outer_fold,inner_fold,hp_name,batch_size,learning_rate,modality_hidden_layers,fusion_hidden_dim,fusion_hidden_layers,dropout,name,val_best_epoch,val_best_LOGLOSS,val_best_AUC,val_best_AUCPR,val_best_ACC,val_best_SEN,val_best_SP,val_best_MCC,seed,missing_location,train_missing_prop
1,1,lr5e-05_bs16_modL1_fusion32_fusionL1_drop0p2_trmiss80_trlocglobal,16,5e-05,1,32,1,0.2,lr5e-05_bs16_modL1_fusion32_fusionL1_drop0p2_trmiss80_trlocglobal,14,0.6689647239964586,0.6680672268907563,0.7685455511172412,0.6222222222222222,0.6071428571428571,0.6470588235294118,0.24655092460104366,22,global,0.8
1,1,lr5e-05_bs16_modL1_fusion32_fusionL1_drop0p1_trmiss80_trlocglobal,16,5e-05,1,32,1,0.1,lr5e-05_bs16_modL1_fusion32_fusionL1_drop0p1_trmiss80_trlocglobal,23,0.7060443781096615,0.5357142857142857,0.666536914202742,0.6,0.7142857142857143,0.4117647058823529,0.12964074471043288,22,global,0.8
1,1,lr5e-05_bs16_modL1_fusion64_fusionL1_drop0p2_trmiss80_trlocglobal,16,5e-05,1,64,1,0.2,lr5e-05_bs16_modL1_fusion64_fusionL1_drop0p2_trmiss80_trlocglobal,32,0.7566287748256985,0.36134453781512604,0.548591146849994,0.37777777777777777,0.32142857142857145,0.47058823529411764,-0.20583232685540795,22,global,0.8
1,1,lr5e-05_bs16_modL1_fusion64_fusionL1_drop0p1_trmiss80_trlocglobal,16,5e-05,1,64,1,0.1,lr5e-05_bs16_modL1_fusion64_fusionL1_drop0p1_trmiss80_trlocglobal,2,0.6446665524605035,0.6680672268907563,0.7916318071521041,0.6666666666666666,0.8571428571428571,0.35294117647058826,0.24499797877501261,22,global,0.8
1,1,lr1e-04_bs16_modL1_fusion32_fusionL1_drop0p2_trmiss80_trlocglobal,16,0.0001,1,32,1,0.2,lr1e-04_bs16_modL1_fusion32_fusionL1_drop0p2_trmiss80_trlocglobal,15,0.7090647564099716,0.6050420168067226,0.6729806060916833,0.6222222222222222,0.6785714285714286,0.5294117647058824,0.20583232685540795,22,global,0.8
1,1,lr1e-04_bs16_modL1_fusion32_fusionL1_drop0p1_trmiss80_trlocglobal,16,0.0001,1,32,1,0.1,lr1e-04_bs16_modL1_fusion32_fusionL1_drop0p1_trmiss80_trlocglobal,13,0.7097360793184926,0.592436974789916,0.7232041935963363,0.5555555555555556,0.42857142857142855,0.7647058823529411,0.1957606330238562,22,global,0.8
1,1,lr1e-04_bs16_modL1_fusion64_fusionL1_drop0p2_trmiss80_trlocglobal,16,0.0001,1,64,1,0.2,lr1e-04_bs16_modL1_fusion64_fusionL1_drop0p2_trmiss80_trlocglobal,3,0.6561649079692333,0.6470588235294117,0.7464117775472494,0.6888888888888889,0.9285714285714286,0.29411764705882354,0.29789387281661134,22,global,0.8
1,1,lr1e-04_bs16_modL1_fusion64_fusionL1_drop0p1_trmiss80_trlocglobal,16,0.0001,1,64,1,0.1,lr1e-04_bs16_modL1_fusion64_fusionL1_drop0p1_trmiss80_trlocglobal,9,0.6658458661915169,0.6722689075630253,0.8241672083919339,0.6222222222222222,0.6785714285714286,0.5294117647058824,0.20583232685540795,22,global,0.8
1,1,lr5e-05_bs32_modL1_fusion32_fusionL1_drop0p2_trmiss80_trlocglobal,32,5e-05,1,32,1,0.2,lr5e-05_bs32_modL1_fusion32_fusionL1_drop0p2_trmiss80_trlocglobal,1,0.707286420134282,0.5084033613445378,0.6738244639682494,0.37777777777777777,0.0,1.0,0.0,22,global,0.8
1,1,lr5e-05_bs32_modL1_fusion32_fusionL1_drop0p1_trmiss80_trlocglobal,32,5e-05,1,32,1,0.1,lr5e-05_bs32_modL1_fusion32_fusionL1_drop0p1_trmiss80_trlocglobal,4,0.7354597283965864,0.6050420168067226,0.7150114583132562,0.37777777777777777,0.0,1.0,0.0,22,global,0.8
1,1,lr5e-05_bs32_modL1_fusion64_fusionL1_drop0p2_trmiss80_trlocglobal,32,5e-05,1,64,1,0.2,lr5e-05_bs32_modL1_fusion64_fusionL1_drop0p2_trmiss80_trlocglobal,8,0.7151404252333232,0.6533613445378152,0.6950266787240882,0.4888888888888889,0.32142857142857145,0.7647058823529411,0.09213692524112937,22,global,0.8
1,1,lr5e-05_bs32_modL1_fusion64_fusionL1_drop0p1_trmiss80_trlocglobal,32,5e-05,1,64,1,0.1,lr5e-05_bs32_modL1_fusion64_fusionL1_drop0p1_trmiss80_trlocglobal,13,0.6647496053646814,0.6218487394957983,0.7676944182134938,0.6444444444444445,0.7857142857142857,0.4117647058823529,0.21124075543088197,22,global,0.8
1,1,lr1e-04_bs32_modL1_fusion32_fusionL1_drop0p2_trmiss80_trlocglobal,32,0.0001,1,32,1,0.2,lr1e-04_bs32_modL1_fusion32_fusionL1_drop0p2_trmiss80_trlocglobal,14,0.6762705373435713,0.5714285714285714,0.6602386969865488,0.6,0.8571428571428571,0.17647058823529413,0.04496511287797907,22,global,0.8
1,1,lr1e-04_bs32_modL1_fusion32_fusionL1_drop0p1_trmiss80_trlocglobal,32,0.0001,1,32,1,0.1,lr1e-04_bs32_modL1_fusion32_fusionL1_drop0p1_trmiss80_trlocglobal,48,0.803888657720215,0.46638655462184875,0.5887599344785983,0.3333333333333333,0.03571428571428571,0.8235294117647058,-0.2398001234375326,22,global,0.8
1,1,lr1e-04_bs32_modL1_fusion64_fusionL1_drop0p2_trmiss80_trlocglobal,32,0.0001,1,64,1,0.2,lr1e-04_bs32_modL1_fusion64_fusionL1_drop0p2_trmiss80_trlocglobal,2,0.6860100657379113,0.5903361344537815,0.7332458491831699,0.6222222222222222,0.7142857142857143,0.47058823529411764,0.18724930115325378,22,global,0.8
1,1,lr1e-04_bs32_modL1_fusion64_fusionL1_drop0p1_trmiss80_trlocglobal,32,0.0001,1,64,1,0.1,lr1e-04_bs32_modL1_fusion64_fusionL1_drop0p1_trmiss80_trlocglobal,6,0.7003190006798455,0.38235294117647056,0.5439672268146791,0.5777777777777777,0.8928571428571429,0.058823529411764705,-0.08231944535915299,22,global,0.8
1,2,lr5e-05_bs16_modL1_fusion32_fusionL1_drop0p2_trmiss80_trlocglobal,16,5e-05,1,32,1,0.2,lr5e-05_bs16_modL1_fusion32_fusionL1_drop0p2_trmiss80_trlocglobal,3,0.718451288073364,0.5336134453781513,0.7013684041305199,0.4444444444444444,0.21428571428571427,0.8235294117647058,0.045834924851410566,22,global,0.8
1,2,lr5e-05_bs16_modL1_fusion32_fusionL1_drop0p1_trmiss80_trlocglobal,16,5e-05,1,32,1,0.1,lr5e-05_bs16_modL1_fusion32_fusionL1_drop0p1_trmiss80_trlocglobal,5,0.6715340356276058,0.6764705882352942,0.7217084944116855,0.5111111111111111,0.39285714285714285,0.7058823529411765,0.10000814947957871,22,global,0.8
1,2,lr5e-05_bs16_modL1_fusion64_fusionL1_drop0p2_trmiss80_trlocglobal,16,5e-05,1,64,1,0.2,lr5e-05_bs16_modL1_fusion64_fusionL1_drop0p2_trmiss80_trlocglobal,1,0.6925980882123731,0.5588235294117647,0.6926705362605695,0.5111111111111111,0.4642857142857143,0.5882352941176471,0.05124500385567424,22,global,0.8
1,2,lr5e-05_bs16_modL1_fusion64_fusionL1_drop0p1_trmiss80_trlocglobal,16,5e-05,1,64,1,0.1,lr5e-05_bs16_modL1_fusion64_fusionL1_drop0p1_trmiss80_trlocglobal,16,0.7196170861711443,0.6449579831932772,0.7495094236273993,0.5333333333333333,0.2857142857142857,0.9411764705882353,0.27500954910846337,22,global,0.8
1,2,lr1e-04_bs16_modL1_fusion32_fusionL1_drop0p2_trmiss80_trlocglobal,16,0.0001,1,32,1,0.2,lr1e-04_bs16_modL1_fusion32_fusionL1_drop0p2_trmiss80_trlocglobal,1,0.690264703811881,0.5063025210084033,0.6756285180641255,0.5333333333333333,0.6071428571428571,0.4117647058823529,0.018712029714127994,22,global,0.8
1,2,lr1e-04_bs16_modL1_fusion32_fusionL1_drop0p1_trmiss80_trlocglobal,16,0.0001,1,32,1,0.1,lr1e-04_bs16_modL1_fusion32_fusionL1_drop0p1_trmiss80_trlocglobal,1,0.6980069352046552,0.8130252100840336,0.8720259991500314,0.4222222222222222,0.07142857142857142,1.0,0.16804523991415918,22,global,0.8
1,2,lr1e-04_bs16_modL1_fusion64_fusionL1_drop0p2_trmiss80_trlocglobal,16,0.0001,1,64,1,0.2,lr1e-04_bs16_modL1_fusion64_fusionL1_drop0p2_trmiss80_trlocglobal,1,0.6910781635289833,0.43067226890756305,0.5806094918883618,0.5333333333333333,0.8214285714285714,0.058823529411764705,-0.17079039800794715,22,global,0.8
1,2,lr1e-04_bs16_modL1_fusion64_fusionL1_drop0p1_trmiss80_trlocglobal,16,0.0001,1,64,1,0.1,lr1e-04_bs16_modL1_fusion64_fusionL1_drop0p1_trmiss80_trlocglobal,26,0.6978653617431912,0.5567226890756303,0.6702412310458473,0.6222222222222222,0.7857142857142857,0.35294117647058826,0.15201724802626507,22,global,0.8
1,2,lr5e-05_bs32_modL1_fusion32_fusionL1_drop0p2_trmiss80_trlocglobal,32,5e-05,1,32,1,0.2,lr5e-05_bs32_modL1_fusion32_fusionL1_drop0p2_trmiss80_trlocglobal,4,0.6780250311618136,0.6764705882352942,0.759293890608178,0.6222222222222222,0.4642857142857143,0.8823529411764706,0.35651204795369046,22,global,0.8
1,2,lr5e-05_bs32_modL1_fusion32_fusionL1_drop0p1_trmiss80_trlocglobal,32,5e-05,1,32,1,0.1,lr5e-05_bs32_modL1_fusion32_fusionL1_drop0p1_trmiss80_trlocglobal,13,0.802867948487564,0.48319327731092443,0.6316358133693124,0.35555555555555557,0.10714285714285714,0.7647058823529411,-0.1714294928472952,22,global,0.8
1,2,lr5e-05_bs32_modL1_fusion64_fusionL1_drop0p2_trmiss80_trlocglobal,32,5e-05,1,64,1,0.2,lr5e-05_bs32_modL1_fusion64_fusionL1_drop0p2_trmiss80_trlocglobal,10,0.6361612105293782,0.6586134453781513,0.7555127140395719,0.6666666666666666,0.9285714285714286,0.23529411764705882,0.23371317622140136,22,global,0.8
1,2,lr5e-05_bs32_modL1_fusion64_fusionL1_drop0p1_trmiss80_trlocglobal,32,5e-05,1,64,1,0.1,lr5e-05_bs32_modL1_fusion64_fusionL1_drop0p1_trmiss80_trlocglobal,1,0.6793792162651454,0.43067226890756305,0.6207592591702961,0.6444444444444445,1.0,0.058823529411764705,0.19347649748797374,22,global,0.8
1,2,lr1e-04_bs32_modL1_fusion32_fusionL1_drop0p2_trmiss80_trlocglobal,32,0.0001,1,32,1,0.2,lr1e-04_bs32_modL1_fusion32_fusionL1_drop0p2_trmiss80_trlocglobal,2,0.6843411367236054,0.4222689075630252,0.6176388563104832,0.5777777777777777,0.9285714285714286,0.0,-0.16804523991415918,22,global,0.8
1,2,lr1e-04_bs32_modL1_fusion32_fusionL1_drop0p1_trmiss80_trlocglobal,32,0.0001,1,32,1,0.1,lr1e-04_bs32_modL1_fusion32_fusionL1_drop0p1_trmiss80_trlocglobal,39,0.6817774519797326,0.5147058823529411,0.6485374708761624,0.5555555555555556,0.8571428571428571,0.058823529411764705,-0.12964074471043288,22,global,0.8
1,2,lr1e-04_bs32_modL1_fusion64_fusionL1_drop0p2_trmiss80_trlocglobal,32,0.0001,1,64,1,0.2,lr1e-04_bs32_modL1_fusion64_fusionL1_drop0p2_trmiss80_trlocglobal,5,0.7236943661057369,0.5168067226890757,0.6652817209014593,0.5111111111111111,0.35714285714285715,0.7647058823529411,0.12760851432412304,22,global,0.8
1,2,lr1e-04_bs32_modL1_fusion64_fusionL1_drop0p1_trmiss80_trlocglobal,32,0.0001,1,64,1,0.1,lr1e-04_bs32_modL1_fusion64_fusionL1_drop0p1_trmiss80_trlocglobal,12,0.7171190413675398,0.5735294117647058,0.6648587029025298,0.5555555555555556,0.5357142857142857,0.5882352941176471,0.12021904587984773,22,global,0.8
1,3,lr5e-05_bs16_modL1_fusion32_fusionL1_drop0p2_trmiss80_trlocglobal,16,5e-05,1,32,1,0.2,lr5e-05_bs16_modL1_fusion32_fusionL1_drop0p2_trmiss80_trlocglobal,1,0.695035267531484,0.43965517241379315,0.584216248786657,0.5111111111111111,0.6896551724137931,0.1875,-0.1329744713520154,22,global,0.8
1,3,lr5e-05_bs16_modL1_fusion32_fusionL1_drop0p1_trmiss80_trlocglobal,16,5e-05,1,32,1,0.1,lr5e-05_bs16_modL1_fusion32_fusionL1_drop0p1_trmiss80_trlocglobal,4,0.6930206175647476,0.48060344827586204,0.6897114092975288,0.5555555555555556,0.7931034482758621,0.125,-0.10253656179688207,22,global,0.8
1,3,lr5e-05_bs16_modL1_fusion64_fusionL1_drop0p2_trmiss80_trlocglobal,16,5e-05,1,64,1,0.2,lr5e-05_bs16_modL1_fusion64_fusionL1_drop0p2_trmiss80_trlocglobal,29,0.7497968618830851,0.584051724137931,0.7380774300638364,0.37777777777777777,0.034482758620689655,1.0,0.11197850219117086,22,global,0.8
1,3,lr5e-05_bs16_modL1_fusion64_fusionL1_drop0p1_trmiss80_trlocglobal,16,5e-05,1,64,1,0.1,lr5e-05_bs16_modL1_fusion64_fusionL1_drop0p1_trmiss80_trlocglobal,2,0.6966851856327126,0.5387931034482759,0.7082793441118597,0.4444444444444444,0.27586206896551724,0.75,0.027994625547792713,22,global,0.8
1,3,lr1e-04_bs16_modL1_fusion32_fusionL1_drop0p2_trmiss80_trlocglobal,16,0.0001,1,32,1,0.2,lr1e-04_bs16_modL1_fusion32_fusionL1_drop0p2_trmiss80_trlocglobal,3,0.7235430502338253,0.6056034482758621,0.7380746221732941,0.4888888888888889,0.27586206896551724,0.875,0.1737020834449128,22,global,0.8
1,3,lr1e-04_bs16_modL1_fusion32_fusionL1_drop0p1_trmiss80_trlocglobal,16,0.0001,1,32,1,0.1,lr1e-04_bs16_modL1_fusion32_fusionL1_drop0p1_trmiss80_trlocglobal,16,0.6411053907034806,0.6681034482758621,0.808387413551996,0.6666666666666666,0.6896551724137931,0.625,0.30495123115910355,22,global,0.8
1,3,lr1e-04_bs16_modL1_fusion64_fusionL1_drop0p2_trmiss80_trlocglobal,16,0.0001,1,64,1,0.2,lr1e-04_bs16_modL1_fusion64_fusionL1_drop0p2_trmiss80_trlocglobal,18,0.7058552561265363,0.5107758620689655,0.6527116899970677,0.4888888888888889,0.5862068965517241,0.3125,-0.10000814947957871,22,global,0.8
1,3,lr1e-04_bs16_modL1_fusion64_fusionL1_drop0p1_trmiss80_trlocglobal,16,0.0001,1,64,1,0.1,lr1e-04_bs16_modL1_fusion64_fusionL1_drop0p1_trmiss80_trlocglobal,16,0.6270995406913416,0.6745689655172414,0.7271936698237089,0.7333333333333333,1.0,0.25,0.42051072316016264,22,global,0.8
1,3,lr5e-05_bs32_modL1_fusion32_fusionL1_drop0p2_trmiss80_trlocglobal,32,5e-05,1,32,1,0.2,lr5e-05_bs32_modL1_fusion32_fusionL1_drop0p2_trmiss80_trlocglobal,3,0.6660158449223186,0.646551724137931,0.7773229488971904,0.6666666666666666,0.9310344827586207,0.1875,0.1805463451821185,22,global,0.8
1,3,lr5e-05_bs32_modL1_fusion32_fusionL1_drop0p1_trmiss80_trlocglobal,32,5e-05,1,32,1,0.1,lr5e-05_bs32_modL1_fusion32_fusionL1_drop0p1_trmiss80_trlocglobal,4,0.72021294815984,0.5258620689655172,0.7093012487391356,0.4222222222222222,0.13793103448275862,0.9375,0.11489312875225723,22,global,0.8
1,3,lr5e-05_bs32_modL1_fusion64_fusionL1_drop0p2_trmiss80_trlocglobal,32,5e-05,1,64,1,0.2,lr5e-05_bs32_modL1_fusion64_fusionL1_drop0p2_trmiss80_trlocglobal,1,0.7009082908522486,0.5280172413793103,0.6653727030331242,0.4,0.1724137931034483,0.8125,-0.018888314015215117,22,global,0.8
1,3,lr5e-05_bs32_modL1_fusion64_fusionL1_drop0p1_trmiss80_trlocglobal,32,5e-05,1,64,1,0.1,lr5e-05_bs32_modL1_fusion64_fusionL1_drop0p1_trmiss80_trlocglobal,1,0.6957329886754532,0.40948275862068967,0.6017479167341573,0.4666666666666667,0.5517241379310345,0.3125,-0.1326671576263081,22,global,0.8
1,3,lr1e-04_bs32_modL1_fusion32_fusionL1_drop0p2_trmiss80_trlocglobal,32,0.0001,1,32,1,0.2,lr1e-04_bs32_modL1_fusion32_fusionL1_drop0p2_trmiss80_trlocglobal,2,0.6836679834719358,0.5,0.6414918483211411,0.5777777777777777,0.8620689655172413,0.0625,-0.11489312875225723,22,global,0.8
1,3,lr1e-04_bs32_modL1_fusion32_fusionL1_drop0p1_trmiss80_trlocglobal,32,0.0001,1,32,1,0.1,lr1e-04_bs32_modL1_fusion32_fusionL1_drop0p1_trmiss80_trlocglobal,5,0.6742551656031602,0.7004310344827587,0.7650532402278769,0.6222222222222222,0.5517241379310345,0.75,0.2906591794880899,22,global,0.8
1,3,lr1e-04_bs32_modL1_fusion64_fusionL1_drop0p2_trmiss80_trlocglobal,32,0.0001,1,64,1,0.2,lr1e-04_bs32_modL1_fusion64_fusionL1_drop0p2_trmiss80_trlocglobal,11,0.6596130953595065,0.5474137931034483,0.6366500950630289,0.7555555555555555,0.9655172413793104,0.375,0.44973561213149393,22,global,0.8
1,3,lr1e-04_bs32_modL1_fusion64_fusionL1_drop0p1_trmiss80_trlocglobal,32,0.0001,1,64,1,0.1,lr1e-04_bs32_modL1_fusion64_fusionL1_drop0p1_trmiss80_trlocglobal,28,0.7066661102424087,0.5431034482758621,0.6826098806201382,0.5555555555555556,0.6206896551724138,0.4375,0.05685735326841775,22,global,0.8
1,4,lr5e-05_bs16_modL1_fusion32_fusionL1_drop0p2_trmiss80_trlocglobal,16,5e-05,1,32,1,0.2,lr5e-05_bs16_modL1_fusion32_fusionL1_drop0p2_trmiss80_trlocglobal,7,0.6946360410848239,0.6045258620689655,0.7394517224468338,0.5777777777777777,0.6206896551724138,0.5,0.11696759551308082,22,global,0.8
1,4,lr5e-05_bs16_modL1_fusion32_fusionL1_drop0p1_trmiss80_trlocglobal,16,5e-05,1,32,1,0.1,lr5e-05_bs16_modL1_fusion32_fusionL1_drop0p1_trmiss80_trlocglobal,13,0.7456169475124502,0.5549568965517241,0.6585560381520553,0.35555555555555557,0.13793103448275862,0.75,-0.1403131898273123,22,global,0.8
1,4,lr5e-05_bs16_modL1_fusion64_fusionL1_drop0p2_trmiss80_trlocglobal,16,5e-05,1,64,1,0.2,lr5e-05_bs16_modL1_fusion64_fusionL1_drop0p2_trmiss80_trlocglobal,22,0.6868003334246208,0.6842672413793103,0.7674166426459907,0.7111111111111111,0.7586206896551724,0.625,0.37875426824180874,22,global,0.8
1,4,lr5e-05_bs16_modL1_fusion64_fusionL1_drop0p1_trmiss80_trlocglobal,16,5e-05,1,64,1,0.1,lr5e-05_bs16_modL1_fusion64_fusionL1_drop0p1_trmiss80_trlocglobal,40,0.6566108057046398,0.7101293103448276,0.8078881665843889,0.6,0.6206896551724138,0.5625,0.17647164468919743,22,global,0.8
1,4,lr1e-04_bs16_modL1_fusion32_fusionL1_drop0p2_trmiss80_trlocglobal,16,0.0001,1,32,1,0.2,lr1e-04_bs16_modL1_fusion32_fusionL1_drop0p2_trmiss80_trlocglobal,45,0.652506572999682,0.6066810344827586,0.7238931165193313,0.6222222222222222,0.8620689655172413,0.1875,0.06546784227230608,22,global,0.8
1,4,lr1e-04_bs16_modL1_fusion32_fusionL1_drop0p1_trmiss80_trlocglobal,16,0.0001,1,32,1,0.1,lr1e-04_bs16_modL1_fusion32_fusionL1_drop0p1_trmiss80_trlocglobal,13,0.6579206530184962,0.5872844827586208,0.6812561178160147,0.6444444444444445,0.7931034482758621,0.375,0.18196506606065263,22,global,0.8
1,4,lr1e-04_bs16_modL1_fusion64_fusionL1_drop0p2_trmiss80_trlocglobal,16,0.0001,1,64,1,0.2,lr1e-04_bs16_modL1_fusion64_fusionL1_drop0p2_trmiss80_trlocglobal,1,0.6873197958869012,0.6303879310344828,0.7535752814560974,0.6,0.5517241379310345,0.6875,0.22953489598077764,22,global,0.8
1,4,lr1e-04_bs16_modL1_fusion64_fusionL1_drop0p1_trmiss80_trlocglobal,16,0.0001,1,64,1,0.1,lr1e-04_bs16_modL1_fusion64_fusionL1_drop0p1_trmiss80_trlocglobal,4,0.69845117823363,0.5743534482758621,0.6992900486821586,0.5333333333333333,0.4482758620689655,0.6875,0.1326671576263081,22,global,0.8
1,4,lr5e-05_bs32_modL1_fusion32_fusionL1_drop0p2_trmiss80_trlocglobal,32,5e-05,1,32,1,0.2,lr5e-05_bs32_modL1_fusion32_fusionL1_drop0p2_trmiss80_trlocglobal,24,0.6822190902449824,0.5484913793103449,0.6951487488686913,0.5555555555555556,0.6551724137931034,0.375,0.03017241379310345,22,global,0.8
1,4,lr5e-05_bs32_modL1_fusion32_fusionL1_drop0p1_trmiss80_trlocglobal,32,5e-05,1,32,1,0.1,lr5e-05_bs32_modL1_fusion32_fusionL1_drop0p1_trmiss80_trlocglobal,22,0.7542326967131671,0.6109913793103448,0.7341571542564249,0.4,0.13793103448275862,0.875,0.018208926018230744,22,global,0.8
1,4,lr5e-05_bs32_modL1_fusion64_fusionL1_drop0p2_trmiss80_trlocglobal,32,5e-05,1,64,1,0.2,lr5e-05_bs32_modL1_fusion64_fusionL1_drop0p2_trmiss80_trlocglobal,62,0.6959895111943859,0.5765086206896552,0.6802211366287509,0.6666666666666666,0.7931034482758621,0.4375,0.2435443854938362,22,global,0.8
1,4,lr5e-05_bs32_modL1_fusion64_fusionL1_drop0p1_trmiss80_trlocglobal,32,5e-05,1,64,1,0.1,lr5e-05_bs32_modL1_fusion64_fusionL1_drop0p1_trmiss80_trlocglobal,29,0.7080829037510061,0.5420258620689654,0.6870461283232431,0.5333333333333333,0.4827586206896552,0.625,0.10380684981717496,22,global,0.8
1,4,lr1e-04_bs32_modL1_fusion32_fusionL1_drop0p2_trmiss80_trlocglobal,32,0.0001,1,32,1,0.2,lr1e-04_bs32_modL1_fusion32_fusionL1_drop0p2_trmiss80_trlocglobal,23,0.6464442623220398,0.634698275862069,0.7222170657270556,0.6444444444444445,0.8620689655172413,0.25,0.1403131898273123,22,global,0.8
1,4,lr1e-04_bs32_modL1_fusion32_fusionL1_drop0p1_trmiss80_trlocglobal,32,0.0001,1,32,1,0.1,lr1e-04_bs32_modL1_fusion32_fusionL1_drop0p1_trmiss80_trlocglobal,2,0.6863357685895463,0.7144396551724138,0.8136430540210674,0.5333333333333333,0.3448275862068966,0.875,0.23795431715623805,22,global,0.8
1,4,lr1e-04_bs32_modL1_fusion64_fusionL1_drop0p2_trmiss80_trlocglobal,32,0.0001,1,64,1,0.2,lr1e-04_bs32_modL1_fusion64_fusionL1_drop0p2_trmiss80_trlocglobal,19,0.6709229857247666,0.6174568965517241,0.7180734961091059,0.6222222222222222,0.8275862068965517,0.25,0.09284766908852593,22,global,0.8
1,4,lr1e-04_bs32_modL1_fusion64_fusionL1_drop0p1_trmiss80_trlocglobal,32,0.0001,1,64,1,0.1,lr1e-04_bs32_modL1_fusion64_fusionL1_drop0p1_trmiss80_trlocglobal,9,0.7167465979877747,0.4752155172413793,0.6575780061563193,0.4444444444444444,0.4827586206896552,0.375,-0.13648020842100292,22,global,0.8
1,5,lr5e-05_bs16_modL1_fusion32_fusionL1_drop0p2_trmiss80_trlocglobal,16,5e-05,1,32,1,0.2,lr5e-05_bs16_modL1_fusion32_fusionL1_drop0p2_trmiss80_trlocglobal,9,0.7398399208445857,0.5043103448275863,0.6939621220624617,0.4666666666666667,0.2413793103448276,0.875,0.1392715036327889,22,global,0.8
1,5,lr5e-05_bs16_modL1_fusion32_fusionL1_drop0p1_trmiss80_trlocglobal,16,5e-05,1,32,1,0.1,lr5e-05_bs16_modL1_fusion32_fusionL1_drop0p1_trmiss80_trlocglobal,16,0.6826133406528273,0.5862068965517242,0.7232258042428636,0.5333333333333333,0.5172413793103449,0.5625,0.07636027352292271,22,global,0.8
1,5,lr5e-05_bs16_modL1_fusion64_fusionL1_drop0p2_trmiss80_trlocglobal,16,5e-05,1,64,1,0.2,lr5e-05_bs16_modL1_fusion64_fusionL1_drop0p2_trmiss80_trlocglobal,23,0.7315464870484376,0.4073275862068965,0.632290916193969,0.37777777777777777,0.4482758620689655,0.25,-0.2906591794880899,22,global,0.8
1,5,lr5e-05_bs16_modL1_fusion64_fusionL1_drop0p1_trmiss80_trlocglobal,16,5e-05,1,64,1,0.1,lr5e-05_bs16_modL1_fusion64_fusionL1_drop0p1_trmiss80_trlocglobal,14,0.7311802413185875,0.4073275862068965,0.5864521701692968,0.4888888888888889,0.5862068965517241,0.3125,-0.10000814947957871,22,global,0.8
1,5,lr1e-04_bs16_modL1_fusion32_fusionL1_drop0p2_trmiss80_trlocglobal,16,0.0001,1,32,1,0.2,lr1e-04_bs16_modL1_fusion32_fusionL1_drop0p2_trmiss80_trlocglobal,24,0.723896088877952,0.5150862068965517,0.6736953982927779,0.5333333333333333,0.4482758620689655,0.6875,0.1326671576263081,22,global,0.8
1,5,lr1e-04_bs16_modL1_fusion32_fusionL1_drop0p1_trmiss80_trlocglobal,16,0.0001,1,32,1,0.1,lr1e-04_bs16_modL1_fusion32_fusionL1_drop0p1_trmiss80_trlocglobal,12,0.698947413331175,0.49353448275862066,0.714051095464462,0.5555555555555556,0.7241379310344828,0.25,-0.027994625547792713,22,global,0.8
1,5,lr1e-04_bs16_modL1_fusion64_fusionL1_drop0p2_trmiss80_trlocglobal,16,0.0001,1,64,1,0.2,lr1e-04_bs16_modL1_fusion64_fusionL1_drop0p2_trmiss80_trlocglobal,1,0.704861129123837,0.3060344827586207,0.5693261471503084,0.4222222222222222,0.5862068965517241,0.125,-0.29860765938669176,22,global,0.8
1,5,lr1e-04_bs16_modL1_fusion64_fusionL1_drop0p1_trmiss80_trlocglobal,16,0.0001,1,64,1,0.1,lr1e-04_bs16_modL1_fusion64_fusionL1_drop0p1_trmiss80_trlocglobal,1,0.702159199551329,0.6185344827586208,0.801459563947581,0.4888888888888889,0.20689655172413793,1.0,0.2913428162916919,22,global,0.8
1,5,lr5e-05_bs32_modL1_fusion32_fusionL1_drop0p2_trmiss80_trlocglobal,32,5e-05,1,32,1,0.2,lr5e-05_bs32_modL1_fusion32_fusionL1_drop0p2_trmiss80_trlocglobal,6,0.6655327704271686,0.6939655172413793,0.8440665048903564,0.6222222222222222,0.6551724137931034,0.5625,0.2109594133360922,22,global,0.8
1,5,lr5e-05_bs32_modL1_fusion32_fusionL1_drop0p1_trmiss80_trlocglobal,32,5e-05,1,32,1,0.1,lr5e-05_bs32_modL1_fusion32_fusionL1_drop0p1_trmiss80_trlocglobal,14,0.6727159548844276,0.47629310344827586,0.7069424916562371,0.6,0.9310344827586207,0.0,-0.16019234629265466,22,global,0.8
1,5,lr5e-05_bs32_modL1_fusion64_fusionL1_drop0p2_trmiss80_trlocglobal,32,5e-05,1,64,1,0.2,lr5e-05_bs32_modL1_fusion64_fusionL1_drop0p2_trmiss80_trlocglobal,1,0.7291909720976391,0.5,0.7001588615780576,0.35555555555555557,0.0,1.0,0.0,22,global,0.8
1,5,lr5e-05_bs32_modL1_fusion64_fusionL1_drop0p1_trmiss80_trlocglobal,32,5e-05,1,64,1,0.1,lr5e-05_bs32_modL1_fusion64_fusionL1_drop0p1_trmiss80_trlocglobal,1,0.6889548035489264,0.752155172413793,0.7698986724693572,0.6666666666666666,0.5517241379310345,0.875,0.41695392396839687,22,global,0.8
1,5,lr1e-04_bs32_modL1_fusion32_fusionL1_drop0p2_trmiss80_trlocglobal,32,0.0001,1,32,1,0.2,lr1e-04_bs32_modL1_fusion32_fusionL1_drop0p2_trmiss80_trlocglobal,1,0.6957346847296944,0.709051724137931,0.8646622151273067,0.4666666666666667,0.1724137931034483,1.0,0.2626128657194451,22,global,0.8
1,5,lr1e-04_bs32_modL1_fusion32_fusionL1_drop0p1_trmiss80_trlocglobal,32,0.0001,1,32,1,0.1,lr1e-04_bs32_modL1_fusion32_fusionL1_drop0p1_trmiss80_trlocglobal,15,0.6505932751092577,0.5366379310344828,0.6788128583038759,0.6666666666666666,1.0,0.0625,0.2029610352214972,22,global,0.8
1,5,lr1e-04_bs32_modL1_fusion64_fusionL1_drop0p2_trmiss80_trlocglobal,32,0.0001,1,64,1,0.2,lr1e-04_bs32_modL1_fusion64_fusionL1_drop0p2_trmiss80_trlocglobal,10,0.6691467889738978,0.5344827586206897,0.734093739732123,0.5777777777777777,0.7931034482758621,0.1875,-0.023211917272131483,22,global,0.8
1,5,lr1e-04_bs32_modL1_fusion64_fusionL1_drop0p1_trmiss80_trlocglobal,32,0.0001,1,64,1,0.1,lr1e-04_bs32_modL1_fusion64_fusionL1_drop0p1_trmiss80_trlocglobal,1,0.6803548690602695,0.6163793103448275,0.7546087495879109,0.6444444444444445,0.8620689655172413,0.25,0.1403131898273123,22,global,0.8
2,1,lr5e-05_bs16_modL1_fusion32_fusionL1_drop0p2_trmiss80_trlocglobal,16,5e-05,1,32,1,0.2,lr5e-05_bs16_modL1_fusion32_fusionL1_drop0p2_trmiss80_trlocglobal,12,0.7443094634831307,0.476890756302521,0.6660737842823609,0.5555555555555556,0.4642857142857143,0.7058823529411765,0.16840826742715195,22,global,0.8
2,1,lr5e-05_bs16_modL1_fusion32_fusionL1_drop0p1_trmiss80_trlocglobal,16,5e-05,1,32,1,0.1,lr5e-05_bs16_modL1_fusion32_fusionL1_drop0p1_trmiss80_trlocglobal,30,0.7300607347322535,0.4432773109243698,0.5704615298484839,0.5555555555555556,0.8928571428571429,0.0,-0.20824828195876074,22,global,0.8
2,1,lr5e-05_bs16_modL1_fusion64_fusionL1_drop0p2_trmiss80_trlocglobal,16,5e-05,1,64,1,0.2,lr5e-05_bs16_modL1_fusion64_fusionL1_drop0p2_trmiss80_trlocglobal,6,0.6852106115188861,0.5567226890756303,0.6936663229108967,0.5777777777777777,0.7142857142857143,0.35294117647058826,0.07040469755813684,22,global,0.8
2,1,lr5e-05_bs16_modL1_fusion64_fusionL1_drop0p1_trmiss80_trlocglobal,16,5e-05,1,64,1,0.1,lr5e-05_bs16_modL1_fusion64_fusionL1_drop0p1_trmiss80_trlocglobal,16,0.6083623963480623,0.7563025210084033,0.8257262398215307,0.7555555555555555,0.9285714285714286,0.47058823529411764,0.465496159672524,22,global,0.8
2,1,lr1e-04_bs16_modL1_fusion32_fusionL1_drop0p2_trmiss80_trlocglobal,16,0.0001,1,32,1,0.2,lr1e-04_bs16_modL1_fusion32_fusionL1_drop0p2_trmiss80_trlocglobal,18,0.6512938159559407,0.6428571428571428,0.7398851369724049,0.6444444444444445,0.9642857142857143,0.11764705882352941,0.1592486862037582,22,global,0.8
2,1,lr1e-04_bs16_modL1_fusion32_fusionL1_drop0p1_trmiss80_trlocglobal,16,0.0001,1,32,1,0.1,lr1e-04_bs16_modL1_fusion32_fusionL1_drop0p1_trmiss80_trlocglobal,40,0.718703929357325,0.4684873949579832,0.6392801036001774,0.5333333333333333,0.5357142857142857,0.5294117647058824,0.06316593936059796,22,global,0.8
2,1,lr1e-04_bs16_modL1_fusion64_fusionL1_drop0p2_trmiss80_trlocglobal,16,0.0001,1,64,1,0.2,lr1e-04_bs16_modL1_fusion64_fusionL1_drop0p2_trmiss80_trlocglobal,24,0.6400522148568704,0.7352941176470589,0.7887446870947762,0.7111111111111111,0.8214285714285714,0.5294117647058824,0.36742451538152665,22,global,0.8
2,1,lr1e-04_bs16_modL1_fusion64_fusionL1_drop0p1_trmiss80_trlocglobal,16,0.0001,1,64,1,0.1,lr1e-04_bs16_modL1_fusion64_fusionL1_drop0p1_trmiss80_trlocglobal,21,0.6682899206993352,0.5609243697478992,0.6444981488570175,0.6444444444444445,0.9285714285714286,0.17647058823529413,0.1620509308880411,22,global,0.8
2,1,lr5e-05_bs32_modL1_fusion32_fusionL1_drop0p2_trmiss80_trlocglobal,32,5e-05,1,32,1,0.2,lr5e-05_bs32_modL1_fusion32_fusionL1_drop0p2_trmiss80_trlocglobal,27,0.6556215366826617,0.6092436974789917,0.7181577252007978,0.6,0.7142857142857143,0.4117647058823529,0.12964074471043288,22,global,0.8
2,1,lr5e-05_bs32_modL1_fusion32_fusionL1_drop0p1_trmiss80_trlocglobal,32,5e-05,1,32,1,0.1,lr5e-05_bs32_modL1_fusion32_fusionL1_drop0p1_trmiss80_trlocglobal,23,0.728718041324745,0.6134453781512605,0.7670028079009877,0.4666666666666667,0.2857142857142857,0.7647058823529411,0.0552789992822782,22,global,0.8
2,1,lr5e-05_bs32_modL1_fusion64_fusionL1_drop0p2_trmiss80_trlocglobal,32,5e-05,1,64,1,0.2,lr5e-05_bs32_modL1_fusion64_fusionL1_drop0p2_trmiss80_trlocglobal,15,0.7371970457216026,0.41596638655462187,0.5726374707041482,0.4888888888888889,0.6428571428571429,0.23529411764705882,-0.12760851432412304,22,global,0.8
2,1,lr5e-05_bs32_modL1_fusion64_fusionL1_drop0p1_trmiss80_trlocglobal,32,5e-05,1,64,1,0.1,lr5e-05_bs32_modL1_fusion64_fusionL1_drop0p1_trmiss80_trlocglobal,35,0.7241623088482658,0.44117647058823534,0.5894915128182571,0.4888888888888889,0.6785714285714286,0.17647058823529413,-0.15892712293654984,22,global,0.8
2,1,lr1e-04_bs32_modL1_fusion32_fusionL1_drop0p2_trmiss80_trlocglobal,32,0.0001,1,32,1,0.2,lr1e-04_bs32_modL1_fusion32_fusionL1_drop0p2_trmiss80_trlocglobal,22,0.7094403045600834,0.5903361344537815,0.6860484338962894,0.4444444444444444,0.21428571428571427,0.8235294117647058,0.045834924851410566,22,global,0.8
2,1,lr1e-04_bs32_modL1_fusion32_fusionL1_drop0p1_trmiss80_trlocglobal,32,0.0001,1,32,1,0.1,lr1e-04_bs32_modL1_fusion32_fusionL1_drop0p1_trmiss80_trlocglobal,13,0.7039174894297094,0.6197478991596639,0.7000816044268158,0.4888888888888889,0.32142857142857145,0.7647058823529411,0.09213692524112937,22,global,0.8
2,1,lr1e-04_bs32_modL1_fusion64_fusionL1_drop0p2_trmiss80_trlocglobal,32,0.0001,1,64,1,0.2,lr1e-04_bs32_modL1_fusion64_fusionL1_drop0p2_trmiss80_trlocglobal,5,0.6855768831335661,0.5651260504201681,0.6847727977921069,0.5777777777777777,0.6071428571428571,0.5294117647058824,0.13323701002475302,22,global,0.8
2,1,lr1e-04_bs32_modL1_fusion64_fusionL1_drop0p1_trmiss80_trlocglobal,32,0.0001,1,64,1,0.1,lr1e-04_bs32_modL1_fusion64_fusionL1_drop0p1_trmiss80_trlocglobal,2,0.659383091848432,0.7121848739495797,0.7984733855239368,0.6666666666666666,1.0,0.11764705882352941,0.2767803951527327,22,global,0.8
2,2,lr5e-05_bs16_modL1_fusion32_fusionL1_drop0p2_trmiss80_trlocglobal,16,5e-05,1,32,1,0.2,lr5e-05_bs16_modL1_fusion32_fusionL1_drop0p2_trmiss80_trlocglobal,1,0.6791102445339495,0.6617647058823528,0.7817049723152778,0.6222222222222222,0.6785714285714286,0.5294117647058824,0.20583232685540795,22,global,0.8
2,2,lr5e-05_bs16_modL1_fusion32_fusionL1_drop0p1_trmiss80_trlocglobal,16,5e-05,1,32,1,0.1,lr5e-05_bs16_modL1_fusion32_fusionL1_drop0p1_trmiss80_trlocglobal,1,0.7005198488732166,0.47268907563025214,0.6216481941023752,0.4,0.21428571428571427,0.7058823529411765,-0.0900625665675425,22,global,0.8
2,2,lr5e-05_bs16_modL1_fusion64_fusionL1_drop0p2_trmiss80_trlocglobal,16,5e-05,1,64,1,0.2,lr5e-05_bs16_modL1_fusion64_fusionL1_drop0p2_trmiss80_trlocglobal,1,0.6732048349484983,0.53781512605042,0.6866469032969628,0.6222222222222222,1.0,0.0,0.0,22,global,0.8
2,2,lr5e-05_bs16_modL1_fusion64_fusionL1_drop0p1_trmiss80_trlocglobal,16,5e-05,1,64,1,0.1,lr5e-05_bs16_modL1_fusion64_fusionL1_drop0p1_trmiss80_trlocglobal,45,0.7451738107552526,0.47478991596638653,0.6416146148061236,0.4222222222222222,0.17857142857142858,0.8235294117647058,0.0026641008929884397,22,global,0.8
2,2,lr1e-04_bs16_modL1_fusion32_fusionL1_drop0p2_trmiss80_trlocglobal,16,0.0001,1,32,1,0.2,lr1e-04_bs16_modL1_fusion32_fusionL1_drop0p2_trmiss80_trlocglobal,6,0.7288788253335421,0.4558823529411765,0.6170100012452209,0.4666666666666667,0.42857142857142855,0.5294117647058824,-0.04099600308453939,22,global,0.8
2,2,lr1e-04_bs16_modL1_fusion32_fusionL1_drop0p1_trmiss80_trlocglobal,16,0.0001,1,32,1,0.1,lr1e-04_bs16_modL1_fusion32_fusionL1_drop0p1_trmiss80_trlocglobal,3,0.7324608353987349,0.4201680672268908,0.5828045136444462,0.4222222222222222,0.4642857142857143,0.35294117647058826,-0.17762353461188415,22,global,0.8
2,2,lr1e-04_bs16_modL1_fusion64_fusionL1_drop0p2_trmiss80_trlocglobal,16,0.0001,1,64,1,0.2,lr1e-04_bs16_modL1_fusion64_fusionL1_drop0p2_trmiss80_trlocglobal,6,0.6688603180148328,0.5840336134453782,0.6826931044183205,0.6222222222222222,0.8214285714285714,0.29411764705882354,0.13474888832625695,22,global,0.8
2,2,lr1e-04_bs16_modL1_fusion64_fusionL1_drop0p1_trmiss80_trlocglobal,16,0.0001,1,64,1,0.1,lr1e-04_bs16_modL1_fusion64_fusionL1_drop0p1_trmiss80_trlocglobal,10,0.6457486613770208,0.6197478991596639,0.756784753945431,0.5555555555555556,0.7142857142857143,0.29411764705882354,0.008988968316207744,22,global,0.8
2,2,lr5e-05_bs32_modL1_fusion32_fusionL1_drop0p2_trmiss80_trlocglobal,32,5e-05,1,32,1,0.2,lr5e-05_bs32_modL1_fusion32_fusionL1_drop0p2_trmiss80_trlocglobal,41,0.7265976154902938,0.3634453781512605,0.5605168484501729,0.4888888888888889,0.7857142857142857,0.0,-0.3056249227510633,22,global,0.8
2,2,lr5e-05_bs32_modL1_fusion32_fusionL1_drop0p1_trmiss80_trlocglobal,32,5e-05,1,32,1,0.1,lr5e-05_bs32_modL1_fusion32_fusionL1_drop0p1_trmiss80_trlocglobal,1,0.6835393039701354,0.5714285714285714,0.6582977037727065,0.6444444444444445,0.9642857142857143,0.11764705882352941,0.1592486862037582,22,global,0.8
2,2,lr5e-05_bs32_modL1_fusion64_fusionL1_drop0p2_trmiss80_trlocglobal,32,5e-05,1,64,1,0.2,lr5e-05_bs32_modL1_fusion64_fusionL1_drop0p2_trmiss80_trlocglobal,30,0.747141592662271,0.4579831932773109,0.5792669173649674,0.37777777777777777,0.21428571428571427,0.6470588235294118,-0.15201724802626507,22,global,0.8
2,2,lr5e-05_bs32_modL1_fusion64_fusionL1_drop0p1_trmiss80_trlocglobal,32,5e-05,1,64,1,0.1,lr5e-05_bs32_modL1_fusion64_fusionL1_drop0p1_trmiss80_trlocglobal,1,0.6778435940179961,0.4852941176470588,0.6281916838699402,0.6222222222222222,1.0,0.0,0.0,22,global,0.8
2,2,lr1e-04_bs32_modL1_fusion32_fusionL1_drop0p2_trmiss80_trlocglobal,32,0.0001,1,32,1,0.2,lr1e-04_bs32_modL1_fusion32_fusionL1_drop0p2_trmiss80_trlocglobal,9,0.7059418626829462,0.6491596638655462,0.7603176919848117,0.4666666666666667,0.25,0.8235294117647058,0.08574929257125442,22,global,0.8
2,2,lr1e-04_bs32_modL1_fusion32_fusionL1_drop0p1_trmiss80_trlocglobal,32,0.0001,1,32,1,0.1,lr1e-04_bs32_modL1_fusion32_fusionL1_drop0p1_trmiss80_trlocglobal,1,0.6876256115836518,0.7794117647058824,0.8540788147034847,0.7333333333333333,0.75,0.7058823529411765,0.44749973557143996,22,global,0.8
2,2,lr1e-04_bs32_modL1_fusion64_fusionL1_drop0p2_trmiss80_trlocglobal,32,0.0001,1,64,1,0.2,lr1e-04_bs32_modL1_fusion64_fusionL1_drop0p2_trmiss80_trlocglobal,6,0.6794162732730381,0.5756302521008404,0.6548219398205156,0.6,0.75,0.35294117647058826,0.11011486187354486,22,global,0.8
2,2,lr1e-04_bs32_modL1_fusion64_fusionL1_drop0p1_trmiss80_trlocglobal,32,0.0001,1,64,1,0.1,lr1e-04_bs32_modL1_fusion64_fusionL1_drop0p1_trmiss80_trlocglobal,16,0.6900775933525943,0.5441176470588235,0.6870973539374297,0.4888888888888889,0.6428571428571429,0.23529411764705882,-0.12760851432412304,22,global,0.8
2,3,lr5e-05_bs16_modL1_fusion32_fusionL1_drop0p2_trmiss80_trlocglobal,16,5e-05,1,32,1,0.2,lr5e-05_bs16_modL1_fusion32_fusionL1_drop0p2_trmiss80_trlocglobal,1,0.7220175999321583,0.6260775862068966,0.7682059256009242,0.35555555555555557,0.0,1.0,0.0,22,global,0.8
2,3,lr5e-05_bs16_modL1_fusion32_fusionL1_drop0p1_trmiss80_trlocglobal,16,5e-05,1,32,1,0.1,lr5e-05_bs16_modL1_fusion32_fusionL1_drop0p1_trmiss80_trlocglobal,1,0.6937597893521581,0.5398706896551724,0.6662571922340417,0.5555555555555556,0.4827586206896552,0.6875,0.1650078579559533,22,global,0.8
2,3,lr5e-05_bs16_modL1_fusion64_fusionL1_drop0p2_trmiss80_trlocglobal,16,5e-05,1,64,1,0.2,lr5e-05_bs16_modL1_fusion64_fusionL1_drop0p2_trmiss80_trlocglobal,1,0.6992665011056388,0.5140086206896552,0.6687682412548311,0.4222222222222222,0.3103448275862069,0.625,-0.06565321642986127,22,global,0.8
2,3,lr5e-05_bs16_modL1_fusion64_fusionL1_drop0p1_trmiss80_trlocglobal,16,5e-05,1,64,1,0.1,lr5e-05_bs16_modL1_fusion64_fusionL1_drop0p1_trmiss80_trlocglobal,21,0.7290009673800556,0.4859913793103448,0.6598540261997612,0.4666666666666667,0.4482758620689655,0.5,-0.049629166698546515,22,global,0.8
2,3,lr1e-04_bs16_modL1_fusion32_fusionL1_drop0p2_trmiss80_trlocglobal,16,0.0001,1,32,1,0.2,lr1e-04_bs16_modL1_fusion32_fusionL1_drop0p2_trmiss80_trlocglobal,50,0.6219036125796857,0.6928879310344828,0.8040667125770123,0.6,0.5172413793103449,0.75,0.25899967577896466,22,global,0.8
2,3,lr1e-04_bs16_modL1_fusion32_fusionL1_drop0p1_trmiss80_trlocglobal,16,0.0001,1,32,1,0.1,lr1e-04_bs16_modL1_fusion32_fusionL1_drop0p1_trmiss80_trlocglobal,3,0.6604901218186336,0.7209051724137931,0.8263293496534894,0.5777777777777777,0.4482758620689655,0.8125,0.2607758620689655,22,global,0.8
2,3,lr1e-04_bs16_modL1_fusion64_fusionL1_drop0p2_trmiss80_trlocglobal,16,0.0001,1,64,1,0.2,lr1e-04_bs16_modL1_fusion64_fusionL1_drop0p2_trmiss80_trlocglobal,3,0.685968293289439,0.5894396551724137,0.7642995417816493,0.6,0.5172413793103449,0.75,0.25899967577896466,22,global,0.8
2,3,lr1e-04_bs16_modL1_fusion64_fusionL1_drop0p1_trmiss80_trlocglobal,16,0.0001,1,64,1,0.1,lr1e-04_bs16_modL1_fusion64_fusionL1_drop0p1_trmiss80_trlocglobal,73,0.7044671858418402,0.46875,0.6451529861887847,0.5555555555555556,0.7931034482758621,0.125,-0.10253656179688207,22,global,0.8
2,3,lr5e-05_bs32_modL1_fusion32_fusionL1_drop0p2_trmiss80_trlocglobal,32,5e-05,1,32,1,0.2,lr5e-05_bs32_modL1_fusion32_fusionL1_drop0p2_trmiss80_trlocglobal,36,0.6607258802327931,0.654094827586207,0.7899122818713332,0.5777777777777777,0.4827586206896552,0.75,0.227429413073671,22,global,0.8
2,3,lr5e-05_bs32_modL1_fusion32_fusionL1_drop0p1_trmiss80_trlocglobal,32,5e-05,1,32,1,0.1,lr5e-05_bs32_modL1_fusion32_fusionL1_drop0p1_trmiss80_trlocglobal,11,0.6337565926464473,0.6239224137931034,0.7596498764542026,0.6666666666666666,0.9310344827586207,0.1875,0.1805463451821185,22,global,0.8
2,3,lr5e-05_bs32_modL1_fusion64_fusionL1_drop0p2_trmiss80_trlocglobal,32,5e-05,1,64,1,0.2,lr5e-05_bs32_modL1_fusion64_fusionL1_drop0p2_trmiss80_trlocglobal,22,0.7396625892328541,0.5549568965517242,0.7669312102914301,0.4888888888888889,0.3103448275862069,0.8125,0.1329744713520154,22,global,0.8
2,3,lr5e-05_bs32_modL1_fusion64_fusionL1_drop0p1_trmiss80_trlocglobal,32,5e-05,1,64,1,0.1,lr5e-05_bs32_modL1_fusion64_fusionL1_drop0p1_trmiss80_trlocglobal,40,0.6768264918029784,0.552801724137931,0.7224260812747038,0.6,0.7241379310344828,0.375,0.10250710695364046,22,global,0.8
2,3,lr1e-04_bs32_modL1_fusion32_fusionL1_drop0p2_trmiss80_trlocglobal,32,0.0001,1,32,1,0.2,lr1e-04_bs32_modL1_fusion32_fusionL1_drop0p2_trmiss80_trlocglobal,6,0.6603286374648762,0.5829741379310345,0.7495976055466829,0.6666666666666666,0.8620689655172413,0.3125,0.20890725544918334,22,global,0.8
2,3,lr1e-04_bs32_modL1_fusion32_fusionL1_drop0p1_trmiss80_trlocglobal,32,0.0001,1,32,1,0.1,lr1e-04_bs32_modL1_fusion32_fusionL1_drop0p1_trmiss80_trlocglobal,42,0.7121748340033462,0.7338362068965517,0.8457032235121559,0.4888888888888889,0.2413793103448276,0.9375,0.22396143760897924,22,global,0.8
2,3,lr1e-04_bs32_modL1_fusion64_fusionL1_drop0p2_trmiss80_trlocglobal,32,0.0001,1,64,1,0.2,lr1e-04_bs32_modL1_fusion64_fusionL1_drop0p2_trmiss80_trlocglobal,66,0.6462415330428289,0.6433189655172413,0.7616963621537065,0.6666666666666666,0.6896551724137931,0.625,0.30495123115910355,22,global,0.8
2,3,lr1e-04_bs32_modL1_fusion64_fusionL1_drop0p1_trmiss80_trlocglobal,32,0.0001,1,64,1,0.1,lr1e-04_bs32_modL1_fusion64_fusionL1_drop0p1_trmiss80_trlocglobal,10,0.6416103580691,0.59375,0.7531307223914108,0.6444444444444445,0.896551724137931,0.1875,0.11835801911849983,22,global,0.8
2,4,lr5e-05_bs16_modL1_fusion32_fusionL1_drop0p2_trmiss80_trlocglobal,16,5e-05,1,32,1,0.2,lr5e-05_bs16_modL1_fusion32_fusionL1_drop0p2_trmiss80_trlocglobal,22,0.7379959308998378,0.46120689655172414,0.66616580451086,0.5333333333333333,0.5517241379310345,0.5,0.049629166698546515,22,global,0.8
2,4,lr5e-05_bs16_modL1_fusion32_fusionL1_drop0p1_trmiss80_trlocglobal,16,5e-05,1,32,1,0.1,lr5e-05_bs16_modL1_fusion32_fusionL1_drop0p1_trmiss80_trlocglobal,19,0.6846752348568435,0.4956896551724138,0.6993550591021547,0.6,0.7931034482758621,0.25,0.049629166698546515,22,global,0.8
2,4,lr5e-05_bs16_modL1_fusion64_fusionL1_drop0p2_trmiss80_trlocglobal,16,5e-05,1,64,1,0.2,lr5e-05_bs16_modL1_fusion64_fusionL1_drop0p2_trmiss80_trlocglobal,39,0.6660417189973075,0.5754310344827587,0.6825294682036128,0.6,0.9310344827586207,0.0,-0.16019234629265466,22,global,0.8
2,4,lr5e-05_bs16_modL1_fusion64_fusionL1_drop0p1_trmiss80_trlocglobal,16,5e-05,1,64,1,0.1,lr5e-05_bs16_modL1_fusion64_fusionL1_drop0p1_trmiss80_trlocglobal,19,0.6553358010187178,0.6530172413793104,0.7397887020158606,0.6666666666666666,0.7586206896551724,0.5,0.2626128657194451,22,global,0.8
2,4,lr1e-04_bs16_modL1_fusion32_fusionL1_drop0p2_trmiss80_trlocglobal,16,0.0001,1,32,1,0.2,lr1e-04_bs16_modL1_fusion32_fusionL1_drop0p2_trmiss80_trlocglobal,3,0.6706819256060009,0.6724137931034483,0.7985093246042961,0.6222222222222222,0.6551724137931034,0.5625,0.2109594133360922,22,global,0.8
2,4,lr1e-04_bs16_modL1_fusion32_fusionL1_drop0p1_trmiss80_trlocglobal,16,0.0001,1,32,1,0.1,lr1e-04_bs16_modL1_fusion32_fusionL1_drop0p1_trmiss80_trlocglobal,19,0.6466104144253713,0.6228448275862069,0.7603248416982372,0.6,0.8275862068965517,0.1875,0.018888314015215117,22,global,0.8
2,4,lr1e-04_bs16_modL1_fusion64_fusionL1_drop0p2_trmiss80_trlocglobal,16,0.0001,1,64,1,0.2,lr1e-04_bs16_modL1_fusion64_fusionL1_drop0p2_trmiss80_trlocglobal,8,0.6608576001893643,0.6896551724137931,0.816161080856783,0.6444444444444445,0.6896551724137931,0.5625,0.2463818641631436,22,global,0.8
2,4,lr1e-04_bs16_modL1_fusion64_fusionL1_drop0p1_trmiss80_trlocglobal,16,0.0001,1,64,1,0.1,lr1e-04_bs16_modL1_fusion64_fusionL1_drop0p1_trmiss80_trlocglobal,29,0.711483938554578,0.44612068965517243,0.6604432641176982,0.4888888888888889,0.7241379310344828,0.0625,-0.2553310899934463,22,global,0.8
2,4,lr5e-05_bs32_modL1_fusion32_fusionL1_drop0p2_trmiss80_trlocglobal,32,5e-05,1,32,1,0.2,lr5e-05_bs32_modL1_fusion32_fusionL1_drop0p2_trmiss80_trlocglobal,27,0.7568059344743986,0.4676724137931034,0.6308981102554047,0.5333333333333333,0.6551724137931034,0.3125,-0.032826608214930636,22,global,0.8
2,4,lr5e-05_bs32_modL1_fusion32_fusionL1_drop0p1_trmiss80_trlocglobal,32,5e-05,1,32,1,0.1,lr5e-05_bs32_modL1_fusion32_fusionL1_drop0p1_trmiss80_trlocglobal,4,0.7312551694944341,0.4331896551724138,0.611609620208235,0.35555555555555557,0.034482758620689655,0.9375,-0.06507814068139095,22,global,0.8
2,4,lr5e-05_bs32_modL1_fusion64_fusionL1_drop0p2_trmiss80_trlocglobal,32,5e-05,1,64,1,0.2,lr5e-05_bs32_modL1_fusion64_fusionL1_drop0p2_trmiss80_trlocglobal,14,0.6606979279715931,0.6530172413793104,0.739793344557254,0.6222222222222222,0.6896551724137931,0.5,0.18724930115325378,22,global,0.8
2,4,lr5e-05_bs32_modL1_fusion64_fusionL1_drop0p1_trmiss80_trlocglobal,32,5e-05,1,64,1,0.1,lr5e-05_bs32_modL1_fusion64_fusionL1_drop0p1_trmiss80_trlocglobal,11,0.6636465794208553,0.5862068965517242,0.7549135967034181,0.6,0.6896551724137931,0.4375,0.1271551724137931,22,global,0.8
2,4,lr1e-04_bs32_modL1_fusion32_fusionL1_drop0p2_trmiss80_trlocglobal,32,0.0001,1,32,1,0.2,lr1e-04_bs32_modL1_fusion32_fusionL1_drop0p2_trmiss80_trlocglobal,5,0.6789925303473484,0.5280172413793104,0.6734874500285793,0.6,0.896551724137931,0.0625,-0.06887675637968181,22,global,0.8
2,4,lr1e-04_bs32_modL1_fusion32_fusionL1_drop0p1_trmiss80_trlocglobal,32,0.0001,1,32,1,0.1,lr1e-04_bs32_modL1_fusion32_fusionL1_drop0p1_trmiss80_trlocglobal,6,0.709185973837025,0.6616379310344827,0.790354082826076,0.4666666666666667,0.2413793103448276,0.875,0.1392715036327889,22,global,0.8
2,4,lr1e-04_bs32_modL1_fusion64_fusionL1_drop0p2_trmiss80_trlocglobal,32,0.0001,1,64,1,0.2,lr1e-04_bs32_modL1_fusion64_fusionL1_drop0p2_trmiss80_trlocglobal,8,0.6844897647622574,0.4655172413793104,0.598733678480649,0.5555555555555556,0.6896551724137931,0.3125,0.0022284153685574013,22,global,0.8
2,4,lr1e-04_bs32_modL1_fusion64_fusionL1_drop0p1_trmiss80_trlocglobal,32,0.0001,1,64,1,0.1,lr1e-04_bs32_modL1_fusion64_fusionL1_drop0p1_trmiss80_trlocglobal,10,0.6822981239064502,0.5991379310344829,0.7068534387945097,0.5333333333333333,0.6551724137931034,0.3125,-0.032826608214930636,22,global,0.8
2,5,lr5e-05_bs16_modL1_fusion32_fusionL1_drop0p2_trmiss80_trlocglobal,16,5e-05,1,32,1,0.2,lr5e-05_bs16_modL1_fusion32_fusionL1_drop0p2_trmiss80_trlocglobal,22,0.6298550239899932,0.646551724137931,0.8236904883999372,0.5333333333333333,0.7241379310344828,0.1875,-0.09842129279733602,22,global,0.8
2,5,lr5e-05_bs16_modL1_fusion32_fusionL1_drop0p1_trmiss80_trlocglobal,16,5e-05,1,32,1,0.1,lr5e-05_bs16_modL1_fusion32_fusionL1_drop0p1_trmiss80_trlocglobal,1,0.6759384516608911,0.6573275862068966,0.7867303222201694,0.7111111111111111,0.8275862068965517,0.5,0.34596959434638413,22,global,0.8
2,5,lr5e-05_bs16_modL1_fusion64_fusionL1_drop0p2_trmiss80_trlocglobal,16,5e-05,1,64,1,0.2,lr5e-05_bs16_modL1_fusion64_fusionL1_drop0p2_trmiss80_trlocglobal,7,0.6121781385176753,0.6831896551724138,0.8170030198994683,0.6444444444444445,1.0,0.0,0.0,22,global,0.8
2,5,lr5e-05_bs16_modL1_fusion64_fusionL1_drop0p1_trmiss80_trlocglobal,16,5e-05,1,64,1,0.1,lr5e-05_bs16_modL1_fusion64_fusionL1_drop0p1_trmiss80_trlocglobal,25,0.6849167948612405,0.5043103448275862,0.6917116559522046,0.6666666666666666,0.9310344827586207,0.1875,0.1805463451821185,22,global,0.8
2,5,lr1e-04_bs16_modL1_fusion32_fusionL1_drop0p2_trmiss80_trlocglobal,16,0.0001,1,32,1,0.2,lr1e-04_bs16_modL1_fusion32_fusionL1_drop0p2_trmiss80_trlocglobal,13,0.7046809223464513,0.5344827586206896,0.7641609110193143,0.4888888888888889,0.4482758620689655,0.5625,0.010380684981717497,22,global,0.8
2,5,lr1e-04_bs16_modL1_fusion32_fusionL1_drop0p1_trmiss80_trlocglobal,16,0.0001,1,32,1,0.1,lr1e-04_bs16_modL1_fusion32_fusionL1_drop0p1_trmiss80_trlocglobal,1,0.6756051894311487,0.6271551724137931,0.787432361816168,0.6,0.7931034482758621,0.25,0.049629166698546515,22,global,0.8
2,5,lr1e-04_bs16_modL1_fusion64_fusionL1_drop0p2_trmiss80_trlocglobal,16,0.0001,1,64,1,0.2,lr1e-04_bs16_modL1_fusion64_fusionL1_drop0p2_trmiss80_trlocglobal,1,0.6776327097666421,0.7004310344827587,0.8288219388152679,0.6222222222222222,0.6551724137931034,0.5625,0.2109594133360922,22,global,0.8
2,5,lr1e-04_bs16_modL1_fusion64_fusionL1_drop0p1_trmiss80_trlocglobal,16,0.0001,1,64,1,0.1,lr1e-04_bs16_modL1_fusion64_fusionL1_drop0p1_trmiss80_trlocglobal,40,0.6581711041000806,0.6185344827586207,0.8097807719330259,0.5777777777777777,0.6206896551724138,0.5,0.11696759551308082,22,global,0.8
2,5,lr5e-05_bs32_modL1_fusion32_fusionL1_drop0p2_trmiss80_trlocglobal,32,5e-05,1,32,1,0.2,lr5e-05_bs32_modL1_fusion32_fusionL1_drop0p2_trmiss80_trlocglobal,6,0.6824934696912603,0.5150862068965517,0.6919815186278009,0.5777777777777777,0.7586206896551724,0.25,0.009602077346081563,22,global,0.8
2,5,lr5e-05_bs32_modL1_fusion32_fusionL1_drop0p1_trmiss80_trlocglobal,32,5e-05,1,32,1,0.1,lr5e-05_bs32_modL1_fusion32_fusionL1_drop0p1_trmiss80_trlocglobal,1,0.6899980819493605,0.6228448275862069,0.7382101884564616,0.5777777777777777,0.4827586206896552,0.75,0.227429413073671,22,global,0.8
2,5,lr5e-05_bs32_modL1_fusion64_fusionL1_drop0p2_trmiss80_trlocglobal,32,5e-05,1,64,1,0.2,lr5e-05_bs32_modL1_fusion64_fusionL1_drop0p2_trmiss80_trlocglobal,46,0.6301222732448906,0.6465517241379309,0.8091878770990537,0.6,0.7931034482758621,0.25,0.049629166698546515,22,global,0.8
2,5,lr5e-05_bs32_modL1_fusion64_fusionL1_drop0p1_trmiss80_trlocglobal,32,5e-05,1,64,1,0.1,lr5e-05_bs32_modL1_fusion64_fusionL1_drop0p1_trmiss80_trlocglobal,2,0.6973365170057466,0.4892241379310345,0.6898845373740345,0.4666666666666667,0.3793103448275862,0.625,0.0042556659353012215,22,global,0.8
2,5,lr1e-04_bs32_modL1_fusion32_fusionL1_drop0p2_trmiss80_trlocglobal,32,0.0001,1,32,1,0.2,lr1e-04_bs32_modL1_fusion32_fusionL1_drop0p2_trmiss80_trlocglobal,1,0.6964748283326113,0.43534482758620685,0.6270550219951521,0.4888888888888889,0.3793103448275862,0.6875,0.0668103448275862,22,global,0.8
2,5,lr1e-04_bs32_modL1_fusion32_fusionL1_drop0p1_trmiss80_trlocglobal,32,0.0001,1,32,1,0.1,lr1e-04_bs32_modL1_fusion32_fusionL1_drop0p1_trmiss80_trlocglobal,3,0.7441521176758951,0.5086206896551725,0.7132201911524163,0.4,0.06896551724137931,1.0,0.16019234629265466,22,global,0.8
2,5,lr1e-04_bs32_modL1_fusion64_fusionL1_drop0p2_trmiss80_trlocglobal,32,0.0001,1,64,1,0.2,lr1e-04_bs32_modL1_fusion64_fusionL1_drop0p2_trmiss80_trlocglobal,1,0.6886932133219862,0.5172413793103449,0.6868868986370164,0.5777777777777777,0.6551724137931034,0.4375,0.09149681760897627,22,global,0.8
2,5,lr1e-04_bs32_modL1_fusion64_fusionL1_drop0p1_trmiss80_trlocglobal,32,0.0001,1,64,1,0.1,lr1e-04_bs32_modL1_fusion64_fusionL1_drop0p1_trmiss80_trlocglobal,25,0.7291632576292415,0.4288793103448276,0.6275379626558416,0.37777777777777777,0.41379310344827586,0.3125,-0.26210147938949147,22,global,0.8
3,1,lr5e-05_bs16_modL1_fusion32_fusionL1_drop0p2_trmiss80_trlocglobal,16,5e-05,1,32,1,0.2,lr5e-05_bs16_modL1_fusion32_fusionL1_drop0p2_trmiss80_trlocglobal,1,0.7192389794378272,0.59026369168357,0.7077760081173714,0.3695652173913043,0.0,1.0,0.0,22,global,0.8
3,1,lr5e-05_bs16_modL1_fusion32_fusionL1_drop0p1_trmiss80_trlocglobal,16,5e-05,1,32,1,0.1,lr5e-05_bs16_modL1_fusion32_fusionL1_drop0p1_trmiss80_trlocglobal,2,0.6742769369968205,0.6572008113590264,0.8162157996098609,0.6956521739130435,0.6206896551724138,0.8235294117647058,0.4304681298069396,22,global,0.8
3,1,lr5e-05_bs16_modL1_fusion64_fusionL1_drop0p2_trmiss80_trlocglobal,16,5e-05,1,64,1,0.2,lr5e-05_bs16_modL1_fusion64_fusionL1_drop0p2_trmiss80_trlocglobal,3,0.6900704411152008,0.6713995943204867,0.764164643927751,0.6304347826086957,0.5517241379310345,0.7647058823529411,0.30810551128662517,22,global,0.8
3,1,lr5e-05_bs16_modL1_fusion64_fusionL1_drop0p1_trmiss80_trlocglobal,16,5e-05,1,64,1,0.1,lr5e-05_bs16_modL1_fusion64_fusionL1_drop0p1_trmiss80_trlocglobal,23,0.6622313977687218,0.7200811359026369,0.785232792113875,0.6739130434782609,0.6896551724137931,0.6470588235294118,0.3278558645742293,22,global,0.8
3,1,lr1e-04_bs16_modL1_fusion32_fusionL1_drop0p2_trmiss80_trlocglobal,16,0.0001,1,32,1,0.2,lr1e-04_bs16_modL1_fusion32_fusionL1_drop0p2_trmiss80_trlocglobal,46,0.7179210667937231,0.539553752535497,0.6494195531596543,0.4782608695652174,0.3448275862068966,0.7058823529411765,0.05221437363803695,22,global,0.8
3,1,lr1e-04_bs16_modL1_fusion32_fusionL1_drop0p1_trmiss80_trlocglobal,16,0.0001,1,32,1,0.1,lr1e-04_bs16_modL1_fusion32_fusionL1_drop0p1_trmiss80_trlocglobal,10,0.7086260285039003,0.47058823529411764,0.636109883551534,0.5434782608695652,0.6206896551724138,0.4117647058823529,0.03209824257403824,22,global,0.8
3,1,lr1e-04_bs16_modL1_fusion64_fusionL1_drop0p2_trmiss80_trlocglobal,16,0.0001,1,64,1,0.2,lr1e-04_bs16_modL1_fusion64_fusionL1_drop0p2_trmiss80_trlocglobal,39,0.6658104954565046,0.5598377281947262,0.6616071124628342,0.6521739130434783,0.8620689655172413,0.29411764705882354,0.1900400555877597,22,global,0.8
3,1,lr1e-04_bs16_modL1_fusion64_fusionL1_drop0p1_trmiss80_trlocglobal,16,0.0001,1,64,1,0.1,lr1e-04_bs16_modL1_fusion64_fusionL1_drop0p1_trmiss80_trlocglobal,29,0.6635420231780079,0.6267748478701826,0.6702143466671491,0.6739130434782609,0.896551724137931,0.29411764705882354,0.24281057765272315,22,global,0.8
3,1,lr5e-05_bs32_modL1_fusion32_fusionL1_drop0p2_trmiss80_trlocglobal,32,5e-05,1,32,1,0.2,lr5e-05_bs32_modL1_fusion32_fusionL1_drop0p2_trmiss80_trlocglobal,1,0.6937880507081852,0.4827586206896552,0.6603692731780246,0.5217391304347826,0.4827586206896552,0.5882352941176471,0.06879627645316386,22,global,0.8
3,1,lr5e-05_bs32_modL1_fusion32_fusionL1_drop0p1_trmiss80_trlocglobal,32,5e-05,1,32,1,0.1,lr5e-05_bs32_modL1_fusion32_fusionL1_drop0p1_trmiss80_trlocglobal,15,0.6859789192464987,0.6085192697768762,0.7058646059583465,0.5434782608695652,0.5862068965517241,0.47058823529411764,0.055300989205291695,22,global,0.8
3,1,lr5e-05_bs32_modL1_fusion64_fusionL1_drop0p2_trmiss80_trlocglobal,32,5e-05,1,64,1,0.2,lr5e-05_bs32_modL1_fusion64_fusionL1_drop0p2_trmiss80_trlocglobal,29,0.665698449998846,0.6328600405679514,0.6817024686453133,0.6739130434782609,0.7586206896551724,0.5294117647058824,0.29190683630537334,22,global,0.8
3,1,lr5e-05_bs32_modL1_fusion64_fusionL1_drop0p1_trmiss80_trlocglobal,32,5e-05,1,64,1,0.1,lr5e-05_bs32_modL1_fusion64_fusionL1_drop0p1_trmiss80_trlocglobal,5,0.6890126107757714,0.5192697768762677,0.6211682778169186,0.6304347826086957,0.7586206896551724,0.4117647058823529,0.17873796928265132,22,global,0.8
3,1,lr1e-04_bs32_modL1_fusion32_fusionL1_drop0p2_trmiss80_trlocglobal,32,0.0001,1,32,1,0.2,lr1e-04_bs32_modL1_fusion32_fusionL1_drop0p2_trmiss80_trlocglobal,10,0.6781866045101165,0.588235294117647,0.6844907891875897,0.5869565217391305,0.6551724137931034,0.47058823529411764,0.12438068997439818,22,global,0.8
3,1,lr1e-04_bs32_modL1_fusion32_fusionL1_drop0p1_trmiss80_trlocglobal,32,0.0001,1,32,1,0.1,lr1e-04_bs32_modL1_fusion32_fusionL1_drop0p1_trmiss80_trlocglobal,1,0.7183401271188972,0.5862068965517241,0.7588023204187511,0.3695652173913043,0.0,1.0,0.0,22,global,0.8
3,1,lr1e-04_bs32_modL1_fusion64_fusionL1_drop0p2_trmiss80_trlocglobal,32,0.0001,1,64,1,0.2,lr1e-04_bs32_modL1_fusion64_fusionL1_drop0p2_trmiss80_trlocglobal,3,0.7037715823175043,0.6064908722109534,0.6903170027258948,0.41304347826086957,0.10344827586206896,0.9411764705882353,0.0764442070863689,22,global,0.8
3,1,lr1e-04_bs32_modL1_fusion64_fusionL1_drop0p1_trmiss80_trlocglobal,32,0.0001,1,64,1,0.1,lr1e-04_bs32_modL1_fusion64_fusionL1_drop0p1_trmiss80_trlocglobal,10,0.6660671865615836,0.6348884381338742,0.6857124392075815,0.6739130434782609,0.8620689655172413,0.35294117647058826,0.2516118872540159,22,global,0.8
3,2,lr5e-05_bs16_modL1_fusion32_fusionL1_drop0p2_trmiss80_trlocglobal,16,5e-05,1,32,1,0.2,lr5e-05_bs16_modL1_fusion32_fusionL1_drop0p2_trmiss80_trlocglobal,1,0.6905445069004078,0.5651260504201681,0.7025146940979445,0.4666666666666667,0.42857142857142855,0.5294117647058824,-0.04099600308453939,22,global,0.8
3,2,lr5e-05_bs16_modL1_fusion32_fusionL1_drop0p1_trmiss80_trlocglobal,16,5e-05,1,32,1,0.1,lr5e-05_bs16_modL1_fusion32_fusionL1_drop0p1_trmiss80_trlocglobal,2,0.7144240028201287,0.592436974789916,0.6595468493487076,0.4,0.10714285714285714,0.8823529411764706,-0.01620509308880411,22,global,0.8
3,2,lr5e-05_bs16_modL1_fusion64_fusionL1_drop0p2_trmiss80_trlocglobal,16,5e-05,1,64,1,0.2,lr5e-05_bs16_modL1_fusion64_fusionL1_drop0p2_trmiss80_trlocglobal,21,0.7761144697528626,0.5189075630252101,0.6663444865631838,0.4888888888888889,0.2857142857142857,0.8235294117647058,0.12324351214505816,22,global,0.8
3,2,lr5e-05_bs16_modL1_fusion64_fusionL1_drop0p1_trmiss80_trlocglobal,16,5e-05,1,64,1,0.1,lr5e-05_bs16_modL1_fusion64_fusionL1_drop0p1_trmiss80_trlocglobal,2,0.6778389157908263,0.5378151260504201,0.6711958554801658,0.5555555555555556,0.8928571428571429,0.0,-0.20824828195876074,22,global,0.8
3,2,lr1e-04_bs16_modL1_fusion32_fusionL1_drop0p2_trmiss80_trlocglobal,16,0.0001,1,32,1,0.2,lr1e-04_bs16_modL1_fusion32_fusionL1_drop0p2_trmiss80_trlocglobal,1,0.6868572852171184,0.31722689075630256,0.5418200480703254,0.6,0.9642857142857143,0.0,-0.1174678734748412,22,global,0.8
3,2,lr1e-04_bs16_modL1_fusion32_fusionL1_drop0p1_trmiss80_trlocglobal,16,0.0001,1,32,1,0.1,lr1e-04_bs16_modL1_fusion32_fusionL1_drop0p1_trmiss80_trlocglobal,1,0.6757986417279962,0.46008403361344535,0.6354501726057,0.6222222222222222,1.0,0.0,0.0,22,global,0.8
3,2,lr1e-04_bs16_modL1_fusion64_fusionL1_drop0p2_trmiss80_trlocglobal,16,0.0001,1,64,1,0.2,lr1e-04_bs16_modL1_fusion64_fusionL1_drop0p2_trmiss80_trlocglobal,6,0.7175885414302726,0.46218487394957986,0.5954288289131314,0.6,0.8928571428571429,0.11764705882352941,0.01620509308880411,22,global,0.8
3,2,lr1e-04_bs16_modL1_fusion64_fusionL1_drop0p1_trmiss80_trlocglobal,16,0.0001,1,64,1,0.1,lr1e-04_bs16_modL1_fusion64_fusionL1_drop0p1_trmiss80_trlocglobal,3,0.7202964961956526,0.4285714285714286,0.5754050786664986,0.4444444444444444,0.6428571428571429,0.11764705882352941,-0.2625752465908215,22,global,0.8
3,2,lr5e-05_bs32_modL1_fusion32_fusionL1_drop0p2_trmiss80_trlocglobal,32,5e-05,1,32,1,0.2,lr5e-05_bs32_modL1_fusion32_fusionL1_drop0p2_trmiss80_trlocglobal,1,0.6920113226381811,0.4474789915966386,0.5813660692215541,0.5333333333333333,0.6785714285714286,0.29411764705882354,-0.028601908382993094,22,global,0.8
3,2,lr5e-05_bs32_modL1_fusion32_fusionL1_drop0p1_trmiss80_trlocglobal,32,5e-05,1,32,1,0.1,lr5e-05_bs32_modL1_fusion32_fusionL1_drop0p1_trmiss80_trlocglobal,11,0.6994847958165729,0.5252100840336135,0.709770189229485,0.4222222222222222,0.42857142857142855,0.4117647058823529,-0.1548584319808208,22,global,0.8
3,2,lr5e-05_bs32_modL1_fusion64_fusionL1_drop0p2_trmiss80_trlocglobal,32,5e-05,1,64,1,0.2,lr5e-05_bs32_modL1_fusion64_fusionL1_drop0p2_trmiss80_trlocglobal,2,0.7146069566439132,0.5105042016806722,0.6576270352904402,0.4444444444444444,0.14285714285714285,0.9411764705882353,0.12964074471043288,22,global,0.8
3,2,lr5e-05_bs32_modL1_fusion64_fusionL1_drop0p1_trmiss80_trlocglobal,32,5e-05,1,64,1,0.1,lr5e-05_bs32_modL1_fusion64_fusionL1_drop0p1_trmiss80_trlocglobal,1,0.6974251599892101,0.48109243697478987,0.6186281039325893,0.5111111111111111,0.5,0.5294117647058824,0.028526553259624887,22,global,0.8
3,2,lr1e-04_bs32_modL1_fusion32_fusionL1_drop0p2_trmiss80_trlocglobal,32,0.0001,1,32,1,0.2,lr1e-04_bs32_modL1_fusion32_fusionL1_drop0p2_trmiss80_trlocglobal,1,0.6892591560758834,0.46008403361344535,0.6232687097254878,0.6,0.8928571428571429,0.11764705882352941,0.01620509308880411,22,global,0.8
3,2,lr1e-04_bs32_modL1_fusion32_fusionL1_drop0p1_trmiss80_trlocglobal,32,0.0001,1,32,1,0.1,lr1e-04_bs32_modL1_fusion32_fusionL1_drop0p1_trmiss80_trlocglobal,1,0.6796940207836006,0.4579831932773109,0.6179013544504356,0.6222222222222222,1.0,0.0,0.0,22,global,0.8
3,2,lr1e-04_bs32_modL1_fusion64_fusionL1_drop0p2_trmiss80_trlocglobal,32,0.0001,1,64,1,0.2,lr1e-04_bs32_modL1_fusion64_fusionL1_drop0p2_trmiss80_trlocglobal,1,0.6846844290721759,0.615546218487395,0.6785937972804751,0.6,0.8214285714285714,0.23529411764705882,0.06875238727711584,22,global,0.8
3,2,lr1e-04_bs32_modL1_fusion64_fusionL1_drop0p1_trmiss80_trlocglobal,32,0.0001,1,64,1,0.1,lr1e-04_bs32_modL1_fusion64_fusionL1_drop0p1_trmiss80_trlocglobal,7,0.7250441361185503,0.453781512605042,0.620374469685236,0.4666666666666667,0.5,0.4117647058823529,-0.08574929257125442,22,global,0.8
3,3,lr5e-05_bs16_modL1_fusion32_fusionL1_drop0p2_trmiss80_trlocglobal,16,5e-05,1,32,1,0.2,lr5e-05_bs16_modL1_fusion32_fusionL1_drop0p2_trmiss80_trlocglobal,19,0.6839700678499739,0.4967672413793104,0.6456299453061503,0.6,0.6896551724137931,0.4375,0.1271551724137931,22,global,0.8
3,3,lr5e-05_bs16_modL1_fusion32_fusionL1_drop0p1_trmiss80_trlocglobal,16,5e-05,1,32,1,0.1,lr5e-05_bs16_modL1_fusion32_fusionL1_drop0p1_trmiss80_trlocglobal,8,0.8813032214507612,0.654094827586207,0.7668524543170011,0.37777777777777777,0.034482758620689655,1.0,0.11197850219117086,22,global,0.8
3,3,lr5e-05_bs16_modL1_fusion64_fusionL1_drop0p2_trmiss80_trlocglobal,16,5e-05,1,64,1,0.2,lr5e-05_bs16_modL1_fusion64_fusionL1_drop0p2_trmiss80_trlocglobal,26,0.7210722041375697,0.46228448275862066,0.6173519517425701,0.4888888888888889,0.5862068965517241,0.3125,-0.10000814947957871,22,global,0.8
3,3,lr5e-05_bs16_modL1_fusion64_fusionL1_drop0p1_trmiss80_trlocglobal,16,5e-05,1,64,1,0.1,lr5e-05_bs16_modL1_fusion64_fusionL1_drop0p1_trmiss80_trlocglobal,9,0.6866654074511696,0.5894396551724137,0.7257113275960223,0.6222222222222222,0.6206896551724138,0.625,0.23573854181809595,22,global,0.8
3,3,lr1e-04_bs16_modL1_fusion32_fusionL1_drop0p2_trmiss80_trlocglobal,16,0.0001,1,32,1,0.2,lr1e-04_bs16_modL1_fusion32_fusionL1_drop0p2_trmiss80_trlocglobal,31,0.7834164243733304,0.6368534482758621,0.7295673524467421,0.37777777777777777,0.06896551724137931,0.9375,0.012407291674636629,22,global,0.8
3,3,lr1e-04_bs16_modL1_fusion32_fusionL1_drop0p1_trmiss80_trlocglobal,16,0.0001,1,32,1,0.1,lr1e-04_bs16_modL1_fusion32_fusionL1_drop0p1_trmiss80_trlocglobal,2,0.6956102767675489,0.49461206896551724,0.6274683712685585,0.6222222222222222,0.896551724137931,0.125,0.032826608214930636,22,global,0.8
3,3,lr1e-04_bs16_modL1_fusion64_fusionL1_drop0p2_trmiss80_trlocglobal,16,0.0001,1,64,1,0.2,lr1e-04_bs16_modL1_fusion64_fusionL1_drop0p2_trmiss80_trlocglobal,1,0.6957046720628459,0.6584051724137931,0.7976551589227804,0.4444444444444444,0.1724137931034483,0.9375,0.1547758711549613,22,global,0.8
3,3,lr1e-04_bs16_modL1_fusion64_fusionL1_drop0p1_trmiss80_trlocglobal,16,0.0001,1,64,1,0.1,lr1e-04_bs16_modL1_fusion64_fusionL1_drop0p1_trmiss80_trlocglobal,3,0.7301859357679094,0.5441810344827586,0.6753055203555757,0.5333333333333333,0.41379310344827586,0.75,0.16379310344827586,22,global,0.8
3,3,lr5e-05_bs32_modL1_fusion32_fusionL1_drop0p2_trmiss80_trlocglobal,32,5e-05,1,32,1,0.2,lr5e-05_bs32_modL1_fusion32_fusionL1_drop0p2_trmiss80_trlocglobal,30,0.7121163611110863,0.5894396551724138,0.6824029242630416,0.5111111111111111,0.3793103448275862,0.75,0.13130643285972254,22,global,0.8
3,3,lr5e-05_bs32_modL1_fusion32_fusionL1_drop0p1_trmiss80_trlocglobal,32,5e-05,1,32,1,0.1,lr5e-05_bs32_modL1_fusion32_fusionL1_drop0p1_trmiss80_trlocglobal,6,0.6188158853900159,0.7640086206896551,0.8567313307880742,0.7111111111111111,0.7931034482758621,0.5625,0.361092690364237,22,global,0.8
3,3,lr5e-05_bs32_modL1_fusion64_fusionL1_drop0p2_trmiss80_trlocglobal,32,5e-05,1,64,1,0.2,lr5e-05_bs32_modL1_fusion64_fusionL1_drop0p2_trmiss80_trlocglobal,1,0.7066910313954321,0.5398706896551724,0.6629285340003215,0.37777777777777777,0.10344827586206896,0.875,-0.032826608214930636,22,global,0.8
3,3,lr5e-05_bs32_modL1_fusion64_fusionL1_drop0p1_trmiss80_trlocglobal,32,5e-05,1,64,1,0.1,lr5e-05_bs32_modL1_fusion64_fusionL1_drop0p1_trmiss80_trlocglobal,8,0.7285472884048119,0.5721982758620691,0.74893936849135,0.5333333333333333,0.4482758620689655,0.6875,0.1326671576263081,22,global,0.8
3,3,lr1e-04_bs32_modL1_fusion32_fusionL1_drop0p2_trmiss80_trlocglobal,32,0.0001,1,32,1,0.2,lr1e-04_bs32_modL1_fusion32_fusionL1_drop0p2_trmiss80_trlocglobal,7,0.6420451678749406,0.6368534482758621,0.7235613490854574,0.6444444444444445,0.9655172413793104,0.0625,0.06507814068139095,22,global,0.8
3,3,lr1e-04_bs32_modL1_fusion32_fusionL1_drop0p1_trmiss80_trlocglobal,32,0.0001,1,32,1,0.1,lr1e-04_bs32_modL1_fusion32_fusionL1_drop0p1_trmiss80_trlocglobal,1,0.7059930488176723,0.6131465517241379,0.7430577532260848,0.37777777777777777,0.034482758620689655,1.0,0.11197850219117086,22,global,0.8
3,3,lr1e-04_bs32_modL1_fusion64_fusionL1_drop0p2_trmiss80_trlocglobal,32,0.0001,1,64,1,0.2,lr1e-04_bs32_modL1_fusion64_fusionL1_drop0p2_trmiss80_trlocglobal,2,0.6964815736112001,0.46875,0.620224893980725,0.4444444444444444,0.41379310344827586,0.5,-0.08304547985373997,22,global,0.8
3,3,lr1e-04_bs32_modL1_fusion64_fusionL1_drop0p1_trmiss80_trlocglobal,32,0.0001,1,64,1,0.1,lr1e-04_bs32_modL1_fusion64_fusionL1_drop0p1_trmiss80_trlocglobal,2,0.6682794083949639,0.6023706896551725,0.7283951220024877,0.6666666666666666,0.9655172413793104,0.125,0.1737020834449128,22,global,0.8
3,4,lr5e-05_bs16_modL1_fusion32_fusionL1_drop0p2_trmiss80_trlocglobal,16,5e-05,1,32,1,0.2,lr5e-05_bs16_modL1_fusion32_fusionL1_drop0p2_trmiss80_trlocglobal,18,0.7434047021175448,0.5668103448275862,0.7022253332513178,0.4,0.1724137931034483,0.8125,-0.018888314015215117,22,global,0.8
3,4,lr5e-05_bs16_modL1_fusion32_fusionL1_drop0p1_trmiss80_trlocglobal,16,5e-05,1,32,1,0.1,lr5e-05_bs16_modL1_fusion32_fusionL1_drop0p1_trmiss80_trlocglobal,1,0.6699828693552494,0.6551724137931034,0.7891750998001927,0.6888888888888889,0.896551724137931,0.3125,0.2617380656394095,22,global,0.8
3,4,lr5e-05_bs16_modL1_fusion64_fusionL1_drop0p2_trmiss80_trlocglobal,16,5e-05,1,64,1,0.2,lr5e-05_bs16_modL1_fusion64_fusionL1_drop0p2_trmiss80_trlocglobal,8,0.6955605675887291,0.5086206896551724,0.6996723030004295,0.4666666666666667,0.5862068965517241,0.25,-0.16379310344827586,22,global,0.8
3,4,lr5e-05_bs16_modL1_fusion64_fusionL1_drop0p1_trmiss80_trlocglobal,16,5e-05,1,64,1,0.1,lr5e-05_bs16_modL1_fusion64_fusionL1_drop0p1_trmiss80_trlocglobal,18,0.7153174821709242,0.4051724137931034,0.5953795075745524,0.5111111111111111,0.6896551724137931,0.1875,-0.1329744713520154,22,global,0.8
3,4,lr1e-04_bs16_modL1_fusion32_fusionL1_drop0p2_trmiss80_trlocglobal,16,0.0001,1,32,1,0.2,lr1e-04_bs16_modL1_fusion32_fusionL1_drop0p2_trmiss80_trlocglobal,1,0.6857433038466153,0.48060344827586204,0.6400023048324459,0.5777777777777777,0.7931034482758621,0.1875,-0.023211917272131483,22,global,0.8
3,4,lr1e-04_bs16_modL1_fusion32_fusionL1_drop0p1_trmiss80_trlocglobal,16,0.0001,1,32,1,0.1,lr1e-04_bs16_modL1_fusion32_fusionL1_drop0p1_trmiss80_trlocglobal,22,0.7240924210546522,0.4051724137931034,0.6211559364518244,0.4888888888888889,0.6551724137931034,0.1875,-0.16615644991635553,22,global,0.8
3,4,lr1e-04_bs16_modL1_fusion64_fusionL1_drop0p2_trmiss80_trlocglobal,16,0.0001,1,64,1,0.2,lr1e-04_bs16_modL1_fusion64_fusionL1_drop0p2_trmiss80_trlocglobal,1,0.702518009225796,0.6508620689655172,0.7526012811435303,0.4222222222222222,0.20689655172413793,0.8125,0.023211917272131483,22,global,0.8
3,4,lr1e-04_bs16_modL1_fusion64_fusionL1_drop0p1_trmiss80_trlocglobal,16,0.0001,1,64,1,0.1,lr1e-04_bs16_modL1_fusion64_fusionL1_drop0p1_trmiss80_trlocglobal,1,0.6835005905938499,0.46120689655172414,0.6415214906482314,0.5777777777777777,0.7931034482758621,0.1875,-0.023211917272131483,22,global,0.8
3,4,lr5e-05_bs32_modL1_fusion32_fusionL1_drop0p2_trmiss80_trlocglobal,32,5e-05,1,32,1,0.2,lr5e-05_bs32_modL1_fusion32_fusionL1_drop0p2_trmiss80_trlocglobal,2,0.7046498706624138,0.5064655172413792,0.6810193422526173,0.4,0.13793103448275862,0.875,0.018208926018230744,22,global,0.8
3,4,lr5e-05_bs32_modL1_fusion32_fusionL1_drop0p1_trmiss80_trlocglobal,32,5e-05,1,32,1,0.1,lr5e-05_bs32_modL1_fusion32_fusionL1_drop0p1_trmiss80_trlocglobal,14,0.7470414437431907,0.6228448275862069,0.6914210060574218,0.35555555555555557,0.06896551724137931,0.875,-0.094252403466933,22,global,0.8
3,4,lr5e-05_bs32_modL1_fusion64_fusionL1_drop0p2_trmiss80_trlocglobal,32,5e-05,1,64,1,0.2,lr5e-05_bs32_modL1_fusion64_fusionL1_drop0p2_trmiss80_trlocglobal,15,0.7460647210657215,0.29094827586206895,0.5342922826274102,0.4,0.5172413793103449,0.1875,-0.2915131165681337,22,global,0.8
3,4,lr5e-05_bs32_modL1_fusion64_fusionL1_drop0p1_trmiss80_trlocglobal,32,5e-05,1,64,1,0.1,lr5e-05_bs32_modL1_fusion64_fusionL1_drop0p1_trmiss80_trlocglobal,1,0.6807867876619748,0.5732758620689655,0.6902590744885616,0.6666666666666666,0.9655172413793104,0.125,0.1737020834449128,22,global,0.8
3,4,lr1e-04_bs32_modL1_fusion32_fusionL1_drop0p2_trmiss80_trlocglobal,32,0.0001,1,32,1,0.2,lr1e-04_bs32_modL1_fusion32_fusionL1_drop0p2_trmiss80_trlocglobal,3,0.6732927990956806,0.46120689655172414,0.6791517767330199,0.6222222222222222,0.896551724137931,0.125,0.032826608214930636,22,global,0.8
3,4,lr1e-04_bs32_modL1_fusion32_fusionL1_drop0p1_trmiss80_trlocglobal,32,0.0001,1,32,1,0.1,lr1e-04_bs32_modL1_fusion32_fusionL1_drop0p1_trmiss80_trlocglobal,15,0.7619198133508236,0.5237068965517242,0.6913190756931006,0.4222222222222222,0.1724137931034483,0.875,0.06262141434742322,22,global,0.8
3,4,lr1e-04_bs32_modL1_fusion64_fusionL1_drop0p2_trmiss80_trlocglobal,32,0.0001,1,64,1,0.2,lr1e-04_bs32_modL1_fusion64_fusionL1_drop0p2_trmiss80_trlocglobal,1,0.7230633402344125,0.42456896551724144,0.6103172179095271,0.35555555555555557,0.0,1.0,0.0,22,global,0.8
3,4,lr1e-04_bs32_modL1_fusion64_fusionL1_drop0p1_trmiss80_trlocglobal,32,0.0001,1,64,1,0.1,lr1e-04_bs32_modL1_fusion64_fusionL1_drop0p1_trmiss80_trlocglobal,7,0.7073534227408639,0.48275862068965514,0.6996066408525394,0.4444444444444444,0.4827586206896552,0.375,-0.13648020842100292,22,global,0.8
3,5,lr5e-05_bs16_modL1_fusion32_fusionL1_drop0p2_trmiss80_trlocglobal,16,5e-05,1,32,1,0.2,lr5e-05_bs16_modL1_fusion32_fusionL1_drop0p2_trmiss80_trlocglobal,34,0.7005013179817345,0.6314655172413792,0.734595201868466,0.5111111111111111,0.3793103448275862,0.75,0.13130643285972254,22,global,0.8
3,5,lr5e-05_bs16_modL1_fusion32_fusionL1_drop0p1_trmiss80_trlocglobal,16,5e-05,1,32,1,0.1,lr5e-05_bs16_modL1_fusion32_fusionL1_drop0p1_trmiss80_trlocglobal,37,0.6941140423542536,0.6681034482758621,0.7492476405717992,0.5555555555555556,0.41379310344827586,0.8125,0.22978625750451445,22,global,0.8
3,5,lr5e-05_bs16_modL1_fusion64_fusionL1_drop0p2_trmiss80_trlocglobal,16,5e-05,1,64,1,0.2,lr5e-05_bs16_modL1_fusion64_fusionL1_drop0p2_trmiss80_trlocglobal,25,0.6762907702900011,0.5668103448275862,0.7135421420453084,0.6444444444444445,0.8275862068965517,0.3125,0.16129479177027617,22,global,0.8
3,5,lr5e-05_bs16_modL1_fusion64_fusionL1_drop0p1_trmiss80_trlocglobal,16,5e-05,1,64,1,0.1,lr5e-05_bs16_modL1_fusion64_fusionL1_drop0p1_trmiss80_trlocglobal,14,0.6787683951148133,0.603448275862069,0.7548352216463878,0.5555555555555556,0.6551724137931034,0.375,0.03017241379310345,22,global,0.8
3,5,lr1e-04_bs16_modL1_fusion32_fusionL1_drop0p2_trmiss80_trlocglobal,16,0.0001,1,32,1,0.2,lr1e-04_bs16_modL1_fusion32_fusionL1_drop0p2_trmiss80_trlocglobal,24,0.6867936376807087,0.5969827586206897,0.7755355082465272,0.5111111111111111,0.41379310344827586,0.6875,0.10000814947957871,22,global,0.8
3,5,lr1e-04_bs16_modL1_fusion32_fusionL1_drop0p1_trmiss80_trlocglobal,16,0.0001,1,32,1,0.1,lr1e-04_bs16_modL1_fusion32_fusionL1_drop0p1_trmiss80_trlocglobal,10,0.5849609667702047,0.7198275862068966,0.8384930510535722,0.6888888888888889,0.8275862068965517,0.4375,0.2869449118648753,22,global,0.8
3,5,lr1e-04_bs16_modL1_fusion64_fusionL1_drop0p2_trmiss80_trlocglobal,16,0.0001,1,64,1,0.2,lr1e-04_bs16_modL1_fusion64_fusionL1_drop0p2_trmiss80_trlocglobal,4,0.6705242691752852,0.7413793103448276,0.8442594958280945,0.5111111111111111,0.3103448275862069,0.875,0.20644466294075361,22,global,0.8
3,5,lr1e-04_bs16_modL1_fusion64_fusionL1_drop0p1_trmiss80_trlocglobal,16,0.0001,1,64,1,0.1,lr1e-04_bs16_modL1_fusion64_fusionL1_drop0p1_trmiss80_trlocglobal,16,0.6777068645547564,0.6400862068965517,0.809421340384344,0.5555555555555556,0.6551724137931034,0.375,0.03017241379310345,22,global,0.8
3,5,lr5e-05_bs32_modL1_fusion32_fusionL1_drop0p2_trmiss80_trlocglobal,32,5e-05,1,32,1,0.2,lr5e-05_bs32_modL1_fusion32_fusionL1_drop0p2_trmiss80_trlocglobal,33,0.6451443249671489,0.6939655172413793,0.7729057305214391,0.7333333333333333,0.8275862068965517,0.5625,0.40334318170888966,22,global,0.8
3,5,lr5e-05_bs32_modL1_fusion32_fusionL1_drop0p1_trmiss80_trlocglobal,32,5e-05,1,32,1,0.1,lr5e-05_bs32_modL1_fusion32_fusionL1_drop0p1_trmiss80_trlocglobal,14,0.6634097875290167,0.5711206896551725,0.764200848875833,0.5333333333333333,0.5862068965517241,0.4375,0.02297577769006945,22,global,0.8
3,5,lr5e-05_bs32_modL1_fusion64_fusionL1_drop0p2_trmiss80_trlocglobal,32,5e-05,1,64,1,0.2,lr5e-05_bs32_modL1_fusion64_fusionL1_drop0p2_trmiss80_trlocglobal,33,0.6183770944155735,0.6745689655172414,0.7715517775814886,0.6222222222222222,0.8620689655172413,0.1875,0.06546784227230608,22,global,0.8
3,5,lr5e-05_bs32_modL1_fusion64_fusionL1_drop0p1_trmiss80_trlocglobal,32,5e-05,1,64,1,0.1,lr5e-05_bs32_modL1_fusion64_fusionL1_drop0p1_trmiss80_trlocglobal,13,0.6478278072028747,0.6314655172413793,0.7604037747797082,0.6444444444444445,0.8275862068965517,0.3125,0.16129479177027617,22,global,0.8
3,5,lr1e-04_bs32_modL1_fusion32_fusionL1_drop0p2_trmiss80_trlocglobal,32,0.0001,1,32,1,0.2,lr1e-04_bs32_modL1_fusion32_fusionL1_drop0p2_trmiss80_trlocglobal,5,0.6605165849811486,0.5474137931034482,0.744928399204813,0.5777777777777777,0.7586206896551724,0.25,0.009602077346081563,22,global,0.8
3,5,lr1e-04_bs32_modL1_fusion32_fusionL1_drop0p1_trmiss80_trlocglobal,32,0.0001,1,32,1,0.1,lr1e-04_bs32_modL1_fusion32_fusionL1_drop0p1_trmiss80_trlocglobal,11,0.6864511981587426,0.6616379310344828,0.7625889660288205,0.6,0.5172413793103449,0.75,0.25899967577896466,22,global,0.8
3,5,lr1e-04_bs32_modL1_fusion64_fusionL1_drop0p2_trmiss80_trlocglobal,32,0.0001,1,64,1,0.2,lr1e-04_bs32_modL1_fusion64_fusionL1_drop0p2_trmiss80_trlocglobal,19,0.6075605476189376,0.7198275862068966,0.8352355240820659,0.7111111111111111,0.9310344827586207,0.3125,0.3216463555117647,22,global,0.8
3,5,lr1e-04_bs32_modL1_fusion64_fusionL1_drop0p1_trmiss80_trlocglobal,32,0.0001,1,64,1,0.1,lr1e-04_bs32_modL1_fusion64_fusionL1_drop0p1_trmiss80_trlocglobal,3,0.6809436832003458,0.6422413793103449,0.775179953697906,0.6444444444444445,0.6896551724137931,0.5625,0.2463818641631436,22,global,0.8
4,1,lr5e-05_bs16_modL1_fusion32_fusionL1_drop0p2_trmiss80_trlocglobal,16,5e-05,1,32,1,0.2,lr5e-05_bs16_modL1_fusion32_fusionL1_drop0p2_trmiss80_trlocglobal,52,0.6468334998830657,0.5841784989858012,0.7481532466133238,0.6521739130434783,0.8620689655172413,0.29411764705882354,0.1900400555877597,22,global,0.8
4,1,lr5e-05_bs16_modL1_fusion32_fusionL1_drop0p1_trmiss80_trlocglobal,16,5e-05,1,32,1,0.1,lr5e-05_bs16_modL1_fusion32_fusionL1_drop0p1_trmiss80_trlocglobal,42,0.7918650569271753,0.4381338742393509,0.6516930657322789,0.41304347826086957,0.27586206896551724,0.6470588235294118,-0.08085765277072322,22,global,0.8
4,1,lr5e-05_bs16_modL1_fusion64_fusionL1_drop0p2_trmiss80_trlocglobal,16,5e-05,1,64,1,0.2,lr5e-05_bs16_modL1_fusion64_fusionL1_drop0p2_trmiss80_trlocglobal,18,0.7049930227247863,0.5760649087221096,0.7093837825668715,0.5434782608695652,0.4827586206896552,0.6470588235294118,0.12640226104066674,22,global,0.8
4,1,lr5e-05_bs16_modL1_fusion64_fusionL1_drop0p1_trmiss80_trlocglobal,16,5e-05,1,64,1,0.1,lr5e-05_bs16_modL1_fusion64_fusionL1_drop0p1_trmiss80_trlocglobal,36,0.6502265643145525,0.5841784989858012,0.7811498657474307,0.5434782608695652,0.7586206896551724,0.17647058823529413,-0.075958305586118,22,global,0.8
4,1,lr1e-04_bs16_modL1_fusion32_fusionL1_drop0p2_trmiss80_trlocglobal,16,0.0001,1,32,1,0.2,lr1e-04_bs16_modL1_fusion32_fusionL1_drop0p2_trmiss80_trlocglobal,26,0.669746699976038,0.640973630831643,0.7555897807281204,0.5434782608695652,0.4482758620689655,0.7058823529411765,0.15246665222668165,22,global,0.8
4,1,lr1e-04_bs16_modL1_fusion32_fusionL1_drop0p1_trmiss80_trlocglobal,16,0.0001,1,32,1,0.1,lr1e-04_bs16_modL1_fusion32_fusionL1_drop0p1_trmiss80_trlocglobal,19,0.6443164934791553,0.6795131845841785,0.81833970074829,0.5434782608695652,0.7241379310344828,0.23529411764705882,-0.04459400256346491,22,global,0.8
4,1,lr1e-04_bs16_modL1_fusion64_fusionL1_drop0p2_trmiss80_trlocglobal,16,0.0001,1,64,1,0.2,lr1e-04_bs16_modL1_fusion64_fusionL1_drop0p2_trmiss80_trlocglobal,19,0.6343117856614423,0.7079107505070995,0.8009850656565294,0.717391304347826,0.7241379310344828,0.7058823529411765,0.41870748969720856,22,global,0.8
4,1,lr1e-04_bs16_modL1_fusion64_fusionL1_drop0p1_trmiss80_trlocglobal,16,0.0001,1,64,1,0.1,lr1e-04_bs16_modL1_fusion64_fusionL1_drop0p1_trmiss80_trlocglobal,14,0.7769716298468495,0.4746450304259635,0.661865628177387,0.43478260869565216,0.1724137931034483,0.8823529411764706,0.07359680837854628,22,global,0.8
4,1,lr5e-05_bs32_modL1_fusion32_fusionL1_drop0p2_trmiss80_trlocglobal,32,5e-05,1,32,1,0.2,lr5e-05_bs32_modL1_fusion32_fusionL1_drop0p2_trmiss80_trlocglobal,6,0.678585087426603,0.693711967545639,0.7956317360386622,0.6956521739130435,0.7931034482758621,0.5294117647058824,0.332083416337915,22,global,0.8
4,1,lr5e-05_bs32_modL1_fusion32_fusionL1_drop0p1_trmiss80_trlocglobal,32,5e-05,1,32,1,0.1,lr5e-05_bs32_modL1_fusion32_fusionL1_drop0p1_trmiss80_trlocglobal,14,0.6867156639557824,0.5537525354969575,0.6655652125483833,0.5652173913043478,0.7586206896551724,0.23529411764705882,-0.006886006531847012,22,global,0.8
4,1,lr5e-05_bs32_modL1_fusion64_fusionL1_drop0p2_trmiss80_trlocglobal,32,5e-05,1,64,1,0.2,lr5e-05_bs32_modL1_fusion64_fusionL1_drop0p2_trmiss80_trlocglobal,3,0.6912282166681959,0.6450304259634889,0.7444164686247163,0.5434782608695652,0.3793103448275862,0.8235294117647058,0.2127832967650611,22,global,0.8
4,1,lr5e-05_bs32_modL1_fusion64_fusionL1_drop0p1_trmiss80_trlocglobal,32,5e-05,1,64,1,0.1,lr5e-05_bs32_modL1_fusion64_fusionL1_drop0p1_trmiss80_trlocglobal,4,0.7083478509718575,0.5010141987829615,0.6636486758937993,0.5652173913043478,0.6551724137931034,0.4117647058823529,0.06693711967545639,22,global,0.8
4,1,lr1e-04_bs32_modL1_fusion32_fusionL1_drop0p2_trmiss80_trlocglobal,32,0.0001,1,32,1,0.2,lr1e-04_bs32_modL1_fusion32_fusionL1_drop0p2_trmiss80_trlocglobal,39,0.6939668514950171,0.5618661257606491,0.6566052195149373,0.6086956521739131,0.6896551724137931,0.47058823529411764,0.16024340770791076,22,global,0.8
4,1,lr1e-04_bs32_modL1_fusion32_fusionL1_drop0p1_trmiss80_trlocglobal,32,0.0001,1,32,1,0.1,lr1e-04_bs32_modL1_fusion32_fusionL1_drop0p1_trmiss80_trlocglobal,14,0.7773583699875318,0.5821501014198783,0.728560202656327,0.391304347826087,0.034482758620689655,1.0,0.11413509505569111,22,global,0.8
4,1,lr1e-04_bs32_modL1_fusion64_fusionL1_drop0p2_trmiss80_trlocglobal,32,0.0001,1,64,1,0.2,lr1e-04_bs32_modL1_fusion64_fusionL1_drop0p2_trmiss80_trlocglobal,9,0.7438335761225856,0.6125760649087222,0.7042443054781293,0.5,0.27586206896551724,0.8823529411764706,0.18514836986616265,22,global,0.8
4,1,lr1e-04_bs32_modL1_fusion64_fusionL1_drop0p1_trmiss80_trlocglobal,32,0.0001,1,64,1,0.1,lr1e-04_bs32_modL1_fusion64_fusionL1_drop0p1_trmiss80_trlocglobal,25,0.7234039640149411,0.5760649087221096,0.7453721105364012,0.5434782608695652,0.5172413793103449,0.5882352941176471,0.10192082319742922,22,global,0.8
4,2,lr5e-05_bs16_modL1_fusion32_fusionL1_drop0p2_trmiss80_trlocglobal,16,5e-05,1,32,1,0.2,lr5e-05_bs16_modL1_fusion32_fusionL1_drop0p2_trmiss80_trlocglobal,23,0.6464009407619554,0.657563025210084,0.7588841415121723,0.6444444444444445,0.8214285714285714,0.35294117647058826,0.19671560592384282,22,global,0.8
4,2,lr5e-05_bs16_modL1_fusion32_fusionL1_drop0p1_trmiss80_trlocglobal,16,5e-05,1,32,1,0.1,lr5e-05_bs16_modL1_fusion32_fusionL1_drop0p1_trmiss80_trlocglobal,42,0.6793317355395256,0.7331932773109244,0.8157755772266283,0.5333333333333333,0.2857142857142857,0.9411764705882353,0.27500954910846337,22,global,0.8
4,2,lr5e-05_bs16_modL1_fusion64_fusionL1_drop0p2_trmiss80_trlocglobal,16,5e-05,1,64,1,0.2,lr5e-05_bs16_modL1_fusion64_fusionL1_drop0p2_trmiss80_trlocglobal,6,0.7020153879624083,0.4852941176470588,0.6836849631019037,0.4888888888888889,0.4642857142857143,0.5294117647058824,-0.006124949469375316,22,global,0.8
4,2,lr5e-05_bs16_modL1_fusion64_fusionL1_drop0p1_trmiss80_trlocglobal,16,5e-05,1,64,1,0.1,lr5e-05_bs16_modL1_fusion64_fusionL1_drop0p1_trmiss80_trlocglobal,43,0.6644374234378022,0.5987394957983193,0.7071931088890879,0.5555555555555556,0.6428571428571429,0.4117647058823529,0.0546218487394958,22,global,0.8
4,2,lr1e-04_bs16_modL1_fusion32_fusionL1_drop0p2_trmiss80_trlocglobal,16,0.0001,1,32,1,0.2,lr1e-04_bs16_modL1_fusion32_fusionL1_drop0p2_trmiss80_trlocglobal,28,0.6779347205680762,0.6281512605042017,0.7415246354587288,0.5555555555555556,0.4642857142857143,0.7058823529411765,0.16840826742715195,22,global,0.8
4,2,lr1e-04_bs16_modL1_fusion32_fusionL1_drop0p1_trmiss80_trlocglobal,16,0.0001,1,32,1,0.1,lr1e-04_bs16_modL1_fusion32_fusionL1_drop0p1_trmiss80_trlocglobal,29,0.6470495258205363,0.6827731092436975,0.7221920511669583,0.7111111111111111,0.8571428571428571,0.47058823529411764,0.35931349533480833,22,global,0.8
4,2,lr1e-04_bs16_modL1_fusion64_fusionL1_drop0p2_trmiss80_trlocglobal,16,0.0001,1,64,1,0.2,lr1e-04_bs16_modL1_fusion64_fusionL1_drop0p2_trmiss80_trlocglobal,22,0.6505435200440768,0.6911764705882354,0.7223072599803553,0.7111111111111111,0.7142857142857143,0.7058823529411765,0.4099600308453939,22,global,0.8
4,2,lr1e-04_bs16_modL1_fusion64_fusionL1_drop0p1_trmiss80_trlocglobal,16,0.0001,1,64,1,0.1,lr1e-04_bs16_modL1_fusion64_fusionL1_drop0p1_trmiss80_trlocglobal,15,0.630177323958895,0.6932773109243697,0.7343407138050698,0.7111111111111111,0.8928571428571429,0.4117647058823529,0.3552470692237683,22,global,0.8
4,2,lr5e-05_bs32_modL1_fusion32_fusionL1_drop0p2_trmiss80_trlocglobal,32,5e-05,1,32,1,0.2,lr5e-05_bs32_modL1_fusion32_fusionL1_drop0p2_trmiss80_trlocglobal,14,0.6401710177120242,0.8067226890756303,0.8841157211472385,0.6888888888888889,0.5714285714285714,0.8823529411764706,0.4490887131390719,22,global,0.8
4,2,lr5e-05_bs32_modL1_fusion32_fusionL1_drop0p1_trmiss80_trlocglobal,32,5e-05,1,32,1,0.1,lr5e-05_bs32_modL1_fusion32_fusionL1_drop0p1_trmiss80_trlocglobal,45,0.669532873611759,0.6701680672268907,0.7828197059780267,0.5777777777777777,0.5357142857142857,0.6470588235294118,0.17762353461188415,22,global,0.8
4,2,lr5e-05_bs32_modL1_fusion64_fusionL1_drop0p2_trmiss80_trlocglobal,32,5e-05,1,64,1,0.2,lr5e-05_bs32_modL1_fusion64_fusionL1_drop0p2_trmiss80_trlocglobal,22,0.6503951483424256,0.676470588235294,0.7886001231702672,0.6666666666666666,0.8214285714285714,0.4117647058823529,0.2556653716805367,22,global,0.8
4,2,lr5e-05_bs32_modL1_fusion64_fusionL1_drop0p1_trmiss80_trlocglobal,32,5e-05,1,64,1,0.1,lr5e-05_bs32_modL1_fusion64_fusionL1_drop0p1_trmiss80_trlocglobal,10,0.6942509200845745,0.634453781512605,0.6773075383635137,0.6666666666666666,0.6071428571428571,0.7647058823529411,0.3613720186931436,22,global,0.8
4,2,lr1e-04_bs32_modL1_fusion32_fusionL1_drop0p2_trmiss80_trlocglobal,32,0.0001,1,32,1,0.2,lr1e-04_bs32_modL1_fusion32_fusionL1_drop0p2_trmiss80_trlocglobal,80,0.7347250419065088,0.5609243697478992,0.6849699208685691,0.4444444444444444,0.21428571428571427,0.8235294117647058,0.045834924851410566,22,global,0.8
4,2,lr1e-04_bs32_modL1_fusion32_fusionL1_drop0p1_trmiss80_trlocglobal,32,0.0001,1,32,1,0.1,lr1e-04_bs32_modL1_fusion32_fusionL1_drop0p1_trmiss80_trlocglobal,9,0.6347933364386127,0.6281512605042017,0.728105570965849,0.6444444444444445,0.8928571428571429,0.23529411764705882,0.1714294928472952,22,global,0.8
4,2,lr1e-04_bs32_modL1_fusion64_fusionL1_drop0p2_trmiss80_trlocglobal,32,0.0001,1,64,1,0.2,lr1e-04_bs32_modL1_fusion64_fusionL1_drop0p2_trmiss80_trlocglobal,18,0.7130654010846346,0.5294117647058824,0.7110178185605026,0.5333333333333333,0.5,0.5882352941176471,0.08574929257125442,22,global,0.8
4,2,lr1e-04_bs32_modL1_fusion64_fusionL1_drop0p1_trmiss80_trlocglobal,32,0.0001,1,64,1,0.1,lr1e-04_bs32_modL1_fusion64_fusionL1_drop0p1_trmiss80_trlocglobal,71,0.7004666738487263,0.5273109243697478,0.6755800697709268,0.5555555555555556,0.6071428571428571,0.47058823529411764,0.07630179823107501,22,global,0.8
4,3,lr5e-05_bs16_modL1_fusion32_fusionL1_drop0p2_trmiss80_trlocglobal,16,5e-05,1,32,1,0.2,lr5e-05_bs16_modL1_fusion32_fusionL1_drop0p2_trmiss80_trlocglobal,5,0.6865348484104534,0.5819327731092437,0.6495189962682465,0.5777777777777777,0.5714285714285714,0.5882352941176471,0.1548584319808208,22,global,0.8
4,3,lr5e-05_bs16_modL1_fusion32_fusionL1_drop0p1_trmiss80_trlocglobal,16,5e-05,1,32,1,0.1,lr5e-05_bs16_modL1_fusion32_fusionL1_drop0p1_trmiss80_trlocglobal,9,0.6825083068662401,0.634453781512605,0.7578454462768451,0.6,0.5714285714285714,0.6470588235294118,0.21191153850007058,22,global,0.8
4,3,lr5e-05_bs16_modL1_fusion64_fusionL1_drop0p2_trmiss80_trlocglobal,16,5e-05,1,64,1,0.2,lr5e-05_bs16_modL1_fusion64_fusionL1_drop0p2_trmiss80_trlocglobal,28,0.6960872438440272,0.44537815126050423,0.6238950297437448,0.6222222222222222,0.9642857142857143,0.058823529411764705,0.05436757761928679,22,global,0.8
4,3,lr5e-05_bs16_modL1_fusion64_fusionL1_drop0p1_trmiss80_trlocglobal,16,5e-05,1,64,1,0.1,lr5e-05_bs16_modL1_fusion64_fusionL1_drop0p1_trmiss80_trlocglobal,51,0.642409500794887,0.6134453781512605,0.7360613756338961,0.6444444444444445,0.8214285714285714,0.35294117647058826,0.19671560592384282,22,global,0.8
4,3,lr1e-04_bs16_modL1_fusion32_fusionL1_drop0p2_trmiss80_trlocglobal,16,0.0001,1,32,1,0.2,lr1e-04_bs16_modL1_fusion32_fusionL1_drop0p2_trmiss80_trlocglobal,20,0.6645045882675414,0.7142857142857143,0.8299143035781239,0.6222222222222222,0.4642857142857143,0.8823529411764706,0.35651204795369046,22,global,0.8
4,3,lr1e-04_bs16_modL1_fusion32_fusionL1_drop0p1_trmiss80_trlocglobal,16,0.0001,1,32,1,0.1,lr1e-04_bs16_modL1_fusion32_fusionL1_drop0p1_trmiss80_trlocglobal,17,0.6224519891106249,0.6848739495798319,0.7893163165094387,0.6888888888888889,0.8571428571428571,0.4117647058823529,0.3033686452801432,22,global,0.8
4,3,lr1e-04_bs16_modL1_fusion64_fusionL1_drop0p2_trmiss80_trlocglobal,16,0.0001,1,64,1,0.2,lr1e-04_bs16_modL1_fusion64_fusionL1_drop0p2_trmiss80_trlocglobal,45,0.7260106092614006,0.48949579831932777,0.6149839804068095,0.4888888888888889,0.4642857142857143,0.5294117647058824,-0.006124949469375316,22,global,0.8
4,3,lr1e-04_bs16_modL1_fusion64_fusionL1_drop0p1_trmiss80_trlocglobal,16,0.0001,1,64,1,0.1,lr1e-04_bs16_modL1_fusion64_fusionL1_drop0p1_trmiss80_trlocglobal,24,0.6817162780401677,0.638655462184874,0.7338298229228544,0.6666666666666666,0.7857142857142857,0.47058823529411764,0.26841790944039673,22,global,0.8
4,3,lr5e-05_bs32_modL1_fusion32_fusionL1_drop0p2_trmiss80_trlocglobal,32,5e-05,1,32,1,0.2,lr5e-05_bs32_modL1_fusion32_fusionL1_drop0p2_trmiss80_trlocglobal,38,0.6784945616405232,0.5903361344537815,0.7061933952037801,0.5555555555555556,0.5357142857142857,0.5882352941176471,0.12021904587984773,22,global,0.8
4,3,lr5e-05_bs32_modL1_fusion32_fusionL1_drop0p1_trmiss80_trlocglobal,32,5e-05,1,32,1,0.1,lr5e-05_bs32_modL1_fusion32_fusionL1_drop0p1_trmiss80_trlocglobal,37,0.7961609937429032,0.5,0.6813495349561999,0.4222222222222222,0.17857142857142858,0.8235294117647058,0.0026641008929884397,22,global,0.8
4,3,lr5e-05_bs32_modL1_fusion64_fusionL1_drop0p2_trmiss80_trlocglobal,32,5e-05,1,64,1,0.2,lr5e-05_bs32_modL1_fusion64_fusionL1_drop0p2_trmiss80_trlocglobal,1,0.6842732355463,0.5252100840336135,0.6511722691391828,0.6666666666666666,0.8928571428571429,0.29411764705882354,0.23710497947597114,22,global,0.8
4,3,lr5e-05_bs32_modL1_fusion64_fusionL1_drop0p1_trmiss80_trlocglobal,32,5e-05,1,64,1,0.1,lr5e-05_bs32_modL1_fusion64_fusionL1_drop0p1_trmiss80_trlocglobal,9,0.6238098447464699,0.7436974789915967,0.8264292676795278,0.6666666666666666,0.9285714285714286,0.23529411764705882,0.23371317622140136,22,global,0.8
4,3,lr1e-04_bs32_modL1_fusion32_fusionL1_drop0p2_trmiss80_trlocglobal,32,0.0001,1,32,1,0.2,lr1e-04_bs32_modL1_fusion32_fusionL1_drop0p2_trmiss80_trlocglobal,21,0.6335524526505915,0.6743697478991596,0.7734469637760467,0.6666666666666666,0.75,0.5294117647058824,0.28300178469753123,22,global,0.8
4,3,lr1e-04_bs32_modL1_fusion32_fusionL1_drop0p1_trmiss80_trlocglobal,32,0.0001,1,32,1,0.1,lr1e-04_bs32_modL1_fusion32_fusionL1_drop0p1_trmiss80_trlocglobal,64,0.6999235581908014,0.5378151260504203,0.6812143043541818,0.5777777777777777,0.6785714285714286,0.4117647058823529,0.09149681760897627,22,global,0.8
4,3,lr1e-04_bs32_modL1_fusion64_fusionL1_drop0p2_trmiss80_trlocglobal,32,0.0001,1,64,1,0.2,lr1e-04_bs32_modL1_fusion64_fusionL1_drop0p2_trmiss80_trlocglobal,5,0.6678708168598521,0.5378151260504201,0.699529212733382,0.6,0.8214285714285714,0.23529411764705882,0.06875238727711584,22,global,0.8
4,3,lr1e-04_bs32_modL1_fusion64_fusionL1_drop0p1_trmiss80_trlocglobal,32,0.0001,1,64,1,0.1,lr1e-04_bs32_modL1_fusion64_fusionL1_drop0p1_trmiss80_trlocglobal,62,0.6464599084349391,0.6050420168067228,0.7504114643850104,0.6,0.8214285714285714,0.23529411764705882,0.06875238727711584,22,global,0.8
4,4,lr5e-05_bs16_modL1_fusion32_fusionL1_drop0p2_trmiss80_trlocglobal,16,5e-05,1,32,1,0.2,lr5e-05_bs16_modL1_fusion32_fusionL1_drop0p2_trmiss80_trlocglobal,14,0.713976959486579,0.4579741379310345,0.6515356092231809,0.5111111111111111,0.5862068965517241,0.375,-0.03790490217894517,22,global,0.8
4,4,lr5e-05_bs16_modL1_fusion32_fusionL1_drop0p1_trmiss80_trlocglobal,16,5e-05,1,32,1,0.1,lr5e-05_bs16_modL1_fusion32_fusionL1_drop0p1_trmiss80_trlocglobal,31,0.7386543726439656,0.5786637931034483,0.7103003653486097,0.4222222222222222,0.1724137931034483,0.875,0.06262141434742322,22,global,0.8
4,4,lr5e-05_bs16_modL1_fusion64_fusionL1_drop0p2_trmiss80_trlocglobal,16,5e-05,1,64,1,0.2,lr5e-05_bs16_modL1_fusion64_fusionL1_drop0p2_trmiss80_trlocglobal,22,0.645646258492764,0.6907327586206897,0.8181444984869654,0.6666666666666666,0.7241379310344828,0.5625,0.28300178469753123,22,global,0.8
4,4,lr5e-05_bs16_modL1_fusion64_fusionL1_drop0p1_trmiss80_trlocglobal,16,5e-05,1,64,1,0.1,lr5e-05_bs16_modL1_fusion64_fusionL1_drop0p1_trmiss80_trlocglobal,13,0.7448558040418113,0.5032327586206897,0.6913452275096059,0.4222222222222222,0.1724137931034483,0.875,0.06262141434742322,22,global,0.8
4,4,lr1e-04_bs16_modL1_fusion32_fusionL1_drop0p2_trmiss80_trlocglobal,16,0.0001,1,32,1,0.2,lr1e-04_bs16_modL1_fusion32_fusionL1_drop0p2_trmiss80_trlocglobal,4,0.7054651159950829,0.6519396551724138,0.7190587659076876,0.4222222222222222,0.2413793103448276,0.75,-0.009602077346081563,22,global,0.8
4,4,lr1e-04_bs16_modL1_fusion32_fusionL1_drop0p1_trmiss80_trlocglobal,16,0.0001,1,32,1,0.1,lr1e-04_bs16_modL1_fusion32_fusionL1_drop0p1_trmiss80_trlocglobal,1,0.6488562059683662,0.720905172413793,0.8067959149781384,0.6444444444444445,1.0,0.0,0.0,22,global,0.8
4,4,lr1e-04_bs16_modL1_fusion64_fusionL1_drop0p2_trmiss80_trlocglobal,16,0.0001,1,64,1,0.2,lr1e-04_bs16_modL1_fusion64_fusionL1_drop0p2_trmiss80_trlocglobal,77,0.6575448716193572,0.6519396551724138,0.7476353730895162,0.6444444444444445,0.896551724137931,0.1875,0.11835801911849983,22,global,0.8
4,4,lr1e-04_bs16_modL1_fusion64_fusionL1_drop0p1_trmiss80_trlocglobal,16,0.0001,1,64,1,0.1,lr1e-04_bs16_modL1_fusion64_fusionL1_drop0p1_trmiss80_trlocglobal,28,0.6627874367286622,0.5872844827586208,0.687412851774814,0.6666666666666666,0.896551724137931,0.25,0.19355709889203537,22,global,0.8
4,4,lr5e-05_bs32_modL1_fusion32_fusionL1_drop0p2_trmiss80_trlocglobal,32,5e-05,1,32,1,0.2,lr5e-05_bs32_modL1_fusion32_fusionL1_drop0p2_trmiss80_trlocglobal,64,0.6501820283134049,0.6799568965517242,0.8057131216666548,0.6888888888888889,0.8275862068965517,0.4375,0.2869449118648753,22,global,0.8
4,4,lr5e-05_bs32_modL1_fusion32_fusionL1_drop0p1_trmiss80_trlocglobal,32,5e-05,1,32,1,0.1,lr5e-05_bs32_modL1_fusion32_fusionL1_drop0p1_trmiss80_trlocglobal,5,0.6839549573936926,0.6648706896551725,0.7749383634336023,0.6,0.5517241379310345,0.6875,0.22953489598077764,22,global,0.8
4,4,lr5e-05_bs32_modL1_fusion64_fusionL1_drop0p2_trmiss80_trlocglobal,32,5e-05,1,64,1,0.2,lr5e-05_bs32_modL1_fusion64_fusionL1_drop0p2_trmiss80_trlocglobal,24,0.6404512514337918,0.7101293103448276,0.8314392203894738,0.7333333333333333,0.7931034482758621,0.625,0.41810344827586204,22,global,0.8
4,4,lr5e-05_bs32_modL1_fusion64_fusionL1_drop0p1_trmiss80_trlocglobal,32,5e-05,1,64,1,0.1,lr5e-05_bs32_modL1_fusion64_fusionL1_drop0p1_trmiss80_trlocglobal,9,0.6668950093738761,0.6088362068965517,0.7426232898946487,0.5555555555555556,0.7241379310344828,0.25,-0.027994625547792713,22,global,0.8
4,4,lr1e-04_bs32_modL1_fusion32_fusionL1_drop0p2_trmiss80_trlocglobal,32,0.0001,1,32,1,0.2,lr1e-04_bs32_modL1_fusion32_fusionL1_drop0p2_trmiss80_trlocglobal,60,0.8099390668580744,0.509698275862069,0.7297860212620902,0.37777777777777777,0.034482758620689655,1.0,0.11197850219117086,22,global,0.8
4,4,lr1e-04_bs32_modL1_fusion32_fusionL1_drop0p1_trmiss80_trlocglobal,32,0.0001,1,32,1,0.1,lr1e-04_bs32_modL1_fusion32_fusionL1_drop0p1_trmiss80_trlocglobal,1,0.669786951953397,0.6885775862068965,0.7864820146231861,0.6666666666666666,1.0,0.0625,0.2029610352214972,22,global,0.8
4,4,lr1e-04_bs32_modL1_fusion64_fusionL1_drop0p2_trmiss80_trlocglobal,32,0.0001,1,64,1,0.2,lr1e-04_bs32_modL1_fusion64_fusionL1_drop0p2_trmiss80_trlocglobal,51,0.6614548591647132,0.5851293103448276,0.7306354094089335,0.6222222222222222,0.7586206896551724,0.375,0.14111917664128826,22,global,0.8
4,4,lr1e-04_bs32_modL1_fusion64_fusionL1_drop0p1_trmiss80_trlocglobal,32,0.0001,1,64,1,0.1,lr1e-04_bs32_modL1_fusion64_fusionL1_drop0p1_trmiss80_trlocglobal,20,0.6519434532321815,0.6907327586206897,0.851968113048426,0.6444444444444445,0.6551724137931034,0.625,0.2698978095246549,22,global,0.8
4,5,lr5e-05_bs16_modL1_fusion32_fusionL1_drop0p2_trmiss80_trlocglobal,16,5e-05,1,32,1,0.2,lr5e-05_bs16_modL1_fusion32_fusionL1_drop0p2_trmiss80_trlocglobal,24,0.6822351596821682,0.4762931034482759,0.6394499544046436,0.6,0.7931034482758621,0.25,0.049629166698546515,22,global,0.8
4,5,lr5e-05_bs16_modL1_fusion32_fusionL1_drop0p1_trmiss80_trlocglobal,16,5e-05,1,32,1,0.1,lr5e-05_bs16_modL1_fusion32_fusionL1_drop0p1_trmiss80_trlocglobal,6,0.6582517809673324,0.5862068965517241,0.7011441136613822,0.6444444444444445,0.7931034482758621,0.375,0.18196506606065263,22,global,0.8
4,5,lr5e-05_bs16_modL1_fusion64_fusionL1_drop0p2_trmiss80_trlocglobal,16,5e-05,1,64,1,0.2,lr5e-05_bs16_modL1_fusion64_fusionL1_drop0p2_trmiss80_trlocglobal,1,0.6841950383164723,0.6487068965517241,0.7926873822742744,0.6888888888888889,0.7241379310344828,0.625,0.3411441196105065,22,global,0.8
4,5,lr5e-05_bs16_modL1_fusion64_fusionL1_drop0p1_trmiss80_trlocglobal,16,5e-05,1,64,1,0.1,lr5e-05_bs16_modL1_fusion64_fusionL1_drop0p1_trmiss80_trlocglobal,44,0.6365955418501152,0.622844827586207,0.7521144288295998,0.6666666666666666,0.7586206896551724,0.5,0.2626128657194451,22,global,0.8
4,5,lr1e-04_bs16_modL1_fusion32_fusionL1_drop0p2_trmiss80_trlocglobal,16,0.0001,1,32,1,0.2,lr1e-04_bs16_modL1_fusion32_fusionL1_drop0p2_trmiss80_trlocglobal,32,0.7300044800440024,0.646551724137931,0.760644699435786,0.5111111111111111,0.3793103448275862,0.75,0.13130643285972254,22,global,0.8
4,5,lr1e-04_bs16_modL1_fusion32_fusionL1_drop0p1_trmiss80_trlocglobal,16,0.0001,1,32,1,0.1,lr1e-04_bs16_modL1_fusion32_fusionL1_drop0p1_trmiss80_trlocglobal,6,0.6869256936547601,0.6336206896551724,0.7861272370955981,0.5111111111111111,0.3793103448275862,0.75,0.13130643285972254,22,global,0.8
4,5,lr1e-04_bs16_modL1_fusion64_fusionL1_drop0p2_trmiss80_trlocglobal,16,0.0001,1,64,1,0.2,lr1e-04_bs16_modL1_fusion64_fusionL1_drop0p2_trmiss80_trlocglobal,33,0.6800282100764595,0.603448275862069,0.7282695329711465,0.6,0.6551724137931034,0.5,0.15161960871578067,22,global,0.8
4,5,lr1e-04_bs16_modL1_fusion64_fusionL1_drop0p1_trmiss80_trlocglobal,16,0.0001,1,64,1,0.1,lr1e-04_bs16_modL1_fusion64_fusionL1_drop0p1_trmiss80_trlocglobal,10,0.6883636126807047,0.5991379310344827,0.737254175802591,0.5555555555555556,0.7586206896551724,0.1875,-0.06203645837318314,22,global,0.8
4,5,lr5e-05_bs32_modL1_fusion32_fusionL1_drop0p2_trmiss80_trlocglobal,32,5e-05,1,32,1,0.2,lr5e-05_bs32_modL1_fusion32_fusionL1_drop0p2_trmiss80_trlocglobal,3,0.6827597378194866,0.560344827586207,0.6892464454361805,0.4888888888888889,0.6206896551724138,0.25,-0.13130643285972254,22,global,0.8
4,5,lr5e-05_bs32_modL1_fusion32_fusionL1_drop0p1_trmiss80_trlocglobal,32,5e-05,1,32,1,0.1,lr5e-05_bs32_modL1_fusion32_fusionL1_drop0p1_trmiss80_trlocglobal,1,0.7041475033170199,0.4504310344827587,0.6622105081482316,0.4444444444444444,0.1724137931034483,0.9375,0.1547758711549613,22,global,0.8
4,5,lr5e-05_bs32_modL1_fusion64_fusionL1_drop0p2_trmiss80_trlocglobal,32,5e-05,1,64,1,0.2,lr5e-05_bs32_modL1_fusion64_fusionL1_drop0p2_trmiss80_trlocglobal,35,0.6321494585142523,0.646551724137931,0.7981382773551137,0.6222222222222222,0.8275862068965517,0.25,0.09284766908852593,22,global,0.8
4,5,lr5e-05_bs32_modL1_fusion64_fusionL1_drop0p1_trmiss80_trlocglobal,32,5e-05,1,64,1,0.1,lr5e-05_bs32_modL1_fusion64_fusionL1_drop0p1_trmiss80_trlocglobal,34,0.7357270991215659,0.5280172413793103,0.6359493125842457,0.4888888888888889,0.41379310344827586,0.625,0.03790490217894517,22,global,0.8
4,5,lr1e-04_bs32_modL1_fusion32_fusionL1_drop0p2_trmiss80_trlocglobal,32,0.0001,1,32,1,0.2,lr1e-04_bs32_modL1_fusion32_fusionL1_drop0p2_trmiss80_trlocglobal,4,0.6493719275293434,0.6228448275862069,0.7771099409830092,0.6444444444444445,0.9655172413793104,0.0625,0.06507814068139095,22,global,0.8
4,5,lr1e-04_bs32_modL1_fusion32_fusionL1_drop0p1_trmiss80_trlocglobal,32,0.0001,1,32,1,0.1,lr1e-04_bs32_modL1_fusion32_fusionL1_drop0p1_trmiss80_trlocglobal,3,0.6867843296197343,0.5775862068965517,0.7713160286527366,0.5111111111111111,0.2413793103448276,1.0,0.3187999275868818,22,global,0.8
4,5,lr1e-04_bs32_modL1_fusion64_fusionL1_drop0p2_trmiss80_trlocglobal,32,0.0001,1,64,1,0.2,lr1e-04_bs32_modL1_fusion64_fusionL1_drop0p2_trmiss80_trlocglobal,26,0.6568359262840895,0.5495689655172413,0.7096118648704004,0.5555555555555556,0.7586206896551724,0.1875,-0.06203645837318314,22,global,0.8
4,5,lr1e-04_bs32_modL1_fusion64_fusionL1_drop0p1_trmiss80_trlocglobal,32,0.0001,1,64,1,0.1,lr1e-04_bs32_modL1_fusion64_fusionL1_drop0p1_trmiss80_trlocglobal,6,0.662790333480391,0.625,0.7656307880356615,0.5777777777777777,0.6206896551724138,0.5,0.11696759551308082,22,global,0.8
5,1,lr5e-05_bs16_modL1_fusion32_fusionL1_drop0p2_trmiss80_trlocglobal,16,5e-05,1,32,1,0.2,lr5e-05_bs16_modL1_fusion32_fusionL1_drop0p2_trmiss80_trlocglobal,6,0.6856170588644006,0.5172413793103449,0.6445308862856771,0.6086956521739131,0.896551724137931,0.11764705882352941,0.0220190029603282,22,global,0.8
5,1,lr5e-05_bs16_modL1_fusion32_fusionL1_drop0p1_trmiss80_trlocglobal,16,5e-05,1,32,1,0.1,lr5e-05_bs16_modL1_fusion32_fusionL1_drop0p1_trmiss80_trlocglobal,4,0.6426012101616362,0.6146044624746451,0.7476253905192844,0.5652173913043478,0.7241379310344828,0.29411764705882354,0.01956998098628684,22,global,0.8
5,1,lr5e-05_bs16_modL1_fusion64_fusionL1_drop0p2_trmiss80_trlocglobal,16,5e-05,1,64,1,0.2,lr5e-05_bs16_modL1_fusion64_fusionL1_drop0p2_trmiss80_trlocglobal,30,0.7187889620975235,0.5314401622718052,0.6366941596970538,0.5869565217391305,0.6896551724137931,0.4117647058823529,0.10278409729062442,22,global,0.8
5,1,lr5e-05_bs16_modL1_fusion64_fusionL1_drop0p1_trmiss80_trlocglobal,16,5e-05,1,64,1,0.1,lr5e-05_bs16_modL1_fusion64_fusionL1_drop0p1_trmiss80_trlocglobal,1,0.6873377604263088,0.6024340770791076,0.7568149839557655,0.5,0.41379310344827586,0.6470588235294118,0.060184204826321704,22,global,0.8
5,1,lr1e-04_bs16_modL1_fusion32_fusionL1_drop0p2_trmiss80_trlocglobal,16,0.0001,1,32,1,0.2,lr1e-04_bs16_modL1_fusion32_fusionL1_drop0p2_trmiss80_trlocglobal,30,0.662449229561327,0.6044624746450304,0.7020578999963927,0.5869565217391305,0.6551724137931034,0.47058823529411764,0.12438068997439818,22,global,0.8
5,1,lr1e-04_bs16_modL1_fusion32_fusionL1_drop0p1_trmiss80_trlocglobal,16,0.0001,1,32,1,0.1,lr1e-04_bs16_modL1_fusion32_fusionL1_drop0p1_trmiss80_trlocglobal,3,0.7142152786566556,0.5537525354969575,0.7024269990976254,0.4782608695652174,0.3793103448275862,0.6470588235294118,0.02636916835699797,22,global,0.8
5,1,lr1e-04_bs16_modL1_fusion64_fusionL1_drop0p2_trmiss80_trlocglobal,16,0.0001,1,64,1,0.2,lr1e-04_bs16_modL1_fusion64_fusionL1_drop0p2_trmiss80_trlocglobal,6,0.6956011264151986,0.5273833671399595,0.6988530555596044,0.5434782608695652,0.5517241379310345,0.5294117647058824,0.0784006332287917,22,global,0.8
5,1,lr1e-04_bs16_modL1_fusion64_fusionL1_drop0p1_trmiss80_trlocglobal,16,0.0001,1,64,1,0.1,lr1e-04_bs16_modL1_fusion64_fusionL1_drop0p1_trmiss80_trlocglobal,13,0.6796961362996419,0.5456389452332657,0.7144382171071082,0.5652173913043478,0.7586206896551724,0.23529411764705882,-0.006886006531847012,22,global,0.8
5,1,lr5e-05_bs32_modL1_fusion32_fusionL1_drop0p2_trmiss80_trlocglobal,32,5e-05,1,32,1,0.2,lr5e-05_bs32_modL1_fusion32_fusionL1_drop0p2_trmiss80_trlocglobal,32,0.7596075547786509,0.4421906693711968,0.5972607943255317,0.5,0.5172413793103449,0.47058823529411764,-0.011760094984318755,22,global,0.8
5,1,lr5e-05_bs32_modL1_fusion32_fusionL1_drop0p1_trmiss80_trlocglobal,32,5e-05,1,32,1,0.1,lr5e-05_bs32_modL1_fusion32_fusionL1_drop0p1_trmiss80_trlocglobal,1,0.6883255779472021,0.6206896551724138,0.7397161037785591,0.6304347826086957,0.6896551724137931,0.5294117647058824,0.21666313737475812,22,global,0.8
5,1,lr5e-05_bs32_modL1_fusion64_fusionL1_drop0p2_trmiss80_trlocglobal,32,5e-05,1,64,1,0.2,lr5e-05_bs32_modL1_fusion64_fusionL1_drop0p2_trmiss80_trlocglobal,18,0.6833146071943245,0.5476673427991887,0.7563627183375565,0.4782608695652174,0.6206896551724138,0.23529411764705882,-0.14828882113202493,22,global,0.8
5,1,lr5e-05_bs32_modL1_fusion64_fusionL1_drop0p1_trmiss80_trlocglobal,32,5e-05,1,64,1,0.1,lr5e-05_bs32_modL1_fusion64_fusionL1_drop0p1_trmiss80_trlocglobal,10,0.7335236431532037,0.488843813387424,0.6531802933287174,0.43478260869565216,0.27586206896551724,0.7058823529411765,-0.01956998098628684,22,global,0.8
5,1,lr1e-04_bs32_modL1_fusion32_fusionL1_drop0p2_trmiss80_trlocglobal,32,0.0001,1,32,1,0.2,lr1e-04_bs32_modL1_fusion32_fusionL1_drop0p2_trmiss80_trlocglobal,15,0.6654693441028642,0.6146044624746451,0.7237295006721275,0.5869565217391305,0.7586206896551724,0.29411764705882354,0.05797220333250438,22,global,0.8
5,1,lr1e-04_bs32_modL1_fusion32_fusionL1_drop0p1_trmiss80_trlocglobal,32,0.0001,1,32,1,0.1,lr1e-04_bs32_modL1_fusion32_fusionL1_drop0p1_trmiss80_trlocglobal,3,0.6732652174122087,0.6511156186612577,0.7615782636807683,0.6956521739130435,0.8275862068965517,0.47058823529411764,0.3196430227760184,22,global,0.8
5,1,lr1e-04_bs32_modL1_fusion64_fusionL1_drop0p2_trmiss80_trlocglobal,32,0.0001,1,64,1,0.2,lr1e-04_bs32_modL1_fusion64_fusionL1_drop0p2_trmiss80_trlocglobal,76,0.7014641579769747,0.5172413793103449,0.6255387700023229,0.5869565217391305,0.6896551724137931,0.4117647058823529,0.10278409729062442,22,global,0.8
5,1,lr1e-04_bs32_modL1_fusion64_fusionL1_drop0p1_trmiss80_trlocglobal,32,0.0001,1,64,1,0.1,lr1e-04_bs32_modL1_fusion64_fusionL1_drop0p1_trmiss80_trlocglobal,5,0.698303470063533,0.5578093306288032,0.7222425739996167,0.5217391304347826,0.5862068965517241,0.4117647058823529,-0.0019884645726225285,22,global,0.8
5,2,lr5e-05_bs16_modL1_fusion32_fusionL1_drop0p2_trmiss80_trlocglobal,16,5e-05,1,32,1,0.2,lr5e-05_bs16_modL1_fusion32_fusionL1_drop0p2_trmiss80_trlocglobal,1,0.6955440934644807,0.546218487394958,0.685959241685756,0.4888888888888889,0.2857142857142857,0.8235294117647058,0.12324351214505816,22,global,0.8
5,2,lr5e-05_bs16_modL1_fusion32_fusionL1_drop0p1_trmiss80_trlocglobal,16,5e-05,1,32,1,0.1,lr5e-05_bs16_modL1_fusion32_fusionL1_drop0p1_trmiss80_trlocglobal,1,0.6882610851760175,0.5483193277310925,0.6968535799324519,0.5333333333333333,0.75,0.17647058823529413,-0.08574929257125442,22,global,0.8
5,2,lr5e-05_bs16_modL1_fusion64_fusionL1_drop0p2_trmiss80_trlocglobal,16,5e-05,1,64,1,0.2,lr5e-05_bs16_modL1_fusion64_fusionL1_drop0p2_trmiss80_trlocglobal,3,0.7183814131367197,0.5210084033613446,0.6490090479329961,0.4444444444444444,0.25,0.7647058823529411,0.01659047278875783,22,global,0.8
5,2,lr5e-05_bs16_modL1_fusion64_fusionL1_drop0p1_trmiss80_trlocglobal,16,5e-05,1,64,1,0.1,lr5e-05_bs16_modL1_fusion64_fusionL1_drop0p1_trmiss80_trlocglobal,8,0.7116547364699471,0.5357142857142858,0.6475133082410175,0.5111111111111111,0.42857142857142855,0.6470588235294118,0.07484811885651198,22,global,0.8
5,2,lr1e-04_bs16_modL1_fusion32_fusionL1_drop0p2_trmiss80_trlocglobal,16,0.0001,1,32,1,0.2,lr1e-04_bs16_modL1_fusion32_fusionL1_drop0p2_trmiss80_trlocglobal,9,0.729222678227118,0.4516806722689075,0.5769372800073316,0.4222222222222222,0.42857142857142855,0.4117647058823529,-0.1548584319808208,22,global,0.8
5,2,lr1e-04_bs16_modL1_fusion32_fusionL1_drop0p1_trmiss80_trlocglobal,16,0.0001,1,32,1,0.1,lr1e-04_bs16_modL1_fusion32_fusionL1_drop0p1_trmiss80_trlocglobal,1,0.7053421943912862,0.3613445378151261,0.6007963831808156,0.3333333333333333,0.21428571428571427,0.5294117647058824,-0.26841790944039673,22,global,0.8
5,2,lr1e-04_bs16_modL1_fusion64_fusionL1_drop0p2_trmiss80_trlocglobal,16,0.0001,1,64,1,0.2,lr1e-04_bs16_modL1_fusion64_fusionL1_drop0p2_trmiss80_trlocglobal,4,0.6847445535687146,0.4915966386554622,0.6852948510345512,0.5111111111111111,0.5714285714285714,0.4117647058823529,-0.01649768610401622,22,global,0.8
5,2,lr1e-04_bs16_modL1_fusion64_fusionL1_drop0p1_trmiss80_trlocglobal,16,0.0001,1,64,1,0.1,lr1e-04_bs16_modL1_fusion64_fusionL1_drop0p1_trmiss80_trlocglobal,1,0.7245875693996146,0.46218487394957986,0.6442800814663269,0.37777777777777777,0.03571428571428571,0.9411764705882353,-0.05436757761928679,22,global,0.8
5,2,lr5e-05_bs32_modL1_fusion32_fusionL1_drop0p2_trmiss80_trlocglobal,32,5e-05,1,32,1,0.2,lr5e-05_bs32_modL1_fusion32_fusionL1_drop0p2_trmiss80_trlocglobal,10,0.762462230553855,0.5399159663865547,0.6467920747027801,0.4666666666666667,0.25,0.8235294117647058,0.08574929257125442,22,global,0.8
5,2,lr5e-05_bs32_modL1_fusion32_fusionL1_drop0p1_trmiss80_trlocglobal,32,5e-05,1,32,1,0.1,lr5e-05_bs32_modL1_fusion32_fusionL1_drop0p1_trmiss80_trlocglobal,2,0.7100388598825984,0.4369747899159664,0.570033238801595,0.37777777777777777,0.17857142857142858,0.7058823529411765,-0.13474888832625695,22,global,0.8
5,2,lr5e-05_bs32_modL1_fusion64_fusionL1_drop0p2_trmiss80_trlocglobal,32,5e-05,1,64,1,0.2,lr5e-05_bs32_modL1_fusion64_fusionL1_drop0p2_trmiss80_trlocglobal,1,0.6949897946138446,0.6638655462184875,0.7753236956674541,0.4666666666666667,0.14285714285714285,1.0,0.2433792297574958,22,global,0.8
5,2,lr5e-05_bs32_modL1_fusion64_fusionL1_drop0p1_trmiss80_trlocglobal,32,5e-05,1,64,1,0.1,lr5e-05_bs32_modL1_fusion64_fusionL1_drop0p1_trmiss80_trlocglobal,1,0.6977386440823687,0.5294117647058822,0.7040072765946883,0.4888888888888889,0.21428571428571427,0.9411764705882353,0.2079636470606532,22,global,0.8
5,2,lr1e-04_bs32_modL1_fusion32_fusionL1_drop0p2_trmiss80_trlocglobal,32,0.0001,1,32,1,0.2,lr1e-04_bs32_modL1_fusion32_fusionL1_drop0p2_trmiss80_trlocglobal,5,0.7017232529233801,0.5021008403361344,0.6652563457449572,0.4444444444444444,0.5,0.35294117647058826,-0.14348601079588785,22,global,0.8
5,2,lr1e-04_bs32_modL1_fusion32_fusionL1_drop0p1_trmiss80_trlocglobal,32,0.0001,1,32,1,0.1,lr1e-04_bs32_modL1_fusion32_fusionL1_drop0p1_trmiss80_trlocglobal,3,0.6939223330345151,0.46428571428571425,0.5965777749352459,0.6222222222222222,0.7857142857142857,0.35294117647058826,0.15201724802626507,22,global,0.8
5,2,lr1e-04_bs32_modL1_fusion64_fusionL1_drop0p2_trmiss80_trlocglobal,32,0.0001,1,64,1,0.2,lr1e-04_bs32_modL1_fusion64_fusionL1_drop0p2_trmiss80_trlocglobal,12,0.7534984973340205,0.4432773109243697,0.6133340935335124,0.4666666666666667,0.32142857142857145,0.7058823529411765,0.028601908382993094,22,global,0.8
5,2,lr1e-04_bs32_modL1_fusion64_fusionL1_drop0p1_trmiss80_trlocglobal,32,0.0001,1,64,1,0.1,lr1e-04_bs32_modL1_fusion64_fusionL1_drop0p1_trmiss80_trlocglobal,11,0.6942719247830549,0.46638655462184875,0.6229624600066346,0.5333333333333333,0.75,0.17647058823529413,-0.08574929257125442,22,global,0.8
5,3,lr5e-05_bs16_modL1_fusion32_fusionL1_drop0p2_trmiss80_trlocglobal,16,5e-05,1,32,1,0.2,lr5e-05_bs16_modL1_fusion32_fusionL1_drop0p2_trmiss80_trlocglobal,19,0.7106312428123759,0.5945378151260505,0.7513195928945152,0.5111111111111111,0.2857142857142857,0.8823529411764706,0.1959983830200101,22,global,0.8
5,3,lr5e-05_bs16_modL1_fusion32_fusionL1_drop0p1_trmiss80_trlocglobal,16,5e-05,1,32,1,0.1,lr5e-05_bs16_modL1_fusion32_fusionL1_drop0p1_trmiss80_trlocglobal,39,0.7131121221358506,0.5189075630252101,0.6231335488686628,0.5111111111111111,0.5357142857142857,0.47058823529411764,0.006124949469375316,22,global,0.8
5,3,lr5e-05_bs16_modL1_fusion64_fusionL1_drop0p2_trmiss80_trlocglobal,16,5e-05,1,64,1,0.2,lr5e-05_bs16_modL1_fusion64_fusionL1_drop0p2_trmiss80_trlocglobal,16,0.6672161022627945,0.5945378151260505,0.6908261713483751,0.6444444444444445,0.7857142857142857,0.4117647058823529,0.21124075543088197,22,global,0.8
5,3,lr5e-05_bs16_modL1_fusion64_fusionL1_drop0p1_trmiss80_trlocglobal,16,5e-05,1,64,1,0.1,lr5e-05_bs16_modL1_fusion64_fusionL1_drop0p1_trmiss80_trlocglobal,28,0.6355721572617087,0.6449579831932772,0.7556426839857064,0.6222222222222222,0.75,0.4117647058823529,0.16941130349926678,22,global,0.8
5,3,lr1e-04_bs16_modL1_fusion32_fusionL1_drop0p2_trmiss80_trlocglobal,16,0.0001,1,32,1,0.2,lr1e-04_bs16_modL1_fusion32_fusionL1_drop0p2_trmiss80_trlocglobal,9,0.6995062904742748,0.6281512605042017,0.7564494185986704,0.5555555555555556,0.35714285714285715,0.8823529411764706,0.2625752465908215,22,global,0.8
5,3,lr1e-04_bs16_modL1_fusion32_fusionL1_drop0p1_trmiss80_trlocglobal,16,0.0001,1,32,1,0.1,lr1e-04_bs16_modL1_fusion32_fusionL1_drop0p1_trmiss80_trlocglobal,42,0.587860575786971,0.7163865546218487,0.8345590426607736,0.7111111111111111,0.8571428571428571,0.47058823529411764,0.35931349533480833,22,global,0.8
5,3,lr1e-04_bs16_modL1_fusion64_fusionL1_drop0p2_trmiss80_trlocglobal,16,0.0001,1,64,1,0.2,lr1e-04_bs16_modL1_fusion64_fusionL1_drop0p2_trmiss80_trlocglobal,23,0.6591725175938327,0.5777310924369747,0.7060305551861883,0.4666666666666667,0.5,0.4117647058823529,-0.08574929257125442,22,global,0.8
5,3,lr1e-04_bs16_modL1_fusion64_fusionL1_drop0p1_trmiss80_trlocglobal,16,0.0001,1,64,1,0.1,lr1e-04_bs16_modL1_fusion64_fusionL1_drop0p1_trmiss80_trlocglobal,9,0.6300486937766359,0.6890756302521008,0.7831493335886859,0.6444444444444445,0.9642857142857143,0.11764705882352941,0.1592486862037582,22,global,0.8
5,3,lr5e-05_bs32_modL1_fusion32_fusionL1_drop0p2_trmiss80_trlocglobal,32,5e-05,1,32,1,0.2,lr5e-05_bs32_modL1_fusion32_fusionL1_drop0p2_trmiss80_trlocglobal,1,0.7003171458332399,0.5357142857142857,0.714779116624712,0.4888888888888889,0.17857142857142858,1.0,0.27548658250966984,22,global,0.8
5,3,lr5e-05_bs32_modL1_fusion32_fusionL1_drop0p1_trmiss80_trlocglobal,32,5e-05,1,32,1,0.1,lr5e-05_bs32_modL1_fusion32_fusionL1_drop0p1_trmiss80_trlocglobal,13,0.6641338516043914,0.5714285714285714,0.6311813269004064,0.6666666666666666,0.8571428571428571,0.35294117647058826,0.24499797877501261,22,global,0.8
5,3,lr5e-05_bs32_modL1_fusion64_fusionL1_drop0p2_trmiss80_trlocglobal,32,5e-05,1,64,1,0.2,lr5e-05_bs32_modL1_fusion64_fusionL1_drop0p2_trmiss80_trlocglobal,12,0.6815835801078323,0.5714285714285714,0.6547441516155256,0.4666666666666667,0.42857142857142855,0.5294117647058824,-0.04099600308453939,22,global,0.8
5,3,lr5e-05_bs32_modL1_fusion64_fusionL1_drop0p1_trmiss80_trlocglobal,32,5e-05,1,64,1,0.1,lr5e-05_bs32_modL1_fusion64_fusionL1_drop0p1_trmiss80_trlocglobal,27,0.734103409318203,0.6533613445378151,0.7319517603908737,0.4888888888888889,0.25,0.8823529411764706,0.160422236979937,22,global,0.8
5,3,lr1e-04_bs32_modL1_fusion32_fusionL1_drop0p2_trmiss80_trlocglobal,32,0.0001,1,32,1,0.2,lr1e-04_bs32_modL1_fusion32_fusionL1_drop0p2_trmiss80_trlocglobal,55,0.6137559147812965,0.6722689075630253,0.7941481305593036,0.7111111111111111,0.8928571428571429,0.4117647058823529,0.3552470692237683,22,global,0.8
5,3,lr1e-04_bs32_modL1_fusion32_fusionL1_drop0p1_trmiss80_trlocglobal,32,0.0001,1,32,1,0.1,lr1e-04_bs32_modL1_fusion32_fusionL1_drop0p1_trmiss80_trlocglobal,11,0.6660045390724039,0.6932773109243697,0.8008753881405707,0.5555555555555556,0.39285714285714285,0.8235294117647058,0.226615120265253,22,global,0.8
5,3,lr1e-04_bs32_modL1_fusion64_fusionL1_drop0p2_trmiss80_trlocglobal,32,0.0001,1,64,1,0.2,lr1e-04_bs32_modL1_fusion64_fusionL1_drop0p2_trmiss80_trlocglobal,45,0.6969531346020567,0.5315126050420168,0.6988716169998492,0.5111111111111111,0.4642857142857143,0.5882352941176471,0.05124500385567424,22,global,0.8
5,3,lr1e-04_bs32_modL1_fusion64_fusionL1_drop0p1_trmiss80_trlocglobal,32,0.0001,1,64,1,0.1,lr1e-04_bs32_modL1_fusion64_fusionL1_drop0p1_trmiss80_trlocglobal,5,0.6435693785259955,0.6995798319327731,0.7808470106786765,0.6666666666666666,0.8214285714285714,0.4117647058823529,0.2556653716805367,22,global,0.8
5,4,lr5e-05_bs16_modL1_fusion32_fusionL1_drop0p2_trmiss80_trlocglobal,16,5e-05,1,32,1,0.2,lr5e-05_bs16_modL1_fusion32_fusionL1_drop0p2_trmiss80_trlocglobal,15,0.7177126455874641,0.4364224137931034,0.6128343730861224,0.5111111111111111,0.6551724137931034,0.25,-0.09805027621652566,22,global,0.8
5,4,lr5e-05_bs16_modL1_fusion32_fusionL1_drop0p1_trmiss80_trlocglobal,16,5e-05,1,32,1,0.1,lr5e-05_bs16_modL1_fusion32_fusionL1_drop0p1_trmiss80_trlocglobal,20,0.630146410813864,0.7230603448275862,0.8477893779540043,0.6666666666666666,0.7241379310344828,0.5625,0.28300178469753123,22,global,0.8
5,4,lr5e-05_bs16_modL1_fusion64_fusionL1_drop0p2_trmiss80_trlocglobal,16,5e-05,1,64,1,0.2,lr5e-05_bs16_modL1_fusion64_fusionL1_drop0p2_trmiss80_trlocglobal,26,0.7437561089023126,0.4709051724137931,0.6536122707186207,0.4,0.2413793103448276,0.6875,-0.07698522025642997,22,global,0.8
5,4,lr5e-05_bs16_modL1_fusion64_fusionL1_drop0p1_trmiss80_trlocglobal,16,5e-05,1,64,1,0.1,lr5e-05_bs16_modL1_fusion64_fusionL1_drop0p1_trmiss80_trlocglobal,41,0.6841151409449261,0.6282327586206897,0.7140324895249057,0.6444444444444445,0.7931034482758621,0.375,0.18196506606065263,22,global,0.8
5,4,lr1e-04_bs16_modL1_fusion32_fusionL1_drop0p2_trmiss80_trlocglobal,16,0.0001,1,32,1,0.2,lr1e-04_bs16_modL1_fusion32_fusionL1_drop0p2_trmiss80_trlocglobal,12,0.7176345413359991,0.6023706896551724,0.7421173250285091,0.4888888888888889,0.27586206896551724,0.875,0.1737020834449128,22,global,0.8
5,4,lr1e-04_bs16_modL1_fusion32_fusionL1_drop0p1_trmiss80_trlocglobal,16,0.0001,1,32,1,0.1,lr1e-04_bs16_modL1_fusion32_fusionL1_drop0p1_trmiss80_trlocglobal,3,0.7077015885317349,0.6497844827586207,0.7710440652454722,0.5333333333333333,0.41379310344827586,0.75,0.16379310344827586,22,global,0.8
5,4,lr1e-04_bs16_modL1_fusion64_fusionL1_drop0p2_trmiss80_trlocglobal,16,0.0001,1,64,1,0.2,lr1e-04_bs16_modL1_fusion64_fusionL1_drop0p2_trmiss80_trlocglobal,22,0.713313600615374,0.49461206896551724,0.717403885278778,0.4444444444444444,0.2413793103448276,0.8125,0.06203645837318314,22,global,0.8
5,4,lr1e-04_bs16_modL1_fusion64_fusionL1_drop0p1_trmiss80_trlocglobal,16,0.0001,1,64,1,0.1,lr1e-04_bs16_modL1_fusion64_fusionL1_drop0p1_trmiss80_trlocglobal,45,0.6308991163018693,0.7618534482758621,0.8444192088562542,0.7777777777777778,0.8620689655172413,0.625,0.5036218732939727,22,global,0.8
5,4,lr5e-05_bs32_modL1_fusion32_fusionL1_drop0p2_trmiss80_trlocglobal,32,5e-05,1,32,1,0.2,lr5e-05_bs32_modL1_fusion32_fusionL1_drop0p2_trmiss80_trlocglobal,78,0.6632860649195192,0.6734913793103449,0.7665833856514075,0.6888888888888889,0.8275862068965517,0.4375,0.2869449118648753,22,global,0.8
5,4,lr5e-05_bs32_modL1_fusion32_fusionL1_drop0p1_trmiss80_trlocglobal,32,5e-05,1,32,1,0.1,lr5e-05_bs32_modL1_fusion32_fusionL1_drop0p1_trmiss80_trlocglobal,1,0.7132504336756208,0.3782327586206896,0.5992230251913603,0.37777777777777777,0.034482758620689655,1.0,0.11197850219117086,22,global,0.8
5,4,lr5e-05_bs32_modL1_fusion64_fusionL1_drop0p2_trmiss80_trlocglobal,32,5e-05,1,64,1,0.2,lr5e-05_bs32_modL1_fusion64_fusionL1_drop0p2_trmiss80_trlocglobal,33,0.64835004909096,0.6476293103448276,0.7836700154742438,0.7111111111111111,0.9310344827586207,0.3125,0.3216463555117647,22,global,0.8
5,4,lr5e-05_bs32_modL1_fusion64_fusionL1_drop0p1_trmiss80_trlocglobal,32,5e-05,1,64,1,0.1,lr5e-05_bs32_modL1_fusion64_fusionL1_drop0p1_trmiss80_trlocglobal,80,0.6361127999040079,0.6519396551724137,0.7566839241543004,0.6444444444444445,0.9310344827586207,0.125,0.094252403466933,22,global,0.8
5,4,lr1e-04_bs32_modL1_fusion32_fusionL1_drop0p2_trmiss80_trlocglobal,32,0.0001,1,32,1,0.2,lr1e-04_bs32_modL1_fusion32_fusionL1_drop0p2_trmiss80_trlocglobal,59,0.6911483949173218,0.6077586206896551,0.7550600924982067,0.4888888888888889,0.41379310344827586,0.625,0.03790490217894517,22,global,0.8
5,4,lr1e-04_bs32_modL1_fusion32_fusionL1_drop0p1_trmiss80_trlocglobal,32,0.0001,1,32,1,0.1,lr1e-04_bs32_modL1_fusion32_fusionL1_drop0p1_trmiss80_trlocglobal,2,0.7128539623705799,0.5915948275862069,0.7155324535673634,0.37777777777777777,0.034482758620689655,1.0,0.11197850219117086,22,global,0.8
5,4,lr1e-04_bs32_modL1_fusion64_fusionL1_drop0p2_trmiss80_trlocglobal,32,0.0001,1,64,1,0.2,lr1e-04_bs32_modL1_fusion64_fusionL1_drop0p2_trmiss80_trlocglobal,24,0.6255006377967506,0.7758620689655173,0.8361929902283477,0.7555555555555555,0.9310344827586207,0.4375,0.44102642817049814,22,global,0.8
5,4,lr1e-04_bs32_modL1_fusion64_fusionL1_drop0p1_trmiss80_trlocglobal,32,0.0001,1,64,1,0.1,lr1e-04_bs32_modL1_fusion64_fusionL1_drop0p1_trmiss80_trlocglobal,30,0.6355340948274061,0.7693965517241379,0.8492751420752835,0.7333333333333333,0.7586206896551724,0.6875,0.43590637505786944,22,global,0.8
5,5,lr5e-05_bs16_modL1_fusion32_fusionL1_drop0p2_trmiss80_trlocglobal,16,5e-05,1,32,1,0.2,lr5e-05_bs16_modL1_fusion32_fusionL1_drop0p2_trmiss80_trlocglobal,17,0.649570142701297,0.6594827586206897,0.7976198310285103,0.6222222222222222,0.7586206896551724,0.375,0.14111917664128826,22,global,0.8
5,5,lr5e-05_bs16_modL1_fusion32_fusionL1_drop0p1_trmiss80_trlocglobal,16,5e-05,1,32,1,0.1,lr5e-05_bs16_modL1_fusion32_fusionL1_drop0p1_trmiss80_trlocglobal,22,0.7610616161931284,0.5862068965517242,0.741381237360032,0.4444444444444444,0.20689655172413793,0.875,0.10253656179688207,22,global,0.8
5,5,lr5e-05_bs16_modL1_fusion64_fusionL1_drop0p2_trmiss80_trlocglobal,16,5e-05,1,64,1,0.2,lr5e-05_bs16_modL1_fusion64_fusionL1_drop0p2_trmiss80_trlocglobal,3,0.6752909055927044,0.5431034482758621,0.693963033790461,0.5555555555555556,0.6896551724137931,0.3125,0.0022284153685574013,22,global,0.8
5,5,lr5e-05_bs16_modL1_fusion64_fusionL1_drop0p1_trmiss80_trlocglobal,16,5e-05,1,64,1,0.1,lr5e-05_bs16_modL1_fusion64_fusionL1_drop0p1_trmiss80_trlocglobal,15,0.6520750543476778,0.6918103448275862,0.8237817066892714,0.6,0.6206896551724138,0.5625,0.17647164468919743,22,global,0.8
5,5,lr1e-04_bs16_modL1_fusion32_fusionL1_drop0p2_trmiss80_trlocglobal,16,0.0001,1,32,1,0.2,lr1e-04_bs16_modL1_fusion32_fusionL1_drop0p2_trmiss80_trlocglobal,16,0.5991438829706616,0.6982758620689655,0.8313838912996951,0.6888888888888889,1.0,0.125,0.29034862765543656,22,global,0.8
5,5,lr1e-04_bs16_modL1_fusion32_fusionL1_drop0p1_trmiss80_trlocglobal,16,0.0001,1,32,1,0.1,lr1e-04_bs16_modL1_fusion32_fusionL1_drop0p1_trmiss80_trlocglobal,22,0.6212990646455798,0.6961206896551724,0.7715461194979933,0.7111111111111111,0.8620689655172413,0.4375,0.33367218777633434,22,global,0.8
5,5,lr1e-04_bs16_modL1_fusion64_fusionL1_drop0p2_trmiss80_trlocglobal,16,0.0001,1,64,1,0.2,lr1e-04_bs16_modL1_fusion64_fusionL1_drop0p2_trmiss80_trlocglobal,14,0.6716133198551291,0.5862068965517241,0.7265381916884964,0.5777777777777777,0.6551724137931034,0.4375,0.09149681760897627,22,global,0.8
5,5,lr1e-04_bs16_modL1_fusion64_fusionL1_drop0p1_trmiss80_trlocglobal,16,0.0001,1,64,1,0.1,lr1e-04_bs16_modL1_fusion64_fusionL1_drop0p1_trmiss80_trlocglobal,11,0.6219647723290423,0.6810344827586207,0.791608405453361,0.6888888888888889,0.7586206896551724,0.5625,0.32112068965517243,22,global,0.8
5,5,lr5e-05_bs32_modL1_fusion32_fusionL1_drop0p2_trmiss80_trlocglobal,32,5e-05,1,32,1,0.2,lr5e-05_bs32_modL1_fusion32_fusionL1_drop0p2_trmiss80_trlocglobal,24,0.6207111042842345,0.6443965517241379,0.7669552368826765,0.7333333333333333,0.9310344827586207,0.375,0.3831629414515067,22,global,0.8
5,5,lr5e-05_bs32_modL1_fusion32_fusionL1_drop0p1_trmiss80_trlocglobal,32,5e-05,1,32,1,0.1,lr5e-05_bs32_modL1_fusion32_fusionL1_drop0p1_trmiss80_trlocglobal,8,0.6373471790091249,0.5862068965517242,0.7377067341001599,0.6666666666666666,0.9655172413793104,0.125,0.1737020834449128,22,global,0.8
5,5,lr5e-05_bs32_modL1_fusion64_fusionL1_drop0p2_trmiss80_trlocglobal,32,5e-05,1,64,1,0.2,lr5e-05_bs32_modL1_fusion64_fusionL1_drop0p2_trmiss80_trlocglobal,1,0.6985898811540829,0.5086206896551724,0.6539097529444984,0.4888888888888889,0.41379310344827586,0.625,0.03790490217894517,22,global,0.8
5,5,lr5e-05_bs32_modL1_fusion64_fusionL1_drop0p1_trmiss80_trlocglobal,32,5e-05,1,64,1,0.1,lr5e-05_bs32_modL1_fusion64_fusionL1_drop0p1_trmiss80_trlocglobal,37,0.6900251774064823,0.5150862068965517,0.6899812299026182,0.5333333333333333,0.6206896551724138,0.375,-0.0042556659353012215,22,global,0.8
5,5,lr1e-04_bs32_modL1_fusion32_fusionL1_drop0p2_trmiss80_trlocglobal,32,0.0001,1,32,1,0.2,lr1e-04_bs32_modL1_fusion32_fusionL1_drop0p2_trmiss80_trlocglobal,6,0.6871238847319454,0.6551724137931034,0.7593989592662123,0.5777777777777777,0.5172413793103449,0.6875,0.19723301465263243,22,global,0.8
5,5,lr1e-04_bs32_modL1_fusion32_fusionL1_drop0p1_trmiss80_trlocglobal,32,0.0001,1,32,1,0.1,lr1e-04_bs32_modL1_fusion32_fusionL1_drop0p1_trmiss80_trlocglobal,12,0.6367408289413217,0.6056034482758621,0.7497361982656648,0.6666666666666666,0.9310344827586207,0.1875,0.1805463451821185,22,global,0.8
5,5,lr1e-04_bs32_modL1_fusion64_fusionL1_drop0p2_trmiss80_trlocglobal,32,0.0001,1,64,1,0.2,lr1e-04_bs32_modL1_fusion64_fusionL1_drop0p2_trmiss80_trlocglobal,22,0.6758342219293806,0.6120689655172413,0.7624205912335698,0.6222222222222222,0.6896551724137931,0.5,0.18724930115325378,22,global,0.8
5,5,lr1e-04_bs32_modL1_fusion64_fusionL1_drop0p1_trmiss80_trlocglobal,32,0.0001,1,64,1,0.1,lr1e-04_bs32_modL1_fusion64_fusionL1_drop0p1_trmiss80_trlocglobal,40,0.7014744357337693,0.5969827586206896,0.7142542428325751,0.5555555555555556,0.4482758620689655,0.75,0.1957606330238562,22,global,0.8
