outer_fold,inner_fold,hp_name,batch_size,learning_rate,modality_hidden_layers,fusion_hidden_dim,fusion_hidden_layers,dropout,name,val_best_epoch,val_best_LOGLOSS,val_best_AUC,val_best_AUCPR,val_best_ACC,val_best_SEN,val_best_SP,val_best_MCC,seed,missing_location,train_missing_prop
1,1,lr5e-05_bs16_modL1_fusion32_fusionL1_drop0p2_trmiss40_trlocglobal,16,5e-05,1,32,1,0.2,lr5e-05_bs16_modL1_fusion32_fusionL1_drop0p2_trmiss40_trlocglobal,11,0.6578118631184745,0.6302521008403361,0.7696544291792455,0.5777777777777777,0.6785714285714286,0.4117647058823529,0.09149681760897627,2002,global,0.4
1,1,lr5e-05_bs16_modL1_fusion32_fusionL1_drop0p1_trmiss40_trlocglobal,16,5e-05,1,32,1,0.1,lr5e-05_bs16_modL1_fusion32_fusionL1_drop0p1_trmiss40_trlocglobal,8,0.7493984904555527,0.5273109243697479,0.7036868632598285,0.4666666666666667,0.2857142857142857,0.7647058823529411,0.0552789992822782,2002,global,0.4
1,1,lr5e-05_bs16_modL1_fusion64_fusionL1_drop0p2_trmiss40_trlocglobal,16,5e-05,1,64,1,0.2,lr5e-05_bs16_modL1_fusion64_fusionL1_drop0p2_trmiss40_trlocglobal,8,0.6961283490190429,0.5126050420168067,0.609492138449317,0.5111111111111111,0.4642857142857143,0.5882352941176471,0.05124500385567424,2002,global,0.4
1,1,lr5e-05_bs16_modL1_fusion64_fusionL1_drop0p1_trmiss40_trlocglobal,16,5e-05,1,64,1,0.1,lr5e-05_bs16_modL1_fusion64_fusionL1_drop0p1_trmiss40_trlocglobal,15,0.6598272203330204,0.5588235294117647,0.6928061712126378,0.6666666666666666,0.9642857142857143,0.17647058823529413,0.2398001234375326,2002,global,0.4
1,1,lr1e-04_bs16_modL1_fusion32_fusionL1_drop0p2_trmiss40_trlocglobal,16,0.0001,1,32,1,0.2,lr1e-04_bs16_modL1_fusion32_fusionL1_drop0p2_trmiss40_trlocglobal,2,0.6742004358948698,0.5567226890756303,0.6795913592779654,0.5555555555555556,0.6785714285714286,0.35294117647058826,0.03241018617760822,2002,global,0.4
1,1,lr1e-04_bs16_modL1_fusion32_fusionL1_drop0p1_trmiss40_trlocglobal,16,0.0001,1,32,1,0.1,lr1e-04_bs16_modL1_fusion32_fusionL1_drop0p1_trmiss40_trlocglobal,15,0.6875070192433915,0.5504201680672269,0.6602190583600606,0.5555555555555556,0.8214285714285714,0.11764705882352941,-0.08149926709133706,2002,global,0.4
1,1,lr1e-04_bs16_modL1_fusion64_fusionL1_drop0p2_trmiss40_trlocglobal,16,0.0001,1,64,1,0.2,lr1e-04_bs16_modL1_fusion64_fusionL1_drop0p2_trmiss40_trlocglobal,24,0.7172014593393257,0.49789915966386555,0.6411515580309016,0.4888888888888889,0.5714285714285714,0.35294117647058826,-0.07484811885651198,2002,global,0.4
1,1,lr1e-04_bs16_modL1_fusion64_fusionL1_drop0p1_trmiss40_trlocglobal,16,0.0001,1,64,1,0.1,lr1e-04_bs16_modL1_fusion64_fusionL1_drop0p1_trmiss40_trlocglobal,2,0.6858179394023035,0.542016806722689,0.6634767448104906,0.5333333333333333,0.6785714285714286,0.29411764705882354,-0.028601908382993094,2002,global,0.4
1,1,lr5e-05_bs32_modL1_fusion32_fusionL1_drop0p2_trmiss40_trlocglobal,32,5e-05,1,32,1,0.2,lr5e-05_bs32_modL1_fusion32_fusionL1_drop0p2_trmiss40_trlocglobal,4,0.6843536505767234,0.48109243697478987,0.677096483697788,0.5333333333333333,0.75,0.17647058823529413,-0.08574929257125442,2002,global,0.4
1,1,lr5e-05_bs32_modL1_fusion32_fusionL1_drop0p1_trmiss40_trlocglobal,32,5e-05,1,32,1,0.1,lr5e-05_bs32_modL1_fusion32_fusionL1_drop0p1_trmiss40_trlocglobal,1,0.701379434855023,0.5357142857142858,0.7124765011458412,0.4666666666666667,0.17857142857142858,0.9411764705882353,0.17079039800794715,2002,global,0.4
1,1,lr5e-05_bs32_modL1_fusion64_fusionL1_drop0p2_trmiss40_trlocglobal,32,5e-05,1,64,1,0.2,lr5e-05_bs32_modL1_fusion64_fusionL1_drop0p2_trmiss40_trlocglobal,1,0.6851898891593462,0.6407563025210085,0.7264027429896426,0.6444444444444445,0.7142857142857143,0.5294117647058824,0.24369747899159663,2002,global,0.4
1,1,lr5e-05_bs32_modL1_fusion64_fusionL1_drop0p1_trmiss40_trlocglobal,32,5e-05,1,64,1,0.1,lr5e-05_bs32_modL1_fusion64_fusionL1_drop0p1_trmiss40_trlocglobal,1,0.7015401456467271,0.6134453781512605,0.7058082148926179,0.4,0.07142857142857142,0.9411764705882353,0.024499797877501263,2002,global,0.4
1,1,lr1e-04_bs32_modL1_fusion32_fusionL1_drop0p2_trmiss40_trlocglobal,32,0.0001,1,32,1,0.2,lr1e-04_bs32_modL1_fusion32_fusionL1_drop0p2_trmiss40_trlocglobal,8,0.7061678533870613,0.5336134453781513,0.6232846770790277,0.6,0.5714285714285714,0.6470588235294118,0.21191153850007058,2002,global,0.4
1,1,lr1e-04_bs32_modL1_fusion32_fusionL1_drop0p1_trmiss40_trlocglobal,32,0.0001,1,32,1,0.1,lr1e-04_bs32_modL1_fusion32_fusionL1_drop0p1_trmiss40_trlocglobal,25,0.7365352820530908,0.5084033613445378,0.6193627429223367,0.4444444444444444,0.35714285714285715,0.5882352941176471,-0.0546218487394958,2002,global,0.4
1,1,lr1e-04_bs32_modL1_fusion64_fusionL1_drop0p2_trmiss40_trlocglobal,32,0.0001,1,64,1,0.2,lr1e-04_bs32_modL1_fusion64_fusionL1_drop0p2_trmiss40_trlocglobal,3,0.6998776645705281,0.5252100840336134,0.6535845922637404,0.4666666666666667,0.42857142857142855,0.5294117647058824,-0.04099600308453939,2002,global,0.4
1,1,lr1e-04_bs32_modL1_fusion64_fusionL1_drop0p1_trmiss40_trlocglobal,32,0.0001,1,64,1,0.1,lr1e-04_bs32_modL1_fusion64_fusionL1_drop0p1_trmiss40_trlocglobal,1,0.6793630860063926,0.6428571428571428,0.7256565186463145,0.5333333333333333,0.4642857142857143,0.6470588235294118,0.10929717043910746,2002,global,0.4
1,2,lr5e-05_bs16_modL1_fusion32_fusionL1_drop0p2_trmiss40_trlocglobal,16,5e-05,1,32,1,0.2,lr5e-05_bs16_modL1_fusion32_fusionL1_drop0p2_trmiss40_trlocglobal,17,0.6532622136345717,0.6293103448275861,0.768331372511254,0.6666666666666666,0.7586206896551724,0.5,0.2626128657194451,2002,global,0.4
1,2,lr5e-05_bs16_modL1_fusion32_fusionL1_drop0p1_trmiss40_trlocglobal,16,5e-05,1,32,1,0.1,lr5e-05_bs16_modL1_fusion32_fusionL1_drop0p1_trmiss40_trlocglobal,47,0.6348001429434074,0.6336206896551724,0.7622566977068482,0.6444444444444445,0.8620689655172413,0.25,0.1403131898273123,2002,global,0.4
1,2,lr5e-05_bs16_modL1_fusion64_fusionL1_drop0p2_trmiss40_trlocglobal,16,5e-05,1,64,1,0.2,lr5e-05_bs16_modL1_fusion64_fusionL1_drop0p2_trmiss40_trlocglobal,19,0.798789600987523,0.6530172413793103,0.7544870580767896,0.4222222222222222,0.1724137931034483,0.875,0.06262141434742322,2002,global,0.4
1,2,lr5e-05_bs16_modL1_fusion64_fusionL1_drop0p1_trmiss40_trlocglobal,16,5e-05,1,64,1,0.1,lr5e-05_bs16_modL1_fusion64_fusionL1_drop0p1_trmiss40_trlocglobal,6,0.6498193712799014,0.6939655172413793,0.769705350319446,0.6888888888888889,0.7586206896551724,0.5625,0.32112068965517243,2002,global,0.4
1,2,lr1e-04_bs16_modL1_fusion32_fusionL1_drop0p2_trmiss40_trlocglobal,16,0.0001,1,32,1,0.2,lr1e-04_bs16_modL1_fusion32_fusionL1_drop0p2_trmiss40_trlocglobal,3,0.6337418524364427,0.6853448275862069,0.8158502996290593,0.6222222222222222,0.6551724137931034,0.5625,0.2109594133360922,2002,global,0.4
1,2,lr1e-04_bs16_modL1_fusion32_fusionL1_drop0p1_trmiss40_trlocglobal,16,0.0001,1,32,1,0.1,lr1e-04_bs16_modL1_fusion32_fusionL1_drop0p1_trmiss40_trlocglobal,35,0.8443921693759417,0.5668103448275862,0.6814052753654241,0.4222222222222222,0.20689655172413793,0.8125,0.023211917272131483,2002,global,0.4
1,2,lr1e-04_bs16_modL1_fusion64_fusionL1_drop0p2_trmiss40_trlocglobal,16,0.0001,1,64,1,0.2,lr1e-04_bs16_modL1_fusion64_fusionL1_drop0p2_trmiss40_trlocglobal,4,0.7588770957864951,0.459051724137931,0.6960966565717075,0.4444444444444444,0.41379310344827586,0.5,-0.08304547985373997,2002,global,0.4
1,2,lr1e-04_bs16_modL1_fusion64_fusionL1_drop0p1_trmiss40_trlocglobal,16,0.0001,1,64,1,0.1,lr1e-04_bs16_modL1_fusion64_fusionL1_drop0p1_trmiss40_trlocglobal,16,0.8500963483672735,0.5711206896551724,0.713093139461849,0.5777777777777777,0.5517241379310345,0.625,0.16923087645620707,2002,global,0.4
1,2,lr5e-05_bs32_modL1_fusion32_fusionL1_drop0p2_trmiss40_trlocglobal,32,5e-05,1,32,1,0.2,lr5e-05_bs32_modL1_fusion32_fusionL1_drop0p2_trmiss40_trlocglobal,9,0.817856592997865,0.6142241379310345,0.727944668622287,0.4666666666666667,0.20689655172413793,0.9375,0.1907106709671525,2002,global,0.4
1,2,lr5e-05_bs32_modL1_fusion32_fusionL1_drop0p1_trmiss40_trlocglobal,32,5e-05,1,32,1,0.1,lr5e-05_bs32_modL1_fusion32_fusionL1_drop0p1_trmiss40_trlocglobal,1,0.6736771541284897,0.7586206896551724,0.8677370999660146,0.7111111111111111,0.7931034482758621,0.5625,0.361092690364237,2002,global,0.4
1,2,lr5e-05_bs32_modL1_fusion64_fusionL1_drop0p2_trmiss40_trlocglobal,32,5e-05,1,64,1,0.2,lr5e-05_bs32_modL1_fusion64_fusionL1_drop0p2_trmiss40_trlocglobal,19,0.7179238040711359,0.4913793103448276,0.6568761992054635,0.6666666666666666,0.896551724137931,0.25,0.19355709889203537,2002,global,0.4
1,2,lr5e-05_bs32_modL1_fusion64_fusionL1_drop0p1_trmiss40_trlocglobal,32,5e-05,1,64,1,0.1,lr5e-05_bs32_modL1_fusion64_fusionL1_drop0p1_trmiss40_trlocglobal,11,0.7242799529240714,0.4525862068965517,0.6435991173059845,0.4,0.3448275862068966,0.5,-0.15161960871578067,2002,global,0.4
1,2,lr1e-04_bs32_modL1_fusion32_fusionL1_drop0p2_trmiss40_trlocglobal,32,0.0001,1,32,1,0.2,lr1e-04_bs32_modL1_fusion32_fusionL1_drop0p2_trmiss40_trlocglobal,24,0.7395957968392085,0.43534482758620696,0.6075152147835577,0.4,0.3103448275862069,0.5625,-0.1271551724137931,2002,global,0.4
1,2,lr1e-04_bs32_modL1_fusion32_fusionL1_drop0p1_trmiss40_trlocglobal,32,0.0001,1,32,1,0.1,lr1e-04_bs32_modL1_fusion32_fusionL1_drop0p1_trmiss40_trlocglobal,45,0.844875000477766,0.5280172413793103,0.6436308295367881,0.35555555555555557,0.10344827586206896,0.8125,-0.11835801911849983,2002,global,0.4
1,2,lr1e-04_bs32_modL1_fusion64_fusionL1_drop0p2_trmiss40_trlocglobal,32,0.0001,1,64,1,0.2,lr1e-04_bs32_modL1_fusion64_fusionL1_drop0p2_trmiss40_trlocglobal,8,0.7098464421651353,0.5797413793103449,0.6959352545212862,0.5111111111111111,0.3793103448275862,0.75,0.13130643285972254,2002,global,0.4
1,2,lr1e-04_bs32_modL1_fusion64_fusionL1_drop0p1_trmiss40_trlocglobal,32,0.0001,1,64,1,0.1,lr1e-04_bs32_modL1_fusion64_fusionL1_drop0p1_trmiss40_trlocglobal,25,0.6921335013253724,0.625,0.7618011984528107,0.6222222222222222,0.7931034482758621,0.3125,0.11762544748949916,2002,global,0.4
1,3,lr5e-05_bs16_modL1_fusion32_fusionL1_drop0p2_trmiss40_trlocglobal,16,5e-05,1,32,1,0.2,lr5e-05_bs16_modL1_fusion32_fusionL1_drop0p2_trmiss40_trlocglobal,7,0.6777453995892324,0.5280172413793104,0.6480879731126086,0.5555555555555556,0.7931034482758621,0.125,-0.10253656179688207,2002,global,0.4
1,3,lr5e-05_bs16_modL1_fusion32_fusionL1_drop0p1_trmiss40_trlocglobal,16,5e-05,1,32,1,0.1,lr5e-05_bs16_modL1_fusion32_fusionL1_drop0p1_trmiss40_trlocglobal,2,0.6760195523417327,0.5172413793103449,0.6552537527641958,0.5777777777777777,0.8620689655172413,0.0625,-0.11489312875225723,2002,global,0.4
1,3,lr5e-05_bs16_modL1_fusion64_fusionL1_drop0p2_trmiss40_trlocglobal,16,5e-05,1,64,1,0.2,lr5e-05_bs16_modL1_fusion64_fusionL1_drop0p2_trmiss40_trlocglobal,11,0.7186729197794621,0.3706896551724138,0.5847492335247709,0.4888888888888889,0.6206896551724138,0.25,-0.13130643285972254,2002,global,0.4
1,3,lr5e-05_bs16_modL1_fusion64_fusionL1_drop0p1_trmiss40_trlocglobal,16,5e-05,1,64,1,0.1,lr5e-05_bs16_modL1_fusion64_fusionL1_drop0p1_trmiss40_trlocglobal,34,0.7033498666517356,0.5862068965517242,0.6711436118195528,0.5111111111111111,0.41379310344827586,0.6875,0.10000814947957871,2002,global,0.4
1,3,lr1e-04_bs16_modL1_fusion32_fusionL1_drop0p2_trmiss40_trlocglobal,16,0.0001,1,32,1,0.2,lr1e-04_bs16_modL1_fusion32_fusionL1_drop0p2_trmiss40_trlocglobal,3,0.724370014288274,0.6788793103448276,0.7646631006701563,0.37777777777777777,0.06896551724137931,0.9375,0.012407291674636629,2002,global,0.4
1,3,lr1e-04_bs16_modL1_fusion32_fusionL1_drop0p1_trmiss40_trlocglobal,16,0.0001,1,32,1,0.1,lr1e-04_bs16_modL1_fusion32_fusionL1_drop0p1_trmiss40_trlocglobal,1,0.6699702962394154,0.5905172413793103,0.7155655990531307,0.6,0.9310344827586207,0.0,-0.16019234629265466,2002,global,0.4
1,3,lr1e-04_bs16_modL1_fusion64_fusionL1_drop0p2_trmiss40_trlocglobal,16,0.0001,1,64,1,0.2,lr1e-04_bs16_modL1_fusion64_fusionL1_drop0p2_trmiss40_trlocglobal,1,0.6947600760782315,0.6056034482758621,0.7496519158839015,0.5333333333333333,0.3448275862068966,0.875,0.23795431715623805,2002,global,0.4
1,3,lr1e-04_bs16_modL1_fusion64_fusionL1_drop0p1_trmiss40_trlocglobal,16,0.0001,1,64,1,0.1,lr1e-04_bs16_modL1_fusion64_fusionL1_drop0p1_trmiss40_trlocglobal,1,0.6812774670935595,0.4676724137931034,0.6770884793128197,0.5333333333333333,0.7931034482758621,0.0625,-0.1907106709671525,2002,global,0.4
1,3,lr5e-05_bs32_modL1_fusion32_fusionL1_drop0p2_trmiss40_trlocglobal,32,5e-05,1,32,1,0.2,lr5e-05_bs32_modL1_fusion32_fusionL1_drop0p2_trmiss40_trlocglobal,18,0.6979554222669948,0.7112068965517241,0.7890276560877993,0.5333333333333333,0.3103448275862069,0.9375,0.28536770851664245,2002,global,0.4
1,3,lr5e-05_bs32_modL1_fusion32_fusionL1_drop0p1_trmiss40_trlocglobal,32,5e-05,1,32,1,0.1,lr5e-05_bs32_modL1_fusion32_fusionL1_drop0p1_trmiss40_trlocglobal,3,0.6786064349800921,0.5021551724137931,0.6938018788836607,0.6222222222222222,0.896551724137931,0.125,0.032826608214930636,2002,global,0.4
1,3,lr5e-05_bs32_modL1_fusion64_fusionL1_drop0p2_trmiss40_trlocglobal,32,5e-05,1,64,1,0.2,lr5e-05_bs32_modL1_fusion64_fusionL1_drop0p2_trmiss40_trlocglobal,4,0.7030568294807114,0.6185344827586208,0.7848863483281149,0.4666666666666667,0.2413793103448276,0.875,0.1392715036327889,2002,global,0.4
1,3,lr5e-05_bs32_modL1_fusion64_fusionL1_drop0p1_trmiss40_trlocglobal,32,5e-05,1,64,1,0.1,lr5e-05_bs32_modL1_fusion64_fusionL1_drop0p1_trmiss40_trlocglobal,1,0.6936027965044965,0.5043103448275863,0.7093682152111732,0.4444444444444444,0.41379310344827586,0.5,-0.08304547985373997,2002,global,0.4
1,3,lr1e-04_bs32_modL1_fusion32_fusionL1_drop0p2_trmiss40_trlocglobal,32,0.0001,1,32,1,0.2,lr1e-04_bs32_modL1_fusion32_fusionL1_drop0p2_trmiss40_trlocglobal,8,0.7061260648015037,0.45689655172413796,0.6391247293155838,0.4666666666666667,0.5172413793103449,0.375,-0.10380684981717496,2002,global,0.4
1,3,lr1e-04_bs32_modL1_fusion32_fusionL1_drop0p1_trmiss40_trlocglobal,32,0.0001,1,32,1,0.1,lr1e-04_bs32_modL1_fusion32_fusionL1_drop0p1_trmiss40_trlocglobal,6,0.7284580889746805,0.3577586206896552,0.5816416777283556,0.4,0.4482758620689655,0.3125,-0.22953489598077764,2002,global,0.4
1,3,lr1e-04_bs32_modL1_fusion64_fusionL1_drop0p2_trmiss40_trlocglobal,32,0.0001,1,64,1,0.2,lr1e-04_bs32_modL1_fusion64_fusionL1_drop0p2_trmiss40_trlocglobal,2,0.6625740998623205,0.665948275862069,0.8168547514827635,0.6666666666666666,0.896551724137931,0.25,0.19355709889203537,2002,global,0.4
1,3,lr1e-04_bs32_modL1_fusion64_fusionL1_drop0p1_trmiss40_trlocglobal,32,0.0001,1,64,1,0.1,lr1e-04_bs32_modL1_fusion64_fusionL1_drop0p1_trmiss40_trlocglobal,13,0.7131264662792257,0.5560344827586207,0.647561200748342,0.4888888888888889,0.3793103448275862,0.6875,0.0668103448275862,2002,global,0.4
1,4,lr5e-05_bs16_modL1_fusion32_fusionL1_drop0p2_trmiss40_trlocglobal,16,5e-05,1,32,1,0.2,lr5e-05_bs16_modL1_fusion32_fusionL1_drop0p2_trmiss40_trlocglobal,5,0.7729942866737047,0.5172413793103449,0.6778797597059051,0.4,0.06896551724137931,1.0,0.16019234629265466,2002,global,0.4
1,4,lr5e-05_bs16_modL1_fusion32_fusionL1_drop0p1_trmiss40_trlocglobal,16,5e-05,1,32,1,0.1,lr5e-05_bs16_modL1_fusion32_fusionL1_drop0p1_trmiss40_trlocglobal,18,0.6958335351928449,0.4676724137931034,0.6187577567266972,0.5777777777777777,0.7241379310344828,0.3125,0.038693967788740326,2002,global,0.4
1,4,lr5e-05_bs16_modL1_fusion64_fusionL1_drop0p2_trmiss40_trlocglobal,16,5e-05,1,64,1,0.2,lr5e-05_bs16_modL1_fusion64_fusionL1_drop0p2_trmiss40_trlocglobal,1,0.6978514932828489,0.5603448275862069,0.6846739920062863,0.5111111111111111,0.3793103448275862,0.75,0.13130643285972254,2002,global,0.4
1,4,lr5e-05_bs16_modL1_fusion64_fusionL1_drop0p1_trmiss40_trlocglobal,16,5e-05,1,64,1,0.1,lr5e-05_bs16_modL1_fusion64_fusionL1_drop0p1_trmiss40_trlocglobal,1,0.700407659467831,0.709051724137931,0.7700625888819761,0.4,0.10344827586206896,0.9375,0.06887675637968181,2002,global,0.4
1,4,lr1e-04_bs16_modL1_fusion32_fusionL1_drop0p2_trmiss40_trlocglobal,16,0.0001,1,32,1,0.2,lr1e-04_bs16_modL1_fusion32_fusionL1_drop0p2_trmiss40_trlocglobal,20,0.6837168381964686,0.5538793103448276,0.7230230324838831,0.6,0.6206896551724138,0.5625,0.17647164468919743,2002,global,0.4
1,4,lr1e-04_bs16_modL1_fusion32_fusionL1_drop0p1_trmiss40_trlocglobal,16,0.0001,1,32,1,0.1,lr1e-04_bs16_modL1_fusion32_fusionL1_drop0p1_trmiss40_trlocglobal,6,0.641270345700535,0.646551724137931,0.7704958775766991,0.6,0.896551724137931,0.0625,-0.06887675637968181,2002,global,0.4
1,4,lr1e-04_bs16_modL1_fusion64_fusionL1_drop0p2_trmiss40_trlocglobal,16,0.0001,1,64,1,0.2,lr1e-04_bs16_modL1_fusion64_fusionL1_drop0p2_trmiss40_trlocglobal,4,0.6671436499912007,0.6702586206896552,0.7751125827926616,0.5555555555555556,0.4827586206896552,0.6875,0.1650078579559533,2002,global,0.4
1,4,lr1e-04_bs16_modL1_fusion64_fusionL1_drop0p1_trmiss40_trlocglobal,16,0.0001,1,64,1,0.1,lr1e-04_bs16_modL1_fusion64_fusionL1_drop0p1_trmiss40_trlocglobal,17,0.7064261056869775,0.5172413793103449,0.6957610125434968,0.4666666666666667,0.4827586206896552,0.4375,-0.07636027352292271,2002,global,0.4
1,4,lr5e-05_bs32_modL1_fusion32_fusionL1_drop0p2_trmiss40_trlocglobal,32,5e-05,1,32,1,0.2,lr5e-05_bs32_modL1_fusion32_fusionL1_drop0p2_trmiss40_trlocglobal,15,0.749606435176219,0.6012931034482759,0.7539531301937267,0.4,0.13793103448275862,0.875,0.018208926018230744,2002,global,0.4
1,4,lr5e-05_bs32_modL1_fusion32_fusionL1_drop0p1_trmiss40_trlocglobal,32,5e-05,1,32,1,0.1,lr5e-05_bs32_modL1_fusion32_fusionL1_drop0p1_trmiss40_trlocglobal,7,0.6869012455576571,0.564655172413793,0.7298715896139966,0.5555555555555556,0.6896551724137931,0.3125,0.0022284153685574013,2002,global,0.4
1,4,lr5e-05_bs32_modL1_fusion64_fusionL1_drop0p2_trmiss40_trlocglobal,32,5e-05,1,64,1,0.2,lr5e-05_bs32_modL1_fusion64_fusionL1_drop0p2_trmiss40_trlocglobal,7,0.7145378840467589,0.5366379310344829,0.7319834540416521,0.4444444444444444,0.27586206896551724,0.75,0.027994625547792713,2002,global,0.4
1,4,lr5e-05_bs32_modL1_fusion64_fusionL1_drop0p1_trmiss40_trlocglobal,32,5e-05,1,64,1,0.1,lr5e-05_bs32_modL1_fusion64_fusionL1_drop0p1_trmiss40_trlocglobal,4,0.6672604685540994,0.5948275862068966,0.6879020329278216,0.6666666666666666,0.8275862068965517,0.375,0.22564881763291675,2002,global,0.4
1,4,lr1e-04_bs32_modL1_fusion32_fusionL1_drop0p2_trmiss40_trlocglobal,32,0.0001,1,32,1,0.2,lr1e-04_bs32_modL1_fusion32_fusionL1_drop0p2_trmiss40_trlocglobal,13,0.74694650547324,0.5905172413793103,0.7027682756913151,0.37777777777777777,0.13793103448275862,0.8125,-0.06546784227230608,2002,global,0.4
1,4,lr1e-04_bs32_modL1_fusion32_fusionL1_drop0p1_trmiss40_trlocglobal,32,0.0001,1,32,1,0.1,lr1e-04_bs32_modL1_fusion32_fusionL1_drop0p1_trmiss40_trlocglobal,16,0.74216516629385,0.45905172413793105,0.6366036577108427,0.4222222222222222,0.2413793103448276,0.75,-0.009602077346081563,2002,global,0.4
1,4,lr1e-04_bs32_modL1_fusion64_fusionL1_drop0p2_trmiss40_trlocglobal,32,0.0001,1,64,1,0.2,lr1e-04_bs32_modL1_fusion64_fusionL1_drop0p2_trmiss40_trlocglobal,1,0.706199549611983,0.47844827586206895,0.6299663259896904,0.4,0.27586206896551724,0.625,-0.10250710695364046,2002,global,0.4
1,4,lr1e-04_bs32_modL1_fusion64_fusionL1_drop0p1_trmiss40_trlocglobal,32,0.0001,1,64,1,0.1,lr1e-04_bs32_modL1_fusion64_fusionL1_drop0p1_trmiss40_trlocglobal,15,0.6976814885284647,0.5237068965517241,0.6832305718835117,0.5555555555555556,0.6206896551724138,0.4375,0.05685735326841775,2002,global,0.4
1,5,lr5e-05_bs16_modL1_fusion32_fusionL1_drop0p2_trmiss40_trlocglobal,16,5e-05,1,32,1,0.2,lr5e-05_bs16_modL1_fusion32_fusionL1_drop0p2_trmiss40_trlocglobal,46,0.7276699263514979,0.4955357142857143,0.6372543002504745,0.4090909090909091,0.2857142857142857,0.625,-0.09221388919541469,2002,global,0.4
1,5,lr5e-05_bs16_modL1_fusion32_fusionL1_drop0p1_trmiss40_trlocglobal,16,5e-05,1,32,1,0.1,lr5e-05_bs16_modL1_fusion32_fusionL1_drop0p1_trmiss40_trlocglobal,17,0.6516744965046205,0.6183035714285714,0.7651816360645779,0.5909090909090909,0.8571428571428571,0.125,-0.025031308716087945,2002,global,0.4
1,5,lr5e-05_bs16_modL1_fusion64_fusionL1_drop0p2_trmiss40_trlocglobal,16,5e-05,1,64,1,0.2,lr5e-05_bs16_modL1_fusion64_fusionL1_drop0p2_trmiss40_trlocglobal,32,0.674642990010014,0.609375,0.7146857832243237,0.6590909090909091,0.7142857142857143,0.5625,0.27344899741289763,2002,global,0.4
1,5,lr5e-05_bs16_modL1_fusion64_fusionL1_drop0p1_trmiss40_trlocglobal,16,5e-05,1,64,1,0.1,lr5e-05_bs16_modL1_fusion64_fusionL1_drop0p1_trmiss40_trlocglobal,19,0.7115620101079869,0.5267857142857143,0.6651931280381965,0.5681818181818182,0.6071428571428571,0.5,0.1040531963428944,2002,global,0.4
1,5,lr1e-04_bs16_modL1_fusion32_fusionL1_drop0p2_trmiss40_trlocglobal,16,0.0001,1,32,1,0.2,lr1e-04_bs16_modL1_fusion32_fusionL1_drop0p2_trmiss40_trlocglobal,52,0.6554055367893568,0.59375,0.7625129445501106,0.5909090909090909,0.7857142857142857,0.25,0.040996003084539386,2002,global,0.4
1,5,lr1e-04_bs16_modL1_fusion32_fusionL1_drop0p1_trmiss40_trlocglobal,16,0.0001,1,32,1,0.1,lr1e-04_bs16_modL1_fusion32_fusionL1_drop0p1_trmiss40_trlocglobal,17,0.6525000220857533,0.6629464285714286,0.8213306913211418,0.6363636363636364,0.6785714285714286,0.5625,0.2358640882624316,2002,global,0.4
1,5,lr1e-04_bs16_modL1_fusion64_fusionL1_drop0p2_trmiss40_trlocglobal,16,0.0001,1,64,1,0.2,lr1e-04_bs16_modL1_fusion64_fusionL1_drop0p2_trmiss40_trlocglobal,5,0.6550220390932636,0.6919642857142858,0.8036438662913861,0.5681818181818182,0.5,0.6875,0.1820930936000652,2002,global,0.4
1,5,lr1e-04_bs16_modL1_fusion64_fusionL1_drop0p1_trmiss40_trlocglobal,16,0.0001,1,64,1,0.1,lr1e-04_bs16_modL1_fusion64_fusionL1_drop0p1_trmiss40_trlocglobal,2,0.6823898810682917,0.6049107142857143,0.7136013324133411,0.5454545454545454,0.5714285714285714,0.5,0.06900655593423542,2002,global,0.4
1,5,lr5e-05_bs32_modL1_fusion32_fusionL1_drop0p2_trmiss40_trlocglobal,32,5e-05,1,32,1,0.2,lr5e-05_bs32_modL1_fusion32_fusionL1_drop0p2_trmiss40_trlocglobal,3,0.673287083654054,0.6941964285714285,0.8142303928939931,0.6363636363636364,0.6428571428571429,0.625,0.25877458475338283,2002,global,0.4
1,5,lr5e-05_bs32_modL1_fusion32_fusionL1_drop0p1_trmiss40_trlocglobal,32,5e-05,1,32,1,0.1,lr5e-05_bs32_modL1_fusion32_fusionL1_drop0p1_trmiss40_trlocglobal,1,0.6849804343105584,0.6450892857142857,0.733620089535798,0.5909090909090909,0.5714285714285714,0.625,0.18898223650461363,2002,global,0.4
1,5,lr5e-05_bs32_modL1_fusion64_fusionL1_drop0p2_trmiss40_trlocglobal,32,5e-05,1,64,1,0.2,lr5e-05_bs32_modL1_fusion64_fusionL1_drop0p2_trmiss40_trlocglobal,22,0.7291541407620695,0.5580357142857143,0.7062091023235539,0.4318181818181818,0.25,0.75,0.0,2002,global,0.4
1,5,lr5e-05_bs32_modL1_fusion64_fusionL1_drop0p1_trmiss40_trlocglobal,32,5e-05,1,64,1,0.1,lr5e-05_bs32_modL1_fusion64_fusionL1_drop0p1_trmiss40_trlocglobal,11,0.6611526289556366,0.6964285714285714,0.8049243698438464,0.6818181818181818,0.6428571428571429,0.75,0.37796447300922725,2002,global,0.4
1,5,lr1e-04_bs32_modL1_fusion32_fusionL1_drop0p2_trmiss40_trlocglobal,32,0.0001,1,32,1,0.2,lr1e-04_bs32_modL1_fusion32_fusionL1_drop0p2_trmiss40_trlocglobal,63,0.7905155723850291,0.3839285714285714,0.5651718509471075,0.29545454545454547,0.17857142857142858,0.5,-0.3388995264771514,2002,global,0.4
1,5,lr1e-04_bs32_modL1_fusion32_fusionL1_drop0p1_trmiss40_trlocglobal,32,0.0001,1,32,1,0.1,lr1e-04_bs32_modL1_fusion32_fusionL1_drop0p1_trmiss40_trlocglobal,1,0.6871750264737394,0.5535714285714286,0.671516396802771,0.5909090909090909,0.6428571428571429,0.5,0.13977131156292244,2002,global,0.4
1,5,lr1e-04_bs32_modL1_fusion64_fusionL1_drop0p2_trmiss40_trlocglobal,32,0.0001,1,64,1,0.2,lr1e-04_bs32_modL1_fusion64_fusionL1_drop0p2_trmiss40_trlocglobal,20,0.6900836010231672,0.5401785714285714,0.7002789083372896,0.5,0.5,0.5,0.0,2002,global,0.4
1,5,lr1e-04_bs32_modL1_fusion64_fusionL1_drop0p1_trmiss40_trlocglobal,32,0.0001,1,64,1,0.1,lr1e-04_bs32_modL1_fusion64_fusionL1_drop0p1_trmiss40_trlocglobal,6,0.7118488599561187,0.5825892857142857,0.7620372842005008,0.4772727272727273,0.25,0.875,0.14907119849998599,2002,global,0.4
2,1,lr5e-05_bs16_modL1_fusion32_fusionL1_drop0p2_trmiss40_trlocglobal,16,5e-05,1,32,1,0.2,lr5e-05_bs16_modL1_fusion32_fusionL1_drop0p2_trmiss40_trlocglobal,17,0.752139848873561,0.5924369747899159,0.6689429230372642,0.4222222222222222,0.21428571428571427,0.7647058823529411,-0.024499797877501263,2002,global,0.4
2,1,lr5e-05_bs16_modL1_fusion32_fusionL1_drop0p1_trmiss40_trlocglobal,16,5e-05,1,32,1,0.1,lr5e-05_bs16_modL1_fusion32_fusionL1_drop0p1_trmiss40_trlocglobal,1,0.6655946436159734,0.6827731092436975,0.7626634983273545,0.6,0.9285714285714286,0.058823529411764705,-0.024499797877501263,2002,global,0.4
2,1,lr5e-05_bs16_modL1_fusion64_fusionL1_drop0p2_trmiss40_trlocglobal,16,5e-05,1,64,1,0.2,lr5e-05_bs16_modL1_fusion64_fusionL1_drop0p2_trmiss40_trlocglobal,1,0.6643957333437303,0.6722689075630252,0.8237172064170221,0.5777777777777777,0.8571428571428571,0.11764705882352941,-0.035955873264830976,2002,global,0.4
2,1,lr5e-05_bs16_modL1_fusion64_fusionL1_drop0p1_trmiss40_trlocglobal,16,5e-05,1,64,1,0.1,lr5e-05_bs16_modL1_fusion64_fusionL1_drop0p1_trmiss40_trlocglobal,19,0.6782791168029932,0.6533613445378151,0.7574198674362735,0.6888888888888889,0.6785714285714286,0.7058823529411765,0.3736219176318943,2002,global,0.4
2,1,lr1e-04_bs16_modL1_fusion32_fusionL1_drop0p2_trmiss40_trlocglobal,16,0.0001,1,32,1,0.2,lr1e-04_bs16_modL1_fusion32_fusionL1_drop0p2_trmiss40_trlocglobal,9,0.7026315166130673,0.592436974789916,0.6977971602417662,0.5777777777777777,0.5714285714285714,0.5882352941176471,0.1548584319808208,2002,global,0.4
2,1,lr1e-04_bs16_modL1_fusion32_fusionL1_drop0p1_trmiss40_trlocglobal,16,0.0001,1,32,1,0.1,lr1e-04_bs16_modL1_fusion32_fusionL1_drop0p1_trmiss40_trlocglobal,17,0.6928516508023694,0.4810924369747899,0.6110193015826414,0.5777777777777777,0.75,0.29411764705882354,0.04836912437199343,2002,global,0.4
2,1,lr1e-04_bs16_modL1_fusion64_fusionL1_drop0p2_trmiss40_trlocglobal,16,0.0001,1,64,1,0.2,lr1e-04_bs16_modL1_fusion64_fusionL1_drop0p2_trmiss40_trlocglobal,58,0.6783191169943432,0.5714285714285714,0.7100132617518137,0.6444444444444445,0.7857142857142857,0.4117647058823529,0.21124075543088197,2002,global,0.4
2,1,lr1e-04_bs16_modL1_fusion64_fusionL1_drop0p1_trmiss40_trlocglobal,16,0.0001,1,64,1,0.1,lr1e-04_bs16_modL1_fusion64_fusionL1_drop0p1_trmiss40_trlocglobal,2,0.6253560915610967,0.7205882352941176,0.8254665623785081,0.6888888888888889,0.75,0.5882352941176471,0.3382352941176471,2002,global,0.4
2,1,lr5e-05_bs32_modL1_fusion32_fusionL1_drop0p2_trmiss40_trlocglobal,32,5e-05,1,32,1,0.2,lr5e-05_bs32_modL1_fusion32_fusionL1_drop0p2_trmiss40_trlocglobal,39,0.6398389152899205,0.6890756302521008,0.8183447762515725,0.6666666666666666,0.8214285714285714,0.4117647058823529,0.2556653716805367,2002,global,0.4
2,1,lr5e-05_bs32_modL1_fusion32_fusionL1_drop0p1_trmiss40_trlocglobal,32,5e-05,1,32,1,0.1,lr5e-05_bs32_modL1_fusion32_fusionL1_drop0p1_trmiss40_trlocglobal,21,0.6838859916796599,0.657563025210084,0.7077584555850327,0.6,0.5,0.7647058823529411,0.2619684159977919,2002,global,0.4
2,1,lr5e-05_bs32_modL1_fusion64_fusionL1_drop0p2_trmiss40_trlocglobal,32,5e-05,1,64,1,0.2,lr5e-05_bs32_modL1_fusion64_fusionL1_drop0p2_trmiss40_trlocglobal,12,0.6995260624839262,0.4831932773109244,0.7032079706931965,0.4222222222222222,0.42857142857142855,0.4117647058823529,-0.1548584319808208,2002,global,0.4
2,1,lr5e-05_bs32_modL1_fusion64_fusionL1_drop0p1_trmiss40_trlocglobal,32,5e-05,1,64,1,0.1,lr5e-05_bs32_modL1_fusion64_fusionL1_drop0p1_trmiss40_trlocglobal,9,0.7334622798608785,0.569327731092437,0.6668336715509614,0.6222222222222222,1.0,0.0,0.0,2002,global,0.4
2,1,lr1e-04_bs32_modL1_fusion32_fusionL1_drop0p2_trmiss40_trlocglobal,32,0.0001,1,32,1,0.2,lr1e-04_bs32_modL1_fusion32_fusionL1_drop0p2_trmiss40_trlocglobal,16,0.6682372728214477,0.569327731092437,0.6872446782027827,0.5555555555555556,0.6071428571428571,0.47058823529411764,0.07630179823107501,2002,global,0.4
2,1,lr1e-04_bs32_modL1_fusion32_fusionL1_drop0p1_trmiss40_trlocglobal,32,0.0001,1,32,1,0.1,lr1e-04_bs32_modL1_fusion32_fusionL1_drop0p1_trmiss40_trlocglobal,16,0.6975122616684831,0.6029411764705882,0.7368207812321783,0.4888888888888889,0.42857142857142855,0.5882352941176471,0.01649768610401622,2002,global,0.4
2,1,lr1e-04_bs32_modL1_fusion64_fusionL1_drop0p2_trmiss40_trlocglobal,32,0.0001,1,64,1,0.2,lr1e-04_bs32_modL1_fusion64_fusionL1_drop0p2_trmiss40_trlocglobal,1,0.7071840693169861,0.5651260504201681,0.6381065491455817,0.35555555555555557,0.07142857142857142,0.8235294117647058,-0.1620509308880411,2002,global,0.4
2,1,lr1e-04_bs32_modL1_fusion64_fusionL1_drop0p1_trmiss40_trlocglobal,32,0.0001,1,64,1,0.1,lr1e-04_bs32_modL1_fusion64_fusionL1_drop0p1_trmiss40_trlocglobal,3,0.6680334734500329,0.5987394957983193,0.6747135056475434,0.6444444444444445,0.8928571428571429,0.23529411764705882,0.1714294928472952,2002,global,0.4
2,2,lr5e-05_bs16_modL1_fusion32_fusionL1_drop0p2_trmiss40_trlocglobal,16,5e-05,1,32,1,0.2,lr5e-05_bs16_modL1_fusion32_fusionL1_drop0p2_trmiss40_trlocglobal,57,0.7092278874006731,0.4633620689655173,0.63150695500712,0.4888888888888889,0.5862068965517241,0.3125,-0.10000814947957871,2002,global,0.4
2,2,lr5e-05_bs16_modL1_fusion32_fusionL1_drop0p1_trmiss40_trlocglobal,16,5e-05,1,32,1,0.1,lr5e-05_bs16_modL1_fusion32_fusionL1_drop0p1_trmiss40_trlocglobal,18,0.6927547226813553,0.6056034482758621,0.68195630174674,0.6,0.6896551724137931,0.4375,0.1271551724137931,2002,global,0.4
2,2,lr5e-05_bs16_modL1_fusion64_fusionL1_drop0p2_trmiss40_trlocglobal,16,5e-05,1,64,1,0.2,lr5e-05_bs16_modL1_fusion64_fusionL1_drop0p2_trmiss40_trlocglobal,19,0.662276861293136,0.5905172413793103,0.7101372694440652,0.6444444444444445,0.8620689655172413,0.25,0.1403131898273123,2002,global,0.4
2,2,lr5e-05_bs16_modL1_fusion64_fusionL1_drop0p1_trmiss40_trlocglobal,16,5e-05,1,64,1,0.1,lr5e-05_bs16_modL1_fusion64_fusionL1_drop0p1_trmiss40_trlocglobal,24,0.6873319575915803,0.5689655172413793,0.689422148646494,0.6444444444444445,0.6896551724137931,0.5625,0.2463818641631436,2002,global,0.4
2,2,lr1e-04_bs16_modL1_fusion32_fusionL1_drop0p2_trmiss40_trlocglobal,16,0.0001,1,32,1,0.2,lr1e-04_bs16_modL1_fusion32_fusionL1_drop0p2_trmiss40_trlocglobal,9,0.6469143015881517,0.6077586206896552,0.6999379454680534,0.7333333333333333,0.9655172413793104,0.3125,0.391491909391961,2002,global,0.4
2,2,lr1e-04_bs16_modL1_fusion32_fusionL1_drop0p1_trmiss40_trlocglobal,16,0.0001,1,32,1,0.1,lr1e-04_bs16_modL1_fusion32_fusionL1_drop0p1_trmiss40_trlocglobal,6,0.6946231339079533,0.49568965517241376,0.6251523004142502,0.5777777777777777,0.7241379310344828,0.3125,0.038693967788740326,2002,global,0.4
2,2,lr1e-04_bs16_modL1_fusion64_fusionL1_drop0p2_trmiss40_trlocglobal,16,0.0001,1,64,1,0.2,lr1e-04_bs16_modL1_fusion64_fusionL1_drop0p2_trmiss40_trlocglobal,7,0.674428400363533,0.5560344827586208,0.6734002618914771,0.6222222222222222,0.7586206896551724,0.375,0.14111917664128826,2002,global,0.4
2,2,lr1e-04_bs16_modL1_fusion64_fusionL1_drop0p1_trmiss40_trlocglobal,16,0.0001,1,64,1,0.1,lr1e-04_bs16_modL1_fusion64_fusionL1_drop0p1_trmiss40_trlocglobal,9,0.6905390540458584,0.5732758620689655,0.6990244449464758,0.5777777777777777,0.6206896551724138,0.5,0.11696759551308082,2002,global,0.4
2,2,lr5e-05_bs32_modL1_fusion32_fusionL1_drop0p2_trmiss40_trlocglobal,32,5e-05,1,32,1,0.2,lr5e-05_bs32_modL1_fusion32_fusionL1_drop0p2_trmiss40_trlocglobal,19,0.6758231224634766,0.5560344827586207,0.7179521516512835,0.4888888888888889,0.6896551724137931,0.125,-0.20644466294075361,2002,global,0.4
2,2,lr5e-05_bs32_modL1_fusion32_fusionL1_drop0p1_trmiss40_trlocglobal,32,5e-05,1,32,1,0.1,lr5e-05_bs32_modL1_fusion32_fusionL1_drop0p1_trmiss40_trlocglobal,1,0.6847971832061429,0.4396551724137931,0.6114657622858737,0.6,0.896551724137931,0.0625,-0.06887675637968181,2002,global,0.4
2,2,lr5e-05_bs32_modL1_fusion64_fusionL1_drop0p2_trmiss40_trlocglobal,32,5e-05,1,64,1,0.2,lr5e-05_bs32_modL1_fusion64_fusionL1_drop0p2_trmiss40_trlocglobal,1,0.6699005035741704,0.5625,0.664253513070464,0.6666666666666666,1.0,0.0625,0.2029610352214972,2002,global,0.4
2,2,lr5e-05_bs32_modL1_fusion64_fusionL1_drop0p1_trmiss40_trlocglobal,32,5e-05,1,64,1,0.1,lr5e-05_bs32_modL1_fusion64_fusionL1_drop0p1_trmiss40_trlocglobal,2,0.6652298392082832,0.665948275862069,0.8189441442326297,0.5777777777777777,0.5862068965517241,0.5625,0.14268385425832122,2002,global,0.4
2,2,lr1e-04_bs32_modL1_fusion32_fusionL1_drop0p2_trmiss40_trlocglobal,32,0.0001,1,32,1,0.2,lr1e-04_bs32_modL1_fusion32_fusionL1_drop0p2_trmiss40_trlocglobal,16,0.7214307610684906,0.45905172413793105,0.6829433229183234,0.37777777777777777,0.3448275862068966,0.4375,-0.2109594133360922,2002,global,0.4
2,2,lr1e-04_bs32_modL1_fusion32_fusionL1_drop0p1_trmiss40_trlocglobal,32,0.0001,1,32,1,0.1,lr1e-04_bs32_modL1_fusion32_fusionL1_drop0p1_trmiss40_trlocglobal,10,0.6897819852848406,0.5668103448275862,0.6677432318070293,0.5777777777777777,0.6206896551724138,0.5,0.11696759551308082,2002,global,0.4
2,2,lr1e-04_bs32_modL1_fusion64_fusionL1_drop0p2_trmiss40_trlocglobal,32,0.0001,1,64,1,0.2,lr1e-04_bs32_modL1_fusion64_fusionL1_drop0p2_trmiss40_trlocglobal,14,0.7435398007408266,0.5711206896551724,0.7093622278726432,0.4888888888888889,0.27586206896551724,0.875,0.1737020834449128,2002,global,0.4
2,2,lr1e-04_bs32_modL1_fusion64_fusionL1_drop0p1_trmiss40_trlocglobal,32,0.0001,1,64,1,0.1,lr1e-04_bs32_modL1_fusion64_fusionL1_drop0p1_trmiss40_trlocglobal,3,0.6543124640440061,0.767241379310345,0.8483316515933782,0.6888888888888889,0.8275862068965517,0.4375,0.2869449118648753,2002,global,0.4
2,3,lr5e-05_bs16_modL1_fusion32_fusionL1_drop0p2_trmiss40_trlocglobal,16,5e-05,1,32,1,0.2,lr5e-05_bs16_modL1_fusion32_fusionL1_drop0p2_trmiss40_trlocglobal,13,0.6916818641930399,0.6724137931034483,0.7744086322986516,0.4666666666666667,0.27586206896551724,0.8125,0.09842129279733602,2002,global,0.4
2,3,lr5e-05_bs16_modL1_fusion32_fusionL1_drop0p1_trmiss40_trlocglobal,16,5e-05,1,32,1,0.1,lr5e-05_bs16_modL1_fusion32_fusionL1_drop0p1_trmiss40_trlocglobal,21,0.6309816456408445,0.6508620689655172,0.764090800420775,0.6666666666666666,0.896551724137931,0.25,0.19355709889203537,2002,global,0.4
2,3,lr5e-05_bs16_modL1_fusion64_fusionL1_drop0p2_trmiss40_trlocglobal,16,5e-05,1,64,1,0.2,lr5e-05_bs16_modL1_fusion64_fusionL1_drop0p2_trmiss40_trlocglobal,27,0.6355248003062556,0.665948275862069,0.7631274901611924,0.6666666666666666,0.8275862068965517,0.375,0.22564881763291675,2002,global,0.4
2,3,lr5e-05_bs16_modL1_fusion64_fusionL1_drop0p1_trmiss40_trlocglobal,16,5e-05,1,64,1,0.1,lr5e-05_bs16_modL1_fusion64_fusionL1_drop0p1_trmiss40_trlocglobal,5,0.6531537633759412,0.689655172413793,0.7825895898124706,0.6222222222222222,0.6206896551724138,0.625,0.23573854181809595,2002,global,0.4
2,3,lr1e-04_bs16_modL1_fusion32_fusionL1_drop0p2_trmiss40_trlocglobal,16,0.0001,1,32,1,0.2,lr1e-04_bs16_modL1_fusion32_fusionL1_drop0p2_trmiss40_trlocglobal,14,0.66849558055751,0.6745689655172413,0.7033059582099441,0.6444444444444445,0.6206896551724138,0.6875,0.29512213821021477,2002,global,0.4
2,3,lr1e-04_bs16_modL1_fusion32_fusionL1_drop0p1_trmiss40_trlocglobal,16,0.0001,1,32,1,0.1,lr1e-04_bs16_modL1_fusion32_fusionL1_drop0p1_trmiss40_trlocglobal,2,0.6644506553588041,0.6185344827586208,0.7260901820582096,0.6666666666666666,0.8275862068965517,0.375,0.22564881763291675,2002,global,0.4
2,3,lr1e-04_bs16_modL1_fusion64_fusionL1_drop0p2_trmiss40_trlocglobal,16,0.0001,1,64,1,0.2,lr1e-04_bs16_modL1_fusion64_fusionL1_drop0p2_trmiss40_trlocglobal,14,0.6401165965473051,0.6508620689655172,0.7496358211294727,0.6,0.7241379310344828,0.375,0.10250710695364046,2002,global,0.4
2,3,lr1e-04_bs16_modL1_fusion64_fusionL1_drop0p1_trmiss40_trlocglobal,16,0.0001,1,64,1,0.1,lr1e-04_bs16_modL1_fusion64_fusionL1_drop0p1_trmiss40_trlocglobal,3,0.6576481904191245,0.6379310344827587,0.7298813045593825,0.7111111111111111,0.896551724137931,0.375,0.32496684180984076,2002,global,0.4
2,3,lr5e-05_bs32_modL1_fusion32_fusionL1_drop0p2_trmiss40_trlocglobal,32,5e-05,1,32,1,0.2,lr5e-05_bs32_modL1_fusion32_fusionL1_drop0p2_trmiss40_trlocglobal,2,0.6882518240951022,0.7370689655172414,0.8577970817113731,0.5777777777777777,0.41379310344827586,0.875,0.29860765938669176,2002,global,0.4
2,3,lr5e-05_bs32_modL1_fusion32_fusionL1_drop0p1_trmiss40_trlocglobal,32,5e-05,1,32,1,0.1,lr5e-05_bs32_modL1_fusion32_fusionL1_drop0p1_trmiss40_trlocglobal,6,0.6600748288889313,0.7155172413793103,0.8137768504528324,0.5777777777777777,0.4827586206896552,0.75,0.227429413073671,2002,global,0.4
2,3,lr5e-05_bs32_modL1_fusion64_fusionL1_drop0p2_trmiss40_trlocglobal,32,5e-05,1,64,1,0.2,lr5e-05_bs32_modL1_fusion64_fusionL1_drop0p2_trmiss40_trlocglobal,8,0.7162905389353933,0.521551724137931,0.6374586638534351,0.5111111111111111,0.4827586206896552,0.5625,0.0434255208612282,2002,global,0.4
2,3,lr5e-05_bs32_modL1_fusion64_fusionL1_drop0p1_trmiss40_trlocglobal,32,5e-05,1,64,1,0.1,lr5e-05_bs32_modL1_fusion64_fusionL1_drop0p1_trmiss40_trlocglobal,1,0.6971666687030387,0.6939655172413793,0.8414011933018188,0.4666666666666667,0.1724137931034483,1.0,0.2626128657194451,2002,global,0.4
2,3,lr1e-04_bs32_modL1_fusion32_fusionL1_drop0p2_trmiss40_trlocglobal,32,0.0001,1,32,1,0.2,lr1e-04_bs32_modL1_fusion32_fusionL1_drop0p2_trmiss40_trlocglobal,28,0.6566373114697738,0.7176724137931034,0.7701259801522875,0.6444444444444445,0.6206896551724138,0.6875,0.29512213821021477,2002,global,0.4
2,3,lr1e-04_bs32_modL1_fusion32_fusionL1_drop0p1_trmiss40_trlocglobal,32,0.0001,1,32,1,0.1,lr1e-04_bs32_modL1_fusion32_fusionL1_drop0p1_trmiss40_trlocglobal,11,0.6536302395215071,0.6767241379310345,0.732843774111292,0.6888888888888889,0.7241379310344828,0.625,0.3411441196105065,2002,global,0.4
2,3,lr1e-04_bs32_modL1_fusion64_fusionL1_drop0p2_trmiss40_trlocglobal,32,0.0001,1,64,1,0.2,lr1e-04_bs32_modL1_fusion64_fusionL1_drop0p2_trmiss40_trlocglobal,9,0.6251553795948492,0.6875,0.8147087354881417,0.6888888888888889,0.8275862068965517,0.4375,0.2869449118648753,2002,global,0.4
2,3,lr1e-04_bs32_modL1_fusion64_fusionL1_drop0p1_trmiss40_trlocglobal,32,0.0001,1,64,1,0.1,lr1e-04_bs32_modL1_fusion64_fusionL1_drop0p1_trmiss40_trlocglobal,7,0.6747058789646075,0.5689655172413793,0.6706521322097089,0.5555555555555556,0.6551724137931034,0.375,0.03017241379310345,2002,global,0.4
2,4,lr5e-05_bs16_modL1_fusion32_fusionL1_drop0p2_trmiss40_trlocglobal,16,5e-05,1,32,1,0.2,lr5e-05_bs16_modL1_fusion32_fusionL1_drop0p2_trmiss40_trlocglobal,12,0.72623421082504,0.47844827586206895,0.6622958848735919,0.4666666666666667,0.41379310344827586,0.5625,-0.02297577769006945,2002,global,0.4
2,4,lr5e-05_bs16_modL1_fusion32_fusionL1_drop0p1_trmiss40_trlocglobal,16,5e-05,1,32,1,0.1,lr5e-05_bs16_modL1_fusion32_fusionL1_drop0p1_trmiss40_trlocglobal,16,0.6824821123421659,0.6551724137931034,0.8055875642547132,0.5333333333333333,0.41379310344827586,0.75,0.16379310344827586,2002,global,0.4
2,4,lr5e-05_bs16_modL1_fusion64_fusionL1_drop0p2_trmiss40_trlocglobal,16,5e-05,1,64,1,0.2,lr5e-05_bs16_modL1_fusion64_fusionL1_drop0p2_trmiss40_trlocglobal,32,0.6868272594651514,0.5344827586206896,0.7404130040462007,0.4666666666666667,0.5517241379310345,0.3125,-0.1326671576263081,2002,global,0.4
2,4,lr5e-05_bs16_modL1_fusion64_fusionL1_drop0p1_trmiss40_trlocglobal,16,5e-05,1,64,1,0.1,lr5e-05_bs16_modL1_fusion64_fusionL1_drop0p1_trmiss40_trlocglobal,1,0.7064623612986262,0.5625,0.6998244591901261,0.4888888888888889,0.27586206896551724,0.875,0.1737020834449128,2002,global,0.4
2,4,lr1e-04_bs16_modL1_fusion32_fusionL1_drop0p2_trmiss40_trlocglobal,16,0.0001,1,32,1,0.2,lr1e-04_bs16_modL1_fusion32_fusionL1_drop0p2_trmiss40_trlocglobal,32,0.6194840254360031,0.6831896551724139,0.8178154388728269,0.6444444444444445,0.7586206896551724,0.4375,0.20278579853872353,2002,global,0.4
2,4,lr1e-04_bs16_modL1_fusion32_fusionL1_drop0p1_trmiss40_trlocglobal,16,0.0001,1,32,1,0.1,lr1e-04_bs16_modL1_fusion32_fusionL1_drop0p1_trmiss40_trlocglobal,12,0.7240391265870504,0.5172413793103449,0.6963944469116555,0.5111111111111111,0.4482758620689655,0.625,0.07101604013294192,2002,global,0.4
2,4,lr1e-04_bs16_modL1_fusion64_fusionL1_drop0p2_trmiss40_trlocglobal,16,0.0001,1,64,1,0.2,lr1e-04_bs16_modL1_fusion64_fusionL1_drop0p2_trmiss40_trlocglobal,17,0.6638167377576268,0.5431034482758621,0.7223625677753228,0.5777777777777777,0.7241379310344828,0.3125,0.038693967788740326,2002,global,0.4
2,4,lr1e-04_bs16_modL1_fusion64_fusionL1_drop0p1_trmiss40_trlocglobal,16,0.0001,1,64,1,0.1,lr1e-04_bs16_modL1_fusion64_fusionL1_drop0p1_trmiss40_trlocglobal,17,0.7070837803672556,0.5668103448275862,0.6967223213035829,0.4888888888888889,0.4482758620689655,0.5625,0.010380684981717497,2002,global,0.4
2,4,lr5e-05_bs32_modL1_fusion32_fusionL1_drop0p2_trmiss40_trlocglobal,32,5e-05,1,32,1,0.2,lr5e-05_bs32_modL1_fusion32_fusionL1_drop0p2_trmiss40_trlocglobal,1,0.6851489075105086,0.5431034482758621,0.6940136008615274,0.5333333333333333,0.6206896551724138,0.375,-0.0042556659353012215,2002,global,0.4
2,4,lr5e-05_bs32_modL1_fusion32_fusionL1_drop0p1_trmiss40_trlocglobal,32,5e-05,1,32,1,0.1,lr5e-05_bs32_modL1_fusion32_fusionL1_drop0p1_trmiss40_trlocglobal,34,0.7584667509698721,0.5517241379310345,0.715768316026718,0.4222222222222222,0.20689655172413793,0.8125,0.023211917272131483,2002,global,0.4
2,4,lr5e-05_bs32_modL1_fusion64_fusionL1_drop0p2_trmiss40_trlocglobal,32,5e-05,1,64,1,0.2,lr5e-05_bs32_modL1_fusion64_fusionL1_drop0p2_trmiss40_trlocglobal,1,0.6904000245975247,0.5711206896551724,0.6852781306764067,0.5555555555555556,0.4827586206896552,0.6875,0.1650078579559533,2002,global,0.4
2,4,lr5e-05_bs32_modL1_fusion64_fusionL1_drop0p1_trmiss40_trlocglobal,32,5e-05,1,64,1,0.1,lr5e-05_bs32_modL1_fusion64_fusionL1_drop0p1_trmiss40_trlocglobal,78,0.6602125650483358,0.5668103448275862,0.7482241133358565,0.5777777777777777,0.7241379310344828,0.3125,0.038693967788740326,2002,global,0.4
2,4,lr1e-04_bs32_modL1_fusion32_fusionL1_drop0p2_trmiss40_trlocglobal,32,0.0001,1,32,1,0.2,lr1e-04_bs32_modL1_fusion32_fusionL1_drop0p2_trmiss40_trlocglobal,13,0.7699316526693314,0.5775862068965518,0.7136642520248639,0.4444444444444444,0.1724137931034483,0.9375,0.1547758711549613,2002,global,0.4
2,4,lr1e-04_bs32_modL1_fusion32_fusionL1_drop0p1_trmiss40_trlocglobal,32,0.0001,1,32,1,0.1,lr1e-04_bs32_modL1_fusion32_fusionL1_drop0p1_trmiss40_trlocglobal,15,0.6762645471712176,0.603448275862069,0.7910695597484447,0.5777777777777777,0.6206896551724138,0.5,0.11696759551308082,2002,global,0.4
2,4,lr1e-04_bs32_modL1_fusion64_fusionL1_drop0p2_trmiss40_trlocglobal,32,0.0001,1,64,1,0.2,lr1e-04_bs32_modL1_fusion64_fusionL1_drop0p2_trmiss40_trlocglobal,43,0.6530480349136105,0.6530172413793104,0.7893328815655367,0.6,0.5862068965517241,0.625,0.2022515352769304,2002,global,0.4
2,4,lr1e-04_bs32_modL1_fusion64_fusionL1_drop0p1_trmiss40_trlocglobal,32,0.0001,1,64,1,0.1,lr1e-04_bs32_modL1_fusion64_fusionL1_drop0p1_trmiss40_trlocglobal,1,0.673447653292294,0.6099137931034484,0.688688704630532,0.6888888888888889,0.9310344827586207,0.25,0.2549249642552304,2002,global,0.4
2,5,lr5e-05_bs16_modL1_fusion32_fusionL1_drop0p2_trmiss40_trlocglobal,16,5e-05,1,32,1,0.2,lr5e-05_bs16_modL1_fusion32_fusionL1_drop0p2_trmiss40_trlocglobal,5,0.6944495580241156,0.5668103448275862,0.70673610639384,0.5111111111111111,0.5172413793103449,0.5,0.016510329410361665,2002,global,0.4
2,5,lr5e-05_bs16_modL1_fusion32_fusionL1_drop0p1_trmiss40_trlocglobal,16,5e-05,1,32,1,0.1,lr5e-05_bs16_modL1_fusion32_fusionL1_drop0p1_trmiss40_trlocglobal,14,0.6434819929057572,0.6745689655172413,0.8070126536890597,0.6444444444444445,0.6551724137931034,0.625,0.2698978095246549,2002,global,0.4
2,5,lr5e-05_bs16_modL1_fusion64_fusionL1_drop0p2_trmiss40_trlocglobal,16,5e-05,1,64,1,0.2,lr5e-05_bs16_modL1_fusion64_fusionL1_drop0p2_trmiss40_trlocglobal,7,0.6530897006992399,0.6357758620689655,0.7856717999562799,0.6222222222222222,0.8275862068965517,0.25,0.09284766908852593,2002,global,0.4
2,5,lr5e-05_bs16_modL1_fusion64_fusionL1_drop0p1_trmiss40_trlocglobal,16,5e-05,1,64,1,0.1,lr5e-05_bs16_modL1_fusion64_fusionL1_drop0p1_trmiss40_trlocglobal,5,0.6902408813212837,0.7219827586206896,0.8457799632562186,0.5333333333333333,0.3103448275862069,0.9375,0.28536770851664245,2002,global,0.4
2,5,lr1e-04_bs16_modL1_fusion32_fusionL1_drop0p2_trmiss40_trlocglobal,16,0.0001,1,32,1,0.2,lr1e-04_bs16_modL1_fusion32_fusionL1_drop0p2_trmiss40_trlocglobal,18,0.6688982579453497,0.6336206896551724,0.7712059404399135,0.6,0.5862068965517241,0.625,0.2022515352769304,2002,global,0.4
2,5,lr1e-04_bs16_modL1_fusion32_fusionL1_drop0p1_trmiss40_trlocglobal,16,0.0001,1,32,1,0.1,lr1e-04_bs16_modL1_fusion32_fusionL1_drop0p1_trmiss40_trlocglobal,39,0.634255499015294,0.6508620689655172,0.7690137691473249,0.5555555555555556,0.6896551724137931,0.3125,0.0022284153685574013,2002,global,0.4
2,5,lr1e-04_bs16_modL1_fusion64_fusionL1_drop0p2_trmiss40_trlocglobal,16,0.0001,1,64,1,0.2,lr1e-04_bs16_modL1_fusion64_fusionL1_drop0p2_trmiss40_trlocglobal,23,0.6335709081291985,0.6443965517241379,0.8018514115052509,0.6444444444444445,0.7241379310344828,0.5,0.22413793103448276,2002,global,0.4
2,5,lr1e-04_bs16_modL1_fusion64_fusionL1_drop0p1_trmiss40_trlocglobal,16,0.0001,1,64,1,0.1,lr1e-04_bs16_modL1_fusion64_fusionL1_drop0p1_trmiss40_trlocglobal,28,0.6090844072912236,0.6831896551724138,0.8091031464208699,0.6222222222222222,0.7931034482758621,0.3125,0.11762544748949916,2002,global,0.4
2,5,lr5e-05_bs32_modL1_fusion32_fusionL1_drop0p2_trmiss40_trlocglobal,32,5e-05,1,32,1,0.2,lr5e-05_bs32_modL1_fusion32_fusionL1_drop0p2_trmiss40_trlocglobal,15,0.6251731076019191,0.7392241379310345,0.8579454424572295,0.6888888888888889,0.8620689655172413,0.375,0.27296041684200584,2002,global,0.4
2,5,lr5e-05_bs32_modL1_fusion32_fusionL1_drop0p1_trmiss40_trlocglobal,32,5e-05,1,32,1,0.1,lr5e-05_bs32_modL1_fusion32_fusionL1_drop0p1_trmiss40_trlocglobal,71,0.7017574615443241,0.5150862068965517,0.6895077735823381,0.5555555555555556,0.5862068965517241,0.5,0.08304547985373997,2002,global,0.4
2,5,lr5e-05_bs32_modL1_fusion64_fusionL1_drop0p2_trmiss40_trlocglobal,32,5e-05,1,64,1,0.2,lr5e-05_bs32_modL1_fusion64_fusionL1_drop0p2_trmiss40_trlocglobal,14,0.6947160999472162,0.5344827586206896,0.6954872255935209,0.5555555555555556,0.5862068965517241,0.5,0.08304547985373997,2002,global,0.4
2,5,lr5e-05_bs32_modL1_fusion64_fusionL1_drop0p1_trmiss40_trlocglobal,32,5e-05,1,64,1,0.1,lr5e-05_bs32_modL1_fusion64_fusionL1_drop0p1_trmiss40_trlocglobal,20,0.6896709613594749,0.625,0.786474544869886,0.5111111111111111,0.41379310344827586,0.6875,0.10000814947957871,2002,global,0.4
2,5,lr1e-04_bs32_modL1_fusion32_fusionL1_drop0p2_trmiss40_trlocglobal,32,0.0001,1,32,1,0.2,lr1e-04_bs32_modL1_fusion32_fusionL1_drop0p2_trmiss40_trlocglobal,37,0.6932307391300281,0.5366379310344828,0.740291465061897,0.5111111111111111,0.4482758620689655,0.625,0.07101604013294192,2002,global,0.4
2,5,lr1e-04_bs32_modL1_fusion32_fusionL1_drop0p1_trmiss40_trlocglobal,32,0.0001,1,32,1,0.1,lr1e-04_bs32_modL1_fusion32_fusionL1_drop0p1_trmiss40_trlocglobal,24,0.6979687738295507,0.6056034482758621,0.7838985689373683,0.5111111111111111,0.4827586206896552,0.5625,0.0434255208612282,2002,global,0.4
2,5,lr1e-04_bs32_modL1_fusion64_fusionL1_drop0p2_trmiss40_trlocglobal,32,0.0001,1,64,1,0.2,lr1e-04_bs32_modL1_fusion64_fusionL1_drop0p2_trmiss40_trlocglobal,29,0.641550485068595,0.6293103448275863,0.7952046093212064,0.6,0.6896551724137931,0.4375,0.1271551724137931,2002,global,0.4
2,5,lr1e-04_bs32_modL1_fusion64_fusionL1_drop0p1_trmiss40_trlocglobal,32,0.0001,1,64,1,0.1,lr1e-04_bs32_modL1_fusion64_fusionL1_drop0p1_trmiss40_trlocglobal,39,0.6515507260067538,0.6293103448275863,0.749169765546295,0.6,0.7241379310344828,0.375,0.10250710695364046,2002,global,0.4
3,1,lr5e-05_bs16_modL1_fusion32_fusionL1_drop0p2_trmiss40_trlocglobal,16,5e-05,1,32,1,0.2,lr5e-05_bs16_modL1_fusion32_fusionL1_drop0p2_trmiss40_trlocglobal,1,0.6907023835146252,0.592436974789916,0.7451964444387966,0.5555555555555556,0.4642857142857143,0.7058823529411765,0.16840826742715195,2002,global,0.4
3,1,lr5e-05_bs16_modL1_fusion32_fusionL1_drop0p1_trmiss40_trlocglobal,16,5e-05,1,32,1,0.1,lr5e-05_bs16_modL1_fusion32_fusionL1_drop0p1_trmiss40_trlocglobal,16,0.6946779909704047,0.6092436974789917,0.7194436466242282,0.5555555555555556,0.5357142857142857,0.5882352941176471,0.12021904587984773,2002,global,0.4
3,1,lr5e-05_bs16_modL1_fusion64_fusionL1_drop0p2_trmiss40_trlocglobal,16,5e-05,1,64,1,0.2,lr5e-05_bs16_modL1_fusion64_fusionL1_drop0p2_trmiss40_trlocglobal,36,0.6485498550708038,0.6953781512605042,0.7760395680444282,0.6888888888888889,0.8571428571428571,0.4117647058823529,0.3033686452801432,2002,global,0.4
3,1,lr5e-05_bs16_modL1_fusion64_fusionL1_drop0p1_trmiss40_trlocglobal,16,5e-05,1,64,1,0.1,lr5e-05_bs16_modL1_fusion64_fusionL1_drop0p1_trmiss40_trlocglobal,4,0.7495877897436826,0.5084033613445378,0.6406403151164056,0.4222222222222222,0.21428571428571427,0.7647058823529411,-0.024499797877501263,2002,global,0.4
3,1,lr1e-04_bs16_modL1_fusion32_fusionL1_drop0p2_trmiss40_trlocglobal,16,0.0001,1,32,1,0.2,lr1e-04_bs16_modL1_fusion32_fusionL1_drop0p2_trmiss40_trlocglobal,25,0.7087315113041217,0.6722689075630253,0.8044603889376428,0.6222222222222222,0.5357142857142857,0.7647058823529411,0.2948961391092899,2002,global,0.4
3,1,lr1e-04_bs16_modL1_fusion32_fusionL1_drop0p1_trmiss40_trlocglobal,16,0.0001,1,32,1,0.1,lr1e-04_bs16_modL1_fusion32_fusionL1_drop0p1_trmiss40_trlocglobal,6,0.7072110574304743,0.7142857142857143,0.751191590430217,0.4666666666666667,0.17857142857142858,0.9411764705882353,0.17079039800794715,2002,global,0.4
3,1,lr1e-04_bs16_modL1_fusion64_fusionL1_drop0p2_trmiss40_trlocglobal,16,0.0001,1,64,1,0.2,lr1e-04_bs16_modL1_fusion64_fusionL1_drop0p2_trmiss40_trlocglobal,18,0.6836865646757706,0.75,0.8453634561179247,0.7333333333333333,0.6785714285714286,0.8235294117647058,0.4869890163607391,2002,global,0.4
3,1,lr1e-04_bs16_modL1_fusion64_fusionL1_drop0p1_trmiss40_trlocglobal,16,0.0001,1,64,1,0.1,lr1e-04_bs16_modL1_fusion64_fusionL1_drop0p1_trmiss40_trlocglobal,1,0.6733843128979821,0.7184873949579832,0.7848392559754342,0.6,0.5,0.7647058823529411,0.2619684159977919,2002,global,0.4
3,1,lr5e-05_bs32_modL1_fusion32_fusionL1_drop0p2_trmiss40_trlocglobal,32,5e-05,1,32,1,0.2,lr5e-05_bs32_modL1_fusion32_fusionL1_drop0p2_trmiss40_trlocglobal,8,0.6506286339557884,0.6533613445378151,0.7515473270165589,0.6222222222222222,0.9285714285714286,0.11764705882352941,0.07874033903918981,2002,global,0.4
3,1,lr5e-05_bs32_modL1_fusion32_fusionL1_drop0p1_trmiss40_trlocglobal,32,5e-05,1,32,1,0.1,lr5e-05_bs32_modL1_fusion32_fusionL1_drop0p1_trmiss40_trlocglobal,4,0.661921065433644,0.7058823529411764,0.7749757810312404,0.6888888888888889,0.75,0.5882352941176471,0.3382352941176471,2002,global,0.4
3,1,lr5e-05_bs32_modL1_fusion64_fusionL1_drop0p2_trmiss40_trlocglobal,32,5e-05,1,64,1,0.2,lr5e-05_bs32_modL1_fusion64_fusionL1_drop0p2_trmiss40_trlocglobal,1,0.6924006315049318,0.7815126050420168,0.8654731677232773,0.37777777777777777,0.0,1.0,0.0,2002,global,0.4
3,1,lr5e-05_bs32_modL1_fusion64_fusionL1_drop0p1_trmiss40_trlocglobal,32,5e-05,1,64,1,0.1,lr5e-05_bs32_modL1_fusion64_fusionL1_drop0p1_trmiss40_trlocglobal,1,0.686160841782812,0.5273109243697479,0.6433529413914117,0.6222222222222222,0.75,0.4117647058823529,0.16941130349926678,2002,global,0.4
3,1,lr1e-04_bs32_modL1_fusion32_fusionL1_drop0p2_trmiss40_trlocglobal,32,0.0001,1,32,1,0.2,lr1e-04_bs32_modL1_fusion32_fusionL1_drop0p2_trmiss40_trlocglobal,8,0.7362584700230476,0.4957983193277311,0.6491692477149037,0.4,0.2857142857142857,0.5882352941176471,-0.12964074471043288,2002,global,0.4
3,1,lr1e-04_bs32_modL1_fusion32_fusionL1_drop0p1_trmiss40_trlocglobal,32,0.0001,1,32,1,0.1,lr1e-04_bs32_modL1_fusion32_fusionL1_drop0p1_trmiss40_trlocglobal,16,0.6773270364769824,0.6239495798319328,0.68096820971323,0.6888888888888889,0.7857142857142857,0.5294117647058824,0.3241018617760822,2002,global,0.4
3,1,lr1e-04_bs32_modL1_fusion64_fusionL1_drop0p2_trmiss40_trlocglobal,32,0.0001,1,64,1,0.2,lr1e-04_bs32_modL1_fusion64_fusionL1_drop0p2_trmiss40_trlocglobal,4,0.7683962950461681,0.6869747899159664,0.789350122955393,0.4444444444444444,0.10714285714285714,1.0,0.20824828195876074,2002,global,0.4
3,1,lr1e-04_bs32_modL1_fusion64_fusionL1_drop0p1_trmiss40_trlocglobal,32,0.0001,1,64,1,0.1,lr1e-04_bs32_modL1_fusion64_fusionL1_drop0p1_trmiss40_trlocglobal,14,0.6954085758864947,0.48739495798319327,0.6378830420447207,0.5555555555555556,0.7857142857142857,0.17647058823529413,-0.045834924851410566,2002,global,0.4
3,2,lr5e-05_bs16_modL1_fusion32_fusionL1_drop0p2_trmiss40_trlocglobal,16,5e-05,1,32,1,0.2,lr5e-05_bs16_modL1_fusion32_fusionL1_drop0p2_trmiss40_trlocglobal,31,0.6488903136093541,0.6638655462184875,0.7520738394989065,0.6,0.7857142857142857,0.29411764705882354,0.0900625665675425,2002,global,0.4
3,2,lr5e-05_bs16_modL1_fusion32_fusionL1_drop0p1_trmiss40_trlocglobal,16,5e-05,1,32,1,0.1,lr5e-05_bs16_modL1_fusion32_fusionL1_drop0p1_trmiss40_trlocglobal,18,0.6663547551729722,0.5903361344537815,0.7098804450146423,0.6444444444444445,0.8928571428571429,0.23529411764705882,0.1714294928472952,2002,global,0.4
3,2,lr5e-05_bs16_modL1_fusion64_fusionL1_drop0p2_trmiss40_trlocglobal,16,5e-05,1,64,1,0.2,lr5e-05_bs16_modL1_fusion64_fusionL1_drop0p2_trmiss40_trlocglobal,47,0.5746686229494405,0.8046218487394958,0.8585603175836892,0.7555555555555555,0.9285714285714286,0.47058823529411764,0.465496159672524,2002,global,0.4
3,2,lr5e-05_bs16_modL1_fusion64_fusionL1_drop0p1_trmiss40_trlocglobal,16,5e-05,1,64,1,0.1,lr5e-05_bs16_modL1_fusion64_fusionL1_drop0p1_trmiss40_trlocglobal,10,0.6874889185051809,0.5819327731092437,0.7144036282573054,0.5111111111111111,0.4642857142857143,0.5882352941176471,0.05124500385567424,2002,global,0.4
3,2,lr1e-04_bs16_modL1_fusion32_fusionL1_drop0p2_trmiss40_trlocglobal,16,0.0001,1,32,1,0.2,lr1e-04_bs16_modL1_fusion32_fusionL1_drop0p2_trmiss40_trlocglobal,19,0.6995807007453304,0.6785714285714286,0.7515209475386718,0.4888888888888889,0.25,0.8823529411764706,0.160422236979937,2002,global,0.4
3,2,lr1e-04_bs16_modL1_fusion32_fusionL1_drop0p1_trmiss40_trlocglobal,16,0.0001,1,32,1,0.1,lr1e-04_bs16_modL1_fusion32_fusionL1_drop0p1_trmiss40_trlocglobal,12,0.6906404869205034,0.689075630252101,0.7317528155716311,0.4888888888888889,0.32142857142857145,0.7647058823529411,0.09213692524112937,2002,global,0.4
3,2,lr1e-04_bs16_modL1_fusion64_fusionL1_drop0p2_trmiss40_trlocglobal,16,0.0001,1,64,1,0.2,lr1e-04_bs16_modL1_fusion64_fusionL1_drop0p2_trmiss40_trlocglobal,15,0.6379069701941613,0.6239495798319328,0.6939221757442106,0.7111111111111111,0.9642857142857143,0.29411764705882354,0.3685477009645175,2002,global,0.4
3,2,lr1e-04_bs16_modL1_fusion64_fusionL1_drop0p1_trmiss40_trlocglobal,16,0.0001,1,64,1,0.1,lr1e-04_bs16_modL1_fusion64_fusionL1_drop0p1_trmiss40_trlocglobal,14,0.6780359655287174,0.5567226890756302,0.7117426838246056,0.5777777777777777,0.75,0.29411764705882354,0.04836912437199343,2002,global,0.4
3,2,lr5e-05_bs32_modL1_fusion32_fusionL1_drop0p2_trmiss40_trlocglobal,32,5e-05,1,32,1,0.2,lr5e-05_bs32_modL1_fusion32_fusionL1_drop0p2_trmiss40_trlocglobal,23,0.714992540127405,0.638655462184874,0.7155759106508944,0.5111111111111111,0.2857142857142857,0.8823529411764706,0.1959983830200101,2002,global,0.4
3,2,lr5e-05_bs32_modL1_fusion32_fusionL1_drop0p1_trmiss40_trlocglobal,32,5e-05,1,32,1,0.1,lr5e-05_bs32_modL1_fusion32_fusionL1_drop0p1_trmiss40_trlocglobal,9,0.6134004023704149,0.7163865546218487,0.8098139900935739,0.6444444444444445,0.9285714285714286,0.17647058823529413,0.1620509308880411,2002,global,0.4
3,2,lr5e-05_bs32_modL1_fusion64_fusionL1_drop0p2_trmiss40_trlocglobal,32,5e-05,1,64,1,0.2,lr5e-05_bs32_modL1_fusion64_fusionL1_drop0p2_trmiss40_trlocglobal,1,0.6941292596757026,0.5294117647058825,0.6545424454511867,0.5555555555555556,0.5357142857142857,0.5882352941176471,0.12021904587984773,2002,global,0.4
3,2,lr5e-05_bs32_modL1_fusion64_fusionL1_drop0p1_trmiss40_trlocglobal,32,5e-05,1,64,1,0.1,lr5e-05_bs32_modL1_fusion64_fusionL1_drop0p1_trmiss40_trlocglobal,9,0.6314862245194239,0.6197478991596639,0.7664534464423008,0.6888888888888889,1.0,0.17647058823529413,0.3429971702850177,2002,global,0.4
3,2,lr1e-04_bs32_modL1_fusion32_fusionL1_drop0p2_trmiss40_trlocglobal,32,0.0001,1,32,1,0.2,lr1e-04_bs32_modL1_fusion32_fusionL1_drop0p2_trmiss40_trlocglobal,47,0.6306856966895703,0.707983193277311,0.7945933679216054,0.6666666666666666,0.6785714285714286,0.6470588235294118,0.31771902390518025,2002,global,0.4
3,2,lr1e-04_bs32_modL1_fusion32_fusionL1_drop0p1_trmiss40_trlocglobal,32,0.0001,1,32,1,0.1,lr1e-04_bs32_modL1_fusion32_fusionL1_drop0p1_trmiss40_trlocglobal,23,0.6506519132110995,0.634453781512605,0.7410052315359814,0.6,0.6785714285714286,0.47058823529411764,0.14915966386554622,2002,global,0.4
3,2,lr1e-04_bs32_modL1_fusion64_fusionL1_drop0p2_trmiss40_trlocglobal,32,0.0001,1,64,1,0.2,lr1e-04_bs32_modL1_fusion64_fusionL1_drop0p2_trmiss40_trlocglobal,23,0.6485709379512596,0.638655462184874,0.7370651713123918,0.6222222222222222,0.6428571428571429,0.5882352941176471,0.22547801696496664,2002,global,0.4
3,2,lr1e-04_bs32_modL1_fusion64_fusionL1_drop0p1_trmiss40_trlocglobal,32,0.0001,1,64,1,0.1,lr1e-04_bs32_modL1_fusion64_fusionL1_drop0p1_trmiss40_trlocglobal,15,0.6647467947763048,0.592436974789916,0.7513834779315812,0.6,0.7142857142857143,0.4117647058823529,0.12964074471043288,2002,global,0.4
3,3,lr5e-05_bs16_modL1_fusion32_fusionL1_drop0p2_trmiss40_trlocglobal,16,5e-05,1,32,1,0.2,lr5e-05_bs16_modL1_fusion32_fusionL1_drop0p2_trmiss40_trlocglobal,6,0.6352150376567576,0.6702586206896552,0.787418557507608,0.7111111111111111,0.7931034482758621,0.5625,0.361092690364237,2002,global,0.4
3,3,lr5e-05_bs16_modL1_fusion32_fusionL1_drop0p1_trmiss40_trlocglobal,16,5e-05,1,32,1,0.1,lr5e-05_bs16_modL1_fusion32_fusionL1_drop0p1_trmiss40_trlocglobal,2,0.7037165872821014,0.5431034482758621,0.6414896070909766,0.5111111111111111,0.4827586206896552,0.5625,0.0434255208612282,2002,global,0.4
3,3,lr5e-05_bs16_modL1_fusion64_fusionL1_drop0p2_trmiss40_trlocglobal,16,5e-05,1,64,1,0.2,lr5e-05_bs16_modL1_fusion64_fusionL1_drop0p2_trmiss40_trlocglobal,2,0.6822445771835512,0.5129310344827586,0.6568444274973304,0.5555555555555556,0.7241379310344828,0.25,-0.027994625547792713,2002,global,0.4
3,3,lr5e-05_bs16_modL1_fusion64_fusionL1_drop0p1_trmiss40_trlocglobal,16,5e-05,1,64,1,0.1,lr5e-05_bs16_modL1_fusion64_fusionL1_drop0p1_trmiss40_trlocglobal,3,0.6749227724581266,0.5905172413793104,0.7118831537670791,0.5333333333333333,0.6206896551724138,0.375,-0.0042556659353012215,2002,global,0.4
3,3,lr1e-04_bs16_modL1_fusion32_fusionL1_drop0p2_trmiss40_trlocglobal,16,0.0001,1,32,1,0.2,lr1e-04_bs16_modL1_fusion32_fusionL1_drop0p2_trmiss40_trlocglobal,4,0.6563199712843566,0.5862068965517242,0.7448022456438866,0.6444444444444445,0.896551724137931,0.1875,0.11835801911849983,2002,global,0.4
3,3,lr1e-04_bs16_modL1_fusion32_fusionL1_drop0p1_trmiss40_trlocglobal,16,0.0001,1,32,1,0.1,lr1e-04_bs16_modL1_fusion32_fusionL1_drop0p1_trmiss40_trlocglobal,1,0.6545034943090133,0.646551724137931,0.7608529642563594,0.7111111111111111,1.0,0.1875,0.3598114585644622,2002,global,0.4
3,3,lr1e-04_bs16_modL1_fusion64_fusionL1_drop0p2_trmiss40_trlocglobal,16,0.0001,1,64,1,0.2,lr1e-04_bs16_modL1_fusion64_fusionL1_drop0p2_trmiss40_trlocglobal,14,0.708284045297465,0.4762931034482759,0.6852630148683164,0.4666666666666667,0.5517241379310345,0.3125,-0.1326671576263081,2002,global,0.4
3,3,lr1e-04_bs16_modL1_fusion64_fusionL1_drop0p1_trmiss40_trlocglobal,16,0.0001,1,64,1,0.1,lr1e-04_bs16_modL1_fusion64_fusionL1_drop0p1_trmiss40_trlocglobal,3,0.6837605638427907,0.646551724137931,0.7355217582224893,0.5777777777777777,0.5517241379310345,0.625,0.16923087645620707,2002,global,0.4
3,3,lr5e-05_bs32_modL1_fusion32_fusionL1_drop0p2_trmiss40_trlocglobal,32,5e-05,1,32,1,0.2,lr5e-05_bs32_modL1_fusion32_fusionL1_drop0p2_trmiss40_trlocglobal,1,0.6995505520968368,0.6056034482758621,0.6704988584388101,0.37777777777777777,0.13793103448275862,0.8125,-0.06546784227230608,2002,global,0.4
3,3,lr5e-05_bs32_modL1_fusion32_fusionL1_drop0p1_trmiss40_trlocglobal,32,5e-05,1,32,1,0.1,lr5e-05_bs32_modL1_fusion32_fusionL1_drop0p1_trmiss40_trlocglobal,29,0.7168899217119482,0.5172413793103448,0.6826086215448552,0.4444444444444444,0.3448275862068966,0.625,-0.03017241379310345,2002,global,0.4
3,3,lr5e-05_bs32_modL1_fusion64_fusionL1_drop0p2_trmiss40_trlocglobal,32,5e-05,1,64,1,0.2,lr5e-05_bs32_modL1_fusion64_fusionL1_drop0p2_trmiss40_trlocglobal,19,0.687509325841472,0.5646551724137931,0.6896291934624494,0.6222222222222222,0.6896551724137931,0.5,0.18724930115325378,2002,global,0.4
3,3,lr5e-05_bs32_modL1_fusion64_fusionL1_drop0p1_trmiss40_trlocglobal,32,5e-05,1,64,1,0.1,lr5e-05_bs32_modL1_fusion64_fusionL1_drop0p1_trmiss40_trlocglobal,4,0.702750270623109,0.6142241379310346,0.796096288458807,0.5333333333333333,0.3448275862068966,0.875,0.23795431715623805,2002,global,0.4
3,3,lr1e-04_bs32_modL1_fusion32_fusionL1_drop0p2_trmiss40_trlocglobal,32,0.0001,1,32,1,0.2,lr1e-04_bs32_modL1_fusion32_fusionL1_drop0p2_trmiss40_trlocglobal,2,0.6957752462034951,0.6767241379310345,0.7745255501117411,0.4,0.1724137931034483,0.8125,-0.018888314015215117,2002,global,0.4
3,3,lr1e-04_bs32_modL1_fusion32_fusionL1_drop0p1_trmiss40_trlocglobal,32,0.0001,1,32,1,0.1,lr1e-04_bs32_modL1_fusion32_fusionL1_drop0p1_trmiss40_trlocglobal,1,0.6777782288109644,0.6185344827586207,0.7828863006790108,0.6,0.8275862068965517,0.1875,0.018888314015215117,2002,global,0.4
3,3,lr1e-04_bs32_modL1_fusion64_fusionL1_drop0p2_trmiss40_trlocglobal,32,0.0001,1,64,1,0.2,lr1e-04_bs32_modL1_fusion64_fusionL1_drop0p2_trmiss40_trlocglobal,25,0.7889980701558845,0.45689655172413796,0.6061614294247686,0.4222222222222222,0.3448275862068966,0.5625,-0.09149681760897627,2002,global,0.4
3,3,lr1e-04_bs32_modL1_fusion64_fusionL1_drop0p1_trmiss40_trlocglobal,32,0.0001,1,64,1,0.1,lr1e-04_bs32_modL1_fusion64_fusionL1_drop0p1_trmiss40_trlocglobal,59,0.7549561340023184,0.5064655172413793,0.6734414113813523,0.4888888888888889,0.4482758620689655,0.5625,0.010380684981717497,2002,global,0.4
3,4,lr5e-05_bs16_modL1_fusion32_fusionL1_drop0p2_trmiss40_trlocglobal,16,5e-05,1,32,1,0.2,lr5e-05_bs16_modL1_fusion32_fusionL1_drop0p2_trmiss40_trlocglobal,15,0.6856675680681519,0.5258620689655172,0.6850458618865822,0.5111111111111111,0.5517241379310345,0.4375,-0.010380684981717497,2002,global,0.4
3,4,lr5e-05_bs16_modL1_fusion32_fusionL1_drop0p1_trmiss40_trlocglobal,16,5e-05,1,32,1,0.1,lr5e-05_bs16_modL1_fusion32_fusionL1_drop0p1_trmiss40_trlocglobal,11,0.6707839072803293,0.627155172413793,0.7765412744195426,0.5555555555555556,0.5172413793103449,0.625,0.13648020842100292,2002,global,0.4
3,4,lr5e-05_bs16_modL1_fusion64_fusionL1_drop0p2_trmiss40_trlocglobal,16,5e-05,1,64,1,0.2,lr5e-05_bs16_modL1_fusion64_fusionL1_drop0p2_trmiss40_trlocglobal,16,0.6575987209013717,0.5668103448275862,0.7407200329378494,0.6,0.7931034482758621,0.25,0.049629166698546515,2002,global,0.4
3,4,lr5e-05_bs16_modL1_fusion64_fusionL1_drop0p1_trmiss40_trlocglobal,16,5e-05,1,64,1,0.1,lr5e-05_bs16_modL1_fusion64_fusionL1_drop0p1_trmiss40_trlocglobal,14,0.6356297354525706,0.7392241379310345,0.8382788815987643,0.6222222222222222,0.5862068965517241,0.6875,0.26210147938949147,2002,global,0.4
3,4,lr1e-04_bs16_modL1_fusion32_fusionL1_drop0p2_trmiss40_trlocglobal,16,0.0001,1,32,1,0.2,lr1e-04_bs16_modL1_fusion32_fusionL1_drop0p2_trmiss40_trlocglobal,14,0.6336776017015527,0.6293103448275863,0.7843691210811485,0.6222222222222222,0.8275862068965517,0.25,0.09284766908852593,2002,global,0.4
3,4,lr1e-04_bs16_modL1_fusion32_fusionL1_drop0p1_trmiss40_trlocglobal,16,0.0001,1,32,1,0.1,lr1e-04_bs16_modL1_fusion32_fusionL1_drop0p1_trmiss40_trlocglobal,2,0.6631601371043524,0.728448275862069,0.8103735746301021,0.7111111111111111,0.6551724137931034,0.8125,0.4478426852560602,2002,global,0.4
3,4,lr1e-04_bs16_modL1_fusion64_fusionL1_drop0p2_trmiss40_trlocglobal,16,0.0001,1,64,1,0.2,lr1e-04_bs16_modL1_fusion64_fusionL1_drop0p2_trmiss40_trlocglobal,10,0.6953557608799438,0.6099137931034483,0.7939649895426486,0.5333333333333333,0.4482758620689655,0.6875,0.1326671576263081,2002,global,0.4
3,4,lr1e-04_bs16_modL1_fusion64_fusionL1_drop0p1_trmiss40_trlocglobal,16,0.0001,1,64,1,0.1,lr1e-04_bs16_modL1_fusion64_fusionL1_drop0p1_trmiss40_trlocglobal,10,0.7014786415603229,0.5926724137931034,0.7685384778920703,0.5555555555555556,0.4482758620689655,0.75,0.1957606330238562,2002,global,0.4
3,4,lr5e-05_bs32_modL1_fusion32_fusionL1_drop0p2_trmiss40_trlocglobal,32,5e-05,1,32,1,0.2,lr5e-05_bs32_modL1_fusion32_fusionL1_drop0p2_trmiss40_trlocglobal,6,0.654542289799902,0.7025862068965516,0.7913564520482423,0.7111111111111111,0.7586206896551724,0.625,0.37875426824180874,2002,global,0.4
3,4,lr5e-05_bs32_modL1_fusion32_fusionL1_drop0p1_trmiss40_trlocglobal,32,5e-05,1,32,1,0.1,lr5e-05_bs32_modL1_fusion32_fusionL1_drop0p1_trmiss40_trlocglobal,5,0.6795516733479214,0.6896551724137931,0.8059196483909123,0.5777777777777777,0.41379310344827586,0.875,0.29860765938669176,2002,global,0.4
3,4,lr5e-05_bs32_modL1_fusion64_fusionL1_drop0p2_trmiss40_trlocglobal,32,5e-05,1,64,1,0.2,lr5e-05_bs32_modL1_fusion64_fusionL1_drop0p2_trmiss40_trlocglobal,6,0.6110783022566395,0.8254310344827587,0.8659210242161098,0.7555555555555555,0.9655172413793104,0.375,0.44973561213149393,2002,global,0.4
3,4,lr5e-05_bs32_modL1_fusion64_fusionL1_drop0p1_trmiss40_trlocglobal,32,5e-05,1,64,1,0.1,lr5e-05_bs32_modL1_fusion64_fusionL1_drop0p1_trmiss40_trlocglobal,19,0.6886768369579258,0.5107758620689655,0.690497532405835,0.5333333333333333,0.6206896551724138,0.375,-0.0042556659353012215,2002,global,0.4
3,4,lr1e-04_bs32_modL1_fusion32_fusionL1_drop0p2_trmiss40_trlocglobal,32,0.0001,1,32,1,0.2,lr1e-04_bs32_modL1_fusion32_fusionL1_drop0p2_trmiss40_trlocglobal,1,0.6628816304476953,0.6530172413793103,0.7517532274170625,0.6666666666666666,1.0,0.0625,0.2029610352214972,2002,global,0.4
3,4,lr1e-04_bs32_modL1_fusion32_fusionL1_drop0p1_trmiss40_trlocglobal,32,0.0001,1,32,1,0.1,lr1e-04_bs32_modL1_fusion32_fusionL1_drop0p1_trmiss40_trlocglobal,1,0.7007646872227283,0.752155172413793,0.8556594954582741,0.35555555555555557,0.0,1.0,0.0,2002,global,0.4
3,4,lr1e-04_bs32_modL1_fusion64_fusionL1_drop0p2_trmiss40_trlocglobal,32,0.0001,1,64,1,0.2,lr1e-04_bs32_modL1_fusion64_fusionL1_drop0p2_trmiss40_trlocglobal,10,0.6797914381297588,0.6099137931034484,0.726874845512473,0.5777777777777777,0.6206896551724138,0.5,0.11696759551308082,2002,global,0.4
3,4,lr1e-04_bs32_modL1_fusion64_fusionL1_drop0p1_trmiss40_trlocglobal,32,0.0001,1,64,1,0.1,lr1e-04_bs32_modL1_fusion64_fusionL1_drop0p1_trmiss40_trlocglobal,22,0.6428431786511033,0.6336206896551724,0.7385010266487495,0.5777777777777777,0.6896551724137931,0.375,0.06565321642986127,2002,global,0.4
3,5,lr5e-05_bs16_modL1_fusion32_fusionL1_drop0p2_trmiss40_trlocglobal,16,5e-05,1,32,1,0.2,lr5e-05_bs16_modL1_fusion32_fusionL1_drop0p2_trmiss40_trlocglobal,5,0.653317723670441,0.6357758620689655,0.7910149352667266,0.6222222222222222,0.6896551724137931,0.5,0.18724930115325378,2002,global,0.4
3,5,lr5e-05_bs16_modL1_fusion32_fusionL1_drop0p1_trmiss40_trlocglobal,16,5e-05,1,32,1,0.1,lr5e-05_bs16_modL1_fusion32_fusionL1_drop0p1_trmiss40_trlocglobal,24,0.6294677329844748,0.7543103448275863,0.8307312158550794,0.7333333333333333,0.7241379310344828,0.75,0.45675013919556984,2002,global,0.4
3,5,lr5e-05_bs16_modL1_fusion64_fusionL1_drop0p2_trmiss40_trlocglobal,16,5e-05,1,64,1,0.2,lr5e-05_bs16_modL1_fusion64_fusionL1_drop0p2_trmiss40_trlocglobal,1,0.6964294557868318,0.6961206896551724,0.7951891152444606,0.4666666666666667,0.20689655172413793,0.9375,0.1907106709671525,2002,global,0.4
3,5,lr5e-05_bs16_modL1_fusion64_fusionL1_drop0p1_trmiss40_trlocglobal,16,5e-05,1,64,1,0.1,lr5e-05_bs16_modL1_fusion64_fusionL1_drop0p1_trmiss40_trlocglobal,46,0.6455807148863799,0.7155172413793103,0.8266386977072646,0.6444444444444445,0.6206896551724138,0.6875,0.29512213821021477,2002,global,0.4
3,5,lr1e-04_bs16_modL1_fusion32_fusionL1_drop0p2_trmiss40_trlocglobal,16,0.0001,1,32,1,0.2,lr1e-04_bs16_modL1_fusion32_fusionL1_drop0p2_trmiss40_trlocglobal,6,0.6429873588169965,0.7650862068965517,0.8753410301098372,0.6888888888888889,0.6551724137931034,0.75,0.38799274114349913,2002,global,0.4
3,5,lr1e-04_bs16_modL1_fusion32_fusionL1_drop0p1_trmiss40_trlocglobal,16,0.0001,1,32,1,0.1,lr1e-04_bs16_modL1_fusion32_fusionL1_drop0p1_trmiss40_trlocglobal,36,0.6087621827890027,0.7241379310344827,0.8496582777358421,0.6222222222222222,0.6206896551724138,0.625,0.23573854181809595,2002,global,0.4
3,5,lr1e-04_bs16_modL1_fusion64_fusionL1_drop0p2_trmiss40_trlocglobal,16,0.0001,1,64,1,0.2,lr1e-04_bs16_modL1_fusion64_fusionL1_drop0p2_trmiss40_trlocglobal,13,0.6690017747075226,0.6056034482758621,0.7588997535176543,0.6,0.6896551724137931,0.4375,0.1271551724137931,2002,global,0.4
3,5,lr1e-04_bs16_modL1_fusion64_fusionL1_drop0p1_trmiss40_trlocglobal,16,0.0001,1,64,1,0.1,lr1e-04_bs16_modL1_fusion64_fusionL1_drop0p1_trmiss40_trlocglobal,33,0.6160877373923181,0.7004310344827586,0.8189489044024574,0.6444444444444445,0.7586206896551724,0.4375,0.20278579853872353,2002,global,0.4
3,5,lr5e-05_bs32_modL1_fusion32_fusionL1_drop0p2_trmiss40_trlocglobal,32,5e-05,1,32,1,0.2,lr5e-05_bs32_modL1_fusion32_fusionL1_drop0p2_trmiss40_trlocglobal,24,0.6243408887298371,0.6379310344827587,0.8031712400754456,0.6444444444444445,0.8275862068965517,0.3125,0.16129479177027617,2002,global,0.4
3,5,lr5e-05_bs32_modL1_fusion32_fusionL1_drop0p1_trmiss40_trlocglobal,32,5e-05,1,32,1,0.1,lr5e-05_bs32_modL1_fusion32_fusionL1_drop0p1_trmiss40_trlocglobal,15,0.6669747174410721,0.670258620689655,0.7592109161343767,0.5777777777777777,0.4827586206896552,0.75,0.227429413073671,2002,global,0.4
3,5,lr5e-05_bs32_modL1_fusion64_fusionL1_drop0p2_trmiss40_trlocglobal,32,5e-05,1,64,1,0.2,lr5e-05_bs32_modL1_fusion64_fusionL1_drop0p2_trmiss40_trlocglobal,74,0.5822574512372702,0.771551724137931,0.8714697271172709,0.7555555555555555,0.8275862068965517,0.625,0.4595725150090289,2002,global,0.4
3,5,lr5e-05_bs32_modL1_fusion64_fusionL1_drop0p1_trmiss40_trlocglobal,32,5e-05,1,64,1,0.1,lr5e-05_bs32_modL1_fusion64_fusionL1_drop0p1_trmiss40_trlocglobal,36,0.6756168428831308,0.6702586206896552,0.7673596989500153,0.6444444444444445,0.5862068965517241,0.75,0.32258958354055234,2002,global,0.4
3,5,lr1e-04_bs32_modL1_fusion32_fusionL1_drop0p2_trmiss40_trlocglobal,32,0.0001,1,32,1,0.2,lr1e-04_bs32_modL1_fusion32_fusionL1_drop0p2_trmiss40_trlocglobal,31,0.6038724948769688,0.7392241379310345,0.8309856778706259,0.6888888888888889,0.7586206896551724,0.5625,0.32112068965517243,2002,global,0.4
3,5,lr1e-04_bs32_modL1_fusion32_fusionL1_drop0p1_trmiss40_trlocglobal,32,0.0001,1,32,1,0.1,lr1e-04_bs32_modL1_fusion32_fusionL1_drop0p1_trmiss40_trlocglobal,51,0.7695900063903066,0.6422413793103449,0.7540910861868486,0.4444444444444444,0.1724137931034483,0.9375,0.1547758711549613,2002,global,0.4
3,5,lr1e-04_bs32_modL1_fusion64_fusionL1_drop0p2_trmiss40_trlocglobal,32,0.0001,1,64,1,0.2,lr1e-04_bs32_modL1_fusion64_fusionL1_drop0p2_trmiss40_trlocglobal,71,0.6046452631052355,0.7370689655172414,0.8568616311401598,0.7333333333333333,0.7931034482758621,0.625,0.41810344827586204,2002,global,0.4
3,5,lr1e-04_bs32_modL1_fusion64_fusionL1_drop0p1_trmiss40_trlocglobal,32,0.0001,1,64,1,0.1,lr1e-04_bs32_modL1_fusion64_fusionL1_drop0p1_trmiss40_trlocglobal,75,0.6157779277534238,0.7478448275862069,0.8540523518757042,0.6888888888888889,0.7241379310344828,0.625,0.3411441196105065,2002,global,0.4
4,1,lr5e-05_bs16_modL1_fusion32_fusionL1_drop0p2_trmiss40_trlocglobal,16,5e-05,1,32,1,0.2,lr5e-05_bs16_modL1_fusion32_fusionL1_drop0p2_trmiss40_trlocglobal,5,0.7252244155559446,0.5903361344537815,0.671685273670278,0.4888888888888889,0.2857142857142857,0.8235294117647058,0.12324351214505816,2002,global,0.4
4,1,lr5e-05_bs16_modL1_fusion32_fusionL1_drop0p1_trmiss40_trlocglobal,16,5e-05,1,32,1,0.1,lr5e-05_bs16_modL1_fusion32_fusionL1_drop0p1_trmiss40_trlocglobal,3,0.7100394044904086,0.5609243697478992,0.6689324263675528,0.37777777777777777,0.17857142857142858,0.7058823529411765,-0.13474888832625695,2002,global,0.4
4,1,lr5e-05_bs16_modL1_fusion64_fusionL1_drop0p2_trmiss40_trlocglobal,16,5e-05,1,64,1,0.2,lr5e-05_bs16_modL1_fusion64_fusionL1_drop0p2_trmiss40_trlocglobal,1,0.7230923409893512,0.41596638655462187,0.5679475811445676,0.4222222222222222,0.21428571428571427,0.7647058823529411,-0.024499797877501263,2002,global,0.4
4,1,lr5e-05_bs16_modL1_fusion64_fusionL1_drop0p1_trmiss40_trlocglobal,16,5e-05,1,64,1,0.1,lr5e-05_bs16_modL1_fusion64_fusionL1_drop0p1_trmiss40_trlocglobal,3,0.7441725306194128,0.5525210084033613,0.6843498887991496,0.4444444444444444,0.21428571428571427,0.8235294117647058,0.045834924851410566,2002,global,0.4
4,1,lr1e-04_bs16_modL1_fusion32_fusionL1_drop0p2_trmiss40_trlocglobal,16,0.0001,1,32,1,0.2,lr1e-04_bs16_modL1_fusion32_fusionL1_drop0p2_trmiss40_trlocglobal,2,0.6858699449997413,0.6050420168067226,0.7454040317575357,0.5555555555555556,0.42857142857142855,0.7647058823529411,0.1957606330238562,2002,global,0.4
4,1,lr1e-04_bs16_modL1_fusion32_fusionL1_drop0p1_trmiss40_trlocglobal,16,0.0001,1,32,1,0.1,lr1e-04_bs16_modL1_fusion32_fusionL1_drop0p1_trmiss40_trlocglobal,1,0.6720944641641979,0.7815126050420167,0.8907267396817087,0.6444444444444445,0.4642857142857143,0.9411764705882353,0.4246283321475129,2002,global,0.4
4,1,lr1e-04_bs16_modL1_fusion64_fusionL1_drop0p2_trmiss40_trlocglobal,16,0.0001,1,64,1,0.2,lr1e-04_bs16_modL1_fusion64_fusionL1_drop0p2_trmiss40_trlocglobal,1,0.6770984249844497,0.7373949579831933,0.8306982155675379,0.6666666666666666,0.6071428571428571,0.7647058823529411,0.3613720186931436,2002,global,0.4
4,1,lr1e-04_bs16_modL1_fusion64_fusionL1_drop0p1_trmiss40_trlocglobal,16,0.0001,1,64,1,0.1,lr1e-04_bs16_modL1_fusion64_fusionL1_drop0p1_trmiss40_trlocglobal,15,0.6666266087107096,0.6029411764705883,0.7383123430102458,0.5555555555555556,0.75,0.23529411764705882,-0.01659047278875783,2002,global,0.4
4,1,lr5e-05_bs32_modL1_fusion32_fusionL1_drop0p2_trmiss40_trlocglobal,32,5e-05,1,32,1,0.2,lr5e-05_bs32_modL1_fusion32_fusionL1_drop0p2_trmiss40_trlocglobal,5,0.6974544523803672,0.46008403361344535,0.6061339592566701,0.4444444444444444,0.4642857142857143,0.4117647058823529,-0.12021904587984773,2002,global,0.4
4,1,lr5e-05_bs32_modL1_fusion32_fusionL1_drop0p1_trmiss40_trlocglobal,32,5e-05,1,32,1,0.1,lr5e-05_bs32_modL1_fusion32_fusionL1_drop0p1_trmiss40_trlocglobal,20,0.6762499857491266,0.6260504201680672,0.7248238932712067,0.5777777777777777,0.6071428571428571,0.5294117647058824,0.13323701002475302,2002,global,0.4
4,1,lr5e-05_bs32_modL1_fusion64_fusionL1_drop0p2_trmiss40_trlocglobal,32,5e-05,1,64,1,0.2,lr5e-05_bs32_modL1_fusion64_fusionL1_drop0p2_trmiss40_trlocglobal,8,0.6224219830857295,0.7184873949579833,0.8315857169957429,0.6444444444444445,0.9642857142857143,0.11764705882352941,0.1592486862037582,2002,global,0.4
4,1,lr5e-05_bs32_modL1_fusion64_fusionL1_drop0p1_trmiss40_trlocglobal,32,5e-05,1,64,1,0.1,lr5e-05_bs32_modL1_fusion64_fusionL1_drop0p1_trmiss40_trlocglobal,21,0.695840079216216,0.48949579831932777,0.6267496851773888,0.5777777777777777,0.7142857142857143,0.35294117647058826,0.07040469755813684,2002,global,0.4
4,1,lr1e-04_bs32_modL1_fusion32_fusionL1_drop0p2_trmiss40_trlocglobal,32,0.0001,1,32,1,0.2,lr1e-04_bs32_modL1_fusion32_fusionL1_drop0p2_trmiss40_trlocglobal,5,0.658342194678851,0.6848739495798319,0.8086491637616866,0.6444444444444445,0.8214285714285714,0.35294117647058826,0.19671560592384282,2002,global,0.4
4,1,lr1e-04_bs32_modL1_fusion32_fusionL1_drop0p1_trmiss40_trlocglobal,32,0.0001,1,32,1,0.1,lr1e-04_bs32_modL1_fusion32_fusionL1_drop0p1_trmiss40_trlocglobal,5,0.7211368424270925,0.37815126050420167,0.5413614630571202,0.5111111111111111,0.7142857142857143,0.17647058823529413,-0.12324351214505816,2002,global,0.4
4,1,lr1e-04_bs32_modL1_fusion64_fusionL1_drop0p2_trmiss40_trlocglobal,32,0.0001,1,64,1,0.2,lr1e-04_bs32_modL1_fusion64_fusionL1_drop0p2_trmiss40_trlocglobal,4,0.6616873730513859,0.5588235294117647,0.7312816672955728,0.6,0.8571428571428571,0.17647058823529413,0.04496511287797907,2002,global,0.4
4,1,lr1e-04_bs32_modL1_fusion64_fusionL1_drop0p1_trmiss40_trlocglobal,32,0.0001,1,64,1,0.1,lr1e-04_bs32_modL1_fusion64_fusionL1_drop0p1_trmiss40_trlocglobal,20,0.7029073155172245,0.6029411764705882,0.7423835838570445,0.5555555555555556,0.35714285714285715,0.8823529411764706,0.2625752465908215,2002,global,0.4
4,2,lr5e-05_bs16_modL1_fusion32_fusionL1_drop0p2_trmiss40_trlocglobal,16,5e-05,1,32,1,0.2,lr5e-05_bs16_modL1_fusion32_fusionL1_drop0p2_trmiss40_trlocglobal,4,0.6901488205456069,0.5861344537815126,0.7392050412963888,0.5333333333333333,0.5357142857142857,0.5294117647058824,0.06316593936059796,2002,global,0.4
4,2,lr5e-05_bs16_modL1_fusion32_fusionL1_drop0p1_trmiss40_trlocglobal,16,5e-05,1,32,1,0.1,lr5e-05_bs16_modL1_fusion32_fusionL1_drop0p1_trmiss40_trlocglobal,3,0.7051430261973506,0.6218487394957983,0.7010010132309953,0.5111111111111111,0.35714285714285715,0.7647058823529411,0.12760851432412304,2002,global,0.4
4,2,lr5e-05_bs16_modL1_fusion64_fusionL1_drop0p2_trmiss40_trlocglobal,16,5e-05,1,64,1,0.2,lr5e-05_bs16_modL1_fusion64_fusionL1_drop0p2_trmiss40_trlocglobal,5,0.6768127052130793,0.5126050420168067,0.6568040392002293,0.5555555555555556,0.7142857142857143,0.29411764705882354,0.008988968316207744,2002,global,0.4
4,2,lr5e-05_bs16_modL1_fusion64_fusionL1_drop0p1_trmiss40_trlocglobal,16,5e-05,1,64,1,0.1,lr5e-05_bs16_modL1_fusion64_fusionL1_drop0p1_trmiss40_trlocglobal,19,0.7083771404871654,0.49369747899159666,0.604254855130854,0.4888888888888889,0.5357142857142857,0.4117647058823529,-0.05124500385567424,2002,global,0.4
4,2,lr1e-04_bs16_modL1_fusion32_fusionL1_drop0p2_trmiss40_trlocglobal,16,0.0001,1,32,1,0.2,lr1e-04_bs16_modL1_fusion32_fusionL1_drop0p2_trmiss40_trlocglobal,9,0.7235285728658524,0.5945378151260504,0.6760581803242393,0.4444444444444444,0.21428571428571427,0.8235294117647058,0.045834924851410566,2002,global,0.4
4,2,lr1e-04_bs16_modL1_fusion32_fusionL1_drop0p1_trmiss40_trlocglobal,16,0.0001,1,32,1,0.1,lr1e-04_bs16_modL1_fusion32_fusionL1_drop0p1_trmiss40_trlocglobal,2,0.6867540854386669,0.4642857142857143,0.6437530189460506,0.6,0.75,0.35294117647058826,0.11011486187354486,2002,global,0.4
4,2,lr1e-04_bs16_modL1_fusion64_fusionL1_drop0p2_trmiss40_trlocglobal,16,0.0001,1,64,1,0.2,lr1e-04_bs16_modL1_fusion64_fusionL1_drop0p2_trmiss40_trlocglobal,7,0.690981829486358,0.46218487394957986,0.6338153436624809,0.5111111111111111,0.6785714285714286,0.23529411764705882,-0.09213692524112937,2002,global,0.4
4,2,lr1e-04_bs16_modL1_fusion64_fusionL1_drop0p1_trmiss40_trlocglobal,16,0.0001,1,64,1,0.1,lr1e-04_bs16_modL1_fusion64_fusionL1_drop0p1_trmiss40_trlocglobal,1,0.6772912293058299,0.5588235294117647,0.6924665134053161,0.5777777777777777,0.8571428571428571,0.11764705882352941,-0.035955873264830976,2002,global,0.4
4,2,lr5e-05_bs32_modL1_fusion32_fusionL1_drop0p2_trmiss40_trlocglobal,32,5e-05,1,32,1,0.2,lr5e-05_bs32_modL1_fusion32_fusionL1_drop0p2_trmiss40_trlocglobal,37,0.7423517270929826,0.43487394957983194,0.5976186732105904,0.4222222222222222,0.32142857142857145,0.5882352941176471,-0.09149681760897627,2002,global,0.4
4,2,lr5e-05_bs32_modL1_fusion32_fusionL1_drop0p1_trmiss40_trlocglobal,32,5e-05,1,32,1,0.1,lr5e-05_bs32_modL1_fusion32_fusionL1_drop0p1_trmiss40_trlocglobal,1,0.6882528123077686,0.453781512605042,0.6120722750086761,0.5555555555555556,0.8928571428571429,0.0,-0.20824828195876074,2002,global,0.4
4,2,lr5e-05_bs32_modL1_fusion64_fusionL1_drop0p2_trmiss40_trlocglobal,32,5e-05,1,64,1,0.2,lr5e-05_bs32_modL1_fusion64_fusionL1_drop0p2_trmiss40_trlocglobal,1,0.7012928509205527,0.46428571428571425,0.5895692398547363,0.4666666666666667,0.32142857142857145,0.7058823529411765,0.028601908382993094,2002,global,0.4
4,2,lr5e-05_bs32_modL1_fusion64_fusionL1_drop0p1_trmiss40_trlocglobal,32,5e-05,1,64,1,0.1,lr5e-05_bs32_modL1_fusion64_fusionL1_drop0p1_trmiss40_trlocglobal,6,0.6692974476004286,0.5861344537815126,0.7178358353397792,0.5777777777777777,0.7142857142857143,0.35294117647058826,0.07040469755813684,2002,global,0.4
4,2,lr1e-04_bs32_modL1_fusion32_fusionL1_drop0p2_trmiss40_trlocglobal,32,0.0001,1,32,1,0.2,lr1e-04_bs32_modL1_fusion32_fusionL1_drop0p2_trmiss40_trlocglobal,9,0.6426099976472115,0.7289915966386555,0.8479932743937136,0.6666666666666666,0.6785714285714286,0.6470588235294118,0.31771902390518025,2002,global,0.4
4,2,lr1e-04_bs32_modL1_fusion32_fusionL1_drop0p1_trmiss40_trlocglobal,32,0.0001,1,32,1,0.1,lr1e-04_bs32_modL1_fusion32_fusionL1_drop0p1_trmiss40_trlocglobal,1,0.6721795708942948,0.6722689075630253,0.7478258216487929,0.7111111111111111,0.9642857142857143,0.29411764705882354,0.3685477009645175,2002,global,0.4
4,2,lr1e-04_bs32_modL1_fusion64_fusionL1_drop0p2_trmiss40_trlocglobal,32,0.0001,1,64,1,0.2,lr1e-04_bs32_modL1_fusion64_fusionL1_drop0p2_trmiss40_trlocglobal,3,0.689959008205717,0.5966386554621849,0.7341256792186306,0.6,0.5357142857142857,0.7058823529411765,0.2357270177361015,2002,global,0.4
4,2,lr1e-04_bs32_modL1_fusion64_fusionL1_drop0p1_trmiss40_trlocglobal,32,0.0001,1,64,1,0.1,lr1e-04_bs32_modL1_fusion64_fusionL1_drop0p1_trmiss40_trlocglobal,1,0.6880190898512399,0.5126050420168067,0.677551687373064,0.5777777777777777,0.75,0.29411764705882354,0.04836912437199343,2002,global,0.4
4,3,lr5e-05_bs16_modL1_fusion32_fusionL1_drop0p2_trmiss40_trlocglobal,16,5e-05,1,32,1,0.2,lr5e-05_bs16_modL1_fusion32_fusionL1_drop0p2_trmiss40_trlocglobal,19,0.6614719148487089,0.5021551724137931,0.7077761580311148,0.5777777777777777,0.8620689655172413,0.0625,-0.11489312875225723,2002,global,0.4
4,3,lr5e-05_bs16_modL1_fusion32_fusionL1_drop0p1_trmiss40_trlocglobal,16,5e-05,1,32,1,0.1,lr5e-05_bs16_modL1_fusion32_fusionL1_drop0p1_trmiss40_trlocglobal,39,0.6583597361229953,0.6077586206896551,0.7921439535112911,0.5555555555555556,0.6551724137931034,0.375,0.03017241379310345,2002,global,0.4
4,3,lr5e-05_bs16_modL1_fusion64_fusionL1_drop0p2_trmiss40_trlocglobal,16,5e-05,1,64,1,0.2,lr5e-05_bs16_modL1_fusion64_fusionL1_drop0p2_trmiss40_trlocglobal,1,0.6678829278271381,0.5538793103448276,0.7413678161441376,0.6,0.896551724137931,0.0625,-0.06887675637968181,2002,global,0.4
4,3,lr5e-05_bs16_modL1_fusion64_fusionL1_drop0p1_trmiss40_trlocglobal,16,5e-05,1,64,1,0.1,lr5e-05_bs16_modL1_fusion64_fusionL1_drop0p1_trmiss40_trlocglobal,10,0.7463317393803439,0.4418103448275862,0.6230296595713033,0.4222222222222222,0.3793103448275862,0.5,-0.11696759551308082,2002,global,0.4
4,3,lr1e-04_bs16_modL1_fusion32_fusionL1_drop0p2_trmiss40_trlocglobal,16,0.0001,1,32,1,0.2,lr1e-04_bs16_modL1_fusion32_fusionL1_drop0p2_trmiss40_trlocglobal,27,0.692232642815152,0.5948275862068966,0.7616693921051062,0.6222222222222222,0.7241379310344828,0.4375,0.16413304107465318,2002,global,0.4
4,3,lr1e-04_bs16_modL1_fusion32_fusionL1_drop0p1_trmiss40_trlocglobal,16,0.0001,1,32,1,0.1,lr1e-04_bs16_modL1_fusion32_fusionL1_drop0p1_trmiss40_trlocglobal,13,0.7010216811016703,0.6142241379310345,0.7868105850906197,0.4888888888888889,0.41379310344827586,0.625,0.03790490217894517,2002,global,0.4
4,3,lr1e-04_bs16_modL1_fusion64_fusionL1_drop0p2_trmiss40_trlocglobal,16,0.0001,1,64,1,0.2,lr1e-04_bs16_modL1_fusion64_fusionL1_drop0p2_trmiss40_trlocglobal,3,0.7057637886195449,0.4892241379310345,0.6641889768187548,0.4888888888888889,0.4827586206896552,0.5,-0.016510329410361665,2002,global,0.4
4,3,lr1e-04_bs16_modL1_fusion64_fusionL1_drop0p1_trmiss40_trlocglobal,16,0.0001,1,64,1,0.1,lr1e-04_bs16_modL1_fusion64_fusionL1_drop0p1_trmiss40_trlocglobal,9,0.6858234840239311,0.6185344827586207,0.7324410115953899,0.6222222222222222,0.6206896551724138,0.625,0.23573854181809595,2002,global,0.4
4,3,lr5e-05_bs32_modL1_fusion32_fusionL1_drop0p2_trmiss40_trlocglobal,32,5e-05,1,32,1,0.2,lr5e-05_bs32_modL1_fusion32_fusionL1_drop0p2_trmiss40_trlocglobal,2,0.6837236060394445,0.5387931034482758,0.6882608065505581,0.5555555555555556,0.5862068965517241,0.5,0.08304547985373997,2002,global,0.4
4,3,lr5e-05_bs32_modL1_fusion32_fusionL1_drop0p1_trmiss40_trlocglobal,32,5e-05,1,32,1,0.1,lr5e-05_bs32_modL1_fusion32_fusionL1_drop0p1_trmiss40_trlocglobal,2,0.6841159522281904,0.6767241379310345,0.7615929474103448,0.6444444444444445,0.5862068965517241,0.75,0.32258958354055234,2002,global,0.4
4,3,lr5e-05_bs32_modL1_fusion64_fusionL1_drop0p2_trmiss40_trlocglobal,32,5e-05,1,64,1,0.2,lr5e-05_bs32_modL1_fusion64_fusionL1_drop0p2_trmiss40_trlocglobal,18,0.7436823767435002,0.5991379310344828,0.7189687550157394,0.4444444444444444,0.2413793103448276,0.8125,0.06203645837318314,2002,global,0.4
4,3,lr5e-05_bs32_modL1_fusion64_fusionL1_drop0p1_trmiss40_trlocglobal,32,5e-05,1,64,1,0.1,lr5e-05_bs32_modL1_fusion64_fusionL1_drop0p1_trmiss40_trlocglobal,34,0.7080433638766698,0.5883620689655172,0.7303164224862784,0.5777777777777777,0.5517241379310345,0.625,0.16923087645620707,2002,global,0.4
4,3,lr1e-04_bs32_modL1_fusion32_fusionL1_drop0p2_trmiss40_trlocglobal,32,0.0001,1,32,1,0.2,lr1e-04_bs32_modL1_fusion32_fusionL1_drop0p2_trmiss40_trlocglobal,10,0.6381731784185095,0.6357758620689655,0.7594529163321911,0.6444444444444445,0.9655172413793104,0.0625,0.06507814068139095,2002,global,0.4
4,3,lr1e-04_bs32_modL1_fusion32_fusionL1_drop0p1_trmiss40_trlocglobal,32,0.0001,1,32,1,0.1,lr1e-04_bs32_modL1_fusion32_fusionL1_drop0p1_trmiss40_trlocglobal,9,0.7071698215353612,0.5538793103448276,0.7440106506731584,0.5333333333333333,0.6896551724137931,0.25,-0.0637312410638076,2002,global,0.4
4,3,lr1e-04_bs32_modL1_fusion64_fusionL1_drop0p2_trmiss40_trlocglobal,32,0.0001,1,64,1,0.2,lr1e-04_bs32_modL1_fusion64_fusionL1_drop0p2_trmiss40_trlocglobal,11,0.7019264197346712,0.5905172413793104,0.6923135169567505,0.4666666666666667,0.3793103448275862,0.625,0.0042556659353012215,2002,global,0.4
4,3,lr1e-04_bs32_modL1_fusion64_fusionL1_drop0p1_trmiss40_trlocglobal,32,0.0001,1,64,1,0.1,lr1e-04_bs32_modL1_fusion64_fusionL1_drop0p1_trmiss40_trlocglobal,3,0.6507171640125161,0.6939655172413793,0.789810946176559,0.6888888888888889,0.896551724137931,0.3125,0.2617380656394095,2002,global,0.4
4,4,lr5e-05_bs16_modL1_fusion32_fusionL1_drop0p2_trmiss40_trlocglobal,16,5e-05,1,32,1,0.2,lr5e-05_bs16_modL1_fusion32_fusionL1_drop0p2_trmiss40_trlocglobal,6,0.6946296338889764,0.4913793103448276,0.6722558613328782,0.4888888888888889,0.6551724137931034,0.1875,-0.16615644991635553,2002,global,0.4
4,4,lr5e-05_bs16_modL1_fusion32_fusionL1_drop0p1_trmiss40_trlocglobal,16,5e-05,1,32,1,0.1,lr5e-05_bs16_modL1_fusion32_fusionL1_drop0p1_trmiss40_trlocglobal,9,0.683508718640477,0.5344827586206896,0.6549179057080592,0.6,0.7241379310344828,0.375,0.10250710695364046,2002,global,0.4
4,4,lr5e-05_bs16_modL1_fusion64_fusionL1_drop0p2_trmiss40_trlocglobal,16,5e-05,1,64,1,0.2,lr5e-05_bs16_modL1_fusion64_fusionL1_drop0p2_trmiss40_trlocglobal,1,0.6894908147505885,0.625,0.774240002670868,0.4888888888888889,0.3448275862068966,0.75,0.09805027621652566,2002,global,0.4
4,4,lr5e-05_bs16_modL1_fusion64_fusionL1_drop0p1_trmiss40_trlocglobal,16,5e-05,1,64,1,0.1,lr5e-05_bs16_modL1_fusion64_fusionL1_drop0p1_trmiss40_trlocglobal,3,0.680996097434319,0.5129310344827586,0.6923362689344345,0.5777777777777777,0.7586206896551724,0.25,0.009602077346081563,2002,global,0.4
4,4,lr1e-04_bs16_modL1_fusion32_fusionL1_drop0p2_trmiss40_trlocglobal,16,0.0001,1,32,1,0.2,lr1e-04_bs16_modL1_fusion32_fusionL1_drop0p2_trmiss40_trlocglobal,15,0.7092532983778594,0.5689655172413793,0.6773585694006202,0.4444444444444444,0.3448275862068966,0.625,-0.03017241379310345,2002,global,0.4
4,4,lr1e-04_bs16_modL1_fusion32_fusionL1_drop0p1_trmiss40_trlocglobal,16,0.0001,1,32,1,0.1,lr1e-04_bs16_modL1_fusion32_fusionL1_drop0p1_trmiss40_trlocglobal,3,0.7761222704506312,0.6142241379310345,0.7315617504201313,0.35555555555555557,0.034482758620689655,0.9375,-0.06507814068139095,2002,global,0.4
4,4,lr1e-04_bs16_modL1_fusion64_fusionL1_drop0p2_trmiss40_trlocglobal,16,0.0001,1,64,1,0.2,lr1e-04_bs16_modL1_fusion64_fusionL1_drop0p2_trmiss40_trlocglobal,4,0.6743012718873375,0.5129310344827587,0.6687223034867384,0.5555555555555556,0.6896551724137931,0.3125,0.0022284153685574013,2002,global,0.4
4,4,lr1e-04_bs16_modL1_fusion64_fusionL1_drop0p1_trmiss40_trlocglobal,16,0.0001,1,64,1,0.1,lr1e-04_bs16_modL1_fusion64_fusionL1_drop0p1_trmiss40_trlocglobal,20,0.7065099513215061,0.5366379310344827,0.697648000630017,0.4222222222222222,0.3448275862068966,0.5625,-0.09149681760897627,2002,global,0.4
4,4,lr5e-05_bs32_modL1_fusion32_fusionL1_drop0p2_trmiss40_trlocglobal,32,5e-05,1,32,1,0.2,lr5e-05_bs32_modL1_fusion32_fusionL1_drop0p2_trmiss40_trlocglobal,2,0.6802377696380661,0.5193965517241379,0.7030141065411031,0.5777777777777777,0.8275862068965517,0.125,-0.06262141434742322,2002,global,0.4
4,4,lr5e-05_bs32_modL1_fusion32_fusionL1_drop0p1_trmiss40_trlocglobal,32,5e-05,1,32,1,0.1,lr5e-05_bs32_modL1_fusion32_fusionL1_drop0p1_trmiss40_trlocglobal,44,0.7584339667155601,0.5064655172413792,0.6311859815616688,0.3333333333333333,0.10344827586206896,0.75,-0.19355709889203537,2002,global,0.4
4,4,lr5e-05_bs32_modL1_fusion64_fusionL1_drop0p2_trmiss40_trlocglobal,32,5e-05,1,64,1,0.2,lr5e-05_bs32_modL1_fusion64_fusionL1_drop0p2_trmiss40_trlocglobal,24,0.7438126800689796,0.6508620689655172,0.7716869709986086,0.4222222222222222,0.13793103448275862,0.9375,0.11489312875225723,2002,global,0.4
4,4,lr5e-05_bs32_modL1_fusion64_fusionL1_drop0p1_trmiss40_trlocglobal,32,5e-05,1,64,1,0.1,lr5e-05_bs32_modL1_fusion64_fusionL1_drop0p1_trmiss40_trlocglobal,3,0.6469779625566096,0.6443965517241379,0.7920087362381367,0.6666666666666666,1.0,0.0625,0.2029610352214972,2002,global,0.4
4,4,lr1e-04_bs32_modL1_fusion32_fusionL1_drop0p2_trmiss40_trlocglobal,32,0.0001,1,32,1,0.2,lr1e-04_bs32_modL1_fusion32_fusionL1_drop0p2_trmiss40_trlocglobal,8,0.7228097756505327,0.5625,0.7216120280201225,0.5111111111111111,0.3448275862068966,0.8125,0.16615644991635553,2002,global,0.4
4,4,lr1e-04_bs32_modL1_fusion32_fusionL1_drop0p1_trmiss40_trlocglobal,32,0.0001,1,32,1,0.1,lr1e-04_bs32_modL1_fusion32_fusionL1_drop0p1_trmiss40_trlocglobal,4,0.6603081533507856,0.5711206896551724,0.706237403309017,0.6444444444444445,0.896551724137931,0.1875,0.11835801911849983,2002,global,0.4
4,4,lr1e-04_bs32_modL1_fusion64_fusionL1_drop0p2_trmiss40_trlocglobal,32,0.0001,1,64,1,0.2,lr1e-04_bs32_modL1_fusion64_fusionL1_drop0p2_trmiss40_trlocglobal,19,0.6794507976543149,0.5560344827586207,0.6884079718974829,0.5555555555555556,0.6896551724137931,0.3125,0.0022284153685574013,2002,global,0.4
4,4,lr1e-04_bs32_modL1_fusion64_fusionL1_drop0p1_trmiss40_trlocglobal,32,0.0001,1,64,1,0.1,lr1e-04_bs32_modL1_fusion64_fusionL1_drop0p1_trmiss40_trlocglobal,3,0.6712001909358624,0.5905172413793103,0.7467910292380192,0.5777777777777777,0.6551724137931034,0.4375,0.09149681760897627,2002,global,0.4
4,5,lr5e-05_bs16_modL1_fusion32_fusionL1_drop0p2_trmiss40_trlocglobal,16,5e-05,1,32,1,0.2,lr5e-05_bs16_modL1_fusion32_fusionL1_drop0p2_trmiss40_trlocglobal,19,0.7227059980740531,0.7004310344827587,0.7848635165326052,0.4888888888888889,0.2413793103448276,0.9375,0.22396143760897924,2002,global,0.4
4,5,lr5e-05_bs16_modL1_fusion32_fusionL1_drop0p1_trmiss40_trlocglobal,16,5e-05,1,32,1,0.1,lr5e-05_bs16_modL1_fusion32_fusionL1_drop0p1_trmiss40_trlocglobal,5,0.6644158118738043,0.6099137931034483,0.704241673888599,0.5555555555555556,0.5862068965517241,0.5,0.08304547985373997,2002,global,0.4
4,5,lr5e-05_bs16_modL1_fusion64_fusionL1_drop0p2_trmiss40_trlocglobal,16,5e-05,1,64,1,0.2,lr5e-05_bs16_modL1_fusion64_fusionL1_drop0p2_trmiss40_trlocglobal,15,0.6954255616959124,0.5905172413793103,0.7202068514209722,0.5333333333333333,0.4482758620689655,0.6875,0.1326671576263081,2002,global,0.4
4,5,lr5e-05_bs16_modL1_fusion64_fusionL1_drop0p1_trmiss40_trlocglobal,16,5e-05,1,64,1,0.1,lr5e-05_bs16_modL1_fusion64_fusionL1_drop0p1_trmiss40_trlocglobal,21,0.6895619065836195,0.5193965517241379,0.6899025840214894,0.5777777777777777,0.7241379310344828,0.3125,0.038693967788740326,2002,global,0.4
4,5,lr1e-04_bs16_modL1_fusion32_fusionL1_drop0p2_trmiss40_trlocglobal,16,0.0001,1,32,1,0.2,lr1e-04_bs16_modL1_fusion32_fusionL1_drop0p2_trmiss40_trlocglobal,5,0.7040917899487112,0.4418103448275862,0.6131240965263369,0.5555555555555556,0.7241379310344828,0.25,-0.027994625547792713,2002,global,0.4
4,5,lr1e-04_bs16_modL1_fusion32_fusionL1_drop0p1_trmiss40_trlocglobal,16,0.0001,1,32,1,0.1,lr1e-04_bs16_modL1_fusion32_fusionL1_drop0p1_trmiss40_trlocglobal,1,0.7080376230876456,0.6336206896551724,0.7390677472727314,0.4444444444444444,0.1724137931034483,0.9375,0.1547758711549613,2002,global,0.4
4,5,lr1e-04_bs16_modL1_fusion64_fusionL1_drop0p2_trmiss40_trlocglobal,16,0.0001,1,64,1,0.2,lr1e-04_bs16_modL1_fusion64_fusionL1_drop0p2_trmiss40_trlocglobal,9,0.6472080080749026,0.6530172413793104,0.8086591144241764,0.5777777777777777,0.7241379310344828,0.3125,0.038693967788740326,2002,global,0.4
4,5,lr1e-04_bs16_modL1_fusion64_fusionL1_drop0p1_trmiss40_trlocglobal,16,0.0001,1,64,1,0.1,lr1e-04_bs16_modL1_fusion64_fusionL1_drop0p1_trmiss40_trlocglobal,5,0.7278169497298035,0.5732758620689655,0.7058863487634441,0.4888888888888889,0.3793103448275862,0.6875,0.0668103448275862,2002,global,0.4
4,5,lr5e-05_bs32_modL1_fusion32_fusionL1_drop0p2_trmiss40_trlocglobal,32,5e-05,1,32,1,0.2,lr5e-05_bs32_modL1_fusion32_fusionL1_drop0p2_trmiss40_trlocglobal,17,0.6618852940242239,0.6379310344827586,0.7584834616388298,0.6,0.7241379310344828,0.375,0.10250710695364046,2002,global,0.4
4,5,lr5e-05_bs32_modL1_fusion32_fusionL1_drop0p1_trmiss40_trlocglobal,32,5e-05,1,32,1,0.1,lr5e-05_bs32_modL1_fusion32_fusionL1_drop0p1_trmiss40_trlocglobal,16,0.6870046243659718,0.41379310344827586,0.6464766062813123,0.5777777777777777,0.8620689655172413,0.0625,-0.11489312875225723,2002,global,0.4
4,5,lr5e-05_bs32_modL1_fusion64_fusionL1_drop0p2_trmiss40_trlocglobal,32,5e-05,1,64,1,0.2,lr5e-05_bs32_modL1_fusion64_fusionL1_drop0p2_trmiss40_trlocglobal,5,0.7128403239565864,0.5387931034482758,0.7010440229069875,0.4444444444444444,0.3448275862068966,0.625,-0.03017241379310345,2002,global,0.4
4,5,lr5e-05_bs32_modL1_fusion64_fusionL1_drop0p1_trmiss40_trlocglobal,32,5e-05,1,64,1,0.1,lr5e-05_bs32_modL1_fusion64_fusionL1_drop0p1_trmiss40_trlocglobal,3,0.6726199280908797,0.5883620689655172,0.7586932100302501,0.6222222222222222,0.7931034482758621,0.3125,0.11762544748949916,2002,global,0.4
4,5,lr1e-04_bs32_modL1_fusion32_fusionL1_drop0p2_trmiss40_trlocglobal,32,0.0001,1,32,1,0.2,lr1e-04_bs32_modL1_fusion32_fusionL1_drop0p2_trmiss40_trlocglobal,37,0.7044171294154306,0.5237068965517241,0.6757139164470316,0.5333333333333333,0.5517241379310345,0.5,0.049629166698546515,2002,global,0.4
4,5,lr1e-04_bs32_modL1_fusion32_fusionL1_drop0p1_trmiss40_trlocglobal,32,0.0001,1,32,1,0.1,lr1e-04_bs32_modL1_fusion32_fusionL1_drop0p1_trmiss40_trlocglobal,1,0.6779424913454929,0.6099137931034483,0.7533092242966398,0.5777777777777777,0.6206896551724138,0.5,0.11696759551308082,2002,global,0.4
4,5,lr1e-04_bs32_modL1_fusion64_fusionL1_drop0p2_trmiss40_trlocglobal,32,0.0001,1,64,1,0.2,lr1e-04_bs32_modL1_fusion64_fusionL1_drop0p2_trmiss40_trlocglobal,2,0.6930845185444365,0.5064655172413792,0.6233572407303062,0.5777777777777777,0.6551724137931034,0.4375,0.09149681760897627,2002,global,0.4
4,5,lr1e-04_bs32_modL1_fusion64_fusionL1_drop0p1_trmiss40_trlocglobal,32,0.0001,1,64,1,0.1,lr1e-04_bs32_modL1_fusion64_fusionL1_drop0p1_trmiss40_trlocglobal,10,0.637984724709449,0.6314655172413793,0.7852212310039468,0.6222222222222222,0.7241379310344828,0.4375,0.16413304107465318,2002,global,0.4
5,1,lr5e-05_bs16_modL1_fusion32_fusionL1_drop0p2_trmiss40_trlocglobal,16,5e-05,1,32,1,0.2,lr5e-05_bs16_modL1_fusion32_fusionL1_drop0p2_trmiss40_trlocglobal,31,0.6603992025657296,0.615546218487395,0.7172620517670846,0.6444444444444445,0.8571428571428571,0.29411764705882354,0.18333969940564226,2002,global,0.4
5,1,lr5e-05_bs16_modL1_fusion32_fusionL1_drop0p1_trmiss40_trlocglobal,16,5e-05,1,32,1,0.1,lr5e-05_bs16_modL1_fusion32_fusionL1_drop0p1_trmiss40_trlocglobal,44,0.7050468967985508,0.5063025210084033,0.6400184326961467,0.6222222222222222,0.75,0.4117647058823529,0.16941130349926678,2002,global,0.4
5,1,lr5e-05_bs16_modL1_fusion64_fusionL1_drop0p2_trmiss40_trlocglobal,16,5e-05,1,64,1,0.2,lr5e-05_bs16_modL1_fusion64_fusionL1_drop0p2_trmiss40_trlocglobal,15,0.6407064147196785,0.6260504201680672,0.7359178416471577,0.5777777777777777,0.6785714285714286,0.4117647058823529,0.09149681760897627,2002,global,0.4
5,1,lr5e-05_bs16_modL1_fusion64_fusionL1_drop0p1_trmiss40_trlocglobal,16,5e-05,1,64,1,0.1,lr5e-05_bs16_modL1_fusion64_fusionL1_drop0p1_trmiss40_trlocglobal,4,0.6878883708572647,0.6197478991596639,0.7237329504080299,0.5777777777777777,0.4642857142857143,0.7647058823529411,0.22899159663865545,2002,global,0.4
5,1,lr1e-04_bs16_modL1_fusion32_fusionL1_drop0p2_trmiss40_trlocglobal,16,0.0001,1,32,1,0.2,lr1e-04_bs16_modL1_fusion32_fusionL1_drop0p2_trmiss40_trlocglobal,3,0.6864998454685144,0.4642857142857143,0.6168062558925941,0.5555555555555556,0.7857142857142857,0.17647058823529413,-0.045834924851410566,2002,global,0.4
5,1,lr1e-04_bs16_modL1_fusion32_fusionL1_drop0p1_trmiss40_trlocglobal,16,0.0001,1,32,1,0.1,lr1e-04_bs16_modL1_fusion32_fusionL1_drop0p1_trmiss40_trlocglobal,19,0.6491500292971876,0.5966386554621849,0.7158952820885709,0.6,0.75,0.35294117647058826,0.11011486187354486,2002,global,0.4
5,1,lr1e-04_bs16_modL1_fusion64_fusionL1_drop0p2_trmiss40_trlocglobal,16,0.0001,1,64,1,0.2,lr1e-04_bs16_modL1_fusion64_fusionL1_drop0p2_trmiss40_trlocglobal,23,0.729311824723786,0.39495798319327735,0.5893080273575855,0.37777777777777777,0.5,0.17647058823529413,-0.3235294117647059,2002,global,0.4
5,1,lr1e-04_bs16_modL1_fusion64_fusionL1_drop0p1_trmiss40_trlocglobal,16,0.0001,1,64,1,0.1,lr1e-04_bs16_modL1_fusion64_fusionL1_drop0p1_trmiss40_trlocglobal,2,0.6877879431974626,0.6512605042016807,0.7271464137915257,0.4222222222222222,0.21428571428571427,0.7647058823529411,-0.024499797877501263,2002,global,0.4
5,1,lr5e-05_bs32_modL1_fusion32_fusionL1_drop0p2_trmiss40_trlocglobal,32,5e-05,1,32,1,0.2,lr5e-05_bs32_modL1_fusion32_fusionL1_drop0p2_trmiss40_trlocglobal,16,0.68993081185975,0.5378151260504201,0.6829547783863743,0.4666666666666667,0.39285714285714285,0.5882352941176471,-0.018712029714127994,2002,global,0.4
5,1,lr5e-05_bs32_modL1_fusion32_fusionL1_drop0p1_trmiss40_trlocglobal,32,5e-05,1,32,1,0.1,lr5e-05_bs32_modL1_fusion32_fusionL1_drop0p1_trmiss40_trlocglobal,1,0.7001332535743712,0.5567226890756303,0.711472417895454,0.4888888888888889,0.25,0.8823529411764706,0.160422236979937,2002,global,0.4
5,1,lr5e-05_bs32_modL1_fusion64_fusionL1_drop0p2_trmiss40_trlocglobal,32,5e-05,1,64,1,0.2,lr5e-05_bs32_modL1_fusion64_fusionL1_drop0p2_trmiss40_trlocglobal,51,0.6977784096547225,0.47058823529411764,0.6551596058224225,0.4666666666666667,0.5,0.4117647058823529,-0.08574929257125442,2002,global,0.4
5,1,lr5e-05_bs32_modL1_fusion64_fusionL1_drop0p1_trmiss40_trlocglobal,32,5e-05,1,64,1,0.1,lr5e-05_bs32_modL1_fusion64_fusionL1_drop0p1_trmiss40_trlocglobal,1,0.7121402786780654,0.6281512605042017,0.7556428753638728,0.4,0.03571428571428571,1.0,0.1174678734748412,2002,global,0.4
5,1,lr1e-04_bs32_modL1_fusion32_fusionL1_drop0p2_trmiss40_trlocglobal,32,0.0001,1,32,1,0.2,lr1e-04_bs32_modL1_fusion32_fusionL1_drop0p2_trmiss40_trlocglobal,21,0.6765765208545749,0.615546218487395,0.7148005664397613,0.5777777777777777,0.5,0.7058823529411765,0.2020966547741987,2002,global,0.4
5,1,lr1e-04_bs32_modL1_fusion32_fusionL1_drop0p1_trmiss40_trlocglobal,32,0.0001,1,32,1,0.1,lr1e-04_bs32_modL1_fusion32_fusionL1_drop0p1_trmiss40_trlocglobal,1,0.6991512473678142,0.5357142857142857,0.6114053636367733,0.5333333333333333,0.42857142857142855,0.7058823529411765,0.13445378151260504,2002,global,0.4
5,1,lr1e-04_bs32_modL1_fusion64_fusionL1_drop0p2_trmiss40_trlocglobal,32,0.0001,1,64,1,0.2,lr1e-04_bs32_modL1_fusion64_fusionL1_drop0p2_trmiss40_trlocglobal,24,0.6951324289568408,0.5840336134453781,0.6771563183092756,0.6222222222222222,0.6428571428571429,0.5882352941176471,0.22547801696496664,2002,global,0.4
5,1,lr1e-04_bs32_modL1_fusion64_fusionL1_drop0p1_trmiss40_trlocglobal,32,0.0001,1,64,1,0.1,lr1e-04_bs32_modL1_fusion64_fusionL1_drop0p1_trmiss40_trlocglobal,5,0.6461671098479447,0.6785714285714286,0.7749450328283546,0.6222222222222222,0.7142857142857143,0.47058823529411764,0.18724930115325378,2002,global,0.4
5,2,lr5e-05_bs16_modL1_fusion32_fusionL1_drop0p2_trmiss40_trlocglobal,16,5e-05,1,32,1,0.2,lr5e-05_bs16_modL1_fusion32_fusionL1_drop0p2_trmiss40_trlocglobal,6,0.6698673785020369,0.5357142857142857,0.669321491223949,0.6,0.9285714285714286,0.058823529411764705,-0.024499797877501263,2002,global,0.4
5,2,lr5e-05_bs16_modL1_fusion32_fusionL1_drop0p1_trmiss40_trlocglobal,16,5e-05,1,32,1,0.1,lr5e-05_bs16_modL1_fusion32_fusionL1_drop0p1_trmiss40_trlocglobal,14,0.6757579373104937,0.542016806722689,0.6979160764603762,0.5777777777777777,0.75,0.29411764705882354,0.04836912437199343,2002,global,0.4
5,2,lr5e-05_bs16_modL1_fusion64_fusionL1_drop0p2_trmiss40_trlocglobal,16,5e-05,1,64,1,0.2,lr5e-05_bs16_modL1_fusion64_fusionL1_drop0p2_trmiss40_trlocglobal,7,0.6687819181451042,0.6260504201680672,0.6520379752764095,0.6444444444444445,0.6428571428571429,0.6470588235294118,0.2817476755912645,2002,global,0.4
5,2,lr5e-05_bs16_modL1_fusion64_fusionL1_drop0p1_trmiss40_trlocglobal,16,5e-05,1,64,1,0.1,lr5e-05_bs16_modL1_fusion64_fusionL1_drop0p1_trmiss40_trlocglobal,1,0.6797698022560883,0.5399159663865545,0.6671071943758438,0.6,0.7857142857142857,0.29411764705882354,0.0900625665675425,2002,global,0.4
5,2,lr1e-04_bs16_modL1_fusion32_fusionL1_drop0p2_trmiss40_trlocglobal,16,0.0001,1,32,1,0.2,lr1e-04_bs16_modL1_fusion32_fusionL1_drop0p2_trmiss40_trlocglobal,1,0.6821356894410279,0.5882352941176471,0.7488420821093372,0.5111111111111111,0.5357142857142857,0.47058823529411764,0.006124949469375316,2002,global,0.4
5,2,lr1e-04_bs16_modL1_fusion32_fusionL1_drop0p1_trmiss40_trlocglobal,16,0.0001,1,32,1,0.1,lr1e-04_bs16_modL1_fusion32_fusionL1_drop0p1_trmiss40_trlocglobal,1,0.7149426888609074,0.5,0.6245425851156539,0.4444444444444444,0.21428571428571427,0.8235294117647058,0.045834924851410566,2002,global,0.4
5,2,lr1e-04_bs16_modL1_fusion64_fusionL1_drop0p2_trmiss40_trlocglobal,16,0.0001,1,64,1,0.2,lr1e-04_bs16_modL1_fusion64_fusionL1_drop0p2_trmiss40_trlocglobal,2,0.695282482308857,0.657563025210084,0.7517257884976256,0.4666666666666667,0.21428571428571427,0.8823529411764706,0.12254864107746824,2002,global,0.4
5,2,lr1e-04_bs16_modL1_fusion64_fusionL1_drop0p1_trmiss40_trlocglobal,16,0.0001,1,64,1,0.1,lr1e-04_bs16_modL1_fusion64_fusionL1_drop0p1_trmiss40_trlocglobal,11,0.6572696107519764,0.5966386554621849,0.7054320787279782,0.5777777777777777,0.7142857142857143,0.35294117647058826,0.07040469755813684,2002,global,0.4
5,2,lr5e-05_bs32_modL1_fusion32_fusionL1_drop0p2_trmiss40_trlocglobal,32,5e-05,1,32,1,0.2,lr5e-05_bs32_modL1_fusion32_fusionL1_drop0p2_trmiss40_trlocglobal,2,0.6951827201453609,0.4726890756302521,0.593171419148698,0.5555555555555556,0.6071428571428571,0.47058823529411764,0.07630179823107501,2002,global,0.4
5,2,lr5e-05_bs32_modL1_fusion32_fusionL1_drop0p1_trmiss40_trlocglobal,32,5e-05,1,32,1,0.1,lr5e-05_bs32_modL1_fusion32_fusionL1_drop0p1_trmiss40_trlocglobal,18,0.7529799989607907,0.4726890756302521,0.5875523270564549,0.4444444444444444,0.35714285714285715,0.5882352941176471,-0.0546218487394958,2002,global,0.4
5,2,lr5e-05_bs32_modL1_fusion64_fusionL1_drop0p2_trmiss40_trlocglobal,32,5e-05,1,64,1,0.2,lr5e-05_bs32_modL1_fusion64_fusionL1_drop0p2_trmiss40_trlocglobal,35,0.76386300689837,0.5357142857142858,0.6296759308696542,0.4444444444444444,0.21428571428571427,0.8235294117647058,0.045834924851410566,2002,global,0.4
5,2,lr5e-05_bs32_modL1_fusion64_fusionL1_drop0p1_trmiss40_trlocglobal,32,5e-05,1,64,1,0.1,lr5e-05_bs32_modL1_fusion64_fusionL1_drop0p1_trmiss40_trlocglobal,6,0.6752981219704165,0.5903361344537815,0.7044919737501099,0.5333333333333333,0.6428571428571429,0.35294117647058826,-0.0042556659353012215,2002,global,0.4
5,2,lr1e-04_bs32_modL1_fusion32_fusionL1_drop0p2_trmiss40_trlocglobal,32,0.0001,1,32,1,0.2,lr1e-04_bs32_modL1_fusion32_fusionL1_drop0p2_trmiss40_trlocglobal,3,0.6771372304891518,0.5315126050420168,0.6513999000434764,0.5555555555555556,0.6428571428571429,0.4117647058823529,0.0546218487394958,2002,global,0.4
5,2,lr1e-04_bs32_modL1_fusion32_fusionL1_drop0p1_trmiss40_trlocglobal,32,0.0001,1,32,1,0.1,lr1e-04_bs32_modL1_fusion32_fusionL1_drop0p1_trmiss40_trlocglobal,1,0.6849549262608478,0.5420168067226891,0.6655901702745654,0.5555555555555556,0.8214285714285714,0.11764705882352941,-0.08149926709133706,2002,global,0.4
5,2,lr1e-04_bs32_modL1_fusion64_fusionL1_drop0p2_trmiss40_trlocglobal,32,0.0001,1,64,1,0.2,lr1e-04_bs32_modL1_fusion64_fusionL1_drop0p2_trmiss40_trlocglobal,3,0.6926508906763976,0.5714285714285714,0.6986876176431847,0.5555555555555556,0.5357142857142857,0.5882352941176471,0.12021904587984773,2002,global,0.4
5,2,lr1e-04_bs32_modL1_fusion64_fusionL1_drop0p1_trmiss40_trlocglobal,32,0.0001,1,64,1,0.1,lr1e-04_bs32_modL1_fusion64_fusionL1_drop0p1_trmiss40_trlocglobal,7,0.728567687314112,0.5399159663865546,0.633331242818997,0.5111111111111111,0.42857142857142855,0.6470588235294118,0.07484811885651198,2002,global,0.4
5,3,lr5e-05_bs16_modL1_fusion32_fusionL1_drop0p2_trmiss40_trlocglobal,16,5e-05,1,32,1,0.2,lr5e-05_bs16_modL1_fusion32_fusionL1_drop0p2_trmiss40_trlocglobal,24,0.7756104642007965,0.603448275862069,0.7957583287319432,0.5333333333333333,0.3103448275862069,0.9375,0.28536770851664245,2002,global,0.4
5,3,lr5e-05_bs16_modL1_fusion32_fusionL1_drop0p1_trmiss40_trlocglobal,16,5e-05,1,32,1,0.1,lr5e-05_bs16_modL1_fusion32_fusionL1_drop0p1_trmiss40_trlocglobal,39,0.7794800028065366,0.6142241379310345,0.7244798213674544,0.4444444444444444,0.2413793103448276,0.8125,0.06203645837318314,2002,global,0.4
5,3,lr5e-05_bs16_modL1_fusion64_fusionL1_drop0p2_trmiss40_trlocglobal,16,5e-05,1,64,1,0.2,lr5e-05_bs16_modL1_fusion64_fusionL1_drop0p2_trmiss40_trlocglobal,46,0.6836936295975771,0.6831896551724138,0.813188683350185,0.6222222222222222,0.6551724137931034,0.5625,0.2109594133360922,2002,global,0.4
5,3,lr5e-05_bs16_modL1_fusion64_fusionL1_drop0p1_trmiss40_trlocglobal,16,5e-05,1,64,1,0.1,lr5e-05_bs16_modL1_fusion64_fusionL1_drop0p1_trmiss40_trlocglobal,15,0.6490431129260528,0.6357758620689655,0.8183417092276213,0.5555555555555556,0.7241379310344828,0.25,-0.027994625547792713,2002,global,0.4
5,3,lr1e-04_bs16_modL1_fusion32_fusionL1_drop0p2_trmiss40_trlocglobal,16,0.0001,1,32,1,0.2,lr1e-04_bs16_modL1_fusion32_fusionL1_drop0p2_trmiss40_trlocglobal,24,0.5961527120459484,0.7219827586206897,0.8252934844140056,0.7333333333333333,0.8620689655172413,0.5,0.39192475766909796,2002,global,0.4
5,3,lr1e-04_bs16_modL1_fusion32_fusionL1_drop0p1_trmiss40_trlocglobal,16,0.0001,1,32,1,0.1,lr1e-04_bs16_modL1_fusion32_fusionL1_drop0p1_trmiss40_trlocglobal,43,0.6204641371867643,0.7112068965517242,0.8407934594097608,0.6888888888888889,0.7931034482758621,0.5,0.3030644901238066,2002,global,0.4
5,3,lr1e-04_bs16_modL1_fusion64_fusionL1_drop0p2_trmiss40_trlocglobal,16,0.0001,1,64,1,0.2,lr1e-04_bs16_modL1_fusion64_fusionL1_drop0p2_trmiss40_trlocglobal,29,0.6933209558262133,0.5732758620689655,0.7881474351756386,0.5777777777777777,0.6551724137931034,0.4375,0.09149681760897627,2002,global,0.4
5,3,lr1e-04_bs16_modL1_fusion64_fusionL1_drop0p1_trmiss40_trlocglobal,16,0.0001,1,64,1,0.1,lr1e-04_bs16_modL1_fusion64_fusionL1_drop0p1_trmiss40_trlocglobal,24,0.769003875731477,0.7176724137931034,0.819760403493448,0.5111111111111111,0.3448275862068966,0.8125,0.16615644991635553,2002,global,0.4
5,3,lr5e-05_bs32_modL1_fusion32_fusionL1_drop0p2_trmiss40_trlocglobal,32,5e-05,1,32,1,0.2,lr5e-05_bs32_modL1_fusion32_fusionL1_drop0p2_trmiss40_trlocglobal,36,0.7549366649728751,0.5883620689655172,0.7208783700480383,0.5333333333333333,0.4482758620689655,0.6875,0.1326671576263081,2002,global,0.4
5,3,lr5e-05_bs32_modL1_fusion32_fusionL1_drop0p1_trmiss40_trlocglobal,32,5e-05,1,32,1,0.1,lr5e-05_bs32_modL1_fusion32_fusionL1_drop0p1_trmiss40_trlocglobal,25,0.6855760864700529,0.6918103448275862,0.7807876890318516,0.6888888888888889,0.7586206896551724,0.5625,0.32112068965517243,2002,global,0.4
5,3,lr5e-05_bs32_modL1_fusion64_fusionL1_drop0p2_trmiss40_trlocglobal,32,5e-05,1,64,1,0.2,lr5e-05_bs32_modL1_fusion64_fusionL1_drop0p2_trmiss40_trlocglobal,27,0.6852763582299451,0.6443965517241379,0.748957668985544,0.6888888888888889,0.896551724137931,0.3125,0.2617380656394095,2002,global,0.4
5,3,lr5e-05_bs32_modL1_fusion64_fusionL1_drop0p1_trmiss40_trlocglobal,32,5e-05,1,64,1,0.1,lr5e-05_bs32_modL1_fusion64_fusionL1_drop0p1_trmiss40_trlocglobal,1,0.6715447966148586,0.6530172413793103,0.726472413495387,0.6666666666666666,1.0,0.0625,0.2029610352214972,2002,global,0.4
5,3,lr1e-04_bs32_modL1_fusion32_fusionL1_drop0p2_trmiss40_trlocglobal,32,0.0001,1,32,1,0.2,lr1e-04_bs32_modL1_fusion32_fusionL1_drop0p2_trmiss40_trlocglobal,32,0.6897525684644301,0.5560344827586208,0.7524935286389722,0.5111111111111111,0.5862068965517241,0.375,-0.03790490217894517,2002,global,0.4
5,3,lr1e-04_bs32_modL1_fusion32_fusionL1_drop0p1_trmiss40_trlocglobal,32,0.0001,1,32,1,0.1,lr1e-04_bs32_modL1_fusion32_fusionL1_drop0p1_trmiss40_trlocglobal,42,0.6801284218325679,0.5775862068965517,0.7249091233371948,0.5555555555555556,0.5862068965517241,0.5,0.08304547985373997,2002,global,0.4
5,3,lr1e-04_bs32_modL1_fusion64_fusionL1_drop0p2_trmiss40_trlocglobal,32,0.0001,1,64,1,0.2,lr1e-04_bs32_modL1_fusion64_fusionL1_drop0p2_trmiss40_trlocglobal,41,0.7025575392524326,0.5474137931034483,0.7037092263790188,0.4888888888888889,0.4827586206896552,0.5,-0.016510329410361665,2002,global,0.4
5,3,lr1e-04_bs32_modL1_fusion64_fusionL1_drop0p1_trmiss40_trlocglobal,32,0.0001,1,64,1,0.1,lr1e-04_bs32_modL1_fusion64_fusionL1_drop0p1_trmiss40_trlocglobal,26,0.659173415389492,0.7176724137931035,0.8411311853544265,0.6222222222222222,0.5172413793103449,0.8125,0.3221916685210339,2002,global,0.4
5,4,lr5e-05_bs16_modL1_fusion32_fusionL1_drop0p2_trmiss40_trlocglobal,16,5e-05,1,32,1,0.2,lr5e-05_bs16_modL1_fusion32_fusionL1_drop0p2_trmiss40_trlocglobal,6,0.6969680803580581,0.5862068965517242,0.7489783579961039,0.5333333333333333,0.4482758620689655,0.6875,0.1326671576263081,2002,global,0.4
5,4,lr5e-05_bs16_modL1_fusion32_fusionL1_drop0p1_trmiss40_trlocglobal,16,5e-05,1,32,1,0.1,lr5e-05_bs16_modL1_fusion32_fusionL1_drop0p1_trmiss40_trlocglobal,11,0.6972763151047217,0.6982758620689655,0.8159415291842214,0.5777777777777777,0.41379310344827586,0.875,0.29860765938669176,2002,global,0.4
5,4,lr5e-05_bs16_modL1_fusion64_fusionL1_drop0p2_trmiss40_trlocglobal,16,5e-05,1,64,1,0.2,lr5e-05_bs16_modL1_fusion64_fusionL1_drop0p2_trmiss40_trlocglobal,3,0.6979261732007338,0.6077586206896551,0.7398960556321735,0.4444444444444444,0.3448275862068966,0.625,-0.03017241379310345,2002,global,0.4
5,4,lr5e-05_bs16_modL1_fusion64_fusionL1_drop0p1_trmiss40_trlocglobal,16,5e-05,1,64,1,0.1,lr5e-05_bs16_modL1_fusion64_fusionL1_drop0p1_trmiss40_trlocglobal,55,0.6405783586582489,0.7306034482758621,0.8612578047990789,0.6888888888888889,0.7586206896551724,0.5625,0.32112068965517243,2002,global,0.4
5,4,lr1e-04_bs16_modL1_fusion32_fusionL1_drop0p2_trmiss40_trlocglobal,16,0.0001,1,32,1,0.2,lr1e-04_bs16_modL1_fusion32_fusionL1_drop0p2_trmiss40_trlocglobal,16,0.6765486007495577,0.5560344827586207,0.7078779144756048,0.6,0.7586206896551724,0.3125,0.07698522025642997,2002,global,0.4
5,4,lr1e-04_bs16_modL1_fusion32_fusionL1_drop0p1_trmiss40_trlocglobal,16,0.0001,1,32,1,0.1,lr1e-04_bs16_modL1_fusion32_fusionL1_drop0p1_trmiss40_trlocglobal,13,0.7413037516389422,0.5452586206896551,0.749657633534264,0.4888888888888889,0.3103448275862069,0.8125,0.1329744713520154,2002,global,0.4
5,4,lr1e-04_bs16_modL1_fusion64_fusionL1_drop0p2_trmiss40_trlocglobal,16,0.0001,1,64,1,0.2,lr1e-04_bs16_modL1_fusion64_fusionL1_drop0p2_trmiss40_trlocglobal,15,0.6691389056798576,0.5474137931034482,0.7318325449222235,0.5777777777777777,0.7586206896551724,0.25,0.009602077346081563,2002,global,0.4
5,4,lr1e-04_bs16_modL1_fusion64_fusionL1_drop0p1_trmiss40_trlocglobal,16,0.0001,1,64,1,0.1,lr1e-04_bs16_modL1_fusion64_fusionL1_drop0p1_trmiss40_trlocglobal,34,0.635079255423961,0.6185344827586207,0.7861717349222437,0.5777777777777777,0.7586206896551724,0.25,0.009602077346081563,2002,global,0.4
5,4,lr5e-05_bs32_modL1_fusion32_fusionL1_drop0p2_trmiss40_trlocglobal,32,5e-05,1,32,1,0.2,lr5e-05_bs32_modL1_fusion32_fusionL1_drop0p2_trmiss40_trlocglobal,9,0.7080342689381055,0.6142241379310345,0.8042565067990866,0.5111111111111111,0.3103448275862069,0.875,0.20644466294075361,2002,global,0.4
5,4,lr5e-05_bs32_modL1_fusion32_fusionL1_drop0p1_trmiss40_trlocglobal,32,5e-05,1,32,1,0.1,lr5e-05_bs32_modL1_fusion32_fusionL1_drop0p1_trmiss40_trlocglobal,26,0.64015937098376,0.6961206896551725,0.8443145539221821,0.6222222222222222,0.7586206896551724,0.375,0.14111917664128826,2002,global,0.4
5,4,lr5e-05_bs32_modL1_fusion64_fusionL1_drop0p2_trmiss40_trlocglobal,32,5e-05,1,64,1,0.2,lr5e-05_bs32_modL1_fusion64_fusionL1_drop0p2_trmiss40_trlocglobal,53,0.6458356944723648,0.5797413793103449,0.6949377880503721,0.6222222222222222,0.9310344827586207,0.0625,-0.012407291674636629,2002,global,0.4
5,4,lr5e-05_bs32_modL1_fusion64_fusionL1_drop0p1_trmiss40_trlocglobal,32,5e-05,1,64,1,0.1,lr5e-05_bs32_modL1_fusion64_fusionL1_drop0p1_trmiss40_trlocglobal,76,0.7102157446562375,0.6163793103448275,0.7515661647738094,0.4888888888888889,0.4482758620689655,0.5625,0.010380684981717497,2002,global,0.4
5,4,lr1e-04_bs32_modL1_fusion32_fusionL1_drop0p2_trmiss40_trlocglobal,32,0.0001,1,32,1,0.2,lr1e-04_bs32_modL1_fusion32_fusionL1_drop0p2_trmiss40_trlocglobal,15,0.6672385538496632,0.6271551724137931,0.8057577641673823,0.6,0.7241379310344828,0.375,0.10250710695364046,2002,global,0.4
5,4,lr1e-04_bs32_modL1_fusion32_fusionL1_drop0p1_trmiss40_trlocglobal,32,0.0001,1,32,1,0.1,lr1e-04_bs32_modL1_fusion32_fusionL1_drop0p1_trmiss40_trlocglobal,46,0.6650699047050971,0.6594827586206897,0.8218448054395,0.6222222222222222,0.6206896551724138,0.625,0.23573854181809595,2002,global,0.4
5,4,lr1e-04_bs32_modL1_fusion64_fusionL1_drop0p2_trmiss40_trlocglobal,32,0.0001,1,64,1,0.2,lr1e-04_bs32_modL1_fusion64_fusionL1_drop0p2_trmiss40_trlocglobal,7,0.6557084264543984,0.6767241379310345,0.7853813999891146,0.6888888888888889,0.7931034482758621,0.5,0.3030644901238066,2002,global,0.4
5,4,lr1e-04_bs32_modL1_fusion64_fusionL1_drop0p1_trmiss40_trlocglobal,32,0.0001,1,64,1,0.1,lr1e-04_bs32_modL1_fusion64_fusionL1_drop0p1_trmiss40_trlocglobal,15,0.6615626802250109,0.625,0.7774685825869245,0.6,0.6206896551724138,0.5625,0.17647164468919743,2002,global,0.4
5,5,lr5e-05_bs16_modL1_fusion32_fusionL1_drop0p2_trmiss40_trlocglobal,16,5e-05,1,32,1,0.2,lr5e-05_bs16_modL1_fusion32_fusionL1_drop0p2_trmiss40_trlocglobal,14,0.6798752611845841,0.5883620689655172,0.7232488095450321,0.5333333333333333,0.5517241379310345,0.5,0.049629166698546515,2002,global,0.4
5,5,lr5e-05_bs16_modL1_fusion32_fusionL1_drop0p1_trmiss40_trlocglobal,16,5e-05,1,32,1,0.1,lr5e-05_bs16_modL1_fusion32_fusionL1_drop0p1_trmiss40_trlocglobal,10,0.6364478528915439,0.625,0.7451405607835941,0.6444444444444445,0.896551724137931,0.1875,0.11835801911849983,2002,global,0.4
5,5,lr5e-05_bs16_modL1_fusion64_fusionL1_drop0p2_trmiss40_trlocglobal,16,5e-05,1,64,1,0.2,lr5e-05_bs16_modL1_fusion64_fusionL1_drop0p2_trmiss40_trlocglobal,37,0.7394739201667326,0.44612068965517243,0.6497240749168077,0.35555555555555557,0.20689655172413793,0.625,-0.18196506606065263,2002,global,0.4
5,5,lr5e-05_bs16_modL1_fusion64_fusionL1_drop0p1_trmiss40_trlocglobal,16,5e-05,1,64,1,0.1,lr5e-05_bs16_modL1_fusion64_fusionL1_drop0p1_trmiss40_trlocglobal,22,0.7220677651698425,0.584051724137931,0.7028113815761803,0.5333333333333333,0.5172413793103449,0.5625,0.07636027352292271,2002,global,0.4
5,5,lr1e-04_bs16_modL1_fusion32_fusionL1_drop0p2_trmiss40_trlocglobal,16,0.0001,1,32,1,0.2,lr1e-04_bs16_modL1_fusion32_fusionL1_drop0p2_trmiss40_trlocglobal,41,0.6529993560364409,0.6422413793103449,0.7929631947895603,0.5555555555555556,0.7241379310344828,0.25,-0.027994625547792713,2002,global,0.4
5,5,lr1e-04_bs16_modL1_fusion32_fusionL1_drop0p1_trmiss40_trlocglobal,16,0.0001,1,32,1,0.1,lr1e-04_bs16_modL1_fusion32_fusionL1_drop0p1_trmiss40_trlocglobal,2,0.6585929485660472,0.6637931034482758,0.7532201392146003,0.6222222222222222,0.7931034482758621,0.3125,0.11762544748949916,2002,global,0.4
5,5,lr1e-04_bs16_modL1_fusion64_fusionL1_drop0p2_trmiss40_trlocglobal,16,0.0001,1,64,1,0.2,lr1e-04_bs16_modL1_fusion64_fusionL1_drop0p2_trmiss40_trlocglobal,28,0.7378105410669892,0.6099137931034482,0.7636151392305142,0.5777777777777777,0.5517241379310345,0.625,0.16923087645620707,2002,global,0.4
5,5,lr1e-04_bs16_modL1_fusion64_fusionL1_drop0p1_trmiss40_trlocglobal,16,0.0001,1,64,1,0.1,lr1e-04_bs16_modL1_fusion64_fusionL1_drop0p1_trmiss40_trlocglobal,21,0.6733118533374408,0.560344827586207,0.7463725840987051,0.5555555555555556,0.7931034482758621,0.125,-0.10253656179688207,2002,global,0.4
5,5,lr5e-05_bs32_modL1_fusion32_fusionL1_drop0p2_trmiss40_trlocglobal,32,5e-05,1,32,1,0.2,lr5e-05_bs32_modL1_fusion32_fusionL1_drop0p2_trmiss40_trlocglobal,19,0.6754782607766652,0.6120689655172413,0.7314209233338784,0.5777777777777777,0.7241379310344828,0.3125,0.038693967788740326,2002,global,0.4
5,5,lr5e-05_bs32_modL1_fusion32_fusionL1_drop0p1_trmiss40_trlocglobal,32,5e-05,1,32,1,0.1,lr5e-05_bs32_modL1_fusion32_fusionL1_drop0p1_trmiss40_trlocglobal,1,0.6957251649335958,0.5668103448275862,0.7771322192343093,0.4888888888888889,0.41379310344827586,0.625,0.03790490217894517,2002,global,0.4
5,5,lr5e-05_bs32_modL1_fusion64_fusionL1_drop0p2_trmiss40_trlocglobal,32,5e-05,1,64,1,0.2,lr5e-05_bs32_modL1_fusion64_fusionL1_drop0p2_trmiss40_trlocglobal,49,0.6708461344762603,0.5193965517241379,0.6465577892485243,0.6222222222222222,0.896551724137931,0.125,0.032826608214930636,2002,global,0.4
5,5,lr5e-05_bs32_modL1_fusion64_fusionL1_drop0p1_trmiss40_trlocglobal,32,5e-05,1,64,1,0.1,lr5e-05_bs32_modL1_fusion64_fusionL1_drop0p1_trmiss40_trlocglobal,3,0.6916457736762036,0.5387931034482758,0.646860506599033,0.4888888888888889,0.4482758620689655,0.5625,0.010380684981717497,2002,global,0.4
5,5,lr1e-04_bs32_modL1_fusion32_fusionL1_drop0p2_trmiss40_trlocglobal,32,0.0001,1,32,1,0.2,lr1e-04_bs32_modL1_fusion32_fusionL1_drop0p2_trmiss40_trlocglobal,2,0.6850221942463598,0.5344827586206896,0.6660522380141333,0.5777777777777777,0.6896551724137931,0.375,0.06565321642986127,2002,global,0.4
5,5,lr1e-04_bs32_modL1_fusion32_fusionL1_drop0p1_trmiss40_trlocglobal,32,0.0001,1,32,1,0.1,lr1e-04_bs32_modL1_fusion32_fusionL1_drop0p1_trmiss40_trlocglobal,8,0.6594622996955737,0.730603448275862,0.8427635296078031,0.6444444444444445,0.5862068965517241,0.75,0.32258958354055234,2002,global,0.4
5,5,lr1e-04_bs32_modL1_fusion64_fusionL1_drop0p2_trmiss40_trlocglobal,32,0.0001,1,64,1,0.2,lr1e-04_bs32_modL1_fusion64_fusionL1_drop0p2_trmiss40_trlocglobal,30,0.6590850187128541,0.6228448275862069,0.8049140126565373,0.6,0.7241379310344828,0.375,0.10250710695364046,2002,global,0.4
5,5,lr1e-04_bs32_modL1_fusion64_fusionL1_drop0p1_trmiss40_trlocglobal,32,0.0001,1,64,1,0.1,lr1e-04_bs32_modL1_fusion64_fusionL1_drop0p1_trmiss40_trlocglobal,30,0.6281572038631635,0.6616379310344827,0.7940412880895168,0.6222222222222222,0.7931034482758621,0.3125,0.11762544748949916,2002,global,0.4
