outer_fold,inner_fold,hp_name,batch_size,learning_rate,weight_decay,modality_hidden_layers,fusion_hidden_dim,fusion_hidden_layers,fusion_batchnorm,dropout,name,epoch,train_loss,val_loss,val_auc,val_aucpr,val_acc,teacher_loss,student_survival_loss,student_repr_loss,student_feature_loss,smil_meta_train_loss,smil_meta_val_loss,smil_meta_val_ce,smil_align_fusion,smil_align_hidden,phase,train_auc,train_aucpr,train_acc,seed,missing_location,train_missing_prop
1,1,lr1e-04_bs32_modL1_fusion16_fusionL1_fusionBN0_drop0p2__wd1e-04trmiss40_trlocglobal,32,0.0001,0.0001,1,16,1,False,0.2,lr1e-04_bs32_modL1_fusion16_fusionL1_fusionBN0_drop0p2__wd1e-04trmiss40_trlocglobal,1,0.6922266185283661,0.6901827156543732,0.6541501976284585,0.7379625666853085,0.5333333333333333,0.0,0.0,0.0,0.0,0.0,0.0,0.0,0.0,0.0,,,,,18473,global,0.4
1,1,lr1e-04_bs32_modL1_fusion16_fusionL1_fusionBN0_drop0p2__wd1e-04trmiss40_trlocglobal,32,0.0001,0.0001,1,16,1,False,0.2,lr1e-04_bs32_modL1_fusion16_fusionL1_fusionBN0_drop0p2__wd1e-04trmiss40_trlocglobal,2,0.6760922769705454,0.6900559067726135,0.6383399209486166,0.6983798764325602,0.5333333333333333,0.0,0.0,0.0,0.0,0.0,0.0,0.0,0.0,0.0,,,,,18473,global,0.4
1,1,lr1e-04_bs32_modL1_fusion16_fusionL1_fusionBN0_drop0p2__wd1e-04trmiss40_trlocglobal,32,0.0001,0.0001,1,16,1,False,0.2,lr1e-04_bs32_modL1_fusion16_fusionL1_fusionBN0_drop0p2__wd1e-04trmiss40_trlocglobal,3,0.6525054077307383,0.6867520809173584,0.658102766798419,0.7035686139519092,0.5555555555555556,0.0,0.0,0.0,0.0,0.0,0.0,0.0,0.0,0.0,,,,,18473,global,0.4
1,1,lr1e-04_bs32_modL1_fusion16_fusionL1_fusionBN0_drop0p2__wd1e-04trmiss40_trlocglobal,32,0.0001,0.0001,1,16,1,False,0.2,lr1e-04_bs32_modL1_fusion16_fusionL1_fusionBN0_drop0p2__wd1e-04trmiss40_trlocglobal,4,0.6524706482887268,0.6835788488388062,0.6778656126482213,0.7098326085429574,0.5555555555555556,0.0,0.0,0.0,0.0,0.0,0.0,0.0,0.0,0.0,,,,,18473,global,0.4
1,1,lr1e-04_bs32_modL1_fusion16_fusionL1_fusionBN0_drop0p2__wd1e-04trmiss40_trlocglobal,32,0.0001,0.0001,1,16,1,False,0.2,lr1e-04_bs32_modL1_fusion16_fusionL1_fusionBN0_drop0p2__wd1e-04trmiss40_trlocglobal,5,0.6483179132143656,0.6813429594039917,0.6936758893280632,0.7234946403148795,0.5555555555555556,0.0,0.0,0.0,0.0,0.0,0.0,0.0,0.0,0.0,,,,,18473,global,0.4
1,1,lr1e-04_bs32_modL1_fusion16_fusionL1_fusionBN0_drop0p2__wd1e-04trmiss40_trlocglobal,32,0.0001,0.0001,1,16,1,False,0.2,lr1e-04_bs32_modL1_fusion16_fusionL1_fusionBN0_drop0p2__wd1e-04trmiss40_trlocglobal,6,0.6381251116593679,0.6797404885292053,0.6877470355731224,0.7121515408772212,0.5777777777777777,0.0,0.0,0.0,0.0,0.0,0.0,0.0,0.0,0.0,,,,,18473,global,0.4
1,1,lr1e-04_bs32_modL1_fusion16_fusionL1_fusionBN0_drop0p2__wd1e-04trmiss40_trlocglobal,32,0.0001,0.0001,1,16,1,False,0.2,lr1e-04_bs32_modL1_fusion16_fusionL1_fusionBN0_drop0p2__wd1e-04trmiss40_trlocglobal,7,0.6268198986848196,0.678295910358429,0.7035573122529644,0.7481705886097785,0.6222222222222222,0.0,0.0,0.0,0.0,0.0,0.0,0.0,0.0,0.0,,,,,18473,global,0.4
1,1,lr1e-04_bs32_modL1_fusion16_fusionL1_fusionBN0_drop0p2__wd1e-04trmiss40_trlocglobal,32,0.0001,0.0001,1,16,1,False,0.2,lr1e-04_bs32_modL1_fusion16_fusionL1_fusionBN0_drop0p2__wd1e-04trmiss40_trlocglobal,8,0.6177167296409607,0.6772298514842987,0.7075098814229249,0.7478697716598173,0.6222222222222222,0.0,0.0,0.0,0.0,0.0,0.0,0.0,0.0,0.0,,,,,18473,global,0.4
1,1,lr1e-04_bs32_modL1_fusion16_fusionL1_fusionBN0_drop0p2__wd1e-04trmiss40_trlocglobal,32,0.0001,0.0001,1,16,1,False,0.2,lr1e-04_bs32_modL1_fusion16_fusionL1_fusionBN0_drop0p2__wd1e-04trmiss40_trlocglobal,9,0.630889763434728,0.6727193295955658,0.7055335968379447,0.7450223632890525,0.6888888888888889,0.0,0.0,0.0,0.0,0.0,0.0,0.0,0.0,0.0,,,,,18473,global,0.4
1,1,lr1e-04_bs32_modL1_fusion16_fusionL1_fusionBN0_drop0p2__wd1e-04trmiss40_trlocglobal,32,0.0001,0.0001,1,16,1,False,0.2,lr1e-04_bs32_modL1_fusion16_fusionL1_fusionBN0_drop0p2__wd1e-04trmiss40_trlocglobal,10,0.6131012936433157,0.6723921298980713,0.7094861660079052,0.7486082329785853,0.6666666666666666,0.0,0.0,0.0,0.0,0.0,0.0,0.0,0.0,0.0,,,,,18473,global,0.4
1,1,lr1e-04_bs32_modL1_fusion16_fusionL1_fusionBN0_drop0p2__wd1e-04trmiss40_trlocglobal,32,0.0001,0.0001,1,16,1,False,0.2,lr1e-04_bs32_modL1_fusion16_fusionL1_fusionBN0_drop0p2__wd1e-04trmiss40_trlocglobal,11,0.6052015721797943,0.6713713109493256,0.7193675889328063,0.7543700802200735,0.6666666666666666,0.0,0.0,0.0,0.0,0.0,0.0,0.0,0.0,0.0,,,,,18473,global,0.4
1,1,lr1e-04_bs32_modL1_fusion16_fusionL1_fusionBN0_drop0p2__wd1e-04trmiss40_trlocglobal,32,0.0001,0.0001,1,16,1,False,0.2,lr1e-04_bs32_modL1_fusion16_fusionL1_fusionBN0_drop0p2__wd1e-04trmiss40_trlocglobal,12,0.6090103983879089,0.6688874065876007,0.717391304347826,0.7572917989566406,0.6666666666666666,0.0,0.0,0.0,0.0,0.0,0.0,0.0,0.0,0.0,,,,,18473,global,0.4
1,1,lr1e-04_bs32_modL1_fusion16_fusionL1_fusionBN0_drop0p2__wd1e-04trmiss40_trlocglobal,32,0.0001,0.0001,1,16,1,False,0.2,lr1e-04_bs32_modL1_fusion16_fusionL1_fusionBN0_drop0p2__wd1e-04trmiss40_trlocglobal,13,0.6069605052471161,0.6689043045043945,0.717391304347826,0.7580404144709895,0.6666666666666666,0.0,0.0,0.0,0.0,0.0,0.0,0.0,0.0,0.0,,,,,18473,global,0.4
1,1,lr1e-04_bs32_modL1_fusion16_fusionL1_fusionBN0_drop0p2__wd1e-04trmiss40_trlocglobal,32,0.0001,0.0001,1,16,1,False,0.2,lr1e-04_bs32_modL1_fusion16_fusionL1_fusionBN0_drop0p2__wd1e-04trmiss40_trlocglobal,14,0.5866081416606903,0.6679784059524536,0.7272727272727272,0.7624215913922121,0.6666666666666666,0.0,0.0,0.0,0.0,0.0,0.0,0.0,0.0,0.0,,,,,18473,global,0.4
1,1,lr1e-04_bs32_modL1_fusion16_fusionL1_fusionBN0_drop0p2__wd1e-04trmiss40_trlocglobal,32,0.0001,0.0001,1,16,1,False,0.2,lr1e-04_bs32_modL1_fusion16_fusionL1_fusionBN0_drop0p2__wd1e-04trmiss40_trlocglobal,15,0.5807140270868937,0.6652978956699371,0.7351778656126482,0.7712160577953742,0.6888888888888889,0.0,0.0,0.0,0.0,0.0,0.0,0.0,0.0,0.0,,,,,18473,global,0.4
1,1,lr1e-04_bs32_modL1_fusion16_fusionL1_fusionBN0_drop0p2__wd1e-04trmiss40_trlocglobal,32,0.0001,0.0001,1,16,1,False,0.2,lr1e-04_bs32_modL1_fusion16_fusionL1_fusionBN0_drop0p2__wd1e-04trmiss40_trlocglobal,16,0.585138996442159,0.6614955961704254,0.7371541501976284,0.768558803354569,0.7333333333333333,0.0,0.0,0.0,0.0,0.0,0.0,0.0,0.0,0.0,,,,,18473,global,0.4
1,1,lr1e-04_bs32_modL1_fusion16_fusionL1_fusionBN0_drop0p2__wd1e-04trmiss40_trlocglobal,32,0.0001,0.0001,1,16,1,False,0.2,lr1e-04_bs32_modL1_fusion16_fusionL1_fusionBN0_drop0p2__wd1e-04trmiss40_trlocglobal,17,0.5801203449567159,0.6611327826976776,0.7292490118577075,0.7511303008838381,0.7333333333333333,0.0,0.0,0.0,0.0,0.0,0.0,0.0,0.0,0.0,,,,,18473,global,0.4
1,1,lr1e-04_bs32_modL1_fusion16_fusionL1_fusionBN0_drop0p2__wd1e-04trmiss40_trlocglobal,32,0.0001,0.0001,1,16,1,False,0.2,lr1e-04_bs32_modL1_fusion16_fusionL1_fusionBN0_drop0p2__wd1e-04trmiss40_trlocglobal,18,0.5822847783565521,0.6625727415084839,0.733201581027668,0.7518953271084219,0.6888888888888889,0.0,0.0,0.0,0.0,0.0,0.0,0.0,0.0,0.0,,,,,18473,global,0.4
1,1,lr1e-04_bs32_modL1_fusion16_fusionL1_fusionBN0_drop0p2__wd1e-04trmiss40_trlocglobal,32,0.0001,0.0001,1,16,1,False,0.2,lr1e-04_bs32_modL1_fusion16_fusionL1_fusionBN0_drop0p2__wd1e-04trmiss40_trlocglobal,19,0.5715924501419067,0.6619621515274048,0.7292490118577075,0.7616488977693648,0.7111111111111111,0.0,0.0,0.0,0.0,0.0,0.0,0.0,0.0,0.0,,,,,18473,global,0.4
1,1,lr1e-04_bs32_modL1_fusion16_fusionL1_fusionBN0_drop0p2__wd1e-04trmiss40_trlocglobal,32,0.0001,0.0001,1,16,1,False,0.2,lr1e-04_bs32_modL1_fusion16_fusionL1_fusionBN0_drop0p2__wd1e-04trmiss40_trlocglobal,20,0.5684605737527212,0.6609565019607544,0.725296442687747,0.7580972009256044,0.6666666666666666,0.0,0.0,0.0,0.0,0.0,0.0,0.0,0.0,0.0,,,,,18473,global,0.4
1,1,lr1e-04_bs32_modL1_fusion16_fusionL1_fusionBN0_drop0p2__wd1e-04trmiss40_trlocglobal,32,0.0001,0.0001,1,16,1,False,0.2,lr1e-04_bs32_modL1_fusion16_fusionL1_fusionBN0_drop0p2__wd1e-04trmiss40_trlocglobal,21,0.558558056751887,0.6596035361289978,0.7154150197628458,0.7487255479494633,0.6888888888888889,0.0,0.0,0.0,0.0,0.0,0.0,0.0,0.0,0.0,,,,,18473,global,0.4
1,1,lr1e-04_bs32_modL1_fusion16_fusionL1_fusionBN0_drop0p2__wd1e-04trmiss40_trlocglobal,32,0.0001,0.0001,1,16,1,False,0.2,lr1e-04_bs32_modL1_fusion16_fusionL1_fusionBN0_drop0p2__wd1e-04trmiss40_trlocglobal,22,0.5642115672429403,0.6588503122329712,0.7035573122529645,0.7426471809166277,0.6666666666666666,0.0,0.0,0.0,0.0,0.0,0.0,0.0,0.0,0.0,,,,,18473,global,0.4
1,1,lr1e-04_bs32_modL1_fusion16_fusionL1_fusionBN0_drop0p2__wd1e-04trmiss40_trlocglobal,32,0.0001,0.0001,1,16,1,False,0.2,lr1e-04_bs32_modL1_fusion16_fusionL1_fusionBN0_drop0p2__wd1e-04trmiss40_trlocglobal,23,0.5552809437115988,0.6564545035362244,0.7055335968379447,0.7538783431775382,0.6888888888888889,0.0,0.0,0.0,0.0,0.0,0.0,0.0,0.0,0.0,,,,,18473,global,0.4
1,1,lr1e-04_bs32_modL1_fusion16_fusionL1_fusionBN0_drop0p2__wd1e-04trmiss40_trlocglobal,32,0.0001,0.0001,1,16,1,False,0.2,lr1e-04_bs32_modL1_fusion16_fusionL1_fusionBN0_drop0p2__wd1e-04trmiss40_trlocglobal,24,0.5545973678429922,0.6550629138946533,0.7134387351778656,0.7464381965539346,0.6666666666666666,0.0,0.0,0.0,0.0,0.0,0.0,0.0,0.0,0.0,,,,,18473,global,0.4
1,1,lr1e-04_bs32_modL1_fusion16_fusionL1_fusionBN0_drop0p2__wd1e-04trmiss40_trlocglobal,32,0.0001,0.0001,1,16,1,False,0.2,lr1e-04_bs32_modL1_fusion16_fusionL1_fusionBN0_drop0p2__wd1e-04trmiss40_trlocglobal,25,0.5462026397387186,0.6528997123241425,0.7213438735177865,0.74809534075111,0.6666666666666666,0.0,0.0,0.0,0.0,0.0,0.0,0.0,0.0,0.0,,,,,18473,global,0.4
1,1,lr1e-04_bs32_modL1_fusion16_fusionL1_fusionBN0_drop0p2__wd1e-04trmiss40_trlocglobal,32,0.0001,0.0001,1,16,1,False,0.2,lr1e-04_bs32_modL1_fusion16_fusionL1_fusionBN0_drop0p2__wd1e-04trmiss40_trlocglobal,26,0.5492932597796122,0.6509429514408112,0.717391304347826,0.7407527178018403,0.6666666666666666,0.0,0.0,0.0,0.0,0.0,0.0,0.0,0.0,0.0,,,,,18473,global,0.4
1,1,lr1e-04_bs32_modL1_fusion16_fusionL1_fusionBN0_drop0p2__wd1e-04trmiss40_trlocglobal,32,0.0001,0.0001,1,16,1,False,0.2,lr1e-04_bs32_modL1_fusion16_fusionL1_fusionBN0_drop0p2__wd1e-04trmiss40_trlocglobal,27,0.5378639896710714,0.6517814099788666,0.7134387351778656,0.7561183954496807,0.6888888888888889,0.0,0.0,0.0,0.0,0.0,0.0,0.0,0.0,0.0,,,,,18473,global,0.4
1,1,lr1e-04_bs32_modL1_fusion16_fusionL1_fusionBN0_drop0p2__wd1e-04trmiss40_trlocglobal,32,0.0001,0.0001,1,16,1,False,0.2,lr1e-04_bs32_modL1_fusion16_fusionL1_fusionBN0_drop0p2__wd1e-04trmiss40_trlocglobal,28,0.530681182940801,0.6515112519264221,0.7154150197628458,0.7587585823998866,0.6888888888888889,0.0,0.0,0.0,0.0,0.0,0.0,0.0,0.0,0.0,,,,,18473,global,0.4
1,1,lr1e-04_bs32_modL1_fusion16_fusionL1_fusionBN0_drop0p2__wd1e-04trmiss40_trlocglobal,32,0.0001,0.0001,1,16,1,False,0.2,lr1e-04_bs32_modL1_fusion16_fusionL1_fusionBN0_drop0p2__wd1e-04trmiss40_trlocglobal,29,0.5184455662965775,0.6493382453918457,0.7193675889328063,0.7634670720490713,0.7333333333333333,0.0,0.0,0.0,0.0,0.0,0.0,0.0,0.0,0.0,,,,,18473,global,0.4
1,1,lr1e-04_bs32_modL1_fusion16_fusionL1_fusionBN0_drop0p2__wd1e-04trmiss40_trlocglobal,32,0.0001,0.0001,1,16,1,False,0.2,lr1e-04_bs32_modL1_fusion16_fusionL1_fusionBN0_drop0p2__wd1e-04trmiss40_trlocglobal,30,0.5252918700377146,0.6475935280323029,0.7213438735177865,0.7564124214826438,0.7111111111111111,0.0,0.0,0.0,0.0,0.0,0.0,0.0,0.0,0.0,,,,,18473,global,0.4
1,1,lr1e-04_bs32_modL1_fusion16_fusionL1_fusionBN0_drop0p2__wd1e-04trmiss40_trlocglobal,32,0.0001,0.0001,1,16,1,False,0.2,lr1e-04_bs32_modL1_fusion16_fusionL1_fusionBN0_drop0p2__wd1e-04trmiss40_trlocglobal,31,0.5181315441926321,0.6458494067192078,0.733201581027668,0.7663171126260153,0.7111111111111111,0.0,0.0,0.0,0.0,0.0,0.0,0.0,0.0,0.0,,,,,18473,global,0.4
1,1,lr1e-04_bs32_modL1_fusion16_fusionL1_fusionBN0_drop0p2__wd1e-04trmiss40_trlocglobal,32,0.0001,0.0001,1,16,1,False,0.2,lr1e-04_bs32_modL1_fusion16_fusionL1_fusionBN0_drop0p2__wd1e-04trmiss40_trlocglobal,32,0.5021841923395792,0.6453726589679718,0.7233201581027667,0.7634987116938037,0.7111111111111111,0.0,0.0,0.0,0.0,0.0,0.0,0.0,0.0,0.0,,,,,18473,global,0.4
1,1,lr1e-04_bs32_modL1_fusion16_fusionL1_fusionBN0_drop0p2__wd1e-04trmiss40_trlocglobal,32,0.0001,0.0001,1,16,1,False,0.2,lr1e-04_bs32_modL1_fusion16_fusionL1_fusionBN0_drop0p2__wd1e-04trmiss40_trlocglobal,33,0.5080709755420685,0.6466360688209534,0.7055335968379447,0.7628523790697435,0.6666666666666666,0.0,0.0,0.0,0.0,0.0,0.0,0.0,0.0,0.0,,,,,18473,global,0.4
1,1,lr1e-04_bs32_modL1_fusion16_fusionL1_fusionBN0_drop0p2__wd1e-04trmiss40_trlocglobal,32,0.0001,0.0001,1,16,1,False,0.2,lr1e-04_bs32_modL1_fusion16_fusionL1_fusionBN0_drop0p2__wd1e-04trmiss40_trlocglobal,34,0.5029338548580805,0.6469497084617615,0.7075098814229249,0.7650262921132216,0.6888888888888889,0.0,0.0,0.0,0.0,0.0,0.0,0.0,0.0,0.0,,,,,18473,global,0.4
1,1,lr1e-04_bs32_modL1_fusion16_fusionL1_fusionBN0_drop0p2__wd1e-04trmiss40_trlocglobal,32,0.0001,0.0001,1,16,1,False,0.2,lr1e-04_bs32_modL1_fusion16_fusionL1_fusionBN0_drop0p2__wd1e-04trmiss40_trlocglobal,35,0.5044626146554947,0.6431164145469666,0.717391304347826,0.77094954535271,0.6888888888888889,0.0,0.0,0.0,0.0,0.0,0.0,0.0,0.0,0.0,,,,,18473,global,0.4
1,1,lr1e-04_bs32_modL1_fusion16_fusionL1_fusionBN0_drop0p2__wd1e-04trmiss40_trlocglobal,32,0.0001,0.0001,1,16,1,False,0.2,lr1e-04_bs32_modL1_fusion16_fusionL1_fusionBN0_drop0p2__wd1e-04trmiss40_trlocglobal,36,0.5048462351163229,0.6405541896820068,0.7312252964426877,0.7760093646193973,0.6888888888888889,0.0,0.0,0.0,0.0,0.0,0.0,0.0,0.0,0.0,,,,,18473,global,0.4
1,1,lr1e-04_bs32_modL1_fusion16_fusionL1_fusionBN0_drop0p1__wd1e-04trmiss40_trlocglobal,32,0.0001,0.0001,1,16,1,False,0.1,lr1e-04_bs32_modL1_fusion16_fusionL1_fusionBN0_drop0p1__wd1e-04trmiss40_trlocglobal,1,0.6994244654973348,0.7032284438610077,0.5830039525691699,0.5766969431587069,0.4888888888888889,0.0,0.0,0.0,0.0,0.0,0.0,0.0,0.0,0.0,,,,,18473,global,0.4
1,1,lr1e-04_bs32_modL1_fusion16_fusionL1_fusionBN0_drop0p1__wd1e-04trmiss40_trlocglobal,32,0.0001,0.0001,1,16,1,False,0.1,lr1e-04_bs32_modL1_fusion16_fusionL1_fusionBN0_drop0p1__wd1e-04trmiss40_trlocglobal,2,0.6728839576244354,0.7007841169834137,0.6403162055335969,0.6166010138203893,0.5111111111111111,0.0,0.0,0.0,0.0,0.0,0.0,0.0,0.0,0.0,,,,,18473,global,0.4
1,1,lr1e-04_bs32_modL1_fusion16_fusionL1_fusionBN0_drop0p1__wd1e-04trmiss40_trlocglobal,32,0.0001,0.0001,1,16,1,False,0.1,lr1e-04_bs32_modL1_fusion16_fusionL1_fusionBN0_drop0p1__wd1e-04trmiss40_trlocglobal,3,0.6626417736212412,0.6969906091690063,0.6561264822134387,0.6303840994873087,0.5111111111111111,0.0,0.0,0.0,0.0,0.0,0.0,0.0,0.0,0.0,,,,,18473,global,0.4
1,1,lr1e-04_bs32_modL1_fusion16_fusionL1_fusionBN0_drop0p1__wd1e-04trmiss40_trlocglobal,32,0.0001,0.0001,1,16,1,False,0.1,lr1e-04_bs32_modL1_fusion16_fusionL1_fusionBN0_drop0p1__wd1e-04trmiss40_trlocglobal,4,0.6528659164905548,0.69377201795578,0.6739130434782609,0.647713641422962,0.5555555555555556,0.0,0.0,0.0,0.0,0.0,0.0,0.0,0.0,0.0,,,,,18473,global,0.4
1,1,lr1e-04_bs32_modL1_fusion16_fusionL1_fusionBN0_drop0p1__wd1e-04trmiss40_trlocglobal,32,0.0001,0.0001,1,16,1,False,0.1,lr1e-04_bs32_modL1_fusion16_fusionL1_fusionBN0_drop0p1__wd1e-04trmiss40_trlocglobal,5,0.6363439559936523,0.689719170331955,0.6857707509881422,0.6504384820049319,0.5555555555555556,0.0,0.0,0.0,0.0,0.0,0.0,0.0,0.0,0.0,,,,,18473,global,0.4
1,1,lr1e-04_bs32_modL1_fusion16_fusionL1_fusionBN0_drop0p1__wd1e-04trmiss40_trlocglobal,32,0.0001,0.0001,1,16,1,False,0.1,lr1e-04_bs32_modL1_fusion16_fusionL1_fusionBN0_drop0p1__wd1e-04trmiss40_trlocglobal,6,0.6308639645576477,0.6862006485462189,0.6837944664031621,0.6403938987288645,0.5555555555555556,0.0,0.0,0.0,0.0,0.0,0.0,0.0,0.0,0.0,,,,,18473,global,0.4
1,1,lr1e-04_bs32_modL1_fusion16_fusionL1_fusionBN0_drop0p1__wd1e-04trmiss40_trlocglobal,32,0.0001,0.0001,1,16,1,False,0.1,lr1e-04_bs32_modL1_fusion16_fusionL1_fusionBN0_drop0p1__wd1e-04trmiss40_trlocglobal,7,0.6250303586324056,0.6811175644397736,0.7035573122529644,0.7161409436713078,0.5777777777777777,0.0,0.0,0.0,0.0,0.0,0.0,0.0,0.0,0.0,,,,,18473,global,0.4
1,1,lr1e-04_bs32_modL1_fusion16_fusionL1_fusionBN0_drop0p1__wd1e-04trmiss40_trlocglobal,32,0.0001,0.0001,1,16,1,False,0.1,lr1e-04_bs32_modL1_fusion16_fusionL1_fusionBN0_drop0p1__wd1e-04trmiss40_trlocglobal,8,0.6141679982344309,0.6812819540500641,0.7154150197628459,0.7559211890411887,0.6222222222222222,0.0,0.0,0.0,0.0,0.0,0.0,0.0,0.0,0.0,,,,,18473,global,0.4
1,1,lr1e-04_bs32_modL1_fusion16_fusionL1_fusionBN0_drop0p1__wd1e-04trmiss40_trlocglobal,32,0.0001,0.0001,1,16,1,False,0.1,lr1e-04_bs32_modL1_fusion16_fusionL1_fusionBN0_drop0p1__wd1e-04trmiss40_trlocglobal,9,0.6130402882893881,0.6797183752059937,0.7272727272727273,0.7690989146391958,0.6222222222222222,0.0,0.0,0.0,0.0,0.0,0.0,0.0,0.0,0.0,,,,,18473,global,0.4
1,1,lr1e-04_bs32_modL1_fusion16_fusionL1_fusionBN0_drop0p1__wd1e-04trmiss40_trlocglobal,32,0.0001,0.0001,1,16,1,False,0.1,lr1e-04_bs32_modL1_fusion16_fusionL1_fusionBN0_drop0p1__wd1e-04trmiss40_trlocglobal,10,0.6071940362453461,0.6745345890522003,0.7391304347826086,0.7667224716026706,0.6222222222222222,0.0,0.0,0.0,0.0,0.0,0.0,0.0,0.0,0.0,,,,,18473,global,0.4
1,1,lr1e-04_bs32_modL1_fusion16_fusionL1_fusionBN0_drop0p1__wd1e-04trmiss40_trlocglobal,32,0.0001,0.0001,1,16,1,False,0.1,lr1e-04_bs32_modL1_fusion16_fusionL1_fusionBN0_drop0p1__wd1e-04trmiss40_trlocglobal,11,0.5958850284417471,0.6729091107845306,0.7470355731225296,0.7772423981962101,0.6,0.0,0.0,0.0,0.0,0.0,0.0,0.0,0.0,0.0,,,,,18473,global,0.4
1,1,lr1e-04_bs32_modL1_fusion16_fusionL1_fusionBN0_drop0p1__wd1e-04trmiss40_trlocglobal,32,0.0001,0.0001,1,16,1,False,0.1,lr1e-04_bs32_modL1_fusion16_fusionL1_fusionBN0_drop0p1__wd1e-04trmiss40_trlocglobal,12,0.5896134575208029,0.6715587377548218,0.7569169960474309,0.7872157851487611,0.5777777777777777,0.0,0.0,0.0,0.0,0.0,0.0,0.0,0.0,0.0,,,,,18473,global,0.4
1,1,lr1e-04_bs32_modL1_fusion16_fusionL1_fusionBN0_drop0p1__wd1e-04trmiss40_trlocglobal,32,0.0001,0.0001,1,16,1,False,0.1,lr1e-04_bs32_modL1_fusion16_fusionL1_fusionBN0_drop0p1__wd1e-04trmiss40_trlocglobal,13,0.5785353283087412,0.6691482663154602,0.7549407114624506,0.7793136403123339,0.6,0.0,0.0,0.0,0.0,0.0,0.0,0.0,0.0,0.0,,,,,18473,global,0.4
1,1,lr1e-04_bs32_modL1_fusion16_fusionL1_fusionBN0_drop0p1__wd1e-04trmiss40_trlocglobal,32,0.0001,0.0001,1,16,1,False,0.1,lr1e-04_bs32_modL1_fusion16_fusionL1_fusionBN0_drop0p1__wd1e-04trmiss40_trlocglobal,14,0.5758043626944224,0.6670705676078796,0.7588932806324111,0.7900693885231858,0.6444444444444445,0.0,0.0,0.0,0.0,0.0,0.0,0.0,0.0,0.0,,,,,18473,global,0.4
1,1,lr1e-04_bs32_modL1_fusion16_fusionL1_fusionBN0_drop0p1__wd1e-04trmiss40_trlocglobal,32,0.0001,0.0001,1,16,1,False,0.1,lr1e-04_bs32_modL1_fusion16_fusionL1_fusionBN0_drop0p1__wd1e-04trmiss40_trlocglobal,15,0.57581960161527,0.6634461283683777,0.7687747035573123,0.7987550900489514,0.6222222222222222,0.0,0.0,0.0,0.0,0.0,0.0,0.0,0.0,0.0,,,,,18473,global,0.4
1,1,lr1e-04_bs32_modL1_fusion16_fusionL1_fusionBN0_drop0p1__wd1e-04trmiss40_trlocglobal,32,0.0001,0.0001,1,16,1,False,0.1,lr1e-04_bs32_modL1_fusion16_fusionL1_fusionBN0_drop0p1__wd1e-04trmiss40_trlocglobal,16,0.5567582348982493,0.6614093482494354,0.7549407114624507,0.7893598294652623,0.6444444444444445,0.0,0.0,0.0,0.0,0.0,0.0,0.0,0.0,0.0,,,,,18473,global,0.4
1,1,lr1e-04_bs32_modL1_fusion16_fusionL1_fusionBN0_drop0p1__wd1e-04trmiss40_trlocglobal,32,0.0001,0.0001,1,16,1,False,0.1,lr1e-04_bs32_modL1_fusion16_fusionL1_fusionBN0_drop0p1__wd1e-04trmiss40_trlocglobal,17,0.5537549555301666,0.6587423384189606,0.7786561264822135,0.8143526167179431,0.6444444444444445,0.0,0.0,0.0,0.0,0.0,0.0,0.0,0.0,0.0,,,,,18473,global,0.4
1,1,lr1e-04_bs32_modL1_fusion16_fusionL1_fusionBN0_drop0p1__wd1e-04trmiss40_trlocglobal,32,0.0001,0.0001,1,16,1,False,0.1,lr1e-04_bs32_modL1_fusion16_fusionL1_fusionBN0_drop0p1__wd1e-04trmiss40_trlocglobal,18,0.5464685757954916,0.6563799679279327,0.7924901185770751,0.8157083632819377,0.6666666666666666,0.0,0.0,0.0,0.0,0.0,0.0,0.0,0.0,0.0,,,,,18473,global,0.4
1,1,lr1e-04_bs32_modL1_fusion16_fusionL1_fusionBN0_drop0p1__wd1e-04trmiss40_trlocglobal,32,0.0001,0.0001,1,16,1,False,0.1,lr1e-04_bs32_modL1_fusion16_fusionL1_fusionBN0_drop0p1__wd1e-04trmiss40_trlocglobal,19,0.544152150551478,0.6581054031848907,0.7845849802371541,0.8277027976224572,0.6888888888888889,0.0,0.0,0.0,0.0,0.0,0.0,0.0,0.0,0.0,,,,,18473,global,0.4
1,1,lr1e-04_bs32_modL1_fusion16_fusionL1_fusionBN0_drop0p1__wd1e-04trmiss40_trlocglobal,32,0.0001,0.0001,1,16,1,False,0.1,lr1e-04_bs32_modL1_fusion16_fusionL1_fusionBN0_drop0p1__wd1e-04trmiss40_trlocglobal,20,0.5412080883979797,0.6561313569545746,0.7944664031620554,0.8437657103023765,0.6666666666666666,0.0,0.0,0.0,0.0,0.0,0.0,0.0,0.0,0.0,,,,,18473,global,0.4
1,1,lr1e-04_bs32_modL1_fusion16_fusionL1_fusionBN0_drop0p1__wd1e-04trmiss40_trlocglobal,32,0.0001,0.0001,1,16,1,False,0.1,lr1e-04_bs32_modL1_fusion16_fusionL1_fusionBN0_drop0p1__wd1e-04trmiss40_trlocglobal,21,0.5410478015740713,0.6541627049446106,0.7924901185770751,0.838692409765938,0.6888888888888889,0.0,0.0,0.0,0.0,0.0,0.0,0.0,0.0,0.0,,,,,18473,global,0.4
1,1,lr1e-04_bs32_modL1_fusion16_fusionL1_fusionBN0_drop0p1__wd1e-04trmiss40_trlocglobal,32,0.0001,0.0001,1,16,1,False,0.1,lr1e-04_bs32_modL1_fusion16_fusionL1_fusionBN0_drop0p1__wd1e-04trmiss40_trlocglobal,22,0.5239178637663523,0.653823971748352,0.7648221343873518,0.8030026440121314,0.6888888888888889,0.0,0.0,0.0,0.0,0.0,0.0,0.0,0.0,0.0,,,,,18473,global,0.4
1,1,lr1e-04_bs32_modL1_fusion16_fusionL1_fusionBN0_drop0p1__wd1e-04trmiss40_trlocglobal,32,0.0001,0.0001,1,16,1,False,0.1,lr1e-04_bs32_modL1_fusion16_fusionL1_fusionBN0_drop0p1__wd1e-04trmiss40_trlocglobal,23,0.5225693186124166,0.6527580916881561,0.7371541501976284,0.7685600728631743,0.6888888888888889,0.0,0.0,0.0,0.0,0.0,0.0,0.0,0.0,0.0,,,,,18473,global,0.4
1,1,lr1e-04_bs32_modL1_fusion16_fusionL1_fusionBN0_drop0p1__wd1e-04trmiss40_trlocglobal,32,0.0001,0.0001,1,16,1,False,0.1,lr1e-04_bs32_modL1_fusion16_fusionL1_fusionBN0_drop0p1__wd1e-04trmiss40_trlocglobal,24,0.5201901197433472,0.6525011360645294,0.7470355731225297,0.7886265997039653,0.6666666666666666,0.0,0.0,0.0,0.0,0.0,0.0,0.0,0.0,0.0,,,,,18473,global,0.4
1,1,lr1e-04_bs32_modL1_fusion16_fusionL1_fusionBN0_drop0p1__wd1e-04trmiss40_trlocglobal,32,0.0001,0.0001,1,16,1,False,0.1,lr1e-04_bs32_modL1_fusion16_fusionL1_fusionBN0_drop0p1__wd1e-04trmiss40_trlocglobal,25,0.5036292026440302,0.6516053974628448,0.7391304347826086,0.7876120753678297,0.6888888888888889,0.0,0.0,0.0,0.0,0.0,0.0,0.0,0.0,0.0,,,,,18473,global,0.4
1,1,lr1e-04_bs32_modL1_fusion16_fusionL1_fusionBN0_drop0p1__wd1e-04trmiss40_trlocglobal,32,0.0001,0.0001,1,16,1,False,0.1,lr1e-04_bs32_modL1_fusion16_fusionL1_fusionBN0_drop0p1__wd1e-04trmiss40_trlocglobal,26,0.5065252979596456,0.6523097157478333,0.7094861660079053,0.6962590762782579,0.6222222222222222,0.0,0.0,0.0,0.0,0.0,0.0,0.0,0.0,0.0,,,,,18473,global,0.4
1,1,lr1e-04_bs32_modL1_fusion16_fusionL1_fusionBN0_drop0p1__wd1e-04trmiss40_trlocglobal,32,0.0001,0.0001,1,16,1,False,0.1,lr1e-04_bs32_modL1_fusion16_fusionL1_fusionBN0_drop0p1__wd1e-04trmiss40_trlocglobal,27,0.5000664393107096,0.6524133086204529,0.7252964426877471,0.7610901163667348,0.6444444444444445,0.0,0.0,0.0,0.0,0.0,0.0,0.0,0.0,0.0,,,,,18473,global,0.4
1,1,lr1e-04_bs32_modL1_fusion16_fusionL1_fusionBN0_drop0p1__wd1e-04trmiss40_trlocglobal,32,0.0001,0.0001,1,16,1,False,0.1,lr1e-04_bs32_modL1_fusion16_fusionL1_fusionBN0_drop0p1__wd1e-04trmiss40_trlocglobal,28,0.4941310336192449,0.6473076343536377,0.7292490118577075,0.7784203127979129,0.6666666666666666,0.0,0.0,0.0,0.0,0.0,0.0,0.0,0.0,0.0,,,,,18473,global,0.4
1,1,lr1e-04_bs32_modL1_fusion16_fusionL1_fusionBN0_drop0p1__wd1e-04trmiss40_trlocglobal,32,0.0001,0.0001,1,16,1,False,0.1,lr1e-04_bs32_modL1_fusion16_fusionL1_fusionBN0_drop0p1__wd1e-04trmiss40_trlocglobal,29,0.486469234029452,0.6468981504440308,0.7154150197628459,0.7581429428423654,0.6444444444444445,0.0,0.0,0.0,0.0,0.0,0.0,0.0,0.0,0.0,,,,,18473,global,0.4
1,1,lr1e-04_bs32_modL1_fusion16_fusionL1_fusionBN0_drop0p1__wd1e-04trmiss40_trlocglobal,32,0.0001,0.0001,1,16,1,False,0.1,lr1e-04_bs32_modL1_fusion16_fusionL1_fusionBN0_drop0p1__wd1e-04trmiss40_trlocglobal,30,0.4862784445285797,0.6437521874904633,0.733201581027668,0.7812070900101495,0.6444444444444445,0.0,0.0,0.0,0.0,0.0,0.0,0.0,0.0,0.0,,,,,18473,global,0.4
1,1,lr1e-04_bs32_modL1_fusion16_fusionL1_fusionBN0_drop0p1__wd1e-04trmiss40_trlocglobal,32,0.0001,0.0001,1,16,1,False,0.1,lr1e-04_bs32_modL1_fusion16_fusionL1_fusionBN0_drop0p1__wd1e-04trmiss40_trlocglobal,31,0.467219278216362,0.6448358595371246,0.7351778656126482,0.7676631281739676,0.6444444444444445,0.0,0.0,0.0,0.0,0.0,0.0,0.0,0.0,0.0,,,,,18473,global,0.4
1,1,lr1e-04_bs32_modL1_fusion16_fusionL1_fusionBN0_drop0p1__wd1e-04trmiss40_trlocglobal,32,0.0001,0.0001,1,16,1,False,0.1,lr1e-04_bs32_modL1_fusion16_fusionL1_fusionBN0_drop0p1__wd1e-04trmiss40_trlocglobal,32,0.46385132273038227,0.6416533291339874,0.7470355731225297,0.771228316372068,0.6666666666666666,0.0,0.0,0.0,0.0,0.0,0.0,0.0,0.0,0.0,,,,,18473,global,0.4
1,1,lr1e-04_bs32_modL1_fusion16_fusionL1_fusionBN0_drop0p1__wd1e-04trmiss40_trlocglobal,32,0.0001,0.0001,1,16,1,False,0.1,lr1e-04_bs32_modL1_fusion16_fusionL1_fusionBN0_drop0p1__wd1e-04trmiss40_trlocglobal,33,0.4639080762863159,0.6406015753746033,0.7470355731225297,0.8064030849477593,0.6888888888888889,0.0,0.0,0.0,0.0,0.0,0.0,0.0,0.0,0.0,,,,,18473,global,0.4
1,1,lr1e-04_bs32_modL1_fusion16_fusionL1_fusionBN0_drop0p1__wd1e-04trmiss40_trlocglobal,32,0.0001,0.0001,1,16,1,False,0.1,lr1e-04_bs32_modL1_fusion16_fusionL1_fusionBN0_drop0p1__wd1e-04trmiss40_trlocglobal,34,0.47202250361442566,0.6407044529914856,0.7509881422924902,0.8061680673214373,0.6666666666666666,0.0,0.0,0.0,0.0,0.0,0.0,0.0,0.0,0.0,,,,,18473,global,0.4
1,1,lr1e-04_bs32_modL1_fusion16_fusionL1_fusionBN0_drop0p1__wd1e-04trmiss40_trlocglobal,32,0.0001,0.0001,1,16,1,False,0.1,lr1e-04_bs32_modL1_fusion16_fusionL1_fusionBN0_drop0p1__wd1e-04trmiss40_trlocglobal,35,0.4553784231344859,0.6377913653850555,0.7529644268774704,0.8074909645322889,0.6888888888888889,0.0,0.0,0.0,0.0,0.0,0.0,0.0,0.0,0.0,,,,,18473,global,0.4
1,1,lr1e-04_bs32_modL1_fusion16_fusionL1_fusionBN0_drop0p1__wd1e-04trmiss40_trlocglobal,32,0.0001,0.0001,1,16,1,False,0.1,lr1e-04_bs32_modL1_fusion16_fusionL1_fusionBN0_drop0p1__wd1e-04trmiss40_trlocglobal,36,0.4593956420818965,0.6336432099342346,0.7450592885375494,0.7899967136141249,0.6888888888888889,0.0,0.0,0.0,0.0,0.0,0.0,0.0,0.0,0.0,,,,,18473,global,0.4
1,1,lr1e-04_bs32_modL1_fusion16_fusionL1_fusionBN0_drop0p1__wd1e-04trmiss40_trlocglobal,32,0.0001,0.0001,1,16,1,False,0.1,lr1e-04_bs32_modL1_fusion16_fusionL1_fusionBN0_drop0p1__wd1e-04trmiss40_trlocglobal,37,0.4440426329771678,0.6328644156455994,0.7312252964426877,0.7809763663790693,0.6888888888888889,0.0,0.0,0.0,0.0,0.0,0.0,0.0,0.0,0.0,,,,,18473,global,0.4
1,1,lr1e-04_bs32_modL1_fusion16_fusionL1_fusionBN0_drop0p1__wd1e-04trmiss40_trlocglobal,32,0.0001,0.0001,1,16,1,False,0.1,lr1e-04_bs32_modL1_fusion16_fusionL1_fusionBN0_drop0p1__wd1e-04trmiss40_trlocglobal,38,0.44990677138169605,0.6327007412910461,0.7312252964426877,0.7718910532589371,0.6888888888888889,0.0,0.0,0.0,0.0,0.0,0.0,0.0,0.0,0.0,,,,,18473,global,0.4
1,1,lr1e-04_bs32_modL1_fusion16_fusionL1_fusionBN0_drop0p1__wd1e-04trmiss40_trlocglobal,32,0.0001,0.0001,1,16,1,False,0.1,lr1e-04_bs32_modL1_fusion16_fusionL1_fusionBN0_drop0p1__wd1e-04trmiss40_trlocglobal,39,0.4439200460910797,0.6307284235954285,0.7272727272727273,0.7642771187571309,0.6888888888888889,0.0,0.0,0.0,0.0,0.0,0.0,0.0,0.0,0.0,,,,,18473,global,0.4
1,1,lr1e-04_bs32_modL1_fusion16_fusionL1_fusionBN0_drop0p1__wd1e-04trmiss40_trlocglobal,32,0.0001,0.0001,1,16,1,False,0.1,lr1e-04_bs32_modL1_fusion16_fusionL1_fusionBN0_drop0p1__wd1e-04trmiss40_trlocglobal,40,0.44719961782296497,0.6289157569408417,0.7430830039525692,0.7978104928782681,0.6666666666666666,0.0,0.0,0.0,0.0,0.0,0.0,0.0,0.0,0.0,,,,,18473,global,0.4
1,1,lr1e-04_bs32_modL1_fusion32_fusionL1_fusionBN0_drop0p2__wd1e-04trmiss40_trlocglobal,32,0.0001,0.0001,1,32,1,False,0.2,lr1e-04_bs32_modL1_fusion32_fusionL1_fusionBN0_drop0p2__wd1e-04trmiss40_trlocglobal,1,0.700482020775477,0.6916684508323669,0.541501976284585,0.570340647670347,0.5111111111111111,0.0,0.0,0.0,0.0,0.0,0.0,0.0,0.0,0.0,,,,,18473,global,0.4
1,1,lr1e-04_bs32_modL1_fusion32_fusionL1_fusionBN0_drop0p2__wd1e-04trmiss40_trlocglobal,32,0.0001,0.0001,1,32,1,False,0.2,lr1e-04_bs32_modL1_fusion32_fusionL1_fusionBN0_drop0p2__wd1e-04trmiss40_trlocglobal,2,0.6821170051892599,0.6902579069137573,0.5612648221343873,0.5829805073411212,0.5111111111111111,0.0,0.0,0.0,0.0,0.0,0.0,0.0,0.0,0.0,,,,,18473,global,0.4
1,1,lr1e-04_bs32_modL1_fusion32_fusionL1_fusionBN0_drop0p2__wd1e-04trmiss40_trlocglobal,32,0.0001,0.0001,1,32,1,False,0.2,lr1e-04_bs32_modL1_fusion32_fusionL1_fusionBN0_drop0p2__wd1e-04trmiss40_trlocglobal,3,0.6640967031319936,0.6877729892730713,0.5652173913043478,0.5912971269844219,0.5111111111111111,0.0,0.0,0.0,0.0,0.0,0.0,0.0,0.0,0.0,,,,,18473,global,0.4
1,1,lr1e-04_bs32_modL1_fusion32_fusionL1_fusionBN0_drop0p2__wd1e-04trmiss40_trlocglobal,32,0.0001,0.0001,1,32,1,False,0.2,lr1e-04_bs32_modL1_fusion32_fusionL1_fusionBN0_drop0p2__wd1e-04trmiss40_trlocglobal,4,0.651398777961731,0.6851631104946136,0.5968379446640316,0.6125102130744046,0.5333333333333333,0.0,0.0,0.0,0.0,0.0,0.0,0.0,0.0,0.0,,,,,18473,global,0.4
1,1,lr1e-04_bs32_modL1_fusion32_fusionL1_fusionBN0_drop0p2__wd1e-04trmiss40_trlocglobal,32,0.0001,0.0001,1,32,1,False,0.2,lr1e-04_bs32_modL1_fusion32_fusionL1_fusionBN0_drop0p2__wd1e-04trmiss40_trlocglobal,5,0.6442733506361643,0.6818163096904755,0.6146245059288538,0.6220976326189382,0.5333333333333333,0.0,0.0,0.0,0.0,0.0,0.0,0.0,0.0,0.0,,,,,18473,global,0.4
1,1,lr1e-04_bs32_modL1_fusion32_fusionL1_fusionBN0_drop0p2__wd1e-04trmiss40_trlocglobal,32,0.0001,0.0001,1,32,1,False,0.2,lr1e-04_bs32_modL1_fusion32_fusionL1_fusionBN0_drop0p2__wd1e-04trmiss40_trlocglobal,6,0.6378120183944702,0.6785578429698944,0.6462450592885376,0.6459689984023197,0.5333333333333333,0.0,0.0,0.0,0.0,0.0,0.0,0.0,0.0,0.0,,,,,18473,global,0.4
1,1,lr1e-04_bs32_modL1_fusion32_fusionL1_fusionBN0_drop0p2__wd1e-04trmiss40_trlocglobal,32,0.0001,0.0001,1,32,1,False,0.2,lr1e-04_bs32_modL1_fusion32_fusionL1_fusionBN0_drop0p2__wd1e-04trmiss40_trlocglobal,7,0.6302163501580557,0.6772199273109436,0.6442687747035573,0.6444417206835598,0.5555555555555556,0.0,0.0,0.0,0.0,0.0,0.0,0.0,0.0,0.0,,,,,18473,global,0.4
1,1,lr1e-04_bs32_modL1_fusion32_fusionL1_fusionBN0_drop0p2__wd1e-04trmiss40_trlocglobal,32,0.0001,0.0001,1,32,1,False,0.2,lr1e-04_bs32_modL1_fusion32_fusionL1_fusionBN0_drop0p2__wd1e-04trmiss40_trlocglobal,8,0.6291820307572683,0.6765454709529877,0.6462450592885375,0.6251812150590464,0.5555555555555556,0.0,0.0,0.0,0.0,0.0,0.0,0.0,0.0,0.0,,,,,18473,global,0.4
1,1,lr1e-04_bs32_modL1_fusion32_fusionL1_fusionBN0_drop0p2__wd1e-04trmiss40_trlocglobal,32,0.0001,0.0001,1,32,1,False,0.2,lr1e-04_bs32_modL1_fusion32_fusionL1_fusionBN0_drop0p2__wd1e-04trmiss40_trlocglobal,9,0.610154410203298,0.6758066117763519,0.642292490118577,0.6272524013039957,0.5555555555555556,0.0,0.0,0.0,0.0,0.0,0.0,0.0,0.0,0.0,,,,,18473,global,0.4
1,1,lr1e-04_bs32_modL1_fusion32_fusionL1_fusionBN0_drop0p2__wd1e-04trmiss40_trlocglobal,32,0.0001,0.0001,1,32,1,False,0.2,lr1e-04_bs32_modL1_fusion32_fusionL1_fusionBN0_drop0p2__wd1e-04trmiss40_trlocglobal,10,0.6012369394302368,0.6749211549758911,0.6343873517786561,0.6275719792561337,0.5777777777777777,0.0,0.0,0.0,0.0,0.0,0.0,0.0,0.0,0.0,,,,,18473,global,0.4
1,1,lr1e-04_bs32_modL1_fusion32_fusionL1_fusionBN0_drop0p2__wd1e-04trmiss40_trlocglobal,32,0.0001,0.0001,1,32,1,False,0.2,lr1e-04_bs32_modL1_fusion32_fusionL1_fusionBN0_drop0p2__wd1e-04trmiss40_trlocglobal,11,0.5948099394639333,0.6732739806175232,0.6442687747035573,0.6335115087298497,0.5777777777777777,0.0,0.0,0.0,0.0,0.0,0.0,0.0,0.0,0.0,,,,,18473,global,0.4
1,1,lr1e-04_bs32_modL1_fusion32_fusionL1_fusionBN0_drop0p2__wd1e-04trmiss40_trlocglobal,32,0.0001,0.0001,1,32,1,False,0.2,lr1e-04_bs32_modL1_fusion32_fusionL1_fusionBN0_drop0p2__wd1e-04trmiss40_trlocglobal,12,0.5990871489048004,0.6692039966583252,0.6561264822134387,0.6388877091676126,0.5777777777777777,0.0,0.0,0.0,0.0,0.0,0.0,0.0,0.0,0.0,,,,,18473,global,0.4
1,1,lr1e-04_bs32_modL1_fusion32_fusionL1_fusionBN0_drop0p2__wd1e-04trmiss40_trlocglobal,32,0.0001,0.0001,1,32,1,False,0.2,lr1e-04_bs32_modL1_fusion32_fusionL1_fusionBN0_drop0p2__wd1e-04trmiss40_trlocglobal,13,0.5899693568547567,0.6679514348506927,0.6620553359683795,0.6423053206769266,0.6222222222222222,0.0,0.0,0.0,0.0,0.0,0.0,0.0,0.0,0.0,,,,,18473,global,0.4
1,1,lr1e-04_bs32_modL1_fusion32_fusionL1_fusionBN0_drop0p2__wd1e-04trmiss40_trlocglobal,32,0.0001,0.0001,1,32,1,False,0.2,lr1e-04_bs32_modL1_fusion32_fusionL1_fusionBN0_drop0p2__wd1e-04trmiss40_trlocglobal,14,0.5857993364334106,0.6664954721927643,0.6719367588932805,0.6425884448883911,0.6,0.0,0.0,0.0,0.0,0.0,0.0,0.0,0.0,0.0,,,,,18473,global,0.4
1,1,lr1e-04_bs32_modL1_fusion32_fusionL1_fusionBN0_drop0p2__wd1e-04trmiss40_trlocglobal,32,0.0001,0.0001,1,32,1,False,0.2,lr1e-04_bs32_modL1_fusion32_fusionL1_fusionBN0_drop0p2__wd1e-04trmiss40_trlocglobal,15,0.5729513764381409,0.6680907309055328,0.6482213438735178,0.629742595734605,0.5777777777777777,0.0,0.0,0.0,0.0,0.0,0.0,0.0,0.0,0.0,,,,,18473,global,0.4
1,1,lr1e-04_bs32_modL1_fusion32_fusionL1_fusionBN0_drop0p2__wd1e-04trmiss40_trlocglobal,32,0.0001,0.0001,1,32,1,False,0.2,lr1e-04_bs32_modL1_fusion32_fusionL1_fusionBN0_drop0p2__wd1e-04trmiss40_trlocglobal,16,0.5713006357351939,0.666851282119751,0.6521739130434783,0.6290168153285839,0.5777777777777777,0.0,0.0,0.0,0.0,0.0,0.0,0.0,0.0,0.0,,,,,18473,global,0.4
1,1,lr1e-04_bs32_modL1_fusion32_fusionL1_fusionBN0_drop0p2__wd1e-04trmiss40_trlocglobal,32,0.0001,0.0001,1,32,1,False,0.2,lr1e-04_bs32_modL1_fusion32_fusionL1_fusionBN0_drop0p2__wd1e-04trmiss40_trlocglobal,17,0.5638637840747833,0.6653189361095428,0.6422924901185771,0.621476996881719,0.6444444444444445,0.0,0.0,0.0,0.0,0.0,0.0,0.0,0.0,0.0,,,,,18473,global,0.4
1,1,lr1e-04_bs32_modL1_fusion32_fusionL1_fusionBN0_drop0p2__wd1e-04trmiss40_trlocglobal,32,0.0001,0.0001,1,32,1,False,0.2,lr1e-04_bs32_modL1_fusion32_fusionL1_fusionBN0_drop0p2__wd1e-04trmiss40_trlocglobal,18,0.5716758966445923,0.6646319627761841,0.6403162055335969,0.6184384202728995,0.6,0.0,0.0,0.0,0.0,0.0,0.0,0.0,0.0,0.0,,,,,18473,global,0.4
1,1,lr1e-04_bs32_modL1_fusion32_fusionL1_fusionBN0_drop0p2__wd1e-04trmiss40_trlocglobal,32,0.0001,0.0001,1,32,1,False,0.2,lr1e-04_bs32_modL1_fusion32_fusionL1_fusionBN0_drop0p2__wd1e-04trmiss40_trlocglobal,19,0.5556711057821909,0.667395293712616,0.6264822134387351,0.6095200154630335,0.6222222222222222,0.0,0.0,0.0,0.0,0.0,0.0,0.0,0.0,0.0,,,,,18473,global,0.4
1,1,lr1e-04_bs32_modL1_fusion32_fusionL1_fusionBN0_drop0p2__wd1e-04trmiss40_trlocglobal,32,0.0001,0.0001,1,32,1,False,0.2,lr1e-04_bs32_modL1_fusion32_fusionL1_fusionBN0_drop0p2__wd1e-04trmiss40_trlocglobal,20,0.5555510620276133,0.6695084869861603,0.6106719367588933,0.6000873157329195,0.6222222222222222,0.0,0.0,0.0,0.0,0.0,0.0,0.0,0.0,0.0,,,,,18473,global,0.4
1,1,lr1e-04_bs32_modL1_fusion32_fusionL1_fusionBN0_drop0p2__wd1e-04trmiss40_trlocglobal,32,0.0001,0.0001,1,32,1,False,0.2,lr1e-04_bs32_modL1_fusion32_fusionL1_fusionBN0_drop0p2__wd1e-04trmiss40_trlocglobal,21,0.5530378719170889,0.6661664247512817,0.6185770750988143,0.6058716096976141,0.5777777777777777,0.0,0.0,0.0,0.0,0.0,0.0,0.0,0.0,0.0,,,,,18473,global,0.4
1,1,lr1e-04_bs32_modL1_fusion32_fusionL1_fusionBN0_drop0p2__wd1e-04trmiss40_trlocglobal,32,0.0001,0.0001,1,32,1,False,0.2,lr1e-04_bs32_modL1_fusion32_fusionL1_fusionBN0_drop0p2__wd1e-04trmiss40_trlocglobal,22,0.548630158106486,0.6593396365642548,0.6482213438735178,0.6210604889089937,0.6444444444444445,0.0,0.0,0.0,0.0,0.0,0.0,0.0,0.0,0.0,,,,,18473,global,0.4
1,1,lr1e-04_bs32_modL1_fusion32_fusionL1_fusionBN0_drop0p2__wd1e-04trmiss40_trlocglobal,32,0.0001,0.0001,1,32,1,False,0.2,lr1e-04_bs32_modL1_fusion32_fusionL1_fusionBN0_drop0p2__wd1e-04trmiss40_trlocglobal,23,0.5303377906481425,0.6556282341480255,0.6442687747035573,0.6180821805986115,0.6222222222222222,0.0,0.0,0.0,0.0,0.0,0.0,0.0,0.0,0.0,,,,,18473,global,0.4
1,1,lr1e-04_bs32_modL1_fusion32_fusionL1_fusionBN0_drop0p2__wd1e-04trmiss40_trlocglobal,32,0.0001,0.0001,1,32,1,False,0.2,lr1e-04_bs32_modL1_fusion32_fusionL1_fusionBN0_drop0p2__wd1e-04trmiss40_trlocglobal,24,0.5309729079405466,0.6564480662345886,0.6482213438735178,0.6221769390984043,0.6222222222222222,0.0,0.0,0.0,0.0,0.0,0.0,0.0,0.0,0.0,,,,,18473,global,0.4
1,1,lr1e-04_bs32_modL1_fusion32_fusionL1_fusionBN0_drop0p2__wd1e-04trmiss40_trlocglobal,32,0.0001,0.0001,1,32,1,False,0.2,lr1e-04_bs32_modL1_fusion32_fusionL1_fusionBN0_drop0p2__wd1e-04trmiss40_trlocglobal,25,0.5164684255917867,0.6598669588565826,0.6403162055335969,0.6193932793660792,0.6,0.0,0.0,0.0,0.0,0.0,0.0,0.0,0.0,0.0,,,,,18473,global,0.4
1,1,lr1e-04_bs32_modL1_fusion32_fusionL1_fusionBN0_drop0p2__wd1e-04trmiss40_trlocglobal,32,0.0001,0.0001,1,32,1,False,0.2,lr1e-04_bs32_modL1_fusion32_fusionL1_fusionBN0_drop0p2__wd1e-04trmiss40_trlocglobal,26,0.521708533167839,0.6574536859989166,0.6403162055335969,0.6194288091041852,0.6222222222222222,0.0,0.0,0.0,0.0,0.0,0.0,0.0,0.0,0.0,,,,,18473,global,0.4
1,1,lr1e-04_bs32_modL1_fusion32_fusionL1_fusionBN0_drop0p2__wd1e-04trmiss40_trlocglobal,32,0.0001,0.0001,1,32,1,False,0.2,lr1e-04_bs32_modL1_fusion32_fusionL1_fusionBN0_drop0p2__wd1e-04trmiss40_trlocglobal,27,0.5193119843800863,0.6527239978313446,0.6521739130434783,0.6239225138696292,0.6,0.0,0.0,0.0,0.0,0.0,0.0,0.0,0.0,0.0,,,,,18473,global,0.4
1,1,lr1e-04_bs32_modL1_fusion32_fusionL1_fusionBN0_drop0p2__wd1e-04trmiss40_trlocglobal,32,0.0001,0.0001,1,32,1,False,0.2,lr1e-04_bs32_modL1_fusion32_fusionL1_fusionBN0_drop0p2__wd1e-04trmiss40_trlocglobal,28,0.5143192360798517,0.6532096564769745,0.650197628458498,0.6256131222105973,0.6,0.0,0.0,0.0,0.0,0.0,0.0,0.0,0.0,0.0,,,,,18473,global,0.4
1,1,lr1e-04_bs32_modL1_fusion32_fusionL1_fusionBN0_drop0p2__wd1e-04trmiss40_trlocglobal,32,0.0001,0.0001,1,32,1,False,0.2,lr1e-04_bs32_modL1_fusion32_fusionL1_fusionBN0_drop0p2__wd1e-04trmiss40_trlocglobal,29,0.4951455394426982,0.6524028778076172,0.6541501976284585,0.629729570863491,0.6222222222222222,0.0,0.0,0.0,0.0,0.0,0.0,0.0,0.0,0.0,,,,,18473,global,0.4
1,1,lr1e-04_bs32_modL1_fusion32_fusionL1_fusionBN0_drop0p2__wd1e-04trmiss40_trlocglobal,32,0.0001,0.0001,1,32,1,False,0.2,lr1e-04_bs32_modL1_fusion32_fusionL1_fusionBN0_drop0p2__wd1e-04trmiss40_trlocglobal,30,0.4999335507551829,0.6471646130084991,0.6561264822134387,0.632710445590446,0.6222222222222222,0.0,0.0,0.0,0.0,0.0,0.0,0.0,0.0,0.0,,,,,18473,global,0.4
1,1,lr1e-04_bs32_modL1_fusion32_fusionL1_fusionBN0_drop0p2__wd1e-04trmiss40_trlocglobal,32,0.0001,0.0001,1,32,1,False,0.2,lr1e-04_bs32_modL1_fusion32_fusionL1_fusionBN0_drop0p2__wd1e-04trmiss40_trlocglobal,31,0.4919306735197703,0.6494358479976654,0.6442687747035573,0.6241538998344117,0.6222222222222222,0.0,0.0,0.0,0.0,0.0,0.0,0.0,0.0,0.0,,,,,18473,global,0.4
1,1,lr1e-04_bs32_modL1_fusion32_fusionL1_fusionBN0_drop0p2__wd1e-04trmiss40_trlocglobal,32,0.0001,0.0001,1,32,1,False,0.2,lr1e-04_bs32_modL1_fusion32_fusionL1_fusionBN0_drop0p2__wd1e-04trmiss40_trlocglobal,32,0.4841865648825963,0.6461741924285889,0.650197628458498,0.6221250980260878,0.6444444444444445,0.0,0.0,0.0,0.0,0.0,0.0,0.0,0.0,0.0,,,,,18473,global,0.4
1,1,lr1e-04_bs32_modL1_fusion32_fusionL1_fusionBN0_drop0p2__wd1e-04trmiss40_trlocglobal,32,0.0001,0.0001,1,32,1,False,0.2,lr1e-04_bs32_modL1_fusion32_fusionL1_fusionBN0_drop0p2__wd1e-04trmiss40_trlocglobal,33,0.4797562162081401,0.647291749715805,0.6462450592885376,0.6163382083882302,0.6444444444444445,0.0,0.0,0.0,0.0,0.0,0.0,0.0,0.0,0.0,,,,,18473,global,0.4
1,1,lr1e-04_bs32_modL1_fusion32_fusionL1_fusionBN0_drop0p2__wd1e-04trmiss40_trlocglobal,32,0.0001,0.0001,1,32,1,False,0.2,lr1e-04_bs32_modL1_fusion32_fusionL1_fusionBN0_drop0p2__wd1e-04trmiss40_trlocglobal,34,0.47939040263493854,0.6493322849273682,0.6363636363636365,0.6095891185144663,0.6444444444444445,0.0,0.0,0.0,0.0,0.0,0.0,0.0,0.0,0.0,,,,,18473,global,0.4
1,1,lr1e-04_bs32_modL1_fusion32_fusionL1_fusionBN0_drop0p1__wd1e-04trmiss40_trlocglobal,32,0.0001,0.0001,1,32,1,False,0.1,lr1e-04_bs32_modL1_fusion32_fusionL1_fusionBN0_drop0p1__wd1e-04trmiss40_trlocglobal,1,0.7016030848026276,0.697101354598999,0.43873517786561267,0.48870692730726456,0.4666666666666667,0.0,0.0,0.0,0.0,0.0,0.0,0.0,0.0,0.0,,,,,18473,global,0.4
1,1,lr1e-04_bs32_modL1_fusion32_fusionL1_fusionBN0_drop0p1__wd1e-04trmiss40_trlocglobal,32,0.0001,0.0001,1,32,1,False,0.1,lr1e-04_bs32_modL1_fusion32_fusionL1_fusionBN0_drop0p1__wd1e-04trmiss40_trlocglobal,2,0.6821232438087463,0.6955291926860809,0.44466403162055335,0.5283506810955239,0.4666666666666667,0.0,0.0,0.0,0.0,0.0,0.0,0.0,0.0,0.0,,,,,18473,global,0.4
1,1,lr1e-04_bs32_modL1_fusion32_fusionL1_fusionBN0_drop0p1__wd1e-04trmiss40_trlocglobal,32,0.0001,0.0001,1,32,1,False,0.1,lr1e-04_bs32_modL1_fusion32_fusionL1_fusionBN0_drop0p1__wd1e-04trmiss40_trlocglobal,3,0.6651692191759745,0.6944170892238617,0.4841897233201581,0.5573561609784418,0.4888888888888889,0.0,0.0,0.0,0.0,0.0,0.0,0.0,0.0,0.0,,,,,18473,global,0.4
1,1,lr1e-04_bs32_modL1_fusion32_fusionL1_fusionBN0_drop0p1__wd1e-04trmiss40_trlocglobal,32,0.0001,0.0001,1,32,1,False,0.1,lr1e-04_bs32_modL1_fusion32_fusionL1_fusionBN0_drop0p1__wd1e-04trmiss40_trlocglobal,4,0.6581546664237976,0.6931297183036804,0.5098814229249011,0.5613106517468652,0.5333333333333333,0.0,0.0,0.0,0.0,0.0,0.0,0.0,0.0,0.0,,,,,18473,global,0.4
1,1,lr1e-04_bs32_modL1_fusion32_fusionL1_fusionBN0_drop0p1__wd1e-04trmiss40_trlocglobal,32,0.0001,0.0001,1,32,1,False,0.1,lr1e-04_bs32_modL1_fusion32_fusionL1_fusionBN0_drop0p1__wd1e-04trmiss40_trlocglobal,5,0.6452046831448873,0.6904360055923462,0.5474308300395256,0.5920968791015486,0.5777777777777777,0.0,0.0,0.0,0.0,0.0,0.0,0.0,0.0,0.0,,,,,18473,global,0.4
1,1,lr1e-04_bs32_modL1_fusion32_fusionL1_fusionBN0_drop0p1__wd1e-04trmiss40_trlocglobal,32,0.0001,0.0001,1,32,1,False,0.1,lr1e-04_bs32_modL1_fusion32_fusionL1_fusionBN0_drop0p1__wd1e-04trmiss40_trlocglobal,6,0.637442002693812,0.6890867650508881,0.5533596837944663,0.6009283334051385,0.5777777777777777,0.0,0.0,0.0,0.0,0.0,0.0,0.0,0.0,0.0,,,,,18473,global,0.4
1,1,lr1e-04_bs32_modL1_fusion32_fusionL1_fusionBN0_drop0p1__wd1e-04trmiss40_trlocglobal,32,0.0001,0.0001,1,32,1,False,0.1,lr1e-04_bs32_modL1_fusion32_fusionL1_fusionBN0_drop0p1__wd1e-04trmiss40_trlocglobal,7,0.6323576470216116,0.6889148354530334,0.5592885375494071,0.5955548826639728,0.5333333333333333,0.0,0.0,0.0,0.0,0.0,0.0,0.0,0.0,0.0,,,,,18473,global,0.4
1,1,lr1e-04_bs32_modL1_fusion32_fusionL1_fusionBN0_drop0p1__wd1e-04trmiss40_trlocglobal,32,0.0001,0.0001,1,32,1,False,0.1,lr1e-04_bs32_modL1_fusion32_fusionL1_fusionBN0_drop0p1__wd1e-04trmiss40_trlocglobal,8,0.6224219501018524,0.6876852512359619,0.5632411067193676,0.5927568100746211,0.5333333333333333,0.0,0.0,0.0,0.0,0.0,0.0,0.0,0.0,0.0,,,,,18473,global,0.4
1,1,lr1e-04_bs32_modL1_fusion32_fusionL1_fusionBN0_drop0p1__wd1e-04trmiss40_trlocglobal,32,0.0001,0.0001,1,32,1,False,0.1,lr1e-04_bs32_modL1_fusion32_fusionL1_fusionBN0_drop0p1__wd1e-04trmiss40_trlocglobal,9,0.6131346821784973,0.6860929727554321,0.5830039525691699,0.6031532242052083,0.5333333333333333,0.0,0.0,0.0,0.0,0.0,0.0,0.0,0.0,0.0,,,,,18473,global,0.4
1,1,lr1e-04_bs32_modL1_fusion32_fusionL1_fusionBN0_drop0p1__wd1e-04trmiss40_trlocglobal,32,0.0001,0.0001,1,32,1,False,0.1,lr1e-04_bs32_modL1_fusion32_fusionL1_fusionBN0_drop0p1__wd1e-04trmiss40_trlocglobal,10,0.6046742002169291,0.6862687170505524,0.5968379446640316,0.6122419836595345,0.5333333333333333,0.0,0.0,0.0,0.0,0.0,0.0,0.0,0.0,0.0,,,,,18473,global,0.4
1,1,lr1e-04_bs32_modL1_fusion32_fusionL1_fusionBN0_drop0p1__wd1e-04trmiss40_trlocglobal,32,0.0001,0.0001,1,32,1,False,0.1,lr1e-04_bs32_modL1_fusion32_fusionL1_fusionBN0_drop0p1__wd1e-04trmiss40_trlocglobal,11,0.5993738174438477,0.6858006715774536,0.5909090909090909,0.6090626549250229,0.5555555555555556,0.0,0.0,0.0,0.0,0.0,0.0,0.0,0.0,0.0,,,,,18473,global,0.4
1,1,lr1e-04_bs32_modL1_fusion32_fusionL1_fusionBN0_drop0p1__wd1e-04trmiss40_trlocglobal,32,0.0001,0.0001,1,32,1,False,0.1,lr1e-04_bs32_modL1_fusion32_fusionL1_fusionBN0_drop0p1__wd1e-04trmiss40_trlocglobal,12,0.590525209903717,0.684891939163208,0.5869565217391304,0.600853508497502,0.6,0.0,0.0,0.0,0.0,0.0,0.0,0.0,0.0,0.0,,,,,18473,global,0.4
1,1,lr1e-04_bs32_modL1_fusion32_fusionL1_fusionBN0_drop0p1__wd1e-04trmiss40_trlocglobal,32,0.0001,0.0001,1,32,1,False,0.1,lr1e-04_bs32_modL1_fusion32_fusionL1_fusionBN0_drop0p1__wd1e-04trmiss40_trlocglobal,13,0.5868401726086935,0.6825502812862396,0.5968379446640316,0.6174537162007254,0.6222222222222222,0.0,0.0,0.0,0.0,0.0,0.0,0.0,0.0,0.0,,,,,18473,global,0.4
1,1,lr1e-04_bs32_modL1_fusion32_fusionL1_fusionBN0_drop0p1__wd1e-04trmiss40_trlocglobal,32,0.0001,0.0001,1,32,1,False,0.1,lr1e-04_bs32_modL1_fusion32_fusionL1_fusionBN0_drop0p1__wd1e-04trmiss40_trlocglobal,14,0.5777591864267985,0.6806923747062683,0.6106719367588933,0.6296225625391365,0.6222222222222222,0.0,0.0,0.0,0.0,0.0,0.0,0.0,0.0,0.0,,,,,18473,global,0.4
1,1,lr1e-04_bs32_modL1_fusion32_fusionL1_fusionBN0_drop0p1__wd1e-04trmiss40_trlocglobal,32,0.0001,0.0001,1,32,1,False,0.1,lr1e-04_bs32_modL1_fusion32_fusionL1_fusionBN0_drop0p1__wd1e-04trmiss40_trlocglobal,15,0.5694741904735565,0.6775420308113098,0.6146245059288538,0.6333753319451731,0.6444444444444445,0.0,0.0,0.0,0.0,0.0,0.0,0.0,0.0,0.0,,,,,18473,global,0.4
1,1,lr1e-04_bs32_modL1_fusion32_fusionL1_fusionBN0_drop0p1__wd1e-04trmiss40_trlocglobal,32,0.0001,0.0001,1,32,1,False,0.1,lr1e-04_bs32_modL1_fusion32_fusionL1_fusionBN0_drop0p1__wd1e-04trmiss40_trlocglobal,16,0.566861222187678,0.6758847832679749,0.6047430830039526,0.6295590182558047,0.6222222222222222,0.0,0.0,0.0,0.0,0.0,0.0,0.0,0.0,0.0,,,,,18473,global,0.4
1,1,lr1e-04_bs32_modL1_fusion32_fusionL1_fusionBN0_drop0p1__wd1e-04trmiss40_trlocglobal,32,0.0001,0.0001,1,32,1,False,0.1,lr1e-04_bs32_modL1_fusion32_fusionL1_fusionBN0_drop0p1__wd1e-04trmiss40_trlocglobal,17,0.5600293080012003,0.6733673512935638,0.6185770750988142,0.6363122210233194,0.6222222222222222,0.0,0.0,0.0,0.0,0.0,0.0,0.0,0.0,0.0,,,,,18473,global,0.4
1,1,lr1e-04_bs32_modL1_fusion32_fusionL1_fusionBN0_drop0p1__wd1e-04trmiss40_trlocglobal,32,0.0001,0.0001,1,32,1,False,0.1,lr1e-04_bs32_modL1_fusion32_fusionL1_fusionBN0_drop0p1__wd1e-04trmiss40_trlocglobal,18,0.5500796139240265,0.6728752851486206,0.6482213438735178,0.6782268505617158,0.6666666666666666,0.0,0.0,0.0,0.0,0.0,0.0,0.0,0.0,0.0,,,,,18473,global,0.4
1,1,lr1e-04_bs32_modL1_fusion32_fusionL1_fusionBN0_drop0p1__wd1e-04trmiss40_trlocglobal,32,0.0001,0.0001,1,32,1,False,0.1,lr1e-04_bs32_modL1_fusion32_fusionL1_fusionBN0_drop0p1__wd1e-04trmiss40_trlocglobal,19,0.5441588560740153,0.6706418693065643,0.650197628458498,0.682609427454113,0.6444444444444445,0.0,0.0,0.0,0.0,0.0,0.0,0.0,0.0,0.0,,,,,18473,global,0.4
1,1,lr1e-04_bs32_modL1_fusion32_fusionL1_fusionBN0_drop0p1__wd1e-04trmiss40_trlocglobal,32,0.0001,0.0001,1,32,1,False,0.1,lr1e-04_bs32_modL1_fusion32_fusionL1_fusionBN0_drop0p1__wd1e-04trmiss40_trlocglobal,20,0.533036063114802,0.6667623519897461,0.658102766798419,0.687140865464349,0.6222222222222222,0.0,0.0,0.0,0.0,0.0,0.0,0.0,0.0,0.0,,,,,18473,global,0.4
1,1,lr1e-04_bs32_modL1_fusion32_fusionL1_fusionBN0_drop0p1__wd1e-04trmiss40_trlocglobal,32,0.0001,0.0001,1,32,1,False,0.1,lr1e-04_bs32_modL1_fusion32_fusionL1_fusionBN0_drop0p1__wd1e-04trmiss40_trlocglobal,21,0.5347217619419098,0.6641009747982025,0.6620553359683795,0.6912724720348218,0.6222222222222222,0.0,0.0,0.0,0.0,0.0,0.0,0.0,0.0,0.0,,,,,18473,global,0.4
1,1,lr1e-04_bs32_modL1_fusion32_fusionL1_fusionBN0_drop0p1__wd1e-04trmiss40_trlocglobal,32,0.0001,0.0001,1,32,1,False,0.1,lr1e-04_bs32_modL1_fusion32_fusionL1_fusionBN0_drop0p1__wd1e-04trmiss40_trlocglobal,22,0.5294447640577952,0.66264608502388,0.6561264822134387,0.6753471001895709,0.6222222222222222,0.0,0.0,0.0,0.0,0.0,0.0,0.0,0.0,0.0,,,,,18473,global,0.4
1,1,lr1e-04_bs32_modL1_fusion32_fusionL1_fusionBN0_drop0p1__wd1e-04trmiss40_trlocglobal,32,0.0001,0.0001,1,32,1,False,0.1,lr1e-04_bs32_modL1_fusion32_fusionL1_fusionBN0_drop0p1__wd1e-04trmiss40_trlocglobal,23,0.5161649733781815,0.6638137400150299,0.6462450592885376,0.6640285517059566,0.6222222222222222,0.0,0.0,0.0,0.0,0.0,0.0,0.0,0.0,0.0,,,,,18473,global,0.4
1,1,lr1e-04_bs32_modL1_fusion32_fusionL1_fusionBN0_drop0p1__wd1e-04trmiss40_trlocglobal,32,0.0001,0.0001,1,32,1,False,0.1,lr1e-04_bs32_modL1_fusion32_fusionL1_fusionBN0_drop0p1__wd1e-04trmiss40_trlocglobal,24,0.5168682038784027,0.6617918610572815,0.6422924901185771,0.6666278353531024,0.6222222222222222,0.0,0.0,0.0,0.0,0.0,0.0,0.0,0.0,0.0,,,,,18473,global,0.4
1,1,lr1e-04_bs32_modL1_fusion32_fusionL1_fusionBN0_drop0p1__wd1e-04trmiss40_trlocglobal,32,0.0001,0.0001,1,32,1,False,0.1,lr1e-04_bs32_modL1_fusion32_fusionL1_fusionBN0_drop0p1__wd1e-04trmiss40_trlocglobal,25,0.5079706062873205,0.6594487130641937,0.650197628458498,0.67505159803842,0.6222222222222222,0.0,0.0,0.0,0.0,0.0,0.0,0.0,0.0,0.0,,,,,18473,global,0.4
1,1,lr1e-04_bs32_modL1_fusion32_fusionL1_fusionBN0_drop0p1__wd1e-04trmiss40_trlocglobal,32,0.0001,0.0001,1,32,1,False,0.1,lr1e-04_bs32_modL1_fusion32_fusionL1_fusionBN0_drop0p1__wd1e-04trmiss40_trlocglobal,26,0.4979095657666524,0.6600833237171173,0.6462450592885375,0.6868687695902138,0.6666666666666666,0.0,0.0,0.0,0.0,0.0,0.0,0.0,0.0,0.0,,,,,18473,global,0.4
1,1,lr1e-04_bs32_modL1_fusion32_fusionL1_fusionBN0_drop0p1__wd1e-04trmiss40_trlocglobal,32,0.0001,0.0001,1,32,1,False,0.1,lr1e-04_bs32_modL1_fusion32_fusionL1_fusionBN0_drop0p1__wd1e-04trmiss40_trlocglobal,27,0.49326008061567944,0.6565056443214417,0.6620553359683795,0.7087741448321242,0.6222222222222222,0.0,0.0,0.0,0.0,0.0,0.0,0.0,0.0,0.0,,,,,18473,global,0.4
1,1,lr1e-04_bs32_modL1_fusion32_fusionL1_fusionBN0_drop0p1__wd1e-04trmiss40_trlocglobal,32,0.0001,0.0001,1,32,1,False,0.1,lr1e-04_bs32_modL1_fusion32_fusionL1_fusionBN0_drop0p1__wd1e-04trmiss40_trlocglobal,28,0.4832637310028076,0.6537722647190094,0.6719367588932806,0.7188107898529909,0.6222222222222222,0.0,0.0,0.0,0.0,0.0,0.0,0.0,0.0,0.0,,,,,18473,global,0.4
1,1,lr1e-04_bs32_modL1_fusion32_fusionL1_fusionBN0_drop0p1__wd1e-04trmiss40_trlocglobal,32,0.0001,0.0001,1,32,1,False,0.1,lr1e-04_bs32_modL1_fusion32_fusionL1_fusionBN0_drop0p1__wd1e-04trmiss40_trlocglobal,29,0.4792871872584025,0.6549742221832275,0.6778656126482213,0.7274541260713908,0.6222222222222222,0.0,0.0,0.0,0.0,0.0,0.0,0.0,0.0,0.0,,,,,18473,global,0.4
1,1,lr1e-04_bs32_modL1_fusion32_fusionL1_fusionBN0_drop0p1__wd1e-04trmiss40_trlocglobal,32,0.0001,0.0001,1,32,1,False,0.1,lr1e-04_bs32_modL1_fusion32_fusionL1_fusionBN0_drop0p1__wd1e-04trmiss40_trlocglobal,30,0.47306208809216815,0.6545067429542542,0.6719367588932806,0.7155480515972078,0.6222222222222222,0.0,0.0,0.0,0.0,0.0,0.0,0.0,0.0,0.0,,,,,18473,global,0.4
1,1,lr1e-04_bs32_modL1_fusion32_fusionL1_fusionBN0_drop0p1__wd1e-04trmiss40_trlocglobal,32,0.0001,0.0001,1,32,1,False,0.1,lr1e-04_bs32_modL1_fusion32_fusionL1_fusionBN0_drop0p1__wd1e-04trmiss40_trlocglobal,31,0.46781976024309796,0.6545206010341644,0.6719367588932806,0.7115861080245464,0.6,0.0,0.0,0.0,0.0,0.0,0.0,0.0,0.0,0.0,,,,,18473,global,0.4
1,1,lr1e-04_bs32_modL1_fusion32_fusionL1_fusionBN0_drop0p1__wd1e-04trmiss40_trlocglobal,32,0.0001,0.0001,1,32,1,False,0.1,lr1e-04_bs32_modL1_fusion32_fusionL1_fusionBN0_drop0p1__wd1e-04trmiss40_trlocglobal,32,0.4626520425081253,0.6543673276901245,0.6679841897233202,0.7102107412671966,0.6,0.0,0.0,0.0,0.0,0.0,0.0,0.0,0.0,0.0,,,,,18473,global,0.4
1,1,lr1e-04_bs32_modL1_fusion32_fusionL1_fusionBN0_drop0p1__wd1e-04trmiss40_trlocglobal,32,0.0001,0.0001,1,32,1,False,0.1,lr1e-04_bs32_modL1_fusion32_fusionL1_fusionBN0_drop0p1__wd1e-04trmiss40_trlocglobal,33,0.44866088032722473,0.6515701413154602,0.6679841897233202,0.7165840452405977,0.6222222222222222,0.0,0.0,0.0,0.0,0.0,0.0,0.0,0.0,0.0,,,,,18473,global,0.4
1,1,lr1e-04_bs32_modL1_fusion32_fusionL1_fusionBN0_drop0p1__wd1e-04trmiss40_trlocglobal,32,0.0001,0.0001,1,32,1,False,0.1,lr1e-04_bs32_modL1_fusion32_fusionL1_fusionBN0_drop0p1__wd1e-04trmiss40_trlocglobal,34,0.44951165219148,0.6475673019886017,0.6758893280632411,0.7120048846940135,0.6888888888888889,0.0,0.0,0.0,0.0,0.0,0.0,0.0,0.0,0.0,,,,,18473,global,0.4
1,1,lr1e-04_bs32_modL1_fusion32_fusionL1_fusionBN0_drop0p1__wd1e-04trmiss40_trlocglobal,32,0.0001,0.0001,1,32,1,False,0.1,lr1e-04_bs32_modL1_fusion32_fusionL1_fusionBN0_drop0p1__wd1e-04trmiss40_trlocglobal,35,0.44681764642397565,0.6463960409164429,0.6758893280632411,0.7071247433404765,0.6444444444444445,0.0,0.0,0.0,0.0,0.0,0.0,0.0,0.0,0.0,,,,,18473,global,0.4
1,1,lr1e-04_bs32_modL1_fusion32_fusionL1_fusionBN0_drop0p1__wd1e-04trmiss40_trlocglobal,32,0.0001,0.0001,1,32,1,False,0.1,lr1e-04_bs32_modL1_fusion32_fusionL1_fusionBN0_drop0p1__wd1e-04trmiss40_trlocglobal,36,0.43400457004706067,0.6478541791439056,0.6719367588932806,0.7089750326255913,0.6888888888888889,0.0,0.0,0.0,0.0,0.0,0.0,0.0,0.0,0.0,,,,,18473,global,0.4
1,1,lr1e-04_bs32_modL1_fusion32_fusionL1_fusionBN0_drop0p1__wd1e-04trmiss40_trlocglobal,32,0.0001,0.0001,1,32,1,False,0.1,lr1e-04_bs32_modL1_fusion32_fusionL1_fusionBN0_drop0p1__wd1e-04trmiss40_trlocglobal,37,0.4295128732919693,0.6483307480812073,0.66600790513834,0.7104264262405231,0.6666666666666666,0.0,0.0,0.0,0.0,0.0,0.0,0.0,0.0,0.0,,,,,18473,global,0.4
1,1,lr1e-04_bs32_modL1_fusion32_fusionL1_fusionBN0_drop0p1__wd1e-04trmiss40_trlocglobal,32,0.0001,0.0001,1,32,1,False,0.1,lr1e-04_bs32_modL1_fusion32_fusionL1_fusionBN0_drop0p1__wd1e-04trmiss40_trlocglobal,38,0.43061139682928723,0.6441358327865601,0.6758893280632411,0.7168610633810395,0.6666666666666666,0.0,0.0,0.0,0.0,0.0,0.0,0.0,0.0,0.0,,,,,18473,global,0.4
1,1,lr1e-04_bs32_modL1_fusion32_fusionL1_fusionBN0_drop0p1__wd1e-04trmiss40_trlocglobal,32,0.0001,0.0001,1,32,1,False,0.1,lr1e-04_bs32_modL1_fusion32_fusionL1_fusionBN0_drop0p1__wd1e-04trmiss40_trlocglobal,39,0.4239875078201294,0.6454264521598816,0.6719367588932806,0.7112111044582157,0.6222222222222222,0.0,0.0,0.0,0.0,0.0,0.0,0.0,0.0,0.0,,,,,18473,global,0.4
1,1,lr1e-04_bs32_modL1_fusion32_fusionL1_fusionBN0_drop0p1__wd1e-04trmiss40_trlocglobal,32,0.0001,0.0001,1,32,1,False,0.1,lr1e-04_bs32_modL1_fusion32_fusionL1_fusionBN0_drop0p1__wd1e-04trmiss40_trlocglobal,40,0.4174993832906087,0.6441001892089844,0.6719367588932806,0.7129835250891299,0.6222222222222222,0.0,0.0,0.0,0.0,0.0,0.0,0.0,0.0,0.0,,,,,18473,global,0.4
1,1,lr1e-04_bs32_modL1_fusion32_fusionL1_fusionBN0_drop0p1__wd1e-04trmiss40_trlocglobal,32,0.0001,0.0001,1,32,1,False,0.1,lr1e-04_bs32_modL1_fusion32_fusionL1_fusionBN0_drop0p1__wd1e-04trmiss40_trlocglobal,41,0.409554123878479,0.6449346244335175,0.6758893280632411,0.7287998932616577,0.6222222222222222,0.0,0.0,0.0,0.0,0.0,0.0,0.0,0.0,0.0,,,,,18473,global,0.4
1,1,lr1e-04_bs32_modL1_fusion32_fusionL1_fusionBN0_drop0p1__wd1e-04trmiss40_trlocglobal,32,0.0001,0.0001,1,32,1,False,0.1,lr1e-04_bs32_modL1_fusion32_fusionL1_fusionBN0_drop0p1__wd1e-04trmiss40_trlocglobal,42,0.4099526007970174,0.644146203994751,0.6699604743083004,0.710206601049254,0.6222222222222222,0.0,0.0,0.0,0.0,0.0,0.0,0.0,0.0,0.0,,,,,18473,global,0.4
1,1,lr1e-04_bs32_modL1_fusion32_fusionL1_fusionBN0_drop0p1__wd1e-04trmiss40_trlocglobal,32,0.0001,0.0001,1,32,1,False,0.1,lr1e-04_bs32_modL1_fusion32_fusionL1_fusionBN0_drop0p1__wd1e-04trmiss40_trlocglobal,43,0.4026082754135132,0.6412459313869476,0.6798418972332015,0.716287222619006,0.6222222222222222,0.0,0.0,0.0,0.0,0.0,0.0,0.0,0.0,0.0,,,,,18473,global,0.4
1,1,lr1e-04_bs32_modL1_fusion32_fusionL1_fusionBN0_drop0p1__wd1e-04trmiss40_trlocglobal,32,0.0001,0.0001,1,32,1,False,0.1,lr1e-04_bs32_modL1_fusion32_fusionL1_fusionBN0_drop0p1__wd1e-04trmiss40_trlocglobal,44,0.39952879150708515,0.6408725678920746,0.6719367588932806,0.7153662301742337,0.6444444444444445,0.0,0.0,0.0,0.0,0.0,0.0,0.0,0.0,0.0,,,,,18473,global,0.4
1,1,lr1e-04_bs32_modL1_fusion32_fusionL1_fusionBN0_drop0p1__wd1e-04trmiss40_trlocglobal,32,0.0001,0.0001,1,32,1,False,0.1,lr1e-04_bs32_modL1_fusion32_fusionL1_fusionBN0_drop0p1__wd1e-04trmiss40_trlocglobal,45,0.3969750801722209,0.6390979886054993,0.6699604743083004,0.7088375783023325,0.6444444444444445,0.0,0.0,0.0,0.0,0.0,0.0,0.0,0.0,0.0,,,,,18473,global,0.4
1,1,lr1e-04_bs32_modL1_fusion32_fusionL1_fusionBN0_drop0p1__wd1e-04trmiss40_trlocglobal,32,0.0001,0.0001,1,32,1,False,0.1,lr1e-04_bs32_modL1_fusion32_fusionL1_fusionBN0_drop0p1__wd1e-04trmiss40_trlocglobal,46,0.4012776662906011,0.6365188360214233,0.6778656126482213,0.7169397175690837,0.6444444444444445,0.0,0.0,0.0,0.0,0.0,0.0,0.0,0.0,0.0,,,,,18473,global,0.4
1,1,lr1e-04_bs32_modL1_fusion32_fusionL1_fusionBN0_drop0p1__wd1e-04trmiss40_trlocglobal,32,0.0001,0.0001,1,32,1,False,0.1,lr1e-04_bs32_modL1_fusion32_fusionL1_fusionBN0_drop0p1__wd1e-04trmiss40_trlocglobal,47,0.38824544350306195,0.6353622376918793,0.6758893280632411,0.7156332202452061,0.6666666666666666,0.0,0.0,0.0,0.0,0.0,0.0,0.0,0.0,0.0,,,,,18473,global,0.4
1,1,lr1e-04_bs32_modL1_fusion32_fusionL1_fusionBN0_drop0p1__wd1e-04trmiss40_trlocglobal,32,0.0001,0.0001,1,32,1,False,0.1,lr1e-04_bs32_modL1_fusion32_fusionL1_fusionBN0_drop0p1__wd1e-04trmiss40_trlocglobal,48,0.38021333515644073,0.635351836681366,0.6719367588932806,0.707193567780096,0.6666666666666666,0.0,0.0,0.0,0.0,0.0,0.0,0.0,0.0,0.0,,,,,18473,global,0.4
1,1,lr1e-04_bs32_modL1_fusion32_fusionL1_fusionBN0_drop0p1__wd1e-04trmiss40_trlocglobal,32,0.0001,0.0001,1,32,1,False,0.1,lr1e-04_bs32_modL1_fusion32_fusionL1_fusionBN0_drop0p1__wd1e-04trmiss40_trlocglobal,49,0.3804422815640767,0.6342891752719879,0.6739130434782609,0.698818224622144,0.6444444444444445,0.0,0.0,0.0,0.0,0.0,0.0,0.0,0.0,0.0,,,,,18473,global,0.4
1,1,lr1e-04_bs32_modL1_fusion32_fusionL1_fusionBN0_drop0p1__wd1e-04trmiss40_trlocglobal,32,0.0001,0.0001,1,32,1,False,0.1,lr1e-04_bs32_modL1_fusion32_fusionL1_fusionBN0_drop0p1__wd1e-04trmiss40_trlocglobal,50,0.37548023959000904,0.6326816976070404,0.6857707509881422,0.713564244123548,0.6444444444444445,0.0,0.0,0.0,0.0,0.0,0.0,0.0,0.0,0.0,,,,,18473,global,0.4
1,1,lr1e-04_bs32_modL1_fusion32_fusionL1_fusionBN0_drop0p1__wd1e-04trmiss40_trlocglobal,32,0.0001,0.0001,1,32,1,False,0.1,lr1e-04_bs32_modL1_fusion32_fusionL1_fusionBN0_drop0p1__wd1e-04trmiss40_trlocglobal,51,0.37995150685310364,0.6332368552684784,0.683794466403162,0.7229880565687752,0.6666666666666666,0.0,0.0,0.0,0.0,0.0,0.0,0.0,0.0,0.0,,,,,18473,global,0.4
1,1,lr1e-04_bs32_modL1_fusion32_fusionL1_fusionBN0_drop0p1__wd1e-04trmiss40_trlocglobal,32,0.0001,0.0001,1,32,1,False,0.1,lr1e-04_bs32_modL1_fusion32_fusionL1_fusionBN0_drop0p1__wd1e-04trmiss40_trlocglobal,52,0.36626944442590076,0.6358683407306671,0.6758893280632411,0.7142256646713422,0.6444444444444445,0.0,0.0,0.0,0.0,0.0,0.0,0.0,0.0,0.0,,,,,18473,global,0.4
1,1,lr1e-04_bs32_modL1_fusion32_fusionL1_fusionBN0_drop0p1__wd1e-04trmiss40_trlocglobal,32,0.0001,0.0001,1,32,1,False,0.1,lr1e-04_bs32_modL1_fusion32_fusionL1_fusionBN0_drop0p1__wd1e-04trmiss40_trlocglobal,53,0.37961714963118237,0.63548344373703,0.6818181818181818,0.7148062630558346,0.6222222222222222,0.0,0.0,0.0,0.0,0.0,0.0,0.0,0.0,0.0,,,,,18473,global,0.4
1,1,lr1e-04_bs32_modL1_fusion32_fusionL1_fusionBN0_drop0p1__wd1e-04trmiss40_trlocglobal,32,0.0001,0.0001,1,32,1,False,0.1,lr1e-04_bs32_modL1_fusion32_fusionL1_fusionBN0_drop0p1__wd1e-04trmiss40_trlocglobal,54,0.37038933237393695,0.6346085071563721,0.6857707509881423,0.7283393887878585,0.6444444444444445,0.0,0.0,0.0,0.0,0.0,0.0,0.0,0.0,0.0,,,,,18473,global,0.4
1,1,lr1e-04_bs32_modL1_fusion32_fusionL1_fusionBN0_drop0p1__wd1e-04trmiss40_trlocglobal,32,0.0001,0.0001,1,32,1,False,0.1,lr1e-04_bs32_modL1_fusion32_fusionL1_fusionBN0_drop0p1__wd1e-04trmiss40_trlocglobal,55,0.36044585208098096,0.6329531073570251,0.6916996047430829,0.7213117742949178,0.6666666666666666,0.0,0.0,0.0,0.0,0.0,0.0,0.0,0.0,0.0,,,,,18473,global,0.4
1,1,lr1e-04_bs32_modL1_fusion32_fusionL1_fusionBN0_drop0p1__wd1e-04trmiss40_trlocglobal,32,0.0001,0.0001,1,32,1,False,0.1,lr1e-04_bs32_modL1_fusion32_fusionL1_fusionBN0_drop0p1__wd1e-04trmiss40_trlocglobal,56,0.3650391747554143,0.6323788464069366,0.691699604743083,0.7241282104873131,0.6666666666666666,0.0,0.0,0.0,0.0,0.0,0.0,0.0,0.0,0.0,,,,,18473,global,0.4
1,1,lr1e-04_bs32_modL1_fusion32_fusionL1_fusionBN0_drop0p1__wd1e-04trmiss40_trlocglobal,32,0.0001,0.0001,1,32,1,False,0.1,lr1e-04_bs32_modL1_fusion32_fusionL1_fusionBN0_drop0p1__wd1e-04trmiss40_trlocglobal,57,0.3568829496701558,0.6313217282295227,0.691699604743083,0.7246969456952875,0.6666666666666666,0.0,0.0,0.0,0.0,0.0,0.0,0.0,0.0,0.0,,,,,18473,global,0.4
1,1,lr1e-04_bs32_modL1_fusion32_fusionL1_fusionBN0_drop0p1__wd1e-04trmiss40_trlocglobal,32,0.0001,0.0001,1,32,1,False,0.1,lr1e-04_bs32_modL1_fusion32_fusionL1_fusionBN0_drop0p1__wd1e-04trmiss40_trlocglobal,58,0.35945407549540204,0.6317590475082397,0.6916996047430831,0.7222252182369674,0.6666666666666666,0.0,0.0,0.0,0.0,0.0,0.0,0.0,0.0,0.0,,,,,18473,global,0.4
1,1,lr1e-04_bs32_modL1_fusion32_fusionL1_fusionBN0_drop0p1__wd1e-04trmiss40_trlocglobal,32,0.0001,0.0001,1,32,1,False,0.1,lr1e-04_bs32_modL1_fusion32_fusionL1_fusionBN0_drop0p1__wd1e-04trmiss40_trlocglobal,59,0.358068123459816,0.6334358155727386,0.683794466403162,0.7178261983141875,0.6666666666666666,0.0,0.0,0.0,0.0,0.0,0.0,0.0,0.0,0.0,,,,,18473,global,0.4
1,1,lr1e-04_bs32_modL1_fusion32_fusionL1_fusionBN0_drop0p1__wd1e-04trmiss40_trlocglobal,32,0.0001,0.0001,1,32,1,False,0.1,lr1e-04_bs32_modL1_fusion32_fusionL1_fusionBN0_drop0p1__wd1e-04trmiss40_trlocglobal,60,0.35328616201877594,0.6345339119434357,0.6778656126482214,0.7128350621541375,0.6666666666666666,0.0,0.0,0.0,0.0,0.0,0.0,0.0,0.0,0.0,,,,,18473,global,0.4
1,1,lr1e-04_bs32_modL1_fusion32_fusionL1_fusionBN0_drop0p1__wd1e-04trmiss40_trlocglobal,32,0.0001,0.0001,1,32,1,False,0.1,lr1e-04_bs32_modL1_fusion32_fusionL1_fusionBN0_drop0p1__wd1e-04trmiss40_trlocglobal,61,0.360492467880249,0.6334309279918671,0.6837944664031621,0.7149915165587563,0.6444444444444445,0.0,0.0,0.0,0.0,0.0,0.0,0.0,0.0,0.0,,,,,18473,global,0.4
1,1,lr1e-04_bs32_modL1_fusion32_fusionL1_fusionBN0_drop0p1__wd1e-04trmiss40_trlocglobal,32,0.0001,0.0001,1,32,1,False,0.1,lr1e-04_bs32_modL1_fusion32_fusionL1_fusionBN0_drop0p1__wd1e-04trmiss40_trlocglobal,62,0.3602539449930191,0.633265346288681,0.6897233201581027,0.7247952436795363,0.6666666666666666,0.0,0.0,0.0,0.0,0.0,0.0,0.0,0.0,0.0,,,,,18473,global,0.4
1,1,lr1e-04_bs32_modL1_fusion32_fusionL1_fusionBN0_drop0p1__wd1e-04trmiss40_trlocglobal,32,0.0001,0.0001,1,32,1,False,0.1,lr1e-04_bs32_modL1_fusion32_fusionL1_fusionBN0_drop0p1__wd1e-04trmiss40_trlocglobal,63,0.3527148018280665,0.6317235827445984,0.6897233201581027,0.7224781455157928,0.6666666666666666,0.0,0.0,0.0,0.0,0.0,0.0,0.0,0.0,0.0,,,,,18473,global,0.4
1,1,lr1e-04_bs32_modL1_fusion32_fusionL1_fusionBN0_drop0p1__wd1e-04trmiss40_trlocglobal,32,0.0001,0.0001,1,32,1,False,0.1,lr1e-04_bs32_modL1_fusion32_fusionL1_fusionBN0_drop0p1__wd1e-04trmiss40_trlocglobal,64,0.35433511435985565,0.6313830614089966,0.6857707509881422,0.7201410414555215,0.6444444444444445,0.0,0.0,0.0,0.0,0.0,0.0,0.0,0.0,0.0,,,,,18473,global,0.4
1,1,lr1e-04_bs32_modL1_fusion32_fusionL1_fusionBN0_drop0p1__wd1e-04trmiss40_trlocglobal,32,0.0001,0.0001,1,32,1,False,0.1,lr1e-04_bs32_modL1_fusion32_fusionL1_fusionBN0_drop0p1__wd1e-04trmiss40_trlocglobal,65,0.3523612866799037,0.6308072805404663,0.6877470355731226,0.720877304340122,0.6444444444444445,0.0,0.0,0.0,0.0,0.0,0.0,0.0,0.0,0.0,,,,,18473,global,0.4
1,1,lr1e-04_bs32_modL1_fusion32_fusionL1_fusionBN0_drop0p1__wd1e-04trmiss40_trlocglobal,32,0.0001,0.0001,1,32,1,False,0.1,lr1e-04_bs32_modL1_fusion32_fusionL1_fusionBN0_drop0p1__wd1e-04trmiss40_trlocglobal,66,0.35179581741491955,0.6294339001178741,0.6857707509881422,0.7167985920710286,0.6666666666666666,0.0,0.0,0.0,0.0,0.0,0.0,0.0,0.0,0.0,,,,,18473,global,0.4
1,1,lr1e-04_bs32_modL1_fusion32_fusionL1_fusionBN0_drop0p1__wd1e-04trmiss40_trlocglobal,32,0.0001,0.0001,1,32,1,False,0.1,lr1e-04_bs32_modL1_fusion32_fusionL1_fusionBN0_drop0p1__wd1e-04trmiss40_trlocglobal,67,0.3546218623717626,0.6292486190795898,0.6897233201581028,0.7208745413265619,0.6666666666666666,0.0,0.0,0.0,0.0,0.0,0.0,0.0,0.0,0.0,,,,,18473,global,0.4
1,1,lr1e-04_bs32_modL1_fusion32_fusionL1_fusionBN0_drop0p1__wd1e-04trmiss40_trlocglobal,32,0.0001,0.0001,1,32,1,False,0.1,lr1e-04_bs32_modL1_fusion32_fusionL1_fusionBN0_drop0p1__wd1e-04trmiss40_trlocglobal,68,0.34946487843990326,0.6293410956859589,0.6897233201581028,0.7231547370523373,0.6666666666666666,0.0,0.0,0.0,0.0,0.0,0.0,0.0,0.0,0.0,,,,,18473,global,0.4
1,1,lr1e-04_bs32_modL1_fusion32_fusionL1_fusionBN0_drop0p1__wd1e-04trmiss40_trlocglobal,32,0.0001,0.0001,1,32,1,False,0.1,lr1e-04_bs32_modL1_fusion32_fusionL1_fusionBN0_drop0p1__wd1e-04trmiss40_trlocglobal,69,0.3449117640654246,0.6303823888301849,0.6877470355731224,0.7223335977064974,0.6666666666666666,0.0,0.0,0.0,0.0,0.0,0.0,0.0,0.0,0.0,,,,,18473,global,0.4
1,1,lr1e-04_bs32_modL1_fusion32_fusionL1_fusionBN0_drop0p1__wd1e-04trmiss40_trlocglobal,32,0.0001,0.0001,1,32,1,False,0.1,lr1e-04_bs32_modL1_fusion32_fusionL1_fusionBN0_drop0p1__wd1e-04trmiss40_trlocglobal,70,0.35546313722928363,0.6285406351089478,0.6897233201581028,0.721221066487509,0.6666666666666666,0.0,0.0,0.0,0.0,0.0,0.0,0.0,0.0,0.0,,,,,18473,global,0.4
1,1,lr1e-04_bs32_modL1_fusion32_fusionL1_fusionBN0_drop0p1__wd1e-04trmiss40_trlocglobal,32,0.0001,0.0001,1,32,1,False,0.1,lr1e-04_bs32_modL1_fusion32_fusionL1_fusionBN0_drop0p1__wd1e-04trmiss40_trlocglobal,71,0.35321637491385144,0.6278702318668365,0.6936758893280632,0.7204870052013709,0.6666666666666666,0.0,0.0,0.0,0.0,0.0,0.0,0.0,0.0,0.0,,,,,18473,global,0.4
1,1,lr1e-04_bs32_modL1_fusion32_fusionL1_fusionBN0_drop0p1__wd1e-04trmiss40_trlocglobal,32,0.0001,0.0001,1,32,1,False,0.1,lr1e-04_bs32_modL1_fusion32_fusionL1_fusionBN0_drop0p1__wd1e-04trmiss40_trlocglobal,72,0.3575923293828964,0.6288751363754272,0.6877470355731224,0.7145219841468359,0.6666666666666666,0.0,0.0,0.0,0.0,0.0,0.0,0.0,0.0,0.0,,,,,18473,global,0.4
1,1,lr1e-04_bs32_modL1_fusion32_fusionL1_fusionBN0_drop0p1__wd1e-04trmiss40_trlocglobal,32,0.0001,0.0001,1,32,1,False,0.1,lr1e-04_bs32_modL1_fusion32_fusionL1_fusionBN0_drop0p1__wd1e-04trmiss40_trlocglobal,73,0.34460922082265216,0.6280218660831451,0.6936758893280632,0.7235997918179938,0.6666666666666666,0.0,0.0,0.0,0.0,0.0,0.0,0.0,0.0,0.0,,,,,18473,global,0.4
1,1,lr1e-04_bs32_modL1_fusion32_fusionL1_fusionBN0_drop0p1__wd1e-04trmiss40_trlocglobal,32,0.0001,0.0001,1,32,1,False,0.1,lr1e-04_bs32_modL1_fusion32_fusionL1_fusionBN0_drop0p1__wd1e-04trmiss40_trlocglobal,74,0.3414395252863566,0.6285901367664337,0.6857707509881423,0.7207874269462494,0.6666666666666666,0.0,0.0,0.0,0.0,0.0,0.0,0.0,0.0,0.0,,,,,18473,global,0.4
1,1,lr1e-04_bs32_modL1_fusion32_fusionL1_fusionBN0_drop0p1__wd1e-04trmiss40_trlocglobal,32,0.0001,0.0001,1,32,1,False,0.1,lr1e-04_bs32_modL1_fusion32_fusionL1_fusionBN0_drop0p1__wd1e-04trmiss40_trlocglobal,75,0.34229640165964764,0.6277446448802948,0.6897233201581028,0.7223401818627317,0.6666666666666666,0.0,0.0,0.0,0.0,0.0,0.0,0.0,0.0,0.0,,,,,18473,global,0.4
1,1,lr1e-04_bs32_modL1_fusion32_fusionL1_fusionBN0_drop0p1__wd1e-04trmiss40_trlocglobal,32,0.0001,0.0001,1,32,1,False,0.1,lr1e-04_bs32_modL1_fusion32_fusionL1_fusionBN0_drop0p1__wd1e-04trmiss40_trlocglobal,76,0.351194570461909,0.6285910606384277,0.6916996047430831,0.7208448481360962,0.6444444444444445,0.0,0.0,0.0,0.0,0.0,0.0,0.0,0.0,0.0,,,,,18473,global,0.4
1,1,lr1e-04_bs32_modL1_fusion32_fusionL1_fusionBN0_drop0p1__wd1e-04trmiss40_trlocglobal,32,0.0001,0.0001,1,32,1,False,0.1,lr1e-04_bs32_modL1_fusion32_fusionL1_fusionBN0_drop0p1__wd1e-04trmiss40_trlocglobal,77,0.35270989934603375,0.629280149936676,0.691699604743083,0.7238455534448297,0.6666666666666666,0.0,0.0,0.0,0.0,0.0,0.0,0.0,0.0,0.0,,,,,18473,global,0.4
1,1,lr1e-04_bs32_modL1_fusion32_fusionL1_fusionBN0_drop0p1__wd1e-04trmiss40_trlocglobal,32,0.0001,0.0001,1,32,1,False,0.1,lr1e-04_bs32_modL1_fusion32_fusionL1_fusionBN0_drop0p1__wd1e-04trmiss40_trlocglobal,78,0.34393887718518573,0.630320131778717,0.6877470355731226,0.7191176300468295,0.6666666666666666,0.0,0.0,0.0,0.0,0.0,0.0,0.0,0.0,0.0,,,,,18473,global,0.4
1,1,lr1e-04_bs32_modL1_fusion32_fusionL1_fusionBN0_drop0p1__wd1e-04trmiss40_trlocglobal,32,0.0001,0.0001,1,32,1,False,0.1,lr1e-04_bs32_modL1_fusion32_fusionL1_fusionBN0_drop0p1__wd1e-04trmiss40_trlocglobal,79,0.3433275620142619,0.6296398043632507,0.6877470355731224,0.7199834309126304,0.6666666666666666,0.0,0.0,0.0,0.0,0.0,0.0,0.0,0.0,0.0,,,,,18473,global,0.4
1,1,lr1e-04_bs32_modL1_fusion32_fusionL1_fusionBN0_drop0p1__wd1e-04trmiss40_trlocglobal,32,0.0001,0.0001,1,32,1,False,0.1,lr1e-04_bs32_modL1_fusion32_fusionL1_fusionBN0_drop0p1__wd1e-04trmiss40_trlocglobal,80,0.3490125934282939,0.629690408706665,0.6857707509881423,0.7164663856686865,0.6666666666666666,0.0,0.0,0.0,0.0,0.0,0.0,0.0,0.0,0.0,,,,,18473,global,0.4
1,1,lr5e-05_bs32_modL1_fusion16_fusionL1_fusionBN0_drop0p2__wd1e-04trmiss40_trlocglobal,32,5e-05,0.0001,1,16,1,False,0.2,lr5e-05_bs32_modL1_fusion16_fusionL1_fusionBN0_drop0p2__wd1e-04trmiss40_trlocglobal,1,0.7052092750867208,0.6906232237815857,0.5375494071146245,0.5947664786818341,0.5333333333333333,0.0,0.0,0.0,0.0,0.0,0.0,0.0,0.0,0.0,,,,,18473,global,0.4
1,1,lr5e-05_bs32_modL1_fusion16_fusionL1_fusionBN0_drop0p2__wd1e-04trmiss40_trlocglobal,32,5e-05,0.0001,1,16,1,False,0.2,lr5e-05_bs32_modL1_fusion16_fusionL1_fusionBN0_drop0p2__wd1e-04trmiss40_trlocglobal,2,0.6797880530357361,0.6859806180000305,0.5671936758893281,0.6044501552914836,0.5333333333333333,0.0,0.0,0.0,0.0,0.0,0.0,0.0,0.0,0.0,,,,,18473,global,0.4
1,1,lr5e-05_bs32_modL1_fusion16_fusionL1_fusionBN0_drop0p2__wd1e-04trmiss40_trlocglobal,32,5e-05,0.0001,1,16,1,False,0.2,lr5e-05_bs32_modL1_fusion16_fusionL1_fusionBN0_drop0p2__wd1e-04trmiss40_trlocglobal,3,0.6754476726055145,0.6835646331310272,0.5830039525691699,0.6084517274275097,0.4666666666666667,0.0,0.0,0.0,0.0,0.0,0.0,0.0,0.0,0.0,,,,,18473,global,0.4
1,1,lr5e-05_bs32_modL1_fusion16_fusionL1_fusionBN0_drop0p2__wd1e-04trmiss40_trlocglobal,32,5e-05,0.0001,1,16,1,False,0.2,lr5e-05_bs32_modL1_fusion16_fusionL1_fusionBN0_drop0p2__wd1e-04trmiss40_trlocglobal,4,0.6651353736718496,0.6808620691299438,0.5869565217391304,0.5899236261504444,0.5333333333333333,0.0,0.0,0.0,0.0,0.0,0.0,0.0,0.0,0.0,,,,,18473,global,0.4
1,1,lr5e-05_bs32_modL1_fusion16_fusionL1_fusionBN0_drop0p2__wd1e-04trmiss40_trlocglobal,32,5e-05,0.0001,1,16,1,False,0.2,lr5e-05_bs32_modL1_fusion16_fusionL1_fusionBN0_drop0p2__wd1e-04trmiss40_trlocglobal,5,0.6650399267673492,0.6766643822193146,0.6007905138339921,0.6005851690690204,0.6,0.0,0.0,0.0,0.0,0.0,0.0,0.0,0.0,0.0,,,,,18473,global,0.4
1,1,lr5e-05_bs32_modL1_fusion16_fusionL1_fusionBN0_drop0p2__wd1e-04trmiss40_trlocglobal,32,5e-05,0.0001,1,16,1,False,0.2,lr5e-05_bs32_modL1_fusion16_fusionL1_fusionBN0_drop0p2__wd1e-04trmiss40_trlocglobal,6,0.6488599876562754,0.673364669084549,0.6304347826086956,0.6329303907996692,0.6,0.0,0.0,0.0,0.0,0.0,0.0,0.0,0.0,0.0,,,,,18473,global,0.4
1,1,lr5e-05_bs32_modL1_fusion16_fusionL1_fusionBN0_drop0p2__wd1e-04trmiss40_trlocglobal,32,5e-05,0.0001,1,16,1,False,0.2,lr5e-05_bs32_modL1_fusion16_fusionL1_fusionBN0_drop0p2__wd1e-04trmiss40_trlocglobal,7,0.6408311327298483,0.6724218726158142,0.6304347826086956,0.6401749357038435,0.6222222222222222,0.0,0.0,0.0,0.0,0.0,0.0,0.0,0.0,0.0,,,,,18473,global,0.4
1,1,lr5e-05_bs32_modL1_fusion16_fusionL1_fusionBN0_drop0p2__wd1e-04trmiss40_trlocglobal,32,5e-05,0.0001,1,16,1,False,0.2,lr5e-05_bs32_modL1_fusion16_fusionL1_fusionBN0_drop0p2__wd1e-04trmiss40_trlocglobal,8,0.6515935560067495,0.6727985441684723,0.6245059288537549,0.6333689195419394,0.6222222222222222,0.0,0.0,0.0,0.0,0.0,0.0,0.0,0.0,0.0,,,,,18473,global,0.4
1,1,lr5e-05_bs32_modL1_fusion16_fusionL1_fusionBN0_drop0p2__wd1e-04trmiss40_trlocglobal,32,5e-05,0.0001,1,16,1,False,0.2,lr5e-05_bs32_modL1_fusion16_fusionL1_fusionBN0_drop0p2__wd1e-04trmiss40_trlocglobal,9,0.63616082072258,0.671419233083725,0.6304347826086957,0.6483621424315819,0.6,0.0,0.0,0.0,0.0,0.0,0.0,0.0,0.0,0.0,,,,,18473,global,0.4
1,1,lr5e-05_bs32_modL1_fusion16_fusionL1_fusionBN0_drop0p2__wd1e-04trmiss40_trlocglobal,32,5e-05,0.0001,1,16,1,False,0.2,lr5e-05_bs32_modL1_fusion16_fusionL1_fusionBN0_drop0p2__wd1e-04trmiss40_trlocglobal,10,0.6409990390141805,0.6716784536838531,0.6185770750988142,0.6395384160289211,0.6222222222222222,0.0,0.0,0.0,0.0,0.0,0.0,0.0,0.0,0.0,,,,,18473,global,0.4
1,1,lr5e-05_bs32_modL1_fusion16_fusionL1_fusionBN0_drop0p2__wd1e-04trmiss40_trlocglobal,32,5e-05,0.0001,1,16,1,False,0.2,lr5e-05_bs32_modL1_fusion16_fusionL1_fusionBN0_drop0p2__wd1e-04trmiss40_trlocglobal,11,0.632115513086319,0.6724977791309357,0.6245059288537549,0.6451712797247364,0.6,0.0,0.0,0.0,0.0,0.0,0.0,0.0,0.0,0.0,,,,,18473,global,0.4
1,1,lr5e-05_bs32_modL1_fusion16_fusionL1_fusionBN0_drop0p2__wd1e-04trmiss40_trlocglobal,32,5e-05,0.0001,1,16,1,False,0.2,lr5e-05_bs32_modL1_fusion16_fusionL1_fusionBN0_drop0p2__wd1e-04trmiss40_trlocglobal,12,0.6198374728361765,0.6723181903362274,0.6284584980237153,0.6564309605429491,0.6,0.0,0.0,0.0,0.0,0.0,0.0,0.0,0.0,0.0,,,,,18473,global,0.4
1,1,lr5e-05_bs32_modL1_fusion16_fusionL1_fusionBN0_drop0p2__wd1e-04trmiss40_trlocglobal,32,5e-05,0.0001,1,16,1,False,0.2,lr5e-05_bs32_modL1_fusion16_fusionL1_fusionBN0_drop0p2__wd1e-04trmiss40_trlocglobal,13,0.6122657756010691,0.675181657075882,0.6047430830039526,0.6558743870114128,0.6222222222222222,0.0,0.0,0.0,0.0,0.0,0.0,0.0,0.0,0.0,,,,,18473,global,0.4
1,1,lr5e-05_bs32_modL1_fusion16_fusionL1_fusionBN0_drop0p2__wd1e-04trmiss40_trlocglobal,32,5e-05,0.0001,1,16,1,False,0.2,lr5e-05_bs32_modL1_fusion16_fusionL1_fusionBN0_drop0p2__wd1e-04trmiss40_trlocglobal,14,0.6156708101431528,0.678136557340622,0.5889328063241107,0.6581712833063761,0.5777777777777777,0.0,0.0,0.0,0.0,0.0,0.0,0.0,0.0,0.0,,,,,18473,global,0.4
1,1,lr5e-05_bs32_modL1_fusion16_fusionL1_fusionBN0_drop0p2__wd1e-04trmiss40_trlocglobal,32,5e-05,0.0001,1,16,1,False,0.2,lr5e-05_bs32_modL1_fusion16_fusionL1_fusionBN0_drop0p2__wd1e-04trmiss40_trlocglobal,15,0.6051703790823618,0.6781542301177979,0.5810276679841897,0.6544146759912022,0.5777777777777777,0.0,0.0,0.0,0.0,0.0,0.0,0.0,0.0,0.0,,,,,18473,global,0.4
1,1,lr5e-05_bs32_modL1_fusion16_fusionL1_fusionBN0_drop0p2__wd1e-04trmiss40_trlocglobal,32,5e-05,0.0001,1,16,1,False,0.2,lr5e-05_bs32_modL1_fusion16_fusionL1_fusionBN0_drop0p2__wd1e-04trmiss40_trlocglobal,16,0.6069690684477488,0.6756916344165802,0.6007905138339922,0.6647767210561298,0.6,0.0,0.0,0.0,0.0,0.0,0.0,0.0,0.0,0.0,,,,,18473,global,0.4
1,1,lr5e-05_bs32_modL1_fusion16_fusionL1_fusionBN0_drop0p2__wd1e-04trmiss40_trlocglobal,32,5e-05,0.0001,1,16,1,False,0.2,lr5e-05_bs32_modL1_fusion16_fusionL1_fusionBN0_drop0p2__wd1e-04trmiss40_trlocglobal,17,0.6122081975142161,0.6740867793560028,0.6027667984189723,0.6650022122907205,0.5777777777777777,0.0,0.0,0.0,0.0,0.0,0.0,0.0,0.0,0.0,,,,,18473,global,0.4
1,1,lr5e-05_bs32_modL1_fusion16_fusionL1_fusionBN0_drop0p2__wd1e-04trmiss40_trlocglobal,32,5e-05,0.0001,1,16,1,False,0.2,lr5e-05_bs32_modL1_fusion16_fusionL1_fusionBN0_drop0p2__wd1e-04trmiss40_trlocglobal,18,0.6028188765048981,0.6708672642707825,0.6146245059288538,0.6727556729504982,0.6,0.0,0.0,0.0,0.0,0.0,0.0,0.0,0.0,0.0,,,,,18473,global,0.4
1,1,lr5e-05_bs32_modL1_fusion16_fusionL1_fusionBN0_drop0p2__wd1e-04trmiss40_trlocglobal,32,5e-05,0.0001,1,16,1,False,0.2,lr5e-05_bs32_modL1_fusion16_fusionL1_fusionBN0_drop0p2__wd1e-04trmiss40_trlocglobal,19,0.5919399460156759,0.6662784516811371,0.642292490118577,0.6858234739954261,0.6,0.0,0.0,0.0,0.0,0.0,0.0,0.0,0.0,0.0,,,,,18473,global,0.4
1,1,lr5e-05_bs32_modL1_fusion16_fusionL1_fusionBN0_drop0p2__wd1e-04trmiss40_trlocglobal,32,5e-05,0.0001,1,16,1,False,0.2,lr5e-05_bs32_modL1_fusion16_fusionL1_fusionBN0_drop0p2__wd1e-04trmiss40_trlocglobal,20,0.5902619858582815,0.6651378571987152,0.6324110671936759,0.6850815119272424,0.6,0.0,0.0,0.0,0.0,0.0,0.0,0.0,0.0,0.0,,,,,18473,global,0.4
1,1,lr5e-05_bs32_modL1_fusion16_fusionL1_fusionBN0_drop0p2__wd1e-04trmiss40_trlocglobal,32,5e-05,0.0001,1,16,1,False,0.2,lr5e-05_bs32_modL1_fusion16_fusionL1_fusionBN0_drop0p2__wd1e-04trmiss40_trlocglobal,21,0.5917816162109375,0.6634407639503479,0.6363636363636364,0.6873147054647838,0.6,0.0,0.0,0.0,0.0,0.0,0.0,0.0,0.0,0.0,,,,,18473,global,0.4
1,1,lr5e-05_bs32_modL1_fusion16_fusionL1_fusionBN0_drop0p2__wd1e-04trmiss40_trlocglobal,32,5e-05,0.0001,1,16,1,False,0.2,lr5e-05_bs32_modL1_fusion16_fusionL1_fusionBN0_drop0p2__wd1e-04trmiss40_trlocglobal,22,0.5927712420622507,0.6641338467597961,0.6324110671936759,0.685539223195875,0.6222222222222222,0.0,0.0,0.0,0.0,0.0,0.0,0.0,0.0,0.0,,,,,18473,global,0.4
1,1,lr5e-05_bs32_modL1_fusion16_fusionL1_fusionBN0_drop0p2__wd1e-04trmiss40_trlocglobal,32,5e-05,0.0001,1,16,1,False,0.2,lr5e-05_bs32_modL1_fusion16_fusionL1_fusionBN0_drop0p2__wd1e-04trmiss40_trlocglobal,23,0.5895993212858835,0.6637492775917053,0.6343873517786561,0.6900444381208801,0.6,0.0,0.0,0.0,0.0,0.0,0.0,0.0,0.0,0.0,,,,,18473,global,0.4
1,1,lr5e-05_bs32_modL1_fusion16_fusionL1_fusionBN0_drop0p2__wd1e-04trmiss40_trlocglobal,32,5e-05,0.0001,1,16,1,False,0.2,lr5e-05_bs32_modL1_fusion16_fusionL1_fusionBN0_drop0p2__wd1e-04trmiss40_trlocglobal,24,0.5834977825482687,0.6639671623706818,0.6383399209486166,0.6956937807267445,0.6,0.0,0.0,0.0,0.0,0.0,0.0,0.0,0.0,0.0,,,,,18473,global,0.4
1,1,lr5e-05_bs32_modL1_fusion16_fusionL1_fusionBN0_drop0p2__wd1e-04trmiss40_trlocglobal,32,5e-05,0.0001,1,16,1,False,0.2,lr5e-05_bs32_modL1_fusion16_fusionL1_fusionBN0_drop0p2__wd1e-04trmiss40_trlocglobal,25,0.5766021609306335,0.6638544201850891,0.642292490118577,0.6984581914157103,0.6,0.0,0.0,0.0,0.0,0.0,0.0,0.0,0.0,0.0,,,,,18473,global,0.4
1,1,lr5e-05_bs32_modL1_fusion16_fusionL1_fusionBN0_drop0p2__wd1e-04trmiss40_trlocglobal,32,5e-05,0.0001,1,16,1,False,0.2,lr5e-05_bs32_modL1_fusion16_fusionL1_fusionBN0_drop0p2__wd1e-04trmiss40_trlocglobal,26,0.5675064921379089,0.6639979183673859,0.6403162055335969,0.6944586546504512,0.6,0.0,0.0,0.0,0.0,0.0,0.0,0.0,0.0,0.0,,,,,18473,global,0.4
1,1,lr5e-05_bs32_modL1_fusion16_fusionL1_fusionBN0_drop0p2__wd1e-04trmiss40_trlocglobal,32,5e-05,0.0001,1,16,1,False,0.2,lr5e-05_bs32_modL1_fusion16_fusionL1_fusionBN0_drop0p2__wd1e-04trmiss40_trlocglobal,27,0.5776629547278086,0.665034681558609,0.6343873517786561,0.6931099915308443,0.6,0.0,0.0,0.0,0.0,0.0,0.0,0.0,0.0,0.0,,,,,18473,global,0.4
1,1,lr5e-05_bs32_modL1_fusion16_fusionL1_fusionBN0_drop0p2__wd1e-04trmiss40_trlocglobal,32,5e-05,0.0001,1,16,1,False,0.2,lr5e-05_bs32_modL1_fusion16_fusionL1_fusionBN0_drop0p2__wd1e-04trmiss40_trlocglobal,28,0.5698497295379639,0.6642061471939087,0.6383399209486167,0.6991351745421576,0.6,0.0,0.0,0.0,0.0,0.0,0.0,0.0,0.0,0.0,,,,,18473,global,0.4
1,1,lr5e-05_bs32_modL1_fusion16_fusionL1_fusionBN0_drop0p2__wd1e-04trmiss40_trlocglobal,32,5e-05,0.0001,1,16,1,False,0.2,lr5e-05_bs32_modL1_fusion16_fusionL1_fusionBN0_drop0p2__wd1e-04trmiss40_trlocglobal,29,0.581233282883962,0.6620337069034576,0.6462450592885376,0.7019626551803738,0.6444444444444445,0.0,0.0,0.0,0.0,0.0,0.0,0.0,0.0,0.0,,,,,18473,global,0.4
1,1,lr5e-05_bs32_modL1_fusion16_fusionL1_fusionBN0_drop0p2__wd1e-04trmiss40_trlocglobal,32,5e-05,0.0001,1,16,1,False,0.2,lr5e-05_bs32_modL1_fusion16_fusionL1_fusionBN0_drop0p2__wd1e-04trmiss40_trlocglobal,30,0.5652204553286234,0.6626833975315094,0.6422924901185771,0.6959816356755929,0.6444444444444445,0.0,0.0,0.0,0.0,0.0,0.0,0.0,0.0,0.0,,,,,18473,global,0.4
1,1,lr5e-05_bs32_modL1_fusion16_fusionL1_fusionBN0_drop0p2__wd1e-04trmiss40_trlocglobal,32,5e-05,0.0001,1,16,1,False,0.2,lr5e-05_bs32_modL1_fusion16_fusionL1_fusionBN0_drop0p2__wd1e-04trmiss40_trlocglobal,31,0.5607293943564097,0.6610798835754395,0.6521739130434783,0.70842486183696,0.6444444444444445,0.0,0.0,0.0,0.0,0.0,0.0,0.0,0.0,0.0,,,,,18473,global,0.4
1,1,lr5e-05_bs32_modL1_fusion16_fusionL1_fusionBN0_drop0p2__wd1e-04trmiss40_trlocglobal,32,5e-05,0.0001,1,16,1,False,0.2,lr5e-05_bs32_modL1_fusion16_fusionL1_fusionBN0_drop0p2__wd1e-04trmiss40_trlocglobal,32,0.5642657975355784,0.6591039299964905,0.6600790513833993,0.7135246136984595,0.6444444444444445,0.0,0.0,0.0,0.0,0.0,0.0,0.0,0.0,0.0,,,,,18473,global,0.4
1,1,lr5e-05_bs32_modL1_fusion16_fusionL1_fusionBN0_drop0p2__wd1e-04trmiss40_trlocglobal,32,5e-05,0.0001,1,16,1,False,0.2,lr5e-05_bs32_modL1_fusion16_fusionL1_fusionBN0_drop0p2__wd1e-04trmiss40_trlocglobal,33,0.568902313709259,0.6605148613452911,0.6442687747035573,0.7018541496319652,0.6444444444444445,0.0,0.0,0.0,0.0,0.0,0.0,0.0,0.0,0.0,,,,,18473,global,0.4
1,1,lr5e-05_bs32_modL1_fusion16_fusionL1_fusionBN0_drop0p2__wd1e-04trmiss40_trlocglobal,32,5e-05,0.0001,1,16,1,False,0.2,lr5e-05_bs32_modL1_fusion16_fusionL1_fusionBN0_drop0p2__wd1e-04trmiss40_trlocglobal,34,0.5555355846881866,0.6585343778133392,0.6521739130434783,0.709862325031445,0.6666666666666666,0.0,0.0,0.0,0.0,0.0,0.0,0.0,0.0,0.0,,,,,18473,global,0.4
1,1,lr5e-05_bs32_modL1_fusion16_fusionL1_fusionBN0_drop0p2__wd1e-04trmiss40_trlocglobal,32,5e-05,0.0001,1,16,1,False,0.2,lr5e-05_bs32_modL1_fusion16_fusionL1_fusionBN0_drop0p2__wd1e-04trmiss40_trlocglobal,35,0.5483676095803579,0.6579505205154419,0.6482213438735178,0.7071232574288532,0.6666666666666666,0.0,0.0,0.0,0.0,0.0,0.0,0.0,0.0,0.0,,,,,18473,global,0.4
1,1,lr5e-05_bs32_modL1_fusion16_fusionL1_fusionBN0_drop0p2__wd1e-04trmiss40_trlocglobal,32,5e-05,0.0001,1,16,1,False,0.2,lr5e-05_bs32_modL1_fusion16_fusionL1_fusionBN0_drop0p2__wd1e-04trmiss40_trlocglobal,36,0.5525259077548981,0.6589928567409515,0.6482213438735178,0.7118123729420335,0.6444444444444445,0.0,0.0,0.0,0.0,0.0,0.0,0.0,0.0,0.0,,,,,18473,global,0.4
1,1,lr5e-05_bs32_modL1_fusion16_fusionL1_fusionBN0_drop0p2__wd1e-04trmiss40_trlocglobal,32,5e-05,0.0001,1,16,1,False,0.2,lr5e-05_bs32_modL1_fusion16_fusionL1_fusionBN0_drop0p2__wd1e-04trmiss40_trlocglobal,37,0.5571043789386749,0.6587320268154144,0.6442687747035574,0.7137943119749596,0.6,0.0,0.0,0.0,0.0,0.0,0.0,0.0,0.0,0.0,,,,,18473,global,0.4
1,1,lr5e-05_bs32_modL1_fusion16_fusionL1_fusionBN0_drop0p2__wd1e-04trmiss40_trlocglobal,32,5e-05,0.0001,1,16,1,False,0.2,lr5e-05_bs32_modL1_fusion16_fusionL1_fusionBN0_drop0p2__wd1e-04trmiss40_trlocglobal,38,0.5607747534910837,0.6575681269168854,0.6521739130434783,0.7186560430541978,0.6666666666666666,0.0,0.0,0.0,0.0,0.0,0.0,0.0,0.0,0.0,,,,,18473,global,0.4
1,1,lr5e-05_bs32_modL1_fusion16_fusionL1_fusionBN0_drop0p2__wd1e-04trmiss40_trlocglobal,32,5e-05,0.0001,1,16,1,False,0.2,lr5e-05_bs32_modL1_fusion16_fusionL1_fusionBN0_drop0p2__wd1e-04trmiss40_trlocglobal,39,0.5462643504142761,0.6561753749847412,0.6561264822134387,0.7239192009489347,0.6222222222222222,0.0,0.0,0.0,0.0,0.0,0.0,0.0,0.0,0.0,,,,,18473,global,0.4
1,1,lr5e-05_bs32_modL1_fusion16_fusionL1_fusionBN0_drop0p2__wd1e-04trmiss40_trlocglobal,32,5e-05,0.0001,1,16,1,False,0.2,lr5e-05_bs32_modL1_fusion16_fusionL1_fusionBN0_drop0p2__wd1e-04trmiss40_trlocglobal,40,0.5458059012889862,0.6562110781669617,0.6561264822134387,0.7286557839235726,0.6222222222222222,0.0,0.0,0.0,0.0,0.0,0.0,0.0,0.0,0.0,,,,,18473,global,0.4
1,1,lr5e-05_bs32_modL1_fusion16_fusionL1_fusionBN0_drop0p2__wd1e-04trmiss40_trlocglobal,32,5e-05,0.0001,1,16,1,False,0.2,lr5e-05_bs32_modL1_fusion16_fusionL1_fusionBN0_drop0p2__wd1e-04trmiss40_trlocglobal,41,0.5504799783229828,0.6567241549491882,0.6561264822134387,0.7352175976443067,0.5777777777777777,0.0,0.0,0.0,0.0,0.0,0.0,0.0,0.0,0.0,,,,,18473,global,0.4
1,1,lr5e-05_bs32_modL1_fusion16_fusionL1_fusionBN0_drop0p2__wd1e-04trmiss40_trlocglobal,32,5e-05,0.0001,1,16,1,False,0.2,lr5e-05_bs32_modL1_fusion16_fusionL1_fusionBN0_drop0p2__wd1e-04trmiss40_trlocglobal,42,0.5365868508815765,0.6574681997299194,0.6521739130434783,0.7338714846874088,0.5777777777777777,0.0,0.0,0.0,0.0,0.0,0.0,0.0,0.0,0.0,,,,,18473,global,0.4
1,1,lr5e-05_bs32_modL1_fusion16_fusionL1_fusionBN0_drop0p2__wd1e-04trmiss40_trlocglobal,32,5e-05,0.0001,1,16,1,False,0.2,lr5e-05_bs32_modL1_fusion16_fusionL1_fusionBN0_drop0p2__wd1e-04trmiss40_trlocglobal,43,0.5423838297526041,0.657984733581543,0.642292490118577,0.7254655531017628,0.5555555555555556,0.0,0.0,0.0,0.0,0.0,0.0,0.0,0.0,0.0,,,,,18473,global,0.4
1,1,lr5e-05_bs32_modL1_fusion16_fusionL1_fusionBN0_drop0p2__wd1e-04trmiss40_trlocglobal,32,5e-05,0.0001,1,16,1,False,0.2,lr5e-05_bs32_modL1_fusion16_fusionL1_fusionBN0_drop0p2__wd1e-04trmiss40_trlocglobal,44,0.531387577454249,0.6558611690998077,0.6383399209486166,0.7196201424737434,0.5777777777777777,0.0,0.0,0.0,0.0,0.0,0.0,0.0,0.0,0.0,,,,,18473,global,0.4
1,1,lr5e-05_bs32_modL1_fusion16_fusionL1_fusionBN0_drop0p2__wd1e-04trmiss40_trlocglobal,32,5e-05,0.0001,1,16,1,False,0.2,lr5e-05_bs32_modL1_fusion16_fusionL1_fusionBN0_drop0p2__wd1e-04trmiss40_trlocglobal,45,0.5318772296110789,0.6551691889762878,0.6462450592885376,0.7276109542640061,0.5777777777777777,0.0,0.0,0.0,0.0,0.0,0.0,0.0,0.0,0.0,,,,,18473,global,0.4
1,1,lr5e-05_bs32_modL1_fusion16_fusionL1_fusionBN0_drop0p2__wd1e-04trmiss40_trlocglobal,32,5e-05,0.0001,1,16,1,False,0.2,lr5e-05_bs32_modL1_fusion16_fusionL1_fusionBN0_drop0p2__wd1e-04trmiss40_trlocglobal,46,0.5333579281965891,0.654823511838913,0.6462450592885376,0.7269020695759154,0.6,0.0,0.0,0.0,0.0,0.0,0.0,0.0,0.0,0.0,,,,,18473,global,0.4
1,1,lr5e-05_bs32_modL1_fusion16_fusionL1_fusionBN0_drop0p2__wd1e-04trmiss40_trlocglobal,32,5e-05,0.0001,1,16,1,False,0.2,lr5e-05_bs32_modL1_fusion16_fusionL1_fusionBN0_drop0p2__wd1e-04trmiss40_trlocglobal,47,0.5449883838494619,0.6542025804519653,0.642292490118577,0.7244128057031984,0.6,0.0,0.0,0.0,0.0,0.0,0.0,0.0,0.0,0.0,,,,,18473,global,0.4
1,1,lr5e-05_bs32_modL1_fusion16_fusionL1_fusionBN0_drop0p2__wd1e-04trmiss40_trlocglobal,32,5e-05,0.0001,1,16,1,False,0.2,lr5e-05_bs32_modL1_fusion16_fusionL1_fusionBN0_drop0p2__wd1e-04trmiss40_trlocglobal,48,0.5342420339584351,0.6544227302074432,0.6383399209486166,0.7216059444445528,0.6,0.0,0.0,0.0,0.0,0.0,0.0,0.0,0.0,0.0,,,,,18473,global,0.4
1,1,lr5e-05_bs32_modL1_fusion16_fusionL1_fusionBN0_drop0p2__wd1e-04trmiss40_trlocglobal,32,5e-05,0.0001,1,16,1,False,0.2,lr5e-05_bs32_modL1_fusion16_fusionL1_fusionBN0_drop0p2__wd1e-04trmiss40_trlocglobal,49,0.5271690090497335,0.6545363366603851,0.6462450592885376,0.7268551236067755,0.6,0.0,0.0,0.0,0.0,0.0,0.0,0.0,0.0,0.0,,,,,18473,global,0.4
1,1,lr5e-05_bs32_modL1_fusion16_fusionL1_fusionBN0_drop0p2__wd1e-04trmiss40_trlocglobal,32,5e-05,0.0001,1,16,1,False,0.2,lr5e-05_bs32_modL1_fusion16_fusionL1_fusionBN0_drop0p2__wd1e-04trmiss40_trlocglobal,50,0.5366723934809366,0.6547459363937378,0.6521739130434783,0.7282102660641373,0.6,0.0,0.0,0.0,0.0,0.0,0.0,0.0,0.0,0.0,,,,,18473,global,0.4
1,1,lr5e-05_bs32_modL1_fusion16_fusionL1_fusionBN0_drop0p2__wd1e-04trmiss40_trlocglobal,32,5e-05,0.0001,1,16,1,False,0.2,lr5e-05_bs32_modL1_fusion16_fusionL1_fusionBN0_drop0p2__wd1e-04trmiss40_trlocglobal,51,0.5255851348241171,0.6546400189399719,0.6521739130434783,0.7259018566440663,0.6222222222222222,0.0,0.0,0.0,0.0,0.0,0.0,0.0,0.0,0.0,,,,,18473,global,0.4
1,1,lr5e-05_bs32_modL1_fusion16_fusionL1_fusionBN0_drop0p2__wd1e-04trmiss40_trlocglobal,32,5e-05,0.0001,1,16,1,False,0.2,lr5e-05_bs32_modL1_fusion16_fusionL1_fusionBN0_drop0p2__wd1e-04trmiss40_trlocglobal,52,0.53252112865448,0.6552842855453491,0.6343873517786561,0.7052557397243756,0.5777777777777777,0.0,0.0,0.0,0.0,0.0,0.0,0.0,0.0,0.0,,,,,18473,global,0.4
1,1,lr5e-05_bs32_modL1_fusion16_fusionL1_fusionBN0_drop0p1__wd1e-04trmiss40_trlocglobal,32,5e-05,0.0001,1,16,1,False,0.1,lr5e-05_bs32_modL1_fusion16_fusionL1_fusionBN0_drop0p1__wd1e-04trmiss40_trlocglobal,1,0.6878124674161276,0.6982888579368591,0.4980237154150197,0.49470406697836383,0.5333333333333333,0.0,0.0,0.0,0.0,0.0,0.0,0.0,0.0,0.0,,,,,18473,global,0.4
1,1,lr5e-05_bs32_modL1_fusion16_fusionL1_fusionBN0_drop0p1__wd1e-04trmiss40_trlocglobal,32,5e-05,0.0001,1,16,1,False,0.1,lr5e-05_bs32_modL1_fusion16_fusionL1_fusionBN0_drop0p1__wd1e-04trmiss40_trlocglobal,2,0.6714888314406077,0.6994983553886414,0.5,0.4968576348863952,0.5333333333333333,0.0,0.0,0.0,0.0,0.0,0.0,0.0,0.0,0.0,,,,,18473,global,0.4
1,1,lr5e-05_bs32_modL1_fusion16_fusionL1_fusionBN0_drop0p1__wd1e-04trmiss40_trlocglobal,32,5e-05,0.0001,1,16,1,False,0.1,lr5e-05_bs32_modL1_fusion16_fusionL1_fusionBN0_drop0p1__wd1e-04trmiss40_trlocglobal,3,0.6682105163733164,0.7005965709686279,0.5098814229249012,0.5047324013747438,0.5111111111111111,0.0,0.0,0.0,0.0,0.0,0.0,0.0,0.0,0.0,,,,,18473,global,0.4
1,1,lr5e-05_bs32_modL1_fusion16_fusionL1_fusionBN0_drop0p1__wd1e-04trmiss40_trlocglobal,32,5e-05,0.0001,1,16,1,False,0.1,lr5e-05_bs32_modL1_fusion16_fusionL1_fusionBN0_drop0p1__wd1e-04trmiss40_trlocglobal,4,0.6615516146024069,0.6998266875743866,0.5217391304347826,0.5042764448860103,0.5111111111111111,0.0,0.0,0.0,0.0,0.0,0.0,0.0,0.0,0.0,,,,,18473,global,0.4
1,1,lr5e-05_bs32_modL1_fusion16_fusionL1_fusionBN0_drop0p1__wd1e-04trmiss40_trlocglobal,32,5e-05,0.0001,1,16,1,False,0.1,lr5e-05_bs32_modL1_fusion16_fusionL1_fusionBN0_drop0p1__wd1e-04trmiss40_trlocglobal,5,0.650813510020574,0.6965247988700867,0.5434782608695652,0.5404082430877394,0.4888888888888889,0.0,0.0,0.0,0.0,0.0,0.0,0.0,0.0,0.0,,,,,18473,global,0.4
1,1,lr5e-05_bs32_modL1_fusion16_fusionL1_fusionBN0_drop0p1__wd1e-04trmiss40_trlocglobal,32,5e-05,0.0001,1,16,1,False,0.1,lr5e-05_bs32_modL1_fusion16_fusionL1_fusionBN0_drop0p1__wd1e-04trmiss40_trlocglobal,6,0.6480041941006979,0.6919426023960114,0.5652173913043478,0.5607836843665834,0.4888888888888889,0.0,0.0,0.0,0.0,0.0,0.0,0.0,0.0,0.0,,,,,18473,global,0.4
1,1,lr5e-05_bs32_modL1_fusion16_fusionL1_fusionBN0_drop0p1__wd1e-04trmiss40_trlocglobal,32,5e-05,0.0001,1,16,1,False,0.1,lr5e-05_bs32_modL1_fusion16_fusionL1_fusionBN0_drop0p1__wd1e-04trmiss40_trlocglobal,7,0.6343186497688293,0.6874849498271942,0.5909090909090909,0.5768436636291848,0.4888888888888889,0.0,0.0,0.0,0.0,0.0,0.0,0.0,0.0,0.0,,,,,18473,global,0.4
1,1,lr5e-05_bs32_modL1_fusion16_fusionL1_fusionBN0_drop0p1__wd1e-04trmiss40_trlocglobal,32,5e-05,0.0001,1,16,1,False,0.1,lr5e-05_bs32_modL1_fusion16_fusionL1_fusionBN0_drop0p1__wd1e-04trmiss40_trlocglobal,8,0.6300989886124929,0.6858364939689636,0.5869565217391305,0.5742503568810119,0.5111111111111111,0.0,0.0,0.0,0.0,0.0,0.0,0.0,0.0,0.0,,,,,18473,global,0.4
1,1,lr5e-05_bs32_modL1_fusion16_fusionL1_fusionBN0_drop0p1__wd1e-04trmiss40_trlocglobal,32,5e-05,0.0001,1,16,1,False,0.1,lr5e-05_bs32_modL1_fusion16_fusionL1_fusionBN0_drop0p1__wd1e-04trmiss40_trlocglobal,9,0.6235422492027283,0.6853658854961395,0.5889328063241107,0.5824191198316249,0.4888888888888889,0.0,0.0,0.0,0.0,0.0,0.0,0.0,0.0,0.0,,,,,18473,global,0.4
1,1,lr5e-05_bs32_modL1_fusion16_fusionL1_fusionBN0_drop0p1__wd1e-04trmiss40_trlocglobal,32,5e-05,0.0001,1,16,1,False,0.1,lr5e-05_bs32_modL1_fusion16_fusionL1_fusionBN0_drop0p1__wd1e-04trmiss40_trlocglobal,10,0.6246037979920706,0.6838324964046478,0.6047430830039526,0.6047419088588706,0.5111111111111111,0.0,0.0,0.0,0.0,0.0,0.0,0.0,0.0,0.0,,,,,18473,global,0.4
1,1,lr5e-05_bs32_modL1_fusion16_fusionL1_fusionBN0_drop0p1__wd1e-04trmiss40_trlocglobal,32,5e-05,0.0001,1,16,1,False,0.1,lr5e-05_bs32_modL1_fusion16_fusionL1_fusionBN0_drop0p1__wd1e-04trmiss40_trlocglobal,11,0.6132917106151581,0.6811171770095825,0.6086956521739131,0.6095561937201355,0.5555555555555556,0.0,0.0,0.0,0.0,0.0,0.0,0.0,0.0,0.0,,,,,18473,global,0.4
1,1,lr5e-05_bs32_modL1_fusion16_fusionL1_fusionBN0_drop0p1__wd1e-04trmiss40_trlocglobal,32,5e-05,0.0001,1,16,1,False,0.1,lr5e-05_bs32_modL1_fusion16_fusionL1_fusionBN0_drop0p1__wd1e-04trmiss40_trlocglobal,12,0.6110766728719076,0.6801884770393372,0.6146245059288538,0.6103633553968625,0.5333333333333333,0.0,0.0,0.0,0.0,0.0,0.0,0.0,0.0,0.0,,,,,18473,global,0.4
1,1,lr5e-05_bs32_modL1_fusion16_fusionL1_fusionBN0_drop0p1__wd1e-04trmiss40_trlocglobal,32,5e-05,0.0001,1,16,1,False,0.1,lr5e-05_bs32_modL1_fusion16_fusionL1_fusionBN0_drop0p1__wd1e-04trmiss40_trlocglobal,13,0.6012595097223917,0.6805682182312012,0.6146245059288538,0.6117942587751145,0.5555555555555556,0.0,0.0,0.0,0.0,0.0,0.0,0.0,0.0,0.0,,,,,18473,global,0.4
1,1,lr5e-05_bs32_modL1_fusion16_fusionL1_fusionBN0_drop0p1__wd1e-04trmiss40_trlocglobal,32,5e-05,0.0001,1,16,1,False,0.1,lr5e-05_bs32_modL1_fusion16_fusionL1_fusionBN0_drop0p1__wd1e-04trmiss40_trlocglobal,14,0.6093856394290924,0.6800079643726349,0.6067193675889329,0.6002919442448702,0.5555555555555556,0.0,0.0,0.0,0.0,0.0,0.0,0.0,0.0,0.0,,,,,18473,global,0.4
1,1,lr5e-05_bs32_modL1_fusion16_fusionL1_fusionBN0_drop0p1__wd1e-04trmiss40_trlocglobal,32,5e-05,0.0001,1,16,1,False,0.1,lr5e-05_bs32_modL1_fusion16_fusionL1_fusionBN0_drop0p1__wd1e-04trmiss40_trlocglobal,15,0.6072147687276205,0.6795362234115601,0.6106719367588933,0.605084446667569,0.5111111111111111,0.0,0.0,0.0,0.0,0.0,0.0,0.0,0.0,0.0,,,,,18473,global,0.4
1,1,lr5e-05_bs32_modL1_fusion16_fusionL1_fusionBN0_drop0p1__wd1e-04trmiss40_trlocglobal,32,5e-05,0.0001,1,16,1,False,0.1,lr5e-05_bs32_modL1_fusion16_fusionL1_fusionBN0_drop0p1__wd1e-04trmiss40_trlocglobal,16,0.5999019145965576,0.6786040365695953,0.6205533596837945,0.6188764695069064,0.5777777777777777,0.0,0.0,0.0,0.0,0.0,0.0,0.0,0.0,0.0,,,,,18473,global,0.4
1,1,lr5e-05_bs32_modL1_fusion16_fusionL1_fusionBN0_drop0p1__wd1e-04trmiss40_trlocglobal,32,5e-05,0.0001,1,16,1,False,0.1,lr5e-05_bs32_modL1_fusion16_fusionL1_fusionBN0_drop0p1__wd1e-04trmiss40_trlocglobal,17,0.595226893822352,0.6786477565765381,0.6264822134387352,0.624311252115602,0.5777777777777777,0.0,0.0,0.0,0.0,0.0,0.0,0.0,0.0,0.0,,,,,18473,global,0.4
1,1,lr5e-05_bs32_modL1_fusion16_fusionL1_fusionBN0_drop0p1__wd1e-04trmiss40_trlocglobal,32,5e-05,0.0001,1,16,1,False,0.1,lr5e-05_bs32_modL1_fusion16_fusionL1_fusionBN0_drop0p1__wd1e-04trmiss40_trlocglobal,18,0.5970170597235361,0.678236335515976,0.6264822134387351,0.6308311216957758,0.5777777777777777,0.0,0.0,0.0,0.0,0.0,0.0,0.0,0.0,0.0,,,,,18473,global,0.4
1,1,lr5e-05_bs32_modL1_fusion16_fusionL1_fusionBN0_drop0p1__wd1e-04trmiss40_trlocglobal,32,5e-05,0.0001,1,16,1,False,0.1,lr5e-05_bs32_modL1_fusion16_fusionL1_fusionBN0_drop0p1__wd1e-04trmiss40_trlocglobal,19,0.5846801400184631,0.6775910556316376,0.6304347826086957,0.6335217837596538,0.5777777777777777,0.0,0.0,0.0,0.0,0.0,0.0,0.0,0.0,0.0,,,,,18473,global,0.4
1,1,lr5e-05_bs32_modL1_fusion16_fusionL1_fusionBN0_drop0p1__wd1e-04trmiss40_trlocglobal,32,5e-05,0.0001,1,16,1,False,0.1,lr5e-05_bs32_modL1_fusion16_fusionL1_fusionBN0_drop0p1__wd1e-04trmiss40_trlocglobal,20,0.5854797462622324,0.677234411239624,0.6304347826086957,0.6379128859196348,0.5777777777777777,0.0,0.0,0.0,0.0,0.0,0.0,0.0,0.0,0.0,,,,,18473,global,0.4
1,1,lr5e-05_bs32_modL1_fusion16_fusionL1_fusionBN0_drop0p1__wd1e-04trmiss40_trlocglobal,32,5e-05,0.0001,1,16,1,False,0.1,lr5e-05_bs32_modL1_fusion16_fusionL1_fusionBN0_drop0p1__wd1e-04trmiss40_trlocglobal,21,0.5831806461016337,0.675882488489151,0.6442687747035573,0.649390438216213,0.5777777777777777,0.0,0.0,0.0,0.0,0.0,0.0,0.0,0.0,0.0,,,,,18473,global,0.4
1,1,lr5e-05_bs32_modL1_fusion16_fusionL1_fusionBN0_drop0p1__wd1e-04trmiss40_trlocglobal,32,5e-05,0.0001,1,16,1,False,0.1,lr5e-05_bs32_modL1_fusion16_fusionL1_fusionBN0_drop0p1__wd1e-04trmiss40_trlocglobal,22,0.5802115301291147,0.6749777793884277,0.650197628458498,0.6584129310592115,0.6,0.0,0.0,0.0,0.0,0.0,0.0,0.0,0.0,0.0,,,,,18473,global,0.4
1,1,lr5e-05_bs32_modL1_fusion16_fusionL1_fusionBN0_drop0p1__wd1e-04trmiss40_trlocglobal,32,5e-05,0.0001,1,16,1,False,0.1,lr5e-05_bs32_modL1_fusion16_fusionL1_fusionBN0_drop0p1__wd1e-04trmiss40_trlocglobal,23,0.5729288160800934,0.6730478703975677,0.6482213438735178,0.6598517773029808,0.6222222222222222,0.0,0.0,0.0,0.0,0.0,0.0,0.0,0.0,0.0,,,,,18473,global,0.4
1,1,lr5e-05_bs32_modL1_fusion16_fusionL1_fusionBN0_drop0p1__wd1e-04trmiss40_trlocglobal,32,5e-05,0.0001,1,16,1,False,0.1,lr5e-05_bs32_modL1_fusion16_fusionL1_fusionBN0_drop0p1__wd1e-04trmiss40_trlocglobal,24,0.571239173412323,0.6700594127178192,0.6620553359683794,0.6743460432916109,0.6222222222222222,0.0,0.0,0.0,0.0,0.0,0.0,0.0,0.0,0.0,,,,,18473,global,0.4
1,1,lr5e-05_bs32_modL1_fusion16_fusionL1_fusionBN0_drop0p1__wd1e-04trmiss40_trlocglobal,32,5e-05,0.0001,1,16,1,False,0.1,lr5e-05_bs32_modL1_fusion16_fusionL1_fusionBN0_drop0p1__wd1e-04trmiss40_trlocglobal,25,0.5703240235646566,0.6693722903728485,0.6660079051383399,0.6775318428091333,0.6222222222222222,0.0,0.0,0.0,0.0,0.0,0.0,0.0,0.0,0.0,,,,,18473,global,0.4
1,1,lr5e-05_bs32_modL1_fusion16_fusionL1_fusionBN0_drop0p1__wd1e-04trmiss40_trlocglobal,32,5e-05,0.0001,1,16,1,False,0.1,lr5e-05_bs32_modL1_fusion16_fusionL1_fusionBN0_drop0p1__wd1e-04trmiss40_trlocglobal,26,0.5634784400463104,0.6705261766910553,0.658102766798419,0.6703103336119443,0.6222222222222222,0.0,0.0,0.0,0.0,0.0,0.0,0.0,0.0,0.0,,,,,18473,global,0.4
1,1,lr5e-05_bs32_modL1_fusion16_fusionL1_fusionBN0_drop0p1__wd1e-04trmiss40_trlocglobal,32,5e-05,0.0001,1,16,1,False,0.1,lr5e-05_bs32_modL1_fusion16_fusionL1_fusionBN0_drop0p1__wd1e-04trmiss40_trlocglobal,27,0.5626593033472697,0.6713667809963226,0.6442687747035573,0.656058411922294,0.6222222222222222,0.0,0.0,0.0,0.0,0.0,0.0,0.0,0.0,0.0,,,,,18473,global,0.4
1,1,lr5e-05_bs32_modL1_fusion16_fusionL1_fusionBN0_drop0p1__wd1e-04trmiss40_trlocglobal,32,5e-05,0.0001,1,16,1,False,0.1,lr5e-05_bs32_modL1_fusion16_fusionL1_fusionBN0_drop0p1__wd1e-04trmiss40_trlocglobal,28,0.5570570925871531,0.670443207025528,0.6403162055335968,0.6577859640868284,0.6222222222222222,0.0,0.0,0.0,0.0,0.0,0.0,0.0,0.0,0.0,,,,,18473,global,0.4
1,1,lr5e-05_bs32_modL1_fusion16_fusionL1_fusionBN0_drop0p1__wd1e-04trmiss40_trlocglobal,32,5e-05,0.0001,1,16,1,False,0.1,lr5e-05_bs32_modL1_fusion16_fusionL1_fusionBN0_drop0p1__wd1e-04trmiss40_trlocglobal,29,0.5539025465647379,0.668758898973465,0.650197628458498,0.6648927370168627,0.6222222222222222,0.0,0.0,0.0,0.0,0.0,0.0,0.0,0.0,0.0,,,,,18473,global,0.4
1,1,lr5e-05_bs32_modL1_fusion16_fusionL1_fusionBN0_drop0p1__wd1e-04trmiss40_trlocglobal,32,5e-05,0.0001,1,16,1,False,0.1,lr5e-05_bs32_modL1_fusion16_fusionL1_fusionBN0_drop0p1__wd1e-04trmiss40_trlocglobal,30,0.5518772304058075,0.6681956350803375,0.6482213438735178,0.6647354268652936,0.6222222222222222,0.0,0.0,0.0,0.0,0.0,0.0,0.0,0.0,0.0,,,,,18473,global,0.4
1,1,lr5e-05_bs32_modL1_fusion16_fusionL1_fusionBN0_drop0p1__wd1e-04trmiss40_trlocglobal,32,5e-05,0.0001,1,16,1,False,0.1,lr5e-05_bs32_modL1_fusion16_fusionL1_fusionBN0_drop0p1__wd1e-04trmiss40_trlocglobal,31,0.556373119354248,0.6678085625171661,0.6462450592885376,0.6676540219618157,0.6222222222222222,0.0,0.0,0.0,0.0,0.0,0.0,0.0,0.0,0.0,,,,,18473,global,0.4
1,1,lr5e-05_bs32_modL1_fusion16_fusionL1_fusionBN0_drop0p1__wd1e-04trmiss40_trlocglobal,32,5e-05,0.0001,1,16,1,False,0.1,lr5e-05_bs32_modL1_fusion16_fusionL1_fusionBN0_drop0p1__wd1e-04trmiss40_trlocglobal,32,0.549147774775823,0.667801022529602,0.6442687747035574,0.6584811353346508,0.6222222222222222,0.0,0.0,0.0,0.0,0.0,0.0,0.0,0.0,0.0,,,,,18473,global,0.4
1,1,lr5e-05_bs32_modL1_fusion16_fusionL1_fusionBN0_drop0p1__wd1e-04trmiss40_trlocglobal,32,5e-05,0.0001,1,16,1,False,0.1,lr5e-05_bs32_modL1_fusion16_fusionL1_fusionBN0_drop0p1__wd1e-04trmiss40_trlocglobal,33,0.5497061212857565,0.6675261557102203,0.6403162055335968,0.6554811924264095,0.6222222222222222,0.0,0.0,0.0,0.0,0.0,0.0,0.0,0.0,0.0,,,,,18473,global,0.4
1,1,lr5e-05_bs32_modL1_fusion16_fusionL1_fusionBN0_drop0p1__wd1e-04trmiss40_trlocglobal,32,5e-05,0.0001,1,16,1,False,0.1,lr5e-05_bs32_modL1_fusion16_fusionL1_fusionBN0_drop0p1__wd1e-04trmiss40_trlocglobal,34,0.5524910092353821,0.6667114794254303,0.6462450592885376,0.6628711255834012,0.6222222222222222,0.0,0.0,0.0,0.0,0.0,0.0,0.0,0.0,0.0,,,,,18473,global,0.4
1,1,lr5e-05_bs32_modL1_fusion16_fusionL1_fusionBN0_drop0p1__wd1e-04trmiss40_trlocglobal,32,5e-05,0.0001,1,16,1,False,0.1,lr5e-05_bs32_modL1_fusion16_fusionL1_fusionBN0_drop0p1__wd1e-04trmiss40_trlocglobal,35,0.5485518276691437,0.6658134162425995,0.6541501976284585,0.6651305159179339,0.6222222222222222,0.0,0.0,0.0,0.0,0.0,0.0,0.0,0.0,0.0,,,,,18473,global,0.4
1,1,lr5e-05_bs32_modL1_fusion16_fusionL1_fusionBN0_drop0p1__wd1e-04trmiss40_trlocglobal,32,5e-05,0.0001,1,16,1,False,0.1,lr5e-05_bs32_modL1_fusion16_fusionL1_fusionBN0_drop0p1__wd1e-04trmiss40_trlocglobal,36,0.5419706304868063,0.6664688587188721,0.650197628458498,0.6645793203880951,0.6222222222222222,0.0,0.0,0.0,0.0,0.0,0.0,0.0,0.0,0.0,,,,,18473,global,0.4
1,1,lr5e-05_bs32_modL1_fusion16_fusionL1_fusionBN0_drop0p1__wd1e-04trmiss40_trlocglobal,32,5e-05,0.0001,1,16,1,False,0.1,lr5e-05_bs32_modL1_fusion16_fusionL1_fusionBN0_drop0p1__wd1e-04trmiss40_trlocglobal,37,0.537868877251943,0.6656870543956757,0.6561264822134387,0.6721405937741767,0.6,0.0,0.0,0.0,0.0,0.0,0.0,0.0,0.0,0.0,,,,,18473,global,0.4
1,1,lr5e-05_bs32_modL1_fusion16_fusionL1_fusionBN0_drop0p1__wd1e-04trmiss40_trlocglobal,32,5e-05,0.0001,1,16,1,False,0.1,lr5e-05_bs32_modL1_fusion16_fusionL1_fusionBN0_drop0p1__wd1e-04trmiss40_trlocglobal,38,0.5438858270645142,0.6669941842556,0.6403162055335969,0.6591290280904326,0.6,0.0,0.0,0.0,0.0,0.0,0.0,0.0,0.0,0.0,,,,,18473,global,0.4
1,1,lr5e-05_bs32_modL1_fusion16_fusionL1_fusionBN0_drop0p1__wd1e-04trmiss40_trlocglobal,32,5e-05,0.0001,1,16,1,False,0.1,lr5e-05_bs32_modL1_fusion16_fusionL1_fusionBN0_drop0p1__wd1e-04trmiss40_trlocglobal,39,0.5407185057799021,0.6666745543479919,0.6482213438735178,0.6655815117661468,0.6222222222222222,0.0,0.0,0.0,0.0,0.0,0.0,0.0,0.0,0.0,,,,,18473,global,0.4
1,1,lr5e-05_bs32_modL1_fusion16_fusionL1_fusionBN0_drop0p1__wd1e-04trmiss40_trlocglobal,32,5e-05,0.0001,1,16,1,False,0.1,lr5e-05_bs32_modL1_fusion16_fusionL1_fusionBN0_drop0p1__wd1e-04trmiss40_trlocglobal,40,0.5363466143608093,0.6659284234046936,0.6462450592885376,0.6675008212310545,0.6222222222222222,0.0,0.0,0.0,0.0,0.0,0.0,0.0,0.0,0.0,,,,,18473,global,0.4
1,1,lr5e-05_bs32_modL1_fusion16_fusionL1_fusionBN0_drop0p1__wd1e-04trmiss40_trlocglobal,32,5e-05,0.0001,1,16,1,False,0.1,lr5e-05_bs32_modL1_fusion16_fusionL1_fusionBN0_drop0p1__wd1e-04trmiss40_trlocglobal,41,0.5283157130082449,0.6661558151245117,0.642292490118577,0.6636197265762975,0.5777777777777777,0.0,0.0,0.0,0.0,0.0,0.0,0.0,0.0,0.0,,,,,18473,global,0.4
1,1,lr5e-05_bs32_modL1_fusion16_fusionL1_fusionBN0_drop0p1__wd1e-04trmiss40_trlocglobal,32,5e-05,0.0001,1,16,1,False,0.1,lr5e-05_bs32_modL1_fusion16_fusionL1_fusionBN0_drop0p1__wd1e-04trmiss40_trlocglobal,42,0.5322878758112589,0.666044145822525,0.6403162055335968,0.6603501621772435,0.5777777777777777,0.0,0.0,0.0,0.0,0.0,0.0,0.0,0.0,0.0,,,,,18473,global,0.4
1,1,lr5e-05_bs32_modL1_fusion16_fusionL1_fusionBN0_drop0p1__wd1e-04trmiss40_trlocglobal,32,5e-05,0.0001,1,16,1,False,0.1,lr5e-05_bs32_modL1_fusion16_fusionL1_fusionBN0_drop0p1__wd1e-04trmiss40_trlocglobal,43,0.5321627457936605,0.665613442659378,0.642292490118577,0.6705534009321217,0.6,0.0,0.0,0.0,0.0,0.0,0.0,0.0,0.0,0.0,,,,,18473,global,0.4
1,1,lr5e-05_bs32_modL1_fusion16_fusionL1_fusionBN0_drop0p1__wd1e-04trmiss40_trlocglobal,32,5e-05,0.0001,1,16,1,False,0.1,lr5e-05_bs32_modL1_fusion16_fusionL1_fusionBN0_drop0p1__wd1e-04trmiss40_trlocglobal,44,0.5293413003285726,0.6644188463687897,0.6403162055335969,0.6572320668478451,0.6,0.0,0.0,0.0,0.0,0.0,0.0,0.0,0.0,0.0,,,,,18473,global,0.4
1,1,lr5e-05_bs32_modL1_fusion16_fusionL1_fusionBN0_drop0p1__wd1e-04trmiss40_trlocglobal,32,5e-05,0.0001,1,16,1,False,0.1,lr5e-05_bs32_modL1_fusion16_fusionL1_fusionBN0_drop0p1__wd1e-04trmiss40_trlocglobal,45,0.5260018408298492,0.6632584035396576,0.6442687747035574,0.6780352544197766,0.6,0.0,0.0,0.0,0.0,0.0,0.0,0.0,0.0,0.0,,,,,18473,global,0.4
1,1,lr5e-05_bs32_modL1_fusion32_fusionL1_fusionBN0_drop0p2__wd1e-04trmiss40_trlocglobal,32,5e-05,0.0001,1,32,1,False,0.2,lr5e-05_bs32_modL1_fusion32_fusionL1_fusionBN0_drop0p2__wd1e-04trmiss40_trlocglobal,1,0.6893061598141988,0.6961145997047424,0.4525691699604743,0.4853653678495676,0.4666666666666667,0.0,0.0,0.0,0.0,0.0,0.0,0.0,0.0,0.0,,,,,18473,global,0.4
1,1,lr5e-05_bs32_modL1_fusion32_fusionL1_fusionBN0_drop0p2__wd1e-04trmiss40_trlocglobal,32,5e-05,0.0001,1,32,1,False,0.2,lr5e-05_bs32_modL1_fusion32_fusionL1_fusionBN0_drop0p2__wd1e-04trmiss40_trlocglobal,2,0.6868192752202352,0.6951462030410767,0.45652173913043476,0.4853593864555314,0.4888888888888889,0.0,0.0,0.0,0.0,0.0,0.0,0.0,0.0,0.0,,,,,18473,global,0.4
1,1,lr5e-05_bs32_modL1_fusion32_fusionL1_fusionBN0_drop0p2__wd1e-04trmiss40_trlocglobal,32,5e-05,0.0001,1,32,1,False,0.2,lr5e-05_bs32_modL1_fusion32_fusionL1_fusionBN0_drop0p2__wd1e-04trmiss40_trlocglobal,3,0.6649048725763956,0.6936569809913635,0.48023715415019763,0.5316609964638757,0.4666666666666667,0.0,0.0,0.0,0.0,0.0,0.0,0.0,0.0,0.0,,,,,18473,global,0.4
1,1,lr5e-05_bs32_modL1_fusion32_fusionL1_fusionBN0_drop0p2__wd1e-04trmiss40_trlocglobal,32,5e-05,0.0001,1,32,1,False,0.2,lr5e-05_bs32_modL1_fusion32_fusionL1_fusionBN0_drop0p2__wd1e-04trmiss40_trlocglobal,4,0.6687518358230591,0.6919225454330444,0.49209486166007904,0.5424323573538433,0.4666666666666667,0.0,0.0,0.0,0.0,0.0,0.0,0.0,0.0,0.0,,,,,18473,global,0.4
1,1,lr5e-05_bs32_modL1_fusion32_fusionL1_fusionBN0_drop0p2__wd1e-04trmiss40_trlocglobal,32,5e-05,0.0001,1,32,1,False,0.2,lr5e-05_bs32_modL1_fusion32_fusionL1_fusionBN0_drop0p2__wd1e-04trmiss40_trlocglobal,5,0.6570877432823181,0.6907192468643188,0.49604743083003955,0.5545303642082177,0.5111111111111111,0.0,0.0,0.0,0.0,0.0,0.0,0.0,0.0,0.0,,,,,18473,global,0.4
1,1,lr5e-05_bs32_modL1_fusion32_fusionL1_fusionBN0_drop0p2__wd1e-04trmiss40_trlocglobal,32,5e-05,0.0001,1,32,1,False,0.2,lr5e-05_bs32_modL1_fusion32_fusionL1_fusionBN0_drop0p2__wd1e-04trmiss40_trlocglobal,6,0.6484296023845673,0.6905081570148468,0.4980237154150198,0.5725351988152587,0.5111111111111111,0.0,0.0,0.0,0.0,0.0,0.0,0.0,0.0,0.0,,,,,18473,global,0.4
1,1,lr5e-05_bs32_modL1_fusion32_fusionL1_fusionBN0_drop0p2__wd1e-04trmiss40_trlocglobal,32,5e-05,0.0001,1,32,1,False,0.2,lr5e-05_bs32_modL1_fusion32_fusionL1_fusionBN0_drop0p2__wd1e-04trmiss40_trlocglobal,7,0.6568495134512583,0.690514862537384,0.48814229249011865,0.5574782750626829,0.5111111111111111,0.0,0.0,0.0,0.0,0.0,0.0,0.0,0.0,0.0,,,,,18473,global,0.4
1,1,lr5e-05_bs32_modL1_fusion32_fusionL1_fusionBN0_drop0p2__wd1e-04trmiss40_trlocglobal,32,5e-05,0.0001,1,32,1,False,0.2,lr5e-05_bs32_modL1_fusion32_fusionL1_fusionBN0_drop0p2__wd1e-04trmiss40_trlocglobal,8,0.6425819396972656,0.6896849870681763,0.4940711462450593,0.5621938285901763,0.4888888888888889,0.0,0.0,0.0,0.0,0.0,0.0,0.0,0.0,0.0,,,,,18473,global,0.4
1,1,lr5e-05_bs32_modL1_fusion32_fusionL1_fusionBN0_drop0p2__wd1e-04trmiss40_trlocglobal,32,5e-05,0.0001,1,32,1,False,0.2,lr5e-05_bs32_modL1_fusion32_fusionL1_fusionBN0_drop0p2__wd1e-04trmiss40_trlocglobal,9,0.6458309292793274,0.6882816553115845,0.5138339920948616,0.5733430868281648,0.5333333333333333,0.0,0.0,0.0,0.0,0.0,0.0,0.0,0.0,0.0,,,,,18473,global,0.4
1,1,lr5e-05_bs32_modL1_fusion32_fusionL1_fusionBN0_drop0p2__wd1e-04trmiss40_trlocglobal,32,5e-05,0.0001,1,32,1,False,0.2,lr5e-05_bs32_modL1_fusion32_fusionL1_fusionBN0_drop0p2__wd1e-04trmiss40_trlocglobal,10,0.6432681083679199,0.6874605417251587,0.5197628458498024,0.5754922472113179,0.5333333333333333,0.0,0.0,0.0,0.0,0.0,0.0,0.0,0.0,0.0,,,,,18473,global,0.4
1,1,lr5e-05_bs32_modL1_fusion32_fusionL1_fusionBN0_drop0p2__wd1e-04trmiss40_trlocglobal,32,5e-05,0.0001,1,32,1,False,0.2,lr5e-05_bs32_modL1_fusion32_fusionL1_fusionBN0_drop0p2__wd1e-04trmiss40_trlocglobal,11,0.6221828957398733,0.6863872408866882,0.5474308300395258,0.5941313740983094,0.5111111111111111,0.0,0.0,0.0,0.0,0.0,0.0,0.0,0.0,0.0,,,,,18473,global,0.4
1,1,lr5e-05_bs32_modL1_fusion32_fusionL1_fusionBN0_drop0p2__wd1e-04trmiss40_trlocglobal,32,5e-05,0.0001,1,32,1,False,0.2,lr5e-05_bs32_modL1_fusion32_fusionL1_fusionBN0_drop0p2__wd1e-04trmiss40_trlocglobal,12,0.6264255046844482,0.6855531930923462,0.5592885375494071,0.6024228573752465,0.5777777777777777,0.0,0.0,0.0,0.0,0.0,0.0,0.0,0.0,0.0,,,,,18473,global,0.4
1,1,lr5e-05_bs32_modL1_fusion32_fusionL1_fusionBN0_drop0p2__wd1e-04trmiss40_trlocglobal,32,5e-05,0.0001,1,32,1,False,0.2,lr5e-05_bs32_modL1_fusion32_fusionL1_fusionBN0_drop0p2__wd1e-04trmiss40_trlocglobal,13,0.6260325809319814,0.6839759051799774,0.5711462450592886,0.6159631711685536,0.5777777777777777,0.0,0.0,0.0,0.0,0.0,0.0,0.0,0.0,0.0,,,,,18473,global,0.4
1,1,lr5e-05_bs32_modL1_fusion32_fusionL1_fusionBN0_drop0p2__wd1e-04trmiss40_trlocglobal,32,5e-05,0.0001,1,32,1,False,0.2,lr5e-05_bs32_modL1_fusion32_fusionL1_fusionBN0_drop0p2__wd1e-04trmiss40_trlocglobal,14,0.6248860458532969,0.6825078427791595,0.5869565217391304,0.6283446496841255,0.5777777777777777,0.0,0.0,0.0,0.0,0.0,0.0,0.0,0.0,0.0,,,,,18473,global,0.4
1,1,lr5e-05_bs32_modL1_fusion32_fusionL1_fusionBN0_drop0p2__wd1e-04trmiss40_trlocglobal,32,5e-05,0.0001,1,32,1,False,0.2,lr5e-05_bs32_modL1_fusion32_fusionL1_fusionBN0_drop0p2__wd1e-04trmiss40_trlocglobal,15,0.6189166108767191,0.6817762851715088,0.5948616600790514,0.6352403736272637,0.5777777777777777,0.0,0.0,0.0,0.0,0.0,0.0,0.0,0.0,0.0,,,,,18473,global,0.4
1,1,lr5e-05_bs32_modL1_fusion32_fusionL1_fusionBN0_drop0p2__wd1e-04trmiss40_trlocglobal,32,5e-05,0.0001,1,32,1,False,0.2,lr5e-05_bs32_modL1_fusion32_fusionL1_fusionBN0_drop0p2__wd1e-04trmiss40_trlocglobal,16,0.6249849398930868,0.6818738877773285,0.5968379446640316,0.6407891270181392,0.5777777777777777,0.0,0.0,0.0,0.0,0.0,0.0,0.0,0.0,0.0,,,,,18473,global,0.4
1,1,lr5e-05_bs32_modL1_fusion32_fusionL1_fusionBN0_drop0p2__wd1e-04trmiss40_trlocglobal,32,5e-05,0.0001,1,32,1,False,0.2,lr5e-05_bs32_modL1_fusion32_fusionL1_fusionBN0_drop0p2__wd1e-04trmiss40_trlocglobal,17,0.6132875482241312,0.6825684905052185,0.5830039525691699,0.6341488428920826,0.6222222222222222,0.0,0.0,0.0,0.0,0.0,0.0,0.0,0.0,0.0,,,,,18473,global,0.4
1,1,lr5e-05_bs32_modL1_fusion32_fusionL1_fusionBN0_drop0p2__wd1e-04trmiss40_trlocglobal,32,5e-05,0.0001,1,32,1,False,0.2,lr5e-05_bs32_modL1_fusion32_fusionL1_fusionBN0_drop0p2__wd1e-04trmiss40_trlocglobal,18,0.6098049680391947,0.6813720464706421,0.5928853754940712,0.6413662014657473,0.6,0.0,0.0,0.0,0.0,0.0,0.0,0.0,0.0,0.0,,,,,18473,global,0.4
1,1,lr5e-05_bs32_modL1_fusion32_fusionL1_fusionBN0_drop0p2__wd1e-04trmiss40_trlocglobal,32,5e-05,0.0001,1,32,1,False,0.2,lr5e-05_bs32_modL1_fusion32_fusionL1_fusionBN0_drop0p2__wd1e-04trmiss40_trlocglobal,19,0.6045911808808645,0.6796669065952301,0.6067193675889327,0.6392475546728915,0.6222222222222222,0.0,0.0,0.0,0.0,0.0,0.0,0.0,0.0,0.0,,,,,18473,global,0.4
1,1,lr5e-05_bs32_modL1_fusion32_fusionL1_fusionBN0_drop0p2__wd1e-04trmiss40_trlocglobal,32,5e-05,0.0001,1,32,1,False,0.2,lr5e-05_bs32_modL1_fusion32_fusionL1_fusionBN0_drop0p2__wd1e-04trmiss40_trlocglobal,20,0.5985073546568552,0.6798016130924225,0.6027667984189724,0.6283228747848991,0.5555555555555556,0.0,0.0,0.0,0.0,0.0,0.0,0.0,0.0,0.0,,,,,18473,global,0.4
1,1,lr5e-05_bs32_modL1_fusion32_fusionL1_fusionBN0_drop0p2__wd1e-04trmiss40_trlocglobal,32,5e-05,0.0001,1,32,1,False,0.2,lr5e-05_bs32_modL1_fusion32_fusionL1_fusionBN0_drop0p2__wd1e-04trmiss40_trlocglobal,21,0.606374611457189,0.6789984107017517,0.5928853754940712,0.6208333927917827,0.5333333333333333,0.0,0.0,0.0,0.0,0.0,0.0,0.0,0.0,0.0,,,,,18473,global,0.4
1,1,lr5e-05_bs32_modL1_fusion32_fusionL1_fusionBN0_drop0p2__wd1e-04trmiss40_trlocglobal,32,5e-05,0.0001,1,32,1,False,0.2,lr5e-05_bs32_modL1_fusion32_fusionL1_fusionBN0_drop0p2__wd1e-04trmiss40_trlocglobal,22,0.5970881183942159,0.6777126789093018,0.6047430830039526,0.617149679728406,0.5555555555555556,0.0,0.0,0.0,0.0,0.0,0.0,0.0,0.0,0.0,,,,,18473,global,0.4
1,1,lr5e-05_bs32_modL1_fusion32_fusionL1_fusionBN0_drop0p2__wd1e-04trmiss40_trlocglobal,32,5e-05,0.0001,1,32,1,False,0.2,lr5e-05_bs32_modL1_fusion32_fusionL1_fusionBN0_drop0p2__wd1e-04trmiss40_trlocglobal,23,0.5978906452655792,0.6771737635135651,0.6106719367588932,0.6172082306433978,0.5555555555555556,0.0,0.0,0.0,0.0,0.0,0.0,0.0,0.0,0.0,,,,,18473,global,0.4
1,1,lr5e-05_bs32_modL1_fusion32_fusionL1_fusionBN0_drop0p2__wd1e-04trmiss40_trlocglobal,32,5e-05,0.0001,1,32,1,False,0.2,lr5e-05_bs32_modL1_fusion32_fusionL1_fusionBN0_drop0p2__wd1e-04trmiss40_trlocglobal,24,0.5852917929490408,0.6768794655799866,0.616600790513834,0.6463650827582584,0.5555555555555556,0.0,0.0,0.0,0.0,0.0,0.0,0.0,0.0,0.0,,,,,18473,global,0.4
1,1,lr5e-05_bs32_modL1_fusion32_fusionL1_fusionBN0_drop0p2__wd1e-04trmiss40_trlocglobal,32,5e-05,0.0001,1,32,1,False,0.2,lr5e-05_bs32_modL1_fusion32_fusionL1_fusionBN0_drop0p2__wd1e-04trmiss40_trlocglobal,25,0.5876857936382294,0.6758018136024475,0.616600790513834,0.6411991346089312,0.5777777777777777,0.0,0.0,0.0,0.0,0.0,0.0,0.0,0.0,0.0,,,,,18473,global,0.4
1,1,lr5e-05_bs32_modL1_fusion32_fusionL1_fusionBN0_drop0p2__wd1e-04trmiss40_trlocglobal,32,5e-05,0.0001,1,32,1,False,0.2,lr5e-05_bs32_modL1_fusion32_fusionL1_fusionBN0_drop0p2__wd1e-04trmiss40_trlocglobal,26,0.5878885785738627,0.6736198365688324,0.6245059288537549,0.6458412169542874,0.5777777777777777,0.0,0.0,0.0,0.0,0.0,0.0,0.0,0.0,0.0,,,,,18473,global,0.4
1,1,lr5e-05_bs32_modL1_fusion32_fusionL1_fusionBN0_drop0p2__wd1e-04trmiss40_trlocglobal,32,5e-05,0.0001,1,32,1,False,0.2,lr5e-05_bs32_modL1_fusion32_fusionL1_fusionBN0_drop0p2__wd1e-04trmiss40_trlocglobal,27,0.5850148300329844,0.6715489327907562,0.6383399209486166,0.6536648298316118,0.5555555555555556,0.0,0.0,0.0,0.0,0.0,0.0,0.0,0.0,0.0,,,,,18473,global,0.4
1,1,lr5e-05_bs32_modL1_fusion32_fusionL1_fusionBN0_drop0p2__wd1e-04trmiss40_trlocglobal,32,5e-05,0.0001,1,32,1,False,0.2,lr5e-05_bs32_modL1_fusion32_fusionL1_fusionBN0_drop0p2__wd1e-04trmiss40_trlocglobal,28,0.5836471120516459,0.670709639787674,0.642292490118577,0.6595479503296839,0.5555555555555556,0.0,0.0,0.0,0.0,0.0,0.0,0.0,0.0,0.0,,,,,18473,global,0.4
1,1,lr5e-05_bs32_modL1_fusion32_fusionL1_fusionBN0_drop0p2__wd1e-04trmiss40_trlocglobal,32,5e-05,0.0001,1,32,1,False,0.2,lr5e-05_bs32_modL1_fusion32_fusionL1_fusionBN0_drop0p2__wd1e-04trmiss40_trlocglobal,29,0.5849238038063049,0.6701759696006775,0.642292490118577,0.6621715137312795,0.5555555555555556,0.0,0.0,0.0,0.0,0.0,0.0,0.0,0.0,0.0,,,,,18473,global,0.4
1,1,lr5e-05_bs32_modL1_fusion32_fusionL1_fusionBN0_drop0p2__wd1e-04trmiss40_trlocglobal,32,5e-05,0.0001,1,32,1,False,0.2,lr5e-05_bs32_modL1_fusion32_fusionL1_fusionBN0_drop0p2__wd1e-04trmiss40_trlocglobal,30,0.5853029688199362,0.6687155961990356,0.6482213438735177,0.6674321353305738,0.5555555555555556,0.0,0.0,0.0,0.0,0.0,0.0,0.0,0.0,0.0,,,,,18473,global,0.4
1,1,lr5e-05_bs32_modL1_fusion32_fusionL1_fusionBN0_drop0p2__wd1e-04trmiss40_trlocglobal,32,5e-05,0.0001,1,32,1,False,0.2,lr5e-05_bs32_modL1_fusion32_fusionL1_fusionBN0_drop0p2__wd1e-04trmiss40_trlocglobal,31,0.5704921285311381,0.6670118570327759,0.6521739130434783,0.6636606366471087,0.5555555555555556,0.0,0.0,0.0,0.0,0.0,0.0,0.0,0.0,0.0,,,,,18473,global,0.4
1,1,lr5e-05_bs32_modL1_fusion32_fusionL1_fusionBN0_drop0p2__wd1e-04trmiss40_trlocglobal,32,5e-05,0.0001,1,32,1,False,0.2,lr5e-05_bs32_modL1_fusion32_fusionL1_fusionBN0_drop0p2__wd1e-04trmiss40_trlocglobal,32,0.5729292631149292,0.6664224565029144,0.6521739130434782,0.6597869708377707,0.5777777777777777,0.0,0.0,0.0,0.0,0.0,0.0,0.0,0.0,0.0,,,,,18473,global,0.4
1,1,lr5e-05_bs32_modL1_fusion32_fusionL1_fusionBN0_drop0p2__wd1e-04trmiss40_trlocglobal,32,5e-05,0.0001,1,32,1,False,0.2,lr5e-05_bs32_modL1_fusion32_fusionL1_fusionBN0_drop0p2__wd1e-04trmiss40_trlocglobal,33,0.5712806781133016,0.6667037010192871,0.6561264822134387,0.6533661929124162,0.5777777777777777,0.0,0.0,0.0,0.0,0.0,0.0,0.0,0.0,0.0,,,,,18473,global,0.4
1,1,lr5e-05_bs32_modL1_fusion32_fusionL1_fusionBN0_drop0p2__wd1e-04trmiss40_trlocglobal,32,5e-05,0.0001,1,32,1,False,0.2,lr5e-05_bs32_modL1_fusion32_fusionL1_fusionBN0_drop0p2__wd1e-04trmiss40_trlocglobal,34,0.5648373663425446,0.6653290688991547,0.650197628458498,0.6507507892732513,0.5777777777777777,0.0,0.0,0.0,0.0,0.0,0.0,0.0,0.0,0.0,,,,,18473,global,0.4
1,1,lr5e-05_bs32_modL1_fusion32_fusionL1_fusionBN0_drop0p2__wd1e-04trmiss40_trlocglobal,32,5e-05,0.0001,1,32,1,False,0.2,lr5e-05_bs32_modL1_fusion32_fusionL1_fusionBN0_drop0p2__wd1e-04trmiss40_trlocglobal,35,0.5603232781092325,0.6649715602397919,0.6521739130434783,0.6540873078271611,0.5777777777777777,0.0,0.0,0.0,0.0,0.0,0.0,0.0,0.0,0.0,,,,,18473,global,0.4
1,1,lr5e-05_bs32_modL1_fusion32_fusionL1_fusionBN0_drop0p2__wd1e-04trmiss40_trlocglobal,32,5e-05,0.0001,1,32,1,False,0.2,lr5e-05_bs32_modL1_fusion32_fusionL1_fusionBN0_drop0p2__wd1e-04trmiss40_trlocglobal,36,0.5572328170140585,0.6649494767189026,0.6561264822134387,0.6617198916126592,0.5777777777777777,0.0,0.0,0.0,0.0,0.0,0.0,0.0,0.0,0.0,,,,,18473,global,0.4
1,1,lr5e-05_bs32_modL1_fusion32_fusionL1_fusionBN0_drop0p2__wd1e-04trmiss40_trlocglobal,32,5e-05,0.0001,1,32,1,False,0.2,lr5e-05_bs32_modL1_fusion32_fusionL1_fusionBN0_drop0p2__wd1e-04trmiss40_trlocglobal,37,0.5580066641171774,0.6640690267086029,0.6541501976284585,0.6590652325439617,0.5777777777777777,0.0,0.0,0.0,0.0,0.0,0.0,0.0,0.0,0.0,,,,,18473,global,0.4
1,1,lr5e-05_bs32_modL1_fusion32_fusionL1_fusionBN0_drop0p2__wd1e-04trmiss40_trlocglobal,32,5e-05,0.0001,1,32,1,False,0.2,lr5e-05_bs32_modL1_fusion32_fusionL1_fusionBN0_drop0p2__wd1e-04trmiss40_trlocglobal,38,0.5505291918913523,0.6630297899246216,0.658102766798419,0.6510727794106401,0.5777777777777777,0.0,0.0,0.0,0.0,0.0,0.0,0.0,0.0,0.0,,,,,18473,global,0.4
1,1,lr5e-05_bs32_modL1_fusion32_fusionL1_fusionBN0_drop0p2__wd1e-04trmiss40_trlocglobal,32,5e-05,0.0001,1,32,1,False,0.2,lr5e-05_bs32_modL1_fusion32_fusionL1_fusionBN0_drop0p2__wd1e-04trmiss40_trlocglobal,39,0.5544924437999725,0.6626257002353668,0.6640316205533596,0.6576821251731416,0.5777777777777777,0.0,0.0,0.0,0.0,0.0,0.0,0.0,0.0,0.0,,,,,18473,global,0.4
1,1,lr5e-05_bs32_modL1_fusion32_fusionL1_fusionBN0_drop0p2__wd1e-04trmiss40_trlocglobal,32,5e-05,0.0001,1,32,1,False,0.2,lr5e-05_bs32_modL1_fusion32_fusionL1_fusionBN0_drop0p2__wd1e-04trmiss40_trlocglobal,40,0.5479908883571625,0.6621303558349609,0.6660079051383399,0.6580645302550352,0.5777777777777777,0.0,0.0,0.0,0.0,0.0,0.0,0.0,0.0,0.0,,,,,18473,global,0.4
1,1,lr5e-05_bs32_modL1_fusion32_fusionL1_fusionBN0_drop0p2__wd1e-04trmiss40_trlocglobal,32,5e-05,0.0001,1,32,1,False,0.2,lr5e-05_bs32_modL1_fusion32_fusionL1_fusionBN0_drop0p2__wd1e-04trmiss40_trlocglobal,41,0.5496271649996439,0.661320686340332,0.6739130434782609,0.6599956802095175,0.5777777777777777,0.0,0.0,0.0,0.0,0.0,0.0,0.0,0.0,0.0,,,,,18473,global,0.4
1,1,lr5e-05_bs32_modL1_fusion32_fusionL1_fusionBN0_drop0p2__wd1e-04trmiss40_trlocglobal,32,5e-05,0.0001,1,32,1,False,0.2,lr5e-05_bs32_modL1_fusion32_fusionL1_fusionBN0_drop0p2__wd1e-04trmiss40_trlocglobal,42,0.5465005338191986,0.6602119505405426,0.6719367588932806,0.6657731761755813,0.5777777777777777,0.0,0.0,0.0,0.0,0.0,0.0,0.0,0.0,0.0,,,,,18473,global,0.4
1,1,lr5e-05_bs32_modL1_fusion32_fusionL1_fusionBN0_drop0p2__wd1e-04trmiss40_trlocglobal,32,5e-05,0.0001,1,32,1,False,0.2,lr5e-05_bs32_modL1_fusion32_fusionL1_fusionBN0_drop0p2__wd1e-04trmiss40_trlocglobal,43,0.5480592846870422,0.6603029072284698,0.6699604743083004,0.6519877926117319,0.5777777777777777,0.0,0.0,0.0,0.0,0.0,0.0,0.0,0.0,0.0,,,,,18473,global,0.4
1,1,lr5e-05_bs32_modL1_fusion32_fusionL1_fusionBN0_drop0p2__wd1e-04trmiss40_trlocglobal,32,5e-05,0.0001,1,32,1,False,0.2,lr5e-05_bs32_modL1_fusion32_fusionL1_fusionBN0_drop0p2__wd1e-04trmiss40_trlocglobal,44,0.5496547917524973,0.6625168919563293,0.6640316205533596,0.6485961555635653,0.5777777777777777,0.0,0.0,0.0,0.0,0.0,0.0,0.0,0.0,0.0,,,,,18473,global,0.4
1,1,lr5e-05_bs32_modL1_fusion32_fusionL1_fusionBN0_drop0p2__wd1e-04trmiss40_trlocglobal,32,5e-05,0.0001,1,32,1,False,0.2,lr5e-05_bs32_modL1_fusion32_fusionL1_fusionBN0_drop0p2__wd1e-04trmiss40_trlocglobal,45,0.5516057908535004,0.6624848544597626,0.6521739130434783,0.6470506649366522,0.6222222222222222,0.0,0.0,0.0,0.0,0.0,0.0,0.0,0.0,0.0,,,,,18473,global,0.4
1,1,lr5e-05_bs32_modL1_fusion32_fusionL1_fusionBN0_drop0p2__wd1e-04trmiss40_trlocglobal,32,5e-05,0.0001,1,32,1,False,0.2,lr5e-05_bs32_modL1_fusion32_fusionL1_fusionBN0_drop0p2__wd1e-04trmiss40_trlocglobal,46,0.5462452371915182,0.6612550020217896,0.6620553359683795,0.6549172929691841,0.6222222222222222,0.0,0.0,0.0,0.0,0.0,0.0,0.0,0.0,0.0,,,,,18473,global,0.4
1,1,lr5e-05_bs32_modL1_fusion32_fusionL1_fusionBN0_drop0p2__wd1e-04trmiss40_trlocglobal,32,5e-05,0.0001,1,32,1,False,0.2,lr5e-05_bs32_modL1_fusion32_fusionL1_fusionBN0_drop0p2__wd1e-04trmiss40_trlocglobal,47,0.5465356111526489,0.6610091328620911,0.66600790513834,0.6578840822783479,0.6222222222222222,0.0,0.0,0.0,0.0,0.0,0.0,0.0,0.0,0.0,,,,,18473,global,0.4
1,1,lr5e-05_bs32_modL1_fusion32_fusionL1_fusionBN0_drop0p2__wd1e-04trmiss40_trlocglobal,32,5e-05,0.0001,1,32,1,False,0.2,lr5e-05_bs32_modL1_fusion32_fusionL1_fusionBN0_drop0p2__wd1e-04trmiss40_trlocglobal,48,0.5521825154622396,0.6613165736198425,0.6699604743083004,0.6673905618875363,0.6,0.0,0.0,0.0,0.0,0.0,0.0,0.0,0.0,0.0,,,,,18473,global,0.4
1,1,lr5e-05_bs32_modL1_fusion32_fusionL1_fusionBN0_drop0p2__wd1e-04trmiss40_trlocglobal,32,5e-05,0.0001,1,32,1,False,0.2,lr5e-05_bs32_modL1_fusion32_fusionL1_fusionBN0_drop0p2__wd1e-04trmiss40_trlocglobal,49,0.5453484058380127,0.6619025766849518,0.6699604743083004,0.6704787261788586,0.5777777777777777,0.0,0.0,0.0,0.0,0.0,0.0,0.0,0.0,0.0,,,,,18473,global,0.4
1,1,lr5e-05_bs32_modL1_fusion32_fusionL1_fusionBN0_drop0p2__wd1e-04trmiss40_trlocglobal,32,5e-05,0.0001,1,32,1,False,0.2,lr5e-05_bs32_modL1_fusion32_fusionL1_fusionBN0_drop0p2__wd1e-04trmiss40_trlocglobal,50,0.540905088186264,0.6615675985813141,0.6719367588932806,0.6705530077176711,0.5777777777777777,0.0,0.0,0.0,0.0,0.0,0.0,0.0,0.0,0.0,,,,,18473,global,0.4
1,1,lr5e-05_bs32_modL1_fusion32_fusionL1_fusionBN0_drop0p2__wd1e-04trmiss40_trlocglobal,32,5e-05,0.0001,1,32,1,False,0.2,lr5e-05_bs32_modL1_fusion32_fusionL1_fusionBN0_drop0p2__wd1e-04trmiss40_trlocglobal,51,0.5339316626389822,0.6616206467151642,0.6600790513833993,0.6730972767189651,0.6,0.0,0.0,0.0,0.0,0.0,0.0,0.0,0.0,0.0,,,,,18473,global,0.4
1,1,lr5e-05_bs32_modL1_fusion32_fusionL1_fusionBN0_drop0p2__wd1e-04trmiss40_trlocglobal,32,5e-05,0.0001,1,32,1,False,0.2,lr5e-05_bs32_modL1_fusion32_fusionL1_fusionBN0_drop0p2__wd1e-04trmiss40_trlocglobal,52,0.5300966302553812,0.6608612835407257,0.6581027667984191,0.6629884606950833,0.6,0.0,0.0,0.0,0.0,0.0,0.0,0.0,0.0,0.0,,,,,18473,global,0.4
1,1,lr5e-05_bs32_modL1_fusion32_fusionL1_fusionBN0_drop0p2__wd1e-04trmiss40_trlocglobal,32,5e-05,0.0001,1,32,1,False,0.2,lr5e-05_bs32_modL1_fusion32_fusionL1_fusionBN0_drop0p2__wd1e-04trmiss40_trlocglobal,53,0.534516304731369,0.6599871516227722,0.6640316205533597,0.6648766652325135,0.6,0.0,0.0,0.0,0.0,0.0,0.0,0.0,0.0,0.0,,,,,18473,global,0.4
1,1,lr5e-05_bs32_modL1_fusion32_fusionL1_fusionBN0_drop0p2__wd1e-04trmiss40_trlocglobal,32,5e-05,0.0001,1,32,1,False,0.2,lr5e-05_bs32_modL1_fusion32_fusionL1_fusionBN0_drop0p2__wd1e-04trmiss40_trlocglobal,54,0.534742514292399,0.6600091755390167,0.6699604743083004,0.6772472656465922,0.6,0.0,0.0,0.0,0.0,0.0,0.0,0.0,0.0,0.0,,,,,18473,global,0.4
1,1,lr5e-05_bs32_modL1_fusion32_fusionL1_fusionBN0_drop0p2__wd1e-04trmiss40_trlocglobal,32,5e-05,0.0001,1,32,1,False,0.2,lr5e-05_bs32_modL1_fusion32_fusionL1_fusionBN0_drop0p2__wd1e-04trmiss40_trlocglobal,55,0.5351301431655884,0.6607109606266022,0.66600790513834,0.6740742227591062,0.6,0.0,0.0,0.0,0.0,0.0,0.0,0.0,0.0,0.0,,,,,18473,global,0.4
1,1,lr5e-05_bs32_modL1_fusion32_fusionL1_fusionBN0_drop0p2__wd1e-04trmiss40_trlocglobal,32,5e-05,0.0001,1,32,1,False,0.2,lr5e-05_bs32_modL1_fusion32_fusionL1_fusionBN0_drop0p2__wd1e-04trmiss40_trlocglobal,56,0.5273984322945277,0.6602787971496582,0.6699604743083004,0.6863930633388164,0.6222222222222222,0.0,0.0,0.0,0.0,0.0,0.0,0.0,0.0,0.0,,,,,18473,global,0.4
1,1,lr5e-05_bs32_modL1_fusion32_fusionL1_fusionBN0_drop0p2__wd1e-04trmiss40_trlocglobal,32,5e-05,0.0001,1,32,1,False,0.2,lr5e-05_bs32_modL1_fusion32_fusionL1_fusionBN0_drop0p2__wd1e-04trmiss40_trlocglobal,57,0.5328835248947144,0.6606785953044891,0.6620553359683795,0.668663884261276,0.6,0.0,0.0,0.0,0.0,0.0,0.0,0.0,0.0,0.0,,,,,18473,global,0.4
1,1,lr5e-05_bs32_modL1_fusion32_fusionL1_fusionBN0_drop0p2__wd1e-04trmiss40_trlocglobal,32,5e-05,0.0001,1,32,1,False,0.2,lr5e-05_bs32_modL1_fusion32_fusionL1_fusionBN0_drop0p2__wd1e-04trmiss40_trlocglobal,58,0.5369996329148611,0.6603712439537048,0.6660079051383399,0.6670436810738332,0.6,0.0,0.0,0.0,0.0,0.0,0.0,0.0,0.0,0.0,,,,,18473,global,0.4
1,1,lr5e-05_bs32_modL1_fusion32_fusionL1_fusionBN0_drop0p2__wd1e-04trmiss40_trlocglobal,32,5e-05,0.0001,1,32,1,False,0.2,lr5e-05_bs32_modL1_fusion32_fusionL1_fusionBN0_drop0p2__wd1e-04trmiss40_trlocglobal,59,0.5303097367286682,0.6602957248687744,0.6679841897233202,0.6657920616872024,0.6,0.0,0.0,0.0,0.0,0.0,0.0,0.0,0.0,0.0,,,,,18473,global,0.4
1,1,lr5e-05_bs32_modL1_fusion32_fusionL1_fusionBN0_drop0p2__wd1e-04trmiss40_trlocglobal,32,5e-05,0.0001,1,32,1,False,0.2,lr5e-05_bs32_modL1_fusion32_fusionL1_fusionBN0_drop0p2__wd1e-04trmiss40_trlocglobal,60,0.5265136261781057,0.6598143577575684,0.6699604743083004,0.6841637581918912,0.6,0.0,0.0,0.0,0.0,0.0,0.0,0.0,0.0,0.0,,,,,18473,global,0.4
1,1,lr5e-05_bs32_modL1_fusion32_fusionL1_fusionBN0_drop0p2__wd1e-04trmiss40_trlocglobal,32,5e-05,0.0001,1,32,1,False,0.2,lr5e-05_bs32_modL1_fusion32_fusionL1_fusionBN0_drop0p2__wd1e-04trmiss40_trlocglobal,61,0.5248187383015951,0.6599078476428986,0.66600790513834,0.6810994439147623,0.5777777777777777,0.0,0.0,0.0,0.0,0.0,0.0,0.0,0.0,0.0,,,,,18473,global,0.4
1,1,lr5e-05_bs32_modL1_fusion32_fusionL1_fusionBN0_drop0p1__wd1e-04trmiss40_trlocglobal,32,5e-05,0.0001,1,32,1,False,0.1,lr5e-05_bs32_modL1_fusion32_fusionL1_fusionBN0_drop0p1__wd1e-04trmiss40_trlocglobal,1,0.6960730254650116,0.6847895085811615,0.6363636363636365,0.6814124999371769,0.6,0.0,0.0,0.0,0.0,0.0,0.0,0.0,0.0,0.0,,,,,18473,global,0.4
1,1,lr5e-05_bs32_modL1_fusion32_fusionL1_fusionBN0_drop0p1__wd1e-04trmiss40_trlocglobal,32,5e-05,0.0001,1,32,1,False,0.1,lr5e-05_bs32_modL1_fusion32_fusionL1_fusionBN0_drop0p1__wd1e-04trmiss40_trlocglobal,2,0.6800732612609863,0.6812573671340942,0.691699604743083,0.7709477040357118,0.6222222222222222,0.0,0.0,0.0,0.0,0.0,0.0,0.0,0.0,0.0,,,,,18473,global,0.4
1,1,lr5e-05_bs32_modL1_fusion32_fusionL1_fusionBN0_drop0p1__wd1e-04trmiss40_trlocglobal,32,5e-05,0.0001,1,32,1,False,0.1,lr5e-05_bs32_modL1_fusion32_fusionL1_fusionBN0_drop0p1__wd1e-04trmiss40_trlocglobal,3,0.6631239751974741,0.67666956782341,0.7233201581027668,0.8246224213601778,0.6222222222222222,0.0,0.0,0.0,0.0,0.0,0.0,0.0,0.0,0.0,,,,,18473,global,0.4
1,1,lr5e-05_bs32_modL1_fusion32_fusionL1_fusionBN0_drop0p1__wd1e-04trmiss40_trlocglobal,32,5e-05,0.0001,1,32,1,False,0.1,lr5e-05_bs32_modL1_fusion32_fusionL1_fusionBN0_drop0p1__wd1e-04trmiss40_trlocglobal,4,0.6654707888762156,0.6733399629592896,0.7233201581027668,0.8224458745866638,0.6222222222222222,0.0,0.0,0.0,0.0,0.0,0.0,0.0,0.0,0.0,,,,,18473,global,0.4
1,1,lr5e-05_bs32_modL1_fusion32_fusionL1_fusionBN0_drop0p1__wd1e-04trmiss40_trlocglobal,32,5e-05,0.0001,1,32,1,False,0.1,lr5e-05_bs32_modL1_fusion32_fusionL1_fusionBN0_drop0p1__wd1e-04trmiss40_trlocglobal,5,0.6498581568400065,0.6715143620967865,0.7233201581027667,0.8209846988990795,0.6444444444444445,0.0,0.0,0.0,0.0,0.0,0.0,0.0,0.0,0.0,,,,,18473,global,0.4
1,1,lr5e-05_bs32_modL1_fusion32_fusionL1_fusionBN0_drop0p1__wd1e-04trmiss40_trlocglobal,32,5e-05,0.0001,1,32,1,False,0.1,lr5e-05_bs32_modL1_fusion32_fusionL1_fusionBN0_drop0p1__wd1e-04trmiss40_trlocglobal,6,0.6416790088017782,0.6701290309429169,0.7233201581027666,0.8208990095411786,0.6666666666666666,0.0,0.0,0.0,0.0,0.0,0.0,0.0,0.0,0.0,,,,,18473,global,0.4
1,1,lr5e-05_bs32_modL1_fusion32_fusionL1_fusionBN0_drop0p1__wd1e-04trmiss40_trlocglobal,32,5e-05,0.0001,1,32,1,False,0.1,lr5e-05_bs32_modL1_fusion32_fusionL1_fusionBN0_drop0p1__wd1e-04trmiss40_trlocglobal,7,0.6402066349983215,0.6687905490398407,0.7272727272727272,0.8232551439911344,0.6666666666666666,0.0,0.0,0.0,0.0,0.0,0.0,0.0,0.0,0.0,,,,,18473,global,0.4
1,1,lr5e-05_bs32_modL1_fusion32_fusionL1_fusionBN0_drop0p1__wd1e-04trmiss40_trlocglobal,32,5e-05,0.0001,1,32,1,False,0.1,lr5e-05_bs32_modL1_fusion32_fusionL1_fusionBN0_drop0p1__wd1e-04trmiss40_trlocglobal,8,0.6325471897919973,0.6670848429203033,0.725296442687747,0.8204638839014493,0.6444444444444445,0.0,0.0,0.0,0.0,0.0,0.0,0.0,0.0,0.0,,,,,18473,global,0.4
1,1,lr5e-05_bs32_modL1_fusion32_fusionL1_fusionBN0_drop0p1__wd1e-04trmiss40_trlocglobal,32,5e-05,0.0001,1,32,1,False,0.1,lr5e-05_bs32_modL1_fusion32_fusionL1_fusionBN0_drop0p1__wd1e-04trmiss40_trlocglobal,9,0.6344868441422781,0.6662546992301941,0.7292490118577075,0.824162729354688,0.6444444444444445,0.0,0.0,0.0,0.0,0.0,0.0,0.0,0.0,0.0,,,,,18473,global,0.4
1,1,lr5e-05_bs32_modL1_fusion32_fusionL1_fusionBN0_drop0p1__wd1e-04trmiss40_trlocglobal,32,5e-05,0.0001,1,32,1,False,0.1,lr5e-05_bs32_modL1_fusion32_fusionL1_fusionBN0_drop0p1__wd1e-04trmiss40_trlocglobal,10,0.6277280350526174,0.6653585731983185,0.7351778656126482,0.8264225750903195,0.6444444444444445,0.0,0.0,0.0,0.0,0.0,0.0,0.0,0.0,0.0,,,,,18473,global,0.4
1,1,lr5e-05_bs32_modL1_fusion32_fusionL1_fusionBN0_drop0p1__wd1e-04trmiss40_trlocglobal,32,5e-05,0.0001,1,32,1,False,0.1,lr5e-05_bs32_modL1_fusion32_fusionL1_fusionBN0_drop0p1__wd1e-04trmiss40_trlocglobal,11,0.6269079744815826,0.6655200719833374,0.7173913043478262,0.8157936021536847,0.6222222222222222,0.0,0.0,0.0,0.0,0.0,0.0,0.0,0.0,0.0,,,,,18473,global,0.4
1,1,lr5e-05_bs32_modL1_fusion32_fusionL1_fusionBN0_drop0p1__wd1e-04trmiss40_trlocglobal,32,5e-05,0.0001,1,32,1,False,0.1,lr5e-05_bs32_modL1_fusion32_fusionL1_fusionBN0_drop0p1__wd1e-04trmiss40_trlocglobal,12,0.622358908255895,0.665128767490387,0.7154150197628457,0.814492291627714,0.6222222222222222,0.0,0.0,0.0,0.0,0.0,0.0,0.0,0.0,0.0,,,,,18473,global,0.4
1,1,lr5e-05_bs32_modL1_fusion32_fusionL1_fusionBN0_drop0p1__wd1e-04trmiss40_trlocglobal,32,5e-05,0.0001,1,32,1,False,0.1,lr5e-05_bs32_modL1_fusion32_fusionL1_fusionBN0_drop0p1__wd1e-04trmiss40_trlocglobal,13,0.6119886338710785,0.664557546377182,0.717391304347826,0.8095139355600223,0.6222222222222222,0.0,0.0,0.0,0.0,0.0,0.0,0.0,0.0,0.0,,,,,18473,global,0.4
1,1,lr5e-05_bs32_modL1_fusion32_fusionL1_fusionBN0_drop0p1__wd1e-04trmiss40_trlocglobal,32,5e-05,0.0001,1,32,1,False,0.1,lr5e-05_bs32_modL1_fusion32_fusionL1_fusionBN0_drop0p1__wd1e-04trmiss40_trlocglobal,14,0.6081661979357401,0.6647556126117706,0.7114624505928854,0.796165959777487,0.6444444444444445,0.0,0.0,0.0,0.0,0.0,0.0,0.0,0.0,0.0,,,,,18473,global,0.4
1,1,lr5e-05_bs32_modL1_fusion32_fusionL1_fusionBN0_drop0p1__wd1e-04trmiss40_trlocglobal,32,5e-05,0.0001,1,32,1,False,0.1,lr5e-05_bs32_modL1_fusion32_fusionL1_fusionBN0_drop0p1__wd1e-04trmiss40_trlocglobal,15,0.6118312577406565,0.6650938987731934,0.7094861660079052,0.7926064066935863,0.6444444444444445,0.0,0.0,0.0,0.0,0.0,0.0,0.0,0.0,0.0,,,,,18473,global,0.4
1,1,lr5e-05_bs32_modL1_fusion32_fusionL1_fusionBN0_drop0p1__wd1e-04trmiss40_trlocglobal,32,5e-05,0.0001,1,32,1,False,0.1,lr5e-05_bs32_modL1_fusion32_fusionL1_fusionBN0_drop0p1__wd1e-04trmiss40_trlocglobal,16,0.6056791245937347,0.6646576821804047,0.7015810276679841,0.7890785053939158,0.6444444444444445,0.0,0.0,0.0,0.0,0.0,0.0,0.0,0.0,0.0,,,,,18473,global,0.4
1,1,lr5e-05_bs32_modL1_fusion32_fusionL1_fusionBN0_drop0p1__wd1e-04trmiss40_trlocglobal,32,5e-05,0.0001,1,32,1,False,0.1,lr5e-05_bs32_modL1_fusion32_fusionL1_fusionBN0_drop0p1__wd1e-04trmiss40_trlocglobal,17,0.5951002736886343,0.6650379598140717,0.7094861660079052,0.7911778606229127,0.6888888888888889,0.0,0.0,0.0,0.0,0.0,0.0,0.0,0.0,0.0,,,,,18473,global,0.4
1,1,lr5e-05_bs32_modL1_fusion32_fusionL1_fusionBN0_drop0p1__wd1e-04trmiss40_trlocglobal,32,5e-05,0.0001,1,32,1,False,0.1,lr5e-05_bs32_modL1_fusion32_fusionL1_fusionBN0_drop0p1__wd1e-04trmiss40_trlocglobal,18,0.5990638434886932,0.6643735468387604,0.7055335968379446,0.7922595354479874,0.6888888888888889,0.0,0.0,0.0,0.0,0.0,0.0,0.0,0.0,0.0,,,,,18473,global,0.4
1,1,lr5e-05_bs32_modL1_fusion32_fusionL1_fusionBN0_drop0p1__wd1e-04trmiss40_trlocglobal,32,5e-05,0.0001,1,32,1,False,0.1,lr5e-05_bs32_modL1_fusion32_fusionL1_fusionBN0_drop0p1__wd1e-04trmiss40_trlocglobal,19,0.5914940436681112,0.6634867787361145,0.7055335968379447,0.7882500823957822,0.6666666666666666,0.0,0.0,0.0,0.0,0.0,0.0,0.0,0.0,0.0,,,,,18473,global,0.4
1,1,lr5e-05_bs32_modL1_fusion32_fusionL1_fusionBN0_drop0p1__wd1e-04trmiss40_trlocglobal,32,5e-05,0.0001,1,32,1,False,0.1,lr5e-05_bs32_modL1_fusion32_fusionL1_fusionBN0_drop0p1__wd1e-04trmiss40_trlocglobal,20,0.5894447267055511,0.6631177365779877,0.7015810276679841,0.791633994285526,0.6666666666666666,0.0,0.0,0.0,0.0,0.0,0.0,0.0,0.0,0.0,,,,,18473,global,0.4
1,1,lr5e-05_bs32_modL1_fusion32_fusionL1_fusionBN0_drop0p1__wd1e-04trmiss40_trlocglobal,32,5e-05,0.0001,1,32,1,False,0.1,lr5e-05_bs32_modL1_fusion32_fusionL1_fusionBN0_drop0p1__wd1e-04trmiss40_trlocglobal,21,0.576929380496343,0.6632963418960571,0.6976284584980237,0.7871293202156346,0.6666666666666666,0.0,0.0,0.0,0.0,0.0,0.0,0.0,0.0,0.0,,,,,18473,global,0.4
1,1,lr5e-05_bs32_modL1_fusion32_fusionL1_fusionBN0_drop0p1__wd1e-04trmiss40_trlocglobal,32,5e-05,0.0001,1,32,1,False,0.1,lr5e-05_bs32_modL1_fusion32_fusionL1_fusionBN0_drop0p1__wd1e-04trmiss40_trlocglobal,22,0.5774483184019724,0.6638480424880981,0.6976284584980237,0.7877727790327022,0.6666666666666666,0.0,0.0,0.0,0.0,0.0,0.0,0.0,0.0,0.0,,,,,18473,global,0.4
1,1,lr5e-05_bs32_modL1_fusion32_fusionL1_fusionBN0_drop0p1__wd1e-04trmiss40_trlocglobal,32,5e-05,0.0001,1,32,1,False,0.1,lr5e-05_bs32_modL1_fusion32_fusionL1_fusionBN0_drop0p1__wd1e-04trmiss40_trlocglobal,23,0.5799153049786886,0.6641430258750916,0.6996047430830039,0.7834322396271528,0.6666666666666666,0.0,0.0,0.0,0.0,0.0,0.0,0.0,0.0,0.0,,,,,18473,global,0.4
1,1,lr5e-05_bs32_modL1_fusion32_fusionL1_fusionBN0_drop0p1__wd1e-04trmiss40_trlocglobal,32,5e-05,0.0001,1,32,1,False,0.1,lr5e-05_bs32_modL1_fusion32_fusionL1_fusionBN0_drop0p1__wd1e-04trmiss40_trlocglobal,24,0.57387708624204,0.6647323071956635,0.691699604743083,0.7760705382723163,0.6666666666666666,0.0,0.0,0.0,0.0,0.0,0.0,0.0,0.0,0.0,,,,,18473,global,0.4
1,1,lr5e-05_bs32_modL1_fusion32_fusionL1_fusionBN0_drop0p1__wd1e-04trmiss40_trlocglobal,32,5e-05,0.0001,1,32,1,False,0.1,lr5e-05_bs32_modL1_fusion32_fusionL1_fusionBN0_drop0p1__wd1e-04trmiss40_trlocglobal,25,0.5579766233762106,0.6641905605792999,0.691699604743083,0.7802277213433801,0.6666666666666666,0.0,0.0,0.0,0.0,0.0,0.0,0.0,0.0,0.0,,,,,18473,global,0.4
1,1,lr5e-05_bs32_modL1_fusion32_fusionL1_fusionBN0_drop0p1__wd1e-04trmiss40_trlocglobal,32,5e-05,0.0001,1,32,1,False,0.1,lr5e-05_bs32_modL1_fusion32_fusionL1_fusionBN0_drop0p1__wd1e-04trmiss40_trlocglobal,26,0.572017083565394,0.6622671782970428,0.6936758893280632,0.7801798402947614,0.6666666666666666,0.0,0.0,0.0,0.0,0.0,0.0,0.0,0.0,0.0,,,,,18473,global,0.4
1,1,lr5e-05_bs32_modL1_fusion32_fusionL1_fusionBN0_drop0p1__wd1e-04trmiss40_trlocglobal,32,5e-05,0.0001,1,32,1,False,0.1,lr5e-05_bs32_modL1_fusion32_fusionL1_fusionBN0_drop0p1__wd1e-04trmiss40_trlocglobal,27,0.5658272008101145,0.66206955909729,0.6916996047430831,0.7719534348989201,0.6666666666666666,0.0,0.0,0.0,0.0,0.0,0.0,0.0,0.0,0.0,,,,,18473,global,0.4
1,1,lr5e-05_bs32_modL1_fusion32_fusionL1_fusionBN0_drop0p1__wd1e-04trmiss40_trlocglobal,32,5e-05,0.0001,1,32,1,False,0.1,lr5e-05_bs32_modL1_fusion32_fusionL1_fusionBN0_drop0p1__wd1e-04trmiss40_trlocglobal,28,0.5572591125965118,0.661777526140213,0.7035573122529645,0.7919685609209112,0.6444444444444445,0.0,0.0,0.0,0.0,0.0,0.0,0.0,0.0,0.0,,,,,18473,global,0.4
1,1,lr5e-05_bs32_modL1_fusion32_fusionL1_fusionBN0_drop0p1__wd1e-04trmiss40_trlocglobal,32,5e-05,0.0001,1,32,1,False,0.1,lr5e-05_bs32_modL1_fusion32_fusionL1_fusionBN0_drop0p1__wd1e-04trmiss40_trlocglobal,29,0.5485147933165232,0.6611793637275696,0.6956521739130435,0.7772678758738456,0.6888888888888889,0.0,0.0,0.0,0.0,0.0,0.0,0.0,0.0,0.0,,,,,18473,global,0.4
1,1,lr5e-05_bs32_modL1_fusion32_fusionL1_fusionBN0_drop0p1__wd1e-04trmiss40_trlocglobal,32,5e-05,0.0001,1,32,1,False,0.1,lr5e-05_bs32_modL1_fusion32_fusionL1_fusionBN0_drop0p1__wd1e-04trmiss40_trlocglobal,30,0.5573084354400635,0.6610175371170044,0.6956521739130435,0.7779918699281962,0.6666666666666666,0.0,0.0,0.0,0.0,0.0,0.0,0.0,0.0,0.0,,,,,18473,global,0.4
1,1,lr1e-05_bs32_modL1_fusion16_fusionL1_fusionBN0_drop0p2__wd1e-04trmiss40_trlocglobal,32,1e-05,0.0001,1,16,1,False,0.2,lr1e-05_bs32_modL1_fusion16_fusionL1_fusionBN0_drop0p2__wd1e-04trmiss40_trlocglobal,1,0.6944903433322906,0.6892977952957153,0.6106719367588933,0.6011648090113747,0.5777777777777777,0.0,0.0,0.0,0.0,0.0,0.0,0.0,0.0,0.0,,,,,18473,global,0.4
1,1,lr1e-05_bs32_modL1_fusion16_fusionL1_fusionBN0_drop0p2__wd1e-04trmiss40_trlocglobal,32,1e-05,0.0001,1,16,1,False,0.2,lr1e-05_bs32_modL1_fusion16_fusionL1_fusionBN0_drop0p2__wd1e-04trmiss40_trlocglobal,2,0.6968321700890859,0.6875419616699219,0.6383399209486167,0.634651215061931,0.6,0.0,0.0,0.0,0.0,0.0,0.0,0.0,0.0,0.0,,,,,18473,global,0.4
1,1,lr1e-05_bs32_modL1_fusion16_fusionL1_fusionBN0_drop0p2__wd1e-04trmiss40_trlocglobal,32,1e-05,0.0001,1,16,1,False,0.2,lr1e-05_bs32_modL1_fusion16_fusionL1_fusionBN0_drop0p2__wd1e-04trmiss40_trlocglobal,3,0.6964397728443146,0.6857945322990417,0.6521739130434783,0.6510695670833658,0.6222222222222222,0.0,0.0,0.0,0.0,0.0,0.0,0.0,0.0,0.0,,,,,18473,global,0.4
1,1,lr1e-05_bs32_modL1_fusion16_fusionL1_fusionBN0_drop0p2__wd1e-04trmiss40_trlocglobal,32,1e-05,0.0001,1,16,1,False,0.2,lr1e-05_bs32_modL1_fusion16_fusionL1_fusionBN0_drop0p2__wd1e-04trmiss40_trlocglobal,4,0.6919389565785726,0.6845400035381317,0.6482213438735178,0.64951131539893,0.6666666666666666,0.0,0.0,0.0,0.0,0.0,0.0,0.0,0.0,0.0,,,,,18473,global,0.4
1,1,lr1e-05_bs32_modL1_fusion16_fusionL1_fusionBN0_drop0p2__wd1e-04trmiss40_trlocglobal,32,1e-05,0.0001,1,16,1,False,0.2,lr1e-05_bs32_modL1_fusion16_fusionL1_fusionBN0_drop0p2__wd1e-04trmiss40_trlocglobal,5,0.6930833458900452,0.6836965382099152,0.6462450592885376,0.6511071242613171,0.6222222222222222,0.0,0.0,0.0,0.0,0.0,0.0,0.0,0.0,0.0,,,,,18473,global,0.4
1,1,lr1e-05_bs32_modL1_fusion16_fusionL1_fusionBN0_drop0p2__wd1e-04trmiss40_trlocglobal,32,1e-05,0.0001,1,16,1,False,0.2,lr1e-05_bs32_modL1_fusion16_fusionL1_fusionBN0_drop0p2__wd1e-04trmiss40_trlocglobal,6,0.6857057710488638,0.6830062866210938,0.6422924901185771,0.6512544345708348,0.6,0.0,0.0,0.0,0.0,0.0,0.0,0.0,0.0,0.0,,,,,18473,global,0.4
1,1,lr1e-05_bs32_modL1_fusion16_fusionL1_fusionBN0_drop0p2__wd1e-04trmiss40_trlocglobal,32,1e-05,0.0001,1,16,1,False,0.2,lr1e-05_bs32_modL1_fusion16_fusionL1_fusionBN0_drop0p2__wd1e-04trmiss40_trlocglobal,7,0.6846459110577902,0.6824932098388672,0.642292490118577,0.6566234541239151,0.6,0.0,0.0,0.0,0.0,0.0,0.0,0.0,0.0,0.0,,,,,18473,global,0.4
1,1,lr1e-05_bs32_modL1_fusion16_fusionL1_fusionBN0_drop0p2__wd1e-04trmiss40_trlocglobal,32,1e-05,0.0001,1,16,1,False,0.2,lr1e-05_bs32_modL1_fusion16_fusionL1_fusionBN0_drop0p2__wd1e-04trmiss40_trlocglobal,8,0.6842689315478007,0.6823404431343079,0.6482213438735177,0.6609984725800508,0.6222222222222222,0.0,0.0,0.0,0.0,0.0,0.0,0.0,0.0,0.0,,,,,18473,global,0.4
1,1,lr1e-05_bs32_modL1_fusion16_fusionL1_fusionBN0_drop0p2__wd1e-04trmiss40_trlocglobal,32,1e-05,0.0001,1,16,1,False,0.2,lr1e-05_bs32_modL1_fusion16_fusionL1_fusionBN0_drop0p2__wd1e-04trmiss40_trlocglobal,9,0.6787481009960175,0.6823474168777466,0.6521739130434783,0.6642187305829176,0.6,0.0,0.0,0.0,0.0,0.0,0.0,0.0,0.0,0.0,,,,,18473,global,0.4
1,1,lr1e-05_bs32_modL1_fusion16_fusionL1_fusionBN0_drop0p2__wd1e-04trmiss40_trlocglobal,32,1e-05,0.0001,1,16,1,False,0.2,lr1e-05_bs32_modL1_fusion16_fusionL1_fusionBN0_drop0p2__wd1e-04trmiss40_trlocglobal,10,0.6815294921398163,0.682329535484314,0.6442687747035573,0.6622392698884036,0.6,0.0,0.0,0.0,0.0,0.0,0.0,0.0,0.0,0.0,,,,,18473,global,0.4
1,1,lr1e-05_bs32_modL1_fusion16_fusionL1_fusionBN0_drop0p2__wd1e-04trmiss40_trlocglobal,32,1e-05,0.0001,1,16,1,False,0.2,lr1e-05_bs32_modL1_fusion16_fusionL1_fusionBN0_drop0p2__wd1e-04trmiss40_trlocglobal,11,0.679645836353302,0.682478129863739,0.6422924901185771,0.6604753470912503,0.6,0.0,0.0,0.0,0.0,0.0,0.0,0.0,0.0,0.0,,,,,18473,global,0.4
1,1,lr1e-05_bs32_modL1_fusion16_fusionL1_fusionBN0_drop0p2__wd1e-04trmiss40_trlocglobal,32,1e-05,0.0001,1,16,1,False,0.2,lr1e-05_bs32_modL1_fusion16_fusionL1_fusionBN0_drop0p2__wd1e-04trmiss40_trlocglobal,12,0.6877920130888621,0.6823334693908691,0.642292490118577,0.6588580695156369,0.6222222222222222,0.0,0.0,0.0,0.0,0.0,0.0,0.0,0.0,0.0,,,,,18473,global,0.4
1,1,lr1e-05_bs32_modL1_fusion16_fusionL1_fusionBN0_drop0p2__wd1e-04trmiss40_trlocglobal,32,1e-05,0.0001,1,16,1,False,0.2,lr1e-05_bs32_modL1_fusion16_fusionL1_fusionBN0_drop0p2__wd1e-04trmiss40_trlocglobal,13,0.6819114089012146,0.6825388371944427,0.6442687747035573,0.6609284628903781,0.6,0.0,0.0,0.0,0.0,0.0,0.0,0.0,0.0,0.0,,,,,18473,global,0.4
1,1,lr1e-05_bs32_modL1_fusion16_fusionL1_fusionBN0_drop0p2__wd1e-04trmiss40_trlocglobal,32,1e-05,0.0001,1,16,1,False,0.2,lr1e-05_bs32_modL1_fusion16_fusionL1_fusionBN0_drop0p2__wd1e-04trmiss40_trlocglobal,14,0.6768633723258972,0.682805597782135,0.6462450592885375,0.6617699776168858,0.6,0.0,0.0,0.0,0.0,0.0,0.0,0.0,0.0,0.0,,,,,18473,global,0.4
1,1,lr1e-05_bs32_modL1_fusion16_fusionL1_fusionBN0_drop0p2__wd1e-04trmiss40_trlocglobal,32,1e-05,0.0001,1,16,1,False,0.2,lr1e-05_bs32_modL1_fusion16_fusionL1_fusionBN0_drop0p2__wd1e-04trmiss40_trlocglobal,15,0.6732656955718994,0.6828672587871552,0.6343873517786562,0.6543446064247865,0.6,0.0,0.0,0.0,0.0,0.0,0.0,0.0,0.0,0.0,,,,,18473,global,0.4
1,1,lr1e-05_bs32_modL1_fusion16_fusionL1_fusionBN0_drop0p2__wd1e-04trmiss40_trlocglobal,32,1e-05,0.0001,1,16,1,False,0.2,lr1e-05_bs32_modL1_fusion16_fusionL1_fusionBN0_drop0p2__wd1e-04trmiss40_trlocglobal,16,0.6729244490464529,0.6829101145267487,0.6363636363636364,0.6546621002205412,0.6,0.0,0.0,0.0,0.0,0.0,0.0,0.0,0.0,0.0,,,,,18473,global,0.4
1,1,lr1e-05_bs32_modL1_fusion16_fusionL1_fusionBN0_drop0p2__wd1e-04trmiss40_trlocglobal,32,1e-05,0.0001,1,16,1,False,0.2,lr1e-05_bs32_modL1_fusion16_fusionL1_fusionBN0_drop0p2__wd1e-04trmiss40_trlocglobal,17,0.6745862563451132,0.6832318902015686,0.6284584980237153,0.6478253829259217,0.5777777777777777,0.0,0.0,0.0,0.0,0.0,0.0,0.0,0.0,0.0,,,,,18473,global,0.4
1,1,lr1e-05_bs32_modL1_fusion16_fusionL1_fusionBN0_drop0p2__wd1e-04trmiss40_trlocglobal,32,1e-05,0.0001,1,16,1,False,0.2,lr1e-05_bs32_modL1_fusion16_fusionL1_fusionBN0_drop0p2__wd1e-04trmiss40_trlocglobal,18,0.6736805438995361,0.6831551492214203,0.6284584980237153,0.6519177304965301,0.5777777777777777,0.0,0.0,0.0,0.0,0.0,0.0,0.0,0.0,0.0,,,,,18473,global,0.4
1,1,lr1e-05_bs32_modL1_fusion16_fusionL1_fusionBN0_drop0p2__wd1e-04trmiss40_trlocglobal,32,1e-05,0.0001,1,16,1,False,0.2,lr1e-05_bs32_modL1_fusion16_fusionL1_fusionBN0_drop0p2__wd1e-04trmiss40_trlocglobal,19,0.6728235284487406,0.6830384135246277,0.6245059288537549,0.6482498657136583,0.5777777777777777,0.0,0.0,0.0,0.0,0.0,0.0,0.0,0.0,0.0,,,,,18473,global,0.4
1,1,lr1e-05_bs32_modL1_fusion16_fusionL1_fusionBN0_drop0p2__wd1e-04trmiss40_trlocglobal,32,1e-05,0.0001,1,16,1,False,0.2,lr1e-05_bs32_modL1_fusion16_fusionL1_fusionBN0_drop0p2__wd1e-04trmiss40_trlocglobal,20,0.6702268918355306,0.6830598711967468,0.6264822134387352,0.6510166641326306,0.5555555555555556,0.0,0.0,0.0,0.0,0.0,0.0,0.0,0.0,0.0,,,,,18473,global,0.4
1,1,lr1e-05_bs32_modL1_fusion16_fusionL1_fusionBN0_drop0p2__wd1e-04trmiss40_trlocglobal,32,1e-05,0.0001,1,16,1,False,0.2,lr1e-05_bs32_modL1_fusion16_fusionL1_fusionBN0_drop0p2__wd1e-04trmiss40_trlocglobal,21,0.6719441612561544,0.6829791367053986,0.6225296442687747,0.6490842969828722,0.5777777777777777,0.0,0.0,0.0,0.0,0.0,0.0,0.0,0.0,0.0,,,,,18473,global,0.4
1,1,lr1e-05_bs32_modL1_fusion16_fusionL1_fusionBN0_drop0p2__wd1e-04trmiss40_trlocglobal,32,1e-05,0.0001,1,16,1,False,0.2,lr1e-05_bs32_modL1_fusion16_fusionL1_fusionBN0_drop0p2__wd1e-04trmiss40_trlocglobal,22,0.6728452742099762,0.6831405758857727,0.6245059288537549,0.6497399215515403,0.5777777777777777,0.0,0.0,0.0,0.0,0.0,0.0,0.0,0.0,0.0,,,,,18473,global,0.4
1,1,lr1e-05_bs32_modL1_fusion16_fusionL1_fusionBN0_drop0p2__wd1e-04trmiss40_trlocglobal,32,1e-05,0.0001,1,16,1,False,0.2,lr1e-05_bs32_modL1_fusion16_fusionL1_fusionBN0_drop0p2__wd1e-04trmiss40_trlocglobal,23,0.6738844116528829,0.6831689774990082,0.6225296442687747,0.6491214541138509,0.6,0.0,0.0,0.0,0.0,0.0,0.0,0.0,0.0,0.0,,,,,18473,global,0.4
1,1,lr1e-05_bs32_modL1_fusion16_fusionL1_fusionBN0_drop0p2__wd1e-04trmiss40_trlocglobal,32,1e-05,0.0001,1,16,1,False,0.2,lr1e-05_bs32_modL1_fusion16_fusionL1_fusionBN0_drop0p2__wd1e-04trmiss40_trlocglobal,24,0.673474003871282,0.6830087006092072,0.6225296442687747,0.6492089620554963,0.5777777777777777,0.0,0.0,0.0,0.0,0.0,0.0,0.0,0.0,0.0,,,,,18473,global,0.4
1,1,lr1e-05_bs32_modL1_fusion16_fusionL1_fusionBN0_drop0p2__wd1e-04trmiss40_trlocglobal,32,1e-05,0.0001,1,16,1,False,0.2,lr1e-05_bs32_modL1_fusion16_fusionL1_fusionBN0_drop0p2__wd1e-04trmiss40_trlocglobal,25,0.6706732710202535,0.6829966306686401,0.6225296442687748,0.6479800834072628,0.5555555555555556,0.0,0.0,0.0,0.0,0.0,0.0,0.0,0.0,0.0,,,,,18473,global,0.4
1,1,lr1e-05_bs32_modL1_fusion16_fusionL1_fusionBN0_drop0p2__wd1e-04trmiss40_trlocglobal,32,1e-05,0.0001,1,16,1,False,0.2,lr1e-05_bs32_modL1_fusion16_fusionL1_fusionBN0_drop0p2__wd1e-04trmiss40_trlocglobal,26,0.6710258324941,0.6830132007598877,0.6225296442687747,0.6477452514588758,0.5555555555555556,0.0,0.0,0.0,0.0,0.0,0.0,0.0,0.0,0.0,,,,,18473,global,0.4
1,1,lr1e-05_bs32_modL1_fusion16_fusionL1_fusionBN0_drop0p2__wd1e-04trmiss40_trlocglobal,32,1e-05,0.0001,1,16,1,False,0.2,lr1e-05_bs32_modL1_fusion16_fusionL1_fusionBN0_drop0p2__wd1e-04trmiss40_trlocglobal,27,0.6740865409374237,0.6829734742641449,0.624505928853755,0.6491830392415986,0.5555555555555556,0.0,0.0,0.0,0.0,0.0,0.0,0.0,0.0,0.0,,,,,18473,global,0.4
1,1,lr1e-05_bs32_modL1_fusion16_fusionL1_fusionBN0_drop0p2__wd1e-04trmiss40_trlocglobal,32,1e-05,0.0001,1,16,1,False,0.2,lr1e-05_bs32_modL1_fusion16_fusionL1_fusionBN0_drop0p2__wd1e-04trmiss40_trlocglobal,28,0.670436809460322,0.6831124126911163,0.616600790513834,0.64409199357193,0.5555555555555556,0.0,0.0,0.0,0.0,0.0,0.0,0.0,0.0,0.0,,,,,18473,global,0.4
1,1,lr1e-05_bs32_modL1_fusion16_fusionL1_fusionBN0_drop0p2__wd1e-04trmiss40_trlocglobal,32,1e-05,0.0001,1,16,1,False,0.2,lr1e-05_bs32_modL1_fusion16_fusionL1_fusionBN0_drop0p2__wd1e-04trmiss40_trlocglobal,29,0.6675065060456594,0.6830901503562927,0.616600790513834,0.6439900788592974,0.5777777777777777,0.0,0.0,0.0,0.0,0.0,0.0,0.0,0.0,0.0,,,,,18473,global,0.4
1,1,lr1e-05_bs32_modL1_fusion16_fusionL1_fusionBN0_drop0p1__wd1e-04trmiss40_trlocglobal,32,1e-05,0.0001,1,16,1,False,0.1,lr1e-05_bs32_modL1_fusion16_fusionL1_fusionBN0_drop0p1__wd1e-04trmiss40_trlocglobal,1,0.6898200313250223,0.6925995349884033,0.5711462450592886,0.5906581909785207,0.5111111111111111,0.0,0.0,0.0,0.0,0.0,0.0,0.0,0.0,0.0,,,,,18473,global,0.4
1,1,lr1e-05_bs32_modL1_fusion16_fusionL1_fusionBN0_drop0p1__wd1e-04trmiss40_trlocglobal,32,1e-05,0.0001,1,16,1,False,0.1,lr1e-05_bs32_modL1_fusion16_fusionL1_fusionBN0_drop0p1__wd1e-04trmiss40_trlocglobal,2,0.6971818208694458,0.6917466521263123,0.5790513833992095,0.5916064035037213,0.5111111111111111,0.0,0.0,0.0,0.0,0.0,0.0,0.0,0.0,0.0,,,,,18473,global,0.4
1,1,lr1e-05_bs32_modL1_fusion16_fusionL1_fusionBN0_drop0p1__wd1e-04trmiss40_trlocglobal,32,1e-05,0.0001,1,16,1,False,0.1,lr1e-05_bs32_modL1_fusion16_fusionL1_fusionBN0_drop0p1__wd1e-04trmiss40_trlocglobal,3,0.691177487373352,0.6906546652317047,0.5830039525691699,0.5885699367904373,0.5333333333333333,0.0,0.0,0.0,0.0,0.0,0.0,0.0,0.0,0.0,,,,,18473,global,0.4
1,1,lr1e-05_bs32_modL1_fusion16_fusionL1_fusionBN0_drop0p1__wd1e-04trmiss40_trlocglobal,32,1e-05,0.0001,1,16,1,False,0.1,lr1e-05_bs32_modL1_fusion16_fusionL1_fusionBN0_drop0p1__wd1e-04trmiss40_trlocglobal,4,0.6853119730949402,0.6900718510150909,0.5830039525691699,0.5877873384184757,0.5333333333333333,0.0,0.0,0.0,0.0,0.0,0.0,0.0,0.0,0.0,,,,,18473,global,0.4
1,1,lr1e-05_bs32_modL1_fusion16_fusionL1_fusionBN0_drop0p1__wd1e-04trmiss40_trlocglobal,32,1e-05,0.0001,1,16,1,False,0.1,lr1e-05_bs32_modL1_fusion16_fusionL1_fusionBN0_drop0p1__wd1e-04trmiss40_trlocglobal,5,0.6897213856379191,0.6899746358394623,0.575098814229249,0.5727649213245668,0.5333333333333333,0.0,0.0,0.0,0.0,0.0,0.0,0.0,0.0,0.0,,,,,18473,global,0.4
1,1,lr1e-05_bs32_modL1_fusion16_fusionL1_fusionBN0_drop0p1__wd1e-04trmiss40_trlocglobal,32,1e-05,0.0001,1,16,1,False,0.1,lr1e-05_bs32_modL1_fusion16_fusionL1_fusionBN0_drop0p1__wd1e-04trmiss40_trlocglobal,6,0.6863678892453512,0.6891708672046661,0.5810276679841898,0.5658205597493391,0.5333333333333333,0.0,0.0,0.0,0.0,0.0,0.0,0.0,0.0,0.0,,,,,18473,global,0.4
1,1,lr1e-05_bs32_modL1_fusion16_fusionL1_fusionBN0_drop0p1__wd1e-04trmiss40_trlocglobal,32,1e-05,0.0001,1,16,1,False,0.1,lr1e-05_bs32_modL1_fusion16_fusionL1_fusionBN0_drop0p1__wd1e-04trmiss40_trlocglobal,7,0.6823686559995016,0.6877859234809875,0.5909090909090909,0.5707405719347975,0.5333333333333333,0.0,0.0,0.0,0.0,0.0,0.0,0.0,0.0,0.0,,,,,18473,global,0.4
1,1,lr1e-05_bs32_modL1_fusion16_fusionL1_fusionBN0_drop0p1__wd1e-04trmiss40_trlocglobal,32,1e-05,0.0001,1,16,1,False,0.1,lr1e-05_bs32_modL1_fusion16_fusionL1_fusionBN0_drop0p1__wd1e-04trmiss40_trlocglobal,8,0.6826835672060648,0.6868630349636078,0.608695652173913,0.5818551122957442,0.5333333333333333,0.0,0.0,0.0,0.0,0.0,0.0,0.0,0.0,0.0,,,,,18473,global,0.4
1,1,lr1e-05_bs32_modL1_fusion16_fusionL1_fusionBN0_drop0p1__wd1e-04trmiss40_trlocglobal,32,1e-05,0.0001,1,16,1,False,0.1,lr1e-05_bs32_modL1_fusion16_fusionL1_fusionBN0_drop0p1__wd1e-04trmiss40_trlocglobal,9,0.6789700090885162,0.685896635055542,0.6205533596837944,0.6083207794510666,0.5333333333333333,0.0,0.0,0.0,0.0,0.0,0.0,0.0,0.0,0.0,,,,,18473,global,0.4
1,1,lr1e-05_bs32_modL1_fusion16_fusionL1_fusionBN0_drop0p1__wd1e-04trmiss40_trlocglobal,32,1e-05,0.0001,1,16,1,False,0.1,lr1e-05_bs32_modL1_fusion16_fusionL1_fusionBN0_drop0p1__wd1e-04trmiss40_trlocglobal,10,0.6779149274031321,0.6850844323635101,0.6284584980237155,0.6126592111413022,0.5333333333333333,0.0,0.0,0.0,0.0,0.0,0.0,0.0,0.0,0.0,,,,,18473,global,0.4
1,1,lr1e-05_bs32_modL1_fusion16_fusionL1_fusionBN0_drop0p1__wd1e-04trmiss40_trlocglobal,32,1e-05,0.0001,1,16,1,False,0.1,lr1e-05_bs32_modL1_fusion16_fusionL1_fusionBN0_drop0p1__wd1e-04trmiss40_trlocglobal,11,0.6735150814056396,0.6844950318336487,0.6324110671936759,0.6158986940401383,0.5333333333333333,0.0,0.0,0.0,0.0,0.0,0.0,0.0,0.0,0.0,,,,,18473,global,0.4
1,1,lr1e-05_bs32_modL1_fusion16_fusionL1_fusionBN0_drop0p1__wd1e-04trmiss40_trlocglobal,32,1e-05,0.0001,1,16,1,False,0.1,lr1e-05_bs32_modL1_fusion16_fusionL1_fusionBN0_drop0p1__wd1e-04trmiss40_trlocglobal,12,0.6775840818881989,0.6843060255050659,0.6324110671936759,0.6197825749461935,0.5333333333333333,0.0,0.0,0.0,0.0,0.0,0.0,0.0,0.0,0.0,,,,,18473,global,0.4
1,1,lr1e-05_bs32_modL1_fusion16_fusionL1_fusionBN0_drop0p1__wd1e-04trmiss40_trlocglobal,32,1e-05,0.0001,1,16,1,False,0.1,lr1e-05_bs32_modL1_fusion16_fusionL1_fusionBN0_drop0p1__wd1e-04trmiss40_trlocglobal,13,0.6721838017304739,0.6842357516288757,0.6304347826086957,0.6144875286749056,0.5333333333333333,0.0,0.0,0.0,0.0,0.0,0.0,0.0,0.0,0.0,,,,,18473,global,0.4
1,1,lr1e-05_bs32_modL1_fusion16_fusionL1_fusionBN0_drop0p1__wd1e-04trmiss40_trlocglobal,32,1e-05,0.0001,1,16,1,False,0.1,lr1e-05_bs32_modL1_fusion16_fusionL1_fusionBN0_drop0p1__wd1e-04trmiss40_trlocglobal,14,0.6707074046134949,0.6841503977775574,0.6383399209486166,0.6237040713159832,0.5333333333333333,0.0,0.0,0.0,0.0,0.0,0.0,0.0,0.0,0.0,,,,,18473,global,0.4
1,1,lr1e-05_bs32_modL1_fusion16_fusionL1_fusionBN0_drop0p1__wd1e-04trmiss40_trlocglobal,32,1e-05,0.0001,1,16,1,False,0.1,lr1e-05_bs32_modL1_fusion16_fusionL1_fusionBN0_drop0p1__wd1e-04trmiss40_trlocglobal,15,0.6733239491780599,0.6834201514720917,0.650197628458498,0.6359936457053659,0.5333333333333333,0.0,0.0,0.0,0.0,0.0,0.0,0.0,0.0,0.0,,,,,18473,global,0.4
1,1,lr1e-05_bs32_modL1_fusion16_fusionL1_fusionBN0_drop0p1__wd1e-04trmiss40_trlocglobal,32,1e-05,0.0001,1,16,1,False,0.1,lr1e-05_bs32_modL1_fusion16_fusionL1_fusionBN0_drop0p1__wd1e-04trmiss40_trlocglobal,16,0.6680676142374674,0.6824693381786346,0.6561264822134388,0.6563426103787198,0.5333333333333333,0.0,0.0,0.0,0.0,0.0,0.0,0.0,0.0,0.0,,,,,18473,global,0.4
1,1,lr1e-05_bs32_modL1_fusion16_fusionL1_fusionBN0_drop0p1__wd1e-04trmiss40_trlocglobal,32,1e-05,0.0001,1,16,1,False,0.1,lr1e-05_bs32_modL1_fusion16_fusionL1_fusionBN0_drop0p1__wd1e-04trmiss40_trlocglobal,17,0.666417807340622,0.6819229423999786,0.6561264822134387,0.6546666967748419,0.5333333333333333,0.0,0.0,0.0,0.0,0.0,0.0,0.0,0.0,0.0,,,,,18473,global,0.4
1,1,lr1e-05_bs32_modL1_fusion16_fusionL1_fusionBN0_drop0p1__wd1e-04trmiss40_trlocglobal,32,1e-05,0.0001,1,16,1,False,0.1,lr1e-05_bs32_modL1_fusion16_fusionL1_fusionBN0_drop0p1__wd1e-04trmiss40_trlocglobal,18,0.6650365591049194,0.6819932162761688,0.6600790513833992,0.6554222196691115,0.5555555555555556,0.0,0.0,0.0,0.0,0.0,0.0,0.0,0.0,0.0,,,,,18473,global,0.4
1,1,lr1e-05_bs32_modL1_fusion16_fusionL1_fusionBN0_drop0p1__wd1e-04trmiss40_trlocglobal,32,1e-05,0.0001,1,16,1,False,0.1,lr1e-05_bs32_modL1_fusion16_fusionL1_fusionBN0_drop0p1__wd1e-04trmiss40_trlocglobal,19,0.6630506813526154,0.6815998554229736,0.6541501976284585,0.6488336698730479,0.5555555555555556,0.0,0.0,0.0,0.0,0.0,0.0,0.0,0.0,0.0,,,,,18473,global,0.4
1,1,lr1e-05_bs32_modL1_fusion16_fusionL1_fusionBN0_drop0p1__wd1e-04trmiss40_trlocglobal,32,1e-05,0.0001,1,16,1,False,0.1,lr1e-05_bs32_modL1_fusion16_fusionL1_fusionBN0_drop0p1__wd1e-04trmiss40_trlocglobal,20,0.6600675781567892,0.6814700663089752,0.658102766798419,0.6668884104341822,0.5333333333333333,0.0,0.0,0.0,0.0,0.0,0.0,0.0,0.0,0.0,,,,,18473,global,0.4
1,1,lr1e-05_bs32_modL1_fusion16_fusionL1_fusionBN0_drop0p1__wd1e-04trmiss40_trlocglobal,32,1e-05,0.0001,1,16,1,False,0.1,lr1e-05_bs32_modL1_fusion16_fusionL1_fusionBN0_drop0p1__wd1e-04trmiss40_trlocglobal,21,0.6671800414721171,0.6816480755805969,0.6541501976284585,0.6530214802629043,0.5333333333333333,0.0,0.0,0.0,0.0,0.0,0.0,0.0,0.0,0.0,,,,,18473,global,0.4
1,1,lr1e-05_bs32_modL1_fusion16_fusionL1_fusionBN0_drop0p1__wd1e-04trmiss40_trlocglobal,32,1e-05,0.0001,1,16,1,False,0.1,lr1e-05_bs32_modL1_fusion16_fusionL1_fusionBN0_drop0p1__wd1e-04trmiss40_trlocglobal,22,0.6618848343690237,0.6817905604839325,0.658102766798419,0.65557110027808,0.5333333333333333,0.0,0.0,0.0,0.0,0.0,0.0,0.0,0.0,0.0,,,,,18473,global,0.4
1,1,lr1e-05_bs32_modL1_fusion16_fusionL1_fusionBN0_drop0p1__wd1e-04trmiss40_trlocglobal,32,1e-05,0.0001,1,16,1,False,0.1,lr1e-05_bs32_modL1_fusion16_fusionL1_fusionBN0_drop0p1__wd1e-04trmiss40_trlocglobal,23,0.6606335043907166,0.6818358302116394,0.6561264822134387,0.6688247399199585,0.5333333333333333,0.0,0.0,0.0,0.0,0.0,0.0,0.0,0.0,0.0,,,,,18473,global,0.4
1,1,lr1e-05_bs32_modL1_fusion16_fusionL1_fusionBN0_drop0p1__wd1e-04trmiss40_trlocglobal,32,1e-05,0.0001,1,16,1,False,0.1,lr1e-05_bs32_modL1_fusion16_fusionL1_fusionBN0_drop0p1__wd1e-04trmiss40_trlocglobal,24,0.6543029149373373,0.6818810403347015,0.6600790513833992,0.6700690592972918,0.5333333333333333,0.0,0.0,0.0,0.0,0.0,0.0,0.0,0.0,0.0,,,,,18473,global,0.4
1,1,lr1e-05_bs32_modL1_fusion16_fusionL1_fusionBN0_drop0p1__wd1e-04trmiss40_trlocglobal,32,1e-05,0.0001,1,16,1,False,0.1,lr1e-05_bs32_modL1_fusion16_fusionL1_fusionBN0_drop0p1__wd1e-04trmiss40_trlocglobal,25,0.6593853831291199,0.681970477104187,0.6561264822134387,0.6672859029672247,0.5555555555555556,0.0,0.0,0.0,0.0,0.0,0.0,0.0,0.0,0.0,,,,,18473,global,0.4
1,1,lr1e-05_bs32_modL1_fusion16_fusionL1_fusionBN0_drop0p1__wd1e-04trmiss40_trlocglobal,32,1e-05,0.0001,1,16,1,False,0.1,lr1e-05_bs32_modL1_fusion16_fusionL1_fusionBN0_drop0p1__wd1e-04trmiss40_trlocglobal,26,0.6622311373551687,0.6822651028633118,0.6561264822134387,0.668319118416916,0.5555555555555556,0.0,0.0,0.0,0.0,0.0,0.0,0.0,0.0,0.0,,,,,18473,global,0.4
1,1,lr1e-05_bs32_modL1_fusion16_fusionL1_fusionBN0_drop0p1__wd1e-04trmiss40_trlocglobal,32,1e-05,0.0001,1,16,1,False,0.1,lr1e-05_bs32_modL1_fusion16_fusionL1_fusionBN0_drop0p1__wd1e-04trmiss40_trlocglobal,27,0.6562734146912893,0.6824958622455597,0.6501976284584979,0.6636201764097899,0.5333333333333333,0.0,0.0,0.0,0.0,0.0,0.0,0.0,0.0,0.0,,,,,18473,global,0.4
1,1,lr1e-05_bs32_modL1_fusion16_fusionL1_fusionBN0_drop0p1__wd1e-04trmiss40_trlocglobal,32,1e-05,0.0001,1,16,1,False,0.1,lr1e-05_bs32_modL1_fusion16_fusionL1_fusionBN0_drop0p1__wd1e-04trmiss40_trlocglobal,28,0.6563238402207693,0.682729035615921,0.6462450592885376,0.6478960370546589,0.5333333333333333,0.0,0.0,0.0,0.0,0.0,0.0,0.0,0.0,0.0,,,,,18473,global,0.4
1,1,lr1e-05_bs32_modL1_fusion16_fusionL1_fusionBN0_drop0p1__wd1e-04trmiss40_trlocglobal,32,1e-05,0.0001,1,16,1,False,0.1,lr1e-05_bs32_modL1_fusion16_fusionL1_fusionBN0_drop0p1__wd1e-04trmiss40_trlocglobal,29,0.6577152411142985,0.6826631724834442,0.6462450592885375,0.6473607933128935,0.5333333333333333,0.0,0.0,0.0,0.0,0.0,0.0,0.0,0.0,0.0,,,,,18473,global,0.4
1,1,lr1e-05_bs32_modL1_fusion16_fusionL1_fusionBN0_drop0p1__wd1e-04trmiss40_trlocglobal,32,1e-05,0.0001,1,16,1,False,0.1,lr1e-05_bs32_modL1_fusion16_fusionL1_fusionBN0_drop0p1__wd1e-04trmiss40_trlocglobal,30,0.650730162858963,0.6827673316001892,0.6442687747035574,0.6473058982241416,0.5333333333333333,0.0,0.0,0.0,0.0,0.0,0.0,0.0,0.0,0.0,,,,,18473,global,0.4
1,1,lr1e-05_bs32_modL1_fusion16_fusionL1_fusionBN0_drop0p1__wd1e-04trmiss40_trlocglobal,32,1e-05,0.0001,1,16,1,False,0.1,lr1e-05_bs32_modL1_fusion16_fusionL1_fusionBN0_drop0p1__wd1e-04trmiss40_trlocglobal,31,0.6565564970175425,0.6821601986885071,0.6482213438735178,0.6664269324187052,0.5333333333333333,0.0,0.0,0.0,0.0,0.0,0.0,0.0,0.0,0.0,,,,,18473,global,0.4
1,1,lr1e-05_bs32_modL1_fusion16_fusionL1_fusionBN0_drop0p1__wd1e-04trmiss40_trlocglobal,32,1e-05,0.0001,1,16,1,False,0.1,lr1e-05_bs32_modL1_fusion16_fusionL1_fusionBN0_drop0p1__wd1e-04trmiss40_trlocglobal,32,0.6518521209557852,0.6819680333137512,0.6462450592885376,0.6643464947404415,0.5333333333333333,0.0,0.0,0.0,0.0,0.0,0.0,0.0,0.0,0.0,,,,,18473,global,0.4
1,1,lr1e-05_bs32_modL1_fusion16_fusionL1_fusionBN0_drop0p1__wd1e-04trmiss40_trlocglobal,32,1e-05,0.0001,1,16,1,False,0.1,lr1e-05_bs32_modL1_fusion16_fusionL1_fusionBN0_drop0p1__wd1e-04trmiss40_trlocglobal,33,0.6519673268000284,0.6819985210895538,0.6403162055335968,0.6615324832425925,0.5333333333333333,0.0,0.0,0.0,0.0,0.0,0.0,0.0,0.0,0.0,,,,,18473,global,0.4
1,1,lr1e-05_bs32_modL1_fusion16_fusionL1_fusionBN0_drop0p1__wd1e-04trmiss40_trlocglobal,32,1e-05,0.0001,1,16,1,False,0.1,lr1e-05_bs32_modL1_fusion16_fusionL1_fusionBN0_drop0p1__wd1e-04trmiss40_trlocglobal,34,0.6580832898616791,0.6822402775287628,0.6363636363636364,0.6559183190606535,0.5333333333333333,0.0,0.0,0.0,0.0,0.0,0.0,0.0,0.0,0.0,,,,,18473,global,0.4
1,1,lr1e-05_bs32_modL1_fusion16_fusionL1_fusionBN0_drop0p1__wd1e-04trmiss40_trlocglobal,32,1e-05,0.0001,1,16,1,False,0.1,lr1e-05_bs32_modL1_fusion16_fusionL1_fusionBN0_drop0p1__wd1e-04trmiss40_trlocglobal,35,0.6534654895464579,0.6820416450500488,0.6324110671936759,0.65200740686969,0.5333333333333333,0.0,0.0,0.0,0.0,0.0,0.0,0.0,0.0,0.0,,,,,18473,global,0.4
1,1,lr1e-05_bs32_modL1_fusion16_fusionL1_fusionBN0_drop0p1__wd1e-04trmiss40_trlocglobal,32,1e-05,0.0001,1,16,1,False,0.1,lr1e-05_bs32_modL1_fusion16_fusionL1_fusionBN0_drop0p1__wd1e-04trmiss40_trlocglobal,36,0.6535072227319082,0.682144969701767,0.6304347826086957,0.6492406084507177,0.5333333333333333,0.0,0.0,0.0,0.0,0.0,0.0,0.0,0.0,0.0,,,,,18473,global,0.4
1,1,lr1e-05_bs32_modL1_fusion16_fusionL1_fusionBN0_drop0p1__wd1e-04trmiss40_trlocglobal,32,1e-05,0.0001,1,16,1,False,0.1,lr1e-05_bs32_modL1_fusion16_fusionL1_fusionBN0_drop0p1__wd1e-04trmiss40_trlocglobal,37,0.651752382516861,0.682575523853302,0.6343873517786561,0.6527896861845781,0.5333333333333333,0.0,0.0,0.0,0.0,0.0,0.0,0.0,0.0,0.0,,,,,18473,global,0.4
1,1,lr1e-05_bs32_modL1_fusion16_fusionL1_fusionBN0_drop0p1__wd1e-04trmiss40_trlocglobal,32,1e-05,0.0001,1,16,1,False,0.1,lr1e-05_bs32_modL1_fusion16_fusionL1_fusionBN0_drop0p1__wd1e-04trmiss40_trlocglobal,38,0.6444408595561981,0.682611733675003,0.6343873517786561,0.6523306648241781,0.5333333333333333,0.0,0.0,0.0,0.0,0.0,0.0,0.0,0.0,0.0,,,,,18473,global,0.4
1,1,lr1e-05_bs32_modL1_fusion16_fusionL1_fusionBN0_drop0p1__wd1e-04trmiss40_trlocglobal,32,1e-05,0.0001,1,16,1,False,0.1,lr1e-05_bs32_modL1_fusion16_fusionL1_fusionBN0_drop0p1__wd1e-04trmiss40_trlocglobal,39,0.6401291787624359,0.6825535595417023,0.6304347826086956,0.6474934730304646,0.5333333333333333,0.0,0.0,0.0,0.0,0.0,0.0,0.0,0.0,0.0,,,,,18473,global,0.4
1,1,lr1e-05_bs32_modL1_fusion16_fusionL1_fusionBN0_drop0p1__wd1e-04trmiss40_trlocglobal,32,1e-05,0.0001,1,16,1,False,0.1,lr1e-05_bs32_modL1_fusion16_fusionL1_fusionBN0_drop0p1__wd1e-04trmiss40_trlocglobal,40,0.6451553304990133,0.6826888918876648,0.6343873517786561,0.6511525274474211,0.5555555555555556,0.0,0.0,0.0,0.0,0.0,0.0,0.0,0.0,0.0,,,,,18473,global,0.4
1,1,lr1e-05_bs32_modL1_fusion16_fusionL1_fusionBN0_drop0p1__wd1e-04trmiss40_trlocglobal,32,1e-05,0.0001,1,16,1,False,0.1,lr1e-05_bs32_modL1_fusion16_fusionL1_fusionBN0_drop0p1__wd1e-04trmiss40_trlocglobal,41,0.6477532486120859,0.6828921735286713,0.6422924901185771,0.655092025952137,0.5333333333333333,0.0,0.0,0.0,0.0,0.0,0.0,0.0,0.0,0.0,,,,,18473,global,0.4
1,1,lr1e-05_bs32_modL1_fusion16_fusionL1_fusionBN0_drop0p1__wd1e-04trmiss40_trlocglobal,32,1e-05,0.0001,1,16,1,False,0.1,lr1e-05_bs32_modL1_fusion16_fusionL1_fusionBN0_drop0p1__wd1e-04trmiss40_trlocglobal,42,0.647008995215098,0.6830891370773315,0.6363636363636364,0.6520815501155742,0.5555555555555556,0.0,0.0,0.0,0.0,0.0,0.0,0.0,0.0,0.0,,,,,18473,global,0.4
1,1,lr1e-05_bs32_modL1_fusion16_fusionL1_fusionBN0_drop0p1__wd1e-04trmiss40_trlocglobal,32,1e-05,0.0001,1,16,1,False,0.1,lr1e-05_bs32_modL1_fusion16_fusionL1_fusionBN0_drop0p1__wd1e-04trmiss40_trlocglobal,43,0.648174375295639,0.6831257343292236,0.642292490118577,0.6561646047421071,0.5333333333333333,0.0,0.0,0.0,0.0,0.0,0.0,0.0,0.0,0.0,,,,,18473,global,0.4
1,1,lr1e-05_bs32_modL1_fusion16_fusionL1_fusionBN0_drop0p1__wd1e-04trmiss40_trlocglobal,32,1e-05,0.0001,1,16,1,False,0.1,lr1e-05_bs32_modL1_fusion16_fusionL1_fusionBN0_drop0p1__wd1e-04trmiss40_trlocglobal,44,0.6512356797854105,0.6834639012813568,0.6403162055335969,0.6552670959801482,0.5555555555555556,0.0,0.0,0.0,0.0,0.0,0.0,0.0,0.0,0.0,,,,,18473,global,0.4
1,1,lr1e-05_bs32_modL1_fusion32_fusionL1_fusionBN0_drop0p2__wd1e-04trmiss40_trlocglobal,32,1e-05,0.0001,1,32,1,False,0.2,lr1e-05_bs32_modL1_fusion32_fusionL1_fusionBN0_drop0p2__wd1e-04trmiss40_trlocglobal,1,0.6919500231742859,0.6955766975879669,0.46047430830039526,0.4914254103884976,0.4222222222222222,0.0,0.0,0.0,0.0,0.0,0.0,0.0,0.0,0.0,,,,,18473,global,0.4
1,1,lr1e-05_bs32_modL1_fusion32_fusionL1_fusionBN0_drop0p2__wd1e-04trmiss40_trlocglobal,32,1e-05,0.0001,1,32,1,False,0.2,lr1e-05_bs32_modL1_fusion32_fusionL1_fusionBN0_drop0p2__wd1e-04trmiss40_trlocglobal,2,0.6914052168528239,0.6962869763374329,0.44466403162055335,0.47685098962447237,0.4,0.0,0.0,0.0,0.0,0.0,0.0,0.0,0.0,0.0,,,,,18473,global,0.4
1,1,lr1e-05_bs32_modL1_fusion32_fusionL1_fusionBN0_drop0p2__wd1e-04trmiss40_trlocglobal,32,1e-05,0.0001,1,32,1,False,0.2,lr1e-05_bs32_modL1_fusion32_fusionL1_fusionBN0_drop0p2__wd1e-04trmiss40_trlocglobal,3,0.6904896299044291,0.6967579126358032,0.45256916996047436,0.48265334432716855,0.37777777777777777,0.0,0.0,0.0,0.0,0.0,0.0,0.0,0.0,0.0,,,,,18473,global,0.4
1,1,lr1e-05_bs32_modL1_fusion32_fusionL1_fusionBN0_drop0p2__wd1e-04trmiss40_trlocglobal,32,1e-05,0.0001,1,32,1,False,0.2,lr1e-05_bs32_modL1_fusion32_fusionL1_fusionBN0_drop0p2__wd1e-04trmiss40_trlocglobal,4,0.688571959733963,0.696027934551239,0.46640316205533594,0.488169315549155,0.37777777777777777,0.0,0.0,0.0,0.0,0.0,0.0,0.0,0.0,0.0,,,,,18473,global,0.4
1,1,lr1e-05_bs32_modL1_fusion32_fusionL1_fusionBN0_drop0p2__wd1e-04trmiss40_trlocglobal,32,1e-05,0.0001,1,32,1,False,0.2,lr1e-05_bs32_modL1_fusion32_fusionL1_fusionBN0_drop0p2__wd1e-04trmiss40_trlocglobal,5,0.6858354210853577,0.6956517100334167,0.48023715415019763,0.49434276388007226,0.37777777777777777,0.0,0.0,0.0,0.0,0.0,0.0,0.0,0.0,0.0,,,,,18473,global,0.4
1,1,lr1e-05_bs32_modL1_fusion32_fusionL1_fusionBN0_drop0p2__wd1e-04trmiss40_trlocglobal,32,1e-05,0.0001,1,32,1,False,0.2,lr1e-05_bs32_modL1_fusion32_fusionL1_fusionBN0_drop0p2__wd1e-04trmiss40_trlocglobal,6,0.6837438941001892,0.6950184106826782,0.4980237154150198,0.5080661463129068,0.4444444444444444,0.0,0.0,0.0,0.0,0.0,0.0,0.0,0.0,0.0,,,,,18473,global,0.4
1,1,lr1e-05_bs32_modL1_fusion32_fusionL1_fusionBN0_drop0p2__wd1e-04trmiss40_trlocglobal,32,1e-05,0.0001,1,32,1,False,0.2,lr1e-05_bs32_modL1_fusion32_fusionL1_fusionBN0_drop0p2__wd1e-04trmiss40_trlocglobal,7,0.6863662997881571,0.6943026483058929,0.5059288537549408,0.511617929548306,0.4222222222222222,0.0,0.0,0.0,0.0,0.0,0.0,0.0,0.0,0.0,,,,,18473,global,0.4
1,1,lr1e-05_bs32_modL1_fusion32_fusionL1_fusionBN0_drop0p2__wd1e-04trmiss40_trlocglobal,32,1e-05,0.0001,1,32,1,False,0.2,lr1e-05_bs32_modL1_fusion32_fusionL1_fusionBN0_drop0p2__wd1e-04trmiss40_trlocglobal,8,0.6775006353855133,0.6940874457359314,0.5118577075098814,0.5142855234599935,0.4444444444444444,0.0,0.0,0.0,0.0,0.0,0.0,0.0,0.0,0.0,,,,,18473,global,0.4
1,1,lr1e-05_bs32_modL1_fusion32_fusionL1_fusionBN0_drop0p2__wd1e-04trmiss40_trlocglobal,32,1e-05,0.0001,1,32,1,False,0.2,lr1e-05_bs32_modL1_fusion32_fusionL1_fusionBN0_drop0p2__wd1e-04trmiss40_trlocglobal,9,0.6812938650449117,0.6938647627830505,0.5079051383399209,0.5110684506777032,0.4,0.0,0.0,0.0,0.0,0.0,0.0,0.0,0.0,0.0,,,,,18473,global,0.4
1,1,lr1e-05_bs32_modL1_fusion32_fusionL1_fusionBN0_drop0p2__wd1e-04trmiss40_trlocglobal,32,1e-05,0.0001,1,32,1,False,0.2,lr1e-05_bs32_modL1_fusion32_fusionL1_fusionBN0_drop0p2__wd1e-04trmiss40_trlocglobal,10,0.6760719418525696,0.6934321522712708,0.5098814229249011,0.5120255270845547,0.4222222222222222,0.0,0.0,0.0,0.0,0.0,0.0,0.0,0.0,0.0,,,,,18473,global,0.4
1,1,lr1e-05_bs32_modL1_fusion32_fusionL1_fusionBN0_drop0p2__wd1e-04trmiss40_trlocglobal,32,1e-05,0.0001,1,32,1,False,0.2,lr1e-05_bs32_modL1_fusion32_fusionL1_fusionBN0_drop0p2__wd1e-04trmiss40_trlocglobal,11,0.6703246434529623,0.6926325261592865,0.5079051383399209,0.5099056662690417,0.4222222222222222,0.0,0.0,0.0,0.0,0.0,0.0,0.0,0.0,0.0,,,,,18473,global,0.4
1,1,lr1e-05_bs32_modL1_fusion32_fusionL1_fusionBN0_drop0p2__wd1e-04trmiss40_trlocglobal,32,1e-05,0.0001,1,32,1,False,0.2,lr1e-05_bs32_modL1_fusion32_fusionL1_fusionBN0_drop0p2__wd1e-04trmiss40_trlocglobal,12,0.676211804151535,0.6914874911308289,0.5098814229249011,0.5061766885340471,0.4,0.0,0.0,0.0,0.0,0.0,0.0,0.0,0.0,0.0,,,,,18473,global,0.4
1,1,lr1e-05_bs32_modL1_fusion32_fusionL1_fusionBN0_drop0p2__wd1e-04trmiss40_trlocglobal,32,1e-05,0.0001,1,32,1,False,0.2,lr1e-05_bs32_modL1_fusion32_fusionL1_fusionBN0_drop0p2__wd1e-04trmiss40_trlocglobal,13,0.6740070780118307,0.6912907958030701,0.5118577075098814,0.5282315870067149,0.4,0.0,0.0,0.0,0.0,0.0,0.0,0.0,0.0,0.0,,,,,18473,global,0.4
1,1,lr1e-05_bs32_modL1_fusion32_fusionL1_fusionBN0_drop0p2__wd1e-04trmiss40_trlocglobal,32,1e-05,0.0001,1,32,1,False,0.2,lr1e-05_bs32_modL1_fusion32_fusionL1_fusionBN0_drop0p2__wd1e-04trmiss40_trlocglobal,14,0.6728034218152364,0.6914754211902618,0.5138339920948616,0.536514757202578,0.4222222222222222,0.0,0.0,0.0,0.0,0.0,0.0,0.0,0.0,0.0,,,,,18473,global,0.4
1,1,lr1e-05_bs32_modL1_fusion32_fusionL1_fusionBN0_drop0p2__wd1e-04trmiss40_trlocglobal,32,1e-05,0.0001,1,32,1,False,0.2,lr1e-05_bs32_modL1_fusion32_fusionL1_fusionBN0_drop0p2__wd1e-04trmiss40_trlocglobal,15,0.6683385769526163,0.6909409761428833,0.5217391304347826,0.553298187073315,0.4444444444444444,0.0,0.0,0.0,0.0,0.0,0.0,0.0,0.0,0.0,,,,,18473,global,0.4
1,1,lr1e-05_bs32_modL1_fusion32_fusionL1_fusionBN0_drop0p2__wd1e-04trmiss40_trlocglobal,32,1e-05,0.0001,1,32,1,False,0.2,lr1e-05_bs32_modL1_fusion32_fusionL1_fusionBN0_drop0p2__wd1e-04trmiss40_trlocglobal,16,0.6720797121524811,0.6904110610485077,0.517786561264822,0.5517680993421094,0.4222222222222222,0.0,0.0,0.0,0.0,0.0,0.0,0.0,0.0,0.0,,,,,18473,global,0.4
1,1,lr1e-05_bs32_modL1_fusion32_fusionL1_fusionBN0_drop0p2__wd1e-04trmiss40_trlocglobal,32,1e-05,0.0001,1,32,1,False,0.2,lr1e-05_bs32_modL1_fusion32_fusionL1_fusionBN0_drop0p2__wd1e-04trmiss40_trlocglobal,17,0.665521482626597,0.6904168426990509,0.5197628458498024,0.5531489426072737,0.4222222222222222,0.0,0.0,0.0,0.0,0.0,0.0,0.0,0.0,0.0,,,,,18473,global,0.4
1,1,lr1e-05_bs32_modL1_fusion32_fusionL1_fusionBN0_drop0p2__wd1e-04trmiss40_trlocglobal,32,1e-05,0.0001,1,32,1,False,0.2,lr1e-05_bs32_modL1_fusion32_fusionL1_fusionBN0_drop0p2__wd1e-04trmiss40_trlocglobal,18,0.6646505991617838,0.6906651258468628,0.5098814229249011,0.5479612447494349,0.4222222222222222,0.0,0.0,0.0,0.0,0.0,0.0,0.0,0.0,0.0,,,,,18473,global,0.4
1,1,lr1e-05_bs32_modL1_fusion32_fusionL1_fusionBN0_drop0p2__wd1e-04trmiss40_trlocglobal,32,1e-05,0.0001,1,32,1,False,0.2,lr1e-05_bs32_modL1_fusion32_fusionL1_fusionBN0_drop0p2__wd1e-04trmiss40_trlocglobal,19,0.6665860017140707,0.6900496184825897,0.5335968379446641,0.5636434338209162,0.4444444444444444,0.0,0.0,0.0,0.0,0.0,0.0,0.0,0.0,0.0,,,,,18473,global,0.4
1,1,lr1e-05_bs32_modL1_fusion32_fusionL1_fusionBN0_drop0p2__wd1e-04trmiss40_trlocglobal,32,1e-05,0.0001,1,32,1,False,0.2,lr1e-05_bs32_modL1_fusion32_fusionL1_fusionBN0_drop0p2__wd1e-04trmiss40_trlocglobal,20,0.6598690450191498,0.6903818547725677,0.5316205533596838,0.5455875913408184,0.4444444444444444,0.0,0.0,0.0,0.0,0.0,0.0,0.0,0.0,0.0,,,,,18473,global,0.4
1,1,lr1e-05_bs32_modL1_fusion32_fusionL1_fusionBN0_drop0p2__wd1e-04trmiss40_trlocglobal,32,1e-05,0.0001,1,32,1,False,0.2,lr1e-05_bs32_modL1_fusion32_fusionL1_fusionBN0_drop0p2__wd1e-04trmiss40_trlocglobal,21,0.6628925899664561,0.690385490655899,0.5335968379446641,0.5644737426707479,0.4222222222222222,0.0,0.0,0.0,0.0,0.0,0.0,0.0,0.0,0.0,,,,,18473,global,0.4
1,1,lr1e-05_bs32_modL1_fusion32_fusionL1_fusionBN0_drop0p2__wd1e-04trmiss40_trlocglobal,32,1e-05,0.0001,1,32,1,False,0.2,lr1e-05_bs32_modL1_fusion32_fusionL1_fusionBN0_drop0p2__wd1e-04trmiss40_trlocglobal,22,0.6580106019973755,0.6903192102909088,0.5434782608695652,0.5701778440832451,0.4222222222222222,0.0,0.0,0.0,0.0,0.0,0.0,0.0,0.0,0.0,,,,,18473,global,0.4
1,1,lr1e-05_bs32_modL1_fusion32_fusionL1_fusionBN0_drop0p2__wd1e-04trmiss40_trlocglobal,32,1e-05,0.0001,1,32,1,False,0.2,lr1e-05_bs32_modL1_fusion32_fusionL1_fusionBN0_drop0p2__wd1e-04trmiss40_trlocglobal,23,0.6649464269479116,0.6896484792232513,0.549407114624506,0.5732256629878415,0.4222222222222222,0.0,0.0,0.0,0.0,0.0,0.0,0.0,0.0,0.0,,,,,18473,global,0.4
1,1,lr1e-05_bs32_modL1_fusion32_fusionL1_fusionBN0_drop0p2__wd1e-04trmiss40_trlocglobal,32,1e-05,0.0001,1,32,1,False,0.2,lr1e-05_bs32_modL1_fusion32_fusionL1_fusionBN0_drop0p2__wd1e-04trmiss40_trlocglobal,24,0.6591225564479828,0.6894968450069427,0.5513833992094862,0.5745230349945957,0.4222222222222222,0.0,0.0,0.0,0.0,0.0,0.0,0.0,0.0,0.0,,,,,18473,global,0.4
1,1,lr1e-05_bs32_modL1_fusion32_fusionL1_fusionBN0_drop0p2__wd1e-04trmiss40_trlocglobal,32,1e-05,0.0001,1,32,1,False,0.2,lr1e-05_bs32_modL1_fusion32_fusionL1_fusionBN0_drop0p2__wd1e-04trmiss40_trlocglobal,25,0.6624239683151245,0.6897205114364624,0.5513833992094862,0.5710367668344144,0.4444444444444444,0.0,0.0,0.0,0.0,0.0,0.0,0.0,0.0,0.0,,,,,18473,global,0.4
1,1,lr1e-05_bs32_modL1_fusion32_fusionL1_fusionBN0_drop0p2__wd1e-04trmiss40_trlocglobal,32,1e-05,0.0001,1,32,1,False,0.2,lr1e-05_bs32_modL1_fusion32_fusionL1_fusionBN0_drop0p2__wd1e-04trmiss40_trlocglobal,26,0.6555708845456442,0.6896268427371979,0.5553359683794467,0.557802450198266,0.4444444444444444,0.0,0.0,0.0,0.0,0.0,0.0,0.0,0.0,0.0,,,,,18473,global,0.4
1,1,lr1e-05_bs32_modL1_fusion32_fusionL1_fusionBN0_drop0p2__wd1e-04trmiss40_trlocglobal,32,1e-05,0.0001,1,32,1,False,0.2,lr1e-05_bs32_modL1_fusion32_fusionL1_fusionBN0_drop0p2__wd1e-04trmiss40_trlocglobal,27,0.6516396701335907,0.6897056400775909,0.5592885375494071,0.55981541886921,0.4444444444444444,0.0,0.0,0.0,0.0,0.0,0.0,0.0,0.0,0.0,,,,,18473,global,0.4
1,1,lr1e-05_bs32_modL1_fusion32_fusionL1_fusionBN0_drop0p2__wd1e-04trmiss40_trlocglobal,32,1e-05,0.0001,1,32,1,False,0.2,lr1e-05_bs32_modL1_fusion32_fusionL1_fusionBN0_drop0p2__wd1e-04trmiss40_trlocglobal,28,0.6587452987829844,0.6892656981945038,0.5592885375494071,0.5599714655189454,0.4444444444444444,0.0,0.0,0.0,0.0,0.0,0.0,0.0,0.0,0.0,,,,,18473,global,0.4
1,1,lr1e-05_bs32_modL1_fusion32_fusionL1_fusionBN0_drop0p2__wd1e-04trmiss40_trlocglobal,32,1e-05,0.0001,1,32,1,False,0.2,lr1e-05_bs32_modL1_fusion32_fusionL1_fusionBN0_drop0p2__wd1e-04trmiss40_trlocglobal,29,0.6549713810284933,0.6896664798259735,0.5612648221343873,0.5615220856883811,0.4444444444444444,0.0,0.0,0.0,0.0,0.0,0.0,0.0,0.0,0.0,,,,,18473,global,0.4
1,1,lr1e-05_bs32_modL1_fusion32_fusionL1_fusionBN0_drop0p2__wd1e-04trmiss40_trlocglobal,32,1e-05,0.0001,1,32,1,False,0.2,lr1e-05_bs32_modL1_fusion32_fusionL1_fusionBN0_drop0p2__wd1e-04trmiss40_trlocglobal,30,0.6607995331287384,0.6893689930438995,0.5691699604743083,0.5647822896551069,0.4666666666666667,0.0,0.0,0.0,0.0,0.0,0.0,0.0,0.0,0.0,,,,,18473,global,0.4
1,1,lr1e-05_bs32_modL1_fusion32_fusionL1_fusionBN0_drop0p2__wd1e-04trmiss40_trlocglobal,32,1e-05,0.0001,1,32,1,False,0.2,lr1e-05_bs32_modL1_fusion32_fusionL1_fusionBN0_drop0p2__wd1e-04trmiss40_trlocglobal,31,0.6517952879269918,0.6885931193828583,0.5731225296442688,0.5675103373959424,0.4666666666666667,0.0,0.0,0.0,0.0,0.0,0.0,0.0,0.0,0.0,,,,,18473,global,0.4
1,1,lr1e-05_bs32_modL1_fusion32_fusionL1_fusionBN0_drop0p2__wd1e-04trmiss40_trlocglobal,32,1e-05,0.0001,1,32,1,False,0.2,lr1e-05_bs32_modL1_fusion32_fusionL1_fusionBN0_drop0p2__wd1e-04trmiss40_trlocglobal,32,0.6526372333367666,0.6883252561092377,0.5790513833992095,0.5710431571672949,0.4666666666666667,0.0,0.0,0.0,0.0,0.0,0.0,0.0,0.0,0.0,,,,,18473,global,0.4
1,1,lr1e-05_bs32_modL1_fusion32_fusionL1_fusionBN0_drop0p2__wd1e-04trmiss40_trlocglobal,32,1e-05,0.0001,1,32,1,False,0.2,lr1e-05_bs32_modL1_fusion32_fusionL1_fusionBN0_drop0p2__wd1e-04trmiss40_trlocglobal,33,0.6484582722187042,0.6883659660816193,0.575098814229249,0.5727095119622806,0.4666666666666667,0.0,0.0,0.0,0.0,0.0,0.0,0.0,0.0,0.0,,,,,18473,global,0.4
1,1,lr1e-05_bs32_modL1_fusion32_fusionL1_fusionBN0_drop0p2__wd1e-04trmiss40_trlocglobal,32,1e-05,0.0001,1,32,1,False,0.2,lr1e-05_bs32_modL1_fusion32_fusionL1_fusionBN0_drop0p2__wd1e-04trmiss40_trlocglobal,34,0.6515453060468038,0.68770632147789,0.5849802371541502,0.5767698303002028,0.4666666666666667,0.0,0.0,0.0,0.0,0.0,0.0,0.0,0.0,0.0,,,,,18473,global,0.4
1,1,lr1e-05_bs32_modL1_fusion32_fusionL1_fusionBN0_drop0p2__wd1e-04trmiss40_trlocglobal,32,1e-05,0.0001,1,32,1,False,0.2,lr1e-05_bs32_modL1_fusion32_fusionL1_fusionBN0_drop0p2__wd1e-04trmiss40_trlocglobal,35,0.6550058523813883,0.6875575184822083,0.5849802371541502,0.5763676357617983,0.4888888888888889,0.0,0.0,0.0,0.0,0.0,0.0,0.0,0.0,0.0,,,,,18473,global,0.4
1,1,lr1e-05_bs32_modL1_fusion32_fusionL1_fusionBN0_drop0p2__wd1e-04trmiss40_trlocglobal,32,1e-05,0.0001,1,32,1,False,0.2,lr1e-05_bs32_modL1_fusion32_fusionL1_fusionBN0_drop0p2__wd1e-04trmiss40_trlocglobal,36,0.6496406694253286,0.6875052154064178,0.5869565217391305,0.5778050269875733,0.4888888888888889,0.0,0.0,0.0,0.0,0.0,0.0,0.0,0.0,0.0,,,,,18473,global,0.4
1,1,lr1e-05_bs32_modL1_fusion32_fusionL1_fusionBN0_drop0p2__wd1e-04trmiss40_trlocglobal,32,1e-05,0.0001,1,32,1,False,0.2,lr1e-05_bs32_modL1_fusion32_fusionL1_fusionBN0_drop0p2__wd1e-04trmiss40_trlocglobal,37,0.6443014740943909,0.6876678168773651,0.5810276679841897,0.5705159773644276,0.4888888888888889,0.0,0.0,0.0,0.0,0.0,0.0,0.0,0.0,0.0,,,,,18473,global,0.4
1,1,lr1e-05_bs32_modL1_fusion32_fusionL1_fusionBN0_drop0p2__wd1e-04trmiss40_trlocglobal,32,1e-05,0.0001,1,32,1,False,0.2,lr1e-05_bs32_modL1_fusion32_fusionL1_fusionBN0_drop0p2__wd1e-04trmiss40_trlocglobal,38,0.6471529603004456,0.6874368488788605,0.5849802371541502,0.5773117864043262,0.4888888888888889,0.0,0.0,0.0,0.0,0.0,0.0,0.0,0.0,0.0,,,,,18473,global,0.4
1,1,lr1e-05_bs32_modL1_fusion32_fusionL1_fusionBN0_drop0p2__wd1e-04trmiss40_trlocglobal,32,1e-05,0.0001,1,32,1,False,0.2,lr1e-05_bs32_modL1_fusion32_fusionL1_fusionBN0_drop0p2__wd1e-04trmiss40_trlocglobal,39,0.6515513161818186,0.687740832567215,0.5830039525691699,0.5683601505840327,0.5111111111111111,0.0,0.0,0.0,0.0,0.0,0.0,0.0,0.0,0.0,,,,,18473,global,0.4
1,1,lr1e-05_bs32_modL1_fusion32_fusionL1_fusionBN0_drop0p2__wd1e-04trmiss40_trlocglobal,32,1e-05,0.0001,1,32,1,False,0.2,lr1e-05_bs32_modL1_fusion32_fusionL1_fusionBN0_drop0p2__wd1e-04trmiss40_trlocglobal,40,0.6454575459162394,0.6878398060798645,0.5790513833992095,0.5613976686215507,0.4888888888888889,0.0,0.0,0.0,0.0,0.0,0.0,0.0,0.0,0.0,,,,,18473,global,0.4
1,1,lr1e-05_bs32_modL1_fusion32_fusionL1_fusionBN0_drop0p2__wd1e-04trmiss40_trlocglobal,32,1e-05,0.0001,1,32,1,False,0.2,lr1e-05_bs32_modL1_fusion32_fusionL1_fusionBN0_drop0p2__wd1e-04trmiss40_trlocglobal,41,0.6516290704409281,0.6877036690711975,0.5849802371541502,0.5693474061905831,0.4888888888888889,0.0,0.0,0.0,0.0,0.0,0.0,0.0,0.0,0.0,,,,,18473,global,0.4
1,1,lr1e-05_bs32_modL1_fusion32_fusionL1_fusionBN0_drop0p2__wd1e-04trmiss40_trlocglobal,32,1e-05,0.0001,1,32,1,False,0.2,lr1e-05_bs32_modL1_fusion32_fusionL1_fusionBN0_drop0p2__wd1e-04trmiss40_trlocglobal,42,0.6468488872051239,0.6870534121990204,0.5928853754940712,0.5749678175002549,0.4888888888888889,0.0,0.0,0.0,0.0,0.0,0.0,0.0,0.0,0.0,,,,,18473,global,0.4
1,1,lr1e-05_bs32_modL1_fusion32_fusionL1_fusionBN0_drop0p2__wd1e-04trmiss40_trlocglobal,32,1e-05,0.0001,1,32,1,False,0.2,lr1e-05_bs32_modL1_fusion32_fusionL1_fusionBN0_drop0p2__wd1e-04trmiss40_trlocglobal,43,0.6483052670955658,0.6876254379749298,0.5849802371541502,0.5669141558121876,0.4888888888888889,0.0,0.0,0.0,0.0,0.0,0.0,0.0,0.0,0.0,,,,,18473,global,0.4
1,1,lr1e-05_bs32_modL1_fusion32_fusionL1_fusionBN0_drop0p2__wd1e-04trmiss40_trlocglobal,32,1e-05,0.0001,1,32,1,False,0.2,lr1e-05_bs32_modL1_fusion32_fusionL1_fusionBN0_drop0p2__wd1e-04trmiss40_trlocglobal,44,0.6447091599305471,0.6879532933235168,0.5849802371541502,0.5665004962452099,0.4888888888888889,0.0,0.0,0.0,0.0,0.0,0.0,0.0,0.0,0.0,,,,,18473,global,0.4
1,1,lr1e-05_bs32_modL1_fusion32_fusionL1_fusionBN0_drop0p2__wd1e-04trmiss40_trlocglobal,32,1e-05,0.0001,1,32,1,False,0.2,lr1e-05_bs32_modL1_fusion32_fusionL1_fusionBN0_drop0p2__wd1e-04trmiss40_trlocglobal,45,0.6480986873308817,0.6883403956890106,0.5849802371541502,0.5676040554281853,0.5111111111111111,0.0,0.0,0.0,0.0,0.0,0.0,0.0,0.0,0.0,,,,,18473,global,0.4
1,1,lr1e-05_bs32_modL1_fusion32_fusionL1_fusionBN0_drop0p2__wd1e-04trmiss40_trlocglobal,32,1e-05,0.0001,1,32,1,False,0.2,lr1e-05_bs32_modL1_fusion32_fusionL1_fusionBN0_drop0p2__wd1e-04trmiss40_trlocglobal,46,0.6431284348169962,0.6873842775821686,0.5948616600790515,0.5740858492269824,0.5111111111111111,0.0,0.0,0.0,0.0,0.0,0.0,0.0,0.0,0.0,,,,,18473,global,0.4
1,1,lr1e-05_bs32_modL1_fusion32_fusionL1_fusionBN0_drop0p2__wd1e-04trmiss40_trlocglobal,32,1e-05,0.0001,1,32,1,False,0.2,lr1e-05_bs32_modL1_fusion32_fusionL1_fusionBN0_drop0p2__wd1e-04trmiss40_trlocglobal,47,0.6479681531588236,0.6877568662166595,0.5889328063241107,0.5702595946885839,0.5111111111111111,0.0,0.0,0.0,0.0,0.0,0.0,0.0,0.0,0.0,,,,,18473,global,0.4
1,1,lr1e-05_bs32_modL1_fusion32_fusionL1_fusionBN0_drop0p2__wd1e-04trmiss40_trlocglobal,32,1e-05,0.0001,1,32,1,False,0.2,lr1e-05_bs32_modL1_fusion32_fusionL1_fusionBN0_drop0p2__wd1e-04trmiss40_trlocglobal,48,0.6508197486400604,0.6870048940181732,0.5988142292490118,0.5814551316921728,0.5111111111111111,0.0,0.0,0.0,0.0,0.0,0.0,0.0,0.0,0.0,,,,,18473,global,0.4
1,1,lr1e-05_bs32_modL1_fusion32_fusionL1_fusionBN0_drop0p2__wd1e-04trmiss40_trlocglobal,32,1e-05,0.0001,1,32,1,False,0.2,lr1e-05_bs32_modL1_fusion32_fusionL1_fusionBN0_drop0p2__wd1e-04trmiss40_trlocglobal,49,0.6499974429607391,0.6867465972900391,0.6007905138339922,0.583431416277153,0.5111111111111111,0.0,0.0,0.0,0.0,0.0,0.0,0.0,0.0,0.0,,,,,18473,global,0.4
1,1,lr1e-05_bs32_modL1_fusion32_fusionL1_fusionBN0_drop0p2__wd1e-04trmiss40_trlocglobal,32,1e-05,0.0001,1,32,1,False,0.2,lr1e-05_bs32_modL1_fusion32_fusionL1_fusionBN0_drop0p2__wd1e-04trmiss40_trlocglobal,50,0.6425887445608774,0.686880350112915,0.5988142292490118,0.5814551316921728,0.5111111111111111,0.0,0.0,0.0,0.0,0.0,0.0,0.0,0.0,0.0,,,,,18473,global,0.4
1,1,lr1e-05_bs32_modL1_fusion32_fusionL1_fusionBN0_drop0p2__wd1e-04trmiss40_trlocglobal,32,1e-05,0.0001,1,32,1,False,0.2,lr1e-05_bs32_modL1_fusion32_fusionL1_fusionBN0_drop0p2__wd1e-04trmiss40_trlocglobal,51,0.6486375431219736,0.6873950064182281,0.5948616600790514,0.5797907900661944,0.5111111111111111,0.0,0.0,0.0,0.0,0.0,0.0,0.0,0.0,0.0,,,,,18473,global,0.4
1,1,lr1e-05_bs32_modL1_fusion32_fusionL1_fusionBN0_drop0p2__wd1e-04trmiss40_trlocglobal,32,1e-05,0.0001,1,32,1,False,0.2,lr1e-05_bs32_modL1_fusion32_fusionL1_fusionBN0_drop0p2__wd1e-04trmiss40_trlocglobal,52,0.6412016053994497,0.6870118677616119,0.6027667984189723,0.5855431898403333,0.5111111111111111,0.0,0.0,0.0,0.0,0.0,0.0,0.0,0.0,0.0,,,,,18473,global,0.4
1,1,lr1e-05_bs32_modL1_fusion32_fusionL1_fusionBN0_drop0p2__wd1e-04trmiss40_trlocglobal,32,1e-05,0.0001,1,32,1,False,0.2,lr1e-05_bs32_modL1_fusion32_fusionL1_fusionBN0_drop0p2__wd1e-04trmiss40_trlocglobal,53,0.6412518123785654,0.6873279809951782,0.6027667984189723,0.5858890396427048,0.5111111111111111,0.0,0.0,0.0,0.0,0.0,0.0,0.0,0.0,0.0,,,,,18473,global,0.4
1,1,lr1e-05_bs32_modL1_fusion32_fusionL1_fusionBN0_drop0p2__wd1e-04trmiss40_trlocglobal,32,1e-05,0.0001,1,32,1,False,0.2,lr1e-05_bs32_modL1_fusion32_fusionL1_fusionBN0_drop0p2__wd1e-04trmiss40_trlocglobal,54,0.6425260007381439,0.6866986453533173,0.6086956521739131,0.5906987148446294,0.5111111111111111,0.0,0.0,0.0,0.0,0.0,0.0,0.0,0.0,0.0,,,,,18473,global,0.4
1,1,lr1e-05_bs32_modL1_fusion32_fusionL1_fusionBN0_drop0p2__wd1e-04trmiss40_trlocglobal,32,1e-05,0.0001,1,32,1,False,0.2,lr1e-05_bs32_modL1_fusion32_fusionL1_fusionBN0_drop0p2__wd1e-04trmiss40_trlocglobal,55,0.6441369950771332,0.6862074136734009,0.6067193675889329,0.5882944879880508,0.5111111111111111,0.0,0.0,0.0,0.0,0.0,0.0,0.0,0.0,0.0,,,,,18473,global,0.4
1,1,lr1e-05_bs32_modL1_fusion32_fusionL1_fusionBN0_drop0p2__wd1e-04trmiss40_trlocglobal,32,1e-05,0.0001,1,32,1,False,0.2,lr1e-05_bs32_modL1_fusion32_fusionL1_fusionBN0_drop0p2__wd1e-04trmiss40_trlocglobal,56,0.6341075400511423,0.6863016486167908,0.6086956521739131,0.5894974438223867,0.5333333333333333,0.0,0.0,0.0,0.0,0.0,0.0,0.0,0.0,0.0,,,,,18473,global,0.4
1,1,lr1e-05_bs32_modL1_fusion32_fusionL1_fusionBN0_drop0p2__wd1e-04trmiss40_trlocglobal,32,1e-05,0.0001,1,32,1,False,0.2,lr1e-05_bs32_modL1_fusion32_fusionL1_fusionBN0_drop0p2__wd1e-04trmiss40_trlocglobal,57,0.6418957014878591,0.6861467659473419,0.6126482213438735,0.591719677060688,0.5111111111111111,0.0,0.0,0.0,0.0,0.0,0.0,0.0,0.0,0.0,,,,,18473,global,0.4
1,1,lr1e-05_bs32_modL1_fusion32_fusionL1_fusionBN0_drop0p2__wd1e-04trmiss40_trlocglobal,32,1e-05,0.0001,1,32,1,False,0.2,lr1e-05_bs32_modL1_fusion32_fusionL1_fusionBN0_drop0p2__wd1e-04trmiss40_trlocglobal,58,0.6407156586647034,0.6862370669841766,0.6126482213438735,0.5933601224351486,0.5333333333333333,0.0,0.0,0.0,0.0,0.0,0.0,0.0,0.0,0.0,,,,,18473,global,0.4
1,1,lr1e-05_bs32_modL1_fusion32_fusionL1_fusionBN0_drop0p2__wd1e-04trmiss40_trlocglobal,32,1e-05,0.0001,1,32,1,False,0.2,lr1e-05_bs32_modL1_fusion32_fusionL1_fusionBN0_drop0p2__wd1e-04trmiss40_trlocglobal,59,0.6399970451990763,0.6858692765235901,0.6126482213438735,0.5950577730122054,0.5111111111111111,0.0,0.0,0.0,0.0,0.0,0.0,0.0,0.0,0.0,,,,,18473,global,0.4
1,1,lr1e-05_bs32_modL1_fusion32_fusionL1_fusionBN0_drop0p2__wd1e-04trmiss40_trlocglobal,32,1e-05,0.0001,1,32,1,False,0.2,lr1e-05_bs32_modL1_fusion32_fusionL1_fusionBN0_drop0p2__wd1e-04trmiss40_trlocglobal,60,0.6452573239803314,0.6853335797786713,0.6185770750988142,0.6029309139624619,0.5333333333333333,0.0,0.0,0.0,0.0,0.0,0.0,0.0,0.0,0.0,,,,,18473,global,0.4
1,1,lr1e-05_bs32_modL1_fusion32_fusionL1_fusionBN0_drop0p2__wd1e-04trmiss40_trlocglobal,32,1e-05,0.0001,1,32,1,False,0.2,lr1e-05_bs32_modL1_fusion32_fusionL1_fusionBN0_drop0p2__wd1e-04trmiss40_trlocglobal,61,0.6418184538682302,0.6865774095058441,0.6086956521739131,0.5890868605153838,0.5333333333333333,0.0,0.0,0.0,0.0,0.0,0.0,0.0,0.0,0.0,,,,,18473,global,0.4
1,1,lr1e-05_bs32_modL1_fusion32_fusionL1_fusionBN0_drop0p2__wd1e-04trmiss40_trlocglobal,32,1e-05,0.0001,1,32,1,False,0.2,lr1e-05_bs32_modL1_fusion32_fusionL1_fusionBN0_drop0p2__wd1e-04trmiss40_trlocglobal,62,0.6402082741260529,0.6866737008094788,0.6086956521739131,0.588766347694871,0.5333333333333333,0.0,0.0,0.0,0.0,0.0,0.0,0.0,0.0,0.0,,,,,18473,global,0.4
1,1,lr1e-05_bs32_modL1_fusion32_fusionL1_fusionBN0_drop0p2__wd1e-04trmiss40_trlocglobal,32,1e-05,0.0001,1,32,1,False,0.2,lr1e-05_bs32_modL1_fusion32_fusionL1_fusionBN0_drop0p2__wd1e-04trmiss40_trlocglobal,63,0.6467390557130178,0.6862942576408386,0.6126482213438735,0.5907228357377595,0.5333333333333333,0.0,0.0,0.0,0.0,0.0,0.0,0.0,0.0,0.0,,,,,18473,global,0.4
1,1,lr1e-05_bs32_modL1_fusion32_fusionL1_fusionBN0_drop0p2__wd1e-04trmiss40_trlocglobal,32,1e-05,0.0001,1,32,1,False,0.2,lr1e-05_bs32_modL1_fusion32_fusionL1_fusionBN0_drop0p2__wd1e-04trmiss40_trlocglobal,64,0.6446308394273123,0.6864425241947174,0.6086956521739131,0.5901321950661821,0.5333333333333333,0.0,0.0,0.0,0.0,0.0,0.0,0.0,0.0,0.0,,,,,18473,global,0.4
1,1,lr1e-05_bs32_modL1_fusion32_fusionL1_fusionBN0_drop0p2__wd1e-04trmiss40_trlocglobal,32,1e-05,0.0001,1,32,1,False,0.2,lr1e-05_bs32_modL1_fusion32_fusionL1_fusionBN0_drop0p2__wd1e-04trmiss40_trlocglobal,65,0.644966850678126,0.6864027678966522,0.6106719367588933,0.5903409320524126,0.5555555555555556,0.0,0.0,0.0,0.0,0.0,0.0,0.0,0.0,0.0,,,,,18473,global,0.4
1,1,lr1e-05_bs32_modL1_fusion32_fusionL1_fusionBN0_drop0p2__wd1e-04trmiss40_trlocglobal,32,1e-05,0.0001,1,32,1,False,0.2,lr1e-05_bs32_modL1_fusion32_fusionL1_fusionBN0_drop0p2__wd1e-04trmiss40_trlocglobal,66,0.641859253247579,0.6868616342544556,0.6067193675889329,0.5875355259483298,0.5111111111111111,0.0,0.0,0.0,0.0,0.0,0.0,0.0,0.0,0.0,,,,,18473,global,0.4
1,1,lr1e-05_bs32_modL1_fusion32_fusionL1_fusionBN0_drop0p2__wd1e-04trmiss40_trlocglobal,32,1e-05,0.0001,1,32,1,False,0.2,lr1e-05_bs32_modL1_fusion32_fusionL1_fusionBN0_drop0p2__wd1e-04trmiss40_trlocglobal,67,0.6423929929733276,0.6861832141876221,0.6086956521739131,0.5903715787843825,0.5111111111111111,0.0,0.0,0.0,0.0,0.0,0.0,0.0,0.0,0.0,,,,,18473,global,0.4
1,1,lr1e-05_bs32_modL1_fusion32_fusionL1_fusionBN0_drop0p2__wd1e-04trmiss40_trlocglobal,32,1e-05,0.0001,1,32,1,False,0.2,lr1e-05_bs32_modL1_fusion32_fusionL1_fusionBN0_drop0p2__wd1e-04trmiss40_trlocglobal,68,0.639751156171163,0.686400979757309,0.6067193675889329,0.5889507205860308,0.5333333333333333,0.0,0.0,0.0,0.0,0.0,0.0,0.0,0.0,0.0,,,,,18473,global,0.4
1,1,lr1e-05_bs32_modL1_fusion32_fusionL1_fusionBN0_drop0p2__wd1e-04trmiss40_trlocglobal,32,1e-05,0.0001,1,32,1,False,0.2,lr1e-05_bs32_modL1_fusion32_fusionL1_fusionBN0_drop0p2__wd1e-04trmiss40_trlocglobal,69,0.6427993774414062,0.6858815252780914,0.6166007905138341,0.5981299461074113,0.5333333333333333,0.0,0.0,0.0,0.0,0.0,0.0,0.0,0.0,0.0,,,,,18473,global,0.4
1,1,lr1e-05_bs32_modL1_fusion32_fusionL1_fusionBN0_drop0p2__wd1e-04trmiss40_trlocglobal,32,1e-05,0.0001,1,32,1,False,0.2,lr1e-05_bs32_modL1_fusion32_fusionL1_fusionBN0_drop0p2__wd1e-04trmiss40_trlocglobal,70,0.639627089103063,0.6863769590854645,0.6146245059288538,0.5942790144303927,0.5111111111111111,0.0,0.0,0.0,0.0,0.0,0.0,0.0,0.0,0.0,,,,,18473,global,0.4
1,1,lr1e-05_bs32_modL1_fusion32_fusionL1_fusionBN0_drop0p2__wd1e-04trmiss40_trlocglobal,32,1e-05,0.0001,1,32,1,False,0.2,lr1e-05_bs32_modL1_fusion32_fusionL1_fusionBN0_drop0p2__wd1e-04trmiss40_trlocglobal,71,0.6353022654851278,0.6864886581897736,0.6086956521739131,0.590153213097041,0.5333333333333333,0.0,0.0,0.0,0.0,0.0,0.0,0.0,0.0,0.0,,,,,18473,global,0.4
1,1,lr1e-05_bs32_modL1_fusion32_fusionL1_fusionBN0_drop0p2__wd1e-04trmiss40_trlocglobal,32,1e-05,0.0001,1,32,1,False,0.2,lr1e-05_bs32_modL1_fusion32_fusionL1_fusionBN0_drop0p2__wd1e-04trmiss40_trlocglobal,72,0.6379324793815613,0.6860170364379883,0.6086956521739131,0.5886051235054731,0.5333333333333333,0.0,0.0,0.0,0.0,0.0,0.0,0.0,0.0,0.0,,,,,18473,global,0.4
1,1,lr1e-05_bs32_modL1_fusion32_fusionL1_fusionBN0_drop0p2__wd1e-04trmiss40_trlocglobal,32,1e-05,0.0001,1,32,1,False,0.2,lr1e-05_bs32_modL1_fusion32_fusionL1_fusionBN0_drop0p2__wd1e-04trmiss40_trlocglobal,73,0.6338095664978027,0.685858964920044,0.6027667984189724,0.5837749898709917,0.5111111111111111,0.0,0.0,0.0,0.0,0.0,0.0,0.0,0.0,0.0,,,,,18473,global,0.4
1,1,lr1e-05_bs32_modL1_fusion32_fusionL1_fusionBN0_drop0p2__wd1e-04trmiss40_trlocglobal,32,1e-05,0.0001,1,32,1,False,0.2,lr1e-05_bs32_modL1_fusion32_fusionL1_fusionBN0_drop0p2__wd1e-04trmiss40_trlocglobal,74,0.64046377936999,0.6859378218650818,0.6086956521739131,0.5872958401763483,0.5111111111111111,0.0,0.0,0.0,0.0,0.0,0.0,0.0,0.0,0.0,,,,,18473,global,0.4
1,1,lr1e-05_bs32_modL1_fusion32_fusionL1_fusionBN0_drop0p2__wd1e-04trmiss40_trlocglobal,32,1e-05,0.0001,1,32,1,False,0.2,lr1e-05_bs32_modL1_fusion32_fusionL1_fusionBN0_drop0p2__wd1e-04trmiss40_trlocglobal,75,0.6398098965485891,0.6859588027000427,0.6205533596837945,0.5993393054311373,0.5555555555555556,0.0,0.0,0.0,0.0,0.0,0.0,0.0,0.0,0.0,,,,,18473,global,0.4
1,1,lr1e-05_bs32_modL1_fusion32_fusionL1_fusionBN0_drop0p2__wd1e-04trmiss40_trlocglobal,32,1e-05,0.0001,1,32,1,False,0.2,lr1e-05_bs32_modL1_fusion32_fusionL1_fusionBN0_drop0p2__wd1e-04trmiss40_trlocglobal,76,0.6406479477882385,0.6857494413852692,0.6126482213438735,0.5896802704908353,0.5333333333333333,0.0,0.0,0.0,0.0,0.0,0.0,0.0,0.0,0.0,,,,,18473,global,0.4
1,1,lr1e-05_bs32_modL1_fusion32_fusionL1_fusionBN0_drop0p2__wd1e-04trmiss40_trlocglobal,32,1e-05,0.0001,1,32,1,False,0.2,lr1e-05_bs32_modL1_fusion32_fusionL1_fusionBN0_drop0p2__wd1e-04trmiss40_trlocglobal,77,0.6372216641902924,0.6863983571529388,0.6086956521739131,0.5911465923471199,0.5333333333333333,0.0,0.0,0.0,0.0,0.0,0.0,0.0,0.0,0.0,,,,,18473,global,0.4
1,1,lr1e-05_bs32_modL1_fusion32_fusionL1_fusionBN0_drop0p2__wd1e-04trmiss40_trlocglobal,32,1e-05,0.0001,1,32,1,False,0.2,lr1e-05_bs32_modL1_fusion32_fusionL1_fusionBN0_drop0p2__wd1e-04trmiss40_trlocglobal,78,0.6347857018311819,0.6862257421016693,0.6126482213438734,0.5951597726321226,0.5333333333333333,0.0,0.0,0.0,0.0,0.0,0.0,0.0,0.0,0.0,,,,,18473,global,0.4
1,1,lr1e-05_bs32_modL1_fusion32_fusionL1_fusionBN0_drop0p2__wd1e-04trmiss40_trlocglobal,32,1e-05,0.0001,1,32,1,False,0.2,lr1e-05_bs32_modL1_fusion32_fusionL1_fusionBN0_drop0p2__wd1e-04trmiss40_trlocglobal,79,0.637382040421168,0.6864114701747894,0.6106719367588933,0.5911465923471199,0.5333333333333333,0.0,0.0,0.0,0.0,0.0,0.0,0.0,0.0,0.0,,,,,18473,global,0.4
1,1,lr1e-05_bs32_modL1_fusion32_fusionL1_fusionBN0_drop0p2__wd1e-04trmiss40_trlocglobal,32,1e-05,0.0001,1,32,1,False,0.2,lr1e-05_bs32_modL1_fusion32_fusionL1_fusionBN0_drop0p2__wd1e-04trmiss40_trlocglobal,80,0.637608657280604,0.6861955225467682,0.6126482213438735,0.5923280668272711,0.5333333333333333,0.0,0.0,0.0,0.0,0.0,0.0,0.0,0.0,0.0,,,,,18473,global,0.4
1,1,lr1e-05_bs32_modL1_fusion32_fusionL1_fusionBN0_drop0p1__wd1e-04trmiss40_trlocglobal,32,1e-05,0.0001,1,32,1,False,0.1,lr1e-05_bs32_modL1_fusion32_fusionL1_fusionBN0_drop0p1__wd1e-04trmiss40_trlocglobal,1,0.6959424813588461,0.6872983574867249,0.5513833992094861,0.6202298558372469,0.5333333333333333,0.0,0.0,0.0,0.0,0.0,0.0,0.0,0.0,0.0,,,,,18473,global,0.4
1,1,lr1e-05_bs32_modL1_fusion32_fusionL1_fusionBN0_drop0p1__wd1e-04trmiss40_trlocglobal,32,1e-05,0.0001,1,32,1,False,0.1,lr1e-05_bs32_modL1_fusion32_fusionL1_fusionBN0_drop0p1__wd1e-04trmiss40_trlocglobal,2,0.6927387515703837,0.6865152418613434,0.5454545454545454,0.6184706656309197,0.5111111111111111,0.0,0.0,0.0,0.0,0.0,0.0,0.0,0.0,0.0,,,,,18473,global,0.4
1,1,lr1e-05_bs32_modL1_fusion32_fusionL1_fusionBN0_drop0p1__wd1e-04trmiss40_trlocglobal,32,1e-05,0.0001,1,32,1,False,0.1,lr1e-05_bs32_modL1_fusion32_fusionL1_fusionBN0_drop0p1__wd1e-04trmiss40_trlocglobal,3,0.6870051026344299,0.6860003769397736,0.5573122529644269,0.6323903103064074,0.4888888888888889,0.0,0.0,0.0,0.0,0.0,0.0,0.0,0.0,0.0,,,,,18473,global,0.4
1,1,lr1e-05_bs32_modL1_fusion32_fusionL1_fusionBN0_drop0p1__wd1e-04trmiss40_trlocglobal,32,1e-05,0.0001,1,32,1,False,0.1,lr1e-05_bs32_modL1_fusion32_fusionL1_fusionBN0_drop0p1__wd1e-04trmiss40_trlocglobal,4,0.6909971137841543,0.6856836676597595,0.5513833992094861,0.6305082430982532,0.4444444444444444,0.0,0.0,0.0,0.0,0.0,0.0,0.0,0.0,0.0,,,,,18473,global,0.4
1,1,lr1e-05_bs32_modL1_fusion32_fusionL1_fusionBN0_drop0p1__wd1e-04trmiss40_trlocglobal,32,1e-05,0.0001,1,32,1,False,0.1,lr1e-05_bs32_modL1_fusion32_fusionL1_fusionBN0_drop0p1__wd1e-04trmiss40_trlocglobal,5,0.6902655065059662,0.6854530572891235,0.5513833992094861,0.6305082430982532,0.4666666666666667,0.0,0.0,0.0,0.0,0.0,0.0,0.0,0.0,0.0,,,,,18473,global,0.4
1,1,lr1e-05_bs32_modL1_fusion32_fusionL1_fusionBN0_drop0p1__wd1e-04trmiss40_trlocglobal,32,1e-05,0.0001,1,32,1,False,0.1,lr1e-05_bs32_modL1_fusion32_fusionL1_fusionBN0_drop0p1__wd1e-04trmiss40_trlocglobal,6,0.6824146111806234,0.6853229105472565,0.5454545454545454,0.6267554130089832,0.4666666666666667,0.0,0.0,0.0,0.0,0.0,0.0,0.0,0.0,0.0,,,,,18473,global,0.4
1,1,lr1e-05_bs32_modL1_fusion32_fusionL1_fusionBN0_drop0p1__wd1e-04trmiss40_trlocglobal,32,1e-05,0.0001,1,32,1,False,0.1,lr1e-05_bs32_modL1_fusion32_fusionL1_fusionBN0_drop0p1__wd1e-04trmiss40_trlocglobal,7,0.6851829091707865,0.685242235660553,0.5434782608695652,0.6256261075318517,0.4888888888888889,0.0,0.0,0.0,0.0,0.0,0.0,0.0,0.0,0.0,,,,,18473,global,0.4
1,1,lr1e-05_bs32_modL1_fusion32_fusionL1_fusionBN0_drop0p1__wd1e-04trmiss40_trlocglobal,32,1e-05,0.0001,1,32,1,False,0.1,lr1e-05_bs32_modL1_fusion32_fusionL1_fusionBN0_drop0p1__wd1e-04trmiss40_trlocglobal,8,0.6825070281823477,0.6850443780422211,0.5454545454545454,0.625873774909509,0.5333333333333333,0.0,0.0,0.0,0.0,0.0,0.0,0.0,0.0,0.0,,,,,18473,global,0.4
1,1,lr1e-05_bs32_modL1_fusion32_fusionL1_fusionBN0_drop0p1__wd1e-04trmiss40_trlocglobal,32,1e-05,0.0001,1,32,1,False,0.1,lr1e-05_bs32_modL1_fusion32_fusionL1_fusionBN0_drop0p1__wd1e-04trmiss40_trlocglobal,9,0.6819475293159485,0.685059517621994,0.5454545454545454,0.625962850924861,0.5333333333333333,0.0,0.0,0.0,0.0,0.0,0.0,0.0,0.0,0.0,,,,,18473,global,0.4
1,1,lr1e-05_bs32_modL1_fusion32_fusionL1_fusionBN0_drop0p1__wd1e-04trmiss40_trlocglobal,32,1e-05,0.0001,1,32,1,False,0.1,lr1e-05_bs32_modL1_fusion32_fusionL1_fusionBN0_drop0p1__wd1e-04trmiss40_trlocglobal,10,0.6797564029693604,0.6849530637264252,0.5513833992094861,0.6287815490418659,0.5333333333333333,0.0,0.0,0.0,0.0,0.0,0.0,0.0,0.0,0.0,,,,,18473,global,0.4
1,1,lr1e-05_bs32_modL1_fusion32_fusionL1_fusionBN0_drop0p1__wd1e-04trmiss40_trlocglobal,32,1e-05,0.0001,1,32,1,False,0.1,lr1e-05_bs32_modL1_fusion32_fusionL1_fusionBN0_drop0p1__wd1e-04trmiss40_trlocglobal,11,0.6762283047040304,0.6850577592849731,0.5513833992094861,0.6376588364498879,0.5555555555555556,0.0,0.0,0.0,0.0,0.0,0.0,0.0,0.0,0.0,,,,,18473,global,0.4
1,1,lr1e-05_bs32_modL1_fusion32_fusionL1_fusionBN0_drop0p1__wd1e-04trmiss40_trlocglobal,32,1e-05,0.0001,1,32,1,False,0.1,lr1e-05_bs32_modL1_fusion32_fusionL1_fusionBN0_drop0p1__wd1e-04trmiss40_trlocglobal,12,0.678206205368042,0.6845772862434387,0.5612648221343873,0.6420571232500835,0.5555555555555556,0.0,0.0,0.0,0.0,0.0,0.0,0.0,0.0,0.0,,,,,18473,global,0.4
1,1,lr1e-05_bs32_modL1_fusion32_fusionL1_fusionBN0_drop0p1__wd1e-04trmiss40_trlocglobal,32,1e-05,0.0001,1,32,1,False,0.1,lr1e-05_bs32_modL1_fusion32_fusionL1_fusionBN0_drop0p1__wd1e-04trmiss40_trlocglobal,13,0.676720122496287,0.6840353012084961,0.5671936758893281,0.6481180538237576,0.5555555555555556,0.0,0.0,0.0,0.0,0.0,0.0,0.0,0.0,0.0,,,,,18473,global,0.4
1,1,lr1e-05_bs32_modL1_fusion32_fusionL1_fusionBN0_drop0p1__wd1e-04trmiss40_trlocglobal,32,1e-05,0.0001,1,32,1,False,0.1,lr1e-05_bs32_modL1_fusion32_fusionL1_fusionBN0_drop0p1__wd1e-04trmiss40_trlocglobal,14,0.6752200822035471,0.6839711368083954,0.5652173913043478,0.6456588258210514,0.5555555555555556,0.0,0.0,0.0,0.0,0.0,0.0,0.0,0.0,0.0,,,,,18473,global,0.4
1,1,lr1e-05_bs32_modL1_fusion32_fusionL1_fusionBN0_drop0p1__wd1e-04trmiss40_trlocglobal,32,1e-05,0.0001,1,32,1,False,0.1,lr1e-05_bs32_modL1_fusion32_fusionL1_fusionBN0_drop0p1__wd1e-04trmiss40_trlocglobal,15,0.6711575984954834,0.6839243471622467,0.5691699604743083,0.6498166091797429,0.5555555555555556,0.0,0.0,0.0,0.0,0.0,0.0,0.0,0.0,0.0,,,,,18473,global,0.4
1,1,lr1e-05_bs32_modL1_fusion32_fusionL1_fusionBN0_drop0p1__wd1e-04trmiss40_trlocglobal,32,1e-05,0.0001,1,32,1,False,0.1,lr1e-05_bs32_modL1_fusion32_fusionL1_fusionBN0_drop0p1__wd1e-04trmiss40_trlocglobal,16,0.6703581511974335,0.6839389801025391,0.5632411067193676,0.6498903947220824,0.5555555555555556,0.0,0.0,0.0,0.0,0.0,0.0,0.0,0.0,0.0,,,,,18473,global,0.4
1,1,lr1e-05_bs32_modL1_fusion32_fusionL1_fusionBN0_drop0p1__wd1e-04trmiss40_trlocglobal,32,1e-05,0.0001,1,32,1,False,0.1,lr1e-05_bs32_modL1_fusion32_fusionL1_fusionBN0_drop0p1__wd1e-04trmiss40_trlocglobal,17,0.6766811112562815,0.6840874552726746,0.5592885375494071,0.6487755675202987,0.5111111111111111,0.0,0.0,0.0,0.0,0.0,0.0,0.0,0.0,0.0,,,,,18473,global,0.4
1,1,lr1e-05_bs32_modL1_fusion32_fusionL1_fusionBN0_drop0p1__wd1e-04trmiss40_trlocglobal,32,1e-05,0.0001,1,32,1,False,0.1,lr1e-05_bs32_modL1_fusion32_fusionL1_fusionBN0_drop0p1__wd1e-04trmiss40_trlocglobal,18,0.6698318322499593,0.6845160722732544,0.5592885375494071,0.6457097927153934,0.5111111111111111,0.0,0.0,0.0,0.0,0.0,0.0,0.0,0.0,0.0,,,,,18473,global,0.4
1,1,lr1e-05_bs32_modL1_fusion32_fusionL1_fusionBN0_drop0p1__wd1e-04trmiss40_trlocglobal,32,1e-05,0.0001,1,32,1,False,0.1,lr1e-05_bs32_modL1_fusion32_fusionL1_fusionBN0_drop0p1__wd1e-04trmiss40_trlocglobal,19,0.6713308493296305,0.68441241979599,0.5592885375494071,0.6485440610650897,0.5111111111111111,0.0,0.0,0.0,0.0,0.0,0.0,0.0,0.0,0.0,,,,,18473,global,0.4
1,1,lr1e-05_bs32_modL1_fusion32_fusionL1_fusionBN0_drop0p1__wd1e-04trmiss40_trlocglobal,32,1e-05,0.0001,1,32,1,False,0.1,lr1e-05_bs32_modL1_fusion32_fusionL1_fusionBN0_drop0p1__wd1e-04trmiss40_trlocglobal,20,0.6685970922311147,0.6844653189182281,0.5573122529644269,0.6459102545568091,0.5333333333333333,0.0,0.0,0.0,0.0,0.0,0.0,0.0,0.0,0.0,,,,,18473,global,0.4
1,1,lr1e-05_bs32_modL1_fusion32_fusionL1_fusionBN0_drop0p1__wd1e-04trmiss40_trlocglobal,32,1e-05,0.0001,1,32,1,False,0.1,lr1e-05_bs32_modL1_fusion32_fusionL1_fusionBN0_drop0p1__wd1e-04trmiss40_trlocglobal,21,0.6649668316046397,0.6844345033168793,0.5652173913043478,0.6494237972709127,0.5333333333333333,0.0,0.0,0.0,0.0,0.0,0.0,0.0,0.0,0.0,,,,,18473,global,0.4
1,1,lr1e-05_bs32_modL1_fusion32_fusionL1_fusionBN0_drop0p1__wd1e-04trmiss40_trlocglobal,32,1e-05,0.0001,1,32,1,False,0.1,lr1e-05_bs32_modL1_fusion32_fusionL1_fusionBN0_drop0p1__wd1e-04trmiss40_trlocglobal,22,0.6645891467730204,0.683879554271698,0.5652173913043478,0.6507238588269351,0.5111111111111111,0.0,0.0,0.0,0.0,0.0,0.0,0.0,0.0,0.0,,,,,18473,global,0.4
1,1,lr1e-05_bs32_modL1_fusion32_fusionL1_fusionBN0_drop0p1__wd1e-04trmiss40_trlocglobal,32,1e-05,0.0001,1,32,1,False,0.1,lr1e-05_bs32_modL1_fusion32_fusionL1_fusionBN0_drop0p1__wd1e-04trmiss40_trlocglobal,23,0.6631099184354147,0.6838191747665405,0.5592885375494071,0.6473537195049177,0.5111111111111111,0.0,0.0,0.0,0.0,0.0,0.0,0.0,0.0,0.0,,,,,18473,global,0.4
1,1,lr1e-05_bs32_modL1_fusion32_fusionL1_fusionBN0_drop0p1__wd1e-04trmiss40_trlocglobal,32,1e-05,0.0001,1,32,1,False,0.1,lr1e-05_bs32_modL1_fusion32_fusionL1_fusionBN0_drop0p1__wd1e-04trmiss40_trlocglobal,24,0.6681803663571676,0.6839812695980072,0.5592885375494071,0.648832344011242,0.5333333333333333,0.0,0.0,0.0,0.0,0.0,0.0,0.0,0.0,0.0,,,,,18473,global,0.4
1,1,lr1e-05_bs32_modL1_fusion32_fusionL1_fusionBN0_drop0p1__wd1e-04trmiss40_trlocglobal,32,1e-05,0.0001,1,32,1,False,0.1,lr1e-05_bs32_modL1_fusion32_fusionL1_fusionBN0_drop0p1__wd1e-04trmiss40_trlocglobal,25,0.662179191907247,0.6840758919715881,0.5573122529644269,0.6479267669019215,0.5333333333333333,0.0,0.0,0.0,0.0,0.0,0.0,0.0,0.0,0.0,,,,,18473,global,0.4
1,1,lr1e-05_bs32_modL1_fusion32_fusionL1_fusionBN0_drop0p1__wd1e-04trmiss40_trlocglobal,32,1e-05,0.0001,1,32,1,False,0.1,lr1e-05_bs32_modL1_fusion32_fusionL1_fusionBN0_drop0p1__wd1e-04trmiss40_trlocglobal,26,0.6596223910649618,0.6839586496353149,0.5592885375494071,0.6503929181962903,0.5333333333333333,0.0,0.0,0.0,0.0,0.0,0.0,0.0,0.0,0.0,,,,,18473,global,0.4
1,1,lr1e-05_bs32_modL1_fusion32_fusionL1_fusionBN0_drop0p1__wd1e-04trmiss40_trlocglobal,32,1e-05,0.0001,1,32,1,False,0.1,lr1e-05_bs32_modL1_fusion32_fusionL1_fusionBN0_drop0p1__wd1e-04trmiss40_trlocglobal,27,0.660316119591395,0.6840038597583771,0.5612648221343873,0.6521639673160334,0.5333333333333333,0.0,0.0,0.0,0.0,0.0,0.0,0.0,0.0,0.0,,,,,18473,global,0.4
1,1,lr1e-05_bs32_modL1_fusion32_fusionL1_fusionBN0_drop0p1__wd1e-04trmiss40_trlocglobal,32,1e-05,0.0001,1,32,1,False,0.1,lr1e-05_bs32_modL1_fusion32_fusionL1_fusionBN0_drop0p1__wd1e-04trmiss40_trlocglobal,28,0.6617692609628042,0.6839296519756317,0.5632411067193677,0.6527841527188275,0.5111111111111111,0.0,0.0,0.0,0.0,0.0,0.0,0.0,0.0,0.0,,,,,18473,global,0.4
1,1,lr1e-05_bs32_modL1_fusion32_fusionL1_fusionBN0_drop0p1__wd1e-04trmiss40_trlocglobal,32,1e-05,0.0001,1,32,1,False,0.1,lr1e-05_bs32_modL1_fusion32_fusionL1_fusionBN0_drop0p1__wd1e-04trmiss40_trlocglobal,29,0.6555188000202179,0.6839332282543182,0.5573122529644269,0.6476633260353951,0.5333333333333333,0.0,0.0,0.0,0.0,0.0,0.0,0.0,0.0,0.0,,,,,18473,global,0.4
1,1,lr1e-05_bs32_modL1_fusion32_fusionL1_fusionBN0_drop0p1__wd1e-04trmiss40_trlocglobal,32,1e-05,0.0001,1,32,1,False,0.1,lr1e-05_bs32_modL1_fusion32_fusionL1_fusionBN0_drop0p1__wd1e-04trmiss40_trlocglobal,30,0.6557534535725912,0.6838168203830719,0.5533596837944664,0.6495221642786727,0.5111111111111111,0.0,0.0,0.0,0.0,0.0,0.0,0.0,0.0,0.0,,,,,18473,global,0.4
1,1,lr1e-05_bs32_modL1_fusion32_fusionL1_fusionBN0_drop0p1__wd1e-04trmiss40_trlocglobal,32,1e-05,0.0001,1,32,1,False,0.1,lr1e-05_bs32_modL1_fusion32_fusionL1_fusionBN0_drop0p1__wd1e-04trmiss40_trlocglobal,31,0.6565645138422648,0.6838415265083313,0.5573122529644269,0.6512346710268722,0.5111111111111111,0.0,0.0,0.0,0.0,0.0,0.0,0.0,0.0,0.0,,,,,18473,global,0.4
1,1,lr1e-05_bs32_modL1_fusion32_fusionL1_fusionBN0_drop0p1__wd1e-04trmiss40_trlocglobal,32,1e-05,0.0001,1,32,1,False,0.1,lr1e-05_bs32_modL1_fusion32_fusionL1_fusionBN0_drop0p1__wd1e-04trmiss40_trlocglobal,32,0.6568457782268524,0.6837795078754425,0.5553359683794467,0.6431766059035897,0.5111111111111111,0.0,0.0,0.0,0.0,0.0,0.0,0.0,0.0,0.0,,,,,18473,global,0.4
1,1,lr1e-05_bs32_modL1_fusion32_fusionL1_fusionBN0_drop0p1__wd1e-04trmiss40_trlocglobal,32,1e-05,0.0001,1,32,1,False,0.1,lr1e-05_bs32_modL1_fusion32_fusionL1_fusionBN0_drop0p1__wd1e-04trmiss40_trlocglobal,33,0.651167223850886,0.683842122554779,0.5513833992094862,0.641068247553282,0.5111111111111111,0.0,0.0,0.0,0.0,0.0,0.0,0.0,0.0,0.0,,,,,18473,global,0.4
1,1,lr1e-05_bs32_modL1_fusion32_fusionL1_fusionBN0_drop0p1__wd1e-04trmiss40_trlocglobal,32,1e-05,0.0001,1,32,1,False,0.1,lr1e-05_bs32_modL1_fusion32_fusionL1_fusionBN0_drop0p1__wd1e-04trmiss40_trlocglobal,34,0.651441623767217,0.6838158369064331,0.5434782608695652,0.6384393162573502,0.5111111111111111,0.0,0.0,0.0,0.0,0.0,0.0,0.0,0.0,0.0,,,,,18473,global,0.4
1,1,lr1e-05_bs32_modL1_fusion32_fusionL1_fusionBN0_drop0p1__wd1e-04trmiss40_trlocglobal,32,1e-05,0.0001,1,32,1,False,0.1,lr1e-05_bs32_modL1_fusion32_fusionL1_fusionBN0_drop0p1__wd1e-04trmiss40_trlocglobal,35,0.6536765793959299,0.6843881011009216,0.541501976284585,0.6427032538699291,0.5111111111111111,0.0,0.0,0.0,0.0,0.0,0.0,0.0,0.0,0.0,,,,,18473,global,0.4
1,2,lr1e-04_bs32_modL1_fusion16_fusionL1_fusionBN0_drop0p2__wd1e-04trmiss40_trlocglobal,32,0.0001,0.0001,1,16,1,False,0.2,lr1e-04_bs32_modL1_fusion16_fusionL1_fusionBN0_drop0p2__wd1e-04trmiss40_trlocglobal,1,0.7110361655553182,0.7062909603118896,0.5098814229249011,0.5557778782422071,0.4888888888888889,0.0,0.0,0.0,0.0,0.0,0.0,0.0,0.0,0.0,,,,,18473,global,0.4
1,2,lr1e-04_bs32_modL1_fusion16_fusionL1_fusionBN0_drop0p2__wd1e-04trmiss40_trlocglobal,32,0.0001,0.0001,1,16,1,False,0.2,lr1e-04_bs32_modL1_fusion16_fusionL1_fusionBN0_drop0p2__wd1e-04trmiss40_trlocglobal,2,0.6798727015654246,0.7052753865718842,0.5256916996047432,0.5621094927293391,0.4888888888888889,0.0,0.0,0.0,0.0,0.0,0.0,0.0,0.0,0.0,,,,,18473,global,0.4
1,2,lr1e-04_bs32_modL1_fusion16_fusionL1_fusionBN0_drop0p2__wd1e-04trmiss40_trlocglobal,32,0.0001,0.0001,1,16,1,False,0.2,lr1e-04_bs32_modL1_fusion16_fusionL1_fusionBN0_drop0p2__wd1e-04trmiss40_trlocglobal,3,0.6616580784320831,0.702495276927948,0.5652173913043479,0.6109054622627129,0.4888888888888889,0.0,0.0,0.0,0.0,0.0,0.0,0.0,0.0,0.0,,,,,18473,global,0.4
1,2,lr1e-04_bs32_modL1_fusion16_fusionL1_fusionBN0_drop0p2__wd1e-04trmiss40_trlocglobal,32,0.0001,0.0001,1,16,1,False,0.2,lr1e-04_bs32_modL1_fusion16_fusionL1_fusionBN0_drop0p2__wd1e-04trmiss40_trlocglobal,4,0.6513368189334869,0.698759913444519,0.5889328063241107,0.6405160289503267,0.5111111111111111,0.0,0.0,0.0,0.0,0.0,0.0,0.0,0.0,0.0,,,,,18473,global,0.4
1,2,lr1e-04_bs32_modL1_fusion16_fusionL1_fusionBN0_drop0p2__wd1e-04trmiss40_trlocglobal,32,0.0001,0.0001,1,16,1,False,0.2,lr1e-04_bs32_modL1_fusion16_fusionL1_fusionBN0_drop0p2__wd1e-04trmiss40_trlocglobal,5,0.6432108581066132,0.6958476006984711,0.5909090909090908,0.6441603316913729,0.5333333333333333,0.0,0.0,0.0,0.0,0.0,0.0,0.0,0.0,0.0,,,,,18473,global,0.4
1,2,lr1e-04_bs32_modL1_fusion16_fusionL1_fusionBN0_drop0p2__wd1e-04trmiss40_trlocglobal,32,0.0001,0.0001,1,16,1,False,0.2,lr1e-04_bs32_modL1_fusion16_fusionL1_fusionBN0_drop0p2__wd1e-04trmiss40_trlocglobal,6,0.6518684327602386,0.6928558647632599,0.6106719367588933,0.6529054215401557,0.5555555555555556,0.0,0.0,0.0,0.0,0.0,0.0,0.0,0.0,0.0,,,,,18473,global,0.4
1,2,lr1e-04_bs32_modL1_fusion16_fusionL1_fusionBN0_drop0p2__wd1e-04trmiss40_trlocglobal,32,0.0001,0.0001,1,16,1,False,0.2,lr1e-04_bs32_modL1_fusion16_fusionL1_fusionBN0_drop0p2__wd1e-04trmiss40_trlocglobal,7,0.6364427010218302,0.6904465556144714,0.6146245059288538,0.6725013918559671,0.5555555555555556,0.0,0.0,0.0,0.0,0.0,0.0,0.0,0.0,0.0,,,,,18473,global,0.4
1,2,lr1e-04_bs32_modL1_fusion16_fusionL1_fusionBN0_drop0p2__wd1e-04trmiss40_trlocglobal,32,0.0001,0.0001,1,16,1,False,0.2,lr1e-04_bs32_modL1_fusion16_fusionL1_fusionBN0_drop0p2__wd1e-04trmiss40_trlocglobal,8,0.6255599160989126,0.6897328495979309,0.6106719367588933,0.6650514758278353,0.5555555555555556,0.0,0.0,0.0,0.0,0.0,0.0,0.0,0.0,0.0,,,,,18473,global,0.4
1,2,lr1e-04_bs32_modL1_fusion16_fusionL1_fusionBN0_drop0p2__wd1e-04trmiss40_trlocglobal,32,0.0001,0.0001,1,16,1,False,0.2,lr1e-04_bs32_modL1_fusion16_fusionL1_fusionBN0_drop0p2__wd1e-04trmiss40_trlocglobal,9,0.6117129723230997,0.6883504092693329,0.6185770750988142,0.672596383209531,0.5333333333333333,0.0,0.0,0.0,0.0,0.0,0.0,0.0,0.0,0.0,,,,,18473,global,0.4
1,2,lr1e-04_bs32_modL1_fusion16_fusionL1_fusionBN0_drop0p2__wd1e-04trmiss40_trlocglobal,32,0.0001,0.0001,1,16,1,False,0.2,lr1e-04_bs32_modL1_fusion16_fusionL1_fusionBN0_drop0p2__wd1e-04trmiss40_trlocglobal,10,0.6131743689378103,0.6893899440765381,0.5988142292490118,0.6529681517977262,0.5555555555555556,0.0,0.0,0.0,0.0,0.0,0.0,0.0,0.0,0.0,,,,,18473,global,0.4
1,2,lr1e-04_bs32_modL1_fusion16_fusionL1_fusionBN0_drop0p2__wd1e-04trmiss40_trlocglobal,32,0.0001,0.0001,1,16,1,False,0.2,lr1e-04_bs32_modL1_fusion16_fusionL1_fusionBN0_drop0p2__wd1e-04trmiss40_trlocglobal,11,0.6006622513135275,0.6898143887519836,0.6007905138339921,0.6491162072391524,0.5333333333333333,0.0,0.0,0.0,0.0,0.0,0.0,0.0,0.0,0.0,,,,,18473,global,0.4
1,2,lr1e-04_bs32_modL1_fusion16_fusionL1_fusionBN0_drop0p2__wd1e-04trmiss40_trlocglobal,32,0.0001,0.0001,1,16,1,False,0.2,lr1e-04_bs32_modL1_fusion16_fusionL1_fusionBN0_drop0p2__wd1e-04trmiss40_trlocglobal,12,0.6025045911471049,0.688463568687439,0.5988142292490118,0.6339901529386947,0.5333333333333333,0.0,0.0,0.0,0.0,0.0,0.0,0.0,0.0,0.0,,,,,18473,global,0.4
1,2,lr1e-04_bs32_modL1_fusion16_fusionL1_fusionBN0_drop0p2__wd1e-04trmiss40_trlocglobal,32,0.0001,0.0001,1,16,1,False,0.2,lr1e-04_bs32_modL1_fusion16_fusionL1_fusionBN0_drop0p2__wd1e-04trmiss40_trlocglobal,13,0.5931566953659058,0.6873482167720795,0.6067193675889329,0.6410717485878321,0.5333333333333333,0.0,0.0,0.0,0.0,0.0,0.0,0.0,0.0,0.0,,,,,18473,global,0.4
1,2,lr1e-04_bs32_modL1_fusion16_fusionL1_fusionBN0_drop0p2__wd1e-04trmiss40_trlocglobal,32,0.0001,0.0001,1,16,1,False,0.2,lr1e-04_bs32_modL1_fusion16_fusionL1_fusionBN0_drop0p2__wd1e-04trmiss40_trlocglobal,14,0.5957241853078207,0.6861768066883087,0.6086956521739131,0.639490885133567,0.5333333333333333,0.0,0.0,0.0,0.0,0.0,0.0,0.0,0.0,0.0,,,,,18473,global,0.4
1,2,lr1e-04_bs32_modL1_fusion16_fusionL1_fusionBN0_drop0p2__wd1e-04trmiss40_trlocglobal,32,0.0001,0.0001,1,16,1,False,0.2,lr1e-04_bs32_modL1_fusion16_fusionL1_fusionBN0_drop0p2__wd1e-04trmiss40_trlocglobal,15,0.587897519270579,0.686562180519104,0.6086956521739131,0.6456217477024448,0.5333333333333333,0.0,0.0,0.0,0.0,0.0,0.0,0.0,0.0,0.0,,,,,18473,global,0.4
1,2,lr1e-04_bs32_modL1_fusion16_fusionL1_fusionBN0_drop0p2__wd1e-04trmiss40_trlocglobal,32,0.0001,0.0001,1,16,1,False,0.2,lr1e-04_bs32_modL1_fusion16_fusionL1_fusionBN0_drop0p2__wd1e-04trmiss40_trlocglobal,16,0.5710494617621104,0.6872115135192871,0.6027667984189723,0.6384866029485089,0.5333333333333333,0.0,0.0,0.0,0.0,0.0,0.0,0.0,0.0,0.0,,,,,18473,global,0.4
1,2,lr1e-04_bs32_modL1_fusion16_fusionL1_fusionBN0_drop0p2__wd1e-04trmiss40_trlocglobal,32,0.0001,0.0001,1,16,1,False,0.2,lr1e-04_bs32_modL1_fusion16_fusionL1_fusionBN0_drop0p2__wd1e-04trmiss40_trlocglobal,17,0.5618769526481628,0.6859611570835114,0.598814229249012,0.6267554848702737,0.5111111111111111,0.0,0.0,0.0,0.0,0.0,0.0,0.0,0.0,0.0,,,,,18473,global,0.4
1,2,lr1e-04_bs32_modL1_fusion16_fusionL1_fusionBN0_drop0p2__wd1e-04trmiss40_trlocglobal,32,0.0001,0.0001,1,16,1,False,0.2,lr1e-04_bs32_modL1_fusion16_fusionL1_fusionBN0_drop0p2__wd1e-04trmiss40_trlocglobal,18,0.5553965469201406,0.6838981211185455,0.6185770750988142,0.6244389155722628,0.4888888888888889,0.0,0.0,0.0,0.0,0.0,0.0,0.0,0.0,0.0,,,,,18473,global,0.4
1,2,lr1e-04_bs32_modL1_fusion16_fusionL1_fusionBN0_drop0p2__wd1e-04trmiss40_trlocglobal,32,0.0001,0.0001,1,16,1,False,0.2,lr1e-04_bs32_modL1_fusion16_fusionL1_fusionBN0_drop0p2__wd1e-04trmiss40_trlocglobal,19,0.5479434827963511,0.6835131943225861,0.6027667984189724,0.6139665719992328,0.4666666666666667,0.0,0.0,0.0,0.0,0.0,0.0,0.0,0.0,0.0,,,,,18473,global,0.4
1,2,lr1e-04_bs32_modL1_fusion16_fusionL1_fusionBN0_drop0p2__wd1e-04trmiss40_trlocglobal,32,0.0001,0.0001,1,16,1,False,0.2,lr1e-04_bs32_modL1_fusion16_fusionL1_fusionBN0_drop0p2__wd1e-04trmiss40_trlocglobal,20,0.5586898028850555,0.6843152046203613,0.6047430830039526,0.6160886686251101,0.4666666666666667,0.0,0.0,0.0,0.0,0.0,0.0,0.0,0.0,0.0,,,,,18473,global,0.4
1,2,lr1e-04_bs32_modL1_fusion16_fusionL1_fusionBN0_drop0p2__wd1e-04trmiss40_trlocglobal,32,0.0001,0.0001,1,16,1,False,0.2,lr1e-04_bs32_modL1_fusion16_fusionL1_fusionBN0_drop0p2__wd1e-04trmiss40_trlocglobal,21,0.5462555587291718,0.6829523146152496,0.6185770750988142,0.6240701645132921,0.4888888888888889,0.0,0.0,0.0,0.0,0.0,0.0,0.0,0.0,0.0,,,,,18473,global,0.4
1,2,lr1e-04_bs32_modL1_fusion16_fusionL1_fusionBN0_drop0p2__wd1e-04trmiss40_trlocglobal,32,0.0001,0.0001,1,16,1,False,0.2,lr1e-04_bs32_modL1_fusion16_fusionL1_fusionBN0_drop0p2__wd1e-04trmiss40_trlocglobal,22,0.5428612728913625,0.6823900640010834,0.6185770750988142,0.6242443529417852,0.5111111111111111,0.0,0.0,0.0,0.0,0.0,0.0,0.0,0.0,0.0,,,,,18473,global,0.4
1,2,lr1e-04_bs32_modL1_fusion16_fusionL1_fusionBN0_drop0p2__wd1e-04trmiss40_trlocglobal,32,0.0001,0.0001,1,16,1,False,0.2,lr1e-04_bs32_modL1_fusion16_fusionL1_fusionBN0_drop0p2__wd1e-04trmiss40_trlocglobal,23,0.5274006525675455,0.6805513799190521,0.616600790513834,0.6247279495273307,0.5111111111111111,0.0,0.0,0.0,0.0,0.0,0.0,0.0,0.0,0.0,,,,,18473,global,0.4
1,2,lr1e-04_bs32_modL1_fusion16_fusionL1_fusionBN0_drop0p2__wd1e-04trmiss40_trlocglobal,32,0.0001,0.0001,1,16,1,False,0.2,lr1e-04_bs32_modL1_fusion16_fusionL1_fusionBN0_drop0p2__wd1e-04trmiss40_trlocglobal,24,0.5291748891274134,0.6802858114242554,0.6185770750988142,0.6263210221067452,0.5111111111111111,0.0,0.0,0.0,0.0,0.0,0.0,0.0,0.0,0.0,,,,,18473,global,0.4
1,2,lr1e-04_bs32_modL1_fusion16_fusionL1_fusionBN0_drop0p2__wd1e-04trmiss40_trlocglobal,32,0.0001,0.0001,1,16,1,False,0.2,lr1e-04_bs32_modL1_fusion16_fusionL1_fusionBN0_drop0p2__wd1e-04trmiss40_trlocglobal,25,0.5256435871124268,0.6807996034622192,0.6146245059288538,0.622549772043935,0.5111111111111111,0.0,0.0,0.0,0.0,0.0,0.0,0.0,0.0,0.0,,,,,18473,global,0.4
1,2,lr1e-04_bs32_modL1_fusion16_fusionL1_fusionBN0_drop0p2__wd1e-04trmiss40_trlocglobal,32,0.0001,0.0001,1,16,1,False,0.2,lr1e-04_bs32_modL1_fusion16_fusionL1_fusionBN0_drop0p2__wd1e-04trmiss40_trlocglobal,26,0.5082009981075922,0.6784401535987854,0.6185770750988143,0.6229539348998953,0.5111111111111111,0.0,0.0,0.0,0.0,0.0,0.0,0.0,0.0,0.0,,,,,18473,global,0.4
1,2,lr1e-04_bs32_modL1_fusion16_fusionL1_fusionBN0_drop0p2__wd1e-04trmiss40_trlocglobal,32,0.0001,0.0001,1,16,1,False,0.2,lr1e-04_bs32_modL1_fusion16_fusionL1_fusionBN0_drop0p2__wd1e-04trmiss40_trlocglobal,27,0.5093790491422018,0.6793911159038544,0.6245059288537549,0.6348139973516386,0.5555555555555556,0.0,0.0,0.0,0.0,0.0,0.0,0.0,0.0,0.0,,,,,18473,global,0.4
1,2,lr1e-04_bs32_modL1_fusion16_fusionL1_fusionBN0_drop0p2__wd1e-04trmiss40_trlocglobal,32,0.0001,0.0001,1,16,1,False,0.2,lr1e-04_bs32_modL1_fusion16_fusionL1_fusionBN0_drop0p2__wd1e-04trmiss40_trlocglobal,28,0.5133102436860403,0.6793040037155151,0.6225296442687748,0.6335159418975729,0.5777777777777777,0.0,0.0,0.0,0.0,0.0,0.0,0.0,0.0,0.0,,,,,18473,global,0.4
1,2,lr1e-04_bs32_modL1_fusion16_fusionL1_fusionBN0_drop0p2__wd1e-04trmiss40_trlocglobal,32,0.0001,0.0001,1,16,1,False,0.2,lr1e-04_bs32_modL1_fusion16_fusionL1_fusionBN0_drop0p2__wd1e-04trmiss40_trlocglobal,29,0.49145052830378216,0.6792677044868469,0.6284584980237155,0.6372896725640846,0.5777777777777777,0.0,0.0,0.0,0.0,0.0,0.0,0.0,0.0,0.0,,,,,18473,global,0.4
1,2,lr1e-04_bs32_modL1_fusion16_fusionL1_fusionBN0_drop0p2__wd1e-04trmiss40_trlocglobal,32,0.0001,0.0001,1,16,1,False,0.2,lr1e-04_bs32_modL1_fusion16_fusionL1_fusionBN0_drop0p2__wd1e-04trmiss40_trlocglobal,30,0.5048690140247345,0.6774540841579437,0.6304347826086957,0.6358911303466599,0.5555555555555556,0.0,0.0,0.0,0.0,0.0,0.0,0.0,0.0,0.0,,,,,18473,global,0.4
1,2,lr1e-04_bs32_modL1_fusion16_fusionL1_fusionBN0_drop0p2__wd1e-04trmiss40_trlocglobal,32,0.0001,0.0001,1,16,1,False,0.2,lr1e-04_bs32_modL1_fusion16_fusionL1_fusionBN0_drop0p2__wd1e-04trmiss40_trlocglobal,31,0.49084359407424927,0.6773709952831268,0.6383399209486167,0.6428434318698956,0.5777777777777777,0.0,0.0,0.0,0.0,0.0,0.0,0.0,0.0,0.0,,,,,18473,global,0.4
1,2,lr1e-04_bs32_modL1_fusion16_fusionL1_fusionBN0_drop0p2__wd1e-04trmiss40_trlocglobal,32,0.0001,0.0001,1,16,1,False,0.2,lr1e-04_bs32_modL1_fusion16_fusionL1_fusionBN0_drop0p2__wd1e-04trmiss40_trlocglobal,32,0.4998157223065694,0.6773825883865356,0.6363636363636365,0.6437265629320549,0.5777777777777777,0.0,0.0,0.0,0.0,0.0,0.0,0.0,0.0,0.0,,,,,18473,global,0.4
1,2,lr1e-04_bs32_modL1_fusion16_fusionL1_fusionBN0_drop0p2__wd1e-04trmiss40_trlocglobal,32,0.0001,0.0001,1,16,1,False,0.2,lr1e-04_bs32_modL1_fusion16_fusionL1_fusionBN0_drop0p2__wd1e-04trmiss40_trlocglobal,33,0.49179330964883167,0.6780185699462891,0.6363636363636365,0.6442250851697074,0.6,0.0,0.0,0.0,0.0,0.0,0.0,0.0,0.0,0.0,,,,,18473,global,0.4
1,2,lr1e-04_bs32_modL1_fusion16_fusionL1_fusionBN0_drop0p2__wd1e-04trmiss40_trlocglobal,32,0.0001,0.0001,1,16,1,False,0.2,lr1e-04_bs32_modL1_fusion16_fusionL1_fusionBN0_drop0p2__wd1e-04trmiss40_trlocglobal,34,0.4899694323539734,0.6786101162433624,0.6304347826086958,0.6384864932722797,0.5777777777777777,0.0,0.0,0.0,0.0,0.0,0.0,0.0,0.0,0.0,,,,,18473,global,0.4
1,2,lr1e-04_bs32_modL1_fusion16_fusionL1_fusionBN0_drop0p2__wd1e-04trmiss40_trlocglobal,32,0.0001,0.0001,1,16,1,False,0.2,lr1e-04_bs32_modL1_fusion16_fusionL1_fusionBN0_drop0p2__wd1e-04trmiss40_trlocglobal,35,0.4917539209127426,0.6780652403831482,0.6403162055335969,0.6501821715615765,0.5777777777777777,0.0,0.0,0.0,0.0,0.0,0.0,0.0,0.0,0.0,,,,,18473,global,0.4
1,2,lr1e-04_bs32_modL1_fusion16_fusionL1_fusionBN0_drop0p2__wd1e-04trmiss40_trlocglobal,32,0.0001,0.0001,1,16,1,False,0.2,lr1e-04_bs32_modL1_fusion16_fusionL1_fusionBN0_drop0p2__wd1e-04trmiss40_trlocglobal,36,0.4710443417231242,0.6778789162635803,0.6442687747035574,0.652210209257268,0.5555555555555556,0.0,0.0,0.0,0.0,0.0,0.0,0.0,0.0,0.0,,,,,18473,global,0.4
1,2,lr1e-04_bs32_modL1_fusion16_fusionL1_fusionBN0_drop0p2__wd1e-04trmiss40_trlocglobal,32,0.0001,0.0001,1,16,1,False,0.2,lr1e-04_bs32_modL1_fusion16_fusionL1_fusionBN0_drop0p2__wd1e-04trmiss40_trlocglobal,37,0.46891377369562787,0.6755419969558716,0.6442687747035574,0.6514034838414963,0.5777777777777777,0.0,0.0,0.0,0.0,0.0,0.0,0.0,0.0,0.0,,,,,18473,global,0.4
1,2,lr1e-04_bs32_modL1_fusion16_fusionL1_fusionBN0_drop0p2__wd1e-04trmiss40_trlocglobal,32,0.0001,0.0001,1,16,1,False,0.2,lr1e-04_bs32_modL1_fusion16_fusionL1_fusionBN0_drop0p2__wd1e-04trmiss40_trlocglobal,38,0.46717654665311176,0.6743272542953491,0.642292490118577,0.647441745984165,0.5777777777777777,0.0,0.0,0.0,0.0,0.0,0.0,0.0,0.0,0.0,,,,,18473,global,0.4
1,2,lr1e-04_bs32_modL1_fusion16_fusionL1_fusionBN0_drop0p2__wd1e-04trmiss40_trlocglobal,32,0.0001,0.0001,1,16,1,False,0.2,lr1e-04_bs32_modL1_fusion16_fusionL1_fusionBN0_drop0p2__wd1e-04trmiss40_trlocglobal,39,0.47336265444755554,0.6753077208995819,0.6383399209486166,0.6456548922253096,0.5777777777777777,0.0,0.0,0.0,0.0,0.0,0.0,0.0,0.0,0.0,,,,,18473,global,0.4
1,2,lr1e-04_bs32_modL1_fusion16_fusionL1_fusionBN0_drop0p2__wd1e-04trmiss40_trlocglobal,32,0.0001,0.0001,1,16,1,False,0.2,lr1e-04_bs32_modL1_fusion16_fusionL1_fusionBN0_drop0p2__wd1e-04trmiss40_trlocglobal,40,0.45946024854977924,0.6762822568416595,0.6363636363636365,0.6444596406137134,0.5555555555555556,0.0,0.0,0.0,0.0,0.0,0.0,0.0,0.0,0.0,,,,,18473,global,0.4
1,2,lr1e-04_bs32_modL1_fusion16_fusionL1_fusionBN0_drop0p2__wd1e-04trmiss40_trlocglobal,32,0.0001,0.0001,1,16,1,False,0.2,lr1e-04_bs32_modL1_fusion16_fusionL1_fusionBN0_drop0p2__wd1e-04trmiss40_trlocglobal,41,0.464613676071167,0.6764654517173767,0.642292490118577,0.6515703282774917,0.5555555555555556,0.0,0.0,0.0,0.0,0.0,0.0,0.0,0.0,0.0,,,,,18473,global,0.4
1,2,lr1e-04_bs32_modL1_fusion16_fusionL1_fusionBN0_drop0p2__wd1e-04trmiss40_trlocglobal,32,0.0001,0.0001,1,16,1,False,0.2,lr1e-04_bs32_modL1_fusion16_fusionL1_fusionBN0_drop0p2__wd1e-04trmiss40_trlocglobal,42,0.45964617530504864,0.6777608394622803,0.6363636363636364,0.6468512451313179,0.5555555555555556,0.0,0.0,0.0,0.0,0.0,0.0,0.0,0.0,0.0,,,,,18473,global,0.4
1,2,lr1e-04_bs32_modL1_fusion16_fusionL1_fusionBN0_drop0p2__wd1e-04trmiss40_trlocglobal,32,0.0001,0.0001,1,16,1,False,0.2,lr1e-04_bs32_modL1_fusion16_fusionL1_fusionBN0_drop0p2__wd1e-04trmiss40_trlocglobal,43,0.44587381680806476,0.6781333088874817,0.6403162055335968,0.6493021489742502,0.5555555555555556,0.0,0.0,0.0,0.0,0.0,0.0,0.0,0.0,0.0,,,,,18473,global,0.4
1,2,lr1e-04_bs32_modL1_fusion16_fusionL1_fusionBN0_drop0p2__wd1e-04trmiss40_trlocglobal,32,0.0001,0.0001,1,16,1,False,0.2,lr1e-04_bs32_modL1_fusion16_fusionL1_fusionBN0_drop0p2__wd1e-04trmiss40_trlocglobal,44,0.45435717205206555,0.6779972612857819,0.6403162055335969,0.6438762455658396,0.5333333333333333,0.0,0.0,0.0,0.0,0.0,0.0,0.0,0.0,0.0,,,,,18473,global,0.4
1,2,lr1e-04_bs32_modL1_fusion16_fusionL1_fusionBN0_drop0p2__wd1e-04trmiss40_trlocglobal,32,0.0001,0.0001,1,16,1,False,0.2,lr1e-04_bs32_modL1_fusion16_fusionL1_fusionBN0_drop0p2__wd1e-04trmiss40_trlocglobal,45,0.4500046918789546,0.6790981888771057,0.642292490118577,0.6438068026431221,0.5333333333333333,0.0,0.0,0.0,0.0,0.0,0.0,0.0,0.0,0.0,,,,,18473,global,0.4
1,2,lr1e-04_bs32_modL1_fusion16_fusionL1_fusionBN0_drop0p2__wd1e-04trmiss40_trlocglobal,32,0.0001,0.0001,1,16,1,False,0.2,lr1e-04_bs32_modL1_fusion16_fusionL1_fusionBN0_drop0p2__wd1e-04trmiss40_trlocglobal,46,0.44634943207105,0.6798549890518188,0.6403162055335969,0.6328057716270987,0.5555555555555556,0.0,0.0,0.0,0.0,0.0,0.0,0.0,0.0,0.0,,,,,18473,global,0.4
1,2,lr1e-04_bs32_modL1_fusion16_fusionL1_fusionBN0_drop0p2__wd1e-04trmiss40_trlocglobal,32,0.0001,0.0001,1,16,1,False,0.2,lr1e-04_bs32_modL1_fusion16_fusionL1_fusionBN0_drop0p2__wd1e-04trmiss40_trlocglobal,47,0.4393581102291743,0.6787204146385193,0.6363636363636365,0.632302629789101,0.5555555555555556,0.0,0.0,0.0,0.0,0.0,0.0,0.0,0.0,0.0,,,,,18473,global,0.4
1,2,lr1e-04_bs32_modL1_fusion16_fusionL1_fusionBN0_drop0p2__wd1e-04trmiss40_trlocglobal,32,0.0001,0.0001,1,16,1,False,0.2,lr1e-04_bs32_modL1_fusion16_fusionL1_fusionBN0_drop0p2__wd1e-04trmiss40_trlocglobal,48,0.4586065312226613,0.678703635931015,0.6462450592885376,0.6500674965013361,0.5333333333333333,0.0,0.0,0.0,0.0,0.0,0.0,0.0,0.0,0.0,,,,,18473,global,0.4
1,2,lr1e-04_bs32_modL1_fusion16_fusionL1_fusionBN0_drop0p2__wd1e-04trmiss40_trlocglobal,32,0.0001,0.0001,1,16,1,False,0.2,lr1e-04_bs32_modL1_fusion16_fusionL1_fusionBN0_drop0p2__wd1e-04trmiss40_trlocglobal,49,0.4492767006158829,0.6794644594192505,0.6442687747035573,0.6435268621307978,0.5333333333333333,0.0,0.0,0.0,0.0,0.0,0.0,0.0,0.0,0.0,,,,,18473,global,0.4
1,2,lr1e-04_bs32_modL1_fusion16_fusionL1_fusionBN0_drop0p2__wd1e-04trmiss40_trlocglobal,32,0.0001,0.0001,1,16,1,False,0.2,lr1e-04_bs32_modL1_fusion16_fusionL1_fusionBN0_drop0p2__wd1e-04trmiss40_trlocglobal,50,0.4276839941740036,0.6812976002693176,0.6324110671936759,0.6185698341646164,0.5111111111111111,0.0,0.0,0.0,0.0,0.0,0.0,0.0,0.0,0.0,,,,,18473,global,0.4
1,2,lr1e-04_bs32_modL1_fusion16_fusionL1_fusionBN0_drop0p2__wd1e-04trmiss40_trlocglobal,32,0.0001,0.0001,1,16,1,False,0.2,lr1e-04_bs32_modL1_fusion16_fusionL1_fusionBN0_drop0p2__wd1e-04trmiss40_trlocglobal,51,0.44559817016124725,0.6816109120845795,0.6284584980237155,0.6137101057923023,0.5555555555555556,0.0,0.0,0.0,0.0,0.0,0.0,0.0,0.0,0.0,,,,,18473,global,0.4
1,2,lr1e-04_bs32_modL1_fusion16_fusionL1_fusionBN0_drop0p2__wd1e-04trmiss40_trlocglobal,32,0.0001,0.0001,1,16,1,False,0.2,lr1e-04_bs32_modL1_fusion16_fusionL1_fusionBN0_drop0p2__wd1e-04trmiss40_trlocglobal,52,0.4331839481989543,0.6814737319946289,0.6363636363636364,0.6204814423462476,0.5777777777777777,0.0,0.0,0.0,0.0,0.0,0.0,0.0,0.0,0.0,,,,,18473,global,0.4
1,2,lr1e-04_bs32_modL1_fusion16_fusionL1_fusionBN0_drop0p2__wd1e-04trmiss40_trlocglobal,32,0.0001,0.0001,1,16,1,False,0.2,lr1e-04_bs32_modL1_fusion16_fusionL1_fusionBN0_drop0p2__wd1e-04trmiss40_trlocglobal,53,0.42229252060254413,0.6811015009880066,0.6442687747035573,0.6444431457050944,0.5555555555555556,0.0,0.0,0.0,0.0,0.0,0.0,0.0,0.0,0.0,,,,,18473,global,0.4
1,2,lr1e-04_bs32_modL1_fusion16_fusionL1_fusionBN0_drop0p2__wd1e-04trmiss40_trlocglobal,32,0.0001,0.0001,1,16,1,False,0.2,lr1e-04_bs32_modL1_fusion16_fusionL1_fusionBN0_drop0p2__wd1e-04trmiss40_trlocglobal,54,0.43416694303353626,0.6821714341640472,0.6442687747035573,0.6442731038277597,0.5333333333333333,0.0,0.0,0.0,0.0,0.0,0.0,0.0,0.0,0.0,,,,,18473,global,0.4
1,2,lr1e-04_bs32_modL1_fusion16_fusionL1_fusionBN0_drop0p2__wd1e-04trmiss40_trlocglobal,32,0.0001,0.0001,1,16,1,False,0.2,lr1e-04_bs32_modL1_fusion16_fusionL1_fusionBN0_drop0p2__wd1e-04trmiss40_trlocglobal,55,0.4216572294632594,0.6837039291858673,0.6284584980237155,0.6137101057923023,0.5333333333333333,0.0,0.0,0.0,0.0,0.0,0.0,0.0,0.0,0.0,,,,,18473,global,0.4
1,2,lr1e-04_bs32_modL1_fusion16_fusionL1_fusionBN0_drop0p2__wd1e-04trmiss40_trlocglobal,32,0.0001,0.0001,1,16,1,False,0.2,lr1e-04_bs32_modL1_fusion16_fusionL1_fusionBN0_drop0p2__wd1e-04trmiss40_trlocglobal,56,0.4325855225324631,0.6828701794147491,0.6343873517786561,0.619793248431509,0.5333333333333333,0.0,0.0,0.0,0.0,0.0,0.0,0.0,0.0,0.0,,,,,18473,global,0.4
1,2,lr1e-04_bs32_modL1_fusion16_fusionL1_fusionBN0_drop0p2__wd1e-04trmiss40_trlocglobal,32,0.0001,0.0001,1,16,1,False,0.2,lr1e-04_bs32_modL1_fusion16_fusionL1_fusionBN0_drop0p2__wd1e-04trmiss40_trlocglobal,57,0.42170579234759015,0.6824044585227966,0.6363636363636365,0.6218622037832077,0.5333333333333333,0.0,0.0,0.0,0.0,0.0,0.0,0.0,0.0,0.0,,,,,18473,global,0.4
1,2,lr1e-04_bs32_modL1_fusion16_fusionL1_fusionBN0_drop0p2__wd1e-04trmiss40_trlocglobal,32,0.0001,0.0001,1,16,1,False,0.2,lr1e-04_bs32_modL1_fusion16_fusionL1_fusionBN0_drop0p2__wd1e-04trmiss40_trlocglobal,58,0.4123486876487732,0.68334099650383,0.6383399209486166,0.621854440057918,0.5555555555555556,0.0,0.0,0.0,0.0,0.0,0.0,0.0,0.0,0.0,,,,,18473,global,0.4
1,2,lr1e-04_bs32_modL1_fusion16_fusionL1_fusionBN0_drop0p2__wd1e-04trmiss40_trlocglobal,32,0.0001,0.0001,1,16,1,False,0.2,lr1e-04_bs32_modL1_fusion16_fusionL1_fusionBN0_drop0p2__wd1e-04trmiss40_trlocglobal,59,0.4285675485928853,0.6834881603717804,0.6383399209486166,0.6217469619880482,0.5555555555555556,0.0,0.0,0.0,0.0,0.0,0.0,0.0,0.0,0.0,,,,,18473,global,0.4
1,2,lr1e-04_bs32_modL1_fusion16_fusionL1_fusionBN0_drop0p2__wd1e-04trmiss40_trlocglobal,32,0.0001,0.0001,1,16,1,False,0.2,lr1e-04_bs32_modL1_fusion16_fusionL1_fusionBN0_drop0p2__wd1e-04trmiss40_trlocglobal,60,0.4211931775013606,0.683062732219696,0.6403162055335968,0.6403919202211071,0.5555555555555556,0.0,0.0,0.0,0.0,0.0,0.0,0.0,0.0,0.0,,,,,18473,global,0.4
1,2,lr1e-04_bs32_modL1_fusion16_fusionL1_fusionBN0_drop0p2__wd1e-04trmiss40_trlocglobal,32,0.0001,0.0001,1,16,1,False,0.2,lr1e-04_bs32_modL1_fusion16_fusionL1_fusionBN0_drop0p2__wd1e-04trmiss40_trlocglobal,61,0.40405114988485974,0.6829924285411835,0.6343873517786561,0.6164882647613876,0.5111111111111111,0.0,0.0,0.0,0.0,0.0,0.0,0.0,0.0,0.0,,,,,18473,global,0.4
1,2,lr1e-04_bs32_modL1_fusion16_fusionL1_fusionBN0_drop0p2__wd1e-04trmiss40_trlocglobal,32,0.0001,0.0001,1,16,1,False,0.2,lr1e-04_bs32_modL1_fusion16_fusionL1_fusionBN0_drop0p2__wd1e-04trmiss40_trlocglobal,62,0.4086676488320033,0.6845076680183411,0.6343873517786561,0.6164882647613876,0.5111111111111111,0.0,0.0,0.0,0.0,0.0,0.0,0.0,0.0,0.0,,,,,18473,global,0.4
1,2,lr1e-04_bs32_modL1_fusion16_fusionL1_fusionBN0_drop0p2__wd1e-04trmiss40_trlocglobal,32,0.0001,0.0001,1,16,1,False,0.2,lr1e-04_bs32_modL1_fusion16_fusionL1_fusionBN0_drop0p2__wd1e-04trmiss40_trlocglobal,63,0.4205212891101837,0.683992326259613,0.6324110671936759,0.6149253207432006,0.5333333333333333,0.0,0.0,0.0,0.0,0.0,0.0,0.0,0.0,0.0,,,,,18473,global,0.4
1,2,lr1e-04_bs32_modL1_fusion16_fusionL1_fusionBN0_drop0p2__wd1e-04trmiss40_trlocglobal,32,0.0001,0.0001,1,16,1,False,0.2,lr1e-04_bs32_modL1_fusion16_fusionL1_fusionBN0_drop0p2__wd1e-04trmiss40_trlocglobal,64,0.4168175806601842,0.6838056445121765,0.6324110671936759,0.6149253207432006,0.5777777777777777,0.0,0.0,0.0,0.0,0.0,0.0,0.0,0.0,0.0,,,,,18473,global,0.4
1,2,lr1e-04_bs32_modL1_fusion16_fusionL1_fusionBN0_drop0p2__wd1e-04trmiss40_trlocglobal,32,0.0001,0.0001,1,16,1,False,0.2,lr1e-04_bs32_modL1_fusion16_fusionL1_fusionBN0_drop0p2__wd1e-04trmiss40_trlocglobal,65,0.4096676657597224,0.6825616955757141,0.6363636363636364,0.6182492660579926,0.5777777777777777,0.0,0.0,0.0,0.0,0.0,0.0,0.0,0.0,0.0,,,,,18473,global,0.4
1,2,lr1e-04_bs32_modL1_fusion16_fusionL1_fusionBN0_drop0p2__wd1e-04trmiss40_trlocglobal,32,0.0001,0.0001,1,16,1,False,0.2,lr1e-04_bs32_modL1_fusion16_fusionL1_fusionBN0_drop0p2__wd1e-04trmiss40_trlocglobal,66,0.4069429735342662,0.6823168098926544,0.6363636363636364,0.6182492660579926,0.5333333333333333,0.0,0.0,0.0,0.0,0.0,0.0,0.0,0.0,0.0,,,,,18473,global,0.4
1,2,lr1e-04_bs32_modL1_fusion16_fusionL1_fusionBN0_drop0p2__wd1e-04trmiss40_trlocglobal,32,0.0001,0.0001,1,16,1,False,0.2,lr1e-04_bs32_modL1_fusion16_fusionL1_fusionBN0_drop0p2__wd1e-04trmiss40_trlocglobal,67,0.40629685918490094,0.6821099519729614,0.6383399209486166,0.6201603984039076,0.5333333333333333,0.0,0.0,0.0,0.0,0.0,0.0,0.0,0.0,0.0,,,,,18473,global,0.4
1,2,lr1e-04_bs32_modL1_fusion16_fusionL1_fusionBN0_drop0p2__wd1e-04trmiss40_trlocglobal,32,0.0001,0.0001,1,16,1,False,0.2,lr1e-04_bs32_modL1_fusion16_fusionL1_fusionBN0_drop0p2__wd1e-04trmiss40_trlocglobal,68,0.42061030864715576,0.6822240948677063,0.6383399209486166,0.6201603984039076,0.5555555555555556,0.0,0.0,0.0,0.0,0.0,0.0,0.0,0.0,0.0,,,,,18473,global,0.4
1,2,lr1e-04_bs32_modL1_fusion16_fusionL1_fusionBN0_drop0p1__wd1e-04trmiss40_trlocglobal,32,0.0001,0.0001,1,16,1,False,0.1,lr1e-04_bs32_modL1_fusion16_fusionL1_fusionBN0_drop0p1__wd1e-04trmiss40_trlocglobal,1,0.6923298339049021,0.698449581861496,0.383399209486166,0.47294430821355105,0.4222222222222222,0.0,0.0,0.0,0.0,0.0,0.0,0.0,0.0,0.0,,,,,18473,global,0.4
1,2,lr1e-04_bs32_modL1_fusion16_fusionL1_fusionBN0_drop0p1__wd1e-04trmiss40_trlocglobal,32,0.0001,0.0001,1,16,1,False,0.1,lr1e-04_bs32_modL1_fusion16_fusionL1_fusionBN0_drop0p1__wd1e-04trmiss40_trlocglobal,2,0.6684730350971222,0.6987528502941132,0.40316205533596833,0.4757232897365796,0.4666666666666667,0.0,0.0,0.0,0.0,0.0,0.0,0.0,0.0,0.0,,,,,18473,global,0.4
1,2,lr1e-04_bs32_modL1_fusion16_fusionL1_fusionBN0_drop0p1__wd1e-04trmiss40_trlocglobal,32,0.0001,0.0001,1,16,1,False,0.1,lr1e-04_bs32_modL1_fusion16_fusionL1_fusionBN0_drop0p1__wd1e-04trmiss40_trlocglobal,3,0.6610544224580129,0.6981477439403534,0.42885375494071143,0.4880738033369879,0.4888888888888889,0.0,0.0,0.0,0.0,0.0,0.0,0.0,0.0,0.0,,,,,18473,global,0.4
1,2,lr1e-04_bs32_modL1_fusion16_fusionL1_fusionBN0_drop0p1__wd1e-04trmiss40_trlocglobal,32,0.0001,0.0001,1,16,1,False,0.1,lr1e-04_bs32_modL1_fusion16_fusionL1_fusionBN0_drop0p1__wd1e-04trmiss40_trlocglobal,4,0.6470440526803335,0.6981720626354218,0.4407114624505929,0.49597225920940735,0.4888888888888889,0.0,0.0,0.0,0.0,0.0,0.0,0.0,0.0,0.0,,,,,18473,global,0.4
1,2,lr1e-04_bs32_modL1_fusion16_fusionL1_fusionBN0_drop0p1__wd1e-04trmiss40_trlocglobal,32,0.0001,0.0001,1,16,1,False,0.1,lr1e-04_bs32_modL1_fusion16_fusionL1_fusionBN0_drop0p1__wd1e-04trmiss40_trlocglobal,5,0.6405119597911835,0.6999334096908569,0.4189723320158103,0.4914228541562101,0.4888888888888889,0.0,0.0,0.0,0.0,0.0,0.0,0.0,0.0,0.0,,,,,18473,global,0.4
1,2,lr1e-04_bs32_modL1_fusion16_fusionL1_fusionBN0_drop0p1__wd1e-04trmiss40_trlocglobal,32,0.0001,0.0001,1,16,1,False,0.1,lr1e-04_bs32_modL1_fusion16_fusionL1_fusionBN0_drop0p1__wd1e-04trmiss40_trlocglobal,6,0.6334879398345947,0.6999536156654358,0.4268774703557312,0.4871370621012028,0.5111111111111111,0.0,0.0,0.0,0.0,0.0,0.0,0.0,0.0,0.0,,,,,18473,global,0.4
1,2,lr1e-04_bs32_modL1_fusion16_fusionL1_fusionBN0_drop0p1__wd1e-04trmiss40_trlocglobal,32,0.0001,0.0001,1,16,1,False,0.1,lr1e-04_bs32_modL1_fusion16_fusionL1_fusionBN0_drop0p1__wd1e-04trmiss40_trlocglobal,7,0.6291790207227071,0.7006494104862213,0.4308300395256917,0.48540314646804505,0.4888888888888889,0.0,0.0,0.0,0.0,0.0,0.0,0.0,0.0,0.0,,,,,18473,global,0.4
1,2,lr1e-04_bs32_modL1_fusion16_fusionL1_fusionBN0_drop0p1__wd1e-04trmiss40_trlocglobal,32,0.0001,0.0001,1,16,1,False,0.1,lr1e-04_bs32_modL1_fusion16_fusionL1_fusionBN0_drop0p1__wd1e-04trmiss40_trlocglobal,8,0.6190011501312256,0.7004271447658539,0.4446640316205534,0.49696093680470144,0.4888888888888889,0.0,0.0,0.0,0.0,0.0,0.0,0.0,0.0,0.0,,,,,18473,global,0.4
1,2,lr1e-04_bs32_modL1_fusion16_fusionL1_fusionBN0_drop0p1__wd1e-04trmiss40_trlocglobal,32,0.0001,0.0001,1,16,1,False,0.1,lr1e-04_bs32_modL1_fusion16_fusionL1_fusionBN0_drop0p1__wd1e-04trmiss40_trlocglobal,9,0.6200234492619833,0.6994567215442657,0.46047430830039526,0.5145281028554822,0.4666666666666667,0.0,0.0,0.0,0.0,0.0,0.0,0.0,0.0,0.0,,,,,18473,global,0.4
1,2,lr1e-04_bs32_modL1_fusion16_fusionL1_fusionBN0_drop0p1__wd1e-04trmiss40_trlocglobal,32,0.0001,0.0001,1,16,1,False,0.1,lr1e-04_bs32_modL1_fusion16_fusionL1_fusionBN0_drop0p1__wd1e-04trmiss40_trlocglobal,10,0.6108287274837494,0.6988327503204346,0.4525691699604743,0.5100168243019318,0.4444444444444444,0.0,0.0,0.0,0.0,0.0,0.0,0.0,0.0,0.0,,,,,18473,global,0.4
1,2,lr1e-04_bs32_modL1_fusion16_fusionL1_fusionBN0_drop0p1__wd1e-04trmiss40_trlocglobal,32,0.0001,0.0001,1,16,1,False,0.1,lr1e-04_bs32_modL1_fusion16_fusionL1_fusionBN0_drop0p1__wd1e-04trmiss40_trlocglobal,11,0.6007857322692871,0.6991376578807831,0.4505928853754941,0.5096536777618073,0.4444444444444444,0.0,0.0,0.0,0.0,0.0,0.0,0.0,0.0,0.0,,,,,18473,global,0.4
1,2,lr1e-04_bs32_modL1_fusion16_fusionL1_fusionBN0_drop0p1__wd1e-04trmiss40_trlocglobal,32,0.0001,0.0001,1,16,1,False,0.1,lr1e-04_bs32_modL1_fusion16_fusionL1_fusionBN0_drop0p1__wd1e-04trmiss40_trlocglobal,12,0.5937055150667826,0.6995672583580017,0.4545454545454546,0.5125400558086596,0.4444444444444444,0.0,0.0,0.0,0.0,0.0,0.0,0.0,0.0,0.0,,,,,18473,global,0.4
1,2,lr1e-04_bs32_modL1_fusion16_fusionL1_fusionBN0_drop0p1__wd1e-04trmiss40_trlocglobal,32,0.0001,0.0001,1,16,1,False,0.1,lr1e-04_bs32_modL1_fusion16_fusionL1_fusionBN0_drop0p1__wd1e-04trmiss40_trlocglobal,13,0.5916734735171,0.6991027295589447,0.47430830039525695,0.5191643105970748,0.4666666666666667,0.0,0.0,0.0,0.0,0.0,0.0,0.0,0.0,0.0,,,,,18473,global,0.4
1,2,lr1e-04_bs32_modL1_fusion16_fusionL1_fusionBN0_drop0p1__wd1e-04trmiss40_trlocglobal,32,0.0001,0.0001,1,16,1,False,0.1,lr1e-04_bs32_modL1_fusion16_fusionL1_fusionBN0_drop0p1__wd1e-04trmiss40_trlocglobal,14,0.5872350931167603,0.6996276378631592,0.4644268774703557,0.5126860750071514,0.4444444444444444,0.0,0.0,0.0,0.0,0.0,0.0,0.0,0.0,0.0,,,,,18473,global,0.4
1,2,lr1e-04_bs32_modL1_fusion16_fusionL1_fusionBN0_drop0p1__wd1e-04trmiss40_trlocglobal,32,0.0001,0.0001,1,16,1,False,0.1,lr1e-04_bs32_modL1_fusion16_fusionL1_fusionBN0_drop0p1__wd1e-04trmiss40_trlocglobal,15,0.5831683973471323,0.6994786262512207,0.4762845849802371,0.5309900175812041,0.4444444444444444,0.0,0.0,0.0,0.0,0.0,0.0,0.0,0.0,0.0,,,,,18473,global,0.4
1,2,lr1e-04_bs32_modL1_fusion16_fusionL1_fusionBN0_drop0p1__wd1e-04trmiss40_trlocglobal,32,0.0001,0.0001,1,16,1,False,0.1,lr1e-04_bs32_modL1_fusion16_fusionL1_fusionBN0_drop0p1__wd1e-04trmiss40_trlocglobal,16,0.5806251068909963,0.7006004154682159,0.46640316205533594,0.5159813517679013,0.4222222222222222,0.0,0.0,0.0,0.0,0.0,0.0,0.0,0.0,0.0,,,,,18473,global,0.4
1,2,lr1e-04_bs32_modL1_fusion16_fusionL1_fusionBN0_drop0p1__wd1e-04trmiss40_trlocglobal,32,0.0001,0.0001,1,16,1,False,0.1,lr1e-04_bs32_modL1_fusion16_fusionL1_fusionBN0_drop0p1__wd1e-04trmiss40_trlocglobal,17,0.5680457552274069,0.7001144289970398,0.4841897233201581,0.5271551118635587,0.4666666666666667,0.0,0.0,0.0,0.0,0.0,0.0,0.0,0.0,0.0,,,,,18473,global,0.4
1,2,lr1e-04_bs32_modL1_fusion16_fusionL1_fusionBN0_drop0p1__wd1e-04trmiss40_trlocglobal,32,0.0001,0.0001,1,16,1,False,0.1,lr1e-04_bs32_modL1_fusion16_fusionL1_fusionBN0_drop0p1__wd1e-04trmiss40_trlocglobal,18,0.5658236344655355,0.6993907988071442,0.4980237154150198,0.5364049671255661,0.4666666666666667,0.0,0.0,0.0,0.0,0.0,0.0,0.0,0.0,0.0,,,,,18473,global,0.4
1,2,lr1e-04_bs32_modL1_fusion16_fusionL1_fusionBN0_drop0p1__wd1e-04trmiss40_trlocglobal,32,0.0001,0.0001,1,16,1,False,0.1,lr1e-04_bs32_modL1_fusion16_fusionL1_fusionBN0_drop0p1__wd1e-04trmiss40_trlocglobal,19,0.5623622238636017,0.7001083791255951,0.49604743083003955,0.550966394539977,0.4666666666666667,0.0,0.0,0.0,0.0,0.0,0.0,0.0,0.0,0.0,,,,,18473,global,0.4
1,2,lr1e-04_bs32_modL1_fusion16_fusionL1_fusionBN0_drop0p1__wd1e-04trmiss40_trlocglobal,32,0.0001,0.0001,1,16,1,False,0.1,lr1e-04_bs32_modL1_fusion16_fusionL1_fusionBN0_drop0p1__wd1e-04trmiss40_trlocglobal,20,0.5521650016307831,0.7026919722557068,0.4841897233201581,0.5319119316745813,0.4444444444444444,0.0,0.0,0.0,0.0,0.0,0.0,0.0,0.0,0.0,,,,,18473,global,0.4
1,2,lr1e-04_bs32_modL1_fusion16_fusionL1_fusionBN0_drop0p1__wd1e-04trmiss40_trlocglobal,32,0.0001,0.0001,1,16,1,False,0.1,lr1e-04_bs32_modL1_fusion16_fusionL1_fusionBN0_drop0p1__wd1e-04trmiss40_trlocglobal,21,0.5593886276086172,0.702663004398346,0.5019762845849802,0.550941945938394,0.4444444444444444,0.0,0.0,0.0,0.0,0.0,0.0,0.0,0.0,0.0,,,,,18473,global,0.4
1,2,lr1e-04_bs32_modL1_fusion16_fusionL1_fusionBN0_drop0p1__wd1e-04trmiss40_trlocglobal,32,0.0001,0.0001,1,16,1,False,0.1,lr1e-04_bs32_modL1_fusion16_fusionL1_fusionBN0_drop0p1__wd1e-04trmiss40_trlocglobal,22,0.5467610359191895,0.7018086314201355,0.5059288537549407,0.555596977560298,0.4666666666666667,0.0,0.0,0.0,0.0,0.0,0.0,0.0,0.0,0.0,,,,,18473,global,0.4
1,2,lr1e-04_bs32_modL1_fusion16_fusionL1_fusionBN0_drop0p1__wd1e-04trmiss40_trlocglobal,32,0.0001,0.0001,1,16,1,False,0.1,lr1e-04_bs32_modL1_fusion16_fusionL1_fusionBN0_drop0p1__wd1e-04trmiss40_trlocglobal,23,0.5392391284306844,0.7051060199737549,0.48814229249011853,0.5306552875491095,0.4666666666666667,0.0,0.0,0.0,0.0,0.0,0.0,0.0,0.0,0.0,,,,,18473,global,0.4
1,2,lr1e-04_bs32_modL1_fusion16_fusionL1_fusionBN0_drop0p1__wd1e-04trmiss40_trlocglobal,32,0.0001,0.0001,1,16,1,False,0.1,lr1e-04_bs32_modL1_fusion16_fusionL1_fusionBN0_drop0p1__wd1e-04trmiss40_trlocglobal,24,0.5297015408674876,0.7049329280853271,0.4980237154150198,0.5371478979607163,0.4666666666666667,0.0,0.0,0.0,0.0,0.0,0.0,0.0,0.0,0.0,,,,,18473,global,0.4
1,2,lr1e-04_bs32_modL1_fusion16_fusionL1_fusionBN0_drop0p1__wd1e-04trmiss40_trlocglobal,32,0.0001,0.0001,1,16,1,False,0.1,lr1e-04_bs32_modL1_fusion16_fusionL1_fusionBN0_drop0p1__wd1e-04trmiss40_trlocglobal,25,0.5267138878504435,0.7033802270889282,0.4980237154150198,0.5386654084810869,0.4444444444444444,0.0,0.0,0.0,0.0,0.0,0.0,0.0,0.0,0.0,,,,,18473,global,0.4
1,2,lr1e-04_bs32_modL1_fusion16_fusionL1_fusionBN0_drop0p1__wd1e-04trmiss40_trlocglobal,32,0.0001,0.0001,1,16,1,False,0.1,lr1e-04_bs32_modL1_fusion16_fusionL1_fusionBN0_drop0p1__wd1e-04trmiss40_trlocglobal,26,0.5228716929753622,0.7029023170471191,0.5019762845849802,0.5394395963334183,0.4444444444444444,0.0,0.0,0.0,0.0,0.0,0.0,0.0,0.0,0.0,,,,,18473,global,0.4
1,2,lr1e-04_bs32_modL1_fusion16_fusionL1_fusionBN0_drop0p1__wd1e-04trmiss40_trlocglobal,32,0.0001,0.0001,1,16,1,False,0.1,lr1e-04_bs32_modL1_fusion16_fusionL1_fusionBN0_drop0p1__wd1e-04trmiss40_trlocglobal,27,0.5126228580872217,0.7034382820129395,0.49604743083003955,0.5372866268078851,0.4444444444444444,0.0,0.0,0.0,0.0,0.0,0.0,0.0,0.0,0.0,,,,,18473,global,0.4
1,2,lr1e-04_bs32_modL1_fusion16_fusionL1_fusionBN0_drop0p1__wd1e-04trmiss40_trlocglobal,32,0.0001,0.0001,1,16,1,False,0.1,lr1e-04_bs32_modL1_fusion16_fusionL1_fusionBN0_drop0p1__wd1e-04trmiss40_trlocglobal,28,0.5094246963659922,0.7028694152832031,0.5098814229249012,0.5458978932323463,0.4444444444444444,0.0,0.0,0.0,0.0,0.0,0.0,0.0,0.0,0.0,,,,,18473,global,0.4
1,2,lr1e-04_bs32_modL1_fusion16_fusionL1_fusionBN0_drop0p1__wd1e-04trmiss40_trlocglobal,32,0.0001,0.0001,1,16,1,False,0.1,lr1e-04_bs32_modL1_fusion16_fusionL1_fusionBN0_drop0p1__wd1e-04trmiss40_trlocglobal,29,0.5056254069010416,0.7041279077529907,0.5059288537549408,0.5218570950040093,0.4666666666666667,0.0,0.0,0.0,0.0,0.0,0.0,0.0,0.0,0.0,,,,,18473,global,0.4
1,2,lr1e-04_bs32_modL1_fusion16_fusionL1_fusionBN0_drop0p1__wd1e-04trmiss40_trlocglobal,32,0.0001,0.0001,1,16,1,False,0.1,lr1e-04_bs32_modL1_fusion16_fusionL1_fusionBN0_drop0p1__wd1e-04trmiss40_trlocglobal,30,0.5003345211346945,0.7051077485084534,0.49604743083003955,0.5370458711897871,0.4666666666666667,0.0,0.0,0.0,0.0,0.0,0.0,0.0,0.0,0.0,,,,,18473,global,0.4
1,2,lr1e-04_bs32_modL1_fusion16_fusionL1_fusionBN0_drop0p1__wd1e-04trmiss40_trlocglobal,32,0.0001,0.0001,1,16,1,False,0.1,lr1e-04_bs32_modL1_fusion16_fusionL1_fusionBN0_drop0p1__wd1e-04trmiss40_trlocglobal,31,0.49763379991054535,0.7056330442428589,0.5039525691699605,0.5409400287690038,0.5111111111111111,0.0,0.0,0.0,0.0,0.0,0.0,0.0,0.0,0.0,,,,,18473,global,0.4
1,2,lr1e-04_bs32_modL1_fusion16_fusionL1_fusionBN0_drop0p1__wd1e-04trmiss40_trlocglobal,32,0.0001,0.0001,1,16,1,False,0.1,lr1e-04_bs32_modL1_fusion16_fusionL1_fusionBN0_drop0p1__wd1e-04trmiss40_trlocglobal,32,0.4985767900943756,0.7065944969654083,0.5019762845849802,0.5387496466873174,0.4888888888888889,0.0,0.0,0.0,0.0,0.0,0.0,0.0,0.0,0.0,,,,,18473,global,0.4
1,2,lr1e-04_bs32_modL1_fusion16_fusionL1_fusionBN0_drop0p1__wd1e-04trmiss40_trlocglobal,32,0.0001,0.0001,1,16,1,False,0.1,lr1e-04_bs32_modL1_fusion16_fusionL1_fusionBN0_drop0p1__wd1e-04trmiss40_trlocglobal,33,0.4938422491153081,0.7084503471851349,0.49604743083003955,0.5347479453304802,0.4888888888888889,0.0,0.0,0.0,0.0,0.0,0.0,0.0,0.0,0.0,,,,,18473,global,0.4
1,2,lr1e-04_bs32_modL1_fusion16_fusionL1_fusionBN0_drop0p1__wd1e-04trmiss40_trlocglobal,32,0.0001,0.0001,1,16,1,False,0.1,lr1e-04_bs32_modL1_fusion16_fusionL1_fusionBN0_drop0p1__wd1e-04trmiss40_trlocglobal,34,0.48752286036809284,0.7096441686153412,0.4980237154150198,0.5408399874207082,0.4444444444444444,0.0,0.0,0.0,0.0,0.0,0.0,0.0,0.0,0.0,,,,,18473,global,0.4
1,2,lr1e-04_bs32_modL1_fusion16_fusionL1_fusionBN0_drop0p1__wd1e-04trmiss40_trlocglobal,32,0.0001,0.0001,1,16,1,False,0.1,lr1e-04_bs32_modL1_fusion16_fusionL1_fusionBN0_drop0p1__wd1e-04trmiss40_trlocglobal,35,0.4845611850420634,0.7100286781787872,0.4901185770750988,0.5328234205798685,0.4666666666666667,0.0,0.0,0.0,0.0,0.0,0.0,0.0,0.0,0.0,,,,,18473,global,0.4
1,2,lr1e-04_bs32_modL1_fusion16_fusionL1_fusionBN0_drop0p1__wd1e-04trmiss40_trlocglobal,32,0.0001,0.0001,1,16,1,False,0.1,lr1e-04_bs32_modL1_fusion16_fusionL1_fusionBN0_drop0p1__wd1e-04trmiss40_trlocglobal,36,0.4799381246169408,0.7078332602977753,0.5,0.5383346361365846,0.5111111111111111,0.0,0.0,0.0,0.0,0.0,0.0,0.0,0.0,0.0,,,,,18473,global,0.4
1,2,lr1e-04_bs32_modL1_fusion16_fusionL1_fusionBN0_drop0p1__wd1e-04trmiss40_trlocglobal,32,0.0001,0.0001,1,16,1,False,0.1,lr1e-04_bs32_modL1_fusion16_fusionL1_fusionBN0_drop0p1__wd1e-04trmiss40_trlocglobal,37,0.4802325169245402,0.7088269889354706,0.5059288537549407,0.5426701459729326,0.5333333333333333,0.0,0.0,0.0,0.0,0.0,0.0,0.0,0.0,0.0,,,,,18473,global,0.4
1,2,lr1e-04_bs32_modL1_fusion16_fusionL1_fusionBN0_drop0p1__wd1e-04trmiss40_trlocglobal,32,0.0001,0.0001,1,16,1,False,0.1,lr1e-04_bs32_modL1_fusion16_fusionL1_fusionBN0_drop0p1__wd1e-04trmiss40_trlocglobal,38,0.4717669685681661,0.7133638560771942,0.49604743083003955,0.5369734966730285,0.5111111111111111,0.0,0.0,0.0,0.0,0.0,0.0,0.0,0.0,0.0,,,,,18473,global,0.4
1,2,lr1e-04_bs32_modL1_fusion16_fusionL1_fusionBN0_drop0p1__wd1e-04trmiss40_trlocglobal,32,0.0001,0.0001,1,16,1,False,0.1,lr1e-04_bs32_modL1_fusion16_fusionL1_fusionBN0_drop0p1__wd1e-04trmiss40_trlocglobal,39,0.46936604380607605,0.7124650478363037,0.5039525691699605,0.5403212843605224,0.5111111111111111,0.0,0.0,0.0,0.0,0.0,0.0,0.0,0.0,0.0,,,,,18473,global,0.4
1,2,lr1e-04_bs32_modL1_fusion16_fusionL1_fusionBN0_drop0p1__wd1e-04trmiss40_trlocglobal,32,0.0001,0.0001,1,16,1,False,0.1,lr1e-04_bs32_modL1_fusion16_fusionL1_fusionBN0_drop0p1__wd1e-04trmiss40_trlocglobal,40,0.45653019348780316,0.7134834229946136,0.5039525691699605,0.5442747813405239,0.4888888888888889,0.0,0.0,0.0,0.0,0.0,0.0,0.0,0.0,0.0,,,,,18473,global,0.4
1,2,lr1e-04_bs32_modL1_fusion16_fusionL1_fusionBN0_drop0p1__wd1e-04trmiss40_trlocglobal,32,0.0001,0.0001,1,16,1,False,0.1,lr1e-04_bs32_modL1_fusion16_fusionL1_fusionBN0_drop0p1__wd1e-04trmiss40_trlocglobal,41,0.4596617470184962,0.71368807554245,0.5059288537549407,0.5453874456724978,0.5333333333333333,0.0,0.0,0.0,0.0,0.0,0.0,0.0,0.0,0.0,,,,,18473,global,0.4
1,2,lr1e-04_bs32_modL1_fusion16_fusionL1_fusionBN0_drop0p1__wd1e-04trmiss40_trlocglobal,32,0.0001,0.0001,1,16,1,False,0.1,lr1e-04_bs32_modL1_fusion16_fusionL1_fusionBN0_drop0p1__wd1e-04trmiss40_trlocglobal,42,0.4590407907962799,0.7136927843093872,0.5,0.5407989776501894,0.4888888888888889,0.0,0.0,0.0,0.0,0.0,0.0,0.0,0.0,0.0,,,,,18473,global,0.4
1,2,lr1e-04_bs32_modL1_fusion16_fusionL1_fusionBN0_drop0p1__wd1e-04trmiss40_trlocglobal,32,0.0001,0.0001,1,16,1,False,0.1,lr1e-04_bs32_modL1_fusion16_fusionL1_fusionBN0_drop0p1__wd1e-04trmiss40_trlocglobal,43,0.45644667744636536,0.7158691883087158,0.4940711462450593,0.5163836285065794,0.4666666666666667,0.0,0.0,0.0,0.0,0.0,0.0,0.0,0.0,0.0,,,,,18473,global,0.4
1,2,lr1e-04_bs32_modL1_fusion16_fusionL1_fusionBN0_drop0p1__wd1e-04trmiss40_trlocglobal,32,0.0001,0.0001,1,16,1,False,0.1,lr1e-04_bs32_modL1_fusion16_fusionL1_fusionBN0_drop0p1__wd1e-04trmiss40_trlocglobal,44,0.4546373238166173,0.7161161005496979,0.4940711462450593,0.5178668805396129,0.4666666666666667,0.0,0.0,0.0,0.0,0.0,0.0,0.0,0.0,0.0,,,,,18473,global,0.4
1,2,lr1e-04_bs32_modL1_fusion16_fusionL1_fusionBN0_drop0p1__wd1e-04trmiss40_trlocglobal,32,0.0001,0.0001,1,16,1,False,0.1,lr1e-04_bs32_modL1_fusion16_fusionL1_fusionBN0_drop0p1__wd1e-04trmiss40_trlocglobal,45,0.4504118611415227,0.7166675925254822,0.4920948616600791,0.5367070354084361,0.4666666666666667,0.0,0.0,0.0,0.0,0.0,0.0,0.0,0.0,0.0,,,,,18473,global,0.4
1,2,lr1e-04_bs32_modL1_fusion16_fusionL1_fusionBN0_drop0p1__wd1e-04trmiss40_trlocglobal,32,0.0001,0.0001,1,16,1,False,0.1,lr1e-04_bs32_modL1_fusion16_fusionL1_fusionBN0_drop0p1__wd1e-04trmiss40_trlocglobal,46,0.440374160806338,0.7174517214298248,0.5,0.5431773291577506,0.5111111111111111,0.0,0.0,0.0,0.0,0.0,0.0,0.0,0.0,0.0,,,,,18473,global,0.4
1,2,lr1e-04_bs32_modL1_fusion16_fusionL1_fusionBN0_drop0p1__wd1e-04trmiss40_trlocglobal,32,0.0001,0.0001,1,16,1,False,0.1,lr1e-04_bs32_modL1_fusion16_fusionL1_fusionBN0_drop0p1__wd1e-04trmiss40_trlocglobal,47,0.4427117854356766,0.7180600464344025,0.4980237154150198,0.5422176359044386,0.4888888888888889,0.0,0.0,0.0,0.0,0.0,0.0,0.0,0.0,0.0,,,,,18473,global,0.4
1,2,lr1e-04_bs32_modL1_fusion16_fusionL1_fusionBN0_drop0p1__wd1e-04trmiss40_trlocglobal,32,0.0001,0.0001,1,16,1,False,0.1,lr1e-04_bs32_modL1_fusion16_fusionL1_fusionBN0_drop0p1__wd1e-04trmiss40_trlocglobal,48,0.4467099756002426,0.7195007503032684,0.5039525691699605,0.5442392539690902,0.4888888888888889,0.0,0.0,0.0,0.0,0.0,0.0,0.0,0.0,0.0,,,,,18473,global,0.4
1,2,lr1e-04_bs32_modL1_fusion32_fusionL1_fusionBN0_drop0p2__wd1e-04trmiss40_trlocglobal,32,0.0001,0.0001,1,32,1,False,0.2,lr1e-04_bs32_modL1_fusion32_fusionL1_fusionBN0_drop0p2__wd1e-04trmiss40_trlocglobal,1,0.6982470452785492,0.6896955370903015,0.5375494071146245,0.6586364642959439,0.4444444444444444,0.0,0.0,0.0,0.0,0.0,0.0,0.0,0.0,0.0,,,,,18473,global,0.4
1,2,lr1e-04_bs32_modL1_fusion32_fusionL1_fusionBN0_drop0p2__wd1e-04trmiss40_trlocglobal,32,0.0001,0.0001,1,32,1,False,0.2,lr1e-04_bs32_modL1_fusion32_fusionL1_fusionBN0_drop0p2__wd1e-04trmiss40_trlocglobal,2,0.6735307375590006,0.686895340681076,0.5316205533596838,0.6423365413694965,0.4,0.0,0.0,0.0,0.0,0.0,0.0,0.0,0.0,0.0,,,,,18473,global,0.4
1,2,lr1e-04_bs32_modL1_fusion32_fusionL1_fusionBN0_drop0p2__wd1e-04trmiss40_trlocglobal,32,0.0001,0.0001,1,32,1,False,0.2,lr1e-04_bs32_modL1_fusion32_fusionL1_fusionBN0_drop0p2__wd1e-04trmiss40_trlocglobal,3,0.6525803506374359,0.6848853528499603,0.533596837944664,0.648940270242255,0.4222222222222222,0.0,0.0,0.0,0.0,0.0,0.0,0.0,0.0,0.0,,,,,18473,global,0.4
1,2,lr1e-04_bs32_modL1_fusion32_fusionL1_fusionBN0_drop0p2__wd1e-04trmiss40_trlocglobal,32,0.0001,0.0001,1,32,1,False,0.2,lr1e-04_bs32_modL1_fusion32_fusionL1_fusionBN0_drop0p2__wd1e-04trmiss40_trlocglobal,4,0.6421664158503214,0.6844824254512787,0.533596837944664,0.6583098773494211,0.4222222222222222,0.0,0.0,0.0,0.0,0.0,0.0,0.0,0.0,0.0,,,,,18473,global,0.4
1,2,lr1e-04_bs32_modL1_fusion32_fusionL1_fusionBN0_drop0p2__wd1e-04trmiss40_trlocglobal,32,0.0001,0.0001,1,32,1,False,0.2,lr1e-04_bs32_modL1_fusion32_fusionL1_fusionBN0_drop0p2__wd1e-04trmiss40_trlocglobal,5,0.6337733169396719,0.6853837966918945,0.5296442687747035,0.6610936256051921,0.4444444444444444,0.0,0.0,0.0,0.0,0.0,0.0,0.0,0.0,0.0,,,,,18473,global,0.4
1,2,lr1e-04_bs32_modL1_fusion32_fusionL1_fusionBN0_drop0p2__wd1e-04trmiss40_trlocglobal,32,0.0001,0.0001,1,32,1,False,0.2,lr1e-04_bs32_modL1_fusion32_fusionL1_fusionBN0_drop0p2__wd1e-04trmiss40_trlocglobal,6,0.6222339570522308,0.685017853975296,0.5316205533596838,0.6636882420296967,0.4222222222222222,0.0,0.0,0.0,0.0,0.0,0.0,0.0,0.0,0.0,,,,,18473,global,0.4
1,2,lr1e-04_bs32_modL1_fusion32_fusionL1_fusionBN0_drop0p2__wd1e-04trmiss40_trlocglobal,32,0.0001,0.0001,1,32,1,False,0.2,lr1e-04_bs32_modL1_fusion32_fusionL1_fusionBN0_drop0p2__wd1e-04trmiss40_trlocglobal,7,0.6057806511720022,0.6844752728939056,0.5296442687747035,0.6623290869035093,0.4,0.0,0.0,0.0,0.0,0.0,0.0,0.0,0.0,0.0,,,,,18473,global,0.4
1,2,lr1e-04_bs32_modL1_fusion32_fusionL1_fusionBN0_drop0p2__wd1e-04trmiss40_trlocglobal,32,0.0001,0.0001,1,32,1,False,0.2,lr1e-04_bs32_modL1_fusion32_fusionL1_fusionBN0_drop0p2__wd1e-04trmiss40_trlocglobal,8,0.6028283933798472,0.6831603348255157,0.5375494071146244,0.685441096972041,0.4222222222222222,0.0,0.0,0.0,0.0,0.0,0.0,0.0,0.0,0.0,,,,,18473,global,0.4
1,2,lr1e-04_bs32_modL1_fusion32_fusionL1_fusionBN0_drop0p2__wd1e-04trmiss40_trlocglobal,32,0.0001,0.0001,1,32,1,False,0.2,lr1e-04_bs32_modL1_fusion32_fusionL1_fusionBN0_drop0p2__wd1e-04trmiss40_trlocglobal,9,0.5951910217603048,0.6814029514789581,0.5513833992094861,0.680557830509697,0.4444444444444444,0.0,0.0,0.0,0.0,0.0,0.0,0.0,0.0,0.0,,,,,18473,global,0.4
1,2,lr1e-04_bs32_modL1_fusion32_fusionL1_fusionBN0_drop0p2__wd1e-04trmiss40_trlocglobal,32,0.0001,0.0001,1,32,1,False,0.2,lr1e-04_bs32_modL1_fusion32_fusionL1_fusionBN0_drop0p2__wd1e-04trmiss40_trlocglobal,10,0.5896158715089163,0.6798811852931976,0.5533596837944664,0.6829309933116003,0.4888888888888889,0.0,0.0,0.0,0.0,0.0,0.0,0.0,0.0,0.0,,,,,18473,global,0.4
1,2,lr1e-04_bs32_modL1_fusion32_fusionL1_fusionBN0_drop0p2__wd1e-04trmiss40_trlocglobal,32,0.0001,0.0001,1,32,1,False,0.2,lr1e-04_bs32_modL1_fusion32_fusionL1_fusionBN0_drop0p2__wd1e-04trmiss40_trlocglobal,11,0.5905079742272695,0.6788415312767029,0.5335968379446641,0.6787015829337691,0.5111111111111111,0.0,0.0,0.0,0.0,0.0,0.0,0.0,0.0,0.0,,,,,18473,global,0.4
1,2,lr1e-04_bs32_modL1_fusion32_fusionL1_fusionBN0_drop0p2__wd1e-04trmiss40_trlocglobal,32,0.0001,0.0001,1,32,1,False,0.2,lr1e-04_bs32_modL1_fusion32_fusionL1_fusionBN0_drop0p2__wd1e-04trmiss40_trlocglobal,12,0.5716523826122284,0.6795028448104858,0.5395256916996047,0.6866507489055372,0.5111111111111111,0.0,0.0,0.0,0.0,0.0,0.0,0.0,0.0,0.0,,,,,18473,global,0.4
1,2,lr1e-04_bs32_modL1_fusion32_fusionL1_fusionBN0_drop0p2__wd1e-04trmiss40_trlocglobal,32,0.0001,0.0001,1,32,1,False,0.2,lr1e-04_bs32_modL1_fusion32_fusionL1_fusionBN0_drop0p2__wd1e-04trmiss40_trlocglobal,13,0.5845621228218079,0.6787631809711456,0.5355731225296443,0.6785267713689277,0.5111111111111111,0.0,0.0,0.0,0.0,0.0,0.0,0.0,0.0,0.0,,,,,18473,global,0.4
1,2,lr1e-04_bs32_modL1_fusion32_fusionL1_fusionBN0_drop0p2__wd1e-04trmiss40_trlocglobal,32,0.0001,0.0001,1,32,1,False,0.2,lr1e-04_bs32_modL1_fusion32_fusionL1_fusionBN0_drop0p2__wd1e-04trmiss40_trlocglobal,14,0.56121892730395,0.6803339719772339,0.5395256916996047,0.6732637942328411,0.4888888888888889,0.0,0.0,0.0,0.0,0.0,0.0,0.0,0.0,0.0,,,,,18473,global,0.4
1,2,lr1e-04_bs32_modL1_fusion32_fusionL1_fusionBN0_drop0p2__wd1e-04trmiss40_trlocglobal,32,0.0001,0.0001,1,32,1,False,0.2,lr1e-04_bs32_modL1_fusion32_fusionL1_fusionBN0_drop0p2__wd1e-04trmiss40_trlocglobal,15,0.5520297288894653,0.6799614429473877,0.5375494071146245,0.6761546055288247,0.5111111111111111,0.0,0.0,0.0,0.0,0.0,0.0,0.0,0.0,0.0,,,,,18473,global,0.4
1,2,lr1e-04_bs32_modL1_fusion32_fusionL1_fusionBN0_drop0p2__wd1e-04trmiss40_trlocglobal,32,0.0001,0.0001,1,32,1,False,0.2,lr1e-04_bs32_modL1_fusion32_fusionL1_fusionBN0_drop0p2__wd1e-04trmiss40_trlocglobal,16,0.5517290929953257,0.6808849275112152,0.5474308300395258,0.6786621573565715,0.5111111111111111,0.0,0.0,0.0,0.0,0.0,0.0,0.0,0.0,0.0,,,,,18473,global,0.4
1,2,lr1e-04_bs32_modL1_fusion32_fusionL1_fusionBN0_drop0p2__wd1e-04trmiss40_trlocglobal,32,0.0001,0.0001,1,32,1,False,0.2,lr1e-04_bs32_modL1_fusion32_fusionL1_fusionBN0_drop0p2__wd1e-04trmiss40_trlocglobal,17,0.5415980617205302,0.681933730840683,0.5454545454545455,0.6613445715607249,0.5111111111111111,0.0,0.0,0.0,0.0,0.0,0.0,0.0,0.0,0.0,,,,,18473,global,0.4
1,2,lr1e-04_bs32_modL1_fusion32_fusionL1_fusionBN0_drop0p2__wd1e-04trmiss40_trlocglobal,32,0.0001,0.0001,1,32,1,False,0.2,lr1e-04_bs32_modL1_fusion32_fusionL1_fusionBN0_drop0p2__wd1e-04trmiss40_trlocglobal,18,0.5382887721061707,0.6833289265632629,0.5454545454545454,0.6516383798852238,0.5333333333333333,0.0,0.0,0.0,0.0,0.0,0.0,0.0,0.0,0.0,,,,,18473,global,0.4
1,2,lr1e-04_bs32_modL1_fusion32_fusionL1_fusionBN0_drop0p2__wd1e-04trmiss40_trlocglobal,32,0.0001,0.0001,1,32,1,False,0.2,lr1e-04_bs32_modL1_fusion32_fusionL1_fusionBN0_drop0p2__wd1e-04trmiss40_trlocglobal,19,0.5346630314985911,0.6862391233444214,0.5217391304347826,0.6395800448394775,0.5333333333333333,0.0,0.0,0.0,0.0,0.0,0.0,0.0,0.0,0.0,,,,,18473,global,0.4
1,2,lr1e-04_bs32_modL1_fusion32_fusionL1_fusionBN0_drop0p2__wd1e-04trmiss40_trlocglobal,32,0.0001,0.0001,1,32,1,False,0.2,lr1e-04_bs32_modL1_fusion32_fusionL1_fusionBN0_drop0p2__wd1e-04trmiss40_trlocglobal,20,0.5304933389027914,0.6886332333087921,0.507905138339921,0.629266243117516,0.5111111111111111,0.0,0.0,0.0,0.0,0.0,0.0,0.0,0.0,0.0,,,,,18473,global,0.4
1,2,lr1e-04_bs32_modL1_fusion32_fusionL1_fusionBN0_drop0p2__wd1e-04trmiss40_trlocglobal,32,0.0001,0.0001,1,32,1,False,0.2,lr1e-04_bs32_modL1_fusion32_fusionL1_fusionBN0_drop0p2__wd1e-04trmiss40_trlocglobal,21,0.5176257987817129,0.686554342508316,0.5197628458498024,0.635330380952417,0.5111111111111111,0.0,0.0,0.0,0.0,0.0,0.0,0.0,0.0,0.0,,,,,18473,global,0.4
1,2,lr1e-04_bs32_modL1_fusion32_fusionL1_fusionBN0_drop0p2__wd1e-04trmiss40_trlocglobal,32,0.0001,0.0001,1,32,1,False,0.2,lr1e-04_bs32_modL1_fusion32_fusionL1_fusionBN0_drop0p2__wd1e-04trmiss40_trlocglobal,22,0.5166970193386078,0.6845943629741669,0.5474308300395258,0.6486202207895714,0.5555555555555556,0.0,0.0,0.0,0.0,0.0,0.0,0.0,0.0,0.0,,,,,18473,global,0.4
1,2,lr1e-04_bs32_modL1_fusion32_fusionL1_fusionBN0_drop0p2__wd1e-04trmiss40_trlocglobal,32,0.0001,0.0001,1,32,1,False,0.2,lr1e-04_bs32_modL1_fusion32_fusionL1_fusionBN0_drop0p2__wd1e-04trmiss40_trlocglobal,23,0.5088159044583639,0.6847656667232513,0.5474308300395256,0.6413687469845208,0.5555555555555556,0.0,0.0,0.0,0.0,0.0,0.0,0.0,0.0,0.0,,,,,18473,global,0.4
1,2,lr1e-04_bs32_modL1_fusion32_fusionL1_fusionBN0_drop0p2__wd1e-04trmiss40_trlocglobal,32,0.0001,0.0001,1,32,1,False,0.2,lr1e-04_bs32_modL1_fusion32_fusionL1_fusionBN0_drop0p2__wd1e-04trmiss40_trlocglobal,24,0.488715797662735,0.6877623796463013,0.5355731225296443,0.6243326592920893,0.5111111111111111,0.0,0.0,0.0,0.0,0.0,0.0,0.0,0.0,0.0,,,,,18473,global,0.4
1,2,lr1e-04_bs32_modL1_fusion32_fusionL1_fusionBN0_drop0p2__wd1e-04trmiss40_trlocglobal,32,0.0001,0.0001,1,32,1,False,0.2,lr1e-04_bs32_modL1_fusion32_fusionL1_fusionBN0_drop0p2__wd1e-04trmiss40_trlocglobal,25,0.5034700433413187,0.6909650564193726,0.5395256916996047,0.6267301468401418,0.5111111111111111,0.0,0.0,0.0,0.0,0.0,0.0,0.0,0.0,0.0,,,,,18473,global,0.4
1,2,lr1e-04_bs32_modL1_fusion32_fusionL1_fusionBN0_drop0p2__wd1e-04trmiss40_trlocglobal,32,0.0001,0.0001,1,32,1,False,0.2,lr1e-04_bs32_modL1_fusion32_fusionL1_fusionBN0_drop0p2__wd1e-04trmiss40_trlocglobal,26,0.4889177729686101,0.6897189021110535,0.5395256916996047,0.6278797320440883,0.5333333333333333,0.0,0.0,0.0,0.0,0.0,0.0,0.0,0.0,0.0,,,,,18473,global,0.4
1,2,lr1e-04_bs32_modL1_fusion32_fusionL1_fusionBN0_drop0p2__wd1e-04trmiss40_trlocglobal,32,0.0001,0.0001,1,32,1,False,0.2,lr1e-04_bs32_modL1_fusion32_fusionL1_fusionBN0_drop0p2__wd1e-04trmiss40_trlocglobal,27,0.48600270847479504,0.6892091333866119,0.5474308300395256,0.6312834031141721,0.5333333333333333,0.0,0.0,0.0,0.0,0.0,0.0,0.0,0.0,0.0,,,,,18473,global,0.4
1,2,lr1e-04_bs32_modL1_fusion32_fusionL1_fusionBN0_drop0p2__wd1e-04trmiss40_trlocglobal,32,0.0001,0.0001,1,32,1,False,0.2,lr1e-04_bs32_modL1_fusion32_fusionL1_fusionBN0_drop0p2__wd1e-04trmiss40_trlocglobal,28,0.4803158988555272,0.6874035000801086,0.5632411067193677,0.6387982628034307,0.5333333333333333,0.0,0.0,0.0,0.0,0.0,0.0,0.0,0.0,0.0,,,,,18473,global,0.4
1,2,lr1e-04_bs32_modL1_fusion32_fusionL1_fusionBN0_drop0p2__wd1e-04trmiss40_trlocglobal,32,0.0001,0.0001,1,32,1,False,0.2,lr1e-04_bs32_modL1_fusion32_fusionL1_fusionBN0_drop0p2__wd1e-04trmiss40_trlocglobal,29,0.4752620855967204,0.6888140439987183,0.5592885375494071,0.6310029263680001,0.5333333333333333,0.0,0.0,0.0,0.0,0.0,0.0,0.0,0.0,0.0,,,,,18473,global,0.4
1,2,lr1e-04_bs32_modL1_fusion32_fusionL1_fusionBN0_drop0p2__wd1e-04trmiss40_trlocglobal,32,0.0001,0.0001,1,32,1,False,0.2,lr1e-04_bs32_modL1_fusion32_fusionL1_fusionBN0_drop0p2__wd1e-04trmiss40_trlocglobal,30,0.46903592348098755,0.6924529671669006,0.5395256916996047,0.6215652165602701,0.5333333333333333,0.0,0.0,0.0,0.0,0.0,0.0,0.0,0.0,0.0,,,,,18473,global,0.4
1,2,lr1e-04_bs32_modL1_fusion32_fusionL1_fusionBN0_drop0p2__wd1e-04trmiss40_trlocglobal,32,0.0001,0.0001,1,32,1,False,0.2,lr1e-04_bs32_modL1_fusion32_fusionL1_fusionBN0_drop0p2__wd1e-04trmiss40_trlocglobal,31,0.45649340748786926,0.6907081007957458,0.5513833992094861,0.6273747635501778,0.5333333333333333,0.0,0.0,0.0,0.0,0.0,0.0,0.0,0.0,0.0,,,,,18473,global,0.4
1,2,lr1e-04_bs32_modL1_fusion32_fusionL1_fusionBN0_drop0p2__wd1e-04trmiss40_trlocglobal,32,0.0001,0.0001,1,32,1,False,0.2,lr1e-04_bs32_modL1_fusion32_fusionL1_fusionBN0_drop0p2__wd1e-04trmiss40_trlocglobal,32,0.44748926162719727,0.6910325586795807,0.5691699604743083,0.6366437544327775,0.5333333333333333,0.0,0.0,0.0,0.0,0.0,0.0,0.0,0.0,0.0,,,,,18473,global,0.4
1,2,lr1e-04_bs32_modL1_fusion32_fusionL1_fusionBN0_drop0p2__wd1e-04trmiss40_trlocglobal,32,0.0001,0.0001,1,32,1,False,0.2,lr1e-04_bs32_modL1_fusion32_fusionL1_fusionBN0_drop0p2__wd1e-04trmiss40_trlocglobal,33,0.4605580021937688,0.6900283992290497,0.5731225296442688,0.63949469248979,0.5333333333333333,0.0,0.0,0.0,0.0,0.0,0.0,0.0,0.0,0.0,,,,,18473,global,0.4
1,2,lr1e-04_bs32_modL1_fusion32_fusionL1_fusionBN0_drop0p2__wd1e-04trmiss40_trlocglobal,32,0.0001,0.0001,1,32,1,False,0.2,lr1e-04_bs32_modL1_fusion32_fusionL1_fusionBN0_drop0p2__wd1e-04trmiss40_trlocglobal,34,0.4416753649711609,0.6948727965354919,0.5533596837944664,0.6155165278907913,0.5111111111111111,0.0,0.0,0.0,0.0,0.0,0.0,0.0,0.0,0.0,,,,,18473,global,0.4
1,2,lr1e-04_bs32_modL1_fusion32_fusionL1_fusionBN0_drop0p2__wd1e-04trmiss40_trlocglobal,32,0.0001,0.0001,1,32,1,False,0.2,lr1e-04_bs32_modL1_fusion32_fusionL1_fusionBN0_drop0p2__wd1e-04trmiss40_trlocglobal,35,0.4456711659828822,0.6957889497280121,0.5671936758893281,0.6080817694514746,0.5333333333333333,0.0,0.0,0.0,0.0,0.0,0.0,0.0,0.0,0.0,,,,,18473,global,0.4
1,2,lr1e-04_bs32_modL1_fusion32_fusionL1_fusionBN0_drop0p2__wd1e-04trmiss40_trlocglobal,32,0.0001,0.0001,1,32,1,False,0.2,lr1e-04_bs32_modL1_fusion32_fusionL1_fusionBN0_drop0p2__wd1e-04trmiss40_trlocglobal,36,0.4260690361261368,0.6927692592144012,0.5632411067193677,0.5991339204853529,0.6,0.0,0.0,0.0,0.0,0.0,0.0,0.0,0.0,0.0,,,,,18473,global,0.4
1,2,lr1e-04_bs32_modL1_fusion32_fusionL1_fusionBN0_drop0p2__wd1e-04trmiss40_trlocglobal,32,0.0001,0.0001,1,32,1,False,0.2,lr1e-04_bs32_modL1_fusion32_fusionL1_fusionBN0_drop0p2__wd1e-04trmiss40_trlocglobal,37,0.444989671309789,0.6922235190868378,0.5711462450592886,0.6031900657611058,0.5777777777777777,0.0,0.0,0.0,0.0,0.0,0.0,0.0,0.0,0.0,,,,,18473,global,0.4
1,2,lr1e-04_bs32_modL1_fusion32_fusionL1_fusionBN0_drop0p2__wd1e-04trmiss40_trlocglobal,32,0.0001,0.0001,1,32,1,False,0.2,lr1e-04_bs32_modL1_fusion32_fusionL1_fusionBN0_drop0p2__wd1e-04trmiss40_trlocglobal,38,0.42297806839148205,0.6954876780509949,0.5592885375494071,0.5963704468144382,0.5555555555555556,0.0,0.0,0.0,0.0,0.0,0.0,0.0,0.0,0.0,,,,,18473,global,0.4
1,2,lr1e-04_bs32_modL1_fusion32_fusionL1_fusionBN0_drop0p2__wd1e-04trmiss40_trlocglobal,32,0.0001,0.0001,1,32,1,False,0.2,lr1e-04_bs32_modL1_fusion32_fusionL1_fusionBN0_drop0p2__wd1e-04trmiss40_trlocglobal,39,0.4261690179506938,0.6967399716377258,0.5513833992094862,0.5883214157598047,0.5555555555555556,0.0,0.0,0.0,0.0,0.0,0.0,0.0,0.0,0.0,,,,,18473,global,0.4
1,2,lr1e-04_bs32_modL1_fusion32_fusionL1_fusionBN0_drop0p2__wd1e-04trmiss40_trlocglobal,32,0.0001,0.0001,1,32,1,False,0.2,lr1e-04_bs32_modL1_fusion32_fusionL1_fusionBN0_drop0p2__wd1e-04trmiss40_trlocglobal,40,0.41925016542275745,0.6940375864505768,0.5731225296442688,0.6064205930831199,0.5777777777777777,0.0,0.0,0.0,0.0,0.0,0.0,0.0,0.0,0.0,,,,,18473,global,0.4
1,2,lr1e-04_bs32_modL1_fusion32_fusionL1_fusionBN0_drop0p2__wd1e-04trmiss40_trlocglobal,32,0.0001,0.0001,1,32,1,False,0.2,lr1e-04_bs32_modL1_fusion32_fusionL1_fusionBN0_drop0p2__wd1e-04trmiss40_trlocglobal,41,0.40957606335481006,0.693253219127655,0.5731225296442688,0.6056532645984002,0.5777777777777777,0.0,0.0,0.0,0.0,0.0,0.0,0.0,0.0,0.0,,,,,18473,global,0.4
1,2,lr1e-04_bs32_modL1_fusion32_fusionL1_fusionBN0_drop0p2__wd1e-04trmiss40_trlocglobal,32,0.0001,0.0001,1,32,1,False,0.2,lr1e-04_bs32_modL1_fusion32_fusionL1_fusionBN0_drop0p2__wd1e-04trmiss40_trlocglobal,42,0.40990400314331055,0.6949939131736755,0.5731225296442688,0.6111319220591549,0.5777777777777777,0.0,0.0,0.0,0.0,0.0,0.0,0.0,0.0,0.0,,,,,18473,global,0.4
1,2,lr1e-04_bs32_modL1_fusion32_fusionL1_fusionBN0_drop0p2__wd1e-04trmiss40_trlocglobal,32,0.0001,0.0001,1,32,1,False,0.2,lr1e-04_bs32_modL1_fusion32_fusionL1_fusionBN0_drop0p2__wd1e-04trmiss40_trlocglobal,43,0.4128603438536326,0.6986613273620605,0.5533596837944664,0.5832514310414824,0.5777777777777777,0.0,0.0,0.0,0.0,0.0,0.0,0.0,0.0,0.0,,,,,18473,global,0.4
1,2,lr1e-04_bs32_modL1_fusion32_fusionL1_fusionBN0_drop0p2__wd1e-04trmiss40_trlocglobal,32,0.0001,0.0001,1,32,1,False,0.2,lr1e-04_bs32_modL1_fusion32_fusionL1_fusionBN0_drop0p2__wd1e-04trmiss40_trlocglobal,44,0.40587576230367023,0.6982601881027222,0.5592885375494071,0.5882969640498485,0.5555555555555556,0.0,0.0,0.0,0.0,0.0,0.0,0.0,0.0,0.0,,,,,18473,global,0.4
1,2,lr1e-04_bs32_modL1_fusion32_fusionL1_fusionBN0_drop0p2__wd1e-04trmiss40_trlocglobal,32,0.0001,0.0001,1,32,1,False,0.2,lr1e-04_bs32_modL1_fusion32_fusionL1_fusionBN0_drop0p2__wd1e-04trmiss40_trlocglobal,45,0.3924822707970937,0.6963505446910858,0.5691699604743083,0.5925787342715948,0.6,0.0,0.0,0.0,0.0,0.0,0.0,0.0,0.0,0.0,,,,,18473,global,0.4
1,2,lr1e-04_bs32_modL1_fusion32_fusionL1_fusionBN0_drop0p2__wd1e-04trmiss40_trlocglobal,32,0.0001,0.0001,1,32,1,False,0.2,lr1e-04_bs32_modL1_fusion32_fusionL1_fusionBN0_drop0p2__wd1e-04trmiss40_trlocglobal,46,0.4034418811400731,0.698259025812149,0.5612648221343873,0.584883752120091,0.6,0.0,0.0,0.0,0.0,0.0,0.0,0.0,0.0,0.0,,,,,18473,global,0.4
1,2,lr1e-04_bs32_modL1_fusion32_fusionL1_fusionBN0_drop0p2__wd1e-04trmiss40_trlocglobal,32,0.0001,0.0001,1,32,1,False,0.2,lr1e-04_bs32_modL1_fusion32_fusionL1_fusionBN0_drop0p2__wd1e-04trmiss40_trlocglobal,47,0.3971986025571823,0.7000479698181152,0.5632411067193676,0.5904853676592806,0.6,0.0,0.0,0.0,0.0,0.0,0.0,0.0,0.0,0.0,,,,,18473,global,0.4
1,2,lr1e-04_bs32_modL1_fusion32_fusionL1_fusionBN0_drop0p2__wd1e-04trmiss40_trlocglobal,32,0.0001,0.0001,1,32,1,False,0.2,lr1e-04_bs32_modL1_fusion32_fusionL1_fusionBN0_drop0p2__wd1e-04trmiss40_trlocglobal,48,0.3959166606267293,0.7009415328502655,0.5671936758893281,0.5871917559711934,0.6222222222222222,0.0,0.0,0.0,0.0,0.0,0.0,0.0,0.0,0.0,,,,,18473,global,0.4
1,2,lr1e-04_bs32_modL1_fusion32_fusionL1_fusionBN0_drop0p2__wd1e-04trmiss40_trlocglobal,32,0.0001,0.0001,1,32,1,False,0.2,lr1e-04_bs32_modL1_fusion32_fusionL1_fusionBN0_drop0p2__wd1e-04trmiss40_trlocglobal,49,0.38888226449489594,0.6996360123157501,0.5652173913043479,0.5840659389067574,0.6,0.0,0.0,0.0,0.0,0.0,0.0,0.0,0.0,0.0,,,,,18473,global,0.4
1,2,lr1e-04_bs32_modL1_fusion32_fusionL1_fusionBN0_drop0p2__wd1e-04trmiss40_trlocglobal,32,0.0001,0.0001,1,32,1,False,0.2,lr1e-04_bs32_modL1_fusion32_fusionL1_fusionBN0_drop0p2__wd1e-04trmiss40_trlocglobal,50,0.37716727952162427,0.6999830901622772,0.5691699604743082,0.5857750345394795,0.6222222222222222,0.0,0.0,0.0,0.0,0.0,0.0,0.0,0.0,0.0,,,,,18473,global,0.4
1,2,lr1e-04_bs32_modL1_fusion32_fusionL1_fusionBN0_drop0p2__wd1e-04trmiss40_trlocglobal,32,0.0001,0.0001,1,32,1,False,0.2,lr1e-04_bs32_modL1_fusion32_fusionL1_fusionBN0_drop0p2__wd1e-04trmiss40_trlocglobal,51,0.3771448979775111,0.6971555948257446,0.5691699604743083,0.5885741397147222,0.6222222222222222,0.0,0.0,0.0,0.0,0.0,0.0,0.0,0.0,0.0,,,,,18473,global,0.4
1,2,lr1e-04_bs32_modL1_fusion32_fusionL1_fusionBN0_drop0p2__wd1e-04trmiss40_trlocglobal,32,0.0001,0.0001,1,32,1,False,0.2,lr1e-04_bs32_modL1_fusion32_fusionL1_fusionBN0_drop0p2__wd1e-04trmiss40_trlocglobal,52,0.3755663683017095,0.6964491903781891,0.5711462450592886,0.591996175052537,0.6222222222222222,0.0,0.0,0.0,0.0,0.0,0.0,0.0,0.0,0.0,,,,,18473,global,0.4
1,2,lr1e-04_bs32_modL1_fusion32_fusionL1_fusionBN0_drop0p2__wd1e-04trmiss40_trlocglobal,32,0.0001,0.0001,1,32,1,False,0.2,lr1e-04_bs32_modL1_fusion32_fusionL1_fusionBN0_drop0p2__wd1e-04trmiss40_trlocglobal,53,0.3788890441258748,0.6957664787769318,0.5731225296442688,0.5953431879903427,0.6222222222222222,0.0,0.0,0.0,0.0,0.0,0.0,0.0,0.0,0.0,,,,,18473,global,0.4
1,2,lr1e-04_bs32_modL1_fusion32_fusionL1_fusionBN0_drop0p1__wd1e-04trmiss40_trlocglobal,32,0.0001,0.0001,1,32,1,False,0.1,lr1e-04_bs32_modL1_fusion32_fusionL1_fusionBN0_drop0p1__wd1e-04trmiss40_trlocglobal,1,0.7035353084405264,0.699689120054245,0.5118577075098814,0.6018546657318508,0.5111111111111111,0.0,0.0,0.0,0.0,0.0,0.0,0.0,0.0,0.0,,,,,18473,global,0.4
1,2,lr1e-04_bs32_modL1_fusion32_fusionL1_fusionBN0_drop0p1__wd1e-04trmiss40_trlocglobal,32,0.0001,0.0001,1,32,1,False,0.1,lr1e-04_bs32_modL1_fusion32_fusionL1_fusionBN0_drop0p1__wd1e-04trmiss40_trlocglobal,2,0.6783674558003744,0.7016505300998688,0.48023715415019763,0.5801526887133677,0.5555555555555556,0.0,0.0,0.0,0.0,0.0,0.0,0.0,0.0,0.0,,,,,18473,global,0.4
1,2,lr1e-04_bs32_modL1_fusion32_fusionL1_fusionBN0_drop0p1__wd1e-04trmiss40_trlocglobal,32,0.0001,0.0001,1,32,1,False,0.1,lr1e-04_bs32_modL1_fusion32_fusionL1_fusionBN0_drop0p1__wd1e-04trmiss40_trlocglobal,3,0.6686059137185415,0.7022339999675751,0.4525691699604743,0.5657494913316692,0.5555555555555556,0.0,0.0,0.0,0.0,0.0,0.0,0.0,0.0,0.0,,,,,18473,global,0.4
1,2,lr1e-04_bs32_modL1_fusion32_fusionL1_fusionBN0_drop0p1__wd1e-04trmiss40_trlocglobal,32,0.0001,0.0001,1,32,1,False,0.1,lr1e-04_bs32_modL1_fusion32_fusionL1_fusionBN0_drop0p1__wd1e-04trmiss40_trlocglobal,4,0.6526739597320557,0.7038936913013458,0.43873517786561267,0.5507401247988314,0.5555555555555556,0.0,0.0,0.0,0.0,0.0,0.0,0.0,0.0,0.0,,,,,18473,global,0.4
1,2,lr1e-04_bs32_modL1_fusion32_fusionL1_fusionBN0_drop0p1__wd1e-04trmiss40_trlocglobal,32,0.0001,0.0001,1,32,1,False,0.1,lr1e-04_bs32_modL1_fusion32_fusionL1_fusionBN0_drop0p1__wd1e-04trmiss40_trlocglobal,5,0.645701934893926,0.7055234611034393,0.450592885375494,0.55924792154347,0.5111111111111111,0.0,0.0,0.0,0.0,0.0,0.0,0.0,0.0,0.0,,,,,18473,global,0.4
1,2,lr1e-04_bs32_modL1_fusion32_fusionL1_fusionBN0_drop0p1__wd1e-04trmiss40_trlocglobal,32,0.0001,0.0001,1,32,1,False,0.1,lr1e-04_bs32_modL1_fusion32_fusionL1_fusionBN0_drop0p1__wd1e-04trmiss40_trlocglobal,6,0.6372050146261851,0.7061735391616821,0.46047430830039526,0.5644970741272162,0.5111111111111111,0.0,0.0,0.0,0.0,0.0,0.0,0.0,0.0,0.0,,,,,18473,global,0.4
1,2,lr1e-04_bs32_modL1_fusion32_fusionL1_fusionBN0_drop0p1__wd1e-04trmiss40_trlocglobal,32,0.0001,0.0001,1,32,1,False,0.1,lr1e-04_bs32_modL1_fusion32_fusionL1_fusionBN0_drop0p1__wd1e-04trmiss40_trlocglobal,7,0.6271175046761831,0.7034481763839722,0.46640316205533594,0.5670273509486082,0.4888888888888889,0.0,0.0,0.0,0.0,0.0,0.0,0.0,0.0,0.0,,,,,18473,global,0.4
1,2,lr1e-04_bs32_modL1_fusion32_fusionL1_fusionBN0_drop0p1__wd1e-04trmiss40_trlocglobal,32,0.0001,0.0001,1,32,1,False,0.1,lr1e-04_bs32_modL1_fusion32_fusionL1_fusionBN0_drop0p1__wd1e-04trmiss40_trlocglobal,8,0.6218743224938711,0.7026807069778442,0.4723320158102767,0.5703490975388469,0.4888888888888889,0.0,0.0,0.0,0.0,0.0,0.0,0.0,0.0,0.0,,,,,18473,global,0.4
1,2,lr1e-04_bs32_modL1_fusion32_fusionL1_fusionBN0_drop0p1__wd1e-04trmiss40_trlocglobal,32,0.0001,0.0001,1,32,1,False,0.1,lr1e-04_bs32_modL1_fusion32_fusionL1_fusionBN0_drop0p1__wd1e-04trmiss40_trlocglobal,9,0.614800234635671,0.7048733830451965,0.4703557312252964,0.5692480979804904,0.4666666666666667,0.0,0.0,0.0,0.0,0.0,0.0,0.0,0.0,0.0,,,,,18473,global,0.4
1,2,lr1e-04_bs32_modL1_fusion32_fusionL1_fusionBN0_drop0p1__wd1e-04trmiss40_trlocglobal,32,0.0001,0.0001,1,32,1,False,0.1,lr1e-04_bs32_modL1_fusion32_fusionL1_fusionBN0_drop0p1__wd1e-04trmiss40_trlocglobal,10,0.6124613285064697,0.7052450180053711,0.4802371541501976,0.5761881788336147,0.4666666666666667,0.0,0.0,0.0,0.0,0.0,0.0,0.0,0.0,0.0,,,,,18473,global,0.4
1,2,lr1e-04_bs32_modL1_fusion32_fusionL1_fusionBN0_drop0p1__wd1e-04trmiss40_trlocglobal,32,0.0001,0.0001,1,32,1,False,0.1,lr1e-04_bs32_modL1_fusion32_fusionL1_fusionBN0_drop0p1__wd1e-04trmiss40_trlocglobal,11,0.5993990302085876,0.7061108350753784,0.4802371541501977,0.5687312790881534,0.4888888888888889,0.0,0.0,0.0,0.0,0.0,0.0,0.0,0.0,0.0,,,,,18473,global,0.4
1,2,lr1e-04_bs32_modL1_fusion32_fusionL1_fusionBN0_drop0p1__wd1e-04trmiss40_trlocglobal,32,0.0001,0.0001,1,32,1,False,0.1,lr1e-04_bs32_modL1_fusion32_fusionL1_fusionBN0_drop0p1__wd1e-04trmiss40_trlocglobal,12,0.6019173661867777,0.7050371468067169,0.4980237154150198,0.5784141872546236,0.4888888888888889,0.0,0.0,0.0,0.0,0.0,0.0,0.0,0.0,0.0,,,,,18473,global,0.4
1,2,lr1e-04_bs32_modL1_fusion32_fusionL1_fusionBN0_drop0p1__wd1e-04trmiss40_trlocglobal,32,0.0001,0.0001,1,32,1,False,0.1,lr1e-04_bs32_modL1_fusion32_fusionL1_fusionBN0_drop0p1__wd1e-04trmiss40_trlocglobal,13,0.5859476129213969,0.7062440812587738,0.4901185770750988,0.572246561262997,0.4888888888888889,0.0,0.0,0.0,0.0,0.0,0.0,0.0,0.0,0.0,,,,,18473,global,0.4
1,2,lr1e-04_bs32_modL1_fusion32_fusionL1_fusionBN0_drop0p1__wd1e-04trmiss40_trlocglobal,32,0.0001,0.0001,1,32,1,False,0.1,lr1e-04_bs32_modL1_fusion32_fusionL1_fusionBN0_drop0p1__wd1e-04trmiss40_trlocglobal,14,0.5824869473775228,0.7063075602054596,0.4980237154150198,0.5812599030329549,0.5111111111111111,0.0,0.0,0.0,0.0,0.0,0.0,0.0,0.0,0.0,,,,,18473,global,0.4
1,2,lr1e-04_bs32_modL1_fusion32_fusionL1_fusionBN0_drop0p1__wd1e-04trmiss40_trlocglobal,32,0.0001,0.0001,1,32,1,False,0.1,lr1e-04_bs32_modL1_fusion32_fusionL1_fusionBN0_drop0p1__wd1e-04trmiss40_trlocglobal,15,0.580938478310903,0.708158940076828,0.49604743083003955,0.5869982770632017,0.5111111111111111,0.0,0.0,0.0,0.0,0.0,0.0,0.0,0.0,0.0,,,,,18473,global,0.4
1,2,lr1e-04_bs32_modL1_fusion32_fusionL1_fusionBN0_drop0p1__wd1e-04trmiss40_trlocglobal,32,0.0001,0.0001,1,32,1,False,0.1,lr1e-04_bs32_modL1_fusion32_fusionL1_fusionBN0_drop0p1__wd1e-04trmiss40_trlocglobal,16,0.5710013409455618,0.7088161408901215,0.5079051383399209,0.5956581123147721,0.5555555555555556,0.0,0.0,0.0,0.0,0.0,0.0,0.0,0.0,0.0,,,,,18473,global,0.4
1,2,lr1e-04_bs32_modL1_fusion32_fusionL1_fusionBN0_drop0p1__wd1e-04trmiss40_trlocglobal,32,0.0001,0.0001,1,32,1,False,0.1,lr1e-04_bs32_modL1_fusion32_fusionL1_fusionBN0_drop0p1__wd1e-04trmiss40_trlocglobal,17,0.5644736091295878,0.7087073922157288,0.49604743083003944,0.5879486513521104,0.5333333333333333,0.0,0.0,0.0,0.0,0.0,0.0,0.0,0.0,0.0,,,,,18473,global,0.4
1,2,lr1e-04_bs32_modL1_fusion32_fusionL1_fusionBN0_drop0p1__wd1e-04trmiss40_trlocglobal,32,0.0001,0.0001,1,32,1,False,0.1,lr1e-04_bs32_modL1_fusion32_fusionL1_fusionBN0_drop0p1__wd1e-04trmiss40_trlocglobal,18,0.5633111794789633,0.7095135748386383,0.4960474308300395,0.5905169851002798,0.5333333333333333,0.0,0.0,0.0,0.0,0.0,0.0,0.0,0.0,0.0,,,,,18473,global,0.4
1,2,lr1e-04_bs32_modL1_fusion32_fusionL1_fusionBN0_drop0p1__wd1e-04trmiss40_trlocglobal,32,0.0001,0.0001,1,32,1,False,0.1,lr1e-04_bs32_modL1_fusion32_fusionL1_fusionBN0_drop0p1__wd1e-04trmiss40_trlocglobal,19,0.5540397862593333,0.7067893445491791,0.5217391304347826,0.6039519455830299,0.5333333333333333,0.0,0.0,0.0,0.0,0.0,0.0,0.0,0.0,0.0,,,,,18473,global,0.4
1,2,lr1e-04_bs32_modL1_fusion32_fusionL1_fusionBN0_drop0p1__wd1e-04trmiss40_trlocglobal,32,0.0001,0.0001,1,32,1,False,0.1,lr1e-04_bs32_modL1_fusion32_fusionL1_fusionBN0_drop0p1__wd1e-04trmiss40_trlocglobal,20,0.5450004438559214,0.7016681730747223,0.5217391304347826,0.6184846491342918,0.4888888888888889,0.0,0.0,0.0,0.0,0.0,0.0,0.0,0.0,0.0,,,,,18473,global,0.4
1,2,lr1e-04_bs32_modL1_fusion32_fusionL1_fusionBN0_drop0p1__wd1e-04trmiss40_trlocglobal,32,0.0001,0.0001,1,32,1,False,0.1,lr1e-04_bs32_modL1_fusion32_fusionL1_fusionBN0_drop0p1__wd1e-04trmiss40_trlocglobal,21,0.5388269623120626,0.6992218196392059,0.5296442687747036,0.6203890036601297,0.5333333333333333,0.0,0.0,0.0,0.0,0.0,0.0,0.0,0.0,0.0,,,,,18473,global,0.4
1,2,lr1e-04_bs32_modL1_fusion32_fusionL1_fusionBN0_drop0p1__wd1e-04trmiss40_trlocglobal,32,0.0001,0.0001,1,32,1,False,0.1,lr1e-04_bs32_modL1_fusion32_fusionL1_fusionBN0_drop0p1__wd1e-04trmiss40_trlocglobal,22,0.5288699964682261,0.7016199827194214,0.5316205533596837,0.6228432104089778,0.5111111111111111,0.0,0.0,0.0,0.0,0.0,0.0,0.0,0.0,0.0,,,,,18473,global,0.4
1,2,lr1e-04_bs32_modL1_fusion32_fusionL1_fusionBN0_drop0p1__wd1e-04trmiss40_trlocglobal,32,0.0001,0.0001,1,32,1,False,0.1,lr1e-04_bs32_modL1_fusion32_fusionL1_fusionBN0_drop0p1__wd1e-04trmiss40_trlocglobal,23,0.5293424824873606,0.7013754844665527,0.517786561264822,0.6236781753073057,0.5111111111111111,0.0,0.0,0.0,0.0,0.0,0.0,0.0,0.0,0.0,,,,,18473,global,0.4
1,2,lr1e-04_bs32_modL1_fusion32_fusionL1_fusionBN0_drop0p1__wd1e-04trmiss40_trlocglobal,32,0.0001,0.0001,1,32,1,False,0.1,lr1e-04_bs32_modL1_fusion32_fusionL1_fusionBN0_drop0p1__wd1e-04trmiss40_trlocglobal,24,0.5158326625823975,0.7005712389945984,0.5296442687747035,0.6287475193719319,0.5111111111111111,0.0,0.0,0.0,0.0,0.0,0.0,0.0,0.0,0.0,,,,,18473,global,0.4
1,2,lr1e-04_bs32_modL1_fusion32_fusionL1_fusionBN0_drop0p1__wd1e-04trmiss40_trlocglobal,32,0.0001,0.0001,1,32,1,False,0.1,lr1e-04_bs32_modL1_fusion32_fusionL1_fusionBN0_drop0p1__wd1e-04trmiss40_trlocglobal,25,0.5082259376843771,0.7001473009586334,0.5296442687747035,0.6209217165065866,0.5111111111111111,0.0,0.0,0.0,0.0,0.0,0.0,0.0,0.0,0.0,,,,,18473,global,0.4
1,2,lr1e-04_bs32_modL1_fusion32_fusionL1_fusionBN0_drop0p1__wd1e-04trmiss40_trlocglobal,32,0.0001,0.0001,1,32,1,False,0.1,lr1e-04_bs32_modL1_fusion32_fusionL1_fusionBN0_drop0p1__wd1e-04trmiss40_trlocglobal,26,0.5157122214635214,0.6999150812625885,0.5316205533596838,0.6093977299748836,0.5111111111111111,0.0,0.0,0.0,0.0,0.0,0.0,0.0,0.0,0.0,,,,,18473,global,0.4
1,2,lr1e-04_bs32_modL1_fusion32_fusionL1_fusionBN0_drop0p1__wd1e-04trmiss40_trlocglobal,32,0.0001,0.0001,1,32,1,False,0.1,lr1e-04_bs32_modL1_fusion32_fusionL1_fusionBN0_drop0p1__wd1e-04trmiss40_trlocglobal,27,0.5120063622792562,0.7016836106777191,0.5395256916996047,0.6154142266908132,0.4666666666666667,0.0,0.0,0.0,0.0,0.0,0.0,0.0,0.0,0.0,,,,,18473,global,0.4
1,2,lr1e-04_bs32_modL1_fusion32_fusionL1_fusionBN0_drop0p1__wd1e-04trmiss40_trlocglobal,32,0.0001,0.0001,1,32,1,False,0.1,lr1e-04_bs32_modL1_fusion32_fusionL1_fusionBN0_drop0p1__wd1e-04trmiss40_trlocglobal,28,0.49528172115484875,0.7002380788326263,0.5355731225296443,0.628316710894953,0.4666666666666667,0.0,0.0,0.0,0.0,0.0,0.0,0.0,0.0,0.0,,,,,18473,global,0.4
1,2,lr1e-04_bs32_modL1_fusion32_fusionL1_fusionBN0_drop0p1__wd1e-04trmiss40_trlocglobal,32,0.0001,0.0001,1,32,1,False,0.1,lr1e-04_bs32_modL1_fusion32_fusionL1_fusionBN0_drop0p1__wd1e-04trmiss40_trlocglobal,29,0.4976127843062083,0.7028702795505524,0.533596837944664,0.62025483255782,0.4666666666666667,0.0,0.0,0.0,0.0,0.0,0.0,0.0,0.0,0.0,,,,,18473,global,0.4
1,2,lr1e-04_bs32_modL1_fusion32_fusionL1_fusionBN0_drop0p1__wd1e-04trmiss40_trlocglobal,32,0.0001,0.0001,1,32,1,False,0.1,lr1e-04_bs32_modL1_fusion32_fusionL1_fusionBN0_drop0p1__wd1e-04trmiss40_trlocglobal,30,0.4905569056669871,0.7011189758777618,0.525691699604743,0.607416748643384,0.4444444444444444,0.0,0.0,0.0,0.0,0.0,0.0,0.0,0.0,0.0,,,,,18473,global,0.4
1,2,lr1e-04_bs32_modL1_fusion32_fusionL1_fusionBN0_drop0p1__wd1e-04trmiss40_trlocglobal,32,0.0001,0.0001,1,32,1,False,0.1,lr1e-04_bs32_modL1_fusion32_fusionL1_fusionBN0_drop0p1__wd1e-04trmiss40_trlocglobal,31,0.4782838424046834,0.7008940875530243,0.5296442687747036,0.6087352091822343,0.4444444444444444,0.0,0.0,0.0,0.0,0.0,0.0,0.0,0.0,0.0,,,,,18473,global,0.4
1,2,lr1e-04_bs32_modL1_fusion32_fusionL1_fusionBN0_drop0p1__wd1e-04trmiss40_trlocglobal,32,0.0001,0.0001,1,32,1,False,0.1,lr1e-04_bs32_modL1_fusion32_fusionL1_fusionBN0_drop0p1__wd1e-04trmiss40_trlocglobal,32,0.46966058512528736,0.7014347910881042,0.5296442687747036,0.60928393204217,0.4666666666666667,0.0,0.0,0.0,0.0,0.0,0.0,0.0,0.0,0.0,,,,,18473,global,0.4
1,2,lr1e-04_bs32_modL1_fusion32_fusionL1_fusionBN0_drop0p1__wd1e-04trmiss40_trlocglobal,32,0.0001,0.0001,1,32,1,False,0.1,lr1e-04_bs32_modL1_fusion32_fusionL1_fusionBN0_drop0p1__wd1e-04trmiss40_trlocglobal,33,0.4746854801972707,0.7028948962688446,0.5296442687747036,0.605852061084387,0.4666666666666667,0.0,0.0,0.0,0.0,0.0,0.0,0.0,0.0,0.0,,,,,18473,global,0.4
1,2,lr1e-04_bs32_modL1_fusion32_fusionL1_fusionBN0_drop0p1__wd1e-04trmiss40_trlocglobal,32,0.0001,0.0001,1,32,1,False,0.1,lr1e-04_bs32_modL1_fusion32_fusionL1_fusionBN0_drop0p1__wd1e-04trmiss40_trlocglobal,34,0.4612144778172175,0.7026388347148895,0.5375494071146245,0.6268165909683527,0.4888888888888889,0.0,0.0,0.0,0.0,0.0,0.0,0.0,0.0,0.0,,,,,18473,global,0.4
1,2,lr1e-04_bs32_modL1_fusion32_fusionL1_fusionBN0_drop0p1__wd1e-04trmiss40_trlocglobal,32,0.0001,0.0001,1,32,1,False,0.1,lr1e-04_bs32_modL1_fusion32_fusionL1_fusionBN0_drop0p1__wd1e-04trmiss40_trlocglobal,35,0.4568427453438441,0.7054053544998169,0.5158102766798419,0.5938409124687156,0.4888888888888889,0.0,0.0,0.0,0.0,0.0,0.0,0.0,0.0,0.0,,,,,18473,global,0.4
1,2,lr1e-04_bs32_modL1_fusion32_fusionL1_fusionBN0_drop0p1__wd1e-04trmiss40_trlocglobal,32,0.0001,0.0001,1,32,1,False,0.1,lr1e-04_bs32_modL1_fusion32_fusionL1_fusionBN0_drop0p1__wd1e-04trmiss40_trlocglobal,36,0.4515175720055898,0.7043379843235016,0.5237154150197629,0.5999900705100158,0.5111111111111111,0.0,0.0,0.0,0.0,0.0,0.0,0.0,0.0,0.0,,,,,18473,global,0.4
1,2,lr1e-04_bs32_modL1_fusion32_fusionL1_fusionBN0_drop0p1__wd1e-04trmiss40_trlocglobal,32,0.0001,0.0001,1,32,1,False,0.1,lr1e-04_bs32_modL1_fusion32_fusionL1_fusionBN0_drop0p1__wd1e-04trmiss40_trlocglobal,37,0.45162800947825116,0.7036160230636597,0.5217391304347826,0.6000283313611311,0.4888888888888889,0.0,0.0,0.0,0.0,0.0,0.0,0.0,0.0,0.0,,,,,18473,global,0.4
1,2,lr1e-04_bs32_modL1_fusion32_fusionL1_fusionBN0_drop0p1__wd1e-04trmiss40_trlocglobal,32,0.0001,0.0001,1,32,1,False,0.1,lr1e-04_bs32_modL1_fusion32_fusionL1_fusionBN0_drop0p1__wd1e-04trmiss40_trlocglobal,38,0.45231547951698303,0.703799307346344,0.541501976284585,0.6122370502673843,0.4888888888888889,0.0,0.0,0.0,0.0,0.0,0.0,0.0,0.0,0.0,,,,,18473,global,0.4
1,2,lr1e-04_bs32_modL1_fusion32_fusionL1_fusionBN0_drop0p1__wd1e-04trmiss40_trlocglobal,32,0.0001,0.0001,1,32,1,False,0.1,lr1e-04_bs32_modL1_fusion32_fusionL1_fusionBN0_drop0p1__wd1e-04trmiss40_trlocglobal,39,0.4476379503806432,0.70716193318367,0.5237154150197628,0.59522981291349,0.4666666666666667,0.0,0.0,0.0,0.0,0.0,0.0,0.0,0.0,0.0,,,,,18473,global,0.4
1,2,lr1e-04_bs32_modL1_fusion32_fusionL1_fusionBN0_drop0p1__wd1e-04trmiss40_trlocglobal,32,0.0001,0.0001,1,32,1,False,0.1,lr1e-04_bs32_modL1_fusion32_fusionL1_fusionBN0_drop0p1__wd1e-04trmiss40_trlocglobal,40,0.43587426841259,0.7071564197540283,0.5158102766798418,0.5905231730895951,0.5111111111111111,0.0,0.0,0.0,0.0,0.0,0.0,0.0,0.0,0.0,,,,,18473,global,0.4
1,2,lr1e-04_bs32_modL1_fusion32_fusionL1_fusionBN0_drop0p1__wd1e-04trmiss40_trlocglobal,32,0.0001,0.0001,1,32,1,False,0.1,lr1e-04_bs32_modL1_fusion32_fusionL1_fusionBN0_drop0p1__wd1e-04trmiss40_trlocglobal,41,0.4264821956555049,0.7061167657375336,0.5138339920948616,0.5907559326573931,0.4888888888888889,0.0,0.0,0.0,0.0,0.0,0.0,0.0,0.0,0.0,,,,,18473,global,0.4
1,2,lr1e-04_bs32_modL1_fusion32_fusionL1_fusionBN0_drop0p1__wd1e-04trmiss40_trlocglobal,32,0.0001,0.0001,1,32,1,False,0.1,lr1e-04_bs32_modL1_fusion32_fusionL1_fusionBN0_drop0p1__wd1e-04trmiss40_trlocglobal,42,0.4220332056283951,0.7049136161804199,0.5217391304347826,0.5907050886618729,0.5111111111111111,0.0,0.0,0.0,0.0,0.0,0.0,0.0,0.0,0.0,,,,,18473,global,0.4
1,2,lr1e-04_bs32_modL1_fusion32_fusionL1_fusionBN0_drop0p1__wd1e-04trmiss40_trlocglobal,32,0.0001,0.0001,1,32,1,False,0.1,lr1e-04_bs32_modL1_fusion32_fusionL1_fusionBN0_drop0p1__wd1e-04trmiss40_trlocglobal,43,0.42590053379535675,0.7048028409481049,0.5335968379446641,0.6008040130268623,0.5111111111111111,0.0,0.0,0.0,0.0,0.0,0.0,0.0,0.0,0.0,,,,,18473,global,0.4
1,2,lr1e-04_bs32_modL1_fusion32_fusionL1_fusionBN0_drop0p1__wd1e-04trmiss40_trlocglobal,32,0.0001,0.0001,1,32,1,False,0.1,lr1e-04_bs32_modL1_fusion32_fusionL1_fusionBN0_drop0p1__wd1e-04trmiss40_trlocglobal,44,0.4169094463189443,0.7068092226982117,0.5197628458498025,0.5918121306653985,0.5111111111111111,0.0,0.0,0.0,0.0,0.0,0.0,0.0,0.0,0.0,,,,,18473,global,0.4
1,2,lr1e-04_bs32_modL1_fusion32_fusionL1_fusionBN0_drop0p1__wd1e-04trmiss40_trlocglobal,32,0.0001,0.0001,1,32,1,False,0.1,lr1e-04_bs32_modL1_fusion32_fusionL1_fusionBN0_drop0p1__wd1e-04trmiss40_trlocglobal,45,0.41308946410814923,0.7090631425380707,0.5118577075098815,0.5852493369385552,0.5111111111111111,0.0,0.0,0.0,0.0,0.0,0.0,0.0,0.0,0.0,,,,,18473,global,0.4
1,2,lr1e-04_bs32_modL1_fusion32_fusionL1_fusionBN0_drop0p1__wd1e-04trmiss40_trlocglobal,32,0.0001,0.0001,1,32,1,False,0.1,lr1e-04_bs32_modL1_fusion32_fusionL1_fusionBN0_drop0p1__wd1e-04trmiss40_trlocglobal,46,0.41168682277202606,0.7117494642734528,0.5079051383399209,0.5806981380810904,0.4666666666666667,0.0,0.0,0.0,0.0,0.0,0.0,0.0,0.0,0.0,,,,,18473,global,0.4
1,2,lr1e-04_bs32_modL1_fusion32_fusionL1_fusionBN0_drop0p1__wd1e-04trmiss40_trlocglobal,32,0.0001,0.0001,1,32,1,False,0.1,lr1e-04_bs32_modL1_fusion32_fusionL1_fusionBN0_drop0p1__wd1e-04trmiss40_trlocglobal,47,0.40145841240882874,0.7108393907546997,0.5197628458498024,0.587028564243717,0.4888888888888889,0.0,0.0,0.0,0.0,0.0,0.0,0.0,0.0,0.0,,,,,18473,global,0.4
1,2,lr1e-04_bs32_modL1_fusion32_fusionL1_fusionBN0_drop0p1__wd1e-04trmiss40_trlocglobal,32,0.0001,0.0001,1,32,1,False,0.1,lr1e-04_bs32_modL1_fusion32_fusionL1_fusionBN0_drop0p1__wd1e-04trmiss40_trlocglobal,48,0.39883212745189667,0.710041344165802,0.5237154150197628,0.5878920949805049,0.5111111111111111,0.0,0.0,0.0,0.0,0.0,0.0,0.0,0.0,0.0,,,,,18473,global,0.4
1,2,lr1e-04_bs32_modL1_fusion32_fusionL1_fusionBN0_drop0p1__wd1e-04trmiss40_trlocglobal,32,0.0001,0.0001,1,32,1,False,0.1,lr1e-04_bs32_modL1_fusion32_fusionL1_fusionBN0_drop0p1__wd1e-04trmiss40_trlocglobal,49,0.39995822807153064,0.7112349271774292,0.5098814229249011,0.5820295677260299,0.4888888888888889,0.0,0.0,0.0,0.0,0.0,0.0,0.0,0.0,0.0,,,,,18473,global,0.4
1,2,lr1e-04_bs32_modL1_fusion32_fusionL1_fusionBN0_drop0p1__wd1e-04trmiss40_trlocglobal,32,0.0001,0.0001,1,32,1,False,0.1,lr1e-04_bs32_modL1_fusion32_fusionL1_fusionBN0_drop0p1__wd1e-04trmiss40_trlocglobal,50,0.3989899456501007,0.7124935388565063,0.5039525691699605,0.5790438967933138,0.4666666666666667,0.0,0.0,0.0,0.0,0.0,0.0,0.0,0.0,0.0,,,,,18473,global,0.4
1,2,lr1e-04_bs32_modL1_fusion32_fusionL1_fusionBN0_drop0p1__wd1e-04trmiss40_trlocglobal,32,0.0001,0.0001,1,32,1,False,0.1,lr1e-04_bs32_modL1_fusion32_fusionL1_fusionBN0_drop0p1__wd1e-04trmiss40_trlocglobal,51,0.39682229856650036,0.7180381119251251,0.5019762845849802,0.5778439452749718,0.4444444444444444,0.0,0.0,0.0,0.0,0.0,0.0,0.0,0.0,0.0,,,,,18473,global,0.4
1,2,lr1e-04_bs32_modL1_fusion32_fusionL1_fusionBN0_drop0p1__wd1e-04trmiss40_trlocglobal,32,0.0001,0.0001,1,32,1,False,0.1,lr1e-04_bs32_modL1_fusion32_fusionL1_fusionBN0_drop0p1__wd1e-04trmiss40_trlocglobal,52,0.3887934585412343,0.7191171050071716,0.5039525691699605,0.5787564202464789,0.4444444444444444,0.0,0.0,0.0,0.0,0.0,0.0,0.0,0.0,0.0,,,,,18473,global,0.4
1,2,lr1e-04_bs32_modL1_fusion32_fusionL1_fusionBN0_drop0p1__wd1e-04trmiss40_trlocglobal,32,0.0001,0.0001,1,32,1,False,0.1,lr1e-04_bs32_modL1_fusion32_fusionL1_fusionBN0_drop0p1__wd1e-04trmiss40_trlocglobal,53,0.3962533126274745,0.7194858491420746,0.5079051383399209,0.5805951001437877,0.4666666666666667,0.0,0.0,0.0,0.0,0.0,0.0,0.0,0.0,0.0,,,,,18473,global,0.4
1,2,lr1e-04_bs32_modL1_fusion32_fusionL1_fusionBN0_drop0p1__wd1e-04trmiss40_trlocglobal,32,0.0001,0.0001,1,32,1,False,0.1,lr1e-04_bs32_modL1_fusion32_fusionL1_fusionBN0_drop0p1__wd1e-04trmiss40_trlocglobal,54,0.3856772730747859,0.7176995575428009,0.5118577075098815,0.5825139492056045,0.4888888888888889,0.0,0.0,0.0,0.0,0.0,0.0,0.0,0.0,0.0,,,,,18473,global,0.4
1,2,lr1e-04_bs32_modL1_fusion32_fusionL1_fusionBN0_drop0p1__wd1e-04trmiss40_trlocglobal,32,0.0001,0.0001,1,32,1,False,0.1,lr1e-04_bs32_modL1_fusion32_fusionL1_fusionBN0_drop0p1__wd1e-04trmiss40_trlocglobal,55,0.38312829037507373,0.7157038152217865,0.5197628458498024,0.5878968810535647,0.5111111111111111,0.0,0.0,0.0,0.0,0.0,0.0,0.0,0.0,0.0,,,,,18473,global,0.4
1,2,lr1e-04_bs32_modL1_fusion32_fusionL1_fusionBN0_drop0p1__wd1e-04trmiss40_trlocglobal,32,0.0001,0.0001,1,32,1,False,0.1,lr1e-04_bs32_modL1_fusion32_fusionL1_fusionBN0_drop0p1__wd1e-04trmiss40_trlocglobal,56,0.3853190292914708,0.7161730527877808,0.5098814229249011,0.5816643438059487,0.5111111111111111,0.0,0.0,0.0,0.0,0.0,0.0,0.0,0.0,0.0,,,,,18473,global,0.4
1,2,lr1e-04_bs32_modL1_fusion32_fusionL1_fusionBN0_drop0p1__wd1e-04trmiss40_trlocglobal,32,0.0001,0.0001,1,32,1,False,0.1,lr1e-04_bs32_modL1_fusion32_fusionL1_fusionBN0_drop0p1__wd1e-04trmiss40_trlocglobal,57,0.3828629155953725,0.7175533175468445,0.5138339920948617,0.5857151134521814,0.5111111111111111,0.0,0.0,0.0,0.0,0.0,0.0,0.0,0.0,0.0,,,,,18473,global,0.4
1,2,lr1e-04_bs32_modL1_fusion32_fusionL1_fusionBN0_drop0p1__wd1e-04trmiss40_trlocglobal,32,0.0001,0.0001,1,32,1,False,0.1,lr1e-04_bs32_modL1_fusion32_fusionL1_fusionBN0_drop0p1__wd1e-04trmiss40_trlocglobal,58,0.3830853005250295,0.718971461057663,0.5059288537549407,0.578588543554484,0.4666666666666667,0.0,0.0,0.0,0.0,0.0,0.0,0.0,0.0,0.0,,,,,18473,global,0.4
1,2,lr5e-05_bs32_modL1_fusion16_fusionL1_fusionBN0_drop0p2__wd1e-04trmiss40_trlocglobal,32,5e-05,0.0001,1,16,1,False,0.2,lr5e-05_bs32_modL1_fusion16_fusionL1_fusionBN0_drop0p2__wd1e-04trmiss40_trlocglobal,1,0.6983339687188467,0.6905164420604706,0.5098814229249011,0.5327912636133538,0.5333333333333333,0.0,0.0,0.0,0.0,0.0,0.0,0.0,0.0,0.0,,,,,18473,global,0.4
1,2,lr5e-05_bs32_modL1_fusion16_fusionL1_fusionBN0_drop0p2__wd1e-04trmiss40_trlocglobal,32,5e-05,0.0001,1,16,1,False,0.2,lr5e-05_bs32_modL1_fusion16_fusionL1_fusionBN0_drop0p2__wd1e-04trmiss40_trlocglobal,2,0.6786549687385559,0.6904815137386322,0.5177865612648221,0.5313029229985582,0.5111111111111111,0.0,0.0,0.0,0.0,0.0,0.0,0.0,0.0,0.0,,,,,18473,global,0.4
1,2,lr5e-05_bs32_modL1_fusion16_fusionL1_fusionBN0_drop0p2__wd1e-04trmiss40_trlocglobal,32,5e-05,0.0001,1,16,1,False,0.2,lr5e-05_bs32_modL1_fusion16_fusionL1_fusionBN0_drop0p2__wd1e-04trmiss40_trlocglobal,3,0.6600849330425262,0.6901437938213348,0.5276679841897234,0.5417991928301182,0.5555555555555556,0.0,0.0,0.0,0.0,0.0,0.0,0.0,0.0,0.0,,,,,18473,global,0.4
1,2,lr5e-05_bs32_modL1_fusion16_fusionL1_fusionBN0_drop0p2__wd1e-04trmiss40_trlocglobal,32,5e-05,0.0001,1,16,1,False,0.2,lr5e-05_bs32_modL1_fusion16_fusionL1_fusionBN0_drop0p2__wd1e-04trmiss40_trlocglobal,4,0.6596152385075887,0.6896541118621826,0.5217391304347826,0.543174185869459,0.5777777777777777,0.0,0.0,0.0,0.0,0.0,0.0,0.0,0.0,0.0,,,,,18473,global,0.4
1,2,lr5e-05_bs32_modL1_fusion16_fusionL1_fusionBN0_drop0p2__wd1e-04trmiss40_trlocglobal,32,5e-05,0.0001,1,16,1,False,0.2,lr5e-05_bs32_modL1_fusion16_fusionL1_fusionBN0_drop0p2__wd1e-04trmiss40_trlocglobal,5,0.6578923563162485,0.6894968748092651,0.5118577075098815,0.5400971898668226,0.5777777777777777,0.0,0.0,0.0,0.0,0.0,0.0,0.0,0.0,0.0,,,,,18473,global,0.4
1,2,lr5e-05_bs32_modL1_fusion16_fusionL1_fusionBN0_drop0p2__wd1e-04trmiss40_trlocglobal,32,5e-05,0.0001,1,16,1,False,0.2,lr5e-05_bs32_modL1_fusion16_fusionL1_fusionBN0_drop0p2__wd1e-04trmiss40_trlocglobal,6,0.6450252135594686,0.6874306499958038,0.5316205533596837,0.5764433493101148,0.5777777777777777,0.0,0.0,0.0,0.0,0.0,0.0,0.0,0.0,0.0,,,,,18473,global,0.4
1,2,lr5e-05_bs32_modL1_fusion16_fusionL1_fusionBN0_drop0p2__wd1e-04trmiss40_trlocglobal,32,5e-05,0.0001,1,16,1,False,0.2,lr5e-05_bs32_modL1_fusion16_fusionL1_fusionBN0_drop0p2__wd1e-04trmiss40_trlocglobal,7,0.654109259446462,0.6886656582355499,0.5177865612648221,0.585043301225362,0.5555555555555556,0.0,0.0,0.0,0.0,0.0,0.0,0.0,0.0,0.0,,,,,18473,global,0.4
1,2,lr5e-05_bs32_modL1_fusion16_fusionL1_fusionBN0_drop0p2__wd1e-04trmiss40_trlocglobal,32,5e-05,0.0001,1,16,1,False,0.2,lr5e-05_bs32_modL1_fusion16_fusionL1_fusionBN0_drop0p2__wd1e-04trmiss40_trlocglobal,8,0.6342878937721252,0.6887329518795013,0.5256916996047432,0.5911840308758808,0.5555555555555556,0.0,0.0,0.0,0.0,0.0,0.0,0.0,0.0,0.0,,,,,18473,global,0.4
1,2,lr5e-05_bs32_modL1_fusion16_fusionL1_fusionBN0_drop0p2__wd1e-04trmiss40_trlocglobal,32,5e-05,0.0001,1,16,1,False,0.2,lr5e-05_bs32_modL1_fusion16_fusionL1_fusionBN0_drop0p2__wd1e-04trmiss40_trlocglobal,9,0.6312502324581146,0.6903034448623657,0.525691699604743,0.5926352366753074,0.5555555555555556,0.0,0.0,0.0,0.0,0.0,0.0,0.0,0.0,0.0,,,,,18473,global,0.4
1,2,lr5e-05_bs32_modL1_fusion16_fusionL1_fusionBN0_drop0p2__wd1e-04trmiss40_trlocglobal,32,5e-05,0.0001,1,16,1,False,0.2,lr5e-05_bs32_modL1_fusion16_fusionL1_fusionBN0_drop0p2__wd1e-04trmiss40_trlocglobal,10,0.6297952632109324,0.6895413398742676,0.5375494071146245,0.599038735693062,0.5555555555555556,0.0,0.0,0.0,0.0,0.0,0.0,0.0,0.0,0.0,,,,,18473,global,0.4
1,2,lr5e-05_bs32_modL1_fusion16_fusionL1_fusionBN0_drop0p2__wd1e-04trmiss40_trlocglobal,32,5e-05,0.0001,1,16,1,False,0.2,lr5e-05_bs32_modL1_fusion16_fusionL1_fusionBN0_drop0p2__wd1e-04trmiss40_trlocglobal,11,0.6258609096209208,0.6889038383960724,0.5158102766798418,0.5635666528968265,0.5555555555555556,0.0,0.0,0.0,0.0,0.0,0.0,0.0,0.0,0.0,,,,,18473,global,0.4
1,2,lr5e-05_bs32_modL1_fusion16_fusionL1_fusionBN0_drop0p2__wd1e-04trmiss40_trlocglobal,32,5e-05,0.0001,1,16,1,False,0.2,lr5e-05_bs32_modL1_fusion16_fusionL1_fusionBN0_drop0p2__wd1e-04trmiss40_trlocglobal,12,0.6217159330844879,0.6881376802921295,0.5316205533596837,0.5635924005043714,0.5333333333333333,0.0,0.0,0.0,0.0,0.0,0.0,0.0,0.0,0.0,,,,,18473,global,0.4
1,2,lr5e-05_bs32_modL1_fusion16_fusionL1_fusionBN0_drop0p2__wd1e-04trmiss40_trlocglobal,32,5e-05,0.0001,1,16,1,False,0.2,lr5e-05_bs32_modL1_fusion16_fusionL1_fusionBN0_drop0p2__wd1e-04trmiss40_trlocglobal,13,0.6200931171576182,0.6889531314373016,0.541501976284585,0.5670181932400219,0.5333333333333333,0.0,0.0,0.0,0.0,0.0,0.0,0.0,0.0,0.0,,,,,18473,global,0.4
1,2,lr5e-05_bs32_modL1_fusion16_fusionL1_fusionBN0_drop0p2__wd1e-04trmiss40_trlocglobal,32,5e-05,0.0001,1,16,1,False,0.2,lr5e-05_bs32_modL1_fusion16_fusionL1_fusionBN0_drop0p2__wd1e-04trmiss40_trlocglobal,14,0.617823859055837,0.6885475814342499,0.5434782608695652,0.5703939539527391,0.5555555555555556,0.0,0.0,0.0,0.0,0.0,0.0,0.0,0.0,0.0,,,,,18473,global,0.4
1,2,lr5e-05_bs32_modL1_fusion16_fusionL1_fusionBN0_drop0p2__wd1e-04trmiss40_trlocglobal,32,5e-05,0.0001,1,16,1,False,0.2,lr5e-05_bs32_modL1_fusion16_fusionL1_fusionBN0_drop0p2__wd1e-04trmiss40_trlocglobal,15,0.6071318288644155,0.6878921389579773,0.541501976284585,0.5668045037385748,0.5333333333333333,0.0,0.0,0.0,0.0,0.0,0.0,0.0,0.0,0.0,,,,,18473,global,0.4
1,2,lr5e-05_bs32_modL1_fusion16_fusionL1_fusionBN0_drop0p2__wd1e-04trmiss40_trlocglobal,32,5e-05,0.0001,1,16,1,False,0.2,lr5e-05_bs32_modL1_fusion16_fusionL1_fusionBN0_drop0p2__wd1e-04trmiss40_trlocglobal,16,0.6092237035433451,0.6879788637161255,0.5395256916996047,0.5708292482787471,0.5555555555555556,0.0,0.0,0.0,0.0,0.0,0.0,0.0,0.0,0.0,,,,,18473,global,0.4
1,2,lr5e-05_bs32_modL1_fusion16_fusionL1_fusionBN0_drop0p2__wd1e-04trmiss40_trlocglobal,32,5e-05,0.0001,1,16,1,False,0.2,lr5e-05_bs32_modL1_fusion16_fusionL1_fusionBN0_drop0p2__wd1e-04trmiss40_trlocglobal,17,0.6124277909596761,0.6887435615062714,0.5316205533596837,0.5865516853246069,0.5555555555555556,0.0,0.0,0.0,0.0,0.0,0.0,0.0,0.0,0.0,,,,,18473,global,0.4
1,2,lr5e-05_bs32_modL1_fusion16_fusionL1_fusionBN0_drop0p2__wd1e-04trmiss40_trlocglobal,32,5e-05,0.0001,1,16,1,False,0.2,lr5e-05_bs32_modL1_fusion16_fusionL1_fusionBN0_drop0p2__wd1e-04trmiss40_trlocglobal,18,0.5957380334536234,0.6898529231548309,0.5098814229249011,0.5596507208015901,0.5111111111111111,0.0,0.0,0.0,0.0,0.0,0.0,0.0,0.0,0.0,,,,,18473,global,0.4
1,2,lr5e-05_bs32_modL1_fusion16_fusionL1_fusionBN0_drop0p2__wd1e-04trmiss40_trlocglobal,32,5e-05,0.0001,1,16,1,False,0.2,lr5e-05_bs32_modL1_fusion16_fusionL1_fusionBN0_drop0p2__wd1e-04trmiss40_trlocglobal,19,0.5970357259114584,0.6907609701156616,0.5059288537549407,0.5593163687509909,0.5555555555555556,0.0,0.0,0.0,0.0,0.0,0.0,0.0,0.0,0.0,,,,,18473,global,0.4
1,2,lr5e-05_bs32_modL1_fusion16_fusionL1_fusionBN0_drop0p2__wd1e-04trmiss40_trlocglobal,32,5e-05,0.0001,1,16,1,False,0.2,lr5e-05_bs32_modL1_fusion16_fusionL1_fusionBN0_drop0p2__wd1e-04trmiss40_trlocglobal,20,0.5944107174873352,0.6906843483448029,0.5098814229249011,0.5560279269614049,0.5555555555555556,0.0,0.0,0.0,0.0,0.0,0.0,0.0,0.0,0.0,,,,,18473,global,0.4
1,2,lr5e-05_bs32_modL1_fusion16_fusionL1_fusionBN0_drop0p2__wd1e-04trmiss40_trlocglobal,32,5e-05,0.0001,1,16,1,False,0.2,lr5e-05_bs32_modL1_fusion16_fusionL1_fusionBN0_drop0p2__wd1e-04trmiss40_trlocglobal,21,0.5907849172751108,0.6893430948257446,0.5217391304347826,0.562553213254702,0.5333333333333333,0.0,0.0,0.0,0.0,0.0,0.0,0.0,0.0,0.0,,,,,18473,global,0.4
1,2,lr5e-05_bs32_modL1_fusion16_fusionL1_fusionBN0_drop0p2__wd1e-04trmiss40_trlocglobal,32,5e-05,0.0001,1,16,1,False,0.2,lr5e-05_bs32_modL1_fusion16_fusionL1_fusionBN0_drop0p2__wd1e-04trmiss40_trlocglobal,22,0.5976060926914215,0.6897147595882416,0.5217391304347826,0.576705561683662,0.5333333333333333,0.0,0.0,0.0,0.0,0.0,0.0,0.0,0.0,0.0,,,,,18473,global,0.4
1,2,lr5e-05_bs32_modL1_fusion16_fusionL1_fusionBN0_drop0p2__wd1e-04trmiss40_trlocglobal,32,5e-05,0.0001,1,16,1,False,0.2,lr5e-05_bs32_modL1_fusion16_fusionL1_fusionBN0_drop0p2__wd1e-04trmiss40_trlocglobal,23,0.5809314648310343,0.6896185874938965,0.5217391304347826,0.5775891707458545,0.5111111111111111,0.0,0.0,0.0,0.0,0.0,0.0,0.0,0.0,0.0,,,,,18473,global,0.4
1,2,lr5e-05_bs32_modL1_fusion16_fusionL1_fusionBN0_drop0p2__wd1e-04trmiss40_trlocglobal,32,5e-05,0.0001,1,16,1,False,0.2,lr5e-05_bs32_modL1_fusion16_fusionL1_fusionBN0_drop0p2__wd1e-04trmiss40_trlocglobal,24,0.5896722277005514,0.6890300810337067,0.5217391304347826,0.5703702527941157,0.5333333333333333,0.0,0.0,0.0,0.0,0.0,0.0,0.0,0.0,0.0,,,,,18473,global,0.4
1,2,lr5e-05_bs32_modL1_fusion16_fusionL1_fusionBN0_drop0p2__wd1e-04trmiss40_trlocglobal,32,5e-05,0.0001,1,16,1,False,0.2,lr5e-05_bs32_modL1_fusion16_fusionL1_fusionBN0_drop0p2__wd1e-04trmiss40_trlocglobal,25,0.5821236868699392,0.6892102658748627,0.5118577075098815,0.561638266900993,0.5111111111111111,0.0,0.0,0.0,0.0,0.0,0.0,0.0,0.0,0.0,,,,,18473,global,0.4
1,2,lr5e-05_bs32_modL1_fusion16_fusionL1_fusionBN0_drop0p2__wd1e-04trmiss40_trlocglobal,32,5e-05,0.0001,1,16,1,False,0.2,lr5e-05_bs32_modL1_fusion16_fusionL1_fusionBN0_drop0p2__wd1e-04trmiss40_trlocglobal,26,0.5714812378088633,0.689413994550705,0.5217391304347826,0.5653213735376229,0.5111111111111111,0.0,0.0,0.0,0.0,0.0,0.0,0.0,0.0,0.0,,,,,18473,global,0.4
1,2,lr5e-05_bs32_modL1_fusion16_fusionL1_fusionBN0_drop0p2__wd1e-04trmiss40_trlocglobal,32,5e-05,0.0001,1,16,1,False,0.2,lr5e-05_bs32_modL1_fusion16_fusionL1_fusionBN0_drop0p2__wd1e-04trmiss40_trlocglobal,27,0.5782798329989115,0.6899865865707397,0.5217391304347826,0.5640650246631761,0.5333333333333333,0.0,0.0,0.0,0.0,0.0,0.0,0.0,0.0,0.0,,,,,18473,global,0.4
1,2,lr5e-05_bs32_modL1_fusion16_fusionL1_fusionBN0_drop0p2__wd1e-04trmiss40_trlocglobal,32,5e-05,0.0001,1,16,1,False,0.2,lr5e-05_bs32_modL1_fusion16_fusionL1_fusionBN0_drop0p2__wd1e-04trmiss40_trlocglobal,28,0.5703336397806803,0.6907257437705994,0.5158102766798419,0.5539430614819563,0.5111111111111111,0.0,0.0,0.0,0.0,0.0,0.0,0.0,0.0,0.0,,,,,18473,global,0.4
1,2,lr5e-05_bs32_modL1_fusion16_fusionL1_fusionBN0_drop0p2__wd1e-04trmiss40_trlocglobal,32,5e-05,0.0001,1,16,1,False,0.2,lr5e-05_bs32_modL1_fusion16_fusionL1_fusionBN0_drop0p2__wd1e-04trmiss40_trlocglobal,29,0.5711148579915365,0.6903944313526154,0.5217391304347826,0.5637069216531533,0.5555555555555556,0.0,0.0,0.0,0.0,0.0,0.0,0.0,0.0,0.0,,,,,18473,global,0.4
1,2,lr5e-05_bs32_modL1_fusion16_fusionL1_fusionBN0_drop0p2__wd1e-04trmiss40_trlocglobal,32,5e-05,0.0001,1,16,1,False,0.2,lr5e-05_bs32_modL1_fusion16_fusionL1_fusionBN0_drop0p2__wd1e-04trmiss40_trlocglobal,30,0.5676423211892446,0.6895198225975037,0.5197628458498024,0.5631818722887266,0.4888888888888889,0.0,0.0,0.0,0.0,0.0,0.0,0.0,0.0,0.0,,,,,18473,global,0.4
1,2,lr5e-05_bs32_modL1_fusion16_fusionL1_fusionBN0_drop0p2__wd1e-04trmiss40_trlocglobal,32,5e-05,0.0001,1,16,1,False,0.2,lr5e-05_bs32_modL1_fusion16_fusionL1_fusionBN0_drop0p2__wd1e-04trmiss40_trlocglobal,31,0.5713497400283813,0.6882247626781464,0.525691699604743,0.5697644703288361,0.4888888888888889,0.0,0.0,0.0,0.0,0.0,0.0,0.0,0.0,0.0,,,,,18473,global,0.4
1,2,lr5e-05_bs32_modL1_fusion16_fusionL1_fusionBN0_drop0p2__wd1e-04trmiss40_trlocglobal,32,5e-05,0.0001,1,16,1,False,0.2,lr5e-05_bs32_modL1_fusion16_fusionL1_fusionBN0_drop0p2__wd1e-04trmiss40_trlocglobal,32,0.5692542195320129,0.6867736876010895,0.5237154150197628,0.5589803595633803,0.4888888888888889,0.0,0.0,0.0,0.0,0.0,0.0,0.0,0.0,0.0,,,,,18473,global,0.4
1,2,lr5e-05_bs32_modL1_fusion16_fusionL1_fusionBN0_drop0p2__wd1e-04trmiss40_trlocglobal,32,5e-05,0.0001,1,16,1,False,0.2,lr5e-05_bs32_modL1_fusion16_fusionL1_fusionBN0_drop0p2__wd1e-04trmiss40_trlocglobal,33,0.5690810879071554,0.6874424815177917,0.525691699604743,0.5593719152938107,0.4888888888888889,0.0,0.0,0.0,0.0,0.0,0.0,0.0,0.0,0.0,,,,,18473,global,0.4
1,2,lr5e-05_bs32_modL1_fusion16_fusionL1_fusionBN0_drop0p2__wd1e-04trmiss40_trlocglobal,32,5e-05,0.0001,1,16,1,False,0.2,lr5e-05_bs32_modL1_fusion16_fusionL1_fusionBN0_drop0p2__wd1e-04trmiss40_trlocglobal,34,0.5649329721927643,0.686687707901001,0.5276679841897234,0.5627799352902382,0.4888888888888889,0.0,0.0,0.0,0.0,0.0,0.0,0.0,0.0,0.0,,,,,18473,global,0.4
1,2,lr5e-05_bs32_modL1_fusion16_fusionL1_fusionBN0_drop0p1__wd1e-04trmiss40_trlocglobal,32,5e-05,0.0001,1,16,1,False,0.1,lr5e-05_bs32_modL1_fusion16_fusionL1_fusionBN0_drop0p1__wd1e-04trmiss40_trlocglobal,1,0.7064483463764191,0.7029218673706055,0.4743083003952569,0.5126178203410788,0.4888888888888889,0.0,0.0,0.0,0.0,0.0,0.0,0.0,0.0,0.0,,,,,18473,global,0.4
1,2,lr5e-05_bs32_modL1_fusion16_fusionL1_fusionBN0_drop0p1__wd1e-04trmiss40_trlocglobal,32,5e-05,0.0001,1,16,1,False,0.1,lr5e-05_bs32_modL1_fusion16_fusionL1_fusionBN0_drop0p1__wd1e-04trmiss40_trlocglobal,2,0.6944939096768697,0.70427605509758,0.4624505928853755,0.49833230533325323,0.4666666666666667,0.0,0.0,0.0,0.0,0.0,0.0,0.0,0.0,0.0,,,,,18473,global,0.4
1,2,lr5e-05_bs32_modL1_fusion16_fusionL1_fusionBN0_drop0p1__wd1e-04trmiss40_trlocglobal,32,5e-05,0.0001,1,16,1,False,0.1,lr5e-05_bs32_modL1_fusion16_fusionL1_fusionBN0_drop0p1__wd1e-04trmiss40_trlocglobal,3,0.6812173227469126,0.7046149969100952,0.4762845849802372,0.5112642222483502,0.4666666666666667,0.0,0.0,0.0,0.0,0.0,0.0,0.0,0.0,0.0,,,,,18473,global,0.4
1,2,lr5e-05_bs32_modL1_fusion16_fusionL1_fusionBN0_drop0p1__wd1e-04trmiss40_trlocglobal,32,5e-05,0.0001,1,16,1,False,0.1,lr5e-05_bs32_modL1_fusion16_fusionL1_fusionBN0_drop0p1__wd1e-04trmiss40_trlocglobal,4,0.6836643020311991,0.7056901752948761,0.4644268774703557,0.512191462684183,0.4444444444444444,0.0,0.0,0.0,0.0,0.0,0.0,0.0,0.0,0.0,,,,,18473,global,0.4
1,2,lr5e-05_bs32_modL1_fusion16_fusionL1_fusionBN0_drop0p1__wd1e-04trmiss40_trlocglobal,32,5e-05,0.0001,1,16,1,False,0.1,lr5e-05_bs32_modL1_fusion16_fusionL1_fusionBN0_drop0p1__wd1e-04trmiss40_trlocglobal,5,0.6728703677654266,0.7070499658584595,0.4525691699604743,0.5132256206041372,0.4444444444444444,0.0,0.0,0.0,0.0,0.0,0.0,0.0,0.0,0.0,,,,,18473,global,0.4
1,2,lr5e-05_bs32_modL1_fusion16_fusionL1_fusionBN0_drop0p1__wd1e-04trmiss40_trlocglobal,32,5e-05,0.0001,1,16,1,False,0.1,lr5e-05_bs32_modL1_fusion16_fusionL1_fusionBN0_drop0p1__wd1e-04trmiss40_trlocglobal,6,0.6674157480398814,0.7068292498588562,0.45849802371541504,0.5123714079907219,0.4444444444444444,0.0,0.0,0.0,0.0,0.0,0.0,0.0,0.0,0.0,,,,,18473,global,0.4
1,2,lr5e-05_bs32_modL1_fusion16_fusionL1_fusionBN0_drop0p1__wd1e-04trmiss40_trlocglobal,32,5e-05,0.0001,1,16,1,False,0.1,lr5e-05_bs32_modL1_fusion16_fusionL1_fusionBN0_drop0p1__wd1e-04trmiss40_trlocglobal,7,0.6596438884735107,0.7074369490146637,0.4723320158102767,0.524706118601621,0.4666666666666667,0.0,0.0,0.0,0.0,0.0,0.0,0.0,0.0,0.0,,,,,18473,global,0.4
1,2,lr5e-05_bs32_modL1_fusion16_fusionL1_fusionBN0_drop0p1__wd1e-04trmiss40_trlocglobal,32,5e-05,0.0001,1,16,1,False,0.1,lr5e-05_bs32_modL1_fusion16_fusionL1_fusionBN0_drop0p1__wd1e-04trmiss40_trlocglobal,8,0.6609123647212982,0.7080211043357849,0.4723320158102767,0.5219044519540844,0.4666666666666667,0.0,0.0,0.0,0.0,0.0,0.0,0.0,0.0,0.0,,,,,18473,global,0.4
1,2,lr5e-05_bs32_modL1_fusion16_fusionL1_fusionBN0_drop0p1__wd1e-04trmiss40_trlocglobal,32,5e-05,0.0001,1,16,1,False,0.1,lr5e-05_bs32_modL1_fusion16_fusionL1_fusionBN0_drop0p1__wd1e-04trmiss40_trlocglobal,9,0.648683230082194,0.7080352604389191,0.4624505928853755,0.5190039175652986,0.4666666666666667,0.0,0.0,0.0,0.0,0.0,0.0,0.0,0.0,0.0,,,,,18473,global,0.4
1,2,lr5e-05_bs32_modL1_fusion16_fusionL1_fusionBN0_drop0p1__wd1e-04trmiss40_trlocglobal,32,5e-05,0.0001,1,16,1,False,0.1,lr5e-05_bs32_modL1_fusion16_fusionL1_fusionBN0_drop0p1__wd1e-04trmiss40_trlocglobal,10,0.6528116365273794,0.7075667381286621,0.4565217391304347,0.5081375323638752,0.4666666666666667,0.0,0.0,0.0,0.0,0.0,0.0,0.0,0.0,0.0,,,,,18473,global,0.4
1,2,lr5e-05_bs32_modL1_fusion16_fusionL1_fusionBN0_drop0p1__wd1e-04trmiss40_trlocglobal,32,5e-05,0.0001,1,16,1,False,0.1,lr5e-05_bs32_modL1_fusion16_fusionL1_fusionBN0_drop0p1__wd1e-04trmiss40_trlocglobal,11,0.6403544445832571,0.7060924768447876,0.4565217391304348,0.5118940000859827,0.4666666666666667,0.0,0.0,0.0,0.0,0.0,0.0,0.0,0.0,0.0,,,,,18473,global,0.4
1,2,lr5e-05_bs32_modL1_fusion16_fusionL1_fusionBN0_drop0p1__wd1e-04trmiss40_trlocglobal,32,5e-05,0.0001,1,16,1,False,0.1,lr5e-05_bs32_modL1_fusion16_fusionL1_fusionBN0_drop0p1__wd1e-04trmiss40_trlocglobal,12,0.6434747477372488,0.706167608499527,0.45652173913043476,0.5197951557974471,0.4888888888888889,0.0,0.0,0.0,0.0,0.0,0.0,0.0,0.0,0.0,,,,,18473,global,0.4
1,2,lr5e-05_bs32_modL1_fusion16_fusionL1_fusionBN0_drop0p1__wd1e-04trmiss40_trlocglobal,32,5e-05,0.0001,1,16,1,False,0.1,lr5e-05_bs32_modL1_fusion16_fusionL1_fusionBN0_drop0p1__wd1e-04trmiss40_trlocglobal,13,0.6397310793399811,0.7073980569839478,0.458498023715415,0.5225004335224539,0.5111111111111111,0.0,0.0,0.0,0.0,0.0,0.0,0.0,0.0,0.0,,,,,18473,global,0.4
1,2,lr5e-05_bs32_modL1_fusion16_fusionL1_fusionBN0_drop0p1__wd1e-04trmiss40_trlocglobal,32,5e-05,0.0001,1,16,1,False,0.1,lr5e-05_bs32_modL1_fusion16_fusionL1_fusionBN0_drop0p1__wd1e-04trmiss40_trlocglobal,14,0.6295314133167267,0.7080533504486084,0.46442687747035577,0.531192488977032,0.5111111111111111,0.0,0.0,0.0,0.0,0.0,0.0,0.0,0.0,0.0,,,,,18473,global,0.4
1,2,lr5e-05_bs32_modL1_fusion16_fusionL1_fusionBN0_drop0p1__wd1e-04trmiss40_trlocglobal,32,5e-05,0.0001,1,16,1,False,0.1,lr5e-05_bs32_modL1_fusion16_fusionL1_fusionBN0_drop0p1__wd1e-04trmiss40_trlocglobal,15,0.6320881545543671,0.7073817253112793,0.4624505928853755,0.5322341518590706,0.4888888888888889,0.0,0.0,0.0,0.0,0.0,0.0,0.0,0.0,0.0,,,,,18473,global,0.4
1,2,lr5e-05_bs32_modL1_fusion16_fusionL1_fusionBN0_drop0p1__wd1e-04trmiss40_trlocglobal,32,5e-05,0.0001,1,16,1,False,0.1,lr5e-05_bs32_modL1_fusion16_fusionL1_fusionBN0_drop0p1__wd1e-04trmiss40_trlocglobal,16,0.6228310167789459,0.7059419751167297,0.46442687747035577,0.5285709613035032,0.4888888888888889,0.0,0.0,0.0,0.0,0.0,0.0,0.0,0.0,0.0,,,,,18473,global,0.4
1,2,lr5e-05_bs32_modL1_fusion16_fusionL1_fusionBN0_drop0p1__wd1e-04trmiss40_trlocglobal,32,5e-05,0.0001,1,16,1,False,0.1,lr5e-05_bs32_modL1_fusion16_fusionL1_fusionBN0_drop0p1__wd1e-04trmiss40_trlocglobal,17,0.6224490304787954,0.705520361661911,0.4683794466403162,0.5336734271154815,0.4888888888888889,0.0,0.0,0.0,0.0,0.0,0.0,0.0,0.0,0.0,,,,,18473,global,0.4
1,2,lr5e-05_bs32_modL1_fusion16_fusionL1_fusionBN0_drop0p1__wd1e-04trmiss40_trlocglobal,32,5e-05,0.0001,1,16,1,False,0.1,lr5e-05_bs32_modL1_fusion16_fusionL1_fusionBN0_drop0p1__wd1e-04trmiss40_trlocglobal,18,0.6173589030901591,0.7048784494400024,0.4762845849802372,0.5410705790778508,0.5333333333333333,0.0,0.0,0.0,0.0,0.0,0.0,0.0,0.0,0.0,,,,,18473,global,0.4
1,2,lr5e-05_bs32_modL1_fusion16_fusionL1_fusionBN0_drop0p1__wd1e-04trmiss40_trlocglobal,32,5e-05,0.0001,1,16,1,False,0.1,lr5e-05_bs32_modL1_fusion16_fusionL1_fusionBN0_drop0p1__wd1e-04trmiss40_trlocglobal,19,0.6129539310932159,0.7036816477775574,0.48221343873517786,0.5483108435855734,0.5333333333333333,0.0,0.0,0.0,0.0,0.0,0.0,0.0,0.0,0.0,,,,,18473,global,0.4
1,2,lr5e-05_bs32_modL1_fusion16_fusionL1_fusionBN0_drop0p1__wd1e-04trmiss40_trlocglobal,32,5e-05,0.0001,1,16,1,False,0.1,lr5e-05_bs32_modL1_fusion16_fusionL1_fusionBN0_drop0p1__wd1e-04trmiss40_trlocglobal,20,0.6162076691786448,0.7017063498497009,0.49011857707509876,0.5533169744091324,0.5333333333333333,0.0,0.0,0.0,0.0,0.0,0.0,0.0,0.0,0.0,,,,,18473,global,0.4
1,2,lr5e-05_bs32_modL1_fusion16_fusionL1_fusionBN0_drop0p1__wd1e-04trmiss40_trlocglobal,32,5e-05,0.0001,1,16,1,False,0.1,lr5e-05_bs32_modL1_fusion16_fusionL1_fusionBN0_drop0p1__wd1e-04trmiss40_trlocglobal,21,0.6070343752702078,0.6994877755641937,0.5158102766798418,0.573023246869622,0.5333333333333333,0.0,0.0,0.0,0.0,0.0,0.0,0.0,0.0,0.0,,,,,18473,global,0.4
1,2,lr5e-05_bs32_modL1_fusion16_fusionL1_fusionBN0_drop0p1__wd1e-04trmiss40_trlocglobal,32,5e-05,0.0001,1,16,1,False,0.1,lr5e-05_bs32_modL1_fusion16_fusionL1_fusionBN0_drop0p1__wd1e-04trmiss40_trlocglobal,22,0.6148870885372162,0.6976537108421326,0.5217391304347826,0.5788954965794638,0.5333333333333333,0.0,0.0,0.0,0.0,0.0,0.0,0.0,0.0,0.0,,,,,18473,global,0.4
1,2,lr5e-05_bs32_modL1_fusion16_fusionL1_fusionBN0_drop0p1__wd1e-04trmiss40_trlocglobal,32,5e-05,0.0001,1,16,1,False,0.1,lr5e-05_bs32_modL1_fusion16_fusionL1_fusionBN0_drop0p1__wd1e-04trmiss40_trlocglobal,23,0.6058589518070221,0.6974301636219025,0.5217391304347827,0.5713170531413464,0.5333333333333333,0.0,0.0,0.0,0.0,0.0,0.0,0.0,0.0,0.0,,,,,18473,global,0.4
1,2,lr5e-05_bs32_modL1_fusion16_fusionL1_fusionBN0_drop0p1__wd1e-04trmiss40_trlocglobal,32,5e-05,0.0001,1,16,1,False,0.1,lr5e-05_bs32_modL1_fusion16_fusionL1_fusionBN0_drop0p1__wd1e-04trmiss40_trlocglobal,24,0.6062348286310831,0.6979032754898071,0.5098814229249011,0.554547549860697,0.5333333333333333,0.0,0.0,0.0,0.0,0.0,0.0,0.0,0.0,0.0,,,,,18473,global,0.4
1,2,lr5e-05_bs32_modL1_fusion16_fusionL1_fusionBN0_drop0p1__wd1e-04trmiss40_trlocglobal,32,5e-05,0.0001,1,16,1,False,0.1,lr5e-05_bs32_modL1_fusion16_fusionL1_fusionBN0_drop0p1__wd1e-04trmiss40_trlocglobal,25,0.6011407275994619,0.6989549100399017,0.5079051383399209,0.5575215544077123,0.5333333333333333,0.0,0.0,0.0,0.0,0.0,0.0,0.0,0.0,0.0,,,,,18473,global,0.4
1,2,lr5e-05_bs32_modL1_fusion16_fusionL1_fusionBN0_drop0p1__wd1e-04trmiss40_trlocglobal,32,5e-05,0.0001,1,16,1,False,0.1,lr5e-05_bs32_modL1_fusion16_fusionL1_fusionBN0_drop0p1__wd1e-04trmiss40_trlocglobal,26,0.5998535255591074,0.6989769041538239,0.5177865612648221,0.5586747866065092,0.5333333333333333,0.0,0.0,0.0,0.0,0.0,0.0,0.0,0.0,0.0,,,,,18473,global,0.4
1,2,lr5e-05_bs32_modL1_fusion16_fusionL1_fusionBN0_drop0p1__wd1e-04trmiss40_trlocglobal,32,5e-05,0.0001,1,16,1,False,0.1,lr5e-05_bs32_modL1_fusion16_fusionL1_fusionBN0_drop0p1__wd1e-04trmiss40_trlocglobal,27,0.6019860506057739,0.6999923288822174,0.5138339920948617,0.5588772465372138,0.5333333333333333,0.0,0.0,0.0,0.0,0.0,0.0,0.0,0.0,0.0,,,,,18473,global,0.4
1,2,lr5e-05_bs32_modL1_fusion16_fusionL1_fusionBN0_drop0p1__wd1e-04trmiss40_trlocglobal,32,5e-05,0.0001,1,16,1,False,0.1,lr5e-05_bs32_modL1_fusion16_fusionL1_fusionBN0_drop0p1__wd1e-04trmiss40_trlocglobal,28,0.5879555642604828,0.6991985142230988,0.5158102766798419,0.5680293263414676,0.5333333333333333,0.0,0.0,0.0,0.0,0.0,0.0,0.0,0.0,0.0,,,,,18473,global,0.4
1,2,lr5e-05_bs32_modL1_fusion16_fusionL1_fusionBN0_drop0p1__wd1e-04trmiss40_trlocglobal,32,5e-05,0.0001,1,16,1,False,0.1,lr5e-05_bs32_modL1_fusion16_fusionL1_fusionBN0_drop0p1__wd1e-04trmiss40_trlocglobal,29,0.5857235789299011,0.6992141902446747,0.5118577075098815,0.5679540393096588,0.5333333333333333,0.0,0.0,0.0,0.0,0.0,0.0,0.0,0.0,0.0,,,,,18473,global,0.4
1,2,lr5e-05_bs32_modL1_fusion16_fusionL1_fusionBN0_drop0p1__wd1e-04trmiss40_trlocglobal,32,5e-05,0.0001,1,16,1,False,0.1,lr5e-05_bs32_modL1_fusion16_fusionL1_fusionBN0_drop0p1__wd1e-04trmiss40_trlocglobal,30,0.5830546915531158,0.6989794075489044,0.5138339920948616,0.5685126408301597,0.5333333333333333,0.0,0.0,0.0,0.0,0.0,0.0,0.0,0.0,0.0,,,,,18473,global,0.4
1,2,lr5e-05_bs32_modL1_fusion16_fusionL1_fusionBN0_drop0p1__wd1e-04trmiss40_trlocglobal,32,5e-05,0.0001,1,16,1,False,0.1,lr5e-05_bs32_modL1_fusion16_fusionL1_fusionBN0_drop0p1__wd1e-04trmiss40_trlocglobal,31,0.5801506737867991,0.6987834274768829,0.5217391304347826,0.5739184544068878,0.5333333333333333,0.0,0.0,0.0,0.0,0.0,0.0,0.0,0.0,0.0,,,,,18473,global,0.4
1,2,lr5e-05_bs32_modL1_fusion16_fusionL1_fusionBN0_drop0p1__wd1e-04trmiss40_trlocglobal,32,5e-05,0.0001,1,16,1,False,0.1,lr5e-05_bs32_modL1_fusion16_fusionL1_fusionBN0_drop0p1__wd1e-04trmiss40_trlocglobal,32,0.5841809709866842,0.6987753510475159,0.517786561264822,0.5718604814513951,0.5555555555555556,0.0,0.0,0.0,0.0,0.0,0.0,0.0,0.0,0.0,,,,,18473,global,0.4
1,2,lr5e-05_bs32_modL1_fusion16_fusionL1_fusionBN0_drop0p1__wd1e-04trmiss40_trlocglobal,32,5e-05,0.0001,1,16,1,False,0.1,lr5e-05_bs32_modL1_fusion16_fusionL1_fusionBN0_drop0p1__wd1e-04trmiss40_trlocglobal,33,0.5857200026512146,0.6991978585720062,0.5217391304347826,0.57065816741757,0.5555555555555556,0.0,0.0,0.0,0.0,0.0,0.0,0.0,0.0,0.0,,,,,18473,global,0.4
1,2,lr5e-05_bs32_modL1_fusion16_fusionL1_fusionBN0_drop0p1__wd1e-04trmiss40_trlocglobal,32,5e-05,0.0001,1,16,1,False,0.1,lr5e-05_bs32_modL1_fusion16_fusionL1_fusionBN0_drop0p1__wd1e-04trmiss40_trlocglobal,34,0.5803087254365286,0.6992528736591339,0.5217391304347826,0.5673956303145965,0.5555555555555556,0.0,0.0,0.0,0.0,0.0,0.0,0.0,0.0,0.0,,,,,18473,global,0.4
1,2,lr5e-05_bs32_modL1_fusion16_fusionL1_fusionBN0_drop0p1__wd1e-04trmiss40_trlocglobal,32,5e-05,0.0001,1,16,1,False,0.1,lr5e-05_bs32_modL1_fusion16_fusionL1_fusionBN0_drop0p1__wd1e-04trmiss40_trlocglobal,35,0.5820987621943156,0.6978961825370789,0.5316205533596838,0.5701344249770804,0.5333333333333333,0.0,0.0,0.0,0.0,0.0,0.0,0.0,0.0,0.0,,,,,18473,global,0.4
1,2,lr5e-05_bs32_modL1_fusion16_fusionL1_fusionBN0_drop0p1__wd1e-04trmiss40_trlocglobal,32,5e-05,0.0001,1,16,1,False,0.1,lr5e-05_bs32_modL1_fusion16_fusionL1_fusionBN0_drop0p1__wd1e-04trmiss40_trlocglobal,36,0.5740004777908325,0.6956689655780792,0.5335968379446641,0.5768344527633238,0.5555555555555556,0.0,0.0,0.0,0.0,0.0,0.0,0.0,0.0,0.0,,,,,18473,global,0.4
1,2,lr5e-05_bs32_modL1_fusion16_fusionL1_fusionBN0_drop0p1__wd1e-04trmiss40_trlocglobal,32,5e-05,0.0001,1,16,1,False,0.1,lr5e-05_bs32_modL1_fusion16_fusionL1_fusionBN0_drop0p1__wd1e-04trmiss40_trlocglobal,37,0.5675956010818481,0.695389449596405,0.5395256916996047,0.5804172185442942,0.5555555555555556,0.0,0.0,0.0,0.0,0.0,0.0,0.0,0.0,0.0,,,,,18473,global,0.4
1,2,lr5e-05_bs32_modL1_fusion16_fusionL1_fusionBN0_drop0p1__wd1e-04trmiss40_trlocglobal,32,5e-05,0.0001,1,16,1,False,0.1,lr5e-05_bs32_modL1_fusion16_fusionL1_fusionBN0_drop0p1__wd1e-04trmiss40_trlocglobal,38,0.5697025159994761,0.6958295702934265,0.5335968379446641,0.5789190118067836,0.5555555555555556,0.0,0.0,0.0,0.0,0.0,0.0,0.0,0.0,0.0,,,,,18473,global,0.4
1,2,lr5e-05_bs32_modL1_fusion16_fusionL1_fusionBN0_drop0p1__wd1e-04trmiss40_trlocglobal,32,5e-05,0.0001,1,16,1,False,0.1,lr5e-05_bs32_modL1_fusion16_fusionL1_fusionBN0_drop0p1__wd1e-04trmiss40_trlocglobal,39,0.5672128399213155,0.696871817111969,0.5335968379446641,0.574740964979222,0.5555555555555556,0.0,0.0,0.0,0.0,0.0,0.0,0.0,0.0,0.0,,,,,18473,global,0.4
1,2,lr5e-05_bs32_modL1_fusion16_fusionL1_fusionBN0_drop0p1__wd1e-04trmiss40_trlocglobal,32,5e-05,0.0001,1,16,1,False,0.1,lr5e-05_bs32_modL1_fusion16_fusionL1_fusionBN0_drop0p1__wd1e-04trmiss40_trlocglobal,40,0.5686461528142294,0.6981414258480072,0.5375494071146245,0.5798950662096753,0.5555555555555556,0.0,0.0,0.0,0.0,0.0,0.0,0.0,0.0,0.0,,,,,18473,global,0.4
1,2,lr5e-05_bs32_modL1_fusion16_fusionL1_fusionBN0_drop0p1__wd1e-04trmiss40_trlocglobal,32,5e-05,0.0001,1,16,1,False,0.1,lr5e-05_bs32_modL1_fusion16_fusionL1_fusionBN0_drop0p1__wd1e-04trmiss40_trlocglobal,41,0.5590478380521139,0.6989907026290894,0.5296442687747035,0.5781428959227131,0.5555555555555556,0.0,0.0,0.0,0.0,0.0,0.0,0.0,0.0,0.0,,,,,18473,global,0.4
1,2,lr5e-05_bs32_modL1_fusion16_fusionL1_fusionBN0_drop0p1__wd1e-04trmiss40_trlocglobal,32,5e-05,0.0001,1,16,1,False,0.1,lr5e-05_bs32_modL1_fusion16_fusionL1_fusionBN0_drop0p1__wd1e-04trmiss40_trlocglobal,42,0.5625649193922678,0.6985372304916382,0.5375494071146245,0.5799683136848316,0.5555555555555556,0.0,0.0,0.0,0.0,0.0,0.0,0.0,0.0,0.0,,,,,18473,global,0.4
1,2,lr5e-05_bs32_modL1_fusion16_fusionL1_fusionBN0_drop0p1__wd1e-04trmiss40_trlocglobal,32,5e-05,0.0001,1,16,1,False,0.1,lr5e-05_bs32_modL1_fusion16_fusionL1_fusionBN0_drop0p1__wd1e-04trmiss40_trlocglobal,43,0.5562229454517365,0.6986939907073975,0.549407114624506,0.5891594005647057,0.5555555555555556,0.0,0.0,0.0,0.0,0.0,0.0,0.0,0.0,0.0,,,,,18473,global,0.4
1,2,lr5e-05_bs32_modL1_fusion16_fusionL1_fusionBN0_drop0p1__wd1e-04trmiss40_trlocglobal,32,5e-05,0.0001,1,16,1,False,0.1,lr5e-05_bs32_modL1_fusion16_fusionL1_fusionBN0_drop0p1__wd1e-04trmiss40_trlocglobal,44,0.56220676501592,0.6991420686244965,0.541501976284585,0.5862159110691434,0.5555555555555556,0.0,0.0,0.0,0.0,0.0,0.0,0.0,0.0,0.0,,,,,18473,global,0.4
1,2,lr5e-05_bs32_modL1_fusion16_fusionL1_fusionBN0_drop0p1__wd1e-04trmiss40_trlocglobal,32,5e-05,0.0001,1,16,1,False,0.1,lr5e-05_bs32_modL1_fusion16_fusionL1_fusionBN0_drop0p1__wd1e-04trmiss40_trlocglobal,45,0.5589225888252258,0.6998759508132935,0.5335968379446641,0.5822034619766027,0.5555555555555556,0.0,0.0,0.0,0.0,0.0,0.0,0.0,0.0,0.0,,,,,18473,global,0.4
1,2,lr5e-05_bs32_modL1_fusion16_fusionL1_fusionBN0_drop0p1__wd1e-04trmiss40_trlocglobal,32,5e-05,0.0001,1,16,1,False,0.1,lr5e-05_bs32_modL1_fusion16_fusionL1_fusionBN0_drop0p1__wd1e-04trmiss40_trlocglobal,46,0.551714171965917,0.6982889771461487,0.5316205533596837,0.581430250770988,0.5555555555555556,0.0,0.0,0.0,0.0,0.0,0.0,0.0,0.0,0.0,,,,,18473,global,0.4
1,2,lr5e-05_bs32_modL1_fusion16_fusionL1_fusionBN0_drop0p1__wd1e-04trmiss40_trlocglobal,32,5e-05,0.0001,1,16,1,False,0.1,lr5e-05_bs32_modL1_fusion16_fusionL1_fusionBN0_drop0p1__wd1e-04trmiss40_trlocglobal,47,0.5552990237871805,0.6969943940639496,0.5296442687747036,0.578833600146026,0.5333333333333333,0.0,0.0,0.0,0.0,0.0,0.0,0.0,0.0,0.0,,,,,18473,global,0.4
1,2,lr5e-05_bs32_modL1_fusion16_fusionL1_fusionBN0_drop0p1__wd1e-04trmiss40_trlocglobal,32,5e-05,0.0001,1,16,1,False,0.1,lr5e-05_bs32_modL1_fusion16_fusionL1_fusionBN0_drop0p1__wd1e-04trmiss40_trlocglobal,48,0.555005411307017,0.6973068118095398,0.5296442687747036,0.578833600146026,0.5333333333333333,0.0,0.0,0.0,0.0,0.0,0.0,0.0,0.0,0.0,,,,,18473,global,0.4
1,2,lr5e-05_bs32_modL1_fusion16_fusionL1_fusionBN0_drop0p1__wd1e-04trmiss40_trlocglobal,32,5e-05,0.0001,1,16,1,False,0.1,lr5e-05_bs32_modL1_fusion16_fusionL1_fusionBN0_drop0p1__wd1e-04trmiss40_trlocglobal,49,0.5537780920664469,0.6966965198516846,0.5335968379446641,0.5814263696953172,0.5555555555555556,0.0,0.0,0.0,0.0,0.0,0.0,0.0,0.0,0.0,,,,,18473,global,0.4
1,2,lr5e-05_bs32_modL1_fusion16_fusionL1_fusionBN0_drop0p1__wd1e-04trmiss40_trlocglobal,32,5e-05,0.0001,1,16,1,False,0.1,lr5e-05_bs32_modL1_fusion16_fusionL1_fusionBN0_drop0p1__wd1e-04trmiss40_trlocglobal,50,0.5554475585619608,0.6971883773803711,0.5296442687747036,0.5800679750981932,0.5333333333333333,0.0,0.0,0.0,0.0,0.0,0.0,0.0,0.0,0.0,,,,,18473,global,0.4
1,2,lr5e-05_bs32_modL1_fusion16_fusionL1_fusionBN0_drop0p1__wd1e-04trmiss40_trlocglobal,32,5e-05,0.0001,1,16,1,False,0.1,lr5e-05_bs32_modL1_fusion16_fusionL1_fusionBN0_drop0p1__wd1e-04trmiss40_trlocglobal,51,0.5537198384602865,0.6969383955001831,0.5335968379446641,0.5809006152565194,0.5333333333333333,0.0,0.0,0.0,0.0,0.0,0.0,0.0,0.0,0.0,,,,,18473,global,0.4
1,2,lr5e-05_bs32_modL1_fusion16_fusionL1_fusionBN0_drop0p1__wd1e-04trmiss40_trlocglobal,32,5e-05,0.0001,1,16,1,False,0.1,lr5e-05_bs32_modL1_fusion16_fusionL1_fusionBN0_drop0p1__wd1e-04trmiss40_trlocglobal,52,0.5454265673955282,0.6979320049285889,0.5335968379446641,0.5832601931309713,0.5333333333333333,0.0,0.0,0.0,0.0,0.0,0.0,0.0,0.0,0.0,,,,,18473,global,0.4
1,2,lr5e-05_bs32_modL1_fusion16_fusionL1_fusionBN0_drop0p1__wd1e-04trmiss40_trlocglobal,32,5e-05,0.0001,1,16,1,False,0.1,lr5e-05_bs32_modL1_fusion16_fusionL1_fusionBN0_drop0p1__wd1e-04trmiss40_trlocglobal,53,0.5553935468196869,0.6977771818637848,0.5335968379446641,0.5834177402292618,0.5333333333333333,0.0,0.0,0.0,0.0,0.0,0.0,0.0,0.0,0.0,,,,,18473,global,0.4
1,2,lr5e-05_bs32_modL1_fusion16_fusionL1_fusionBN0_drop0p1__wd1e-04trmiss40_trlocglobal,32,5e-05,0.0001,1,16,1,False,0.1,lr5e-05_bs32_modL1_fusion16_fusionL1_fusionBN0_drop0p1__wd1e-04trmiss40_trlocglobal,54,0.548638790845871,0.6975382268428802,0.5355731225296443,0.5838469442898049,0.5333333333333333,0.0,0.0,0.0,0.0,0.0,0.0,0.0,0.0,0.0,,,,,18473,global,0.4
1,2,lr5e-05_bs32_modL1_fusion16_fusionL1_fusionBN0_drop0p1__wd1e-04trmiss40_trlocglobal,32,5e-05,0.0001,1,16,1,False,0.1,lr5e-05_bs32_modL1_fusion16_fusionL1_fusionBN0_drop0p1__wd1e-04trmiss40_trlocglobal,55,0.5473006467024485,0.6970081031322479,0.5355731225296443,0.5838469442898049,0.5333333333333333,0.0,0.0,0.0,0.0,0.0,0.0,0.0,0.0,0.0,,,,,18473,global,0.4
1,2,lr5e-05_bs32_modL1_fusion16_fusionL1_fusionBN0_drop0p1__wd1e-04trmiss40_trlocglobal,32,5e-05,0.0001,1,16,1,False,0.1,lr5e-05_bs32_modL1_fusion16_fusionL1_fusionBN0_drop0p1__wd1e-04trmiss40_trlocglobal,56,0.5432907243569692,0.6970611810684204,0.533596837944664,0.5821753419350835,0.5333333333333333,0.0,0.0,0.0,0.0,0.0,0.0,0.0,0.0,0.0,,,,,18473,global,0.4
1,2,lr5e-05_bs32_modL1_fusion16_fusionL1_fusionBN0_drop0p1__wd1e-04trmiss40_trlocglobal,32,5e-05,0.0001,1,16,1,False,0.1,lr5e-05_bs32_modL1_fusion16_fusionL1_fusionBN0_drop0p1__wd1e-04trmiss40_trlocglobal,57,0.5462819834550222,0.6974366903305054,0.5355731225296443,0.5840864742809984,0.5333333333333333,0.0,0.0,0.0,0.0,0.0,0.0,0.0,0.0,0.0,,,,,18473,global,0.4
1,2,lr5e-05_bs32_modL1_fusion16_fusionL1_fusionBN0_drop0p1__wd1e-04trmiss40_trlocglobal,32,5e-05,0.0001,1,16,1,False,0.1,lr5e-05_bs32_modL1_fusion16_fusionL1_fusionBN0_drop0p1__wd1e-04trmiss40_trlocglobal,58,0.5474555989106497,0.6976240575313568,0.5355731225296443,0.5840864742809984,0.5333333333333333,0.0,0.0,0.0,0.0,0.0,0.0,0.0,0.0,0.0,,,,,18473,global,0.4
1,2,lr5e-05_bs32_modL1_fusion16_fusionL1_fusionBN0_drop0p1__wd1e-04trmiss40_trlocglobal,32,5e-05,0.0001,1,16,1,False,0.1,lr5e-05_bs32_modL1_fusion16_fusionL1_fusionBN0_drop0p1__wd1e-04trmiss40_trlocglobal,59,0.5535414218902588,0.6985399723052979,0.5355731225296443,0.5840864742809984,0.5555555555555556,0.0,0.0,0.0,0.0,0.0,0.0,0.0,0.0,0.0,,,,,18473,global,0.4
1,2,lr5e-05_bs32_modL1_fusion16_fusionL1_fusionBN0_drop0p1__wd1e-04trmiss40_trlocglobal,32,5e-05,0.0001,1,16,1,False,0.1,lr5e-05_bs32_modL1_fusion16_fusionL1_fusionBN0_drop0p1__wd1e-04trmiss40_trlocglobal,60,0.543741395076116,0.6988744139671326,0.5355731225296442,0.5829749421349835,0.5333333333333333,0.0,0.0,0.0,0.0,0.0,0.0,0.0,0.0,0.0,,,,,18473,global,0.4
1,2,lr5e-05_bs32_modL1_fusion16_fusionL1_fusionBN0_drop0p1__wd1e-04trmiss40_trlocglobal,32,5e-05,0.0001,1,16,1,False,0.1,lr5e-05_bs32_modL1_fusion16_fusionL1_fusionBN0_drop0p1__wd1e-04trmiss40_trlocglobal,61,0.538458933432897,0.6995148360729218,0.5316205533596837,0.5816430998120546,0.5333333333333333,0.0,0.0,0.0,0.0,0.0,0.0,0.0,0.0,0.0,,,,,18473,global,0.4
1,2,lr5e-05_bs32_modL1_fusion16_fusionL1_fusionBN0_drop0p1__wd1e-04trmiss40_trlocglobal,32,5e-05,0.0001,1,16,1,False,0.1,lr5e-05_bs32_modL1_fusion16_fusionL1_fusionBN0_drop0p1__wd1e-04trmiss40_trlocglobal,62,0.5425179799397787,0.69917893409729,0.5355731225296443,0.5827697789973789,0.5333333333333333,0.0,0.0,0.0,0.0,0.0,0.0,0.0,0.0,0.0,,,,,18473,global,0.4
1,2,lr5e-05_bs32_modL1_fusion16_fusionL1_fusionBN0_drop0p1__wd1e-04trmiss40_trlocglobal,32,5e-05,0.0001,1,16,1,False,0.1,lr5e-05_bs32_modL1_fusion16_fusionL1_fusionBN0_drop0p1__wd1e-04trmiss40_trlocglobal,63,0.5387350618839264,0.6986963152885437,0.5395256916996047,0.5853010967460879,0.5333333333333333,0.0,0.0,0.0,0.0,0.0,0.0,0.0,0.0,0.0,,,,,18473,global,0.4
1,2,lr5e-05_bs32_modL1_fusion32_fusionL1_fusionBN0_drop0p2__wd1e-04trmiss40_trlocglobal,32,5e-05,0.0001,1,32,1,False,0.2,lr5e-05_bs32_modL1_fusion32_fusionL1_fusionBN0_drop0p2__wd1e-04trmiss40_trlocglobal,1,0.6936759452025095,0.6884249150753021,0.541501976284585,0.633965402645888,0.4666666666666667,0.0,0.0,0.0,0.0,0.0,0.0,0.0,0.0,0.0,,,,,18473,global,0.4
1,2,lr5e-05_bs32_modL1_fusion32_fusionL1_fusionBN0_drop0p2__wd1e-04trmiss40_trlocglobal,32,5e-05,0.0001,1,32,1,False,0.2,lr5e-05_bs32_modL1_fusion32_fusionL1_fusionBN0_drop0p2__wd1e-04trmiss40_trlocglobal,2,0.6865275303522745,0.6862879693508148,0.575098814229249,0.6728076976381769,0.4666666666666667,0.0,0.0,0.0,0.0,0.0,0.0,0.0,0.0,0.0,,,,,18473,global,0.4
1,2,lr5e-05_bs32_modL1_fusion32_fusionL1_fusionBN0_drop0p2__wd1e-04trmiss40_trlocglobal,32,5e-05,0.0001,1,32,1,False,0.2,lr5e-05_bs32_modL1_fusion32_fusionL1_fusionBN0_drop0p2__wd1e-04trmiss40_trlocglobal,3,0.6791945000489553,0.6848914921283722,0.5612648221343873,0.6738583939434662,0.5111111111111111,0.0,0.0,0.0,0.0,0.0,0.0,0.0,0.0,0.0,,,,,18473,global,0.4
1,2,lr5e-05_bs32_modL1_fusion32_fusionL1_fusionBN0_drop0p2__wd1e-04trmiss40_trlocglobal,32,5e-05,0.0001,1,32,1,False,0.2,lr5e-05_bs32_modL1_fusion32_fusionL1_fusionBN0_drop0p2__wd1e-04trmiss40_trlocglobal,4,0.6716744204362234,0.6845654845237732,0.5513833992094861,0.6677106593264523,0.5333333333333333,0.0,0.0,0.0,0.0,0.0,0.0,0.0,0.0,0.0,,,,,18473,global,0.4
1,2,lr5e-05_bs32_modL1_fusion32_fusionL1_fusionBN0_drop0p2__wd1e-04trmiss40_trlocglobal,32,5e-05,0.0001,1,32,1,False,0.2,lr5e-05_bs32_modL1_fusion32_fusionL1_fusionBN0_drop0p2__wd1e-04trmiss40_trlocglobal,5,0.6640855371952057,0.6843459010124207,0.5474308300395256,0.6568426876562193,0.5333333333333333,0.0,0.0,0.0,0.0,0.0,0.0,0.0,0.0,0.0,,,,,18473,global,0.4
1,2,lr5e-05_bs32_modL1_fusion32_fusionL1_fusionBN0_drop0p2__wd1e-04trmiss40_trlocglobal,32,5e-05,0.0001,1,32,1,False,0.2,lr5e-05_bs32_modL1_fusion32_fusionL1_fusionBN0_drop0p2__wd1e-04trmiss40_trlocglobal,6,0.6508724192778269,0.6835006475448608,0.549407114624506,0.6472004804409236,0.5333333333333333,0.0,0.0,0.0,0.0,0.0,0.0,0.0,0.0,0.0,,,,,18473,global,0.4
1,2,lr5e-05_bs32_modL1_fusion32_fusionL1_fusionBN0_drop0p2__wd1e-04trmiss40_trlocglobal,32,5e-05,0.0001,1,32,1,False,0.2,lr5e-05_bs32_modL1_fusion32_fusionL1_fusionBN0_drop0p2__wd1e-04trmiss40_trlocglobal,7,0.649193008740743,0.6833175420761108,0.5474308300395258,0.6409795202653599,0.5333333333333333,0.0,0.0,0.0,0.0,0.0,0.0,0.0,0.0,0.0,,,,,18473,global,0.4
1,2,lr5e-05_bs32_modL1_fusion32_fusionL1_fusionBN0_drop0p2__wd1e-04trmiss40_trlocglobal,32,5e-05,0.0001,1,32,1,False,0.2,lr5e-05_bs32_modL1_fusion32_fusionL1_fusionBN0_drop0p2__wd1e-04trmiss40_trlocglobal,8,0.6515738368034363,0.6831204295158386,0.5494071146245059,0.6210408435144642,0.5333333333333333,0.0,0.0,0.0,0.0,0.0,0.0,0.0,0.0,0.0,,,,,18473,global,0.4
1,2,lr5e-05_bs32_modL1_fusion32_fusionL1_fusionBN0_drop0p2__wd1e-04trmiss40_trlocglobal,32,5e-05,0.0001,1,32,1,False,0.2,lr5e-05_bs32_modL1_fusion32_fusionL1_fusionBN0_drop0p2__wd1e-04trmiss40_trlocglobal,9,0.6234249373277029,0.6813317239284515,0.575098814229249,0.6327522161003437,0.5555555555555556,0.0,0.0,0.0,0.0,0.0,0.0,0.0,0.0,0.0,,,,,18473,global,0.4
1,2,lr5e-05_bs32_modL1_fusion32_fusionL1_fusionBN0_drop0p2__wd1e-04trmiss40_trlocglobal,32,5e-05,0.0001,1,32,1,False,0.2,lr5e-05_bs32_modL1_fusion32_fusionL1_fusionBN0_drop0p2__wd1e-04trmiss40_trlocglobal,10,0.6394149760405222,0.6795697510242462,0.5889328063241106,0.6459879297067781,0.5777777777777777,0.0,0.0,0.0,0.0,0.0,0.0,0.0,0.0,0.0,,,,,18473,global,0.4
1,2,lr5e-05_bs32_modL1_fusion32_fusionL1_fusionBN0_drop0p2__wd1e-04trmiss40_trlocglobal,32,5e-05,0.0001,1,32,1,False,0.2,lr5e-05_bs32_modL1_fusion32_fusionL1_fusionBN0_drop0p2__wd1e-04trmiss40_trlocglobal,11,0.6289706230163574,0.6778976321220398,0.6007905138339921,0.6522410743550634,0.5777777777777777,0.0,0.0,0.0,0.0,0.0,0.0,0.0,0.0,0.0,,,,,18473,global,0.4
1,2,lr5e-05_bs32_modL1_fusion32_fusionL1_fusionBN0_drop0p2__wd1e-04trmiss40_trlocglobal,32,5e-05,0.0001,1,32,1,False,0.2,lr5e-05_bs32_modL1_fusion32_fusionL1_fusionBN0_drop0p2__wd1e-04trmiss40_trlocglobal,12,0.6255005896091461,0.67580446600914,0.608695652173913,0.6570719922294596,0.5777777777777777,0.0,0.0,0.0,0.0,0.0,0.0,0.0,0.0,0.0,,,,,18473,global,0.4
1,2,lr5e-05_bs32_modL1_fusion32_fusionL1_fusionBN0_drop0p2__wd1e-04trmiss40_trlocglobal,32,5e-05,0.0001,1,32,1,False,0.2,lr5e-05_bs32_modL1_fusion32_fusionL1_fusionBN0_drop0p2__wd1e-04trmiss40_trlocglobal,13,0.6344613432884216,0.6755790114402771,0.6086956521739131,0.641883170989636,0.6,0.0,0.0,0.0,0.0,0.0,0.0,0.0,0.0,0.0,,,,,18473,global,0.4
1,2,lr5e-05_bs32_modL1_fusion32_fusionL1_fusionBN0_drop0p2__wd1e-04trmiss40_trlocglobal,32,5e-05,0.0001,1,32,1,False,0.2,lr5e-05_bs32_modL1_fusion32_fusionL1_fusionBN0_drop0p2__wd1e-04trmiss40_trlocglobal,14,0.6106167336304983,0.6755008697509766,0.6126482213438735,0.6440356661706168,0.6,0.0,0.0,0.0,0.0,0.0,0.0,0.0,0.0,0.0,,,,,18473,global,0.4
1,2,lr5e-05_bs32_modL1_fusion32_fusionL1_fusionBN0_drop0p2__wd1e-04trmiss40_trlocglobal,32,5e-05,0.0001,1,32,1,False,0.2,lr5e-05_bs32_modL1_fusion32_fusionL1_fusionBN0_drop0p2__wd1e-04trmiss40_trlocglobal,15,0.6095402340094248,0.6752127408981323,0.616600790513834,0.6416741868083476,0.6,0.0,0.0,0.0,0.0,0.0,0.0,0.0,0.0,0.0,,,,,18473,global,0.4
1,2,lr5e-05_bs32_modL1_fusion32_fusionL1_fusionBN0_drop0p2__wd1e-04trmiss40_trlocglobal,32,5e-05,0.0001,1,32,1,False,0.2,lr5e-05_bs32_modL1_fusion32_fusionL1_fusionBN0_drop0p2__wd1e-04trmiss40_trlocglobal,16,0.6149430672327677,0.6745896935462952,0.6225296442687747,0.6570858104061951,0.6222222222222222,0.0,0.0,0.0,0.0,0.0,0.0,0.0,0.0,0.0,,,,,18473,global,0.4
1,2,lr5e-05_bs32_modL1_fusion32_fusionL1_fusionBN0_drop0p2__wd1e-04trmiss40_trlocglobal,32,5e-05,0.0001,1,32,1,False,0.2,lr5e-05_bs32_modL1_fusion32_fusionL1_fusionBN0_drop0p2__wd1e-04trmiss40_trlocglobal,17,0.6100192467371622,0.6738685667514801,0.6343873517786562,0.6691262254677547,0.6222222222222222,0.0,0.0,0.0,0.0,0.0,0.0,0.0,0.0,0.0,,,,,18473,global,0.4
1,2,lr5e-05_bs32_modL1_fusion32_fusionL1_fusionBN0_drop0p2__wd1e-04trmiss40_trlocglobal,32,5e-05,0.0001,1,32,1,False,0.2,lr5e-05_bs32_modL1_fusion32_fusionL1_fusionBN0_drop0p2__wd1e-04trmiss40_trlocglobal,18,0.6073546310265859,0.673183262348175,0.6343873517786561,0.6704798305703177,0.6222222222222222,0.0,0.0,0.0,0.0,0.0,0.0,0.0,0.0,0.0,,,,,18473,global,0.4
1,2,lr5e-05_bs32_modL1_fusion32_fusionL1_fusionBN0_drop0p2__wd1e-04trmiss40_trlocglobal,32,5e-05,0.0001,1,32,1,False,0.2,lr5e-05_bs32_modL1_fusion32_fusionL1_fusionBN0_drop0p2__wd1e-04trmiss40_trlocglobal,19,0.5978009502092997,0.6729757189750671,0.6304347826086957,0.6657868493594998,0.6222222222222222,0.0,0.0,0.0,0.0,0.0,0.0,0.0,0.0,0.0,,,,,18473,global,0.4
1,2,lr5e-05_bs32_modL1_fusion32_fusionL1_fusionBN0_drop0p2__wd1e-04trmiss40_trlocglobal,32,5e-05,0.0001,1,32,1,False,0.2,lr5e-05_bs32_modL1_fusion32_fusionL1_fusionBN0_drop0p2__wd1e-04trmiss40_trlocglobal,20,0.5935564835866293,0.6731148660182953,0.6324110671936758,0.6682026869367238,0.6222222222222222,0.0,0.0,0.0,0.0,0.0,0.0,0.0,0.0,0.0,,,,,18473,global,0.4
1,2,lr5e-05_bs32_modL1_fusion32_fusionL1_fusionBN0_drop0p2__wd1e-04trmiss40_trlocglobal,32,5e-05,0.0001,1,32,1,False,0.2,lr5e-05_bs32_modL1_fusion32_fusionL1_fusionBN0_drop0p2__wd1e-04trmiss40_trlocglobal,21,0.5883678495883942,0.672657310962677,0.6324110671936758,0.6676476053242992,0.6222222222222222,0.0,0.0,0.0,0.0,0.0,0.0,0.0,0.0,0.0,,,,,18473,global,0.4
1,2,lr5e-05_bs32_modL1_fusion32_fusionL1_fusionBN0_drop0p2__wd1e-04trmiss40_trlocglobal,32,5e-05,0.0001,1,32,1,False,0.2,lr5e-05_bs32_modL1_fusion32_fusionL1_fusionBN0_drop0p2__wd1e-04trmiss40_trlocglobal,22,0.5876380900541941,0.6732000410556793,0.6304347826086956,0.6601007969158664,0.6222222222222222,0.0,0.0,0.0,0.0,0.0,0.0,0.0,0.0,0.0,,,,,18473,global,0.4
1,2,lr5e-05_bs32_modL1_fusion32_fusionL1_fusionBN0_drop0p2__wd1e-04trmiss40_trlocglobal,32,5e-05,0.0001,1,32,1,False,0.2,lr5e-05_bs32_modL1_fusion32_fusionL1_fusionBN0_drop0p2__wd1e-04trmiss40_trlocglobal,23,0.5880703429381052,0.6727803945541382,0.6284584980237153,0.6609941298568852,0.6222222222222222,0.0,0.0,0.0,0.0,0.0,0.0,0.0,0.0,0.0,,,,,18473,global,0.4
1,2,lr5e-05_bs32_modL1_fusion32_fusionL1_fusionBN0_drop0p2__wd1e-04trmiss40_trlocglobal,32,5e-05,0.0001,1,32,1,False,0.2,lr5e-05_bs32_modL1_fusion32_fusionL1_fusionBN0_drop0p2__wd1e-04trmiss40_trlocglobal,24,0.5912420948346456,0.6713592112064362,0.6284584980237155,0.6519086906419187,0.6444444444444445,0.0,0.0,0.0,0.0,0.0,0.0,0.0,0.0,0.0,,,,,18473,global,0.4
1,2,lr5e-05_bs32_modL1_fusion32_fusionL1_fusionBN0_drop0p2__wd1e-04trmiss40_trlocglobal,32,5e-05,0.0001,1,32,1,False,0.2,lr5e-05_bs32_modL1_fusion32_fusionL1_fusionBN0_drop0p2__wd1e-04trmiss40_trlocglobal,25,0.5934035778045654,0.6710492372512817,0.6245059288537549,0.6511860432383627,0.6222222222222222,0.0,0.0,0.0,0.0,0.0,0.0,0.0,0.0,0.0,,,,,18473,global,0.4
1,2,lr5e-05_bs32_modL1_fusion32_fusionL1_fusionBN0_drop0p2__wd1e-04trmiss40_trlocglobal,32,5e-05,0.0001,1,32,1,False,0.2,lr5e-05_bs32_modL1_fusion32_fusionL1_fusionBN0_drop0p2__wd1e-04trmiss40_trlocglobal,26,0.5800258119901022,0.6703584492206573,0.6304347826086957,0.6572621590331486,0.6222222222222222,0.0,0.0,0.0,0.0,0.0,0.0,0.0,0.0,0.0,,,,,18473,global,0.4
1,2,lr5e-05_bs32_modL1_fusion32_fusionL1_fusionBN0_drop0p2__wd1e-04trmiss40_trlocglobal,32,5e-05,0.0001,1,32,1,False,0.2,lr5e-05_bs32_modL1_fusion32_fusionL1_fusionBN0_drop0p2__wd1e-04trmiss40_trlocglobal,27,0.573458194732666,0.6707979738712311,0.6284584980237153,0.655027470516601,0.6222222222222222,0.0,0.0,0.0,0.0,0.0,0.0,0.0,0.0,0.0,,,,,18473,global,0.4
1,2,lr5e-05_bs32_modL1_fusion32_fusionL1_fusionBN0_drop0p2__wd1e-04trmiss40_trlocglobal,32,5e-05,0.0001,1,32,1,False,0.2,lr5e-05_bs32_modL1_fusion32_fusionL1_fusionBN0_drop0p2__wd1e-04trmiss40_trlocglobal,28,0.5819417238235474,0.6711994409561157,0.6264822134387351,0.6572629463933812,0.6,0.0,0.0,0.0,0.0,0.0,0.0,0.0,0.0,0.0,,,,,18473,global,0.4
1,2,lr5e-05_bs32_modL1_fusion32_fusionL1_fusionBN0_drop0p2__wd1e-04trmiss40_trlocglobal,32,5e-05,0.0001,1,32,1,False,0.2,lr5e-05_bs32_modL1_fusion32_fusionL1_fusionBN0_drop0p2__wd1e-04trmiss40_trlocglobal,29,0.5625288287798563,0.6704376339912415,0.6225296442687747,0.648377576354892,0.6,0.0,0.0,0.0,0.0,0.0,0.0,0.0,0.0,0.0,,,,,18473,global,0.4
1,2,lr5e-05_bs32_modL1_fusion32_fusionL1_fusionBN0_drop0p2__wd1e-04trmiss40_trlocglobal,32,5e-05,0.0001,1,32,1,False,0.2,lr5e-05_bs32_modL1_fusion32_fusionL1_fusionBN0_drop0p2__wd1e-04trmiss40_trlocglobal,30,0.5735201934973398,0.6685808002948761,0.6245059288537549,0.6458072803876647,0.6,0.0,0.0,0.0,0.0,0.0,0.0,0.0,0.0,0.0,,,,,18473,global,0.4
1,2,lr5e-05_bs32_modL1_fusion32_fusionL1_fusionBN0_drop0p2__wd1e-04trmiss40_trlocglobal,32,5e-05,0.0001,1,32,1,False,0.2,lr5e-05_bs32_modL1_fusion32_fusionL1_fusionBN0_drop0p2__wd1e-04trmiss40_trlocglobal,31,0.5743153095245361,0.6672104597091675,0.6284584980237153,0.6461072219919539,0.6,0.0,0.0,0.0,0.0,0.0,0.0,0.0,0.0,0.0,,,,,18473,global,0.4
1,2,lr5e-05_bs32_modL1_fusion32_fusionL1_fusionBN0_drop0p2__wd1e-04trmiss40_trlocglobal,32,5e-05,0.0001,1,32,1,False,0.2,lr5e-05_bs32_modL1_fusion32_fusionL1_fusionBN0_drop0p2__wd1e-04trmiss40_trlocglobal,32,0.5589434007803599,0.6673452258110046,0.6324110671936759,0.6558734823016926,0.6,0.0,0.0,0.0,0.0,0.0,0.0,0.0,0.0,0.0,,,,,18473,global,0.4
1,2,lr5e-05_bs32_modL1_fusion32_fusionL1_fusionBN0_drop0p2__wd1e-04trmiss40_trlocglobal,32,5e-05,0.0001,1,32,1,False,0.2,lr5e-05_bs32_modL1_fusion32_fusionL1_fusionBN0_drop0p2__wd1e-04trmiss40_trlocglobal,33,0.5463465750217438,0.667846143245697,0.6304347826086957,0.6551372194170921,0.6444444444444445,0.0,0.0,0.0,0.0,0.0,0.0,0.0,0.0,0.0,,,,,18473,global,0.4
1,2,lr5e-05_bs32_modL1_fusion32_fusionL1_fusionBN0_drop0p2__wd1e-04trmiss40_trlocglobal,32,5e-05,0.0001,1,32,1,False,0.2,lr5e-05_bs32_modL1_fusion32_fusionL1_fusionBN0_drop0p2__wd1e-04trmiss40_trlocglobal,34,0.553178071975708,0.6686294078826904,0.6304347826086957,0.6551372194170921,0.6,0.0,0.0,0.0,0.0,0.0,0.0,0.0,0.0,0.0,,,,,18473,global,0.4
1,2,lr5e-05_bs32_modL1_fusion32_fusionL1_fusionBN0_drop0p2__wd1e-04trmiss40_trlocglobal,32,5e-05,0.0001,1,32,1,False,0.2,lr5e-05_bs32_modL1_fusion32_fusionL1_fusionBN0_drop0p2__wd1e-04trmiss40_trlocglobal,35,0.5521702269713084,0.6677038073539734,0.6324110671936759,0.6554399011828445,0.6222222222222222,0.0,0.0,0.0,0.0,0.0,0.0,0.0,0.0,0.0,,,,,18473,global,0.4
1,2,lr5e-05_bs32_modL1_fusion32_fusionL1_fusionBN0_drop0p2__wd1e-04trmiss40_trlocglobal,32,5e-05,0.0001,1,32,1,False,0.2,lr5e-05_bs32_modL1_fusion32_fusionL1_fusionBN0_drop0p2__wd1e-04trmiss40_trlocglobal,36,0.5629834334055582,0.6675799190998077,0.6363636363636364,0.6599901053088704,0.6222222222222222,0.0,0.0,0.0,0.0,0.0,0.0,0.0,0.0,0.0,,,,,18473,global,0.4
1,2,lr5e-05_bs32_modL1_fusion32_fusionL1_fusionBN0_drop0p2__wd1e-04trmiss40_trlocglobal,32,5e-05,0.0001,1,32,1,False,0.2,lr5e-05_bs32_modL1_fusion32_fusionL1_fusionBN0_drop0p2__wd1e-04trmiss40_trlocglobal,37,0.5388372242450714,0.6670503318309784,0.6422924901185771,0.6733060870477515,0.6666666666666666,0.0,0.0,0.0,0.0,0.0,0.0,0.0,0.0,0.0,,,,,18473,global,0.4
1,2,lr5e-05_bs32_modL1_fusion32_fusionL1_fusionBN0_drop0p2__wd1e-04trmiss40_trlocglobal,32,5e-05,0.0001,1,32,1,False,0.2,lr5e-05_bs32_modL1_fusion32_fusionL1_fusionBN0_drop0p2__wd1e-04trmiss40_trlocglobal,38,0.545674721399943,0.6670887172222137,0.6363636363636364,0.66910178893041,0.6666666666666666,0.0,0.0,0.0,0.0,0.0,0.0,0.0,0.0,0.0,,,,,18473,global,0.4
1,2,lr5e-05_bs32_modL1_fusion32_fusionL1_fusionBN0_drop0p2__wd1e-04trmiss40_trlocglobal,32,5e-05,0.0001,1,32,1,False,0.2,lr5e-05_bs32_modL1_fusion32_fusionL1_fusionBN0_drop0p2__wd1e-04trmiss40_trlocglobal,39,0.5333649615446726,0.6666092276573181,0.6422924901185771,0.6724440200773225,0.6444444444444445,0.0,0.0,0.0,0.0,0.0,0.0,0.0,0.0,0.0,,,,,18473,global,0.4
1,2,lr5e-05_bs32_modL1_fusion32_fusionL1_fusionBN0_drop0p2__wd1e-04trmiss40_trlocglobal,32,5e-05,0.0001,1,32,1,False,0.2,lr5e-05_bs32_modL1_fusion32_fusionL1_fusionBN0_drop0p2__wd1e-04trmiss40_trlocglobal,40,0.5326627095540365,0.6657110750675201,0.6442687747035574,0.6743608840875399,0.6444444444444445,0.0,0.0,0.0,0.0,0.0,0.0,0.0,0.0,0.0,,,,,18473,global,0.4
1,2,lr5e-05_bs32_modL1_fusion32_fusionL1_fusionBN0_drop0p2__wd1e-04trmiss40_trlocglobal,32,5e-05,0.0001,1,32,1,False,0.2,lr5e-05_bs32_modL1_fusion32_fusionL1_fusionBN0_drop0p2__wd1e-04trmiss40_trlocglobal,41,0.540452798207601,0.6661463975906372,0.6482213438735178,0.673344009548239,0.6222222222222222,0.0,0.0,0.0,0.0,0.0,0.0,0.0,0.0,0.0,,,,,18473,global,0.4
1,2,lr5e-05_bs32_modL1_fusion32_fusionL1_fusionBN0_drop0p2__wd1e-04trmiss40_trlocglobal,32,5e-05,0.0001,1,32,1,False,0.2,lr5e-05_bs32_modL1_fusion32_fusionL1_fusionBN0_drop0p2__wd1e-04trmiss40_trlocglobal,42,0.5330664813518524,0.6669652760028839,0.6462450592885376,0.6688792147051519,0.6,0.0,0.0,0.0,0.0,0.0,0.0,0.0,0.0,0.0,,,,,18473,global,0.4
1,2,lr5e-05_bs32_modL1_fusion32_fusionL1_fusionBN0_drop0p2__wd1e-04trmiss40_trlocglobal,32,5e-05,0.0001,1,32,1,False,0.2,lr5e-05_bs32_modL1_fusion32_fusionL1_fusionBN0_drop0p2__wd1e-04trmiss40_trlocglobal,43,0.5217381765445074,0.6692704260349274,0.6343873517786561,0.6511982991468882,0.6,0.0,0.0,0.0,0.0,0.0,0.0,0.0,0.0,0.0,,,,,18473,global,0.4
1,2,lr5e-05_bs32_modL1_fusion32_fusionL1_fusionBN0_drop0p2__wd1e-04trmiss40_trlocglobal,32,5e-05,0.0001,1,32,1,False,0.2,lr5e-05_bs32_modL1_fusion32_fusionL1_fusionBN0_drop0p2__wd1e-04trmiss40_trlocglobal,44,0.533595085144043,0.6694135069847107,0.6363636363636364,0.6504878609392647,0.6222222222222222,0.0,0.0,0.0,0.0,0.0,0.0,0.0,0.0,0.0,,,,,18473,global,0.4
1,2,lr5e-05_bs32_modL1_fusion32_fusionL1_fusionBN0_drop0p2__wd1e-04trmiss40_trlocglobal,32,5e-05,0.0001,1,32,1,False,0.2,lr5e-05_bs32_modL1_fusion32_fusionL1_fusionBN0_drop0p2__wd1e-04trmiss40_trlocglobal,45,0.5251241028308868,0.6689793169498444,0.6363636363636364,0.652293531408774,0.6222222222222222,0.0,0.0,0.0,0.0,0.0,0.0,0.0,0.0,0.0,,,,,18473,global,0.4
1,2,lr5e-05_bs32_modL1_fusion32_fusionL1_fusionBN0_drop0p2__wd1e-04trmiss40_trlocglobal,32,5e-05,0.0001,1,32,1,False,0.2,lr5e-05_bs32_modL1_fusion32_fusionL1_fusionBN0_drop0p2__wd1e-04trmiss40_trlocglobal,46,0.5285036365191141,0.6681447625160217,0.6363636363636364,0.6533965053933902,0.6222222222222222,0.0,0.0,0.0,0.0,0.0,0.0,0.0,0.0,0.0,,,,,18473,global,0.4
1,2,lr5e-05_bs32_modL1_fusion32_fusionL1_fusionBN0_drop0p2__wd1e-04trmiss40_trlocglobal,32,5e-05,0.0001,1,32,1,False,0.2,lr5e-05_bs32_modL1_fusion32_fusionL1_fusionBN0_drop0p2__wd1e-04trmiss40_trlocglobal,47,0.5325039525826772,0.6684881150722504,0.6383399209486166,0.6489858251387202,0.6222222222222222,0.0,0.0,0.0,0.0,0.0,0.0,0.0,0.0,0.0,,,,,18473,global,0.4
1,2,lr5e-05_bs32_modL1_fusion32_fusionL1_fusionBN0_drop0p2__wd1e-04trmiss40_trlocglobal,32,5e-05,0.0001,1,32,1,False,0.2,lr5e-05_bs32_modL1_fusion32_fusionL1_fusionBN0_drop0p2__wd1e-04trmiss40_trlocglobal,48,0.5274935662746429,0.66937255859375,0.6343873517786561,0.6437266646591274,0.6222222222222222,0.0,0.0,0.0,0.0,0.0,0.0,0.0,0.0,0.0,,,,,18473,global,0.4
1,2,lr5e-05_bs32_modL1_fusion32_fusionL1_fusionBN0_drop0p2__wd1e-04trmiss40_trlocglobal,32,5e-05,0.0001,1,32,1,False,0.2,lr5e-05_bs32_modL1_fusion32_fusionL1_fusionBN0_drop0p2__wd1e-04trmiss40_trlocglobal,49,0.5186746666828791,0.6687668263912201,0.6363636363636364,0.644203184158933,0.6222222222222222,0.0,0.0,0.0,0.0,0.0,0.0,0.0,0.0,0.0,,,,,18473,global,0.4
1,2,lr5e-05_bs32_modL1_fusion32_fusionL1_fusionBN0_drop0p2__wd1e-04trmiss40_trlocglobal,32,5e-05,0.0001,1,32,1,False,0.2,lr5e-05_bs32_modL1_fusion32_fusionL1_fusionBN0_drop0p2__wd1e-04trmiss40_trlocglobal,50,0.5226374616225561,0.6681739985942841,0.6343873517786561,0.6430626432014583,0.6222222222222222,0.0,0.0,0.0,0.0,0.0,0.0,0.0,0.0,0.0,,,,,18473,global,0.4
1,2,lr5e-05_bs32_modL1_fusion32_fusionL1_fusionBN0_drop0p2__wd1e-04trmiss40_trlocglobal,32,5e-05,0.0001,1,32,1,False,0.2,lr5e-05_bs32_modL1_fusion32_fusionL1_fusionBN0_drop0p2__wd1e-04trmiss40_trlocglobal,51,0.5203425884246826,0.6675858497619629,0.6324110671936759,0.6377064052365247,0.6222222222222222,0.0,0.0,0.0,0.0,0.0,0.0,0.0,0.0,0.0,,,,,18473,global,0.4
1,2,lr5e-05_bs32_modL1_fusion32_fusionL1_fusionBN0_drop0p2__wd1e-04trmiss40_trlocglobal,32,5e-05,0.0001,1,32,1,False,0.2,lr5e-05_bs32_modL1_fusion32_fusionL1_fusionBN0_drop0p2__wd1e-04trmiss40_trlocglobal,52,0.5204072892665863,0.6654086410999298,0.6363636363636364,0.6481559162279671,0.6222222222222222,0.0,0.0,0.0,0.0,0.0,0.0,0.0,0.0,0.0,,,,,18473,global,0.4
1,2,lr5e-05_bs32_modL1_fusion32_fusionL1_fusionBN0_drop0p2__wd1e-04trmiss40_trlocglobal,32,5e-05,0.0001,1,32,1,False,0.2,lr5e-05_bs32_modL1_fusion32_fusionL1_fusionBN0_drop0p2__wd1e-04trmiss40_trlocglobal,53,0.5239732762177786,0.6652001142501831,0.6383399209486166,0.6499348041961134,0.6222222222222222,0.0,0.0,0.0,0.0,0.0,0.0,0.0,0.0,0.0,,,,,18473,global,0.4
1,2,lr5e-05_bs32_modL1_fusion32_fusionL1_fusionBN0_drop0p2__wd1e-04trmiss40_trlocglobal,32,5e-05,0.0001,1,32,1,False,0.2,lr5e-05_bs32_modL1_fusion32_fusionL1_fusionBN0_drop0p2__wd1e-04trmiss40_trlocglobal,54,0.518138607343038,0.6657854318618774,0.6403162055335968,0.6493713697514488,0.6222222222222222,0.0,0.0,0.0,0.0,0.0,0.0,0.0,0.0,0.0,,,,,18473,global,0.4
1,2,lr5e-05_bs32_modL1_fusion32_fusionL1_fusionBN0_drop0p2__wd1e-04trmiss40_trlocglobal,32,5e-05,0.0001,1,32,1,False,0.2,lr5e-05_bs32_modL1_fusion32_fusionL1_fusionBN0_drop0p2__wd1e-04trmiss40_trlocglobal,55,0.511504645148913,0.6667759716510773,0.6324110671936759,0.6397532200087747,0.6,0.0,0.0,0.0,0.0,0.0,0.0,0.0,0.0,0.0,,,,,18473,global,0.4
1,2,lr5e-05_bs32_modL1_fusion32_fusionL1_fusionBN0_drop0p2__wd1e-04trmiss40_trlocglobal,32,5e-05,0.0001,1,32,1,False,0.2,lr5e-05_bs32_modL1_fusion32_fusionL1_fusionBN0_drop0p2__wd1e-04trmiss40_trlocglobal,56,0.5184940149386724,0.6671829223632812,0.6363636363636365,0.6426674797227506,0.6,0.0,0.0,0.0,0.0,0.0,0.0,0.0,0.0,0.0,,,,,18473,global,0.4
1,2,lr5e-05_bs32_modL1_fusion32_fusionL1_fusionBN0_drop0p2__wd1e-04trmiss40_trlocglobal,32,5e-05,0.0001,1,32,1,False,0.2,lr5e-05_bs32_modL1_fusion32_fusionL1_fusionBN0_drop0p2__wd1e-04trmiss40_trlocglobal,57,0.5193228224913279,0.6669565737247467,0.6383399209486166,0.644040477434421,0.6,0.0,0.0,0.0,0.0,0.0,0.0,0.0,0.0,0.0,,,,,18473,global,0.4
1,2,lr5e-05_bs32_modL1_fusion32_fusionL1_fusionBN0_drop0p2__wd1e-04trmiss40_trlocglobal,32,5e-05,0.0001,1,32,1,False,0.2,lr5e-05_bs32_modL1_fusion32_fusionL1_fusionBN0_drop0p2__wd1e-04trmiss40_trlocglobal,58,0.5188444256782532,0.6674675047397614,0.6324110671936759,0.6406529674107555,0.6,0.0,0.0,0.0,0.0,0.0,0.0,0.0,0.0,0.0,,,,,18473,global,0.4
1,2,lr5e-05_bs32_modL1_fusion32_fusionL1_fusionBN0_drop0p2__wd1e-04trmiss40_trlocglobal,32,5e-05,0.0001,1,32,1,False,0.2,lr5e-05_bs32_modL1_fusion32_fusionL1_fusionBN0_drop0p2__wd1e-04trmiss40_trlocglobal,59,0.513139029343923,0.6672515571117401,0.6363636363636364,0.6420440696902681,0.6,0.0,0.0,0.0,0.0,0.0,0.0,0.0,0.0,0.0,,,,,18473,global,0.4
1,2,lr5e-05_bs32_modL1_fusion32_fusionL1_fusionBN0_drop0p2__wd1e-04trmiss40_trlocglobal,32,5e-05,0.0001,1,32,1,False,0.2,lr5e-05_bs32_modL1_fusion32_fusionL1_fusionBN0_drop0p2__wd1e-04trmiss40_trlocglobal,60,0.5009848922491074,0.666667640209198,0.6343873517786561,0.6401564073907065,0.5777777777777777,0.0,0.0,0.0,0.0,0.0,0.0,0.0,0.0,0.0,,,,,18473,global,0.4
1,2,lr5e-05_bs32_modL1_fusion32_fusionL1_fusionBN0_drop0p2__wd1e-04trmiss40_trlocglobal,32,5e-05,0.0001,1,32,1,False,0.2,lr5e-05_bs32_modL1_fusion32_fusionL1_fusionBN0_drop0p2__wd1e-04trmiss40_trlocglobal,61,0.5095144659280777,0.6674140095710754,0.6324110671936759,0.6349390855969488,0.5777777777777777,0.0,0.0,0.0,0.0,0.0,0.0,0.0,0.0,0.0,,,,,18473,global,0.4
1,2,lr5e-05_bs32_modL1_fusion32_fusionL1_fusionBN0_drop0p1__wd1e-04trmiss40_trlocglobal,32,5e-05,0.0001,1,32,1,False,0.1,lr5e-05_bs32_modL1_fusion32_fusionL1_fusionBN0_drop0p1__wd1e-04trmiss40_trlocglobal,1,0.7002259790897369,0.6889274716377258,0.5909090909090908,0.5823975267015563,0.4666666666666667,0.0,0.0,0.0,0.0,0.0,0.0,0.0,0.0,0.0,,,,,18473,global,0.4
1,2,lr5e-05_bs32_modL1_fusion32_fusionL1_fusionBN0_drop0p1__wd1e-04trmiss40_trlocglobal,32,5e-05,0.0001,1,32,1,False,0.1,lr5e-05_bs32_modL1_fusion32_fusionL1_fusionBN0_drop0p1__wd1e-04trmiss40_trlocglobal,2,0.6839183370272318,0.6886979639530182,0.5731225296442688,0.601095563250501,0.5333333333333333,0.0,0.0,0.0,0.0,0.0,0.0,0.0,0.0,0.0,,,,,18473,global,0.4
1,2,lr5e-05_bs32_modL1_fusion32_fusionL1_fusionBN0_drop0p1__wd1e-04trmiss40_trlocglobal,32,5e-05,0.0001,1,32,1,False,0.1,lr5e-05_bs32_modL1_fusion32_fusionL1_fusionBN0_drop0p1__wd1e-04trmiss40_trlocglobal,3,0.6696863571802775,0.6874604821205139,0.5889328063241106,0.5954670887128164,0.5333333333333333,0.0,0.0,0.0,0.0,0.0,0.0,0.0,0.0,0.0,,,,,18473,global,0.4
1,2,lr5e-05_bs32_modL1_fusion32_fusionL1_fusionBN0_drop0p1__wd1e-04trmiss40_trlocglobal,32,5e-05,0.0001,1,32,1,False,0.1,lr5e-05_bs32_modL1_fusion32_fusionL1_fusionBN0_drop0p1__wd1e-04trmiss40_trlocglobal,4,0.6677224934101105,0.6862761080265045,0.616600790513834,0.61197731398882,0.5555555555555556,0.0,0.0,0.0,0.0,0.0,0.0,0.0,0.0,0.0,,,,,18473,global,0.4
1,2,lr5e-05_bs32_modL1_fusion32_fusionL1_fusionBN0_drop0p1__wd1e-04trmiss40_trlocglobal,32,5e-05,0.0001,1,32,1,False,0.1,lr5e-05_bs32_modL1_fusion32_fusionL1_fusionBN0_drop0p1__wd1e-04trmiss40_trlocglobal,5,0.6639066437880198,0.6860770881175995,0.6284584980237153,0.621492741868856,0.5555555555555556,0.0,0.0,0.0,0.0,0.0,0.0,0.0,0.0,0.0,,,,,18473,global,0.4
1,2,lr5e-05_bs32_modL1_fusion32_fusionL1_fusionBN0_drop0p1__wd1e-04trmiss40_trlocglobal,32,5e-05,0.0001,1,32,1,False,0.1,lr5e-05_bs32_modL1_fusion32_fusionL1_fusionBN0_drop0p1__wd1e-04trmiss40_trlocglobal,6,0.6594714721043905,0.6876398921012878,0.624505928853755,0.6203124646116597,0.5777777777777777,0.0,0.0,0.0,0.0,0.0,0.0,0.0,0.0,0.0,,,,,18473,global,0.4
1,2,lr5e-05_bs32_modL1_fusion32_fusionL1_fusionBN0_drop0p1__wd1e-04trmiss40_trlocglobal,32,5e-05,0.0001,1,32,1,False,0.1,lr5e-05_bs32_modL1_fusion32_fusionL1_fusionBN0_drop0p1__wd1e-04trmiss40_trlocglobal,7,0.6492205262184143,0.6882977783679962,0.616600790513834,0.6180857317652311,0.5777777777777777,0.0,0.0,0.0,0.0,0.0,0.0,0.0,0.0,0.0,,,,,18473,global,0.4
1,2,lr5e-05_bs32_modL1_fusion32_fusionL1_fusionBN0_drop0p1__wd1e-04trmiss40_trlocglobal,32,5e-05,0.0001,1,32,1,False,0.1,lr5e-05_bs32_modL1_fusion32_fusionL1_fusionBN0_drop0p1__wd1e-04trmiss40_trlocglobal,8,0.6444234450658163,0.6888542473316193,0.6067193675889329,0.6043529164206357,0.5777777777777777,0.0,0.0,0.0,0.0,0.0,0.0,0.0,0.0,0.0,,,,,18473,global,0.4
1,2,lr5e-05_bs32_modL1_fusion32_fusionL1_fusionBN0_drop0p1__wd1e-04trmiss40_trlocglobal,32,5e-05,0.0001,1,32,1,False,0.1,lr5e-05_bs32_modL1_fusion32_fusionL1_fusionBN0_drop0p1__wd1e-04trmiss40_trlocglobal,9,0.645219643910726,0.6894867122173309,0.5948616600790513,0.5874656704985443,0.5555555555555556,0.0,0.0,0.0,0.0,0.0,0.0,0.0,0.0,0.0,,,,,18473,global,0.4
1,2,lr5e-05_bs32_modL1_fusion32_fusionL1_fusionBN0_drop0p1__wd1e-04trmiss40_trlocglobal,32,5e-05,0.0001,1,32,1,False,0.1,lr5e-05_bs32_modL1_fusion32_fusionL1_fusionBN0_drop0p1__wd1e-04trmiss40_trlocglobal,10,0.636449376742045,0.6876537203788757,0.598814229249012,0.590480942829805,0.6,0.0,0.0,0.0,0.0,0.0,0.0,0.0,0.0,0.0,,,,,18473,global,0.4
1,2,lr5e-05_bs32_modL1_fusion32_fusionL1_fusionBN0_drop0p1__wd1e-04trmiss40_trlocglobal,32,5e-05,0.0001,1,32,1,False,0.1,lr5e-05_bs32_modL1_fusion32_fusionL1_fusionBN0_drop0p1__wd1e-04trmiss40_trlocglobal,11,0.6437764167785645,0.6873762607574463,0.590909090909091,0.6065314375566195,0.6,0.0,0.0,0.0,0.0,0.0,0.0,0.0,0.0,0.0,,,,,18473,global,0.4
1,2,lr5e-05_bs32_modL1_fusion32_fusionL1_fusionBN0_drop0p1__wd1e-04trmiss40_trlocglobal,32,5e-05,0.0001,1,32,1,False,0.1,lr5e-05_bs32_modL1_fusion32_fusionL1_fusionBN0_drop0p1__wd1e-04trmiss40_trlocglobal,12,0.6259219547112783,0.6873305141925812,0.5830039525691699,0.602642572879519,0.6,0.0,0.0,0.0,0.0,0.0,0.0,0.0,0.0,0.0,,,,,18473,global,0.4
1,2,lr5e-05_bs32_modL1_fusion32_fusionL1_fusionBN0_drop0p1__wd1e-04trmiss40_trlocglobal,32,5e-05,0.0001,1,32,1,False,0.1,lr5e-05_bs32_modL1_fusion32_fusionL1_fusionBN0_drop0p1__wd1e-04trmiss40_trlocglobal,13,0.6149864792823792,0.6887152194976807,0.5691699604743082,0.5995978707214816,0.6,0.0,0.0,0.0,0.0,0.0,0.0,0.0,0.0,0.0,,,,,18473,global,0.4
1,2,lr5e-05_bs32_modL1_fusion32_fusionL1_fusionBN0_drop0p1__wd1e-04trmiss40_trlocglobal,32,5e-05,0.0001,1,32,1,False,0.1,lr5e-05_bs32_modL1_fusion32_fusionL1_fusionBN0_drop0p1__wd1e-04trmiss40_trlocglobal,14,0.6203304628531138,0.6888025403022766,0.5573122529644269,0.58926046343746,0.6222222222222222,0.0,0.0,0.0,0.0,0.0,0.0,0.0,0.0,0.0,,,,,18473,global,0.4
1,2,lr5e-05_bs32_modL1_fusion32_fusionL1_fusionBN0_drop0p1__wd1e-04trmiss40_trlocglobal,32,5e-05,0.0001,1,32,1,False,0.1,lr5e-05_bs32_modL1_fusion32_fusionL1_fusionBN0_drop0p1__wd1e-04trmiss40_trlocglobal,15,0.613013505935669,0.6883367002010345,0.5474308300395256,0.5869084990484904,0.6222222222222222,0.0,0.0,0.0,0.0,0.0,0.0,0.0,0.0,0.0,,,,,18473,global,0.4
1,2,lr5e-05_bs32_modL1_fusion32_fusionL1_fusionBN0_drop0p1__wd1e-04trmiss40_trlocglobal,32,5e-05,0.0001,1,32,1,False,0.1,lr5e-05_bs32_modL1_fusion32_fusionL1_fusionBN0_drop0p1__wd1e-04trmiss40_trlocglobal,16,0.6076686878999075,0.6871372759342194,0.5454545454545454,0.581849911267252,0.6,0.0,0.0,0.0,0.0,0.0,0.0,0.0,0.0,0.0,,,,,18473,global,0.4
1,2,lr5e-05_bs32_modL1_fusion32_fusionL1_fusionBN0_drop0p1__wd1e-04trmiss40_trlocglobal,32,5e-05,0.0001,1,32,1,False,0.1,lr5e-05_bs32_modL1_fusion32_fusionL1_fusionBN0_drop0p1__wd1e-04trmiss40_trlocglobal,17,0.5997641384601593,0.6868257224559784,0.5434782608695652,0.583844474449939,0.6,0.0,0.0,0.0,0.0,0.0,0.0,0.0,0.0,0.0,,,,,18473,global,0.4
1,2,lr5e-05_bs32_modL1_fusion32_fusionL1_fusionBN0_drop0p1__wd1e-04trmiss40_trlocglobal,32,5e-05,0.0001,1,32,1,False,0.1,lr5e-05_bs32_modL1_fusion32_fusionL1_fusionBN0_drop0p1__wd1e-04trmiss40_trlocglobal,18,0.599341462055842,0.6872755289077759,0.5454545454545454,0.5837905538529796,0.6222222222222222,0.0,0.0,0.0,0.0,0.0,0.0,0.0,0.0,0.0,,,,,18473,global,0.4
1,2,lr5e-05_bs32_modL1_fusion32_fusionL1_fusionBN0_drop0p1__wd1e-04trmiss40_trlocglobal,32,5e-05,0.0001,1,32,1,False,0.1,lr5e-05_bs32_modL1_fusion32_fusionL1_fusionBN0_drop0p1__wd1e-04trmiss40_trlocglobal,19,0.5946965316931406,0.6864078044891357,0.5553359683794467,0.5874748362223098,0.6444444444444445,0.0,0.0,0.0,0.0,0.0,0.0,0.0,0.0,0.0,,,,,18473,global,0.4
1,2,lr5e-05_bs32_modL1_fusion32_fusionL1_fusionBN0_drop0p1__wd1e-04trmiss40_trlocglobal,32,5e-05,0.0001,1,32,1,False,0.1,lr5e-05_bs32_modL1_fusion32_fusionL1_fusionBN0_drop0p1__wd1e-04trmiss40_trlocglobal,20,0.5911954343318939,0.6865057051181793,0.5652173913043478,0.5909461277476841,0.6666666666666666,0.0,0.0,0.0,0.0,0.0,0.0,0.0,0.0,0.0,,,,,18473,global,0.4
1,2,lr5e-05_bs32_modL1_fusion32_fusionL1_fusionBN0_drop0p1__wd1e-04trmiss40_trlocglobal,32,5e-05,0.0001,1,32,1,False,0.1,lr5e-05_bs32_modL1_fusion32_fusionL1_fusionBN0_drop0p1__wd1e-04trmiss40_trlocglobal,21,0.5848520795504252,0.6883805394172668,0.5632411067193676,0.5907081688140728,0.6444444444444445,0.0,0.0,0.0,0.0,0.0,0.0,0.0,0.0,0.0,,,,,18473,global,0.4
1,2,lr5e-05_bs32_modL1_fusion32_fusionL1_fusionBN0_drop0p1__wd1e-04trmiss40_trlocglobal,32,5e-05,0.0001,1,32,1,False,0.1,lr5e-05_bs32_modL1_fusion32_fusionL1_fusionBN0_drop0p1__wd1e-04trmiss40_trlocglobal,22,0.5862997074921926,0.687951385974884,0.5632411067193677,0.5931714102798719,0.6444444444444445,0.0,0.0,0.0,0.0,0.0,0.0,0.0,0.0,0.0,,,,,18473,global,0.4
1,2,lr5e-05_bs32_modL1_fusion32_fusionL1_fusionBN0_drop0p1__wd1e-04trmiss40_trlocglobal,32,5e-05,0.0001,1,32,1,False,0.1,lr5e-05_bs32_modL1_fusion32_fusionL1_fusionBN0_drop0p1__wd1e-04trmiss40_trlocglobal,23,0.5778522590796152,0.6868788003921509,0.541501976284585,0.5819962649462144,0.6222222222222222,0.0,0.0,0.0,0.0,0.0,0.0,0.0,0.0,0.0,,,,,18473,global,0.4
1,2,lr5e-05_bs32_modL1_fusion32_fusionL1_fusionBN0_drop0p1__wd1e-04trmiss40_trlocglobal,32,5e-05,0.0001,1,32,1,False,0.1,lr5e-05_bs32_modL1_fusion32_fusionL1_fusionBN0_drop0p1__wd1e-04trmiss40_trlocglobal,24,0.5702153940995535,0.6850368976593018,0.5494071146245059,0.5720630047359556,0.6222222222222222,0.0,0.0,0.0,0.0,0.0,0.0,0.0,0.0,0.0,,,,,18473,global,0.4
1,2,lr5e-05_bs32_modL1_fusion32_fusionL1_fusionBN0_drop0p1__wd1e-04trmiss40_trlocglobal,32,5e-05,0.0001,1,32,1,False,0.1,lr5e-05_bs32_modL1_fusion32_fusionL1_fusionBN0_drop0p1__wd1e-04trmiss40_trlocglobal,25,0.5730632344881693,0.6861649751663208,0.5474308300395258,0.5702615303747884,0.6222222222222222,0.0,0.0,0.0,0.0,0.0,0.0,0.0,0.0,0.0,,,,,18473,global,0.4
1,2,lr1e-05_bs32_modL1_fusion16_fusionL1_fusionBN0_drop0p2__wd1e-04trmiss40_trlocglobal,32,1e-05,0.0001,1,16,1,False,0.2,lr1e-05_bs32_modL1_fusion16_fusionL1_fusionBN0_drop0p2__wd1e-04trmiss40_trlocglobal,1,0.7068951527277628,0.7057923376560211,0.5217391304347826,0.5580626695165878,0.4888888888888889,0.0,0.0,0.0,0.0,0.0,0.0,0.0,0.0,0.0,,,,,18473,global,0.4
1,2,lr1e-05_bs32_modL1_fusion16_fusionL1_fusionBN0_drop0p2__wd1e-04trmiss40_trlocglobal,32,1e-05,0.0001,1,16,1,False,0.2,lr1e-05_bs32_modL1_fusion16_fusionL1_fusionBN0_drop0p2__wd1e-04trmiss40_trlocglobal,2,0.7124415040016174,0.70762699842453,0.5118577075098815,0.5744710882990358,0.5111111111111111,0.0,0.0,0.0,0.0,0.0,0.0,0.0,0.0,0.0,,,,,18473,global,0.4
1,2,lr1e-05_bs32_modL1_fusion16_fusionL1_fusionBN0_drop0p2__wd1e-04trmiss40_trlocglobal,32,1e-05,0.0001,1,16,1,False,0.2,lr1e-05_bs32_modL1_fusion16_fusionL1_fusionBN0_drop0p2__wd1e-04trmiss40_trlocglobal,3,0.7006180385748545,0.709406703710556,0.5177865612648221,0.5721263543701589,0.5111111111111111,0.0,0.0,0.0,0.0,0.0,0.0,0.0,0.0,0.0,,,,,18473,global,0.4
1,2,lr1e-05_bs32_modL1_fusion16_fusionL1_fusionBN0_drop0p2__wd1e-04trmiss40_trlocglobal,32,1e-05,0.0001,1,16,1,False,0.2,lr1e-05_bs32_modL1_fusion16_fusionL1_fusionBN0_drop0p2__wd1e-04trmiss40_trlocglobal,4,0.6962876419226328,0.7112369239330292,0.5039525691699605,0.5679546080142984,0.5111111111111111,0.0,0.0,0.0,0.0,0.0,0.0,0.0,0.0,0.0,,,,,18473,global,0.4
1,2,lr1e-05_bs32_modL1_fusion16_fusionL1_fusionBN0_drop0p2__wd1e-04trmiss40_trlocglobal,32,1e-05,0.0001,1,16,1,False,0.2,lr1e-05_bs32_modL1_fusion16_fusionL1_fusionBN0_drop0p2__wd1e-04trmiss40_trlocglobal,5,0.689721405506134,0.7127943933010101,0.5039525691699605,0.5682626580138215,0.5111111111111111,0.0,0.0,0.0,0.0,0.0,0.0,0.0,0.0,0.0,,,,,18473,global,0.4
1,2,lr1e-05_bs32_modL1_fusion16_fusionL1_fusionBN0_drop0p2__wd1e-04trmiss40_trlocglobal,32,1e-05,0.0001,1,16,1,False,0.2,lr1e-05_bs32_modL1_fusion16_fusionL1_fusionBN0_drop0p2__wd1e-04trmiss40_trlocglobal,6,0.7060487369696299,0.7137259840965271,0.5059288537549407,0.560452328479125,0.5111111111111111,0.0,0.0,0.0,0.0,0.0,0.0,0.0,0.0,0.0,,,,,18473,global,0.4
1,2,lr1e-05_bs32_modL1_fusion16_fusionL1_fusionBN0_drop0p2__wd1e-04trmiss40_trlocglobal,32,1e-05,0.0001,1,16,1,False,0.2,lr1e-05_bs32_modL1_fusion16_fusionL1_fusionBN0_drop0p2__wd1e-04trmiss40_trlocglobal,7,0.6978154281775156,0.7145297229290009,0.5039525691699605,0.5592568619272237,0.4888888888888889,0.0,0.0,0.0,0.0,0.0,0.0,0.0,0.0,0.0,,,,,18473,global,0.4
1,2,lr1e-05_bs32_modL1_fusion16_fusionL1_fusionBN0_drop0p2__wd1e-04trmiss40_trlocglobal,32,1e-05,0.0001,1,16,1,False,0.2,lr1e-05_bs32_modL1_fusion16_fusionL1_fusionBN0_drop0p2__wd1e-04trmiss40_trlocglobal,8,0.6927487353483835,0.7152150571346283,0.492094861660079,0.5572051555533911,0.4888888888888889,0.0,0.0,0.0,0.0,0.0,0.0,0.0,0.0,0.0,,,,,18473,global,0.4
1,2,lr1e-05_bs32_modL1_fusion16_fusionL1_fusionBN0_drop0p2__wd1e-04trmiss40_trlocglobal,32,1e-05,0.0001,1,16,1,False,0.2,lr1e-05_bs32_modL1_fusion16_fusionL1_fusionBN0_drop0p2__wd1e-04trmiss40_trlocglobal,9,0.7001416683197021,0.7155265808105469,0.48814229249011853,0.5523224778446264,0.5111111111111111,0.0,0.0,0.0,0.0,0.0,0.0,0.0,0.0,0.0,,,,,18473,global,0.4
1,2,lr1e-05_bs32_modL1_fusion16_fusionL1_fusionBN0_drop0p2__wd1e-04trmiss40_trlocglobal,32,1e-05,0.0001,1,16,1,False,0.2,lr1e-05_bs32_modL1_fusion16_fusionL1_fusionBN0_drop0p2__wd1e-04trmiss40_trlocglobal,10,0.6930887301762899,0.7153171896934509,0.4881422924901186,0.5527721364651996,0.5111111111111111,0.0,0.0,0.0,0.0,0.0,0.0,0.0,0.0,0.0,,,,,18473,global,0.4
1,2,lr1e-05_bs32_modL1_fusion16_fusionL1_fusionBN0_drop0p2__wd1e-04trmiss40_trlocglobal,32,1e-05,0.0001,1,16,1,False,0.2,lr1e-05_bs32_modL1_fusion16_fusionL1_fusionBN0_drop0p2__wd1e-04trmiss40_trlocglobal,11,0.6878169377644857,0.715381920337677,0.4822134387351778,0.5500984864902003,0.5111111111111111,0.0,0.0,0.0,0.0,0.0,0.0,0.0,0.0,0.0,,,,,18473,global,0.4
1,2,lr1e-05_bs32_modL1_fusion16_fusionL1_fusionBN0_drop0p2__wd1e-04trmiss40_trlocglobal,32,1e-05,0.0001,1,16,1,False,0.2,lr1e-05_bs32_modL1_fusion16_fusionL1_fusionBN0_drop0p2__wd1e-04trmiss40_trlocglobal,12,0.6788410941759745,0.7155164480209351,0.4802371541501976,0.5478337097876425,0.5111111111111111,0.0,0.0,0.0,0.0,0.0,0.0,0.0,0.0,0.0,,,,,18473,global,0.4
1,2,lr1e-05_bs32_modL1_fusion16_fusionL1_fusionBN0_drop0p2__wd1e-04trmiss40_trlocglobal,32,1e-05,0.0001,1,16,1,False,0.2,lr1e-05_bs32_modL1_fusion16_fusionL1_fusionBN0_drop0p2__wd1e-04trmiss40_trlocglobal,13,0.6804259220759074,0.7160305976867676,0.4723320158102767,0.544217018160811,0.5111111111111111,0.0,0.0,0.0,0.0,0.0,0.0,0.0,0.0,0.0,,,,,18473,global,0.4
1,2,lr1e-05_bs32_modL1_fusion16_fusionL1_fusionBN0_drop0p2__wd1e-04trmiss40_trlocglobal,32,1e-05,0.0001,1,16,1,False,0.2,lr1e-05_bs32_modL1_fusion16_fusionL1_fusionBN0_drop0p2__wd1e-04trmiss40_trlocglobal,14,0.7050072948137919,0.7160191833972931,0.47826086956521735,0.5455772149612561,0.5111111111111111,0.0,0.0,0.0,0.0,0.0,0.0,0.0,0.0,0.0,,,,,18473,global,0.4
1,2,lr1e-05_bs32_modL1_fusion16_fusionL1_fusionBN0_drop0p2__wd1e-04trmiss40_trlocglobal,32,1e-05,0.0001,1,16,1,False,0.2,lr1e-05_bs32_modL1_fusion16_fusionL1_fusionBN0_drop0p2__wd1e-04trmiss40_trlocglobal,15,0.6818042496840159,0.7170776724815369,0.47826086956521735,0.5485677027343526,0.5111111111111111,0.0,0.0,0.0,0.0,0.0,0.0,0.0,0.0,0.0,,,,,18473,global,0.4
1,2,lr1e-05_bs32_modL1_fusion16_fusionL1_fusionBN0_drop0p2__wd1e-04trmiss40_trlocglobal,32,1e-05,0.0001,1,16,1,False,0.2,lr1e-05_bs32_modL1_fusion16_fusionL1_fusionBN0_drop0p2__wd1e-04trmiss40_trlocglobal,16,0.676581343015035,0.7173349559307098,0.48221343873517786,0.5510291704132116,0.5111111111111111,0.0,0.0,0.0,0.0,0.0,0.0,0.0,0.0,0.0,,,,,18473,global,0.4
1,2,lr1e-05_bs32_modL1_fusion16_fusionL1_fusionBN0_drop0p2__wd1e-04trmiss40_trlocglobal,32,1e-05,0.0001,1,16,1,False,0.2,lr1e-05_bs32_modL1_fusion16_fusionL1_fusionBN0_drop0p2__wd1e-04trmiss40_trlocglobal,17,0.6859585046768188,0.7176325023174286,0.47826086956521735,0.5464849614252686,0.5111111111111111,0.0,0.0,0.0,0.0,0.0,0.0,0.0,0.0,0.0,,,,,18473,global,0.4
1,2,lr1e-05_bs32_modL1_fusion16_fusionL1_fusionBN0_drop0p2__wd1e-04trmiss40_trlocglobal,32,1e-05,0.0001,1,16,1,False,0.2,lr1e-05_bs32_modL1_fusion16_fusionL1_fusionBN0_drop0p2__wd1e-04trmiss40_trlocglobal,18,0.6714228689670563,0.7170998454093933,0.4822134387351778,0.5271691174227238,0.5111111111111111,0.0,0.0,0.0,0.0,0.0,0.0,0.0,0.0,0.0,,,,,18473,global,0.4
1,2,lr1e-05_bs32_modL1_fusion16_fusionL1_fusionBN0_drop0p2__wd1e-04trmiss40_trlocglobal,32,1e-05,0.0001,1,16,1,False,0.2,lr1e-05_bs32_modL1_fusion16_fusionL1_fusionBN0_drop0p2__wd1e-04trmiss40_trlocglobal,19,0.6824862460295359,0.7167215943336487,0.4841897233201581,0.5472686209279723,0.5111111111111111,0.0,0.0,0.0,0.0,0.0,0.0,0.0,0.0,0.0,,,,,18473,global,0.4
1,2,lr1e-05_bs32_modL1_fusion16_fusionL1_fusionBN0_drop0p2__wd1e-04trmiss40_trlocglobal,32,1e-05,0.0001,1,16,1,False,0.2,lr1e-05_bs32_modL1_fusion16_fusionL1_fusionBN0_drop0p2__wd1e-04trmiss40_trlocglobal,20,0.6940441032250723,0.7171421349048615,0.4861660079051383,0.5282229697937117,0.5111111111111111,0.0,0.0,0.0,0.0,0.0,0.0,0.0,0.0,0.0,,,,,18473,global,0.4
1,2,lr1e-05_bs32_modL1_fusion16_fusionL1_fusionBN0_drop0p2__wd1e-04trmiss40_trlocglobal,32,1e-05,0.0001,1,16,1,False,0.2,lr1e-05_bs32_modL1_fusion16_fusionL1_fusionBN0_drop0p2__wd1e-04trmiss40_trlocglobal,21,0.6699632505575815,0.7171227037906647,0.47826086956521735,0.523432311348793,0.5111111111111111,0.0,0.0,0.0,0.0,0.0,0.0,0.0,0.0,0.0,,,,,18473,global,0.4
1,2,lr1e-05_bs32_modL1_fusion16_fusionL1_fusionBN0_drop0p2__wd1e-04trmiss40_trlocglobal,32,1e-05,0.0001,1,16,1,False,0.2,lr1e-05_bs32_modL1_fusion16_fusionL1_fusionBN0_drop0p2__wd1e-04trmiss40_trlocglobal,22,0.6703433096408844,0.716928631067276,0.484189723320158,0.5282914618601174,0.5111111111111111,0.0,0.0,0.0,0.0,0.0,0.0,0.0,0.0,0.0,,,,,18473,global,0.4
1,2,lr1e-05_bs32_modL1_fusion16_fusionL1_fusionBN0_drop0p2__wd1e-04trmiss40_trlocglobal,32,1e-05,0.0001,1,16,1,False,0.2,lr1e-05_bs32_modL1_fusion16_fusionL1_fusionBN0_drop0p2__wd1e-04trmiss40_trlocglobal,23,0.6769910554091135,0.7172819077968597,0.48814229249011853,0.5316383450474728,0.5111111111111111,0.0,0.0,0.0,0.0,0.0,0.0,0.0,0.0,0.0,,,,,18473,global,0.4
1,2,lr1e-05_bs32_modL1_fusion16_fusionL1_fusionBN0_drop0p2__wd1e-04trmiss40_trlocglobal,32,1e-05,0.0001,1,16,1,False,0.2,lr1e-05_bs32_modL1_fusion16_fusionL1_fusionBN0_drop0p2__wd1e-04trmiss40_trlocglobal,24,0.6748257378737131,0.7169382274150848,0.4802371541501976,0.5230740705557696,0.5111111111111111,0.0,0.0,0.0,0.0,0.0,0.0,0.0,0.0,0.0,,,,,18473,global,0.4
1,2,lr1e-05_bs32_modL1_fusion16_fusionL1_fusionBN0_drop0p2__wd1e-04trmiss40_trlocglobal,32,1e-05,0.0001,1,16,1,False,0.2,lr1e-05_bs32_modL1_fusion16_fusionL1_fusionBN0_drop0p2__wd1e-04trmiss40_trlocglobal,25,0.6751199165980021,0.7176390588283539,0.48616600790513836,0.5318088582142052,0.5111111111111111,0.0,0.0,0.0,0.0,0.0,0.0,0.0,0.0,0.0,,,,,18473,global,0.4
1,2,lr1e-05_bs32_modL1_fusion16_fusionL1_fusionBN0_drop0p2__wd1e-04trmiss40_trlocglobal,32,1e-05,0.0001,1,16,1,False,0.2,lr1e-05_bs32_modL1_fusion16_fusionL1_fusionBN0_drop0p2__wd1e-04trmiss40_trlocglobal,26,0.6698886652787527,0.7171183228492737,0.4802371541501977,0.5313524305838645,0.5111111111111111,0.0,0.0,0.0,0.0,0.0,0.0,0.0,0.0,0.0,,,,,18473,global,0.4
1,2,lr1e-05_bs32_modL1_fusion16_fusionL1_fusionBN0_drop0p1__wd1e-04trmiss40_trlocglobal,32,1e-05,0.0001,1,16,1,False,0.1,lr1e-05_bs32_modL1_fusion16_fusionL1_fusionBN0_drop0p1__wd1e-04trmiss40_trlocglobal,1,0.6929689745108286,0.7001765668392181,0.4130434782608696,0.46862567174305625,0.5111111111111111,0.0,0.0,0.0,0.0,0.0,0.0,0.0,0.0,0.0,,,,,18473,global,0.4
1,2,lr1e-05_bs32_modL1_fusion16_fusionL1_fusionBN0_drop0p1__wd1e-04trmiss40_trlocglobal,32,1e-05,0.0001,1,16,1,False,0.1,lr1e-05_bs32_modL1_fusion16_fusionL1_fusionBN0_drop0p1__wd1e-04trmiss40_trlocglobal,2,0.6891536712646484,0.7009664177894592,0.41699604743082996,0.4678464112556826,0.4888888888888889,0.0,0.0,0.0,0.0,0.0,0.0,0.0,0.0,0.0,,,,,18473,global,0.4
1,2,lr1e-05_bs32_modL1_fusion16_fusionL1_fusionBN0_drop0p1__wd1e-04trmiss40_trlocglobal,32,1e-05,0.0001,1,16,1,False,0.1,lr1e-05_bs32_modL1_fusion16_fusionL1_fusionBN0_drop0p1__wd1e-04trmiss40_trlocglobal,3,0.6933764517307281,0.7020158171653748,0.42292490118577075,0.46570839157284943,0.4888888888888889,0.0,0.0,0.0,0.0,0.0,0.0,0.0,0.0,0.0,,,,,18473,global,0.4
1,2,lr1e-05_bs32_modL1_fusion16_fusionL1_fusionBN0_drop0p1__wd1e-04trmiss40_trlocglobal,32,1e-05,0.0001,1,16,1,False,0.1,lr1e-05_bs32_modL1_fusion16_fusionL1_fusionBN0_drop0p1__wd1e-04trmiss40_trlocglobal,4,0.6939387818177541,0.70331010222435,0.4347826086956521,0.4690171955073901,0.4888888888888889,0.0,0.0,0.0,0.0,0.0,0.0,0.0,0.0,0.0,,,,,18473,global,0.4
1,2,lr1e-05_bs32_modL1_fusion16_fusionL1_fusionBN0_drop0p1__wd1e-04trmiss40_trlocglobal,32,1e-05,0.0001,1,16,1,False,0.1,lr1e-05_bs32_modL1_fusion16_fusionL1_fusionBN0_drop0p1__wd1e-04trmiss40_trlocglobal,5,0.6804913977781931,0.7046387493610382,0.42885375494071143,0.46790382739084896,0.4888888888888889,0.0,0.0,0.0,0.0,0.0,0.0,0.0,0.0,0.0,,,,,18473,global,0.4
1,2,lr1e-05_bs32_modL1_fusion16_fusionL1_fusionBN0_drop0p1__wd1e-04trmiss40_trlocglobal,32,1e-05,0.0001,1,16,1,False,0.1,lr1e-05_bs32_modL1_fusion16_fusionL1_fusionBN0_drop0p1__wd1e-04trmiss40_trlocglobal,6,0.6856235067049662,0.7053870260715485,0.424901185770751,0.4594318400040745,0.4888888888888889,0.0,0.0,0.0,0.0,0.0,0.0,0.0,0.0,0.0,,,,,18473,global,0.4
1,2,lr1e-05_bs32_modL1_fusion16_fusionL1_fusionBN0_drop0p1__wd1e-04trmiss40_trlocglobal,32,1e-05,0.0001,1,16,1,False,0.1,lr1e-05_bs32_modL1_fusion16_fusionL1_fusionBN0_drop0p1__wd1e-04trmiss40_trlocglobal,7,0.6825366417566935,0.7058263421058655,0.43083003952569177,0.46507398483973234,0.4888888888888889,0.0,0.0,0.0,0.0,0.0,0.0,0.0,0.0,0.0,,,,,18473,global,0.4
1,2,lr1e-05_bs32_modL1_fusion16_fusionL1_fusionBN0_drop0p1__wd1e-04trmiss40_trlocglobal,32,1e-05,0.0001,1,16,1,False,0.1,lr1e-05_bs32_modL1_fusion16_fusionL1_fusionBN0_drop0p1__wd1e-04trmiss40_trlocglobal,8,0.6783159275849661,0.7067761123180389,0.4169960474308301,0.4614081318657178,0.4888888888888889,0.0,0.0,0.0,0.0,0.0,0.0,0.0,0.0,0.0,,,,,18473,global,0.4
1,2,lr1e-05_bs32_modL1_fusion16_fusionL1_fusionBN0_drop0p1__wd1e-04trmiss40_trlocglobal,32,1e-05,0.0001,1,16,1,False,0.1,lr1e-05_bs32_modL1_fusion16_fusionL1_fusionBN0_drop0p1__wd1e-04trmiss40_trlocglobal,9,0.6782624125480652,0.7074548900127411,0.4169960474308301,0.4629965829657319,0.4888888888888889,0.0,0.0,0.0,0.0,0.0,0.0,0.0,0.0,0.0,,,,,18473,global,0.4
1,2,lr1e-05_bs32_modL1_fusion16_fusionL1_fusionBN0_drop0p1__wd1e-04trmiss40_trlocglobal,32,1e-05,0.0001,1,16,1,False,0.1,lr1e-05_bs32_modL1_fusion16_fusionL1_fusionBN0_drop0p1__wd1e-04trmiss40_trlocglobal,10,0.6739821831385294,0.7070775926113129,0.4268774703557312,0.46612684046939096,0.4666666666666667,0.0,0.0,0.0,0.0,0.0,0.0,0.0,0.0,0.0,,,,,18473,global,0.4
1,2,lr1e-05_bs32_modL1_fusion16_fusionL1_fusionBN0_drop0p1__wd1e-04trmiss40_trlocglobal,32,1e-05,0.0001,1,16,1,False,0.1,lr1e-05_bs32_modL1_fusion16_fusionL1_fusionBN0_drop0p1__wd1e-04trmiss40_trlocglobal,11,0.6731451153755188,0.7070715427398682,0.42490118577075103,0.46496591352605143,0.4666666666666667,0.0,0.0,0.0,0.0,0.0,0.0,0.0,0.0,0.0,,,,,18473,global,0.4
1,2,lr1e-05_bs32_modL1_fusion16_fusionL1_fusionBN0_drop0p1__wd1e-04trmiss40_trlocglobal,32,1e-05,0.0001,1,16,1,False,0.1,lr1e-05_bs32_modL1_fusion16_fusionL1_fusionBN0_drop0p1__wd1e-04trmiss40_trlocglobal,12,0.6707043647766113,0.70689857006073,0.4209486166007905,0.4660257853100688,0.4444444444444444,0.0,0.0,0.0,0.0,0.0,0.0,0.0,0.0,0.0,,,,,18473,global,0.4
1,2,lr1e-05_bs32_modL1_fusion16_fusionL1_fusionBN0_drop0p1__wd1e-04trmiss40_trlocglobal,32,1e-05,0.0001,1,16,1,False,0.1,lr1e-05_bs32_modL1_fusion16_fusionL1_fusionBN0_drop0p1__wd1e-04trmiss40_trlocglobal,13,0.6696843802928925,0.7065325081348419,0.42292490118577075,0.4678881121004239,0.4444444444444444,0.0,0.0,0.0,0.0,0.0,0.0,0.0,0.0,0.0,,,,,18473,global,0.4
1,2,lr1e-05_bs32_modL1_fusion16_fusionL1_fusionBN0_drop0p1__wd1e-04trmiss40_trlocglobal,32,1e-05,0.0001,1,16,1,False,0.1,lr1e-05_bs32_modL1_fusion16_fusionL1_fusionBN0_drop0p1__wd1e-04trmiss40_trlocglobal,14,0.6673422058423361,0.7066192924976349,0.4189723320158103,0.46707310585063505,0.4444444444444444,0.0,0.0,0.0,0.0,0.0,0.0,0.0,0.0,0.0,,,,,18473,global,0.4
1,2,lr1e-05_bs32_modL1_fusion16_fusionL1_fusionBN0_drop0p1__wd1e-04trmiss40_trlocglobal,32,1e-05,0.0001,1,16,1,False,0.1,lr1e-05_bs32_modL1_fusion16_fusionL1_fusionBN0_drop0p1__wd1e-04trmiss40_trlocglobal,15,0.6635207533836365,0.7062599360942841,0.42292490118577075,0.46996472224339564,0.4444444444444444,0.0,0.0,0.0,0.0,0.0,0.0,0.0,0.0,0.0,,,,,18473,global,0.4
1,2,lr1e-05_bs32_modL1_fusion16_fusionL1_fusionBN0_drop0p1__wd1e-04trmiss40_trlocglobal,32,1e-05,0.0001,1,16,1,False,0.1,lr1e-05_bs32_modL1_fusion16_fusionL1_fusionBN0_drop0p1__wd1e-04trmiss40_trlocglobal,16,0.6714153190453848,0.7059613168239594,0.424901185770751,0.47365601569441446,0.4444444444444444,0.0,0.0,0.0,0.0,0.0,0.0,0.0,0.0,0.0,,,,,18473,global,0.4
1,2,lr1e-05_bs32_modL1_fusion16_fusionL1_fusionBN0_drop0p1__wd1e-04trmiss40_trlocglobal,32,1e-05,0.0001,1,16,1,False,0.1,lr1e-05_bs32_modL1_fusion16_fusionL1_fusionBN0_drop0p1__wd1e-04trmiss40_trlocglobal,17,0.6613859534263611,0.7057693302631378,0.42885375494071143,0.4731523355010428,0.4444444444444444,0.0,0.0,0.0,0.0,0.0,0.0,0.0,0.0,0.0,,,,,18473,global,0.4
1,2,lr1e-05_bs32_modL1_fusion16_fusionL1_fusionBN0_drop0p1__wd1e-04trmiss40_trlocglobal,32,1e-05,0.0001,1,16,1,False,0.1,lr1e-05_bs32_modL1_fusion16_fusionL1_fusionBN0_drop0p1__wd1e-04trmiss40_trlocglobal,18,0.6631106734275818,0.7059997022151947,0.432806324110672,0.4752674305509205,0.4444444444444444,0.0,0.0,0.0,0.0,0.0,0.0,0.0,0.0,0.0,,,,,18473,global,0.4
1,2,lr1e-05_bs32_modL1_fusion16_fusionL1_fusionBN0_drop0p1__wd1e-04trmiss40_trlocglobal,32,1e-05,0.0001,1,16,1,False,0.1,lr1e-05_bs32_modL1_fusion16_fusionL1_fusionBN0_drop0p1__wd1e-04trmiss40_trlocglobal,19,0.6600516637166342,0.7059663236141205,0.4347826086956522,0.47692458489555783,0.4444444444444444,0.0,0.0,0.0,0.0,0.0,0.0,0.0,0.0,0.0,,,,,18473,global,0.4
1,2,lr1e-05_bs32_modL1_fusion16_fusionL1_fusionBN0_drop0p1__wd1e-04trmiss40_trlocglobal,32,1e-05,0.0001,1,16,1,False,0.1,lr1e-05_bs32_modL1_fusion16_fusionL1_fusionBN0_drop0p1__wd1e-04trmiss40_trlocglobal,20,0.6639881034692129,0.7057809233665466,0.43675889328063244,0.47344844309377393,0.4444444444444444,0.0,0.0,0.0,0.0,0.0,0.0,0.0,0.0,0.0,,,,,18473,global,0.4
1,2,lr1e-05_bs32_modL1_fusion16_fusionL1_fusionBN0_drop0p1__wd1e-04trmiss40_trlocglobal,32,1e-05,0.0001,1,16,1,False,0.1,lr1e-05_bs32_modL1_fusion16_fusionL1_fusionBN0_drop0p1__wd1e-04trmiss40_trlocglobal,21,0.6578824917475382,0.7061080932617188,0.4347826086956522,0.47681681584321695,0.4444444444444444,0.0,0.0,0.0,0.0,0.0,0.0,0.0,0.0,0.0,,,,,18473,global,0.4
1,2,lr1e-05_bs32_modL1_fusion16_fusionL1_fusionBN0_drop0p1__wd1e-04trmiss40_trlocglobal,32,1e-05,0.0001,1,16,1,False,0.1,lr1e-05_bs32_modL1_fusion16_fusionL1_fusionBN0_drop0p1__wd1e-04trmiss40_trlocglobal,22,0.657581627368927,0.7059573829174042,0.4407114624505929,0.48204785218043933,0.4444444444444444,0.0,0.0,0.0,0.0,0.0,0.0,0.0,0.0,0.0,,,,,18473,global,0.4
1,2,lr1e-05_bs32_modL1_fusion16_fusionL1_fusionBN0_drop0p1__wd1e-04trmiss40_trlocglobal,32,1e-05,0.0001,1,16,1,False,0.1,lr1e-05_bs32_modL1_fusion16_fusionL1_fusionBN0_drop0p1__wd1e-04trmiss40_trlocglobal,23,0.6540201803048452,0.705310195684433,0.45454545454545453,0.4867957873526382,0.4444444444444444,0.0,0.0,0.0,0.0,0.0,0.0,0.0,0.0,0.0,,,,,18473,global,0.4
1,2,lr1e-05_bs32_modL1_fusion16_fusionL1_fusionBN0_drop0p1__wd1e-04trmiss40_trlocglobal,32,1e-05,0.0001,1,16,1,False,0.1,lr1e-05_bs32_modL1_fusion16_fusionL1_fusionBN0_drop0p1__wd1e-04trmiss40_trlocglobal,24,0.6597706377506256,0.70577073097229,0.43675889328063244,0.4765540331558857,0.4444444444444444,0.0,0.0,0.0,0.0,0.0,0.0,0.0,0.0,0.0,,,,,18473,global,0.4
1,2,lr1e-05_bs32_modL1_fusion16_fusionL1_fusionBN0_drop0p1__wd1e-04trmiss40_trlocglobal,32,1e-05,0.0001,1,16,1,False,0.1,lr1e-05_bs32_modL1_fusion16_fusionL1_fusionBN0_drop0p1__wd1e-04trmiss40_trlocglobal,25,0.6550697286923727,0.7054261863231659,0.4407114624505929,0.47942236089677714,0.4444444444444444,0.0,0.0,0.0,0.0,0.0,0.0,0.0,0.0,0.0,,,,,18473,global,0.4
1,2,lr1e-05_bs32_modL1_fusion16_fusionL1_fusionBN0_drop0p1__wd1e-04trmiss40_trlocglobal,32,1e-05,0.0001,1,16,1,False,0.1,lr1e-05_bs32_modL1_fusion16_fusionL1_fusionBN0_drop0p1__wd1e-04trmiss40_trlocglobal,26,0.6532373825709025,0.705266147851944,0.4407114624505929,0.47942236089677714,0.4444444444444444,0.0,0.0,0.0,0.0,0.0,0.0,0.0,0.0,0.0,,,,,18473,global,0.4
1,2,lr1e-05_bs32_modL1_fusion16_fusionL1_fusionBN0_drop0p1__wd1e-04trmiss40_trlocglobal,32,1e-05,0.0001,1,16,1,False,0.1,lr1e-05_bs32_modL1_fusion16_fusionL1_fusionBN0_drop0p1__wd1e-04trmiss40_trlocglobal,27,0.6556112368901571,0.7055395841598511,0.4407114624505929,0.47916909924921264,0.4444444444444444,0.0,0.0,0.0,0.0,0.0,0.0,0.0,0.0,0.0,,,,,18473,global,0.4
1,2,lr1e-05_bs32_modL1_fusion16_fusionL1_fusionBN0_drop0p1__wd1e-04trmiss40_trlocglobal,32,1e-05,0.0001,1,16,1,False,0.1,lr1e-05_bs32_modL1_fusion16_fusionL1_fusionBN0_drop0p1__wd1e-04trmiss40_trlocglobal,28,0.6486888925234476,0.7057863771915436,0.4426877470355731,0.4817475719176403,0.4444444444444444,0.0,0.0,0.0,0.0,0.0,0.0,0.0,0.0,0.0,,,,,18473,global,0.4
1,2,lr1e-05_bs32_modL1_fusion16_fusionL1_fusionBN0_drop0p1__wd1e-04trmiss40_trlocglobal,32,1e-05,0.0001,1,16,1,False,0.1,lr1e-05_bs32_modL1_fusion16_fusionL1_fusionBN0_drop0p1__wd1e-04trmiss40_trlocglobal,29,0.6528093417485555,0.7057422399520874,0.4466403162055336,0.4833503419611899,0.4444444444444444,0.0,0.0,0.0,0.0,0.0,0.0,0.0,0.0,0.0,,,,,18473,global,0.4
1,2,lr1e-05_bs32_modL1_fusion16_fusionL1_fusionBN0_drop0p1__wd1e-04trmiss40_trlocglobal,32,1e-05,0.0001,1,16,1,False,0.1,lr1e-05_bs32_modL1_fusion16_fusionL1_fusionBN0_drop0p1__wd1e-04trmiss40_trlocglobal,30,0.643450140953064,0.7057404220104218,0.44861660079051385,0.48440448300481204,0.4444444444444444,0.0,0.0,0.0,0.0,0.0,0.0,0.0,0.0,0.0,,,,,18473,global,0.4
1,2,lr1e-05_bs32_modL1_fusion16_fusionL1_fusionBN0_drop0p1__wd1e-04trmiss40_trlocglobal,32,1e-05,0.0001,1,16,1,False,0.1,lr1e-05_bs32_modL1_fusion16_fusionL1_fusionBN0_drop0p1__wd1e-04trmiss40_trlocglobal,31,0.6453529993693033,0.7059461176395416,0.44466403162055335,0.4828744562293435,0.4444444444444444,0.0,0.0,0.0,0.0,0.0,0.0,0.0,0.0,0.0,,,,,18473,global,0.4
1,2,lr1e-05_bs32_modL1_fusion16_fusionL1_fusionBN0_drop0p1__wd1e-04trmiss40_trlocglobal,32,1e-05,0.0001,1,16,1,False,0.1,lr1e-05_bs32_modL1_fusion16_fusionL1_fusionBN0_drop0p1__wd1e-04trmiss40_trlocglobal,32,0.64577916264534,0.7059858739376068,0.4505928853754941,0.48706068867644553,0.4444444444444444,0.0,0.0,0.0,0.0,0.0,0.0,0.0,0.0,0.0,,,,,18473,global,0.4
1,2,lr1e-05_bs32_modL1_fusion16_fusionL1_fusionBN0_drop0p1__wd1e-04trmiss40_trlocglobal,32,1e-05,0.0001,1,16,1,False,0.1,lr1e-05_bs32_modL1_fusion16_fusionL1_fusionBN0_drop0p1__wd1e-04trmiss40_trlocglobal,33,0.6481893757979075,0.7063641846179962,0.44664031620553357,0.4844638652715096,0.4444444444444444,0.0,0.0,0.0,0.0,0.0,0.0,0.0,0.0,0.0,,,,,18473,global,0.4
1,2,lr1e-05_bs32_modL1_fusion16_fusionL1_fusionBN0_drop0p1__wd1e-04trmiss40_trlocglobal,32,1e-05,0.0001,1,16,1,False,0.1,lr1e-05_bs32_modL1_fusion16_fusionL1_fusionBN0_drop0p1__wd1e-04trmiss40_trlocglobal,34,0.6482245127360026,0.7066171765327454,0.4387351778656126,0.4796728803876075,0.4444444444444444,0.0,0.0,0.0,0.0,0.0,0.0,0.0,0.0,0.0,,,,,18473,global,0.4
1,2,lr1e-05_bs32_modL1_fusion16_fusionL1_fusionBN0_drop0p1__wd1e-04trmiss40_trlocglobal,32,1e-05,0.0001,1,16,1,False,0.1,lr1e-05_bs32_modL1_fusion16_fusionL1_fusionBN0_drop0p1__wd1e-04trmiss40_trlocglobal,35,0.6453696389993032,0.7062113583087921,0.4446640316205534,0.4819631248693252,0.4444444444444444,0.0,0.0,0.0,0.0,0.0,0.0,0.0,0.0,0.0,,,,,18473,global,0.4
1,2,lr1e-05_bs32_modL1_fusion16_fusionL1_fusionBN0_drop0p1__wd1e-04trmiss40_trlocglobal,32,1e-05,0.0001,1,16,1,False,0.1,lr1e-05_bs32_modL1_fusion16_fusionL1_fusionBN0_drop0p1__wd1e-04trmiss40_trlocglobal,36,0.6490418016910553,0.7061291635036469,0.4466403162055336,0.4829577256081715,0.4444444444444444,0.0,0.0,0.0,0.0,0.0,0.0,0.0,0.0,0.0,,,,,18473,global,0.4
1,2,lr1e-05_bs32_modL1_fusion16_fusionL1_fusionBN0_drop0p1__wd1e-04trmiss40_trlocglobal,32,1e-05,0.0001,1,16,1,False,0.1,lr1e-05_bs32_modL1_fusion16_fusionL1_fusionBN0_drop0p1__wd1e-04trmiss40_trlocglobal,37,0.6394415299097697,0.7061903476715088,0.4407114624505929,0.4802974036522909,0.4444444444444444,0.0,0.0,0.0,0.0,0.0,0.0,0.0,0.0,0.0,,,,,18473,global,0.4
1,2,lr1e-05_bs32_modL1_fusion16_fusionL1_fusionBN0_drop0p1__wd1e-04trmiss40_trlocglobal,32,1e-05,0.0001,1,16,1,False,0.1,lr1e-05_bs32_modL1_fusion16_fusionL1_fusionBN0_drop0p1__wd1e-04trmiss40_trlocglobal,38,0.644415924946467,0.7064855396747589,0.4426877470355731,0.4807751356280416,0.4444444444444444,0.0,0.0,0.0,0.0,0.0,0.0,0.0,0.0,0.0,,,,,18473,global,0.4
1,2,lr1e-05_bs32_modL1_fusion16_fusionL1_fusionBN0_drop0p1__wd1e-04trmiss40_trlocglobal,32,1e-05,0.0001,1,16,1,False,0.1,lr1e-05_bs32_modL1_fusion16_fusionL1_fusionBN0_drop0p1__wd1e-04trmiss40_trlocglobal,39,0.6432249844074249,0.7061224579811096,0.4466403162055337,0.4858640684343657,0.4444444444444444,0.0,0.0,0.0,0.0,0.0,0.0,0.0,0.0,0.0,,,,,18473,global,0.4
1,2,lr1e-05_bs32_modL1_fusion16_fusionL1_fusionBN0_drop0p1__wd1e-04trmiss40_trlocglobal,32,1e-05,0.0001,1,16,1,False,0.1,lr1e-05_bs32_modL1_fusion16_fusionL1_fusionBN0_drop0p1__wd1e-04trmiss40_trlocglobal,40,0.6387093861897787,0.7058584988117218,0.4565217391304348,0.48381050561677696,0.4444444444444444,0.0,0.0,0.0,0.0,0.0,0.0,0.0,0.0,0.0,,,,,18473,global,0.4
1,2,lr1e-05_bs32_modL1_fusion16_fusionL1_fusionBN0_drop0p1__wd1e-04trmiss40_trlocglobal,32,1e-05,0.0001,1,16,1,False,0.1,lr1e-05_bs32_modL1_fusion16_fusionL1_fusionBN0_drop0p1__wd1e-04trmiss40_trlocglobal,41,0.6411705811818441,0.7058272659778595,0.4624505928853755,0.4941698535720328,0.4444444444444444,0.0,0.0,0.0,0.0,0.0,0.0,0.0,0.0,0.0,,,,,18473,global,0.4
1,2,lr1e-05_bs32_modL1_fusion16_fusionL1_fusionBN0_drop0p1__wd1e-04trmiss40_trlocglobal,32,1e-05,0.0001,1,16,1,False,0.1,lr1e-05_bs32_modL1_fusion16_fusionL1_fusionBN0_drop0p1__wd1e-04trmiss40_trlocglobal,42,0.6389389336109161,0.7055662870407104,0.45059288537549413,0.4846352826222136,0.4444444444444444,0.0,0.0,0.0,0.0,0.0,0.0,0.0,0.0,0.0,,,,,18473,global,0.4
1,2,lr1e-05_bs32_modL1_fusion16_fusionL1_fusionBN0_drop0p1__wd1e-04trmiss40_trlocglobal,32,1e-05,0.0001,1,16,1,False,0.1,lr1e-05_bs32_modL1_fusion16_fusionL1_fusionBN0_drop0p1__wd1e-04trmiss40_trlocglobal,43,0.6399636467297872,0.7054778635501862,0.45059288537549413,0.48475585052162556,0.4444444444444444,0.0,0.0,0.0,0.0,0.0,0.0,0.0,0.0,0.0,,,,,18473,global,0.4
1,2,lr1e-05_bs32_modL1_fusion16_fusionL1_fusionBN0_drop0p1__wd1e-04trmiss40_trlocglobal,32,1e-05,0.0001,1,16,1,False,0.1,lr1e-05_bs32_modL1_fusion16_fusionL1_fusionBN0_drop0p1__wd1e-04trmiss40_trlocglobal,44,0.6321155230204264,0.7054603099822998,0.4565217391304348,0.4877821085250002,0.4444444444444444,0.0,0.0,0.0,0.0,0.0,0.0,0.0,0.0,0.0,,,,,18473,global,0.4
1,2,lr1e-05_bs32_modL1_fusion16_fusionL1_fusionBN0_drop0p1__wd1e-04trmiss40_trlocglobal,32,1e-05,0.0001,1,16,1,False,0.1,lr1e-05_bs32_modL1_fusion16_fusionL1_fusionBN0_drop0p1__wd1e-04trmiss40_trlocglobal,45,0.6360863645871481,0.7059134840965271,0.45059288537549413,0.480824969231203,0.4444444444444444,0.0,0.0,0.0,0.0,0.0,0.0,0.0,0.0,0.0,,,,,18473,global,0.4
1,2,lr1e-05_bs32_modL1_fusion16_fusionL1_fusionBN0_drop0p1__wd1e-04trmiss40_trlocglobal,32,1e-05,0.0001,1,16,1,False,0.1,lr1e-05_bs32_modL1_fusion16_fusionL1_fusionBN0_drop0p1__wd1e-04trmiss40_trlocglobal,46,0.6359914342562357,0.7059637010097504,0.45849802371541504,0.49252551445127063,0.4444444444444444,0.0,0.0,0.0,0.0,0.0,0.0,0.0,0.0,0.0,,,,,18473,global,0.4
1,2,lr1e-05_bs32_modL1_fusion16_fusionL1_fusionBN0_drop0p1__wd1e-04trmiss40_trlocglobal,32,1e-05,0.0001,1,16,1,False,0.1,lr1e-05_bs32_modL1_fusion16_fusionL1_fusionBN0_drop0p1__wd1e-04trmiss40_trlocglobal,47,0.6325413187344869,0.705642580986023,0.45256916996047436,0.4854969572409931,0.4444444444444444,0.0,0.0,0.0,0.0,0.0,0.0,0.0,0.0,0.0,,,,,18473,global,0.4
1,2,lr1e-05_bs32_modL1_fusion16_fusionL1_fusionBN0_drop0p1__wd1e-04trmiss40_trlocglobal,32,1e-05,0.0001,1,16,1,False,0.1,lr1e-05_bs32_modL1_fusion16_fusionL1_fusionBN0_drop0p1__wd1e-04trmiss40_trlocglobal,48,0.6371425986289978,0.7059886157512665,0.4545454545454546,0.4869095724222851,0.4444444444444444,0.0,0.0,0.0,0.0,0.0,0.0,0.0,0.0,0.0,,,,,18473,global,0.4
1,2,lr1e-05_bs32_modL1_fusion16_fusionL1_fusionBN0_drop0p1__wd1e-04trmiss40_trlocglobal,32,1e-05,0.0001,1,16,1,False,0.1,lr1e-05_bs32_modL1_fusion16_fusionL1_fusionBN0_drop0p1__wd1e-04trmiss40_trlocglobal,49,0.6330577631791433,0.7056550681591034,0.45256916996047436,0.4853950667517692,0.4444444444444444,0.0,0.0,0.0,0.0,0.0,0.0,0.0,0.0,0.0,,,,,18473,global,0.4
1,2,lr1e-05_bs32_modL1_fusion16_fusionL1_fusionBN0_drop0p1__wd1e-04trmiss40_trlocglobal,32,1e-05,0.0001,1,16,1,False,0.1,lr1e-05_bs32_modL1_fusion16_fusionL1_fusionBN0_drop0p1__wd1e-04trmiss40_trlocglobal,50,0.6350646913051605,0.7049858868122101,0.4565217391304348,0.4908618186699278,0.4444444444444444,0.0,0.0,0.0,0.0,0.0,0.0,0.0,0.0,0.0,,,,,18473,global,0.4
1,2,lr1e-05_bs32_modL1_fusion16_fusionL1_fusionBN0_drop0p1__wd1e-04trmiss40_trlocglobal,32,1e-05,0.0001,1,16,1,False,0.1,lr1e-05_bs32_modL1_fusion16_fusionL1_fusionBN0_drop0p1__wd1e-04trmiss40_trlocglobal,51,0.6333555479844412,0.7051609456539154,0.45256916996047436,0.48087092507928997,0.4444444444444444,0.0,0.0,0.0,0.0,0.0,0.0,0.0,0.0,0.0,,,,,18473,global,0.4
1,2,lr1e-05_bs32_modL1_fusion16_fusionL1_fusionBN0_drop0p1__wd1e-04trmiss40_trlocglobal,32,1e-05,0.0001,1,16,1,False,0.1,lr1e-05_bs32_modL1_fusion16_fusionL1_fusionBN0_drop0p1__wd1e-04trmiss40_trlocglobal,52,0.6413077215353647,0.7054561376571655,0.45256916996047436,0.48645830995827904,0.4444444444444444,0.0,0.0,0.0,0.0,0.0,0.0,0.0,0.0,0.0,,,,,18473,global,0.4
1,2,lr1e-05_bs32_modL1_fusion16_fusionL1_fusionBN0_drop0p1__wd1e-04trmiss40_trlocglobal,32,1e-05,0.0001,1,16,1,False,0.1,lr1e-05_bs32_modL1_fusion16_fusionL1_fusionBN0_drop0p1__wd1e-04trmiss40_trlocglobal,53,0.635968804359436,0.7051528096199036,0.45256916996047436,0.4895380201032066,0.4444444444444444,0.0,0.0,0.0,0.0,0.0,0.0,0.0,0.0,0.0,,,,,18473,global,0.4
1,2,lr1e-05_bs32_modL1_fusion16_fusionL1_fusionBN0_drop0p1__wd1e-04trmiss40_trlocglobal,32,1e-05,0.0001,1,16,1,False,0.1,lr1e-05_bs32_modL1_fusion16_fusionL1_fusionBN0_drop0p1__wd1e-04trmiss40_trlocglobal,54,0.6359615921974182,0.7050731778144836,0.4565217391304348,0.4917378130638691,0.4444444444444444,0.0,0.0,0.0,0.0,0.0,0.0,0.0,0.0,0.0,,,,,18473,global,0.4
1,2,lr1e-05_bs32_modL1_fusion16_fusionL1_fusionBN0_drop0p1__wd1e-04trmiss40_trlocglobal,32,1e-05,0.0001,1,16,1,False,0.1,lr1e-05_bs32_modL1_fusion16_fusionL1_fusionBN0_drop0p1__wd1e-04trmiss40_trlocglobal,55,0.6306626001993815,0.7049653232097626,0.4545454545454546,0.48970122349867545,0.4444444444444444,0.0,0.0,0.0,0.0,0.0,0.0,0.0,0.0,0.0,,,,,18473,global,0.4
1,2,lr1e-05_bs32_modL1_fusion16_fusionL1_fusionBN0_drop0p1__wd1e-04trmiss40_trlocglobal,32,1e-05,0.0001,1,16,1,False,0.1,lr1e-05_bs32_modL1_fusion16_fusionL1_fusionBN0_drop0p1__wd1e-04trmiss40_trlocglobal,56,0.6304954290390015,0.7048413455486298,0.45454545454545453,0.490949402927144,0.4444444444444444,0.0,0.0,0.0,0.0,0.0,0.0,0.0,0.0,0.0,,,,,18473,global,0.4
1,2,lr1e-05_bs32_modL1_fusion16_fusionL1_fusionBN0_drop0p1__wd1e-04trmiss40_trlocglobal,32,1e-05,0.0001,1,16,1,False,0.1,lr1e-05_bs32_modL1_fusion16_fusionL1_fusionBN0_drop0p1__wd1e-04trmiss40_trlocglobal,57,0.6363754769166311,0.7051937580108643,0.4545454545454546,0.48713157830501563,0.4666666666666667,0.0,0.0,0.0,0.0,0.0,0.0,0.0,0.0,0.0,,,,,18473,global,0.4
1,2,lr1e-05_bs32_modL1_fusion16_fusionL1_fusionBN0_drop0p1__wd1e-04trmiss40_trlocglobal,32,1e-05,0.0001,1,16,1,False,0.1,lr1e-05_bs32_modL1_fusion16_fusionL1_fusionBN0_drop0p1__wd1e-04trmiss40_trlocglobal,58,0.6371928254763285,0.705348789691925,0.4545454545454546,0.4910215126573504,0.4444444444444444,0.0,0.0,0.0,0.0,0.0,0.0,0.0,0.0,0.0,,,,,18473,global,0.4
1,2,lr1e-05_bs32_modL1_fusion16_fusionL1_fusionBN0_drop0p1__wd1e-04trmiss40_trlocglobal,32,1e-05,0.0001,1,16,1,False,0.1,lr1e-05_bs32_modL1_fusion16_fusionL1_fusionBN0_drop0p1__wd1e-04trmiss40_trlocglobal,59,0.6356978317101797,0.7049882411956787,0.45256916996047436,0.488059424860669,0.4444444444444444,0.0,0.0,0.0,0.0,0.0,0.0,0.0,0.0,0.0,,,,,18473,global,0.4
1,2,lr1e-05_bs32_modL1_fusion16_fusionL1_fusionBN0_drop0p1__wd1e-04trmiss40_trlocglobal,32,1e-05,0.0001,1,16,1,False,0.1,lr1e-05_bs32_modL1_fusion16_fusionL1_fusionBN0_drop0p1__wd1e-04trmiss40_trlocglobal,60,0.6304169495900472,0.7053275108337402,0.44664031620553357,0.4837592284676374,0.4444444444444444,0.0,0.0,0.0,0.0,0.0,0.0,0.0,0.0,0.0,,,,,18473,global,0.4
1,2,lr1e-05_bs32_modL1_fusion16_fusionL1_fusionBN0_drop0p1__wd1e-04trmiss40_trlocglobal,32,1e-05,0.0001,1,16,1,False,0.1,lr1e-05_bs32_modL1_fusion16_fusionL1_fusionBN0_drop0p1__wd1e-04trmiss40_trlocglobal,61,0.6310939689477285,0.7051414251327515,0.4505928853754941,0.48663112585227847,0.4444444444444444,0.0,0.0,0.0,0.0,0.0,0.0,0.0,0.0,0.0,,,,,18473,global,0.4
1,2,lr1e-05_bs32_modL1_fusion32_fusionL1_fusionBN0_drop0p2__wd1e-04trmiss40_trlocglobal,32,1e-05,0.0001,1,32,1,False,0.2,lr1e-05_bs32_modL1_fusion32_fusionL1_fusionBN0_drop0p2__wd1e-04trmiss40_trlocglobal,1,0.707014928261439,0.6806816160678864,0.7154150197628458,0.6783626146583812,0.6,0.0,0.0,0.0,0.0,0.0,0.0,0.0,0.0,0.0,,,,,18473,global,0.4
1,2,lr1e-05_bs32_modL1_fusion32_fusionL1_fusionBN0_drop0p2__wd1e-04trmiss40_trlocglobal,32,1e-05,0.0001,1,32,1,False,0.2,lr1e-05_bs32_modL1_fusion32_fusionL1_fusionBN0_drop0p2__wd1e-04trmiss40_trlocglobal,2,0.704470028479894,0.6782091856002808,0.717391304347826,0.6891367392264138,0.6,0.0,0.0,0.0,0.0,0.0,0.0,0.0,0.0,0.0,,,,,18473,global,0.4
1,2,lr1e-05_bs32_modL1_fusion32_fusionL1_fusionBN0_drop0p2__wd1e-04trmiss40_trlocglobal,32,1e-05,0.0001,1,32,1,False,0.2,lr1e-05_bs32_modL1_fusion32_fusionL1_fusionBN0_drop0p2__wd1e-04trmiss40_trlocglobal,3,0.7004704972108206,0.6758439838886261,0.7114624505928854,0.6857629851333457,0.6222222222222222,0.0,0.0,0.0,0.0,0.0,0.0,0.0,0.0,0.0,,,,,18473,global,0.4
1,2,lr1e-05_bs32_modL1_fusion32_fusionL1_fusionBN0_drop0p2__wd1e-04trmiss40_trlocglobal,32,1e-05,0.0001,1,32,1,False,0.2,lr1e-05_bs32_modL1_fusion32_fusionL1_fusionBN0_drop0p2__wd1e-04trmiss40_trlocglobal,4,0.6968835294246674,0.6741071939468384,0.7075098814229249,0.6813829608027119,0.6444444444444445,0.0,0.0,0.0,0.0,0.0,0.0,0.0,0.0,0.0,,,,,18473,global,0.4
1,2,lr1e-05_bs32_modL1_fusion32_fusionL1_fusionBN0_drop0p2__wd1e-04trmiss40_trlocglobal,32,1e-05,0.0001,1,32,1,False,0.2,lr1e-05_bs32_modL1_fusion32_fusionL1_fusionBN0_drop0p2__wd1e-04trmiss40_trlocglobal,5,0.6998414198557535,0.6732588410377502,0.6956521739130435,0.6704307461980096,0.6666666666666666,0.0,0.0,0.0,0.0,0.0,0.0,0.0,0.0,0.0,,,,,18473,global,0.4
1,2,lr1e-05_bs32_modL1_fusion32_fusionL1_fusionBN0_drop0p2__wd1e-04trmiss40_trlocglobal,32,1e-05,0.0001,1,32,1,False,0.2,lr1e-05_bs32_modL1_fusion32_fusionL1_fusionBN0_drop0p2__wd1e-04trmiss40_trlocglobal,6,0.6891920367876688,0.6729093194007874,0.6837944664031621,0.667170847079683,0.6666666666666666,0.0,0.0,0.0,0.0,0.0,0.0,0.0,0.0,0.0,,,,,18473,global,0.4
1,2,lr1e-05_bs32_modL1_fusion32_fusionL1_fusionBN0_drop0p2__wd1e-04trmiss40_trlocglobal,32,1e-05,0.0001,1,32,1,False,0.2,lr1e-05_bs32_modL1_fusion32_fusionL1_fusionBN0_drop0p2__wd1e-04trmiss40_trlocglobal,7,0.6841755310694376,0.6729272603988647,0.6778656126482213,0.6815920772442512,0.6444444444444445,0.0,0.0,0.0,0.0,0.0,0.0,0.0,0.0,0.0,,,,,18473,global,0.4
1,2,lr1e-05_bs32_modL1_fusion32_fusionL1_fusionBN0_drop0p2__wd1e-04trmiss40_trlocglobal,32,1e-05,0.0001,1,32,1,False,0.2,lr1e-05_bs32_modL1_fusion32_fusionL1_fusionBN0_drop0p2__wd1e-04trmiss40_trlocglobal,8,0.688208152850469,0.6729789674282074,0.6739130434782609,0.6818245007150555,0.6222222222222222,0.0,0.0,0.0,0.0,0.0,0.0,0.0,0.0,0.0,,,,,18473,global,0.4
1,2,lr1e-05_bs32_modL1_fusion32_fusionL1_fusionBN0_drop0p2__wd1e-04trmiss40_trlocglobal,32,1e-05,0.0001,1,32,1,False,0.2,lr1e-05_bs32_modL1_fusion32_fusionL1_fusionBN0_drop0p2__wd1e-04trmiss40_trlocglobal,9,0.6877913773059845,0.6730503737926483,0.6719367588932806,0.6947804424928766,0.6222222222222222,0.0,0.0,0.0,0.0,0.0,0.0,0.0,0.0,0.0,,,,,18473,global,0.4
1,2,lr1e-05_bs32_modL1_fusion32_fusionL1_fusionBN0_drop0p2__wd1e-04trmiss40_trlocglobal,32,1e-05,0.0001,1,32,1,False,0.2,lr1e-05_bs32_modL1_fusion32_fusionL1_fusionBN0_drop0p2__wd1e-04trmiss40_trlocglobal,10,0.6813769042491913,0.6731727123260498,0.6739130434782609,0.7033058552084439,0.6222222222222222,0.0,0.0,0.0,0.0,0.0,0.0,0.0,0.0,0.0,,,,,18473,global,0.4
1,2,lr1e-05_bs32_modL1_fusion32_fusionL1_fusionBN0_drop0p2__wd1e-04trmiss40_trlocglobal,32,1e-05,0.0001,1,32,1,False,0.2,lr1e-05_bs32_modL1_fusion32_fusionL1_fusionBN0_drop0p2__wd1e-04trmiss40_trlocglobal,11,0.6819665133953094,0.6736155152320862,0.6758893280632412,0.7055010471330745,0.6,0.0,0.0,0.0,0.0,0.0,0.0,0.0,0.0,0.0,,,,,18473,global,0.4
1,2,lr1e-05_bs32_modL1_fusion32_fusionL1_fusionBN0_drop0p2__wd1e-04trmiss40_trlocglobal,32,1e-05,0.0001,1,32,1,False,0.2,lr1e-05_bs32_modL1_fusion32_fusionL1_fusionBN0_drop0p2__wd1e-04trmiss40_trlocglobal,12,0.6762119034926096,0.6735270619392395,0.6818181818181818,0.711529689855754,0.6,0.0,0.0,0.0,0.0,0.0,0.0,0.0,0.0,0.0,,,,,18473,global,0.4
1,2,lr1e-05_bs32_modL1_fusion32_fusionL1_fusionBN0_drop0p2__wd1e-04trmiss40_trlocglobal,32,1e-05,0.0001,1,32,1,False,0.2,lr1e-05_bs32_modL1_fusion32_fusionL1_fusionBN0_drop0p2__wd1e-04trmiss40_trlocglobal,13,0.6744812826315562,0.6736937165260315,0.6798418972332017,0.7080336308677042,0.5777777777777777,0.0,0.0,0.0,0.0,0.0,0.0,0.0,0.0,0.0,,,,,18473,global,0.4
1,2,lr1e-05_bs32_modL1_fusion32_fusionL1_fusionBN0_drop0p2__wd1e-04trmiss40_trlocglobal,32,1e-05,0.0001,1,32,1,False,0.2,lr1e-05_bs32_modL1_fusion32_fusionL1_fusionBN0_drop0p2__wd1e-04trmiss40_trlocglobal,14,0.6781582037607828,0.6735933721065521,0.683794466403162,0.7112875343615133,0.6,0.0,0.0,0.0,0.0,0.0,0.0,0.0,0.0,0.0,,,,,18473,global,0.4
1,2,lr1e-05_bs32_modL1_fusion32_fusionL1_fusionBN0_drop0p2__wd1e-04trmiss40_trlocglobal,32,1e-05,0.0001,1,32,1,False,0.2,lr1e-05_bs32_modL1_fusion32_fusionL1_fusionBN0_drop0p2__wd1e-04trmiss40_trlocglobal,15,0.6782242755095164,0.6733308434486389,0.6798418972332017,0.7169376189339404,0.6,0.0,0.0,0.0,0.0,0.0,0.0,0.0,0.0,0.0,,,,,18473,global,0.4
1,2,lr1e-05_bs32_modL1_fusion32_fusionL1_fusionBN0_drop0p2__wd1e-04trmiss40_trlocglobal,32,1e-05,0.0001,1,32,1,False,0.2,lr1e-05_bs32_modL1_fusion32_fusionL1_fusionBN0_drop0p2__wd1e-04trmiss40_trlocglobal,16,0.6716470022996267,0.6736530959606171,0.6719367588932806,0.7036280526831977,0.6,0.0,0.0,0.0,0.0,0.0,0.0,0.0,0.0,0.0,,,,,18473,global,0.4
1,2,lr1e-05_bs32_modL1_fusion32_fusionL1_fusionBN0_drop0p2__wd1e-04trmiss40_trlocglobal,32,1e-05,0.0001,1,32,1,False,0.2,lr1e-05_bs32_modL1_fusion32_fusionL1_fusionBN0_drop0p2__wd1e-04trmiss40_trlocglobal,17,0.6772907376289368,0.6736446619033813,0.6719367588932806,0.7036280526831977,0.6,0.0,0.0,0.0,0.0,0.0,0.0,0.0,0.0,0.0,,,,,18473,global,0.4
1,2,lr1e-05_bs32_modL1_fusion32_fusionL1_fusionBN0_drop0p2__wd1e-04trmiss40_trlocglobal,32,1e-05,0.0001,1,32,1,False,0.2,lr1e-05_bs32_modL1_fusion32_fusionL1_fusionBN0_drop0p2__wd1e-04trmiss40_trlocglobal,18,0.6702340046564738,0.6731647849082947,0.6699604743083004,0.7019707101057673,0.6,0.0,0.0,0.0,0.0,0.0,0.0,0.0,0.0,0.0,,,,,18473,global,0.4
1,2,lr1e-05_bs32_modL1_fusion32_fusionL1_fusionBN0_drop0p2__wd1e-04trmiss40_trlocglobal,32,1e-05,0.0001,1,32,1,False,0.2,lr1e-05_bs32_modL1_fusion32_fusionL1_fusionBN0_drop0p2__wd1e-04trmiss40_trlocglobal,19,0.6731910606225332,0.6732678115367889,0.6719367588932806,0.7032329223077212,0.6,0.0,0.0,0.0,0.0,0.0,0.0,0.0,0.0,0.0,,,,,18473,global,0.4
1,2,lr1e-05_bs32_modL1_fusion32_fusionL1_fusionBN0_drop0p2__wd1e-04trmiss40_trlocglobal,32,1e-05,0.0001,1,32,1,False,0.2,lr1e-05_bs32_modL1_fusion32_fusionL1_fusionBN0_drop0p2__wd1e-04trmiss40_trlocglobal,20,0.6706161101659139,0.673338770866394,0.6679841897233202,0.702301176091448,0.6,0.0,0.0,0.0,0.0,0.0,0.0,0.0,0.0,0.0,,,,,18473,global,0.4
1,2,lr1e-05_bs32_modL1_fusion32_fusionL1_fusionBN0_drop0p2__wd1e-04trmiss40_trlocglobal,32,1e-05,0.0001,1,32,1,False,0.2,lr1e-05_bs32_modL1_fusion32_fusionL1_fusionBN0_drop0p2__wd1e-04trmiss40_trlocglobal,21,0.6687076489130656,0.6728503704071045,0.6778656126482213,0.7065236743272725,0.6,0.0,0.0,0.0,0.0,0.0,0.0,0.0,0.0,0.0,,,,,18473,global,0.4
1,2,lr1e-05_bs32_modL1_fusion32_fusionL1_fusionBN0_drop0p2__wd1e-04trmiss40_trlocglobal,32,1e-05,0.0001,1,32,1,False,0.2,lr1e-05_bs32_modL1_fusion32_fusionL1_fusionBN0_drop0p2__wd1e-04trmiss40_trlocglobal,22,0.663738081852595,0.6733467280864716,0.6758893280632411,0.7086846474121586,0.5777777777777777,0.0,0.0,0.0,0.0,0.0,0.0,0.0,0.0,0.0,,,,,18473,global,0.4
1,2,lr1e-05_bs32_modL1_fusion32_fusionL1_fusionBN0_drop0p2__wd1e-04trmiss40_trlocglobal,32,1e-05,0.0001,1,32,1,False,0.2,lr1e-05_bs32_modL1_fusion32_fusionL1_fusionBN0_drop0p2__wd1e-04trmiss40_trlocglobal,23,0.6636312703291575,0.6734318733215332,0.6739130434782609,0.7048026598345188,0.5777777777777777,0.0,0.0,0.0,0.0,0.0,0.0,0.0,0.0,0.0,,,,,18473,global,0.4
1,2,lr1e-05_bs32_modL1_fusion32_fusionL1_fusionBN0_drop0p2__wd1e-04trmiss40_trlocglobal,32,1e-05,0.0001,1,32,1,False,0.2,lr1e-05_bs32_modL1_fusion32_fusionL1_fusionBN0_drop0p2__wd1e-04trmiss40_trlocglobal,24,0.6518889963626862,0.673613429069519,0.6758893280632411,0.7054881279112912,0.6,0.0,0.0,0.0,0.0,0.0,0.0,0.0,0.0,0.0,,,,,18473,global,0.4
1,2,lr1e-05_bs32_modL1_fusion32_fusionL1_fusionBN0_drop0p2__wd1e-04trmiss40_trlocglobal,32,1e-05,0.0001,1,32,1,False,0.2,lr1e-05_bs32_modL1_fusion32_fusionL1_fusionBN0_drop0p2__wd1e-04trmiss40_trlocglobal,25,0.6480271617571512,0.6735768914222717,0.6739130434782609,0.7064139231305647,0.6,0.0,0.0,0.0,0.0,0.0,0.0,0.0,0.0,0.0,,,,,18473,global,0.4
1,2,lr1e-05_bs32_modL1_fusion32_fusionL1_fusionBN0_drop0p1__wd1e-04trmiss40_trlocglobal,32,1e-05,0.0001,1,32,1,False,0.1,lr1e-05_bs32_modL1_fusion32_fusionL1_fusionBN0_drop0p1__wd1e-04trmiss40_trlocglobal,1,0.6925705075263977,0.6805355250835419,0.6343873517786561,0.6279504216302898,0.6,0.0,0.0,0.0,0.0,0.0,0.0,0.0,0.0,0.0,,,,,18473,global,0.4
1,2,lr1e-05_bs32_modL1_fusion32_fusionL1_fusionBN0_drop0p1__wd1e-04trmiss40_trlocglobal,32,1e-05,0.0001,1,32,1,False,0.1,lr1e-05_bs32_modL1_fusion32_fusionL1_fusionBN0_drop0p1__wd1e-04trmiss40_trlocglobal,2,0.6924768388271332,0.6795109808444977,0.6264822134387351,0.621288716405998,0.5777777777777777,0.0,0.0,0.0,0.0,0.0,0.0,0.0,0.0,0.0,,,,,18473,global,0.4
1,2,lr1e-05_bs32_modL1_fusion32_fusionL1_fusionBN0_drop0p1__wd1e-04trmiss40_trlocglobal,32,1e-05,0.0001,1,32,1,False,0.1,lr1e-05_bs32_modL1_fusion32_fusionL1_fusionBN0_drop0p1__wd1e-04trmiss40_trlocglobal,3,0.6839466492335001,0.6784139275550842,0.6284584980237153,0.6264174958213717,0.5555555555555556,0.0,0.0,0.0,0.0,0.0,0.0,0.0,0.0,0.0,,,,,18473,global,0.4
1,2,lr1e-05_bs32_modL1_fusion32_fusionL1_fusionBN0_drop0p1__wd1e-04trmiss40_trlocglobal,32,1e-05,0.0001,1,32,1,False,0.1,lr1e-05_bs32_modL1_fusion32_fusionL1_fusionBN0_drop0p1__wd1e-04trmiss40_trlocglobal,4,0.6817947427431742,0.6776526868343353,0.6185770750988142,0.6153018533061719,0.5555555555555556,0.0,0.0,0.0,0.0,0.0,0.0,0.0,0.0,0.0,,,,,18473,global,0.4
1,2,lr1e-05_bs32_modL1_fusion32_fusionL1_fusionBN0_drop0p1__wd1e-04trmiss40_trlocglobal,32,1e-05,0.0001,1,32,1,False,0.1,lr1e-05_bs32_modL1_fusion32_fusionL1_fusionBN0_drop0p1__wd1e-04trmiss40_trlocglobal,5,0.681473990281423,0.6769355833530426,0.6245059288537549,0.6183609916123152,0.5777777777777777,0.0,0.0,0.0,0.0,0.0,0.0,0.0,0.0,0.0,,,,,18473,global,0.4
1,2,lr1e-05_bs32_modL1_fusion32_fusionL1_fusionBN0_drop0p1__wd1e-04trmiss40_trlocglobal,32,1e-05,0.0001,1,32,1,False,0.1,lr1e-05_bs32_modL1_fusion32_fusionL1_fusionBN0_drop0p1__wd1e-04trmiss40_trlocglobal,6,0.6743647654851278,0.6767604947090149,0.6146245059288538,0.6106767495777343,0.5777777777777777,0.0,0.0,0.0,0.0,0.0,0.0,0.0,0.0,0.0,,,,,18473,global,0.4
1,2,lr1e-05_bs32_modL1_fusion32_fusionL1_fusionBN0_drop0p1__wd1e-04trmiss40_trlocglobal,32,1e-05,0.0001,1,32,1,False,0.1,lr1e-05_bs32_modL1_fusion32_fusionL1_fusionBN0_drop0p1__wd1e-04trmiss40_trlocglobal,7,0.6810903350512186,0.676436185836792,0.616600790513834,0.6115148499932839,0.5777777777777777,0.0,0.0,0.0,0.0,0.0,0.0,0.0,0.0,0.0,,,,,18473,global,0.4
1,2,lr1e-05_bs32_modL1_fusion32_fusionL1_fusionBN0_drop0p1__wd1e-04trmiss40_trlocglobal,32,1e-05,0.0001,1,32,1,False,0.1,lr1e-05_bs32_modL1_fusion32_fusionL1_fusionBN0_drop0p1__wd1e-04trmiss40_trlocglobal,8,0.673298050959905,0.6764968037605286,0.6146245059288538,0.6087394519780058,0.5777777777777777,0.0,0.0,0.0,0.0,0.0,0.0,0.0,0.0,0.0,,,,,18473,global,0.4
1,2,lr1e-05_bs32_modL1_fusion32_fusionL1_fusionBN0_drop0p1__wd1e-04trmiss40_trlocglobal,32,1e-05,0.0001,1,32,1,False,0.1,lr1e-05_bs32_modL1_fusion32_fusionL1_fusionBN0_drop0p1__wd1e-04trmiss40_trlocglobal,9,0.6753860314687093,0.6765871942043304,0.6146245059288538,0.6135540081312347,0.5777777777777777,0.0,0.0,0.0,0.0,0.0,0.0,0.0,0.0,0.0,,,,,18473,global,0.4
1,2,lr1e-05_bs32_modL1_fusion32_fusionL1_fusionBN0_drop0p1__wd1e-04trmiss40_trlocglobal,32,1e-05,0.0001,1,32,1,False,0.1,lr1e-05_bs32_modL1_fusion32_fusionL1_fusionBN0_drop0p1__wd1e-04trmiss40_trlocglobal,10,0.6647699773311615,0.6768632531166077,0.6086956521739131,0.6049761862582185,0.6,0.0,0.0,0.0,0.0,0.0,0.0,0.0,0.0,0.0,,,,,18473,global,0.4
1,2,lr1e-05_bs32_modL1_fusion32_fusionL1_fusionBN0_drop0p1__wd1e-04trmiss40_trlocglobal,32,1e-05,0.0001,1,32,1,False,0.1,lr1e-05_bs32_modL1_fusion32_fusionL1_fusionBN0_drop0p1__wd1e-04trmiss40_trlocglobal,11,0.6689588924249014,0.677271842956543,0.6086956521739131,0.607400368627062,0.6,0.0,0.0,0.0,0.0,0.0,0.0,0.0,0.0,0.0,,,,,18473,global,0.4
1,2,lr1e-05_bs32_modL1_fusion32_fusionL1_fusionBN0_drop0p1__wd1e-04trmiss40_trlocglobal,32,1e-05,0.0001,1,32,1,False,0.1,lr1e-05_bs32_modL1_fusion32_fusionL1_fusionBN0_drop0p1__wd1e-04trmiss40_trlocglobal,12,0.6705109179019928,0.6772026717662811,0.6106719367588933,0.6051969317646361,0.6,0.0,0.0,0.0,0.0,0.0,0.0,0.0,0.0,0.0,,,,,18473,global,0.4
1,2,lr1e-05_bs32_modL1_fusion32_fusionL1_fusionBN0_drop0p1__wd1e-04trmiss40_trlocglobal,32,1e-05,0.0001,1,32,1,False,0.1,lr1e-05_bs32_modL1_fusion32_fusionL1_fusionBN0_drop0p1__wd1e-04trmiss40_trlocglobal,13,0.6718280017375946,0.6772041320800781,0.6126482213438735,0.6053564657305694,0.6,0.0,0.0,0.0,0.0,0.0,0.0,0.0,0.0,0.0,,,,,18473,global,0.4
1,2,lr1e-05_bs32_modL1_fusion32_fusionL1_fusionBN0_drop0p1__wd1e-04trmiss40_trlocglobal,32,1e-05,0.0001,1,32,1,False,0.1,lr1e-05_bs32_modL1_fusion32_fusionL1_fusionBN0_drop0p1__wd1e-04trmiss40_trlocglobal,14,0.6629382769266764,0.677466869354248,0.6126482213438735,0.6086761594697274,0.6,0.0,0.0,0.0,0.0,0.0,0.0,0.0,0.0,0.0,,,,,18473,global,0.4
1,2,lr1e-05_bs32_modL1_fusion32_fusionL1_fusionBN0_drop0p1__wd1e-04trmiss40_trlocglobal,32,1e-05,0.0001,1,32,1,False,0.1,lr1e-05_bs32_modL1_fusion32_fusionL1_fusionBN0_drop0p1__wd1e-04trmiss40_trlocglobal,15,0.6546048919359843,0.677661120891571,0.6067193675889329,0.6015269120752893,0.6,0.0,0.0,0.0,0.0,0.0,0.0,0.0,0.0,0.0,,,,,18473,global,0.4
1,2,lr1e-05_bs32_modL1_fusion32_fusionL1_fusionBN0_drop0p1__wd1e-04trmiss40_trlocglobal,32,1e-05,0.0001,1,32,1,False,0.1,lr1e-05_bs32_modL1_fusion32_fusionL1_fusionBN0_drop0p1__wd1e-04trmiss40_trlocglobal,16,0.6582212348779043,0.6778777837753296,0.6027667984189723,0.6000858209602851,0.5777777777777777,0.0,0.0,0.0,0.0,0.0,0.0,0.0,0.0,0.0,,,,,18473,global,0.4
1,2,lr1e-05_bs32_modL1_fusion32_fusionL1_fusionBN0_drop0p1__wd1e-04trmiss40_trlocglobal,32,1e-05,0.0001,1,32,1,False,0.1,lr1e-05_bs32_modL1_fusion32_fusionL1_fusionBN0_drop0p1__wd1e-04trmiss40_trlocglobal,17,0.6551966269810995,0.6779569387435913,0.5968379446640316,0.5931039944132412,0.5777777777777777,0.0,0.0,0.0,0.0,0.0,0.0,0.0,0.0,0.0,,,,,18473,global,0.4
1,2,lr1e-05_bs32_modL1_fusion32_fusionL1_fusionBN0_drop0p1__wd1e-04trmiss40_trlocglobal,32,1e-05,0.0001,1,32,1,False,0.1,lr1e-05_bs32_modL1_fusion32_fusionL1_fusionBN0_drop0p1__wd1e-04trmiss40_trlocglobal,18,0.65410116314888,0.6781729161739349,0.6086956521739131,0.6138122949953145,0.5777777777777777,0.0,0.0,0.0,0.0,0.0,0.0,0.0,0.0,0.0,,,,,18473,global,0.4
1,2,lr1e-05_bs32_modL1_fusion32_fusionL1_fusionBN0_drop0p1__wd1e-04trmiss40_trlocglobal,32,1e-05,0.0001,1,32,1,False,0.1,lr1e-05_bs32_modL1_fusion32_fusionL1_fusionBN0_drop0p1__wd1e-04trmiss40_trlocglobal,19,0.6519569257895151,0.6780050098896027,0.6047430830039525,0.6098184393885557,0.5777777777777777,0.0,0.0,0.0,0.0,0.0,0.0,0.0,0.0,0.0,,,,,18473,global,0.4
1,2,lr1e-05_bs32_modL1_fusion32_fusionL1_fusionBN0_drop0p1__wd1e-04trmiss40_trlocglobal,32,1e-05,0.0001,1,32,1,False,0.1,lr1e-05_bs32_modL1_fusion32_fusionL1_fusionBN0_drop0p1__wd1e-04trmiss40_trlocglobal,20,0.6527029176553091,0.6778919100761414,0.6047430830039526,0.6097429011208232,0.6,0.0,0.0,0.0,0.0,0.0,0.0,0.0,0.0,0.0,,,,,18473,global,0.4
1,2,lr1e-05_bs32_modL1_fusion32_fusionL1_fusionBN0_drop0p1__wd1e-04trmiss40_trlocglobal,32,1e-05,0.0001,1,32,1,False,0.1,lr1e-05_bs32_modL1_fusion32_fusionL1_fusionBN0_drop0p1__wd1e-04trmiss40_trlocglobal,21,0.6455820302168528,0.6782394349575043,0.6047430830039526,0.610057591410512,0.5777777777777777,0.0,0.0,0.0,0.0,0.0,0.0,0.0,0.0,0.0,,,,,18473,global,0.4
1,2,lr1e-05_bs32_modL1_fusion32_fusionL1_fusionBN0_drop0p1__wd1e-04trmiss40_trlocglobal,32,1e-05,0.0001,1,32,1,False,0.1,lr1e-05_bs32_modL1_fusion32_fusionL1_fusionBN0_drop0p1__wd1e-04trmiss40_trlocglobal,22,0.6485951940218607,0.678203821182251,0.6067193675889329,0.61107443907807,0.5777777777777777,0.0,0.0,0.0,0.0,0.0,0.0,0.0,0.0,0.0,,,,,18473,global,0.4
1,2,lr1e-05_bs32_modL1_fusion32_fusionL1_fusionBN0_drop0p1__wd1e-04trmiss40_trlocglobal,32,1e-05,0.0001,1,32,1,False,0.1,lr1e-05_bs32_modL1_fusion32_fusionL1_fusionBN0_drop0p1__wd1e-04trmiss40_trlocglobal,23,0.6461795071760813,0.6777471899986267,0.6047430830039525,0.6085525498395391,0.6,0.0,0.0,0.0,0.0,0.0,0.0,0.0,0.0,0.0,,,,,18473,global,0.4
1,2,lr1e-05_bs32_modL1_fusion32_fusionL1_fusionBN0_drop0p1__wd1e-04trmiss40_trlocglobal,32,1e-05,0.0001,1,32,1,False,0.1,lr1e-05_bs32_modL1_fusion32_fusionL1_fusionBN0_drop0p1__wd1e-04trmiss40_trlocglobal,24,0.643686960140864,0.6774310171604156,0.6047430830039526,0.6093473599443682,0.6,0.0,0.0,0.0,0.0,0.0,0.0,0.0,0.0,0.0,,,,,18473,global,0.4
1,2,lr1e-05_bs32_modL1_fusion32_fusionL1_fusionBN0_drop0p1__wd1e-04trmiss40_trlocglobal,32,1e-05,0.0001,1,32,1,False,0.1,lr1e-05_bs32_modL1_fusion32_fusionL1_fusionBN0_drop0p1__wd1e-04trmiss40_trlocglobal,25,0.646117091178894,0.6771586835384369,0.6007905138339921,0.6070776808901865,0.6,0.0,0.0,0.0,0.0,0.0,0.0,0.0,0.0,0.0,,,,,18473,global,0.4
1,3,lr1e-04_bs32_modL1_fusion16_fusionL1_fusionBN0_drop0p2__wd1e-04trmiss40_trlocglobal,32,0.0001,0.0001,1,16,1,False,0.2,lr1e-04_bs32_modL1_fusion16_fusionL1_fusionBN0_drop0p2__wd1e-04trmiss40_trlocglobal,1,0.7076084713141123,0.6936137676239014,0.45634920634920634,0.5689659729744561,0.5111111111111111,0.0,0.0,0.0,0.0,0.0,0.0,0.0,0.0,0.0,,,,,18473,global,0.4
1,3,lr1e-04_bs32_modL1_fusion16_fusionL1_fusionBN0_drop0p2__wd1e-04trmiss40_trlocglobal,32,0.0001,0.0001,1,16,1,False,0.2,lr1e-04_bs32_modL1_fusion16_fusionL1_fusionBN0_drop0p2__wd1e-04trmiss40_trlocglobal,2,0.6833057800928751,0.6926364898681641,0.4821428571428571,0.5846327944200825,0.4888888888888889,0.0,0.0,0.0,0.0,0.0,0.0,0.0,0.0,0.0,,,,,18473,global,0.4
1,3,lr1e-04_bs32_modL1_fusion16_fusionL1_fusionBN0_drop0p2__wd1e-04trmiss40_trlocglobal,32,0.0001,0.0001,1,16,1,False,0.2,lr1e-04_bs32_modL1_fusion16_fusionL1_fusionBN0_drop0p2__wd1e-04trmiss40_trlocglobal,3,0.6741584738095602,0.6902426779270172,0.48809523809523814,0.5932730027353135,0.5333333333333333,0.0,0.0,0.0,0.0,0.0,0.0,0.0,0.0,0.0,,,,,18473,global,0.4
1,3,lr1e-04_bs32_modL1_fusion16_fusionL1_fusionBN0_drop0p2__wd1e-04trmiss40_trlocglobal,32,0.0001,0.0001,1,16,1,False,0.2,lr1e-04_bs32_modL1_fusion16_fusionL1_fusionBN0_drop0p2__wd1e-04trmiss40_trlocglobal,4,0.6522582272688547,0.6884870231151581,0.503968253968254,0.6100366665517601,0.5555555555555556,0.0,0.0,0.0,0.0,0.0,0.0,0.0,0.0,0.0,,,,,18473,global,0.4
1,3,lr1e-04_bs32_modL1_fusion16_fusionL1_fusionBN0_drop0p2__wd1e-04trmiss40_trlocglobal,32,0.0001,0.0001,1,16,1,False,0.2,lr1e-04_bs32_modL1_fusion16_fusionL1_fusionBN0_drop0p2__wd1e-04trmiss40_trlocglobal,5,0.6517739295959473,0.68855220079422,0.5119047619047619,0.6282310631862098,0.5333333333333333,0.0,0.0,0.0,0.0,0.0,0.0,0.0,0.0,0.0,,,,,18473,global,0.4
1,3,lr1e-04_bs32_modL1_fusion16_fusionL1_fusionBN0_drop0p2__wd1e-04trmiss40_trlocglobal,32,0.0001,0.0001,1,16,1,False,0.2,lr1e-04_bs32_modL1_fusion16_fusionL1_fusionBN0_drop0p2__wd1e-04trmiss40_trlocglobal,6,0.6380454401175181,0.6879664063453674,0.5178571428571428,0.6285966677906009,0.5555555555555556,0.0,0.0,0.0,0.0,0.0,0.0,0.0,0.0,0.0,,,,,18473,global,0.4
1,3,lr1e-04_bs32_modL1_fusion16_fusionL1_fusionBN0_drop0p2__wd1e-04trmiss40_trlocglobal,32,0.0001,0.0001,1,16,1,False,0.2,lr1e-04_bs32_modL1_fusion16_fusionL1_fusionBN0_drop0p2__wd1e-04trmiss40_trlocglobal,7,0.6300269265969595,0.6864452958106995,0.5376984126984127,0.6417862765710094,0.5555555555555556,0.0,0.0,0.0,0.0,0.0,0.0,0.0,0.0,0.0,,,,,18473,global,0.4
1,3,lr1e-04_bs32_modL1_fusion16_fusionL1_fusionBN0_drop0p2__wd1e-04trmiss40_trlocglobal,32,0.0001,0.0001,1,16,1,False,0.2,lr1e-04_bs32_modL1_fusion16_fusionL1_fusionBN0_drop0p2__wd1e-04trmiss40_trlocglobal,8,0.6304275095462799,0.6839729845523834,0.5634920634920635,0.6533826845494031,0.5333333333333333,0.0,0.0,0.0,0.0,0.0,0.0,0.0,0.0,0.0,,,,,18473,global,0.4
1,3,lr1e-04_bs32_modL1_fusion16_fusionL1_fusionBN0_drop0p2__wd1e-04trmiss40_trlocglobal,32,0.0001,0.0001,1,16,1,False,0.2,lr1e-04_bs32_modL1_fusion16_fusionL1_fusionBN0_drop0p2__wd1e-04trmiss40_trlocglobal,9,0.6152557134628296,0.682593435049057,0.5654761904761905,0.654919329585145,0.5555555555555556,0.0,0.0,0.0,0.0,0.0,0.0,0.0,0.0,0.0,,,,,18473,global,0.4
1,3,lr1e-04_bs32_modL1_fusion16_fusionL1_fusionBN0_drop0p2__wd1e-04trmiss40_trlocglobal,32,0.0001,0.0001,1,16,1,False,0.2,lr1e-04_bs32_modL1_fusion16_fusionL1_fusionBN0_drop0p2__wd1e-04trmiss40_trlocglobal,10,0.6122882266839346,0.6822296380996704,0.5753968253968254,0.6580907090276832,0.5555555555555556,0.0,0.0,0.0,0.0,0.0,0.0,0.0,0.0,0.0,,,,,18473,global,0.4
1,3,lr1e-04_bs32_modL1_fusion16_fusionL1_fusionBN0_drop0p2__wd1e-04trmiss40_trlocglobal,32,0.0001,0.0001,1,16,1,False,0.2,lr1e-04_bs32_modL1_fusion16_fusionL1_fusionBN0_drop0p2__wd1e-04trmiss40_trlocglobal,11,0.6119251350561777,0.6848371624946594,0.5476190476190477,0.6355992245720646,0.5333333333333333,0.0,0.0,0.0,0.0,0.0,0.0,0.0,0.0,0.0,,,,,18473,global,0.4
1,3,lr1e-04_bs32_modL1_fusion16_fusionL1_fusionBN0_drop0p2__wd1e-04trmiss40_trlocglobal,32,0.0001,0.0001,1,16,1,False,0.2,lr1e-04_bs32_modL1_fusion16_fusionL1_fusionBN0_drop0p2__wd1e-04trmiss40_trlocglobal,12,0.5987509191036224,0.6808894276618958,0.5853174603174603,0.6527766935370536,0.5333333333333333,0.0,0.0,0.0,0.0,0.0,0.0,0.0,0.0,0.0,,,,,18473,global,0.4
1,3,lr1e-04_bs32_modL1_fusion16_fusionL1_fusionBN0_drop0p2__wd1e-04trmiss40_trlocglobal,32,0.0001,0.0001,1,16,1,False,0.2,lr1e-04_bs32_modL1_fusion16_fusionL1_fusionBN0_drop0p2__wd1e-04trmiss40_trlocglobal,13,0.5933886170387268,0.677506148815155,0.6091269841269842,0.6670941555262455,0.5777777777777777,0.0,0.0,0.0,0.0,0.0,0.0,0.0,0.0,0.0,,,,,18473,global,0.4
1,3,lr1e-04_bs32_modL1_fusion16_fusionL1_fusionBN0_drop0p2__wd1e-04trmiss40_trlocglobal,32,0.0001,0.0001,1,16,1,False,0.2,lr1e-04_bs32_modL1_fusion16_fusionL1_fusionBN0_drop0p2__wd1e-04trmiss40_trlocglobal,14,0.5929026106993357,0.6791074573993683,0.6051587301587302,0.6537527910403493,0.5777777777777777,0.0,0.0,0.0,0.0,0.0,0.0,0.0,0.0,0.0,,,,,18473,global,0.4
1,3,lr1e-04_bs32_modL1_fusion16_fusionL1_fusionBN0_drop0p2__wd1e-04trmiss40_trlocglobal,32,0.0001,0.0001,1,16,1,False,0.2,lr1e-04_bs32_modL1_fusion16_fusionL1_fusionBN0_drop0p2__wd1e-04trmiss40_trlocglobal,15,0.5856927335262299,0.6771325469017029,0.613095238095238,0.6609706747122478,0.6,0.0,0.0,0.0,0.0,0.0,0.0,0.0,0.0,0.0,,,,,18473,global,0.4
1,3,lr1e-04_bs32_modL1_fusion16_fusionL1_fusionBN0_drop0p2__wd1e-04trmiss40_trlocglobal,32,0.0001,0.0001,1,16,1,False,0.2,lr1e-04_bs32_modL1_fusion16_fusionL1_fusionBN0_drop0p2__wd1e-04trmiss40_trlocglobal,16,0.5780844390392303,0.6743934154510498,0.6130952380952381,0.6612686161365908,0.5777777777777777,0.0,0.0,0.0,0.0,0.0,0.0,0.0,0.0,0.0,,,,,18473,global,0.4
1,3,lr1e-04_bs32_modL1_fusion16_fusionL1_fusionBN0_drop0p2__wd1e-04trmiss40_trlocglobal,32,0.0001,0.0001,1,16,1,False,0.2,lr1e-04_bs32_modL1_fusion16_fusionL1_fusionBN0_drop0p2__wd1e-04trmiss40_trlocglobal,17,0.5820578336715698,0.6765365600585938,0.6071428571428571,0.6566535797402596,0.5777777777777777,0.0,0.0,0.0,0.0,0.0,0.0,0.0,0.0,0.0,,,,,18473,global,0.4
1,3,lr1e-04_bs32_modL1_fusion16_fusionL1_fusionBN0_drop0p2__wd1e-04trmiss40_trlocglobal,32,0.0001,0.0001,1,16,1,False,0.2,lr1e-04_bs32_modL1_fusion16_fusionL1_fusionBN0_drop0p2__wd1e-04trmiss40_trlocglobal,18,0.5665364762147268,0.6775057315826416,0.6071428571428572,0.6644386734798534,0.5333333333333333,0.0,0.0,0.0,0.0,0.0,0.0,0.0,0.0,0.0,,,,,18473,global,0.4
1,3,lr1e-04_bs32_modL1_fusion16_fusionL1_fusionBN0_drop0p2__wd1e-04trmiss40_trlocglobal,32,0.0001,0.0001,1,16,1,False,0.2,lr1e-04_bs32_modL1_fusion16_fusionL1_fusionBN0_drop0p2__wd1e-04trmiss40_trlocglobal,19,0.5728596945603689,0.6750786900520325,0.6150793650793651,0.6619183250214157,0.5777777777777777,0.0,0.0,0.0,0.0,0.0,0.0,0.0,0.0,0.0,,,,,18473,global,0.4
1,3,lr1e-04_bs32_modL1_fusion16_fusionL1_fusionBN0_drop0p2__wd1e-04trmiss40_trlocglobal,32,0.0001,0.0001,1,16,1,False,0.2,lr1e-04_bs32_modL1_fusion16_fusionL1_fusionBN0_drop0p2__wd1e-04trmiss40_trlocglobal,20,0.5638646185398102,0.6742376387119293,0.6071428571428572,0.6792419861573746,0.5777777777777777,0.0,0.0,0.0,0.0,0.0,0.0,0.0,0.0,0.0,,,,,18473,global,0.4
1,3,lr1e-04_bs32_modL1_fusion16_fusionL1_fusionBN0_drop0p2__wd1e-04trmiss40_trlocglobal,32,0.0001,0.0001,1,16,1,False,0.2,lr1e-04_bs32_modL1_fusion16_fusionL1_fusionBN0_drop0p2__wd1e-04trmiss40_trlocglobal,21,0.5639741818110148,0.6759361028671265,0.5873015873015873,0.6630682689768346,0.5555555555555556,0.0,0.0,0.0,0.0,0.0,0.0,0.0,0.0,0.0,,,,,18473,global,0.4
1,3,lr1e-04_bs32_modL1_fusion16_fusionL1_fusionBN0_drop0p2__wd1e-04trmiss40_trlocglobal,32,0.0001,0.0001,1,16,1,False,0.2,lr1e-04_bs32_modL1_fusion16_fusionL1_fusionBN0_drop0p2__wd1e-04trmiss40_trlocglobal,22,0.5620134572188059,0.6763989627361298,0.5793650793650793,0.6427325179852762,0.5555555555555556,0.0,0.0,0.0,0.0,0.0,0.0,0.0,0.0,0.0,,,,,18473,global,0.4
1,3,lr1e-04_bs32_modL1_fusion16_fusionL1_fusionBN0_drop0p2__wd1e-04trmiss40_trlocglobal,32,0.0001,0.0001,1,16,1,False,0.2,lr1e-04_bs32_modL1_fusion16_fusionL1_fusionBN0_drop0p2__wd1e-04trmiss40_trlocglobal,23,0.5443121691544851,0.6735957860946655,0.6031746031746031,0.6463198485200973,0.5777777777777777,0.0,0.0,0.0,0.0,0.0,0.0,0.0,0.0,0.0,,,,,18473,global,0.4
1,3,lr1e-04_bs32_modL1_fusion16_fusionL1_fusionBN0_drop0p2__wd1e-04trmiss40_trlocglobal,32,0.0001,0.0001,1,16,1,False,0.2,lr1e-04_bs32_modL1_fusion16_fusionL1_fusionBN0_drop0p2__wd1e-04trmiss40_trlocglobal,24,0.5525516072909037,0.6756831109523773,0.6071428571428572,0.6639015840668101,0.5333333333333333,0.0,0.0,0.0,0.0,0.0,0.0,0.0,0.0,0.0,,,,,18473,global,0.4
1,3,lr1e-04_bs32_modL1_fusion16_fusionL1_fusionBN0_drop0p2__wd1e-04trmiss40_trlocglobal,32,0.0001,0.0001,1,16,1,False,0.2,lr1e-04_bs32_modL1_fusion16_fusionL1_fusionBN0_drop0p2__wd1e-04trmiss40_trlocglobal,25,0.5331946313381195,0.67482990026474,0.5873015873015873,0.6530244225042702,0.5555555555555556,0.0,0.0,0.0,0.0,0.0,0.0,0.0,0.0,0.0,,,,,18473,global,0.4
1,3,lr1e-04_bs32_modL1_fusion16_fusionL1_fusionBN0_drop0p2__wd1e-04trmiss40_trlocglobal,32,0.0001,0.0001,1,16,1,False,0.2,lr1e-04_bs32_modL1_fusion16_fusionL1_fusionBN0_drop0p2__wd1e-04trmiss40_trlocglobal,26,0.5368769566218058,0.6737574338912964,0.6011904761904762,0.6602259998059262,0.5333333333333333,0.0,0.0,0.0,0.0,0.0,0.0,0.0,0.0,0.0,,,,,18473,global,0.4
1,3,lr1e-04_bs32_modL1_fusion16_fusionL1_fusionBN0_drop0p2__wd1e-04trmiss40_trlocglobal,32,0.0001,0.0001,1,16,1,False,0.2,lr1e-04_bs32_modL1_fusion16_fusionL1_fusionBN0_drop0p2__wd1e-04trmiss40_trlocglobal,27,0.5286003549893697,0.6732279360294342,0.5972222222222222,0.6435522048111931,0.5555555555555556,0.0,0.0,0.0,0.0,0.0,0.0,0.0,0.0,0.0,,,,,18473,global,0.4
1,3,lr1e-04_bs32_modL1_fusion16_fusionL1_fusionBN0_drop0p2__wd1e-04trmiss40_trlocglobal,32,0.0001,0.0001,1,16,1,False,0.2,lr1e-04_bs32_modL1_fusion16_fusionL1_fusionBN0_drop0p2__wd1e-04trmiss40_trlocglobal,28,0.5243829588095347,0.6764040589332581,0.5892857142857143,0.6376757849752197,0.5111111111111111,0.0,0.0,0.0,0.0,0.0,0.0,0.0,0.0,0.0,,,,,18473,global,0.4
1,3,lr1e-04_bs32_modL1_fusion16_fusionL1_fusionBN0_drop0p2__wd1e-04trmiss40_trlocglobal,32,0.0001,0.0001,1,16,1,False,0.2,lr1e-04_bs32_modL1_fusion16_fusionL1_fusionBN0_drop0p2__wd1e-04trmiss40_trlocglobal,29,0.5188327332337698,0.6731530129909515,0.5813492063492064,0.6115853480378349,0.5555555555555556,0.0,0.0,0.0,0.0,0.0,0.0,0.0,0.0,0.0,,,,,18473,global,0.4
1,3,lr1e-04_bs32_modL1_fusion16_fusionL1_fusionBN0_drop0p2__wd1e-04trmiss40_trlocglobal,32,0.0001,0.0001,1,16,1,False,0.2,lr1e-04_bs32_modL1_fusion16_fusionL1_fusionBN0_drop0p2__wd1e-04trmiss40_trlocglobal,30,0.5148628652095795,0.6715647876262665,0.5833333333333334,0.6280148636120871,0.5333333333333333,0.0,0.0,0.0,0.0,0.0,0.0,0.0,0.0,0.0,,,,,18473,global,0.4
1,3,lr1e-04_bs32_modL1_fusion16_fusionL1_fusionBN0_drop0p2__wd1e-04trmiss40_trlocglobal,32,0.0001,0.0001,1,16,1,False,0.2,lr1e-04_bs32_modL1_fusion16_fusionL1_fusionBN0_drop0p2__wd1e-04trmiss40_trlocglobal,31,0.5095173219839731,0.6754344403743744,0.5833333333333334,0.6473133346414018,0.5111111111111111,0.0,0.0,0.0,0.0,0.0,0.0,0.0,0.0,0.0,,,,,18473,global,0.4
1,3,lr1e-04_bs32_modL1_fusion16_fusionL1_fusionBN0_drop0p2__wd1e-04trmiss40_trlocglobal,32,0.0001,0.0001,1,16,1,False,0.2,lr1e-04_bs32_modL1_fusion16_fusionL1_fusionBN0_drop0p2__wd1e-04trmiss40_trlocglobal,32,0.5154472341140112,0.6742170751094818,0.5873015873015873,0.6171642956930209,0.5111111111111111,0.0,0.0,0.0,0.0,0.0,0.0,0.0,0.0,0.0,,,,,18473,global,0.4
1,3,lr1e-04_bs32_modL1_fusion16_fusionL1_fusionBN0_drop0p2__wd1e-04trmiss40_trlocglobal,32,0.0001,0.0001,1,16,1,False,0.2,lr1e-04_bs32_modL1_fusion16_fusionL1_fusionBN0_drop0p2__wd1e-04trmiss40_trlocglobal,33,0.5074671705563863,0.672799825668335,0.5793650793650794,0.6114091754912115,0.5111111111111111,0.0,0.0,0.0,0.0,0.0,0.0,0.0,0.0,0.0,,,,,18473,global,0.4
1,3,lr1e-04_bs32_modL1_fusion16_fusionL1_fusionBN0_drop0p2__wd1e-04trmiss40_trlocglobal,32,0.0001,0.0001,1,16,1,False,0.2,lr1e-04_bs32_modL1_fusion16_fusionL1_fusionBN0_drop0p2__wd1e-04trmiss40_trlocglobal,34,0.4927473117907842,0.6767129600048065,0.5654761904761905,0.6050509224803402,0.5111111111111111,0.0,0.0,0.0,0.0,0.0,0.0,0.0,0.0,0.0,,,,,18473,global,0.4
1,3,lr1e-04_bs32_modL1_fusion16_fusionL1_fusionBN0_drop0p2__wd1e-04trmiss40_trlocglobal,32,0.0001,0.0001,1,16,1,False,0.2,lr1e-04_bs32_modL1_fusion16_fusionL1_fusionBN0_drop0p2__wd1e-04trmiss40_trlocglobal,35,0.4899363915125529,0.6754448711872101,0.5734126984126984,0.6042042034672241,0.5333333333333333,0.0,0.0,0.0,0.0,0.0,0.0,0.0,0.0,0.0,,,,,18473,global,0.4
1,3,lr1e-04_bs32_modL1_fusion16_fusionL1_fusionBN0_drop0p2__wd1e-04trmiss40_trlocglobal,32,0.0001,0.0001,1,16,1,False,0.2,lr1e-04_bs32_modL1_fusion16_fusionL1_fusionBN0_drop0p2__wd1e-04trmiss40_trlocglobal,36,0.4890921066204707,0.6730654239654541,0.5773809523809523,0.6064013580490586,0.5333333333333333,0.0,0.0,0.0,0.0,0.0,0.0,0.0,0.0,0.0,,,,,18473,global,0.4
1,3,lr1e-04_bs32_modL1_fusion16_fusionL1_fusionBN0_drop0p2__wd1e-04trmiss40_trlocglobal,32,0.0001,0.0001,1,16,1,False,0.2,lr1e-04_bs32_modL1_fusion16_fusionL1_fusionBN0_drop0p2__wd1e-04trmiss40_trlocglobal,37,0.48573579887549084,0.676153689622879,0.5674603174603174,0.5973630360367334,0.5111111111111111,0.0,0.0,0.0,0.0,0.0,0.0,0.0,0.0,0.0,,,,,18473,global,0.4
1,3,lr1e-04_bs32_modL1_fusion16_fusionL1_fusionBN0_drop0p2__wd1e-04trmiss40_trlocglobal,32,0.0001,0.0001,1,16,1,False,0.2,lr1e-04_bs32_modL1_fusion16_fusionL1_fusionBN0_drop0p2__wd1e-04trmiss40_trlocglobal,38,0.4890777915716171,0.6747544407844543,0.5734126984126985,0.6095596257753412,0.5111111111111111,0.0,0.0,0.0,0.0,0.0,0.0,0.0,0.0,0.0,,,,,18473,global,0.4
1,3,lr1e-04_bs32_modL1_fusion16_fusionL1_fusionBN0_drop0p2__wd1e-04trmiss40_trlocglobal,32,0.0001,0.0001,1,16,1,False,0.2,lr1e-04_bs32_modL1_fusion16_fusionL1_fusionBN0_drop0p2__wd1e-04trmiss40_trlocglobal,39,0.4852258116006851,0.6717769801616669,0.5853174603174605,0.6296975586130821,0.5333333333333333,0.0,0.0,0.0,0.0,0.0,0.0,0.0,0.0,0.0,,,,,18473,global,0.4
1,3,lr1e-04_bs32_modL1_fusion16_fusionL1_fusionBN0_drop0p1__wd1e-04trmiss40_trlocglobal,32,0.0001,0.0001,1,16,1,False,0.1,lr1e-04_bs32_modL1_fusion16_fusionL1_fusionBN0_drop0p1__wd1e-04trmiss40_trlocglobal,1,0.6941466530164083,0.6897655725479126,0.623015873015873,0.6840438899542532,0.5111111111111111,0.0,0.0,0.0,0.0,0.0,0.0,0.0,0.0,0.0,,,,,18473,global,0.4
1,3,lr1e-04_bs32_modL1_fusion16_fusionL1_fusionBN0_drop0p1__wd1e-04trmiss40_trlocglobal,32,0.0001,0.0001,1,16,1,False,0.1,lr1e-04_bs32_modL1_fusion16_fusionL1_fusionBN0_drop0p1__wd1e-04trmiss40_trlocglobal,2,0.6794904371102651,0.6857343018054962,0.6309523809523809,0.6824050952176158,0.5333333333333333,0.0,0.0,0.0,0.0,0.0,0.0,0.0,0.0,0.0,,,,,18473,global,0.4
1,3,lr1e-04_bs32_modL1_fusion16_fusionL1_fusionBN0_drop0p1__wd1e-04trmiss40_trlocglobal,32,0.0001,0.0001,1,16,1,False,0.1,lr1e-04_bs32_modL1_fusion16_fusionL1_fusionBN0_drop0p1__wd1e-04trmiss40_trlocglobal,3,0.6697403689225515,0.6806819438934326,0.6686507936507936,0.7177692634024551,0.5333333333333333,0.0,0.0,0.0,0.0,0.0,0.0,0.0,0.0,0.0,,,,,18473,global,0.4
1,3,lr1e-04_bs32_modL1_fusion16_fusionL1_fusionBN0_drop0p1__wd1e-04trmiss40_trlocglobal,32,0.0001,0.0001,1,16,1,False,0.1,lr1e-04_bs32_modL1_fusion16_fusionL1_fusionBN0_drop0p1__wd1e-04trmiss40_trlocglobal,4,0.6656139194965363,0.6776476800441742,0.6706349206349207,0.7161573634871161,0.5333333333333333,0.0,0.0,0.0,0.0,0.0,0.0,0.0,0.0,0.0,,,,,18473,global,0.4
1,3,lr1e-04_bs32_modL1_fusion16_fusionL1_fusionBN0_drop0p1__wd1e-04trmiss40_trlocglobal,32,0.0001,0.0001,1,16,1,False,0.1,lr1e-04_bs32_modL1_fusion16_fusionL1_fusionBN0_drop0p1__wd1e-04trmiss40_trlocglobal,5,0.6537308891614279,0.6728899478912354,0.6805555555555556,0.7283904333145796,0.5333333333333333,0.0,0.0,0.0,0.0,0.0,0.0,0.0,0.0,0.0,,,,,18473,global,0.4
1,3,lr1e-04_bs32_modL1_fusion16_fusionL1_fusionBN0_drop0p1__wd1e-04trmiss40_trlocglobal,32,0.0001,0.0001,1,16,1,False,0.1,lr1e-04_bs32_modL1_fusion16_fusionL1_fusionBN0_drop0p1__wd1e-04trmiss40_trlocglobal,6,0.647531678279241,0.6691883206367493,0.6865079365079365,0.7315687375390163,0.5555555555555556,0.0,0.0,0.0,0.0,0.0,0.0,0.0,0.0,0.0,,,,,18473,global,0.4
1,3,lr1e-04_bs32_modL1_fusion16_fusionL1_fusionBN0_drop0p1__wd1e-04trmiss40_trlocglobal,32,0.0001,0.0001,1,16,1,False,0.1,lr1e-04_bs32_modL1_fusion16_fusionL1_fusionBN0_drop0p1__wd1e-04trmiss40_trlocglobal,7,0.6437594095865885,0.6673659086227417,0.7103174603174603,0.7507108515585296,0.5555555555555556,0.0,0.0,0.0,0.0,0.0,0.0,0.0,0.0,0.0,,,,,18473,global,0.4
1,3,lr1e-04_bs32_modL1_fusion16_fusionL1_fusionBN0_drop0p1__wd1e-04trmiss40_trlocglobal,32,0.0001,0.0001,1,16,1,False,0.1,lr1e-04_bs32_modL1_fusion16_fusionL1_fusionBN0_drop0p1__wd1e-04trmiss40_trlocglobal,8,0.6349105834960938,0.6676232218742371,0.7063492063492063,0.7476912646464087,0.5555555555555556,0.0,0.0,0.0,0.0,0.0,0.0,0.0,0.0,0.0,,,,,18473,global,0.4
1,3,lr1e-04_bs32_modL1_fusion16_fusionL1_fusionBN0_drop0p1__wd1e-04trmiss40_trlocglobal,32,0.0001,0.0001,1,16,1,False,0.1,lr1e-04_bs32_modL1_fusion16_fusionL1_fusionBN0_drop0p1__wd1e-04trmiss40_trlocglobal,9,0.6315895020961761,0.6642578542232513,0.7261904761904762,0.757874434983278,0.5333333333333333,0.0,0.0,0.0,0.0,0.0,0.0,0.0,0.0,0.0,,,,,18473,global,0.4
1,3,lr1e-04_bs32_modL1_fusion16_fusionL1_fusionBN0_drop0p1__wd1e-04trmiss40_trlocglobal,32,0.0001,0.0001,1,16,1,False,0.1,lr1e-04_bs32_modL1_fusion16_fusionL1_fusionBN0_drop0p1__wd1e-04trmiss40_trlocglobal,10,0.6206171214580536,0.6619016528129578,0.7281746031746031,0.7526226799443713,0.5111111111111111,0.0,0.0,0.0,0.0,0.0,0.0,0.0,0.0,0.0,,,,,18473,global,0.4
1,3,lr1e-04_bs32_modL1_fusion16_fusionL1_fusionBN0_drop0p1__wd1e-04trmiss40_trlocglobal,32,0.0001,0.0001,1,16,1,False,0.1,lr1e-04_bs32_modL1_fusion16_fusionL1_fusionBN0_drop0p1__wd1e-04trmiss40_trlocglobal,11,0.6171385645866394,0.6630998253822327,0.7202380952380952,0.7378729996365767,0.5333333333333333,0.0,0.0,0.0,0.0,0.0,0.0,0.0,0.0,0.0,,,,,18473,global,0.4
1,3,lr1e-04_bs32_modL1_fusion16_fusionL1_fusionBN0_drop0p1__wd1e-04trmiss40_trlocglobal,32,0.0001,0.0001,1,16,1,False,0.1,lr1e-04_bs32_modL1_fusion16_fusionL1_fusionBN0_drop0p1__wd1e-04trmiss40_trlocglobal,12,0.6081578334172567,0.6652739644050598,0.7202380952380953,0.7352390591210448,0.5333333333333333,0.0,0.0,0.0,0.0,0.0,0.0,0.0,0.0,0.0,,,,,18473,global,0.4
1,3,lr1e-04_bs32_modL1_fusion16_fusionL1_fusionBN0_drop0p1__wd1e-04trmiss40_trlocglobal,32,0.0001,0.0001,1,16,1,False,0.1,lr1e-04_bs32_modL1_fusion16_fusionL1_fusionBN0_drop0p1__wd1e-04trmiss40_trlocglobal,13,0.6118826866149902,0.6608021855354309,0.7301587301587302,0.743836171265865,0.5333333333333333,0.0,0.0,0.0,0.0,0.0,0.0,0.0,0.0,0.0,,,,,18473,global,0.4
1,3,lr1e-04_bs32_modL1_fusion16_fusionL1_fusionBN0_drop0p1__wd1e-04trmiss40_trlocglobal,32,0.0001,0.0001,1,16,1,False,0.1,lr1e-04_bs32_modL1_fusion16_fusionL1_fusionBN0_drop0p1__wd1e-04trmiss40_trlocglobal,14,0.5981622040271759,0.6583305895328522,0.7420634920634921,0.7522554114111113,0.5333333333333333,0.0,0.0,0.0,0.0,0.0,0.0,0.0,0.0,0.0,,,,,18473,global,0.4
1,3,lr1e-04_bs32_modL1_fusion16_fusionL1_fusionBN0_drop0p1__wd1e-04trmiss40_trlocglobal,32,0.0001,0.0001,1,16,1,False,0.1,lr1e-04_bs32_modL1_fusion16_fusionL1_fusionBN0_drop0p1__wd1e-04trmiss40_trlocglobal,15,0.5910159349441528,0.6600233614444733,0.748015873015873,0.7650099799163204,0.5333333333333333,0.0,0.0,0.0,0.0,0.0,0.0,0.0,0.0,0.0,,,,,18473,global,0.4
1,3,lr1e-04_bs32_modL1_fusion16_fusionL1_fusionBN0_drop0p1__wd1e-04trmiss40_trlocglobal,32,0.0001,0.0001,1,16,1,False,0.1,lr1e-04_bs32_modL1_fusion16_fusionL1_fusionBN0_drop0p1__wd1e-04trmiss40_trlocglobal,16,0.5880731244881948,0.6620620489120483,0.7321428571428572,0.749810734761513,0.5333333333333333,0.0,0.0,0.0,0.0,0.0,0.0,0.0,0.0,0.0,,,,,18473,global,0.4
1,3,lr1e-04_bs32_modL1_fusion16_fusionL1_fusionBN0_drop0p1__wd1e-04trmiss40_trlocglobal,32,0.0001,0.0001,1,16,1,False,0.1,lr1e-04_bs32_modL1_fusion16_fusionL1_fusionBN0_drop0p1__wd1e-04trmiss40_trlocglobal,17,0.5803086956342062,0.661527156829834,0.7261904761904762,0.753668161127458,0.5333333333333333,0.0,0.0,0.0,0.0,0.0,0.0,0.0,0.0,0.0,,,,,18473,global,0.4
1,3,lr1e-04_bs32_modL1_fusion16_fusionL1_fusionBN0_drop0p1__wd1e-04trmiss40_trlocglobal,32,0.0001,0.0001,1,16,1,False,0.1,lr1e-04_bs32_modL1_fusion16_fusionL1_fusionBN0_drop0p1__wd1e-04trmiss40_trlocglobal,18,0.5845440030097961,0.6625892817974091,0.7281746031746031,0.7558232885292959,0.5555555555555556,0.0,0.0,0.0,0.0,0.0,0.0,0.0,0.0,0.0,,,,,18473,global,0.4
1,3,lr1e-04_bs32_modL1_fusion16_fusionL1_fusionBN0_drop0p1__wd1e-04trmiss40_trlocglobal,32,0.0001,0.0001,1,16,1,False,0.1,lr1e-04_bs32_modL1_fusion16_fusionL1_fusionBN0_drop0p1__wd1e-04trmiss40_trlocglobal,19,0.5695819656054179,0.6630087792873383,0.7341269841269841,0.7684159324176008,0.5333333333333333,0.0,0.0,0.0,0.0,0.0,0.0,0.0,0.0,0.0,,,,,18473,global,0.4
1,3,lr1e-04_bs32_modL1_fusion16_fusionL1_fusionBN0_drop0p1__wd1e-04trmiss40_trlocglobal,32,0.0001,0.0001,1,16,1,False,0.1,lr1e-04_bs32_modL1_fusion16_fusionL1_fusionBN0_drop0p1__wd1e-04trmiss40_trlocglobal,20,0.5664819081624349,0.6615724265575409,0.7440476190476191,0.7795636950436915,0.5777777777777777,0.0,0.0,0.0,0.0,0.0,0.0,0.0,0.0,0.0,,,,,18473,global,0.4
1,3,lr1e-04_bs32_modL1_fusion16_fusionL1_fusionBN0_drop0p1__wd1e-04trmiss40_trlocglobal,32,0.0001,0.0001,1,16,1,False,0.1,lr1e-04_bs32_modL1_fusion16_fusionL1_fusionBN0_drop0p1__wd1e-04trmiss40_trlocglobal,21,0.5695232450962067,0.6614120304584503,0.736111111111111,0.7663819115494082,0.5555555555555556,0.0,0.0,0.0,0.0,0.0,0.0,0.0,0.0,0.0,,,,,18473,global,0.4
1,3,lr1e-04_bs32_modL1_fusion16_fusionL1_fusionBN0_drop0p1__wd1e-04trmiss40_trlocglobal,32,0.0001,0.0001,1,16,1,False,0.1,lr1e-04_bs32_modL1_fusion16_fusionL1_fusionBN0_drop0p1__wd1e-04trmiss40_trlocglobal,22,0.5577300389607748,0.6619394719600677,0.7341269841269841,0.7583921800136286,0.5555555555555556,0.0,0.0,0.0,0.0,0.0,0.0,0.0,0.0,0.0,,,,,18473,global,0.4
1,3,lr1e-04_bs32_modL1_fusion16_fusionL1_fusionBN0_drop0p1__wd1e-04trmiss40_trlocglobal,32,0.0001,0.0001,1,16,1,False,0.1,lr1e-04_bs32_modL1_fusion16_fusionL1_fusionBN0_drop0p1__wd1e-04trmiss40_trlocglobal,23,0.5550338129202524,0.6630437672138214,0.7222222222222223,0.7272471243553058,0.5555555555555556,0.0,0.0,0.0,0.0,0.0,0.0,0.0,0.0,0.0,,,,,18473,global,0.4
1,3,lr1e-04_bs32_modL1_fusion16_fusionL1_fusionBN0_drop0p1__wd1e-04trmiss40_trlocglobal,32,0.0001,0.0001,1,16,1,False,0.1,lr1e-04_bs32_modL1_fusion16_fusionL1_fusionBN0_drop0p1__wd1e-04trmiss40_trlocglobal,24,0.5584582686424255,0.6611042320728302,0.7321428571428572,0.7390119166794132,0.5555555555555556,0.0,0.0,0.0,0.0,0.0,0.0,0.0,0.0,0.0,,,,,18473,global,0.4
1,3,lr1e-04_bs32_modL1_fusion16_fusionL1_fusionBN0_drop0p1__wd1e-04trmiss40_trlocglobal,32,0.0001,0.0001,1,16,1,False,0.1,lr1e-04_bs32_modL1_fusion16_fusionL1_fusionBN0_drop0p1__wd1e-04trmiss40_trlocglobal,25,0.5450074672698975,0.6573477387428284,0.7361111111111112,0.7296614407721392,0.5555555555555556,0.0,0.0,0.0,0.0,0.0,0.0,0.0,0.0,0.0,,,,,18473,global,0.4
1,3,lr1e-04_bs32_modL1_fusion16_fusionL1_fusionBN0_drop0p1__wd1e-04trmiss40_trlocglobal,32,0.0001,0.0001,1,16,1,False,0.1,lr1e-04_bs32_modL1_fusion16_fusionL1_fusionBN0_drop0p1__wd1e-04trmiss40_trlocglobal,26,0.535469576716423,0.659236341714859,0.7261904761904763,0.7321708717296284,0.5555555555555556,0.0,0.0,0.0,0.0,0.0,0.0,0.0,0.0,0.0,,,,,18473,global,0.4
1,3,lr1e-04_bs32_modL1_fusion16_fusionL1_fusionBN0_drop0p1__wd1e-04trmiss40_trlocglobal,32,0.0001,0.0001,1,16,1,False,0.1,lr1e-04_bs32_modL1_fusion16_fusionL1_fusionBN0_drop0p1__wd1e-04trmiss40_trlocglobal,27,0.5383304456869761,0.6636128425598145,0.7123015873015873,0.739152482278429,0.5555555555555556,0.0,0.0,0.0,0.0,0.0,0.0,0.0,0.0,0.0,,,,,18473,global,0.4
1,3,lr1e-04_bs32_modL1_fusion16_fusionL1_fusionBN0_drop0p1__wd1e-04trmiss40_trlocglobal,32,0.0001,0.0001,1,16,1,False,0.1,lr1e-04_bs32_modL1_fusion16_fusionL1_fusionBN0_drop0p1__wd1e-04trmiss40_trlocglobal,28,0.5317258238792419,0.6624414324760437,0.7182539682539683,0.7345196470681482,0.5555555555555556,0.0,0.0,0.0,0.0,0.0,0.0,0.0,0.0,0.0,,,,,18473,global,0.4
1,3,lr1e-04_bs32_modL1_fusion16_fusionL1_fusionBN0_drop0p1__wd1e-04trmiss40_trlocglobal,32,0.0001,0.0001,1,16,1,False,0.1,lr1e-04_bs32_modL1_fusion16_fusionL1_fusionBN0_drop0p1__wd1e-04trmiss40_trlocglobal,29,0.528550366560618,0.6616610884666443,0.7242063492063493,0.7376042113039337,0.5555555555555556,0.0,0.0,0.0,0.0,0.0,0.0,0.0,0.0,0.0,,,,,18473,global,0.4
1,3,lr1e-04_bs32_modL1_fusion16_fusionL1_fusionBN0_drop0p1__wd1e-04trmiss40_trlocglobal,32,0.0001,0.0001,1,16,1,False,0.1,lr1e-04_bs32_modL1_fusion16_fusionL1_fusionBN0_drop0p1__wd1e-04trmiss40_trlocglobal,30,0.5246959328651428,0.6578262150287628,0.7261904761904763,0.7405160575836058,0.5555555555555556,0.0,0.0,0.0,0.0,0.0,0.0,0.0,0.0,0.0,,,,,18473,global,0.4
1,3,lr1e-04_bs32_modL1_fusion16_fusionL1_fusionBN0_drop0p1__wd1e-04trmiss40_trlocglobal,32,0.0001,0.0001,1,16,1,False,0.1,lr1e-04_bs32_modL1_fusion16_fusionL1_fusionBN0_drop0p1__wd1e-04trmiss40_trlocglobal,31,0.5205491979916891,0.6585716307163239,0.7103174603174602,0.7159105813604826,0.5333333333333333,0.0,0.0,0.0,0.0,0.0,0.0,0.0,0.0,0.0,,,,,18473,global,0.4
1,3,lr1e-04_bs32_modL1_fusion16_fusionL1_fusionBN0_drop0p1__wd1e-04trmiss40_trlocglobal,32,0.0001,0.0001,1,16,1,False,0.1,lr1e-04_bs32_modL1_fusion16_fusionL1_fusionBN0_drop0p1__wd1e-04trmiss40_trlocglobal,32,0.514133408665657,0.664547473192215,0.7063492063492064,0.7310038701379818,0.5111111111111111,0.0,0.0,0.0,0.0,0.0,0.0,0.0,0.0,0.0,,,,,18473,global,0.4
1,3,lr1e-04_bs32_modL1_fusion16_fusionL1_fusionBN0_drop0p1__wd1e-04trmiss40_trlocglobal,32,0.0001,0.0001,1,16,1,False,0.1,lr1e-04_bs32_modL1_fusion16_fusionL1_fusionBN0_drop0p1__wd1e-04trmiss40_trlocglobal,33,0.5084046721458435,0.6613215208053589,0.7182539682539683,0.7387781560372677,0.5111111111111111,0.0,0.0,0.0,0.0,0.0,0.0,0.0,0.0,0.0,,,,,18473,global,0.4
1,3,lr1e-04_bs32_modL1_fusion16_fusionL1_fusionBN0_drop0p1__wd1e-04trmiss40_trlocglobal,32,0.0001,0.0001,1,16,1,False,0.1,lr1e-04_bs32_modL1_fusion16_fusionL1_fusionBN0_drop0p1__wd1e-04trmiss40_trlocglobal,34,0.5108306805292765,0.6589792370796204,0.7202380952380951,0.7420768584313648,0.5111111111111111,0.0,0.0,0.0,0.0,0.0,0.0,0.0,0.0,0.0,,,,,18473,global,0.4
1,3,lr1e-04_bs32_modL1_fusion16_fusionL1_fusionBN0_drop0p1__wd1e-04trmiss40_trlocglobal,32,0.0001,0.0001,1,16,1,False,0.1,lr1e-04_bs32_modL1_fusion16_fusionL1_fusionBN0_drop0p1__wd1e-04trmiss40_trlocglobal,35,0.5039289593696594,0.6587051153182983,0.7142857142857143,0.7343855403095794,0.5111111111111111,0.0,0.0,0.0,0.0,0.0,0.0,0.0,0.0,0.0,,,,,18473,global,0.4
1,3,lr1e-04_bs32_modL1_fusion32_fusionL1_fusionBN0_drop0p2__wd1e-04trmiss40_trlocglobal,32,0.0001,0.0001,1,32,1,False,0.2,lr1e-04_bs32_modL1_fusion32_fusionL1_fusionBN0_drop0p2__wd1e-04trmiss40_trlocglobal,1,0.6959992547829946,0.7012291550636292,0.4841269841269841,0.5699892527335515,0.5333333333333333,0.0,0.0,0.0,0.0,0.0,0.0,0.0,0.0,0.0,,,,,18473,global,0.4
1,3,lr1e-04_bs32_modL1_fusion32_fusionL1_fusionBN0_drop0p2__wd1e-04trmiss40_trlocglobal,32,0.0001,0.0001,1,32,1,False,0.2,lr1e-04_bs32_modL1_fusion32_fusionL1_fusionBN0_drop0p2__wd1e-04trmiss40_trlocglobal,2,0.6820110778013865,0.700425773859024,0.48809523809523814,0.5601123922202282,0.5333333333333333,0.0,0.0,0.0,0.0,0.0,0.0,0.0,0.0,0.0,,,,,18473,global,0.4
1,3,lr1e-04_bs32_modL1_fusion32_fusionL1_fusionBN0_drop0p2__wd1e-04trmiss40_trlocglobal,32,0.0001,0.0001,1,32,1,False,0.2,lr1e-04_bs32_modL1_fusion32_fusionL1_fusionBN0_drop0p2__wd1e-04trmiss40_trlocglobal,3,0.6732309261957804,0.7007423043251038,0.503968253968254,0.5665759838435845,0.5333333333333333,0.0,0.0,0.0,0.0,0.0,0.0,0.0,0.0,0.0,,,,,18473,global,0.4
1,3,lr1e-04_bs32_modL1_fusion32_fusionL1_fusionBN0_drop0p2__wd1e-04trmiss40_trlocglobal,32,0.0001,0.0001,1,32,1,False,0.2,lr1e-04_bs32_modL1_fusion32_fusionL1_fusionBN0_drop0p2__wd1e-04trmiss40_trlocglobal,4,0.6641172568003336,0.700853705406189,0.5416666666666667,0.5963816105037177,0.5333333333333333,0.0,0.0,0.0,0.0,0.0,0.0,0.0,0.0,0.0,,,,,18473,global,0.4
1,3,lr1e-04_bs32_modL1_fusion32_fusionL1_fusionBN0_drop0p2__wd1e-04trmiss40_trlocglobal,32,0.0001,0.0001,1,32,1,False,0.2,lr1e-04_bs32_modL1_fusion32_fusionL1_fusionBN0_drop0p2__wd1e-04trmiss40_trlocglobal,5,0.6397996842861176,0.6992861032485962,0.5654761904761905,0.6235640606907503,0.5333333333333333,0.0,0.0,0.0,0.0,0.0,0.0,0.0,0.0,0.0,,,,,18473,global,0.4
1,3,lr1e-04_bs32_modL1_fusion32_fusionL1_fusionBN0_drop0p2__wd1e-04trmiss40_trlocglobal,32,0.0001,0.0001,1,32,1,False,0.2,lr1e-04_bs32_modL1_fusion32_fusionL1_fusionBN0_drop0p2__wd1e-04trmiss40_trlocglobal,6,0.6456273992856344,0.6930373311042786,0.6309523809523809,0.6604155848542218,0.5333333333333333,0.0,0.0,0.0,0.0,0.0,0.0,0.0,0.0,0.0,,,,,18473,global,0.4
1,3,lr1e-04_bs32_modL1_fusion32_fusionL1_fusionBN0_drop0p2__wd1e-04trmiss40_trlocglobal,32,0.0001,0.0001,1,32,1,False,0.2,lr1e-04_bs32_modL1_fusion32_fusionL1_fusionBN0_drop0p2__wd1e-04trmiss40_trlocglobal,7,0.6243655780951182,0.6917725503444672,0.6369047619047619,0.6591172479486465,0.5333333333333333,0.0,0.0,0.0,0.0,0.0,0.0,0.0,0.0,0.0,,,,,18473,global,0.4
1,3,lr1e-04_bs32_modL1_fusion32_fusionL1_fusionBN0_drop0p2__wd1e-04trmiss40_trlocglobal,32,0.0001,0.0001,1,32,1,False,0.2,lr1e-04_bs32_modL1_fusion32_fusionL1_fusionBN0_drop0p2__wd1e-04trmiss40_trlocglobal,8,0.6203130582968394,0.6953155398368835,0.6150793650793651,0.6343409279046694,0.5333333333333333,0.0,0.0,0.0,0.0,0.0,0.0,0.0,0.0,0.0,,,,,18473,global,0.4
1,3,lr1e-04_bs32_modL1_fusion32_fusionL1_fusionBN0_drop0p2__wd1e-04trmiss40_trlocglobal,32,0.0001,0.0001,1,32,1,False,0.2,lr1e-04_bs32_modL1_fusion32_fusionL1_fusionBN0_drop0p2__wd1e-04trmiss40_trlocglobal,9,0.6182757119337717,0.6936655640602112,0.628968253968254,0.6477208937613763,0.5333333333333333,0.0,0.0,0.0,0.0,0.0,0.0,0.0,0.0,0.0,,,,,18473,global,0.4
1,3,lr1e-04_bs32_modL1_fusion32_fusionL1_fusionBN0_drop0p2__wd1e-04trmiss40_trlocglobal,32,0.0001,0.0001,1,32,1,False,0.2,lr1e-04_bs32_modL1_fusion32_fusionL1_fusionBN0_drop0p2__wd1e-04trmiss40_trlocglobal,10,0.6059707999229431,0.6912930607795715,0.6428571428571429,0.6619048738590707,0.5333333333333333,0.0,0.0,0.0,0.0,0.0,0.0,0.0,0.0,0.0,,,,,18473,global,0.4
1,3,lr1e-04_bs32_modL1_fusion32_fusionL1_fusionBN0_drop0p2__wd1e-04trmiss40_trlocglobal,32,0.0001,0.0001,1,32,1,False,0.2,lr1e-04_bs32_modL1_fusion32_fusionL1_fusionBN0_drop0p2__wd1e-04trmiss40_trlocglobal,11,0.6069911817709605,0.6925004422664642,0.6289682539682541,0.6488557701849671,0.5777777777777777,0.0,0.0,0.0,0.0,0.0,0.0,0.0,0.0,0.0,,,,,18473,global,0.4
1,3,lr1e-04_bs32_modL1_fusion32_fusionL1_fusionBN0_drop0p2__wd1e-04trmiss40_trlocglobal,32,0.0001,0.0001,1,32,1,False,0.2,lr1e-04_bs32_modL1_fusion32_fusionL1_fusionBN0_drop0p2__wd1e-04trmiss40_trlocglobal,12,0.5975277622540792,0.6934010684490204,0.6170634920634921,0.6299825206564637,0.5777777777777777,0.0,0.0,0.0,0.0,0.0,0.0,0.0,0.0,0.0,,,,,18473,global,0.4
1,3,lr1e-04_bs32_modL1_fusion32_fusionL1_fusionBN0_drop0p2__wd1e-04trmiss40_trlocglobal,32,0.0001,0.0001,1,32,1,False,0.2,lr1e-04_bs32_modL1_fusion32_fusionL1_fusionBN0_drop0p2__wd1e-04trmiss40_trlocglobal,13,0.5952685276667277,0.6903788447380066,0.6309523809523809,0.6401297067989911,0.5555555555555556,0.0,0.0,0.0,0.0,0.0,0.0,0.0,0.0,0.0,,,,,18473,global,0.4
1,3,lr1e-04_bs32_modL1_fusion32_fusionL1_fusionBN0_drop0p2__wd1e-04trmiss40_trlocglobal,32,0.0001,0.0001,1,32,1,False,0.2,lr1e-04_bs32_modL1_fusion32_fusionL1_fusionBN0_drop0p2__wd1e-04trmiss40_trlocglobal,14,0.5816085338592529,0.6885427236557007,0.6468253968253967,0.6467691396266773,0.5555555555555556,0.0,0.0,0.0,0.0,0.0,0.0,0.0,0.0,0.0,,,,,18473,global,0.4
1,3,lr1e-04_bs32_modL1_fusion32_fusionL1_fusionBN0_drop0p2__wd1e-04trmiss40_trlocglobal,32,0.0001,0.0001,1,32,1,False,0.2,lr1e-04_bs32_modL1_fusion32_fusionL1_fusionBN0_drop0p2__wd1e-04trmiss40_trlocglobal,15,0.5846205949783325,0.6844134330749512,0.6587301587301588,0.6610704444803078,0.6,0.0,0.0,0.0,0.0,0.0,0.0,0.0,0.0,0.0,,,,,18473,global,0.4
1,3,lr1e-04_bs32_modL1_fusion32_fusionL1_fusionBN0_drop0p2__wd1e-04trmiss40_trlocglobal,32,0.0001,0.0001,1,32,1,False,0.2,lr1e-04_bs32_modL1_fusion32_fusionL1_fusionBN0_drop0p2__wd1e-04trmiss40_trlocglobal,16,0.5826351145903269,0.6822218000888824,0.6765873015873016,0.6778872823340102,0.5777777777777777,0.0,0.0,0.0,0.0,0.0,0.0,0.0,0.0,0.0,,,,,18473,global,0.4
1,3,lr1e-04_bs32_modL1_fusion32_fusionL1_fusionBN0_drop0p2__wd1e-04trmiss40_trlocglobal,32,0.0001,0.0001,1,32,1,False,0.2,lr1e-04_bs32_modL1_fusion32_fusionL1_fusionBN0_drop0p2__wd1e-04trmiss40_trlocglobal,17,0.5695351362228394,0.6856718361377716,0.6706349206349208,0.6733805195887581,0.5777777777777777,0.0,0.0,0.0,0.0,0.0,0.0,0.0,0.0,0.0,,,,,18473,global,0.4
1,3,lr1e-04_bs32_modL1_fusion32_fusionL1_fusionBN0_drop0p2__wd1e-04trmiss40_trlocglobal,32,0.0001,0.0001,1,32,1,False,0.2,lr1e-04_bs32_modL1_fusion32_fusionL1_fusionBN0_drop0p2__wd1e-04trmiss40_trlocglobal,18,0.5681042273839315,0.6852307617664337,0.6686507936507937,0.6718493309470128,0.5777777777777777,0.0,0.0,0.0,0.0,0.0,0.0,0.0,0.0,0.0,,,,,18473,global,0.4
1,3,lr1e-04_bs32_modL1_fusion32_fusionL1_fusionBN0_drop0p2__wd1e-04trmiss40_trlocglobal,32,0.0001,0.0001,1,32,1,False,0.2,lr1e-04_bs32_modL1_fusion32_fusionL1_fusionBN0_drop0p2__wd1e-04trmiss40_trlocglobal,19,0.5479951600233713,0.6778373122215271,0.6865079365079366,0.6888481028073208,0.5777777777777777,0.0,0.0,0.0,0.0,0.0,0.0,0.0,0.0,0.0,,,,,18473,global,0.4
1,3,lr1e-04_bs32_modL1_fusion32_fusionL1_fusionBN0_drop0p2__wd1e-04trmiss40_trlocglobal,32,0.0001,0.0001,1,32,1,False,0.2,lr1e-04_bs32_modL1_fusion32_fusionL1_fusionBN0_drop0p2__wd1e-04trmiss40_trlocglobal,20,0.5492668052514394,0.6768561005592346,0.6884920634920636,0.6835608959576139,0.5777777777777777,0.0,0.0,0.0,0.0,0.0,0.0,0.0,0.0,0.0,,,,,18473,global,0.4
1,3,lr1e-04_bs32_modL1_fusion32_fusionL1_fusionBN0_drop0p2__wd1e-04trmiss40_trlocglobal,32,0.0001,0.0001,1,32,1,False,0.2,lr1e-04_bs32_modL1_fusion32_fusionL1_fusionBN0_drop0p2__wd1e-04trmiss40_trlocglobal,21,0.5410729944705963,0.6781205236911774,0.6904761904761905,0.6839479312541887,0.5777777777777777,0.0,0.0,0.0,0.0,0.0,0.0,0.0,0.0,0.0,,,,,18473,global,0.4
1,3,lr1e-04_bs32_modL1_fusion32_fusionL1_fusionBN0_drop0p2__wd1e-04trmiss40_trlocglobal,32,0.0001,0.0001,1,32,1,False,0.2,lr1e-04_bs32_modL1_fusion32_fusionL1_fusionBN0_drop0p2__wd1e-04trmiss40_trlocglobal,22,0.5340244074662527,0.680231124162674,0.6825396825396826,0.6832745503587684,0.5555555555555556,0.0,0.0,0.0,0.0,0.0,0.0,0.0,0.0,0.0,,,,,18473,global,0.4
1,3,lr1e-04_bs32_modL1_fusion32_fusionL1_fusionBN0_drop0p2__wd1e-04trmiss40_trlocglobal,32,0.0001,0.0001,1,32,1,False,0.2,lr1e-04_bs32_modL1_fusion32_fusionL1_fusionBN0_drop0p2__wd1e-04trmiss40_trlocglobal,23,0.5308479567368826,0.6770607233047485,0.6865079365079366,0.6860248746584827,0.5777777777777777,0.0,0.0,0.0,0.0,0.0,0.0,0.0,0.0,0.0,,,,,18473,global,0.4
1,3,lr1e-04_bs32_modL1_fusion32_fusionL1_fusionBN0_drop0p2__wd1e-04trmiss40_trlocglobal,32,0.0001,0.0001,1,32,1,False,0.2,lr1e-04_bs32_modL1_fusion32_fusionL1_fusionBN0_drop0p2__wd1e-04trmiss40_trlocglobal,24,0.5245085457960764,0.6783314943313599,0.6904761904761905,0.6877230466752822,0.5555555555555556,0.0,0.0,0.0,0.0,0.0,0.0,0.0,0.0,0.0,,,,,18473,global,0.4
1,3,lr1e-04_bs32_modL1_fusion32_fusionL1_fusionBN0_drop0p2__wd1e-04trmiss40_trlocglobal,32,0.0001,0.0001,1,32,1,False,0.2,lr1e-04_bs32_modL1_fusion32_fusionL1_fusionBN0_drop0p2__wd1e-04trmiss40_trlocglobal,25,0.5202052046855291,0.6782000660896301,0.6944444444444444,0.6903086018205933,0.5555555555555556,0.0,0.0,0.0,0.0,0.0,0.0,0.0,0.0,0.0,,,,,18473,global,0.4
1,3,lr1e-04_bs32_modL1_fusion32_fusionL1_fusionBN0_drop0p2__wd1e-04trmiss40_trlocglobal,32,0.0001,0.0001,1,32,1,False,0.2,lr1e-04_bs32_modL1_fusion32_fusionL1_fusionBN0_drop0p2__wd1e-04trmiss40_trlocglobal,26,0.5086376468340555,0.677442342042923,0.6865079365079365,0.6874275390760339,0.5777777777777777,0.0,0.0,0.0,0.0,0.0,0.0,0.0,0.0,0.0,,,,,18473,global,0.4
1,3,lr1e-04_bs32_modL1_fusion32_fusionL1_fusionBN0_drop0p2__wd1e-04trmiss40_trlocglobal,32,0.0001,0.0001,1,32,1,False,0.2,lr1e-04_bs32_modL1_fusion32_fusionL1_fusionBN0_drop0p2__wd1e-04trmiss40_trlocglobal,27,0.5123003671566645,0.6748150587081909,0.6785714285714286,0.6773396769306365,0.6222222222222222,0.0,0.0,0.0,0.0,0.0,0.0,0.0,0.0,0.0,,,,,18473,global,0.4
1,3,lr1e-04_bs32_modL1_fusion32_fusionL1_fusionBN0_drop0p2__wd1e-04trmiss40_trlocglobal,32,0.0001,0.0001,1,32,1,False,0.2,lr1e-04_bs32_modL1_fusion32_fusionL1_fusionBN0_drop0p2__wd1e-04trmiss40_trlocglobal,28,0.49658098816871643,0.6684359014034271,0.7023809523809524,0.6954592036120033,0.6444444444444445,0.0,0.0,0.0,0.0,0.0,0.0,0.0,0.0,0.0,,,,,18473,global,0.4
1,3,lr1e-04_bs32_modL1_fusion32_fusionL1_fusionBN0_drop0p2__wd1e-04trmiss40_trlocglobal,32,0.0001,0.0001,1,32,1,False,0.2,lr1e-04_bs32_modL1_fusion32_fusionL1_fusionBN0_drop0p2__wd1e-04trmiss40_trlocglobal,29,0.4976622561613719,0.6706230640411377,0.6865079365079365,0.6853715814151065,0.6444444444444445,0.0,0.0,0.0,0.0,0.0,0.0,0.0,0.0,0.0,,,,,18473,global,0.4
1,3,lr1e-04_bs32_modL1_fusion32_fusionL1_fusionBN0_drop0p2__wd1e-04trmiss40_trlocglobal,32,0.0001,0.0001,1,32,1,False,0.2,lr1e-04_bs32_modL1_fusion32_fusionL1_fusionBN0_drop0p2__wd1e-04trmiss40_trlocglobal,30,0.5023019909858704,0.670058399438858,0.6904761904761906,0.6842687459847763,0.6444444444444445,0.0,0.0,0.0,0.0,0.0,0.0,0.0,0.0,0.0,,,,,18473,global,0.4
1,3,lr1e-04_bs32_modL1_fusion32_fusionL1_fusionBN0_drop0p2__wd1e-04trmiss40_trlocglobal,32,0.0001,0.0001,1,32,1,False,0.2,lr1e-04_bs32_modL1_fusion32_fusionL1_fusionBN0_drop0p2__wd1e-04trmiss40_trlocglobal,31,0.48764070371786755,0.6677981913089752,0.7003968253968255,0.6937252949766128,0.6444444444444445,0.0,0.0,0.0,0.0,0.0,0.0,0.0,0.0,0.0,,,,,18473,global,0.4
1,3,lr1e-04_bs32_modL1_fusion32_fusionL1_fusionBN0_drop0p2__wd1e-04trmiss40_trlocglobal,32,0.0001,0.0001,1,32,1,False,0.2,lr1e-04_bs32_modL1_fusion32_fusionL1_fusionBN0_drop0p2__wd1e-04trmiss40_trlocglobal,32,0.4849900007247925,0.6692729294300079,0.6884920634920634,0.6835919496903777,0.6888888888888889,0.0,0.0,0.0,0.0,0.0,0.0,0.0,0.0,0.0,,,,,18473,global,0.4
1,3,lr1e-04_bs32_modL1_fusion32_fusionL1_fusionBN0_drop0p2__wd1e-04trmiss40_trlocglobal,32,0.0001,0.0001,1,32,1,False,0.2,lr1e-04_bs32_modL1_fusion32_fusionL1_fusionBN0_drop0p2__wd1e-04trmiss40_trlocglobal,33,0.48136114577452344,0.6689233779907227,0.6865079365079364,0.6800962179337764,0.6888888888888889,0.0,0.0,0.0,0.0,0.0,0.0,0.0,0.0,0.0,,,,,18473,global,0.4
1,3,lr1e-04_bs32_modL1_fusion32_fusionL1_fusionBN0_drop0p2__wd1e-04trmiss40_trlocglobal,32,0.0001,0.0001,1,32,1,False,0.2,lr1e-04_bs32_modL1_fusion32_fusionL1_fusionBN0_drop0p2__wd1e-04trmiss40_trlocglobal,34,0.4851079930861791,0.6701810657978058,0.6924603174603176,0.6886643623285799,0.6666666666666666,0.0,0.0,0.0,0.0,0.0,0.0,0.0,0.0,0.0,,,,,18473,global,0.4
1,3,lr1e-04_bs32_modL1_fusion32_fusionL1_fusionBN0_drop0p2__wd1e-04trmiss40_trlocglobal,32,0.0001,0.0001,1,32,1,False,0.2,lr1e-04_bs32_modL1_fusion32_fusionL1_fusionBN0_drop0p2__wd1e-04trmiss40_trlocglobal,35,0.46924807131290436,0.6690657734870911,0.6805555555555556,0.6775063168297821,0.6666666666666666,0.0,0.0,0.0,0.0,0.0,0.0,0.0,0.0,0.0,,,,,18473,global,0.4
1,3,lr1e-04_bs32_modL1_fusion32_fusionL1_fusionBN0_drop0p2__wd1e-04trmiss40_trlocglobal,32,0.0001,0.0001,1,32,1,False,0.2,lr1e-04_bs32_modL1_fusion32_fusionL1_fusionBN0_drop0p2__wd1e-04trmiss40_trlocglobal,36,0.467281699180603,0.6702460050582886,0.6765873015873016,0.6719458386510013,0.6666666666666666,0.0,0.0,0.0,0.0,0.0,0.0,0.0,0.0,0.0,,,,,18473,global,0.4
1,3,lr1e-04_bs32_modL1_fusion32_fusionL1_fusionBN0_drop0p2__wd1e-04trmiss40_trlocglobal,32,0.0001,0.0001,1,32,1,False,0.2,lr1e-04_bs32_modL1_fusion32_fusionL1_fusionBN0_drop0p2__wd1e-04trmiss40_trlocglobal,37,0.4587012827396393,0.6699128448963165,0.6825396825396826,0.6803576153088062,0.6444444444444445,0.0,0.0,0.0,0.0,0.0,0.0,0.0,0.0,0.0,,,,,18473,global,0.4
1,3,lr1e-04_bs32_modL1_fusion32_fusionL1_fusionBN0_drop0p2__wd1e-04trmiss40_trlocglobal,32,0.0001,0.0001,1,32,1,False,0.2,lr1e-04_bs32_modL1_fusion32_fusionL1_fusionBN0_drop0p2__wd1e-04trmiss40_trlocglobal,38,0.4529746075471242,0.668917179107666,0.6845238095238096,0.6809015294907663,0.6444444444444445,0.0,0.0,0.0,0.0,0.0,0.0,0.0,0.0,0.0,,,,,18473,global,0.4
1,3,lr1e-04_bs32_modL1_fusion32_fusionL1_fusionBN0_drop0p2__wd1e-04trmiss40_trlocglobal,32,0.0001,0.0001,1,32,1,False,0.2,lr1e-04_bs32_modL1_fusion32_fusionL1_fusionBN0_drop0p2__wd1e-04trmiss40_trlocglobal,39,0.44793784121672314,0.6644949316978455,0.6944444444444445,0.6926257817670836,0.6444444444444445,0.0,0.0,0.0,0.0,0.0,0.0,0.0,0.0,0.0,,,,,18473,global,0.4
1,3,lr1e-04_bs32_modL1_fusion32_fusionL1_fusionBN0_drop0p2__wd1e-04trmiss40_trlocglobal,32,0.0001,0.0001,1,32,1,False,0.2,lr1e-04_bs32_modL1_fusion32_fusionL1_fusionBN0_drop0p2__wd1e-04trmiss40_trlocglobal,40,0.453056866923968,0.6676638424396515,0.6765873015873016,0.6764328561088586,0.6666666666666666,0.0,0.0,0.0,0.0,0.0,0.0,0.0,0.0,0.0,,,,,18473,global,0.4
1,3,lr1e-04_bs32_modL1_fusion32_fusionL1_fusionBN0_drop0p2__wd1e-04trmiss40_trlocglobal,32,0.0001,0.0001,1,32,1,False,0.2,lr1e-04_bs32_modL1_fusion32_fusionL1_fusionBN0_drop0p2__wd1e-04trmiss40_trlocglobal,41,0.45024554431438446,0.6676172912120819,0.6845238095238094,0.6831946778359717,0.6666666666666666,0.0,0.0,0.0,0.0,0.0,0.0,0.0,0.0,0.0,,,,,18473,global,0.4
1,3,lr1e-04_bs32_modL1_fusion32_fusionL1_fusionBN0_drop0p2__wd1e-04trmiss40_trlocglobal,32,0.0001,0.0001,1,32,1,False,0.2,lr1e-04_bs32_modL1_fusion32_fusionL1_fusionBN0_drop0p2__wd1e-04trmiss40_trlocglobal,42,0.43493961294492084,0.6688558459281921,0.6726190476190477,0.6752259224001316,0.6222222222222222,0.0,0.0,0.0,0.0,0.0,0.0,0.0,0.0,0.0,,,,,18473,global,0.4
1,3,lr1e-04_bs32_modL1_fusion32_fusionL1_fusionBN0_drop0p2__wd1e-04trmiss40_trlocglobal,32,0.0001,0.0001,1,32,1,False,0.2,lr1e-04_bs32_modL1_fusion32_fusionL1_fusionBN0_drop0p2__wd1e-04trmiss40_trlocglobal,43,0.4420286367336909,0.6692851781845093,0.6785714285714285,0.6818484786869418,0.6,0.0,0.0,0.0,0.0,0.0,0.0,0.0,0.0,0.0,,,,,18473,global,0.4
1,3,lr1e-04_bs32_modL1_fusion32_fusionL1_fusionBN0_drop0p2__wd1e-04trmiss40_trlocglobal,32,0.0001,0.0001,1,32,1,False,0.2,lr1e-04_bs32_modL1_fusion32_fusionL1_fusionBN0_drop0p2__wd1e-04trmiss40_trlocglobal,44,0.4351230214039485,0.6676470041275024,0.6805555555555555,0.6842146743028313,0.6444444444444445,0.0,0.0,0.0,0.0,0.0,0.0,0.0,0.0,0.0,,,,,18473,global,0.4
1,3,lr1e-04_bs32_modL1_fusion32_fusionL1_fusionBN0_drop0p2__wd1e-04trmiss40_trlocglobal,32,0.0001,0.0001,1,32,1,False,0.2,lr1e-04_bs32_modL1_fusion32_fusionL1_fusionBN0_drop0p2__wd1e-04trmiss40_trlocglobal,45,0.43676066398620605,0.6673870086669922,0.6825396825396826,0.6828788797210691,0.6444444444444445,0.0,0.0,0.0,0.0,0.0,0.0,0.0,0.0,0.0,,,,,18473,global,0.4
1,3,lr1e-04_bs32_modL1_fusion32_fusionL1_fusionBN0_drop0p2__wd1e-04trmiss40_trlocglobal,32,0.0001,0.0001,1,32,1,False,0.2,lr1e-04_bs32_modL1_fusion32_fusionL1_fusionBN0_drop0p2__wd1e-04trmiss40_trlocglobal,46,0.4299977123737335,0.6669216752052307,0.6884920634920635,0.6876973121935028,0.6444444444444445,0.0,0.0,0.0,0.0,0.0,0.0,0.0,0.0,0.0,,,,,18473,global,0.4
1,3,lr1e-04_bs32_modL1_fusion32_fusionL1_fusionBN0_drop0p2__wd1e-04trmiss40_trlocglobal,32,0.0001,0.0001,1,32,1,False,0.2,lr1e-04_bs32_modL1_fusion32_fusionL1_fusionBN0_drop0p2__wd1e-04trmiss40_trlocglobal,47,0.4215859870115916,0.6664546728134155,0.6884920634920635,0.6866199729296646,0.6666666666666666,0.0,0.0,0.0,0.0,0.0,0.0,0.0,0.0,0.0,,,,,18473,global,0.4
1,3,lr1e-04_bs32_modL1_fusion32_fusionL1_fusionBN0_drop0p2__wd1e-04trmiss40_trlocglobal,32,0.0001,0.0001,1,32,1,False,0.2,lr1e-04_bs32_modL1_fusion32_fusionL1_fusionBN0_drop0p2__wd1e-04trmiss40_trlocglobal,48,0.42527104417483014,0.6669068932533264,0.6805555555555556,0.6800323685612792,0.6444444444444445,0.0,0.0,0.0,0.0,0.0,0.0,0.0,0.0,0.0,,,,,18473,global,0.4
1,3,lr1e-04_bs32_modL1_fusion32_fusionL1_fusionBN0_drop0p1__wd1e-04trmiss40_trlocglobal,32,0.0001,0.0001,1,32,1,False,0.1,lr1e-04_bs32_modL1_fusion32_fusionL1_fusionBN0_drop0p1__wd1e-04trmiss40_trlocglobal,1,0.6972728868325552,0.6827499270439148,0.7242063492063492,0.7967644642855993,0.5555555555555556,0.0,0.0,0.0,0.0,0.0,0.0,0.0,0.0,0.0,,,,,18473,global,0.4
1,3,lr1e-04_bs32_modL1_fusion32_fusionL1_fusionBN0_drop0p1__wd1e-04trmiss40_trlocglobal,32,0.0001,0.0001,1,32,1,False,0.1,lr1e-04_bs32_modL1_fusion32_fusionL1_fusionBN0_drop0p1__wd1e-04trmiss40_trlocglobal,2,0.6696395576000214,0.6785862743854523,0.7182539682539683,0.7918548636379552,0.6,0.0,0.0,0.0,0.0,0.0,0.0,0.0,0.0,0.0,,,,,18473,global,0.4
1,3,lr1e-04_bs32_modL1_fusion32_fusionL1_fusionBN0_drop0p1__wd1e-04trmiss40_trlocglobal,32,0.0001,0.0001,1,32,1,False,0.1,lr1e-04_bs32_modL1_fusion32_fusionL1_fusionBN0_drop0p1__wd1e-04trmiss40_trlocglobal,3,0.6588924825191498,0.675902396440506,0.7142857142857143,0.7766156385164837,0.6,0.0,0.0,0.0,0.0,0.0,0.0,0.0,0.0,0.0,,,,,18473,global,0.4
1,3,lr1e-04_bs32_modL1_fusion32_fusionL1_fusionBN0_drop0p1__wd1e-04trmiss40_trlocglobal,32,0.0001,0.0001,1,32,1,False,0.1,lr1e-04_bs32_modL1_fusion32_fusionL1_fusionBN0_drop0p1__wd1e-04trmiss40_trlocglobal,4,0.6509566307067871,0.6732674837112427,0.6984126984126984,0.7460661633313082,0.5777777777777777,0.0,0.0,0.0,0.0,0.0,0.0,0.0,0.0,0.0,,,,,18473,global,0.4
1,3,lr1e-04_bs32_modL1_fusion32_fusionL1_fusionBN0_drop0p1__wd1e-04trmiss40_trlocglobal,32,0.0001,0.0001,1,32,1,False,0.1,lr1e-04_bs32_modL1_fusion32_fusionL1_fusionBN0_drop0p1__wd1e-04trmiss40_trlocglobal,5,0.6363799273967743,0.6717637479305267,0.6984126984126984,0.7290547716875636,0.5777777777777777,0.0,0.0,0.0,0.0,0.0,0.0,0.0,0.0,0.0,,,,,18473,global,0.4
1,3,lr1e-04_bs32_modL1_fusion32_fusionL1_fusionBN0_drop0p1__wd1e-04trmiss40_trlocglobal,32,0.0001,0.0001,1,32,1,False,0.1,lr1e-04_bs32_modL1_fusion32_fusionL1_fusionBN0_drop0p1__wd1e-04trmiss40_trlocglobal,6,0.6277285019556681,0.6708908975124359,0.7023809523809524,0.7211069123810087,0.5555555555555556,0.0,0.0,0.0,0.0,0.0,0.0,0.0,0.0,0.0,,,,,18473,global,0.4
1,3,lr1e-04_bs32_modL1_fusion32_fusionL1_fusionBN0_drop0p1__wd1e-04trmiss40_trlocglobal,32,0.0001,0.0001,1,32,1,False,0.1,lr1e-04_bs32_modL1_fusion32_fusionL1_fusionBN0_drop0p1__wd1e-04trmiss40_trlocglobal,7,0.6235764920711517,0.6703860461711884,0.7083333333333333,0.7201692566111425,0.5777777777777777,0.0,0.0,0.0,0.0,0.0,0.0,0.0,0.0,0.0,,,,,18473,global,0.4
1,3,lr1e-04_bs32_modL1_fusion32_fusionL1_fusionBN0_drop0p1__wd1e-04trmiss40_trlocglobal,32,0.0001,0.0001,1,32,1,False,0.1,lr1e-04_bs32_modL1_fusion32_fusionL1_fusionBN0_drop0p1__wd1e-04trmiss40_trlocglobal,8,0.6181477804978689,0.6680898368358612,0.7083333333333334,0.7069880087332036,0.5777777777777777,0.0,0.0,0.0,0.0,0.0,0.0,0.0,0.0,0.0,,,,,18473,global,0.4
1,3,lr1e-04_bs32_modL1_fusion32_fusionL1_fusionBN0_drop0p1__wd1e-04trmiss40_trlocglobal,32,0.0001,0.0001,1,32,1,False,0.1,lr1e-04_bs32_modL1_fusion32_fusionL1_fusionBN0_drop0p1__wd1e-04trmiss40_trlocglobal,9,0.6022179921468099,0.6664684414863586,0.7162698412698414,0.7078801547612191,0.6,0.0,0.0,0.0,0.0,0.0,0.0,0.0,0.0,0.0,,,,,18473,global,0.4
1,3,lr1e-04_bs32_modL1_fusion32_fusionL1_fusionBN0_drop0p1__wd1e-04trmiss40_trlocglobal,32,0.0001,0.0001,1,32,1,False,0.1,lr1e-04_bs32_modL1_fusion32_fusionL1_fusionBN0_drop0p1__wd1e-04trmiss40_trlocglobal,10,0.5989908774693807,0.6649685800075531,0.7202380952380953,0.7102578207398913,0.6,0.0,0.0,0.0,0.0,0.0,0.0,0.0,0.0,0.0,,,,,18473,global,0.4
1,3,lr1e-04_bs32_modL1_fusion32_fusionL1_fusionBN0_drop0p1__wd1e-04trmiss40_trlocglobal,32,0.0001,0.0001,1,32,1,False,0.1,lr1e-04_bs32_modL1_fusion32_fusionL1_fusionBN0_drop0p1__wd1e-04trmiss40_trlocglobal,11,0.5971168279647827,0.6642695367336273,0.7142857142857143,0.7071257663319649,0.6,0.0,0.0,0.0,0.0,0.0,0.0,0.0,0.0,0.0,,,,,18473,global,0.4
1,3,lr1e-04_bs32_modL1_fusion32_fusionL1_fusionBN0_drop0p1__wd1e-04trmiss40_trlocglobal,32,0.0001,0.0001,1,32,1,False,0.1,lr1e-04_bs32_modL1_fusion32_fusionL1_fusionBN0_drop0p1__wd1e-04trmiss40_trlocglobal,12,0.5814890066782633,0.6623495519161224,0.7142857142857143,0.7036443956981574,0.6222222222222222,0.0,0.0,0.0,0.0,0.0,0.0,0.0,0.0,0.0,,,,,18473,global,0.4
1,3,lr1e-04_bs32_modL1_fusion32_fusionL1_fusionBN0_drop0p1__wd1e-04trmiss40_trlocglobal,32,0.0001,0.0001,1,32,1,False,0.1,lr1e-04_bs32_modL1_fusion32_fusionL1_fusionBN0_drop0p1__wd1e-04trmiss40_trlocglobal,13,0.5798178613185883,0.6589133739471436,0.7261904761904762,0.7159108476994295,0.6444444444444445,0.0,0.0,0.0,0.0,0.0,0.0,0.0,0.0,0.0,,,,,18473,global,0.4
1,3,lr1e-04_bs32_modL1_fusion32_fusionL1_fusionBN0_drop0p1__wd1e-04trmiss40_trlocglobal,32,0.0001,0.0001,1,32,1,False,0.1,lr1e-04_bs32_modL1_fusion32_fusionL1_fusionBN0_drop0p1__wd1e-04trmiss40_trlocglobal,14,0.5676601827144623,0.6549594104290009,0.7380952380952381,0.7322517576693642,0.6444444444444445,0.0,0.0,0.0,0.0,0.0,0.0,0.0,0.0,0.0,,,,,18473,global,0.4
1,3,lr1e-04_bs32_modL1_fusion32_fusionL1_fusionBN0_drop0p1__wd1e-04trmiss40_trlocglobal,32,0.0001,0.0001,1,32,1,False,0.1,lr1e-04_bs32_modL1_fusion32_fusionL1_fusionBN0_drop0p1__wd1e-04trmiss40_trlocglobal,15,0.5609851082166036,0.6562757790088654,0.75,0.7390201319186464,0.6444444444444445,0.0,0.0,0.0,0.0,0.0,0.0,0.0,0.0,0.0,,,,,18473,global,0.4
1,3,lr1e-04_bs32_modL1_fusion32_fusionL1_fusionBN0_drop0p1__wd1e-04trmiss40_trlocglobal,32,0.0001,0.0001,1,32,1,False,0.1,lr1e-04_bs32_modL1_fusion32_fusionL1_fusionBN0_drop0p1__wd1e-04trmiss40_trlocglobal,16,0.5538235207398733,0.6564349830150604,0.748015873015873,0.735641630627628,0.6,0.0,0.0,0.0,0.0,0.0,0.0,0.0,0.0,0.0,,,,,18473,global,0.4
1,3,lr1e-04_bs32_modL1_fusion32_fusionL1_fusionBN0_drop0p1__wd1e-04trmiss40_trlocglobal,32,0.0001,0.0001,1,32,1,False,0.1,lr1e-04_bs32_modL1_fusion32_fusionL1_fusionBN0_drop0p1__wd1e-04trmiss40_trlocglobal,17,0.5495049556096395,0.6553003489971161,0.7440476190476191,0.7230761499750971,0.6,0.0,0.0,0.0,0.0,0.0,0.0,0.0,0.0,0.0,,,,,18473,global,0.4
1,3,lr1e-04_bs32_modL1_fusion32_fusionL1_fusionBN0_drop0p1__wd1e-04trmiss40_trlocglobal,32,0.0001,0.0001,1,32,1,False,0.1,lr1e-04_bs32_modL1_fusion32_fusionL1_fusionBN0_drop0p1__wd1e-04trmiss40_trlocglobal,18,0.5456124246120453,0.6547941267490387,0.746031746031746,0.7263624301105654,0.6222222222222222,0.0,0.0,0.0,0.0,0.0,0.0,0.0,0.0,0.0,,,,,18473,global,0.4
1,3,lr1e-04_bs32_modL1_fusion32_fusionL1_fusionBN0_drop0p1__wd1e-04trmiss40_trlocglobal,32,0.0001,0.0001,1,32,1,False,0.1,lr1e-04_bs32_modL1_fusion32_fusionL1_fusionBN0_drop0p1__wd1e-04trmiss40_trlocglobal,19,0.5320736865202585,0.6558714807033539,0.7341269841269842,0.7127089675975875,0.6666666666666666,0.0,0.0,0.0,0.0,0.0,0.0,0.0,0.0,0.0,,,,,18473,global,0.4
1,3,lr1e-04_bs32_modL1_fusion32_fusionL1_fusionBN0_drop0p1__wd1e-04trmiss40_trlocglobal,32,0.0001,0.0001,1,32,1,False,0.1,lr1e-04_bs32_modL1_fusion32_fusionL1_fusionBN0_drop0p1__wd1e-04trmiss40_trlocglobal,20,0.5262982944647471,0.6526104509830475,0.7261904761904762,0.7112787199159777,0.6444444444444445,0.0,0.0,0.0,0.0,0.0,0.0,0.0,0.0,0.0,,,,,18473,global,0.4
1,3,lr1e-04_bs32_modL1_fusion32_fusionL1_fusionBN0_drop0p1__wd1e-04trmiss40_trlocglobal,32,0.0001,0.0001,1,32,1,False,0.1,lr1e-04_bs32_modL1_fusion32_fusionL1_fusionBN0_drop0p1__wd1e-04trmiss40_trlocglobal,21,0.5144095122814178,0.6507062017917633,0.7420634920634921,0.7208603890871094,0.6888888888888889,0.0,0.0,0.0,0.0,0.0,0.0,0.0,0.0,0.0,,,,,18473,global,0.4
1,3,lr1e-04_bs32_modL1_fusion32_fusionL1_fusionBN0_drop0p1__wd1e-04trmiss40_trlocglobal,32,0.0001,0.0001,1,32,1,False,0.1,lr1e-04_bs32_modL1_fusion32_fusionL1_fusionBN0_drop0p1__wd1e-04trmiss40_trlocglobal,22,0.5129207173983256,0.6488325893878937,0.75,0.7230500465026243,0.6888888888888889,0.0,0.0,0.0,0.0,0.0,0.0,0.0,0.0,0.0,,,,,18473,global,0.4
1,3,lr1e-04_bs32_modL1_fusion32_fusionL1_fusionBN0_drop0p1__wd1e-04trmiss40_trlocglobal,32,0.0001,0.0001,1,32,1,False,0.1,lr1e-04_bs32_modL1_fusion32_fusionL1_fusionBN0_drop0p1__wd1e-04trmiss40_trlocglobal,23,0.5030712087949117,0.6458457708358765,0.748015873015873,0.7267132979013412,0.6444444444444445,0.0,0.0,0.0,0.0,0.0,0.0,0.0,0.0,0.0,,,,,18473,global,0.4
1,3,lr1e-04_bs32_modL1_fusion32_fusionL1_fusionBN0_drop0p1__wd1e-04trmiss40_trlocglobal,32,0.0001,0.0001,1,32,1,False,0.1,lr1e-04_bs32_modL1_fusion32_fusionL1_fusionBN0_drop0p1__wd1e-04trmiss40_trlocglobal,24,0.4948030412197113,0.651164710521698,0.748015873015873,0.7228445083265067,0.6666666666666666,0.0,0.0,0.0,0.0,0.0,0.0,0.0,0.0,0.0,,,,,18473,global,0.4
1,3,lr1e-04_bs32_modL1_fusion32_fusionL1_fusionBN0_drop0p1__wd1e-04trmiss40_trlocglobal,32,0.0001,0.0001,1,32,1,False,0.1,lr1e-04_bs32_modL1_fusion32_fusionL1_fusionBN0_drop0p1__wd1e-04trmiss40_trlocglobal,25,0.49223056932290393,0.6497937440872192,0.7420634920634921,0.7209218745524467,0.6666666666666666,0.0,0.0,0.0,0.0,0.0,0.0,0.0,0.0,0.0,,,,,18473,global,0.4
1,3,lr1e-04_bs32_modL1_fusion32_fusionL1_fusionBN0_drop0p1__wd1e-04trmiss40_trlocglobal,32,0.0001,0.0001,1,32,1,False,0.1,lr1e-04_bs32_modL1_fusion32_fusionL1_fusionBN0_drop0p1__wd1e-04trmiss40_trlocglobal,26,0.48542848726113635,0.6509013772010803,0.7400793650793651,0.7181803151638615,0.6888888888888889,0.0,0.0,0.0,0.0,0.0,0.0,0.0,0.0,0.0,,,,,18473,global,0.4
1,3,lr1e-04_bs32_modL1_fusion32_fusionL1_fusionBN0_drop0p1__wd1e-04trmiss40_trlocglobal,32,0.0001,0.0001,1,32,1,False,0.1,lr1e-04_bs32_modL1_fusion32_fusionL1_fusionBN0_drop0p1__wd1e-04trmiss40_trlocglobal,27,0.4826167970895767,0.6479829251766205,0.7420634920634921,0.719566876927521,0.6666666666666666,0.0,0.0,0.0,0.0,0.0,0.0,0.0,0.0,0.0,,,,,18473,global,0.4
1,3,lr1e-04_bs32_modL1_fusion32_fusionL1_fusionBN0_drop0p1__wd1e-04trmiss40_trlocglobal,32,0.0001,0.0001,1,32,1,False,0.1,lr1e-04_bs32_modL1_fusion32_fusionL1_fusionBN0_drop0p1__wd1e-04trmiss40_trlocglobal,28,0.47642331818739575,0.6472155749797821,0.746031746031746,0.721429241458776,0.6888888888888889,0.0,0.0,0.0,0.0,0.0,0.0,0.0,0.0,0.0,,,,,18473,global,0.4
1,3,lr1e-04_bs32_modL1_fusion32_fusionL1_fusionBN0_drop0p1__wd1e-04trmiss40_trlocglobal,32,0.0001,0.0001,1,32,1,False,0.1,lr1e-04_bs32_modL1_fusion32_fusionL1_fusionBN0_drop0p1__wd1e-04trmiss40_trlocglobal,29,0.4567469259103139,0.645730197429657,0.7579365079365079,0.7360936713313501,0.6888888888888889,0.0,0.0,0.0,0.0,0.0,0.0,0.0,0.0,0.0,,,,,18473,global,0.4
1,3,lr1e-04_bs32_modL1_fusion32_fusionL1_fusionBN0_drop0p1__wd1e-04trmiss40_trlocglobal,32,0.0001,0.0001,1,32,1,False,0.1,lr1e-04_bs32_modL1_fusion32_fusionL1_fusionBN0_drop0p1__wd1e-04trmiss40_trlocglobal,30,0.46194034814834595,0.6456375420093536,0.7638888888888888,0.7399520560648594,0.7333333333333333,0.0,0.0,0.0,0.0,0.0,0.0,0.0,0.0,0.0,,,,,18473,global,0.4
1,3,lr1e-04_bs32_modL1_fusion32_fusionL1_fusionBN0_drop0p1__wd1e-04trmiss40_trlocglobal,32,0.0001,0.0001,1,32,1,False,0.1,lr1e-04_bs32_modL1_fusion32_fusionL1_fusionBN0_drop0p1__wd1e-04trmiss40_trlocglobal,31,0.45493772625923157,0.6454594135284424,0.753968253968254,0.7330735028385893,0.7333333333333333,0.0,0.0,0.0,0.0,0.0,0.0,0.0,0.0,0.0,,,,,18473,global,0.4
1,3,lr1e-04_bs32_modL1_fusion32_fusionL1_fusionBN0_drop0p1__wd1e-04trmiss40_trlocglobal,32,0.0001,0.0001,1,32,1,False,0.1,lr1e-04_bs32_modL1_fusion32_fusionL1_fusionBN0_drop0p1__wd1e-04trmiss40_trlocglobal,32,0.4505898654460907,0.6420439779758453,0.7579365079365079,0.7395485342740872,0.7111111111111111,0.0,0.0,0.0,0.0,0.0,0.0,0.0,0.0,0.0,,,,,18473,global,0.4
1,3,lr1e-04_bs32_modL1_fusion32_fusionL1_fusionBN0_drop0p1__wd1e-04trmiss40_trlocglobal,32,0.0001,0.0001,1,32,1,False,0.1,lr1e-04_bs32_modL1_fusion32_fusionL1_fusionBN0_drop0p1__wd1e-04trmiss40_trlocglobal,33,0.4436962157487869,0.6375793516635895,0.746031746031746,0.7321859430537465,0.6666666666666666,0.0,0.0,0.0,0.0,0.0,0.0,0.0,0.0,0.0,,,,,18473,global,0.4
1,3,lr1e-04_bs32_modL1_fusion32_fusionL1_fusionBN0_drop0p1__wd1e-04trmiss40_trlocglobal,32,0.0001,0.0001,1,32,1,False,0.1,lr1e-04_bs32_modL1_fusion32_fusionL1_fusionBN0_drop0p1__wd1e-04trmiss40_trlocglobal,34,0.4351416577895482,0.6395323872566223,0.751984126984127,0.7419288348927474,0.7111111111111111,0.0,0.0,0.0,0.0,0.0,0.0,0.0,0.0,0.0,,,,,18473,global,0.4
1,3,lr1e-04_bs32_modL1_fusion32_fusionL1_fusionBN0_drop0p1__wd1e-04trmiss40_trlocglobal,32,0.0001,0.0001,1,32,1,False,0.1,lr1e-04_bs32_modL1_fusion32_fusionL1_fusionBN0_drop0p1__wd1e-04trmiss40_trlocglobal,35,0.42916277547677356,0.6400388479232788,0.746031746031746,0.7377941972486408,0.7111111111111111,0.0,0.0,0.0,0.0,0.0,0.0,0.0,0.0,0.0,,,,,18473,global,0.4
1,3,lr1e-04_bs32_modL1_fusion32_fusionL1_fusionBN0_drop0p1__wd1e-04trmiss40_trlocglobal,32,0.0001,0.0001,1,32,1,False,0.1,lr1e-04_bs32_modL1_fusion32_fusionL1_fusionBN0_drop0p1__wd1e-04trmiss40_trlocglobal,36,0.4270351231098175,0.6389806568622589,0.7380952380952381,0.7313078053464387,0.6888888888888889,0.0,0.0,0.0,0.0,0.0,0.0,0.0,0.0,0.0,,,,,18473,global,0.4
1,3,lr1e-04_bs32_modL1_fusion32_fusionL1_fusionBN0_drop0p1__wd1e-04trmiss40_trlocglobal,32,0.0001,0.0001,1,32,1,False,0.1,lr1e-04_bs32_modL1_fusion32_fusionL1_fusionBN0_drop0p1__wd1e-04trmiss40_trlocglobal,37,0.42064949373404187,0.6401586532592773,0.7380952380952381,0.7317969633473028,0.7111111111111111,0.0,0.0,0.0,0.0,0.0,0.0,0.0,0.0,0.0,,,,,18473,global,0.4
1,3,lr1e-04_bs32_modL1_fusion32_fusionL1_fusionBN0_drop0p1__wd1e-04trmiss40_trlocglobal,32,0.0001,0.0001,1,32,1,False,0.1,lr1e-04_bs32_modL1_fusion32_fusionL1_fusionBN0_drop0p1__wd1e-04trmiss40_trlocglobal,38,0.4198899418115616,0.6384294331073761,0.7341269841269841,0.7270756271260571,0.6666666666666666,0.0,0.0,0.0,0.0,0.0,0.0,0.0,0.0,0.0,,,,,18473,global,0.4
1,3,lr1e-04_bs32_modL1_fusion32_fusionL1_fusionBN0_drop0p1__wd1e-04trmiss40_trlocglobal,32,0.0001,0.0001,1,32,1,False,0.1,lr1e-04_bs32_modL1_fusion32_fusionL1_fusionBN0_drop0p1__wd1e-04trmiss40_trlocglobal,39,0.4139034499724706,0.637502133846283,0.7440476190476191,0.7365152230836486,0.6666666666666666,0.0,0.0,0.0,0.0,0.0,0.0,0.0,0.0,0.0,,,,,18473,global,0.4
1,3,lr1e-04_bs32_modL1_fusion32_fusionL1_fusionBN0_drop0p1__wd1e-04trmiss40_trlocglobal,32,0.0001,0.0001,1,32,1,False,0.1,lr1e-04_bs32_modL1_fusion32_fusionL1_fusionBN0_drop0p1__wd1e-04trmiss40_trlocglobal,40,0.4043980538845062,0.6359283328056335,0.7361111111111112,0.7325339263036931,0.6888888888888889,0.0,0.0,0.0,0.0,0.0,0.0,0.0,0.0,0.0,,,,,18473,global,0.4
1,3,lr1e-04_bs32_modL1_fusion32_fusionL1_fusionBN0_drop0p1__wd1e-04trmiss40_trlocglobal,32,0.0001,0.0001,1,32,1,False,0.1,lr1e-04_bs32_modL1_fusion32_fusionL1_fusionBN0_drop0p1__wd1e-04trmiss40_trlocglobal,41,0.40413962801297504,0.6369813978672028,0.7321428571428572,0.72661399792869,0.6888888888888889,0.0,0.0,0.0,0.0,0.0,0.0,0.0,0.0,0.0,,,,,18473,global,0.4
1,3,lr1e-04_bs32_modL1_fusion32_fusionL1_fusionBN0_drop0p1__wd1e-04trmiss40_trlocglobal,32,0.0001,0.0001,1,32,1,False,0.1,lr1e-04_bs32_modL1_fusion32_fusionL1_fusionBN0_drop0p1__wd1e-04trmiss40_trlocglobal,42,0.399232084552447,0.6368313133716583,0.7301587301587302,0.7251259026905948,0.6666666666666666,0.0,0.0,0.0,0.0,0.0,0.0,0.0,0.0,0.0,,,,,18473,global,0.4
1,3,lr1e-04_bs32_modL1_fusion32_fusionL1_fusionBN0_drop0p1__wd1e-04trmiss40_trlocglobal,32,0.0001,0.0001,1,32,1,False,0.1,lr1e-04_bs32_modL1_fusion32_fusionL1_fusionBN0_drop0p1__wd1e-04trmiss40_trlocglobal,43,0.3969099322954814,0.636553019285202,0.7261904761904763,0.7245693902394879,0.6888888888888889,0.0,0.0,0.0,0.0,0.0,0.0,0.0,0.0,0.0,,,,,18473,global,0.4
1,3,lr1e-04_bs32_modL1_fusion32_fusionL1_fusionBN0_drop0p1__wd1e-04trmiss40_trlocglobal,32,0.0001,0.0001,1,32,1,False,0.1,lr1e-04_bs32_modL1_fusion32_fusionL1_fusionBN0_drop0p1__wd1e-04trmiss40_trlocglobal,44,0.38045646250247955,0.6381424069404602,0.7202380952380952,0.7144428225669642,0.7111111111111111,0.0,0.0,0.0,0.0,0.0,0.0,0.0,0.0,0.0,,,,,18473,global,0.4
1,3,lr1e-04_bs32_modL1_fusion32_fusionL1_fusionBN0_drop0p1__wd1e-04trmiss40_trlocglobal,32,0.0001,0.0001,1,32,1,False,0.1,lr1e-04_bs32_modL1_fusion32_fusionL1_fusionBN0_drop0p1__wd1e-04trmiss40_trlocglobal,45,0.3869875868161519,0.6376948952674866,0.7222222222222222,0.7201686399594484,0.6888888888888889,0.0,0.0,0.0,0.0,0.0,0.0,0.0,0.0,0.0,,,,,18473,global,0.4
1,3,lr1e-04_bs32_modL1_fusion32_fusionL1_fusionBN0_drop0p1__wd1e-04trmiss40_trlocglobal,32,0.0001,0.0001,1,32,1,False,0.1,lr1e-04_bs32_modL1_fusion32_fusionL1_fusionBN0_drop0p1__wd1e-04trmiss40_trlocglobal,46,0.3796277493238449,0.635922759771347,0.7261904761904762,0.7274477981754616,0.7111111111111111,0.0,0.0,0.0,0.0,0.0,0.0,0.0,0.0,0.0,,,,,18473,global,0.4
1,3,lr1e-04_bs32_modL1_fusion32_fusionL1_fusionBN0_drop0p1__wd1e-04trmiss40_trlocglobal,32,0.0001,0.0001,1,32,1,False,0.1,lr1e-04_bs32_modL1_fusion32_fusionL1_fusionBN0_drop0p1__wd1e-04trmiss40_trlocglobal,47,0.38077449301878613,0.6357839107513428,0.7202380952380952,0.7228596507173428,0.7111111111111111,0.0,0.0,0.0,0.0,0.0,0.0,0.0,0.0,0.0,,,,,18473,global,0.4
1,3,lr1e-04_bs32_modL1_fusion32_fusionL1_fusionBN0_drop0p1__wd1e-04trmiss40_trlocglobal,32,0.0001,0.0001,1,32,1,False,0.1,lr1e-04_bs32_modL1_fusion32_fusionL1_fusionBN0_drop0p1__wd1e-04trmiss40_trlocglobal,48,0.3710173765818278,0.6371079087257385,0.7242063492063493,0.7240932568029226,0.6888888888888889,0.0,0.0,0.0,0.0,0.0,0.0,0.0,0.0,0.0,,,,,18473,global,0.4
1,3,lr1e-04_bs32_modL1_fusion32_fusionL1_fusionBN0_drop0p1__wd1e-04trmiss40_trlocglobal,32,0.0001,0.0001,1,32,1,False,0.1,lr1e-04_bs32_modL1_fusion32_fusionL1_fusionBN0_drop0p1__wd1e-04trmiss40_trlocglobal,49,0.3764232099056244,0.6351284384727478,0.7261904761904762,0.7235656504336647,0.6888888888888889,0.0,0.0,0.0,0.0,0.0,0.0,0.0,0.0,0.0,,,,,18473,global,0.4
1,3,lr1e-04_bs32_modL1_fusion32_fusionL1_fusionBN0_drop0p1__wd1e-04trmiss40_trlocglobal,32,0.0001,0.0001,1,32,1,False,0.1,lr1e-04_bs32_modL1_fusion32_fusionL1_fusionBN0_drop0p1__wd1e-04trmiss40_trlocglobal,50,0.3658378819624583,0.6337608993053436,0.7202380952380952,0.7165683404472243,0.6888888888888889,0.0,0.0,0.0,0.0,0.0,0.0,0.0,0.0,0.0,,,,,18473,global,0.4
1,3,lr5e-05_bs32_modL1_fusion16_fusionL1_fusionBN0_drop0p2__wd1e-04trmiss40_trlocglobal,32,5e-05,0.0001,1,16,1,False,0.2,lr5e-05_bs32_modL1_fusion16_fusionL1_fusionBN0_drop0p2__wd1e-04trmiss40_trlocglobal,1,0.7066002984841665,0.7007912695407867,0.4285714285714286,0.5050862011294367,0.5555555555555556,0.0,0.0,0.0,0.0,0.0,0.0,0.0,0.0,0.0,,,,,18473,global,0.4
1,3,lr5e-05_bs32_modL1_fusion16_fusionL1_fusionBN0_drop0p2__wd1e-04trmiss40_trlocglobal,32,5e-05,0.0001,1,16,1,False,0.2,lr5e-05_bs32_modL1_fusion16_fusionL1_fusionBN0_drop0p2__wd1e-04trmiss40_trlocglobal,2,0.6937616964181265,0.7001572251319885,0.4900793650793651,0.538109033389944,0.5555555555555556,0.0,0.0,0.0,0.0,0.0,0.0,0.0,0.0,0.0,,,,,18473,global,0.4
1,3,lr5e-05_bs32_modL1_fusion16_fusionL1_fusionBN0_drop0p2__wd1e-04trmiss40_trlocglobal,32,5e-05,0.0001,1,16,1,False,0.2,lr5e-05_bs32_modL1_fusion16_fusionL1_fusionBN0_drop0p2__wd1e-04trmiss40_trlocglobal,3,0.6821854114532471,0.6999001502990723,0.5,0.5432746385627388,0.5777777777777777,0.0,0.0,0.0,0.0,0.0,0.0,0.0,0.0,0.0,,,,,18473,global,0.4
1,3,lr5e-05_bs32_modL1_fusion16_fusionL1_fusionBN0_drop0p2__wd1e-04trmiss40_trlocglobal,32,5e-05,0.0001,1,16,1,False,0.2,lr5e-05_bs32_modL1_fusion16_fusionL1_fusionBN0_drop0p2__wd1e-04trmiss40_trlocglobal,4,0.6729551752408346,0.6987630128860474,0.5059523809523809,0.5432995184704885,0.6222222222222222,0.0,0.0,0.0,0.0,0.0,0.0,0.0,0.0,0.0,,,,,18473,global,0.4
1,3,lr5e-05_bs32_modL1_fusion16_fusionL1_fusionBN0_drop0p2__wd1e-04trmiss40_trlocglobal,32,5e-05,0.0001,1,16,1,False,0.2,lr5e-05_bs32_modL1_fusion16_fusionL1_fusionBN0_drop0p2__wd1e-04trmiss40_trlocglobal,5,0.67329008380572,0.696587324142456,0.5337301587301587,0.555391915074218,0.6,0.0,0.0,0.0,0.0,0.0,0.0,0.0,0.0,0.0,,,,,18473,global,0.4
1,3,lr5e-05_bs32_modL1_fusion16_fusionL1_fusionBN0_drop0p2__wd1e-04trmiss40_trlocglobal,32,5e-05,0.0001,1,16,1,False,0.2,lr5e-05_bs32_modL1_fusion16_fusionL1_fusionBN0_drop0p2__wd1e-04trmiss40_trlocglobal,6,0.6673312981923422,0.6946127414703369,0.5317460317460317,0.5553904891461444,0.6222222222222222,0.0,0.0,0.0,0.0,0.0,0.0,0.0,0.0,0.0,,,,,18473,global,0.4
1,3,lr5e-05_bs32_modL1_fusion16_fusionL1_fusionBN0_drop0p2__wd1e-04trmiss40_trlocglobal,32,5e-05,0.0001,1,16,1,False,0.2,lr5e-05_bs32_modL1_fusion16_fusionL1_fusionBN0_drop0p2__wd1e-04trmiss40_trlocglobal,7,0.6548569699128469,0.6929786801338196,0.5337301587301587,0.5593107600238364,0.5777777777777777,0.0,0.0,0.0,0.0,0.0,0.0,0.0,0.0,0.0,,,,,18473,global,0.4
1,3,lr5e-05_bs32_modL1_fusion16_fusionL1_fusionBN0_drop0p2__wd1e-04trmiss40_trlocglobal,32,5e-05,0.0001,1,16,1,False,0.2,lr5e-05_bs32_modL1_fusion16_fusionL1_fusionBN0_drop0p2__wd1e-04trmiss40_trlocglobal,8,0.6502199073632559,0.6910987496376038,0.5436507936507937,0.5716344907918606,0.5777777777777777,0.0,0.0,0.0,0.0,0.0,0.0,0.0,0.0,0.0,,,,,18473,global,0.4
1,3,lr5e-05_bs32_modL1_fusion16_fusionL1_fusionBN0_drop0p2__wd1e-04trmiss40_trlocglobal,32,5e-05,0.0001,1,16,1,False,0.2,lr5e-05_bs32_modL1_fusion16_fusionL1_fusionBN0_drop0p2__wd1e-04trmiss40_trlocglobal,9,0.6485807696978251,0.6928938031196594,0.5376984126984127,0.5655224549125066,0.5555555555555556,0.0,0.0,0.0,0.0,0.0,0.0,0.0,0.0,0.0,,,,,18473,global,0.4
1,3,lr5e-05_bs32_modL1_fusion16_fusionL1_fusionBN0_drop0p2__wd1e-04trmiss40_trlocglobal,32,5e-05,0.0001,1,16,1,False,0.2,lr5e-05_bs32_modL1_fusion16_fusionL1_fusionBN0_drop0p2__wd1e-04trmiss40_trlocglobal,10,0.6452574332555135,0.6946762502193451,0.5297619047619048,0.5604228927427736,0.5555555555555556,0.0,0.0,0.0,0.0,0.0,0.0,0.0,0.0,0.0,,,,,18473,global,0.4
1,3,lr5e-05_bs32_modL1_fusion16_fusionL1_fusionBN0_drop0p2__wd1e-04trmiss40_trlocglobal,32,5e-05,0.0001,1,16,1,False,0.2,lr5e-05_bs32_modL1_fusion16_fusionL1_fusionBN0_drop0p2__wd1e-04trmiss40_trlocglobal,11,0.6409664253393809,0.6924987435340881,0.5376984126984127,0.5766259793954917,0.5333333333333333,0.0,0.0,0.0,0.0,0.0,0.0,0.0,0.0,0.0,,,,,18473,global,0.4
1,3,lr5e-05_bs32_modL1_fusion16_fusionL1_fusionBN0_drop0p2__wd1e-04trmiss40_trlocglobal,32,5e-05,0.0001,1,16,1,False,0.2,lr5e-05_bs32_modL1_fusion16_fusionL1_fusionBN0_drop0p2__wd1e-04trmiss40_trlocglobal,12,0.6399869124094645,0.6914428174495697,0.5575396825396826,0.5883752577595751,0.6222222222222222,0.0,0.0,0.0,0.0,0.0,0.0,0.0,0.0,0.0,,,,,18473,global,0.4
1,3,lr5e-05_bs32_modL1_fusion16_fusionL1_fusionBN0_drop0p2__wd1e-04trmiss40_trlocglobal,32,5e-05,0.0001,1,16,1,False,0.2,lr5e-05_bs32_modL1_fusion16_fusionL1_fusionBN0_drop0p2__wd1e-04trmiss40_trlocglobal,13,0.6314750611782074,0.6915161609649658,0.5456349206349207,0.5800217660511983,0.6222222222222222,0.0,0.0,0.0,0.0,0.0,0.0,0.0,0.0,0.0,,,,,18473,global,0.4
1,3,lr5e-05_bs32_modL1_fusion16_fusionL1_fusionBN0_drop0p2__wd1e-04trmiss40_trlocglobal,32,5e-05,0.0001,1,16,1,False,0.2,lr5e-05_bs32_modL1_fusion16_fusionL1_fusionBN0_drop0p2__wd1e-04trmiss40_trlocglobal,14,0.6279069483280182,0.6925978660583496,0.5496031746031746,0.5846099517852174,0.6,0.0,0.0,0.0,0.0,0.0,0.0,0.0,0.0,0.0,,,,,18473,global,0.4
1,3,lr5e-05_bs32_modL1_fusion16_fusionL1_fusionBN0_drop0p2__wd1e-04trmiss40_trlocglobal,32,5e-05,0.0001,1,16,1,False,0.2,lr5e-05_bs32_modL1_fusion16_fusionL1_fusionBN0_drop0p2__wd1e-04trmiss40_trlocglobal,15,0.6220354437828064,0.693188339471817,0.5376984126984127,0.5766906509444047,0.5777777777777777,0.0,0.0,0.0,0.0,0.0,0.0,0.0,0.0,0.0,,,,,18473,global,0.4
1,3,lr5e-05_bs32_modL1_fusion16_fusionL1_fusionBN0_drop0p2__wd1e-04trmiss40_trlocglobal,32,5e-05,0.0001,1,16,1,False,0.2,lr5e-05_bs32_modL1_fusion16_fusionL1_fusionBN0_drop0p2__wd1e-04trmiss40_trlocglobal,16,0.6222901244958242,0.6922843158245087,0.5337301587301587,0.5742991541879194,0.5555555555555556,0.0,0.0,0.0,0.0,0.0,0.0,0.0,0.0,0.0,,,,,18473,global,0.4
1,3,lr5e-05_bs32_modL1_fusion16_fusionL1_fusionBN0_drop0p2__wd1e-04trmiss40_trlocglobal,32,5e-05,0.0001,1,16,1,False,0.2,lr5e-05_bs32_modL1_fusion16_fusionL1_fusionBN0_drop0p2__wd1e-04trmiss40_trlocglobal,17,0.6095077594121298,0.6897707879543304,0.5396825396825398,0.5770178450409528,0.5777777777777777,0.0,0.0,0.0,0.0,0.0,0.0,0.0,0.0,0.0,,,,,18473,global,0.4
1,3,lr5e-05_bs32_modL1_fusion16_fusionL1_fusionBN0_drop0p2__wd1e-04trmiss40_trlocglobal,32,5e-05,0.0001,1,16,1,False,0.2,lr5e-05_bs32_modL1_fusion16_fusionL1_fusionBN0_drop0p2__wd1e-04trmiss40_trlocglobal,18,0.6165913045406342,0.6870042979717255,0.5595238095238095,0.5899261936187363,0.5777777777777777,0.0,0.0,0.0,0.0,0.0,0.0,0.0,0.0,0.0,,,,,18473,global,0.4
1,3,lr5e-05_bs32_modL1_fusion16_fusionL1_fusionBN0_drop0p2__wd1e-04trmiss40_trlocglobal,32,5e-05,0.0001,1,16,1,False,0.2,lr5e-05_bs32_modL1_fusion16_fusionL1_fusionBN0_drop0p2__wd1e-04trmiss40_trlocglobal,19,0.6202745536963145,0.6856571137905121,0.5555555555555556,0.5878132119765304,0.5111111111111111,0.0,0.0,0.0,0.0,0.0,0.0,0.0,0.0,0.0,,,,,18473,global,0.4
1,3,lr5e-05_bs32_modL1_fusion16_fusionL1_fusionBN0_drop0p2__wd1e-04trmiss40_trlocglobal,32,5e-05,0.0001,1,16,1,False,0.2,lr5e-05_bs32_modL1_fusion16_fusionL1_fusionBN0_drop0p2__wd1e-04trmiss40_trlocglobal,20,0.6115043560663859,0.686194121837616,0.5257936507936508,0.569510440482523,0.4888888888888889,0.0,0.0,0.0,0.0,0.0,0.0,0.0,0.0,0.0,,,,,18473,global,0.4
1,3,lr5e-05_bs32_modL1_fusion16_fusionL1_fusionBN0_drop0p2__wd1e-04trmiss40_trlocglobal,32,5e-05,0.0001,1,16,1,False,0.2,lr5e-05_bs32_modL1_fusion16_fusionL1_fusionBN0_drop0p2__wd1e-04trmiss40_trlocglobal,21,0.6003325382868449,0.6854747235774994,0.5277777777777778,0.5709417243871842,0.4666666666666667,0.0,0.0,0.0,0.0,0.0,0.0,0.0,0.0,0.0,,,,,18473,global,0.4
1,3,lr5e-05_bs32_modL1_fusion16_fusionL1_fusionBN0_drop0p2__wd1e-04trmiss40_trlocglobal,32,5e-05,0.0001,1,16,1,False,0.2,lr5e-05_bs32_modL1_fusion16_fusionL1_fusionBN0_drop0p2__wd1e-04trmiss40_trlocglobal,22,0.5935463110605875,0.6858993470668793,0.5337301587301587,0.5746131018126875,0.4888888888888889,0.0,0.0,0.0,0.0,0.0,0.0,0.0,0.0,0.0,,,,,18473,global,0.4
1,3,lr5e-05_bs32_modL1_fusion16_fusionL1_fusionBN0_drop0p2__wd1e-04trmiss40_trlocglobal,32,5e-05,0.0001,1,16,1,False,0.2,lr5e-05_bs32_modL1_fusion16_fusionL1_fusionBN0_drop0p2__wd1e-04trmiss40_trlocglobal,23,0.6085556248823801,0.6883819997310638,0.5059523809523809,0.5580120297961512,0.5111111111111111,0.0,0.0,0.0,0.0,0.0,0.0,0.0,0.0,0.0,,,,,18473,global,0.4
1,3,lr5e-05_bs32_modL1_fusion16_fusionL1_fusionBN0_drop0p2__wd1e-04trmiss40_trlocglobal,32,5e-05,0.0001,1,16,1,False,0.2,lr5e-05_bs32_modL1_fusion16_fusionL1_fusionBN0_drop0p2__wd1e-04trmiss40_trlocglobal,24,0.5989599128564199,0.6883219480514526,0.5,0.5565539522810883,0.5555555555555556,0.0,0.0,0.0,0.0,0.0,0.0,0.0,0.0,0.0,,,,,18473,global,0.4
1,3,lr5e-05_bs32_modL1_fusion16_fusionL1_fusionBN0_drop0p2__wd1e-04trmiss40_trlocglobal,32,5e-05,0.0001,1,16,1,False,0.2,lr5e-05_bs32_modL1_fusion16_fusionL1_fusionBN0_drop0p2__wd1e-04trmiss40_trlocglobal,25,0.5992638965447744,0.6904360353946686,0.501984126984127,0.5574817463411234,0.5333333333333333,0.0,0.0,0.0,0.0,0.0,0.0,0.0,0.0,0.0,,,,,18473,global,0.4
1,3,lr5e-05_bs32_modL1_fusion16_fusionL1_fusionBN0_drop0p2__wd1e-04trmiss40_trlocglobal,32,5e-05,0.0001,1,16,1,False,0.2,lr5e-05_bs32_modL1_fusion16_fusionL1_fusionBN0_drop0p2__wd1e-04trmiss40_trlocglobal,26,0.5873063107331594,0.6878853440284729,0.503968253968254,0.556803643147871,0.5111111111111111,0.0,0.0,0.0,0.0,0.0,0.0,0.0,0.0,0.0,,,,,18473,global,0.4
1,3,lr5e-05_bs32_modL1_fusion16_fusionL1_fusionBN0_drop0p2__wd1e-04trmiss40_trlocglobal,32,5e-05,0.0001,1,16,1,False,0.2,lr5e-05_bs32_modL1_fusion16_fusionL1_fusionBN0_drop0p2__wd1e-04trmiss40_trlocglobal,27,0.5941910545031229,0.6863711774349213,0.5158730158730158,0.5623961021730093,0.5333333333333333,0.0,0.0,0.0,0.0,0.0,0.0,0.0,0.0,0.0,,,,,18473,global,0.4
1,3,lr5e-05_bs32_modL1_fusion16_fusionL1_fusionBN0_drop0p2__wd1e-04trmiss40_trlocglobal,32,5e-05,0.0001,1,16,1,False,0.2,lr5e-05_bs32_modL1_fusion16_fusionL1_fusionBN0_drop0p2__wd1e-04trmiss40_trlocglobal,28,0.5818251073360443,0.6870401501655579,0.511904761904762,0.5613797726473,0.5333333333333333,0.0,0.0,0.0,0.0,0.0,0.0,0.0,0.0,0.0,,,,,18473,global,0.4
1,3,lr5e-05_bs32_modL1_fusion16_fusionL1_fusionBN0_drop0p2__wd1e-04trmiss40_trlocglobal,32,5e-05,0.0001,1,16,1,False,0.2,lr5e-05_bs32_modL1_fusion16_fusionL1_fusionBN0_drop0p2__wd1e-04trmiss40_trlocglobal,29,0.5982469717661539,0.6862042546272278,0.5158730158730159,0.563275809521407,0.5333333333333333,0.0,0.0,0.0,0.0,0.0,0.0,0.0,0.0,0.0,,,,,18473,global,0.4
1,3,lr5e-05_bs32_modL1_fusion16_fusionL1_fusionBN0_drop0p2__wd1e-04trmiss40_trlocglobal,32,5e-05,0.0001,1,16,1,False,0.2,lr5e-05_bs32_modL1_fusion16_fusionL1_fusionBN0_drop0p2__wd1e-04trmiss40_trlocglobal,30,0.5817263821760813,0.6851391196250916,0.5178571428571429,0.567510003634049,0.5333333333333333,0.0,0.0,0.0,0.0,0.0,0.0,0.0,0.0,0.0,,,,,18473,global,0.4
1,3,lr5e-05_bs32_modL1_fusion16_fusionL1_fusionBN0_drop0p2__wd1e-04trmiss40_trlocglobal,32,5e-05,0.0001,1,16,1,False,0.2,lr5e-05_bs32_modL1_fusion16_fusionL1_fusionBN0_drop0p2__wd1e-04trmiss40_trlocglobal,31,0.5941007335980734,0.6848232448101044,0.5277777777777778,0.5714626195832324,0.5333333333333333,0.0,0.0,0.0,0.0,0.0,0.0,0.0,0.0,0.0,,,,,18473,global,0.4
1,3,lr5e-05_bs32_modL1_fusion16_fusionL1_fusionBN0_drop0p2__wd1e-04trmiss40_trlocglobal,32,5e-05,0.0001,1,16,1,False,0.2,lr5e-05_bs32_modL1_fusion16_fusionL1_fusionBN0_drop0p2__wd1e-04trmiss40_trlocglobal,32,0.578533262014389,0.6845157146453857,0.5218253968253969,0.5674428020048159,0.5333333333333333,0.0,0.0,0.0,0.0,0.0,0.0,0.0,0.0,0.0,,,,,18473,global,0.4
1,3,lr5e-05_bs32_modL1_fusion16_fusionL1_fusionBN0_drop0p2__wd1e-04trmiss40_trlocglobal,32,5e-05,0.0001,1,16,1,False,0.2,lr5e-05_bs32_modL1_fusion16_fusionL1_fusionBN0_drop0p2__wd1e-04trmiss40_trlocglobal,33,0.5795562465985616,0.6866094172000885,0.511904761904762,0.561599404095017,0.5333333333333333,0.0,0.0,0.0,0.0,0.0,0.0,0.0,0.0,0.0,,,,,18473,global,0.4
1,3,lr5e-05_bs32_modL1_fusion16_fusionL1_fusionBN0_drop0p2__wd1e-04trmiss40_trlocglobal,32,5e-05,0.0001,1,16,1,False,0.2,lr5e-05_bs32_modL1_fusion16_fusionL1_fusionBN0_drop0p2__wd1e-04trmiss40_trlocglobal,34,0.5761211017767588,0.6862959563732147,0.5198412698412699,0.5669353568637501,0.5555555555555556,0.0,0.0,0.0,0.0,0.0,0.0,0.0,0.0,0.0,,,,,18473,global,0.4
1,3,lr5e-05_bs32_modL1_fusion16_fusionL1_fusionBN0_drop0p2__wd1e-04trmiss40_trlocglobal,32,5e-05,0.0001,1,16,1,False,0.2,lr5e-05_bs32_modL1_fusion16_fusionL1_fusionBN0_drop0p2__wd1e-04trmiss40_trlocglobal,35,0.5717936356862386,0.6852755844593048,0.513888888888889,0.5519800201366543,0.5333333333333333,0.0,0.0,0.0,0.0,0.0,0.0,0.0,0.0,0.0,,,,,18473,global,0.4
1,3,lr5e-05_bs32_modL1_fusion16_fusionL1_fusionBN0_drop0p2__wd1e-04trmiss40_trlocglobal,32,5e-05,0.0001,1,16,1,False,0.2,lr5e-05_bs32_modL1_fusion16_fusionL1_fusionBN0_drop0p2__wd1e-04trmiss40_trlocglobal,36,0.5710377097129822,0.6851155161857605,0.5257936507936508,0.5591697362847038,0.5555555555555556,0.0,0.0,0.0,0.0,0.0,0.0,0.0,0.0,0.0,,,,,18473,global,0.4
1,3,lr5e-05_bs32_modL1_fusion16_fusionL1_fusionBN0_drop0p2__wd1e-04trmiss40_trlocglobal,32,5e-05,0.0001,1,16,1,False,0.2,lr5e-05_bs32_modL1_fusion16_fusionL1_fusionBN0_drop0p2__wd1e-04trmiss40_trlocglobal,37,0.5752767225106558,0.6836571395397186,0.5277777777777778,0.5731204375413224,0.5555555555555556,0.0,0.0,0.0,0.0,0.0,0.0,0.0,0.0,0.0,,,,,18473,global,0.4
1,3,lr5e-05_bs32_modL1_fusion16_fusionL1_fusionBN0_drop0p2__wd1e-04trmiss40_trlocglobal,32,5e-05,0.0001,1,16,1,False,0.2,lr5e-05_bs32_modL1_fusion16_fusionL1_fusionBN0_drop0p2__wd1e-04trmiss40_trlocglobal,38,0.5549712876478831,0.6830973327159882,0.5396825396825398,0.5822245417634926,0.5333333333333333,0.0,0.0,0.0,0.0,0.0,0.0,0.0,0.0,0.0,,,,,18473,global,0.4
1,3,lr5e-05_bs32_modL1_fusion16_fusionL1_fusionBN0_drop0p1__wd1e-04trmiss40_trlocglobal,32,5e-05,0.0001,1,16,1,False,0.1,lr5e-05_bs32_modL1_fusion16_fusionL1_fusionBN0_drop0p1__wd1e-04trmiss40_trlocglobal,1,0.6995023290316263,0.6960941553115845,0.5396825396825398,0.5349472962062597,0.5111111111111111,0.0,0.0,0.0,0.0,0.0,0.0,0.0,0.0,0.0,,,,,18473,global,0.4
1,3,lr5e-05_bs32_modL1_fusion16_fusionL1_fusionBN0_drop0p1__wd1e-04trmiss40_trlocglobal,32,5e-05,0.0001,1,16,1,False,0.1,lr5e-05_bs32_modL1_fusion16_fusionL1_fusionBN0_drop0p1__wd1e-04trmiss40_trlocglobal,2,0.6851539810498556,0.6946716904640198,0.5654761904761905,0.5563063830321788,0.5333333333333333,0.0,0.0,0.0,0.0,0.0,0.0,0.0,0.0,0.0,,,,,18473,global,0.4
1,3,lr5e-05_bs32_modL1_fusion16_fusionL1_fusionBN0_drop0p1__wd1e-04trmiss40_trlocglobal,32,5e-05,0.0001,1,16,1,False,0.1,lr5e-05_bs32_modL1_fusion16_fusionL1_fusionBN0_drop0p1__wd1e-04trmiss40_trlocglobal,3,0.677228182554245,0.6932504177093506,0.5714285714285715,0.5658104790610567,0.5555555555555556,0.0,0.0,0.0,0.0,0.0,0.0,0.0,0.0,0.0,,,,,18473,global,0.4
1,3,lr5e-05_bs32_modL1_fusion16_fusionL1_fusionBN0_drop0p1__wd1e-04trmiss40_trlocglobal,32,5e-05,0.0001,1,16,1,False,0.1,lr5e-05_bs32_modL1_fusion16_fusionL1_fusionBN0_drop0p1__wd1e-04trmiss40_trlocglobal,4,0.6771410803000132,0.6920212507247925,0.5654761904761906,0.5695409436885013,0.5777777777777777,0.0,0.0,0.0,0.0,0.0,0.0,0.0,0.0,0.0,,,,,18473,global,0.4
1,3,lr5e-05_bs32_modL1_fusion16_fusionL1_fusionBN0_drop0p1__wd1e-04trmiss40_trlocglobal,32,5e-05,0.0001,1,16,1,False,0.1,lr5e-05_bs32_modL1_fusion16_fusionL1_fusionBN0_drop0p1__wd1e-04trmiss40_trlocglobal,5,0.6704845229784647,0.6898683309555054,0.5873015873015873,0.5791803034941795,0.5777777777777777,0.0,0.0,0.0,0.0,0.0,0.0,0.0,0.0,0.0,,,,,18473,global,0.4
1,3,lr5e-05_bs32_modL1_fusion16_fusionL1_fusionBN0_drop0p1__wd1e-04trmiss40_trlocglobal,32,5e-05,0.0001,1,16,1,False,0.1,lr5e-05_bs32_modL1_fusion16_fusionL1_fusionBN0_drop0p1__wd1e-04trmiss40_trlocglobal,6,0.6581833561261495,0.6874921023845673,0.6031746031746033,0.6135788282320859,0.5777777777777777,0.0,0.0,0.0,0.0,0.0,0.0,0.0,0.0,0.0,,,,,18473,global,0.4
1,3,lr5e-05_bs32_modL1_fusion16_fusionL1_fusionBN0_drop0p1__wd1e-04trmiss40_trlocglobal,32,5e-05,0.0001,1,16,1,False,0.1,lr5e-05_bs32_modL1_fusion16_fusionL1_fusionBN0_drop0p1__wd1e-04trmiss40_trlocglobal,7,0.653780976931254,0.686806321144104,0.5992063492063492,0.6279109816188001,0.5777777777777777,0.0,0.0,0.0,0.0,0.0,0.0,0.0,0.0,0.0,,,,,18473,global,0.4
1,3,lr5e-05_bs32_modL1_fusion16_fusionL1_fusionBN0_drop0p1__wd1e-04trmiss40_trlocglobal,32,5e-05,0.0001,1,16,1,False,0.1,lr5e-05_bs32_modL1_fusion16_fusionL1_fusionBN0_drop0p1__wd1e-04trmiss40_trlocglobal,8,0.6516849597295126,0.6871497333049774,0.5972222222222222,0.6272702409835419,0.6,0.0,0.0,0.0,0.0,0.0,0.0,0.0,0.0,0.0,,,,,18473,global,0.4
1,3,lr5e-05_bs32_modL1_fusion16_fusionL1_fusionBN0_drop0p1__wd1e-04trmiss40_trlocglobal,32,5e-05,0.0001,1,16,1,False,0.1,lr5e-05_bs32_modL1_fusion16_fusionL1_fusionBN0_drop0p1__wd1e-04trmiss40_trlocglobal,9,0.642242968082428,0.6872476041316986,0.6031746031746033,0.6278503014417195,0.6,0.0,0.0,0.0,0.0,0.0,0.0,0.0,0.0,0.0,,,,,18473,global,0.4
1,3,lr5e-05_bs32_modL1_fusion16_fusionL1_fusionBN0_drop0p1__wd1e-04trmiss40_trlocglobal,32,5e-05,0.0001,1,16,1,False,0.1,lr5e-05_bs32_modL1_fusion16_fusionL1_fusionBN0_drop0p1__wd1e-04trmiss40_trlocglobal,10,0.6413859923680624,0.6867280602455139,0.6190476190476191,0.6357413147173187,0.6,0.0,0.0,0.0,0.0,0.0,0.0,0.0,0.0,0.0,,,,,18473,global,0.4
1,3,lr5e-05_bs32_modL1_fusion16_fusionL1_fusionBN0_drop0p1__wd1e-04trmiss40_trlocglobal,32,5e-05,0.0001,1,16,1,False,0.1,lr5e-05_bs32_modL1_fusion16_fusionL1_fusionBN0_drop0p1__wd1e-04trmiss40_trlocglobal,11,0.6398183604081472,0.6854608654975891,0.6428571428571428,0.6539667036663918,0.6,0.0,0.0,0.0,0.0,0.0,0.0,0.0,0.0,0.0,,,,,18473,global,0.4
1,3,lr5e-05_bs32_modL1_fusion16_fusionL1_fusionBN0_drop0p1__wd1e-04trmiss40_trlocglobal,32,5e-05,0.0001,1,16,1,False,0.1,lr5e-05_bs32_modL1_fusion16_fusionL1_fusionBN0_drop0p1__wd1e-04trmiss40_trlocglobal,12,0.6380343238512675,0.68487748503685,0.6349206349206349,0.632791049610303,0.6222222222222222,0.0,0.0,0.0,0.0,0.0,0.0,0.0,0.0,0.0,,,,,18473,global,0.4
1,3,lr5e-05_bs32_modL1_fusion16_fusionL1_fusionBN0_drop0p1__wd1e-04trmiss40_trlocglobal,32,5e-05,0.0001,1,16,1,False,0.1,lr5e-05_bs32_modL1_fusion16_fusionL1_fusionBN0_drop0p1__wd1e-04trmiss40_trlocglobal,13,0.6338332792123159,0.6835270822048187,0.6448412698412698,0.6344732291592573,0.6222222222222222,0.0,0.0,0.0,0.0,0.0,0.0,0.0,0.0,0.0,,,,,18473,global,0.4
1,3,lr5e-05_bs32_modL1_fusion16_fusionL1_fusionBN0_drop0p1__wd1e-04trmiss40_trlocglobal,32,5e-05,0.0001,1,16,1,False,0.1,lr5e-05_bs32_modL1_fusion16_fusionL1_fusionBN0_drop0p1__wd1e-04trmiss40_trlocglobal,14,0.6273525655269623,0.6829474866390228,0.6428571428571428,0.6320519493898313,0.6222222222222222,0.0,0.0,0.0,0.0,0.0,0.0,0.0,0.0,0.0,,,,,18473,global,0.4
1,3,lr5e-05_bs32_modL1_fusion16_fusionL1_fusionBN0_drop0p1__wd1e-04trmiss40_trlocglobal,32,5e-05,0.0001,1,16,1,False,0.1,lr5e-05_bs32_modL1_fusion16_fusionL1_fusionBN0_drop0p1__wd1e-04trmiss40_trlocglobal,15,0.6241690317789713,0.6810087859630585,0.6527777777777777,0.6487340209761524,0.6222222222222222,0.0,0.0,0.0,0.0,0.0,0.0,0.0,0.0,0.0,,,,,18473,global,0.4
1,3,lr5e-05_bs32_modL1_fusion16_fusionL1_fusionBN0_drop0p1__wd1e-04trmiss40_trlocglobal,32,5e-05,0.0001,1,16,1,False,0.1,lr5e-05_bs32_modL1_fusion16_fusionL1_fusionBN0_drop0p1__wd1e-04trmiss40_trlocglobal,16,0.6179514527320862,0.6808133721351624,0.6547619047619047,0.6520437424437685,0.6444444444444445,0.0,0.0,0.0,0.0,0.0,0.0,0.0,0.0,0.0,,,,,18473,global,0.4
1,3,lr5e-05_bs32_modL1_fusion16_fusionL1_fusionBN0_drop0p1__wd1e-04trmiss40_trlocglobal,32,5e-05,0.0001,1,16,1,False,0.1,lr5e-05_bs32_modL1_fusion16_fusionL1_fusionBN0_drop0p1__wd1e-04trmiss40_trlocglobal,17,0.6252649823824564,0.6805210411548615,0.6626984126984128,0.6723700062032566,0.6444444444444445,0.0,0.0,0.0,0.0,0.0,0.0,0.0,0.0,0.0,,,,,18473,global,0.4
1,3,lr5e-05_bs32_modL1_fusion16_fusionL1_fusionBN0_drop0p1__wd1e-04trmiss40_trlocglobal,32,5e-05,0.0001,1,16,1,False,0.1,lr5e-05_bs32_modL1_fusion16_fusionL1_fusionBN0_drop0p1__wd1e-04trmiss40_trlocglobal,18,0.6242546041806539,0.6808714270591736,0.6646825396825398,0.662607663840803,0.6444444444444445,0.0,0.0,0.0,0.0,0.0,0.0,0.0,0.0,0.0,,,,,18473,global,0.4
1,3,lr5e-05_bs32_modL1_fusion16_fusionL1_fusionBN0_drop0p1__wd1e-04trmiss40_trlocglobal,32,5e-05,0.0001,1,16,1,False,0.1,lr5e-05_bs32_modL1_fusion16_fusionL1_fusionBN0_drop0p1__wd1e-04trmiss40_trlocglobal,19,0.6173587838808695,0.6816874742507935,0.6666666666666667,0.6625990921655647,0.6444444444444445,0.0,0.0,0.0,0.0,0.0,0.0,0.0,0.0,0.0,,,,,18473,global,0.4
1,3,lr5e-05_bs32_modL1_fusion16_fusionL1_fusionBN0_drop0p1__wd1e-04trmiss40_trlocglobal,32,5e-05,0.0001,1,16,1,False,0.1,lr5e-05_bs32_modL1_fusion16_fusionL1_fusionBN0_drop0p1__wd1e-04trmiss40_trlocglobal,20,0.6131578286488851,0.6811040043830872,0.6626984126984128,0.6647773585776681,0.6222222222222222,0.0,0.0,0.0,0.0,0.0,0.0,0.0,0.0,0.0,,,,,18473,global,0.4
1,3,lr5e-05_bs32_modL1_fusion16_fusionL1_fusionBN0_drop0p1__wd1e-04trmiss40_trlocglobal,32,5e-05,0.0001,1,16,1,False,0.1,lr5e-05_bs32_modL1_fusion16_fusionL1_fusionBN0_drop0p1__wd1e-04trmiss40_trlocglobal,21,0.6086116234461466,0.6803532540798187,0.6646825396825398,0.6651792483545579,0.6222222222222222,0.0,0.0,0.0,0.0,0.0,0.0,0.0,0.0,0.0,,,,,18473,global,0.4
1,3,lr5e-05_bs32_modL1_fusion16_fusionL1_fusionBN0_drop0p1__wd1e-04trmiss40_trlocglobal,32,5e-05,0.0001,1,16,1,False,0.1,lr5e-05_bs32_modL1_fusion16_fusionL1_fusionBN0_drop0p1__wd1e-04trmiss40_trlocglobal,22,0.6055849095185598,0.6798145174980164,0.6686507936507937,0.6644292862883789,0.6222222222222222,0.0,0.0,0.0,0.0,0.0,0.0,0.0,0.0,0.0,,,,,18473,global,0.4
1,3,lr5e-05_bs32_modL1_fusion16_fusionL1_fusionBN0_drop0p1__wd1e-04trmiss40_trlocglobal,32,5e-05,0.0001,1,16,1,False,0.1,lr5e-05_bs32_modL1_fusion16_fusionL1_fusionBN0_drop0p1__wd1e-04trmiss40_trlocglobal,23,0.6067022879918417,0.6781324744224548,0.6666666666666667,0.6627804982527679,0.6444444444444445,0.0,0.0,0.0,0.0,0.0,0.0,0.0,0.0,0.0,,,,,18473,global,0.4
1,3,lr5e-05_bs32_modL1_fusion16_fusionL1_fusionBN0_drop0p1__wd1e-04trmiss40_trlocglobal,32,5e-05,0.0001,1,16,1,False,0.1,lr5e-05_bs32_modL1_fusion16_fusionL1_fusionBN0_drop0p1__wd1e-04trmiss40_trlocglobal,24,0.6016645729541779,0.6759213209152222,0.6845238095238095,0.6899748584200074,0.6666666666666666,0.0,0.0,0.0,0.0,0.0,0.0,0.0,0.0,0.0,,,,,18473,global,0.4
1,3,lr5e-05_bs32_modL1_fusion16_fusionL1_fusionBN0_drop0p1__wd1e-04trmiss40_trlocglobal,32,5e-05,0.0001,1,16,1,False,0.1,lr5e-05_bs32_modL1_fusion16_fusionL1_fusionBN0_drop0p1__wd1e-04trmiss40_trlocglobal,25,0.6002590755621592,0.6759355962276459,0.6765873015873016,0.6820425454080374,0.6666666666666666,0.0,0.0,0.0,0.0,0.0,0.0,0.0,0.0,0.0,,,,,18473,global,0.4
1,3,lr5e-05_bs32_modL1_fusion16_fusionL1_fusionBN0_drop0p1__wd1e-04trmiss40_trlocglobal,32,5e-05,0.0001,1,16,1,False,0.1,lr5e-05_bs32_modL1_fusion16_fusionL1_fusionBN0_drop0p1__wd1e-04trmiss40_trlocglobal,26,0.5929746230443319,0.6767406761646271,0.6746031746031746,0.6740045397761852,0.6666666666666666,0.0,0.0,0.0,0.0,0.0,0.0,0.0,0.0,0.0,,,,,18473,global,0.4
1,3,lr5e-05_bs32_modL1_fusion16_fusionL1_fusionBN0_drop0p1__wd1e-04trmiss40_trlocglobal,32,5e-05,0.0001,1,16,1,False,0.1,lr5e-05_bs32_modL1_fusion16_fusionL1_fusionBN0_drop0p1__wd1e-04trmiss40_trlocglobal,27,0.5909056067466736,0.6770927906036377,0.6706349206349206,0.6695390466823958,0.6666666666666666,0.0,0.0,0.0,0.0,0.0,0.0,0.0,0.0,0.0,,,,,18473,global,0.4
1,3,lr5e-05_bs32_modL1_fusion16_fusionL1_fusionBN0_drop0p1__wd1e-04trmiss40_trlocglobal,32,5e-05,0.0001,1,16,1,False,0.1,lr5e-05_bs32_modL1_fusion16_fusionL1_fusionBN0_drop0p1__wd1e-04trmiss40_trlocglobal,28,0.5917076468467712,0.6760179400444031,0.6686507936507937,0.6739508417357051,0.6444444444444445,0.0,0.0,0.0,0.0,0.0,0.0,0.0,0.0,0.0,,,,,18473,global,0.4
1,3,lr5e-05_bs32_modL1_fusion16_fusionL1_fusionBN0_drop0p1__wd1e-04trmiss40_trlocglobal,32,5e-05,0.0001,1,16,1,False,0.1,lr5e-05_bs32_modL1_fusion16_fusionL1_fusionBN0_drop0p1__wd1e-04trmiss40_trlocglobal,29,0.5947840213775635,0.6739094257354736,0.6904761904761905,0.7077026670622332,0.6444444444444445,0.0,0.0,0.0,0.0,0.0,0.0,0.0,0.0,0.0,,,,,18473,global,0.4
1,3,lr5e-05_bs32_modL1_fusion16_fusionL1_fusionBN0_drop0p1__wd1e-04trmiss40_trlocglobal,32,5e-05,0.0001,1,16,1,False,0.1,lr5e-05_bs32_modL1_fusion16_fusionL1_fusionBN0_drop0p1__wd1e-04trmiss40_trlocglobal,30,0.5896549920241038,0.6743817031383514,0.6884920634920635,0.6985560266655928,0.6222222222222222,0.0,0.0,0.0,0.0,0.0,0.0,0.0,0.0,0.0,,,,,18473,global,0.4
1,3,lr5e-05_bs32_modL1_fusion16_fusionL1_fusionBN0_drop0p1__wd1e-04trmiss40_trlocglobal,32,5e-05,0.0001,1,16,1,False,0.1,lr5e-05_bs32_modL1_fusion16_fusionL1_fusionBN0_drop0p1__wd1e-04trmiss40_trlocglobal,31,0.5813380678494772,0.6752918064594269,0.6884920634920635,0.6881335165059701,0.6444444444444445,0.0,0.0,0.0,0.0,0.0,0.0,0.0,0.0,0.0,,,,,18473,global,0.4
1,3,lr5e-05_bs32_modL1_fusion16_fusionL1_fusionBN0_drop0p1__wd1e-04trmiss40_trlocglobal,32,5e-05,0.0001,1,16,1,False,0.1,lr5e-05_bs32_modL1_fusion16_fusionL1_fusionBN0_drop0p1__wd1e-04trmiss40_trlocglobal,32,0.5847600797812144,0.6756052374839783,0.6884920634920635,0.6809275257742874,0.6222222222222222,0.0,0.0,0.0,0.0,0.0,0.0,0.0,0.0,0.0,,,,,18473,global,0.4
1,3,lr5e-05_bs32_modL1_fusion16_fusionL1_fusionBN0_drop0p1__wd1e-04trmiss40_trlocglobal,32,5e-05,0.0001,1,16,1,False,0.1,lr5e-05_bs32_modL1_fusion16_fusionL1_fusionBN0_drop0p1__wd1e-04trmiss40_trlocglobal,33,0.5849863092104594,0.6753585636615753,0.6924603174603174,0.6858040483327827,0.6222222222222222,0.0,0.0,0.0,0.0,0.0,0.0,0.0,0.0,0.0,,,,,18473,global,0.4
1,3,lr5e-05_bs32_modL1_fusion16_fusionL1_fusionBN0_drop0p1__wd1e-04trmiss40_trlocglobal,32,5e-05,0.0001,1,16,1,False,0.1,lr5e-05_bs32_modL1_fusion16_fusionL1_fusionBN0_drop0p1__wd1e-04trmiss40_trlocglobal,34,0.5807537138462067,0.6728987693786621,0.7063492063492063,0.7051731607141821,0.6666666666666666,0.0,0.0,0.0,0.0,0.0,0.0,0.0,0.0,0.0,,,,,18473,global,0.4
1,3,lr5e-05_bs32_modL1_fusion16_fusionL1_fusionBN0_drop0p1__wd1e-04trmiss40_trlocglobal,32,5e-05,0.0001,1,16,1,False,0.1,lr5e-05_bs32_modL1_fusion16_fusionL1_fusionBN0_drop0p1__wd1e-04trmiss40_trlocglobal,35,0.5812099377314249,0.6734077334403992,0.7063492063492064,0.7021411269047015,0.6666666666666666,0.0,0.0,0.0,0.0,0.0,0.0,0.0,0.0,0.0,,,,,18473,global,0.4
1,3,lr5e-05_bs32_modL1_fusion16_fusionL1_fusionBN0_drop0p1__wd1e-04trmiss40_trlocglobal,32,5e-05,0.0001,1,16,1,False,0.1,lr5e-05_bs32_modL1_fusion16_fusionL1_fusionBN0_drop0p1__wd1e-04trmiss40_trlocglobal,36,0.5768399933973948,0.6737701594829559,0.7043650793650793,0.6898405609973913,0.6666666666666666,0.0,0.0,0.0,0.0,0.0,0.0,0.0,0.0,0.0,,,,,18473,global,0.4
1,3,lr5e-05_bs32_modL1_fusion16_fusionL1_fusionBN0_drop0p1__wd1e-04trmiss40_trlocglobal,32,5e-05,0.0001,1,16,1,False,0.1,lr5e-05_bs32_modL1_fusion16_fusionL1_fusionBN0_drop0p1__wd1e-04trmiss40_trlocglobal,37,0.57844611008962,0.6733060777187347,0.6984126984126984,0.6849560070996795,0.6666666666666666,0.0,0.0,0.0,0.0,0.0,0.0,0.0,0.0,0.0,,,,,18473,global,0.4
1,3,lr5e-05_bs32_modL1_fusion16_fusionL1_fusionBN0_drop0p1__wd1e-04trmiss40_trlocglobal,32,5e-05,0.0001,1,16,1,False,0.1,lr5e-05_bs32_modL1_fusion16_fusionL1_fusionBN0_drop0p1__wd1e-04trmiss40_trlocglobal,38,0.5779852469762167,0.6721991300582886,0.7043650793650793,0.691227551200171,0.6888888888888889,0.0,0.0,0.0,0.0,0.0,0.0,0.0,0.0,0.0,,,,,18473,global,0.4
1,3,lr5e-05_bs32_modL1_fusion16_fusionL1_fusionBN0_drop0p1__wd1e-04trmiss40_trlocglobal,32,5e-05,0.0001,1,16,1,False,0.1,lr5e-05_bs32_modL1_fusion16_fusionL1_fusionBN0_drop0p1__wd1e-04trmiss40_trlocglobal,39,0.570819228887558,0.6728313863277435,0.6984126984126984,0.6817621926688595,0.7111111111111111,0.0,0.0,0.0,0.0,0.0,0.0,0.0,0.0,0.0,,,,,18473,global,0.4
1,3,lr5e-05_bs32_modL1_fusion16_fusionL1_fusionBN0_drop0p1__wd1e-04trmiss40_trlocglobal,32,5e-05,0.0001,1,16,1,False,0.1,lr5e-05_bs32_modL1_fusion16_fusionL1_fusionBN0_drop0p1__wd1e-04trmiss40_trlocglobal,40,0.5734101434548696,0.6735791862010956,0.6924603174603174,0.6742836394573364,0.6444444444444445,0.0,0.0,0.0,0.0,0.0,0.0,0.0,0.0,0.0,,,,,18473,global,0.4
1,3,lr5e-05_bs32_modL1_fusion16_fusionL1_fusionBN0_drop0p1__wd1e-04trmiss40_trlocglobal,32,5e-05,0.0001,1,16,1,False,0.1,lr5e-05_bs32_modL1_fusion16_fusionL1_fusionBN0_drop0p1__wd1e-04trmiss40_trlocglobal,41,0.5641779899597168,0.6730139851570129,0.7023809523809523,0.6794688535579917,0.6666666666666666,0.0,0.0,0.0,0.0,0.0,0.0,0.0,0.0,0.0,,,,,18473,global,0.4
1,3,lr5e-05_bs32_modL1_fusion16_fusionL1_fusionBN0_drop0p1__wd1e-04trmiss40_trlocglobal,32,5e-05,0.0001,1,16,1,False,0.1,lr5e-05_bs32_modL1_fusion16_fusionL1_fusionBN0_drop0p1__wd1e-04trmiss40_trlocglobal,42,0.5624774793783823,0.6732318997383118,0.6944444444444444,0.671182195655039,0.6888888888888889,0.0,0.0,0.0,0.0,0.0,0.0,0.0,0.0,0.0,,,,,18473,global,0.4
1,3,lr5e-05_bs32_modL1_fusion16_fusionL1_fusionBN0_drop0p1__wd1e-04trmiss40_trlocglobal,32,5e-05,0.0001,1,16,1,False,0.1,lr5e-05_bs32_modL1_fusion16_fusionL1_fusionBN0_drop0p1__wd1e-04trmiss40_trlocglobal,43,0.5693919956684113,0.6733910441398621,0.6944444444444444,0.6748028806873619,0.6888888888888889,0.0,0.0,0.0,0.0,0.0,0.0,0.0,0.0,0.0,,,,,18473,global,0.4
1,3,lr5e-05_bs32_modL1_fusion16_fusionL1_fusionBN0_drop0p1__wd1e-04trmiss40_trlocglobal,32,5e-05,0.0001,1,16,1,False,0.1,lr5e-05_bs32_modL1_fusion16_fusionL1_fusionBN0_drop0p1__wd1e-04trmiss40_trlocglobal,44,0.5616345703601837,0.6744567155838013,0.6904761904761905,0.674301275810757,0.6888888888888889,0.0,0.0,0.0,0.0,0.0,0.0,0.0,0.0,0.0,,,,,18473,global,0.4
1,3,lr5e-05_bs32_modL1_fusion16_fusionL1_fusionBN0_drop0p1__wd1e-04trmiss40_trlocglobal,32,5e-05,0.0001,1,16,1,False,0.1,lr5e-05_bs32_modL1_fusion16_fusionL1_fusionBN0_drop0p1__wd1e-04trmiss40_trlocglobal,45,0.5735328396161398,0.6727617979049683,0.6984126984126984,0.6914053522898335,0.6888888888888889,0.0,0.0,0.0,0.0,0.0,0.0,0.0,0.0,0.0,,,,,18473,global,0.4
1,3,lr5e-05_bs32_modL1_fusion16_fusionL1_fusionBN0_drop0p1__wd1e-04trmiss40_trlocglobal,32,5e-05,0.0001,1,16,1,False,0.1,lr5e-05_bs32_modL1_fusion16_fusionL1_fusionBN0_drop0p1__wd1e-04trmiss40_trlocglobal,46,0.5660507380962372,0.6707967817783356,0.7003968253968254,0.6975215858202827,0.6888888888888889,0.0,0.0,0.0,0.0,0.0,0.0,0.0,0.0,0.0,,,,,18473,global,0.4
1,3,lr5e-05_bs32_modL1_fusion16_fusionL1_fusionBN0_drop0p1__wd1e-04trmiss40_trlocglobal,32,5e-05,0.0001,1,16,1,False,0.1,lr5e-05_bs32_modL1_fusion16_fusionL1_fusionBN0_drop0p1__wd1e-04trmiss40_trlocglobal,47,0.561075896024704,0.6712447106838226,0.6984126984126984,0.6984351920034968,0.6888888888888889,0.0,0.0,0.0,0.0,0.0,0.0,0.0,0.0,0.0,,,,,18473,global,0.4
1,3,lr5e-05_bs32_modL1_fusion16_fusionL1_fusionBN0_drop0p1__wd1e-04trmiss40_trlocglobal,32,5e-05,0.0001,1,16,1,False,0.1,lr5e-05_bs32_modL1_fusion16_fusionL1_fusionBN0_drop0p1__wd1e-04trmiss40_trlocglobal,48,0.568644106388092,0.6717849671840668,0.6944444444444444,0.6742204826087671,0.6666666666666666,0.0,0.0,0.0,0.0,0.0,0.0,0.0,0.0,0.0,,,,,18473,global,0.4
1,3,lr5e-05_bs32_modL1_fusion16_fusionL1_fusionBN0_drop0p1__wd1e-04trmiss40_trlocglobal,32,5e-05,0.0001,1,16,1,False,0.1,lr5e-05_bs32_modL1_fusion16_fusionL1_fusionBN0_drop0p1__wd1e-04trmiss40_trlocglobal,49,0.5642391343911489,0.6705949604511261,0.6904761904761905,0.6696716460286806,0.6444444444444445,0.0,0.0,0.0,0.0,0.0,0.0,0.0,0.0,0.0,,,,,18473,global,0.4
1,3,lr5e-05_bs32_modL1_fusion16_fusionL1_fusionBN0_drop0p1__wd1e-04trmiss40_trlocglobal,32,5e-05,0.0001,1,16,1,False,0.1,lr5e-05_bs32_modL1_fusion16_fusionL1_fusionBN0_drop0p1__wd1e-04trmiss40_trlocglobal,50,0.5611618161201477,0.6705522239208221,0.6984126984126984,0.6851245958566304,0.6666666666666666,0.0,0.0,0.0,0.0,0.0,0.0,0.0,0.0,0.0,,,,,18473,global,0.4
1,3,lr5e-05_bs32_modL1_fusion16_fusionL1_fusionBN0_drop0p1__wd1e-04trmiss40_trlocglobal,32,5e-05,0.0001,1,16,1,False,0.1,lr5e-05_bs32_modL1_fusion16_fusionL1_fusionBN0_drop0p1__wd1e-04trmiss40_trlocglobal,51,0.557584285736084,0.670448899269104,0.7063492063492064,0.6929444149264495,0.6666666666666666,0.0,0.0,0.0,0.0,0.0,0.0,0.0,0.0,0.0,,,,,18473,global,0.4
1,3,lr5e-05_bs32_modL1_fusion16_fusionL1_fusionBN0_drop0p1__wd1e-04trmiss40_trlocglobal,32,5e-05,0.0001,1,16,1,False,0.1,lr5e-05_bs32_modL1_fusion16_fusionL1_fusionBN0_drop0p1__wd1e-04trmiss40_trlocglobal,52,0.5560829242070516,0.6707190871238708,0.7023809523809523,0.7010028286152511,0.6666666666666666,0.0,0.0,0.0,0.0,0.0,0.0,0.0,0.0,0.0,,,,,18473,global,0.4
1,3,lr5e-05_bs32_modL1_fusion16_fusionL1_fusionBN0_drop0p1__wd1e-04trmiss40_trlocglobal,32,5e-05,0.0001,1,16,1,False,0.1,lr5e-05_bs32_modL1_fusion16_fusionL1_fusionBN0_drop0p1__wd1e-04trmiss40_trlocglobal,53,0.5545173287391663,0.670070618391037,0.7123015873015873,0.7149233786406105,0.6666666666666666,0.0,0.0,0.0,0.0,0.0,0.0,0.0,0.0,0.0,,,,,18473,global,0.4
1,3,lr5e-05_bs32_modL1_fusion16_fusionL1_fusionBN0_drop0p1__wd1e-04trmiss40_trlocglobal,32,5e-05,0.0001,1,16,1,False,0.1,lr5e-05_bs32_modL1_fusion16_fusionL1_fusionBN0_drop0p1__wd1e-04trmiss40_trlocglobal,54,0.5515778164068857,0.6707761585712433,0.7063492063492064,0.6975992755406454,0.6666666666666666,0.0,0.0,0.0,0.0,0.0,0.0,0.0,0.0,0.0,,,,,18473,global,0.4
1,3,lr5e-05_bs32_modL1_fusion16_fusionL1_fusionBN0_drop0p1__wd1e-04trmiss40_trlocglobal,32,5e-05,0.0001,1,16,1,False,0.1,lr5e-05_bs32_modL1_fusion16_fusionL1_fusionBN0_drop0p1__wd1e-04trmiss40_trlocglobal,55,0.5596255858739217,0.6707276701927185,0.6944444444444444,0.6844824097675296,0.6666666666666666,0.0,0.0,0.0,0.0,0.0,0.0,0.0,0.0,0.0,,,,,18473,global,0.4
1,3,lr5e-05_bs32_modL1_fusion16_fusionL1_fusionBN0_drop0p1__wd1e-04trmiss40_trlocglobal,32,5e-05,0.0001,1,16,1,False,0.1,lr5e-05_bs32_modL1_fusion16_fusionL1_fusionBN0_drop0p1__wd1e-04trmiss40_trlocglobal,56,0.5524983803431193,0.6701455116271973,0.6984126984126984,0.6878691619042817,0.6444444444444445,0.0,0.0,0.0,0.0,0.0,0.0,0.0,0.0,0.0,,,,,18473,global,0.4
1,3,lr5e-05_bs32_modL1_fusion16_fusionL1_fusionBN0_drop0p1__wd1e-04trmiss40_trlocglobal,32,5e-05,0.0001,1,16,1,False,0.1,lr5e-05_bs32_modL1_fusion16_fusionL1_fusionBN0_drop0p1__wd1e-04trmiss40_trlocglobal,57,0.5560249288876852,0.6695415675640106,0.7023809523809523,0.691475538166908,0.6444444444444445,0.0,0.0,0.0,0.0,0.0,0.0,0.0,0.0,0.0,,,,,18473,global,0.4
1,3,lr5e-05_bs32_modL1_fusion16_fusionL1_fusionBN0_drop0p1__wd1e-04trmiss40_trlocglobal,32,5e-05,0.0001,1,16,1,False,0.1,lr5e-05_bs32_modL1_fusion16_fusionL1_fusionBN0_drop0p1__wd1e-04trmiss40_trlocglobal,58,0.546716312567393,0.6696305274963379,0.7043650793650794,0.6994342582966807,0.6444444444444445,0.0,0.0,0.0,0.0,0.0,0.0,0.0,0.0,0.0,,,,,18473,global,0.4
1,3,lr5e-05_bs32_modL1_fusion16_fusionL1_fusionBN0_drop0p1__wd1e-04trmiss40_trlocglobal,32,5e-05,0.0001,1,16,1,False,0.1,lr5e-05_bs32_modL1_fusion16_fusionL1_fusionBN0_drop0p1__wd1e-04trmiss40_trlocglobal,59,0.5504027307033539,0.6694456338882446,0.6964285714285714,0.7009620360744584,0.6444444444444445,0.0,0.0,0.0,0.0,0.0,0.0,0.0,0.0,0.0,,,,,18473,global,0.4
1,3,lr5e-05_bs32_modL1_fusion16_fusionL1_fusionBN0_drop0p1__wd1e-04trmiss40_trlocglobal,32,5e-05,0.0001,1,16,1,False,0.1,lr5e-05_bs32_modL1_fusion16_fusionL1_fusionBN0_drop0p1__wd1e-04trmiss40_trlocglobal,60,0.5531725684801737,0.6694268882274628,0.6924603174603174,0.6931337532461757,0.6444444444444445,0.0,0.0,0.0,0.0,0.0,0.0,0.0,0.0,0.0,,,,,18473,global,0.4
1,3,lr5e-05_bs32_modL1_fusion16_fusionL1_fusionBN0_drop0p1__wd1e-04trmiss40_trlocglobal,32,5e-05,0.0001,1,16,1,False,0.1,lr5e-05_bs32_modL1_fusion16_fusionL1_fusionBN0_drop0p1__wd1e-04trmiss40_trlocglobal,61,0.5445941984653473,0.669792652130127,0.6964285714285714,0.704460381598666,0.6444444444444445,0.0,0.0,0.0,0.0,0.0,0.0,0.0,0.0,0.0,,,,,18473,global,0.4
1,3,lr5e-05_bs32_modL1_fusion16_fusionL1_fusionBN0_drop0p1__wd1e-04trmiss40_trlocglobal,32,5e-05,0.0001,1,16,1,False,0.1,lr5e-05_bs32_modL1_fusion16_fusionL1_fusionBN0_drop0p1__wd1e-04trmiss40_trlocglobal,62,0.5455146133899689,0.6694773435592651,0.6944444444444444,0.6991107103168827,0.6444444444444445,0.0,0.0,0.0,0.0,0.0,0.0,0.0,0.0,0.0,,,,,18473,global,0.4
1,3,lr5e-05_bs32_modL1_fusion16_fusionL1_fusionBN0_drop0p1__wd1e-04trmiss40_trlocglobal,32,5e-05,0.0001,1,16,1,False,0.1,lr5e-05_bs32_modL1_fusion16_fusionL1_fusionBN0_drop0p1__wd1e-04trmiss40_trlocglobal,63,0.550905575354894,0.6696721017360687,0.6884920634920635,0.6953866696253374,0.6444444444444445,0.0,0.0,0.0,0.0,0.0,0.0,0.0,0.0,0.0,,,,,18473,global,0.4
1,3,lr5e-05_bs32_modL1_fusion16_fusionL1_fusionBN0_drop0p1__wd1e-04trmiss40_trlocglobal,32,5e-05,0.0001,1,16,1,False,0.1,lr5e-05_bs32_modL1_fusion16_fusionL1_fusionBN0_drop0p1__wd1e-04trmiss40_trlocglobal,64,0.5537821451822916,0.668998509645462,0.6924603174603174,0.7074373232201085,0.6222222222222222,0.0,0.0,0.0,0.0,0.0,0.0,0.0,0.0,0.0,,,,,18473,global,0.4
1,3,lr5e-05_bs32_modL1_fusion16_fusionL1_fusionBN0_drop0p1__wd1e-04trmiss40_trlocglobal,32,5e-05,0.0001,1,16,1,False,0.1,lr5e-05_bs32_modL1_fusion16_fusionL1_fusionBN0_drop0p1__wd1e-04trmiss40_trlocglobal,65,0.5498353640238444,0.669626921415329,0.6904761904761905,0.6923750626837101,0.6666666666666666,0.0,0.0,0.0,0.0,0.0,0.0,0.0,0.0,0.0,,,,,18473,global,0.4
1,3,lr5e-05_bs32_modL1_fusion16_fusionL1_fusionBN0_drop0p1__wd1e-04trmiss40_trlocglobal,32,5e-05,0.0001,1,16,1,False,0.1,lr5e-05_bs32_modL1_fusion16_fusionL1_fusionBN0_drop0p1__wd1e-04trmiss40_trlocglobal,66,0.5527643263339996,0.6693871319293976,0.6964285714285714,0.7052156037765857,0.6444444444444445,0.0,0.0,0.0,0.0,0.0,0.0,0.0,0.0,0.0,,,,,18473,global,0.4
1,3,lr5e-05_bs32_modL1_fusion16_fusionL1_fusionBN0_drop0p1__wd1e-04trmiss40_trlocglobal,32,5e-05,0.0001,1,16,1,False,0.1,lr5e-05_bs32_modL1_fusion16_fusionL1_fusionBN0_drop0p1__wd1e-04trmiss40_trlocglobal,67,0.5441336631774902,0.6692410409450531,0.6944444444444445,0.7043755500131448,0.6444444444444445,0.0,0.0,0.0,0.0,0.0,0.0,0.0,0.0,0.0,,,,,18473,global,0.4
1,3,lr5e-05_bs32_modL1_fusion16_fusionL1_fusionBN0_drop0p1__wd1e-04trmiss40_trlocglobal,32,5e-05,0.0001,1,16,1,False,0.1,lr5e-05_bs32_modL1_fusion16_fusionL1_fusionBN0_drop0p1__wd1e-04trmiss40_trlocglobal,68,0.5435989995797476,0.6692120134830475,0.6924603174603174,0.6939588833464782,0.6666666666666666,0.0,0.0,0.0,0.0,0.0,0.0,0.0,0.0,0.0,,,,,18473,global,0.4
1,3,lr5e-05_bs32_modL1_fusion16_fusionL1_fusionBN0_drop0p1__wd1e-04trmiss40_trlocglobal,32,5e-05,0.0001,1,16,1,False,0.1,lr5e-05_bs32_modL1_fusion16_fusionL1_fusionBN0_drop0p1__wd1e-04trmiss40_trlocglobal,69,0.5515865584214529,0.6698922514915466,0.6904761904761905,0.6800699944575893,0.6444444444444445,0.0,0.0,0.0,0.0,0.0,0.0,0.0,0.0,0.0,,,,,18473,global,0.4
1,3,lr5e-05_bs32_modL1_fusion16_fusionL1_fusionBN0_drop0p1__wd1e-04trmiss40_trlocglobal,32,5e-05,0.0001,1,16,1,False,0.1,lr5e-05_bs32_modL1_fusion16_fusionL1_fusionBN0_drop0p1__wd1e-04trmiss40_trlocglobal,70,0.5507928232351939,0.6696665287017822,0.6904761904761905,0.6930489216606543,0.6222222222222222,0.0,0.0,0.0,0.0,0.0,0.0,0.0,0.0,0.0,,,,,18473,global,0.4
1,3,lr5e-05_bs32_modL1_fusion16_fusionL1_fusionBN0_drop0p1__wd1e-04trmiss40_trlocglobal,32,5e-05,0.0001,1,16,1,False,0.1,lr5e-05_bs32_modL1_fusion16_fusionL1_fusionBN0_drop0p1__wd1e-04trmiss40_trlocglobal,71,0.5482101142406464,0.6704487204551697,0.6924603174603174,0.6938889754240952,0.6444444444444445,0.0,0.0,0.0,0.0,0.0,0.0,0.0,0.0,0.0,,,,,18473,global,0.4
1,3,lr5e-05_bs32_modL1_fusion16_fusionL1_fusionBN0_drop0p1__wd1e-04trmiss40_trlocglobal,32,5e-05,0.0001,1,16,1,False,0.1,lr5e-05_bs32_modL1_fusion16_fusionL1_fusionBN0_drop0p1__wd1e-04trmiss40_trlocglobal,72,0.5429429411888123,0.669428676366806,0.6904761904761905,0.6930489216606543,0.6222222222222222,0.0,0.0,0.0,0.0,0.0,0.0,0.0,0.0,0.0,,,,,18473,global,0.4
1,3,lr5e-05_bs32_modL1_fusion16_fusionL1_fusionBN0_drop0p1__wd1e-04trmiss40_trlocglobal,32,5e-05,0.0001,1,16,1,False,0.1,lr5e-05_bs32_modL1_fusion16_fusionL1_fusionBN0_drop0p1__wd1e-04trmiss40_trlocglobal,73,0.5463968614737192,0.6692944169044495,0.6884920634920635,0.6867989216606544,0.6444444444444445,0.0,0.0,0.0,0.0,0.0,0.0,0.0,0.0,0.0,,,,,18473,global,0.4
1,3,lr5e-05_bs32_modL1_fusion32_fusionL1_fusionBN0_drop0p2__wd1e-04trmiss40_trlocglobal,32,5e-05,0.0001,1,32,1,False,0.2,lr5e-05_bs32_modL1_fusion32_fusionL1_fusionBN0_drop0p2__wd1e-04trmiss40_trlocglobal,1,0.6992773016293844,0.6942756772041321,0.4226190476190476,0.4890480024532338,0.4444444444444444,0.0,0.0,0.0,0.0,0.0,0.0,0.0,0.0,0.0,,,,,18473,global,0.4
1,3,lr5e-05_bs32_modL1_fusion32_fusionL1_fusionBN0_drop0p2__wd1e-04trmiss40_trlocglobal,32,5e-05,0.0001,1,32,1,False,0.2,lr5e-05_bs32_modL1_fusion32_fusionL1_fusionBN0_drop0p2__wd1e-04trmiss40_trlocglobal,2,0.6808630724747976,0.6932682394981384,0.44246031746031744,0.5252458904291085,0.4444444444444444,0.0,0.0,0.0,0.0,0.0,0.0,0.0,0.0,0.0,,,,,18473,global,0.4
1,3,lr5e-05_bs32_modL1_fusion32_fusionL1_fusionBN0_drop0p2__wd1e-04trmiss40_trlocglobal,32,5e-05,0.0001,1,32,1,False,0.2,lr5e-05_bs32_modL1_fusion32_fusionL1_fusionBN0_drop0p2__wd1e-04trmiss40_trlocglobal,3,0.6780972878138224,0.6928426325321198,0.44246031746031744,0.5336249854699744,0.4888888888888889,0.0,0.0,0.0,0.0,0.0,0.0,0.0,0.0,0.0,,,,,18473,global,0.4
1,3,lr5e-05_bs32_modL1_fusion32_fusionL1_fusionBN0_drop0p2__wd1e-04trmiss40_trlocglobal,32,5e-05,0.0001,1,32,1,False,0.2,lr5e-05_bs32_modL1_fusion32_fusionL1_fusionBN0_drop0p2__wd1e-04trmiss40_trlocglobal,4,0.6652058263619741,0.6927278339862823,0.4444444444444445,0.5366914731931114,0.4666666666666667,0.0,0.0,0.0,0.0,0.0,0.0,0.0,0.0,0.0,,,,,18473,global,0.4
1,3,lr5e-05_bs32_modL1_fusion32_fusionL1_fusionBN0_drop0p2__wd1e-04trmiss40_trlocglobal,32,5e-05,0.0001,1,32,1,False,0.2,lr5e-05_bs32_modL1_fusion32_fusionL1_fusionBN0_drop0p2__wd1e-04trmiss40_trlocglobal,5,0.662230372428894,0.6926957964897156,0.46031746031746035,0.5611836420738259,0.4888888888888889,0.0,0.0,0.0,0.0,0.0,0.0,0.0,0.0,0.0,,,,,18473,global,0.4
1,3,lr5e-05_bs32_modL1_fusion32_fusionL1_fusionBN0_drop0p2__wd1e-04trmiss40_trlocglobal,32,5e-05,0.0001,1,32,1,False,0.2,lr5e-05_bs32_modL1_fusion32_fusionL1_fusionBN0_drop0p2__wd1e-04trmiss40_trlocglobal,6,0.6480235457420349,0.6914809346199036,0.4642857142857143,0.5620009009728604,0.4444444444444444,0.0,0.0,0.0,0.0,0.0,0.0,0.0,0.0,0.0,,,,,18473,global,0.4
1,3,lr5e-05_bs32_modL1_fusion32_fusionL1_fusionBN0_drop0p2__wd1e-04trmiss40_trlocglobal,32,5e-05,0.0001,1,32,1,False,0.2,lr5e-05_bs32_modL1_fusion32_fusionL1_fusionBN0_drop0p2__wd1e-04trmiss40_trlocglobal,7,0.640493631362915,0.6898293495178223,0.47817460317460314,0.576468800486132,0.4444444444444444,0.0,0.0,0.0,0.0,0.0,0.0,0.0,0.0,0.0,,,,,18473,global,0.4
1,3,lr5e-05_bs32_modL1_fusion32_fusionL1_fusionBN0_drop0p2__wd1e-04trmiss40_trlocglobal,32,5e-05,0.0001,1,32,1,False,0.2,lr5e-05_bs32_modL1_fusion32_fusionL1_fusionBN0_drop0p2__wd1e-04trmiss40_trlocglobal,8,0.6367812852064768,0.6881703436374664,0.4920634920634921,0.583472349769093,0.4444444444444444,0.0,0.0,0.0,0.0,0.0,0.0,0.0,0.0,0.0,,,,,18473,global,0.4
1,3,lr5e-05_bs32_modL1_fusion32_fusionL1_fusionBN0_drop0p2__wd1e-04trmiss40_trlocglobal,32,5e-05,0.0001,1,32,1,False,0.2,lr5e-05_bs32_modL1_fusion32_fusionL1_fusionBN0_drop0p2__wd1e-04trmiss40_trlocglobal,9,0.6330490509668986,0.6875677406787872,0.49603174603174605,0.6112313571208862,0.4666666666666667,0.0,0.0,0.0,0.0,0.0,0.0,0.0,0.0,0.0,,,,,18473,global,0.4
1,3,lr5e-05_bs32_modL1_fusion32_fusionL1_fusionBN0_drop0p2__wd1e-04trmiss40_trlocglobal,32,5e-05,0.0001,1,32,1,False,0.2,lr5e-05_bs32_modL1_fusion32_fusionL1_fusionBN0_drop0p2__wd1e-04trmiss40_trlocglobal,10,0.6295322179794312,0.6869734227657318,0.49404761904761907,0.6011895375760665,0.4444444444444444,0.0,0.0,0.0,0.0,0.0,0.0,0.0,0.0,0.0,,,,,18473,global,0.4
1,3,lr5e-05_bs32_modL1_fusion32_fusionL1_fusionBN0_drop0p2__wd1e-04trmiss40_trlocglobal,32,5e-05,0.0001,1,32,1,False,0.2,lr5e-05_bs32_modL1_fusion32_fusionL1_fusionBN0_drop0p2__wd1e-04trmiss40_trlocglobal,11,0.6249830722808838,0.6867450177669525,0.4900793650793651,0.5984040568240737,0.4666666666666667,0.0,0.0,0.0,0.0,0.0,0.0,0.0,0.0,0.0,,,,,18473,global,0.4
1,3,lr5e-05_bs32_modL1_fusion32_fusionL1_fusionBN0_drop0p2__wd1e-04trmiss40_trlocglobal,32,5e-05,0.0001,1,32,1,False,0.2,lr5e-05_bs32_modL1_fusion32_fusionL1_fusionBN0_drop0p2__wd1e-04trmiss40_trlocglobal,12,0.6244885524113973,0.6850992143154144,0.49404761904761907,0.6067217963704992,0.4444444444444444,0.0,0.0,0.0,0.0,0.0,0.0,0.0,0.0,0.0,,,,,18473,global,0.4
1,3,lr5e-05_bs32_modL1_fusion32_fusionL1_fusionBN0_drop0p2__wd1e-04trmiss40_trlocglobal,32,5e-05,0.0001,1,32,1,False,0.2,lr5e-05_bs32_modL1_fusion32_fusionL1_fusionBN0_drop0p2__wd1e-04trmiss40_trlocglobal,13,0.6104715665181478,0.6847301721572876,0.49404761904761907,0.6078304970515114,0.4222222222222222,0.0,0.0,0.0,0.0,0.0,0.0,0.0,0.0,0.0,,,,,18473,global,0.4
1,3,lr5e-05_bs32_modL1_fusion32_fusionL1_fusionBN0_drop0p2__wd1e-04trmiss40_trlocglobal,32,5e-05,0.0001,1,32,1,False,0.2,lr5e-05_bs32_modL1_fusion32_fusionL1_fusionBN0_drop0p2__wd1e-04trmiss40_trlocglobal,14,0.6090593338012695,0.6854291260242462,0.49603174603174605,0.606229028506483,0.4,0.0,0.0,0.0,0.0,0.0,0.0,0.0,0.0,0.0,,,,,18473,global,0.4
1,3,lr5e-05_bs32_modL1_fusion32_fusionL1_fusionBN0_drop0p2__wd1e-04trmiss40_trlocglobal,32,5e-05,0.0001,1,32,1,False,0.2,lr5e-05_bs32_modL1_fusion32_fusionL1_fusionBN0_drop0p2__wd1e-04trmiss40_trlocglobal,15,0.616622805595398,0.6854916512966156,0.513888888888889,0.6090220587161573,0.4444444444444444,0.0,0.0,0.0,0.0,0.0,0.0,0.0,0.0,0.0,,,,,18473,global,0.4
1,3,lr5e-05_bs32_modL1_fusion32_fusionL1_fusionBN0_drop0p2__wd1e-04trmiss40_trlocglobal,32,5e-05,0.0001,1,32,1,False,0.2,lr5e-05_bs32_modL1_fusion32_fusionL1_fusionBN0_drop0p2__wd1e-04trmiss40_trlocglobal,16,0.6088864207267761,0.6849206387996674,0.5158730158730159,0.6051341604156837,0.4888888888888889,0.0,0.0,0.0,0.0,0.0,0.0,0.0,0.0,0.0,,,,,18473,global,0.4
1,3,lr5e-05_bs32_modL1_fusion32_fusionL1_fusionBN0_drop0p2__wd1e-04trmiss40_trlocglobal,32,5e-05,0.0001,1,32,1,False,0.2,lr5e-05_bs32_modL1_fusion32_fusionL1_fusionBN0_drop0p2__wd1e-04trmiss40_trlocglobal,17,0.5983321070671082,0.685206413269043,0.5158730158730158,0.6029239052578826,0.4444444444444444,0.0,0.0,0.0,0.0,0.0,0.0,0.0,0.0,0.0,,,,,18473,global,0.4
1,3,lr5e-05_bs32_modL1_fusion32_fusionL1_fusionBN0_drop0p2__wd1e-04trmiss40_trlocglobal,32,5e-05,0.0001,1,32,1,False,0.2,lr5e-05_bs32_modL1_fusion32_fusionL1_fusionBN0_drop0p2__wd1e-04trmiss40_trlocglobal,18,0.599274198214213,0.6849626302719116,0.503968253968254,0.5941312722063293,0.4666666666666667,0.0,0.0,0.0,0.0,0.0,0.0,0.0,0.0,0.0,,,,,18473,global,0.4
1,3,lr5e-05_bs32_modL1_fusion32_fusionL1_fusionBN0_drop0p2__wd1e-04trmiss40_trlocglobal,32,5e-05,0.0001,1,32,1,False,0.2,lr5e-05_bs32_modL1_fusion32_fusionL1_fusionBN0_drop0p2__wd1e-04trmiss40_trlocglobal,19,0.6023743649323782,0.6834519505500793,0.501984126984127,0.6022277978572027,0.4444444444444444,0.0,0.0,0.0,0.0,0.0,0.0,0.0,0.0,0.0,,,,,18473,global,0.4
1,3,lr5e-05_bs32_modL1_fusion32_fusionL1_fusionBN0_drop0p2__wd1e-04trmiss40_trlocglobal,32,5e-05,0.0001,1,32,1,False,0.2,lr5e-05_bs32_modL1_fusion32_fusionL1_fusionBN0_drop0p2__wd1e-04trmiss40_trlocglobal,20,0.590783029794693,0.680917352437973,0.5218253968253967,0.616045214577783,0.4888888888888889,0.0,0.0,0.0,0.0,0.0,0.0,0.0,0.0,0.0,,,,,18473,global,0.4
1,3,lr5e-05_bs32_modL1_fusion32_fusionL1_fusionBN0_drop0p2__wd1e-04trmiss40_trlocglobal,32,5e-05,0.0001,1,32,1,False,0.2,lr5e-05_bs32_modL1_fusion32_fusionL1_fusionBN0_drop0p2__wd1e-04trmiss40_trlocglobal,21,0.5828838249047598,0.6798106729984283,0.5178571428571429,0.6193600598395592,0.5111111111111111,0.0,0.0,0.0,0.0,0.0,0.0,0.0,0.0,0.0,,,,,18473,global,0.4
1,3,lr5e-05_bs32_modL1_fusion32_fusionL1_fusionBN0_drop0p2__wd1e-04trmiss40_trlocglobal,32,5e-05,0.0001,1,32,1,False,0.2,lr5e-05_bs32_modL1_fusion32_fusionL1_fusionBN0_drop0p2__wd1e-04trmiss40_trlocglobal,22,0.582422117392222,0.6814630329608917,0.5158730158730158,0.6158875048072799,0.4888888888888889,0.0,0.0,0.0,0.0,0.0,0.0,0.0,0.0,0.0,,,,,18473,global,0.4
1,3,lr5e-05_bs32_modL1_fusion32_fusionL1_fusionBN0_drop0p2__wd1e-04trmiss40_trlocglobal,32,5e-05,0.0001,1,32,1,False,0.2,lr5e-05_bs32_modL1_fusion32_fusionL1_fusionBN0_drop0p2__wd1e-04trmiss40_trlocglobal,23,0.5870658159255981,0.6832089126110077,0.503968253968254,0.6045597242858972,0.5111111111111111,0.0,0.0,0.0,0.0,0.0,0.0,0.0,0.0,0.0,,,,,18473,global,0.4
1,3,lr5e-05_bs32_modL1_fusion32_fusionL1_fusionBN0_drop0p2__wd1e-04trmiss40_trlocglobal,32,5e-05,0.0001,1,32,1,False,0.2,lr5e-05_bs32_modL1_fusion32_fusionL1_fusionBN0_drop0p2__wd1e-04trmiss40_trlocglobal,24,0.5705144504706064,0.6834815740585327,0.49404761904761907,0.599755057261172,0.4888888888888889,0.0,0.0,0.0,0.0,0.0,0.0,0.0,0.0,0.0,,,,,18473,global,0.4
1,3,lr5e-05_bs32_modL1_fusion32_fusionL1_fusionBN0_drop0p2__wd1e-04trmiss40_trlocglobal,32,5e-05,0.0001,1,32,1,False,0.2,lr5e-05_bs32_modL1_fusion32_fusionL1_fusionBN0_drop0p2__wd1e-04trmiss40_trlocglobal,25,0.5758261978626251,0.6829066276550293,0.4940476190476191,0.6002021329580804,0.4666666666666667,0.0,0.0,0.0,0.0,0.0,0.0,0.0,0.0,0.0,,,,,18473,global,0.4
1,3,lr5e-05_bs32_modL1_fusion32_fusionL1_fusionBN0_drop0p2__wd1e-04trmiss40_trlocglobal,32,5e-05,0.0001,1,32,1,False,0.2,lr5e-05_bs32_modL1_fusion32_fusionL1_fusionBN0_drop0p2__wd1e-04trmiss40_trlocglobal,26,0.5790491302808126,0.6823279857635498,0.4861111111111111,0.5960199119927712,0.4888888888888889,0.0,0.0,0.0,0.0,0.0,0.0,0.0,0.0,0.0,,,,,18473,global,0.4
1,3,lr5e-05_bs32_modL1_fusion32_fusionL1_fusionBN0_drop0p2__wd1e-04trmiss40_trlocglobal,32,5e-05,0.0001,1,32,1,False,0.2,lr5e-05_bs32_modL1_fusion32_fusionL1_fusionBN0_drop0p2__wd1e-04trmiss40_trlocglobal,27,0.5587027072906494,0.6818483173847198,0.4960317460317461,0.5989388684689284,0.4888888888888889,0.0,0.0,0.0,0.0,0.0,0.0,0.0,0.0,0.0,,,,,18473,global,0.4
1,3,lr5e-05_bs32_modL1_fusion32_fusionL1_fusionBN0_drop0p2__wd1e-04trmiss40_trlocglobal,32,5e-05,0.0001,1,32,1,False,0.2,lr5e-05_bs32_modL1_fusion32_fusionL1_fusionBN0_drop0p2__wd1e-04trmiss40_trlocglobal,28,0.565410296122233,0.6805345118045807,0.509920634920635,0.6042871645581427,0.5111111111111111,0.0,0.0,0.0,0.0,0.0,0.0,0.0,0.0,0.0,,,,,18473,global,0.4
1,3,lr5e-05_bs32_modL1_fusion32_fusionL1_fusionBN0_drop0p2__wd1e-04trmiss40_trlocglobal,32,5e-05,0.0001,1,32,1,False,0.2,lr5e-05_bs32_modL1_fusion32_fusionL1_fusionBN0_drop0p2__wd1e-04trmiss40_trlocglobal,29,0.5557789206504822,0.6808226704597473,0.509920634920635,0.6006783011372537,0.5111111111111111,0.0,0.0,0.0,0.0,0.0,0.0,0.0,0.0,0.0,,,,,18473,global,0.4
1,3,lr5e-05_bs32_modL1_fusion32_fusionL1_fusionBN0_drop0p2__wd1e-04trmiss40_trlocglobal,32,5e-05,0.0001,1,32,1,False,0.2,lr5e-05_bs32_modL1_fusion32_fusionL1_fusionBN0_drop0p2__wd1e-04trmiss40_trlocglobal,30,0.5687200625737509,0.6805719435214996,0.5178571428571428,0.6019514703602166,0.5111111111111111,0.0,0.0,0.0,0.0,0.0,0.0,0.0,0.0,0.0,,,,,18473,global,0.4
1,3,lr5e-05_bs32_modL1_fusion32_fusionL1_fusionBN0_drop0p2__wd1e-04trmiss40_trlocglobal,32,5e-05,0.0001,1,32,1,False,0.2,lr5e-05_bs32_modL1_fusion32_fusionL1_fusionBN0_drop0p2__wd1e-04trmiss40_trlocglobal,31,0.5561426281929016,0.6788580119609833,0.5317460317460317,0.6115934554058142,0.5333333333333333,0.0,0.0,0.0,0.0,0.0,0.0,0.0,0.0,0.0,,,,,18473,global,0.4
1,3,lr5e-05_bs32_modL1_fusion32_fusionL1_fusionBN0_drop0p2__wd1e-04trmiss40_trlocglobal,32,5e-05,0.0001,1,32,1,False,0.2,lr5e-05_bs32_modL1_fusion32_fusionL1_fusionBN0_drop0p2__wd1e-04trmiss40_trlocglobal,32,0.5574581126372019,0.6797761023044586,0.5257936507936508,0.6095066535643965,0.5111111111111111,0.0,0.0,0.0,0.0,0.0,0.0,0.0,0.0,0.0,,,,,18473,global,0.4
1,3,lr5e-05_bs32_modL1_fusion32_fusionL1_fusionBN0_drop0p2__wd1e-04trmiss40_trlocglobal,32,5e-05,0.0001,1,32,1,False,0.2,lr5e-05_bs32_modL1_fusion32_fusionL1_fusionBN0_drop0p2__wd1e-04trmiss40_trlocglobal,33,0.5547242760658264,0.6815489828586578,0.5218253968253969,0.608388238139363,0.5111111111111111,0.0,0.0,0.0,0.0,0.0,0.0,0.0,0.0,0.0,,,,,18473,global,0.4
1,3,lr5e-05_bs32_modL1_fusion32_fusionL1_fusionBN0_drop0p2__wd1e-04trmiss40_trlocglobal,32,5e-05,0.0001,1,32,1,False,0.2,lr5e-05_bs32_modL1_fusion32_fusionL1_fusionBN0_drop0p2__wd1e-04trmiss40_trlocglobal,34,0.5549658536911011,0.6807790398597717,0.5396825396825398,0.6198053343127788,0.5555555555555556,0.0,0.0,0.0,0.0,0.0,0.0,0.0,0.0,0.0,,,,,18473,global,0.4
1,3,lr5e-05_bs32_modL1_fusion32_fusionL1_fusionBN0_drop0p2__wd1e-04trmiss40_trlocglobal,32,5e-05,0.0001,1,32,1,False,0.2,lr5e-05_bs32_modL1_fusion32_fusionL1_fusionBN0_drop0p2__wd1e-04trmiss40_trlocglobal,35,0.5537258783976237,0.6797829866409302,0.5476190476190477,0.6211239111922151,0.5333333333333333,0.0,0.0,0.0,0.0,0.0,0.0,0.0,0.0,0.0,,,,,18473,global,0.4
1,3,lr5e-05_bs32_modL1_fusion32_fusionL1_fusionBN0_drop0p2__wd1e-04trmiss40_trlocglobal,32,5e-05,0.0001,1,32,1,False,0.2,lr5e-05_bs32_modL1_fusion32_fusionL1_fusionBN0_drop0p2__wd1e-04trmiss40_trlocglobal,36,0.5449341138203939,0.6788375377655029,0.5476190476190477,0.6211010611853498,0.5555555555555556,0.0,0.0,0.0,0.0,0.0,0.0,0.0,0.0,0.0,,,,,18473,global,0.4
1,3,lr5e-05_bs32_modL1_fusion32_fusionL1_fusionBN0_drop0p2__wd1e-04trmiss40_trlocglobal,32,5e-05,0.0001,1,32,1,False,0.2,lr5e-05_bs32_modL1_fusion32_fusionL1_fusionBN0_drop0p2__wd1e-04trmiss40_trlocglobal,37,0.5430901149908701,0.6789645850658417,0.5496031746031746,0.62265279164926,0.5555555555555556,0.0,0.0,0.0,0.0,0.0,0.0,0.0,0.0,0.0,,,,,18473,global,0.4
1,3,lr5e-05_bs32_modL1_fusion32_fusionL1_fusionBN0_drop0p2__wd1e-04trmiss40_trlocglobal,32,5e-05,0.0001,1,32,1,False,0.2,lr5e-05_bs32_modL1_fusion32_fusionL1_fusionBN0_drop0p2__wd1e-04trmiss40_trlocglobal,38,0.5363153119881948,0.6810067892074585,0.5496031746031746,0.6184181632989588,0.5333333333333333,0.0,0.0,0.0,0.0,0.0,0.0,0.0,0.0,0.0,,,,,18473,global,0.4
1,3,lr5e-05_bs32_modL1_fusion32_fusionL1_fusionBN0_drop0p2__wd1e-04trmiss40_trlocglobal,32,5e-05,0.0001,1,32,1,False,0.2,lr5e-05_bs32_modL1_fusion32_fusionL1_fusionBN0_drop0p2__wd1e-04trmiss40_trlocglobal,39,0.5320496360460917,0.6802356839179993,0.5496031746031746,0.6198298963444442,0.5333333333333333,0.0,0.0,0.0,0.0,0.0,0.0,0.0,0.0,0.0,,,,,18473,global,0.4
1,3,lr5e-05_bs32_modL1_fusion32_fusionL1_fusionBN0_drop0p2__wd1e-04trmiss40_trlocglobal,32,5e-05,0.0001,1,32,1,False,0.2,lr5e-05_bs32_modL1_fusion32_fusionL1_fusionBN0_drop0p2__wd1e-04trmiss40_trlocglobal,40,0.5347624719142914,0.679499477148056,0.5436507936507937,0.6155736098764157,0.5111111111111111,0.0,0.0,0.0,0.0,0.0,0.0,0.0,0.0,0.0,,,,,18473,global,0.4
1,3,lr5e-05_bs32_modL1_fusion32_fusionL1_fusionBN0_drop0p2__wd1e-04trmiss40_trlocglobal,32,5e-05,0.0001,1,32,1,False,0.2,lr5e-05_bs32_modL1_fusion32_fusionL1_fusionBN0_drop0p2__wd1e-04trmiss40_trlocglobal,41,0.5313306053479513,0.6793635487556458,0.5496031746031746,0.6183228665612046,0.5111111111111111,0.0,0.0,0.0,0.0,0.0,0.0,0.0,0.0,0.0,,,,,18473,global,0.4
1,3,lr5e-05_bs32_modL1_fusion32_fusionL1_fusionBN0_drop0p2__wd1e-04trmiss40_trlocglobal,32,5e-05,0.0001,1,32,1,False,0.2,lr5e-05_bs32_modL1_fusion32_fusionL1_fusionBN0_drop0p2__wd1e-04trmiss40_trlocglobal,42,0.5325294335683187,0.6793570518493652,0.5634920634920635,0.6263828018385612,0.5333333333333333,0.0,0.0,0.0,0.0,0.0,0.0,0.0,0.0,0.0,,,,,18473,global,0.4
1,3,lr5e-05_bs32_modL1_fusion32_fusionL1_fusionBN0_drop0p2__wd1e-04trmiss40_trlocglobal,32,5e-05,0.0001,1,32,1,False,0.2,lr5e-05_bs32_modL1_fusion32_fusionL1_fusionBN0_drop0p2__wd1e-04trmiss40_trlocglobal,43,0.5278139511744181,0.6813418865203857,0.5456349206349207,0.6127375999521897,0.5555555555555556,0.0,0.0,0.0,0.0,0.0,0.0,0.0,0.0,0.0,,,,,18473,global,0.4
1,3,lr5e-05_bs32_modL1_fusion32_fusionL1_fusionBN0_drop0p2__wd1e-04trmiss40_trlocglobal,32,5e-05,0.0001,1,32,1,False,0.2,lr5e-05_bs32_modL1_fusion32_fusionL1_fusionBN0_drop0p2__wd1e-04trmiss40_trlocglobal,44,0.5239996463060379,0.6816853582859039,0.5376984126984128,0.6183736756211601,0.5555555555555556,0.0,0.0,0.0,0.0,0.0,0.0,0.0,0.0,0.0,,,,,18473,global,0.4
1,3,lr5e-05_bs32_modL1_fusion32_fusionL1_fusionBN0_drop0p2__wd1e-04trmiss40_trlocglobal,32,5e-05,0.0001,1,32,1,False,0.2,lr5e-05_bs32_modL1_fusion32_fusionL1_fusionBN0_drop0p2__wd1e-04trmiss40_trlocglobal,45,0.5305311580499014,0.6792699098587036,0.5515873015873016,0.6253247289734231,0.5333333333333333,0.0,0.0,0.0,0.0,0.0,0.0,0.0,0.0,0.0,,,,,18473,global,0.4
1,3,lr5e-05_bs32_modL1_fusion32_fusionL1_fusionBN0_drop0p2__wd1e-04trmiss40_trlocglobal,32,5e-05,0.0001,1,32,1,False,0.2,lr5e-05_bs32_modL1_fusion32_fusionL1_fusionBN0_drop0p2__wd1e-04trmiss40_trlocglobal,46,0.5325751602649689,0.6783303618431091,0.5615079365079365,0.6309461116668166,0.5111111111111111,0.0,0.0,0.0,0.0,0.0,0.0,0.0,0.0,0.0,,,,,18473,global,0.4
1,3,lr5e-05_bs32_modL1_fusion32_fusionL1_fusionBN0_drop0p2__wd1e-04trmiss40_trlocglobal,32,5e-05,0.0001,1,32,1,False,0.2,lr5e-05_bs32_modL1_fusion32_fusionL1_fusionBN0_drop0p2__wd1e-04trmiss40_trlocglobal,47,0.5258047978083292,0.6793943047523499,0.5555555555555556,0.6272991714216558,0.5777777777777777,0.0,0.0,0.0,0.0,0.0,0.0,0.0,0.0,0.0,,,,,18473,global,0.4
1,3,lr5e-05_bs32_modL1_fusion32_fusionL1_fusionBN0_drop0p2__wd1e-04trmiss40_trlocglobal,32,5e-05,0.0001,1,32,1,False,0.2,lr5e-05_bs32_modL1_fusion32_fusionL1_fusionBN0_drop0p2__wd1e-04trmiss40_trlocglobal,48,0.5163775384426117,0.6800972819328308,0.5555555555555556,0.6275122182379635,0.5777777777777777,0.0,0.0,0.0,0.0,0.0,0.0,0.0,0.0,0.0,,,,,18473,global,0.4
1,3,lr5e-05_bs32_modL1_fusion32_fusionL1_fusionBN0_drop0p2__wd1e-04trmiss40_trlocglobal,32,5e-05,0.0001,1,32,1,False,0.2,lr5e-05_bs32_modL1_fusion32_fusionL1_fusionBN0_drop0p2__wd1e-04trmiss40_trlocglobal,49,0.5213393568992615,0.6792084872722626,0.5575396825396826,0.6286650509125354,0.5111111111111111,0.0,0.0,0.0,0.0,0.0,0.0,0.0,0.0,0.0,,,,,18473,global,0.4
1,3,lr5e-05_bs32_modL1_fusion32_fusionL1_fusionBN0_drop0p2__wd1e-04trmiss40_trlocglobal,32,5e-05,0.0001,1,32,1,False,0.2,lr5e-05_bs32_modL1_fusion32_fusionL1_fusionBN0_drop0p2__wd1e-04trmiss40_trlocglobal,50,0.5259530792633692,0.6784190535545349,0.5595238095238095,0.629296826544311,0.5333333333333333,0.0,0.0,0.0,0.0,0.0,0.0,0.0,0.0,0.0,,,,,18473,global,0.4
1,3,lr5e-05_bs32_modL1_fusion32_fusionL1_fusionBN0_drop0p2__wd1e-04trmiss40_trlocglobal,32,5e-05,0.0001,1,32,1,False,0.2,lr5e-05_bs32_modL1_fusion32_fusionL1_fusionBN0_drop0p2__wd1e-04trmiss40_trlocglobal,51,0.5158348182837168,0.6792465150356293,0.5595238095238095,0.6297396741378939,0.5555555555555556,0.0,0.0,0.0,0.0,0.0,0.0,0.0,0.0,0.0,,,,,18473,global,0.4
1,3,lr5e-05_bs32_modL1_fusion32_fusionL1_fusionBN0_drop0p2__wd1e-04trmiss40_trlocglobal,32,5e-05,0.0001,1,32,1,False,0.2,lr5e-05_bs32_modL1_fusion32_fusionL1_fusionBN0_drop0p2__wd1e-04trmiss40_trlocglobal,52,0.5179446438948313,0.6799695789813995,0.5575396825396826,0.6191317132581938,0.5555555555555556,0.0,0.0,0.0,0.0,0.0,0.0,0.0,0.0,0.0,,,,,18473,global,0.4
1,3,lr5e-05_bs32_modL1_fusion32_fusionL1_fusionBN0_drop0p2__wd1e-04trmiss40_trlocglobal,32,5e-05,0.0001,1,32,1,False,0.2,lr5e-05_bs32_modL1_fusion32_fusionL1_fusionBN0_drop0p2__wd1e-04trmiss40_trlocglobal,53,0.5066662430763245,0.6791766881942749,0.5535714285714286,0.6139220971070816,0.5555555555555556,0.0,0.0,0.0,0.0,0.0,0.0,0.0,0.0,0.0,,,,,18473,global,0.4
1,3,lr5e-05_bs32_modL1_fusion32_fusionL1_fusionBN0_drop0p2__wd1e-04trmiss40_trlocglobal,32,5e-05,0.0001,1,32,1,False,0.2,lr5e-05_bs32_modL1_fusion32_fusionL1_fusionBN0_drop0p2__wd1e-04trmiss40_trlocglobal,54,0.5184116711219152,0.6790264248847961,0.5535714285714286,0.6143011271776078,0.5333333333333333,0.0,0.0,0.0,0.0,0.0,0.0,0.0,0.0,0.0,,,,,18473,global,0.4
1,3,lr5e-05_bs32_modL1_fusion32_fusionL1_fusionBN0_drop0p2__wd1e-04trmiss40_trlocglobal,32,5e-05,0.0001,1,32,1,False,0.2,lr5e-05_bs32_modL1_fusion32_fusionL1_fusionBN0_drop0p2__wd1e-04trmiss40_trlocglobal,55,0.5155798097451528,0.6790452003479004,0.5634920634920635,0.6282779848678554,0.5555555555555556,0.0,0.0,0.0,0.0,0.0,0.0,0.0,0.0,0.0,,,,,18473,global,0.4
1,3,lr5e-05_bs32_modL1_fusion32_fusionL1_fusionBN0_drop0p2__wd1e-04trmiss40_trlocglobal,32,5e-05,0.0001,1,32,1,False,0.2,lr5e-05_bs32_modL1_fusion32_fusionL1_fusionBN0_drop0p2__wd1e-04trmiss40_trlocglobal,56,0.5239225824673971,0.6796053051948547,0.5595238095238095,0.6190113977846174,0.5777777777777777,0.0,0.0,0.0,0.0,0.0,0.0,0.0,0.0,0.0,,,,,18473,global,0.4
1,3,lr5e-05_bs32_modL1_fusion32_fusionL1_fusionBN0_drop0p2__wd1e-04trmiss40_trlocglobal,32,5e-05,0.0001,1,32,1,False,0.2,lr5e-05_bs32_modL1_fusion32_fusionL1_fusionBN0_drop0p2__wd1e-04trmiss40_trlocglobal,57,0.5079209903875986,0.6797021627426147,0.5535714285714286,0.6149229590494396,0.5777777777777777,0.0,0.0,0.0,0.0,0.0,0.0,0.0,0.0,0.0,,,,,18473,global,0.4
1,3,lr5e-05_bs32_modL1_fusion32_fusionL1_fusionBN0_drop0p2__wd1e-04trmiss40_trlocglobal,32,5e-05,0.0001,1,32,1,False,0.2,lr5e-05_bs32_modL1_fusion32_fusionL1_fusionBN0_drop0p2__wd1e-04trmiss40_trlocglobal,58,0.5042856981356939,0.6792610585689545,0.5615079365079365,0.6191649356114626,0.5777777777777777,0.0,0.0,0.0,0.0,0.0,0.0,0.0,0.0,0.0,,,,,18473,global,0.4
1,3,lr5e-05_bs32_modL1_fusion32_fusionL1_fusionBN0_drop0p2__wd1e-04trmiss40_trlocglobal,32,5e-05,0.0001,1,32,1,False,0.2,lr5e-05_bs32_modL1_fusion32_fusionL1_fusionBN0_drop0p2__wd1e-04trmiss40_trlocglobal,59,0.5135531425476074,0.6793671548366547,0.5615079365079365,0.6182836674002843,0.5777777777777777,0.0,0.0,0.0,0.0,0.0,0.0,0.0,0.0,0.0,,,,,18473,global,0.4
1,3,lr5e-05_bs32_modL1_fusion32_fusionL1_fusionBN0_drop0p2__wd1e-04trmiss40_trlocglobal,32,5e-05,0.0001,1,32,1,False,0.2,lr5e-05_bs32_modL1_fusion32_fusionL1_fusionBN0_drop0p2__wd1e-04trmiss40_trlocglobal,60,0.5044754793246587,0.678926557302475,0.5595238095238095,0.6169939848606019,0.5777777777777777,0.0,0.0,0.0,0.0,0.0,0.0,0.0,0.0,0.0,,,,,18473,global,0.4
1,3,lr5e-05_bs32_modL1_fusion32_fusionL1_fusionBN0_drop0p2__wd1e-04trmiss40_trlocglobal,32,5e-05,0.0001,1,32,1,False,0.2,lr5e-05_bs32_modL1_fusion32_fusionL1_fusionBN0_drop0p2__wd1e-04trmiss40_trlocglobal,61,0.5139437119166056,0.6787187159061432,0.5634920634920635,0.6215141034123232,0.5555555555555556,0.0,0.0,0.0,0.0,0.0,0.0,0.0,0.0,0.0,,,,,18473,global,0.4
1,3,lr5e-05_bs32_modL1_fusion32_fusionL1_fusionBN0_drop0p2__wd1e-04trmiss40_trlocglobal,32,5e-05,0.0001,1,32,1,False,0.2,lr5e-05_bs32_modL1_fusion32_fusionL1_fusionBN0_drop0p2__wd1e-04trmiss40_trlocglobal,62,0.5015060106913248,0.6794792115688324,0.5555555555555556,0.6144288275770473,0.5333333333333333,0.0,0.0,0.0,0.0,0.0,0.0,0.0,0.0,0.0,,,,,18473,global,0.4
1,3,lr5e-05_bs32_modL1_fusion32_fusionL1_fusionBN0_drop0p2__wd1e-04trmiss40_trlocglobal,32,5e-05,0.0001,1,32,1,False,0.2,lr5e-05_bs32_modL1_fusion32_fusionL1_fusionBN0_drop0p2__wd1e-04trmiss40_trlocglobal,63,0.5032114088535309,0.679892510175705,0.5496031746031746,0.6108138736903543,0.5555555555555556,0.0,0.0,0.0,0.0,0.0,0.0,0.0,0.0,0.0,,,,,18473,global,0.4
1,3,lr5e-05_bs32_modL1_fusion32_fusionL1_fusionBN0_drop0p2__wd1e-04trmiss40_trlocglobal,32,5e-05,0.0001,1,32,1,False,0.2,lr5e-05_bs32_modL1_fusion32_fusionL1_fusionBN0_drop0p2__wd1e-04trmiss40_trlocglobal,64,0.5000564406315485,0.6793119013309479,0.5575396825396826,0.6155604382569653,0.5555555555555556,0.0,0.0,0.0,0.0,0.0,0.0,0.0,0.0,0.0,,,,,18473,global,0.4
1,3,lr5e-05_bs32_modL1_fusion32_fusionL1_fusionBN0_drop0p2__wd1e-04trmiss40_trlocglobal,32,5e-05,0.0001,1,32,1,False,0.2,lr5e-05_bs32_modL1_fusion32_fusionL1_fusionBN0_drop0p2__wd1e-04trmiss40_trlocglobal,65,0.49604378640651703,0.6794372797012329,0.5595238095238095,0.6161411583498806,0.5555555555555556,0.0,0.0,0.0,0.0,0.0,0.0,0.0,0.0,0.0,,,,,18473,global,0.4
1,3,lr5e-05_bs32_modL1_fusion32_fusionL1_fusionBN0_drop0p2__wd1e-04trmiss40_trlocglobal,32,5e-05,0.0001,1,32,1,False,0.2,lr5e-05_bs32_modL1_fusion32_fusionL1_fusionBN0_drop0p2__wd1e-04trmiss40_trlocglobal,66,0.5072997460762659,0.6788166165351868,0.5555555555555556,0.6134293645680403,0.5333333333333333,0.0,0.0,0.0,0.0,0.0,0.0,0.0,0.0,0.0,,,,,18473,global,0.4
1,3,lr5e-05_bs32_modL1_fusion32_fusionL1_fusionBN0_drop0p2__wd1e-04trmiss40_trlocglobal,32,5e-05,0.0001,1,32,1,False,0.2,lr5e-05_bs32_modL1_fusion32_fusionL1_fusionBN0_drop0p2__wd1e-04trmiss40_trlocglobal,67,0.49690012633800507,0.678631454706192,0.5575396825396826,0.6149271859188028,0.5555555555555556,0.0,0.0,0.0,0.0,0.0,0.0,0.0,0.0,0.0,,,,,18473,global,0.4
1,3,lr5e-05_bs32_modL1_fusion32_fusionL1_fusionBN0_drop0p2__wd1e-04trmiss40_trlocglobal,32,5e-05,0.0001,1,32,1,False,0.2,lr5e-05_bs32_modL1_fusion32_fusionL1_fusionBN0_drop0p2__wd1e-04trmiss40_trlocglobal,68,0.5133883307377497,0.6784377694129944,0.5575396825396826,0.6161852374485934,0.5555555555555556,0.0,0.0,0.0,0.0,0.0,0.0,0.0,0.0,0.0,,,,,18473,global,0.4
1,3,lr5e-05_bs32_modL1_fusion32_fusionL1_fusionBN0_drop0p2__wd1e-04trmiss40_trlocglobal,32,5e-05,0.0001,1,32,1,False,0.2,lr5e-05_bs32_modL1_fusion32_fusionL1_fusionBN0_drop0p2__wd1e-04trmiss40_trlocglobal,69,0.495219146211942,0.6789105236530304,0.5555555555555556,0.6151298631435389,0.5333333333333333,0.0,0.0,0.0,0.0,0.0,0.0,0.0,0.0,0.0,,,,,18473,global,0.4
1,3,lr5e-05_bs32_modL1_fusion32_fusionL1_fusionBN0_drop0p2__wd1e-04trmiss40_trlocglobal,32,5e-05,0.0001,1,32,1,False,0.2,lr5e-05_bs32_modL1_fusion32_fusionL1_fusionBN0_drop0p2__wd1e-04trmiss40_trlocglobal,70,0.506607323884964,0.6784186959266663,0.5634920634920635,0.6205567780615528,0.5555555555555556,0.0,0.0,0.0,0.0,0.0,0.0,0.0,0.0,0.0,,,,,18473,global,0.4
1,3,lr5e-05_bs32_modL1_fusion32_fusionL1_fusionBN0_drop0p2__wd1e-04trmiss40_trlocglobal,32,5e-05,0.0001,1,32,1,False,0.2,lr5e-05_bs32_modL1_fusion32_fusionL1_fusionBN0_drop0p2__wd1e-04trmiss40_trlocglobal,71,0.505067452788353,0.6782442331314087,0.5615079365079365,0.6178146128193875,0.6,0.0,0.0,0.0,0.0,0.0,0.0,0.0,0.0,0.0,,,,,18473,global,0.4
1,3,lr5e-05_bs32_modL1_fusion32_fusionL1_fusionBN0_drop0p2__wd1e-04trmiss40_trlocglobal,32,5e-05,0.0001,1,32,1,False,0.2,lr5e-05_bs32_modL1_fusion32_fusionL1_fusionBN0_drop0p2__wd1e-04trmiss40_trlocglobal,72,0.49496037264664966,0.6778357326984406,0.5634920634920635,0.6219661828676968,0.6222222222222222,0.0,0.0,0.0,0.0,0.0,0.0,0.0,0.0,0.0,,,,,18473,global,0.4
1,3,lr5e-05_bs32_modL1_fusion32_fusionL1_fusionBN0_drop0p2__wd1e-04trmiss40_trlocglobal,32,5e-05,0.0001,1,32,1,False,0.2,lr5e-05_bs32_modL1_fusion32_fusionL1_fusionBN0_drop0p2__wd1e-04trmiss40_trlocglobal,73,0.49793142080307007,0.6784866452217102,0.5654761904761905,0.6211710943008691,0.6,0.0,0.0,0.0,0.0,0.0,0.0,0.0,0.0,0.0,,,,,18473,global,0.4
1,3,lr5e-05_bs32_modL1_fusion32_fusionL1_fusionBN0_drop0p2__wd1e-04trmiss40_trlocglobal,32,5e-05,0.0001,1,32,1,False,0.2,lr5e-05_bs32_modL1_fusion32_fusionL1_fusionBN0_drop0p2__wd1e-04trmiss40_trlocglobal,74,0.49961237112681073,0.679256796836853,0.5595238095238095,0.6163891742228964,0.6,0.0,0.0,0.0,0.0,0.0,0.0,0.0,0.0,0.0,,,,,18473,global,0.4
1,3,lr5e-05_bs32_modL1_fusion32_fusionL1_fusionBN0_drop0p2__wd1e-04trmiss40_trlocglobal,32,5e-05,0.0001,1,32,1,False,0.2,lr5e-05_bs32_modL1_fusion32_fusionL1_fusionBN0_drop0p2__wd1e-04trmiss40_trlocglobal,75,0.5076542943716049,0.6790573596954346,0.5595238095238095,0.6163891742228964,0.6,0.0,0.0,0.0,0.0,0.0,0.0,0.0,0.0,0.0,,,,,18473,global,0.4
1,3,lr5e-05_bs32_modL1_fusion32_fusionL1_fusionBN0_drop0p2__wd1e-04trmiss40_trlocglobal,32,5e-05,0.0001,1,32,1,False,0.2,lr5e-05_bs32_modL1_fusion32_fusionL1_fusionBN0_drop0p2__wd1e-04trmiss40_trlocglobal,76,0.5024304042259852,0.6790827810764313,0.5595238095238095,0.6168310280614894,0.5555555555555556,0.0,0.0,0.0,0.0,0.0,0.0,0.0,0.0,0.0,,,,,18473,global,0.4
1,3,lr5e-05_bs32_modL1_fusion32_fusionL1_fusionBN0_drop0p2__wd1e-04trmiss40_trlocglobal,32,5e-05,0.0001,1,32,1,False,0.2,lr5e-05_bs32_modL1_fusion32_fusionL1_fusionBN0_drop0p2__wd1e-04trmiss40_trlocglobal,77,0.5052742014328638,0.6789349019527435,0.5615079365079365,0.6197245465800079,0.5555555555555556,0.0,0.0,0.0,0.0,0.0,0.0,0.0,0.0,0.0,,,,,18473,global,0.4
1,3,lr5e-05_bs32_modL1_fusion32_fusionL1_fusionBN0_drop0p2__wd1e-04trmiss40_trlocglobal,32,5e-05,0.0001,1,32,1,False,0.2,lr5e-05_bs32_modL1_fusion32_fusionL1_fusionBN0_drop0p2__wd1e-04trmiss40_trlocglobal,78,0.5104761024316152,0.6786606311798096,0.5634920634920635,0.619856821712283,0.5555555555555556,0.0,0.0,0.0,0.0,0.0,0.0,0.0,0.0,0.0,,,,,18473,global,0.4
1,3,lr5e-05_bs32_modL1_fusion32_fusionL1_fusionBN0_drop0p2__wd1e-04trmiss40_trlocglobal,32,5e-05,0.0001,1,32,1,False,0.2,lr5e-05_bs32_modL1_fusion32_fusionL1_fusionBN0_drop0p2__wd1e-04trmiss40_trlocglobal,79,0.5103637824455897,0.6786657273769379,0.5615079365079365,0.6197905305759455,0.5777777777777777,0.0,0.0,0.0,0.0,0.0,0.0,0.0,0.0,0.0,,,,,18473,global,0.4
1,3,lr5e-05_bs32_modL1_fusion32_fusionL1_fusionBN0_drop0p2__wd1e-04trmiss40_trlocglobal,32,5e-05,0.0001,1,32,1,False,0.2,lr5e-05_bs32_modL1_fusion32_fusionL1_fusionBN0_drop0p2__wd1e-04trmiss40_trlocglobal,80,0.4985913534959157,0.6786376237869263,0.5595238095238095,0.6186376979013737,0.5333333333333333,0.0,0.0,0.0,0.0,0.0,0.0,0.0,0.0,0.0,,,,,18473,global,0.4
1,3,lr5e-05_bs32_modL1_fusion32_fusionL1_fusionBN0_drop0p1__wd1e-04trmiss40_trlocglobal,32,5e-05,0.0001,1,32,1,False,0.1,lr5e-05_bs32_modL1_fusion32_fusionL1_fusionBN0_drop0p1__wd1e-04trmiss40_trlocglobal,1,0.71220729748408,0.6829831898212433,0.5773809523809524,0.6603455870662969,0.5111111111111111,0.0,0.0,0.0,0.0,0.0,0.0,0.0,0.0,0.0,,,,,18473,global,0.4
1,3,lr5e-05_bs32_modL1_fusion32_fusionL1_fusionBN0_drop0p1__wd1e-04trmiss40_trlocglobal,32,5e-05,0.0001,1,32,1,False,0.1,lr5e-05_bs32_modL1_fusion32_fusionL1_fusionBN0_drop0p1__wd1e-04trmiss40_trlocglobal,2,0.6897063056627909,0.6804181933403015,0.5992063492063492,0.6739524206006526,0.5333333333333333,0.0,0.0,0.0,0.0,0.0,0.0,0.0,0.0,0.0,,,,,18473,global,0.4
1,3,lr5e-05_bs32_modL1_fusion32_fusionL1_fusionBN0_drop0p1__wd1e-04trmiss40_trlocglobal,32,5e-05,0.0001,1,32,1,False,0.1,lr5e-05_bs32_modL1_fusion32_fusionL1_fusionBN0_drop0p1__wd1e-04trmiss40_trlocglobal,3,0.686343381802241,0.6780941784381866,0.6130952380952381,0.6830642152096258,0.5555555555555556,0.0,0.0,0.0,0.0,0.0,0.0,0.0,0.0,0.0,,,,,18473,global,0.4
1,3,lr5e-05_bs32_modL1_fusion32_fusionL1_fusionBN0_drop0p1__wd1e-04trmiss40_trlocglobal,32,5e-05,0.0001,1,32,1,False,0.1,lr5e-05_bs32_modL1_fusion32_fusionL1_fusionBN0_drop0p1__wd1e-04trmiss40_trlocglobal,4,0.6752575735251108,0.6758387684822083,0.617063492063492,0.6793632116301896,0.5555555555555556,0.0,0.0,0.0,0.0,0.0,0.0,0.0,0.0,0.0,,,,,18473,global,0.4
1,3,lr5e-05_bs32_modL1_fusion32_fusionL1_fusionBN0_drop0p1__wd1e-04trmiss40_trlocglobal,32,5e-05,0.0001,1,32,1,False,0.1,lr5e-05_bs32_modL1_fusion32_fusionL1_fusionBN0_drop0p1__wd1e-04trmiss40_trlocglobal,5,0.6665985484917959,0.6746156513690948,0.6190476190476191,0.6798861944059001,0.5555555555555556,0.0,0.0,0.0,0.0,0.0,0.0,0.0,0.0,0.0,,,,,18473,global,0.4
1,3,lr5e-05_bs32_modL1_fusion32_fusionL1_fusionBN0_drop0p1__wd1e-04trmiss40_trlocglobal,32,5e-05,0.0001,1,32,1,False,0.1,lr5e-05_bs32_modL1_fusion32_fusionL1_fusionBN0_drop0p1__wd1e-04trmiss40_trlocglobal,6,0.6700071493784586,0.6733555197715759,0.6428571428571428,0.6972238997636224,0.5555555555555556,0.0,0.0,0.0,0.0,0.0,0.0,0.0,0.0,0.0,,,,,18473,global,0.4
1,3,lr5e-05_bs32_modL1_fusion32_fusionL1_fusionBN0_drop0p1__wd1e-04trmiss40_trlocglobal,32,5e-05,0.0001,1,32,1,False,0.1,lr5e-05_bs32_modL1_fusion32_fusionL1_fusionBN0_drop0p1__wd1e-04trmiss40_trlocglobal,7,0.6573372781276703,0.671882152557373,0.6567460317460317,0.7097518081287653,0.5777777777777777,0.0,0.0,0.0,0.0,0.0,0.0,0.0,0.0,0.0,,,,,18473,global,0.4
1,3,lr5e-05_bs32_modL1_fusion32_fusionL1_fusionBN0_drop0p1__wd1e-04trmiss40_trlocglobal,32,5e-05,0.0001,1,32,1,False,0.1,lr5e-05_bs32_modL1_fusion32_fusionL1_fusionBN0_drop0p1__wd1e-04trmiss40_trlocglobal,8,0.6561267375946045,0.6716733574867249,0.6587301587301588,0.712418703449885,0.5555555555555556,0.0,0.0,0.0,0.0,0.0,0.0,0.0,0.0,0.0,,,,,18473,global,0.4
1,3,lr5e-05_bs32_modL1_fusion32_fusionL1_fusionBN0_drop0p1__wd1e-04trmiss40_trlocglobal,32,5e-05,0.0001,1,32,1,False,0.1,lr5e-05_bs32_modL1_fusion32_fusionL1_fusionBN0_drop0p1__wd1e-04trmiss40_trlocglobal,9,0.6525014539559683,0.6705465018749237,0.6746031746031746,0.7237986805305228,0.5555555555555556,0.0,0.0,0.0,0.0,0.0,0.0,0.0,0.0,0.0,,,,,18473,global,0.4
1,3,lr5e-05_bs32_modL1_fusion32_fusionL1_fusionBN0_drop0p1__wd1e-04trmiss40_trlocglobal,32,5e-05,0.0001,1,32,1,False,0.1,lr5e-05_bs32_modL1_fusion32_fusionL1_fusionBN0_drop0p1__wd1e-04trmiss40_trlocglobal,10,0.6441731949647268,0.6694644093513489,0.6765873015873016,0.7318138027945487,0.5555555555555556,0.0,0.0,0.0,0.0,0.0,0.0,0.0,0.0,0.0,,,,,18473,global,0.4
1,3,lr5e-05_bs32_modL1_fusion32_fusionL1_fusionBN0_drop0p1__wd1e-04trmiss40_trlocglobal,32,5e-05,0.0001,1,32,1,False,0.1,lr5e-05_bs32_modL1_fusion32_fusionL1_fusionBN0_drop0p1__wd1e-04trmiss40_trlocglobal,11,0.6394486327966055,0.6687226593494415,0.6845238095238095,0.7325464319100208,0.5555555555555556,0.0,0.0,0.0,0.0,0.0,0.0,0.0,0.0,0.0,,,,,18473,global,0.4
1,3,lr5e-05_bs32_modL1_fusion32_fusionL1_fusionBN0_drop0p1__wd1e-04trmiss40_trlocglobal,32,5e-05,0.0001,1,32,1,False,0.1,lr5e-05_bs32_modL1_fusion32_fusionL1_fusionBN0_drop0p1__wd1e-04trmiss40_trlocglobal,12,0.6338354845841726,0.668658047914505,0.6924603174603174,0.7378585215824303,0.5555555555555556,0.0,0.0,0.0,0.0,0.0,0.0,0.0,0.0,0.0,,,,,18473,global,0.4
1,3,lr5e-05_bs32_modL1_fusion32_fusionL1_fusionBN0_drop0p1__wd1e-04trmiss40_trlocglobal,32,5e-05,0.0001,1,32,1,False,0.1,lr5e-05_bs32_modL1_fusion32_fusionL1_fusionBN0_drop0p1__wd1e-04trmiss40_trlocglobal,13,0.6372188925743103,0.6688513159751892,0.6944444444444444,0.7354547977597847,0.5555555555555556,0.0,0.0,0.0,0.0,0.0,0.0,0.0,0.0,0.0,,,,,18473,global,0.4
1,3,lr5e-05_bs32_modL1_fusion32_fusionL1_fusionBN0_drop0p1__wd1e-04trmiss40_trlocglobal,32,5e-05,0.0001,1,32,1,False,0.1,lr5e-05_bs32_modL1_fusion32_fusionL1_fusionBN0_drop0p1__wd1e-04trmiss40_trlocglobal,14,0.6341570019721985,0.6686708331108093,0.6904761904761906,0.7359188218543868,0.5555555555555556,0.0,0.0,0.0,0.0,0.0,0.0,0.0,0.0,0.0,,,,,18473,global,0.4
1,3,lr5e-05_bs32_modL1_fusion32_fusionL1_fusionBN0_drop0p1__wd1e-04trmiss40_trlocglobal,32,5e-05,0.0001,1,32,1,False,0.1,lr5e-05_bs32_modL1_fusion32_fusionL1_fusionBN0_drop0p1__wd1e-04trmiss40_trlocglobal,15,0.6297021806240082,0.6678514778614044,0.7103174603174603,0.7493891857639559,0.5555555555555556,0.0,0.0,0.0,0.0,0.0,0.0,0.0,0.0,0.0,,,,,18473,global,0.4
1,3,lr5e-05_bs32_modL1_fusion32_fusionL1_fusionBN0_drop0p1__wd1e-04trmiss40_trlocglobal,32,5e-05,0.0001,1,32,1,False,0.1,lr5e-05_bs32_modL1_fusion32_fusionL1_fusionBN0_drop0p1__wd1e-04trmiss40_trlocglobal,16,0.6249057849248251,0.667567253112793,0.7063492063492064,0.743537983029929,0.5555555555555556,0.0,0.0,0.0,0.0,0.0,0.0,0.0,0.0,0.0,,,,,18473,global,0.4
1,3,lr5e-05_bs32_modL1_fusion32_fusionL1_fusionBN0_drop0p1__wd1e-04trmiss40_trlocglobal,32,5e-05,0.0001,1,32,1,False,0.1,lr5e-05_bs32_modL1_fusion32_fusionL1_fusionBN0_drop0p1__wd1e-04trmiss40_trlocglobal,17,0.6230570077896118,0.667634904384613,0.7043650793650793,0.7404872764443136,0.5555555555555556,0.0,0.0,0.0,0.0,0.0,0.0,0.0,0.0,0.0,,,,,18473,global,0.4
1,3,lr5e-05_bs32_modL1_fusion32_fusionL1_fusionBN0_drop0p1__wd1e-04trmiss40_trlocglobal,32,5e-05,0.0001,1,32,1,False,0.1,lr5e-05_bs32_modL1_fusion32_fusionL1_fusionBN0_drop0p1__wd1e-04trmiss40_trlocglobal,18,0.619750996430715,0.6683018803596497,0.7023809523809524,0.7405128272680455,0.5555555555555556,0.0,0.0,0.0,0.0,0.0,0.0,0.0,0.0,0.0,,,,,18473,global,0.4
1,3,lr5e-05_bs32_modL1_fusion32_fusionL1_fusionBN0_drop0p1__wd1e-04trmiss40_trlocglobal,32,5e-05,0.0001,1,32,1,False,0.1,lr5e-05_bs32_modL1_fusion32_fusionL1_fusionBN0_drop0p1__wd1e-04trmiss40_trlocglobal,19,0.6169498463471731,0.6682465970516205,0.6924603174603174,0.7345293617587179,0.5777777777777777,0.0,0.0,0.0,0.0,0.0,0.0,0.0,0.0,0.0,,,,,18473,global,0.4
1,3,lr5e-05_bs32_modL1_fusion32_fusionL1_fusionBN0_drop0p1__wd1e-04trmiss40_trlocglobal,32,5e-05,0.0001,1,32,1,False,0.1,lr5e-05_bs32_modL1_fusion32_fusionL1_fusionBN0_drop0p1__wd1e-04trmiss40_trlocglobal,20,0.6192044119040171,0.6683311760425568,0.6924603174603176,0.740004567442319,0.5777777777777777,0.0,0.0,0.0,0.0,0.0,0.0,0.0,0.0,0.0,,,,,18473,global,0.4
1,3,lr5e-05_bs32_modL1_fusion32_fusionL1_fusionBN0_drop0p1__wd1e-04trmiss40_trlocglobal,32,5e-05,0.0001,1,32,1,False,0.1,lr5e-05_bs32_modL1_fusion32_fusionL1_fusionBN0_drop0p1__wd1e-04trmiss40_trlocglobal,21,0.6169935365517935,0.667843371629715,0.6984126984126985,0.7497728301639509,0.5777777777777777,0.0,0.0,0.0,0.0,0.0,0.0,0.0,0.0,0.0,,,,,18473,global,0.4
1,3,lr5e-05_bs32_modL1_fusion32_fusionL1_fusionBN0_drop0p1__wd1e-04trmiss40_trlocglobal,32,5e-05,0.0001,1,32,1,False,0.1,lr5e-05_bs32_modL1_fusion32_fusionL1_fusionBN0_drop0p1__wd1e-04trmiss40_trlocglobal,22,0.6051327188809713,0.666142076253891,0.7142857142857143,0.7635146046448229,0.5777777777777777,0.0,0.0,0.0,0.0,0.0,0.0,0.0,0.0,0.0,,,,,18473,global,0.4
1,3,lr5e-05_bs32_modL1_fusion32_fusionL1_fusionBN0_drop0p1__wd1e-04trmiss40_trlocglobal,32,5e-05,0.0001,1,32,1,False,0.1,lr5e-05_bs32_modL1_fusion32_fusionL1_fusionBN0_drop0p1__wd1e-04trmiss40_trlocglobal,23,0.6116164326667786,0.665595531463623,0.7063492063492063,0.7566950574728006,0.5777777777777777,0.0,0.0,0.0,0.0,0.0,0.0,0.0,0.0,0.0,,,,,18473,global,0.4
1,3,lr5e-05_bs32_modL1_fusion32_fusionL1_fusionBN0_drop0p1__wd1e-04trmiss40_trlocglobal,32,5e-05,0.0001,1,32,1,False,0.1,lr5e-05_bs32_modL1_fusion32_fusionL1_fusionBN0_drop0p1__wd1e-04trmiss40_trlocglobal,24,0.6032706201076508,0.6652310788631439,0.7162698412698413,0.7609195857816149,0.5777777777777777,0.0,0.0,0.0,0.0,0.0,0.0,0.0,0.0,0.0,,,,,18473,global,0.4
1,3,lr5e-05_bs32_modL1_fusion32_fusionL1_fusionBN0_drop0p1__wd1e-04trmiss40_trlocglobal,32,5e-05,0.0001,1,32,1,False,0.1,lr5e-05_bs32_modL1_fusion32_fusionL1_fusionBN0_drop0p1__wd1e-04trmiss40_trlocglobal,25,0.5896803041299185,0.6649259030818939,0.7202380952380953,0.7622654123593517,0.5777777777777777,0.0,0.0,0.0,0.0,0.0,0.0,0.0,0.0,0.0,,,,,18473,global,0.4
1,3,lr5e-05_bs32_modL1_fusion32_fusionL1_fusionBN0_drop0p1__wd1e-04trmiss40_trlocglobal,32,5e-05,0.0001,1,32,1,False,0.1,lr5e-05_bs32_modL1_fusion32_fusionL1_fusionBN0_drop0p1__wd1e-04trmiss40_trlocglobal,26,0.5951364040374756,0.6643945574760437,0.7301587301587302,0.7723193926475691,0.5777777777777777,0.0,0.0,0.0,0.0,0.0,0.0,0.0,0.0,0.0,,,,,18473,global,0.4
1,3,lr5e-05_bs32_modL1_fusion32_fusionL1_fusionBN0_drop0p1__wd1e-04trmiss40_trlocglobal,32,5e-05,0.0001,1,32,1,False,0.1,lr5e-05_bs32_modL1_fusion32_fusionL1_fusionBN0_drop0p1__wd1e-04trmiss40_trlocglobal,27,0.5912638604640961,0.6634846031665802,0.7420634920634921,0.7763053839890739,0.5777777777777777,0.0,0.0,0.0,0.0,0.0,0.0,0.0,0.0,0.0,,,,,18473,global,0.4
1,3,lr5e-05_bs32_modL1_fusion32_fusionL1_fusionBN0_drop0p1__wd1e-04trmiss40_trlocglobal,32,5e-05,0.0001,1,32,1,False,0.1,lr5e-05_bs32_modL1_fusion32_fusionL1_fusionBN0_drop0p1__wd1e-04trmiss40_trlocglobal,28,0.5883630414803823,0.6640056073665619,0.7321428571428571,0.7699600121248116,0.5777777777777777,0.0,0.0,0.0,0.0,0.0,0.0,0.0,0.0,0.0,,,,,18473,global,0.4
1,3,lr5e-05_bs32_modL1_fusion32_fusionL1_fusionBN0_drop0p1__wd1e-04trmiss40_trlocglobal,32,5e-05,0.0001,1,32,1,False,0.1,lr5e-05_bs32_modL1_fusion32_fusionL1_fusionBN0_drop0p1__wd1e-04trmiss40_trlocglobal,29,0.5894462068875631,0.6647237539291382,0.7321428571428571,0.7746366105134626,0.5555555555555556,0.0,0.0,0.0,0.0,0.0,0.0,0.0,0.0,0.0,,,,,18473,global,0.4
1,3,lr5e-05_bs32_modL1_fusion32_fusionL1_fusionBN0_drop0p1__wd1e-04trmiss40_trlocglobal,32,5e-05,0.0001,1,32,1,False,0.1,lr5e-05_bs32_modL1_fusion32_fusionL1_fusionBN0_drop0p1__wd1e-04trmiss40_trlocglobal,30,0.5887795289357504,0.6645789444446564,0.7341269841269841,0.7777196359941863,0.5777777777777777,0.0,0.0,0.0,0.0,0.0,0.0,0.0,0.0,0.0,,,,,18473,global,0.4
1,3,lr5e-05_bs32_modL1_fusion32_fusionL1_fusionBN0_drop0p1__wd1e-04trmiss40_trlocglobal,32,5e-05,0.0001,1,32,1,False,0.1,lr5e-05_bs32_modL1_fusion32_fusionL1_fusionBN0_drop0p1__wd1e-04trmiss40_trlocglobal,31,0.5890224079291025,0.6639465987682343,0.7321428571428571,0.7739736413657052,0.5777777777777777,0.0,0.0,0.0,0.0,0.0,0.0,0.0,0.0,0.0,,,,,18473,global,0.4
1,3,lr5e-05_bs32_modL1_fusion32_fusionL1_fusionBN0_drop0p1__wd1e-04trmiss40_trlocglobal,32,5e-05,0.0001,1,32,1,False,0.1,lr5e-05_bs32_modL1_fusion32_fusionL1_fusionBN0_drop0p1__wd1e-04trmiss40_trlocglobal,32,0.582118978103002,0.6634829342365265,0.746031746031746,0.7908356271368553,0.6,0.0,0.0,0.0,0.0,0.0,0.0,0.0,0.0,0.0,,,,,18473,global,0.4
1,3,lr5e-05_bs32_modL1_fusion32_fusionL1_fusionBN0_drop0p1__wd1e-04trmiss40_trlocglobal,32,5e-05,0.0001,1,32,1,False,0.1,lr5e-05_bs32_modL1_fusion32_fusionL1_fusionBN0_drop0p1__wd1e-04trmiss40_trlocglobal,33,0.5710581243038177,0.6629083156585693,0.746031746031746,0.7876109319308005,0.6,0.0,0.0,0.0,0.0,0.0,0.0,0.0,0.0,0.0,,,,,18473,global,0.4
1,3,lr5e-05_bs32_modL1_fusion32_fusionL1_fusionBN0_drop0p1__wd1e-04trmiss40_trlocglobal,32,5e-05,0.0001,1,32,1,False,0.1,lr5e-05_bs32_modL1_fusion32_fusionL1_fusionBN0_drop0p1__wd1e-04trmiss40_trlocglobal,34,0.5735431214173635,0.661625862121582,0.753968253968254,0.7904543804500621,0.5777777777777777,0.0,0.0,0.0,0.0,0.0,0.0,0.0,0.0,0.0,,,,,18473,global,0.4
1,3,lr5e-05_bs32_modL1_fusion32_fusionL1_fusionBN0_drop0p1__wd1e-04trmiss40_trlocglobal,32,5e-05,0.0001,1,32,1,False,0.1,lr5e-05_bs32_modL1_fusion32_fusionL1_fusionBN0_drop0p1__wd1e-04trmiss40_trlocglobal,35,0.5724642276763916,0.6613580882549286,0.7420634920634921,0.7824873555697363,0.6,0.0,0.0,0.0,0.0,0.0,0.0,0.0,0.0,0.0,,,,,18473,global,0.4
1,3,lr5e-05_bs32_modL1_fusion32_fusionL1_fusionBN0_drop0p1__wd1e-04trmiss40_trlocglobal,32,5e-05,0.0001,1,32,1,False,0.1,lr5e-05_bs32_modL1_fusion32_fusionL1_fusionBN0_drop0p1__wd1e-04trmiss40_trlocglobal,36,0.5699626604715983,0.6622923612594604,0.738095238095238,0.7845916741541716,0.5777777777777777,0.0,0.0,0.0,0.0,0.0,0.0,0.0,0.0,0.0,,,,,18473,global,0.4
1,3,lr5e-05_bs32_modL1_fusion32_fusionL1_fusionBN0_drop0p1__wd1e-04trmiss40_trlocglobal,32,5e-05,0.0001,1,32,1,False,0.1,lr5e-05_bs32_modL1_fusion32_fusionL1_fusionBN0_drop0p1__wd1e-04trmiss40_trlocglobal,37,0.5717982749144236,0.6614421010017395,0.7400793650793651,0.7855155540318557,0.6222222222222222,0.0,0.0,0.0,0.0,0.0,0.0,0.0,0.0,0.0,,,,,18473,global,0.4
1,3,lr5e-05_bs32_modL1_fusion32_fusionL1_fusionBN0_drop0p1__wd1e-04trmiss40_trlocglobal,32,5e-05,0.0001,1,32,1,False,0.1,lr5e-05_bs32_modL1_fusion32_fusionL1_fusionBN0_drop0p1__wd1e-04trmiss40_trlocglobal,38,0.5644166568915049,0.6613647937774658,0.746031746031746,0.7977118672800203,0.6,0.0,0.0,0.0,0.0,0.0,0.0,0.0,0.0,0.0,,,,,18473,global,0.4
1,3,lr5e-05_bs32_modL1_fusion32_fusionL1_fusionBN0_drop0p1__wd1e-04trmiss40_trlocglobal,32,5e-05,0.0001,1,32,1,False,0.1,lr5e-05_bs32_modL1_fusion32_fusionL1_fusionBN0_drop0p1__wd1e-04trmiss40_trlocglobal,39,0.5693735778331757,0.6621247231960297,0.7400793650793651,0.7894874066814672,0.6,0.0,0.0,0.0,0.0,0.0,0.0,0.0,0.0,0.0,,,,,18473,global,0.4
1,3,lr5e-05_bs32_modL1_fusion32_fusionL1_fusionBN0_drop0p1__wd1e-04trmiss40_trlocglobal,32,5e-05,0.0001,1,32,1,False,0.1,lr5e-05_bs32_modL1_fusion32_fusionL1_fusionBN0_drop0p1__wd1e-04trmiss40_trlocglobal,40,0.5603078901767731,0.6615257859230042,0.7361111111111113,0.7887814626976335,0.5777777777777777,0.0,0.0,0.0,0.0,0.0,0.0,0.0,0.0,0.0,,,,,18473,global,0.4
1,3,lr5e-05_bs32_modL1_fusion32_fusionL1_fusionBN0_drop0p1__wd1e-04trmiss40_trlocglobal,32,5e-05,0.0001,1,32,1,False,0.1,lr5e-05_bs32_modL1_fusion32_fusionL1_fusionBN0_drop0p1__wd1e-04trmiss40_trlocglobal,41,0.5535930891831716,0.6606120765209198,0.7361111111111113,0.788540056399667,0.6,0.0,0.0,0.0,0.0,0.0,0.0,0.0,0.0,0.0,,,,,18473,global,0.4
1,3,lr5e-05_bs32_modL1_fusion32_fusionL1_fusionBN0_drop0p1__wd1e-04trmiss40_trlocglobal,32,5e-05,0.0001,1,32,1,False,0.1,lr5e-05_bs32_modL1_fusion32_fusionL1_fusionBN0_drop0p1__wd1e-04trmiss40_trlocglobal,42,0.554634024699529,0.660008430480957,0.7301587301587301,0.7832738957756435,0.6,0.0,0.0,0.0,0.0,0.0,0.0,0.0,0.0,0.0,,,,,18473,global,0.4
1,3,lr5e-05_bs32_modL1_fusion32_fusionL1_fusionBN0_drop0p1__wd1e-04trmiss40_trlocglobal,32,5e-05,0.0001,1,32,1,False,0.1,lr5e-05_bs32_modL1_fusion32_fusionL1_fusionBN0_drop0p1__wd1e-04trmiss40_trlocglobal,43,0.5589463710784912,0.6597689390182495,0.7341269841269842,0.784361994241763,0.6,0.0,0.0,0.0,0.0,0.0,0.0,0.0,0.0,0.0,,,,,18473,global,0.4
1,3,lr5e-05_bs32_modL1_fusion32_fusionL1_fusionBN0_drop0p1__wd1e-04trmiss40_trlocglobal,32,5e-05,0.0001,1,32,1,False,0.1,lr5e-05_bs32_modL1_fusion32_fusionL1_fusionBN0_drop0p1__wd1e-04trmiss40_trlocglobal,44,0.5547904372215271,0.6595998108386993,0.7380952380952381,0.7908295141605899,0.5777777777777777,0.0,0.0,0.0,0.0,0.0,0.0,0.0,0.0,0.0,,,,,18473,global,0.4
1,3,lr5e-05_bs32_modL1_fusion32_fusionL1_fusionBN0_drop0p1__wd1e-04trmiss40_trlocglobal,32,5e-05,0.0001,1,32,1,False,0.1,lr5e-05_bs32_modL1_fusion32_fusionL1_fusionBN0_drop0p1__wd1e-04trmiss40_trlocglobal,45,0.5531481703122457,0.6595009565353394,0.7361111111111112,0.7891996219056976,0.5777777777777777,0.0,0.0,0.0,0.0,0.0,0.0,0.0,0.0,0.0,,,,,18473,global,0.4
1,3,lr5e-05_bs32_modL1_fusion32_fusionL1_fusionBN0_drop0p1__wd1e-04trmiss40_trlocglobal,32,5e-05,0.0001,1,32,1,False,0.1,lr5e-05_bs32_modL1_fusion32_fusionL1_fusionBN0_drop0p1__wd1e-04trmiss40_trlocglobal,46,0.5568781793117523,0.6600829064846039,0.7361111111111112,0.7848345425406182,0.5777777777777777,0.0,0.0,0.0,0.0,0.0,0.0,0.0,0.0,0.0,,,,,18473,global,0.4
1,3,lr5e-05_bs32_modL1_fusion32_fusionL1_fusionBN0_drop0p1__wd1e-04trmiss40_trlocglobal,32,5e-05,0.0001,1,32,1,False,0.1,lr5e-05_bs32_modL1_fusion32_fusionL1_fusionBN0_drop0p1__wd1e-04trmiss40_trlocglobal,47,0.5464925964673361,0.6591778695583344,0.7301587301587302,0.775688480269556,0.6,0.0,0.0,0.0,0.0,0.0,0.0,0.0,0.0,0.0,,,,,18473,global,0.4
1,3,lr5e-05_bs32_modL1_fusion32_fusionL1_fusionBN0_drop0p1__wd1e-04trmiss40_trlocglobal,32,5e-05,0.0001,1,32,1,False,0.1,lr5e-05_bs32_modL1_fusion32_fusionL1_fusionBN0_drop0p1__wd1e-04trmiss40_trlocglobal,48,0.5460594793160757,0.6584601700305939,0.7361111111111112,0.7792200254787327,0.5777777777777777,0.0,0.0,0.0,0.0,0.0,0.0,0.0,0.0,0.0,,,,,18473,global,0.4
1,3,lr5e-05_bs32_modL1_fusion32_fusionL1_fusionBN0_drop0p1__wd1e-04trmiss40_trlocglobal,32,5e-05,0.0001,1,32,1,False,0.1,lr5e-05_bs32_modL1_fusion32_fusionL1_fusionBN0_drop0p1__wd1e-04trmiss40_trlocglobal,49,0.5443980693817139,0.6584116518497467,0.7380952380952381,0.7801778798848631,0.5777777777777777,0.0,0.0,0.0,0.0,0.0,0.0,0.0,0.0,0.0,,,,,18473,global,0.4
1,3,lr5e-05_bs32_modL1_fusion32_fusionL1_fusionBN0_drop0p1__wd1e-04trmiss40_trlocglobal,32,5e-05,0.0001,1,32,1,False,0.1,lr5e-05_bs32_modL1_fusion32_fusionL1_fusionBN0_drop0p1__wd1e-04trmiss40_trlocglobal,50,0.544344405333201,0.6578157246112823,0.7301587301587302,0.7699143149187777,0.6,0.0,0.0,0.0,0.0,0.0,0.0,0.0,0.0,0.0,,,,,18473,global,0.4
1,3,lr5e-05_bs32_modL1_fusion32_fusionL1_fusionBN0_drop0p1__wd1e-04trmiss40_trlocglobal,32,5e-05,0.0001,1,32,1,False,0.1,lr5e-05_bs32_modL1_fusion32_fusionL1_fusionBN0_drop0p1__wd1e-04trmiss40_trlocglobal,51,0.5494447449843088,0.6566329896450043,0.7341269841269842,0.7798349498394126,0.6,0.0,0.0,0.0,0.0,0.0,0.0,0.0,0.0,0.0,,,,,18473,global,0.4
1,3,lr5e-05_bs32_modL1_fusion32_fusionL1_fusionBN0_drop0p1__wd1e-04trmiss40_trlocglobal,32,5e-05,0.0001,1,32,1,False,0.1,lr5e-05_bs32_modL1_fusion32_fusionL1_fusionBN0_drop0p1__wd1e-04trmiss40_trlocglobal,52,0.5387415190537771,0.6575528383255005,0.7261904761904763,0.7735405124965882,0.5777777777777777,0.0,0.0,0.0,0.0,0.0,0.0,0.0,0.0,0.0,,,,,18473,global,0.4
1,3,lr5e-05_bs32_modL1_fusion32_fusionL1_fusionBN0_drop0p1__wd1e-04trmiss40_trlocglobal,32,5e-05,0.0001,1,32,1,False,0.1,lr5e-05_bs32_modL1_fusion32_fusionL1_fusionBN0_drop0p1__wd1e-04trmiss40_trlocglobal,53,0.5405445595582327,0.6579095125198364,0.7202380952380952,0.7770484108482365,0.5777777777777777,0.0,0.0,0.0,0.0,0.0,0.0,0.0,0.0,0.0,,,,,18473,global,0.4
1,3,lr5e-05_bs32_modL1_fusion32_fusionL1_fusionBN0_drop0p1__wd1e-04trmiss40_trlocglobal,32,5e-05,0.0001,1,32,1,False,0.1,lr5e-05_bs32_modL1_fusion32_fusionL1_fusionBN0_drop0p1__wd1e-04trmiss40_trlocglobal,54,0.5363008379936218,0.6577107310295105,0.7123015873015873,0.7740598134557559,0.5777777777777777,0.0,0.0,0.0,0.0,0.0,0.0,0.0,0.0,0.0,,,,,18473,global,0.4
1,3,lr1e-05_bs32_modL1_fusion16_fusionL1_fusionBN0_drop0p2__wd1e-04trmiss40_trlocglobal,32,1e-05,0.0001,1,16,1,False,0.2,lr1e-05_bs32_modL1_fusion16_fusionL1_fusionBN0_drop0p2__wd1e-04trmiss40_trlocglobal,1,0.7173214654127756,0.6944203972816467,0.6031746031746033,0.7241101713228935,0.4666666666666667,0.0,0.0,0.0,0.0,0.0,0.0,0.0,0.0,0.0,,,,,18473,global,0.4
1,3,lr1e-05_bs32_modL1_fusion16_fusionL1_fusionBN0_drop0p2__wd1e-04trmiss40_trlocglobal,32,1e-05,0.0001,1,16,1,False,0.2,lr1e-05_bs32_modL1_fusion16_fusionL1_fusionBN0_drop0p2__wd1e-04trmiss40_trlocglobal,2,0.7067092756430308,0.6944166123867035,0.6071428571428572,0.7264695887604697,0.4666666666666667,0.0,0.0,0.0,0.0,0.0,0.0,0.0,0.0,0.0,,,,,18473,global,0.4
1,3,lr1e-05_bs32_modL1_fusion16_fusionL1_fusionBN0_drop0p2__wd1e-04trmiss40_trlocglobal,32,1e-05,0.0001,1,16,1,False,0.2,lr1e-05_bs32_modL1_fusion16_fusionL1_fusionBN0_drop0p2__wd1e-04trmiss40_trlocglobal,3,0.69779039422671,0.6945682168006897,0.6130952380952381,0.7293604153822808,0.4888888888888889,0.0,0.0,0.0,0.0,0.0,0.0,0.0,0.0,0.0,,,,,18473,global,0.4
1,3,lr1e-05_bs32_modL1_fusion16_fusionL1_fusionBN0_drop0p2__wd1e-04trmiss40_trlocglobal,32,1e-05,0.0001,1,16,1,False,0.2,lr1e-05_bs32_modL1_fusion16_fusionL1_fusionBN0_drop0p2__wd1e-04trmiss40_trlocglobal,4,0.6984590788682302,0.6949491202831268,0.6170634920634921,0.7353487363169575,0.5111111111111111,0.0,0.0,0.0,0.0,0.0,0.0,0.0,0.0,0.0,,,,,18473,global,0.4
1,3,lr1e-05_bs32_modL1_fusion16_fusionL1_fusionBN0_drop0p2__wd1e-04trmiss40_trlocglobal,32,1e-05,0.0001,1,16,1,False,0.2,lr1e-05_bs32_modL1_fusion16_fusionL1_fusionBN0_drop0p2__wd1e-04trmiss40_trlocglobal,5,0.7029851078987122,0.6953833103179932,0.6091269841269841,0.7232905204215978,0.5111111111111111,0.0,0.0,0.0,0.0,0.0,0.0,0.0,0.0,0.0,,,,,18473,global,0.4
1,3,lr1e-05_bs32_modL1_fusion16_fusionL1_fusionBN0_drop0p2__wd1e-04trmiss40_trlocglobal,32,1e-05,0.0001,1,16,1,False,0.2,lr1e-05_bs32_modL1_fusion16_fusionL1_fusionBN0_drop0p2__wd1e-04trmiss40_trlocglobal,6,0.6977347930272421,0.694879412651062,0.6091269841269842,0.7209269726633132,0.5111111111111111,0.0,0.0,0.0,0.0,0.0,0.0,0.0,0.0,0.0,,,,,18473,global,0.4
1,3,lr1e-05_bs32_modL1_fusion16_fusionL1_fusionBN0_drop0p2__wd1e-04trmiss40_trlocglobal,32,1e-05,0.0001,1,16,1,False,0.2,lr1e-05_bs32_modL1_fusion16_fusionL1_fusionBN0_drop0p2__wd1e-04trmiss40_trlocglobal,7,0.6912080546220144,0.69420325756073,0.6170634920634921,0.7227173250900085,0.5111111111111111,0.0,0.0,0.0,0.0,0.0,0.0,0.0,0.0,0.0,,,,,18473,global,0.4
1,3,lr1e-05_bs32_modL1_fusion16_fusionL1_fusionBN0_drop0p2__wd1e-04trmiss40_trlocglobal,32,1e-05,0.0001,1,16,1,False,0.2,lr1e-05_bs32_modL1_fusion16_fusionL1_fusionBN0_drop0p2__wd1e-04trmiss40_trlocglobal,8,0.6904153029123942,0.6928841173648834,0.6289682539682541,0.7300102735836149,0.5111111111111111,0.0,0.0,0.0,0.0,0.0,0.0,0.0,0.0,0.0,,,,,18473,global,0.4
1,3,lr1e-05_bs32_modL1_fusion16_fusionL1_fusionBN0_drop0p2__wd1e-04trmiss40_trlocglobal,32,1e-05,0.0001,1,16,1,False,0.2,lr1e-05_bs32_modL1_fusion16_fusionL1_fusionBN0_drop0p2__wd1e-04trmiss40_trlocglobal,9,0.6882371107737223,0.6923870146274567,0.628968253968254,0.7239260653614592,0.5111111111111111,0.0,0.0,0.0,0.0,0.0,0.0,0.0,0.0,0.0,,,,,18473,global,0.4
1,3,lr1e-05_bs32_modL1_fusion16_fusionL1_fusionBN0_drop0p2__wd1e-04trmiss40_trlocglobal,32,1e-05,0.0001,1,16,1,False,0.2,lr1e-05_bs32_modL1_fusion16_fusionL1_fusionBN0_drop0p2__wd1e-04trmiss40_trlocglobal,10,0.6829605996608734,0.6920814216136932,0.6309523809523809,0.722714386855156,0.5111111111111111,0.0,0.0,0.0,0.0,0.0,0.0,0.0,0.0,0.0,,,,,18473,global,0.4
1,3,lr1e-05_bs32_modL1_fusion16_fusionL1_fusionBN0_drop0p2__wd1e-04trmiss40_trlocglobal,32,1e-05,0.0001,1,16,1,False,0.2,lr1e-05_bs32_modL1_fusion16_fusionL1_fusionBN0_drop0p2__wd1e-04trmiss40_trlocglobal,11,0.6930601199467977,0.6920772790908813,0.628968253968254,0.7243674020498376,0.5111111111111111,0.0,0.0,0.0,0.0,0.0,0.0,0.0,0.0,0.0,,,,,18473,global,0.4
1,3,lr1e-05_bs32_modL1_fusion16_fusionL1_fusionBN0_drop0p2__wd1e-04trmiss40_trlocglobal,32,1e-05,0.0001,1,16,1,False,0.2,lr1e-05_bs32_modL1_fusion16_fusionL1_fusionBN0_drop0p2__wd1e-04trmiss40_trlocglobal,12,0.6929640769958496,0.6915495693683624,0.6309523809523809,0.7272928276321093,0.5111111111111111,0.0,0.0,0.0,0.0,0.0,0.0,0.0,0.0,0.0,,,,,18473,global,0.4
1,3,lr1e-05_bs32_modL1_fusion16_fusionL1_fusionBN0_drop0p2__wd1e-04trmiss40_trlocglobal,32,1e-05,0.0001,1,16,1,False,0.2,lr1e-05_bs32_modL1_fusion16_fusionL1_fusionBN0_drop0p2__wd1e-04trmiss40_trlocglobal,13,0.6874524056911469,0.6913294792175293,0.6468253968253969,0.7468722863950576,0.5111111111111111,0.0,0.0,0.0,0.0,0.0,0.0,0.0,0.0,0.0,,,,,18473,global,0.4
1,3,lr1e-05_bs32_modL1_fusion16_fusionL1_fusionBN0_drop0p2__wd1e-04trmiss40_trlocglobal,32,1e-05,0.0001,1,16,1,False,0.2,lr1e-05_bs32_modL1_fusion16_fusionL1_fusionBN0_drop0p2__wd1e-04trmiss40_trlocglobal,14,0.6870724260807037,0.6913592219352722,0.6428571428571429,0.7408297822967238,0.5111111111111111,0.0,0.0,0.0,0.0,0.0,0.0,0.0,0.0,0.0,,,,,18473,global,0.4
1,3,lr1e-05_bs32_modL1_fusion16_fusionL1_fusionBN0_drop0p2__wd1e-04trmiss40_trlocglobal,32,1e-05,0.0001,1,16,1,False,0.2,lr1e-05_bs32_modL1_fusion16_fusionL1_fusionBN0_drop0p2__wd1e-04trmiss40_trlocglobal,15,0.6830853621164957,0.6907913982868195,0.638888888888889,0.7397639189595191,0.5111111111111111,0.0,0.0,0.0,0.0,0.0,0.0,0.0,0.0,0.0,,,,,18473,global,0.4
1,3,lr1e-05_bs32_modL1_fusion16_fusionL1_fusionBN0_drop0p2__wd1e-04trmiss40_trlocglobal,32,1e-05,0.0001,1,16,1,False,0.2,lr1e-05_bs32_modL1_fusion16_fusionL1_fusionBN0_drop0p2__wd1e-04trmiss40_trlocglobal,16,0.6708829800287882,0.690721720457077,0.6428571428571429,0.7408297822967238,0.5111111111111111,0.0,0.0,0.0,0.0,0.0,0.0,0.0,0.0,0.0,,,,,18473,global,0.4
1,3,lr1e-05_bs32_modL1_fusion16_fusionL1_fusionBN0_drop0p2__wd1e-04trmiss40_trlocglobal,32,1e-05,0.0001,1,16,1,False,0.2,lr1e-05_bs32_modL1_fusion16_fusionL1_fusionBN0_drop0p2__wd1e-04trmiss40_trlocglobal,17,0.6867860953013102,0.6903539896011353,0.6408730158730158,0.741127791832672,0.5111111111111111,0.0,0.0,0.0,0.0,0.0,0.0,0.0,0.0,0.0,,,,,18473,global,0.4
1,3,lr1e-05_bs32_modL1_fusion16_fusionL1_fusionBN0_drop0p2__wd1e-04trmiss40_trlocglobal,32,1e-05,0.0001,1,16,1,False,0.2,lr1e-05_bs32_modL1_fusion16_fusionL1_fusionBN0_drop0p2__wd1e-04trmiss40_trlocglobal,18,0.690242608388265,0.690477728843689,0.6349206349206349,0.7360451957413039,0.5333333333333333,0.0,0.0,0.0,0.0,0.0,0.0,0.0,0.0,0.0,,,,,18473,global,0.4
1,3,lr1e-05_bs32_modL1_fusion16_fusionL1_fusionBN0_drop0p2__wd1e-04trmiss40_trlocglobal,32,1e-05,0.0001,1,16,1,False,0.2,lr1e-05_bs32_modL1_fusion16_fusionL1_fusionBN0_drop0p2__wd1e-04trmiss40_trlocglobal,19,0.6717552045981089,0.6900468170642853,0.6329365079365079,0.7332641914543916,0.5333333333333333,0.0,0.0,0.0,0.0,0.0,0.0,0.0,0.0,0.0,,,,,18473,global,0.4
1,3,lr1e-05_bs32_modL1_fusion16_fusionL1_fusionBN0_drop0p2__wd1e-04trmiss40_trlocglobal,32,1e-05,0.0001,1,16,1,False,0.2,lr1e-05_bs32_modL1_fusion16_fusionL1_fusionBN0_drop0p2__wd1e-04trmiss40_trlocglobal,20,0.6760221719741821,0.6896027028560638,0.628968253968254,0.7308221424803303,0.5333333333333333,0.0,0.0,0.0,0.0,0.0,0.0,0.0,0.0,0.0,,,,,18473,global,0.4
1,3,lr1e-05_bs32_modL1_fusion16_fusionL1_fusionBN0_drop0p2__wd1e-04trmiss40_trlocglobal,32,1e-05,0.0001,1,16,1,False,0.2,lr1e-05_bs32_modL1_fusion16_fusionL1_fusionBN0_drop0p2__wd1e-04trmiss40_trlocglobal,21,0.6791194876035055,0.6896304786205292,0.628968253968254,0.7319254130896493,0.5333333333333333,0.0,0.0,0.0,0.0,0.0,0.0,0.0,0.0,0.0,,,,,18473,global,0.4
1,3,lr1e-05_bs32_modL1_fusion16_fusionL1_fusionBN0_drop0p2__wd1e-04trmiss40_trlocglobal,32,1e-05,0.0001,1,16,1,False,0.2,lr1e-05_bs32_modL1_fusion16_fusionL1_fusionBN0_drop0p2__wd1e-04trmiss40_trlocglobal,22,0.676773359378179,0.6893035471439362,0.6388888888888888,0.746754778288746,0.5333333333333333,0.0,0.0,0.0,0.0,0.0,0.0,0.0,0.0,0.0,,,,,18473,global,0.4
1,3,lr1e-05_bs32_modL1_fusion16_fusionL1_fusionBN0_drop0p2__wd1e-04trmiss40_trlocglobal,32,1e-05,0.0001,1,16,1,False,0.2,lr1e-05_bs32_modL1_fusion16_fusionL1_fusionBN0_drop0p2__wd1e-04trmiss40_trlocglobal,23,0.6720397273699442,0.6893675327301025,0.632936507936508,0.7414484875372642,0.5333333333333333,0.0,0.0,0.0,0.0,0.0,0.0,0.0,0.0,0.0,,,,,18473,global,0.4
1,3,lr1e-05_bs32_modL1_fusion16_fusionL1_fusionBN0_drop0p2__wd1e-04trmiss40_trlocglobal,32,1e-05,0.0001,1,16,1,False,0.2,lr1e-05_bs32_modL1_fusion16_fusionL1_fusionBN0_drop0p2__wd1e-04trmiss40_trlocglobal,24,0.6735183795293173,0.6897723078727722,0.636904761904762,0.7440058682481692,0.5333333333333333,0.0,0.0,0.0,0.0,0.0,0.0,0.0,0.0,0.0,,,,,18473,global,0.4
1,3,lr1e-05_bs32_modL1_fusion16_fusionL1_fusionBN0_drop0p2__wd1e-04trmiss40_trlocglobal,32,1e-05,0.0001,1,16,1,False,0.2,lr1e-05_bs32_modL1_fusion16_fusionL1_fusionBN0_drop0p2__wd1e-04trmiss40_trlocglobal,25,0.6754825810591379,0.6894631385803223,0.630952380952381,0.7362993213893236,0.5333333333333333,0.0,0.0,0.0,0.0,0.0,0.0,0.0,0.0,0.0,,,,,18473,global,0.4
1,3,lr1e-05_bs32_modL1_fusion16_fusionL1_fusionBN0_drop0p2__wd1e-04trmiss40_trlocglobal,32,1e-05,0.0001,1,16,1,False,0.2,lr1e-05_bs32_modL1_fusion16_fusionL1_fusionBN0_drop0p2__wd1e-04trmiss40_trlocglobal,26,0.6679740945498148,0.6891146302223206,0.634920634920635,0.7405881334227009,0.5333333333333333,0.0,0.0,0.0,0.0,0.0,0.0,0.0,0.0,0.0,,,,,18473,global,0.4
1,3,lr1e-05_bs32_modL1_fusion16_fusionL1_fusionBN0_drop0p2__wd1e-04trmiss40_trlocglobal,32,1e-05,0.0001,1,16,1,False,0.2,lr1e-05_bs32_modL1_fusion16_fusionL1_fusionBN0_drop0p2__wd1e-04trmiss40_trlocglobal,27,0.6689667801062266,0.6887359023094177,0.6369047619047619,0.7431370601903775,0.5333333333333333,0.0,0.0,0.0,0.0,0.0,0.0,0.0,0.0,0.0,,,,,18473,global,0.4
1,3,lr1e-05_bs32_modL1_fusion16_fusionL1_fusionBN0_drop0p2__wd1e-04trmiss40_trlocglobal,32,1e-05,0.0001,1,16,1,False,0.2,lr1e-05_bs32_modL1_fusion16_fusionL1_fusionBN0_drop0p2__wd1e-04trmiss40_trlocglobal,28,0.6659231881300608,0.6889855265617371,0.6329365079365079,0.7417662088195263,0.5333333333333333,0.0,0.0,0.0,0.0,0.0,0.0,0.0,0.0,0.0,,,,,18473,global,0.4
1,3,lr1e-05_bs32_modL1_fusion16_fusionL1_fusionBN0_drop0p2__wd1e-04trmiss40_trlocglobal,32,1e-05,0.0001,1,16,1,False,0.2,lr1e-05_bs32_modL1_fusion16_fusionL1_fusionBN0_drop0p2__wd1e-04trmiss40_trlocglobal,29,0.6697225073973337,0.6890019476413727,0.626984126984127,0.7389639888977411,0.5333333333333333,0.0,0.0,0.0,0.0,0.0,0.0,0.0,0.0,0.0,,,,,18473,global,0.4
1,3,lr1e-05_bs32_modL1_fusion16_fusionL1_fusionBN0_drop0p2__wd1e-04trmiss40_trlocglobal,32,1e-05,0.0001,1,16,1,False,0.2,lr1e-05_bs32_modL1_fusion16_fusionL1_fusionBN0_drop0p2__wd1e-04trmiss40_trlocglobal,30,0.6660676300525665,0.6884961426258087,0.630952380952381,0.7465503567782268,0.5333333333333333,0.0,0.0,0.0,0.0,0.0,0.0,0.0,0.0,0.0,,,,,18473,global,0.4
1,3,lr1e-05_bs32_modL1_fusion16_fusionL1_fusionBN0_drop0p2__wd1e-04trmiss40_trlocglobal,32,1e-05,0.0001,1,16,1,False,0.2,lr1e-05_bs32_modL1_fusion16_fusionL1_fusionBN0_drop0p2__wd1e-04trmiss40_trlocglobal,31,0.6655470828215281,0.6881906390190125,0.6349206349206349,0.7563086154948186,0.5333333333333333,0.0,0.0,0.0,0.0,0.0,0.0,0.0,0.0,0.0,,,,,18473,global,0.4
1,3,lr1e-05_bs32_modL1_fusion16_fusionL1_fusionBN0_drop0p2__wd1e-04trmiss40_trlocglobal,32,1e-05,0.0001,1,16,1,False,0.2,lr1e-05_bs32_modL1_fusion16_fusionL1_fusionBN0_drop0p2__wd1e-04trmiss40_trlocglobal,32,0.6701641281445821,0.6878691911697388,0.632936507936508,0.7424294776573477,0.5333333333333333,0.0,0.0,0.0,0.0,0.0,0.0,0.0,0.0,0.0,,,,,18473,global,0.4
1,3,lr1e-05_bs32_modL1_fusion16_fusionL1_fusionBN0_drop0p2__wd1e-04trmiss40_trlocglobal,32,1e-05,0.0001,1,16,1,False,0.2,lr1e-05_bs32_modL1_fusion16_fusionL1_fusionBN0_drop0p2__wd1e-04trmiss40_trlocglobal,33,0.6576893627643585,0.6874085068702698,0.626984126984127,0.7383322509724015,0.5333333333333333,0.0,0.0,0.0,0.0,0.0,0.0,0.0,0.0,0.0,,,,,18473,global,0.4
1,3,lr1e-05_bs32_modL1_fusion16_fusionL1_fusionBN0_drop0p1__wd1e-04trmiss40_trlocglobal,32,1e-05,0.0001,1,16,1,False,0.1,lr1e-05_bs32_modL1_fusion16_fusionL1_fusionBN0_drop0p1__wd1e-04trmiss40_trlocglobal,1,0.692256232102712,0.6914736330509186,0.6448412698412699,0.695215975870019,0.5555555555555556,0.0,0.0,0.0,0.0,0.0,0.0,0.0,0.0,0.0,,,,,18473,global,0.4
1,3,lr1e-05_bs32_modL1_fusion16_fusionL1_fusionBN0_drop0p1__wd1e-04trmiss40_trlocglobal,32,1e-05,0.0001,1,16,1,False,0.1,lr1e-05_bs32_modL1_fusion16_fusionL1_fusionBN0_drop0p1__wd1e-04trmiss40_trlocglobal,2,0.6885618170102438,0.6906562447547913,0.6329365079365079,0.6759281999018878,0.5777777777777777,0.0,0.0,0.0,0.0,0.0,0.0,0.0,0.0,0.0,,,,,18473,global,0.4
1,3,lr1e-05_bs32_modL1_fusion16_fusionL1_fusionBN0_drop0p1__wd1e-04trmiss40_trlocglobal,32,1e-05,0.0001,1,16,1,False,0.1,lr1e-05_bs32_modL1_fusion16_fusionL1_fusionBN0_drop0p1__wd1e-04trmiss40_trlocglobal,3,0.6789908210436503,0.6898351311683655,0.6170634920634921,0.6576640356905799,0.6,0.0,0.0,0.0,0.0,0.0,0.0,0.0,0.0,0.0,,,,,18473,global,0.4
1,3,lr1e-05_bs32_modL1_fusion16_fusionL1_fusionBN0_drop0p1__wd1e-04trmiss40_trlocglobal,32,1e-05,0.0001,1,16,1,False,0.1,lr1e-05_bs32_modL1_fusion16_fusionL1_fusionBN0_drop0p1__wd1e-04trmiss40_trlocglobal,4,0.6851707597573599,0.6889313161373138,0.6170634920634921,0.6543331622124513,0.6,0.0,0.0,0.0,0.0,0.0,0.0,0.0,0.0,0.0,,,,,18473,global,0.4
1,3,lr1e-05_bs32_modL1_fusion16_fusionL1_fusionBN0_drop0p1__wd1e-04trmiss40_trlocglobal,32,1e-05,0.0001,1,16,1,False,0.1,lr1e-05_bs32_modL1_fusion16_fusionL1_fusionBN0_drop0p1__wd1e-04trmiss40_trlocglobal,5,0.6847896675268809,0.6881909370422363,0.6190476190476191,0.6539010762403228,0.6,0.0,0.0,0.0,0.0,0.0,0.0,0.0,0.0,0.0,,,,,18473,global,0.4
1,3,lr1e-05_bs32_modL1_fusion16_fusionL1_fusionBN0_drop0p1__wd1e-04trmiss40_trlocglobal,32,1e-05,0.0001,1,16,1,False,0.1,lr1e-05_bs32_modL1_fusion16_fusionL1_fusionBN0_drop0p1__wd1e-04trmiss40_trlocglobal,6,0.6855229238669077,0.6884497106075287,0.621031746031746,0.6552617968106023,0.6,0.0,0.0,0.0,0.0,0.0,0.0,0.0,0.0,0.0,,,,,18473,global,0.4
1,3,lr1e-05_bs32_modL1_fusion16_fusionL1_fusionBN0_drop0p1__wd1e-04trmiss40_trlocglobal,32,1e-05,0.0001,1,16,1,False,0.1,lr1e-05_bs32_modL1_fusion16_fusionL1_fusionBN0_drop0p1__wd1e-04trmiss40_trlocglobal,7,0.6810342371463776,0.6878591775894165,0.626984126984127,0.6576150615540631,0.5777777777777777,0.0,0.0,0.0,0.0,0.0,0.0,0.0,0.0,0.0,,,,,18473,global,0.4
1,3,lr1e-05_bs32_modL1_fusion16_fusionL1_fusionBN0_drop0p1__wd1e-04trmiss40_trlocglobal,32,1e-05,0.0001,1,16,1,False,0.1,lr1e-05_bs32_modL1_fusion16_fusionL1_fusionBN0_drop0p1__wd1e-04trmiss40_trlocglobal,8,0.6825208167235056,0.6872329711914062,0.6309523809523809,0.6603040420231013,0.5777777777777777,0.0,0.0,0.0,0.0,0.0,0.0,0.0,0.0,0.0,,,,,18473,global,0.4
1,3,lr1e-05_bs32_modL1_fusion16_fusionL1_fusionBN0_drop0p1__wd1e-04trmiss40_trlocglobal,32,1e-05,0.0001,1,16,1,False,0.1,lr1e-05_bs32_modL1_fusion16_fusionL1_fusionBN0_drop0p1__wd1e-04trmiss40_trlocglobal,9,0.6767570575078329,0.6868916451931,0.6428571428571429,0.6672405874464888,0.5777777777777777,0.0,0.0,0.0,0.0,0.0,0.0,0.0,0.0,0.0,,,,,18473,global,0.4
1,3,lr1e-05_bs32_modL1_fusion16_fusionL1_fusionBN0_drop0p1__wd1e-04trmiss40_trlocglobal,32,1e-05,0.0001,1,16,1,False,0.1,lr1e-05_bs32_modL1_fusion16_fusionL1_fusionBN0_drop0p1__wd1e-04trmiss40_trlocglobal,10,0.6769960224628448,0.6858298182487488,0.6468253968253967,0.6683449643475892,0.5777777777777777,0.0,0.0,0.0,0.0,0.0,0.0,0.0,0.0,0.0,,,,,18473,global,0.4
1,3,lr1e-05_bs32_modL1_fusion16_fusionL1_fusionBN0_drop0p1__wd1e-04trmiss40_trlocglobal,32,1e-05,0.0001,1,16,1,False,0.1,lr1e-05_bs32_modL1_fusion16_fusionL1_fusionBN0_drop0p1__wd1e-04trmiss40_trlocglobal,11,0.6706471939881643,0.6851986348628998,0.6488095238095238,0.6678438706155615,0.5777777777777777,0.0,0.0,0.0,0.0,0.0,0.0,0.0,0.0,0.0,,,,,18473,global,0.4
1,3,lr1e-05_bs32_modL1_fusion16_fusionL1_fusionBN0_drop0p1__wd1e-04trmiss40_trlocglobal,32,1e-05,0.0001,1,16,1,False,0.1,lr1e-05_bs32_modL1_fusion16_fusionL1_fusionBN0_drop0p1__wd1e-04trmiss40_trlocglobal,12,0.6681522925694784,0.6852525770664215,0.6468253968253969,0.6668993526940222,0.6,0.0,0.0,0.0,0.0,0.0,0.0,0.0,0.0,0.0,,,,,18473,global,0.4
1,3,lr1e-05_bs32_modL1_fusion16_fusionL1_fusionBN0_drop0p1__wd1e-04trmiss40_trlocglobal,32,1e-05,0.0001,1,16,1,False,0.1,lr1e-05_bs32_modL1_fusion16_fusionL1_fusionBN0_drop0p1__wd1e-04trmiss40_trlocglobal,13,0.6695971389611562,0.6851316392421722,0.6468253968253969,0.6653846219926299,0.6,0.0,0.0,0.0,0.0,0.0,0.0,0.0,0.0,0.0,,,,,18473,global,0.4
1,3,lr1e-05_bs32_modL1_fusion16_fusionL1_fusionBN0_drop0p1__wd1e-04trmiss40_trlocglobal,32,1e-05,0.0001,1,16,1,False,0.1,lr1e-05_bs32_modL1_fusion16_fusionL1_fusionBN0_drop0p1__wd1e-04trmiss40_trlocglobal,14,0.6753446360429128,0.684881180524826,0.6547619047619048,0.6704674723053654,0.5777777777777777,0.0,0.0,0.0,0.0,0.0,0.0,0.0,0.0,0.0,,,,,18473,global,0.4
1,3,lr1e-05_bs32_modL1_fusion16_fusionL1_fusionBN0_drop0p1__wd1e-04trmiss40_trlocglobal,32,1e-05,0.0001,1,16,1,False,0.1,lr1e-05_bs32_modL1_fusion16_fusionL1_fusionBN0_drop0p1__wd1e-04trmiss40_trlocglobal,15,0.6621287365754446,0.6843389868736267,0.6587301587301587,0.6719727200590988,0.6,0.0,0.0,0.0,0.0,0.0,0.0,0.0,0.0,0.0,,,,,18473,global,0.4
1,3,lr1e-05_bs32_modL1_fusion16_fusionL1_fusionBN0_drop0p1__wd1e-04trmiss40_trlocglobal,32,1e-05,0.0001,1,16,1,False,0.1,lr1e-05_bs32_modL1_fusion16_fusionL1_fusionBN0_drop0p1__wd1e-04trmiss40_trlocglobal,16,0.6683876216411591,0.6840077936649323,0.6587301587301587,0.6730280156267784,0.6,0.0,0.0,0.0,0.0,0.0,0.0,0.0,0.0,0.0,,,,,18473,global,0.4
1,3,lr1e-05_bs32_modL1_fusion16_fusionL1_fusionBN0_drop0p1__wd1e-04trmiss40_trlocglobal,32,1e-05,0.0001,1,16,1,False,0.1,lr1e-05_bs32_modL1_fusion16_fusionL1_fusionBN0_drop0p1__wd1e-04trmiss40_trlocglobal,17,0.6625260512034098,0.6835241913795471,0.6706349206349207,0.6785236730302832,0.5777777777777777,0.0,0.0,0.0,0.0,0.0,0.0,0.0,0.0,0.0,,,,,18473,global,0.4
1,3,lr1e-05_bs32_modL1_fusion16_fusionL1_fusionBN0_drop0p1__wd1e-04trmiss40_trlocglobal,32,1e-05,0.0001,1,16,1,False,0.1,lr1e-05_bs32_modL1_fusion16_fusionL1_fusionBN0_drop0p1__wd1e-04trmiss40_trlocglobal,18,0.6623052358627319,0.6829013824462891,0.6726190476190477,0.6794050051915096,0.5777777777777777,0.0,0.0,0.0,0.0,0.0,0.0,0.0,0.0,0.0,,,,,18473,global,0.4
1,3,lr1e-05_bs32_modL1_fusion16_fusionL1_fusionBN0_drop0p1__wd1e-04trmiss40_trlocglobal,32,1e-05,0.0001,1,16,1,False,0.1,lr1e-05_bs32_modL1_fusion16_fusionL1_fusionBN0_drop0p1__wd1e-04trmiss40_trlocglobal,19,0.6621953845024109,0.6829295456409454,0.6726190476190477,0.6800716091189831,0.5777777777777777,0.0,0.0,0.0,0.0,0.0,0.0,0.0,0.0,0.0,,,,,18473,global,0.4
1,3,lr1e-05_bs32_modL1_fusion16_fusionL1_fusionBN0_drop0p1__wd1e-04trmiss40_trlocglobal,32,1e-05,0.0001,1,16,1,False,0.1,lr1e-05_bs32_modL1_fusion16_fusionL1_fusionBN0_drop0p1__wd1e-04trmiss40_trlocglobal,20,0.6653494636217753,0.6826365888118744,0.6785714285714286,0.6820239953899009,0.5777777777777777,0.0,0.0,0.0,0.0,0.0,0.0,0.0,0.0,0.0,,,,,18473,global,0.4
1,3,lr1e-05_bs32_modL1_fusion16_fusionL1_fusionBN0_drop0p1__wd1e-04trmiss40_trlocglobal,32,1e-05,0.0001,1,16,1,False,0.1,lr1e-05_bs32_modL1_fusion16_fusionL1_fusionBN0_drop0p1__wd1e-04trmiss40_trlocglobal,21,0.6620050768057505,0.6820891797542572,0.6805555555555556,0.681776693445635,0.5777777777777777,0.0,0.0,0.0,0.0,0.0,0.0,0.0,0.0,0.0,,,,,18473,global,0.4
1,3,lr1e-05_bs32_modL1_fusion16_fusionL1_fusionBN0_drop0p1__wd1e-04trmiss40_trlocglobal,32,1e-05,0.0001,1,16,1,False,0.1,lr1e-05_bs32_modL1_fusion16_fusionL1_fusionBN0_drop0p1__wd1e-04trmiss40_trlocglobal,22,0.6507231096426646,0.6817837953567505,0.6825396825396826,0.6827639595983422,0.6,0.0,0.0,0.0,0.0,0.0,0.0,0.0,0.0,0.0,,,,,18473,global,0.4
1,3,lr1e-05_bs32_modL1_fusion16_fusionL1_fusionBN0_drop0p1__wd1e-04trmiss40_trlocglobal,32,1e-05,0.0001,1,16,1,False,0.1,lr1e-05_bs32_modL1_fusion16_fusionL1_fusionBN0_drop0p1__wd1e-04trmiss40_trlocglobal,23,0.6590812702973684,0.6817231178283691,0.6865079365079365,0.6845946796912574,0.6222222222222222,0.0,0.0,0.0,0.0,0.0,0.0,0.0,0.0,0.0,,,,,18473,global,0.4
1,3,lr1e-05_bs32_modL1_fusion16_fusionL1_fusionBN0_drop0p1__wd1e-04trmiss40_trlocglobal,32,1e-05,0.0001,1,16,1,False,0.1,lr1e-05_bs32_modL1_fusion16_fusionL1_fusionBN0_drop0p1__wd1e-04trmiss40_trlocglobal,24,0.6642122368017832,0.6814490556716919,0.6884920634920635,0.6853838211053989,0.6222222222222222,0.0,0.0,0.0,0.0,0.0,0.0,0.0,0.0,0.0,,,,,18473,global,0.4
1,3,lr1e-05_bs32_modL1_fusion16_fusionL1_fusionBN0_drop0p1__wd1e-04trmiss40_trlocglobal,32,1e-05,0.0001,1,16,1,False,0.1,lr1e-05_bs32_modL1_fusion16_fusionL1_fusionBN0_drop0p1__wd1e-04trmiss40_trlocglobal,25,0.6515274147192637,0.6807029843330383,0.6944444444444444,0.689781510044122,0.6222222222222222,0.0,0.0,0.0,0.0,0.0,0.0,0.0,0.0,0.0,,,,,18473,global,0.4
1,3,lr1e-05_bs32_modL1_fusion16_fusionL1_fusionBN0_drop0p1__wd1e-04trmiss40_trlocglobal,32,1e-05,0.0001,1,16,1,False,0.1,lr1e-05_bs32_modL1_fusion16_fusionL1_fusionBN0_drop0p1__wd1e-04trmiss40_trlocglobal,26,0.6546546717484792,0.6802873313426971,0.6904761904761905,0.6881615988831767,0.6222222222222222,0.0,0.0,0.0,0.0,0.0,0.0,0.0,0.0,0.0,,,,,18473,global,0.4
1,3,lr1e-05_bs32_modL1_fusion16_fusionL1_fusionBN0_drop0p1__wd1e-04trmiss40_trlocglobal,32,1e-05,0.0001,1,16,1,False,0.1,lr1e-05_bs32_modL1_fusion16_fusionL1_fusionBN0_drop0p1__wd1e-04trmiss40_trlocglobal,27,0.6503872772057852,0.680182009935379,0.6924603174603174,0.6889414562806812,0.6222222222222222,0.0,0.0,0.0,0.0,0.0,0.0,0.0,0.0,0.0,,,,,18473,global,0.4
1,3,lr1e-05_bs32_modL1_fusion16_fusionL1_fusionBN0_drop0p1__wd1e-04trmiss40_trlocglobal,32,1e-05,0.0001,1,16,1,False,0.1,lr1e-05_bs32_modL1_fusion16_fusionL1_fusionBN0_drop0p1__wd1e-04trmiss40_trlocglobal,28,0.6553951899210612,0.6799458265304565,0.6944444444444444,0.6894827144506158,0.6222222222222222,0.0,0.0,0.0,0.0,0.0,0.0,0.0,0.0,0.0,,,,,18473,global,0.4
1,3,lr1e-05_bs32_modL1_fusion16_fusionL1_fusionBN0_drop0p1__wd1e-04trmiss40_trlocglobal,32,1e-05,0.0001,1,16,1,False,0.1,lr1e-05_bs32_modL1_fusion16_fusionL1_fusionBN0_drop0p1__wd1e-04trmiss40_trlocglobal,29,0.6522257228692373,0.679640382528305,0.6944444444444444,0.6876765008948684,0.6222222222222222,0.0,0.0,0.0,0.0,0.0,0.0,0.0,0.0,0.0,,,,,18473,global,0.4
1,3,lr1e-05_bs32_modL1_fusion16_fusionL1_fusionBN0_drop0p1__wd1e-04trmiss40_trlocglobal,32,1e-05,0.0001,1,16,1,False,0.1,lr1e-05_bs32_modL1_fusion16_fusionL1_fusionBN0_drop0p1__wd1e-04trmiss40_trlocglobal,30,0.6468353768189748,0.6788402199745178,0.6984126984126984,0.6922547392414892,0.6222222222222222,0.0,0.0,0.0,0.0,0.0,0.0,0.0,0.0,0.0,,,,,18473,global,0.4
1,3,lr1e-05_bs32_modL1_fusion16_fusionL1_fusionBN0_drop0p1__wd1e-04trmiss40_trlocglobal,32,1e-05,0.0001,1,16,1,False,0.1,lr1e-05_bs32_modL1_fusion16_fusionL1_fusionBN0_drop0p1__wd1e-04trmiss40_trlocglobal,31,0.6481147905190786,0.678328275680542,0.6984126984126984,0.6922547392414892,0.6222222222222222,0.0,0.0,0.0,0.0,0.0,0.0,0.0,0.0,0.0,,,,,18473,global,0.4
1,3,lr1e-05_bs32_modL1_fusion16_fusionL1_fusionBN0_drop0p1__wd1e-04trmiss40_trlocglobal,32,1e-05,0.0001,1,16,1,False,0.1,lr1e-05_bs32_modL1_fusion16_fusionL1_fusionBN0_drop0p1__wd1e-04trmiss40_trlocglobal,32,0.6496427555878957,0.6782501041889191,0.6984126984126984,0.6922547392414892,0.6,0.0,0.0,0.0,0.0,0.0,0.0,0.0,0.0,0.0,,,,,18473,global,0.4
1,3,lr1e-05_bs32_modL1_fusion16_fusionL1_fusionBN0_drop0p1__wd1e-04trmiss40_trlocglobal,32,1e-05,0.0001,1,16,1,False,0.1,lr1e-05_bs32_modL1_fusion16_fusionL1_fusionBN0_drop0p1__wd1e-04trmiss40_trlocglobal,33,0.6415753165880839,0.6783608198165894,0.7003968253968254,0.695776283918594,0.6222222222222222,0.0,0.0,0.0,0.0,0.0,0.0,0.0,0.0,0.0,,,,,18473,global,0.4
1,3,lr1e-05_bs32_modL1_fusion16_fusionL1_fusionBN0_drop0p1__wd1e-04trmiss40_trlocglobal,32,1e-05,0.0001,1,16,1,False,0.1,lr1e-05_bs32_modL1_fusion16_fusionL1_fusionBN0_drop0p1__wd1e-04trmiss40_trlocglobal,34,0.6516036987304688,0.6781868040561676,0.7003968253968254,0.6975765445898225,0.6222222222222222,0.0,0.0,0.0,0.0,0.0,0.0,0.0,0.0,0.0,,,,,18473,global,0.4
1,3,lr1e-05_bs32_modL1_fusion16_fusionL1_fusionBN0_drop0p1__wd1e-04trmiss40_trlocglobal,32,1e-05,0.0001,1,16,1,False,0.1,lr1e-05_bs32_modL1_fusion16_fusionL1_fusionBN0_drop0p1__wd1e-04trmiss40_trlocglobal,35,0.6437897582848867,0.6778965890407562,0.7063492063492063,0.6992150886723302,0.6222222222222222,0.0,0.0,0.0,0.0,0.0,0.0,0.0,0.0,0.0,,,,,18473,global,0.4
1,3,lr1e-05_bs32_modL1_fusion16_fusionL1_fusionBN0_drop0p1__wd1e-04trmiss40_trlocglobal,32,1e-05,0.0001,1,16,1,False,0.1,lr1e-05_bs32_modL1_fusion16_fusionL1_fusionBN0_drop0p1__wd1e-04trmiss40_trlocglobal,36,0.6365620195865631,0.6774512529373169,0.7023809523809523,0.6963765600985073,0.6222222222222222,0.0,0.0,0.0,0.0,0.0,0.0,0.0,0.0,0.0,,,,,18473,global,0.4
1,3,lr1e-05_bs32_modL1_fusion16_fusionL1_fusionBN0_drop0p1__wd1e-04trmiss40_trlocglobal,32,1e-05,0.0001,1,16,1,False,0.1,lr1e-05_bs32_modL1_fusion16_fusionL1_fusionBN0_drop0p1__wd1e-04trmiss40_trlocglobal,37,0.6481355528036753,0.6769590973854065,0.7043650793650794,0.6991094384509978,0.6222222222222222,0.0,0.0,0.0,0.0,0.0,0.0,0.0,0.0,0.0,,,,,18473,global,0.4
1,3,lr1e-05_bs32_modL1_fusion16_fusionL1_fusionBN0_drop0p1__wd1e-04trmiss40_trlocglobal,32,1e-05,0.0001,1,16,1,False,0.1,lr1e-05_bs32_modL1_fusion16_fusionL1_fusionBN0_drop0p1__wd1e-04trmiss40_trlocglobal,38,0.6445170740286509,0.676974356174469,0.7003968253968254,0.6951627122325997,0.6222222222222222,0.0,0.0,0.0,0.0,0.0,0.0,0.0,0.0,0.0,,,,,18473,global,0.4
1,3,lr1e-05_bs32_modL1_fusion16_fusionL1_fusionBN0_drop0p1__wd1e-04trmiss40_trlocglobal,32,1e-05,0.0001,1,16,1,False,0.1,lr1e-05_bs32_modL1_fusion16_fusionL1_fusionBN0_drop0p1__wd1e-04trmiss40_trlocglobal,39,0.644938717285792,0.6769444644451141,0.7003968253968255,0.6922586718285593,0.6222222222222222,0.0,0.0,0.0,0.0,0.0,0.0,0.0,0.0,0.0,,,,,18473,global,0.4
1,3,lr1e-05_bs32_modL1_fusion16_fusionL1_fusionBN0_drop0p1__wd1e-04trmiss40_trlocglobal,32,1e-05,0.0001,1,16,1,False,0.1,lr1e-05_bs32_modL1_fusion16_fusionL1_fusionBN0_drop0p1__wd1e-04trmiss40_trlocglobal,40,0.6378138164679209,0.6767844557762146,0.6984126984126984,0.6885260329396705,0.6222222222222222,0.0,0.0,0.0,0.0,0.0,0.0,0.0,0.0,0.0,,,,,18473,global,0.4
1,3,lr1e-05_bs32_modL1_fusion16_fusionL1_fusionBN0_drop0p1__wd1e-04trmiss40_trlocglobal,32,1e-05,0.0001,1,16,1,False,0.1,lr1e-05_bs32_modL1_fusion16_fusionL1_fusionBN0_drop0p1__wd1e-04trmiss40_trlocglobal,41,0.6414130628108978,0.676558792591095,0.7023809523809524,0.6936654038656793,0.6222222222222222,0.0,0.0,0.0,0.0,0.0,0.0,0.0,0.0,0.0,,,,,18473,global,0.4
1,3,lr1e-05_bs32_modL1_fusion16_fusionL1_fusionBN0_drop0p1__wd1e-04trmiss40_trlocglobal,32,1e-05,0.0001,1,16,1,False,0.1,lr1e-05_bs32_modL1_fusion16_fusionL1_fusionBN0_drop0p1__wd1e-04trmiss40_trlocglobal,42,0.6346478164196014,0.6763661801815033,0.7023809523809523,0.694401754440392,0.6222222222222222,0.0,0.0,0.0,0.0,0.0,0.0,0.0,0.0,0.0,,,,,18473,global,0.4
1,3,lr1e-05_bs32_modL1_fusion16_fusionL1_fusionBN0_drop0p1__wd1e-04trmiss40_trlocglobal,32,1e-05,0.0001,1,16,1,False,0.1,lr1e-05_bs32_modL1_fusion16_fusionL1_fusionBN0_drop0p1__wd1e-04trmiss40_trlocglobal,43,0.6402197877566019,0.6762780845165253,0.7003968253968255,0.6922462710349085,0.6222222222222222,0.0,0.0,0.0,0.0,0.0,0.0,0.0,0.0,0.0,,,,,18473,global,0.4
1,3,lr1e-05_bs32_modL1_fusion16_fusionL1_fusionBN0_drop0p1__wd1e-04trmiss40_trlocglobal,32,1e-05,0.0001,1,16,1,False,0.1,lr1e-05_bs32_modL1_fusion16_fusionL1_fusionBN0_drop0p1__wd1e-04trmiss40_trlocglobal,44,0.6413217186927795,0.6762445569038391,0.7043650793650794,0.6968075084086459,0.6222222222222222,0.0,0.0,0.0,0.0,0.0,0.0,0.0,0.0,0.0,,,,,18473,global,0.4
1,3,lr1e-05_bs32_modL1_fusion16_fusionL1_fusionBN0_drop0p1__wd1e-04trmiss40_trlocglobal,32,1e-05,0.0001,1,16,1,False,0.1,lr1e-05_bs32_modL1_fusion16_fusionL1_fusionBN0_drop0p1__wd1e-04trmiss40_trlocglobal,45,0.6424828171730042,0.6759332120418549,0.7063492063492064,0.6982956036467411,0.6222222222222222,0.0,0.0,0.0,0.0,0.0,0.0,0.0,0.0,0.0,,,,,18473,global,0.4
1,3,lr1e-05_bs32_modL1_fusion16_fusionL1_fusionBN0_drop0p1__wd1e-04trmiss40_trlocglobal,32,1e-05,0.0001,1,16,1,False,0.1,lr1e-05_bs32_modL1_fusion16_fusionL1_fusionBN0_drop0p1__wd1e-04trmiss40_trlocglobal,46,0.638701319694519,0.6762317717075348,0.7063492063492063,0.7030808510790475,0.6222222222222222,0.0,0.0,0.0,0.0,0.0,0.0,0.0,0.0,0.0,,,,,18473,global,0.4
1,3,lr1e-05_bs32_modL1_fusion16_fusionL1_fusionBN0_drop0p1__wd1e-04trmiss40_trlocglobal,32,1e-05,0.0001,1,16,1,False,0.1,lr1e-05_bs32_modL1_fusion16_fusionL1_fusionBN0_drop0p1__wd1e-04trmiss40_trlocglobal,47,0.6435519854227701,0.6760269403457642,0.7063492063492063,0.7031629528852872,0.6222222222222222,0.0,0.0,0.0,0.0,0.0,0.0,0.0,0.0,0.0,,,,,18473,global,0.4
1,3,lr1e-05_bs32_modL1_fusion16_fusionL1_fusionBN0_drop0p1__wd1e-04trmiss40_trlocglobal,32,1e-05,0.0001,1,16,1,False,0.1,lr1e-05_bs32_modL1_fusion16_fusionL1_fusionBN0_drop0p1__wd1e-04trmiss40_trlocglobal,48,0.6320218443870544,0.6759171783924103,0.7043650793650793,0.7021708893932237,0.6222222222222222,0.0,0.0,0.0,0.0,0.0,0.0,0.0,0.0,0.0,,,,,18473,global,0.4
1,3,lr1e-05_bs32_modL1_fusion16_fusionL1_fusionBN0_drop0p1__wd1e-04trmiss40_trlocglobal,32,1e-05,0.0001,1,16,1,False,0.1,lr1e-05_bs32_modL1_fusion16_fusionL1_fusionBN0_drop0p1__wd1e-04trmiss40_trlocglobal,49,0.634347677230835,0.6759778559207916,0.7023809523809523,0.7013422909083752,0.6222222222222222,0.0,0.0,0.0,0.0,0.0,0.0,0.0,0.0,0.0,,,,,18473,global,0.4
1,3,lr1e-05_bs32_modL1_fusion16_fusionL1_fusionBN0_drop0p1__wd1e-04trmiss40_trlocglobal,32,1e-05,0.0001,1,16,1,False,0.1,lr1e-05_bs32_modL1_fusion16_fusionL1_fusionBN0_drop0p1__wd1e-04trmiss40_trlocglobal,50,0.6324920356273651,0.67558753490448,0.7003968253968254,0.6968451132494329,0.6222222222222222,0.0,0.0,0.0,0.0,0.0,0.0,0.0,0.0,0.0,,,,,18473,global,0.4
1,3,lr1e-05_bs32_modL1_fusion16_fusionL1_fusionBN0_drop0p1__wd1e-04trmiss40_trlocglobal,32,1e-05,0.0001,1,16,1,False,0.1,lr1e-05_bs32_modL1_fusion16_fusionL1_fusionBN0_drop0p1__wd1e-04trmiss40_trlocglobal,51,0.6339947978655497,0.6751028895378113,0.7083333333333333,0.7097436118096961,0.6222222222222222,0.0,0.0,0.0,0.0,0.0,0.0,0.0,0.0,0.0,,,,,18473,global,0.4
1,3,lr1e-05_bs32_modL1_fusion16_fusionL1_fusionBN0_drop0p1__wd1e-04trmiss40_trlocglobal,32,1e-05,0.0001,1,16,1,False,0.1,lr1e-05_bs32_modL1_fusion16_fusionL1_fusionBN0_drop0p1__wd1e-04trmiss40_trlocglobal,52,0.6387242078781128,0.6752364337444305,0.7063492063492064,0.702540194312161,0.6222222222222222,0.0,0.0,0.0,0.0,0.0,0.0,0.0,0.0,0.0,,,,,18473,global,0.4
1,3,lr1e-05_bs32_modL1_fusion16_fusionL1_fusionBN0_drop0p1__wd1e-04trmiss40_trlocglobal,32,1e-05,0.0001,1,16,1,False,0.1,lr1e-05_bs32_modL1_fusion16_fusionL1_fusionBN0_drop0p1__wd1e-04trmiss40_trlocglobal,53,0.6321202913920084,0.6746441125869751,0.7103174603174602,0.708924348352565,0.6222222222222222,0.0,0.0,0.0,0.0,0.0,0.0,0.0,0.0,0.0,,,,,18473,global,0.4
1,3,lr1e-05_bs32_modL1_fusion16_fusionL1_fusionBN0_drop0p1__wd1e-04trmiss40_trlocglobal,32,1e-05,0.0001,1,16,1,False,0.1,lr1e-05_bs32_modL1_fusion16_fusionL1_fusionBN0_drop0p1__wd1e-04trmiss40_trlocglobal,54,0.6324498454729716,0.6749496757984161,0.7023809523809523,0.7029047909083752,0.6222222222222222,0.0,0.0,0.0,0.0,0.0,0.0,0.0,0.0,0.0,,,,,18473,global,0.4
1,3,lr1e-05_bs32_modL1_fusion16_fusionL1_fusionBN0_drop0p1__wd1e-04trmiss40_trlocglobal,32,1e-05,0.0001,1,16,1,False,0.1,lr1e-05_bs32_modL1_fusion16_fusionL1_fusionBN0_drop0p1__wd1e-04trmiss40_trlocglobal,55,0.6292809049288431,0.6749395728111267,0.7043650793650793,0.7037333893932237,0.6222222222222222,0.0,0.0,0.0,0.0,0.0,0.0,0.0,0.0,0.0,,,,,18473,global,0.4
1,3,lr1e-05_bs32_modL1_fusion16_fusionL1_fusionBN0_drop0p1__wd1e-04trmiss40_trlocglobal,32,1e-05,0.0001,1,16,1,False,0.1,lr1e-05_bs32_modL1_fusion16_fusionL1_fusionBN0_drop0p1__wd1e-04trmiss40_trlocglobal,56,0.6303565005461375,0.675012469291687,0.7063492063492063,0.7057175163773507,0.6222222222222222,0.0,0.0,0.0,0.0,0.0,0.0,0.0,0.0,0.0,,,,,18473,global,0.4
1,3,lr1e-05_bs32_modL1_fusion16_fusionL1_fusionBN0_drop0p1__wd1e-04trmiss40_trlocglobal,32,1e-05,0.0001,1,16,1,False,0.1,lr1e-05_bs32_modL1_fusion16_fusionL1_fusionBN0_drop0p1__wd1e-04trmiss40_trlocglobal,57,0.6366892258326212,0.674839437007904,0.7043650793650793,0.7025248756847099,0.6222222222222222,0.0,0.0,0.0,0.0,0.0,0.0,0.0,0.0,0.0,,,,,18473,global,0.4
1,3,lr1e-05_bs32_modL1_fusion16_fusionL1_fusionBN0_drop0p1__wd1e-04trmiss40_trlocglobal,32,1e-05,0.0001,1,16,1,False,0.1,lr1e-05_bs32_modL1_fusion16_fusionL1_fusionBN0_drop0p1__wd1e-04trmiss40_trlocglobal,58,0.630510946114858,0.6749162375926971,0.7063492063492063,0.7056431116154459,0.6222222222222222,0.0,0.0,0.0,0.0,0.0,0.0,0.0,0.0,0.0,,,,,18473,global,0.4
1,3,lr1e-05_bs32_modL1_fusion16_fusionL1_fusionBN0_drop0p1__wd1e-04trmiss40_trlocglobal,32,1e-05,0.0001,1,16,1,False,0.1,lr1e-05_bs32_modL1_fusion16_fusionL1_fusionBN0_drop0p1__wd1e-04trmiss40_trlocglobal,59,0.6323934197425842,0.6749063432216644,0.7063492063492063,0.7056431116154459,0.6222222222222222,0.0,0.0,0.0,0.0,0.0,0.0,0.0,0.0,0.0,,,,,18473,global,0.4
1,3,lr1e-05_bs32_modL1_fusion16_fusionL1_fusionBN0_drop0p1__wd1e-04trmiss40_trlocglobal,32,1e-05,0.0001,1,16,1,False,0.1,lr1e-05_bs32_modL1_fusion16_fusionL1_fusionBN0_drop0p1__wd1e-04trmiss40_trlocglobal,60,0.6314472655455271,0.6746815741062164,0.7083333333333333,0.7074813469095635,0.6222222222222222,0.0,0.0,0.0,0.0,0.0,0.0,0.0,0.0,0.0,,,,,18473,global,0.4
1,3,lr1e-05_bs32_modL1_fusion16_fusionL1_fusionBN0_drop0p1__wd1e-04trmiss40_trlocglobal,32,1e-05,0.0001,1,16,1,False,0.1,lr1e-05_bs32_modL1_fusion16_fusionL1_fusionBN0_drop0p1__wd1e-04trmiss40_trlocglobal,61,0.6323238511880239,0.6745666563510895,0.7123015873015872,0.7114496008778175,0.6222222222222222,0.0,0.0,0.0,0.0,0.0,0.0,0.0,0.0,0.0,,,,,18473,global,0.4
1,3,lr1e-05_bs32_modL1_fusion16_fusionL1_fusionBN0_drop0p1__wd1e-04trmiss40_trlocglobal,32,1e-05,0.0001,1,16,1,False,0.1,lr1e-05_bs32_modL1_fusion16_fusionL1_fusionBN0_drop0p1__wd1e-04trmiss40_trlocglobal,62,0.6308516065279642,0.6745910942554474,0.7063492063492063,0.7044345979069321,0.6222222222222222,0.0,0.0,0.0,0.0,0.0,0.0,0.0,0.0,0.0,,,,,18473,global,0.4
1,3,lr1e-05_bs32_modL1_fusion16_fusionL1_fusionBN0_drop0p1__wd1e-04trmiss40_trlocglobal,32,1e-05,0.0001,1,16,1,False,0.1,lr1e-05_bs32_modL1_fusion16_fusionL1_fusionBN0_drop0p1__wd1e-04trmiss40_trlocglobal,63,0.6306969225406647,0.6748996078968048,0.7103174603174602,0.708924348352565,0.6222222222222222,0.0,0.0,0.0,0.0,0.0,0.0,0.0,0.0,0.0,,,,,18473,global,0.4
1,3,lr1e-05_bs32_modL1_fusion16_fusionL1_fusionBN0_drop0p1__wd1e-04trmiss40_trlocglobal,32,1e-05,0.0001,1,16,1,False,0.1,lr1e-05_bs32_modL1_fusion16_fusionL1_fusionBN0_drop0p1__wd1e-04trmiss40_trlocglobal,64,0.6282162964344025,0.6750937700271606,0.7043650793650793,0.7017041686140029,0.6222222222222222,0.0,0.0,0.0,0.0,0.0,0.0,0.0,0.0,0.0,,,,,18473,global,0.4
1,3,lr1e-05_bs32_modL1_fusion16_fusionL1_fusionBN0_drop0p1__wd1e-04trmiss40_trlocglobal,32,1e-05,0.0001,1,16,1,False,0.1,lr1e-05_bs32_modL1_fusion16_fusionL1_fusionBN0_drop0p1__wd1e-04trmiss40_trlocglobal,65,0.6256565054257711,0.6751063764095306,0.7043650793650793,0.7031922638520981,0.6222222222222222,0.0,0.0,0.0,0.0,0.0,0.0,0.0,0.0,0.0,,,,,18473,global,0.4
1,3,lr1e-05_bs32_modL1_fusion16_fusionL1_fusionBN0_drop0p1__wd1e-04trmiss40_trlocglobal,32,1e-05,0.0001,1,16,1,False,0.1,lr1e-05_bs32_modL1_fusion16_fusionL1_fusionBN0_drop0p1__wd1e-04trmiss40_trlocglobal,66,0.6334860225518545,0.6745174825191498,0.7103174603174602,0.708924348352565,0.6222222222222222,0.0,0.0,0.0,0.0,0.0,0.0,0.0,0.0,0.0,,,,,18473,global,0.4
1,3,lr1e-05_bs32_modL1_fusion16_fusionL1_fusionBN0_drop0p1__wd1e-04trmiss40_trlocglobal,32,1e-05,0.0001,1,16,1,False,0.1,lr1e-05_bs32_modL1_fusion16_fusionL1_fusionBN0_drop0p1__wd1e-04trmiss40_trlocglobal,67,0.6317679087320963,0.6746593713760376,0.7103174603174602,0.708924348352565,0.6222222222222222,0.0,0.0,0.0,0.0,0.0,0.0,0.0,0.0,0.0,,,,,18473,global,0.4
1,3,lr1e-05_bs32_modL1_fusion16_fusionL1_fusionBN0_drop0p1__wd1e-04trmiss40_trlocglobal,32,1e-05,0.0001,1,16,1,False,0.1,lr1e-05_bs32_modL1_fusion16_fusionL1_fusionBN0_drop0p1__wd1e-04trmiss40_trlocglobal,68,0.6247624655564626,0.6748426556587219,0.7063492063492063,0.7056431116154459,0.6222222222222222,0.0,0.0,0.0,0.0,0.0,0.0,0.0,0.0,0.0,,,,,18473,global,0.4
1,3,lr1e-05_bs32_modL1_fusion16_fusionL1_fusionBN0_drop0p1__wd1e-04trmiss40_trlocglobal,32,1e-05,0.0001,1,16,1,False,0.1,lr1e-05_bs32_modL1_fusion16_fusionL1_fusionBN0_drop0p1__wd1e-04trmiss40_trlocglobal,69,0.6322016716003418,0.6746380925178528,0.7023809523809523,0.7017492624090967,0.6222222222222222,0.0,0.0,0.0,0.0,0.0,0.0,0.0,0.0,0.0,,,,,18473,global,0.4
1,3,lr1e-05_bs32_modL1_fusion16_fusionL1_fusionBN0_drop0p1__wd1e-04trmiss40_trlocglobal,32,1e-05,0.0001,1,16,1,False,0.1,lr1e-05_bs32_modL1_fusion16_fusionL1_fusionBN0_drop0p1__wd1e-04trmiss40_trlocglobal,70,0.634259561697642,0.6746593415737152,0.7063492063492063,0.7062586419184762,0.6222222222222222,0.0,0.0,0.0,0.0,0.0,0.0,0.0,0.0,0.0,,,,,18473,global,0.4
1,3,lr1e-05_bs32_modL1_fusion16_fusionL1_fusionBN0_drop0p1__wd1e-04trmiss40_trlocglobal,32,1e-05,0.0001,1,16,1,False,0.1,lr1e-05_bs32_modL1_fusion16_fusionL1_fusionBN0_drop0p1__wd1e-04trmiss40_trlocglobal,71,0.6351815064748129,0.6754611730575562,0.7043650793650793,0.7037333893932237,0.6222222222222222,0.0,0.0,0.0,0.0,0.0,0.0,0.0,0.0,0.0,,,,,18473,global,0.4
1,3,lr1e-05_bs32_modL1_fusion16_fusionL1_fusionBN0_drop0p1__wd1e-04trmiss40_trlocglobal,32,1e-05,0.0001,1,16,1,False,0.1,lr1e-05_bs32_modL1_fusion16_fusionL1_fusionBN0_drop0p1__wd1e-04trmiss40_trlocglobal,72,0.6264660159746805,0.6756839156150818,0.7043650793650793,0.7037333893932237,0.6222222222222222,0.0,0.0,0.0,0.0,0.0,0.0,0.0,0.0,0.0,,,,,18473,global,0.4
1,3,lr1e-05_bs32_modL1_fusion16_fusionL1_fusionBN0_drop0p1__wd1e-04trmiss40_trlocglobal,32,1e-05,0.0001,1,16,1,False,0.1,lr1e-05_bs32_modL1_fusion16_fusionL1_fusionBN0_drop0p1__wd1e-04trmiss40_trlocglobal,73,0.6268769403298696,0.675416111946106,0.7063492063492063,0.7051763908362251,0.6222222222222222,0.0,0.0,0.0,0.0,0.0,0.0,0.0,0.0,0.0,,,,,18473,global,0.4
1,3,lr1e-05_bs32_modL1_fusion16_fusionL1_fusionBN0_drop0p1__wd1e-04trmiss40_trlocglobal,32,1e-05,0.0001,1,16,1,False,0.1,lr1e-05_bs32_modL1_fusion16_fusionL1_fusionBN0_drop0p1__wd1e-04trmiss40_trlocglobal,74,0.6327954530715942,0.6755892336368561,0.7103174603174602,0.7079773786555953,0.6222222222222222,0.0,0.0,0.0,0.0,0.0,0.0,0.0,0.0,0.0,,,,,18473,global,0.4
1,3,lr1e-05_bs32_modL1_fusion16_fusionL1_fusionBN0_drop0p1__wd1e-04trmiss40_trlocglobal,32,1e-05,0.0001,1,16,1,False,0.1,lr1e-05_bs32_modL1_fusion16_fusionL1_fusionBN0_drop0p1__wd1e-04trmiss40_trlocglobal,75,0.6334609786669413,0.6751923859119415,0.7063492063492063,0.7040091246873413,0.6222222222222222,0.0,0.0,0.0,0.0,0.0,0.0,0.0,0.0,0.0,,,,,18473,global,0.4
1,3,lr1e-05_bs32_modL1_fusion16_fusionL1_fusionBN0_drop0p1__wd1e-04trmiss40_trlocglobal,32,1e-05,0.0001,1,16,1,False,0.1,lr1e-05_bs32_modL1_fusion16_fusionL1_fusionBN0_drop0p1__wd1e-04trmiss40_trlocglobal,76,0.6300390859444936,0.6746698021888733,0.7043650793650793,0.7037333893932237,0.6222222222222222,0.0,0.0,0.0,0.0,0.0,0.0,0.0,0.0,0.0,,,,,18473,global,0.4
1,3,lr1e-05_bs32_modL1_fusion16_fusionL1_fusionBN0_drop0p1__wd1e-04trmiss40_trlocglobal,32,1e-05,0.0001,1,16,1,False,0.1,lr1e-05_bs32_modL1_fusion16_fusionL1_fusionBN0_drop0p1__wd1e-04trmiss40_trlocglobal,77,0.6270122528076172,0.6751240491867065,0.7063492063492063,0.7062586419184762,0.6222222222222222,0.0,0.0,0.0,0.0,0.0,0.0,0.0,0.0,0.0,,,,,18473,global,0.4
1,3,lr1e-05_bs32_modL1_fusion16_fusionL1_fusionBN0_drop0p1__wd1e-04trmiss40_trlocglobal,32,1e-05,0.0001,1,16,1,False,0.1,lr1e-05_bs32_modL1_fusion16_fusionL1_fusionBN0_drop0p1__wd1e-04trmiss40_trlocglobal,78,0.6254683633645376,0.6753372550010681,0.7063492063492063,0.7062586419184762,0.6222222222222222,0.0,0.0,0.0,0.0,0.0,0.0,0.0,0.0,0.0,,,,,18473,global,0.4
1,3,lr1e-05_bs32_modL1_fusion16_fusionL1_fusionBN0_drop0p1__wd1e-04trmiss40_trlocglobal,32,1e-05,0.0001,1,16,1,False,0.1,lr1e-05_bs32_modL1_fusion16_fusionL1_fusionBN0_drop0p1__wd1e-04trmiss40_trlocglobal,79,0.6287844975789388,0.6746752262115479,0.7083333333333333,0.7072507054105397,0.6222222222222222,0.0,0.0,0.0,0.0,0.0,0.0,0.0,0.0,0.0,,,,,18473,global,0.4
1,3,lr1e-05_bs32_modL1_fusion16_fusionL1_fusionBN0_drop0p1__wd1e-04trmiss40_trlocglobal,32,1e-05,0.0001,1,16,1,False,0.1,lr1e-05_bs32_modL1_fusion16_fusionL1_fusionBN0_drop0p1__wd1e-04trmiss40_trlocglobal,80,0.6300179262955984,0.6747264266014099,0.7063492063492063,0.7062586419184762,0.6222222222222222,0.0,0.0,0.0,0.0,0.0,0.0,0.0,0.0,0.0,,,,,18473,global,0.4
1,3,lr1e-05_bs32_modL1_fusion32_fusionL1_fusionBN0_drop0p2__wd1e-04trmiss40_trlocglobal,32,1e-05,0.0001,1,32,1,False,0.2,lr1e-05_bs32_modL1_fusion32_fusionL1_fusionBN0_drop0p2__wd1e-04trmiss40_trlocglobal,1,0.692919542392095,0.6977573335170746,0.4087301587301587,0.542882624140609,0.5333333333333333,0.0,0.0,0.0,0.0,0.0,0.0,0.0,0.0,0.0,,,,,18473,global,0.4
1,3,lr1e-05_bs32_modL1_fusion32_fusionL1_fusionBN0_drop0p2__wd1e-04trmiss40_trlocglobal,32,1e-05,0.0001,1,32,1,False,0.2,lr1e-05_bs32_modL1_fusion32_fusionL1_fusionBN0_drop0p2__wd1e-04trmiss40_trlocglobal,2,0.6904560426870981,0.698171854019165,0.41865079365079366,0.548307945545362,0.4888888888888889,0.0,0.0,0.0,0.0,0.0,0.0,0.0,0.0,0.0,,,,,18473,global,0.4
1,3,lr1e-05_bs32_modL1_fusion32_fusionL1_fusionBN0_drop0p2__wd1e-04trmiss40_trlocglobal,32,1e-05,0.0001,1,32,1,False,0.2,lr1e-05_bs32_modL1_fusion32_fusionL1_fusionBN0_drop0p2__wd1e-04trmiss40_trlocglobal,3,0.6839662293593088,0.698745995759964,0.4285714285714286,0.5359716652049501,0.4888888888888889,0.0,0.0,0.0,0.0,0.0,0.0,0.0,0.0,0.0,,,,,18473,global,0.4
1,3,lr1e-05_bs32_modL1_fusion32_fusionL1_fusionBN0_drop0p2__wd1e-04trmiss40_trlocglobal,32,1e-05,0.0001,1,32,1,False,0.2,lr1e-05_bs32_modL1_fusion32_fusionL1_fusionBN0_drop0p2__wd1e-04trmiss40_trlocglobal,4,0.6776073078314463,0.7000797986984253,0.4365079365079365,0.5443918706654244,0.4888888888888889,0.0,0.0,0.0,0.0,0.0,0.0,0.0,0.0,0.0,,,,,18473,global,0.4
1,3,lr1e-05_bs32_modL1_fusion32_fusionL1_fusionBN0_drop0p2__wd1e-04trmiss40_trlocglobal,32,1e-05,0.0001,1,32,1,False,0.2,lr1e-05_bs32_modL1_fusion32_fusionL1_fusionBN0_drop0p2__wd1e-04trmiss40_trlocglobal,5,0.6846897204717001,0.7011376023292542,0.44246031746031744,0.5508467087599935,0.4888888888888889,0.0,0.0,0.0,0.0,0.0,0.0,0.0,0.0,0.0,,,,,18473,global,0.4
1,3,lr1e-05_bs32_modL1_fusion32_fusionL1_fusionBN0_drop0p2__wd1e-04trmiss40_trlocglobal,32,1e-05,0.0001,1,32,1,False,0.2,lr1e-05_bs32_modL1_fusion32_fusionL1_fusionBN0_drop0p2__wd1e-04trmiss40_trlocglobal,6,0.6905074318250021,0.7020067572593689,0.44047619047619047,0.5522055527458793,0.5111111111111111,0.0,0.0,0.0,0.0,0.0,0.0,0.0,0.0,0.0,,,,,18473,global,0.4
1,3,lr1e-05_bs32_modL1_fusion32_fusionL1_fusionBN0_drop0p2__wd1e-04trmiss40_trlocglobal,32,1e-05,0.0001,1,32,1,False,0.2,lr1e-05_bs32_modL1_fusion32_fusionL1_fusionBN0_drop0p2__wd1e-04trmiss40_trlocglobal,7,0.6808141867319742,0.7021118402481079,0.4464285714285714,0.5567568347971614,0.4666666666666667,0.0,0.0,0.0,0.0,0.0,0.0,0.0,0.0,0.0,,,,,18473,global,0.4
1,3,lr1e-05_bs32_modL1_fusion32_fusionL1_fusionBN0_drop0p2__wd1e-04trmiss40_trlocglobal,32,1e-05,0.0001,1,32,1,False,0.2,lr1e-05_bs32_modL1_fusion32_fusionL1_fusionBN0_drop0p2__wd1e-04trmiss40_trlocglobal,8,0.6763325134913126,0.7024160027503967,0.4444444444444444,0.5561410712503634,0.4444444444444444,0.0,0.0,0.0,0.0,0.0,0.0,0.0,0.0,0.0,,,,,18473,global,0.4
1,3,lr1e-05_bs32_modL1_fusion32_fusionL1_fusionBN0_drop0p2__wd1e-04trmiss40_trlocglobal,32,1e-05,0.0001,1,32,1,False,0.2,lr1e-05_bs32_modL1_fusion32_fusionL1_fusionBN0_drop0p2__wd1e-04trmiss40_trlocglobal,9,0.6788221001625061,0.7023158371448517,0.4464285714285715,0.5569049601392523,0.4444444444444444,0.0,0.0,0.0,0.0,0.0,0.0,0.0,0.0,0.0,,,,,18473,global,0.4
1,3,lr1e-05_bs32_modL1_fusion32_fusionL1_fusionBN0_drop0p2__wd1e-04trmiss40_trlocglobal,32,1e-05,0.0001,1,32,1,False,0.2,lr1e-05_bs32_modL1_fusion32_fusionL1_fusionBN0_drop0p2__wd1e-04trmiss40_trlocglobal,10,0.6808639466762543,0.7014027833938599,0.4444444444444444,0.5553730973941542,0.4444444444444444,0.0,0.0,0.0,0.0,0.0,0.0,0.0,0.0,0.0,,,,,18473,global,0.4
1,3,lr1e-05_bs32_modL1_fusion32_fusionL1_fusionBN0_drop0p2__wd1e-04trmiss40_trlocglobal,32,1e-05,0.0001,1,32,1,False,0.2,lr1e-05_bs32_modL1_fusion32_fusionL1_fusionBN0_drop0p2__wd1e-04trmiss40_trlocglobal,11,0.6762063105901083,0.7007157802581787,0.4464285714285714,0.5552885808289074,0.4666666666666667,0.0,0.0,0.0,0.0,0.0,0.0,0.0,0.0,0.0,,,,,18473,global,0.4
1,3,lr1e-05_bs32_modL1_fusion32_fusionL1_fusionBN0_drop0p2__wd1e-04trmiss40_trlocglobal,32,1e-05,0.0001,1,32,1,False,0.2,lr1e-05_bs32_modL1_fusion32_fusionL1_fusionBN0_drop0p2__wd1e-04trmiss40_trlocglobal,12,0.67628742257754,0.7004308104515076,0.44642857142857145,0.5559888609409522,0.4444444444444444,0.0,0.0,0.0,0.0,0.0,0.0,0.0,0.0,0.0,,,,,18473,global,0.4
1,3,lr1e-05_bs32_modL1_fusion32_fusionL1_fusionBN0_drop0p2__wd1e-04trmiss40_trlocglobal,32,1e-05,0.0001,1,32,1,False,0.2,lr1e-05_bs32_modL1_fusion32_fusionL1_fusionBN0_drop0p2__wd1e-04trmiss40_trlocglobal,13,0.6770028173923492,0.6997978389263153,0.44642857142857145,0.5559888609409522,0.4,0.0,0.0,0.0,0.0,0.0,0.0,0.0,0.0,0.0,,,,,18473,global,0.4
1,3,lr1e-05_bs32_modL1_fusion32_fusionL1_fusionBN0_drop0p2__wd1e-04trmiss40_trlocglobal,32,1e-05,0.0001,1,32,1,False,0.2,lr1e-05_bs32_modL1_fusion32_fusionL1_fusionBN0_drop0p2__wd1e-04trmiss40_trlocglobal,14,0.6748369435469309,0.6996088624000549,0.4503968253968254,0.5570246919400186,0.4666666666666667,0.0,0.0,0.0,0.0,0.0,0.0,0.0,0.0,0.0,,,,,18473,global,0.4
1,3,lr1e-05_bs32_modL1_fusion32_fusionL1_fusionBN0_drop0p2__wd1e-04trmiss40_trlocglobal,32,1e-05,0.0001,1,32,1,False,0.2,lr1e-05_bs32_modL1_fusion32_fusionL1_fusionBN0_drop0p2__wd1e-04trmiss40_trlocglobal,15,0.6742105881373087,0.7000494599342346,0.4484126984126984,0.5544581795050851,0.4666666666666667,0.0,0.0,0.0,0.0,0.0,0.0,0.0,0.0,0.0,,,,,18473,global,0.4
1,3,lr1e-05_bs32_modL1_fusion32_fusionL1_fusionBN0_drop0p2__wd1e-04trmiss40_trlocglobal,32,1e-05,0.0001,1,32,1,False,0.2,lr1e-05_bs32_modL1_fusion32_fusionL1_fusionBN0_drop0p2__wd1e-04trmiss40_trlocglobal,16,0.6727267404397329,0.7002423107624054,0.4484126984126984,0.5538952248623807,0.4666666666666667,0.0,0.0,0.0,0.0,0.0,0.0,0.0,0.0,0.0,,,,,18473,global,0.4
1,3,lr1e-05_bs32_modL1_fusion32_fusionL1_fusionBN0_drop0p2__wd1e-04trmiss40_trlocglobal,32,1e-05,0.0001,1,32,1,False,0.2,lr1e-05_bs32_modL1_fusion32_fusionL1_fusionBN0_drop0p2__wd1e-04trmiss40_trlocglobal,17,0.6687509516874949,0.6997036039829254,0.4484126984126984,0.5548739555824909,0.4666666666666667,0.0,0.0,0.0,0.0,0.0,0.0,0.0,0.0,0.0,,,,,18473,global,0.4
1,3,lr1e-05_bs32_modL1_fusion32_fusionL1_fusionBN0_drop0p2__wd1e-04trmiss40_trlocglobal,32,1e-05,0.0001,1,32,1,False,0.2,lr1e-05_bs32_modL1_fusion32_fusionL1_fusionBN0_drop0p2__wd1e-04trmiss40_trlocglobal,18,0.6681336859862009,0.6996137499809265,0.45238095238095233,0.5550628599800645,0.4444444444444444,0.0,0.0,0.0,0.0,0.0,0.0,0.0,0.0,0.0,,,,,18473,global,0.4
1,3,lr1e-05_bs32_modL1_fusion32_fusionL1_fusionBN0_drop0p2__wd1e-04trmiss40_trlocglobal,32,1e-05,0.0001,1,32,1,False,0.2,lr1e-05_bs32_modL1_fusion32_fusionL1_fusionBN0_drop0p2__wd1e-04trmiss40_trlocglobal,19,0.6640227337678274,0.6994048058986664,0.4523809523809524,0.5547378736636989,0.4444444444444444,0.0,0.0,0.0,0.0,0.0,0.0,0.0,0.0,0.0,,,,,18473,global,0.4
1,3,lr1e-05_bs32_modL1_fusion32_fusionL1_fusionBN0_drop0p2__wd1e-04trmiss40_trlocglobal,32,1e-05,0.0001,1,32,1,False,0.2,lr1e-05_bs32_modL1_fusion32_fusionL1_fusionBN0_drop0p2__wd1e-04trmiss40_trlocglobal,20,0.6710150241851807,0.6994390785694122,0.4484126984126984,0.5522532852954898,0.4444444444444444,0.0,0.0,0.0,0.0,0.0,0.0,0.0,0.0,0.0,,,,,18473,global,0.4
1,3,lr1e-05_bs32_modL1_fusion32_fusionL1_fusionBN0_drop0p2__wd1e-04trmiss40_trlocglobal,32,1e-05,0.0001,1,32,1,False,0.2,lr1e-05_bs32_modL1_fusion32_fusionL1_fusionBN0_drop0p2__wd1e-04trmiss40_trlocglobal,21,0.6680114567279816,0.6990328133106232,0.4563492063492064,0.5551047277312264,0.4222222222222222,0.0,0.0,0.0,0.0,0.0,0.0,0.0,0.0,0.0,,,,,18473,global,0.4
1,3,lr1e-05_bs32_modL1_fusion32_fusionL1_fusionBN0_drop0p2__wd1e-04trmiss40_trlocglobal,32,1e-05,0.0001,1,32,1,False,0.2,lr1e-05_bs32_modL1_fusion32_fusionL1_fusionBN0_drop0p2__wd1e-04trmiss40_trlocglobal,22,0.6684160033861796,0.698866069316864,0.4583333333333333,0.5554869110402391,0.4444444444444444,0.0,0.0,0.0,0.0,0.0,0.0,0.0,0.0,0.0,,,,,18473,global,0.4
1,3,lr1e-05_bs32_modL1_fusion32_fusionL1_fusionBN0_drop0p2__wd1e-04trmiss40_trlocglobal,32,1e-05,0.0001,1,32,1,False,0.2,lr1e-05_bs32_modL1_fusion32_fusionL1_fusionBN0_drop0p2__wd1e-04trmiss40_trlocglobal,23,0.6600335240364075,0.698560893535614,0.4623015873015873,0.5575754657603728,0.4444444444444444,0.0,0.0,0.0,0.0,0.0,0.0,0.0,0.0,0.0,,,,,18473,global,0.4
1,3,lr1e-05_bs32_modL1_fusion32_fusionL1_fusionBN0_drop0p2__wd1e-04trmiss40_trlocglobal,32,1e-05,0.0001,1,32,1,False,0.2,lr1e-05_bs32_modL1_fusion32_fusionL1_fusionBN0_drop0p2__wd1e-04trmiss40_trlocglobal,24,0.67142986257871,0.6982872486114502,0.4662698412698413,0.5586443807355032,0.4444444444444444,0.0,0.0,0.0,0.0,0.0,0.0,0.0,0.0,0.0,,,,,18473,global,0.4
1,3,lr1e-05_bs32_modL1_fusion32_fusionL1_fusionBN0_drop0p2__wd1e-04trmiss40_trlocglobal,32,1e-05,0.0001,1,32,1,False,0.2,lr1e-05_bs32_modL1_fusion32_fusionL1_fusionBN0_drop0p2__wd1e-04trmiss40_trlocglobal,25,0.6654882828394572,0.6981861591339111,0.46825396825396826,0.5597488806124096,0.4666666666666667,0.0,0.0,0.0,0.0,0.0,0.0,0.0,0.0,0.0,,,,,18473,global,0.4
1,3,lr1e-05_bs32_modL1_fusion32_fusionL1_fusionBN0_drop0p2__wd1e-04trmiss40_trlocglobal,32,1e-05,0.0001,1,32,1,False,0.2,lr1e-05_bs32_modL1_fusion32_fusionL1_fusionBN0_drop0p2__wd1e-04trmiss40_trlocglobal,26,0.6564655900001526,0.6977987289428711,0.4742063492063492,0.5628993879663483,0.4666666666666667,0.0,0.0,0.0,0.0,0.0,0.0,0.0,0.0,0.0,,,,,18473,global,0.4
1,3,lr1e-05_bs32_modL1_fusion32_fusionL1_fusionBN0_drop0p2__wd1e-04trmiss40_trlocglobal,32,1e-05,0.0001,1,32,1,False,0.2,lr1e-05_bs32_modL1_fusion32_fusionL1_fusionBN0_drop0p2__wd1e-04trmiss40_trlocglobal,27,0.6611931721369425,0.6971315741539001,0.47619047619047616,0.5641567667413102,0.4666666666666667,0.0,0.0,0.0,0.0,0.0,0.0,0.0,0.0,0.0,,,,,18473,global,0.4
1,3,lr1e-05_bs32_modL1_fusion32_fusionL1_fusionBN0_drop0p2__wd1e-04trmiss40_trlocglobal,32,1e-05,0.0001,1,32,1,False,0.2,lr1e-05_bs32_modL1_fusion32_fusionL1_fusionBN0_drop0p2__wd1e-04trmiss40_trlocglobal,28,0.6504668394724528,0.6969823837280273,0.4801587301587301,0.5644139069441025,0.4666666666666667,0.0,0.0,0.0,0.0,0.0,0.0,0.0,0.0,0.0,,,,,18473,global,0.4
1,3,lr1e-05_bs32_modL1_fusion32_fusionL1_fusionBN0_drop0p2__wd1e-04trmiss40_trlocglobal,32,1e-05,0.0001,1,32,1,False,0.2,lr1e-05_bs32_modL1_fusion32_fusionL1_fusionBN0_drop0p2__wd1e-04trmiss40_trlocglobal,29,0.6629771093527476,0.6966890692710876,0.4841269841269842,0.5669935048848435,0.4444444444444444,0.0,0.0,0.0,0.0,0.0,0.0,0.0,0.0,0.0,,,,,18473,global,0.4
1,3,lr1e-05_bs32_modL1_fusion32_fusionL1_fusionBN0_drop0p2__wd1e-04trmiss40_trlocglobal,32,1e-05,0.0001,1,32,1,False,0.2,lr1e-05_bs32_modL1_fusion32_fusionL1_fusionBN0_drop0p2__wd1e-04trmiss40_trlocglobal,30,0.6525073349475861,0.6966569125652313,0.4841269841269841,0.565575143552689,0.4444444444444444,0.0,0.0,0.0,0.0,0.0,0.0,0.0,0.0,0.0,,,,,18473,global,0.4
1,3,lr1e-05_bs32_modL1_fusion32_fusionL1_fusionBN0_drop0p2__wd1e-04trmiss40_trlocglobal,32,1e-05,0.0001,1,32,1,False,0.2,lr1e-05_bs32_modL1_fusion32_fusionL1_fusionBN0_drop0p2__wd1e-04trmiss40_trlocglobal,31,0.6605501075585684,0.6960313618183136,0.4900793650793651,0.5702692149134271,0.4444444444444444,0.0,0.0,0.0,0.0,0.0,0.0,0.0,0.0,0.0,,,,,18473,global,0.4
1,3,lr1e-05_bs32_modL1_fusion32_fusionL1_fusionBN0_drop0p2__wd1e-04trmiss40_trlocglobal,32,1e-05,0.0001,1,32,1,False,0.2,lr1e-05_bs32_modL1_fusion32_fusionL1_fusionBN0_drop0p2__wd1e-04trmiss40_trlocglobal,32,0.6542288661003113,0.6958372592926025,0.49404761904761907,0.5719447164483739,0.4666666666666667,0.0,0.0,0.0,0.0,0.0,0.0,0.0,0.0,0.0,,,,,18473,global,0.4
1,3,lr1e-05_bs32_modL1_fusion32_fusionL1_fusionBN0_drop0p2__wd1e-04trmiss40_trlocglobal,32,1e-05,0.0001,1,32,1,False,0.2,lr1e-05_bs32_modL1_fusion32_fusionL1_fusionBN0_drop0p2__wd1e-04trmiss40_trlocglobal,33,0.6445713738600413,0.6960932016372681,0.48611111111111105,0.5663596865426918,0.4666666666666667,0.0,0.0,0.0,0.0,0.0,0.0,0.0,0.0,0.0,,,,,18473,global,0.4
1,3,lr1e-05_bs32_modL1_fusion32_fusionL1_fusionBN0_drop0p2__wd1e-04trmiss40_trlocglobal,32,1e-05,0.0001,1,32,1,False,0.2,lr1e-05_bs32_modL1_fusion32_fusionL1_fusionBN0_drop0p2__wd1e-04trmiss40_trlocglobal,34,0.6563142637411753,0.6956278085708618,0.48809523809523814,0.5673703044650744,0.4444444444444444,0.0,0.0,0.0,0.0,0.0,0.0,0.0,0.0,0.0,,,,,18473,global,0.4
1,3,lr1e-05_bs32_modL1_fusion32_fusionL1_fusionBN0_drop0p2__wd1e-04trmiss40_trlocglobal,32,1e-05,0.0001,1,32,1,False,0.2,lr1e-05_bs32_modL1_fusion32_fusionL1_fusionBN0_drop0p2__wd1e-04trmiss40_trlocglobal,35,0.6525705556074778,0.6955578923225403,0.48611111111111105,0.5665399904554125,0.4666666666666667,0.0,0.0,0.0,0.0,0.0,0.0,0.0,0.0,0.0,,,,,18473,global,0.4
1,3,lr1e-05_bs32_modL1_fusion32_fusionL1_fusionBN0_drop0p2__wd1e-04trmiss40_trlocglobal,32,1e-05,0.0001,1,32,1,False,0.2,lr1e-05_bs32_modL1_fusion32_fusionL1_fusionBN0_drop0p2__wd1e-04trmiss40_trlocglobal,36,0.6507614254951477,0.6958509385585785,0.4841269841269841,0.5642603001702076,0.4666666666666667,0.0,0.0,0.0,0.0,0.0,0.0,0.0,0.0,0.0,,,,,18473,global,0.4
1,3,lr1e-05_bs32_modL1_fusion32_fusionL1_fusionBN0_drop0p2__wd1e-04trmiss40_trlocglobal,32,1e-05,0.0001,1,32,1,False,0.2,lr1e-05_bs32_modL1_fusion32_fusionL1_fusionBN0_drop0p2__wd1e-04trmiss40_trlocglobal,37,0.6501832803090414,0.6957383453845978,0.48611111111111105,0.5639199485451946,0.4666666666666667,0.0,0.0,0.0,0.0,0.0,0.0,0.0,0.0,0.0,,,,,18473,global,0.4
1,3,lr1e-05_bs32_modL1_fusion32_fusionL1_fusionBN0_drop0p2__wd1e-04trmiss40_trlocglobal,32,1e-05,0.0001,1,32,1,False,0.2,lr1e-05_bs32_modL1_fusion32_fusionL1_fusionBN0_drop0p2__wd1e-04trmiss40_trlocglobal,38,0.6501212616761526,0.6956454813480377,0.4920634920634921,0.5669162939871921,0.4888888888888889,0.0,0.0,0.0,0.0,0.0,0.0,0.0,0.0,0.0,,,,,18473,global,0.4
1,3,lr1e-05_bs32_modL1_fusion32_fusionL1_fusionBN0_drop0p2__wd1e-04trmiss40_trlocglobal,32,1e-05,0.0001,1,32,1,False,0.2,lr1e-05_bs32_modL1_fusion32_fusionL1_fusionBN0_drop0p2__wd1e-04trmiss40_trlocglobal,39,0.6541771193345388,0.6958865225315094,0.48412698412698413,0.5630896345355327,0.4666666666666667,0.0,0.0,0.0,0.0,0.0,0.0,0.0,0.0,0.0,,,,,18473,global,0.4
1,3,lr1e-05_bs32_modL1_fusion32_fusionL1_fusionBN0_drop0p2__wd1e-04trmiss40_trlocglobal,32,1e-05,0.0001,1,32,1,False,0.2,lr1e-05_bs32_modL1_fusion32_fusionL1_fusionBN0_drop0p2__wd1e-04trmiss40_trlocglobal,40,0.6438197990258535,0.6950325071811676,0.4900793650793651,0.5678841483006346,0.4666666666666667,0.0,0.0,0.0,0.0,0.0,0.0,0.0,0.0,0.0,,,,,18473,global,0.4
1,3,lr1e-05_bs32_modL1_fusion32_fusionL1_fusionBN0_drop0p2__wd1e-04trmiss40_trlocglobal,32,1e-05,0.0001,1,32,1,False,0.2,lr1e-05_bs32_modL1_fusion32_fusionL1_fusionBN0_drop0p2__wd1e-04trmiss40_trlocglobal,41,0.6558794975280762,0.6949216723442078,0.48809523809523814,0.563313887939134,0.4666666666666667,0.0,0.0,0.0,0.0,0.0,0.0,0.0,0.0,0.0,,,,,18473,global,0.4
1,3,lr1e-05_bs32_modL1_fusion32_fusionL1_fusionBN0_drop0p2__wd1e-04trmiss40_trlocglobal,32,1e-05,0.0001,1,32,1,False,0.2,lr1e-05_bs32_modL1_fusion32_fusionL1_fusionBN0_drop0p2__wd1e-04trmiss40_trlocglobal,42,0.641726573308309,0.6947304606437683,0.49404761904761896,0.5679441627233942,0.4666666666666667,0.0,0.0,0.0,0.0,0.0,0.0,0.0,0.0,0.0,,,,,18473,global,0.4
1,3,lr1e-05_bs32_modL1_fusion32_fusionL1_fusionBN0_drop0p2__wd1e-04trmiss40_trlocglobal,32,1e-05,0.0001,1,32,1,False,0.2,lr1e-05_bs32_modL1_fusion32_fusionL1_fusionBN0_drop0p2__wd1e-04trmiss40_trlocglobal,43,0.6531152824560801,0.6943892538547516,0.498015873015873,0.5710436095728411,0.4666666666666667,0.0,0.0,0.0,0.0,0.0,0.0,0.0,0.0,0.0,,,,,18473,global,0.4
1,3,lr1e-05_bs32_modL1_fusion32_fusionL1_fusionBN0_drop0p2__wd1e-04trmiss40_trlocglobal,32,1e-05,0.0001,1,32,1,False,0.2,lr1e-05_bs32_modL1_fusion32_fusionL1_fusionBN0_drop0p2__wd1e-04trmiss40_trlocglobal,44,0.6494440734386444,0.6941682398319244,0.5,0.5702742117425165,0.4666666666666667,0.0,0.0,0.0,0.0,0.0,0.0,0.0,0.0,0.0,,,,,18473,global,0.4
1,3,lr1e-05_bs32_modL1_fusion32_fusionL1_fusionBN0_drop0p2__wd1e-04trmiss40_trlocglobal,32,1e-05,0.0001,1,32,1,False,0.2,lr1e-05_bs32_modL1_fusion32_fusionL1_fusionBN0_drop0p2__wd1e-04trmiss40_trlocglobal,45,0.6480030020078024,0.6945343315601349,0.498015873015873,0.5694474921657968,0.4666666666666667,0.0,0.0,0.0,0.0,0.0,0.0,0.0,0.0,0.0,,,,,18473,global,0.4
1,3,lr1e-05_bs32_modL1_fusion32_fusionL1_fusionBN0_drop0p2__wd1e-04trmiss40_trlocglobal,32,1e-05,0.0001,1,32,1,False,0.2,lr1e-05_bs32_modL1_fusion32_fusionL1_fusionBN0_drop0p2__wd1e-04trmiss40_trlocglobal,46,0.644572377204895,0.693886399269104,0.49603174603174605,0.5669485047983884,0.4666666666666667,0.0,0.0,0.0,0.0,0.0,0.0,0.0,0.0,0.0,,,,,18473,global,0.4
1,3,lr1e-05_bs32_modL1_fusion32_fusionL1_fusionBN0_drop0p2__wd1e-04trmiss40_trlocglobal,32,1e-05,0.0001,1,32,1,False,0.2,lr1e-05_bs32_modL1_fusion32_fusionL1_fusionBN0_drop0p2__wd1e-04trmiss40_trlocglobal,47,0.6435248057047526,0.6935625672340393,0.5,0.5700479516478354,0.4666666666666667,0.0,0.0,0.0,0.0,0.0,0.0,0.0,0.0,0.0,,,,,18473,global,0.4
1,3,lr1e-05_bs32_modL1_fusion32_fusionL1_fusionBN0_drop0p2__wd1e-04trmiss40_trlocglobal,32,1e-05,0.0001,1,32,1,False,0.2,lr1e-05_bs32_modL1_fusion32_fusionL1_fusionBN0_drop0p2__wd1e-04trmiss40_trlocglobal,48,0.6424820323785146,0.6937066614627838,0.49603174603174593,0.5681247408430455,0.4666666666666667,0.0,0.0,0.0,0.0,0.0,0.0,0.0,0.0,0.0,,,,,18473,global,0.4
1,3,lr1e-05_bs32_modL1_fusion32_fusionL1_fusionBN0_drop0p2__wd1e-04trmiss40_trlocglobal,32,1e-05,0.0001,1,32,1,False,0.2,lr1e-05_bs32_modL1_fusion32_fusionL1_fusionBN0_drop0p2__wd1e-04trmiss40_trlocglobal,49,0.6465689639250437,0.6932713389396667,0.501984126984127,0.5729414701663538,0.4666666666666667,0.0,0.0,0.0,0.0,0.0,0.0,0.0,0.0,0.0,,,,,18473,global,0.4
1,3,lr1e-05_bs32_modL1_fusion32_fusionL1_fusionBN0_drop0p2__wd1e-04trmiss40_trlocglobal,32,1e-05,0.0001,1,32,1,False,0.2,lr1e-05_bs32_modL1_fusion32_fusionL1_fusionBN0_drop0p2__wd1e-04trmiss40_trlocglobal,50,0.6397401889165243,0.6934269368648529,0.5,0.5710291617957121,0.4666666666666667,0.0,0.0,0.0,0.0,0.0,0.0,0.0,0.0,0.0,,,,,18473,global,0.4
1,3,lr1e-05_bs32_modL1_fusion32_fusionL1_fusionBN0_drop0p2__wd1e-04trmiss40_trlocglobal,32,1e-05,0.0001,1,32,1,False,0.2,lr1e-05_bs32_modL1_fusion32_fusionL1_fusionBN0_drop0p2__wd1e-04trmiss40_trlocglobal,51,0.6411763330300649,0.6932767331600189,0.5039682539682541,0.5713018841517679,0.4666666666666667,0.0,0.0,0.0,0.0,0.0,0.0,0.0,0.0,0.0,,,,,18473,global,0.4
1,3,lr1e-05_bs32_modL1_fusion32_fusionL1_fusionBN0_drop0p2__wd1e-04trmiss40_trlocglobal,32,1e-05,0.0001,1,32,1,False,0.2,lr1e-05_bs32_modL1_fusion32_fusionL1_fusionBN0_drop0p2__wd1e-04trmiss40_trlocglobal,52,0.6416484713554382,0.6929860711097717,0.503968253968254,0.5733686830935667,0.4888888888888889,0.0,0.0,0.0,0.0,0.0,0.0,0.0,0.0,0.0,,,,,18473,global,0.4
1,3,lr1e-05_bs32_modL1_fusion32_fusionL1_fusionBN0_drop0p2__wd1e-04trmiss40_trlocglobal,32,1e-05,0.0001,1,32,1,False,0.2,lr1e-05_bs32_modL1_fusion32_fusionL1_fusionBN0_drop0p2__wd1e-04trmiss40_trlocglobal,53,0.637103815873464,0.6931411325931549,0.5,0.5739201716479289,0.4888888888888889,0.0,0.0,0.0,0.0,0.0,0.0,0.0,0.0,0.0,,,,,18473,global,0.4
1,3,lr1e-05_bs32_modL1_fusion32_fusionL1_fusionBN0_drop0p2__wd1e-04trmiss40_trlocglobal,32,1e-05,0.0001,1,32,1,False,0.2,lr1e-05_bs32_modL1_fusion32_fusionL1_fusionBN0_drop0p2__wd1e-04trmiss40_trlocglobal,54,0.6379589736461639,0.6934096217155457,0.5019841269841271,0.5706762585261422,0.4888888888888889,0.0,0.0,0.0,0.0,0.0,0.0,0.0,0.0,0.0,,,,,18473,global,0.4
1,3,lr1e-05_bs32_modL1_fusion32_fusionL1_fusionBN0_drop0p2__wd1e-04trmiss40_trlocglobal,32,1e-05,0.0001,1,32,1,False,0.2,lr1e-05_bs32_modL1_fusion32_fusionL1_fusionBN0_drop0p2__wd1e-04trmiss40_trlocglobal,55,0.6486615240573883,0.6934719085693359,0.501984126984127,0.5711392214891051,0.5111111111111111,0.0,0.0,0.0,0.0,0.0,0.0,0.0,0.0,0.0,,,,,18473,global,0.4
1,3,lr1e-05_bs32_modL1_fusion32_fusionL1_fusionBN0_drop0p2__wd1e-04trmiss40_trlocglobal,32,1e-05,0.0001,1,32,1,False,0.2,lr1e-05_bs32_modL1_fusion32_fusionL1_fusionBN0_drop0p2__wd1e-04trmiss40_trlocglobal,56,0.6425831615924835,0.6931291222572327,0.509920634920635,0.5784269669561984,0.4888888888888889,0.0,0.0,0.0,0.0,0.0,0.0,0.0,0.0,0.0,,,,,18473,global,0.4
1,3,lr1e-05_bs32_modL1_fusion32_fusionL1_fusionBN0_drop0p2__wd1e-04trmiss40_trlocglobal,32,1e-05,0.0001,1,32,1,False,0.2,lr1e-05_bs32_modL1_fusion32_fusionL1_fusionBN0_drop0p2__wd1e-04trmiss40_trlocglobal,57,0.643776406844457,0.6931081116199493,0.5,0.570830165609397,0.4888888888888889,0.0,0.0,0.0,0.0,0.0,0.0,0.0,0.0,0.0,,,,,18473,global,0.4
1,3,lr1e-05_bs32_modL1_fusion32_fusionL1_fusionBN0_drop0p2__wd1e-04trmiss40_trlocglobal,32,1e-05,0.0001,1,32,1,False,0.2,lr1e-05_bs32_modL1_fusion32_fusionL1_fusionBN0_drop0p2__wd1e-04trmiss40_trlocglobal,58,0.6390372415383657,0.6933325231075287,0.501984126984127,0.5755505629833032,0.4888888888888889,0.0,0.0,0.0,0.0,0.0,0.0,0.0,0.0,0.0,,,,,18473,global,0.4
1,3,lr1e-05_bs32_modL1_fusion32_fusionL1_fusionBN0_drop0p2__wd1e-04trmiss40_trlocglobal,32,1e-05,0.0001,1,32,1,False,0.2,lr1e-05_bs32_modL1_fusion32_fusionL1_fusionBN0_drop0p2__wd1e-04trmiss40_trlocglobal,59,0.6414381364981333,0.6927766501903534,0.503968253968254,0.5759185591846328,0.4888888888888889,0.0,0.0,0.0,0.0,0.0,0.0,0.0,0.0,0.0,,,,,18473,global,0.4
1,3,lr1e-05_bs32_modL1_fusion32_fusionL1_fusionBN0_drop0p2__wd1e-04trmiss40_trlocglobal,32,1e-05,0.0001,1,32,1,False,0.2,lr1e-05_bs32_modL1_fusion32_fusionL1_fusionBN0_drop0p2__wd1e-04trmiss40_trlocglobal,60,0.631044606367747,0.6927824020385742,0.501984126984127,0.5714584724877039,0.4888888888888889,0.0,0.0,0.0,0.0,0.0,0.0,0.0,0.0,0.0,,,,,18473,global,0.4
1,3,lr1e-05_bs32_modL1_fusion32_fusionL1_fusionBN0_drop0p2__wd1e-04trmiss40_trlocglobal,32,1e-05,0.0001,1,32,1,False,0.2,lr1e-05_bs32_modL1_fusion32_fusionL1_fusionBN0_drop0p2__wd1e-04trmiss40_trlocglobal,61,0.6471521953741709,0.6926334202289581,0.5059523809523809,0.5738826670171616,0.4888888888888889,0.0,0.0,0.0,0.0,0.0,0.0,0.0,0.0,0.0,,,,,18473,global,0.4
1,3,lr1e-05_bs32_modL1_fusion32_fusionL1_fusionBN0_drop0p2__wd1e-04trmiss40_trlocglobal,32,1e-05,0.0001,1,32,1,False,0.2,lr1e-05_bs32_modL1_fusion32_fusionL1_fusionBN0_drop0p2__wd1e-04trmiss40_trlocglobal,62,0.6421898206075033,0.6926756501197815,0.509920634920635,0.5762748148040462,0.4888888888888889,0.0,0.0,0.0,0.0,0.0,0.0,0.0,0.0,0.0,,,,,18473,global,0.4
1,3,lr1e-05_bs32_modL1_fusion32_fusionL1_fusionBN0_drop0p2__wd1e-04trmiss40_trlocglobal,32,1e-05,0.0001,1,32,1,False,0.2,lr1e-05_bs32_modL1_fusion32_fusionL1_fusionBN0_drop0p2__wd1e-04trmiss40_trlocglobal,63,0.6487687627474467,0.6929482817649841,0.5059523809523809,0.5717011025842202,0.4888888888888889,0.0,0.0,0.0,0.0,0.0,0.0,0.0,0.0,0.0,,,,,18473,global,0.4
1,3,lr1e-05_bs32_modL1_fusion32_fusionL1_fusionBN0_drop0p2__wd1e-04trmiss40_trlocglobal,32,1e-05,0.0001,1,32,1,False,0.2,lr1e-05_bs32_modL1_fusion32_fusionL1_fusionBN0_drop0p2__wd1e-04trmiss40_trlocglobal,64,0.6421656310558319,0.6927432715892792,0.5079365079365079,0.5766604447949394,0.4888888888888889,0.0,0.0,0.0,0.0,0.0,0.0,0.0,0.0,0.0,,,,,18473,global,0.4
1,3,lr1e-05_bs32_modL1_fusion32_fusionL1_fusionBN0_drop0p2__wd1e-04trmiss40_trlocglobal,32,1e-05,0.0001,1,32,1,False,0.2,lr1e-05_bs32_modL1_fusion32_fusionL1_fusionBN0_drop0p2__wd1e-04trmiss40_trlocglobal,65,0.6367370088895162,0.6926850974559784,0.503968253968254,0.5754476935821882,0.4888888888888889,0.0,0.0,0.0,0.0,0.0,0.0,0.0,0.0,0.0,,,,,18473,global,0.4
1,3,lr1e-05_bs32_modL1_fusion32_fusionL1_fusionBN0_drop0p2__wd1e-04trmiss40_trlocglobal,32,1e-05,0.0001,1,32,1,False,0.2,lr1e-05_bs32_modL1_fusion32_fusionL1_fusionBN0_drop0p2__wd1e-04trmiss40_trlocglobal,66,0.632553497950236,0.6928594708442688,0.503968253968254,0.5759185591846328,0.4666666666666667,0.0,0.0,0.0,0.0,0.0,0.0,0.0,0.0,0.0,,,,,18473,global,0.4
1,3,lr1e-05_bs32_modL1_fusion32_fusionL1_fusionBN0_drop0p2__wd1e-04trmiss40_trlocglobal,32,1e-05,0.0001,1,32,1,False,0.2,lr1e-05_bs32_modL1_fusion32_fusionL1_fusionBN0_drop0p2__wd1e-04trmiss40_trlocglobal,67,0.6375870207945505,0.6929482519626617,0.511904761904762,0.5784737819011457,0.4666666666666667,0.0,0.0,0.0,0.0,0.0,0.0,0.0,0.0,0.0,,,,,18473,global,0.4
1,3,lr1e-05_bs32_modL1_fusion32_fusionL1_fusionBN0_drop0p2__wd1e-04trmiss40_trlocglobal,32,1e-05,0.0001,1,32,1,False,0.2,lr1e-05_bs32_modL1_fusion32_fusionL1_fusionBN0_drop0p2__wd1e-04trmiss40_trlocglobal,68,0.6414880752563477,0.6928527057170868,0.503968253968254,0.5728135019829099,0.4666666666666667,0.0,0.0,0.0,0.0,0.0,0.0,0.0,0.0,0.0,,,,,18473,global,0.4
1,3,lr1e-05_bs32_modL1_fusion32_fusionL1_fusionBN0_drop0p2__wd1e-04trmiss40_trlocglobal,32,1e-05,0.0001,1,32,1,False,0.2,lr1e-05_bs32_modL1_fusion32_fusionL1_fusionBN0_drop0p2__wd1e-04trmiss40_trlocglobal,69,0.6458714604377747,0.6925424039363861,0.503968253968254,0.5742844613296046,0.4888888888888889,0.0,0.0,0.0,0.0,0.0,0.0,0.0,0.0,0.0,,,,,18473,global,0.4
1,3,lr1e-05_bs32_modL1_fusion32_fusionL1_fusionBN0_drop0p2__wd1e-04trmiss40_trlocglobal,32,1e-05,0.0001,1,32,1,False,0.2,lr1e-05_bs32_modL1_fusion32_fusionL1_fusionBN0_drop0p2__wd1e-04trmiss40_trlocglobal,70,0.6362649301687876,0.6924490332603455,0.503968253968254,0.5733785771235368,0.4666666666666667,0.0,0.0,0.0,0.0,0.0,0.0,0.0,0.0,0.0,,,,,18473,global,0.4
1,3,lr1e-05_bs32_modL1_fusion32_fusionL1_fusionBN0_drop0p2__wd1e-04trmiss40_trlocglobal,32,1e-05,0.0001,1,32,1,False,0.2,lr1e-05_bs32_modL1_fusion32_fusionL1_fusionBN0_drop0p2__wd1e-04trmiss40_trlocglobal,71,0.6351169943809509,0.6923926472663879,0.5079365079365079,0.574787873576438,0.4666666666666667,0.0,0.0,0.0,0.0,0.0,0.0,0.0,0.0,0.0,,,,,18473,global,0.4
1,3,lr1e-05_bs32_modL1_fusion32_fusionL1_fusionBN0_drop0p2__wd1e-04trmiss40_trlocglobal,32,1e-05,0.0001,1,32,1,False,0.2,lr1e-05_bs32_modL1_fusion32_fusionL1_fusionBN0_drop0p2__wd1e-04trmiss40_trlocglobal,72,0.6283948620160421,0.6927819550037384,0.503968253968254,0.5732923978375412,0.4666666666666667,0.0,0.0,0.0,0.0,0.0,0.0,0.0,0.0,0.0,,,,,18473,global,0.4
1,3,lr1e-05_bs32_modL1_fusion32_fusionL1_fusionBN0_drop0p2__wd1e-04trmiss40_trlocglobal,32,1e-05,0.0001,1,32,1,False,0.2,lr1e-05_bs32_modL1_fusion32_fusionL1_fusionBN0_drop0p2__wd1e-04trmiss40_trlocglobal,73,0.6498953700065613,0.6928555369377136,0.5099206349206349,0.5772532919300142,0.4666666666666667,0.0,0.0,0.0,0.0,0.0,0.0,0.0,0.0,0.0,,,,,18473,global,0.4
1,3,lr1e-05_bs32_modL1_fusion32_fusionL1_fusionBN0_drop0p2__wd1e-04trmiss40_trlocglobal,32,1e-05,0.0001,1,32,1,False,0.2,lr1e-05_bs32_modL1_fusion32_fusionL1_fusionBN0_drop0p2__wd1e-04trmiss40_trlocglobal,74,0.6449543635050455,0.6925178170204163,0.5059523809523809,0.5751872391073825,0.4666666666666667,0.0,0.0,0.0,0.0,0.0,0.0,0.0,0.0,0.0,,,,,18473,global,0.4
1,3,lr1e-05_bs32_modL1_fusion32_fusionL1_fusionBN0_drop0p2__wd1e-04trmiss40_trlocglobal,32,1e-05,0.0001,1,32,1,False,0.2,lr1e-05_bs32_modL1_fusion32_fusionL1_fusionBN0_drop0p2__wd1e-04trmiss40_trlocglobal,75,0.6404660642147064,0.6925424933433533,0.5079365079365079,0.5973273906225338,0.4666666666666667,0.0,0.0,0.0,0.0,0.0,0.0,0.0,0.0,0.0,,,,,18473,global,0.4
1,3,lr1e-05_bs32_modL1_fusion32_fusionL1_fusionBN0_drop0p2__wd1e-04trmiss40_trlocglobal,32,1e-05,0.0001,1,32,1,False,0.2,lr1e-05_bs32_modL1_fusion32_fusionL1_fusionBN0_drop0p2__wd1e-04trmiss40_trlocglobal,76,0.630847712357839,0.6926743388175964,0.5059523809523809,0.5753809525576747,0.4888888888888889,0.0,0.0,0.0,0.0,0.0,0.0,0.0,0.0,0.0,,,,,18473,global,0.4
1,3,lr1e-05_bs32_modL1_fusion32_fusionL1_fusionBN0_drop0p2__wd1e-04trmiss40_trlocglobal,32,1e-05,0.0001,1,32,1,False,0.2,lr1e-05_bs32_modL1_fusion32_fusionL1_fusionBN0_drop0p2__wd1e-04trmiss40_trlocglobal,77,0.6451835334300995,0.6927651464939117,0.5079365079365079,0.5771666668433891,0.4888888888888889,0.0,0.0,0.0,0.0,0.0,0.0,0.0,0.0,0.0,,,,,18473,global,0.4
1,3,lr1e-05_bs32_modL1_fusion32_fusionL1_fusionBN0_drop0p2__wd1e-04trmiss40_trlocglobal,32,1e-05,0.0001,1,32,1,False,0.2,lr1e-05_bs32_modL1_fusion32_fusionL1_fusionBN0_drop0p2__wd1e-04trmiss40_trlocglobal,78,0.6345429321130117,0.6924353241920471,0.5079365079365079,0.5754675776442999,0.4666666666666667,0.0,0.0,0.0,0.0,0.0,0.0,0.0,0.0,0.0,,,,,18473,global,0.4
1,3,lr1e-05_bs32_modL1_fusion32_fusionL1_fusionBN0_drop0p2__wd1e-04trmiss40_trlocglobal,32,1e-05,0.0001,1,32,1,False,0.2,lr1e-05_bs32_modL1_fusion32_fusionL1_fusionBN0_drop0p2__wd1e-04trmiss40_trlocglobal,79,0.638418992360433,0.6926507949829102,0.501984126984127,0.5939856440668106,0.4666666666666667,0.0,0.0,0.0,0.0,0.0,0.0,0.0,0.0,0.0,,,,,18473,global,0.4
1,3,lr1e-05_bs32_modL1_fusion32_fusionL1_fusionBN0_drop0p2__wd1e-04trmiss40_trlocglobal,32,1e-05,0.0001,1,32,1,False,0.2,lr1e-05_bs32_modL1_fusion32_fusionL1_fusionBN0_drop0p2__wd1e-04trmiss40_trlocglobal,80,0.6369529565175375,0.6923395991325378,0.5039682539682541,0.5949959560088851,0.4666666666666667,0.0,0.0,0.0,0.0,0.0,0.0,0.0,0.0,0.0,,,,,18473,global,0.4
1,3,lr1e-05_bs32_modL1_fusion32_fusionL1_fusionBN0_drop0p1__wd1e-04trmiss40_trlocglobal,32,1e-05,0.0001,1,32,1,False,0.1,lr1e-05_bs32_modL1_fusion32_fusionL1_fusionBN0_drop0p1__wd1e-04trmiss40_trlocglobal,1,0.6964436372121176,0.6939960420131683,0.5615079365079365,0.6251702734807119,0.5111111111111111,0.0,0.0,0.0,0.0,0.0,0.0,0.0,0.0,0.0,,,,,18473,global,0.4
1,3,lr1e-05_bs32_modL1_fusion32_fusionL1_fusionBN0_drop0p1__wd1e-04trmiss40_trlocglobal,32,1e-05,0.0001,1,32,1,False,0.1,lr1e-05_bs32_modL1_fusion32_fusionL1_fusionBN0_drop0p1__wd1e-04trmiss40_trlocglobal,2,0.6940164864063263,0.6947009563446045,0.5714285714285714,0.6306643521904346,0.4666666666666667,0.0,0.0,0.0,0.0,0.0,0.0,0.0,0.0,0.0,,,,,18473,global,0.4
1,3,lr1e-05_bs32_modL1_fusion32_fusionL1_fusionBN0_drop0p1__wd1e-04trmiss40_trlocglobal,32,1e-05,0.0001,1,32,1,False,0.1,lr1e-05_bs32_modL1_fusion32_fusionL1_fusionBN0_drop0p1__wd1e-04trmiss40_trlocglobal,3,0.6911286016305288,0.695004940032959,0.5694444444444445,0.6278622151636839,0.4888888888888889,0.0,0.0,0.0,0.0,0.0,0.0,0.0,0.0,0.0,,,,,18473,global,0.4
1,3,lr1e-05_bs32_modL1_fusion32_fusionL1_fusionBN0_drop0p1__wd1e-04trmiss40_trlocglobal,32,1e-05,0.0001,1,32,1,False,0.1,lr1e-05_bs32_modL1_fusion32_fusionL1_fusionBN0_drop0p1__wd1e-04trmiss40_trlocglobal,4,0.6880236864089966,0.6952065527439117,0.5793650793650794,0.6264607295134679,0.4666666666666667,0.0,0.0,0.0,0.0,0.0,0.0,0.0,0.0,0.0,,,,,18473,global,0.4
1,3,lr1e-05_bs32_modL1_fusion32_fusionL1_fusionBN0_drop0p1__wd1e-04trmiss40_trlocglobal,32,1e-05,0.0001,1,32,1,False,0.1,lr1e-05_bs32_modL1_fusion32_fusionL1_fusionBN0_drop0p1__wd1e-04trmiss40_trlocglobal,5,0.6826694111029307,0.6956244111061096,0.5813492063492063,0.6288120353458783,0.4666666666666667,0.0,0.0,0.0,0.0,0.0,0.0,0.0,0.0,0.0,,,,,18473,global,0.4
1,3,lr1e-05_bs32_modL1_fusion32_fusionL1_fusionBN0_drop0p1__wd1e-04trmiss40_trlocglobal,32,1e-05,0.0001,1,32,1,False,0.1,lr1e-05_bs32_modL1_fusion32_fusionL1_fusionBN0_drop0p1__wd1e-04trmiss40_trlocglobal,6,0.6889080802599589,0.6956059038639069,0.5873015873015873,0.6311201822211897,0.4888888888888889,0.0,0.0,0.0,0.0,0.0,0.0,0.0,0.0,0.0,,,,,18473,global,0.4
1,3,lr1e-05_bs32_modL1_fusion32_fusionL1_fusionBN0_drop0p1__wd1e-04trmiss40_trlocglobal,32,1e-05,0.0001,1,32,1,False,0.1,lr1e-05_bs32_modL1_fusion32_fusionL1_fusionBN0_drop0p1__wd1e-04trmiss40_trlocglobal,7,0.6864699522654215,0.6954216659069061,0.5932539682539683,0.6306053785301076,0.5111111111111111,0.0,0.0,0.0,0.0,0.0,0.0,0.0,0.0,0.0,,,,,18473,global,0.4
1,3,lr1e-05_bs32_modL1_fusion32_fusionL1_fusionBN0_drop0p1__wd1e-04trmiss40_trlocglobal,32,1e-05,0.0001,1,32,1,False,0.1,lr1e-05_bs32_modL1_fusion32_fusionL1_fusionBN0_drop0p1__wd1e-04trmiss40_trlocglobal,8,0.6783300141493479,0.6950971782207489,0.5992063492063492,0.6489685182124397,0.5111111111111111,0.0,0.0,0.0,0.0,0.0,0.0,0.0,0.0,0.0,,,,,18473,global,0.4
1,3,lr1e-05_bs32_modL1_fusion32_fusionL1_fusionBN0_drop0p1__wd1e-04trmiss40_trlocglobal,32,1e-05,0.0001,1,32,1,False,0.1,lr1e-05_bs32_modL1_fusion32_fusionL1_fusionBN0_drop0p1__wd1e-04trmiss40_trlocglobal,9,0.6764943102995554,0.6946576237678528,0.6031746031746031,0.6515103102354779,0.5111111111111111,0.0,0.0,0.0,0.0,0.0,0.0,0.0,0.0,0.0,,,,,18473,global,0.4
1,3,lr1e-05_bs32_modL1_fusion32_fusionL1_fusionBN0_drop0p1__wd1e-04trmiss40_trlocglobal,32,1e-05,0.0001,1,32,1,False,0.1,lr1e-05_bs32_modL1_fusion32_fusionL1_fusionBN0_drop0p1__wd1e-04trmiss40_trlocglobal,10,0.6736792226632436,0.6944528818130493,0.6031746031746031,0.6404311342316414,0.5111111111111111,0.0,0.0,0.0,0.0,0.0,0.0,0.0,0.0,0.0,,,,,18473,global,0.4
1,3,lr1e-05_bs32_modL1_fusion32_fusionL1_fusionBN0_drop0p1__wd1e-04trmiss40_trlocglobal,32,1e-05,0.0001,1,32,1,False,0.1,lr1e-05_bs32_modL1_fusion32_fusionL1_fusionBN0_drop0p1__wd1e-04trmiss40_trlocglobal,11,0.6790870030721029,0.693398654460907,0.6150793650793651,0.6600794108330873,0.5111111111111111,0.0,0.0,0.0,0.0,0.0,0.0,0.0,0.0,0.0,,,,,18473,global,0.4
1,3,lr1e-05_bs32_modL1_fusion32_fusionL1_fusionBN0_drop0p1__wd1e-04trmiss40_trlocglobal,32,1e-05,0.0001,1,32,1,False,0.1,lr1e-05_bs32_modL1_fusion32_fusionL1_fusionBN0_drop0p1__wd1e-04trmiss40_trlocglobal,12,0.6649169027805328,0.6926928460597992,0.6071428571428571,0.6554122191011421,0.5111111111111111,0.0,0.0,0.0,0.0,0.0,0.0,0.0,0.0,0.0,,,,,18473,global,0.4
1,3,lr1e-05_bs32_modL1_fusion32_fusionL1_fusionBN0_drop0p1__wd1e-04trmiss40_trlocglobal,32,1e-05,0.0001,1,32,1,False,0.1,lr1e-05_bs32_modL1_fusion32_fusionL1_fusionBN0_drop0p1__wd1e-04trmiss40_trlocglobal,13,0.6713570058345795,0.6922678053379059,0.6111111111111112,0.657988973487107,0.5111111111111111,0.0,0.0,0.0,0.0,0.0,0.0,0.0,0.0,0.0,,,,,18473,global,0.4
1,3,lr1e-05_bs32_modL1_fusion32_fusionL1_fusionBN0_drop0p1__wd1e-04trmiss40_trlocglobal,32,1e-05,0.0001,1,32,1,False,0.1,lr1e-05_bs32_modL1_fusion32_fusionL1_fusionBN0_drop0p1__wd1e-04trmiss40_trlocglobal,14,0.6688596308231354,0.6915324330329895,0.6091269841269841,0.6573790192985239,0.5333333333333333,0.0,0.0,0.0,0.0,0.0,0.0,0.0,0.0,0.0,,,,,18473,global,0.4
1,3,lr1e-05_bs32_modL1_fusion32_fusionL1_fusionBN0_drop0p1__wd1e-04trmiss40_trlocglobal,32,1e-05,0.0001,1,32,1,False,0.1,lr1e-05_bs32_modL1_fusion32_fusionL1_fusionBN0_drop0p1__wd1e-04trmiss40_trlocglobal,15,0.6659218768278757,0.6911380589008331,0.6071428571428572,0.6596665294543611,0.5333333333333333,0.0,0.0,0.0,0.0,0.0,0.0,0.0,0.0,0.0,,,,,18473,global,0.4
1,3,lr1e-05_bs32_modL1_fusion32_fusionL1_fusionBN0_drop0p1__wd1e-04trmiss40_trlocglobal,32,1e-05,0.0001,1,32,1,False,0.1,lr1e-05_bs32_modL1_fusion32_fusionL1_fusionBN0_drop0p1__wd1e-04trmiss40_trlocglobal,16,0.6655929883321127,0.6902502477169037,0.6130952380952381,0.6636274593053839,0.5333333333333333,0.0,0.0,0.0,0.0,0.0,0.0,0.0,0.0,0.0,,,,,18473,global,0.4
1,3,lr1e-05_bs32_modL1_fusion32_fusionL1_fusionBN0_drop0p1__wd1e-04trmiss40_trlocglobal,32,1e-05,0.0001,1,32,1,False,0.1,lr1e-05_bs32_modL1_fusion32_fusionL1_fusionBN0_drop0p1__wd1e-04trmiss40_trlocglobal,17,0.6597331364949545,0.6897124648094177,0.6150793650793651,0.6645114415678629,0.5333333333333333,0.0,0.0,0.0,0.0,0.0,0.0,0.0,0.0,0.0,,,,,18473,global,0.4
1,3,lr1e-05_bs32_modL1_fusion32_fusionL1_fusionBN0_drop0p1__wd1e-04trmiss40_trlocglobal,32,1e-05,0.0001,1,32,1,False,0.1,lr1e-05_bs32_modL1_fusion32_fusionL1_fusionBN0_drop0p1__wd1e-04trmiss40_trlocglobal,18,0.6489592889944712,0.6896840929985046,0.6170634920634921,0.6653932757830305,0.5333333333333333,0.0,0.0,0.0,0.0,0.0,0.0,0.0,0.0,0.0,,,,,18473,global,0.4
1,3,lr1e-05_bs32_modL1_fusion32_fusionL1_fusionBN0_drop0p1__wd1e-04trmiss40_trlocglobal,32,1e-05,0.0001,1,32,1,False,0.1,lr1e-05_bs32_modL1_fusion32_fusionL1_fusionBN0_drop0p1__wd1e-04trmiss40_trlocglobal,19,0.6555488010247549,0.6895674467086792,0.621031746031746,0.670085615089018,0.5333333333333333,0.0,0.0,0.0,0.0,0.0,0.0,0.0,0.0,0.0,,,,,18473,global,0.4
1,3,lr1e-05_bs32_modL1_fusion32_fusionL1_fusionBN0_drop0p1__wd1e-04trmiss40_trlocglobal,32,1e-05,0.0001,1,32,1,False,0.1,lr1e-05_bs32_modL1_fusion32_fusionL1_fusionBN0_drop0p1__wd1e-04trmiss40_trlocglobal,20,0.6612594326337179,0.6893012225627899,0.621031746031746,0.6771199849852299,0.5333333333333333,0.0,0.0,0.0,0.0,0.0,0.0,0.0,0.0,0.0,,,,,18473,global,0.4
1,3,lr1e-05_bs32_modL1_fusion32_fusionL1_fusionBN0_drop0p1__wd1e-04trmiss40_trlocglobal,32,1e-05,0.0001,1,32,1,False,0.1,lr1e-05_bs32_modL1_fusion32_fusionL1_fusionBN0_drop0p1__wd1e-04trmiss40_trlocglobal,21,0.6533125738302866,0.6900741159915924,0.6190476190476191,0.6667066751291957,0.5333333333333333,0.0,0.0,0.0,0.0,0.0,0.0,0.0,0.0,0.0,,,,,18473,global,0.4
1,3,lr1e-05_bs32_modL1_fusion32_fusionL1_fusionBN0_drop0p1__wd1e-04trmiss40_trlocglobal,32,1e-05,0.0001,1,32,1,False,0.1,lr1e-05_bs32_modL1_fusion32_fusionL1_fusionBN0_drop0p1__wd1e-04trmiss40_trlocglobal,22,0.6490936477979025,0.6897468566894531,0.6190476190476191,0.6664678957093817,0.5333333333333333,0.0,0.0,0.0,0.0,0.0,0.0,0.0,0.0,0.0,,,,,18473,global,0.4
1,3,lr1e-05_bs32_modL1_fusion32_fusionL1_fusionBN0_drop0p1__wd1e-04trmiss40_trlocglobal,32,1e-05,0.0001,1,32,1,False,0.1,lr1e-05_bs32_modL1_fusion32_fusionL1_fusionBN0_drop0p1__wd1e-04trmiss40_trlocglobal,23,0.6561068793137869,0.6894899308681488,0.628968253968254,0.6595718679969322,0.5555555555555556,0.0,0.0,0.0,0.0,0.0,0.0,0.0,0.0,0.0,,,,,18473,global,0.4
1,3,lr1e-05_bs32_modL1_fusion32_fusionL1_fusionBN0_drop0p1__wd1e-04trmiss40_trlocglobal,32,1e-05,0.0001,1,32,1,False,0.1,lr1e-05_bs32_modL1_fusion32_fusionL1_fusionBN0_drop0p1__wd1e-04trmiss40_trlocglobal,24,0.6597090562184652,0.689503937959671,0.628968253968254,0.679428372980936,0.5333333333333333,0.0,0.0,0.0,0.0,0.0,0.0,0.0,0.0,0.0,,,,,18473,global,0.4
1,3,lr1e-05_bs32_modL1_fusion32_fusionL1_fusionBN0_drop0p1__wd1e-04trmiss40_trlocglobal,32,1e-05,0.0001,1,32,1,False,0.1,lr1e-05_bs32_modL1_fusion32_fusionL1_fusionBN0_drop0p1__wd1e-04trmiss40_trlocglobal,25,0.6560689806938171,0.6895529627799988,0.625,0.6766581073960252,0.5333333333333333,0.0,0.0,0.0,0.0,0.0,0.0,0.0,0.0,0.0,,,,,18473,global,0.4
1,3,lr1e-05_bs32_modL1_fusion32_fusionL1_fusionBN0_drop0p1__wd1e-04trmiss40_trlocglobal,32,1e-05,0.0001,1,32,1,False,0.1,lr1e-05_bs32_modL1_fusion32_fusionL1_fusionBN0_drop0p1__wd1e-04trmiss40_trlocglobal,26,0.6468787292639414,0.6891409158706665,0.625,0.6775034990089606,0.5555555555555556,0.0,0.0,0.0,0.0,0.0,0.0,0.0,0.0,0.0,,,,,18473,global,0.4
1,3,lr1e-05_bs32_modL1_fusion32_fusionL1_fusionBN0_drop0p1__wd1e-04trmiss40_trlocglobal,32,1e-05,0.0001,1,32,1,False,0.1,lr1e-05_bs32_modL1_fusion32_fusionL1_fusionBN0_drop0p1__wd1e-04trmiss40_trlocglobal,27,0.6510539849599203,0.689285397529602,0.6170634920634921,0.6727264777845711,0.5555555555555556,0.0,0.0,0.0,0.0,0.0,0.0,0.0,0.0,0.0,,,,,18473,global,0.4
1,3,lr1e-05_bs32_modL1_fusion32_fusionL1_fusionBN0_drop0p1__wd1e-04trmiss40_trlocglobal,32,1e-05,0.0001,1,32,1,False,0.1,lr1e-05_bs32_modL1_fusion32_fusionL1_fusionBN0_drop0p1__wd1e-04trmiss40_trlocglobal,28,0.6502423882484436,0.6892906427383423,0.628968253968254,0.6787229758465525,0.5333333333333333,0.0,0.0,0.0,0.0,0.0,0.0,0.0,0.0,0.0,,,,,18473,global,0.4
1,3,lr1e-05_bs32_modL1_fusion32_fusionL1_fusionBN0_drop0p1__wd1e-04trmiss40_trlocglobal,32,1e-05,0.0001,1,32,1,False,0.1,lr1e-05_bs32_modL1_fusion32_fusionL1_fusionBN0_drop0p1__wd1e-04trmiss40_trlocglobal,29,0.643762081861496,0.688997358083725,0.625,0.6761400836981769,0.5333333333333333,0.0,0.0,0.0,0.0,0.0,0.0,0.0,0.0,0.0,,,,,18473,global,0.4
1,3,lr1e-05_bs32_modL1_fusion32_fusionL1_fusionBN0_drop0p1__wd1e-04trmiss40_trlocglobal,32,1e-05,0.0001,1,32,1,False,0.1,lr1e-05_bs32_modL1_fusion32_fusionL1_fusionBN0_drop0p1__wd1e-04trmiss40_trlocglobal,30,0.6478013197580973,0.6889186203479767,0.626984126984127,0.6774027099608031,0.5333333333333333,0.0,0.0,0.0,0.0,0.0,0.0,0.0,0.0,0.0,,,,,18473,global,0.4
1,3,lr1e-05_bs32_modL1_fusion32_fusionL1_fusionBN0_drop0p1__wd1e-04trmiss40_trlocglobal,32,1e-05,0.0001,1,32,1,False,0.1,lr1e-05_bs32_modL1_fusion32_fusionL1_fusionBN0_drop0p1__wd1e-04trmiss40_trlocglobal,31,0.6455315252145132,0.6894761025905609,0.6289682539682541,0.6806880139814012,0.5333333333333333,0.0,0.0,0.0,0.0,0.0,0.0,0.0,0.0,0.0,,,,,18473,global,0.4
1,3,lr1e-05_bs32_modL1_fusion32_fusionL1_fusionBN0_drop0p1__wd1e-04trmiss40_trlocglobal,32,1e-05,0.0001,1,32,1,False,0.1,lr1e-05_bs32_modL1_fusion32_fusionL1_fusionBN0_drop0p1__wd1e-04trmiss40_trlocglobal,32,0.6396915316581726,0.6895148754119873,0.625,0.6761400836981769,0.5555555555555556,0.0,0.0,0.0,0.0,0.0,0.0,0.0,0.0,0.0,,,,,18473,global,0.4
1,3,lr1e-05_bs32_modL1_fusion32_fusionL1_fusionBN0_drop0p1__wd1e-04trmiss40_trlocglobal,32,1e-05,0.0001,1,32,1,False,0.1,lr1e-05_bs32_modL1_fusion32_fusionL1_fusionBN0_drop0p1__wd1e-04trmiss40_trlocglobal,33,0.6383764147758484,0.6898945868015289,0.623015873015873,0.6750503401084332,0.5777777777777777,0.0,0.0,0.0,0.0,0.0,0.0,0.0,0.0,0.0,,,,,18473,global,0.4
1,3,lr1e-05_bs32_modL1_fusion32_fusionL1_fusionBN0_drop0p1__wd1e-04trmiss40_trlocglobal,32,1e-05,0.0001,1,32,1,False,0.1,lr1e-05_bs32_modL1_fusion32_fusionL1_fusionBN0_drop0p1__wd1e-04trmiss40_trlocglobal,34,0.6396949688593546,0.6897822916507721,0.623015873015873,0.6755177508390019,0.5777777777777777,0.0,0.0,0.0,0.0,0.0,0.0,0.0,0.0,0.0,,,,,18473,global,0.4
1,3,lr1e-05_bs32_modL1_fusion32_fusionL1_fusionBN0_drop0p1__wd1e-04trmiss40_trlocglobal,32,1e-05,0.0001,1,32,1,False,0.1,lr1e-05_bs32_modL1_fusion32_fusionL1_fusionBN0_drop0p1__wd1e-04trmiss40_trlocglobal,35,0.6439119478066763,0.6892307102680206,0.621031746031746,0.6749273324854257,0.5777777777777777,0.0,0.0,0.0,0.0,0.0,0.0,0.0,0.0,0.0,,,,,18473,global,0.4
1,3,lr1e-05_bs32_modL1_fusion32_fusionL1_fusionBN0_drop0p1__wd1e-04trmiss40_trlocglobal,32,1e-05,0.0001,1,32,1,False,0.1,lr1e-05_bs32_modL1_fusion32_fusionL1_fusionBN0_drop0p1__wd1e-04trmiss40_trlocglobal,36,0.6354934573173523,0.6887215077877045,0.628968253968254,0.681973066896889,0.5777777777777777,0.0,0.0,0.0,0.0,0.0,0.0,0.0,0.0,0.0,,,,,18473,global,0.4
1,3,lr1e-05_bs32_modL1_fusion32_fusionL1_fusionBN0_drop0p1__wd1e-04trmiss40_trlocglobal,32,1e-05,0.0001,1,32,1,False,0.1,lr1e-05_bs32_modL1_fusion32_fusionL1_fusionBN0_drop0p1__wd1e-04trmiss40_trlocglobal,37,0.6326202650864919,0.6885897219181061,0.621031746031746,0.6770794846375778,0.5777777777777777,0.0,0.0,0.0,0.0,0.0,0.0,0.0,0.0,0.0,,,,,18473,global,0.4
1,3,lr1e-05_bs32_modL1_fusion32_fusionL1_fusionBN0_drop0p1__wd1e-04trmiss40_trlocglobal,32,1e-05,0.0001,1,32,1,False,0.1,lr1e-05_bs32_modL1_fusion32_fusionL1_fusionBN0_drop0p1__wd1e-04trmiss40_trlocglobal,38,0.6318653921286265,0.6883706748485565,0.623015873015873,0.6787375974799011,0.5777777777777777,0.0,0.0,0.0,0.0,0.0,0.0,0.0,0.0,0.0,,,,,18473,global,0.4
1,3,lr1e-05_bs32_modL1_fusion32_fusionL1_fusionBN0_drop0p1__wd1e-04trmiss40_trlocglobal,32,1e-05,0.0001,1,32,1,False,0.1,lr1e-05_bs32_modL1_fusion32_fusionL1_fusionBN0_drop0p1__wd1e-04trmiss40_trlocglobal,39,0.6356292963027954,0.6882688999176025,0.626984126984127,0.6796427565265076,0.5777777777777777,0.0,0.0,0.0,0.0,0.0,0.0,0.0,0.0,0.0,,,,,18473,global,0.4
1,3,lr1e-05_bs32_modL1_fusion32_fusionL1_fusionBN0_drop0p1__wd1e-04trmiss40_trlocglobal,32,1e-05,0.0001,1,32,1,False,0.1,lr1e-05_bs32_modL1_fusion32_fusionL1_fusionBN0_drop0p1__wd1e-04trmiss40_trlocglobal,40,0.6290773650010427,0.6881757378578186,0.623015873015873,0.6743897428176114,0.5777777777777777,0.0,0.0,0.0,0.0,0.0,0.0,0.0,0.0,0.0,,,,,18473,global,0.4
1,3,lr1e-05_bs32_modL1_fusion32_fusionL1_fusionBN0_drop0p1__wd1e-04trmiss40_trlocglobal,32,1e-05,0.0001,1,32,1,False,0.1,lr1e-05_bs32_modL1_fusion32_fusionL1_fusionBN0_drop0p1__wd1e-04trmiss40_trlocglobal,41,0.6362869143486023,0.688104659318924,0.623015873015873,0.6756023524861036,0.5777777777777777,0.0,0.0,0.0,0.0,0.0,0.0,0.0,0.0,0.0,,,,,18473,global,0.4
1,3,lr1e-05_bs32_modL1_fusion32_fusionL1_fusionBN0_drop0p1__wd1e-04trmiss40_trlocglobal,32,1e-05,0.0001,1,32,1,False,0.1,lr1e-05_bs32_modL1_fusion32_fusionL1_fusionBN0_drop0p1__wd1e-04trmiss40_trlocglobal,42,0.6280794640382131,0.6880077123641968,0.630952380952381,0.687976008102036,0.5777777777777777,0.0,0.0,0.0,0.0,0.0,0.0,0.0,0.0,0.0,,,,,18473,global,0.4
1,3,lr1e-05_bs32_modL1_fusion32_fusionL1_fusionBN0_drop0p1__wd1e-04trmiss40_trlocglobal,32,1e-05,0.0001,1,32,1,False,0.1,lr1e-05_bs32_modL1_fusion32_fusionL1_fusionBN0_drop0p1__wd1e-04trmiss40_trlocglobal,43,0.6310210724671682,0.6881095767021179,0.623015873015873,0.6750619507266616,0.5777777777777777,0.0,0.0,0.0,0.0,0.0,0.0,0.0,0.0,0.0,,,,,18473,global,0.4
1,3,lr1e-05_bs32_modL1_fusion32_fusionL1_fusionBN0_drop0p1__wd1e-04trmiss40_trlocglobal,32,1e-05,0.0001,1,32,1,False,0.1,lr1e-05_bs32_modL1_fusion32_fusionL1_fusionBN0_drop0p1__wd1e-04trmiss40_trlocglobal,44,0.6313850382963816,0.688271701335907,0.621031746031746,0.6734781300638936,0.5777777777777777,0.0,0.0,0.0,0.0,0.0,0.0,0.0,0.0,0.0,,,,,18473,global,0.4
1,3,lr1e-05_bs32_modL1_fusion32_fusionL1_fusionBN0_drop0p1__wd1e-04trmiss40_trlocglobal,32,1e-05,0.0001,1,32,1,False,0.1,lr1e-05_bs32_modL1_fusion32_fusionL1_fusionBN0_drop0p1__wd1e-04trmiss40_trlocglobal,45,0.629047026236852,0.688287079334259,0.623015873015873,0.6740685484174698,0.5777777777777777,0.0,0.0,0.0,0.0,0.0,0.0,0.0,0.0,0.0,,,,,18473,global,0.4
1,3,lr1e-05_bs32_modL1_fusion32_fusionL1_fusionBN0_drop0p1__wd1e-04trmiss40_trlocglobal,32,1e-05,0.0001,1,32,1,False,0.1,lr1e-05_bs32_modL1_fusion32_fusionL1_fusionBN0_drop0p1__wd1e-04trmiss40_trlocglobal,46,0.6356165111064911,0.6885217130184174,0.6190476190476191,0.671844143135789,0.5777777777777777,0.0,0.0,0.0,0.0,0.0,0.0,0.0,0.0,0.0,,,,,18473,global,0.4
1,3,lr1e-05_bs32_modL1_fusion32_fusionL1_fusionBN0_drop0p1__wd1e-04trmiss40_trlocglobal,32,1e-05,0.0001,1,32,1,False,0.1,lr1e-05_bs32_modL1_fusion32_fusionL1_fusionBN0_drop0p1__wd1e-04trmiss40_trlocglobal,47,0.6262286404768626,0.6883848905563354,0.621031746031746,0.6724345614893652,0.5777777777777777,0.0,0.0,0.0,0.0,0.0,0.0,0.0,0.0,0.0,,,,,18473,global,0.4
1,3,lr1e-05_bs32_modL1_fusion32_fusionL1_fusionBN0_drop0p1__wd1e-04trmiss40_trlocglobal,32,1e-05,0.0001,1,32,1,False,0.1,lr1e-05_bs32_modL1_fusion32_fusionL1_fusionBN0_drop0p1__wd1e-04trmiss40_trlocglobal,48,0.6229754785696665,0.6883925199508667,0.621031746031746,0.6724345614893652,0.5777777777777777,0.0,0.0,0.0,0.0,0.0,0.0,0.0,0.0,0.0,,,,,18473,global,0.4
1,3,lr1e-05_bs32_modL1_fusion32_fusionL1_fusionBN0_drop0p1__wd1e-04trmiss40_trlocglobal,32,1e-05,0.0001,1,32,1,False,0.1,lr1e-05_bs32_modL1_fusion32_fusionL1_fusionBN0_drop0p1__wd1e-04trmiss40_trlocglobal,49,0.6240591506163279,0.6878387928009033,0.623015873015873,0.673022168326972,0.5777777777777777,0.0,0.0,0.0,0.0,0.0,0.0,0.0,0.0,0.0,,,,,18473,global,0.4
1,3,lr1e-05_bs32_modL1_fusion32_fusionL1_fusionBN0_drop0p1__wd1e-04trmiss40_trlocglobal,32,1e-05,0.0001,1,32,1,False,0.1,lr1e-05_bs32_modL1_fusion32_fusionL1_fusionBN0_drop0p1__wd1e-04trmiss40_trlocglobal,50,0.6213882764180502,0.6879276931285858,0.623015873015873,0.673022168326972,0.5777777777777777,0.0,0.0,0.0,0.0,0.0,0.0,0.0,0.0,0.0,,,,,18473,global,0.4
1,3,lr1e-05_bs32_modL1_fusion32_fusionL1_fusionBN0_drop0p1__wd1e-04trmiss40_trlocglobal,32,1e-05,0.0001,1,32,1,False,0.1,lr1e-05_bs32_modL1_fusion32_fusionL1_fusionBN0_drop0p1__wd1e-04trmiss40_trlocglobal,51,0.6293543676535288,0.6876809000968933,0.6249999999999999,0.6733307826263503,0.5777777777777777,0.0,0.0,0.0,0.0,0.0,0.0,0.0,0.0,0.0,,,,,18473,global,0.4
1,3,lr1e-05_bs32_modL1_fusion32_fusionL1_fusionBN0_drop0p1__wd1e-04trmiss40_trlocglobal,32,1e-05,0.0001,1,32,1,False,0.1,lr1e-05_bs32_modL1_fusion32_fusionL1_fusionBN0_drop0p1__wd1e-04trmiss40_trlocglobal,52,0.6280642251173655,0.68768510222435,0.625,0.6723533124771951,0.5777777777777777,0.0,0.0,0.0,0.0,0.0,0.0,0.0,0.0,0.0,,,,,18473,global,0.4
1,3,lr1e-05_bs32_modL1_fusion32_fusionL1_fusionBN0_drop0p1__wd1e-04trmiss40_trlocglobal,32,1e-05,0.0001,1,32,1,False,0.1,lr1e-05_bs32_modL1_fusion32_fusionL1_fusionBN0_drop0p1__wd1e-04trmiss40_trlocglobal,53,0.6282196144262949,0.6870997846126556,0.6289682539682541,0.6748167445554528,0.5777777777777777,0.0,0.0,0.0,0.0,0.0,0.0,0.0,0.0,0.0,,,,,18473,global,0.4
1,3,lr1e-05_bs32_modL1_fusion32_fusionL1_fusionBN0_drop0p1__wd1e-04trmiss40_trlocglobal,32,1e-05,0.0001,1,32,1,False,0.1,lr1e-05_bs32_modL1_fusion32_fusionL1_fusionBN0_drop0p1__wd1e-04trmiss40_trlocglobal,54,0.6226276854674021,0.6873162984848022,0.628968253968254,0.6778527464506398,0.5777777777777777,0.0,0.0,0.0,0.0,0.0,0.0,0.0,0.0,0.0,,,,,18473,global,0.4
1,3,lr1e-05_bs32_modL1_fusion32_fusionL1_fusionBN0_drop0p1__wd1e-04trmiss40_trlocglobal,32,1e-05,0.0001,1,32,1,False,0.1,lr1e-05_bs32_modL1_fusion32_fusionL1_fusionBN0_drop0p1__wd1e-04trmiss40_trlocglobal,55,0.6330682337284088,0.6870768964290619,0.6230158730158729,0.6716967956982457,0.5777777777777777,0.0,0.0,0.0,0.0,0.0,0.0,0.0,0.0,0.0,,,,,18473,global,0.4
1,3,lr1e-05_bs32_modL1_fusion32_fusionL1_fusionBN0_drop0p1__wd1e-04trmiss40_trlocglobal,32,1e-05,0.0001,1,32,1,False,0.1,lr1e-05_bs32_modL1_fusion32_fusionL1_fusionBN0_drop0p1__wd1e-04trmiss40_trlocglobal,56,0.6233331759770712,0.6868339776992798,0.6230158730158731,0.6698637914968205,0.5555555555555556,0.0,0.0,0.0,0.0,0.0,0.0,0.0,0.0,0.0,,,,,18473,global,0.4
1,3,lr1e-05_bs32_modL1_fusion32_fusionL1_fusionBN0_drop0p1__wd1e-04trmiss40_trlocglobal,32,1e-05,0.0001,1,32,1,False,0.1,lr1e-05_bs32_modL1_fusion32_fusionL1_fusionBN0_drop0p1__wd1e-04trmiss40_trlocglobal,57,0.6200377643108368,0.686811774969101,0.625,0.6704781077361367,0.5555555555555556,0.0,0.0,0.0,0.0,0.0,0.0,0.0,0.0,0.0,,,,,18473,global,0.4
1,3,lr1e-05_bs32_modL1_fusion32_fusionL1_fusionBN0_drop0p1__wd1e-04trmiss40_trlocglobal,32,1e-05,0.0001,1,32,1,False,0.1,lr1e-05_bs32_modL1_fusion32_fusionL1_fusionBN0_drop0p1__wd1e-04trmiss40_trlocglobal,58,0.6318204800287882,0.6872433423995972,0.626984126984127,0.6717095834736609,0.5777777777777777,0.0,0.0,0.0,0.0,0.0,0.0,0.0,0.0,0.0,,,,,18473,global,0.4
1,3,lr1e-05_bs32_modL1_fusion32_fusionL1_fusionBN0_drop0p1__wd1e-04trmiss40_trlocglobal,32,1e-05,0.0001,1,32,1,False,0.1,lr1e-05_bs32_modL1_fusion32_fusionL1_fusionBN0_drop0p1__wd1e-04trmiss40_trlocglobal,59,0.6178593635559082,0.6872664391994476,0.6250000000000001,0.6724645628332898,0.5777777777777777,0.0,0.0,0.0,0.0,0.0,0.0,0.0,0.0,0.0,,,,,18473,global,0.4
1,3,lr1e-05_bs32_modL1_fusion32_fusionL1_fusionBN0_drop0p1__wd1e-04trmiss40_trlocglobal,32,1e-05,0.0001,1,32,1,False,0.1,lr1e-05_bs32_modL1_fusion32_fusionL1_fusionBN0_drop0p1__wd1e-04trmiss40_trlocglobal,60,0.6272497475147247,0.6872739195823669,0.6250000000000001,0.6710989693624332,0.5555555555555556,0.0,0.0,0.0,0.0,0.0,0.0,0.0,0.0,0.0,,,,,18473,global,0.4
1,3,lr1e-05_bs32_modL1_fusion32_fusionL1_fusionBN0_drop0p1__wd1e-04trmiss40_trlocglobal,32,1e-05,0.0001,1,32,1,False,0.1,lr1e-05_bs32_modL1_fusion32_fusionL1_fusionBN0_drop0p1__wd1e-04trmiss40_trlocglobal,61,0.6297833025455475,0.6866245865821838,0.6309523809523809,0.6735590775785897,0.5555555555555556,0.0,0.0,0.0,0.0,0.0,0.0,0.0,0.0,0.0,,,,,18473,global,0.4
1,3,lr1e-05_bs32_modL1_fusion32_fusionL1_fusionBN0_drop0p1__wd1e-04trmiss40_trlocglobal,32,1e-05,0.0001,1,32,1,False,0.1,lr1e-05_bs32_modL1_fusion32_fusionL1_fusionBN0_drop0p1__wd1e-04trmiss40_trlocglobal,62,0.6176177163918813,0.6862973570823669,0.628968253968254,0.6763286657140316,0.5777777777777777,0.0,0.0,0.0,0.0,0.0,0.0,0.0,0.0,0.0,,,,,18473,global,0.4
1,4,lr1e-04_bs32_modL1_fusion16_fusionL1_fusionBN0_drop0p2__wd1e-04trmiss40_trlocglobal,32,0.0001,0.0001,1,16,1,False,0.2,lr1e-04_bs32_modL1_fusion16_fusionL1_fusionBN0_drop0p2__wd1e-04trmiss40_trlocglobal,1,0.6974830627441406,0.6924757659435272,0.6031746031746031,0.6412224520486809,0.6,0.0,0.0,0.0,0.0,0.0,0.0,0.0,0.0,0.0,,,,,18473,global,0.4
1,4,lr1e-04_bs32_modL1_fusion16_fusionL1_fusionBN0_drop0p2__wd1e-04trmiss40_trlocglobal,32,0.0001,0.0001,1,16,1,False,0.2,lr1e-04_bs32_modL1_fusion16_fusionL1_fusionBN0_drop0p2__wd1e-04trmiss40_trlocglobal,2,0.6732672850290934,0.6867400109767914,0.6825396825396826,0.6968542533540536,0.6,0.0,0.0,0.0,0.0,0.0,0.0,0.0,0.0,0.0,,,,,18473,global,0.4
1,4,lr1e-04_bs32_modL1_fusion16_fusionL1_fusionBN0_drop0p2__wd1e-04trmiss40_trlocglobal,32,0.0001,0.0001,1,16,1,False,0.2,lr1e-04_bs32_modL1_fusion16_fusionL1_fusionBN0_drop0p2__wd1e-04trmiss40_trlocglobal,3,0.6659979124863943,0.6830226182937622,0.7162698412698413,0.7303947635997997,0.6,0.0,0.0,0.0,0.0,0.0,0.0,0.0,0.0,0.0,,,,,18473,global,0.4
1,4,lr1e-04_bs32_modL1_fusion16_fusionL1_fusionBN0_drop0p2__wd1e-04trmiss40_trlocglobal,32,0.0001,0.0001,1,16,1,False,0.2,lr1e-04_bs32_modL1_fusion16_fusionL1_fusionBN0_drop0p2__wd1e-04trmiss40_trlocglobal,4,0.6661479969819387,0.6815660893917084,0.7123015873015873,0.7011945233325337,0.6,0.0,0.0,0.0,0.0,0.0,0.0,0.0,0.0,0.0,,,,,18473,global,0.4
1,4,lr1e-04_bs32_modL1_fusion16_fusionL1_fusionBN0_drop0p2__wd1e-04trmiss40_trlocglobal,32,0.0001,0.0001,1,16,1,False,0.2,lr1e-04_bs32_modL1_fusion16_fusionL1_fusionBN0_drop0p2__wd1e-04trmiss40_trlocglobal,5,0.6472097039222717,0.6808826923370361,0.7083333333333334,0.699445055628033,0.6,0.0,0.0,0.0,0.0,0.0,0.0,0.0,0.0,0.0,,,,,18473,global,0.4
1,4,lr1e-04_bs32_modL1_fusion16_fusionL1_fusionBN0_drop0p2__wd1e-04trmiss40_trlocglobal,32,0.0001,0.0001,1,16,1,False,0.2,lr1e-04_bs32_modL1_fusion16_fusionL1_fusionBN0_drop0p2__wd1e-04trmiss40_trlocglobal,6,0.6394066413243612,0.6796825528144836,0.7083333333333333,0.6916145884140471,0.6222222222222222,0.0,0.0,0.0,0.0,0.0,0.0,0.0,0.0,0.0,,,,,18473,global,0.4
1,4,lr1e-04_bs32_modL1_fusion16_fusionL1_fusionBN0_drop0p2__wd1e-04trmiss40_trlocglobal,32,0.0001,0.0001,1,16,1,False,0.2,lr1e-04_bs32_modL1_fusion16_fusionL1_fusionBN0_drop0p2__wd1e-04trmiss40_trlocglobal,7,0.6374274889628092,0.6784884035587311,0.7222222222222222,0.7345312203931791,0.6222222222222222,0.0,0.0,0.0,0.0,0.0,0.0,0.0,0.0,0.0,,,,,18473,global,0.4
1,4,lr1e-04_bs32_modL1_fusion16_fusionL1_fusionBN0_drop0p2__wd1e-04trmiss40_trlocglobal,32,0.0001,0.0001,1,16,1,False,0.2,lr1e-04_bs32_modL1_fusion16_fusionL1_fusionBN0_drop0p2__wd1e-04trmiss40_trlocglobal,8,0.6278845171133677,0.6780646741390228,0.7242063492063492,0.734996477422871,0.6222222222222222,0.0,0.0,0.0,0.0,0.0,0.0,0.0,0.0,0.0,,,,,18473,global,0.4
1,4,lr1e-04_bs32_modL1_fusion16_fusionL1_fusionBN0_drop0p2__wd1e-04trmiss40_trlocglobal,32,0.0001,0.0001,1,16,1,False,0.2,lr1e-04_bs32_modL1_fusion16_fusionL1_fusionBN0_drop0p2__wd1e-04trmiss40_trlocglobal,9,0.6163726051648458,0.6764883100986481,0.7281746031746031,0.7376479925743863,0.6222222222222222,0.0,0.0,0.0,0.0,0.0,0.0,0.0,0.0,0.0,,,,,18473,global,0.4
1,4,lr1e-04_bs32_modL1_fusion16_fusionL1_fusionBN0_drop0p2__wd1e-04trmiss40_trlocglobal,32,0.0001,0.0001,1,16,1,False,0.2,lr1e-04_bs32_modL1_fusion16_fusionL1_fusionBN0_drop0p2__wd1e-04trmiss40_trlocglobal,10,0.6254757245381674,0.6747034192085266,0.7242063492063493,0.7328365177895034,0.6444444444444445,0.0,0.0,0.0,0.0,0.0,0.0,0.0,0.0,0.0,,,,,18473,global,0.4
1,4,lr1e-04_bs32_modL1_fusion16_fusionL1_fusionBN0_drop0p2__wd1e-04trmiss40_trlocglobal,32,0.0001,0.0001,1,16,1,False,0.2,lr1e-04_bs32_modL1_fusion16_fusionL1_fusionBN0_drop0p2__wd1e-04trmiss40_trlocglobal,11,0.612734874089559,0.6733911633491516,0.7301587301587302,0.7248733027595916,0.6666666666666666,0.0,0.0,0.0,0.0,0.0,0.0,0.0,0.0,0.0,,,,,18473,global,0.4
1,4,lr1e-04_bs32_modL1_fusion16_fusionL1_fusionBN0_drop0p2__wd1e-04trmiss40_trlocglobal,32,0.0001,0.0001,1,16,1,False,0.2,lr1e-04_bs32_modL1_fusion16_fusionL1_fusionBN0_drop0p2__wd1e-04trmiss40_trlocglobal,12,0.6085508465766907,0.67155322432518,0.7361111111111112,0.7267839958185088,0.6666666666666666,0.0,0.0,0.0,0.0,0.0,0.0,0.0,0.0,0.0,,,,,18473,global,0.4
1,4,lr1e-04_bs32_modL1_fusion16_fusionL1_fusionBN0_drop0p2__wd1e-04trmiss40_trlocglobal,32,0.0001,0.0001,1,16,1,False,0.2,lr1e-04_bs32_modL1_fusion16_fusionL1_fusionBN0_drop0p2__wd1e-04trmiss40_trlocglobal,13,0.6000115871429443,0.6709175109863281,0.7341269841269841,0.7266636557922196,0.6888888888888889,0.0,0.0,0.0,0.0,0.0,0.0,0.0,0.0,0.0,,,,,18473,global,0.4
1,4,lr1e-04_bs32_modL1_fusion16_fusionL1_fusionBN0_drop0p2__wd1e-04trmiss40_trlocglobal,32,0.0001,0.0001,1,16,1,False,0.2,lr1e-04_bs32_modL1_fusion16_fusionL1_fusionBN0_drop0p2__wd1e-04trmiss40_trlocglobal,14,0.5948558151721954,0.6702582240104675,0.7341269841269842,0.7502747206532844,0.6888888888888889,0.0,0.0,0.0,0.0,0.0,0.0,0.0,0.0,0.0,,,,,18473,global,0.4
1,4,lr1e-04_bs32_modL1_fusion16_fusionL1_fusionBN0_drop0p2__wd1e-04trmiss40_trlocglobal,32,0.0001,0.0001,1,16,1,False,0.2,lr1e-04_bs32_modL1_fusion16_fusionL1_fusionBN0_drop0p2__wd1e-04trmiss40_trlocglobal,15,0.5939335922400156,0.6701897084712982,0.7301587301587302,0.7507525311882565,0.6888888888888889,0.0,0.0,0.0,0.0,0.0,0.0,0.0,0.0,0.0,,,,,18473,global,0.4
1,4,lr1e-04_bs32_modL1_fusion16_fusionL1_fusionBN0_drop0p2__wd1e-04trmiss40_trlocglobal,32,0.0001,0.0001,1,16,1,False,0.2,lr1e-04_bs32_modL1_fusion16_fusionL1_fusionBN0_drop0p2__wd1e-04trmiss40_trlocglobal,16,0.5919495622316996,0.6695115566253662,0.7341269841269842,0.7606997678596311,0.6888888888888889,0.0,0.0,0.0,0.0,0.0,0.0,0.0,0.0,0.0,,,,,18473,global,0.4
1,4,lr1e-04_bs32_modL1_fusion16_fusionL1_fusionBN0_drop0p2__wd1e-04trmiss40_trlocglobal,32,0.0001,0.0001,1,16,1,False,0.2,lr1e-04_bs32_modL1_fusion16_fusionL1_fusionBN0_drop0p2__wd1e-04trmiss40_trlocglobal,17,0.5774865051110586,0.6684782207012177,0.7162698412698413,0.753868366897186,0.6888888888888889,0.0,0.0,0.0,0.0,0.0,0.0,0.0,0.0,0.0,,,,,18473,global,0.4
1,4,lr1e-04_bs32_modL1_fusion16_fusionL1_fusionBN0_drop0p2__wd1e-04trmiss40_trlocglobal,32,0.0001,0.0001,1,16,1,False,0.2,lr1e-04_bs32_modL1_fusion16_fusionL1_fusionBN0_drop0p2__wd1e-04trmiss40_trlocglobal,18,0.5755842626094818,0.6674685478210449,0.7103174603174603,0.7505349923506528,0.6888888888888889,0.0,0.0,0.0,0.0,0.0,0.0,0.0,0.0,0.0,,,,,18473,global,0.4
1,4,lr1e-04_bs32_modL1_fusion16_fusionL1_fusionBN0_drop0p2__wd1e-04trmiss40_trlocglobal,32,0.0001,0.0001,1,16,1,False,0.2,lr1e-04_bs32_modL1_fusion16_fusionL1_fusionBN0_drop0p2__wd1e-04trmiss40_trlocglobal,19,0.5763882497946421,0.6666154265403748,0.7222222222222222,0.7568412196874807,0.6666666666666666,0.0,0.0,0.0,0.0,0.0,0.0,0.0,0.0,0.0,,,,,18473,global,0.4
1,4,lr1e-04_bs32_modL1_fusion16_fusionL1_fusionBN0_drop0p2__wd1e-04trmiss40_trlocglobal,32,0.0001,0.0001,1,16,1,False,0.2,lr1e-04_bs32_modL1_fusion16_fusionL1_fusionBN0_drop0p2__wd1e-04trmiss40_trlocglobal,20,0.5714960992336273,0.6643353700637817,0.7301587301587301,0.755945646746952,0.6888888888888889,0.0,0.0,0.0,0.0,0.0,0.0,0.0,0.0,0.0,,,,,18473,global,0.4
1,4,lr1e-04_bs32_modL1_fusion16_fusionL1_fusionBN0_drop0p2__wd1e-04trmiss40_trlocglobal,32,0.0001,0.0001,1,16,1,False,0.2,lr1e-04_bs32_modL1_fusion16_fusionL1_fusionBN0_drop0p2__wd1e-04trmiss40_trlocglobal,21,0.570255974928538,0.6633036136627197,0.7341269841269841,0.7547205459568999,0.6888888888888889,0.0,0.0,0.0,0.0,0.0,0.0,0.0,0.0,0.0,,,,,18473,global,0.4
1,4,lr1e-04_bs32_modL1_fusion16_fusionL1_fusionBN0_drop0p2__wd1e-04trmiss40_trlocglobal,32,0.0001,0.0001,1,16,1,False,0.2,lr1e-04_bs32_modL1_fusion16_fusionL1_fusionBN0_drop0p2__wd1e-04trmiss40_trlocglobal,22,0.5646024247010549,0.6637164354324341,0.7162698412698413,0.7447185257590082,0.6666666666666666,0.0,0.0,0.0,0.0,0.0,0.0,0.0,0.0,0.0,,,,,18473,global,0.4
1,4,lr1e-04_bs32_modL1_fusion16_fusionL1_fusionBN0_drop0p2__wd1e-04trmiss40_trlocglobal,32,0.0001,0.0001,1,16,1,False,0.2,lr1e-04_bs32_modL1_fusion16_fusionL1_fusionBN0_drop0p2__wd1e-04trmiss40_trlocglobal,23,0.5620655318101248,0.6656452715396881,0.7023809523809523,0.7388234198797666,0.6444444444444445,0.0,0.0,0.0,0.0,0.0,0.0,0.0,0.0,0.0,,,,,18473,global,0.4
1,4,lr1e-04_bs32_modL1_fusion16_fusionL1_fusionBN0_drop0p2__wd1e-04trmiss40_trlocglobal,32,0.0001,0.0001,1,16,1,False,0.2,lr1e-04_bs32_modL1_fusion16_fusionL1_fusionBN0_drop0p2__wd1e-04trmiss40_trlocglobal,24,0.5543337563673655,0.6668945252895355,0.6845238095238095,0.7384017327017866,0.6222222222222222,0.0,0.0,0.0,0.0,0.0,0.0,0.0,0.0,0.0,,,,,18473,global,0.4
1,4,lr1e-04_bs32_modL1_fusion16_fusionL1_fusionBN0_drop0p2__wd1e-04trmiss40_trlocglobal,32,0.0001,0.0001,1,16,1,False,0.2,lr1e-04_bs32_modL1_fusion16_fusionL1_fusionBN0_drop0p2__wd1e-04trmiss40_trlocglobal,25,0.5476490954558054,0.6650430262088776,0.6924603174603174,0.7308159461889424,0.6222222222222222,0.0,0.0,0.0,0.0,0.0,0.0,0.0,0.0,0.0,,,,,18473,global,0.4
1,4,lr1e-04_bs32_modL1_fusion16_fusionL1_fusionBN0_drop0p2__wd1e-04trmiss40_trlocglobal,32,0.0001,0.0001,1,16,1,False,0.2,lr1e-04_bs32_modL1_fusion16_fusionL1_fusionBN0_drop0p2__wd1e-04trmiss40_trlocglobal,26,0.5340909560521444,0.6619651317596436,0.7043650793650794,0.7535408833017894,0.6222222222222222,0.0,0.0,0.0,0.0,0.0,0.0,0.0,0.0,0.0,,,,,18473,global,0.4
1,4,lr1e-04_bs32_modL1_fusion16_fusionL1_fusionBN0_drop0p2__wd1e-04trmiss40_trlocglobal,32,0.0001,0.0001,1,16,1,False,0.2,lr1e-04_bs32_modL1_fusion16_fusionL1_fusionBN0_drop0p2__wd1e-04trmiss40_trlocglobal,27,0.5222382346789042,0.6625670790672302,0.6904761904761905,0.7336991769612938,0.6666666666666666,0.0,0.0,0.0,0.0,0.0,0.0,0.0,0.0,0.0,,,,,18473,global,0.4
1,4,lr1e-04_bs32_modL1_fusion16_fusionL1_fusionBN0_drop0p2__wd1e-04trmiss40_trlocglobal,32,0.0001,0.0001,1,16,1,False,0.2,lr1e-04_bs32_modL1_fusion16_fusionL1_fusionBN0_drop0p2__wd1e-04trmiss40_trlocglobal,28,0.5217652718226115,0.6624112725257874,0.6904761904761905,0.7277161245866169,0.6222222222222222,0.0,0.0,0.0,0.0,0.0,0.0,0.0,0.0,0.0,,,,,18473,global,0.4
1,4,lr1e-04_bs32_modL1_fusion16_fusionL1_fusionBN0_drop0p2__wd1e-04trmiss40_trlocglobal,32,0.0001,0.0001,1,16,1,False,0.2,lr1e-04_bs32_modL1_fusion16_fusionL1_fusionBN0_drop0p2__wd1e-04trmiss40_trlocglobal,29,0.5318637688954672,0.6627167463302612,0.6884920634920635,0.7485641882516079,0.6,0.0,0.0,0.0,0.0,0.0,0.0,0.0,0.0,0.0,,,,,18473,global,0.4
1,4,lr1e-04_bs32_modL1_fusion16_fusionL1_fusionBN0_drop0p2__wd1e-04trmiss40_trlocglobal,32,0.0001,0.0001,1,16,1,False,0.2,lr1e-04_bs32_modL1_fusion16_fusionL1_fusionBN0_drop0p2__wd1e-04trmiss40_trlocglobal,30,0.5186075220505396,0.6628290712833405,0.6924603174603174,0.7476472458300889,0.6444444444444445,0.0,0.0,0.0,0.0,0.0,0.0,0.0,0.0,0.0,,,,,18473,global,0.4
1,4,lr1e-04_bs32_modL1_fusion16_fusionL1_fusionBN0_drop0p2__wd1e-04trmiss40_trlocglobal,32,0.0001,0.0001,1,16,1,False,0.2,lr1e-04_bs32_modL1_fusion16_fusionL1_fusionBN0_drop0p2__wd1e-04trmiss40_trlocglobal,31,0.5163835883140564,0.6613720059394836,0.6984126984126984,0.7582592114056119,0.6444444444444445,0.0,0.0,0.0,0.0,0.0,0.0,0.0,0.0,0.0,,,,,18473,global,0.4
1,4,lr1e-04_bs32_modL1_fusion16_fusionL1_fusionBN0_drop0p2__wd1e-04trmiss40_trlocglobal,32,0.0001,0.0001,1,16,1,False,0.2,lr1e-04_bs32_modL1_fusion16_fusionL1_fusionBN0_drop0p2__wd1e-04trmiss40_trlocglobal,32,0.5130312542120615,0.657694399356842,0.7023809523809524,0.7563814439850813,0.6444444444444445,0.0,0.0,0.0,0.0,0.0,0.0,0.0,0.0,0.0,,,,,18473,global,0.4
1,4,lr1e-04_bs32_modL1_fusion16_fusionL1_fusionBN0_drop0p1__wd1e-04trmiss40_trlocglobal,32,0.0001,0.0001,1,16,1,False,0.1,lr1e-04_bs32_modL1_fusion16_fusionL1_fusionBN0_drop0p1__wd1e-04trmiss40_trlocglobal,1,0.7001993457476298,0.6901750862598419,0.6746031746031745,0.7189935672312349,0.5555555555555556,0.0,0.0,0.0,0.0,0.0,0.0,0.0,0.0,0.0,,,,,18473,global,0.4
1,4,lr1e-04_bs32_modL1_fusion16_fusionL1_fusionBN0_drop0p1__wd1e-04trmiss40_trlocglobal,32,0.0001,0.0001,1,16,1,False,0.1,lr1e-04_bs32_modL1_fusion16_fusionL1_fusionBN0_drop0p1__wd1e-04trmiss40_trlocglobal,2,0.6805724004904429,0.6825034618377686,0.7380952380952381,0.7651948642131653,0.5777777777777777,0.0,0.0,0.0,0.0,0.0,0.0,0.0,0.0,0.0,,,,,18473,global,0.4
1,4,lr1e-04_bs32_modL1_fusion16_fusionL1_fusionBN0_drop0p1__wd1e-04trmiss40_trlocglobal,32,0.0001,0.0001,1,16,1,False,0.1,lr1e-04_bs32_modL1_fusion16_fusionL1_fusionBN0_drop0p1__wd1e-04trmiss40_trlocglobal,3,0.6671629051367441,0.679124116897583,0.7480158730158729,0.7721806914165275,0.6,0.0,0.0,0.0,0.0,0.0,0.0,0.0,0.0,0.0,,,,,18473,global,0.4
1,4,lr1e-04_bs32_modL1_fusion16_fusionL1_fusionBN0_drop0p1__wd1e-04trmiss40_trlocglobal,32,0.0001,0.0001,1,16,1,False,0.1,lr1e-04_bs32_modL1_fusion16_fusionL1_fusionBN0_drop0p1__wd1e-04trmiss40_trlocglobal,4,0.6547374129295349,0.6772522032260895,0.757936507936508,0.7698816878443457,0.6444444444444445,0.0,0.0,0.0,0.0,0.0,0.0,0.0,0.0,0.0,,,,,18473,global,0.4
1,4,lr1e-04_bs32_modL1_fusion16_fusionL1_fusionBN0_drop0p1__wd1e-04trmiss40_trlocglobal,32,0.0001,0.0001,1,16,1,False,0.1,lr1e-04_bs32_modL1_fusion16_fusionL1_fusionBN0_drop0p1__wd1e-04trmiss40_trlocglobal,5,0.6522181133429209,0.676884263753891,0.753968253968254,0.7706923175574646,0.6222222222222222,0.0,0.0,0.0,0.0,0.0,0.0,0.0,0.0,0.0,,,,,18473,global,0.4
1,4,lr1e-04_bs32_modL1_fusion16_fusionL1_fusionBN0_drop0p1__wd1e-04trmiss40_trlocglobal,32,0.0001,0.0001,1,16,1,False,0.1,lr1e-04_bs32_modL1_fusion16_fusionL1_fusionBN0_drop0p1__wd1e-04trmiss40_trlocglobal,6,0.6478232244650522,0.676304817199707,0.7638888888888888,0.7858894047560195,0.6,0.0,0.0,0.0,0.0,0.0,0.0,0.0,0.0,0.0,,,,,18473,global,0.4
1,4,lr1e-04_bs32_modL1_fusion16_fusionL1_fusionBN0_drop0p1__wd1e-04trmiss40_trlocglobal,32,0.0001,0.0001,1,16,1,False,0.1,lr1e-04_bs32_modL1_fusion16_fusionL1_fusionBN0_drop0p1__wd1e-04trmiss40_trlocglobal,7,0.6370520691076914,0.6760156750679016,0.748015873015873,0.7738525755660884,0.6444444444444445,0.0,0.0,0.0,0.0,0.0,0.0,0.0,0.0,0.0,,,,,18473,global,0.4
1,4,lr1e-04_bs32_modL1_fusion16_fusionL1_fusionBN0_drop0p1__wd1e-04trmiss40_trlocglobal,32,0.0001,0.0001,1,16,1,False,0.1,lr1e-04_bs32_modL1_fusion16_fusionL1_fusionBN0_drop0p1__wd1e-04trmiss40_trlocglobal,8,0.6347668965657552,0.6745495498180389,0.748015873015873,0.774888201661699,0.6444444444444445,0.0,0.0,0.0,0.0,0.0,0.0,0.0,0.0,0.0,,,,,18473,global,0.4
1,4,lr1e-04_bs32_modL1_fusion16_fusionL1_fusionBN0_drop0p1__wd1e-04trmiss40_trlocglobal,32,0.0001,0.0001,1,16,1,False,0.1,lr1e-04_bs32_modL1_fusion16_fusionL1_fusionBN0_drop0p1__wd1e-04trmiss40_trlocglobal,9,0.6290024916330973,0.6730365455150604,0.7619047619047619,0.7829586006518087,0.6666666666666666,0.0,0.0,0.0,0.0,0.0,0.0,0.0,0.0,0.0,,,,,18473,global,0.4
1,4,lr1e-04_bs32_modL1_fusion16_fusionL1_fusionBN0_drop0p1__wd1e-04trmiss40_trlocglobal,32,0.0001,0.0001,1,16,1,False,0.1,lr1e-04_bs32_modL1_fusion16_fusionL1_fusionBN0_drop0p1__wd1e-04trmiss40_trlocglobal,10,0.6243648032347361,0.6754220128059387,0.7341269841269842,0.7653583576010046,0.6444444444444445,0.0,0.0,0.0,0.0,0.0,0.0,0.0,0.0,0.0,,,,,18473,global,0.4
1,4,lr1e-04_bs32_modL1_fusion16_fusionL1_fusionBN0_drop0p1__wd1e-04trmiss40_trlocglobal,32,0.0001,0.0001,1,16,1,False,0.1,lr1e-04_bs32_modL1_fusion16_fusionL1_fusionBN0_drop0p1__wd1e-04trmiss40_trlocglobal,11,0.6177892585595449,0.6752633154392242,0.7242063492063492,0.7636845782066369,0.6222222222222222,0.0,0.0,0.0,0.0,0.0,0.0,0.0,0.0,0.0,,,,,18473,global,0.4
1,4,lr1e-04_bs32_modL1_fusion16_fusionL1_fusionBN0_drop0p1__wd1e-04trmiss40_trlocglobal,32,0.0001,0.0001,1,16,1,False,0.1,lr1e-04_bs32_modL1_fusion16_fusionL1_fusionBN0_drop0p1__wd1e-04trmiss40_trlocglobal,12,0.6111903091271719,0.6712581515312195,0.75,0.7702846785220948,0.6888888888888889,0.0,0.0,0.0,0.0,0.0,0.0,0.0,0.0,0.0,,,,,18473,global,0.4
1,4,lr1e-04_bs32_modL1_fusion16_fusionL1_fusionBN0_drop0p1__wd1e-04trmiss40_trlocglobal,32,0.0001,0.0001,1,16,1,False,0.1,lr1e-04_bs32_modL1_fusion16_fusionL1_fusionBN0_drop0p1__wd1e-04trmiss40_trlocglobal,13,0.6070556243260702,0.6686089336872101,0.7638888888888888,0.7739213100025389,0.6666666666666666,0.0,0.0,0.0,0.0,0.0,0.0,0.0,0.0,0.0,,,,,18473,global,0.4
1,4,lr1e-04_bs32_modL1_fusion16_fusionL1_fusionBN0_drop0p1__wd1e-04trmiss40_trlocglobal,32,0.0001,0.0001,1,16,1,False,0.1,lr1e-04_bs32_modL1_fusion16_fusionL1_fusionBN0_drop0p1__wd1e-04trmiss40_trlocglobal,14,0.5926817854245504,0.6691567301750183,0.7361111111111112,0.7601247000289607,0.6888888888888889,0.0,0.0,0.0,0.0,0.0,0.0,0.0,0.0,0.0,,,,,18473,global,0.4
1,4,lr1e-04_bs32_modL1_fusion16_fusionL1_fusionBN0_drop0p1__wd1e-04trmiss40_trlocglobal,32,0.0001,0.0001,1,16,1,False,0.1,lr1e-04_bs32_modL1_fusion16_fusionL1_fusionBN0_drop0p1__wd1e-04trmiss40_trlocglobal,15,0.5892842809359232,0.6684929132461548,0.7281746031746031,0.7560740015345278,0.6444444444444445,0.0,0.0,0.0,0.0,0.0,0.0,0.0,0.0,0.0,,,,,18473,global,0.4
1,4,lr1e-04_bs32_modL1_fusion16_fusionL1_fusionBN0_drop0p1__wd1e-04trmiss40_trlocglobal,32,0.0001,0.0001,1,16,1,False,0.1,lr1e-04_bs32_modL1_fusion16_fusionL1_fusionBN0_drop0p1__wd1e-04trmiss40_trlocglobal,16,0.5876545409361521,0.6703323125839233,0.7202380952380953,0.7606313814034401,0.6444444444444445,0.0,0.0,0.0,0.0,0.0,0.0,0.0,0.0,0.0,,,,,18473,global,0.4
1,4,lr1e-04_bs32_modL1_fusion16_fusionL1_fusionBN0_drop0p1__wd1e-04trmiss40_trlocglobal,32,0.0001,0.0001,1,16,1,False,0.1,lr1e-04_bs32_modL1_fusion16_fusionL1_fusionBN0_drop0p1__wd1e-04trmiss40_trlocglobal,17,0.5901557405789694,0.6697327196598053,0.7123015873015873,0.7540335699875172,0.6222222222222222,0.0,0.0,0.0,0.0,0.0,0.0,0.0,0.0,0.0,,,,,18473,global,0.4
1,4,lr1e-04_bs32_modL1_fusion16_fusionL1_fusionBN0_drop0p1__wd1e-04trmiss40_trlocglobal,32,0.0001,0.0001,1,16,1,False,0.1,lr1e-04_bs32_modL1_fusion16_fusionL1_fusionBN0_drop0p1__wd1e-04trmiss40_trlocglobal,18,0.5741837918758392,0.6695289313793182,0.7023809523809524,0.7528708071424007,0.6444444444444445,0.0,0.0,0.0,0.0,0.0,0.0,0.0,0.0,0.0,,,,,18473,global,0.4
1,4,lr1e-04_bs32_modL1_fusion16_fusionL1_fusionBN0_drop0p1__wd1e-04trmiss40_trlocglobal,32,0.0001,0.0001,1,16,1,False,0.1,lr1e-04_bs32_modL1_fusion16_fusionL1_fusionBN0_drop0p1__wd1e-04trmiss40_trlocglobal,19,0.5718138217926025,0.6665761768817902,0.7083333333333333,0.7534123569748892,0.6888888888888889,0.0,0.0,0.0,0.0,0.0,0.0,0.0,0.0,0.0,,,,,18473,global,0.4
1,4,lr1e-04_bs32_modL1_fusion16_fusionL1_fusionBN0_drop0p1__wd1e-04trmiss40_trlocglobal,32,0.0001,0.0001,1,16,1,False,0.1,lr1e-04_bs32_modL1_fusion16_fusionL1_fusionBN0_drop0p1__wd1e-04trmiss40_trlocglobal,20,0.5645083586374918,0.6639969944953918,0.7242063492063492,0.7713094975384979,0.6888888888888889,0.0,0.0,0.0,0.0,0.0,0.0,0.0,0.0,0.0,,,,,18473,global,0.4
1,4,lr1e-04_bs32_modL1_fusion16_fusionL1_fusionBN0_drop0p1__wd1e-04trmiss40_trlocglobal,32,0.0001,0.0001,1,16,1,False,0.1,lr1e-04_bs32_modL1_fusion16_fusionL1_fusionBN0_drop0p1__wd1e-04trmiss40_trlocglobal,21,0.5632020135720571,0.6642806828022003,0.7182539682539683,0.7708470177377829,0.6666666666666666,0.0,0.0,0.0,0.0,0.0,0.0,0.0,0.0,0.0,,,,,18473,global,0.4
1,4,lr1e-04_bs32_modL1_fusion16_fusionL1_fusionBN0_drop0p1__wd1e-04trmiss40_trlocglobal,32,0.0001,0.0001,1,16,1,False,0.1,lr1e-04_bs32_modL1_fusion16_fusionL1_fusionBN0_drop0p1__wd1e-04trmiss40_trlocglobal,22,0.5666959683100382,0.664497047662735,0.7182539682539684,0.7740929199619536,0.6666666666666666,0.0,0.0,0.0,0.0,0.0,0.0,0.0,0.0,0.0,,,,,18473,global,0.4
1,4,lr1e-04_bs32_modL1_fusion16_fusionL1_fusionBN0_drop0p1__wd1e-04trmiss40_trlocglobal,32,0.0001,0.0001,1,16,1,False,0.1,lr1e-04_bs32_modL1_fusion16_fusionL1_fusionBN0_drop0p1__wd1e-04trmiss40_trlocglobal,23,0.5572094221909841,0.6660253405570984,0.7182539682539684,0.7622440414486374,0.6444444444444445,0.0,0.0,0.0,0.0,0.0,0.0,0.0,0.0,0.0,,,,,18473,global,0.4
1,4,lr1e-04_bs32_modL1_fusion16_fusionL1_fusionBN0_drop0p1__wd1e-04trmiss40_trlocglobal,32,0.0001,0.0001,1,16,1,False,0.1,lr1e-04_bs32_modL1_fusion16_fusionL1_fusionBN0_drop0p1__wd1e-04trmiss40_trlocglobal,24,0.5447633961836497,0.665999561548233,0.7103174603174603,0.7675685286130399,0.6444444444444445,0.0,0.0,0.0,0.0,0.0,0.0,0.0,0.0,0.0,,,,,18473,global,0.4
1,4,lr1e-04_bs32_modL1_fusion16_fusionL1_fusionBN0_drop0p1__wd1e-04trmiss40_trlocglobal,32,0.0001,0.0001,1,16,1,False,0.1,lr1e-04_bs32_modL1_fusion16_fusionL1_fusionBN0_drop0p1__wd1e-04trmiss40_trlocglobal,25,0.5501382748285929,0.6668378710746765,0.7003968253968255,0.7605359936215803,0.6666666666666666,0.0,0.0,0.0,0.0,0.0,0.0,0.0,0.0,0.0,,,,,18473,global,0.4
1,4,lr1e-04_bs32_modL1_fusion16_fusionL1_fusionBN0_drop0p1__wd1e-04trmiss40_trlocglobal,32,0.0001,0.0001,1,16,1,False,0.1,lr1e-04_bs32_modL1_fusion16_fusionL1_fusionBN0_drop0p1__wd1e-04trmiss40_trlocglobal,26,0.5432237188021342,0.665650874376297,0.7043650793650794,0.7620837290402835,0.6444444444444445,0.0,0.0,0.0,0.0,0.0,0.0,0.0,0.0,0.0,,,,,18473,global,0.4
1,4,lr1e-04_bs32_modL1_fusion16_fusionL1_fusionBN0_drop0p1__wd1e-04trmiss40_trlocglobal,32,0.0001,0.0001,1,16,1,False,0.1,lr1e-04_bs32_modL1_fusion16_fusionL1_fusionBN0_drop0p1__wd1e-04trmiss40_trlocglobal,27,0.5432547827561697,0.6671696603298187,0.7063492063492064,0.7606247832942672,0.6222222222222222,0.0,0.0,0.0,0.0,0.0,0.0,0.0,0.0,0.0,,,,,18473,global,0.4
1,4,lr1e-04_bs32_modL1_fusion16_fusionL1_fusionBN0_drop0p1__wd1e-04trmiss40_trlocglobal,32,0.0001,0.0001,1,16,1,False,0.1,lr1e-04_bs32_modL1_fusion16_fusionL1_fusionBN0_drop0p1__wd1e-04trmiss40_trlocglobal,28,0.5320053895314535,0.665571004152298,0.7162698412698413,0.7650754252449091,0.6444444444444445,0.0,0.0,0.0,0.0,0.0,0.0,0.0,0.0,0.0,,,,,18473,global,0.4
1,4,lr1e-04_bs32_modL1_fusion16_fusionL1_fusionBN0_drop0p1__wd1e-04trmiss40_trlocglobal,32,0.0001,0.0001,1,16,1,False,0.1,lr1e-04_bs32_modL1_fusion16_fusionL1_fusionBN0_drop0p1__wd1e-04trmiss40_trlocglobal,29,0.524083231886228,0.665601909160614,0.7043650793650793,0.751059616144897,0.6444444444444445,0.0,0.0,0.0,0.0,0.0,0.0,0.0,0.0,0.0,,,,,18473,global,0.4
1,4,lr1e-04_bs32_modL1_fusion16_fusionL1_fusionBN0_drop0p1__wd1e-04trmiss40_trlocglobal,32,0.0001,0.0001,1,16,1,False,0.1,lr1e-04_bs32_modL1_fusion16_fusionL1_fusionBN0_drop0p1__wd1e-04trmiss40_trlocglobal,30,0.5290550390879313,0.6667383313179016,0.6984126984126985,0.7506933681506752,0.6444444444444445,0.0,0.0,0.0,0.0,0.0,0.0,0.0,0.0,0.0,,,,,18473,global,0.4
1,4,lr1e-04_bs32_modL1_fusion16_fusionL1_fusionBN0_drop0p1__wd1e-04trmiss40_trlocglobal,32,0.0001,0.0001,1,16,1,False,0.1,lr1e-04_bs32_modL1_fusion16_fusionL1_fusionBN0_drop0p1__wd1e-04trmiss40_trlocglobal,31,0.5188201169172922,0.6660774648189545,0.6944444444444444,0.7494018013764402,0.7111111111111111,0.0,0.0,0.0,0.0,0.0,0.0,0.0,0.0,0.0,,,,,18473,global,0.4
1,4,lr1e-04_bs32_modL1_fusion16_fusionL1_fusionBN0_drop0p1__wd1e-04trmiss40_trlocglobal,32,0.0001,0.0001,1,16,1,False,0.1,lr1e-04_bs32_modL1_fusion16_fusionL1_fusionBN0_drop0p1__wd1e-04trmiss40_trlocglobal,32,0.5218287259340286,0.664245218038559,0.6964285714285715,0.7516953303647704,0.6888888888888889,0.0,0.0,0.0,0.0,0.0,0.0,0.0,0.0,0.0,,,,,18473,global,0.4
1,4,lr1e-04_bs32_modL1_fusion16_fusionL1_fusionBN0_drop0p1__wd1e-04trmiss40_trlocglobal,32,0.0001,0.0001,1,16,1,False,0.1,lr1e-04_bs32_modL1_fusion16_fusionL1_fusionBN0_drop0p1__wd1e-04trmiss40_trlocglobal,33,0.5150114099184672,0.662946879863739,0.7103174603174603,0.7593529800071637,0.7111111111111111,0.0,0.0,0.0,0.0,0.0,0.0,0.0,0.0,0.0,,,,,18473,global,0.4
1,4,lr1e-04_bs32_modL1_fusion32_fusionL1_fusionBN0_drop0p2__wd1e-04trmiss40_trlocglobal,32,0.0001,0.0001,1,32,1,False,0.2,lr1e-04_bs32_modL1_fusion32_fusionL1_fusionBN0_drop0p2__wd1e-04trmiss40_trlocglobal,1,0.6956209540367126,0.698252946138382,0.49603174603174605,0.5633776633567684,0.4888888888888889,0.0,0.0,0.0,0.0,0.0,0.0,0.0,0.0,0.0,,,,,18473,global,0.4
1,4,lr1e-04_bs32_modL1_fusion32_fusionL1_fusionBN0_drop0p2__wd1e-04trmiss40_trlocglobal,32,0.0001,0.0001,1,32,1,False,0.2,lr1e-04_bs32_modL1_fusion32_fusionL1_fusionBN0_drop0p2__wd1e-04trmiss40_trlocglobal,2,0.6799546778202057,0.697132021188736,0.5218253968253969,0.5693465196352223,0.4666666666666667,0.0,0.0,0.0,0.0,0.0,0.0,0.0,0.0,0.0,,,,,18473,global,0.4
1,4,lr1e-04_bs32_modL1_fusion32_fusionL1_fusionBN0_drop0p2__wd1e-04trmiss40_trlocglobal,32,0.0001,0.0001,1,32,1,False,0.2,lr1e-04_bs32_modL1_fusion32_fusionL1_fusionBN0_drop0p2__wd1e-04trmiss40_trlocglobal,3,0.6613167623678843,0.6953119039535522,0.5615079365079365,0.6034482353790765,0.4666666666666667,0.0,0.0,0.0,0.0,0.0,0.0,0.0,0.0,0.0,,,,,18473,global,0.4
1,4,lr1e-04_bs32_modL1_fusion32_fusionL1_fusionBN0_drop0p2__wd1e-04trmiss40_trlocglobal,32,0.0001,0.0001,1,32,1,False,0.2,lr1e-04_bs32_modL1_fusion32_fusionL1_fusionBN0_drop0p2__wd1e-04trmiss40_trlocglobal,4,0.656461238861084,0.6936120390892029,0.5813492063492064,0.6022457924488371,0.5111111111111111,0.0,0.0,0.0,0.0,0.0,0.0,0.0,0.0,0.0,,,,,18473,global,0.4
1,4,lr1e-04_bs32_modL1_fusion32_fusionL1_fusionBN0_drop0p2__wd1e-04trmiss40_trlocglobal,32,0.0001,0.0001,1,32,1,False,0.2,lr1e-04_bs32_modL1_fusion32_fusionL1_fusionBN0_drop0p2__wd1e-04trmiss40_trlocglobal,5,0.6506141424179077,0.692796140909195,0.5813492063492064,0.6045584120079646,0.5111111111111111,0.0,0.0,0.0,0.0,0.0,0.0,0.0,0.0,0.0,,,,,18473,global,0.4
1,4,lr1e-04_bs32_modL1_fusion32_fusionL1_fusionBN0_drop0p2__wd1e-04trmiss40_trlocglobal,32,0.0001,0.0001,1,32,1,False,0.2,lr1e-04_bs32_modL1_fusion32_fusionL1_fusionBN0_drop0p2__wd1e-04trmiss40_trlocglobal,6,0.6454107165336609,0.6930435001850128,0.5773809523809523,0.6050734480872589,0.5111111111111111,0.0,0.0,0.0,0.0,0.0,0.0,0.0,0.0,0.0,,,,,18473,global,0.4
1,4,lr1e-04_bs32_modL1_fusion32_fusionL1_fusionBN0_drop0p2__wd1e-04trmiss40_trlocglobal,32,0.0001,0.0001,1,32,1,False,0.2,lr1e-04_bs32_modL1_fusion32_fusionL1_fusionBN0_drop0p2__wd1e-04trmiss40_trlocglobal,7,0.6389870444933573,0.6901128590106964,0.5952380952380952,0.6202619572833104,0.5111111111111111,0.0,0.0,0.0,0.0,0.0,0.0,0.0,0.0,0.0,,,,,18473,global,0.4
1,4,lr1e-04_bs32_modL1_fusion32_fusionL1_fusionBN0_drop0p2__wd1e-04trmiss40_trlocglobal,32,0.0001,0.0001,1,32,1,False,0.2,lr1e-04_bs32_modL1_fusion32_fusionL1_fusionBN0_drop0p2__wd1e-04trmiss40_trlocglobal,8,0.6294454832871755,0.6889559626579285,0.5992063492063492,0.6219163336087392,0.4666666666666667,0.0,0.0,0.0,0.0,0.0,0.0,0.0,0.0,0.0,,,,,18473,global,0.4
1,4,lr1e-04_bs32_modL1_fusion32_fusionL1_fusionBN0_drop0p2__wd1e-04trmiss40_trlocglobal,32,0.0001,0.0001,1,32,1,False,0.2,lr1e-04_bs32_modL1_fusion32_fusionL1_fusionBN0_drop0p2__wd1e-04trmiss40_trlocglobal,9,0.6218197047710419,0.6867828071117401,0.6130952380952382,0.6349143572975524,0.5111111111111111,0.0,0.0,0.0,0.0,0.0,0.0,0.0,0.0,0.0,,,,,18473,global,0.4
1,4,lr1e-04_bs32_modL1_fusion32_fusionL1_fusionBN0_drop0p2__wd1e-04trmiss40_trlocglobal,32,0.0001,0.0001,1,32,1,False,0.2,lr1e-04_bs32_modL1_fusion32_fusionL1_fusionBN0_drop0p2__wd1e-04trmiss40_trlocglobal,10,0.6131632427374522,0.684334933757782,0.6269841269841271,0.6749640113845049,0.5333333333333333,0.0,0.0,0.0,0.0,0.0,0.0,0.0,0.0,0.0,,,,,18473,global,0.4
1,4,lr1e-04_bs32_modL1_fusion32_fusionL1_fusionBN0_drop0p2__wd1e-04trmiss40_trlocglobal,32,0.0001,0.0001,1,32,1,False,0.2,lr1e-04_bs32_modL1_fusion32_fusionL1_fusionBN0_drop0p2__wd1e-04trmiss40_trlocglobal,11,0.6005139549573263,0.685060441493988,0.6111111111111112,0.6622407731656349,0.5333333333333333,0.0,0.0,0.0,0.0,0.0,0.0,0.0,0.0,0.0,,,,,18473,global,0.4
1,4,lr1e-04_bs32_modL1_fusion32_fusionL1_fusionBN0_drop0p2__wd1e-04trmiss40_trlocglobal,32,0.0001,0.0001,1,32,1,False,0.2,lr1e-04_bs32_modL1_fusion32_fusionL1_fusionBN0_drop0p2__wd1e-04trmiss40_trlocglobal,12,0.5982756912708282,0.6829822063446045,0.6210317460317462,0.6699184745571044,0.5333333333333333,0.0,0.0,0.0,0.0,0.0,0.0,0.0,0.0,0.0,,,,,18473,global,0.4
1,4,lr1e-04_bs32_modL1_fusion32_fusionL1_fusionBN0_drop0p2__wd1e-04trmiss40_trlocglobal,32,0.0001,0.0001,1,32,1,False,0.2,lr1e-04_bs32_modL1_fusion32_fusionL1_fusionBN0_drop0p2__wd1e-04trmiss40_trlocglobal,13,0.5962211589018503,0.6799642741680145,0.6408730158730159,0.6884822266557039,0.5777777777777777,0.0,0.0,0.0,0.0,0.0,0.0,0.0,0.0,0.0,,,,,18473,global,0.4
1,4,lr1e-04_bs32_modL1_fusion32_fusionL1_fusionBN0_drop0p2__wd1e-04trmiss40_trlocglobal,32,0.0001,0.0001,1,32,1,False,0.2,lr1e-04_bs32_modL1_fusion32_fusionL1_fusionBN0_drop0p2__wd1e-04trmiss40_trlocglobal,14,0.5978192289670309,0.6794573068618774,0.6488095238095237,0.6961203497384364,0.5777777777777777,0.0,0.0,0.0,0.0,0.0,0.0,0.0,0.0,0.0,,,,,18473,global,0.4
1,4,lr1e-04_bs32_modL1_fusion32_fusionL1_fusionBN0_drop0p2__wd1e-04trmiss40_trlocglobal,32,0.0001,0.0001,1,32,1,False,0.2,lr1e-04_bs32_modL1_fusion32_fusionL1_fusionBN0_drop0p2__wd1e-04trmiss40_trlocglobal,15,0.5880861580371857,0.6774149835109711,0.6527777777777779,0.7083532704846954,0.6222222222222222,0.0,0.0,0.0,0.0,0.0,0.0,0.0,0.0,0.0,,,,,18473,global,0.4
1,4,lr1e-04_bs32_modL1_fusion32_fusionL1_fusionBN0_drop0p2__wd1e-04trmiss40_trlocglobal,32,0.0001,0.0001,1,32,1,False,0.2,lr1e-04_bs32_modL1_fusion32_fusionL1_fusionBN0_drop0p2__wd1e-04trmiss40_trlocglobal,16,0.5755663216114044,0.6778382658958435,0.6507936507936508,0.712898344287282,0.6222222222222222,0.0,0.0,0.0,0.0,0.0,0.0,0.0,0.0,0.0,,,,,18473,global,0.4
1,4,lr1e-04_bs32_modL1_fusion32_fusionL1_fusionBN0_drop0p2__wd1e-04trmiss40_trlocglobal,32,0.0001,0.0001,1,32,1,False,0.2,lr1e-04_bs32_modL1_fusion32_fusionL1_fusionBN0_drop0p2__wd1e-04trmiss40_trlocglobal,17,0.5677742063999176,0.6757111847400665,0.6646825396825398,0.7226316315248151,0.6,0.0,0.0,0.0,0.0,0.0,0.0,0.0,0.0,0.0,,,,,18473,global,0.4
1,4,lr1e-04_bs32_modL1_fusion32_fusionL1_fusionBN0_drop0p2__wd1e-04trmiss40_trlocglobal,32,0.0001,0.0001,1,32,1,False,0.2,lr1e-04_bs32_modL1_fusion32_fusionL1_fusionBN0_drop0p2__wd1e-04trmiss40_trlocglobal,18,0.570016215244929,0.6745312511920929,0.6686507936507937,0.7212693303866987,0.6,0.0,0.0,0.0,0.0,0.0,0.0,0.0,0.0,0.0,,,,,18473,global,0.4
1,4,lr1e-04_bs32_modL1_fusion32_fusionL1_fusionBN0_drop0p2__wd1e-04trmiss40_trlocglobal,32,0.0001,0.0001,1,32,1,False,0.2,lr1e-04_bs32_modL1_fusion32_fusionL1_fusionBN0_drop0p2__wd1e-04trmiss40_trlocglobal,19,0.5552562475204468,0.6721349358558655,0.6746031746031746,0.7212424974160537,0.6222222222222222,0.0,0.0,0.0,0.0,0.0,0.0,0.0,0.0,0.0,,,,,18473,global,0.4
1,4,lr1e-04_bs32_modL1_fusion32_fusionL1_fusionBN0_drop0p2__wd1e-04trmiss40_trlocglobal,32,0.0001,0.0001,1,32,1,False,0.2,lr1e-04_bs32_modL1_fusion32_fusionL1_fusionBN0_drop0p2__wd1e-04trmiss40_trlocglobal,20,0.5615123609701792,0.6685354709625244,0.6706349206349207,0.7076101938920463,0.6222222222222222,0.0,0.0,0.0,0.0,0.0,0.0,0.0,0.0,0.0,,,,,18473,global,0.4
1,4,lr1e-04_bs32_modL1_fusion32_fusionL1_fusionBN0_drop0p2__wd1e-04trmiss40_trlocglobal,32,0.0001,0.0001,1,32,1,False,0.2,lr1e-04_bs32_modL1_fusion32_fusionL1_fusionBN0_drop0p2__wd1e-04trmiss40_trlocglobal,21,0.5466215908527374,0.6655246019363403,0.6865079365079366,0.7302104065198324,0.6444444444444445,0.0,0.0,0.0,0.0,0.0,0.0,0.0,0.0,0.0,,,,,18473,global,0.4
1,4,lr1e-04_bs32_modL1_fusion32_fusionL1_fusionBN0_drop0p2__wd1e-04trmiss40_trlocglobal,32,0.0001,0.0001,1,32,1,False,0.2,lr1e-04_bs32_modL1_fusion32_fusionL1_fusionBN0_drop0p2__wd1e-04trmiss40_trlocglobal,22,0.5380388100941976,0.6637218594551086,0.6924603174603176,0.737049021788355,0.7111111111111111,0.0,0.0,0.0,0.0,0.0,0.0,0.0,0.0,0.0,,,,,18473,global,0.4
1,4,lr1e-04_bs32_modL1_fusion32_fusionL1_fusionBN0_drop0p2__wd1e-04trmiss40_trlocglobal,32,0.0001,0.0001,1,32,1,False,0.2,lr1e-04_bs32_modL1_fusion32_fusionL1_fusionBN0_drop0p2__wd1e-04trmiss40_trlocglobal,23,0.5383272270361582,0.6632925271987915,0.6904761904761906,0.7322310640551958,0.7111111111111111,0.0,0.0,0.0,0.0,0.0,0.0,0.0,0.0,0.0,,,,,18473,global,0.4
1,4,lr1e-04_bs32_modL1_fusion32_fusionL1_fusionBN0_drop0p2__wd1e-04trmiss40_trlocglobal,32,0.0001,0.0001,1,32,1,False,0.2,lr1e-04_bs32_modL1_fusion32_fusionL1_fusionBN0_drop0p2__wd1e-04trmiss40_trlocglobal,24,0.5341362655162811,0.6597174406051636,0.7063492063492064,0.7426386664510066,0.7111111111111111,0.0,0.0,0.0,0.0,0.0,0.0,0.0,0.0,0.0,,,,,18473,global,0.4
1,4,lr1e-04_bs32_modL1_fusion32_fusionL1_fusionBN0_drop0p2__wd1e-04trmiss40_trlocglobal,32,0.0001,0.0001,1,32,1,False,0.2,lr1e-04_bs32_modL1_fusion32_fusionL1_fusionBN0_drop0p2__wd1e-04trmiss40_trlocglobal,25,0.52166219552358,0.6575490832328796,0.7083333333333334,0.7427355635962202,0.7111111111111111,0.0,0.0,0.0,0.0,0.0,0.0,0.0,0.0,0.0,,,,,18473,global,0.4
1,4,lr1e-04_bs32_modL1_fusion32_fusionL1_fusionBN0_drop0p2__wd1e-04trmiss40_trlocglobal,32,0.0001,0.0001,1,32,1,False,0.2,lr1e-04_bs32_modL1_fusion32_fusionL1_fusionBN0_drop0p2__wd1e-04trmiss40_trlocglobal,26,0.5178457051515579,0.6571474671363831,0.7003968253968255,0.730484001344658,0.7111111111111111,0.0,0.0,0.0,0.0,0.0,0.0,0.0,0.0,0.0,,,,,18473,global,0.4
1,4,lr1e-04_bs32_modL1_fusion32_fusionL1_fusionBN0_drop0p2__wd1e-04trmiss40_trlocglobal,32,0.0001,0.0001,1,32,1,False,0.2,lr1e-04_bs32_modL1_fusion32_fusionL1_fusionBN0_drop0p2__wd1e-04trmiss40_trlocglobal,27,0.5109025239944458,0.6571345627307892,0.7023809523809524,0.732741080824968,0.7111111111111111,0.0,0.0,0.0,0.0,0.0,0.0,0.0,0.0,0.0,,,,,18473,global,0.4
1,4,lr1e-04_bs32_modL1_fusion32_fusionL1_fusionBN0_drop0p2__wd1e-04trmiss40_trlocglobal,32,0.0001,0.0001,1,32,1,False,0.2,lr1e-04_bs32_modL1_fusion32_fusionL1_fusionBN0_drop0p2__wd1e-04trmiss40_trlocglobal,28,0.4929359604914983,0.6578483283519745,0.6984126984126985,0.7282266217846468,0.7111111111111111,0.0,0.0,0.0,0.0,0.0,0.0,0.0,0.0,0.0,,,,,18473,global,0.4
1,4,lr1e-04_bs32_modL1_fusion32_fusionL1_fusionBN0_drop0p2__wd1e-04trmiss40_trlocglobal,32,0.0001,0.0001,1,32,1,False,0.2,lr1e-04_bs32_modL1_fusion32_fusionL1_fusionBN0_drop0p2__wd1e-04trmiss40_trlocglobal,29,0.504570484161377,0.6551878750324249,0.6865079365079366,0.7178091776558183,0.6888888888888889,0.0,0.0,0.0,0.0,0.0,0.0,0.0,0.0,0.0,,,,,18473,global,0.4
1,4,lr1e-04_bs32_modL1_fusion32_fusionL1_fusionBN0_drop0p2__wd1e-04trmiss40_trlocglobal,32,0.0001,0.0001,1,32,1,False,0.2,lr1e-04_bs32_modL1_fusion32_fusionL1_fusionBN0_drop0p2__wd1e-04trmiss40_trlocglobal,30,0.49565746386845905,0.6530925929546356,0.6944444444444444,0.7366687058052245,0.7111111111111111,0.0,0.0,0.0,0.0,0.0,0.0,0.0,0.0,0.0,,,,,18473,global,0.4
1,4,lr1e-04_bs32_modL1_fusion32_fusionL1_fusionBN0_drop0p2__wd1e-04trmiss40_trlocglobal,32,0.0001,0.0001,1,32,1,False,0.2,lr1e-04_bs32_modL1_fusion32_fusionL1_fusionBN0_drop0p2__wd1e-04trmiss40_trlocglobal,31,0.5078831762075424,0.6546033024787903,0.6924603174603176,0.7379973669729775,0.6888888888888889,0.0,0.0,0.0,0.0,0.0,0.0,0.0,0.0,0.0,,,,,18473,global,0.4
1,4,lr1e-04_bs32_modL1_fusion32_fusionL1_fusionBN0_drop0p2__wd1e-04trmiss40_trlocglobal,32,0.0001,0.0001,1,32,1,False,0.2,lr1e-04_bs32_modL1_fusion32_fusionL1_fusionBN0_drop0p2__wd1e-04trmiss40_trlocglobal,32,0.48274051149686176,0.6530345976352692,0.7003968253968254,0.7334434278417602,0.6666666666666666,0.0,0.0,0.0,0.0,0.0,0.0,0.0,0.0,0.0,,,,,18473,global,0.4
1,4,lr1e-04_bs32_modL1_fusion32_fusionL1_fusionBN0_drop0p2__wd1e-04trmiss40_trlocglobal,32,0.0001,0.0001,1,32,1,False,0.2,lr1e-04_bs32_modL1_fusion32_fusionL1_fusionBN0_drop0p2__wd1e-04trmiss40_trlocglobal,33,0.47531212369600934,0.6508772969245911,0.6924603174603174,0.7367304111127012,0.6444444444444445,0.0,0.0,0.0,0.0,0.0,0.0,0.0,0.0,0.0,,,,,18473,global,0.4
1,4,lr1e-04_bs32_modL1_fusion32_fusionL1_fusionBN0_drop0p2__wd1e-04trmiss40_trlocglobal,32,0.0001,0.0001,1,32,1,False,0.2,lr1e-04_bs32_modL1_fusion32_fusionL1_fusionBN0_drop0p2__wd1e-04trmiss40_trlocglobal,34,0.4674459248781204,0.648661345243454,0.6984126984126984,0.7385866661862059,0.6222222222222222,0.0,0.0,0.0,0.0,0.0,0.0,0.0,0.0,0.0,,,,,18473,global,0.4
1,4,lr1e-04_bs32_modL1_fusion32_fusionL1_fusionBN0_drop0p2__wd1e-04trmiss40_trlocglobal,32,0.0001,0.0001,1,32,1,False,0.2,lr1e-04_bs32_modL1_fusion32_fusionL1_fusionBN0_drop0p2__wd1e-04trmiss40_trlocglobal,35,0.4663727482159932,0.6512605845928192,0.6825396825396824,0.7139519212086897,0.6888888888888889,0.0,0.0,0.0,0.0,0.0,0.0,0.0,0.0,0.0,,,,,18473,global,0.4
1,4,lr1e-04_bs32_modL1_fusion32_fusionL1_fusionBN0_drop0p2__wd1e-04trmiss40_trlocglobal,32,0.0001,0.0001,1,32,1,False,0.2,lr1e-04_bs32_modL1_fusion32_fusionL1_fusionBN0_drop0p2__wd1e-04trmiss40_trlocglobal,36,0.4587150514125824,0.6524643301963806,0.6785714285714285,0.7060631773016799,0.6888888888888889,0.0,0.0,0.0,0.0,0.0,0.0,0.0,0.0,0.0,,,,,18473,global,0.4
1,4,lr1e-04_bs32_modL1_fusion32_fusionL1_fusionBN0_drop0p2__wd1e-04trmiss40_trlocglobal,32,0.0001,0.0001,1,32,1,False,0.2,lr1e-04_bs32_modL1_fusion32_fusionL1_fusionBN0_drop0p2__wd1e-04trmiss40_trlocglobal,37,0.4517586330572764,0.6539839208126068,0.6765873015873016,0.7019334468711365,0.6666666666666666,0.0,0.0,0.0,0.0,0.0,0.0,0.0,0.0,0.0,,,,,18473,global,0.4
1,4,lr1e-04_bs32_modL1_fusion32_fusionL1_fusionBN0_drop0p2__wd1e-04trmiss40_trlocglobal,32,0.0001,0.0001,1,32,1,False,0.2,lr1e-04_bs32_modL1_fusion32_fusionL1_fusionBN0_drop0p2__wd1e-04trmiss40_trlocglobal,38,0.4432637244462967,0.653999924659729,0.6607142857142857,0.690100495605714,0.6666666666666666,0.0,0.0,0.0,0.0,0.0,0.0,0.0,0.0,0.0,,,,,18473,global,0.4
1,4,lr1e-04_bs32_modL1_fusion32_fusionL1_fusionBN0_drop0p2__wd1e-04trmiss40_trlocglobal,32,0.0001,0.0001,1,32,1,False,0.2,lr1e-04_bs32_modL1_fusion32_fusionL1_fusionBN0_drop0p2__wd1e-04trmiss40_trlocglobal,39,0.4332009454568227,0.6528192460536957,0.6746031746031746,0.7022809724515225,0.6444444444444445,0.0,0.0,0.0,0.0,0.0,0.0,0.0,0.0,0.0,,,,,18473,global,0.4
1,4,lr1e-04_bs32_modL1_fusion32_fusionL1_fusionBN0_drop0p2__wd1e-04trmiss40_trlocglobal,32,0.0001,0.0001,1,32,1,False,0.2,lr1e-04_bs32_modL1_fusion32_fusionL1_fusionBN0_drop0p2__wd1e-04trmiss40_trlocglobal,40,0.44090767701466876,0.6507822573184967,0.6805555555555556,0.7117726432743038,0.6666666666666666,0.0,0.0,0.0,0.0,0.0,0.0,0.0,0.0,0.0,,,,,18473,global,0.4
1,4,lr1e-04_bs32_modL1_fusion32_fusionL1_fusionBN0_drop0p2__wd1e-04trmiss40_trlocglobal,32,0.0001,0.0001,1,32,1,False,0.2,lr1e-04_bs32_modL1_fusion32_fusionL1_fusionBN0_drop0p2__wd1e-04trmiss40_trlocglobal,41,0.43879981338977814,0.6479342579841614,0.6924603174603174,0.7228814254504555,0.6444444444444445,0.0,0.0,0.0,0.0,0.0,0.0,0.0,0.0,0.0,,,,,18473,global,0.4
1,4,lr1e-04_bs32_modL1_fusion32_fusionL1_fusionBN0_drop0p2__wd1e-04trmiss40_trlocglobal,32,0.0001,0.0001,1,32,1,False,0.2,lr1e-04_bs32_modL1_fusion32_fusionL1_fusionBN0_drop0p2__wd1e-04trmiss40_trlocglobal,42,0.431986798842748,0.6462323069572449,0.7023809523809524,0.7258875530429801,0.6222222222222222,0.0,0.0,0.0,0.0,0.0,0.0,0.0,0.0,0.0,,,,,18473,global,0.4
1,4,lr1e-04_bs32_modL1_fusion32_fusionL1_fusionBN0_drop0p2__wd1e-04trmiss40_trlocglobal,32,0.0001,0.0001,1,32,1,False,0.2,lr1e-04_bs32_modL1_fusion32_fusionL1_fusionBN0_drop0p2__wd1e-04trmiss40_trlocglobal,43,0.42844166855017346,0.644438773393631,0.7103174603174603,0.7292779095063814,0.6222222222222222,0.0,0.0,0.0,0.0,0.0,0.0,0.0,0.0,0.0,,,,,18473,global,0.4
1,4,lr1e-04_bs32_modL1_fusion32_fusionL1_fusionBN0_drop0p2__wd1e-04trmiss40_trlocglobal,32,0.0001,0.0001,1,32,1,False,0.2,lr1e-04_bs32_modL1_fusion32_fusionL1_fusionBN0_drop0p2__wd1e-04trmiss40_trlocglobal,44,0.42998455961545307,0.6429339647293091,0.7063492063492064,0.7296603353377765,0.6666666666666666,0.0,0.0,0.0,0.0,0.0,0.0,0.0,0.0,0.0,,,,,18473,global,0.4
1,4,lr1e-04_bs32_modL1_fusion32_fusionL1_fusionBN0_drop0p2__wd1e-04trmiss40_trlocglobal,32,0.0001,0.0001,1,32,1,False,0.2,lr1e-04_bs32_modL1_fusion32_fusionL1_fusionBN0_drop0p2__wd1e-04trmiss40_trlocglobal,45,0.42476555705070496,0.6431891024112701,0.7043650793650794,0.7279045273319685,0.6666666666666666,0.0,0.0,0.0,0.0,0.0,0.0,0.0,0.0,0.0,,,,,18473,global,0.4
1,4,lr1e-04_bs32_modL1_fusion32_fusionL1_fusionBN0_drop0p2__wd1e-04trmiss40_trlocglobal,32,0.0001,0.0001,1,32,1,False,0.2,lr1e-04_bs32_modL1_fusion32_fusionL1_fusionBN0_drop0p2__wd1e-04trmiss40_trlocglobal,46,0.4205360213915507,0.6433788537979126,0.7023809523809524,0.727984965500642,0.6222222222222222,0.0,0.0,0.0,0.0,0.0,0.0,0.0,0.0,0.0,,,,,18473,global,0.4
1,4,lr1e-04_bs32_modL1_fusion32_fusionL1_fusionBN0_drop0p2__wd1e-04trmiss40_trlocglobal,32,0.0001,0.0001,1,32,1,False,0.2,lr1e-04_bs32_modL1_fusion32_fusionL1_fusionBN0_drop0p2__wd1e-04trmiss40_trlocglobal,47,0.41584303478399914,0.6409655213356018,0.7123015873015873,0.7387107897209954,0.6666666666666666,0.0,0.0,0.0,0.0,0.0,0.0,0.0,0.0,0.0,,,,,18473,global,0.4
1,4,lr1e-04_bs32_modL1_fusion32_fusionL1_fusionBN0_drop0p2__wd1e-04trmiss40_trlocglobal,32,0.0001,0.0001,1,32,1,False,0.2,lr1e-04_bs32_modL1_fusion32_fusionL1_fusionBN0_drop0p2__wd1e-04trmiss40_trlocglobal,48,0.420366699496905,0.6365703642368317,0.7301587301587302,0.7574253220423918,0.7111111111111111,0.0,0.0,0.0,0.0,0.0,0.0,0.0,0.0,0.0,,,,,18473,global,0.4
1,4,lr1e-04_bs32_modL1_fusion32_fusionL1_fusionBN0_drop0p2__wd1e-04trmiss40_trlocglobal,32,0.0001,0.0001,1,32,1,False,0.2,lr1e-04_bs32_modL1_fusion32_fusionL1_fusionBN0_drop0p2__wd1e-04trmiss40_trlocglobal,49,0.4163142442703247,0.6344119310379028,0.7301587301587302,0.7583569535653026,0.6444444444444445,0.0,0.0,0.0,0.0,0.0,0.0,0.0,0.0,0.0,,,,,18473,global,0.4
1,4,lr1e-04_bs32_modL1_fusion32_fusionL1_fusionBN0_drop0p2__wd1e-04trmiss40_trlocglobal,32,0.0001,0.0001,1,32,1,False,0.2,lr1e-04_bs32_modL1_fusion32_fusionL1_fusionBN0_drop0p2__wd1e-04trmiss40_trlocglobal,50,0.40875175098578137,0.6351003348827362,0.7202380952380952,0.7474752591347624,0.6666666666666666,0.0,0.0,0.0,0.0,0.0,0.0,0.0,0.0,0.0,,,,,18473,global,0.4
1,4,lr1e-04_bs32_modL1_fusion32_fusionL1_fusionBN0_drop0p2__wd1e-04trmiss40_trlocglobal,32,0.0001,0.0001,1,32,1,False,0.2,lr1e-04_bs32_modL1_fusion32_fusionL1_fusionBN0_drop0p2__wd1e-04trmiss40_trlocglobal,51,0.4076482305924098,0.6351481378078461,0.7202380952380952,0.7463176159428055,0.6666666666666666,0.0,0.0,0.0,0.0,0.0,0.0,0.0,0.0,0.0,,,,,18473,global,0.4
1,4,lr1e-04_bs32_modL1_fusion32_fusionL1_fusionBN0_drop0p2__wd1e-04trmiss40_trlocglobal,32,0.0001,0.0001,1,32,1,False,0.2,lr1e-04_bs32_modL1_fusion32_fusionL1_fusionBN0_drop0p2__wd1e-04trmiss40_trlocglobal,52,0.4055978109439214,0.6357682049274445,0.7162698412698413,0.7445277164813374,0.6888888888888889,0.0,0.0,0.0,0.0,0.0,0.0,0.0,0.0,0.0,,,,,18473,global,0.4
1,4,lr1e-04_bs32_modL1_fusion32_fusionL1_fusionBN0_drop0p2__wd1e-04trmiss40_trlocglobal,32,0.0001,0.0001,1,32,1,False,0.2,lr1e-04_bs32_modL1_fusion32_fusionL1_fusionBN0_drop0p2__wd1e-04trmiss40_trlocglobal,53,0.3935481657584508,0.6350218951702118,0.7182539682539683,0.7409472192571401,0.6666666666666666,0.0,0.0,0.0,0.0,0.0,0.0,0.0,0.0,0.0,,,,,18473,global,0.4
1,4,lr1e-04_bs32_modL1_fusion32_fusionL1_fusionBN0_drop0p2__wd1e-04trmiss40_trlocglobal,32,0.0001,0.0001,1,32,1,False,0.2,lr1e-04_bs32_modL1_fusion32_fusionL1_fusionBN0_drop0p2__wd1e-04trmiss40_trlocglobal,54,0.4089040656884511,0.6361917853355408,0.7063492063492063,0.7303611960298456,0.6888888888888889,0.0,0.0,0.0,0.0,0.0,0.0,0.0,0.0,0.0,,,,,18473,global,0.4
1,4,lr1e-04_bs32_modL1_fusion32_fusionL1_fusionBN0_drop0p2__wd1e-04trmiss40_trlocglobal,32,0.0001,0.0001,1,32,1,False,0.2,lr1e-04_bs32_modL1_fusion32_fusionL1_fusionBN0_drop0p2__wd1e-04trmiss40_trlocglobal,55,0.3945479542016983,0.6348125338554382,0.7142857142857142,0.739757355426005,0.6222222222222222,0.0,0.0,0.0,0.0,0.0,0.0,0.0,0.0,0.0,,,,,18473,global,0.4
1,4,lr1e-04_bs32_modL1_fusion32_fusionL1_fusionBN0_drop0p2__wd1e-04trmiss40_trlocglobal,32,0.0001,0.0001,1,32,1,False,0.2,lr1e-04_bs32_modL1_fusion32_fusionL1_fusionBN0_drop0p2__wd1e-04trmiss40_trlocglobal,56,0.38853737711906433,0.6339316368103027,0.7142857142857143,0.7425820967416,0.6444444444444445,0.0,0.0,0.0,0.0,0.0,0.0,0.0,0.0,0.0,,,,,18473,global,0.4
1,4,lr1e-04_bs32_modL1_fusion32_fusionL1_fusionBN0_drop0p2__wd1e-04trmiss40_trlocglobal,32,0.0001,0.0001,1,32,1,False,0.2,lr1e-04_bs32_modL1_fusion32_fusionL1_fusionBN0_drop0p2__wd1e-04trmiss40_trlocglobal,57,0.3898997704188029,0.6333664655685425,0.7123015873015873,0.7533076513312519,0.6222222222222222,0.0,0.0,0.0,0.0,0.0,0.0,0.0,0.0,0.0,,,,,18473,global,0.4
1,4,lr1e-04_bs32_modL1_fusion32_fusionL1_fusionBN0_drop0p2__wd1e-04trmiss40_trlocglobal,32,0.0001,0.0001,1,32,1,False,0.2,lr1e-04_bs32_modL1_fusion32_fusionL1_fusionBN0_drop0p2__wd1e-04trmiss40_trlocglobal,58,0.3991146733363469,0.631909966468811,0.7182539682539684,0.756710918118665,0.6444444444444445,0.0,0.0,0.0,0.0,0.0,0.0,0.0,0.0,0.0,,,,,18473,global,0.4
1,4,lr1e-04_bs32_modL1_fusion32_fusionL1_fusionBN0_drop0p2__wd1e-04trmiss40_trlocglobal,32,0.0001,0.0001,1,32,1,False,0.2,lr1e-04_bs32_modL1_fusion32_fusionL1_fusionBN0_drop0p2__wd1e-04trmiss40_trlocglobal,59,0.38806281983852386,0.6308821737766266,0.7202380952380952,0.7565434344585343,0.6444444444444445,0.0,0.0,0.0,0.0,0.0,0.0,0.0,0.0,0.0,,,,,18473,global,0.4
1,4,lr1e-04_bs32_modL1_fusion32_fusionL1_fusionBN0_drop0p2__wd1e-04trmiss40_trlocglobal,32,0.0001,0.0001,1,32,1,False,0.2,lr1e-04_bs32_modL1_fusion32_fusionL1_fusionBN0_drop0p2__wd1e-04trmiss40_trlocglobal,60,0.3905262251694997,0.6315285563468933,0.7182539682539684,0.7547850751132515,0.6444444444444445,0.0,0.0,0.0,0.0,0.0,0.0,0.0,0.0,0.0,,,,,18473,global,0.4
1,4,lr1e-04_bs32_modL1_fusion32_fusionL1_fusionBN0_drop0p2__wd1e-04trmiss40_trlocglobal,32,0.0001,0.0001,1,32,1,False,0.2,lr1e-04_bs32_modL1_fusion32_fusionL1_fusionBN0_drop0p2__wd1e-04trmiss40_trlocglobal,61,0.37961510320504505,0.6325883567333221,0.7162698412698413,0.7533028155427567,0.6666666666666666,0.0,0.0,0.0,0.0,0.0,0.0,0.0,0.0,0.0,,,,,18473,global,0.4
1,4,lr1e-04_bs32_modL1_fusion32_fusionL1_fusionBN0_drop0p2__wd1e-04trmiss40_trlocglobal,32,0.0001,0.0001,1,32,1,False,0.2,lr1e-04_bs32_modL1_fusion32_fusionL1_fusionBN0_drop0p2__wd1e-04trmiss40_trlocglobal,62,0.3831743399302165,0.6334996819496155,0.7103174603174602,0.7482872242499915,0.6666666666666666,0.0,0.0,0.0,0.0,0.0,0.0,0.0,0.0,0.0,,,,,18473,global,0.4
1,4,lr1e-04_bs32_modL1_fusion32_fusionL1_fusionBN0_drop0p2__wd1e-04trmiss40_trlocglobal,32,0.0001,0.0001,1,32,1,False,0.2,lr1e-04_bs32_modL1_fusion32_fusionL1_fusionBN0_drop0p2__wd1e-04trmiss40_trlocglobal,63,0.37846757968266803,0.6342023015022278,0.7063492063492064,0.7309892444520117,0.6444444444444445,0.0,0.0,0.0,0.0,0.0,0.0,0.0,0.0,0.0,,,,,18473,global,0.4
1,4,lr1e-04_bs32_modL1_fusion32_fusionL1_fusionBN0_drop0p2__wd1e-04trmiss40_trlocglobal,32,0.0001,0.0001,1,32,1,False,0.2,lr1e-04_bs32_modL1_fusion32_fusionL1_fusionBN0_drop0p2__wd1e-04trmiss40_trlocglobal,64,0.38415729999542236,0.6345890462398529,0.7123015873015873,0.7454504492846669,0.6444444444444445,0.0,0.0,0.0,0.0,0.0,0.0,0.0,0.0,0.0,,,,,18473,global,0.4
1,4,lr1e-04_bs32_modL1_fusion32_fusionL1_fusionBN0_drop0p2__wd1e-04trmiss40_trlocglobal,32,0.0001,0.0001,1,32,1,False,0.2,lr1e-04_bs32_modL1_fusion32_fusionL1_fusionBN0_drop0p2__wd1e-04trmiss40_trlocglobal,65,0.38675426443417865,0.6333960592746735,0.7142857142857143,0.7491541529883705,0.6222222222222222,0.0,0.0,0.0,0.0,0.0,0.0,0.0,0.0,0.0,,,,,18473,global,0.4
1,4,lr1e-04_bs32_modL1_fusion32_fusionL1_fusionBN0_drop0p2__wd1e-04trmiss40_trlocglobal,32,0.0001,0.0001,1,32,1,False,0.2,lr1e-04_bs32_modL1_fusion32_fusionL1_fusionBN0_drop0p2__wd1e-04trmiss40_trlocglobal,66,0.3845721185207367,0.6327193975448608,0.7162698412698413,0.7518250931593107,0.6,0.0,0.0,0.0,0.0,0.0,0.0,0.0,0.0,0.0,,,,,18473,global,0.4
1,4,lr1e-04_bs32_modL1_fusion32_fusionL1_fusionBN0_drop0p2__wd1e-04trmiss40_trlocglobal,32,0.0001,0.0001,1,32,1,False,0.2,lr1e-04_bs32_modL1_fusion32_fusionL1_fusionBN0_drop0p2__wd1e-04trmiss40_trlocglobal,67,0.3666662226120631,0.6322766542434692,0.7103174603174603,0.7471683953927849,0.6222222222222222,0.0,0.0,0.0,0.0,0.0,0.0,0.0,0.0,0.0,,,,,18473,global,0.4
1,4,lr1e-04_bs32_modL1_fusion32_fusionL1_fusionBN0_drop0p2__wd1e-04trmiss40_trlocglobal,32,0.0001,0.0001,1,32,1,False,0.2,lr1e-04_bs32_modL1_fusion32_fusionL1_fusionBN0_drop0p2__wd1e-04trmiss40_trlocglobal,68,0.3692677815755208,0.6319727003574371,0.7103174603174603,0.744374653374905,0.6444444444444445,0.0,0.0,0.0,0.0,0.0,0.0,0.0,0.0,0.0,,,,,18473,global,0.4
1,4,lr1e-04_bs32_modL1_fusion32_fusionL1_fusionBN0_drop0p2__wd1e-04trmiss40_trlocglobal,32,0.0001,0.0001,1,32,1,False,0.2,lr1e-04_bs32_modL1_fusion32_fusionL1_fusionBN0_drop0p2__wd1e-04trmiss40_trlocglobal,69,0.37456830342610675,0.631124347448349,0.7142857142857143,0.7462905030481077,0.6222222222222222,0.0,0.0,0.0,0.0,0.0,0.0,0.0,0.0,0.0,,,,,18473,global,0.4
1,4,lr1e-04_bs32_modL1_fusion32_fusionL1_fusionBN0_drop0p1__wd1e-04trmiss40_trlocglobal,32,0.0001,0.0001,1,32,1,False,0.1,lr1e-04_bs32_modL1_fusion32_fusionL1_fusionBN0_drop0p1__wd1e-04trmiss40_trlocglobal,1,0.695912758509318,0.6894633173942566,0.5277777777777779,0.5810711557212558,0.4666666666666667,0.0,0.0,0.0,0.0,0.0,0.0,0.0,0.0,0.0,,,,,18473,global,0.4
1,4,lr1e-04_bs32_modL1_fusion32_fusionL1_fusionBN0_drop0p1__wd1e-04trmiss40_trlocglobal,32,0.0001,0.0001,1,32,1,False,0.1,lr1e-04_bs32_modL1_fusion32_fusionL1_fusionBN0_drop0p1__wd1e-04trmiss40_trlocglobal,2,0.6683228810628256,0.6852709054946899,0.5654761904761905,0.6306089022292004,0.5333333333333333,0.0,0.0,0.0,0.0,0.0,0.0,0.0,0.0,0.0,,,,,18473,global,0.4
1,4,lr1e-04_bs32_modL1_fusion32_fusionL1_fusionBN0_drop0p1__wd1e-04trmiss40_trlocglobal,32,0.0001,0.0001,1,32,1,False,0.1,lr1e-04_bs32_modL1_fusion32_fusionL1_fusionBN0_drop0p1__wd1e-04trmiss40_trlocglobal,3,0.6608490943908691,0.6842985153198242,0.5793650793650793,0.6356839422022706,0.5555555555555556,0.0,0.0,0.0,0.0,0.0,0.0,0.0,0.0,0.0,,,,,18473,global,0.4
1,4,lr1e-04_bs32_modL1_fusion32_fusionL1_fusionBN0_drop0p1__wd1e-04trmiss40_trlocglobal,32,0.0001,0.0001,1,32,1,False,0.1,lr1e-04_bs32_modL1_fusion32_fusionL1_fusionBN0_drop0p1__wd1e-04trmiss40_trlocglobal,4,0.6503910422325134,0.6850464344024658,0.5833333333333334,0.6630896581954911,0.5555555555555556,0.0,0.0,0.0,0.0,0.0,0.0,0.0,0.0,0.0,,,,,18473,global,0.4
1,4,lr1e-04_bs32_modL1_fusion32_fusionL1_fusionBN0_drop0p1__wd1e-04trmiss40_trlocglobal,32,0.0001,0.0001,1,32,1,False,0.1,lr1e-04_bs32_modL1_fusion32_fusionL1_fusionBN0_drop0p1__wd1e-04trmiss40_trlocglobal,5,0.6373384793599447,0.6842961311340332,0.5813492063492064,0.676476001501929,0.5333333333333333,0.0,0.0,0.0,0.0,0.0,0.0,0.0,0.0,0.0,,,,,18473,global,0.4
1,4,lr1e-04_bs32_modL1_fusion32_fusionL1_fusionBN0_drop0p1__wd1e-04trmiss40_trlocglobal,32,0.0001,0.0001,1,32,1,False,0.1,lr1e-04_bs32_modL1_fusion32_fusionL1_fusionBN0_drop0p1__wd1e-04trmiss40_trlocglobal,6,0.6264406939347585,0.6826386749744415,0.5912698412698413,0.6879983410347623,0.5333333333333333,0.0,0.0,0.0,0.0,0.0,0.0,0.0,0.0,0.0,,,,,18473,global,0.4
1,4,lr1e-04_bs32_modL1_fusion32_fusionL1_fusionBN0_drop0p1__wd1e-04trmiss40_trlocglobal,32,0.0001,0.0001,1,32,1,False,0.1,lr1e-04_bs32_modL1_fusion32_fusionL1_fusionBN0_drop0p1__wd1e-04trmiss40_trlocglobal,7,0.6178975999355316,0.6831102073192596,0.5932539682539681,0.6981583688559938,0.5333333333333333,0.0,0.0,0.0,0.0,0.0,0.0,0.0,0.0,0.0,,,,,18473,global,0.4
1,4,lr1e-04_bs32_modL1_fusion32_fusionL1_fusionBN0_drop0p1__wd1e-04trmiss40_trlocglobal,32,0.0001,0.0001,1,32,1,False,0.1,lr1e-04_bs32_modL1_fusion32_fusionL1_fusionBN0_drop0p1__wd1e-04trmiss40_trlocglobal,8,0.6173648238182068,0.6836389303207397,0.5892857142857143,0.6958927314817713,0.4888888888888889,0.0,0.0,0.0,0.0,0.0,0.0,0.0,0.0,0.0,,,,,18473,global,0.4
1,4,lr1e-04_bs32_modL1_fusion32_fusionL1_fusionBN0_drop0p1__wd1e-04trmiss40_trlocglobal,32,0.0001,0.0001,1,32,1,False,0.1,lr1e-04_bs32_modL1_fusion32_fusionL1_fusionBN0_drop0p1__wd1e-04trmiss40_trlocglobal,9,0.6084597011407217,0.6841015219688416,0.5793650793650794,0.6765893547149331,0.5111111111111111,0.0,0.0,0.0,0.0,0.0,0.0,0.0,0.0,0.0,,,,,18473,global,0.4
1,4,lr1e-04_bs32_modL1_fusion32_fusionL1_fusionBN0_drop0p1__wd1e-04trmiss40_trlocglobal,32,0.0001,0.0001,1,32,1,False,0.1,lr1e-04_bs32_modL1_fusion32_fusionL1_fusionBN0_drop0p1__wd1e-04trmiss40_trlocglobal,10,0.594375471274058,0.6830857992172241,0.5734126984126984,0.6772428643871843,0.5111111111111111,0.0,0.0,0.0,0.0,0.0,0.0,0.0,0.0,0.0,,,,,18473,global,0.4
1,4,lr1e-04_bs32_modL1_fusion32_fusionL1_fusionBN0_drop0p1__wd1e-04trmiss40_trlocglobal,32,0.0001,0.0001,1,32,1,False,0.1,lr1e-04_bs32_modL1_fusion32_fusionL1_fusionBN0_drop0p1__wd1e-04trmiss40_trlocglobal,11,0.593126654624939,0.6817508339881897,0.5714285714285714,0.684785791483324,0.5333333333333333,0.0,0.0,0.0,0.0,0.0,0.0,0.0,0.0,0.0,,,,,18473,global,0.4
1,4,lr1e-04_bs32_modL1_fusion32_fusionL1_fusionBN0_drop0p1__wd1e-04trmiss40_trlocglobal,32,0.0001,0.0001,1,32,1,False,0.1,lr1e-04_bs32_modL1_fusion32_fusionL1_fusionBN0_drop0p1__wd1e-04trmiss40_trlocglobal,12,0.58092400431633,0.6796623766422272,0.5873015873015872,0.7031942745162365,0.5333333333333333,0.0,0.0,0.0,0.0,0.0,0.0,0.0,0.0,0.0,,,,,18473,global,0.4
1,4,lr1e-04_bs32_modL1_fusion32_fusionL1_fusionBN0_drop0p1__wd1e-04trmiss40_trlocglobal,32,0.0001,0.0001,1,32,1,False,0.1,lr1e-04_bs32_modL1_fusion32_fusionL1_fusionBN0_drop0p1__wd1e-04trmiss40_trlocglobal,13,0.575423796971639,0.6777454316616058,0.5892857142857143,0.7032026575925077,0.5333333333333333,0.0,0.0,0.0,0.0,0.0,0.0,0.0,0.0,0.0,,,,,18473,global,0.4
1,4,lr1e-04_bs32_modL1_fusion32_fusionL1_fusionBN0_drop0p1__wd1e-04trmiss40_trlocglobal,32,0.0001,0.0001,1,32,1,False,0.1,lr1e-04_bs32_modL1_fusion32_fusionL1_fusionBN0_drop0p1__wd1e-04trmiss40_trlocglobal,14,0.5666135350863138,0.6768700778484344,0.6011904761904763,0.7097369719765552,0.5555555555555556,0.0,0.0,0.0,0.0,0.0,0.0,0.0,0.0,0.0,,,,,18473,global,0.4
1,4,lr1e-04_bs32_modL1_fusion32_fusionL1_fusionBN0_drop0p1__wd1e-04trmiss40_trlocglobal,32,0.0001,0.0001,1,32,1,False,0.1,lr1e-04_bs32_modL1_fusion32_fusionL1_fusionBN0_drop0p1__wd1e-04trmiss40_trlocglobal,15,0.563350627819697,0.6770594716072083,0.5932539682539683,0.6894966739479809,0.5555555555555556,0.0,0.0,0.0,0.0,0.0,0.0,0.0,0.0,0.0,,,,,18473,global,0.4
1,4,lr1e-04_bs32_modL1_fusion32_fusionL1_fusionBN0_drop0p1__wd1e-04trmiss40_trlocglobal,32,0.0001,0.0001,1,32,1,False,0.1,lr1e-04_bs32_modL1_fusion32_fusionL1_fusionBN0_drop0p1__wd1e-04trmiss40_trlocglobal,16,0.5508918464183807,0.6759029924869537,0.6071428571428571,0.705592239009887,0.5555555555555556,0.0,0.0,0.0,0.0,0.0,0.0,0.0,0.0,0.0,,,,,18473,global,0.4
1,4,lr1e-04_bs32_modL1_fusion32_fusionL1_fusionBN0_drop0p1__wd1e-04trmiss40_trlocglobal,32,0.0001,0.0001,1,32,1,False,0.1,lr1e-04_bs32_modL1_fusion32_fusionL1_fusionBN0_drop0p1__wd1e-04trmiss40_trlocglobal,17,0.5477794210116068,0.6740467250347137,0.6289682539682541,0.7230784953691916,0.5333333333333333,0.0,0.0,0.0,0.0,0.0,0.0,0.0,0.0,0.0,,,,,18473,global,0.4
1,4,lr1e-04_bs32_modL1_fusion32_fusionL1_fusionBN0_drop0p1__wd1e-04trmiss40_trlocglobal,32,0.0001,0.0001,1,32,1,False,0.1,lr1e-04_bs32_modL1_fusion32_fusionL1_fusionBN0_drop0p1__wd1e-04trmiss40_trlocglobal,18,0.5418249567349752,0.6714625358581543,0.6349206349206349,0.7318133495955317,0.5555555555555556,0.0,0.0,0.0,0.0,0.0,0.0,0.0,0.0,0.0,,,,,18473,global,0.4
1,4,lr1e-04_bs32_modL1_fusion32_fusionL1_fusionBN0_drop0p1__wd1e-04trmiss40_trlocglobal,32,0.0001,0.0001,1,32,1,False,0.1,lr1e-04_bs32_modL1_fusion32_fusionL1_fusionBN0_drop0p1__wd1e-04trmiss40_trlocglobal,19,0.533157875140508,0.6710137724876404,0.6289682539682541,0.7292283598209655,0.5333333333333333,0.0,0.0,0.0,0.0,0.0,0.0,0.0,0.0,0.0,,,,,18473,global,0.4
1,4,lr1e-04_bs32_modL1_fusion32_fusionL1_fusionBN0_drop0p1__wd1e-04trmiss40_trlocglobal,32,0.0001,0.0001,1,32,1,False,0.1,lr1e-04_bs32_modL1_fusion32_fusionL1_fusionBN0_drop0p1__wd1e-04trmiss40_trlocglobal,20,0.5261958539485931,0.6729688942432404,0.6071428571428572,0.7033360708081395,0.5555555555555556,0.0,0.0,0.0,0.0,0.0,0.0,0.0,0.0,0.0,,,,,18473,global,0.4
1,4,lr1e-04_bs32_modL1_fusion32_fusionL1_fusionBN0_drop0p1__wd1e-04trmiss40_trlocglobal,32,0.0001,0.0001,1,32,1,False,0.1,lr1e-04_bs32_modL1_fusion32_fusionL1_fusionBN0_drop0p1__wd1e-04trmiss40_trlocglobal,21,0.5158194800217947,0.6715331375598907,0.625,0.7188209828431704,0.5333333333333333,0.0,0.0,0.0,0.0,0.0,0.0,0.0,0.0,0.0,,,,,18473,global,0.4
1,4,lr1e-04_bs32_modL1_fusion32_fusionL1_fusionBN0_drop0p1__wd1e-04trmiss40_trlocglobal,32,0.0001,0.0001,1,32,1,False,0.1,lr1e-04_bs32_modL1_fusion32_fusionL1_fusionBN0_drop0p1__wd1e-04trmiss40_trlocglobal,22,0.5144186119238535,0.6694045662879944,0.628968253968254,0.7249900929802706,0.5777777777777777,0.0,0.0,0.0,0.0,0.0,0.0,0.0,0.0,0.0,,,,,18473,global,0.4
1,4,lr1e-04_bs32_modL1_fusion32_fusionL1_fusionBN0_drop0p1__wd1e-04trmiss40_trlocglobal,32,0.0001,0.0001,1,32,1,False,0.1,lr1e-04_bs32_modL1_fusion32_fusionL1_fusionBN0_drop0p1__wd1e-04trmiss40_trlocglobal,23,0.5093361089626948,0.668256014585495,0.634920634920635,0.7287048588638445,0.5555555555555556,0.0,0.0,0.0,0.0,0.0,0.0,0.0,0.0,0.0,,,,,18473,global,0.4
1,4,lr1e-04_bs32_modL1_fusion32_fusionL1_fusionBN0_drop0p1__wd1e-04trmiss40_trlocglobal,32,0.0001,0.0001,1,32,1,False,0.1,lr1e-04_bs32_modL1_fusion32_fusionL1_fusionBN0_drop0p1__wd1e-04trmiss40_trlocglobal,24,0.5051225572824478,0.6690885722637177,0.621031746031746,0.7156599429127066,0.5333333333333333,0.0,0.0,0.0,0.0,0.0,0.0,0.0,0.0,0.0,,,,,18473,global,0.4
1,4,lr1e-04_bs32_modL1_fusion32_fusionL1_fusionBN0_drop0p1__wd1e-04trmiss40_trlocglobal,32,0.0001,0.0001,1,32,1,False,0.1,lr1e-04_bs32_modL1_fusion32_fusionL1_fusionBN0_drop0p1__wd1e-04trmiss40_trlocglobal,25,0.5029036005338033,0.6674866378307343,0.6269841269841271,0.7314708743305685,0.5111111111111111,0.0,0.0,0.0,0.0,0.0,0.0,0.0,0.0,0.0,,,,,18473,global,0.4
1,4,lr1e-04_bs32_modL1_fusion32_fusionL1_fusionBN0_drop0p1__wd1e-04trmiss40_trlocglobal,32,0.0001,0.0001,1,32,1,False,0.1,lr1e-04_bs32_modL1_fusion32_fusionL1_fusionBN0_drop0p1__wd1e-04trmiss40_trlocglobal,26,0.49098805089791614,0.6647757589817047,0.6448412698412699,0.7482745568128175,0.5333333333333333,0.0,0.0,0.0,0.0,0.0,0.0,0.0,0.0,0.0,,,,,18473,global,0.4
1,4,lr1e-04_bs32_modL1_fusion32_fusionL1_fusionBN0_drop0p1__wd1e-04trmiss40_trlocglobal,32,0.0001,0.0001,1,32,1,False,0.1,lr1e-04_bs32_modL1_fusion32_fusionL1_fusionBN0_drop0p1__wd1e-04trmiss40_trlocglobal,27,0.4867398142814636,0.6639024913311005,0.6527777777777778,0.7548746049089674,0.5333333333333333,0.0,0.0,0.0,0.0,0.0,0.0,0.0,0.0,0.0,,,,,18473,global,0.4
1,4,lr1e-04_bs32_modL1_fusion32_fusionL1_fusionBN0_drop0p1__wd1e-04trmiss40_trlocglobal,32,0.0001,0.0001,1,32,1,False,0.1,lr1e-04_bs32_modL1_fusion32_fusionL1_fusionBN0_drop0p1__wd1e-04trmiss40_trlocglobal,28,0.4789036015669505,0.665354996919632,0.6408730158730158,0.7295536633465445,0.5333333333333333,0.0,0.0,0.0,0.0,0.0,0.0,0.0,0.0,0.0,,,,,18473,global,0.4
1,4,lr1e-04_bs32_modL1_fusion32_fusionL1_fusionBN0_drop0p1__wd1e-04trmiss40_trlocglobal,32,0.0001,0.0001,1,32,1,False,0.1,lr1e-04_bs32_modL1_fusion32_fusionL1_fusionBN0_drop0p1__wd1e-04trmiss40_trlocglobal,29,0.4727276513973872,0.6647238731384277,0.6468253968253967,0.7381052214837132,0.5555555555555556,0.0,0.0,0.0,0.0,0.0,0.0,0.0,0.0,0.0,,,,,18473,global,0.4
1,4,lr1e-04_bs32_modL1_fusion32_fusionL1_fusionBN0_drop0p1__wd1e-04trmiss40_trlocglobal,32,0.0001,0.0001,1,32,1,False,0.1,lr1e-04_bs32_modL1_fusion32_fusionL1_fusionBN0_drop0p1__wd1e-04trmiss40_trlocglobal,30,0.45140762130419415,0.6642731130123138,0.6507936507936508,0.7461937895148569,0.5333333333333333,0.0,0.0,0.0,0.0,0.0,0.0,0.0,0.0,0.0,,,,,18473,global,0.4
1,4,lr1e-04_bs32_modL1_fusion32_fusionL1_fusionBN0_drop0p1__wd1e-04trmiss40_trlocglobal,32,0.0001,0.0001,1,32,1,False,0.1,lr1e-04_bs32_modL1_fusion32_fusionL1_fusionBN0_drop0p1__wd1e-04trmiss40_trlocglobal,31,0.45543643832206726,0.6612361967563629,0.6626984126984127,0.7642176552942035,0.5555555555555556,0.0,0.0,0.0,0.0,0.0,0.0,0.0,0.0,0.0,,,,,18473,global,0.4
1,4,lr1e-04_bs32_modL1_fusion32_fusionL1_fusionBN0_drop0p1__wd1e-04trmiss40_trlocglobal,32,0.0001,0.0001,1,32,1,False,0.1,lr1e-04_bs32_modL1_fusion32_fusionL1_fusionBN0_drop0p1__wd1e-04trmiss40_trlocglobal,32,0.45143331587314606,0.6649625301361084,0.6388888888888888,0.7314813996204927,0.5555555555555556,0.0,0.0,0.0,0.0,0.0,0.0,0.0,0.0,0.0,,,,,18473,global,0.4
1,4,lr1e-04_bs32_modL1_fusion32_fusionL1_fusionBN0_drop0p1__wd1e-04trmiss40_trlocglobal,32,0.0001,0.0001,1,32,1,False,0.1,lr1e-04_bs32_modL1_fusion32_fusionL1_fusionBN0_drop0p1__wd1e-04trmiss40_trlocglobal,33,0.4548863122860591,0.6661415994167328,0.625,0.7093401687910075,0.5777777777777777,0.0,0.0,0.0,0.0,0.0,0.0,0.0,0.0,0.0,,,,,18473,global,0.4
1,4,lr1e-04_bs32_modL1_fusion32_fusionL1_fusionBN0_drop0p1__wd1e-04trmiss40_trlocglobal,32,0.0001,0.0001,1,32,1,False,0.1,lr1e-04_bs32_modL1_fusion32_fusionL1_fusionBN0_drop0p1__wd1e-04trmiss40_trlocglobal,34,0.44167231023311615,0.6638186872005463,0.6388888888888888,0.7229944107088606,0.5555555555555556,0.0,0.0,0.0,0.0,0.0,0.0,0.0,0.0,0.0,,,,,18473,global,0.4
1,4,lr1e-04_bs32_modL1_fusion32_fusionL1_fusionBN0_drop0p1__wd1e-04trmiss40_trlocglobal,32,0.0001,0.0001,1,32,1,False,0.1,lr1e-04_bs32_modL1_fusion32_fusionL1_fusionBN0_drop0p1__wd1e-04trmiss40_trlocglobal,35,0.4374464998642604,0.6613427400588989,0.6488095238095237,0.7409121241228975,0.5555555555555556,0.0,0.0,0.0,0.0,0.0,0.0,0.0,0.0,0.0,,,,,18473,global,0.4
1,4,lr1e-04_bs32_modL1_fusion32_fusionL1_fusionBN0_drop0p1__wd1e-04trmiss40_trlocglobal,32,0.0001,0.0001,1,32,1,False,0.1,lr1e-04_bs32_modL1_fusion32_fusionL1_fusionBN0_drop0p1__wd1e-04trmiss40_trlocglobal,36,0.43361539642016095,0.6611768007278442,0.6527777777777778,0.7440675044130027,0.5333333333333333,0.0,0.0,0.0,0.0,0.0,0.0,0.0,0.0,0.0,,,,,18473,global,0.4
1,4,lr1e-04_bs32_modL1_fusion32_fusionL1_fusionBN0_drop0p1__wd1e-04trmiss40_trlocglobal,32,0.0001,0.0001,1,32,1,False,0.1,lr1e-04_bs32_modL1_fusion32_fusionL1_fusionBN0_drop0p1__wd1e-04trmiss40_trlocglobal,37,0.4380519936482112,0.6606840789318085,0.648809523809524,0.7417702433513738,0.5333333333333333,0.0,0.0,0.0,0.0,0.0,0.0,0.0,0.0,0.0,,,,,18473,global,0.4
1,4,lr1e-04_bs32_modL1_fusion32_fusionL1_fusionBN0_drop0p1__wd1e-04trmiss40_trlocglobal,32,0.0001,0.0001,1,32,1,False,0.1,lr1e-04_bs32_modL1_fusion32_fusionL1_fusionBN0_drop0p1__wd1e-04trmiss40_trlocglobal,38,0.4308622082074483,0.6597151160240173,0.6527777777777778,0.7514406430030611,0.5555555555555556,0.0,0.0,0.0,0.0,0.0,0.0,0.0,0.0,0.0,,,,,18473,global,0.4
1,4,lr1e-04_bs32_modL1_fusion32_fusionL1_fusionBN0_drop0p1__wd1e-04trmiss40_trlocglobal,32,0.0001,0.0001,1,32,1,False,0.1,lr1e-04_bs32_modL1_fusion32_fusionL1_fusionBN0_drop0p1__wd1e-04trmiss40_trlocglobal,39,0.40968350569407147,0.658896803855896,0.6607142857142857,0.7368262064816178,0.5777777777777777,0.0,0.0,0.0,0.0,0.0,0.0,0.0,0.0,0.0,,,,,18473,global,0.4
1,4,lr1e-04_bs32_modL1_fusion32_fusionL1_fusionBN0_drop0p1__wd1e-04trmiss40_trlocglobal,32,0.0001,0.0001,1,32,1,False,0.1,lr1e-04_bs32_modL1_fusion32_fusionL1_fusionBN0_drop0p1__wd1e-04trmiss40_trlocglobal,40,0.4129062195618947,0.657206267118454,0.6547619047619048,0.7425968019363705,0.5777777777777777,0.0,0.0,0.0,0.0,0.0,0.0,0.0,0.0,0.0,,,,,18473,global,0.4
1,4,lr1e-04_bs32_modL1_fusion32_fusionL1_fusionBN0_drop0p1__wd1e-04trmiss40_trlocglobal,32,0.0001,0.0001,1,32,1,False,0.1,lr1e-04_bs32_modL1_fusion32_fusionL1_fusionBN0_drop0p1__wd1e-04trmiss40_trlocglobal,41,0.413969228665034,0.6549806594848633,0.6706349206349206,0.7535054229806406,0.5777777777777777,0.0,0.0,0.0,0.0,0.0,0.0,0.0,0.0,0.0,,,,,18473,global,0.4
1,4,lr1e-04_bs32_modL1_fusion32_fusionL1_fusionBN0_drop0p1__wd1e-04trmiss40_trlocglobal,32,0.0001,0.0001,1,32,1,False,0.1,lr1e-04_bs32_modL1_fusion32_fusionL1_fusionBN0_drop0p1__wd1e-04trmiss40_trlocglobal,42,0.40485792358716327,0.6552158296108246,0.6607142857142857,0.7526431439512071,0.5777777777777777,0.0,0.0,0.0,0.0,0.0,0.0,0.0,0.0,0.0,,,,,18473,global,0.4
1,4,lr1e-04_bs32_modL1_fusion32_fusionL1_fusionBN0_drop0p1__wd1e-04trmiss40_trlocglobal,32,0.0001,0.0001,1,32,1,False,0.1,lr1e-04_bs32_modL1_fusion32_fusionL1_fusionBN0_drop0p1__wd1e-04trmiss40_trlocglobal,43,0.40350102881590527,0.6546951532363892,0.6587301587301587,0.7456979415142284,0.6,0.0,0.0,0.0,0.0,0.0,0.0,0.0,0.0,0.0,,,,,18473,global,0.4
1,4,lr1e-04_bs32_modL1_fusion32_fusionL1_fusionBN0_drop0p1__wd1e-04trmiss40_trlocglobal,32,0.0001,0.0001,1,32,1,False,0.1,lr1e-04_bs32_modL1_fusion32_fusionL1_fusionBN0_drop0p1__wd1e-04trmiss40_trlocglobal,44,0.39427612721920013,0.6530607640743256,0.6746031746031746,0.7577325082546775,0.6222222222222222,0.0,0.0,0.0,0.0,0.0,0.0,0.0,0.0,0.0,,,,,18473,global,0.4
1,4,lr1e-04_bs32_modL1_fusion32_fusionL1_fusionBN0_drop0p1__wd1e-04trmiss40_trlocglobal,32,0.0001,0.0001,1,32,1,False,0.1,lr1e-04_bs32_modL1_fusion32_fusionL1_fusionBN0_drop0p1__wd1e-04trmiss40_trlocglobal,45,0.3908027857542038,0.6530687808990479,0.6646825396825397,0.7498453054694327,0.6444444444444445,0.0,0.0,0.0,0.0,0.0,0.0,0.0,0.0,0.0,,,,,18473,global,0.4
1,4,lr1e-04_bs32_modL1_fusion32_fusionL1_fusionBN0_drop0p1__wd1e-04trmiss40_trlocglobal,32,0.0001,0.0001,1,32,1,False,0.1,lr1e-04_bs32_modL1_fusion32_fusionL1_fusionBN0_drop0p1__wd1e-04trmiss40_trlocglobal,46,0.3983921855688095,0.6532873213291168,0.6607142857142857,0.7448559950113722,0.6222222222222222,0.0,0.0,0.0,0.0,0.0,0.0,0.0,0.0,0.0,,,,,18473,global,0.4
1,4,lr1e-04_bs32_modL1_fusion32_fusionL1_fusionBN0_drop0p1__wd1e-04trmiss40_trlocglobal,32,0.0001,0.0001,1,32,1,False,0.1,lr1e-04_bs32_modL1_fusion32_fusionL1_fusionBN0_drop0p1__wd1e-04trmiss40_trlocglobal,47,0.3871592978636424,0.6527166366577148,0.6706349206349207,0.7559723690587807,0.5777777777777777,0.0,0.0,0.0,0.0,0.0,0.0,0.0,0.0,0.0,,,,,18473,global,0.4
1,4,lr1e-04_bs32_modL1_fusion32_fusionL1_fusionBN0_drop0p1__wd1e-04trmiss40_trlocglobal,32,0.0001,0.0001,1,32,1,False,0.1,lr1e-04_bs32_modL1_fusion32_fusionL1_fusionBN0_drop0p1__wd1e-04trmiss40_trlocglobal,48,0.38055608173211414,0.6514890491962433,0.6765873015873016,0.7564829734408869,0.6,0.0,0.0,0.0,0.0,0.0,0.0,0.0,0.0,0.0,,,,,18473,global,0.4
1,4,lr1e-04_bs32_modL1_fusion32_fusionL1_fusionBN0_drop0p1__wd1e-04trmiss40_trlocglobal,32,0.0001,0.0001,1,32,1,False,0.1,lr1e-04_bs32_modL1_fusion32_fusionL1_fusionBN0_drop0p1__wd1e-04trmiss40_trlocglobal,49,0.3790555198987325,0.6511298418045044,0.6825396825396827,0.7679840180998894,0.6222222222222222,0.0,0.0,0.0,0.0,0.0,0.0,0.0,0.0,0.0,,,,,18473,global,0.4
1,4,lr1e-04_bs32_modL1_fusion32_fusionL1_fusionBN0_drop0p1__wd1e-04trmiss40_trlocglobal,32,0.0001,0.0001,1,32,1,False,0.1,lr1e-04_bs32_modL1_fusion32_fusionL1_fusionBN0_drop0p1__wd1e-04trmiss40_trlocglobal,50,0.38575226068496704,0.6520089209079742,0.6726190476190477,0.7544154782957173,0.6,0.0,0.0,0.0,0.0,0.0,0.0,0.0,0.0,0.0,,,,,18473,global,0.4
1,4,lr1e-04_bs32_modL1_fusion32_fusionL1_fusionBN0_drop0p1__wd1e-04trmiss40_trlocglobal,32,0.0001,0.0001,1,32,1,False,0.1,lr1e-04_bs32_modL1_fusion32_fusionL1_fusionBN0_drop0p1__wd1e-04trmiss40_trlocglobal,51,0.37097695966561633,0.6558400392532349,0.6607142857142857,0.7407044492263282,0.6,0.0,0.0,0.0,0.0,0.0,0.0,0.0,0.0,0.0,,,,,18473,global,0.4
1,4,lr1e-04_bs32_modL1_fusion32_fusionL1_fusionBN0_drop0p1__wd1e-04trmiss40_trlocglobal,32,0.0001,0.0001,1,32,1,False,0.1,lr1e-04_bs32_modL1_fusion32_fusionL1_fusionBN0_drop0p1__wd1e-04trmiss40_trlocglobal,52,0.383783683180809,0.6542454957962036,0.6646825396825397,0.7493523527638417,0.5777777777777777,0.0,0.0,0.0,0.0,0.0,0.0,0.0,0.0,0.0,,,,,18473,global,0.4
1,4,lr1e-04_bs32_modL1_fusion32_fusionL1_fusionBN0_drop0p1__wd1e-04trmiss40_trlocglobal,32,0.0001,0.0001,1,32,1,False,0.1,lr1e-04_bs32_modL1_fusion32_fusionL1_fusionBN0_drop0p1__wd1e-04trmiss40_trlocglobal,53,0.3744247754414876,0.6537125706672668,0.6607142857142857,0.745198929882283,0.6,0.0,0.0,0.0,0.0,0.0,0.0,0.0,0.0,0.0,,,,,18473,global,0.4
1,4,lr1e-04_bs32_modL1_fusion32_fusionL1_fusionBN0_drop0p1__wd1e-04trmiss40_trlocglobal,32,0.0001,0.0001,1,32,1,False,0.1,lr1e-04_bs32_modL1_fusion32_fusionL1_fusionBN0_drop0p1__wd1e-04trmiss40_trlocglobal,54,0.36959626773993176,0.6529562771320343,0.6607142857142858,0.7474761598316144,0.5555555555555556,0.0,0.0,0.0,0.0,0.0,0.0,0.0,0.0,0.0,,,,,18473,global,0.4
1,4,lr1e-04_bs32_modL1_fusion32_fusionL1_fusionBN0_drop0p1__wd1e-04trmiss40_trlocglobal,32,0.0001,0.0001,1,32,1,False,0.1,lr1e-04_bs32_modL1_fusion32_fusionL1_fusionBN0_drop0p1__wd1e-04trmiss40_trlocglobal,55,0.36985016862551373,0.6517072916030884,0.6587301587301587,0.7452379636595947,0.5777777777777777,0.0,0.0,0.0,0.0,0.0,0.0,0.0,0.0,0.0,,,,,18473,global,0.4
1,4,lr1e-04_bs32_modL1_fusion32_fusionL1_fusionBN0_drop0p1__wd1e-04trmiss40_trlocglobal,32,0.0001,0.0001,1,32,1,False,0.1,lr1e-04_bs32_modL1_fusion32_fusionL1_fusionBN0_drop0p1__wd1e-04trmiss40_trlocglobal,56,0.36831939220428467,0.6537423431873322,0.6587301587301587,0.7465974133886095,0.5777777777777777,0.0,0.0,0.0,0.0,0.0,0.0,0.0,0.0,0.0,,,,,18473,global,0.4
1,4,lr1e-04_bs32_modL1_fusion32_fusionL1_fusionBN0_drop0p1__wd1e-04trmiss40_trlocglobal,32,0.0001,0.0001,1,32,1,False,0.1,lr1e-04_bs32_modL1_fusion32_fusionL1_fusionBN0_drop0p1__wd1e-04trmiss40_trlocglobal,57,0.3581686168909073,0.6527844965457916,0.6567460317460317,0.7434384341660998,0.6,0.0,0.0,0.0,0.0,0.0,0.0,0.0,0.0,0.0,,,,,18473,global,0.4
1,4,lr1e-04_bs32_modL1_fusion32_fusionL1_fusionBN0_drop0p1__wd1e-04trmiss40_trlocglobal,32,0.0001,0.0001,1,32,1,False,0.1,lr1e-04_bs32_modL1_fusion32_fusionL1_fusionBN0_drop0p1__wd1e-04trmiss40_trlocglobal,58,0.36191047231356305,0.6507800221443176,0.6607142857142857,0.748666857519523,0.6,0.0,0.0,0.0,0.0,0.0,0.0,0.0,0.0,0.0,,,,,18473,global,0.4
1,4,lr1e-04_bs32_modL1_fusion32_fusionL1_fusionBN0_drop0p1__wd1e-04trmiss40_trlocglobal,32,0.0001,0.0001,1,32,1,False,0.1,lr1e-04_bs32_modL1_fusion32_fusionL1_fusionBN0_drop0p1__wd1e-04trmiss40_trlocglobal,59,0.35820650557676953,0.6491641402244568,0.6686507936507937,0.7613847646124301,0.6,0.0,0.0,0.0,0.0,0.0,0.0,0.0,0.0,0.0,,,,,18473,global,0.4
1,4,lr1e-04_bs32_modL1_fusion32_fusionL1_fusionBN0_drop0p1__wd1e-04trmiss40_trlocglobal,32,0.0001,0.0001,1,32,1,False,0.1,lr1e-04_bs32_modL1_fusion32_fusionL1_fusionBN0_drop0p1__wd1e-04trmiss40_trlocglobal,60,0.363102063536644,0.6494118869304657,0.6666666666666666,0.7607531671276968,0.6,0.0,0.0,0.0,0.0,0.0,0.0,0.0,0.0,0.0,,,,,18473,global,0.4
1,4,lr1e-04_bs32_modL1_fusion32_fusionL1_fusionBN0_drop0p1__wd1e-04trmiss40_trlocglobal,32,0.0001,0.0001,1,32,1,False,0.1,lr1e-04_bs32_modL1_fusion32_fusionL1_fusionBN0_drop0p1__wd1e-04trmiss40_trlocglobal,61,0.3642282287279765,0.6502024531364441,0.6666666666666666,0.7561764312790968,0.6,0.0,0.0,0.0,0.0,0.0,0.0,0.0,0.0,0.0,,,,,18473,global,0.4
1,4,lr1e-04_bs32_modL1_fusion32_fusionL1_fusionBN0_drop0p1__wd1e-04trmiss40_trlocglobal,32,0.0001,0.0001,1,32,1,False,0.1,lr1e-04_bs32_modL1_fusion32_fusionL1_fusionBN0_drop0p1__wd1e-04trmiss40_trlocglobal,62,0.359501173098882,0.6495252251625061,0.6686507936507936,0.7619053551330206,0.6,0.0,0.0,0.0,0.0,0.0,0.0,0.0,0.0,0.0,,,,,18473,global,0.4
1,4,lr1e-04_bs32_modL1_fusion32_fusionL1_fusionBN0_drop0p1__wd1e-04trmiss40_trlocglobal,32,0.0001,0.0001,1,32,1,False,0.1,lr1e-04_bs32_modL1_fusion32_fusionL1_fusionBN0_drop0p1__wd1e-04trmiss40_trlocglobal,63,0.35054051876068115,0.6498036682605743,0.6666666666666666,0.7613488317106436,0.6,0.0,0.0,0.0,0.0,0.0,0.0,0.0,0.0,0.0,,,,,18473,global,0.4
1,4,lr1e-04_bs32_modL1_fusion32_fusionL1_fusionBN0_drop0p1__wd1e-04trmiss40_trlocglobal,32,0.0001,0.0001,1,32,1,False,0.1,lr1e-04_bs32_modL1_fusion32_fusionL1_fusionBN0_drop0p1__wd1e-04trmiss40_trlocglobal,64,0.35676183303197223,0.649636298418045,0.6686507936507936,0.7632606664883319,0.6,0.0,0.0,0.0,0.0,0.0,0.0,0.0,0.0,0.0,,,,,18473,global,0.4
1,4,lr1e-04_bs32_modL1_fusion32_fusionL1_fusionBN0_drop0p1__wd1e-04trmiss40_trlocglobal,32,0.0001,0.0001,1,32,1,False,0.1,lr1e-04_bs32_modL1_fusion32_fusionL1_fusionBN0_drop0p1__wd1e-04trmiss40_trlocglobal,65,0.3445228139559428,0.6482517421245575,0.6726190476190477,0.7648309590125719,0.6,0.0,0.0,0.0,0.0,0.0,0.0,0.0,0.0,0.0,,,,,18473,global,0.4
1,4,lr1e-04_bs32_modL1_fusion32_fusionL1_fusionBN0_drop0p1__wd1e-04trmiss40_trlocglobal,32,0.0001,0.0001,1,32,1,False,0.1,lr1e-04_bs32_modL1_fusion32_fusionL1_fusionBN0_drop0p1__wd1e-04trmiss40_trlocglobal,66,0.35655541718006134,0.6488245725631714,0.6706349206349207,0.7647930142337733,0.5777777777777777,0.0,0.0,0.0,0.0,0.0,0.0,0.0,0.0,0.0,,,,,18473,global,0.4
1,4,lr1e-04_bs32_modL1_fusion32_fusionL1_fusionBN0_drop0p1__wd1e-04trmiss40_trlocglobal,32,0.0001,0.0001,1,32,1,False,0.1,lr1e-04_bs32_modL1_fusion32_fusionL1_fusionBN0_drop0p1__wd1e-04trmiss40_trlocglobal,67,0.35202612976233166,0.6489250361919403,0.6785714285714285,0.7690697757513887,0.5777777777777777,0.0,0.0,0.0,0.0,0.0,0.0,0.0,0.0,0.0,,,,,18473,global,0.4
1,4,lr1e-04_bs32_modL1_fusion32_fusionL1_fusionBN0_drop0p1__wd1e-04trmiss40_trlocglobal,32,0.0001,0.0001,1,32,1,False,0.1,lr1e-04_bs32_modL1_fusion32_fusionL1_fusionBN0_drop0p1__wd1e-04trmiss40_trlocglobal,68,0.3510574549436569,0.6494587361812592,0.6726190476190477,0.7659767335279115,0.5777777777777777,0.0,0.0,0.0,0.0,0.0,0.0,0.0,0.0,0.0,,,,,18473,global,0.4
1,4,lr1e-04_bs32_modL1_fusion32_fusionL1_fusionBN0_drop0p1__wd1e-04trmiss40_trlocglobal,32,0.0001,0.0001,1,32,1,False,0.1,lr1e-04_bs32_modL1_fusion32_fusionL1_fusionBN0_drop0p1__wd1e-04trmiss40_trlocglobal,69,0.3495033035675685,0.6494823396205902,0.6686507936507937,0.7638948195347657,0.5777777777777777,0.0,0.0,0.0,0.0,0.0,0.0,0.0,0.0,0.0,,,,,18473,global,0.4
1,4,lr5e-05_bs32_modL1_fusion16_fusionL1_fusionBN0_drop0p2__wd1e-04trmiss40_trlocglobal,32,5e-05,0.0001,1,16,1,False,0.2,lr5e-05_bs32_modL1_fusion16_fusionL1_fusionBN0_drop0p2__wd1e-04trmiss40_trlocglobal,1,0.6905355552832285,0.6963606178760529,0.4900793650793651,0.5749815935988929,0.5555555555555556,0.0,0.0,0.0,0.0,0.0,0.0,0.0,0.0,0.0,,,,,18473,global,0.4
1,4,lr5e-05_bs32_modL1_fusion16_fusionL1_fusionBN0_drop0p2__wd1e-04trmiss40_trlocglobal,32,5e-05,0.0001,1,16,1,False,0.2,lr5e-05_bs32_modL1_fusion16_fusionL1_fusionBN0_drop0p2__wd1e-04trmiss40_trlocglobal,2,0.6978316406408945,0.6939551830291748,0.5337301587301587,0.5969727323058233,0.5333333333333333,0.0,0.0,0.0,0.0,0.0,0.0,0.0,0.0,0.0,,,,,18473,global,0.4
1,4,lr5e-05_bs32_modL1_fusion16_fusionL1_fusionBN0_drop0p2__wd1e-04trmiss40_trlocglobal,32,5e-05,0.0001,1,16,1,False,0.2,lr5e-05_bs32_modL1_fusion16_fusionL1_fusionBN0_drop0p2__wd1e-04trmiss40_trlocglobal,3,0.6816466252009074,0.6911772787570953,0.5634920634920635,0.6063008101991815,0.5555555555555556,0.0,0.0,0.0,0.0,0.0,0.0,0.0,0.0,0.0,,,,,18473,global,0.4
1,4,lr5e-05_bs32_modL1_fusion16_fusionL1_fusionBN0_drop0p2__wd1e-04trmiss40_trlocglobal,32,5e-05,0.0001,1,16,1,False,0.2,lr5e-05_bs32_modL1_fusion16_fusionL1_fusionBN0_drop0p2__wd1e-04trmiss40_trlocglobal,4,0.661672463019689,0.6877773404121399,0.6031746031746031,0.6285922486924499,0.5555555555555556,0.0,0.0,0.0,0.0,0.0,0.0,0.0,0.0,0.0,,,,,18473,global,0.4
1,4,lr5e-05_bs32_modL1_fusion16_fusionL1_fusionBN0_drop0p2__wd1e-04trmiss40_trlocglobal,32,5e-05,0.0001,1,16,1,False,0.2,lr5e-05_bs32_modL1_fusion16_fusionL1_fusionBN0_drop0p2__wd1e-04trmiss40_trlocglobal,5,0.6612484653790792,0.6857396960258484,0.6507936507936508,0.6523051069131748,0.5777777777777777,0.0,0.0,0.0,0.0,0.0,0.0,0.0,0.0,0.0,,,,,18473,global,0.4
1,4,lr5e-05_bs32_modL1_fusion16_fusionL1_fusionBN0_drop0p2__wd1e-04trmiss40_trlocglobal,32,5e-05,0.0001,1,16,1,False,0.2,lr5e-05_bs32_modL1_fusion16_fusionL1_fusionBN0_drop0p2__wd1e-04trmiss40_trlocglobal,6,0.6642660895983378,0.6843200325965881,0.6746031746031745,0.6565147645348763,0.6,0.0,0.0,0.0,0.0,0.0,0.0,0.0,0.0,0.0,,,,,18473,global,0.4
1,4,lr5e-05_bs32_modL1_fusion16_fusionL1_fusionBN0_drop0p2__wd1e-04trmiss40_trlocglobal,32,5e-05,0.0001,1,16,1,False,0.2,lr5e-05_bs32_modL1_fusion16_fusionL1_fusionBN0_drop0p2__wd1e-04trmiss40_trlocglobal,7,0.6512279510498047,0.684059739112854,0.6706349206349207,0.6539237830184069,0.5555555555555556,0.0,0.0,0.0,0.0,0.0,0.0,0.0,0.0,0.0,,,,,18473,global,0.4
1,4,lr5e-05_bs32_modL1_fusion16_fusionL1_fusionBN0_drop0p2__wd1e-04trmiss40_trlocglobal,32,5e-05,0.0001,1,16,1,False,0.2,lr5e-05_bs32_modL1_fusion16_fusionL1_fusionBN0_drop0p2__wd1e-04trmiss40_trlocglobal,8,0.6418424745400747,0.6843520700931549,0.6825396825396826,0.6670141934343321,0.5555555555555556,0.0,0.0,0.0,0.0,0.0,0.0,0.0,0.0,0.0,,,,,18473,global,0.4
1,4,lr5e-05_bs32_modL1_fusion16_fusionL1_fusionBN0_drop0p2__wd1e-04trmiss40_trlocglobal,32,5e-05,0.0001,1,16,1,False,0.2,lr5e-05_bs32_modL1_fusion16_fusionL1_fusionBN0_drop0p2__wd1e-04trmiss40_trlocglobal,9,0.6471380194028219,0.6848473846912384,0.6904761904761905,0.6770885061780976,0.5555555555555556,0.0,0.0,0.0,0.0,0.0,0.0,0.0,0.0,0.0,,,,,18473,global,0.4
1,4,lr5e-05_bs32_modL1_fusion16_fusionL1_fusionBN0_drop0p2__wd1e-04trmiss40_trlocglobal,32,5e-05,0.0001,1,16,1,False,0.2,lr5e-05_bs32_modL1_fusion16_fusionL1_fusionBN0_drop0p2__wd1e-04trmiss40_trlocglobal,10,0.650279184182485,0.6842472851276398,0.6865079365079365,0.6730927796823711,0.5333333333333333,0.0,0.0,0.0,0.0,0.0,0.0,0.0,0.0,0.0,,,,,18473,global,0.4
1,4,lr5e-05_bs32_modL1_fusion16_fusionL1_fusionBN0_drop0p2__wd1e-04trmiss40_trlocglobal,32,5e-05,0.0001,1,16,1,False,0.2,lr5e-05_bs32_modL1_fusion16_fusionL1_fusionBN0_drop0p2__wd1e-04trmiss40_trlocglobal,11,0.6348170340061188,0.6846061944961548,0.6805555555555556,0.6667457740521647,0.5555555555555556,0.0,0.0,0.0,0.0,0.0,0.0,0.0,0.0,0.0,,,,,18473,global,0.4
1,4,lr5e-05_bs32_modL1_fusion16_fusionL1_fusionBN0_drop0p2__wd1e-04trmiss40_trlocglobal,32,5e-05,0.0001,1,16,1,False,0.2,lr5e-05_bs32_modL1_fusion16_fusionL1_fusionBN0_drop0p2__wd1e-04trmiss40_trlocglobal,12,0.6315289636452993,0.6840094923973083,0.6785714285714286,0.665892133757735,0.5777777777777777,0.0,0.0,0.0,0.0,0.0,0.0,0.0,0.0,0.0,,,,,18473,global,0.4
1,4,lr5e-05_bs32_modL1_fusion16_fusionL1_fusionBN0_drop0p2__wd1e-04trmiss40_trlocglobal,32,5e-05,0.0001,1,16,1,False,0.2,lr5e-05_bs32_modL1_fusion16_fusionL1_fusionBN0_drop0p2__wd1e-04trmiss40_trlocglobal,13,0.6265250146389008,0.6828987896442413,0.6884920634920636,0.6717380675374912,0.5777777777777777,0.0,0.0,0.0,0.0,0.0,0.0,0.0,0.0,0.0,,,,,18473,global,0.4
1,4,lr5e-05_bs32_modL1_fusion16_fusionL1_fusionBN0_drop0p2__wd1e-04trmiss40_trlocglobal,32,5e-05,0.0001,1,16,1,False,0.2,lr5e-05_bs32_modL1_fusion16_fusionL1_fusionBN0_drop0p2__wd1e-04trmiss40_trlocglobal,14,0.6191324492295583,0.682360827922821,0.6904761904761906,0.6733619423959659,0.5777777777777777,0.0,0.0,0.0,0.0,0.0,0.0,0.0,0.0,0.0,,,,,18473,global,0.4
1,4,lr5e-05_bs32_modL1_fusion16_fusionL1_fusionBN0_drop0p2__wd1e-04trmiss40_trlocglobal,32,5e-05,0.0001,1,16,1,False,0.2,lr5e-05_bs32_modL1_fusion16_fusionL1_fusionBN0_drop0p2__wd1e-04trmiss40_trlocglobal,15,0.6159638166427612,0.6819178462028503,0.6904761904761905,0.677848207358882,0.5777777777777777,0.0,0.0,0.0,0.0,0.0,0.0,0.0,0.0,0.0,,,,,18473,global,0.4
1,4,lr5e-05_bs32_modL1_fusion16_fusionL1_fusionBN0_drop0p2__wd1e-04trmiss40_trlocglobal,32,5e-05,0.0001,1,16,1,False,0.2,lr5e-05_bs32_modL1_fusion16_fusionL1_fusionBN0_drop0p2__wd1e-04trmiss40_trlocglobal,16,0.615776797135671,0.6818993985652924,0.6884920634920635,0.6798852486644325,0.5777777777777777,0.0,0.0,0.0,0.0,0.0,0.0,0.0,0.0,0.0,,,,,18473,global,0.4
1,4,lr5e-05_bs32_modL1_fusion16_fusionL1_fusionBN0_drop0p2__wd1e-04trmiss40_trlocglobal,32,5e-05,0.0001,1,16,1,False,0.2,lr5e-05_bs32_modL1_fusion16_fusionL1_fusionBN0_drop0p2__wd1e-04trmiss40_trlocglobal,17,0.6160546143849691,0.6806950569152832,0.6884920634920635,0.6752601896106923,0.6,0.0,0.0,0.0,0.0,0.0,0.0,0.0,0.0,0.0,,,,,18473,global,0.4
1,4,lr5e-05_bs32_modL1_fusion16_fusionL1_fusionBN0_drop0p2__wd1e-04trmiss40_trlocglobal,32,5e-05,0.0001,1,16,1,False,0.2,lr5e-05_bs32_modL1_fusion16_fusionL1_fusionBN0_drop0p2__wd1e-04trmiss40_trlocglobal,18,0.6056872308254242,0.6788813769817352,0.6845238095238095,0.6815606334648171,0.5777777777777777,0.0,0.0,0.0,0.0,0.0,0.0,0.0,0.0,0.0,,,,,18473,global,0.4
1,4,lr5e-05_bs32_modL1_fusion16_fusionL1_fusionBN0_drop0p2__wd1e-04trmiss40_trlocglobal,32,5e-05,0.0001,1,16,1,False,0.2,lr5e-05_bs32_modL1_fusion16_fusionL1_fusionBN0_drop0p2__wd1e-04trmiss40_trlocglobal,19,0.6108300189177195,0.6786570250988007,0.6785714285714286,0.6817604869917488,0.6444444444444445,0.0,0.0,0.0,0.0,0.0,0.0,0.0,0.0,0.0,,,,,18473,global,0.4
1,4,lr5e-05_bs32_modL1_fusion16_fusionL1_fusionBN0_drop0p2__wd1e-04trmiss40_trlocglobal,32,5e-05,0.0001,1,16,1,False,0.2,lr5e-05_bs32_modL1_fusion16_fusionL1_fusionBN0_drop0p2__wd1e-04trmiss40_trlocglobal,20,0.6074904898802439,0.6788055896759033,0.6825396825396826,0.692881988340513,0.6222222222222222,0.0,0.0,0.0,0.0,0.0,0.0,0.0,0.0,0.0,,,,,18473,global,0.4
1,4,lr5e-05_bs32_modL1_fusion16_fusionL1_fusionBN0_drop0p2__wd1e-04trmiss40_trlocglobal,32,5e-05,0.0001,1,16,1,False,0.2,lr5e-05_bs32_modL1_fusion16_fusionL1_fusionBN0_drop0p2__wd1e-04trmiss40_trlocglobal,21,0.5979849795500437,0.6788818538188934,0.6785714285714286,0.6913573583481906,0.6444444444444445,0.0,0.0,0.0,0.0,0.0,0.0,0.0,0.0,0.0,,,,,18473,global,0.4
1,4,lr5e-05_bs32_modL1_fusion16_fusionL1_fusionBN0_drop0p2__wd1e-04trmiss40_trlocglobal,32,5e-05,0.0001,1,16,1,False,0.2,lr5e-05_bs32_modL1_fusion16_fusionL1_fusionBN0_drop0p2__wd1e-04trmiss40_trlocglobal,22,0.5974258383115133,0.6788155138492584,0.6785714285714286,0.6937216014313116,0.6222222222222222,0.0,0.0,0.0,0.0,0.0,0.0,0.0,0.0,0.0,,,,,18473,global,0.4
1,4,lr5e-05_bs32_modL1_fusion16_fusionL1_fusionBN0_drop0p2__wd1e-04trmiss40_trlocglobal,32,5e-05,0.0001,1,16,1,False,0.2,lr5e-05_bs32_modL1_fusion16_fusionL1_fusionBN0_drop0p2__wd1e-04trmiss40_trlocglobal,23,0.5945362349351248,0.6765515506267548,0.6904761904761905,0.7028457469305833,0.6222222222222222,0.0,0.0,0.0,0.0,0.0,0.0,0.0,0.0,0.0,,,,,18473,global,0.4
1,4,lr5e-05_bs32_modL1_fusion16_fusionL1_fusionBN0_drop0p2__wd1e-04trmiss40_trlocglobal,32,5e-05,0.0001,1,16,1,False,0.2,lr5e-05_bs32_modL1_fusion16_fusionL1_fusionBN0_drop0p2__wd1e-04trmiss40_trlocglobal,24,0.5890969336032867,0.6751313507556915,0.6964285714285715,0.7094866388882873,0.6666666666666666,0.0,0.0,0.0,0.0,0.0,0.0,0.0,0.0,0.0,,,,,18473,global,0.4
1,4,lr5e-05_bs32_modL1_fusion16_fusionL1_fusionBN0_drop0p2__wd1e-04trmiss40_trlocglobal,32,5e-05,0.0001,1,16,1,False,0.2,lr5e-05_bs32_modL1_fusion16_fusionL1_fusionBN0_drop0p2__wd1e-04trmiss40_trlocglobal,25,0.5862047473589579,0.6747312545776367,0.6884920634920635,0.7033155153898937,0.6444444444444445,0.0,0.0,0.0,0.0,0.0,0.0,0.0,0.0,0.0,,,,,18473,global,0.4
1,4,lr5e-05_bs32_modL1_fusion16_fusionL1_fusionBN0_drop0p2__wd1e-04trmiss40_trlocglobal,32,5e-05,0.0001,1,16,1,False,0.2,lr5e-05_bs32_modL1_fusion16_fusionL1_fusionBN0_drop0p2__wd1e-04trmiss40_trlocglobal,26,0.5756252010663351,0.6742991507053375,0.6845238095238095,0.7020997940504842,0.6444444444444445,0.0,0.0,0.0,0.0,0.0,0.0,0.0,0.0,0.0,,,,,18473,global,0.4
1,4,lr5e-05_bs32_modL1_fusion16_fusionL1_fusionBN0_drop0p2__wd1e-04trmiss40_trlocglobal,32,5e-05,0.0001,1,16,1,False,0.2,lr5e-05_bs32_modL1_fusion16_fusionL1_fusionBN0_drop0p2__wd1e-04trmiss40_trlocglobal,27,0.5810623864332835,0.6742873191833496,0.6686507936507937,0.6926012724935386,0.6,0.0,0.0,0.0,0.0,0.0,0.0,0.0,0.0,0.0,,,,,18473,global,0.4
1,4,lr5e-05_bs32_modL1_fusion16_fusionL1_fusionBN0_drop0p2__wd1e-04trmiss40_trlocglobal,32,5e-05,0.0001,1,16,1,False,0.2,lr5e-05_bs32_modL1_fusion16_fusionL1_fusionBN0_drop0p2__wd1e-04trmiss40_trlocglobal,28,0.5779730379581451,0.6742214858531952,0.6706349206349207,0.6944241861699006,0.6,0.0,0.0,0.0,0.0,0.0,0.0,0.0,0.0,0.0,,,,,18473,global,0.4
1,4,lr5e-05_bs32_modL1_fusion16_fusionL1_fusionBN0_drop0p2__wd1e-04trmiss40_trlocglobal,32,5e-05,0.0001,1,16,1,False,0.2,lr5e-05_bs32_modL1_fusion16_fusionL1_fusionBN0_drop0p2__wd1e-04trmiss40_trlocglobal,29,0.5760247508684794,0.6742352545261383,0.6706349206349207,0.6921086369162787,0.6,0.0,0.0,0.0,0.0,0.0,0.0,0.0,0.0,0.0,,,,,18473,global,0.4
1,4,lr5e-05_bs32_modL1_fusion16_fusionL1_fusionBN0_drop0p2__wd1e-04trmiss40_trlocglobal,32,5e-05,0.0001,1,16,1,False,0.2,lr5e-05_bs32_modL1_fusion16_fusionL1_fusionBN0_drop0p2__wd1e-04trmiss40_trlocglobal,30,0.5835817754268646,0.6736180782318115,0.6607142857142857,0.6931774542753222,0.6222222222222222,0.0,0.0,0.0,0.0,0.0,0.0,0.0,0.0,0.0,,,,,18473,global,0.4
1,4,lr5e-05_bs32_modL1_fusion16_fusionL1_fusionBN0_drop0p2__wd1e-04trmiss40_trlocglobal,32,5e-05,0.0001,1,16,1,False,0.2,lr5e-05_bs32_modL1_fusion16_fusionL1_fusionBN0_drop0p2__wd1e-04trmiss40_trlocglobal,31,0.5689118504524231,0.6742640435695648,0.6587301587301587,0.6997074034843435,0.6,0.0,0.0,0.0,0.0,0.0,0.0,0.0,0.0,0.0,,,,,18473,global,0.4
1,4,lr5e-05_bs32_modL1_fusion16_fusionL1_fusionBN0_drop0p2__wd1e-04trmiss40_trlocglobal,32,5e-05,0.0001,1,16,1,False,0.2,lr5e-05_bs32_modL1_fusion16_fusionL1_fusionBN0_drop0p2__wd1e-04trmiss40_trlocglobal,32,0.5581252376238505,0.6748107373714447,0.6547619047619048,0.6999651344769658,0.5777777777777777,0.0,0.0,0.0,0.0,0.0,0.0,0.0,0.0,0.0,,,,,18473,global,0.4
1,4,lr5e-05_bs32_modL1_fusion16_fusionL1_fusionBN0_drop0p2__wd1e-04trmiss40_trlocglobal,32,5e-05,0.0001,1,16,1,False,0.2,lr5e-05_bs32_modL1_fusion16_fusionL1_fusionBN0_drop0p2__wd1e-04trmiss40_trlocglobal,33,0.5607279439767202,0.6763054728507996,0.6428571428571429,0.6910391423248926,0.5555555555555556,0.0,0.0,0.0,0.0,0.0,0.0,0.0,0.0,0.0,,,,,18473,global,0.4
1,4,lr5e-05_bs32_modL1_fusion16_fusionL1_fusionBN0_drop0p2__wd1e-04trmiss40_trlocglobal,32,5e-05,0.0001,1,16,1,False,0.2,lr5e-05_bs32_modL1_fusion16_fusionL1_fusionBN0_drop0p2__wd1e-04trmiss40_trlocglobal,34,0.5618816514809927,0.6774303019046783,0.6349206349206349,0.6866801933581005,0.5333333333333333,0.0,0.0,0.0,0.0,0.0,0.0,0.0,0.0,0.0,,,,,18473,global,0.4
1,4,lr5e-05_bs32_modL1_fusion16_fusionL1_fusionBN0_drop0p2__wd1e-04trmiss40_trlocglobal,32,5e-05,0.0001,1,16,1,False,0.2,lr5e-05_bs32_modL1_fusion16_fusionL1_fusionBN0_drop0p2__wd1e-04trmiss40_trlocglobal,35,0.5618090927600861,0.6777607202529907,0.6369047619047619,0.6930108347764613,0.5555555555555556,0.0,0.0,0.0,0.0,0.0,0.0,0.0,0.0,0.0,,,,,18473,global,0.4
1,4,lr5e-05_bs32_modL1_fusion16_fusionL1_fusionBN0_drop0p2__wd1e-04trmiss40_trlocglobal,32,5e-05,0.0001,1,16,1,False,0.2,lr5e-05_bs32_modL1_fusion16_fusionL1_fusionBN0_drop0p2__wd1e-04trmiss40_trlocglobal,36,0.5598171949386597,0.6767145097255707,0.6428571428571428,0.7017431291705204,0.5555555555555556,0.0,0.0,0.0,0.0,0.0,0.0,0.0,0.0,0.0,,,,,18473,global,0.4
1,4,lr5e-05_bs32_modL1_fusion16_fusionL1_fusionBN0_drop0p2__wd1e-04trmiss40_trlocglobal,32,5e-05,0.0001,1,16,1,False,0.2,lr5e-05_bs32_modL1_fusion16_fusionL1_fusionBN0_drop0p2__wd1e-04trmiss40_trlocglobal,37,0.5661143362522125,0.6763987839221954,0.6408730158730158,0.6988449760119505,0.5333333333333333,0.0,0.0,0.0,0.0,0.0,0.0,0.0,0.0,0.0,,,,,18473,global,0.4
1,4,lr5e-05_bs32_modL1_fusion16_fusionL1_fusionBN0_drop0p2__wd1e-04trmiss40_trlocglobal,32,5e-05,0.0001,1,16,1,False,0.2,lr5e-05_bs32_modL1_fusion16_fusionL1_fusionBN0_drop0p2__wd1e-04trmiss40_trlocglobal,38,0.5572470525900522,0.6767634451389313,0.6369047619047619,0.7061914331133096,0.5333333333333333,0.0,0.0,0.0,0.0,0.0,0.0,0.0,0.0,0.0,,,,,18473,global,0.4
1,4,lr5e-05_bs32_modL1_fusion16_fusionL1_fusionBN0_drop0p2__wd1e-04trmiss40_trlocglobal,32,5e-05,0.0001,1,16,1,False,0.2,lr5e-05_bs32_modL1_fusion16_fusionL1_fusionBN0_drop0p2__wd1e-04trmiss40_trlocglobal,39,0.5596006910006205,0.6762468814849854,0.6468253968253969,0.7185446436282847,0.5555555555555556,0.0,0.0,0.0,0.0,0.0,0.0,0.0,0.0,0.0,,,,,18473,global,0.4
1,4,lr5e-05_bs32_modL1_fusion16_fusionL1_fusionBN0_drop0p2__wd1e-04trmiss40_trlocglobal,32,5e-05,0.0001,1,16,1,False,0.2,lr5e-05_bs32_modL1_fusion16_fusionL1_fusionBN0_drop0p2__wd1e-04trmiss40_trlocglobal,40,0.5611399014790853,0.6764921545982361,0.6468253968253967,0.7069793487449751,0.5555555555555556,0.0,0.0,0.0,0.0,0.0,0.0,0.0,0.0,0.0,,,,,18473,global,0.4
1,4,lr5e-05_bs32_modL1_fusion16_fusionL1_fusionBN0_drop0p2__wd1e-04trmiss40_trlocglobal,32,5e-05,0.0001,1,16,1,False,0.2,lr5e-05_bs32_modL1_fusion16_fusionL1_fusionBN0_drop0p2__wd1e-04trmiss40_trlocglobal,41,0.5507806936899821,0.6773291826248169,0.6408730158730159,0.7046453389555599,0.5333333333333333,0.0,0.0,0.0,0.0,0.0,0.0,0.0,0.0,0.0,,,,,18473,global,0.4
1,4,lr5e-05_bs32_modL1_fusion16_fusionL1_fusionBN0_drop0p2__wd1e-04trmiss40_trlocglobal,32,5e-05,0.0001,1,16,1,False,0.2,lr5e-05_bs32_modL1_fusion16_fusionL1_fusionBN0_drop0p2__wd1e-04trmiss40_trlocglobal,42,0.5538782179355621,0.6767559349536896,0.6329365079365079,0.7063965776565526,0.5333333333333333,0.0,0.0,0.0,0.0,0.0,0.0,0.0,0.0,0.0,,,,,18473,global,0.4
1,4,lr5e-05_bs32_modL1_fusion16_fusionL1_fusionBN0_drop0p2__wd1e-04trmiss40_trlocglobal,32,5e-05,0.0001,1,16,1,False,0.2,lr5e-05_bs32_modL1_fusion16_fusionL1_fusionBN0_drop0p2__wd1e-04trmiss40_trlocglobal,43,0.5475052793820699,0.6748474538326263,0.6448412698412699,0.7131966886031172,0.5555555555555556,0.0,0.0,0.0,0.0,0.0,0.0,0.0,0.0,0.0,,,,,18473,global,0.4
1,4,lr5e-05_bs32_modL1_fusion16_fusionL1_fusionBN0_drop0p2__wd1e-04trmiss40_trlocglobal,32,5e-05,0.0001,1,16,1,False,0.2,lr5e-05_bs32_modL1_fusion16_fusionL1_fusionBN0_drop0p2__wd1e-04trmiss40_trlocglobal,44,0.55292675892512,0.6743023693561554,0.6567460317460317,0.7224175376523977,0.5555555555555556,0.0,0.0,0.0,0.0,0.0,0.0,0.0,0.0,0.0,,,,,18473,global,0.4
1,4,lr5e-05_bs32_modL1_fusion16_fusionL1_fusionBN0_drop0p1__wd1e-04trmiss40_trlocglobal,32,5e-05,0.0001,1,16,1,False,0.1,lr5e-05_bs32_modL1_fusion16_fusionL1_fusionBN0_drop0p1__wd1e-04trmiss40_trlocglobal,1,0.7018037537733713,0.699595183134079,0.501984126984127,0.543247633447216,0.4666666666666667,0.0,0.0,0.0,0.0,0.0,0.0,0.0,0.0,0.0,,,,,18473,global,0.4
1,4,lr5e-05_bs32_modL1_fusion16_fusionL1_fusionBN0_drop0p1__wd1e-04trmiss40_trlocglobal,32,5e-05,0.0001,1,16,1,False,0.1,lr5e-05_bs32_modL1_fusion16_fusionL1_fusionBN0_drop0p1__wd1e-04trmiss40_trlocglobal,2,0.695342610279719,0.6986581385135651,0.5297619047619048,0.5644399501495847,0.4666666666666667,0.0,0.0,0.0,0.0,0.0,0.0,0.0,0.0,0.0,,,,,18473,global,0.4
1,4,lr5e-05_bs32_modL1_fusion16_fusionL1_fusionBN0_drop0p1__wd1e-04trmiss40_trlocglobal,32,5e-05,0.0001,1,16,1,False,0.1,lr5e-05_bs32_modL1_fusion16_fusionL1_fusionBN0_drop0p1__wd1e-04trmiss40_trlocglobal,3,0.6826308170954386,0.6977658569812775,0.5535714285714286,0.5679502659857519,0.4666666666666667,0.0,0.0,0.0,0.0,0.0,0.0,0.0,0.0,0.0,,,,,18473,global,0.4
1,4,lr5e-05_bs32_modL1_fusion16_fusionL1_fusionBN0_drop0p1__wd1e-04trmiss40_trlocglobal,32,5e-05,0.0001,1,16,1,False,0.1,lr5e-05_bs32_modL1_fusion16_fusionL1_fusionBN0_drop0p1__wd1e-04trmiss40_trlocglobal,4,0.683925082286199,0.6971886157989502,0.5654761904761906,0.5912825663111988,0.4666666666666667,0.0,0.0,0.0,0.0,0.0,0.0,0.0,0.0,0.0,,,,,18473,global,0.4
1,4,lr5e-05_bs32_modL1_fusion16_fusionL1_fusionBN0_drop0p1__wd1e-04trmiss40_trlocglobal,32,5e-05,0.0001,1,16,1,False,0.1,lr5e-05_bs32_modL1_fusion16_fusionL1_fusionBN0_drop0p1__wd1e-04trmiss40_trlocglobal,5,0.6783093909422556,0.6951400935649872,0.5813492063492063,0.6261629548877877,0.4666666666666667,0.0,0.0,0.0,0.0,0.0,0.0,0.0,0.0,0.0,,,,,18473,global,0.4
1,4,lr5e-05_bs32_modL1_fusion16_fusionL1_fusionBN0_drop0p1__wd1e-04trmiss40_trlocglobal,32,5e-05,0.0001,1,16,1,False,0.1,lr5e-05_bs32_modL1_fusion16_fusionL1_fusionBN0_drop0p1__wd1e-04trmiss40_trlocglobal,6,0.6743108928203583,0.6943358480930328,0.5912698412698413,0.6331448497948591,0.4888888888888889,0.0,0.0,0.0,0.0,0.0,0.0,0.0,0.0,0.0,,,,,18473,global,0.4
1,4,lr5e-05_bs32_modL1_fusion16_fusionL1_fusionBN0_drop0p1__wd1e-04trmiss40_trlocglobal,32,5e-05,0.0001,1,16,1,False,0.1,lr5e-05_bs32_modL1_fusion16_fusionL1_fusionBN0_drop0p1__wd1e-04trmiss40_trlocglobal,7,0.6646633048852285,0.6931979656219482,0.5753968253968254,0.6296207661843252,0.4888888888888889,0.0,0.0,0.0,0.0,0.0,0.0,0.0,0.0,0.0,,,,,18473,global,0.4
1,4,lr5e-05_bs32_modL1_fusion16_fusionL1_fusionBN0_drop0p1__wd1e-04trmiss40_trlocglobal,32,5e-05,0.0001,1,16,1,False,0.1,lr5e-05_bs32_modL1_fusion16_fusionL1_fusionBN0_drop0p1__wd1e-04trmiss40_trlocglobal,8,0.6573222676912943,0.6934729814529419,0.5833333333333333,0.6407513890661314,0.4888888888888889,0.0,0.0,0.0,0.0,0.0,0.0,0.0,0.0,0.0,,,,,18473,global,0.4
1,4,lr5e-05_bs32_modL1_fusion16_fusionL1_fusionBN0_drop0p1__wd1e-04trmiss40_trlocglobal,32,5e-05,0.0001,1,16,1,False,0.1,lr5e-05_bs32_modL1_fusion16_fusionL1_fusionBN0_drop0p1__wd1e-04trmiss40_trlocglobal,9,0.6585241357485453,0.6926440000534058,0.5932539682539683,0.6577487519234686,0.4888888888888889,0.0,0.0,0.0,0.0,0.0,0.0,0.0,0.0,0.0,,,,,18473,global,0.4
1,4,lr5e-05_bs32_modL1_fusion16_fusionL1_fusionBN0_drop0p1__wd1e-04trmiss40_trlocglobal,32,5e-05,0.0001,1,16,1,False,0.1,lr5e-05_bs32_modL1_fusion16_fusionL1_fusionBN0_drop0p1__wd1e-04trmiss40_trlocglobal,10,0.6487765411535898,0.6929381787776947,0.5873015873015873,0.6569913800789579,0.4666666666666667,0.0,0.0,0.0,0.0,0.0,0.0,0.0,0.0,0.0,,,,,18473,global,0.4
1,4,lr5e-05_bs32_modL1_fusion16_fusionL1_fusionBN0_drop0p1__wd1e-04trmiss40_trlocglobal,32,5e-05,0.0001,1,16,1,False,0.1,lr5e-05_bs32_modL1_fusion16_fusionL1_fusionBN0_drop0p1__wd1e-04trmiss40_trlocglobal,11,0.6479138235251108,0.6934685111045837,0.5813492063492064,0.6444235744631167,0.4666666666666667,0.0,0.0,0.0,0.0,0.0,0.0,0.0,0.0,0.0,,,,,18473,global,0.4
1,4,lr5e-05_bs32_modL1_fusion16_fusionL1_fusionBN0_drop0p1__wd1e-04trmiss40_trlocglobal,32,5e-05,0.0001,1,16,1,False,0.1,lr5e-05_bs32_modL1_fusion16_fusionL1_fusionBN0_drop0p1__wd1e-04trmiss40_trlocglobal,12,0.6466619968414307,0.69223552942276,0.5773809523809524,0.645828367713989,0.4888888888888889,0.0,0.0,0.0,0.0,0.0,0.0,0.0,0.0,0.0,,,,,18473,global,0.4
1,4,lr5e-05_bs32_modL1_fusion16_fusionL1_fusionBN0_drop0p1__wd1e-04trmiss40_trlocglobal,32,5e-05,0.0001,1,16,1,False,0.1,lr5e-05_bs32_modL1_fusion16_fusionL1_fusionBN0_drop0p1__wd1e-04trmiss40_trlocglobal,13,0.6491939723491669,0.691558450460434,0.5833333333333334,0.6559760627122274,0.4888888888888889,0.0,0.0,0.0,0.0,0.0,0.0,0.0,0.0,0.0,,,,,18473,global,0.4
1,4,lr5e-05_bs32_modL1_fusion16_fusionL1_fusionBN0_drop0p1__wd1e-04trmiss40_trlocglobal,32,5e-05,0.0001,1,16,1,False,0.1,lr5e-05_bs32_modL1_fusion16_fusionL1_fusionBN0_drop0p1__wd1e-04trmiss40_trlocglobal,14,0.6455503900845846,0.6913172006607056,0.5853174603174603,0.6499749781278671,0.4888888888888889,0.0,0.0,0.0,0.0,0.0,0.0,0.0,0.0,0.0,,,,,18473,global,0.4
1,4,lr5e-05_bs32_modL1_fusion16_fusionL1_fusionBN0_drop0p1__wd1e-04trmiss40_trlocglobal,32,5e-05,0.0001,1,16,1,False,0.1,lr5e-05_bs32_modL1_fusion16_fusionL1_fusionBN0_drop0p1__wd1e-04trmiss40_trlocglobal,15,0.6359360118707021,0.6911566853523254,0.5813492063492063,0.6374021391708904,0.4666666666666667,0.0,0.0,0.0,0.0,0.0,0.0,0.0,0.0,0.0,,,,,18473,global,0.4
1,4,lr5e-05_bs32_modL1_fusion16_fusionL1_fusionBN0_drop0p1__wd1e-04trmiss40_trlocglobal,32,5e-05,0.0001,1,16,1,False,0.1,lr5e-05_bs32_modL1_fusion16_fusionL1_fusionBN0_drop0p1__wd1e-04trmiss40_trlocglobal,16,0.6325615346431732,0.6918787360191345,0.5734126984126985,0.6297461645554436,0.4666666666666667,0.0,0.0,0.0,0.0,0.0,0.0,0.0,0.0,0.0,,,,,18473,global,0.4
1,4,lr5e-05_bs32_modL1_fusion16_fusionL1_fusionBN0_drop0p1__wd1e-04trmiss40_trlocglobal,32,5e-05,0.0001,1,16,1,False,0.1,lr5e-05_bs32_modL1_fusion16_fusionL1_fusionBN0_drop0p1__wd1e-04trmiss40_trlocglobal,17,0.626560648282369,0.6931390762329102,0.5575396825396826,0.6039164111713426,0.4666666666666667,0.0,0.0,0.0,0.0,0.0,0.0,0.0,0.0,0.0,,,,,18473,global,0.4
1,4,lr5e-05_bs32_modL1_fusion16_fusionL1_fusionBN0_drop0p1__wd1e-04trmiss40_trlocglobal,32,5e-05,0.0001,1,16,1,False,0.1,lr5e-05_bs32_modL1_fusion16_fusionL1_fusionBN0_drop0p1__wd1e-04trmiss40_trlocglobal,18,0.6230967144171397,0.6933622360229492,0.5674603174603174,0.6161978604199833,0.4444444444444444,0.0,0.0,0.0,0.0,0.0,0.0,0.0,0.0,0.0,,,,,18473,global,0.4
1,4,lr5e-05_bs32_modL1_fusion16_fusionL1_fusionBN0_drop0p1__wd1e-04trmiss40_trlocglobal,32,5e-05,0.0001,1,16,1,False,0.1,lr5e-05_bs32_modL1_fusion16_fusionL1_fusionBN0_drop0p1__wd1e-04trmiss40_trlocglobal,19,0.6212774018446604,0.6933716535568237,0.5793650793650794,0.6189538239835026,0.4444444444444444,0.0,0.0,0.0,0.0,0.0,0.0,0.0,0.0,0.0,,,,,18473,global,0.4
1,4,lr5e-05_bs32_modL1_fusion16_fusionL1_fusionBN0_drop0p1__wd1e-04trmiss40_trlocglobal,32,5e-05,0.0001,1,16,1,False,0.1,lr5e-05_bs32_modL1_fusion16_fusionL1_fusionBN0_drop0p1__wd1e-04trmiss40_trlocglobal,20,0.6183837652206421,0.6924092769622803,0.5753968253968254,0.6203445620299203,0.4444444444444444,0.0,0.0,0.0,0.0,0.0,0.0,0.0,0.0,0.0,,,,,18473,global,0.4
1,4,lr5e-05_bs32_modL1_fusion16_fusionL1_fusionBN0_drop0p1__wd1e-04trmiss40_trlocglobal,32,5e-05,0.0001,1,16,1,False,0.1,lr5e-05_bs32_modL1_fusion16_fusionL1_fusionBN0_drop0p1__wd1e-04trmiss40_trlocglobal,21,0.6139487822850546,0.6917258501052856,0.5793650793650793,0.6270105567552292,0.4444444444444444,0.0,0.0,0.0,0.0,0.0,0.0,0.0,0.0,0.0,,,,,18473,global,0.4
1,4,lr5e-05_bs32_modL1_fusion16_fusionL1_fusionBN0_drop0p1__wd1e-04trmiss40_trlocglobal,32,5e-05,0.0001,1,16,1,False,0.1,lr5e-05_bs32_modL1_fusion16_fusionL1_fusionBN0_drop0p1__wd1e-04trmiss40_trlocglobal,22,0.613264818986257,0.6896766424179077,0.6011904761904763,0.6409136696933484,0.4444444444444444,0.0,0.0,0.0,0.0,0.0,0.0,0.0,0.0,0.0,,,,,18473,global,0.4
1,4,lr5e-05_bs32_modL1_fusion16_fusionL1_fusionBN0_drop0p1__wd1e-04trmiss40_trlocglobal,32,5e-05,0.0001,1,16,1,False,0.1,lr5e-05_bs32_modL1_fusion16_fusionL1_fusionBN0_drop0p1__wd1e-04trmiss40_trlocglobal,23,0.6055579582850138,0.6882656514644623,0.6130952380952381,0.653243727979289,0.4444444444444444,0.0,0.0,0.0,0.0,0.0,0.0,0.0,0.0,0.0,,,,,18473,global,0.4
1,4,lr5e-05_bs32_modL1_fusion16_fusionL1_fusionBN0_drop0p1__wd1e-04trmiss40_trlocglobal,32,5e-05,0.0001,1,16,1,False,0.1,lr5e-05_bs32_modL1_fusion16_fusionL1_fusionBN0_drop0p1__wd1e-04trmiss40_trlocglobal,24,0.6075472633043925,0.6874960064888,0.6091269841269842,0.6488074928970694,0.4444444444444444,0.0,0.0,0.0,0.0,0.0,0.0,0.0,0.0,0.0,,,,,18473,global,0.4
1,4,lr5e-05_bs32_modL1_fusion16_fusionL1_fusionBN0_drop0p1__wd1e-04trmiss40_trlocglobal,32,5e-05,0.0001,1,16,1,False,0.1,lr5e-05_bs32_modL1_fusion16_fusionL1_fusionBN0_drop0p1__wd1e-04trmiss40_trlocglobal,25,0.5982001026471456,0.6864025890827179,0.6150793650793651,0.649670656314112,0.4444444444444444,0.0,0.0,0.0,0.0,0.0,0.0,0.0,0.0,0.0,,,,,18473,global,0.4
1,4,lr5e-05_bs32_modL1_fusion16_fusionL1_fusionBN0_drop0p1__wd1e-04trmiss40_trlocglobal,32,5e-05,0.0001,1,16,1,False,0.1,lr5e-05_bs32_modL1_fusion16_fusionL1_fusionBN0_drop0p1__wd1e-04trmiss40_trlocglobal,26,0.6023133794466654,0.6856508553028107,0.6150793650793651,0.6581676445658046,0.4888888888888889,0.0,0.0,0.0,0.0,0.0,0.0,0.0,0.0,0.0,,,,,18473,global,0.4
1,4,lr5e-05_bs32_modL1_fusion16_fusionL1_fusionBN0_drop0p1__wd1e-04trmiss40_trlocglobal,32,5e-05,0.0001,1,16,1,False,0.1,lr5e-05_bs32_modL1_fusion16_fusionL1_fusionBN0_drop0p1__wd1e-04trmiss40_trlocglobal,27,0.5975101888179779,0.6851994097232819,0.6091269841269842,0.6540977515567669,0.5111111111111111,0.0,0.0,0.0,0.0,0.0,0.0,0.0,0.0,0.0,,,,,18473,global,0.4
1,4,lr5e-05_bs32_modL1_fusion16_fusionL1_fusionBN0_drop0p1__wd1e-04trmiss40_trlocglobal,32,5e-05,0.0001,1,16,1,False,0.1,lr5e-05_bs32_modL1_fusion16_fusionL1_fusionBN0_drop0p1__wd1e-04trmiss40_trlocglobal,28,0.5976828336715698,0.6846465766429901,0.6150793650793651,0.6731363053686049,0.5111111111111111,0.0,0.0,0.0,0.0,0.0,0.0,0.0,0.0,0.0,,,,,18473,global,0.4
1,4,lr5e-05_bs32_modL1_fusion16_fusionL1_fusionBN0_drop0p1__wd1e-04trmiss40_trlocglobal,32,5e-05,0.0001,1,16,1,False,0.1,lr5e-05_bs32_modL1_fusion16_fusionL1_fusionBN0_drop0p1__wd1e-04trmiss40_trlocglobal,29,0.5891193846861521,0.6845772862434387,0.6130952380952381,0.6728188286398379,0.5111111111111111,0.0,0.0,0.0,0.0,0.0,0.0,0.0,0.0,0.0,,,,,18473,global,0.4
1,4,lr5e-05_bs32_modL1_fusion16_fusionL1_fusionBN0_drop0p1__wd1e-04trmiss40_trlocglobal,32,5e-05,0.0001,1,16,1,False,0.1,lr5e-05_bs32_modL1_fusion16_fusionL1_fusionBN0_drop0p1__wd1e-04trmiss40_trlocglobal,30,0.5896437068780264,0.6856616735458374,0.6150793650793651,0.6737567006681999,0.4888888888888889,0.0,0.0,0.0,0.0,0.0,0.0,0.0,0.0,0.0,,,,,18473,global,0.4
1,4,lr5e-05_bs32_modL1_fusion16_fusionL1_fusionBN0_drop0p1__wd1e-04trmiss40_trlocglobal,32,5e-05,0.0001,1,16,1,False,0.1,lr5e-05_bs32_modL1_fusion16_fusionL1_fusionBN0_drop0p1__wd1e-04trmiss40_trlocglobal,31,0.5892148713270823,0.6850884258747101,0.6130952380952381,0.6630302361693569,0.5111111111111111,0.0,0.0,0.0,0.0,0.0,0.0,0.0,0.0,0.0,,,,,18473,global,0.4
1,4,lr5e-05_bs32_modL1_fusion16_fusionL1_fusionBN0_drop0p1__wd1e-04trmiss40_trlocglobal,32,5e-05,0.0001,1,16,1,False,0.1,lr5e-05_bs32_modL1_fusion16_fusionL1_fusionBN0_drop0p1__wd1e-04trmiss40_trlocglobal,32,0.5820660094420115,0.6852011382579803,0.6170634920634921,0.6676879906759017,0.5333333333333333,0.0,0.0,0.0,0.0,0.0,0.0,0.0,0.0,0.0,,,,,18473,global,0.4
1,4,lr5e-05_bs32_modL1_fusion16_fusionL1_fusionBN0_drop0p1__wd1e-04trmiss40_trlocglobal,32,5e-05,0.0001,1,16,1,False,0.1,lr5e-05_bs32_modL1_fusion16_fusionL1_fusionBN0_drop0p1__wd1e-04trmiss40_trlocglobal,33,0.5887894332408905,0.6851043105125427,0.6170634920634921,0.6494898707846705,0.5555555555555556,0.0,0.0,0.0,0.0,0.0,0.0,0.0,0.0,0.0,,,,,18473,global,0.4
1,4,lr5e-05_bs32_modL1_fusion16_fusionL1_fusionBN0_drop0p1__wd1e-04trmiss40_trlocglobal,32,5e-05,0.0001,1,16,1,False,0.1,lr5e-05_bs32_modL1_fusion16_fusionL1_fusionBN0_drop0p1__wd1e-04trmiss40_trlocglobal,34,0.5815425117810568,0.68534916639328,0.6170634920634921,0.6417268314214155,0.5111111111111111,0.0,0.0,0.0,0.0,0.0,0.0,0.0,0.0,0.0,,,,,18473,global,0.4
1,4,lr5e-05_bs32_modL1_fusion16_fusionL1_fusionBN0_drop0p1__wd1e-04trmiss40_trlocglobal,32,5e-05,0.0001,1,16,1,False,0.1,lr5e-05_bs32_modL1_fusion16_fusionL1_fusionBN0_drop0p1__wd1e-04trmiss40_trlocglobal,35,0.5805439750353495,0.6844139993190765,0.6190476190476191,0.6523698998456993,0.5111111111111111,0.0,0.0,0.0,0.0,0.0,0.0,0.0,0.0,0.0,,,,,18473,global,0.4
1,4,lr5e-05_bs32_modL1_fusion16_fusionL1_fusionBN0_drop0p1__wd1e-04trmiss40_trlocglobal,32,5e-05,0.0001,1,16,1,False,0.1,lr5e-05_bs32_modL1_fusion16_fusionL1_fusionBN0_drop0p1__wd1e-04trmiss40_trlocglobal,36,0.5717573165893555,0.6838391125202179,0.625,0.6400561357615714,0.4888888888888889,0.0,0.0,0.0,0.0,0.0,0.0,0.0,0.0,0.0,,,,,18473,global,0.4
1,4,lr5e-05_bs32_modL1_fusion16_fusionL1_fusionBN0_drop0p1__wd1e-04trmiss40_trlocglobal,32,5e-05,0.0001,1,16,1,False,0.1,lr5e-05_bs32_modL1_fusion16_fusionL1_fusionBN0_drop0p1__wd1e-04trmiss40_trlocglobal,37,0.5762554903825124,0.6833131611347198,0.6130952380952381,0.6257836990933014,0.5111111111111111,0.0,0.0,0.0,0.0,0.0,0.0,0.0,0.0,0.0,,,,,18473,global,0.4
1,4,lr5e-05_bs32_modL1_fusion16_fusionL1_fusionBN0_drop0p1__wd1e-04trmiss40_trlocglobal,32,5e-05,0.0001,1,16,1,False,0.1,lr5e-05_bs32_modL1_fusion16_fusionL1_fusionBN0_drop0p1__wd1e-04trmiss40_trlocglobal,38,0.5724388261636099,0.6845462024211884,0.6170634920634921,0.6247034785503616,0.4888888888888889,0.0,0.0,0.0,0.0,0.0,0.0,0.0,0.0,0.0,,,,,18473,global,0.4
1,4,lr5e-05_bs32_modL1_fusion16_fusionL1_fusionBN0_drop0p1__wd1e-04trmiss40_trlocglobal,32,5e-05,0.0001,1,16,1,False,0.1,lr5e-05_bs32_modL1_fusion16_fusionL1_fusionBN0_drop0p1__wd1e-04trmiss40_trlocglobal,39,0.574083666006724,0.6855142712593079,0.6130952380952381,0.6220200650315352,0.4666666666666667,0.0,0.0,0.0,0.0,0.0,0.0,0.0,0.0,0.0,,,,,18473,global,0.4
1,4,lr5e-05_bs32_modL1_fusion16_fusionL1_fusionBN0_drop0p1__wd1e-04trmiss40_trlocglobal,32,5e-05,0.0001,1,16,1,False,0.1,lr5e-05_bs32_modL1_fusion16_fusionL1_fusionBN0_drop0p1__wd1e-04trmiss40_trlocglobal,40,0.5753468175729116,0.6847167313098907,0.6130952380952381,0.6446758508307032,0.4666666666666667,0.0,0.0,0.0,0.0,0.0,0.0,0.0,0.0,0.0,,,,,18473,global,0.4
1,4,lr5e-05_bs32_modL1_fusion16_fusionL1_fusionBN0_drop0p1__wd1e-04trmiss40_trlocglobal,32,5e-05,0.0001,1,16,1,False,0.1,lr5e-05_bs32_modL1_fusion16_fusionL1_fusionBN0_drop0p1__wd1e-04trmiss40_trlocglobal,41,0.5673751334349314,0.6837190985679626,0.6130952380952381,0.6224747281985462,0.5111111111111111,0.0,0.0,0.0,0.0,0.0,0.0,0.0,0.0,0.0,,,,,18473,global,0.4
1,4,lr5e-05_bs32_modL1_fusion16_fusionL1_fusionBN0_drop0p1__wd1e-04trmiss40_trlocglobal,32,5e-05,0.0001,1,16,1,False,0.1,lr5e-05_bs32_modL1_fusion16_fusionL1_fusionBN0_drop0p1__wd1e-04trmiss40_trlocglobal,42,0.5630140205224355,0.6823324263095856,0.625,0.6340067909786741,0.5111111111111111,0.0,0.0,0.0,0.0,0.0,0.0,0.0,0.0,0.0,,,,,18473,global,0.4
1,4,lr5e-05_bs32_modL1_fusion16_fusionL1_fusionBN0_drop0p1__wd1e-04trmiss40_trlocglobal,32,5e-05,0.0001,1,16,1,False,0.1,lr5e-05_bs32_modL1_fusion16_fusionL1_fusionBN0_drop0p1__wd1e-04trmiss40_trlocglobal,43,0.5687209069728851,0.6814411282539368,0.628968253968254,0.6556083461485185,0.5111111111111111,0.0,0.0,0.0,0.0,0.0,0.0,0.0,0.0,0.0,,,,,18473,global,0.4
1,4,lr5e-05_bs32_modL1_fusion16_fusionL1_fusionBN0_drop0p1__wd1e-04trmiss40_trlocglobal,32,5e-05,0.0001,1,16,1,False,0.1,lr5e-05_bs32_modL1_fusion16_fusionL1_fusionBN0_drop0p1__wd1e-04trmiss40_trlocglobal,44,0.5716434518496195,0.681256502866745,0.6309523809523809,0.6748398592445377,0.5111111111111111,0.0,0.0,0.0,0.0,0.0,0.0,0.0,0.0,0.0,,,,,18473,global,0.4
1,4,lr5e-05_bs32_modL1_fusion16_fusionL1_fusionBN0_drop0p1__wd1e-04trmiss40_trlocglobal,32,5e-05,0.0001,1,16,1,False,0.1,lr5e-05_bs32_modL1_fusion16_fusionL1_fusionBN0_drop0p1__wd1e-04trmiss40_trlocglobal,45,0.5603317618370056,0.6821313500404358,0.630952380952381,0.6687091763937786,0.5333333333333333,0.0,0.0,0.0,0.0,0.0,0.0,0.0,0.0,0.0,,,,,18473,global,0.4
1,4,lr5e-05_bs32_modL1_fusion16_fusionL1_fusionBN0_drop0p1__wd1e-04trmiss40_trlocglobal,32,5e-05,0.0001,1,16,1,False,0.1,lr5e-05_bs32_modL1_fusion16_fusionL1_fusionBN0_drop0p1__wd1e-04trmiss40_trlocglobal,46,0.5659667154153188,0.6821405589580536,0.6190476190476191,0.6606338366022196,0.5333333333333333,0.0,0.0,0.0,0.0,0.0,0.0,0.0,0.0,0.0,,,,,18473,global,0.4
1,4,lr5e-05_bs32_modL1_fusion16_fusionL1_fusionBN0_drop0p1__wd1e-04trmiss40_trlocglobal,32,5e-05,0.0001,1,16,1,False,0.1,lr5e-05_bs32_modL1_fusion16_fusionL1_fusionBN0_drop0p1__wd1e-04trmiss40_trlocglobal,47,0.5569447179635366,0.681986540555954,0.625,0.6635289093568938,0.5111111111111111,0.0,0.0,0.0,0.0,0.0,0.0,0.0,0.0,0.0,,,,,18473,global,0.4
1,4,lr5e-05_bs32_modL1_fusion16_fusionL1_fusionBN0_drop0p1__wd1e-04trmiss40_trlocglobal,32,5e-05,0.0001,1,16,1,False,0.1,lr5e-05_bs32_modL1_fusion16_fusionL1_fusionBN0_drop0p1__wd1e-04trmiss40_trlocglobal,48,0.5580812791983286,0.6821188032627106,0.621031746031746,0.6566230451593631,0.4888888888888889,0.0,0.0,0.0,0.0,0.0,0.0,0.0,0.0,0.0,,,,,18473,global,0.4
1,4,lr5e-05_bs32_modL1_fusion16_fusionL1_fusionBN0_drop0p1__wd1e-04trmiss40_trlocglobal,32,5e-05,0.0001,1,16,1,False,0.1,lr5e-05_bs32_modL1_fusion16_fusionL1_fusionBN0_drop0p1__wd1e-04trmiss40_trlocglobal,49,0.5568892359733582,0.6816385686397552,0.625,0.6596778665818146,0.5333333333333333,0.0,0.0,0.0,0.0,0.0,0.0,0.0,0.0,0.0,,,,,18473,global,0.4
1,4,lr5e-05_bs32_modL1_fusion16_fusionL1_fusionBN0_drop0p1__wd1e-04trmiss40_trlocglobal,32,5e-05,0.0001,1,16,1,False,0.1,lr5e-05_bs32_modL1_fusion16_fusionL1_fusionBN0_drop0p1__wd1e-04trmiss40_trlocglobal,50,0.5524452825387319,0.6815376877784729,0.623015873015873,0.66381848452392,0.5333333333333333,0.0,0.0,0.0,0.0,0.0,0.0,0.0,0.0,0.0,,,,,18473,global,0.4
1,4,lr5e-05_bs32_modL1_fusion16_fusionL1_fusionBN0_drop0p1__wd1e-04trmiss40_trlocglobal,32,5e-05,0.0001,1,16,1,False,0.1,lr5e-05_bs32_modL1_fusion16_fusionL1_fusionBN0_drop0p1__wd1e-04trmiss40_trlocglobal,51,0.5553984443346659,0.6812256872653961,0.625,0.6703197957127313,0.5333333333333333,0.0,0.0,0.0,0.0,0.0,0.0,0.0,0.0,0.0,,,,,18473,global,0.4
1,4,lr5e-05_bs32_modL1_fusion16_fusionL1_fusionBN0_drop0p1__wd1e-04trmiss40_trlocglobal,32,5e-05,0.0001,1,16,1,False,0.1,lr5e-05_bs32_modL1_fusion16_fusionL1_fusionBN0_drop0p1__wd1e-04trmiss40_trlocglobal,52,0.5533977448940277,0.6812726259231567,0.6170634920634921,0.6661274996720579,0.5111111111111111,0.0,0.0,0.0,0.0,0.0,0.0,0.0,0.0,0.0,,,,,18473,global,0.4
1,4,lr5e-05_bs32_modL1_fusion16_fusionL1_fusionBN0_drop0p1__wd1e-04trmiss40_trlocglobal,32,5e-05,0.0001,1,16,1,False,0.1,lr5e-05_bs32_modL1_fusion16_fusionL1_fusionBN0_drop0p1__wd1e-04trmiss40_trlocglobal,53,0.5589293340841929,0.6813248693943024,0.621031746031746,0.668779014823573,0.5333333333333333,0.0,0.0,0.0,0.0,0.0,0.0,0.0,0.0,0.0,,,,,18473,global,0.4
1,4,lr5e-05_bs32_modL1_fusion16_fusionL1_fusionBN0_drop0p1__wd1e-04trmiss40_trlocglobal,32,5e-05,0.0001,1,16,1,False,0.1,lr5e-05_bs32_modL1_fusion16_fusionL1_fusionBN0_drop0p1__wd1e-04trmiss40_trlocglobal,54,0.5548251370588938,0.6815957725048065,0.623015873015873,0.6646920779139608,0.5333333333333333,0.0,0.0,0.0,0.0,0.0,0.0,0.0,0.0,0.0,,,,,18473,global,0.4
1,4,lr5e-05_bs32_modL1_fusion16_fusionL1_fusionBN0_drop0p1__wd1e-04trmiss40_trlocglobal,32,5e-05,0.0001,1,16,1,False,0.1,lr5e-05_bs32_modL1_fusion16_fusionL1_fusionBN0_drop0p1__wd1e-04trmiss40_trlocglobal,55,0.5503569145997366,0.6823527216911316,0.625,0.6615212495593088,0.5111111111111111,0.0,0.0,0.0,0.0,0.0,0.0,0.0,0.0,0.0,,,,,18473,global,0.4
1,4,lr5e-05_bs32_modL1_fusion16_fusionL1_fusionBN0_drop0p1__wd1e-04trmiss40_trlocglobal,32,5e-05,0.0001,1,16,1,False,0.1,lr5e-05_bs32_modL1_fusion16_fusionL1_fusionBN0_drop0p1__wd1e-04trmiss40_trlocglobal,56,0.5512189865112305,0.6822834312915802,0.6150793650793651,0.6563020243989759,0.5333333333333333,0.0,0.0,0.0,0.0,0.0,0.0,0.0,0.0,0.0,,,,,18473,global,0.4
1,4,lr5e-05_bs32_modL1_fusion16_fusionL1_fusionBN0_drop0p1__wd1e-04trmiss40_trlocglobal,32,5e-05,0.0001,1,16,1,False,0.1,lr5e-05_bs32_modL1_fusion16_fusionL1_fusionBN0_drop0p1__wd1e-04trmiss40_trlocglobal,57,0.5569697221120199,0.6818560659885406,0.6170634920634921,0.6559213945743119,0.5333333333333333,0.0,0.0,0.0,0.0,0.0,0.0,0.0,0.0,0.0,,,,,18473,global,0.4
1,4,lr5e-05_bs32_modL1_fusion16_fusionL1_fusionBN0_drop0p1__wd1e-04trmiss40_trlocglobal,32,5e-05,0.0001,1,16,1,False,0.1,lr5e-05_bs32_modL1_fusion16_fusionL1_fusionBN0_drop0p1__wd1e-04trmiss40_trlocglobal,58,0.5524373054504395,0.6806390881538391,0.6190476190476191,0.6600097044238279,0.5555555555555556,0.0,0.0,0.0,0.0,0.0,0.0,0.0,0.0,0.0,,,,,18473,global,0.4
1,4,lr5e-05_bs32_modL1_fusion16_fusionL1_fusionBN0_drop0p1__wd1e-04trmiss40_trlocglobal,32,5e-05,0.0001,1,16,1,False,0.1,lr5e-05_bs32_modL1_fusion16_fusionL1_fusionBN0_drop0p1__wd1e-04trmiss40_trlocglobal,59,0.5496158798535665,0.6796995103359222,0.621031746031746,0.6662597044238279,0.5777777777777777,0.0,0.0,0.0,0.0,0.0,0.0,0.0,0.0,0.0,,,,,18473,global,0.4
1,4,lr5e-05_bs32_modL1_fusion16_fusionL1_fusionBN0_drop0p1__wd1e-04trmiss40_trlocglobal,32,5e-05,0.0001,1,16,1,False,0.1,lr5e-05_bs32_modL1_fusion16_fusionL1_fusionBN0_drop0p1__wd1e-04trmiss40_trlocglobal,60,0.5459932585557302,0.6803586184978485,0.6150793650793651,0.6595384824689399,0.5777777777777777,0.0,0.0,0.0,0.0,0.0,0.0,0.0,0.0,0.0,,,,,18473,global,0.4
1,4,lr5e-05_bs32_modL1_fusion16_fusionL1_fusionBN0_drop0p1__wd1e-04trmiss40_trlocglobal,32,5e-05,0.0001,1,16,1,False,0.1,lr5e-05_bs32_modL1_fusion16_fusionL1_fusionBN0_drop0p1__wd1e-04trmiss40_trlocglobal,61,0.5422892570495605,0.6804291605949402,0.6190476190476191,0.6571669437344148,0.5777777777777777,0.0,0.0,0.0,0.0,0.0,0.0,0.0,0.0,0.0,,,,,18473,global,0.4
1,4,lr5e-05_bs32_modL1_fusion16_fusionL1_fusionBN0_drop0p1__wd1e-04trmiss40_trlocglobal,32,5e-05,0.0001,1,16,1,False,0.1,lr5e-05_bs32_modL1_fusion16_fusionL1_fusionBN0_drop0p1__wd1e-04trmiss40_trlocglobal,62,0.5438383022944132,0.6805793642997742,0.6190476190476191,0.6571669437344148,0.5777777777777777,0.0,0.0,0.0,0.0,0.0,0.0,0.0,0.0,0.0,,,,,18473,global,0.4
1,4,lr5e-05_bs32_modL1_fusion16_fusionL1_fusionBN0_drop0p1__wd1e-04trmiss40_trlocglobal,32,5e-05,0.0001,1,16,1,False,0.1,lr5e-05_bs32_modL1_fusion16_fusionL1_fusionBN0_drop0p1__wd1e-04trmiss40_trlocglobal,63,0.541096697251002,0.6806097626686096,0.6170634920634921,0.6561252770677481,0.5777777777777777,0.0,0.0,0.0,0.0,0.0,0.0,0.0,0.0,0.0,,,,,18473,global,0.4
1,4,lr5e-05_bs32_modL1_fusion16_fusionL1_fusionBN0_drop0p1__wd1e-04trmiss40_trlocglobal,32,5e-05,0.0001,1,16,1,False,0.1,lr5e-05_bs32_modL1_fusion16_fusionL1_fusionBN0_drop0p1__wd1e-04trmiss40_trlocglobal,64,0.5418926775455475,0.6804162561893463,0.6170634920634921,0.6562946120431177,0.5777777777777777,0.0,0.0,0.0,0.0,0.0,0.0,0.0,0.0,0.0,,,,,18473,global,0.4
1,4,lr5e-05_bs32_modL1_fusion16_fusionL1_fusionBN0_drop0p1__wd1e-04trmiss40_trlocglobal,32,5e-05,0.0001,1,16,1,False,0.1,lr5e-05_bs32_modL1_fusion16_fusionL1_fusionBN0_drop0p1__wd1e-04trmiss40_trlocglobal,65,0.5397336582342783,0.6805887520313263,0.6170634920634921,0.6561252770677481,0.5777777777777777,0.0,0.0,0.0,0.0,0.0,0.0,0.0,0.0,0.0,,,,,18473,global,0.4
1,4,lr5e-05_bs32_modL1_fusion32_fusionL1_fusionBN0_drop0p2__wd1e-04trmiss40_trlocglobal,32,5e-05,0.0001,1,32,1,False,0.2,lr5e-05_bs32_modL1_fusion32_fusionL1_fusionBN0_drop0p2__wd1e-04trmiss40_trlocglobal,1,0.7095300058523814,0.6971677541732788,0.4146825396825397,0.5049941479219654,0.4666666666666667,0.0,0.0,0.0,0.0,0.0,0.0,0.0,0.0,0.0,,,,,18473,global,0.4
1,4,lr5e-05_bs32_modL1_fusion32_fusionL1_fusionBN0_drop0p2__wd1e-04trmiss40_trlocglobal,32,5e-05,0.0001,1,32,1,False,0.2,lr5e-05_bs32_modL1_fusion32_fusionL1_fusionBN0_drop0p2__wd1e-04trmiss40_trlocglobal,2,0.6926790773868561,0.6968554556369781,0.4742063492063492,0.5395422064765248,0.4666666666666667,0.0,0.0,0.0,0.0,0.0,0.0,0.0,0.0,0.0,,,,,18473,global,0.4
1,4,lr5e-05_bs32_modL1_fusion32_fusionL1_fusionBN0_drop0p2__wd1e-04trmiss40_trlocglobal,32,5e-05,0.0001,1,32,1,False,0.2,lr5e-05_bs32_modL1_fusion32_fusionL1_fusionBN0_drop0p2__wd1e-04trmiss40_trlocglobal,3,0.6841050287087759,0.6953628659248352,0.5,0.5563754932327754,0.4888888888888889,0.0,0.0,0.0,0.0,0.0,0.0,0.0,0.0,0.0,,,,,18473,global,0.4
1,4,lr5e-05_bs32_modL1_fusion32_fusionL1_fusionBN0_drop0p2__wd1e-04trmiss40_trlocglobal,32,5e-05,0.0001,1,32,1,False,0.2,lr5e-05_bs32_modL1_fusion32_fusionL1_fusionBN0_drop0p2__wd1e-04trmiss40_trlocglobal,4,0.6851276457309723,0.6938286125659943,0.5218253968253969,0.5781780107734088,0.4888888888888889,0.0,0.0,0.0,0.0,0.0,0.0,0.0,0.0,0.0,,,,,18473,global,0.4
1,4,lr5e-05_bs32_modL1_fusion32_fusionL1_fusionBN0_drop0p2__wd1e-04trmiss40_trlocglobal,32,5e-05,0.0001,1,32,1,False,0.2,lr5e-05_bs32_modL1_fusion32_fusionL1_fusionBN0_drop0p2__wd1e-04trmiss40_trlocglobal,5,0.676231731971105,0.6928768754005432,0.5357142857142858,0.5819465836849838,0.4888888888888889,0.0,0.0,0.0,0.0,0.0,0.0,0.0,0.0,0.0,,,,,18473,global,0.4
1,4,lr5e-05_bs32_modL1_fusion32_fusionL1_fusionBN0_drop0p2__wd1e-04trmiss40_trlocglobal,32,5e-05,0.0001,1,32,1,False,0.2,lr5e-05_bs32_modL1_fusion32_fusionL1_fusionBN0_drop0p2__wd1e-04trmiss40_trlocglobal,6,0.6710572640101115,0.6922319233417511,0.5515873015873016,0.596670221628262,0.4888888888888889,0.0,0.0,0.0,0.0,0.0,0.0,0.0,0.0,0.0,,,,,18473,global,0.4
1,4,lr5e-05_bs32_modL1_fusion32_fusionL1_fusionBN0_drop0p2__wd1e-04trmiss40_trlocglobal,32,5e-05,0.0001,1,32,1,False,0.2,lr5e-05_bs32_modL1_fusion32_fusionL1_fusionBN0_drop0p2__wd1e-04trmiss40_trlocglobal,7,0.6693367461363474,0.6909072399139404,0.5753968253968254,0.6248852131024488,0.4888888888888889,0.0,0.0,0.0,0.0,0.0,0.0,0.0,0.0,0.0,,,,,18473,global,0.4
1,4,lr5e-05_bs32_modL1_fusion32_fusionL1_fusionBN0_drop0p2__wd1e-04trmiss40_trlocglobal,32,5e-05,0.0001,1,32,1,False,0.2,lr5e-05_bs32_modL1_fusion32_fusionL1_fusionBN0_drop0p2__wd1e-04trmiss40_trlocglobal,8,0.6666692097981771,0.6895833909511566,0.5773809523809524,0.6358259915701908,0.4888888888888889,0.0,0.0,0.0,0.0,0.0,0.0,0.0,0.0,0.0,,,,,18473,global,0.4
1,4,lr5e-05_bs32_modL1_fusion32_fusionL1_fusionBN0_drop0p2__wd1e-04trmiss40_trlocglobal,32,5e-05,0.0001,1,32,1,False,0.2,lr5e-05_bs32_modL1_fusion32_fusionL1_fusionBN0_drop0p2__wd1e-04trmiss40_trlocglobal,9,0.6638936201731364,0.6887239515781403,0.5873015873015873,0.6452154619587217,0.4888888888888889,0.0,0.0,0.0,0.0,0.0,0.0,0.0,0.0,0.0,,,,,18473,global,0.4
1,4,lr5e-05_bs32_modL1_fusion32_fusionL1_fusionBN0_drop0p2__wd1e-04trmiss40_trlocglobal,32,5e-05,0.0001,1,32,1,False,0.2,lr5e-05_bs32_modL1_fusion32_fusionL1_fusionBN0_drop0p2__wd1e-04trmiss40_trlocglobal,10,0.6557774444421133,0.6880158185958862,0.5972222222222222,0.6500448358004346,0.4888888888888889,0.0,0.0,0.0,0.0,0.0,0.0,0.0,0.0,0.0,,,,,18473,global,0.4
1,4,lr5e-05_bs32_modL1_fusion32_fusionL1_fusionBN0_drop0p2__wd1e-04trmiss40_trlocglobal,32,5e-05,0.0001,1,32,1,False,0.2,lr5e-05_bs32_modL1_fusion32_fusionL1_fusionBN0_drop0p2__wd1e-04trmiss40_trlocglobal,11,0.6452929874261221,0.6867729425430298,0.5972222222222222,0.6530235797997342,0.4888888888888889,0.0,0.0,0.0,0.0,0.0,0.0,0.0,0.0,0.0,,,,,18473,global,0.4
1,4,lr5e-05_bs32_modL1_fusion32_fusionL1_fusionBN0_drop0p2__wd1e-04trmiss40_trlocglobal,32,5e-05,0.0001,1,32,1,False,0.2,lr5e-05_bs32_modL1_fusion32_fusionL1_fusionBN0_drop0p2__wd1e-04trmiss40_trlocglobal,12,0.6457652946313223,0.6859402060508728,0.6091269841269842,0.671538106681151,0.4888888888888889,0.0,0.0,0.0,0.0,0.0,0.0,0.0,0.0,0.0,,,,,18473,global,0.4
1,4,lr5e-05_bs32_modL1_fusion32_fusionL1_fusionBN0_drop0p2__wd1e-04trmiss40_trlocglobal,32,5e-05,0.0001,1,32,1,False,0.2,lr5e-05_bs32_modL1_fusion32_fusionL1_fusionBN0_drop0p2__wd1e-04trmiss40_trlocglobal,13,0.6502467195192972,0.6849902868270874,0.621031746031746,0.6853581080578601,0.4888888888888889,0.0,0.0,0.0,0.0,0.0,0.0,0.0,0.0,0.0,,,,,18473,global,0.4
1,4,lr5e-05_bs32_modL1_fusion32_fusionL1_fusionBN0_drop0p2__wd1e-04trmiss40_trlocglobal,32,5e-05,0.0001,1,32,1,False,0.2,lr5e-05_bs32_modL1_fusion32_fusionL1_fusionBN0_drop0p2__wd1e-04trmiss40_trlocglobal,14,0.651422401269277,0.6837388277053833,0.626984126984127,0.6920305828480472,0.4666666666666667,0.0,0.0,0.0,0.0,0.0,0.0,0.0,0.0,0.0,,,,,18473,global,0.4
1,4,lr5e-05_bs32_modL1_fusion32_fusionL1_fusionBN0_drop0p2__wd1e-04trmiss40_trlocglobal,32,5e-05,0.0001,1,32,1,False,0.2,lr5e-05_bs32_modL1_fusion32_fusionL1_fusionBN0_drop0p2__wd1e-04trmiss40_trlocglobal,15,0.6358034610748291,0.6836750209331512,0.634920634920635,0.699738788762381,0.5111111111111111,0.0,0.0,0.0,0.0,0.0,0.0,0.0,0.0,0.0,,,,,18473,global,0.4
1,4,lr5e-05_bs32_modL1_fusion32_fusionL1_fusionBN0_drop0p2__wd1e-04trmiss40_trlocglobal,32,5e-05,0.0001,1,32,1,False,0.2,lr5e-05_bs32_modL1_fusion32_fusionL1_fusionBN0_drop0p2__wd1e-04trmiss40_trlocglobal,16,0.6324403087298075,0.6835063993930817,0.6329365079365079,0.6987526098819958,0.5111111111111111,0.0,0.0,0.0,0.0,0.0,0.0,0.0,0.0,0.0,,,,,18473,global,0.4
1,4,lr5e-05_bs32_modL1_fusion32_fusionL1_fusionBN0_drop0p2__wd1e-04trmiss40_trlocglobal,32,5e-05,0.0001,1,32,1,False,0.2,lr5e-05_bs32_modL1_fusion32_fusionL1_fusionBN0_drop0p2__wd1e-04trmiss40_trlocglobal,17,0.6287881135940552,0.6828990876674652,0.6388888888888888,0.7019402158541589,0.5111111111111111,0.0,0.0,0.0,0.0,0.0,0.0,0.0,0.0,0.0,,,,,18473,global,0.4
1,4,lr5e-05_bs32_modL1_fusion32_fusionL1_fusionBN0_drop0p2__wd1e-04trmiss40_trlocglobal,32,5e-05,0.0001,1,32,1,False,0.2,lr5e-05_bs32_modL1_fusion32_fusionL1_fusionBN0_drop0p2__wd1e-04trmiss40_trlocglobal,18,0.6326955258846283,0.6825381815433502,0.6468253968253969,0.7178858525928168,0.5111111111111111,0.0,0.0,0.0,0.0,0.0,0.0,0.0,0.0,0.0,,,,,18473,global,0.4
1,4,lr5e-05_bs32_modL1_fusion32_fusionL1_fusionBN0_drop0p2__wd1e-04trmiss40_trlocglobal,32,5e-05,0.0001,1,32,1,False,0.2,lr5e-05_bs32_modL1_fusion32_fusionL1_fusionBN0_drop0p2__wd1e-04trmiss40_trlocglobal,19,0.6207008262475332,0.6818671226501465,0.6507936507936507,0.7075198443647562,0.5333333333333333,0.0,0.0,0.0,0.0,0.0,0.0,0.0,0.0,0.0,,,,,18473,global,0.4
1,4,lr5e-05_bs32_modL1_fusion32_fusionL1_fusionBN0_drop0p2__wd1e-04trmiss40_trlocglobal,32,5e-05,0.0001,1,32,1,False,0.2,lr5e-05_bs32_modL1_fusion32_fusionL1_fusionBN0_drop0p2__wd1e-04trmiss40_trlocglobal,20,0.6293870707352957,0.6817402243614197,0.6527777777777778,0.7094609621473656,0.5333333333333333,0.0,0.0,0.0,0.0,0.0,0.0,0.0,0.0,0.0,,,,,18473,global,0.4
1,4,lr5e-05_bs32_modL1_fusion32_fusionL1_fusionBN0_drop0p2__wd1e-04trmiss40_trlocglobal,32,5e-05,0.0001,1,32,1,False,0.2,lr5e-05_bs32_modL1_fusion32_fusionL1_fusionBN0_drop0p2__wd1e-04trmiss40_trlocglobal,21,0.6288910011450449,0.6821455657482147,0.6468253968253969,0.7050972085330002,0.5333333333333333,0.0,0.0,0.0,0.0,0.0,0.0,0.0,0.0,0.0,,,,,18473,global,0.4
1,4,lr5e-05_bs32_modL1_fusion32_fusionL1_fusionBN0_drop0p2__wd1e-04trmiss40_trlocglobal,32,5e-05,0.0001,1,32,1,False,0.2,lr5e-05_bs32_modL1_fusion32_fusionL1_fusionBN0_drop0p2__wd1e-04trmiss40_trlocglobal,22,0.6134430865446726,0.6820527911186218,0.6369047619047619,0.6988468839353744,0.5555555555555556,0.0,0.0,0.0,0.0,0.0,0.0,0.0,0.0,0.0,,,,,18473,global,0.4
1,4,lr5e-05_bs32_modL1_fusion32_fusionL1_fusionBN0_drop0p2__wd1e-04trmiss40_trlocglobal,32,5e-05,0.0001,1,32,1,False,0.2,lr5e-05_bs32_modL1_fusion32_fusionL1_fusionBN0_drop0p2__wd1e-04trmiss40_trlocglobal,23,0.6176111896832784,0.6816903352737427,0.6428571428571428,0.7035170083832863,0.5333333333333333,0.0,0.0,0.0,0.0,0.0,0.0,0.0,0.0,0.0,,,,,18473,global,0.4
1,4,lr5e-05_bs32_modL1_fusion32_fusionL1_fusionBN0_drop0p2__wd1e-04trmiss40_trlocglobal,32,5e-05,0.0001,1,32,1,False,0.2,lr5e-05_bs32_modL1_fusion32_fusionL1_fusionBN0_drop0p2__wd1e-04trmiss40_trlocglobal,24,0.6171975334485372,0.6811437010765076,0.6488095238095238,0.7064452915199028,0.5555555555555556,0.0,0.0,0.0,0.0,0.0,0.0,0.0,0.0,0.0,,,,,18473,global,0.4
1,4,lr5e-05_bs32_modL1_fusion32_fusionL1_fusionBN0_drop0p2__wd1e-04trmiss40_trlocglobal,32,5e-05,0.0001,1,32,1,False,0.2,lr5e-05_bs32_modL1_fusion32_fusionL1_fusionBN0_drop0p2__wd1e-04trmiss40_trlocglobal,25,0.6131198306878408,0.6796303987503052,0.6567460317460317,0.724674607493784,0.5555555555555556,0.0,0.0,0.0,0.0,0.0,0.0,0.0,0.0,0.0,,,,,18473,global,0.4
1,4,lr5e-05_bs32_modL1_fusion32_fusionL1_fusionBN0_drop0p2__wd1e-04trmiss40_trlocglobal,32,5e-05,0.0001,1,32,1,False,0.2,lr5e-05_bs32_modL1_fusion32_fusionL1_fusionBN0_drop0p2__wd1e-04trmiss40_trlocglobal,26,0.6080267628033956,0.6792088449001312,0.6547619047619048,0.7231501136942812,0.5555555555555556,0.0,0.0,0.0,0.0,0.0,0.0,0.0,0.0,0.0,,,,,18473,global,0.4
1,4,lr5e-05_bs32_modL1_fusion32_fusionL1_fusionBN0_drop0p2__wd1e-04trmiss40_trlocglobal,32,5e-05,0.0001,1,32,1,False,0.2,lr5e-05_bs32_modL1_fusion32_fusionL1_fusionBN0_drop0p2__wd1e-04trmiss40_trlocglobal,27,0.6049579481283823,0.6785599589347839,0.6587301587301588,0.7241534765666963,0.5777777777777777,0.0,0.0,0.0,0.0,0.0,0.0,0.0,0.0,0.0,,,,,18473,global,0.4
1,4,lr5e-05_bs32_modL1_fusion32_fusionL1_fusionBN0_drop0p2__wd1e-04trmiss40_trlocglobal,32,5e-05,0.0001,1,32,1,False,0.2,lr5e-05_bs32_modL1_fusion32_fusionL1_fusionBN0_drop0p2__wd1e-04trmiss40_trlocglobal,28,0.6033255358537039,0.6788849234580994,0.6626984126984127,0.7109357048370705,0.6,0.0,0.0,0.0,0.0,0.0,0.0,0.0,0.0,0.0,,,,,18473,global,0.4
1,4,lr5e-05_bs32_modL1_fusion32_fusionL1_fusionBN0_drop0p2__wd1e-04trmiss40_trlocglobal,32,5e-05,0.0001,1,32,1,False,0.2,lr5e-05_bs32_modL1_fusion32_fusionL1_fusionBN0_drop0p2__wd1e-04trmiss40_trlocglobal,29,0.6077406903107961,0.679139107465744,0.6646825396825397,0.7366265994350865,0.6,0.0,0.0,0.0,0.0,0.0,0.0,0.0,0.0,0.0,,,,,18473,global,0.4
1,4,lr5e-05_bs32_modL1_fusion32_fusionL1_fusionBN0_drop0p2__wd1e-04trmiss40_trlocglobal,32,5e-05,0.0001,1,32,1,False,0.2,lr5e-05_bs32_modL1_fusion32_fusionL1_fusionBN0_drop0p2__wd1e-04trmiss40_trlocglobal,30,0.6025818487008413,0.6793302297592163,0.6468253968253969,0.7181921060725242,0.6222222222222222,0.0,0.0,0.0,0.0,0.0,0.0,0.0,0.0,0.0,,,,,18473,global,0.4
1,4,lr5e-05_bs32_modL1_fusion32_fusionL1_fusionBN0_drop0p2__wd1e-04trmiss40_trlocglobal,32,5e-05,0.0001,1,32,1,False,0.2,lr5e-05_bs32_modL1_fusion32_fusionL1_fusionBN0_drop0p2__wd1e-04trmiss40_trlocglobal,31,0.5949134031931559,0.679368793964386,0.6527777777777778,0.708921741254933,0.6,0.0,0.0,0.0,0.0,0.0,0.0,0.0,0.0,0.0,,,,,18473,global,0.4
1,4,lr5e-05_bs32_modL1_fusion32_fusionL1_fusionBN0_drop0p2__wd1e-04trmiss40_trlocglobal,32,5e-05,0.0001,1,32,1,False,0.2,lr5e-05_bs32_modL1_fusion32_fusionL1_fusionBN0_drop0p2__wd1e-04trmiss40_trlocglobal,32,0.5963650246461233,0.6785218119621277,0.6547619047619048,0.7096907397684967,0.6,0.0,0.0,0.0,0.0,0.0,0.0,0.0,0.0,0.0,,,,,18473,global,0.4
1,4,lr5e-05_bs32_modL1_fusion32_fusionL1_fusionBN0_drop0p2__wd1e-04trmiss40_trlocglobal,32,5e-05,0.0001,1,32,1,False,0.2,lr5e-05_bs32_modL1_fusion32_fusionL1_fusionBN0_drop0p2__wd1e-04trmiss40_trlocglobal,33,0.5978659888108572,0.6784454882144928,0.6567460317460316,0.708487036064793,0.6,0.0,0.0,0.0,0.0,0.0,0.0,0.0,0.0,0.0,,,,,18473,global,0.4
1,4,lr5e-05_bs32_modL1_fusion32_fusionL1_fusionBN0_drop0p2__wd1e-04trmiss40_trlocglobal,32,5e-05,0.0001,1,32,1,False,0.2,lr5e-05_bs32_modL1_fusion32_fusionL1_fusionBN0_drop0p2__wd1e-04trmiss40_trlocglobal,34,0.5831872622172037,0.6782747507095337,0.6547619047619048,0.7050072983106744,0.6,0.0,0.0,0.0,0.0,0.0,0.0,0.0,0.0,0.0,,,,,18473,global,0.4
1,4,lr5e-05_bs32_modL1_fusion32_fusionL1_fusionBN0_drop0p2__wd1e-04trmiss40_trlocglobal,32,5e-05,0.0001,1,32,1,False,0.2,lr5e-05_bs32_modL1_fusion32_fusionL1_fusionBN0_drop0p2__wd1e-04trmiss40_trlocglobal,35,0.5918139417966207,0.677611231803894,0.6646825396825395,0.7095021799341228,0.6,0.0,0.0,0.0,0.0,0.0,0.0,0.0,0.0,0.0,,,,,18473,global,0.4
1,4,lr5e-05_bs32_modL1_fusion32_fusionL1_fusionBN0_drop0p2__wd1e-04trmiss40_trlocglobal,32,5e-05,0.0001,1,32,1,False,0.2,lr5e-05_bs32_modL1_fusion32_fusionL1_fusionBN0_drop0p2__wd1e-04trmiss40_trlocglobal,36,0.5829306145509084,0.6757328808307648,0.6686507936507936,0.7111394088997831,0.6,0.0,0.0,0.0,0.0,0.0,0.0,0.0,0.0,0.0,,,,,18473,global,0.4
1,4,lr5e-05_bs32_modL1_fusion32_fusionL1_fusionBN0_drop0p2__wd1e-04trmiss40_trlocglobal,32,5e-05,0.0001,1,32,1,False,0.2,lr5e-05_bs32_modL1_fusion32_fusionL1_fusionBN0_drop0p2__wd1e-04trmiss40_trlocglobal,37,0.5796438554922739,0.6747883856296539,0.6706349206349207,0.7262145653255586,0.6222222222222222,0.0,0.0,0.0,0.0,0.0,0.0,0.0,0.0,0.0,,,,,18473,global,0.4
1,4,lr5e-05_bs32_modL1_fusion32_fusionL1_fusionBN0_drop0p2__wd1e-04trmiss40_trlocglobal,32,5e-05,0.0001,1,32,1,False,0.2,lr5e-05_bs32_modL1_fusion32_fusionL1_fusionBN0_drop0p2__wd1e-04trmiss40_trlocglobal,38,0.5847332179546356,0.675317257642746,0.6646825396825397,0.7306341260651811,0.6,0.0,0.0,0.0,0.0,0.0,0.0,0.0,0.0,0.0,,,,,18473,global,0.4
1,4,lr5e-05_bs32_modL1_fusion32_fusionL1_fusionBN0_drop0p2__wd1e-04trmiss40_trlocglobal,32,5e-05,0.0001,1,32,1,False,0.2,lr5e-05_bs32_modL1_fusion32_fusionL1_fusionBN0_drop0p2__wd1e-04trmiss40_trlocglobal,39,0.5776963333288828,0.6752042174339294,0.6666666666666666,0.7253794964355516,0.6,0.0,0.0,0.0,0.0,0.0,0.0,0.0,0.0,0.0,,,,,18473,global,0.4
1,4,lr5e-05_bs32_modL1_fusion32_fusionL1_fusionBN0_drop0p2__wd1e-04trmiss40_trlocglobal,32,5e-05,0.0001,1,32,1,False,0.2,lr5e-05_bs32_modL1_fusion32_fusionL1_fusionBN0_drop0p2__wd1e-04trmiss40_trlocglobal,40,0.5815015335877737,0.6756522357463837,0.6706349206349206,0.7284254611982682,0.6,0.0,0.0,0.0,0.0,0.0,0.0,0.0,0.0,0.0,,,,,18473,global,0.4
1,4,lr5e-05_bs32_modL1_fusion32_fusionL1_fusionBN0_drop0p2__wd1e-04trmiss40_trlocglobal,32,5e-05,0.0001,1,32,1,False,0.2,lr5e-05_bs32_modL1_fusion32_fusionL1_fusionBN0_drop0p2__wd1e-04trmiss40_trlocglobal,41,0.5835699339707693,0.6752515137195587,0.6706349206349206,0.7284254611982682,0.6,0.0,0.0,0.0,0.0,0.0,0.0,0.0,0.0,0.0,,,,,18473,global,0.4
1,4,lr5e-05_bs32_modL1_fusion32_fusionL1_fusionBN0_drop0p2__wd1e-04trmiss40_trlocglobal,32,5e-05,0.0001,1,32,1,False,0.2,lr5e-05_bs32_modL1_fusion32_fusionL1_fusionBN0_drop0p2__wd1e-04trmiss40_trlocglobal,42,0.5639290511608124,0.6750790476799011,0.6666666666666666,0.7225362999782247,0.6,0.0,0.0,0.0,0.0,0.0,0.0,0.0,0.0,0.0,,,,,18473,global,0.4
1,4,lr5e-05_bs32_modL1_fusion32_fusionL1_fusionBN0_drop0p2__wd1e-04trmiss40_trlocglobal,32,5e-05,0.0001,1,32,1,False,0.2,lr5e-05_bs32_modL1_fusion32_fusionL1_fusionBN0_drop0p2__wd1e-04trmiss40_trlocglobal,43,0.5699340303738912,0.6754988729953766,0.6646825396825397,0.7180720142639389,0.6,0.0,0.0,0.0,0.0,0.0,0.0,0.0,0.0,0.0,,,,,18473,global,0.4
1,4,lr5e-05_bs32_modL1_fusion32_fusionL1_fusionBN0_drop0p2__wd1e-04trmiss40_trlocglobal,32,5e-05,0.0001,1,32,1,False,0.2,lr5e-05_bs32_modL1_fusion32_fusionL1_fusionBN0_drop0p2__wd1e-04trmiss40_trlocglobal,44,0.5737971464792887,0.6759122312068939,0.6607142857142856,0.7055514358571376,0.6,0.0,0.0,0.0,0.0,0.0,0.0,0.0,0.0,0.0,,,,,18473,global,0.4
1,4,lr5e-05_bs32_modL1_fusion32_fusionL1_fusionBN0_drop0p2__wd1e-04trmiss40_trlocglobal,32,5e-05,0.0001,1,32,1,False,0.2,lr5e-05_bs32_modL1_fusion32_fusionL1_fusionBN0_drop0p2__wd1e-04trmiss40_trlocglobal,45,0.5741176009178162,0.6749095916748047,0.6626984126984126,0.7253927056984073,0.6,0.0,0.0,0.0,0.0,0.0,0.0,0.0,0.0,0.0,,,,,18473,global,0.4
1,4,lr5e-05_bs32_modL1_fusion32_fusionL1_fusionBN0_drop0p2__wd1e-04trmiss40_trlocglobal,32,5e-05,0.0001,1,32,1,False,0.2,lr5e-05_bs32_modL1_fusion32_fusionL1_fusionBN0_drop0p2__wd1e-04trmiss40_trlocglobal,46,0.5753460923830668,0.6741133630275726,0.6686507936507936,0.7286391792661349,0.6,0.0,0.0,0.0,0.0,0.0,0.0,0.0,0.0,0.0,,,,,18473,global,0.4
1,4,lr5e-05_bs32_modL1_fusion32_fusionL1_fusionBN0_drop0p2__wd1e-04trmiss40_trlocglobal,32,5e-05,0.0001,1,32,1,False,0.2,lr5e-05_bs32_modL1_fusion32_fusionL1_fusionBN0_drop0p2__wd1e-04trmiss40_trlocglobal,47,0.5669267972310384,0.6747694611549377,0.6666666666666666,0.7279447348216903,0.6,0.0,0.0,0.0,0.0,0.0,0.0,0.0,0.0,0.0,,,,,18473,global,0.4
1,4,lr5e-05_bs32_modL1_fusion32_fusionL1_fusionBN0_drop0p2__wd1e-04trmiss40_trlocglobal,32,5e-05,0.0001,1,32,1,False,0.2,lr5e-05_bs32_modL1_fusion32_fusionL1_fusionBN0_drop0p2__wd1e-04trmiss40_trlocglobal,48,0.566236287355423,0.67451611161232,0.6706349206349207,0.7302705725641947,0.6,0.0,0.0,0.0,0.0,0.0,0.0,0.0,0.0,0.0,,,,,18473,global,0.4
1,4,lr5e-05_bs32_modL1_fusion32_fusionL1_fusionBN0_drop0p2__wd1e-04trmiss40_trlocglobal,32,5e-05,0.0001,1,32,1,False,0.2,lr5e-05_bs32_modL1_fusion32_fusionL1_fusionBN0_drop0p2__wd1e-04trmiss40_trlocglobal,49,0.5621787905693054,0.6747468709945679,0.6626984126984127,0.7284104825242801,0.6,0.0,0.0,0.0,0.0,0.0,0.0,0.0,0.0,0.0,,,,,18473,global,0.4
1,4,lr5e-05_bs32_modL1_fusion32_fusionL1_fusionBN0_drop0p2__wd1e-04trmiss40_trlocglobal,32,5e-05,0.0001,1,32,1,False,0.2,lr5e-05_bs32_modL1_fusion32_fusionL1_fusionBN0_drop0p2__wd1e-04trmiss40_trlocglobal,50,0.5604221423467001,0.6749800443649292,0.6666666666666666,0.7401609234413877,0.6,0.0,0.0,0.0,0.0,0.0,0.0,0.0,0.0,0.0,,,,,18473,global,0.4
1,4,lr5e-05_bs32_modL1_fusion32_fusionL1_fusionBN0_drop0p2__wd1e-04trmiss40_trlocglobal,32,5e-05,0.0001,1,32,1,False,0.2,lr5e-05_bs32_modL1_fusion32_fusionL1_fusionBN0_drop0p2__wd1e-04trmiss40_trlocglobal,51,0.5711700220902761,0.6749489009380341,0.6706349206349207,0.7430483503419725,0.6,0.0,0.0,0.0,0.0,0.0,0.0,0.0,0.0,0.0,,,,,18473,global,0.4
1,4,lr5e-05_bs32_modL1_fusion32_fusionL1_fusionBN0_drop0p2__wd1e-04trmiss40_trlocglobal,32,5e-05,0.0001,1,32,1,False,0.2,lr5e-05_bs32_modL1_fusion32_fusionL1_fusionBN0_drop0p2__wd1e-04trmiss40_trlocglobal,52,0.5633516609668732,0.675084799528122,0.6686507936507936,0.7291524642902893,0.6222222222222222,0.0,0.0,0.0,0.0,0.0,0.0,0.0,0.0,0.0,,,,,18473,global,0.4
1,4,lr5e-05_bs32_modL1_fusion32_fusionL1_fusionBN0_drop0p2__wd1e-04trmiss40_trlocglobal,32,5e-05,0.0001,1,32,1,False,0.2,lr5e-05_bs32_modL1_fusion32_fusionL1_fusionBN0_drop0p2__wd1e-04trmiss40_trlocglobal,53,0.5664718747138977,0.6751669943332672,0.6666666666666667,0.7274562450788147,0.6,0.0,0.0,0.0,0.0,0.0,0.0,0.0,0.0,0.0,,,,,18473,global,0.4
1,4,lr5e-05_bs32_modL1_fusion32_fusionL1_fusionBN0_drop0p2__wd1e-04trmiss40_trlocglobal,32,5e-05,0.0001,1,32,1,False,0.2,lr5e-05_bs32_modL1_fusion32_fusionL1_fusionBN0_drop0p2__wd1e-04trmiss40_trlocglobal,54,0.5671796202659607,0.67486971616745,0.6666666666666666,0.7277705725641948,0.6222222222222222,0.0,0.0,0.0,0.0,0.0,0.0,0.0,0.0,0.0,,,,,18473,global,0.4
1,4,lr5e-05_bs32_modL1_fusion32_fusionL1_fusionBN0_drop0p2__wd1e-04trmiss40_trlocglobal,32,5e-05,0.0001,1,32,1,False,0.2,lr5e-05_bs32_modL1_fusion32_fusionL1_fusionBN0_drop0p2__wd1e-04trmiss40_trlocglobal,55,0.5666069090366364,0.6751119494438171,0.6666666666666666,0.7282225125994681,0.6,0.0,0.0,0.0,0.0,0.0,0.0,0.0,0.0,0.0,,,,,18473,global,0.4
1,4,lr5e-05_bs32_modL1_fusion32_fusionL1_fusionBN0_drop0p2__wd1e-04trmiss40_trlocglobal,32,5e-05,0.0001,1,32,1,False,0.2,lr5e-05_bs32_modL1_fusion32_fusionL1_fusionBN0_drop0p2__wd1e-04trmiss40_trlocglobal,56,0.5630950927734375,0.675816535949707,0.6626984126984127,0.7032225125994682,0.6,0.0,0.0,0.0,0.0,0.0,0.0,0.0,0.0,0.0,,,,,18473,global,0.4
1,4,lr5e-05_bs32_modL1_fusion32_fusionL1_fusionBN0_drop0p2__wd1e-04trmiss40_trlocglobal,32,5e-05,0.0001,1,32,1,False,0.2,lr5e-05_bs32_modL1_fusion32_fusionL1_fusionBN0_drop0p2__wd1e-04trmiss40_trlocglobal,57,0.550245851278305,0.6755256056785583,0.6646825396825398,0.7178483226200151,0.6,0.0,0.0,0.0,0.0,0.0,0.0,0.0,0.0,0.0,,,,,18473,global,0.4
1,4,lr5e-05_bs32_modL1_fusion32_fusionL1_fusionBN0_drop0p2__wd1e-04trmiss40_trlocglobal,32,5e-05,0.0001,1,32,1,False,0.2,lr5e-05_bs32_modL1_fusion32_fusionL1_fusionBN0_drop0p2__wd1e-04trmiss40_trlocglobal,58,0.5572658975919088,0.6751847267150879,0.6666666666666667,0.7282649892866817,0.6,0.0,0.0,0.0,0.0,0.0,0.0,0.0,0.0,0.0,,,,,18473,global,0.4
1,4,lr5e-05_bs32_modL1_fusion32_fusionL1_fusionBN0_drop0p2__wd1e-04trmiss40_trlocglobal,32,5e-05,0.0001,1,32,1,False,0.2,lr5e-05_bs32_modL1_fusion32_fusionL1_fusionBN0_drop0p2__wd1e-04trmiss40_trlocglobal,59,0.5547708670298258,0.6749478280544281,0.6666666666666667,0.7192019381402972,0.6,0.0,0.0,0.0,0.0,0.0,0.0,0.0,0.0,0.0,,,,,18473,global,0.4
1,4,lr5e-05_bs32_modL1_fusion32_fusionL1_fusionBN0_drop0p2__wd1e-04trmiss40_trlocglobal,32,5e-05,0.0001,1,32,1,False,0.2,lr5e-05_bs32_modL1_fusion32_fusionL1_fusionBN0_drop0p2__wd1e-04trmiss40_trlocglobal,60,0.5560240348180135,0.6746286153793335,0.6686507936507937,0.7300344698061623,0.6,0.0,0.0,0.0,0.0,0.0,0.0,0.0,0.0,0.0,,,,,18473,global,0.4
1,4,lr5e-05_bs32_modL1_fusion32_fusionL1_fusionBN0_drop0p2__wd1e-04trmiss40_trlocglobal,32,5e-05,0.0001,1,32,1,False,0.2,lr5e-05_bs32_modL1_fusion32_fusionL1_fusionBN0_drop0p2__wd1e-04trmiss40_trlocglobal,61,0.5522652467091879,0.6748543381690979,0.6706349206349206,0.7316684567342668,0.6,0.0,0.0,0.0,0.0,0.0,0.0,0.0,0.0,0.0,,,,,18473,global,0.4
1,4,lr5e-05_bs32_modL1_fusion32_fusionL1_fusionBN0_drop0p2__wd1e-04trmiss40_trlocglobal,32,5e-05,0.0001,1,32,1,False,0.2,lr5e-05_bs32_modL1_fusion32_fusionL1_fusionBN0_drop0p2__wd1e-04trmiss40_trlocglobal,62,0.5554100771745046,0.6747100651264191,0.6686507936507937,0.7303156428814529,0.6,0.0,0.0,0.0,0.0,0.0,0.0,0.0,0.0,0.0,,,,,18473,global,0.4
1,4,lr5e-05_bs32_modL1_fusion32_fusionL1_fusionBN0_drop0p2__wd1e-04trmiss40_trlocglobal,32,5e-05,0.0001,1,32,1,False,0.2,lr5e-05_bs32_modL1_fusion32_fusionL1_fusionBN0_drop0p2__wd1e-04trmiss40_trlocglobal,63,0.5561170677344004,0.6746566891670227,0.6686507936507936,0.7296690214878812,0.6,0.0,0.0,0.0,0.0,0.0,0.0,0.0,0.0,0.0,,,,,18473,global,0.4
1,4,lr5e-05_bs32_modL1_fusion32_fusionL1_fusionBN0_drop0p2__wd1e-04trmiss40_trlocglobal,32,5e-05,0.0001,1,32,1,False,0.2,lr5e-05_bs32_modL1_fusion32_fusionL1_fusionBN0_drop0p2__wd1e-04trmiss40_trlocglobal,64,0.5627564787864685,0.6748202741146088,0.6706349206349207,0.7226577234835153,0.6,0.0,0.0,0.0,0.0,0.0,0.0,0.0,0.0,0.0,,,,,18473,global,0.4
1,4,lr5e-05_bs32_modL1_fusion32_fusionL1_fusionBN0_drop0p2__wd1e-04trmiss40_trlocglobal,32,5e-05,0.0001,1,32,1,False,0.2,lr5e-05_bs32_modL1_fusion32_fusionL1_fusionBN0_drop0p2__wd1e-04trmiss40_trlocglobal,65,0.5494647224744161,0.6746945381164551,0.6746031746031746,0.7342396429315675,0.6,0.0,0.0,0.0,0.0,0.0,0.0,0.0,0.0,0.0,,,,,18473,global,0.4
1,4,lr5e-05_bs32_modL1_fusion32_fusionL1_fusionBN0_drop0p2__wd1e-04trmiss40_trlocglobal,32,5e-05,0.0001,1,32,1,False,0.2,lr5e-05_bs32_modL1_fusion32_fusionL1_fusionBN0_drop0p2__wd1e-04trmiss40_trlocglobal,66,0.552694191535314,0.6750743091106415,0.6666666666666666,0.7290999432818861,0.6,0.0,0.0,0.0,0.0,0.0,0.0,0.0,0.0,0.0,,,,,18473,global,0.4
1,4,lr5e-05_bs32_modL1_fusion32_fusionL1_fusionBN0_drop0p2__wd1e-04trmiss40_trlocglobal,32,5e-05,0.0001,1,32,1,False,0.2,lr5e-05_bs32_modL1_fusion32_fusionL1_fusionBN0_drop0p2__wd1e-04trmiss40_trlocglobal,67,0.558272103468577,0.6750358045101166,0.6666666666666666,0.7354057364637265,0.6,0.0,0.0,0.0,0.0,0.0,0.0,0.0,0.0,0.0,,,,,18473,global,0.4
1,4,lr5e-05_bs32_modL1_fusion32_fusionL1_fusionBN0_drop0p2__wd1e-04trmiss40_trlocglobal,32,5e-05,0.0001,1,32,1,False,0.2,lr5e-05_bs32_modL1_fusion32_fusionL1_fusionBN0_drop0p2__wd1e-04trmiss40_trlocglobal,68,0.5502663850784302,0.6750615835189819,0.6686507936507937,0.7299652963531215,0.6,0.0,0.0,0.0,0.0,0.0,0.0,0.0,0.0,0.0,,,,,18473,global,0.4
1,4,lr5e-05_bs32_modL1_fusion32_fusionL1_fusionBN0_drop0p2__wd1e-04trmiss40_trlocglobal,32,5e-05,0.0001,1,32,1,False,0.2,lr5e-05_bs32_modL1_fusion32_fusionL1_fusionBN0_drop0p2__wd1e-04trmiss40_trlocglobal,69,0.5598618984222412,0.6756696403026581,0.6607142857142858,0.7256062591279515,0.6,0.0,0.0,0.0,0.0,0.0,0.0,0.0,0.0,0.0,,,,,18473,global,0.4
1,4,lr5e-05_bs32_modL1_fusion32_fusionL1_fusionBN0_drop0p2__wd1e-04trmiss40_trlocglobal,32,5e-05,0.0001,1,32,1,False,0.2,lr5e-05_bs32_modL1_fusion32_fusionL1_fusionBN0_drop0p2__wd1e-04trmiss40_trlocglobal,70,0.5506449341773987,0.6749309301376343,0.6646825396825397,0.7265192962251992,0.6,0.0,0.0,0.0,0.0,0.0,0.0,0.0,0.0,0.0,,,,,18473,global,0.4
1,4,lr5e-05_bs32_modL1_fusion32_fusionL1_fusionBN0_drop0p2__wd1e-04trmiss40_trlocglobal,32,5e-05,0.0001,1,32,1,False,0.2,lr5e-05_bs32_modL1_fusion32_fusionL1_fusionBN0_drop0p2__wd1e-04trmiss40_trlocglobal,71,0.5613796412944794,0.6750500500202179,0.6686507936507936,0.7294008345029421,0.6,0.0,0.0,0.0,0.0,0.0,0.0,0.0,0.0,0.0,,,,,18473,global,0.4
1,4,lr5e-05_bs32_modL1_fusion32_fusionL1_fusionBN0_drop0p2__wd1e-04trmiss40_trlocglobal,32,5e-05,0.0001,1,32,1,False,0.2,lr5e-05_bs32_modL1_fusion32_fusionL1_fusionBN0_drop0p2__wd1e-04trmiss40_trlocglobal,72,0.5535244941711426,0.6750557124614716,0.6726190476190476,0.7312357976236228,0.6,0.0,0.0,0.0,0.0,0.0,0.0,0.0,0.0,0.0,,,,,18473,global,0.4
1,4,lr5e-05_bs32_modL1_fusion32_fusionL1_fusionBN0_drop0p2__wd1e-04trmiss40_trlocglobal,32,5e-05,0.0001,1,32,1,False,0.2,lr5e-05_bs32_modL1_fusion32_fusionL1_fusionBN0_drop0p2__wd1e-04trmiss40_trlocglobal,73,0.5460350513458252,0.6754844188690186,0.6666666666666667,0.7189594337311261,0.6,0.0,0.0,0.0,0.0,0.0,0.0,0.0,0.0,0.0,,,,,18473,global,0.4
1,4,lr5e-05_bs32_modL1_fusion32_fusionL1_fusionBN0_drop0p2__wd1e-04trmiss40_trlocglobal,32,5e-05,0.0001,1,32,1,False,0.2,lr5e-05_bs32_modL1_fusion32_fusionL1_fusionBN0_drop0p2__wd1e-04trmiss40_trlocglobal,74,0.5514882703622183,0.674919843673706,0.6666666666666667,0.7287575668845224,0.6,0.0,0.0,0.0,0.0,0.0,0.0,0.0,0.0,0.0,,,,,18473,global,0.4
1,4,lr5e-05_bs32_modL1_fusion32_fusionL1_fusionBN0_drop0p2__wd1e-04trmiss40_trlocglobal,32,5e-05,0.0001,1,32,1,False,0.2,lr5e-05_bs32_modL1_fusion32_fusionL1_fusionBN0_drop0p2__wd1e-04trmiss40_trlocglobal,75,0.5435593823591868,0.6746798455715179,0.6686507936507937,0.7295640184974257,0.6,0.0,0.0,0.0,0.0,0.0,0.0,0.0,0.0,0.0,,,,,18473,global,0.4
1,4,lr5e-05_bs32_modL1_fusion32_fusionL1_fusionBN0_drop0p2__wd1e-04trmiss40_trlocglobal,32,5e-05,0.0001,1,32,1,False,0.2,lr5e-05_bs32_modL1_fusion32_fusionL1_fusionBN0_drop0p2__wd1e-04trmiss40_trlocglobal,76,0.5396042068799337,0.675020694732666,0.6686507936507936,0.7287936631218072,0.6,0.0,0.0,0.0,0.0,0.0,0.0,0.0,0.0,0.0,,,,,18473,global,0.4
1,4,lr5e-05_bs32_modL1_fusion32_fusionL1_fusionBN0_drop0p2__wd1e-04trmiss40_trlocglobal,32,5e-05,0.0001,1,32,1,False,0.2,lr5e-05_bs32_modL1_fusion32_fusionL1_fusionBN0_drop0p2__wd1e-04trmiss40_trlocglobal,77,0.5521583557128906,0.6752074658870697,0.6646825396825398,0.7273686779956335,0.6,0.0,0.0,0.0,0.0,0.0,0.0,0.0,0.0,0.0,,,,,18473,global,0.4
1,4,lr5e-05_bs32_modL1_fusion32_fusionL1_fusionBN0_drop0p2__wd1e-04trmiss40_trlocglobal,32,5e-05,0.0001,1,32,1,False,0.2,lr5e-05_bs32_modL1_fusion32_fusionL1_fusionBN0_drop0p2__wd1e-04trmiss40_trlocglobal,78,0.554074635108312,0.6747715473175049,0.6666666666666667,0.7287575668845224,0.6,0.0,0.0,0.0,0.0,0.0,0.0,0.0,0.0,0.0,,,,,18473,global,0.4
1,4,lr5e-05_bs32_modL1_fusion32_fusionL1_fusionBN0_drop0p2__wd1e-04trmiss40_trlocglobal,32,5e-05,0.0001,1,32,1,False,0.2,lr5e-05_bs32_modL1_fusion32_fusionL1_fusionBN0_drop0p2__wd1e-04trmiss40_trlocglobal,79,0.5538248916467031,0.6752926707267761,0.6607142857142857,0.7152723138969811,0.6,0.0,0.0,0.0,0.0,0.0,0.0,0.0,0.0,0.0,,,,,18473,global,0.4
1,4,lr5e-05_bs32_modL1_fusion32_fusionL1_fusionBN0_drop0p2__wd1e-04trmiss40_trlocglobal,32,5e-05,0.0001,1,32,1,False,0.2,lr5e-05_bs32_modL1_fusion32_fusionL1_fusionBN0_drop0p2__wd1e-04trmiss40_trlocglobal,80,0.5482655564943949,0.6755086183547974,0.6607142857142858,0.7162191934908859,0.6,0.0,0.0,0.0,0.0,0.0,0.0,0.0,0.0,0.0,,,,,18473,global,0.4
1,4,lr5e-05_bs32_modL1_fusion32_fusionL1_fusionBN0_drop0p1__wd1e-04trmiss40_trlocglobal,32,5e-05,0.0001,1,32,1,False,0.1,lr5e-05_bs32_modL1_fusion32_fusionL1_fusionBN0_drop0p1__wd1e-04trmiss40_trlocglobal,1,0.7047275801499685,0.7019862830638885,0.3829365079365079,0.5047359699854511,0.4888888888888889,0.0,0.0,0.0,0.0,0.0,0.0,0.0,0.0,0.0,,,,,18473,global,0.4
1,4,lr5e-05_bs32_modL1_fusion32_fusionL1_fusionBN0_drop0p1__wd1e-04trmiss40_trlocglobal,32,5e-05,0.0001,1,32,1,False,0.1,lr5e-05_bs32_modL1_fusion32_fusionL1_fusionBN0_drop0p1__wd1e-04trmiss40_trlocglobal,2,0.7001709441343943,0.7016249299049377,0.39880952380952384,0.5414222935914266,0.4888888888888889,0.0,0.0,0.0,0.0,0.0,0.0,0.0,0.0,0.0,,,,,18473,global,0.4
1,4,lr5e-05_bs32_modL1_fusion32_fusionL1_fusionBN0_drop0p1__wd1e-04trmiss40_trlocglobal,32,5e-05,0.0001,1,32,1,False,0.1,lr5e-05_bs32_modL1_fusion32_fusionL1_fusionBN0_drop0p1__wd1e-04trmiss40_trlocglobal,3,0.6855379045009613,0.6991734504699707,0.4444444444444445,0.5848361884081488,0.4888888888888889,0.0,0.0,0.0,0.0,0.0,0.0,0.0,0.0,0.0,,,,,18473,global,0.4
1,4,lr5e-05_bs32_modL1_fusion32_fusionL1_fusionBN0_drop0p1__wd1e-04trmiss40_trlocglobal,32,5e-05,0.0001,1,32,1,False,0.1,lr5e-05_bs32_modL1_fusion32_fusionL1_fusionBN0_drop0p1__wd1e-04trmiss40_trlocglobal,4,0.6733689904212952,0.6975895166397095,0.46825396825396826,0.6115599395459181,0.5111111111111111,0.0,0.0,0.0,0.0,0.0,0.0,0.0,0.0,0.0,,,,,18473,global,0.4
1,4,lr5e-05_bs32_modL1_fusion32_fusionL1_fusionBN0_drop0p1__wd1e-04trmiss40_trlocglobal,32,5e-05,0.0001,1,32,1,False,0.1,lr5e-05_bs32_modL1_fusion32_fusionL1_fusionBN0_drop0p1__wd1e-04trmiss40_trlocglobal,5,0.6677668690681458,0.6966057121753693,0.4821428571428572,0.6204309873276836,0.5111111111111111,0.0,0.0,0.0,0.0,0.0,0.0,0.0,0.0,0.0,,,,,18473,global,0.4
1,4,lr5e-05_bs32_modL1_fusion32_fusionL1_fusionBN0_drop0p1__wd1e-04trmiss40_trlocglobal,32,5e-05,0.0001,1,32,1,False,0.1,lr5e-05_bs32_modL1_fusion32_fusionL1_fusionBN0_drop0p1__wd1e-04trmiss40_trlocglobal,6,0.6610273917516073,0.6963764727115631,0.4781746031746032,0.6168337689931466,0.5333333333333333,0.0,0.0,0.0,0.0,0.0,0.0,0.0,0.0,0.0,,,,,18473,global,0.4
1,4,lr5e-05_bs32_modL1_fusion32_fusionL1_fusionBN0_drop0p1__wd1e-04trmiss40_trlocglobal,32,5e-05,0.0001,1,32,1,False,0.1,lr5e-05_bs32_modL1_fusion32_fusionL1_fusionBN0_drop0p1__wd1e-04trmiss40_trlocglobal,7,0.660247673590978,0.6941915452480316,0.5,0.6274066774026168,0.5333333333333333,0.0,0.0,0.0,0.0,0.0,0.0,0.0,0.0,0.0,,,,,18473,global,0.4
1,4,lr5e-05_bs32_modL1_fusion32_fusionL1_fusionBN0_drop0p1__wd1e-04trmiss40_trlocglobal,32,5e-05,0.0001,1,32,1,False,0.1,lr5e-05_bs32_modL1_fusion32_fusionL1_fusionBN0_drop0p1__wd1e-04trmiss40_trlocglobal,8,0.6502437194188436,0.6921446025371552,0.5158730158730158,0.6394875085006663,0.5555555555555556,0.0,0.0,0.0,0.0,0.0,0.0,0.0,0.0,0.0,,,,,18473,global,0.4
1,4,lr5e-05_bs32_modL1_fusion32_fusionL1_fusionBN0_drop0p1__wd1e-04trmiss40_trlocglobal,32,5e-05,0.0001,1,32,1,False,0.1,lr5e-05_bs32_modL1_fusion32_fusionL1_fusionBN0_drop0p1__wd1e-04trmiss40_trlocglobal,9,0.6478505531946818,0.6901133358478546,0.5257936507936508,0.6437913077937224,0.5555555555555556,0.0,0.0,0.0,0.0,0.0,0.0,0.0,0.0,0.0,,,,,18473,global,0.4
1,4,lr5e-05_bs32_modL1_fusion32_fusionL1_fusionBN0_drop0p1__wd1e-04trmiss40_trlocglobal,32,5e-05,0.0001,1,32,1,False,0.1,lr5e-05_bs32_modL1_fusion32_fusionL1_fusionBN0_drop0p1__wd1e-04trmiss40_trlocglobal,10,0.6386412779490153,0.6888338625431061,0.5337301587301587,0.6498738792305314,0.5555555555555556,0.0,0.0,0.0,0.0,0.0,0.0,0.0,0.0,0.0,,,,,18473,global,0.4
1,4,lr5e-05_bs32_modL1_fusion32_fusionL1_fusionBN0_drop0p1__wd1e-04trmiss40_trlocglobal,32,5e-05,0.0001,1,32,1,False,0.1,lr5e-05_bs32_modL1_fusion32_fusionL1_fusionBN0_drop0p1__wd1e-04trmiss40_trlocglobal,11,0.6322457393010458,0.6875906884670258,0.5595238095238095,0.6676828137214048,0.5555555555555556,0.0,0.0,0.0,0.0,0.0,0.0,0.0,0.0,0.0,,,,,18473,global,0.4
1,4,lr5e-05_bs32_modL1_fusion32_fusionL1_fusionBN0_drop0p1__wd1e-04trmiss40_trlocglobal,32,5e-05,0.0001,1,32,1,False,0.1,lr5e-05_bs32_modL1_fusion32_fusionL1_fusionBN0_drop0p1__wd1e-04trmiss40_trlocglobal,12,0.635728657245636,0.687923789024353,0.5634920634920635,0.6748017549585561,0.5555555555555556,0.0,0.0,0.0,0.0,0.0,0.0,0.0,0.0,0.0,,,,,18473,global,0.4
1,4,lr5e-05_bs32_modL1_fusion32_fusionL1_fusionBN0_drop0p1__wd1e-04trmiss40_trlocglobal,32,5e-05,0.0001,1,32,1,False,0.1,lr5e-05_bs32_modL1_fusion32_fusionL1_fusionBN0_drop0p1__wd1e-04trmiss40_trlocglobal,13,0.6260526577631632,0.6883765459060669,0.5496031746031745,0.6673403425901492,0.5333333333333333,0.0,0.0,0.0,0.0,0.0,0.0,0.0,0.0,0.0,,,,,18473,global,0.4
1,4,lr5e-05_bs32_modL1_fusion32_fusionL1_fusionBN0_drop0p1__wd1e-04trmiss40_trlocglobal,32,5e-05,0.0001,1,32,1,False,0.1,lr5e-05_bs32_modL1_fusion32_fusionL1_fusionBN0_drop0p1__wd1e-04trmiss40_trlocglobal,14,0.622632255156835,0.6884762942790985,0.5595238095238095,0.6797589180274359,0.5111111111111111,0.0,0.0,0.0,0.0,0.0,0.0,0.0,0.0,0.0,,,,,18473,global,0.4
1,4,lr5e-05_bs32_modL1_fusion32_fusionL1_fusionBN0_drop0p1__wd1e-04trmiss40_trlocglobal,32,5e-05,0.0001,1,32,1,False,0.1,lr5e-05_bs32_modL1_fusion32_fusionL1_fusionBN0_drop0p1__wd1e-04trmiss40_trlocglobal,15,0.6213957468668619,0.6881488561630249,0.5674603174603174,0.684478260629838,0.5333333333333333,0.0,0.0,0.0,0.0,0.0,0.0,0.0,0.0,0.0,,,,,18473,global,0.4
1,4,lr5e-05_bs32_modL1_fusion32_fusionL1_fusionBN0_drop0p1__wd1e-04trmiss40_trlocglobal,32,5e-05,0.0001,1,32,1,False,0.1,lr5e-05_bs32_modL1_fusion32_fusionL1_fusionBN0_drop0p1__wd1e-04trmiss40_trlocglobal,16,0.6097947955131531,0.6872885823249817,0.5714285714285714,0.6866983342653528,0.5111111111111111,0.0,0.0,0.0,0.0,0.0,0.0,0.0,0.0,0.0,,,,,18473,global,0.4
1,4,lr5e-05_bs32_modL1_fusion32_fusionL1_fusionBN0_drop0p1__wd1e-04trmiss40_trlocglobal,32,5e-05,0.0001,1,32,1,False,0.1,lr5e-05_bs32_modL1_fusion32_fusionL1_fusionBN0_drop0p1__wd1e-04trmiss40_trlocglobal,17,0.6102302074432373,0.6879148781299591,0.5753968253968254,0.6964670044254484,0.5777777777777777,0.0,0.0,0.0,0.0,0.0,0.0,0.0,0.0,0.0,,,,,18473,global,0.4
1,4,lr5e-05_bs32_modL1_fusion32_fusionL1_fusionBN0_drop0p1__wd1e-04trmiss40_trlocglobal,32,5e-05,0.0001,1,32,1,False,0.1,lr5e-05_bs32_modL1_fusion32_fusionL1_fusionBN0_drop0p1__wd1e-04trmiss40_trlocglobal,18,0.6094440817832947,0.6885384321212769,0.5813492063492063,0.6920563629876886,0.5555555555555556,0.0,0.0,0.0,0.0,0.0,0.0,0.0,0.0,0.0,,,,,18473,global,0.4
1,4,lr5e-05_bs32_modL1_fusion32_fusionL1_fusionBN0_drop0p1__wd1e-04trmiss40_trlocglobal,32,5e-05,0.0001,1,32,1,False,0.1,lr5e-05_bs32_modL1_fusion32_fusionL1_fusionBN0_drop0p1__wd1e-04trmiss40_trlocglobal,19,0.6029462317625681,0.6876006722450256,0.5833333333333333,0.6961512691224259,0.5777777777777777,0.0,0.0,0.0,0.0,0.0,0.0,0.0,0.0,0.0,,,,,18473,global,0.4
1,4,lr5e-05_bs32_modL1_fusion32_fusionL1_fusionBN0_drop0p1__wd1e-04trmiss40_trlocglobal,32,5e-05,0.0001,1,32,1,False,0.1,lr5e-05_bs32_modL1_fusion32_fusionL1_fusionBN0_drop0p1__wd1e-04trmiss40_trlocglobal,20,0.5938175817330679,0.6853731572628021,0.5952380952380953,0.7071297853654265,0.5777777777777777,0.0,0.0,0.0,0.0,0.0,0.0,0.0,0.0,0.0,,,,,18473,global,0.4
1,4,lr5e-05_bs32_modL1_fusion32_fusionL1_fusionBN0_drop0p1__wd1e-04trmiss40_trlocglobal,32,5e-05,0.0001,1,32,1,False,0.1,lr5e-05_bs32_modL1_fusion32_fusionL1_fusionBN0_drop0p1__wd1e-04trmiss40_trlocglobal,21,0.5951816638310751,0.6832840144634247,0.6031746031746031,0.7216828369197446,0.6222222222222222,0.0,0.0,0.0,0.0,0.0,0.0,0.0,0.0,0.0,,,,,18473,global,0.4
1,4,lr5e-05_bs32_modL1_fusion32_fusionL1_fusionBN0_drop0p1__wd1e-04trmiss40_trlocglobal,32,5e-05,0.0001,1,32,1,False,0.1,lr5e-05_bs32_modL1_fusion32_fusionL1_fusionBN0_drop0p1__wd1e-04trmiss40_trlocglobal,22,0.5843306382497152,0.6825939416885376,0.6130952380952381,0.7273277732924304,0.6222222222222222,0.0,0.0,0.0,0.0,0.0,0.0,0.0,0.0,0.0,,,,,18473,global,0.4
1,4,lr5e-05_bs32_modL1_fusion32_fusionL1_fusionBN0_drop0p1__wd1e-04trmiss40_trlocglobal,32,5e-05,0.0001,1,32,1,False,0.1,lr5e-05_bs32_modL1_fusion32_fusionL1_fusionBN0_drop0p1__wd1e-04trmiss40_trlocglobal,23,0.5816691021124522,0.6828529238700867,0.615079365079365,0.7285179947811116,0.6,0.0,0.0,0.0,0.0,0.0,0.0,0.0,0.0,0.0,,,,,18473,global,0.4
1,4,lr5e-05_bs32_modL1_fusion32_fusionL1_fusionBN0_drop0p1__wd1e-04trmiss40_trlocglobal,32,5e-05,0.0001,1,32,1,False,0.1,lr5e-05_bs32_modL1_fusion32_fusionL1_fusionBN0_drop0p1__wd1e-04trmiss40_trlocglobal,24,0.5888968010743459,0.6804969310760498,0.621031746031746,0.7342380109104215,0.6222222222222222,0.0,0.0,0.0,0.0,0.0,0.0,0.0,0.0,0.0,,,,,18473,global,0.4
1,4,lr5e-05_bs32_modL1_fusion32_fusionL1_fusionBN0_drop0p1__wd1e-04trmiss40_trlocglobal,32,5e-05,0.0001,1,32,1,False,0.1,lr5e-05_bs32_modL1_fusion32_fusionL1_fusionBN0_drop0p1__wd1e-04trmiss40_trlocglobal,25,0.5811836322148641,0.6802183389663696,0.621031746031746,0.7332752623324967,0.6444444444444445,0.0,0.0,0.0,0.0,0.0,0.0,0.0,0.0,0.0,,,,,18473,global,0.4
1,4,lr5e-05_bs32_modL1_fusion32_fusionL1_fusionBN0_drop0p1__wd1e-04trmiss40_trlocglobal,32,5e-05,0.0001,1,32,1,False,0.1,lr5e-05_bs32_modL1_fusion32_fusionL1_fusionBN0_drop0p1__wd1e-04trmiss40_trlocglobal,26,0.5657874047756195,0.6800367832183838,0.621031746031746,0.7327442668456159,0.6444444444444445,0.0,0.0,0.0,0.0,0.0,0.0,0.0,0.0,0.0,,,,,18473,global,0.4
1,4,lr5e-05_bs32_modL1_fusion32_fusionL1_fusionBN0_drop0p1__wd1e-04trmiss40_trlocglobal,32,5e-05,0.0001,1,32,1,False,0.1,lr5e-05_bs32_modL1_fusion32_fusionL1_fusionBN0_drop0p1__wd1e-04trmiss40_trlocglobal,27,0.5771374801794688,0.6779385507106781,0.628968253968254,0.7390873815768885,0.6444444444444445,0.0,0.0,0.0,0.0,0.0,0.0,0.0,0.0,0.0,,,,,18473,global,0.4
1,4,lr5e-05_bs32_modL1_fusion32_fusionL1_fusionBN0_drop0p1__wd1e-04trmiss40_trlocglobal,32,5e-05,0.0001,1,32,1,False,0.1,lr5e-05_bs32_modL1_fusion32_fusionL1_fusionBN0_drop0p1__wd1e-04trmiss40_trlocglobal,28,0.5688625971476237,0.6769837141036987,0.6170634920634921,0.7304568125973773,0.6444444444444445,0.0,0.0,0.0,0.0,0.0,0.0,0.0,0.0,0.0,,,,,18473,global,0.4
1,4,lr5e-05_bs32_modL1_fusion32_fusionL1_fusionBN0_drop0p1__wd1e-04trmiss40_trlocglobal,32,5e-05,0.0001,1,32,1,False,0.1,lr5e-05_bs32_modL1_fusion32_fusionL1_fusionBN0_drop0p1__wd1e-04trmiss40_trlocglobal,29,0.5673590898513794,0.6768822073936462,0.6071428571428571,0.7241328768112462,0.6444444444444445,0.0,0.0,0.0,0.0,0.0,0.0,0.0,0.0,0.0,,,,,18473,global,0.4
1,4,lr5e-05_bs32_modL1_fusion32_fusionL1_fusionBN0_drop0p1__wd1e-04trmiss40_trlocglobal,32,5e-05,0.0001,1,32,1,False,0.1,lr5e-05_bs32_modL1_fusion32_fusionL1_fusionBN0_drop0p1__wd1e-04trmiss40_trlocglobal,30,0.5679075419902802,0.6774035692214966,0.6190476190476191,0.7335775584271974,0.6444444444444445,0.0,0.0,0.0,0.0,0.0,0.0,0.0,0.0,0.0,,,,,18473,global,0.4
1,4,lr5e-05_bs32_modL1_fusion32_fusionL1_fusionBN0_drop0p1__wd1e-04trmiss40_trlocglobal,32,5e-05,0.0001,1,32,1,False,0.1,lr5e-05_bs32_modL1_fusion32_fusionL1_fusionBN0_drop0p1__wd1e-04trmiss40_trlocglobal,31,0.5606537858645121,0.6761901080608368,0.6190476190476191,0.7452241562603894,0.6666666666666666,0.0,0.0,0.0,0.0,0.0,0.0,0.0,0.0,0.0,,,,,18473,global,0.4
1,4,lr5e-05_bs32_modL1_fusion32_fusionL1_fusionBN0_drop0p1__wd1e-04trmiss40_trlocglobal,32,5e-05,0.0001,1,32,1,False,0.1,lr5e-05_bs32_modL1_fusion32_fusionL1_fusionBN0_drop0p1__wd1e-04trmiss40_trlocglobal,32,0.5510273277759552,0.6764151751995087,0.6111111111111112,0.7418014703417493,0.6444444444444445,0.0,0.0,0.0,0.0,0.0,0.0,0.0,0.0,0.0,,,,,18473,global,0.4
1,4,lr5e-05_bs32_modL1_fusion32_fusionL1_fusionBN0_drop0p1__wd1e-04trmiss40_trlocglobal,32,5e-05,0.0001,1,32,1,False,0.1,lr5e-05_bs32_modL1_fusion32_fusionL1_fusionBN0_drop0p1__wd1e-04trmiss40_trlocglobal,33,0.5521210134029388,0.6764724254608154,0.6011904761904762,0.7308692463193549,0.6444444444444445,0.0,0.0,0.0,0.0,0.0,0.0,0.0,0.0,0.0,,,,,18473,global,0.4
1,4,lr5e-05_bs32_modL1_fusion32_fusionL1_fusionBN0_drop0p1__wd1e-04trmiss40_trlocglobal,32,5e-05,0.0001,1,32,1,False,0.1,lr5e-05_bs32_modL1_fusion32_fusionL1_fusionBN0_drop0p1__wd1e-04trmiss40_trlocglobal,34,0.556646982828776,0.6780730187892914,0.5873015873015873,0.7147615303381842,0.6444444444444445,0.0,0.0,0.0,0.0,0.0,0.0,0.0,0.0,0.0,,,,,18473,global,0.4
1,4,lr5e-05_bs32_modL1_fusion32_fusionL1_fusionBN0_drop0p1__wd1e-04trmiss40_trlocglobal,32,5e-05,0.0001,1,32,1,False,0.1,lr5e-05_bs32_modL1_fusion32_fusionL1_fusionBN0_drop0p1__wd1e-04trmiss40_trlocglobal,35,0.5426449477672577,0.677951455116272,0.6011904761904763,0.7229730572425028,0.6444444444444445,0.0,0.0,0.0,0.0,0.0,0.0,0.0,0.0,0.0,,,,,18473,global,0.4
1,4,lr5e-05_bs32_modL1_fusion32_fusionL1_fusionBN0_drop0p1__wd1e-04trmiss40_trlocglobal,32,5e-05,0.0001,1,32,1,False,0.1,lr5e-05_bs32_modL1_fusion32_fusionL1_fusionBN0_drop0p1__wd1e-04trmiss40_trlocglobal,36,0.5538577437400818,0.676212728023529,0.6051587301587302,0.724601007859424,0.6444444444444445,0.0,0.0,0.0,0.0,0.0,0.0,0.0,0.0,0.0,,,,,18473,global,0.4
1,4,lr5e-05_bs32_modL1_fusion32_fusionL1_fusionBN0_drop0p1__wd1e-04trmiss40_trlocglobal,32,5e-05,0.0001,1,32,1,False,0.1,lr5e-05_bs32_modL1_fusion32_fusionL1_fusionBN0_drop0p1__wd1e-04trmiss40_trlocglobal,37,0.5375831921895345,0.6754475831985474,0.6031746031746033,0.7244312580186214,0.6444444444444445,0.0,0.0,0.0,0.0,0.0,0.0,0.0,0.0,0.0,,,,,18473,global,0.4
1,4,lr5e-05_bs32_modL1_fusion32_fusionL1_fusionBN0_drop0p1__wd1e-04trmiss40_trlocglobal,32,5e-05,0.0001,1,32,1,False,0.1,lr5e-05_bs32_modL1_fusion32_fusionL1_fusionBN0_drop0p1__wd1e-04trmiss40_trlocglobal,38,0.5387596189975739,0.6762845516204834,0.6071428571428571,0.7195131328799081,0.6222222222222222,0.0,0.0,0.0,0.0,0.0,0.0,0.0,0.0,0.0,,,,,18473,global,0.4
1,4,lr5e-05_bs32_modL1_fusion32_fusionL1_fusionBN0_drop0p1__wd1e-04trmiss40_trlocglobal,32,5e-05,0.0001,1,32,1,False,0.1,lr5e-05_bs32_modL1_fusion32_fusionL1_fusionBN0_drop0p1__wd1e-04trmiss40_trlocglobal,39,0.534645696481069,0.6751656830310822,0.611111111111111,0.7144698111699197,0.6222222222222222,0.0,0.0,0.0,0.0,0.0,0.0,0.0,0.0,0.0,,,,,18473,global,0.4
1,4,lr5e-05_bs32_modL1_fusion32_fusionL1_fusionBN0_drop0p1__wd1e-04trmiss40_trlocglobal,32,5e-05,0.0001,1,32,1,False,0.1,lr5e-05_bs32_modL1_fusion32_fusionL1_fusionBN0_drop0p1__wd1e-04trmiss40_trlocglobal,40,0.5328610142072042,0.6742230355739594,0.6170634920634921,0.7288147014919772,0.6444444444444445,0.0,0.0,0.0,0.0,0.0,0.0,0.0,0.0,0.0,,,,,18473,global,0.4
1,4,lr5e-05_bs32_modL1_fusion32_fusionL1_fusionBN0_drop0p1__wd1e-04trmiss40_trlocglobal,32,5e-05,0.0001,1,32,1,False,0.1,lr5e-05_bs32_modL1_fusion32_fusionL1_fusionBN0_drop0p1__wd1e-04trmiss40_trlocglobal,41,0.5328983763853709,0.673087865114212,0.6170634920634921,0.7370436070893038,0.6222222222222222,0.0,0.0,0.0,0.0,0.0,0.0,0.0,0.0,0.0,,,,,18473,global,0.4
1,4,lr5e-05_bs32_modL1_fusion32_fusionL1_fusionBN0_drop0p1__wd1e-04trmiss40_trlocglobal,32,5e-05,0.0001,1,32,1,False,0.1,lr5e-05_bs32_modL1_fusion32_fusionL1_fusionBN0_drop0p1__wd1e-04trmiss40_trlocglobal,42,0.5332765281200409,0.6723681390285492,0.6111111111111112,0.7248292664782241,0.6444444444444445,0.0,0.0,0.0,0.0,0.0,0.0,0.0,0.0,0.0,,,,,18473,global,0.4
1,4,lr5e-05_bs32_modL1_fusion32_fusionL1_fusionBN0_drop0p1__wd1e-04trmiss40_trlocglobal,32,5e-05,0.0001,1,32,1,False,0.1,lr5e-05_bs32_modL1_fusion32_fusionL1_fusionBN0_drop0p1__wd1e-04trmiss40_trlocglobal,43,0.5365432898203532,0.6746685802936554,0.623015873015873,0.7323308203910659,0.6222222222222222,0.0,0.0,0.0,0.0,0.0,0.0,0.0,0.0,0.0,,,,,18473,global,0.4
1,4,lr5e-05_bs32_modL1_fusion32_fusionL1_fusionBN0_drop0p1__wd1e-04trmiss40_trlocglobal,32,5e-05,0.0001,1,32,1,False,0.1,lr5e-05_bs32_modL1_fusion32_fusionL1_fusionBN0_drop0p1__wd1e-04trmiss40_trlocglobal,44,0.5200973550478617,0.6745298802852631,0.625,0.7345750926048502,0.6,0.0,0.0,0.0,0.0,0.0,0.0,0.0,0.0,0.0,,,,,18473,global,0.4
1,4,lr5e-05_bs32_modL1_fusion32_fusionL1_fusionBN0_drop0p1__wd1e-04trmiss40_trlocglobal,32,5e-05,0.0001,1,32,1,False,0.1,lr5e-05_bs32_modL1_fusion32_fusionL1_fusionBN0_drop0p1__wd1e-04trmiss40_trlocglobal,45,0.5287115275859833,0.6719759404659271,0.626984126984127,0.7420241324409587,0.6222222222222222,0.0,0.0,0.0,0.0,0.0,0.0,0.0,0.0,0.0,,,,,18473,global,0.4
1,4,lr5e-05_bs32_modL1_fusion32_fusionL1_fusionBN0_drop0p1__wd1e-04trmiss40_trlocglobal,32,5e-05,0.0001,1,32,1,False,0.1,lr5e-05_bs32_modL1_fusion32_fusionL1_fusionBN0_drop0p1__wd1e-04trmiss40_trlocglobal,46,0.5154375980297724,0.6712406575679779,0.623015873015873,0.7426263719951038,0.6222222222222222,0.0,0.0,0.0,0.0,0.0,0.0,0.0,0.0,0.0,,,,,18473,global,0.4
1,4,lr5e-05_bs32_modL1_fusion32_fusionL1_fusionBN0_drop0p1__wd1e-04trmiss40_trlocglobal,32,5e-05,0.0001,1,32,1,False,0.1,lr5e-05_bs32_modL1_fusion32_fusionL1_fusionBN0_drop0p1__wd1e-04trmiss40_trlocglobal,47,0.525804360707601,0.6721536219120026,0.621031746031746,0.7367263356515192,0.6222222222222222,0.0,0.0,0.0,0.0,0.0,0.0,0.0,0.0,0.0,,,,,18473,global,0.4
1,4,lr1e-05_bs32_modL1_fusion16_fusionL1_fusionBN0_drop0p2__wd1e-04trmiss40_trlocglobal,32,1e-05,0.0001,1,16,1,False,0.2,lr1e-05_bs32_modL1_fusion16_fusionL1_fusionBN0_drop0p2__wd1e-04trmiss40_trlocglobal,1,0.712348868449529,0.6979243159294128,0.46031746031746035,0.5487614357783663,0.4444444444444444,0.0,0.0,0.0,0.0,0.0,0.0,0.0,0.0,0.0,,,,,18473,global,0.4
1,4,lr1e-05_bs32_modL1_fusion16_fusionL1_fusionBN0_drop0p2__wd1e-04trmiss40_trlocglobal,32,1e-05,0.0001,1,16,1,False,0.2,lr1e-05_bs32_modL1_fusion16_fusionL1_fusionBN0_drop0p2__wd1e-04trmiss40_trlocglobal,2,0.703371524810791,0.6971445083618164,0.4761904761904763,0.5553704085023834,0.4444444444444444,0.0,0.0,0.0,0.0,0.0,0.0,0.0,0.0,0.0,,,,,18473,global,0.4
1,4,lr1e-05_bs32_modL1_fusion16_fusionL1_fusionBN0_drop0p2__wd1e-04trmiss40_trlocglobal,32,1e-05,0.0001,1,16,1,False,0.2,lr1e-05_bs32_modL1_fusion16_fusionL1_fusionBN0_drop0p2__wd1e-04trmiss40_trlocglobal,3,0.718032975991567,0.696442186832428,0.4861111111111111,0.5606252047125573,0.4666666666666667,0.0,0.0,0.0,0.0,0.0,0.0,0.0,0.0,0.0,,,,,18473,global,0.4
1,4,lr1e-05_bs32_modL1_fusion16_fusionL1_fusionBN0_drop0p2__wd1e-04trmiss40_trlocglobal,32,1e-05,0.0001,1,16,1,False,0.2,lr1e-05_bs32_modL1_fusion16_fusionL1_fusionBN0_drop0p2__wd1e-04trmiss40_trlocglobal,4,0.6979991594950358,0.6955550014972687,0.5059523809523809,0.5811252741556414,0.4888888888888889,0.0,0.0,0.0,0.0,0.0,0.0,0.0,0.0,0.0,,,,,18473,global,0.4
1,4,lr1e-05_bs32_modL1_fusion16_fusionL1_fusionBN0_drop0p2__wd1e-04trmiss40_trlocglobal,32,1e-05,0.0001,1,16,1,False,0.2,lr1e-05_bs32_modL1_fusion16_fusionL1_fusionBN0_drop0p2__wd1e-04trmiss40_trlocglobal,5,0.6888755361239115,0.6953083276748657,0.5099206349206349,0.5838941366895686,0.4888888888888889,0.0,0.0,0.0,0.0,0.0,0.0,0.0,0.0,0.0,,,,,18473,global,0.4
1,4,lr1e-05_bs32_modL1_fusion16_fusionL1_fusionBN0_drop0p2__wd1e-04trmiss40_trlocglobal,32,1e-05,0.0001,1,16,1,False,0.2,lr1e-05_bs32_modL1_fusion16_fusionL1_fusionBN0_drop0p2__wd1e-04trmiss40_trlocglobal,6,0.699188103278478,0.6946370303630829,0.5138888888888888,0.5935858338812657,0.4888888888888889,0.0,0.0,0.0,0.0,0.0,0.0,0.0,0.0,0.0,,,,,18473,global,0.4
1,4,lr1e-05_bs32_modL1_fusion16_fusionL1_fusionBN0_drop0p2__wd1e-04trmiss40_trlocglobal,32,1e-05,0.0001,1,16,1,False,0.2,lr1e-05_bs32_modL1_fusion16_fusionL1_fusionBN0_drop0p2__wd1e-04trmiss40_trlocglobal,7,0.7013824284076691,0.6946946680545807,0.5138888888888888,0.5944832697787016,0.4888888888888889,0.0,0.0,0.0,0.0,0.0,0.0,0.0,0.0,0.0,,,,,18473,global,0.4
1,4,lr1e-05_bs32_modL1_fusion16_fusionL1_fusionBN0_drop0p2__wd1e-04trmiss40_trlocglobal,32,1e-05,0.0001,1,16,1,False,0.2,lr1e-05_bs32_modL1_fusion16_fusionL1_fusionBN0_drop0p2__wd1e-04trmiss40_trlocglobal,8,0.6881926854451498,0.6945174336433411,0.5158730158730158,0.5924252756894575,0.4888888888888889,0.0,0.0,0.0,0.0,0.0,0.0,0.0,0.0,0.0,,,,,18473,global,0.4
1,4,lr1e-05_bs32_modL1_fusion16_fusionL1_fusionBN0_drop0p2__wd1e-04trmiss40_trlocglobal,32,1e-05,0.0001,1,16,1,False,0.2,lr1e-05_bs32_modL1_fusion16_fusionL1_fusionBN0_drop0p2__wd1e-04trmiss40_trlocglobal,9,0.6965969304243723,0.6947632730007172,0.5138888888888888,0.586174867600814,0.4666666666666667,0.0,0.0,0.0,0.0,0.0,0.0,0.0,0.0,0.0,,,,,18473,global,0.4
1,4,lr1e-05_bs32_modL1_fusion16_fusionL1_fusionBN0_drop0p2__wd1e-04trmiss40_trlocglobal,32,1e-05,0.0001,1,16,1,False,0.2,lr1e-05_bs32_modL1_fusion16_fusionL1_fusionBN0_drop0p2__wd1e-04trmiss40_trlocglobal,10,0.6819794972737631,0.6950243413448334,0.5138888888888888,0.5873621824110873,0.4666666666666667,0.0,0.0,0.0,0.0,0.0,0.0,0.0,0.0,0.0,,,,,18473,global,0.4
1,4,lr1e-05_bs32_modL1_fusion16_fusionL1_fusionBN0_drop0p2__wd1e-04trmiss40_trlocglobal,32,1e-05,0.0001,1,16,1,False,0.2,lr1e-05_bs32_modL1_fusion16_fusionL1_fusionBN0_drop0p2__wd1e-04trmiss40_trlocglobal,11,0.682030995686849,0.6946354508399963,0.5099206349206349,0.5836691460567605,0.4666666666666667,0.0,0.0,0.0,0.0,0.0,0.0,0.0,0.0,0.0,,,,,18473,global,0.4
1,4,lr1e-05_bs32_modL1_fusion16_fusionL1_fusionBN0_drop0p2__wd1e-04trmiss40_trlocglobal,32,1e-05,0.0001,1,16,1,False,0.2,lr1e-05_bs32_modL1_fusion16_fusionL1_fusionBN0_drop0p2__wd1e-04trmiss40_trlocglobal,12,0.6813994745413462,0.6938466429710388,0.513888888888889,0.5807040300861298,0.4666666666666667,0.0,0.0,0.0,0.0,0.0,0.0,0.0,0.0,0.0,,,,,18473,global,0.4
1,4,lr1e-05_bs32_modL1_fusion16_fusionL1_fusionBN0_drop0p2__wd1e-04trmiss40_trlocglobal,32,1e-05,0.0001,1,16,1,False,0.2,lr1e-05_bs32_modL1_fusion16_fusionL1_fusionBN0_drop0p2__wd1e-04trmiss40_trlocglobal,13,0.6863929629325867,0.6935222446918488,0.5158730158730159,0.5812967280472489,0.4666666666666667,0.0,0.0,0.0,0.0,0.0,0.0,0.0,0.0,0.0,,,,,18473,global,0.4
1,4,lr1e-05_bs32_modL1_fusion16_fusionL1_fusionBN0_drop0p2__wd1e-04trmiss40_trlocglobal,32,1e-05,0.0001,1,16,1,False,0.2,lr1e-05_bs32_modL1_fusion16_fusionL1_fusionBN0_drop0p2__wd1e-04trmiss40_trlocglobal,14,0.6849843660990397,0.6931316256523132,0.5119047619047619,0.5795437067629776,0.4666666666666667,0.0,0.0,0.0,0.0,0.0,0.0,0.0,0.0,0.0,,,,,18473,global,0.4
1,4,lr1e-05_bs32_modL1_fusion16_fusionL1_fusionBN0_drop0p2__wd1e-04trmiss40_trlocglobal,32,1e-05,0.0001,1,16,1,False,0.2,lr1e-05_bs32_modL1_fusion16_fusionL1_fusionBN0_drop0p2__wd1e-04trmiss40_trlocglobal,15,0.6911858121554056,0.6930111050605774,0.5138888888888888,0.5802144769649977,0.4666666666666667,0.0,0.0,0.0,0.0,0.0,0.0,0.0,0.0,0.0,,,,,18473,global,0.4
1,4,lr1e-05_bs32_modL1_fusion16_fusionL1_fusionBN0_drop0p2__wd1e-04trmiss40_trlocglobal,32,1e-05,0.0001,1,16,1,False,0.2,lr1e-05_bs32_modL1_fusion16_fusionL1_fusionBN0_drop0p2__wd1e-04trmiss40_trlocglobal,16,0.676391730705897,0.6920244991779327,0.5238095238095238,0.5882571589207232,0.4666666666666667,0.0,0.0,0.0,0.0,0.0,0.0,0.0,0.0,0.0,,,,,18473,global,0.4
1,4,lr1e-05_bs32_modL1_fusion16_fusionL1_fusionBN0_drop0p2__wd1e-04trmiss40_trlocglobal,32,1e-05,0.0001,1,16,1,False,0.2,lr1e-05_bs32_modL1_fusion16_fusionL1_fusionBN0_drop0p2__wd1e-04trmiss40_trlocglobal,17,0.6758047143618265,0.6917535066604614,0.5277777777777778,0.5996323921612814,0.4666666666666667,0.0,0.0,0.0,0.0,0.0,0.0,0.0,0.0,0.0,,,,,18473,global,0.4
1,4,lr1e-05_bs32_modL1_fusion16_fusionL1_fusionBN0_drop0p2__wd1e-04trmiss40_trlocglobal,32,1e-05,0.0001,1,16,1,False,0.2,lr1e-05_bs32_modL1_fusion16_fusionL1_fusionBN0_drop0p2__wd1e-04trmiss40_trlocglobal,18,0.6798083384831747,0.6915561556816101,0.5277777777777778,0.5971239518423214,0.4666666666666667,0.0,0.0,0.0,0.0,0.0,0.0,0.0,0.0,0.0,,,,,18473,global,0.4
1,4,lr1e-05_bs32_modL1_fusion16_fusionL1_fusionBN0_drop0p2__wd1e-04trmiss40_trlocglobal,32,1e-05,0.0001,1,16,1,False,0.2,lr1e-05_bs32_modL1_fusion16_fusionL1_fusionBN0_drop0p2__wd1e-04trmiss40_trlocglobal,19,0.6686055958271027,0.6914815604686737,0.5317460317460317,0.5989527133321241,0.4444444444444444,0.0,0.0,0.0,0.0,0.0,0.0,0.0,0.0,0.0,,,,,18473,global,0.4
1,4,lr1e-05_bs32_modL1_fusion16_fusionL1_fusionBN0_drop0p2__wd1e-04trmiss40_trlocglobal,32,1e-05,0.0001,1,16,1,False,0.2,lr1e-05_bs32_modL1_fusion16_fusionL1_fusionBN0_drop0p2__wd1e-04trmiss40_trlocglobal,20,0.6792347729206085,0.6914916634559631,0.5317460317460317,0.5989527133321241,0.4444444444444444,0.0,0.0,0.0,0.0,0.0,0.0,0.0,0.0,0.0,,,,,18473,global,0.4
1,4,lr1e-05_bs32_modL1_fusion16_fusionL1_fusionBN0_drop0p2__wd1e-04trmiss40_trlocglobal,32,1e-05,0.0001,1,16,1,False,0.2,lr1e-05_bs32_modL1_fusion16_fusionL1_fusionBN0_drop0p2__wd1e-04trmiss40_trlocglobal,21,0.6718046764532725,0.6908134520053864,0.5357142857142858,0.6013171313215421,0.4444444444444444,0.0,0.0,0.0,0.0,0.0,0.0,0.0,0.0,0.0,,,,,18473,global,0.4
1,4,lr1e-05_bs32_modL1_fusion16_fusionL1_fusionBN0_drop0p2__wd1e-04trmiss40_trlocglobal,32,1e-05,0.0001,1,16,1,False,0.2,lr1e-05_bs32_modL1_fusion16_fusionL1_fusionBN0_drop0p2__wd1e-04trmiss40_trlocglobal,22,0.680790384610494,0.6906964480876923,0.5416666666666667,0.6041852195373851,0.4444444444444444,0.0,0.0,0.0,0.0,0.0,0.0,0.0,0.0,0.0,,,,,18473,global,0.4
1,4,lr1e-05_bs32_modL1_fusion16_fusionL1_fusionBN0_drop0p2__wd1e-04trmiss40_trlocglobal,32,1e-05,0.0001,1,16,1,False,0.2,lr1e-05_bs32_modL1_fusion16_fusionL1_fusionBN0_drop0p2__wd1e-04trmiss40_trlocglobal,23,0.6638386646906534,0.6901805996894836,0.5476190476190477,0.6068347243153729,0.4444444444444444,0.0,0.0,0.0,0.0,0.0,0.0,0.0,0.0,0.0,,,,,18473,global,0.4
1,4,lr1e-05_bs32_modL1_fusion16_fusionL1_fusionBN0_drop0p2__wd1e-04trmiss40_trlocglobal,32,1e-05,0.0001,1,16,1,False,0.2,lr1e-05_bs32_modL1_fusion16_fusionL1_fusionBN0_drop0p2__wd1e-04trmiss40_trlocglobal,24,0.6782961090405782,0.6895334720611572,0.5476190476190477,0.6075595800168838,0.4444444444444444,0.0,0.0,0.0,0.0,0.0,0.0,0.0,0.0,0.0,,,,,18473,global,0.4
1,4,lr1e-05_bs32_modL1_fusion16_fusionL1_fusionBN0_drop0p2__wd1e-04trmiss40_trlocglobal,32,1e-05,0.0001,1,16,1,False,0.2,lr1e-05_bs32_modL1_fusion16_fusionL1_fusionBN0_drop0p2__wd1e-04trmiss40_trlocglobal,25,0.6779815852642059,0.6893407702445984,0.5496031746031746,0.6090443202749688,0.4444444444444444,0.0,0.0,0.0,0.0,0.0,0.0,0.0,0.0,0.0,,,,,18473,global,0.4
1,4,lr1e-05_bs32_modL1_fusion16_fusionL1_fusionBN0_drop0p2__wd1e-04trmiss40_trlocglobal,32,1e-05,0.0001,1,16,1,False,0.2,lr1e-05_bs32_modL1_fusion16_fusionL1_fusionBN0_drop0p2__wd1e-04trmiss40_trlocglobal,26,0.6817204356193542,0.6894572377204895,0.5555555555555556,0.6116013214639809,0.4666666666666667,0.0,0.0,0.0,0.0,0.0,0.0,0.0,0.0,0.0,,,,,18473,global,0.4
1,4,lr1e-05_bs32_modL1_fusion16_fusionL1_fusionBN0_drop0p2__wd1e-04trmiss40_trlocglobal,32,1e-05,0.0001,1,16,1,False,0.2,lr1e-05_bs32_modL1_fusion16_fusionL1_fusionBN0_drop0p2__wd1e-04trmiss40_trlocglobal,27,0.6566150983174642,0.6894129514694214,0.5595238095238095,0.6123796997578391,0.4666666666666667,0.0,0.0,0.0,0.0,0.0,0.0,0.0,0.0,0.0,,,,,18473,global,0.4
1,4,lr1e-05_bs32_modL1_fusion16_fusionL1_fusionBN0_drop0p2__wd1e-04trmiss40_trlocglobal,32,1e-05,0.0001,1,16,1,False,0.2,lr1e-05_bs32_modL1_fusion16_fusionL1_fusionBN0_drop0p2__wd1e-04trmiss40_trlocglobal,28,0.6620322068532308,0.6889210045337677,0.5575396825396826,0.6111767975874447,0.4444444444444444,0.0,0.0,0.0,0.0,0.0,0.0,0.0,0.0,0.0,,,,,18473,global,0.4
1,4,lr1e-05_bs32_modL1_fusion16_fusionL1_fusionBN0_drop0p2__wd1e-04trmiss40_trlocglobal,32,1e-05,0.0001,1,16,1,False,0.2,lr1e-05_bs32_modL1_fusion16_fusionL1_fusionBN0_drop0p2__wd1e-04trmiss40_trlocglobal,29,0.6697540481885275,0.6889185011386871,0.5535714285714286,0.6089446547303018,0.4888888888888889,0.0,0.0,0.0,0.0,0.0,0.0,0.0,0.0,0.0,,,,,18473,global,0.4
1,4,lr1e-05_bs32_modL1_fusion16_fusionL1_fusionBN0_drop0p2__wd1e-04trmiss40_trlocglobal,32,1e-05,0.0001,1,16,1,False,0.2,lr1e-05_bs32_modL1_fusion16_fusionL1_fusionBN0_drop0p2__wd1e-04trmiss40_trlocglobal,30,0.6645750900109609,0.6890289187431335,0.5535714285714286,0.6093715184132139,0.4666666666666667,0.0,0.0,0.0,0.0,0.0,0.0,0.0,0.0,0.0,,,,,18473,global,0.4
1,4,lr1e-05_bs32_modL1_fusion16_fusionL1_fusionBN0_drop0p2__wd1e-04trmiss40_trlocglobal,32,1e-05,0.0001,1,16,1,False,0.2,lr1e-05_bs32_modL1_fusion16_fusionL1_fusionBN0_drop0p2__wd1e-04trmiss40_trlocglobal,31,0.6602112650871277,0.6888032853603363,0.5535714285714286,0.6092807361325596,0.4666666666666667,0.0,0.0,0.0,0.0,0.0,0.0,0.0,0.0,0.0,,,,,18473,global,0.4
1,4,lr1e-05_bs32_modL1_fusion16_fusionL1_fusionBN0_drop0p2__wd1e-04trmiss40_trlocglobal,32,1e-05,0.0001,1,16,1,False,0.2,lr1e-05_bs32_modL1_fusion16_fusionL1_fusionBN0_drop0p2__wd1e-04trmiss40_trlocglobal,32,0.6546828548113505,0.6885798275470734,0.5575396825396826,0.6122463804792524,0.4666666666666667,0.0,0.0,0.0,0.0,0.0,0.0,0.0,0.0,0.0,,,,,18473,global,0.4
1,4,lr1e-05_bs32_modL1_fusion16_fusionL1_fusionBN0_drop0p2__wd1e-04trmiss40_trlocglobal,32,1e-05,0.0001,1,16,1,False,0.2,lr1e-05_bs32_modL1_fusion16_fusionL1_fusionBN0_drop0p2__wd1e-04trmiss40_trlocglobal,33,0.6543987393379211,0.6883222460746765,0.5595238095238095,0.6129519657436612,0.4666666666666667,0.0,0.0,0.0,0.0,0.0,0.0,0.0,0.0,0.0,,,,,18473,global,0.4
1,4,lr1e-05_bs32_modL1_fusion16_fusionL1_fusionBN0_drop0p2__wd1e-04trmiss40_trlocglobal,32,1e-05,0.0001,1,16,1,False,0.2,lr1e-05_bs32_modL1_fusion16_fusionL1_fusionBN0_drop0p2__wd1e-04trmiss40_trlocglobal,34,0.6597627997398376,0.688280314207077,0.5615079365079365,0.6137016500870955,0.4666666666666667,0.0,0.0,0.0,0.0,0.0,0.0,0.0,0.0,0.0,,,,,18473,global,0.4
1,4,lr1e-05_bs32_modL1_fusion16_fusionL1_fusionBN0_drop0p2__wd1e-04trmiss40_trlocglobal,32,1e-05,0.0001,1,16,1,False,0.2,lr1e-05_bs32_modL1_fusion16_fusionL1_fusionBN0_drop0p2__wd1e-04trmiss40_trlocglobal,35,0.6664828459421793,0.6876340210437775,0.5634920634920635,0.6200948228865183,0.4666666666666667,0.0,0.0,0.0,0.0,0.0,0.0,0.0,0.0,0.0,,,,,18473,global,0.4
1,4,lr1e-05_bs32_modL1_fusion16_fusionL1_fusionBN0_drop0p2__wd1e-04trmiss40_trlocglobal,32,1e-05,0.0001,1,16,1,False,0.2,lr1e-05_bs32_modL1_fusion16_fusionL1_fusionBN0_drop0p2__wd1e-04trmiss40_trlocglobal,36,0.6588200728098551,0.6872063875198364,0.5654761904761905,0.6178683167537622,0.4666666666666667,0.0,0.0,0.0,0.0,0.0,0.0,0.0,0.0,0.0,,,,,18473,global,0.4
1,4,lr1e-05_bs32_modL1_fusion16_fusionL1_fusionBN0_drop0p2__wd1e-04trmiss40_trlocglobal,32,1e-05,0.0001,1,16,1,False,0.2,lr1e-05_bs32_modL1_fusion16_fusionL1_fusionBN0_drop0p2__wd1e-04trmiss40_trlocglobal,37,0.6558209955692291,0.6875463426113129,0.5634920634920635,0.6171186324103278,0.4666666666666667,0.0,0.0,0.0,0.0,0.0,0.0,0.0,0.0,0.0,,,,,18473,global,0.4
1,4,lr1e-05_bs32_modL1_fusion16_fusionL1_fusionBN0_drop0p2__wd1e-04trmiss40_trlocglobal,32,1e-05,0.0001,1,16,1,False,0.2,lr1e-05_bs32_modL1_fusion16_fusionL1_fusionBN0_drop0p2__wd1e-04trmiss40_trlocglobal,38,0.6580284039179484,0.6872378587722778,0.5714285714285714,0.6243602547674394,0.4666666666666667,0.0,0.0,0.0,0.0,0.0,0.0,0.0,0.0,0.0,,,,,18473,global,0.4
1,4,lr1e-05_bs32_modL1_fusion16_fusionL1_fusionBN0_drop0p2__wd1e-04trmiss40_trlocglobal,32,1e-05,0.0001,1,16,1,False,0.2,lr1e-05_bs32_modL1_fusion16_fusionL1_fusionBN0_drop0p2__wd1e-04trmiss40_trlocglobal,39,0.6501742998758951,0.6875076591968536,0.5714285714285714,0.6243602547674394,0.4666666666666667,0.0,0.0,0.0,0.0,0.0,0.0,0.0,0.0,0.0,,,,,18473,global,0.4
1,4,lr1e-05_bs32_modL1_fusion16_fusionL1_fusionBN0_drop0p2__wd1e-04trmiss40_trlocglobal,32,1e-05,0.0001,1,16,1,False,0.2,lr1e-05_bs32_modL1_fusion16_fusionL1_fusionBN0_drop0p2__wd1e-04trmiss40_trlocglobal,40,0.6492655773957571,0.6872943341732025,0.5753968253968254,0.62608519910537,0.4666666666666667,0.0,0.0,0.0,0.0,0.0,0.0,0.0,0.0,0.0,,,,,18473,global,0.4
1,4,lr1e-05_bs32_modL1_fusion16_fusionL1_fusionBN0_drop0p2__wd1e-04trmiss40_trlocglobal,32,1e-05,0.0001,1,16,1,False,0.2,lr1e-05_bs32_modL1_fusion16_fusionL1_fusionBN0_drop0p2__wd1e-04trmiss40_trlocglobal,41,0.6500886480013529,0.6865606904029846,0.5753968253968254,0.6275452869570481,0.4666666666666667,0.0,0.0,0.0,0.0,0.0,0.0,0.0,0.0,0.0,,,,,18473,global,0.4
1,4,lr1e-05_bs32_modL1_fusion16_fusionL1_fusionBN0_drop0p2__wd1e-04trmiss40_trlocglobal,32,1e-05,0.0001,1,16,1,False,0.2,lr1e-05_bs32_modL1_fusion16_fusionL1_fusionBN0_drop0p2__wd1e-04trmiss40_trlocglobal,42,0.6616664230823517,0.6866496503353119,0.5833333333333334,0.6318914896975831,0.4666666666666667,0.0,0.0,0.0,0.0,0.0,0.0,0.0,0.0,0.0,,,,,18473,global,0.4
1,4,lr1e-05_bs32_modL1_fusion16_fusionL1_fusionBN0_drop0p2__wd1e-04trmiss40_trlocglobal,32,1e-05,0.0001,1,16,1,False,0.2,lr1e-05_bs32_modL1_fusion16_fusionL1_fusionBN0_drop0p2__wd1e-04trmiss40_trlocglobal,43,0.6528191665808359,0.6867272853851318,0.5813492063492064,0.6318054124876501,0.4666666666666667,0.0,0.0,0.0,0.0,0.0,0.0,0.0,0.0,0.0,,,,,18473,global,0.4
1,4,lr1e-05_bs32_modL1_fusion16_fusionL1_fusionBN0_drop0p2__wd1e-04trmiss40_trlocglobal,32,1e-05,0.0001,1,16,1,False,0.2,lr1e-05_bs32_modL1_fusion16_fusionL1_fusionBN0_drop0p2__wd1e-04trmiss40_trlocglobal,44,0.6490639746189117,0.6867491006851196,0.5833333333333333,0.6473398327775051,0.4666666666666667,0.0,0.0,0.0,0.0,0.0,0.0,0.0,0.0,0.0,,,,,18473,global,0.4
1,4,lr1e-05_bs32_modL1_fusion16_fusionL1_fusionBN0_drop0p2__wd1e-04trmiss40_trlocglobal,32,1e-05,0.0001,1,16,1,False,0.2,lr1e-05_bs32_modL1_fusion16_fusionL1_fusionBN0_drop0p2__wd1e-04trmiss40_trlocglobal,45,0.6542947987715403,0.6867369115352631,0.5773809523809524,0.6414043619982843,0.4666666666666667,0.0,0.0,0.0,0.0,0.0,0.0,0.0,0.0,0.0,,,,,18473,global,0.4
1,4,lr1e-05_bs32_modL1_fusion16_fusionL1_fusionBN0_drop0p2__wd1e-04trmiss40_trlocglobal,32,1e-05,0.0001,1,16,1,False,0.2,lr1e-05_bs32_modL1_fusion16_fusionL1_fusionBN0_drop0p2__wd1e-04trmiss40_trlocglobal,46,0.6573167939980825,0.6865113079547882,0.5773809523809523,0.6423289812264527,0.4666666666666667,0.0,0.0,0.0,0.0,0.0,0.0,0.0,0.0,0.0,,,,,18473,global,0.4
1,4,lr1e-05_bs32_modL1_fusion16_fusionL1_fusionBN0_drop0p2__wd1e-04trmiss40_trlocglobal,32,1e-05,0.0001,1,16,1,False,0.2,lr1e-05_bs32_modL1_fusion16_fusionL1_fusionBN0_drop0p2__wd1e-04trmiss40_trlocglobal,47,0.6475583910942078,0.6863989233970642,0.5873015873015873,0.6494424589489199,0.4666666666666667,0.0,0.0,0.0,0.0,0.0,0.0,0.0,0.0,0.0,,,,,18473,global,0.4
1,4,lr1e-05_bs32_modL1_fusion16_fusionL1_fusionBN0_drop0p2__wd1e-04trmiss40_trlocglobal,32,1e-05,0.0001,1,16,1,False,0.2,lr1e-05_bs32_modL1_fusion16_fusionL1_fusionBN0_drop0p2__wd1e-04trmiss40_trlocglobal,48,0.6492871840794882,0.6863456666469574,0.5873015873015874,0.6482284144369678,0.4666666666666667,0.0,0.0,0.0,0.0,0.0,0.0,0.0,0.0,0.0,,,,,18473,global,0.4
1,4,lr1e-05_bs32_modL1_fusion16_fusionL1_fusionBN0_drop0p2__wd1e-04trmiss40_trlocglobal,32,1e-05,0.0001,1,16,1,False,0.2,lr1e-05_bs32_modL1_fusion16_fusionL1_fusionBN0_drop0p2__wd1e-04trmiss40_trlocglobal,49,0.6518903076648712,0.6862605214118958,0.5833333333333335,0.6460255371736222,0.4888888888888889,0.0,0.0,0.0,0.0,0.0,0.0,0.0,0.0,0.0,,,,,18473,global,0.4
1,4,lr1e-05_bs32_modL1_fusion16_fusionL1_fusionBN0_drop0p2__wd1e-04trmiss40_trlocglobal,32,1e-05,0.0001,1,16,1,False,0.2,lr1e-05_bs32_modL1_fusion16_fusionL1_fusionBN0_drop0p2__wd1e-04trmiss40_trlocglobal,50,0.6585355997085571,0.6861538887023926,0.5744047619047619,0.6431500631177072,0.4888888888888889,0.0,0.0,0.0,0.0,0.0,0.0,0.0,0.0,0.0,,,,,18473,global,0.4
1,4,lr1e-05_bs32_modL1_fusion16_fusionL1_fusionBN0_drop0p2__wd1e-04trmiss40_trlocglobal,32,1e-05,0.0001,1,16,1,False,0.2,lr1e-05_bs32_modL1_fusion16_fusionL1_fusionBN0_drop0p2__wd1e-04trmiss40_trlocglobal,51,0.6564302643140157,0.6861500144004822,0.5773809523809523,0.6470149780999496,0.4888888888888889,0.0,0.0,0.0,0.0,0.0,0.0,0.0,0.0,0.0,,,,,18473,global,0.4
1,4,lr1e-05_bs32_modL1_fusion16_fusionL1_fusionBN0_drop0p2__wd1e-04trmiss40_trlocglobal,32,1e-05,0.0001,1,16,1,False,0.2,lr1e-05_bs32_modL1_fusion16_fusionL1_fusionBN0_drop0p2__wd1e-04trmiss40_trlocglobal,52,0.650052547454834,0.6858814656734467,0.5773809523809524,0.643801161007456,0.4888888888888889,0.0,0.0,0.0,0.0,0.0,0.0,0.0,0.0,0.0,,,,,18473,global,0.4
1,4,lr1e-05_bs32_modL1_fusion16_fusionL1_fusionBN0_drop0p2__wd1e-04trmiss40_trlocglobal,32,1e-05,0.0001,1,16,1,False,0.2,lr1e-05_bs32_modL1_fusion16_fusionL1_fusionBN0_drop0p2__wd1e-04trmiss40_trlocglobal,53,0.6511526107788086,0.6855897903442383,0.5734126984126984,0.6441796152748599,0.4888888888888889,0.0,0.0,0.0,0.0,0.0,0.0,0.0,0.0,0.0,,,,,18473,global,0.4
1,4,lr1e-05_bs32_modL1_fusion16_fusionL1_fusionBN0_drop0p2__wd1e-04trmiss40_trlocglobal,32,1e-05,0.0001,1,16,1,False,0.2,lr1e-05_bs32_modL1_fusion16_fusionL1_fusionBN0_drop0p2__wd1e-04trmiss40_trlocglobal,54,0.6429334580898285,0.6860543191432953,0.5813492063492063,0.6473284210852018,0.4888888888888889,0.0,0.0,0.0,0.0,0.0,0.0,0.0,0.0,0.0,,,,,18473,global,0.4
1,4,lr1e-05_bs32_modL1_fusion16_fusionL1_fusionBN0_drop0p2__wd1e-04trmiss40_trlocglobal,32,1e-05,0.0001,1,16,1,False,0.2,lr1e-05_bs32_modL1_fusion16_fusionL1_fusionBN0_drop0p2__wd1e-04trmiss40_trlocglobal,55,0.6451920866966248,0.6858717203140259,0.5793650793650794,0.6461055192900752,0.4888888888888889,0.0,0.0,0.0,0.0,0.0,0.0,0.0,0.0,0.0,,,,,18473,global,0.4
1,4,lr1e-05_bs32_modL1_fusion16_fusionL1_fusionBN0_drop0p2__wd1e-04trmiss40_trlocglobal,32,1e-05,0.0001,1,16,1,False,0.2,lr1e-05_bs32_modL1_fusion16_fusionL1_fusionBN0_drop0p2__wd1e-04trmiss40_trlocglobal,56,0.6452405154705048,0.6859118938446045,0.5813492063492064,0.6490937105343147,0.4888888888888889,0.0,0.0,0.0,0.0,0.0,0.0,0.0,0.0,0.0,,,,,18473,global,0.4
1,4,lr1e-05_bs32_modL1_fusion16_fusionL1_fusionBN0_drop0p2__wd1e-04trmiss40_trlocglobal,32,1e-05,0.0001,1,16,1,False,0.2,lr1e-05_bs32_modL1_fusion16_fusionL1_fusionBN0_drop0p2__wd1e-04trmiss40_trlocglobal,57,0.6465014318625132,0.685512363910675,0.5813492063492064,0.6474387913202524,0.4888888888888889,0.0,0.0,0.0,0.0,0.0,0.0,0.0,0.0,0.0,,,,,18473,global,0.4
1,4,lr1e-05_bs32_modL1_fusion16_fusionL1_fusionBN0_drop0p2__wd1e-04trmiss40_trlocglobal,32,1e-05,0.0001,1,16,1,False,0.2,lr1e-05_bs32_modL1_fusion16_fusionL1_fusionBN0_drop0p2__wd1e-04trmiss40_trlocglobal,58,0.6527145008246104,0.6857477128505707,0.5773809523809524,0.6418365504238939,0.4888888888888889,0.0,0.0,0.0,0.0,0.0,0.0,0.0,0.0,0.0,,,,,18473,global,0.4
1,4,lr1e-05_bs32_modL1_fusion16_fusionL1_fusionBN0_drop0p2__wd1e-04trmiss40_trlocglobal,32,1e-05,0.0001,1,16,1,False,0.2,lr1e-05_bs32_modL1_fusion16_fusionL1_fusionBN0_drop0p2__wd1e-04trmiss40_trlocglobal,59,0.6531619429588318,0.685798168182373,0.5734126984126984,0.6404695894981094,0.4888888888888889,0.0,0.0,0.0,0.0,0.0,0.0,0.0,0.0,0.0,,,,,18473,global,0.4
1,4,lr1e-05_bs32_modL1_fusion16_fusionL1_fusionBN0_drop0p2__wd1e-04trmiss40_trlocglobal,32,1e-05,0.0001,1,16,1,False,0.2,lr1e-05_bs32_modL1_fusion16_fusionL1_fusionBN0_drop0p2__wd1e-04trmiss40_trlocglobal,60,0.6456338167190552,0.685539960861206,0.5753968253968254,0.6424950736047955,0.4888888888888889,0.0,0.0,0.0,0.0,0.0,0.0,0.0,0.0,0.0,,,,,18473,global,0.4
1,4,lr1e-05_bs32_modL1_fusion16_fusionL1_fusionBN0_drop0p2__wd1e-04trmiss40_trlocglobal,32,1e-05,0.0001,1,16,1,False,0.2,lr1e-05_bs32_modL1_fusion16_fusionL1_fusionBN0_drop0p2__wd1e-04trmiss40_trlocglobal,61,0.6496410568555196,0.6852973997592926,0.5793650793650794,0.6476357662454882,0.4888888888888889,0.0,0.0,0.0,0.0,0.0,0.0,0.0,0.0,0.0,,,,,18473,global,0.4
1,4,lr1e-05_bs32_modL1_fusion16_fusionL1_fusionBN0_drop0p2__wd1e-04trmiss40_trlocglobal,32,1e-05,0.0001,1,16,1,False,0.2,lr1e-05_bs32_modL1_fusion16_fusionL1_fusionBN0_drop0p2__wd1e-04trmiss40_trlocglobal,62,0.648267408212026,0.6854183673858643,0.5853174603174603,0.6510158335501878,0.4888888888888889,0.0,0.0,0.0,0.0,0.0,0.0,0.0,0.0,0.0,,,,,18473,global,0.4
1,4,lr1e-05_bs32_modL1_fusion16_fusionL1_fusionBN0_drop0p2__wd1e-04trmiss40_trlocglobal,32,1e-05,0.0001,1,16,1,False,0.2,lr1e-05_bs32_modL1_fusion16_fusionL1_fusionBN0_drop0p2__wd1e-04trmiss40_trlocglobal,63,0.6466566224892935,0.6857429146766663,0.5793650793650794,0.6459106423841414,0.4888888888888889,0.0,0.0,0.0,0.0,0.0,0.0,0.0,0.0,0.0,,,,,18473,global,0.4
1,4,lr1e-05_bs32_modL1_fusion16_fusionL1_fusionBN0_drop0p2__wd1e-04trmiss40_trlocglobal,32,1e-05,0.0001,1,16,1,False,0.2,lr1e-05_bs32_modL1_fusion16_fusionL1_fusionBN0_drop0p2__wd1e-04trmiss40_trlocglobal,64,0.6470597684383392,0.6854681074619293,0.5833333333333334,0.6502219396037203,0.4888888888888889,0.0,0.0,0.0,0.0,0.0,0.0,0.0,0.0,0.0,,,,,18473,global,0.4
1,4,lr1e-05_bs32_modL1_fusion16_fusionL1_fusionBN0_drop0p2__wd1e-04trmiss40_trlocglobal,32,1e-05,0.0001,1,16,1,False,0.2,lr1e-05_bs32_modL1_fusion16_fusionL1_fusionBN0_drop0p2__wd1e-04trmiss40_trlocglobal,65,0.642875611782074,0.6852326989173889,0.5853174603174603,0.6518559265318249,0.4888888888888889,0.0,0.0,0.0,0.0,0.0,0.0,0.0,0.0,0.0,,,,,18473,global,0.4
1,4,lr1e-05_bs32_modL1_fusion16_fusionL1_fusionBN0_drop0p2__wd1e-04trmiss40_trlocglobal,32,1e-05,0.0001,1,16,1,False,0.2,lr1e-05_bs32_modL1_fusion16_fusionL1_fusionBN0_drop0p2__wd1e-04trmiss40_trlocglobal,66,0.6485375165939331,0.6850950717926025,0.5853174603174603,0.6518559265318249,0.4888888888888889,0.0,0.0,0.0,0.0,0.0,0.0,0.0,0.0,0.0,,,,,18473,global,0.4
1,4,lr1e-05_bs32_modL1_fusion16_fusionL1_fusionBN0_drop0p2__wd1e-04trmiss40_trlocglobal,32,1e-05,0.0001,1,16,1,False,0.2,lr1e-05_bs32_modL1_fusion16_fusionL1_fusionBN0_drop0p2__wd1e-04trmiss40_trlocglobal,67,0.6384283602237701,0.6853081285953522,0.5773809523809524,0.6479337593743636,0.4888888888888889,0.0,0.0,0.0,0.0,0.0,0.0,0.0,0.0,0.0,,,,,18473,global,0.4
1,4,lr1e-05_bs32_modL1_fusion16_fusionL1_fusionBN0_drop0p2__wd1e-04trmiss40_trlocglobal,32,1e-05,0.0001,1,16,1,False,0.2,lr1e-05_bs32_modL1_fusion16_fusionL1_fusionBN0_drop0p2__wd1e-04trmiss40_trlocglobal,68,0.6527408957481384,0.6852332353591919,0.5833333333333334,0.6511945508704492,0.4888888888888889,0.0,0.0,0.0,0.0,0.0,0.0,0.0,0.0,0.0,,,,,18473,global,0.4
1,4,lr1e-05_bs32_modL1_fusion16_fusionL1_fusionBN0_drop0p1__wd1e-04trmiss40_trlocglobal,32,1e-05,0.0001,1,16,1,False,0.1,lr1e-05_bs32_modL1_fusion16_fusionL1_fusionBN0_drop0p1__wd1e-04trmiss40_trlocglobal,1,0.6997238198916117,0.6978644132614136,0.3472222222222222,0.5126212371602143,0.5111111111111111,0.0,0.0,0.0,0.0,0.0,0.0,0.0,0.0,0.0,,,,,18473,global,0.4
1,4,lr1e-05_bs32_modL1_fusion16_fusionL1_fusionBN0_drop0p1__wd1e-04trmiss40_trlocglobal,32,1e-05,0.0001,1,16,1,False,0.1,lr1e-05_bs32_modL1_fusion16_fusionL1_fusionBN0_drop0p1__wd1e-04trmiss40_trlocglobal,2,0.6917383670806885,0.6982946991920471,0.3650793650793651,0.5319606812817903,0.4666666666666667,0.0,0.0,0.0,0.0,0.0,0.0,0.0,0.0,0.0,,,,,18473,global,0.4
1,4,lr1e-05_bs32_modL1_fusion16_fusionL1_fusionBN0_drop0p1__wd1e-04trmiss40_trlocglobal,32,1e-05,0.0001,1,16,1,False,0.1,lr1e-05_bs32_modL1_fusion16_fusionL1_fusionBN0_drop0p1__wd1e-04trmiss40_trlocglobal,3,0.687397430340449,0.6984939575195312,0.3849206349206349,0.5394675255778962,0.4666666666666667,0.0,0.0,0.0,0.0,0.0,0.0,0.0,0.0,0.0,,,,,18473,global,0.4
1,4,lr1e-05_bs32_modL1_fusion16_fusionL1_fusionBN0_drop0p1__wd1e-04trmiss40_trlocglobal,32,1e-05,0.0001,1,16,1,False,0.1,lr1e-05_bs32_modL1_fusion16_fusionL1_fusionBN0_drop0p1__wd1e-04trmiss40_trlocglobal,4,0.680105576912562,0.6985907554626465,0.4027777777777778,0.5456724413460673,0.4888888888888889,0.0,0.0,0.0,0.0,0.0,0.0,0.0,0.0,0.0,,,,,18473,global,0.4
1,4,lr1e-05_bs32_modL1_fusion16_fusionL1_fusionBN0_drop0p1__wd1e-04trmiss40_trlocglobal,32,1e-05,0.0001,1,16,1,False,0.1,lr1e-05_bs32_modL1_fusion16_fusionL1_fusionBN0_drop0p1__wd1e-04trmiss40_trlocglobal,5,0.6820060114065806,0.698739767074585,0.40476190476190477,0.5560891080127339,0.4888888888888889,0.0,0.0,0.0,0.0,0.0,0.0,0.0,0.0,0.0,,,,,18473,global,0.4
1,4,lr1e-05_bs32_modL1_fusion16_fusionL1_fusionBN0_drop0p1__wd1e-04trmiss40_trlocglobal,32,1e-05,0.0001,1,16,1,False,0.1,lr1e-05_bs32_modL1_fusion16_fusionL1_fusionBN0_drop0p1__wd1e-04trmiss40_trlocglobal,6,0.676091730594635,0.6986492276191711,0.40674603174603174,0.5472764112066161,0.4888888888888889,0.0,0.0,0.0,0.0,0.0,0.0,0.0,0.0,0.0,,,,,18473,global,0.4
1,4,lr1e-05_bs32_modL1_fusion16_fusionL1_fusionBN0_drop0p1__wd1e-04trmiss40_trlocglobal,32,1e-05,0.0001,1,16,1,False,0.1,lr1e-05_bs32_modL1_fusion16_fusionL1_fusionBN0_drop0p1__wd1e-04trmiss40_trlocglobal,7,0.6852129797140757,0.6981684267520905,0.4067460317460318,0.5473962369146771,0.4888888888888889,0.0,0.0,0.0,0.0,0.0,0.0,0.0,0.0,0.0,,,,,18473,global,0.4
1,4,lr1e-05_bs32_modL1_fusion16_fusionL1_fusionBN0_drop0p1__wd1e-04trmiss40_trlocglobal,32,1e-05,0.0001,1,16,1,False,0.1,lr1e-05_bs32_modL1_fusion16_fusionL1_fusionBN0_drop0p1__wd1e-04trmiss40_trlocglobal,8,0.6814855436484019,0.6981394588947296,0.40674603174603174,0.5465712161217487,0.4888888888888889,0.0,0.0,0.0,0.0,0.0,0.0,0.0,0.0,0.0,,,,,18473,global,0.4
1,4,lr1e-05_bs32_modL1_fusion16_fusionL1_fusionBN0_drop0p1__wd1e-04trmiss40_trlocglobal,32,1e-05,0.0001,1,16,1,False,0.1,lr1e-05_bs32_modL1_fusion16_fusionL1_fusionBN0_drop0p1__wd1e-04trmiss40_trlocglobal,9,0.677888552347819,0.6974895596504211,0.41865079365079366,0.5514934346763495,0.4888888888888889,0.0,0.0,0.0,0.0,0.0,0.0,0.0,0.0,0.0,,,,,18473,global,0.4
1,4,lr1e-05_bs32_modL1_fusion16_fusionL1_fusionBN0_drop0p1__wd1e-04trmiss40_trlocglobal,32,1e-05,0.0001,1,16,1,False,0.1,lr1e-05_bs32_modL1_fusion16_fusionL1_fusionBN0_drop0p1__wd1e-04trmiss40_trlocglobal,10,0.6791911125183105,0.6969175636768341,0.42658730158730157,0.5601450455876857,0.4888888888888889,0.0,0.0,0.0,0.0,0.0,0.0,0.0,0.0,0.0,,,,,18473,global,0.4
1,4,lr1e-05_bs32_modL1_fusion16_fusionL1_fusionBN0_drop0p1__wd1e-04trmiss40_trlocglobal,32,1e-05,0.0001,1,16,1,False,0.1,lr1e-05_bs32_modL1_fusion16_fusionL1_fusionBN0_drop0p1__wd1e-04trmiss40_trlocglobal,11,0.6747641166051229,0.6964029669761658,0.42460317460317465,0.5594971819396816,0.4666666666666667,0.0,0.0,0.0,0.0,0.0,0.0,0.0,0.0,0.0,,,,,18473,global,0.4
1,4,lr1e-05_bs32_modL1_fusion16_fusionL1_fusionBN0_drop0p1__wd1e-04trmiss40_trlocglobal,32,1e-05,0.0001,1,16,1,False,0.1,lr1e-05_bs32_modL1_fusion16_fusionL1_fusionBN0_drop0p1__wd1e-04trmiss40_trlocglobal,12,0.6706505318482717,0.6961827874183655,0.4305555555555556,0.5621955588935732,0.5111111111111111,0.0,0.0,0.0,0.0,0.0,0.0,0.0,0.0,0.0,,,,,18473,global,0.4
1,4,lr1e-05_bs32_modL1_fusion16_fusionL1_fusionBN0_drop0p1__wd1e-04trmiss40_trlocglobal,32,1e-05,0.0001,1,16,1,False,0.1,lr1e-05_bs32_modL1_fusion16_fusionL1_fusionBN0_drop0p1__wd1e-04trmiss40_trlocglobal,13,0.6727688908576965,0.695314884185791,0.4424603174603175,0.5645769215460977,0.5111111111111111,0.0,0.0,0.0,0.0,0.0,0.0,0.0,0.0,0.0,,,,,18473,global,0.4
1,4,lr1e-05_bs32_modL1_fusion16_fusionL1_fusionBN0_drop0p1__wd1e-04trmiss40_trlocglobal,32,1e-05,0.0001,1,16,1,False,0.1,lr1e-05_bs32_modL1_fusion16_fusionL1_fusionBN0_drop0p1__wd1e-04trmiss40_trlocglobal,14,0.6733787556489309,0.6950334012508392,0.4424603174603175,0.5653162625682621,0.5111111111111111,0.0,0.0,0.0,0.0,0.0,0.0,0.0,0.0,0.0,,,,,18473,global,0.4
1,4,lr1e-05_bs32_modL1_fusion16_fusionL1_fusionBN0_drop0p1__wd1e-04trmiss40_trlocglobal,32,1e-05,0.0001,1,16,1,False,0.1,lr1e-05_bs32_modL1_fusion16_fusionL1_fusionBN0_drop0p1__wd1e-04trmiss40_trlocglobal,15,0.6696620285511017,0.6945841312408447,0.45436507936507936,0.5709112091532687,0.5111111111111111,0.0,0.0,0.0,0.0,0.0,0.0,0.0,0.0,0.0,,,,,18473,global,0.4
1,4,lr1e-05_bs32_modL1_fusion16_fusionL1_fusionBN0_drop0p1__wd1e-04trmiss40_trlocglobal,32,1e-05,0.0001,1,16,1,False,0.1,lr1e-05_bs32_modL1_fusion16_fusionL1_fusionBN0_drop0p1__wd1e-04trmiss40_trlocglobal,16,0.6696596841017405,0.6944038271903992,0.45634920634920634,0.5748986797037078,0.5111111111111111,0.0,0.0,0.0,0.0,0.0,0.0,0.0,0.0,0.0,,,,,18473,global,0.4
1,4,lr1e-05_bs32_modL1_fusion16_fusionL1_fusionBN0_drop0p1__wd1e-04trmiss40_trlocglobal,32,1e-05,0.0001,1,16,1,False,0.1,lr1e-05_bs32_modL1_fusion16_fusionL1_fusionBN0_drop0p1__wd1e-04trmiss40_trlocglobal,17,0.6682768762111664,0.6944949328899384,0.45833333333333337,0.5803625549089623,0.5111111111111111,0.0,0.0,0.0,0.0,0.0,0.0,0.0,0.0,0.0,,,,,18473,global,0.4
1,4,lr1e-05_bs32_modL1_fusion16_fusionL1_fusionBN0_drop0p1__wd1e-04trmiss40_trlocglobal,32,1e-05,0.0001,1,16,1,False,0.1,lr1e-05_bs32_modL1_fusion16_fusionL1_fusionBN0_drop0p1__wd1e-04trmiss40_trlocglobal,18,0.6648913820584615,0.6943145096302032,0.4642857142857143,0.57964976195479,0.5111111111111111,0.0,0.0,0.0,0.0,0.0,0.0,0.0,0.0,0.0,,,,,18473,global,0.4
1,4,lr1e-05_bs32_modL1_fusion16_fusionL1_fusionBN0_drop0p1__wd1e-04trmiss40_trlocglobal,32,1e-05,0.0001,1,16,1,False,0.1,lr1e-05_bs32_modL1_fusion16_fusionL1_fusionBN0_drop0p1__wd1e-04trmiss40_trlocglobal,19,0.6638206541538239,0.6944412887096405,0.44841269841269843,0.570635840333492,0.5111111111111111,0.0,0.0,0.0,0.0,0.0,0.0,0.0,0.0,0.0,,,,,18473,global,0.4
1,4,lr1e-05_bs32_modL1_fusion16_fusionL1_fusionBN0_drop0p1__wd1e-04trmiss40_trlocglobal,32,1e-05,0.0001,1,16,1,False,0.1,lr1e-05_bs32_modL1_fusion16_fusionL1_fusionBN0_drop0p1__wd1e-04trmiss40_trlocglobal,20,0.6637845039367676,0.6945523321628571,0.4523809523809524,0.5718245651209725,0.5111111111111111,0.0,0.0,0.0,0.0,0.0,0.0,0.0,0.0,0.0,,,,,18473,global,0.4
1,4,lr1e-05_bs32_modL1_fusion16_fusionL1_fusionBN0_drop0p1__wd1e-04trmiss40_trlocglobal,32,1e-05,0.0001,1,16,1,False,0.1,lr1e-05_bs32_modL1_fusion16_fusionL1_fusionBN0_drop0p1__wd1e-04trmiss40_trlocglobal,21,0.6675170461336771,0.6944429278373718,0.4623015873015874,0.5774804521885628,0.5111111111111111,0.0,0.0,0.0,0.0,0.0,0.0,0.0,0.0,0.0,,,,,18473,global,0.4
1,4,lr1e-05_bs32_modL1_fusion16_fusionL1_fusionBN0_drop0p1__wd1e-04trmiss40_trlocglobal,32,1e-05,0.0001,1,16,1,False,0.1,lr1e-05_bs32_modL1_fusion16_fusionL1_fusionBN0_drop0p1__wd1e-04trmiss40_trlocglobal,22,0.657915343840917,0.6944280862808228,0.4603174603174603,0.5773767970697867,0.5111111111111111,0.0,0.0,0.0,0.0,0.0,0.0,0.0,0.0,0.0,,,,,18473,global,0.4
1,4,lr1e-05_bs32_modL1_fusion16_fusionL1_fusionBN0_drop0p1__wd1e-04trmiss40_trlocglobal,32,1e-05,0.0001,1,16,1,False,0.1,lr1e-05_bs32_modL1_fusion16_fusionL1_fusionBN0_drop0p1__wd1e-04trmiss40_trlocglobal,23,0.6653973956902822,0.6941286027431488,0.4642857142857143,0.5794082731683,0.5111111111111111,0.0,0.0,0.0,0.0,0.0,0.0,0.0,0.0,0.0,,,,,18473,global,0.4
1,4,lr1e-05_bs32_modL1_fusion16_fusionL1_fusionBN0_drop0p1__wd1e-04trmiss40_trlocglobal,32,1e-05,0.0001,1,16,1,False,0.1,lr1e-05_bs32_modL1_fusion16_fusionL1_fusionBN0_drop0p1__wd1e-04trmiss40_trlocglobal,24,0.6621391177177429,0.6942034959793091,0.46031746031746035,0.5787359344203034,0.5111111111111111,0.0,0.0,0.0,0.0,0.0,0.0,0.0,0.0,0.0,,,,,18473,global,0.4
1,4,lr1e-05_bs32_modL1_fusion16_fusionL1_fusionBN0_drop0p1__wd1e-04trmiss40_trlocglobal,32,1e-05,0.0001,1,16,1,False,0.1,lr1e-05_bs32_modL1_fusion16_fusionL1_fusionBN0_drop0p1__wd1e-04trmiss40_trlocglobal,25,0.6597860256830851,0.6938982605934143,0.47222222222222227,0.5837890614439921,0.5111111111111111,0.0,0.0,0.0,0.0,0.0,0.0,0.0,0.0,0.0,,,,,18473,global,0.4
1,4,lr1e-05_bs32_modL1_fusion16_fusionL1_fusionBN0_drop0p1__wd1e-04trmiss40_trlocglobal,32,1e-05,0.0001,1,16,1,False,0.1,lr1e-05_bs32_modL1_fusion16_fusionL1_fusionBN0_drop0p1__wd1e-04trmiss40_trlocglobal,26,0.6688141922156016,0.6938179135322571,0.47817460317460314,0.5862710723238358,0.5111111111111111,0.0,0.0,0.0,0.0,0.0,0.0,0.0,0.0,0.0,,,,,18473,global,0.4
1,4,lr1e-05_bs32_modL1_fusion16_fusionL1_fusionBN0_drop0p1__wd1e-04trmiss40_trlocglobal,32,1e-05,0.0001,1,16,1,False,0.1,lr1e-05_bs32_modL1_fusion16_fusionL1_fusionBN0_drop0p1__wd1e-04trmiss40_trlocglobal,27,0.6549432675043741,0.6933400630950928,0.47420634920634924,0.5846157810207117,0.5111111111111111,0.0,0.0,0.0,0.0,0.0,0.0,0.0,0.0,0.0,,,,,18473,global,0.4
1,4,lr1e-05_bs32_modL1_fusion16_fusionL1_fusionBN0_drop0p1__wd1e-04trmiss40_trlocglobal,32,1e-05,0.0001,1,16,1,False,0.1,lr1e-05_bs32_modL1_fusion16_fusionL1_fusionBN0_drop0p1__wd1e-04trmiss40_trlocglobal,28,0.6617262264092764,0.6931427121162415,0.4821428571428571,0.587770144185422,0.5111111111111111,0.0,0.0,0.0,0.0,0.0,0.0,0.0,0.0,0.0,,,,,18473,global,0.4
1,4,lr1e-05_bs32_modL1_fusion16_fusionL1_fusionBN0_drop0p1__wd1e-04trmiss40_trlocglobal,32,1e-05,0.0001,1,16,1,False,0.1,lr1e-05_bs32_modL1_fusion16_fusionL1_fusionBN0_drop0p1__wd1e-04trmiss40_trlocglobal,29,0.6567447086175283,0.6926822364330292,0.48809523809523814,0.5901322245539679,0.5111111111111111,0.0,0.0,0.0,0.0,0.0,0.0,0.0,0.0,0.0,,,,,18473,global,0.4
1,4,lr1e-05_bs32_modL1_fusion16_fusionL1_fusionBN0_drop0p1__wd1e-04trmiss40_trlocglobal,32,1e-05,0.0001,1,16,1,False,0.1,lr1e-05_bs32_modL1_fusion16_fusionL1_fusionBN0_drop0p1__wd1e-04trmiss40_trlocglobal,30,0.6573535998662313,0.6923789083957672,0.49206349206349204,0.5966298812620707,0.5111111111111111,0.0,0.0,0.0,0.0,0.0,0.0,0.0,0.0,0.0,,,,,18473,global,0.4
1,4,lr1e-05_bs32_modL1_fusion16_fusionL1_fusionBN0_drop0p1__wd1e-04trmiss40_trlocglobal,32,1e-05,0.0001,1,16,1,False,0.1,lr1e-05_bs32_modL1_fusion16_fusionL1_fusionBN0_drop0p1__wd1e-04trmiss40_trlocglobal,31,0.6544231375058492,0.6921655833721161,0.49603174603174605,0.5974377722015406,0.5111111111111111,0.0,0.0,0.0,0.0,0.0,0.0,0.0,0.0,0.0,,,,,18473,global,0.4
1,4,lr1e-05_bs32_modL1_fusion16_fusionL1_fusionBN0_drop0p1__wd1e-04trmiss40_trlocglobal,32,1e-05,0.0001,1,16,1,False,0.1,lr1e-05_bs32_modL1_fusion16_fusionL1_fusionBN0_drop0p1__wd1e-04trmiss40_trlocglobal,32,0.660780519247055,0.6923924088478088,0.4920634920634921,0.5939679549817234,0.5111111111111111,0.0,0.0,0.0,0.0,0.0,0.0,0.0,0.0,0.0,,,,,18473,global,0.4
1,4,lr1e-05_bs32_modL1_fusion16_fusionL1_fusionBN0_drop0p1__wd1e-04trmiss40_trlocglobal,32,1e-05,0.0001,1,16,1,False,0.1,lr1e-05_bs32_modL1_fusion16_fusionL1_fusionBN0_drop0p1__wd1e-04trmiss40_trlocglobal,33,0.6542347570260366,0.6927386522293091,0.4861111111111111,0.5929639382912828,0.5111111111111111,0.0,0.0,0.0,0.0,0.0,0.0,0.0,0.0,0.0,,,,,18473,global,0.4
1,4,lr1e-05_bs32_modL1_fusion16_fusionL1_fusionBN0_drop0p1__wd1e-04trmiss40_trlocglobal,32,1e-05,0.0001,1,16,1,False,0.1,lr1e-05_bs32_modL1_fusion16_fusionL1_fusionBN0_drop0p1__wd1e-04trmiss40_trlocglobal,34,0.6522219677766165,0.6929900944232941,0.47817460317460314,0.5856972484662161,0.5111111111111111,0.0,0.0,0.0,0.0,0.0,0.0,0.0,0.0,0.0,,,,,18473,global,0.4
1,4,lr1e-05_bs32_modL1_fusion16_fusionL1_fusionBN0_drop0p1__wd1e-04trmiss40_trlocglobal,32,1e-05,0.0001,1,16,1,False,0.1,lr1e-05_bs32_modL1_fusion16_fusionL1_fusionBN0_drop0p1__wd1e-04trmiss40_trlocglobal,35,0.6525308787822723,0.6928210556507111,0.48412698412698413,0.5899649495850572,0.5111111111111111,0.0,0.0,0.0,0.0,0.0,0.0,0.0,0.0,0.0,,,,,18473,global,0.4
1,4,lr1e-05_bs32_modL1_fusion16_fusionL1_fusionBN0_drop0p1__wd1e-04trmiss40_trlocglobal,32,1e-05,0.0001,1,16,1,False,0.1,lr1e-05_bs32_modL1_fusion16_fusionL1_fusionBN0_drop0p1__wd1e-04trmiss40_trlocglobal,36,0.6509251693884531,0.6930535137653351,0.4861111111111111,0.5948509228166187,0.5111111111111111,0.0,0.0,0.0,0.0,0.0,0.0,0.0,0.0,0.0,,,,,18473,global,0.4
1,4,lr1e-05_bs32_modL1_fusion16_fusionL1_fusionBN0_drop0p1__wd1e-04trmiss40_trlocglobal,32,1e-05,0.0001,1,16,1,False,0.1,lr1e-05_bs32_modL1_fusion16_fusionL1_fusionBN0_drop0p1__wd1e-04trmiss40_trlocglobal,37,0.6479690670967102,0.6930030584335327,0.48015873015873023,0.5893575836276272,0.5111111111111111,0.0,0.0,0.0,0.0,0.0,0.0,0.0,0.0,0.0,,,,,18473,global,0.4
1,4,lr1e-05_bs32_modL1_fusion16_fusionL1_fusionBN0_drop0p1__wd1e-04trmiss40_trlocglobal,32,1e-05,0.0001,1,16,1,False,0.1,lr1e-05_bs32_modL1_fusion16_fusionL1_fusionBN0_drop0p1__wd1e-04trmiss40_trlocglobal,38,0.6538240611553192,0.6928918957710266,0.48412698412698413,0.5933647080391635,0.5111111111111111,0.0,0.0,0.0,0.0,0.0,0.0,0.0,0.0,0.0,,,,,18473,global,0.4
1,4,lr1e-05_bs32_modL1_fusion16_fusionL1_fusionBN0_drop0p1__wd1e-04trmiss40_trlocglobal,32,1e-05,0.0001,1,16,1,False,0.1,lr1e-05_bs32_modL1_fusion16_fusionL1_fusionBN0_drop0p1__wd1e-04trmiss40_trlocglobal,39,0.6533327698707581,0.6924855709075928,0.49206349206349215,0.600622407380673,0.5111111111111111,0.0,0.0,0.0,0.0,0.0,0.0,0.0,0.0,0.0,,,,,18473,global,0.4
1,4,lr1e-05_bs32_modL1_fusion16_fusionL1_fusionBN0_drop0p1__wd1e-04trmiss40_trlocglobal,32,1e-05,0.0001,1,16,1,False,0.1,lr1e-05_bs32_modL1_fusion16_fusionL1_fusionBN0_drop0p1__wd1e-04trmiss40_trlocglobal,40,0.6491350630919138,0.6923929154872894,0.4920634920634921,0.5957176226698537,0.5111111111111111,0.0,0.0,0.0,0.0,0.0,0.0,0.0,0.0,0.0,,,,,18473,global,0.4
1,4,lr1e-05_bs32_modL1_fusion16_fusionL1_fusionBN0_drop0p1__wd1e-04trmiss40_trlocglobal,32,1e-05,0.0001,1,16,1,False,0.1,lr1e-05_bs32_modL1_fusion16_fusionL1_fusionBN0_drop0p1__wd1e-04trmiss40_trlocglobal,41,0.6453137397766113,0.6925210654735565,0.49404761904761907,0.5965317989150645,0.5111111111111111,0.0,0.0,0.0,0.0,0.0,0.0,0.0,0.0,0.0,,,,,18473,global,0.4
1,4,lr1e-05_bs32_modL1_fusion16_fusionL1_fusionBN0_drop0p1__wd1e-04trmiss40_trlocglobal,32,1e-05,0.0001,1,16,1,False,0.1,lr1e-05_bs32_modL1_fusion16_fusionL1_fusionBN0_drop0p1__wd1e-04trmiss40_trlocglobal,42,0.6475004553794861,0.6925631165504456,0.498015873015873,0.6008372738150516,0.5111111111111111,0.0,0.0,0.0,0.0,0.0,0.0,0.0,0.0,0.0,,,,,18473,global,0.4
1,4,lr1e-05_bs32_modL1_fusion16_fusionL1_fusionBN0_drop0p1__wd1e-04trmiss40_trlocglobal,32,1e-05,0.0001,1,16,1,False,0.1,lr1e-05_bs32_modL1_fusion16_fusionL1_fusionBN0_drop0p1__wd1e-04trmiss40_trlocglobal,43,0.6455632746219635,0.6926783323287964,0.4980158730158731,0.6009319014096791,0.5111111111111111,0.0,0.0,0.0,0.0,0.0,0.0,0.0,0.0,0.0,,,,,18473,global,0.4
1,4,lr1e-05_bs32_modL1_fusion16_fusionL1_fusionBN0_drop0p1__wd1e-04trmiss40_trlocglobal,32,1e-05,0.0001,1,16,1,False,0.1,lr1e-05_bs32_modL1_fusion16_fusionL1_fusionBN0_drop0p1__wd1e-04trmiss40_trlocglobal,44,0.6488009095191956,0.6925427615642548,0.49404761904761907,0.5962679800913461,0.5111111111111111,0.0,0.0,0.0,0.0,0.0,0.0,0.0,0.0,0.0,,,,,18473,global,0.4
1,4,lr1e-05_bs32_modL1_fusion16_fusionL1_fusionBN0_drop0p1__wd1e-04trmiss40_trlocglobal,32,1e-05,0.0001,1,16,1,False,0.1,lr1e-05_bs32_modL1_fusion16_fusionL1_fusionBN0_drop0p1__wd1e-04trmiss40_trlocglobal,45,0.6453647216161092,0.6926834881305695,0.4880952380952381,0.5941531714938674,0.5111111111111111,0.0,0.0,0.0,0.0,0.0,0.0,0.0,0.0,0.0,,,,,18473,global,0.4
1,4,lr1e-05_bs32_modL1_fusion16_fusionL1_fusionBN0_drop0p1__wd1e-04trmiss40_trlocglobal,32,1e-05,0.0001,1,16,1,False,0.1,lr1e-05_bs32_modL1_fusion16_fusionL1_fusionBN0_drop0p1__wd1e-04trmiss40_trlocglobal,46,0.6446861426035563,0.6927387118339539,0.4980158730158731,0.6007720564215757,0.5111111111111111,0.0,0.0,0.0,0.0,0.0,0.0,0.0,0.0,0.0,,,,,18473,global,0.4
1,4,lr1e-05_bs32_modL1_fusion16_fusionL1_fusionBN0_drop0p1__wd1e-04trmiss40_trlocglobal,32,1e-05,0.0001,1,16,1,False,0.1,lr1e-05_bs32_modL1_fusion16_fusionL1_fusionBN0_drop0p1__wd1e-04trmiss40_trlocglobal,47,0.6501363416512808,0.6926746368408203,0.498015873015873,0.5988823160449933,0.5111111111111111,0.0,0.0,0.0,0.0,0.0,0.0,0.0,0.0,0.0,,,,,18473,global,0.4
1,4,lr1e-05_bs32_modL1_fusion16_fusionL1_fusionBN0_drop0p1__wd1e-04trmiss40_trlocglobal,32,1e-05,0.0001,1,16,1,False,0.1,lr1e-05_bs32_modL1_fusion16_fusionL1_fusionBN0_drop0p1__wd1e-04trmiss40_trlocglobal,48,0.6477996309598287,0.6925231516361237,0.5,0.6001078062410717,0.5111111111111111,0.0,0.0,0.0,0.0,0.0,0.0,0.0,0.0,0.0,,,,,18473,global,0.4
1,4,lr1e-05_bs32_modL1_fusion16_fusionL1_fusionBN0_drop0p1__wd1e-04trmiss40_trlocglobal,32,1e-05,0.0001,1,16,1,False,0.1,lr1e-05_bs32_modL1_fusion16_fusionL1_fusionBN0_drop0p1__wd1e-04trmiss40_trlocglobal,49,0.6462320884068807,0.6921634674072266,0.49999999999999994,0.5996092307424963,0.5111111111111111,0.0,0.0,0.0,0.0,0.0,0.0,0.0,0.0,0.0,,,,,18473,global,0.4
1,4,lr1e-05_bs32_modL1_fusion16_fusionL1_fusionBN0_drop0p1__wd1e-04trmiss40_trlocglobal,32,1e-05,0.0001,1,16,1,False,0.1,lr1e-05_bs32_modL1_fusion16_fusionL1_fusionBN0_drop0p1__wd1e-04trmiss40_trlocglobal,50,0.6454354723294576,0.6921418309211731,0.503968253968254,0.605103118555463,0.5111111111111111,0.0,0.0,0.0,0.0,0.0,0.0,0.0,0.0,0.0,,,,,18473,global,0.4
1,4,lr1e-05_bs32_modL1_fusion16_fusionL1_fusionBN0_drop0p1__wd1e-04trmiss40_trlocglobal,32,1e-05,0.0001,1,16,1,False,0.1,lr1e-05_bs32_modL1_fusion16_fusionL1_fusionBN0_drop0p1__wd1e-04trmiss40_trlocglobal,51,0.6476689080397288,0.6920998394489288,0.5059523809523809,0.6059278429681206,0.5111111111111111,0.0,0.0,0.0,0.0,0.0,0.0,0.0,0.0,0.0,,,,,18473,global,0.4
1,4,lr1e-05_bs32_modL1_fusion16_fusionL1_fusionBN0_drop0p1__wd1e-04trmiss40_trlocglobal,32,1e-05,0.0001,1,16,1,False,0.1,lr1e-05_bs32_modL1_fusion16_fusionL1_fusionBN0_drop0p1__wd1e-04trmiss40_trlocglobal,52,0.6446227629979452,0.6920934319496155,0.503968253968254,0.6014630369408147,0.5111111111111111,0.0,0.0,0.0,0.0,0.0,0.0,0.0,0.0,0.0,,,,,18473,global,0.4
1,4,lr1e-05_bs32_modL1_fusion16_fusionL1_fusionBN0_drop0p1__wd1e-04trmiss40_trlocglobal,32,1e-05,0.0001,1,16,1,False,0.1,lr1e-05_bs32_modL1_fusion16_fusionL1_fusionBN0_drop0p1__wd1e-04trmiss40_trlocglobal,53,0.6462328533331553,0.6923785507678986,0.5178571428571429,0.614601801904707,0.5333333333333333,0.0,0.0,0.0,0.0,0.0,0.0,0.0,0.0,0.0,,,,,18473,global,0.4
1,4,lr1e-05_bs32_modL1_fusion16_fusionL1_fusionBN0_drop0p1__wd1e-04trmiss40_trlocglobal,32,1e-05,0.0001,1,16,1,False,0.1,lr1e-05_bs32_modL1_fusion16_fusionL1_fusionBN0_drop0p1__wd1e-04trmiss40_trlocglobal,54,0.6429702540238699,0.692263662815094,0.5099206349206349,0.6078262339290116,0.5111111111111111,0.0,0.0,0.0,0.0,0.0,0.0,0.0,0.0,0.0,,,,,18473,global,0.4
1,4,lr1e-05_bs32_modL1_fusion16_fusionL1_fusionBN0_drop0p1__wd1e-04trmiss40_trlocglobal,32,1e-05,0.0001,1,16,1,False,0.1,lr1e-05_bs32_modL1_fusion16_fusionL1_fusionBN0_drop0p1__wd1e-04trmiss40_trlocglobal,55,0.6437235275904337,0.6921515762805939,0.5099206349206349,0.5988359947578514,0.5111111111111111,0.0,0.0,0.0,0.0,0.0,0.0,0.0,0.0,0.0,,,,,18473,global,0.4
1,4,lr1e-05_bs32_modL1_fusion16_fusionL1_fusionBN0_drop0p1__wd1e-04trmiss40_trlocglobal,32,1e-05,0.0001,1,16,1,False,0.1,lr1e-05_bs32_modL1_fusion16_fusionL1_fusionBN0_drop0p1__wd1e-04trmiss40_trlocglobal,56,0.6424043675263723,0.691866010427475,0.5158730158730159,0.6135990095208661,0.5111111111111111,0.0,0.0,0.0,0.0,0.0,0.0,0.0,0.0,0.0,,,,,18473,global,0.4
1,4,lr1e-05_bs32_modL1_fusion16_fusionL1_fusionBN0_drop0p1__wd1e-04trmiss40_trlocglobal,32,1e-05,0.0001,1,16,1,False,0.1,lr1e-05_bs32_modL1_fusion16_fusionL1_fusionBN0_drop0p1__wd1e-04trmiss40_trlocglobal,57,0.642352432012558,0.6920630931854248,0.5059523809523809,0.6045853310310966,0.5111111111111111,0.0,0.0,0.0,0.0,0.0,0.0,0.0,0.0,0.0,,,,,18473,global,0.4
1,4,lr1e-05_bs32_modL1_fusion16_fusionL1_fusionBN0_drop0p1__wd1e-04trmiss40_trlocglobal,32,1e-05,0.0001,1,16,1,False,0.1,lr1e-05_bs32_modL1_fusion16_fusionL1_fusionBN0_drop0p1__wd1e-04trmiss40_trlocglobal,58,0.6452484826246897,0.6921117305755615,0.501984126984127,0.6023240556273778,0.5111111111111111,0.0,0.0,0.0,0.0,0.0,0.0,0.0,0.0,0.0,,,,,18473,global,0.4
1,4,lr1e-05_bs32_modL1_fusion16_fusionL1_fusionBN0_drop0p1__wd1e-04trmiss40_trlocglobal,32,1e-05,0.0001,1,16,1,False,0.1,lr1e-05_bs32_modL1_fusion16_fusionL1_fusionBN0_drop0p1__wd1e-04trmiss40_trlocglobal,59,0.6424873272577921,0.6922523975372314,0.5119047619047619,0.6099318809161242,0.5333333333333333,0.0,0.0,0.0,0.0,0.0,0.0,0.0,0.0,0.0,,,,,18473,global,0.4
1,4,lr1e-05_bs32_modL1_fusion16_fusionL1_fusionBN0_drop0p1__wd1e-04trmiss40_trlocglobal,32,1e-05,0.0001,1,16,1,False,0.1,lr1e-05_bs32_modL1_fusion16_fusionL1_fusionBN0_drop0p1__wd1e-04trmiss40_trlocglobal,60,0.642573614915212,0.6921810209751129,0.5138888888888888,0.6107460571613349,0.5333333333333333,0.0,0.0,0.0,0.0,0.0,0.0,0.0,0.0,0.0,,,,,18473,global,0.4
1,4,lr1e-05_bs32_modL1_fusion16_fusionL1_fusionBN0_drop0p1__wd1e-04trmiss40_trlocglobal,32,1e-05,0.0001,1,16,1,False,0.1,lr1e-05_bs32_modL1_fusion16_fusionL1_fusionBN0_drop0p1__wd1e-04trmiss40_trlocglobal,61,0.6449488798777262,0.6922144889831543,0.5099206349206349,0.5983643416546194,0.5111111111111111,0.0,0.0,0.0,0.0,0.0,0.0,0.0,0.0,0.0,,,,,18473,global,0.4
1,4,lr1e-05_bs32_modL1_fusion16_fusionL1_fusionBN0_drop0p1__wd1e-04trmiss40_trlocglobal,32,1e-05,0.0001,1,16,1,False,0.1,lr1e-05_bs32_modL1_fusion16_fusionL1_fusionBN0_drop0p1__wd1e-04trmiss40_trlocglobal,62,0.6381883919239044,0.6921161711215973,0.5178571428571428,0.6144862453064803,0.5333333333333333,0.0,0.0,0.0,0.0,0.0,0.0,0.0,0.0,0.0,,,,,18473,global,0.4
1,4,lr1e-05_bs32_modL1_fusion16_fusionL1_fusionBN0_drop0p1__wd1e-04trmiss40_trlocglobal,32,1e-05,0.0001,1,16,1,False,0.1,lr1e-05_bs32_modL1_fusion16_fusionL1_fusionBN0_drop0p1__wd1e-04trmiss40_trlocglobal,63,0.6414387822151184,0.6921437382698059,0.5138888888888888,0.6144227889930239,0.5333333333333333,0.0,0.0,0.0,0.0,0.0,0.0,0.0,0.0,0.0,,,,,18473,global,0.4
1,4,lr1e-05_bs32_modL1_fusion16_fusionL1_fusionBN0_drop0p1__wd1e-04trmiss40_trlocglobal,32,1e-05,0.0001,1,16,1,False,0.1,lr1e-05_bs32_modL1_fusion16_fusionL1_fusionBN0_drop0p1__wd1e-04trmiss40_trlocglobal,64,0.6422951718171438,0.6922976076602936,0.5178571428571429,0.6142625236712225,0.5333333333333333,0.0,0.0,0.0,0.0,0.0,0.0,0.0,0.0,0.0,,,,,18473,global,0.4
1,4,lr1e-05_bs32_modL1_fusion16_fusionL1_fusionBN0_drop0p1__wd1e-04trmiss40_trlocglobal,32,1e-05,0.0001,1,16,1,False,0.1,lr1e-05_bs32_modL1_fusion16_fusionL1_fusionBN0_drop0p1__wd1e-04trmiss40_trlocglobal,65,0.6462417642275492,0.6922264099121094,0.511904761904762,0.6113055488392476,0.5333333333333333,0.0,0.0,0.0,0.0,0.0,0.0,0.0,0.0,0.0,,,,,18473,global,0.4
1,4,lr1e-05_bs32_modL1_fusion16_fusionL1_fusionBN0_drop0p1__wd1e-04trmiss40_trlocglobal,32,1e-05,0.0001,1,16,1,False,0.1,lr1e-05_bs32_modL1_fusion16_fusionL1_fusionBN0_drop0p1__wd1e-04trmiss40_trlocglobal,66,0.6423280537128448,0.6920605301856995,0.5119047619047619,0.6018757242778441,0.5333333333333333,0.0,0.0,0.0,0.0,0.0,0.0,0.0,0.0,0.0,,,,,18473,global,0.4
1,4,lr1e-05_bs32_modL1_fusion16_fusionL1_fusionBN0_drop0p1__wd1e-04trmiss40_trlocglobal,32,1e-05,0.0001,1,16,1,False,0.1,lr1e-05_bs32_modL1_fusion16_fusionL1_fusionBN0_drop0p1__wd1e-04trmiss40_trlocglobal,67,0.6423511703809103,0.6918012797832489,0.5119047619047619,0.6096443498395847,0.5111111111111111,0.0,0.0,0.0,0.0,0.0,0.0,0.0,0.0,0.0,,,,,18473,global,0.4
1,4,lr1e-05_bs32_modL1_fusion16_fusionL1_fusionBN0_drop0p1__wd1e-04trmiss40_trlocglobal,32,1e-05,0.0001,1,16,1,False,0.1,lr1e-05_bs32_modL1_fusion16_fusionL1_fusionBN0_drop0p1__wd1e-04trmiss40_trlocglobal,68,0.6455071667830149,0.6920550167560577,0.5138888888888888,0.6119452934800683,0.4888888888888889,0.0,0.0,0.0,0.0,0.0,0.0,0.0,0.0,0.0,,,,,18473,global,0.4
1,4,lr1e-05_bs32_modL1_fusion16_fusionL1_fusionBN0_drop0p1__wd1e-04trmiss40_trlocglobal,32,1e-05,0.0001,1,16,1,False,0.1,lr1e-05_bs32_modL1_fusion16_fusionL1_fusionBN0_drop0p1__wd1e-04trmiss40_trlocglobal,69,0.6491046448548635,0.6920983195304871,0.513888888888889,0.6111477022998222,0.5111111111111111,0.0,0.0,0.0,0.0,0.0,0.0,0.0,0.0,0.0,,,,,18473,global,0.4
1,4,lr1e-05_bs32_modL1_fusion16_fusionL1_fusionBN0_drop0p1__wd1e-04trmiss40_trlocglobal,32,1e-05,0.0001,1,16,1,False,0.1,lr1e-05_bs32_modL1_fusion16_fusionL1_fusionBN0_drop0p1__wd1e-04trmiss40_trlocglobal,70,0.6457644204298655,0.6920925974845886,0.5178571428571429,0.6149874967646166,0.5111111111111111,0.0,0.0,0.0,0.0,0.0,0.0,0.0,0.0,0.0,,,,,18473,global,0.4
1,4,lr1e-05_bs32_modL1_fusion16_fusionL1_fusionBN0_drop0p1__wd1e-04trmiss40_trlocglobal,32,1e-05,0.0001,1,16,1,False,0.1,lr1e-05_bs32_modL1_fusion16_fusionL1_fusionBN0_drop0p1__wd1e-04trmiss40_trlocglobal,71,0.6406663656234741,0.6919244825839996,0.5178571428571429,0.6069166802374457,0.5111111111111111,0.0,0.0,0.0,0.0,0.0,0.0,0.0,0.0,0.0,,,,,18473,global,0.4
1,4,lr1e-05_bs32_modL1_fusion16_fusionL1_fusionBN0_drop0p1__wd1e-04trmiss40_trlocglobal,32,1e-05,0.0001,1,16,1,False,0.1,lr1e-05_bs32_modL1_fusion16_fusionL1_fusionBN0_drop0p1__wd1e-04trmiss40_trlocglobal,72,0.6435165206591288,0.6919056475162506,0.5158730158730158,0.6059303867206645,0.5111111111111111,0.0,0.0,0.0,0.0,0.0,0.0,0.0,0.0,0.0,,,,,18473,global,0.4
1,4,lr1e-05_bs32_modL1_fusion16_fusionL1_fusionBN0_drop0p1__wd1e-04trmiss40_trlocglobal,32,1e-05,0.0001,1,16,1,False,0.1,lr1e-05_bs32_modL1_fusion16_fusionL1_fusionBN0_drop0p1__wd1e-04trmiss40_trlocglobal,73,0.6396520336469015,0.691738098859787,0.5198412698412699,0.6124617817389015,0.5111111111111111,0.0,0.0,0.0,0.0,0.0,0.0,0.0,0.0,0.0,,,,,18473,global,0.4
1,4,lr1e-05_bs32_modL1_fusion16_fusionL1_fusionBN0_drop0p1__wd1e-04trmiss40_trlocglobal,32,1e-05,0.0001,1,16,1,False,0.1,lr1e-05_bs32_modL1_fusion16_fusionL1_fusionBN0_drop0p1__wd1e-04trmiss40_trlocglobal,74,0.6428993046283722,0.6916922330856323,0.5198412698412699,0.6094855912627111,0.5111111111111111,0.0,0.0,0.0,0.0,0.0,0.0,0.0,0.0,0.0,,,,,18473,global,0.4
1,4,lr1e-05_bs32_modL1_fusion16_fusionL1_fusionBN0_drop0p1__wd1e-04trmiss40_trlocglobal,32,1e-05,0.0001,1,16,1,False,0.1,lr1e-05_bs32_modL1_fusion16_fusionL1_fusionBN0_drop0p1__wd1e-04trmiss40_trlocglobal,75,0.6372849742571512,0.6917378902435303,0.513888888888889,0.6054359484935561,0.5111111111111111,0.0,0.0,0.0,0.0,0.0,0.0,0.0,0.0,0.0,,,,,18473,global,0.4
1,4,lr1e-05_bs32_modL1_fusion16_fusionL1_fusionBN0_drop0p1__wd1e-04trmiss40_trlocglobal,32,1e-05,0.0001,1,16,1,False,0.1,lr1e-05_bs32_modL1_fusion16_fusionL1_fusionBN0_drop0p1__wd1e-04trmiss40_trlocglobal,76,0.638473391532898,0.6917320787906647,0.5178571428571429,0.6210436229828096,0.5333333333333333,0.0,0.0,0.0,0.0,0.0,0.0,0.0,0.0,0.0,,,,,18473,global,0.4
1,4,lr1e-05_bs32_modL1_fusion16_fusionL1_fusionBN0_drop0p1__wd1e-04trmiss40_trlocglobal,32,1e-05,0.0001,1,16,1,False,0.1,lr1e-05_bs32_modL1_fusion16_fusionL1_fusionBN0_drop0p1__wd1e-04trmiss40_trlocglobal,77,0.6419443488121033,0.6917104721069336,0.5178571428571428,0.6162474470676821,0.5555555555555556,0.0,0.0,0.0,0.0,0.0,0.0,0.0,0.0,0.0,,,,,18473,global,0.4
1,4,lr1e-05_bs32_modL1_fusion16_fusionL1_fusionBN0_drop0p1__wd1e-04trmiss40_trlocglobal,32,1e-05,0.0001,1,16,1,False,0.1,lr1e-05_bs32_modL1_fusion16_fusionL1_fusionBN0_drop0p1__wd1e-04trmiss40_trlocglobal,78,0.6425638894240061,0.6919019222259521,0.5218253968253969,0.6211060144262494,0.5333333333333333,0.0,0.0,0.0,0.0,0.0,0.0,0.0,0.0,0.0,,,,,18473,global,0.4
1,4,lr1e-05_bs32_modL1_fusion16_fusionL1_fusionBN0_drop0p1__wd1e-04trmiss40_trlocglobal,32,1e-05,0.0001,1,16,1,False,0.1,lr1e-05_bs32_modL1_fusion16_fusionL1_fusionBN0_drop0p1__wd1e-04trmiss40_trlocglobal,79,0.6430306335290273,0.6916831731796265,0.5198412698412698,0.6184544992747343,0.5333333333333333,0.0,0.0,0.0,0.0,0.0,0.0,0.0,0.0,0.0,,,,,18473,global,0.4
1,4,lr1e-05_bs32_modL1_fusion16_fusionL1_fusionBN0_drop0p1__wd1e-04trmiss40_trlocglobal,32,1e-05,0.0001,1,16,1,False,0.1,lr1e-05_bs32_modL1_fusion16_fusionL1_fusionBN0_drop0p1__wd1e-04trmiss40_trlocglobal,80,0.6417186558246613,0.691807746887207,0.5158730158730158,0.6170148914132431,0.5333333333333333,0.0,0.0,0.0,0.0,0.0,0.0,0.0,0.0,0.0,,,,,18473,global,0.4
1,4,lr1e-05_bs32_modL1_fusion32_fusionL1_fusionBN0_drop0p2__wd1e-04trmiss40_trlocglobal,32,1e-05,0.0001,1,32,1,False,0.2,lr1e-05_bs32_modL1_fusion32_fusionL1_fusionBN0_drop0p2__wd1e-04trmiss40_trlocglobal,1,0.7079828480879465,0.703290730714798,0.5138888888888888,0.5764048432758961,0.5333333333333333,0.0,0.0,0.0,0.0,0.0,0.0,0.0,0.0,0.0,,,,,18473,global,0.4
1,4,lr1e-05_bs32_modL1_fusion32_fusionL1_fusionBN0_drop0p2__wd1e-04trmiss40_trlocglobal,32,1e-05,0.0001,1,32,1,False,0.2,lr1e-05_bs32_modL1_fusion32_fusionL1_fusionBN0_drop0p2__wd1e-04trmiss40_trlocglobal,2,0.7051195005575815,0.7042764127254486,0.5178571428571429,0.5804135137585998,0.5333333333333333,0.0,0.0,0.0,0.0,0.0,0.0,0.0,0.0,0.0,,,,,18473,global,0.4
1,4,lr1e-05_bs32_modL1_fusion32_fusionL1_fusionBN0_drop0p2__wd1e-04trmiss40_trlocglobal,32,1e-05,0.0001,1,32,1,False,0.2,lr1e-05_bs32_modL1_fusion32_fusionL1_fusionBN0_drop0p2__wd1e-04trmiss40_trlocglobal,3,0.705439418554306,0.7052409946918488,0.5277777777777778,0.5928759097504077,0.5333333333333333,0.0,0.0,0.0,0.0,0.0,0.0,0.0,0.0,0.0,,,,,18473,global,0.4
1,4,lr1e-05_bs32_modL1_fusion32_fusionL1_fusionBN0_drop0p2__wd1e-04trmiss40_trlocglobal,32,1e-05,0.0001,1,32,1,False,0.2,lr1e-05_bs32_modL1_fusion32_fusionL1_fusionBN0_drop0p2__wd1e-04trmiss40_trlocglobal,4,0.6996384461720785,0.7054659128189087,0.5416666666666666,0.6029862226215503,0.5333333333333333,0.0,0.0,0.0,0.0,0.0,0.0,0.0,0.0,0.0,,,,,18473,global,0.4
1,4,lr1e-05_bs32_modL1_fusion32_fusionL1_fusionBN0_drop0p2__wd1e-04trmiss40_trlocglobal,32,1e-05,0.0001,1,32,1,False,0.2,lr1e-05_bs32_modL1_fusion32_fusionL1_fusionBN0_drop0p2__wd1e-04trmiss40_trlocglobal,5,0.7007300953070322,0.7056064307689667,0.5476190476190477,0.6106981006908221,0.5333333333333333,0.0,0.0,0.0,0.0,0.0,0.0,0.0,0.0,0.0,,,,,18473,global,0.4
1,4,lr1e-05_bs32_modL1_fusion32_fusionL1_fusionBN0_drop0p2__wd1e-04trmiss40_trlocglobal,32,1e-05,0.0001,1,32,1,False,0.2,lr1e-05_bs32_modL1_fusion32_fusionL1_fusionBN0_drop0p2__wd1e-04trmiss40_trlocglobal,6,0.6899610757827759,0.7055958211421967,0.5634920634920635,0.6077470650742065,0.5333333333333333,0.0,0.0,0.0,0.0,0.0,0.0,0.0,0.0,0.0,,,,,18473,global,0.4
1,4,lr1e-05_bs32_modL1_fusion32_fusionL1_fusionBN0_drop0p2__wd1e-04trmiss40_trlocglobal,32,1e-05,0.0001,1,32,1,False,0.2,lr1e-05_bs32_modL1_fusion32_fusionL1_fusionBN0_drop0p2__wd1e-04trmiss40_trlocglobal,7,0.6990532875061035,0.7055584490299225,0.5654761904761905,0.6107696861894047,0.5333333333333333,0.0,0.0,0.0,0.0,0.0,0.0,0.0,0.0,0.0,,,,,18473,global,0.4
1,4,lr1e-05_bs32_modL1_fusion32_fusionL1_fusionBN0_drop0p2__wd1e-04trmiss40_trlocglobal,32,1e-05,0.0001,1,32,1,False,0.2,lr1e-05_bs32_modL1_fusion32_fusionL1_fusionBN0_drop0p2__wd1e-04trmiss40_trlocglobal,8,0.6849973797798157,0.70472452044487,0.5714285714285714,0.6131597000517924,0.5333333333333333,0.0,0.0,0.0,0.0,0.0,0.0,0.0,0.0,0.0,,,,,18473,global,0.4
1,4,lr1e-05_bs32_modL1_fusion32_fusionL1_fusionBN0_drop0p2__wd1e-04trmiss40_trlocglobal,32,1e-05,0.0001,1,32,1,False,0.2,lr1e-05_bs32_modL1_fusion32_fusionL1_fusionBN0_drop0p2__wd1e-04trmiss40_trlocglobal,9,0.6815279424190521,0.7052201926708221,0.5714285714285714,0.6171757030120882,0.5333333333333333,0.0,0.0,0.0,0.0,0.0,0.0,0.0,0.0,0.0,,,,,18473,global,0.4
1,4,lr1e-05_bs32_modL1_fusion32_fusionL1_fusionBN0_drop0p2__wd1e-04trmiss40_trlocglobal,32,1e-05,0.0001,1,32,1,False,0.2,lr1e-05_bs32_modL1_fusion32_fusionL1_fusionBN0_drop0p2__wd1e-04trmiss40_trlocglobal,10,0.6871306002140045,0.704633891582489,0.5793650793650794,0.6255451113814966,0.5333333333333333,0.0,0.0,0.0,0.0,0.0,0.0,0.0,0.0,0.0,,,,,18473,global,0.4
1,4,lr1e-05_bs32_modL1_fusion32_fusionL1_fusionBN0_drop0p2__wd1e-04trmiss40_trlocglobal,32,1e-05,0.0001,1,32,1,False,0.2,lr1e-05_bs32_modL1_fusion32_fusionL1_fusionBN0_drop0p2__wd1e-04trmiss40_trlocglobal,11,0.6909003456433614,0.7038850486278534,0.5833333333333333,0.6268823971078228,0.5333333333333333,0.0,0.0,0.0,0.0,0.0,0.0,0.0,0.0,0.0,,,,,18473,global,0.4
1,4,lr1e-05_bs32_modL1_fusion32_fusionL1_fusionBN0_drop0p2__wd1e-04trmiss40_trlocglobal,32,1e-05,0.0001,1,32,1,False,0.2,lr1e-05_bs32_modL1_fusion32_fusionL1_fusionBN0_drop0p2__wd1e-04trmiss40_trlocglobal,12,0.6837338407834371,0.7038702368736267,0.5873015873015872,0.6301968141751423,0.5333333333333333,0.0,0.0,0.0,0.0,0.0,0.0,0.0,0.0,0.0,,,,,18473,global,0.4
1,4,lr1e-05_bs32_modL1_fusion32_fusionL1_fusionBN0_drop0p2__wd1e-04trmiss40_trlocglobal,32,1e-05,0.0001,1,32,1,False,0.2,lr1e-05_bs32_modL1_fusion32_fusionL1_fusionBN0_drop0p2__wd1e-04trmiss40_trlocglobal,13,0.6775966882705688,0.7040691375732422,0.5813492063492064,0.6255148641806924,0.5333333333333333,0.0,0.0,0.0,0.0,0.0,0.0,0.0,0.0,0.0,,,,,18473,global,0.4
1,4,lr1e-05_bs32_modL1_fusion32_fusionL1_fusionBN0_drop0p2__wd1e-04trmiss40_trlocglobal,32,1e-05,0.0001,1,32,1,False,0.2,lr1e-05_bs32_modL1_fusion32_fusionL1_fusionBN0_drop0p2__wd1e-04trmiss40_trlocglobal,14,0.6803217232227325,0.7025386095046997,0.5892857142857143,0.6286402662761499,0.5333333333333333,0.0,0.0,0.0,0.0,0.0,0.0,0.0,0.0,0.0,,,,,18473,global,0.4
1,4,lr1e-05_bs32_modL1_fusion32_fusionL1_fusionBN0_drop0p2__wd1e-04trmiss40_trlocglobal,32,1e-05,0.0001,1,32,1,False,0.2,lr1e-05_bs32_modL1_fusion32_fusionL1_fusionBN0_drop0p2__wd1e-04trmiss40_trlocglobal,15,0.6839786569277445,0.7023292183876038,0.5932539682539683,0.6363158401654918,0.5333333333333333,0.0,0.0,0.0,0.0,0.0,0.0,0.0,0.0,0.0,,,,,18473,global,0.4
1,4,lr1e-05_bs32_modL1_fusion32_fusionL1_fusionBN0_drop0p2__wd1e-04trmiss40_trlocglobal,32,1e-05,0.0001,1,32,1,False,0.2,lr1e-05_bs32_modL1_fusion32_fusionL1_fusionBN0_drop0p2__wd1e-04trmiss40_trlocglobal,16,0.6709813177585602,0.7023879885673523,0.5952380952380953,0.6355230596239367,0.5333333333333333,0.0,0.0,0.0,0.0,0.0,0.0,0.0,0.0,0.0,,,,,18473,global,0.4
1,4,lr1e-05_bs32_modL1_fusion32_fusionL1_fusionBN0_drop0p2__wd1e-04trmiss40_trlocglobal,32,1e-05,0.0001,1,32,1,False,0.2,lr1e-05_bs32_modL1_fusion32_fusionL1_fusionBN0_drop0p2__wd1e-04trmiss40_trlocglobal,17,0.6832165320714315,0.7027552425861359,0.5853174603174602,0.6303854624037187,0.5333333333333333,0.0,0.0,0.0,0.0,0.0,0.0,0.0,0.0,0.0,,,,,18473,global,0.4
1,4,lr1e-05_bs32_modL1_fusion32_fusionL1_fusionBN0_drop0p2__wd1e-04trmiss40_trlocglobal,32,1e-05,0.0001,1,32,1,False,0.2,lr1e-05_bs32_modL1_fusion32_fusionL1_fusionBN0_drop0p2__wd1e-04trmiss40_trlocglobal,18,0.6816836992899576,0.7023539543151855,0.5853174603174603,0.6298582553547726,0.5333333333333333,0.0,0.0,0.0,0.0,0.0,0.0,0.0,0.0,0.0,,,,,18473,global,0.4
1,4,lr1e-05_bs32_modL1_fusion32_fusionL1_fusionBN0_drop0p2__wd1e-04trmiss40_trlocglobal,32,1e-05,0.0001,1,32,1,False,0.2,lr1e-05_bs32_modL1_fusion32_fusionL1_fusionBN0_drop0p2__wd1e-04trmiss40_trlocglobal,19,0.6722670594851176,0.701739639043808,0.5833333333333333,0.6265576325342221,0.5333333333333333,0.0,0.0,0.0,0.0,0.0,0.0,0.0,0.0,0.0,,,,,18473,global,0.4
1,4,lr1e-05_bs32_modL1_fusion32_fusionL1_fusionBN0_drop0p2__wd1e-04trmiss40_trlocglobal,32,1e-05,0.0001,1,32,1,False,0.2,lr1e-05_bs32_modL1_fusion32_fusionL1_fusionBN0_drop0p2__wd1e-04trmiss40_trlocglobal,20,0.677357941865921,0.7009622156620026,0.5952380952380953,0.6394148019171269,0.5333333333333333,0.0,0.0,0.0,0.0,0.0,0.0,0.0,0.0,0.0,,,,,18473,global,0.4
1,4,lr1e-05_bs32_modL1_fusion32_fusionL1_fusionBN0_drop0p2__wd1e-04trmiss40_trlocglobal,32,1e-05,0.0001,1,32,1,False,0.2,lr1e-05_bs32_modL1_fusion32_fusionL1_fusionBN0_drop0p2__wd1e-04trmiss40_trlocglobal,21,0.6697912414868673,0.7012475728988647,0.5992063492063493,0.6378924059384615,0.5333333333333333,0.0,0.0,0.0,0.0,0.0,0.0,0.0,0.0,0.0,,,,,18473,global,0.4
1,4,lr1e-05_bs32_modL1_fusion32_fusionL1_fusionBN0_drop0p2__wd1e-04trmiss40_trlocglobal,32,1e-05,0.0001,1,32,1,False,0.2,lr1e-05_bs32_modL1_fusion32_fusionL1_fusionBN0_drop0p2__wd1e-04trmiss40_trlocglobal,22,0.6689130663871765,0.7008263468742371,0.6071428571428571,0.6454349286051927,0.5333333333333333,0.0,0.0,0.0,0.0,0.0,0.0,0.0,0.0,0.0,,,,,18473,global,0.4
1,4,lr1e-05_bs32_modL1_fusion32_fusionL1_fusionBN0_drop0p2__wd1e-04trmiss40_trlocglobal,32,1e-05,0.0001,1,32,1,False,0.2,lr1e-05_bs32_modL1_fusion32_fusionL1_fusionBN0_drop0p2__wd1e-04trmiss40_trlocglobal,23,0.6725603441397349,0.7005166411399841,0.6071428571428571,0.6453619355078187,0.5333333333333333,0.0,0.0,0.0,0.0,0.0,0.0,0.0,0.0,0.0,,,,,18473,global,0.4
1,4,lr1e-05_bs32_modL1_fusion32_fusionL1_fusionBN0_drop0p2__wd1e-04trmiss40_trlocglobal,32,1e-05,0.0001,1,32,1,False,0.2,lr1e-05_bs32_modL1_fusion32_fusionL1_fusionBN0_drop0p2__wd1e-04trmiss40_trlocglobal,24,0.6674440801143646,0.7003825604915619,0.6071428571428571,0.6448660097401538,0.5333333333333333,0.0,0.0,0.0,0.0,0.0,0.0,0.0,0.0,0.0,,,,,18473,global,0.4
1,4,lr1e-05_bs32_modL1_fusion32_fusionL1_fusionBN0_drop0p2__wd1e-04trmiss40_trlocglobal,32,1e-05,0.0001,1,32,1,False,0.2,lr1e-05_bs32_modL1_fusion32_fusionL1_fusionBN0_drop0p2__wd1e-04trmiss40_trlocglobal,25,0.661873867114385,0.6995287835597992,0.6091269841269841,0.6445845304195068,0.5333333333333333,0.0,0.0,0.0,0.0,0.0,0.0,0.0,0.0,0.0,,,,,18473,global,0.4
1,4,lr1e-05_bs32_modL1_fusion32_fusionL1_fusionBN0_drop0p2__wd1e-04trmiss40_trlocglobal,32,1e-05,0.0001,1,32,1,False,0.2,lr1e-05_bs32_modL1_fusion32_fusionL1_fusionBN0_drop0p2__wd1e-04trmiss40_trlocglobal,26,0.6662421524524689,0.6992363035678864,0.6071428571428571,0.6437121987282096,0.5333333333333333,0.0,0.0,0.0,0.0,0.0,0.0,0.0,0.0,0.0,,,,,18473,global,0.4
1,4,lr1e-05_bs32_modL1_fusion32_fusionL1_fusionBN0_drop0p2__wd1e-04trmiss40_trlocglobal,32,1e-05,0.0001,1,32,1,False,0.2,lr1e-05_bs32_modL1_fusion32_fusionL1_fusionBN0_drop0p2__wd1e-04trmiss40_trlocglobal,27,0.6566640933354696,0.6992894113063812,0.6051587301587301,0.622869852155294,0.5333333333333333,0.0,0.0,0.0,0.0,0.0,0.0,0.0,0.0,0.0,,,,,18473,global,0.4
1,4,lr1e-05_bs32_modL1_fusion32_fusionL1_fusionBN0_drop0p2__wd1e-04trmiss40_trlocglobal,32,1e-05,0.0001,1,32,1,False,0.2,lr1e-05_bs32_modL1_fusion32_fusionL1_fusionBN0_drop0p2__wd1e-04trmiss40_trlocglobal,28,0.6595325668652853,0.6991359889507294,0.6091269841269841,0.6239549168038868,0.5333333333333333,0.0,0.0,0.0,0.0,0.0,0.0,0.0,0.0,0.0,,,,,18473,global,0.4
1,4,lr1e-05_bs32_modL1_fusion32_fusionL1_fusionBN0_drop0p2__wd1e-04trmiss40_trlocglobal,32,1e-05,0.0001,1,32,1,False,0.2,lr1e-05_bs32_modL1_fusion32_fusionL1_fusionBN0_drop0p2__wd1e-04trmiss40_trlocglobal,29,0.6617982685565948,0.6984229981899261,0.613095238095238,0.6483716383673473,0.5333333333333333,0.0,0.0,0.0,0.0,0.0,0.0,0.0,0.0,0.0,,,,,18473,global,0.4
1,4,lr1e-05_bs32_modL1_fusion32_fusionL1_fusionBN0_drop0p2__wd1e-04trmiss40_trlocglobal,32,1e-05,0.0001,1,32,1,False,0.2,lr1e-05_bs32_modL1_fusion32_fusionL1_fusionBN0_drop0p2__wd1e-04trmiss40_trlocglobal,30,0.6785334646701813,0.6991654932498932,0.611111111111111,0.6434884899325347,0.5333333333333333,0.0,0.0,0.0,0.0,0.0,0.0,0.0,0.0,0.0,,,,,18473,global,0.4
1,4,lr1e-05_bs32_modL1_fusion32_fusionL1_fusionBN0_drop0p2__wd1e-04trmiss40_trlocglobal,32,1e-05,0.0001,1,32,1,False,0.2,lr1e-05_bs32_modL1_fusion32_fusionL1_fusionBN0_drop0p2__wd1e-04trmiss40_trlocglobal,31,0.6634931067625681,0.6989050805568695,0.6031746031746031,0.6377556222712588,0.5333333333333333,0.0,0.0,0.0,0.0,0.0,0.0,0.0,0.0,0.0,,,,,18473,global,0.4
1,4,lr1e-05_bs32_modL1_fusion32_fusionL1_fusionBN0_drop0p2__wd1e-04trmiss40_trlocglobal,32,1e-05,0.0001,1,32,1,False,0.2,lr1e-05_bs32_modL1_fusion32_fusionL1_fusionBN0_drop0p2__wd1e-04trmiss40_trlocglobal,32,0.6641044716040293,0.6989306807518005,0.6111111111111112,0.6450661605239075,0.5333333333333333,0.0,0.0,0.0,0.0,0.0,0.0,0.0,0.0,0.0,,,,,18473,global,0.4
1,4,lr1e-05_bs32_modL1_fusion32_fusionL1_fusionBN0_drop0p2__wd1e-04trmiss40_trlocglobal,32,1e-05,0.0001,1,32,1,False,0.2,lr1e-05_bs32_modL1_fusion32_fusionL1_fusionBN0_drop0p2__wd1e-04trmiss40_trlocglobal,33,0.6676691472530365,0.6990828812122345,0.6091269841269841,0.6445240856397274,0.5333333333333333,0.0,0.0,0.0,0.0,0.0,0.0,0.0,0.0,0.0,,,,,18473,global,0.4
1,4,lr1e-05_bs32_modL1_fusion32_fusionL1_fusionBN0_drop0p2__wd1e-04trmiss40_trlocglobal,32,1e-05,0.0001,1,32,1,False,0.2,lr1e-05_bs32_modL1_fusion32_fusionL1_fusionBN0_drop0p2__wd1e-04trmiss40_trlocglobal,34,0.6574278970559438,0.6986143589019775,0.6091269841269841,0.6451733094169662,0.5333333333333333,0.0,0.0,0.0,0.0,0.0,0.0,0.0,0.0,0.0,,,,,18473,global,0.4
1,4,lr1e-05_bs32_modL1_fusion32_fusionL1_fusionBN0_drop0p2__wd1e-04trmiss40_trlocglobal,32,1e-05,0.0001,1,32,1,False,0.2,lr1e-05_bs32_modL1_fusion32_fusionL1_fusionBN0_drop0p2__wd1e-04trmiss40_trlocglobal,35,0.6563938359419504,0.6988021731376648,0.611111111111111,0.6461229770333005,0.5333333333333333,0.0,0.0,0.0,0.0,0.0,0.0,0.0,0.0,0.0,,,,,18473,global,0.4
1,4,lr1e-05_bs32_modL1_fusion32_fusionL1_fusionBN0_drop0p2__wd1e-04trmiss40_trlocglobal,32,1e-05,0.0001,1,32,1,False,0.2,lr1e-05_bs32_modL1_fusion32_fusionL1_fusionBN0_drop0p2__wd1e-04trmiss40_trlocglobal,36,0.6577216982841492,0.6988218128681183,0.615079365079365,0.6473177183168898,0.5333333333333333,0.0,0.0,0.0,0.0,0.0,0.0,0.0,0.0,0.0,,,,,18473,global,0.4
1,4,lr1e-05_bs32_modL1_fusion32_fusionL1_fusionBN0_drop0p2__wd1e-04trmiss40_trlocglobal,32,1e-05,0.0001,1,32,1,False,0.2,lr1e-05_bs32_modL1_fusion32_fusionL1_fusionBN0_drop0p2__wd1e-04trmiss40_trlocglobal,37,0.6659038364887238,0.6984542310237885,0.623015873015873,0.6545202908276282,0.5333333333333333,0.0,0.0,0.0,0.0,0.0,0.0,0.0,0.0,0.0,,,,,18473,global,0.4
1,4,lr1e-05_bs32_modL1_fusion32_fusionL1_fusionBN0_drop0p2__wd1e-04trmiss40_trlocglobal,32,1e-05,0.0001,1,32,1,False,0.2,lr1e-05_bs32_modL1_fusion32_fusionL1_fusionBN0_drop0p2__wd1e-04trmiss40_trlocglobal,38,0.6623695890108744,0.6981858313083649,0.6170634920634921,0.6506227943290287,0.5333333333333333,0.0,0.0,0.0,0.0,0.0,0.0,0.0,0.0,0.0,,,,,18473,global,0.4
1,4,lr1e-05_bs32_modL1_fusion32_fusionL1_fusionBN0_drop0p2__wd1e-04trmiss40_trlocglobal,32,1e-05,0.0001,1,32,1,False,0.2,lr1e-05_bs32_modL1_fusion32_fusionL1_fusionBN0_drop0p2__wd1e-04trmiss40_trlocglobal,39,0.6594224870204926,0.6980242729187012,0.6170634920634921,0.6509981848698605,0.5333333333333333,0.0,0.0,0.0,0.0,0.0,0.0,0.0,0.0,0.0,,,,,18473,global,0.4
1,4,lr1e-05_bs32_modL1_fusion32_fusionL1_fusionBN0_drop0p2__wd1e-04trmiss40_trlocglobal,32,1e-05,0.0001,1,32,1,False,0.2,lr1e-05_bs32_modL1_fusion32_fusionL1_fusionBN0_drop0p2__wd1e-04trmiss40_trlocglobal,40,0.6593939264615377,0.6977485418319702,0.623015873015873,0.6531085897835742,0.5333333333333333,0.0,0.0,0.0,0.0,0.0,0.0,0.0,0.0,0.0,,,,,18473,global,0.4
1,4,lr1e-05_bs32_modL1_fusion32_fusionL1_fusionBN0_drop0p2__wd1e-04trmiss40_trlocglobal,32,1e-05,0.0001,1,32,1,False,0.2,lr1e-05_bs32_modL1_fusion32_fusionL1_fusionBN0_drop0p2__wd1e-04trmiss40_trlocglobal,41,0.6621950268745422,0.6972344219684601,0.625,0.6531873738857061,0.5333333333333333,0.0,0.0,0.0,0.0,0.0,0.0,0.0,0.0,0.0,,,,,18473,global,0.4
1,4,lr1e-05_bs32_modL1_fusion32_fusionL1_fusionBN0_drop0p2__wd1e-04trmiss40_trlocglobal,32,1e-05,0.0001,1,32,1,False,0.2,lr1e-05_bs32_modL1_fusion32_fusionL1_fusionBN0_drop0p2__wd1e-04trmiss40_trlocglobal,42,0.655562569697698,0.6980019509792328,0.6309523809523809,0.6560528198432573,0.5333333333333333,0.0,0.0,0.0,0.0,0.0,0.0,0.0,0.0,0.0,,,,,18473,global,0.4
1,4,lr1e-05_bs32_modL1_fusion32_fusionL1_fusionBN0_drop0p2__wd1e-04trmiss40_trlocglobal,32,1e-05,0.0001,1,32,1,False,0.2,lr1e-05_bs32_modL1_fusion32_fusionL1_fusionBN0_drop0p2__wd1e-04trmiss40_trlocglobal,43,0.6579926808675131,0.6979310214519501,0.6369047619047619,0.6592502351730256,0.5333333333333333,0.0,0.0,0.0,0.0,0.0,0.0,0.0,0.0,0.0,,,,,18473,global,0.4
1,4,lr1e-05_bs32_modL1_fusion32_fusionL1_fusionBN0_drop0p2__wd1e-04trmiss40_trlocglobal,32,1e-05,0.0001,1,32,1,False,0.2,lr1e-05_bs32_modL1_fusion32_fusionL1_fusionBN0_drop0p2__wd1e-04trmiss40_trlocglobal,44,0.6523580451806387,0.6979973018169403,0.6349206349206349,0.6579605526333431,0.5333333333333333,0.0,0.0,0.0,0.0,0.0,0.0,0.0,0.0,0.0,,,,,18473,global,0.4
1,4,lr1e-05_bs32_modL1_fusion32_fusionL1_fusionBN0_drop0p2__wd1e-04trmiss40_trlocglobal,32,1e-05,0.0001,1,32,1,False,0.2,lr1e-05_bs32_modL1_fusion32_fusionL1_fusionBN0_drop0p2__wd1e-04trmiss40_trlocglobal,45,0.6545897126197815,0.6980100870132446,0.634920634920635,0.6594341607245983,0.5333333333333333,0.0,0.0,0.0,0.0,0.0,0.0,0.0,0.0,0.0,,,,,18473,global,0.4
1,4,lr1e-05_bs32_modL1_fusion32_fusionL1_fusionBN0_drop0p2__wd1e-04trmiss40_trlocglobal,32,1e-05,0.0001,1,32,1,False,0.2,lr1e-05_bs32_modL1_fusion32_fusionL1_fusionBN0_drop0p2__wd1e-04trmiss40_trlocglobal,46,0.6568685273329417,0.6982026994228363,0.628968253968254,0.6566444106760763,0.5333333333333333,0.0,0.0,0.0,0.0,0.0,0.0,0.0,0.0,0.0,,,,,18473,global,0.4
1,4,lr1e-05_bs32_modL1_fusion32_fusionL1_fusionBN0_drop0p2__wd1e-04trmiss40_trlocglobal,32,1e-05,0.0001,1,32,1,False,0.2,lr1e-05_bs32_modL1_fusion32_fusionL1_fusionBN0_drop0p2__wd1e-04trmiss40_trlocglobal,47,0.6517417331536611,0.6978775560855865,0.6309523809523809,0.6563585083068405,0.5333333333333333,0.0,0.0,0.0,0.0,0.0,0.0,0.0,0.0,0.0,,,,,18473,global,0.4
1,4,lr1e-05_bs32_modL1_fusion32_fusionL1_fusionBN0_drop0p2__wd1e-04trmiss40_trlocglobal,32,1e-05,0.0001,1,32,1,False,0.2,lr1e-05_bs32_modL1_fusion32_fusionL1_fusionBN0_drop0p2__wd1e-04trmiss40_trlocglobal,48,0.6597397923469543,0.6977167129516602,0.6269841269841271,0.6542700603631294,0.5333333333333333,0.0,0.0,0.0,0.0,0.0,0.0,0.0,0.0,0.0,,,,,18473,global,0.4
1,4,lr1e-05_bs32_modL1_fusion32_fusionL1_fusionBN0_drop0p2__wd1e-04trmiss40_trlocglobal,32,1e-05,0.0001,1,32,1,False,0.2,lr1e-05_bs32_modL1_fusion32_fusionL1_fusionBN0_drop0p2__wd1e-04trmiss40_trlocglobal,49,0.6571719646453857,0.6973477303981781,0.6309523809523809,0.6578730545911237,0.5333333333333333,0.0,0.0,0.0,0.0,0.0,0.0,0.0,0.0,0.0,,,,,18473,global,0.4
1,4,lr1e-05_bs32_modL1_fusion32_fusionL1_fusionBN0_drop0p2__wd1e-04trmiss40_trlocglobal,32,1e-05,0.0001,1,32,1,False,0.2,lr1e-05_bs32_modL1_fusion32_fusionL1_fusionBN0_drop0p2__wd1e-04trmiss40_trlocglobal,50,0.6481466193993887,0.6968780755996704,0.6309523809523809,0.6586341959045906,0.5333333333333333,0.0,0.0,0.0,0.0,0.0,0.0,0.0,0.0,0.0,,,,,18473,global,0.4
1,4,lr1e-05_bs32_modL1_fusion32_fusionL1_fusionBN0_drop0p2__wd1e-04trmiss40_trlocglobal,32,1e-05,0.0001,1,32,1,False,0.2,lr1e-05_bs32_modL1_fusion32_fusionL1_fusionBN0_drop0p2__wd1e-04trmiss40_trlocglobal,51,0.6496950089931488,0.697188526391983,0.6329365079365079,0.6575500525507104,0.5333333333333333,0.0,0.0,0.0,0.0,0.0,0.0,0.0,0.0,0.0,,,,,18473,global,0.4
1,4,lr1e-05_bs32_modL1_fusion32_fusionL1_fusionBN0_drop0p2__wd1e-04trmiss40_trlocglobal,32,1e-05,0.0001,1,32,1,False,0.2,lr1e-05_bs32_modL1_fusion32_fusionL1_fusionBN0_drop0p2__wd1e-04trmiss40_trlocglobal,52,0.6453854242960612,0.6970829367637634,0.6369047619047619,0.6588138878945731,0.5333333333333333,0.0,0.0,0.0,0.0,0.0,0.0,0.0,0.0,0.0,,,,,18473,global,0.4
1,4,lr1e-05_bs32_modL1_fusion32_fusionL1_fusionBN0_drop0p2__wd1e-04trmiss40_trlocglobal,32,1e-05,0.0001,1,32,1,False,0.2,lr1e-05_bs32_modL1_fusion32_fusionL1_fusionBN0_drop0p2__wd1e-04trmiss40_trlocglobal,53,0.6497984429200491,0.6967443227767944,0.6408730158730159,0.6628011287239192,0.5333333333333333,0.0,0.0,0.0,0.0,0.0,0.0,0.0,0.0,0.0,,,,,18473,global,0.4
1,4,lr1e-05_bs32_modL1_fusion32_fusionL1_fusionBN0_drop0p2__wd1e-04trmiss40_trlocglobal,32,1e-05,0.0001,1,32,1,False,0.2,lr1e-05_bs32_modL1_fusion32_fusionL1_fusionBN0_drop0p2__wd1e-04trmiss40_trlocglobal,54,0.6476982434590658,0.6965508162975311,0.6388888888888888,0.6620658346062721,0.5333333333333333,0.0,0.0,0.0,0.0,0.0,0.0,0.0,0.0,0.0,,,,,18473,global,0.4
1,4,lr1e-05_bs32_modL1_fusion32_fusionL1_fusionBN0_drop0p2__wd1e-04trmiss40_trlocglobal,32,1e-05,0.0001,1,32,1,False,0.2,lr1e-05_bs32_modL1_fusion32_fusionL1_fusionBN0_drop0p2__wd1e-04trmiss40_trlocglobal,55,0.6497609317302704,0.696254163980484,0.6329365079365079,0.6587088443742818,0.5333333333333333,0.0,0.0,0.0,0.0,0.0,0.0,0.0,0.0,0.0,,,,,18473,global,0.4
1,4,lr1e-05_bs32_modL1_fusion32_fusionL1_fusionBN0_drop0p2__wd1e-04trmiss40_trlocglobal,32,1e-05,0.0001,1,32,1,False,0.2,lr1e-05_bs32_modL1_fusion32_fusionL1_fusionBN0_drop0p2__wd1e-04trmiss40_trlocglobal,56,0.6501558522383372,0.696439653635025,0.6369047619047619,0.6607338210316115,0.5333333333333333,0.0,0.0,0.0,0.0,0.0,0.0,0.0,0.0,0.0,,,,,18473,global,0.4
1,4,lr1e-05_bs32_modL1_fusion32_fusionL1_fusionBN0_drop0p2__wd1e-04trmiss40_trlocglobal,32,1e-05,0.0001,1,32,1,False,0.2,lr1e-05_bs32_modL1_fusion32_fusionL1_fusionBN0_drop0p2__wd1e-04trmiss40_trlocglobal,57,0.6523378193378448,0.6965410709381104,0.638888888888889,0.6616061527229087,0.5333333333333333,0.0,0.0,0.0,0.0,0.0,0.0,0.0,0.0,0.0,,,,,18473,global,0.4
1,4,lr1e-05_bs32_modL1_fusion32_fusionL1_fusionBN0_drop0p2__wd1e-04trmiss40_trlocglobal,32,1e-05,0.0001,1,32,1,False,0.2,lr1e-05_bs32_modL1_fusion32_fusionL1_fusionBN0_drop0p2__wd1e-04trmiss40_trlocglobal,58,0.6476289431254069,0.6962279677391052,0.6349206349206349,0.659408870301168,0.5333333333333333,0.0,0.0,0.0,0.0,0.0,0.0,0.0,0.0,0.0,,,,,18473,global,0.4
1,4,lr1e-05_bs32_modL1_fusion32_fusionL1_fusionBN0_drop0p2__wd1e-04trmiss40_trlocglobal,32,1e-05,0.0001,1,32,1,False,0.2,lr1e-05_bs32_modL1_fusion32_fusionL1_fusionBN0_drop0p2__wd1e-04trmiss40_trlocglobal,59,0.6447604596614838,0.6957420408725739,0.6408730158730159,0.6633379638684195,0.5333333333333333,0.0,0.0,0.0,0.0,0.0,0.0,0.0,0.0,0.0,,,,,18473,global,0.4
1,4,lr1e-05_bs32_modL1_fusion32_fusionL1_fusionBN0_drop0p2__wd1e-04trmiss40_trlocglobal,32,1e-05,0.0001,1,32,1,False,0.2,lr1e-05_bs32_modL1_fusion32_fusionL1_fusionBN0_drop0p2__wd1e-04trmiss40_trlocglobal,60,0.6457829773426056,0.6964129209518433,0.6349206349206349,0.659408870301168,0.5333333333333333,0.0,0.0,0.0,0.0,0.0,0.0,0.0,0.0,0.0,,,,,18473,global,0.4
1,4,lr1e-05_bs32_modL1_fusion32_fusionL1_fusionBN0_drop0p2__wd1e-04trmiss40_trlocglobal,32,1e-05,0.0001,1,32,1,False,0.2,lr1e-05_bs32_modL1_fusion32_fusionL1_fusionBN0_drop0p2__wd1e-04trmiss40_trlocglobal,61,0.6549259026845297,0.6964006721973419,0.6408730158730158,0.6623382469589929,0.5333333333333333,0.0,0.0,0.0,0.0,0.0,0.0,0.0,0.0,0.0,,,,,18473,global,0.4
1,4,lr1e-05_bs32_modL1_fusion32_fusionL1_fusionBN0_drop0p2__wd1e-04trmiss40_trlocglobal,32,1e-05,0.0001,1,32,1,False,0.2,lr1e-05_bs32_modL1_fusion32_fusionL1_fusionBN0_drop0p2__wd1e-04trmiss40_trlocglobal,62,0.6409213642279307,0.6962409317493439,0.6408730158730158,0.662047900050999,0.5333333333333333,0.0,0.0,0.0,0.0,0.0,0.0,0.0,0.0,0.0,,,,,18473,global,0.4
1,4,lr1e-05_bs32_modL1_fusion32_fusionL1_fusionBN0_drop0p2__wd1e-04trmiss40_trlocglobal,32,1e-05,0.0001,1,32,1,False,0.2,lr1e-05_bs32_modL1_fusion32_fusionL1_fusionBN0_drop0p2__wd1e-04trmiss40_trlocglobal,63,0.6387602984905243,0.6960881054401398,0.6388888888888888,0.6610062333843324,0.5333333333333333,0.0,0.0,0.0,0.0,0.0,0.0,0.0,0.0,0.0,,,,,18473,global,0.4
1,4,lr1e-05_bs32_modL1_fusion32_fusionL1_fusionBN0_drop0p2__wd1e-04trmiss40_trlocglobal,32,1e-05,0.0001,1,32,1,False,0.2,lr1e-05_bs32_modL1_fusion32_fusionL1_fusionBN0_drop0p2__wd1e-04trmiss40_trlocglobal,64,0.6377427478631338,0.695857435464859,0.6408730158730158,0.662047900050999,0.5333333333333333,0.0,0.0,0.0,0.0,0.0,0.0,0.0,0.0,0.0,,,,,18473,global,0.4
1,4,lr1e-05_bs32_modL1_fusion32_fusionL1_fusionBN0_drop0p2__wd1e-04trmiss40_trlocglobal,32,1e-05,0.0001,1,32,1,False,0.2,lr1e-05_bs32_modL1_fusion32_fusionL1_fusionBN0_drop0p2__wd1e-04trmiss40_trlocglobal,65,0.6435015400250753,0.6957786083221436,0.6408730158730159,0.6631583661672701,0.5333333333333333,0.0,0.0,0.0,0.0,0.0,0.0,0.0,0.0,0.0,,,,,18473,global,0.4
1,4,lr1e-05_bs32_modL1_fusion32_fusionL1_fusionBN0_drop0p2__wd1e-04trmiss40_trlocglobal,32,1e-05,0.0001,1,32,1,False,0.2,lr1e-05_bs32_modL1_fusion32_fusionL1_fusionBN0_drop0p2__wd1e-04trmiss40_trlocglobal,66,0.6446983218193054,0.6957024931907654,0.6408730158730159,0.662789791070434,0.5333333333333333,0.0,0.0,0.0,0.0,0.0,0.0,0.0,0.0,0.0,,,,,18473,global,0.4
1,4,lr1e-05_bs32_modL1_fusion32_fusionL1_fusionBN0_drop0p2__wd1e-04trmiss40_trlocglobal,32,1e-05,0.0001,1,32,1,False,0.2,lr1e-05_bs32_modL1_fusion32_fusionL1_fusionBN0_drop0p2__wd1e-04trmiss40_trlocglobal,67,0.6473608513673147,0.6961263418197632,0.6408730158730159,0.662789791070434,0.5333333333333333,0.0,0.0,0.0,0.0,0.0,0.0,0.0,0.0,0.0,,,,,18473,global,0.4
1,4,lr1e-05_bs32_modL1_fusion32_fusionL1_fusionBN0_drop0p2__wd1e-04trmiss40_trlocglobal,32,1e-05,0.0001,1,32,1,False,0.2,lr1e-05_bs32_modL1_fusion32_fusionL1_fusionBN0_drop0p2__wd1e-04trmiss40_trlocglobal,68,0.645973136027654,0.6956577003002167,0.6428571428571428,0.6638465543554583,0.5333333333333333,0.0,0.0,0.0,0.0,0.0,0.0,0.0,0.0,0.0,,,,,18473,global,0.4
1,4,lr1e-05_bs32_modL1_fusion32_fusionL1_fusionBN0_drop0p2__wd1e-04trmiss40_trlocglobal,32,1e-05,0.0001,1,32,1,False,0.2,lr1e-05_bs32_modL1_fusion32_fusionL1_fusionBN0_drop0p2__wd1e-04trmiss40_trlocglobal,69,0.6473412811756134,0.6956116259098053,0.6388888888888888,0.6614733171476622,0.5333333333333333,0.0,0.0,0.0,0.0,0.0,0.0,0.0,0.0,0.0,,,,,18473,global,0.4
1,4,lr1e-05_bs32_modL1_fusion32_fusionL1_fusionBN0_drop0p2__wd1e-04trmiss40_trlocglobal,32,1e-05,0.0001,1,32,1,False,0.2,lr1e-05_bs32_modL1_fusion32_fusionL1_fusionBN0_drop0p2__wd1e-04trmiss40_trlocglobal,70,0.6476471225420634,0.6955545246601105,0.6408730158730158,0.6627010297103323,0.5333333333333333,0.0,0.0,0.0,0.0,0.0,0.0,0.0,0.0,0.0,,,,,18473,global,0.4
1,4,lr1e-05_bs32_modL1_fusion32_fusionL1_fusionBN0_drop0p2__wd1e-04trmiss40_trlocglobal,32,1e-05,0.0001,1,32,1,False,0.2,lr1e-05_bs32_modL1_fusion32_fusionL1_fusionBN0_drop0p2__wd1e-04trmiss40_trlocglobal,71,0.63515372077624,0.6962138414382935,0.638888888888889,0.657156323912466,0.5333333333333333,0.0,0.0,0.0,0.0,0.0,0.0,0.0,0.0,0.0,,,,,18473,global,0.4
1,4,lr1e-05_bs32_modL1_fusion32_fusionL1_fusionBN0_drop0p2__wd1e-04trmiss40_trlocglobal,32,1e-05,0.0001,1,32,1,False,0.2,lr1e-05_bs32_modL1_fusion32_fusionL1_fusionBN0_drop0p2__wd1e-04trmiss40_trlocglobal,72,0.6490384737650553,0.6955488324165344,0.6369047619047619,0.6557778082195614,0.5333333333333333,0.0,0.0,0.0,0.0,0.0,0.0,0.0,0.0,0.0,,,,,18473,global,0.4
1,4,lr1e-05_bs32_modL1_fusion32_fusionL1_fusionBN0_drop0p2__wd1e-04trmiss40_trlocglobal,32,1e-05,0.0001,1,32,1,False,0.2,lr1e-05_bs32_modL1_fusion32_fusionL1_fusionBN0_drop0p2__wd1e-04trmiss40_trlocglobal,73,0.6479087869326273,0.6955789625644684,0.6369047619047619,0.6557778082195614,0.5333333333333333,0.0,0.0,0.0,0.0,0.0,0.0,0.0,0.0,0.0,,,,,18473,global,0.4
1,4,lr1e-05_bs32_modL1_fusion32_fusionL1_fusionBN0_drop0p2__wd1e-04trmiss40_trlocglobal,32,1e-05,0.0001,1,32,1,False,0.2,lr1e-05_bs32_modL1_fusion32_fusionL1_fusionBN0_drop0p2__wd1e-04trmiss40_trlocglobal,74,0.6443901360034943,0.6953442394733429,0.6349206349206349,0.6550896200313733,0.5333333333333333,0.0,0.0,0.0,0.0,0.0,0.0,0.0,0.0,0.0,,,,,18473,global,0.4
1,4,lr1e-05_bs32_modL1_fusion32_fusionL1_fusionBN0_drop0p2__wd1e-04trmiss40_trlocglobal,32,1e-05,0.0001,1,32,1,False,0.2,lr1e-05_bs32_modL1_fusion32_fusionL1_fusionBN0_drop0p2__wd1e-04trmiss40_trlocglobal,75,0.6466472446918488,0.6956000924110413,0.6428571428571429,0.6632473621330809,0.5333333333333333,0.0,0.0,0.0,0.0,0.0,0.0,0.0,0.0,0.0,,,,,18473,global,0.4
1,4,lr1e-05_bs32_modL1_fusion32_fusionL1_fusionBN0_drop0p2__wd1e-04trmiss40_trlocglobal,32,1e-05,0.0001,1,32,1,False,0.2,lr1e-05_bs32_modL1_fusion32_fusionL1_fusionBN0_drop0p2__wd1e-04trmiss40_trlocglobal,76,0.6516963541507721,0.6959169209003448,0.6408730158730158,0.6610652115284431,0.5333333333333333,0.0,0.0,0.0,0.0,0.0,0.0,0.0,0.0,0.0,,,,,18473,global,0.4
1,4,lr1e-05_bs32_modL1_fusion32_fusionL1_fusionBN0_drop0p2__wd1e-04trmiss40_trlocglobal,32,1e-05,0.0001,1,32,1,False,0.2,lr1e-05_bs32_modL1_fusion32_fusionL1_fusionBN0_drop0p2__wd1e-04trmiss40_trlocglobal,77,0.6497513949871063,0.695812851190567,0.6448412698412699,0.6587046415548211,0.5333333333333333,0.0,0.0,0.0,0.0,0.0,0.0,0.0,0.0,0.0,,,,,18473,global,0.4
1,4,lr1e-05_bs32_modL1_fusion32_fusionL1_fusionBN0_drop0p2__wd1e-04trmiss40_trlocglobal,32,1e-05,0.0001,1,32,1,False,0.2,lr1e-05_bs32_modL1_fusion32_fusionL1_fusionBN0_drop0p2__wd1e-04trmiss40_trlocglobal,78,0.6493633091449738,0.6956025958061218,0.6468253968253969,0.6636142397268032,0.5333333333333333,0.0,0.0,0.0,0.0,0.0,0.0,0.0,0.0,0.0,,,,,18473,global,0.4
1,4,lr1e-05_bs32_modL1_fusion32_fusionL1_fusionBN0_drop0p2__wd1e-04trmiss40_trlocglobal,32,1e-05,0.0001,1,32,1,False,0.2,lr1e-05_bs32_modL1_fusion32_fusionL1_fusionBN0_drop0p2__wd1e-04trmiss40_trlocglobal,79,0.6372506519158682,0.6953427791595459,0.6488095238095238,0.6615335357643268,0.5333333333333333,0.0,0.0,0.0,0.0,0.0,0.0,0.0,0.0,0.0,,,,,18473,global,0.4
1,4,lr1e-05_bs32_modL1_fusion32_fusionL1_fusionBN0_drop0p2__wd1e-04trmiss40_trlocglobal,32,1e-05,0.0001,1,32,1,False,0.2,lr1e-05_bs32_modL1_fusion32_fusionL1_fusionBN0_drop0p2__wd1e-04trmiss40_trlocglobal,80,0.6482512752215067,0.695455938577652,0.6448412698412699,0.6595531271591055,0.5333333333333333,0.0,0.0,0.0,0.0,0.0,0.0,0.0,0.0,0.0,,,,,18473,global,0.4
1,4,lr1e-05_bs32_modL1_fusion32_fusionL1_fusionBN0_drop0p1__wd1e-04trmiss40_trlocglobal,32,1e-05,0.0001,1,32,1,False,0.1,lr1e-05_bs32_modL1_fusion32_fusionL1_fusionBN0_drop0p1__wd1e-04trmiss40_trlocglobal,1,0.6982991198698679,0.6921639442443848,0.4662698412698413,0.5505640243940233,0.5555555555555556,0.0,0.0,0.0,0.0,0.0,0.0,0.0,0.0,0.0,,,,,18473,global,0.4
1,4,lr1e-05_bs32_modL1_fusion32_fusionL1_fusionBN0_drop0p1__wd1e-04trmiss40_trlocglobal,32,1e-05,0.0001,1,32,1,False,0.1,lr1e-05_bs32_modL1_fusion32_fusionL1_fusionBN0_drop0p1__wd1e-04trmiss40_trlocglobal,2,0.6882711152235667,0.6914792656898499,0.4841269841269842,0.5550008732427716,0.4666666666666667,0.0,0.0,0.0,0.0,0.0,0.0,0.0,0.0,0.0,,,,,18473,global,0.4
1,4,lr1e-05_bs32_modL1_fusion32_fusionL1_fusionBN0_drop0p1__wd1e-04trmiss40_trlocglobal,32,1e-05,0.0001,1,32,1,False,0.1,lr1e-05_bs32_modL1_fusion32_fusionL1_fusionBN0_drop0p1__wd1e-04trmiss40_trlocglobal,3,0.6960720221201578,0.6909340620040894,0.498015873015873,0.5675492426683443,0.4444444444444444,0.0,0.0,0.0,0.0,0.0,0.0,0.0,0.0,0.0,,,,,18473,global,0.4
1,4,lr1e-05_bs32_modL1_fusion32_fusionL1_fusionBN0_drop0p1__wd1e-04trmiss40_trlocglobal,32,1e-05,0.0001,1,32,1,False,0.1,lr1e-05_bs32_modL1_fusion32_fusionL1_fusionBN0_drop0p1__wd1e-04trmiss40_trlocglobal,4,0.6901440421740214,0.689951628446579,0.5079365079365079,0.5786498370325709,0.5111111111111111,0.0,0.0,0.0,0.0,0.0,0.0,0.0,0.0,0.0,,,,,18473,global,0.4
1,4,lr1e-05_bs32_modL1_fusion32_fusionL1_fusionBN0_drop0p1__wd1e-04trmiss40_trlocglobal,32,1e-05,0.0001,1,32,1,False,0.1,lr1e-05_bs32_modL1_fusion32_fusionL1_fusionBN0_drop0p1__wd1e-04trmiss40_trlocglobal,5,0.691116859515508,0.6893598437309265,0.5198412698412699,0.5892490568129788,0.5111111111111111,0.0,0.0,0.0,0.0,0.0,0.0,0.0,0.0,0.0,,,,,18473,global,0.4
1,4,lr1e-05_bs32_modL1_fusion32_fusionL1_fusionBN0_drop0p1__wd1e-04trmiss40_trlocglobal,32,1e-05,0.0001,1,32,1,False,0.1,lr1e-05_bs32_modL1_fusion32_fusionL1_fusionBN0_drop0p1__wd1e-04trmiss40_trlocglobal,6,0.688822070757548,0.6893241703510284,0.5119047619047619,0.5836275724040624,0.5111111111111111,0.0,0.0,0.0,0.0,0.0,0.0,0.0,0.0,0.0,,,,,18473,global,0.4
1,4,lr1e-05_bs32_modL1_fusion32_fusionL1_fusionBN0_drop0p1__wd1e-04trmiss40_trlocglobal,32,1e-05,0.0001,1,32,1,False,0.1,lr1e-05_bs32_modL1_fusion32_fusionL1_fusionBN0_drop0p1__wd1e-04trmiss40_trlocglobal,7,0.6836798290411631,0.6891008019447327,0.511904761904762,0.5850799640881474,0.5111111111111111,0.0,0.0,0.0,0.0,0.0,0.0,0.0,0.0,0.0,,,,,18473,global,0.4
1,4,lr1e-05_bs32_modL1_fusion32_fusionL1_fusionBN0_drop0p1__wd1e-04trmiss40_trlocglobal,32,1e-05,0.0001,1,32,1,False,0.1,lr1e-05_bs32_modL1_fusion32_fusionL1_fusionBN0_drop0p1__wd1e-04trmiss40_trlocglobal,8,0.683744748433431,0.6887743175029755,0.5158730158730159,0.6009937568486827,0.4888888888888889,0.0,0.0,0.0,0.0,0.0,0.0,0.0,0.0,0.0,,,,,18473,global,0.4
1,4,lr1e-05_bs32_modL1_fusion32_fusionL1_fusionBN0_drop0p1__wd1e-04trmiss40_trlocglobal,32,1e-05,0.0001,1,32,1,False,0.1,lr1e-05_bs32_modL1_fusion32_fusionL1_fusionBN0_drop0p1__wd1e-04trmiss40_trlocglobal,9,0.6883421440919241,0.688062459230423,0.5198412698412699,0.6043758582524626,0.4888888888888889,0.0,0.0,0.0,0.0,0.0,0.0,0.0,0.0,0.0,,,,,18473,global,0.4
1,4,lr1e-05_bs32_modL1_fusion32_fusionL1_fusionBN0_drop0p1__wd1e-04trmiss40_trlocglobal,32,1e-05,0.0001,1,32,1,False,0.1,lr1e-05_bs32_modL1_fusion32_fusionL1_fusionBN0_drop0p1__wd1e-04trmiss40_trlocglobal,10,0.6849046250184377,0.6875194311141968,0.5178571428571429,0.606109170438361,0.4888888888888889,0.0,0.0,0.0,0.0,0.0,0.0,0.0,0.0,0.0,,,,,18473,global,0.4
1,4,lr1e-05_bs32_modL1_fusion32_fusionL1_fusionBN0_drop0p1__wd1e-04trmiss40_trlocglobal,32,1e-05,0.0001,1,32,1,False,0.1,lr1e-05_bs32_modL1_fusion32_fusionL1_fusionBN0_drop0p1__wd1e-04trmiss40_trlocglobal,11,0.674923171599706,0.6873579621315002,0.5238095238095238,0.6078246190191346,0.4888888888888889,0.0,0.0,0.0,0.0,0.0,0.0,0.0,0.0,0.0,,,,,18473,global,0.4
1,4,lr1e-05_bs32_modL1_fusion32_fusionL1_fusionBN0_drop0p1__wd1e-04trmiss40_trlocglobal,32,1e-05,0.0001,1,32,1,False,0.1,lr1e-05_bs32_modL1_fusion32_fusionL1_fusionBN0_drop0p1__wd1e-04trmiss40_trlocglobal,12,0.6829843620459238,0.6864988505840302,0.5257936507936508,0.6097269442767231,0.4888888888888889,0.0,0.0,0.0,0.0,0.0,0.0,0.0,0.0,0.0,,,,,18473,global,0.4
1,4,lr1e-05_bs32_modL1_fusion32_fusionL1_fusionBN0_drop0p1__wd1e-04trmiss40_trlocglobal,32,1e-05,0.0001,1,32,1,False,0.1,lr1e-05_bs32_modL1_fusion32_fusionL1_fusionBN0_drop0p1__wd1e-04trmiss40_trlocglobal,13,0.6763189534346262,0.686236560344696,0.5158730158730159,0.6000787519672405,0.4888888888888889,0.0,0.0,0.0,0.0,0.0,0.0,0.0,0.0,0.0,,,,,18473,global,0.4
1,4,lr1e-05_bs32_modL1_fusion32_fusionL1_fusionBN0_drop0p1__wd1e-04trmiss40_trlocglobal,32,1e-05,0.0001,1,32,1,False,0.1,lr1e-05_bs32_modL1_fusion32_fusionL1_fusionBN0_drop0p1__wd1e-04trmiss40_trlocglobal,14,0.6812391181786855,0.6854895949363708,0.5218253968253969,0.6029680225195545,0.4888888888888889,0.0,0.0,0.0,0.0,0.0,0.0,0.0,0.0,0.0,,,,,18473,global,0.4
1,4,lr1e-05_bs32_modL1_fusion32_fusionL1_fusionBN0_drop0p1__wd1e-04trmiss40_trlocglobal,32,1e-05,0.0001,1,32,1,False,0.1,lr1e-05_bs32_modL1_fusion32_fusionL1_fusionBN0_drop0p1__wd1e-04trmiss40_trlocglobal,15,0.6710043450196584,0.6856118142604828,0.521825396825397,0.606869582239155,0.4888888888888889,0.0,0.0,0.0,0.0,0.0,0.0,0.0,0.0,0.0,,,,,18473,global,0.4
1,4,lr1e-05_bs32_modL1_fusion32_fusionL1_fusionBN0_drop0p1__wd1e-04trmiss40_trlocglobal,32,1e-05,0.0001,1,32,1,False,0.1,lr1e-05_bs32_modL1_fusion32_fusionL1_fusionBN0_drop0p1__wd1e-04trmiss40_trlocglobal,16,0.6759786208470663,0.684799462556839,0.5218253968253969,0.6070290299543218,0.5111111111111111,0.0,0.0,0.0,0.0,0.0,0.0,0.0,0.0,0.0,,,,,18473,global,0.4
1,4,lr1e-05_bs32_modL1_fusion32_fusionL1_fusionBN0_drop0p1__wd1e-04trmiss40_trlocglobal,32,1e-05,0.0001,1,32,1,False,0.1,lr1e-05_bs32_modL1_fusion32_fusionL1_fusionBN0_drop0p1__wd1e-04trmiss40_trlocglobal,17,0.6700819631417593,0.6842361986637115,0.5277777777777779,0.6157827207575567,0.5111111111111111,0.0,0.0,0.0,0.0,0.0,0.0,0.0,0.0,0.0,,,,,18473,global,0.4
1,4,lr1e-05_bs32_modL1_fusion32_fusionL1_fusionBN0_drop0p1__wd1e-04trmiss40_trlocglobal,32,1e-05,0.0001,1,32,1,False,0.1,lr1e-05_bs32_modL1_fusion32_fusionL1_fusionBN0_drop0p1__wd1e-04trmiss40_trlocglobal,18,0.671936959028244,0.684025764465332,0.5277777777777778,0.6155385923994166,0.5333333333333333,0.0,0.0,0.0,0.0,0.0,0.0,0.0,0.0,0.0,,,,,18473,global,0.4
1,4,lr1e-05_bs32_modL1_fusion32_fusionL1_fusionBN0_drop0p1__wd1e-04trmiss40_trlocglobal,32,1e-05,0.0001,1,32,1,False,0.1,lr1e-05_bs32_modL1_fusion32_fusionL1_fusionBN0_drop0p1__wd1e-04trmiss40_trlocglobal,19,0.6686171591281891,0.6837730407714844,0.5297619047619048,0.6154953146974819,0.5333333333333333,0.0,0.0,0.0,0.0,0.0,0.0,0.0,0.0,0.0,,,,,18473,global,0.4
1,4,lr1e-05_bs32_modL1_fusion32_fusionL1_fusionBN0_drop0p1__wd1e-04trmiss40_trlocglobal,32,1e-05,0.0001,1,32,1,False,0.1,lr1e-05_bs32_modL1_fusion32_fusionL1_fusionBN0_drop0p1__wd1e-04trmiss40_trlocglobal,20,0.667789618174235,0.6833055913448334,0.5277777777777778,0.6149181264147014,0.5333333333333333,0.0,0.0,0.0,0.0,0.0,0.0,0.0,0.0,0.0,,,,,18473,global,0.4
1,4,lr1e-05_bs32_modL1_fusion32_fusionL1_fusionBN0_drop0p1__wd1e-04trmiss40_trlocglobal,32,1e-05,0.0001,1,32,1,False,0.1,lr1e-05_bs32_modL1_fusion32_fusionL1_fusionBN0_drop0p1__wd1e-04trmiss40_trlocglobal,21,0.6661961376667023,0.6833813190460205,0.5257936507936508,0.612581606972919,0.5111111111111111,0.0,0.0,0.0,0.0,0.0,0.0,0.0,0.0,0.0,,,,,18473,global,0.4
1,4,lr1e-05_bs32_modL1_fusion32_fusionL1_fusionBN0_drop0p1__wd1e-04trmiss40_trlocglobal,32,1e-05,0.0001,1,32,1,False,0.1,lr1e-05_bs32_modL1_fusion32_fusionL1_fusionBN0_drop0p1__wd1e-04trmiss40_trlocglobal,22,0.6687822540601095,0.6831841766834259,0.5257936507936508,0.6133031076944196,0.5111111111111111,0.0,0.0,0.0,0.0,0.0,0.0,0.0,0.0,0.0,,,,,18473,global,0.4
1,4,lr1e-05_bs32_modL1_fusion32_fusionL1_fusionBN0_drop0p1__wd1e-04trmiss40_trlocglobal,32,1e-05,0.0001,1,32,1,False,0.1,lr1e-05_bs32_modL1_fusion32_fusionL1_fusionBN0_drop0p1__wd1e-04trmiss40_trlocglobal,23,0.6631563504536947,0.682900995016098,0.5277777777777779,0.6149447028142756,0.5111111111111111,0.0,0.0,0.0,0.0,0.0,0.0,0.0,0.0,0.0,,,,,18473,global,0.4
1,4,lr1e-05_bs32_modL1_fusion32_fusionL1_fusionBN0_drop0p1__wd1e-04trmiss40_trlocglobal,32,1e-05,0.0001,1,32,1,False,0.1,lr1e-05_bs32_modL1_fusion32_fusionL1_fusionBN0_drop0p1__wd1e-04trmiss40_trlocglobal,24,0.6621764699618021,0.682749480009079,0.5317460317460319,0.6155900071756503,0.5333333333333333,0.0,0.0,0.0,0.0,0.0,0.0,0.0,0.0,0.0,,,,,18473,global,0.4
1,4,lr1e-05_bs32_modL1_fusion32_fusionL1_fusionBN0_drop0p1__wd1e-04trmiss40_trlocglobal,32,1e-05,0.0001,1,32,1,False,0.1,lr1e-05_bs32_modL1_fusion32_fusionL1_fusionBN0_drop0p1__wd1e-04trmiss40_trlocglobal,25,0.6620023846626282,0.6825213730335236,0.5317460317460319,0.6168154973717287,0.5333333333333333,0.0,0.0,0.0,0.0,0.0,0.0,0.0,0.0,0.0,,,,,18473,global,0.4
1,4,lr1e-05_bs32_modL1_fusion32_fusionL1_fusionBN0_drop0p1__wd1e-04trmiss40_trlocglobal,32,1e-05,0.0001,1,32,1,False,0.1,lr1e-05_bs32_modL1_fusion32_fusionL1_fusionBN0_drop0p1__wd1e-04trmiss40_trlocglobal,26,0.6620414157708486,0.6821098923683167,0.5337301587301588,0.6177549855992099,0.5111111111111111,0.0,0.0,0.0,0.0,0.0,0.0,0.0,0.0,0.0,,,,,18473,global,0.4
1,4,lr1e-05_bs32_modL1_fusion32_fusionL1_fusionBN0_drop0p1__wd1e-04trmiss40_trlocglobal,32,1e-05,0.0001,1,32,1,False,0.1,lr1e-05_bs32_modL1_fusion32_fusionL1_fusionBN0_drop0p1__wd1e-04trmiss40_trlocglobal,27,0.6618555386861166,0.681460440158844,0.5376984126984127,0.6214833758407581,0.5111111111111111,0.0,0.0,0.0,0.0,0.0,0.0,0.0,0.0,0.0,,,,,18473,global,0.4
1,4,lr1e-05_bs32_modL1_fusion32_fusionL1_fusionBN0_drop0p1__wd1e-04trmiss40_trlocglobal,32,1e-05,0.0001,1,32,1,False,0.1,lr1e-05_bs32_modL1_fusion32_fusionL1_fusionBN0_drop0p1__wd1e-04trmiss40_trlocglobal,28,0.6565074821313223,0.6811342835426331,0.5376984126984128,0.6216597449720547,0.5111111111111111,0.0,0.0,0.0,0.0,0.0,0.0,0.0,0.0,0.0,,,,,18473,global,0.4
1,4,lr1e-05_bs32_modL1_fusion32_fusionL1_fusionBN0_drop0p1__wd1e-04trmiss40_trlocglobal,32,1e-05,0.0001,1,32,1,False,0.1,lr1e-05_bs32_modL1_fusion32_fusionL1_fusionBN0_drop0p1__wd1e-04trmiss40_trlocglobal,29,0.6567313075065613,0.680888831615448,0.5476190476190477,0.6295564191612986,0.5111111111111111,0.0,0.0,0.0,0.0,0.0,0.0,0.0,0.0,0.0,,,,,18473,global,0.4
1,4,lr1e-05_bs32_modL1_fusion32_fusionL1_fusionBN0_drop0p1__wd1e-04trmiss40_trlocglobal,32,1e-05,0.0001,1,32,1,False,0.1,lr1e-05_bs32_modL1_fusion32_fusionL1_fusionBN0_drop0p1__wd1e-04trmiss40_trlocglobal,30,0.6559701561927795,0.6812514662742615,0.5476190476190477,0.6296020156623624,0.5111111111111111,0.0,0.0,0.0,0.0,0.0,0.0,0.0,0.0,0.0,,,,,18473,global,0.4
1,4,lr1e-05_bs32_modL1_fusion32_fusionL1_fusionBN0_drop0p1__wd1e-04trmiss40_trlocglobal,32,1e-05,0.0001,1,32,1,False,0.1,lr1e-05_bs32_modL1_fusion32_fusionL1_fusionBN0_drop0p1__wd1e-04trmiss40_trlocglobal,31,0.6526848077774048,0.6809410452842712,0.5535714285714286,0.6374227916561541,0.5111111111111111,0.0,0.0,0.0,0.0,0.0,0.0,0.0,0.0,0.0,,,,,18473,global,0.4
1,4,lr1e-05_bs32_modL1_fusion32_fusionL1_fusionBN0_drop0p1__wd1e-04trmiss40_trlocglobal,32,1e-05,0.0001,1,32,1,False,0.1,lr1e-05_bs32_modL1_fusion32_fusionL1_fusionBN0_drop0p1__wd1e-04trmiss40_trlocglobal,32,0.6571356554826101,0.6806420683860779,0.5535714285714286,0.6346190186317928,0.5111111111111111,0.0,0.0,0.0,0.0,0.0,0.0,0.0,0.0,0.0,,,,,18473,global,0.4
1,4,lr1e-05_bs32_modL1_fusion32_fusionL1_fusionBN0_drop0p1__wd1e-04trmiss40_trlocglobal,32,1e-05,0.0001,1,32,1,False,0.1,lr1e-05_bs32_modL1_fusion32_fusionL1_fusionBN0_drop0p1__wd1e-04trmiss40_trlocglobal,33,0.6506570974985758,0.6801418364048004,0.5535714285714286,0.6376225209774005,0.5111111111111111,0.0,0.0,0.0,0.0,0.0,0.0,0.0,0.0,0.0,,,,,18473,global,0.4
1,4,lr1e-05_bs32_modL1_fusion32_fusionL1_fusionBN0_drop0p1__wd1e-04trmiss40_trlocglobal,32,1e-05,0.0001,1,32,1,False,0.1,lr1e-05_bs32_modL1_fusion32_fusionL1_fusionBN0_drop0p1__wd1e-04trmiss40_trlocglobal,34,0.649801641702652,0.6798218488693237,0.5615079365079366,0.6424557590972098,0.5333333333333333,0.0,0.0,0.0,0.0,0.0,0.0,0.0,0.0,0.0,,,,,18473,global,0.4
1,4,lr1e-05_bs32_modL1_fusion32_fusionL1_fusionBN0_drop0p1__wd1e-04trmiss40_trlocglobal,32,1e-05,0.0001,1,32,1,False,0.1,lr1e-05_bs32_modL1_fusion32_fusionL1_fusionBN0_drop0p1__wd1e-04trmiss40_trlocglobal,35,0.6473657886187235,0.6800507009029388,0.5595238095238095,0.6372625223822339,0.5111111111111111,0.0,0.0,0.0,0.0,0.0,0.0,0.0,0.0,0.0,,,,,18473,global,0.4
1,4,lr1e-05_bs32_modL1_fusion32_fusionL1_fusionBN0_drop0p1__wd1e-04trmiss40_trlocglobal,32,1e-05,0.0001,1,32,1,False,0.1,lr1e-05_bs32_modL1_fusion32_fusionL1_fusionBN0_drop0p1__wd1e-04trmiss40_trlocglobal,36,0.651379774014155,0.6797283589839935,0.5575396825396826,0.6359389449113522,0.5333333333333333,0.0,0.0,0.0,0.0,0.0,0.0,0.0,0.0,0.0,,,,,18473,global,0.4
1,4,lr1e-05_bs32_modL1_fusion32_fusionL1_fusionBN0_drop0p1__wd1e-04trmiss40_trlocglobal,32,1e-05,0.0001,1,32,1,False,0.1,lr1e-05_bs32_modL1_fusion32_fusionL1_fusionBN0_drop0p1__wd1e-04trmiss40_trlocglobal,37,0.6537892321745554,0.6794515550136566,0.5654761904761905,0.6532977270609297,0.5333333333333333,0.0,0.0,0.0,0.0,0.0,0.0,0.0,0.0,0.0,,,,,18473,global,0.4
1,4,lr1e-05_bs32_modL1_fusion32_fusionL1_fusionBN0_drop0p1__wd1e-04trmiss40_trlocglobal,32,1e-05,0.0001,1,32,1,False,0.1,lr1e-05_bs32_modL1_fusion32_fusionL1_fusionBN0_drop0p1__wd1e-04trmiss40_trlocglobal,38,0.6530838509400686,0.6791717410087585,0.5634920634920635,0.6527073087073535,0.5111111111111111,0.0,0.0,0.0,0.0,0.0,0.0,0.0,0.0,0.0,,,,,18473,global,0.4
1,4,lr1e-05_bs32_modL1_fusion32_fusionL1_fusionBN0_drop0p1__wd1e-04trmiss40_trlocglobal,32,1e-05,0.0001,1,32,1,False,0.1,lr1e-05_bs32_modL1_fusion32_fusionL1_fusionBN0_drop0p1__wd1e-04trmiss40_trlocglobal,39,0.6511889596780142,0.6795504093170166,0.5654761904761905,0.6575391080332543,0.4888888888888889,0.0,0.0,0.0,0.0,0.0,0.0,0.0,0.0,0.0,,,,,18473,global,0.4
1,4,lr1e-05_bs32_modL1_fusion32_fusionL1_fusionBN0_drop0p1__wd1e-04trmiss40_trlocglobal,32,1e-05,0.0001,1,32,1,False,0.1,lr1e-05_bs32_modL1_fusion32_fusionL1_fusionBN0_drop0p1__wd1e-04trmiss40_trlocglobal,40,0.645346055428187,0.6791591048240662,0.5654761904761905,0.6550391080332544,0.4888888888888889,0.0,0.0,0.0,0.0,0.0,0.0,0.0,0.0,0.0,,,,,18473,global,0.4
1,4,lr1e-05_bs32_modL1_fusion32_fusionL1_fusionBN0_drop0p1__wd1e-04trmiss40_trlocglobal,32,1e-05,0.0001,1,32,1,False,0.1,lr1e-05_bs32_modL1_fusion32_fusionL1_fusionBN0_drop0p1__wd1e-04trmiss40_trlocglobal,41,0.6465093791484833,0.6791726052761078,0.5634920634920635,0.6551600360340842,0.4888888888888889,0.0,0.0,0.0,0.0,0.0,0.0,0.0,0.0,0.0,,,,,18473,global,0.4
1,4,lr1e-05_bs32_modL1_fusion32_fusionL1_fusionBN0_drop0p1__wd1e-04trmiss40_trlocglobal,32,1e-05,0.0001,1,32,1,False,0.1,lr1e-05_bs32_modL1_fusion32_fusionL1_fusionBN0_drop0p1__wd1e-04trmiss40_trlocglobal,42,0.6451573173205057,0.6790168285369873,0.5654761904761905,0.6578144412101332,0.4888888888888889,0.0,0.0,0.0,0.0,0.0,0.0,0.0,0.0,0.0,,,,,18473,global,0.4
1,4,lr1e-05_bs32_modL1_fusion32_fusionL1_fusionBN0_drop0p1__wd1e-04trmiss40_trlocglobal,32,1e-05,0.0001,1,32,1,False,0.1,lr1e-05_bs32_modL1_fusion32_fusionL1_fusionBN0_drop0p1__wd1e-04trmiss40_trlocglobal,43,0.6519850591818491,0.6789443492889404,0.5694444444444444,0.6591745639972071,0.5111111111111111,0.0,0.0,0.0,0.0,0.0,0.0,0.0,0.0,0.0,,,,,18473,global,0.4
1,4,lr1e-05_bs32_modL1_fusion32_fusionL1_fusionBN0_drop0p1__wd1e-04trmiss40_trlocglobal,32,1e-05,0.0001,1,32,1,False,0.1,lr1e-05_bs32_modL1_fusion32_fusionL1_fusionBN0_drop0p1__wd1e-04trmiss40_trlocglobal,44,0.6454326212406158,0.6786563098430634,0.5674603174603174,0.6584605182982823,0.4888888888888889,0.0,0.0,0.0,0.0,0.0,0.0,0.0,0.0,0.0,,,,,18473,global,0.4
1,4,lr1e-05_bs32_modL1_fusion32_fusionL1_fusionBN0_drop0p1__wd1e-04trmiss40_trlocglobal,32,1e-05,0.0001,1,32,1,False,0.1,lr1e-05_bs32_modL1_fusion32_fusionL1_fusionBN0_drop0p1__wd1e-04trmiss40_trlocglobal,45,0.6459145148595175,0.6781459748744965,0.5674603174603174,0.6584605182982823,0.5111111111111111,0.0,0.0,0.0,0.0,0.0,0.0,0.0,0.0,0.0,,,,,18473,global,0.4
1,4,lr1e-05_bs32_modL1_fusion32_fusionL1_fusionBN0_drop0p1__wd1e-04trmiss40_trlocglobal,32,1e-05,0.0001,1,32,1,False,0.1,lr1e-05_bs32_modL1_fusion32_fusionL1_fusionBN0_drop0p1__wd1e-04trmiss40_trlocglobal,46,0.6420502165953318,0.6780122816562653,0.5793650793650793,0.6663857898175015,0.5111111111111111,0.0,0.0,0.0,0.0,0.0,0.0,0.0,0.0,0.0,,,,,18473,global,0.4
1,4,lr1e-05_bs32_modL1_fusion32_fusionL1_fusionBN0_drop0p1__wd1e-04trmiss40_trlocglobal,32,1e-05,0.0001,1,32,1,False,0.1,lr1e-05_bs32_modL1_fusion32_fusionL1_fusionBN0_drop0p1__wd1e-04trmiss40_trlocglobal,47,0.6417539318402609,0.677822470664978,0.5813492063492064,0.6694160928478046,0.4888888888888889,0.0,0.0,0.0,0.0,0.0,0.0,0.0,0.0,0.0,,,,,18473,global,0.4
1,4,lr1e-05_bs32_modL1_fusion32_fusionL1_fusionBN0_drop0p1__wd1e-04trmiss40_trlocglobal,32,1e-05,0.0001,1,32,1,False,0.1,lr1e-05_bs32_modL1_fusion32_fusionL1_fusionBN0_drop0p1__wd1e-04trmiss40_trlocglobal,48,0.6439098715782166,0.678089052438736,0.5753968253968254,0.666583584476403,0.5111111111111111,0.0,0.0,0.0,0.0,0.0,0.0,0.0,0.0,0.0,,,,,18473,global,0.4
1,4,lr1e-05_bs32_modL1_fusion32_fusionL1_fusionBN0_drop0p1__wd1e-04trmiss40_trlocglobal,32,1e-05,0.0001,1,32,1,False,0.1,lr1e-05_bs32_modL1_fusion32_fusionL1_fusionBN0_drop0p1__wd1e-04trmiss40_trlocglobal,49,0.641141007343928,0.6781714260578156,0.5773809523809523,0.6650902282955468,0.5111111111111111,0.0,0.0,0.0,0.0,0.0,0.0,0.0,0.0,0.0,,,,,18473,global,0.4
1,4,lr1e-05_bs32_modL1_fusion32_fusionL1_fusionBN0_drop0p1__wd1e-04trmiss40_trlocglobal,32,1e-05,0.0001,1,32,1,False,0.1,lr1e-05_bs32_modL1_fusion32_fusionL1_fusionBN0_drop0p1__wd1e-04trmiss40_trlocglobal,50,0.6485441625118256,0.6783312261104584,0.5793650793650794,0.6645003454688219,0.5111111111111111,0.0,0.0,0.0,0.0,0.0,0.0,0.0,0.0,0.0,,,,,18473,global,0.4
1,4,lr1e-05_bs32_modL1_fusion32_fusionL1_fusionBN0_drop0p1__wd1e-04trmiss40_trlocglobal,32,1e-05,0.0001,1,32,1,False,0.1,lr1e-05_bs32_modL1_fusion32_fusionL1_fusionBN0_drop0p1__wd1e-04trmiss40_trlocglobal,51,0.6414273381233215,0.6777370274066925,0.5833333333333334,0.6714765324082441,0.5111111111111111,0.0,0.0,0.0,0.0,0.0,0.0,0.0,0.0,0.0,,,,,18473,global,0.4
1,4,lr1e-05_bs32_modL1_fusion32_fusionL1_fusionBN0_drop0p1__wd1e-04trmiss40_trlocglobal,32,1e-05,0.0001,1,32,1,False,0.1,lr1e-05_bs32_modL1_fusion32_fusionL1_fusionBN0_drop0p1__wd1e-04trmiss40_trlocglobal,52,0.6396361490090688,0.6778298616409302,0.5753968253968255,0.6672519062552642,0.4888888888888889,0.0,0.0,0.0,0.0,0.0,0.0,0.0,0.0,0.0,,,,,18473,global,0.4
1,4,lr1e-05_bs32_modL1_fusion32_fusionL1_fusionBN0_drop0p1__wd1e-04trmiss40_trlocglobal,32,1e-05,0.0001,1,32,1,False,0.1,lr1e-05_bs32_modL1_fusion32_fusionL1_fusionBN0_drop0p1__wd1e-04trmiss40_trlocglobal,53,0.6438534557819366,0.6777020990848541,0.5793650793650794,0.6702117159101204,0.5111111111111111,0.0,0.0,0.0,0.0,0.0,0.0,0.0,0.0,0.0,,,,,18473,global,0.4
1,4,lr1e-05_bs32_modL1_fusion32_fusionL1_fusionBN0_drop0p1__wd1e-04trmiss40_trlocglobal,32,1e-05,0.0001,1,32,1,False,0.1,lr1e-05_bs32_modL1_fusion32_fusionL1_fusionBN0_drop0p1__wd1e-04trmiss40_trlocglobal,54,0.6440429389476776,0.6778297126293182,0.5753968253968254,0.6655619022991761,0.5111111111111111,0.0,0.0,0.0,0.0,0.0,0.0,0.0,0.0,0.0,,,,,18473,global,0.4
1,4,lr1e-05_bs32_modL1_fusion32_fusionL1_fusionBN0_drop0p1__wd1e-04trmiss40_trlocglobal,32,1e-05,0.0001,1,32,1,False,0.1,lr1e-05_bs32_modL1_fusion32_fusionL1_fusionBN0_drop0p1__wd1e-04trmiss40_trlocglobal,55,0.6423982679843903,0.6776648759841919,0.5813492063492064,0.6681779571807895,0.5111111111111111,0.0,0.0,0.0,0.0,0.0,0.0,0.0,0.0,0.0,,,,,18473,global,0.4
1,4,lr1e-05_bs32_modL1_fusion32_fusionL1_fusionBN0_drop0p1__wd1e-04trmiss40_trlocglobal,32,1e-05,0.0001,1,32,1,False,0.1,lr1e-05_bs32_modL1_fusion32_fusionL1_fusionBN0_drop0p1__wd1e-04trmiss40_trlocglobal,56,0.6407064497470856,0.6775993704795837,0.5773809523809523,0.6668385662077779,0.5111111111111111,0.0,0.0,0.0,0.0,0.0,0.0,0.0,0.0,0.0,,,,,18473,global,0.4
1,4,lr1e-05_bs32_modL1_fusion32_fusionL1_fusionBN0_drop0p1__wd1e-04trmiss40_trlocglobal,32,1e-05,0.0001,1,32,1,False,0.1,lr1e-05_bs32_modL1_fusion32_fusionL1_fusionBN0_drop0p1__wd1e-04trmiss40_trlocglobal,57,0.6395670771598816,0.678164154291153,0.5694444444444444,0.6602583244873499,0.5111111111111111,0.0,0.0,0.0,0.0,0.0,0.0,0.0,0.0,0.0,,,,,18473,global,0.4
1,4,lr1e-05_bs32_modL1_fusion32_fusionL1_fusionBN0_drop0p1__wd1e-04trmiss40_trlocglobal,32,1e-05,0.0001,1,32,1,False,0.1,lr1e-05_bs32_modL1_fusion32_fusionL1_fusionBN0_drop0p1__wd1e-04trmiss40_trlocglobal,58,0.6382053395112356,0.6781482994556427,0.5714285714285714,0.6609685517600772,0.5111111111111111,0.0,0.0,0.0,0.0,0.0,0.0,0.0,0.0,0.0,,,,,18473,global,0.4
1,4,lr1e-05_bs32_modL1_fusion32_fusionL1_fusionBN0_drop0p1__wd1e-04trmiss40_trlocglobal,32,1e-05,0.0001,1,32,1,False,0.1,lr1e-05_bs32_modL1_fusion32_fusionL1_fusionBN0_drop0p1__wd1e-04trmiss40_trlocglobal,59,0.6348236997922262,0.6781175136566162,0.5714285714285714,0.6595272897362847,0.5111111111111111,0.0,0.0,0.0,0.0,0.0,0.0,0.0,0.0,0.0,,,,,18473,global,0.4
1,4,lr1e-05_bs32_modL1_fusion32_fusionL1_fusionBN0_drop0p1__wd1e-04trmiss40_trlocglobal,32,1e-05,0.0001,1,32,1,False,0.1,lr1e-05_bs32_modL1_fusion32_fusionL1_fusionBN0_drop0p1__wd1e-04trmiss40_trlocglobal,60,0.6416406333446503,0.678035169839859,0.5654761904761905,0.657047963082329,0.5111111111111111,0.0,0.0,0.0,0.0,0.0,0.0,0.0,0.0,0.0,,,,,18473,global,0.4
1,4,lr1e-05_bs32_modL1_fusion32_fusionL1_fusionBN0_drop0p1__wd1e-04trmiss40_trlocglobal,32,1e-05,0.0001,1,32,1,False,0.1,lr1e-05_bs32_modL1_fusion32_fusionL1_fusionBN0_drop0p1__wd1e-04trmiss40_trlocglobal,61,0.6459616919358572,0.6781221032142639,0.5674603174603174,0.6591847152190812,0.5111111111111111,0.0,0.0,0.0,0.0,0.0,0.0,0.0,0.0,0.0,,,,,18473,global,0.4
1,4,lr1e-05_bs32_modL1_fusion32_fusionL1_fusionBN0_drop0p1__wd1e-04trmiss40_trlocglobal,32,1e-05,0.0001,1,32,1,False,0.1,lr1e-05_bs32_modL1_fusion32_fusionL1_fusionBN0_drop0p1__wd1e-04trmiss40_trlocglobal,62,0.6384717722733816,0.6787033975124359,0.5674603174603174,0.6591847152190812,0.4888888888888889,0.0,0.0,0.0,0.0,0.0,0.0,0.0,0.0,0.0,,,,,18473,global,0.4
1,4,lr1e-05_bs32_modL1_fusion32_fusionL1_fusionBN0_drop0p1__wd1e-04trmiss40_trlocglobal,32,1e-05,0.0001,1,32,1,False,0.1,lr1e-05_bs32_modL1_fusion32_fusionL1_fusionBN0_drop0p1__wd1e-04trmiss40_trlocglobal,63,0.643033891916275,0.6780174076557159,0.5753968253968254,0.6642391849939457,0.5111111111111111,0.0,0.0,0.0,0.0,0.0,0.0,0.0,0.0,0.0,,,,,18473,global,0.4
1,4,lr1e-05_bs32_modL1_fusion32_fusionL1_fusionBN0_drop0p1__wd1e-04trmiss40_trlocglobal,32,1e-05,0.0001,1,32,1,False,0.1,lr1e-05_bs32_modL1_fusion32_fusionL1_fusionBN0_drop0p1__wd1e-04trmiss40_trlocglobal,64,0.6376621425151825,0.6779274046421051,0.5813492063492064,0.6689408614515205,0.5111111111111111,0.0,0.0,0.0,0.0,0.0,0.0,0.0,0.0,0.0,,,,,18473,global,0.4
1,4,lr1e-05_bs32_modL1_fusion32_fusionL1_fusionBN0_drop0p1__wd1e-04trmiss40_trlocglobal,32,1e-05,0.0001,1,32,1,False,0.1,lr1e-05_bs32_modL1_fusion32_fusionL1_fusionBN0_drop0p1__wd1e-04trmiss40_trlocglobal,65,0.640421470006307,0.6778705418109894,0.5753968253968254,0.6628774118364068,0.5111111111111111,0.0,0.0,0.0,0.0,0.0,0.0,0.0,0.0,0.0,,,,,18473,global,0.4
1,4,lr1e-05_bs32_modL1_fusion32_fusionL1_fusionBN0_drop0p1__wd1e-04trmiss40_trlocglobal,32,1e-05,0.0001,1,32,1,False,0.1,lr1e-05_bs32_modL1_fusion32_fusionL1_fusionBN0_drop0p1__wd1e-04trmiss40_trlocglobal,66,0.6337374349435171,0.6776083707809448,0.5753968253968254,0.664057713016708,0.5111111111111111,0.0,0.0,0.0,0.0,0.0,0.0,0.0,0.0,0.0,,,,,18473,global,0.4
1,4,lr1e-05_bs32_modL1_fusion32_fusionL1_fusionBN0_drop0p1__wd1e-04trmiss40_trlocglobal,32,1e-05,0.0001,1,32,1,False,0.1,lr1e-05_bs32_modL1_fusion32_fusionL1_fusionBN0_drop0p1__wd1e-04trmiss40_trlocglobal,67,0.635440856218338,0.6776222288608551,0.5753968253968254,0.6622194834192905,0.5111111111111111,0.0,0.0,0.0,0.0,0.0,0.0,0.0,0.0,0.0,,,,,18473,global,0.4
1,4,lr1e-05_bs32_modL1_fusion32_fusionL1_fusionBN0_drop0p1__wd1e-04trmiss40_trlocglobal,32,1e-05,0.0001,1,32,1,False,0.1,lr1e-05_bs32_modL1_fusion32_fusionL1_fusionBN0_drop0p1__wd1e-04trmiss40_trlocglobal,68,0.6361012359460195,0.6778499186038971,0.5793650793650794,0.6658903714980733,0.5111111111111111,0.0,0.0,0.0,0.0,0.0,0.0,0.0,0.0,0.0,,,,,18473,global,0.4
1,4,lr1e-05_bs32_modL1_fusion32_fusionL1_fusionBN0_drop0p1__wd1e-04trmiss40_trlocglobal,32,1e-05,0.0001,1,32,1,False,0.1,lr1e-05_bs32_modL1_fusion32_fusionL1_fusionBN0_drop0p1__wd1e-04trmiss40_trlocglobal,69,0.6348349153995514,0.6776030659675598,0.5773809523809523,0.6626496307573326,0.5333333333333333,0.0,0.0,0.0,0.0,0.0,0.0,0.0,0.0,0.0,,,,,18473,global,0.4
1,4,lr1e-05_bs32_modL1_fusion32_fusionL1_fusionBN0_drop0p1__wd1e-04trmiss40_trlocglobal,32,1e-05,0.0001,1,32,1,False,0.1,lr1e-05_bs32_modL1_fusion32_fusionL1_fusionBN0_drop0p1__wd1e-04trmiss40_trlocglobal,70,0.6408999363581339,0.677703857421875,0.5793650793650794,0.6647100703177722,0.5111111111111111,0.0,0.0,0.0,0.0,0.0,0.0,0.0,0.0,0.0,,,,,18473,global,0.4
1,4,lr1e-05_bs32_modL1_fusion32_fusionL1_fusionBN0_drop0p1__wd1e-04trmiss40_trlocglobal,32,1e-05,0.0001,1,32,1,False,0.1,lr1e-05_bs32_modL1_fusion32_fusionL1_fusionBN0_drop0p1__wd1e-04trmiss40_trlocglobal,71,0.6406900882720947,0.677491307258606,0.5813492063492064,0.6685150935056615,0.5111111111111111,0.0,0.0,0.0,0.0,0.0,0.0,0.0,0.0,0.0,,,,,18473,global,0.4
1,5,lr1e-04_bs32_modL1_fusion16_fusionL1_fusionBN0_drop0p2__wd1e-04trmiss40_trlocglobal,32,0.0001,0.0001,1,16,1,False,0.2,lr1e-04_bs32_modL1_fusion16_fusionL1_fusionBN0_drop0p2__wd1e-04trmiss40_trlocglobal,1,0.7011166214942932,0.6935295462608337,0.6066252587991718,0.6261156677027077,0.5227272727272727,0.0,0.0,0.0,0.0,0.0,0.0,0.0,0.0,0.0,,,,,18473,global,0.4
1,5,lr1e-04_bs32_modL1_fusion16_fusionL1_fusionBN0_drop0p2__wd1e-04trmiss40_trlocglobal,32,0.0001,0.0001,1,16,1,False,0.2,lr1e-04_bs32_modL1_fusion16_fusionL1_fusionBN0_drop0p2__wd1e-04trmiss40_trlocglobal,2,0.6829655468463898,0.6920028924942017,0.5879917184265011,0.6129156212474978,0.5227272727272727,0.0,0.0,0.0,0.0,0.0,0.0,0.0,0.0,0.0,,,,,18473,global,0.4
1,5,lr1e-04_bs32_modL1_fusion16_fusionL1_fusionBN0_drop0p2__wd1e-04trmiss40_trlocglobal,32,0.0001,0.0001,1,16,1,False,0.2,lr1e-04_bs32_modL1_fusion16_fusionL1_fusionBN0_drop0p2__wd1e-04trmiss40_trlocglobal,3,0.675061047077179,0.6883701086044312,0.6356107660455487,0.6767325837807557,0.5227272727272727,0.0,0.0,0.0,0.0,0.0,0.0,0.0,0.0,0.0,,,,,18473,global,0.4
1,5,lr1e-04_bs32_modL1_fusion16_fusionL1_fusionBN0_drop0p2__wd1e-04trmiss40_trlocglobal,32,0.0001,0.0001,1,16,1,False,0.2,lr1e-04_bs32_modL1_fusion16_fusionL1_fusionBN0_drop0p2__wd1e-04trmiss40_trlocglobal,4,0.6680146952470144,0.6855947971343994,0.6625258799171843,0.7064029300066785,0.5227272727272727,0.0,0.0,0.0,0.0,0.0,0.0,0.0,0.0,0.0,,,,,18473,global,0.4
1,5,lr1e-04_bs32_modL1_fusion16_fusionL1_fusionBN0_drop0p2__wd1e-04trmiss40_trlocglobal,32,0.0001,0.0001,1,16,1,False,0.2,lr1e-04_bs32_modL1_fusion16_fusionL1_fusionBN0_drop0p2__wd1e-04trmiss40_trlocglobal,5,0.6673842171827952,0.6838889122009277,0.6853002070393375,0.7353182758979473,0.5227272727272727,0.0,0.0,0.0,0.0,0.0,0.0,0.0,0.0,0.0,,,,,18473,global,0.4
1,5,lr1e-04_bs32_modL1_fusion16_fusionL1_fusionBN0_drop0p2__wd1e-04trmiss40_trlocglobal,32,0.0001,0.0001,1,16,1,False,0.2,lr1e-04_bs32_modL1_fusion16_fusionL1_fusionBN0_drop0p2__wd1e-04trmiss40_trlocglobal,6,0.6548030177752177,0.6821996867656708,0.6853002070393375,0.7347140601700434,0.5227272727272727,0.0,0.0,0.0,0.0,0.0,0.0,0.0,0.0,0.0,,,,,18473,global,0.4
1,5,lr1e-04_bs32_modL1_fusion16_fusionL1_fusionBN0_drop0p2__wd1e-04trmiss40_trlocglobal,32,0.0001,0.0001,1,16,1,False,0.2,lr1e-04_bs32_modL1_fusion16_fusionL1_fusionBN0_drop0p2__wd1e-04trmiss40_trlocglobal,7,0.6450577874978384,0.6806379854679108,0.6935817805383023,0.7375710116395269,0.5227272727272727,0.0,0.0,0.0,0.0,0.0,0.0,0.0,0.0,0.0,,,,,18473,global,0.4
1,5,lr1e-04_bs32_modL1_fusion16_fusionL1_fusionBN0_drop0p2__wd1e-04trmiss40_trlocglobal,32,0.0001,0.0001,1,16,1,False,0.2,lr1e-04_bs32_modL1_fusion16_fusionL1_fusionBN0_drop0p2__wd1e-04trmiss40_trlocglobal,8,0.6514169673124949,0.6795554161071777,0.68944099378882,0.7354622934916959,0.5227272727272727,0.0,0.0,0.0,0.0,0.0,0.0,0.0,0.0,0.0,,,,,18473,global,0.4
1,5,lr1e-04_bs32_modL1_fusion16_fusionL1_fusionBN0_drop0p2__wd1e-04trmiss40_trlocglobal,32,0.0001,0.0001,1,16,1,False,0.2,lr1e-04_bs32_modL1_fusion16_fusionL1_fusionBN0_drop0p2__wd1e-04trmiss40_trlocglobal,9,0.6371937493483225,0.6796315014362335,0.68944099378882,0.7391971880355719,0.5227272727272727,0.0,0.0,0.0,0.0,0.0,0.0,0.0,0.0,0.0,,,,,18473,global,0.4
1,5,lr1e-04_bs32_modL1_fusion16_fusionL1_fusionBN0_drop0p2__wd1e-04trmiss40_trlocglobal,32,0.0001,0.0001,1,16,1,False,0.2,lr1e-04_bs32_modL1_fusion16_fusionL1_fusionBN0_drop0p2__wd1e-04trmiss40_trlocglobal,10,0.6388675371805826,0.6780367493629456,0.6997929606625259,0.7377728792351739,0.5227272727272727,0.0,0.0,0.0,0.0,0.0,0.0,0.0,0.0,0.0,,,,,18473,global,0.4
1,5,lr1e-04_bs32_modL1_fusion16_fusionL1_fusionBN0_drop0p2__wd1e-04trmiss40_trlocglobal,32,0.0001,0.0001,1,16,1,False,0.2,lr1e-04_bs32_modL1_fusion16_fusionL1_fusionBN0_drop0p2__wd1e-04trmiss40_trlocglobal,11,0.626714845498403,0.6759757995605469,0.7122153209109732,0.7382631554837343,0.5227272727272727,0.0,0.0,0.0,0.0,0.0,0.0,0.0,0.0,0.0,,,,,18473,global,0.4
1,5,lr1e-04_bs32_modL1_fusion16_fusionL1_fusionBN0_drop0p2__wd1e-04trmiss40_trlocglobal,32,0.0001,0.0001,1,16,1,False,0.2,lr1e-04_bs32_modL1_fusion16_fusionL1_fusionBN0_drop0p2__wd1e-04trmiss40_trlocglobal,12,0.6271685063838959,0.6739123463630676,0.7122153209109731,0.7627780641506594,0.5227272727272727,0.0,0.0,0.0,0.0,0.0,0.0,0.0,0.0,0.0,,,,,18473,global,0.4
1,5,lr1e-04_bs32_modL1_fusion16_fusionL1_fusionBN0_drop0p2__wd1e-04trmiss40_trlocglobal,32,0.0001,0.0001,1,16,1,False,0.2,lr1e-04_bs32_modL1_fusion16_fusionL1_fusionBN0_drop0p2__wd1e-04trmiss40_trlocglobal,13,0.6254176795482635,0.6727556884288788,0.7163561076604554,0.7685680459058761,0.5227272727272727,0.0,0.0,0.0,0.0,0.0,0.0,0.0,0.0,0.0,,,,,18473,global,0.4
1,5,lr1e-04_bs32_modL1_fusion16_fusionL1_fusionBN0_drop0p2__wd1e-04trmiss40_trlocglobal,32,0.0001,0.0001,1,16,1,False,0.2,lr1e-04_bs32_modL1_fusion16_fusionL1_fusionBN0_drop0p2__wd1e-04trmiss40_trlocglobal,14,0.6207459767659506,0.6706577837467194,0.7308488612836439,0.7795385096043237,0.5227272727272727,0.0,0.0,0.0,0.0,0.0,0.0,0.0,0.0,0.0,,,,,18473,global,0.4
1,5,lr1e-04_bs32_modL1_fusion16_fusionL1_fusionBN0_drop0p2__wd1e-04trmiss40_trlocglobal,32,0.0001,0.0001,1,16,1,False,0.2,lr1e-04_bs32_modL1_fusion16_fusionL1_fusionBN0_drop0p2__wd1e-04trmiss40_trlocglobal,15,0.6080754896004995,0.6690781116485596,0.7515527950310559,0.7841204087708388,0.5227272727272727,0.0,0.0,0.0,0.0,0.0,0.0,0.0,0.0,0.0,,,,,18473,global,0.4
1,5,lr1e-04_bs32_modL1_fusion16_fusionL1_fusionBN0_drop0p2__wd1e-04trmiss40_trlocglobal,32,0.0001,0.0001,1,16,1,False,0.2,lr1e-04_bs32_modL1_fusion16_fusionL1_fusionBN0_drop0p2__wd1e-04trmiss40_trlocglobal,16,0.6132850150267283,0.6693530678749084,0.7349896480331263,0.7653463503731781,0.5227272727272727,0.0,0.0,0.0,0.0,0.0,0.0,0.0,0.0,0.0,,,,,18473,global,0.4
1,5,lr1e-04_bs32_modL1_fusion16_fusionL1_fusionBN0_drop0p2__wd1e-04trmiss40_trlocglobal,32,0.0001,0.0001,1,16,1,False,0.2,lr1e-04_bs32_modL1_fusion16_fusionL1_fusionBN0_drop0p2__wd1e-04trmiss40_trlocglobal,17,0.6118197838465372,0.6687085330486298,0.7287784679089027,0.7682366353356302,0.5454545454545454,0.0,0.0,0.0,0.0,0.0,0.0,0.0,0.0,0.0,,,,,18473,global,0.4
1,5,lr1e-04_bs32_modL1_fusion16_fusionL1_fusionBN0_drop0p2__wd1e-04trmiss40_trlocglobal,32,0.0001,0.0001,1,16,1,False,0.2,lr1e-04_bs32_modL1_fusion16_fusionL1_fusionBN0_drop0p2__wd1e-04trmiss40_trlocglobal,18,0.6060222089290619,0.6677170991897583,0.7184265010351967,0.7557924919678832,0.5454545454545454,0.0,0.0,0.0,0.0,0.0,0.0,0.0,0.0,0.0,,,,,18473,global,0.4
1,5,lr1e-04_bs32_modL1_fusion16_fusionL1_fusionBN0_drop0p2__wd1e-04trmiss40_trlocglobal,32,0.0001,0.0001,1,16,1,False,0.2,lr1e-04_bs32_modL1_fusion16_fusionL1_fusionBN0_drop0p2__wd1e-04trmiss40_trlocglobal,19,0.6076824069023132,0.6668358743190765,0.6977225672877847,0.731084299037184,0.5227272727272727,0.0,0.0,0.0,0.0,0.0,0.0,0.0,0.0,0.0,,,,,18473,global,0.4
1,5,lr1e-04_bs32_modL1_fusion16_fusionL1_fusionBN0_drop0p2__wd1e-04trmiss40_trlocglobal,32,0.0001,0.0001,1,16,1,False,0.2,lr1e-04_bs32_modL1_fusion16_fusionL1_fusionBN0_drop0p2__wd1e-04trmiss40_trlocglobal,20,0.5913999776045481,0.6662851572036743,0.68944099378882,0.7446616315389097,0.5227272727272727,0.0,0.0,0.0,0.0,0.0,0.0,0.0,0.0,0.0,,,,,18473,global,0.4
1,5,lr1e-04_bs32_modL1_fusion16_fusionL1_fusionBN0_drop0p2__wd1e-04trmiss40_trlocglobal,32,0.0001,0.0001,1,16,1,False,0.2,lr1e-04_bs32_modL1_fusion16_fusionL1_fusionBN0_drop0p2__wd1e-04trmiss40_trlocglobal,21,0.587520549694697,0.6668606400489807,0.6894409937888198,0.7410559066711214,0.5227272727272727,0.0,0.0,0.0,0.0,0.0,0.0,0.0,0.0,0.0,,,,,18473,global,0.4
1,5,lr1e-04_bs32_modL1_fusion16_fusionL1_fusionBN0_drop0p2__wd1e-04trmiss40_trlocglobal,32,0.0001,0.0001,1,16,1,False,0.2,lr1e-04_bs32_modL1_fusion16_fusionL1_fusionBN0_drop0p2__wd1e-04trmiss40_trlocglobal,22,0.5876292486985525,0.6655616164207458,0.6832298136645962,0.7313966723604615,0.5681818181818182,0.0,0.0,0.0,0.0,0.0,0.0,0.0,0.0,0.0,,,,,18473,global,0.4
1,5,lr1e-04_bs32_modL1_fusion16_fusionL1_fusionBN0_drop0p2__wd1e-04trmiss40_trlocglobal,32,0.0001,0.0001,1,16,1,False,0.2,lr1e-04_bs32_modL1_fusion16_fusionL1_fusionBN0_drop0p2__wd1e-04trmiss40_trlocglobal,23,0.5803963541984558,0.6659671068191528,0.6687370600414079,0.7056588343768312,0.5454545454545454,0.0,0.0,0.0,0.0,0.0,0.0,0.0,0.0,0.0,,,,,18473,global,0.4
1,5,lr1e-04_bs32_modL1_fusion16_fusionL1_fusionBN0_drop0p2__wd1e-04trmiss40_trlocglobal,32,0.0001,0.0001,1,16,1,False,0.2,lr1e-04_bs32_modL1_fusion16_fusionL1_fusionBN0_drop0p2__wd1e-04trmiss40_trlocglobal,24,0.5805430114269257,0.6633945107460022,0.6790890269151139,0.739019513937183,0.5909090909090909,0.0,0.0,0.0,0.0,0.0,0.0,0.0,0.0,0.0,,,,,18473,global,0.4
1,5,lr1e-04_bs32_modL1_fusion16_fusionL1_fusionBN0_drop0p2__wd1e-04trmiss40_trlocglobal,32,0.0001,0.0001,1,16,1,False,0.2,lr1e-04_bs32_modL1_fusion16_fusionL1_fusionBN0_drop0p2__wd1e-04trmiss40_trlocglobal,25,0.5729380448659261,0.6612318158149719,0.6770186335403726,0.7353178638584283,0.5909090909090909,0.0,0.0,0.0,0.0,0.0,0.0,0.0,0.0,0.0,,,,,18473,global,0.4
1,5,lr1e-04_bs32_modL1_fusion16_fusionL1_fusionBN0_drop0p2__wd1e-04trmiss40_trlocglobal,32,0.0001,0.0001,1,16,1,False,0.2,lr1e-04_bs32_modL1_fusion16_fusionL1_fusionBN0_drop0p2__wd1e-04trmiss40_trlocglobal,26,0.5759955247243246,0.6637467741966248,0.6583850931677019,0.7134164974917299,0.5454545454545454,0.0,0.0,0.0,0.0,0.0,0.0,0.0,0.0,0.0,,,,,18473,global,0.4
1,5,lr1e-04_bs32_modL1_fusion16_fusionL1_fusionBN0_drop0p2__wd1e-04trmiss40_trlocglobal,32,0.0001,0.0001,1,16,1,False,0.2,lr1e-04_bs32_modL1_fusion16_fusionL1_fusionBN0_drop0p2__wd1e-04trmiss40_trlocglobal,27,0.5685393710931143,0.6648410558700562,0.6438923395445135,0.7010576719517518,0.5454545454545454,0.0,0.0,0.0,0.0,0.0,0.0,0.0,0.0,0.0,,,,,18473,global,0.4
1,5,lr1e-04_bs32_modL1_fusion16_fusionL1_fusionBN0_drop0p2__wd1e-04trmiss40_trlocglobal,32,0.0001,0.0001,1,16,1,False,0.2,lr1e-04_bs32_modL1_fusion16_fusionL1_fusionBN0_drop0p2__wd1e-04trmiss40_trlocglobal,28,0.5638003547986349,0.6624576449394226,0.6438923395445135,0.7096619626769332,0.5681818181818182,0.0,0.0,0.0,0.0,0.0,0.0,0.0,0.0,0.0,,,,,18473,global,0.4
1,5,lr1e-04_bs32_modL1_fusion16_fusionL1_fusionBN0_drop0p2__wd1e-04trmiss40_trlocglobal,32,0.0001,0.0001,1,16,1,False,0.2,lr1e-04_bs32_modL1_fusion16_fusionL1_fusionBN0_drop0p2__wd1e-04trmiss40_trlocglobal,29,0.5692785382270813,0.6600647866725922,0.6583850931677019,0.7127885338182103,0.5681818181818182,0.0,0.0,0.0,0.0,0.0,0.0,0.0,0.0,0.0,,,,,18473,global,0.4
1,5,lr1e-04_bs32_modL1_fusion16_fusionL1_fusionBN0_drop0p2__wd1e-04trmiss40_trlocglobal,32,0.0001,0.0001,1,16,1,False,0.2,lr1e-04_bs32_modL1_fusion16_fusionL1_fusionBN0_drop0p2__wd1e-04trmiss40_trlocglobal,30,0.5471562147140503,0.6593984663486481,0.6625258799171843,0.7250711297762673,0.5909090909090909,0.0,0.0,0.0,0.0,0.0,0.0,0.0,0.0,0.0,,,,,18473,global,0.4
1,5,lr1e-04_bs32_modL1_fusion16_fusionL1_fusionBN0_drop0p2__wd1e-04trmiss40_trlocglobal,32,0.0001,0.0001,1,16,1,False,0.2,lr1e-04_bs32_modL1_fusion16_fusionL1_fusionBN0_drop0p2__wd1e-04trmiss40_trlocglobal,31,0.5552610158920288,0.6571508347988129,0.6728778467908904,0.7200065805640617,0.5909090909090909,0.0,0.0,0.0,0.0,0.0,0.0,0.0,0.0,0.0,,,,,18473,global,0.4
1,5,lr1e-04_bs32_modL1_fusion16_fusionL1_fusionBN0_drop0p2__wd1e-04trmiss40_trlocglobal,32,0.0001,0.0001,1,16,1,False,0.2,lr1e-04_bs32_modL1_fusion16_fusionL1_fusionBN0_drop0p2__wd1e-04trmiss40_trlocglobal,32,0.5435215731461843,0.6531588137149811,0.6873706004140787,0.737983421141244,0.5909090909090909,0.0,0.0,0.0,0.0,0.0,0.0,0.0,0.0,0.0,,,,,18473,global,0.4
1,5,lr1e-04_bs32_modL1_fusion16_fusionL1_fusionBN0_drop0p2__wd1e-04trmiss40_trlocglobal,32,0.0001,0.0001,1,16,1,False,0.2,lr1e-04_bs32_modL1_fusion16_fusionL1_fusionBN0_drop0p2__wd1e-04trmiss40_trlocglobal,33,0.5527571439743042,0.6508521735668182,0.6915113871635611,0.7357069374580961,0.5681818181818182,0.0,0.0,0.0,0.0,0.0,0.0,0.0,0.0,0.0,,,,,18473,global,0.4
1,5,lr1e-04_bs32_modL1_fusion16_fusionL1_fusionBN0_drop0p2__wd1e-04trmiss40_trlocglobal,32,0.0001,0.0001,1,16,1,False,0.2,lr1e-04_bs32_modL1_fusion16_fusionL1_fusionBN0_drop0p2__wd1e-04trmiss40_trlocglobal,34,0.5376700858275095,0.6518994271755219,0.6935817805383022,0.7387489037661037,0.5909090909090909,0.0,0.0,0.0,0.0,0.0,0.0,0.0,0.0,0.0,,,,,18473,global,0.4
1,5,lr1e-04_bs32_modL1_fusion16_fusionL1_fusionBN0_drop0p2__wd1e-04trmiss40_trlocglobal,32,0.0001,0.0001,1,16,1,False,0.2,lr1e-04_bs32_modL1_fusion16_fusionL1_fusionBN0_drop0p2__wd1e-04trmiss40_trlocglobal,35,0.5522538622220358,0.6535179913043976,0.6728778467908904,0.7233561564286083,0.5909090909090909,0.0,0.0,0.0,0.0,0.0,0.0,0.0,0.0,0.0,,,,,18473,global,0.4
1,5,lr1e-04_bs32_modL1_fusion16_fusionL1_fusionBN0_drop0p1__wd1e-04trmiss40_trlocglobal,32,0.0001,0.0001,1,16,1,False,0.1,lr1e-04_bs32_modL1_fusion16_fusionL1_fusionBN0_drop0p1__wd1e-04trmiss40_trlocglobal,1,0.7009345392386118,0.6805433332920074,0.5403726708074534,0.689602505185712,0.5909090909090909,0.0,0.0,0.0,0.0,0.0,0.0,0.0,0.0,0.0,,,,,18473,global,0.4
1,5,lr1e-04_bs32_modL1_fusion16_fusionL1_fusionBN0_drop0p1__wd1e-04trmiss40_trlocglobal,32,0.0001,0.0001,1,16,1,False,0.1,lr1e-04_bs32_modL1_fusion16_fusionL1_fusionBN0_drop0p1__wd1e-04trmiss40_trlocglobal,2,0.6714508732159933,0.6731553971767426,0.5486542443064183,0.6997965494365408,0.6136363636363636,0.0,0.0,0.0,0.0,0.0,0.0,0.0,0.0,0.0,,,,,18473,global,0.4
1,5,lr1e-04_bs32_modL1_fusion16_fusionL1_fusionBN0_drop0p1__wd1e-04trmiss40_trlocglobal,32,0.0001,0.0001,1,16,1,False,0.1,lr1e-04_bs32_modL1_fusion16_fusionL1_fusionBN0_drop0p1__wd1e-04trmiss40_trlocglobal,3,0.6624294718106588,0.6655468940734863,0.5755693581780538,0.7196675727901564,0.5909090909090909,0.0,0.0,0.0,0.0,0.0,0.0,0.0,0.0,0.0,,,,,18473,global,0.4
1,5,lr1e-04_bs32_modL1_fusion16_fusionL1_fusionBN0_drop0p1__wd1e-04trmiss40_trlocglobal,32,0.0001,0.0001,1,16,1,False,0.1,lr1e-04_bs32_modL1_fusion16_fusionL1_fusionBN0_drop0p1__wd1e-04trmiss40_trlocglobal,4,0.6432013312975565,0.6590206623077393,0.5942028985507246,0.7221176566224324,0.6136363636363636,0.0,0.0,0.0,0.0,0.0,0.0,0.0,0.0,0.0,,,,,18473,global,0.4
1,5,lr1e-04_bs32_modL1_fusion16_fusionL1_fusionBN0_drop0p1__wd1e-04trmiss40_trlocglobal,32,0.0001,0.0001,1,16,1,False,0.1,lr1e-04_bs32_modL1_fusion16_fusionL1_fusionBN0_drop0p1__wd1e-04trmiss40_trlocglobal,5,0.6317689021428426,0.6546923220157623,0.6024844720496894,0.7254475518681903,0.6136363636363636,0.0,0.0,0.0,0.0,0.0,0.0,0.0,0.0,0.0,,,,,18473,global,0.4
1,5,lr1e-04_bs32_modL1_fusion16_fusionL1_fusionBN0_drop0p1__wd1e-04trmiss40_trlocglobal,32,0.0001,0.0001,1,16,1,False,0.1,lr1e-04_bs32_modL1_fusion16_fusionL1_fusionBN0_drop0p1__wd1e-04trmiss40_trlocglobal,6,0.6247297922770182,0.6521685421466827,0.6149068322981367,0.7312819713380632,0.6136363636363636,0.0,0.0,0.0,0.0,0.0,0.0,0.0,0.0,0.0,,,,,18473,global,0.4
1,5,lr1e-04_bs32_modL1_fusion16_fusionL1_fusionBN0_drop0p1__wd1e-04trmiss40_trlocglobal,32,0.0001,0.0001,1,16,1,False,0.1,lr1e-04_bs32_modL1_fusion16_fusionL1_fusionBN0_drop0p1__wd1e-04trmiss40_trlocglobal,7,0.6124347050984701,0.6485365331172943,0.6128364389233955,0.724596244046877,0.6136363636363636,0.0,0.0,0.0,0.0,0.0,0.0,0.0,0.0,0.0,,,,,18473,global,0.4
1,5,lr1e-04_bs32_modL1_fusion16_fusionL1_fusionBN0_drop0p1__wd1e-04trmiss40_trlocglobal,32,0.0001,0.0001,1,16,1,False,0.1,lr1e-04_bs32_modL1_fusion16_fusionL1_fusionBN0_drop0p1__wd1e-04trmiss40_trlocglobal,8,0.600900669892629,0.6472486257553101,0.6107660455486543,0.7226745597083127,0.5909090909090909,0.0,0.0,0.0,0.0,0.0,0.0,0.0,0.0,0.0,,,,,18473,global,0.4
1,5,lr1e-04_bs32_modL1_fusion16_fusionL1_fusionBN0_drop0p1__wd1e-04trmiss40_trlocglobal,32,0.0001,0.0001,1,16,1,False,0.1,lr1e-04_bs32_modL1_fusion16_fusionL1_fusionBN0_drop0p1__wd1e-04trmiss40_trlocglobal,9,0.5962093571821848,0.6452753245830536,0.6128364389233955,0.7315680598496487,0.5909090909090909,0.0,0.0,0.0,0.0,0.0,0.0,0.0,0.0,0.0,,,,,18473,global,0.4
1,5,lr1e-04_bs32_modL1_fusion16_fusionL1_fusionBN0_drop0p1__wd1e-04trmiss40_trlocglobal,32,0.0001,0.0001,1,16,1,False,0.1,lr1e-04_bs32_modL1_fusion16_fusionL1_fusionBN0_drop0p1__wd1e-04trmiss40_trlocglobal,10,0.5889145930608114,0.6448433697223663,0.6128364389233953,0.7308013038026103,0.5681818181818182,0.0,0.0,0.0,0.0,0.0,0.0,0.0,0.0,0.0,,,,,18473,global,0.4
1,5,lr1e-04_bs32_modL1_fusion16_fusionL1_fusionBN0_drop0p1__wd1e-04trmiss40_trlocglobal,32,0.0001,0.0001,1,16,1,False,0.1,lr1e-04_bs32_modL1_fusion16_fusionL1_fusionBN0_drop0p1__wd1e-04trmiss40_trlocglobal,11,0.5763073960940043,0.6452375054359436,0.6149068322981366,0.7307340854608335,0.5681818181818182,0.0,0.0,0.0,0.0,0.0,0.0,0.0,0.0,0.0,,,,,18473,global,0.4
1,5,lr1e-04_bs32_modL1_fusion16_fusionL1_fusionBN0_drop0p1__wd1e-04trmiss40_trlocglobal,32,0.0001,0.0001,1,16,1,False,0.1,lr1e-04_bs32_modL1_fusion16_fusionL1_fusionBN0_drop0p1__wd1e-04trmiss40_trlocglobal,12,0.5730816026528677,0.6427737176418304,0.6149068322981366,0.7313064038167059,0.5909090909090909,0.0,0.0,0.0,0.0,0.0,0.0,0.0,0.0,0.0,,,,,18473,global,0.4
1,5,lr1e-04_bs32_modL1_fusion16_fusionL1_fusionBN0_drop0p1__wd1e-04trmiss40_trlocglobal,32,0.0001,0.0001,1,16,1,False,0.1,lr1e-04_bs32_modL1_fusion16_fusionL1_fusionBN0_drop0p1__wd1e-04trmiss40_trlocglobal,13,0.5578460494677225,0.6404440104961395,0.6045548654244306,0.7261423906559323,0.5681818181818182,0.0,0.0,0.0,0.0,0.0,0.0,0.0,0.0,0.0,,,,,18473,global,0.4
1,5,lr1e-04_bs32_modL1_fusion16_fusionL1_fusionBN0_drop0p1__wd1e-04trmiss40_trlocglobal,32,0.0001,0.0001,1,16,1,False,0.1,lr1e-04_bs32_modL1_fusion16_fusionL1_fusionBN0_drop0p1__wd1e-04trmiss40_trlocglobal,14,0.5596766869227091,0.6368035674095154,0.6149068322981366,0.732548277884272,0.5454545454545454,0.0,0.0,0.0,0.0,0.0,0.0,0.0,0.0,0.0,,,,,18473,global,0.4
1,5,lr1e-04_bs32_modL1_fusion16_fusionL1_fusionBN0_drop0p1__wd1e-04trmiss40_trlocglobal,32,0.0001,0.0001,1,16,1,False,0.1,lr1e-04_bs32_modL1_fusion16_fusionL1_fusionBN0_drop0p1__wd1e-04trmiss40_trlocglobal,15,0.5529304246107737,0.6368132531642914,0.6128364389233956,0.7268493057850443,0.5454545454545454,0.0,0.0,0.0,0.0,0.0,0.0,0.0,0.0,0.0,,,,,18473,global,0.4
1,5,lr1e-04_bs32_modL1_fusion16_fusionL1_fusionBN0_drop0p1__wd1e-04trmiss40_trlocglobal,32,0.0001,0.0001,1,16,1,False,0.1,lr1e-04_bs32_modL1_fusion16_fusionL1_fusionBN0_drop0p1__wd1e-04trmiss40_trlocglobal,16,0.5451739529768626,0.6359916627407074,0.6066252587991718,0.7271065433726831,0.5681818181818182,0.0,0.0,0.0,0.0,0.0,0.0,0.0,0.0,0.0,,,,,18473,global,0.4
1,5,lr1e-04_bs32_modL1_fusion16_fusionL1_fusionBN0_drop0p1__wd1e-04trmiss40_trlocglobal,32,0.0001,0.0001,1,16,1,False,0.1,lr1e-04_bs32_modL1_fusion16_fusionL1_fusionBN0_drop0p1__wd1e-04trmiss40_trlocglobal,17,0.549134244521459,0.6333825290203094,0.6045548654244306,0.7286751480509286,0.5681818181818182,0.0,0.0,0.0,0.0,0.0,0.0,0.0,0.0,0.0,,,,,18473,global,0.4
1,5,lr1e-04_bs32_modL1_fusion16_fusionL1_fusionBN0_drop0p1__wd1e-04trmiss40_trlocglobal,32,0.0001,0.0001,1,16,1,False,0.1,lr1e-04_bs32_modL1_fusion16_fusionL1_fusionBN0_drop0p1__wd1e-04trmiss40_trlocglobal,18,0.5394530495007833,0.6316844820976257,0.6066252587991718,0.7356207072176598,0.5454545454545454,0.0,0.0,0.0,0.0,0.0,0.0,0.0,0.0,0.0,,,,,18473,global,0.4
1,5,lr1e-04_bs32_modL1_fusion16_fusionL1_fusionBN0_drop0p1__wd1e-04trmiss40_trlocglobal,32,0.0001,0.0001,1,16,1,False,0.1,lr1e-04_bs32_modL1_fusion16_fusionL1_fusionBN0_drop0p1__wd1e-04trmiss40_trlocglobal,19,0.53269295891126,0.6280740797519684,0.6149068322981366,0.7451947080960084,0.5227272727272727,0.0,0.0,0.0,0.0,0.0,0.0,0.0,0.0,0.0,,,,,18473,global,0.4
1,5,lr1e-04_bs32_modL1_fusion16_fusionL1_fusionBN0_drop0p1__wd1e-04trmiss40_trlocglobal,32,0.0001,0.0001,1,16,1,False,0.1,lr1e-04_bs32_modL1_fusion16_fusionL1_fusionBN0_drop0p1__wd1e-04trmiss40_trlocglobal,20,0.5179425925016403,0.6280217170715332,0.6086956521739131,0.7433474634245062,0.5227272727272727,0.0,0.0,0.0,0.0,0.0,0.0,0.0,0.0,0.0,,,,,18473,global,0.4
1,5,lr1e-04_bs32_modL1_fusion16_fusionL1_fusionBN0_drop0p1__wd1e-04trmiss40_trlocglobal,32,0.0001,0.0001,1,16,1,False,0.1,lr1e-04_bs32_modL1_fusion16_fusionL1_fusionBN0_drop0p1__wd1e-04trmiss40_trlocglobal,21,0.5213300585746765,0.6294637322425842,0.5962732919254659,0.7330884159424573,0.5,0.0,0.0,0.0,0.0,0.0,0.0,0.0,0.0,0.0,,,,,18473,global,0.4
1,5,lr1e-04_bs32_modL1_fusion16_fusionL1_fusionBN0_drop0p1__wd1e-04trmiss40_trlocglobal,32,0.0001,0.0001,1,16,1,False,0.1,lr1e-04_bs32_modL1_fusion16_fusionL1_fusionBN0_drop0p1__wd1e-04trmiss40_trlocglobal,22,0.503795733054479,0.6253808438777924,0.5983436853002071,0.7323620303767523,0.4772727272727273,0.0,0.0,0.0,0.0,0.0,0.0,0.0,0.0,0.0,,,,,18473,global,0.4
1,5,lr1e-04_bs32_modL1_fusion16_fusionL1_fusionBN0_drop0p1__wd1e-04trmiss40_trlocglobal,32,0.0001,0.0001,1,16,1,False,0.1,lr1e-04_bs32_modL1_fusion16_fusionL1_fusionBN0_drop0p1__wd1e-04trmiss40_trlocglobal,23,0.5029246807098389,0.6209811568260193,0.6107660455486543,0.7391582807552333,0.5681818181818182,0.0,0.0,0.0,0.0,0.0,0.0,0.0,0.0,0.0,,,,,18473,global,0.4
1,5,lr1e-04_bs32_modL1_fusion16_fusionL1_fusionBN0_drop0p1__wd1e-04trmiss40_trlocglobal,32,0.0001,0.0001,1,16,1,False,0.1,lr1e-04_bs32_modL1_fusion16_fusionL1_fusionBN0_drop0p1__wd1e-04trmiss40_trlocglobal,24,0.5058172593514124,0.6207618415355682,0.6086956521739131,0.7404136510937795,0.5454545454545454,0.0,0.0,0.0,0.0,0.0,0.0,0.0,0.0,0.0,,,,,18473,global,0.4
1,5,lr1e-04_bs32_modL1_fusion16_fusionL1_fusionBN0_drop0p1__wd1e-04trmiss40_trlocglobal,32,0.0001,0.0001,1,16,1,False,0.1,lr1e-04_bs32_modL1_fusion16_fusionL1_fusionBN0_drop0p1__wd1e-04trmiss40_trlocglobal,25,0.49118825296560925,0.6192897856235504,0.6169772256728778,0.7449577905073264,0.5454545454545454,0.0,0.0,0.0,0.0,0.0,0.0,0.0,0.0,0.0,,,,,18473,global,0.4
1,5,lr1e-04_bs32_modL1_fusion16_fusionL1_fusionBN0_drop0p1__wd1e-04trmiss40_trlocglobal,32,0.0001,0.0001,1,16,1,False,0.1,lr1e-04_bs32_modL1_fusion16_fusionL1_fusionBN0_drop0p1__wd1e-04trmiss40_trlocglobal,26,0.4890557626883189,0.6215575337409973,0.6086956521739131,0.7368510904097796,0.5454545454545454,0.0,0.0,0.0,0.0,0.0,0.0,0.0,0.0,0.0,,,,,18473,global,0.4
1,5,lr1e-04_bs32_modL1_fusion16_fusionL1_fusionBN0_drop0p1__wd1e-04trmiss40_trlocglobal,32,0.0001,0.0001,1,16,1,False,0.1,lr1e-04_bs32_modL1_fusion16_fusionL1_fusionBN0_drop0p1__wd1e-04trmiss40_trlocglobal,27,0.4882260610659917,0.6210028529167175,0.6045548654244306,0.7361038675001084,0.5,0.0,0.0,0.0,0.0,0.0,0.0,0.0,0.0,0.0,,,,,18473,global,0.4
1,5,lr1e-04_bs32_modL1_fusion16_fusionL1_fusionBN0_drop0p1__wd1e-04trmiss40_trlocglobal,32,0.0001,0.0001,1,16,1,False,0.1,lr1e-04_bs32_modL1_fusion16_fusionL1_fusionBN0_drop0p1__wd1e-04trmiss40_trlocglobal,28,0.4750213772058487,0.620368093252182,0.6045548654244306,0.7360953857919939,0.5,0.0,0.0,0.0,0.0,0.0,0.0,0.0,0.0,0.0,,,,,18473,global,0.4
1,5,lr1e-04_bs32_modL1_fusion16_fusionL1_fusionBN0_drop0p1__wd1e-04trmiss40_trlocglobal,32,0.0001,0.0001,1,16,1,False,0.1,lr1e-04_bs32_modL1_fusion16_fusionL1_fusionBN0_drop0p1__wd1e-04trmiss40_trlocglobal,29,0.48034009834130603,0.6170216500759125,0.6004140786749483,0.7318151586161812,0.5454545454545454,0.0,0.0,0.0,0.0,0.0,0.0,0.0,0.0,0.0,,,,,18473,global,0.4
1,5,lr1e-04_bs32_modL1_fusion16_fusionL1_fusionBN0_drop0p1__wd1e-04trmiss40_trlocglobal,32,0.0001,0.0001,1,16,1,False,0.1,lr1e-04_bs32_modL1_fusion16_fusionL1_fusionBN0_drop0p1__wd1e-04trmiss40_trlocglobal,30,0.4683879812558492,0.6163011789321899,0.6045548654244306,0.7298902816669572,0.5454545454545454,0.0,0.0,0.0,0.0,0.0,0.0,0.0,0.0,0.0,,,,,18473,global,0.4
1,5,lr1e-04_bs32_modL1_fusion16_fusionL1_fusionBN0_drop0p1__wd1e-04trmiss40_trlocglobal,32,0.0001,0.0001,1,16,1,False,0.1,lr1e-04_bs32_modL1_fusion16_fusionL1_fusionBN0_drop0p1__wd1e-04trmiss40_trlocglobal,31,0.4582643061876297,0.6147681474685669,0.6107660455486542,0.7378707070386871,0.5454545454545454,0.0,0.0,0.0,0.0,0.0,0.0,0.0,0.0,0.0,,,,,18473,global,0.4
1,5,lr1e-04_bs32_modL1_fusion16_fusionL1_fusionBN0_drop0p1__wd1e-04trmiss40_trlocglobal,32,0.0001,0.0001,1,16,1,False,0.1,lr1e-04_bs32_modL1_fusion16_fusionL1_fusionBN0_drop0p1__wd1e-04trmiss40_trlocglobal,32,0.46449046830336255,0.614409327507019,0.6066252587991718,0.7397055275415219,0.5454545454545454,0.0,0.0,0.0,0.0,0.0,0.0,0.0,0.0,0.0,,,,,18473,global,0.4
1,5,lr1e-04_bs32_modL1_fusion16_fusionL1_fusionBN0_drop0p1__wd1e-04trmiss40_trlocglobal,32,0.0001,0.0001,1,16,1,False,0.1,lr1e-04_bs32_modL1_fusion16_fusionL1_fusionBN0_drop0p1__wd1e-04trmiss40_trlocglobal,33,0.45688774188359577,0.6145626306533813,0.5983436853002071,0.7335718435783857,0.5227272727272727,0.0,0.0,0.0,0.0,0.0,0.0,0.0,0.0,0.0,,,,,18473,global,0.4
1,5,lr1e-04_bs32_modL1_fusion16_fusionL1_fusionBN0_drop0p1__wd1e-04trmiss40_trlocglobal,32,0.0001,0.0001,1,16,1,False,0.1,lr1e-04_bs32_modL1_fusion16_fusionL1_fusionBN0_drop0p1__wd1e-04trmiss40_trlocglobal,34,0.45099196831385296,0.6156938076019287,0.5879917184265011,0.7282547429398383,0.5,0.0,0.0,0.0,0.0,0.0,0.0,0.0,0.0,0.0,,,,,18473,global,0.4
1,5,lr1e-04_bs32_modL1_fusion16_fusionL1_fusionBN0_drop0p1__wd1e-04trmiss40_trlocglobal,32,0.0001,0.0001,1,16,1,False,0.1,lr1e-04_bs32_modL1_fusion16_fusionL1_fusionBN0_drop0p1__wd1e-04trmiss40_trlocglobal,35,0.4576634019613266,0.614703357219696,0.5817805383022774,0.7252865491655769,0.5,0.0,0.0,0.0,0.0,0.0,0.0,0.0,0.0,0.0,,,,,18473,global,0.4
1,5,lr1e-04_bs32_modL1_fusion16_fusionL1_fusionBN0_drop0p1__wd1e-04trmiss40_trlocglobal,32,0.0001,0.0001,1,16,1,False,0.1,lr1e-04_bs32_modL1_fusion16_fusionL1_fusionBN0_drop0p1__wd1e-04trmiss40_trlocglobal,36,0.44599107404549915,0.6138520836830139,0.5921325051759835,0.7311421577247867,0.4772727272727273,0.0,0.0,0.0,0.0,0.0,0.0,0.0,0.0,0.0,,,,,18473,global,0.4
1,5,lr1e-04_bs32_modL1_fusion16_fusionL1_fusionBN0_drop0p1__wd1e-04trmiss40_trlocglobal,32,0.0001,0.0001,1,16,1,False,0.1,lr1e-04_bs32_modL1_fusion16_fusionL1_fusionBN0_drop0p1__wd1e-04trmiss40_trlocglobal,37,0.4461400757233302,0.6130363941192627,0.5900621118012422,0.7289053998315236,0.5,0.0,0.0,0.0,0.0,0.0,0.0,0.0,0.0,0.0,,,,,18473,global,0.4
1,5,lr1e-04_bs32_modL1_fusion16_fusionL1_fusionBN0_drop0p1__wd1e-04trmiss40_trlocglobal,32,0.0001,0.0001,1,16,1,False,0.1,lr1e-04_bs32_modL1_fusion16_fusionL1_fusionBN0_drop0p1__wd1e-04trmiss40_trlocglobal,38,0.43126801153024036,0.6133634448051453,0.5900621118012422,0.7307642639762324,0.5,0.0,0.0,0.0,0.0,0.0,0.0,0.0,0.0,0.0,,,,,18473,global,0.4
1,5,lr1e-04_bs32_modL1_fusion16_fusionL1_fusionBN0_drop0p1__wd1e-04trmiss40_trlocglobal,32,0.0001,0.0001,1,16,1,False,0.1,lr1e-04_bs32_modL1_fusion16_fusionL1_fusionBN0_drop0p1__wd1e-04trmiss40_trlocglobal,39,0.43414101998011273,0.6122443079948425,0.5859213250517599,0.7281252268534375,0.5,0.0,0.0,0.0,0.0,0.0,0.0,0.0,0.0,0.0,,,,,18473,global,0.4
1,5,lr1e-04_bs32_modL1_fusion16_fusionL1_fusionBN0_drop0p1__wd1e-04trmiss40_trlocglobal,32,0.0001,0.0001,1,16,1,False,0.1,lr1e-04_bs32_modL1_fusion16_fusionL1_fusionBN0_drop0p1__wd1e-04trmiss40_trlocglobal,40,0.4280496786038081,0.6121488511562347,0.5942028985507246,0.7327222928635471,0.5,0.0,0.0,0.0,0.0,0.0,0.0,0.0,0.0,0.0,,,,,18473,global,0.4
1,5,lr1e-04_bs32_modL1_fusion16_fusionL1_fusionBN0_drop0p1__wd1e-04trmiss40_trlocglobal,32,0.0001,0.0001,1,16,1,False,0.1,lr1e-04_bs32_modL1_fusion16_fusionL1_fusionBN0_drop0p1__wd1e-04trmiss40_trlocglobal,41,0.4321374048789342,0.6106790602207184,0.5942028985507246,0.7343671924672293,0.5227272727272727,0.0,0.0,0.0,0.0,0.0,0.0,0.0,0.0,0.0,,,,,18473,global,0.4
1,5,lr1e-04_bs32_modL1_fusion16_fusionL1_fusionBN0_drop0p1__wd1e-04trmiss40_trlocglobal,32,0.0001,0.0001,1,16,1,False,0.1,lr1e-04_bs32_modL1_fusion16_fusionL1_fusionBN0_drop0p1__wd1e-04trmiss40_trlocglobal,42,0.4240732391675313,0.609595388174057,0.5921325051759834,0.7326899573160646,0.5227272727272727,0.0,0.0,0.0,0.0,0.0,0.0,0.0,0.0,0.0,,,,,18473,global,0.4
1,5,lr1e-04_bs32_modL1_fusion16_fusionL1_fusionBN0_drop0p1__wd1e-04trmiss40_trlocglobal,32,0.0001,0.0001,1,16,1,False,0.1,lr1e-04_bs32_modL1_fusion16_fusionL1_fusionBN0_drop0p1__wd1e-04trmiss40_trlocglobal,43,0.42367424070835114,0.6093624532222748,0.5921325051759835,0.7326758139027423,0.5,0.0,0.0,0.0,0.0,0.0,0.0,0.0,0.0,0.0,,,,,18473,global,0.4
1,5,lr1e-04_bs32_modL1_fusion16_fusionL1_fusionBN0_drop0p1__wd1e-04trmiss40_trlocglobal,32,0.0001,0.0001,1,16,1,False,0.1,lr1e-04_bs32_modL1_fusion16_fusionL1_fusionBN0_drop0p1__wd1e-04trmiss40_trlocglobal,44,0.4135536700487137,0.6073199808597565,0.5900621118012422,0.7325943075421705,0.5,0.0,0.0,0.0,0.0,0.0,0.0,0.0,0.0,0.0,,,,,18473,global,0.4
1,5,lr1e-04_bs32_modL1_fusion16_fusionL1_fusionBN0_drop0p1__wd1e-04trmiss40_trlocglobal,32,0.0001,0.0001,1,16,1,False,0.1,lr1e-04_bs32_modL1_fusion16_fusionL1_fusionBN0_drop0p1__wd1e-04trmiss40_trlocglobal,45,0.41181964178880054,0.6065226197242737,0.5900621118012424,0.7313028161910718,0.5,0.0,0.0,0.0,0.0,0.0,0.0,0.0,0.0,0.0,,,,,18473,global,0.4
1,5,lr1e-04_bs32_modL1_fusion32_fusionL1_fusionBN0_drop0p2__wd1e-04trmiss40_trlocglobal,32,0.0001,0.0001,1,32,1,False,0.2,lr1e-04_bs32_modL1_fusion32_fusionL1_fusionBN0_drop0p2__wd1e-04trmiss40_trlocglobal,1,0.6947928170363108,0.684624969959259,0.6314699792960663,0.71049767811504,0.5,0.0,0.0,0.0,0.0,0.0,0.0,0.0,0.0,0.0,,,,,18473,global,0.4
1,5,lr1e-04_bs32_modL1_fusion32_fusionL1_fusionBN0_drop0p2__wd1e-04trmiss40_trlocglobal,32,0.0001,0.0001,1,32,1,False,0.2,lr1e-04_bs32_modL1_fusion32_fusionL1_fusionBN0_drop0p2__wd1e-04trmiss40_trlocglobal,2,0.6799751023451487,0.6816036403179169,0.639751552795031,0.7042291072046027,0.5227272727272727,0.0,0.0,0.0,0.0,0.0,0.0,0.0,0.0,0.0,,,,,18473,global,0.4
1,5,lr1e-04_bs32_modL1_fusion32_fusionL1_fusionBN0_drop0p2__wd1e-04trmiss40_trlocglobal,32,0.0001,0.0001,1,32,1,False,0.2,lr1e-04_bs32_modL1_fusion32_fusionL1_fusionBN0_drop0p2__wd1e-04trmiss40_trlocglobal,3,0.6750227411588033,0.6788745820522308,0.6335403726708075,0.6931195214007067,0.5227272727272727,0.0,0.0,0.0,0.0,0.0,0.0,0.0,0.0,0.0,,,,,18473,global,0.4
1,5,lr1e-04_bs32_modL1_fusion32_fusionL1_fusionBN0_drop0p2__wd1e-04trmiss40_trlocglobal,32,0.0001,0.0001,1,32,1,False,0.2,lr1e-04_bs32_modL1_fusion32_fusionL1_fusionBN0_drop0p2__wd1e-04trmiss40_trlocglobal,4,0.6477766831715902,0.6768680810928345,0.6438923395445134,0.685157284558188,0.5,0.0,0.0,0.0,0.0,0.0,0.0,0.0,0.0,0.0,,,,,18473,global,0.4
1,5,lr1e-04_bs32_modL1_fusion32_fusionL1_fusionBN0_drop0p2__wd1e-04trmiss40_trlocglobal,32,0.0001,0.0001,1,32,1,False,0.2,lr1e-04_bs32_modL1_fusion32_fusionL1_fusionBN0_drop0p2__wd1e-04trmiss40_trlocglobal,5,0.6540179252624512,0.6753394603729248,0.650103519668737,0.6858820486806888,0.5,0.0,0.0,0.0,0.0,0.0,0.0,0.0,0.0,0.0,,,,,18473,global,0.4
1,5,lr1e-04_bs32_modL1_fusion32_fusionL1_fusionBN0_drop0p2__wd1e-04trmiss40_trlocglobal,32,0.0001,0.0001,1,32,1,False,0.2,lr1e-04_bs32_modL1_fusion32_fusionL1_fusionBN0_drop0p2__wd1e-04trmiss40_trlocglobal,6,0.6351894040902456,0.6733845770359039,0.6459627329192547,0.6832085463178823,0.5,0.0,0.0,0.0,0.0,0.0,0.0,0.0,0.0,0.0,,,,,18473,global,0.4
1,5,lr1e-04_bs32_modL1_fusion32_fusionL1_fusionBN0_drop0p2__wd1e-04trmiss40_trlocglobal,32,0.0001,0.0001,1,32,1,False,0.2,lr1e-04_bs32_modL1_fusion32_fusionL1_fusionBN0_drop0p2__wd1e-04trmiss40_trlocglobal,7,0.6334547797838846,0.6711222529411316,0.6728778467908904,0.6945964679432963,0.4772727272727273,0.0,0.0,0.0,0.0,0.0,0.0,0.0,0.0,0.0,,,,,18473,global,0.4
1,5,lr1e-04_bs32_modL1_fusion32_fusionL1_fusionBN0_drop0p2__wd1e-04trmiss40_trlocglobal,32,0.0001,0.0001,1,32,1,False,0.2,lr1e-04_bs32_modL1_fusion32_fusionL1_fusionBN0_drop0p2__wd1e-04trmiss40_trlocglobal,8,0.6231066087881724,0.6697766184806824,0.6687370600414079,0.6920563833895534,0.5,0.0,0.0,0.0,0.0,0.0,0.0,0.0,0.0,0.0,,,,,18473,global,0.4
1,5,lr1e-04_bs32_modL1_fusion32_fusionL1_fusionBN0_drop0p2__wd1e-04trmiss40_trlocglobal,32,0.0001,0.0001,1,32,1,False,0.2,lr1e-04_bs32_modL1_fusion32_fusionL1_fusionBN0_drop0p2__wd1e-04trmiss40_trlocglobal,9,0.6159357527891794,0.6666366457939148,0.670807453416149,0.6987909953426508,0.5227272727272727,0.0,0.0,0.0,0.0,0.0,0.0,0.0,0.0,0.0,,,,,18473,global,0.4
1,5,lr1e-04_bs32_modL1_fusion32_fusionL1_fusionBN0_drop0p2__wd1e-04trmiss40_trlocglobal,32,0.0001,0.0001,1,32,1,False,0.2,lr1e-04_bs32_modL1_fusion32_fusionL1_fusionBN0_drop0p2__wd1e-04trmiss40_trlocglobal,10,0.6072983841101328,0.6651268303394318,0.6790890269151139,0.6987544172827682,0.5454545454545454,0.0,0.0,0.0,0.0,0.0,0.0,0.0,0.0,0.0,,,,,18473,global,0.4
1,5,lr1e-04_bs32_modL1_fusion32_fusionL1_fusionBN0_drop0p2__wd1e-04trmiss40_trlocglobal,32,0.0001,0.0001,1,32,1,False,0.2,lr1e-04_bs32_modL1_fusion32_fusionL1_fusionBN0_drop0p2__wd1e-04trmiss40_trlocglobal,11,0.59883052110672,0.6621402502059937,0.6790890269151139,0.7016297550212904,0.5681818181818182,0.0,0.0,0.0,0.0,0.0,0.0,0.0,0.0,0.0,,,,,18473,global,0.4
1,5,lr1e-04_bs32_modL1_fusion32_fusionL1_fusionBN0_drop0p2__wd1e-04trmiss40_trlocglobal,32,0.0001,0.0001,1,32,1,False,0.2,lr1e-04_bs32_modL1_fusion32_fusionL1_fusionBN0_drop0p2__wd1e-04trmiss40_trlocglobal,12,0.583604246377945,0.6590644419193268,0.6853002070393375,0.7106727033787212,0.5909090909090909,0.0,0.0,0.0,0.0,0.0,0.0,0.0,0.0,0.0,,,,,18473,global,0.4
1,5,lr1e-04_bs32_modL1_fusion32_fusionL1_fusionBN0_drop0p2__wd1e-04trmiss40_trlocglobal,32,0.0001,0.0001,1,32,1,False,0.2,lr1e-04_bs32_modL1_fusion32_fusionL1_fusionBN0_drop0p2__wd1e-04trmiss40_trlocglobal,13,0.5859257181485494,0.6555582880973816,0.681159420289855,0.7142242684871917,0.5909090909090909,0.0,0.0,0.0,0.0,0.0,0.0,0.0,0.0,0.0,,,,,18473,global,0.4
1,5,lr1e-04_bs32_modL1_fusion32_fusionL1_fusionBN0_drop0p2__wd1e-04trmiss40_trlocglobal,32,0.0001,0.0001,1,32,1,False,0.2,lr1e-04_bs32_modL1_fusion32_fusionL1_fusionBN0_drop0p2__wd1e-04trmiss40_trlocglobal,14,0.5833076437314352,0.6538123786449432,0.6770186335403726,0.7125067762717001,0.5909090909090909,0.0,0.0,0.0,0.0,0.0,0.0,0.0,0.0,0.0,,,,,18473,global,0.4
1,5,lr1e-04_bs32_modL1_fusion32_fusionL1_fusionBN0_drop0p2__wd1e-04trmiss40_trlocglobal,32,0.0001,0.0001,1,32,1,False,0.2,lr1e-04_bs32_modL1_fusion32_fusionL1_fusionBN0_drop0p2__wd1e-04trmiss40_trlocglobal,15,0.5692427059014639,0.6544715762138367,0.679089026915114,0.705826739646715,0.5909090909090909,0.0,0.0,0.0,0.0,0.0,0.0,0.0,0.0,0.0,,,,,18473,global,0.4
1,5,lr1e-04_bs32_modL1_fusion32_fusionL1_fusionBN0_drop0p2__wd1e-04trmiss40_trlocglobal,32,0.0001,0.0001,1,32,1,False,0.2,lr1e-04_bs32_modL1_fusion32_fusionL1_fusionBN0_drop0p2__wd1e-04trmiss40_trlocglobal,16,0.5614702800909678,0.6515609920024872,0.6894409937888198,0.7156118484834825,0.5909090909090909,0.0,0.0,0.0,0.0,0.0,0.0,0.0,0.0,0.0,,,,,18473,global,0.4
1,5,lr1e-04_bs32_modL1_fusion32_fusionL1_fusionBN0_drop0p2__wd1e-04trmiss40_trlocglobal,32,0.0001,0.0001,1,32,1,False,0.2,lr1e-04_bs32_modL1_fusion32_fusionL1_fusionBN0_drop0p2__wd1e-04trmiss40_trlocglobal,17,0.5649499992529551,0.6524322926998138,0.6873706004140787,0.7079580312973098,0.5909090909090909,0.0,0.0,0.0,0.0,0.0,0.0,0.0,0.0,0.0,,,,,18473,global,0.4
1,5,lr1e-04_bs32_modL1_fusion32_fusionL1_fusionBN0_drop0p2__wd1e-04trmiss40_trlocglobal,32,0.0001,0.0001,1,32,1,False,0.2,lr1e-04_bs32_modL1_fusion32_fusionL1_fusionBN0_drop0p2__wd1e-04trmiss40_trlocglobal,18,0.5586011211077372,0.65301713347435,0.6687370600414079,0.69789361800812,0.5909090909090909,0.0,0.0,0.0,0.0,0.0,0.0,0.0,0.0,0.0,,,,,18473,global,0.4
1,5,lr1e-04_bs32_modL1_fusion32_fusionL1_fusionBN0_drop0p2__wd1e-04trmiss40_trlocglobal,32,0.0001,0.0001,1,32,1,False,0.2,lr1e-04_bs32_modL1_fusion32_fusionL1_fusionBN0_drop0p2__wd1e-04trmiss40_trlocglobal,19,0.5413169165452322,0.6504517793655396,0.6873706004140787,0.7101995525051813,0.6136363636363636,0.0,0.0,0.0,0.0,0.0,0.0,0.0,0.0,0.0,,,,,18473,global,0.4
1,5,lr1e-04_bs32_modL1_fusion32_fusionL1_fusionBN0_drop0p2__wd1e-04trmiss40_trlocglobal,32,0.0001,0.0001,1,32,1,False,0.2,lr1e-04_bs32_modL1_fusion32_fusionL1_fusionBN0_drop0p2__wd1e-04trmiss40_trlocglobal,20,0.5370839933554331,0.6493656039237976,0.6749482401656315,0.7151357761060798,0.6136363636363636,0.0,0.0,0.0,0.0,0.0,0.0,0.0,0.0,0.0,,,,,18473,global,0.4
1,5,lr1e-04_bs32_modL1_fusion32_fusionL1_fusionBN0_drop0p2__wd1e-04trmiss40_trlocglobal,32,0.0001,0.0001,1,32,1,False,0.2,lr1e-04_bs32_modL1_fusion32_fusionL1_fusionBN0_drop0p2__wd1e-04trmiss40_trlocglobal,21,0.540315200885137,0.6500577330589294,0.6583850931677018,0.7016772596174274,0.6136363636363636,0.0,0.0,0.0,0.0,0.0,0.0,0.0,0.0,0.0,,,,,18473,global,0.4
1,5,lr1e-04_bs32_modL1_fusion32_fusionL1_fusionBN0_drop0p2__wd1e-04trmiss40_trlocglobal,32,0.0001,0.0001,1,32,1,False,0.2,lr1e-04_bs32_modL1_fusion32_fusionL1_fusionBN0_drop0p2__wd1e-04trmiss40_trlocglobal,22,0.5305229624112447,0.6491003334522247,0.6625258799171843,0.7038340132428196,0.5909090909090909,0.0,0.0,0.0,0.0,0.0,0.0,0.0,0.0,0.0,,,,,18473,global,0.4
1,5,lr1e-04_bs32_modL1_fusion32_fusionL1_fusionBN0_drop0p2__wd1e-04trmiss40_trlocglobal,32,0.0001,0.0001,1,32,1,False,0.2,lr1e-04_bs32_modL1_fusion32_fusionL1_fusionBN0_drop0p2__wd1e-04trmiss40_trlocglobal,23,0.5240430434544882,0.6451453864574432,0.6666666666666666,0.7065164695439845,0.5909090909090909,0.0,0.0,0.0,0.0,0.0,0.0,0.0,0.0,0.0,,,,,18473,global,0.4
1,5,lr1e-04_bs32_modL1_fusion32_fusionL1_fusionBN0_drop0p2__wd1e-04trmiss40_trlocglobal,32,0.0001,0.0001,1,32,1,False,0.2,lr1e-04_bs32_modL1_fusion32_fusionL1_fusionBN0_drop0p2__wd1e-04trmiss40_trlocglobal,24,0.5116258760293325,0.6434935331344604,0.6645962732919255,0.7053931555460179,0.6136363636363636,0.0,0.0,0.0,0.0,0.0,0.0,0.0,0.0,0.0,,,,,18473,global,0.4
1,5,lr1e-04_bs32_modL1_fusion32_fusionL1_fusionBN0_drop0p2__wd1e-04trmiss40_trlocglobal,32,0.0001,0.0001,1,32,1,False,0.2,lr1e-04_bs32_modL1_fusion32_fusionL1_fusionBN0_drop0p2__wd1e-04trmiss40_trlocglobal,25,0.5131895740826925,0.639857679605484,0.6749482401656315,0.7081283470391665,0.6136363636363636,0.0,0.0,0.0,0.0,0.0,0.0,0.0,0.0,0.0,,,,,18473,global,0.4
1,5,lr1e-04_bs32_modL1_fusion32_fusionL1_fusionBN0_drop0p2__wd1e-04trmiss40_trlocglobal,32,0.0001,0.0001,1,32,1,False,0.2,lr1e-04_bs32_modL1_fusion32_fusionL1_fusionBN0_drop0p2__wd1e-04trmiss40_trlocglobal,26,0.5045743038256963,0.6380319893360138,0.6645962732919255,0.7038616280807476,0.6363636363636364,0.0,0.0,0.0,0.0,0.0,0.0,0.0,0.0,0.0,,,,,18473,global,0.4
1,5,lr1e-04_bs32_modL1_fusion32_fusionL1_fusionBN0_drop0p2__wd1e-04trmiss40_trlocglobal,32,0.0001,0.0001,1,32,1,False,0.2,lr1e-04_bs32_modL1_fusion32_fusionL1_fusionBN0_drop0p2__wd1e-04trmiss40_trlocglobal,27,0.49194181462128955,0.6359525918960571,0.6666666666666666,0.7047046711469712,0.6363636363636364,0.0,0.0,0.0,0.0,0.0,0.0,0.0,0.0,0.0,,,,,18473,global,0.4
1,5,lr1e-04_bs32_modL1_fusion32_fusionL1_fusionBN0_drop0p2__wd1e-04trmiss40_trlocglobal,32,0.0001,0.0001,1,32,1,False,0.2,lr1e-04_bs32_modL1_fusion32_fusionL1_fusionBN0_drop0p2__wd1e-04trmiss40_trlocglobal,28,0.49553459882736206,0.6333898603916168,0.6749482401656315,0.7089696167553995,0.5909090909090909,0.0,0.0,0.0,0.0,0.0,0.0,0.0,0.0,0.0,,,,,18473,global,0.4
1,5,lr1e-04_bs32_modL1_fusion32_fusionL1_fusionBN0_drop0p2__wd1e-04trmiss40_trlocglobal,32,0.0001,0.0001,1,32,1,False,0.2,lr1e-04_bs32_modL1_fusion32_fusionL1_fusionBN0_drop0p2__wd1e-04trmiss40_trlocglobal,29,0.4828345278898875,0.6343084573745728,0.6790890269151139,0.7135741467885196,0.5909090909090909,0.0,0.0,0.0,0.0,0.0,0.0,0.0,0.0,0.0,,,,,18473,global,0.4
1,5,lr1e-04_bs32_modL1_fusion32_fusionL1_fusionBN0_drop0p2__wd1e-04trmiss40_trlocglobal,32,0.0001,0.0001,1,32,1,False,0.2,lr1e-04_bs32_modL1_fusion32_fusionL1_fusionBN0_drop0p2__wd1e-04trmiss40_trlocglobal,30,0.4795042922099431,0.6367990970611572,0.6708074534161491,0.7033108768044907,0.5681818181818182,0.0,0.0,0.0,0.0,0.0,0.0,0.0,0.0,0.0,,,,,18473,global,0.4
1,5,lr1e-04_bs32_modL1_fusion32_fusionL1_fusionBN0_drop0p2__wd1e-04trmiss40_trlocglobal,32,0.0001,0.0001,1,32,1,False,0.2,lr1e-04_bs32_modL1_fusion32_fusionL1_fusionBN0_drop0p2__wd1e-04trmiss40_trlocglobal,31,0.46917808552583057,0.6401616334915161,0.6376811594202899,0.693824063725526,0.5681818181818182,0.0,0.0,0.0,0.0,0.0,0.0,0.0,0.0,0.0,,,,,18473,global,0.4
1,5,lr1e-04_bs32_modL1_fusion32_fusionL1_fusionBN0_drop0p2__wd1e-04trmiss40_trlocglobal,32,0.0001,0.0001,1,32,1,False,0.2,lr1e-04_bs32_modL1_fusion32_fusionL1_fusionBN0_drop0p2__wd1e-04trmiss40_trlocglobal,32,0.47823376953601837,0.6352785229682922,0.6770186335403726,0.7168972789939096,0.5681818181818182,0.0,0.0,0.0,0.0,0.0,0.0,0.0,0.0,0.0,,,,,18473,global,0.4
1,5,lr1e-04_bs32_modL1_fusion32_fusionL1_fusionBN0_drop0p2__wd1e-04trmiss40_trlocglobal,32,0.0001,0.0001,1,32,1,False,0.2,lr1e-04_bs32_modL1_fusion32_fusionL1_fusionBN0_drop0p2__wd1e-04trmiss40_trlocglobal,33,0.48058155675729114,0.6328932344913483,0.6935817805383023,0.7243778085614607,0.5681818181818182,0.0,0.0,0.0,0.0,0.0,0.0,0.0,0.0,0.0,,,,,18473,global,0.4
1,5,lr1e-04_bs32_modL1_fusion32_fusionL1_fusionBN0_drop0p2__wd1e-04trmiss40_trlocglobal,32,0.0001,0.0001,1,32,1,False,0.2,lr1e-04_bs32_modL1_fusion32_fusionL1_fusionBN0_drop0p2__wd1e-04trmiss40_trlocglobal,34,0.46364522476991016,0.6324127316474915,0.6935817805383023,0.722911579024658,0.5909090909090909,0.0,0.0,0.0,0.0,0.0,0.0,0.0,0.0,0.0,,,,,18473,global,0.4
1,5,lr1e-04_bs32_modL1_fusion32_fusionL1_fusionBN0_drop0p2__wd1e-04trmiss40_trlocglobal,32,0.0001,0.0001,1,32,1,False,0.2,lr1e-04_bs32_modL1_fusion32_fusionL1_fusionBN0_drop0p2__wd1e-04trmiss40_trlocglobal,35,0.4586474100748698,0.6338101625442505,0.6853002070393375,0.7186160344892334,0.5681818181818182,0.0,0.0,0.0,0.0,0.0,0.0,0.0,0.0,0.0,,,,,18473,global,0.4
1,5,lr1e-04_bs32_modL1_fusion32_fusionL1_fusionBN0_drop0p2__wd1e-04trmiss40_trlocglobal,32,0.0001,0.0001,1,32,1,False,0.2,lr1e-04_bs32_modL1_fusion32_fusionL1_fusionBN0_drop0p2__wd1e-04trmiss40_trlocglobal,36,0.45712003608544666,0.6322013139724731,0.6811594202898551,0.7126746026029478,0.5681818181818182,0.0,0.0,0.0,0.0,0.0,0.0,0.0,0.0,0.0,,,,,18473,global,0.4
1,5,lr1e-04_bs32_modL1_fusion32_fusionL1_fusionBN0_drop0p2__wd1e-04trmiss40_trlocglobal,32,0.0001,0.0001,1,32,1,False,0.2,lr1e-04_bs32_modL1_fusion32_fusionL1_fusionBN0_drop0p2__wd1e-04trmiss40_trlocglobal,37,0.44039759536584216,0.632578581571579,0.6666666666666666,0.7049043176230558,0.5681818181818182,0.0,0.0,0.0,0.0,0.0,0.0,0.0,0.0,0.0,,,,,18473,global,0.4
1,5,lr1e-04_bs32_modL1_fusion32_fusionL1_fusionBN0_drop0p2__wd1e-04trmiss40_trlocglobal,32,0.0001,0.0001,1,32,1,False,0.2,lr1e-04_bs32_modL1_fusion32_fusionL1_fusionBN0_drop0p2__wd1e-04trmiss40_trlocglobal,38,0.44294491906960803,0.6313247680664062,0.6666666666666666,0.7067194088124591,0.5681818181818182,0.0,0.0,0.0,0.0,0.0,0.0,0.0,0.0,0.0,,,,,18473,global,0.4
1,5,lr1e-04_bs32_modL1_fusion32_fusionL1_fusionBN0_drop0p2__wd1e-04trmiss40_trlocglobal,32,0.0001,0.0001,1,32,1,False,0.2,lr1e-04_bs32_modL1_fusion32_fusionL1_fusionBN0_drop0p2__wd1e-04trmiss40_trlocglobal,39,0.4332287510236104,0.6286934316158295,0.6770186335403726,0.7141119898881778,0.5681818181818182,0.0,0.0,0.0,0.0,0.0,0.0,0.0,0.0,0.0,,,,,18473,global,0.4
1,5,lr1e-04_bs32_modL1_fusion32_fusionL1_fusionBN0_drop0p2__wd1e-04trmiss40_trlocglobal,32,0.0001,0.0001,1,32,1,False,0.2,lr1e-04_bs32_modL1_fusion32_fusionL1_fusionBN0_drop0p2__wd1e-04trmiss40_trlocglobal,40,0.4353099813063939,0.6249284148216248,0.6956521739130436,0.7266321392736899,0.5681818181818182,0.0,0.0,0.0,0.0,0.0,0.0,0.0,0.0,0.0,,,,,18473,global,0.4
1,5,lr1e-04_bs32_modL1_fusion32_fusionL1_fusionBN0_drop0p2__wd1e-04trmiss40_trlocglobal,32,0.0001,0.0001,1,32,1,False,0.2,lr1e-04_bs32_modL1_fusion32_fusionL1_fusionBN0_drop0p2__wd1e-04trmiss40_trlocglobal,41,0.44507234791914624,0.6248063743114471,0.6811594202898551,0.7175090200503575,0.5681818181818182,0.0,0.0,0.0,0.0,0.0,0.0,0.0,0.0,0.0,,,,,18473,global,0.4
1,5,lr1e-04_bs32_modL1_fusion32_fusionL1_fusionBN0_drop0p2__wd1e-04trmiss40_trlocglobal,32,0.0001,0.0001,1,32,1,False,0.2,lr1e-04_bs32_modL1_fusion32_fusionL1_fusionBN0_drop0p2__wd1e-04trmiss40_trlocglobal,42,0.42328918476899463,0.6240165829658508,0.6708074534161491,0.7120613421610834,0.5681818181818182,0.0,0.0,0.0,0.0,0.0,0.0,0.0,0.0,0.0,,,,,18473,global,0.4
1,5,lr1e-04_bs32_modL1_fusion32_fusionL1_fusionBN0_drop0p2__wd1e-04trmiss40_trlocglobal,32,0.0001,0.0001,1,32,1,False,0.2,lr1e-04_bs32_modL1_fusion32_fusionL1_fusionBN0_drop0p2__wd1e-04trmiss40_trlocglobal,43,0.4296520799398422,0.6248714923858643,0.650103519668737,0.7009362727079271,0.5681818181818182,0.0,0.0,0.0,0.0,0.0,0.0,0.0,0.0,0.0,,,,,18473,global,0.4
1,5,lr1e-04_bs32_modL1_fusion32_fusionL1_fusionBN0_drop0p2__wd1e-04trmiss40_trlocglobal,32,0.0001,0.0001,1,32,1,False,0.2,lr1e-04_bs32_modL1_fusion32_fusionL1_fusionBN0_drop0p2__wd1e-04trmiss40_trlocglobal,44,0.43821247418721515,0.6243218779563904,0.6438923395445134,0.6959862151945615,0.5681818181818182,0.0,0.0,0.0,0.0,0.0,0.0,0.0,0.0,0.0,,,,,18473,global,0.4
1,5,lr1e-04_bs32_modL1_fusion32_fusionL1_fusionBN0_drop0p2__wd1e-04trmiss40_trlocglobal,32,0.0001,0.0001,1,32,1,False,0.2,lr1e-04_bs32_modL1_fusion32_fusionL1_fusionBN0_drop0p2__wd1e-04trmiss40_trlocglobal,45,0.41956205169359845,0.6237524747848511,0.6521739130434783,0.7013582666535696,0.5681818181818182,0.0,0.0,0.0,0.0,0.0,0.0,0.0,0.0,0.0,,,,,18473,global,0.4
1,5,lr1e-04_bs32_modL1_fusion32_fusionL1_fusionBN0_drop0p2__wd1e-04trmiss40_trlocglobal,32,0.0001,0.0001,1,32,1,False,0.2,lr1e-04_bs32_modL1_fusion32_fusionL1_fusionBN0_drop0p2__wd1e-04trmiss40_trlocglobal,46,0.42045892278353375,0.6216291785240173,0.6645962732919254,0.7076524061581633,0.5681818181818182,0.0,0.0,0.0,0.0,0.0,0.0,0.0,0.0,0.0,,,,,18473,global,0.4
1,5,lr1e-04_bs32_modL1_fusion32_fusionL1_fusionBN0_drop0p2__wd1e-04trmiss40_trlocglobal,32,0.0001,0.0001,1,32,1,False,0.2,lr1e-04_bs32_modL1_fusion32_fusionL1_fusionBN0_drop0p2__wd1e-04trmiss40_trlocglobal,47,0.41034209231535596,0.6213723421096802,0.6459627329192547,0.6992431983336469,0.5681818181818182,0.0,0.0,0.0,0.0,0.0,0.0,0.0,0.0,0.0,,,,,18473,global,0.4
1,5,lr1e-04_bs32_modL1_fusion32_fusionL1_fusionBN0_drop0p2__wd1e-04trmiss40_trlocglobal,32,0.0001,0.0001,1,32,1,False,0.2,lr1e-04_bs32_modL1_fusion32_fusionL1_fusionBN0_drop0p2__wd1e-04trmiss40_trlocglobal,48,0.41502972443898517,0.6216803193092346,0.6542443064182195,0.7034091209508827,0.5681818181818182,0.0,0.0,0.0,0.0,0.0,0.0,0.0,0.0,0.0,,,,,18473,global,0.4
1,5,lr1e-04_bs32_modL1_fusion32_fusionL1_fusionBN0_drop0p2__wd1e-04trmiss40_trlocglobal,32,0.0001,0.0001,1,32,1,False,0.2,lr1e-04_bs32_modL1_fusion32_fusionL1_fusionBN0_drop0p2__wd1e-04trmiss40_trlocglobal,49,0.39642635484536487,0.6229628026485443,0.6459627329192547,0.6992696755486316,0.5681818181818182,0.0,0.0,0.0,0.0,0.0,0.0,0.0,0.0,0.0,,,,,18473,global,0.4
1,5,lr1e-04_bs32_modL1_fusion32_fusionL1_fusionBN0_drop0p2__wd1e-04trmiss40_trlocglobal,32,0.0001,0.0001,1,32,1,False,0.2,lr1e-04_bs32_modL1_fusion32_fusionL1_fusionBN0_drop0p2__wd1e-04trmiss40_trlocglobal,50,0.3973119805256526,0.6216659545898438,0.6480331262939959,0.7002606330613284,0.5681818181818182,0.0,0.0,0.0,0.0,0.0,0.0,0.0,0.0,0.0,,,,,18473,global,0.4
1,5,lr1e-04_bs32_modL1_fusion32_fusionL1_fusionBN0_drop0p2__wd1e-04trmiss40_trlocglobal,32,0.0001,0.0001,1,32,1,False,0.2,lr1e-04_bs32_modL1_fusion32_fusionL1_fusionBN0_drop0p2__wd1e-04trmiss40_trlocglobal,51,0.3936315327882767,0.6206858158111572,0.6480331262939959,0.7008344162397462,0.5681818181818182,0.0,0.0,0.0,0.0,0.0,0.0,0.0,0.0,0.0,,,,,18473,global,0.4
1,5,lr1e-04_bs32_modL1_fusion32_fusionL1_fusionBN0_drop0p2__wd1e-04trmiss40_trlocglobal,32,0.0001,0.0001,1,32,1,False,0.2,lr1e-04_bs32_modL1_fusion32_fusionL1_fusionBN0_drop0p2__wd1e-04trmiss40_trlocglobal,52,0.39442168672879535,0.6186044216156006,0.6459627329192545,0.6980775933256371,0.5681818181818182,0.0,0.0,0.0,0.0,0.0,0.0,0.0,0.0,0.0,,,,,18473,global,0.4
1,5,lr1e-04_bs32_modL1_fusion32_fusionL1_fusionBN0_drop0p2__wd1e-04trmiss40_trlocglobal,32,0.0001,0.0001,1,32,1,False,0.2,lr1e-04_bs32_modL1_fusion32_fusionL1_fusionBN0_drop0p2__wd1e-04trmiss40_trlocglobal,53,0.40230579674243927,0.6183087825775146,0.650103519668737,0.7077971900490145,0.5681818181818182,0.0,0.0,0.0,0.0,0.0,0.0,0.0,0.0,0.0,,,,,18473,global,0.4
1,5,lr1e-04_bs32_modL1_fusion32_fusionL1_fusionBN0_drop0p2__wd1e-04trmiss40_trlocglobal,32,0.0001,0.0001,1,32,1,False,0.2,lr1e-04_bs32_modL1_fusion32_fusionL1_fusionBN0_drop0p2__wd1e-04trmiss40_trlocglobal,54,0.40115759273370105,0.6189110279083252,0.639751552795031,0.703154844200574,0.5681818181818182,0.0,0.0,0.0,0.0,0.0,0.0,0.0,0.0,0.0,,,,,18473,global,0.4
1,5,lr1e-04_bs32_modL1_fusion32_fusionL1_fusionBN0_drop0p2__wd1e-04trmiss40_trlocglobal,32,0.0001,0.0001,1,32,1,False,0.2,lr1e-04_bs32_modL1_fusion32_fusionL1_fusionBN0_drop0p2__wd1e-04trmiss40_trlocglobal,55,0.3902389854192734,0.6192896366119385,0.6376811594202898,0.7029626714088715,0.5909090909090909,0.0,0.0,0.0,0.0,0.0,0.0,0.0,0.0,0.0,,,,,18473,global,0.4
1,5,lr1e-04_bs32_modL1_fusion32_fusionL1_fusionBN0_drop0p2__wd1e-04trmiss40_trlocglobal,32,0.0001,0.0001,1,32,1,False,0.2,lr1e-04_bs32_modL1_fusion32_fusionL1_fusionBN0_drop0p2__wd1e-04trmiss40_trlocglobal,56,0.39118151863416034,0.618866503238678,0.6418219461697723,0.7055369649090959,0.5681818181818182,0.0,0.0,0.0,0.0,0.0,0.0,0.0,0.0,0.0,,,,,18473,global,0.4
1,5,lr1e-04_bs32_modL1_fusion32_fusionL1_fusionBN0_drop0p2__wd1e-04trmiss40_trlocglobal,32,0.0001,0.0001,1,32,1,False,0.2,lr1e-04_bs32_modL1_fusion32_fusionL1_fusionBN0_drop0p2__wd1e-04trmiss40_trlocglobal,57,0.3859853893518448,0.618790477514267,0.6480331262939959,0.7071075134180174,0.5681818181818182,0.0,0.0,0.0,0.0,0.0,0.0,0.0,0.0,0.0,,,,,18473,global,0.4
1,5,lr1e-04_bs32_modL1_fusion32_fusionL1_fusionBN0_drop0p2__wd1e-04trmiss40_trlocglobal,32,0.0001,0.0001,1,32,1,False,0.2,lr1e-04_bs32_modL1_fusion32_fusionL1_fusionBN0_drop0p2__wd1e-04trmiss40_trlocglobal,58,0.3741032878557841,0.6194086968898773,0.6438923395445134,0.6982212728055803,0.5681818181818182,0.0,0.0,0.0,0.0,0.0,0.0,0.0,0.0,0.0,,,,,18473,global,0.4
1,5,lr1e-04_bs32_modL1_fusion32_fusionL1_fusionBN0_drop0p2__wd1e-04trmiss40_trlocglobal,32,0.0001,0.0001,1,32,1,False,0.2,lr1e-04_bs32_modL1_fusion32_fusionL1_fusionBN0_drop0p2__wd1e-04trmiss40_trlocglobal,59,0.39256123701731366,0.619154304265976,0.6542443064182195,0.7108778326037868,0.5681818181818182,0.0,0.0,0.0,0.0,0.0,0.0,0.0,0.0,0.0,,,,,18473,global,0.4
1,5,lr1e-04_bs32_modL1_fusion32_fusionL1_fusionBN0_drop0p2__wd1e-04trmiss40_trlocglobal,32,0.0001,0.0001,1,32,1,False,0.2,lr1e-04_bs32_modL1_fusion32_fusionL1_fusionBN0_drop0p2__wd1e-04trmiss40_trlocglobal,60,0.37750797470410663,0.6200990378856659,0.6480331262939959,0.7074990576435232,0.5681818181818182,0.0,0.0,0.0,0.0,0.0,0.0,0.0,0.0,0.0,,,,,18473,global,0.4
1,5,lr1e-04_bs32_modL1_fusion32_fusionL1_fusionBN0_drop0p1__wd1e-04trmiss40_trlocglobal,32,0.0001,0.0001,1,32,1,False,0.1,lr1e-04_bs32_modL1_fusion32_fusionL1_fusionBN0_drop0p1__wd1e-04trmiss40_trlocglobal,1,0.7142003774642944,0.6964897513389587,0.5610766045548654,0.5803074204131579,0.4772727272727273,0.0,0.0,0.0,0.0,0.0,0.0,0.0,0.0,0.0,,,,,18473,global,0.4
1,5,lr1e-04_bs32_modL1_fusion32_fusionL1_fusionBN0_drop0p1__wd1e-04trmiss40_trlocglobal,32,0.0001,0.0001,1,32,1,False,0.1,lr1e-04_bs32_modL1_fusion32_fusionL1_fusionBN0_drop0p1__wd1e-04trmiss40_trlocglobal,2,0.6810825169086456,0.6909315586090088,0.5942028985507246,0.629927632388079,0.4772727272727273,0.0,0.0,0.0,0.0,0.0,0.0,0.0,0.0,0.0,,,,,18473,global,0.4
1,5,lr1e-04_bs32_modL1_fusion32_fusionL1_fusionBN0_drop0p1__wd1e-04trmiss40_trlocglobal,32,0.0001,0.0001,1,32,1,False,0.1,lr1e-04_bs32_modL1_fusion32_fusionL1_fusionBN0_drop0p1__wd1e-04trmiss40_trlocglobal,3,0.6733766794204712,0.6887881755828857,0.5900621118012424,0.6380971793677217,0.5,0.0,0.0,0.0,0.0,0.0,0.0,0.0,0.0,0.0,,,,,18473,global,0.4
1,5,lr1e-04_bs32_modL1_fusion32_fusionL1_fusionBN0_drop0p1__wd1e-04trmiss40_trlocglobal,32,0.0001,0.0001,1,32,1,False,0.1,lr1e-04_bs32_modL1_fusion32_fusionL1_fusionBN0_drop0p1__wd1e-04trmiss40_trlocglobal,4,0.661580502986908,0.6867269277572632,0.6066252587991718,0.658034515925349,0.5,0.0,0.0,0.0,0.0,0.0,0.0,0.0,0.0,0.0,,,,,18473,global,0.4
1,5,lr1e-04_bs32_modL1_fusion32_fusionL1_fusionBN0_drop0p1__wd1e-04trmiss40_trlocglobal,32,0.0001,0.0001,1,32,1,False,0.1,lr1e-04_bs32_modL1_fusion32_fusionL1_fusionBN0_drop0p1__wd1e-04trmiss40_trlocglobal,5,0.6432276864846548,0.6865472793579102,0.6107660455486543,0.6516288296055884,0.5,0.0,0.0,0.0,0.0,0.0,0.0,0.0,0.0,0.0,,,,,18473,global,0.4
1,5,lr1e-04_bs32_modL1_fusion32_fusionL1_fusionBN0_drop0p1__wd1e-04trmiss40_trlocglobal,32,0.0001,0.0001,1,32,1,False,0.1,lr1e-04_bs32_modL1_fusion32_fusionL1_fusionBN0_drop0p1__wd1e-04trmiss40_trlocglobal,6,0.6374015510082245,0.6863541603088379,0.6231884057971014,0.6497320338440455,0.5,0.0,0.0,0.0,0.0,0.0,0.0,0.0,0.0,0.0,,,,,18473,global,0.4
1,5,lr1e-04_bs32_modL1_fusion32_fusionL1_fusionBN0_drop0p1__wd1e-04trmiss40_trlocglobal,32,0.0001,0.0001,1,32,1,False,0.1,lr1e-04_bs32_modL1_fusion32_fusionL1_fusionBN0_drop0p1__wd1e-04trmiss40_trlocglobal,7,0.621941993633906,0.6828268468379974,0.6521739130434783,0.670507854810678,0.5227272727272727,0.0,0.0,0.0,0.0,0.0,0.0,0.0,0.0,0.0,,,,,18473,global,0.4
1,5,lr1e-04_bs32_modL1_fusion32_fusionL1_fusionBN0_drop0p1__wd1e-04trmiss40_trlocglobal,32,0.0001,0.0001,1,32,1,False,0.1,lr1e-04_bs32_modL1_fusion32_fusionL1_fusionBN0_drop0p1__wd1e-04trmiss40_trlocglobal,8,0.6151922245820364,0.6809486150741577,0.658385093167702,0.6644535430612157,0.5454545454545454,0.0,0.0,0.0,0.0,0.0,0.0,0.0,0.0,0.0,,,,,18473,global,0.4
1,5,lr1e-04_bs32_modL1_fusion32_fusionL1_fusionBN0_drop0p1__wd1e-04trmiss40_trlocglobal,32,0.0001,0.0001,1,32,1,False,0.1,lr1e-04_bs32_modL1_fusion32_fusionL1_fusionBN0_drop0p1__wd1e-04trmiss40_trlocglobal,9,0.6031522154808044,0.6794154644012451,0.6728778467908904,0.6717845964989622,0.5681818181818182,0.0,0.0,0.0,0.0,0.0,0.0,0.0,0.0,0.0,,,,,18473,global,0.4
1,5,lr1e-04_bs32_modL1_fusion32_fusionL1_fusionBN0_drop0p1__wd1e-04trmiss40_trlocglobal,32,0.0001,0.0001,1,32,1,False,0.1,lr1e-04_bs32_modL1_fusion32_fusionL1_fusionBN0_drop0p1__wd1e-04trmiss40_trlocglobal,10,0.5947597324848175,0.6766592264175415,0.681159420289855,0.6752995017478719,0.5909090909090909,0.0,0.0,0.0,0.0,0.0,0.0,0.0,0.0,0.0,,,,,18473,global,0.4
1,5,lr1e-04_bs32_modL1_fusion32_fusionL1_fusionBN0_drop0p1__wd1e-04trmiss40_trlocglobal,32,0.0001,0.0001,1,32,1,False,0.1,lr1e-04_bs32_modL1_fusion32_fusionL1_fusionBN0_drop0p1__wd1e-04trmiss40_trlocglobal,11,0.5922010044256846,0.6732348203659058,0.6811594202898551,0.6587043951482507,0.5909090909090909,0.0,0.0,0.0,0.0,0.0,0.0,0.0,0.0,0.0,,,,,18473,global,0.4
1,5,lr1e-04_bs32_modL1_fusion32_fusionL1_fusionBN0_drop0p1__wd1e-04trmiss40_trlocglobal,32,0.0001,0.0001,1,32,1,False,0.1,lr1e-04_bs32_modL1_fusion32_fusionL1_fusionBN0_drop0p1__wd1e-04trmiss40_trlocglobal,12,0.580149362484614,0.6710332334041595,0.6894409937888198,0.6756300886417536,0.5909090909090909,0.0,0.0,0.0,0.0,0.0,0.0,0.0,0.0,0.0,,,,,18473,global,0.4
1,5,lr1e-04_bs32_modL1_fusion32_fusionL1_fusionBN0_drop0p1__wd1e-04trmiss40_trlocglobal,32,0.0001,0.0001,1,32,1,False,0.1,lr1e-04_bs32_modL1_fusion32_fusionL1_fusionBN0_drop0p1__wd1e-04trmiss40_trlocglobal,13,0.5804033180077871,0.672572135925293,0.6728778467908902,0.6855126653713073,0.6136363636363636,0.0,0.0,0.0,0.0,0.0,0.0,0.0,0.0,0.0,,,,,18473,global,0.4
1,5,lr1e-04_bs32_modL1_fusion32_fusionL1_fusionBN0_drop0p1__wd1e-04trmiss40_trlocglobal,32,0.0001,0.0001,1,32,1,False,0.1,lr1e-04_bs32_modL1_fusion32_fusionL1_fusionBN0_drop0p1__wd1e-04trmiss40_trlocglobal,14,0.5688668290774027,0.6726447641849518,0.6749482401656315,0.6879913506744293,0.6136363636363636,0.0,0.0,0.0,0.0,0.0,0.0,0.0,0.0,0.0,,,,,18473,global,0.4
1,5,lr1e-04_bs32_modL1_fusion32_fusionL1_fusionBN0_drop0p1__wd1e-04trmiss40_trlocglobal,32,0.0001,0.0001,1,32,1,False,0.1,lr1e-04_bs32_modL1_fusion32_fusionL1_fusionBN0_drop0p1__wd1e-04trmiss40_trlocglobal,15,0.5598106185595194,0.6716601848602295,0.6314699792960662,0.6713123790825402,0.5227272727272727,0.0,0.0,0.0,0.0,0.0,0.0,0.0,0.0,0.0,,,,,18473,global,0.4
1,5,lr1e-04_bs32_modL1_fusion32_fusionL1_fusionBN0_drop0p1__wd1e-04trmiss40_trlocglobal,32,0.0001,0.0001,1,32,1,False,0.1,lr1e-04_bs32_modL1_fusion32_fusionL1_fusionBN0_drop0p1__wd1e-04trmiss40_trlocglobal,16,0.5552159448464712,0.6713144779205322,0.660455486542443,0.6751058915309975,0.6136363636363636,0.0,0.0,0.0,0.0,0.0,0.0,0.0,0.0,0.0,,,,,18473,global,0.4
1,5,lr1e-04_bs32_modL1_fusion32_fusionL1_fusionBN0_drop0p1__wd1e-04trmiss40_trlocglobal,32,0.0001,0.0001,1,32,1,False,0.1,lr1e-04_bs32_modL1_fusion32_fusionL1_fusionBN0_drop0p1__wd1e-04trmiss40_trlocglobal,17,0.5388965706030527,0.6682990193367004,0.670807453416149,0.6803142913134164,0.6818181818181818,0.0,0.0,0.0,0.0,0.0,0.0,0.0,0.0,0.0,,,,,18473,global,0.4
1,5,lr1e-04_bs32_modL1_fusion32_fusionL1_fusionBN0_drop0p1__wd1e-04trmiss40_trlocglobal,32,0.0001,0.0001,1,32,1,False,0.1,lr1e-04_bs32_modL1_fusion32_fusionL1_fusionBN0_drop0p1__wd1e-04trmiss40_trlocglobal,18,0.5361044804255167,0.668830007314682,0.6666666666666667,0.6837611068072694,0.6590909090909091,0.0,0.0,0.0,0.0,0.0,0.0,0.0,0.0,0.0,,,,,18473,global,0.4
1,5,lr1e-04_bs32_modL1_fusion32_fusionL1_fusionBN0_drop0p1__wd1e-04trmiss40_trlocglobal,32,0.0001,0.0001,1,32,1,False,0.1,lr1e-04_bs32_modL1_fusion32_fusionL1_fusionBN0_drop0p1__wd1e-04trmiss40_trlocglobal,19,0.5305145084857941,0.6709839999675751,0.6521739130434783,0.6711208008210328,0.6363636363636364,0.0,0.0,0.0,0.0,0.0,0.0,0.0,0.0,0.0,,,,,18473,global,0.4
1,5,lr1e-04_bs32_modL1_fusion32_fusionL1_fusionBN0_drop0p1__wd1e-04trmiss40_trlocglobal,32,0.0001,0.0001,1,32,1,False,0.1,lr1e-04_bs32_modL1_fusion32_fusionL1_fusionBN0_drop0p1__wd1e-04trmiss40_trlocglobal,20,0.5200410882631937,0.6700689792633057,0.6480331262939959,0.6525629197715648,0.6363636363636364,0.0,0.0,0.0,0.0,0.0,0.0,0.0,0.0,0.0,,,,,18473,global,0.4
1,5,lr1e-04_bs32_modL1_fusion32_fusionL1_fusionBN0_drop0p1__wd1e-04trmiss40_trlocglobal,32,0.0001,0.0001,1,32,1,False,0.1,lr1e-04_bs32_modL1_fusion32_fusionL1_fusionBN0_drop0p1__wd1e-04trmiss40_trlocglobal,21,0.5149386922518412,0.6693150401115417,0.6418219461697723,0.6513377243719529,0.6363636363636364,0.0,0.0,0.0,0.0,0.0,0.0,0.0,0.0,0.0,,,,,18473,global,0.4
1,5,lr1e-04_bs32_modL1_fusion32_fusionL1_fusionBN0_drop0p1__wd1e-04trmiss40_trlocglobal,32,0.0001,0.0001,1,32,1,False,0.1,lr1e-04_bs32_modL1_fusion32_fusionL1_fusionBN0_drop0p1__wd1e-04trmiss40_trlocglobal,22,0.5080987215042114,0.6669901013374329,0.6542443064182195,0.6615489107943908,0.6590909090909091,0.0,0.0,0.0,0.0,0.0,0.0,0.0,0.0,0.0,,,,,18473,global,0.4
1,5,lr1e-04_bs32_modL1_fusion32_fusionL1_fusionBN0_drop0p1__wd1e-04trmiss40_trlocglobal,32,0.0001,0.0001,1,32,1,False,0.1,lr1e-04_bs32_modL1_fusion32_fusionL1_fusionBN0_drop0p1__wd1e-04trmiss40_trlocglobal,23,0.5003790855407715,0.6671879291534424,0.6480331262939958,0.6706229972724375,0.6136363636363636,0.0,0.0,0.0,0.0,0.0,0.0,0.0,0.0,0.0,,,,,18473,global,0.4
1,5,lr1e-04_bs32_modL1_fusion32_fusionL1_fusionBN0_drop0p1__wd1e-04trmiss40_trlocglobal,32,0.0001,0.0001,1,32,1,False,0.1,lr1e-04_bs32_modL1_fusion32_fusionL1_fusionBN0_drop0p1__wd1e-04trmiss40_trlocglobal,24,0.49215029180049896,0.6640070676803589,0.6480331262939959,0.6552249572402641,0.5909090909090909,0.0,0.0,0.0,0.0,0.0,0.0,0.0,0.0,0.0,,,,,18473,global,0.4
1,5,lr1e-04_bs32_modL1_fusion32_fusionL1_fusionBN0_drop0p1__wd1e-04trmiss40_trlocglobal,32,0.0001,0.0001,1,32,1,False,0.1,lr1e-04_bs32_modL1_fusion32_fusionL1_fusionBN0_drop0p1__wd1e-04trmiss40_trlocglobal,25,0.48447854320208233,0.6585741341114044,0.6687370600414079,0.692937486417315,0.6590909090909091,0.0,0.0,0.0,0.0,0.0,0.0,0.0,0.0,0.0,,,,,18473,global,0.4
1,5,lr1e-04_bs32_modL1_fusion32_fusionL1_fusionBN0_drop0p1__wd1e-04trmiss40_trlocglobal,32,0.0001,0.0001,1,32,1,False,0.1,lr1e-04_bs32_modL1_fusion32_fusionL1_fusionBN0_drop0p1__wd1e-04trmiss40_trlocglobal,26,0.48199282089869183,0.6589245498180389,0.6563146997929606,0.6737763333440088,0.6363636363636364,0.0,0.0,0.0,0.0,0.0,0.0,0.0,0.0,0.0,,,,,18473,global,0.4
1,5,lr1e-04_bs32_modL1_fusion32_fusionL1_fusionBN0_drop0p1__wd1e-04trmiss40_trlocglobal,32,0.0001,0.0001,1,32,1,False,0.1,lr1e-04_bs32_modL1_fusion32_fusionL1_fusionBN0_drop0p1__wd1e-04trmiss40_trlocglobal,27,0.4694374551375707,0.6601946949958801,0.6438923395445134,0.6350783866363084,0.6363636363636364,0.0,0.0,0.0,0.0,0.0,0.0,0.0,0.0,0.0,,,,,18473,global,0.4
1,5,lr1e-04_bs32_modL1_fusion32_fusionL1_fusionBN0_drop0p1__wd1e-04trmiss40_trlocglobal,32,0.0001,0.0001,1,32,1,False,0.1,lr1e-04_bs32_modL1_fusion32_fusionL1_fusionBN0_drop0p1__wd1e-04trmiss40_trlocglobal,28,0.4573349207639694,0.6614999771118164,0.6314699792960662,0.633666823101371,0.6363636363636364,0.0,0.0,0.0,0.0,0.0,0.0,0.0,0.0,0.0,,,,,18473,global,0.4
1,5,lr1e-04_bs32_modL1_fusion32_fusionL1_fusionBN0_drop0p1__wd1e-04trmiss40_trlocglobal,32,0.0001,0.0001,1,32,1,False,0.1,lr1e-04_bs32_modL1_fusion32_fusionL1_fusionBN0_drop0p1__wd1e-04trmiss40_trlocglobal,29,0.4568205972512563,0.6617816984653473,0.6335403726708074,0.670322532050743,0.6363636363636364,0.0,0.0,0.0,0.0,0.0,0.0,0.0,0.0,0.0,,,,,18473,global,0.4
1,5,lr1e-04_bs32_modL1_fusion32_fusionL1_fusionBN0_drop0p1__wd1e-04trmiss40_trlocglobal,32,0.0001,0.0001,1,32,1,False,0.1,lr1e-04_bs32_modL1_fusion32_fusionL1_fusionBN0_drop0p1__wd1e-04trmiss40_trlocglobal,30,0.45353002349535626,0.6630850732326508,0.6190476190476191,0.6721616216824904,0.6363636363636364,0.0,0.0,0.0,0.0,0.0,0.0,0.0,0.0,0.0,,,,,18473,global,0.4
1,5,lr1e-04_bs32_modL1_fusion32_fusionL1_fusionBN0_drop0p1__wd1e-04trmiss40_trlocglobal,32,0.0001,0.0001,1,32,1,False,0.1,lr1e-04_bs32_modL1_fusion32_fusionL1_fusionBN0_drop0p1__wd1e-04trmiss40_trlocglobal,31,0.4473370263973872,0.6626377105712891,0.6211180124223602,0.6695080699857925,0.6363636363636364,0.0,0.0,0.0,0.0,0.0,0.0,0.0,0.0,0.0,,,,,18473,global,0.4
1,5,lr1e-04_bs32_modL1_fusion32_fusionL1_fusionBN0_drop0p1__wd1e-04trmiss40_trlocglobal,32,0.0001,0.0001,1,32,1,False,0.1,lr1e-04_bs32_modL1_fusion32_fusionL1_fusionBN0_drop0p1__wd1e-04trmiss40_trlocglobal,32,0.4401257087786992,0.6636857986450195,0.608695652173913,0.650932820634716,0.6363636363636364,0.0,0.0,0.0,0.0,0.0,0.0,0.0,0.0,0.0,,,,,18473,global,0.4
1,5,lr5e-05_bs32_modL1_fusion16_fusionL1_fusionBN0_drop0p2__wd1e-04trmiss40_trlocglobal,32,5e-05,0.0001,1,16,1,False,0.2,lr5e-05_bs32_modL1_fusion16_fusionL1_fusionBN0_drop0p2__wd1e-04trmiss40_trlocglobal,1,0.6959504584471384,0.6963682174682617,0.6459627329192547,0.7106568474565793,0.5227272727272727,0.0,0.0,0.0,0.0,0.0,0.0,0.0,0.0,0.0,,,,,18473,global,0.4
1,5,lr5e-05_bs32_modL1_fusion16_fusionL1_fusionBN0_drop0p2__wd1e-04trmiss40_trlocglobal,32,5e-05,0.0001,1,16,1,False,0.2,lr5e-05_bs32_modL1_fusion16_fusionL1_fusionBN0_drop0p2__wd1e-04trmiss40_trlocglobal,2,0.6902724405129751,0.6918366253376007,0.6563146997929606,0.7079328223124312,0.5227272727272727,0.0,0.0,0.0,0.0,0.0,0.0,0.0,0.0,0.0,,,,,18473,global,0.4
1,5,lr5e-05_bs32_modL1_fusion16_fusionL1_fusionBN0_drop0p2__wd1e-04trmiss40_trlocglobal,32,5e-05,0.0001,1,16,1,False,0.2,lr5e-05_bs32_modL1_fusion16_fusionL1_fusionBN0_drop0p2__wd1e-04trmiss40_trlocglobal,3,0.6823779841264089,0.687176913022995,0.6811594202898551,0.7110341294690237,0.5227272727272727,0.0,0.0,0.0,0.0,0.0,0.0,0.0,0.0,0.0,,,,,18473,global,0.4
1,5,lr5e-05_bs32_modL1_fusion16_fusionL1_fusionBN0_drop0p2__wd1e-04trmiss40_trlocglobal,32,5e-05,0.0001,1,16,1,False,0.2,lr5e-05_bs32_modL1_fusion16_fusionL1_fusionBN0_drop0p2__wd1e-04trmiss40_trlocglobal,4,0.6660209496816,0.6840704381465912,0.6997929606625259,0.7195382408603179,0.5227272727272727,0.0,0.0,0.0,0.0,0.0,0.0,0.0,0.0,0.0,,,,,18473,global,0.4
1,5,lr5e-05_bs32_modL1_fusion16_fusionL1_fusionBN0_drop0p2__wd1e-04trmiss40_trlocglobal,32,5e-05,0.0001,1,16,1,False,0.2,lr5e-05_bs32_modL1_fusion16_fusionL1_fusionBN0_drop0p2__wd1e-04trmiss40_trlocglobal,5,0.6618969539801279,0.6808454692363739,0.6956521739130435,0.7177400438343671,0.5227272727272727,0.0,0.0,0.0,0.0,0.0,0.0,0.0,0.0,0.0,,,,,18473,global,0.4
1,5,lr5e-05_bs32_modL1_fusion16_fusionL1_fusionBN0_drop0p2__wd1e-04trmiss40_trlocglobal,32,5e-05,0.0001,1,16,1,False,0.2,lr5e-05_bs32_modL1_fusion16_fusionL1_fusionBN0_drop0p2__wd1e-04trmiss40_trlocglobal,6,0.6554860472679138,0.6791365146636963,0.7039337474120082,0.7340743221865276,0.5454545454545454,0.0,0.0,0.0,0.0,0.0,0.0,0.0,0.0,0.0,,,,,18473,global,0.4
1,5,lr5e-05_bs32_modL1_fusion16_fusionL1_fusionBN0_drop0p2__wd1e-04trmiss40_trlocglobal,32,5e-05,0.0001,1,16,1,False,0.2,lr5e-05_bs32_modL1_fusion16_fusionL1_fusionBN0_drop0p2__wd1e-04trmiss40_trlocglobal,7,0.6399288872877756,0.6772458851337433,0.7142857142857143,0.7450331226383987,0.5681818181818182,0.0,0.0,0.0,0.0,0.0,0.0,0.0,0.0,0.0,,,,,18473,global,0.4
1,5,lr5e-05_bs32_modL1_fusion16_fusionL1_fusionBN0_drop0p2__wd1e-04trmiss40_trlocglobal,32,5e-05,0.0001,1,16,1,False,0.2,lr5e-05_bs32_modL1_fusion16_fusionL1_fusionBN0_drop0p2__wd1e-04trmiss40_trlocglobal,8,0.6359351972738901,0.6759021580219269,0.7204968944099379,0.7509386726235179,0.5681818181818182,0.0,0.0,0.0,0.0,0.0,0.0,0.0,0.0,0.0,,,,,18473,global,0.4
1,5,lr5e-05_bs32_modL1_fusion16_fusionL1_fusionBN0_drop0p2__wd1e-04trmiss40_trlocglobal,32,5e-05,0.0001,1,16,1,False,0.2,lr5e-05_bs32_modL1_fusion16_fusionL1_fusionBN0_drop0p2__wd1e-04trmiss40_trlocglobal,9,0.6370537082354227,0.6741760075092316,0.7287784679089027,0.7633765279347953,0.5681818181818182,0.0,0.0,0.0,0.0,0.0,0.0,0.0,0.0,0.0,,,,,18473,global,0.4
1,5,lr5e-05_bs32_modL1_fusion16_fusionL1_fusionBN0_drop0p2__wd1e-04trmiss40_trlocglobal,32,5e-05,0.0001,1,16,1,False,0.2,lr5e-05_bs32_modL1_fusion16_fusionL1_fusionBN0_drop0p2__wd1e-04trmiss40_trlocglobal,10,0.6375975608825684,0.6737140417098999,0.7246376811594203,0.7470518799531498,0.5681818181818182,0.0,0.0,0.0,0.0,0.0,0.0,0.0,0.0,0.0,,,,,18473,global,0.4
1,5,lr5e-05_bs32_modL1_fusion16_fusionL1_fusionBN0_drop0p2__wd1e-04trmiss40_trlocglobal,32,5e-05,0.0001,1,16,1,False,0.2,lr5e-05_bs32_modL1_fusion16_fusionL1_fusionBN0_drop0p2__wd1e-04trmiss40_trlocglobal,11,0.6300395925839742,0.6731198728084564,0.7225672877846792,0.7440224747178622,0.5681818181818182,0.0,0.0,0.0,0.0,0.0,0.0,0.0,0.0,0.0,,,,,18473,global,0.4
1,5,lr5e-05_bs32_modL1_fusion16_fusionL1_fusionBN0_drop0p2__wd1e-04trmiss40_trlocglobal,32,5e-05,0.0001,1,16,1,False,0.2,lr5e-05_bs32_modL1_fusion16_fusionL1_fusionBN0_drop0p2__wd1e-04trmiss40_trlocglobal,12,0.623602439959844,0.672269344329834,0.7267080745341614,0.7532431084983069,0.5681818181818182,0.0,0.0,0.0,0.0,0.0,0.0,0.0,0.0,0.0,,,,,18473,global,0.4
1,5,lr5e-05_bs32_modL1_fusion16_fusionL1_fusionBN0_drop0p2__wd1e-04trmiss40_trlocglobal,32,5e-05,0.0001,1,16,1,False,0.2,lr5e-05_bs32_modL1_fusion16_fusionL1_fusionBN0_drop0p2__wd1e-04trmiss40_trlocglobal,13,0.6122253934542338,0.6720319390296936,0.7246376811594203,0.7521325436836219,0.6136363636363636,0.0,0.0,0.0,0.0,0.0,0.0,0.0,0.0,0.0,,,,,18473,global,0.4
1,5,lr5e-05_bs32_modL1_fusion16_fusionL1_fusionBN0_drop0p2__wd1e-04trmiss40_trlocglobal,32,5e-05,0.0001,1,16,1,False,0.2,lr5e-05_bs32_modL1_fusion16_fusionL1_fusionBN0_drop0p2__wd1e-04trmiss40_trlocglobal,14,0.6115387380123138,0.6714902520179749,0.7204968944099379,0.7520720206457832,0.5909090909090909,0.0,0.0,0.0,0.0,0.0,0.0,0.0,0.0,0.0,,,,,18473,global,0.4
1,5,lr5e-05_bs32_modL1_fusion16_fusionL1_fusionBN0_drop0p2__wd1e-04trmiss40_trlocglobal,32,5e-05,0.0001,1,16,1,False,0.2,lr5e-05_bs32_modL1_fusion16_fusionL1_fusionBN0_drop0p2__wd1e-04trmiss40_trlocglobal,15,0.613320529460907,0.6698675751686096,0.7287784679089027,0.7651747413532309,0.6136363636363636,0.0,0.0,0.0,0.0,0.0,0.0,0.0,0.0,0.0,,,,,18473,global,0.4
1,5,lr5e-05_bs32_modL1_fusion16_fusionL1_fusionBN0_drop0p2__wd1e-04trmiss40_trlocglobal,32,5e-05,0.0001,1,16,1,False,0.2,lr5e-05_bs32_modL1_fusion16_fusionL1_fusionBN0_drop0p2__wd1e-04trmiss40_trlocglobal,16,0.6048742930094401,0.6675697267055511,0.7267080745341614,0.7629949083785399,0.6136363636363636,0.0,0.0,0.0,0.0,0.0,0.0,0.0,0.0,0.0,,,,,18473,global,0.4
1,5,lr5e-05_bs32_modL1_fusion16_fusionL1_fusionBN0_drop0p2__wd1e-04trmiss40_trlocglobal,32,5e-05,0.0001,1,16,1,False,0.2,lr5e-05_bs32_modL1_fusion16_fusionL1_fusionBN0_drop0p2__wd1e-04trmiss40_trlocglobal,17,0.5970633129278818,0.6668896973133087,0.7329192546583851,0.7650725322710148,0.6136363636363636,0.0,0.0,0.0,0.0,0.0,0.0,0.0,0.0,0.0,,,,,18473,global,0.4
1,5,lr5e-05_bs32_modL1_fusion16_fusionL1_fusionBN0_drop0p2__wd1e-04trmiss40_trlocglobal,32,5e-05,0.0001,1,16,1,False,0.2,lr5e-05_bs32_modL1_fusion16_fusionL1_fusionBN0_drop0p2__wd1e-04trmiss40_trlocglobal,18,0.6130482256412506,0.6663392782211304,0.7308488612836439,0.7654794337992847,0.6136363636363636,0.0,0.0,0.0,0.0,0.0,0.0,0.0,0.0,0.0,,,,,18473,global,0.4
1,5,lr5e-05_bs32_modL1_fusion16_fusionL1_fusionBN0_drop0p2__wd1e-04trmiss40_trlocglobal,32,5e-05,0.0001,1,16,1,False,0.2,lr5e-05_bs32_modL1_fusion16_fusionL1_fusionBN0_drop0p2__wd1e-04trmiss40_trlocglobal,19,0.6150627036889394,0.6665326058864594,0.7329192546583851,0.7688584300694006,0.6136363636363636,0.0,0.0,0.0,0.0,0.0,0.0,0.0,0.0,0.0,,,,,18473,global,0.4
1,5,lr5e-05_bs32_modL1_fusion16_fusionL1_fusionBN0_drop0p2__wd1e-04trmiss40_trlocglobal,32,5e-05,0.0001,1,16,1,False,0.2,lr5e-05_bs32_modL1_fusion16_fusionL1_fusionBN0_drop0p2__wd1e-04trmiss40_trlocglobal,20,0.5859767099221548,0.6671612560749054,0.7142857142857143,0.7600163701164657,0.6136363636363636,0.0,0.0,0.0,0.0,0.0,0.0,0.0,0.0,0.0,,,,,18473,global,0.4
1,5,lr5e-05_bs32_modL1_fusion16_fusionL1_fusionBN0_drop0p2__wd1e-04trmiss40_trlocglobal,32,5e-05,0.0001,1,16,1,False,0.2,lr5e-05_bs32_modL1_fusion16_fusionL1_fusionBN0_drop0p2__wd1e-04trmiss40_trlocglobal,21,0.5907515784104665,0.6661920845508575,0.7142857142857143,0.7599238217630478,0.6136363636363636,0.0,0.0,0.0,0.0,0.0,0.0,0.0,0.0,0.0,,,,,18473,global,0.4
1,5,lr5e-05_bs32_modL1_fusion16_fusionL1_fusionBN0_drop0p2__wd1e-04trmiss40_trlocglobal,32,5e-05,0.0001,1,16,1,False,0.2,lr5e-05_bs32_modL1_fusion16_fusionL1_fusionBN0_drop0p2__wd1e-04trmiss40_trlocglobal,22,0.5957653025786082,0.6654093563556671,0.7225672877846792,0.7712039195270776,0.6136363636363636,0.0,0.0,0.0,0.0,0.0,0.0,0.0,0.0,0.0,,,,,18473,global,0.4
1,5,lr5e-05_bs32_modL1_fusion16_fusionL1_fusionBN0_drop0p2__wd1e-04trmiss40_trlocglobal,32,5e-05,0.0001,1,16,1,False,0.2,lr5e-05_bs32_modL1_fusion16_fusionL1_fusionBN0_drop0p2__wd1e-04trmiss40_trlocglobal,23,0.5845956106980642,0.6658728718757629,0.7184265010351967,0.7651662679937915,0.6136363636363636,0.0,0.0,0.0,0.0,0.0,0.0,0.0,0.0,0.0,,,,,18473,global,0.4
1,5,lr5e-05_bs32_modL1_fusion16_fusionL1_fusionBN0_drop0p2__wd1e-04trmiss40_trlocglobal,32,5e-05,0.0001,1,16,1,False,0.2,lr5e-05_bs32_modL1_fusion16_fusionL1_fusionBN0_drop0p2__wd1e-04trmiss40_trlocglobal,24,0.5842181245485941,0.6644206345081329,0.7349896480331264,0.7781867182617945,0.6363636363636364,0.0,0.0,0.0,0.0,0.0,0.0,0.0,0.0,0.0,,,,,18473,global,0.4
1,5,lr5e-05_bs32_modL1_fusion16_fusionL1_fusionBN0_drop0p2__wd1e-04trmiss40_trlocglobal,32,5e-05,0.0001,1,16,1,False,0.2,lr5e-05_bs32_modL1_fusion16_fusionL1_fusionBN0_drop0p2__wd1e-04trmiss40_trlocglobal,25,0.5753778219223022,0.6625107824802399,0.7391304347826088,0.786076993729923,0.6363636363636364,0.0,0.0,0.0,0.0,0.0,0.0,0.0,0.0,0.0,,,,,18473,global,0.4
1,5,lr5e-05_bs32_modL1_fusion16_fusionL1_fusionBN0_drop0p2__wd1e-04trmiss40_trlocglobal,32,5e-05,0.0001,1,16,1,False,0.2,lr5e-05_bs32_modL1_fusion16_fusionL1_fusionBN0_drop0p2__wd1e-04trmiss40_trlocglobal,26,0.5778882006804148,0.6624645888805389,0.7391304347826086,0.7803960565806035,0.6363636363636364,0.0,0.0,0.0,0.0,0.0,0.0,0.0,0.0,0.0,,,,,18473,global,0.4
1,5,lr5e-05_bs32_modL1_fusion16_fusionL1_fusionBN0_drop0p2__wd1e-04trmiss40_trlocglobal,32,5e-05,0.0001,1,16,1,False,0.2,lr5e-05_bs32_modL1_fusion16_fusionL1_fusionBN0_drop0p2__wd1e-04trmiss40_trlocglobal,27,0.5733295977115631,0.6626839637756348,0.7412008281573499,0.7772774749151585,0.6363636363636364,0.0,0.0,0.0,0.0,0.0,0.0,0.0,0.0,0.0,,,,,18473,global,0.4
1,5,lr5e-05_bs32_modL1_fusion16_fusionL1_fusionBN0_drop0p2__wd1e-04trmiss40_trlocglobal,32,5e-05,0.0001,1,16,1,False,0.2,lr5e-05_bs32_modL1_fusion16_fusionL1_fusionBN0_drop0p2__wd1e-04trmiss40_trlocglobal,28,0.5713748236497244,0.6626306772232056,0.7287784679089027,0.7661209437840858,0.6363636363636364,0.0,0.0,0.0,0.0,0.0,0.0,0.0,0.0,0.0,,,,,18473,global,0.4
1,5,lr5e-05_bs32_modL1_fusion16_fusionL1_fusionBN0_drop0p2__wd1e-04trmiss40_trlocglobal,32,5e-05,0.0001,1,16,1,False,0.2,lr5e-05_bs32_modL1_fusion16_fusionL1_fusionBN0_drop0p2__wd1e-04trmiss40_trlocglobal,29,0.5716791848341624,0.6619253158569336,0.7391304347826086,0.7773574515493453,0.6363636363636364,0.0,0.0,0.0,0.0,0.0,0.0,0.0,0.0,0.0,,,,,18473,global,0.4
1,5,lr5e-05_bs32_modL1_fusion16_fusionL1_fusionBN0_drop0p2__wd1e-04trmiss40_trlocglobal,32,5e-05,0.0001,1,16,1,False,0.2,lr5e-05_bs32_modL1_fusion16_fusionL1_fusionBN0_drop0p2__wd1e-04trmiss40_trlocglobal,30,0.5578982730706533,0.6606376767158508,0.7308488612836439,0.7739220549350245,0.6363636363636364,0.0,0.0,0.0,0.0,0.0,0.0,0.0,0.0,0.0,,,,,18473,global,0.4
1,5,lr5e-05_bs32_modL1_fusion16_fusionL1_fusionBN0_drop0p2__wd1e-04trmiss40_trlocglobal,32,5e-05,0.0001,1,16,1,False,0.2,lr5e-05_bs32_modL1_fusion16_fusionL1_fusionBN0_drop0p2__wd1e-04trmiss40_trlocglobal,31,0.5639456411202749,0.660284698009491,0.732919254658385,0.7756064064671524,0.6363636363636364,0.0,0.0,0.0,0.0,0.0,0.0,0.0,0.0,0.0,,,,,18473,global,0.4
1,5,lr5e-05_bs32_modL1_fusion16_fusionL1_fusionBN0_drop0p2__wd1e-04trmiss40_trlocglobal,32,5e-05,0.0001,1,16,1,False,0.2,lr5e-05_bs32_modL1_fusion16_fusionL1_fusionBN0_drop0p2__wd1e-04trmiss40_trlocglobal,32,0.5562846064567566,0.6606963574886322,0.7308488612836439,0.7676912563717582,0.6363636363636364,0.0,0.0,0.0,0.0,0.0,0.0,0.0,0.0,0.0,,,,,18473,global,0.4
1,5,lr5e-05_bs32_modL1_fusion16_fusionL1_fusionBN0_drop0p2__wd1e-04trmiss40_trlocglobal,32,5e-05,0.0001,1,16,1,False,0.2,lr5e-05_bs32_modL1_fusion16_fusionL1_fusionBN0_drop0p2__wd1e-04trmiss40_trlocglobal,33,0.5635391672452291,0.6608244776725769,0.7204968944099379,0.7515761897690127,0.6363636363636364,0.0,0.0,0.0,0.0,0.0,0.0,0.0,0.0,0.0,,,,,18473,global,0.4
1,5,lr5e-05_bs32_modL1_fusion16_fusionL1_fusionBN0_drop0p2__wd1e-04trmiss40_trlocglobal,32,5e-05,0.0001,1,16,1,False,0.2,lr5e-05_bs32_modL1_fusion16_fusionL1_fusionBN0_drop0p2__wd1e-04trmiss40_trlocglobal,34,0.5610269208749136,0.6603861451148987,0.7267080745341615,0.7657473127636651,0.6363636363636364,0.0,0.0,0.0,0.0,0.0,0.0,0.0,0.0,0.0,,,,,18473,global,0.4
1,5,lr5e-05_bs32_modL1_fusion16_fusionL1_fusionBN0_drop0p2__wd1e-04trmiss40_trlocglobal,32,5e-05,0.0001,1,16,1,False,0.2,lr5e-05_bs32_modL1_fusion16_fusionL1_fusionBN0_drop0p2__wd1e-04trmiss40_trlocglobal,35,0.555503785610199,0.6611374318599701,0.7184265010351967,0.7601021514733426,0.6136363636363636,0.0,0.0,0.0,0.0,0.0,0.0,0.0,0.0,0.0,,,,,18473,global,0.4
1,5,lr5e-05_bs32_modL1_fusion16_fusionL1_fusionBN0_drop0p2__wd1e-04trmiss40_trlocglobal,32,5e-05,0.0001,1,16,1,False,0.2,lr5e-05_bs32_modL1_fusion16_fusionL1_fusionBN0_drop0p2__wd1e-04trmiss40_trlocglobal,36,0.5499045650164286,0.6610952019691467,0.7142857142857143,0.7586411172845546,0.6363636363636364,0.0,0.0,0.0,0.0,0.0,0.0,0.0,0.0,0.0,,,,,18473,global,0.4
1,5,lr5e-05_bs32_modL1_fusion16_fusionL1_fusionBN0_drop0p2__wd1e-04trmiss40_trlocglobal,32,5e-05,0.0001,1,16,1,False,0.2,lr5e-05_bs32_modL1_fusion16_fusionL1_fusionBN0_drop0p2__wd1e-04trmiss40_trlocglobal,37,0.5485701958338419,0.6601306200027466,0.7204968944099379,0.7629580764520297,0.6363636363636364,0.0,0.0,0.0,0.0,0.0,0.0,0.0,0.0,0.0,,,,,18473,global,0.4
1,5,lr5e-05_bs32_modL1_fusion16_fusionL1_fusionBN0_drop0p2__wd1e-04trmiss40_trlocglobal,32,5e-05,0.0001,1,16,1,False,0.2,lr5e-05_bs32_modL1_fusion16_fusionL1_fusionBN0_drop0p2__wd1e-04trmiss40_trlocglobal,38,0.5462967256704966,0.6590768992900848,0.7204968944099379,0.7627758146417584,0.6136363636363636,0.0,0.0,0.0,0.0,0.0,0.0,0.0,0.0,0.0,,,,,18473,global,0.4
1,5,lr5e-05_bs32_modL1_fusion16_fusionL1_fusionBN0_drop0p2__wd1e-04trmiss40_trlocglobal,32,5e-05,0.0001,1,16,1,False,0.2,lr5e-05_bs32_modL1_fusion16_fusionL1_fusionBN0_drop0p2__wd1e-04trmiss40_trlocglobal,39,0.5431385139624277,0.6590104103088379,0.7204968944099379,0.7627758146417584,0.6136363636363636,0.0,0.0,0.0,0.0,0.0,0.0,0.0,0.0,0.0,,,,,18473,global,0.4
1,5,lr5e-05_bs32_modL1_fusion16_fusionL1_fusionBN0_drop0p2__wd1e-04trmiss40_trlocglobal,32,5e-05,0.0001,1,16,1,False,0.2,lr5e-05_bs32_modL1_fusion16_fusionL1_fusionBN0_drop0p2__wd1e-04trmiss40_trlocglobal,40,0.5491868654886881,0.6603139638900757,0.7142857142857143,0.7583615610234303,0.6136363636363636,0.0,0.0,0.0,0.0,0.0,0.0,0.0,0.0,0.0,,,,,18473,global,0.4
1,5,lr5e-05_bs32_modL1_fusion16_fusionL1_fusionBN0_drop0p2__wd1e-04trmiss40_trlocglobal,32,5e-05,0.0001,1,16,1,False,0.2,lr5e-05_bs32_modL1_fusion16_fusionL1_fusionBN0_drop0p2__wd1e-04trmiss40_trlocglobal,41,0.5489237904548645,0.6597268581390381,0.7142857142857143,0.7581888224235818,0.5909090909090909,0.0,0.0,0.0,0.0,0.0,0.0,0.0,0.0,0.0,,,,,18473,global,0.4
1,5,lr5e-05_bs32_modL1_fusion16_fusionL1_fusionBN0_drop0p2__wd1e-04trmiss40_trlocglobal,32,5e-05,0.0001,1,16,1,False,0.2,lr5e-05_bs32_modL1_fusion16_fusionL1_fusionBN0_drop0p2__wd1e-04trmiss40_trlocglobal,42,0.5439765155315399,0.659180611371994,0.7122153209109731,0.7567395470612629,0.5909090909090909,0.0,0.0,0.0,0.0,0.0,0.0,0.0,0.0,0.0,,,,,18473,global,0.4
1,5,lr5e-05_bs32_modL1_fusion16_fusionL1_fusionBN0_drop0p2__wd1e-04trmiss40_trlocglobal,32,5e-05,0.0001,1,16,1,False,0.2,lr5e-05_bs32_modL1_fusion16_fusionL1_fusionBN0_drop0p2__wd1e-04trmiss40_trlocglobal,43,0.5418746471405029,0.6577515304088593,0.7163561076604554,0.7594083807116646,0.5909090909090909,0.0,0.0,0.0,0.0,0.0,0.0,0.0,0.0,0.0,,,,,18473,global,0.4
1,5,lr5e-05_bs32_modL1_fusion16_fusionL1_fusionBN0_drop0p2__wd1e-04trmiss40_trlocglobal,32,5e-05,0.0001,1,16,1,False,0.2,lr5e-05_bs32_modL1_fusion16_fusionL1_fusionBN0_drop0p2__wd1e-04trmiss40_trlocglobal,44,0.5384418865044912,0.6578489243984222,0.7122153209109731,0.7567378622491701,0.5909090909090909,0.0,0.0,0.0,0.0,0.0,0.0,0.0,0.0,0.0,,,,,18473,global,0.4
1,5,lr5e-05_bs32_modL1_fusion16_fusionL1_fusionBN0_drop0p2__wd1e-04trmiss40_trlocglobal,32,5e-05,0.0001,1,16,1,False,0.2,lr5e-05_bs32_modL1_fusion16_fusionL1_fusionBN0_drop0p2__wd1e-04trmiss40_trlocglobal,45,0.5341343333323797,0.6585778892040253,0.7122153209109731,0.7570606404205238,0.5909090909090909,0.0,0.0,0.0,0.0,0.0,0.0,0.0,0.0,0.0,,,,,18473,global,0.4
1,5,lr5e-05_bs32_modL1_fusion16_fusionL1_fusionBN0_drop0p2__wd1e-04trmiss40_trlocglobal,32,5e-05,0.0001,1,16,1,False,0.2,lr5e-05_bs32_modL1_fusion16_fusionL1_fusionBN0_drop0p2__wd1e-04trmiss40_trlocglobal,46,0.5389648278554281,0.6589506566524506,0.7101449275362318,0.7556260797435256,0.6136363636363636,0.0,0.0,0.0,0.0,0.0,0.0,0.0,0.0,0.0,,,,,18473,global,0.4
1,5,lr5e-05_bs32_modL1_fusion16_fusionL1_fusionBN0_drop0p2__wd1e-04trmiss40_trlocglobal,32,5e-05,0.0001,1,16,1,False,0.2,lr5e-05_bs32_modL1_fusion16_fusionL1_fusionBN0_drop0p2__wd1e-04trmiss40_trlocglobal,47,0.5346081753571829,0.6587433815002441,0.7163561076604554,0.7583346857248159,0.6136363636363636,0.0,0.0,0.0,0.0,0.0,0.0,0.0,0.0,0.0,,,,,18473,global,0.4
1,5,lr5e-05_bs32_modL1_fusion16_fusionL1_fusionBN0_drop0p1__wd1e-04trmiss40_trlocglobal,32,5e-05,0.0001,1,16,1,False,0.1,lr5e-05_bs32_modL1_fusion16_fusionL1_fusionBN0_drop0p1__wd1e-04trmiss40_trlocglobal,1,0.6966166694959005,0.6934996545314789,0.515527950310559,0.590166205301872,0.5,0.0,0.0,0.0,0.0,0.0,0.0,0.0,0.0,0.0,,,,,18473,global,0.4
1,5,lr5e-05_bs32_modL1_fusion16_fusionL1_fusionBN0_drop0p1__wd1e-04trmiss40_trlocglobal,32,5e-05,0.0001,1,16,1,False,0.1,lr5e-05_bs32_modL1_fusion16_fusionL1_fusionBN0_drop0p1__wd1e-04trmiss40_trlocglobal,2,0.6814689040184021,0.6917288899421692,0.5383022774327122,0.6170125214480067,0.5,0.0,0.0,0.0,0.0,0.0,0.0,0.0,0.0,0.0,,,,,18473,global,0.4
1,5,lr5e-05_bs32_modL1_fusion16_fusionL1_fusionBN0_drop0p1__wd1e-04trmiss40_trlocglobal,32,5e-05,0.0001,1,16,1,False,0.1,lr5e-05_bs32_modL1_fusion16_fusionL1_fusionBN0_drop0p1__wd1e-04trmiss40_trlocglobal,3,0.6666571001211802,0.6889816224575043,0.5610766045548654,0.634635877685177,0.5,0.0,0.0,0.0,0.0,0.0,0.0,0.0,0.0,0.0,,,,,18473,global,0.4
1,5,lr5e-05_bs32_modL1_fusion16_fusionL1_fusionBN0_drop0p1__wd1e-04trmiss40_trlocglobal,32,5e-05,0.0001,1,16,1,False,0.1,lr5e-05_bs32_modL1_fusion16_fusionL1_fusionBN0_drop0p1__wd1e-04trmiss40_trlocglobal,4,0.6569500863552094,0.6860355138778687,0.6004140786749482,0.6300713580697347,0.5454545454545454,0.0,0.0,0.0,0.0,0.0,0.0,0.0,0.0,0.0,,,,,18473,global,0.4
1,5,lr5e-05_bs32_modL1_fusion16_fusionL1_fusionBN0_drop0p1__wd1e-04trmiss40_trlocglobal,32,5e-05,0.0001,1,16,1,False,0.1,lr5e-05_bs32_modL1_fusion16_fusionL1_fusionBN0_drop0p1__wd1e-04trmiss40_trlocglobal,5,0.650506466627121,0.6828200817108154,0.6314699792960662,0.6634077313926727,0.6136363636363636,0.0,0.0,0.0,0.0,0.0,0.0,0.0,0.0,0.0,,,,,18473,global,0.4
1,5,lr5e-05_bs32_modL1_fusion16_fusionL1_fusionBN0_drop0p1__wd1e-04trmiss40_trlocglobal,32,5e-05,0.0001,1,16,1,False,0.1,lr5e-05_bs32_modL1_fusion16_fusionL1_fusionBN0_drop0p1__wd1e-04trmiss40_trlocglobal,6,0.6410590211550394,0.6802547872066498,0.6335403726708074,0.6614177226091857,0.6136363636363636,0.0,0.0,0.0,0.0,0.0,0.0,0.0,0.0,0.0,,,,,18473,global,0.4
1,5,lr5e-05_bs32_modL1_fusion16_fusionL1_fusionBN0_drop0p1__wd1e-04trmiss40_trlocglobal,32,5e-05,0.0001,1,16,1,False,0.1,lr5e-05_bs32_modL1_fusion16_fusionL1_fusionBN0_drop0p1__wd1e-04trmiss40_trlocglobal,7,0.637449731429418,0.6776599884033203,0.6645962732919254,0.6843455860384028,0.5681818181818182,0.0,0.0,0.0,0.0,0.0,0.0,0.0,0.0,0.0,,,,,18473,global,0.4
1,5,lr5e-05_bs32_modL1_fusion16_fusionL1_fusionBN0_drop0p1__wd1e-04trmiss40_trlocglobal,32,5e-05,0.0001,1,16,1,False,0.1,lr5e-05_bs32_modL1_fusion16_fusionL1_fusionBN0_drop0p1__wd1e-04trmiss40_trlocglobal,8,0.6322928170363108,0.6751966774463654,0.670807453416149,0.6921484496224464,0.5909090909090909,0.0,0.0,0.0,0.0,0.0,0.0,0.0,0.0,0.0,,,,,18473,global,0.4
1,5,lr5e-05_bs32_modL1_fusion16_fusionL1_fusionBN0_drop0p1__wd1e-04trmiss40_trlocglobal,32,5e-05,0.0001,1,16,1,False,0.1,lr5e-05_bs32_modL1_fusion16_fusionL1_fusionBN0_drop0p1__wd1e-04trmiss40_trlocglobal,9,0.6286387940247854,0.6731861233711243,0.670807453416149,0.6992594055238335,0.5681818181818182,0.0,0.0,0.0,0.0,0.0,0.0,0.0,0.0,0.0,,,,,18473,global,0.4
1,5,lr5e-05_bs32_modL1_fusion16_fusionL1_fusionBN0_drop0p1__wd1e-04trmiss40_trlocglobal,32,5e-05,0.0001,1,16,1,False,0.1,lr5e-05_bs32_modL1_fusion16_fusionL1_fusionBN0_drop0p1__wd1e-04trmiss40_trlocglobal,10,0.6209401686986288,0.6732163429260254,0.6563146997929606,0.7142272845894024,0.5454545454545454,0.0,0.0,0.0,0.0,0.0,0.0,0.0,0.0,0.0,,,,,18473,global,0.4
1,5,lr5e-05_bs32_modL1_fusion16_fusionL1_fusionBN0_drop0p1__wd1e-04trmiss40_trlocglobal,32,5e-05,0.0001,1,16,1,False,0.1,lr5e-05_bs32_modL1_fusion16_fusionL1_fusionBN0_drop0p1__wd1e-04trmiss40_trlocglobal,11,0.6210476756095886,0.672361433506012,0.6583850931677018,0.7182222838145808,0.5454545454545454,0.0,0.0,0.0,0.0,0.0,0.0,0.0,0.0,0.0,,,,,18473,global,0.4
1,5,lr5e-05_bs32_modL1_fusion16_fusionL1_fusionBN0_drop0p1__wd1e-04trmiss40_trlocglobal,32,5e-05,0.0001,1,16,1,False,0.1,lr5e-05_bs32_modL1_fusion16_fusionL1_fusionBN0_drop0p1__wd1e-04trmiss40_trlocglobal,12,0.6116525133450826,0.670693963766098,0.6790890269151139,0.7262303036693155,0.5454545454545454,0.0,0.0,0.0,0.0,0.0,0.0,0.0,0.0,0.0,,,,,18473,global,0.4
1,5,lr5e-05_bs32_modL1_fusion16_fusionL1_fusionBN0_drop0p1__wd1e-04trmiss40_trlocglobal,32,5e-05,0.0001,1,16,1,False,0.1,lr5e-05_bs32_modL1_fusion16_fusionL1_fusionBN0_drop0p1__wd1e-04trmiss40_trlocglobal,13,0.6066184043884277,0.6701158583164215,0.6749482401656315,0.7275248529178289,0.5454545454545454,0.0,0.0,0.0,0.0,0.0,0.0,0.0,0.0,0.0,,,,,18473,global,0.4
1,5,lr5e-05_bs32_modL1_fusion16_fusionL1_fusionBN0_drop0p1__wd1e-04trmiss40_trlocglobal,32,5e-05,0.0001,1,16,1,False,0.1,lr5e-05_bs32_modL1_fusion16_fusionL1_fusionBN0_drop0p1__wd1e-04trmiss40_trlocglobal,14,0.6024667719999949,0.6697254776954651,0.6625258799171843,0.7031468556545174,0.5681818181818182,0.0,0.0,0.0,0.0,0.0,0.0,0.0,0.0,0.0,,,,,18473,global,0.4
1,5,lr5e-05_bs32_modL1_fusion16_fusionL1_fusionBN0_drop0p1__wd1e-04trmiss40_trlocglobal,32,5e-05,0.0001,1,16,1,False,0.1,lr5e-05_bs32_modL1_fusion16_fusionL1_fusionBN0_drop0p1__wd1e-04trmiss40_trlocglobal,15,0.5969584186871847,0.6695950031280518,0.6708074534161491,0.6929417423803506,0.5909090909090909,0.0,0.0,0.0,0.0,0.0,0.0,0.0,0.0,0.0,,,,,18473,global,0.4
1,5,lr5e-05_bs32_modL1_fusion16_fusionL1_fusionBN0_drop0p1__wd1e-04trmiss40_trlocglobal,32,5e-05,0.0001,1,16,1,False,0.1,lr5e-05_bs32_modL1_fusion16_fusionL1_fusionBN0_drop0p1__wd1e-04trmiss40_trlocglobal,16,0.5928973058859507,0.6684921681880951,0.6708074534161491,0.6694068250982936,0.5909090909090909,0.0,0.0,0.0,0.0,0.0,0.0,0.0,0.0,0.0,,,,,18473,global,0.4
1,5,lr5e-05_bs32_modL1_fusion16_fusionL1_fusionBN0_drop0p1__wd1e-04trmiss40_trlocglobal,32,5e-05,0.0001,1,16,1,False,0.1,lr5e-05_bs32_modL1_fusion16_fusionL1_fusionBN0_drop0p1__wd1e-04trmiss40_trlocglobal,17,0.5899601678053538,0.6683340966701508,0.658385093167702,0.6878421381428055,0.5909090909090909,0.0,0.0,0.0,0.0,0.0,0.0,0.0,0.0,0.0,,,,,18473,global,0.4
1,5,lr5e-05_bs32_modL1_fusion16_fusionL1_fusionBN0_drop0p1__wd1e-04trmiss40_trlocglobal,32,5e-05,0.0001,1,16,1,False,0.1,lr5e-05_bs32_modL1_fusion16_fusionL1_fusionBN0_drop0p1__wd1e-04trmiss40_trlocglobal,18,0.5899326701958975,0.6695803999900818,0.6542443064182195,0.6864424199213017,0.5681818181818182,0.0,0.0,0.0,0.0,0.0,0.0,0.0,0.0,0.0,,,,,18473,global,0.4
1,5,lr5e-05_bs32_modL1_fusion16_fusionL1_fusionBN0_drop0p1__wd1e-04trmiss40_trlocglobal,32,5e-05,0.0001,1,16,1,False,0.1,lr5e-05_bs32_modL1_fusion16_fusionL1_fusionBN0_drop0p1__wd1e-04trmiss40_trlocglobal,19,0.5825046996275584,0.6702853739261627,0.6501035196687371,0.6837127786678989,0.5681818181818182,0.0,0.0,0.0,0.0,0.0,0.0,0.0,0.0,0.0,,,,,18473,global,0.4
1,5,lr5e-05_bs32_modL1_fusion16_fusionL1_fusionBN0_drop0p1__wd1e-04trmiss40_trlocglobal,32,5e-05,0.0001,1,16,1,False,0.1,lr5e-05_bs32_modL1_fusion16_fusionL1_fusionBN0_drop0p1__wd1e-04trmiss40_trlocglobal,20,0.5810763736565908,0.6692538857460022,0.6563146997929608,0.6870163819779986,0.5681818181818182,0.0,0.0,0.0,0.0,0.0,0.0,0.0,0.0,0.0,,,,,18473,global,0.4
1,5,lr5e-05_bs32_modL1_fusion16_fusionL1_fusionBN0_drop0p1__wd1e-04trmiss40_trlocglobal,32,5e-05,0.0001,1,16,1,False,0.1,lr5e-05_bs32_modL1_fusion16_fusionL1_fusionBN0_drop0p1__wd1e-04trmiss40_trlocglobal,21,0.5720877051353455,0.6683260202407837,0.6480331262939959,0.6835995237129251,0.5681818181818182,0.0,0.0,0.0,0.0,0.0,0.0,0.0,0.0,0.0,,,,,18473,global,0.4
1,5,lr5e-05_bs32_modL1_fusion16_fusionL1_fusionBN0_drop0p1__wd1e-04trmiss40_trlocglobal,32,5e-05,0.0001,1,16,1,False,0.1,lr5e-05_bs32_modL1_fusion16_fusionL1_fusionBN0_drop0p1__wd1e-04trmiss40_trlocglobal,22,0.5791851381460825,0.6683870553970337,0.6521739130434784,0.6914581453732536,0.5909090909090909,0.0,0.0,0.0,0.0,0.0,0.0,0.0,0.0,0.0,,,,,18473,global,0.4
1,5,lr5e-05_bs32_modL1_fusion16_fusionL1_fusionBN0_drop0p1__wd1e-04trmiss40_trlocglobal,32,5e-05,0.0001,1,16,1,False,0.1,lr5e-05_bs32_modL1_fusion16_fusionL1_fusionBN0_drop0p1__wd1e-04trmiss40_trlocglobal,23,0.563533365726471,0.6682801246643066,0.648033126293996,0.6985676924284528,0.5909090909090909,0.0,0.0,0.0,0.0,0.0,0.0,0.0,0.0,0.0,,,,,18473,global,0.4
1,5,lr5e-05_bs32_modL1_fusion16_fusionL1_fusionBN0_drop0p1__wd1e-04trmiss40_trlocglobal,32,5e-05,0.0001,1,16,1,False,0.1,lr5e-05_bs32_modL1_fusion16_fusionL1_fusionBN0_drop0p1__wd1e-04trmiss40_trlocglobal,24,0.5700436333815256,0.6682846248149872,0.6314699792960663,0.6704583812801701,0.5909090909090909,0.0,0.0,0.0,0.0,0.0,0.0,0.0,0.0,0.0,,,,,18473,global,0.4
1,5,lr5e-05_bs32_modL1_fusion16_fusionL1_fusionBN0_drop0p1__wd1e-04trmiss40_trlocglobal,32,5e-05,0.0001,1,16,1,False,0.1,lr5e-05_bs32_modL1_fusion16_fusionL1_fusionBN0_drop0p1__wd1e-04trmiss40_trlocglobal,25,0.5600282649199168,0.6681868135929108,0.6335403726708075,0.6656663358731145,0.5909090909090909,0.0,0.0,0.0,0.0,0.0,0.0,0.0,0.0,0.0,,,,,18473,global,0.4
1,5,lr5e-05_bs32_modL1_fusion16_fusionL1_fusionBN0_drop0p1__wd1e-04trmiss40_trlocglobal,32,5e-05,0.0001,1,16,1,False,0.1,lr5e-05_bs32_modL1_fusion16_fusionL1_fusionBN0_drop0p1__wd1e-04trmiss40_trlocglobal,26,0.5638640622297922,0.6672331392765045,0.6335403726708075,0.6630279385383153,0.5909090909090909,0.0,0.0,0.0,0.0,0.0,0.0,0.0,0.0,0.0,,,,,18473,global,0.4
1,5,lr5e-05_bs32_modL1_fusion16_fusionL1_fusionBN0_drop0p1__wd1e-04trmiss40_trlocglobal,32,5e-05,0.0001,1,16,1,False,0.1,lr5e-05_bs32_modL1_fusion16_fusionL1_fusionBN0_drop0p1__wd1e-04trmiss40_trlocglobal,27,0.5608037213484446,0.6665868759155273,0.6376811594202898,0.688468392914302,0.5909090909090909,0.0,0.0,0.0,0.0,0.0,0.0,0.0,0.0,0.0,,,,,18473,global,0.4
1,5,lr5e-05_bs32_modL1_fusion16_fusionL1_fusionBN0_drop0p1__wd1e-04trmiss40_trlocglobal,32,5e-05,0.0001,1,16,1,False,0.1,lr5e-05_bs32_modL1_fusion16_fusionL1_fusionBN0_drop0p1__wd1e-04trmiss40_trlocglobal,28,0.5546323557694753,0.667220264673233,0.6314699792960663,0.685658234914803,0.5681818181818182,0.0,0.0,0.0,0.0,0.0,0.0,0.0,0.0,0.0,,,,,18473,global,0.4
1,5,lr5e-05_bs32_modL1_fusion16_fusionL1_fusionBN0_drop0p1__wd1e-04trmiss40_trlocglobal,32,5e-05,0.0001,1,16,1,False,0.1,lr5e-05_bs32_modL1_fusion16_fusionL1_fusionBN0_drop0p1__wd1e-04trmiss40_trlocglobal,29,0.5559577941894531,0.6673191785812378,0.6252587991718427,0.6835672994436206,0.5909090909090909,0.0,0.0,0.0,0.0,0.0,0.0,0.0,0.0,0.0,,,,,18473,global,0.4
1,5,lr5e-05_bs32_modL1_fusion16_fusionL1_fusionBN0_drop0p1__wd1e-04trmiss40_trlocglobal,32,5e-05,0.0001,1,16,1,False,0.1,lr5e-05_bs32_modL1_fusion16_fusionL1_fusionBN0_drop0p1__wd1e-04trmiss40_trlocglobal,30,0.5508282085259756,0.6676367521286011,0.639751552795031,0.6908985237284344,0.5909090909090909,0.0,0.0,0.0,0.0,0.0,0.0,0.0,0.0,0.0,,,,,18473,global,0.4
1,5,lr5e-05_bs32_modL1_fusion16_fusionL1_fusionBN0_drop0p1__wd1e-04trmiss40_trlocglobal,32,5e-05,0.0001,1,16,1,False,0.1,lr5e-05_bs32_modL1_fusion16_fusionL1_fusionBN0_drop0p1__wd1e-04trmiss40_trlocglobal,31,0.547329306602478,0.6679965853691101,0.6356107660455487,0.6870820031349762,0.5909090909090909,0.0,0.0,0.0,0.0,0.0,0.0,0.0,0.0,0.0,,,,,18473,global,0.4
1,5,lr5e-05_bs32_modL1_fusion16_fusionL1_fusionBN0_drop0p1__wd1e-04trmiss40_trlocglobal,32,5e-05,0.0001,1,16,1,False,0.1,lr5e-05_bs32_modL1_fusion16_fusionL1_fusionBN0_drop0p1__wd1e-04trmiss40_trlocglobal,32,0.5445332129796346,0.6672438979148865,0.6418219461697723,0.6870177439816783,0.5681818181818182,0.0,0.0,0.0,0.0,0.0,0.0,0.0,0.0,0.0,,,,,18473,global,0.4
1,5,lr5e-05_bs32_modL1_fusion32_fusionL1_fusionBN0_drop0p2__wd1e-04trmiss40_trlocglobal,32,5e-05,0.0001,1,32,1,False,0.2,lr5e-05_bs32_modL1_fusion32_fusionL1_fusionBN0_drop0p2__wd1e-04trmiss40_trlocglobal,1,0.6935846507549286,0.7105332314968109,0.2587991718426501,0.40397722731602864,0.38636363636363635,0.0,0.0,0.0,0.0,0.0,0.0,0.0,0.0,0.0,,,,,18473,global,0.4
1,5,lr5e-05_bs32_modL1_fusion32_fusionL1_fusionBN0_drop0p2__wd1e-04trmiss40_trlocglobal,32,5e-05,0.0001,1,32,1,False,0.2,lr5e-05_bs32_modL1_fusion32_fusionL1_fusionBN0_drop0p2__wd1e-04trmiss40_trlocglobal,2,0.6824787457784017,0.7116577625274658,0.2753623188405797,0.4099572920410121,0.36363636363636365,0.0,0.0,0.0,0.0,0.0,0.0,0.0,0.0,0.0,,,,,18473,global,0.4
1,5,lr5e-05_bs32_modL1_fusion32_fusionL1_fusionBN0_drop0p2__wd1e-04trmiss40_trlocglobal,32,5e-05,0.0001,1,32,1,False,0.2,lr5e-05_bs32_modL1_fusion32_fusionL1_fusionBN0_drop0p2__wd1e-04trmiss40_trlocglobal,3,0.6880261301994324,0.7107412219047546,0.2919254658385093,0.4166810606629338,0.4090909090909091,0.0,0.0,0.0,0.0,0.0,0.0,0.0,0.0,0.0,,,,,18473,global,0.4
1,5,lr5e-05_bs32_modL1_fusion32_fusionL1_fusionBN0_drop0p2__wd1e-04trmiss40_trlocglobal,32,5e-05,0.0001,1,32,1,False,0.2,lr5e-05_bs32_modL1_fusion32_fusionL1_fusionBN0_drop0p2__wd1e-04trmiss40_trlocglobal,4,0.6707482834657034,0.7088668942451477,0.32298136645962733,0.4299826277738924,0.38636363636363635,0.0,0.0,0.0,0.0,0.0,0.0,0.0,0.0,0.0,,,,,18473,global,0.4
1,5,lr5e-05_bs32_modL1_fusion32_fusionL1_fusionBN0_drop0p2__wd1e-04trmiss40_trlocglobal,32,5e-05,0.0001,1,32,1,False,0.2,lr5e-05_bs32_modL1_fusion32_fusionL1_fusionBN0_drop0p2__wd1e-04trmiss40_trlocglobal,5,0.662291944026947,0.7064613103866577,0.36024844720496896,0.48257313060616225,0.38636363636363635,0.0,0.0,0.0,0.0,0.0,0.0,0.0,0.0,0.0,,,,,18473,global,0.4
1,5,lr5e-05_bs32_modL1_fusion32_fusionL1_fusionBN0_drop0p2__wd1e-04trmiss40_trlocglobal,32,5e-05,0.0001,1,32,1,False,0.2,lr5e-05_bs32_modL1_fusion32_fusionL1_fusionBN0_drop0p2__wd1e-04trmiss40_trlocglobal,6,0.6647990643978119,0.705234706401825,0.380952380952381,0.4696413018809047,0.38636363636363635,0.0,0.0,0.0,0.0,0.0,0.0,0.0,0.0,0.0,,,,,18473,global,0.4
1,5,lr5e-05_bs32_modL1_fusion32_fusionL1_fusionBN0_drop0p2__wd1e-04trmiss40_trlocglobal,32,5e-05,0.0001,1,32,1,False,0.2,lr5e-05_bs32_modL1_fusion32_fusionL1_fusionBN0_drop0p2__wd1e-04trmiss40_trlocglobal,7,0.661460260550181,0.702948272228241,0.40579710144927533,0.4841092670247044,0.4090909090909091,0.0,0.0,0.0,0.0,0.0,0.0,0.0,0.0,0.0,,,,,18473,global,0.4
1,5,lr5e-05_bs32_modL1_fusion32_fusionL1_fusionBN0_drop0p2__wd1e-04trmiss40_trlocglobal,32,5e-05,0.0001,1,32,1,False,0.2,lr5e-05_bs32_modL1_fusion32_fusionL1_fusionBN0_drop0p2__wd1e-04trmiss40_trlocglobal,8,0.6417263348897299,0.7019594013690948,0.4285714285714286,0.49690239105489614,0.4090909090909091,0.0,0.0,0.0,0.0,0.0,0.0,0.0,0.0,0.0,,,,,18473,global,0.4
1,5,lr5e-05_bs32_modL1_fusion32_fusionL1_fusionBN0_drop0p2__wd1e-04trmiss40_trlocglobal,32,5e-05,0.0001,1,32,1,False,0.2,lr5e-05_bs32_modL1_fusion32_fusionL1_fusionBN0_drop0p2__wd1e-04trmiss40_trlocglobal,9,0.6390703221162161,0.7008363604545593,0.4285714285714286,0.5180682605821749,0.4090909090909091,0.0,0.0,0.0,0.0,0.0,0.0,0.0,0.0,0.0,,,,,18473,global,0.4
1,5,lr5e-05_bs32_modL1_fusion32_fusionL1_fusionBN0_drop0p2__wd1e-04trmiss40_trlocglobal,32,5e-05,0.0001,1,32,1,False,0.2,lr5e-05_bs32_modL1_fusion32_fusionL1_fusionBN0_drop0p2__wd1e-04trmiss40_trlocglobal,10,0.6456881662209829,0.7002010941505432,0.4389233954451346,0.5232515030327072,0.4318181818181818,0.0,0.0,0.0,0.0,0.0,0.0,0.0,0.0,0.0,,,,,18473,global,0.4
1,5,lr5e-05_bs32_modL1_fusion32_fusionL1_fusionBN0_drop0p2__wd1e-04trmiss40_trlocglobal,32,5e-05,0.0001,1,32,1,False,0.2,lr5e-05_bs32_modL1_fusion32_fusionL1_fusionBN0_drop0p2__wd1e-04trmiss40_trlocglobal,11,0.6330786943435669,0.7003970444202423,0.42857142857142855,0.5122770723775286,0.4318181818181818,0.0,0.0,0.0,0.0,0.0,0.0,0.0,0.0,0.0,,,,,18473,global,0.4
1,5,lr5e-05_bs32_modL1_fusion32_fusionL1_fusionBN0_drop0p2__wd1e-04trmiss40_trlocglobal,32,5e-05,0.0001,1,32,1,False,0.2,lr5e-05_bs32_modL1_fusion32_fusionL1_fusionBN0_drop0p2__wd1e-04trmiss40_trlocglobal,12,0.6321936746438345,0.7009941339492798,0.4078674948240166,0.48135564806546316,0.45454545454545453,0.0,0.0,0.0,0.0,0.0,0.0,0.0,0.0,0.0,,,,,18473,global,0.4
1,5,lr5e-05_bs32_modL1_fusion32_fusionL1_fusionBN0_drop0p2__wd1e-04trmiss40_trlocglobal,32,5e-05,0.0001,1,32,1,False,0.2,lr5e-05_bs32_modL1_fusion32_fusionL1_fusionBN0_drop0p2__wd1e-04trmiss40_trlocglobal,13,0.6334492762883505,0.6991956830024719,0.422360248447205,0.484042600584207,0.45454545454545453,0.0,0.0,0.0,0.0,0.0,0.0,0.0,0.0,0.0,,,,,18473,global,0.4
1,5,lr5e-05_bs32_modL1_fusion32_fusionL1_fusionBN0_drop0p2__wd1e-04trmiss40_trlocglobal,32,5e-05,0.0001,1,32,1,False,0.2,lr5e-05_bs32_modL1_fusion32_fusionL1_fusionBN0_drop0p2__wd1e-04trmiss40_trlocglobal,14,0.6156574587027231,0.6972967982292175,0.443064182194617,0.4927522009054073,0.4772727272727273,0.0,0.0,0.0,0.0,0.0,0.0,0.0,0.0,0.0,,,,,18473,global,0.4
1,5,lr5e-05_bs32_modL1_fusion32_fusionL1_fusionBN0_drop0p2__wd1e-04trmiss40_trlocglobal,32,5e-05,0.0001,1,32,1,False,0.2,lr5e-05_bs32_modL1_fusion32_fusionL1_fusionBN0_drop0p2__wd1e-04trmiss40_trlocglobal,15,0.6166726648807526,0.6961592733860016,0.4389233954451346,0.4924865072655167,0.4772727272727273,0.0,0.0,0.0,0.0,0.0,0.0,0.0,0.0,0.0,,,,,18473,global,0.4
1,5,lr5e-05_bs32_modL1_fusion32_fusionL1_fusionBN0_drop0p2__wd1e-04trmiss40_trlocglobal,32,5e-05,0.0001,1,32,1,False,0.2,lr5e-05_bs32_modL1_fusion32_fusionL1_fusionBN0_drop0p2__wd1e-04trmiss40_trlocglobal,16,0.6109170118967692,0.6934613287448883,0.47204968944099385,0.5140057613728994,0.4772727272727273,0.0,0.0,0.0,0.0,0.0,0.0,0.0,0.0,0.0,,,,,18473,global,0.4
1,5,lr5e-05_bs32_modL1_fusion32_fusionL1_fusionBN0_drop0p2__wd1e-04trmiss40_trlocglobal,32,5e-05,0.0001,1,32,1,False,0.2,lr5e-05_bs32_modL1_fusion32_fusionL1_fusionBN0_drop0p2__wd1e-04trmiss40_trlocglobal,17,0.6062107185522715,0.690683901309967,0.49068322981366463,0.539017093796612,0.4772727272727273,0.0,0.0,0.0,0.0,0.0,0.0,0.0,0.0,0.0,,,,,18473,global,0.4
1,5,lr5e-05_bs32_modL1_fusion32_fusionL1_fusionBN0_drop0p2__wd1e-04trmiss40_trlocglobal,32,5e-05,0.0001,1,32,1,False,0.2,lr5e-05_bs32_modL1_fusion32_fusionL1_fusionBN0_drop0p2__wd1e-04trmiss40_trlocglobal,18,0.6012203892072042,0.6904433071613312,0.48033126293995865,0.5342835739825033,0.4772727272727273,0.0,0.0,0.0,0.0,0.0,0.0,0.0,0.0,0.0,,,,,18473,global,0.4
1,5,lr5e-05_bs32_modL1_fusion32_fusionL1_fusionBN0_drop0p2__wd1e-04trmiss40_trlocglobal,32,5e-05,0.0001,1,32,1,False,0.2,lr5e-05_bs32_modL1_fusion32_fusionL1_fusionBN0_drop0p2__wd1e-04trmiss40_trlocglobal,19,0.6054276724656423,0.6910455524921417,0.46583850931677023,0.5153419103043373,0.4772727272727273,0.0,0.0,0.0,0.0,0.0,0.0,0.0,0.0,0.0,,,,,18473,global,0.4
1,5,lr5e-05_bs32_modL1_fusion32_fusionL1_fusionBN0_drop0p2__wd1e-04trmiss40_trlocglobal,32,5e-05,0.0001,1,32,1,False,0.2,lr5e-05_bs32_modL1_fusion32_fusionL1_fusionBN0_drop0p2__wd1e-04trmiss40_trlocglobal,20,0.5950534542401632,0.6887281239032745,0.48654244306418226,0.5309890442439433,0.4772727272727273,0.0,0.0,0.0,0.0,0.0,0.0,0.0,0.0,0.0,,,,,18473,global,0.4
1,5,lr5e-05_bs32_modL1_fusion32_fusionL1_fusionBN0_drop0p2__wd1e-04trmiss40_trlocglobal,32,5e-05,0.0001,1,32,1,False,0.2,lr5e-05_bs32_modL1_fusion32_fusionL1_fusionBN0_drop0p2__wd1e-04trmiss40_trlocglobal,21,0.592789222796758,0.6871136426925659,0.4989648033126294,0.5495863788322987,0.4772727272727273,0.0,0.0,0.0,0.0,0.0,0.0,0.0,0.0,0.0,,,,,18473,global,0.4
1,5,lr5e-05_bs32_modL1_fusion32_fusionL1_fusionBN0_drop0p2__wd1e-04trmiss40_trlocglobal,32,5e-05,0.0001,1,32,1,False,0.2,lr5e-05_bs32_modL1_fusion32_fusionL1_fusionBN0_drop0p2__wd1e-04trmiss40_trlocglobal,22,0.6013306279977163,0.6838887631893158,0.5093167701863355,0.5841664085496281,0.4772727272727273,0.0,0.0,0.0,0.0,0.0,0.0,0.0,0.0,0.0,,,,,18473,global,0.4
1,5,lr5e-05_bs32_modL1_fusion32_fusionL1_fusionBN0_drop0p2__wd1e-04trmiss40_trlocglobal,32,5e-05,0.0001,1,32,1,False,0.2,lr5e-05_bs32_modL1_fusion32_fusionL1_fusionBN0_drop0p2__wd1e-04trmiss40_trlocglobal,23,0.5739202698071798,0.6823440492153168,0.5134575569358177,0.6016116027492251,0.5,0.0,0.0,0.0,0.0,0.0,0.0,0.0,0.0,0.0,,,,,18473,global,0.4
1,5,lr5e-05_bs32_modL1_fusion32_fusionL1_fusionBN0_drop0p2__wd1e-04trmiss40_trlocglobal,32,5e-05,0.0001,1,32,1,False,0.2,lr5e-05_bs32_modL1_fusion32_fusionL1_fusionBN0_drop0p2__wd1e-04trmiss40_trlocglobal,24,0.582892507314682,0.6825897991657257,0.515527950310559,0.5989139435064459,0.5,0.0,0.0,0.0,0.0,0.0,0.0,0.0,0.0,0.0,,,,,18473,global,0.4
1,5,lr5e-05_bs32_modL1_fusion32_fusionL1_fusionBN0_drop0p2__wd1e-04trmiss40_trlocglobal,32,5e-05,0.0001,1,32,1,False,0.2,lr5e-05_bs32_modL1_fusion32_fusionL1_fusionBN0_drop0p2__wd1e-04trmiss40_trlocglobal,25,0.5732375383377075,0.6806279420852661,0.5320910973084887,0.613306639224397,0.5,0.0,0.0,0.0,0.0,0.0,0.0,0.0,0.0,0.0,,,,,18473,global,0.4
1,5,lr5e-05_bs32_modL1_fusion32_fusionL1_fusionBN0_drop0p2__wd1e-04trmiss40_trlocglobal,32,5e-05,0.0001,1,32,1,False,0.2,lr5e-05_bs32_modL1_fusion32_fusionL1_fusionBN0_drop0p2__wd1e-04trmiss40_trlocglobal,26,0.5811808705329895,0.677878737449646,0.5403726708074534,0.6325985950456201,0.5227272727272727,0.0,0.0,0.0,0.0,0.0,0.0,0.0,0.0,0.0,,,,,18473,global,0.4
1,5,lr5e-05_bs32_modL1_fusion32_fusionL1_fusionBN0_drop0p2__wd1e-04trmiss40_trlocglobal,32,5e-05,0.0001,1,32,1,False,0.2,lr5e-05_bs32_modL1_fusion32_fusionL1_fusionBN0_drop0p2__wd1e-04trmiss40_trlocglobal,27,0.5759299198786417,0.6763812601566315,0.5486542443064183,0.6490854389878631,0.5,0.0,0.0,0.0,0.0,0.0,0.0,0.0,0.0,0.0,,,,,18473,global,0.4
1,5,lr5e-05_bs32_modL1_fusion32_fusionL1_fusionBN0_drop0p2__wd1e-04trmiss40_trlocglobal,32,5e-05,0.0001,1,32,1,False,0.2,lr5e-05_bs32_modL1_fusion32_fusionL1_fusionBN0_drop0p2__wd1e-04trmiss40_trlocglobal,28,0.5689159830411276,0.677220344543457,0.5383022774327122,0.6454230630232404,0.5227272727272727,0.0,0.0,0.0,0.0,0.0,0.0,0.0,0.0,0.0,,,,,18473,global,0.4
1,5,lr5e-05_bs32_modL1_fusion32_fusionL1_fusionBN0_drop0p2__wd1e-04trmiss40_trlocglobal,32,5e-05,0.0001,1,32,1,False,0.2,lr5e-05_bs32_modL1_fusion32_fusionL1_fusionBN0_drop0p2__wd1e-04trmiss40_trlocglobal,29,0.567030797402064,0.6758906841278076,0.5486542443064182,0.6395326755935917,0.5227272727272727,0.0,0.0,0.0,0.0,0.0,0.0,0.0,0.0,0.0,,,,,18473,global,0.4
1,5,lr5e-05_bs32_modL1_fusion32_fusionL1_fusionBN0_drop0p2__wd1e-04trmiss40_trlocglobal,32,5e-05,0.0001,1,32,1,False,0.2,lr5e-05_bs32_modL1_fusion32_fusionL1_fusionBN0_drop0p2__wd1e-04trmiss40_trlocglobal,30,0.5592465102672577,0.6748205423355103,0.5548654244306418,0.6463865107393014,0.5227272727272727,0.0,0.0,0.0,0.0,0.0,0.0,0.0,0.0,0.0,,,,,18473,global,0.4
1,5,lr5e-05_bs32_modL1_fusion32_fusionL1_fusionBN0_drop0p2__wd1e-04trmiss40_trlocglobal,32,5e-05,0.0001,1,32,1,False,0.2,lr5e-05_bs32_modL1_fusion32_fusionL1_fusionBN0_drop0p2__wd1e-04trmiss40_trlocglobal,31,0.5615009566148123,0.6729548573493958,0.5672877846790889,0.6555139029554216,0.5,0.0,0.0,0.0,0.0,0.0,0.0,0.0,0.0,0.0,,,,,18473,global,0.4
1,5,lr5e-05_bs32_modL1_fusion32_fusionL1_fusionBN0_drop0p2__wd1e-04trmiss40_trlocglobal,32,5e-05,0.0001,1,32,1,False,0.2,lr5e-05_bs32_modL1_fusion32_fusionL1_fusionBN0_drop0p2__wd1e-04trmiss40_trlocglobal,32,0.5612791975339254,0.6731930673122406,0.5548654244306418,0.6489293533552964,0.5227272727272727,0.0,0.0,0.0,0.0,0.0,0.0,0.0,0.0,0.0,,,,,18473,global,0.4
1,5,lr5e-05_bs32_modL1_fusion32_fusionL1_fusionBN0_drop0p2__wd1e-04trmiss40_trlocglobal,32,5e-05,0.0001,1,32,1,False,0.2,lr5e-05_bs32_modL1_fusion32_fusionL1_fusionBN0_drop0p2__wd1e-04trmiss40_trlocglobal,33,0.5624113182226816,0.6738640666007996,0.556935817805383,0.6451996570836912,0.5227272727272727,0.0,0.0,0.0,0.0,0.0,0.0,0.0,0.0,0.0,,,,,18473,global,0.4
1,5,lr5e-05_bs32_modL1_fusion32_fusionL1_fusionBN0_drop0p2__wd1e-04trmiss40_trlocglobal,32,5e-05,0.0001,1,32,1,False,0.2,lr5e-05_bs32_modL1_fusion32_fusionL1_fusionBN0_drop0p2__wd1e-04trmiss40_trlocglobal,34,0.5581043163935343,0.6735724806785583,0.5590062111801242,0.645705691067986,0.5227272727272727,0.0,0.0,0.0,0.0,0.0,0.0,0.0,0.0,0.0,,,,,18473,global,0.4
1,5,lr5e-05_bs32_modL1_fusion32_fusionL1_fusionBN0_drop0p2__wd1e-04trmiss40_trlocglobal,32,5e-05,0.0001,1,32,1,False,0.2,lr5e-05_bs32_modL1_fusion32_fusionL1_fusionBN0_drop0p2__wd1e-04trmiss40_trlocglobal,35,0.5571217735608419,0.6734809279441833,0.5631469979296065,0.6483053079898535,0.5227272727272727,0.0,0.0,0.0,0.0,0.0,0.0,0.0,0.0,0.0,,,,,18473,global,0.4
1,5,lr5e-05_bs32_modL1_fusion32_fusionL1_fusionBN0_drop0p2__wd1e-04trmiss40_trlocglobal,32,5e-05,0.0001,1,32,1,False,0.2,lr5e-05_bs32_modL1_fusion32_fusionL1_fusionBN0_drop0p2__wd1e-04trmiss40_trlocglobal,36,0.546826700369517,0.6726417243480682,0.5652173913043478,0.6500660504256532,0.5227272727272727,0.0,0.0,0.0,0.0,0.0,0.0,0.0,0.0,0.0,,,,,18473,global,0.4
1,5,lr5e-05_bs32_modL1_fusion32_fusionL1_fusionBN0_drop0p2__wd1e-04trmiss40_trlocglobal,32,5e-05,0.0001,1,32,1,False,0.2,lr5e-05_bs32_modL1_fusion32_fusionL1_fusionBN0_drop0p2__wd1e-04trmiss40_trlocglobal,37,0.5430034697055817,0.6722891926765442,0.567287784679089,0.6515597837450073,0.5227272727272727,0.0,0.0,0.0,0.0,0.0,0.0,0.0,0.0,0.0,,,,,18473,global,0.4
1,5,lr5e-05_bs32_modL1_fusion32_fusionL1_fusionBN0_drop0p2__wd1e-04trmiss40_trlocglobal,32,5e-05,0.0001,1,32,1,False,0.2,lr5e-05_bs32_modL1_fusion32_fusionL1_fusionBN0_drop0p2__wd1e-04trmiss40_trlocglobal,38,0.5348992844422659,0.6699686944484711,0.5755693581780539,0.6564256582821029,0.5,0.0,0.0,0.0,0.0,0.0,0.0,0.0,0.0,0.0,,,,,18473,global,0.4
1,5,lr5e-05_bs32_modL1_fusion32_fusionL1_fusionBN0_drop0p2__wd1e-04trmiss40_trlocglobal,32,5e-05,0.0001,1,32,1,False,0.2,lr5e-05_bs32_modL1_fusion32_fusionL1_fusionBN0_drop0p2__wd1e-04trmiss40_trlocglobal,39,0.5402591526508331,0.6683547794818878,0.5755693581780539,0.6564709172787684,0.5454545454545454,0.0,0.0,0.0,0.0,0.0,0.0,0.0,0.0,0.0,,,,,18473,global,0.4
1,5,lr5e-05_bs32_modL1_fusion32_fusionL1_fusionBN0_drop0p2__wd1e-04trmiss40_trlocglobal,32,5e-05,0.0001,1,32,1,False,0.2,lr5e-05_bs32_modL1_fusion32_fusionL1_fusionBN0_drop0p2__wd1e-04trmiss40_trlocglobal,40,0.5399385392665863,0.6685052514076233,0.5797101449275363,0.6578810230367003,0.5,0.0,0.0,0.0,0.0,0.0,0.0,0.0,0.0,0.0,,,,,18473,global,0.4
1,5,lr5e-05_bs32_modL1_fusion32_fusionL1_fusionBN0_drop0p2__wd1e-04trmiss40_trlocglobal,32,5e-05,0.0001,1,32,1,False,0.2,lr5e-05_bs32_modL1_fusion32_fusionL1_fusionBN0_drop0p2__wd1e-04trmiss40_trlocglobal,41,0.5275518000125885,0.6684532165527344,0.5838509316770186,0.6626816856316364,0.5,0.0,0.0,0.0,0.0,0.0,0.0,0.0,0.0,0.0,,,,,18473,global,0.4
1,5,lr5e-05_bs32_modL1_fusion32_fusionL1_fusionBN0_drop0p2__wd1e-04trmiss40_trlocglobal,32,5e-05,0.0001,1,32,1,False,0.2,lr5e-05_bs32_modL1_fusion32_fusionL1_fusionBN0_drop0p2__wd1e-04trmiss40_trlocglobal,42,0.5405505001544952,0.6678653061389923,0.5859213250517599,0.6631512920982445,0.5,0.0,0.0,0.0,0.0,0.0,0.0,0.0,0.0,0.0,,,,,18473,global,0.4
1,5,lr5e-05_bs32_modL1_fusion32_fusionL1_fusionBN0_drop0p2__wd1e-04trmiss40_trlocglobal,32,5e-05,0.0001,1,32,1,False,0.2,lr5e-05_bs32_modL1_fusion32_fusionL1_fusionBN0_drop0p2__wd1e-04trmiss40_trlocglobal,43,0.5274468610684077,0.6675497591495514,0.5838509316770186,0.6604230060134659,0.5,0.0,0.0,0.0,0.0,0.0,0.0,0.0,0.0,0.0,,,,,18473,global,0.4
1,5,lr5e-05_bs32_modL1_fusion32_fusionL1_fusionBN0_drop0p2__wd1e-04trmiss40_trlocglobal,32,5e-05,0.0001,1,32,1,False,0.2,lr5e-05_bs32_modL1_fusion32_fusionL1_fusionBN0_drop0p2__wd1e-04trmiss40_trlocglobal,44,0.5389274557431539,0.6661381423473358,0.577639751552795,0.6585413106535096,0.5,0.0,0.0,0.0,0.0,0.0,0.0,0.0,0.0,0.0,,,,,18473,global,0.4
1,5,lr5e-05_bs32_modL1_fusion32_fusionL1_fusionBN0_drop0p2__wd1e-04trmiss40_trlocglobal,32,5e-05,0.0001,1,32,1,False,0.2,lr5e-05_bs32_modL1_fusion32_fusionL1_fusionBN0_drop0p2__wd1e-04trmiss40_trlocglobal,45,0.521747276186943,0.665338009595871,0.5838509316770186,0.6608185279190539,0.5227272727272727,0.0,0.0,0.0,0.0,0.0,0.0,0.0,0.0,0.0,,,,,18473,global,0.4
1,5,lr5e-05_bs32_modL1_fusion32_fusionL1_fusionBN0_drop0p2__wd1e-04trmiss40_trlocglobal,32,5e-05,0.0001,1,32,1,False,0.2,lr5e-05_bs32_modL1_fusion32_fusionL1_fusionBN0_drop0p2__wd1e-04trmiss40_trlocglobal,46,0.5190023332834244,0.6651134192943573,0.5797101449275363,0.6630924258133124,0.5227272727272727,0.0,0.0,0.0,0.0,0.0,0.0,0.0,0.0,0.0,,,,,18473,global,0.4
1,5,lr5e-05_bs32_modL1_fusion32_fusionL1_fusionBN0_drop0p2__wd1e-04trmiss40_trlocglobal,32,5e-05,0.0001,1,32,1,False,0.2,lr5e-05_bs32_modL1_fusion32_fusionL1_fusionBN0_drop0p2__wd1e-04trmiss40_trlocglobal,47,0.5249886264403661,0.6662762761116028,0.577639751552795,0.659012208082943,0.5227272727272727,0.0,0.0,0.0,0.0,0.0,0.0,0.0,0.0,0.0,,,,,18473,global,0.4
1,5,lr5e-05_bs32_modL1_fusion32_fusionL1_fusionBN0_drop0p2__wd1e-04trmiss40_trlocglobal,32,5e-05,0.0001,1,32,1,False,0.2,lr5e-05_bs32_modL1_fusion32_fusionL1_fusionBN0_drop0p2__wd1e-04trmiss40_trlocglobal,48,0.5210069864988327,0.6678293943405151,0.5755693581780539,0.6488721119003108,0.5227272727272727,0.0,0.0,0.0,0.0,0.0,0.0,0.0,0.0,0.0,,,,,18473,global,0.4
1,5,lr5e-05_bs32_modL1_fusion32_fusionL1_fusionBN0_drop0p2__wd1e-04trmiss40_trlocglobal,32,5e-05,0.0001,1,32,1,False,0.2,lr5e-05_bs32_modL1_fusion32_fusionL1_fusionBN0_drop0p2__wd1e-04trmiss40_trlocglobal,49,0.5192714234193166,0.6683470606803894,0.5693581780538303,0.6453373106137933,0.5227272727272727,0.0,0.0,0.0,0.0,0.0,0.0,0.0,0.0,0.0,,,,,18473,global,0.4
1,5,lr5e-05_bs32_modL1_fusion32_fusionL1_fusionBN0_drop0p2__wd1e-04trmiss40_trlocglobal,32,5e-05,0.0001,1,32,1,False,0.2,lr5e-05_bs32_modL1_fusion32_fusionL1_fusionBN0_drop0p2__wd1e-04trmiss40_trlocglobal,50,0.5279994110266367,0.6671241521835327,0.577639751552795,0.649055341589355,0.5,0.0,0.0,0.0,0.0,0.0,0.0,0.0,0.0,0.0,,,,,18473,global,0.4
1,5,lr5e-05_bs32_modL1_fusion32_fusionL1_fusionBN0_drop0p2__wd1e-04trmiss40_trlocglobal,32,5e-05,0.0001,1,32,1,False,0.2,lr5e-05_bs32_modL1_fusion32_fusionL1_fusionBN0_drop0p2__wd1e-04trmiss40_trlocglobal,51,0.5190373460451762,0.6669245958328247,0.577639751552795,0.6496054786990969,0.5454545454545454,0.0,0.0,0.0,0.0,0.0,0.0,0.0,0.0,0.0,,,,,18473,global,0.4
1,5,lr5e-05_bs32_modL1_fusion32_fusionL1_fusionBN0_drop0p2__wd1e-04trmiss40_trlocglobal,32,5e-05,0.0001,1,32,1,False,0.2,lr5e-05_bs32_modL1_fusion32_fusionL1_fusionBN0_drop0p2__wd1e-04trmiss40_trlocglobal,52,0.5143676598866781,0.6654112339019775,0.5797101449275363,0.6504750439164882,0.5454545454545454,0.0,0.0,0.0,0.0,0.0,0.0,0.0,0.0,0.0,,,,,18473,global,0.4
1,5,lr5e-05_bs32_modL1_fusion32_fusionL1_fusionBN0_drop0p2__wd1e-04trmiss40_trlocglobal,32,5e-05,0.0001,1,32,1,False,0.2,lr5e-05_bs32_modL1_fusion32_fusionL1_fusionBN0_drop0p2__wd1e-04trmiss40_trlocglobal,53,0.5225210040807724,0.6652712225914001,0.5817805383022774,0.6512801968955543,0.5681818181818182,0.0,0.0,0.0,0.0,0.0,0.0,0.0,0.0,0.0,,,,,18473,global,0.4
1,5,lr5e-05_bs32_modL1_fusion32_fusionL1_fusionBN0_drop0p2__wd1e-04trmiss40_trlocglobal,32,5e-05,0.0001,1,32,1,False,0.2,lr5e-05_bs32_modL1_fusion32_fusionL1_fusionBN0_drop0p2__wd1e-04trmiss40_trlocglobal,54,0.5099392682313919,0.6663671433925629,0.5797101449275363,0.6516501041576036,0.5681818181818182,0.0,0.0,0.0,0.0,0.0,0.0,0.0,0.0,0.0,,,,,18473,global,0.4
1,5,lr5e-05_bs32_modL1_fusion32_fusionL1_fusionBN0_drop0p2__wd1e-04trmiss40_trlocglobal,32,5e-05,0.0001,1,32,1,False,0.2,lr5e-05_bs32_modL1_fusion32_fusionL1_fusionBN0_drop0p2__wd1e-04trmiss40_trlocglobal,55,0.5062862982352575,0.6670271456241608,0.5734989648033126,0.6487656129738798,0.5681818181818182,0.0,0.0,0.0,0.0,0.0,0.0,0.0,0.0,0.0,,,,,18473,global,0.4
1,5,lr5e-05_bs32_modL1_fusion32_fusionL1_fusionBN0_drop0p2__wd1e-04trmiss40_trlocglobal,32,5e-05,0.0001,1,32,1,False,0.2,lr5e-05_bs32_modL1_fusion32_fusionL1_fusionBN0_drop0p2__wd1e-04trmiss40_trlocglobal,56,0.5159147282441457,0.6663178503513336,0.5714285714285714,0.6414768662888481,0.5681818181818182,0.0,0.0,0.0,0.0,0.0,0.0,0.0,0.0,0.0,,,,,18473,global,0.4
1,5,lr5e-05_bs32_modL1_fusion32_fusionL1_fusionBN0_drop0p2__wd1e-04trmiss40_trlocglobal,32,5e-05,0.0001,1,32,1,False,0.2,lr5e-05_bs32_modL1_fusion32_fusionL1_fusionBN0_drop0p2__wd1e-04trmiss40_trlocglobal,57,0.5077763746182123,0.6652698218822479,0.577639751552795,0.6493280029255921,0.5454545454545454,0.0,0.0,0.0,0.0,0.0,0.0,0.0,0.0,0.0,,,,,18473,global,0.4
1,5,lr5e-05_bs32_modL1_fusion32_fusionL1_fusionBN0_drop0p2__wd1e-04trmiss40_trlocglobal,32,5e-05,0.0001,1,32,1,False,0.2,lr5e-05_bs32_modL1_fusion32_fusionL1_fusionBN0_drop0p2__wd1e-04trmiss40_trlocglobal,58,0.5097238967816035,0.6650631725788116,0.5859213250517599,0.6624215961849846,0.5681818181818182,0.0,0.0,0.0,0.0,0.0,0.0,0.0,0.0,0.0,,,,,18473,global,0.4
1,5,lr5e-05_bs32_modL1_fusion32_fusionL1_fusionBN0_drop0p2__wd1e-04trmiss40_trlocglobal,32,5e-05,0.0001,1,32,1,False,0.2,lr5e-05_bs32_modL1_fusion32_fusionL1_fusionBN0_drop0p2__wd1e-04trmiss40_trlocglobal,59,0.5225606660048167,0.6644963920116425,0.577639751552795,0.6586956348348478,0.5681818181818182,0.0,0.0,0.0,0.0,0.0,0.0,0.0,0.0,0.0,,,,,18473,global,0.4
1,5,lr5e-05_bs32_modL1_fusion32_fusionL1_fusionBN0_drop0p2__wd1e-04trmiss40_trlocglobal,32,5e-05,0.0001,1,32,1,False,0.2,lr5e-05_bs32_modL1_fusion32_fusionL1_fusionBN0_drop0p2__wd1e-04trmiss40_trlocglobal,60,0.5153801143169403,0.6639673411846161,0.5797101449275363,0.6595652000522392,0.5681818181818182,0.0,0.0,0.0,0.0,0.0,0.0,0.0,0.0,0.0,,,,,18473,global,0.4
1,5,lr5e-05_bs32_modL1_fusion32_fusionL1_fusionBN0_drop0p2__wd1e-04trmiss40_trlocglobal,32,5e-05,0.0001,1,32,1,False,0.2,lr5e-05_bs32_modL1_fusion32_fusionL1_fusionBN0_drop0p2__wd1e-04trmiss40_trlocglobal,61,0.5172884911298752,0.6633564829826355,0.5755693581780538,0.6579580656906252,0.5454545454545454,0.0,0.0,0.0,0.0,0.0,0.0,0.0,0.0,0.0,,,,,18473,global,0.4
1,5,lr5e-05_bs32_modL1_fusion32_fusionL1_fusionBN0_drop0p2__wd1e-04trmiss40_trlocglobal,32,5e-05,0.0001,1,32,1,False,0.2,lr5e-05_bs32_modL1_fusion32_fusionL1_fusionBN0_drop0p2__wd1e-04trmiss40_trlocglobal,62,0.5084920078516006,0.6639404296875,0.5838509316770186,0.6613799658516558,0.5454545454545454,0.0,0.0,0.0,0.0,0.0,0.0,0.0,0.0,0.0,,,,,18473,global,0.4
1,5,lr5e-05_bs32_modL1_fusion32_fusionL1_fusionBN0_drop0p2__wd1e-04trmiss40_trlocglobal,32,5e-05,0.0001,1,32,1,False,0.2,lr5e-05_bs32_modL1_fusion32_fusionL1_fusionBN0_drop0p2__wd1e-04trmiss40_trlocglobal,63,0.5113857140143713,0.6643652617931366,0.5817805383022774,0.6605917159002244,0.5454545454545454,0.0,0.0,0.0,0.0,0.0,0.0,0.0,0.0,0.0,,,,,18473,global,0.4
1,5,lr5e-05_bs32_modL1_fusion32_fusionL1_fusionBN0_drop0p2__wd1e-04trmiss40_trlocglobal,32,5e-05,0.0001,1,32,1,False,0.2,lr5e-05_bs32_modL1_fusion32_fusionL1_fusionBN0_drop0p2__wd1e-04trmiss40_trlocglobal,64,0.5058988630771637,0.6641490459442139,0.5817805383022775,0.6608669357922534,0.5454545454545454,0.0,0.0,0.0,0.0,0.0,0.0,0.0,0.0,0.0,,,,,18473,global,0.4
1,5,lr5e-05_bs32_modL1_fusion32_fusionL1_fusionBN0_drop0p2__wd1e-04trmiss40_trlocglobal,32,5e-05,0.0001,1,32,1,False,0.2,lr5e-05_bs32_modL1_fusion32_fusionL1_fusionBN0_drop0p2__wd1e-04trmiss40_trlocglobal,65,0.5218563973903656,0.6647014319896698,0.5734989648033126,0.6574847490246472,0.5227272727272727,0.0,0.0,0.0,0.0,0.0,0.0,0.0,0.0,0.0,,,,,18473,global,0.4
1,5,lr5e-05_bs32_modL1_fusion32_fusionL1_fusionBN0_drop0p2__wd1e-04trmiss40_trlocglobal,32,5e-05,0.0001,1,32,1,False,0.2,lr5e-05_bs32_modL1_fusion32_fusionL1_fusionBN0_drop0p2__wd1e-04trmiss40_trlocglobal,66,0.4981533686319987,0.6653944551944733,0.5776397515527951,0.6602626701679908,0.5681818181818182,0.0,0.0,0.0,0.0,0.0,0.0,0.0,0.0,0.0,,,,,18473,global,0.4
1,5,lr5e-05_bs32_modL1_fusion32_fusionL1_fusionBN0_drop0p2__wd1e-04trmiss40_trlocglobal,32,5e-05,0.0001,1,32,1,False,0.2,lr5e-05_bs32_modL1_fusion32_fusionL1_fusionBN0_drop0p2__wd1e-04trmiss40_trlocglobal,67,0.5166633427143097,0.6649264693260193,0.5838509316770186,0.6625589218794103,0.5681818181818182,0.0,0.0,0.0,0.0,0.0,0.0,0.0,0.0,0.0,,,,,18473,global,0.4
1,5,lr5e-05_bs32_modL1_fusion32_fusionL1_fusionBN0_drop0p2__wd1e-04trmiss40_trlocglobal,32,5e-05,0.0001,1,32,1,False,0.2,lr5e-05_bs32_modL1_fusion32_fusionL1_fusionBN0_drop0p2__wd1e-04trmiss40_trlocglobal,68,0.5133644739786783,0.6649007797241211,0.5817805383022775,0.6608030178122934,0.5681818181818182,0.0,0.0,0.0,0.0,0.0,0.0,0.0,0.0,0.0,,,,,18473,global,0.4
1,5,lr5e-05_bs32_modL1_fusion32_fusionL1_fusionBN0_drop0p2__wd1e-04trmiss40_trlocglobal,32,5e-05,0.0001,1,32,1,False,0.2,lr5e-05_bs32_modL1_fusion32_fusionL1_fusionBN0_drop0p2__wd1e-04trmiss40_trlocglobal,69,0.4953014800945918,0.6653129756450653,0.5797101449275363,0.6602500048450928,0.5681818181818182,0.0,0.0,0.0,0.0,0.0,0.0,0.0,0.0,0.0,,,,,18473,global,0.4
1,5,lr5e-05_bs32_modL1_fusion32_fusionL1_fusionBN0_drop0p2__wd1e-04trmiss40_trlocglobal,32,5e-05,0.0001,1,32,1,False,0.2,lr5e-05_bs32_modL1_fusion32_fusionL1_fusionBN0_drop0p2__wd1e-04trmiss40_trlocglobal,70,0.5041068444649378,0.6653168797492981,0.5755693581780538,0.6597569243176875,0.5681818181818182,0.0,0.0,0.0,0.0,0.0,0.0,0.0,0.0,0.0,,,,,18473,global,0.4
1,5,lr5e-05_bs32_modL1_fusion32_fusionL1_fusionBN0_drop0p2__wd1e-04trmiss40_trlocglobal,32,5e-05,0.0001,1,32,1,False,0.2,lr5e-05_bs32_modL1_fusion32_fusionL1_fusionBN0_drop0p2__wd1e-04trmiss40_trlocglobal,71,0.5054892947276434,0.6642739474773407,0.5838509316770186,0.6659977967006823,0.5681818181818182,0.0,0.0,0.0,0.0,0.0,0.0,0.0,0.0,0.0,,,,,18473,global,0.4
1,5,lr5e-05_bs32_modL1_fusion32_fusionL1_fusionBN0_drop0p2__wd1e-04trmiss40_trlocglobal,32,5e-05,0.0001,1,32,1,False,0.2,lr5e-05_bs32_modL1_fusion32_fusionL1_fusionBN0_drop0p2__wd1e-04trmiss40_trlocglobal,72,0.5097975879907608,0.6634186506271362,0.5817805383022774,0.6627467501591756,0.5681818181818182,0.0,0.0,0.0,0.0,0.0,0.0,0.0,0.0,0.0,,,,,18473,global,0.4
1,5,lr5e-05_bs32_modL1_fusion32_fusionL1_fusionBN0_drop0p2__wd1e-04trmiss40_trlocglobal,32,5e-05,0.0001,1,32,1,False,0.2,lr5e-05_bs32_modL1_fusion32_fusionL1_fusionBN0_drop0p2__wd1e-04trmiss40_trlocglobal,73,0.494456688563029,0.6643607318401337,0.5755693581780539,0.6610001642592717,0.5681818181818182,0.0,0.0,0.0,0.0,0.0,0.0,0.0,0.0,0.0,,,,,18473,global,0.4
1,5,lr5e-05_bs32_modL1_fusion32_fusionL1_fusionBN0_drop0p2__wd1e-04trmiss40_trlocglobal,32,5e-05,0.0001,1,32,1,False,0.2,lr5e-05_bs32_modL1_fusion32_fusionL1_fusionBN0_drop0p2__wd1e-04trmiss40_trlocglobal,74,0.4998690187931061,0.6645807325839996,0.5755693581780539,0.660683612009081,0.5454545454545454,0.0,0.0,0.0,0.0,0.0,0.0,0.0,0.0,0.0,,,,,18473,global,0.4
1,5,lr5e-05_bs32_modL1_fusion32_fusionL1_fusionBN0_drop0p2__wd1e-04trmiss40_trlocglobal,32,5e-05,0.0001,1,32,1,False,0.2,lr5e-05_bs32_modL1_fusion32_fusionL1_fusionBN0_drop0p2__wd1e-04trmiss40_trlocglobal,75,0.5012173602978388,0.6640619039535522,0.577639751552795,0.6616172969802835,0.5681818181818182,0.0,0.0,0.0,0.0,0.0,0.0,0.0,0.0,0.0,,,,,18473,global,0.4
1,5,lr5e-05_bs32_modL1_fusion32_fusionL1_fusionBN0_drop0p2__wd1e-04trmiss40_trlocglobal,32,5e-05,0.0001,1,32,1,False,0.2,lr5e-05_bs32_modL1_fusion32_fusionL1_fusionBN0_drop0p2__wd1e-04trmiss40_trlocglobal,76,0.4982043256362279,0.6649282276630402,0.577639751552795,0.6635350419186234,0.5681818181818182,0.0,0.0,0.0,0.0,0.0,0.0,0.0,0.0,0.0,,,,,18473,global,0.4
1,5,lr5e-05_bs32_modL1_fusion32_fusionL1_fusionBN0_drop0p2__wd1e-04trmiss40_trlocglobal,32,5e-05,0.0001,1,32,1,False,0.2,lr5e-05_bs32_modL1_fusion32_fusionL1_fusionBN0_drop0p2__wd1e-04trmiss40_trlocglobal,77,0.49201055864493054,0.6649370193481445,0.5755693581780538,0.6595048531058259,0.5681818181818182,0.0,0.0,0.0,0.0,0.0,0.0,0.0,0.0,0.0,,,,,18473,global,0.4
1,5,lr5e-05_bs32_modL1_fusion32_fusionL1_fusionBN0_drop0p2__wd1e-04trmiss40_trlocglobal,32,5e-05,0.0001,1,32,1,False,0.2,lr5e-05_bs32_modL1_fusion32_fusionL1_fusionBN0_drop0p2__wd1e-04trmiss40_trlocglobal,78,0.5028261591990789,0.6647502779960632,0.5734989648033126,0.6598875452505317,0.5681818181818182,0.0,0.0,0.0,0.0,0.0,0.0,0.0,0.0,0.0,,,,,18473,global,0.4
1,5,lr5e-05_bs32_modL1_fusion32_fusionL1_fusionBN0_drop0p1__wd1e-04trmiss40_trlocglobal,32,5e-05,0.0001,1,32,1,False,0.1,lr5e-05_bs32_modL1_fusion32_fusionL1_fusionBN0_drop0p1__wd1e-04trmiss40_trlocglobal,1,0.6983889440695444,0.7010970711708069,0.5113871635610766,0.5074358102065758,0.5227272727272727,0.0,0.0,0.0,0.0,0.0,0.0,0.0,0.0,0.0,,,,,18473,global,0.4
1,5,lr5e-05_bs32_modL1_fusion32_fusionL1_fusionBN0_drop0p1__wd1e-04trmiss40_trlocglobal,32,5e-05,0.0001,1,32,1,False,0.1,lr5e-05_bs32_modL1_fusion32_fusionL1_fusionBN0_drop0p1__wd1e-04trmiss40_trlocglobal,2,0.6824373702208201,0.6998560428619385,0.515527950310559,0.5275866557337773,0.5227272727272727,0.0,0.0,0.0,0.0,0.0,0.0,0.0,0.0,0.0,,,,,18473,global,0.4
1,5,lr5e-05_bs32_modL1_fusion32_fusionL1_fusionBN0_drop0p1__wd1e-04trmiss40_trlocglobal,32,5e-05,0.0001,1,32,1,False,0.1,lr5e-05_bs32_modL1_fusion32_fusionL1_fusionBN0_drop0p1__wd1e-04trmiss40_trlocglobal,3,0.6794337729612986,0.6979851722717285,0.5175983436853002,0.5315443478286508,0.5227272727272727,0.0,0.0,0.0,0.0,0.0,0.0,0.0,0.0,0.0,,,,,18473,global,0.4
1,5,lr5e-05_bs32_modL1_fusion32_fusionL1_fusionBN0_drop0p1__wd1e-04trmiss40_trlocglobal,32,5e-05,0.0001,1,32,1,False,0.1,lr5e-05_bs32_modL1_fusion32_fusionL1_fusionBN0_drop0p1__wd1e-04trmiss40_trlocglobal,4,0.6676213641961416,0.6965181529521942,0.5134575569358177,0.5602588576200216,0.5227272727272727,0.0,0.0,0.0,0.0,0.0,0.0,0.0,0.0,0.0,,,,,18473,global,0.4
1,5,lr5e-05_bs32_modL1_fusion32_fusionL1_fusionBN0_drop0p1__wd1e-04trmiss40_trlocglobal,32,5e-05,0.0001,1,32,1,False,0.1,lr5e-05_bs32_modL1_fusion32_fusionL1_fusionBN0_drop0p1__wd1e-04trmiss40_trlocglobal,5,0.6568566858768463,0.695044219493866,0.5072463768115942,0.5699615553714801,0.5454545454545454,0.0,0.0,0.0,0.0,0.0,0.0,0.0,0.0,0.0,,,,,18473,global,0.4
1,5,lr5e-05_bs32_modL1_fusion32_fusionL1_fusionBN0_drop0p1__wd1e-04trmiss40_trlocglobal,32,5e-05,0.0001,1,32,1,False,0.1,lr5e-05_bs32_modL1_fusion32_fusionL1_fusionBN0_drop0p1__wd1e-04trmiss40_trlocglobal,6,0.6518580814202627,0.6937895119190216,0.5217391304347826,0.579688230098155,0.5454545454545454,0.0,0.0,0.0,0.0,0.0,0.0,0.0,0.0,0.0,,,,,18473,global,0.4
1,5,lr5e-05_bs32_modL1_fusion32_fusionL1_fusionBN0_drop0p1__wd1e-04trmiss40_trlocglobal,32,5e-05,0.0001,1,32,1,False,0.1,lr5e-05_bs32_modL1_fusion32_fusionL1_fusionBN0_drop0p1__wd1e-04trmiss40_trlocglobal,7,0.6446840663750967,0.6920274794101715,0.5445134575569358,0.5957435857811179,0.5454545454545454,0.0,0.0,0.0,0.0,0.0,0.0,0.0,0.0,0.0,,,,,18473,global,0.4
1,5,lr5e-05_bs32_modL1_fusion32_fusionL1_fusionBN0_drop0p1__wd1e-04trmiss40_trlocglobal,32,5e-05,0.0001,1,32,1,False,0.1,lr5e-05_bs32_modL1_fusion32_fusionL1_fusionBN0_drop0p1__wd1e-04trmiss40_trlocglobal,8,0.6402005155881246,0.6904849112033844,0.5590062111801243,0.6158553542910556,0.5909090909090909,0.0,0.0,0.0,0.0,0.0,0.0,0.0,0.0,0.0,,,,,18473,global,0.4
1,5,lr5e-05_bs32_modL1_fusion32_fusionL1_fusionBN0_drop0p1__wd1e-04trmiss40_trlocglobal,32,5e-05,0.0001,1,32,1,False,0.1,lr5e-05_bs32_modL1_fusion32_fusionL1_fusionBN0_drop0p1__wd1e-04trmiss40_trlocglobal,9,0.6339692076047262,0.6902405619621277,0.5548654244306419,0.6123847484547209,0.5681818181818182,0.0,0.0,0.0,0.0,0.0,0.0,0.0,0.0,0.0,,,,,18473,global,0.4
1,5,lr5e-05_bs32_modL1_fusion32_fusionL1_fusionBN0_drop0p1__wd1e-04trmiss40_trlocglobal,32,5e-05,0.0001,1,32,1,False,0.1,lr5e-05_bs32_modL1_fusion32_fusionL1_fusionBN0_drop0p1__wd1e-04trmiss40_trlocglobal,10,0.6262752513090769,0.6896698772907257,0.5569358178053831,0.6259596627155593,0.5681818181818182,0.0,0.0,0.0,0.0,0.0,0.0,0.0,0.0,0.0,,,,,18473,global,0.4
1,5,lr5e-05_bs32_modL1_fusion32_fusionL1_fusionBN0_drop0p1__wd1e-04trmiss40_trlocglobal,32,5e-05,0.0001,1,32,1,False,0.1,lr5e-05_bs32_modL1_fusion32_fusionL1_fusionBN0_drop0p1__wd1e-04trmiss40_trlocglobal,11,0.6232854922612509,0.6895762383937836,0.5590062111801242,0.6096839057293021,0.5681818181818182,0.0,0.0,0.0,0.0,0.0,0.0,0.0,0.0,0.0,,,,,18473,global,0.4
1,5,lr5e-05_bs32_modL1_fusion32_fusionL1_fusionBN0_drop0p1__wd1e-04trmiss40_trlocglobal,32,5e-05,0.0001,1,32,1,False,0.1,lr5e-05_bs32_modL1_fusion32_fusionL1_fusionBN0_drop0p1__wd1e-04trmiss40_trlocglobal,12,0.6174601018428802,0.6885725557804108,0.5527950310559007,0.6081000497380128,0.5454545454545454,0.0,0.0,0.0,0.0,0.0,0.0,0.0,0.0,0.0,,,,,18473,global,0.4
1,5,lr5e-05_bs32_modL1_fusion32_fusionL1_fusionBN0_drop0p1__wd1e-04trmiss40_trlocglobal,32,5e-05,0.0001,1,32,1,False,0.1,lr5e-05_bs32_modL1_fusion32_fusionL1_fusionBN0_drop0p1__wd1e-04trmiss40_trlocglobal,13,0.6069175104300181,0.6862628757953644,0.556935817805383,0.6315773395196504,0.5454545454545454,0.0,0.0,0.0,0.0,0.0,0.0,0.0,0.0,0.0,,,,,18473,global,0.4
1,5,lr5e-05_bs32_modL1_fusion32_fusionL1_fusionBN0_drop0p1__wd1e-04trmiss40_trlocglobal,32,5e-05,0.0001,1,32,1,False,0.1,lr5e-05_bs32_modL1_fusion32_fusionL1_fusionBN0_drop0p1__wd1e-04trmiss40_trlocglobal,14,0.6096040407816569,0.6850417256355286,0.556935817805383,0.6467917331063012,0.5454545454545454,0.0,0.0,0.0,0.0,0.0,0.0,0.0,0.0,0.0,,,,,18473,global,0.4
1,5,lr5e-05_bs32_modL1_fusion32_fusionL1_fusionBN0_drop0p1__wd1e-04trmiss40_trlocglobal,32,5e-05,0.0001,1,32,1,False,0.1,lr5e-05_bs32_modL1_fusion32_fusionL1_fusionBN0_drop0p1__wd1e-04trmiss40_trlocglobal,15,0.6000150640805563,0.6840305924415588,0.5507246376811594,0.6419818218969683,0.5681818181818182,0.0,0.0,0.0,0.0,0.0,0.0,0.0,0.0,0.0,,,,,18473,global,0.4
1,5,lr5e-05_bs32_modL1_fusion32_fusionL1_fusionBN0_drop0p1__wd1e-04trmiss40_trlocglobal,32,5e-05,0.0001,1,32,1,False,0.1,lr5e-05_bs32_modL1_fusion32_fusionL1_fusionBN0_drop0p1__wd1e-04trmiss40_trlocglobal,16,0.5980835258960724,0.6835127770900726,0.5507246376811594,0.6411677523398934,0.5681818181818182,0.0,0.0,0.0,0.0,0.0,0.0,0.0,0.0,0.0,,,,,18473,global,0.4
1,5,lr5e-05_bs32_modL1_fusion32_fusionL1_fusionBN0_drop0p1__wd1e-04trmiss40_trlocglobal,32,5e-05,0.0001,1,32,1,False,0.1,lr5e-05_bs32_modL1_fusion32_fusionL1_fusionBN0_drop0p1__wd1e-04trmiss40_trlocglobal,17,0.5917486647764841,0.6817103922367096,0.5734989648033126,0.6533186185141289,0.5454545454545454,0.0,0.0,0.0,0.0,0.0,0.0,0.0,0.0,0.0,,,,,18473,global,0.4
1,5,lr5e-05_bs32_modL1_fusion32_fusionL1_fusionBN0_drop0p1__wd1e-04trmiss40_trlocglobal,32,5e-05,0.0001,1,32,1,False,0.1,lr5e-05_bs32_modL1_fusion32_fusionL1_fusionBN0_drop0p1__wd1e-04trmiss40_trlocglobal,18,0.593448668718338,0.6806505024433136,0.5859213250517599,0.659045207547844,0.5454545454545454,0.0,0.0,0.0,0.0,0.0,0.0,0.0,0.0,0.0,,,,,18473,global,0.4
1,5,lr5e-05_bs32_modL1_fusion32_fusionL1_fusionBN0_drop0p1__wd1e-04trmiss40_trlocglobal,32,5e-05,0.0001,1,32,1,False,0.1,lr5e-05_bs32_modL1_fusion32_fusionL1_fusionBN0_drop0p1__wd1e-04trmiss40_trlocglobal,19,0.5898194114367167,0.6797826290130615,0.5859213250517599,0.6707475210029266,0.5227272727272727,0.0,0.0,0.0,0.0,0.0,0.0,0.0,0.0,0.0,,,,,18473,global,0.4
1,5,lr5e-05_bs32_modL1_fusion32_fusionL1_fusionBN0_drop0p1__wd1e-04trmiss40_trlocglobal,32,5e-05,0.0001,1,32,1,False,0.1,lr5e-05_bs32_modL1_fusion32_fusionL1_fusionBN0_drop0p1__wd1e-04trmiss40_trlocglobal,20,0.579089472691218,0.6794683933258057,0.5983436853002071,0.677638919457494,0.5681818181818182,0.0,0.0,0.0,0.0,0.0,0.0,0.0,0.0,0.0,,,,,18473,global,0.4
1,5,lr5e-05_bs32_modL1_fusion32_fusionL1_fusionBN0_drop0p1__wd1e-04trmiss40_trlocglobal,32,5e-05,0.0001,1,32,1,False,0.1,lr5e-05_bs32_modL1_fusion32_fusionL1_fusionBN0_drop0p1__wd1e-04trmiss40_trlocglobal,21,0.5788328647613525,0.6793379783630371,0.6024844720496895,0.6795359815182154,0.5454545454545454,0.0,0.0,0.0,0.0,0.0,0.0,0.0,0.0,0.0,,,,,18473,global,0.4
1,5,lr5e-05_bs32_modL1_fusion32_fusionL1_fusionBN0_drop0p1__wd1e-04trmiss40_trlocglobal,32,5e-05,0.0001,1,32,1,False,0.1,lr5e-05_bs32_modL1_fusion32_fusionL1_fusionBN0_drop0p1__wd1e-04trmiss40_trlocglobal,22,0.5826394160588583,0.6795253455638885,0.5859213250517599,0.6693007820162786,0.5454545454545454,0.0,0.0,0.0,0.0,0.0,0.0,0.0,0.0,0.0,,,,,18473,global,0.4
1,5,lr5e-05_bs32_modL1_fusion32_fusionL1_fusionBN0_drop0p1__wd1e-04trmiss40_trlocglobal,32,5e-05,0.0001,1,32,1,False,0.1,lr5e-05_bs32_modL1_fusion32_fusionL1_fusionBN0_drop0p1__wd1e-04trmiss40_trlocglobal,23,0.5745928784211477,0.6793385148048401,0.5776397515527951,0.6605656515794991,0.5681818181818182,0.0,0.0,0.0,0.0,0.0,0.0,0.0,0.0,0.0,,,,,18473,global,0.4
1,5,lr5e-05_bs32_modL1_fusion32_fusionL1_fusionBN0_drop0p1__wd1e-04trmiss40_trlocglobal,32,5e-05,0.0001,1,32,1,False,0.1,lr5e-05_bs32_modL1_fusion32_fusionL1_fusionBN0_drop0p1__wd1e-04trmiss40_trlocglobal,24,0.5628523528575897,0.6781914234161377,0.5797101449275361,0.662440850036337,0.5681818181818182,0.0,0.0,0.0,0.0,0.0,0.0,0.0,0.0,0.0,,,,,18473,global,0.4
1,5,lr5e-05_bs32_modL1_fusion32_fusionL1_fusionBN0_drop0p1__wd1e-04trmiss40_trlocglobal,32,5e-05,0.0001,1,32,1,False,0.1,lr5e-05_bs32_modL1_fusion32_fusionL1_fusionBN0_drop0p1__wd1e-04trmiss40_trlocglobal,25,0.5597119927406311,0.676334023475647,0.5900621118012422,0.6793156180891389,0.5681818181818182,0.0,0.0,0.0,0.0,0.0,0.0,0.0,0.0,0.0,,,,,18473,global,0.4
1,5,lr5e-05_bs32_modL1_fusion32_fusionL1_fusionBN0_drop0p1__wd1e-04trmiss40_trlocglobal,32,5e-05,0.0001,1,32,1,False,0.1,lr5e-05_bs32_modL1_fusion32_fusionL1_fusionBN0_drop0p1__wd1e-04trmiss40_trlocglobal,26,0.5591616531213125,0.6745002269744873,0.6086956521739131,0.6929389961518762,0.5454545454545454,0.0,0.0,0.0,0.0,0.0,0.0,0.0,0.0,0.0,,,,,18473,global,0.4
1,5,lr5e-05_bs32_modL1_fusion32_fusionL1_fusionBN0_drop0p1__wd1e-04trmiss40_trlocglobal,32,5e-05,0.0001,1,32,1,False,0.1,lr5e-05_bs32_modL1_fusion32_fusionL1_fusionBN0_drop0p1__wd1e-04trmiss40_trlocglobal,27,0.5579511423905691,0.6733260452747345,0.6149068322981366,0.6964298539054207,0.5454545454545454,0.0,0.0,0.0,0.0,0.0,0.0,0.0,0.0,0.0,,,,,18473,global,0.4
1,5,lr5e-05_bs32_modL1_fusion32_fusionL1_fusionBN0_drop0p1__wd1e-04trmiss40_trlocglobal,32,5e-05,0.0001,1,32,1,False,0.1,lr5e-05_bs32_modL1_fusion32_fusionL1_fusionBN0_drop0p1__wd1e-04trmiss40_trlocglobal,28,0.5569620132446289,0.6733943223953247,0.6149068322981366,0.700339894683351,0.5454545454545454,0.0,0.0,0.0,0.0,0.0,0.0,0.0,0.0,0.0,,,,,18473,global,0.4
1,5,lr5e-05_bs32_modL1_fusion32_fusionL1_fusionBN0_drop0p1__wd1e-04trmiss40_trlocglobal,32,5e-05,0.0001,1,32,1,False,0.1,lr5e-05_bs32_modL1_fusion32_fusionL1_fusionBN0_drop0p1__wd1e-04trmiss40_trlocglobal,29,0.5568369726339976,0.6736795008182526,0.6024844720496894,0.6945976855244589,0.5454545454545454,0.0,0.0,0.0,0.0,0.0,0.0,0.0,0.0,0.0,,,,,18473,global,0.4
1,5,lr5e-05_bs32_modL1_fusion32_fusionL1_fusionBN0_drop0p1__wd1e-04trmiss40_trlocglobal,32,5e-05,0.0001,1,32,1,False,0.1,lr5e-05_bs32_modL1_fusion32_fusionL1_fusionBN0_drop0p1__wd1e-04trmiss40_trlocglobal,30,0.5485484898090363,0.6743595600128174,0.5962732919254659,0.6914463175337714,0.5227272727272727,0.0,0.0,0.0,0.0,0.0,0.0,0.0,0.0,0.0,,,,,18473,global,0.4
1,5,lr5e-05_bs32_modL1_fusion32_fusionL1_fusionBN0_drop0p1__wd1e-04trmiss40_trlocglobal,32,5e-05,0.0001,1,32,1,False,0.1,lr5e-05_bs32_modL1_fusion32_fusionL1_fusionBN0_drop0p1__wd1e-04trmiss40_trlocglobal,31,0.5465578436851501,0.6738685369491577,0.6004140786749482,0.6957078451384549,0.5227272727272727,0.0,0.0,0.0,0.0,0.0,0.0,0.0,0.0,0.0,,,,,18473,global,0.4
1,5,lr5e-05_bs32_modL1_fusion32_fusionL1_fusionBN0_drop0p1__wd1e-04trmiss40_trlocglobal,32,5e-05,0.0001,1,32,1,False,0.1,lr5e-05_bs32_modL1_fusion32_fusionL1_fusionBN0_drop0p1__wd1e-04trmiss40_trlocglobal,32,0.5334440867106119,0.6730627119541168,0.6107660455486542,0.7015368337191596,0.5227272727272727,0.0,0.0,0.0,0.0,0.0,0.0,0.0,0.0,0.0,,,,,18473,global,0.4
1,5,lr5e-05_bs32_modL1_fusion32_fusionL1_fusionBN0_drop0p1__wd1e-04trmiss40_trlocglobal,32,5e-05,0.0001,1,32,1,False,0.1,lr5e-05_bs32_modL1_fusion32_fusionL1_fusionBN0_drop0p1__wd1e-04trmiss40_trlocglobal,33,0.5412970781326294,0.6714420318603516,0.6128364389233955,0.703283332175024,0.5227272727272727,0.0,0.0,0.0,0.0,0.0,0.0,0.0,0.0,0.0,,,,,18473,global,0.4
1,5,lr5e-05_bs32_modL1_fusion32_fusionL1_fusionBN0_drop0p1__wd1e-04trmiss40_trlocglobal,32,5e-05,0.0001,1,32,1,False,0.1,lr5e-05_bs32_modL1_fusion32_fusionL1_fusionBN0_drop0p1__wd1e-04trmiss40_trlocglobal,34,0.5334038337071737,0.6709807813167572,0.6107660455486542,0.6991534458114985,0.5454545454545454,0.0,0.0,0.0,0.0,0.0,0.0,0.0,0.0,0.0,,,,,18473,global,0.4
1,5,lr5e-05_bs32_modL1_fusion32_fusionL1_fusionBN0_drop0p1__wd1e-04trmiss40_trlocglobal,32,5e-05,0.0001,1,32,1,False,0.1,lr5e-05_bs32_modL1_fusion32_fusionL1_fusionBN0_drop0p1__wd1e-04trmiss40_trlocglobal,35,0.5315703650315603,0.6696130335330963,0.6376811594202898,0.7189447232333454,0.5681818181818182,0.0,0.0,0.0,0.0,0.0,0.0,0.0,0.0,0.0,,,,,18473,global,0.4
1,5,lr5e-05_bs32_modL1_fusion32_fusionL1_fusionBN0_drop0p1__wd1e-04trmiss40_trlocglobal,32,5e-05,0.0001,1,32,1,False,0.1,lr5e-05_bs32_modL1_fusion32_fusionL1_fusionBN0_drop0p1__wd1e-04trmiss40_trlocglobal,36,0.5265019138654073,0.6679191887378693,0.6418219461697723,0.7262629484863532,0.5681818181818182,0.0,0.0,0.0,0.0,0.0,0.0,0.0,0.0,0.0,,,,,18473,global,0.4
1,5,lr5e-05_bs32_modL1_fusion32_fusionL1_fusionBN0_drop0p1__wd1e-04trmiss40_trlocglobal,32,5e-05,0.0001,1,32,1,False,0.1,lr5e-05_bs32_modL1_fusion32_fusionL1_fusionBN0_drop0p1__wd1e-04trmiss40_trlocglobal,37,0.5293126304944357,0.667019784450531,0.6356107660455487,0.7283891456275429,0.5454545454545454,0.0,0.0,0.0,0.0,0.0,0.0,0.0,0.0,0.0,,,,,18473,global,0.4
1,5,lr5e-05_bs32_modL1_fusion32_fusionL1_fusionBN0_drop0p1__wd1e-04trmiss40_trlocglobal,32,5e-05,0.0001,1,32,1,False,0.1,lr5e-05_bs32_modL1_fusion32_fusionL1_fusionBN0_drop0p1__wd1e-04trmiss40_trlocglobal,38,0.5229079325993856,0.66659876704216,0.6273291925465838,0.722143202825536,0.5454545454545454,0.0,0.0,0.0,0.0,0.0,0.0,0.0,0.0,0.0,,,,,18473,global,0.4
1,5,lr5e-05_bs32_modL1_fusion32_fusionL1_fusionBN0_drop0p1__wd1e-04trmiss40_trlocglobal,32,5e-05,0.0001,1,32,1,False,0.1,lr5e-05_bs32_modL1_fusion32_fusionL1_fusionBN0_drop0p1__wd1e-04trmiss40_trlocglobal,39,0.5326136350631714,0.6669413447380066,0.6149068322981366,0.7189931732010262,0.5454545454545454,0.0,0.0,0.0,0.0,0.0,0.0,0.0,0.0,0.0,,,,,18473,global,0.4
1,5,lr5e-05_bs32_modL1_fusion32_fusionL1_fusionBN0_drop0p1__wd1e-04trmiss40_trlocglobal,32,5e-05,0.0001,1,32,1,False,0.1,lr5e-05_bs32_modL1_fusion32_fusionL1_fusionBN0_drop0p1__wd1e-04trmiss40_trlocglobal,40,0.5170282026131948,0.6669402420520782,0.6169772256728778,0.720024615669073,0.5454545454545454,0.0,0.0,0.0,0.0,0.0,0.0,0.0,0.0,0.0,,,,,18473,global,0.4
1,5,lr5e-05_bs32_modL1_fusion32_fusionL1_fusionBN0_drop0p1__wd1e-04trmiss40_trlocglobal,32,5e-05,0.0001,1,32,1,False,0.1,lr5e-05_bs32_modL1_fusion32_fusionL1_fusionBN0_drop0p1__wd1e-04trmiss40_trlocglobal,41,0.5170816282431284,0.6657921075820923,0.629399585921325,0.7259289681180479,0.5454545454545454,0.0,0.0,0.0,0.0,0.0,0.0,0.0,0.0,0.0,,,,,18473,global,0.4
1,5,lr5e-05_bs32_modL1_fusion32_fusionL1_fusionBN0_drop0p1__wd1e-04trmiss40_trlocglobal,32,5e-05,0.0001,1,32,1,False,0.1,lr5e-05_bs32_modL1_fusion32_fusionL1_fusionBN0_drop0p1__wd1e-04trmiss40_trlocglobal,42,0.5147572706143061,0.6666270196437836,0.6231884057971014,0.7207795508715755,0.5454545454545454,0.0,0.0,0.0,0.0,0.0,0.0,0.0,0.0,0.0,,,,,18473,global,0.4
1,5,lr5e-05_bs32_modL1_fusion32_fusionL1_fusionBN0_drop0p1__wd1e-04trmiss40_trlocglobal,32,5e-05,0.0001,1,32,1,False,0.1,lr5e-05_bs32_modL1_fusion32_fusionL1_fusionBN0_drop0p1__wd1e-04trmiss40_trlocglobal,43,0.5167417625586191,0.6663099229335785,0.6149068322981366,0.7152831823827495,0.5454545454545454,0.0,0.0,0.0,0.0,0.0,0.0,0.0,0.0,0.0,,,,,18473,global,0.4
1,5,lr5e-05_bs32_modL1_fusion32_fusionL1_fusionBN0_drop0p1__wd1e-04trmiss40_trlocglobal,32,5e-05,0.0001,1,32,1,False,0.1,lr5e-05_bs32_modL1_fusion32_fusionL1_fusionBN0_drop0p1__wd1e-04trmiss40_trlocglobal,44,0.5185743669668833,0.6664034724235535,0.6045548654244306,0.7100582898431473,0.5454545454545454,0.0,0.0,0.0,0.0,0.0,0.0,0.0,0.0,0.0,,,,,18473,global,0.4
1,5,lr5e-05_bs32_modL1_fusion32_fusionL1_fusionBN0_drop0p1__wd1e-04trmiss40_trlocglobal,32,5e-05,0.0001,1,32,1,False,0.1,lr5e-05_bs32_modL1_fusion32_fusionL1_fusionBN0_drop0p1__wd1e-04trmiss40_trlocglobal,45,0.5100614974896113,0.6651482582092285,0.6128364389233955,0.719429220844513,0.5454545454545454,0.0,0.0,0.0,0.0,0.0,0.0,0.0,0.0,0.0,,,,,18473,global,0.4
1,5,lr5e-05_bs32_modL1_fusion32_fusionL1_fusionBN0_drop0p1__wd1e-04trmiss40_trlocglobal,32,5e-05,0.0001,1,32,1,False,0.1,lr5e-05_bs32_modL1_fusion32_fusionL1_fusionBN0_drop0p1__wd1e-04trmiss40_trlocglobal,46,0.5105885614951452,0.6650826036930084,0.6086956521739131,0.7193106437694142,0.5227272727272727,0.0,0.0,0.0,0.0,0.0,0.0,0.0,0.0,0.0,,,,,18473,global,0.4
1,5,lr5e-05_bs32_modL1_fusion32_fusionL1_fusionBN0_drop0p1__wd1e-04trmiss40_trlocglobal,32,5e-05,0.0001,1,32,1,False,0.1,lr5e-05_bs32_modL1_fusion32_fusionL1_fusionBN0_drop0p1__wd1e-04trmiss40_trlocglobal,47,0.5137711614370346,0.6639342606067657,0.6066252587991718,0.7170760559351262,0.5454545454545454,0.0,0.0,0.0,0.0,0.0,0.0,0.0,0.0,0.0,,,,,18473,global,0.4
1,5,lr5e-05_bs32_modL1_fusion32_fusionL1_fusionBN0_drop0p1__wd1e-04trmiss40_trlocglobal,32,5e-05,0.0001,1,32,1,False,0.1,lr5e-05_bs32_modL1_fusion32_fusionL1_fusionBN0_drop0p1__wd1e-04trmiss40_trlocglobal,48,0.5037132352590561,0.6630197763442993,0.6169772256728778,0.7207860481604197,0.5681818181818182,0.0,0.0,0.0,0.0,0.0,0.0,0.0,0.0,0.0,,,,,18473,global,0.4
1,5,lr5e-05_bs32_modL1_fusion32_fusionL1_fusionBN0_drop0p1__wd1e-04trmiss40_trlocglobal,32,5e-05,0.0001,1,32,1,False,0.1,lr5e-05_bs32_modL1_fusion32_fusionL1_fusionBN0_drop0p1__wd1e-04trmiss40_trlocglobal,49,0.5071578224500021,0.6635265946388245,0.6128364389233955,0.718306330102685,0.5909090909090909,0.0,0.0,0.0,0.0,0.0,0.0,0.0,0.0,0.0,,,,,18473,global,0.4
1,5,lr5e-05_bs32_modL1_fusion32_fusionL1_fusionBN0_drop0p1__wd1e-04trmiss40_trlocglobal,32,5e-05,0.0001,1,32,1,False,0.1,lr5e-05_bs32_modL1_fusion32_fusionL1_fusionBN0_drop0p1__wd1e-04trmiss40_trlocglobal,50,0.5035636822382609,0.6636662483215332,0.6086956521739131,0.7165697192960897,0.5681818181818182,0.0,0.0,0.0,0.0,0.0,0.0,0.0,0.0,0.0,,,,,18473,global,0.4
1,5,lr5e-05_bs32_modL1_fusion32_fusionL1_fusionBN0_drop0p1__wd1e-04trmiss40_trlocglobal,32,5e-05,0.0001,1,32,1,False,0.1,lr5e-05_bs32_modL1_fusion32_fusionL1_fusionBN0_drop0p1__wd1e-04trmiss40_trlocglobal,51,0.49710769454638165,0.6627768874168396,0.6107660455486542,0.7195700603971174,0.5909090909090909,0.0,0.0,0.0,0.0,0.0,0.0,0.0,0.0,0.0,,,,,18473,global,0.4
1,5,lr5e-05_bs32_modL1_fusion32_fusionL1_fusionBN0_drop0p1__wd1e-04trmiss40_trlocglobal,32,5e-05,0.0001,1,32,1,False,0.1,lr5e-05_bs32_modL1_fusion32_fusionL1_fusionBN0_drop0p1__wd1e-04trmiss40_trlocglobal,52,0.5071617464224497,0.662497490644455,0.6149068322981367,0.7263778407174835,0.5909090909090909,0.0,0.0,0.0,0.0,0.0,0.0,0.0,0.0,0.0,,,,,18473,global,0.4
1,5,lr5e-05_bs32_modL1_fusion32_fusionL1_fusionBN0_drop0p1__wd1e-04trmiss40_trlocglobal,32,5e-05,0.0001,1,32,1,False,0.1,lr5e-05_bs32_modL1_fusion32_fusionL1_fusionBN0_drop0p1__wd1e-04trmiss40_trlocglobal,53,0.4958078662554423,0.6617225110530853,0.6231884057971014,0.7303972995195509,0.5909090909090909,0.0,0.0,0.0,0.0,0.0,0.0,0.0,0.0,0.0,,,,,18473,global,0.4
1,5,lr5e-05_bs32_modL1_fusion32_fusionL1_fusionBN0_drop0p1__wd1e-04trmiss40_trlocglobal,32,5e-05,0.0001,1,32,1,False,0.1,lr5e-05_bs32_modL1_fusion32_fusionL1_fusionBN0_drop0p1__wd1e-04trmiss40_trlocglobal,54,0.4959293802579244,0.6601501107215881,0.639751552795031,0.7397529536488594,0.5909090909090909,0.0,0.0,0.0,0.0,0.0,0.0,0.0,0.0,0.0,,,,,18473,global,0.4
1,5,lr5e-05_bs32_modL1_fusion32_fusionL1_fusionBN0_drop0p1__wd1e-04trmiss40_trlocglobal,32,5e-05,0.0001,1,32,1,False,0.1,lr5e-05_bs32_modL1_fusion32_fusionL1_fusionBN0_drop0p1__wd1e-04trmiss40_trlocglobal,55,0.4965406308571498,0.659905195236206,0.6314699792960663,0.7340935412112571,0.5909090909090909,0.0,0.0,0.0,0.0,0.0,0.0,0.0,0.0,0.0,,,,,18473,global,0.4
1,5,lr5e-05_bs32_modL1_fusion32_fusionL1_fusionBN0_drop0p1__wd1e-04trmiss40_trlocglobal,32,5e-05,0.0001,1,32,1,False,0.1,lr5e-05_bs32_modL1_fusion32_fusionL1_fusionBN0_drop0p1__wd1e-04trmiss40_trlocglobal,56,0.490355908870697,0.6592515408992767,0.6273291925465839,0.7323018546369618,0.5909090909090909,0.0,0.0,0.0,0.0,0.0,0.0,0.0,0.0,0.0,,,,,18473,global,0.4
1,5,lr1e-05_bs32_modL1_fusion16_fusionL1_fusionBN0_drop0p2__wd1e-04trmiss40_trlocglobal,32,1e-05,0.0001,1,16,1,False,0.2,lr1e-05_bs32_modL1_fusion16_fusionL1_fusionBN0_drop0p2__wd1e-04trmiss40_trlocglobal,1,0.6912266314029694,0.6907674968242645,0.5610766045548654,0.6270667364153317,0.5,0.0,0.0,0.0,0.0,0.0,0.0,0.0,0.0,0.0,,,,,18473,global,0.4
1,5,lr1e-05_bs32_modL1_fusion16_fusionL1_fusionBN0_drop0p2__wd1e-04trmiss40_trlocglobal,32,1e-05,0.0001,1,16,1,False,0.2,lr1e-05_bs32_modL1_fusion16_fusionL1_fusionBN0_drop0p2__wd1e-04trmiss40_trlocglobal,2,0.6839639842510223,0.6898701190948486,0.5693581780538302,0.6325355276964799,0.5227272727272727,0.0,0.0,0.0,0.0,0.0,0.0,0.0,0.0,0.0,,,,,18473,global,0.4
1,5,lr1e-05_bs32_modL1_fusion16_fusionL1_fusionBN0_drop0p2__wd1e-04trmiss40_trlocglobal,32,1e-05,0.0001,1,16,1,False,0.2,lr1e-05_bs32_modL1_fusion16_fusionL1_fusionBN0_drop0p2__wd1e-04trmiss40_trlocglobal,3,0.6807333330313364,0.6885030269622803,0.5797101449275361,0.6420233771968039,0.5681818181818182,0.0,0.0,0.0,0.0,0.0,0.0,0.0,0.0,0.0,,,,,18473,global,0.4
1,5,lr1e-05_bs32_modL1_fusion16_fusionL1_fusionBN0_drop0p2__wd1e-04trmiss40_trlocglobal,32,1e-05,0.0001,1,16,1,False,0.2,lr1e-05_bs32_modL1_fusion16_fusionL1_fusionBN0_drop0p2__wd1e-04trmiss40_trlocglobal,4,0.6743259529272715,0.6872597336769104,0.5755693581780539,0.6408681016855824,0.5681818181818182,0.0,0.0,0.0,0.0,0.0,0.0,0.0,0.0,0.0,,,,,18473,global,0.4
1,5,lr1e-05_bs32_modL1_fusion16_fusionL1_fusionBN0_drop0p2__wd1e-04trmiss40_trlocglobal,32,1e-05,0.0001,1,16,1,False,0.2,lr1e-05_bs32_modL1_fusion16_fusionL1_fusionBN0_drop0p2__wd1e-04trmiss40_trlocglobal,5,0.6769761939843496,0.6863304972648621,0.5859213250517599,0.6527168597217845,0.5454545454545454,0.0,0.0,0.0,0.0,0.0,0.0,0.0,0.0,0.0,,,,,18473,global,0.4
1,5,lr1e-05_bs32_modL1_fusion16_fusionL1_fusionBN0_drop0p2__wd1e-04trmiss40_trlocglobal,32,1e-05,0.0001,1,16,1,False,0.2,lr1e-05_bs32_modL1_fusion16_fusionL1_fusionBN0_drop0p2__wd1e-04trmiss40_trlocglobal,6,0.6786925594011942,0.6857018768787384,0.5879917184265011,0.6688451986762103,0.5454545454545454,0.0,0.0,0.0,0.0,0.0,0.0,0.0,0.0,0.0,,,,,18473,global,0.4
1,5,lr1e-05_bs32_modL1_fusion16_fusionL1_fusionBN0_drop0p2__wd1e-04trmiss40_trlocglobal,32,1e-05,0.0001,1,16,1,False,0.2,lr1e-05_bs32_modL1_fusion16_fusionL1_fusionBN0_drop0p2__wd1e-04trmiss40_trlocglobal,7,0.6859201788902283,0.685549795627594,0.5817805383022774,0.6643848039984244,0.5227272727272727,0.0,0.0,0.0,0.0,0.0,0.0,0.0,0.0,0.0,,,,,18473,global,0.4
1,5,lr1e-05_bs32_modL1_fusion16_fusionL1_fusionBN0_drop0p2__wd1e-04trmiss40_trlocglobal,32,1e-05,0.0001,1,16,1,False,0.2,lr1e-05_bs32_modL1_fusion16_fusionL1_fusionBN0_drop0p2__wd1e-04trmiss40_trlocglobal,8,0.6682012776533762,0.6852908432483673,0.5755693581780539,0.661298478481716,0.5227272727272727,0.0,0.0,0.0,0.0,0.0,0.0,0.0,0.0,0.0,,,,,18473,global,0.4
1,5,lr1e-05_bs32_modL1_fusion16_fusionL1_fusionBN0_drop0p2__wd1e-04trmiss40_trlocglobal,32,1e-05,0.0001,1,16,1,False,0.2,lr1e-05_bs32_modL1_fusion16_fusionL1_fusionBN0_drop0p2__wd1e-04trmiss40_trlocglobal,9,0.6769412755966187,0.685295045375824,0.577639751552795,0.6666763134646009,0.5227272727272727,0.0,0.0,0.0,0.0,0.0,0.0,0.0,0.0,0.0,,,,,18473,global,0.4
1,5,lr1e-05_bs32_modL1_fusion16_fusionL1_fusionBN0_drop0p2__wd1e-04trmiss40_trlocglobal,32,1e-05,0.0001,1,16,1,False,0.2,lr1e-05_bs32_modL1_fusion16_fusionL1_fusionBN0_drop0p2__wd1e-04trmiss40_trlocglobal,10,0.6839831074078878,0.6852467358112335,0.5817805383022775,0.668663640653541,0.5227272727272727,0.0,0.0,0.0,0.0,0.0,0.0,0.0,0.0,0.0,,,,,18473,global,0.4
1,5,lr1e-05_bs32_modL1_fusion16_fusionL1_fusionBN0_drop0p2__wd1e-04trmiss40_trlocglobal,32,1e-05,0.0001,1,16,1,False,0.2,lr1e-05_bs32_modL1_fusion16_fusionL1_fusionBN0_drop0p2__wd1e-04trmiss40_trlocglobal,11,0.6806304355462393,0.6856226921081543,0.5714285714285714,0.6605083904805228,0.5227272727272727,0.0,0.0,0.0,0.0,0.0,0.0,0.0,0.0,0.0,,,,,18473,global,0.4
1,5,lr1e-05_bs32_modL1_fusion16_fusionL1_fusionBN0_drop0p2__wd1e-04trmiss40_trlocglobal,32,1e-05,0.0001,1,16,1,False,0.2,lr1e-05_bs32_modL1_fusion16_fusionL1_fusionBN0_drop0p2__wd1e-04trmiss40_trlocglobal,12,0.6692493756612142,0.6849971413612366,0.5734989648033126,0.6584004057883933,0.5227272727272727,0.0,0.0,0.0,0.0,0.0,0.0,0.0,0.0,0.0,,,,,18473,global,0.4
1,5,lr1e-05_bs32_modL1_fusion16_fusionL1_fusionBN0_drop0p2__wd1e-04trmiss40_trlocglobal,32,1e-05,0.0001,1,16,1,False,0.2,lr1e-05_bs32_modL1_fusion16_fusionL1_fusionBN0_drop0p2__wd1e-04trmiss40_trlocglobal,13,0.6701238850752512,0.6849888861179352,0.5714285714285714,0.6575765031168549,0.5227272727272727,0.0,0.0,0.0,0.0,0.0,0.0,0.0,0.0,0.0,,,,,18473,global,0.4
1,5,lr1e-05_bs32_modL1_fusion16_fusionL1_fusionBN0_drop0p2__wd1e-04trmiss40_trlocglobal,32,1e-05,0.0001,1,16,1,False,0.2,lr1e-05_bs32_modL1_fusion16_fusionL1_fusionBN0_drop0p2__wd1e-04trmiss40_trlocglobal,14,0.6645742853482565,0.684908002614975,0.5693581780538303,0.6532315149042912,0.5227272727272727,0.0,0.0,0.0,0.0,0.0,0.0,0.0,0.0,0.0,,,,,18473,global,0.4
1,5,lr1e-05_bs32_modL1_fusion16_fusionL1_fusionBN0_drop0p2__wd1e-04trmiss40_trlocglobal,32,1e-05,0.0001,1,16,1,False,0.2,lr1e-05_bs32_modL1_fusion16_fusionL1_fusionBN0_drop0p2__wd1e-04trmiss40_trlocglobal,15,0.6571670273939768,0.6838953495025635,0.5838509316770186,0.6662279387702803,0.5227272727272727,0.0,0.0,0.0,0.0,0.0,0.0,0.0,0.0,0.0,,,,,18473,global,0.4
1,5,lr1e-05_bs32_modL1_fusion16_fusionL1_fusionBN0_drop0p2__wd1e-04trmiss40_trlocglobal,32,1e-05,0.0001,1,16,1,False,0.2,lr1e-05_bs32_modL1_fusion16_fusionL1_fusionBN0_drop0p2__wd1e-04trmiss40_trlocglobal,16,0.6627365350723267,0.6831211149692535,0.5921325051759834,0.6716499214995459,0.5227272727272727,0.0,0.0,0.0,0.0,0.0,0.0,0.0,0.0,0.0,,,,,18473,global,0.4
1,5,lr1e-05_bs32_modL1_fusion16_fusionL1_fusionBN0_drop0p2__wd1e-04trmiss40_trlocglobal,32,1e-05,0.0001,1,16,1,False,0.2,lr1e-05_bs32_modL1_fusion16_fusionL1_fusionBN0_drop0p2__wd1e-04trmiss40_trlocglobal,17,0.6563313106695811,0.6827263236045837,0.6004140786749482,0.6806852128016675,0.5227272727272727,0.0,0.0,0.0,0.0,0.0,0.0,0.0,0.0,0.0,,,,,18473,global,0.4
1,5,lr1e-05_bs32_modL1_fusion16_fusionL1_fusionBN0_drop0p2__wd1e-04trmiss40_trlocglobal,32,1e-05,0.0001,1,16,1,False,0.2,lr1e-05_bs32_modL1_fusion16_fusionL1_fusionBN0_drop0p2__wd1e-04trmiss40_trlocglobal,18,0.6605850259462992,0.6824024617671967,0.5817805383022775,0.6688402714609959,0.5454545454545454,0.0,0.0,0.0,0.0,0.0,0.0,0.0,0.0,0.0,,,,,18473,global,0.4
1,5,lr1e-05_bs32_modL1_fusion16_fusionL1_fusionBN0_drop0p2__wd1e-04trmiss40_trlocglobal,32,1e-05,0.0001,1,16,1,False,0.2,lr1e-05_bs32_modL1_fusion16_fusionL1_fusionBN0_drop0p2__wd1e-04trmiss40_trlocglobal,19,0.6524767180283865,0.6826183795928955,0.5755693581780539,0.6666563229854873,0.5227272727272727,0.0,0.0,0.0,0.0,0.0,0.0,0.0,0.0,0.0,,,,,18473,global,0.4
1,5,lr1e-05_bs32_modL1_fusion16_fusionL1_fusionBN0_drop0p2__wd1e-04trmiss40_trlocglobal,32,1e-05,0.0001,1,16,1,False,0.2,lr1e-05_bs32_modL1_fusion16_fusionL1_fusionBN0_drop0p2__wd1e-04trmiss40_trlocglobal,20,0.6647390127182007,0.6822400689125061,0.5817805383022775,0.6706033031153319,0.5454545454545454,0.0,0.0,0.0,0.0,0.0,0.0,0.0,0.0,0.0,,,,,18473,global,0.4
1,5,lr1e-05_bs32_modL1_fusion16_fusionL1_fusionBN0_drop0p2__wd1e-04trmiss40_trlocglobal,32,1e-05,0.0001,1,16,1,False,0.2,lr1e-05_bs32_modL1_fusion16_fusionL1_fusionBN0_drop0p2__wd1e-04trmiss40_trlocglobal,21,0.6598038474718729,0.6816296279430389,0.5879917184265011,0.6785423127233298,0.5454545454545454,0.0,0.0,0.0,0.0,0.0,0.0,0.0,0.0,0.0,,,,,18473,global,0.4
1,5,lr1e-05_bs32_modL1_fusion16_fusionL1_fusionBN0_drop0p2__wd1e-04trmiss40_trlocglobal,32,1e-05,0.0001,1,16,1,False,0.2,lr1e-05_bs32_modL1_fusion16_fusionL1_fusionBN0_drop0p2__wd1e-04trmiss40_trlocglobal,22,0.6611188650131226,0.6811328530311584,0.5879917184265011,0.6765095226470613,0.5681818181818182,0.0,0.0,0.0,0.0,0.0,0.0,0.0,0.0,0.0,,,,,18473,global,0.4
1,5,lr1e-05_bs32_modL1_fusion16_fusionL1_fusionBN0_drop0p2__wd1e-04trmiss40_trlocglobal,32,1e-05,0.0001,1,16,1,False,0.2,lr1e-05_bs32_modL1_fusion16_fusionL1_fusionBN0_drop0p2__wd1e-04trmiss40_trlocglobal,23,0.6555030047893524,0.6807415187358856,0.5921325051759834,0.6791158807583283,0.5681818181818182,0.0,0.0,0.0,0.0,0.0,0.0,0.0,0.0,0.0,,,,,18473,global,0.4
1,5,lr1e-05_bs32_modL1_fusion16_fusionL1_fusionBN0_drop0p2__wd1e-04trmiss40_trlocglobal,32,1e-05,0.0001,1,16,1,False,0.2,lr1e-05_bs32_modL1_fusion16_fusionL1_fusionBN0_drop0p2__wd1e-04trmiss40_trlocglobal,24,0.6550373633702596,0.6798843741416931,0.5962732919254659,0.6816899995430917,0.5681818181818182,0.0,0.0,0.0,0.0,0.0,0.0,0.0,0.0,0.0,,,,,18473,global,0.4
1,5,lr1e-05_bs32_modL1_fusion16_fusionL1_fusionBN0_drop0p2__wd1e-04trmiss40_trlocglobal,32,1e-05,0.0001,1,16,1,False,0.2,lr1e-05_bs32_modL1_fusion16_fusionL1_fusionBN0_drop0p2__wd1e-04trmiss40_trlocglobal,25,0.6519336899121603,0.6796652972698212,0.5983436853002071,0.6892566415937961,0.5681818181818182,0.0,0.0,0.0,0.0,0.0,0.0,0.0,0.0,0.0,,,,,18473,global,0.4
1,5,lr1e-05_bs32_modL1_fusion16_fusionL1_fusionBN0_drop0p2__wd1e-04trmiss40_trlocglobal,32,1e-05,0.0001,1,16,1,False,0.2,lr1e-05_bs32_modL1_fusion16_fusionL1_fusionBN0_drop0p2__wd1e-04trmiss40_trlocglobal,26,0.6514789958794912,0.6788981854915619,0.6066252587991718,0.7013655291524588,0.5681818181818182,0.0,0.0,0.0,0.0,0.0,0.0,0.0,0.0,0.0,,,,,18473,global,0.4
1,5,lr1e-05_bs32_modL1_fusion16_fusionL1_fusionBN0_drop0p2__wd1e-04trmiss40_trlocglobal,32,1e-05,0.0001,1,16,1,False,0.2,lr1e-05_bs32_modL1_fusion16_fusionL1_fusionBN0_drop0p2__wd1e-04trmiss40_trlocglobal,27,0.6520657042662302,0.6788905262947083,0.6024844720496895,0.7001577996838597,0.5681818181818182,0.0,0.0,0.0,0.0,0.0,0.0,0.0,0.0,0.0,,,,,18473,global,0.4
1,5,lr1e-05_bs32_modL1_fusion16_fusionL1_fusionBN0_drop0p2__wd1e-04trmiss40_trlocglobal,32,1e-05,0.0001,1,16,1,False,0.2,lr1e-05_bs32_modL1_fusion16_fusionL1_fusionBN0_drop0p2__wd1e-04trmiss40_trlocglobal,28,0.6422721246878306,0.6778315007686615,0.6149068322981367,0.7171081178148375,0.5909090909090909,0.0,0.0,0.0,0.0,0.0,0.0,0.0,0.0,0.0,,,,,18473,global,0.4
1,5,lr1e-05_bs32_modL1_fusion16_fusionL1_fusionBN0_drop0p2__wd1e-04trmiss40_trlocglobal,32,1e-05,0.0001,1,16,1,False,0.2,lr1e-05_bs32_modL1_fusion16_fusionL1_fusionBN0_drop0p2__wd1e-04trmiss40_trlocglobal,29,0.6408378084500631,0.6779195368289948,0.6107660455486543,0.7207552006302309,0.5681818181818182,0.0,0.0,0.0,0.0,0.0,0.0,0.0,0.0,0.0,,,,,18473,global,0.4
1,5,lr1e-05_bs32_modL1_fusion16_fusionL1_fusionBN0_drop0p2__wd1e-04trmiss40_trlocglobal,32,1e-05,0.0001,1,16,1,False,0.2,lr1e-05_bs32_modL1_fusion16_fusionL1_fusionBN0_drop0p2__wd1e-04trmiss40_trlocglobal,30,0.6381471455097198,0.6774330735206604,0.6128364389233956,0.7193599139946696,0.5681818181818182,0.0,0.0,0.0,0.0,0.0,0.0,0.0,0.0,0.0,,,,,18473,global,0.4
1,5,lr1e-05_bs32_modL1_fusion16_fusionL1_fusionBN0_drop0p2__wd1e-04trmiss40_trlocglobal,32,1e-05,0.0001,1,16,1,False,0.2,lr1e-05_bs32_modL1_fusion16_fusionL1_fusionBN0_drop0p2__wd1e-04trmiss40_trlocglobal,31,0.63495401541392,0.6773390173912048,0.6149068322981367,0.7153136638464704,0.5227272727272727,0.0,0.0,0.0,0.0,0.0,0.0,0.0,0.0,0.0,,,,,18473,global,0.4
1,5,lr1e-05_bs32_modL1_fusion16_fusionL1_fusionBN0_drop0p2__wd1e-04trmiss40_trlocglobal,32,1e-05,0.0001,1,16,1,False,0.2,lr1e-05_bs32_modL1_fusion16_fusionL1_fusionBN0_drop0p2__wd1e-04trmiss40_trlocglobal,32,0.6374415953954061,0.6773548424243927,0.6211180124223603,0.7224359759110206,0.5454545454545454,0.0,0.0,0.0,0.0,0.0,0.0,0.0,0.0,0.0,,,,,18473,global,0.4
1,5,lr1e-05_bs32_modL1_fusion16_fusionL1_fusionBN0_drop0p2__wd1e-04trmiss40_trlocglobal,32,1e-05,0.0001,1,16,1,False,0.2,lr1e-05_bs32_modL1_fusion16_fusionL1_fusionBN0_drop0p2__wd1e-04trmiss40_trlocglobal,33,0.6431590616703033,0.6770232915878296,0.6211180124223603,0.7201372448937542,0.5454545454545454,0.0,0.0,0.0,0.0,0.0,0.0,0.0,0.0,0.0,,,,,18473,global,0.4
1,5,lr1e-05_bs32_modL1_fusion16_fusionL1_fusionBN0_drop0p2__wd1e-04trmiss40_trlocglobal,32,1e-05,0.0001,1,16,1,False,0.2,lr1e-05_bs32_modL1_fusion16_fusionL1_fusionBN0_drop0p2__wd1e-04trmiss40_trlocglobal,34,0.6436976989110311,0.6762683391571045,0.6273291925465839,0.7311479732957868,0.5681818181818182,0.0,0.0,0.0,0.0,0.0,0.0,0.0,0.0,0.0,,,,,18473,global,0.4
1,5,lr1e-05_bs32_modL1_fusion16_fusionL1_fusionBN0_drop0p2__wd1e-04trmiss40_trlocglobal,32,1e-05,0.0001,1,16,1,False,0.2,lr1e-05_bs32_modL1_fusion16_fusionL1_fusionBN0_drop0p2__wd1e-04trmiss40_trlocglobal,35,0.6373095512390137,0.676102340221405,0.6293995859213252,0.7314545150735285,0.5681818181818182,0.0,0.0,0.0,0.0,0.0,0.0,0.0,0.0,0.0,,,,,18473,global,0.4
1,5,lr1e-05_bs32_modL1_fusion16_fusionL1_fusionBN0_drop0p2__wd1e-04trmiss40_trlocglobal,32,1e-05,0.0001,1,16,1,False,0.2,lr1e-05_bs32_modL1_fusion16_fusionL1_fusionBN0_drop0p2__wd1e-04trmiss40_trlocglobal,36,0.6331372161706289,0.6761606931686401,0.6252587991718427,0.7284195066037376,0.5681818181818182,0.0,0.0,0.0,0.0,0.0,0.0,0.0,0.0,0.0,,,,,18473,global,0.4
1,5,lr1e-05_bs32_modL1_fusion16_fusionL1_fusionBN0_drop0p2__wd1e-04trmiss40_trlocglobal,32,1e-05,0.0001,1,16,1,False,0.2,lr1e-05_bs32_modL1_fusion16_fusionL1_fusionBN0_drop0p2__wd1e-04trmiss40_trlocglobal,37,0.6354736884435018,0.6760196089744568,0.6252587991718427,0.7305604292299819,0.5681818181818182,0.0,0.0,0.0,0.0,0.0,0.0,0.0,0.0,0.0,,,,,18473,global,0.4
1,5,lr1e-05_bs32_modL1_fusion16_fusionL1_fusionBN0_drop0p2__wd1e-04trmiss40_trlocglobal,32,1e-05,0.0001,1,16,1,False,0.2,lr1e-05_bs32_modL1_fusion16_fusionL1_fusionBN0_drop0p2__wd1e-04trmiss40_trlocglobal,38,0.6386891305446625,0.6757331490516663,0.6252587991718427,0.7303710855623775,0.5454545454545454,0.0,0.0,0.0,0.0,0.0,0.0,0.0,0.0,0.0,,,,,18473,global,0.4
1,5,lr1e-05_bs32_modL1_fusion16_fusionL1_fusionBN0_drop0p2__wd1e-04trmiss40_trlocglobal,32,1e-05,0.0001,1,16,1,False,0.2,lr1e-05_bs32_modL1_fusion16_fusionL1_fusionBN0_drop0p2__wd1e-04trmiss40_trlocglobal,39,0.6353176931540171,0.6755262017250061,0.6231884057971016,0.7299276967442563,0.5454545454545454,0.0,0.0,0.0,0.0,0.0,0.0,0.0,0.0,0.0,,,,,18473,global,0.4
1,5,lr1e-05_bs32_modL1_fusion16_fusionL1_fusionBN0_drop0p2__wd1e-04trmiss40_trlocglobal,32,1e-05,0.0001,1,16,1,False,0.2,lr1e-05_bs32_modL1_fusion16_fusionL1_fusionBN0_drop0p2__wd1e-04trmiss40_trlocglobal,40,0.6370377838611603,0.6756284832954407,0.6190476190476191,0.7223180930248126,0.5454545454545454,0.0,0.0,0.0,0.0,0.0,0.0,0.0,0.0,0.0,,,,,18473,global,0.4
1,5,lr1e-05_bs32_modL1_fusion16_fusionL1_fusionBN0_drop0p2__wd1e-04trmiss40_trlocglobal,32,1e-05,0.0001,1,16,1,False,0.2,lr1e-05_bs32_modL1_fusion16_fusionL1_fusionBN0_drop0p2__wd1e-04trmiss40_trlocglobal,41,0.6298749446868896,0.6759788393974304,0.6231884057971016,0.7218448292100342,0.5454545454545454,0.0,0.0,0.0,0.0,0.0,0.0,0.0,0.0,0.0,,,,,18473,global,0.4
1,5,lr1e-05_bs32_modL1_fusion16_fusionL1_fusionBN0_drop0p2__wd1e-04trmiss40_trlocglobal,32,1e-05,0.0001,1,16,1,False,0.2,lr1e-05_bs32_modL1_fusion16_fusionL1_fusionBN0_drop0p2__wd1e-04trmiss40_trlocglobal,42,0.6416644950707754,0.6755208373069763,0.6231884057971016,0.7214441079116971,0.5454545454545454,0.0,0.0,0.0,0.0,0.0,0.0,0.0,0.0,0.0,,,,,18473,global,0.4
1,5,lr1e-05_bs32_modL1_fusion16_fusionL1_fusionBN0_drop0p2__wd1e-04trmiss40_trlocglobal,32,1e-05,0.0001,1,16,1,False,0.2,lr1e-05_bs32_modL1_fusion16_fusionL1_fusionBN0_drop0p2__wd1e-04trmiss40_trlocglobal,43,0.6408545474211375,0.6756586134433746,0.6231884057971016,0.7214441079116971,0.5454545454545454,0.0,0.0,0.0,0.0,0.0,0.0,0.0,0.0,0.0,,,,,18473,global,0.4
1,5,lr1e-05_bs32_modL1_fusion16_fusionL1_fusionBN0_drop0p2__wd1e-04trmiss40_trlocglobal,32,1e-05,0.0001,1,16,1,False,0.2,lr1e-05_bs32_modL1_fusion16_fusionL1_fusionBN0_drop0p2__wd1e-04trmiss40_trlocglobal,44,0.6342034041881561,0.6756234765052795,0.6252587991718427,0.7276552880359208,0.5454545454545454,0.0,0.0,0.0,0.0,0.0,0.0,0.0,0.0,0.0,,,,,18473,global,0.4
1,5,lr1e-05_bs32_modL1_fusion16_fusionL1_fusionBN0_drop0p2__wd1e-04trmiss40_trlocglobal,32,1e-05,0.0001,1,16,1,False,0.2,lr1e-05_bs32_modL1_fusion16_fusionL1_fusionBN0_drop0p2__wd1e-04trmiss40_trlocglobal,45,0.6374737024307251,0.6755262017250061,0.6273291925465839,0.7288975240607656,0.5681818181818182,0.0,0.0,0.0,0.0,0.0,0.0,0.0,0.0,0.0,,,,,18473,global,0.4
1,5,lr1e-05_bs32_modL1_fusion16_fusionL1_fusionBN0_drop0p2__wd1e-04trmiss40_trlocglobal,32,1e-05,0.0001,1,16,1,False,0.2,lr1e-05_bs32_modL1_fusion16_fusionL1_fusionBN0_drop0p2__wd1e-04trmiss40_trlocglobal,46,0.6275378266970316,0.6753802299499512,0.629399585921325,0.7288630175045199,0.5454545454545454,0.0,0.0,0.0,0.0,0.0,0.0,0.0,0.0,0.0,,,,,18473,global,0.4
1,5,lr1e-05_bs32_modL1_fusion16_fusionL1_fusionBN0_drop0p2__wd1e-04trmiss40_trlocglobal,32,1e-05,0.0001,1,16,1,False,0.2,lr1e-05_bs32_modL1_fusion16_fusionL1_fusionBN0_drop0p2__wd1e-04trmiss40_trlocglobal,47,0.6448933184146881,0.6751472055912018,0.6273291925465839,0.7290537116311406,0.5454545454545454,0.0,0.0,0.0,0.0,0.0,0.0,0.0,0.0,0.0,,,,,18473,global,0.4
1,5,lr1e-05_bs32_modL1_fusion16_fusionL1_fusionBN0_drop0p2__wd1e-04trmiss40_trlocglobal,32,1e-05,0.0001,1,16,1,False,0.2,lr1e-05_bs32_modL1_fusion16_fusionL1_fusionBN0_drop0p2__wd1e-04trmiss40_trlocglobal,48,0.6309062341849009,0.6748668849468231,0.6335403726708074,0.7366389823238282,0.5454545454545454,0.0,0.0,0.0,0.0,0.0,0.0,0.0,0.0,0.0,,,,,18473,global,0.4
1,5,lr1e-05_bs32_modL1_fusion16_fusionL1_fusionBN0_drop0p2__wd1e-04trmiss40_trlocglobal,32,1e-05,0.0001,1,16,1,False,0.2,lr1e-05_bs32_modL1_fusion16_fusionL1_fusionBN0_drop0p2__wd1e-04trmiss40_trlocglobal,49,0.6294788420200348,0.6743905544281006,0.6335403726708074,0.7366389823238282,0.5454545454545454,0.0,0.0,0.0,0.0,0.0,0.0,0.0,0.0,0.0,,,,,18473,global,0.4
1,5,lr1e-05_bs32_modL1_fusion16_fusionL1_fusionBN0_drop0p2__wd1e-04trmiss40_trlocglobal,32,1e-05,0.0001,1,16,1,False,0.2,lr1e-05_bs32_modL1_fusion16_fusionL1_fusionBN0_drop0p2__wd1e-04trmiss40_trlocglobal,50,0.6228541632493337,0.6742106974124908,0.6356107660455487,0.740806506404925,0.5454545454545454,0.0,0.0,0.0,0.0,0.0,0.0,0.0,0.0,0.0,,,,,18473,global,0.4
1,5,lr1e-05_bs32_modL1_fusion16_fusionL1_fusionBN0_drop0p2__wd1e-04trmiss40_trlocglobal,32,1e-05,0.0001,1,16,1,False,0.2,lr1e-05_bs32_modL1_fusion16_fusionL1_fusionBN0_drop0p2__wd1e-04trmiss40_trlocglobal,51,0.6319115360577902,0.6733841896057129,0.6376811594202898,0.7420487424297697,0.5681818181818182,0.0,0.0,0.0,0.0,0.0,0.0,0.0,0.0,0.0,,,,,18473,global,0.4
1,5,lr1e-05_bs32_modL1_fusion16_fusionL1_fusionBN0_drop0p2__wd1e-04trmiss40_trlocglobal,32,1e-05,0.0001,1,16,1,False,0.2,lr1e-05_bs32_modL1_fusion16_fusionL1_fusionBN0_drop0p2__wd1e-04trmiss40_trlocglobal,52,0.6332057118415833,0.6736222505569458,0.6356107660455487,0.7447818050093795,0.5454545454545454,0.0,0.0,0.0,0.0,0.0,0.0,0.0,0.0,0.0,,,,,18473,global,0.4
1,5,lr1e-05_bs32_modL1_fusion16_fusionL1_fusionBN0_drop0p2__wd1e-04trmiss40_trlocglobal,32,1e-05,0.0001,1,16,1,False,0.2,lr1e-05_bs32_modL1_fusion16_fusionL1_fusionBN0_drop0p2__wd1e-04trmiss40_trlocglobal,53,0.6260171929995219,0.67369145154953,0.6335403726708075,0.7432188609911925,0.5454545454545454,0.0,0.0,0.0,0.0,0.0,0.0,0.0,0.0,0.0,,,,,18473,global,0.4
1,5,lr1e-05_bs32_modL1_fusion16_fusionL1_fusionBN0_drop0p2__wd1e-04trmiss40_trlocglobal,32,1e-05,0.0001,1,16,1,False,0.2,lr1e-05_bs32_modL1_fusion16_fusionL1_fusionBN0_drop0p2__wd1e-04trmiss40_trlocglobal,54,0.6296997865041097,0.6737751960754395,0.6356107660455487,0.7456077764235862,0.5454545454545454,0.0,0.0,0.0,0.0,0.0,0.0,0.0,0.0,0.0,,,,,18473,global,0.4
1,5,lr1e-05_bs32_modL1_fusion16_fusionL1_fusionBN0_drop0p2__wd1e-04trmiss40_trlocglobal,32,1e-05,0.0001,1,16,1,False,0.2,lr1e-05_bs32_modL1_fusion16_fusionL1_fusionBN0_drop0p2__wd1e-04trmiss40_trlocglobal,55,0.6209805111090342,0.6741420924663544,0.639751552795031,0.7447583658555057,0.5681818181818182,0.0,0.0,0.0,0.0,0.0,0.0,0.0,0.0,0.0,,,,,18473,global,0.4
1,5,lr1e-05_bs32_modL1_fusion16_fusionL1_fusionBN0_drop0p2__wd1e-04trmiss40_trlocglobal,32,1e-05,0.0001,1,16,1,False,0.2,lr1e-05_bs32_modL1_fusion16_fusionL1_fusionBN0_drop0p2__wd1e-04trmiss40_trlocglobal,56,0.6209761997063955,0.6739748120307922,0.6376811594202899,0.7453543104950632,0.5681818181818182,0.0,0.0,0.0,0.0,0.0,0.0,0.0,0.0,0.0,,,,,18473,global,0.4
1,5,lr1e-05_bs32_modL1_fusion16_fusionL1_fusionBN0_drop0p2__wd1e-04trmiss40_trlocglobal,32,1e-05,0.0001,1,16,1,False,0.2,lr1e-05_bs32_modL1_fusion16_fusionL1_fusionBN0_drop0p2__wd1e-04trmiss40_trlocglobal,57,0.627067506313324,0.6737751364707947,0.6376811594202898,0.7462241928640674,0.5454545454545454,0.0,0.0,0.0,0.0,0.0,0.0,0.0,0.0,0.0,,,,,18473,global,0.4
1,5,lr1e-05_bs32_modL1_fusion16_fusionL1_fusionBN0_drop0p2__wd1e-04trmiss40_trlocglobal,32,1e-05,0.0001,1,16,1,False,0.2,lr1e-05_bs32_modL1_fusion16_fusionL1_fusionBN0_drop0p2__wd1e-04trmiss40_trlocglobal,58,0.6323509017626444,0.6737135350704193,0.6335403726708074,0.7417673303862155,0.5681818181818182,0.0,0.0,0.0,0.0,0.0,0.0,0.0,0.0,0.0,,,,,18473,global,0.4
1,5,lr1e-05_bs32_modL1_fusion16_fusionL1_fusionBN0_drop0p2__wd1e-04trmiss40_trlocglobal,32,1e-05,0.0001,1,16,1,False,0.2,lr1e-05_bs32_modL1_fusion16_fusionL1_fusionBN0_drop0p2__wd1e-04trmiss40_trlocglobal,59,0.6266233126322428,0.6737087070941925,0.6335403726708075,0.7408974480172111,0.5454545454545454,0.0,0.0,0.0,0.0,0.0,0.0,0.0,0.0,0.0,,,,,18473,global,0.4
1,5,lr1e-05_bs32_modL1_fusion16_fusionL1_fusionBN0_drop0p2__wd1e-04trmiss40_trlocglobal,32,1e-05,0.0001,1,16,1,False,0.2,lr1e-05_bs32_modL1_fusion16_fusionL1_fusionBN0_drop0p2__wd1e-04trmiss40_trlocglobal,60,0.6298481722672781,0.6730917394161224,0.6356107660455487,0.7417969982420987,0.5454545454545454,0.0,0.0,0.0,0.0,0.0,0.0,0.0,0.0,0.0,,,,,18473,global,0.4
1,5,lr1e-05_bs32_modL1_fusion16_fusionL1_fusionBN0_drop0p2__wd1e-04trmiss40_trlocglobal,32,1e-05,0.0001,1,16,1,False,0.2,lr1e-05_bs32_modL1_fusion16_fusionL1_fusionBN0_drop0p2__wd1e-04trmiss40_trlocglobal,61,0.6247798601786295,0.6730806827545166,0.6356107660455486,0.742666880611103,0.5454545454545454,0.0,0.0,0.0,0.0,0.0,0.0,0.0,0.0,0.0,,,,,18473,global,0.4
1,5,lr1e-05_bs32_modL1_fusion16_fusionL1_fusionBN0_drop0p2__wd1e-04trmiss40_trlocglobal,32,1e-05,0.0001,1,16,1,False,0.2,lr1e-05_bs32_modL1_fusion16_fusionL1_fusionBN0_drop0p2__wd1e-04trmiss40_trlocglobal,62,0.620551198720932,0.6728595793247223,0.639751552795031,0.747507772060161,0.5454545454545454,0.0,0.0,0.0,0.0,0.0,0.0,0.0,0.0,0.0,,,,,18473,global,0.4
1,5,lr1e-05_bs32_modL1_fusion16_fusionL1_fusionBN0_drop0p2__wd1e-04trmiss40_trlocglobal,32,1e-05,0.0001,1,16,1,False,0.2,lr1e-05_bs32_modL1_fusion16_fusionL1_fusionBN0_drop0p2__wd1e-04trmiss40_trlocglobal,63,0.6198531190554301,0.6726786196231842,0.6418219461697723,0.7508211953551461,0.5227272727272727,0.0,0.0,0.0,0.0,0.0,0.0,0.0,0.0,0.0,,,,,18473,global,0.4
1,5,lr1e-05_bs32_modL1_fusion16_fusionL1_fusionBN0_drop0p2__wd1e-04trmiss40_trlocglobal,32,1e-05,0.0001,1,16,1,False,0.2,lr1e-05_bs32_modL1_fusion16_fusionL1_fusionBN0_drop0p2__wd1e-04trmiss40_trlocglobal,64,0.6346030731995901,0.672831803560257,0.6376811594202898,0.7439504598071965,0.5227272727272727,0.0,0.0,0.0,0.0,0.0,0.0,0.0,0.0,0.0,,,,,18473,global,0.4
1,5,lr1e-05_bs32_modL1_fusion16_fusionL1_fusionBN0_drop0p2__wd1e-04trmiss40_trlocglobal,32,1e-05,0.0001,1,16,1,False,0.2,lr1e-05_bs32_modL1_fusion16_fusionL1_fusionBN0_drop0p2__wd1e-04trmiss40_trlocglobal,65,0.6177482306957245,0.6724851131439209,0.6418219461697723,0.7451634979767564,0.5227272727272727,0.0,0.0,0.0,0.0,0.0,0.0,0.0,0.0,0.0,,,,,18473,global,0.4
1,5,lr1e-05_bs32_modL1_fusion16_fusionL1_fusionBN0_drop0p2__wd1e-04trmiss40_trlocglobal,32,1e-05,0.0001,1,16,1,False,0.2,lr1e-05_bs32_modL1_fusion16_fusionL1_fusionBN0_drop0p2__wd1e-04trmiss40_trlocglobal,66,0.6340657770633698,0.6728613078594208,0.6418219461697723,0.745407423632976,0.5454545454545454,0.0,0.0,0.0,0.0,0.0,0.0,0.0,0.0,0.0,,,,,18473,global,0.4
1,5,lr1e-05_bs32_modL1_fusion16_fusionL1_fusionBN0_drop0p2__wd1e-04trmiss40_trlocglobal,32,1e-05,0.0001,1,16,1,False,0.2,lr1e-05_bs32_modL1_fusion16_fusionL1_fusionBN0_drop0p2__wd1e-04trmiss40_trlocglobal,67,0.6254923144976298,0.6721262335777283,0.6418219461697723,0.7483445504831463,0.5454545454545454,0.0,0.0,0.0,0.0,0.0,0.0,0.0,0.0,0.0,,,,,18473,global,0.4
1,5,lr1e-05_bs32_modL1_fusion16_fusionL1_fusionBN0_drop0p2__wd1e-04trmiss40_trlocglobal,32,1e-05,0.0001,1,16,1,False,0.2,lr1e-05_bs32_modL1_fusion16_fusionL1_fusionBN0_drop0p2__wd1e-04trmiss40_trlocglobal,68,0.6199208895365397,0.6722682118415833,0.6418219461697723,0.745407423632976,0.5227272727272727,0.0,0.0,0.0,0.0,0.0,0.0,0.0,0.0,0.0,,,,,18473,global,0.4
1,5,lr1e-05_bs32_modL1_fusion16_fusionL1_fusionBN0_drop0p2__wd1e-04trmiss40_trlocglobal,32,1e-05,0.0001,1,16,1,False,0.2,lr1e-05_bs32_modL1_fusion16_fusionL1_fusionBN0_drop0p2__wd1e-04trmiss40_trlocglobal,69,0.6181633174419403,0.6725853681564331,0.6418219461697723,0.745407423632976,0.5454545454545454,0.0,0.0,0.0,0.0,0.0,0.0,0.0,0.0,0.0,,,,,18473,global,0.4
1,5,lr1e-05_bs32_modL1_fusion16_fusionL1_fusionBN0_drop0p2__wd1e-04trmiss40_trlocglobal,32,1e-05,0.0001,1,16,1,False,0.2,lr1e-05_bs32_modL1_fusion16_fusionL1_fusionBN0_drop0p2__wd1e-04trmiss40_trlocglobal,70,0.6243081092834473,0.6726208627223969,0.639751552795031,0.7445078734080883,0.5454545454545454,0.0,0.0,0.0,0.0,0.0,0.0,0.0,0.0,0.0,,,,,18473,global,0.4
1,5,lr1e-05_bs32_modL1_fusion16_fusionL1_fusionBN0_drop0p2__wd1e-04trmiss40_trlocglobal,32,1e-05,0.0001,1,16,1,False,0.2,lr1e-05_bs32_modL1_fusion16_fusionL1_fusionBN0_drop0p2__wd1e-04trmiss40_trlocglobal,71,0.6268965502580007,0.672529011964798,0.6418219461697723,0.7480651856610527,0.5454545454545454,0.0,0.0,0.0,0.0,0.0,0.0,0.0,0.0,0.0,,,,,18473,global,0.4
1,5,lr1e-05_bs32_modL1_fusion16_fusionL1_fusionBN0_drop0p2__wd1e-04trmiss40_trlocglobal,32,1e-05,0.0001,1,16,1,False,0.2,lr1e-05_bs32_modL1_fusion16_fusionL1_fusionBN0_drop0p2__wd1e-04trmiss40_trlocglobal,72,0.6250188450018564,0.6722241044044495,0.6418219461697723,0.7517928263452152,0.5227272727272727,0.0,0.0,0.0,0.0,0.0,0.0,0.0,0.0,0.0,,,,,18473,global,0.4
1,5,lr1e-05_bs32_modL1_fusion16_fusionL1_fusionBN0_drop0p2__wd1e-04trmiss40_trlocglobal,32,1e-05,0.0001,1,16,1,False,0.2,lr1e-05_bs32_modL1_fusion16_fusionL1_fusionBN0_drop0p2__wd1e-04trmiss40_trlocglobal,73,0.6230956812699636,0.6722885370254517,0.639751552795031,0.7467816064649593,0.5454545454545454,0.0,0.0,0.0,0.0,0.0,0.0,0.0,0.0,0.0,,,,,18473,global,0.4
1,5,lr1e-05_bs32_modL1_fusion16_fusionL1_fusionBN0_drop0p2__wd1e-04trmiss40_trlocglobal,32,1e-05,0.0001,1,16,1,False,0.2,lr1e-05_bs32_modL1_fusion16_fusionL1_fusionBN0_drop0p2__wd1e-04trmiss40_trlocglobal,74,0.6310787399609884,0.6721735596656799,0.639751552795031,0.7477570064173413,0.5227272727272727,0.0,0.0,0.0,0.0,0.0,0.0,0.0,0.0,0.0,,,,,18473,global,0.4
1,5,lr1e-05_bs32_modL1_fusion16_fusionL1_fusionBN0_drop0p2__wd1e-04trmiss40_trlocglobal,32,1e-05,0.0001,1,16,1,False,0.2,lr1e-05_bs32_modL1_fusion16_fusionL1_fusionBN0_drop0p2__wd1e-04trmiss40_trlocglobal,75,0.6170438329378763,0.6723288893699646,0.639751552795031,0.7477871368822544,0.5454545454545454,0.0,0.0,0.0,0.0,0.0,0.0,0.0,0.0,0.0,,,,,18473,global,0.4
1,5,lr1e-05_bs32_modL1_fusion16_fusionL1_fusionBN0_drop0p2__wd1e-04trmiss40_trlocglobal,32,1e-05,0.0001,1,16,1,False,0.2,lr1e-05_bs32_modL1_fusion16_fusionL1_fusionBN0_drop0p2__wd1e-04trmiss40_trlocglobal,76,0.6185643474260966,0.672895610332489,0.6376811594202898,0.7441996941643769,0.5454545454545454,0.0,0.0,0.0,0.0,0.0,0.0,0.0,0.0,0.0,,,,,18473,global,0.4
1,5,lr1e-05_bs32_modL1_fusion16_fusionL1_fusionBN0_drop0p2__wd1e-04trmiss40_trlocglobal,32,1e-05,0.0001,1,16,1,False,0.2,lr1e-05_bs32_modL1_fusion16_fusionL1_fusionBN0_drop0p2__wd1e-04trmiss40_trlocglobal,77,0.6234379410743713,0.6726728677749634,0.6418219461697723,0.7483445504831463,0.5454545454545454,0.0,0.0,0.0,0.0,0.0,0.0,0.0,0.0,0.0,,,,,18473,global,0.4
1,5,lr1e-05_bs32_modL1_fusion16_fusionL1_fusionBN0_drop0p2__wd1e-04trmiss40_trlocglobal,32,1e-05,0.0001,1,16,1,False,0.2,lr1e-05_bs32_modL1_fusion16_fusionL1_fusionBN0_drop0p2__wd1e-04trmiss40_trlocglobal,78,0.6267781356970469,0.6730393171310425,0.639751552795031,0.747223670934545,0.5454545454545454,0.0,0.0,0.0,0.0,0.0,0.0,0.0,0.0,0.0,,,,,18473,global,0.4
1,5,lr1e-05_bs32_modL1_fusion16_fusionL1_fusionBN0_drop0p2__wd1e-04trmiss40_trlocglobal,32,1e-05,0.0001,1,16,1,False,0.2,lr1e-05_bs32_modL1_fusion16_fusionL1_fusionBN0_drop0p2__wd1e-04trmiss40_trlocglobal,79,0.624418685833613,0.6721088886260986,0.6418219461697723,0.7484659069593899,0.5454545454545454,0.0,0.0,0.0,0.0,0.0,0.0,0.0,0.0,0.0,,,,,18473,global,0.4
1,5,lr1e-05_bs32_modL1_fusion16_fusionL1_fusionBN0_drop0p2__wd1e-04trmiss40_trlocglobal,32,1e-05,0.0001,1,16,1,False,0.2,lr1e-05_bs32_modL1_fusion16_fusionL1_fusionBN0_drop0p2__wd1e-04trmiss40_trlocglobal,80,0.6130103468894958,0.6724244356155396,0.6418219461697723,0.748163396628829,0.5454545454545454,0.0,0.0,0.0,0.0,0.0,0.0,0.0,0.0,0.0,,,,,18473,global,0.4
1,5,lr1e-05_bs32_modL1_fusion16_fusionL1_fusionBN0_drop0p1__wd1e-04trmiss40_trlocglobal,32,1e-05,0.0001,1,16,1,False,0.1,lr1e-05_bs32_modL1_fusion16_fusionL1_fusionBN0_drop0p1__wd1e-04trmiss40_trlocglobal,1,0.6916010975837708,0.7088842391967773,0.3975155279503106,0.4844138183416055,0.5,0.0,0.0,0.0,0.0,0.0,0.0,0.0,0.0,0.0,,,,,18473,global,0.4
1,5,lr1e-05_bs32_modL1_fusion16_fusionL1_fusionBN0_drop0p1__wd1e-04trmiss40_trlocglobal,32,1e-05,0.0001,1,16,1,False,0.1,lr1e-05_bs32_modL1_fusion16_fusionL1_fusionBN0_drop0p1__wd1e-04trmiss40_trlocglobal,2,0.6989514430363973,0.7106446623802185,0.401656314699793,0.4979137108063606,0.5,0.0,0.0,0.0,0.0,0.0,0.0,0.0,0.0,0.0,,,,,18473,global,0.4
1,5,lr1e-05_bs32_modL1_fusion16_fusionL1_fusionBN0_drop0p1__wd1e-04trmiss40_trlocglobal,32,1e-05,0.0001,1,16,1,False,0.1,lr1e-05_bs32_modL1_fusion16_fusionL1_fusionBN0_drop0p1__wd1e-04trmiss40_trlocglobal,3,0.6999698479970297,0.7123338878154755,0.3975155279503106,0.4939731427254942,0.5,0.0,0.0,0.0,0.0,0.0,0.0,0.0,0.0,0.0,,,,,18473,global,0.4
1,5,lr1e-05_bs32_modL1_fusion16_fusionL1_fusionBN0_drop0p1__wd1e-04trmiss40_trlocglobal,32,1e-05,0.0001,1,16,1,False,0.1,lr1e-05_bs32_modL1_fusion16_fusionL1_fusionBN0_drop0p1__wd1e-04trmiss40_trlocglobal,4,0.6977900266647339,0.7136982679367065,0.40165631469979296,0.49788154860558864,0.45454545454545453,0.0,0.0,0.0,0.0,0.0,0.0,0.0,0.0,0.0,,,,,18473,global,0.4
1,5,lr1e-05_bs32_modL1_fusion16_fusionL1_fusionBN0_drop0p1__wd1e-04trmiss40_trlocglobal,32,1e-05,0.0001,1,16,1,False,0.1,lr1e-05_bs32_modL1_fusion16_fusionL1_fusionBN0_drop0p1__wd1e-04trmiss40_trlocglobal,5,0.6893041630585989,0.7144924104213715,0.4037267080745342,0.49850155945577856,0.4772727272727273,0.0,0.0,0.0,0.0,0.0,0.0,0.0,0.0,0.0,,,,,18473,global,0.4
1,5,lr1e-05_bs32_modL1_fusion16_fusionL1_fusionBN0_drop0p1__wd1e-04trmiss40_trlocglobal,32,1e-05,0.0001,1,16,1,False,0.1,lr1e-05_bs32_modL1_fusion16_fusionL1_fusionBN0_drop0p1__wd1e-04trmiss40_trlocglobal,6,0.6882739265759786,0.7150491178035736,0.40993788819875776,0.5018426818472441,0.5,0.0,0.0,0.0,0.0,0.0,0.0,0.0,0.0,0.0,,,,,18473,global,0.4
1,5,lr1e-05_bs32_modL1_fusion16_fusionL1_fusionBN0_drop0p1__wd1e-04trmiss40_trlocglobal,32,1e-05,0.0001,1,16,1,False,0.1,lr1e-05_bs32_modL1_fusion16_fusionL1_fusionBN0_drop0p1__wd1e-04trmiss40_trlocglobal,7,0.6904052197933197,0.7151047587394714,0.41407867494824024,0.4814635752128781,0.5,0.0,0.0,0.0,0.0,0.0,0.0,0.0,0.0,0.0,,,,,18473,global,0.4
1,5,lr1e-05_bs32_modL1_fusion16_fusionL1_fusionBN0_drop0p1__wd1e-04trmiss40_trlocglobal,32,1e-05,0.0001,1,16,1,False,0.1,lr1e-05_bs32_modL1_fusion16_fusionL1_fusionBN0_drop0p1__wd1e-04trmiss40_trlocglobal,8,0.6800750990708669,0.7153182029724121,0.41614906832298143,0.4787155261604812,0.5,0.0,0.0,0.0,0.0,0.0,0.0,0.0,0.0,0.0,,,,,18473,global,0.4
1,5,lr1e-05_bs32_modL1_fusion16_fusionL1_fusionBN0_drop0p1__wd1e-04trmiss40_trlocglobal,32,1e-05,0.0001,1,16,1,False,0.1,lr1e-05_bs32_modL1_fusion16_fusionL1_fusionBN0_drop0p1__wd1e-04trmiss40_trlocglobal,9,0.6822214424610138,0.7151917517185211,0.42443064182194623,0.4829855336218436,0.4772727272727273,0.0,0.0,0.0,0.0,0.0,0.0,0.0,0.0,0.0,,,,,18473,global,0.4
1,5,lr1e-05_bs32_modL1_fusion16_fusionL1_fusionBN0_drop0p1__wd1e-04trmiss40_trlocglobal,32,1e-05,0.0001,1,16,1,False,0.1,lr1e-05_bs32_modL1_fusion16_fusionL1_fusionBN0_drop0p1__wd1e-04trmiss40_trlocglobal,10,0.6798417170842489,0.7148875594139099,0.42857142857142855,0.4855651180318263,0.4772727272727273,0.0,0.0,0.0,0.0,0.0,0.0,0.0,0.0,0.0,,,,,18473,global,0.4
1,5,lr1e-05_bs32_modL1_fusion16_fusionL1_fusionBN0_drop0p1__wd1e-04trmiss40_trlocglobal,32,1e-05,0.0001,1,16,1,False,0.1,lr1e-05_bs32_modL1_fusion16_fusionL1_fusionBN0_drop0p1__wd1e-04trmiss40_trlocglobal,11,0.6814958353837332,0.7142012417316437,0.4265010351966874,0.4828090713060253,0.5,0.0,0.0,0.0,0.0,0.0,0.0,0.0,0.0,0.0,,,,,18473,global,0.4
1,5,lr1e-05_bs32_modL1_fusion16_fusionL1_fusionBN0_drop0p1__wd1e-04trmiss40_trlocglobal,32,1e-05,0.0001,1,16,1,False,0.1,lr1e-05_bs32_modL1_fusion16_fusionL1_fusionBN0_drop0p1__wd1e-04trmiss40_trlocglobal,12,0.674154798189799,0.7134931981563568,0.4368530020703934,0.48646082538660906,0.5,0.0,0.0,0.0,0.0,0.0,0.0,0.0,0.0,0.0,,,,,18473,global,0.4
1,5,lr1e-05_bs32_modL1_fusion16_fusionL1_fusionBN0_drop0p1__wd1e-04trmiss40_trlocglobal,32,1e-05,0.0001,1,16,1,False,0.1,lr1e-05_bs32_modL1_fusion16_fusionL1_fusionBN0_drop0p1__wd1e-04trmiss40_trlocglobal,13,0.6703028778235117,0.7128061950206757,0.44306418219461696,0.4909629898887735,0.5,0.0,0.0,0.0,0.0,0.0,0.0,0.0,0.0,0.0,,,,,18473,global,0.4
1,5,lr1e-05_bs32_modL1_fusion16_fusionL1_fusionBN0_drop0p1__wd1e-04trmiss40_trlocglobal,32,1e-05,0.0001,1,16,1,False,0.1,lr1e-05_bs32_modL1_fusion16_fusionL1_fusionBN0_drop0p1__wd1e-04trmiss40_trlocglobal,14,0.6715603669484457,0.7118327915668488,0.44720496894409945,0.4913870223780234,0.5,0.0,0.0,0.0,0.0,0.0,0.0,0.0,0.0,0.0,,,,,18473,global,0.4
1,5,lr1e-05_bs32_modL1_fusion16_fusionL1_fusionBN0_drop0p1__wd1e-04trmiss40_trlocglobal,32,1e-05,0.0001,1,16,1,False,0.1,lr1e-05_bs32_modL1_fusion16_fusionL1_fusionBN0_drop0p1__wd1e-04trmiss40_trlocglobal,15,0.6636414925257365,0.7118865847587585,0.4409937888198758,0.48801130432839235,0.4772727272727273,0.0,0.0,0.0,0.0,0.0,0.0,0.0,0.0,0.0,,,,,18473,global,0.4
1,5,lr1e-05_bs32_modL1_fusion16_fusionL1_fusionBN0_drop0p1__wd1e-04trmiss40_trlocglobal,32,1e-05,0.0001,1,16,1,False,0.1,lr1e-05_bs32_modL1_fusion16_fusionL1_fusionBN0_drop0p1__wd1e-04trmiss40_trlocglobal,16,0.6691328982512156,0.7118414640426636,0.443064182194617,0.4884123183707107,0.45454545454545453,0.0,0.0,0.0,0.0,0.0,0.0,0.0,0.0,0.0,,,,,18473,global,0.4
1,5,lr1e-05_bs32_modL1_fusion16_fusionL1_fusionBN0_drop0p1__wd1e-04trmiss40_trlocglobal,32,1e-05,0.0001,1,16,1,False,0.1,lr1e-05_bs32_modL1_fusion16_fusionL1_fusionBN0_drop0p1__wd1e-04trmiss40_trlocglobal,17,0.6748092969258627,0.7117211222648621,0.453416149068323,0.4943472851078531,0.45454545454545453,0.0,0.0,0.0,0.0,0.0,0.0,0.0,0.0,0.0,,,,,18473,global,0.4
1,5,lr1e-05_bs32_modL1_fusion16_fusionL1_fusionBN0_drop0p1__wd1e-04trmiss40_trlocglobal,32,1e-05,0.0001,1,16,1,False,0.1,lr1e-05_bs32_modL1_fusion16_fusionL1_fusionBN0_drop0p1__wd1e-04trmiss40_trlocglobal,18,0.6627010603745779,0.7121676206588745,0.443064182194617,0.48775872359946887,0.4772727272727273,0.0,0.0,0.0,0.0,0.0,0.0,0.0,0.0,0.0,,,,,18473,global,0.4
1,5,lr1e-05_bs32_modL1_fusion16_fusionL1_fusionBN0_drop0p1__wd1e-04trmiss40_trlocglobal,32,1e-05,0.0001,1,16,1,False,0.1,lr1e-05_bs32_modL1_fusion16_fusionL1_fusionBN0_drop0p1__wd1e-04trmiss40_trlocglobal,19,0.6693683862686157,0.7121122181415558,0.4513457556935818,0.49275795372312525,0.45454545454545453,0.0,0.0,0.0,0.0,0.0,0.0,0.0,0.0,0.0,,,,,18473,global,0.4
1,5,lr1e-05_bs32_modL1_fusion16_fusionL1_fusionBN0_drop0p1__wd1e-04trmiss40_trlocglobal,32,1e-05,0.0001,1,16,1,False,0.1,lr1e-05_bs32_modL1_fusion16_fusionL1_fusionBN0_drop0p1__wd1e-04trmiss40_trlocglobal,20,0.6678517858187357,0.7119803726673126,0.4492753623188407,0.4913246044636891,0.4772727272727273,0.0,0.0,0.0,0.0,0.0,0.0,0.0,0.0,0.0,,,,,18473,global,0.4
1,5,lr1e-05_bs32_modL1_fusion16_fusionL1_fusionBN0_drop0p1__wd1e-04trmiss40_trlocglobal,32,1e-05,0.0001,1,16,1,False,0.1,lr1e-05_bs32_modL1_fusion16_fusionL1_fusionBN0_drop0p1__wd1e-04trmiss40_trlocglobal,21,0.6546498040358225,0.7112615704536438,0.4596273291925466,0.497116979181895,0.4772727272727273,0.0,0.0,0.0,0.0,0.0,0.0,0.0,0.0,0.0,,,,,18473,global,0.4
1,5,lr1e-05_bs32_modL1_fusion16_fusionL1_fusionBN0_drop0p1__wd1e-04trmiss40_trlocglobal,32,1e-05,0.0001,1,16,1,False,0.1,lr1e-05_bs32_modL1_fusion16_fusionL1_fusionBN0_drop0p1__wd1e-04trmiss40_trlocglobal,22,0.6540730098883311,0.711021900177002,0.4596273291925467,0.4964721454335363,0.4772727272727273,0.0,0.0,0.0,0.0,0.0,0.0,0.0,0.0,0.0,,,,,18473,global,0.4
1,5,lr1e-05_bs32_modL1_fusion16_fusionL1_fusionBN0_drop0p1__wd1e-04trmiss40_trlocglobal,32,1e-05,0.0001,1,16,1,False,0.1,lr1e-05_bs32_modL1_fusion16_fusionL1_fusionBN0_drop0p1__wd1e-04trmiss40_trlocglobal,23,0.6571970283985138,0.7111855447292328,0.4513457556935818,0.49286689290062313,0.4772727272727273,0.0,0.0,0.0,0.0,0.0,0.0,0.0,0.0,0.0,,,,,18473,global,0.4
1,5,lr1e-05_bs32_modL1_fusion16_fusionL1_fusionBN0_drop0p1__wd1e-04trmiss40_trlocglobal,32,1e-05,0.0001,1,16,1,False,0.1,lr1e-05_bs32_modL1_fusion16_fusionL1_fusionBN0_drop0p1__wd1e-04trmiss40_trlocglobal,24,0.6602233350276947,0.7106927335262299,0.453416149068323,0.4961726238278375,0.4772727272727273,0.0,0.0,0.0,0.0,0.0,0.0,0.0,0.0,0.0,,,,,18473,global,0.4
1,5,lr1e-05_bs32_modL1_fusion16_fusionL1_fusionBN0_drop0p1__wd1e-04trmiss40_trlocglobal,32,1e-05,0.0001,1,16,1,False,0.1,lr1e-05_bs32_modL1_fusion16_fusionL1_fusionBN0_drop0p1__wd1e-04trmiss40_trlocglobal,25,0.6579216619332632,0.7097625434398651,0.45755693581780543,0.49763915246827917,0.4772727272727273,0.0,0.0,0.0,0.0,0.0,0.0,0.0,0.0,0.0,,,,,18473,global,0.4
1,5,lr1e-05_bs32_modL1_fusion16_fusionL1_fusionBN0_drop0p1__wd1e-04trmiss40_trlocglobal,32,1e-05,0.0001,1,16,1,False,0.1,lr1e-05_bs32_modL1_fusion16_fusionL1_fusionBN0_drop0p1__wd1e-04trmiss40_trlocglobal,26,0.6577313741048177,0.7098063230514526,0.45755693581780543,0.4970191416180893,0.4772727272727273,0.0,0.0,0.0,0.0,0.0,0.0,0.0,0.0,0.0,,,,,18473,global,0.4
1,5,lr1e-05_bs32_modL1_fusion16_fusionL1_fusionBN0_drop0p1__wd1e-04trmiss40_trlocglobal,32,1e-05,0.0001,1,16,1,False,0.1,lr1e-05_bs32_modL1_fusion16_fusionL1_fusionBN0_drop0p1__wd1e-04trmiss40_trlocglobal,27,0.6527893344561259,0.7101525664329529,0.45548654244306425,0.4905714078046266,0.4772727272727273,0.0,0.0,0.0,0.0,0.0,0.0,0.0,0.0,0.0,,,,,18473,global,0.4
1,5,lr1e-05_bs32_modL1_fusion16_fusionL1_fusionBN0_drop0p1__wd1e-04trmiss40_trlocglobal,32,1e-05,0.0001,1,16,1,False,0.1,lr1e-05_bs32_modL1_fusion16_fusionL1_fusionBN0_drop0p1__wd1e-04trmiss40_trlocglobal,28,0.658545583486557,0.7099699974060059,0.4513457556935818,0.49489923821941345,0.4772727272727273,0.0,0.0,0.0,0.0,0.0,0.0,0.0,0.0,0.0,,,,,18473,global,0.4
1,5,lr1e-05_bs32_modL1_fusion16_fusionL1_fusionBN0_drop0p1__wd1e-04trmiss40_trlocglobal,32,1e-05,0.0001,1,16,1,False,0.1,lr1e-05_bs32_modL1_fusion16_fusionL1_fusionBN0_drop0p1__wd1e-04trmiss40_trlocglobal,29,0.6478581329186758,0.7094820141792297,0.45755693581780543,0.49652364549381145,0.4772727272727273,0.0,0.0,0.0,0.0,0.0,0.0,0.0,0.0,0.0,,,,,18473,global,0.4
1,5,lr1e-05_bs32_modL1_fusion16_fusionL1_fusionBN0_drop0p1__wd1e-04trmiss40_trlocglobal,32,1e-05,0.0001,1,16,1,False,0.1,lr1e-05_bs32_modL1_fusion16_fusionL1_fusionBN0_drop0p1__wd1e-04trmiss40_trlocglobal,30,0.6461203296979269,0.7091299891471863,0.4596273291925466,0.49993047736611645,0.4772727272727273,0.0,0.0,0.0,0.0,0.0,0.0,0.0,0.0,0.0,,,,,18473,global,0.4
1,5,lr1e-05_bs32_modL1_fusion16_fusionL1_fusionBN0_drop0p1__wd1e-04trmiss40_trlocglobal,32,1e-05,0.0001,1,16,1,False,0.1,lr1e-05_bs32_modL1_fusion16_fusionL1_fusionBN0_drop0p1__wd1e-04trmiss40_trlocglobal,31,0.6533138453960419,0.7094708681106567,0.45548654244306425,0.4917377795182462,0.4772727272727273,0.0,0.0,0.0,0.0,0.0,0.0,0.0,0.0,0.0,,,,,18473,global,0.4
1,5,lr1e-05_bs32_modL1_fusion16_fusionL1_fusionBN0_drop0p1__wd1e-04trmiss40_trlocglobal,32,1e-05,0.0001,1,16,1,False,0.1,lr1e-05_bs32_modL1_fusion16_fusionL1_fusionBN0_drop0p1__wd1e-04trmiss40_trlocglobal,32,0.6496160825093588,0.7093114852905273,0.46169772256728786,0.5013922341854885,0.4772727272727273,0.0,0.0,0.0,0.0,0.0,0.0,0.0,0.0,0.0,,,,,18473,global,0.4
1,5,lr1e-05_bs32_modL1_fusion16_fusionL1_fusionBN0_drop0p1__wd1e-04trmiss40_trlocglobal,32,1e-05,0.0001,1,16,1,False,0.1,lr1e-05_bs32_modL1_fusion16_fusionL1_fusionBN0_drop0p1__wd1e-04trmiss40_trlocglobal,33,0.648357609907786,0.7091803252696991,0.463768115942029,0.49592164931981864,0.4772727272727273,0.0,0.0,0.0,0.0,0.0,0.0,0.0,0.0,0.0,,,,,18473,global,0.4
1,5,lr1e-05_bs32_modL1_fusion16_fusionL1_fusionBN0_drop0p1__wd1e-04trmiss40_trlocglobal,32,1e-05,0.0001,1,16,1,False,0.1,lr1e-05_bs32_modL1_fusion16_fusionL1_fusionBN0_drop0p1__wd1e-04trmiss40_trlocglobal,34,0.645479162534078,0.708471804857254,0.4679089026915114,0.5046173014937317,0.4772727272727273,0.0,0.0,0.0,0.0,0.0,0.0,0.0,0.0,0.0,,,,,18473,global,0.4
1,5,lr1e-05_bs32_modL1_fusion16_fusionL1_fusionBN0_drop0p1__wd1e-04trmiss40_trlocglobal,32,1e-05,0.0001,1,16,1,False,0.1,lr1e-05_bs32_modL1_fusion16_fusionL1_fusionBN0_drop0p1__wd1e-04trmiss40_trlocglobal,35,0.648040364185969,0.7081802785396576,0.463768115942029,0.4965677548384879,0.4772727272727273,0.0,0.0,0.0,0.0,0.0,0.0,0.0,0.0,0.0,,,,,18473,global,0.4
1,5,lr1e-05_bs32_modL1_fusion16_fusionL1_fusionBN0_drop0p1__wd1e-04trmiss40_trlocglobal,32,1e-05,0.0001,1,16,1,False,0.1,lr1e-05_bs32_modL1_fusion16_fusionL1_fusionBN0_drop0p1__wd1e-04trmiss40_trlocglobal,36,0.6442934274673462,0.7082140147686005,0.46583850931677023,0.4972004216983352,0.4772727272727273,0.0,0.0,0.0,0.0,0.0,0.0,0.0,0.0,0.0,,,,,18473,global,0.4
1,5,lr1e-05_bs32_modL1_fusion16_fusionL1_fusionBN0_drop0p1__wd1e-04trmiss40_trlocglobal,32,1e-05,0.0001,1,16,1,False,0.1,lr1e-05_bs32_modL1_fusion16_fusionL1_fusionBN0_drop0p1__wd1e-04trmiss40_trlocglobal,37,0.6416041453679403,0.708050400018692,0.4616977225672878,0.4922984609140215,0.4772727272727273,0.0,0.0,0.0,0.0,0.0,0.0,0.0,0.0,0.0,,,,,18473,global,0.4
1,5,lr1e-05_bs32_modL1_fusion16_fusionL1_fusionBN0_drop0p1__wd1e-04trmiss40_trlocglobal,32,1e-05,0.0001,1,16,1,False,0.1,lr1e-05_bs32_modL1_fusion16_fusionL1_fusionBN0_drop0p1__wd1e-04trmiss40_trlocglobal,38,0.6446007291475931,0.7074320912361145,0.4658385093167702,0.4948485274700108,0.4772727272727273,0.0,0.0,0.0,0.0,0.0,0.0,0.0,0.0,0.0,,,,,18473,global,0.4
1,5,lr1e-05_bs32_modL1_fusion16_fusionL1_fusionBN0_drop0p1__wd1e-04trmiss40_trlocglobal,32,1e-05,0.0001,1,16,1,False,0.1,lr1e-05_bs32_modL1_fusion16_fusionL1_fusionBN0_drop0p1__wd1e-04trmiss40_trlocglobal,39,0.6398019293944041,0.7071317136287689,0.46376811594202905,0.49401328495377955,0.45454545454545453,0.0,0.0,0.0,0.0,0.0,0.0,0.0,0.0,0.0,,,,,18473,global,0.4
1,5,lr1e-05_bs32_modL1_fusion16_fusionL1_fusionBN0_drop0p1__wd1e-04trmiss40_trlocglobal,32,1e-05,0.0001,1,16,1,False,0.1,lr1e-05_bs32_modL1_fusion16_fusionL1_fusionBN0_drop0p1__wd1e-04trmiss40_trlocglobal,40,0.6456833978494009,0.7071083188056946,0.4679089026915114,0.5001865920284652,0.4772727272727273,0.0,0.0,0.0,0.0,0.0,0.0,0.0,0.0,0.0,,,,,18473,global,0.4
1,5,lr1e-05_bs32_modL1_fusion16_fusionL1_fusionBN0_drop0p1__wd1e-04trmiss40_trlocglobal,32,1e-05,0.0001,1,16,1,False,0.1,lr1e-05_bs32_modL1_fusion16_fusionL1_fusionBN0_drop0p1__wd1e-04trmiss40_trlocglobal,41,0.642293115456899,0.7070839107036591,0.4679089026915114,0.4962671127232916,0.4772727272727273,0.0,0.0,0.0,0.0,0.0,0.0,0.0,0.0,0.0,,,,,18473,global,0.4
1,5,lr1e-05_bs32_modL1_fusion16_fusionL1_fusionBN0_drop0p1__wd1e-04trmiss40_trlocglobal,32,1e-05,0.0001,1,16,1,False,0.1,lr1e-05_bs32_modL1_fusion16_fusionL1_fusionBN0_drop0p1__wd1e-04trmiss40_trlocglobal,42,0.6362044910589854,0.7070750594139099,0.4699792960662526,0.4996996070024678,0.4772727272727273,0.0,0.0,0.0,0.0,0.0,0.0,0.0,0.0,0.0,,,,,18473,global,0.4
1,5,lr1e-05_bs32_modL1_fusion16_fusionL1_fusionBN0_drop0p1__wd1e-04trmiss40_trlocglobal,32,1e-05,0.0001,1,16,1,False,0.1,lr1e-05_bs32_modL1_fusion16_fusionL1_fusionBN0_drop0p1__wd1e-04trmiss40_trlocglobal,43,0.6391911705334982,0.7076133787631989,0.4679089026915114,0.4991658929815629,0.4772727272727273,0.0,0.0,0.0,0.0,0.0,0.0,0.0,0.0,0.0,,,,,18473,global,0.4
1,5,lr1e-05_bs32_modL1_fusion16_fusionL1_fusionBN0_drop0p1__wd1e-04trmiss40_trlocglobal,32,1e-05,0.0001,1,16,1,False,0.1,lr1e-05_bs32_modL1_fusion16_fusionL1_fusionBN0_drop0p1__wd1e-04trmiss40_trlocglobal,44,0.6377964615821838,0.7074616253376007,0.46376811594202905,0.49409342921344696,0.4772727272727273,0.0,0.0,0.0,0.0,0.0,0.0,0.0,0.0,0.0,,,,,18473,global,0.4
1,5,lr1e-05_bs32_modL1_fusion16_fusionL1_fusionBN0_drop0p1__wd1e-04trmiss40_trlocglobal,32,1e-05,0.0001,1,16,1,False,0.1,lr1e-05_bs32_modL1_fusion16_fusionL1_fusionBN0_drop0p1__wd1e-04trmiss40_trlocglobal,45,0.6404782831668854,0.7074280381202698,0.4720496894409938,0.4986057938941146,0.4772727272727273,0.0,0.0,0.0,0.0,0.0,0.0,0.0,0.0,0.0,,,,,18473,global,0.4
1,5,lr1e-05_bs32_modL1_fusion16_fusionL1_fusionBN0_drop0p1__wd1e-04trmiss40_trlocglobal,32,1e-05,0.0001,1,16,1,False,0.1,lr1e-05_bs32_modL1_fusion16_fusionL1_fusionBN0_drop0p1__wd1e-04trmiss40_trlocglobal,46,0.6438856919606527,0.7070201933383942,0.47619047619047616,0.5000508191820572,0.4772727272727273,0.0,0.0,0.0,0.0,0.0,0.0,0.0,0.0,0.0,,,,,18473,global,0.4
1,5,lr1e-05_bs32_modL1_fusion16_fusionL1_fusionBN0_drop0p1__wd1e-04trmiss40_trlocglobal,32,1e-05,0.0001,1,16,1,False,0.1,lr1e-05_bs32_modL1_fusion16_fusionL1_fusionBN0_drop0p1__wd1e-04trmiss40_trlocglobal,47,0.6423384547233582,0.7070187330245972,0.4720496894409938,0.4981886976003642,0.4772727272727273,0.0,0.0,0.0,0.0,0.0,0.0,0.0,0.0,0.0,,,,,18473,global,0.4
1,5,lr1e-05_bs32_modL1_fusion16_fusionL1_fusionBN0_drop0p1__wd1e-04trmiss40_trlocglobal,32,1e-05,0.0001,1,16,1,False,0.1,lr1e-05_bs32_modL1_fusion16_fusionL1_fusionBN0_drop0p1__wd1e-04trmiss40_trlocglobal,48,0.642953097820282,0.707090437412262,0.4720496894409938,0.4980771689633537,0.4772727272727273,0.0,0.0,0.0,0.0,0.0,0.0,0.0,0.0,0.0,,,,,18473,global,0.4
1,5,lr1e-05_bs32_modL1_fusion16_fusionL1_fusionBN0_drop0p1__wd1e-04trmiss40_trlocglobal,32,1e-05,0.0001,1,16,1,False,0.1,lr1e-05_bs32_modL1_fusion16_fusionL1_fusionBN0_drop0p1__wd1e-04trmiss40_trlocglobal,49,0.6402912735939026,0.7066605389118195,0.4720496894409938,0.49929735190984137,0.4772727272727273,0.0,0.0,0.0,0.0,0.0,0.0,0.0,0.0,0.0,,,,,18473,global,0.4
1,5,lr1e-05_bs32_modL1_fusion16_fusionL1_fusionBN0_drop0p1__wd1e-04trmiss40_trlocglobal,32,1e-05,0.0001,1,16,1,False,0.1,lr1e-05_bs32_modL1_fusion16_fusionL1_fusionBN0_drop0p1__wd1e-04trmiss40_trlocglobal,50,0.6438901424407959,0.7068531513214111,0.47204968944099374,0.4984319790790995,0.45454545454545453,0.0,0.0,0.0,0.0,0.0,0.0,0.0,0.0,0.0,,,,,18473,global,0.4
1,5,lr1e-05_bs32_modL1_fusion16_fusionL1_fusionBN0_drop0p1__wd1e-04trmiss40_trlocglobal,32,1e-05,0.0001,1,16,1,False,0.1,lr1e-05_bs32_modL1_fusion16_fusionL1_fusionBN0_drop0p1__wd1e-04trmiss40_trlocglobal,51,0.6337304810682932,0.7066003382205963,0.474120082815735,0.5006847472872453,0.45454545454545453,0.0,0.0,0.0,0.0,0.0,0.0,0.0,0.0,0.0,,,,,18473,global,0.4
1,5,lr1e-05_bs32_modL1_fusion16_fusionL1_fusionBN0_drop0p1__wd1e-04trmiss40_trlocglobal,32,1e-05,0.0001,1,16,1,False,0.1,lr1e-05_bs32_modL1_fusion16_fusionL1_fusionBN0_drop0p1__wd1e-04trmiss40_trlocglobal,52,0.6329798102378845,0.7064109444618225,0.4782608695652174,0.5021297725751879,0.45454545454545453,0.0,0.0,0.0,0.0,0.0,0.0,0.0,0.0,0.0,,,,,18473,global,0.4
1,5,lr1e-05_bs32_modL1_fusion16_fusionL1_fusionBN0_drop0p1__wd1e-04trmiss40_trlocglobal,32,1e-05,0.0001,1,16,1,False,0.1,lr1e-05_bs32_modL1_fusion16_fusionL1_fusionBN0_drop0p1__wd1e-04trmiss40_trlocglobal,53,0.6330242355664571,0.7070424854755402,0.47204968944099385,0.49855772256431263,0.45454545454545453,0.0,0.0,0.0,0.0,0.0,0.0,0.0,0.0,0.0,,,,,18473,global,0.4
1,5,lr1e-05_bs32_modL1_fusion16_fusionL1_fusionBN0_drop0p1__wd1e-04trmiss40_trlocglobal,32,1e-05,0.0001,1,16,1,False,0.1,lr1e-05_bs32_modL1_fusion16_fusionL1_fusionBN0_drop0p1__wd1e-04trmiss40_trlocglobal,54,0.6268738110860189,0.7062715291976929,0.474120082815735,0.49925710176773436,0.45454545454545453,0.0,0.0,0.0,0.0,0.0,0.0,0.0,0.0,0.0,,,,,18473,global,0.4
1,5,lr1e-05_bs32_modL1_fusion16_fusionL1_fusionBN0_drop0p1__wd1e-04trmiss40_trlocglobal,32,1e-05,0.0001,1,16,1,False,0.1,lr1e-05_bs32_modL1_fusion16_fusionL1_fusionBN0_drop0p1__wd1e-04trmiss40_trlocglobal,55,0.6339628100395203,0.7054181694984436,0.4803312629399586,0.5029329424188375,0.45454545454545453,0.0,0.0,0.0,0.0,0.0,0.0,0.0,0.0,0.0,,,,,18473,global,0.4
1,5,lr1e-05_bs32_modL1_fusion16_fusionL1_fusionBN0_drop0p1__wd1e-04trmiss40_trlocglobal,32,1e-05,0.0001,1,16,1,False,0.1,lr1e-05_bs32_modL1_fusion16_fusionL1_fusionBN0_drop0p1__wd1e-04trmiss40_trlocglobal,56,0.6287862459818522,0.7057912647724152,0.47826086956521746,0.5016907063939927,0.45454545454545453,0.0,0.0,0.0,0.0,0.0,0.0,0.0,0.0,0.0,,,,,18473,global,0.4
1,5,lr1e-05_bs32_modL1_fusion16_fusionL1_fusionBN0_drop0p1__wd1e-04trmiss40_trlocglobal,32,1e-05,0.0001,1,16,1,False,0.1,lr1e-05_bs32_modL1_fusion16_fusionL1_fusionBN0_drop0p1__wd1e-04trmiss40_trlocglobal,57,0.6298450827598572,0.7057085037231445,0.4803312629399586,0.5029329424188375,0.45454545454545453,0.0,0.0,0.0,0.0,0.0,0.0,0.0,0.0,0.0,,,,,18473,global,0.4
1,5,lr1e-05_bs32_modL1_fusion16_fusionL1_fusionBN0_drop0p1__wd1e-04trmiss40_trlocglobal,32,1e-05,0.0001,1,16,1,False,0.1,lr1e-05_bs32_modL1_fusion16_fusionL1_fusionBN0_drop0p1__wd1e-04trmiss40_trlocglobal,58,0.6300381819407145,0.7057487368583679,0.4803312629399586,0.5029329424188375,0.45454545454545453,0.0,0.0,0.0,0.0,0.0,0.0,0.0,0.0,0.0,,,,,18473,global,0.4
1,5,lr1e-05_bs32_modL1_fusion16_fusionL1_fusionBN0_drop0p1__wd1e-04trmiss40_trlocglobal,32,1e-05,0.0001,1,16,1,False,0.1,lr1e-05_bs32_modL1_fusion16_fusionL1_fusionBN0_drop0p1__wd1e-04trmiss40_trlocglobal,59,0.6358400285243988,0.705817848443985,0.474120082815735,0.4990607188667479,0.45454545454545453,0.0,0.0,0.0,0.0,0.0,0.0,0.0,0.0,0.0,,,,,18473,global,0.4
1,5,lr1e-05_bs32_modL1_fusion16_fusionL1_fusionBN0_drop0p1__wd1e-04trmiss40_trlocglobal,32,1e-05,0.0001,1,16,1,False,0.1,lr1e-05_bs32_modL1_fusion16_fusionL1_fusionBN0_drop0p1__wd1e-04trmiss40_trlocglobal,60,0.630401223897934,0.7051062285900116,0.4803312629399586,0.5037317901938295,0.45454545454545453,0.0,0.0,0.0,0.0,0.0,0.0,0.0,0.0,0.0,,,,,18473,global,0.4
1,5,lr1e-05_bs32_modL1_fusion16_fusionL1_fusionBN0_drop0p1__wd1e-04trmiss40_trlocglobal,32,1e-05,0.0001,1,16,1,False,0.1,lr1e-05_bs32_modL1_fusion16_fusionL1_fusionBN0_drop0p1__wd1e-04trmiss40_trlocglobal,61,0.6345076362291971,0.7054340243339539,0.4782608695652174,0.501920195990931,0.45454545454545453,0.0,0.0,0.0,0.0,0.0,0.0,0.0,0.0,0.0,,,,,18473,global,0.4
1,5,lr1e-05_bs32_modL1_fusion16_fusionL1_fusionBN0_drop0p1__wd1e-04trmiss40_trlocglobal,32,1e-05,0.0001,1,16,1,False,0.1,lr1e-05_bs32_modL1_fusion16_fusionL1_fusionBN0_drop0p1__wd1e-04trmiss40_trlocglobal,62,0.6318004926045736,0.7054210901260376,0.4761904761904762,0.5004993377925792,0.45454545454545453,0.0,0.0,0.0,0.0,0.0,0.0,0.0,0.0,0.0,,,,,18473,global,0.4
1,5,lr1e-05_bs32_modL1_fusion16_fusionL1_fusionBN0_drop0p1__wd1e-04trmiss40_trlocglobal,32,1e-05,0.0001,1,16,1,False,0.1,lr1e-05_bs32_modL1_fusion16_fusionL1_fusionBN0_drop0p1__wd1e-04trmiss40_trlocglobal,63,0.6292881369590759,0.705620288848877,0.4782608695652174,0.501920195990931,0.45454545454545453,0.0,0.0,0.0,0.0,0.0,0.0,0.0,0.0,0.0,,,,,18473,global,0.4
1,5,lr1e-05_bs32_modL1_fusion16_fusionL1_fusionBN0_drop0p1__wd1e-04trmiss40_trlocglobal,32,1e-05,0.0001,1,16,1,False,0.1,lr1e-05_bs32_modL1_fusion16_fusionL1_fusionBN0_drop0p1__wd1e-04trmiss40_trlocglobal,64,0.6315381228923798,0.7051610946655273,0.4782608695652174,0.5021297725751879,0.45454545454545453,0.0,0.0,0.0,0.0,0.0,0.0,0.0,0.0,0.0,,,,,18473,global,0.4
1,5,lr1e-05_bs32_modL1_fusion16_fusionL1_fusionBN0_drop0p1__wd1e-04trmiss40_trlocglobal,32,1e-05,0.0001,1,16,1,False,0.1,lr1e-05_bs32_modL1_fusion16_fusionL1_fusionBN0_drop0p1__wd1e-04trmiss40_trlocglobal,65,0.6333896021048228,0.704958587884903,0.48033126293995865,0.5026834824312233,0.45454545454545453,0.0,0.0,0.0,0.0,0.0,0.0,0.0,0.0,0.0,,,,,18473,global,0.4
1,5,lr1e-05_bs32_modL1_fusion16_fusionL1_fusionBN0_drop0p1__wd1e-04trmiss40_trlocglobal,32,1e-05,0.0001,1,16,1,False,0.1,lr1e-05_bs32_modL1_fusion16_fusionL1_fusionBN0_drop0p1__wd1e-04trmiss40_trlocglobal,66,0.6292564272880554,0.7047365009784698,0.4824016563146998,0.5041043406295751,0.45454545454545453,0.0,0.0,0.0,0.0,0.0,0.0,0.0,0.0,0.0,,,,,18473,global,0.4
1,5,lr1e-05_bs32_modL1_fusion16_fusionL1_fusionBN0_drop0p1__wd1e-04trmiss40_trlocglobal,32,1e-05,0.0001,1,16,1,False,0.1,lr1e-05_bs32_modL1_fusion16_fusionL1_fusionBN0_drop0p1__wd1e-04trmiss40_trlocglobal,67,0.6356226801872253,0.7046662867069244,0.48240165631469983,0.5044950766341219,0.45454545454545453,0.0,0.0,0.0,0.0,0.0,0.0,0.0,0.0,0.0,,,,,18473,global,0.4
1,5,lr1e-05_bs32_modL1_fusion16_fusionL1_fusionBN0_drop0p1__wd1e-04trmiss40_trlocglobal,32,1e-05,0.0001,1,16,1,False,0.1,lr1e-05_bs32_modL1_fusion16_fusionL1_fusionBN0_drop0p1__wd1e-04trmiss40_trlocglobal,68,0.6319863597551981,0.7044859528541565,0.48240165631469983,0.504744536621736,0.4772727272727273,0.0,0.0,0.0,0.0,0.0,0.0,0.0,0.0,0.0,,,,,18473,global,0.4
1,5,lr1e-05_bs32_modL1_fusion16_fusionL1_fusionBN0_drop0p1__wd1e-04trmiss40_trlocglobal,32,1e-05,0.0001,1,16,1,False,0.1,lr1e-05_bs32_modL1_fusion16_fusionL1_fusionBN0_drop0p1__wd1e-04trmiss40_trlocglobal,69,0.6301528712113699,0.7048378884792328,0.4782608695652174,0.5021297725751879,0.45454545454545453,0.0,0.0,0.0,0.0,0.0,0.0,0.0,0.0,0.0,,,,,18473,global,0.4
1,5,lr1e-05_bs32_modL1_fusion16_fusionL1_fusionBN0_drop0p1__wd1e-04trmiss40_trlocglobal,32,1e-05,0.0001,1,16,1,False,0.1,lr1e-05_bs32_modL1_fusion16_fusionL1_fusionBN0_drop0p1__wd1e-04trmiss40_trlocglobal,70,0.6334585547447205,0.704966127872467,0.4824016563146998,0.5041043406295751,0.45454545454545453,0.0,0.0,0.0,0.0,0.0,0.0,0.0,0.0,0.0,,,,,18473,global,0.4
1,5,lr1e-05_bs32_modL1_fusion16_fusionL1_fusionBN0_drop0p1__wd1e-04trmiss40_trlocglobal,32,1e-05,0.0001,1,16,1,False,0.1,lr1e-05_bs32_modL1_fusion16_fusionL1_fusionBN0_drop0p1__wd1e-04trmiss40_trlocglobal,71,0.6240662535031637,0.705539733171463,0.4803312629399586,0.5024739058469664,0.45454545454545453,0.0,0.0,0.0,0.0,0.0,0.0,0.0,0.0,0.0,,,,,18473,global,0.4
1,5,lr1e-05_bs32_modL1_fusion16_fusionL1_fusionBN0_drop0p1__wd1e-04trmiss40_trlocglobal,32,1e-05,0.0001,1,16,1,False,0.1,lr1e-05_bs32_modL1_fusion16_fusionL1_fusionBN0_drop0p1__wd1e-04trmiss40_trlocglobal,72,0.6339080532391866,0.7051407992839813,0.4782608695652174,0.501920195990931,0.45454545454545453,0.0,0.0,0.0,0.0,0.0,0.0,0.0,0.0,0.0,,,,,18473,global,0.4
1,5,lr1e-05_bs32_modL1_fusion16_fusionL1_fusionBN0_drop0p1__wd1e-04trmiss40_trlocglobal,32,1e-05,0.0001,1,16,1,False,0.1,lr1e-05_bs32_modL1_fusion16_fusionL1_fusionBN0_drop0p1__wd1e-04trmiss40_trlocglobal,73,0.6377017597357432,0.7047110199928284,0.4844720496894411,0.507691417523022,0.45454545454545453,0.0,0.0,0.0,0.0,0.0,0.0,0.0,0.0,0.0,,,,,18473,global,0.4
1,5,lr1e-05_bs32_modL1_fusion16_fusionL1_fusionBN0_drop0p1__wd1e-04trmiss40_trlocglobal,32,1e-05,0.0001,1,16,1,False,0.1,lr1e-05_bs32_modL1_fusion16_fusionL1_fusionBN0_drop0p1__wd1e-04trmiss40_trlocglobal,74,0.6332293848196665,0.7047502994537354,0.4844720496894411,0.5067606485716581,0.45454545454545453,0.0,0.0,0.0,0.0,0.0,0.0,0.0,0.0,0.0,,,,,18473,global,0.4
1,5,lr1e-05_bs32_modL1_fusion16_fusionL1_fusionBN0_drop0p1__wd1e-04trmiss40_trlocglobal,32,1e-05,0.0001,1,16,1,False,0.1,lr1e-05_bs32_modL1_fusion16_fusionL1_fusionBN0_drop0p1__wd1e-04trmiss40_trlocglobal,75,0.6324610114097595,0.7049195766448975,0.4803312629399586,0.5035506307735397,0.45454545454545453,0.0,0.0,0.0,0.0,0.0,0.0,0.0,0.0,0.0,,,,,18473,global,0.4
1,5,lr1e-05_bs32_modL1_fusion16_fusionL1_fusionBN0_drop0p1__wd1e-04trmiss40_trlocglobal,32,1e-05,0.0001,1,16,1,False,0.1,lr1e-05_bs32_modL1_fusion16_fusionL1_fusionBN0_drop0p1__wd1e-04trmiss40_trlocglobal,76,0.6227060953776041,0.7048252522945404,0.4782608695652174,0.5021297725751879,0.45454545454545453,0.0,0.0,0.0,0.0,0.0,0.0,0.0,0.0,0.0,,,,,18473,global,0.4
1,5,lr1e-05_bs32_modL1_fusion16_fusionL1_fusionBN0_drop0p1__wd1e-04trmiss40_trlocglobal,32,1e-05,0.0001,1,16,1,False,0.1,lr1e-05_bs32_modL1_fusion16_fusionL1_fusionBN0_drop0p1__wd1e-04trmiss40_trlocglobal,77,0.6370056470235189,0.7049387097358704,0.4824016563146998,0.5041043406295751,0.45454545454545453,0.0,0.0,0.0,0.0,0.0,0.0,0.0,0.0,0.0,,,,,18473,global,0.4
1,5,lr1e-05_bs32_modL1_fusion16_fusionL1_fusionBN0_drop0p1__wd1e-04trmiss40_trlocglobal,32,1e-05,0.0001,1,16,1,False,0.1,lr1e-05_bs32_modL1_fusion16_fusionL1_fusionBN0_drop0p1__wd1e-04trmiss40_trlocglobal,78,0.6288238962491354,0.7049442529678345,0.4803312629399586,0.5033186195861509,0.45454545454545453,0.0,0.0,0.0,0.0,0.0,0.0,0.0,0.0,0.0,,,,,18473,global,0.4
1,5,lr1e-05_bs32_modL1_fusion16_fusionL1_fusionBN0_drop0p1__wd1e-04trmiss40_trlocglobal,32,1e-05,0.0001,1,16,1,False,0.1,lr1e-05_bs32_modL1_fusion16_fusionL1_fusionBN0_drop0p1__wd1e-04trmiss40_trlocglobal,79,0.6254924535751343,0.7047451734542847,0.484472049689441,0.5063220520804301,0.45454545454545453,0.0,0.0,0.0,0.0,0.0,0.0,0.0,0.0,0.0,,,,,18473,global,0.4
1,5,lr1e-05_bs32_modL1_fusion16_fusionL1_fusionBN0_drop0p1__wd1e-04trmiss40_trlocglobal,32,1e-05,0.0001,1,16,1,False,0.1,lr1e-05_bs32_modL1_fusion16_fusionL1_fusionBN0_drop0p1__wd1e-04trmiss40_trlocglobal,80,0.6328988671302795,0.704875648021698,0.484472049689441,0.5052453271538568,0.45454545454545453,0.0,0.0,0.0,0.0,0.0,0.0,0.0,0.0,0.0,,,,,18473,global,0.4
1,5,lr1e-05_bs32_modL1_fusion32_fusionL1_fusionBN0_drop0p2__wd1e-04trmiss40_trlocglobal,32,1e-05,0.0001,1,32,1,False,0.2,lr1e-05_bs32_modL1_fusion32_fusionL1_fusionBN0_drop0p2__wd1e-04trmiss40_trlocglobal,1,0.7080389658610026,0.7014097571372986,0.33126293995859213,0.4719106900480673,0.3409090909090909,0.0,0.0,0.0,0.0,0.0,0.0,0.0,0.0,0.0,,,,,18473,global,0.4
1,5,lr1e-05_bs32_modL1_fusion32_fusionL1_fusionBN0_drop0p2__wd1e-04trmiss40_trlocglobal,32,1e-05,0.0001,1,32,1,False,0.2,lr1e-05_bs32_modL1_fusion32_fusionL1_fusionBN0_drop0p2__wd1e-04trmiss40_trlocglobal,2,0.7009901603062948,0.7023823857307434,0.33540372670807456,0.4765913967495709,0.3409090909090909,0.0,0.0,0.0,0.0,0.0,0.0,0.0,0.0,0.0,,,,,18473,global,0.4
1,5,lr1e-05_bs32_modL1_fusion32_fusionL1_fusionBN0_drop0p2__wd1e-04trmiss40_trlocglobal,32,1e-05,0.0001,1,32,1,False,0.2,lr1e-05_bs32_modL1_fusion32_fusionL1_fusionBN0_drop0p2__wd1e-04trmiss40_trlocglobal,3,0.7035802106062571,0.70355224609375,0.33540372670807456,0.4712484059719657,0.3181818181818182,0.0,0.0,0.0,0.0,0.0,0.0,0.0,0.0,0.0,,,,,18473,global,0.4
1,5,lr1e-05_bs32_modL1_fusion32_fusionL1_fusionBN0_drop0p2__wd1e-04trmiss40_trlocglobal,32,1e-05,0.0001,1,32,1,False,0.2,lr1e-05_bs32_modL1_fusion32_fusionL1_fusionBN0_drop0p2__wd1e-04trmiss40_trlocglobal,4,0.6963723401228586,0.7046910226345062,0.339544513457557,0.4723191826661439,0.3181818181818182,0.0,0.0,0.0,0.0,0.0,0.0,0.0,0.0,0.0,,,,,18473,global,0.4
1,5,lr1e-05_bs32_modL1_fusion32_fusionL1_fusionBN0_drop0p2__wd1e-04trmiss40_trlocglobal,32,1e-05,0.0001,1,32,1,False,0.2,lr1e-05_bs32_modL1_fusion32_fusionL1_fusionBN0_drop0p2__wd1e-04trmiss40_trlocglobal,5,0.6932058731714884,0.7050086855888367,0.339544513457557,0.48007224115449654,0.3181818181818182,0.0,0.0,0.0,0.0,0.0,0.0,0.0,0.0,0.0,,,,,18473,global,0.4
1,5,lr1e-05_bs32_modL1_fusion32_fusionL1_fusionBN0_drop0p2__wd1e-04trmiss40_trlocglobal,32,1e-05,0.0001,1,32,1,False,0.2,lr1e-05_bs32_modL1_fusion32_fusionL1_fusionBN0_drop0p2__wd1e-04trmiss40_trlocglobal,6,0.6937473913033804,0.70539590716362,0.33126293995859213,0.4770684096465585,0.3181818181818182,0.0,0.0,0.0,0.0,0.0,0.0,0.0,0.0,0.0,,,,,18473,global,0.4
1,5,lr1e-05_bs32_modL1_fusion32_fusionL1_fusionBN0_drop0p2__wd1e-04trmiss40_trlocglobal,32,1e-05,0.0001,1,32,1,False,0.2,lr1e-05_bs32_modL1_fusion32_fusionL1_fusionBN0_drop0p2__wd1e-04trmiss40_trlocglobal,7,0.6915439267953237,0.7056589424610138,0.33333333333333337,0.4782429316330429,0.3181818181818182,0.0,0.0,0.0,0.0,0.0,0.0,0.0,0.0,0.0,,,,,18473,global,0.4
1,5,lr1e-05_bs32_modL1_fusion32_fusionL1_fusionBN0_drop0p2__wd1e-04trmiss40_trlocglobal,32,1e-05,0.0001,1,32,1,False,0.2,lr1e-05_bs32_modL1_fusion32_fusionL1_fusionBN0_drop0p2__wd1e-04trmiss40_trlocglobal,8,0.6894118289152781,0.7057367861270905,0.32919254658385094,0.4744398293644675,0.3409090909090909,0.0,0.0,0.0,0.0,0.0,0.0,0.0,0.0,0.0,,,,,18473,global,0.4
1,5,lr1e-05_bs32_modL1_fusion32_fusionL1_fusionBN0_drop0p2__wd1e-04trmiss40_trlocglobal,32,1e-05,0.0001,1,32,1,False,0.2,lr1e-05_bs32_modL1_fusion32_fusionL1_fusionBN0_drop0p2__wd1e-04trmiss40_trlocglobal,9,0.6838034689426422,0.7054091691970825,0.33747412008281574,0.4770848993370632,0.3409090909090909,0.0,0.0,0.0,0.0,0.0,0.0,0.0,0.0,0.0,,,,,18473,global,0.4
1,5,lr1e-05_bs32_modL1_fusion32_fusionL1_fusionBN0_drop0p2__wd1e-04trmiss40_trlocglobal,32,1e-05,0.0001,1,32,1,False,0.2,lr1e-05_bs32_modL1_fusion32_fusionL1_fusionBN0_drop0p2__wd1e-04trmiss40_trlocglobal,10,0.6835855642954508,0.7053263187408447,0.33747412008281574,0.47749948281011745,0.3409090909090909,0.0,0.0,0.0,0.0,0.0,0.0,0.0,0.0,0.0,,,,,18473,global,0.4
1,5,lr1e-05_bs32_modL1_fusion32_fusionL1_fusionBN0_drop0p2__wd1e-04trmiss40_trlocglobal,32,1e-05,0.0001,1,32,1,False,0.2,lr1e-05_bs32_modL1_fusion32_fusionL1_fusionBN0_drop0p2__wd1e-04trmiss40_trlocglobal,11,0.6811476250489553,0.7045816779136658,0.3498964803312629,0.48613902603824877,0.38636363636363635,0.0,0.0,0.0,0.0,0.0,0.0,0.0,0.0,0.0,,,,,18473,global,0.4
1,5,lr1e-05_bs32_modL1_fusion32_fusionL1_fusionBN0_drop0p2__wd1e-04trmiss40_trlocglobal,32,1e-05,0.0001,1,32,1,False,0.2,lr1e-05_bs32_modL1_fusion32_fusionL1_fusionBN0_drop0p2__wd1e-04trmiss40_trlocglobal,12,0.6836985945701599,0.7042779624462128,0.35196687370600416,0.48789626846265766,0.38636363636363635,0.0,0.0,0.0,0.0,0.0,0.0,0.0,0.0,0.0,,,,,18473,global,0.4
1,5,lr1e-05_bs32_modL1_fusion32_fusionL1_fusionBN0_drop0p2__wd1e-04trmiss40_trlocglobal,32,1e-05,0.0001,1,32,1,False,0.2,lr1e-05_bs32_modL1_fusion32_fusionL1_fusionBN0_drop0p2__wd1e-04trmiss40_trlocglobal,13,0.6766873200734457,0.7038540542125702,0.34782608695652173,0.48203337039806626,0.38636363636363635,0.0,0.0,0.0,0.0,0.0,0.0,0.0,0.0,0.0,,,,,18473,global,0.4
1,5,lr1e-05_bs32_modL1_fusion32_fusionL1_fusionBN0_drop0p2__wd1e-04trmiss40_trlocglobal,32,1e-05,0.0001,1,32,1,False,0.2,lr1e-05_bs32_modL1_fusion32_fusionL1_fusionBN0_drop0p2__wd1e-04trmiss40_trlocglobal,14,0.679823249578476,0.7035867273807526,0.35196687370600416,0.4904711829351704,0.38636363636363635,0.0,0.0,0.0,0.0,0.0,0.0,0.0,0.0,0.0,,,,,18473,global,0.4
1,5,lr1e-05_bs32_modL1_fusion32_fusionL1_fusionBN0_drop0p2__wd1e-04trmiss40_trlocglobal,32,1e-05,0.0001,1,32,1,False,0.2,lr1e-05_bs32_modL1_fusion32_fusionL1_fusionBN0_drop0p2__wd1e-04trmiss40_trlocglobal,15,0.6729020078976949,0.70362588763237,0.3540372670807454,0.4909307028815314,0.38636363636363635,0.0,0.0,0.0,0.0,0.0,0.0,0.0,0.0,0.0,,,,,18473,global,0.4
1,5,lr1e-05_bs32_modL1_fusion32_fusionL1_fusionBN0_drop0p2__wd1e-04trmiss40_trlocglobal,32,1e-05,0.0001,1,32,1,False,0.2,lr1e-05_bs32_modL1_fusion32_fusionL1_fusionBN0_drop0p2__wd1e-04trmiss40_trlocglobal,16,0.6803394754727682,0.7034929394721985,0.3561076604554866,0.48819490723725045,0.4090909090909091,0.0,0.0,0.0,0.0,0.0,0.0,0.0,0.0,0.0,,,,,18473,global,0.4
1,5,lr1e-05_bs32_modL1_fusion32_fusionL1_fusionBN0_drop0p2__wd1e-04trmiss40_trlocglobal,32,1e-05,0.0001,1,32,1,False,0.2,lr1e-05_bs32_modL1_fusion32_fusionL1_fusionBN0_drop0p2__wd1e-04trmiss40_trlocglobal,17,0.6757551829020182,0.7033286392688751,0.35196687370600416,0.48602855057600886,0.4090909090909091,0.0,0.0,0.0,0.0,0.0,0.0,0.0,0.0,0.0,,,,,18473,global,0.4
1,5,lr1e-05_bs32_modL1_fusion32_fusionL1_fusionBN0_drop0p2__wd1e-04trmiss40_trlocglobal,32,1e-05,0.0001,1,32,1,False,0.2,lr1e-05_bs32_modL1_fusion32_fusionL1_fusionBN0_drop0p2__wd1e-04trmiss40_trlocglobal,18,0.6721417903900146,0.7032204866409302,0.34782608695652173,0.48466167353066053,0.38636363636363635,0.0,0.0,0.0,0.0,0.0,0.0,0.0,0.0,0.0,,,,,18473,global,0.4
1,5,lr1e-05_bs32_modL1_fusion32_fusionL1_fusionBN0_drop0p2__wd1e-04trmiss40_trlocglobal,32,1e-05,0.0001,1,32,1,False,0.2,lr1e-05_bs32_modL1_fusion32_fusionL1_fusionBN0_drop0p2__wd1e-04trmiss40_trlocglobal,19,0.681831439336141,0.703035831451416,0.35196687370600416,0.4893407625575757,0.38636363636363635,0.0,0.0,0.0,0.0,0.0,0.0,0.0,0.0,0.0,,,,,18473,global,0.4
1,5,lr1e-05_bs32_modL1_fusion32_fusionL1_fusionBN0_drop0p2__wd1e-04trmiss40_trlocglobal,32,1e-05,0.0001,1,32,1,False,0.2,lr1e-05_bs32_modL1_fusion32_fusionL1_fusionBN0_drop0p2__wd1e-04trmiss40_trlocglobal,20,0.6772482494513193,0.7033481299877167,0.34989648033126297,0.4885436611083003,0.36363636363636365,0.0,0.0,0.0,0.0,0.0,0.0,0.0,0.0,0.0,,,,,18473,global,0.4
1,5,lr1e-05_bs32_modL1_fusion32_fusionL1_fusionBN0_drop0p2__wd1e-04trmiss40_trlocglobal,32,1e-05,0.0001,1,32,1,False,0.2,lr1e-05_bs32_modL1_fusion32_fusionL1_fusionBN0_drop0p2__wd1e-04trmiss40_trlocglobal,21,0.6746900578339895,0.7035079598426819,0.34575569358178054,0.482989432727985,0.36363636363636365,0.0,0.0,0.0,0.0,0.0,0.0,0.0,0.0,0.0,,,,,18473,global,0.4
1,5,lr1e-05_bs32_modL1_fusion32_fusionL1_fusionBN0_drop0p2__wd1e-04trmiss40_trlocglobal,32,1e-05,0.0001,1,32,1,False,0.2,lr1e-05_bs32_modL1_fusion32_fusionL1_fusionBN0_drop0p2__wd1e-04trmiss40_trlocglobal,22,0.6681810220082601,0.7036635875701904,0.3478260869565218,0.4831004279739732,0.4090909090909091,0.0,0.0,0.0,0.0,0.0,0.0,0.0,0.0,0.0,,,,,18473,global,0.4
1,5,lr1e-05_bs32_modL1_fusion32_fusionL1_fusionBN0_drop0p2__wd1e-04trmiss40_trlocglobal,32,1e-05,0.0001,1,32,1,False,0.2,lr1e-05_bs32_modL1_fusion32_fusionL1_fusionBN0_drop0p2__wd1e-04trmiss40_trlocglobal,23,0.6752596398194631,0.7038615047931671,0.34989648033126297,0.4841356246613438,0.38636363636363635,0.0,0.0,0.0,0.0,0.0,0.0,0.0,0.0,0.0,,,,,18473,global,0.4
1,5,lr1e-05_bs32_modL1_fusion32_fusionL1_fusionBN0_drop0p2__wd1e-04trmiss40_trlocglobal,32,1e-05,0.0001,1,32,1,False,0.2,lr1e-05_bs32_modL1_fusion32_fusionL1_fusionBN0_drop0p2__wd1e-04trmiss40_trlocglobal,24,0.657668948173523,0.703936368227005,0.34161490683229817,0.4778507141036555,0.38636363636363635,0.0,0.0,0.0,0.0,0.0,0.0,0.0,0.0,0.0,,,,,18473,global,0.4
1,5,lr1e-05_bs32_modL1_fusion32_fusionL1_fusionBN0_drop0p2__wd1e-04trmiss40_trlocglobal,32,1e-05,0.0001,1,32,1,False,0.2,lr1e-05_bs32_modL1_fusion32_fusionL1_fusionBN0_drop0p2__wd1e-04trmiss40_trlocglobal,25,0.6672239402929941,0.7038619518280029,0.34161490683229817,0.4799383607565195,0.38636363636363635,0.0,0.0,0.0,0.0,0.0,0.0,0.0,0.0,0.0,,,,,18473,global,0.4
1,5,lr1e-05_bs32_modL1_fusion32_fusionL1_fusionBN0_drop0p2__wd1e-04trmiss40_trlocglobal,32,1e-05,0.0001,1,32,1,False,0.2,lr1e-05_bs32_modL1_fusion32_fusionL1_fusionBN0_drop0p2__wd1e-04trmiss40_trlocglobal,26,0.6683282454808553,0.7034521996974945,0.34161490683229817,0.48303269868072507,0.38636363636363635,0.0,0.0,0.0,0.0,0.0,0.0,0.0,0.0,0.0,,,,,18473,global,0.4
1,5,lr1e-05_bs32_modL1_fusion32_fusionL1_fusionBN0_drop0p2__wd1e-04trmiss40_trlocglobal,32,1e-05,0.0001,1,32,1,False,0.2,lr1e-05_bs32_modL1_fusion32_fusionL1_fusionBN0_drop0p2__wd1e-04trmiss40_trlocglobal,27,0.6652206579844157,0.7033172249794006,0.34161490683229817,0.48303269868072507,0.38636363636363635,0.0,0.0,0.0,0.0,0.0,0.0,0.0,0.0,0.0,,,,,18473,global,0.4
1,5,lr1e-05_bs32_modL1_fusion32_fusionL1_fusionBN0_drop0p2__wd1e-04trmiss40_trlocglobal,32,1e-05,0.0001,1,32,1,False,0.2,lr1e-05_bs32_modL1_fusion32_fusionL1_fusionBN0_drop0p2__wd1e-04trmiss40_trlocglobal,28,0.6598931153615316,0.7032992243766785,0.339544513457557,0.4794226578264388,0.38636363636363635,0.0,0.0,0.0,0.0,0.0,0.0,0.0,0.0,0.0,,,,,18473,global,0.4
1,5,lr1e-05_bs32_modL1_fusion32_fusionL1_fusionBN0_drop0p2__wd1e-04trmiss40_trlocglobal,32,1e-05,0.0001,1,32,1,False,0.2,lr1e-05_bs32_modL1_fusion32_fusionL1_fusionBN0_drop0p2__wd1e-04trmiss40_trlocglobal,29,0.6666381855805715,0.7032193541526794,0.33747412008281574,0.4815142813114559,0.38636363636363635,0.0,0.0,0.0,0.0,0.0,0.0,0.0,0.0,0.0,,,,,18473,global,0.4
1,5,lr1e-05_bs32_modL1_fusion32_fusionL1_fusionBN0_drop0p2__wd1e-04trmiss40_trlocglobal,32,1e-05,0.0001,1,32,1,False,0.2,lr1e-05_bs32_modL1_fusion32_fusionL1_fusionBN0_drop0p2__wd1e-04trmiss40_trlocglobal,30,0.6596366465091705,0.7033480405807495,0.34161490683229817,0.48346247592587177,0.38636363636363635,0.0,0.0,0.0,0.0,0.0,0.0,0.0,0.0,0.0,,,,,18473,global,0.4
1,5,lr1e-05_bs32_modL1_fusion32_fusionL1_fusionBN0_drop0p2__wd1e-04trmiss40_trlocglobal,32,1e-05,0.0001,1,32,1,False,0.2,lr1e-05_bs32_modL1_fusion32_fusionL1_fusionBN0_drop0p2__wd1e-04trmiss40_trlocglobal,31,0.6564282476902008,0.7031195163726807,0.339544513457557,0.4826891471752273,0.38636363636363635,0.0,0.0,0.0,0.0,0.0,0.0,0.0,0.0,0.0,,,,,18473,global,0.4
1,5,lr1e-05_bs32_modL1_fusion32_fusionL1_fusionBN0_drop0p2__wd1e-04trmiss40_trlocglobal,32,1e-05,0.0001,1,32,1,False,0.2,lr1e-05_bs32_modL1_fusion32_fusionL1_fusionBN0_drop0p2__wd1e-04trmiss40_trlocglobal,32,0.6654752890268961,0.7032712996006012,0.339544513457557,0.4826891471752273,0.38636363636363635,0.0,0.0,0.0,0.0,0.0,0.0,0.0,0.0,0.0,,,,,18473,global,0.4
1,5,lr1e-05_bs32_modL1_fusion32_fusionL1_fusionBN0_drop0p2__wd1e-04trmiss40_trlocglobal,32,1e-05,0.0001,1,32,1,False,0.2,lr1e-05_bs32_modL1_fusion32_fusionL1_fusionBN0_drop0p2__wd1e-04trmiss40_trlocglobal,33,0.6587226390838623,0.7032353579998016,0.34161490683229817,0.48320674551891263,0.38636363636363635,0.0,0.0,0.0,0.0,0.0,0.0,0.0,0.0,0.0,,,,,18473,global,0.4
1,5,lr1e-05_bs32_modL1_fusion32_fusionL1_fusionBN0_drop0p2__wd1e-04trmiss40_trlocglobal,32,1e-05,0.0001,1,32,1,False,0.2,lr1e-05_bs32_modL1_fusion32_fusionL1_fusionBN0_drop0p2__wd1e-04trmiss40_trlocglobal,34,0.6588064134120941,0.7029924094676971,0.34368530020703936,0.48447942850515063,0.36363636363636365,0.0,0.0,0.0,0.0,0.0,0.0,0.0,0.0,0.0,,,,,18473,global,0.4
1,5,lr1e-05_bs32_modL1_fusion32_fusionL1_fusionBN0_drop0p2__wd1e-04trmiss40_trlocglobal,32,1e-05,0.0001,1,32,1,False,0.2,lr1e-05_bs32_modL1_fusion32_fusionL1_fusionBN0_drop0p2__wd1e-04trmiss40_trlocglobal,35,0.6599863171577454,0.7026806473731995,0.34368530020703936,0.5056705136348547,0.36363636363636365,0.0,0.0,0.0,0.0,0.0,0.0,0.0,0.0,0.0,,,,,18473,global,0.4
1,5,lr1e-05_bs32_modL1_fusion32_fusionL1_fusionBN0_drop0p2__wd1e-04trmiss40_trlocglobal,32,1e-05,0.0001,1,32,1,False,0.2,lr1e-05_bs32_modL1_fusion32_fusionL1_fusionBN0_drop0p2__wd1e-04trmiss40_trlocglobal,36,0.6590993901093801,0.7025295197963715,0.34161490683229817,0.5111734012887721,0.36363636363636365,0.0,0.0,0.0,0.0,0.0,0.0,0.0,0.0,0.0,,,,,18473,global,0.4
1,5,lr1e-05_bs32_modL1_fusion32_fusionL1_fusionBN0_drop0p1__wd1e-04trmiss40_trlocglobal,32,1e-05,0.0001,1,32,1,False,0.1,lr1e-05_bs32_modL1_fusion32_fusionL1_fusionBN0_drop0p1__wd1e-04trmiss40_trlocglobal,1,0.709631105264028,0.6925301849842072,0.5693581780538303,0.579999940351758,0.4772727272727273,0.0,0.0,0.0,0.0,0.0,0.0,0.0,0.0,0.0,,,,,18473,global,0.4
1,5,lr1e-05_bs32_modL1_fusion32_fusionL1_fusionBN0_drop0p1__wd1e-04trmiss40_trlocglobal,32,1e-05,0.0001,1,32,1,False,0.1,lr1e-05_bs32_modL1_fusion32_fusionL1_fusionBN0_drop0p1__wd1e-04trmiss40_trlocglobal,2,0.7099104523658752,0.6910600960254669,0.5817805383022775,0.6124713150040086,0.4772727272727273,0.0,0.0,0.0,0.0,0.0,0.0,0.0,0.0,0.0,,,,,18473,global,0.4
1,5,lr1e-05_bs32_modL1_fusion32_fusionL1_fusionBN0_drop0p1__wd1e-04trmiss40_trlocglobal,32,1e-05,0.0001,1,32,1,False,0.1,lr1e-05_bs32_modL1_fusion32_fusionL1_fusionBN0_drop0p1__wd1e-04trmiss40_trlocglobal,3,0.705162247021993,0.689996063709259,0.5797101449275363,0.610474893973548,0.4772727272727273,0.0,0.0,0.0,0.0,0.0,0.0,0.0,0.0,0.0,,,,,18473,global,0.4
1,5,lr1e-05_bs32_modL1_fusion32_fusionL1_fusionBN0_drop0p1__wd1e-04trmiss40_trlocglobal,32,1e-05,0.0001,1,32,1,False,0.1,lr1e-05_bs32_modL1_fusion32_fusionL1_fusionBN0_drop0p1__wd1e-04trmiss40_trlocglobal,4,0.70282510916392,0.6894182860851288,0.567287784679089,0.6166415155611915,0.4772727272727273,0.0,0.0,0.0,0.0,0.0,0.0,0.0,0.0,0.0,,,,,18473,global,0.4
1,5,lr1e-05_bs32_modL1_fusion32_fusionL1_fusionBN0_drop0p1__wd1e-04trmiss40_trlocglobal,32,1e-05,0.0001,1,32,1,False,0.1,lr1e-05_bs32_modL1_fusion32_fusionL1_fusionBN0_drop0p1__wd1e-04trmiss40_trlocglobal,5,0.6957956850528717,0.6891902685165405,0.577639751552795,0.6312848905119076,0.4772727272727273,0.0,0.0,0.0,0.0,0.0,0.0,0.0,0.0,0.0,,,,,18473,global,0.4
1,5,lr1e-05_bs32_modL1_fusion32_fusionL1_fusionBN0_drop0p1__wd1e-04trmiss40_trlocglobal,32,1e-05,0.0001,1,32,1,False,0.1,lr1e-05_bs32_modL1_fusion32_fusionL1_fusionBN0_drop0p1__wd1e-04trmiss40_trlocglobal,6,0.7035320301850637,0.6887986063957214,0.5714285714285714,0.6284914279358363,0.5,0.0,0.0,0.0,0.0,0.0,0.0,0.0,0.0,0.0,,,,,18473,global,0.4
1,5,lr1e-05_bs32_modL1_fusion32_fusionL1_fusionBN0_drop0p1__wd1e-04trmiss40_trlocglobal,32,1e-05,0.0001,1,32,1,False,0.1,lr1e-05_bs32_modL1_fusion32_fusionL1_fusionBN0_drop0p1__wd1e-04trmiss40_trlocglobal,7,0.69781627257665,0.6886358261108398,0.5693581780538303,0.6258908779760785,0.5,0.0,0.0,0.0,0.0,0.0,0.0,0.0,0.0,0.0,,,,,18473,global,0.4
1,5,lr1e-05_bs32_modL1_fusion32_fusionL1_fusionBN0_drop0p1__wd1e-04trmiss40_trlocglobal,32,1e-05,0.0001,1,32,1,False,0.1,lr1e-05_bs32_modL1_fusion32_fusionL1_fusionBN0_drop0p1__wd1e-04trmiss40_trlocglobal,8,0.6901722153027853,0.688630998134613,0.5714285714285714,0.6260559748904014,0.5,0.0,0.0,0.0,0.0,0.0,0.0,0.0,0.0,0.0,,,,,18473,global,0.4
1,5,lr1e-05_bs32_modL1_fusion32_fusionL1_fusionBN0_drop0p1__wd1e-04trmiss40_trlocglobal,32,1e-05,0.0001,1,32,1,False,0.1,lr1e-05_bs32_modL1_fusion32_fusionL1_fusionBN0_drop0p1__wd1e-04trmiss40_trlocglobal,9,0.6898409028848013,0.6885204315185547,0.5734989648033126,0.627213105632082,0.5,0.0,0.0,0.0,0.0,0.0,0.0,0.0,0.0,0.0,,,,,18473,global,0.4
1,5,lr1e-05_bs32_modL1_fusion32_fusionL1_fusionBN0_drop0p1__wd1e-04trmiss40_trlocglobal,32,1e-05,0.0001,1,32,1,False,0.1,lr1e-05_bs32_modL1_fusion32_fusionL1_fusionBN0_drop0p1__wd1e-04trmiss40_trlocglobal,10,0.6960609257221222,0.6882284581661224,0.5755693581780539,0.6282040631447786,0.5,0.0,0.0,0.0,0.0,0.0,0.0,0.0,0.0,0.0,,,,,18473,global,0.4
1,5,lr1e-05_bs32_modL1_fusion32_fusionL1_fusionBN0_drop0p1__wd1e-04trmiss40_trlocglobal,32,1e-05,0.0001,1,32,1,False,0.1,lr1e-05_bs32_modL1_fusion32_fusionL1_fusionBN0_drop0p1__wd1e-04trmiss40_trlocglobal,11,0.6906006435553232,0.6885407865047455,0.5714285714285714,0.6158175366278174,0.5,0.0,0.0,0.0,0.0,0.0,0.0,0.0,0.0,0.0,,,,,18473,global,0.4
1,5,lr1e-05_bs32_modL1_fusion32_fusionL1_fusionBN0_drop0p1__wd1e-04trmiss40_trlocglobal,32,1e-05,0.0001,1,32,1,False,0.1,lr1e-05_bs32_modL1_fusion32_fusionL1_fusionBN0_drop0p1__wd1e-04trmiss40_trlocglobal,12,0.6891337136427561,0.6882105767726898,0.5693581780538302,0.6157989897061236,0.5,0.0,0.0,0.0,0.0,0.0,0.0,0.0,0.0,0.0,,,,,18473,global,0.4
1,5,lr1e-05_bs32_modL1_fusion32_fusionL1_fusionBN0_drop0p1__wd1e-04trmiss40_trlocglobal,32,1e-05,0.0001,1,32,1,False,0.1,lr1e-05_bs32_modL1_fusion32_fusionL1_fusionBN0_drop0p1__wd1e-04trmiss40_trlocglobal,13,0.6807886958122253,0.6877611875534058,0.5797101449275361,0.6221134146628259,0.5,0.0,0.0,0.0,0.0,0.0,0.0,0.0,0.0,0.0,,,,,18473,global,0.4
1,5,lr1e-05_bs32_modL1_fusion32_fusionL1_fusionBN0_drop0p1__wd1e-04trmiss40_trlocglobal,32,1e-05,0.0001,1,32,1,False,0.1,lr1e-05_bs32_modL1_fusion32_fusionL1_fusionBN0_drop0p1__wd1e-04trmiss40_trlocglobal,14,0.685083657503128,0.6874090135097504,0.5817805383022774,0.62240048663182,0.5,0.0,0.0,0.0,0.0,0.0,0.0,0.0,0.0,0.0,,,,,18473,global,0.4
1,5,lr1e-05_bs32_modL1_fusion32_fusionL1_fusionBN0_drop0p1__wd1e-04trmiss40_trlocglobal,32,1e-05,0.0001,1,32,1,False,0.1,lr1e-05_bs32_modL1_fusion32_fusionL1_fusionBN0_drop0p1__wd1e-04trmiss40_trlocglobal,15,0.6870153148969015,0.6875454783439636,0.5838509316770186,0.6200722461127058,0.5,0.0,0.0,0.0,0.0,0.0,0.0,0.0,0.0,0.0,,,,,18473,global,0.4
1,5,lr1e-05_bs32_modL1_fusion32_fusionL1_fusionBN0_drop0p1__wd1e-04trmiss40_trlocglobal,32,1e-05,0.0001,1,32,1,False,0.1,lr1e-05_bs32_modL1_fusion32_fusionL1_fusionBN0_drop0p1__wd1e-04trmiss40_trlocglobal,16,0.6801921427249908,0.6871978640556335,0.5838509316770186,0.6176945850501991,0.5,0.0,0.0,0.0,0.0,0.0,0.0,0.0,0.0,0.0,,,,,18473,global,0.4
1,5,lr1e-05_bs32_modL1_fusion32_fusionL1_fusionBN0_drop0p1__wd1e-04trmiss40_trlocglobal,32,1e-05,0.0001,1,32,1,False,0.1,lr1e-05_bs32_modL1_fusion32_fusionL1_fusionBN0_drop0p1__wd1e-04trmiss40_trlocglobal,17,0.6813682913780212,0.6869824230670929,0.5900621118012422,0.6199804434080215,0.5227272727272727,0.0,0.0,0.0,0.0,0.0,0.0,0.0,0.0,0.0,,,,,18473,global,0.4
1,5,lr1e-05_bs32_modL1_fusion32_fusionL1_fusionBN0_drop0p1__wd1e-04trmiss40_trlocglobal,32,1e-05,0.0001,1,32,1,False,0.1,lr1e-05_bs32_modL1_fusion32_fusionL1_fusionBN0_drop0p1__wd1e-04trmiss40_trlocglobal,18,0.6804876923561096,0.6866808831691742,0.5900621118012422,0.6212226694478488,0.5227272727272727,0.0,0.0,0.0,0.0,0.0,0.0,0.0,0.0,0.0,,,,,18473,global,0.4
1,5,lr1e-05_bs32_modL1_fusion32_fusionL1_fusionBN0_drop0p1__wd1e-04trmiss40_trlocglobal,32,1e-05,0.0001,1,32,1,False,0.1,lr1e-05_bs32_modL1_fusion32_fusionL1_fusionBN0_drop0p1__wd1e-04trmiss40_trlocglobal,19,0.679781566063563,0.6862457692623138,0.5900621118012421,0.6220611186965441,0.5227272727272727,0.0,0.0,0.0,0.0,0.0,0.0,0.0,0.0,0.0,,,,,18473,global,0.4
1,5,lr1e-05_bs32_modL1_fusion32_fusionL1_fusionBN0_drop0p1__wd1e-04trmiss40_trlocglobal,32,1e-05,0.0001,1,32,1,False,0.1,lr1e-05_bs32_modL1_fusion32_fusionL1_fusionBN0_drop0p1__wd1e-04trmiss40_trlocglobal,20,0.6821974714597067,0.6865403652191162,0.5921325051759834,0.62326407453088,0.5,0.0,0.0,0.0,0.0,0.0,0.0,0.0,0.0,0.0,,,,,18473,global,0.4
1,5,lr1e-05_bs32_modL1_fusion32_fusionL1_fusionBN0_drop0p1__wd1e-04trmiss40_trlocglobal,32,1e-05,0.0001,1,32,1,False,0.1,lr1e-05_bs32_modL1_fusion32_fusionL1_fusionBN0_drop0p1__wd1e-04trmiss40_trlocglobal,21,0.6785299678643545,0.6864139437675476,0.587991718426501,0.6215033849459556,0.5,0.0,0.0,0.0,0.0,0.0,0.0,0.0,0.0,0.0,,,,,18473,global,0.4
1,5,lr1e-05_bs32_modL1_fusion32_fusionL1_fusionBN0_drop0p1__wd1e-04trmiss40_trlocglobal,32,1e-05,0.0001,1,32,1,False,0.1,lr1e-05_bs32_modL1_fusion32_fusionL1_fusionBN0_drop0p1__wd1e-04trmiss40_trlocglobal,22,0.6738901833693186,0.68595752120018,0.6024844720496894,0.6274927911945835,0.5,0.0,0.0,0.0,0.0,0.0,0.0,0.0,0.0,0.0,,,,,18473,global,0.4
1,5,lr1e-05_bs32_modL1_fusion32_fusionL1_fusionBN0_drop0p1__wd1e-04trmiss40_trlocglobal,32,1e-05,0.0001,1,32,1,False,0.1,lr1e-05_bs32_modL1_fusion32_fusionL1_fusionBN0_drop0p1__wd1e-04trmiss40_trlocglobal,23,0.675660659869512,0.6862192749977112,0.6004140786749483,0.6285972114435519,0.5,0.0,0.0,0.0,0.0,0.0,0.0,0.0,0.0,0.0,,,,,18473,global,0.4
1,5,lr1e-05_bs32_modL1_fusion32_fusionL1_fusionBN0_drop0p1__wd1e-04trmiss40_trlocglobal,32,1e-05,0.0001,1,32,1,False,0.1,lr1e-05_bs32_modL1_fusion32_fusionL1_fusionBN0_drop0p1__wd1e-04trmiss40_trlocglobal,24,0.6753137608369192,0.6861109137535095,0.6004140786749482,0.6292654614315775,0.5,0.0,0.0,0.0,0.0,0.0,0.0,0.0,0.0,0.0,,,,,18473,global,0.4
1,5,lr1e-05_bs32_modL1_fusion32_fusionL1_fusionBN0_drop0p1__wd1e-04trmiss40_trlocglobal,32,1e-05,0.0001,1,32,1,False,0.1,lr1e-05_bs32_modL1_fusion32_fusionL1_fusionBN0_drop0p1__wd1e-04trmiss40_trlocglobal,25,0.6714813709259033,0.6862664818763733,0.5942028985507246,0.619977070057119,0.5,0.0,0.0,0.0,0.0,0.0,0.0,0.0,0.0,0.0,,,,,18473,global,0.4
1,5,lr1e-05_bs32_modL1_fusion32_fusionL1_fusionBN0_drop0p1__wd1e-04trmiss40_trlocglobal,32,1e-05,0.0001,1,32,1,False,0.1,lr1e-05_bs32_modL1_fusion32_fusionL1_fusionBN0_drop0p1__wd1e-04trmiss40_trlocglobal,26,0.6768548786640167,0.685895174741745,0.5983436853002071,0.6207734145443898,0.5227272727272727,0.0,0.0,0.0,0.0,0.0,0.0,0.0,0.0,0.0,,,,,18473,global,0.4
1,5,lr1e-05_bs32_modL1_fusion32_fusionL1_fusionBN0_drop0p1__wd1e-04trmiss40_trlocglobal,32,1e-05,0.0001,1,32,1,False,0.1,lr1e-05_bs32_modL1_fusion32_fusionL1_fusionBN0_drop0p1__wd1e-04trmiss40_trlocglobal,27,0.6732505957285563,0.6859342157840729,0.5921325051759835,0.614130238879475,0.5,0.0,0.0,0.0,0.0,0.0,0.0,0.0,0.0,0.0,,,,,18473,global,0.4
1,5,lr1e-05_bs32_modL1_fusion32_fusionL1_fusionBN0_drop0p1__wd1e-04trmiss40_trlocglobal,32,1e-05,0.0001,1,32,1,False,0.1,lr1e-05_bs32_modL1_fusion32_fusionL1_fusionBN0_drop0p1__wd1e-04trmiss40_trlocglobal,28,0.6720967690149943,0.6858340799808502,0.6066252587991718,0.6235368917819204,0.5,0.0,0.0,0.0,0.0,0.0,0.0,0.0,0.0,0.0,,,,,18473,global,0.4
1,5,lr1e-05_bs32_modL1_fusion32_fusionL1_fusionBN0_drop0p1__wd1e-04trmiss40_trlocglobal,32,1e-05,0.0001,1,32,1,False,0.1,lr1e-05_bs32_modL1_fusion32_fusionL1_fusionBN0_drop0p1__wd1e-04trmiss40_trlocglobal,29,0.669706811507543,0.6860242486000061,0.6024844720496895,0.6190016593981122,0.5,0.0,0.0,0.0,0.0,0.0,0.0,0.0,0.0,0.0,,,,,18473,global,0.4
1,5,lr1e-05_bs32_modL1_fusion32_fusionL1_fusionBN0_drop0p1__wd1e-04trmiss40_trlocglobal,32,1e-05,0.0001,1,32,1,False,0.1,lr1e-05_bs32_modL1_fusion32_fusionL1_fusionBN0_drop0p1__wd1e-04trmiss40_trlocglobal,30,0.6662023961544037,0.6859031617641449,0.6128364389233955,0.6251827330841432,0.5,0.0,0.0,0.0,0.0,0.0,0.0,0.0,0.0,0.0,,,,,18473,global,0.4
1,5,lr1e-05_bs32_modL1_fusion32_fusionL1_fusionBN0_drop0p1__wd1e-04trmiss40_trlocglobal,32,1e-05,0.0001,1,32,1,False,0.1,lr1e-05_bs32_modL1_fusion32_fusionL1_fusionBN0_drop0p1__wd1e-04trmiss40_trlocglobal,31,0.664398858944575,0.6858671307563782,0.6149068322981367,0.6279936395307317,0.5,0.0,0.0,0.0,0.0,0.0,0.0,0.0,0.0,0.0,,,,,18473,global,0.4
1,5,lr1e-05_bs32_modL1_fusion32_fusionL1_fusionBN0_drop0p1__wd1e-04trmiss40_trlocglobal,32,1e-05,0.0001,1,32,1,False,0.1,lr1e-05_bs32_modL1_fusion32_fusionL1_fusionBN0_drop0p1__wd1e-04trmiss40_trlocglobal,32,0.6657501657803854,0.6859719157218933,0.6024844720496895,0.6201526754890637,0.5,0.0,0.0,0.0,0.0,0.0,0.0,0.0,0.0,0.0,,,,,18473,global,0.4
1,5,lr1e-05_bs32_modL1_fusion32_fusionL1_fusionBN0_drop0p1__wd1e-04trmiss40_trlocglobal,32,1e-05,0.0001,1,32,1,False,0.1,lr1e-05_bs32_modL1_fusion32_fusionL1_fusionBN0_drop0p1__wd1e-04trmiss40_trlocglobal,33,0.6660340825716654,0.6860131025314331,0.6024844720496894,0.6190891942383301,0.5,0.0,0.0,0.0,0.0,0.0,0.0,0.0,0.0,0.0,,,,,18473,global,0.4
1,5,lr1e-05_bs32_modL1_fusion32_fusionL1_fusionBN0_drop0p1__wd1e-04trmiss40_trlocglobal,32,1e-05,0.0001,1,32,1,False,0.1,lr1e-05_bs32_modL1_fusion32_fusionL1_fusionBN0_drop0p1__wd1e-04trmiss40_trlocglobal,34,0.6657333672046661,0.6860801875591278,0.6004140786749482,0.6192043133137517,0.5,0.0,0.0,0.0,0.0,0.0,0.0,0.0,0.0,0.0,,,,,18473,global,0.4
1,5,lr1e-05_bs32_modL1_fusion32_fusionL1_fusionBN0_drop0p1__wd1e-04trmiss40_trlocglobal,32,1e-05,0.0001,1,32,1,False,0.1,lr1e-05_bs32_modL1_fusion32_fusionL1_fusionBN0_drop0p1__wd1e-04trmiss40_trlocglobal,35,0.6625710924466451,0.685773491859436,0.5962732919254659,0.6171817122206176,0.5,0.0,0.0,0.0,0.0,0.0,0.0,0.0,0.0,0.0,,,,,18473,global,0.4
1,5,lr1e-05_bs32_modL1_fusion32_fusionL1_fusionBN0_drop0p1__wd1e-04trmiss40_trlocglobal,32,1e-05,0.0001,1,32,1,False,0.1,lr1e-05_bs32_modL1_fusion32_fusionL1_fusionBN0_drop0p1__wd1e-04trmiss40_trlocglobal,36,0.6674859126408895,0.6854608356952667,0.6086956521739131,0.6232384998285532,0.5,0.0,0.0,0.0,0.0,0.0,0.0,0.0,0.0,0.0,,,,,18473,global,0.4
1,5,lr1e-05_bs32_modL1_fusion32_fusionL1_fusionBN0_drop0p1__wd1e-04trmiss40_trlocglobal,32,1e-05,0.0001,1,32,1,False,0.1,lr1e-05_bs32_modL1_fusion32_fusionL1_fusionBN0_drop0p1__wd1e-04trmiss40_trlocglobal,37,0.661972443262736,0.6855180859565735,0.6128364389233955,0.6273177944304944,0.5227272727272727,0.0,0.0,0.0,0.0,0.0,0.0,0.0,0.0,0.0,,,,,18473,global,0.4
1,5,lr1e-05_bs32_modL1_fusion32_fusionL1_fusionBN0_drop0p1__wd1e-04trmiss40_trlocglobal,32,1e-05,0.0001,1,32,1,False,0.1,lr1e-05_bs32_modL1_fusion32_fusionL1_fusionBN0_drop0p1__wd1e-04trmiss40_trlocglobal,38,0.6597793300946554,0.6850606203079224,0.6149068322981367,0.6279384362521402,0.5227272727272727,0.0,0.0,0.0,0.0,0.0,0.0,0.0,0.0,0.0,,,,,18473,global,0.4
1,5,lr1e-05_bs32_modL1_fusion32_fusionL1_fusionBN0_drop0p1__wd1e-04trmiss40_trlocglobal,32,1e-05,0.0001,1,32,1,False,0.1,lr1e-05_bs32_modL1_fusion32_fusionL1_fusionBN0_drop0p1__wd1e-04trmiss40_trlocglobal,39,0.66290482878685,0.6852636337280273,0.6045548654244306,0.6221447852633553,0.5,0.0,0.0,0.0,0.0,0.0,0.0,0.0,0.0,0.0,,,,,18473,global,0.4
1,5,lr1e-05_bs32_modL1_fusion32_fusionL1_fusionBN0_drop0p1__wd1e-04trmiss40_trlocglobal,32,1e-05,0.0001,1,32,1,False,0.1,lr1e-05_bs32_modL1_fusion32_fusionL1_fusionBN0_drop0p1__wd1e-04trmiss40_trlocglobal,40,0.6580522954463959,0.6853513419628143,0.6045548654244307,0.6203323947553127,0.5,0.0,0.0,0.0,0.0,0.0,0.0,0.0,0.0,0.0,,,,,18473,global,0.4
1,5,lr1e-05_bs32_modL1_fusion32_fusionL1_fusionBN0_drop0p1__wd1e-04trmiss40_trlocglobal,32,1e-05,0.0001,1,32,1,False,0.1,lr1e-05_bs32_modL1_fusion32_fusionL1_fusionBN0_drop0p1__wd1e-04trmiss40_trlocglobal,41,0.6605338156223297,0.6851277947425842,0.6169772256728778,0.6269698737849253,0.5,0.0,0.0,0.0,0.0,0.0,0.0,0.0,0.0,0.0,,,,,18473,global,0.4
1,5,lr1e-05_bs32_modL1_fusion32_fusionL1_fusionBN0_drop0p1__wd1e-04trmiss40_trlocglobal,32,1e-05,0.0001,1,32,1,False,0.1,lr1e-05_bs32_modL1_fusion32_fusionL1_fusionBN0_drop0p1__wd1e-04trmiss40_trlocglobal,42,0.6574398378531138,0.6852655708789825,0.6045548654244307,0.6188182073212383,0.5,0.0,0.0,0.0,0.0,0.0,0.0,0.0,0.0,0.0,,,,,18473,global,0.4
1,5,lr1e-05_bs32_modL1_fusion32_fusionL1_fusionBN0_drop0p1__wd1e-04trmiss40_trlocglobal,32,1e-05,0.0001,1,32,1,False,0.1,lr1e-05_bs32_modL1_fusion32_fusionL1_fusionBN0_drop0p1__wd1e-04trmiss40_trlocglobal,43,0.6579934060573578,0.6855493187904358,0.6024844720496895,0.6184173429043556,0.5,0.0,0.0,0.0,0.0,0.0,0.0,0.0,0.0,0.0,,,,,18473,global,0.4
1,5,lr1e-05_bs32_modL1_fusion32_fusionL1_fusionBN0_drop0p1__wd1e-04trmiss40_trlocglobal,32,1e-05,0.0001,1,32,1,False,0.1,lr1e-05_bs32_modL1_fusion32_fusionL1_fusionBN0_drop0p1__wd1e-04trmiss40_trlocglobal,44,0.6537392934163412,0.6856529414653778,0.6024844720496895,0.6184173429043556,0.5,0.0,0.0,0.0,0.0,0.0,0.0,0.0,0.0,0.0,,,,,18473,global,0.4
1,5,lr1e-05_bs32_modL1_fusion32_fusionL1_fusionBN0_drop0p1__wd1e-04trmiss40_trlocglobal,32,1e-05,0.0001,1,32,1,False,0.1,lr1e-05_bs32_modL1_fusion32_fusionL1_fusionBN0_drop0p1__wd1e-04trmiss40_trlocglobal,45,0.6547501385211945,0.6856659352779388,0.5921325051759834,0.613478841215651,0.5,0.0,0.0,0.0,0.0,0.0,0.0,0.0,0.0,0.0,,,,,18473,global,0.4
1,5,lr1e-05_bs32_modL1_fusion32_fusionL1_fusionBN0_drop0p1__wd1e-04trmiss40_trlocglobal,32,1e-05,0.0001,1,32,1,False,0.1,lr1e-05_bs32_modL1_fusion32_fusionL1_fusionBN0_drop0p1__wd1e-04trmiss40_trlocglobal,46,0.6501995722452799,0.6852886378765106,0.5962732919254659,0.6144273844982904,0.5,0.0,0.0,0.0,0.0,0.0,0.0,0.0,0.0,0.0,,,,,18473,global,0.4
1,5,lr1e-05_bs32_modL1_fusion32_fusionL1_fusionBN0_drop0p1__wd1e-04trmiss40_trlocglobal,32,1e-05,0.0001,1,32,1,False,0.1,lr1e-05_bs32_modL1_fusion32_fusionL1_fusionBN0_drop0p1__wd1e-04trmiss40_trlocglobal,47,0.6502513984839121,0.6851872801780701,0.5983436853002071,0.6144432535183669,0.5,0.0,0.0,0.0,0.0,0.0,0.0,0.0,0.0,0.0,,,,,18473,global,0.4
1,5,lr1e-05_bs32_modL1_fusion32_fusionL1_fusionBN0_drop0p1__wd1e-04trmiss40_trlocglobal,32,1e-05,0.0001,1,32,1,False,0.1,lr1e-05_bs32_modL1_fusion32_fusionL1_fusionBN0_drop0p1__wd1e-04trmiss40_trlocglobal,48,0.6521339317162832,0.6852900981903076,0.6004140786749483,0.6136893777644912,0.5,0.0,0.0,0.0,0.0,0.0,0.0,0.0,0.0,0.0,,,,,18473,global,0.4
1,5,lr1e-05_bs32_modL1_fusion32_fusionL1_fusionBN0_drop0p1__wd1e-04trmiss40_trlocglobal,32,1e-05,0.0001,1,32,1,False,0.1,lr1e-05_bs32_modL1_fusion32_fusionL1_fusionBN0_drop0p1__wd1e-04trmiss40_trlocglobal,49,0.6551607847213745,0.6852425038814545,0.6024844720496894,0.6152680920558709,0.5,0.0,0.0,0.0,0.0,0.0,0.0,0.0,0.0,0.0,,,,,18473,global,0.4
1,5,lr1e-05_bs32_modL1_fusion32_fusionL1_fusionBN0_drop0p1__wd1e-04trmiss40_trlocglobal,32,1e-05,0.0001,1,32,1,False,0.1,lr1e-05_bs32_modL1_fusion32_fusionL1_fusionBN0_drop0p1__wd1e-04trmiss40_trlocglobal,50,0.6616170307000478,0.6851374506950378,0.5942028985507246,0.6094646167905221,0.5,0.0,0.0,0.0,0.0,0.0,0.0,0.0,0.0,0.0,,,,,18473,global,0.4
1,5,lr1e-05_bs32_modL1_fusion32_fusionL1_fusionBN0_drop0p1__wd1e-04trmiss40_trlocglobal,32,1e-05,0.0001,1,32,1,False,0.1,lr1e-05_bs32_modL1_fusion32_fusionL1_fusionBN0_drop0p1__wd1e-04trmiss40_trlocglobal,51,0.6528184513250986,0.6849101483821869,0.6004140786749483,0.6132915230470959,0.5,0.0,0.0,0.0,0.0,0.0,0.0,0.0,0.0,0.0,,,,,18473,global,0.4
1,5,lr1e-05_bs32_modL1_fusion32_fusionL1_fusionBN0_drop0p1__wd1e-04trmiss40_trlocglobal,32,1e-05,0.0001,1,32,1,False,0.1,lr1e-05_bs32_modL1_fusion32_fusionL1_fusionBN0_drop0p1__wd1e-04trmiss40_trlocglobal,52,0.6542580723762512,0.685075968503952,0.6045548654244306,0.6159836754229204,0.5,0.0,0.0,0.0,0.0,0.0,0.0,0.0,0.0,0.0,,,,,18473,global,0.4
1,5,lr1e-05_bs32_modL1_fusion32_fusionL1_fusionBN0_drop0p1__wd1e-04trmiss40_trlocglobal,32,1e-05,0.0001,1,32,1,False,0.1,lr1e-05_bs32_modL1_fusion32_fusionL1_fusionBN0_drop0p1__wd1e-04trmiss40_trlocglobal,53,0.6533598204453787,0.6849416792392731,0.6066252587991718,0.616226096331953,0.5,0.0,0.0,0.0,0.0,0.0,0.0,0.0,0.0,0.0,,,,,18473,global,0.4
1,5,lr1e-05_bs32_modL1_fusion32_fusionL1_fusionBN0_drop0p1__wd1e-04trmiss40_trlocglobal,32,1e-05,0.0001,1,32,1,False,0.1,lr1e-05_bs32_modL1_fusion32_fusionL1_fusionBN0_drop0p1__wd1e-04trmiss40_trlocglobal,54,0.6555717786153158,0.6847430169582367,0.6066252587991718,0.6176945946935393,0.5,0.0,0.0,0.0,0.0,0.0,0.0,0.0,0.0,0.0,,,,,18473,global,0.4
1,5,lr1e-05_bs32_modL1_fusion32_fusionL1_fusionBN0_drop0p1__wd1e-04trmiss40_trlocglobal,32,1e-05,0.0001,1,32,1,False,0.1,lr1e-05_bs32_modL1_fusion32_fusionL1_fusionBN0_drop0p1__wd1e-04trmiss40_trlocglobal,55,0.6509781181812286,0.6849442720413208,0.6086956521739131,0.6183128996714851,0.5,0.0,0.0,0.0,0.0,0.0,0.0,0.0,0.0,0.0,,,,,18473,global,0.4
1,5,lr1e-05_bs32_modL1_fusion32_fusionL1_fusionBN0_drop0p1__wd1e-04trmiss40_trlocglobal,32,1e-05,0.0001,1,32,1,False,0.1,lr1e-05_bs32_modL1_fusion32_fusionL1_fusionBN0_drop0p1__wd1e-04trmiss40_trlocglobal,56,0.6497966647148132,0.6847846806049347,0.6066252587991718,0.6139827641115041,0.5,0.0,0.0,0.0,0.0,0.0,0.0,0.0,0.0,0.0,,,,,18473,global,0.4
1,5,lr1e-05_bs32_modL1_fusion32_fusionL1_fusionBN0_drop0p1__wd1e-04trmiss40_trlocglobal,32,1e-05,0.0001,1,32,1,False,0.1,lr1e-05_bs32_modL1_fusion32_fusionL1_fusionBN0_drop0p1__wd1e-04trmiss40_trlocglobal,57,0.651945968468984,0.6847362220287323,0.6086956521739131,0.6148062160219124,0.5,0.0,0.0,0.0,0.0,0.0,0.0,0.0,0.0,0.0,,,,,18473,global,0.4
1,5,lr1e-05_bs32_modL1_fusion32_fusionL1_fusionBN0_drop0p1__wd1e-04trmiss40_trlocglobal,32,1e-05,0.0001,1,32,1,False,0.1,lr1e-05_bs32_modL1_fusion32_fusionL1_fusionBN0_drop0p1__wd1e-04trmiss40_trlocglobal,58,0.6441341241200765,0.6844192743301392,0.6086956521739131,0.6148062160219124,0.5,0.0,0.0,0.0,0.0,0.0,0.0,0.0,0.0,0.0,,,,,18473,global,0.4
1,5,lr1e-05_bs32_modL1_fusion32_fusionL1_fusionBN0_drop0p1__wd1e-04trmiss40_trlocglobal,32,1e-05,0.0001,1,32,1,False,0.1,lr1e-05_bs32_modL1_fusion32_fusionL1_fusionBN0_drop0p1__wd1e-04trmiss40_trlocglobal,59,0.654972126086553,0.6843855977058411,0.6086956521739131,0.6148062160219124,0.5,0.0,0.0,0.0,0.0,0.0,0.0,0.0,0.0,0.0,,,,,18473,global,0.4
1,5,lr1e-05_bs32_modL1_fusion32_fusionL1_fusionBN0_drop0p1__wd1e-04trmiss40_trlocglobal,32,1e-05,0.0001,1,32,1,False,0.1,lr1e-05_bs32_modL1_fusion32_fusionL1_fusionBN0_drop0p1__wd1e-04trmiss40_trlocglobal,60,0.655215342839559,0.6844874024391174,0.6045548654244307,0.613717825931989,0.5,0.0,0.0,0.0,0.0,0.0,0.0,0.0,0.0,0.0,,,,,18473,global,0.4
1,5,lr1e-05_bs32_modL1_fusion32_fusionL1_fusionBN0_drop0p1__wd1e-04trmiss40_trlocglobal,32,1e-05,0.0001,1,32,1,False,0.1,lr1e-05_bs32_modL1_fusion32_fusionL1_fusionBN0_drop0p1__wd1e-04trmiss40_trlocglobal,61,0.6457520127296448,0.6842487752437592,0.6066252587991718,0.6143626556688904,0.5,0.0,0.0,0.0,0.0,0.0,0.0,0.0,0.0,0.0,,,,,18473,global,0.4
1,0,lr5e-05_bs32_modL1_fusion32_fusionL1_fusionBN0_drop0p1__wd1e-04trmiss40_trlocglobal,32,5e-05,0.0001,1,32,1,False,0.1,lr5e-05_bs32_modL1_fusion32_fusionL1_fusionBN0_drop0p1__wd1e-04trmiss40_trlocglobal,1,0.692787630217416,,,,,0.0,0.0,0.0,0.0,,,,,,outer_refit,0.5127406342359613,0.5325478504739602,0.5,18473,global,0.4
1,0,lr5e-05_bs32_modL1_fusion32_fusionL1_fusionBN0_drop0p1__wd1e-04trmiss40_trlocglobal,32,5e-05,0.0001,1,32,1,False,0.1,lr5e-05_bs32_modL1_fusion32_fusionL1_fusionBN0_drop0p1__wd1e-04trmiss40_trlocglobal,2,0.6859220351491656,,,,,0.0,0.0,0.0,0.0,,,,,,outer_refit,0.5858295391005671,0.6073087862899332,0.5803571428571429,18473,global,0.4
1,0,lr5e-05_bs32_modL1_fusion32_fusionL1_fusionBN0_drop0p1__wd1e-04trmiss40_trlocglobal,32,5e-05,0.0001,1,32,1,False,0.1,lr5e-05_bs32_modL1_fusion32_fusionL1_fusionBN0_drop0p1__wd1e-04trmiss40_trlocglobal,3,0.6772591812270028,,,,,0.0,0.0,0.0,0.0,,,,,,outer_refit,0.6800862688713156,0.6942799828965985,0.6473214285714286,18473,global,0.4
1,0,lr5e-05_bs32_modL1_fusion32_fusionL1_fusionBN0_drop0p1__wd1e-04trmiss40_trlocglobal,32,5e-05,0.0001,1,32,1,False,0.1,lr5e-05_bs32_modL1_fusion32_fusionL1_fusionBN0_drop0p1__wd1e-04trmiss40_trlocglobal,4,0.6724884339741298,,,,,0.0,0.0,0.0,0.0,,,,,,outer_refit,0.6929467209841041,0.7174790307038232,0.625,18473,global,0.4
1,0,lr5e-05_bs32_modL1_fusion32_fusionL1_fusionBN0_drop0p1__wd1e-04trmiss40_trlocglobal,32,5e-05,0.0001,1,32,1,False,0.1,lr5e-05_bs32_modL1_fusion32_fusionL1_fusionBN0_drop0p1__wd1e-04trmiss40_trlocglobal,5,0.665796160697937,,,,,0.0,0.0,0.0,0.0,,,,,,outer_refit,0.7586867960699736,0.7557900064540019,0.6785714285714286,18473,global,0.4
1,0,lr5e-05_bs32_modL1_fusion32_fusionL1_fusionBN0_drop0p1__wd1e-04trmiss40_trlocglobal,32,5e-05,0.0001,1,32,1,False,0.1,lr5e-05_bs32_modL1_fusion32_fusionL1_fusionBN0_drop0p1__wd1e-04trmiss40_trlocglobal,6,0.6577638898577008,,,,,0.0,0.0,0.0,0.0,,,,,,outer_refit,0.7973480309928908,0.816480205630756,0.7142857142857143,18473,global,0.4
1,0,lr5e-05_bs32_modL1_fusion32_fusionL1_fusionBN0_drop0p1__wd1e-04trmiss40_trlocglobal,32,5e-05,0.0001,1,32,1,False,0.1,lr5e-05_bs32_modL1_fusion32_fusionL1_fusionBN0_drop0p1__wd1e-04trmiss40_trlocglobal,7,0.6565311125346592,,,,,0.0,0.0,0.0,0.0,,,,,,outer_refit,0.8206725776819235,0.8381935476772016,0.75,18473,global,0.4
1,0,lr5e-05_bs32_modL1_fusion32_fusionL1_fusionBN0_drop0p1__wd1e-04trmiss40_trlocglobal,32,5e-05,0.0001,1,32,1,False,0.1,lr5e-05_bs32_modL1_fusion32_fusionL1_fusionBN0_drop0p1__wd1e-04trmiss40_trlocglobal,8,0.648441595690591,,,,,0.0,0.0,0.0,0.0,,,,,,outer_refit,0.8775461298825784,0.8891222868634661,0.7901785714285714,18473,global,0.4
1,0,lr5e-05_bs32_modL1_fusion32_fusionL1_fusionBN0_drop0p1__wd1e-04trmiss40_trlocglobal,32,5e-05,0.0001,1,32,1,False,0.1,lr5e-05_bs32_modL1_fusion32_fusionL1_fusionBN0_drop0p1__wd1e-04trmiss40_trlocglobal,9,0.6474481906209674,,,,,0.0,0.0,0.0,0.0,,,,,,outer_refit,0.8558990334691269,0.8578045364874842,0.7767857142857143,18473,global,0.4
1,0,lr5e-05_bs32_modL1_fusion32_fusionL1_fusionBN0_drop0p1__wd1e-04trmiss40_trlocglobal,32,5e-05,0.0001,1,32,1,False,0.1,lr5e-05_bs32_modL1_fusion32_fusionL1_fusionBN0_drop0p1__wd1e-04trmiss40_trlocglobal,10,0.6370628646441868,,,,,0.0,0.0,0.0,0.0,,,,,,outer_refit,0.8933620896237718,0.9051253284088561,0.8169642857142857,18473,global,0.4
1,0,lr5e-05_bs32_modL1_fusion32_fusionL1_fusionBN0_drop0p1__wd1e-04trmiss40_trlocglobal,32,5e-05,0.0001,1,32,1,False,0.1,lr5e-05_bs32_modL1_fusion32_fusionL1_fusionBN0_drop0p1__wd1e-04trmiss40_trlocglobal,11,0.6365465266363961,,,,,0.0,0.0,0.0,0.0,,,,,,outer_refit,0.8987938333732727,0.9049030771719105,0.8303571428571429,18473,global,0.4
1,0,lr5e-05_bs32_modL1_fusion32_fusionL1_fusionBN0_drop0p1__wd1e-04trmiss40_trlocglobal,32,5e-05,0.0001,1,32,1,False,0.1,lr5e-05_bs32_modL1_fusion32_fusionL1_fusionBN0_drop0p1__wd1e-04trmiss40_trlocglobal,12,0.631554194859096,,,,,0.0,0.0,0.0,0.0,,,,,,outer_refit,0.9126927070852304,0.9207397637631586,0.84375,18473,global,0.4
1,0,lr5e-05_bs32_modL1_fusion32_fusionL1_fusionBN0_drop0p1__wd1e-04trmiss40_trlocglobal,32,5e-05,0.0001,1,32,1,False,0.1,lr5e-05_bs32_modL1_fusion32_fusionL1_fusionBN0_drop0p1__wd1e-04trmiss40_trlocglobal,13,0.6342391882623944,,,,,0.0,0.0,0.0,0.0,,,,,,outer_refit,0.899672497803339,0.9023472729033806,0.8125,18473,global,0.4
1,0,lr5e-05_bs32_modL1_fusion32_fusionL1_fusionBN0_drop0p1__wd1e-04trmiss40_trlocglobal,32,5e-05,0.0001,1,32,1,False,0.1,lr5e-05_bs32_modL1_fusion32_fusionL1_fusionBN0_drop0p1__wd1e-04trmiss40_trlocglobal,14,0.6294997419629779,,,,,0.0,0.0,0.0,0.0,,,,,,outer_refit,0.9143701573608115,0.9285546388980017,0.8348214285714286,18473,global,0.4
1,0,lr5e-05_bs32_modL1_fusion32_fusionL1_fusionBN0_drop0p1__wd1e-04trmiss40_trlocglobal,32,5e-05,0.0001,1,32,1,False,0.1,lr5e-05_bs32_modL1_fusion32_fusionL1_fusionBN0_drop0p1__wd1e-04trmiss40_trlocglobal,15,0.6224274635314941,,,,,0.0,0.0,0.0,0.0,,,,,,outer_refit,0.9337007748222702,0.9451120398675424,0.8526785714285714,18473,global,0.4
1,0,lr5e-05_bs32_modL1_fusion32_fusionL1_fusionBN0_drop0p1__wd1e-04trmiss40_trlocglobal,32,5e-05,0.0001,1,32,1,False,0.1,lr5e-05_bs32_modL1_fusion32_fusionL1_fusionBN0_drop0p1__wd1e-04trmiss40_trlocglobal,16,0.6259699038096836,,,,,0.0,0.0,0.0,0.0,,,,,,outer_refit,0.9176451793274224,0.9189331052583176,0.8348214285714286,18473,global,0.4
1,0,lr5e-05_bs32_modL1_fusion32_fusionL1_fusionBN0_drop0p1__wd1e-04trmiss40_trlocglobal,32,5e-05,0.0001,1,32,1,False,0.1,lr5e-05_bs32_modL1_fusion32_fusionL1_fusionBN0_drop0p1__wd1e-04trmiss40_trlocglobal,17,0.6185799666813442,,,,,0.0,0.0,0.0,0.0,,,,,,outer_refit,0.9456825625049924,0.9514160398201352,0.8705357142857143,18473,global,0.4
1,0,lr5e-05_bs32_modL1_fusion32_fusionL1_fusionBN0_drop0p1__wd1e-04trmiss40_trlocglobal,32,5e-05,0.0001,1,32,1,False,0.1,lr5e-05_bs32_modL1_fusion32_fusionL1_fusionBN0_drop0p1__wd1e-04trmiss40_trlocglobal,18,0.6214133756501334,,,,,0.0,0.0,0.0,0.0,,,,,,outer_refit,0.9283489096573208,0.9395255380119234,0.8482142857142857,18473,global,0.4
1,0,lr5e-05_bs32_modL1_fusion32_fusionL1_fusionBN0_drop0p1__wd1e-04trmiss40_trlocglobal,32,5e-05,0.0001,1,32,1,False,0.1,lr5e-05_bs32_modL1_fusion32_fusionL1_fusionBN0_drop0p1__wd1e-04trmiss40_trlocglobal,19,0.6189082520348685,,,,,0.0,0.0,0.0,0.0,,,,,,outer_refit,0.9431264477993451,0.9437566866205852,0.875,18473,global,0.4
1,0,lr5e-05_bs32_modL1_fusion32_fusionL1_fusionBN0_drop0p1__wd1e-04trmiss40_trlocglobal,32,5e-05,0.0001,1,32,1,False,0.1,lr5e-05_bs32_modL1_fusion32_fusionL1_fusionBN0_drop0p1__wd1e-04trmiss40_trlocglobal,20,0.6210269672530038,,,,,0.0,0.0,0.0,0.0,,,,,,outer_refit,0.9384136113108076,0.9459109226028688,0.8392857142857143,18473,global,0.4
1,0,lr5e-05_bs32_modL1_fusion32_fusionL1_fusionBN0_drop0p1__wd1e-04trmiss40_trlocglobal,32,5e-05,0.0001,1,32,1,False,0.1,lr5e-05_bs32_modL1_fusion32_fusionL1_fusionBN0_drop0p1__wd1e-04trmiss40_trlocglobal,21,0.6212744968278068,,,,,0.0,0.0,0.0,0.0,,,,,,outer_refit,0.9315440530393801,0.9334617346453715,0.8571428571428571,18473,global,0.4
1,0,lr5e-05_bs32_modL1_fusion32_fusionL1_fusionBN0_drop0p1__wd1e-04trmiss40_trlocglobal,32,5e-05,0.0001,1,32,1,False,0.1,lr5e-05_bs32_modL1_fusion32_fusionL1_fusionBN0_drop0p1__wd1e-04trmiss40_trlocglobal,22,0.6152370657239642,,,,,0.0,0.0,0.0,0.0,,,,,,outer_refit,0.9369757967888809,0.9478660074716205,0.8571428571428571,18473,global,0.4
1,0,lr5e-05_bs32_modL1_fusion32_fusionL1_fusionBN0_drop0p1__wd1e-04trmiss40_trlocglobal,32,5e-05,0.0001,1,32,1,False,0.1,lr5e-05_bs32_modL1_fusion32_fusionL1_fusionBN0_drop0p1__wd1e-04trmiss40_trlocglobal,23,0.6157585637910026,,,,,0.0,0.0,0.0,0.0,,,,,,outer_refit,0.949117341640706,0.9565347516070478,0.8839285714285714,18473,global,0.4
1,0,lr5e-05_bs32_modL1_fusion32_fusionL1_fusionBN0_drop0p1__wd1e-04trmiss40_trlocglobal,32,5e-05,0.0001,1,32,1,False,0.1,lr5e-05_bs32_modL1_fusion32_fusionL1_fusionBN0_drop0p1__wd1e-04trmiss40_trlocglobal,24,0.6165913087981088,,,,,0.0,0.0,0.0,0.0,,,,,,outer_refit,0.9412892403546609,0.9427229786406561,0.875,18473,global,0.4
1,0,lr5e-05_bs32_modL1_fusion32_fusionL1_fusionBN0_drop0p1__wd1e-04trmiss40_trlocglobal,32,5e-05,0.0001,1,32,1,False,0.1,lr5e-05_bs32_modL1_fusion32_fusionL1_fusionBN0_drop0p1__wd1e-04trmiss40_trlocglobal,25,0.6138219067028591,,,,,0.0,0.0,0.0,0.0,,,,,,outer_refit,0.960220464893362,0.9647066130458953,0.8928571428571429,18473,global,0.4
1,0,lr5e-05_bs32_modL1_fusion32_fusionL1_fusionBN0_drop0p1__wd1e-04trmiss40_trlocglobal,32,5e-05,0.0001,1,32,1,False,0.1,lr5e-05_bs32_modL1_fusion32_fusionL1_fusionBN0_drop0p1__wd1e-04trmiss40_trlocglobal,26,0.6162477816854205,,,,,0.0,0.0,0.0,0.0,,,,,,outer_refit,0.9495167345634636,0.9556339406567003,0.8660714285714286,18473,global,0.4
1,0,lr5e-05_bs32_modL1_fusion32_fusionL1_fusionBN0_drop0p1__wd1e-04trmiss40_trlocglobal,32,5e-05,0.0001,1,32,1,False,0.1,lr5e-05_bs32_modL1_fusion32_fusionL1_fusionBN0_drop0p1__wd1e-04trmiss40_trlocglobal,27,0.6073447465896606,,,,,0.0,0.0,0.0,0.0,,,,,,outer_refit,0.9735601885134596,0.9751121741849129,0.9285714285714286,18473,global,0.4
2,1,lr1e-04_bs32_modL1_fusion16_fusionL1_fusionBN0_drop0p2__wd1e-04trmiss40_trlocglobal,32,0.0001,0.0001,1,16,1,False,0.2,lr1e-04_bs32_modL1_fusion16_fusionL1_fusionBN0_drop0p2__wd1e-04trmiss40_trlocglobal,1,0.7032753229141235,0.6951245665550232,0.48814229249011853,0.5928584283192061,0.5111111111111111,0.0,0.0,0.0,0.0,0.0,0.0,0.0,0.0,0.0,,,,,18473,global,0.4
2,1,lr1e-04_bs32_modL1_fusion16_fusionL1_fusionBN0_drop0p2__wd1e-04trmiss40_trlocglobal,32,0.0001,0.0001,1,16,1,False,0.2,lr1e-04_bs32_modL1_fusion16_fusionL1_fusionBN0_drop0p2__wd1e-04trmiss40_trlocglobal,2,0.6840822001298269,0.6973870098590851,0.4861660079051383,0.5705385633477398,0.5333333333333333,0.0,0.0,0.0,0.0,0.0,0.0,0.0,0.0,0.0,,,,,18473,global,0.4
2,1,lr1e-04_bs32_modL1_fusion16_fusionL1_fusionBN0_drop0p2__wd1e-04trmiss40_trlocglobal,32,0.0001,0.0001,1,16,1,False,0.2,lr1e-04_bs32_modL1_fusion16_fusionL1_fusionBN0_drop0p2__wd1e-04trmiss40_trlocglobal,3,0.6664387186368307,0.6970779299736023,0.4762845849802372,0.560168696799159,0.5111111111111111,0.0,0.0,0.0,0.0,0.0,0.0,0.0,0.0,0.0,,,,,18473,global,0.4
2,1,lr1e-04_bs32_modL1_fusion16_fusionL1_fusionBN0_drop0p2__wd1e-04trmiss40_trlocglobal,32,0.0001,0.0001,1,16,1,False,0.2,lr1e-04_bs32_modL1_fusion16_fusionL1_fusionBN0_drop0p2__wd1e-04trmiss40_trlocglobal,4,0.6584079960982004,0.6983628869056702,0.47430830039525695,0.5576476013631272,0.4888888888888889,0.0,0.0,0.0,0.0,0.0,0.0,0.0,0.0,0.0,,,,,18473,global,0.4
2,1,lr1e-04_bs32_modL1_fusion16_fusionL1_fusionBN0_drop0p2__wd1e-04trmiss40_trlocglobal,32,0.0001,0.0001,1,16,1,False,0.2,lr1e-04_bs32_modL1_fusion16_fusionL1_fusionBN0_drop0p2__wd1e-04trmiss40_trlocglobal,5,0.6364185909430186,0.7009321451187134,0.4624505928853755,0.5403239459111676,0.4666666666666667,0.0,0.0,0.0,0.0,0.0,0.0,0.0,0.0,0.0,,,,,18473,global,0.4
2,1,lr1e-04_bs32_modL1_fusion16_fusionL1_fusionBN0_drop0p2__wd1e-04trmiss40_trlocglobal,32,0.0001,0.0001,1,16,1,False,0.2,lr1e-04_bs32_modL1_fusion16_fusionL1_fusionBN0_drop0p2__wd1e-04trmiss40_trlocglobal,6,0.6412160197893778,0.7018682956695557,0.45849802371541504,0.5276082279266183,0.4888888888888889,0.0,0.0,0.0,0.0,0.0,0.0,0.0,0.0,0.0,,,,,18473,global,0.4
2,1,lr1e-04_bs32_modL1_fusion16_fusionL1_fusionBN0_drop0p2__wd1e-04trmiss40_trlocglobal,32,0.0001,0.0001,1,16,1,False,0.2,lr1e-04_bs32_modL1_fusion16_fusionL1_fusionBN0_drop0p2__wd1e-04trmiss40_trlocglobal,7,0.6282712121804556,0.7034769654273987,0.44466403162055335,0.5171223145256906,0.4666666666666667,0.0,0.0,0.0,0.0,0.0,0.0,0.0,0.0,0.0,,,,,18473,global,0.4
2,1,lr1e-04_bs32_modL1_fusion16_fusionL1_fusionBN0_drop0p2__wd1e-04trmiss40_trlocglobal,32,0.0001,0.0001,1,16,1,False,0.2,lr1e-04_bs32_modL1_fusion16_fusionL1_fusionBN0_drop0p2__wd1e-04trmiss40_trlocglobal,8,0.6318598290284475,0.704105794429779,0.4426877470355731,0.5180778653720568,0.4888888888888889,0.0,0.0,0.0,0.0,0.0,0.0,0.0,0.0,0.0,,,,,18473,global,0.4
2,1,lr1e-04_bs32_modL1_fusion16_fusionL1_fusionBN0_drop0p2__wd1e-04trmiss40_trlocglobal,32,0.0001,0.0001,1,16,1,False,0.2,lr1e-04_bs32_modL1_fusion16_fusionL1_fusionBN0_drop0p2__wd1e-04trmiss40_trlocglobal,9,0.6160692473252615,0.7054653763771057,0.4486166007905138,0.5140597994985063,0.5111111111111111,0.0,0.0,0.0,0.0,0.0,0.0,0.0,0.0,0.0,,,,,18473,global,0.4
2,1,lr1e-04_bs32_modL1_fusion16_fusionL1_fusionBN0_drop0p2__wd1e-04trmiss40_trlocglobal,32,0.0001,0.0001,1,16,1,False,0.2,lr1e-04_bs32_modL1_fusion16_fusionL1_fusionBN0_drop0p2__wd1e-04trmiss40_trlocglobal,10,0.6053302784760793,0.7072776854038239,0.45454545454545453,0.5156183242061764,0.5333333333333333,0.0,0.0,0.0,0.0,0.0,0.0,0.0,0.0,0.0,,,,,18473,global,0.4
2,1,lr1e-04_bs32_modL1_fusion16_fusionL1_fusionBN0_drop0p2__wd1e-04trmiss40_trlocglobal,32,0.0001,0.0001,1,16,1,False,0.2,lr1e-04_bs32_modL1_fusion16_fusionL1_fusionBN0_drop0p2__wd1e-04trmiss40_trlocglobal,11,0.5911605258782705,0.7082310020923615,0.4505928853754941,0.5097178367269924,0.5111111111111111,0.0,0.0,0.0,0.0,0.0,0.0,0.0,0.0,0.0,,,,,18473,global,0.4
2,1,lr1e-04_bs32_modL1_fusion16_fusionL1_fusionBN0_drop0p2__wd1e-04trmiss40_trlocglobal,32,0.0001,0.0001,1,16,1,False,0.2,lr1e-04_bs32_modL1_fusion16_fusionL1_fusionBN0_drop0p2__wd1e-04trmiss40_trlocglobal,12,0.588917056719462,0.710056483745575,0.4565217391304348,0.5116169001159816,0.5111111111111111,0.0,0.0,0.0,0.0,0.0,0.0,0.0,0.0,0.0,,,,,18473,global,0.4
2,1,lr1e-04_bs32_modL1_fusion16_fusionL1_fusionBN0_drop0p2__wd1e-04trmiss40_trlocglobal,32,0.0001,0.0001,1,16,1,False,0.2,lr1e-04_bs32_modL1_fusion16_fusionL1_fusionBN0_drop0p2__wd1e-04trmiss40_trlocglobal,13,0.5919271806875864,0.712981253862381,0.43873517786561267,0.5022014044593334,0.5111111111111111,0.0,0.0,0.0,0.0,0.0,0.0,0.0,0.0,0.0,,,,,18473,global,0.4
2,1,lr1e-04_bs32_modL1_fusion16_fusionL1_fusionBN0_drop0p2__wd1e-04trmiss40_trlocglobal,32,0.0001,0.0001,1,16,1,False,0.2,lr1e-04_bs32_modL1_fusion16_fusionL1_fusionBN0_drop0p2__wd1e-04trmiss40_trlocglobal,14,0.5702260434627533,0.7179349958896637,0.42885375494071143,0.497562513617395,0.4888888888888889,0.0,0.0,0.0,0.0,0.0,0.0,0.0,0.0,0.0,,,,,18473,global,0.4
2,1,lr1e-04_bs32_modL1_fusion16_fusionL1_fusionBN0_drop0p2__wd1e-04trmiss40_trlocglobal,32,0.0001,0.0001,1,16,1,False,0.2,lr1e-04_bs32_modL1_fusion16_fusionL1_fusionBN0_drop0p2__wd1e-04trmiss40_trlocglobal,15,0.5671383937199911,0.7191595733165741,0.4268774703557312,0.4951682342644107,0.4888888888888889,0.0,0.0,0.0,0.0,0.0,0.0,0.0,0.0,0.0,,,,,18473,global,0.4
2,1,lr1e-04_bs32_modL1_fusion16_fusionL1_fusionBN0_drop0p2__wd1e-04trmiss40_trlocglobal,32,0.0001,0.0001,1,16,1,False,0.2,lr1e-04_bs32_modL1_fusion16_fusionL1_fusionBN0_drop0p2__wd1e-04trmiss40_trlocglobal,16,0.5492266615231832,0.7197818160057068,0.42885375494071143,0.49602856967935904,0.4444444444444444,0.0,0.0,0.0,0.0,0.0,0.0,0.0,0.0,0.0,,,,,18473,global,0.4
2,1,lr1e-04_bs32_modL1_fusion16_fusionL1_fusionBN0_drop0p2__wd1e-04trmiss40_trlocglobal,32,0.0001,0.0001,1,16,1,False,0.2,lr1e-04_bs32_modL1_fusion16_fusionL1_fusionBN0_drop0p2__wd1e-04trmiss40_trlocglobal,17,0.5623675584793091,0.7199079990386963,0.44664031620553357,0.5048079097213185,0.4666666666666667,0.0,0.0,0.0,0.0,0.0,0.0,0.0,0.0,0.0,,,,,18473,global,0.4
2,1,lr1e-04_bs32_modL1_fusion16_fusionL1_fusionBN0_drop0p2__wd1e-04trmiss40_trlocglobal,32,0.0001,0.0001,1,16,1,False,0.2,lr1e-04_bs32_modL1_fusion16_fusionL1_fusionBN0_drop0p2__wd1e-04trmiss40_trlocglobal,18,0.5576035579045614,0.7231452167034149,0.4407114624505929,0.5038909181393654,0.4666666666666667,0.0,0.0,0.0,0.0,0.0,0.0,0.0,0.0,0.0,,,,,18473,global,0.4
2,1,lr1e-04_bs32_modL1_fusion16_fusionL1_fusionBN0_drop0p2__wd1e-04trmiss40_trlocglobal,32,0.0001,0.0001,1,16,1,False,0.2,lr1e-04_bs32_modL1_fusion16_fusionL1_fusionBN0_drop0p2__wd1e-04trmiss40_trlocglobal,19,0.5544540782769521,0.7214871048927307,0.4486166007905139,0.5086352844160752,0.4444444444444444,0.0,0.0,0.0,0.0,0.0,0.0,0.0,0.0,0.0,,,,,18473,global,0.4
2,1,lr1e-04_bs32_modL1_fusion16_fusionL1_fusionBN0_drop0p2__wd1e-04trmiss40_trlocglobal,32,0.0001,0.0001,1,16,1,False,0.2,lr1e-04_bs32_modL1_fusion16_fusionL1_fusionBN0_drop0p2__wd1e-04trmiss40_trlocglobal,20,0.5454545120398203,0.7223440408706665,0.44268774703557323,0.5016960765754889,0.4666666666666667,0.0,0.0,0.0,0.0,0.0,0.0,0.0,0.0,0.0,,,,,18473,global,0.4
2,1,lr1e-04_bs32_modL1_fusion16_fusionL1_fusionBN0_drop0p2__wd1e-04trmiss40_trlocglobal,32,0.0001,0.0001,1,16,1,False,0.2,lr1e-04_bs32_modL1_fusion16_fusionL1_fusionBN0_drop0p2__wd1e-04trmiss40_trlocglobal,21,0.543783704439799,0.7290017902851105,0.4308300395256917,0.49743515617110834,0.4888888888888889,0.0,0.0,0.0,0.0,0.0,0.0,0.0,0.0,0.0,,,,,18473,global,0.4
2,1,lr1e-04_bs32_modL1_fusion16_fusionL1_fusionBN0_drop0p2__wd1e-04trmiss40_trlocglobal,32,0.0001,0.0001,1,16,1,False,0.2,lr1e-04_bs32_modL1_fusion16_fusionL1_fusionBN0_drop0p2__wd1e-04trmiss40_trlocglobal,22,0.519390881061554,0.7302338778972626,0.4209486166007905,0.49412698678658695,0.4888888888888889,0.0,0.0,0.0,0.0,0.0,0.0,0.0,0.0,0.0,,,,,18473,global,0.4
2,1,lr1e-04_bs32_modL1_fusion16_fusionL1_fusionBN0_drop0p2__wd1e-04trmiss40_trlocglobal,32,0.0001,0.0001,1,16,1,False,0.2,lr1e-04_bs32_modL1_fusion16_fusionL1_fusionBN0_drop0p2__wd1e-04trmiss40_trlocglobal,23,0.5307697604099909,0.7275564670562744,0.4407114624505929,0.4994362664190014,0.4444444444444444,0.0,0.0,0.0,0.0,0.0,0.0,0.0,0.0,0.0,,,,,18473,global,0.4
2,1,lr1e-04_bs32_modL1_fusion16_fusionL1_fusionBN0_drop0p2__wd1e-04trmiss40_trlocglobal,32,0.0001,0.0001,1,16,1,False,0.2,lr1e-04_bs32_modL1_fusion16_fusionL1_fusionBN0_drop0p2__wd1e-04trmiss40_trlocglobal,24,0.5167034566402435,0.7327627837657928,0.4268774703557312,0.49241352606840316,0.4444444444444444,0.0,0.0,0.0,0.0,0.0,0.0,0.0,0.0,0.0,,,,,18473,global,0.4
2,1,lr1e-04_bs32_modL1_fusion16_fusionL1_fusionBN0_drop0p2__wd1e-04trmiss40_trlocglobal,32,0.0001,0.0001,1,16,1,False,0.2,lr1e-04_bs32_modL1_fusion16_fusionL1_fusionBN0_drop0p2__wd1e-04trmiss40_trlocglobal,25,0.5190199613571167,0.7335511445999146,0.4209486166007905,0.49017855918812747,0.4222222222222222,0.0,0.0,0.0,0.0,0.0,0.0,0.0,0.0,0.0,,,,,18473,global,0.4
2,1,lr1e-04_bs32_modL1_fusion16_fusionL1_fusionBN0_drop0p1__wd1e-04trmiss40_trlocglobal,32,0.0001,0.0001,1,16,1,False,0.1,lr1e-04_bs32_modL1_fusion16_fusionL1_fusionBN0_drop0p1__wd1e-04trmiss40_trlocglobal,1,0.6890029708544413,0.682809054851532,0.6521739130434783,0.6867123674211,0.7111111111111111,0.0,0.0,0.0,0.0,0.0,0.0,0.0,0.0,0.0,,,,,18473,global,0.4
2,1,lr1e-04_bs32_modL1_fusion16_fusionL1_fusionBN0_drop0p1__wd1e-04trmiss40_trlocglobal,32,0.0001,0.0001,1,16,1,False,0.1,lr1e-04_bs32_modL1_fusion16_fusionL1_fusionBN0_drop0p1__wd1e-04trmiss40_trlocglobal,2,0.6506049036979675,0.679162859916687,0.6363636363636364,0.6984084864119056,0.6222222222222222,0.0,0.0,0.0,0.0,0.0,0.0,0.0,0.0,0.0,,,,,18473,global,0.4
2,1,lr1e-04_bs32_modL1_fusion16_fusionL1_fusionBN0_drop0p1__wd1e-04trmiss40_trlocglobal,32,0.0001,0.0001,1,16,1,False,0.1,lr1e-04_bs32_modL1_fusion16_fusionL1_fusionBN0_drop0p1__wd1e-04trmiss40_trlocglobal,3,0.6470884283383688,0.676789790391922,0.6264822134387352,0.6755738166232146,0.6,0.0,0.0,0.0,0.0,0.0,0.0,0.0,0.0,0.0,,,,,18473,global,0.4
2,1,lr1e-04_bs32_modL1_fusion16_fusionL1_fusionBN0_drop0p1__wd1e-04trmiss40_trlocglobal,32,0.0001,0.0001,1,16,1,False,0.1,lr1e-04_bs32_modL1_fusion16_fusionL1_fusionBN0_drop0p1__wd1e-04trmiss40_trlocglobal,4,0.6352546016375223,0.6745980381965637,0.6324110671936759,0.6755949054767019,0.6,0.0,0.0,0.0,0.0,0.0,0.0,0.0,0.0,0.0,,,,,18473,global,0.4
2,1,lr1e-04_bs32_modL1_fusion16_fusionL1_fusionBN0_drop0p1__wd1e-04trmiss40_trlocglobal,32,0.0001,0.0001,1,16,1,False,0.1,lr1e-04_bs32_modL1_fusion16_fusionL1_fusionBN0_drop0p1__wd1e-04trmiss40_trlocglobal,5,0.6248098909854889,0.6716062724590302,0.6561264822134387,0.6760640234942458,0.5555555555555556,0.0,0.0,0.0,0.0,0.0,0.0,0.0,0.0,0.0,,,,,18473,global,0.4
2,1,lr1e-04_bs32_modL1_fusion16_fusionL1_fusionBN0_drop0p1__wd1e-04trmiss40_trlocglobal,32,0.0001,0.0001,1,16,1,False,0.1,lr1e-04_bs32_modL1_fusion16_fusionL1_fusionBN0_drop0p1__wd1e-04trmiss40_trlocglobal,6,0.6172899504502615,0.6692452430725098,0.658102766798419,0.6908187559481677,0.5777777777777777,0.0,0.0,0.0,0.0,0.0,0.0,0.0,0.0,0.0,,,,,18473,global,0.4
2,1,lr1e-04_bs32_modL1_fusion16_fusionL1_fusionBN0_drop0p1__wd1e-04trmiss40_trlocglobal,32,0.0001,0.0001,1,16,1,False,0.1,lr1e-04_bs32_modL1_fusion16_fusionL1_fusionBN0_drop0p1__wd1e-04trmiss40_trlocglobal,7,0.6088328758875529,0.6686883568763733,0.6521739130434783,0.6930254336942111,0.6222222222222222,0.0,0.0,0.0,0.0,0.0,0.0,0.0,0.0,0.0,,,,,18473,global,0.4
2,1,lr1e-04_bs32_modL1_fusion16_fusionL1_fusionBN0_drop0p1__wd1e-04trmiss40_trlocglobal,32,0.0001,0.0001,1,16,1,False,0.1,lr1e-04_bs32_modL1_fusion16_fusionL1_fusionBN0_drop0p1__wd1e-04trmiss40_trlocglobal,8,0.59894530971845,0.6674349009990692,0.6541501976284585,0.6757639474309354,0.6444444444444445,0.0,0.0,0.0,0.0,0.0,0.0,0.0,0.0,0.0,,,,,18473,global,0.4
2,1,lr1e-04_bs32_modL1_fusion16_fusionL1_fusionBN0_drop0p1__wd1e-04trmiss40_trlocglobal,32,0.0001,0.0001,1,16,1,False,0.1,lr1e-04_bs32_modL1_fusion16_fusionL1_fusionBN0_drop0p1__wd1e-04trmiss40_trlocglobal,9,0.5925800303618113,0.6680072546005249,0.6561264822134387,0.6753150374448584,0.6444444444444445,0.0,0.0,0.0,0.0,0.0,0.0,0.0,0.0,0.0,,,,,18473,global,0.4
2,1,lr1e-04_bs32_modL1_fusion16_fusionL1_fusionBN0_drop0p1__wd1e-04trmiss40_trlocglobal,32,0.0001,0.0001,1,16,1,False,0.1,lr1e-04_bs32_modL1_fusion16_fusionL1_fusionBN0_drop0p1__wd1e-04trmiss40_trlocglobal,10,0.5858246882756551,0.6673234105110168,0.650197628458498,0.6689440614890246,0.6,0.0,0.0,0.0,0.0,0.0,0.0,0.0,0.0,0.0,,,,,18473,global,0.4
2,1,lr1e-04_bs32_modL1_fusion16_fusionL1_fusionBN0_drop0p1__wd1e-04trmiss40_trlocglobal,32,0.0001,0.0001,1,16,1,False,0.1,lr1e-04_bs32_modL1_fusion16_fusionL1_fusionBN0_drop0p1__wd1e-04trmiss40_trlocglobal,11,0.5774183869361877,0.6678106784820557,0.6363636363636362,0.6597578656077826,0.6222222222222222,0.0,0.0,0.0,0.0,0.0,0.0,0.0,0.0,0.0,,,,,18473,global,0.4
2,1,lr1e-04_bs32_modL1_fusion16_fusionL1_fusionBN0_drop0p1__wd1e-04trmiss40_trlocglobal,32,0.0001,0.0001,1,16,1,False,0.1,lr1e-04_bs32_modL1_fusion16_fusionL1_fusionBN0_drop0p1__wd1e-04trmiss40_trlocglobal,12,0.5665255089600881,0.6673798859119415,0.6403162055335969,0.6592882108071576,0.6222222222222222,0.0,0.0,0.0,0.0,0.0,0.0,0.0,0.0,0.0,,,,,18473,global,0.4
2,1,lr1e-04_bs32_modL1_fusion16_fusionL1_fusionBN0_drop0p1__wd1e-04trmiss40_trlocglobal,32,0.0001,0.0001,1,16,1,False,0.1,lr1e-04_bs32_modL1_fusion16_fusionL1_fusionBN0_drop0p1__wd1e-04trmiss40_trlocglobal,13,0.5598172346750895,0.6665009558200836,0.6403162055335968,0.6606204590832403,0.6222222222222222,0.0,0.0,0.0,0.0,0.0,0.0,0.0,0.0,0.0,,,,,18473,global,0.4
2,1,lr1e-04_bs32_modL1_fusion16_fusionL1_fusionBN0_drop0p1__wd1e-04trmiss40_trlocglobal,32,0.0001,0.0001,1,16,1,False,0.1,lr1e-04_bs32_modL1_fusion16_fusionL1_fusionBN0_drop0p1__wd1e-04trmiss40_trlocglobal,14,0.5668999254703522,0.6667645573616028,0.6422924901185771,0.6672936042587686,0.6444444444444445,0.0,0.0,0.0,0.0,0.0,0.0,0.0,0.0,0.0,,,,,18473,global,0.4
2,1,lr1e-04_bs32_modL1_fusion16_fusionL1_fusionBN0_drop0p1__wd1e-04trmiss40_trlocglobal,32,0.0001,0.0001,1,16,1,False,0.1,lr1e-04_bs32_modL1_fusion16_fusionL1_fusionBN0_drop0p1__wd1e-04trmiss40_trlocglobal,15,0.551964541276296,0.6653580665588379,0.658102766798419,0.6794836569998054,0.6666666666666666,0.0,0.0,0.0,0.0,0.0,0.0,0.0,0.0,0.0,,,,,18473,global,0.4
2,1,lr1e-04_bs32_modL1_fusion16_fusionL1_fusionBN0_drop0p1__wd1e-04trmiss40_trlocglobal,32,0.0001,0.0001,1,16,1,False,0.1,lr1e-04_bs32_modL1_fusion16_fusionL1_fusionBN0_drop0p1__wd1e-04trmiss40_trlocglobal,16,0.5420632660388947,0.668961375951767,0.6363636363636362,0.6583051772961483,0.6444444444444445,0.0,0.0,0.0,0.0,0.0,0.0,0.0,0.0,0.0,,,,,18473,global,0.4
2,1,lr1e-04_bs32_modL1_fusion16_fusionL1_fusionBN0_drop0p1__wd1e-04trmiss40_trlocglobal,32,0.0001,0.0001,1,16,1,False,0.1,lr1e-04_bs32_modL1_fusion16_fusionL1_fusionBN0_drop0p1__wd1e-04trmiss40_trlocglobal,17,0.532450924317042,0.6695168316364288,0.6086956521739131,0.6438755362830183,0.5777777777777777,0.0,0.0,0.0,0.0,0.0,0.0,0.0,0.0,0.0,,,,,18473,global,0.4
2,1,lr1e-04_bs32_modL1_fusion16_fusionL1_fusionBN0_drop0p1__wd1e-04trmiss40_trlocglobal,32,0.0001,0.0001,1,16,1,False,0.1,lr1e-04_bs32_modL1_fusion16_fusionL1_fusionBN0_drop0p1__wd1e-04trmiss40_trlocglobal,18,0.5389757553736368,0.6668789088726044,0.6185770750988142,0.6552192088394574,0.5555555555555556,0.0,0.0,0.0,0.0,0.0,0.0,0.0,0.0,0.0,,,,,18473,global,0.4
2,1,lr1e-04_bs32_modL1_fusion16_fusionL1_fusionBN0_drop0p1__wd1e-04trmiss40_trlocglobal,32,0.0001,0.0001,1,16,1,False,0.1,lr1e-04_bs32_modL1_fusion16_fusionL1_fusionBN0_drop0p1__wd1e-04trmiss40_trlocglobal,19,0.5327784568071365,0.6668819189071655,0.6442687747035574,0.6757586413904435,0.6,0.0,0.0,0.0,0.0,0.0,0.0,0.0,0.0,0.0,,,,,18473,global,0.4
2,1,lr1e-04_bs32_modL1_fusion16_fusionL1_fusionBN0_drop0p1__wd1e-04trmiss40_trlocglobal,32,0.0001,0.0001,1,16,1,False,0.1,lr1e-04_bs32_modL1_fusion16_fusionL1_fusionBN0_drop0p1__wd1e-04trmiss40_trlocglobal,20,0.5210840304692587,0.6701489984989166,0.6383399209486166,0.6619780831961015,0.6222222222222222,0.0,0.0,0.0,0.0,0.0,0.0,0.0,0.0,0.0,,,,,18473,global,0.4
2,1,lr1e-04_bs32_modL1_fusion16_fusionL1_fusionBN0_drop0p1__wd1e-04trmiss40_trlocglobal,32,0.0001,0.0001,1,16,1,False,0.1,lr1e-04_bs32_modL1_fusion16_fusionL1_fusionBN0_drop0p1__wd1e-04trmiss40_trlocglobal,21,0.5133219361305237,0.6704287827014923,0.6304347826086956,0.6601498750846463,0.6222222222222222,0.0,0.0,0.0,0.0,0.0,0.0,0.0,0.0,0.0,,,,,18473,global,0.4
2,1,lr1e-04_bs32_modL1_fusion16_fusionL1_fusionBN0_drop0p1__wd1e-04trmiss40_trlocglobal,32,0.0001,0.0001,1,16,1,False,0.1,lr1e-04_bs32_modL1_fusion16_fusionL1_fusionBN0_drop0p1__wd1e-04trmiss40_trlocglobal,22,0.5111762980620066,0.6698056757450104,0.6245059288537549,0.6553783274775891,0.6,0.0,0.0,0.0,0.0,0.0,0.0,0.0,0.0,0.0,,,,,18473,global,0.4
2,1,lr1e-04_bs32_modL1_fusion16_fusionL1_fusionBN0_drop0p1__wd1e-04trmiss40_trlocglobal,32,0.0001,0.0001,1,16,1,False,0.1,lr1e-04_bs32_modL1_fusion16_fusionL1_fusionBN0_drop0p1__wd1e-04trmiss40_trlocglobal,23,0.5045634855826696,0.6742059290409088,0.5948616600790514,0.6277174673629335,0.5555555555555556,0.0,0.0,0.0,0.0,0.0,0.0,0.0,0.0,0.0,,,,,18473,global,0.4
2,1,lr1e-04_bs32_modL1_fusion16_fusionL1_fusionBN0_drop0p1__wd1e-04trmiss40_trlocglobal,32,0.0001,0.0001,1,16,1,False,0.1,lr1e-04_bs32_modL1_fusion16_fusionL1_fusionBN0_drop0p1__wd1e-04trmiss40_trlocglobal,24,0.5014163255691528,0.672435998916626,0.5909090909090908,0.6320822383386197,0.6,0.0,0.0,0.0,0.0,0.0,0.0,0.0,0.0,0.0,,,,,18473,global,0.4
2,1,lr1e-04_bs32_modL1_fusion16_fusionL1_fusionBN0_drop0p1__wd1e-04trmiss40_trlocglobal,32,0.0001,0.0001,1,16,1,False,0.1,lr1e-04_bs32_modL1_fusion16_fusionL1_fusionBN0_drop0p1__wd1e-04trmiss40_trlocglobal,25,0.4965289781490962,0.674209326505661,0.5889328063241107,0.6276271257402891,0.5777777777777777,0.0,0.0,0.0,0.0,0.0,0.0,0.0,0.0,0.0,,,,,18473,global,0.4
2,1,lr1e-04_bs32_modL1_fusion16_fusionL1_fusionBN0_drop0p1__wd1e-04trmiss40_trlocglobal,32,0.0001,0.0001,1,16,1,False,0.1,lr1e-04_bs32_modL1_fusion16_fusionL1_fusionBN0_drop0p1__wd1e-04trmiss40_trlocglobal,26,0.4937122066815694,0.6737944483757019,0.6007905138339922,0.6358903380518255,0.6,0.0,0.0,0.0,0.0,0.0,0.0,0.0,0.0,0.0,,,,,18473,global,0.4
2,1,lr1e-04_bs32_modL1_fusion16_fusionL1_fusionBN0_drop0p1__wd1e-04trmiss40_trlocglobal,32,0.0001,0.0001,1,16,1,False,0.1,lr1e-04_bs32_modL1_fusion16_fusionL1_fusionBN0_drop0p1__wd1e-04trmiss40_trlocglobal,27,0.48259545862674713,0.6757479906082153,0.5889328063241107,0.6237533104949524,0.6,0.0,0.0,0.0,0.0,0.0,0.0,0.0,0.0,0.0,,,,,18473,global,0.4
2,1,lr1e-04_bs32_modL1_fusion16_fusionL1_fusionBN0_drop0p1__wd1e-04trmiss40_trlocglobal,32,0.0001,0.0001,1,16,1,False,0.1,lr1e-04_bs32_modL1_fusion16_fusionL1_fusionBN0_drop0p1__wd1e-04trmiss40_trlocglobal,28,0.47449949383735657,0.6773621737957001,0.5928853754940712,0.6248295407529747,0.5777777777777777,0.0,0.0,0.0,0.0,0.0,0.0,0.0,0.0,0.0,,,,,18473,global,0.4
2,1,lr1e-04_bs32_modL1_fusion16_fusionL1_fusionBN0_drop0p1__wd1e-04trmiss40_trlocglobal,32,0.0001,0.0001,1,16,1,False,0.1,lr1e-04_bs32_modL1_fusion16_fusionL1_fusionBN0_drop0p1__wd1e-04trmiss40_trlocglobal,29,0.48341279725233716,0.6785281896591187,0.5889328063241107,0.6216392735983068,0.5777777777777777,0.0,0.0,0.0,0.0,0.0,0.0,0.0,0.0,0.0,,,,,18473,global,0.4
2,1,lr1e-04_bs32_modL1_fusion16_fusionL1_fusionBN0_drop0p1__wd1e-04trmiss40_trlocglobal,32,0.0001,0.0001,1,16,1,False,0.1,lr1e-04_bs32_modL1_fusion16_fusionL1_fusionBN0_drop0p1__wd1e-04trmiss40_trlocglobal,30,0.46828335026899975,0.6753093600273132,0.5948616600790514,0.6319729983182208,0.6222222222222222,0.0,0.0,0.0,0.0,0.0,0.0,0.0,0.0,0.0,,,,,18473,global,0.4
2,1,lr1e-04_bs32_modL1_fusion16_fusionL1_fusionBN0_drop0p1__wd1e-04trmiss40_trlocglobal,32,0.0001,0.0001,1,16,1,False,0.1,lr1e-04_bs32_modL1_fusion16_fusionL1_fusionBN0_drop0p1__wd1e-04trmiss40_trlocglobal,31,0.4653472950061162,0.6751903295516968,0.5909090909090909,0.6188160339332853,0.6,0.0,0.0,0.0,0.0,0.0,0.0,0.0,0.0,0.0,,,,,18473,global,0.4
2,1,lr1e-04_bs32_modL1_fusion16_fusionL1_fusionBN0_drop0p1__wd1e-04trmiss40_trlocglobal,32,0.0001,0.0001,1,16,1,False,0.1,lr1e-04_bs32_modL1_fusion16_fusionL1_fusionBN0_drop0p1__wd1e-04trmiss40_trlocglobal,32,0.458116556207339,0.6752989292144775,0.5889328063241107,0.618834654050804,0.6222222222222222,0.0,0.0,0.0,0.0,0.0,0.0,0.0,0.0,0.0,,,,,18473,global,0.4
2,1,lr1e-04_bs32_modL1_fusion16_fusionL1_fusionBN0_drop0p1__wd1e-04trmiss40_trlocglobal,32,0.0001,0.0001,1,16,1,False,0.1,lr1e-04_bs32_modL1_fusion16_fusionL1_fusionBN0_drop0p1__wd1e-04trmiss40_trlocglobal,33,0.4562190423409144,0.6765651702880859,0.5968379446640316,0.625253895550175,0.6222222222222222,0.0,0.0,0.0,0.0,0.0,0.0,0.0,0.0,0.0,,,,,18473,global,0.4
2,1,lr1e-04_bs32_modL1_fusion16_fusionL1_fusionBN0_drop0p1__wd1e-04trmiss40_trlocglobal,32,0.0001,0.0001,1,16,1,False,0.1,lr1e-04_bs32_modL1_fusion16_fusionL1_fusionBN0_drop0p1__wd1e-04trmiss40_trlocglobal,34,0.46034877995649975,0.6760185360908508,0.5968379446640317,0.6247084785725329,0.6,0.0,0.0,0.0,0.0,0.0,0.0,0.0,0.0,0.0,,,,,18473,global,0.4
2,1,lr1e-04_bs32_modL1_fusion16_fusionL1_fusionBN0_drop0p1__wd1e-04trmiss40_trlocglobal,32,0.0001,0.0001,1,16,1,False,0.1,lr1e-04_bs32_modL1_fusion16_fusionL1_fusionBN0_drop0p1__wd1e-04trmiss40_trlocglobal,35,0.44457945227622986,0.6780434250831604,0.5790513833992095,0.5959787302074162,0.5777777777777777,0.0,0.0,0.0,0.0,0.0,0.0,0.0,0.0,0.0,,,,,18473,global,0.4
2,1,lr1e-04_bs32_modL1_fusion32_fusionL1_fusionBN0_drop0p2__wd1e-04trmiss40_trlocglobal,32,0.0001,0.0001,1,32,1,False,0.2,lr1e-04_bs32_modL1_fusion32_fusionL1_fusionBN0_drop0p2__wd1e-04trmiss40_trlocglobal,1,0.7012094259262085,0.6874085366725922,0.575098814229249,0.6224653932678097,0.5111111111111111,0.0,0.0,0.0,0.0,0.0,0.0,0.0,0.0,0.0,,,,,18473,global,0.4
2,1,lr1e-04_bs32_modL1_fusion32_fusionL1_fusionBN0_drop0p2__wd1e-04trmiss40_trlocglobal,32,0.0001,0.0001,1,32,1,False,0.2,lr1e-04_bs32_modL1_fusion32_fusionL1_fusionBN0_drop0p2__wd1e-04trmiss40_trlocglobal,2,0.6769574681917826,0.6868212223052979,0.5375494071146245,0.5655132941081707,0.5555555555555556,0.0,0.0,0.0,0.0,0.0,0.0,0.0,0.0,0.0,,,,,18473,global,0.4
2,1,lr1e-04_bs32_modL1_fusion32_fusionL1_fusionBN0_drop0p2__wd1e-04trmiss40_trlocglobal,32,0.0001,0.0001,1,32,1,False,0.2,lr1e-04_bs32_modL1_fusion32_fusionL1_fusionBN0_drop0p2__wd1e-04trmiss40_trlocglobal,3,0.6726087828477224,0.6863166391849518,0.5632411067193677,0.5782033964723468,0.5555555555555556,0.0,0.0,0.0,0.0,0.0,0.0,0.0,0.0,0.0,,,,,18473,global,0.4
2,1,lr1e-04_bs32_modL1_fusion32_fusionL1_fusionBN0_drop0p2__wd1e-04trmiss40_trlocglobal,32,0.0001,0.0001,1,32,1,False,0.2,lr1e-04_bs32_modL1_fusion32_fusionL1_fusionBN0_drop0p2__wd1e-04trmiss40_trlocglobal,4,0.6624547938505808,0.6846797466278076,0.5928853754940713,0.6024621959309109,0.6444444444444445,0.0,0.0,0.0,0.0,0.0,0.0,0.0,0.0,0.0,,,,,18473,global,0.4
2,1,lr1e-04_bs32_modL1_fusion32_fusionL1_fusionBN0_drop0p2__wd1e-04trmiss40_trlocglobal,32,0.0001,0.0001,1,32,1,False,0.2,lr1e-04_bs32_modL1_fusion32_fusionL1_fusionBN0_drop0p2__wd1e-04trmiss40_trlocglobal,5,0.6463896433512369,0.6835499703884125,0.6106719367588934,0.6166482083986424,0.6444444444444445,0.0,0.0,0.0,0.0,0.0,0.0,0.0,0.0,0.0,,,,,18473,global,0.4
2,1,lr1e-04_bs32_modL1_fusion32_fusionL1_fusionBN0_drop0p2__wd1e-04trmiss40_trlocglobal,32,0.0001,0.0001,1,32,1,False,0.2,lr1e-04_bs32_modL1_fusion32_fusionL1_fusionBN0_drop0p2__wd1e-04trmiss40_trlocglobal,6,0.646196573972702,0.6834611296653748,0.5909090909090909,0.6021326511112071,0.6222222222222222,0.0,0.0,0.0,0.0,0.0,0.0,0.0,0.0,0.0,,,,,18473,global,0.4
2,1,lr1e-04_bs32_modL1_fusion32_fusionL1_fusionBN0_drop0p2__wd1e-04trmiss40_trlocglobal,32,0.0001,0.0001,1,32,1,False,0.2,lr1e-04_bs32_modL1_fusion32_fusionL1_fusionBN0_drop0p2__wd1e-04trmiss40_trlocglobal,7,0.6320982774098715,0.6831468939781189,0.6007905138339921,0.6085733011986059,0.5777777777777777,0.0,0.0,0.0,0.0,0.0,0.0,0.0,0.0,0.0,,,,,18473,global,0.4
2,1,lr1e-04_bs32_modL1_fusion32_fusionL1_fusionBN0_drop0p2__wd1e-04trmiss40_trlocglobal,32,0.0001,0.0001,1,32,1,False,0.2,lr1e-04_bs32_modL1_fusion32_fusionL1_fusionBN0_drop0p2__wd1e-04trmiss40_trlocglobal,8,0.6228903333346049,0.683217465877533,0.5909090909090908,0.5963114961283299,0.6,0.0,0.0,0.0,0.0,0.0,0.0,0.0,0.0,0.0,,,,,18473,global,0.4
2,1,lr1e-04_bs32_modL1_fusion32_fusionL1_fusionBN0_drop0p2__wd1e-04trmiss40_trlocglobal,32,0.0001,0.0001,1,32,1,False,0.2,lr1e-04_bs32_modL1_fusion32_fusionL1_fusionBN0_drop0p2__wd1e-04trmiss40_trlocglobal,9,0.6183858116467794,0.6812325119972229,0.5948616600790514,0.6018919581343865,0.5777777777777777,0.0,0.0,0.0,0.0,0.0,0.0,0.0,0.0,0.0,,,,,18473,global,0.4
2,1,lr1e-04_bs32_modL1_fusion32_fusionL1_fusionBN0_drop0p2__wd1e-04trmiss40_trlocglobal,32,0.0001,0.0001,1,32,1,False,0.2,lr1e-04_bs32_modL1_fusion32_fusionL1_fusionBN0_drop0p2__wd1e-04trmiss40_trlocglobal,10,0.6074594457944235,0.6805591285228729,0.5889328063241106,0.5992863800556434,0.5777777777777777,0.0,0.0,0.0,0.0,0.0,0.0,0.0,0.0,0.0,,,,,18473,global,0.4
2,1,lr1e-04_bs32_modL1_fusion32_fusionL1_fusionBN0_drop0p2__wd1e-04trmiss40_trlocglobal,32,0.0001,0.0001,1,32,1,False,0.2,lr1e-04_bs32_modL1_fusion32_fusionL1_fusionBN0_drop0p2__wd1e-04trmiss40_trlocglobal,11,0.6068266133467356,0.6795154511928558,0.5988142292490118,0.6054296991320501,0.5777777777777777,0.0,0.0,0.0,0.0,0.0,0.0,0.0,0.0,0.0,,,,,18473,global,0.4
2,1,lr1e-04_bs32_modL1_fusion32_fusionL1_fusionBN0_drop0p2__wd1e-04trmiss40_trlocglobal,32,0.0001,0.0001,1,32,1,False,0.2,lr1e-04_bs32_modL1_fusion32_fusionL1_fusionBN0_drop0p2__wd1e-04trmiss40_trlocglobal,12,0.5840953886508942,0.6802386045455933,0.5731225296442688,0.5856285581349093,0.5777777777777777,0.0,0.0,0.0,0.0,0.0,0.0,0.0,0.0,0.0,,,,,18473,global,0.4
2,1,lr1e-04_bs32_modL1_fusion32_fusionL1_fusionBN0_drop0p2__wd1e-04trmiss40_trlocglobal,32,0.0001,0.0001,1,32,1,False,0.2,lr1e-04_bs32_modL1_fusion32_fusionL1_fusionBN0_drop0p2__wd1e-04trmiss40_trlocglobal,13,0.5899437367916107,0.6789608597755432,0.5869565217391305,0.6076223201566453,0.5777777777777777,0.0,0.0,0.0,0.0,0.0,0.0,0.0,0.0,0.0,,,,,18473,global,0.4
2,1,lr1e-04_bs32_modL1_fusion32_fusionL1_fusionBN0_drop0p2__wd1e-04trmiss40_trlocglobal,32,0.0001,0.0001,1,32,1,False,0.2,lr1e-04_bs32_modL1_fusion32_fusionL1_fusionBN0_drop0p2__wd1e-04trmiss40_trlocglobal,14,0.5795436004797617,0.6802785098552704,0.567193675889328,0.6009657483489521,0.5333333333333333,0.0,0.0,0.0,0.0,0.0,0.0,0.0,0.0,0.0,,,,,18473,global,0.4
2,1,lr1e-04_bs32_modL1_fusion32_fusionL1_fusionBN0_drop0p2__wd1e-04trmiss40_trlocglobal,32,0.0001,0.0001,1,32,1,False,0.2,lr1e-04_bs32_modL1_fusion32_fusionL1_fusionBN0_drop0p2__wd1e-04trmiss40_trlocglobal,15,0.574914425611496,0.6813660860061646,0.575098814229249,0.6054117377976047,0.5555555555555556,0.0,0.0,0.0,0.0,0.0,0.0,0.0,0.0,0.0,,,,,18473,global,0.4
2,1,lr1e-04_bs32_modL1_fusion32_fusionL1_fusionBN0_drop0p2__wd1e-04trmiss40_trlocglobal,32,0.0001,0.0001,1,32,1,False,0.2,lr1e-04_bs32_modL1_fusion32_fusionL1_fusionBN0_drop0p2__wd1e-04trmiss40_trlocglobal,16,0.5775960882504781,0.6805749833583832,0.5711462450592886,0.5829263455140046,0.5333333333333333,0.0,0.0,0.0,0.0,0.0,0.0,0.0,0.0,0.0,,,,,18473,global,0.4
2,1,lr1e-04_bs32_modL1_fusion32_fusionL1_fusionBN0_drop0p2__wd1e-04trmiss40_trlocglobal,32,0.0001,0.0001,1,32,1,False,0.2,lr1e-04_bs32_modL1_fusion32_fusionL1_fusionBN0_drop0p2__wd1e-04trmiss40_trlocglobal,17,0.5666395227114359,0.6794706881046295,0.5889328063241107,0.5963287404437146,0.5777777777777777,0.0,0.0,0.0,0.0,0.0,0.0,0.0,0.0,0.0,,,,,18473,global,0.4
2,1,lr1e-04_bs32_modL1_fusion32_fusionL1_fusionBN0_drop0p2__wd1e-04trmiss40_trlocglobal,32,0.0001,0.0001,1,32,1,False,0.2,lr1e-04_bs32_modL1_fusion32_fusionL1_fusionBN0_drop0p2__wd1e-04trmiss40_trlocglobal,18,0.5641050239404043,0.6814552843570709,0.5494071146245059,0.5627991789946895,0.4888888888888889,0.0,0.0,0.0,0.0,0.0,0.0,0.0,0.0,0.0,,,,,18473,global,0.4
2,1,lr1e-04_bs32_modL1_fusion32_fusionL1_fusionBN0_drop0p2__wd1e-04trmiss40_trlocglobal,32,0.0001,0.0001,1,32,1,False,0.2,lr1e-04_bs32_modL1_fusion32_fusionL1_fusionBN0_drop0p2__wd1e-04trmiss40_trlocglobal,19,0.5436710119247437,0.68274986743927,0.5316205533596838,0.5407395683356172,0.4888888888888889,0.0,0.0,0.0,0.0,0.0,0.0,0.0,0.0,0.0,,,,,18473,global,0.4
2,1,lr1e-04_bs32_modL1_fusion32_fusionL1_fusionBN0_drop0p2__wd1e-04trmiss40_trlocglobal,32,0.0001,0.0001,1,32,1,False,0.2,lr1e-04_bs32_modL1_fusion32_fusionL1_fusionBN0_drop0p2__wd1e-04trmiss40_trlocglobal,20,0.5472987294197083,0.6810452938079834,0.5375494071146245,0.5660912999373487,0.5111111111111111,0.0,0.0,0.0,0.0,0.0,0.0,0.0,0.0,0.0,,,,,18473,global,0.4
2,1,lr1e-04_bs32_modL1_fusion32_fusionL1_fusionBN0_drop0p2__wd1e-04trmiss40_trlocglobal,32,0.0001,0.0001,1,32,1,False,0.2,lr1e-04_bs32_modL1_fusion32_fusionL1_fusionBN0_drop0p2__wd1e-04trmiss40_trlocglobal,21,0.5332499543825785,0.6813717782497406,0.5415019762845851,0.5748531690643329,0.5111111111111111,0.0,0.0,0.0,0.0,0.0,0.0,0.0,0.0,0.0,,,,,18473,global,0.4
2,1,lr1e-04_bs32_modL1_fusion32_fusionL1_fusionBN0_drop0p2__wd1e-04trmiss40_trlocglobal,32,0.0001,0.0001,1,32,1,False,0.2,lr1e-04_bs32_modL1_fusion32_fusionL1_fusionBN0_drop0p2__wd1e-04trmiss40_trlocglobal,22,0.5440802276134491,0.6773702502250671,0.5652173913043478,0.6062886608131018,0.5111111111111111,0.0,0.0,0.0,0.0,0.0,0.0,0.0,0.0,0.0,,,,,18473,global,0.4
2,1,lr1e-04_bs32_modL1_fusion32_fusionL1_fusionBN0_drop0p2__wd1e-04trmiss40_trlocglobal,32,0.0001,0.0001,1,32,1,False,0.2,lr1e-04_bs32_modL1_fusion32_fusionL1_fusionBN0_drop0p2__wd1e-04trmiss40_trlocglobal,23,0.5162481864293417,0.6769639551639557,0.5711462450592886,0.6035570931172272,0.4888888888888889,0.0,0.0,0.0,0.0,0.0,0.0,0.0,0.0,0.0,,,,,18473,global,0.4
2,1,lr1e-04_bs32_modL1_fusion32_fusionL1_fusionBN0_drop0p2__wd1e-04trmiss40_trlocglobal,32,0.0001,0.0001,1,32,1,False,0.2,lr1e-04_bs32_modL1_fusion32_fusionL1_fusionBN0_drop0p2__wd1e-04trmiss40_trlocglobal,24,0.533412754535675,0.6776307225227356,0.5691699604743083,0.6052623357736189,0.5333333333333333,0.0,0.0,0.0,0.0,0.0,0.0,0.0,0.0,0.0,,,,,18473,global,0.4
2,1,lr1e-04_bs32_modL1_fusion32_fusionL1_fusionBN0_drop0p2__wd1e-04trmiss40_trlocglobal,32,0.0001,0.0001,1,32,1,False,0.2,lr1e-04_bs32_modL1_fusion32_fusionL1_fusionBN0_drop0p2__wd1e-04trmiss40_trlocglobal,25,0.5122467031081518,0.6754496991634369,0.5691699604743083,0.5968162136735544,0.5333333333333333,0.0,0.0,0.0,0.0,0.0,0.0,0.0,0.0,0.0,,,,,18473,global,0.4
2,1,lr1e-04_bs32_modL1_fusion32_fusionL1_fusionBN0_drop0p1__wd1e-04trmiss40_trlocglobal,32,0.0001,0.0001,1,32,1,False,0.1,lr1e-04_bs32_modL1_fusion32_fusionL1_fusionBN0_drop0p1__wd1e-04trmiss40_trlocglobal,1,0.691089391708374,0.6930351257324219,0.5177865612648221,0.5138514646355846,0.4444444444444444,0.0,0.0,0.0,0.0,0.0,0.0,0.0,0.0,0.0,,,,,18473,global,0.4
2,1,lr1e-04_bs32_modL1_fusion32_fusionL1_fusionBN0_drop0p1__wd1e-04trmiss40_trlocglobal,32,0.0001,0.0001,1,32,1,False,0.1,lr1e-04_bs32_modL1_fusion32_fusionL1_fusionBN0_drop0p1__wd1e-04trmiss40_trlocglobal,2,0.6754902402559916,0.6918207108974457,0.5197628458498024,0.521732082507221,0.4888888888888889,0.0,0.0,0.0,0.0,0.0,0.0,0.0,0.0,0.0,,,,,18473,global,0.4
2,1,lr1e-04_bs32_modL1_fusion32_fusionL1_fusionBN0_drop0p1__wd1e-04trmiss40_trlocglobal,32,0.0001,0.0001,1,32,1,False,0.1,lr1e-04_bs32_modL1_fusion32_fusionL1_fusionBN0_drop0p1__wd1e-04trmiss40_trlocglobal,3,0.6697809596856436,0.6917383074760437,0.525691699604743,0.5295375012412948,0.5111111111111111,0.0,0.0,0.0,0.0,0.0,0.0,0.0,0.0,0.0,,,,,18473,global,0.4
2,1,lr1e-04_bs32_modL1_fusion32_fusionL1_fusionBN0_drop0p1__wd1e-04trmiss40_trlocglobal,32,0.0001,0.0001,1,32,1,False,0.1,lr1e-04_bs32_modL1_fusion32_fusionL1_fusionBN0_drop0p1__wd1e-04trmiss40_trlocglobal,4,0.6517658134301504,0.6923189461231232,0.5335968379446641,0.5269425168696046,0.5111111111111111,0.0,0.0,0.0,0.0,0.0,0.0,0.0,0.0,0.0,,,,,18473,global,0.4
2,1,lr1e-04_bs32_modL1_fusion32_fusionL1_fusionBN0_drop0p1__wd1e-04trmiss40_trlocglobal,32,0.0001,0.0001,1,32,1,False,0.1,lr1e-04_bs32_modL1_fusion32_fusionL1_fusionBN0_drop0p1__wd1e-04trmiss40_trlocglobal,5,0.6435390015443166,0.6906224489212036,0.541501976284585,0.5357855046700564,0.4666666666666667,0.0,0.0,0.0,0.0,0.0,0.0,0.0,0.0,0.0,,,,,18473,global,0.4
2,1,lr1e-04_bs32_modL1_fusion32_fusionL1_fusionBN0_drop0p1__wd1e-04trmiss40_trlocglobal,32,0.0001,0.0001,1,32,1,False,0.1,lr1e-04_bs32_modL1_fusion32_fusionL1_fusionBN0_drop0p1__wd1e-04trmiss40_trlocglobal,6,0.6332808335622152,0.6889326274394989,0.5375494071146245,0.5428180081053353,0.4666666666666667,0.0,0.0,0.0,0.0,0.0,0.0,0.0,0.0,0.0,,,,,18473,global,0.4
2,1,lr1e-04_bs32_modL1_fusion32_fusionL1_fusionBN0_drop0p1__wd1e-04trmiss40_trlocglobal,32,0.0001,0.0001,1,32,1,False,0.1,lr1e-04_bs32_modL1_fusion32_fusionL1_fusionBN0_drop0p1__wd1e-04trmiss40_trlocglobal,7,0.6308866242567698,0.6877159178256989,0.5434782608695652,0.555419809415588,0.4888888888888889,0.0,0.0,0.0,0.0,0.0,0.0,0.0,0.0,0.0,,,,,18473,global,0.4
2,1,lr1e-04_bs32_modL1_fusion32_fusionL1_fusionBN0_drop0p1__wd1e-04trmiss40_trlocglobal,32,0.0001,0.0001,1,32,1,False,0.1,lr1e-04_bs32_modL1_fusion32_fusionL1_fusionBN0_drop0p1__wd1e-04trmiss40_trlocglobal,8,0.6216993828614553,0.6869463920593262,0.5454545454545454,0.5479685327251694,0.4888888888888889,0.0,0.0,0.0,0.0,0.0,0.0,0.0,0.0,0.0,,,,,18473,global,0.4
2,1,lr1e-04_bs32_modL1_fusion32_fusionL1_fusionBN0_drop0p1__wd1e-04trmiss40_trlocglobal,32,0.0001,0.0001,1,32,1,False,0.1,lr1e-04_bs32_modL1_fusion32_fusionL1_fusionBN0_drop0p1__wd1e-04trmiss40_trlocglobal,9,0.6072821021080017,0.6882216036319733,0.525691699604743,0.5409005212807277,0.4444444444444444,0.0,0.0,0.0,0.0,0.0,0.0,0.0,0.0,0.0,,,,,18473,global,0.4
2,1,lr1e-04_bs32_modL1_fusion32_fusionL1_fusionBN0_drop0p1__wd1e-04trmiss40_trlocglobal,32,0.0001,0.0001,1,32,1,False,0.1,lr1e-04_bs32_modL1_fusion32_fusionL1_fusionBN0_drop0p1__wd1e-04trmiss40_trlocglobal,10,0.5985598762830099,0.6876458823680878,0.5237154150197629,0.5340506060934233,0.4444444444444444,0.0,0.0,0.0,0.0,0.0,0.0,0.0,0.0,0.0,,,,,18473,global,0.4
2,1,lr1e-04_bs32_modL1_fusion32_fusionL1_fusionBN0_drop0p1__wd1e-04trmiss40_trlocglobal,32,0.0001,0.0001,1,32,1,False,0.1,lr1e-04_bs32_modL1_fusion32_fusionL1_fusionBN0_drop0p1__wd1e-04trmiss40_trlocglobal,11,0.5939261714617411,0.6884329617023468,0.5039525691699605,0.5327058774376694,0.4,0.0,0.0,0.0,0.0,0.0,0.0,0.0,0.0,0.0,,,,,18473,global,0.4
2,1,lr1e-04_bs32_modL1_fusion32_fusionL1_fusionBN0_drop0p1__wd1e-04trmiss40_trlocglobal,32,0.0001,0.0001,1,32,1,False,0.1,lr1e-04_bs32_modL1_fusion32_fusionL1_fusionBN0_drop0p1__wd1e-04trmiss40_trlocglobal,12,0.5872987906138102,0.6886060237884521,0.5059288537549407,0.5305489983257781,0.4222222222222222,0.0,0.0,0.0,0.0,0.0,0.0,0.0,0.0,0.0,,,,,18473,global,0.4
2,1,lr1e-04_bs32_modL1_fusion32_fusionL1_fusionBN0_drop0p1__wd1e-04trmiss40_trlocglobal,32,0.0001,0.0001,1,32,1,False,0.1,lr1e-04_bs32_modL1_fusion32_fusionL1_fusionBN0_drop0p1__wd1e-04trmiss40_trlocglobal,13,0.5813218057155609,0.6901952624320984,0.5217391304347827,0.5378824383198645,0.4666666666666667,0.0,0.0,0.0,0.0,0.0,0.0,0.0,0.0,0.0,,,,,18473,global,0.4
2,1,lr1e-04_bs32_modL1_fusion32_fusionL1_fusionBN0_drop0p1__wd1e-04trmiss40_trlocglobal,32,0.0001,0.0001,1,32,1,False,0.1,lr1e-04_bs32_modL1_fusion32_fusionL1_fusionBN0_drop0p1__wd1e-04trmiss40_trlocglobal,14,0.5756082336107889,0.6920082271099091,0.5296442687747036,0.5367269631532433,0.4666666666666667,0.0,0.0,0.0,0.0,0.0,0.0,0.0,0.0,0.0,,,,,18473,global,0.4
2,1,lr1e-04_bs32_modL1_fusion32_fusionL1_fusionBN0_drop0p1__wd1e-04trmiss40_trlocglobal,32,0.0001,0.0001,1,32,1,False,0.1,lr1e-04_bs32_modL1_fusion32_fusionL1_fusionBN0_drop0p1__wd1e-04trmiss40_trlocglobal,15,0.5708361069361368,0.6919685006141663,0.5375494071146245,0.5338534944669201,0.5333333333333333,0.0,0.0,0.0,0.0,0.0,0.0,0.0,0.0,0.0,,,,,18473,global,0.4
2,1,lr1e-04_bs32_modL1_fusion32_fusionL1_fusionBN0_drop0p1__wd1e-04trmiss40_trlocglobal,32,0.0001,0.0001,1,32,1,False,0.1,lr1e-04_bs32_modL1_fusion32_fusionL1_fusionBN0_drop0p1__wd1e-04trmiss40_trlocglobal,16,0.5639040867487589,0.6899382472038269,0.5454545454545454,0.5526539162926495,0.5333333333333333,0.0,0.0,0.0,0.0,0.0,0.0,0.0,0.0,0.0,,,,,18473,global,0.4
2,1,lr1e-04_bs32_modL1_fusion32_fusionL1_fusionBN0_drop0p1__wd1e-04trmiss40_trlocglobal,32,0.0001,0.0001,1,32,1,False,0.1,lr1e-04_bs32_modL1_fusion32_fusionL1_fusionBN0_drop0p1__wd1e-04trmiss40_trlocglobal,17,0.5538950562477112,0.6929125785827637,0.5316205533596838,0.5450667897749571,0.5333333333333333,0.0,0.0,0.0,0.0,0.0,0.0,0.0,0.0,0.0,,,,,18473,global,0.4
2,1,lr1e-04_bs32_modL1_fusion32_fusionL1_fusionBN0_drop0p1__wd1e-04trmiss40_trlocglobal,32,0.0001,0.0001,1,32,1,False,0.1,lr1e-04_bs32_modL1_fusion32_fusionL1_fusionBN0_drop0p1__wd1e-04trmiss40_trlocglobal,18,0.5510794023672739,0.6958478093147278,0.5158102766798419,0.5304840698686075,0.4888888888888889,0.0,0.0,0.0,0.0,0.0,0.0,0.0,0.0,0.0,,,,,18473,global,0.4
2,1,lr1e-04_bs32_modL1_fusion32_fusionL1_fusionBN0_drop0p1__wd1e-04trmiss40_trlocglobal,32,0.0001,0.0001,1,32,1,False,0.1,lr1e-04_bs32_modL1_fusion32_fusionL1_fusionBN0_drop0p1__wd1e-04trmiss40_trlocglobal,19,0.5424471696217855,0.6968507170677185,0.5059288537549407,0.5242963505029326,0.5111111111111111,0.0,0.0,0.0,0.0,0.0,0.0,0.0,0.0,0.0,,,,,18473,global,0.4
2,1,lr1e-04_bs32_modL1_fusion32_fusionL1_fusionBN0_drop0p1__wd1e-04trmiss40_trlocglobal,32,0.0001,0.0001,1,32,1,False,0.1,lr1e-04_bs32_modL1_fusion32_fusionL1_fusionBN0_drop0p1__wd1e-04trmiss40_trlocglobal,20,0.5328653951485952,0.6966464817523956,0.5177865612648221,0.5252944799665351,0.5111111111111111,0.0,0.0,0.0,0.0,0.0,0.0,0.0,0.0,0.0,,,,,18473,global,0.4
2,1,lr1e-04_bs32_modL1_fusion32_fusionL1_fusionBN0_drop0p1__wd1e-04trmiss40_trlocglobal,32,0.0001,0.0001,1,32,1,False,0.1,lr1e-04_bs32_modL1_fusion32_fusionL1_fusionBN0_drop0p1__wd1e-04trmiss40_trlocglobal,21,0.5260286132494608,0.6978311836719513,0.5079051383399209,0.5232244944438641,0.5111111111111111,0.0,0.0,0.0,0.0,0.0,0.0,0.0,0.0,0.0,,,,,18473,global,0.4
2,1,lr1e-04_bs32_modL1_fusion32_fusionL1_fusionBN0_drop0p1__wd1e-04trmiss40_trlocglobal,32,0.0001,0.0001,1,32,1,False,0.1,lr1e-04_bs32_modL1_fusion32_fusionL1_fusionBN0_drop0p1__wd1e-04trmiss40_trlocglobal,22,0.5203121801217397,0.6996707022190094,0.5019762845849802,0.5149946807792679,0.5111111111111111,0.0,0.0,0.0,0.0,0.0,0.0,0.0,0.0,0.0,,,,,18473,global,0.4
2,1,lr1e-04_bs32_modL1_fusion32_fusionL1_fusionBN0_drop0p1__wd1e-04trmiss40_trlocglobal,32,0.0001,0.0001,1,32,1,False,0.1,lr1e-04_bs32_modL1_fusion32_fusionL1_fusionBN0_drop0p1__wd1e-04trmiss40_trlocglobal,23,0.5102577904860178,0.7019818425178528,0.5079051383399209,0.5190772399835167,0.5111111111111111,0.0,0.0,0.0,0.0,0.0,0.0,0.0,0.0,0.0,,,,,18473,global,0.4
2,1,lr1e-04_bs32_modL1_fusion32_fusionL1_fusionBN0_drop0p1__wd1e-04trmiss40_trlocglobal,32,0.0001,0.0001,1,32,1,False,0.1,lr1e-04_bs32_modL1_fusion32_fusionL1_fusionBN0_drop0p1__wd1e-04trmiss40_trlocglobal,24,0.5049205323060354,0.7002846002578735,0.5059288537549407,0.518258647834795,0.5333333333333333,0.0,0.0,0.0,0.0,0.0,0.0,0.0,0.0,0.0,,,,,18473,global,0.4
2,1,lr1e-04_bs32_modL1_fusion32_fusionL1_fusionBN0_drop0p1__wd1e-04trmiss40_trlocglobal,32,0.0001,0.0001,1,32,1,False,0.1,lr1e-04_bs32_modL1_fusion32_fusionL1_fusionBN0_drop0p1__wd1e-04trmiss40_trlocglobal,25,0.49852897723515827,0.7009425163269043,0.5118577075098815,0.5156604580081761,0.5111111111111111,0.0,0.0,0.0,0.0,0.0,0.0,0.0,0.0,0.0,,,,,18473,global,0.4
2,1,lr1e-04_bs32_modL1_fusion32_fusionL1_fusionBN0_drop0p1__wd1e-04trmiss40_trlocglobal,32,0.0001,0.0001,1,32,1,False,0.1,lr1e-04_bs32_modL1_fusion32_fusionL1_fusionBN0_drop0p1__wd1e-04trmiss40_trlocglobal,26,0.49751601616541546,0.7011436522006989,0.5197628458498023,0.519944887799362,0.5333333333333333,0.0,0.0,0.0,0.0,0.0,0.0,0.0,0.0,0.0,,,,,18473,global,0.4
2,1,lr1e-04_bs32_modL1_fusion32_fusionL1_fusionBN0_drop0p1__wd1e-04trmiss40_trlocglobal,32,0.0001,0.0001,1,32,1,False,0.1,lr1e-04_bs32_modL1_fusion32_fusionL1_fusionBN0_drop0p1__wd1e-04trmiss40_trlocglobal,27,0.48633550107479095,0.7037590742111206,0.5177865612648221,0.5254661679069714,0.5333333333333333,0.0,0.0,0.0,0.0,0.0,0.0,0.0,0.0,0.0,,,,,18473,global,0.4
2,1,lr1e-04_bs32_modL1_fusion32_fusionL1_fusionBN0_drop0p1__wd1e-04trmiss40_trlocglobal,32,0.0001,0.0001,1,32,1,False,0.1,lr1e-04_bs32_modL1_fusion32_fusionL1_fusionBN0_drop0p1__wd1e-04trmiss40_trlocglobal,28,0.48906854788462323,0.7014589309692383,0.517786561264822,0.5237785708452872,0.5333333333333333,0.0,0.0,0.0,0.0,0.0,0.0,0.0,0.0,0.0,,,,,18473,global,0.4
2,1,lr5e-05_bs32_modL1_fusion16_fusionL1_fusionBN0_drop0p2__wd1e-04trmiss40_trlocglobal,32,5e-05,0.0001,1,16,1,False,0.2,lr5e-05_bs32_modL1_fusion16_fusionL1_fusionBN0_drop0p2__wd1e-04trmiss40_trlocglobal,1,0.6991363863150278,0.7247564196586609,0.4841897233201581,0.5129288386324439,0.5111111111111111,0.0,0.0,0.0,0.0,0.0,0.0,0.0,0.0,0.0,,,,,18473,global,0.4
2,1,lr5e-05_bs32_modL1_fusion16_fusionL1_fusionBN0_drop0p2__wd1e-04trmiss40_trlocglobal,32,5e-05,0.0001,1,16,1,False,0.2,lr5e-05_bs32_modL1_fusion16_fusionL1_fusionBN0_drop0p2__wd1e-04trmiss40_trlocglobal,2,0.7015262146790823,0.7276311814785004,0.4466403162055336,0.49762182074183303,0.5111111111111111,0.0,0.0,0.0,0.0,0.0,0.0,0.0,0.0,0.0,,,,,18473,global,0.4
2,1,lr5e-05_bs32_modL1_fusion16_fusionL1_fusionBN0_drop0p2__wd1e-04trmiss40_trlocglobal,32,5e-05,0.0001,1,16,1,False,0.2,lr5e-05_bs32_modL1_fusion16_fusionL1_fusionBN0_drop0p2__wd1e-04trmiss40_trlocglobal,3,0.6898259917894999,0.729921817779541,0.432806324110672,0.49592537895525923,0.5111111111111111,0.0,0.0,0.0,0.0,0.0,0.0,0.0,0.0,0.0,,,,,18473,global,0.4
2,1,lr5e-05_bs32_modL1_fusion16_fusionL1_fusionBN0_drop0p2__wd1e-04trmiss40_trlocglobal,32,5e-05,0.0001,1,16,1,False,0.2,lr5e-05_bs32_modL1_fusion16_fusionL1_fusionBN0_drop0p2__wd1e-04trmiss40_trlocglobal,4,0.6779969930648804,0.7304772734642029,0.4308300395256917,0.5026793764450761,0.5111111111111111,0.0,0.0,0.0,0.0,0.0,0.0,0.0,0.0,0.0,,,,,18473,global,0.4
2,1,lr5e-05_bs32_modL1_fusion16_fusionL1_fusionBN0_drop0p2__wd1e-04trmiss40_trlocglobal,32,5e-05,0.0001,1,16,1,False,0.2,lr5e-05_bs32_modL1_fusion16_fusionL1_fusionBN0_drop0p2__wd1e-04trmiss40_trlocglobal,5,0.6740385591983795,0.7296173572540283,0.43083003952569177,0.5039355668985305,0.5111111111111111,0.0,0.0,0.0,0.0,0.0,0.0,0.0,0.0,0.0,,,,,18473,global,0.4
2,1,lr5e-05_bs32_modL1_fusion16_fusionL1_fusionBN0_drop0p2__wd1e-04trmiss40_trlocglobal,32,5e-05,0.0001,1,16,1,False,0.2,lr5e-05_bs32_modL1_fusion16_fusionL1_fusionBN0_drop0p2__wd1e-04trmiss40_trlocglobal,6,0.680969367424647,0.7279029190540314,0.45454545454545453,0.5259837630899492,0.5111111111111111,0.0,0.0,0.0,0.0,0.0,0.0,0.0,0.0,0.0,,,,,18473,global,0.4
2,1,lr5e-05_bs32_modL1_fusion16_fusionL1_fusionBN0_drop0p2__wd1e-04trmiss40_trlocglobal,32,5e-05,0.0001,1,16,1,False,0.2,lr5e-05_bs32_modL1_fusion16_fusionL1_fusionBN0_drop0p2__wd1e-04trmiss40_trlocglobal,7,0.6774791479110718,0.7258158922195435,0.4841897233201582,0.5635296225513617,0.5111111111111111,0.0,0.0,0.0,0.0,0.0,0.0,0.0,0.0,0.0,,,,,18473,global,0.4
2,1,lr5e-05_bs32_modL1_fusion16_fusionL1_fusionBN0_drop0p2__wd1e-04trmiss40_trlocglobal,32,5e-05,0.0001,1,16,1,False,0.2,lr5e-05_bs32_modL1_fusion16_fusionL1_fusionBN0_drop0p2__wd1e-04trmiss40_trlocglobal,8,0.6634392241636912,0.7243145704269409,0.48418972332015814,0.5599864550633373,0.5111111111111111,0.0,0.0,0.0,0.0,0.0,0.0,0.0,0.0,0.0,,,,,18473,global,0.4
2,1,lr5e-05_bs32_modL1_fusion16_fusionL1_fusionBN0_drop0p2__wd1e-04trmiss40_trlocglobal,32,5e-05,0.0001,1,16,1,False,0.2,lr5e-05_bs32_modL1_fusion16_fusionL1_fusionBN0_drop0p2__wd1e-04trmiss40_trlocglobal,9,0.663607656955719,0.7232470512390137,0.4861660079051383,0.5594226570880635,0.4888888888888889,0.0,0.0,0.0,0.0,0.0,0.0,0.0,0.0,0.0,,,,,18473,global,0.4
2,1,lr5e-05_bs32_modL1_fusion16_fusionL1_fusionBN0_drop0p2__wd1e-04trmiss40_trlocglobal,32,5e-05,0.0001,1,16,1,False,0.2,lr5e-05_bs32_modL1_fusion16_fusionL1_fusionBN0_drop0p2__wd1e-04trmiss40_trlocglobal,10,0.6646486024061838,0.7223268747329712,0.4980237154150198,0.5564686280709561,0.4888888888888889,0.0,0.0,0.0,0.0,0.0,0.0,0.0,0.0,0.0,,,,,18473,global,0.4
2,1,lr5e-05_bs32_modL1_fusion16_fusionL1_fusionBN0_drop0p2__wd1e-04trmiss40_trlocglobal,32,5e-05,0.0001,1,16,1,False,0.2,lr5e-05_bs32_modL1_fusion16_fusionL1_fusionBN0_drop0p2__wd1e-04trmiss40_trlocglobal,11,0.6493503053983053,0.7198959589004517,0.5019762845849802,0.5571037223834872,0.4888888888888889,0.0,0.0,0.0,0.0,0.0,0.0,0.0,0.0,0.0,,,,,18473,global,0.4
2,1,lr5e-05_bs32_modL1_fusion16_fusionL1_fusionBN0_drop0p2__wd1e-04trmiss40_trlocglobal,32,5e-05,0.0001,1,16,1,False,0.2,lr5e-05_bs32_modL1_fusion16_fusionL1_fusionBN0_drop0p2__wd1e-04trmiss40_trlocglobal,12,0.6556679805119833,0.7189132571220398,0.4980237154150198,0.5523180209925335,0.4888888888888889,0.0,0.0,0.0,0.0,0.0,0.0,0.0,0.0,0.0,,,,,18473,global,0.4
2,1,lr5e-05_bs32_modL1_fusion16_fusionL1_fusionBN0_drop0p2__wd1e-04trmiss40_trlocglobal,32,5e-05,0.0001,1,16,1,False,0.2,lr5e-05_bs32_modL1_fusion16_fusionL1_fusionBN0_drop0p2__wd1e-04trmiss40_trlocglobal,13,0.6533938944339752,0.7189151644706726,0.48221343873517786,0.5442723857941248,0.4888888888888889,0.0,0.0,0.0,0.0,0.0,0.0,0.0,0.0,0.0,,,,,18473,global,0.4
2,1,lr5e-05_bs32_modL1_fusion16_fusionL1_fusionBN0_drop0p2__wd1e-04trmiss40_trlocglobal,32,5e-05,0.0001,1,16,1,False,0.2,lr5e-05_bs32_modL1_fusion16_fusionL1_fusionBN0_drop0p2__wd1e-04trmiss40_trlocglobal,14,0.6529541412989298,0.7193254828453064,0.47233201581027673,0.5333613374789845,0.4888888888888889,0.0,0.0,0.0,0.0,0.0,0.0,0.0,0.0,0.0,,,,,18473,global,0.4
2,1,lr5e-05_bs32_modL1_fusion16_fusionL1_fusionBN0_drop0p2__wd1e-04trmiss40_trlocglobal,32,5e-05,0.0001,1,16,1,False,0.2,lr5e-05_bs32_modL1_fusion16_fusionL1_fusionBN0_drop0p2__wd1e-04trmiss40_trlocglobal,15,0.6496989727020264,0.720550149679184,0.4723320158102766,0.532305907591589,0.4888888888888889,0.0,0.0,0.0,0.0,0.0,0.0,0.0,0.0,0.0,,,,,18473,global,0.4
2,1,lr5e-05_bs32_modL1_fusion16_fusionL1_fusionBN0_drop0p2__wd1e-04trmiss40_trlocglobal,32,5e-05,0.0001,1,16,1,False,0.2,lr5e-05_bs32_modL1_fusion16_fusionL1_fusionBN0_drop0p2__wd1e-04trmiss40_trlocglobal,16,0.641508013010025,0.7195914387702942,0.4703557312252965,0.5201137282737749,0.5111111111111111,0.0,0.0,0.0,0.0,0.0,0.0,0.0,0.0,0.0,,,,,18473,global,0.4
2,1,lr5e-05_bs32_modL1_fusion16_fusionL1_fusionBN0_drop0p2__wd1e-04trmiss40_trlocglobal,32,5e-05,0.0001,1,16,1,False,0.2,lr5e-05_bs32_modL1_fusion16_fusionL1_fusionBN0_drop0p2__wd1e-04trmiss40_trlocglobal,17,0.6396788358688354,0.7174159586429596,0.4762845849802372,0.5238220007147362,0.5111111111111111,0.0,0.0,0.0,0.0,0.0,0.0,0.0,0.0,0.0,,,,,18473,global,0.4
2,1,lr5e-05_bs32_modL1_fusion16_fusionL1_fusionBN0_drop0p2__wd1e-04trmiss40_trlocglobal,32,5e-05,0.0001,1,16,1,False,0.2,lr5e-05_bs32_modL1_fusion16_fusionL1_fusionBN0_drop0p2__wd1e-04trmiss40_trlocglobal,18,0.6334092120329539,0.7139051556587219,0.5059288537549407,0.5333848816337816,0.5111111111111111,0.0,0.0,0.0,0.0,0.0,0.0,0.0,0.0,0.0,,,,,18473,global,0.4
2,1,lr5e-05_bs32_modL1_fusion16_fusionL1_fusionBN0_drop0p2__wd1e-04trmiss40_trlocglobal,32,5e-05,0.0001,1,16,1,False,0.2,lr5e-05_bs32_modL1_fusion16_fusionL1_fusionBN0_drop0p2__wd1e-04trmiss40_trlocglobal,19,0.6298630237579346,0.7123678624629974,0.5118577075098815,0.5180048364957548,0.5111111111111111,0.0,0.0,0.0,0.0,0.0,0.0,0.0,0.0,0.0,,,,,18473,global,0.4
2,1,lr5e-05_bs32_modL1_fusion16_fusionL1_fusionBN0_drop0p2__wd1e-04trmiss40_trlocglobal,32,5e-05,0.0001,1,16,1,False,0.2,lr5e-05_bs32_modL1_fusion16_fusionL1_fusionBN0_drop0p2__wd1e-04trmiss40_trlocglobal,20,0.6225905219713846,0.7139279842376709,0.4980237154150198,0.5034124135857516,0.5111111111111111,0.0,0.0,0.0,0.0,0.0,0.0,0.0,0.0,0.0,,,,,18473,global,0.4
2,1,lr5e-05_bs32_modL1_fusion16_fusionL1_fusionBN0_drop0p2__wd1e-04trmiss40_trlocglobal,32,5e-05,0.0001,1,16,1,False,0.2,lr5e-05_bs32_modL1_fusion16_fusionL1_fusionBN0_drop0p2__wd1e-04trmiss40_trlocglobal,21,0.6240323682626089,0.7156379222869873,0.5039525691699605,0.508982755917927,0.5111111111111111,0.0,0.0,0.0,0.0,0.0,0.0,0.0,0.0,0.0,,,,,18473,global,0.4
2,1,lr5e-05_bs32_modL1_fusion16_fusionL1_fusionBN0_drop0p2__wd1e-04trmiss40_trlocglobal,32,5e-05,0.0001,1,16,1,False,0.2,lr5e-05_bs32_modL1_fusion16_fusionL1_fusionBN0_drop0p2__wd1e-04trmiss40_trlocglobal,22,0.6214366753896078,0.7168334424495697,0.5,0.5046256136885802,0.5111111111111111,0.0,0.0,0.0,0.0,0.0,0.0,0.0,0.0,0.0,,,,,18473,global,0.4
2,1,lr5e-05_bs32_modL1_fusion16_fusionL1_fusionBN0_drop0p2__wd1e-04trmiss40_trlocglobal,32,5e-05,0.0001,1,16,1,False,0.2,lr5e-05_bs32_modL1_fusion16_fusionL1_fusionBN0_drop0p2__wd1e-04trmiss40_trlocglobal,23,0.6141979495684305,0.7173024415969849,0.5,0.5037479447031197,0.5111111111111111,0.0,0.0,0.0,0.0,0.0,0.0,0.0,0.0,0.0,,,,,18473,global,0.4
2,1,lr5e-05_bs32_modL1_fusion16_fusionL1_fusionBN0_drop0p2__wd1e-04trmiss40_trlocglobal,32,5e-05,0.0001,1,16,1,False,0.2,lr5e-05_bs32_modL1_fusion16_fusionL1_fusionBN0_drop0p2__wd1e-04trmiss40_trlocglobal,24,0.6229243675867716,0.7175691425800323,0.5039525691699605,0.5049031984150757,0.5111111111111111,0.0,0.0,0.0,0.0,0.0,0.0,0.0,0.0,0.0,,,,,18473,global,0.4
2,1,lr5e-05_bs32_modL1_fusion16_fusionL1_fusionBN0_drop0p2__wd1e-04trmiss40_trlocglobal,32,5e-05,0.0001,1,16,1,False,0.2,lr5e-05_bs32_modL1_fusion16_fusionL1_fusionBN0_drop0p2__wd1e-04trmiss40_trlocglobal,25,0.6129756768544515,0.7173927426338196,0.5039525691699605,0.5039016160587082,0.5111111111111111,0.0,0.0,0.0,0.0,0.0,0.0,0.0,0.0,0.0,,,,,18473,global,0.4
2,1,lr5e-05_bs32_modL1_fusion16_fusionL1_fusionBN0_drop0p2__wd1e-04trmiss40_trlocglobal,32,5e-05,0.0001,1,16,1,False,0.2,lr5e-05_bs32_modL1_fusion16_fusionL1_fusionBN0_drop0p2__wd1e-04trmiss40_trlocglobal,26,0.6127013166745504,0.7168886959552765,0.5079051383399209,0.5031969333624664,0.5111111111111111,0.0,0.0,0.0,0.0,0.0,0.0,0.0,0.0,0.0,,,,,18473,global,0.4
2,1,lr5e-05_bs32_modL1_fusion16_fusionL1_fusionBN0_drop0p2__wd1e-04trmiss40_trlocglobal,32,5e-05,0.0001,1,16,1,False,0.2,lr5e-05_bs32_modL1_fusion16_fusionL1_fusionBN0_drop0p2__wd1e-04trmiss40_trlocglobal,27,0.6186381379763285,0.7158550024032593,0.5197628458498025,0.5089997081459593,0.5111111111111111,0.0,0.0,0.0,0.0,0.0,0.0,0.0,0.0,0.0,,,,,18473,global,0.4
2,1,lr5e-05_bs32_modL1_fusion16_fusionL1_fusionBN0_drop0p2__wd1e-04trmiss40_trlocglobal,32,5e-05,0.0001,1,16,1,False,0.2,lr5e-05_bs32_modL1_fusion16_fusionL1_fusionBN0_drop0p2__wd1e-04trmiss40_trlocglobal,28,0.6153549551963806,0.7148614227771759,0.5059288537549407,0.5008282349118738,0.5111111111111111,0.0,0.0,0.0,0.0,0.0,0.0,0.0,0.0,0.0,,,,,18473,global,0.4
2,1,lr5e-05_bs32_modL1_fusion16_fusionL1_fusionBN0_drop0p2__wd1e-04trmiss40_trlocglobal,32,5e-05,0.0001,1,16,1,False,0.2,lr5e-05_bs32_modL1_fusion16_fusionL1_fusionBN0_drop0p2__wd1e-04trmiss40_trlocglobal,29,0.6091023981571198,0.7155783176422119,0.5079051383399209,0.5014443236286491,0.5111111111111111,0.0,0.0,0.0,0.0,0.0,0.0,0.0,0.0,0.0,,,,,18473,global,0.4
2,1,lr5e-05_bs32_modL1_fusion16_fusionL1_fusionBN0_drop0p2__wd1e-04trmiss40_trlocglobal,32,5e-05,0.0001,1,16,1,False,0.2,lr5e-05_bs32_modL1_fusion16_fusionL1_fusionBN0_drop0p2__wd1e-04trmiss40_trlocglobal,30,0.6015704671541849,0.7164352238178253,0.5079051383399209,0.5005748754828881,0.5111111111111111,0.0,0.0,0.0,0.0,0.0,0.0,0.0,0.0,0.0,,,,,18473,global,0.4
2,1,lr5e-05_bs32_modL1_fusion16_fusionL1_fusionBN0_drop0p2__wd1e-04trmiss40_trlocglobal,32,5e-05,0.0001,1,16,1,False,0.2,lr5e-05_bs32_modL1_fusion16_fusionL1_fusionBN0_drop0p2__wd1e-04trmiss40_trlocglobal,31,0.6115346054236094,0.7176598906517029,0.5118577075098814,0.5048324134932866,0.5111111111111111,0.0,0.0,0.0,0.0,0.0,0.0,0.0,0.0,0.0,,,,,18473,global,0.4
2,1,lr5e-05_bs32_modL1_fusion16_fusionL1_fusionBN0_drop0p2__wd1e-04trmiss40_trlocglobal,32,5e-05,0.0001,1,16,1,False,0.2,lr5e-05_bs32_modL1_fusion16_fusionL1_fusionBN0_drop0p2__wd1e-04trmiss40_trlocglobal,32,0.6062974731127421,0.717290848493576,0.5039525691699605,0.5029521461751499,0.5111111111111111,0.0,0.0,0.0,0.0,0.0,0.0,0.0,0.0,0.0,,,,,18473,global,0.4
2,1,lr5e-05_bs32_modL1_fusion16_fusionL1_fusionBN0_drop0p2__wd1e-04trmiss40_trlocglobal,32,5e-05,0.0001,1,16,1,False,0.2,lr5e-05_bs32_modL1_fusion16_fusionL1_fusionBN0_drop0p2__wd1e-04trmiss40_trlocglobal,33,0.6010457177956899,0.7180777788162231,0.49209486166007904,0.49278133872173385,0.5111111111111111,0.0,0.0,0.0,0.0,0.0,0.0,0.0,0.0,0.0,,,,,18473,global,0.4
2,1,lr5e-05_bs32_modL1_fusion16_fusionL1_fusionBN0_drop0p2__wd1e-04trmiss40_trlocglobal,32,5e-05,0.0001,1,16,1,False,0.2,lr5e-05_bs32_modL1_fusion16_fusionL1_fusionBN0_drop0p2__wd1e-04trmiss40_trlocglobal,34,0.5896599193414053,0.7178148031234741,0.4940711462450593,0.49363736260239094,0.5111111111111111,0.0,0.0,0.0,0.0,0.0,0.0,0.0,0.0,0.0,,,,,18473,global,0.4
2,1,lr5e-05_bs32_modL1_fusion16_fusionL1_fusionBN0_drop0p2__wd1e-04trmiss40_trlocglobal,32,5e-05,0.0001,1,16,1,False,0.2,lr5e-05_bs32_modL1_fusion16_fusionL1_fusionBN0_drop0p2__wd1e-04trmiss40_trlocglobal,35,0.5943850974241892,0.7167003452777863,0.49209486166007904,0.491842157669451,0.5111111111111111,0.0,0.0,0.0,0.0,0.0,0.0,0.0,0.0,0.0,,,,,18473,global,0.4
2,1,lr5e-05_bs32_modL1_fusion16_fusionL1_fusionBN0_drop0p2__wd1e-04trmiss40_trlocglobal,32,5e-05,0.0001,1,16,1,False,0.2,lr5e-05_bs32_modL1_fusion16_fusionL1_fusionBN0_drop0p2__wd1e-04trmiss40_trlocglobal,36,0.5934529701868693,0.7162941992282867,0.5079051383399209,0.49868032384265554,0.5111111111111111,0.0,0.0,0.0,0.0,0.0,0.0,0.0,0.0,0.0,,,,,18473,global,0.4
2,1,lr5e-05_bs32_modL1_fusion16_fusionL1_fusionBN0_drop0p2__wd1e-04trmiss40_trlocglobal,32,5e-05,0.0001,1,16,1,False,0.2,lr5e-05_bs32_modL1_fusion16_fusionL1_fusionBN0_drop0p2__wd1e-04trmiss40_trlocglobal,37,0.6010635693868002,0.7174067795276642,0.5118577075098814,0.4999502865234569,0.5111111111111111,0.0,0.0,0.0,0.0,0.0,0.0,0.0,0.0,0.0,,,,,18473,global,0.4
2,1,lr5e-05_bs32_modL1_fusion16_fusionL1_fusionBN0_drop0p2__wd1e-04trmiss40_trlocglobal,32,5e-05,0.0001,1,16,1,False,0.2,lr5e-05_bs32_modL1_fusion16_fusionL1_fusionBN0_drop0p2__wd1e-04trmiss40_trlocglobal,38,0.5902175406614939,0.7178254127502441,0.4980237154150198,0.49418604171458963,0.5111111111111111,0.0,0.0,0.0,0.0,0.0,0.0,0.0,0.0,0.0,,,,,18473,global,0.4
2,1,lr5e-05_bs32_modL1_fusion16_fusionL1_fusionBN0_drop0p2__wd1e-04trmiss40_trlocglobal,32,5e-05,0.0001,1,16,1,False,0.2,lr5e-05_bs32_modL1_fusion16_fusionL1_fusionBN0_drop0p2__wd1e-04trmiss40_trlocglobal,39,0.5838185449441274,0.7170315086841583,0.5039525691699605,0.49733444204969074,0.5111111111111111,0.0,0.0,0.0,0.0,0.0,0.0,0.0,0.0,0.0,,,,,18473,global,0.4
2,1,lr5e-05_bs32_modL1_fusion16_fusionL1_fusionBN0_drop0p2__wd1e-04trmiss40_trlocglobal,32,5e-05,0.0001,1,16,1,False,0.2,lr5e-05_bs32_modL1_fusion16_fusionL1_fusionBN0_drop0p2__wd1e-04trmiss40_trlocglobal,40,0.5841901699701945,0.7159316539764404,0.5118577075098815,0.5043959614602987,0.5111111111111111,0.0,0.0,0.0,0.0,0.0,0.0,0.0,0.0,0.0,,,,,18473,global,0.4
2,1,lr5e-05_bs32_modL1_fusion16_fusionL1_fusionBN0_drop0p2__wd1e-04trmiss40_trlocglobal,32,5e-05,0.0001,1,16,1,False,0.2,lr5e-05_bs32_modL1_fusion16_fusionL1_fusionBN0_drop0p2__wd1e-04trmiss40_trlocglobal,41,0.5895269314448038,0.712970495223999,0.5296442687747036,0.5276946167616684,0.5111111111111111,0.0,0.0,0.0,0.0,0.0,0.0,0.0,0.0,0.0,,,,,18473,global,0.4
2,1,lr5e-05_bs32_modL1_fusion16_fusionL1_fusionBN0_drop0p2__wd1e-04trmiss40_trlocglobal,32,5e-05,0.0001,1,16,1,False,0.2,lr5e-05_bs32_modL1_fusion16_fusionL1_fusionBN0_drop0p2__wd1e-04trmiss40_trlocglobal,42,0.5841145018736521,0.7121529579162598,0.5276679841897233,0.5227593949786206,0.5111111111111111,0.0,0.0,0.0,0.0,0.0,0.0,0.0,0.0,0.0,,,,,18473,global,0.4
2,1,lr5e-05_bs32_modL1_fusion16_fusionL1_fusionBN0_drop0p2__wd1e-04trmiss40_trlocglobal,32,5e-05,0.0001,1,16,1,False,0.2,lr5e-05_bs32_modL1_fusion16_fusionL1_fusionBN0_drop0p2__wd1e-04trmiss40_trlocglobal,43,0.5842783550421397,0.7136253118515015,0.5197628458498024,0.5114153646128511,0.5111111111111111,0.0,0.0,0.0,0.0,0.0,0.0,0.0,0.0,0.0,,,,,18473,global,0.4
2,1,lr5e-05_bs32_modL1_fusion16_fusionL1_fusionBN0_drop0p2__wd1e-04trmiss40_trlocglobal,32,5e-05,0.0001,1,16,1,False,0.2,lr5e-05_bs32_modL1_fusion16_fusionL1_fusionBN0_drop0p2__wd1e-04trmiss40_trlocglobal,44,0.5797350406646729,0.7159250974655151,0.5039525691699605,0.4984062043685927,0.5111111111111111,0.0,0.0,0.0,0.0,0.0,0.0,0.0,0.0,0.0,,,,,18473,global,0.4
2,1,lr5e-05_bs32_modL1_fusion16_fusionL1_fusionBN0_drop0p2__wd1e-04trmiss40_trlocglobal,32,5e-05,0.0001,1,16,1,False,0.2,lr5e-05_bs32_modL1_fusion16_fusionL1_fusionBN0_drop0p2__wd1e-04trmiss40_trlocglobal,45,0.5741661588350931,0.717148631811142,0.5059288537549408,0.5033556538656632,0.5111111111111111,0.0,0.0,0.0,0.0,0.0,0.0,0.0,0.0,0.0,,,,,18473,global,0.4
2,1,lr5e-05_bs32_modL1_fusion16_fusionL1_fusionBN0_drop0p2__wd1e-04trmiss40_trlocglobal,32,5e-05,0.0001,1,16,1,False,0.2,lr5e-05_bs32_modL1_fusion16_fusionL1_fusionBN0_drop0p2__wd1e-04trmiss40_trlocglobal,46,0.5805586775143942,0.7173227369785309,0.5098814229249011,0.5081555266565405,0.5111111111111111,0.0,0.0,0.0,0.0,0.0,0.0,0.0,0.0,0.0,,,,,18473,global,0.4
2,1,lr5e-05_bs32_modL1_fusion16_fusionL1_fusionBN0_drop0p2__wd1e-04trmiss40_trlocglobal,32,5e-05,0.0001,1,16,1,False,0.2,lr5e-05_bs32_modL1_fusion16_fusionL1_fusionBN0_drop0p2__wd1e-04trmiss40_trlocglobal,47,0.5857215523719788,0.7164720296859741,0.5158102766798419,0.5082226107939347,0.5111111111111111,0.0,0.0,0.0,0.0,0.0,0.0,0.0,0.0,0.0,,,,,18473,global,0.4
2,1,lr5e-05_bs32_modL1_fusion16_fusionL1_fusionBN0_drop0p2__wd1e-04trmiss40_trlocglobal,32,5e-05,0.0001,1,16,1,False,0.2,lr5e-05_bs32_modL1_fusion16_fusionL1_fusionBN0_drop0p2__wd1e-04trmiss40_trlocglobal,48,0.5821123023827871,0.7144995629787445,0.517786561264822,0.509749085603115,0.5111111111111111,0.0,0.0,0.0,0.0,0.0,0.0,0.0,0.0,0.0,,,,,18473,global,0.4
2,1,lr5e-05_bs32_modL1_fusion16_fusionL1_fusionBN0_drop0p2__wd1e-04trmiss40_trlocglobal,32,5e-05,0.0001,1,16,1,False,0.2,lr5e-05_bs32_modL1_fusion16_fusionL1_fusionBN0_drop0p2__wd1e-04trmiss40_trlocglobal,49,0.5771531462669373,0.7129140496253967,0.5237154150197629,0.5195807997826553,0.5111111111111111,0.0,0.0,0.0,0.0,0.0,0.0,0.0,0.0,0.0,,,,,18473,global,0.4
2,1,lr5e-05_bs32_modL1_fusion16_fusionL1_fusionBN0_drop0p2__wd1e-04trmiss40_trlocglobal,32,5e-05,0.0001,1,16,1,False,0.2,lr5e-05_bs32_modL1_fusion16_fusionL1_fusionBN0_drop0p2__wd1e-04trmiss40_trlocglobal,50,0.5785192549228668,0.7126373946666718,0.5217391304347826,0.5183170525712937,0.5111111111111111,0.0,0.0,0.0,0.0,0.0,0.0,0.0,0.0,0.0,,,,,18473,global,0.4
2,1,lr5e-05_bs32_modL1_fusion16_fusionL1_fusionBN0_drop0p2__wd1e-04trmiss40_trlocglobal,32,5e-05,0.0001,1,16,1,False,0.2,lr5e-05_bs32_modL1_fusion16_fusionL1_fusionBN0_drop0p2__wd1e-04trmiss40_trlocglobal,51,0.5761050482590994,0.7149438560009003,0.5177865612648221,0.5067882425359979,0.5111111111111111,0.0,0.0,0.0,0.0,0.0,0.0,0.0,0.0,0.0,,,,,18473,global,0.4
2,1,lr5e-05_bs32_modL1_fusion16_fusionL1_fusionBN0_drop0p2__wd1e-04trmiss40_trlocglobal,32,5e-05,0.0001,1,16,1,False,0.2,lr5e-05_bs32_modL1_fusion16_fusionL1_fusionBN0_drop0p2__wd1e-04trmiss40_trlocglobal,52,0.5669959584871928,0.7159688472747803,0.5118577075098814,0.5057906679330023,0.5111111111111111,0.0,0.0,0.0,0.0,0.0,0.0,0.0,0.0,0.0,,,,,18473,global,0.4
2,1,lr5e-05_bs32_modL1_fusion16_fusionL1_fusionBN0_drop0p2__wd1e-04trmiss40_trlocglobal,32,5e-05,0.0001,1,16,1,False,0.2,lr5e-05_bs32_modL1_fusion16_fusionL1_fusionBN0_drop0p2__wd1e-04trmiss40_trlocglobal,53,0.5679300824801127,0.7152014970779419,0.5158102766798419,0.5088782047300956,0.5111111111111111,0.0,0.0,0.0,0.0,0.0,0.0,0.0,0.0,0.0,,,,,18473,global,0.4
2,1,lr5e-05_bs32_modL1_fusion16_fusionL1_fusionBN0_drop0p2__wd1e-04trmiss40_trlocglobal,32,5e-05,0.0001,1,16,1,False,0.2,lr5e-05_bs32_modL1_fusion16_fusionL1_fusionBN0_drop0p2__wd1e-04trmiss40_trlocglobal,54,0.5723827381928762,0.7143458425998688,0.5276679841897233,0.5138453820361034,0.5111111111111111,0.0,0.0,0.0,0.0,0.0,0.0,0.0,0.0,0.0,,,,,18473,global,0.4
2,1,lr5e-05_bs32_modL1_fusion16_fusionL1_fusionBN0_drop0p2__wd1e-04trmiss40_trlocglobal,32,5e-05,0.0001,1,16,1,False,0.2,lr5e-05_bs32_modL1_fusion16_fusionL1_fusionBN0_drop0p2__wd1e-04trmiss40_trlocglobal,55,0.5658878087997437,0.7144156992435455,0.525691699604743,0.5151994354939438,0.5111111111111111,0.0,0.0,0.0,0.0,0.0,0.0,0.0,0.0,0.0,,,,,18473,global,0.4
2,1,lr5e-05_bs32_modL1_fusion16_fusionL1_fusionBN0_drop0p2__wd1e-04trmiss40_trlocglobal,32,5e-05,0.0001,1,16,1,False,0.2,lr5e-05_bs32_modL1_fusion16_fusionL1_fusionBN0_drop0p2__wd1e-04trmiss40_trlocglobal,56,0.5743036369482676,0.7140628099441528,0.5197628458498024,0.5117662314610396,0.5111111111111111,0.0,0.0,0.0,0.0,0.0,0.0,0.0,0.0,0.0,,,,,18473,global,0.4
2,1,lr5e-05_bs32_modL1_fusion16_fusionL1_fusionBN0_drop0p2__wd1e-04trmiss40_trlocglobal,32,5e-05,0.0001,1,16,1,False,0.2,lr5e-05_bs32_modL1_fusion16_fusionL1_fusionBN0_drop0p2__wd1e-04trmiss40_trlocglobal,57,0.5813626845677694,0.7149498462677002,0.5158102766798419,0.5097176387077992,0.5111111111111111,0.0,0.0,0.0,0.0,0.0,0.0,0.0,0.0,0.0,,,,,18473,global,0.4
2,1,lr5e-05_bs32_modL1_fusion16_fusionL1_fusionBN0_drop0p2__wd1e-04trmiss40_trlocglobal,32,5e-05,0.0001,1,16,1,False,0.2,lr5e-05_bs32_modL1_fusion16_fusionL1_fusionBN0_drop0p2__wd1e-04trmiss40_trlocglobal,58,0.5696341693401337,0.7153753638267517,0.5158102766798419,0.5107574684432811,0.5111111111111111,0.0,0.0,0.0,0.0,0.0,0.0,0.0,0.0,0.0,,,,,18473,global,0.4
2,1,lr5e-05_bs32_modL1_fusion16_fusionL1_fusionBN0_drop0p2__wd1e-04trmiss40_trlocglobal,32,5e-05,0.0001,1,16,1,False,0.2,lr5e-05_bs32_modL1_fusion16_fusionL1_fusionBN0_drop0p2__wd1e-04trmiss40_trlocglobal,59,0.5761082569758097,0.7159858644008636,0.5118577075098814,0.5078391548727935,0.5111111111111111,0.0,0.0,0.0,0.0,0.0,0.0,0.0,0.0,0.0,,,,,18473,global,0.4
2,1,lr5e-05_bs32_modL1_fusion16_fusionL1_fusionBN0_drop0p2__wd1e-04trmiss40_trlocglobal,32,5e-05,0.0001,1,16,1,False,0.2,lr5e-05_bs32_modL1_fusion16_fusionL1_fusionBN0_drop0p2__wd1e-04trmiss40_trlocglobal,60,0.5679584244887034,0.7154392898082733,0.5138339920948616,0.5098948045371389,0.5111111111111111,0.0,0.0,0.0,0.0,0.0,0.0,0.0,0.0,0.0,,,,,18473,global,0.4
2,1,lr5e-05_bs32_modL1_fusion16_fusionL1_fusionBN0_drop0p2__wd1e-04trmiss40_trlocglobal,32,5e-05,0.0001,1,16,1,False,0.2,lr5e-05_bs32_modL1_fusion16_fusionL1_fusionBN0_drop0p2__wd1e-04trmiss40_trlocglobal,61,0.5656193892161051,0.715557336807251,0.5158102766798419,0.5108312593866372,0.5111111111111111,0.0,0.0,0.0,0.0,0.0,0.0,0.0,0.0,0.0,,,,,18473,global,0.4
2,1,lr5e-05_bs32_modL1_fusion16_fusionL1_fusionBN0_drop0p1__wd1e-04trmiss40_trlocglobal,32,5e-05,0.0001,1,16,1,False,0.1,lr5e-05_bs32_modL1_fusion16_fusionL1_fusionBN0_drop0p1__wd1e-04trmiss40_trlocglobal,1,0.7134518921375275,0.6834785640239716,0.5019762845849802,0.5743293954764314,0.4888888888888889,0.0,0.0,0.0,0.0,0.0,0.0,0.0,0.0,0.0,,,,,18473,global,0.4
2,1,lr5e-05_bs32_modL1_fusion16_fusionL1_fusionBN0_drop0p1__wd1e-04trmiss40_trlocglobal,32,5e-05,0.0001,1,16,1,False,0.1,lr5e-05_bs32_modL1_fusion16_fusionL1_fusionBN0_drop0p1__wd1e-04trmiss40_trlocglobal,2,0.6987664302190145,0.6818001866340637,0.5296442687747036,0.594748642931304,0.5111111111111111,0.0,0.0,0.0,0.0,0.0,0.0,0.0,0.0,0.0,,,,,18473,global,0.4
2,1,lr5e-05_bs32_modL1_fusion16_fusionL1_fusionBN0_drop0p1__wd1e-04trmiss40_trlocglobal,32,5e-05,0.0001,1,16,1,False,0.1,lr5e-05_bs32_modL1_fusion16_fusionL1_fusionBN0_drop0p1__wd1e-04trmiss40_trlocglobal,3,0.6802519957224528,0.6801056265830994,0.5494071146245059,0.6172151904799204,0.5111111111111111,0.0,0.0,0.0,0.0,0.0,0.0,0.0,0.0,0.0,,,,,18473,global,0.4
2,1,lr5e-05_bs32_modL1_fusion16_fusionL1_fusionBN0_drop0p1__wd1e-04trmiss40_trlocglobal,32,5e-05,0.0001,1,16,1,False,0.1,lr5e-05_bs32_modL1_fusion16_fusionL1_fusionBN0_drop0p1__wd1e-04trmiss40_trlocglobal,4,0.6742056409517924,0.6797789931297302,0.541501976284585,0.6274773526804088,0.5111111111111111,0.0,0.0,0.0,0.0,0.0,0.0,0.0,0.0,0.0,,,,,18473,global,0.4
2,1,lr5e-05_bs32_modL1_fusion16_fusionL1_fusionBN0_drop0p1__wd1e-04trmiss40_trlocglobal,32,5e-05,0.0001,1,16,1,False,0.1,lr5e-05_bs32_modL1_fusion16_fusionL1_fusionBN0_drop0p1__wd1e-04trmiss40_trlocglobal,5,0.6584726870059967,0.67860546708107,0.5513833992094861,0.636869879117231,0.5111111111111111,0.0,0.0,0.0,0.0,0.0,0.0,0.0,0.0,0.0,,,,,18473,global,0.4
2,1,lr5e-05_bs32_modL1_fusion16_fusionL1_fusionBN0_drop0p1__wd1e-04trmiss40_trlocglobal,32,5e-05,0.0001,1,16,1,False,0.1,lr5e-05_bs32_modL1_fusion16_fusionL1_fusionBN0_drop0p1__wd1e-04trmiss40_trlocglobal,6,0.6514254709084829,0.6775691509246826,0.549407114624506,0.6354002499934057,0.5111111111111111,0.0,0.0,0.0,0.0,0.0,0.0,0.0,0.0,0.0,,,,,18473,global,0.4
2,1,lr5e-05_bs32_modL1_fusion16_fusionL1_fusionBN0_drop0p1__wd1e-04trmiss40_trlocglobal,32,5e-05,0.0001,1,16,1,False,0.1,lr5e-05_bs32_modL1_fusion16_fusionL1_fusionBN0_drop0p1__wd1e-04trmiss40_trlocglobal,7,0.6507056852181753,0.6769031286239624,0.549407114624506,0.6419938000652166,0.5333333333333333,0.0,0.0,0.0,0.0,0.0,0.0,0.0,0.0,0.0,,,,,18473,global,0.4
2,1,lr5e-05_bs32_modL1_fusion16_fusionL1_fusionBN0_drop0p1__wd1e-04trmiss40_trlocglobal,32,5e-05,0.0001,1,16,1,False,0.1,lr5e-05_bs32_modL1_fusion16_fusionL1_fusionBN0_drop0p1__wd1e-04trmiss40_trlocglobal,8,0.6349718670050303,0.6759425401687622,0.5612648221343874,0.6461187978811407,0.5333333333333333,0.0,0.0,0.0,0.0,0.0,0.0,0.0,0.0,0.0,,,,,18473,global,0.4
2,1,lr5e-05_bs32_modL1_fusion16_fusionL1_fusionBN0_drop0p1__wd1e-04trmiss40_trlocglobal,32,5e-05,0.0001,1,16,1,False,0.1,lr5e-05_bs32_modL1_fusion16_fusionL1_fusionBN0_drop0p1__wd1e-04trmiss40_trlocglobal,9,0.6409153441588084,0.6739710867404938,0.5731225296442688,0.6446472854186831,0.5333333333333333,0.0,0.0,0.0,0.0,0.0,0.0,0.0,0.0,0.0,,,,,18473,global,0.4
2,1,lr5e-05_bs32_modL1_fusion16_fusionL1_fusionBN0_drop0p1__wd1e-04trmiss40_trlocglobal,32,5e-05,0.0001,1,16,1,False,0.1,lr5e-05_bs32_modL1_fusion16_fusionL1_fusionBN0_drop0p1__wd1e-04trmiss40_trlocglobal,10,0.6267525056997935,0.6725263297557831,0.575098814229249,0.6460653752172137,0.5333333333333333,0.0,0.0,0.0,0.0,0.0,0.0,0.0,0.0,0.0,,,,,18473,global,0.4
2,1,lr5e-05_bs32_modL1_fusion16_fusionL1_fusionBN0_drop0p1__wd1e-04trmiss40_trlocglobal,32,5e-05,0.0001,1,16,1,False,0.1,lr5e-05_bs32_modL1_fusion16_fusionL1_fusionBN0_drop0p1__wd1e-04trmiss40_trlocglobal,11,0.6283015807469686,0.6705816388130188,0.5909090909090908,0.6647547862405337,0.5333333333333333,0.0,0.0,0.0,0.0,0.0,0.0,0.0,0.0,0.0,,,,,18473,global,0.4
2,1,lr5e-05_bs32_modL1_fusion16_fusionL1_fusionBN0_drop0p1__wd1e-04trmiss40_trlocglobal,32,5e-05,0.0001,1,16,1,False,0.1,lr5e-05_bs32_modL1_fusion16_fusionL1_fusionBN0_drop0p1__wd1e-04trmiss40_trlocglobal,12,0.6193680763244629,0.6690274178981781,0.592885375494071,0.6633130590869228,0.5555555555555556,0.0,0.0,0.0,0.0,0.0,0.0,0.0,0.0,0.0,,,,,18473,global,0.4
2,1,lr5e-05_bs32_modL1_fusion16_fusionL1_fusionBN0_drop0p1__wd1e-04trmiss40_trlocglobal,32,5e-05,0.0001,1,16,1,False,0.1,lr5e-05_bs32_modL1_fusion16_fusionL1_fusionBN0_drop0p1__wd1e-04trmiss40_trlocglobal,13,0.6177867750326792,0.6694513559341431,0.5968379446640316,0.6651244987346774,0.5555555555555556,0.0,0.0,0.0,0.0,0.0,0.0,0.0,0.0,0.0,,,,,18473,global,0.4
2,1,lr5e-05_bs32_modL1_fusion16_fusionL1_fusionBN0_drop0p1__wd1e-04trmiss40_trlocglobal,32,5e-05,0.0001,1,16,1,False,0.1,lr5e-05_bs32_modL1_fusion16_fusionL1_fusionBN0_drop0p1__wd1e-04trmiss40_trlocglobal,14,0.6078392167886099,0.6691631972789764,0.592885375494071,0.664293049821387,0.5555555555555556,0.0,0.0,0.0,0.0,0.0,0.0,0.0,0.0,0.0,,,,,18473,global,0.4
2,1,lr5e-05_bs32_modL1_fusion16_fusionL1_fusionBN0_drop0p1__wd1e-04trmiss40_trlocglobal,32,5e-05,0.0001,1,16,1,False,0.1,lr5e-05_bs32_modL1_fusion16_fusionL1_fusionBN0_drop0p1__wd1e-04trmiss40_trlocglobal,15,0.6026389996210734,0.6692118048667908,0.5889328063241107,0.6632653456828629,0.5555555555555556,0.0,0.0,0.0,0.0,0.0,0.0,0.0,0.0,0.0,,,,,18473,global,0.4
2,1,lr5e-05_bs32_modL1_fusion16_fusionL1_fusionBN0_drop0p1__wd1e-04trmiss40_trlocglobal,32,5e-05,0.0001,1,16,1,False,0.1,lr5e-05_bs32_modL1_fusion16_fusionL1_fusionBN0_drop0p1__wd1e-04trmiss40_trlocglobal,16,0.5947071214516958,0.6684986054897308,0.5889328063241106,0.6619512215943578,0.5555555555555556,0.0,0.0,0.0,0.0,0.0,0.0,0.0,0.0,0.0,,,,,18473,global,0.4
2,1,lr5e-05_bs32_modL1_fusion16_fusionL1_fusionBN0_drop0p1__wd1e-04trmiss40_trlocglobal,32,5e-05,0.0001,1,16,1,False,0.1,lr5e-05_bs32_modL1_fusion16_fusionL1_fusionBN0_drop0p1__wd1e-04trmiss40_trlocglobal,17,0.6007965306440989,0.6675727665424347,0.6027667984189724,0.6688528539770454,0.5555555555555556,0.0,0.0,0.0,0.0,0.0,0.0,0.0,0.0,0.0,,,,,18473,global,0.4
2,1,lr5e-05_bs32_modL1_fusion16_fusionL1_fusionBN0_drop0p1__wd1e-04trmiss40_trlocglobal,32,5e-05,0.0001,1,16,1,False,0.1,lr5e-05_bs32_modL1_fusion16_fusionL1_fusionBN0_drop0p1__wd1e-04trmiss40_trlocglobal,18,0.5907519360383352,0.6692738831043243,0.5889328063241106,0.6509916401629656,0.5555555555555556,0.0,0.0,0.0,0.0,0.0,0.0,0.0,0.0,0.0,,,,,18473,global,0.4
2,1,lr5e-05_bs32_modL1_fusion16_fusionL1_fusionBN0_drop0p1__wd1e-04trmiss40_trlocglobal,32,5e-05,0.0001,1,16,1,False,0.1,lr5e-05_bs32_modL1_fusion16_fusionL1_fusionBN0_drop0p1__wd1e-04trmiss40_trlocglobal,19,0.586960514386495,0.6693103015422821,0.5909090909090908,0.65667786465623,0.5777777777777777,0.0,0.0,0.0,0.0,0.0,0.0,0.0,0.0,0.0,,,,,18473,global,0.4
2,1,lr5e-05_bs32_modL1_fusion16_fusionL1_fusionBN0_drop0p1__wd1e-04trmiss40_trlocglobal,32,5e-05,0.0001,1,16,1,False,0.1,lr5e-05_bs32_modL1_fusion16_fusionL1_fusionBN0_drop0p1__wd1e-04trmiss40_trlocglobal,20,0.5940793852011362,0.667719155550003,0.5928853754940712,0.6661384021524827,0.5777777777777777,0.0,0.0,0.0,0.0,0.0,0.0,0.0,0.0,0.0,,,,,18473,global,0.4
2,1,lr5e-05_bs32_modL1_fusion16_fusionL1_fusionBN0_drop0p1__wd1e-04trmiss40_trlocglobal,32,5e-05,0.0001,1,16,1,False,0.1,lr5e-05_bs32_modL1_fusion16_fusionL1_fusionBN0_drop0p1__wd1e-04trmiss40_trlocglobal,21,0.5820059378941854,0.6679940819740295,0.5869565217391305,0.6569638841983583,0.5777777777777777,0.0,0.0,0.0,0.0,0.0,0.0,0.0,0.0,0.0,,,,,18473,global,0.4
2,1,lr5e-05_bs32_modL1_fusion16_fusionL1_fusionBN0_drop0p1__wd1e-04trmiss40_trlocglobal,32,5e-05,0.0001,1,16,1,False,0.1,lr5e-05_bs32_modL1_fusion16_fusionL1_fusionBN0_drop0p1__wd1e-04trmiss40_trlocglobal,22,0.5722663104534149,0.6670615673065186,0.5909090909090909,0.6561550453048678,0.5777777777777777,0.0,0.0,0.0,0.0,0.0,0.0,0.0,0.0,0.0,,,,,18473,global,0.4
2,1,lr5e-05_bs32_modL1_fusion16_fusionL1_fusionBN0_drop0p1__wd1e-04trmiss40_trlocglobal,32,5e-05,0.0001,1,16,1,False,0.1,lr5e-05_bs32_modL1_fusion16_fusionL1_fusionBN0_drop0p1__wd1e-04trmiss40_trlocglobal,23,0.5721162458260854,0.666325032711029,0.6027667984189723,0.6622239257874722,0.5777777777777777,0.0,0.0,0.0,0.0,0.0,0.0,0.0,0.0,0.0,,,,,18473,global,0.4
2,1,lr5e-05_bs32_modL1_fusion16_fusionL1_fusionBN0_drop0p1__wd1e-04trmiss40_trlocglobal,32,5e-05,0.0001,1,16,1,False,0.1,lr5e-05_bs32_modL1_fusion16_fusionL1_fusionBN0_drop0p1__wd1e-04trmiss40_trlocglobal,24,0.577203651269277,0.66635861992836,0.6047430830039526,0.6558661698164201,0.5777777777777777,0.0,0.0,0.0,0.0,0.0,0.0,0.0,0.0,0.0,,,,,18473,global,0.4
2,1,lr5e-05_bs32_modL1_fusion16_fusionL1_fusionBN0_drop0p1__wd1e-04trmiss40_trlocglobal,32,5e-05,0.0001,1,16,1,False,0.1,lr5e-05_bs32_modL1_fusion16_fusionL1_fusionBN0_drop0p1__wd1e-04trmiss40_trlocglobal,25,0.5675121744473776,0.6658713519573212,0.6047430830039525,0.6572954663467347,0.5777777777777777,0.0,0.0,0.0,0.0,0.0,0.0,0.0,0.0,0.0,,,,,18473,global,0.4
2,1,lr5e-05_bs32_modL1_fusion16_fusionL1_fusionBN0_drop0p1__wd1e-04trmiss40_trlocglobal,32,5e-05,0.0001,1,16,1,False,0.1,lr5e-05_bs32_modL1_fusion16_fusionL1_fusionBN0_drop0p1__wd1e-04trmiss40_trlocglobal,26,0.5653362373510996,0.6660100519657135,0.6067193675889327,0.6580317292313351,0.5777777777777777,0.0,0.0,0.0,0.0,0.0,0.0,0.0,0.0,0.0,,,,,18473,global,0.4
2,1,lr5e-05_bs32_modL1_fusion16_fusionL1_fusionBN0_drop0p1__wd1e-04trmiss40_trlocglobal,32,5e-05,0.0001,1,16,1,False,0.1,lr5e-05_bs32_modL1_fusion16_fusionL1_fusionBN0_drop0p1__wd1e-04trmiss40_trlocglobal,27,0.5627526342868805,0.6641334593296051,0.6126482213438735,0.6625608614263713,0.5777777777777777,0.0,0.0,0.0,0.0,0.0,0.0,0.0,0.0,0.0,,,,,18473,global,0.4
2,1,lr5e-05_bs32_modL1_fusion16_fusionL1_fusionBN0_drop0p1__wd1e-04trmiss40_trlocglobal,32,5e-05,0.0001,1,16,1,False,0.1,lr5e-05_bs32_modL1_fusion16_fusionL1_fusionBN0_drop0p1__wd1e-04trmiss40_trlocglobal,28,0.5671745638052622,0.6652058660984039,0.608695652173913,0.6590823121589019,0.5777777777777777,0.0,0.0,0.0,0.0,0.0,0.0,0.0,0.0,0.0,,,,,18473,global,0.4
2,1,lr5e-05_bs32_modL1_fusion16_fusionL1_fusionBN0_drop0p1__wd1e-04trmiss40_trlocglobal,32,5e-05,0.0001,1,16,1,False,0.1,lr5e-05_bs32_modL1_fusion16_fusionL1_fusionBN0_drop0p1__wd1e-04trmiss40_trlocglobal,29,0.5464583436648051,0.6658897697925568,0.6106719367588933,0.656559181249137,0.5777777777777777,0.0,0.0,0.0,0.0,0.0,0.0,0.0,0.0,0.0,,,,,18473,global,0.4
2,1,lr5e-05_bs32_modL1_fusion16_fusionL1_fusionBN0_drop0p1__wd1e-04trmiss40_trlocglobal,32,5e-05,0.0001,1,16,1,False,0.1,lr5e-05_bs32_modL1_fusion16_fusionL1_fusionBN0_drop0p1__wd1e-04trmiss40_trlocglobal,30,0.5458398262659708,0.6650131344795227,0.6106719367588933,0.6610948360458601,0.5777777777777777,0.0,0.0,0.0,0.0,0.0,0.0,0.0,0.0,0.0,,,,,18473,global,0.4
2,1,lr5e-05_bs32_modL1_fusion16_fusionL1_fusionBN0_drop0p1__wd1e-04trmiss40_trlocglobal,32,5e-05,0.0001,1,16,1,False,0.1,lr5e-05_bs32_modL1_fusion16_fusionL1_fusionBN0_drop0p1__wd1e-04trmiss40_trlocglobal,31,0.5428991317749023,0.6652046144008636,0.6126482213438735,0.6660494638266252,0.5777777777777777,0.0,0.0,0.0,0.0,0.0,0.0,0.0,0.0,0.0,,,,,18473,global,0.4
2,1,lr5e-05_bs32_modL1_fusion16_fusionL1_fusionBN0_drop0p1__wd1e-04trmiss40_trlocglobal,32,5e-05,0.0001,1,16,1,False,0.1,lr5e-05_bs32_modL1_fusion16_fusionL1_fusionBN0_drop0p1__wd1e-04trmiss40_trlocglobal,32,0.5508299569288889,0.6656156778335571,0.6067193675889327,0.6560862589472839,0.5777777777777777,0.0,0.0,0.0,0.0,0.0,0.0,0.0,0.0,0.0,,,,,18473,global,0.4
2,1,lr5e-05_bs32_modL1_fusion16_fusionL1_fusionBN0_drop0p1__wd1e-04trmiss40_trlocglobal,32,5e-05,0.0001,1,16,1,False,0.1,lr5e-05_bs32_modL1_fusion16_fusionL1_fusionBN0_drop0p1__wd1e-04trmiss40_trlocglobal,33,0.5416779617468516,0.6660054922103882,0.6007905138339921,0.6512416949357374,0.5777777777777777,0.0,0.0,0.0,0.0,0.0,0.0,0.0,0.0,0.0,,,,,18473,global,0.4
2,1,lr5e-05_bs32_modL1_fusion16_fusionL1_fusionBN0_drop0p1__wd1e-04trmiss40_trlocglobal,32,5e-05,0.0001,1,16,1,False,0.1,lr5e-05_bs32_modL1_fusion16_fusionL1_fusionBN0_drop0p1__wd1e-04trmiss40_trlocglobal,34,0.5346365769704183,0.6647939085960388,0.6067193675889327,0.6557850158406143,0.5777777777777777,0.0,0.0,0.0,0.0,0.0,0.0,0.0,0.0,0.0,,,,,18473,global,0.4
2,1,lr5e-05_bs32_modL1_fusion16_fusionL1_fusionBN0_drop0p1__wd1e-04trmiss40_trlocglobal,32,5e-05,0.0001,1,16,1,False,0.1,lr5e-05_bs32_modL1_fusion16_fusionL1_fusionBN0_drop0p1__wd1e-04trmiss40_trlocglobal,35,0.5340059200922648,0.6642812192440033,0.6106719367588932,0.6674132310164365,0.5777777777777777,0.0,0.0,0.0,0.0,0.0,0.0,0.0,0.0,0.0,,,,,18473,global,0.4
2,1,lr5e-05_bs32_modL1_fusion16_fusionL1_fusionBN0_drop0p1__wd1e-04trmiss40_trlocglobal,32,5e-05,0.0001,1,16,1,False,0.1,lr5e-05_bs32_modL1_fusion16_fusionL1_fusionBN0_drop0p1__wd1e-04trmiss40_trlocglobal,36,0.5350485146045685,0.6646599471569061,0.6146245059288538,0.6699642386516809,0.5777777777777777,0.0,0.0,0.0,0.0,0.0,0.0,0.0,0.0,0.0,,,,,18473,global,0.4
2,1,lr5e-05_bs32_modL1_fusion16_fusionL1_fusionBN0_drop0p1__wd1e-04trmiss40_trlocglobal,32,5e-05,0.0001,1,16,1,False,0.1,lr5e-05_bs32_modL1_fusion16_fusionL1_fusionBN0_drop0p1__wd1e-04trmiss40_trlocglobal,37,0.5325233141581217,0.6644615828990936,0.6146245059288536,0.6671299703019847,0.5777777777777777,0.0,0.0,0.0,0.0,0.0,0.0,0.0,0.0,0.0,,,,,18473,global,0.4
2,1,lr5e-05_bs32_modL1_fusion16_fusionL1_fusionBN0_drop0p1__wd1e-04trmiss40_trlocglobal,32,5e-05,0.0001,1,16,1,False,0.1,lr5e-05_bs32_modL1_fusion16_fusionL1_fusionBN0_drop0p1__wd1e-04trmiss40_trlocglobal,38,0.5410885016123453,0.66429403424263,0.616600790513834,0.6710669481664887,0.5777777777777777,0.0,0.0,0.0,0.0,0.0,0.0,0.0,0.0,0.0,,,,,18473,global,0.4
2,1,lr5e-05_bs32_modL1_fusion16_fusionL1_fusionBN0_drop0p1__wd1e-04trmiss40_trlocglobal,32,5e-05,0.0001,1,16,1,False,0.1,lr5e-05_bs32_modL1_fusion16_fusionL1_fusionBN0_drop0p1__wd1e-04trmiss40_trlocglobal,39,0.5359240969022115,0.6637482047080994,0.6185770750988142,0.6681713610526844,0.5777777777777777,0.0,0.0,0.0,0.0,0.0,0.0,0.0,0.0,0.0,,,,,18473,global,0.4
2,1,lr5e-05_bs32_modL1_fusion16_fusionL1_fusionBN0_drop0p1__wd1e-04trmiss40_trlocglobal,32,5e-05,0.0001,1,16,1,False,0.1,lr5e-05_bs32_modL1_fusion16_fusionL1_fusionBN0_drop0p1__wd1e-04trmiss40_trlocglobal,40,0.5331638902425766,0.6637569963932037,0.616600790513834,0.6631969273429258,0.5777777777777777,0.0,0.0,0.0,0.0,0.0,0.0,0.0,0.0,0.0,,,,,18473,global,0.4
2,1,lr5e-05_bs32_modL1_fusion16_fusionL1_fusionBN0_drop0p1__wd1e-04trmiss40_trlocglobal,32,5e-05,0.0001,1,16,1,False,0.1,lr5e-05_bs32_modL1_fusion16_fusionL1_fusionBN0_drop0p1__wd1e-04trmiss40_trlocglobal,41,0.5219615002473196,0.663558304309845,0.6205533596837944,0.666654626713467,0.5777777777777777,0.0,0.0,0.0,0.0,0.0,0.0,0.0,0.0,0.0,,,,,18473,global,0.4
2,1,lr5e-05_bs32_modL1_fusion16_fusionL1_fusionBN0_drop0p1__wd1e-04trmiss40_trlocglobal,32,5e-05,0.0001,1,16,1,False,0.1,lr5e-05_bs32_modL1_fusion16_fusionL1_fusionBN0_drop0p1__wd1e-04trmiss40_trlocglobal,42,0.529761791229248,0.663193017244339,0.6146245059288538,0.6622298769200972,0.5555555555555556,0.0,0.0,0.0,0.0,0.0,0.0,0.0,0.0,0.0,,,,,18473,global,0.4
2,1,lr5e-05_bs32_modL1_fusion16_fusionL1_fusionBN0_drop0p1__wd1e-04trmiss40_trlocglobal,32,5e-05,0.0001,1,16,1,False,0.1,lr5e-05_bs32_modL1_fusion16_fusionL1_fusionBN0_drop0p1__wd1e-04trmiss40_trlocglobal,43,0.5218457678953806,0.6644046008586884,0.6047430830039525,0.6569703707183375,0.5555555555555556,0.0,0.0,0.0,0.0,0.0,0.0,0.0,0.0,0.0,,,,,18473,global,0.4
2,1,lr5e-05_bs32_modL1_fusion16_fusionL1_fusionBN0_drop0p1__wd1e-04trmiss40_trlocglobal,32,5e-05,0.0001,1,16,1,False,0.1,lr5e-05_bs32_modL1_fusion16_fusionL1_fusionBN0_drop0p1__wd1e-04trmiss40_trlocglobal,44,0.5167226245005926,0.6642115116119385,0.6027667984189723,0.6563542820015623,0.5555555555555556,0.0,0.0,0.0,0.0,0.0,0.0,0.0,0.0,0.0,,,,,18473,global,0.4
2,1,lr5e-05_bs32_modL1_fusion16_fusionL1_fusionBN0_drop0p1__wd1e-04trmiss40_trlocglobal,32,5e-05,0.0001,1,16,1,False,0.1,lr5e-05_bs32_modL1_fusion16_fusionL1_fusionBN0_drop0p1__wd1e-04trmiss40_trlocglobal,45,0.5134206116199493,0.6641083359718323,0.6007905138339921,0.6553691989731357,0.5555555555555556,0.0,0.0,0.0,0.0,0.0,0.0,0.0,0.0,0.0,,,,,18473,global,0.4
2,1,lr5e-05_bs32_modL1_fusion16_fusionL1_fusionBN0_drop0p1__wd1e-04trmiss40_trlocglobal,32,5e-05,0.0001,1,16,1,False,0.1,lr5e-05_bs32_modL1_fusion16_fusionL1_fusionBN0_drop0p1__wd1e-04trmiss40_trlocglobal,46,0.5266843388477961,0.6643766760826111,0.5988142292490118,0.6547839146921992,0.5555555555555556,0.0,0.0,0.0,0.0,0.0,0.0,0.0,0.0,0.0,,,,,18473,global,0.4
2,1,lr5e-05_bs32_modL1_fusion16_fusionL1_fusionBN0_drop0p1__wd1e-04trmiss40_trlocglobal,32,5e-05,0.0001,1,16,1,False,0.1,lr5e-05_bs32_modL1_fusion16_fusionL1_fusionBN0_drop0p1__wd1e-04trmiss40_trlocglobal,47,0.5129157652457556,0.6639145612716675,0.6067193675889327,0.6634033781171546,0.5555555555555556,0.0,0.0,0.0,0.0,0.0,0.0,0.0,0.0,0.0,,,,,18473,global,0.4
2,1,lr5e-05_bs32_modL1_fusion16_fusionL1_fusionBN0_drop0p1__wd1e-04trmiss40_trlocglobal,32,5e-05,0.0001,1,16,1,False,0.1,lr5e-05_bs32_modL1_fusion16_fusionL1_fusionBN0_drop0p1__wd1e-04trmiss40_trlocglobal,48,0.5163744688034058,0.6634274125099182,0.608695652173913,0.6615237502145088,0.5555555555555556,0.0,0.0,0.0,0.0,0.0,0.0,0.0,0.0,0.0,,,,,18473,global,0.4
2,1,lr5e-05_bs32_modL1_fusion16_fusionL1_fusionBN0_drop0p1__wd1e-04trmiss40_trlocglobal,32,5e-05,0.0001,1,16,1,False,0.1,lr5e-05_bs32_modL1_fusion16_fusionL1_fusionBN0_drop0p1__wd1e-04trmiss40_trlocglobal,49,0.5189742098251978,0.6628312766551971,0.608695652173913,0.6606755121261951,0.5555555555555556,0.0,0.0,0.0,0.0,0.0,0.0,0.0,0.0,0.0,,,,,18473,global,0.4
2,1,lr5e-05_bs32_modL1_fusion16_fusionL1_fusionBN0_drop0p1__wd1e-04trmiss40_trlocglobal,32,5e-05,0.0001,1,16,1,False,0.1,lr5e-05_bs32_modL1_fusion16_fusionL1_fusionBN0_drop0p1__wd1e-04trmiss40_trlocglobal,50,0.5235901574293772,0.6628315448760986,0.6067193675889327,0.6580730802331454,0.5555555555555556,0.0,0.0,0.0,0.0,0.0,0.0,0.0,0.0,0.0,,,,,18473,global,0.4
2,1,lr5e-05_bs32_modL1_fusion16_fusionL1_fusionBN0_drop0p1__wd1e-04trmiss40_trlocglobal,32,5e-05,0.0001,1,16,1,False,0.1,lr5e-05_bs32_modL1_fusion16_fusionL1_fusionBN0_drop0p1__wd1e-04trmiss40_trlocglobal,51,0.5133554885784785,0.6625478565692902,0.6146245059288538,0.6645198568448396,0.5555555555555556,0.0,0.0,0.0,0.0,0.0,0.0,0.0,0.0,0.0,,,,,18473,global,0.4
2,1,lr5e-05_bs32_modL1_fusion16_fusionL1_fusionBN0_drop0p1__wd1e-04trmiss40_trlocglobal,32,5e-05,0.0001,1,16,1,False,0.1,lr5e-05_bs32_modL1_fusion16_fusionL1_fusionBN0_drop0p1__wd1e-04trmiss40_trlocglobal,52,0.5100577672322592,0.6625016331672668,0.6047430830039525,0.6589829764999567,0.5555555555555556,0.0,0.0,0.0,0.0,0.0,0.0,0.0,0.0,0.0,,,,,18473,global,0.4
2,1,lr5e-05_bs32_modL1_fusion16_fusionL1_fusionBN0_drop0p1__wd1e-04trmiss40_trlocglobal,32,5e-05,0.0001,1,16,1,False,0.1,lr5e-05_bs32_modL1_fusion16_fusionL1_fusionBN0_drop0p1__wd1e-04trmiss40_trlocglobal,53,0.5167208214600881,0.6635279953479767,0.6007905138339921,0.657596130090493,0.5777777777777777,0.0,0.0,0.0,0.0,0.0,0.0,0.0,0.0,0.0,,,,,18473,global,0.4
2,1,lr5e-05_bs32_modL1_fusion16_fusionL1_fusionBN0_drop0p1__wd1e-04trmiss40_trlocglobal,32,5e-05,0.0001,1,16,1,False,0.1,lr5e-05_bs32_modL1_fusion16_fusionL1_fusionBN0_drop0p1__wd1e-04trmiss40_trlocglobal,54,0.515700618426005,0.6641043126583099,0.5968379446640316,0.65369970233823,0.5777777777777777,0.0,0.0,0.0,0.0,0.0,0.0,0.0,0.0,0.0,,,,,18473,global,0.4
2,1,lr5e-05_bs32_modL1_fusion16_fusionL1_fusionBN0_drop0p1__wd1e-04trmiss40_trlocglobal,32,5e-05,0.0001,1,16,1,False,0.1,lr5e-05_bs32_modL1_fusion16_fusionL1_fusionBN0_drop0p1__wd1e-04trmiss40_trlocglobal,55,0.5090610633293787,0.66455939412117,0.5928853754940712,0.6511073290364746,0.5777777777777777,0.0,0.0,0.0,0.0,0.0,0.0,0.0,0.0,0.0,,,,,18473,global,0.4
2,1,lr5e-05_bs32_modL1_fusion16_fusionL1_fusionBN0_drop0p1__wd1e-04trmiss40_trlocglobal,32,5e-05,0.0001,1,16,1,False,0.1,lr5e-05_bs32_modL1_fusion16_fusionL1_fusionBN0_drop0p1__wd1e-04trmiss40_trlocglobal,56,0.5024317602316538,0.6636718511581421,0.6007905138339921,0.6548388475471167,0.5777777777777777,0.0,0.0,0.0,0.0,0.0,0.0,0.0,0.0,0.0,,,,,18473,global,0.4
2,1,lr5e-05_bs32_modL1_fusion16_fusionL1_fusionBN0_drop0p1__wd1e-04trmiss40_trlocglobal,32,5e-05,0.0001,1,16,1,False,0.1,lr5e-05_bs32_modL1_fusion16_fusionL1_fusionBN0_drop0p1__wd1e-04trmiss40_trlocglobal,57,0.5121841629346212,0.6630575954914093,0.6007905138339921,0.6548388475471167,0.5777777777777777,0.0,0.0,0.0,0.0,0.0,0.0,0.0,0.0,0.0,,,,,18473,global,0.4
2,1,lr5e-05_bs32_modL1_fusion16_fusionL1_fusionBN0_drop0p1__wd1e-04trmiss40_trlocglobal,32,5e-05,0.0001,1,16,1,False,0.1,lr5e-05_bs32_modL1_fusion16_fusionL1_fusionBN0_drop0p1__wd1e-04trmiss40_trlocglobal,58,0.5151977042357127,0.6633767783641815,0.6047430830039526,0.6569741823633054,0.5777777777777777,0.0,0.0,0.0,0.0,0.0,0.0,0.0,0.0,0.0,,,,,18473,global,0.4
2,1,lr5e-05_bs32_modL1_fusion16_fusionL1_fusionBN0_drop0p1__wd1e-04trmiss40_trlocglobal,32,5e-05,0.0001,1,16,1,False,0.1,lr5e-05_bs32_modL1_fusion16_fusionL1_fusionBN0_drop0p1__wd1e-04trmiss40_trlocglobal,59,0.5072881132364273,0.6636210978031158,0.6027667984189723,0.6559558779647143,0.5777777777777777,0.0,0.0,0.0,0.0,0.0,0.0,0.0,0.0,0.0,,,,,18473,global,0.4
2,1,lr5e-05_bs32_modL1_fusion16_fusionL1_fusionBN0_drop0p1__wd1e-04trmiss40_trlocglobal,32,5e-05,0.0001,1,16,1,False,0.1,lr5e-05_bs32_modL1_fusion16_fusionL1_fusionBN0_drop0p1__wd1e-04trmiss40_trlocglobal,60,0.50355131427447,0.6641997992992401,0.6007905138339921,0.6553397892479391,0.5777777777777777,0.0,0.0,0.0,0.0,0.0,0.0,0.0,0.0,0.0,,,,,18473,global,0.4
2,1,lr5e-05_bs32_modL1_fusion16_fusionL1_fusionBN0_drop0p1__wd1e-04trmiss40_trlocglobal,32,5e-05,0.0001,1,16,1,False,0.1,lr5e-05_bs32_modL1_fusion16_fusionL1_fusionBN0_drop0p1__wd1e-04trmiss40_trlocglobal,61,0.5181327760219574,0.6644950211048126,0.6067193675889327,0.6581471226412839,0.5777777777777777,0.0,0.0,0.0,0.0,0.0,0.0,0.0,0.0,0.0,,,,,18473,global,0.4
2,1,lr5e-05_bs32_modL1_fusion32_fusionL1_fusionBN0_drop0p2__wd1e-04trmiss40_trlocglobal,32,5e-05,0.0001,1,32,1,False,0.2,lr5e-05_bs32_modL1_fusion32_fusionL1_fusionBN0_drop0p2__wd1e-04trmiss40_trlocglobal,1,0.6995022694269816,0.6878024041652679,0.5335968379446641,0.5464160002162181,0.4888888888888889,0.0,0.0,0.0,0.0,0.0,0.0,0.0,0.0,0.0,,,,,18473,global,0.4
2,1,lr5e-05_bs32_modL1_fusion32_fusionL1_fusionBN0_drop0p2__wd1e-04trmiss40_trlocglobal,32,5e-05,0.0001,1,32,1,False,0.2,lr5e-05_bs32_modL1_fusion32_fusionL1_fusionBN0_drop0p2__wd1e-04trmiss40_trlocglobal,2,0.6913218200206757,0.6871078014373779,0.5316205533596838,0.559899125248208,0.4888888888888889,0.0,0.0,0.0,0.0,0.0,0.0,0.0,0.0,0.0,,,,,18473,global,0.4
2,1,lr5e-05_bs32_modL1_fusion32_fusionL1_fusionBN0_drop0p2__wd1e-04trmiss40_trlocglobal,32,5e-05,0.0001,1,32,1,False,0.2,lr5e-05_bs32_modL1_fusion32_fusionL1_fusionBN0_drop0p2__wd1e-04trmiss40_trlocglobal,3,0.6780506670475006,0.6859130859375,0.5652173913043478,0.6186972139457113,0.4888888888888889,0.0,0.0,0.0,0.0,0.0,0.0,0.0,0.0,0.0,,,,,18473,global,0.4
2,1,lr5e-05_bs32_modL1_fusion32_fusionL1_fusionBN0_drop0p2__wd1e-04trmiss40_trlocglobal,32,5e-05,0.0001,1,32,1,False,0.2,lr5e-05_bs32_modL1_fusion32_fusionL1_fusionBN0_drop0p2__wd1e-04trmiss40_trlocglobal,4,0.6772373020648956,0.6858160197734833,0.5474308300395256,0.5989154265774563,0.4666666666666667,0.0,0.0,0.0,0.0,0.0,0.0,0.0,0.0,0.0,,,,,18473,global,0.4
2,1,lr5e-05_bs32_modL1_fusion32_fusionL1_fusionBN0_drop0p2__wd1e-04trmiss40_trlocglobal,32,5e-05,0.0001,1,32,1,False,0.2,lr5e-05_bs32_modL1_fusion32_fusionL1_fusionBN0_drop0p2__wd1e-04trmiss40_trlocglobal,5,0.6670992573102316,0.6850376427173615,0.5355731225296443,0.5822466620186662,0.4888888888888889,0.0,0.0,0.0,0.0,0.0,0.0,0.0,0.0,0.0,,,,,18473,global,0.4
2,1,lr5e-05_bs32_modL1_fusion32_fusionL1_fusionBN0_drop0p2__wd1e-04trmiss40_trlocglobal,32,5e-05,0.0001,1,32,1,False,0.2,lr5e-05_bs32_modL1_fusion32_fusionL1_fusionBN0_drop0p2__wd1e-04trmiss40_trlocglobal,6,0.6680502196153005,0.6845627129077911,0.525691699604743,0.5693130136957358,0.4888888888888889,0.0,0.0,0.0,0.0,0.0,0.0,0.0,0.0,0.0,,,,,18473,global,0.4
2,1,lr5e-05_bs32_modL1_fusion32_fusionL1_fusionBN0_drop0p2__wd1e-04trmiss40_trlocglobal,32,5e-05,0.0001,1,32,1,False,0.2,lr5e-05_bs32_modL1_fusion32_fusionL1_fusionBN0_drop0p2__wd1e-04trmiss40_trlocglobal,7,0.65561510125796,0.6846742928028107,0.5197628458498024,0.573533432412798,0.4888888888888889,0.0,0.0,0.0,0.0,0.0,0.0,0.0,0.0,0.0,,,,,18473,global,0.4
2,1,lr5e-05_bs32_modL1_fusion32_fusionL1_fusionBN0_drop0p2__wd1e-04trmiss40_trlocglobal,32,5e-05,0.0001,1,32,1,False,0.2,lr5e-05_bs32_modL1_fusion32_fusionL1_fusionBN0_drop0p2__wd1e-04trmiss40_trlocglobal,8,0.6551494598388672,0.6844320297241211,0.5237154150197629,0.5793980106686805,0.4666666666666667,0.0,0.0,0.0,0.0,0.0,0.0,0.0,0.0,0.0,,,,,18473,global,0.4
2,1,lr5e-05_bs32_modL1_fusion32_fusionL1_fusionBN0_drop0p2__wd1e-04trmiss40_trlocglobal,32,5e-05,0.0001,1,32,1,False,0.2,lr5e-05_bs32_modL1_fusion32_fusionL1_fusionBN0_drop0p2__wd1e-04trmiss40_trlocglobal,9,0.647056887547175,0.6845796406269073,0.5118577075098815,0.5864678763442434,0.4666666666666667,0.0,0.0,0.0,0.0,0.0,0.0,0.0,0.0,0.0,,,,,18473,global,0.4
2,1,lr5e-05_bs32_modL1_fusion32_fusionL1_fusionBN0_drop0p2__wd1e-04trmiss40_trlocglobal,32,5e-05,0.0001,1,32,1,False,0.2,lr5e-05_bs32_modL1_fusion32_fusionL1_fusionBN0_drop0p2__wd1e-04trmiss40_trlocglobal,10,0.6436053117116293,0.6846454441547394,0.5158102766798419,0.5991044017212336,0.4666666666666667,0.0,0.0,0.0,0.0,0.0,0.0,0.0,0.0,0.0,,,,,18473,global,0.4
2,1,lr5e-05_bs32_modL1_fusion32_fusionL1_fusionBN0_drop0p2__wd1e-04trmiss40_trlocglobal,32,5e-05,0.0001,1,32,1,False,0.2,lr5e-05_bs32_modL1_fusion32_fusionL1_fusionBN0_drop0p2__wd1e-04trmiss40_trlocglobal,11,0.6436794300874075,0.6850268542766571,0.5059288537549408,0.5805298930099225,0.4888888888888889,0.0,0.0,0.0,0.0,0.0,0.0,0.0,0.0,0.0,,,,,18473,global,0.4
2,1,lr5e-05_bs32_modL1_fusion32_fusionL1_fusionBN0_drop0p2__wd1e-04trmiss40_trlocglobal,32,5e-05,0.0001,1,32,1,False,0.2,lr5e-05_bs32_modL1_fusion32_fusionL1_fusionBN0_drop0p2__wd1e-04trmiss40_trlocglobal,12,0.6378735800584158,0.6843620836734772,0.5039525691699605,0.5627203386726762,0.4888888888888889,0.0,0.0,0.0,0.0,0.0,0.0,0.0,0.0,0.0,,,,,18473,global,0.4
2,1,lr5e-05_bs32_modL1_fusion32_fusionL1_fusionBN0_drop0p2__wd1e-04trmiss40_trlocglobal,32,5e-05,0.0001,1,32,1,False,0.2,lr5e-05_bs32_modL1_fusion32_fusionL1_fusionBN0_drop0p2__wd1e-04trmiss40_trlocglobal,13,0.6365491151809692,0.6841460466384888,0.5059288537549407,0.5622192523241785,0.4888888888888889,0.0,0.0,0.0,0.0,0.0,0.0,0.0,0.0,0.0,,,,,18473,global,0.4
2,1,lr5e-05_bs32_modL1_fusion32_fusionL1_fusionBN0_drop0p2__wd1e-04trmiss40_trlocglobal,32,5e-05,0.0001,1,32,1,False,0.2,lr5e-05_bs32_modL1_fusion32_fusionL1_fusionBN0_drop0p2__wd1e-04trmiss40_trlocglobal,14,0.6377564966678619,0.6841042041778564,0.5118577075098815,0.5868175973496835,0.4888888888888889,0.0,0.0,0.0,0.0,0.0,0.0,0.0,0.0,0.0,,,,,18473,global,0.4
2,1,lr5e-05_bs32_modL1_fusion32_fusionL1_fusionBN0_drop0p2__wd1e-04trmiss40_trlocglobal,32,5e-05,0.0001,1,32,1,False,0.2,lr5e-05_bs32_modL1_fusion32_fusionL1_fusionBN0_drop0p2__wd1e-04trmiss40_trlocglobal,15,0.6328741808732351,0.6831710040569305,0.5276679841897234,0.6008215763548896,0.5333333333333333,0.0,0.0,0.0,0.0,0.0,0.0,0.0,0.0,0.0,,,,,18473,global,0.4
2,1,lr5e-05_bs32_modL1_fusion32_fusionL1_fusionBN0_drop0p2__wd1e-04trmiss40_trlocglobal,32,5e-05,0.0001,1,32,1,False,0.2,lr5e-05_bs32_modL1_fusion32_fusionL1_fusionBN0_drop0p2__wd1e-04trmiss40_trlocglobal,16,0.6337198714415232,0.6830566823482513,0.5335968379446641,0.616799288074816,0.5777777777777777,0.0,0.0,0.0,0.0,0.0,0.0,0.0,0.0,0.0,,,,,18473,global,0.4
2,1,lr5e-05_bs32_modL1_fusion32_fusionL1_fusionBN0_drop0p2__wd1e-04trmiss40_trlocglobal,32,5e-05,0.0001,1,32,1,False,0.2,lr5e-05_bs32_modL1_fusion32_fusionL1_fusionBN0_drop0p2__wd1e-04trmiss40_trlocglobal,17,0.6319277584552765,0.6825730502605438,0.5335968379446641,0.6162528652840972,0.5555555555555556,0.0,0.0,0.0,0.0,0.0,0.0,0.0,0.0,0.0,,,,,18473,global,0.4
2,1,lr5e-05_bs32_modL1_fusion32_fusionL1_fusionBN0_drop0p2__wd1e-04trmiss40_trlocglobal,32,5e-05,0.0001,1,32,1,False,0.2,lr5e-05_bs32_modL1_fusion32_fusionL1_fusionBN0_drop0p2__wd1e-04trmiss40_trlocglobal,18,0.6230315963427225,0.6822499632835388,0.5296442687747035,0.6137577259478948,0.5555555555555556,0.0,0.0,0.0,0.0,0.0,0.0,0.0,0.0,0.0,,,,,18473,global,0.4
2,1,lr5e-05_bs32_modL1_fusion32_fusionL1_fusionBN0_drop0p2__wd1e-04trmiss40_trlocglobal,32,5e-05,0.0001,1,32,1,False,0.2,lr5e-05_bs32_modL1_fusion32_fusionL1_fusionBN0_drop0p2__wd1e-04trmiss40_trlocglobal,19,0.6188172598679861,0.6819604337215424,0.5197628458498024,0.6086495001238945,0.5111111111111111,0.0,0.0,0.0,0.0,0.0,0.0,0.0,0.0,0.0,,,,,18473,global,0.4
2,1,lr5e-05_bs32_modL1_fusion32_fusionL1_fusionBN0_drop0p2__wd1e-04trmiss40_trlocglobal,32,5e-05,0.0001,1,32,1,False,0.2,lr5e-05_bs32_modL1_fusion32_fusionL1_fusionBN0_drop0p2__wd1e-04trmiss40_trlocglobal,20,0.6204153597354889,0.6810227632522583,0.5019762845849802,0.5888562546743488,0.5333333333333333,0.0,0.0,0.0,0.0,0.0,0.0,0.0,0.0,0.0,,,,,18473,global,0.4
2,1,lr5e-05_bs32_modL1_fusion32_fusionL1_fusionBN0_drop0p2__wd1e-04trmiss40_trlocglobal,32,5e-05,0.0001,1,32,1,False,0.2,lr5e-05_bs32_modL1_fusion32_fusionL1_fusionBN0_drop0p2__wd1e-04trmiss40_trlocglobal,21,0.6168427666028341,0.6809207499027252,0.4980237154150198,0.586645424542237,0.5111111111111111,0.0,0.0,0.0,0.0,0.0,0.0,0.0,0.0,0.0,,,,,18473,global,0.4
2,1,lr5e-05_bs32_modL1_fusion32_fusionL1_fusionBN0_drop0p2__wd1e-04trmiss40_trlocglobal,32,5e-05,0.0001,1,32,1,False,0.2,lr5e-05_bs32_modL1_fusion32_fusionL1_fusionBN0_drop0p2__wd1e-04trmiss40_trlocglobal,22,0.6141265531380972,0.6803670227527618,0.5019762845849802,0.588403287732887,0.4666666666666667,0.0,0.0,0.0,0.0,0.0,0.0,0.0,0.0,0.0,,,,,18473,global,0.4
2,1,lr5e-05_bs32_modL1_fusion32_fusionL1_fusionBN0_drop0p2__wd1e-04trmiss40_trlocglobal,32,5e-05,0.0001,1,32,1,False,0.2,lr5e-05_bs32_modL1_fusion32_fusionL1_fusionBN0_drop0p2__wd1e-04trmiss40_trlocglobal,23,0.6098903218905131,0.6799134016036987,0.5197628458498024,0.6177806662167475,0.4888888888888889,0.0,0.0,0.0,0.0,0.0,0.0,0.0,0.0,0.0,,,,,18473,global,0.4
2,1,lr5e-05_bs32_modL1_fusion32_fusionL1_fusionBN0_drop0p2__wd1e-04trmiss40_trlocglobal,32,5e-05,0.0001,1,32,1,False,0.2,lr5e-05_bs32_modL1_fusion32_fusionL1_fusionBN0_drop0p2__wd1e-04trmiss40_trlocglobal,24,0.6013088325659434,0.6800626814365387,0.5098814229249012,0.6140107092829621,0.4888888888888889,0.0,0.0,0.0,0.0,0.0,0.0,0.0,0.0,0.0,,,,,18473,global,0.4
2,1,lr5e-05_bs32_modL1_fusion32_fusionL1_fusionBN0_drop0p2__wd1e-04trmiss40_trlocglobal,32,5e-05,0.0001,1,32,1,False,0.2,lr5e-05_bs32_modL1_fusion32_fusionL1_fusionBN0_drop0p2__wd1e-04trmiss40_trlocglobal,25,0.6087566614151001,0.6797613203525543,0.5098814229249012,0.6138212487026534,0.4444444444444444,0.0,0.0,0.0,0.0,0.0,0.0,0.0,0.0,0.0,,,,,18473,global,0.4
2,1,lr5e-05_bs32_modL1_fusion32_fusionL1_fusionBN0_drop0p1__wd1e-04trmiss40_trlocglobal,32,5e-05,0.0001,1,32,1,False,0.1,lr5e-05_bs32_modL1_fusion32_fusionL1_fusionBN0_drop0p1__wd1e-04trmiss40_trlocglobal,1,0.6909646689891815,0.6811733543872833,0.616600790513834,0.6621276833483082,0.6222222222222222,0.0,0.0,0.0,0.0,0.0,0.0,0.0,0.0,0.0,,,,,18473,global,0.4
2,1,lr5e-05_bs32_modL1_fusion32_fusionL1_fusionBN0_drop0p1__wd1e-04trmiss40_trlocglobal,32,5e-05,0.0001,1,32,1,False,0.1,lr5e-05_bs32_modL1_fusion32_fusionL1_fusionBN0_drop0p1__wd1e-04trmiss40_trlocglobal,2,0.6800763607025146,0.6770825684070587,0.6324110671936759,0.6848968005827946,0.6444444444444445,0.0,0.0,0.0,0.0,0.0,0.0,0.0,0.0,0.0,,,,,18473,global,0.4
2,1,lr5e-05_bs32_modL1_fusion32_fusionL1_fusionBN0_drop0p1__wd1e-04trmiss40_trlocglobal,32,5e-05,0.0001,1,32,1,False,0.1,lr5e-05_bs32_modL1_fusion32_fusionL1_fusionBN0_drop0p1__wd1e-04trmiss40_trlocglobal,3,0.6668463349342346,0.6736262142658234,0.642292490118577,0.6992746858738201,0.6888888888888889,0.0,0.0,0.0,0.0,0.0,0.0,0.0,0.0,0.0,,,,,18473,global,0.4
2,1,lr5e-05_bs32_modL1_fusion32_fusionL1_fusionBN0_drop0p1__wd1e-04trmiss40_trlocglobal,32,5e-05,0.0001,1,32,1,False,0.1,lr5e-05_bs32_modL1_fusion32_fusionL1_fusionBN0_drop0p1__wd1e-04trmiss40_trlocglobal,4,0.661368320385615,0.6712179780006409,0.6442687747035574,0.6884507259228287,0.6666666666666666,0.0,0.0,0.0,0.0,0.0,0.0,0.0,0.0,0.0,,,,,18473,global,0.4
2,1,lr5e-05_bs32_modL1_fusion32_fusionL1_fusionBN0_drop0p1__wd1e-04trmiss40_trlocglobal,32,5e-05,0.0001,1,32,1,False,0.1,lr5e-05_bs32_modL1_fusion32_fusionL1_fusionBN0_drop0p1__wd1e-04trmiss40_trlocglobal,5,0.649854838848114,0.6705191135406494,0.650197628458498,0.6916190628105044,0.6888888888888889,0.0,0.0,0.0,0.0,0.0,0.0,0.0,0.0,0.0,,,,,18473,global,0.4
2,1,lr5e-05_bs32_modL1_fusion32_fusionL1_fusionBN0_drop0p1__wd1e-04trmiss40_trlocglobal,32,5e-05,0.0001,1,32,1,False,0.1,lr5e-05_bs32_modL1_fusion32_fusionL1_fusionBN0_drop0p1__wd1e-04trmiss40_trlocglobal,6,0.6483176747957865,0.6697292327880859,0.6383399209486166,0.6681782224005974,0.6666666666666666,0.0,0.0,0.0,0.0,0.0,0.0,0.0,0.0,0.0,,,,,18473,global,0.4
2,1,lr5e-05_bs32_modL1_fusion32_fusionL1_fusionBN0_drop0p1__wd1e-04trmiss40_trlocglobal,32,5e-05,0.0001,1,32,1,False,0.1,lr5e-05_bs32_modL1_fusion32_fusionL1_fusionBN0_drop0p1__wd1e-04trmiss40_trlocglobal,7,0.6430464486281077,0.6694199442863464,0.6363636363636364,0.6778625414917271,0.6888888888888889,0.0,0.0,0.0,0.0,0.0,0.0,0.0,0.0,0.0,,,,,18473,global,0.4
2,1,lr5e-05_bs32_modL1_fusion32_fusionL1_fusionBN0_drop0p1__wd1e-04trmiss40_trlocglobal,32,5e-05,0.0001,1,32,1,False,0.1,lr5e-05_bs32_modL1_fusion32_fusionL1_fusionBN0_drop0p1__wd1e-04trmiss40_trlocglobal,8,0.6368290285269419,0.6685542464256287,0.6383399209486166,0.6819320047066175,0.6444444444444445,0.0,0.0,0.0,0.0,0.0,0.0,0.0,0.0,0.0,,,,,18473,global,0.4
2,1,lr5e-05_bs32_modL1_fusion32_fusionL1_fusionBN0_drop0p1__wd1e-04trmiss40_trlocglobal,32,5e-05,0.0001,1,32,1,False,0.1,lr5e-05_bs32_modL1_fusion32_fusionL1_fusionBN0_drop0p1__wd1e-04trmiss40_trlocglobal,9,0.6300067603588104,0.6689543426036835,0.6363636363636364,0.6918512275147412,0.6222222222222222,0.0,0.0,0.0,0.0,0.0,0.0,0.0,0.0,0.0,,,,,18473,global,0.4
2,1,lr5e-05_bs32_modL1_fusion32_fusionL1_fusionBN0_drop0p1__wd1e-04trmiss40_trlocglobal,32,5e-05,0.0001,1,32,1,False,0.1,lr5e-05_bs32_modL1_fusion32_fusionL1_fusionBN0_drop0p1__wd1e-04trmiss40_trlocglobal,10,0.6261291603247324,0.668811172246933,0.6304347826086957,0.6869030686921083,0.6222222222222222,0.0,0.0,0.0,0.0,0.0,0.0,0.0,0.0,0.0,,,,,18473,global,0.4
2,1,lr5e-05_bs32_modL1_fusion32_fusionL1_fusionBN0_drop0p1__wd1e-04trmiss40_trlocglobal,32,5e-05,0.0001,1,32,1,False,0.1,lr5e-05_bs32_modL1_fusion32_fusionL1_fusionBN0_drop0p1__wd1e-04trmiss40_trlocglobal,11,0.6218981047471365,0.6687601506710052,0.6482213438735177,0.7126722449796029,0.6444444444444445,0.0,0.0,0.0,0.0,0.0,0.0,0.0,0.0,0.0,,,,,18473,global,0.4
2,1,lr5e-05_bs32_modL1_fusion32_fusionL1_fusionBN0_drop0p1__wd1e-04trmiss40_trlocglobal,32,5e-05,0.0001,1,32,1,False,0.1,lr5e-05_bs32_modL1_fusion32_fusionL1_fusionBN0_drop0p1__wd1e-04trmiss40_trlocglobal,12,0.6141712864240011,0.6695506274700165,0.650197628458498,0.7049705167787379,0.6444444444444445,0.0,0.0,0.0,0.0,0.0,0.0,0.0,0.0,0.0,,,,,18473,global,0.4
2,1,lr5e-05_bs32_modL1_fusion32_fusionL1_fusionBN0_drop0p1__wd1e-04trmiss40_trlocglobal,32,5e-05,0.0001,1,32,1,False,0.1,lr5e-05_bs32_modL1_fusion32_fusionL1_fusionBN0_drop0p1__wd1e-04trmiss40_trlocglobal,13,0.608799030383428,0.6699119210243225,0.6482213438735177,0.6864238460598162,0.6222222222222222,0.0,0.0,0.0,0.0,0.0,0.0,0.0,0.0,0.0,,,,,18473,global,0.4
2,1,lr5e-05_bs32_modL1_fusion32_fusionL1_fusionBN0_drop0p1__wd1e-04trmiss40_trlocglobal,32,5e-05,0.0001,1,32,1,False,0.1,lr5e-05_bs32_modL1_fusion32_fusionL1_fusionBN0_drop0p1__wd1e-04trmiss40_trlocglobal,14,0.6044475138187408,0.6691856682300568,0.6403162055335969,0.6556380954514112,0.6,0.0,0.0,0.0,0.0,0.0,0.0,0.0,0.0,0.0,,,,,18473,global,0.4
2,1,lr5e-05_bs32_modL1_fusion32_fusionL1_fusionBN0_drop0p1__wd1e-04trmiss40_trlocglobal,32,5e-05,0.0001,1,32,1,False,0.1,lr5e-05_bs32_modL1_fusion32_fusionL1_fusionBN0_drop0p1__wd1e-04trmiss40_trlocglobal,15,0.6043647726376852,0.6681775450706482,0.642292490118577,0.6551857683922263,0.6,0.0,0.0,0.0,0.0,0.0,0.0,0.0,0.0,0.0,,,,,18473,global,0.4
2,1,lr5e-05_bs32_modL1_fusion32_fusionL1_fusionBN0_drop0p1__wd1e-04trmiss40_trlocglobal,32,5e-05,0.0001,1,32,1,False,0.1,lr5e-05_bs32_modL1_fusion32_fusionL1_fusionBN0_drop0p1__wd1e-04trmiss40_trlocglobal,16,0.5958687762419382,0.6672995090484619,0.6600790513833993,0.683525524032427,0.6,0.0,0.0,0.0,0.0,0.0,0.0,0.0,0.0,0.0,,,,,18473,global,0.4
2,1,lr5e-05_bs32_modL1_fusion32_fusionL1_fusionBN0_drop0p1__wd1e-04trmiss40_trlocglobal,32,5e-05,0.0001,1,32,1,False,0.1,lr5e-05_bs32_modL1_fusion32_fusionL1_fusionBN0_drop0p1__wd1e-04trmiss40_trlocglobal,17,0.5959346195062002,0.6669551432132721,0.6640316205533597,0.687120108319231,0.6,0.0,0.0,0.0,0.0,0.0,0.0,0.0,0.0,0.0,,,,,18473,global,0.4
2,1,lr5e-05_bs32_modL1_fusion32_fusionL1_fusionBN0_drop0p1__wd1e-04trmiss40_trlocglobal,32,5e-05,0.0001,1,32,1,False,0.1,lr5e-05_bs32_modL1_fusion32_fusionL1_fusionBN0_drop0p1__wd1e-04trmiss40_trlocglobal,18,0.5920944313208262,0.6683447062969208,0.6521739130434783,0.6799067201053501,0.6,0.0,0.0,0.0,0.0,0.0,0.0,0.0,0.0,0.0,,,,,18473,global,0.4
2,1,lr5e-05_bs32_modL1_fusion32_fusionL1_fusionBN0_drop0p1__wd1e-04trmiss40_trlocglobal,32,5e-05,0.0001,1,32,1,False,0.1,lr5e-05_bs32_modL1_fusion32_fusionL1_fusionBN0_drop0p1__wd1e-04trmiss40_trlocglobal,19,0.5852517187595367,0.6672749519348145,0.6600790513833993,0.6872936412904955,0.5777777777777777,0.0,0.0,0.0,0.0,0.0,0.0,0.0,0.0,0.0,,,,,18473,global,0.4
2,1,lr5e-05_bs32_modL1_fusion32_fusionL1_fusionBN0_drop0p1__wd1e-04trmiss40_trlocglobal,32,5e-05,0.0001,1,32,1,False,0.1,lr5e-05_bs32_modL1_fusion32_fusionL1_fusionBN0_drop0p1__wd1e-04trmiss40_trlocglobal,20,0.5818019211292267,0.6664744019508362,0.6679841897233202,0.6949835572132305,0.5777777777777777,0.0,0.0,0.0,0.0,0.0,0.0,0.0,0.0,0.0,,,,,18473,global,0.4
2,1,lr5e-05_bs32_modL1_fusion32_fusionL1_fusionBN0_drop0p1__wd1e-04trmiss40_trlocglobal,32,5e-05,0.0001,1,32,1,False,0.1,lr5e-05_bs32_modL1_fusion32_fusionL1_fusionBN0_drop0p1__wd1e-04trmiss40_trlocglobal,21,0.57685919602712,0.666651040315628,0.6541501976284586,0.6982599547287585,0.5777777777777777,0.0,0.0,0.0,0.0,0.0,0.0,0.0,0.0,0.0,,,,,18473,global,0.4
2,1,lr5e-05_bs32_modL1_fusion32_fusionL1_fusionBN0_drop0p1__wd1e-04trmiss40_trlocglobal,32,5e-05,0.0001,1,32,1,False,0.1,lr5e-05_bs32_modL1_fusion32_fusionL1_fusionBN0_drop0p1__wd1e-04trmiss40_trlocglobal,22,0.5803070565064748,0.667052835226059,0.6581027667984191,0.7033019715354811,0.6222222222222222,0.0,0.0,0.0,0.0,0.0,0.0,0.0,0.0,0.0,,,,,18473,global,0.4
2,1,lr5e-05_bs32_modL1_fusion32_fusionL1_fusionBN0_drop0p1__wd1e-04trmiss40_trlocglobal,32,5e-05,0.0001,1,32,1,False,0.1,lr5e-05_bs32_modL1_fusion32_fusionL1_fusionBN0_drop0p1__wd1e-04trmiss40_trlocglobal,23,0.578734427690506,0.6688843667507172,0.6541501976284586,0.681874739818241,0.6,0.0,0.0,0.0,0.0,0.0,0.0,0.0,0.0,0.0,,,,,18473,global,0.4
2,1,lr5e-05_bs32_modL1_fusion32_fusionL1_fusionBN0_drop0p1__wd1e-04trmiss40_trlocglobal,32,5e-05,0.0001,1,32,1,False,0.1,lr5e-05_bs32_modL1_fusion32_fusionL1_fusionBN0_drop0p1__wd1e-04trmiss40_trlocglobal,24,0.5652293662230173,0.6706521213054657,0.642292490118577,0.6627691750244238,0.6,0.0,0.0,0.0,0.0,0.0,0.0,0.0,0.0,0.0,,,,,18473,global,0.4
2,1,lr5e-05_bs32_modL1_fusion32_fusionL1_fusionBN0_drop0p1__wd1e-04trmiss40_trlocglobal,32,5e-05,0.0001,1,32,1,False,0.1,lr5e-05_bs32_modL1_fusion32_fusionL1_fusionBN0_drop0p1__wd1e-04trmiss40_trlocglobal,25,0.5703993936379751,0.6713669300079346,0.6422924901185771,0.6599641154272242,0.6,0.0,0.0,0.0,0.0,0.0,0.0,0.0,0.0,0.0,,,,,18473,global,0.4
2,1,lr5e-05_bs32_modL1_fusion32_fusionL1_fusionBN0_drop0p1__wd1e-04trmiss40_trlocglobal,32,5e-05,0.0001,1,32,1,False,0.1,lr5e-05_bs32_modL1_fusion32_fusionL1_fusionBN0_drop0p1__wd1e-04trmiss40_trlocglobal,26,0.5611916780471802,0.6706536114215851,0.6403162055335968,0.6590645652023366,0.6,0.0,0.0,0.0,0.0,0.0,0.0,0.0,0.0,0.0,,,,,18473,global,0.4
2,1,lr5e-05_bs32_modL1_fusion32_fusionL1_fusionBN0_drop0p1__wd1e-04trmiss40_trlocglobal,32,5e-05,0.0001,1,32,1,False,0.1,lr5e-05_bs32_modL1_fusion32_fusionL1_fusionBN0_drop0p1__wd1e-04trmiss40_trlocglobal,27,0.5631016592184702,0.6719758808612823,0.6343873517786561,0.6625713479810261,0.6,0.0,0.0,0.0,0.0,0.0,0.0,0.0,0.0,0.0,,,,,18473,global,0.4
2,1,lr5e-05_bs32_modL1_fusion32_fusionL1_fusionBN0_drop0p1__wd1e-04trmiss40_trlocglobal,32,5e-05,0.0001,1,32,1,False,0.1,lr5e-05_bs32_modL1_fusion32_fusionL1_fusionBN0_drop0p1__wd1e-04trmiss40_trlocglobal,28,0.5536625881989797,0.6728650629520416,0.6185770750988143,0.6591787868944426,0.6,0.0,0.0,0.0,0.0,0.0,0.0,0.0,0.0,0.0,,,,,18473,global,0.4
2,1,lr5e-05_bs32_modL1_fusion32_fusionL1_fusionBN0_drop0p1__wd1e-04trmiss40_trlocglobal,32,5e-05,0.0001,1,32,1,False,0.1,lr5e-05_bs32_modL1_fusion32_fusionL1_fusionBN0_drop0p1__wd1e-04trmiss40_trlocglobal,29,0.5456190009911855,0.6716667115688324,0.6284584980237155,0.6606977015524733,0.6,0.0,0.0,0.0,0.0,0.0,0.0,0.0,0.0,0.0,,,,,18473,global,0.4
2,1,lr5e-05_bs32_modL1_fusion32_fusionL1_fusionBN0_drop0p1__wd1e-04trmiss40_trlocglobal,32,5e-05,0.0001,1,32,1,False,0.1,lr5e-05_bs32_modL1_fusion32_fusionL1_fusionBN0_drop0p1__wd1e-04trmiss40_trlocglobal,30,0.5486570298671722,0.6721603572368622,0.6245059288537549,0.6533175968772424,0.6,0.0,0.0,0.0,0.0,0.0,0.0,0.0,0.0,0.0,,,,,18473,global,0.4
2,1,lr5e-05_bs32_modL1_fusion32_fusionL1_fusionBN0_drop0p1__wd1e-04trmiss40_trlocglobal,32,5e-05,0.0001,1,32,1,False,0.1,lr5e-05_bs32_modL1_fusion32_fusionL1_fusionBN0_drop0p1__wd1e-04trmiss40_trlocglobal,31,0.5544012288252512,0.6726198196411133,0.6245059288537549,0.6469096077892132,0.6222222222222222,0.0,0.0,0.0,0.0,0.0,0.0,0.0,0.0,0.0,,,,,18473,global,0.4
2,1,lr5e-05_bs32_modL1_fusion32_fusionL1_fusionBN0_drop0p1__wd1e-04trmiss40_trlocglobal,32,5e-05,0.0001,1,32,1,False,0.1,lr5e-05_bs32_modL1_fusion32_fusionL1_fusionBN0_drop0p1__wd1e-04trmiss40_trlocglobal,32,0.5466195245583853,0.6745311915874481,0.6086956521739131,0.6304194829466856,0.6,0.0,0.0,0.0,0.0,0.0,0.0,0.0,0.0,0.0,,,,,18473,global,0.4
2,1,lr5e-05_bs32_modL1_fusion32_fusionL1_fusionBN0_drop0p1__wd1e-04trmiss40_trlocglobal,32,5e-05,0.0001,1,32,1,False,0.1,lr5e-05_bs32_modL1_fusion32_fusionL1_fusionBN0_drop0p1__wd1e-04trmiss40_trlocglobal,33,0.5464312036832174,0.6747439205646515,0.6027667984189724,0.6258531232867972,0.6,0.0,0.0,0.0,0.0,0.0,0.0,0.0,0.0,0.0,,,,,18473,global,0.4
2,1,lr5e-05_bs32_modL1_fusion32_fusionL1_fusionBN0_drop0p1__wd1e-04trmiss40_trlocglobal,32,5e-05,0.0001,1,32,1,False,0.1,lr5e-05_bs32_modL1_fusion32_fusionL1_fusionBN0_drop0p1__wd1e-04trmiss40_trlocglobal,34,0.537201722462972,0.6755375266075134,0.5968379446640317,0.6257481830992928,0.5777777777777777,0.0,0.0,0.0,0.0,0.0,0.0,0.0,0.0,0.0,,,,,18473,global,0.4
2,1,lr5e-05_bs32_modL1_fusion32_fusionL1_fusionBN0_drop0p1__wd1e-04trmiss40_trlocglobal,32,5e-05,0.0001,1,32,1,False,0.1,lr5e-05_bs32_modL1_fusion32_fusionL1_fusionBN0_drop0p1__wd1e-04trmiss40_trlocglobal,35,0.5316454470157623,0.6739256381988525,0.598814229249012,0.6351558486045193,0.5777777777777777,0.0,0.0,0.0,0.0,0.0,0.0,0.0,0.0,0.0,,,,,18473,global,0.4
2,1,lr5e-05_bs32_modL1_fusion32_fusionL1_fusionBN0_drop0p1__wd1e-04trmiss40_trlocglobal,32,5e-05,0.0001,1,32,1,False,0.1,lr5e-05_bs32_modL1_fusion32_fusionL1_fusionBN0_drop0p1__wd1e-04trmiss40_trlocglobal,36,0.5315211613972982,0.6745993196964264,0.6067193675889327,0.6382796734378609,0.6,0.0,0.0,0.0,0.0,0.0,0.0,0.0,0.0,0.0,,,,,18473,global,0.4
2,1,lr5e-05_bs32_modL1_fusion32_fusionL1_fusionBN0_drop0p1__wd1e-04trmiss40_trlocglobal,32,5e-05,0.0001,1,32,1,False,0.1,lr5e-05_bs32_modL1_fusion32_fusionL1_fusionBN0_drop0p1__wd1e-04trmiss40_trlocglobal,37,0.5331952174504598,0.6728556156158447,0.6185770750988143,0.6450171769697481,0.6222222222222222,0.0,0.0,0.0,0.0,0.0,0.0,0.0,0.0,0.0,,,,,18473,global,0.4
2,1,lr5e-05_bs32_modL1_fusion32_fusionL1_fusionBN0_drop0p1__wd1e-04trmiss40_trlocglobal,32,5e-05,0.0001,1,32,1,False,0.1,lr5e-05_bs32_modL1_fusion32_fusionL1_fusionBN0_drop0p1__wd1e-04trmiss40_trlocglobal,38,0.5263948440551758,0.6730325520038605,0.6086956521739131,0.6295236398719075,0.5777777777777777,0.0,0.0,0.0,0.0,0.0,0.0,0.0,0.0,0.0,,,,,18473,global,0.4
2,1,lr5e-05_bs32_modL1_fusion32_fusionL1_fusionBN0_drop0p1__wd1e-04trmiss40_trlocglobal,32,5e-05,0.0001,1,32,1,False,0.1,lr5e-05_bs32_modL1_fusion32_fusionL1_fusionBN0_drop0p1__wd1e-04trmiss40_trlocglobal,39,0.5206247270107269,0.6750484704971313,0.6047430830039526,0.6290916539770885,0.6,0.0,0.0,0.0,0.0,0.0,0.0,0.0,0.0,0.0,,,,,18473,global,0.4
2,1,lr5e-05_bs32_modL1_fusion32_fusionL1_fusionBN0_drop0p1__wd1e-04trmiss40_trlocglobal,32,5e-05,0.0001,1,32,1,False,0.1,lr5e-05_bs32_modL1_fusion32_fusionL1_fusionBN0_drop0p1__wd1e-04trmiss40_trlocglobal,40,0.5231344799200693,0.6763361692428589,0.6007905138339921,0.6275612094181582,0.6,0.0,0.0,0.0,0.0,0.0,0.0,0.0,0.0,0.0,,,,,18473,global,0.4
2,1,lr1e-05_bs32_modL1_fusion16_fusionL1_fusionBN0_drop0p2__wd1e-04trmiss40_trlocglobal,32,1e-05,0.0001,1,16,1,False,0.2,lr1e-05_bs32_modL1_fusion16_fusionL1_fusionBN0_drop0p2__wd1e-04trmiss40_trlocglobal,1,0.6793307562669119,0.6897193789482117,0.5849802371541503,0.608271388597837,0.5555555555555556,0.0,0.0,0.0,0.0,0.0,0.0,0.0,0.0,0.0,,,,,18473,global,0.4
2,1,lr1e-05_bs32_modL1_fusion16_fusionL1_fusionBN0_drop0p2__wd1e-04trmiss40_trlocglobal,32,1e-05,0.0001,1,16,1,False,0.2,lr1e-05_bs32_modL1_fusion16_fusionL1_fusionBN0_drop0p2__wd1e-04trmiss40_trlocglobal,2,0.6850340068340302,0.6897415518760681,0.5849802371541502,0.6095032757694157,0.5333333333333333,0.0,0.0,0.0,0.0,0.0,0.0,0.0,0.0,0.0,,,,,18473,global,0.4
2,1,lr1e-05_bs32_modL1_fusion16_fusionL1_fusionBN0_drop0p2__wd1e-04trmiss40_trlocglobal,32,1e-05,0.0001,1,16,1,False,0.2,lr1e-05_bs32_modL1_fusion16_fusionL1_fusionBN0_drop0p2__wd1e-04trmiss40_trlocglobal,3,0.6854076186815897,0.6896292269229889,0.5849802371541502,0.6120815749187307,0.5111111111111111,0.0,0.0,0.0,0.0,0.0,0.0,0.0,0.0,0.0,,,,,18473,global,0.4
2,1,lr1e-05_bs32_modL1_fusion16_fusionL1_fusionBN0_drop0p2__wd1e-04trmiss40_trlocglobal,32,1e-05,0.0001,1,16,1,False,0.2,lr1e-05_bs32_modL1_fusion16_fusionL1_fusionBN0_drop0p2__wd1e-04trmiss40_trlocglobal,4,0.6846457719802856,0.6896350681781769,0.5770750988142292,0.6052673172191295,0.4888888888888889,0.0,0.0,0.0,0.0,0.0,0.0,0.0,0.0,0.0,,,,,18473,global,0.4
2,1,lr1e-05_bs32_modL1_fusion16_fusionL1_fusionBN0_drop0p2__wd1e-04trmiss40_trlocglobal,32,1e-05,0.0001,1,16,1,False,0.2,lr1e-05_bs32_modL1_fusion16_fusionL1_fusionBN0_drop0p2__wd1e-04trmiss40_trlocglobal,5,0.6748622159163157,0.6900071799755096,0.5691699604743082,0.6021385462937388,0.4666666666666667,0.0,0.0,0.0,0.0,0.0,0.0,0.0,0.0,0.0,,,,,18473,global,0.4
2,1,lr1e-05_bs32_modL1_fusion16_fusionL1_fusionBN0_drop0p2__wd1e-04trmiss40_trlocglobal,32,1e-05,0.0001,1,16,1,False,0.2,lr1e-05_bs32_modL1_fusion16_fusionL1_fusionBN0_drop0p2__wd1e-04trmiss40_trlocglobal,6,0.6709840595722198,0.6901653409004211,0.567193675889328,0.6025360123958525,0.4444444444444444,0.0,0.0,0.0,0.0,0.0,0.0,0.0,0.0,0.0,,,,,18473,global,0.4
2,1,lr1e-05_bs32_modL1_fusion16_fusionL1_fusionBN0_drop0p2__wd1e-04trmiss40_trlocglobal,32,1e-05,0.0001,1,16,1,False,0.2,lr1e-05_bs32_modL1_fusion16_fusionL1_fusionBN0_drop0p2__wd1e-04trmiss40_trlocglobal,7,0.6789435346921285,0.6898702085018158,0.5652173913043478,0.6018037358378844,0.4666666666666667,0.0,0.0,0.0,0.0,0.0,0.0,0.0,0.0,0.0,,,,,18473,global,0.4
2,1,lr1e-05_bs32_modL1_fusion16_fusionL1_fusionBN0_drop0p2__wd1e-04trmiss40_trlocglobal,32,1e-05,0.0001,1,16,1,False,0.2,lr1e-05_bs32_modL1_fusion16_fusionL1_fusionBN0_drop0p2__wd1e-04trmiss40_trlocglobal,8,0.6773577531178793,0.689977765083313,0.5691699604743083,0.6085373208475636,0.4222222222222222,0.0,0.0,0.0,0.0,0.0,0.0,0.0,0.0,0.0,,,,,18473,global,0.4
2,1,lr1e-05_bs32_modL1_fusion16_fusionL1_fusionBN0_drop0p2__wd1e-04trmiss40_trlocglobal,32,1e-05,0.0001,1,16,1,False,0.2,lr1e-05_bs32_modL1_fusion16_fusionL1_fusionBN0_drop0p2__wd1e-04trmiss40_trlocglobal,9,0.6695333321889242,0.6904078125953674,0.5652173913043478,0.6081025944898524,0.4444444444444444,0.0,0.0,0.0,0.0,0.0,0.0,0.0,0.0,0.0,,,,,18473,global,0.4
2,1,lr1e-05_bs32_modL1_fusion16_fusionL1_fusionBN0_drop0p2__wd1e-04trmiss40_trlocglobal,32,1e-05,0.0001,1,16,1,False,0.2,lr1e-05_bs32_modL1_fusion16_fusionL1_fusionBN0_drop0p2__wd1e-04trmiss40_trlocglobal,10,0.668026735385259,0.6907456815242767,0.5612648221343873,0.6031303367903236,0.4444444444444444,0.0,0.0,0.0,0.0,0.0,0.0,0.0,0.0,0.0,,,,,18473,global,0.4
2,1,lr1e-05_bs32_modL1_fusion16_fusionL1_fusionBN0_drop0p2__wd1e-04trmiss40_trlocglobal,32,1e-05,0.0001,1,16,1,False,0.2,lr1e-05_bs32_modL1_fusion16_fusionL1_fusionBN0_drop0p2__wd1e-04trmiss40_trlocglobal,11,0.6740731795628866,0.6909466087818146,0.5592885375494071,0.6041547059072593,0.4444444444444444,0.0,0.0,0.0,0.0,0.0,0.0,0.0,0.0,0.0,,,,,18473,global,0.4
2,1,lr1e-05_bs32_modL1_fusion16_fusionL1_fusionBN0_drop0p2__wd1e-04trmiss40_trlocglobal,32,1e-05,0.0001,1,16,1,False,0.2,lr1e-05_bs32_modL1_fusion16_fusionL1_fusionBN0_drop0p2__wd1e-04trmiss40_trlocglobal,12,0.6611574788888296,0.6909688711166382,0.5592885375494071,0.6029127204900822,0.4888888888888889,0.0,0.0,0.0,0.0,0.0,0.0,0.0,0.0,0.0,,,,,18473,global,0.4
2,1,lr1e-05_bs32_modL1_fusion16_fusionL1_fusionBN0_drop0p2__wd1e-04trmiss40_trlocglobal,32,1e-05,0.0001,1,16,1,False,0.2,lr1e-05_bs32_modL1_fusion16_fusionL1_fusionBN0_drop0p2__wd1e-04trmiss40_trlocglobal,13,0.6708065172036489,0.6906616985797882,0.5652173913043478,0.6073235585493134,0.4888888888888889,0.0,0.0,0.0,0.0,0.0,0.0,0.0,0.0,0.0,,,,,18473,global,0.4
2,1,lr1e-05_bs32_modL1_fusion16_fusionL1_fusionBN0_drop0p2__wd1e-04trmiss40_trlocglobal,32,1e-05,0.0001,1,16,1,False,0.2,lr1e-05_bs32_modL1_fusion16_fusionL1_fusionBN0_drop0p2__wd1e-04trmiss40_trlocglobal,14,0.6671557029088339,0.6903979480266571,0.5652173913043478,0.6073235585493134,0.4888888888888889,0.0,0.0,0.0,0.0,0.0,0.0,0.0,0.0,0.0,,,,,18473,global,0.4
2,1,lr1e-05_bs32_modL1_fusion16_fusionL1_fusionBN0_drop0p2__wd1e-04trmiss40_trlocglobal,32,1e-05,0.0001,1,16,1,False,0.2,lr1e-05_bs32_modL1_fusion16_fusionL1_fusionBN0_drop0p2__wd1e-04trmiss40_trlocglobal,15,0.6666990220546722,0.6905346512794495,0.5632411067193677,0.6063996839535791,0.4888888888888889,0.0,0.0,0.0,0.0,0.0,0.0,0.0,0.0,0.0,,,,,18473,global,0.4
2,1,lr1e-05_bs32_modL1_fusion16_fusionL1_fusionBN0_drop0p2__wd1e-04trmiss40_trlocglobal,32,1e-05,0.0001,1,16,1,False,0.2,lr1e-05_bs32_modL1_fusion16_fusionL1_fusionBN0_drop0p2__wd1e-04trmiss40_trlocglobal,16,0.6631972392400106,0.6908788979053497,0.5612648221343873,0.6054664845868759,0.4888888888888889,0.0,0.0,0.0,0.0,0.0,0.0,0.0,0.0,0.0,,,,,18473,global,0.4
2,1,lr1e-05_bs32_modL1_fusion16_fusionL1_fusionBN0_drop0p2__wd1e-04trmiss40_trlocglobal,32,1e-05,0.0001,1,16,1,False,0.2,lr1e-05_bs32_modL1_fusion16_fusionL1_fusionBN0_drop0p2__wd1e-04trmiss40_trlocglobal,17,0.6617547472318014,0.6908499002456665,0.5632411067193676,0.6063045845449785,0.4888888888888889,0.0,0.0,0.0,0.0,0.0,0.0,0.0,0.0,0.0,,,,,18473,global,0.4
2,1,lr1e-05_bs32_modL1_fusion16_fusionL1_fusionBN0_drop0p2__wd1e-04trmiss40_trlocglobal,32,1e-05,0.0001,1,16,1,False,0.2,lr1e-05_bs32_modL1_fusion16_fusionL1_fusionBN0_drop0p2__wd1e-04trmiss40_trlocglobal,18,0.6586319804191589,0.6908052265644073,0.5573122529644268,0.5979946266207148,0.4888888888888889,0.0,0.0,0.0,0.0,0.0,0.0,0.0,0.0,0.0,,,,,18473,global,0.4
2,1,lr1e-05_bs32_modL1_fusion16_fusionL1_fusionBN0_drop0p2__wd1e-04trmiss40_trlocglobal,32,1e-05,0.0001,1,16,1,False,0.2,lr1e-05_bs32_modL1_fusion16_fusionL1_fusionBN0_drop0p2__wd1e-04trmiss40_trlocglobal,19,0.656902531782786,0.690857321023941,0.5573122529644268,0.5979946266207148,0.4888888888888889,0.0,0.0,0.0,0.0,0.0,0.0,0.0,0.0,0.0,,,,,18473,global,0.4
2,1,lr1e-05_bs32_modL1_fusion16_fusionL1_fusionBN0_drop0p2__wd1e-04trmiss40_trlocglobal,32,1e-05,0.0001,1,16,1,False,0.2,lr1e-05_bs32_modL1_fusion16_fusionL1_fusionBN0_drop0p2__wd1e-04trmiss40_trlocglobal,20,0.6530847251415253,0.6910428702831268,0.5592885375494072,0.5995560080921413,0.4888888888888889,0.0,0.0,0.0,0.0,0.0,0.0,0.0,0.0,0.0,,,,,18473,global,0.4
2,1,lr1e-05_bs32_modL1_fusion16_fusionL1_fusionBN0_drop0p2__wd1e-04trmiss40_trlocglobal,32,1e-05,0.0001,1,16,1,False,0.2,lr1e-05_bs32_modL1_fusion16_fusionL1_fusionBN0_drop0p2__wd1e-04trmiss40_trlocglobal,21,0.6560826897621155,0.6911415159702301,0.5533596837944664,0.5969795020290658,0.4888888888888889,0.0,0.0,0.0,0.0,0.0,0.0,0.0,0.0,0.0,,,,,18473,global,0.4
2,1,lr1e-05_bs32_modL1_fusion16_fusionL1_fusionBN0_drop0p2__wd1e-04trmiss40_trlocglobal,32,1e-05,0.0001,1,16,1,False,0.2,lr1e-05_bs32_modL1_fusion16_fusionL1_fusionBN0_drop0p2__wd1e-04trmiss40_trlocglobal,22,0.6583665211995443,0.6912938356399536,0.5533596837944664,0.5956740966593882,0.4888888888888889,0.0,0.0,0.0,0.0,0.0,0.0,0.0,0.0,0.0,,,,,18473,global,0.4
2,1,lr1e-05_bs32_modL1_fusion16_fusionL1_fusionBN0_drop0p2__wd1e-04trmiss40_trlocglobal,32,1e-05,0.0001,1,16,1,False,0.2,lr1e-05_bs32_modL1_fusion16_fusionL1_fusionBN0_drop0p2__wd1e-04trmiss40_trlocglobal,23,0.6555135250091553,0.6911424398422241,0.5553359683794467,0.5962616407251932,0.4888888888888889,0.0,0.0,0.0,0.0,0.0,0.0,0.0,0.0,0.0,,,,,18473,global,0.4
2,1,lr1e-05_bs32_modL1_fusion16_fusionL1_fusionBN0_drop0p2__wd1e-04trmiss40_trlocglobal,32,1e-05,0.0001,1,16,1,False,0.2,lr1e-05_bs32_modL1_fusion16_fusionL1_fusionBN0_drop0p2__wd1e-04trmiss40_trlocglobal,24,0.6628211140632629,0.6907039284706116,0.5573122529644269,0.5977483566431485,0.4888888888888889,0.0,0.0,0.0,0.0,0.0,0.0,0.0,0.0,0.0,,,,,18473,global,0.4
2,1,lr1e-05_bs32_modL1_fusion16_fusionL1_fusionBN0_drop0p2__wd1e-04trmiss40_trlocglobal,32,1e-05,0.0001,1,16,1,False,0.2,lr1e-05_bs32_modL1_fusion16_fusionL1_fusionBN0_drop0p2__wd1e-04trmiss40_trlocglobal,25,0.6554480195045471,0.6904624700546265,0.5553359683794465,0.5954846145477093,0.4888888888888889,0.0,0.0,0.0,0.0,0.0,0.0,0.0,0.0,0.0,,,,,18473,global,0.4
2,1,lr1e-05_bs32_modL1_fusion16_fusionL1_fusionBN0_drop0p2__wd1e-04trmiss40_trlocglobal,32,1e-05,0.0001,1,16,1,False,0.2,lr1e-05_bs32_modL1_fusion16_fusionL1_fusionBN0_drop0p2__wd1e-04trmiss40_trlocglobal,26,0.6488864322503408,0.6904481053352356,0.5632411067193676,0.6017759389316003,0.4888888888888889,0.0,0.0,0.0,0.0,0.0,0.0,0.0,0.0,0.0,,,,,18473,global,0.4
2,1,lr1e-05_bs32_modL1_fusion16_fusionL1_fusionBN0_drop0p2__wd1e-04trmiss40_trlocglobal,32,1e-05,0.0001,1,16,1,False,0.2,lr1e-05_bs32_modL1_fusion16_fusionL1_fusionBN0_drop0p2__wd1e-04trmiss40_trlocglobal,27,0.6547416845957438,0.690432995557785,0.5632411067193676,0.6017759389316003,0.4666666666666667,0.0,0.0,0.0,0.0,0.0,0.0,0.0,0.0,0.0,,,,,18473,global,0.4
2,1,lr1e-05_bs32_modL1_fusion16_fusionL1_fusionBN0_drop0p2__wd1e-04trmiss40_trlocglobal,32,1e-05,0.0001,1,16,1,False,0.2,lr1e-05_bs32_modL1_fusion16_fusionL1_fusionBN0_drop0p2__wd1e-04trmiss40_trlocglobal,28,0.6472139159838358,0.6906343698501587,0.5632411067193676,0.6010889447663453,0.4666666666666667,0.0,0.0,0.0,0.0,0.0,0.0,0.0,0.0,0.0,,,,,18473,global,0.4
2,1,lr1e-05_bs32_modL1_fusion16_fusionL1_fusionBN0_drop0p1__wd1e-04trmiss40_trlocglobal,32,1e-05,0.0001,1,16,1,False,0.1,lr1e-05_bs32_modL1_fusion16_fusionL1_fusionBN0_drop0p1__wd1e-04trmiss40_trlocglobal,1,0.6986823777357737,0.7164419591426849,0.5612648221343874,0.5723763071477889,0.5111111111111111,0.0,0.0,0.0,0.0,0.0,0.0,0.0,0.0,0.0,,,,,18473,global,0.4
2,1,lr1e-05_bs32_modL1_fusion16_fusionL1_fusionBN0_drop0p1__wd1e-04trmiss40_trlocglobal,32,1e-05,0.0001,1,16,1,False,0.1,lr1e-05_bs32_modL1_fusion16_fusionL1_fusionBN0_drop0p1__wd1e-04trmiss40_trlocglobal,2,0.6986082593599955,0.7176357209682465,0.5553359683794467,0.5541625484913246,0.4888888888888889,0.0,0.0,0.0,0.0,0.0,0.0,0.0,0.0,0.0,,,,,18473,global,0.4
2,1,lr1e-05_bs32_modL1_fusion16_fusionL1_fusionBN0_drop0p1__wd1e-04trmiss40_trlocglobal,32,1e-05,0.0001,1,16,1,False,0.1,lr1e-05_bs32_modL1_fusion16_fusionL1_fusionBN0_drop0p1__wd1e-04trmiss40_trlocglobal,3,0.6958772043387095,0.718706488609314,0.549407114624506,0.5303254529150987,0.4888888888888889,0.0,0.0,0.0,0.0,0.0,0.0,0.0,0.0,0.0,,,,,18473,global,0.4
2,1,lr1e-05_bs32_modL1_fusion16_fusionL1_fusionBN0_drop0p1__wd1e-04trmiss40_trlocglobal,32,1e-05,0.0001,1,16,1,False,0.1,lr1e-05_bs32_modL1_fusion16_fusionL1_fusionBN0_drop0p1__wd1e-04trmiss40_trlocglobal,4,0.6973497172196707,0.7195934057235718,0.5474308300395256,0.5295422891803314,0.4888888888888889,0.0,0.0,0.0,0.0,0.0,0.0,0.0,0.0,0.0,,,,,18473,global,0.4
2,1,lr1e-05_bs32_modL1_fusion16_fusionL1_fusionBN0_drop0p1__wd1e-04trmiss40_trlocglobal,32,1e-05,0.0001,1,16,1,False,0.1,lr1e-05_bs32_modL1_fusion16_fusionL1_fusionBN0_drop0p1__wd1e-04trmiss40_trlocglobal,5,0.6898052394390106,0.7200413644313812,0.5494071146245059,0.5324479242196655,0.5111111111111111,0.0,0.0,0.0,0.0,0.0,0.0,0.0,0.0,0.0,,,,,18473,global,0.4
2,1,lr1e-05_bs32_modL1_fusion16_fusionL1_fusionBN0_drop0p1__wd1e-04trmiss40_trlocglobal,32,1e-05,0.0001,1,16,1,False,0.1,lr1e-05_bs32_modL1_fusion16_fusionL1_fusionBN0_drop0p1__wd1e-04trmiss40_trlocglobal,6,0.6948626240094503,0.7204664945602417,0.5513833992094861,0.5336978299251978,0.5111111111111111,0.0,0.0,0.0,0.0,0.0,0.0,0.0,0.0,0.0,,,,,18473,global,0.4
2,1,lr1e-05_bs32_modL1_fusion16_fusionL1_fusionBN0_drop0p1__wd1e-04trmiss40_trlocglobal,32,1e-05,0.0001,1,16,1,False,0.1,lr1e-05_bs32_modL1_fusion16_fusionL1_fusionBN0_drop0p1__wd1e-04trmiss40_trlocglobal,7,0.6927336553732554,0.7209411263465881,0.5434782608695652,0.5317395047891232,0.5111111111111111,0.0,0.0,0.0,0.0,0.0,0.0,0.0,0.0,0.0,,,,,18473,global,0.4
2,1,lr1e-05_bs32_modL1_fusion16_fusionL1_fusionBN0_drop0p1__wd1e-04trmiss40_trlocglobal,32,1e-05,0.0001,1,16,1,False,0.1,lr1e-05_bs32_modL1_fusion16_fusionL1_fusionBN0_drop0p1__wd1e-04trmiss40_trlocglobal,8,0.6802364389101664,0.721016526222229,0.5375494071146245,0.5323808462462357,0.5333333333333333,0.0,0.0,0.0,0.0,0.0,0.0,0.0,0.0,0.0,,,,,18473,global,0.4
2,1,lr1e-05_bs32_modL1_fusion16_fusionL1_fusionBN0_drop0p1__wd1e-04trmiss40_trlocglobal,32,1e-05,0.0001,1,16,1,False,0.1,lr1e-05_bs32_modL1_fusion16_fusionL1_fusionBN0_drop0p1__wd1e-04trmiss40_trlocglobal,9,0.6823967297871908,0.7209748923778534,0.5316205533596838,0.5230673748914166,0.5111111111111111,0.0,0.0,0.0,0.0,0.0,0.0,0.0,0.0,0.0,,,,,18473,global,0.4
2,1,lr1e-05_bs32_modL1_fusion16_fusionL1_fusionBN0_drop0p1__wd1e-04trmiss40_trlocglobal,32,1e-05,0.0001,1,16,1,False,0.1,lr1e-05_bs32_modL1_fusion16_fusionL1_fusionBN0_drop0p1__wd1e-04trmiss40_trlocglobal,10,0.6840133368968964,0.7209064364433289,0.5335968379446641,0.5250033896686851,0.5111111111111111,0.0,0.0,0.0,0.0,0.0,0.0,0.0,0.0,0.0,,,,,18473,global,0.4
2,1,lr1e-05_bs32_modL1_fusion16_fusionL1_fusionBN0_drop0p1__wd1e-04trmiss40_trlocglobal,32,1e-05,0.0001,1,16,1,False,0.1,lr1e-05_bs32_modL1_fusion16_fusionL1_fusionBN0_drop0p1__wd1e-04trmiss40_trlocglobal,11,0.6852306028207144,0.7210671305656433,0.5316205533596838,0.5328678500010211,0.5111111111111111,0.0,0.0,0.0,0.0,0.0,0.0,0.0,0.0,0.0,,,,,18473,global,0.4
2,1,lr1e-05_bs32_modL1_fusion16_fusionL1_fusionBN0_drop0p1__wd1e-04trmiss40_trlocglobal,32,1e-05,0.0001,1,16,1,False,0.1,lr1e-05_bs32_modL1_fusion16_fusionL1_fusionBN0_drop0p1__wd1e-04trmiss40_trlocglobal,12,0.6723147133986155,0.7204992473125458,0.5335968379446641,0.5394175958028913,0.5111111111111111,0.0,0.0,0.0,0.0,0.0,0.0,0.0,0.0,0.0,,,,,18473,global,0.4
2,1,lr1e-05_bs32_modL1_fusion16_fusionL1_fusionBN0_drop0p1__wd1e-04trmiss40_trlocglobal,32,1e-05,0.0001,1,16,1,False,0.1,lr1e-05_bs32_modL1_fusion16_fusionL1_fusionBN0_drop0p1__wd1e-04trmiss40_trlocglobal,13,0.6800041794776917,0.7202401459217072,0.5296442687747036,0.5385756199895195,0.5111111111111111,0.0,0.0,0.0,0.0,0.0,0.0,0.0,0.0,0.0,,,,,18473,global,0.4
2,1,lr1e-05_bs32_modL1_fusion16_fusionL1_fusionBN0_drop0p1__wd1e-04trmiss40_trlocglobal,32,1e-05,0.0001,1,16,1,False,0.1,lr1e-05_bs32_modL1_fusion16_fusionL1_fusionBN0_drop0p1__wd1e-04trmiss40_trlocglobal,14,0.6729357143243154,0.7203382253646851,0.5316205533596837,0.541540526557161,0.5111111111111111,0.0,0.0,0.0,0.0,0.0,0.0,0.0,0.0,0.0,,,,,18473,global,0.4
2,1,lr1e-05_bs32_modL1_fusion16_fusionL1_fusionBN0_drop0p1__wd1e-04trmiss40_trlocglobal,32,1e-05,0.0001,1,16,1,False,0.1,lr1e-05_bs32_modL1_fusion16_fusionL1_fusionBN0_drop0p1__wd1e-04trmiss40_trlocglobal,15,0.6747655173142751,0.7204254269599915,0.5276679841897234,0.5440179520128032,0.4888888888888889,0.0,0.0,0.0,0.0,0.0,0.0,0.0,0.0,0.0,,,,,18473,global,0.4
2,1,lr1e-05_bs32_modL1_fusion16_fusionL1_fusionBN0_drop0p1__wd1e-04trmiss40_trlocglobal,32,1e-05,0.0001,1,16,1,False,0.1,lr1e-05_bs32_modL1_fusion16_fusionL1_fusionBN0_drop0p1__wd1e-04trmiss40_trlocglobal,16,0.6688050627708435,0.7203430533409119,0.5197628458498024,0.5328378277892007,0.4888888888888889,0.0,0.0,0.0,0.0,0.0,0.0,0.0,0.0,0.0,,,,,18473,global,0.4
2,1,lr1e-05_bs32_modL1_fusion16_fusionL1_fusionBN0_drop0p1__wd1e-04trmiss40_trlocglobal,32,1e-05,0.0001,1,16,1,False,0.1,lr1e-05_bs32_modL1_fusion16_fusionL1_fusionBN0_drop0p1__wd1e-04trmiss40_trlocglobal,17,0.6648868421713511,0.7209329009056091,0.5296442687747035,0.5701756419152336,0.4888888888888889,0.0,0.0,0.0,0.0,0.0,0.0,0.0,0.0,0.0,,,,,18473,global,0.4
2,1,lr1e-05_bs32_modL1_fusion16_fusionL1_fusionBN0_drop0p1__wd1e-04trmiss40_trlocglobal,32,1e-05,0.0001,1,16,1,False,0.1,lr1e-05_bs32_modL1_fusion16_fusionL1_fusionBN0_drop0p1__wd1e-04trmiss40_trlocglobal,18,0.668219675620397,0.7203336656093597,0.533596837944664,0.5781182392440203,0.4888888888888889,0.0,0.0,0.0,0.0,0.0,0.0,0.0,0.0,0.0,,,,,18473,global,0.4
2,1,lr1e-05_bs32_modL1_fusion16_fusionL1_fusionBN0_drop0p1__wd1e-04trmiss40_trlocglobal,32,1e-05,0.0001,1,16,1,False,0.1,lr1e-05_bs32_modL1_fusion16_fusionL1_fusionBN0_drop0p1__wd1e-04trmiss40_trlocglobal,19,0.6620788673559824,0.7206803858280182,0.5375494071146245,0.5802646759294693,0.4888888888888889,0.0,0.0,0.0,0.0,0.0,0.0,0.0,0.0,0.0,,,,,18473,global,0.4
2,1,lr1e-05_bs32_modL1_fusion16_fusionL1_fusionBN0_drop0p1__wd1e-04trmiss40_trlocglobal,32,1e-05,0.0001,1,16,1,False,0.1,lr1e-05_bs32_modL1_fusion16_fusionL1_fusionBN0_drop0p1__wd1e-04trmiss40_trlocglobal,20,0.6590925455093384,0.7211825549602509,0.5355731225296443,0.5745729671785039,0.4888888888888889,0.0,0.0,0.0,0.0,0.0,0.0,0.0,0.0,0.0,,,,,18473,global,0.4
2,1,lr1e-05_bs32_modL1_fusion16_fusionL1_fusionBN0_drop0p1__wd1e-04trmiss40_trlocglobal,32,1e-05,0.0001,1,16,1,False,0.1,lr1e-05_bs32_modL1_fusion16_fusionL1_fusionBN0_drop0p1__wd1e-04trmiss40_trlocglobal,21,0.6570262213548025,0.7212330400943756,0.5395256916996047,0.5766846556446436,0.4888888888888889,0.0,0.0,0.0,0.0,0.0,0.0,0.0,0.0,0.0,,,,,18473,global,0.4
2,1,lr1e-05_bs32_modL1_fusion16_fusionL1_fusionBN0_drop0p1__wd1e-04trmiss40_trlocglobal,32,1e-05,0.0001,1,16,1,False,0.1,lr1e-05_bs32_modL1_fusion16_fusionL1_fusionBN0_drop0p1__wd1e-04trmiss40_trlocglobal,22,0.6502143839995066,0.720826119184494,0.5454545454545454,0.5821201408755251,0.4888888888888889,0.0,0.0,0.0,0.0,0.0,0.0,0.0,0.0,0.0,,,,,18473,global,0.4
2,1,lr1e-05_bs32_modL1_fusion16_fusionL1_fusionBN0_drop0p1__wd1e-04trmiss40_trlocglobal,32,1e-05,0.0001,1,16,1,False,0.1,lr1e-05_bs32_modL1_fusion16_fusionL1_fusionBN0_drop0p1__wd1e-04trmiss40_trlocglobal,23,0.6614680687586466,0.7211485207080841,0.5454545454545454,0.5912502809435073,0.4888888888888889,0.0,0.0,0.0,0.0,0.0,0.0,0.0,0.0,0.0,,,,,18473,global,0.4
2,1,lr1e-05_bs32_modL1_fusion16_fusionL1_fusionBN0_drop0p1__wd1e-04trmiss40_trlocglobal,32,1e-05,0.0001,1,16,1,False,0.1,lr1e-05_bs32_modL1_fusion16_fusionL1_fusionBN0_drop0p1__wd1e-04trmiss40_trlocglobal,24,0.6453752219676971,0.7213307917118073,0.541501976284585,0.5808856061936852,0.4888888888888889,0.0,0.0,0.0,0.0,0.0,0.0,0.0,0.0,0.0,,,,,18473,global,0.4
2,1,lr1e-05_bs32_modL1_fusion16_fusionL1_fusionBN0_drop0p1__wd1e-04trmiss40_trlocglobal,32,1e-05,0.0001,1,16,1,False,0.1,lr1e-05_bs32_modL1_fusion16_fusionL1_fusionBN0_drop0p1__wd1e-04trmiss40_trlocglobal,25,0.65043971935908,0.7214707136154175,0.5474308300395258,0.5634096633734876,0.5111111111111111,0.0,0.0,0.0,0.0,0.0,0.0,0.0,0.0,0.0,,,,,18473,global,0.4
2,1,lr1e-05_bs32_modL1_fusion16_fusionL1_fusionBN0_drop0p1__wd1e-04trmiss40_trlocglobal,32,1e-05,0.0001,1,16,1,False,0.1,lr1e-05_bs32_modL1_fusion16_fusionL1_fusionBN0_drop0p1__wd1e-04trmiss40_trlocglobal,26,0.6454323430856069,0.7211618423461914,0.5454545454545454,0.5628090942828429,0.5111111111111111,0.0,0.0,0.0,0.0,0.0,0.0,0.0,0.0,0.0,,,,,18473,global,0.4
2,1,lr1e-05_bs32_modL1_fusion32_fusionL1_fusionBN0_drop0p2__wd1e-04trmiss40_trlocglobal,32,1e-05,0.0001,1,32,1,False,0.2,lr1e-05_bs32_modL1_fusion32_fusionL1_fusionBN0_drop0p2__wd1e-04trmiss40_trlocglobal,1,0.6949823399384817,0.6934299468994141,0.6620553359683794,0.6844482440606936,0.5333333333333333,0.0,0.0,0.0,0.0,0.0,0.0,0.0,0.0,0.0,,,,,18473,global,0.4
2,1,lr1e-05_bs32_modL1_fusion32_fusionL1_fusionBN0_drop0p2__wd1e-04trmiss40_trlocglobal,32,1e-05,0.0001,1,32,1,False,0.2,lr1e-05_bs32_modL1_fusion32_fusionL1_fusionBN0_drop0p2__wd1e-04trmiss40_trlocglobal,2,0.6899757385253906,0.6927862167358398,0.6561264822134387,0.7072926320036663,0.5333333333333333,0.0,0.0,0.0,0.0,0.0,0.0,0.0,0.0,0.0,,,,,18473,global,0.4
2,1,lr1e-05_bs32_modL1_fusion32_fusionL1_fusionBN0_drop0p2__wd1e-04trmiss40_trlocglobal,32,1e-05,0.0001,1,32,1,False,0.2,lr1e-05_bs32_modL1_fusion32_fusionL1_fusionBN0_drop0p2__wd1e-04trmiss40_trlocglobal,3,0.6892487506071726,0.6920037865638733,0.6541501976284585,0.7038545834947294,0.5333333333333333,0.0,0.0,0.0,0.0,0.0,0.0,0.0,0.0,0.0,,,,,18473,global,0.4
2,1,lr1e-05_bs32_modL1_fusion32_fusionL1_fusionBN0_drop0p2__wd1e-04trmiss40_trlocglobal,32,1e-05,0.0001,1,32,1,False,0.2,lr1e-05_bs32_modL1_fusion32_fusionL1_fusionBN0_drop0p2__wd1e-04trmiss40_trlocglobal,4,0.6827487746874491,0.6914079189300537,0.6482213438735177,0.6979509080250931,0.5333333333333333,0.0,0.0,0.0,0.0,0.0,0.0,0.0,0.0,0.0,,,,,18473,global,0.4
2,1,lr1e-05_bs32_modL1_fusion32_fusionL1_fusionBN0_drop0p2__wd1e-04trmiss40_trlocglobal,32,1e-05,0.0001,1,32,1,False,0.2,lr1e-05_bs32_modL1_fusion32_fusionL1_fusionBN0_drop0p2__wd1e-04trmiss40_trlocglobal,5,0.6871586839358012,0.6910388171672821,0.6403162055335968,0.696790467863067,0.5111111111111111,0.0,0.0,0.0,0.0,0.0,0.0,0.0,0.0,0.0,,,,,18473,global,0.4
2,1,lr1e-05_bs32_modL1_fusion32_fusionL1_fusionBN0_drop0p2__wd1e-04trmiss40_trlocglobal,32,1e-05,0.0001,1,32,1,False,0.2,lr1e-05_bs32_modL1_fusion32_fusionL1_fusionBN0_drop0p2__wd1e-04trmiss40_trlocglobal,6,0.6871202290058136,0.6904381811618805,0.6403162055335968,0.7004583441823686,0.5555555555555556,0.0,0.0,0.0,0.0,0.0,0.0,0.0,0.0,0.0,,,,,18473,global,0.4
2,1,lr1e-05_bs32_modL1_fusion32_fusionL1_fusionBN0_drop0p2__wd1e-04trmiss40_trlocglobal,32,1e-05,0.0001,1,32,1,False,0.2,lr1e-05_bs32_modL1_fusion32_fusionL1_fusionBN0_drop0p2__wd1e-04trmiss40_trlocglobal,7,0.6851578851540884,0.690599113702774,0.6442687747035573,0.7065362010366453,0.5555555555555556,0.0,0.0,0.0,0.0,0.0,0.0,0.0,0.0,0.0,,,,,18473,global,0.4
2,1,lr1e-05_bs32_modL1_fusion32_fusionL1_fusionBN0_drop0p2__wd1e-04trmiss40_trlocglobal,32,1e-05,0.0001,1,32,1,False,0.2,lr1e-05_bs32_modL1_fusion32_fusionL1_fusionBN0_drop0p2__wd1e-04trmiss40_trlocglobal,8,0.680803100268046,0.6904163956642151,0.642292490118577,0.7036572470835225,0.5555555555555556,0.0,0.0,0.0,0.0,0.0,0.0,0.0,0.0,0.0,,,,,18473,global,0.4
2,1,lr1e-05_bs32_modL1_fusion32_fusionL1_fusionBN0_drop0p2__wd1e-04trmiss40_trlocglobal,32,1e-05,0.0001,1,32,1,False,0.2,lr1e-05_bs32_modL1_fusion32_fusionL1_fusionBN0_drop0p2__wd1e-04trmiss40_trlocglobal,9,0.6743953029314677,0.6903285682201385,0.6482213438735178,0.7017389769458127,0.5555555555555556,0.0,0.0,0.0,0.0,0.0,0.0,0.0,0.0,0.0,,,,,18473,global,0.4
2,1,lr1e-05_bs32_modL1_fusion32_fusionL1_fusionBN0_drop0p2__wd1e-04trmiss40_trlocglobal,32,1e-05,0.0001,1,32,1,False,0.2,lr1e-05_bs32_modL1_fusion32_fusionL1_fusionBN0_drop0p2__wd1e-04trmiss40_trlocglobal,10,0.6794367531935374,0.6900377571582794,0.6403162055335968,0.698473661622826,0.5555555555555556,0.0,0.0,0.0,0.0,0.0,0.0,0.0,0.0,0.0,,,,,18473,global,0.4
2,1,lr1e-05_bs32_modL1_fusion32_fusionL1_fusionBN0_drop0p2__wd1e-04trmiss40_trlocglobal,32,1e-05,0.0001,1,32,1,False,0.2,lr1e-05_bs32_modL1_fusion32_fusionL1_fusionBN0_drop0p2__wd1e-04trmiss40_trlocglobal,11,0.6655004521210989,0.6897442936897278,0.6442687747035571,0.7036136499251611,0.5555555555555556,0.0,0.0,0.0,0.0,0.0,0.0,0.0,0.0,0.0,,,,,18473,global,0.4
2,1,lr1e-05_bs32_modL1_fusion32_fusionL1_fusionBN0_drop0p2__wd1e-04trmiss40_trlocglobal,32,1e-05,0.0001,1,32,1,False,0.2,lr1e-05_bs32_modL1_fusion32_fusionL1_fusionBN0_drop0p2__wd1e-04trmiss40_trlocglobal,12,0.6813978155454,0.6900284886360168,0.6343873517786561,0.6974695985907309,0.5555555555555556,0.0,0.0,0.0,0.0,0.0,0.0,0.0,0.0,0.0,,,,,18473,global,0.4
2,1,lr1e-05_bs32_modL1_fusion32_fusionL1_fusionBN0_drop0p2__wd1e-04trmiss40_trlocglobal,32,1e-05,0.0001,1,32,1,False,0.2,lr1e-05_bs32_modL1_fusion32_fusionL1_fusionBN0_drop0p2__wd1e-04trmiss40_trlocglobal,13,0.6855065027872721,0.6901204288005829,0.6403162055335968,0.7016409609851556,0.5333333333333333,0.0,0.0,0.0,0.0,0.0,0.0,0.0,0.0,0.0,,,,,18473,global,0.4
2,1,lr1e-05_bs32_modL1_fusion32_fusionL1_fusionBN0_drop0p2__wd1e-04trmiss40_trlocglobal,32,1e-05,0.0001,1,32,1,False,0.2,lr1e-05_bs32_modL1_fusion32_fusionL1_fusionBN0_drop0p2__wd1e-04trmiss40_trlocglobal,14,0.6773432791233063,0.6901545226573944,0.6403162055335968,0.7008242115902971,0.5555555555555556,0.0,0.0,0.0,0.0,0.0,0.0,0.0,0.0,0.0,,,,,18473,global,0.4
2,1,lr1e-05_bs32_modL1_fusion32_fusionL1_fusionBN0_drop0p2__wd1e-04trmiss40_trlocglobal,32,1e-05,0.0001,1,32,1,False,0.2,lr1e-05_bs32_modL1_fusion32_fusionL1_fusionBN0_drop0p2__wd1e-04trmiss40_trlocglobal,15,0.6727593739827474,0.6902098953723907,0.6403162055335968,0.7018123538827872,0.5333333333333333,0.0,0.0,0.0,0.0,0.0,0.0,0.0,0.0,0.0,,,,,18473,global,0.4
2,1,lr1e-05_bs32_modL1_fusion32_fusionL1_fusionBN0_drop0p2__wd1e-04trmiss40_trlocglobal,32,1e-05,0.0001,1,32,1,False,0.2,lr1e-05_bs32_modL1_fusion32_fusionL1_fusionBN0_drop0p2__wd1e-04trmiss40_trlocglobal,16,0.6722069978713989,0.6902352869510651,0.6363636363636362,0.6992242695707392,0.5333333333333333,0.0,0.0,0.0,0.0,0.0,0.0,0.0,0.0,0.0,,,,,18473,global,0.4
2,1,lr1e-05_bs32_modL1_fusion32_fusionL1_fusionBN0_drop0p2__wd1e-04trmiss40_trlocglobal,32,1e-05,0.0001,1,32,1,False,0.2,lr1e-05_bs32_modL1_fusion32_fusionL1_fusionBN0_drop0p2__wd1e-04trmiss40_trlocglobal,17,0.6735642949740092,0.6898621916770935,0.642292490118577,0.7079637669801175,0.5333333333333333,0.0,0.0,0.0,0.0,0.0,0.0,0.0,0.0,0.0,,,,,18473,global,0.4
2,1,lr1e-05_bs32_modL1_fusion32_fusionL1_fusionBN0_drop0p2__wd1e-04trmiss40_trlocglobal,32,1e-05,0.0001,1,32,1,False,0.2,lr1e-05_bs32_modL1_fusion32_fusionL1_fusionBN0_drop0p2__wd1e-04trmiss40_trlocglobal,18,0.6744957268238068,0.689945638179779,0.6383399209486166,0.7034635549407245,0.5333333333333333,0.0,0.0,0.0,0.0,0.0,0.0,0.0,0.0,0.0,,,,,18473,global,0.4
2,1,lr1e-05_bs32_modL1_fusion32_fusionL1_fusionBN0_drop0p2__wd1e-04trmiss40_trlocglobal,32,1e-05,0.0001,1,32,1,False,0.2,lr1e-05_bs32_modL1_fusion32_fusionL1_fusionBN0_drop0p2__wd1e-04trmiss40_trlocglobal,19,0.6726227104663849,0.689627468585968,0.650197628458498,0.7032365757652822,0.5333333333333333,0.0,0.0,0.0,0.0,0.0,0.0,0.0,0.0,0.0,,,,,18473,global,0.4
2,1,lr1e-05_bs32_modL1_fusion32_fusionL1_fusionBN0_drop0p2__wd1e-04trmiss40_trlocglobal,32,1e-05,0.0001,1,32,1,False,0.2,lr1e-05_bs32_modL1_fusion32_fusionL1_fusionBN0_drop0p2__wd1e-04trmiss40_trlocglobal,20,0.6775519847869873,0.6897335946559906,0.6442687747035573,0.7015322152234925,0.5333333333333333,0.0,0.0,0.0,0.0,0.0,0.0,0.0,0.0,0.0,,,,,18473,global,0.4
2,1,lr1e-05_bs32_modL1_fusion32_fusionL1_fusionBN0_drop0p2__wd1e-04trmiss40_trlocglobal,32,1e-05,0.0001,1,32,1,False,0.2,lr1e-05_bs32_modL1_fusion32_fusionL1_fusionBN0_drop0p2__wd1e-04trmiss40_trlocglobal,21,0.6702277561028799,0.6898921132087708,0.6442687747035574,0.697295869752314,0.5333333333333333,0.0,0.0,0.0,0.0,0.0,0.0,0.0,0.0,0.0,,,,,18473,global,0.4
2,1,lr1e-05_bs32_modL1_fusion32_fusionL1_fusionBN0_drop0p2__wd1e-04trmiss40_trlocglobal,32,1e-05,0.0001,1,32,1,False,0.2,lr1e-05_bs32_modL1_fusion32_fusionL1_fusionBN0_drop0p2__wd1e-04trmiss40_trlocglobal,22,0.666844367980957,0.6898098587989807,0.6442687747035574,0.7016966211075679,0.5333333333333333,0.0,0.0,0.0,0.0,0.0,0.0,0.0,0.0,0.0,,,,,18473,global,0.4
2,1,lr1e-05_bs32_modL1_fusion32_fusionL1_fusionBN0_drop0p2__wd1e-04trmiss40_trlocglobal,32,1e-05,0.0001,1,32,1,False,0.2,lr1e-05_bs32_modL1_fusion32_fusionL1_fusionBN0_drop0p2__wd1e-04trmiss40_trlocglobal,23,0.6674643754959106,0.6897022128105164,0.6462450592885376,0.7009454441062165,0.5555555555555556,0.0,0.0,0.0,0.0,0.0,0.0,0.0,0.0,0.0,,,,,18473,global,0.4
2,1,lr1e-05_bs32_modL1_fusion32_fusionL1_fusionBN0_drop0p2__wd1e-04trmiss40_trlocglobal,32,1e-05,0.0001,1,32,1,False,0.2,lr1e-05_bs32_modL1_fusion32_fusionL1_fusionBN0_drop0p2__wd1e-04trmiss40_trlocglobal,24,0.6664673288663229,0.6896002888679504,0.6482213438735178,0.7045686325120136,0.5555555555555556,0.0,0.0,0.0,0.0,0.0,0.0,0.0,0.0,0.0,,,,,18473,global,0.4
2,1,lr1e-05_bs32_modL1_fusion32_fusionL1_fusionBN0_drop0p2__wd1e-04trmiss40_trlocglobal,32,1e-05,0.0001,1,32,1,False,0.2,lr1e-05_bs32_modL1_fusion32_fusionL1_fusionBN0_drop0p2__wd1e-04trmiss40_trlocglobal,25,0.6657438476880392,0.6897636353969574,0.642292490118577,0.700410588574283,0.5333333333333333,0.0,0.0,0.0,0.0,0.0,0.0,0.0,0.0,0.0,,,,,18473,global,0.4
2,1,lr1e-05_bs32_modL1_fusion32_fusionL1_fusionBN0_drop0p2__wd1e-04trmiss40_trlocglobal,32,1e-05,0.0001,1,32,1,False,0.2,lr1e-05_bs32_modL1_fusion32_fusionL1_fusionBN0_drop0p2__wd1e-04trmiss40_trlocglobal,26,0.6706706881523132,0.6894921362400055,0.6462450592885376,0.7008589836810557,0.5555555555555556,0.0,0.0,0.0,0.0,0.0,0.0,0.0,0.0,0.0,,,,,18473,global,0.4
2,1,lr1e-05_bs32_modL1_fusion32_fusionL1_fusionBN0_drop0p2__wd1e-04trmiss40_trlocglobal,32,1e-05,0.0001,1,32,1,False,0.2,lr1e-05_bs32_modL1_fusion32_fusionL1_fusionBN0_drop0p2__wd1e-04trmiss40_trlocglobal,27,0.6665555735429128,0.6895051598548889,0.642292490118577,0.6816193312052384,0.5333333333333333,0.0,0.0,0.0,0.0,0.0,0.0,0.0,0.0,0.0,,,,,18473,global,0.4
2,1,lr1e-05_bs32_modL1_fusion32_fusionL1_fusionBN0_drop0p2__wd1e-04trmiss40_trlocglobal,32,1e-05,0.0001,1,32,1,False,0.2,lr1e-05_bs32_modL1_fusion32_fusionL1_fusionBN0_drop0p2__wd1e-04trmiss40_trlocglobal,28,0.6667841871579488,0.6889674365520477,0.6521739130434783,0.6883148980246677,0.5333333333333333,0.0,0.0,0.0,0.0,0.0,0.0,0.0,0.0,0.0,,,,,18473,global,0.4
2,1,lr1e-05_bs32_modL1_fusion32_fusionL1_fusionBN0_drop0p2__wd1e-04trmiss40_trlocglobal,32,1e-05,0.0001,1,32,1,False,0.2,lr1e-05_bs32_modL1_fusion32_fusionL1_fusionBN0_drop0p2__wd1e-04trmiss40_trlocglobal,29,0.6604453225930532,0.6894442737102509,0.6482213438735178,0.6856817642744181,0.5333333333333333,0.0,0.0,0.0,0.0,0.0,0.0,0.0,0.0,0.0,,,,,18473,global,0.4
2,1,lr1e-05_bs32_modL1_fusion32_fusionL1_fusionBN0_drop0p2__wd1e-04trmiss40_trlocglobal,32,1e-05,0.0001,1,32,1,False,0.2,lr1e-05_bs32_modL1_fusion32_fusionL1_fusionBN0_drop0p2__wd1e-04trmiss40_trlocglobal,30,0.6543829441070557,0.6893092393875122,0.6482213438735178,0.680578853544909,0.5333333333333333,0.0,0.0,0.0,0.0,0.0,0.0,0.0,0.0,0.0,,,,,18473,global,0.4
2,1,lr1e-05_bs32_modL1_fusion32_fusionL1_fusionBN0_drop0p2__wd1e-04trmiss40_trlocglobal,32,1e-05,0.0001,1,32,1,False,0.2,lr1e-05_bs32_modL1_fusion32_fusionL1_fusionBN0_drop0p2__wd1e-04trmiss40_trlocglobal,31,0.6623851458231608,0.6891283690929413,0.6521739130434783,0.6888601622876876,0.5111111111111111,0.0,0.0,0.0,0.0,0.0,0.0,0.0,0.0,0.0,,,,,18473,global,0.4
2,1,lr1e-05_bs32_modL1_fusion32_fusionL1_fusionBN0_drop0p2__wd1e-04trmiss40_trlocglobal,32,1e-05,0.0001,1,32,1,False,0.2,lr1e-05_bs32_modL1_fusion32_fusionL1_fusionBN0_drop0p2__wd1e-04trmiss40_trlocglobal,32,0.6644899944464365,0.6887394785881042,0.6561264822134387,0.6958832613823981,0.5111111111111111,0.0,0.0,0.0,0.0,0.0,0.0,0.0,0.0,0.0,,,,,18473,global,0.4
2,1,lr1e-05_bs32_modL1_fusion32_fusionL1_fusionBN0_drop0p2__wd1e-04trmiss40_trlocglobal,32,1e-05,0.0001,1,32,1,False,0.2,lr1e-05_bs32_modL1_fusion32_fusionL1_fusionBN0_drop0p2__wd1e-04trmiss40_trlocglobal,33,0.6644188761711121,0.6885583698749542,0.6521739130434783,0.6879540916141752,0.5333333333333333,0.0,0.0,0.0,0.0,0.0,0.0,0.0,0.0,0.0,,,,,18473,global,0.4
2,1,lr1e-05_bs32_modL1_fusion32_fusionL1_fusionBN0_drop0p2__wd1e-04trmiss40_trlocglobal,32,1e-05,0.0001,1,32,1,False,0.2,lr1e-05_bs32_modL1_fusion32_fusionL1_fusionBN0_drop0p2__wd1e-04trmiss40_trlocglobal,34,0.6608258088429769,0.6889873445034027,0.6521739130434783,0.6888601622876876,0.5333333333333333,0.0,0.0,0.0,0.0,0.0,0.0,0.0,0.0,0.0,,,,,18473,global,0.4
2,1,lr1e-05_bs32_modL1_fusion32_fusionL1_fusionBN0_drop0p2__wd1e-04trmiss40_trlocglobal,32,1e-05,0.0001,1,32,1,False,0.2,lr1e-05_bs32_modL1_fusion32_fusionL1_fusionBN0_drop0p2__wd1e-04trmiss40_trlocglobal,35,0.6595853964487711,0.6885897815227509,0.6561264822134387,0.6935445656933187,0.5111111111111111,0.0,0.0,0.0,0.0,0.0,0.0,0.0,0.0,0.0,,,,,18473,global,0.4
2,1,lr1e-05_bs32_modL1_fusion32_fusionL1_fusionBN0_drop0p2__wd1e-04trmiss40_trlocglobal,32,1e-05,0.0001,1,32,1,False,0.2,lr1e-05_bs32_modL1_fusion32_fusionL1_fusionBN0_drop0p2__wd1e-04trmiss40_trlocglobal,36,0.6555354297161102,0.6883544921875,0.6620553359683794,0.6928791947895435,0.5111111111111111,0.0,0.0,0.0,0.0,0.0,0.0,0.0,0.0,0.0,,,,,18473,global,0.4
2,1,lr1e-05_bs32_modL1_fusion32_fusionL1_fusionBN0_drop0p2__wd1e-04trmiss40_trlocglobal,32,1e-05,0.0001,1,32,1,False,0.2,lr1e-05_bs32_modL1_fusion32_fusionL1_fusionBN0_drop0p2__wd1e-04trmiss40_trlocglobal,37,0.6630434195200602,0.6882386207580566,0.6660079051383399,0.6975405966273863,0.5333333333333333,0.0,0.0,0.0,0.0,0.0,0.0,0.0,0.0,0.0,,,,,18473,global,0.4
2,1,lr1e-05_bs32_modL1_fusion32_fusionL1_fusionBN0_drop0p2__wd1e-04trmiss40_trlocglobal,32,1e-05,0.0001,1,32,1,False,0.2,lr1e-05_bs32_modL1_fusion32_fusionL1_fusionBN0_drop0p2__wd1e-04trmiss40_trlocglobal,38,0.6558313270409902,0.6880810856819153,0.66600790513834,0.693245117553861,0.5333333333333333,0.0,0.0,0.0,0.0,0.0,0.0,0.0,0.0,0.0,,,,,18473,global,0.4
2,1,lr1e-05_bs32_modL1_fusion32_fusionL1_fusionBN0_drop0p2__wd1e-04trmiss40_trlocglobal,32,1e-05,0.0001,1,32,1,False,0.2,lr1e-05_bs32_modL1_fusion32_fusionL1_fusionBN0_drop0p2__wd1e-04trmiss40_trlocglobal,39,0.6572233637173971,0.688384473323822,0.6660079051383399,0.693812612780673,0.5333333333333333,0.0,0.0,0.0,0.0,0.0,0.0,0.0,0.0,0.0,,,,,18473,global,0.4
2,1,lr1e-05_bs32_modL1_fusion32_fusionL1_fusionBN0_drop0p2__wd1e-04trmiss40_trlocglobal,32,1e-05,0.0001,1,32,1,False,0.2,lr1e-05_bs32_modL1_fusion32_fusionL1_fusionBN0_drop0p2__wd1e-04trmiss40_trlocglobal,40,0.6599161426226298,0.6884848475456238,0.6620553359683794,0.6877475629445524,0.5333333333333333,0.0,0.0,0.0,0.0,0.0,0.0,0.0,0.0,0.0,,,,,18473,global,0.4
2,1,lr1e-05_bs32_modL1_fusion32_fusionL1_fusionBN0_drop0p2__wd1e-04trmiss40_trlocglobal,32,1e-05,0.0001,1,32,1,False,0.2,lr1e-05_bs32_modL1_fusion32_fusionL1_fusionBN0_drop0p2__wd1e-04trmiss40_trlocglobal,41,0.6561664044857025,0.6884516477584839,0.650197628458498,0.6721842352031225,0.5333333333333333,0.0,0.0,0.0,0.0,0.0,0.0,0.0,0.0,0.0,,,,,18473,global,0.4
2,1,lr1e-05_bs32_modL1_fusion32_fusionL1_fusionBN0_drop0p2__wd1e-04trmiss40_trlocglobal,32,1e-05,0.0001,1,32,1,False,0.2,lr1e-05_bs32_modL1_fusion32_fusionL1_fusionBN0_drop0p2__wd1e-04trmiss40_trlocglobal,42,0.6531158884366354,0.6883761584758759,0.6561264822134388,0.6741297675578405,0.5333333333333333,0.0,0.0,0.0,0.0,0.0,0.0,0.0,0.0,0.0,,,,,18473,global,0.4
2,1,lr1e-05_bs32_modL1_fusion32_fusionL1_fusionBN0_drop0p2__wd1e-04trmiss40_trlocglobal,32,1e-05,0.0001,1,32,1,False,0.2,lr1e-05_bs32_modL1_fusion32_fusionL1_fusionBN0_drop0p2__wd1e-04trmiss40_trlocglobal,43,0.6518529454867045,0.6885590553283691,0.6561264822134388,0.6685546599250023,0.5333333333333333,0.0,0.0,0.0,0.0,0.0,0.0,0.0,0.0,0.0,,,,,18473,global,0.4
2,1,lr1e-05_bs32_modL1_fusion32_fusionL1_fusionBN0_drop0p2__wd1e-04trmiss40_trlocglobal,32,1e-05,0.0001,1,32,1,False,0.2,lr1e-05_bs32_modL1_fusion32_fusionL1_fusionBN0_drop0p2__wd1e-04trmiss40_trlocglobal,44,0.6505537033081055,0.6886464655399323,0.6561264822134387,0.6736428671569846,0.5555555555555556,0.0,0.0,0.0,0.0,0.0,0.0,0.0,0.0,0.0,,,,,18473,global,0.4
2,1,lr1e-05_bs32_modL1_fusion32_fusionL1_fusionBN0_drop0p2__wd1e-04trmiss40_trlocglobal,32,1e-05,0.0001,1,32,1,False,0.2,lr1e-05_bs32_modL1_fusion32_fusionL1_fusionBN0_drop0p2__wd1e-04trmiss40_trlocglobal,45,0.6495814720789591,0.6887342929840088,0.6640316205533596,0.6778301059705726,0.5555555555555556,0.0,0.0,0.0,0.0,0.0,0.0,0.0,0.0,0.0,,,,,18473,global,0.4
2,1,lr1e-05_bs32_modL1_fusion32_fusionL1_fusionBN0_drop0p2__wd1e-04trmiss40_trlocglobal,32,1e-05,0.0001,1,32,1,False,0.2,lr1e-05_bs32_modL1_fusion32_fusionL1_fusionBN0_drop0p2__wd1e-04trmiss40_trlocglobal,46,0.6533821125825247,0.6885339617729187,0.6620553359683794,0.6699924970995373,0.5555555555555556,0.0,0.0,0.0,0.0,0.0,0.0,0.0,0.0,0.0,,,,,18473,global,0.4
2,1,lr1e-05_bs32_modL1_fusion32_fusionL1_fusionBN0_drop0p2__wd1e-04trmiss40_trlocglobal,32,1e-05,0.0001,1,32,1,False,0.2,lr1e-05_bs32_modL1_fusion32_fusionL1_fusionBN0_drop0p2__wd1e-04trmiss40_trlocglobal,47,0.652494897445043,0.688779205083847,0.658102766798419,0.6678339326077138,0.5555555555555556,0.0,0.0,0.0,0.0,0.0,0.0,0.0,0.0,0.0,,,,,18473,global,0.4
2,1,lr1e-05_bs32_modL1_fusion32_fusionL1_fusionBN0_drop0p2__wd1e-04trmiss40_trlocglobal,32,1e-05,0.0001,1,32,1,False,0.2,lr1e-05_bs32_modL1_fusion32_fusionL1_fusionBN0_drop0p2__wd1e-04trmiss40_trlocglobal,48,0.6504878004391988,0.6890331506729126,0.658102766798419,0.6652528749114026,0.5555555555555556,0.0,0.0,0.0,0.0,0.0,0.0,0.0,0.0,0.0,,,,,18473,global,0.4
2,1,lr1e-05_bs32_modL1_fusion32_fusionL1_fusionBN0_drop0p2__wd1e-04trmiss40_trlocglobal,32,1e-05,0.0001,1,32,1,False,0.2,lr1e-05_bs32_modL1_fusion32_fusionL1_fusionBN0_drop0p2__wd1e-04trmiss40_trlocglobal,49,0.6523180405298868,0.6886979341506958,0.6561264822134387,0.6636399950376531,0.5555555555555556,0.0,0.0,0.0,0.0,0.0,0.0,0.0,0.0,0.0,,,,,18473,global,0.4
2,1,lr1e-05_bs32_modL1_fusion32_fusionL1_fusionBN0_drop0p2__wd1e-04trmiss40_trlocglobal,32,1e-05,0.0001,1,32,1,False,0.2,lr1e-05_bs32_modL1_fusion32_fusionL1_fusionBN0_drop0p2__wd1e-04trmiss40_trlocglobal,50,0.6426834662755331,0.6891140341758728,0.650197628458498,0.6626220403965488,0.5555555555555556,0.0,0.0,0.0,0.0,0.0,0.0,0.0,0.0,0.0,,,,,18473,global,0.4
2,1,lr1e-05_bs32_modL1_fusion32_fusionL1_fusionBN0_drop0p2__wd1e-04trmiss40_trlocglobal,32,1e-05,0.0001,1,32,1,False,0.2,lr1e-05_bs32_modL1_fusion32_fusionL1_fusionBN0_drop0p2__wd1e-04trmiss40_trlocglobal,51,0.6582345565160116,0.689021646976471,0.658102766798419,0.662519267383872,0.5555555555555556,0.0,0.0,0.0,0.0,0.0,0.0,0.0,0.0,0.0,,,,,18473,global,0.4
2,1,lr1e-05_bs32_modL1_fusion32_fusionL1_fusionBN0_drop0p2__wd1e-04trmiss40_trlocglobal,32,1e-05,0.0001,1,32,1,False,0.2,lr1e-05_bs32_modL1_fusion32_fusionL1_fusionBN0_drop0p2__wd1e-04trmiss40_trlocglobal,52,0.6473153332869211,0.6890050768852234,0.6561264822134387,0.6619896318694033,0.5555555555555556,0.0,0.0,0.0,0.0,0.0,0.0,0.0,0.0,0.0,,,,,18473,global,0.4
2,1,lr1e-05_bs32_modL1_fusion32_fusionL1_fusionBN0_drop0p2__wd1e-04trmiss40_trlocglobal,32,1e-05,0.0001,1,32,1,False,0.2,lr1e-05_bs32_modL1_fusion32_fusionL1_fusionBN0_drop0p2__wd1e-04trmiss40_trlocglobal,53,0.6468616127967834,0.68897944688797,0.6541501976284585,0.6613346729685674,0.5555555555555556,0.0,0.0,0.0,0.0,0.0,0.0,0.0,0.0,0.0,,,,,18473,global,0.4
2,1,lr1e-05_bs32_modL1_fusion32_fusionL1_fusionBN0_drop0p2__wd1e-04trmiss40_trlocglobal,32,1e-05,0.0001,1,32,1,False,0.2,lr1e-05_bs32_modL1_fusion32_fusionL1_fusionBN0_drop0p2__wd1e-04trmiss40_trlocglobal,54,0.6491144597530365,0.6886330246925354,0.6600790513833992,0.6627819554878138,0.5555555555555556,0.0,0.0,0.0,0.0,0.0,0.0,0.0,0.0,0.0,,,,,18473,global,0.4
2,1,lr1e-05_bs32_modL1_fusion32_fusionL1_fusionBN0_drop0p2__wd1e-04trmiss40_trlocglobal,32,1e-05,0.0001,1,32,1,False,0.2,lr1e-05_bs32_modL1_fusion32_fusionL1_fusionBN0_drop0p2__wd1e-04trmiss40_trlocglobal,55,0.647680918375651,0.6886303126811981,0.6640316205533596,0.667213763628584,0.5555555555555556,0.0,0.0,0.0,0.0,0.0,0.0,0.0,0.0,0.0,,,,,18473,global,0.4
2,1,lr1e-05_bs32_modL1_fusion32_fusionL1_fusionBN0_drop0p2__wd1e-04trmiss40_trlocglobal,32,1e-05,0.0001,1,32,1,False,0.2,lr1e-05_bs32_modL1_fusion32_fusionL1_fusionBN0_drop0p2__wd1e-04trmiss40_trlocglobal,56,0.6470879713694254,0.6886644661426544,0.6660079051383399,0.6684969748001024,0.5555555555555556,0.0,0.0,0.0,0.0,0.0,0.0,0.0,0.0,0.0,,,,,18473,global,0.4
2,1,lr1e-05_bs32_modL1_fusion32_fusionL1_fusionBN0_drop0p2__wd1e-04trmiss40_trlocglobal,32,1e-05,0.0001,1,32,1,False,0.2,lr1e-05_bs32_modL1_fusion32_fusionL1_fusionBN0_drop0p2__wd1e-04trmiss40_trlocglobal,57,0.646312803030014,0.6887058317661285,0.658102766798419,0.6628768702669544,0.5555555555555556,0.0,0.0,0.0,0.0,0.0,0.0,0.0,0.0,0.0,,,,,18473,global,0.4
2,1,lr1e-05_bs32_modL1_fusion32_fusionL1_fusionBN0_drop0p2__wd1e-04trmiss40_trlocglobal,32,1e-05,0.0001,1,32,1,False,0.2,lr1e-05_bs32_modL1_fusion32_fusionL1_fusionBN0_drop0p2__wd1e-04trmiss40_trlocglobal,58,0.6476348042488098,0.6888124644756317,0.6600790513833992,0.6647570648244945,0.5555555555555556,0.0,0.0,0.0,0.0,0.0,0.0,0.0,0.0,0.0,,,,,18473,global,0.4
2,1,lr1e-05_bs32_modL1_fusion32_fusionL1_fusionBN0_drop0p1__wd1e-04trmiss40_trlocglobal,32,1e-05,0.0001,1,32,1,False,0.1,lr1e-05_bs32_modL1_fusion32_fusionL1_fusionBN0_drop0p1__wd1e-04trmiss40_trlocglobal,1,0.6933912535508474,0.6892428398132324,0.6719367588932806,0.6686135629920248,0.5777777777777777,0.0,0.0,0.0,0.0,0.0,0.0,0.0,0.0,0.0,,,,,18473,global,0.4
2,1,lr1e-05_bs32_modL1_fusion32_fusionL1_fusionBN0_drop0p1__wd1e-04trmiss40_trlocglobal,32,1e-05,0.0001,1,32,1,False,0.1,lr1e-05_bs32_modL1_fusion32_fusionL1_fusionBN0_drop0p1__wd1e-04trmiss40_trlocglobal,2,0.6885906457901001,0.6872051656246185,0.6877470355731226,0.6681633266244879,0.6444444444444445,0.0,0.0,0.0,0.0,0.0,0.0,0.0,0.0,0.0,,,,,18473,global,0.4
2,1,lr1e-05_bs32_modL1_fusion32_fusionL1_fusionBN0_drop0p1__wd1e-04trmiss40_trlocglobal,32,1e-05,0.0001,1,32,1,False,0.1,lr1e-05_bs32_modL1_fusion32_fusionL1_fusionBN0_drop0p1__wd1e-04trmiss40_trlocglobal,3,0.6890934705734253,0.6853023171424866,0.6976284584980237,0.6722844704525632,0.6666666666666666,0.0,0.0,0.0,0.0,0.0,0.0,0.0,0.0,0.0,,,,,18473,global,0.4
2,1,lr1e-05_bs32_modL1_fusion32_fusionL1_fusionBN0_drop0p1__wd1e-04trmiss40_trlocglobal,32,1e-05,0.0001,1,32,1,False,0.1,lr1e-05_bs32_modL1_fusion32_fusionL1_fusionBN0_drop0p1__wd1e-04trmiss40_trlocglobal,4,0.6876459419727325,0.6835256516933441,0.6976284584980237,0.6854508389489872,0.7111111111111111,0.0,0.0,0.0,0.0,0.0,0.0,0.0,0.0,0.0,,,,,18473,global,0.4
2,1,lr1e-05_bs32_modL1_fusion32_fusionL1_fusionBN0_drop0p1__wd1e-04trmiss40_trlocglobal,32,1e-05,0.0001,1,32,1,False,0.1,lr1e-05_bs32_modL1_fusion32_fusionL1_fusionBN0_drop0p1__wd1e-04trmiss40_trlocglobal,5,0.6863108177979788,0.6823643445968628,0.6956521739130435,0.6776080892008666,0.6666666666666666,0.0,0.0,0.0,0.0,0.0,0.0,0.0,0.0,0.0,,,,,18473,global,0.4
2,1,lr1e-05_bs32_modL1_fusion32_fusionL1_fusionBN0_drop0p1__wd1e-04trmiss40_trlocglobal,32,1e-05,0.0001,1,32,1,False,0.1,lr1e-05_bs32_modL1_fusion32_fusionL1_fusionBN0_drop0p1__wd1e-04trmiss40_trlocglobal,6,0.6868460873762766,0.6817894577980042,0.6956521739130435,0.6753590645312605,0.6888888888888889,0.0,0.0,0.0,0.0,0.0,0.0,0.0,0.0,0.0,,,,,18473,global,0.4
2,1,lr1e-05_bs32_modL1_fusion32_fusionL1_fusionBN0_drop0p1__wd1e-04trmiss40_trlocglobal,32,1e-05,0.0001,1,32,1,False,0.1,lr1e-05_bs32_modL1_fusion32_fusionL1_fusionBN0_drop0p1__wd1e-04trmiss40_trlocglobal,7,0.6785741547743479,0.6815965473651886,0.691699604743083,0.6723780169409957,0.7111111111111111,0.0,0.0,0.0,0.0,0.0,0.0,0.0,0.0,0.0,,,,,18473,global,0.4
2,1,lr1e-05_bs32_modL1_fusion32_fusionL1_fusionBN0_drop0p1__wd1e-04trmiss40_trlocglobal,32,1e-05,0.0001,1,32,1,False,0.1,lr1e-05_bs32_modL1_fusion32_fusionL1_fusionBN0_drop0p1__wd1e-04trmiss40_trlocglobal,8,0.6795495351155599,0.681290477514267,0.691699604743083,0.6726495497234469,0.6888888888888889,0.0,0.0,0.0,0.0,0.0,0.0,0.0,0.0,0.0,,,,,18473,global,0.4
2,1,lr1e-05_bs32_modL1_fusion32_fusionL1_fusionBN0_drop0p1__wd1e-04trmiss40_trlocglobal,32,1e-05,0.0001,1,32,1,False,0.1,lr1e-05_bs32_modL1_fusion32_fusionL1_fusionBN0_drop0p1__wd1e-04trmiss40_trlocglobal,9,0.6777387261390686,0.680756539106369,0.6897233201581028,0.6717145333606606,0.6666666666666666,0.0,0.0,0.0,0.0,0.0,0.0,0.0,0.0,0.0,,,,,18473,global,0.4
2,1,lr1e-05_bs32_modL1_fusion32_fusionL1_fusionBN0_drop0p1__wd1e-04trmiss40_trlocglobal,32,1e-05,0.0001,1,32,1,False,0.1,lr1e-05_bs32_modL1_fusion32_fusionL1_fusionBN0_drop0p1__wd1e-04trmiss40_trlocglobal,10,0.6736364761988322,0.6809265911579132,0.6877470355731226,0.6696010175508738,0.6666666666666666,0.0,0.0,0.0,0.0,0.0,0.0,0.0,0.0,0.0,,,,,18473,global,0.4
2,1,lr1e-05_bs32_modL1_fusion32_fusionL1_fusionBN0_drop0p1__wd1e-04trmiss40_trlocglobal,32,1e-05,0.0001,1,32,1,False,0.1,lr1e-05_bs32_modL1_fusion32_fusionL1_fusionBN0_drop0p1__wd1e-04trmiss40_trlocglobal,11,0.6711405615011851,0.6807190477848053,0.6857707509881423,0.6653590261041236,0.6666666666666666,0.0,0.0,0.0,0.0,0.0,0.0,0.0,0.0,0.0,,,,,18473,global,0.4
2,1,lr1e-05_bs32_modL1_fusion32_fusionL1_fusionBN0_drop0p1__wd1e-04trmiss40_trlocglobal,32,1e-05,0.0001,1,32,1,False,0.1,lr1e-05_bs32_modL1_fusion32_fusionL1_fusionBN0_drop0p1__wd1e-04trmiss40_trlocglobal,12,0.6753763059775034,0.6805992722511292,0.6877470355731226,0.6713194770797875,0.6666666666666666,0.0,0.0,0.0,0.0,0.0,0.0,0.0,0.0,0.0,,,,,18473,global,0.4
2,1,lr1e-05_bs32_modL1_fusion32_fusionL1_fusionBN0_drop0p1__wd1e-04trmiss40_trlocglobal,32,1e-05,0.0001,1,32,1,False,0.1,lr1e-05_bs32_modL1_fusion32_fusionL1_fusionBN0_drop0p1__wd1e-04trmiss40_trlocglobal,13,0.6727370321750641,0.680521160364151,0.6877470355731226,0.6736053125982133,0.6666666666666666,0.0,0.0,0.0,0.0,0.0,0.0,0.0,0.0,0.0,,,,,18473,global,0.4
2,1,lr1e-05_bs32_modL1_fusion32_fusionL1_fusionBN0_drop0p1__wd1e-04trmiss40_trlocglobal,32,1e-05,0.0001,1,32,1,False,0.1,lr1e-05_bs32_modL1_fusion32_fusionL1_fusionBN0_drop0p1__wd1e-04trmiss40_trlocglobal,14,0.672681579987208,0.6804309189319611,0.6956521739130435,0.6863191686758597,0.6666666666666666,0.0,0.0,0.0,0.0,0.0,0.0,0.0,0.0,0.0,,,,,18473,global,0.4
2,1,lr1e-05_bs32_modL1_fusion32_fusionL1_fusionBN0_drop0p1__wd1e-04trmiss40_trlocglobal,32,1e-05,0.0001,1,32,1,False,0.1,lr1e-05_bs32_modL1_fusion32_fusionL1_fusionBN0_drop0p1__wd1e-04trmiss40_trlocglobal,15,0.6697995165983835,0.6804232895374298,0.683794466403162,0.6774264225355608,0.6666666666666666,0.0,0.0,0.0,0.0,0.0,0.0,0.0,0.0,0.0,,,,,18473,global,0.4
2,1,lr1e-05_bs32_modL1_fusion32_fusionL1_fusionBN0_drop0p1__wd1e-04trmiss40_trlocglobal,32,1e-05,0.0001,1,32,1,False,0.1,lr1e-05_bs32_modL1_fusion32_fusionL1_fusionBN0_drop0p1__wd1e-04trmiss40_trlocglobal,16,0.659839262564977,0.6802988350391388,0.6778656126482214,0.6681858104395808,0.6666666666666666,0.0,0.0,0.0,0.0,0.0,0.0,0.0,0.0,0.0,,,,,18473,global,0.4
2,1,lr1e-05_bs32_modL1_fusion32_fusionL1_fusionBN0_drop0p1__wd1e-04trmiss40_trlocglobal,32,1e-05,0.0001,1,32,1,False,0.1,lr1e-05_bs32_modL1_fusion32_fusionL1_fusionBN0_drop0p1__wd1e-04trmiss40_trlocglobal,17,0.6699099044005076,0.6797368228435516,0.6778656126482213,0.6535408901424867,0.6888888888888889,0.0,0.0,0.0,0.0,0.0,0.0,0.0,0.0,0.0,,,,,18473,global,0.4
2,1,lr1e-05_bs32_modL1_fusion32_fusionL1_fusionBN0_drop0p1__wd1e-04trmiss40_trlocglobal,32,1e-05,0.0001,1,32,1,False,0.1,lr1e-05_bs32_modL1_fusion32_fusionL1_fusionBN0_drop0p1__wd1e-04trmiss40_trlocglobal,18,0.6674437423547109,0.6798098087310791,0.6798418972332015,0.6555814789384873,0.6888888888888889,0.0,0.0,0.0,0.0,0.0,0.0,0.0,0.0,0.0,,,,,18473,global,0.4
2,1,lr1e-05_bs32_modL1_fusion32_fusionL1_fusionBN0_drop0p1__wd1e-04trmiss40_trlocglobal,32,1e-05,0.0001,1,32,1,False,0.1,lr1e-05_bs32_modL1_fusion32_fusionL1_fusionBN0_drop0p1__wd1e-04trmiss40_trlocglobal,19,0.6673067410786947,0.6797589361667633,0.6778656126482214,0.6552170987743104,0.6888888888888889,0.0,0.0,0.0,0.0,0.0,0.0,0.0,0.0,0.0,,,,,18473,global,0.4
2,1,lr1e-05_bs32_modL1_fusion32_fusionL1_fusionBN0_drop0p1__wd1e-04trmiss40_trlocglobal,32,1e-05,0.0001,1,32,1,False,0.1,lr1e-05_bs32_modL1_fusion32_fusionL1_fusionBN0_drop0p1__wd1e-04trmiss40_trlocglobal,20,0.6600271960099539,0.6795658469200134,0.6857707509881423,0.6582467701721887,0.6888888888888889,0.0,0.0,0.0,0.0,0.0,0.0,0.0,0.0,0.0,,,,,18473,global,0.4
2,1,lr1e-05_bs32_modL1_fusion32_fusionL1_fusionBN0_drop0p1__wd1e-04trmiss40_trlocglobal,32,1e-05,0.0001,1,32,1,False,0.1,lr1e-05_bs32_modL1_fusion32_fusionL1_fusionBN0_drop0p1__wd1e-04trmiss40_trlocglobal,21,0.6642920176188151,0.6795987784862518,0.6798418972332015,0.6530124992364564,0.6666666666666666,0.0,0.0,0.0,0.0,0.0,0.0,0.0,0.0,0.0,,,,,18473,global,0.4
2,1,lr1e-05_bs32_modL1_fusion32_fusionL1_fusionBN0_drop0p1__wd1e-04trmiss40_trlocglobal,32,1e-05,0.0001,1,32,1,False,0.1,lr1e-05_bs32_modL1_fusion32_fusionL1_fusionBN0_drop0p1__wd1e-04trmiss40_trlocglobal,22,0.6678999463717142,0.6795109510421753,0.6897233201581028,0.6575090743140761,0.6666666666666666,0.0,0.0,0.0,0.0,0.0,0.0,0.0,0.0,0.0,,,,,18473,global,0.4
2,1,lr1e-05_bs32_modL1_fusion32_fusionL1_fusionBN0_drop0p1__wd1e-04trmiss40_trlocglobal,32,1e-05,0.0001,1,32,1,False,0.1,lr1e-05_bs32_modL1_fusion32_fusionL1_fusionBN0_drop0p1__wd1e-04trmiss40_trlocglobal,23,0.667362799247106,0.6796019971370697,0.6857707509881422,0.661249543859565,0.6666666666666666,0.0,0.0,0.0,0.0,0.0,0.0,0.0,0.0,0.0,,,,,18473,global,0.4
2,1,lr1e-05_bs32_modL1_fusion32_fusionL1_fusionBN0_drop0p1__wd1e-04trmiss40_trlocglobal,32,1e-05,0.0001,1,32,1,False,0.1,lr1e-05_bs32_modL1_fusion32_fusionL1_fusionBN0_drop0p1__wd1e-04trmiss40_trlocglobal,24,0.6610039472579956,0.679595559835434,0.6857707509881423,0.6589987621624596,0.6666666666666666,0.0,0.0,0.0,0.0,0.0,0.0,0.0,0.0,0.0,,,,,18473,global,0.4
2,1,lr1e-05_bs32_modL1_fusion32_fusionL1_fusionBN0_drop0p1__wd1e-04trmiss40_trlocglobal,32,1e-05,0.0001,1,32,1,False,0.1,lr1e-05_bs32_modL1_fusion32_fusionL1_fusionBN0_drop0p1__wd1e-04trmiss40_trlocglobal,25,0.657569020986557,0.6794346570968628,0.6857707509881422,0.6613726595592403,0.6444444444444445,0.0,0.0,0.0,0.0,0.0,0.0,0.0,0.0,0.0,,,,,18473,global,0.4
2,1,lr1e-05_bs32_modL1_fusion32_fusionL1_fusionBN0_drop0p1__wd1e-04trmiss40_trlocglobal,32,1e-05,0.0001,1,32,1,False,0.1,lr1e-05_bs32_modL1_fusion32_fusionL1_fusionBN0_drop0p1__wd1e-04trmiss40_trlocglobal,26,0.6521088580290476,0.6793825328350067,0.6857707509881423,0.657415889971161,0.6444444444444445,0.0,0.0,0.0,0.0,0.0,0.0,0.0,0.0,0.0,,,,,18473,global,0.4
2,1,lr1e-05_bs32_modL1_fusion32_fusionL1_fusionBN0_drop0p1__wd1e-04trmiss40_trlocglobal,32,1e-05,0.0001,1,32,1,False,0.1,lr1e-05_bs32_modL1_fusion32_fusionL1_fusionBN0_drop0p1__wd1e-04trmiss40_trlocglobal,27,0.6576510469118754,0.6794283986091614,0.6897233201581028,0.6629843082506878,0.6444444444444445,0.0,0.0,0.0,0.0,0.0,0.0,0.0,0.0,0.0,,,,,18473,global,0.4
2,1,lr1e-05_bs32_modL1_fusion32_fusionL1_fusionBN0_drop0p1__wd1e-04trmiss40_trlocglobal,32,1e-05,0.0001,1,32,1,False,0.1,lr1e-05_bs32_modL1_fusion32_fusionL1_fusionBN0_drop0p1__wd1e-04trmiss40_trlocglobal,28,0.6572405497233073,0.6791474223136902,0.6837944664031621,0.6580553543241217,0.6444444444444445,0.0,0.0,0.0,0.0,0.0,0.0,0.0,0.0,0.0,,,,,18473,global,0.4
2,1,lr1e-05_bs32_modL1_fusion32_fusionL1_fusionBN0_drop0p1__wd1e-04trmiss40_trlocglobal,32,1e-05,0.0001,1,32,1,False,0.1,lr1e-05_bs32_modL1_fusion32_fusionL1_fusionBN0_drop0p1__wd1e-04trmiss40_trlocglobal,29,0.6545939147472382,0.6789975464344025,0.6798418972332015,0.6546987476536232,0.6666666666666666,0.0,0.0,0.0,0.0,0.0,0.0,0.0,0.0,0.0,,,,,18473,global,0.4
2,1,lr1e-05_bs32_modL1_fusion32_fusionL1_fusionBN0_drop0p1__wd1e-04trmiss40_trlocglobal,32,1e-05,0.0001,1,32,1,False,0.1,lr1e-05_bs32_modL1_fusion32_fusionL1_fusionBN0_drop0p1__wd1e-04trmiss40_trlocglobal,30,0.652887245019277,0.6788243651390076,0.6897233201581028,0.6596458330313052,0.6666666666666666,0.0,0.0,0.0,0.0,0.0,0.0,0.0,0.0,0.0,,,,,18473,global,0.4
2,1,lr1e-05_bs32_modL1_fusion32_fusionL1_fusionBN0_drop0p1__wd1e-04trmiss40_trlocglobal,32,1e-05,0.0001,1,32,1,False,0.1,lr1e-05_bs32_modL1_fusion32_fusionL1_fusionBN0_drop0p1__wd1e-04trmiss40_trlocglobal,31,0.6508820652961731,0.6790361702442169,0.6897233201581028,0.6681538656690132,0.6666666666666666,0.0,0.0,0.0,0.0,0.0,0.0,0.0,0.0,0.0,,,,,18473,global,0.4
2,1,lr1e-05_bs32_modL1_fusion32_fusionL1_fusionBN0_drop0p1__wd1e-04trmiss40_trlocglobal,32,1e-05,0.0001,1,32,1,False,0.1,lr1e-05_bs32_modL1_fusion32_fusionL1_fusionBN0_drop0p1__wd1e-04trmiss40_trlocglobal,32,0.6472228765487671,0.6790010035037994,0.691699604743083,0.664787979980473,0.6666666666666666,0.0,0.0,0.0,0.0,0.0,0.0,0.0,0.0,0.0,,,,,18473,global,0.4
2,1,lr1e-05_bs32_modL1_fusion32_fusionL1_fusionBN0_drop0p1__wd1e-04trmiss40_trlocglobal,32,1e-05,0.0001,1,32,1,False,0.1,lr1e-05_bs32_modL1_fusion32_fusionL1_fusionBN0_drop0p1__wd1e-04trmiss40_trlocglobal,33,0.6528844833374023,0.679594486951828,0.6739130434782608,0.6493213642845854,0.6666666666666666,0.0,0.0,0.0,0.0,0.0,0.0,0.0,0.0,0.0,,,,,18473,global,0.4
2,1,lr1e-05_bs32_modL1_fusion32_fusionL1_fusionBN0_drop0p1__wd1e-04trmiss40_trlocglobal,32,1e-05,0.0001,1,32,1,False,0.1,lr1e-05_bs32_modL1_fusion32_fusionL1_fusionBN0_drop0p1__wd1e-04trmiss40_trlocglobal,34,0.6492267449696859,0.6791903972625732,0.6758893280632411,0.6512518377498158,0.6666666666666666,0.0,0.0,0.0,0.0,0.0,0.0,0.0,0.0,0.0,,,,,18473,global,0.4
2,2,lr1e-04_bs32_modL1_fusion16_fusionL1_fusionBN0_drop0p2__wd1e-04trmiss40_trlocglobal,32,0.0001,0.0001,1,16,1,False,0.2,lr1e-04_bs32_modL1_fusion16_fusionL1_fusionBN0_drop0p2__wd1e-04trmiss40_trlocglobal,1,0.7141732275485992,0.6914425194263458,0.6442687747035574,0.6624510241817431,0.5111111111111111,0.0,0.0,0.0,0.0,0.0,0.0,0.0,0.0,0.0,,,,,18473,global,0.4
2,2,lr1e-04_bs32_modL1_fusion16_fusionL1_fusionBN0_drop0p2__wd1e-04trmiss40_trlocglobal,32,0.0001,0.0001,1,16,1,False,0.2,lr1e-04_bs32_modL1_fusion16_fusionL1_fusionBN0_drop0p2__wd1e-04trmiss40_trlocglobal,2,0.6974610984325409,0.6890387237071991,0.6383399209486166,0.6791815588512827,0.5111111111111111,0.0,0.0,0.0,0.0,0.0,0.0,0.0,0.0,0.0,,,,,18473,global,0.4
2,2,lr1e-04_bs32_modL1_fusion16_fusionL1_fusionBN0_drop0p2__wd1e-04trmiss40_trlocglobal,32,0.0001,0.0001,1,16,1,False,0.2,lr1e-04_bs32_modL1_fusion16_fusionL1_fusionBN0_drop0p2__wd1e-04trmiss40_trlocglobal,3,0.686806877454122,0.686059981584549,0.6758893280632411,0.7047115922516555,0.5111111111111111,0.0,0.0,0.0,0.0,0.0,0.0,0.0,0.0,0.0,,,,,18473,global,0.4
2,2,lr1e-04_bs32_modL1_fusion16_fusionL1_fusionBN0_drop0p2__wd1e-04trmiss40_trlocglobal,32,0.0001,0.0001,1,16,1,False,0.2,lr1e-04_bs32_modL1_fusion16_fusionL1_fusionBN0_drop0p2__wd1e-04trmiss40_trlocglobal,4,0.6816504100958506,0.6850746870040894,0.6660079051383399,0.6946467036076697,0.5333333333333333,0.0,0.0,0.0,0.0,0.0,0.0,0.0,0.0,0.0,,,,,18473,global,0.4
2,2,lr1e-04_bs32_modL1_fusion16_fusionL1_fusionBN0_drop0p2__wd1e-04trmiss40_trlocglobal,32,0.0001,0.0001,1,16,1,False,0.2,lr1e-04_bs32_modL1_fusion16_fusionL1_fusionBN0_drop0p2__wd1e-04trmiss40_trlocglobal,5,0.6706193288167318,0.6851525604724884,0.650197628458498,0.6936739878995895,0.5333333333333333,0.0,0.0,0.0,0.0,0.0,0.0,0.0,0.0,0.0,,,,,18473,global,0.4
2,2,lr1e-04_bs32_modL1_fusion16_fusionL1_fusionBN0_drop0p2__wd1e-04trmiss40_trlocglobal,32,0.0001,0.0001,1,16,1,False,0.2,lr1e-04_bs32_modL1_fusion16_fusionL1_fusionBN0_drop0p2__wd1e-04trmiss40_trlocglobal,6,0.6696847776571909,0.6855470538139343,0.6383399209486166,0.6634697791362195,0.5333333333333333,0.0,0.0,0.0,0.0,0.0,0.0,0.0,0.0,0.0,,,,,18473,global,0.4
2,2,lr1e-04_bs32_modL1_fusion16_fusionL1_fusionBN0_drop0p2__wd1e-04trmiss40_trlocglobal,32,0.0001,0.0001,1,16,1,False,0.2,lr1e-04_bs32_modL1_fusion16_fusionL1_fusionBN0_drop0p2__wd1e-04trmiss40_trlocglobal,7,0.666205366452535,0.6857575178146362,0.6403162055335968,0.6672015827243231,0.5333333333333333,0.0,0.0,0.0,0.0,0.0,0.0,0.0,0.0,0.0,,,,,18473,global,0.4
2,2,lr1e-04_bs32_modL1_fusion16_fusionL1_fusionBN0_drop0p2__wd1e-04trmiss40_trlocglobal,32,0.0001,0.0001,1,16,1,False,0.2,lr1e-04_bs32_modL1_fusion16_fusionL1_fusionBN0_drop0p2__wd1e-04trmiss40_trlocglobal,8,0.6634074747562408,0.6859442293643951,0.6383399209486166,0.6542674672748451,0.5111111111111111,0.0,0.0,0.0,0.0,0.0,0.0,0.0,0.0,0.0,,,,,18473,global,0.4
2,2,lr1e-04_bs32_modL1_fusion16_fusionL1_fusionBN0_drop0p2__wd1e-04trmiss40_trlocglobal,32,0.0001,0.0001,1,16,1,False,0.2,lr1e-04_bs32_modL1_fusion16_fusionL1_fusionBN0_drop0p2__wd1e-04trmiss40_trlocglobal,9,0.6518492599328359,0.6855455040931702,0.642292490118577,0.6650342396497758,0.5111111111111111,0.0,0.0,0.0,0.0,0.0,0.0,0.0,0.0,0.0,,,,,18473,global,0.4
2,2,lr1e-04_bs32_modL1_fusion16_fusionL1_fusionBN0_drop0p2__wd1e-04trmiss40_trlocglobal,32,0.0001,0.0001,1,16,1,False,0.2,lr1e-04_bs32_modL1_fusion16_fusionL1_fusionBN0_drop0p2__wd1e-04trmiss40_trlocglobal,10,0.6552539070447286,0.6846097409725189,0.6561264822134387,0.6721882800135472,0.5111111111111111,0.0,0.0,0.0,0.0,0.0,0.0,0.0,0.0,0.0,,,,,18473,global,0.4
2,2,lr1e-04_bs32_modL1_fusion16_fusionL1_fusionBN0_drop0p2__wd1e-04trmiss40_trlocglobal,32,0.0001,0.0001,1,16,1,False,0.2,lr1e-04_bs32_modL1_fusion16_fusionL1_fusionBN0_drop0p2__wd1e-04trmiss40_trlocglobal,11,0.6383975843588511,0.6855237185955048,0.6403162055335968,0.6485030374502766,0.5111111111111111,0.0,0.0,0.0,0.0,0.0,0.0,0.0,0.0,0.0,,,,,18473,global,0.4
2,2,lr1e-04_bs32_modL1_fusion16_fusionL1_fusionBN0_drop0p2__wd1e-04trmiss40_trlocglobal,32,0.0001,0.0001,1,16,1,False,0.2,lr1e-04_bs32_modL1_fusion16_fusionL1_fusionBN0_drop0p2__wd1e-04trmiss40_trlocglobal,12,0.6393426060676575,0.6868351995944977,0.6343873517786561,0.6479048364285978,0.5111111111111111,0.0,0.0,0.0,0.0,0.0,0.0,0.0,0.0,0.0,,,,,18473,global,0.4
2,2,lr1e-04_bs32_modL1_fusion16_fusionL1_fusionBN0_drop0p2__wd1e-04trmiss40_trlocglobal,32,0.0001,0.0001,1,16,1,False,0.2,lr1e-04_bs32_modL1_fusion16_fusionL1_fusionBN0_drop0p2__wd1e-04trmiss40_trlocglobal,13,0.6354868014653524,0.6874540448188782,0.6304347826086957,0.6448589609722364,0.5333333333333333,0.0,0.0,0.0,0.0,0.0,0.0,0.0,0.0,0.0,,,,,18473,global,0.4
2,2,lr1e-04_bs32_modL1_fusion16_fusionL1_fusionBN0_drop0p2__wd1e-04trmiss40_trlocglobal,32,0.0001,0.0001,1,16,1,False,0.2,lr1e-04_bs32_modL1_fusion16_fusionL1_fusionBN0_drop0p2__wd1e-04trmiss40_trlocglobal,14,0.6267989774545034,0.6870421767234802,0.6245059288537549,0.6034958182229105,0.5111111111111111,0.0,0.0,0.0,0.0,0.0,0.0,0.0,0.0,0.0,,,,,18473,global,0.4
2,2,lr1e-04_bs32_modL1_fusion16_fusionL1_fusionBN0_drop0p2__wd1e-04trmiss40_trlocglobal,32,0.0001,0.0001,1,16,1,False,0.2,lr1e-04_bs32_modL1_fusion16_fusionL1_fusionBN0_drop0p2__wd1e-04trmiss40_trlocglobal,15,0.6293158829212189,0.6859212815761566,0.624505928853755,0.6025172525829494,0.5111111111111111,0.0,0.0,0.0,0.0,0.0,0.0,0.0,0.0,0.0,,,,,18473,global,0.4
2,2,lr1e-04_bs32_modL1_fusion16_fusionL1_fusionBN0_drop0p2__wd1e-04trmiss40_trlocglobal,32,0.0001,0.0001,1,16,1,False,0.2,lr1e-04_bs32_modL1_fusion16_fusionL1_fusionBN0_drop0p2__wd1e-04trmiss40_trlocglobal,16,0.6224542160828909,0.6850996911525726,0.6264822134387352,0.6082331125735403,0.5111111111111111,0.0,0.0,0.0,0.0,0.0,0.0,0.0,0.0,0.0,,,,,18473,global,0.4
2,2,lr1e-04_bs32_modL1_fusion16_fusionL1_fusionBN0_drop0p2__wd1e-04trmiss40_trlocglobal,32,0.0001,0.0001,1,16,1,False,0.2,lr1e-04_bs32_modL1_fusion16_fusionL1_fusionBN0_drop0p2__wd1e-04trmiss40_trlocglobal,17,0.6153512597084045,0.6851314008235931,0.6304347826086957,0.6448229520809999,0.5555555555555556,0.0,0.0,0.0,0.0,0.0,0.0,0.0,0.0,0.0,,,,,18473,global,0.4
2,2,lr1e-04_bs32_modL1_fusion16_fusionL1_fusionBN0_drop0p2__wd1e-04trmiss40_trlocglobal,32,0.0001,0.0001,1,16,1,False,0.2,lr1e-04_bs32_modL1_fusion16_fusionL1_fusionBN0_drop0p2__wd1e-04trmiss40_trlocglobal,18,0.6133559147516886,0.6861066818237305,0.6126482213438735,0.595554991297112,0.5333333333333333,0.0,0.0,0.0,0.0,0.0,0.0,0.0,0.0,0.0,,,,,18473,global,0.4
2,2,lr1e-04_bs32_modL1_fusion16_fusionL1_fusionBN0_drop0p2__wd1e-04trmiss40_trlocglobal,32,0.0001,0.0001,1,16,1,False,0.2,lr1e-04_bs32_modL1_fusion16_fusionL1_fusionBN0_drop0p2__wd1e-04trmiss40_trlocglobal,19,0.6111625333627065,0.6876729428768158,0.6106719367588933,0.594210729328299,0.5111111111111111,0.0,0.0,0.0,0.0,0.0,0.0,0.0,0.0,0.0,,,,,18473,global,0.4
2,2,lr1e-04_bs32_modL1_fusion16_fusionL1_fusionBN0_drop0p2__wd1e-04trmiss40_trlocglobal,32,0.0001,0.0001,1,16,1,False,0.2,lr1e-04_bs32_modL1_fusion16_fusionL1_fusionBN0_drop0p2__wd1e-04trmiss40_trlocglobal,20,0.6202207108338674,0.6869263648986816,0.6185770750988142,0.5950572556387241,0.5111111111111111,0.0,0.0,0.0,0.0,0.0,0.0,0.0,0.0,0.0,,,,,18473,global,0.4
2,2,lr1e-04_bs32_modL1_fusion16_fusionL1_fusionBN0_drop0p2__wd1e-04trmiss40_trlocglobal,32,0.0001,0.0001,1,16,1,False,0.2,lr1e-04_bs32_modL1_fusion16_fusionL1_fusionBN0_drop0p2__wd1e-04trmiss40_trlocglobal,21,0.5997162957986196,0.6857661604881287,0.6264822134387352,0.6023496751919407,0.5111111111111111,0.0,0.0,0.0,0.0,0.0,0.0,0.0,0.0,0.0,,,,,18473,global,0.4
2,2,lr1e-04_bs32_modL1_fusion16_fusionL1_fusionBN0_drop0p2__wd1e-04trmiss40_trlocglobal,32,0.0001,0.0001,1,16,1,False,0.2,lr1e-04_bs32_modL1_fusion16_fusionL1_fusionBN0_drop0p2__wd1e-04trmiss40_trlocglobal,22,0.5955498317877451,0.6834515333175659,0.6146245059288538,0.593157293108149,0.4888888888888889,0.0,0.0,0.0,0.0,0.0,0.0,0.0,0.0,0.0,,,,,18473,global,0.4
2,2,lr1e-04_bs32_modL1_fusion16_fusionL1_fusionBN0_drop0p2__wd1e-04trmiss40_trlocglobal,32,0.0001,0.0001,1,16,1,False,0.2,lr1e-04_bs32_modL1_fusion16_fusionL1_fusionBN0_drop0p2__wd1e-04trmiss40_trlocglobal,23,0.5956509411334991,0.6823846399784088,0.6185770750988142,0.5945824811284497,0.4888888888888889,0.0,0.0,0.0,0.0,0.0,0.0,0.0,0.0,0.0,,,,,18473,global,0.4
2,2,lr1e-04_bs32_modL1_fusion16_fusionL1_fusionBN0_drop0p2__wd1e-04trmiss40_trlocglobal,32,0.0001,0.0001,1,16,1,False,0.2,lr1e-04_bs32_modL1_fusion16_fusionL1_fusionBN0_drop0p2__wd1e-04trmiss40_trlocglobal,24,0.5960646569728851,0.6841824352741241,0.6185770750988142,0.5953480722018751,0.4888888888888889,0.0,0.0,0.0,0.0,0.0,0.0,0.0,0.0,0.0,,,,,18473,global,0.4
2,2,lr1e-04_bs32_modL1_fusion16_fusionL1_fusionBN0_drop0p2__wd1e-04trmiss40_trlocglobal,32,0.0001,0.0001,1,16,1,False,0.2,lr1e-04_bs32_modL1_fusion16_fusionL1_fusionBN0_drop0p2__wd1e-04trmiss40_trlocglobal,25,0.593803882598877,0.6881632804870605,0.5928853754940712,0.5758648852911419,0.5111111111111111,0.0,0.0,0.0,0.0,0.0,0.0,0.0,0.0,0.0,,,,,18473,global,0.4
2,2,lr1e-04_bs32_modL1_fusion16_fusionL1_fusionBN0_drop0p2__wd1e-04trmiss40_trlocglobal,32,0.0001,0.0001,1,16,1,False,0.2,lr1e-04_bs32_modL1_fusion16_fusionL1_fusionBN0_drop0p2__wd1e-04trmiss40_trlocglobal,26,0.5823325316111246,0.6859702467918396,0.6047430830039525,0.578066653705623,0.5111111111111111,0.0,0.0,0.0,0.0,0.0,0.0,0.0,0.0,0.0,,,,,18473,global,0.4
2,2,lr1e-04_bs32_modL1_fusion16_fusionL1_fusionBN0_drop0p2__wd1e-04trmiss40_trlocglobal,32,0.0001,0.0001,1,16,1,False,0.2,lr1e-04_bs32_modL1_fusion16_fusionL1_fusionBN0_drop0p2__wd1e-04trmiss40_trlocglobal,27,0.5857649147510529,0.6883107125759125,0.5968379446640316,0.574155972173458,0.5111111111111111,0.0,0.0,0.0,0.0,0.0,0.0,0.0,0.0,0.0,,,,,18473,global,0.4
2,2,lr1e-04_bs32_modL1_fusion16_fusionL1_fusionBN0_drop0p2__wd1e-04trmiss40_trlocglobal,32,0.0001,0.0001,1,16,1,False,0.2,lr1e-04_bs32_modL1_fusion16_fusionL1_fusionBN0_drop0p2__wd1e-04trmiss40_trlocglobal,28,0.5704306562741598,0.6891403794288635,0.5889328063241106,0.570940084458463,0.5111111111111111,0.0,0.0,0.0,0.0,0.0,0.0,0.0,0.0,0.0,,,,,18473,global,0.4
2,2,lr1e-04_bs32_modL1_fusion16_fusionL1_fusionBN0_drop0p2__wd1e-04trmiss40_trlocglobal,32,0.0001,0.0001,1,16,1,False,0.2,lr1e-04_bs32_modL1_fusion16_fusionL1_fusionBN0_drop0p2__wd1e-04trmiss40_trlocglobal,29,0.5720080931981405,0.6930240094661713,0.5671936758893281,0.5599972088194395,0.5333333333333333,0.0,0.0,0.0,0.0,0.0,0.0,0.0,0.0,0.0,,,,,18473,global,0.4
2,2,lr1e-04_bs32_modL1_fusion16_fusionL1_fusionBN0_drop0p2__wd1e-04trmiss40_trlocglobal,32,0.0001,0.0001,1,16,1,False,0.2,lr1e-04_bs32_modL1_fusion16_fusionL1_fusionBN0_drop0p2__wd1e-04trmiss40_trlocglobal,30,0.5681192676226298,0.6914194822311401,0.5691699604743082,0.5575648397337304,0.5333333333333333,0.0,0.0,0.0,0.0,0.0,0.0,0.0,0.0,0.0,,,,,18473,global,0.4
2,2,lr1e-04_bs32_modL1_fusion16_fusionL1_fusionBN0_drop0p1__wd1e-04trmiss40_trlocglobal,32,0.0001,0.0001,1,16,1,False,0.1,lr1e-04_bs32_modL1_fusion16_fusionL1_fusionBN0_drop0p1__wd1e-04trmiss40_trlocglobal,1,0.7052877346674601,0.6966846287250519,0.383399209486166,0.45788892806316617,0.4222222222222222,0.0,0.0,0.0,0.0,0.0,0.0,0.0,0.0,0.0,,,,,18473,global,0.4
2,2,lr1e-04_bs32_modL1_fusion16_fusionL1_fusionBN0_drop0p1__wd1e-04trmiss40_trlocglobal,32,0.0001,0.0001,1,16,1,False,0.1,lr1e-04_bs32_modL1_fusion16_fusionL1_fusionBN0_drop0p1__wd1e-04trmiss40_trlocglobal,2,0.6843061844507853,0.694543719291687,0.41304347826086957,0.4740776335867418,0.4222222222222222,0.0,0.0,0.0,0.0,0.0,0.0,0.0,0.0,0.0,,,,,18473,global,0.4
2,2,lr1e-04_bs32_modL1_fusion16_fusionL1_fusionBN0_drop0p1__wd1e-04trmiss40_trlocglobal,32,0.0001,0.0001,1,16,1,False,0.1,lr1e-04_bs32_modL1_fusion16_fusionL1_fusionBN0_drop0p1__wd1e-04trmiss40_trlocglobal,3,0.6662491659323374,0.6932503879070282,0.43675889328063244,0.4884183530308842,0.4,0.0,0.0,0.0,0.0,0.0,0.0,0.0,0.0,0.0,,,,,18473,global,0.4
2,2,lr1e-04_bs32_modL1_fusion16_fusionL1_fusionBN0_drop0p1__wd1e-04trmiss40_trlocglobal,32,0.0001,0.0001,1,16,1,False,0.1,lr1e-04_bs32_modL1_fusion16_fusionL1_fusionBN0_drop0p1__wd1e-04trmiss40_trlocglobal,4,0.6569236814975739,0.693737655878067,0.44466403162055335,0.5277938362519132,0.4444444444444444,0.0,0.0,0.0,0.0,0.0,0.0,0.0,0.0,0.0,,,,,18473,global,0.4
2,2,lr1e-04_bs32_modL1_fusion16_fusionL1_fusionBN0_drop0p1__wd1e-04trmiss40_trlocglobal,32,0.0001,0.0001,1,16,1,False,0.1,lr1e-04_bs32_modL1_fusion16_fusionL1_fusionBN0_drop0p1__wd1e-04trmiss40_trlocglobal,5,0.6583312153816223,0.6934995055198669,0.4604743083003952,0.5481071817855744,0.4666666666666667,0.0,0.0,0.0,0.0,0.0,0.0,0.0,0.0,0.0,,,,,18473,global,0.4
2,2,lr1e-04_bs32_modL1_fusion16_fusionL1_fusionBN0_drop0p1__wd1e-04trmiss40_trlocglobal,32,0.0001,0.0001,1,16,1,False,0.1,lr1e-04_bs32_modL1_fusion16_fusionL1_fusionBN0_drop0p1__wd1e-04trmiss40_trlocglobal,6,0.647955854733785,0.6930190622806549,0.46837944664031617,0.5334830851015198,0.4666666666666667,0.0,0.0,0.0,0.0,0.0,0.0,0.0,0.0,0.0,,,,,18473,global,0.4
2,2,lr1e-04_bs32_modL1_fusion16_fusionL1_fusionBN0_drop0p1__wd1e-04trmiss40_trlocglobal,32,0.0001,0.0001,1,16,1,False,0.1,lr1e-04_bs32_modL1_fusion16_fusionL1_fusionBN0_drop0p1__wd1e-04trmiss40_trlocglobal,7,0.6398674348990122,0.6914448142051697,0.47430830039525695,0.5238430383481233,0.4444444444444444,0.0,0.0,0.0,0.0,0.0,0.0,0.0,0.0,0.0,,,,,18473,global,0.4
2,2,lr1e-04_bs32_modL1_fusion16_fusionL1_fusionBN0_drop0p1__wd1e-04trmiss40_trlocglobal,32,0.0001,0.0001,1,16,1,False,0.1,lr1e-04_bs32_modL1_fusion16_fusionL1_fusionBN0_drop0p1__wd1e-04trmiss40_trlocglobal,8,0.6361687580744425,0.6924738883972168,0.47430830039525695,0.5053497238799973,0.4444444444444444,0.0,0.0,0.0,0.0,0.0,0.0,0.0,0.0,0.0,,,,,18473,global,0.4
2,2,lr1e-04_bs32_modL1_fusion16_fusionL1_fusionBN0_drop0p1__wd1e-04trmiss40_trlocglobal,32,0.0001,0.0001,1,16,1,False,0.1,lr1e-04_bs32_modL1_fusion16_fusionL1_fusionBN0_drop0p1__wd1e-04trmiss40_trlocglobal,9,0.6285625696182251,0.6925464868545532,0.48221343873517786,0.5191735943479243,0.4666666666666667,0.0,0.0,0.0,0.0,0.0,0.0,0.0,0.0,0.0,,,,,18473,global,0.4
2,2,lr1e-04_bs32_modL1_fusion16_fusionL1_fusionBN0_drop0p1__wd1e-04trmiss40_trlocglobal,32,0.0001,0.0001,1,16,1,False,0.1,lr1e-04_bs32_modL1_fusion16_fusionL1_fusionBN0_drop0p1__wd1e-04trmiss40_trlocglobal,10,0.6128251453240713,0.6920391023159027,0.48221343873517786,0.5193308959598295,0.4888888888888889,0.0,0.0,0.0,0.0,0.0,0.0,0.0,0.0,0.0,,,,,18473,global,0.4
2,2,lr1e-04_bs32_modL1_fusion16_fusionL1_fusionBN0_drop0p1__wd1e-04trmiss40_trlocglobal,32,0.0001,0.0001,1,16,1,False,0.1,lr1e-04_bs32_modL1_fusion16_fusionL1_fusionBN0_drop0p1__wd1e-04trmiss40_trlocglobal,11,0.6112279891967773,0.6916687190532684,0.4624505928853755,0.5025518838463683,0.4888888888888889,0.0,0.0,0.0,0.0,0.0,0.0,0.0,0.0,0.0,,,,,18473,global,0.4
2,2,lr1e-04_bs32_modL1_fusion16_fusionL1_fusionBN0_drop0p1__wd1e-04trmiss40_trlocglobal,32,0.0001,0.0001,1,16,1,False,0.1,lr1e-04_bs32_modL1_fusion16_fusionL1_fusionBN0_drop0p1__wd1e-04trmiss40_trlocglobal,12,0.610458900531133,0.6913339495658875,0.46837944664031617,0.49591845149756464,0.5111111111111111,0.0,0.0,0.0,0.0,0.0,0.0,0.0,0.0,0.0,,,,,18473,global,0.4
2,2,lr1e-04_bs32_modL1_fusion16_fusionL1_fusionBN0_drop0p1__wd1e-04trmiss40_trlocglobal,32,0.0001,0.0001,1,16,1,False,0.1,lr1e-04_bs32_modL1_fusion16_fusionL1_fusionBN0_drop0p1__wd1e-04trmiss40_trlocglobal,13,0.5961122512817383,0.6911950409412384,0.46640316205533594,0.49256080906196975,0.5111111111111111,0.0,0.0,0.0,0.0,0.0,0.0,0.0,0.0,0.0,,,,,18473,global,0.4
2,2,lr1e-04_bs32_modL1_fusion16_fusionL1_fusionBN0_drop0p1__wd1e-04trmiss40_trlocglobal,32,0.0001,0.0001,1,16,1,False,0.1,lr1e-04_bs32_modL1_fusion16_fusionL1_fusionBN0_drop0p1__wd1e-04trmiss40_trlocglobal,14,0.5986782709757487,0.6914592981338501,0.4743083003952569,0.49821786110346117,0.4888888888888889,0.0,0.0,0.0,0.0,0.0,0.0,0.0,0.0,0.0,,,,,18473,global,0.4
2,2,lr1e-04_bs32_modL1_fusion16_fusionL1_fusionBN0_drop0p1__wd1e-04trmiss40_trlocglobal,32,0.0001,0.0001,1,16,1,False,0.1,lr1e-04_bs32_modL1_fusion16_fusionL1_fusionBN0_drop0p1__wd1e-04trmiss40_trlocglobal,15,0.5929121673107147,0.6921188533306122,0.4683794466403162,0.483523735610103,0.5111111111111111,0.0,0.0,0.0,0.0,0.0,0.0,0.0,0.0,0.0,,,,,18473,global,0.4
2,2,lr1e-04_bs32_modL1_fusion16_fusionL1_fusionBN0_drop0p1__wd1e-04trmiss40_trlocglobal,32,0.0001,0.0001,1,16,1,False,0.1,lr1e-04_bs32_modL1_fusion16_fusionL1_fusionBN0_drop0p1__wd1e-04trmiss40_trlocglobal,16,0.5880885720252991,0.6947730481624603,0.46047430830039526,0.4767693766883366,0.4666666666666667,0.0,0.0,0.0,0.0,0.0,0.0,0.0,0.0,0.0,,,,,18473,global,0.4
2,2,lr1e-04_bs32_modL1_fusion16_fusionL1_fusionBN0_drop0p1__wd1e-04trmiss40_trlocglobal,32,0.0001,0.0001,1,16,1,False,0.1,lr1e-04_bs32_modL1_fusion16_fusionL1_fusionBN0_drop0p1__wd1e-04trmiss40_trlocglobal,17,0.579351931810379,0.6971432566642761,0.45256916996047436,0.47042411879621515,0.4666666666666667,0.0,0.0,0.0,0.0,0.0,0.0,0.0,0.0,0.0,,,,,18473,global,0.4
2,2,lr1e-04_bs32_modL1_fusion16_fusionL1_fusionBN0_drop0p1__wd1e-04trmiss40_trlocglobal,32,0.0001,0.0001,1,16,1,False,0.1,lr1e-04_bs32_modL1_fusion16_fusionL1_fusionBN0_drop0p1__wd1e-04trmiss40_trlocglobal,18,0.5769935746987661,0.6952319145202637,0.4565217391304348,0.4933688280400128,0.4666666666666667,0.0,0.0,0.0,0.0,0.0,0.0,0.0,0.0,0.0,,,,,18473,global,0.4
2,2,lr1e-04_bs32_modL1_fusion16_fusionL1_fusionBN0_drop0p1__wd1e-04trmiss40_trlocglobal,32,0.0001,0.0001,1,16,1,False,0.1,lr1e-04_bs32_modL1_fusion16_fusionL1_fusionBN0_drop0p1__wd1e-04trmiss40_trlocglobal,19,0.571556289990743,0.6966457366943359,0.4545454545454546,0.49162289194407616,0.4888888888888889,0.0,0.0,0.0,0.0,0.0,0.0,0.0,0.0,0.0,,,,,18473,global,0.4
2,2,lr1e-04_bs32_modL1_fusion16_fusionL1_fusionBN0_drop0p1__wd1e-04trmiss40_trlocglobal,32,0.0001,0.0001,1,16,1,False,0.1,lr1e-04_bs32_modL1_fusion16_fusionL1_fusionBN0_drop0p1__wd1e-04trmiss40_trlocglobal,20,0.5620114604632059,0.6952346563339233,0.4644268774703557,0.4951346582242322,0.4666666666666667,0.0,0.0,0.0,0.0,0.0,0.0,0.0,0.0,0.0,,,,,18473,global,0.4
2,2,lr1e-04_bs32_modL1_fusion16_fusionL1_fusionBN0_drop0p1__wd1e-04trmiss40_trlocglobal,32,0.0001,0.0001,1,16,1,False,0.1,lr1e-04_bs32_modL1_fusion16_fusionL1_fusionBN0_drop0p1__wd1e-04trmiss40_trlocglobal,21,0.5662928819656372,0.6953545212745667,0.46640316205533594,0.4977782529074689,0.4888888888888889,0.0,0.0,0.0,0.0,0.0,0.0,0.0,0.0,0.0,,,,,18473,global,0.4
2,2,lr1e-04_bs32_modL1_fusion16_fusionL1_fusionBN0_drop0p1__wd1e-04trmiss40_trlocglobal,32,0.0001,0.0001,1,16,1,False,0.1,lr1e-04_bs32_modL1_fusion16_fusionL1_fusionBN0_drop0p1__wd1e-04trmiss40_trlocglobal,22,0.5545985599358877,0.695013701915741,0.4644268774703557,0.4956373474929062,0.5111111111111111,0.0,0.0,0.0,0.0,0.0,0.0,0.0,0.0,0.0,,,,,18473,global,0.4
2,2,lr1e-04_bs32_modL1_fusion16_fusionL1_fusionBN0_drop0p1__wd1e-04trmiss40_trlocglobal,32,0.0001,0.0001,1,16,1,False,0.1,lr1e-04_bs32_modL1_fusion16_fusionL1_fusionBN0_drop0p1__wd1e-04trmiss40_trlocglobal,23,0.5539721250534058,0.6940979659557343,0.4703557312252964,0.4980779324021666,0.4666666666666667,0.0,0.0,0.0,0.0,0.0,0.0,0.0,0.0,0.0,,,,,18473,global,0.4
2,2,lr1e-04_bs32_modL1_fusion16_fusionL1_fusionBN0_drop0p1__wd1e-04trmiss40_trlocglobal,32,0.0001,0.0001,1,16,1,False,0.1,lr1e-04_bs32_modL1_fusion16_fusionL1_fusionBN0_drop0p1__wd1e-04trmiss40_trlocglobal,24,0.5537285109361013,0.6944438815116882,0.4683794466403163,0.4961275998314735,0.4444444444444444,0.0,0.0,0.0,0.0,0.0,0.0,0.0,0.0,0.0,,,,,18473,global,0.4
2,2,lr1e-04_bs32_modL1_fusion16_fusionL1_fusionBN0_drop0p1__wd1e-04trmiss40_trlocglobal,32,0.0001,0.0001,1,16,1,False,0.1,lr1e-04_bs32_modL1_fusion16_fusionL1_fusionBN0_drop0p1__wd1e-04trmiss40_trlocglobal,25,0.5415696700414022,0.6971367597579956,0.44664031620553357,0.45796531335072477,0.5333333333333333,0.0,0.0,0.0,0.0,0.0,0.0,0.0,0.0,0.0,,,,,18473,global,0.4
2,2,lr1e-04_bs32_modL1_fusion16_fusionL1_fusionBN0_drop0p1__wd1e-04trmiss40_trlocglobal,32,0.0001,0.0001,1,16,1,False,0.1,lr1e-04_bs32_modL1_fusion16_fusionL1_fusionBN0_drop0p1__wd1e-04trmiss40_trlocglobal,26,0.5353350142637888,0.6984831094741821,0.4407114624505929,0.466299824261662,0.4888888888888889,0.0,0.0,0.0,0.0,0.0,0.0,0.0,0.0,0.0,,,,,18473,global,0.4
2,2,lr1e-04_bs32_modL1_fusion16_fusionL1_fusionBN0_drop0p1__wd1e-04trmiss40_trlocglobal,32,0.0001,0.0001,1,16,1,False,0.1,lr1e-04_bs32_modL1_fusion16_fusionL1_fusionBN0_drop0p1__wd1e-04trmiss40_trlocglobal,27,0.5328326523303986,0.6965086162090302,0.45849802371541504,0.4978660622120028,0.4444444444444444,0.0,0.0,0.0,0.0,0.0,0.0,0.0,0.0,0.0,,,,,18473,global,0.4
2,2,lr1e-04_bs32_modL1_fusion16_fusionL1_fusionBN0_drop0p1__wd1e-04trmiss40_trlocglobal,32,0.0001,0.0001,1,16,1,False,0.1,lr1e-04_bs32_modL1_fusion16_fusionL1_fusionBN0_drop0p1__wd1e-04trmiss40_trlocglobal,28,0.537219395240148,0.6944088637828827,0.47430830039525695,0.5043593546788302,0.4666666666666667,0.0,0.0,0.0,0.0,0.0,0.0,0.0,0.0,0.0,,,,,18473,global,0.4
2,2,lr1e-04_bs32_modL1_fusion16_fusionL1_fusionBN0_drop0p1__wd1e-04trmiss40_trlocglobal,32,0.0001,0.0001,1,16,1,False,0.1,lr1e-04_bs32_modL1_fusion16_fusionL1_fusionBN0_drop0p1__wd1e-04trmiss40_trlocglobal,29,0.5146033068497976,0.6950892806053162,0.46640316205533594,0.5001500797176486,0.4888888888888889,0.0,0.0,0.0,0.0,0.0,0.0,0.0,0.0,0.0,,,,,18473,global,0.4
2,2,lr1e-04_bs32_modL1_fusion16_fusionL1_fusionBN0_drop0p1__wd1e-04trmiss40_trlocglobal,32,0.0001,0.0001,1,16,1,False,0.1,lr1e-04_bs32_modL1_fusion16_fusionL1_fusionBN0_drop0p1__wd1e-04trmiss40_trlocglobal,30,0.5167833467324575,0.695900946855545,0.46640316205533594,0.5004718829303494,0.4888888888888889,0.0,0.0,0.0,0.0,0.0,0.0,0.0,0.0,0.0,,,,,18473,global,0.4
2,2,lr1e-04_bs32_modL1_fusion32_fusionL1_fusionBN0_drop0p2__wd1e-04trmiss40_trlocglobal,32,0.0001,0.0001,1,32,1,False,0.2,lr1e-04_bs32_modL1_fusion32_fusionL1_fusionBN0_drop0p2__wd1e-04trmiss40_trlocglobal,1,0.6939388116200765,0.6833340525627136,0.699604743083004,0.7555221669588422,0.6222222222222222,0.0,0.0,0.0,0.0,0.0,0.0,0.0,0.0,0.0,,,,,18473,global,0.4
2,2,lr1e-04_bs32_modL1_fusion32_fusionL1_fusionBN0_drop0p2__wd1e-04trmiss40_trlocglobal,32,0.0001,0.0001,1,32,1,False,0.2,lr1e-04_bs32_modL1_fusion32_fusionL1_fusionBN0_drop0p2__wd1e-04trmiss40_trlocglobal,2,0.6802244881788889,0.6795615553855896,0.6996047430830039,0.732337227232855,0.5777777777777777,0.0,0.0,0.0,0.0,0.0,0.0,0.0,0.0,0.0,,,,,18473,global,0.4
2,2,lr1e-04_bs32_modL1_fusion32_fusionL1_fusionBN0_drop0p2__wd1e-04trmiss40_trlocglobal,32,0.0001,0.0001,1,32,1,False,0.2,lr1e-04_bs32_modL1_fusion32_fusionL1_fusionBN0_drop0p2__wd1e-04trmiss40_trlocglobal,3,0.6571429868539175,0.6761154532432556,0.6837944664031621,0.6877010545522672,0.6,0.0,0.0,0.0,0.0,0.0,0.0,0.0,0.0,0.0,,,,,18473,global,0.4
2,2,lr1e-04_bs32_modL1_fusion32_fusionL1_fusionBN0_drop0p2__wd1e-04trmiss40_trlocglobal,32,0.0001,0.0001,1,32,1,False,0.2,lr1e-04_bs32_modL1_fusion32_fusionL1_fusionBN0_drop0p2__wd1e-04trmiss40_trlocglobal,4,0.6484522024790446,0.6742525398731232,0.6600790513833992,0.635377370204041,0.6,0.0,0.0,0.0,0.0,0.0,0.0,0.0,0.0,0.0,,,,,18473,global,0.4
2,2,lr1e-04_bs32_modL1_fusion32_fusionL1_fusionBN0_drop0p2__wd1e-04trmiss40_trlocglobal,32,0.0001,0.0001,1,32,1,False,0.2,lr1e-04_bs32_modL1_fusion32_fusionL1_fusionBN0_drop0p2__wd1e-04trmiss40_trlocglobal,5,0.6417348881562551,0.6741912662982941,0.6561264822134387,0.630469561590148,0.5777777777777777,0.0,0.0,0.0,0.0,0.0,0.0,0.0,0.0,0.0,,,,,18473,global,0.4
2,2,lr1e-04_bs32_modL1_fusion32_fusionL1_fusionBN0_drop0p2__wd1e-04trmiss40_trlocglobal,32,0.0001,0.0001,1,32,1,False,0.2,lr1e-04_bs32_modL1_fusion32_fusionL1_fusionBN0_drop0p2__wd1e-04trmiss40_trlocglobal,6,0.6326757172743479,0.6754173636436462,0.6462450592885375,0.6286840416017446,0.5777777777777777,0.0,0.0,0.0,0.0,0.0,0.0,0.0,0.0,0.0,,,,,18473,global,0.4
2,2,lr1e-04_bs32_modL1_fusion32_fusionL1_fusionBN0_drop0p2__wd1e-04trmiss40_trlocglobal,32,0.0001,0.0001,1,32,1,False,0.2,lr1e-04_bs32_modL1_fusion32_fusionL1_fusionBN0_drop0p2__wd1e-04trmiss40_trlocglobal,7,0.6208550731341044,0.6750674843788147,0.6403162055335969,0.6193997716397251,0.5777777777777777,0.0,0.0,0.0,0.0,0.0,0.0,0.0,0.0,0.0,,,,,18473,global,0.4
2,2,lr1e-04_bs32_modL1_fusion32_fusionL1_fusionBN0_drop0p2__wd1e-04trmiss40_trlocglobal,32,0.0001,0.0001,1,32,1,False,0.2,lr1e-04_bs32_modL1_fusion32_fusionL1_fusionBN0_drop0p2__wd1e-04trmiss40_trlocglobal,8,0.6100107630093893,0.6739263236522675,0.6482213438735178,0.625915882260527,0.5777777777777777,0.0,0.0,0.0,0.0,0.0,0.0,0.0,0.0,0.0,,,,,18473,global,0.4
2,2,lr1e-04_bs32_modL1_fusion32_fusionL1_fusionBN0_drop0p2__wd1e-04trmiss40_trlocglobal,32,0.0001,0.0001,1,32,1,False,0.2,lr1e-04_bs32_modL1_fusion32_fusionL1_fusionBN0_drop0p2__wd1e-04trmiss40_trlocglobal,9,0.6125900149345398,0.6741534769535065,0.6442687747035574,0.6228131096812243,0.5555555555555556,0.0,0.0,0.0,0.0,0.0,0.0,0.0,0.0,0.0,,,,,18473,global,0.4
2,2,lr1e-04_bs32_modL1_fusion32_fusionL1_fusionBN0_drop0p2__wd1e-04trmiss40_trlocglobal,32,0.0001,0.0001,1,32,1,False,0.2,lr1e-04_bs32_modL1_fusion32_fusionL1_fusionBN0_drop0p2__wd1e-04trmiss40_trlocglobal,10,0.5990336835384369,0.6753780841827393,0.6363636363636364,0.6177417285722041,0.5333333333333333,0.0,0.0,0.0,0.0,0.0,0.0,0.0,0.0,0.0,,,,,18473,global,0.4
2,2,lr1e-04_bs32_modL1_fusion32_fusionL1_fusionBN0_drop0p2__wd1e-04trmiss40_trlocglobal,32,0.0001,0.0001,1,32,1,False,0.2,lr1e-04_bs32_modL1_fusion32_fusionL1_fusionBN0_drop0p2__wd1e-04trmiss40_trlocglobal,11,0.5922250350316366,0.6731787621974945,0.6403162055335968,0.6291585904229284,0.5333333333333333,0.0,0.0,0.0,0.0,0.0,0.0,0.0,0.0,0.0,,,,,18473,global,0.4
2,2,lr1e-04_bs32_modL1_fusion32_fusionL1_fusionBN0_drop0p2__wd1e-04trmiss40_trlocglobal,32,0.0001,0.0001,1,32,1,False,0.2,lr1e-04_bs32_modL1_fusion32_fusionL1_fusionBN0_drop0p2__wd1e-04trmiss40_trlocglobal,12,0.5819235841433207,0.6734476983547211,0.6185770750988142,0.6017276026908838,0.5555555555555556,0.0,0.0,0.0,0.0,0.0,0.0,0.0,0.0,0.0,,,,,18473,global,0.4
2,2,lr1e-04_bs32_modL1_fusion32_fusionL1_fusionBN0_drop0p2__wd1e-04trmiss40_trlocglobal,32,0.0001,0.0001,1,32,1,False,0.2,lr1e-04_bs32_modL1_fusion32_fusionL1_fusionBN0_drop0p2__wd1e-04trmiss40_trlocglobal,13,0.5871943136056265,0.6725533306598663,0.6047430830039526,0.5941108396857825,0.5111111111111111,0.0,0.0,0.0,0.0,0.0,0.0,0.0,0.0,0.0,,,,,18473,global,0.4
2,2,lr1e-04_bs32_modL1_fusion32_fusionL1_fusionBN0_drop0p2__wd1e-04trmiss40_trlocglobal,32,0.0001,0.0001,1,32,1,False,0.2,lr1e-04_bs32_modL1_fusion32_fusionL1_fusionBN0_drop0p2__wd1e-04trmiss40_trlocglobal,14,0.5754317343235016,0.6718708574771881,0.6205533596837944,0.6171372194057303,0.5555555555555556,0.0,0.0,0.0,0.0,0.0,0.0,0.0,0.0,0.0,,,,,18473,global,0.4
2,2,lr1e-04_bs32_modL1_fusion32_fusionL1_fusionBN0_drop0p2__wd1e-04trmiss40_trlocglobal,32,0.0001,0.0001,1,32,1,False,0.2,lr1e-04_bs32_modL1_fusion32_fusionL1_fusionBN0_drop0p2__wd1e-04trmiss40_trlocglobal,15,0.5678340196609497,0.6739819049835205,0.6106719367588933,0.5825572359108163,0.5555555555555556,0.0,0.0,0.0,0.0,0.0,0.0,0.0,0.0,0.0,,,,,18473,global,0.4
2,2,lr1e-04_bs32_modL1_fusion32_fusionL1_fusionBN0_drop0p2__wd1e-04trmiss40_trlocglobal,32,0.0001,0.0001,1,32,1,False,0.2,lr1e-04_bs32_modL1_fusion32_fusionL1_fusionBN0_drop0p2__wd1e-04trmiss40_trlocglobal,16,0.5542356073856354,0.6786185503005981,0.5909090909090909,0.5682441506204753,0.5555555555555556,0.0,0.0,0.0,0.0,0.0,0.0,0.0,0.0,0.0,,,,,18473,global,0.4
2,2,lr1e-04_bs32_modL1_fusion32_fusionL1_fusionBN0_drop0p2__wd1e-04trmiss40_trlocglobal,32,0.0001,0.0001,1,32,1,False,0.2,lr1e-04_bs32_modL1_fusion32_fusionL1_fusionBN0_drop0p2__wd1e-04trmiss40_trlocglobal,17,0.5601034164428711,0.6784749329090118,0.6027667984189723,0.5932949511963477,0.5555555555555556,0.0,0.0,0.0,0.0,0.0,0.0,0.0,0.0,0.0,,,,,18473,global,0.4
2,2,lr1e-04_bs32_modL1_fusion32_fusionL1_fusionBN0_drop0p2__wd1e-04trmiss40_trlocglobal,32,0.0001,0.0001,1,32,1,False,0.2,lr1e-04_bs32_modL1_fusion32_fusionL1_fusionBN0_drop0p2__wd1e-04trmiss40_trlocglobal,18,0.5428062379360199,0.6735774278640747,0.6284584980237155,0.5993415711194338,0.5777777777777777,0.0,0.0,0.0,0.0,0.0,0.0,0.0,0.0,0.0,,,,,18473,global,0.4
2,2,lr1e-04_bs32_modL1_fusion32_fusionL1_fusionBN0_drop0p2__wd1e-04trmiss40_trlocglobal,32,0.0001,0.0001,1,32,1,False,0.2,lr1e-04_bs32_modL1_fusion32_fusionL1_fusionBN0_drop0p2__wd1e-04trmiss40_trlocglobal,19,0.5367840429147085,0.6750093400478363,0.6106719367588933,0.5881918155442519,0.5777777777777777,0.0,0.0,0.0,0.0,0.0,0.0,0.0,0.0,0.0,,,,,18473,global,0.4
2,2,lr1e-04_bs32_modL1_fusion32_fusionL1_fusionBN0_drop0p2__wd1e-04trmiss40_trlocglobal,32,0.0001,0.0001,1,32,1,False,0.2,lr1e-04_bs32_modL1_fusion32_fusionL1_fusionBN0_drop0p2__wd1e-04trmiss40_trlocglobal,20,0.5322162310282389,0.6758450865745544,0.5968379446640316,0.5694860400310011,0.5333333333333333,0.0,0.0,0.0,0.0,0.0,0.0,0.0,0.0,0.0,,,,,18473,global,0.4
2,2,lr1e-04_bs32_modL1_fusion32_fusionL1_fusionBN0_drop0p2__wd1e-04trmiss40_trlocglobal,32,0.0001,0.0001,1,32,1,False,0.2,lr1e-04_bs32_modL1_fusion32_fusionL1_fusionBN0_drop0p2__wd1e-04trmiss40_trlocglobal,21,0.5328387419382731,0.6763776540756226,0.5948616600790514,0.588001688386964,0.5333333333333333,0.0,0.0,0.0,0.0,0.0,0.0,0.0,0.0,0.0,,,,,18473,global,0.4
2,2,lr1e-04_bs32_modL1_fusion32_fusionL1_fusionBN0_drop0p2__wd1e-04trmiss40_trlocglobal,32,0.0001,0.0001,1,32,1,False,0.2,lr1e-04_bs32_modL1_fusion32_fusionL1_fusionBN0_drop0p2__wd1e-04trmiss40_trlocglobal,22,0.513886421918869,0.676306277513504,0.5830039525691699,0.5609424060980156,0.5111111111111111,0.0,0.0,0.0,0.0,0.0,0.0,0.0,0.0,0.0,,,,,18473,global,0.4
2,2,lr1e-04_bs32_modL1_fusion32_fusionL1_fusionBN0_drop0p2__wd1e-04trmiss40_trlocglobal,32,0.0001,0.0001,1,32,1,False,0.2,lr1e-04_bs32_modL1_fusion32_fusionL1_fusionBN0_drop0p2__wd1e-04trmiss40_trlocglobal,23,0.5178189774354299,0.6788566410541534,0.5810276679841897,0.5585198316301468,0.5333333333333333,0.0,0.0,0.0,0.0,0.0,0.0,0.0,0.0,0.0,,,,,18473,global,0.4
2,2,lr1e-04_bs32_modL1_fusion32_fusionL1_fusionBN0_drop0p2__wd1e-04trmiss40_trlocglobal,32,0.0001,0.0001,1,32,1,False,0.2,lr1e-04_bs32_modL1_fusion32_fusionL1_fusionBN0_drop0p2__wd1e-04trmiss40_trlocglobal,24,0.5131162106990814,0.6796985864639282,0.5711462450592886,0.5514291346540041,0.4666666666666667,0.0,0.0,0.0,0.0,0.0,0.0,0.0,0.0,0.0,,,,,18473,global,0.4
2,2,lr1e-04_bs32_modL1_fusion32_fusionL1_fusionBN0_drop0p2__wd1e-04trmiss40_trlocglobal,32,0.0001,0.0001,1,32,1,False,0.2,lr1e-04_bs32_modL1_fusion32_fusionL1_fusionBN0_drop0p2__wd1e-04trmiss40_trlocglobal,25,0.5065799355506897,0.6800387501716614,0.5731225296442688,0.5453563287365091,0.5333333333333333,0.0,0.0,0.0,0.0,0.0,0.0,0.0,0.0,0.0,,,,,18473,global,0.4
2,2,lr1e-04_bs32_modL1_fusion32_fusionL1_fusionBN0_drop0p1__wd1e-04trmiss40_trlocglobal,32,0.0001,0.0001,1,32,1,False,0.1,lr1e-04_bs32_modL1_fusion32_fusionL1_fusionBN0_drop0p1__wd1e-04trmiss40_trlocglobal,1,0.6899299323558807,0.6924799978733063,0.4644268774703557,0.48208735774694234,0.4222222222222222,0.0,0.0,0.0,0.0,0.0,0.0,0.0,0.0,0.0,,,,,18473,global,0.4
2,2,lr1e-04_bs32_modL1_fusion32_fusionL1_fusionBN0_drop0p1__wd1e-04trmiss40_trlocglobal,32,0.0001,0.0001,1,32,1,False,0.1,lr1e-04_bs32_modL1_fusion32_fusionL1_fusionBN0_drop0p1__wd1e-04trmiss40_trlocglobal,2,0.6737892329692841,0.6924154460430145,0.46047430830039526,0.4727262556979988,0.4222222222222222,0.0,0.0,0.0,0.0,0.0,0.0,0.0,0.0,0.0,,,,,18473,global,0.4
2,2,lr1e-04_bs32_modL1_fusion32_fusionL1_fusionBN0_drop0p1__wd1e-04trmiss40_trlocglobal,32,0.0001,0.0001,1,32,1,False,0.1,lr1e-04_bs32_modL1_fusion32_fusionL1_fusionBN0_drop0p1__wd1e-04trmiss40_trlocglobal,3,0.6679397920767466,0.6930767595767975,0.4624505928853755,0.47056688531998464,0.4444444444444444,0.0,0.0,0.0,0.0,0.0,0.0,0.0,0.0,0.0,,,,,18473,global,0.4
2,2,lr1e-04_bs32_modL1_fusion32_fusionL1_fusionBN0_drop0p1__wd1e-04trmiss40_trlocglobal,32,0.0001,0.0001,1,32,1,False,0.1,lr1e-04_bs32_modL1_fusion32_fusionL1_fusionBN0_drop0p1__wd1e-04trmiss40_trlocglobal,4,0.6519898573557535,0.6934468746185303,0.466403162055336,0.47449194589477345,0.5111111111111111,0.0,0.0,0.0,0.0,0.0,0.0,0.0,0.0,0.0,,,,,18473,global,0.4
2,2,lr1e-04_bs32_modL1_fusion32_fusionL1_fusionBN0_drop0p1__wd1e-04trmiss40_trlocglobal,32,0.0001,0.0001,1,32,1,False,0.1,lr1e-04_bs32_modL1_fusion32_fusionL1_fusionBN0_drop0p1__wd1e-04trmiss40_trlocglobal,5,0.6450884838898977,0.6932562589645386,0.47233201581027673,0.4806584852673994,0.4888888888888889,0.0,0.0,0.0,0.0,0.0,0.0,0.0,0.0,0.0,,,,,18473,global,0.4
2,2,lr1e-04_bs32_modL1_fusion32_fusionL1_fusionBN0_drop0p1__wd1e-04trmiss40_trlocglobal,32,0.0001,0.0001,1,32,1,False,0.1,lr1e-04_bs32_modL1_fusion32_fusionL1_fusionBN0_drop0p1__wd1e-04trmiss40_trlocglobal,6,0.6378377874692281,0.6929543316364288,0.4762845849802371,0.4831803606224991,0.4888888888888889,0.0,0.0,0.0,0.0,0.0,0.0,0.0,0.0,0.0,,,,,18473,global,0.4
2,2,lr1e-04_bs32_modL1_fusion32_fusionL1_fusionBN0_drop0p1__wd1e-04trmiss40_trlocglobal,32,0.0001,0.0001,1,32,1,False,0.1,lr1e-04_bs32_modL1_fusion32_fusionL1_fusionBN0_drop0p1__wd1e-04trmiss40_trlocglobal,7,0.629664421081543,0.6918109655380249,0.4861660079051383,0.4882263979324044,0.5111111111111111,0.0,0.0,0.0,0.0,0.0,0.0,0.0,0.0,0.0,,,,,18473,global,0.4
2,2,lr1e-04_bs32_modL1_fusion32_fusionL1_fusionBN0_drop0p1__wd1e-04trmiss40_trlocglobal,32,0.0001,0.0001,1,32,1,False,0.1,lr1e-04_bs32_modL1_fusion32_fusionL1_fusionBN0_drop0p1__wd1e-04trmiss40_trlocglobal,8,0.6207518378893534,0.6911553740501404,0.5,0.49820192349477904,0.5111111111111111,0.0,0.0,0.0,0.0,0.0,0.0,0.0,0.0,0.0,,,,,18473,global,0.4
2,2,lr1e-04_bs32_modL1_fusion32_fusionL1_fusionBN0_drop0p1__wd1e-04trmiss40_trlocglobal,32,0.0001,0.0001,1,32,1,False,0.1,lr1e-04_bs32_modL1_fusion32_fusionL1_fusionBN0_drop0p1__wd1e-04trmiss40_trlocglobal,9,0.6198486685752869,0.6908631026744843,0.5019762845849802,0.49791066493328484,0.5333333333333333,0.0,0.0,0.0,0.0,0.0,0.0,0.0,0.0,0.0,,,,,18473,global,0.4
2,2,lr1e-04_bs32_modL1_fusion32_fusionL1_fusionBN0_drop0p1__wd1e-04trmiss40_trlocglobal,32,0.0001,0.0001,1,32,1,False,0.1,lr1e-04_bs32_modL1_fusion32_fusionL1_fusionBN0_drop0p1__wd1e-04trmiss40_trlocglobal,10,0.6142972409725189,0.6909309029579163,0.5,0.4960662550183568,0.5333333333333333,0.0,0.0,0.0,0.0,0.0,0.0,0.0,0.0,0.0,,,,,18473,global,0.4
2,2,lr1e-04_bs32_modL1_fusion32_fusionL1_fusionBN0_drop0p1__wd1e-04trmiss40_trlocglobal,32,0.0001,0.0001,1,32,1,False,0.1,lr1e-04_bs32_modL1_fusion32_fusionL1_fusionBN0_drop0p1__wd1e-04trmiss40_trlocglobal,11,0.6018284658590952,0.691747635602951,0.5079051383399209,0.5036420125941145,0.5555555555555556,0.0,0.0,0.0,0.0,0.0,0.0,0.0,0.0,0.0,,,,,18473,global,0.4
2,2,lr1e-04_bs32_modL1_fusion32_fusionL1_fusionBN0_drop0p1__wd1e-04trmiss40_trlocglobal,32,0.0001,0.0001,1,32,1,False,0.1,lr1e-04_bs32_modL1_fusion32_fusionL1_fusionBN0_drop0p1__wd1e-04trmiss40_trlocglobal,12,0.6047166685263315,0.6917821168899536,0.5177865612648221,0.5149443994828653,0.5555555555555556,0.0,0.0,0.0,0.0,0.0,0.0,0.0,0.0,0.0,,,,,18473,global,0.4
2,2,lr1e-04_bs32_modL1_fusion32_fusionL1_fusionBN0_drop0p1__wd1e-04trmiss40_trlocglobal,32,0.0001,0.0001,1,32,1,False,0.1,lr1e-04_bs32_modL1_fusion32_fusionL1_fusionBN0_drop0p1__wd1e-04trmiss40_trlocglobal,13,0.5976633826891581,0.6920502185821533,0.5197628458498024,0.5134699077909822,0.5333333333333333,0.0,0.0,0.0,0.0,0.0,0.0,0.0,0.0,0.0,,,,,18473,global,0.4
2,2,lr1e-04_bs32_modL1_fusion32_fusionL1_fusionBN0_drop0p1__wd1e-04trmiss40_trlocglobal,32,0.0001,0.0001,1,32,1,False,0.1,lr1e-04_bs32_modL1_fusion32_fusionL1_fusionBN0_drop0p1__wd1e-04trmiss40_trlocglobal,14,0.5907978812853495,0.6930719912052155,0.5158102766798419,0.5082711646294008,0.5333333333333333,0.0,0.0,0.0,0.0,0.0,0.0,0.0,0.0,0.0,,,,,18473,global,0.4
2,2,lr1e-04_bs32_modL1_fusion32_fusionL1_fusionBN0_drop0p1__wd1e-04trmiss40_trlocglobal,32,0.0001,0.0001,1,32,1,False,0.1,lr1e-04_bs32_modL1_fusion32_fusionL1_fusionBN0_drop0p1__wd1e-04trmiss40_trlocglobal,15,0.5834609170754751,0.6932126581668854,0.5098814229249011,0.5085573768749572,0.5333333333333333,0.0,0.0,0.0,0.0,0.0,0.0,0.0,0.0,0.0,,,,,18473,global,0.4
2,2,lr1e-04_bs32_modL1_fusion32_fusionL1_fusionBN0_drop0p1__wd1e-04trmiss40_trlocglobal,32,0.0001,0.0001,1,32,1,False,0.1,lr1e-04_bs32_modL1_fusion32_fusionL1_fusionBN0_drop0p1__wd1e-04trmiss40_trlocglobal,16,0.5773914953072866,0.693835586309433,0.5098814229249012,0.5097856483697084,0.4888888888888889,0.0,0.0,0.0,0.0,0.0,0.0,0.0,0.0,0.0,,,,,18473,global,0.4
2,2,lr1e-04_bs32_modL1_fusion32_fusionL1_fusionBN0_drop0p1__wd1e-04trmiss40_trlocglobal,32,0.0001,0.0001,1,32,1,False,0.1,lr1e-04_bs32_modL1_fusion32_fusionL1_fusionBN0_drop0p1__wd1e-04trmiss40_trlocglobal,17,0.5708158910274506,0.6941061019897461,0.5059288537549407,0.5032239822012647,0.4888888888888889,0.0,0.0,0.0,0.0,0.0,0.0,0.0,0.0,0.0,,,,,18473,global,0.4
2,2,lr1e-04_bs32_modL1_fusion32_fusionL1_fusionBN0_drop0p1__wd1e-04trmiss40_trlocglobal,32,0.0001,0.0001,1,32,1,False,0.1,lr1e-04_bs32_modL1_fusion32_fusionL1_fusionBN0_drop0p1__wd1e-04trmiss40_trlocglobal,18,0.5676448941230774,0.6951411366462708,0.5059288537549408,0.5011934466668929,0.5111111111111111,0.0,0.0,0.0,0.0,0.0,0.0,0.0,0.0,0.0,,,,,18473,global,0.4
2,2,lr1e-04_bs32_modL1_fusion32_fusionL1_fusionBN0_drop0p1__wd1e-04trmiss40_trlocglobal,32,0.0001,0.0001,1,32,1,False,0.1,lr1e-04_bs32_modL1_fusion32_fusionL1_fusionBN0_drop0p1__wd1e-04trmiss40_trlocglobal,19,0.558058351278305,0.6934780180454254,0.5158102766798419,0.5112256652172293,0.5333333333333333,0.0,0.0,0.0,0.0,0.0,0.0,0.0,0.0,0.0,,,,,18473,global,0.4
2,2,lr1e-04_bs32_modL1_fusion32_fusionL1_fusionBN0_drop0p1__wd1e-04trmiss40_trlocglobal,32,0.0001,0.0001,1,32,1,False,0.1,lr1e-04_bs32_modL1_fusion32_fusionL1_fusionBN0_drop0p1__wd1e-04trmiss40_trlocglobal,20,0.5568191409111023,0.6928664743900299,0.5118577075098814,0.5061140676899503,0.5333333333333333,0.0,0.0,0.0,0.0,0.0,0.0,0.0,0.0,0.0,,,,,18473,global,0.4
2,2,lr1e-04_bs32_modL1_fusion32_fusionL1_fusionBN0_drop0p1__wd1e-04trmiss40_trlocglobal,32,0.0001,0.0001,1,32,1,False,0.1,lr1e-04_bs32_modL1_fusion32_fusionL1_fusionBN0_drop0p1__wd1e-04trmiss40_trlocglobal,21,0.5479097266991934,0.6941323280334473,0.5158102766798419,0.5085259804012344,0.5333333333333333,0.0,0.0,0.0,0.0,0.0,0.0,0.0,0.0,0.0,,,,,18473,global,0.4
2,2,lr1e-04_bs32_modL1_fusion32_fusionL1_fusionBN0_drop0p1__wd1e-04trmiss40_trlocglobal,32,0.0001,0.0001,1,32,1,False,0.1,lr1e-04_bs32_modL1_fusion32_fusionL1_fusionBN0_drop0p1__wd1e-04trmiss40_trlocglobal,22,0.5485156873861948,0.6929696798324585,0.525691699604743,0.5166999514123829,0.5555555555555556,0.0,0.0,0.0,0.0,0.0,0.0,0.0,0.0,0.0,,,,,18473,global,0.4
2,2,lr1e-04_bs32_modL1_fusion32_fusionL1_fusionBN0_drop0p1__wd1e-04trmiss40_trlocglobal,32,0.0001,0.0001,1,32,1,False,0.1,lr1e-04_bs32_modL1_fusion32_fusionL1_fusionBN0_drop0p1__wd1e-04trmiss40_trlocglobal,23,0.5417465567588806,0.6918492317199707,0.5335968379446641,0.526725024249261,0.5333333333333333,0.0,0.0,0.0,0.0,0.0,0.0,0.0,0.0,0.0,,,,,18473,global,0.4
2,2,lr1e-04_bs32_modL1_fusion32_fusionL1_fusionBN0_drop0p1__wd1e-04trmiss40_trlocglobal,32,0.0001,0.0001,1,32,1,False,0.1,lr1e-04_bs32_modL1_fusion32_fusionL1_fusionBN0_drop0p1__wd1e-04trmiss40_trlocglobal,24,0.5312086244424185,0.6934288442134857,0.5217391304347826,0.5208244675610306,0.4888888888888889,0.0,0.0,0.0,0.0,0.0,0.0,0.0,0.0,0.0,,,,,18473,global,0.4
2,2,lr1e-04_bs32_modL1_fusion32_fusionL1_fusionBN0_drop0p1__wd1e-04trmiss40_trlocglobal,32,0.0001,0.0001,1,32,1,False,0.1,lr1e-04_bs32_modL1_fusion32_fusionL1_fusionBN0_drop0p1__wd1e-04trmiss40_trlocglobal,25,0.5229457914829254,0.6962423324584961,0.5197628458498023,0.5159603571245251,0.5333333333333333,0.0,0.0,0.0,0.0,0.0,0.0,0.0,0.0,0.0,,,,,18473,global,0.4
2,2,lr1e-04_bs32_modL1_fusion32_fusionL1_fusionBN0_drop0p1__wd1e-04trmiss40_trlocglobal,32,0.0001,0.0001,1,32,1,False,0.1,lr1e-04_bs32_modL1_fusion32_fusionL1_fusionBN0_drop0p1__wd1e-04trmiss40_trlocglobal,26,0.5234715888897578,0.6955360770225525,0.5177865612648221,0.51239584299427,0.5333333333333333,0.0,0.0,0.0,0.0,0.0,0.0,0.0,0.0,0.0,,,,,18473,global,0.4
2,2,lr1e-04_bs32_modL1_fusion32_fusionL1_fusionBN0_drop0p1__wd1e-04trmiss40_trlocglobal,32,0.0001,0.0001,1,32,1,False,0.1,lr1e-04_bs32_modL1_fusion32_fusionL1_fusionBN0_drop0p1__wd1e-04trmiss40_trlocglobal,27,0.517113616069158,0.6975888311862946,0.5039525691699605,0.5044778817658998,0.5555555555555556,0.0,0.0,0.0,0.0,0.0,0.0,0.0,0.0,0.0,,,,,18473,global,0.4
2,2,lr1e-04_bs32_modL1_fusion32_fusionL1_fusionBN0_drop0p1__wd1e-04trmiss40_trlocglobal,32,0.0001,0.0001,1,32,1,False,0.1,lr1e-04_bs32_modL1_fusion32_fusionL1_fusionBN0_drop0p1__wd1e-04trmiss40_trlocglobal,28,0.5125151723623276,0.6991496682167053,0.5217391304347826,0.5156737742683347,0.5555555555555556,0.0,0.0,0.0,0.0,0.0,0.0,0.0,0.0,0.0,,,,,18473,global,0.4
2,2,lr1e-04_bs32_modL1_fusion32_fusionL1_fusionBN0_drop0p1__wd1e-04trmiss40_trlocglobal,32,0.0001,0.0001,1,32,1,False,0.1,lr1e-04_bs32_modL1_fusion32_fusionL1_fusionBN0_drop0p1__wd1e-04trmiss40_trlocglobal,29,0.49994272987047833,0.697934091091156,0.5197628458498024,0.5134776427921784,0.5555555555555556,0.0,0.0,0.0,0.0,0.0,0.0,0.0,0.0,0.0,,,,,18473,global,0.4
2,2,lr1e-04_bs32_modL1_fusion32_fusionL1_fusionBN0_drop0p1__wd1e-04trmiss40_trlocglobal,32,0.0001,0.0001,1,32,1,False,0.1,lr1e-04_bs32_modL1_fusion32_fusionL1_fusionBN0_drop0p1__wd1e-04trmiss40_trlocglobal,30,0.48763054609298706,0.6989423334598541,0.5197628458498024,0.5142857823526811,0.5555555555555556,0.0,0.0,0.0,0.0,0.0,0.0,0.0,0.0,0.0,,,,,18473,global,0.4
2,2,lr1e-04_bs32_modL1_fusion32_fusionL1_fusionBN0_drop0p1__wd1e-04trmiss40_trlocglobal,32,0.0001,0.0001,1,32,1,False,0.1,lr1e-04_bs32_modL1_fusion32_fusionL1_fusionBN0_drop0p1__wd1e-04trmiss40_trlocglobal,31,0.48693303267161053,0.6996987462043762,0.5197628458498024,0.5142857823526811,0.5333333333333333,0.0,0.0,0.0,0.0,0.0,0.0,0.0,0.0,0.0,,,,,18473,global,0.4
2,2,lr1e-04_bs32_modL1_fusion32_fusionL1_fusionBN0_drop0p1__wd1e-04trmiss40_trlocglobal,32,0.0001,0.0001,1,32,1,False,0.1,lr1e-04_bs32_modL1_fusion32_fusionL1_fusionBN0_drop0p1__wd1e-04trmiss40_trlocglobal,32,0.48343075811862946,0.6983903348445892,0.5276679841897234,0.5294307419383458,0.5555555555555556,0.0,0.0,0.0,0.0,0.0,0.0,0.0,0.0,0.0,,,,,18473,global,0.4
2,2,lr1e-04_bs32_modL1_fusion32_fusionL1_fusionBN0_drop0p1__wd1e-04trmiss40_trlocglobal,32,0.0001,0.0001,1,32,1,False,0.1,lr1e-04_bs32_modL1_fusion32_fusionL1_fusionBN0_drop0p1__wd1e-04trmiss40_trlocglobal,33,0.4836463083823522,0.7043870389461517,0.5197628458498024,0.5141050036083266,0.5555555555555556,0.0,0.0,0.0,0.0,0.0,0.0,0.0,0.0,0.0,,,,,18473,global,0.4
2,2,lr1e-04_bs32_modL1_fusion32_fusionL1_fusionBN0_drop0p1__wd1e-04trmiss40_trlocglobal,32,0.0001,0.0001,1,32,1,False,0.1,lr1e-04_bs32_modL1_fusion32_fusionL1_fusionBN0_drop0p1__wd1e-04trmiss40_trlocglobal,34,0.4714346031347911,0.7051276862621307,0.5197628458498024,0.5145154197847976,0.5111111111111111,0.0,0.0,0.0,0.0,0.0,0.0,0.0,0.0,0.0,,,,,18473,global,0.4
2,2,lr1e-04_bs32_modL1_fusion32_fusionL1_fusionBN0_drop0p1__wd1e-04trmiss40_trlocglobal,32,0.0001,0.0001,1,32,1,False,0.1,lr1e-04_bs32_modL1_fusion32_fusionL1_fusionBN0_drop0p1__wd1e-04trmiss40_trlocglobal,35,0.47666511436303455,0.7038054168224335,0.5138339920948617,0.5162836725133001,0.5111111111111111,0.0,0.0,0.0,0.0,0.0,0.0,0.0,0.0,0.0,,,,,18473,global,0.4
2,2,lr1e-04_bs32_modL1_fusion32_fusionL1_fusionBN0_drop0p1__wd1e-04trmiss40_trlocglobal,32,0.0001,0.0001,1,32,1,False,0.1,lr1e-04_bs32_modL1_fusion32_fusionL1_fusionBN0_drop0p1__wd1e-04trmiss40_trlocglobal,36,0.4584476153055827,0.7079423069953918,0.5177865612648221,0.5169838098153061,0.5333333333333333,0.0,0.0,0.0,0.0,0.0,0.0,0.0,0.0,0.0,,,,,18473,global,0.4
2,2,lr1e-04_bs32_modL1_fusion32_fusionL1_fusionBN0_drop0p1__wd1e-04trmiss40_trlocglobal,32,0.0001,0.0001,1,32,1,False,0.1,lr1e-04_bs32_modL1_fusion32_fusionL1_fusionBN0_drop0p1__wd1e-04trmiss40_trlocglobal,37,0.45623157918453217,0.7123425900936127,0.5019762845849802,0.5059952677163888,0.5111111111111111,0.0,0.0,0.0,0.0,0.0,0.0,0.0,0.0,0.0,,,,,18473,global,0.4
2,2,lr1e-04_bs32_modL1_fusion32_fusionL1_fusionBN0_drop0p1__wd1e-04trmiss40_trlocglobal,32,0.0001,0.0001,1,32,1,False,0.1,lr1e-04_bs32_modL1_fusion32_fusionL1_fusionBN0_drop0p1__wd1e-04trmiss40_trlocglobal,38,0.4534846742947896,0.7098962366580963,0.49604743083003955,0.5129970512850954,0.5111111111111111,0.0,0.0,0.0,0.0,0.0,0.0,0.0,0.0,0.0,,,,,18473,global,0.4
2,2,lr1e-04_bs32_modL1_fusion32_fusionL1_fusionBN0_drop0p1__wd1e-04trmiss40_trlocglobal,32,0.0001,0.0001,1,32,1,False,0.1,lr1e-04_bs32_modL1_fusion32_fusionL1_fusionBN0_drop0p1__wd1e-04trmiss40_trlocglobal,39,0.44707800447940826,0.7145430743694305,0.49604743083003955,0.5115308334484381,0.4888888888888889,0.0,0.0,0.0,0.0,0.0,0.0,0.0,0.0,0.0,,,,,18473,global,0.4
2,2,lr1e-04_bs32_modL1_fusion32_fusionL1_fusionBN0_drop0p1__wd1e-04trmiss40_trlocglobal,32,0.0001,0.0001,1,32,1,False,0.1,lr1e-04_bs32_modL1_fusion32_fusionL1_fusionBN0_drop0p1__wd1e-04trmiss40_trlocglobal,40,0.4444190462430318,0.716961532831192,0.49011857707509887,0.4964299532055903,0.5111111111111111,0.0,0.0,0.0,0.0,0.0,0.0,0.0,0.0,0.0,,,,,18473,global,0.4
2,2,lr1e-04_bs32_modL1_fusion32_fusionL1_fusionBN0_drop0p1__wd1e-04trmiss40_trlocglobal,32,0.0001,0.0001,1,32,1,False,0.1,lr1e-04_bs32_modL1_fusion32_fusionL1_fusionBN0_drop0p1__wd1e-04trmiss40_trlocglobal,41,0.43116611738999683,0.7135859429836273,0.5,0.5069898618165795,0.5111111111111111,0.0,0.0,0.0,0.0,0.0,0.0,0.0,0.0,0.0,,,,,18473,global,0.4
2,2,lr1e-04_bs32_modL1_fusion32_fusionL1_fusionBN0_drop0p1__wd1e-04trmiss40_trlocglobal,32,0.0001,0.0001,1,32,1,False,0.1,lr1e-04_bs32_modL1_fusion32_fusionL1_fusionBN0_drop0p1__wd1e-04trmiss40_trlocglobal,42,0.432492067416509,0.7119079530239105,0.5,0.5132490116942142,0.5111111111111111,0.0,0.0,0.0,0.0,0.0,0.0,0.0,0.0,0.0,,,,,18473,global,0.4
2,2,lr1e-04_bs32_modL1_fusion32_fusionL1_fusionBN0_drop0p1__wd1e-04trmiss40_trlocglobal,32,0.0001,0.0001,1,32,1,False,0.1,lr1e-04_bs32_modL1_fusion32_fusionL1_fusionBN0_drop0p1__wd1e-04trmiss40_trlocglobal,43,0.4322377343972524,0.7127305865287781,0.5,0.5121873038418505,0.5111111111111111,0.0,0.0,0.0,0.0,0.0,0.0,0.0,0.0,0.0,,,,,18473,global,0.4
2,2,lr5e-05_bs32_modL1_fusion16_fusionL1_fusionBN0_drop0p2__wd1e-04trmiss40_trlocglobal,32,5e-05,0.0001,1,16,1,False,0.2,lr5e-05_bs32_modL1_fusion16_fusionL1_fusionBN0_drop0p2__wd1e-04trmiss40_trlocglobal,1,0.6926324268182119,0.6886849701404572,0.49604743083003955,0.5510306935306459,0.5111111111111111,0.0,0.0,0.0,0.0,0.0,0.0,0.0,0.0,0.0,,,,,18473,global,0.4
2,2,lr5e-05_bs32_modL1_fusion16_fusionL1_fusionBN0_drop0p2__wd1e-04trmiss40_trlocglobal,32,5e-05,0.0001,1,16,1,False,0.2,lr5e-05_bs32_modL1_fusion16_fusionL1_fusionBN0_drop0p2__wd1e-04trmiss40_trlocglobal,2,0.6950307985146841,0.6885713040828705,0.5059288537549407,0.5489317000709507,0.5111111111111111,0.0,0.0,0.0,0.0,0.0,0.0,0.0,0.0,0.0,,,,,18473,global,0.4
2,2,lr5e-05_bs32_modL1_fusion16_fusionL1_fusionBN0_drop0p2__wd1e-04trmiss40_trlocglobal,32,5e-05,0.0001,1,16,1,False,0.2,lr5e-05_bs32_modL1_fusion16_fusionL1_fusionBN0_drop0p2__wd1e-04trmiss40_trlocglobal,3,0.6768114368120829,0.6882971525192261,0.49011857707509876,0.514937432846781,0.5111111111111111,0.0,0.0,0.0,0.0,0.0,0.0,0.0,0.0,0.0,,,,,18473,global,0.4
2,2,lr5e-05_bs32_modL1_fusion16_fusionL1_fusionBN0_drop0p2__wd1e-04trmiss40_trlocglobal,32,5e-05,0.0001,1,16,1,False,0.2,lr5e-05_bs32_modL1_fusion16_fusionL1_fusionBN0_drop0p2__wd1e-04trmiss40_trlocglobal,4,0.6714651584625244,0.6883280575275421,0.49011857707509876,0.5149946454426932,0.5777777777777777,0.0,0.0,0.0,0.0,0.0,0.0,0.0,0.0,0.0,,,,,18473,global,0.4
2,2,lr5e-05_bs32_modL1_fusion16_fusionL1_fusionBN0_drop0p2__wd1e-04trmiss40_trlocglobal,32,5e-05,0.0001,1,16,1,False,0.2,lr5e-05_bs32_modL1_fusion16_fusionL1_fusionBN0_drop0p2__wd1e-04trmiss40_trlocglobal,5,0.6745103597640991,0.6885594427585602,0.4940711462450593,0.5161990846077823,0.5555555555555556,0.0,0.0,0.0,0.0,0.0,0.0,0.0,0.0,0.0,,,,,18473,global,0.4
2,2,lr5e-05_bs32_modL1_fusion16_fusionL1_fusionBN0_drop0p2__wd1e-04trmiss40_trlocglobal,32,5e-05,0.0001,1,16,1,False,0.2,lr5e-05_bs32_modL1_fusion16_fusionL1_fusionBN0_drop0p2__wd1e-04trmiss40_trlocglobal,6,0.6611311435699463,0.6879290342330933,0.5,0.5167650353573333,0.5555555555555556,0.0,0.0,0.0,0.0,0.0,0.0,0.0,0.0,0.0,,,,,18473,global,0.4
2,2,lr5e-05_bs32_modL1_fusion16_fusionL1_fusionBN0_drop0p2__wd1e-04trmiss40_trlocglobal,32,5e-05,0.0001,1,16,1,False,0.2,lr5e-05_bs32_modL1_fusion16_fusionL1_fusionBN0_drop0p2__wd1e-04trmiss40_trlocglobal,7,0.6637819906075796,0.6875907480716705,0.5059288537549407,0.516764946728766,0.5555555555555556,0.0,0.0,0.0,0.0,0.0,0.0,0.0,0.0,0.0,,,,,18473,global,0.4
2,2,lr5e-05_bs32_modL1_fusion16_fusionL1_fusionBN0_drop0p2__wd1e-04trmiss40_trlocglobal,32,5e-05,0.0001,1,16,1,False,0.2,lr5e-05_bs32_modL1_fusion16_fusionL1_fusionBN0_drop0p2__wd1e-04trmiss40_trlocglobal,8,0.6522309879461924,0.6877209544181824,0.5217391304347826,0.5203598419308455,0.5555555555555556,0.0,0.0,0.0,0.0,0.0,0.0,0.0,0.0,0.0,,,,,18473,global,0.4
2,2,lr5e-05_bs32_modL1_fusion16_fusionL1_fusionBN0_drop0p2__wd1e-04trmiss40_trlocglobal,32,5e-05,0.0001,1,16,1,False,0.2,lr5e-05_bs32_modL1_fusion16_fusionL1_fusionBN0_drop0p2__wd1e-04trmiss40_trlocglobal,9,0.6476219395796458,0.687995970249176,0.5197628458498024,0.5189639619865785,0.5555555555555556,0.0,0.0,0.0,0.0,0.0,0.0,0.0,0.0,0.0,,,,,18473,global,0.4
2,2,lr5e-05_bs32_modL1_fusion16_fusionL1_fusionBN0_drop0p2__wd1e-04trmiss40_trlocglobal,32,5e-05,0.0001,1,16,1,False,0.2,lr5e-05_bs32_modL1_fusion16_fusionL1_fusionBN0_drop0p2__wd1e-04trmiss40_trlocglobal,10,0.6473231216271719,0.6873063743114471,0.5276679841897233,0.524881670014105,0.5555555555555556,0.0,0.0,0.0,0.0,0.0,0.0,0.0,0.0,0.0,,,,,18473,global,0.4
2,2,lr5e-05_bs32_modL1_fusion16_fusionL1_fusionBN0_drop0p2__wd1e-04trmiss40_trlocglobal,32,5e-05,0.0001,1,16,1,False,0.2,lr5e-05_bs32_modL1_fusion16_fusionL1_fusionBN0_drop0p2__wd1e-04trmiss40_trlocglobal,11,0.6351518829663595,0.6860149204730988,0.541501976284585,0.5315762804516266,0.5555555555555556,0.0,0.0,0.0,0.0,0.0,0.0,0.0,0.0,0.0,,,,,18473,global,0.4
2,2,lr5e-05_bs32_modL1_fusion16_fusionL1_fusionBN0_drop0p2__wd1e-04trmiss40_trlocglobal,32,5e-05,0.0001,1,16,1,False,0.2,lr5e-05_bs32_modL1_fusion16_fusionL1_fusionBN0_drop0p2__wd1e-04trmiss40_trlocglobal,12,0.6347447236378988,0.6854760646820068,0.549407114624506,0.5321603614666655,0.5555555555555556,0.0,0.0,0.0,0.0,0.0,0.0,0.0,0.0,0.0,,,,,18473,global,0.4
2,2,lr5e-05_bs32_modL1_fusion16_fusionL1_fusionBN0_drop0p2__wd1e-04trmiss40_trlocglobal,32,5e-05,0.0001,1,16,1,False,0.2,lr5e-05_bs32_modL1_fusion16_fusionL1_fusionBN0_drop0p2__wd1e-04trmiss40_trlocglobal,13,0.6408918102582296,0.6851197779178619,0.5553359683794467,0.5331455368847856,0.5333333333333333,0.0,0.0,0.0,0.0,0.0,0.0,0.0,0.0,0.0,,,,,18473,global,0.4
2,2,lr5e-05_bs32_modL1_fusion16_fusionL1_fusionBN0_drop0p2__wd1e-04trmiss40_trlocglobal,32,5e-05,0.0001,1,16,1,False,0.2,lr5e-05_bs32_modL1_fusion16_fusionL1_fusionBN0_drop0p2__wd1e-04trmiss40_trlocglobal,14,0.6318601071834564,0.6848821938037872,0.5632411067193677,0.5373364000004165,0.5111111111111111,0.0,0.0,0.0,0.0,0.0,0.0,0.0,0.0,0.0,,,,,18473,global,0.4
2,2,lr5e-05_bs32_modL1_fusion16_fusionL1_fusionBN0_drop0p2__wd1e-04trmiss40_trlocglobal,32,5e-05,0.0001,1,16,1,False,0.2,lr5e-05_bs32_modL1_fusion16_fusionL1_fusionBN0_drop0p2__wd1e-04trmiss40_trlocglobal,15,0.620009183883667,0.68520188331604,0.5513833992094861,0.5305120962056619,0.5111111111111111,0.0,0.0,0.0,0.0,0.0,0.0,0.0,0.0,0.0,,,,,18473,global,0.4
2,2,lr5e-05_bs32_modL1_fusion16_fusionL1_fusionBN0_drop0p2__wd1e-04trmiss40_trlocglobal,32,5e-05,0.0001,1,16,1,False,0.2,lr5e-05_bs32_modL1_fusion16_fusionL1_fusionBN0_drop0p2__wd1e-04trmiss40_trlocglobal,16,0.6206574440002441,0.6849232316017151,0.5513833992094862,0.5311262655294124,0.5111111111111111,0.0,0.0,0.0,0.0,0.0,0.0,0.0,0.0,0.0,,,,,18473,global,0.4
2,2,lr5e-05_bs32_modL1_fusion16_fusionL1_fusionBN0_drop0p2__wd1e-04trmiss40_trlocglobal,32,5e-05,0.0001,1,16,1,False,0.2,lr5e-05_bs32_modL1_fusion16_fusionL1_fusionBN0_drop0p2__wd1e-04trmiss40_trlocglobal,17,0.6258002519607544,0.684138685464859,0.5592885375494071,0.5362923948307243,0.5333333333333333,0.0,0.0,0.0,0.0,0.0,0.0,0.0,0.0,0.0,,,,,18473,global,0.4
2,2,lr5e-05_bs32_modL1_fusion16_fusionL1_fusionBN0_drop0p2__wd1e-04trmiss40_trlocglobal,32,5e-05,0.0001,1,16,1,False,0.2,lr5e-05_bs32_modL1_fusion16_fusionL1_fusionBN0_drop0p2__wd1e-04trmiss40_trlocglobal,18,0.6164679626623789,0.6848954558372498,0.5553359683794467,0.5320736520931336,0.5333333333333333,0.0,0.0,0.0,0.0,0.0,0.0,0.0,0.0,0.0,,,,,18473,global,0.4
2,2,lr5e-05_bs32_modL1_fusion16_fusionL1_fusionBN0_drop0p2__wd1e-04trmiss40_trlocglobal,32,5e-05,0.0001,1,16,1,False,0.2,lr5e-05_bs32_modL1_fusion16_fusionL1_fusionBN0_drop0p2__wd1e-04trmiss40_trlocglobal,19,0.625733902057012,0.6857742667198181,0.5553359683794467,0.531476936881579,0.5333333333333333,0.0,0.0,0.0,0.0,0.0,0.0,0.0,0.0,0.0,,,,,18473,global,0.4
2,2,lr5e-05_bs32_modL1_fusion16_fusionL1_fusionBN0_drop0p2__wd1e-04trmiss40_trlocglobal,32,5e-05,0.0001,1,16,1,False,0.2,lr5e-05_bs32_modL1_fusion16_fusionL1_fusionBN0_drop0p2__wd1e-04trmiss40_trlocglobal,20,0.6054890255133311,0.6849262118339539,0.5474308300395256,0.5257476739210646,0.5555555555555556,0.0,0.0,0.0,0.0,0.0,0.0,0.0,0.0,0.0,,,,,18473,global,0.4
2,2,lr5e-05_bs32_modL1_fusion16_fusionL1_fusionBN0_drop0p2__wd1e-04trmiss40_trlocglobal,32,5e-05,0.0001,1,16,1,False,0.2,lr5e-05_bs32_modL1_fusion16_fusionL1_fusionBN0_drop0p2__wd1e-04trmiss40_trlocglobal,21,0.6020917991797129,0.6844159364700317,0.5474308300395256,0.5265698661177308,0.5555555555555556,0.0,0.0,0.0,0.0,0.0,0.0,0.0,0.0,0.0,,,,,18473,global,0.4
2,2,lr5e-05_bs32_modL1_fusion16_fusionL1_fusionBN0_drop0p2__wd1e-04trmiss40_trlocglobal,32,5e-05,0.0001,1,16,1,False,0.2,lr5e-05_bs32_modL1_fusion16_fusionL1_fusionBN0_drop0p2__wd1e-04trmiss40_trlocglobal,22,0.6135179897149404,0.6841908395290375,0.5395256916996047,0.5210367760999477,0.5777777777777777,0.0,0.0,0.0,0.0,0.0,0.0,0.0,0.0,0.0,,,,,18473,global,0.4
2,2,lr5e-05_bs32_modL1_fusion16_fusionL1_fusionBN0_drop0p2__wd1e-04trmiss40_trlocglobal,32,5e-05,0.0001,1,16,1,False,0.2,lr5e-05_bs32_modL1_fusion16_fusionL1_fusionBN0_drop0p2__wd1e-04trmiss40_trlocglobal,23,0.6139082908630371,0.6840786039829254,0.541501976284585,0.5204598912928954,0.5777777777777777,0.0,0.0,0.0,0.0,0.0,0.0,0.0,0.0,0.0,,,,,18473,global,0.4
2,2,lr5e-05_bs32_modL1_fusion16_fusionL1_fusionBN0_drop0p2__wd1e-04trmiss40_trlocglobal,32,5e-05,0.0001,1,16,1,False,0.2,lr5e-05_bs32_modL1_fusion16_fusionL1_fusionBN0_drop0p2__wd1e-04trmiss40_trlocglobal,24,0.6082417666912079,0.6851432621479034,0.5375494071146245,0.5165477370298323,0.5555555555555556,0.0,0.0,0.0,0.0,0.0,0.0,0.0,0.0,0.0,,,,,18473,global,0.4
2,2,lr5e-05_bs32_modL1_fusion16_fusionL1_fusionBN0_drop0p2__wd1e-04trmiss40_trlocglobal,32,5e-05,0.0001,1,16,1,False,0.2,lr5e-05_bs32_modL1_fusion16_fusionL1_fusionBN0_drop0p2__wd1e-04trmiss40_trlocglobal,25,0.6146447459856669,0.6863328218460083,0.5276679841897234,0.5116481822871758,0.5555555555555556,0.0,0.0,0.0,0.0,0.0,0.0,0.0,0.0,0.0,,,,,18473,global,0.4
2,2,lr5e-05_bs32_modL1_fusion16_fusionL1_fusionBN0_drop0p2__wd1e-04trmiss40_trlocglobal,32,5e-05,0.0001,1,16,1,False,0.2,lr5e-05_bs32_modL1_fusion16_fusionL1_fusionBN0_drop0p2__wd1e-04trmiss40_trlocglobal,26,0.5988758603731791,0.6861592233181,0.5217391304347826,0.5089762372064042,0.5555555555555556,0.0,0.0,0.0,0.0,0.0,0.0,0.0,0.0,0.0,,,,,18473,global,0.4
2,2,lr5e-05_bs32_modL1_fusion16_fusionL1_fusionBN0_drop0p2__wd1e-04trmiss40_trlocglobal,32,5e-05,0.0001,1,16,1,False,0.2,lr5e-05_bs32_modL1_fusion16_fusionL1_fusionBN0_drop0p2__wd1e-04trmiss40_trlocglobal,27,0.5992194215456644,0.6851545572280884,0.5237154150197628,0.5104049023179338,0.5555555555555556,0.0,0.0,0.0,0.0,0.0,0.0,0.0,0.0,0.0,,,,,18473,global,0.4
2,2,lr5e-05_bs32_modL1_fusion16_fusionL1_fusionBN0_drop0p2__wd1e-04trmiss40_trlocglobal,32,5e-05,0.0001,1,16,1,False,0.2,lr5e-05_bs32_modL1_fusion16_fusionL1_fusionBN0_drop0p2__wd1e-04trmiss40_trlocglobal,28,0.5949219862620035,0.6848061978816986,0.5177865612648221,0.506524287990829,0.5555555555555556,0.0,0.0,0.0,0.0,0.0,0.0,0.0,0.0,0.0,,,,,18473,global,0.4
2,2,lr5e-05_bs32_modL1_fusion16_fusionL1_fusionBN0_drop0p2__wd1e-04trmiss40_trlocglobal,32,5e-05,0.0001,1,16,1,False,0.2,lr5e-05_bs32_modL1_fusion16_fusionL1_fusionBN0_drop0p2__wd1e-04trmiss40_trlocglobal,29,0.5959105590979258,0.6844384670257568,0.5217391304347826,0.5091545635389909,0.5777777777777777,0.0,0.0,0.0,0.0,0.0,0.0,0.0,0.0,0.0,,,,,18473,global,0.4
2,2,lr5e-05_bs32_modL1_fusion16_fusionL1_fusionBN0_drop0p2__wd1e-04trmiss40_trlocglobal,32,5e-05,0.0001,1,16,1,False,0.2,lr5e-05_bs32_modL1_fusion16_fusionL1_fusionBN0_drop0p2__wd1e-04trmiss40_trlocglobal,30,0.5925723612308502,0.6837952733039856,0.5276679841897234,0.5137242882460152,0.5555555555555556,0.0,0.0,0.0,0.0,0.0,0.0,0.0,0.0,0.0,,,,,18473,global,0.4
2,2,lr5e-05_bs32_modL1_fusion16_fusionL1_fusionBN0_drop0p2__wd1e-04trmiss40_trlocglobal,32,5e-05,0.0001,1,16,1,False,0.2,lr5e-05_bs32_modL1_fusion16_fusionL1_fusionBN0_drop0p2__wd1e-04trmiss40_trlocglobal,31,0.5879569351673126,0.6845234930515289,0.5276679841897233,0.513801264409948,0.5555555555555556,0.0,0.0,0.0,0.0,0.0,0.0,0.0,0.0,0.0,,,,,18473,global,0.4
2,2,lr5e-05_bs32_modL1_fusion16_fusionL1_fusionBN0_drop0p2__wd1e-04trmiss40_trlocglobal,32,5e-05,0.0001,1,16,1,False,0.2,lr5e-05_bs32_modL1_fusion16_fusionL1_fusionBN0_drop0p2__wd1e-04trmiss40_trlocglobal,32,0.5753689706325531,0.6849744617938995,0.5237154150197629,0.5106396575889136,0.5777777777777777,0.0,0.0,0.0,0.0,0.0,0.0,0.0,0.0,0.0,,,,,18473,global,0.4
2,2,lr5e-05_bs32_modL1_fusion16_fusionL1_fusionBN0_drop0p2__wd1e-04trmiss40_trlocglobal,32,5e-05,0.0001,1,16,1,False,0.2,lr5e-05_bs32_modL1_fusion16_fusionL1_fusionBN0_drop0p2__wd1e-04trmiss40_trlocglobal,33,0.5859644214312235,0.6867677569389343,0.5138339920948617,0.5051566271602691,0.5555555555555556,0.0,0.0,0.0,0.0,0.0,0.0,0.0,0.0,0.0,,,,,18473,global,0.4
2,2,lr5e-05_bs32_modL1_fusion16_fusionL1_fusionBN0_drop0p2__wd1e-04trmiss40_trlocglobal,32,5e-05,0.0001,1,16,1,False,0.2,lr5e-05_bs32_modL1_fusion16_fusionL1_fusionBN0_drop0p2__wd1e-04trmiss40_trlocglobal,34,0.5873277088006338,0.6866872012615204,0.5138339920948617,0.5057537626101394,0.5555555555555556,0.0,0.0,0.0,0.0,0.0,0.0,0.0,0.0,0.0,,,,,18473,global,0.4
2,2,lr5e-05_bs32_modL1_fusion16_fusionL1_fusionBN0_drop0p1__wd1e-04trmiss40_trlocglobal,32,5e-05,0.0001,1,16,1,False,0.1,lr5e-05_bs32_modL1_fusion16_fusionL1_fusionBN0_drop0p1__wd1e-04trmiss40_trlocglobal,1,0.7004745999972025,0.6891594231128693,0.5454545454545454,0.5893627103184448,0.5555555555555556,0.0,0.0,0.0,0.0,0.0,0.0,0.0,0.0,0.0,,,,,18473,global,0.4
2,2,lr5e-05_bs32_modL1_fusion16_fusionL1_fusionBN0_drop0p1__wd1e-04trmiss40_trlocglobal,32,5e-05,0.0001,1,16,1,False,0.1,lr5e-05_bs32_modL1_fusion16_fusionL1_fusionBN0_drop0p1__wd1e-04trmiss40_trlocglobal,2,0.69252942999204,0.6893320381641388,0.5474308300395256,0.595587579837731,0.5777777777777777,0.0,0.0,0.0,0.0,0.0,0.0,0.0,0.0,0.0,,,,,18473,global,0.4
2,2,lr5e-05_bs32_modL1_fusion16_fusionL1_fusionBN0_drop0p1__wd1e-04trmiss40_trlocglobal,32,5e-05,0.0001,1,16,1,False,0.1,lr5e-05_bs32_modL1_fusion16_fusionL1_fusionBN0_drop0p1__wd1e-04trmiss40_trlocglobal,3,0.6862502793471018,0.6902097165584564,0.5276679841897234,0.5718681448606608,0.5555555555555556,0.0,0.0,0.0,0.0,0.0,0.0,0.0,0.0,0.0,,,,,18473,global,0.4
2,2,lr5e-05_bs32_modL1_fusion16_fusionL1_fusionBN0_drop0p1__wd1e-04trmiss40_trlocglobal,32,5e-05,0.0001,1,16,1,False,0.1,lr5e-05_bs32_modL1_fusion16_fusionL1_fusionBN0_drop0p1__wd1e-04trmiss40_trlocglobal,4,0.6795711716016134,0.6903720498085022,0.5217391304347826,0.5679509264034712,0.5555555555555556,0.0,0.0,0.0,0.0,0.0,0.0,0.0,0.0,0.0,,,,,18473,global,0.4
2,2,lr5e-05_bs32_modL1_fusion16_fusionL1_fusionBN0_drop0p1__wd1e-04trmiss40_trlocglobal,32,5e-05,0.0001,1,16,1,False,0.1,lr5e-05_bs32_modL1_fusion16_fusionL1_fusionBN0_drop0p1__wd1e-04trmiss40_trlocglobal,5,0.6767642796039581,0.6890718936920166,0.5316205533596838,0.56961478056187,0.5777777777777777,0.0,0.0,0.0,0.0,0.0,0.0,0.0,0.0,0.0,,,,,18473,global,0.4
2,2,lr5e-05_bs32_modL1_fusion16_fusionL1_fusionBN0_drop0p1__wd1e-04trmiss40_trlocglobal,32,5e-05,0.0001,1,16,1,False,0.1,lr5e-05_bs32_modL1_fusion16_fusionL1_fusionBN0_drop0p1__wd1e-04trmiss40_trlocglobal,6,0.6696544885635376,0.6884489059448242,0.5375494071146245,0.5658946822669837,0.5555555555555556,0.0,0.0,0.0,0.0,0.0,0.0,0.0,0.0,0.0,,,,,18473,global,0.4
2,2,lr5e-05_bs32_modL1_fusion16_fusionL1_fusionBN0_drop0p1__wd1e-04trmiss40_trlocglobal,32,5e-05,0.0001,1,16,1,False,0.1,lr5e-05_bs32_modL1_fusion16_fusionL1_fusionBN0_drop0p1__wd1e-04trmiss40_trlocglobal,7,0.6620230376720428,0.6877196133136749,0.5375494071146245,0.5651269917863513,0.5777777777777777,0.0,0.0,0.0,0.0,0.0,0.0,0.0,0.0,0.0,,,,,18473,global,0.4
2,2,lr5e-05_bs32_modL1_fusion16_fusionL1_fusionBN0_drop0p1__wd1e-04trmiss40_trlocglobal,32,5e-05,0.0001,1,16,1,False,0.1,lr5e-05_bs32_modL1_fusion16_fusionL1_fusionBN0_drop0p1__wd1e-04trmiss40_trlocglobal,8,0.6547399461269379,0.6870510578155518,0.5434782608695652,0.5684146920581911,0.5777777777777777,0.0,0.0,0.0,0.0,0.0,0.0,0.0,0.0,0.0,,,,,18473,global,0.4
2,2,lr5e-05_bs32_modL1_fusion16_fusionL1_fusionBN0_drop0p1__wd1e-04trmiss40_trlocglobal,32,5e-05,0.0001,1,16,1,False,0.1,lr5e-05_bs32_modL1_fusion16_fusionL1_fusionBN0_drop0p1__wd1e-04trmiss40_trlocglobal,9,0.6591432392597198,0.6873492300510406,0.541501976284585,0.5580411572083565,0.5555555555555556,0.0,0.0,0.0,0.0,0.0,0.0,0.0,0.0,0.0,,,,,18473,global,0.4
2,2,lr5e-05_bs32_modL1_fusion16_fusionL1_fusionBN0_drop0p1__wd1e-04trmiss40_trlocglobal,32,5e-05,0.0001,1,16,1,False,0.1,lr5e-05_bs32_modL1_fusion16_fusionL1_fusionBN0_drop0p1__wd1e-04trmiss40_trlocglobal,10,0.6495424012343088,0.6870875954627991,0.5316205533596838,0.5509994522920014,0.5555555555555556,0.0,0.0,0.0,0.0,0.0,0.0,0.0,0.0,0.0,,,,,18473,global,0.4
2,2,lr5e-05_bs32_modL1_fusion16_fusionL1_fusionBN0_drop0p1__wd1e-04trmiss40_trlocglobal,32,5e-05,0.0001,1,16,1,False,0.1,lr5e-05_bs32_modL1_fusion16_fusionL1_fusionBN0_drop0p1__wd1e-04trmiss40_trlocglobal,11,0.6477912565072378,0.6871892511844635,0.5296442687747036,0.5462726527488978,0.5555555555555556,0.0,0.0,0.0,0.0,0.0,0.0,0.0,0.0,0.0,,,,,18473,global,0.4
2,2,lr5e-05_bs32_modL1_fusion16_fusionL1_fusionBN0_drop0p1__wd1e-04trmiss40_trlocglobal,32,5e-05,0.0001,1,16,1,False,0.1,lr5e-05_bs32_modL1_fusion16_fusionL1_fusionBN0_drop0p1__wd1e-04trmiss40_trlocglobal,12,0.6459926962852478,0.6882655024528503,0.5158102766798419,0.5434394353371149,0.6,0.0,0.0,0.0,0.0,0.0,0.0,0.0,0.0,0.0,,,,,18473,global,0.4
2,2,lr5e-05_bs32_modL1_fusion16_fusionL1_fusionBN0_drop0p1__wd1e-04trmiss40_trlocglobal,32,5e-05,0.0001,1,16,1,False,0.1,lr5e-05_bs32_modL1_fusion16_fusionL1_fusionBN0_drop0p1__wd1e-04trmiss40_trlocglobal,13,0.6419211427370707,0.687882125377655,0.5177865612648221,0.5444907889404534,0.6,0.0,0.0,0.0,0.0,0.0,0.0,0.0,0.0,0.0,,,,,18473,global,0.4
2,2,lr5e-05_bs32_modL1_fusion16_fusionL1_fusionBN0_drop0p1__wd1e-04trmiss40_trlocglobal,32,5e-05,0.0001,1,16,1,False,0.1,lr5e-05_bs32_modL1_fusion16_fusionL1_fusionBN0_drop0p1__wd1e-04trmiss40_trlocglobal,14,0.6352427303791046,0.6882521510124207,0.5197628458498024,0.5423723324568959,0.6,0.0,0.0,0.0,0.0,0.0,0.0,0.0,0.0,0.0,,,,,18473,global,0.4
2,2,lr5e-05_bs32_modL1_fusion16_fusionL1_fusionBN0_drop0p1__wd1e-04trmiss40_trlocglobal,32,5e-05,0.0001,1,16,1,False,0.1,lr5e-05_bs32_modL1_fusion16_fusionL1_fusionBN0_drop0p1__wd1e-04trmiss40_trlocglobal,15,0.6293209791183472,0.6880152821540833,0.5197628458498024,0.5396404577721879,0.6,0.0,0.0,0.0,0.0,0.0,0.0,0.0,0.0,0.0,,,,,18473,global,0.4
2,2,lr5e-05_bs32_modL1_fusion16_fusionL1_fusionBN0_drop0p1__wd1e-04trmiss40_trlocglobal,32,5e-05,0.0001,1,16,1,False,0.1,lr5e-05_bs32_modL1_fusion16_fusionL1_fusionBN0_drop0p1__wd1e-04trmiss40_trlocglobal,16,0.6367198427518209,0.6865620911121368,0.5197628458498024,0.5408860324071438,0.6,0.0,0.0,0.0,0.0,0.0,0.0,0.0,0.0,0.0,,,,,18473,global,0.4
2,2,lr5e-05_bs32_modL1_fusion16_fusionL1_fusionBN0_drop0p1__wd1e-04trmiss40_trlocglobal,32,5e-05,0.0001,1,16,1,False,0.1,lr5e-05_bs32_modL1_fusion16_fusionL1_fusionBN0_drop0p1__wd1e-04trmiss40_trlocglobal,17,0.6312355895837148,0.6854677200317383,0.5355731225296443,0.5623636467522368,0.6,0.0,0.0,0.0,0.0,0.0,0.0,0.0,0.0,0.0,,,,,18473,global,0.4
2,2,lr5e-05_bs32_modL1_fusion16_fusionL1_fusionBN0_drop0p1__wd1e-04trmiss40_trlocglobal,32,5e-05,0.0001,1,16,1,False,0.1,lr5e-05_bs32_modL1_fusion16_fusionL1_fusionBN0_drop0p1__wd1e-04trmiss40_trlocglobal,18,0.6256515185038248,0.6859331429004669,0.5434782608695652,0.5665254431532079,0.6,0.0,0.0,0.0,0.0,0.0,0.0,0.0,0.0,0.0,,,,,18473,global,0.4
2,2,lr5e-05_bs32_modL1_fusion16_fusionL1_fusionBN0_drop0p1__wd1e-04trmiss40_trlocglobal,32,5e-05,0.0001,1,16,1,False,0.1,lr5e-05_bs32_modL1_fusion16_fusionL1_fusionBN0_drop0p1__wd1e-04trmiss40_trlocglobal,19,0.6254798769950867,0.6867968440055847,0.541501976284585,0.5628163988493281,0.6,0.0,0.0,0.0,0.0,0.0,0.0,0.0,0.0,0.0,,,,,18473,global,0.4
2,2,lr5e-05_bs32_modL1_fusion16_fusionL1_fusionBN0_drop0p1__wd1e-04trmiss40_trlocglobal,32,5e-05,0.0001,1,16,1,False,0.1,lr5e-05_bs32_modL1_fusion16_fusionL1_fusionBN0_drop0p1__wd1e-04trmiss40_trlocglobal,20,0.6190595825513204,0.6869415640830994,0.5296442687747036,0.5432519298029329,0.6,0.0,0.0,0.0,0.0,0.0,0.0,0.0,0.0,0.0,,,,,18473,global,0.4
2,2,lr5e-05_bs32_modL1_fusion16_fusionL1_fusionBN0_drop0p1__wd1e-04trmiss40_trlocglobal,32,5e-05,0.0001,1,16,1,False,0.1,lr5e-05_bs32_modL1_fusion16_fusionL1_fusionBN0_drop0p1__wd1e-04trmiss40_trlocglobal,21,0.6230483253796896,0.6869693994522095,0.5237154150197628,0.5424590108249989,0.6,0.0,0.0,0.0,0.0,0.0,0.0,0.0,0.0,0.0,,,,,18473,global,0.4
2,2,lr5e-05_bs32_modL1_fusion16_fusionL1_fusionBN0_drop0p1__wd1e-04trmiss40_trlocglobal,32,5e-05,0.0001,1,16,1,False,0.1,lr5e-05_bs32_modL1_fusion16_fusionL1_fusionBN0_drop0p1__wd1e-04trmiss40_trlocglobal,22,0.6169079144795736,0.6873802244663239,0.5079051383399209,0.5264610397888119,0.6,0.0,0.0,0.0,0.0,0.0,0.0,0.0,0.0,0.0,,,,,18473,global,0.4
2,2,lr5e-05_bs32_modL1_fusion16_fusionL1_fusionBN0_drop0p1__wd1e-04trmiss40_trlocglobal,32,5e-05,0.0001,1,16,1,False,0.1,lr5e-05_bs32_modL1_fusion16_fusionL1_fusionBN0_drop0p1__wd1e-04trmiss40_trlocglobal,23,0.6166041791439056,0.6878417432308197,0.5197628458498024,0.5494150415185574,0.6,0.0,0.0,0.0,0.0,0.0,0.0,0.0,0.0,0.0,,,,,18473,global,0.4
2,2,lr5e-05_bs32_modL1_fusion16_fusionL1_fusionBN0_drop0p1__wd1e-04trmiss40_trlocglobal,32,5e-05,0.0001,1,16,1,False,0.1,lr5e-05_bs32_modL1_fusion16_fusionL1_fusionBN0_drop0p1__wd1e-04trmiss40_trlocglobal,24,0.6136690974235535,0.6881653368473053,0.5197628458498024,0.5509194953214361,0.6,0.0,0.0,0.0,0.0,0.0,0.0,0.0,0.0,0.0,,,,,18473,global,0.4
2,2,lr5e-05_bs32_modL1_fusion16_fusionL1_fusionBN0_drop0p1__wd1e-04trmiss40_trlocglobal,32,5e-05,0.0001,1,16,1,False,0.1,lr5e-05_bs32_modL1_fusion16_fusionL1_fusionBN0_drop0p1__wd1e-04trmiss40_trlocglobal,25,0.612829347451528,0.6890253722667694,0.5079051383399209,0.5287258832881756,0.6,0.0,0.0,0.0,0.0,0.0,0.0,0.0,0.0,0.0,,,,,18473,global,0.4
2,2,lr5e-05_bs32_modL1_fusion16_fusionL1_fusionBN0_drop0p1__wd1e-04trmiss40_trlocglobal,32,5e-05,0.0001,1,16,1,False,0.1,lr5e-05_bs32_modL1_fusion16_fusionL1_fusionBN0_drop0p1__wd1e-04trmiss40_trlocglobal,26,0.6136063834031423,0.6894771158695221,0.5098814229249012,0.5296775072640499,0.6,0.0,0.0,0.0,0.0,0.0,0.0,0.0,0.0,0.0,,,,,18473,global,0.4
2,2,lr5e-05_bs32_modL1_fusion16_fusionL1_fusionBN0_drop0p1__wd1e-04trmiss40_trlocglobal,32,5e-05,0.0001,1,16,1,False,0.1,lr5e-05_bs32_modL1_fusion16_fusionL1_fusionBN0_drop0p1__wd1e-04trmiss40_trlocglobal,27,0.6050894757111868,0.690521776676178,0.5138339920948617,0.5307005104718825,0.6,0.0,0.0,0.0,0.0,0.0,0.0,0.0,0.0,0.0,,,,,18473,global,0.4
2,2,lr5e-05_bs32_modL1_fusion16_fusionL1_fusionBN0_drop0p1__wd1e-04trmiss40_trlocglobal,32,5e-05,0.0001,1,16,1,False,0.1,lr5e-05_bs32_modL1_fusion16_fusionL1_fusionBN0_drop0p1__wd1e-04trmiss40_trlocglobal,28,0.6046934922536215,0.6909245252609253,0.507905138339921,0.5208413876223037,0.5777777777777777,0.0,0.0,0.0,0.0,0.0,0.0,0.0,0.0,0.0,,,,,18473,global,0.4
2,2,lr5e-05_bs32_modL1_fusion16_fusionL1_fusionBN0_drop0p1__wd1e-04trmiss40_trlocglobal,32,5e-05,0.0001,1,16,1,False,0.1,lr5e-05_bs32_modL1_fusion16_fusionL1_fusionBN0_drop0p1__wd1e-04trmiss40_trlocglobal,29,0.6031488378842672,0.690742701292038,0.49604743083003955,0.4828496691958027,0.5777777777777777,0.0,0.0,0.0,0.0,0.0,0.0,0.0,0.0,0.0,,,,,18473,global,0.4
2,2,lr5e-05_bs32_modL1_fusion16_fusionL1_fusionBN0_drop0p1__wd1e-04trmiss40_trlocglobal,32,5e-05,0.0001,1,16,1,False,0.1,lr5e-05_bs32_modL1_fusion16_fusionL1_fusionBN0_drop0p1__wd1e-04trmiss40_trlocglobal,30,0.6026037832101186,0.6901479959487915,0.5,0.4835337109284378,0.5777777777777777,0.0,0.0,0.0,0.0,0.0,0.0,0.0,0.0,0.0,,,,,18473,global,0.4
2,2,lr5e-05_bs32_modL1_fusion16_fusionL1_fusionBN0_drop0p1__wd1e-04trmiss40_trlocglobal,32,5e-05,0.0001,1,16,1,False,0.1,lr5e-05_bs32_modL1_fusion16_fusionL1_fusionBN0_drop0p1__wd1e-04trmiss40_trlocglobal,31,0.5977116127808889,0.6901060938835144,0.49604743083003955,0.4850512893649956,0.5777777777777777,0.0,0.0,0.0,0.0,0.0,0.0,0.0,0.0,0.0,,,,,18473,global,0.4
2,2,lr5e-05_bs32_modL1_fusion16_fusionL1_fusionBN0_drop0p1__wd1e-04trmiss40_trlocglobal,32,5e-05,0.0001,1,16,1,False,0.1,lr5e-05_bs32_modL1_fusion16_fusionL1_fusionBN0_drop0p1__wd1e-04trmiss40_trlocglobal,32,0.5963040292263031,0.6905254423618317,0.5,0.4903144472597324,0.5777777777777777,0.0,0.0,0.0,0.0,0.0,0.0,0.0,0.0,0.0,,,,,18473,global,0.4
2,2,lr5e-05_bs32_modL1_fusion16_fusionL1_fusionBN0_drop0p1__wd1e-04trmiss40_trlocglobal,32,5e-05,0.0001,1,16,1,False,0.1,lr5e-05_bs32_modL1_fusion16_fusionL1_fusionBN0_drop0p1__wd1e-04trmiss40_trlocglobal,33,0.599029411872228,0.6896786987781525,0.4980237154150198,0.49110384042951355,0.6,0.0,0.0,0.0,0.0,0.0,0.0,0.0,0.0,0.0,,,,,18473,global,0.4
2,2,lr5e-05_bs32_modL1_fusion16_fusionL1_fusionBN0_drop0p1__wd1e-04trmiss40_trlocglobal,32,5e-05,0.0001,1,16,1,False,0.1,lr5e-05_bs32_modL1_fusion16_fusionL1_fusionBN0_drop0p1__wd1e-04trmiss40_trlocglobal,34,0.5955861210823059,0.6897976100444794,0.49802371541501983,0.4843233021272361,0.6,0.0,0.0,0.0,0.0,0.0,0.0,0.0,0.0,0.0,,,,,18473,global,0.4
2,2,lr5e-05_bs32_modL1_fusion16_fusionL1_fusionBN0_drop0p1__wd1e-04trmiss40_trlocglobal,32,5e-05,0.0001,1,16,1,False,0.1,lr5e-05_bs32_modL1_fusion16_fusionL1_fusionBN0_drop0p1__wd1e-04trmiss40_trlocglobal,35,0.5885615050792694,0.6909810304641724,0.49011857707509887,0.48358066334784944,0.5777777777777777,0.0,0.0,0.0,0.0,0.0,0.0,0.0,0.0,0.0,,,,,18473,global,0.4
2,2,lr5e-05_bs32_modL1_fusion16_fusionL1_fusionBN0_drop0p1__wd1e-04trmiss40_trlocglobal,32,5e-05,0.0001,1,16,1,False,0.1,lr5e-05_bs32_modL1_fusion16_fusionL1_fusionBN0_drop0p1__wd1e-04trmiss40_trlocglobal,36,0.5940125485261282,0.6912908852100372,0.49011857707509887,0.4831261867533941,0.6,0.0,0.0,0.0,0.0,0.0,0.0,0.0,0.0,0.0,,,,,18473,global,0.4
2,2,lr5e-05_bs32_modL1_fusion16_fusionL1_fusionBN0_drop0p1__wd1e-04trmiss40_trlocglobal,32,5e-05,0.0001,1,16,1,False,0.1,lr5e-05_bs32_modL1_fusion16_fusionL1_fusionBN0_drop0p1__wd1e-04trmiss40_trlocglobal,37,0.5860773424307505,0.6918679773807526,0.48221343873517786,0.4804365688934203,0.6,0.0,0.0,0.0,0.0,0.0,0.0,0.0,0.0,0.0,,,,,18473,global,0.4
2,2,lr5e-05_bs32_modL1_fusion16_fusionL1_fusionBN0_drop0p1__wd1e-04trmiss40_trlocglobal,32,5e-05,0.0001,1,16,1,False,0.1,lr5e-05_bs32_modL1_fusion16_fusionL1_fusionBN0_drop0p1__wd1e-04trmiss40_trlocglobal,38,0.5871150890986124,0.6930851936340332,0.4881422924901186,0.4862401110460673,0.6,0.0,0.0,0.0,0.0,0.0,0.0,0.0,0.0,0.0,,,,,18473,global,0.4
2,2,lr5e-05_bs32_modL1_fusion32_fusionL1_fusionBN0_drop0p2__wd1e-04trmiss40_trlocglobal,32,5e-05,0.0001,1,32,1,False,0.2,lr5e-05_bs32_modL1_fusion32_fusionL1_fusionBN0_drop0p2__wd1e-04trmiss40_trlocglobal,1,0.703262855609258,0.7005624771118164,0.5059288537549407,0.5049191703852293,0.4888888888888889,0.0,0.0,0.0,0.0,0.0,0.0,0.0,0.0,0.0,,,,,18473,global,0.4
2,2,lr5e-05_bs32_modL1_fusion32_fusionL1_fusionBN0_drop0p2__wd1e-04trmiss40_trlocglobal,32,5e-05,0.0001,1,32,1,False,0.2,lr5e-05_bs32_modL1_fusion32_fusionL1_fusionBN0_drop0p2__wd1e-04trmiss40_trlocglobal,2,0.6945368349552155,0.7003568112850189,0.5039525691699605,0.4980684800497974,0.4222222222222222,0.0,0.0,0.0,0.0,0.0,0.0,0.0,0.0,0.0,,,,,18473,global,0.4
2,2,lr5e-05_bs32_modL1_fusion32_fusionL1_fusionBN0_drop0p2__wd1e-04trmiss40_trlocglobal,32,5e-05,0.0001,1,32,1,False,0.2,lr5e-05_bs32_modL1_fusion32_fusionL1_fusionBN0_drop0p2__wd1e-04trmiss40_trlocglobal,3,0.6883035898208618,0.7006714642047882,0.5019762845849802,0.4979775749721575,0.4,0.0,0.0,0.0,0.0,0.0,0.0,0.0,0.0,0.0,,,,,18473,global,0.4
2,2,lr5e-05_bs32_modL1_fusion32_fusionL1_fusionBN0_drop0p2__wd1e-04trmiss40_trlocglobal,32,5e-05,0.0001,1,32,1,False,0.2,lr5e-05_bs32_modL1_fusion32_fusionL1_fusionBN0_drop0p2__wd1e-04trmiss40_trlocglobal,4,0.6804864704608917,0.7012044489383698,0.48616600790513836,0.4910225279911404,0.4,0.0,0.0,0.0,0.0,0.0,0.0,0.0,0.0,0.0,,,,,18473,global,0.4
2,2,lr5e-05_bs32_modL1_fusion32_fusionL1_fusionBN0_drop0p2__wd1e-04trmiss40_trlocglobal,32,5e-05,0.0001,1,32,1,False,0.2,lr5e-05_bs32_modL1_fusion32_fusionL1_fusionBN0_drop0p2__wd1e-04trmiss40_trlocglobal,5,0.6780666410923004,0.7015452086925507,0.48023715415019763,0.4884144135168522,0.4,0.0,0.0,0.0,0.0,0.0,0.0,0.0,0.0,0.0,,,,,18473,global,0.4
2,2,lr5e-05_bs32_modL1_fusion32_fusionL1_fusionBN0_drop0p2__wd1e-04trmiss40_trlocglobal,32,5e-05,0.0001,1,32,1,False,0.2,lr5e-05_bs32_modL1_fusion32_fusionL1_fusionBN0_drop0p2__wd1e-04trmiss40_trlocglobal,6,0.6678329805533091,0.7016448676586151,0.4881422924901186,0.4945349770007655,0.37777777777777777,0.0,0.0,0.0,0.0,0.0,0.0,0.0,0.0,0.0,,,,,18473,global,0.4
2,2,lr5e-05_bs32_modL1_fusion32_fusionL1_fusionBN0_drop0p2__wd1e-04trmiss40_trlocglobal,32,5e-05,0.0001,1,32,1,False,0.2,lr5e-05_bs32_modL1_fusion32_fusionL1_fusionBN0_drop0p2__wd1e-04trmiss40_trlocglobal,7,0.668341318766276,0.7007141709327698,0.49011857707509887,0.4964520112547562,0.4,0.0,0.0,0.0,0.0,0.0,0.0,0.0,0.0,0.0,,,,,18473,global,0.4
2,2,lr5e-05_bs32_modL1_fusion32_fusionL1_fusionBN0_drop0p2__wd1e-04trmiss40_trlocglobal,32,5e-05,0.0001,1,32,1,False,0.2,lr5e-05_bs32_modL1_fusion32_fusionL1_fusionBN0_drop0p2__wd1e-04trmiss40_trlocglobal,8,0.653282642364502,0.6993751525878906,0.4980237154150198,0.5043266915912619,0.4444444444444444,0.0,0.0,0.0,0.0,0.0,0.0,0.0,0.0,0.0,,,,,18473,global,0.4
2,2,lr5e-05_bs32_modL1_fusion32_fusionL1_fusionBN0_drop0p2__wd1e-04trmiss40_trlocglobal,32,5e-05,0.0001,1,32,1,False,0.2,lr5e-05_bs32_modL1_fusion32_fusionL1_fusionBN0_drop0p2__wd1e-04trmiss40_trlocglobal,9,0.6587071816126505,0.6995660662651062,0.4901185770750988,0.4976383605075793,0.4444444444444444,0.0,0.0,0.0,0.0,0.0,0.0,0.0,0.0,0.0,,,,,18473,global,0.4
2,2,lr5e-05_bs32_modL1_fusion32_fusionL1_fusionBN0_drop0p2__wd1e-04trmiss40_trlocglobal,32,5e-05,0.0001,1,32,1,False,0.2,lr5e-05_bs32_modL1_fusion32_fusionL1_fusionBN0_drop0p2__wd1e-04trmiss40_trlocglobal,10,0.6551459630330404,0.6990683078765869,0.49999999999999994,0.5107357162110994,0.4444444444444444,0.0,0.0,0.0,0.0,0.0,0.0,0.0,0.0,0.0,,,,,18473,global,0.4
2,2,lr5e-05_bs32_modL1_fusion32_fusionL1_fusionBN0_drop0p2__wd1e-04trmiss40_trlocglobal,32,5e-05,0.0001,1,32,1,False,0.2,lr5e-05_bs32_modL1_fusion32_fusionL1_fusionBN0_drop0p2__wd1e-04trmiss40_trlocglobal,11,0.6421738266944885,0.7004114091396332,0.4901185770750988,0.49684576439825434,0.4444444444444444,0.0,0.0,0.0,0.0,0.0,0.0,0.0,0.0,0.0,,,,,18473,global,0.4
2,2,lr5e-05_bs32_modL1_fusion32_fusionL1_fusionBN0_drop0p2__wd1e-04trmiss40_trlocglobal,32,5e-05,0.0001,1,32,1,False,0.2,lr5e-05_bs32_modL1_fusion32_fusionL1_fusionBN0_drop0p2__wd1e-04trmiss40_trlocglobal,12,0.6410117348035177,0.7016638517379761,0.4723320158102767,0.4867009892974023,0.4666666666666667,0.0,0.0,0.0,0.0,0.0,0.0,0.0,0.0,0.0,,,,,18473,global,0.4
2,2,lr5e-05_bs32_modL1_fusion32_fusionL1_fusionBN0_drop0p2__wd1e-04trmiss40_trlocglobal,32,5e-05,0.0001,1,32,1,False,0.2,lr5e-05_bs32_modL1_fusion32_fusionL1_fusionBN0_drop0p2__wd1e-04trmiss40_trlocglobal,13,0.6400422354539236,0.702084481716156,0.4762845849802371,0.48388767460512616,0.4666666666666667,0.0,0.0,0.0,0.0,0.0,0.0,0.0,0.0,0.0,,,,,18473,global,0.4
2,2,lr5e-05_bs32_modL1_fusion32_fusionL1_fusionBN0_drop0p2__wd1e-04trmiss40_trlocglobal,32,5e-05,0.0001,1,32,1,False,0.2,lr5e-05_bs32_modL1_fusion32_fusionL1_fusionBN0_drop0p2__wd1e-04trmiss40_trlocglobal,14,0.6294642686843872,0.7027366459369659,0.46837944664031617,0.4850743829751499,0.4,0.0,0.0,0.0,0.0,0.0,0.0,0.0,0.0,0.0,,,,,18473,global,0.4
2,2,lr5e-05_bs32_modL1_fusion32_fusionL1_fusionBN0_drop0p2__wd1e-04trmiss40_trlocglobal,32,5e-05,0.0001,1,32,1,False,0.2,lr5e-05_bs32_modL1_fusion32_fusionL1_fusionBN0_drop0p2__wd1e-04trmiss40_trlocglobal,15,0.6322213510672251,0.7024695575237274,0.4683794466403162,0.48234142998406326,0.4222222222222222,0.0,0.0,0.0,0.0,0.0,0.0,0.0,0.0,0.0,,,,,18473,global,0.4
2,2,lr5e-05_bs32_modL1_fusion32_fusionL1_fusionBN0_drop0p2__wd1e-04trmiss40_trlocglobal,32,5e-05,0.0001,1,32,1,False,0.2,lr5e-05_bs32_modL1_fusion32_fusionL1_fusionBN0_drop0p2__wd1e-04trmiss40_trlocglobal,16,0.6238587399323782,0.7021768987178802,0.46640316205533594,0.48104729445011934,0.4222222222222222,0.0,0.0,0.0,0.0,0.0,0.0,0.0,0.0,0.0,,,,,18473,global,0.4
2,2,lr5e-05_bs32_modL1_fusion32_fusionL1_fusionBN0_drop0p2__wd1e-04trmiss40_trlocglobal,32,5e-05,0.0001,1,32,1,False,0.2,lr5e-05_bs32_modL1_fusion32_fusionL1_fusionBN0_drop0p2__wd1e-04trmiss40_trlocglobal,17,0.6211246649424235,0.7020952701568604,0.4644268774703557,0.47906472190572086,0.4222222222222222,0.0,0.0,0.0,0.0,0.0,0.0,0.0,0.0,0.0,,,,,18473,global,0.4
2,2,lr5e-05_bs32_modL1_fusion32_fusionL1_fusionBN0_drop0p2__wd1e-04trmiss40_trlocglobal,32,5e-05,0.0001,1,32,1,False,0.2,lr5e-05_bs32_modL1_fusion32_fusionL1_fusionBN0_drop0p2__wd1e-04trmiss40_trlocglobal,18,0.6173861622810364,0.7022845149040222,0.4624505928853755,0.4724678618178122,0.4444444444444444,0.0,0.0,0.0,0.0,0.0,0.0,0.0,0.0,0.0,,,,,18473,global,0.4
2,2,lr5e-05_bs32_modL1_fusion32_fusionL1_fusionBN0_drop0p2__wd1e-04trmiss40_trlocglobal,32,5e-05,0.0001,1,32,1,False,0.2,lr5e-05_bs32_modL1_fusion32_fusionL1_fusionBN0_drop0p2__wd1e-04trmiss40_trlocglobal,19,0.6185576816399893,0.7008272409439087,0.4762845849802372,0.48574069648320617,0.4222222222222222,0.0,0.0,0.0,0.0,0.0,0.0,0.0,0.0,0.0,,,,,18473,global,0.4
2,2,lr5e-05_bs32_modL1_fusion32_fusionL1_fusionBN0_drop0p2__wd1e-04trmiss40_trlocglobal,32,5e-05,0.0001,1,32,1,False,0.2,lr5e-05_bs32_modL1_fusion32_fusionL1_fusionBN0_drop0p2__wd1e-04trmiss40_trlocglobal,20,0.6150526106357574,0.699950248003006,0.48221343873517786,0.4878013391912883,0.4222222222222222,0.0,0.0,0.0,0.0,0.0,0.0,0.0,0.0,0.0,,,,,18473,global,0.4
2,2,lr5e-05_bs32_modL1_fusion32_fusionL1_fusionBN0_drop0p2__wd1e-04trmiss40_trlocglobal,32,5e-05,0.0001,1,32,1,False,0.2,lr5e-05_bs32_modL1_fusion32_fusionL1_fusionBN0_drop0p2__wd1e-04trmiss40_trlocglobal,21,0.6182521482308706,0.699501246213913,0.48023715415019763,0.4860626248330813,0.37777777777777777,0.0,0.0,0.0,0.0,0.0,0.0,0.0,0.0,0.0,,,,,18473,global,0.4
2,2,lr5e-05_bs32_modL1_fusion32_fusionL1_fusionBN0_drop0p2__wd1e-04trmiss40_trlocglobal,32,5e-05,0.0001,1,32,1,False,0.2,lr5e-05_bs32_modL1_fusion32_fusionL1_fusionBN0_drop0p2__wd1e-04trmiss40_trlocglobal,22,0.6077550450960795,0.6979444324970245,0.49209486166007904,0.49527656149503313,0.4444444444444444,0.0,0.0,0.0,0.0,0.0,0.0,0.0,0.0,0.0,,,,,18473,global,0.4
2,2,lr5e-05_bs32_modL1_fusion32_fusionL1_fusionBN0_drop0p2__wd1e-04trmiss40_trlocglobal,32,5e-05,0.0001,1,32,1,False,0.2,lr5e-05_bs32_modL1_fusion32_fusionL1_fusionBN0_drop0p2__wd1e-04trmiss40_trlocglobal,23,0.6064983805020651,0.6976807713508606,0.4920948616600791,0.49615406202575163,0.4666666666666667,0.0,0.0,0.0,0.0,0.0,0.0,0.0,0.0,0.0,,,,,18473,global,0.4
2,2,lr5e-05_bs32_modL1_fusion32_fusionL1_fusionBN0_drop0p2__wd1e-04trmiss40_trlocglobal,32,5e-05,0.0001,1,32,1,False,0.2,lr5e-05_bs32_modL1_fusion32_fusionL1_fusionBN0_drop0p2__wd1e-04trmiss40_trlocglobal,24,0.6109526554743449,0.6990106701850891,0.4940711462450593,0.4958292023629293,0.4222222222222222,0.0,0.0,0.0,0.0,0.0,0.0,0.0,0.0,0.0,,,,,18473,global,0.4
2,2,lr5e-05_bs32_modL1_fusion32_fusionL1_fusionBN0_drop0p2__wd1e-04trmiss40_trlocglobal,32,5e-05,0.0001,1,32,1,False,0.2,lr5e-05_bs32_modL1_fusion32_fusionL1_fusionBN0_drop0p2__wd1e-04trmiss40_trlocglobal,25,0.5947560469309489,0.6999185085296631,0.4861660079051383,0.4834759866166354,0.4222222222222222,0.0,0.0,0.0,0.0,0.0,0.0,0.0,0.0,0.0,,,,,18473,global,0.4
2,2,lr5e-05_bs32_modL1_fusion32_fusionL1_fusionBN0_drop0p2__wd1e-04trmiss40_trlocglobal,32,5e-05,0.0001,1,32,1,False,0.2,lr5e-05_bs32_modL1_fusion32_fusionL1_fusionBN0_drop0p2__wd1e-04trmiss40_trlocglobal,26,0.5931453208128611,0.7000979483127594,0.49604743083003955,0.494305894619523,0.4222222222222222,0.0,0.0,0.0,0.0,0.0,0.0,0.0,0.0,0.0,,,,,18473,global,0.4
2,2,lr5e-05_bs32_modL1_fusion32_fusionL1_fusionBN0_drop0p2__wd1e-04trmiss40_trlocglobal,32,5e-05,0.0001,1,32,1,False,0.2,lr5e-05_bs32_modL1_fusion32_fusionL1_fusionBN0_drop0p2__wd1e-04trmiss40_trlocglobal,27,0.5932269990444183,0.6992981135845184,0.5039525691699605,0.4923042489222252,0.4444444444444444,0.0,0.0,0.0,0.0,0.0,0.0,0.0,0.0,0.0,,,,,18473,global,0.4
2,2,lr5e-05_bs32_modL1_fusion32_fusionL1_fusionBN0_drop0p2__wd1e-04trmiss40_trlocglobal,32,5e-05,0.0001,1,32,1,False,0.2,lr5e-05_bs32_modL1_fusion32_fusionL1_fusionBN0_drop0p2__wd1e-04trmiss40_trlocglobal,28,0.6027612189451853,0.6985342502593994,0.5059288537549407,0.49648338021904764,0.4222222222222222,0.0,0.0,0.0,0.0,0.0,0.0,0.0,0.0,0.0,,,,,18473,global,0.4
2,2,lr5e-05_bs32_modL1_fusion32_fusionL1_fusionBN0_drop0p2__wd1e-04trmiss40_trlocglobal,32,5e-05,0.0001,1,32,1,False,0.2,lr5e-05_bs32_modL1_fusion32_fusionL1_fusionBN0_drop0p2__wd1e-04trmiss40_trlocglobal,29,0.5812190572420756,0.6970290541648865,0.5217391304347826,0.507400713211357,0.4222222222222222,0.0,0.0,0.0,0.0,0.0,0.0,0.0,0.0,0.0,,,,,18473,global,0.4
2,2,lr5e-05_bs32_modL1_fusion32_fusionL1_fusionBN0_drop0p2__wd1e-04trmiss40_trlocglobal,32,5e-05,0.0001,1,32,1,False,0.2,lr5e-05_bs32_modL1_fusion32_fusionL1_fusionBN0_drop0p2__wd1e-04trmiss40_trlocglobal,30,0.5787937740484873,0.6967532634735107,0.5177865612648221,0.5103977197556218,0.4444444444444444,0.0,0.0,0.0,0.0,0.0,0.0,0.0,0.0,0.0,,,,,18473,global,0.4
2,2,lr5e-05_bs32_modL1_fusion32_fusionL1_fusionBN0_drop0p2__wd1e-04trmiss40_trlocglobal,32,5e-05,0.0001,1,32,1,False,0.2,lr5e-05_bs32_modL1_fusion32_fusionL1_fusionBN0_drop0p2__wd1e-04trmiss40_trlocglobal,31,0.5740585426489512,0.696513444185257,0.5118577075098815,0.504834864736245,0.4444444444444444,0.0,0.0,0.0,0.0,0.0,0.0,0.0,0.0,0.0,,,,,18473,global,0.4
2,2,lr5e-05_bs32_modL1_fusion32_fusionL1_fusionBN0_drop0p2__wd1e-04trmiss40_trlocglobal,32,5e-05,0.0001,1,32,1,False,0.2,lr5e-05_bs32_modL1_fusion32_fusionL1_fusionBN0_drop0p2__wd1e-04trmiss40_trlocglobal,32,0.5849036475022634,0.6981950402259827,0.5,0.49518223540012424,0.4444444444444444,0.0,0.0,0.0,0.0,0.0,0.0,0.0,0.0,0.0,,,,,18473,global,0.4
2,2,lr5e-05_bs32_modL1_fusion32_fusionL1_fusionBN0_drop0p2__wd1e-04trmiss40_trlocglobal,32,5e-05,0.0001,1,32,1,False,0.2,lr5e-05_bs32_modL1_fusion32_fusionL1_fusionBN0_drop0p2__wd1e-04trmiss40_trlocglobal,33,0.5646721422672272,0.6976211965084076,0.5039525691699605,0.4982440286793088,0.4444444444444444,0.0,0.0,0.0,0.0,0.0,0.0,0.0,0.0,0.0,,,,,18473,global,0.4
2,2,lr5e-05_bs32_modL1_fusion32_fusionL1_fusionBN0_drop0p2__wd1e-04trmiss40_trlocglobal,32,5e-05,0.0001,1,32,1,False,0.2,lr5e-05_bs32_modL1_fusion32_fusionL1_fusionBN0_drop0p2__wd1e-04trmiss40_trlocglobal,34,0.5597014625867208,0.6977167129516602,0.5059288537549407,0.5016342978304474,0.4666666666666667,0.0,0.0,0.0,0.0,0.0,0.0,0.0,0.0,0.0,,,,,18473,global,0.4
2,2,lr5e-05_bs32_modL1_fusion32_fusionL1_fusionBN0_drop0p2__wd1e-04trmiss40_trlocglobal,32,5e-05,0.0001,1,32,1,False,0.2,lr5e-05_bs32_modL1_fusion32_fusionL1_fusionBN0_drop0p2__wd1e-04trmiss40_trlocglobal,35,0.5633298059304556,0.6993516683578491,0.4901185770750988,0.48716820836435804,0.4222222222222222,0.0,0.0,0.0,0.0,0.0,0.0,0.0,0.0,0.0,,,,,18473,global,0.4
2,2,lr5e-05_bs32_modL1_fusion32_fusionL1_fusionBN0_drop0p2__wd1e-04trmiss40_trlocglobal,32,5e-05,0.0001,1,32,1,False,0.2,lr5e-05_bs32_modL1_fusion32_fusionL1_fusionBN0_drop0p2__wd1e-04trmiss40_trlocglobal,36,0.5758577485879263,0.7012371122837067,0.4901185770750988,0.48280459776353507,0.4,0.0,0.0,0.0,0.0,0.0,0.0,0.0,0.0,0.0,,,,,18473,global,0.4
2,2,lr5e-05_bs32_modL1_fusion32_fusionL1_fusionBN0_drop0p2__wd1e-04trmiss40_trlocglobal,32,5e-05,0.0001,1,32,1,False,0.2,lr5e-05_bs32_modL1_fusion32_fusionL1_fusionBN0_drop0p2__wd1e-04trmiss40_trlocglobal,37,0.5732269187768301,0.7002007365226746,0.4980237154150198,0.4873393681934462,0.4222222222222222,0.0,0.0,0.0,0.0,0.0,0.0,0.0,0.0,0.0,,,,,18473,global,0.4
2,2,lr5e-05_bs32_modL1_fusion32_fusionL1_fusionBN0_drop0p2__wd1e-04trmiss40_trlocglobal,32,5e-05,0.0001,1,32,1,False,0.2,lr5e-05_bs32_modL1_fusion32_fusionL1_fusionBN0_drop0p2__wd1e-04trmiss40_trlocglobal,38,0.563543289899826,0.7003903985023499,0.4960474308300395,0.48654643563580774,0.4,0.0,0.0,0.0,0.0,0.0,0.0,0.0,0.0,0.0,,,,,18473,global,0.4
2,2,lr5e-05_bs32_modL1_fusion32_fusionL1_fusionBN0_drop0p2__wd1e-04trmiss40_trlocglobal,32,5e-05,0.0001,1,32,1,False,0.2,lr5e-05_bs32_modL1_fusion32_fusionL1_fusionBN0_drop0p2__wd1e-04trmiss40_trlocglobal,39,0.5633532404899597,0.6997456550598145,0.4980237154150197,0.4880282848764401,0.4222222222222222,0.0,0.0,0.0,0.0,0.0,0.0,0.0,0.0,0.0,,,,,18473,global,0.4
2,2,lr5e-05_bs32_modL1_fusion32_fusionL1_fusionBN0_drop0p2__wd1e-04trmiss40_trlocglobal,32,5e-05,0.0001,1,32,1,False,0.2,lr5e-05_bs32_modL1_fusion32_fusionL1_fusionBN0_drop0p2__wd1e-04trmiss40_trlocglobal,40,0.550247977177302,0.6992293298244476,0.4960474308300395,0.49033819434747494,0.4222222222222222,0.0,0.0,0.0,0.0,0.0,0.0,0.0,0.0,0.0,,,,,18473,global,0.4
2,2,lr5e-05_bs32_modL1_fusion32_fusionL1_fusionBN0_drop0p2__wd1e-04trmiss40_trlocglobal,32,5e-05,0.0001,1,32,1,False,0.2,lr5e-05_bs32_modL1_fusion32_fusionL1_fusionBN0_drop0p2__wd1e-04trmiss40_trlocglobal,41,0.5666938523451487,0.7005608379840851,0.4960474308300395,0.49029688016293826,0.4222222222222222,0.0,0.0,0.0,0.0,0.0,0.0,0.0,0.0,0.0,,,,,18473,global,0.4
2,2,lr5e-05_bs32_modL1_fusion32_fusionL1_fusionBN0_drop0p2__wd1e-04trmiss40_trlocglobal,32,5e-05,0.0001,1,32,1,False,0.2,lr5e-05_bs32_modL1_fusion32_fusionL1_fusionBN0_drop0p2__wd1e-04trmiss40_trlocglobal,42,0.5533508062362671,0.7003964781761169,0.5,0.4930455295916443,0.4444444444444444,0.0,0.0,0.0,0.0,0.0,0.0,0.0,0.0,0.0,,,,,18473,global,0.4
2,2,lr5e-05_bs32_modL1_fusion32_fusionL1_fusionBN0_drop0p2__wd1e-04trmiss40_trlocglobal,32,5e-05,0.0001,1,32,1,False,0.2,lr5e-05_bs32_modL1_fusion32_fusionL1_fusionBN0_drop0p2__wd1e-04trmiss40_trlocglobal,43,0.5546329617500305,0.7001705169677734,0.4980237154150198,0.4934830133222026,0.4444444444444444,0.0,0.0,0.0,0.0,0.0,0.0,0.0,0.0,0.0,,,,,18473,global,0.4
2,2,lr5e-05_bs32_modL1_fusion32_fusionL1_fusionBN0_drop0p2__wd1e-04trmiss40_trlocglobal,32,5e-05,0.0001,1,32,1,False,0.2,lr5e-05_bs32_modL1_fusion32_fusionL1_fusionBN0_drop0p2__wd1e-04trmiss40_trlocglobal,44,0.5486543377240499,0.7000545263290405,0.49407114624505927,0.48997927068802516,0.4222222222222222,0.0,0.0,0.0,0.0,0.0,0.0,0.0,0.0,0.0,,,,,18473,global,0.4
2,2,lr5e-05_bs32_modL1_fusion32_fusionL1_fusionBN0_drop0p2__wd1e-04trmiss40_trlocglobal,32,5e-05,0.0001,1,32,1,False,0.2,lr5e-05_bs32_modL1_fusion32_fusionL1_fusionBN0_drop0p2__wd1e-04trmiss40_trlocglobal,45,0.5481050709883372,0.700451672077179,0.4841897233201581,0.4822213846416517,0.4444444444444444,0.0,0.0,0.0,0.0,0.0,0.0,0.0,0.0,0.0,,,,,18473,global,0.4
2,2,lr5e-05_bs32_modL1_fusion32_fusionL1_fusionBN0_drop0p2__wd1e-04trmiss40_trlocglobal,32,5e-05,0.0001,1,32,1,False,0.2,lr5e-05_bs32_modL1_fusion32_fusionL1_fusionBN0_drop0p2__wd1e-04trmiss40_trlocglobal,46,0.5470217963059744,0.6994400322437286,0.5079051383399209,0.49257955467324593,0.4666666666666667,0.0,0.0,0.0,0.0,0.0,0.0,0.0,0.0,0.0,,,,,18473,global,0.4
2,2,lr5e-05_bs32_modL1_fusion32_fusionL1_fusionBN0_drop0p2__wd1e-04trmiss40_trlocglobal,32,5e-05,0.0001,1,32,1,False,0.2,lr5e-05_bs32_modL1_fusion32_fusionL1_fusionBN0_drop0p2__wd1e-04trmiss40_trlocglobal,47,0.5464106599489847,0.7000459432601929,0.4940711462450593,0.4885790779834846,0.4444444444444444,0.0,0.0,0.0,0.0,0.0,0.0,0.0,0.0,0.0,,,,,18473,global,0.4
2,2,lr5e-05_bs32_modL1_fusion32_fusionL1_fusionBN0_drop0p2__wd1e-04trmiss40_trlocglobal,32,5e-05,0.0001,1,32,1,False,0.2,lr5e-05_bs32_modL1_fusion32_fusionL1_fusionBN0_drop0p2__wd1e-04trmiss40_trlocglobal,48,0.543544868628184,0.6997378468513489,0.5,0.4884425967055307,0.4666666666666667,0.0,0.0,0.0,0.0,0.0,0.0,0.0,0.0,0.0,,,,,18473,global,0.4
2,2,lr5e-05_bs32_modL1_fusion32_fusionL1_fusionBN0_drop0p2__wd1e-04trmiss40_trlocglobal,32,5e-05,0.0001,1,32,1,False,0.2,lr5e-05_bs32_modL1_fusion32_fusionL1_fusionBN0_drop0p2__wd1e-04trmiss40_trlocglobal,49,0.5402773320674896,0.6989873051643372,0.5098814229249011,0.49714217858129495,0.4444444444444444,0.0,0.0,0.0,0.0,0.0,0.0,0.0,0.0,0.0,,,,,18473,global,0.4
2,2,lr5e-05_bs32_modL1_fusion32_fusionL1_fusionBN0_drop0p1__wd1e-04trmiss40_trlocglobal,32,5e-05,0.0001,1,32,1,False,0.1,lr5e-05_bs32_modL1_fusion32_fusionL1_fusionBN0_drop0p1__wd1e-04trmiss40_trlocglobal,1,0.7096317311127981,0.702399730682373,0.4110671936758893,0.5844975435874166,0.5333333333333333,0.0,0.0,0.0,0.0,0.0,0.0,0.0,0.0,0.0,,,,,18473,global,0.4
2,2,lr5e-05_bs32_modL1_fusion32_fusionL1_fusionBN0_drop0p1__wd1e-04trmiss40_trlocglobal,32,5e-05,0.0001,1,32,1,False,0.1,lr5e-05_bs32_modL1_fusion32_fusionL1_fusionBN0_drop0p1__wd1e-04trmiss40_trlocglobal,2,0.6855105956395467,0.7049804329872131,0.40909090909090906,0.546265738595826,0.4888888888888889,0.0,0.0,0.0,0.0,0.0,0.0,0.0,0.0,0.0,,,,,18473,global,0.4
2,2,lr5e-05_bs32_modL1_fusion32_fusionL1_fusionBN0_drop0p1__wd1e-04trmiss40_trlocglobal,32,5e-05,0.0001,1,32,1,False,0.1,lr5e-05_bs32_modL1_fusion32_fusionL1_fusionBN0_drop0p1__wd1e-04trmiss40_trlocglobal,3,0.6790878077348074,0.7059918642044067,0.4189723320158103,0.4991545335089263,0.4666666666666667,0.0,0.0,0.0,0.0,0.0,0.0,0.0,0.0,0.0,,,,,18473,global,0.4
2,2,lr5e-05_bs32_modL1_fusion32_fusionL1_fusionBN0_drop0p1__wd1e-04trmiss40_trlocglobal,32,5e-05,0.0001,1,32,1,False,0.1,lr5e-05_bs32_modL1_fusion32_fusionL1_fusionBN0_drop0p1__wd1e-04trmiss40_trlocglobal,4,0.6688378850618998,0.7070645689964294,0.424901185770751,0.49310821237731217,0.4444444444444444,0.0,0.0,0.0,0.0,0.0,0.0,0.0,0.0,0.0,,,,,18473,global,0.4
2,2,lr5e-05_bs32_modL1_fusion32_fusionL1_fusionBN0_drop0p1__wd1e-04trmiss40_trlocglobal,32,5e-05,0.0001,1,32,1,False,0.1,lr5e-05_bs32_modL1_fusion32_fusionL1_fusionBN0_drop0p1__wd1e-04trmiss40_trlocglobal,5,0.662176787853241,0.7083223760128021,0.4229249011857707,0.49656372845968133,0.4666666666666667,0.0,0.0,0.0,0.0,0.0,0.0,0.0,0.0,0.0,,,,,18473,global,0.4
2,2,lr5e-05_bs32_modL1_fusion32_fusionL1_fusionBN0_drop0p1__wd1e-04trmiss40_trlocglobal,32,5e-05,0.0001,1,32,1,False,0.1,lr5e-05_bs32_modL1_fusion32_fusionL1_fusionBN0_drop0p1__wd1e-04trmiss40_trlocglobal,6,0.6531355281670889,0.7078326344490051,0.4407114624505929,0.5055101898522761,0.4444444444444444,0.0,0.0,0.0,0.0,0.0,0.0,0.0,0.0,0.0,,,,,18473,global,0.4
2,2,lr5e-05_bs32_modL1_fusion32_fusionL1_fusionBN0_drop0p1__wd1e-04trmiss40_trlocglobal,32,5e-05,0.0001,1,32,1,False,0.1,lr5e-05_bs32_modL1_fusion32_fusionL1_fusionBN0_drop0p1__wd1e-04trmiss40_trlocglobal,7,0.6450899640719095,0.7074693143367767,0.450592885375494,0.5085684535883349,0.4444444444444444,0.0,0.0,0.0,0.0,0.0,0.0,0.0,0.0,0.0,,,,,18473,global,0.4
2,2,lr5e-05_bs32_modL1_fusion32_fusionL1_fusionBN0_drop0p1__wd1e-04trmiss40_trlocglobal,32,5e-05,0.0001,1,32,1,False,0.1,lr5e-05_bs32_modL1_fusion32_fusionL1_fusionBN0_drop0p1__wd1e-04trmiss40_trlocglobal,8,0.6355343163013458,0.7062291502952576,0.4545454545454546,0.5167030340423421,0.4666666666666667,0.0,0.0,0.0,0.0,0.0,0.0,0.0,0.0,0.0,,,,,18473,global,0.4
2,2,lr5e-05_bs32_modL1_fusion32_fusionL1_fusionBN0_drop0p1__wd1e-04trmiss40_trlocglobal,32,5e-05,0.0001,1,32,1,False,0.1,lr5e-05_bs32_modL1_fusion32_fusionL1_fusionBN0_drop0p1__wd1e-04trmiss40_trlocglobal,9,0.6422987778981527,0.7049463391304016,0.4624505928853755,0.5159053854500331,0.5111111111111111,0.0,0.0,0.0,0.0,0.0,0.0,0.0,0.0,0.0,,,,,18473,global,0.4
2,2,lr5e-05_bs32_modL1_fusion32_fusionL1_fusionBN0_drop0p1__wd1e-04trmiss40_trlocglobal,32,5e-05,0.0001,1,32,1,False,0.1,lr5e-05_bs32_modL1_fusion32_fusionL1_fusionBN0_drop0p1__wd1e-04trmiss40_trlocglobal,10,0.6324351727962494,0.704600989818573,0.47035573122529645,0.516711819721604,0.5555555555555556,0.0,0.0,0.0,0.0,0.0,0.0,0.0,0.0,0.0,,,,,18473,global,0.4
2,2,lr5e-05_bs32_modL1_fusion32_fusionL1_fusionBN0_drop0p1__wd1e-04trmiss40_trlocglobal,32,5e-05,0.0001,1,32,1,False,0.1,lr5e-05_bs32_modL1_fusion32_fusionL1_fusionBN0_drop0p1__wd1e-04trmiss40_trlocglobal,11,0.631436824798584,0.7045704424381256,0.4644268774703557,0.5102246486564277,0.5555555555555556,0.0,0.0,0.0,0.0,0.0,0.0,0.0,0.0,0.0,,,,,18473,global,0.4
2,2,lr5e-05_bs32_modL1_fusion32_fusionL1_fusionBN0_drop0p1__wd1e-04trmiss40_trlocglobal,32,5e-05,0.0001,1,32,1,False,0.1,lr5e-05_bs32_modL1_fusion32_fusionL1_fusionBN0_drop0p1__wd1e-04trmiss40_trlocglobal,12,0.6243417163689932,0.7037474811077118,0.48221343873517786,0.534635647438136,0.5555555555555556,0.0,0.0,0.0,0.0,0.0,0.0,0.0,0.0,0.0,,,,,18473,global,0.4
2,2,lr5e-05_bs32_modL1_fusion32_fusionL1_fusionBN0_drop0p1__wd1e-04trmiss40_trlocglobal,32,5e-05,0.0001,1,32,1,False,0.1,lr5e-05_bs32_modL1_fusion32_fusionL1_fusionBN0_drop0p1__wd1e-04trmiss40_trlocglobal,13,0.6237195233503977,0.7040131092071533,0.48814229249011853,0.5449767671422485,0.5555555555555556,0.0,0.0,0.0,0.0,0.0,0.0,0.0,0.0,0.0,,,,,18473,global,0.4
2,2,lr5e-05_bs32_modL1_fusion32_fusionL1_fusionBN0_drop0p1__wd1e-04trmiss40_trlocglobal,32,5e-05,0.0001,1,32,1,False,0.1,lr5e-05_bs32_modL1_fusion32_fusionL1_fusionBN0_drop0p1__wd1e-04trmiss40_trlocglobal,14,0.6179423034191132,0.7046346664428711,0.4723320158102767,0.534488781603621,0.5555555555555556,0.0,0.0,0.0,0.0,0.0,0.0,0.0,0.0,0.0,,,,,18473,global,0.4
2,2,lr5e-05_bs32_modL1_fusion32_fusionL1_fusionBN0_drop0p1__wd1e-04trmiss40_trlocglobal,32,5e-05,0.0001,1,32,1,False,0.1,lr5e-05_bs32_modL1_fusion32_fusionL1_fusionBN0_drop0p1__wd1e-04trmiss40_trlocglobal,15,0.609329084555308,0.704437643289566,0.47035573122529645,0.5222129982325455,0.5333333333333333,0.0,0.0,0.0,0.0,0.0,0.0,0.0,0.0,0.0,,,,,18473,global,0.4
2,2,lr5e-05_bs32_modL1_fusion32_fusionL1_fusionBN0_drop0p1__wd1e-04trmiss40_trlocglobal,32,5e-05,0.0001,1,32,1,False,0.1,lr5e-05_bs32_modL1_fusion32_fusionL1_fusionBN0_drop0p1__wd1e-04trmiss40_trlocglobal,16,0.604770839214325,0.7040870785713196,0.46245059288537554,0.5128357967237045,0.5111111111111111,0.0,0.0,0.0,0.0,0.0,0.0,0.0,0.0,0.0,,,,,18473,global,0.4
2,2,lr5e-05_bs32_modL1_fusion32_fusionL1_fusionBN0_drop0p1__wd1e-04trmiss40_trlocglobal,32,5e-05,0.0001,1,32,1,False,0.1,lr5e-05_bs32_modL1_fusion32_fusionL1_fusionBN0_drop0p1__wd1e-04trmiss40_trlocglobal,17,0.5967414180437723,0.7036421597003937,0.46640316205533594,0.5176919687793651,0.5333333333333333,0.0,0.0,0.0,0.0,0.0,0.0,0.0,0.0,0.0,,,,,18473,global,0.4
2,2,lr5e-05_bs32_modL1_fusion32_fusionL1_fusionBN0_drop0p1__wd1e-04trmiss40_trlocglobal,32,5e-05,0.0001,1,32,1,False,0.1,lr5e-05_bs32_modL1_fusion32_fusionL1_fusionBN0_drop0p1__wd1e-04trmiss40_trlocglobal,18,0.594793031613032,0.7033827304840088,0.4802371541501976,0.5311610103556148,0.5333333333333333,0.0,0.0,0.0,0.0,0.0,0.0,0.0,0.0,0.0,,,,,18473,global,0.4
2,2,lr5e-05_bs32_modL1_fusion32_fusionL1_fusionBN0_drop0p1__wd1e-04trmiss40_trlocglobal,32,5e-05,0.0001,1,32,1,False,0.1,lr5e-05_bs32_modL1_fusion32_fusionL1_fusionBN0_drop0p1__wd1e-04trmiss40_trlocglobal,19,0.6002714335918427,0.7023291885852814,0.4841897233201581,0.5338105721616957,0.5333333333333333,0.0,0.0,0.0,0.0,0.0,0.0,0.0,0.0,0.0,,,,,18473,global,0.4
2,2,lr5e-05_bs32_modL1_fusion32_fusionL1_fusionBN0_drop0p1__wd1e-04trmiss40_trlocglobal,32,5e-05,0.0001,1,32,1,False,0.1,lr5e-05_bs32_modL1_fusion32_fusionL1_fusionBN0_drop0p1__wd1e-04trmiss40_trlocglobal,20,0.5912956992785136,0.7027438879013062,0.4901185770750988,0.5279898285484736,0.5333333333333333,0.0,0.0,0.0,0.0,0.0,0.0,0.0,0.0,0.0,,,,,18473,global,0.4
2,2,lr5e-05_bs32_modL1_fusion32_fusionL1_fusionBN0_drop0p1__wd1e-04trmiss40_trlocglobal,32,5e-05,0.0001,1,32,1,False,0.1,lr5e-05_bs32_modL1_fusion32_fusionL1_fusionBN0_drop0p1__wd1e-04trmiss40_trlocglobal,21,0.587671717007955,0.7028075158596039,0.48023715415019763,0.5174618690115627,0.5333333333333333,0.0,0.0,0.0,0.0,0.0,0.0,0.0,0.0,0.0,,,,,18473,global,0.4
2,2,lr5e-05_bs32_modL1_fusion32_fusionL1_fusionBN0_drop0p1__wd1e-04trmiss40_trlocglobal,32,5e-05,0.0001,1,32,1,False,0.1,lr5e-05_bs32_modL1_fusion32_fusionL1_fusionBN0_drop0p1__wd1e-04trmiss40_trlocglobal,22,0.5883862574895223,0.7023341059684753,0.4901185770750988,0.5292423769567082,0.5111111111111111,0.0,0.0,0.0,0.0,0.0,0.0,0.0,0.0,0.0,,,,,18473,global,0.4
2,2,lr5e-05_bs32_modL1_fusion32_fusionL1_fusionBN0_drop0p1__wd1e-04trmiss40_trlocglobal,32,5e-05,0.0001,1,32,1,False,0.1,lr5e-05_bs32_modL1_fusion32_fusionL1_fusionBN0_drop0p1__wd1e-04trmiss40_trlocglobal,23,0.5818512042363485,0.701719731092453,0.49407114624505927,0.5188912111421672,0.5111111111111111,0.0,0.0,0.0,0.0,0.0,0.0,0.0,0.0,0.0,,,,,18473,global,0.4
2,2,lr5e-05_bs32_modL1_fusion32_fusionL1_fusionBN0_drop0p1__wd1e-04trmiss40_trlocglobal,32,5e-05,0.0001,1,32,1,False,0.1,lr5e-05_bs32_modL1_fusion32_fusionL1_fusionBN0_drop0p1__wd1e-04trmiss40_trlocglobal,24,0.5729272862275442,0.7024990916252136,0.4861660079051383,0.5072944986758894,0.5111111111111111,0.0,0.0,0.0,0.0,0.0,0.0,0.0,0.0,0.0,,,,,18473,global,0.4
2,2,lr5e-05_bs32_modL1_fusion32_fusionL1_fusionBN0_drop0p1__wd1e-04trmiss40_trlocglobal,32,5e-05,0.0001,1,32,1,False,0.1,lr5e-05_bs32_modL1_fusion32_fusionL1_fusionBN0_drop0p1__wd1e-04trmiss40_trlocglobal,25,0.5709451039632162,0.7035144865512848,0.4822134387351778,0.5161455247416952,0.5111111111111111,0.0,0.0,0.0,0.0,0.0,0.0,0.0,0.0,0.0,,,,,18473,global,0.4
2,2,lr5e-05_bs32_modL1_fusion32_fusionL1_fusionBN0_drop0p1__wd1e-04trmiss40_trlocglobal,32,5e-05,0.0001,1,32,1,False,0.1,lr5e-05_bs32_modL1_fusion32_fusionL1_fusionBN0_drop0p1__wd1e-04trmiss40_trlocglobal,26,0.5728163917859396,0.7034465074539185,0.4762845849802371,0.5114495207784542,0.5111111111111111,0.0,0.0,0.0,0.0,0.0,0.0,0.0,0.0,0.0,,,,,18473,global,0.4
2,2,lr5e-05_bs32_modL1_fusion32_fusionL1_fusionBN0_drop0p1__wd1e-04trmiss40_trlocglobal,32,5e-05,0.0001,1,32,1,False,0.1,lr5e-05_bs32_modL1_fusion32_fusionL1_fusionBN0_drop0p1__wd1e-04trmiss40_trlocglobal,27,0.5624927580356598,0.7028981149196625,0.48418972332015814,0.5154098207141184,0.5111111111111111,0.0,0.0,0.0,0.0,0.0,0.0,0.0,0.0,0.0,,,,,18473,global,0.4
2,2,lr5e-05_bs32_modL1_fusion32_fusionL1_fusionBN0_drop0p1__wd1e-04trmiss40_trlocglobal,32,5e-05,0.0001,1,32,1,False,0.1,lr5e-05_bs32_modL1_fusion32_fusionL1_fusionBN0_drop0p1__wd1e-04trmiss40_trlocglobal,28,0.566244900226593,0.7043883800506592,0.4901185770750988,0.5211579376169353,0.5111111111111111,0.0,0.0,0.0,0.0,0.0,0.0,0.0,0.0,0.0,,,,,18473,global,0.4
2,2,lr5e-05_bs32_modL1_fusion32_fusionL1_fusionBN0_drop0p1__wd1e-04trmiss40_trlocglobal,32,5e-05,0.0001,1,32,1,False,0.1,lr5e-05_bs32_modL1_fusion32_fusionL1_fusionBN0_drop0p1__wd1e-04trmiss40_trlocglobal,29,0.5626326600710551,0.7036685645580292,0.5,0.5221835629858244,0.5333333333333333,0.0,0.0,0.0,0.0,0.0,0.0,0.0,0.0,0.0,,,,,18473,global,0.4
2,2,lr5e-05_bs32_modL1_fusion32_fusionL1_fusionBN0_drop0p1__wd1e-04trmiss40_trlocglobal,32,5e-05,0.0001,1,32,1,False,0.1,lr5e-05_bs32_modL1_fusion32_fusionL1_fusionBN0_drop0p1__wd1e-04trmiss40_trlocglobal,30,0.5607560078303019,0.7035639882087708,0.4960474308300395,0.5204581359575277,0.5333333333333333,0.0,0.0,0.0,0.0,0.0,0.0,0.0,0.0,0.0,,,,,18473,global,0.4
2,2,lr5e-05_bs32_modL1_fusion32_fusionL1_fusionBN0_drop0p1__wd1e-04trmiss40_trlocglobal,32,5e-05,0.0001,1,32,1,False,0.1,lr5e-05_bs32_modL1_fusion32_fusionL1_fusionBN0_drop0p1__wd1e-04trmiss40_trlocglobal,31,0.5576607386271158,0.703172892332077,0.49604743083003955,0.51750248738075,0.5111111111111111,0.0,0.0,0.0,0.0,0.0,0.0,0.0,0.0,0.0,,,,,18473,global,0.4
2,2,lr5e-05_bs32_modL1_fusion32_fusionL1_fusionBN0_drop0p1__wd1e-04trmiss40_trlocglobal,32,5e-05,0.0001,1,32,1,False,0.1,lr5e-05_bs32_modL1_fusion32_fusionL1_fusionBN0_drop0p1__wd1e-04trmiss40_trlocglobal,32,0.5536038080851237,0.7048039138317108,0.49209486166007904,0.516603795601277,0.5111111111111111,0.0,0.0,0.0,0.0,0.0,0.0,0.0,0.0,0.0,,,,,18473,global,0.4
2,2,lr5e-05_bs32_modL1_fusion32_fusionL1_fusionBN0_drop0p1__wd1e-04trmiss40_trlocglobal,32,5e-05,0.0001,1,32,1,False,0.1,lr5e-05_bs32_modL1_fusion32_fusionL1_fusionBN0_drop0p1__wd1e-04trmiss40_trlocglobal,33,0.5440182685852051,0.7060638964176178,0.48814229249011853,0.5180378719449902,0.5333333333333333,0.0,0.0,0.0,0.0,0.0,0.0,0.0,0.0,0.0,,,,,18473,global,0.4
2,2,lr5e-05_bs32_modL1_fusion32_fusionL1_fusionBN0_drop0p1__wd1e-04trmiss40_trlocglobal,32,5e-05,0.0001,1,32,1,False,0.1,lr5e-05_bs32_modL1_fusion32_fusionL1_fusionBN0_drop0p1__wd1e-04trmiss40_trlocglobal,34,0.5386555294195811,0.7057751417160034,0.4881422924901186,0.5153468541843685,0.5111111111111111,0.0,0.0,0.0,0.0,0.0,0.0,0.0,0.0,0.0,,,,,18473,global,0.4
2,2,lr5e-05_bs32_modL1_fusion32_fusionL1_fusionBN0_drop0p1__wd1e-04trmiss40_trlocglobal,32,5e-05,0.0001,1,32,1,False,0.1,lr5e-05_bs32_modL1_fusion32_fusionL1_fusionBN0_drop0p1__wd1e-04trmiss40_trlocglobal,35,0.5442185203234354,0.7070571780204773,0.48418972332015814,0.5103939298708304,0.5111111111111111,0.0,0.0,0.0,0.0,0.0,0.0,0.0,0.0,0.0,,,,,18473,global,0.4
2,2,lr5e-05_bs32_modL1_fusion32_fusionL1_fusionBN0_drop0p1__wd1e-04trmiss40_trlocglobal,32,5e-05,0.0001,1,32,1,False,0.1,lr5e-05_bs32_modL1_fusion32_fusionL1_fusionBN0_drop0p1__wd1e-04trmiss40_trlocglobal,36,0.5424300233523051,0.7092588841915131,0.48221343873517786,0.511361332635227,0.5111111111111111,0.0,0.0,0.0,0.0,0.0,0.0,0.0,0.0,0.0,,,,,18473,global,0.4
2,2,lr5e-05_bs32_modL1_fusion32_fusionL1_fusionBN0_drop0p1__wd1e-04trmiss40_trlocglobal,32,5e-05,0.0001,1,32,1,False,0.1,lr5e-05_bs32_modL1_fusion32_fusionL1_fusionBN0_drop0p1__wd1e-04trmiss40_trlocglobal,37,0.5380449692408243,0.7083229422569275,0.4881422924901186,0.5095523218944904,0.5333333333333333,0.0,0.0,0.0,0.0,0.0,0.0,0.0,0.0,0.0,,,,,18473,global,0.4
2,2,lr5e-05_bs32_modL1_fusion32_fusionL1_fusionBN0_drop0p1__wd1e-04trmiss40_trlocglobal,32,5e-05,0.0001,1,32,1,False,0.1,lr5e-05_bs32_modL1_fusion32_fusionL1_fusionBN0_drop0p1__wd1e-04trmiss40_trlocglobal,38,0.5373349487781525,0.7062982320785522,0.4861660079051383,0.5021201478300075,0.5555555555555556,0.0,0.0,0.0,0.0,0.0,0.0,0.0,0.0,0.0,,,,,18473,global,0.4
2,2,lr5e-05_bs32_modL1_fusion32_fusionL1_fusionBN0_drop0p1__wd1e-04trmiss40_trlocglobal,32,5e-05,0.0001,1,32,1,False,0.1,lr5e-05_bs32_modL1_fusion32_fusionL1_fusionBN0_drop0p1__wd1e-04trmiss40_trlocglobal,39,0.5375705162684122,0.707110732793808,0.48221343873517786,0.49239319489554645,0.5333333333333333,0.0,0.0,0.0,0.0,0.0,0.0,0.0,0.0,0.0,,,,,18473,global,0.4
2,2,lr5e-05_bs32_modL1_fusion32_fusionL1_fusionBN0_drop0p1__wd1e-04trmiss40_trlocglobal,32,5e-05,0.0001,1,32,1,False,0.1,lr5e-05_bs32_modL1_fusion32_fusionL1_fusionBN0_drop0p1__wd1e-04trmiss40_trlocglobal,40,0.5329875151316324,0.7083775997161865,0.4861660079051383,0.49629854160632364,0.5111111111111111,0.0,0.0,0.0,0.0,0.0,0.0,0.0,0.0,0.0,,,,,18473,global,0.4
2,2,lr5e-05_bs32_modL1_fusion32_fusionL1_fusionBN0_drop0p1__wd1e-04trmiss40_trlocglobal,32,5e-05,0.0001,1,32,1,False,0.1,lr5e-05_bs32_modL1_fusion32_fusionL1_fusionBN0_drop0p1__wd1e-04trmiss40_trlocglobal,41,0.5287383993466696,0.7090471982955933,0.47826086956521735,0.4921974900824872,0.5333333333333333,0.0,0.0,0.0,0.0,0.0,0.0,0.0,0.0,0.0,,,,,18473,global,0.4
2,2,lr5e-05_bs32_modL1_fusion32_fusionL1_fusionBN0_drop0p1__wd1e-04trmiss40_trlocglobal,32,5e-05,0.0001,1,32,1,False,0.1,lr5e-05_bs32_modL1_fusion32_fusionL1_fusionBN0_drop0p1__wd1e-04trmiss40_trlocglobal,42,0.534907470146815,0.7096364498138428,0.4822134387351779,0.49485063859003414,0.5333333333333333,0.0,0.0,0.0,0.0,0.0,0.0,0.0,0.0,0.0,,,,,18473,global,0.4
2,2,lr5e-05_bs32_modL1_fusion32_fusionL1_fusionBN0_drop0p1__wd1e-04trmiss40_trlocglobal,32,5e-05,0.0001,1,32,1,False,0.1,lr5e-05_bs32_modL1_fusion32_fusionL1_fusionBN0_drop0p1__wd1e-04trmiss40_trlocglobal,43,0.5210879743099213,0.7109273970127106,0.47430830039525695,0.4885649722422815,0.5333333333333333,0.0,0.0,0.0,0.0,0.0,0.0,0.0,0.0,0.0,,,,,18473,global,0.4
2,2,lr5e-05_bs32_modL1_fusion32_fusionL1_fusionBN0_drop0p1__wd1e-04trmiss40_trlocglobal,32,5e-05,0.0001,1,32,1,False,0.1,lr5e-05_bs32_modL1_fusion32_fusionL1_fusionBN0_drop0p1__wd1e-04trmiss40_trlocglobal,44,0.5179111311833063,0.7109737694263458,0.46837944664031617,0.48570636720219057,0.5111111111111111,0.0,0.0,0.0,0.0,0.0,0.0,0.0,0.0,0.0,,,,,18473,global,0.4
2,2,lr5e-05_bs32_modL1_fusion32_fusionL1_fusionBN0_drop0p1__wd1e-04trmiss40_trlocglobal,32,5e-05,0.0001,1,32,1,False,0.1,lr5e-05_bs32_modL1_fusion32_fusionL1_fusionBN0_drop0p1__wd1e-04trmiss40_trlocglobal,45,0.5215706129868826,0.7123095691204071,0.4703557312252965,0.47618228380994354,0.5111111111111111,0.0,0.0,0.0,0.0,0.0,0.0,0.0,0.0,0.0,,,,,18473,global,0.4
2,2,lr5e-05_bs32_modL1_fusion32_fusionL1_fusionBN0_drop0p1__wd1e-04trmiss40_trlocglobal,32,5e-05,0.0001,1,32,1,False,0.1,lr5e-05_bs32_modL1_fusion32_fusionL1_fusionBN0_drop0p1__wd1e-04trmiss40_trlocglobal,46,0.5161170562108358,0.7122831344604492,0.47035573122529645,0.47804234215320957,0.5111111111111111,0.0,0.0,0.0,0.0,0.0,0.0,0.0,0.0,0.0,,,,,18473,global,0.4
2,2,lr5e-05_bs32_modL1_fusion32_fusionL1_fusionBN0_drop0p1__wd1e-04trmiss40_trlocglobal,32,5e-05,0.0001,1,32,1,False,0.1,lr5e-05_bs32_modL1_fusion32_fusionL1_fusionBN0_drop0p1__wd1e-04trmiss40_trlocglobal,47,0.5248971581459045,0.7114729583263397,0.4743083003952569,0.4812682867111197,0.5111111111111111,0.0,0.0,0.0,0.0,0.0,0.0,0.0,0.0,0.0,,,,,18473,global,0.4
2,2,lr5e-05_bs32_modL1_fusion32_fusionL1_fusionBN0_drop0p1__wd1e-04trmiss40_trlocglobal,32,5e-05,0.0001,1,32,1,False,0.1,lr5e-05_bs32_modL1_fusion32_fusionL1_fusionBN0_drop0p1__wd1e-04trmiss40_trlocglobal,48,0.5156658887863159,0.7122949361801147,0.466403162055336,0.4779578346857111,0.4888888888888889,0.0,0.0,0.0,0.0,0.0,0.0,0.0,0.0,0.0,,,,,18473,global,0.4
2,2,lr5e-05_bs32_modL1_fusion32_fusionL1_fusionBN0_drop0p1__wd1e-04trmiss40_trlocglobal,32,5e-05,0.0001,1,32,1,False,0.1,lr5e-05_bs32_modL1_fusion32_fusionL1_fusionBN0_drop0p1__wd1e-04trmiss40_trlocglobal,49,0.5053790807723999,0.7123371660709381,0.4683794466403163,0.4778319493957261,0.4888888888888889,0.0,0.0,0.0,0.0,0.0,0.0,0.0,0.0,0.0,,,,,18473,global,0.4
2,2,lr1e-05_bs32_modL1_fusion16_fusionL1_fusionBN0_drop0p2__wd1e-04trmiss40_trlocglobal,32,1e-05,0.0001,1,16,1,False,0.2,lr1e-05_bs32_modL1_fusion16_fusionL1_fusionBN0_drop0p2__wd1e-04trmiss40_trlocglobal,1,0.7025108337402344,0.6961898505687714,0.42885375494071143,0.46372200065785507,0.4444444444444444,0.0,0.0,0.0,0.0,0.0,0.0,0.0,0.0,0.0,,,,,18473,global,0.4
2,2,lr1e-05_bs32_modL1_fusion16_fusionL1_fusionBN0_drop0p2__wd1e-04trmiss40_trlocglobal,32,1e-05,0.0001,1,16,1,False,0.2,lr1e-05_bs32_modL1_fusion16_fusionL1_fusionBN0_drop0p2__wd1e-04trmiss40_trlocglobal,2,0.6891629795233408,0.6965490877628326,0.4189723320158103,0.4553040778340727,0.4666666666666667,0.0,0.0,0.0,0.0,0.0,0.0,0.0,0.0,0.0,,,,,18473,global,0.4
2,2,lr1e-05_bs32_modL1_fusion16_fusionL1_fusionBN0_drop0p2__wd1e-04trmiss40_trlocglobal,32,1e-05,0.0001,1,16,1,False,0.2,lr1e-05_bs32_modL1_fusion16_fusionL1_fusionBN0_drop0p2__wd1e-04trmiss40_trlocglobal,3,0.7051774263381958,0.6969056725502014,0.40118577075098816,0.4443022879924389,0.4666666666666667,0.0,0.0,0.0,0.0,0.0,0.0,0.0,0.0,0.0,,,,,18473,global,0.4
2,2,lr1e-05_bs32_modL1_fusion16_fusionL1_fusionBN0_drop0p2__wd1e-04trmiss40_trlocglobal,32,1e-05,0.0001,1,16,1,False,0.2,lr1e-05_bs32_modL1_fusion16_fusionL1_fusionBN0_drop0p2__wd1e-04trmiss40_trlocglobal,4,0.6898495753606161,0.6975472271442413,0.38735177865612647,0.4362425137136678,0.4444444444444444,0.0,0.0,0.0,0.0,0.0,0.0,0.0,0.0,0.0,,,,,18473,global,0.4
2,2,lr1e-05_bs32_modL1_fusion16_fusionL1_fusionBN0_drop0p2__wd1e-04trmiss40_trlocglobal,32,1e-05,0.0001,1,16,1,False,0.2,lr1e-05_bs32_modL1_fusion16_fusionL1_fusionBN0_drop0p2__wd1e-04trmiss40_trlocglobal,5,0.6958700120449066,0.6974895000457764,0.3972332015810277,0.4425552570302776,0.4444444444444444,0.0,0.0,0.0,0.0,0.0,0.0,0.0,0.0,0.0,,,,,18473,global,0.4
2,2,lr1e-05_bs32_modL1_fusion16_fusionL1_fusionBN0_drop0p2__wd1e-04trmiss40_trlocglobal,32,1e-05,0.0001,1,16,1,False,0.2,lr1e-05_bs32_modL1_fusion16_fusionL1_fusionBN0_drop0p2__wd1e-04trmiss40_trlocglobal,6,0.6882646282513937,0.6972443461418152,0.4031620553359684,0.44685424390047884,0.4222222222222222,0.0,0.0,0.0,0.0,0.0,0.0,0.0,0.0,0.0,,,,,18473,global,0.4
2,2,lr1e-05_bs32_modL1_fusion16_fusionL1_fusionBN0_drop0p2__wd1e-04trmiss40_trlocglobal,32,1e-05,0.0001,1,16,1,False,0.2,lr1e-05_bs32_modL1_fusion16_fusionL1_fusionBN0_drop0p2__wd1e-04trmiss40_trlocglobal,7,0.6925562818845113,0.6970996856689453,0.4031620553359684,0.4501280361804259,0.4444444444444444,0.0,0.0,0.0,0.0,0.0,0.0,0.0,0.0,0.0,,,,,18473,global,0.4
2,2,lr1e-05_bs32_modL1_fusion16_fusionL1_fusionBN0_drop0p2__wd1e-04trmiss40_trlocglobal,32,1e-05,0.0001,1,16,1,False,0.2,lr1e-05_bs32_modL1_fusion16_fusionL1_fusionBN0_drop0p2__wd1e-04trmiss40_trlocglobal,8,0.6866655747095743,0.696980208158493,0.39920948616600793,0.4486063907329493,0.4666666666666667,0.0,0.0,0.0,0.0,0.0,0.0,0.0,0.0,0.0,,,,,18473,global,0.4
2,2,lr1e-05_bs32_modL1_fusion16_fusionL1_fusionBN0_drop0p2__wd1e-04trmiss40_trlocglobal,32,1e-05,0.0001,1,16,1,False,0.2,lr1e-05_bs32_modL1_fusion16_fusionL1_fusionBN0_drop0p2__wd1e-04trmiss40_trlocglobal,9,0.680234839518865,0.6965636014938354,0.40711462450592883,0.45435693066549154,0.4666666666666667,0.0,0.0,0.0,0.0,0.0,0.0,0.0,0.0,0.0,,,,,18473,global,0.4
2,2,lr1e-05_bs32_modL1_fusion16_fusionL1_fusionBN0_drop0p2__wd1e-04trmiss40_trlocglobal,32,1e-05,0.0001,1,16,1,False,0.2,lr1e-05_bs32_modL1_fusion16_fusionL1_fusionBN0_drop0p2__wd1e-04trmiss40_trlocglobal,10,0.6874039570490519,0.6961599588394165,0.40711462450592883,0.45504706179040527,0.4666666666666667,0.0,0.0,0.0,0.0,0.0,0.0,0.0,0.0,0.0,,,,,18473,global,0.4
2,2,lr1e-05_bs32_modL1_fusion16_fusionL1_fusionBN0_drop0p2__wd1e-04trmiss40_trlocglobal,32,1e-05,0.0001,1,16,1,False,0.2,lr1e-05_bs32_modL1_fusion16_fusionL1_fusionBN0_drop0p2__wd1e-04trmiss40_trlocglobal,11,0.6759580671787262,0.6962109506130219,0.4051383399209486,0.45215367782285254,0.4888888888888889,0.0,0.0,0.0,0.0,0.0,0.0,0.0,0.0,0.0,,,,,18473,global,0.4
2,2,lr1e-05_bs32_modL1_fusion16_fusionL1_fusionBN0_drop0p2__wd1e-04trmiss40_trlocglobal,32,1e-05,0.0001,1,16,1,False,0.2,lr1e-05_bs32_modL1_fusion16_fusionL1_fusionBN0_drop0p2__wd1e-04trmiss40_trlocglobal,12,0.6777967512607574,0.6961045265197754,0.41304347826086957,0.4580544706130954,0.4666666666666667,0.0,0.0,0.0,0.0,0.0,0.0,0.0,0.0,0.0,,,,,18473,global,0.4
2,2,lr1e-05_bs32_modL1_fusion16_fusionL1_fusionBN0_drop0p2__wd1e-04trmiss40_trlocglobal,32,1e-05,0.0001,1,16,1,False,0.2,lr1e-05_bs32_modL1_fusion16_fusionL1_fusionBN0_drop0p2__wd1e-04trmiss40_trlocglobal,13,0.6743868390719095,0.6960342526435852,0.4150197628458498,0.45897492696833436,0.4666666666666667,0.0,0.0,0.0,0.0,0.0,0.0,0.0,0.0,0.0,,,,,18473,global,0.4
2,2,lr1e-05_bs32_modL1_fusion16_fusionL1_fusionBN0_drop0p2__wd1e-04trmiss40_trlocglobal,32,1e-05,0.0001,1,16,1,False,0.2,lr1e-05_bs32_modL1_fusion16_fusionL1_fusionBN0_drop0p2__wd1e-04trmiss40_trlocglobal,14,0.6775512595971426,0.6960986256599426,0.4209486166007905,0.4649946443823546,0.4666666666666667,0.0,0.0,0.0,0.0,0.0,0.0,0.0,0.0,0.0,,,,,18473,global,0.4
2,2,lr1e-05_bs32_modL1_fusion16_fusionL1_fusionBN0_drop0p2__wd1e-04trmiss40_trlocglobal,32,1e-05,0.0001,1,16,1,False,0.2,lr1e-05_bs32_modL1_fusion16_fusionL1_fusionBN0_drop0p2__wd1e-04trmiss40_trlocglobal,15,0.6724044581254324,0.6960463523864746,0.424901185770751,0.4655536229144789,0.4444444444444444,0.0,0.0,0.0,0.0,0.0,0.0,0.0,0.0,0.0,,,,,18473,global,0.4
2,2,lr1e-05_bs32_modL1_fusion16_fusionL1_fusionBN0_drop0p2__wd1e-04trmiss40_trlocglobal,32,1e-05,0.0001,1,16,1,False,0.2,lr1e-05_bs32_modL1_fusion16_fusionL1_fusionBN0_drop0p2__wd1e-04trmiss40_trlocglobal,16,0.6797931790351868,0.6957505941390991,0.42292490118577075,0.4638125313009281,0.4888888888888889,0.0,0.0,0.0,0.0,0.0,0.0,0.0,0.0,0.0,,,,,18473,global,0.4
2,2,lr1e-05_bs32_modL1_fusion16_fusionL1_fusionBN0_drop0p2__wd1e-04trmiss40_trlocglobal,32,1e-05,0.0001,1,16,1,False,0.2,lr1e-05_bs32_modL1_fusion16_fusionL1_fusionBN0_drop0p2__wd1e-04trmiss40_trlocglobal,17,0.6822593510150909,0.6956657469272614,0.43083003952569177,0.4725178064332341,0.5111111111111111,0.0,0.0,0.0,0.0,0.0,0.0,0.0,0.0,0.0,,,,,18473,global,0.4
2,2,lr1e-05_bs32_modL1_fusion16_fusionL1_fusionBN0_drop0p2__wd1e-04trmiss40_trlocglobal,32,1e-05,0.0001,1,16,1,False,0.2,lr1e-05_bs32_modL1_fusion16_fusionL1_fusionBN0_drop0p2__wd1e-04trmiss40_trlocglobal,18,0.6621216932932535,0.6953517496585846,0.4308300395256917,0.47324937844627063,0.5111111111111111,0.0,0.0,0.0,0.0,0.0,0.0,0.0,0.0,0.0,,,,,18473,global,0.4
2,2,lr1e-05_bs32_modL1_fusion16_fusionL1_fusionBN0_drop0p2__wd1e-04trmiss40_trlocglobal,32,1e-05,0.0001,1,16,1,False,0.2,lr1e-05_bs32_modL1_fusion16_fusionL1_fusionBN0_drop0p2__wd1e-04trmiss40_trlocglobal,19,0.6633691986401876,0.6952040493488312,0.44466403162055335,0.47913913276563685,0.5111111111111111,0.0,0.0,0.0,0.0,0.0,0.0,0.0,0.0,0.0,,,,,18473,global,0.4
2,2,lr1e-05_bs32_modL1_fusion16_fusionL1_fusionBN0_drop0p2__wd1e-04trmiss40_trlocglobal,32,1e-05,0.0001,1,16,1,False,0.2,lr1e-05_bs32_modL1_fusion16_fusionL1_fusionBN0_drop0p2__wd1e-04trmiss40_trlocglobal,20,0.6659522155920664,0.6953173875808716,0.43873517786561267,0.47316295445959095,0.4888888888888889,0.0,0.0,0.0,0.0,0.0,0.0,0.0,0.0,0.0,,,,,18473,global,0.4
2,2,lr1e-05_bs32_modL1_fusion16_fusionL1_fusionBN0_drop0p2__wd1e-04trmiss40_trlocglobal,32,1e-05,0.0001,1,16,1,False,0.2,lr1e-05_bs32_modL1_fusion16_fusionL1_fusionBN0_drop0p2__wd1e-04trmiss40_trlocglobal,21,0.666213701168696,0.6950500011444092,0.44861660079051385,0.4819512285611643,0.4888888888888889,0.0,0.0,0.0,0.0,0.0,0.0,0.0,0.0,0.0,,,,,18473,global,0.4
2,2,lr1e-05_bs32_modL1_fusion16_fusionL1_fusionBN0_drop0p2__wd1e-04trmiss40_trlocglobal,32,1e-05,0.0001,1,16,1,False,0.2,lr1e-05_bs32_modL1_fusion16_fusionL1_fusionBN0_drop0p2__wd1e-04trmiss40_trlocglobal,22,0.6757105688254038,0.6955012679100037,0.4426877470355731,0.47645485895822665,0.4888888888888889,0.0,0.0,0.0,0.0,0.0,0.0,0.0,0.0,0.0,,,,,18473,global,0.4
2,2,lr1e-05_bs32_modL1_fusion16_fusionL1_fusionBN0_drop0p2__wd1e-04trmiss40_trlocglobal,32,1e-05,0.0001,1,16,1,False,0.2,lr1e-05_bs32_modL1_fusion16_fusionL1_fusionBN0_drop0p2__wd1e-04trmiss40_trlocglobal,23,0.6642037034034729,0.6955617368221283,0.4466403162055336,0.47494117135758257,0.4888888888888889,0.0,0.0,0.0,0.0,0.0,0.0,0.0,0.0,0.0,,,,,18473,global,0.4
2,2,lr1e-05_bs32_modL1_fusion16_fusionL1_fusionBN0_drop0p2__wd1e-04trmiss40_trlocglobal,32,1e-05,0.0001,1,16,1,False,0.2,lr1e-05_bs32_modL1_fusion16_fusionL1_fusionBN0_drop0p2__wd1e-04trmiss40_trlocglobal,24,0.6610125601291656,0.6952923834323883,0.44466403162055335,0.47584378135615607,0.4888888888888889,0.0,0.0,0.0,0.0,0.0,0.0,0.0,0.0,0.0,,,,,18473,global,0.4
2,2,lr1e-05_bs32_modL1_fusion16_fusionL1_fusionBN0_drop0p2__wd1e-04trmiss40_trlocglobal,32,1e-05,0.0001,1,16,1,False,0.2,lr1e-05_bs32_modL1_fusion16_fusionL1_fusionBN0_drop0p2__wd1e-04trmiss40_trlocglobal,25,0.6584351460138956,0.6954333484172821,0.44466403162055335,0.47411190684545357,0.4888888888888889,0.0,0.0,0.0,0.0,0.0,0.0,0.0,0.0,0.0,,,,,18473,global,0.4
2,2,lr1e-05_bs32_modL1_fusion16_fusionL1_fusionBN0_drop0p2__wd1e-04trmiss40_trlocglobal,32,1e-05,0.0001,1,16,1,False,0.2,lr1e-05_bs32_modL1_fusion16_fusionL1_fusionBN0_drop0p2__wd1e-04trmiss40_trlocglobal,26,0.6590341130892435,0.6952238380908966,0.44664031620553357,0.47462253650236214,0.4888888888888889,0.0,0.0,0.0,0.0,0.0,0.0,0.0,0.0,0.0,,,,,18473,global,0.4
2,2,lr1e-05_bs32_modL1_fusion16_fusionL1_fusionBN0_drop0p2__wd1e-04trmiss40_trlocglobal,32,1e-05,0.0001,1,16,1,False,0.2,lr1e-05_bs32_modL1_fusion16_fusionL1_fusionBN0_drop0p2__wd1e-04trmiss40_trlocglobal,27,0.6604765256245931,0.6954148411750793,0.4545454545454546,0.47753858168519964,0.4666666666666667,0.0,0.0,0.0,0.0,0.0,0.0,0.0,0.0,0.0,,,,,18473,global,0.4
2,2,lr1e-05_bs32_modL1_fusion16_fusionL1_fusionBN0_drop0p2__wd1e-04trmiss40_trlocglobal,32,1e-05,0.0001,1,16,1,False,0.2,lr1e-05_bs32_modL1_fusion16_fusionL1_fusionBN0_drop0p2__wd1e-04trmiss40_trlocglobal,28,0.651383231083552,0.6953345835208893,0.45849802371541504,0.48041414288601,0.4444444444444444,0.0,0.0,0.0,0.0,0.0,0.0,0.0,0.0,0.0,,,,,18473,global,0.4
2,2,lr1e-05_bs32_modL1_fusion16_fusionL1_fusionBN0_drop0p2__wd1e-04trmiss40_trlocglobal,32,1e-05,0.0001,1,16,1,False,0.2,lr1e-05_bs32_modL1_fusion16_fusionL1_fusionBN0_drop0p2__wd1e-04trmiss40_trlocglobal,29,0.6614616314570109,0.6949306726455688,0.4624505928853755,0.4804314240859873,0.4666666666666667,0.0,0.0,0.0,0.0,0.0,0.0,0.0,0.0,0.0,,,,,18473,global,0.4
2,2,lr1e-05_bs32_modL1_fusion16_fusionL1_fusionBN0_drop0p2__wd1e-04trmiss40_trlocglobal,32,1e-05,0.0001,1,16,1,False,0.2,lr1e-05_bs32_modL1_fusion16_fusionL1_fusionBN0_drop0p2__wd1e-04trmiss40_trlocglobal,30,0.6577234168847402,0.6949602365493774,0.46047430830039526,0.481413504221883,0.4444444444444444,0.0,0.0,0.0,0.0,0.0,0.0,0.0,0.0,0.0,,,,,18473,global,0.4
2,2,lr1e-05_bs32_modL1_fusion16_fusionL1_fusionBN0_drop0p2__wd1e-04trmiss40_trlocglobal,32,1e-05,0.0001,1,16,1,False,0.2,lr1e-05_bs32_modL1_fusion16_fusionL1_fusionBN0_drop0p2__wd1e-04trmiss40_trlocglobal,31,0.6610548992951711,0.6950252056121826,0.46640316205533594,0.48218775561556154,0.4444444444444444,0.0,0.0,0.0,0.0,0.0,0.0,0.0,0.0,0.0,,,,,18473,global,0.4
2,2,lr1e-05_bs32_modL1_fusion16_fusionL1_fusionBN0_drop0p2__wd1e-04trmiss40_trlocglobal,32,1e-05,0.0001,1,16,1,False,0.2,lr1e-05_bs32_modL1_fusion16_fusionL1_fusionBN0_drop0p2__wd1e-04trmiss40_trlocglobal,32,0.6631136933962504,0.6947234869003296,0.4723320158102767,0.4881141766530412,0.4666666666666667,0.0,0.0,0.0,0.0,0.0,0.0,0.0,0.0,0.0,,,,,18473,global,0.4
2,2,lr1e-05_bs32_modL1_fusion16_fusionL1_fusionBN0_drop0p2__wd1e-04trmiss40_trlocglobal,32,1e-05,0.0001,1,16,1,False,0.2,lr1e-05_bs32_modL1_fusion16_fusionL1_fusionBN0_drop0p2__wd1e-04trmiss40_trlocglobal,33,0.6604106028874716,0.6956039369106293,0.46442687747035577,0.47945299108898826,0.4666666666666667,0.0,0.0,0.0,0.0,0.0,0.0,0.0,0.0,0.0,,,,,18473,global,0.4
2,2,lr1e-05_bs32_modL1_fusion16_fusionL1_fusionBN0_drop0p2__wd1e-04trmiss40_trlocglobal,32,1e-05,0.0001,1,16,1,False,0.2,lr1e-05_bs32_modL1_fusion16_fusionL1_fusionBN0_drop0p2__wd1e-04trmiss40_trlocglobal,34,0.6446531713008881,0.6952826976776123,0.47430830039525695,0.4874679230169637,0.4666666666666667,0.0,0.0,0.0,0.0,0.0,0.0,0.0,0.0,0.0,,,,,18473,global,0.4
2,2,lr1e-05_bs32_modL1_fusion16_fusionL1_fusionBN0_drop0p2__wd1e-04trmiss40_trlocglobal,32,1e-05,0.0001,1,16,1,False,0.2,lr1e-05_bs32_modL1_fusion16_fusionL1_fusionBN0_drop0p2__wd1e-04trmiss40_trlocglobal,35,0.6573981046676636,0.6949647068977356,0.47430830039525695,0.487163879234659,0.4666666666666667,0.0,0.0,0.0,0.0,0.0,0.0,0.0,0.0,0.0,,,,,18473,global,0.4
2,2,lr1e-05_bs32_modL1_fusion16_fusionL1_fusionBN0_drop0p2__wd1e-04trmiss40_trlocglobal,32,1e-05,0.0001,1,16,1,False,0.2,lr1e-05_bs32_modL1_fusion16_fusionL1_fusionBN0_drop0p2__wd1e-04trmiss40_trlocglobal,36,0.6606301863988241,0.6941268742084503,0.48418972332015814,0.49457705784348976,0.5111111111111111,0.0,0.0,0.0,0.0,0.0,0.0,0.0,0.0,0.0,,,,,18473,global,0.4
2,2,lr1e-05_bs32_modL1_fusion16_fusionL1_fusionBN0_drop0p2__wd1e-04trmiss40_trlocglobal,32,1e-05,0.0001,1,16,1,False,0.2,lr1e-05_bs32_modL1_fusion16_fusionL1_fusionBN0_drop0p2__wd1e-04trmiss40_trlocglobal,37,0.6433746715386709,0.69410839676857,0.4782608695652174,0.49266270810305307,0.5111111111111111,0.0,0.0,0.0,0.0,0.0,0.0,0.0,0.0,0.0,,,,,18473,global,0.4
2,2,lr1e-05_bs32_modL1_fusion16_fusionL1_fusionBN0_drop0p2__wd1e-04trmiss40_trlocglobal,32,1e-05,0.0001,1,16,1,False,0.2,lr1e-05_bs32_modL1_fusion16_fusionL1_fusionBN0_drop0p2__wd1e-04trmiss40_trlocglobal,38,0.6578341623147329,0.6942878365516663,0.4822134387351779,0.49440894897972876,0.5111111111111111,0.0,0.0,0.0,0.0,0.0,0.0,0.0,0.0,0.0,,,,,18473,global,0.4
2,2,lr1e-05_bs32_modL1_fusion16_fusionL1_fusionBN0_drop0p2__wd1e-04trmiss40_trlocglobal,32,1e-05,0.0001,1,16,1,False,0.2,lr1e-05_bs32_modL1_fusion16_fusionL1_fusionBN0_drop0p2__wd1e-04trmiss40_trlocglobal,39,0.6489502489566803,0.6942920684814453,0.4841897233201581,0.49535412856384975,0.5111111111111111,0.0,0.0,0.0,0.0,0.0,0.0,0.0,0.0,0.0,,,,,18473,global,0.4
2,2,lr1e-05_bs32_modL1_fusion16_fusionL1_fusionBN0_drop0p2__wd1e-04trmiss40_trlocglobal,32,1e-05,0.0001,1,16,1,False,0.2,lr1e-05_bs32_modL1_fusion16_fusionL1_fusionBN0_drop0p2__wd1e-04trmiss40_trlocglobal,40,0.6523232559363047,0.6944298148155212,0.4881422924901186,0.4965202056666275,0.4888888888888889,0.0,0.0,0.0,0.0,0.0,0.0,0.0,0.0,0.0,,,,,18473,global,0.4
2,2,lr1e-05_bs32_modL1_fusion16_fusionL1_fusionBN0_drop0p2__wd1e-04trmiss40_trlocglobal,32,1e-05,0.0001,1,16,1,False,0.2,lr1e-05_bs32_modL1_fusion16_fusionL1_fusionBN0_drop0p2__wd1e-04trmiss40_trlocglobal,41,0.6551174720128378,0.6944993734359741,0.4881422924901186,0.49454472729093146,0.4666666666666667,0.0,0.0,0.0,0.0,0.0,0.0,0.0,0.0,0.0,,,,,18473,global,0.4
2,2,lr1e-05_bs32_modL1_fusion16_fusionL1_fusionBN0_drop0p2__wd1e-04trmiss40_trlocglobal,32,1e-05,0.0001,1,16,1,False,0.2,lr1e-05_bs32_modL1_fusion16_fusionL1_fusionBN0_drop0p2__wd1e-04trmiss40_trlocglobal,42,0.6533567607402802,0.6942620575428009,0.4822134387351779,0.49565096069509257,0.4888888888888889,0.0,0.0,0.0,0.0,0.0,0.0,0.0,0.0,0.0,,,,,18473,global,0.4
2,2,lr1e-05_bs32_modL1_fusion16_fusionL1_fusionBN0_drop0p2__wd1e-04trmiss40_trlocglobal,32,1e-05,0.0001,1,16,1,False,0.2,lr1e-05_bs32_modL1_fusion16_fusionL1_fusionBN0_drop0p2__wd1e-04trmiss40_trlocglobal,43,0.6529900332291921,0.6941243708133698,0.48023715415019763,0.4910847085329324,0.4888888888888889,0.0,0.0,0.0,0.0,0.0,0.0,0.0,0.0,0.0,,,,,18473,global,0.4
2,2,lr1e-05_bs32_modL1_fusion16_fusionL1_fusionBN0_drop0p2__wd1e-04trmiss40_trlocglobal,32,1e-05,0.0001,1,16,1,False,0.2,lr1e-05_bs32_modL1_fusion16_fusionL1_fusionBN0_drop0p2__wd1e-04trmiss40_trlocglobal,44,0.6487397154172262,0.6945505142211914,0.4762845849802371,0.4870421222597223,0.4444444444444444,0.0,0.0,0.0,0.0,0.0,0.0,0.0,0.0,0.0,,,,,18473,global,0.4
2,2,lr1e-05_bs32_modL1_fusion16_fusionL1_fusionBN0_drop0p2__wd1e-04trmiss40_trlocglobal,32,1e-05,0.0001,1,16,1,False,0.2,lr1e-05_bs32_modL1_fusion16_fusionL1_fusionBN0_drop0p2__wd1e-04trmiss40_trlocglobal,45,0.6486864487330118,0.6947572827339172,0.47430830039525695,0.4849558027820985,0.4444444444444444,0.0,0.0,0.0,0.0,0.0,0.0,0.0,0.0,0.0,,,,,18473,global,0.4
2,2,lr1e-05_bs32_modL1_fusion16_fusionL1_fusionBN0_drop0p2__wd1e-04trmiss40_trlocglobal,32,1e-05,0.0001,1,16,1,False,0.2,lr1e-05_bs32_modL1_fusion16_fusionL1_fusionBN0_drop0p2__wd1e-04trmiss40_trlocglobal,46,0.6534042259057363,0.694840282201767,0.48221343873517786,0.4933727481555656,0.4444444444444444,0.0,0.0,0.0,0.0,0.0,0.0,0.0,0.0,0.0,,,,,18473,global,0.4
2,2,lr1e-05_bs32_modL1_fusion16_fusionL1_fusionBN0_drop0p2__wd1e-04trmiss40_trlocglobal,32,1e-05,0.0001,1,16,1,False,0.2,lr1e-05_bs32_modL1_fusion16_fusionL1_fusionBN0_drop0p2__wd1e-04trmiss40_trlocglobal,47,0.6478679378827413,0.694493979215622,0.4861660079051383,0.4951874929570779,0.4444444444444444,0.0,0.0,0.0,0.0,0.0,0.0,0.0,0.0,0.0,,,,,18473,global,0.4
2,2,lr1e-05_bs32_modL1_fusion16_fusionL1_fusionBN0_drop0p2__wd1e-04trmiss40_trlocglobal,32,1e-05,0.0001,1,16,1,False,0.2,lr1e-05_bs32_modL1_fusion16_fusionL1_fusionBN0_drop0p2__wd1e-04trmiss40_trlocglobal,48,0.6423881550629934,0.6949774622917175,0.48221343873517786,0.4918359330837789,0.4444444444444444,0.0,0.0,0.0,0.0,0.0,0.0,0.0,0.0,0.0,,,,,18473,global,0.4
2,2,lr1e-05_bs32_modL1_fusion16_fusionL1_fusionBN0_drop0p2__wd1e-04trmiss40_trlocglobal,32,1e-05,0.0001,1,16,1,False,0.2,lr1e-05_bs32_modL1_fusion16_fusionL1_fusionBN0_drop0p2__wd1e-04trmiss40_trlocglobal,49,0.645619253317515,0.695022463798523,0.47826086956521735,0.489547568882816,0.4444444444444444,0.0,0.0,0.0,0.0,0.0,0.0,0.0,0.0,0.0,,,,,18473,global,0.4
2,2,lr1e-05_bs32_modL1_fusion16_fusionL1_fusionBN0_drop0p2__wd1e-04trmiss40_trlocglobal,32,1e-05,0.0001,1,16,1,False,0.2,lr1e-05_bs32_modL1_fusion16_fusionL1_fusionBN0_drop0p2__wd1e-04trmiss40_trlocglobal,50,0.647839883963267,0.6947503089904785,0.48221343873517786,0.4952361021928327,0.4666666666666667,0.0,0.0,0.0,0.0,0.0,0.0,0.0,0.0,0.0,,,,,18473,global,0.4
2,2,lr1e-05_bs32_modL1_fusion16_fusionL1_fusionBN0_drop0p2__wd1e-04trmiss40_trlocglobal,32,1e-05,0.0001,1,16,1,False,0.2,lr1e-05_bs32_modL1_fusion16_fusionL1_fusionBN0_drop0p2__wd1e-04trmiss40_trlocglobal,51,0.64342067639033,0.6946479082107544,0.48023715415019763,0.49233100407034325,0.4444444444444444,0.0,0.0,0.0,0.0,0.0,0.0,0.0,0.0,0.0,,,,,18473,global,0.4
2,2,lr1e-05_bs32_modL1_fusion16_fusionL1_fusionBN0_drop0p2__wd1e-04trmiss40_trlocglobal,32,1e-05,0.0001,1,16,1,False,0.2,lr1e-05_bs32_modL1_fusion16_fusionL1_fusionBN0_drop0p2__wd1e-04trmiss40_trlocglobal,52,0.6466853022575378,0.6943556666374207,0.48221343873517786,0.4932674731048067,0.4666666666666667,0.0,0.0,0.0,0.0,0.0,0.0,0.0,0.0,0.0,,,,,18473,global,0.4
2,2,lr1e-05_bs32_modL1_fusion16_fusionL1_fusionBN0_drop0p2__wd1e-04trmiss40_trlocglobal,32,1e-05,0.0001,1,16,1,False,0.2,lr1e-05_bs32_modL1_fusion16_fusionL1_fusionBN0_drop0p2__wd1e-04trmiss40_trlocglobal,53,0.6416469713052114,0.6947381794452667,0.48616600790513836,0.4945949514617269,0.4444444444444444,0.0,0.0,0.0,0.0,0.0,0.0,0.0,0.0,0.0,,,,,18473,global,0.4
2,2,lr1e-05_bs32_modL1_fusion16_fusionL1_fusionBN0_drop0p2__wd1e-04trmiss40_trlocglobal,32,1e-05,0.0001,1,16,1,False,0.2,lr1e-05_bs32_modL1_fusion16_fusionL1_fusionBN0_drop0p2__wd1e-04trmiss40_trlocglobal,54,0.6412970423698425,0.6947256326675415,0.4822134387351779,0.4883605415674403,0.4444444444444444,0.0,0.0,0.0,0.0,0.0,0.0,0.0,0.0,0.0,,,,,18473,global,0.4
2,2,lr1e-05_bs32_modL1_fusion16_fusionL1_fusionBN0_drop0p2__wd1e-04trmiss40_trlocglobal,32,1e-05,0.0001,1,16,1,False,0.2,lr1e-05_bs32_modL1_fusion16_fusionL1_fusionBN0_drop0p2__wd1e-04trmiss40_trlocglobal,55,0.6535471777121226,0.6950247883796692,0.48023715415019763,0.48533656630189775,0.4444444444444444,0.0,0.0,0.0,0.0,0.0,0.0,0.0,0.0,0.0,,,,,18473,global,0.4
2,2,lr1e-05_bs32_modL1_fusion16_fusionL1_fusionBN0_drop0p2__wd1e-04trmiss40_trlocglobal,32,1e-05,0.0001,1,16,1,False,0.2,lr1e-05_bs32_modL1_fusion16_fusionL1_fusionBN0_drop0p2__wd1e-04trmiss40_trlocglobal,56,0.6483947535355886,0.6949086785316467,0.4822134387351779,0.49178212598958637,0.4444444444444444,0.0,0.0,0.0,0.0,0.0,0.0,0.0,0.0,0.0,,,,,18473,global,0.4
2,2,lr1e-05_bs32_modL1_fusion16_fusionL1_fusionBN0_drop0p2__wd1e-04trmiss40_trlocglobal,32,1e-05,0.0001,1,16,1,False,0.2,lr1e-05_bs32_modL1_fusion16_fusionL1_fusionBN0_drop0p2__wd1e-04trmiss40_trlocglobal,57,0.6477933426698049,0.6945532560348511,0.4841897233201581,0.4917797732698424,0.4666666666666667,0.0,0.0,0.0,0.0,0.0,0.0,0.0,0.0,0.0,,,,,18473,global,0.4
2,2,lr1e-05_bs32_modL1_fusion16_fusionL1_fusionBN0_drop0p2__wd1e-04trmiss40_trlocglobal,32,1e-05,0.0001,1,16,1,False,0.2,lr1e-05_bs32_modL1_fusion16_fusionL1_fusionBN0_drop0p2__wd1e-04trmiss40_trlocglobal,58,0.6468964616457621,0.6945119500160217,0.49407114624505927,0.5011798199946306,0.4666666666666667,0.0,0.0,0.0,0.0,0.0,0.0,0.0,0.0,0.0,,,,,18473,global,0.4
2,2,lr1e-05_bs32_modL1_fusion16_fusionL1_fusionBN0_drop0p2__wd1e-04trmiss40_trlocglobal,32,1e-05,0.0001,1,16,1,False,0.2,lr1e-05_bs32_modL1_fusion16_fusionL1_fusionBN0_drop0p2__wd1e-04trmiss40_trlocglobal,59,0.6456791460514069,0.6940817832946777,0.49209486166007904,0.500376650150981,0.4666666666666667,0.0,0.0,0.0,0.0,0.0,0.0,0.0,0.0,0.0,,,,,18473,global,0.4
2,2,lr1e-05_bs32_modL1_fusion16_fusionL1_fusionBN0_drop0p2__wd1e-04trmiss40_trlocglobal,32,1e-05,0.0001,1,16,1,False,0.2,lr1e-05_bs32_modL1_fusion16_fusionL1_fusionBN0_drop0p2__wd1e-04trmiss40_trlocglobal,60,0.6332773069540659,0.6942856013774872,0.5,0.5045011754920823,0.4666666666666667,0.0,0.0,0.0,0.0,0.0,0.0,0.0,0.0,0.0,,,,,18473,global,0.4
2,2,lr1e-05_bs32_modL1_fusion16_fusionL1_fusionBN0_drop0p2__wd1e-04trmiss40_trlocglobal,32,1e-05,0.0001,1,16,1,False,0.2,lr1e-05_bs32_modL1_fusion16_fusionL1_fusionBN0_drop0p2__wd1e-04trmiss40_trlocglobal,61,0.6464782456556956,0.6941701471805573,0.5,0.5037791369417736,0.4444444444444444,0.0,0.0,0.0,0.0,0.0,0.0,0.0,0.0,0.0,,,,,18473,global,0.4
2,2,lr1e-05_bs32_modL1_fusion16_fusionL1_fusionBN0_drop0p2__wd1e-04trmiss40_trlocglobal,32,1e-05,0.0001,1,16,1,False,0.2,lr1e-05_bs32_modL1_fusion16_fusionL1_fusionBN0_drop0p2__wd1e-04trmiss40_trlocglobal,62,0.6411453982194265,0.6939304769039154,0.4980237154150198,0.502500364563257,0.4444444444444444,0.0,0.0,0.0,0.0,0.0,0.0,0.0,0.0,0.0,,,,,18473,global,0.4
2,2,lr1e-05_bs32_modL1_fusion16_fusionL1_fusionBN0_drop0p2__wd1e-04trmiss40_trlocglobal,32,1e-05,0.0001,1,16,1,False,0.2,lr1e-05_bs32_modL1_fusion16_fusionL1_fusionBN0_drop0p2__wd1e-04trmiss40_trlocglobal,63,0.6401671866575877,0.6938562095165253,0.49999999999999994,0.5042701865760457,0.4444444444444444,0.0,0.0,0.0,0.0,0.0,0.0,0.0,0.0,0.0,,,,,18473,global,0.4
2,2,lr1e-05_bs32_modL1_fusion16_fusionL1_fusionBN0_drop0p2__wd1e-04trmiss40_trlocglobal,32,1e-05,0.0001,1,16,1,False,0.2,lr1e-05_bs32_modL1_fusion16_fusionL1_fusionBN0_drop0p2__wd1e-04trmiss40_trlocglobal,64,0.6536298096179962,0.6938908398151398,0.4960474308300395,0.5020176173693339,0.4444444444444444,0.0,0.0,0.0,0.0,0.0,0.0,0.0,0.0,0.0,,,,,18473,global,0.4
2,2,lr1e-05_bs32_modL1_fusion16_fusionL1_fusionBN0_drop0p2__wd1e-04trmiss40_trlocglobal,32,1e-05,0.0001,1,16,1,False,0.2,lr1e-05_bs32_modL1_fusion16_fusionL1_fusionBN0_drop0p2__wd1e-04trmiss40_trlocglobal,65,0.6423662702242533,0.6938569247722626,0.5019762845849802,0.5036813361917989,0.4444444444444444,0.0,0.0,0.0,0.0,0.0,0.0,0.0,0.0,0.0,,,,,18473,global,0.4
2,2,lr1e-05_bs32_modL1_fusion16_fusionL1_fusionBN0_drop0p2__wd1e-04trmiss40_trlocglobal,32,1e-05,0.0001,1,16,1,False,0.2,lr1e-05_bs32_modL1_fusion16_fusionL1_fusionBN0_drop0p2__wd1e-04trmiss40_trlocglobal,66,0.6411605874697367,0.693545401096344,0.5,0.5035770011675554,0.4444444444444444,0.0,0.0,0.0,0.0,0.0,0.0,0.0,0.0,0.0,,,,,18473,global,0.4
2,2,lr1e-05_bs32_modL1_fusion16_fusionL1_fusionBN0_drop0p2__wd1e-04trmiss40_trlocglobal,32,1e-05,0.0001,1,16,1,False,0.2,lr1e-05_bs32_modL1_fusion16_fusionL1_fusionBN0_drop0p2__wd1e-04trmiss40_trlocglobal,67,0.6353375613689423,0.6939443945884705,0.49604743083003944,0.5011615422303574,0.4444444444444444,0.0,0.0,0.0,0.0,0.0,0.0,0.0,0.0,0.0,,,,,18473,global,0.4
2,2,lr1e-05_bs32_modL1_fusion16_fusionL1_fusionBN0_drop0p2__wd1e-04trmiss40_trlocglobal,32,1e-05,0.0001,1,16,1,False,0.2,lr1e-05_bs32_modL1_fusion16_fusionL1_fusionBN0_drop0p2__wd1e-04trmiss40_trlocglobal,68,0.6437675754229227,0.6941646635532379,0.4920948616600791,0.49922541995536046,0.4444444444444444,0.0,0.0,0.0,0.0,0.0,0.0,0.0,0.0,0.0,,,,,18473,global,0.4
2,2,lr1e-05_bs32_modL1_fusion16_fusionL1_fusionBN0_drop0p2__wd1e-04trmiss40_trlocglobal,32,1e-05,0.0001,1,16,1,False,0.2,lr1e-05_bs32_modL1_fusion16_fusionL1_fusionBN0_drop0p2__wd1e-04trmiss40_trlocglobal,69,0.6387103895346323,0.6938712298870087,0.4980237154150198,0.5032500658300271,0.4444444444444444,0.0,0.0,0.0,0.0,0.0,0.0,0.0,0.0,0.0,,,,,18473,global,0.4
2,2,lr1e-05_bs32_modL1_fusion16_fusionL1_fusionBN0_drop0p2__wd1e-04trmiss40_trlocglobal,32,1e-05,0.0001,1,16,1,False,0.2,lr1e-05_bs32_modL1_fusion16_fusionL1_fusionBN0_drop0p2__wd1e-04trmiss40_trlocglobal,70,0.6428444484869639,0.6937539577484131,0.5039525691699605,0.5049950688051449,0.4666666666666667,0.0,0.0,0.0,0.0,0.0,0.0,0.0,0.0,0.0,,,,,18473,global,0.4
2,2,lr1e-05_bs32_modL1_fusion16_fusionL1_fusionBN0_drop0p2__wd1e-04trmiss40_trlocglobal,32,1e-05,0.0001,1,16,1,False,0.2,lr1e-05_bs32_modL1_fusion16_fusionL1_fusionBN0_drop0p2__wd1e-04trmiss40_trlocglobal,71,0.6431218683719635,0.6936677694320679,0.5019762845849802,0.5037162964266282,0.4666666666666667,0.0,0.0,0.0,0.0,0.0,0.0,0.0,0.0,0.0,,,,,18473,global,0.4
2,2,lr1e-05_bs32_modL1_fusion16_fusionL1_fusionBN0_drop0p2__wd1e-04trmiss40_trlocglobal,32,1e-05,0.0001,1,16,1,False,0.2,lr1e-05_bs32_modL1_fusion16_fusionL1_fusionBN0_drop0p2__wd1e-04trmiss40_trlocglobal,72,0.6409676373004913,0.693996250629425,0.4980237154150198,0.5017445191573682,0.4666666666666667,0.0,0.0,0.0,0.0,0.0,0.0,0.0,0.0,0.0,,,,,18473,global,0.4
2,2,lr1e-05_bs32_modL1_fusion16_fusionL1_fusionBN0_drop0p2__wd1e-04trmiss40_trlocglobal,32,1e-05,0.0001,1,16,1,False,0.2,lr1e-05_bs32_modL1_fusion16_fusionL1_fusionBN0_drop0p2__wd1e-04trmiss40_trlocglobal,73,0.6431810359160105,0.6944042146205902,0.492094861660079,0.498244341284845,0.4444444444444444,0.0,0.0,0.0,0.0,0.0,0.0,0.0,0.0,0.0,,,,,18473,global,0.4
2,2,lr1e-05_bs32_modL1_fusion16_fusionL1_fusionBN0_drop0p2__wd1e-04trmiss40_trlocglobal,32,1e-05,0.0001,1,16,1,False,0.2,lr1e-05_bs32_modL1_fusion16_fusionL1_fusionBN0_drop0p2__wd1e-04trmiss40_trlocglobal,74,0.6381540695826212,0.6940529048442841,0.492094861660079,0.499278596884318,0.4444444444444444,0.0,0.0,0.0,0.0,0.0,0.0,0.0,0.0,0.0,,,,,18473,global,0.4
2,2,lr1e-05_bs32_modL1_fusion16_fusionL1_fusionBN0_drop0p2__wd1e-04trmiss40_trlocglobal,32,1e-05,0.0001,1,16,1,False,0.2,lr1e-05_bs32_modL1_fusion16_fusionL1_fusionBN0_drop0p2__wd1e-04trmiss40_trlocglobal,75,0.6397416293621063,0.6940177083015442,0.4940711462450593,0.4986315480137065,0.4444444444444444,0.0,0.0,0.0,0.0,0.0,0.0,0.0,0.0,0.0,,,,,18473,global,0.4
2,2,lr1e-05_bs32_modL1_fusion16_fusionL1_fusionBN0_drop0p2__wd1e-04trmiss40_trlocglobal,32,1e-05,0.0001,1,16,1,False,0.2,lr1e-05_bs32_modL1_fusion16_fusionL1_fusionBN0_drop0p2__wd1e-04trmiss40_trlocglobal,76,0.6425776183605194,0.6940129995346069,0.4940711462450593,0.4992110258623557,0.4666666666666667,0.0,0.0,0.0,0.0,0.0,0.0,0.0,0.0,0.0,,,,,18473,global,0.4
2,2,lr1e-05_bs32_modL1_fusion16_fusionL1_fusionBN0_drop0p2__wd1e-04trmiss40_trlocglobal,32,1e-05,0.0001,1,16,1,False,0.2,lr1e-05_bs32_modL1_fusion16_fusionL1_fusionBN0_drop0p2__wd1e-04trmiss40_trlocglobal,77,0.6462060511112213,0.6942359805107117,0.49407114624505927,0.4991426601852503,0.4444444444444444,0.0,0.0,0.0,0.0,0.0,0.0,0.0,0.0,0.0,,,,,18473,global,0.4
2,2,lr1e-05_bs32_modL1_fusion16_fusionL1_fusionBN0_drop0p2__wd1e-04trmiss40_trlocglobal,32,1e-05,0.0001,1,16,1,False,0.2,lr1e-05_bs32_modL1_fusion16_fusionL1_fusionBN0_drop0p2__wd1e-04trmiss40_trlocglobal,78,0.635259747505188,0.6941558420658112,0.49604743083003955,0.49952986691411183,0.4444444444444444,0.0,0.0,0.0,0.0,0.0,0.0,0.0,0.0,0.0,,,,,18473,global,0.4
2,2,lr1e-05_bs32_modL1_fusion16_fusionL1_fusionBN0_drop0p2__wd1e-04trmiss40_trlocglobal,32,1e-05,0.0001,1,16,1,False,0.2,lr1e-05_bs32_modL1_fusion16_fusionL1_fusionBN0_drop0p2__wd1e-04trmiss40_trlocglobal,79,0.6372886896133423,0.6938886046409607,0.5,0.5016160606593444,0.4444444444444444,0.0,0.0,0.0,0.0,0.0,0.0,0.0,0.0,0.0,,,,,18473,global,0.4
2,2,lr1e-05_bs32_modL1_fusion16_fusionL1_fusionBN0_drop0p2__wd1e-04trmiss40_trlocglobal,32,1e-05,0.0001,1,16,1,False,0.2,lr1e-05_bs32_modL1_fusion16_fusionL1_fusionBN0_drop0p2__wd1e-04trmiss40_trlocglobal,80,0.6477128465970358,0.6938512027263641,0.49604743083003955,0.49957357699921373,0.4444444444444444,0.0,0.0,0.0,0.0,0.0,0.0,0.0,0.0,0.0,,,,,18473,global,0.4
2,2,lr1e-05_bs32_modL1_fusion16_fusionL1_fusionBN0_drop0p1__wd1e-04trmiss40_trlocglobal,32,1e-05,0.0001,1,16,1,False,0.1,lr1e-05_bs32_modL1_fusion16_fusionL1_fusionBN0_drop0p1__wd1e-04trmiss40_trlocglobal,1,0.7236557602882385,0.7093615829944611,0.34782608695652173,0.460365133942111,0.4888888888888889,0.0,0.0,0.0,0.0,0.0,0.0,0.0,0.0,0.0,,,,,18473,global,0.4
2,2,lr1e-05_bs32_modL1_fusion16_fusionL1_fusionBN0_drop0p1__wd1e-04trmiss40_trlocglobal,32,1e-05,0.0001,1,16,1,False,0.1,lr1e-05_bs32_modL1_fusion16_fusionL1_fusionBN0_drop0p1__wd1e-04trmiss40_trlocglobal,2,0.7073946495850881,0.7109600901603699,0.3320158102766798,0.45448745488462006,0.4888888888888889,0.0,0.0,0.0,0.0,0.0,0.0,0.0,0.0,0.0,,,,,18473,global,0.4
2,2,lr1e-05_bs32_modL1_fusion16_fusionL1_fusionBN0_drop0p1__wd1e-04trmiss40_trlocglobal,32,1e-05,0.0001,1,16,1,False,0.1,lr1e-05_bs32_modL1_fusion16_fusionL1_fusionBN0_drop0p1__wd1e-04trmiss40_trlocglobal,3,0.7102563579877218,0.7120021879673004,0.34782608695652173,0.47452900726174496,0.4888888888888889,0.0,0.0,0.0,0.0,0.0,0.0,0.0,0.0,0.0,,,,,18473,global,0.4
2,2,lr1e-05_bs32_modL1_fusion16_fusionL1_fusionBN0_drop0p1__wd1e-04trmiss40_trlocglobal,32,1e-05,0.0001,1,16,1,False,0.1,lr1e-05_bs32_modL1_fusion16_fusionL1_fusionBN0_drop0p1__wd1e-04trmiss40_trlocglobal,4,0.7134731809298197,0.7128427922725677,0.3458498023715415,0.47377378263316283,0.5111111111111111,0.0,0.0,0.0,0.0,0.0,0.0,0.0,0.0,0.0,,,,,18473,global,0.4
2,2,lr1e-05_bs32_modL1_fusion16_fusionL1_fusionBN0_drop0p1__wd1e-04trmiss40_trlocglobal,32,1e-05,0.0001,1,16,1,False,0.1,lr1e-05_bs32_modL1_fusion16_fusionL1_fusionBN0_drop0p1__wd1e-04trmiss40_trlocglobal,5,0.7065923909346262,0.7133934199810028,0.34980237154150196,0.48066716989825453,0.5111111111111111,0.0,0.0,0.0,0.0,0.0,0.0,0.0,0.0,0.0,,,,,18473,global,0.4
2,2,lr1e-05_bs32_modL1_fusion16_fusionL1_fusionBN0_drop0p1__wd1e-04trmiss40_trlocglobal,32,1e-05,0.0001,1,16,1,False,0.1,lr1e-05_bs32_modL1_fusion16_fusionL1_fusionBN0_drop0p1__wd1e-04trmiss40_trlocglobal,6,0.6982660392920176,0.71319779753685,0.35770750988142297,0.483471245113657,0.5111111111111111,0.0,0.0,0.0,0.0,0.0,0.0,0.0,0.0,0.0,,,,,18473,global,0.4
2,2,lr1e-05_bs32_modL1_fusion16_fusionL1_fusionBN0_drop0p1__wd1e-04trmiss40_trlocglobal,32,1e-05,0.0001,1,16,1,False,0.1,lr1e-05_bs32_modL1_fusion16_fusionL1_fusionBN0_drop0p1__wd1e-04trmiss40_trlocglobal,7,0.7041765948136648,0.7137955725193024,0.349802371541502,0.4806054743019359,0.5111111111111111,0.0,0.0,0.0,0.0,0.0,0.0,0.0,0.0,0.0,,,,,18473,global,0.4
2,2,lr1e-05_bs32_modL1_fusion16_fusionL1_fusionBN0_drop0p1__wd1e-04trmiss40_trlocglobal,32,1e-05,0.0001,1,16,1,False,0.1,lr1e-05_bs32_modL1_fusion16_fusionL1_fusionBN0_drop0p1__wd1e-04trmiss40_trlocglobal,8,0.7007744312286377,0.7134869396686554,0.35375494071146246,0.4818716864528566,0.5111111111111111,0.0,0.0,0.0,0.0,0.0,0.0,0.0,0.0,0.0,,,,,18473,global,0.4
2,2,lr1e-05_bs32_modL1_fusion16_fusionL1_fusionBN0_drop0p1__wd1e-04trmiss40_trlocglobal,32,1e-05,0.0001,1,16,1,False,0.1,lr1e-05_bs32_modL1_fusion16_fusionL1_fusionBN0_drop0p1__wd1e-04trmiss40_trlocglobal,9,0.7011890610059103,0.7128266096115112,0.3577075098814229,0.48334531938429004,0.5111111111111111,0.0,0.0,0.0,0.0,0.0,0.0,0.0,0.0,0.0,,,,,18473,global,0.4
2,2,lr1e-05_bs32_modL1_fusion16_fusionL1_fusionBN0_drop0p1__wd1e-04trmiss40_trlocglobal,32,1e-05,0.0001,1,16,1,False,0.1,lr1e-05_bs32_modL1_fusion16_fusionL1_fusionBN0_drop0p1__wd1e-04trmiss40_trlocglobal,10,0.7098215917746226,0.712869793176651,0.3557312252964427,0.4826916226754744,0.5111111111111111,0.0,0.0,0.0,0.0,0.0,0.0,0.0,0.0,0.0,,,,,18473,global,0.4
2,2,lr1e-05_bs32_modL1_fusion16_fusionL1_fusionBN0_drop0p1__wd1e-04trmiss40_trlocglobal,32,1e-05,0.0001,1,16,1,False,0.1,lr1e-05_bs32_modL1_fusion16_fusionL1_fusionBN0_drop0p1__wd1e-04trmiss40_trlocglobal,11,0.6926450033982595,0.7125429809093475,0.36363636363636365,0.48565565706754477,0.5111111111111111,0.0,0.0,0.0,0.0,0.0,0.0,0.0,0.0,0.0,,,,,18473,global,0.4
2,2,lr1e-05_bs32_modL1_fusion16_fusionL1_fusionBN0_drop0p1__wd1e-04trmiss40_trlocglobal,32,1e-05,0.0001,1,16,1,False,0.1,lr1e-05_bs32_modL1_fusion16_fusionL1_fusionBN0_drop0p1__wd1e-04trmiss40_trlocglobal,12,0.6957703828811646,0.7124361395835876,0.3616600790513834,0.485336067167745,0.5111111111111111,0.0,0.0,0.0,0.0,0.0,0.0,0.0,0.0,0.0,,,,,18473,global,0.4
2,2,lr1e-05_bs32_modL1_fusion16_fusionL1_fusionBN0_drop0p1__wd1e-04trmiss40_trlocglobal,32,1e-05,0.0001,1,16,1,False,0.1,lr1e-05_bs32_modL1_fusion16_fusionL1_fusionBN0_drop0p1__wd1e-04trmiss40_trlocglobal,13,0.6865988075733185,0.7122045159339905,0.3695652173913043,0.48837572560470477,0.5111111111111111,0.0,0.0,0.0,0.0,0.0,0.0,0.0,0.0,0.0,,,,,18473,global,0.4
2,2,lr1e-05_bs32_modL1_fusion16_fusionL1_fusionBN0_drop0p1__wd1e-04trmiss40_trlocglobal,32,1e-05,0.0001,1,16,1,False,0.1,lr1e-05_bs32_modL1_fusion16_fusionL1_fusionBN0_drop0p1__wd1e-04trmiss40_trlocglobal,14,0.6859060724576315,0.7115104794502258,0.37351778656126483,0.49000171554181404,0.5111111111111111,0.0,0.0,0.0,0.0,0.0,0.0,0.0,0.0,0.0,,,,,18473,global,0.4
2,2,lr1e-05_bs32_modL1_fusion16_fusionL1_fusionBN0_drop0p1__wd1e-04trmiss40_trlocglobal,32,1e-05,0.0001,1,16,1,False,0.1,lr1e-05_bs32_modL1_fusion16_fusionL1_fusionBN0_drop0p1__wd1e-04trmiss40_trlocglobal,15,0.6873122950394949,0.7111908197402954,0.37747035573122534,0.4914621391761508,0.5111111111111111,0.0,0.0,0.0,0.0,0.0,0.0,0.0,0.0,0.0,,,,,18473,global,0.4
2,2,lr1e-05_bs32_modL1_fusion16_fusionL1_fusionBN0_drop0p1__wd1e-04trmiss40_trlocglobal,32,1e-05,0.0001,1,16,1,False,0.1,lr1e-05_bs32_modL1_fusion16_fusionL1_fusionBN0_drop0p1__wd1e-04trmiss40_trlocglobal,16,0.6815586487452189,0.7104945480823517,0.38735177865612647,0.49601976281695015,0.5111111111111111,0.0,0.0,0.0,0.0,0.0,0.0,0.0,0.0,0.0,,,,,18473,global,0.4
2,2,lr1e-05_bs32_modL1_fusion16_fusionL1_fusionBN0_drop0p1__wd1e-04trmiss40_trlocglobal,32,1e-05,0.0001,1,16,1,False,0.1,lr1e-05_bs32_modL1_fusion16_fusionL1_fusionBN0_drop0p1__wd1e-04trmiss40_trlocglobal,17,0.6868960559368134,0.7102947533130646,0.3932806324110672,0.512719945421023,0.5111111111111111,0.0,0.0,0.0,0.0,0.0,0.0,0.0,0.0,0.0,,,,,18473,global,0.4
2,2,lr1e-05_bs32_modL1_fusion16_fusionL1_fusionBN0_drop0p1__wd1e-04trmiss40_trlocglobal,32,1e-05,0.0001,1,16,1,False,0.1,lr1e-05_bs32_modL1_fusion16_fusionL1_fusionBN0_drop0p1__wd1e-04trmiss40_trlocglobal,18,0.6807308197021484,0.7101921439170837,0.39723320158102765,0.5140241320373922,0.5111111111111111,0.0,0.0,0.0,0.0,0.0,0.0,0.0,0.0,0.0,,,,,18473,global,0.4
2,2,lr1e-05_bs32_modL1_fusion16_fusionL1_fusionBN0_drop0p1__wd1e-04trmiss40_trlocglobal,32,1e-05,0.0001,1,16,1,False,0.1,lr1e-05_bs32_modL1_fusion16_fusionL1_fusionBN0_drop0p1__wd1e-04trmiss40_trlocglobal,19,0.6813145577907562,0.709837943315506,0.391304347826087,0.4987060842718629,0.5111111111111111,0.0,0.0,0.0,0.0,0.0,0.0,0.0,0.0,0.0,,,,,18473,global,0.4
2,2,lr1e-05_bs32_modL1_fusion16_fusionL1_fusionBN0_drop0p1__wd1e-04trmiss40_trlocglobal,32,1e-05,0.0001,1,16,1,False,0.1,lr1e-05_bs32_modL1_fusion16_fusionL1_fusionBN0_drop0p1__wd1e-04trmiss40_trlocglobal,20,0.6812637448310852,0.7098304331302643,0.39723320158102765,0.5136410086207759,0.5111111111111111,0.0,0.0,0.0,0.0,0.0,0.0,0.0,0.0,0.0,,,,,18473,global,0.4
2,2,lr1e-05_bs32_modL1_fusion16_fusionL1_fusionBN0_drop0p1__wd1e-04trmiss40_trlocglobal,32,1e-05,0.0001,1,16,1,False,0.1,lr1e-05_bs32_modL1_fusion16_fusionL1_fusionBN0_drop0p1__wd1e-04trmiss40_trlocglobal,21,0.6740534802277883,0.7089709639549255,0.4011857707509881,0.5255975303599063,0.5555555555555556,0.0,0.0,0.0,0.0,0.0,0.0,0.0,0.0,0.0,,,,,18473,global,0.4
2,2,lr1e-05_bs32_modL1_fusion16_fusionL1_fusionBN0_drop0p1__wd1e-04trmiss40_trlocglobal,32,1e-05,0.0001,1,16,1,False,0.1,lr1e-05_bs32_modL1_fusion16_fusionL1_fusionBN0_drop0p1__wd1e-04trmiss40_trlocglobal,22,0.6753131647904714,0.7086079716682434,0.4031620553359684,0.5279133305017933,0.5555555555555556,0.0,0.0,0.0,0.0,0.0,0.0,0.0,0.0,0.0,,,,,18473,global,0.4
2,2,lr1e-05_bs32_modL1_fusion16_fusionL1_fusionBN0_drop0p1__wd1e-04trmiss40_trlocglobal,32,1e-05,0.0001,1,16,1,False,0.1,lr1e-05_bs32_modL1_fusion16_fusionL1_fusionBN0_drop0p1__wd1e-04trmiss40_trlocglobal,23,0.6774881382783254,0.7090568542480469,0.3952569169960474,0.5240307650631638,0.5555555555555556,0.0,0.0,0.0,0.0,0.0,0.0,0.0,0.0,0.0,,,,,18473,global,0.4
2,2,lr1e-05_bs32_modL1_fusion16_fusionL1_fusionBN0_drop0p1__wd1e-04trmiss40_trlocglobal,32,1e-05,0.0001,1,16,1,False,0.1,lr1e-05_bs32_modL1_fusion16_fusionL1_fusionBN0_drop0p1__wd1e-04trmiss40_trlocglobal,24,0.6671296457449595,0.709052711725235,0.39920948616600793,0.5265016986553789,0.5555555555555556,0.0,0.0,0.0,0.0,0.0,0.0,0.0,0.0,0.0,,,,,18473,global,0.4
2,2,lr1e-05_bs32_modL1_fusion16_fusionL1_fusionBN0_drop0p1__wd1e-04trmiss40_trlocglobal,32,1e-05,0.0001,1,16,1,False,0.1,lr1e-05_bs32_modL1_fusion16_fusionL1_fusionBN0_drop0p1__wd1e-04trmiss40_trlocglobal,25,0.674182136853536,0.7087730765342712,0.4051383399209486,0.5295276640111672,0.5555555555555556,0.0,0.0,0.0,0.0,0.0,0.0,0.0,0.0,0.0,,,,,18473,global,0.4
2,2,lr1e-05_bs32_modL1_fusion16_fusionL1_fusionBN0_drop0p1__wd1e-04trmiss40_trlocglobal,32,1e-05,0.0001,1,16,1,False,0.1,lr1e-05_bs32_modL1_fusion16_fusionL1_fusionBN0_drop0p1__wd1e-04trmiss40_trlocglobal,26,0.6666074891885122,0.7083520293235779,0.4051383399209486,0.5312629685200849,0.5555555555555556,0.0,0.0,0.0,0.0,0.0,0.0,0.0,0.0,0.0,,,,,18473,global,0.4
2,2,lr1e-05_bs32_modL1_fusion16_fusionL1_fusionBN0_drop0p1__wd1e-04trmiss40_trlocglobal,32,1e-05,0.0001,1,16,1,False,0.1,lr1e-05_bs32_modL1_fusion16_fusionL1_fusionBN0_drop0p1__wd1e-04trmiss40_trlocglobal,27,0.661529133717219,0.7081399261951447,0.40118577075098816,0.529837051441994,0.5333333333333333,0.0,0.0,0.0,0.0,0.0,0.0,0.0,0.0,0.0,,,,,18473,global,0.4
2,2,lr1e-05_bs32_modL1_fusion16_fusionL1_fusionBN0_drop0p1__wd1e-04trmiss40_trlocglobal,32,1e-05,0.0001,1,16,1,False,0.1,lr1e-05_bs32_modL1_fusion16_fusionL1_fusionBN0_drop0p1__wd1e-04trmiss40_trlocglobal,28,0.6700672109921774,0.7086418867111206,0.40118577075098816,0.5300958755190702,0.5555555555555556,0.0,0.0,0.0,0.0,0.0,0.0,0.0,0.0,0.0,,,,,18473,global,0.4
2,2,lr1e-05_bs32_modL1_fusion16_fusionL1_fusionBN0_drop0p1__wd1e-04trmiss40_trlocglobal,32,1e-05,0.0001,1,16,1,False,0.1,lr1e-05_bs32_modL1_fusion16_fusionL1_fusionBN0_drop0p1__wd1e-04trmiss40_trlocglobal,29,0.6620888710021973,0.7087450623512268,0.4110671936758893,0.5333821489426434,0.5555555555555556,0.0,0.0,0.0,0.0,0.0,0.0,0.0,0.0,0.0,,,,,18473,global,0.4
2,2,lr1e-05_bs32_modL1_fusion16_fusionL1_fusionBN0_drop0p1__wd1e-04trmiss40_trlocglobal,32,1e-05,0.0001,1,16,1,False,0.1,lr1e-05_bs32_modL1_fusion16_fusionL1_fusionBN0_drop0p1__wd1e-04trmiss40_trlocglobal,30,0.669111023346583,0.7083398699760437,0.41304347826086957,0.5340032669550657,0.5555555555555556,0.0,0.0,0.0,0.0,0.0,0.0,0.0,0.0,0.0,,,,,18473,global,0.4
2,2,lr1e-05_bs32_modL1_fusion16_fusionL1_fusionBN0_drop0p1__wd1e-04trmiss40_trlocglobal,32,1e-05,0.0001,1,16,1,False,0.1,lr1e-05_bs32_modL1_fusion16_fusionL1_fusionBN0_drop0p1__wd1e-04trmiss40_trlocglobal,31,0.663919061422348,0.7083405256271362,0.4130434782608695,0.5352266812219583,0.5555555555555556,0.0,0.0,0.0,0.0,0.0,0.0,0.0,0.0,0.0,,,,,18473,global,0.4
2,2,lr1e-05_bs32_modL1_fusion16_fusionL1_fusionBN0_drop0p1__wd1e-04trmiss40_trlocglobal,32,1e-05,0.0001,1,16,1,False,0.1,lr1e-05_bs32_modL1_fusion16_fusionL1_fusionBN0_drop0p1__wd1e-04trmiss40_trlocglobal,32,0.6631043255329132,0.7085937857627869,0.40909090909090906,0.5337358210354459,0.5555555555555556,0.0,0.0,0.0,0.0,0.0,0.0,0.0,0.0,0.0,,,,,18473,global,0.4
2,2,lr1e-05_bs32_modL1_fusion16_fusionL1_fusionBN0_drop0p1__wd1e-04trmiss40_trlocglobal,32,1e-05,0.0001,1,16,1,False,0.1,lr1e-05_bs32_modL1_fusion16_fusionL1_fusionBN0_drop0p1__wd1e-04trmiss40_trlocglobal,33,0.6559402942657471,0.7082720398902893,0.41304347826086957,0.5354736399088147,0.5555555555555556,0.0,0.0,0.0,0.0,0.0,0.0,0.0,0.0,0.0,,,,,18473,global,0.4
2,2,lr1e-05_bs32_modL1_fusion16_fusionL1_fusionBN0_drop0p1__wd1e-04trmiss40_trlocglobal,32,1e-05,0.0001,1,16,1,False,0.1,lr1e-05_bs32_modL1_fusion16_fusionL1_fusionBN0_drop0p1__wd1e-04trmiss40_trlocglobal,34,0.6672888100147247,0.7085153758525848,0.4150197628458498,0.5362212819608045,0.5555555555555556,0.0,0.0,0.0,0.0,0.0,0.0,0.0,0.0,0.0,,,,,18473,global,0.4
2,2,lr1e-05_bs32_modL1_fusion16_fusionL1_fusionBN0_drop0p1__wd1e-04trmiss40_trlocglobal,32,1e-05,0.0001,1,16,1,False,0.1,lr1e-05_bs32_modL1_fusion16_fusionL1_fusionBN0_drop0p1__wd1e-04trmiss40_trlocglobal,35,0.6606499056021372,0.7087132632732391,0.4169960474308301,0.5373402077920066,0.5555555555555556,0.0,0.0,0.0,0.0,0.0,0.0,0.0,0.0,0.0,,,,,18473,global,0.4
2,2,lr1e-05_bs32_modL1_fusion16_fusionL1_fusionBN0_drop0p1__wd1e-04trmiss40_trlocglobal,32,1e-05,0.0001,1,16,1,False,0.1,lr1e-05_bs32_modL1_fusion16_fusionL1_fusionBN0_drop0p1__wd1e-04trmiss40_trlocglobal,36,0.6603206594785055,0.7085496485233307,0.41304347826086957,0.5353599818987372,0.5555555555555556,0.0,0.0,0.0,0.0,0.0,0.0,0.0,0.0,0.0,,,,,18473,global,0.4
2,2,lr1e-05_bs32_modL1_fusion16_fusionL1_fusionBN0_drop0p1__wd1e-04trmiss40_trlocglobal,32,1e-05,0.0001,1,16,1,False,0.1,lr1e-05_bs32_modL1_fusion16_fusionL1_fusionBN0_drop0p1__wd1e-04trmiss40_trlocglobal,37,0.6557096739610037,0.7080090343952179,0.42490118577075103,0.5399533633824779,0.5555555555555556,0.0,0.0,0.0,0.0,0.0,0.0,0.0,0.0,0.0,,,,,18473,global,0.4
2,2,lr1e-05_bs32_modL1_fusion16_fusionL1_fusionBN0_drop0p1__wd1e-04trmiss40_trlocglobal,32,1e-05,0.0001,1,16,1,False,0.1,lr1e-05_bs32_modL1_fusion16_fusionL1_fusionBN0_drop0p1__wd1e-04trmiss40_trlocglobal,38,0.6583963533242544,0.708000898361206,0.4209486166007905,0.5387389502115429,0.5555555555555556,0.0,0.0,0.0,0.0,0.0,0.0,0.0,0.0,0.0,,,,,18473,global,0.4
2,2,lr1e-05_bs32_modL1_fusion16_fusionL1_fusionBN0_drop0p1__wd1e-04trmiss40_trlocglobal,32,1e-05,0.0001,1,16,1,False,0.1,lr1e-05_bs32_modL1_fusion16_fusionL1_fusionBN0_drop0p1__wd1e-04trmiss40_trlocglobal,39,0.6586587528387705,0.7074753642082214,0.4268774703557312,0.5431701671427599,0.5555555555555556,0.0,0.0,0.0,0.0,0.0,0.0,0.0,0.0,0.0,,,,,18473,global,0.4
2,2,lr1e-05_bs32_modL1_fusion16_fusionL1_fusionBN0_drop0p1__wd1e-04trmiss40_trlocglobal,32,1e-05,0.0001,1,16,1,False,0.1,lr1e-05_bs32_modL1_fusion16_fusionL1_fusionBN0_drop0p1__wd1e-04trmiss40_trlocglobal,40,0.6578355928262075,0.7075968682765961,0.43083003952569165,0.5462040935176473,0.5555555555555556,0.0,0.0,0.0,0.0,0.0,0.0,0.0,0.0,0.0,,,,,18473,global,0.4
2,2,lr1e-05_bs32_modL1_fusion16_fusionL1_fusionBN0_drop0p1__wd1e-04trmiss40_trlocglobal,32,1e-05,0.0001,1,16,1,False,0.1,lr1e-05_bs32_modL1_fusion16_fusionL1_fusionBN0_drop0p1__wd1e-04trmiss40_trlocglobal,41,0.6554314295450846,0.7077809870243073,0.43280632411067194,0.5465434079873966,0.5555555555555556,0.0,0.0,0.0,0.0,0.0,0.0,0.0,0.0,0.0,,,,,18473,global,0.4
2,2,lr1e-05_bs32_modL1_fusion16_fusionL1_fusionBN0_drop0p1__wd1e-04trmiss40_trlocglobal,32,1e-05,0.0001,1,16,1,False,0.1,lr1e-05_bs32_modL1_fusion16_fusionL1_fusionBN0_drop0p1__wd1e-04trmiss40_trlocglobal,42,0.6577903628349304,0.7075442373752594,0.42885375494071143,0.5452434560246663,0.5555555555555556,0.0,0.0,0.0,0.0,0.0,0.0,0.0,0.0,0.0,,,,,18473,global,0.4
2,2,lr1e-05_bs32_modL1_fusion16_fusionL1_fusionBN0_drop0p1__wd1e-04trmiss40_trlocglobal,32,1e-05,0.0001,1,16,1,False,0.1,lr1e-05_bs32_modL1_fusion16_fusionL1_fusionBN0_drop0p1__wd1e-04trmiss40_trlocglobal,43,0.6529335578282675,0.7073467969894409,0.4268774703557312,0.5445473754935033,0.5555555555555556,0.0,0.0,0.0,0.0,0.0,0.0,0.0,0.0,0.0,,,,,18473,global,0.4
2,2,lr1e-05_bs32_modL1_fusion16_fusionL1_fusionBN0_drop0p1__wd1e-04trmiss40_trlocglobal,32,1e-05,0.0001,1,16,1,False,0.1,lr1e-05_bs32_modL1_fusion16_fusionL1_fusionBN0_drop0p1__wd1e-04trmiss40_trlocglobal,44,0.6609991689523061,0.7076103985309601,0.4288537549407115,0.5452825915091889,0.5555555555555556,0.0,0.0,0.0,0.0,0.0,0.0,0.0,0.0,0.0,,,,,18473,global,0.4
2,2,lr1e-05_bs32_modL1_fusion16_fusionL1_fusionBN0_drop0p1__wd1e-04trmiss40_trlocglobal,32,1e-05,0.0001,1,16,1,False,0.1,lr1e-05_bs32_modL1_fusion16_fusionL1_fusionBN0_drop0p1__wd1e-04trmiss40_trlocglobal,45,0.6558872660001119,0.7075527906417847,0.4288537549407115,0.5452825915091889,0.5555555555555556,0.0,0.0,0.0,0.0,0.0,0.0,0.0,0.0,0.0,,,,,18473,global,0.4
2,2,lr1e-05_bs32_modL1_fusion16_fusionL1_fusionBN0_drop0p1__wd1e-04trmiss40_trlocglobal,32,1e-05,0.0001,1,16,1,False,0.1,lr1e-05_bs32_modL1_fusion16_fusionL1_fusionBN0_drop0p1__wd1e-04trmiss40_trlocglobal,46,0.6592399477958679,0.7079165875911713,0.43280632411067194,0.5468134592971455,0.5555555555555556,0.0,0.0,0.0,0.0,0.0,0.0,0.0,0.0,0.0,,,,,18473,global,0.4
2,2,lr1e-05_bs32_modL1_fusion16_fusionL1_fusionBN0_drop0p1__wd1e-04trmiss40_trlocglobal,32,1e-05,0.0001,1,16,1,False,0.1,lr1e-05_bs32_modL1_fusion16_fusionL1_fusionBN0_drop0p1__wd1e-04trmiss40_trlocglobal,47,0.6588271657625834,0.7081572413444519,0.42885375494071143,0.5454690758155035,0.5555555555555556,0.0,0.0,0.0,0.0,0.0,0.0,0.0,0.0,0.0,,,,,18473,global,0.4
2,2,lr1e-05_bs32_modL1_fusion16_fusionL1_fusionBN0_drop0p1__wd1e-04trmiss40_trlocglobal,32,1e-05,0.0001,1,16,1,False,0.1,lr1e-05_bs32_modL1_fusion16_fusionL1_fusionBN0_drop0p1__wd1e-04trmiss40_trlocglobal,48,0.6481195390224457,0.7078035175800323,0.43083003952569165,0.5466582248307394,0.5555555555555556,0.0,0.0,0.0,0.0,0.0,0.0,0.0,0.0,0.0,,,,,18473,global,0.4
2,2,lr1e-05_bs32_modL1_fusion16_fusionL1_fusionBN0_drop0p1__wd1e-04trmiss40_trlocglobal,32,1e-05,0.0001,1,16,1,False,0.1,lr1e-05_bs32_modL1_fusion16_fusionL1_fusionBN0_drop0p1__wd1e-04trmiss40_trlocglobal,49,0.6387032965819041,0.7077734768390656,0.4308300395256917,0.5461979233169691,0.5555555555555556,0.0,0.0,0.0,0.0,0.0,0.0,0.0,0.0,0.0,,,,,18473,global,0.4
2,2,lr1e-05_bs32_modL1_fusion16_fusionL1_fusionBN0_drop0p1__wd1e-04trmiss40_trlocglobal,32,1e-05,0.0001,1,16,1,False,0.1,lr1e-05_bs32_modL1_fusion16_fusionL1_fusionBN0_drop0p1__wd1e-04trmiss40_trlocglobal,50,0.6568485001722971,0.7077534198760986,0.43478260869565216,0.5494412560898483,0.5555555555555556,0.0,0.0,0.0,0.0,0.0,0.0,0.0,0.0,0.0,,,,,18473,global,0.4
2,2,lr1e-05_bs32_modL1_fusion16_fusionL1_fusionBN0_drop0p1__wd1e-04trmiss40_trlocglobal,32,1e-05,0.0001,1,16,1,False,0.1,lr1e-05_bs32_modL1_fusion16_fusionL1_fusionBN0_drop0p1__wd1e-04trmiss40_trlocglobal,51,0.653737743695577,0.7076877951622009,0.44071146245059284,0.5520379008153304,0.5555555555555556,0.0,0.0,0.0,0.0,0.0,0.0,0.0,0.0,0.0,,,,,18473,global,0.4
2,2,lr1e-05_bs32_modL1_fusion16_fusionL1_fusionBN0_drop0p1__wd1e-04trmiss40_trlocglobal,32,1e-05,0.0001,1,16,1,False,0.1,lr1e-05_bs32_modL1_fusion16_fusionL1_fusionBN0_drop0p1__wd1e-04trmiss40_trlocglobal,52,0.6495327353477478,0.707511842250824,0.44268774703557306,0.5533936332055456,0.5333333333333333,0.0,0.0,0.0,0.0,0.0,0.0,0.0,0.0,0.0,,,,,18473,global,0.4
2,2,lr1e-05_bs32_modL1_fusion16_fusionL1_fusionBN0_drop0p1__wd1e-04trmiss40_trlocglobal,32,1e-05,0.0001,1,16,1,False,0.1,lr1e-05_bs32_modL1_fusion16_fusionL1_fusionBN0_drop0p1__wd1e-04trmiss40_trlocglobal,53,0.653581420580546,0.7075721621513367,0.44071146245059284,0.5527439580431268,0.5333333333333333,0.0,0.0,0.0,0.0,0.0,0.0,0.0,0.0,0.0,,,,,18473,global,0.4
2,2,lr1e-05_bs32_modL1_fusion16_fusionL1_fusionBN0_drop0p1__wd1e-04trmiss40_trlocglobal,32,1e-05,0.0001,1,16,1,False,0.1,lr1e-05_bs32_modL1_fusion16_fusionL1_fusionBN0_drop0p1__wd1e-04trmiss40_trlocglobal,54,0.6449253459771475,0.707746684551239,0.4387351778656126,0.5519677161274545,0.5333333333333333,0.0,0.0,0.0,0.0,0.0,0.0,0.0,0.0,0.0,,,,,18473,global,0.4
2,2,lr1e-05_bs32_modL1_fusion16_fusionL1_fusionBN0_drop0p1__wd1e-04trmiss40_trlocglobal,32,1e-05,0.0001,1,16,1,False,0.1,lr1e-05_bs32_modL1_fusion16_fusionL1_fusionBN0_drop0p1__wd1e-04trmiss40_trlocglobal,55,0.6444579462210337,0.7078553438186646,0.43873517786561267,0.5520920048878737,0.5555555555555556,0.0,0.0,0.0,0.0,0.0,0.0,0.0,0.0,0.0,,,,,18473,global,0.4
2,2,lr1e-05_bs32_modL1_fusion16_fusionL1_fusionBN0_drop0p1__wd1e-04trmiss40_trlocglobal,32,1e-05,0.0001,1,16,1,False,0.1,lr1e-05_bs32_modL1_fusion16_fusionL1_fusionBN0_drop0p1__wd1e-04trmiss40_trlocglobal,56,0.6524068911870321,0.7085480690002441,0.4446640316205533,0.5533436489074679,0.5555555555555556,0.0,0.0,0.0,0.0,0.0,0.0,0.0,0.0,0.0,,,,,18473,global,0.4
2,2,lr1e-05_bs32_modL1_fusion16_fusionL1_fusionBN0_drop0p1__wd1e-04trmiss40_trlocglobal,32,1e-05,0.0001,1,16,1,False,0.1,lr1e-05_bs32_modL1_fusion16_fusionL1_fusionBN0_drop0p1__wd1e-04trmiss40_trlocglobal,57,0.6460615495840708,0.7083989679813385,0.4387351778656126,0.5506572194575323,0.5555555555555556,0.0,0.0,0.0,0.0,0.0,0.0,0.0,0.0,0.0,,,,,18473,global,0.4
2,2,lr1e-05_bs32_modL1_fusion16_fusionL1_fusionBN0_drop0p1__wd1e-04trmiss40_trlocglobal,32,1e-05,0.0001,1,16,1,False,0.1,lr1e-05_bs32_modL1_fusion16_fusionL1_fusionBN0_drop0p1__wd1e-04trmiss40_trlocglobal,58,0.6431741813818613,0.7076519727706909,0.4367588932806324,0.549255081698573,0.5555555555555556,0.0,0.0,0.0,0.0,0.0,0.0,0.0,0.0,0.0,,,,,18473,global,0.4
2,2,lr1e-05_bs32_modL1_fusion16_fusionL1_fusionBN0_drop0p1__wd1e-04trmiss40_trlocglobal,32,1e-05,0.0001,1,16,1,False,0.1,lr1e-05_bs32_modL1_fusion16_fusionL1_fusionBN0_drop0p1__wd1e-04trmiss40_trlocglobal,59,0.6543606022993723,0.7077133357524872,0.43478260869565216,0.5492710078014555,0.5555555555555556,0.0,0.0,0.0,0.0,0.0,0.0,0.0,0.0,0.0,,,,,18473,global,0.4
2,2,lr1e-05_bs32_modL1_fusion16_fusionL1_fusionBN0_drop0p1__wd1e-04trmiss40_trlocglobal,32,1e-05,0.0001,1,16,1,False,0.1,lr1e-05_bs32_modL1_fusion16_fusionL1_fusionBN0_drop0p1__wd1e-04trmiss40_trlocglobal,60,0.6494617859522501,0.7075149118900299,0.44071146245059284,0.5525649059181573,0.5555555555555556,0.0,0.0,0.0,0.0,0.0,0.0,0.0,0.0,0.0,,,,,18473,global,0.4
2,2,lr1e-05_bs32_modL1_fusion16_fusionL1_fusionBN0_drop0p1__wd1e-04trmiss40_trlocglobal,32,1e-05,0.0001,1,16,1,False,0.1,lr1e-05_bs32_modL1_fusion16_fusionL1_fusionBN0_drop0p1__wd1e-04trmiss40_trlocglobal,61,0.6446035504341125,0.7072745263576508,0.4347826086956521,0.550007660458959,0.5555555555555556,0.0,0.0,0.0,0.0,0.0,0.0,0.0,0.0,0.0,,,,,18473,global,0.4
2,2,lr1e-05_bs32_modL1_fusion16_fusionL1_fusionBN0_drop0p1__wd1e-04trmiss40_trlocglobal,32,1e-05,0.0001,1,16,1,False,0.1,lr1e-05_bs32_modL1_fusion16_fusionL1_fusionBN0_drop0p1__wd1e-04trmiss40_trlocglobal,62,0.6430997053782145,0.7078475058078766,0.432806324110672,0.5487812410704193,0.5555555555555556,0.0,0.0,0.0,0.0,0.0,0.0,0.0,0.0,0.0,,,,,18473,global,0.4
2,2,lr1e-05_bs32_modL1_fusion16_fusionL1_fusionBN0_drop0p1__wd1e-04trmiss40_trlocglobal,32,1e-05,0.0001,1,16,1,False,0.1,lr1e-05_bs32_modL1_fusion16_fusionL1_fusionBN0_drop0p1__wd1e-04trmiss40_trlocglobal,63,0.6461541255315145,0.7074009776115417,0.44071146245059284,0.5512417443455674,0.5555555555555556,0.0,0.0,0.0,0.0,0.0,0.0,0.0,0.0,0.0,,,,,18473,global,0.4
2,2,lr1e-05_bs32_modL1_fusion16_fusionL1_fusionBN0_drop0p1__wd1e-04trmiss40_trlocglobal,32,1e-05,0.0001,1,16,1,False,0.1,lr1e-05_bs32_modL1_fusion16_fusionL1_fusionBN0_drop0p1__wd1e-04trmiss40_trlocglobal,64,0.653159111738205,0.7075169682502747,0.4387351778656126,0.5511496785681033,0.5555555555555556,0.0,0.0,0.0,0.0,0.0,0.0,0.0,0.0,0.0,,,,,18473,global,0.4
2,2,lr1e-05_bs32_modL1_fusion16_fusionL1_fusionBN0_drop0p1__wd1e-04trmiss40_trlocglobal,32,1e-05,0.0001,1,16,1,False,0.1,lr1e-05_bs32_modL1_fusion16_fusionL1_fusionBN0_drop0p1__wd1e-04trmiss40_trlocglobal,65,0.6430220206578573,0.7074515521526337,0.4387351778656126,0.5511496785681033,0.5555555555555556,0.0,0.0,0.0,0.0,0.0,0.0,0.0,0.0,0.0,,,,,18473,global,0.4
2,2,lr1e-05_bs32_modL1_fusion16_fusionL1_fusionBN0_drop0p1__wd1e-04trmiss40_trlocglobal,32,1e-05,0.0001,1,16,1,False,0.1,lr1e-05_bs32_modL1_fusion16_fusionL1_fusionBN0_drop0p1__wd1e-04trmiss40_trlocglobal,66,0.6421637336413065,0.7078155875205994,0.43478260869565216,0.5496203082915848,0.5555555555555556,0.0,0.0,0.0,0.0,0.0,0.0,0.0,0.0,0.0,,,,,18473,global,0.4
2,2,lr1e-05_bs32_modL1_fusion16_fusionL1_fusionBN0_drop0p1__wd1e-04trmiss40_trlocglobal,32,1e-05,0.0001,1,16,1,False,0.1,lr1e-05_bs32_modL1_fusion16_fusionL1_fusionBN0_drop0p1__wd1e-04trmiss40_trlocglobal,67,0.6463804344336191,0.707810640335083,0.4367588932806324,0.5503936370422292,0.5555555555555556,0.0,0.0,0.0,0.0,0.0,0.0,0.0,0.0,0.0,,,,,18473,global,0.4
2,2,lr1e-05_bs32_modL1_fusion16_fusionL1_fusionBN0_drop0p1__wd1e-04trmiss40_trlocglobal,32,1e-05,0.0001,1,16,1,False,0.1,lr1e-05_bs32_modL1_fusion16_fusionL1_fusionBN0_drop0p1__wd1e-04trmiss40_trlocglobal,68,0.6464072664578756,0.7074888646602631,0.43280632411067194,0.5482399151415697,0.5555555555555556,0.0,0.0,0.0,0.0,0.0,0.0,0.0,0.0,0.0,,,,,18473,global,0.4
2,2,lr1e-05_bs32_modL1_fusion16_fusionL1_fusionBN0_drop0p1__wd1e-04trmiss40_trlocglobal,32,1e-05,0.0001,1,16,1,False,0.1,lr1e-05_bs32_modL1_fusion16_fusionL1_fusionBN0_drop0p1__wd1e-04trmiss40_trlocglobal,69,0.6452663143475851,0.7075198590755463,0.43873517786561267,0.5511294229954066,0.5555555555555556,0.0,0.0,0.0,0.0,0.0,0.0,0.0,0.0,0.0,,,,,18473,global,0.4
2,2,lr1e-05_bs32_modL1_fusion16_fusionL1_fusionBN0_drop0p1__wd1e-04trmiss40_trlocglobal,32,1e-05,0.0001,1,16,1,False,0.1,lr1e-05_bs32_modL1_fusion16_fusionL1_fusionBN0_drop0p1__wd1e-04trmiss40_trlocglobal,70,0.6511261761188507,0.7077422440052032,0.43873517786561267,0.5511812866956635,0.5555555555555556,0.0,0.0,0.0,0.0,0.0,0.0,0.0,0.0,0.0,,,,,18473,global,0.4
2,2,lr1e-05_bs32_modL1_fusion16_fusionL1_fusionBN0_drop0p1__wd1e-04trmiss40_trlocglobal,32,1e-05,0.0001,1,16,1,False,0.1,lr1e-05_bs32_modL1_fusion16_fusionL1_fusionBN0_drop0p1__wd1e-04trmiss40_trlocglobal,71,0.6430904964605967,0.7078290581703186,0.4407114624505929,0.5512223192929179,0.5555555555555556,0.0,0.0,0.0,0.0,0.0,0.0,0.0,0.0,0.0,,,,,18473,global,0.4
2,2,lr1e-05_bs32_modL1_fusion16_fusionL1_fusionBN0_drop0p1__wd1e-04trmiss40_trlocglobal,32,1e-05,0.0001,1,16,1,False,0.1,lr1e-05_bs32_modL1_fusion16_fusionL1_fusionBN0_drop0p1__wd1e-04trmiss40_trlocglobal,72,0.6451141138871511,0.7079499959945679,0.4347826086956522,0.5490275647950038,0.5555555555555556,0.0,0.0,0.0,0.0,0.0,0.0,0.0,0.0,0.0,,,,,18473,global,0.4
2,2,lr1e-05_bs32_modL1_fusion16_fusionL1_fusionBN0_drop0p1__wd1e-04trmiss40_trlocglobal,32,1e-05,0.0001,1,16,1,False,0.1,lr1e-05_bs32_modL1_fusion16_fusionL1_fusionBN0_drop0p1__wd1e-04trmiss40_trlocglobal,73,0.6448799868424734,0.7081385552883148,0.4367588932806324,0.5498368581773219,0.5555555555555556,0.0,0.0,0.0,0.0,0.0,0.0,0.0,0.0,0.0,,,,,18473,global,0.4
2,2,lr1e-05_bs32_modL1_fusion16_fusionL1_fusionBN0_drop0p1__wd1e-04trmiss40_trlocglobal,32,1e-05,0.0001,1,16,1,False,0.1,lr1e-05_bs32_modL1_fusion16_fusionL1_fusionBN0_drop0p1__wd1e-04trmiss40_trlocglobal,74,0.645659069220225,0.7080722749233246,0.43478260869565216,0.549914719124748,0.5555555555555556,0.0,0.0,0.0,0.0,0.0,0.0,0.0,0.0,0.0,,,,,18473,global,0.4
2,2,lr1e-05_bs32_modL1_fusion16_fusionL1_fusionBN0_drop0p1__wd1e-04trmiss40_trlocglobal,32,1e-05,0.0001,1,16,1,False,0.1,lr1e-05_bs32_modL1_fusion16_fusionL1_fusionBN0_drop0p1__wd1e-04trmiss40_trlocglobal,75,0.6417825321356455,0.7081176340579987,0.4367588932806324,0.5497004032057844,0.5555555555555556,0.0,0.0,0.0,0.0,0.0,0.0,0.0,0.0,0.0,,,,,18473,global,0.4
2,2,lr1e-05_bs32_modL1_fusion16_fusionL1_fusionBN0_drop0p1__wd1e-04trmiss40_trlocglobal,32,1e-05,0.0001,1,16,1,False,0.1,lr1e-05_bs32_modL1_fusion16_fusionL1_fusionBN0_drop0p1__wd1e-04trmiss40_trlocglobal,76,0.6432156364123026,0.7079489231109619,0.4367588932806324,0.550596002414727,0.5555555555555556,0.0,0.0,0.0,0.0,0.0,0.0,0.0,0.0,0.0,,,,,18473,global,0.4
2,2,lr1e-05_bs32_modL1_fusion32_fusionL1_fusionBN0_drop0p2__wd1e-04trmiss40_trlocglobal,32,1e-05,0.0001,1,32,1,False,0.2,lr1e-05_bs32_modL1_fusion32_fusionL1_fusionBN0_drop0p2__wd1e-04trmiss40_trlocglobal,1,0.6960399349530538,0.7001261115074158,0.32806324110671936,0.4288193939169223,0.3333333333333333,0.0,0.0,0.0,0.0,0.0,0.0,0.0,0.0,0.0,,,,,18473,global,0.4
2,2,lr1e-05_bs32_modL1_fusion32_fusionL1_fusionBN0_drop0p2__wd1e-04trmiss40_trlocglobal,32,1e-05,0.0001,1,32,1,False,0.2,lr1e-05_bs32_modL1_fusion32_fusionL1_fusionBN0_drop0p2__wd1e-04trmiss40_trlocglobal,2,0.6940990090370178,0.7012286186218262,0.3320158102766798,0.43462743428234835,0.37777777777777777,0.0,0.0,0.0,0.0,0.0,0.0,0.0,0.0,0.0,,,,,18473,global,0.4
2,2,lr1e-05_bs32_modL1_fusion32_fusionL1_fusionBN0_drop0p2__wd1e-04trmiss40_trlocglobal,32,1e-05,0.0001,1,32,1,False,0.2,lr1e-05_bs32_modL1_fusion32_fusionL1_fusionBN0_drop0p2__wd1e-04trmiss40_trlocglobal,3,0.6939517756303152,0.7022988200187683,0.33992094861660077,0.44099620753455965,0.35555555555555557,0.0,0.0,0.0,0.0,0.0,0.0,0.0,0.0,0.0,,,,,18473,global,0.4
2,2,lr1e-05_bs32_modL1_fusion32_fusionL1_fusionBN0_drop0p2__wd1e-04trmiss40_trlocglobal,32,1e-05,0.0001,1,32,1,False,0.2,lr1e-05_bs32_modL1_fusion32_fusionL1_fusionBN0_drop0p2__wd1e-04trmiss40_trlocglobal,4,0.696891705195109,0.7031481266021729,0.34782608695652173,0.4440853787609123,0.37777777777777777,0.0,0.0,0.0,0.0,0.0,0.0,0.0,0.0,0.0,,,,,18473,global,0.4
2,2,lr1e-05_bs32_modL1_fusion32_fusionL1_fusionBN0_drop0p2__wd1e-04trmiss40_trlocglobal,32,1e-05,0.0001,1,32,1,False,0.2,lr1e-05_bs32_modL1_fusion32_fusionL1_fusionBN0_drop0p2__wd1e-04trmiss40_trlocglobal,5,0.6887326637903849,0.7032860517501831,0.35968379446640314,0.44673561510066995,0.35555555555555557,0.0,0.0,0.0,0.0,0.0,0.0,0.0,0.0,0.0,,,,,18473,global,0.4
2,2,lr1e-05_bs32_modL1_fusion32_fusionL1_fusionBN0_drop0p2__wd1e-04trmiss40_trlocglobal,32,1e-05,0.0001,1,32,1,False,0.2,lr1e-05_bs32_modL1_fusion32_fusionL1_fusionBN0_drop0p2__wd1e-04trmiss40_trlocglobal,6,0.6899650394916534,0.7034821212291718,0.3695652173913044,0.45482254628542723,0.35555555555555557,0.0,0.0,0.0,0.0,0.0,0.0,0.0,0.0,0.0,,,,,18473,global,0.4
2,2,lr1e-05_bs32_modL1_fusion32_fusionL1_fusionBN0_drop0p2__wd1e-04trmiss40_trlocglobal,32,1e-05,0.0001,1,32,1,False,0.2,lr1e-05_bs32_modL1_fusion32_fusionL1_fusionBN0_drop0p2__wd1e-04trmiss40_trlocglobal,7,0.6903827985127767,0.7033089399337769,0.3656126482213438,0.4505195876574572,0.37777777777777777,0.0,0.0,0.0,0.0,0.0,0.0,0.0,0.0,0.0,,,,,18473,global,0.4
2,2,lr1e-05_bs32_modL1_fusion32_fusionL1_fusionBN0_drop0p2__wd1e-04trmiss40_trlocglobal,32,1e-05,0.0001,1,32,1,False,0.2,lr1e-05_bs32_modL1_fusion32_fusionL1_fusionBN0_drop0p2__wd1e-04trmiss40_trlocglobal,8,0.6817385752995809,0.703239232301712,0.37154150197628455,0.45507077526711553,0.37777777777777777,0.0,0.0,0.0,0.0,0.0,0.0,0.0,0.0,0.0,,,,,18473,global,0.4
2,2,lr1e-05_bs32_modL1_fusion32_fusionL1_fusionBN0_drop0p2__wd1e-04trmiss40_trlocglobal,32,1e-05,0.0001,1,32,1,False,0.2,lr1e-05_bs32_modL1_fusion32_fusionL1_fusionBN0_drop0p2__wd1e-04trmiss40_trlocglobal,9,0.6852412819862366,0.7030009329319,0.37549407114624506,0.46192557297648595,0.35555555555555557,0.0,0.0,0.0,0.0,0.0,0.0,0.0,0.0,0.0,,,,,18473,global,0.4
2,2,lr1e-05_bs32_modL1_fusion32_fusionL1_fusionBN0_drop0p2__wd1e-04trmiss40_trlocglobal,32,1e-05,0.0001,1,32,1,False,0.2,lr1e-05_bs32_modL1_fusion32_fusionL1_fusionBN0_drop0p2__wd1e-04trmiss40_trlocglobal,10,0.6845299502213796,0.7026800513267517,0.37351778656126483,0.45882281037466854,0.35555555555555557,0.0,0.0,0.0,0.0,0.0,0.0,0.0,0.0,0.0,,,,,18473,global,0.4
2,2,lr1e-05_bs32_modL1_fusion32_fusionL1_fusionBN0_drop0p2__wd1e-04trmiss40_trlocglobal,32,1e-05,0.0001,1,32,1,False,0.2,lr1e-05_bs32_modL1_fusion32_fusionL1_fusionBN0_drop0p2__wd1e-04trmiss40_trlocglobal,11,0.6864422758420309,0.7023085355758667,0.3774703557312253,0.46058805280487264,0.35555555555555557,0.0,0.0,0.0,0.0,0.0,0.0,0.0,0.0,0.0,,,,,18473,global,0.4
2,2,lr1e-05_bs32_modL1_fusion32_fusionL1_fusionBN0_drop0p2__wd1e-04trmiss40_trlocglobal,32,1e-05,0.0001,1,32,1,False,0.2,lr1e-05_bs32_modL1_fusion32_fusionL1_fusionBN0_drop0p2__wd1e-04trmiss40_trlocglobal,12,0.6802541712919871,0.701933890581131,0.3814229249011858,0.4619815868071023,0.35555555555555557,0.0,0.0,0.0,0.0,0.0,0.0,0.0,0.0,0.0,,,,,18473,global,0.4
2,2,lr1e-05_bs32_modL1_fusion32_fusionL1_fusionBN0_drop0p2__wd1e-04trmiss40_trlocglobal,32,1e-05,0.0001,1,32,1,False,0.2,lr1e-05_bs32_modL1_fusion32_fusionL1_fusionBN0_drop0p2__wd1e-04trmiss40_trlocglobal,13,0.6875467995802561,0.7020435333251953,0.3794466403162055,0.4629849312887076,0.35555555555555557,0.0,0.0,0.0,0.0,0.0,0.0,0.0,0.0,0.0,,,,,18473,global,0.4
2,2,lr1e-05_bs32_modL1_fusion32_fusionL1_fusionBN0_drop0p2__wd1e-04trmiss40_trlocglobal,32,1e-05,0.0001,1,32,1,False,0.2,lr1e-05_bs32_modL1_fusion32_fusionL1_fusionBN0_drop0p2__wd1e-04trmiss40_trlocglobal,14,0.6798950334390005,0.7020095884799957,0.3814229249011858,0.4628842490291048,0.35555555555555557,0.0,0.0,0.0,0.0,0.0,0.0,0.0,0.0,0.0,,,,,18473,global,0.4
2,2,lr1e-05_bs32_modL1_fusion32_fusionL1_fusionBN0_drop0p2__wd1e-04trmiss40_trlocglobal,32,1e-05,0.0001,1,32,1,False,0.2,lr1e-05_bs32_modL1_fusion32_fusionL1_fusionBN0_drop0p2__wd1e-04trmiss40_trlocglobal,15,0.6804505387941996,0.7017128467559814,0.3814229249011858,0.458493309855557,0.35555555555555557,0.0,0.0,0.0,0.0,0.0,0.0,0.0,0.0,0.0,,,,,18473,global,0.4
2,2,lr1e-05_bs32_modL1_fusion32_fusionL1_fusionBN0_drop0p2__wd1e-04trmiss40_trlocglobal,32,1e-05,0.0001,1,32,1,False,0.2,lr1e-05_bs32_modL1_fusion32_fusionL1_fusionBN0_drop0p2__wd1e-04trmiss40_trlocglobal,16,0.678894430398941,0.7020029723644257,0.37747035573122534,0.4525664930441824,0.35555555555555557,0.0,0.0,0.0,0.0,0.0,0.0,0.0,0.0,0.0,,,,,18473,global,0.4
2,2,lr1e-05_bs32_modL1_fusion32_fusionL1_fusionBN0_drop0p2__wd1e-04trmiss40_trlocglobal,32,1e-05,0.0001,1,32,1,False,0.2,lr1e-05_bs32_modL1_fusion32_fusionL1_fusionBN0_drop0p2__wd1e-04trmiss40_trlocglobal,17,0.6795825362205505,0.7017563581466675,0.383399209486166,0.4546423781785383,0.35555555555555557,0.0,0.0,0.0,0.0,0.0,0.0,0.0,0.0,0.0,,,,,18473,global,0.4
2,2,lr1e-05_bs32_modL1_fusion32_fusionL1_fusionBN0_drop0p2__wd1e-04trmiss40_trlocglobal,32,1e-05,0.0001,1,32,1,False,0.2,lr1e-05_bs32_modL1_fusion32_fusionL1_fusionBN0_drop0p2__wd1e-04trmiss40_trlocglobal,18,0.6716315249602,0.7012881934642792,0.3893280632411067,0.4626387296531506,0.35555555555555557,0.0,0.0,0.0,0.0,0.0,0.0,0.0,0.0,0.0,,,,,18473,global,0.4
2,2,lr1e-05_bs32_modL1_fusion32_fusionL1_fusionBN0_drop0p2__wd1e-04trmiss40_trlocglobal,32,1e-05,0.0001,1,32,1,False,0.2,lr1e-05_bs32_modL1_fusion32_fusionL1_fusionBN0_drop0p2__wd1e-04trmiss40_trlocglobal,19,0.6719795862833658,0.7012887895107269,0.38735177865612647,0.462334685870846,0.35555555555555557,0.0,0.0,0.0,0.0,0.0,0.0,0.0,0.0,0.0,,,,,18473,global,0.4
2,2,lr1e-05_bs32_modL1_fusion32_fusionL1_fusionBN0_drop0p2__wd1e-04trmiss40_trlocglobal,32,1e-05,0.0001,1,32,1,False,0.2,lr1e-05_bs32_modL1_fusion32_fusionL1_fusionBN0_drop0p2__wd1e-04trmiss40_trlocglobal,20,0.6699871520201365,0.7010791301727295,0.3814229249011858,0.45762697528078244,0.35555555555555557,0.0,0.0,0.0,0.0,0.0,0.0,0.0,0.0,0.0,,,,,18473,global,0.4
2,2,lr1e-05_bs32_modL1_fusion32_fusionL1_fusionBN0_drop0p2__wd1e-04trmiss40_trlocglobal,32,1e-05,0.0001,1,32,1,False,0.2,lr1e-05_bs32_modL1_fusion32_fusionL1_fusionBN0_drop0p2__wd1e-04trmiss40_trlocglobal,21,0.6691049834092458,0.7009179294109344,0.3893280632411067,0.4624344656270251,0.37777777777777777,0.0,0.0,0.0,0.0,0.0,0.0,0.0,0.0,0.0,,,,,18473,global,0.4
2,2,lr1e-05_bs32_modL1_fusion32_fusionL1_fusionBN0_drop0p2__wd1e-04trmiss40_trlocglobal,32,1e-05,0.0001,1,32,1,False,0.2,lr1e-05_bs32_modL1_fusion32_fusionL1_fusionBN0_drop0p2__wd1e-04trmiss40_trlocglobal,22,0.678527295589447,0.7005397975444794,0.38735177865612647,0.4620859903258089,0.37777777777777777,0.0,0.0,0.0,0.0,0.0,0.0,0.0,0.0,0.0,,,,,18473,global,0.4
2,2,lr1e-05_bs32_modL1_fusion32_fusionL1_fusionBN0_drop0p2__wd1e-04trmiss40_trlocglobal,32,1e-05,0.0001,1,32,1,False,0.2,lr1e-05_bs32_modL1_fusion32_fusionL1_fusionBN0_drop0p2__wd1e-04trmiss40_trlocglobal,23,0.6787846088409424,0.7002302408218384,0.39723320158102765,0.46580308539478404,0.37777777777777777,0.0,0.0,0.0,0.0,0.0,0.0,0.0,0.0,0.0,,,,,18473,global,0.4
2,2,lr1e-05_bs32_modL1_fusion32_fusionL1_fusionBN0_drop0p2__wd1e-04trmiss40_trlocglobal,32,1e-05,0.0001,1,32,1,False,0.2,lr1e-05_bs32_modL1_fusion32_fusionL1_fusionBN0_drop0p2__wd1e-04trmiss40_trlocglobal,24,0.6677654186884562,0.7000395953655243,0.3952569169960474,0.4650059839455087,0.37777777777777777,0.0,0.0,0.0,0.0,0.0,0.0,0.0,0.0,0.0,,,,,18473,global,0.4
2,2,lr1e-05_bs32_modL1_fusion32_fusionL1_fusionBN0_drop0p2__wd1e-04trmiss40_trlocglobal,32,1e-05,0.0001,1,32,1,False,0.2,lr1e-05_bs32_modL1_fusion32_fusionL1_fusionBN0_drop0p2__wd1e-04trmiss40_trlocglobal,25,0.6683410008748373,0.7002233564853668,0.3893280632411067,0.46054432452303024,0.37777777777777777,0.0,0.0,0.0,0.0,0.0,0.0,0.0,0.0,0.0,,,,,18473,global,0.4
2,2,lr1e-05_bs32_modL1_fusion32_fusionL1_fusionBN0_drop0p2__wd1e-04trmiss40_trlocglobal,32,1e-05,0.0001,1,32,1,False,0.2,lr1e-05_bs32_modL1_fusion32_fusionL1_fusionBN0_drop0p2__wd1e-04trmiss40_trlocglobal,26,0.6610573331514994,0.7003422677516937,0.39328063241106725,0.46435558155660345,0.37777777777777777,0.0,0.0,0.0,0.0,0.0,0.0,0.0,0.0,0.0,,,,,18473,global,0.4
2,2,lr1e-05_bs32_modL1_fusion32_fusionL1_fusionBN0_drop0p2__wd1e-04trmiss40_trlocglobal,32,1e-05,0.0001,1,32,1,False,0.2,lr1e-05_bs32_modL1_fusion32_fusionL1_fusionBN0_drop0p2__wd1e-04trmiss40_trlocglobal,27,0.6689159472783407,0.6998412907123566,0.3972332015810277,0.46603463735029965,0.37777777777777777,0.0,0.0,0.0,0.0,0.0,0.0,0.0,0.0,0.0,,,,,18473,global,0.4
2,2,lr1e-05_bs32_modL1_fusion32_fusionL1_fusionBN0_drop0p2__wd1e-04trmiss40_trlocglobal,32,1e-05,0.0001,1,32,1,False,0.2,lr1e-05_bs32_modL1_fusion32_fusionL1_fusionBN0_drop0p2__wd1e-04trmiss40_trlocglobal,28,0.6616409619649252,0.6995207369327545,0.39723320158102765,0.46573802574934015,0.37777777777777777,0.0,0.0,0.0,0.0,0.0,0.0,0.0,0.0,0.0,,,,,18473,global,0.4
2,2,lr1e-05_bs32_modL1_fusion32_fusionL1_fusionBN0_drop0p2__wd1e-04trmiss40_trlocglobal,32,1e-05,0.0001,1,32,1,False,0.2,lr1e-05_bs32_modL1_fusion32_fusionL1_fusionBN0_drop0p2__wd1e-04trmiss40_trlocglobal,29,0.6578680773576101,0.6995684206485748,0.391304347826087,0.46310320305419744,0.37777777777777777,0.0,0.0,0.0,0.0,0.0,0.0,0.0,0.0,0.0,,,,,18473,global,0.4
2,2,lr1e-05_bs32_modL1_fusion32_fusionL1_fusionBN0_drop0p2__wd1e-04trmiss40_trlocglobal,32,1e-05,0.0001,1,32,1,False,0.2,lr1e-05_bs32_modL1_fusion32_fusionL1_fusionBN0_drop0p2__wd1e-04trmiss40_trlocglobal,30,0.6602488954861959,0.699880838394165,0.38735177865612647,0.4635972582883283,0.37777777777777777,0.0,0.0,0.0,0.0,0.0,0.0,0.0,0.0,0.0,,,,,18473,global,0.4
2,2,lr1e-05_bs32_modL1_fusion32_fusionL1_fusionBN0_drop0p2__wd1e-04trmiss40_trlocglobal,32,1e-05,0.0001,1,32,1,False,0.2,lr1e-05_bs32_modL1_fusion32_fusionL1_fusionBN0_drop0p2__wd1e-04trmiss40_trlocglobal,31,0.658128539721171,0.7000091671943665,0.3814229249011858,0.4573136324244926,0.37777777777777777,0.0,0.0,0.0,0.0,0.0,0.0,0.0,0.0,0.0,,,,,18473,global,0.4
2,2,lr1e-05_bs32_modL1_fusion32_fusionL1_fusionBN0_drop0p2__wd1e-04trmiss40_trlocglobal,32,1e-05,0.0001,1,32,1,False,0.2,lr1e-05_bs32_modL1_fusion32_fusionL1_fusionBN0_drop0p2__wd1e-04trmiss40_trlocglobal,32,0.6645684142907461,0.6998952925205231,0.383399209486166,0.45774261373803155,0.37777777777777777,0.0,0.0,0.0,0.0,0.0,0.0,0.0,0.0,0.0,,,,,18473,global,0.4
2,2,lr1e-05_bs32_modL1_fusion32_fusionL1_fusionBN0_drop0p2__wd1e-04trmiss40_trlocglobal,32,1e-05,0.0001,1,32,1,False,0.2,lr1e-05_bs32_modL1_fusion32_fusionL1_fusionBN0_drop0p2__wd1e-04trmiss40_trlocglobal,33,0.6523138384024302,0.6999994814395905,0.383399209486166,0.4567387491472104,0.4,0.0,0.0,0.0,0.0,0.0,0.0,0.0,0.0,0.0,,,,,18473,global,0.4
2,2,lr1e-05_bs32_modL1_fusion32_fusionL1_fusionBN0_drop0p2__wd1e-04trmiss40_trlocglobal,32,1e-05,0.0001,1,32,1,False,0.2,lr1e-05_bs32_modL1_fusion32_fusionL1_fusionBN0_drop0p2__wd1e-04trmiss40_trlocglobal,34,0.6647631923357645,0.700181633234024,0.3814229249011858,0.4570118766070387,0.4,0.0,0.0,0.0,0.0,0.0,0.0,0.0,0.0,0.0,,,,,18473,global,0.4
2,2,lr1e-05_bs32_modL1_fusion32_fusionL1_fusionBN0_drop0p2__wd1e-04trmiss40_trlocglobal,32,1e-05,0.0001,1,32,1,False,0.2,lr1e-05_bs32_modL1_fusion32_fusionL1_fusionBN0_drop0p2__wd1e-04trmiss40_trlocglobal,35,0.6595444778601328,0.6998791992664337,0.3893280632411067,0.46360037785666525,0.4,0.0,0.0,0.0,0.0,0.0,0.0,0.0,0.0,0.0,,,,,18473,global,0.4
2,2,lr1e-05_bs32_modL1_fusion32_fusionL1_fusionBN0_drop0p2__wd1e-04trmiss40_trlocglobal,32,1e-05,0.0001,1,32,1,False,0.2,lr1e-05_bs32_modL1_fusion32_fusionL1_fusionBN0_drop0p2__wd1e-04trmiss40_trlocglobal,36,0.6485703686873118,0.6993240416049957,0.39328063241106714,0.46612844426046823,0.4,0.0,0.0,0.0,0.0,0.0,0.0,0.0,0.0,0.0,,,,,18473,global,0.4
2,2,lr1e-05_bs32_modL1_fusion32_fusionL1_fusionBN0_drop0p2__wd1e-04trmiss40_trlocglobal,32,1e-05,0.0001,1,32,1,False,0.2,lr1e-05_bs32_modL1_fusion32_fusionL1_fusionBN0_drop0p2__wd1e-04trmiss40_trlocglobal,37,0.6537496050198873,0.6993593573570251,0.39525691699604737,0.46631093085599823,0.4,0.0,0.0,0.0,0.0,0.0,0.0,0.0,0.0,0.0,,,,,18473,global,0.4
2,2,lr1e-05_bs32_modL1_fusion32_fusionL1_fusionBN0_drop0p2__wd1e-04trmiss40_trlocglobal,32,1e-05,0.0001,1,32,1,False,0.2,lr1e-05_bs32_modL1_fusion32_fusionL1_fusionBN0_drop0p2__wd1e-04trmiss40_trlocglobal,38,0.6529717942078909,0.699586808681488,0.39328063241106714,0.4661797429360303,0.37777777777777777,0.0,0.0,0.0,0.0,0.0,0.0,0.0,0.0,0.0,,,,,18473,global,0.4
2,2,lr1e-05_bs32_modL1_fusion32_fusionL1_fusionBN0_drop0p2__wd1e-04trmiss40_trlocglobal,32,1e-05,0.0001,1,32,1,False,0.2,lr1e-05_bs32_modL1_fusion32_fusionL1_fusionBN0_drop0p2__wd1e-04trmiss40_trlocglobal,39,0.6532481710116068,0.6989834606647491,0.39525691699604737,0.4669043806171897,0.37777777777777777,0.0,0.0,0.0,0.0,0.0,0.0,0.0,0.0,0.0,,,,,18473,global,0.4
2,2,lr1e-05_bs32_modL1_fusion32_fusionL1_fusionBN0_drop0p2__wd1e-04trmiss40_trlocglobal,32,1e-05,0.0001,1,32,1,False,0.2,lr1e-05_bs32_modL1_fusion32_fusionL1_fusionBN0_drop0p2__wd1e-04trmiss40_trlocglobal,40,0.649457722902298,0.6991131603717804,0.39328063241106714,0.4656042797518715,0.37777777777777777,0.0,0.0,0.0,0.0,0.0,0.0,0.0,0.0,0.0,,,,,18473,global,0.4
2,2,lr1e-05_bs32_modL1_fusion32_fusionL1_fusionBN0_drop0p2__wd1e-04trmiss40_trlocglobal,32,1e-05,0.0001,1,32,1,False,0.2,lr1e-05_bs32_modL1_fusion32_fusionL1_fusionBN0_drop0p2__wd1e-04trmiss40_trlocglobal,41,0.6580960154533386,0.6990523040294647,0.3952569169960474,0.4661908912080482,0.37777777777777777,0.0,0.0,0.0,0.0,0.0,0.0,0.0,0.0,0.0,,,,,18473,global,0.4
2,2,lr1e-05_bs32_modL1_fusion32_fusionL1_fusionBN0_drop0p2__wd1e-04trmiss40_trlocglobal,32,1e-05,0.0001,1,32,1,False,0.2,lr1e-05_bs32_modL1_fusion32_fusionL1_fusionBN0_drop0p2__wd1e-04trmiss40_trlocglobal,42,0.6605303088823954,0.6987980306148529,0.3952569169960474,0.4661908912080482,0.37777777777777777,0.0,0.0,0.0,0.0,0.0,0.0,0.0,0.0,0.0,,,,,18473,global,0.4
2,2,lr1e-05_bs32_modL1_fusion32_fusionL1_fusionBN0_drop0p2__wd1e-04trmiss40_trlocglobal,32,1e-05,0.0001,1,32,1,False,0.2,lr1e-05_bs32_modL1_fusion32_fusionL1_fusionBN0_drop0p2__wd1e-04trmiss40_trlocglobal,43,0.6544760862986246,0.6984634101390839,0.39723320158102765,0.4674696635865648,0.37777777777777777,0.0,0.0,0.0,0.0,0.0,0.0,0.0,0.0,0.0,,,,,18473,global,0.4
2,2,lr1e-05_bs32_modL1_fusion32_fusionL1_fusionBN0_drop0p2__wd1e-04trmiss40_trlocglobal,32,1e-05,0.0001,1,32,1,False,0.2,lr1e-05_bs32_modL1_fusion32_fusionL1_fusionBN0_drop0p2__wd1e-04trmiss40_trlocglobal,44,0.6422888735930125,0.6986244916915894,0.3913043478260869,0.46402175599543466,0.37777777777777777,0.0,0.0,0.0,0.0,0.0,0.0,0.0,0.0,0.0,,,,,18473,global,0.4
2,2,lr1e-05_bs32_modL1_fusion32_fusionL1_fusionBN0_drop0p2__wd1e-04trmiss40_trlocglobal,32,1e-05,0.0001,1,32,1,False,0.2,lr1e-05_bs32_modL1_fusion32_fusionL1_fusionBN0_drop0p2__wd1e-04trmiss40_trlocglobal,45,0.6554901798566183,0.6986387073993683,0.3913043478260869,0.46411380145610015,0.37777777777777777,0.0,0.0,0.0,0.0,0.0,0.0,0.0,0.0,0.0,,,,,18473,global,0.4
2,2,lr1e-05_bs32_modL1_fusion32_fusionL1_fusionBN0_drop0p2__wd1e-04trmiss40_trlocglobal,32,1e-05,0.0001,1,32,1,False,0.2,lr1e-05_bs32_modL1_fusion32_fusionL1_fusionBN0_drop0p2__wd1e-04trmiss40_trlocglobal,46,0.6576102574666342,0.6985749304294586,0.3913043478260869,0.46402175599543466,0.4,0.0,0.0,0.0,0.0,0.0,0.0,0.0,0.0,0.0,,,,,18473,global,0.4
2,2,lr1e-05_bs32_modL1_fusion32_fusionL1_fusionBN0_drop0p2__wd1e-04trmiss40_trlocglobal,32,1e-05,0.0001,1,32,1,False,0.2,lr1e-05_bs32_modL1_fusion32_fusionL1_fusionBN0_drop0p2__wd1e-04trmiss40_trlocglobal,47,0.6515249311923981,0.6987824738025665,0.39328063241106714,0.4647950847460791,0.4,0.0,0.0,0.0,0.0,0.0,0.0,0.0,0.0,0.0,,,,,18473,global,0.4
2,2,lr1e-05_bs32_modL1_fusion32_fusionL1_fusionBN0_drop0p1__wd1e-04trmiss40_trlocglobal,32,1e-05,0.0001,1,32,1,False,0.1,lr1e-05_bs32_modL1_fusion32_fusionL1_fusionBN0_drop0p1__wd1e-04trmiss40_trlocglobal,1,0.6884668866793314,0.6946290135383606,0.4071146245059289,0.5024051464451471,0.4222222222222222,0.0,0.0,0.0,0.0,0.0,0.0,0.0,0.0,0.0,,,,,18473,global,0.4
2,2,lr1e-05_bs32_modL1_fusion32_fusionL1_fusionBN0_drop0p1__wd1e-04trmiss40_trlocglobal,32,1e-05,0.0001,1,32,1,False,0.1,lr1e-05_bs32_modL1_fusion32_fusionL1_fusionBN0_drop0p1__wd1e-04trmiss40_trlocglobal,2,0.6878205239772797,0.6941594779491425,0.424901185770751,0.492107837726756,0.4444444444444444,0.0,0.0,0.0,0.0,0.0,0.0,0.0,0.0,0.0,,,,,18473,global,0.4
2,2,lr1e-05_bs32_modL1_fusion32_fusionL1_fusionBN0_drop0p1__wd1e-04trmiss40_trlocglobal,32,1e-05,0.0001,1,32,1,False,0.1,lr1e-05_bs32_modL1_fusion32_fusionL1_fusionBN0_drop0p1__wd1e-04trmiss40_trlocglobal,3,0.684230387210846,0.6935331225395203,0.43675889328063244,0.5273793221823296,0.4222222222222222,0.0,0.0,0.0,0.0,0.0,0.0,0.0,0.0,0.0,,,,,18473,global,0.4
2,2,lr1e-05_bs32_modL1_fusion32_fusionL1_fusionBN0_drop0p1__wd1e-04trmiss40_trlocglobal,32,1e-05,0.0001,1,32,1,False,0.1,lr1e-05_bs32_modL1_fusion32_fusionL1_fusionBN0_drop0p1__wd1e-04trmiss40_trlocglobal,4,0.6840802828470866,0.6928816437721252,0.4426877470355731,0.5387770013517755,0.4222222222222222,0.0,0.0,0.0,0.0,0.0,0.0,0.0,0.0,0.0,,,,,18473,global,0.4
2,2,lr1e-05_bs32_modL1_fusion32_fusionL1_fusionBN0_drop0p1__wd1e-04trmiss40_trlocglobal,32,1e-05,0.0001,1,32,1,False,0.1,lr1e-05_bs32_modL1_fusion32_fusionL1_fusionBN0_drop0p1__wd1e-04trmiss40_trlocglobal,5,0.682327409585317,0.6925243139266968,0.4387351778656126,0.5366484617179764,0.4222222222222222,0.0,0.0,0.0,0.0,0.0,0.0,0.0,0.0,0.0,,,,,18473,global,0.4
2,2,lr1e-05_bs32_modL1_fusion32_fusionL1_fusionBN0_drop0p1__wd1e-04trmiss40_trlocglobal,32,1e-05,0.0001,1,32,1,False,0.1,lr1e-05_bs32_modL1_fusion32_fusionL1_fusionBN0_drop0p1__wd1e-04trmiss40_trlocglobal,6,0.6807164450486501,0.6926649212837219,0.43675889328063244,0.5344199243207414,0.4222222222222222,0.0,0.0,0.0,0.0,0.0,0.0,0.0,0.0,0.0,,,,,18473,global,0.4
2,2,lr1e-05_bs32_modL1_fusion32_fusionL1_fusionBN0_drop0p1__wd1e-04trmiss40_trlocglobal,32,1e-05,0.0001,1,32,1,False,0.1,lr1e-05_bs32_modL1_fusion32_fusionL1_fusionBN0_drop0p1__wd1e-04trmiss40_trlocglobal,7,0.6766080955664316,0.692611426115036,0.43873517786561267,0.5293115403121015,0.4222222222222222,0.0,0.0,0.0,0.0,0.0,0.0,0.0,0.0,0.0,,,,,18473,global,0.4
2,2,lr1e-05_bs32_modL1_fusion32_fusionL1_fusionBN0_drop0p1__wd1e-04trmiss40_trlocglobal,32,1e-05,0.0001,1,32,1,False,0.1,lr1e-05_bs32_modL1_fusion32_fusionL1_fusionBN0_drop0p1__wd1e-04trmiss40_trlocglobal,8,0.676491936047872,0.6923539340496063,0.43675889328063244,0.5287663813559494,0.4222222222222222,0.0,0.0,0.0,0.0,0.0,0.0,0.0,0.0,0.0,,,,,18473,global,0.4
2,2,lr1e-05_bs32_modL1_fusion32_fusionL1_fusionBN0_drop0p1__wd1e-04trmiss40_trlocglobal,32,1e-05,0.0001,1,32,1,False,0.1,lr1e-05_bs32_modL1_fusion32_fusionL1_fusionBN0_drop0p1__wd1e-04trmiss40_trlocglobal,9,0.6828066408634186,0.6922813057899475,0.44071146245059284,0.5306391462721927,0.4222222222222222,0.0,0.0,0.0,0.0,0.0,0.0,0.0,0.0,0.0,,,,,18473,global,0.4
2,2,lr1e-05_bs32_modL1_fusion32_fusionL1_fusionBN0_drop0p1__wd1e-04trmiss40_trlocglobal,32,1e-05,0.0001,1,32,1,False,0.1,lr1e-05_bs32_modL1_fusion32_fusionL1_fusionBN0_drop0p1__wd1e-04trmiss40_trlocglobal,10,0.676139106353124,0.6924393475055695,0.43675889328063244,0.5235308835817881,0.4444444444444444,0.0,0.0,0.0,0.0,0.0,0.0,0.0,0.0,0.0,,,,,18473,global,0.4
2,2,lr1e-05_bs32_modL1_fusion32_fusionL1_fusionBN0_drop0p1__wd1e-04trmiss40_trlocglobal,32,1e-05,0.0001,1,32,1,False,0.1,lr1e-05_bs32_modL1_fusion32_fusionL1_fusionBN0_drop0p1__wd1e-04trmiss40_trlocglobal,11,0.673963725566864,0.6925162374973297,0.43280632411067194,0.5218927302273876,0.4444444444444444,0.0,0.0,0.0,0.0,0.0,0.0,0.0,0.0,0.0,,,,,18473,global,0.4
2,2,lr1e-05_bs32_modL1_fusion32_fusionL1_fusionBN0_drop0p1__wd1e-04trmiss40_trlocglobal,32,1e-05,0.0001,1,32,1,False,0.1,lr1e-05_bs32_modL1_fusion32_fusionL1_fusionBN0_drop0p1__wd1e-04trmiss40_trlocglobal,12,0.6712434391180674,0.6925356090068817,0.42885375494071143,0.5191150481074394,0.4444444444444444,0.0,0.0,0.0,0.0,0.0,0.0,0.0,0.0,0.0,,,,,18473,global,0.4
2,2,lr1e-05_bs32_modL1_fusion32_fusionL1_fusionBN0_drop0p1__wd1e-04trmiss40_trlocglobal,32,1e-05,0.0001,1,32,1,False,0.1,lr1e-05_bs32_modL1_fusion32_fusionL1_fusionBN0_drop0p1__wd1e-04trmiss40_trlocglobal,13,0.6674744188785553,0.6926045119762421,0.4328063241106719,0.5335971389066656,0.4666666666666667,0.0,0.0,0.0,0.0,0.0,0.0,0.0,0.0,0.0,,,,,18473,global,0.4
2,2,lr1e-05_bs32_modL1_fusion32_fusionL1_fusionBN0_drop0p1__wd1e-04trmiss40_trlocglobal,32,1e-05,0.0001,1,32,1,False,0.1,lr1e-05_bs32_modL1_fusion32_fusionL1_fusionBN0_drop0p1__wd1e-04trmiss40_trlocglobal,14,0.6660230259100596,0.6924642622470856,0.4387351778656126,0.537178914631219,0.4888888888888889,0.0,0.0,0.0,0.0,0.0,0.0,0.0,0.0,0.0,,,,,18473,global,0.4
2,2,lr1e-05_bs32_modL1_fusion32_fusionL1_fusionBN0_drop0p1__wd1e-04trmiss40_trlocglobal,32,1e-05,0.0001,1,32,1,False,0.1,lr1e-05_bs32_modL1_fusion32_fusionL1_fusionBN0_drop0p1__wd1e-04trmiss40_trlocglobal,15,0.6646382013956705,0.6922062635421753,0.44071146245059284,0.5374748639097102,0.4888888888888889,0.0,0.0,0.0,0.0,0.0,0.0,0.0,0.0,0.0,,,,,18473,global,0.4
2,2,lr1e-05_bs32_modL1_fusion32_fusionL1_fusionBN0_drop0p1__wd1e-04trmiss40_trlocglobal,32,1e-05,0.0001,1,32,1,False,0.1,lr1e-05_bs32_modL1_fusion32_fusionL1_fusionBN0_drop0p1__wd1e-04trmiss40_trlocglobal,16,0.6654742558797201,0.6916797757148743,0.4446640316205533,0.5395669746974733,0.4888888888888889,0.0,0.0,0.0,0.0,0.0,0.0,0.0,0.0,0.0,,,,,18473,global,0.4
2,2,lr1e-05_bs32_modL1_fusion32_fusionL1_fusionBN0_drop0p1__wd1e-04trmiss40_trlocglobal,32,1e-05,0.0001,1,32,1,False,0.1,lr1e-05_bs32_modL1_fusion32_fusionL1_fusionBN0_drop0p1__wd1e-04trmiss40_trlocglobal,17,0.6621322532494863,0.6913846433162689,0.4446640316205533,0.5395669746974733,0.4888888888888889,0.0,0.0,0.0,0.0,0.0,0.0,0.0,0.0,0.0,,,,,18473,global,0.4
2,2,lr1e-05_bs32_modL1_fusion32_fusionL1_fusionBN0_drop0p1__wd1e-04trmiss40_trlocglobal,32,1e-05,0.0001,1,32,1,False,0.1,lr1e-05_bs32_modL1_fusion32_fusionL1_fusionBN0_drop0p1__wd1e-04trmiss40_trlocglobal,18,0.6612856686115265,0.6914704740047455,0.4486166007905138,0.5416137583232042,0.4888888888888889,0.0,0.0,0.0,0.0,0.0,0.0,0.0,0.0,0.0,,,,,18473,global,0.4
2,2,lr1e-05_bs32_modL1_fusion32_fusionL1_fusionBN0_drop0p1__wd1e-04trmiss40_trlocglobal,32,1e-05,0.0001,1,32,1,False,0.1,lr1e-05_bs32_modL1_fusion32_fusionL1_fusionBN0_drop0p1__wd1e-04trmiss40_trlocglobal,19,0.6584340830643972,0.6910607814788818,0.45454545454545453,0.5472814189107733,0.4888888888888889,0.0,0.0,0.0,0.0,0.0,0.0,0.0,0.0,0.0,,,,,18473,global,0.4
2,2,lr1e-05_bs32_modL1_fusion32_fusionL1_fusionBN0_drop0p1__wd1e-04trmiss40_trlocglobal,32,1e-05,0.0001,1,32,1,False,0.1,lr1e-05_bs32_modL1_fusion32_fusionL1_fusionBN0_drop0p1__wd1e-04trmiss40_trlocglobal,20,0.6601616442203522,0.6910261511802673,0.45454545454545453,0.5467670182543384,0.4888888888888889,0.0,0.0,0.0,0.0,0.0,0.0,0.0,0.0,0.0,,,,,18473,global,0.4
2,2,lr1e-05_bs32_modL1_fusion32_fusionL1_fusionBN0_drop0p1__wd1e-04trmiss40_trlocglobal,32,1e-05,0.0001,1,32,1,False,0.1,lr1e-05_bs32_modL1_fusion32_fusionL1_fusionBN0_drop0p1__wd1e-04trmiss40_trlocglobal,21,0.6545587579409281,0.69107586145401,0.45256916996047425,0.5513923607057678,0.4666666666666667,0.0,0.0,0.0,0.0,0.0,0.0,0.0,0.0,0.0,,,,,18473,global,0.4
2,2,lr1e-05_bs32_modL1_fusion32_fusionL1_fusionBN0_drop0p1__wd1e-04trmiss40_trlocglobal,32,1e-05,0.0001,1,32,1,False,0.1,lr1e-05_bs32_modL1_fusion32_fusionL1_fusionBN0_drop0p1__wd1e-04trmiss40_trlocglobal,22,0.6584592858950297,0.6909603476524353,0.45652173913043476,0.5530681575760726,0.4666666666666667,0.0,0.0,0.0,0.0,0.0,0.0,0.0,0.0,0.0,,,,,18473,global,0.4
2,2,lr1e-05_bs32_modL1_fusion32_fusionL1_fusionBN0_drop0p1__wd1e-04trmiss40_trlocglobal,32,1e-05,0.0001,1,32,1,False,0.1,lr1e-05_bs32_modL1_fusion32_fusionL1_fusionBN0_drop0p1__wd1e-04trmiss40_trlocglobal,23,0.6520021756490072,0.6905279159545898,0.458498023715415,0.553689275588495,0.4444444444444444,0.0,0.0,0.0,0.0,0.0,0.0,0.0,0.0,0.0,,,,,18473,global,0.4
2,2,lr1e-05_bs32_modL1_fusion32_fusionL1_fusionBN0_drop0p1__wd1e-04trmiss40_trlocglobal,32,1e-05,0.0001,1,32,1,False,0.1,lr1e-05_bs32_modL1_fusion32_fusionL1_fusionBN0_drop0p1__wd1e-04trmiss40_trlocglobal,24,0.651702473560969,0.6907152831554413,0.458498023715415,0.5535837727843416,0.4444444444444444,0.0,0.0,0.0,0.0,0.0,0.0,0.0,0.0,0.0,,,,,18473,global,0.4
2,2,lr1e-05_bs32_modL1_fusion32_fusionL1_fusionBN0_drop0p1__wd1e-04trmiss40_trlocglobal,32,1e-05,0.0001,1,32,1,False,0.1,lr1e-05_bs32_modL1_fusion32_fusionL1_fusionBN0_drop0p1__wd1e-04trmiss40_trlocglobal,25,0.6508492728074392,0.6905519962310791,0.458498023715415,0.5531208098213786,0.4666666666666667,0.0,0.0,0.0,0.0,0.0,0.0,0.0,0.0,0.0,,,,,18473,global,0.4
2,2,lr1e-05_bs32_modL1_fusion32_fusionL1_fusionBN0_drop0p1__wd1e-04trmiss40_trlocglobal,32,1e-05,0.0001,1,32,1,False,0.1,lr1e-05_bs32_modL1_fusion32_fusionL1_fusionBN0_drop0p1__wd1e-04trmiss40_trlocglobal,26,0.648057778676351,0.6909483671188354,0.44664031620553357,0.5457110707759453,0.4444444444444444,0.0,0.0,0.0,0.0,0.0,0.0,0.0,0.0,0.0,,,,,18473,global,0.4
2,2,lr1e-05_bs32_modL1_fusion32_fusionL1_fusionBN0_drop0p1__wd1e-04trmiss40_trlocglobal,32,1e-05,0.0001,1,32,1,False,0.1,lr1e-05_bs32_modL1_fusion32_fusionL1_fusionBN0_drop0p1__wd1e-04trmiss40_trlocglobal,27,0.6452127595742544,0.6911932826042175,0.44268774703557306,0.534992875681356,0.4444444444444444,0.0,0.0,0.0,0.0,0.0,0.0,0.0,0.0,0.0,,,,,18473,global,0.4
2,2,lr1e-05_bs32_modL1_fusion32_fusionL1_fusionBN0_drop0p1__wd1e-04trmiss40_trlocglobal,32,1e-05,0.0001,1,32,1,False,0.1,lr1e-05_bs32_modL1_fusion32_fusionL1_fusionBN0_drop0p1__wd1e-04trmiss40_trlocglobal,28,0.6502889096736908,0.6913118660449982,0.44664031620553357,0.5418704959126777,0.4222222222222222,0.0,0.0,0.0,0.0,0.0,0.0,0.0,0.0,0.0,,,,,18473,global,0.4
2,2,lr1e-05_bs32_modL1_fusion32_fusionL1_fusionBN0_drop0p1__wd1e-04trmiss40_trlocglobal,32,1e-05,0.0001,1,32,1,False,0.1,lr1e-05_bs32_modL1_fusion32_fusionL1_fusionBN0_drop0p1__wd1e-04trmiss40_trlocglobal,29,0.6449137628078461,0.6912345588207245,0.4486166007905138,0.5391922955223455,0.4444444444444444,0.0,0.0,0.0,0.0,0.0,0.0,0.0,0.0,0.0,,,,,18473,global,0.4
2,2,lr1e-05_bs32_modL1_fusion32_fusionL1_fusionBN0_drop0p1__wd1e-04trmiss40_trlocglobal,32,1e-05,0.0001,1,32,1,False,0.1,lr1e-05_bs32_modL1_fusion32_fusionL1_fusionBN0_drop0p1__wd1e-04trmiss40_trlocglobal,30,0.6460875074068705,0.69106125831604,0.44268774703557306,0.5299805817977471,0.4444444444444444,0.0,0.0,0.0,0.0,0.0,0.0,0.0,0.0,0.0,,,,,18473,global,0.4
2,2,lr1e-05_bs32_modL1_fusion32_fusionL1_fusionBN0_drop0p1__wd1e-04trmiss40_trlocglobal,32,1e-05,0.0001,1,32,1,False,0.1,lr1e-05_bs32_modL1_fusion32_fusionL1_fusionBN0_drop0p1__wd1e-04trmiss40_trlocglobal,31,0.6532167593638102,0.6905079782009125,0.44664031620553357,0.5322685148877457,0.4444444444444444,0.0,0.0,0.0,0.0,0.0,0.0,0.0,0.0,0.0,,,,,18473,global,0.4
2,2,lr1e-05_bs32_modL1_fusion32_fusionL1_fusionBN0_drop0p1__wd1e-04trmiss40_trlocglobal,32,1e-05,0.0001,1,32,1,False,0.1,lr1e-05_bs32_modL1_fusion32_fusionL1_fusionBN0_drop0p1__wd1e-04trmiss40_trlocglobal,32,0.6487585306167603,0.6902669072151184,0.45256916996047436,0.5371191917824312,0.4444444444444444,0.0,0.0,0.0,0.0,0.0,0.0,0.0,0.0,0.0,,,,,18473,global,0.4
2,2,lr1e-05_bs32_modL1_fusion32_fusionL1_fusionBN0_drop0p1__wd1e-04trmiss40_trlocglobal,32,1e-05,0.0001,1,32,1,False,0.1,lr1e-05_bs32_modL1_fusion32_fusionL1_fusionBN0_drop0p1__wd1e-04trmiss40_trlocglobal,33,0.6466874480247498,0.6904491484165192,0.450592885375494,0.5365081925975482,0.4444444444444444,0.0,0.0,0.0,0.0,0.0,0.0,0.0,0.0,0.0,,,,,18473,global,0.4
2,2,lr1e-05_bs32_modL1_fusion32_fusionL1_fusionBN0_drop0p1__wd1e-04trmiss40_trlocglobal,32,1e-05,0.0001,1,32,1,False,0.1,lr1e-05_bs32_modL1_fusion32_fusionL1_fusionBN0_drop0p1__wd1e-04trmiss40_trlocglobal,34,0.644014040629069,0.6903613209724426,0.44466403162055335,0.5279045708516674,0.4222222222222222,0.0,0.0,0.0,0.0,0.0,0.0,0.0,0.0,0.0,,,,,18473,global,0.4
2,2,lr1e-05_bs32_modL1_fusion32_fusionL1_fusionBN0_drop0p1__wd1e-04trmiss40_trlocglobal,32,1e-05,0.0001,1,32,1,False,0.1,lr1e-05_bs32_modL1_fusion32_fusionL1_fusionBN0_drop0p1__wd1e-04trmiss40_trlocglobal,35,0.6388759215672811,0.6900931298732758,0.4565217391304347,0.5404007872380441,0.4222222222222222,0.0,0.0,0.0,0.0,0.0,0.0,0.0,0.0,0.0,,,,,18473,global,0.4
2,2,lr1e-05_bs32_modL1_fusion32_fusionL1_fusionBN0_drop0p1__wd1e-04trmiss40_trlocglobal,32,1e-05,0.0001,1,32,1,False,0.1,lr1e-05_bs32_modL1_fusion32_fusionL1_fusionBN0_drop0p1__wd1e-04trmiss40_trlocglobal,36,0.6414184073607127,0.6895725429058075,0.4565217391304347,0.5404007872380441,0.4222222222222222,0.0,0.0,0.0,0.0,0.0,0.0,0.0,0.0,0.0,,,,,18473,global,0.4
2,2,lr1e-05_bs32_modL1_fusion32_fusionL1_fusionBN0_drop0p1__wd1e-04trmiss40_trlocglobal,32,1e-05,0.0001,1,32,1,False,0.1,lr1e-05_bs32_modL1_fusion32_fusionL1_fusionBN0_drop0p1__wd1e-04trmiss40_trlocglobal,37,0.6466589669386545,0.6895746886730194,0.4624505928853755,0.5447142464714118,0.4222222222222222,0.0,0.0,0.0,0.0,0.0,0.0,0.0,0.0,0.0,,,,,18473,global,0.4
2,2,lr1e-05_bs32_modL1_fusion32_fusionL1_fusionBN0_drop0p1__wd1e-04trmiss40_trlocglobal,32,1e-05,0.0001,1,32,1,False,0.1,lr1e-05_bs32_modL1_fusion32_fusionL1_fusionBN0_drop0p1__wd1e-04trmiss40_trlocglobal,38,0.6426786581675211,0.6896132230758667,0.45652173913043476,0.539347319669758,0.4222222222222222,0.0,0.0,0.0,0.0,0.0,0.0,0.0,0.0,0.0,,,,,18473,global,0.4
2,2,lr1e-05_bs32_modL1_fusion32_fusionL1_fusionBN0_drop0p1__wd1e-04trmiss40_trlocglobal,32,1e-05,0.0001,1,32,1,False,0.1,lr1e-05_bs32_modL1_fusion32_fusionL1_fusionBN0_drop0p1__wd1e-04trmiss40_trlocglobal,39,0.6416509548823038,0.6895619630813599,0.4525691699604743,0.5359857285978424,0.4222222222222222,0.0,0.0,0.0,0.0,0.0,0.0,0.0,0.0,0.0,,,,,18473,global,0.4
2,2,lr1e-05_bs32_modL1_fusion32_fusionL1_fusionBN0_drop0p1__wd1e-04trmiss40_trlocglobal,32,1e-05,0.0001,1,32,1,False,0.1,lr1e-05_bs32_modL1_fusion32_fusionL1_fusionBN0_drop0p1__wd1e-04trmiss40_trlocglobal,40,0.6422155896822611,0.6891947984695435,0.4584980237154149,0.5384831361196256,0.4444444444444444,0.0,0.0,0.0,0.0,0.0,0.0,0.0,0.0,0.0,,,,,18473,global,0.4
2,2,lr1e-05_bs32_modL1_fusion32_fusionL1_fusionBN0_drop0p1__wd1e-04trmiss40_trlocglobal,32,1e-05,0.0001,1,32,1,False,0.1,lr1e-05_bs32_modL1_fusion32_fusionL1_fusionBN0_drop0p1__wd1e-04trmiss40_trlocglobal,41,0.6360283593336741,0.6891122162342072,0.46047430830039526,0.5393473196697579,0.4444444444444444,0.0,0.0,0.0,0.0,0.0,0.0,0.0,0.0,0.0,,,,,18473,global,0.4
2,2,lr1e-05_bs32_modL1_fusion32_fusionL1_fusionBN0_drop0p1__wd1e-04trmiss40_trlocglobal,32,1e-05,0.0001,1,32,1,False,0.1,lr1e-05_bs32_modL1_fusion32_fusionL1_fusionBN0_drop0p1__wd1e-04trmiss40_trlocglobal,42,0.6331660052140554,0.6893288791179657,0.4565217391304347,0.535692621964717,0.4444444444444444,0.0,0.0,0.0,0.0,0.0,0.0,0.0,0.0,0.0,,,,,18473,global,0.4
2,2,lr1e-05_bs32_modL1_fusion32_fusionL1_fusionBN0_drop0p1__wd1e-04trmiss40_trlocglobal,32,1e-05,0.0001,1,32,1,False,0.1,lr1e-05_bs32_modL1_fusion32_fusionL1_fusionBN0_drop0p1__wd1e-04trmiss40_trlocglobal,43,0.6407405734062195,0.6892491281032562,0.4545454545454545,0.5349970979656273,0.4222222222222222,0.0,0.0,0.0,0.0,0.0,0.0,0.0,0.0,0.0,,,,,18473,global,0.4
2,2,lr1e-05_bs32_modL1_fusion32_fusionL1_fusionBN0_drop0p1__wd1e-04trmiss40_trlocglobal,32,1e-05,0.0001,1,32,1,False,0.1,lr1e-05_bs32_modL1_fusion32_fusionL1_fusionBN0_drop0p1__wd1e-04trmiss40_trlocglobal,44,0.640604575475057,0.6892076730728149,0.45256916996047425,0.5341378437982447,0.4222222222222222,0.0,0.0,0.0,0.0,0.0,0.0,0.0,0.0,0.0,,,,,18473,global,0.4
2,2,lr1e-05_bs32_modL1_fusion32_fusionL1_fusionBN0_drop0p1__wd1e-04trmiss40_trlocglobal,32,1e-05,0.0001,1,32,1,False,0.1,lr1e-05_bs32_modL1_fusion32_fusionL1_fusionBN0_drop0p1__wd1e-04trmiss40_trlocglobal,45,0.6372798283894857,0.6891503930091858,0.4565217391304347,0.535692621964717,0.4222222222222222,0.0,0.0,0.0,0.0,0.0,0.0,0.0,0.0,0.0,,,,,18473,global,0.4
2,2,lr1e-05_bs32_modL1_fusion32_fusionL1_fusionBN0_drop0p1__wd1e-04trmiss40_trlocglobal,32,1e-05,0.0001,1,32,1,False,0.1,lr1e-05_bs32_modL1_fusion32_fusionL1_fusionBN0_drop0p1__wd1e-04trmiss40_trlocglobal,46,0.6352216700712839,0.6890871524810791,0.45256916996047425,0.5336222752519856,0.4444444444444444,0.0,0.0,0.0,0.0,0.0,0.0,0.0,0.0,0.0,,,,,18473,global,0.4
2,2,lr1e-05_bs32_modL1_fusion32_fusionL1_fusionBN0_drop0p1__wd1e-04trmiss40_trlocglobal,32,1e-05,0.0001,1,32,1,False,0.1,lr1e-05_bs32_modL1_fusion32_fusionL1_fusionBN0_drop0p1__wd1e-04trmiss40_trlocglobal,47,0.635346382856369,0.6887047290802002,0.4624505928853755,0.5410998860003293,0.4444444444444444,0.0,0.0,0.0,0.0,0.0,0.0,0.0,0.0,0.0,,,,,18473,global,0.4
2,2,lr1e-05_bs32_modL1_fusion32_fusionL1_fusionBN0_drop0p1__wd1e-04trmiss40_trlocglobal,32,1e-05,0.0001,1,32,1,False,0.1,lr1e-05_bs32_modL1_fusion32_fusionL1_fusionBN0_drop0p1__wd1e-04trmiss40_trlocglobal,48,0.6362635791301727,0.6885213255882263,0.4565217391304348,0.5393801716948028,0.4222222222222222,0.0,0.0,0.0,0.0,0.0,0.0,0.0,0.0,0.0,,,,,18473,global,0.4
2,2,lr1e-05_bs32_modL1_fusion32_fusionL1_fusionBN0_drop0p1__wd1e-04trmiss40_trlocglobal,32,1e-05,0.0001,1,32,1,False,0.1,lr1e-05_bs32_modL1_fusion32_fusionL1_fusionBN0_drop0p1__wd1e-04trmiss40_trlocglobal,49,0.6348959704240164,0.6884578466415405,0.4565217391304347,0.5380868449152059,0.4222222222222222,0.0,0.0,0.0,0.0,0.0,0.0,0.0,0.0,0.0,,,,,18473,global,0.4
2,2,lr1e-05_bs32_modL1_fusion32_fusionL1_fusionBN0_drop0p1__wd1e-04trmiss40_trlocglobal,32,1e-05,0.0001,1,32,1,False,0.1,lr1e-05_bs32_modL1_fusion32_fusionL1_fusionBN0_drop0p1__wd1e-04trmiss40_trlocglobal,50,0.6349905828634897,0.688609778881073,0.45256916996047436,0.5362646565941618,0.4222222222222222,0.0,0.0,0.0,0.0,0.0,0.0,0.0,0.0,0.0,,,,,18473,global,0.4
2,2,lr1e-05_bs32_modL1_fusion32_fusionL1_fusionBN0_drop0p1__wd1e-04trmiss40_trlocglobal,32,1e-05,0.0001,1,32,1,False,0.1,lr1e-05_bs32_modL1_fusion32_fusionL1_fusionBN0_drop0p1__wd1e-04trmiss40_trlocglobal,51,0.6355942090352377,0.6886461079120636,0.45849802371541504,0.5381303546841161,0.4444444444444444,0.0,0.0,0.0,0.0,0.0,0.0,0.0,0.0,0.0,,,,,18473,global,0.4
2,2,lr1e-05_bs32_modL1_fusion32_fusionL1_fusionBN0_drop0p1__wd1e-04trmiss40_trlocglobal,32,1e-05,0.0001,1,32,1,False,0.1,lr1e-05_bs32_modL1_fusion32_fusionL1_fusionBN0_drop0p1__wd1e-04trmiss40_trlocglobal,52,0.639256626367569,0.688746303319931,0.45256916996047436,0.5336353378778865,0.4444444444444444,0.0,0.0,0.0,0.0,0.0,0.0,0.0,0.0,0.0,,,,,18473,global,0.4
2,2,lr1e-05_bs32_modL1_fusion32_fusionL1_fusionBN0_drop0p1__wd1e-04trmiss40_trlocglobal,32,1e-05,0.0001,1,32,1,False,0.1,lr1e-05_bs32_modL1_fusion32_fusionL1_fusionBN0_drop0p1__wd1e-04trmiss40_trlocglobal,53,0.6298473576704661,0.68879833817482,0.4565217391304348,0.5350802924136641,0.4444444444444444,0.0,0.0,0.0,0.0,0.0,0.0,0.0,0.0,0.0,,,,,18473,global,0.4
2,2,lr1e-05_bs32_modL1_fusion32_fusionL1_fusionBN0_drop0p1__wd1e-04trmiss40_trlocglobal,32,1e-05,0.0001,1,32,1,False,0.1,lr1e-05_bs32_modL1_fusion32_fusionL1_fusionBN0_drop0p1__wd1e-04trmiss40_trlocglobal,54,0.6358918646971384,0.6885766685009003,0.4565217391304348,0.5349764017066878,0.4444444444444444,0.0,0.0,0.0,0.0,0.0,0.0,0.0,0.0,0.0,,,,,18473,global,0.4
2,2,lr1e-05_bs32_modL1_fusion32_fusionL1_fusionBN0_drop0p1__wd1e-04trmiss40_trlocglobal,32,1e-05,0.0001,1,32,1,False,0.1,lr1e-05_bs32_modL1_fusion32_fusionL1_fusionBN0_drop0p1__wd1e-04trmiss40_trlocglobal,55,0.6319648424784342,0.6887467205524445,0.45256916996047436,0.5341363289697006,0.4222222222222222,0.0,0.0,0.0,0.0,0.0,0.0,0.0,0.0,0.0,,,,,18473,global,0.4
2,2,lr1e-05_bs32_modL1_fusion32_fusionL1_fusionBN0_drop0p1__wd1e-04trmiss40_trlocglobal,32,1e-05,0.0001,1,32,1,False,0.1,lr1e-05_bs32_modL1_fusion32_fusionL1_fusionBN0_drop0p1__wd1e-04trmiss40_trlocglobal,56,0.6297099391619364,0.6890098750591278,0.44664031620553357,0.5297443375738428,0.4444444444444444,0.0,0.0,0.0,0.0,0.0,0.0,0.0,0.0,0.0,,,,,18473,global,0.4
2,2,lr1e-05_bs32_modL1_fusion32_fusionL1_fusionBN0_drop0p1__wd1e-04trmiss40_trlocglobal,32,1e-05,0.0001,1,32,1,False,0.1,lr1e-05_bs32_modL1_fusion32_fusionL1_fusionBN0_drop0p1__wd1e-04trmiss40_trlocglobal,57,0.634309858083725,0.6884721219539642,0.45256916996047436,0.5328346418369159,0.4222222222222222,0.0,0.0,0.0,0.0,0.0,0.0,0.0,0.0,0.0,,,,,18473,global,0.4
2,2,lr1e-05_bs32_modL1_fusion32_fusionL1_fusionBN0_drop0p1__wd1e-04trmiss40_trlocglobal,32,1e-05,0.0001,1,32,1,False,0.1,lr1e-05_bs32_modL1_fusion32_fusionL1_fusionBN0_drop0p1__wd1e-04trmiss40_trlocglobal,58,0.6286518176396688,0.6888307332992554,0.450592885375494,0.5318970712670562,0.4222222222222222,0.0,0.0,0.0,0.0,0.0,0.0,0.0,0.0,0.0,,,,,18473,global,0.4
2,2,lr1e-05_bs32_modL1_fusion32_fusionL1_fusionBN0_drop0p1__wd1e-04trmiss40_trlocglobal,32,1e-05,0.0001,1,32,1,False,0.1,lr1e-05_bs32_modL1_fusion32_fusionL1_fusionBN0_drop0p1__wd1e-04trmiss40_trlocglobal,59,0.630515436331431,0.6885348856449127,0.4486166007905138,0.5303842572355015,0.4444444444444444,0.0,0.0,0.0,0.0,0.0,0.0,0.0,0.0,0.0,,,,,18473,global,0.4
2,2,lr1e-05_bs32_modL1_fusion32_fusionL1_fusionBN0_drop0p1__wd1e-04trmiss40_trlocglobal,32,1e-05,0.0001,1,32,1,False,0.1,lr1e-05_bs32_modL1_fusion32_fusionL1_fusionBN0_drop0p1__wd1e-04trmiss40_trlocglobal,60,0.6317413151264191,0.688567042350769,0.450592885375494,0.5318176064949377,0.4222222222222222,0.0,0.0,0.0,0.0,0.0,0.0,0.0,0.0,0.0,,,,,18473,global,0.4
2,2,lr1e-05_bs32_modL1_fusion32_fusionL1_fusionBN0_drop0p1__wd1e-04trmiss40_trlocglobal,32,1e-05,0.0001,1,32,1,False,0.1,lr1e-05_bs32_modL1_fusion32_fusionL1_fusionBN0_drop0p1__wd1e-04trmiss40_trlocglobal,61,0.6245645781358083,0.6883364319801331,0.44664031620553357,0.5294760788460637,0.4222222222222222,0.0,0.0,0.0,0.0,0.0,0.0,0.0,0.0,0.0,,,,,18473,global,0.4
2,2,lr1e-05_bs32_modL1_fusion32_fusionL1_fusionBN0_drop0p1__wd1e-04trmiss40_trlocglobal,32,1e-05,0.0001,1,32,1,False,0.1,lr1e-05_bs32_modL1_fusion32_fusionL1_fusionBN0_drop0p1__wd1e-04trmiss40_trlocglobal,62,0.6330519318580627,0.6887085735797882,0.4486166007905138,0.5309094281055,0.4,0.0,0.0,0.0,0.0,0.0,0.0,0.0,0.0,0.0,,,,,18473,global,0.4
2,2,lr1e-05_bs32_modL1_fusion32_fusionL1_fusionBN0_drop0p1__wd1e-04trmiss40_trlocglobal,32,1e-05,0.0001,1,32,1,False,0.1,lr1e-05_bs32_modL1_fusion32_fusionL1_fusionBN0_drop0p1__wd1e-04trmiss40_trlocglobal,63,0.6341713766256968,0.6884107887744904,0.45256916996047436,0.5325172566698503,0.4,0.0,0.0,0.0,0.0,0.0,0.0,0.0,0.0,0.0,,,,,18473,global,0.4
2,2,lr1e-05_bs32_modL1_fusion32_fusionL1_fusionBN0_drop0p1__wd1e-04trmiss40_trlocglobal,32,1e-05,0.0001,1,32,1,False,0.1,lr1e-05_bs32_modL1_fusion32_fusionL1_fusionBN0_drop0p1__wd1e-04trmiss40_trlocglobal,64,0.6270975669225057,0.688442051410675,0.44466403162055335,0.5282079629040347,0.4444444444444444,0.0,0.0,0.0,0.0,0.0,0.0,0.0,0.0,0.0,,,,,18473,global,0.4
2,2,lr1e-05_bs32_modL1_fusion32_fusionL1_fusionBN0_drop0p1__wd1e-04trmiss40_trlocglobal,32,1e-05,0.0001,1,32,1,False,0.1,lr1e-05_bs32_modL1_fusion32_fusionL1_fusionBN0_drop0p1__wd1e-04trmiss40_trlocglobal,65,0.6271326045195261,0.6880998611450195,0.4486166007905138,0.5314523634310441,0.4444444444444444,0.0,0.0,0.0,0.0,0.0,0.0,0.0,0.0,0.0,,,,,18473,global,0.4
2,2,lr1e-05_bs32_modL1_fusion32_fusionL1_fusionBN0_drop0p1__wd1e-04trmiss40_trlocglobal,32,1e-05,0.0001,1,32,1,False,0.1,lr1e-05_bs32_modL1_fusion32_fusionL1_fusionBN0_drop0p1__wd1e-04trmiss40_trlocglobal,66,0.6273894608020782,0.6884763240814209,0.44466403162055335,0.5286789773967884,0.4,0.0,0.0,0.0,0.0,0.0,0.0,0.0,0.0,0.0,,,,,18473,global,0.4
2,2,lr1e-05_bs32_modL1_fusion32_fusionL1_fusionBN0_drop0p1__wd1e-04trmiss40_trlocglobal,32,1e-05,0.0001,1,32,1,False,0.1,lr1e-05_bs32_modL1_fusion32_fusionL1_fusionBN0_drop0p1__wd1e-04trmiss40_trlocglobal,67,0.6245326201121012,0.6884816586971283,0.44664031620553357,0.5301123266562247,0.4,0.0,0.0,0.0,0.0,0.0,0.0,0.0,0.0,0.0,,,,,18473,global,0.4
2,3,lr1e-04_bs32_modL1_fusion16_fusionL1_fusionBN0_drop0p2__wd1e-04trmiss40_trlocglobal,32,0.0001,0.0001,1,16,1,False,0.2,lr1e-04_bs32_modL1_fusion16_fusionL1_fusionBN0_drop0p2__wd1e-04trmiss40_trlocglobal,1,0.6861590842405955,0.6800319850444794,0.6964285714285714,0.6840691258000787,0.6222222222222222,0.0,0.0,0.0,0.0,0.0,0.0,0.0,0.0,0.0,,,,,18473,global,0.4
2,3,lr1e-04_bs32_modL1_fusion16_fusionL1_fusionBN0_drop0p2__wd1e-04trmiss40_trlocglobal,32,0.0001,0.0001,1,16,1,False,0.2,lr1e-04_bs32_modL1_fusion16_fusionL1_fusionBN0_drop0p2__wd1e-04trmiss40_trlocglobal,2,0.6571464240550995,0.6772808134555817,0.6746031746031746,0.6616662500368354,0.6,0.0,0.0,0.0,0.0,0.0,0.0,0.0,0.0,0.0,,,,,18473,global,0.4
2,3,lr1e-04_bs32_modL1_fusion16_fusionL1_fusionBN0_drop0p2__wd1e-04trmiss40_trlocglobal,32,0.0001,0.0001,1,16,1,False,0.2,lr1e-04_bs32_modL1_fusion16_fusionL1_fusionBN0_drop0p2__wd1e-04trmiss40_trlocglobal,3,0.6593359808127085,0.6770263016223907,0.6626984126984127,0.6448844234008898,0.5777777777777777,0.0,0.0,0.0,0.0,0.0,0.0,0.0,0.0,0.0,,,,,18473,global,0.4
2,3,lr1e-04_bs32_modL1_fusion16_fusionL1_fusionBN0_drop0p2__wd1e-04trmiss40_trlocglobal,32,0.0001,0.0001,1,16,1,False,0.2,lr1e-04_bs32_modL1_fusion16_fusionL1_fusionBN0_drop0p2__wd1e-04trmiss40_trlocglobal,4,0.6523095667362213,0.6765044927597046,0.6746031746031746,0.6445840411679353,0.5777777777777777,0.0,0.0,0.0,0.0,0.0,0.0,0.0,0.0,0.0,,,,,18473,global,0.4
2,3,lr1e-04_bs32_modL1_fusion16_fusionL1_fusionBN0_drop0p2__wd1e-04trmiss40_trlocglobal,32,0.0001,0.0001,1,16,1,False,0.2,lr1e-04_bs32_modL1_fusion16_fusionL1_fusionBN0_drop0p2__wd1e-04trmiss40_trlocglobal,5,0.6545598407586416,0.6752064228057861,0.6765873015873016,0.6498691365328729,0.5555555555555556,0.0,0.0,0.0,0.0,0.0,0.0,0.0,0.0,0.0,,,,,18473,global,0.4
2,3,lr1e-04_bs32_modL1_fusion16_fusionL1_fusionBN0_drop0p2__wd1e-04trmiss40_trlocglobal,32,0.0001,0.0001,1,16,1,False,0.2,lr1e-04_bs32_modL1_fusion16_fusionL1_fusionBN0_drop0p2__wd1e-04trmiss40_trlocglobal,6,0.6354902982711792,0.6748858094215393,0.6765873015873016,0.6481422519715233,0.5555555555555556,0.0,0.0,0.0,0.0,0.0,0.0,0.0,0.0,0.0,,,,,18473,global,0.4
2,3,lr1e-04_bs32_modL1_fusion16_fusionL1_fusionBN0_drop0p2__wd1e-04trmiss40_trlocglobal,32,0.0001,0.0001,1,16,1,False,0.2,lr1e-04_bs32_modL1_fusion16_fusionL1_fusionBN0_drop0p2__wd1e-04trmiss40_trlocglobal,7,0.6308782597382864,0.6729499995708466,0.6865079365079365,0.6679819955612669,0.5777777777777777,0.0,0.0,0.0,0.0,0.0,0.0,0.0,0.0,0.0,,,,,18473,global,0.4
2,3,lr1e-04_bs32_modL1_fusion16_fusionL1_fusionBN0_drop0p2__wd1e-04trmiss40_trlocglobal,32,0.0001,0.0001,1,16,1,False,0.2,lr1e-04_bs32_modL1_fusion16_fusionL1_fusionBN0_drop0p2__wd1e-04trmiss40_trlocglobal,8,0.6210669775803884,0.6720017194747925,0.6944444444444444,0.6793987173675916,0.5777777777777777,0.0,0.0,0.0,0.0,0.0,0.0,0.0,0.0,0.0,,,,,18473,global,0.4
2,3,lr1e-04_bs32_modL1_fusion16_fusionL1_fusionBN0_drop0p2__wd1e-04trmiss40_trlocglobal,32,0.0001,0.0001,1,16,1,False,0.2,lr1e-04_bs32_modL1_fusion16_fusionL1_fusionBN0_drop0p2__wd1e-04trmiss40_trlocglobal,9,0.6170570850372314,0.671838641166687,0.6904761904761905,0.6845184036240032,0.5777777777777777,0.0,0.0,0.0,0.0,0.0,0.0,0.0,0.0,0.0,,,,,18473,global,0.4
2,3,lr1e-04_bs32_modL1_fusion16_fusionL1_fusionBN0_drop0p2__wd1e-04trmiss40_trlocglobal,32,0.0001,0.0001,1,16,1,False,0.2,lr1e-04_bs32_modL1_fusion16_fusionL1_fusionBN0_drop0p2__wd1e-04trmiss40_trlocglobal,10,0.615530381600062,0.6710977256298065,0.6944444444444445,0.6811723833517058,0.6,0.0,0.0,0.0,0.0,0.0,0.0,0.0,0.0,0.0,,,,,18473,global,0.4
2,3,lr1e-04_bs32_modL1_fusion16_fusionL1_fusionBN0_drop0p2__wd1e-04trmiss40_trlocglobal,32,0.0001,0.0001,1,16,1,False,0.2,lr1e-04_bs32_modL1_fusion16_fusionL1_fusionBN0_drop0p2__wd1e-04trmiss40_trlocglobal,11,0.6071021656195322,0.6706491112709045,0.7023809523809524,0.6869998670316645,0.6,0.0,0.0,0.0,0.0,0.0,0.0,0.0,0.0,0.0,,,,,18473,global,0.4
2,3,lr1e-04_bs32_modL1_fusion16_fusionL1_fusionBN0_drop0p2__wd1e-04trmiss40_trlocglobal,32,0.0001,0.0001,1,16,1,False,0.2,lr1e-04_bs32_modL1_fusion16_fusionL1_fusionBN0_drop0p2__wd1e-04trmiss40_trlocglobal,12,0.6076623400052389,0.6701474189758301,0.6944444444444444,0.6732166970238495,0.6,0.0,0.0,0.0,0.0,0.0,0.0,0.0,0.0,0.0,,,,,18473,global,0.4
2,3,lr1e-04_bs32_modL1_fusion16_fusionL1_fusionBN0_drop0p2__wd1e-04trmiss40_trlocglobal,32,0.0001,0.0001,1,16,1,False,0.2,lr1e-04_bs32_modL1_fusion16_fusionL1_fusionBN0_drop0p2__wd1e-04trmiss40_trlocglobal,13,0.5975850522518158,0.6705451607704163,0.7003968253968255,0.6727088368284893,0.5777777777777777,0.0,0.0,0.0,0.0,0.0,0.0,0.0,0.0,0.0,,,,,18473,global,0.4
2,3,lr1e-04_bs32_modL1_fusion16_fusionL1_fusionBN0_drop0p2__wd1e-04trmiss40_trlocglobal,32,0.0001,0.0001,1,16,1,False,0.2,lr1e-04_bs32_modL1_fusion16_fusionL1_fusionBN0_drop0p2__wd1e-04trmiss40_trlocglobal,14,0.594834585984548,0.6709368526935577,0.6924603174603176,0.6683346912372384,0.5777777777777777,0.0,0.0,0.0,0.0,0.0,0.0,0.0,0.0,0.0,,,,,18473,global,0.4
2,3,lr1e-04_bs32_modL1_fusion16_fusionL1_fusionBN0_drop0p2__wd1e-04trmiss40_trlocglobal,32,0.0001,0.0001,1,16,1,False,0.2,lr1e-04_bs32_modL1_fusion16_fusionL1_fusionBN0_drop0p2__wd1e-04trmiss40_trlocglobal,15,0.5945288638273875,0.6714996099472046,0.6904761904761905,0.677878233430058,0.5555555555555556,0.0,0.0,0.0,0.0,0.0,0.0,0.0,0.0,0.0,,,,,18473,global,0.4
2,3,lr1e-04_bs32_modL1_fusion16_fusionL1_fusionBN0_drop0p2__wd1e-04trmiss40_trlocglobal,32,0.0001,0.0001,1,16,1,False,0.2,lr1e-04_bs32_modL1_fusion16_fusionL1_fusionBN0_drop0p2__wd1e-04trmiss40_trlocglobal,16,0.5835827390352885,0.6712941229343414,0.6805555555555556,0.6787243392873531,0.5555555555555556,0.0,0.0,0.0,0.0,0.0,0.0,0.0,0.0,0.0,,,,,18473,global,0.4
2,3,lr1e-04_bs32_modL1_fusion16_fusionL1_fusionBN0_drop0p2__wd1e-04trmiss40_trlocglobal,32,0.0001,0.0001,1,16,1,False,0.2,lr1e-04_bs32_modL1_fusion16_fusionL1_fusionBN0_drop0p2__wd1e-04trmiss40_trlocglobal,17,0.5871801475683848,0.6693347692489624,0.6904761904761905,0.6939620846042225,0.5555555555555556,0.0,0.0,0.0,0.0,0.0,0.0,0.0,0.0,0.0,,,,,18473,global,0.4
2,3,lr1e-04_bs32_modL1_fusion16_fusionL1_fusionBN0_drop0p2__wd1e-04trmiss40_trlocglobal,32,0.0001,0.0001,1,16,1,False,0.2,lr1e-04_bs32_modL1_fusion16_fusionL1_fusionBN0_drop0p2__wd1e-04trmiss40_trlocglobal,18,0.5801463524500529,0.6698184907436371,0.6944444444444445,0.6899652889553393,0.5555555555555556,0.0,0.0,0.0,0.0,0.0,0.0,0.0,0.0,0.0,,,,,18473,global,0.4
2,3,lr1e-04_bs32_modL1_fusion16_fusionL1_fusionBN0_drop0p2__wd1e-04trmiss40_trlocglobal,32,0.0001,0.0001,1,16,1,False,0.2,lr1e-04_bs32_modL1_fusion16_fusionL1_fusionBN0_drop0p2__wd1e-04trmiss40_trlocglobal,19,0.572364499171575,0.6711220741271973,0.6865079365079366,0.6820247687923252,0.5555555555555556,0.0,0.0,0.0,0.0,0.0,0.0,0.0,0.0,0.0,,,,,18473,global,0.4
2,3,lr1e-04_bs32_modL1_fusion16_fusionL1_fusionBN0_drop0p2__wd1e-04trmiss40_trlocglobal,32,0.0001,0.0001,1,16,1,False,0.2,lr1e-04_bs32_modL1_fusion16_fusionL1_fusionBN0_drop0p2__wd1e-04trmiss40_trlocglobal,20,0.5701461931069692,0.6730461120605469,0.6686507936507936,0.6608863796998597,0.6,0.0,0.0,0.0,0.0,0.0,0.0,0.0,0.0,0.0,,,,,18473,global,0.4
2,3,lr1e-04_bs32_modL1_fusion16_fusionL1_fusionBN0_drop0p2__wd1e-04trmiss40_trlocglobal,32,0.0001,0.0001,1,16,1,False,0.2,lr1e-04_bs32_modL1_fusion16_fusionL1_fusionBN0_drop0p2__wd1e-04trmiss40_trlocglobal,21,0.559335470199585,0.671261340379715,0.6785714285714286,0.6811411697011668,0.5777777777777777,0.0,0.0,0.0,0.0,0.0,0.0,0.0,0.0,0.0,,,,,18473,global,0.4
2,3,lr1e-04_bs32_modL1_fusion16_fusionL1_fusionBN0_drop0p2__wd1e-04trmiss40_trlocglobal,32,0.0001,0.0001,1,16,1,False,0.2,lr1e-04_bs32_modL1_fusion16_fusionL1_fusionBN0_drop0p2__wd1e-04trmiss40_trlocglobal,22,0.5684468646844228,0.6689817905426025,0.6865079365079365,0.6830900548301989,0.5777777777777777,0.0,0.0,0.0,0.0,0.0,0.0,0.0,0.0,0.0,,,,,18473,global,0.4
2,3,lr1e-04_bs32_modL1_fusion16_fusionL1_fusionBN0_drop0p2__wd1e-04trmiss40_trlocglobal,32,0.0001,0.0001,1,16,1,False,0.2,lr1e-04_bs32_modL1_fusion16_fusionL1_fusionBN0_drop0p2__wd1e-04trmiss40_trlocglobal,23,0.5597284138202667,0.6667861640453339,0.6904761904761905,0.6838229199246834,0.6,0.0,0.0,0.0,0.0,0.0,0.0,0.0,0.0,0.0,,,,,18473,global,0.4
2,3,lr1e-04_bs32_modL1_fusion16_fusionL1_fusionBN0_drop0p2__wd1e-04trmiss40_trlocglobal,32,0.0001,0.0001,1,16,1,False,0.2,lr1e-04_bs32_modL1_fusion16_fusionL1_fusionBN0_drop0p2__wd1e-04trmiss40_trlocglobal,24,0.5527857144673666,0.6653123795986176,0.6944444444444444,0.6848251795115018,0.5777777777777777,0.0,0.0,0.0,0.0,0.0,0.0,0.0,0.0,0.0,,,,,18473,global,0.4
2,3,lr1e-04_bs32_modL1_fusion16_fusionL1_fusionBN0_drop0p2__wd1e-04trmiss40_trlocglobal,32,0.0001,0.0001,1,16,1,False,0.2,lr1e-04_bs32_modL1_fusion16_fusionL1_fusionBN0_drop0p2__wd1e-04trmiss40_trlocglobal,25,0.5531681080659231,0.6671470105648041,0.6924603174603174,0.6898054589406472,0.6222222222222222,0.0,0.0,0.0,0.0,0.0,0.0,0.0,0.0,0.0,,,,,18473,global,0.4
2,3,lr1e-04_bs32_modL1_fusion16_fusionL1_fusionBN0_drop0p2__wd1e-04trmiss40_trlocglobal,32,0.0001,0.0001,1,16,1,False,0.2,lr1e-04_bs32_modL1_fusion16_fusionL1_fusionBN0_drop0p2__wd1e-04trmiss40_trlocglobal,26,0.5363209247589111,0.6645888984203339,0.7063492063492064,0.7013337810823667,0.6,0.0,0.0,0.0,0.0,0.0,0.0,0.0,0.0,0.0,,,,,18473,global,0.4
2,3,lr1e-04_bs32_modL1_fusion16_fusionL1_fusionBN0_drop0p2__wd1e-04trmiss40_trlocglobal,32,0.0001,0.0001,1,16,1,False,0.2,lr1e-04_bs32_modL1_fusion16_fusionL1_fusionBN0_drop0p2__wd1e-04trmiss40_trlocglobal,27,0.5370150903860728,0.6668118536472321,0.6904761904761905,0.6841257229246238,0.5555555555555556,0.0,0.0,0.0,0.0,0.0,0.0,0.0,0.0,0.0,,,,,18473,global,0.4
2,3,lr1e-04_bs32_modL1_fusion16_fusionL1_fusionBN0_drop0p2__wd1e-04trmiss40_trlocglobal,32,0.0001,0.0001,1,16,1,False,0.2,lr1e-04_bs32_modL1_fusion16_fusionL1_fusionBN0_drop0p2__wd1e-04trmiss40_trlocglobal,28,0.53942009806633,0.6673712730407715,0.6845238095238095,0.6747574180923086,0.5555555555555556,0.0,0.0,0.0,0.0,0.0,0.0,0.0,0.0,0.0,,,,,18473,global,0.4
2,3,lr1e-04_bs32_modL1_fusion16_fusionL1_fusionBN0_drop0p2__wd1e-04trmiss40_trlocglobal,32,0.0001,0.0001,1,16,1,False,0.2,lr1e-04_bs32_modL1_fusion16_fusionL1_fusionBN0_drop0p2__wd1e-04trmiss40_trlocglobal,29,0.5223361253738403,0.6617929339408875,0.6984126984126985,0.6947921331394918,0.6,0.0,0.0,0.0,0.0,0.0,0.0,0.0,0.0,0.0,,,,,18473,global,0.4
2,3,lr1e-04_bs32_modL1_fusion16_fusionL1_fusionBN0_drop0p2__wd1e-04trmiss40_trlocglobal,32,0.0001,0.0001,1,16,1,False,0.2,lr1e-04_bs32_modL1_fusion16_fusionL1_fusionBN0_drop0p2__wd1e-04trmiss40_trlocglobal,30,0.527327686548233,0.660015344619751,0.7003968253968254,0.6946995579715189,0.6,0.0,0.0,0.0,0.0,0.0,0.0,0.0,0.0,0.0,,,,,18473,global,0.4
2,3,lr1e-04_bs32_modL1_fusion16_fusionL1_fusionBN0_drop0p2__wd1e-04trmiss40_trlocglobal,32,0.0001,0.0001,1,16,1,False,0.2,lr1e-04_bs32_modL1_fusion16_fusionL1_fusionBN0_drop0p2__wd1e-04trmiss40_trlocglobal,31,0.5306420723597208,0.6613763570785522,0.6964285714285714,0.6908792467355899,0.5777777777777777,0.0,0.0,0.0,0.0,0.0,0.0,0.0,0.0,0.0,,,,,18473,global,0.4
2,3,lr1e-04_bs32_modL1_fusion16_fusionL1_fusionBN0_drop0p2__wd1e-04trmiss40_trlocglobal,32,0.0001,0.0001,1,16,1,False,0.2,lr1e-04_bs32_modL1_fusion16_fusionL1_fusionBN0_drop0p2__wd1e-04trmiss40_trlocglobal,32,0.5317867596944174,0.658844381570816,0.7083333333333334,0.6994641796221056,0.6,0.0,0.0,0.0,0.0,0.0,0.0,0.0,0.0,0.0,,,,,18473,global,0.4
2,3,lr1e-04_bs32_modL1_fusion16_fusionL1_fusionBN0_drop0p2__wd1e-04trmiss40_trlocglobal,32,0.0001,0.0001,1,16,1,False,0.2,lr1e-04_bs32_modL1_fusion16_fusionL1_fusionBN0_drop0p2__wd1e-04trmiss40_trlocglobal,33,0.523094246784846,0.663192868232727,0.6924603174603174,0.678378321036247,0.5777777777777777,0.0,0.0,0.0,0.0,0.0,0.0,0.0,0.0,0.0,,,,,18473,global,0.4
2,3,lr1e-04_bs32_modL1_fusion16_fusionL1_fusionBN0_drop0p2__wd1e-04trmiss40_trlocglobal,32,0.0001,0.0001,1,16,1,False,0.2,lr1e-04_bs32_modL1_fusion16_fusionL1_fusionBN0_drop0p2__wd1e-04trmiss40_trlocglobal,34,0.5115907043218613,0.6618921160697937,0.6924603174603176,0.6753750742830003,0.6,0.0,0.0,0.0,0.0,0.0,0.0,0.0,0.0,0.0,,,,,18473,global,0.4
2,3,lr1e-04_bs32_modL1_fusion16_fusionL1_fusionBN0_drop0p2__wd1e-04trmiss40_trlocglobal,32,0.0001,0.0001,1,16,1,False,0.2,lr1e-04_bs32_modL1_fusion16_fusionL1_fusionBN0_drop0p2__wd1e-04trmiss40_trlocglobal,35,0.5023156056801478,0.6615993976593018,0.6924603174603174,0.675618429563324,0.6,0.0,0.0,0.0,0.0,0.0,0.0,0.0,0.0,0.0,,,,,18473,global,0.4
2,3,lr1e-04_bs32_modL1_fusion16_fusionL1_fusionBN0_drop0p2__wd1e-04trmiss40_trlocglobal,32,0.0001,0.0001,1,16,1,False,0.2,lr1e-04_bs32_modL1_fusion16_fusionL1_fusionBN0_drop0p2__wd1e-04trmiss40_trlocglobal,36,0.5170494318008423,0.6648388504981995,0.6865079365079365,0.6671723324179777,0.6222222222222222,0.0,0.0,0.0,0.0,0.0,0.0,0.0,0.0,0.0,,,,,18473,global,0.4
2,3,lr1e-04_bs32_modL1_fusion16_fusionL1_fusionBN0_drop0p2__wd1e-04trmiss40_trlocglobal,32,0.0001,0.0001,1,16,1,False,0.2,lr1e-04_bs32_modL1_fusion16_fusionL1_fusionBN0_drop0p2__wd1e-04trmiss40_trlocglobal,37,0.5078604916731516,0.6608792841434479,0.7003968253968254,0.6848586182286185,0.6222222222222222,0.0,0.0,0.0,0.0,0.0,0.0,0.0,0.0,0.0,,,,,18473,global,0.4
2,3,lr1e-04_bs32_modL1_fusion16_fusionL1_fusionBN0_drop0p2__wd1e-04trmiss40_trlocglobal,32,0.0001,0.0001,1,16,1,False,0.2,lr1e-04_bs32_modL1_fusion16_fusionL1_fusionBN0_drop0p2__wd1e-04trmiss40_trlocglobal,38,0.4953449070453644,0.6639359891414642,0.6964285714285714,0.6772261207570331,0.6222222222222222,0.0,0.0,0.0,0.0,0.0,0.0,0.0,0.0,0.0,,,,,18473,global,0.4
2,3,lr1e-04_bs32_modL1_fusion16_fusionL1_fusionBN0_drop0p2__wd1e-04trmiss40_trlocglobal,32,0.0001,0.0001,1,16,1,False,0.2,lr1e-04_bs32_modL1_fusion16_fusionL1_fusionBN0_drop0p2__wd1e-04trmiss40_trlocglobal,39,0.50173452993234,0.6660517156124115,0.6884920634920635,0.667432161536376,0.6444444444444445,0.0,0.0,0.0,0.0,0.0,0.0,0.0,0.0,0.0,,,,,18473,global,0.4
2,3,lr1e-04_bs32_modL1_fusion16_fusionL1_fusionBN0_drop0p2__wd1e-04trmiss40_trlocglobal,32,0.0001,0.0001,1,16,1,False,0.2,lr1e-04_bs32_modL1_fusion16_fusionL1_fusionBN0_drop0p2__wd1e-04trmiss40_trlocglobal,40,0.5086532086133957,0.6592054069042206,0.6944444444444444,0.6835446533405584,0.6,0.0,0.0,0.0,0.0,0.0,0.0,0.0,0.0,0.0,,,,,18473,global,0.4
2,3,lr1e-04_bs32_modL1_fusion16_fusionL1_fusionBN0_drop0p2__wd1e-04trmiss40_trlocglobal,32,0.0001,0.0001,1,16,1,False,0.2,lr1e-04_bs32_modL1_fusion16_fusionL1_fusionBN0_drop0p2__wd1e-04trmiss40_trlocglobal,41,0.4917220671971639,0.6629400849342346,0.6884920634920635,0.6768498709654852,0.6222222222222222,0.0,0.0,0.0,0.0,0.0,0.0,0.0,0.0,0.0,,,,,18473,global,0.4
2,3,lr1e-04_bs32_modL1_fusion16_fusionL1_fusionBN0_drop0p2__wd1e-04trmiss40_trlocglobal,32,0.0001,0.0001,1,16,1,False,0.2,lr1e-04_bs32_modL1_fusion16_fusionL1_fusionBN0_drop0p2__wd1e-04trmiss40_trlocglobal,42,0.49751543005307514,0.6662949025630951,0.6845238095238095,0.6679057909242022,0.6444444444444445,0.0,0.0,0.0,0.0,0.0,0.0,0.0,0.0,0.0,,,,,18473,global,0.4
2,3,lr1e-04_bs32_modL1_fusion16_fusionL1_fusionBN0_drop0p2__wd1e-04trmiss40_trlocglobal,32,0.0001,0.0001,1,16,1,False,0.2,lr1e-04_bs32_modL1_fusion16_fusionL1_fusionBN0_drop0p2__wd1e-04trmiss40_trlocglobal,43,0.48993711173534393,0.6663598716259003,0.6845238095238095,0.6703200377096459,0.6444444444444445,0.0,0.0,0.0,0.0,0.0,0.0,0.0,0.0,0.0,,,,,18473,global,0.4
2,3,lr1e-04_bs32_modL1_fusion16_fusionL1_fusionBN0_drop0p2__wd1e-04trmiss40_trlocglobal,32,0.0001,0.0001,1,16,1,False,0.2,lr1e-04_bs32_modL1_fusion16_fusionL1_fusionBN0_drop0p2__wd1e-04trmiss40_trlocglobal,44,0.4691144526004791,0.6656618714332581,0.6845238095238095,0.6681104417500499,0.6222222222222222,0.0,0.0,0.0,0.0,0.0,0.0,0.0,0.0,0.0,,,,,18473,global,0.4
2,3,lr1e-04_bs32_modL1_fusion16_fusionL1_fusionBN0_drop0p2__wd1e-04trmiss40_trlocglobal,32,0.0001,0.0001,1,16,1,False,0.2,lr1e-04_bs32_modL1_fusion16_fusionL1_fusionBN0_drop0p2__wd1e-04trmiss40_trlocglobal,45,0.4800459643205007,0.6642383635044098,0.6845238095238095,0.6681994175761881,0.6222222222222222,0.0,0.0,0.0,0.0,0.0,0.0,0.0,0.0,0.0,,,,,18473,global,0.4
2,3,lr1e-04_bs32_modL1_fusion16_fusionL1_fusionBN0_drop0p2__wd1e-04trmiss40_trlocglobal,32,0.0001,0.0001,1,16,1,False,0.2,lr1e-04_bs32_modL1_fusion16_fusionL1_fusionBN0_drop0p2__wd1e-04trmiss40_trlocglobal,46,0.4786266932884852,0.6612429320812225,0.6845238095238095,0.6679117502626587,0.6444444444444445,0.0,0.0,0.0,0.0,0.0,0.0,0.0,0.0,0.0,,,,,18473,global,0.4
2,3,lr1e-04_bs32_modL1_fusion16_fusionL1_fusionBN0_drop0p2__wd1e-04trmiss40_trlocglobal,32,0.0001,0.0001,1,16,1,False,0.2,lr1e-04_bs32_modL1_fusion16_fusionL1_fusionBN0_drop0p2__wd1e-04trmiss40_trlocglobal,47,0.47667399048805237,0.6631001830101013,0.6865079365079365,0.6689589283931702,0.6444444444444445,0.0,0.0,0.0,0.0,0.0,0.0,0.0,0.0,0.0,,,,,18473,global,0.4
2,3,lr1e-04_bs32_modL1_fusion16_fusionL1_fusionBN0_drop0p2__wd1e-04trmiss40_trlocglobal,32,0.0001,0.0001,1,16,1,False,0.2,lr1e-04_bs32_modL1_fusion16_fusionL1_fusionBN0_drop0p2__wd1e-04trmiss40_trlocglobal,48,0.4733349432547887,0.6631524860858917,0.6805555555555556,0.6635736157464389,0.6444444444444445,0.0,0.0,0.0,0.0,0.0,0.0,0.0,0.0,0.0,,,,,18473,global,0.4
2,3,lr1e-04_bs32_modL1_fusion16_fusionL1_fusionBN0_drop0p2__wd1e-04trmiss40_trlocglobal,32,0.0001,0.0001,1,16,1,False,0.2,lr1e-04_bs32_modL1_fusion16_fusionL1_fusionBN0_drop0p2__wd1e-04trmiss40_trlocglobal,49,0.46904897689819336,0.6593904495239258,0.6825396825396826,0.6675730884959117,0.6444444444444445,0.0,0.0,0.0,0.0,0.0,0.0,0.0,0.0,0.0,,,,,18473,global,0.4
2,3,lr1e-04_bs32_modL1_fusion16_fusionL1_fusionBN0_drop0p2__wd1e-04trmiss40_trlocglobal,32,0.0001,0.0001,1,16,1,False,0.2,lr1e-04_bs32_modL1_fusion16_fusionL1_fusionBN0_drop0p2__wd1e-04trmiss40_trlocglobal,50,0.46795547008514404,0.6597899198532104,0.6805555555555556,0.6658329263088347,0.6444444444444445,0.0,0.0,0.0,0.0,0.0,0.0,0.0,0.0,0.0,,,,,18473,global,0.4
2,3,lr1e-04_bs32_modL1_fusion16_fusionL1_fusionBN0_drop0p2__wd1e-04trmiss40_trlocglobal,32,0.0001,0.0001,1,16,1,False,0.2,lr1e-04_bs32_modL1_fusion16_fusionL1_fusionBN0_drop0p2__wd1e-04trmiss40_trlocglobal,51,0.4514022022485733,0.6603446900844574,0.6785714285714286,0.6636747733177021,0.6444444444444445,0.0,0.0,0.0,0.0,0.0,0.0,0.0,0.0,0.0,,,,,18473,global,0.4
2,3,lr1e-04_bs32_modL1_fusion16_fusionL1_fusionBN0_drop0p2__wd1e-04trmiss40_trlocglobal,32,0.0001,0.0001,1,16,1,False,0.2,lr1e-04_bs32_modL1_fusion16_fusionL1_fusionBN0_drop0p2__wd1e-04trmiss40_trlocglobal,52,0.47698641816775006,0.6596136093139648,0.6785714285714286,0.6668264827194116,0.6444444444444445,0.0,0.0,0.0,0.0,0.0,0.0,0.0,0.0,0.0,,,,,18473,global,0.4
2,3,lr1e-04_bs32_modL1_fusion16_fusionL1_fusionBN0_drop0p1__wd1e-04trmiss40_trlocglobal,32,0.0001,0.0001,1,16,1,False,0.1,lr1e-04_bs32_modL1_fusion16_fusionL1_fusionBN0_drop0p1__wd1e-04trmiss40_trlocglobal,1,0.6965702076752981,0.6944873332977295,0.4464285714285715,0.5748766514182436,0.5111111111111111,0.0,0.0,0.0,0.0,0.0,0.0,0.0,0.0,0.0,,,,,18473,global,0.4
2,3,lr1e-04_bs32_modL1_fusion16_fusionL1_fusionBN0_drop0p1__wd1e-04trmiss40_trlocglobal,32,0.0001,0.0001,1,16,1,False,0.1,lr1e-04_bs32_modL1_fusion16_fusionL1_fusionBN0_drop0p1__wd1e-04trmiss40_trlocglobal,2,0.6704035600026449,0.6912391185760498,0.507936507936508,0.5906887206408689,0.4888888888888889,0.0,0.0,0.0,0.0,0.0,0.0,0.0,0.0,0.0,,,,,18473,global,0.4
2,3,lr1e-04_bs32_modL1_fusion16_fusionL1_fusionBN0_drop0p1__wd1e-04trmiss40_trlocglobal,32,0.0001,0.0001,1,16,1,False,0.1,lr1e-04_bs32_modL1_fusion16_fusionL1_fusionBN0_drop0p1__wd1e-04trmiss40_trlocglobal,3,0.6431945363680521,0.6898446381092072,0.5357142857142857,0.6125971569097702,0.5333333333333333,0.0,0.0,0.0,0.0,0.0,0.0,0.0,0.0,0.0,,,,,18473,global,0.4
2,3,lr1e-04_bs32_modL1_fusion16_fusionL1_fusionBN0_drop0p1__wd1e-04trmiss40_trlocglobal,32,0.0001,0.0001,1,16,1,False,0.1,lr1e-04_bs32_modL1_fusion16_fusionL1_fusionBN0_drop0p1__wd1e-04trmiss40_trlocglobal,4,0.6410232186317444,0.6907468736171722,0.5178571428571429,0.5973383250632653,0.5111111111111111,0.0,0.0,0.0,0.0,0.0,0.0,0.0,0.0,0.0,,,,,18473,global,0.4
2,3,lr1e-04_bs32_modL1_fusion16_fusionL1_fusionBN0_drop0p1__wd1e-04trmiss40_trlocglobal,32,0.0001,0.0001,1,16,1,False,0.1,lr1e-04_bs32_modL1_fusion16_fusionL1_fusionBN0_drop0p1__wd1e-04trmiss40_trlocglobal,5,0.6202071011066437,0.6907422244548798,0.5297619047619047,0.6018826573990727,0.4888888888888889,0.0,0.0,0.0,0.0,0.0,0.0,0.0,0.0,0.0,,,,,18473,global,0.4
2,3,lr1e-04_bs32_modL1_fusion16_fusionL1_fusionBN0_drop0p1__wd1e-04trmiss40_trlocglobal,32,0.0001,0.0001,1,16,1,False,0.1,lr1e-04_bs32_modL1_fusion16_fusionL1_fusionBN0_drop0p1__wd1e-04trmiss40_trlocglobal,6,0.6130433976650238,0.6890309154987335,0.5496031746031746,0.6152501532080199,0.4888888888888889,0.0,0.0,0.0,0.0,0.0,0.0,0.0,0.0,0.0,,,,,18473,global,0.4
2,3,lr1e-04_bs32_modL1_fusion16_fusionL1_fusionBN0_drop0p1__wd1e-04trmiss40_trlocglobal,32,0.0001,0.0001,1,16,1,False,0.1,lr1e-04_bs32_modL1_fusion16_fusionL1_fusionBN0_drop0p1__wd1e-04trmiss40_trlocglobal,7,0.6051098505655924,0.6885437667369843,0.5376984126984127,0.6166157365982994,0.5333333333333333,0.0,0.0,0.0,0.0,0.0,0.0,0.0,0.0,0.0,,,,,18473,global,0.4
2,3,lr1e-04_bs32_modL1_fusion16_fusionL1_fusionBN0_drop0p1__wd1e-04trmiss40_trlocglobal,32,0.0001,0.0001,1,16,1,False,0.1,lr1e-04_bs32_modL1_fusion16_fusionL1_fusionBN0_drop0p1__wd1e-04trmiss40_trlocglobal,8,0.5973433355490366,0.6873129904270172,0.5317460317460317,0.611035315699393,0.5333333333333333,0.0,0.0,0.0,0.0,0.0,0.0,0.0,0.0,0.0,,,,,18473,global,0.4
2,3,lr1e-04_bs32_modL1_fusion16_fusionL1_fusionBN0_drop0p1__wd1e-04trmiss40_trlocglobal,32,0.0001,0.0001,1,16,1,False,0.1,lr1e-04_bs32_modL1_fusion16_fusionL1_fusionBN0_drop0p1__wd1e-04trmiss40_trlocglobal,9,0.5865451892217001,0.6859593987464905,0.5476190476190477,0.6221471346300889,0.5333333333333333,0.0,0.0,0.0,0.0,0.0,0.0,0.0,0.0,0.0,,,,,18473,global,0.4
2,3,lr1e-04_bs32_modL1_fusion16_fusionL1_fusionBN0_drop0p1__wd1e-04trmiss40_trlocglobal,32,0.0001,0.0001,1,16,1,False,0.1,lr1e-04_bs32_modL1_fusion16_fusionL1_fusionBN0_drop0p1__wd1e-04trmiss40_trlocglobal,10,0.5811128715674082,0.6865260004997253,0.5515873015873015,0.6285423620136709,0.5555555555555556,0.0,0.0,0.0,0.0,0.0,0.0,0.0,0.0,0.0,,,,,18473,global,0.4
2,3,lr1e-04_bs32_modL1_fusion16_fusionL1_fusionBN0_drop0p1__wd1e-04trmiss40_trlocglobal,32,0.0001,0.0001,1,16,1,False,0.1,lr1e-04_bs32_modL1_fusion16_fusionL1_fusionBN0_drop0p1__wd1e-04trmiss40_trlocglobal,11,0.5692765712738037,0.6884648203849792,0.5297619047619049,0.6148678394401544,0.5111111111111111,0.0,0.0,0.0,0.0,0.0,0.0,0.0,0.0,0.0,,,,,18473,global,0.4
2,3,lr1e-04_bs32_modL1_fusion16_fusionL1_fusionBN0_drop0p1__wd1e-04trmiss40_trlocglobal,32,0.0001,0.0001,1,16,1,False,0.1,lr1e-04_bs32_modL1_fusion16_fusionL1_fusionBN0_drop0p1__wd1e-04trmiss40_trlocglobal,12,0.5661911169687907,0.6912539303302765,0.5158730158730159,0.6145189442937551,0.4888888888888889,0.0,0.0,0.0,0.0,0.0,0.0,0.0,0.0,0.0,,,,,18473,global,0.4
2,3,lr1e-04_bs32_modL1_fusion16_fusionL1_fusionBN0_drop0p1__wd1e-04trmiss40_trlocglobal,32,0.0001,0.0001,1,16,1,False,0.1,lr1e-04_bs32_modL1_fusion16_fusionL1_fusionBN0_drop0p1__wd1e-04trmiss40_trlocglobal,13,0.5574084023634592,0.6906180381774902,0.5317460317460317,0.6203852447319791,0.5555555555555556,0.0,0.0,0.0,0.0,0.0,0.0,0.0,0.0,0.0,,,,,18473,global,0.4
2,3,lr1e-04_bs32_modL1_fusion16_fusionL1_fusionBN0_drop0p1__wd1e-04trmiss40_trlocglobal,32,0.0001,0.0001,1,16,1,False,0.1,lr1e-04_bs32_modL1_fusion16_fusionL1_fusionBN0_drop0p1__wd1e-04trmiss40_trlocglobal,14,0.5562937955061594,0.6882688105106354,0.5257936507936507,0.6210039188761275,0.5555555555555556,0.0,0.0,0.0,0.0,0.0,0.0,0.0,0.0,0.0,,,,,18473,global,0.4
2,3,lr1e-04_bs32_modL1_fusion16_fusionL1_fusionBN0_drop0p1__wd1e-04trmiss40_trlocglobal,32,0.0001,0.0001,1,16,1,False,0.1,lr1e-04_bs32_modL1_fusion16_fusionL1_fusionBN0_drop0p1__wd1e-04trmiss40_trlocglobal,15,0.5453114708264669,0.6892959475517273,0.5277777777777778,0.6164137270423211,0.5777777777777777,0.0,0.0,0.0,0.0,0.0,0.0,0.0,0.0,0.0,,,,,18473,global,0.4
2,3,lr1e-04_bs32_modL1_fusion16_fusionL1_fusionBN0_drop0p1__wd1e-04trmiss40_trlocglobal,32,0.0001,0.0001,1,16,1,False,0.1,lr1e-04_bs32_modL1_fusion16_fusionL1_fusionBN0_drop0p1__wd1e-04trmiss40_trlocglobal,16,0.5353852609793345,0.6932375431060791,0.5119047619047619,0.6107194083658715,0.5555555555555556,0.0,0.0,0.0,0.0,0.0,0.0,0.0,0.0,0.0,,,,,18473,global,0.4
2,3,lr1e-04_bs32_modL1_fusion16_fusionL1_fusionBN0_drop0p1__wd1e-04trmiss40_trlocglobal,32,0.0001,0.0001,1,16,1,False,0.1,lr1e-04_bs32_modL1_fusion16_fusionL1_fusionBN0_drop0p1__wd1e-04trmiss40_trlocglobal,17,0.5281179745992025,0.6911420524120331,0.5119047619047619,0.6091630334542335,0.5333333333333333,0.0,0.0,0.0,0.0,0.0,0.0,0.0,0.0,0.0,,,,,18473,global,0.4
2,3,lr1e-04_bs32_modL1_fusion16_fusionL1_fusionBN0_drop0p1__wd1e-04trmiss40_trlocglobal,32,0.0001,0.0001,1,16,1,False,0.1,lr1e-04_bs32_modL1_fusion16_fusionL1_fusionBN0_drop0p1__wd1e-04trmiss40_trlocglobal,18,0.5294806659221649,0.6867628991603851,0.5376984126984127,0.6254021239777606,0.5555555555555556,0.0,0.0,0.0,0.0,0.0,0.0,0.0,0.0,0.0,,,,,18473,global,0.4
2,3,lr1e-04_bs32_modL1_fusion16_fusionL1_fusionBN0_drop0p1__wd1e-04trmiss40_trlocglobal,32,0.0001,0.0001,1,16,1,False,0.1,lr1e-04_bs32_modL1_fusion16_fusionL1_fusionBN0_drop0p1__wd1e-04trmiss40_trlocglobal,19,0.5237207462390264,0.6870143711566925,0.5238095238095238,0.6257748862547357,0.5333333333333333,0.0,0.0,0.0,0.0,0.0,0.0,0.0,0.0,0.0,,,,,18473,global,0.4
2,3,lr1e-04_bs32_modL1_fusion16_fusionL1_fusionBN0_drop0p1__wd1e-04trmiss40_trlocglobal,32,0.0001,0.0001,1,16,1,False,0.1,lr1e-04_bs32_modL1_fusion16_fusionL1_fusionBN0_drop0p1__wd1e-04trmiss40_trlocglobal,20,0.5228409717480341,0.6887786686420441,0.5178571428571429,0.6128465825256787,0.5111111111111111,0.0,0.0,0.0,0.0,0.0,0.0,0.0,0.0,0.0,,,,,18473,global,0.4
2,3,lr1e-04_bs32_modL1_fusion16_fusionL1_fusionBN0_drop0p1__wd1e-04trmiss40_trlocglobal,32,0.0001,0.0001,1,16,1,False,0.1,lr1e-04_bs32_modL1_fusion16_fusionL1_fusionBN0_drop0p1__wd1e-04trmiss40_trlocglobal,21,0.5056377997001013,0.6877670288085938,0.5277777777777778,0.6148652857077669,0.5111111111111111,0.0,0.0,0.0,0.0,0.0,0.0,0.0,0.0,0.0,,,,,18473,global,0.4
2,3,lr1e-04_bs32_modL1_fusion16_fusionL1_fusionBN0_drop0p1__wd1e-04trmiss40_trlocglobal,32,0.0001,0.0001,1,16,1,False,0.1,lr1e-04_bs32_modL1_fusion16_fusionL1_fusionBN0_drop0p1__wd1e-04trmiss40_trlocglobal,22,0.498500535885493,0.691743791103363,0.5198412698412699,0.6088452735564157,0.5111111111111111,0.0,0.0,0.0,0.0,0.0,0.0,0.0,0.0,0.0,,,,,18473,global,0.4
2,3,lr1e-04_bs32_modL1_fusion16_fusionL1_fusionBN0_drop0p1__wd1e-04trmiss40_trlocglobal,32,0.0001,0.0001,1,16,1,False,0.1,lr1e-04_bs32_modL1_fusion16_fusionL1_fusionBN0_drop0p1__wd1e-04trmiss40_trlocglobal,23,0.499504879117012,0.6904237270355225,0.5297619047619048,0.617072739600573,0.4888888888888889,0.0,0.0,0.0,0.0,0.0,0.0,0.0,0.0,0.0,,,,,18473,global,0.4
2,3,lr1e-04_bs32_modL1_fusion16_fusionL1_fusionBN0_drop0p1__wd1e-04trmiss40_trlocglobal,32,0.0001,0.0001,1,16,1,False,0.1,lr1e-04_bs32_modL1_fusion16_fusionL1_fusionBN0_drop0p1__wd1e-04trmiss40_trlocglobal,24,0.4920338789621989,0.6877396106719971,0.5376984126984127,0.6183041201742198,0.5333333333333333,0.0,0.0,0.0,0.0,0.0,0.0,0.0,0.0,0.0,,,,,18473,global,0.4
2,3,lr1e-04_bs32_modL1_fusion16_fusionL1_fusionBN0_drop0p1__wd1e-04trmiss40_trlocglobal,32,0.0001,0.0001,1,16,1,False,0.1,lr1e-04_bs32_modL1_fusion16_fusionL1_fusionBN0_drop0p1__wd1e-04trmiss40_trlocglobal,25,0.48530567189057666,0.690287709236145,0.5297619047619048,0.6192712464727484,0.4666666666666667,0.0,0.0,0.0,0.0,0.0,0.0,0.0,0.0,0.0,,,,,18473,global,0.4
2,3,lr1e-04_bs32_modL1_fusion16_fusionL1_fusionBN0_drop0p1__wd1e-04trmiss40_trlocglobal,32,0.0001,0.0001,1,16,1,False,0.1,lr1e-04_bs32_modL1_fusion16_fusionL1_fusionBN0_drop0p1__wd1e-04trmiss40_trlocglobal,26,0.46939603487650555,0.6880852580070496,0.5218253968253969,0.6136546338248857,0.4666666666666667,0.0,0.0,0.0,0.0,0.0,0.0,0.0,0.0,0.0,,,,,18473,global,0.4
2,3,lr1e-04_bs32_modL1_fusion16_fusionL1_fusionBN0_drop0p1__wd1e-04trmiss40_trlocglobal,32,0.0001,0.0001,1,16,1,False,0.1,lr1e-04_bs32_modL1_fusion16_fusionL1_fusionBN0_drop0p1__wd1e-04trmiss40_trlocglobal,27,0.4792742182811101,0.692110151052475,0.5238095238095238,0.6148524698911428,0.4888888888888889,0.0,0.0,0.0,0.0,0.0,0.0,0.0,0.0,0.0,,,,,18473,global,0.4
2,3,lr1e-04_bs32_modL1_fusion16_fusionL1_fusionBN0_drop0p1__wd1e-04trmiss40_trlocglobal,32,0.0001,0.0001,1,16,1,False,0.1,lr1e-04_bs32_modL1_fusion16_fusionL1_fusionBN0_drop0p1__wd1e-04trmiss40_trlocglobal,28,0.4717617332935333,0.6911613345146179,0.5238095238095238,0.612421886579455,0.5333333333333333,0.0,0.0,0.0,0.0,0.0,0.0,0.0,0.0,0.0,,,,,18473,global,0.4
2,3,lr1e-04_bs32_modL1_fusion16_fusionL1_fusionBN0_drop0p1__wd1e-04trmiss40_trlocglobal,32,0.0001,0.0001,1,16,1,False,0.1,lr1e-04_bs32_modL1_fusion16_fusionL1_fusionBN0_drop0p1__wd1e-04trmiss40_trlocglobal,29,0.4658137212196986,0.6886758506298065,0.5317460317460317,0.6119063309612035,0.5333333333333333,0.0,0.0,0.0,0.0,0.0,0.0,0.0,0.0,0.0,,,,,18473,global,0.4
2,3,lr1e-04_bs32_modL1_fusion16_fusionL1_fusionBN0_drop0p1__wd1e-04trmiss40_trlocglobal,32,0.0001,0.0001,1,16,1,False,0.1,lr1e-04_bs32_modL1_fusion16_fusionL1_fusionBN0_drop0p1__wd1e-04trmiss40_trlocglobal,30,0.4639189789692561,0.690275639295578,0.5257936507936508,0.6134398429302703,0.4888888888888889,0.0,0.0,0.0,0.0,0.0,0.0,0.0,0.0,0.0,,,,,18473,global,0.4
2,3,lr1e-04_bs32_modL1_fusion32_fusionL1_fusionBN0_drop0p2__wd1e-04trmiss40_trlocglobal,32,0.0001,0.0001,1,32,1,False,0.2,lr1e-04_bs32_modL1_fusion32_fusionL1_fusionBN0_drop0p2__wd1e-04trmiss40_trlocglobal,1,0.6960056523482004,0.6988164484500885,0.43253968253968256,0.5327683350250405,0.4888888888888889,0.0,0.0,0.0,0.0,0.0,0.0,0.0,0.0,0.0,,,,,18473,global,0.4
2,3,lr1e-04_bs32_modL1_fusion32_fusionL1_fusionBN0_drop0p2__wd1e-04trmiss40_trlocglobal,32,0.0001,0.0001,1,32,1,False,0.2,lr1e-04_bs32_modL1_fusion32_fusionL1_fusionBN0_drop0p2__wd1e-04trmiss40_trlocglobal,2,0.6834215819835663,0.6984837651252747,0.44444444444444453,0.5249529386924874,0.4888888888888889,0.0,0.0,0.0,0.0,0.0,0.0,0.0,0.0,0.0,,,,,18473,global,0.4
2,3,lr1e-04_bs32_modL1_fusion32_fusionL1_fusionBN0_drop0p2__wd1e-04trmiss40_trlocglobal,32,0.0001,0.0001,1,32,1,False,0.2,lr1e-04_bs32_modL1_fusion32_fusionL1_fusionBN0_drop0p2__wd1e-04trmiss40_trlocglobal,3,0.676908403635025,0.6976392567157745,0.46230158730158727,0.5129238737092627,0.5333333333333333,0.0,0.0,0.0,0.0,0.0,0.0,0.0,0.0,0.0,,,,,18473,global,0.4
2,3,lr1e-04_bs32_modL1_fusion32_fusionL1_fusionBN0_drop0p2__wd1e-04trmiss40_trlocglobal,32,0.0001,0.0001,1,32,1,False,0.2,lr1e-04_bs32_modL1_fusion32_fusionL1_fusionBN0_drop0p2__wd1e-04trmiss40_trlocglobal,4,0.6657528579235077,0.6969519853591919,0.48214285714285715,0.5448791108454208,0.5555555555555556,0.0,0.0,0.0,0.0,0.0,0.0,0.0,0.0,0.0,,,,,18473,global,0.4
2,3,lr1e-04_bs32_modL1_fusion32_fusionL1_fusionBN0_drop0p2__wd1e-04trmiss40_trlocglobal,32,0.0001,0.0001,1,32,1,False,0.2,lr1e-04_bs32_modL1_fusion32_fusionL1_fusionBN0_drop0p2__wd1e-04trmiss40_trlocglobal,5,0.6553417344888052,0.6968421936035156,0.48611111111111116,0.5272907053300705,0.5111111111111111,0.0,0.0,0.0,0.0,0.0,0.0,0.0,0.0,0.0,,,,,18473,global,0.4
2,3,lr1e-04_bs32_modL1_fusion32_fusionL1_fusionBN0_drop0p2__wd1e-04trmiss40_trlocglobal,32,0.0001,0.0001,1,32,1,False,0.2,lr1e-04_bs32_modL1_fusion32_fusionL1_fusionBN0_drop0p2__wd1e-04trmiss40_trlocglobal,6,0.6623132129510244,0.6967393457889557,0.48015873015873023,0.5119277708366372,0.5111111111111111,0.0,0.0,0.0,0.0,0.0,0.0,0.0,0.0,0.0,,,,,18473,global,0.4
2,3,lr1e-04_bs32_modL1_fusion32_fusionL1_fusionBN0_drop0p2__wd1e-04trmiss40_trlocglobal,32,0.0001,0.0001,1,32,1,False,0.2,lr1e-04_bs32_modL1_fusion32_fusionL1_fusionBN0_drop0p2__wd1e-04trmiss40_trlocglobal,7,0.6496455470720927,0.6972376108169556,0.48809523809523814,0.5219467063442768,0.5111111111111111,0.0,0.0,0.0,0.0,0.0,0.0,0.0,0.0,0.0,,,,,18473,global,0.4
2,3,lr1e-04_bs32_modL1_fusion32_fusionL1_fusionBN0_drop0p2__wd1e-04trmiss40_trlocglobal,32,0.0001,0.0001,1,32,1,False,0.2,lr1e-04_bs32_modL1_fusion32_fusionL1_fusionBN0_drop0p2__wd1e-04trmiss40_trlocglobal,8,0.6412638425827026,0.6981423199176788,0.4900793650793651,0.5298748761194064,0.5111111111111111,0.0,0.0,0.0,0.0,0.0,0.0,0.0,0.0,0.0,,,,,18473,global,0.4
2,3,lr1e-04_bs32_modL1_fusion32_fusionL1_fusionBN0_drop0p2__wd1e-04trmiss40_trlocglobal,32,0.0001,0.0001,1,32,1,False,0.2,lr1e-04_bs32_modL1_fusion32_fusionL1_fusionBN0_drop0p2__wd1e-04trmiss40_trlocglobal,9,0.6380522847175598,0.6980324387550354,0.5,0.5708222087786956,0.5333333333333333,0.0,0.0,0.0,0.0,0.0,0.0,0.0,0.0,0.0,,,,,18473,global,0.4
2,3,lr1e-04_bs32_modL1_fusion32_fusionL1_fusionBN0_drop0p2__wd1e-04trmiss40_trlocglobal,32,0.0001,0.0001,1,32,1,False,0.2,lr1e-04_bs32_modL1_fusion32_fusionL1_fusionBN0_drop0p2__wd1e-04trmiss40_trlocglobal,10,0.6344486773014069,0.696329653263092,0.501984126984127,0.5416693158056805,0.5111111111111111,0.0,0.0,0.0,0.0,0.0,0.0,0.0,0.0,0.0,,,,,18473,global,0.4
2,3,lr1e-04_bs32_modL1_fusion32_fusionL1_fusionBN0_drop0p2__wd1e-04trmiss40_trlocglobal,32,0.0001,0.0001,1,32,1,False,0.2,lr1e-04_bs32_modL1_fusion32_fusionL1_fusionBN0_drop0p2__wd1e-04trmiss40_trlocglobal,11,0.6207053661346436,0.6962271928787231,0.503968253968254,0.5357477940777071,0.5111111111111111,0.0,0.0,0.0,0.0,0.0,0.0,0.0,0.0,0.0,,,,,18473,global,0.4
2,3,lr1e-04_bs32_modL1_fusion32_fusionL1_fusionBN0_drop0p2__wd1e-04trmiss40_trlocglobal,32,0.0001,0.0001,1,32,1,False,0.2,lr1e-04_bs32_modL1_fusion32_fusionL1_fusionBN0_drop0p2__wd1e-04trmiss40_trlocglobal,12,0.6235041916370392,0.6980126202106476,0.49404761904761907,0.5375372450878939,0.4666666666666667,0.0,0.0,0.0,0.0,0.0,0.0,0.0,0.0,0.0,,,,,18473,global,0.4
2,3,lr1e-04_bs32_modL1_fusion32_fusionL1_fusionBN0_drop0p2__wd1e-04trmiss40_trlocglobal,32,0.0001,0.0001,1,32,1,False,0.2,lr1e-04_bs32_modL1_fusion32_fusionL1_fusionBN0_drop0p2__wd1e-04trmiss40_trlocglobal,13,0.6241296927134196,0.698375940322876,0.48809523809523814,0.5354812351655046,0.4666666666666667,0.0,0.0,0.0,0.0,0.0,0.0,0.0,0.0,0.0,,,,,18473,global,0.4
2,3,lr1e-04_bs32_modL1_fusion32_fusionL1_fusionBN0_drop0p2__wd1e-04trmiss40_trlocglobal,32,0.0001,0.0001,1,32,1,False,0.2,lr1e-04_bs32_modL1_fusion32_fusionL1_fusionBN0_drop0p2__wd1e-04trmiss40_trlocglobal,14,0.6078171928723654,0.6973003447055817,0.4920634920634921,0.5413190261364792,0.4444444444444444,0.0,0.0,0.0,0.0,0.0,0.0,0.0,0.0,0.0,,,,,18473,global,0.4
2,3,lr1e-04_bs32_modL1_fusion32_fusionL1_fusionBN0_drop0p2__wd1e-04trmiss40_trlocglobal,32,0.0001,0.0001,1,32,1,False,0.2,lr1e-04_bs32_modL1_fusion32_fusionL1_fusionBN0_drop0p2__wd1e-04trmiss40_trlocglobal,15,0.6049461166063944,0.6932564079761505,0.5317460317460317,0.5802820345906047,0.5333333333333333,0.0,0.0,0.0,0.0,0.0,0.0,0.0,0.0,0.0,,,,,18473,global,0.4
2,3,lr1e-04_bs32_modL1_fusion32_fusionL1_fusionBN0_drop0p2__wd1e-04trmiss40_trlocglobal,32,0.0001,0.0001,1,32,1,False,0.2,lr1e-04_bs32_modL1_fusion32_fusionL1_fusionBN0_drop0p2__wd1e-04trmiss40_trlocglobal,16,0.6015133261680603,0.6909097731113434,0.5535714285714286,0.6199068067238922,0.6222222222222222,0.0,0.0,0.0,0.0,0.0,0.0,0.0,0.0,0.0,,,,,18473,global,0.4
2,3,lr1e-04_bs32_modL1_fusion32_fusionL1_fusionBN0_drop0p2__wd1e-04trmiss40_trlocglobal,32,0.0001,0.0001,1,32,1,False,0.2,lr1e-04_bs32_modL1_fusion32_fusionL1_fusionBN0_drop0p2__wd1e-04trmiss40_trlocglobal,17,0.5988578697045644,0.6912261545658112,0.5476190476190477,0.6124364332567309,0.5333333333333333,0.0,0.0,0.0,0.0,0.0,0.0,0.0,0.0,0.0,,,,,18473,global,0.4
2,3,lr1e-04_bs32_modL1_fusion32_fusionL1_fusionBN0_drop0p2__wd1e-04trmiss40_trlocglobal,32,0.0001,0.0001,1,32,1,False,0.2,lr1e-04_bs32_modL1_fusion32_fusionL1_fusionBN0_drop0p2__wd1e-04trmiss40_trlocglobal,18,0.595149407784144,0.6939590275287628,0.513888888888889,0.5607754235735743,0.4888888888888889,0.0,0.0,0.0,0.0,0.0,0.0,0.0,0.0,0.0,,,,,18473,global,0.4
2,3,lr1e-04_bs32_modL1_fusion32_fusionL1_fusionBN0_drop0p2__wd1e-04trmiss40_trlocglobal,32,0.0001,0.0001,1,32,1,False,0.2,lr1e-04_bs32_modL1_fusion32_fusionL1_fusionBN0_drop0p2__wd1e-04trmiss40_trlocglobal,19,0.5892109672228495,0.6949000358581543,0.5317460317460317,0.6013332493679707,0.6,0.0,0.0,0.0,0.0,0.0,0.0,0.0,0.0,0.0,,,,,18473,global,0.4
2,3,lr1e-04_bs32_modL1_fusion32_fusionL1_fusionBN0_drop0p2__wd1e-04trmiss40_trlocglobal,32,0.0001,0.0001,1,32,1,False,0.2,lr1e-04_bs32_modL1_fusion32_fusionL1_fusionBN0_drop0p2__wd1e-04trmiss40_trlocglobal,20,0.5953636169433594,0.6966652870178223,0.5317460317460317,0.5591167562778996,0.6,0.0,0.0,0.0,0.0,0.0,0.0,0.0,0.0,0.0,,,,,18473,global,0.4
2,3,lr1e-04_bs32_modL1_fusion32_fusionL1_fusionBN0_drop0p2__wd1e-04trmiss40_trlocglobal,32,0.0001,0.0001,1,32,1,False,0.2,lr1e-04_bs32_modL1_fusion32_fusionL1_fusionBN0_drop0p2__wd1e-04trmiss40_trlocglobal,21,0.5803670386473337,0.6953079104423523,0.5357142857142858,0.5537223301465629,0.5777777777777777,0.0,0.0,0.0,0.0,0.0,0.0,0.0,0.0,0.0,,,,,18473,global,0.4
2,3,lr1e-04_bs32_modL1_fusion32_fusionL1_fusionBN0_drop0p2__wd1e-04trmiss40_trlocglobal,32,0.0001,0.0001,1,32,1,False,0.2,lr1e-04_bs32_modL1_fusion32_fusionL1_fusionBN0_drop0p2__wd1e-04trmiss40_trlocglobal,22,0.5776562889417013,0.6942439675331116,0.5456349206349207,0.5575323522420587,0.5555555555555556,0.0,0.0,0.0,0.0,0.0,0.0,0.0,0.0,0.0,,,,,18473,global,0.4
2,3,lr1e-04_bs32_modL1_fusion32_fusionL1_fusionBN0_drop0p2__wd1e-04trmiss40_trlocglobal,32,0.0001,0.0001,1,32,1,False,0.2,lr1e-04_bs32_modL1_fusion32_fusionL1_fusionBN0_drop0p2__wd1e-04trmiss40_trlocglobal,23,0.5750925640265147,0.6946636140346527,0.5337301587301587,0.5536700064351161,0.5333333333333333,0.0,0.0,0.0,0.0,0.0,0.0,0.0,0.0,0.0,,,,,18473,global,0.4
2,3,lr1e-04_bs32_modL1_fusion32_fusionL1_fusionBN0_drop0p2__wd1e-04trmiss40_trlocglobal,32,0.0001,0.0001,1,32,1,False,0.2,lr1e-04_bs32_modL1_fusion32_fusionL1_fusionBN0_drop0p2__wd1e-04trmiss40_trlocglobal,24,0.5554080108801523,0.6959267854690552,0.5277777777777778,0.5507833667266687,0.5333333333333333,0.0,0.0,0.0,0.0,0.0,0.0,0.0,0.0,0.0,,,,,18473,global,0.4
2,3,lr1e-04_bs32_modL1_fusion32_fusionL1_fusionBN0_drop0p2__wd1e-04trmiss40_trlocglobal,32,0.0001,0.0001,1,32,1,False,0.2,lr1e-04_bs32_modL1_fusion32_fusionL1_fusionBN0_drop0p2__wd1e-04trmiss40_trlocglobal,25,0.5522854228814443,0.6938236653804779,0.5218253968253969,0.5690542558283112,0.5555555555555556,0.0,0.0,0.0,0.0,0.0,0.0,0.0,0.0,0.0,,,,,18473,global,0.4
2,3,lr1e-04_bs32_modL1_fusion32_fusionL1_fusionBN0_drop0p2__wd1e-04trmiss40_trlocglobal,32,0.0001,0.0001,1,32,1,False,0.2,lr1e-04_bs32_modL1_fusion32_fusionL1_fusionBN0_drop0p2__wd1e-04trmiss40_trlocglobal,26,0.565933475891749,0.6931819021701813,0.5317460317460317,0.5980460921261029,0.6,0.0,0.0,0.0,0.0,0.0,0.0,0.0,0.0,0.0,,,,,18473,global,0.4
2,3,lr1e-04_bs32_modL1_fusion32_fusionL1_fusionBN0_drop0p2__wd1e-04trmiss40_trlocglobal,32,0.0001,0.0001,1,32,1,False,0.2,lr1e-04_bs32_modL1_fusion32_fusionL1_fusionBN0_drop0p2__wd1e-04trmiss40_trlocglobal,27,0.5520102481047312,0.6940732896327972,0.5376984126984128,0.5907014119195807,0.5777777777777777,0.0,0.0,0.0,0.0,0.0,0.0,0.0,0.0,0.0,,,,,18473,global,0.4
2,3,lr1e-04_bs32_modL1_fusion32_fusionL1_fusionBN0_drop0p2__wd1e-04trmiss40_trlocglobal,32,0.0001,0.0001,1,32,1,False,0.2,lr1e-04_bs32_modL1_fusion32_fusionL1_fusionBN0_drop0p2__wd1e-04trmiss40_trlocglobal,28,0.5377161900202433,0.695951908826828,0.5198412698412699,0.5631164234280932,0.5111111111111111,0.0,0.0,0.0,0.0,0.0,0.0,0.0,0.0,0.0,,,,,18473,global,0.4
2,3,lr1e-04_bs32_modL1_fusion32_fusionL1_fusionBN0_drop0p2__wd1e-04trmiss40_trlocglobal,32,0.0001,0.0001,1,32,1,False,0.2,lr1e-04_bs32_modL1_fusion32_fusionL1_fusionBN0_drop0p2__wd1e-04trmiss40_trlocglobal,29,0.5358293851216634,0.6978743970394135,0.5099206349206349,0.5395790961509078,0.5333333333333333,0.0,0.0,0.0,0.0,0.0,0.0,0.0,0.0,0.0,,,,,18473,global,0.4
2,3,lr1e-04_bs32_modL1_fusion32_fusionL1_fusionBN0_drop0p2__wd1e-04trmiss40_trlocglobal,32,0.0001,0.0001,1,32,1,False,0.2,lr1e-04_bs32_modL1_fusion32_fusionL1_fusionBN0_drop0p2__wd1e-04trmiss40_trlocglobal,30,0.5353277424971262,0.6954918801784515,0.5198412698412699,0.5392831348177648,0.5111111111111111,0.0,0.0,0.0,0.0,0.0,0.0,0.0,0.0,0.0,,,,,18473,global,0.4
2,3,lr1e-04_bs32_modL1_fusion32_fusionL1_fusionBN0_drop0p2__wd1e-04trmiss40_trlocglobal,32,0.0001,0.0001,1,32,1,False,0.2,lr1e-04_bs32_modL1_fusion32_fusionL1_fusionBN0_drop0p2__wd1e-04trmiss40_trlocglobal,31,0.5299580196539561,0.695214569568634,0.5337301587301587,0.5585166937034935,0.5111111111111111,0.0,0.0,0.0,0.0,0.0,0.0,0.0,0.0,0.0,,,,,18473,global,0.4
2,3,lr1e-04_bs32_modL1_fusion32_fusionL1_fusionBN0_drop0p2__wd1e-04trmiss40_trlocglobal,32,0.0001,0.0001,1,32,1,False,0.2,lr1e-04_bs32_modL1_fusion32_fusionL1_fusionBN0_drop0p2__wd1e-04trmiss40_trlocglobal,32,0.5289057095845541,0.6945571005344391,0.5317460317460317,0.5465779745279321,0.5333333333333333,0.0,0.0,0.0,0.0,0.0,0.0,0.0,0.0,0.0,,,,,18473,global,0.4
2,3,lr1e-04_bs32_modL1_fusion32_fusionL1_fusionBN0_drop0p2__wd1e-04trmiss40_trlocglobal,32,0.0001,0.0001,1,32,1,False,0.2,lr1e-04_bs32_modL1_fusion32_fusionL1_fusionBN0_drop0p2__wd1e-04trmiss40_trlocglobal,33,0.5281582077344259,0.6963691413402557,0.5317460317460319,0.5453670939584209,0.5333333333333333,0.0,0.0,0.0,0.0,0.0,0.0,0.0,0.0,0.0,,,,,18473,global,0.4
2,3,lr1e-04_bs32_modL1_fusion32_fusionL1_fusionBN0_drop0p2__wd1e-04trmiss40_trlocglobal,32,0.0001,0.0001,1,32,1,False,0.2,lr1e-04_bs32_modL1_fusion32_fusionL1_fusionBN0_drop0p2__wd1e-04trmiss40_trlocglobal,34,0.5169242968161901,0.6989795863628387,0.5317460317460317,0.5501675004234927,0.5555555555555556,0.0,0.0,0.0,0.0,0.0,0.0,0.0,0.0,0.0,,,,,18473,global,0.4
2,3,lr1e-04_bs32_modL1_fusion32_fusionL1_fusionBN0_drop0p2__wd1e-04trmiss40_trlocglobal,32,0.0001,0.0001,1,32,1,False,0.2,lr1e-04_bs32_modL1_fusion32_fusionL1_fusionBN0_drop0p2__wd1e-04trmiss40_trlocglobal,35,0.5221196462710699,0.6990135312080383,0.5337301587301588,0.5521469216887931,0.5333333333333333,0.0,0.0,0.0,0.0,0.0,0.0,0.0,0.0,0.0,,,,,18473,global,0.4
2,3,lr1e-04_bs32_modL1_fusion32_fusionL1_fusionBN0_drop0p2__wd1e-04trmiss40_trlocglobal,32,0.0001,0.0001,1,32,1,False,0.2,lr1e-04_bs32_modL1_fusion32_fusionL1_fusionBN0_drop0p2__wd1e-04trmiss40_trlocglobal,36,0.5096538960933685,0.6935320496559143,0.5535714285714286,0.5694250509270316,0.4888888888888889,0.0,0.0,0.0,0.0,0.0,0.0,0.0,0.0,0.0,,,,,18473,global,0.4
2,3,lr1e-04_bs32_modL1_fusion32_fusionL1_fusionBN0_drop0p1__wd1e-04trmiss40_trlocglobal,32,0.0001,0.0001,1,32,1,False,0.1,lr1e-04_bs32_modL1_fusion32_fusionL1_fusionBN0_drop0p1__wd1e-04trmiss40_trlocglobal,1,0.6962383389472961,0.6965686082839966,0.5456349206349206,0.5520308832410131,0.5555555555555556,0.0,0.0,0.0,0.0,0.0,0.0,0.0,0.0,0.0,,,,,18473,global,0.4
2,3,lr1e-04_bs32_modL1_fusion32_fusionL1_fusionBN0_drop0p1__wd1e-04trmiss40_trlocglobal,32,0.0001,0.0001,1,32,1,False,0.1,lr1e-04_bs32_modL1_fusion32_fusionL1_fusionBN0_drop0p1__wd1e-04trmiss40_trlocglobal,2,0.6708508729934692,0.6992542743682861,0.5634920634920635,0.5552418063058397,0.5555555555555556,0.0,0.0,0.0,0.0,0.0,0.0,0.0,0.0,0.0,,,,,18473,global,0.4
2,3,lr1e-04_bs32_modL1_fusion32_fusionL1_fusionBN0_drop0p1__wd1e-04trmiss40_trlocglobal,32,0.0001,0.0001,1,32,1,False,0.1,lr1e-04_bs32_modL1_fusion32_fusionL1_fusionBN0_drop0p1__wd1e-04trmiss40_trlocglobal,3,0.6535674234231313,0.6998344659805298,0.5694444444444444,0.5580477505438315,0.5111111111111111,0.0,0.0,0.0,0.0,0.0,0.0,0.0,0.0,0.0,,,,,18473,global,0.4
2,3,lr1e-04_bs32_modL1_fusion32_fusionL1_fusionBN0_drop0p1__wd1e-04trmiss40_trlocglobal,32,0.0001,0.0001,1,32,1,False,0.1,lr1e-04_bs32_modL1_fusion32_fusionL1_fusionBN0_drop0p1__wd1e-04trmiss40_trlocglobal,4,0.6493022938569387,0.699692040681839,0.5753968253968255,0.5657484388274712,0.5333333333333333,0.0,0.0,0.0,0.0,0.0,0.0,0.0,0.0,0.0,,,,,18473,global,0.4
2,3,lr1e-04_bs32_modL1_fusion32_fusionL1_fusionBN0_drop0p1__wd1e-04trmiss40_trlocglobal,32,0.0001,0.0001,1,32,1,False,0.1,lr1e-04_bs32_modL1_fusion32_fusionL1_fusionBN0_drop0p1__wd1e-04trmiss40_trlocglobal,5,0.6374011238416036,0.6950758397579193,0.5892857142857142,0.572042734087915,0.6,0.0,0.0,0.0,0.0,0.0,0.0,0.0,0.0,0.0,,,,,18473,global,0.4
2,3,lr1e-04_bs32_modL1_fusion32_fusionL1_fusionBN0_drop0p1__wd1e-04trmiss40_trlocglobal,32,0.0001,0.0001,1,32,1,False,0.1,lr1e-04_bs32_modL1_fusion32_fusionL1_fusionBN0_drop0p1__wd1e-04trmiss40_trlocglobal,6,0.6295264959335327,0.692541241645813,0.5892857142857143,0.5728483101615175,0.6,0.0,0.0,0.0,0.0,0.0,0.0,0.0,0.0,0.0,,,,,18473,global,0.4
2,3,lr1e-04_bs32_modL1_fusion32_fusionL1_fusionBN0_drop0p1__wd1e-04trmiss40_trlocglobal,32,0.0001,0.0001,1,32,1,False,0.1,lr1e-04_bs32_modL1_fusion32_fusionL1_fusionBN0_drop0p1__wd1e-04trmiss40_trlocglobal,7,0.6221463779608408,0.6900185644626617,0.5912698412698413,0.5705816458765766,0.6,0.0,0.0,0.0,0.0,0.0,0.0,0.0,0.0,0.0,,,,,18473,global,0.4
2,3,lr1e-04_bs32_modL1_fusion32_fusionL1_fusionBN0_drop0p1__wd1e-04trmiss40_trlocglobal,32,0.0001,0.0001,1,32,1,False,0.1,lr1e-04_bs32_modL1_fusion32_fusionL1_fusionBN0_drop0p1__wd1e-04trmiss40_trlocglobal,8,0.6106389959653219,0.6899349987506866,0.5912698412698413,0.5683274876506289,0.6,0.0,0.0,0.0,0.0,0.0,0.0,0.0,0.0,0.0,,,,,18473,global,0.4
2,3,lr1e-04_bs32_modL1_fusion32_fusionL1_fusionBN0_drop0p1__wd1e-04trmiss40_trlocglobal,32,0.0001,0.0001,1,32,1,False,0.1,lr1e-04_bs32_modL1_fusion32_fusionL1_fusionBN0_drop0p1__wd1e-04trmiss40_trlocglobal,9,0.5986626545588175,0.6862300038337708,0.6071428571428572,0.5756058162773996,0.6222222222222222,0.0,0.0,0.0,0.0,0.0,0.0,0.0,0.0,0.0,,,,,18473,global,0.4
2,3,lr1e-04_bs32_modL1_fusion32_fusionL1_fusionBN0_drop0p1__wd1e-04trmiss40_trlocglobal,32,0.0001,0.0001,1,32,1,False,0.1,lr1e-04_bs32_modL1_fusion32_fusionL1_fusionBN0_drop0p1__wd1e-04trmiss40_trlocglobal,10,0.5970348318417867,0.6843263506889343,0.5932539682539683,0.5674888121135442,0.6222222222222222,0.0,0.0,0.0,0.0,0.0,0.0,0.0,0.0,0.0,,,,,18473,global,0.4
2,3,lr1e-04_bs32_modL1_fusion32_fusionL1_fusionBN0_drop0p1__wd1e-04trmiss40_trlocglobal,32,0.0001,0.0001,1,32,1,False,0.1,lr1e-04_bs32_modL1_fusion32_fusionL1_fusionBN0_drop0p1__wd1e-04trmiss40_trlocglobal,11,0.5853306750456492,0.6893084645271301,0.5595238095238095,0.5547005210866729,0.6,0.0,0.0,0.0,0.0,0.0,0.0,0.0,0.0,0.0,,,,,18473,global,0.4
2,3,lr1e-04_bs32_modL1_fusion32_fusionL1_fusionBN0_drop0p1__wd1e-04trmiss40_trlocglobal,32,0.0001,0.0001,1,32,1,False,0.1,lr1e-04_bs32_modL1_fusion32_fusionL1_fusionBN0_drop0p1__wd1e-04trmiss40_trlocglobal,12,0.5811998546123505,0.6897208094596863,0.5555555555555556,0.5504704151816983,0.5777777777777777,0.0,0.0,0.0,0.0,0.0,0.0,0.0,0.0,0.0,,,,,18473,global,0.4
2,3,lr1e-04_bs32_modL1_fusion32_fusionL1_fusionBN0_drop0p1__wd1e-04trmiss40_trlocglobal,32,0.0001,0.0001,1,32,1,False,0.1,lr1e-04_bs32_modL1_fusion32_fusionL1_fusionBN0_drop0p1__wd1e-04trmiss40_trlocglobal,13,0.571014016866684,0.6878172159194946,0.5634920634920635,0.5605333690677144,0.5777777777777777,0.0,0.0,0.0,0.0,0.0,0.0,0.0,0.0,0.0,,,,,18473,global,0.4
2,3,lr1e-04_bs32_modL1_fusion32_fusionL1_fusionBN0_drop0p1__wd1e-04trmiss40_trlocglobal,32,0.0001,0.0001,1,32,1,False,0.1,lr1e-04_bs32_modL1_fusion32_fusionL1_fusionBN0_drop0p1__wd1e-04trmiss40_trlocglobal,14,0.5548673172791799,0.68436199426651,0.5813492063492064,0.566626317821847,0.6,0.0,0.0,0.0,0.0,0.0,0.0,0.0,0.0,0.0,,,,,18473,global,0.4
2,3,lr1e-04_bs32_modL1_fusion32_fusionL1_fusionBN0_drop0p1__wd1e-04trmiss40_trlocglobal,32,0.0001,0.0001,1,32,1,False,0.1,lr1e-04_bs32_modL1_fusion32_fusionL1_fusionBN0_drop0p1__wd1e-04trmiss40_trlocglobal,15,0.5567185978094736,0.6862370669841766,0.5714285714285714,0.5582006044235297,0.5777777777777777,0.0,0.0,0.0,0.0,0.0,0.0,0.0,0.0,0.0,,,,,18473,global,0.4
2,3,lr1e-04_bs32_modL1_fusion32_fusionL1_fusionBN0_drop0p1__wd1e-04trmiss40_trlocglobal,32,0.0001,0.0001,1,32,1,False,0.1,lr1e-04_bs32_modL1_fusion32_fusionL1_fusionBN0_drop0p1__wd1e-04trmiss40_trlocglobal,16,0.5458902617295583,0.6869970262050629,0.5793650793650793,0.5605206973201402,0.6,0.0,0.0,0.0,0.0,0.0,0.0,0.0,0.0,0.0,,,,,18473,global,0.4
2,3,lr1e-04_bs32_modL1_fusion32_fusionL1_fusionBN0_drop0p1__wd1e-04trmiss40_trlocglobal,32,0.0001,0.0001,1,32,1,False,0.1,lr1e-04_bs32_modL1_fusion32_fusionL1_fusionBN0_drop0p1__wd1e-04trmiss40_trlocglobal,17,0.5422899226347605,0.6893316507339478,0.5714285714285714,0.5593756224077336,0.5333333333333333,0.0,0.0,0.0,0.0,0.0,0.0,0.0,0.0,0.0,,,,,18473,global,0.4
2,3,lr1e-04_bs32_modL1_fusion32_fusionL1_fusionBN0_drop0p1__wd1e-04trmiss40_trlocglobal,32,0.0001,0.0001,1,32,1,False,0.1,lr1e-04_bs32_modL1_fusion32_fusionL1_fusionBN0_drop0p1__wd1e-04trmiss40_trlocglobal,18,0.5248081286748251,0.6872856914997101,0.5753968253968254,0.5679731976719756,0.5555555555555556,0.0,0.0,0.0,0.0,0.0,0.0,0.0,0.0,0.0,,,,,18473,global,0.4
2,3,lr1e-04_bs32_modL1_fusion32_fusionL1_fusionBN0_drop0p1__wd1e-04trmiss40_trlocglobal,32,0.0001,0.0001,1,32,1,False,0.1,lr1e-04_bs32_modL1_fusion32_fusionL1_fusionBN0_drop0p1__wd1e-04trmiss40_trlocglobal,19,0.5258602102597555,0.6848376095294952,0.5833333333333333,0.566170948994727,0.5777777777777777,0.0,0.0,0.0,0.0,0.0,0.0,0.0,0.0,0.0,,,,,18473,global,0.4
2,3,lr1e-04_bs32_modL1_fusion32_fusionL1_fusionBN0_drop0p1__wd1e-04trmiss40_trlocglobal,32,0.0001,0.0001,1,32,1,False,0.1,lr1e-04_bs32_modL1_fusion32_fusionL1_fusionBN0_drop0p1__wd1e-04trmiss40_trlocglobal,20,0.5191195607185364,0.6877302527427673,0.5734126984126984,0.5637523865546127,0.5555555555555556,0.0,0.0,0.0,0.0,0.0,0.0,0.0,0.0,0.0,,,,,18473,global,0.4
2,3,lr1e-04_bs32_modL1_fusion32_fusionL1_fusionBN0_drop0p1__wd1e-04trmiss40_trlocglobal,32,0.0001,0.0001,1,32,1,False,0.1,lr1e-04_bs32_modL1_fusion32_fusionL1_fusionBN0_drop0p1__wd1e-04trmiss40_trlocglobal,21,0.5105895400047302,0.6819302141666412,0.5873015873015873,0.576069506163399,0.5333333333333333,0.0,0.0,0.0,0.0,0.0,0.0,0.0,0.0,0.0,,,,,18473,global,0.4
2,3,lr1e-04_bs32_modL1_fusion32_fusionL1_fusionBN0_drop0p1__wd1e-04trmiss40_trlocglobal,32,0.0001,0.0001,1,32,1,False,0.1,lr1e-04_bs32_modL1_fusion32_fusionL1_fusionBN0_drop0p1__wd1e-04trmiss40_trlocglobal,22,0.4996432960033417,0.6839135885238647,0.5912698412698413,0.579093313902119,0.5111111111111111,0.0,0.0,0.0,0.0,0.0,0.0,0.0,0.0,0.0,,,,,18473,global,0.4
2,3,lr1e-04_bs32_modL1_fusion32_fusionL1_fusionBN0_drop0p1__wd1e-04trmiss40_trlocglobal,32,0.0001,0.0001,1,32,1,False,0.1,lr1e-04_bs32_modL1_fusion32_fusionL1_fusionBN0_drop0p1__wd1e-04trmiss40_trlocglobal,23,0.488912895321846,0.6848418414592743,0.5932539682539683,0.5871485302906689,0.5333333333333333,0.0,0.0,0.0,0.0,0.0,0.0,0.0,0.0,0.0,,,,,18473,global,0.4
2,3,lr1e-04_bs32_modL1_fusion32_fusionL1_fusionBN0_drop0p1__wd1e-04trmiss40_trlocglobal,32,0.0001,0.0001,1,32,1,False,0.1,lr1e-04_bs32_modL1_fusion32_fusionL1_fusionBN0_drop0p1__wd1e-04trmiss40_trlocglobal,24,0.4886278063058853,0.6844968497753143,0.5912698412698412,0.5816696395660248,0.5333333333333333,0.0,0.0,0.0,0.0,0.0,0.0,0.0,0.0,0.0,,,,,18473,global,0.4
2,3,lr1e-04_bs32_modL1_fusion32_fusionL1_fusionBN0_drop0p1__wd1e-04trmiss40_trlocglobal,32,0.0001,0.0001,1,32,1,False,0.1,lr1e-04_bs32_modL1_fusion32_fusionL1_fusionBN0_drop0p1__wd1e-04trmiss40_trlocglobal,25,0.4846213658650716,0.6827720999717712,0.5972222222222222,0.5923622868235698,0.5333333333333333,0.0,0.0,0.0,0.0,0.0,0.0,0.0,0.0,0.0,,,,,18473,global,0.4
2,3,lr1e-04_bs32_modL1_fusion32_fusionL1_fusionBN0_drop0p1__wd1e-04trmiss40_trlocglobal,32,0.0001,0.0001,1,32,1,False,0.1,lr1e-04_bs32_modL1_fusion32_fusionL1_fusionBN0_drop0p1__wd1e-04trmiss40_trlocglobal,26,0.4718633194764455,0.6850931346416473,0.5912698412698413,0.580982173540883,0.5333333333333333,0.0,0.0,0.0,0.0,0.0,0.0,0.0,0.0,0.0,,,,,18473,global,0.4
2,3,lr1e-04_bs32_modL1_fusion32_fusionL1_fusionBN0_drop0p1__wd1e-04trmiss40_trlocglobal,32,0.0001,0.0001,1,32,1,False,0.1,lr1e-04_bs32_modL1_fusion32_fusionL1_fusionBN0_drop0p1__wd1e-04trmiss40_trlocglobal,27,0.45862990617752075,0.6889807283878326,0.5694444444444444,0.5681497334805283,0.5333333333333333,0.0,0.0,0.0,0.0,0.0,0.0,0.0,0.0,0.0,,,,,18473,global,0.4
2,3,lr1e-04_bs32_modL1_fusion32_fusionL1_fusionBN0_drop0p1__wd1e-04trmiss40_trlocglobal,32,0.0001,0.0001,1,32,1,False,0.1,lr1e-04_bs32_modL1_fusion32_fusionL1_fusionBN0_drop0p1__wd1e-04trmiss40_trlocglobal,28,0.45891273021698,0.6838415563106537,0.5912698412698413,0.5850522658140951,0.5333333333333333,0.0,0.0,0.0,0.0,0.0,0.0,0.0,0.0,0.0,,,,,18473,global,0.4
2,3,lr1e-04_bs32_modL1_fusion32_fusionL1_fusionBN0_drop0p1__wd1e-04trmiss40_trlocglobal,32,0.0001,0.0001,1,32,1,False,0.1,lr1e-04_bs32_modL1_fusion32_fusionL1_fusionBN0_drop0p1__wd1e-04trmiss40_trlocglobal,29,0.4441591153542201,0.6839649379253387,0.5952380952380952,0.6018541120273182,0.5333333333333333,0.0,0.0,0.0,0.0,0.0,0.0,0.0,0.0,0.0,,,,,18473,global,0.4
2,3,lr5e-05_bs32_modL1_fusion16_fusionL1_fusionBN0_drop0p2__wd1e-04trmiss40_trlocglobal,32,5e-05,0.0001,1,16,1,False,0.2,lr5e-05_bs32_modL1_fusion16_fusionL1_fusionBN0_drop0p2__wd1e-04trmiss40_trlocglobal,1,0.7026821374893188,0.7139822244644165,0.4285714285714286,0.5195991457646099,0.5333333333333333,0.0,0.0,0.0,0.0,0.0,0.0,0.0,0.0,0.0,,,,,18473,global,0.4
2,3,lr5e-05_bs32_modL1_fusion16_fusionL1_fusionBN0_drop0p2__wd1e-04trmiss40_trlocglobal,32,5e-05,0.0001,1,16,1,False,0.2,lr5e-05_bs32_modL1_fusion16_fusionL1_fusionBN0_drop0p2__wd1e-04trmiss40_trlocglobal,2,0.7048292954762777,0.7177560329437256,0.43253968253968256,0.5247027005577833,0.5333333333333333,0.0,0.0,0.0,0.0,0.0,0.0,0.0,0.0,0.0,,,,,18473,global,0.4
2,3,lr5e-05_bs32_modL1_fusion16_fusionL1_fusionBN0_drop0p2__wd1e-04trmiss40_trlocglobal,32,5e-05,0.0001,1,16,1,False,0.2,lr5e-05_bs32_modL1_fusion16_fusionL1_fusionBN0_drop0p2__wd1e-04trmiss40_trlocglobal,3,0.6930695474147797,0.7206805646419525,0.44047619047619047,0.5385869453717201,0.5333333333333333,0.0,0.0,0.0,0.0,0.0,0.0,0.0,0.0,0.0,,,,,18473,global,0.4
2,3,lr5e-05_bs32_modL1_fusion16_fusionL1_fusionBN0_drop0p2__wd1e-04trmiss40_trlocglobal,32,5e-05,0.0001,1,16,1,False,0.2,lr5e-05_bs32_modL1_fusion16_fusionL1_fusionBN0_drop0p2__wd1e-04trmiss40_trlocglobal,4,0.6892475088437399,0.7221984267234802,0.4345238095238095,0.5323205236600518,0.5333333333333333,0.0,0.0,0.0,0.0,0.0,0.0,0.0,0.0,0.0,,,,,18473,global,0.4
2,3,lr5e-05_bs32_modL1_fusion16_fusionL1_fusionBN0_drop0p2__wd1e-04trmiss40_trlocglobal,32,5e-05,0.0001,1,16,1,False,0.2,lr5e-05_bs32_modL1_fusion16_fusionL1_fusionBN0_drop0p2__wd1e-04trmiss40_trlocglobal,5,0.6827840507030487,0.7239746451377869,0.43849206349206354,0.5345287813936005,0.5333333333333333,0.0,0.0,0.0,0.0,0.0,0.0,0.0,0.0,0.0,,,,,18473,global,0.4
2,3,lr5e-05_bs32_modL1_fusion16_fusionL1_fusionBN0_drop0p2__wd1e-04trmiss40_trlocglobal,32,5e-05,0.0001,1,16,1,False,0.2,lr5e-05_bs32_modL1_fusion16_fusionL1_fusionBN0_drop0p2__wd1e-04trmiss40_trlocglobal,6,0.6743570566177368,0.724177360534668,0.44246031746031744,0.5430292442568084,0.5333333333333333,0.0,0.0,0.0,0.0,0.0,0.0,0.0,0.0,0.0,,,,,18473,global,0.4
2,3,lr5e-05_bs32_modL1_fusion16_fusionL1_fusionBN0_drop0p2__wd1e-04trmiss40_trlocglobal,32,5e-05,0.0001,1,16,1,False,0.2,lr5e-05_bs32_modL1_fusion16_fusionL1_fusionBN0_drop0p2__wd1e-04trmiss40_trlocglobal,7,0.6727366248766581,0.7244516909122467,0.4325396825396826,0.5313652903106404,0.5333333333333333,0.0,0.0,0.0,0.0,0.0,0.0,0.0,0.0,0.0,,,,,18473,global,0.4
2,3,lr5e-05_bs32_modL1_fusion16_fusionL1_fusionBN0_drop0p2__wd1e-04trmiss40_trlocglobal,32,5e-05,0.0001,1,16,1,False,0.2,lr5e-05_bs32_modL1_fusion16_fusionL1_fusionBN0_drop0p2__wd1e-04trmiss40_trlocglobal,8,0.6617393791675568,0.723039984703064,0.4424603174603174,0.5513217502569377,0.5333333333333333,0.0,0.0,0.0,0.0,0.0,0.0,0.0,0.0,0.0,,,,,18473,global,0.4
2,3,lr5e-05_bs32_modL1_fusion16_fusionL1_fusionBN0_drop0p2__wd1e-04trmiss40_trlocglobal,32,5e-05,0.0001,1,16,1,False,0.2,lr5e-05_bs32_modL1_fusion16_fusionL1_fusionBN0_drop0p2__wd1e-04trmiss40_trlocglobal,9,0.6633504033088684,0.7235078811645508,0.4365079365079365,0.5561056844310748,0.5333333333333333,0.0,0.0,0.0,0.0,0.0,0.0,0.0,0.0,0.0,,,,,18473,global,0.4
2,3,lr5e-05_bs32_modL1_fusion16_fusionL1_fusionBN0_drop0p2__wd1e-04trmiss40_trlocglobal,32,5e-05,0.0001,1,16,1,False,0.2,lr5e-05_bs32_modL1_fusion16_fusionL1_fusionBN0_drop0p2__wd1e-04trmiss40_trlocglobal,10,0.6631800333658854,0.7230735719203949,0.43452380952380953,0.5557915632741678,0.5333333333333333,0.0,0.0,0.0,0.0,0.0,0.0,0.0,0.0,0.0,,,,,18473,global,0.4
2,3,lr5e-05_bs32_modL1_fusion16_fusionL1_fusionBN0_drop0p2__wd1e-04trmiss40_trlocglobal,32,5e-05,0.0001,1,16,1,False,0.2,lr5e-05_bs32_modL1_fusion16_fusionL1_fusionBN0_drop0p2__wd1e-04trmiss40_trlocglobal,11,0.6531979143619537,0.721462219953537,0.43452380952380953,0.5498903067377486,0.5333333333333333,0.0,0.0,0.0,0.0,0.0,0.0,0.0,0.0,0.0,,,,,18473,global,0.4
2,3,lr5e-05_bs32_modL1_fusion16_fusionL1_fusionBN0_drop0p2__wd1e-04trmiss40_trlocglobal,32,5e-05,0.0001,1,16,1,False,0.2,lr5e-05_bs32_modL1_fusion16_fusionL1_fusionBN0_drop0p2__wd1e-04trmiss40_trlocglobal,12,0.6502179006735483,0.7218494415283203,0.4523809523809524,0.5535856066208135,0.5333333333333333,0.0,0.0,0.0,0.0,0.0,0.0,0.0,0.0,0.0,,,,,18473,global,0.4
2,3,lr5e-05_bs32_modL1_fusion16_fusionL1_fusionBN0_drop0p2__wd1e-04trmiss40_trlocglobal,32,5e-05,0.0001,1,16,1,False,0.2,lr5e-05_bs32_modL1_fusion16_fusionL1_fusionBN0_drop0p2__wd1e-04trmiss40_trlocglobal,13,0.6571897268295288,0.7214774191379547,0.44246031746031744,0.5434484494648589,0.5333333333333333,0.0,0.0,0.0,0.0,0.0,0.0,0.0,0.0,0.0,,,,,18473,global,0.4
2,3,lr5e-05_bs32_modL1_fusion16_fusionL1_fusionBN0_drop0p2__wd1e-04trmiss40_trlocglobal,32,5e-05,0.0001,1,16,1,False,0.2,lr5e-05_bs32_modL1_fusion16_fusionL1_fusionBN0_drop0p2__wd1e-04trmiss40_trlocglobal,14,0.6485599378744761,0.7207353115081787,0.4424603174603174,0.541819329655817,0.5333333333333333,0.0,0.0,0.0,0.0,0.0,0.0,0.0,0.0,0.0,,,,,18473,global,0.4
2,3,lr5e-05_bs32_modL1_fusion16_fusionL1_fusionBN0_drop0p2__wd1e-04trmiss40_trlocglobal,32,5e-05,0.0001,1,16,1,False,0.2,lr5e-05_bs32_modL1_fusion16_fusionL1_fusionBN0_drop0p2__wd1e-04trmiss40_trlocglobal,15,0.6369680066903433,0.7193835377693176,0.4384920634920635,0.5475566871494885,0.5333333333333333,0.0,0.0,0.0,0.0,0.0,0.0,0.0,0.0,0.0,,,,,18473,global,0.4
2,3,lr5e-05_bs32_modL1_fusion16_fusionL1_fusionBN0_drop0p2__wd1e-04trmiss40_trlocglobal,32,5e-05,0.0001,1,16,1,False,0.2,lr5e-05_bs32_modL1_fusion16_fusionL1_fusionBN0_drop0p2__wd1e-04trmiss40_trlocglobal,16,0.64010817805926,0.7176592648029327,0.45238095238095244,0.5420033492148465,0.5333333333333333,0.0,0.0,0.0,0.0,0.0,0.0,0.0,0.0,0.0,,,,,18473,global,0.4
2,3,lr5e-05_bs32_modL1_fusion16_fusionL1_fusionBN0_drop0p2__wd1e-04trmiss40_trlocglobal,32,5e-05,0.0001,1,16,1,False,0.2,lr5e-05_bs32_modL1_fusion16_fusionL1_fusionBN0_drop0p2__wd1e-04trmiss40_trlocglobal,17,0.6306901673475901,0.7166686654090881,0.45833333333333337,0.5620317920253288,0.5333333333333333,0.0,0.0,0.0,0.0,0.0,0.0,0.0,0.0,0.0,,,,,18473,global,0.4
2,3,lr5e-05_bs32_modL1_fusion16_fusionL1_fusionBN0_drop0p2__wd1e-04trmiss40_trlocglobal,32,5e-05,0.0001,1,16,1,False,0.2,lr5e-05_bs32_modL1_fusion16_fusionL1_fusionBN0_drop0p2__wd1e-04trmiss40_trlocglobal,18,0.6277386347452799,0.7161477208137512,0.46825396825396826,0.5827915735020222,0.5333333333333333,0.0,0.0,0.0,0.0,0.0,0.0,0.0,0.0,0.0,,,,,18473,global,0.4
2,3,lr5e-05_bs32_modL1_fusion16_fusionL1_fusionBN0_drop0p2__wd1e-04trmiss40_trlocglobal,32,5e-05,0.0001,1,16,1,False,0.2,lr5e-05_bs32_modL1_fusion16_fusionL1_fusionBN0_drop0p2__wd1e-04trmiss40_trlocglobal,19,0.6308481196562449,0.7158085405826569,0.4642857142857143,0.5779184409536734,0.5333333333333333,0.0,0.0,0.0,0.0,0.0,0.0,0.0,0.0,0.0,,,,,18473,global,0.4
2,3,lr5e-05_bs32_modL1_fusion16_fusionL1_fusionBN0_drop0p2__wd1e-04trmiss40_trlocglobal,32,5e-05,0.0001,1,16,1,False,0.2,lr5e-05_bs32_modL1_fusion16_fusionL1_fusionBN0_drop0p2__wd1e-04trmiss40_trlocglobal,20,0.628010074297587,0.7172636389732361,0.4662698412698413,0.5699173233136986,0.5333333333333333,0.0,0.0,0.0,0.0,0.0,0.0,0.0,0.0,0.0,,,,,18473,global,0.4
2,3,lr5e-05_bs32_modL1_fusion16_fusionL1_fusionBN0_drop0p2__wd1e-04trmiss40_trlocglobal,32,5e-05,0.0001,1,16,1,False,0.2,lr5e-05_bs32_modL1_fusion16_fusionL1_fusionBN0_drop0p2__wd1e-04trmiss40_trlocglobal,21,0.6163784762223562,0.7179437577724457,0.47222222222222227,0.5637797866625888,0.5333333333333333,0.0,0.0,0.0,0.0,0.0,0.0,0.0,0.0,0.0,,,,,18473,global,0.4
2,3,lr5e-05_bs32_modL1_fusion16_fusionL1_fusionBN0_drop0p2__wd1e-04trmiss40_trlocglobal,32,5e-05,0.0001,1,16,1,False,0.2,lr5e-05_bs32_modL1_fusion16_fusionL1_fusionBN0_drop0p2__wd1e-04trmiss40_trlocglobal,22,0.6075291931629181,0.7171021699905396,0.48611111111111116,0.5753876713809386,0.5333333333333333,0.0,0.0,0.0,0.0,0.0,0.0,0.0,0.0,0.0,,,,,18473,global,0.4
2,3,lr5e-05_bs32_modL1_fusion16_fusionL1_fusionBN0_drop0p2__wd1e-04trmiss40_trlocglobal,32,5e-05,0.0001,1,16,1,False,0.2,lr5e-05_bs32_modL1_fusion16_fusionL1_fusionBN0_drop0p2__wd1e-04trmiss40_trlocglobal,23,0.6148645877838135,0.7161878645420074,0.47619047619047616,0.5715478415442554,0.5333333333333333,0.0,0.0,0.0,0.0,0.0,0.0,0.0,0.0,0.0,,,,,18473,global,0.4
2,3,lr5e-05_bs32_modL1_fusion16_fusionL1_fusionBN0_drop0p2__wd1e-04trmiss40_trlocglobal,32,5e-05,0.0001,1,16,1,False,0.2,lr5e-05_bs32_modL1_fusion16_fusionL1_fusionBN0_drop0p2__wd1e-04trmiss40_trlocglobal,24,0.6181352138519287,0.7150581777095795,0.49206349206349204,0.5900536970118765,0.5333333333333333,0.0,0.0,0.0,0.0,0.0,0.0,0.0,0.0,0.0,,,,,18473,global,0.4
2,3,lr5e-05_bs32_modL1_fusion16_fusionL1_fusionBN0_drop0p2__wd1e-04trmiss40_trlocglobal,32,5e-05,0.0001,1,16,1,False,0.2,lr5e-05_bs32_modL1_fusion16_fusionL1_fusionBN0_drop0p2__wd1e-04trmiss40_trlocglobal,25,0.6140239934126536,0.7153754830360413,0.4801587301587301,0.5683546161611407,0.5333333333333333,0.0,0.0,0.0,0.0,0.0,0.0,0.0,0.0,0.0,,,,,18473,global,0.4
2,3,lr5e-05_bs32_modL1_fusion16_fusionL1_fusionBN0_drop0p2__wd1e-04trmiss40_trlocglobal,32,5e-05,0.0001,1,16,1,False,0.2,lr5e-05_bs32_modL1_fusion16_fusionL1_fusionBN0_drop0p2__wd1e-04trmiss40_trlocglobal,26,0.6152242521444956,0.7156237661838531,0.48809523809523814,0.5723192940720427,0.5333333333333333,0.0,0.0,0.0,0.0,0.0,0.0,0.0,0.0,0.0,,,,,18473,global,0.4
2,3,lr5e-05_bs32_modL1_fusion16_fusionL1_fusionBN0_drop0p2__wd1e-04trmiss40_trlocglobal,32,5e-05,0.0001,1,16,1,False,0.2,lr5e-05_bs32_modL1_fusion16_fusionL1_fusionBN0_drop0p2__wd1e-04trmiss40_trlocglobal,27,0.6154634654521942,0.7168452739715576,0.4801587301587302,0.5647823401842915,0.5333333333333333,0.0,0.0,0.0,0.0,0.0,0.0,0.0,0.0,0.0,,,,,18473,global,0.4
2,3,lr5e-05_bs32_modL1_fusion16_fusionL1_fusionBN0_drop0p2__wd1e-04trmiss40_trlocglobal,32,5e-05,0.0001,1,16,1,False,0.2,lr5e-05_bs32_modL1_fusion16_fusionL1_fusionBN0_drop0p2__wd1e-04trmiss40_trlocglobal,28,0.6092370748519897,0.7186164557933807,0.4781746031746032,0.5657782910862275,0.5333333333333333,0.0,0.0,0.0,0.0,0.0,0.0,0.0,0.0,0.0,,,,,18473,global,0.4
2,3,lr5e-05_bs32_modL1_fusion16_fusionL1_fusionBN0_drop0p2__wd1e-04trmiss40_trlocglobal,32,5e-05,0.0001,1,16,1,False,0.2,lr5e-05_bs32_modL1_fusion16_fusionL1_fusionBN0_drop0p2__wd1e-04trmiss40_trlocglobal,29,0.596947173277537,0.7183240652084351,0.4801587301587302,0.5554795156485238,0.5333333333333333,0.0,0.0,0.0,0.0,0.0,0.0,0.0,0.0,0.0,,,,,18473,global,0.4
2,3,lr5e-05_bs32_modL1_fusion16_fusionL1_fusionBN0_drop0p2__wd1e-04trmiss40_trlocglobal,32,5e-05,0.0001,1,16,1,False,0.2,lr5e-05_bs32_modL1_fusion16_fusionL1_fusionBN0_drop0p2__wd1e-04trmiss40_trlocglobal,30,0.6047175327936808,0.7186971604824066,0.4841269841269841,0.5670973183847475,0.5333333333333333,0.0,0.0,0.0,0.0,0.0,0.0,0.0,0.0,0.0,,,,,18473,global,0.4
2,3,lr5e-05_bs32_modL1_fusion16_fusionL1_fusionBN0_drop0p2__wd1e-04trmiss40_trlocglobal,32,5e-05,0.0001,1,16,1,False,0.2,lr5e-05_bs32_modL1_fusion16_fusionL1_fusionBN0_drop0p2__wd1e-04trmiss40_trlocglobal,31,0.6026235024134318,0.719306230545044,0.47420634920634924,0.5630621127899444,0.5333333333333333,0.0,0.0,0.0,0.0,0.0,0.0,0.0,0.0,0.0,,,,,18473,global,0.4
2,3,lr5e-05_bs32_modL1_fusion16_fusionL1_fusionBN0_drop0p2__wd1e-04trmiss40_trlocglobal,32,5e-05,0.0001,1,16,1,False,0.2,lr5e-05_bs32_modL1_fusion16_fusionL1_fusionBN0_drop0p2__wd1e-04trmiss40_trlocglobal,32,0.5967592298984528,0.7176975607872009,0.47619047619047616,0.5534733593592793,0.5333333333333333,0.0,0.0,0.0,0.0,0.0,0.0,0.0,0.0,0.0,,,,,18473,global,0.4
2,3,lr5e-05_bs32_modL1_fusion16_fusionL1_fusionBN0_drop0p2__wd1e-04trmiss40_trlocglobal,32,5e-05,0.0001,1,16,1,False,0.2,lr5e-05_bs32_modL1_fusion16_fusionL1_fusionBN0_drop0p2__wd1e-04trmiss40_trlocglobal,33,0.5941854119300842,0.7169524729251862,0.47619047619047616,0.5518614783419897,0.5333333333333333,0.0,0.0,0.0,0.0,0.0,0.0,0.0,0.0,0.0,,,,,18473,global,0.4
2,3,lr5e-05_bs32_modL1_fusion16_fusionL1_fusionBN0_drop0p2__wd1e-04trmiss40_trlocglobal,32,5e-05,0.0001,1,16,1,False,0.2,lr5e-05_bs32_modL1_fusion16_fusionL1_fusionBN0_drop0p2__wd1e-04trmiss40_trlocglobal,34,0.5970495243867239,0.7187500894069672,0.4722222222222222,0.5299316537805864,0.5333333333333333,0.0,0.0,0.0,0.0,0.0,0.0,0.0,0.0,0.0,,,,,18473,global,0.4
2,3,lr5e-05_bs32_modL1_fusion16_fusionL1_fusionBN0_drop0p2__wd1e-04trmiss40_trlocglobal,32,5e-05,0.0001,1,16,1,False,0.2,lr5e-05_bs32_modL1_fusion16_fusionL1_fusionBN0_drop0p2__wd1e-04trmiss40_trlocglobal,35,0.5973545710245768,0.7176113426685333,0.4722222222222222,0.5287329371527869,0.5333333333333333,0.0,0.0,0.0,0.0,0.0,0.0,0.0,0.0,0.0,,,,,18473,global,0.4
2,3,lr5e-05_bs32_modL1_fusion16_fusionL1_fusionBN0_drop0p2__wd1e-04trmiss40_trlocglobal,32,5e-05,0.0001,1,16,1,False,0.2,lr5e-05_bs32_modL1_fusion16_fusionL1_fusionBN0_drop0p2__wd1e-04trmiss40_trlocglobal,36,0.5896777013937632,0.7163316011428833,0.4801587301587302,0.5310769209536045,0.5333333333333333,0.0,0.0,0.0,0.0,0.0,0.0,0.0,0.0,0.0,,,,,18473,global,0.4
2,3,lr5e-05_bs32_modL1_fusion16_fusionL1_fusionBN0_drop0p2__wd1e-04trmiss40_trlocglobal,32,5e-05,0.0001,1,16,1,False,0.2,lr5e-05_bs32_modL1_fusion16_fusionL1_fusionBN0_drop0p2__wd1e-04trmiss40_trlocglobal,37,0.5928743183612823,0.7162710130214691,0.48611111111111116,0.5511354062652919,0.5333333333333333,0.0,0.0,0.0,0.0,0.0,0.0,0.0,0.0,0.0,,,,,18473,global,0.4
2,3,lr5e-05_bs32_modL1_fusion16_fusionL1_fusionBN0_drop0p2__wd1e-04trmiss40_trlocglobal,32,5e-05,0.0001,1,16,1,False,0.2,lr5e-05_bs32_modL1_fusion16_fusionL1_fusionBN0_drop0p2__wd1e-04trmiss40_trlocglobal,38,0.596338152885437,0.7156101763248444,0.48611111111111116,0.5517786712341146,0.5333333333333333,0.0,0.0,0.0,0.0,0.0,0.0,0.0,0.0,0.0,,,,,18473,global,0.4
2,3,lr5e-05_bs32_modL1_fusion16_fusionL1_fusionBN0_drop0p2__wd1e-04trmiss40_trlocglobal,32,5e-05,0.0001,1,16,1,False,0.2,lr5e-05_bs32_modL1_fusion16_fusionL1_fusionBN0_drop0p2__wd1e-04trmiss40_trlocglobal,39,0.5883237024148306,0.7148732841014862,0.4841269841269842,0.556643069100541,0.5333333333333333,0.0,0.0,0.0,0.0,0.0,0.0,0.0,0.0,0.0,,,,,18473,global,0.4
2,3,lr5e-05_bs32_modL1_fusion16_fusionL1_fusionBN0_drop0p2__wd1e-04trmiss40_trlocglobal,32,5e-05,0.0001,1,16,1,False,0.2,lr5e-05_bs32_modL1_fusion16_fusionL1_fusionBN0_drop0p2__wd1e-04trmiss40_trlocglobal,40,0.5941561758518219,0.7129611670970917,0.494047619047619,0.5448271849497536,0.5333333333333333,0.0,0.0,0.0,0.0,0.0,0.0,0.0,0.0,0.0,,,,,18473,global,0.4
2,3,lr5e-05_bs32_modL1_fusion16_fusionL1_fusionBN0_drop0p2__wd1e-04trmiss40_trlocglobal,32,5e-05,0.0001,1,16,1,False,0.2,lr5e-05_bs32_modL1_fusion16_fusionL1_fusionBN0_drop0p2__wd1e-04trmiss40_trlocglobal,41,0.5872584581375122,0.7137371003627777,0.4920634920634921,0.5425189714748445,0.5333333333333333,0.0,0.0,0.0,0.0,0.0,0.0,0.0,0.0,0.0,,,,,18473,global,0.4
2,3,lr5e-05_bs32_modL1_fusion16_fusionL1_fusionBN0_drop0p2__wd1e-04trmiss40_trlocglobal,32,5e-05,0.0001,1,16,1,False,0.2,lr5e-05_bs32_modL1_fusion16_fusionL1_fusionBN0_drop0p2__wd1e-04trmiss40_trlocglobal,42,0.5892082949479421,0.7143497467041016,0.498015873015873,0.5413560078858329,0.5333333333333333,0.0,0.0,0.0,0.0,0.0,0.0,0.0,0.0,0.0,,,,,18473,global,0.4
2,3,lr5e-05_bs32_modL1_fusion16_fusionL1_fusionBN0_drop0p2__wd1e-04trmiss40_trlocglobal,32,5e-05,0.0001,1,16,1,False,0.2,lr5e-05_bs32_modL1_fusion16_fusionL1_fusionBN0_drop0p2__wd1e-04trmiss40_trlocglobal,43,0.5843041837215424,0.7143526375293732,0.49603174603174605,0.5375877286886321,0.5333333333333333,0.0,0.0,0.0,0.0,0.0,0.0,0.0,0.0,0.0,,,,,18473,global,0.4
2,3,lr5e-05_bs32_modL1_fusion16_fusionL1_fusionBN0_drop0p2__wd1e-04trmiss40_trlocglobal,32,5e-05,0.0001,1,16,1,False,0.2,lr5e-05_bs32_modL1_fusion16_fusionL1_fusionBN0_drop0p2__wd1e-04trmiss40_trlocglobal,44,0.5815854469935099,0.7161536812782288,0.4900793650793651,0.5384594435583475,0.5333333333333333,0.0,0.0,0.0,0.0,0.0,0.0,0.0,0.0,0.0,,,,,18473,global,0.4
2,3,lr5e-05_bs32_modL1_fusion16_fusionL1_fusionBN0_drop0p2__wd1e-04trmiss40_trlocglobal,32,5e-05,0.0001,1,16,1,False,0.2,lr5e-05_bs32_modL1_fusion16_fusionL1_fusionBN0_drop0p2__wd1e-04trmiss40_trlocglobal,45,0.5739320317904154,0.7147504389286041,0.48809523809523814,0.5365175077802049,0.5333333333333333,0.0,0.0,0.0,0.0,0.0,0.0,0.0,0.0,0.0,,,,,18473,global,0.4
2,3,lr5e-05_bs32_modL1_fusion16_fusionL1_fusionBN0_drop0p2__wd1e-04trmiss40_trlocglobal,32,5e-05,0.0001,1,16,1,False,0.2,lr5e-05_bs32_modL1_fusion16_fusionL1_fusionBN0_drop0p2__wd1e-04trmiss40_trlocglobal,46,0.5858077506224314,0.7150361835956573,0.4841269841269842,0.534315889953587,0.5333333333333333,0.0,0.0,0.0,0.0,0.0,0.0,0.0,0.0,0.0,,,,,18473,global,0.4
2,3,lr5e-05_bs32_modL1_fusion16_fusionL1_fusionBN0_drop0p2__wd1e-04trmiss40_trlocglobal,32,5e-05,0.0001,1,16,1,False,0.2,lr5e-05_bs32_modL1_fusion16_fusionL1_fusionBN0_drop0p2__wd1e-04trmiss40_trlocglobal,47,0.5799864232540131,0.7139675915241241,0.48611111111111116,0.5381249547181115,0.5333333333333333,0.0,0.0,0.0,0.0,0.0,0.0,0.0,0.0,0.0,,,,,18473,global,0.4
2,3,lr5e-05_bs32_modL1_fusion16_fusionL1_fusionBN0_drop0p2__wd1e-04trmiss40_trlocglobal,32,5e-05,0.0001,1,16,1,False,0.2,lr5e-05_bs32_modL1_fusion16_fusionL1_fusionBN0_drop0p2__wd1e-04trmiss40_trlocglobal,48,0.5772513647874197,0.7132597267627716,0.4861111111111111,0.5416073893586345,0.5333333333333333,0.0,0.0,0.0,0.0,0.0,0.0,0.0,0.0,0.0,,,,,18473,global,0.4
2,3,lr5e-05_bs32_modL1_fusion16_fusionL1_fusionBN0_drop0p2__wd1e-04trmiss40_trlocglobal,32,5e-05,0.0001,1,16,1,False,0.2,lr5e-05_bs32_modL1_fusion16_fusionL1_fusionBN0_drop0p2__wd1e-04trmiss40_trlocglobal,49,0.5720067322254181,0.7137545645236969,0.48809523809523814,0.5487348126963907,0.5333333333333333,0.0,0.0,0.0,0.0,0.0,0.0,0.0,0.0,0.0,,,,,18473,global,0.4
2,3,lr5e-05_bs32_modL1_fusion16_fusionL1_fusionBN0_drop0p2__wd1e-04trmiss40_trlocglobal,32,5e-05,0.0001,1,16,1,False,0.2,lr5e-05_bs32_modL1_fusion16_fusionL1_fusionBN0_drop0p2__wd1e-04trmiss40_trlocglobal,50,0.5732443928718567,0.7137502133846283,0.48611111111111116,0.539880646029724,0.5333333333333333,0.0,0.0,0.0,0.0,0.0,0.0,0.0,0.0,0.0,,,,,18473,global,0.4
2,3,lr5e-05_bs32_modL1_fusion16_fusionL1_fusionBN0_drop0p2__wd1e-04trmiss40_trlocglobal,32,5e-05,0.0001,1,16,1,False,0.2,lr5e-05_bs32_modL1_fusion16_fusionL1_fusionBN0_drop0p2__wd1e-04trmiss40_trlocglobal,51,0.5706543624401093,0.713224858045578,0.4900793650793651,0.5438488999979779,0.5333333333333333,0.0,0.0,0.0,0.0,0.0,0.0,0.0,0.0,0.0,,,,,18473,global,0.4
2,3,lr5e-05_bs32_modL1_fusion16_fusionL1_fusionBN0_drop0p2__wd1e-04trmiss40_trlocglobal,32,5e-05,0.0001,1,16,1,False,0.2,lr5e-05_bs32_modL1_fusion16_fusionL1_fusionBN0_drop0p2__wd1e-04trmiss40_trlocglobal,52,0.5775690674781799,0.7150825560092926,0.4861111111111111,0.5339380825624893,0.5333333333333333,0.0,0.0,0.0,0.0,0.0,0.0,0.0,0.0,0.0,,,,,18473,global,0.4
2,3,lr5e-05_bs32_modL1_fusion16_fusionL1_fusionBN0_drop0p2__wd1e-04trmiss40_trlocglobal,32,5e-05,0.0001,1,16,1,False,0.2,lr5e-05_bs32_modL1_fusion16_fusionL1_fusionBN0_drop0p2__wd1e-04trmiss40_trlocglobal,53,0.5765733420848846,0.7163704633712769,0.48611111111111116,0.5323207580010858,0.5333333333333333,0.0,0.0,0.0,0.0,0.0,0.0,0.0,0.0,0.0,,,,,18473,global,0.4
2,3,lr5e-05_bs32_modL1_fusion16_fusionL1_fusionBN0_drop0p2__wd1e-04trmiss40_trlocglobal,32,5e-05,0.0001,1,16,1,False,0.2,lr5e-05_bs32_modL1_fusion16_fusionL1_fusionBN0_drop0p2__wd1e-04trmiss40_trlocglobal,54,0.5735860566298167,0.7161813974380493,0.48412698412698413,0.5333193427300398,0.5333333333333333,0.0,0.0,0.0,0.0,0.0,0.0,0.0,0.0,0.0,,,,,18473,global,0.4
2,3,lr5e-05_bs32_modL1_fusion16_fusionL1_fusionBN0_drop0p2__wd1e-04trmiss40_trlocglobal,32,5e-05,0.0001,1,16,1,False,0.2,lr5e-05_bs32_modL1_fusion16_fusionL1_fusionBN0_drop0p2__wd1e-04trmiss40_trlocglobal,55,0.5765698949495951,0.7145826816558838,0.49404761904761907,0.5408734899913178,0.5333333333333333,0.0,0.0,0.0,0.0,0.0,0.0,0.0,0.0,0.0,,,,,18473,global,0.4
2,3,lr5e-05_bs32_modL1_fusion16_fusionL1_fusionBN0_drop0p2__wd1e-04trmiss40_trlocglobal,32,5e-05,0.0001,1,16,1,False,0.2,lr5e-05_bs32_modL1_fusion16_fusionL1_fusionBN0_drop0p2__wd1e-04trmiss40_trlocglobal,56,0.566236654917399,0.7145335376262665,0.4880952380952381,0.5357695843939911,0.5333333333333333,0.0,0.0,0.0,0.0,0.0,0.0,0.0,0.0,0.0,,,,,18473,global,0.4
2,3,lr5e-05_bs32_modL1_fusion16_fusionL1_fusionBN0_drop0p2__wd1e-04trmiss40_trlocglobal,32,5e-05,0.0001,1,16,1,False,0.2,lr5e-05_bs32_modL1_fusion16_fusionL1_fusionBN0_drop0p2__wd1e-04trmiss40_trlocglobal,57,0.572939912478129,0.715501606464386,0.4920634920634921,0.5471001038792221,0.5333333333333333,0.0,0.0,0.0,0.0,0.0,0.0,0.0,0.0,0.0,,,,,18473,global,0.4
2,3,lr5e-05_bs32_modL1_fusion16_fusionL1_fusionBN0_drop0p2__wd1e-04trmiss40_trlocglobal,32,5e-05,0.0001,1,16,1,False,0.2,lr5e-05_bs32_modL1_fusion16_fusionL1_fusionBN0_drop0p2__wd1e-04trmiss40_trlocglobal,58,0.5702235698699951,0.7148741483688354,0.4920634920634921,0.5456839818748649,0.5333333333333333,0.0,0.0,0.0,0.0,0.0,0.0,0.0,0.0,0.0,,,,,18473,global,0.4
2,3,lr5e-05_bs32_modL1_fusion16_fusionL1_fusionBN0_drop0p2__wd1e-04trmiss40_trlocglobal,32,5e-05,0.0001,1,16,1,False,0.2,lr5e-05_bs32_modL1_fusion16_fusionL1_fusionBN0_drop0p2__wd1e-04trmiss40_trlocglobal,59,0.5740627745787302,0.7136663794517517,0.49404761904761907,0.55064070490224,0.5333333333333333,0.0,0.0,0.0,0.0,0.0,0.0,0.0,0.0,0.0,,,,,18473,global,0.4
2,3,lr5e-05_bs32_modL1_fusion16_fusionL1_fusionBN0_drop0p2__wd1e-04trmiss40_trlocglobal,32,5e-05,0.0001,1,16,1,False,0.2,lr5e-05_bs32_modL1_fusion16_fusionL1_fusionBN0_drop0p2__wd1e-04trmiss40_trlocglobal,60,0.573034793138504,0.7140992879867554,0.4920634920634921,0.5418892720832669,0.5333333333333333,0.0,0.0,0.0,0.0,0.0,0.0,0.0,0.0,0.0,,,,,18473,global,0.4
2,3,lr5e-05_bs32_modL1_fusion16_fusionL1_fusionBN0_drop0p2__wd1e-04trmiss40_trlocglobal,32,5e-05,0.0001,1,16,1,False,0.2,lr5e-05_bs32_modL1_fusion16_fusionL1_fusionBN0_drop0p2__wd1e-04trmiss40_trlocglobal,61,0.5615239044030508,0.7138426005840302,0.4920634920634921,0.5353874405814353,0.5333333333333333,0.0,0.0,0.0,0.0,0.0,0.0,0.0,0.0,0.0,,,,,18473,global,0.4
2,3,lr5e-05_bs32_modL1_fusion16_fusionL1_fusionBN0_drop0p2__wd1e-04trmiss40_trlocglobal,32,5e-05,0.0001,1,16,1,False,0.2,lr5e-05_bs32_modL1_fusion16_fusionL1_fusionBN0_drop0p2__wd1e-04trmiss40_trlocglobal,62,0.5663009683291117,0.7141778767108917,0.49206349206349215,0.5362406483639909,0.5333333333333333,0.0,0.0,0.0,0.0,0.0,0.0,0.0,0.0,0.0,,,,,18473,global,0.4
2,3,lr5e-05_bs32_modL1_fusion16_fusionL1_fusionBN0_drop0p1__wd1e-04trmiss40_trlocglobal,32,5e-05,0.0001,1,16,1,False,0.1,lr5e-05_bs32_modL1_fusion16_fusionL1_fusionBN0_drop0p1__wd1e-04trmiss40_trlocglobal,1,0.6930142839749655,0.6858709752559662,0.638888888888889,0.7097770035644668,0.5111111111111111,0.0,0.0,0.0,0.0,0.0,0.0,0.0,0.0,0.0,,,,,18473,global,0.4
2,3,lr5e-05_bs32_modL1_fusion16_fusionL1_fusionBN0_drop0p1__wd1e-04trmiss40_trlocglobal,32,5e-05,0.0001,1,16,1,False,0.1,lr5e-05_bs32_modL1_fusion16_fusionL1_fusionBN0_drop0p1__wd1e-04trmiss40_trlocglobal,2,0.6881736119588217,0.6825096905231476,0.6567460317460317,0.7112981988055412,0.5777777777777777,0.0,0.0,0.0,0.0,0.0,0.0,0.0,0.0,0.0,,,,,18473,global,0.4
2,3,lr5e-05_bs32_modL1_fusion16_fusionL1_fusionBN0_drop0p1__wd1e-04trmiss40_trlocglobal,32,5e-05,0.0001,1,16,1,False,0.1,lr5e-05_bs32_modL1_fusion16_fusionL1_fusionBN0_drop0p1__wd1e-04trmiss40_trlocglobal,3,0.6866068641344706,0.6791457831859589,0.6686507936507937,0.7191267681379242,0.6222222222222222,0.0,0.0,0.0,0.0,0.0,0.0,0.0,0.0,0.0,,,,,18473,global,0.4
2,3,lr5e-05_bs32_modL1_fusion16_fusionL1_fusionBN0_drop0p1__wd1e-04trmiss40_trlocglobal,32,5e-05,0.0001,1,16,1,False,0.1,lr5e-05_bs32_modL1_fusion16_fusionL1_fusionBN0_drop0p1__wd1e-04trmiss40_trlocglobal,4,0.6717662413914999,0.6763793230056763,0.6686507936507937,0.7194582417629071,0.6222222222222222,0.0,0.0,0.0,0.0,0.0,0.0,0.0,0.0,0.0,,,,,18473,global,0.4
2,3,lr5e-05_bs32_modL1_fusion16_fusionL1_fusionBN0_drop0p1__wd1e-04trmiss40_trlocglobal,32,5e-05,0.0001,1,16,1,False,0.1,lr5e-05_bs32_modL1_fusion16_fusionL1_fusionBN0_drop0p1__wd1e-04trmiss40_trlocglobal,5,0.6629315416018168,0.6749173700809479,0.6726190476190476,0.7192155524372348,0.6222222222222222,0.0,0.0,0.0,0.0,0.0,0.0,0.0,0.0,0.0,,,,,18473,global,0.4
2,3,lr5e-05_bs32_modL1_fusion16_fusionL1_fusionBN0_drop0p1__wd1e-04trmiss40_trlocglobal,32,5e-05,0.0001,1,16,1,False,0.1,lr5e-05_bs32_modL1_fusion16_fusionL1_fusionBN0_drop0p1__wd1e-04trmiss40_trlocglobal,6,0.6573221683502197,0.6744378209114075,0.6785714285714286,0.7268917651134474,0.6,0.0,0.0,0.0,0.0,0.0,0.0,0.0,0.0,0.0,,,,,18473,global,0.4
2,3,lr5e-05_bs32_modL1_fusion16_fusionL1_fusionBN0_drop0p1__wd1e-04trmiss40_trlocglobal,32,5e-05,0.0001,1,16,1,False,0.1,lr5e-05_bs32_modL1_fusion16_fusionL1_fusionBN0_drop0p1__wd1e-04trmiss40_trlocglobal,7,0.6545920769373575,0.6740404963493347,0.6825396825396826,0.7246459454315664,0.6444444444444445,0.0,0.0,0.0,0.0,0.0,0.0,0.0,0.0,0.0,,,,,18473,global,0.4
2,3,lr5e-05_bs32_modL1_fusion16_fusionL1_fusionBN0_drop0p1__wd1e-04trmiss40_trlocglobal,32,5e-05,0.0001,1,16,1,False,0.1,lr5e-05_bs32_modL1_fusion16_fusionL1_fusionBN0_drop0p1__wd1e-04trmiss40_trlocglobal,8,0.6434937417507172,0.6727402210235596,0.6785714285714286,0.7238226802034069,0.6666666666666666,0.0,0.0,0.0,0.0,0.0,0.0,0.0,0.0,0.0,,,,,18473,global,0.4
2,3,lr5e-05_bs32_modL1_fusion16_fusionL1_fusionBN0_drop0p1__wd1e-04trmiss40_trlocglobal,32,5e-05,0.0001,1,16,1,False,0.1,lr5e-05_bs32_modL1_fusion16_fusionL1_fusionBN0_drop0p1__wd1e-04trmiss40_trlocglobal,9,0.6459990938504537,0.6716694235801697,0.6904761904761905,0.7431263317439005,0.6666666666666666,0.0,0.0,0.0,0.0,0.0,0.0,0.0,0.0,0.0,,,,,18473,global,0.4
2,3,lr5e-05_bs32_modL1_fusion16_fusionL1_fusionBN0_drop0p1__wd1e-04trmiss40_trlocglobal,32,5e-05,0.0001,1,16,1,False,0.1,lr5e-05_bs32_modL1_fusion16_fusionL1_fusionBN0_drop0p1__wd1e-04trmiss40_trlocglobal,10,0.6350212891896566,0.670325368642807,0.6964285714285714,0.7481382885059666,0.6666666666666666,0.0,0.0,0.0,0.0,0.0,0.0,0.0,0.0,0.0,,,,,18473,global,0.4
2,3,lr5e-05_bs32_modL1_fusion16_fusionL1_fusionBN0_drop0p1__wd1e-04trmiss40_trlocglobal,32,5e-05,0.0001,1,16,1,False,0.1,lr5e-05_bs32_modL1_fusion16_fusionL1_fusionBN0_drop0p1__wd1e-04trmiss40_trlocglobal,11,0.6326824724674225,0.6707393229007721,0.6984126984126984,0.7513692152566303,0.6444444444444445,0.0,0.0,0.0,0.0,0.0,0.0,0.0,0.0,0.0,,,,,18473,global,0.4
2,3,lr5e-05_bs32_modL1_fusion16_fusionL1_fusionBN0_drop0p1__wd1e-04trmiss40_trlocglobal,32,5e-05,0.0001,1,16,1,False,0.1,lr5e-05_bs32_modL1_fusion16_fusionL1_fusionBN0_drop0p1__wd1e-04trmiss40_trlocglobal,12,0.6260569790999094,0.6717970669269562,0.6924603174603174,0.7482565602745974,0.6666666666666666,0.0,0.0,0.0,0.0,0.0,0.0,0.0,0.0,0.0,,,,,18473,global,0.4
2,3,lr5e-05_bs32_modL1_fusion16_fusionL1_fusionBN0_drop0p1__wd1e-04trmiss40_trlocglobal,32,5e-05,0.0001,1,16,1,False,0.1,lr5e-05_bs32_modL1_fusion16_fusionL1_fusionBN0_drop0p1__wd1e-04trmiss40_trlocglobal,13,0.6216761072476705,0.672116219997406,0.6944444444444444,0.7531256668288275,0.6666666666666666,0.0,0.0,0.0,0.0,0.0,0.0,0.0,0.0,0.0,,,,,18473,global,0.4
2,3,lr5e-05_bs32_modL1_fusion16_fusionL1_fusionBN0_drop0p1__wd1e-04trmiss40_trlocglobal,32,5e-05,0.0001,1,16,1,False,0.1,lr5e-05_bs32_modL1_fusion16_fusionL1_fusionBN0_drop0p1__wd1e-04trmiss40_trlocglobal,14,0.624839981396993,0.671523243188858,0.6984126984126985,0.7576889265311393,0.6666666666666666,0.0,0.0,0.0,0.0,0.0,0.0,0.0,0.0,0.0,,,,,18473,global,0.4
2,3,lr5e-05_bs32_modL1_fusion16_fusionL1_fusionBN0_drop0p1__wd1e-04trmiss40_trlocglobal,32,5e-05,0.0001,1,16,1,False,0.1,lr5e-05_bs32_modL1_fusion16_fusionL1_fusionBN0_drop0p1__wd1e-04trmiss40_trlocglobal,15,0.615394522746404,0.670502632856369,0.6984126984126984,0.7587828134802894,0.6888888888888889,0.0,0.0,0.0,0.0,0.0,0.0,0.0,0.0,0.0,,,,,18473,global,0.4
2,3,lr5e-05_bs32_modL1_fusion16_fusionL1_fusionBN0_drop0p1__wd1e-04trmiss40_trlocglobal,32,5e-05,0.0001,1,16,1,False,0.1,lr5e-05_bs32_modL1_fusion16_fusionL1_fusionBN0_drop0p1__wd1e-04trmiss40_trlocglobal,16,0.611045261224111,0.6690630912780762,0.6984126984126984,0.7600633340934231,0.7111111111111111,0.0,0.0,0.0,0.0,0.0,0.0,0.0,0.0,0.0,,,,,18473,global,0.4
2,3,lr5e-05_bs32_modL1_fusion16_fusionL1_fusionBN0_drop0p1__wd1e-04trmiss40_trlocglobal,32,5e-05,0.0001,1,16,1,False,0.1,lr5e-05_bs32_modL1_fusion16_fusionL1_fusionBN0_drop0p1__wd1e-04trmiss40_trlocglobal,17,0.6118610799312592,0.6692900657653809,0.7023809523809523,0.765318993553888,0.6444444444444445,0.0,0.0,0.0,0.0,0.0,0.0,0.0,0.0,0.0,,,,,18473,global,0.4
2,3,lr5e-05_bs32_modL1_fusion16_fusionL1_fusionBN0_drop0p1__wd1e-04trmiss40_trlocglobal,32,5e-05,0.0001,1,16,1,False,0.1,lr5e-05_bs32_modL1_fusion16_fusionL1_fusionBN0_drop0p1__wd1e-04trmiss40_trlocglobal,18,0.6058905820051829,0.6693400740623474,0.6805555555555556,0.7426558514666517,0.6222222222222222,0.0,0.0,0.0,0.0,0.0,0.0,0.0,0.0,0.0,,,,,18473,global,0.4
2,3,lr5e-05_bs32_modL1_fusion16_fusionL1_fusionBN0_drop0p1__wd1e-04trmiss40_trlocglobal,32,5e-05,0.0001,1,16,1,False,0.1,lr5e-05_bs32_modL1_fusion16_fusionL1_fusionBN0_drop0p1__wd1e-04trmiss40_trlocglobal,19,0.6035293638706207,0.6680233478546143,0.6884920634920635,0.7533925927488108,0.6888888888888889,0.0,0.0,0.0,0.0,0.0,0.0,0.0,0.0,0.0,,,,,18473,global,0.4
2,3,lr5e-05_bs32_modL1_fusion16_fusionL1_fusionBN0_drop0p1__wd1e-04trmiss40_trlocglobal,32,5e-05,0.0001,1,16,1,False,0.1,lr5e-05_bs32_modL1_fusion16_fusionL1_fusionBN0_drop0p1__wd1e-04trmiss40_trlocglobal,20,0.6007202963034312,0.6686795949935913,0.6865079365079365,0.7524973694914863,0.6444444444444445,0.0,0.0,0.0,0.0,0.0,0.0,0.0,0.0,0.0,,,,,18473,global,0.4
2,3,lr5e-05_bs32_modL1_fusion16_fusionL1_fusionBN0_drop0p1__wd1e-04trmiss40_trlocglobal,32,5e-05,0.0001,1,16,1,False,0.1,lr5e-05_bs32_modL1_fusion16_fusionL1_fusionBN0_drop0p1__wd1e-04trmiss40_trlocglobal,21,0.5954191982746124,0.6691697239875793,0.6865079365079365,0.7562081932680995,0.6222222222222222,0.0,0.0,0.0,0.0,0.0,0.0,0.0,0.0,0.0,,,,,18473,global,0.4
2,3,lr5e-05_bs32_modL1_fusion16_fusionL1_fusionBN0_drop0p1__wd1e-04trmiss40_trlocglobal,32,5e-05,0.0001,1,16,1,False,0.1,lr5e-05_bs32_modL1_fusion16_fusionL1_fusionBN0_drop0p1__wd1e-04trmiss40_trlocglobal,22,0.5860935846964518,0.6687357723712921,0.6884920634920635,0.7515947089139031,0.6222222222222222,0.0,0.0,0.0,0.0,0.0,0.0,0.0,0.0,0.0,,,,,18473,global,0.4
2,3,lr5e-05_bs32_modL1_fusion16_fusionL1_fusionBN0_drop0p1__wd1e-04trmiss40_trlocglobal,32,5e-05,0.0001,1,16,1,False,0.1,lr5e-05_bs32_modL1_fusion16_fusionL1_fusionBN0_drop0p1__wd1e-04trmiss40_trlocglobal,23,0.5815526644388834,0.6686020493507385,0.6904761904761905,0.749476026689466,0.6444444444444445,0.0,0.0,0.0,0.0,0.0,0.0,0.0,0.0,0.0,,,,,18473,global,0.4
2,3,lr5e-05_bs32_modL1_fusion16_fusionL1_fusionBN0_drop0p1__wd1e-04trmiss40_trlocglobal,32,5e-05,0.0001,1,16,1,False,0.1,lr5e-05_bs32_modL1_fusion16_fusionL1_fusionBN0_drop0p1__wd1e-04trmiss40_trlocglobal,24,0.5872125824292501,0.6677338480949402,0.7083333333333334,0.7636463710322242,0.6222222222222222,0.0,0.0,0.0,0.0,0.0,0.0,0.0,0.0,0.0,,,,,18473,global,0.4
2,3,lr5e-05_bs32_modL1_fusion16_fusionL1_fusionBN0_drop0p1__wd1e-04trmiss40_trlocglobal,32,5e-05,0.0001,1,16,1,False,0.1,lr5e-05_bs32_modL1_fusion16_fusionL1_fusionBN0_drop0p1__wd1e-04trmiss40_trlocglobal,25,0.5815749963124593,0.6683760285377502,0.6964285714285714,0.7630244988371255,0.6444444444444445,0.0,0.0,0.0,0.0,0.0,0.0,0.0,0.0,0.0,,,,,18473,global,0.4
2,3,lr5e-05_bs32_modL1_fusion16_fusionL1_fusionBN0_drop0p1__wd1e-04trmiss40_trlocglobal,32,5e-05,0.0001,1,16,1,False,0.1,lr5e-05_bs32_modL1_fusion16_fusionL1_fusionBN0_drop0p1__wd1e-04trmiss40_trlocglobal,26,0.577798326810201,0.668786346912384,0.6984126984126985,0.7712502666824999,0.6444444444444445,0.0,0.0,0.0,0.0,0.0,0.0,0.0,0.0,0.0,,,,,18473,global,0.4
2,3,lr5e-05_bs32_modL1_fusion16_fusionL1_fusionBN0_drop0p1__wd1e-04trmiss40_trlocglobal,32,5e-05,0.0001,1,16,1,False,0.1,lr5e-05_bs32_modL1_fusion16_fusionL1_fusionBN0_drop0p1__wd1e-04trmiss40_trlocglobal,27,0.5826495885848999,0.6690150499343872,0.7003968253968254,0.7721739120026969,0.6222222222222222,0.0,0.0,0.0,0.0,0.0,0.0,0.0,0.0,0.0,,,,,18473,global,0.4
2,3,lr5e-05_bs32_modL1_fusion16_fusionL1_fusionBN0_drop0p1__wd1e-04trmiss40_trlocglobal,32,5e-05,0.0001,1,16,1,False,0.1,lr5e-05_bs32_modL1_fusion16_fusionL1_fusionBN0_drop0p1__wd1e-04trmiss40_trlocglobal,28,0.573865532875061,0.6691840291023254,0.6924603174603174,0.7643932601948273,0.6222222222222222,0.0,0.0,0.0,0.0,0.0,0.0,0.0,0.0,0.0,,,,,18473,global,0.4
2,3,lr5e-05_bs32_modL1_fusion16_fusionL1_fusionBN0_drop0p1__wd1e-04trmiss40_trlocglobal,32,5e-05,0.0001,1,16,1,False,0.1,lr5e-05_bs32_modL1_fusion16_fusionL1_fusionBN0_drop0p1__wd1e-04trmiss40_trlocglobal,29,0.5709002216657003,0.669104129076004,0.6865079365079365,0.7538459906102801,0.6222222222222222,0.0,0.0,0.0,0.0,0.0,0.0,0.0,0.0,0.0,,,,,18473,global,0.4
2,3,lr5e-05_bs32_modL1_fusion16_fusionL1_fusionBN0_drop0p1__wd1e-04trmiss40_trlocglobal,32,5e-05,0.0001,1,16,1,False,0.1,lr5e-05_bs32_modL1_fusion16_fusionL1_fusionBN0_drop0p1__wd1e-04trmiss40_trlocglobal,30,0.5748399595419565,0.6683093309402466,0.6884920634920635,0.7555776617000514,0.6222222222222222,0.0,0.0,0.0,0.0,0.0,0.0,0.0,0.0,0.0,,,,,18473,global,0.4
2,3,lr5e-05_bs32_modL1_fusion16_fusionL1_fusionBN0_drop0p1__wd1e-04trmiss40_trlocglobal,32,5e-05,0.0001,1,16,1,False,0.1,lr5e-05_bs32_modL1_fusion16_fusionL1_fusionBN0_drop0p1__wd1e-04trmiss40_trlocglobal,31,0.5655696988105774,0.6693167686462402,0.6726190476190477,0.7450930635944855,0.6222222222222222,0.0,0.0,0.0,0.0,0.0,0.0,0.0,0.0,0.0,,,,,18473,global,0.4
2,3,lr5e-05_bs32_modL1_fusion16_fusionL1_fusionBN0_drop0p1__wd1e-04trmiss40_trlocglobal,32,5e-05,0.0001,1,16,1,False,0.1,lr5e-05_bs32_modL1_fusion16_fusionL1_fusionBN0_drop0p1__wd1e-04trmiss40_trlocglobal,32,0.5645183126131693,0.6701764762401581,0.6666666666666666,0.7405890895592613,0.6,0.0,0.0,0.0,0.0,0.0,0.0,0.0,0.0,0.0,,,,,18473,global,0.4
2,3,lr5e-05_bs32_modL1_fusion16_fusionL1_fusionBN0_drop0p1__wd1e-04trmiss40_trlocglobal,32,5e-05,0.0001,1,16,1,False,0.1,lr5e-05_bs32_modL1_fusion16_fusionL1_fusionBN0_drop0p1__wd1e-04trmiss40_trlocglobal,33,0.5626420378684998,0.6708375215530396,0.6666666666666667,0.7401878102297532,0.6,0.0,0.0,0.0,0.0,0.0,0.0,0.0,0.0,0.0,,,,,18473,global,0.4
2,3,lr5e-05_bs32_modL1_fusion16_fusionL1_fusionBN0_drop0p1__wd1e-04trmiss40_trlocglobal,32,5e-05,0.0001,1,16,1,False,0.1,lr5e-05_bs32_modL1_fusion16_fusionL1_fusionBN0_drop0p1__wd1e-04trmiss40_trlocglobal,34,0.5576484203338623,0.6692189276218414,0.6785714285714286,0.7512676995168792,0.6222222222222222,0.0,0.0,0.0,0.0,0.0,0.0,0.0,0.0,0.0,,,,,18473,global,0.4
2,3,lr5e-05_bs32_modL1_fusion16_fusionL1_fusionBN0_drop0p1__wd1e-04trmiss40_trlocglobal,32,5e-05,0.0001,1,16,1,False,0.1,lr5e-05_bs32_modL1_fusion16_fusionL1_fusionBN0_drop0p1__wd1e-04trmiss40_trlocglobal,35,0.5649517774581909,0.6683104932308197,0.6805555555555556,0.7410967451702284,0.6222222222222222,0.0,0.0,0.0,0.0,0.0,0.0,0.0,0.0,0.0,,,,,18473,global,0.4
2,3,lr5e-05_bs32_modL1_fusion16_fusionL1_fusionBN0_drop0p1__wd1e-04trmiss40_trlocglobal,32,5e-05,0.0001,1,16,1,False,0.1,lr5e-05_bs32_modL1_fusion16_fusionL1_fusionBN0_drop0p1__wd1e-04trmiss40_trlocglobal,36,0.5646133224169413,0.669469565153122,0.6726190476190477,0.7315648804300303,0.6222222222222222,0.0,0.0,0.0,0.0,0.0,0.0,0.0,0.0,0.0,,,,,18473,global,0.4
2,3,lr5e-05_bs32_modL1_fusion16_fusionL1_fusionBN0_drop0p1__wd1e-04trmiss40_trlocglobal,32,5e-05,0.0001,1,16,1,False,0.1,lr5e-05_bs32_modL1_fusion16_fusionL1_fusionBN0_drop0p1__wd1e-04trmiss40_trlocglobal,37,0.5541006127993265,0.6706421673297882,0.6646825396825398,0.7266803052588106,0.6,0.0,0.0,0.0,0.0,0.0,0.0,0.0,0.0,0.0,,,,,18473,global,0.4
2,3,lr5e-05_bs32_modL1_fusion16_fusionL1_fusionBN0_drop0p1__wd1e-04trmiss40_trlocglobal,32,5e-05,0.0001,1,16,1,False,0.1,lr5e-05_bs32_modL1_fusion16_fusionL1_fusionBN0_drop0p1__wd1e-04trmiss40_trlocglobal,38,0.5446915427843729,0.6711300015449524,0.6527777777777778,0.7202172696524893,0.6222222222222222,0.0,0.0,0.0,0.0,0.0,0.0,0.0,0.0,0.0,,,,,18473,global,0.4
2,3,lr5e-05_bs32_modL1_fusion16_fusionL1_fusionBN0_drop0p1__wd1e-04trmiss40_trlocglobal,32,5e-05,0.0001,1,16,1,False,0.1,lr5e-05_bs32_modL1_fusion16_fusionL1_fusionBN0_drop0p1__wd1e-04trmiss40_trlocglobal,39,0.548001895348231,0.6715362966060638,0.6468253968253969,0.7163401751489926,0.6222222222222222,0.0,0.0,0.0,0.0,0.0,0.0,0.0,0.0,0.0,,,,,18473,global,0.4
2,3,lr5e-05_bs32_modL1_fusion16_fusionL1_fusionBN0_drop0p1__wd1e-04trmiss40_trlocglobal,32,5e-05,0.0001,1,16,1,False,0.1,lr5e-05_bs32_modL1_fusion16_fusionL1_fusionBN0_drop0p1__wd1e-04trmiss40_trlocglobal,40,0.5463658968607584,0.6704374551773071,0.6507936507936508,0.7279416486764207,0.6222222222222222,0.0,0.0,0.0,0.0,0.0,0.0,0.0,0.0,0.0,,,,,18473,global,0.4
2,3,lr5e-05_bs32_modL1_fusion16_fusionL1_fusionBN0_drop0p1__wd1e-04trmiss40_trlocglobal,32,5e-05,0.0001,1,16,1,False,0.1,lr5e-05_bs32_modL1_fusion16_fusionL1_fusionBN0_drop0p1__wd1e-04trmiss40_trlocglobal,41,0.542322595914205,0.6698297262191772,0.6626984126984128,0.7423386152945883,0.6222222222222222,0.0,0.0,0.0,0.0,0.0,0.0,0.0,0.0,0.0,,,,,18473,global,0.4
2,3,lr5e-05_bs32_modL1_fusion16_fusionL1_fusionBN0_drop0p1__wd1e-04trmiss40_trlocglobal,32,5e-05,0.0001,1,16,1,False,0.1,lr5e-05_bs32_modL1_fusion16_fusionL1_fusionBN0_drop0p1__wd1e-04trmiss40_trlocglobal,42,0.5498640835285187,0.6701049506664276,0.6607142857142857,0.738535460572316,0.6222222222222222,0.0,0.0,0.0,0.0,0.0,0.0,0.0,0.0,0.0,,,,,18473,global,0.4
2,3,lr5e-05_bs32_modL1_fusion16_fusionL1_fusionBN0_drop0p1__wd1e-04trmiss40_trlocglobal,32,5e-05,0.0001,1,16,1,False,0.1,lr5e-05_bs32_modL1_fusion16_fusionL1_fusionBN0_drop0p1__wd1e-04trmiss40_trlocglobal,43,0.544320265452067,0.6694754958152771,0.6646825396825398,0.7483143669883805,0.6222222222222222,0.0,0.0,0.0,0.0,0.0,0.0,0.0,0.0,0.0,,,,,18473,global,0.4
2,3,lr5e-05_bs32_modL1_fusion16_fusionL1_fusionBN0_drop0p1__wd1e-04trmiss40_trlocglobal,32,5e-05,0.0001,1,16,1,False,0.1,lr5e-05_bs32_modL1_fusion16_fusionL1_fusionBN0_drop0p1__wd1e-04trmiss40_trlocglobal,44,0.5495331287384033,0.6698606312274933,0.6567460317460317,0.7427625555041735,0.6222222222222222,0.0,0.0,0.0,0.0,0.0,0.0,0.0,0.0,0.0,,,,,18473,global,0.4
2,3,lr5e-05_bs32_modL1_fusion32_fusionL1_fusionBN0_drop0p2__wd1e-04trmiss40_trlocglobal,32,5e-05,0.0001,1,32,1,False,0.2,lr5e-05_bs32_modL1_fusion32_fusionL1_fusionBN0_drop0p2__wd1e-04trmiss40_trlocglobal,1,0.6944389939308167,0.6927049458026886,0.5992063492063493,0.5984602685015689,0.6,0.0,0.0,0.0,0.0,0.0,0.0,0.0,0.0,0.0,,,,,18473,global,0.4
2,3,lr5e-05_bs32_modL1_fusion32_fusionL1_fusionBN0_drop0p2__wd1e-04trmiss40_trlocglobal,32,5e-05,0.0001,1,32,1,False,0.2,lr5e-05_bs32_modL1_fusion32_fusionL1_fusionBN0_drop0p2__wd1e-04trmiss40_trlocglobal,2,0.6839357614517212,0.6936643421649933,0.5396825396825397,0.5620224082289553,0.6,0.0,0.0,0.0,0.0,0.0,0.0,0.0,0.0,0.0,,,,,18473,global,0.4
2,3,lr5e-05_bs32_modL1_fusion32_fusionL1_fusionBN0_drop0p2__wd1e-04trmiss40_trlocglobal,32,5e-05,0.0001,1,32,1,False,0.2,lr5e-05_bs32_modL1_fusion32_fusionL1_fusionBN0_drop0p2__wd1e-04trmiss40_trlocglobal,3,0.6930933793385824,0.6939038634300232,0.5436507936507937,0.5486764741733968,0.6222222222222222,0.0,0.0,0.0,0.0,0.0,0.0,0.0,0.0,0.0,,,,,18473,global,0.4
2,3,lr5e-05_bs32_modL1_fusion32_fusionL1_fusionBN0_drop0p2__wd1e-04trmiss40_trlocglobal,32,5e-05,0.0001,1,32,1,False,0.2,lr5e-05_bs32_modL1_fusion32_fusionL1_fusionBN0_drop0p2__wd1e-04trmiss40_trlocglobal,4,0.6743296583493551,0.694191187620163,0.5238095238095238,0.5256079922808807,0.6,0.0,0.0,0.0,0.0,0.0,0.0,0.0,0.0,0.0,,,,,18473,global,0.4
2,3,lr5e-05_bs32_modL1_fusion32_fusionL1_fusionBN0_drop0p2__wd1e-04trmiss40_trlocglobal,32,5e-05,0.0001,1,32,1,False,0.2,lr5e-05_bs32_modL1_fusion32_fusionL1_fusionBN0_drop0p2__wd1e-04trmiss40_trlocglobal,5,0.6790873209635416,0.6937612891197205,0.5317460317460317,0.5277602851728604,0.6222222222222222,0.0,0.0,0.0,0.0,0.0,0.0,0.0,0.0,0.0,,,,,18473,global,0.4
2,3,lr5e-05_bs32_modL1_fusion32_fusionL1_fusionBN0_drop0p2__wd1e-04trmiss40_trlocglobal,32,5e-05,0.0001,1,32,1,False,0.2,lr5e-05_bs32_modL1_fusion32_fusionL1_fusionBN0_drop0p2__wd1e-04trmiss40_trlocglobal,6,0.6675780713558197,0.6925421357154846,0.5416666666666666,0.5346668816627902,0.6222222222222222,0.0,0.0,0.0,0.0,0.0,0.0,0.0,0.0,0.0,,,,,18473,global,0.4
2,3,lr5e-05_bs32_modL1_fusion32_fusionL1_fusionBN0_drop0p2__wd1e-04trmiss40_trlocglobal,32,5e-05,0.0001,1,32,1,False,0.2,lr5e-05_bs32_modL1_fusion32_fusionL1_fusionBN0_drop0p2__wd1e-04trmiss40_trlocglobal,7,0.6583955387274424,0.6906834244728088,0.5654761904761905,0.5474935827110134,0.6222222222222222,0.0,0.0,0.0,0.0,0.0,0.0,0.0,0.0,0.0,,,,,18473,global,0.4
2,3,lr5e-05_bs32_modL1_fusion32_fusionL1_fusionBN0_drop0p2__wd1e-04trmiss40_trlocglobal,32,5e-05,0.0001,1,32,1,False,0.2,lr5e-05_bs32_modL1_fusion32_fusionL1_fusionBN0_drop0p2__wd1e-04trmiss40_trlocglobal,8,0.6626184185345968,0.6899832189083099,0.5734126984126984,0.5515886765795595,0.6222222222222222,0.0,0.0,0.0,0.0,0.0,0.0,0.0,0.0,0.0,,,,,18473,global,0.4
2,3,lr5e-05_bs32_modL1_fusion32_fusionL1_fusionBN0_drop0p2__wd1e-04trmiss40_trlocglobal,32,5e-05,0.0001,1,32,1,False,0.2,lr5e-05_bs32_modL1_fusion32_fusionL1_fusionBN0_drop0p2__wd1e-04trmiss40_trlocglobal,9,0.6591170032819113,0.6894747018814087,0.5674603174603174,0.5508042441861875,0.6222222222222222,0.0,0.0,0.0,0.0,0.0,0.0,0.0,0.0,0.0,,,,,18473,global,0.4
2,3,lr5e-05_bs32_modL1_fusion32_fusionL1_fusionBN0_drop0p2__wd1e-04trmiss40_trlocglobal,32,5e-05,0.0001,1,32,1,False,0.2,lr5e-05_bs32_modL1_fusion32_fusionL1_fusionBN0_drop0p2__wd1e-04trmiss40_trlocglobal,10,0.6481350958347321,0.6896791756153107,0.5674603174603174,0.5502760224079657,0.6222222222222222,0.0,0.0,0.0,0.0,0.0,0.0,0.0,0.0,0.0,,,,,18473,global,0.4
2,3,lr5e-05_bs32_modL1_fusion32_fusionL1_fusionBN0_drop0p2__wd1e-04trmiss40_trlocglobal,32,5e-05,0.0001,1,32,1,False,0.2,lr5e-05_bs32_modL1_fusion32_fusionL1_fusionBN0_drop0p2__wd1e-04trmiss40_trlocglobal,11,0.6546826362609863,0.6898703277111053,0.5654761904761905,0.5515702143271576,0.6,0.0,0.0,0.0,0.0,0.0,0.0,0.0,0.0,0.0,,,,,18473,global,0.4
2,3,lr5e-05_bs32_modL1_fusion32_fusionL1_fusionBN0_drop0p2__wd1e-04trmiss40_trlocglobal,32,5e-05,0.0001,1,32,1,False,0.2,lr5e-05_bs32_modL1_fusion32_fusionL1_fusionBN0_drop0p2__wd1e-04trmiss40_trlocglobal,12,0.6453347702821096,0.6902625262737274,0.5654761904761905,0.5521078487357597,0.5777777777777777,0.0,0.0,0.0,0.0,0.0,0.0,0.0,0.0,0.0,,,,,18473,global,0.4
2,3,lr5e-05_bs32_modL1_fusion32_fusionL1_fusionBN0_drop0p2__wd1e-04trmiss40_trlocglobal,32,5e-05,0.0001,1,32,1,False,0.2,lr5e-05_bs32_modL1_fusion32_fusionL1_fusionBN0_drop0p2__wd1e-04trmiss40_trlocglobal,13,0.6421656509240469,0.6898602843284607,0.5694444444444444,0.555688604107312,0.5777777777777777,0.0,0.0,0.0,0.0,0.0,0.0,0.0,0.0,0.0,,,,,18473,global,0.4
2,3,lr5e-05_bs32_modL1_fusion32_fusionL1_fusionBN0_drop0p2__wd1e-04trmiss40_trlocglobal,32,5e-05,0.0001,1,32,1,False,0.2,lr5e-05_bs32_modL1_fusion32_fusionL1_fusionBN0_drop0p2__wd1e-04trmiss40_trlocglobal,14,0.6466924250125885,0.6893441379070282,0.5773809523809524,0.5662230805523534,0.6444444444444445,0.0,0.0,0.0,0.0,0.0,0.0,0.0,0.0,0.0,,,,,18473,global,0.4
2,3,lr5e-05_bs32_modL1_fusion32_fusionL1_fusionBN0_drop0p2__wd1e-04trmiss40_trlocglobal,32,5e-05,0.0001,1,32,1,False,0.2,lr5e-05_bs32_modL1_fusion32_fusionL1_fusionBN0_drop0p2__wd1e-04trmiss40_trlocglobal,15,0.6382574141025543,0.6889549195766449,0.5773809523809523,0.5654955836631718,0.6444444444444445,0.0,0.0,0.0,0.0,0.0,0.0,0.0,0.0,0.0,,,,,18473,global,0.4
2,3,lr5e-05_bs32_modL1_fusion32_fusionL1_fusionBN0_drop0p2__wd1e-04trmiss40_trlocglobal,32,5e-05,0.0001,1,32,1,False,0.2,lr5e-05_bs32_modL1_fusion32_fusionL1_fusionBN0_drop0p2__wd1e-04trmiss40_trlocglobal,16,0.6402490039666494,0.6883123219013214,0.5793650793650793,0.564650309656133,0.6222222222222222,0.0,0.0,0.0,0.0,0.0,0.0,0.0,0.0,0.0,,,,,18473,global,0.4
2,3,lr5e-05_bs32_modL1_fusion32_fusionL1_fusionBN0_drop0p2__wd1e-04trmiss40_trlocglobal,32,5e-05,0.0001,1,32,1,False,0.2,lr5e-05_bs32_modL1_fusion32_fusionL1_fusionBN0_drop0p2__wd1e-04trmiss40_trlocglobal,17,0.6361244817574819,0.6880127191543579,0.5932539682539683,0.5811493009616259,0.6,0.0,0.0,0.0,0.0,0.0,0.0,0.0,0.0,0.0,,,,,18473,global,0.4
2,3,lr5e-05_bs32_modL1_fusion32_fusionL1_fusionBN0_drop0p2__wd1e-04trmiss40_trlocglobal,32,5e-05,0.0001,1,32,1,False,0.2,lr5e-05_bs32_modL1_fusion32_fusionL1_fusionBN0_drop0p2__wd1e-04trmiss40_trlocglobal,18,0.6226582725842794,0.687187910079956,0.6031746031746033,0.5890418200688627,0.6222222222222222,0.0,0.0,0.0,0.0,0.0,0.0,0.0,0.0,0.0,,,,,18473,global,0.4
2,3,lr5e-05_bs32_modL1_fusion32_fusionL1_fusionBN0_drop0p2__wd1e-04trmiss40_trlocglobal,32,5e-05,0.0001,1,32,1,False,0.2,lr5e-05_bs32_modL1_fusion32_fusionL1_fusionBN0_drop0p2__wd1e-04trmiss40_trlocglobal,19,0.6314664383729299,0.6865969598293304,0.5912698412698413,0.5761030382896447,0.6222222222222222,0.0,0.0,0.0,0.0,0.0,0.0,0.0,0.0,0.0,,,,,18473,global,0.4
2,3,lr5e-05_bs32_modL1_fusion32_fusionL1_fusionBN0_drop0p2__wd1e-04trmiss40_trlocglobal,32,5e-05,0.0001,1,32,1,False,0.2,lr5e-05_bs32_modL1_fusion32_fusionL1_fusionBN0_drop0p2__wd1e-04trmiss40_trlocglobal,20,0.6342851022879282,0.6864994466304779,0.5932539682539683,0.5820287128830826,0.6222222222222222,0.0,0.0,0.0,0.0,0.0,0.0,0.0,0.0,0.0,,,,,18473,global,0.4
2,3,lr5e-05_bs32_modL1_fusion32_fusionL1_fusionBN0_drop0p2__wd1e-04trmiss40_trlocglobal,32,5e-05,0.0001,1,32,1,False,0.2,lr5e-05_bs32_modL1_fusion32_fusionL1_fusionBN0_drop0p2__wd1e-04trmiss40_trlocglobal,21,0.6258519887924194,0.6872333586215973,0.5813492063492063,0.5713698347242044,0.6222222222222222,0.0,0.0,0.0,0.0,0.0,0.0,0.0,0.0,0.0,,,,,18473,global,0.4
2,3,lr5e-05_bs32_modL1_fusion32_fusionL1_fusionBN0_drop0p2__wd1e-04trmiss40_trlocglobal,32,5e-05,0.0001,1,32,1,False,0.2,lr5e-05_bs32_modL1_fusion32_fusionL1_fusionBN0_drop0p2__wd1e-04trmiss40_trlocglobal,22,0.6126862665017446,0.6876601874828339,0.5793650793650793,0.5782801541288801,0.6222222222222222,0.0,0.0,0.0,0.0,0.0,0.0,0.0,0.0,0.0,,,,,18473,global,0.4
2,3,lr5e-05_bs32_modL1_fusion32_fusionL1_fusionBN0_drop0p2__wd1e-04trmiss40_trlocglobal,32,5e-05,0.0001,1,32,1,False,0.2,lr5e-05_bs32_modL1_fusion32_fusionL1_fusionBN0_drop0p2__wd1e-04trmiss40_trlocglobal,23,0.61604110399882,0.6874942183494568,0.5972222222222222,0.5954399976512752,0.6222222222222222,0.0,0.0,0.0,0.0,0.0,0.0,0.0,0.0,0.0,,,,,18473,global,0.4
2,3,lr5e-05_bs32_modL1_fusion32_fusionL1_fusionBN0_drop0p2__wd1e-04trmiss40_trlocglobal,32,5e-05,0.0001,1,32,1,False,0.2,lr5e-05_bs32_modL1_fusion32_fusionL1_fusionBN0_drop0p2__wd1e-04trmiss40_trlocglobal,24,0.609695037206014,0.6862510144710541,0.6071428571428571,0.5943063257210518,0.6222222222222222,0.0,0.0,0.0,0.0,0.0,0.0,0.0,0.0,0.0,,,,,18473,global,0.4
2,3,lr5e-05_bs32_modL1_fusion32_fusionL1_fusionBN0_drop0p2__wd1e-04trmiss40_trlocglobal,32,5e-05,0.0001,1,32,1,False,0.2,lr5e-05_bs32_modL1_fusion32_fusionL1_fusionBN0_drop0p2__wd1e-04trmiss40_trlocglobal,25,0.6204974750677744,0.6853778660297394,0.6190476190476191,0.6098655360142337,0.6222222222222222,0.0,0.0,0.0,0.0,0.0,0.0,0.0,0.0,0.0,,,,,18473,global,0.4
2,3,lr5e-05_bs32_modL1_fusion32_fusionL1_fusionBN0_drop0p2__wd1e-04trmiss40_trlocglobal,32,5e-05,0.0001,1,32,1,False,0.2,lr5e-05_bs32_modL1_fusion32_fusionL1_fusionBN0_drop0p2__wd1e-04trmiss40_trlocglobal,26,0.6123787065347036,0.6853685081005096,0.6170634920634921,0.6153281130081405,0.6222222222222222,0.0,0.0,0.0,0.0,0.0,0.0,0.0,0.0,0.0,,,,,18473,global,0.4
2,3,lr5e-05_bs32_modL1_fusion32_fusionL1_fusionBN0_drop0p2__wd1e-04trmiss40_trlocglobal,32,5e-05,0.0001,1,32,1,False,0.2,lr5e-05_bs32_modL1_fusion32_fusionL1_fusionBN0_drop0p2__wd1e-04trmiss40_trlocglobal,27,0.6121028463045756,0.6853039860725403,0.6091269841269842,0.6047104990577261,0.6222222222222222,0.0,0.0,0.0,0.0,0.0,0.0,0.0,0.0,0.0,,,,,18473,global,0.4
2,3,lr5e-05_bs32_modL1_fusion32_fusionL1_fusionBN0_drop0p2__wd1e-04trmiss40_trlocglobal,32,5e-05,0.0001,1,32,1,False,0.2,lr5e-05_bs32_modL1_fusion32_fusionL1_fusionBN0_drop0p2__wd1e-04trmiss40_trlocglobal,28,0.6059888700644175,0.6852271556854248,0.6091269841269842,0.6071348079245169,0.6222222222222222,0.0,0.0,0.0,0.0,0.0,0.0,0.0,0.0,0.0,,,,,18473,global,0.4
2,3,lr5e-05_bs32_modL1_fusion32_fusionL1_fusionBN0_drop0p2__wd1e-04trmiss40_trlocglobal,32,5e-05,0.0001,1,32,1,False,0.2,lr5e-05_bs32_modL1_fusion32_fusionL1_fusionBN0_drop0p2__wd1e-04trmiss40_trlocglobal,29,0.60011754433314,0.6850287616252899,0.6031746031746031,0.5991544188815479,0.5777777777777777,0.0,0.0,0.0,0.0,0.0,0.0,0.0,0.0,0.0,,,,,18473,global,0.4
2,3,lr5e-05_bs32_modL1_fusion32_fusionL1_fusionBN0_drop0p2__wd1e-04trmiss40_trlocglobal,32,5e-05,0.0001,1,32,1,False,0.2,lr5e-05_bs32_modL1_fusion32_fusionL1_fusionBN0_drop0p2__wd1e-04trmiss40_trlocglobal,30,0.5941653649012247,0.6841209232807159,0.6111111111111112,0.5983603053131815,0.5777777777777777,0.0,0.0,0.0,0.0,0.0,0.0,0.0,0.0,0.0,,,,,18473,global,0.4
2,3,lr5e-05_bs32_modL1_fusion32_fusionL1_fusionBN0_drop0p2__wd1e-04trmiss40_trlocglobal,32,5e-05,0.0001,1,32,1,False,0.2,lr5e-05_bs32_modL1_fusion32_fusionL1_fusionBN0_drop0p2__wd1e-04trmiss40_trlocglobal,31,0.6026557485262553,0.6842124164104462,0.6190476190476191,0.600312496106075,0.6,0.0,0.0,0.0,0.0,0.0,0.0,0.0,0.0,0.0,,,,,18473,global,0.4
2,3,lr5e-05_bs32_modL1_fusion32_fusionL1_fusionBN0_drop0p2__wd1e-04trmiss40_trlocglobal,32,5e-05,0.0001,1,32,1,False,0.2,lr5e-05_bs32_modL1_fusion32_fusionL1_fusionBN0_drop0p2__wd1e-04trmiss40_trlocglobal,32,0.5967232286930084,0.6843461096286774,0.6111111111111112,0.5984576520398973,0.6666666666666666,0.0,0.0,0.0,0.0,0.0,0.0,0.0,0.0,0.0,,,,,18473,global,0.4
2,3,lr5e-05_bs32_modL1_fusion32_fusionL1_fusionBN0_drop0p2__wd1e-04trmiss40_trlocglobal,32,5e-05,0.0001,1,32,1,False,0.2,lr5e-05_bs32_modL1_fusion32_fusionL1_fusionBN0_drop0p2__wd1e-04trmiss40_trlocglobal,33,0.5954083104928335,0.6838270127773285,0.625,0.6119658569434052,0.6222222222222222,0.0,0.0,0.0,0.0,0.0,0.0,0.0,0.0,0.0,,,,,18473,global,0.4
2,3,lr5e-05_bs32_modL1_fusion32_fusionL1_fusionBN0_drop0p2__wd1e-04trmiss40_trlocglobal,32,5e-05,0.0001,1,32,1,False,0.2,lr5e-05_bs32_modL1_fusion32_fusionL1_fusionBN0_drop0p2__wd1e-04trmiss40_trlocglobal,34,0.5926074584325155,0.6835425496101379,0.6329365079365079,0.6233220480519184,0.6222222222222222,0.0,0.0,0.0,0.0,0.0,0.0,0.0,0.0,0.0,,,,,18473,global,0.4
2,3,lr5e-05_bs32_modL1_fusion32_fusionL1_fusionBN0_drop0p2__wd1e-04trmiss40_trlocglobal,32,5e-05,0.0001,1,32,1,False,0.2,lr5e-05_bs32_modL1_fusion32_fusionL1_fusionBN0_drop0p2__wd1e-04trmiss40_trlocglobal,35,0.5844515462716421,0.6836803257465363,0.621031746031746,0.6112145058746804,0.6222222222222222,0.0,0.0,0.0,0.0,0.0,0.0,0.0,0.0,0.0,,,,,18473,global,0.4
2,3,lr5e-05_bs32_modL1_fusion32_fusionL1_fusionBN0_drop0p2__wd1e-04trmiss40_trlocglobal,32,5e-05,0.0001,1,32,1,False,0.2,lr5e-05_bs32_modL1_fusion32_fusionL1_fusionBN0_drop0p2__wd1e-04trmiss40_trlocglobal,36,0.5933507680892944,0.6839392781257629,0.623015873015873,0.6130895147641382,0.6222222222222222,0.0,0.0,0.0,0.0,0.0,0.0,0.0,0.0,0.0,,,,,18473,global,0.4
2,3,lr5e-05_bs32_modL1_fusion32_fusionL1_fusionBN0_drop0p2__wd1e-04trmiss40_trlocglobal,32,5e-05,0.0001,1,32,1,False,0.2,lr5e-05_bs32_modL1_fusion32_fusionL1_fusionBN0_drop0p2__wd1e-04trmiss40_trlocglobal,37,0.5816750129063925,0.6843682825565338,0.625,0.6154615638932901,0.6222222222222222,0.0,0.0,0.0,0.0,0.0,0.0,0.0,0.0,0.0,,,,,18473,global,0.4
2,3,lr5e-05_bs32_modL1_fusion32_fusionL1_fusionBN0_drop0p2__wd1e-04trmiss40_trlocglobal,32,5e-05,0.0001,1,32,1,False,0.2,lr5e-05_bs32_modL1_fusion32_fusionL1_fusionBN0_drop0p2__wd1e-04trmiss40_trlocglobal,38,0.593067059914271,0.6855623126029968,0.6150793650793651,0.6085244887985625,0.6,0.0,0.0,0.0,0.0,0.0,0.0,0.0,0.0,0.0,,,,,18473,global,0.4
2,3,lr5e-05_bs32_modL1_fusion32_fusionL1_fusionBN0_drop0p2__wd1e-04trmiss40_trlocglobal,32,5e-05,0.0001,1,32,1,False,0.2,lr5e-05_bs32_modL1_fusion32_fusionL1_fusionBN0_drop0p2__wd1e-04trmiss40_trlocglobal,39,0.5870177646478018,0.685417115688324,0.617063492063492,0.6087953964040289,0.6222222222222222,0.0,0.0,0.0,0.0,0.0,0.0,0.0,0.0,0.0,,,,,18473,global,0.4
2,3,lr5e-05_bs32_modL1_fusion32_fusionL1_fusionBN0_drop0p2__wd1e-04trmiss40_trlocglobal,32,5e-05,0.0001,1,32,1,False,0.2,lr5e-05_bs32_modL1_fusion32_fusionL1_fusionBN0_drop0p2__wd1e-04trmiss40_trlocglobal,40,0.5788022875785828,0.6850636899471283,0.621031746031746,0.6122575977828969,0.6222222222222222,0.0,0.0,0.0,0.0,0.0,0.0,0.0,0.0,0.0,,,,,18473,global,0.4
2,3,lr5e-05_bs32_modL1_fusion32_fusionL1_fusionBN0_drop0p2__wd1e-04trmiss40_trlocglobal,32,5e-05,0.0001,1,32,1,False,0.2,lr5e-05_bs32_modL1_fusion32_fusionL1_fusionBN0_drop0p2__wd1e-04trmiss40_trlocglobal,41,0.5631972452004751,0.6844736039638519,0.6190476190476191,0.6118652838060242,0.6,0.0,0.0,0.0,0.0,0.0,0.0,0.0,0.0,0.0,,,,,18473,global,0.4
2,3,lr5e-05_bs32_modL1_fusion32_fusionL1_fusionBN0_drop0p2__wd1e-04trmiss40_trlocglobal,32,5e-05,0.0001,1,32,1,False,0.2,lr5e-05_bs32_modL1_fusion32_fusionL1_fusionBN0_drop0p2__wd1e-04trmiss40_trlocglobal,42,0.5737344721953074,0.6840318143367767,0.6150793650793651,0.6078399295172698,0.6222222222222222,0.0,0.0,0.0,0.0,0.0,0.0,0.0,0.0,0.0,,,,,18473,global,0.4
2,3,lr5e-05_bs32_modL1_fusion32_fusionL1_fusionBN0_drop0p2__wd1e-04trmiss40_trlocglobal,32,5e-05,0.0001,1,32,1,False,0.2,lr5e-05_bs32_modL1_fusion32_fusionL1_fusionBN0_drop0p2__wd1e-04trmiss40_trlocglobal,43,0.5817091266314188,0.6848584115505219,0.6111111111111112,0.6096980277789013,0.5777777777777777,0.0,0.0,0.0,0.0,0.0,0.0,0.0,0.0,0.0,,,,,18473,global,0.4
2,3,lr5e-05_bs32_modL1_fusion32_fusionL1_fusionBN0_drop0p2__wd1e-04trmiss40_trlocglobal,32,5e-05,0.0001,1,32,1,False,0.2,lr5e-05_bs32_modL1_fusion32_fusionL1_fusionBN0_drop0p2__wd1e-04trmiss40_trlocglobal,44,0.5819510320822397,0.6856047213077545,0.6111111111111112,0.6114951052225304,0.5777777777777777,0.0,0.0,0.0,0.0,0.0,0.0,0.0,0.0,0.0,,,,,18473,global,0.4
2,3,lr5e-05_bs32_modL1_fusion32_fusionL1_fusionBN0_drop0p2__wd1e-04trmiss40_trlocglobal,32,5e-05,0.0001,1,32,1,False,0.2,lr5e-05_bs32_modL1_fusion32_fusionL1_fusionBN0_drop0p2__wd1e-04trmiss40_trlocglobal,45,0.5699244439601898,0.6864137351512909,0.6091269841269841,0.6069446666260393,0.5777777777777777,0.0,0.0,0.0,0.0,0.0,0.0,0.0,0.0,0.0,,,,,18473,global,0.4
2,3,lr5e-05_bs32_modL1_fusion32_fusionL1_fusionBN0_drop0p2__wd1e-04trmiss40_trlocglobal,32,5e-05,0.0001,1,32,1,False,0.2,lr5e-05_bs32_modL1_fusion32_fusionL1_fusionBN0_drop0p2__wd1e-04trmiss40_trlocglobal,46,0.5781853795051575,0.6861972212791443,0.6111111111111112,0.606097035907085,0.6,0.0,0.0,0.0,0.0,0.0,0.0,0.0,0.0,0.0,,,,,18473,global,0.4
2,3,lr5e-05_bs32_modL1_fusion32_fusionL1_fusionBN0_drop0p2__wd1e-04trmiss40_trlocglobal,32,5e-05,0.0001,1,32,1,False,0.2,lr5e-05_bs32_modL1_fusion32_fusionL1_fusionBN0_drop0p2__wd1e-04trmiss40_trlocglobal,47,0.5690250992774963,0.685809463262558,0.6091269841269841,0.6008886304928771,0.6,0.0,0.0,0.0,0.0,0.0,0.0,0.0,0.0,0.0,,,,,18473,global,0.4
2,3,lr5e-05_bs32_modL1_fusion32_fusionL1_fusionBN0_drop0p2__wd1e-04trmiss40_trlocglobal,32,5e-05,0.0001,1,32,1,False,0.2,lr5e-05_bs32_modL1_fusion32_fusionL1_fusionBN0_drop0p2__wd1e-04trmiss40_trlocglobal,48,0.5560440818468729,0.6862333714962006,0.6071428571428572,0.6059845701636714,0.6,0.0,0.0,0.0,0.0,0.0,0.0,0.0,0.0,0.0,,,,,18473,global,0.4
2,3,lr5e-05_bs32_modL1_fusion32_fusionL1_fusionBN0_drop0p2__wd1e-04trmiss40_trlocglobal,32,5e-05,0.0001,1,32,1,False,0.2,lr5e-05_bs32_modL1_fusion32_fusionL1_fusionBN0_drop0p2__wd1e-04trmiss40_trlocglobal,49,0.5628772477308909,0.6862702965736389,0.6091269841269842,0.6041454045829845,0.6,0.0,0.0,0.0,0.0,0.0,0.0,0.0,0.0,0.0,,,,,18473,global,0.4
2,3,lr5e-05_bs32_modL1_fusion32_fusionL1_fusionBN0_drop0p2__wd1e-04trmiss40_trlocglobal,32,5e-05,0.0001,1,32,1,False,0.2,lr5e-05_bs32_modL1_fusion32_fusionL1_fusionBN0_drop0p2__wd1e-04trmiss40_trlocglobal,50,0.5664133032162985,0.6863426566123962,0.6051587301587301,0.6044460135452783,0.6,0.0,0.0,0.0,0.0,0.0,0.0,0.0,0.0,0.0,,,,,18473,global,0.4
2,3,lr5e-05_bs32_modL1_fusion32_fusionL1_fusionBN0_drop0p2__wd1e-04trmiss40_trlocglobal,32,5e-05,0.0001,1,32,1,False,0.2,lr5e-05_bs32_modL1_fusion32_fusionL1_fusionBN0_drop0p2__wd1e-04trmiss40_trlocglobal,51,0.5604863266150156,0.6859055161476135,0.6051587301587301,0.6078062285990418,0.6,0.0,0.0,0.0,0.0,0.0,0.0,0.0,0.0,0.0,,,,,18473,global,0.4
2,3,lr5e-05_bs32_modL1_fusion32_fusionL1_fusionBN0_drop0p2__wd1e-04trmiss40_trlocglobal,32,5e-05,0.0001,1,32,1,False,0.2,lr5e-05_bs32_modL1_fusion32_fusionL1_fusionBN0_drop0p2__wd1e-04trmiss40_trlocglobal,52,0.5639188786347707,0.685086578130722,0.6071428571428572,0.6105255624597057,0.6,0.0,0.0,0.0,0.0,0.0,0.0,0.0,0.0,0.0,,,,,18473,global,0.4
2,3,lr5e-05_bs32_modL1_fusion32_fusionL1_fusionBN0_drop0p2__wd1e-04trmiss40_trlocglobal,32,5e-05,0.0001,1,32,1,False,0.2,lr5e-05_bs32_modL1_fusion32_fusionL1_fusionBN0_drop0p2__wd1e-04trmiss40_trlocglobal,53,0.5661527713139852,0.6851166486740112,0.6091269841269841,0.6104148580566162,0.6,0.0,0.0,0.0,0.0,0.0,0.0,0.0,0.0,0.0,,,,,18473,global,0.4
2,3,lr5e-05_bs32_modL1_fusion32_fusionL1_fusionBN0_drop0p2__wd1e-04trmiss40_trlocglobal,32,5e-05,0.0001,1,32,1,False,0.2,lr5e-05_bs32_modL1_fusion32_fusionL1_fusionBN0_drop0p2__wd1e-04trmiss40_trlocglobal,54,0.5673838158448538,0.6852431297302246,0.6130952380952381,0.6133502213044795,0.6,0.0,0.0,0.0,0.0,0.0,0.0,0.0,0.0,0.0,,,,,18473,global,0.4
2,3,lr5e-05_bs32_modL1_fusion32_fusionL1_fusionBN0_drop0p1__wd1e-04trmiss40_trlocglobal,32,5e-05,0.0001,1,32,1,False,0.1,lr5e-05_bs32_modL1_fusion32_fusionL1_fusionBN0_drop0p1__wd1e-04trmiss40_trlocglobal,1,0.6894848346710205,0.6999311149120331,0.45238095238095244,0.5237606738141942,0.5555555555555556,0.0,0.0,0.0,0.0,0.0,0.0,0.0,0.0,0.0,,,,,18473,global,0.4
2,3,lr5e-05_bs32_modL1_fusion32_fusionL1_fusionBN0_drop0p1__wd1e-04trmiss40_trlocglobal,32,5e-05,0.0001,1,32,1,False,0.1,lr5e-05_bs32_modL1_fusion32_fusionL1_fusionBN0_drop0p1__wd1e-04trmiss40_trlocglobal,2,0.6866728862126669,0.6995856165885925,0.4722222222222222,0.509405046516501,0.5555555555555556,0.0,0.0,0.0,0.0,0.0,0.0,0.0,0.0,0.0,,,,,18473,global,0.4
2,3,lr5e-05_bs32_modL1_fusion32_fusionL1_fusionBN0_drop0p1__wd1e-04trmiss40_trlocglobal,32,5e-05,0.0001,1,32,1,False,0.1,lr5e-05_bs32_modL1_fusion32_fusionL1_fusionBN0_drop0p1__wd1e-04trmiss40_trlocglobal,3,0.6792606016000112,0.6987566649913788,0.501984126984127,0.5277025188865266,0.6,0.0,0.0,0.0,0.0,0.0,0.0,0.0,0.0,0.0,,,,,18473,global,0.4
2,3,lr5e-05_bs32_modL1_fusion32_fusionL1_fusionBN0_drop0p1__wd1e-04trmiss40_trlocglobal,32,5e-05,0.0001,1,32,1,False,0.1,lr5e-05_bs32_modL1_fusion32_fusionL1_fusionBN0_drop0p1__wd1e-04trmiss40_trlocglobal,4,0.6677336394786835,0.6977548897266388,0.5238095238095238,0.5540258490817609,0.6222222222222222,0.0,0.0,0.0,0.0,0.0,0.0,0.0,0.0,0.0,,,,,18473,global,0.4
2,3,lr5e-05_bs32_modL1_fusion32_fusionL1_fusionBN0_drop0p1__wd1e-04trmiss40_trlocglobal,32,5e-05,0.0001,1,32,1,False,0.1,lr5e-05_bs32_modL1_fusion32_fusionL1_fusionBN0_drop0p1__wd1e-04trmiss40_trlocglobal,5,0.664842297633489,0.697229653596878,0.5396825396825397,0.563893563021662,0.6222222222222222,0.0,0.0,0.0,0.0,0.0,0.0,0.0,0.0,0.0,,,,,18473,global,0.4
2,3,lr5e-05_bs32_modL1_fusion32_fusionL1_fusionBN0_drop0p1__wd1e-04trmiss40_trlocglobal,32,5e-05,0.0001,1,32,1,False,0.1,lr5e-05_bs32_modL1_fusion32_fusionL1_fusionBN0_drop0p1__wd1e-04trmiss40_trlocglobal,6,0.6560919980208079,0.6968949139118195,0.5297619047619048,0.5669277067671102,0.6444444444444445,0.0,0.0,0.0,0.0,0.0,0.0,0.0,0.0,0.0,,,,,18473,global,0.4
2,3,lr5e-05_bs32_modL1_fusion32_fusionL1_fusionBN0_drop0p1__wd1e-04trmiss40_trlocglobal,32,5e-05,0.0001,1,32,1,False,0.1,lr5e-05_bs32_modL1_fusion32_fusionL1_fusionBN0_drop0p1__wd1e-04trmiss40_trlocglobal,7,0.642586886882782,0.6963357329368591,0.5416666666666667,0.5792112001786996,0.6444444444444445,0.0,0.0,0.0,0.0,0.0,0.0,0.0,0.0,0.0,,,,,18473,global,0.4
2,3,lr5e-05_bs32_modL1_fusion32_fusionL1_fusionBN0_drop0p1__wd1e-04trmiss40_trlocglobal,32,5e-05,0.0001,1,32,1,False,0.1,lr5e-05_bs32_modL1_fusion32_fusionL1_fusionBN0_drop0p1__wd1e-04trmiss40_trlocglobal,8,0.6435200472672781,0.6960329711437225,0.5396825396825398,0.5718287656484323,0.6444444444444445,0.0,0.0,0.0,0.0,0.0,0.0,0.0,0.0,0.0,,,,,18473,global,0.4
2,3,lr5e-05_bs32_modL1_fusion32_fusionL1_fusionBN0_drop0p1__wd1e-04trmiss40_trlocglobal,32,5e-05,0.0001,1,32,1,False,0.1,lr5e-05_bs32_modL1_fusion32_fusionL1_fusionBN0_drop0p1__wd1e-04trmiss40_trlocglobal,9,0.6436034242312113,0.6960744857788086,0.5376984126984127,0.5803658639269098,0.6444444444444445,0.0,0.0,0.0,0.0,0.0,0.0,0.0,0.0,0.0,,,,,18473,global,0.4
2,3,lr5e-05_bs32_modL1_fusion32_fusionL1_fusionBN0_drop0p1__wd1e-04trmiss40_trlocglobal,32,5e-05,0.0001,1,32,1,False,0.1,lr5e-05_bs32_modL1_fusion32_fusionL1_fusionBN0_drop0p1__wd1e-04trmiss40_trlocglobal,10,0.6366067330042521,0.6951581537723541,0.5535714285714286,0.5950316421476797,0.6444444444444445,0.0,0.0,0.0,0.0,0.0,0.0,0.0,0.0,0.0,,,,,18473,global,0.4
2,3,lr5e-05_bs32_modL1_fusion32_fusionL1_fusionBN0_drop0p1__wd1e-04trmiss40_trlocglobal,32,5e-05,0.0001,1,32,1,False,0.1,lr5e-05_bs32_modL1_fusion32_fusionL1_fusionBN0_drop0p1__wd1e-04trmiss40_trlocglobal,11,0.6278138558069865,0.6951413154602051,0.5575396825396826,0.5956751477413127,0.6444444444444445,0.0,0.0,0.0,0.0,0.0,0.0,0.0,0.0,0.0,,,,,18473,global,0.4
2,3,lr5e-05_bs32_modL1_fusion32_fusionL1_fusionBN0_drop0p1__wd1e-04trmiss40_trlocglobal,32,5e-05,0.0001,1,32,1,False,0.1,lr5e-05_bs32_modL1_fusion32_fusionL1_fusionBN0_drop0p1__wd1e-04trmiss40_trlocglobal,12,0.6276528040568033,0.6958274245262146,0.5674603174603174,0.6024324277021429,0.6444444444444445,0.0,0.0,0.0,0.0,0.0,0.0,0.0,0.0,0.0,,,,,18473,global,0.4
2,3,lr5e-05_bs32_modL1_fusion32_fusionL1_fusionBN0_drop0p1__wd1e-04trmiss40_trlocglobal,32,5e-05,0.0001,1,32,1,False,0.1,lr5e-05_bs32_modL1_fusion32_fusionL1_fusionBN0_drop0p1__wd1e-04trmiss40_trlocglobal,13,0.6200836300849915,0.6951279044151306,0.5694444444444444,0.5764402050555086,0.6444444444444445,0.0,0.0,0.0,0.0,0.0,0.0,0.0,0.0,0.0,,,,,18473,global,0.4
2,3,lr5e-05_bs32_modL1_fusion32_fusionL1_fusionBN0_drop0p1__wd1e-04trmiss40_trlocglobal,32,5e-05,0.0001,1,32,1,False,0.1,lr5e-05_bs32_modL1_fusion32_fusionL1_fusionBN0_drop0p1__wd1e-04trmiss40_trlocglobal,14,0.6190252502759298,0.695181131362915,0.5734126984126984,0.5768356703113562,0.6444444444444445,0.0,0.0,0.0,0.0,0.0,0.0,0.0,0.0,0.0,,,,,18473,global,0.4
2,3,lr5e-05_bs32_modL1_fusion32_fusionL1_fusionBN0_drop0p1__wd1e-04trmiss40_trlocglobal,32,5e-05,0.0001,1,32,1,False,0.1,lr5e-05_bs32_modL1_fusion32_fusionL1_fusionBN0_drop0p1__wd1e-04trmiss40_trlocglobal,15,0.6137221256891886,0.6940936744213104,0.5873015873015872,0.5802963881469838,0.6444444444444445,0.0,0.0,0.0,0.0,0.0,0.0,0.0,0.0,0.0,,,,,18473,global,0.4
2,3,lr5e-05_bs32_modL1_fusion32_fusionL1_fusionBN0_drop0p1__wd1e-04trmiss40_trlocglobal,32,5e-05,0.0001,1,32,1,False,0.1,lr5e-05_bs32_modL1_fusion32_fusionL1_fusionBN0_drop0p1__wd1e-04trmiss40_trlocglobal,16,0.6129136085510254,0.6941431164741516,0.5873015873015873,0.5766592702221085,0.6666666666666666,0.0,0.0,0.0,0.0,0.0,0.0,0.0,0.0,0.0,,,,,18473,global,0.4
2,3,lr5e-05_bs32_modL1_fusion32_fusionL1_fusionBN0_drop0p1__wd1e-04trmiss40_trlocglobal,32,5e-05,0.0001,1,32,1,False,0.1,lr5e-05_bs32_modL1_fusion32_fusionL1_fusionBN0_drop0p1__wd1e-04trmiss40_trlocglobal,17,0.6011135975519816,0.6933920681476593,0.5892857142857143,0.5765893957811039,0.6666666666666666,0.0,0.0,0.0,0.0,0.0,0.0,0.0,0.0,0.0,,,,,18473,global,0.4
2,3,lr5e-05_bs32_modL1_fusion32_fusionL1_fusionBN0_drop0p1__wd1e-04trmiss40_trlocglobal,32,5e-05,0.0001,1,32,1,False,0.1,lr5e-05_bs32_modL1_fusion32_fusionL1_fusionBN0_drop0p1__wd1e-04trmiss40_trlocglobal,18,0.6039923429489136,0.6930848062038422,0.5853174603174603,0.5745218452760534,0.7333333333333333,0.0,0.0,0.0,0.0,0.0,0.0,0.0,0.0,0.0,,,,,18473,global,0.4
2,3,lr5e-05_bs32_modL1_fusion32_fusionL1_fusionBN0_drop0p1__wd1e-04trmiss40_trlocglobal,32,5e-05,0.0001,1,32,1,False,0.1,lr5e-05_bs32_modL1_fusion32_fusionL1_fusionBN0_drop0p1__wd1e-04trmiss40_trlocglobal,19,0.5987639725208282,0.6934724748134613,0.5873015873015873,0.5766629303118753,0.7111111111111111,0.0,0.0,0.0,0.0,0.0,0.0,0.0,0.0,0.0,,,,,18473,global,0.4
2,3,lr5e-05_bs32_modL1_fusion32_fusionL1_fusionBN0_drop0p1__wd1e-04trmiss40_trlocglobal,32,5e-05,0.0001,1,32,1,False,0.1,lr5e-05_bs32_modL1_fusion32_fusionL1_fusionBN0_drop0p1__wd1e-04trmiss40_trlocglobal,20,0.604018876949946,0.6922513842582703,0.5853174603174603,0.5736867398356849,0.7111111111111111,0.0,0.0,0.0,0.0,0.0,0.0,0.0,0.0,0.0,,,,,18473,global,0.4
2,3,lr5e-05_bs32_modL1_fusion32_fusionL1_fusionBN0_drop0p1__wd1e-04trmiss40_trlocglobal,32,5e-05,0.0001,1,32,1,False,0.1,lr5e-05_bs32_modL1_fusion32_fusionL1_fusionBN0_drop0p1__wd1e-04trmiss40_trlocglobal,21,0.5993611315886179,0.691343754529953,0.5873015873015873,0.5785169242711324,0.7333333333333333,0.0,0.0,0.0,0.0,0.0,0.0,0.0,0.0,0.0,,,,,18473,global,0.4
2,3,lr5e-05_bs32_modL1_fusion32_fusionL1_fusionBN0_drop0p1__wd1e-04trmiss40_trlocglobal,32,5e-05,0.0001,1,32,1,False,0.1,lr5e-05_bs32_modL1_fusion32_fusionL1_fusionBN0_drop0p1__wd1e-04trmiss40_trlocglobal,22,0.5857600371042887,0.6899759769439697,0.5813492063492064,0.570853233794942,0.7333333333333333,0.0,0.0,0.0,0.0,0.0,0.0,0.0,0.0,0.0,,,,,18473,global,0.4
2,3,lr5e-05_bs32_modL1_fusion32_fusionL1_fusionBN0_drop0p1__wd1e-04trmiss40_trlocglobal,32,5e-05,0.0001,1,32,1,False,0.1,lr5e-05_bs32_modL1_fusion32_fusionL1_fusionBN0_drop0p1__wd1e-04trmiss40_trlocglobal,23,0.5876307586828867,0.6894539594650269,0.5912698412698413,0.5752862182558154,0.7111111111111111,0.0,0.0,0.0,0.0,0.0,0.0,0.0,0.0,0.0,,,,,18473,global,0.4
2,3,lr5e-05_bs32_modL1_fusion32_fusionL1_fusionBN0_drop0p1__wd1e-04trmiss40_trlocglobal,32,5e-05,0.0001,1,32,1,False,0.1,lr5e-05_bs32_modL1_fusion32_fusionL1_fusionBN0_drop0p1__wd1e-04trmiss40_trlocglobal,24,0.5773917436599731,0.6899399757385254,0.5932539682539683,0.579840929254025,0.6888888888888889,0.0,0.0,0.0,0.0,0.0,0.0,0.0,0.0,0.0,,,,,18473,global,0.4
2,3,lr5e-05_bs32_modL1_fusion32_fusionL1_fusionBN0_drop0p1__wd1e-04trmiss40_trlocglobal,32,5e-05,0.0001,1,32,1,False,0.1,lr5e-05_bs32_modL1_fusion32_fusionL1_fusionBN0_drop0p1__wd1e-04trmiss40_trlocglobal,25,0.579726497332255,0.6901274621486664,0.5912698412698413,0.5762061944236379,0.7333333333333333,0.0,0.0,0.0,0.0,0.0,0.0,0.0,0.0,0.0,,,,,18473,global,0.4
2,3,lr5e-05_bs32_modL1_fusion32_fusionL1_fusionBN0_drop0p1__wd1e-04trmiss40_trlocglobal,32,5e-05,0.0001,1,32,1,False,0.1,lr5e-05_bs32_modL1_fusion32_fusionL1_fusionBN0_drop0p1__wd1e-04trmiss40_trlocglobal,26,0.580009788274765,0.6889908611774445,0.6031746031746033,0.5837064764483764,0.7111111111111111,0.0,0.0,0.0,0.0,0.0,0.0,0.0,0.0,0.0,,,,,18473,global,0.4
2,3,lr5e-05_bs32_modL1_fusion32_fusionL1_fusionBN0_drop0p1__wd1e-04trmiss40_trlocglobal,32,5e-05,0.0001,1,32,1,False,0.1,lr5e-05_bs32_modL1_fusion32_fusionL1_fusionBN0_drop0p1__wd1e-04trmiss40_trlocglobal,27,0.5752581258614858,0.6871287822723389,0.5992063492063492,0.583543210466612,0.6666666666666666,0.0,0.0,0.0,0.0,0.0,0.0,0.0,0.0,0.0,,,,,18473,global,0.4
2,3,lr5e-05_bs32_modL1_fusion32_fusionL1_fusionBN0_drop0p1__wd1e-04trmiss40_trlocglobal,32,5e-05,0.0001,1,32,1,False,0.1,lr5e-05_bs32_modL1_fusion32_fusionL1_fusionBN0_drop0p1__wd1e-04trmiss40_trlocglobal,28,0.5828422009944916,0.6861060857772827,0.5972222222222222,0.6020514021123811,0.7111111111111111,0.0,0.0,0.0,0.0,0.0,0.0,0.0,0.0,0.0,,,,,18473,global,0.4
2,3,lr5e-05_bs32_modL1_fusion32_fusionL1_fusionBN0_drop0p1__wd1e-04trmiss40_trlocglobal,32,5e-05,0.0001,1,32,1,False,0.1,lr5e-05_bs32_modL1_fusion32_fusionL1_fusionBN0_drop0p1__wd1e-04trmiss40_trlocglobal,29,0.575153261423111,0.6867428719997406,0.6051587301587302,0.6095054411971492,0.6888888888888889,0.0,0.0,0.0,0.0,0.0,0.0,0.0,0.0,0.0,,,,,18473,global,0.4
2,3,lr5e-05_bs32_modL1_fusion32_fusionL1_fusionBN0_drop0p1__wd1e-04trmiss40_trlocglobal,32,5e-05,0.0001,1,32,1,False,0.1,lr5e-05_bs32_modL1_fusion32_fusionL1_fusionBN0_drop0p1__wd1e-04trmiss40_trlocglobal,30,0.5666177272796631,0.687490701675415,0.6091269841269842,0.6198376675220226,0.6888888888888889,0.0,0.0,0.0,0.0,0.0,0.0,0.0,0.0,0.0,,,,,18473,global,0.4
2,3,lr5e-05_bs32_modL1_fusion32_fusionL1_fusionBN0_drop0p1__wd1e-04trmiss40_trlocglobal,32,5e-05,0.0001,1,32,1,False,0.1,lr5e-05_bs32_modL1_fusion32_fusionL1_fusionBN0_drop0p1__wd1e-04trmiss40_trlocglobal,31,0.5545562009016672,0.6864951550960541,0.6091269841269842,0.6220194114317078,0.6444444444444445,0.0,0.0,0.0,0.0,0.0,0.0,0.0,0.0,0.0,,,,,18473,global,0.4
2,3,lr5e-05_bs32_modL1_fusion32_fusionL1_fusionBN0_drop0p1__wd1e-04trmiss40_trlocglobal,32,5e-05,0.0001,1,32,1,False,0.1,lr5e-05_bs32_modL1_fusion32_fusionL1_fusionBN0_drop0p1__wd1e-04trmiss40_trlocglobal,32,0.5504272778828939,0.6863466799259186,0.6111111111111112,0.6213210942260375,0.6666666666666666,0.0,0.0,0.0,0.0,0.0,0.0,0.0,0.0,0.0,,,,,18473,global,0.4
2,3,lr5e-05_bs32_modL1_fusion32_fusionL1_fusionBN0_drop0p1__wd1e-04trmiss40_trlocglobal,32,5e-05,0.0001,1,32,1,False,0.1,lr5e-05_bs32_modL1_fusion32_fusionL1_fusionBN0_drop0p1__wd1e-04trmiss40_trlocglobal,33,0.5613976220289866,0.6849642992019653,0.5992063492063492,0.6086782265942751,0.6444444444444445,0.0,0.0,0.0,0.0,0.0,0.0,0.0,0.0,0.0,,,,,18473,global,0.4
2,3,lr5e-05_bs32_modL1_fusion32_fusionL1_fusionBN0_drop0p1__wd1e-04trmiss40_trlocglobal,32,5e-05,0.0001,1,32,1,False,0.1,lr5e-05_bs32_modL1_fusion32_fusionL1_fusionBN0_drop0p1__wd1e-04trmiss40_trlocglobal,34,0.5550055801868439,0.6858541071414948,0.5992063492063492,0.6092909099564934,0.6444444444444445,0.0,0.0,0.0,0.0,0.0,0.0,0.0,0.0,0.0,,,,,18473,global,0.4
2,3,lr5e-05_bs32_modL1_fusion32_fusionL1_fusionBN0_drop0p1__wd1e-04trmiss40_trlocglobal,32,5e-05,0.0001,1,32,1,False,0.1,lr5e-05_bs32_modL1_fusion32_fusionL1_fusionBN0_drop0p1__wd1e-04trmiss40_trlocglobal,35,0.5508715808391571,0.6854313611984253,0.6051587301587302,0.6167989932710284,0.6444444444444445,0.0,0.0,0.0,0.0,0.0,0.0,0.0,0.0,0.0,,,,,18473,global,0.4
2,3,lr5e-05_bs32_modL1_fusion32_fusionL1_fusionBN0_drop0p1__wd1e-04trmiss40_trlocglobal,32,5e-05,0.0001,1,32,1,False,0.1,lr5e-05_bs32_modL1_fusion32_fusionL1_fusionBN0_drop0p1__wd1e-04trmiss40_trlocglobal,36,0.5442752440770467,0.6849469542503357,0.5992063492063492,0.6095531477187311,0.6444444444444445,0.0,0.0,0.0,0.0,0.0,0.0,0.0,0.0,0.0,,,,,18473,global,0.4
2,3,lr5e-05_bs32_modL1_fusion32_fusionL1_fusionBN0_drop0p1__wd1e-04trmiss40_trlocglobal,32,5e-05,0.0001,1,32,1,False,0.1,lr5e-05_bs32_modL1_fusion32_fusionL1_fusionBN0_drop0p1__wd1e-04trmiss40_trlocglobal,37,0.5460696915785471,0.6837238967418671,0.6051587301587302,0.6188860601766437,0.6222222222222222,0.0,0.0,0.0,0.0,0.0,0.0,0.0,0.0,0.0,,,,,18473,global,0.4
2,3,lr5e-05_bs32_modL1_fusion32_fusionL1_fusionBN0_drop0p1__wd1e-04trmiss40_trlocglobal,32,5e-05,0.0001,1,32,1,False,0.1,lr5e-05_bs32_modL1_fusion32_fusionL1_fusionBN0_drop0p1__wd1e-04trmiss40_trlocglobal,38,0.5391093293825785,0.684392124414444,0.6071428571428572,0.6248179156774647,0.6222222222222222,0.0,0.0,0.0,0.0,0.0,0.0,0.0,0.0,0.0,,,,,18473,global,0.4
2,3,lr5e-05_bs32_modL1_fusion32_fusionL1_fusionBN0_drop0p1__wd1e-04trmiss40_trlocglobal,32,5e-05,0.0001,1,32,1,False,0.1,lr5e-05_bs32_modL1_fusion32_fusionL1_fusionBN0_drop0p1__wd1e-04trmiss40_trlocglobal,39,0.5388496319452921,0.6844940185546875,0.6051587301587301,0.6271597371909504,0.6,0.0,0.0,0.0,0.0,0.0,0.0,0.0,0.0,0.0,,,,,18473,global,0.4
2,3,lr5e-05_bs32_modL1_fusion32_fusionL1_fusionBN0_drop0p1__wd1e-04trmiss40_trlocglobal,32,5e-05,0.0001,1,32,1,False,0.1,lr5e-05_bs32_modL1_fusion32_fusionL1_fusionBN0_drop0p1__wd1e-04trmiss40_trlocglobal,40,0.5338248908519745,0.6844939589500427,0.6011904761904762,0.6124975971071461,0.6,0.0,0.0,0.0,0.0,0.0,0.0,0.0,0.0,0.0,,,,,18473,global,0.4
2,3,lr5e-05_bs32_modL1_fusion32_fusionL1_fusionBN0_drop0p1__wd1e-04trmiss40_trlocglobal,32,5e-05,0.0001,1,32,1,False,0.1,lr5e-05_bs32_modL1_fusion32_fusionL1_fusionBN0_drop0p1__wd1e-04trmiss40_trlocglobal,41,0.5341191987196604,0.6844197809696198,0.6031746031746031,0.6113214121809613,0.5777777777777777,0.0,0.0,0.0,0.0,0.0,0.0,0.0,0.0,0.0,,,,,18473,global,0.4
2,3,lr5e-05_bs32_modL1_fusion32_fusionL1_fusionBN0_drop0p1__wd1e-04trmiss40_trlocglobal,32,5e-05,0.0001,1,32,1,False,0.1,lr5e-05_bs32_modL1_fusion32_fusionL1_fusionBN0_drop0p1__wd1e-04trmiss40_trlocglobal,42,0.5299816826979319,0.6834417879581451,0.6071428571428571,0.6157408297911683,0.5777777777777777,0.0,0.0,0.0,0.0,0.0,0.0,0.0,0.0,0.0,,,,,18473,global,0.4
2,3,lr5e-05_bs32_modL1_fusion32_fusionL1_fusionBN0_drop0p1__wd1e-04trmiss40_trlocglobal,32,5e-05,0.0001,1,32,1,False,0.1,lr5e-05_bs32_modL1_fusion32_fusionL1_fusionBN0_drop0p1__wd1e-04trmiss40_trlocglobal,43,0.5378445188204447,0.6828555464744568,0.6031746031746033,0.6110795849265875,0.6,0.0,0.0,0.0,0.0,0.0,0.0,0.0,0.0,0.0,,,,,18473,global,0.4
2,3,lr5e-05_bs32_modL1_fusion32_fusionL1_fusionBN0_drop0p1__wd1e-04trmiss40_trlocglobal,32,5e-05,0.0001,1,32,1,False,0.1,lr5e-05_bs32_modL1_fusion32_fusionL1_fusionBN0_drop0p1__wd1e-04trmiss40_trlocglobal,44,0.5279117226600647,0.6831634342670441,0.6071428571428572,0.6135825610165202,0.6,0.0,0.0,0.0,0.0,0.0,0.0,0.0,0.0,0.0,,,,,18473,global,0.4
2,3,lr5e-05_bs32_modL1_fusion32_fusionL1_fusionBN0_drop0p1__wd1e-04trmiss40_trlocglobal,32,5e-05,0.0001,1,32,1,False,0.1,lr5e-05_bs32_modL1_fusion32_fusionL1_fusionBN0_drop0p1__wd1e-04trmiss40_trlocglobal,45,0.53128249446551,0.6830040514469147,0.6091269841269842,0.617749227683187,0.6,0.0,0.0,0.0,0.0,0.0,0.0,0.0,0.0,0.0,,,,,18473,global,0.4
2,3,lr5e-05_bs32_modL1_fusion32_fusionL1_fusionBN0_drop0p1__wd1e-04trmiss40_trlocglobal,32,5e-05,0.0001,1,32,1,False,0.1,lr5e-05_bs32_modL1_fusion32_fusionL1_fusionBN0_drop0p1__wd1e-04trmiss40_trlocglobal,46,0.5297574996948242,0.6831700801849365,0.6031746031746033,0.6157586743768441,0.5777777777777777,0.0,0.0,0.0,0.0,0.0,0.0,0.0,0.0,0.0,,,,,18473,global,0.4
2,3,lr5e-05_bs32_modL1_fusion32_fusionL1_fusionBN0_drop0p1__wd1e-04trmiss40_trlocglobal,32,5e-05,0.0001,1,32,1,False,0.1,lr5e-05_bs32_modL1_fusion32_fusionL1_fusionBN0_drop0p1__wd1e-04trmiss40_trlocglobal,47,0.5227729082107544,0.6833443939685822,0.6011904761904762,0.6155602616784314,0.6,0.0,0.0,0.0,0.0,0.0,0.0,0.0,0.0,0.0,,,,,18473,global,0.4
2,3,lr5e-05_bs32_modL1_fusion32_fusionL1_fusionBN0_drop0p1__wd1e-04trmiss40_trlocglobal,32,5e-05,0.0001,1,32,1,False,0.1,lr5e-05_bs32_modL1_fusion32_fusionL1_fusionBN0_drop0p1__wd1e-04trmiss40_trlocglobal,48,0.5221867710351944,0.6836600005626678,0.5992063492063492,0.6098524278455976,0.6,0.0,0.0,0.0,0.0,0.0,0.0,0.0,0.0,0.0,,,,,18473,global,0.4
2,3,lr5e-05_bs32_modL1_fusion32_fusionL1_fusionBN0_drop0p1__wd1e-04trmiss40_trlocglobal,32,5e-05,0.0001,1,32,1,False,0.1,lr5e-05_bs32_modL1_fusion32_fusionL1_fusionBN0_drop0p1__wd1e-04trmiss40_trlocglobal,49,0.521398107210795,0.6834467351436615,0.6051587301587301,0.6207651262582959,0.6,0.0,0.0,0.0,0.0,0.0,0.0,0.0,0.0,0.0,,,,,18473,global,0.4
2,3,lr5e-05_bs32_modL1_fusion32_fusionL1_fusionBN0_drop0p1__wd1e-04trmiss40_trlocglobal,32,5e-05,0.0001,1,32,1,False,0.1,lr5e-05_bs32_modL1_fusion32_fusionL1_fusionBN0_drop0p1__wd1e-04trmiss40_trlocglobal,50,0.5167515724897385,0.6818629503250122,0.6130952380952381,0.6270096822317174,0.6,0.0,0.0,0.0,0.0,0.0,0.0,0.0,0.0,0.0,,,,,18473,global,0.4
2,3,lr5e-05_bs32_modL1_fusion32_fusionL1_fusionBN0_drop0p1__wd1e-04trmiss40_trlocglobal,32,5e-05,0.0001,1,32,1,False,0.1,lr5e-05_bs32_modL1_fusion32_fusionL1_fusionBN0_drop0p1__wd1e-04trmiss40_trlocglobal,51,0.5107804437478384,0.6819632351398468,0.6091269841269842,0.6243699346044836,0.5555555555555556,0.0,0.0,0.0,0.0,0.0,0.0,0.0,0.0,0.0,,,,,18473,global,0.4
2,3,lr5e-05_bs32_modL1_fusion32_fusionL1_fusionBN0_drop0p1__wd1e-04trmiss40_trlocglobal,32,5e-05,0.0001,1,32,1,False,0.1,lr5e-05_bs32_modL1_fusion32_fusionL1_fusionBN0_drop0p1__wd1e-04trmiss40_trlocglobal,52,0.5129250387350718,0.6821545362472534,0.6130952380952381,0.6330822833168324,0.5555555555555556,0.0,0.0,0.0,0.0,0.0,0.0,0.0,0.0,0.0,,,,,18473,global,0.4
2,3,lr5e-05_bs32_modL1_fusion32_fusionL1_fusionBN0_drop0p1__wd1e-04trmiss40_trlocglobal,32,5e-05,0.0001,1,32,1,False,0.1,lr5e-05_bs32_modL1_fusion32_fusionL1_fusionBN0_drop0p1__wd1e-04trmiss40_trlocglobal,53,0.5185342033704122,0.682295024394989,0.6130952380952381,0.6332450834796325,0.5555555555555556,0.0,0.0,0.0,0.0,0.0,0.0,0.0,0.0,0.0,,,,,18473,global,0.4
2,3,lr5e-05_bs32_modL1_fusion32_fusionL1_fusionBN0_drop0p1__wd1e-04trmiss40_trlocglobal,32,5e-05,0.0001,1,32,1,False,0.1,lr5e-05_bs32_modL1_fusion32_fusionL1_fusionBN0_drop0p1__wd1e-04trmiss40_trlocglobal,54,0.5045059124628702,0.681870698928833,0.6091269841269842,0.6308890347081425,0.5555555555555556,0.0,0.0,0.0,0.0,0.0,0.0,0.0,0.0,0.0,,,,,18473,global,0.4
2,3,lr5e-05_bs32_modL1_fusion32_fusionL1_fusionBN0_drop0p1__wd1e-04trmiss40_trlocglobal,32,5e-05,0.0001,1,32,1,False,0.1,lr5e-05_bs32_modL1_fusion32_fusionL1_fusionBN0_drop0p1__wd1e-04trmiss40_trlocglobal,55,0.5034816414117813,0.681760847568512,0.6051587301587301,0.6283640488008037,0.5555555555555556,0.0,0.0,0.0,0.0,0.0,0.0,0.0,0.0,0.0,,,,,18473,global,0.4
2,3,lr5e-05_bs32_modL1_fusion32_fusionL1_fusionBN0_drop0p1__wd1e-04trmiss40_trlocglobal,32,5e-05,0.0001,1,32,1,False,0.1,lr5e-05_bs32_modL1_fusion32_fusionL1_fusionBN0_drop0p1__wd1e-04trmiss40_trlocglobal,56,0.5108189880847931,0.6811231970787048,0.6071428571428572,0.6241913594259084,0.5555555555555556,0.0,0.0,0.0,0.0,0.0,0.0,0.0,0.0,0.0,,,,,18473,global,0.4
2,3,lr5e-05_bs32_modL1_fusion32_fusionL1_fusionBN0_drop0p1__wd1e-04trmiss40_trlocglobal,32,5e-05,0.0001,1,32,1,False,0.1,lr5e-05_bs32_modL1_fusion32_fusionL1_fusionBN0_drop0p1__wd1e-04trmiss40_trlocglobal,57,0.5153007258971533,0.6822157502174377,0.6011904761904762,0.6168436349825958,0.5555555555555556,0.0,0.0,0.0,0.0,0.0,0.0,0.0,0.0,0.0,,,,,18473,global,0.4
2,3,lr5e-05_bs32_modL1_fusion32_fusionL1_fusionBN0_drop0p1__wd1e-04trmiss40_trlocglobal,32,5e-05,0.0001,1,32,1,False,0.1,lr5e-05_bs32_modL1_fusion32_fusionL1_fusionBN0_drop0p1__wd1e-04trmiss40_trlocglobal,58,0.5084039717912674,0.6823613941669464,0.6051587301587302,0.6205884930656892,0.5555555555555556,0.0,0.0,0.0,0.0,0.0,0.0,0.0,0.0,0.0,,,,,18473,global,0.4
2,3,lr5e-05_bs32_modL1_fusion32_fusionL1_fusionBN0_drop0p1__wd1e-04trmiss40_trlocglobal,32,5e-05,0.0001,1,32,1,False,0.1,lr5e-05_bs32_modL1_fusion32_fusionL1_fusionBN0_drop0p1__wd1e-04trmiss40_trlocglobal,59,0.5092503825823466,0.6818922758102417,0.6051587301587302,0.6209250199178094,0.5555555555555556,0.0,0.0,0.0,0.0,0.0,0.0,0.0,0.0,0.0,,,,,18473,global,0.4
2,3,lr5e-05_bs32_modL1_fusion32_fusionL1_fusionBN0_drop0p1__wd1e-04trmiss40_trlocglobal,32,5e-05,0.0001,1,32,1,False,0.1,lr5e-05_bs32_modL1_fusion32_fusionL1_fusionBN0_drop0p1__wd1e-04trmiss40_trlocglobal,60,0.5047510912021002,0.6832277774810791,0.6031746031746033,0.6200251197278482,0.5555555555555556,0.0,0.0,0.0,0.0,0.0,0.0,0.0,0.0,0.0,,,,,18473,global,0.4
2,3,lr5e-05_bs32_modL1_fusion32_fusionL1_fusionBN0_drop0p1__wd1e-04trmiss40_trlocglobal,32,5e-05,0.0001,1,32,1,False,0.1,lr5e-05_bs32_modL1_fusion32_fusionL1_fusionBN0_drop0p1__wd1e-04trmiss40_trlocglobal,61,0.5099002520243326,0.6838795244693756,0.6011904761904763,0.6172858573562329,0.5555555555555556,0.0,0.0,0.0,0.0,0.0,0.0,0.0,0.0,0.0,,,,,18473,global,0.4
2,3,lr5e-05_bs32_modL1_fusion32_fusionL1_fusionBN0_drop0p1__wd1e-04trmiss40_trlocglobal,32,5e-05,0.0001,1,32,1,False,0.1,lr5e-05_bs32_modL1_fusion32_fusionL1_fusionBN0_drop0p1__wd1e-04trmiss40_trlocglobal,62,0.5068278362353643,0.6836044490337372,0.6071428571428572,0.6264936275553824,0.5555555555555556,0.0,0.0,0.0,0.0,0.0,0.0,0.0,0.0,0.0,,,,,18473,global,0.4
2,3,lr5e-05_bs32_modL1_fusion32_fusionL1_fusionBN0_drop0p1__wd1e-04trmiss40_trlocglobal,32,5e-05,0.0001,1,32,1,False,0.1,lr5e-05_bs32_modL1_fusion32_fusionL1_fusionBN0_drop0p1__wd1e-04trmiss40_trlocglobal,63,0.5031054814656576,0.6830919086933136,0.6091269841269842,0.6280683600124679,0.5555555555555556,0.0,0.0,0.0,0.0,0.0,0.0,0.0,0.0,0.0,,,,,18473,global,0.4
2,3,lr5e-05_bs32_modL1_fusion32_fusionL1_fusionBN0_drop0p1__wd1e-04trmiss40_trlocglobal,32,5e-05,0.0001,1,32,1,False,0.1,lr5e-05_bs32_modL1_fusion32_fusionL1_fusionBN0_drop0p1__wd1e-04trmiss40_trlocglobal,64,0.5034165978431702,0.6826252639293671,0.6071428571428572,0.6264936275553824,0.5555555555555556,0.0,0.0,0.0,0.0,0.0,0.0,0.0,0.0,0.0,,,,,18473,global,0.4
2,3,lr5e-05_bs32_modL1_fusion32_fusionL1_fusionBN0_drop0p1__wd1e-04trmiss40_trlocglobal,32,5e-05,0.0001,1,32,1,False,0.1,lr5e-05_bs32_modL1_fusion32_fusionL1_fusionBN0_drop0p1__wd1e-04trmiss40_trlocglobal,65,0.4946002463499705,0.6814824640750885,0.6150793650793651,0.6319808268559691,0.5555555555555556,0.0,0.0,0.0,0.0,0.0,0.0,0.0,0.0,0.0,,,,,18473,global,0.4
2,3,lr5e-05_bs32_modL1_fusion32_fusionL1_fusionBN0_drop0p1__wd1e-04trmiss40_trlocglobal,32,5e-05,0.0001,1,32,1,False,0.1,lr5e-05_bs32_modL1_fusion32_fusionL1_fusionBN0_drop0p1__wd1e-04trmiss40_trlocglobal,66,0.499997819463412,0.6818994283676147,0.6091269841269842,0.6294698180315729,0.5555555555555556,0.0,0.0,0.0,0.0,0.0,0.0,0.0,0.0,0.0,,,,,18473,global,0.4
2,3,lr5e-05_bs32_modL1_fusion32_fusionL1_fusionBN0_drop0p1__wd1e-04trmiss40_trlocglobal,32,5e-05,0.0001,1,32,1,False,0.1,lr5e-05_bs32_modL1_fusion32_fusionL1_fusionBN0_drop0p1__wd1e-04trmiss40_trlocglobal,67,0.4990395853916804,0.6817084848880768,0.6091269841269842,0.6278781569929809,0.5555555555555556,0.0,0.0,0.0,0.0,0.0,0.0,0.0,0.0,0.0,,,,,18473,global,0.4
2,3,lr5e-05_bs32_modL1_fusion32_fusionL1_fusionBN0_drop0p1__wd1e-04trmiss40_trlocglobal,32,5e-05,0.0001,1,32,1,False,0.1,lr5e-05_bs32_modL1_fusion32_fusionL1_fusionBN0_drop0p1__wd1e-04trmiss40_trlocglobal,68,0.5039221445719401,0.6818048059940338,0.6051587301587301,0.6260717093645225,0.5555555555555556,0.0,0.0,0.0,0.0,0.0,0.0,0.0,0.0,0.0,,,,,18473,global,0.4
2,3,lr5e-05_bs32_modL1_fusion32_fusionL1_fusionBN0_drop0p1__wd1e-04trmiss40_trlocglobal,32,5e-05,0.0001,1,32,1,False,0.1,lr5e-05_bs32_modL1_fusion32_fusionL1_fusionBN0_drop0p1__wd1e-04trmiss40_trlocglobal,69,0.5023868978023529,0.6817810237407684,0.6091269841269842,0.6297954727689923,0.5555555555555556,0.0,0.0,0.0,0.0,0.0,0.0,0.0,0.0,0.0,,,,,18473,global,0.4
2,3,lr5e-05_bs32_modL1_fusion32_fusionL1_fusionBN0_drop0p1__wd1e-04trmiss40_trlocglobal,32,5e-05,0.0001,1,32,1,False,0.1,lr5e-05_bs32_modL1_fusion32_fusionL1_fusionBN0_drop0p1__wd1e-04trmiss40_trlocglobal,70,0.5025371263424555,0.6824948191642761,0.6011904761904763,0.625484594991937,0.5555555555555556,0.0,0.0,0.0,0.0,0.0,0.0,0.0,0.0,0.0,,,,,18473,global,0.4
2,3,lr5e-05_bs32_modL1_fusion32_fusionL1_fusionBN0_drop0p1__wd1e-04trmiss40_trlocglobal,32,5e-05,0.0001,1,32,1,False,0.1,lr5e-05_bs32_modL1_fusion32_fusionL1_fusionBN0_drop0p1__wd1e-04trmiss40_trlocglobal,71,0.49545902013778687,0.6818062663078308,0.6051587301587301,0.6257509062244258,0.5555555555555556,0.0,0.0,0.0,0.0,0.0,0.0,0.0,0.0,0.0,,,,,18473,global,0.4
2,3,lr5e-05_bs32_modL1_fusion32_fusionL1_fusionBN0_drop0p1__wd1e-04trmiss40_trlocglobal,32,5e-05,0.0001,1,32,1,False,0.1,lr5e-05_bs32_modL1_fusion32_fusionL1_fusionBN0_drop0p1__wd1e-04trmiss40_trlocglobal,72,0.5016023268302282,0.6814512312412262,0.6051587301587302,0.627061661441431,0.5555555555555556,0.0,0.0,0.0,0.0,0.0,0.0,0.0,0.0,0.0,,,,,18473,global,0.4
2,3,lr5e-05_bs32_modL1_fusion32_fusionL1_fusionBN0_drop0p1__wd1e-04trmiss40_trlocglobal,32,5e-05,0.0001,1,32,1,False,0.1,lr5e-05_bs32_modL1_fusion32_fusionL1_fusionBN0_drop0p1__wd1e-04trmiss40_trlocglobal,73,0.49832338591416675,0.68091881275177,0.6071428571428572,0.6278758376866418,0.5555555555555556,0.0,0.0,0.0,0.0,0.0,0.0,0.0,0.0,0.0,,,,,18473,global,0.4
2,3,lr5e-05_bs32_modL1_fusion32_fusionL1_fusionBN0_drop0p1__wd1e-04trmiss40_trlocglobal,32,5e-05,0.0001,1,32,1,False,0.1,lr5e-05_bs32_modL1_fusion32_fusionL1_fusionBN0_drop0p1__wd1e-04trmiss40_trlocglobal,74,0.5096906224886576,0.6818550527095795,0.6051587301587302,0.6273761005378652,0.5555555555555556,0.0,0.0,0.0,0.0,0.0,0.0,0.0,0.0,0.0,,,,,18473,global,0.4
2,3,lr5e-05_bs32_modL1_fusion32_fusionL1_fusionBN0_drop0p1__wd1e-04trmiss40_trlocglobal,32,5e-05,0.0001,1,32,1,False,0.1,lr5e-05_bs32_modL1_fusion32_fusionL1_fusionBN0_drop0p1__wd1e-04trmiss40_trlocglobal,75,0.5065821160872778,0.6812527477741241,0.6071428571428572,0.6268858856097331,0.5555555555555556,0.0,0.0,0.0,0.0,0.0,0.0,0.0,0.0,0.0,,,,,18473,global,0.4
2,3,lr5e-05_bs32_modL1_fusion32_fusionL1_fusionBN0_drop0p1__wd1e-04trmiss40_trlocglobal,32,5e-05,0.0001,1,32,1,False,0.1,lr5e-05_bs32_modL1_fusion32_fusionL1_fusionBN0_drop0p1__wd1e-04trmiss40_trlocglobal,76,0.5018217166264852,0.6816994845867157,0.5992063492063492,0.6221084213571426,0.5555555555555556,0.0,0.0,0.0,0.0,0.0,0.0,0.0,0.0,0.0,,,,,18473,global,0.4
2,3,lr5e-05_bs32_modL1_fusion32_fusionL1_fusionBN0_drop0p1__wd1e-04trmiss40_trlocglobal,32,5e-05,0.0001,1,32,1,False,0.1,lr5e-05_bs32_modL1_fusion32_fusionL1_fusionBN0_drop0p1__wd1e-04trmiss40_trlocglobal,77,0.5035274624824524,0.6806966662406921,0.6071428571428571,0.6288287923905472,0.5555555555555556,0.0,0.0,0.0,0.0,0.0,0.0,0.0,0.0,0.0,,,,,18473,global,0.4
2,3,lr5e-05_bs32_modL1_fusion32_fusionL1_fusionBN0_drop0p1__wd1e-04trmiss40_trlocglobal,32,5e-05,0.0001,1,32,1,False,0.1,lr5e-05_bs32_modL1_fusion32_fusionL1_fusionBN0_drop0p1__wd1e-04trmiss40_trlocglobal,78,0.4997062732776006,0.6802451014518738,0.6031746031746031,0.6250012218809915,0.5555555555555556,0.0,0.0,0.0,0.0,0.0,0.0,0.0,0.0,0.0,,,,,18473,global,0.4
2,3,lr5e-05_bs32_modL1_fusion32_fusionL1_fusionBN0_drop0p1__wd1e-04trmiss40_trlocglobal,32,5e-05,0.0001,1,32,1,False,0.1,lr5e-05_bs32_modL1_fusion32_fusionL1_fusionBN0_drop0p1__wd1e-04trmiss40_trlocglobal,79,0.498025839527448,0.6799504160881042,0.6031746031746033,0.6239930850858842,0.5555555555555556,0.0,0.0,0.0,0.0,0.0,0.0,0.0,0.0,0.0,,,,,18473,global,0.4
2,3,lr5e-05_bs32_modL1_fusion32_fusionL1_fusionBN0_drop0p1__wd1e-04trmiss40_trlocglobal,32,5e-05,0.0001,1,32,1,False,0.1,lr5e-05_bs32_modL1_fusion32_fusionL1_fusionBN0_drop0p1__wd1e-04trmiss40_trlocglobal,80,0.5106242746114731,0.6800037324428558,0.6051587301587302,0.6269692755620747,0.5777777777777777,0.0,0.0,0.0,0.0,0.0,0.0,0.0,0.0,0.0,,,,,18473,global,0.4
2,3,lr1e-05_bs32_modL1_fusion16_fusionL1_fusionBN0_drop0p2__wd1e-04trmiss40_trlocglobal,32,1e-05,0.0001,1,16,1,False,0.2,lr1e-05_bs32_modL1_fusion16_fusionL1_fusionBN0_drop0p2__wd1e-04trmiss40_trlocglobal,1,0.7008995115756989,0.6950380504131317,0.4623015873015873,0.5487756186714174,0.5111111111111111,0.0,0.0,0.0,0.0,0.0,0.0,0.0,0.0,0.0,,,,,18473,global,0.4
2,3,lr1e-05_bs32_modL1_fusion16_fusionL1_fusionBN0_drop0p2__wd1e-04trmiss40_trlocglobal,32,1e-05,0.0001,1,16,1,False,0.2,lr1e-05_bs32_modL1_fusion16_fusionL1_fusionBN0_drop0p2__wd1e-04trmiss40_trlocglobal,2,0.6972338755925497,0.694830447435379,0.47222222222222227,0.5519329219958231,0.5555555555555556,0.0,0.0,0.0,0.0,0.0,0.0,0.0,0.0,0.0,,,,,18473,global,0.4
2,3,lr1e-05_bs32_modL1_fusion16_fusionL1_fusionBN0_drop0p2__wd1e-04trmiss40_trlocglobal,32,1e-05,0.0001,1,16,1,False,0.2,lr1e-05_bs32_modL1_fusion16_fusionL1_fusionBN0_drop0p2__wd1e-04trmiss40_trlocglobal,3,0.7022669414679209,0.6955440640449524,0.4623015873015873,0.5401547368384557,0.5333333333333333,0.0,0.0,0.0,0.0,0.0,0.0,0.0,0.0,0.0,,,,,18473,global,0.4
2,3,lr1e-05_bs32_modL1_fusion16_fusionL1_fusionBN0_drop0p2__wd1e-04trmiss40_trlocglobal,32,1e-05,0.0001,1,16,1,False,0.2,lr1e-05_bs32_modL1_fusion16_fusionL1_fusionBN0_drop0p2__wd1e-04trmiss40_trlocglobal,4,0.6880122721195221,0.6961258351802826,0.4801587301587302,0.5649366876253724,0.5111111111111111,0.0,0.0,0.0,0.0,0.0,0.0,0.0,0.0,0.0,,,,,18473,global,0.4
2,3,lr1e-05_bs32_modL1_fusion16_fusionL1_fusionBN0_drop0p2__wd1e-04trmiss40_trlocglobal,32,1e-05,0.0001,1,16,1,False,0.2,lr1e-05_bs32_modL1_fusion16_fusionL1_fusionBN0_drop0p2__wd1e-04trmiss40_trlocglobal,5,0.6967416703701019,0.6964290142059326,0.46825396825396826,0.554268372761467,0.4888888888888889,0.0,0.0,0.0,0.0,0.0,0.0,0.0,0.0,0.0,,,,,18473,global,0.4
2,3,lr1e-05_bs32_modL1_fusion16_fusionL1_fusionBN0_drop0p2__wd1e-04trmiss40_trlocglobal,32,1e-05,0.0001,1,16,1,False,0.2,lr1e-05_bs32_modL1_fusion16_fusionL1_fusionBN0_drop0p2__wd1e-04trmiss40_trlocglobal,6,0.689518560965856,0.6965843141078949,0.4662698412698413,0.5518151239993137,0.4888888888888889,0.0,0.0,0.0,0.0,0.0,0.0,0.0,0.0,0.0,,,,,18473,global,0.4
2,3,lr1e-05_bs32_modL1_fusion16_fusionL1_fusionBN0_drop0p2__wd1e-04trmiss40_trlocglobal,32,1e-05,0.0001,1,16,1,False,0.2,lr1e-05_bs32_modL1_fusion16_fusionL1_fusionBN0_drop0p2__wd1e-04trmiss40_trlocglobal,7,0.690586507320404,0.6963529884815216,0.4722222222222222,0.5567936028050237,0.4666666666666667,0.0,0.0,0.0,0.0,0.0,0.0,0.0,0.0,0.0,,,,,18473,global,0.4
2,3,lr1e-05_bs32_modL1_fusion16_fusionL1_fusionBN0_drop0p2__wd1e-04trmiss40_trlocglobal,32,1e-05,0.0001,1,16,1,False,0.2,lr1e-05_bs32_modL1_fusion16_fusionL1_fusionBN0_drop0p2__wd1e-04trmiss40_trlocglobal,8,0.6817864179611206,0.6963753700256348,0.4662698412698413,0.5519195517353204,0.4888888888888889,0.0,0.0,0.0,0.0,0.0,0.0,0.0,0.0,0.0,,,,,18473,global,0.4
2,3,lr1e-05_bs32_modL1_fusion16_fusionL1_fusionBN0_drop0p2__wd1e-04trmiss40_trlocglobal,32,1e-05,0.0001,1,16,1,False,0.2,lr1e-05_bs32_modL1_fusion16_fusionL1_fusionBN0_drop0p2__wd1e-04trmiss40_trlocglobal,9,0.6962576508522034,0.696397215127945,0.4722222222222222,0.5571656064510893,0.4888888888888889,0.0,0.0,0.0,0.0,0.0,0.0,0.0,0.0,0.0,,,,,18473,global,0.4
2,3,lr1e-05_bs32_modL1_fusion16_fusionL1_fusionBN0_drop0p2__wd1e-04trmiss40_trlocglobal,32,1e-05,0.0001,1,16,1,False,0.2,lr1e-05_bs32_modL1_fusion16_fusionL1_fusionBN0_drop0p2__wd1e-04trmiss40_trlocglobal,10,0.6820866564909617,0.6959206163883209,0.4821428571428572,0.5619121901519457,0.4888888888888889,0.0,0.0,0.0,0.0,0.0,0.0,0.0,0.0,0.0,,,,,18473,global,0.4
2,3,lr1e-05_bs32_modL1_fusion16_fusionL1_fusionBN0_drop0p2__wd1e-04trmiss40_trlocglobal,32,1e-05,0.0001,1,16,1,False,0.2,lr1e-05_bs32_modL1_fusion16_fusionL1_fusionBN0_drop0p2__wd1e-04trmiss40_trlocglobal,11,0.6761731803417206,0.6958597898483276,0.4841269841269842,0.5629003324444358,0.5111111111111111,0.0,0.0,0.0,0.0,0.0,0.0,0.0,0.0,0.0,,,,,18473,global,0.4
2,3,lr1e-05_bs32_modL1_fusion16_fusionL1_fusionBN0_drop0p2__wd1e-04trmiss40_trlocglobal,32,1e-05,0.0001,1,16,1,False,0.2,lr1e-05_bs32_modL1_fusion16_fusionL1_fusionBN0_drop0p2__wd1e-04trmiss40_trlocglobal,12,0.6873732407887777,0.6957215964794159,0.4841269841269842,0.562896888324144,0.5111111111111111,0.0,0.0,0.0,0.0,0.0,0.0,0.0,0.0,0.0,,,,,18473,global,0.4
2,3,lr1e-05_bs32_modL1_fusion16_fusionL1_fusionBN0_drop0p2__wd1e-04trmiss40_trlocglobal,32,1e-05,0.0001,1,16,1,False,0.2,lr1e-05_bs32_modL1_fusion16_fusionL1_fusionBN0_drop0p2__wd1e-04trmiss40_trlocglobal,13,0.6814267337322235,0.6956046521663666,0.4841269841269842,0.5617736663762715,0.5111111111111111,0.0,0.0,0.0,0.0,0.0,0.0,0.0,0.0,0.0,,,,,18473,global,0.4
2,3,lr1e-05_bs32_modL1_fusion16_fusionL1_fusionBN0_drop0p2__wd1e-04trmiss40_trlocglobal,32,1e-05,0.0001,1,16,1,False,0.2,lr1e-05_bs32_modL1_fusion16_fusionL1_fusionBN0_drop0p2__wd1e-04trmiss40_trlocglobal,14,0.6813365618387858,0.6951345205307007,0.4900793650793651,0.5655662265073104,0.5111111111111111,0.0,0.0,0.0,0.0,0.0,0.0,0.0,0.0,0.0,,,,,18473,global,0.4
2,3,lr1e-05_bs32_modL1_fusion16_fusionL1_fusionBN0_drop0p2__wd1e-04trmiss40_trlocglobal,32,1e-05,0.0001,1,16,1,False,0.2,lr1e-05_bs32_modL1_fusion16_fusionL1_fusionBN0_drop0p2__wd1e-04trmiss40_trlocglobal,15,0.676704873641332,0.6952745616436005,0.4900793650793651,0.5634809479514435,0.5111111111111111,0.0,0.0,0.0,0.0,0.0,0.0,0.0,0.0,0.0,,,,,18473,global,0.4
2,3,lr1e-05_bs32_modL1_fusion16_fusionL1_fusionBN0_drop0p2__wd1e-04trmiss40_trlocglobal,32,1e-05,0.0001,1,16,1,False,0.2,lr1e-05_bs32_modL1_fusion16_fusionL1_fusionBN0_drop0p2__wd1e-04trmiss40_trlocglobal,16,0.6709875265757242,0.6948574483394623,0.4900793650793651,0.5667704046290581,0.5111111111111111,0.0,0.0,0.0,0.0,0.0,0.0,0.0,0.0,0.0,,,,,18473,global,0.4
2,3,lr1e-05_bs32_modL1_fusion16_fusionL1_fusionBN0_drop0p2__wd1e-04trmiss40_trlocglobal,32,1e-05,0.0001,1,16,1,False,0.2,lr1e-05_bs32_modL1_fusion16_fusionL1_fusionBN0_drop0p2__wd1e-04trmiss40_trlocglobal,17,0.6748504539330801,0.6945889592170715,0.4900793650793651,0.5662995560332096,0.5111111111111111,0.0,0.0,0.0,0.0,0.0,0.0,0.0,0.0,0.0,,,,,18473,global,0.4
2,3,lr1e-05_bs32_modL1_fusion16_fusionL1_fusionBN0_drop0p2__wd1e-04trmiss40_trlocglobal,32,1e-05,0.0001,1,16,1,False,0.2,lr1e-05_bs32_modL1_fusion16_fusionL1_fusionBN0_drop0p2__wd1e-04trmiss40_trlocglobal,18,0.6721593042214712,0.6947263479232788,0.4900793650793651,0.5661867283818238,0.5111111111111111,0.0,0.0,0.0,0.0,0.0,0.0,0.0,0.0,0.0,,,,,18473,global,0.4
2,3,lr1e-05_bs32_modL1_fusion16_fusionL1_fusionBN0_drop0p2__wd1e-04trmiss40_trlocglobal,32,1e-05,0.0001,1,16,1,False,0.2,lr1e-05_bs32_modL1_fusion16_fusionL1_fusionBN0_drop0p2__wd1e-04trmiss40_trlocglobal,19,0.6661302347977957,0.694283127784729,0.48809523809523814,0.565950025513542,0.5111111111111111,0.0,0.0,0.0,0.0,0.0,0.0,0.0,0.0,0.0,,,,,18473,global,0.4
2,3,lr1e-05_bs32_modL1_fusion16_fusionL1_fusionBN0_drop0p2__wd1e-04trmiss40_trlocglobal,32,1e-05,0.0001,1,16,1,False,0.2,lr1e-05_bs32_modL1_fusion16_fusionL1_fusionBN0_drop0p2__wd1e-04trmiss40_trlocglobal,20,0.663468599319458,0.6941313743591309,0.4920634920634921,0.5669068817335561,0.5111111111111111,0.0,0.0,0.0,0.0,0.0,0.0,0.0,0.0,0.0,,,,,18473,global,0.4
2,3,lr1e-05_bs32_modL1_fusion16_fusionL1_fusionBN0_drop0p2__wd1e-04trmiss40_trlocglobal,32,1e-05,0.0001,1,16,1,False,0.2,lr1e-05_bs32_modL1_fusion16_fusionL1_fusionBN0_drop0p2__wd1e-04trmiss40_trlocglobal,21,0.6661360760529836,0.6940233409404755,0.49404761904761907,0.567599380955467,0.5111111111111111,0.0,0.0,0.0,0.0,0.0,0.0,0.0,0.0,0.0,,,,,18473,global,0.4
2,3,lr1e-05_bs32_modL1_fusion16_fusionL1_fusionBN0_drop0p2__wd1e-04trmiss40_trlocglobal,32,1e-05,0.0001,1,16,1,False,0.2,lr1e-05_bs32_modL1_fusion16_fusionL1_fusionBN0_drop0p2__wd1e-04trmiss40_trlocglobal,22,0.6644803086916605,0.6938726007938385,0.5,0.5708952645262867,0.5111111111111111,0.0,0.0,0.0,0.0,0.0,0.0,0.0,0.0,0.0,,,,,18473,global,0.4
2,3,lr1e-05_bs32_modL1_fusion16_fusionL1_fusionBN0_drop0p2__wd1e-04trmiss40_trlocglobal,32,1e-05,0.0001,1,16,1,False,0.2,lr1e-05_bs32_modL1_fusion16_fusionL1_fusionBN0_drop0p2__wd1e-04trmiss40_trlocglobal,23,0.6677518983681997,0.6937949359416962,0.49404761904761907,0.568422370056894,0.5111111111111111,0.0,0.0,0.0,0.0,0.0,0.0,0.0,0.0,0.0,,,,,18473,global,0.4
2,3,lr1e-05_bs32_modL1_fusion16_fusionL1_fusionBN0_drop0p2__wd1e-04trmiss40_trlocglobal,32,1e-05,0.0001,1,16,1,False,0.2,lr1e-05_bs32_modL1_fusion16_fusionL1_fusionBN0_drop0p2__wd1e-04trmiss40_trlocglobal,24,0.6673406660556793,0.693822830915451,0.4920634920634921,0.5667358621203861,0.5333333333333333,0.0,0.0,0.0,0.0,0.0,0.0,0.0,0.0,0.0,,,,,18473,global,0.4
2,3,lr1e-05_bs32_modL1_fusion16_fusionL1_fusionBN0_drop0p2__wd1e-04trmiss40_trlocglobal,32,1e-05,0.0001,1,16,1,False,0.2,lr1e-05_bs32_modL1_fusion16_fusionL1_fusionBN0_drop0p2__wd1e-04trmiss40_trlocglobal,25,0.6598523457845052,0.6933892071247101,0.4920634920634921,0.566172430715923,0.5333333333333333,0.0,0.0,0.0,0.0,0.0,0.0,0.0,0.0,0.0,,,,,18473,global,0.4
2,3,lr1e-05_bs32_modL1_fusion16_fusionL1_fusionBN0_drop0p2__wd1e-04trmiss40_trlocglobal,32,1e-05,0.0001,1,16,1,False,0.2,lr1e-05_bs32_modL1_fusion16_fusionL1_fusionBN0_drop0p2__wd1e-04trmiss40_trlocglobal,26,0.659469852844874,0.6934306025505066,0.49603174603174605,0.5679289666636355,0.5111111111111111,0.0,0.0,0.0,0.0,0.0,0.0,0.0,0.0,0.0,,,,,18473,global,0.4
2,3,lr1e-05_bs32_modL1_fusion16_fusionL1_fusionBN0_drop0p2__wd1e-04trmiss40_trlocglobal,32,1e-05,0.0001,1,16,1,False,0.2,lr1e-05_bs32_modL1_fusion16_fusionL1_fusionBN0_drop0p2__wd1e-04trmiss40_trlocglobal,27,0.6582697530587515,0.6934126317501068,0.49603174603174605,0.5685640385061377,0.5111111111111111,0.0,0.0,0.0,0.0,0.0,0.0,0.0,0.0,0.0,,,,,18473,global,0.4
2,3,lr1e-05_bs32_modL1_fusion16_fusionL1_fusionBN0_drop0p2__wd1e-04trmiss40_trlocglobal,32,1e-05,0.0001,1,16,1,False,0.2,lr1e-05_bs32_modL1_fusion16_fusionL1_fusionBN0_drop0p2__wd1e-04trmiss40_trlocglobal,28,0.6700004438559214,0.6934376955032349,0.49603174603174605,0.5695660226331218,0.5111111111111111,0.0,0.0,0.0,0.0,0.0,0.0,0.0,0.0,0.0,,,,,18473,global,0.4
2,3,lr1e-05_bs32_modL1_fusion16_fusionL1_fusionBN0_drop0p2__wd1e-04trmiss40_trlocglobal,32,1e-05,0.0001,1,16,1,False,0.2,lr1e-05_bs32_modL1_fusion16_fusionL1_fusionBN0_drop0p2__wd1e-04trmiss40_trlocglobal,29,0.6646703978379568,0.6934154331684113,0.49603174603174605,0.569290549467449,0.5111111111111111,0.0,0.0,0.0,0.0,0.0,0.0,0.0,0.0,0.0,,,,,18473,global,0.4
2,3,lr1e-05_bs32_modL1_fusion16_fusionL1_fusionBN0_drop0p2__wd1e-04trmiss40_trlocglobal,32,1e-05,0.0001,1,16,1,False,0.2,lr1e-05_bs32_modL1_fusion16_fusionL1_fusionBN0_drop0p2__wd1e-04trmiss40_trlocglobal,30,0.665386309226354,0.6935773193836212,0.49404761904761907,0.5680650592713705,0.5111111111111111,0.0,0.0,0.0,0.0,0.0,0.0,0.0,0.0,0.0,,,,,18473,global,0.4
2,3,lr1e-05_bs32_modL1_fusion16_fusionL1_fusionBN0_drop0p2__wd1e-04trmiss40_trlocglobal,32,1e-05,0.0001,1,16,1,False,0.2,lr1e-05_bs32_modL1_fusion16_fusionL1_fusionBN0_drop0p2__wd1e-04trmiss40_trlocglobal,31,0.6605910162130991,0.6931064128875732,0.49404761904761907,0.5680650592713705,0.5111111111111111,0.0,0.0,0.0,0.0,0.0,0.0,0.0,0.0,0.0,,,,,18473,global,0.4
2,3,lr1e-05_bs32_modL1_fusion16_fusionL1_fusionBN0_drop0p2__wd1e-04trmiss40_trlocglobal,32,1e-05,0.0001,1,16,1,False,0.2,lr1e-05_bs32_modL1_fusion16_fusionL1_fusionBN0_drop0p2__wd1e-04trmiss40_trlocglobal,32,0.6652223169803619,0.6929514706134796,0.498015873015873,0.5722667399436395,0.5111111111111111,0.0,0.0,0.0,0.0,0.0,0.0,0.0,0.0,0.0,,,,,18473,global,0.4
2,3,lr1e-05_bs32_modL1_fusion16_fusionL1_fusionBN0_drop0p2__wd1e-04trmiss40_trlocglobal,32,1e-05,0.0001,1,16,1,False,0.2,lr1e-05_bs32_modL1_fusion16_fusionL1_fusionBN0_drop0p2__wd1e-04trmiss40_trlocglobal,33,0.6612963577111562,0.6927903890609741,0.498015873015873,0.5722667399436395,0.5333333333333333,0.0,0.0,0.0,0.0,0.0,0.0,0.0,0.0,0.0,,,,,18473,global,0.4
2,3,lr1e-05_bs32_modL1_fusion16_fusionL1_fusionBN0_drop0p2__wd1e-04trmiss40_trlocglobal,32,1e-05,0.0001,1,16,1,False,0.2,lr1e-05_bs32_modL1_fusion16_fusionL1_fusionBN0_drop0p2__wd1e-04trmiss40_trlocglobal,34,0.6658779780069987,0.692794531583786,0.498015873015873,0.5722667399436395,0.5333333333333333,0.0,0.0,0.0,0.0,0.0,0.0,0.0,0.0,0.0,,,,,18473,global,0.4
2,3,lr1e-05_bs32_modL1_fusion16_fusionL1_fusionBN0_drop0p2__wd1e-04trmiss40_trlocglobal,32,1e-05,0.0001,1,16,1,False,0.2,lr1e-05_bs32_modL1_fusion16_fusionL1_fusionBN0_drop0p2__wd1e-04trmiss40_trlocglobal,35,0.6542430818080902,0.6926727294921875,0.4920634920634921,0.5654444364301595,0.5333333333333333,0.0,0.0,0.0,0.0,0.0,0.0,0.0,0.0,0.0,,,,,18473,global,0.4
2,3,lr1e-05_bs32_modL1_fusion16_fusionL1_fusionBN0_drop0p2__wd1e-04trmiss40_trlocglobal,32,1e-05,0.0001,1,16,1,False,0.2,lr1e-05_bs32_modL1_fusion16_fusionL1_fusionBN0_drop0p2__wd1e-04trmiss40_trlocglobal,36,0.6509484847386678,0.6922838985919952,0.498015873015873,0.5680287819092418,0.5333333333333333,0.0,0.0,0.0,0.0,0.0,0.0,0.0,0.0,0.0,,,,,18473,global,0.4
2,3,lr1e-05_bs32_modL1_fusion16_fusionL1_fusionBN0_drop0p2__wd1e-04trmiss40_trlocglobal,32,1e-05,0.0001,1,16,1,False,0.2,lr1e-05_bs32_modL1_fusion16_fusionL1_fusionBN0_drop0p2__wd1e-04trmiss40_trlocglobal,37,0.6498639186223348,0.6922877430915833,0.49603174603174605,0.5668096702460512,0.5333333333333333,0.0,0.0,0.0,0.0,0.0,0.0,0.0,0.0,0.0,,,,,18473,global,0.4
2,3,lr1e-05_bs32_modL1_fusion16_fusionL1_fusionBN0_drop0p2__wd1e-04trmiss40_trlocglobal,32,1e-05,0.0001,1,16,1,False,0.2,lr1e-05_bs32_modL1_fusion16_fusionL1_fusionBN0_drop0p2__wd1e-04trmiss40_trlocglobal,38,0.6564467151959738,0.6923340260982513,0.503968253968254,0.5755450503630103,0.5333333333333333,0.0,0.0,0.0,0.0,0.0,0.0,0.0,0.0,0.0,,,,,18473,global,0.4
2,3,lr1e-05_bs32_modL1_fusion16_fusionL1_fusionBN0_drop0p2__wd1e-04trmiss40_trlocglobal,32,1e-05,0.0001,1,16,1,False,0.2,lr1e-05_bs32_modL1_fusion16_fusionL1_fusionBN0_drop0p2__wd1e-04trmiss40_trlocglobal,39,0.6545535822709402,0.6924730241298676,0.49603174603174605,0.5676815596870196,0.5333333333333333,0.0,0.0,0.0,0.0,0.0,0.0,0.0,0.0,0.0,,,,,18473,global,0.4
2,3,lr1e-05_bs32_modL1_fusion16_fusionL1_fusionBN0_drop0p2__wd1e-04trmiss40_trlocglobal,32,1e-05,0.0001,1,16,1,False,0.2,lr1e-05_bs32_modL1_fusion16_fusionL1_fusionBN0_drop0p2__wd1e-04trmiss40_trlocglobal,40,0.6517952581246694,0.6924341917037964,0.4940476190476191,0.5661032768587367,0.5333333333333333,0.0,0.0,0.0,0.0,0.0,0.0,0.0,0.0,0.0,,,,,18473,global,0.4
2,3,lr1e-05_bs32_modL1_fusion16_fusionL1_fusionBN0_drop0p2__wd1e-04trmiss40_trlocglobal,32,1e-05,0.0001,1,16,1,False,0.2,lr1e-05_bs32_modL1_fusion16_fusionL1_fusionBN0_drop0p2__wd1e-04trmiss40_trlocglobal,41,0.6518303056557974,0.692467212677002,0.49603174603174605,0.5678003462367273,0.5333333333333333,0.0,0.0,0.0,0.0,0.0,0.0,0.0,0.0,0.0,,,,,18473,global,0.4
2,3,lr1e-05_bs32_modL1_fusion16_fusionL1_fusionBN0_drop0p2__wd1e-04trmiss40_trlocglobal,32,1e-05,0.0001,1,16,1,False,0.2,lr1e-05_bs32_modL1_fusion16_fusionL1_fusionBN0_drop0p2__wd1e-04trmiss40_trlocglobal,42,0.6531834304332733,0.6925917267799377,0.49603174603174605,0.567523211091171,0.5333333333333333,0.0,0.0,0.0,0.0,0.0,0.0,0.0,0.0,0.0,,,,,18473,global,0.4
2,3,lr1e-05_bs32_modL1_fusion16_fusionL1_fusionBN0_drop0p2__wd1e-04trmiss40_trlocglobal,32,1e-05,0.0001,1,16,1,False,0.2,lr1e-05_bs32_modL1_fusion16_fusionL1_fusionBN0_drop0p2__wd1e-04trmiss40_trlocglobal,43,0.6496244271596273,0.6923600435256958,0.49404761904761907,0.567007338075298,0.5333333333333333,0.0,0.0,0.0,0.0,0.0,0.0,0.0,0.0,0.0,,,,,18473,global,0.4
2,3,lr1e-05_bs32_modL1_fusion16_fusionL1_fusionBN0_drop0p2__wd1e-04trmiss40_trlocglobal,32,1e-05,0.0001,1,16,1,False,0.2,lr1e-05_bs32_modL1_fusion16_fusionL1_fusionBN0_drop0p2__wd1e-04trmiss40_trlocglobal,44,0.6502565443515778,0.6920814216136932,0.498015873015873,0.5691046334785145,0.5333333333333333,0.0,0.0,0.0,0.0,0.0,0.0,0.0,0.0,0.0,,,,,18473,global,0.4
2,3,lr1e-05_bs32_modL1_fusion16_fusionL1_fusionBN0_drop0p2__wd1e-04trmiss40_trlocglobal,32,1e-05,0.0001,1,16,1,False,0.2,lr1e-05_bs32_modL1_fusion16_fusionL1_fusionBN0_drop0p2__wd1e-04trmiss40_trlocglobal,45,0.6459138592084249,0.6917895674705505,0.49603174603174605,0.5682071975810785,0.5333333333333333,0.0,0.0,0.0,0.0,0.0,0.0,0.0,0.0,0.0,,,,,18473,global,0.4
2,3,lr1e-05_bs32_modL1_fusion16_fusionL1_fusionBN0_drop0p2__wd1e-04trmiss40_trlocglobal,32,1e-05,0.0001,1,16,1,False,0.2,lr1e-05_bs32_modL1_fusion16_fusionL1_fusionBN0_drop0p2__wd1e-04trmiss40_trlocglobal,46,0.6521217624346415,0.6917789280414581,0.49603174603174605,0.5682071975810785,0.5333333333333333,0.0,0.0,0.0,0.0,0.0,0.0,0.0,0.0,0.0,,,,,18473,global,0.4
2,3,lr1e-05_bs32_modL1_fusion16_fusionL1_fusionBN0_drop0p2__wd1e-04trmiss40_trlocglobal,32,1e-05,0.0001,1,16,1,False,0.2,lr1e-05_bs32_modL1_fusion16_fusionL1_fusionBN0_drop0p2__wd1e-04trmiss40_trlocglobal,47,0.6401381691296896,0.6914907395839691,0.49801587301587297,0.5723738642477453,0.5333333333333333,0.0,0.0,0.0,0.0,0.0,0.0,0.0,0.0,0.0,,,,,18473,global,0.4
2,3,lr1e-05_bs32_modL1_fusion16_fusionL1_fusionBN0_drop0p2__wd1e-04trmiss40_trlocglobal,32,1e-05,0.0001,1,16,1,False,0.2,lr1e-05_bs32_modL1_fusion16_fusionL1_fusionBN0_drop0p2__wd1e-04trmiss40_trlocglobal,48,0.6426051457722982,0.6915220320224762,0.498015873015873,0.5691046334785145,0.5333333333333333,0.0,0.0,0.0,0.0,0.0,0.0,0.0,0.0,0.0,,,,,18473,global,0.4
2,3,lr1e-05_bs32_modL1_fusion16_fusionL1_fusionBN0_drop0p2__wd1e-04trmiss40_trlocglobal,32,1e-05,0.0001,1,16,1,False,0.2,lr1e-05_bs32_modL1_fusion16_fusionL1_fusionBN0_drop0p2__wd1e-04trmiss40_trlocglobal,49,0.6394730806350708,0.6915211081504822,0.501984126984127,0.5709830891613179,0.5333333333333333,0.0,0.0,0.0,0.0,0.0,0.0,0.0,0.0,0.0,,,,,18473,global,0.4
2,3,lr1e-05_bs32_modL1_fusion16_fusionL1_fusionBN0_drop0p2__wd1e-04trmiss40_trlocglobal,32,1e-05,0.0001,1,16,1,False,0.2,lr1e-05_bs32_modL1_fusion16_fusionL1_fusionBN0_drop0p2__wd1e-04trmiss40_trlocglobal,50,0.6474059422810873,0.6912151575088501,0.501984126984127,0.5709830891613179,0.5333333333333333,0.0,0.0,0.0,0.0,0.0,0.0,0.0,0.0,0.0,,,,,18473,global,0.4
2,3,lr1e-05_bs32_modL1_fusion16_fusionL1_fusionBN0_drop0p2__wd1e-04trmiss40_trlocglobal,32,1e-05,0.0001,1,16,1,False,0.2,lr1e-05_bs32_modL1_fusion16_fusionL1_fusionBN0_drop0p2__wd1e-04trmiss40_trlocglobal,51,0.6458159685134888,0.69101482629776,0.501984126984127,0.5715595527216525,0.5333333333333333,0.0,0.0,0.0,0.0,0.0,0.0,0.0,0.0,0.0,,,,,18473,global,0.4
2,3,lr1e-05_bs32_modL1_fusion16_fusionL1_fusionBN0_drop0p2__wd1e-04trmiss40_trlocglobal,32,1e-05,0.0001,1,16,1,False,0.2,lr1e-05_bs32_modL1_fusion16_fusionL1_fusionBN0_drop0p2__wd1e-04trmiss40_trlocglobal,52,0.6494558850924174,0.6912846863269806,0.5079365079365079,0.5751375901812689,0.5333333333333333,0.0,0.0,0.0,0.0,0.0,0.0,0.0,0.0,0.0,,,,,18473,global,0.4
2,3,lr1e-05_bs32_modL1_fusion16_fusionL1_fusionBN0_drop0p2__wd1e-04trmiss40_trlocglobal,32,1e-05,0.0001,1,16,1,False,0.2,lr1e-05_bs32_modL1_fusion16_fusionL1_fusionBN0_drop0p2__wd1e-04trmiss40_trlocglobal,53,0.6533835033575693,0.6912075281143188,0.501984126984127,0.5726141841012363,0.5111111111111111,0.0,0.0,0.0,0.0,0.0,0.0,0.0,0.0,0.0,,,,,18473,global,0.4
2,3,lr1e-05_bs32_modL1_fusion16_fusionL1_fusionBN0_drop0p2__wd1e-04trmiss40_trlocglobal,32,1e-05,0.0001,1,16,1,False,0.2,lr1e-05_bs32_modL1_fusion16_fusionL1_fusionBN0_drop0p2__wd1e-04trmiss40_trlocglobal,54,0.6440211534500122,0.6915257275104523,0.501984126984127,0.5713855108137396,0.5333333333333333,0.0,0.0,0.0,0.0,0.0,0.0,0.0,0.0,0.0,,,,,18473,global,0.4
2,3,lr1e-05_bs32_modL1_fusion16_fusionL1_fusionBN0_drop0p2__wd1e-04trmiss40_trlocglobal,32,1e-05,0.0001,1,16,1,False,0.2,lr1e-05_bs32_modL1_fusion16_fusionL1_fusionBN0_drop0p2__wd1e-04trmiss40_trlocglobal,55,0.6478663583596548,0.691534548997879,0.49603174603174605,0.5690957159847179,0.5333333333333333,0.0,0.0,0.0,0.0,0.0,0.0,0.0,0.0,0.0,,,,,18473,global,0.4
2,3,lr1e-05_bs32_modL1_fusion16_fusionL1_fusionBN0_drop0p2__wd1e-04trmiss40_trlocglobal,32,1e-05,0.0001,1,16,1,False,0.2,lr1e-05_bs32_modL1_fusion16_fusionL1_fusionBN0_drop0p2__wd1e-04trmiss40_trlocglobal,56,0.6444933712482452,0.6915009915828705,0.503968253968254,0.5724592144025641,0.5333333333333333,0.0,0.0,0.0,0.0,0.0,0.0,0.0,0.0,0.0,,,,,18473,global,0.4
2,3,lr1e-05_bs32_modL1_fusion16_fusionL1_fusionBN0_drop0p2__wd1e-04trmiss40_trlocglobal,32,1e-05,0.0001,1,16,1,False,0.2,lr1e-05_bs32_modL1_fusion16_fusionL1_fusionBN0_drop0p2__wd1e-04trmiss40_trlocglobal,57,0.6468589206536611,0.6916570067405701,0.501984126984127,0.5727975742997475,0.5333333333333333,0.0,0.0,0.0,0.0,0.0,0.0,0.0,0.0,0.0,,,,,18473,global,0.4
2,3,lr1e-05_bs32_modL1_fusion16_fusionL1_fusionBN0_drop0p2__wd1e-04trmiss40_trlocglobal,32,1e-05,0.0001,1,16,1,False,0.2,lr1e-05_bs32_modL1_fusion16_fusionL1_fusionBN0_drop0p2__wd1e-04trmiss40_trlocglobal,58,0.6554800768693289,0.6912830770015717,0.5,0.5719001384023116,0.5111111111111111,0.0,0.0,0.0,0.0,0.0,0.0,0.0,0.0,0.0,,,,,18473,global,0.4
2,3,lr1e-05_bs32_modL1_fusion16_fusionL1_fusionBN0_drop0p2__wd1e-04trmiss40_trlocglobal,32,1e-05,0.0001,1,16,1,False,0.2,lr1e-05_bs32_modL1_fusion16_fusionL1_fusionBN0_drop0p2__wd1e-04trmiss40_trlocglobal,59,0.636747141679128,0.6914332211017609,0.49801587301587297,0.5709119961098215,0.5333333333333333,0.0,0.0,0.0,0.0,0.0,0.0,0.0,0.0,0.0,,,,,18473,global,0.4
2,3,lr1e-05_bs32_modL1_fusion16_fusionL1_fusionBN0_drop0p2__wd1e-04trmiss40_trlocglobal,32,1e-05,0.0001,1,16,1,False,0.2,lr1e-05_bs32_modL1_fusion16_fusionL1_fusionBN0_drop0p2__wd1e-04trmiss40_trlocglobal,60,0.6420435110727946,0.6910432875156403,0.49603174603174605,0.5690180567158821,0.5111111111111111,0.0,0.0,0.0,0.0,0.0,0.0,0.0,0.0,0.0,,,,,18473,global,0.4
2,3,lr1e-05_bs32_modL1_fusion16_fusionL1_fusionBN0_drop0p2__wd1e-04trmiss40_trlocglobal,32,1e-05,0.0001,1,16,1,False,0.2,lr1e-05_bs32_modL1_fusion16_fusionL1_fusionBN0_drop0p2__wd1e-04trmiss40_trlocglobal,61,0.6424557367960612,0.6909908652305603,0.49603174603174605,0.5681295383122428,0.5333333333333333,0.0,0.0,0.0,0.0,0.0,0.0,0.0,0.0,0.0,,,,,18473,global,0.4
2,3,lr1e-05_bs32_modL1_fusion16_fusionL1_fusionBN0_drop0p2__wd1e-04trmiss40_trlocglobal,32,1e-05,0.0001,1,16,1,False,0.2,lr1e-05_bs32_modL1_fusion16_fusionL1_fusionBN0_drop0p2__wd1e-04trmiss40_trlocglobal,62,0.6429541011651357,0.6911316812038422,0.49603174603174605,0.5681295383122428,0.5111111111111111,0.0,0.0,0.0,0.0,0.0,0.0,0.0,0.0,0.0,,,,,18473,global,0.4
2,3,lr1e-05_bs32_modL1_fusion16_fusionL1_fusionBN0_drop0p2__wd1e-04trmiss40_trlocglobal,32,1e-05,0.0001,1,16,1,False,0.2,lr1e-05_bs32_modL1_fusion16_fusionL1_fusionBN0_drop0p2__wd1e-04trmiss40_trlocglobal,63,0.6512080629666647,0.6909728348255157,0.5,0.5699000089021822,0.5555555555555556,0.0,0.0,0.0,0.0,0.0,0.0,0.0,0.0,0.0,,,,,18473,global,0.4
2,3,lr1e-05_bs32_modL1_fusion16_fusionL1_fusionBN0_drop0p2__wd1e-04trmiss40_trlocglobal,32,1e-05,0.0001,1,16,1,False,0.2,lr1e-05_bs32_modL1_fusion16_fusionL1_fusionBN0_drop0p2__wd1e-04trmiss40_trlocglobal,64,0.638967494169871,0.6910056471824646,0.501984126984127,0.5726997453975708,0.5333333333333333,0.0,0.0,0.0,0.0,0.0,0.0,0.0,0.0,0.0,,,,,18473,global,0.4
2,3,lr1e-05_bs32_modL1_fusion16_fusionL1_fusionBN0_drop0p2__wd1e-04trmiss40_trlocglobal,32,1e-05,0.0001,1,16,1,False,0.2,lr1e-05_bs32_modL1_fusion16_fusionL1_fusionBN0_drop0p2__wd1e-04trmiss40_trlocglobal,65,0.6456990838050842,0.6909857094287872,0.5,0.5704790086180105,0.5333333333333333,0.0,0.0,0.0,0.0,0.0,0.0,0.0,0.0,0.0,,,,,18473,global,0.4
2,3,lr1e-05_bs32_modL1_fusion16_fusionL1_fusionBN0_drop0p2__wd1e-04trmiss40_trlocglobal,32,1e-05,0.0001,1,16,1,False,0.2,lr1e-05_bs32_modL1_fusion16_fusionL1_fusionBN0_drop0p2__wd1e-04trmiss40_trlocglobal,66,0.6404607892036438,0.6913295090198517,0.5,0.5694985076375095,0.5333333333333333,0.0,0.0,0.0,0.0,0.0,0.0,0.0,0.0,0.0,,,,,18473,global,0.4
2,3,lr1e-05_bs32_modL1_fusion16_fusionL1_fusionBN0_drop0p2__wd1e-04trmiss40_trlocglobal,32,1e-05,0.0001,1,16,1,False,0.2,lr1e-05_bs32_modL1_fusion16_fusionL1_fusionBN0_drop0p2__wd1e-04trmiss40_trlocglobal,67,0.6462188561757406,0.6913104355335236,0.496031746031746,0.569919932617758,0.5333333333333333,0.0,0.0,0.0,0.0,0.0,0.0,0.0,0.0,0.0,,,,,18473,global,0.4
2,3,lr1e-05_bs32_modL1_fusion16_fusionL1_fusionBN0_drop0p2__wd1e-04trmiss40_trlocglobal,32,1e-05,0.0001,1,16,1,False,0.2,lr1e-05_bs32_modL1_fusion16_fusionL1_fusionBN0_drop0p2__wd1e-04trmiss40_trlocglobal,68,0.6394771933555603,0.6912102699279785,0.496031746031746,0.569919932617758,0.5555555555555556,0.0,0.0,0.0,0.0,0.0,0.0,0.0,0.0,0.0,,,,,18473,global,0.4
2,3,lr1e-05_bs32_modL1_fusion16_fusionL1_fusionBN0_drop0p2__wd1e-04trmiss40_trlocglobal,32,1e-05,0.0001,1,16,1,False,0.2,lr1e-05_bs32_modL1_fusion16_fusionL1_fusionBN0_drop0p2__wd1e-04trmiss40_trlocglobal,69,0.6425335307916006,0.6910079121589661,0.49999999999999994,0.5720084873378917,0.5333333333333333,0.0,0.0,0.0,0.0,0.0,0.0,0.0,0.0,0.0,,,,,18473,global,0.4
2,3,lr1e-05_bs32_modL1_fusion16_fusionL1_fusionBN0_drop0p2__wd1e-04trmiss40_trlocglobal,32,1e-05,0.0001,1,16,1,False,0.2,lr1e-05_bs32_modL1_fusion16_fusionL1_fusionBN0_drop0p2__wd1e-04trmiss40_trlocglobal,70,0.6367626984914144,0.6906976401805878,0.503968253968254,0.5714853122558932,0.5333333333333333,0.0,0.0,0.0,0.0,0.0,0.0,0.0,0.0,0.0,,,,,18473,global,0.4
2,3,lr1e-05_bs32_modL1_fusion16_fusionL1_fusionBN0_drop0p2__wd1e-04trmiss40_trlocglobal,32,1e-05,0.0001,1,16,1,False,0.2,lr1e-05_bs32_modL1_fusion16_fusionL1_fusionBN0_drop0p2__wd1e-04trmiss40_trlocglobal,71,0.643470029036204,0.6907208561897278,0.5059523809523809,0.5723671464710607,0.5333333333333333,0.0,0.0,0.0,0.0,0.0,0.0,0.0,0.0,0.0,,,,,18473,global,0.4
2,3,lr1e-05_bs32_modL1_fusion16_fusionL1_fusionBN0_drop0p2__wd1e-04trmiss40_trlocglobal,32,1e-05,0.0001,1,16,1,False,0.2,lr1e-05_bs32_modL1_fusion16_fusionL1_fusionBN0_drop0p2__wd1e-04trmiss40_trlocglobal,72,0.6492357055346171,0.6909902095794678,0.5059523809523809,0.5721466879172687,0.5555555555555556,0.0,0.0,0.0,0.0,0.0,0.0,0.0,0.0,0.0,,,,,18473,global,0.4
2,3,lr1e-05_bs32_modL1_fusion16_fusionL1_fusionBN0_drop0p1__wd1e-04trmiss40_trlocglobal,32,1e-05,0.0001,1,16,1,False,0.1,lr1e-05_bs32_modL1_fusion16_fusionL1_fusionBN0_drop0p1__wd1e-04trmiss40_trlocglobal,1,0.7094770073890686,0.6931589245796204,0.46825396825396826,0.49645414175860875,0.4444444444444444,0.0,0.0,0.0,0.0,0.0,0.0,0.0,0.0,0.0,,,,,18473,global,0.4
2,3,lr1e-05_bs32_modL1_fusion16_fusionL1_fusionBN0_drop0p1__wd1e-04trmiss40_trlocglobal,32,1e-05,0.0001,1,16,1,False,0.1,lr1e-05_bs32_modL1_fusion16_fusionL1_fusionBN0_drop0p1__wd1e-04trmiss40_trlocglobal,2,0.7083349724610647,0.694129467010498,0.4781746031746032,0.5024125643153285,0.4444444444444444,0.0,0.0,0.0,0.0,0.0,0.0,0.0,0.0,0.0,,,,,18473,global,0.4
2,3,lr1e-05_bs32_modL1_fusion16_fusionL1_fusionBN0_drop0p1__wd1e-04trmiss40_trlocglobal,32,1e-05,0.0001,1,16,1,False,0.1,lr1e-05_bs32_modL1_fusion16_fusionL1_fusionBN0_drop0p1__wd1e-04trmiss40_trlocglobal,3,0.7052651941776276,0.6951700448989868,0.46825396825396826,0.49964718519223045,0.4444444444444444,0.0,0.0,0.0,0.0,0.0,0.0,0.0,0.0,0.0,,,,,18473,global,0.4
2,3,lr1e-05_bs32_modL1_fusion16_fusionL1_fusionBN0_drop0p1__wd1e-04trmiss40_trlocglobal,32,1e-05,0.0001,1,16,1,False,0.1,lr1e-05_bs32_modL1_fusion16_fusionL1_fusionBN0_drop0p1__wd1e-04trmiss40_trlocglobal,4,0.7032108306884766,0.695899099111557,0.46825396825396826,0.4998446901566946,0.4444444444444444,0.0,0.0,0.0,0.0,0.0,0.0,0.0,0.0,0.0,,,,,18473,global,0.4
2,3,lr1e-05_bs32_modL1_fusion16_fusionL1_fusionBN0_drop0p1__wd1e-04trmiss40_trlocglobal,32,1e-05,0.0001,1,16,1,False,0.1,lr1e-05_bs32_modL1_fusion16_fusionL1_fusionBN0_drop0p1__wd1e-04trmiss40_trlocglobal,5,0.7031998038291931,0.6962584555149078,0.4702380952380953,0.5028814521721151,0.4444444444444444,0.0,0.0,0.0,0.0,0.0,0.0,0.0,0.0,0.0,,,,,18473,global,0.4
2,3,lr1e-05_bs32_modL1_fusion16_fusionL1_fusionBN0_drop0p1__wd1e-04trmiss40_trlocglobal,32,1e-05,0.0001,1,16,1,False,0.1,lr1e-05_bs32_modL1_fusion16_fusionL1_fusionBN0_drop0p1__wd1e-04trmiss40_trlocglobal,6,0.7017638285954794,0.6961976289749146,0.4722222222222222,0.5058743441003211,0.4444444444444444,0.0,0.0,0.0,0.0,0.0,0.0,0.0,0.0,0.0,,,,,18473,global,0.4
2,3,lr1e-05_bs32_modL1_fusion16_fusionL1_fusionBN0_drop0p1__wd1e-04trmiss40_trlocglobal,32,1e-05,0.0001,1,16,1,False,0.1,lr1e-05_bs32_modL1_fusion16_fusionL1_fusionBN0_drop0p1__wd1e-04trmiss40_trlocglobal,7,0.699802041053772,0.6963861882686615,0.47023809523809523,0.5058355752849112,0.4444444444444444,0.0,0.0,0.0,0.0,0.0,0.0,0.0,0.0,0.0,,,,,18473,global,0.4
2,3,lr1e-05_bs32_modL1_fusion16_fusionL1_fusionBN0_drop0p1__wd1e-04trmiss40_trlocglobal,32,1e-05,0.0001,1,16,1,False,0.1,lr1e-05_bs32_modL1_fusion16_fusionL1_fusionBN0_drop0p1__wd1e-04trmiss40_trlocglobal,8,0.6983716090520223,0.6965954005718231,0.47023809523809523,0.5061090297325942,0.4444444444444444,0.0,0.0,0.0,0.0,0.0,0.0,0.0,0.0,0.0,,,,,18473,global,0.4
2,3,lr1e-05_bs32_modL1_fusion16_fusionL1_fusionBN0_drop0p1__wd1e-04trmiss40_trlocglobal,32,1e-05,0.0001,1,16,1,False,0.1,lr1e-05_bs32_modL1_fusion16_fusionL1_fusionBN0_drop0p1__wd1e-04trmiss40_trlocglobal,9,0.6976983149846395,0.6965499818325043,0.4623015873015873,0.5023277041350124,0.4444444444444444,0.0,0.0,0.0,0.0,0.0,0.0,0.0,0.0,0.0,,,,,18473,global,0.4
2,3,lr1e-05_bs32_modL1_fusion16_fusionL1_fusionBN0_drop0p1__wd1e-04trmiss40_trlocglobal,32,1e-05,0.0001,1,16,1,False,0.1,lr1e-05_bs32_modL1_fusion16_fusionL1_fusionBN0_drop0p1__wd1e-04trmiss40_trlocglobal,10,0.6950974464416504,0.6966535151004791,0.4623015873015873,0.5043052593736838,0.4444444444444444,0.0,0.0,0.0,0.0,0.0,0.0,0.0,0.0,0.0,,,,,18473,global,0.4
2,3,lr1e-05_bs32_modL1_fusion16_fusionL1_fusionBN0_drop0p1__wd1e-04trmiss40_trlocglobal,32,1e-05,0.0001,1,16,1,False,0.1,lr1e-05_bs32_modL1_fusion16_fusionL1_fusionBN0_drop0p1__wd1e-04trmiss40_trlocglobal,11,0.6895999312400818,0.69724440574646,0.44841269841269843,0.4967929072665172,0.4444444444444444,0.0,0.0,0.0,0.0,0.0,0.0,0.0,0.0,0.0,,,,,18473,global,0.4
2,3,lr1e-05_bs32_modL1_fusion16_fusionL1_fusionBN0_drop0p1__wd1e-04trmiss40_trlocglobal,32,1e-05,0.0001,1,16,1,False,0.1,lr1e-05_bs32_modL1_fusion16_fusionL1_fusionBN0_drop0p1__wd1e-04trmiss40_trlocglobal,12,0.6939942836761475,0.697362869977951,0.44246031746031744,0.49375427655468046,0.4444444444444444,0.0,0.0,0.0,0.0,0.0,0.0,0.0,0.0,0.0,,,,,18473,global,0.4
2,3,lr1e-05_bs32_modL1_fusion16_fusionL1_fusionBN0_drop0p1__wd1e-04trmiss40_trlocglobal,32,1e-05,0.0001,1,16,1,False,0.1,lr1e-05_bs32_modL1_fusion16_fusionL1_fusionBN0_drop0p1__wd1e-04trmiss40_trlocglobal,13,0.6824199358622233,0.697403758764267,0.4424603174603175,0.4943521028935893,0.4444444444444444,0.0,0.0,0.0,0.0,0.0,0.0,0.0,0.0,0.0,,,,,18473,global,0.4
2,3,lr1e-05_bs32_modL1_fusion16_fusionL1_fusionBN0_drop0p1__wd1e-04trmiss40_trlocglobal,32,1e-05,0.0001,1,16,1,False,0.1,lr1e-05_bs32_modL1_fusion16_fusionL1_fusionBN0_drop0p1__wd1e-04trmiss40_trlocglobal,14,0.6862761179606119,0.697262167930603,0.4444444444444444,0.4963291469069236,0.4444444444444444,0.0,0.0,0.0,0.0,0.0,0.0,0.0,0.0,0.0,,,,,18473,global,0.4
2,3,lr1e-05_bs32_modL1_fusion16_fusionL1_fusionBN0_drop0p1__wd1e-04trmiss40_trlocglobal,32,1e-05,0.0001,1,16,1,False,0.1,lr1e-05_bs32_modL1_fusion16_fusionL1_fusionBN0_drop0p1__wd1e-04trmiss40_trlocglobal,15,0.6860919892787933,0.6967250406742096,0.4484126984126985,0.4979118964885101,0.4444444444444444,0.0,0.0,0.0,0.0,0.0,0.0,0.0,0.0,0.0,,,,,18473,global,0.4
2,3,lr1e-05_bs32_modL1_fusion16_fusionL1_fusionBN0_drop0p1__wd1e-04trmiss40_trlocglobal,32,1e-05,0.0001,1,16,1,False,0.1,lr1e-05_bs32_modL1_fusion16_fusionL1_fusionBN0_drop0p1__wd1e-04trmiss40_trlocglobal,16,0.6893894672393799,0.6968859434127808,0.4404761904761905,0.4969302024092738,0.4444444444444444,0.0,0.0,0.0,0.0,0.0,0.0,0.0,0.0,0.0,,,,,18473,global,0.4
2,3,lr1e-05_bs32_modL1_fusion16_fusionL1_fusionBN0_drop0p1__wd1e-04trmiss40_trlocglobal,32,1e-05,0.0001,1,16,1,False,0.1,lr1e-05_bs32_modL1_fusion16_fusionL1_fusionBN0_drop0p1__wd1e-04trmiss40_trlocglobal,17,0.6852999726931254,0.6969043016433716,0.4503968253968254,0.49949267751879195,0.4444444444444444,0.0,0.0,0.0,0.0,0.0,0.0,0.0,0.0,0.0,,,,,18473,global,0.4
2,3,lr1e-05_bs32_modL1_fusion16_fusionL1_fusionBN0_drop0p1__wd1e-04trmiss40_trlocglobal,32,1e-05,0.0001,1,16,1,False,0.1,lr1e-05_bs32_modL1_fusion16_fusionL1_fusionBN0_drop0p1__wd1e-04trmiss40_trlocglobal,18,0.6871636013189951,0.6967945694923401,0.44246031746031744,0.4968804027659782,0.4444444444444444,0.0,0.0,0.0,0.0,0.0,0.0,0.0,0.0,0.0,,,,,18473,global,0.4
2,3,lr1e-05_bs32_modL1_fusion16_fusionL1_fusionBN0_drop0p1__wd1e-04trmiss40_trlocglobal,32,1e-05,0.0001,1,16,1,False,0.1,lr1e-05_bs32_modL1_fusion16_fusionL1_fusionBN0_drop0p1__wd1e-04trmiss40_trlocglobal,19,0.6859354178110758,0.696572870016098,0.4464285714285714,0.5016072110615053,0.4444444444444444,0.0,0.0,0.0,0.0,0.0,0.0,0.0,0.0,0.0,,,,,18473,global,0.4
2,3,lr1e-05_bs32_modL1_fusion16_fusionL1_fusionBN0_drop0p1__wd1e-04trmiss40_trlocglobal,32,1e-05,0.0001,1,16,1,False,0.1,lr1e-05_bs32_modL1_fusion16_fusionL1_fusionBN0_drop0p1__wd1e-04trmiss40_trlocglobal,20,0.6825482745965322,0.6963910460472107,0.4543650793650794,0.5027105014511493,0.4444444444444444,0.0,0.0,0.0,0.0,0.0,0.0,0.0,0.0,0.0,,,,,18473,global,0.4
2,3,lr1e-05_bs32_modL1_fusion16_fusionL1_fusionBN0_drop0p1__wd1e-04trmiss40_trlocglobal,32,1e-05,0.0001,1,16,1,False,0.1,lr1e-05_bs32_modL1_fusion16_fusionL1_fusionBN0_drop0p1__wd1e-04trmiss40_trlocglobal,21,0.6817246675491333,0.6963001489639282,0.4563492063492064,0.5048694204178248,0.4444444444444444,0.0,0.0,0.0,0.0,0.0,0.0,0.0,0.0,0.0,,,,,18473,global,0.4
2,3,lr1e-05_bs32_modL1_fusion16_fusionL1_fusionBN0_drop0p1__wd1e-04trmiss40_trlocglobal,32,1e-05,0.0001,1,16,1,False,0.1,lr1e-05_bs32_modL1_fusion16_fusionL1_fusionBN0_drop0p1__wd1e-04trmiss40_trlocglobal,22,0.681719700495402,0.6965776085853577,0.4523809523809524,0.5053787256763647,0.4444444444444444,0.0,0.0,0.0,0.0,0.0,0.0,0.0,0.0,0.0,,,,,18473,global,0.4
2,3,lr1e-05_bs32_modL1_fusion16_fusionL1_fusionBN0_drop0p1__wd1e-04trmiss40_trlocglobal,32,1e-05,0.0001,1,16,1,False,0.1,lr1e-05_bs32_modL1_fusion16_fusionL1_fusionBN0_drop0p1__wd1e-04trmiss40_trlocglobal,23,0.6779888470967611,0.6963517963886261,0.45436507936507936,0.5067676145652535,0.4444444444444444,0.0,0.0,0.0,0.0,0.0,0.0,0.0,0.0,0.0,,,,,18473,global,0.4
2,3,lr1e-05_bs32_modL1_fusion16_fusionL1_fusionBN0_drop0p1__wd1e-04trmiss40_trlocglobal,32,1e-05,0.0001,1,16,1,False,0.1,lr1e-05_bs32_modL1_fusion16_fusionL1_fusionBN0_drop0p1__wd1e-04trmiss40_trlocglobal,24,0.6810499727725983,0.6961365044116974,0.46428571428571425,0.5102283151014713,0.4444444444444444,0.0,0.0,0.0,0.0,0.0,0.0,0.0,0.0,0.0,,,,,18473,global,0.4
2,3,lr1e-05_bs32_modL1_fusion16_fusionL1_fusionBN0_drop0p1__wd1e-04trmiss40_trlocglobal,32,1e-05,0.0001,1,16,1,False,0.1,lr1e-05_bs32_modL1_fusion16_fusionL1_fusionBN0_drop0p1__wd1e-04trmiss40_trlocglobal,25,0.6796319683392843,0.6959366798400879,0.46031746031746035,0.5087920007383276,0.4444444444444444,0.0,0.0,0.0,0.0,0.0,0.0,0.0,0.0,0.0,,,,,18473,global,0.4
2,3,lr1e-05_bs32_modL1_fusion16_fusionL1_fusionBN0_drop0p1__wd1e-04trmiss40_trlocglobal,32,1e-05,0.0001,1,16,1,False,0.1,lr1e-05_bs32_modL1_fusion16_fusionL1_fusionBN0_drop0p1__wd1e-04trmiss40_trlocglobal,26,0.6778340140978495,0.6958815455436707,0.4662698412698413,0.5108404547894513,0.4444444444444444,0.0,0.0,0.0,0.0,0.0,0.0,0.0,0.0,0.0,,,,,18473,global,0.4
2,3,lr1e-05_bs32_modL1_fusion32_fusionL1_fusionBN0_drop0p2__wd1e-04trmiss40_trlocglobal,32,1e-05,0.0001,1,32,1,False,0.2,lr1e-05_bs32_modL1_fusion32_fusionL1_fusionBN0_drop0p2__wd1e-04trmiss40_trlocglobal,1,0.6981879969437917,0.6909520030021667,0.626984126984127,0.7293645054766935,0.6222222222222222,0.0,0.0,0.0,0.0,0.0,0.0,0.0,0.0,0.0,,,,,18473,global,0.4
2,3,lr1e-05_bs32_modL1_fusion32_fusionL1_fusionBN0_drop0p2__wd1e-04trmiss40_trlocglobal,32,1e-05,0.0001,1,32,1,False,0.2,lr1e-05_bs32_modL1_fusion32_fusionL1_fusionBN0_drop0p2__wd1e-04trmiss40_trlocglobal,2,0.6861848135789236,0.6899952292442322,0.6408730158730158,0.7484234364798168,0.6222222222222222,0.0,0.0,0.0,0.0,0.0,0.0,0.0,0.0,0.0,,,,,18473,global,0.4
2,3,lr1e-05_bs32_modL1_fusion32_fusionL1_fusionBN0_drop0p2__wd1e-04trmiss40_trlocglobal,32,1e-05,0.0001,1,32,1,False,0.2,lr1e-05_bs32_modL1_fusion32_fusionL1_fusionBN0_drop0p2__wd1e-04trmiss40_trlocglobal,3,0.6899554332097372,0.688388854265213,0.6527777777777778,0.7609245125451343,0.5777777777777777,0.0,0.0,0.0,0.0,0.0,0.0,0.0,0.0,0.0,,,,,18473,global,0.4
2,3,lr1e-05_bs32_modL1_fusion32_fusionL1_fusionBN0_drop0p2__wd1e-04trmiss40_trlocglobal,32,1e-05,0.0001,1,32,1,False,0.2,lr1e-05_bs32_modL1_fusion32_fusionL1_fusionBN0_drop0p2__wd1e-04trmiss40_trlocglobal,4,0.687922736008962,0.6873314380645752,0.6587301587301588,0.770309948552232,0.5777777777777777,0.0,0.0,0.0,0.0,0.0,0.0,0.0,0.0,0.0,,,,,18473,global,0.4
2,3,lr1e-05_bs32_modL1_fusion32_fusionL1_fusionBN0_drop0p2__wd1e-04trmiss40_trlocglobal,32,1e-05,0.0001,1,32,1,False,0.2,lr1e-05_bs32_modL1_fusion32_fusionL1_fusionBN0_drop0p2__wd1e-04trmiss40_trlocglobal,5,0.6869128147761027,0.6864859163761139,0.6567460317460317,0.7714048979927697,0.5777777777777777,0.0,0.0,0.0,0.0,0.0,0.0,0.0,0.0,0.0,,,,,18473,global,0.4
2,3,lr1e-05_bs32_modL1_fusion32_fusionL1_fusionBN0_drop0p2__wd1e-04trmiss40_trlocglobal,32,1e-05,0.0001,1,32,1,False,0.2,lr1e-05_bs32_modL1_fusion32_fusionL1_fusionBN0_drop0p2__wd1e-04trmiss40_trlocglobal,6,0.6847692231337229,0.6856818497180939,0.6587301587301587,0.7762360119271445,0.5777777777777777,0.0,0.0,0.0,0.0,0.0,0.0,0.0,0.0,0.0,,,,,18473,global,0.4
2,3,lr1e-05_bs32_modL1_fusion32_fusionL1_fusionBN0_drop0p2__wd1e-04trmiss40_trlocglobal,32,1e-05,0.0001,1,32,1,False,0.2,lr1e-05_bs32_modL1_fusion32_fusionL1_fusionBN0_drop0p2__wd1e-04trmiss40_trlocglobal,7,0.6772201855977377,0.6854029595851898,0.6607142857142857,0.7772616529527854,0.6,0.0,0.0,0.0,0.0,0.0,0.0,0.0,0.0,0.0,,,,,18473,global,0.4
2,3,lr1e-05_bs32_modL1_fusion32_fusionL1_fusionBN0_drop0p2__wd1e-04trmiss40_trlocglobal,32,1e-05,0.0001,1,32,1,False,0.2,lr1e-05_bs32_modL1_fusion32_fusionL1_fusionBN0_drop0p2__wd1e-04trmiss40_trlocglobal,8,0.6748405992984772,0.6849181056022644,0.6626984126984127,0.774473662756707,0.6222222222222222,0.0,0.0,0.0,0.0,0.0,0.0,0.0,0.0,0.0,,,,,18473,global,0.4
2,3,lr1e-05_bs32_modL1_fusion32_fusionL1_fusionBN0_drop0p2__wd1e-04trmiss40_trlocglobal,32,1e-05,0.0001,1,32,1,False,0.2,lr1e-05_bs32_modL1_fusion32_fusionL1_fusionBN0_drop0p2__wd1e-04trmiss40_trlocglobal,9,0.6728221476078033,0.6848052442073822,0.6607142857142857,0.768081766495859,0.6222222222222222,0.0,0.0,0.0,0.0,0.0,0.0,0.0,0.0,0.0,,,,,18473,global,0.4
2,3,lr1e-05_bs32_modL1_fusion32_fusionL1_fusionBN0_drop0p2__wd1e-04trmiss40_trlocglobal,32,1e-05,0.0001,1,32,1,False,0.2,lr1e-05_bs32_modL1_fusion32_fusionL1_fusionBN0_drop0p2__wd1e-04trmiss40_trlocglobal,10,0.679497500260671,0.68507120013237,0.6626984126984127,0.7687470326023016,0.6222222222222222,0.0,0.0,0.0,0.0,0.0,0.0,0.0,0.0,0.0,,,,,18473,global,0.4
2,3,lr1e-05_bs32_modL1_fusion32_fusionL1_fusionBN0_drop0p2__wd1e-04trmiss40_trlocglobal,32,1e-05,0.0001,1,32,1,False,0.2,lr1e-05_bs32_modL1_fusion32_fusionL1_fusionBN0_drop0p2__wd1e-04trmiss40_trlocglobal,11,0.6746624906857809,0.6852570176124573,0.6646825396825398,0.7698946927533188,0.6222222222222222,0.0,0.0,0.0,0.0,0.0,0.0,0.0,0.0,0.0,,,,,18473,global,0.4
2,3,lr1e-05_bs32_modL1_fusion32_fusionL1_fusionBN0_drop0p2__wd1e-04trmiss40_trlocglobal,32,1e-05,0.0001,1,32,1,False,0.2,lr1e-05_bs32_modL1_fusion32_fusionL1_fusionBN0_drop0p2__wd1e-04trmiss40_trlocglobal,12,0.6756991147994995,0.6851963400840759,0.6706349206349207,0.7746999279816116,0.6222222222222222,0.0,0.0,0.0,0.0,0.0,0.0,0.0,0.0,0.0,,,,,18473,global,0.4
2,3,lr1e-05_bs32_modL1_fusion32_fusionL1_fusionBN0_drop0p2__wd1e-04trmiss40_trlocglobal,32,1e-05,0.0001,1,32,1,False,0.2,lr1e-05_bs32_modL1_fusion32_fusionL1_fusionBN0_drop0p2__wd1e-04trmiss40_trlocglobal,13,0.6702526112397512,0.6849251687526703,0.6666666666666667,0.7684192149989304,0.6222222222222222,0.0,0.0,0.0,0.0,0.0,0.0,0.0,0.0,0.0,,,,,18473,global,0.4
2,3,lr1e-05_bs32_modL1_fusion32_fusionL1_fusionBN0_drop0p2__wd1e-04trmiss40_trlocglobal,32,1e-05,0.0001,1,32,1,False,0.2,lr1e-05_bs32_modL1_fusion32_fusionL1_fusionBN0_drop0p2__wd1e-04trmiss40_trlocglobal,14,0.6749477485815684,0.6850745379924774,0.6666666666666667,0.7684192149989304,0.6222222222222222,0.0,0.0,0.0,0.0,0.0,0.0,0.0,0.0,0.0,,,,,18473,global,0.4
2,3,lr1e-05_bs32_modL1_fusion32_fusionL1_fusionBN0_drop0p2__wd1e-04trmiss40_trlocglobal,32,1e-05,0.0001,1,32,1,False,0.2,lr1e-05_bs32_modL1_fusion32_fusionL1_fusionBN0_drop0p2__wd1e-04trmiss40_trlocglobal,15,0.6776783068974813,0.6856102347373962,0.6646825396825398,0.7632108816655971,0.6222222222222222,0.0,0.0,0.0,0.0,0.0,0.0,0.0,0.0,0.0,,,,,18473,global,0.4
2,3,lr1e-05_bs32_modL1_fusion32_fusionL1_fusionBN0_drop0p2__wd1e-04trmiss40_trlocglobal,32,1e-05,0.0001,1,32,1,False,0.2,lr1e-05_bs32_modL1_fusion32_fusionL1_fusionBN0_drop0p2__wd1e-04trmiss40_trlocglobal,16,0.6674371759096781,0.6857340037822723,0.6646825396825398,0.7632108816655971,0.6222222222222222,0.0,0.0,0.0,0.0,0.0,0.0,0.0,0.0,0.0,,,,,18473,global,0.4
2,3,lr1e-05_bs32_modL1_fusion32_fusionL1_fusionBN0_drop0p2__wd1e-04trmiss40_trlocglobal,32,1e-05,0.0001,1,32,1,False,0.2,lr1e-05_bs32_modL1_fusion32_fusionL1_fusionBN0_drop0p2__wd1e-04trmiss40_trlocglobal,17,0.667160838842392,0.6855312287807465,0.6666666666666667,0.7684192149989304,0.6222222222222222,0.0,0.0,0.0,0.0,0.0,0.0,0.0,0.0,0.0,,,,,18473,global,0.4
2,3,lr1e-05_bs32_modL1_fusion32_fusionL1_fusionBN0_drop0p2__wd1e-04trmiss40_trlocglobal,32,1e-05,0.0001,1,32,1,False,0.2,lr1e-05_bs32_modL1_fusion32_fusionL1_fusionBN0_drop0p2__wd1e-04trmiss40_trlocglobal,18,0.6708568731943766,0.6857389509677887,0.6646825396825398,0.7627905072868892,0.6222222222222222,0.0,0.0,0.0,0.0,0.0,0.0,0.0,0.0,0.0,,,,,18473,global,0.4
2,3,lr1e-05_bs32_modL1_fusion32_fusionL1_fusionBN0_drop0p2__wd1e-04trmiss40_trlocglobal,32,1e-05,0.0001,1,32,1,False,0.2,lr1e-05_bs32_modL1_fusion32_fusionL1_fusionBN0_drop0p2__wd1e-04trmiss40_trlocglobal,19,0.6695151527722677,0.6855016648769379,0.6646825396825398,0.7600104489033825,0.6222222222222222,0.0,0.0,0.0,0.0,0.0,0.0,0.0,0.0,0.0,,,,,18473,global,0.4
2,3,lr1e-05_bs32_modL1_fusion32_fusionL1_fusionBN0_drop0p2__wd1e-04trmiss40_trlocglobal,32,1e-05,0.0001,1,32,1,False,0.2,lr1e-05_bs32_modL1_fusion32_fusionL1_fusionBN0_drop0p2__wd1e-04trmiss40_trlocglobal,20,0.664259284734726,0.6858824193477631,0.6666666666666666,0.7590593619468609,0.6222222222222222,0.0,0.0,0.0,0.0,0.0,0.0,0.0,0.0,0.0,,,,,18473,global,0.4
2,3,lr1e-05_bs32_modL1_fusion32_fusionL1_fusionBN0_drop0p2__wd1e-04trmiss40_trlocglobal,32,1e-05,0.0001,1,32,1,False,0.2,lr1e-05_bs32_modL1_fusion32_fusionL1_fusionBN0_drop0p2__wd1e-04trmiss40_trlocglobal,21,0.6643993258476257,0.6856558918952942,0.6666666666666666,0.7595828662203652,0.6222222222222222,0.0,0.0,0.0,0.0,0.0,0.0,0.0,0.0,0.0,,,,,18473,global,0.4
2,3,lr1e-05_bs32_modL1_fusion32_fusionL1_fusionBN0_drop0p2__wd1e-04trmiss40_trlocglobal,32,1e-05,0.0001,1,32,1,False,0.2,lr1e-05_bs32_modL1_fusion32_fusionL1_fusionBN0_drop0p2__wd1e-04trmiss40_trlocglobal,22,0.6688260237375895,0.6857859492301941,0.6626984126984128,0.7557584012116896,0.6222222222222222,0.0,0.0,0.0,0.0,0.0,0.0,0.0,0.0,0.0,,,,,18473,global,0.4
2,3,lr1e-05_bs32_modL1_fusion32_fusionL1_fusionBN0_drop0p2__wd1e-04trmiss40_trlocglobal,32,1e-05,0.0001,1,32,1,False,0.2,lr1e-05_bs32_modL1_fusion32_fusionL1_fusionBN0_drop0p2__wd1e-04trmiss40_trlocglobal,23,0.6642276247342428,0.686206042766571,0.6607142857142857,0.7503401221414499,0.6222222222222222,0.0,0.0,0.0,0.0,0.0,0.0,0.0,0.0,0.0,,,,,18473,global,0.4
2,3,lr1e-05_bs32_modL1_fusion32_fusionL1_fusionBN0_drop0p2__wd1e-04trmiss40_trlocglobal,32,1e-05,0.0001,1,32,1,False,0.2,lr1e-05_bs32_modL1_fusion32_fusionL1_fusionBN0_drop0p2__wd1e-04trmiss40_trlocglobal,24,0.6655216217041016,0.6861553192138672,0.6587301587301588,0.7453825344392968,0.6222222222222222,0.0,0.0,0.0,0.0,0.0,0.0,0.0,0.0,0.0,,,,,18473,global,0.4
2,3,lr1e-05_bs32_modL1_fusion32_fusionL1_fusionBN0_drop0p2__wd1e-04trmiss40_trlocglobal,32,1e-05,0.0001,1,32,1,False,0.2,lr1e-05_bs32_modL1_fusion32_fusionL1_fusionBN0_drop0p2__wd1e-04trmiss40_trlocglobal,25,0.6535636881987253,0.6860232353210449,0.6626984126984128,0.7473590301657926,0.6222222222222222,0.0,0.0,0.0,0.0,0.0,0.0,0.0,0.0,0.0,,,,,18473,global,0.4
2,3,lr1e-05_bs32_modL1_fusion32_fusionL1_fusionBN0_drop0p2__wd1e-04trmiss40_trlocglobal,32,1e-05,0.0001,1,32,1,False,0.2,lr1e-05_bs32_modL1_fusion32_fusionL1_fusionBN0_drop0p2__wd1e-04trmiss40_trlocglobal,26,0.6562722325325012,0.6862057447433472,0.6567460317460317,0.7443427696804918,0.6222222222222222,0.0,0.0,0.0,0.0,0.0,0.0,0.0,0.0,0.0,,,,,18473,global,0.4
2,3,lr1e-05_bs32_modL1_fusion32_fusionL1_fusionBN0_drop0p2__wd1e-04trmiss40_trlocglobal,32,1e-05,0.0001,1,32,1,False,0.2,lr1e-05_bs32_modL1_fusion32_fusionL1_fusionBN0_drop0p2__wd1e-04trmiss40_trlocglobal,27,0.6549391448497772,0.6860484778881073,0.6567460317460317,0.7418269314738641,0.6444444444444445,0.0,0.0,0.0,0.0,0.0,0.0,0.0,0.0,0.0,,,,,18473,global,0.4
2,3,lr1e-05_bs32_modL1_fusion32_fusionL1_fusionBN0_drop0p2__wd1e-04trmiss40_trlocglobal,32,1e-05,0.0001,1,32,1,False,0.2,lr1e-05_bs32_modL1_fusion32_fusionL1_fusionBN0_drop0p2__wd1e-04trmiss40_trlocglobal,28,0.6538883745670319,0.6859866678714752,0.6547619047619049,0.7408348679818006,0.6444444444444445,0.0,0.0,0.0,0.0,0.0,0.0,0.0,0.0,0.0,,,,,18473,global,0.4
2,3,lr1e-05_bs32_modL1_fusion32_fusionL1_fusionBN0_drop0p2__wd1e-04trmiss40_trlocglobal,32,1e-05,0.0001,1,32,1,False,0.2,lr1e-05_bs32_modL1_fusion32_fusionL1_fusionBN0_drop0p2__wd1e-04trmiss40_trlocglobal,29,0.6574312150478363,0.6859217584133148,0.6567460317460317,0.7418269314738641,0.6444444444444445,0.0,0.0,0.0,0.0,0.0,0.0,0.0,0.0,0.0,,,,,18473,global,0.4
2,3,lr1e-05_bs32_modL1_fusion32_fusionL1_fusionBN0_drop0p2__wd1e-04trmiss40_trlocglobal,32,1e-05,0.0001,1,32,1,False,0.2,lr1e-05_bs32_modL1_fusion32_fusionL1_fusionBN0_drop0p2__wd1e-04trmiss40_trlocglobal,30,0.6428741912047068,0.6858487129211426,0.6587301587301588,0.7424921975803067,0.6444444444444445,0.0,0.0,0.0,0.0,0.0,0.0,0.0,0.0,0.0,,,,,18473,global,0.4
2,3,lr1e-05_bs32_modL1_fusion32_fusionL1_fusionBN0_drop0p2__wd1e-04trmiss40_trlocglobal,32,1e-05,0.0001,1,32,1,False,0.2,lr1e-05_bs32_modL1_fusion32_fusionL1_fusionBN0_drop0p2__wd1e-04trmiss40_trlocglobal,31,0.6557349363962809,0.6856686174869537,0.6587301587301588,0.7436651667679819,0.6444444444444445,0.0,0.0,0.0,0.0,0.0,0.0,0.0,0.0,0.0,,,,,18473,global,0.4
2,3,lr1e-05_bs32_modL1_fusion32_fusionL1_fusionBN0_drop0p2__wd1e-04trmiss40_trlocglobal,32,1e-05,0.0001,1,32,1,False,0.2,lr1e-05_bs32_modL1_fusion32_fusionL1_fusionBN0_drop0p2__wd1e-04trmiss40_trlocglobal,32,0.6517799993356069,0.6857494413852692,0.6607142857142857,0.7464682757533663,0.6444444444444445,0.0,0.0,0.0,0.0,0.0,0.0,0.0,0.0,0.0,,,,,18473,global,0.4
2,3,lr1e-05_bs32_modL1_fusion32_fusionL1_fusionBN0_drop0p1__wd1e-04trmiss40_trlocglobal,32,1e-05,0.0001,1,32,1,False,0.1,lr1e-05_bs32_modL1_fusion32_fusionL1_fusionBN0_drop0p1__wd1e-04trmiss40_trlocglobal,1,0.7003946602344513,0.6930054128170013,0.45833333333333337,0.6010842507264845,0.4666666666666667,0.0,0.0,0.0,0.0,0.0,0.0,0.0,0.0,0.0,,,,,18473,global,0.4
2,3,lr1e-05_bs32_modL1_fusion32_fusionL1_fusionBN0_drop0p1__wd1e-04trmiss40_trlocglobal,32,1e-05,0.0001,1,32,1,False,0.1,lr1e-05_bs32_modL1_fusion32_fusionL1_fusionBN0_drop0p1__wd1e-04trmiss40_trlocglobal,2,0.6939723889032999,0.6942968368530273,0.45634920634920634,0.598236815115891,0.5111111111111111,0.0,0.0,0.0,0.0,0.0,0.0,0.0,0.0,0.0,,,,,18473,global,0.4
2,3,lr1e-05_bs32_modL1_fusion32_fusionL1_fusionBN0_drop0p1__wd1e-04trmiss40_trlocglobal,32,1e-05,0.0001,1,32,1,False,0.1,lr1e-05_bs32_modL1_fusion32_fusionL1_fusionBN0_drop0p1__wd1e-04trmiss40_trlocglobal,3,0.6964900890986124,0.6952542066574097,0.44246031746031755,0.5934143658818121,0.5111111111111111,0.0,0.0,0.0,0.0,0.0,0.0,0.0,0.0,0.0,,,,,18473,global,0.4
2,3,lr1e-05_bs32_modL1_fusion32_fusionL1_fusionBN0_drop0p1__wd1e-04trmiss40_trlocglobal,32,1e-05,0.0001,1,32,1,False,0.1,lr1e-05_bs32_modL1_fusion32_fusionL1_fusionBN0_drop0p1__wd1e-04trmiss40_trlocglobal,4,0.688547690709432,0.6963491439819336,0.43650793650793657,0.5912178885118351,0.4888888888888889,0.0,0.0,0.0,0.0,0.0,0.0,0.0,0.0,0.0,,,,,18473,global,0.4
2,3,lr1e-05_bs32_modL1_fusion32_fusionL1_fusionBN0_drop0p1__wd1e-04trmiss40_trlocglobal,32,1e-05,0.0001,1,32,1,False,0.1,lr1e-05_bs32_modL1_fusion32_fusionL1_fusionBN0_drop0p1__wd1e-04trmiss40_trlocglobal,5,0.6902260581652323,0.6974156498908997,0.43253968253968256,0.5855932194777884,0.5111111111111111,0.0,0.0,0.0,0.0,0.0,0.0,0.0,0.0,0.0,,,,,18473,global,0.4
2,3,lr1e-05_bs32_modL1_fusion32_fusionL1_fusionBN0_drop0p1__wd1e-04trmiss40_trlocglobal,32,1e-05,0.0001,1,32,1,False,0.1,lr1e-05_bs32_modL1_fusion32_fusionL1_fusionBN0_drop0p1__wd1e-04trmiss40_trlocglobal,6,0.6859398086865743,0.6978894174098969,0.4345238095238096,0.5734440704955602,0.5333333333333333,0.0,0.0,0.0,0.0,0.0,0.0,0.0,0.0,0.0,,,,,18473,global,0.4
2,3,lr1e-05_bs32_modL1_fusion32_fusionL1_fusionBN0_drop0p1__wd1e-04trmiss40_trlocglobal,32,1e-05,0.0001,1,32,1,False,0.1,lr1e-05_bs32_modL1_fusion32_fusionL1_fusionBN0_drop0p1__wd1e-04trmiss40_trlocglobal,7,0.6894791920979818,0.6978478133678436,0.43253968253968256,0.5618675943233081,0.5333333333333333,0.0,0.0,0.0,0.0,0.0,0.0,0.0,0.0,0.0,,,,,18473,global,0.4
2,3,lr1e-05_bs32_modL1_fusion32_fusionL1_fusionBN0_drop0p1__wd1e-04trmiss40_trlocglobal,32,1e-05,0.0001,1,32,1,False,0.1,lr1e-05_bs32_modL1_fusion32_fusionL1_fusionBN0_drop0p1__wd1e-04trmiss40_trlocglobal,8,0.6807776093482971,0.6976509094238281,0.4285714285714286,0.5601085007037494,0.5333333333333333,0.0,0.0,0.0,0.0,0.0,0.0,0.0,0.0,0.0,,,,,18473,global,0.4
2,3,lr1e-05_bs32_modL1_fusion32_fusionL1_fusionBN0_drop0p1__wd1e-04trmiss40_trlocglobal,32,1e-05,0.0001,1,32,1,False,0.1,lr1e-05_bs32_modL1_fusion32_fusionL1_fusionBN0_drop0p1__wd1e-04trmiss40_trlocglobal,9,0.6826815009117126,0.6969734728336334,0.43253968253968256,0.5604183346306982,0.5333333333333333,0.0,0.0,0.0,0.0,0.0,0.0,0.0,0.0,0.0,,,,,18473,global,0.4
2,3,lr1e-05_bs32_modL1_fusion32_fusionL1_fusionBN0_drop0p1__wd1e-04trmiss40_trlocglobal,32,1e-05,0.0001,1,32,1,False,0.1,lr1e-05_bs32_modL1_fusion32_fusionL1_fusionBN0_drop0p1__wd1e-04trmiss40_trlocglobal,10,0.680932343006134,0.696241706609726,0.43452380952380953,0.5629363091918814,0.5333333333333333,0.0,0.0,0.0,0.0,0.0,0.0,0.0,0.0,0.0,,,,,18473,global,0.4
2,3,lr1e-05_bs32_modL1_fusion32_fusionL1_fusionBN0_drop0p1__wd1e-04trmiss40_trlocglobal,32,1e-05,0.0001,1,32,1,False,0.1,lr1e-05_bs32_modL1_fusion32_fusionL1_fusionBN0_drop0p1__wd1e-04trmiss40_trlocglobal,11,0.6754360695679983,0.6961217522621155,0.4285714285714286,0.5597089794715459,0.5333333333333333,0.0,0.0,0.0,0.0,0.0,0.0,0.0,0.0,0.0,,,,,18473,global,0.4
2,3,lr1e-05_bs32_modL1_fusion32_fusionL1_fusionBN0_drop0p1__wd1e-04trmiss40_trlocglobal,32,1e-05,0.0001,1,32,1,False,0.1,lr1e-05_bs32_modL1_fusion32_fusionL1_fusionBN0_drop0p1__wd1e-04trmiss40_trlocglobal,12,0.6745067040125529,0.6960298418998718,0.4365079365079365,0.5647005580149538,0.5333333333333333,0.0,0.0,0.0,0.0,0.0,0.0,0.0,0.0,0.0,,,,,18473,global,0.4
2,3,lr1e-05_bs32_modL1_fusion32_fusionL1_fusionBN0_drop0p1__wd1e-04trmiss40_trlocglobal,32,1e-05,0.0001,1,32,1,False,0.1,lr1e-05_bs32_modL1_fusion32_fusionL1_fusionBN0_drop0p1__wd1e-04trmiss40_trlocglobal,13,0.67600217461586,0.6958426237106323,0.4424603174603175,0.5646049329660721,0.5333333333333333,0.0,0.0,0.0,0.0,0.0,0.0,0.0,0.0,0.0,,,,,18473,global,0.4
2,3,lr1e-05_bs32_modL1_fusion32_fusionL1_fusionBN0_drop0p1__wd1e-04trmiss40_trlocglobal,32,1e-05,0.0001,1,32,1,False,0.1,lr1e-05_bs32_modL1_fusion32_fusionL1_fusionBN0_drop0p1__wd1e-04trmiss40_trlocglobal,14,0.6740552683671316,0.6957552134990692,0.4444444444444445,0.565135571578106,0.5333333333333333,0.0,0.0,0.0,0.0,0.0,0.0,0.0,0.0,0.0,,,,,18473,global,0.4
2,3,lr1e-05_bs32_modL1_fusion32_fusionL1_fusionBN0_drop0p1__wd1e-04trmiss40_trlocglobal,32,1e-05,0.0001,1,32,1,False,0.1,lr1e-05_bs32_modL1_fusion32_fusionL1_fusionBN0_drop0p1__wd1e-04trmiss40_trlocglobal,15,0.6744196812311808,0.6959329843521118,0.4444444444444444,0.5590286934850788,0.5111111111111111,0.0,0.0,0.0,0.0,0.0,0.0,0.0,0.0,0.0,,,,,18473,global,0.4
2,3,lr1e-05_bs32_modL1_fusion32_fusionL1_fusionBN0_drop0p1__wd1e-04trmiss40_trlocglobal,32,1e-05,0.0001,1,32,1,False,0.1,lr1e-05_bs32_modL1_fusion32_fusionL1_fusionBN0_drop0p1__wd1e-04trmiss40_trlocglobal,16,0.6651781499385834,0.6957925856113434,0.44047619047619047,0.5545318982906091,0.5333333333333333,0.0,0.0,0.0,0.0,0.0,0.0,0.0,0.0,0.0,,,,,18473,global,0.4
2,3,lr1e-05_bs32_modL1_fusion32_fusionL1_fusionBN0_drop0p1__wd1e-04trmiss40_trlocglobal,32,1e-05,0.0001,1,32,1,False,0.1,lr1e-05_bs32_modL1_fusion32_fusionL1_fusionBN0_drop0p1__wd1e-04trmiss40_trlocglobal,17,0.669224888086319,0.6953355967998505,0.44642857142857145,0.5584155152403216,0.5333333333333333,0.0,0.0,0.0,0.0,0.0,0.0,0.0,0.0,0.0,,,,,18473,global,0.4
2,3,lr1e-05_bs32_modL1_fusion32_fusionL1_fusionBN0_drop0p1__wd1e-04trmiss40_trlocglobal,32,1e-05,0.0001,1,32,1,False,0.1,lr1e-05_bs32_modL1_fusion32_fusionL1_fusionBN0_drop0p1__wd1e-04trmiss40_trlocglobal,18,0.6640969415505728,0.6950257122516632,0.44642857142857145,0.5567741010989073,0.5111111111111111,0.0,0.0,0.0,0.0,0.0,0.0,0.0,0.0,0.0,,,,,18473,global,0.4
2,3,lr1e-05_bs32_modL1_fusion32_fusionL1_fusionBN0_drop0p1__wd1e-04trmiss40_trlocglobal,32,1e-05,0.0001,1,32,1,False,0.1,lr1e-05_bs32_modL1_fusion32_fusionL1_fusionBN0_drop0p1__wd1e-04trmiss40_trlocglobal,19,0.6655836900075277,0.6946357488632202,0.45436507936507936,0.562838567115199,0.5111111111111111,0.0,0.0,0.0,0.0,0.0,0.0,0.0,0.0,0.0,,,,,18473,global,0.4
2,3,lr1e-05_bs32_modL1_fusion32_fusionL1_fusionBN0_drop0p1__wd1e-04trmiss40_trlocglobal,32,1e-05,0.0001,1,32,1,False,0.1,lr1e-05_bs32_modL1_fusion32_fusionL1_fusionBN0_drop0p1__wd1e-04trmiss40_trlocglobal,20,0.6640238563219706,0.6941508948802948,0.4523809523809524,0.5420685486162562,0.5111111111111111,0.0,0.0,0.0,0.0,0.0,0.0,0.0,0.0,0.0,,,,,18473,global,0.4
2,3,lr1e-05_bs32_modL1_fusion32_fusionL1_fusionBN0_drop0p1__wd1e-04trmiss40_trlocglobal,32,1e-05,0.0001,1,32,1,False,0.1,lr1e-05_bs32_modL1_fusion32_fusionL1_fusionBN0_drop0p1__wd1e-04trmiss40_trlocglobal,21,0.6618407070636749,0.6935513019561768,0.4662698412698413,0.57052893808682,0.5111111111111111,0.0,0.0,0.0,0.0,0.0,0.0,0.0,0.0,0.0,,,,,18473,global,0.4
2,3,lr1e-05_bs32_modL1_fusion32_fusionL1_fusionBN0_drop0p1__wd1e-04trmiss40_trlocglobal,32,1e-05,0.0001,1,32,1,False,0.1,lr1e-05_bs32_modL1_fusion32_fusionL1_fusionBN0_drop0p1__wd1e-04trmiss40_trlocglobal,22,0.6638767520586649,0.6932973265647888,0.4642857142857143,0.5742776319217207,0.5111111111111111,0.0,0.0,0.0,0.0,0.0,0.0,0.0,0.0,0.0,,,,,18473,global,0.4
2,3,lr1e-05_bs32_modL1_fusion32_fusionL1_fusionBN0_drop0p1__wd1e-04trmiss40_trlocglobal,32,1e-05,0.0001,1,32,1,False,0.1,lr1e-05_bs32_modL1_fusion32_fusionL1_fusionBN0_drop0p1__wd1e-04trmiss40_trlocglobal,23,0.6638405621051788,0.6927428841590881,0.45833333333333337,0.5708465624659015,0.5111111111111111,0.0,0.0,0.0,0.0,0.0,0.0,0.0,0.0,0.0,,,,,18473,global,0.4
2,3,lr1e-05_bs32_modL1_fusion32_fusionL1_fusionBN0_drop0p1__wd1e-04trmiss40_trlocglobal,32,1e-05,0.0001,1,32,1,False,0.1,lr1e-05_bs32_modL1_fusion32_fusionL1_fusionBN0_drop0p1__wd1e-04trmiss40_trlocglobal,24,0.6636533240477244,0.692376047372818,0.45833333333333337,0.5521499812693204,0.5111111111111111,0.0,0.0,0.0,0.0,0.0,0.0,0.0,0.0,0.0,,,,,18473,global,0.4
2,3,lr1e-05_bs32_modL1_fusion32_fusionL1_fusionBN0_drop0p1__wd1e-04trmiss40_trlocglobal,32,1e-05,0.0001,1,32,1,False,0.1,lr1e-05_bs32_modL1_fusion32_fusionL1_fusionBN0_drop0p1__wd1e-04trmiss40_trlocglobal,25,0.6590991814931234,0.6921579539775848,0.4603174603174603,0.5547255307198699,0.5111111111111111,0.0,0.0,0.0,0.0,0.0,0.0,0.0,0.0,0.0,,,,,18473,global,0.4
2,3,lr1e-05_bs32_modL1_fusion32_fusionL1_fusionBN0_drop0p1__wd1e-04trmiss40_trlocglobal,32,1e-05,0.0001,1,32,1,False,0.1,lr1e-05_bs32_modL1_fusion32_fusionL1_fusionBN0_drop0p1__wd1e-04trmiss40_trlocglobal,26,0.6551249424616495,0.6919587850570679,0.47222222222222227,0.5613381385476913,0.5111111111111111,0.0,0.0,0.0,0.0,0.0,0.0,0.0,0.0,0.0,,,,,18473,global,0.4
2,3,lr1e-05_bs32_modL1_fusion32_fusionL1_fusionBN0_drop0p1__wd1e-04trmiss40_trlocglobal,32,1e-05,0.0001,1,32,1,False,0.1,lr1e-05_bs32_modL1_fusion32_fusionL1_fusionBN0_drop0p1__wd1e-04trmiss40_trlocglobal,27,0.6558960278828939,0.6910703480243683,0.4801587301587302,0.5647901529372057,0.5111111111111111,0.0,0.0,0.0,0.0,0.0,0.0,0.0,0.0,0.0,,,,,18473,global,0.4
2,3,lr1e-05_bs32_modL1_fusion32_fusionL1_fusionBN0_drop0p1__wd1e-04trmiss40_trlocglobal,32,1e-05,0.0001,1,32,1,False,0.1,lr1e-05_bs32_modL1_fusion32_fusionL1_fusionBN0_drop0p1__wd1e-04trmiss40_trlocglobal,28,0.6550796926021576,0.6906756162643433,0.47222222222222227,0.5542336955057483,0.5111111111111111,0.0,0.0,0.0,0.0,0.0,0.0,0.0,0.0,0.0,,,,,18473,global,0.4
2,3,lr1e-05_bs32_modL1_fusion32_fusionL1_fusionBN0_drop0p1__wd1e-04trmiss40_trlocglobal,32,1e-05,0.0001,1,32,1,False,0.1,lr1e-05_bs32_modL1_fusion32_fusionL1_fusionBN0_drop0p1__wd1e-04trmiss40_trlocglobal,29,0.6569302876790365,0.6903097927570343,0.4781746031746032,0.5606458563296738,0.5111111111111111,0.0,0.0,0.0,0.0,0.0,0.0,0.0,0.0,0.0,,,,,18473,global,0.4
2,3,lr1e-05_bs32_modL1_fusion32_fusionL1_fusionBN0_drop0p1__wd1e-04trmiss40_trlocglobal,32,1e-05,0.0001,1,32,1,False,0.1,lr1e-05_bs32_modL1_fusion32_fusionL1_fusionBN0_drop0p1__wd1e-04trmiss40_trlocglobal,30,0.6536369323730469,0.6903160810470581,0.48214285714285715,0.5636220468058643,0.5111111111111111,0.0,0.0,0.0,0.0,0.0,0.0,0.0,0.0,0.0,,,,,18473,global,0.4
2,3,lr1e-05_bs32_modL1_fusion32_fusionL1_fusionBN0_drop0p1__wd1e-04trmiss40_trlocglobal,32,1e-05,0.0001,1,32,1,False,0.1,lr1e-05_bs32_modL1_fusion32_fusionL1_fusionBN0_drop0p1__wd1e-04trmiss40_trlocglobal,31,0.6502804358800253,0.6903831660747528,0.4801587301587302,0.5639410826087711,0.5111111111111111,0.0,0.0,0.0,0.0,0.0,0.0,0.0,0.0,0.0,,,,,18473,global,0.4
2,3,lr1e-05_bs32_modL1_fusion32_fusionL1_fusionBN0_drop0p1__wd1e-04trmiss40_trlocglobal,32,1e-05,0.0001,1,32,1,False,0.1,lr1e-05_bs32_modL1_fusion32_fusionL1_fusionBN0_drop0p1__wd1e-04trmiss40_trlocglobal,32,0.649842768907547,0.690374881029129,0.4801587301587302,0.5633175834938926,0.5333333333333333,0.0,0.0,0.0,0.0,0.0,0.0,0.0,0.0,0.0,,,,,18473,global,0.4
2,3,lr1e-05_bs32_modL1_fusion32_fusionL1_fusionBN0_drop0p1__wd1e-04trmiss40_trlocglobal,32,1e-05,0.0001,1,32,1,False,0.1,lr1e-05_bs32_modL1_fusion32_fusionL1_fusionBN0_drop0p1__wd1e-04trmiss40_trlocglobal,33,0.6536591450373331,0.6904352903366089,0.48412698412698413,0.5656656009734891,0.5333333333333333,0.0,0.0,0.0,0.0,0.0,0.0,0.0,0.0,0.0,,,,,18473,global,0.4
2,3,lr1e-05_bs32_modL1_fusion32_fusionL1_fusionBN0_drop0p1__wd1e-04trmiss40_trlocglobal,32,1e-05,0.0001,1,32,1,False,0.1,lr1e-05_bs32_modL1_fusion32_fusionL1_fusionBN0_drop0p1__wd1e-04trmiss40_trlocglobal,34,0.6461787819862366,0.6903266310691833,0.4801587301587302,0.5625182309143543,0.5333333333333333,0.0,0.0,0.0,0.0,0.0,0.0,0.0,0.0,0.0,,,,,18473,global,0.4
2,3,lr1e-05_bs32_modL1_fusion32_fusionL1_fusionBN0_drop0p1__wd1e-04trmiss40_trlocglobal,32,1e-05,0.0001,1,32,1,False,0.1,lr1e-05_bs32_modL1_fusion32_fusionL1_fusionBN0_drop0p1__wd1e-04trmiss40_trlocglobal,35,0.6492607692877451,0.6902495622634888,0.4801587301587302,0.5587545792605031,0.5333333333333333,0.0,0.0,0.0,0.0,0.0,0.0,0.0,0.0,0.0,,,,,18473,global,0.4
2,3,lr1e-05_bs32_modL1_fusion32_fusionL1_fusionBN0_drop0p1__wd1e-04trmiss40_trlocglobal,32,1e-05,0.0001,1,32,1,False,0.1,lr1e-05_bs32_modL1_fusion32_fusionL1_fusionBN0_drop0p1__wd1e-04trmiss40_trlocglobal,36,0.6519853472709656,0.6901959180831909,0.4821428571428572,0.5553282523568841,0.5111111111111111,0.0,0.0,0.0,0.0,0.0,0.0,0.0,0.0,0.0,,,,,18473,global,0.4
2,3,lr1e-05_bs32_modL1_fusion32_fusionL1_fusionBN0_drop0p1__wd1e-04trmiss40_trlocglobal,32,1e-05,0.0001,1,32,1,False,0.1,lr1e-05_bs32_modL1_fusion32_fusionL1_fusionBN0_drop0p1__wd1e-04trmiss40_trlocglobal,37,0.6491857469081879,0.6900586783885956,0.48611111111111116,0.5566658276168732,0.5111111111111111,0.0,0.0,0.0,0.0,0.0,0.0,0.0,0.0,0.0,,,,,18473,global,0.4
2,3,lr1e-05_bs32_modL1_fusion32_fusionL1_fusionBN0_drop0p1__wd1e-04trmiss40_trlocglobal,32,1e-05,0.0001,1,32,1,False,0.1,lr1e-05_bs32_modL1_fusion32_fusionL1_fusionBN0_drop0p1__wd1e-04trmiss40_trlocglobal,38,0.6481558680534363,0.689751148223877,0.49404761904761907,0.5661028315851271,0.5111111111111111,0.0,0.0,0.0,0.0,0.0,0.0,0.0,0.0,0.0,,,,,18473,global,0.4
2,3,lr1e-05_bs32_modL1_fusion32_fusionL1_fusionBN0_drop0p1__wd1e-04trmiss40_trlocglobal,32,1e-05,0.0001,1,32,1,False,0.1,lr1e-05_bs32_modL1_fusion32_fusionL1_fusionBN0_drop0p1__wd1e-04trmiss40_trlocglobal,39,0.6405254602432251,0.6895009577274323,0.49206349206349204,0.5612463813322197,0.5111111111111111,0.0,0.0,0.0,0.0,0.0,0.0,0.0,0.0,0.0,,,,,18473,global,0.4
2,3,lr1e-05_bs32_modL1_fusion32_fusionL1_fusionBN0_drop0p1__wd1e-04trmiss40_trlocglobal,32,1e-05,0.0001,1,32,1,False,0.1,lr1e-05_bs32_modL1_fusion32_fusionL1_fusionBN0_drop0p1__wd1e-04trmiss40_trlocglobal,40,0.6471677422523499,0.6894589364528656,0.4900793650793651,0.5622239875032657,0.5333333333333333,0.0,0.0,0.0,0.0,0.0,0.0,0.0,0.0,0.0,,,,,18473,global,0.4
2,3,lr1e-05_bs32_modL1_fusion32_fusionL1_fusionBN0_drop0p1__wd1e-04trmiss40_trlocglobal,32,1e-05,0.0001,1,32,1,False,0.1,lr1e-05_bs32_modL1_fusion32_fusionL1_fusionBN0_drop0p1__wd1e-04trmiss40_trlocglobal,41,0.6513648331165314,0.689516693353653,0.48611111111111105,0.5598082328949708,0.5333333333333333,0.0,0.0,0.0,0.0,0.0,0.0,0.0,0.0,0.0,,,,,18473,global,0.4
2,3,lr1e-05_bs32_modL1_fusion32_fusionL1_fusionBN0_drop0p1__wd1e-04trmiss40_trlocglobal,32,1e-05,0.0001,1,32,1,False,0.1,lr1e-05_bs32_modL1_fusion32_fusionL1_fusionBN0_drop0p1__wd1e-04trmiss40_trlocglobal,42,0.64529420932134,0.6894798576831818,0.48809523809523814,0.5604382732175515,0.5111111111111111,0.0,0.0,0.0,0.0,0.0,0.0,0.0,0.0,0.0,,,,,18473,global,0.4
2,3,lr1e-05_bs32_modL1_fusion32_fusionL1_fusionBN0_drop0p1__wd1e-04trmiss40_trlocglobal,32,1e-05,0.0001,1,32,1,False,0.1,lr1e-05_bs32_modL1_fusion32_fusionL1_fusionBN0_drop0p1__wd1e-04trmiss40_trlocglobal,43,0.6425773104031881,0.6893121004104614,0.4920634920634921,0.5660684681859818,0.5111111111111111,0.0,0.0,0.0,0.0,0.0,0.0,0.0,0.0,0.0,,,,,18473,global,0.4
2,3,lr1e-05_bs32_modL1_fusion32_fusionL1_fusionBN0_drop0p1__wd1e-04trmiss40_trlocglobal,32,1e-05,0.0001,1,32,1,False,0.1,lr1e-05_bs32_modL1_fusion32_fusionL1_fusionBN0_drop0p1__wd1e-04trmiss40_trlocglobal,44,0.6434028546015421,0.6895526945590973,0.4920634920634921,0.5641797319222455,0.5333333333333333,0.0,0.0,0.0,0.0,0.0,0.0,0.0,0.0,0.0,,,,,18473,global,0.4
2,3,lr1e-05_bs32_modL1_fusion32_fusionL1_fusionBN0_drop0p1__wd1e-04trmiss40_trlocglobal,32,1e-05,0.0001,1,32,1,False,0.1,lr1e-05_bs32_modL1_fusion32_fusionL1_fusionBN0_drop0p1__wd1e-04trmiss40_trlocglobal,45,0.6369495093822479,0.6896356344223022,0.4920634920634921,0.5641797319222455,0.5111111111111111,0.0,0.0,0.0,0.0,0.0,0.0,0.0,0.0,0.0,,,,,18473,global,0.4
2,3,lr1e-05_bs32_modL1_fusion32_fusionL1_fusionBN0_drop0p1__wd1e-04trmiss40_trlocglobal,32,1e-05,0.0001,1,32,1,False,0.1,lr1e-05_bs32_modL1_fusion32_fusionL1_fusionBN0_drop0p1__wd1e-04trmiss40_trlocglobal,46,0.6408058106899261,0.6894598007202148,0.4920634920634921,0.5639880251225665,0.5111111111111111,0.0,0.0,0.0,0.0,0.0,0.0,0.0,0.0,0.0,,,,,18473,global,0.4
2,3,lr1e-05_bs32_modL1_fusion32_fusionL1_fusionBN0_drop0p1__wd1e-04trmiss40_trlocglobal,32,1e-05,0.0001,1,32,1,False,0.1,lr1e-05_bs32_modL1_fusion32_fusionL1_fusionBN0_drop0p1__wd1e-04trmiss40_trlocglobal,47,0.6376210153102875,0.6891834735870361,0.498015873015873,0.5678593120094143,0.5111111111111111,0.0,0.0,0.0,0.0,0.0,0.0,0.0,0.0,0.0,,,,,18473,global,0.4
2,3,lr1e-05_bs32_modL1_fusion32_fusionL1_fusionBN0_drop0p1__wd1e-04trmiss40_trlocglobal,32,1e-05,0.0001,1,32,1,False,0.1,lr1e-05_bs32_modL1_fusion32_fusionL1_fusionBN0_drop0p1__wd1e-04trmiss40_trlocglobal,48,0.6366113324960073,0.689296156167984,0.5,0.5772758402486169,0.5111111111111111,0.0,0.0,0.0,0.0,0.0,0.0,0.0,0.0,0.0,,,,,18473,global,0.4
2,3,lr1e-05_bs32_modL1_fusion32_fusionL1_fusionBN0_drop0p1__wd1e-04trmiss40_trlocglobal,32,1e-05,0.0001,1,32,1,False,0.1,lr1e-05_bs32_modL1_fusion32_fusionL1_fusionBN0_drop0p1__wd1e-04trmiss40_trlocglobal,49,0.6381172438462576,0.6890207827091217,0.501984126984127,0.5797424708402475,0.5111111111111111,0.0,0.0,0.0,0.0,0.0,0.0,0.0,0.0,0.0,,,,,18473,global,0.4
2,3,lr1e-05_bs32_modL1_fusion32_fusionL1_fusionBN0_drop0p1__wd1e-04trmiss40_trlocglobal,32,1e-05,0.0001,1,32,1,False,0.1,lr1e-05_bs32_modL1_fusion32_fusionL1_fusionBN0_drop0p1__wd1e-04trmiss40_trlocglobal,50,0.6412443419297537,0.688992440700531,0.5,0.5742238840716608,0.5111111111111111,0.0,0.0,0.0,0.0,0.0,0.0,0.0,0.0,0.0,,,,,18473,global,0.4
2,3,lr1e-05_bs32_modL1_fusion32_fusionL1_fusionBN0_drop0p1__wd1e-04trmiss40_trlocglobal,32,1e-05,0.0001,1,32,1,False,0.1,lr1e-05_bs32_modL1_fusion32_fusionL1_fusionBN0_drop0p1__wd1e-04trmiss40_trlocglobal,51,0.6364951233069102,0.6885656416416168,0.5,0.5761584078811846,0.5111111111111111,0.0,0.0,0.0,0.0,0.0,0.0,0.0,0.0,0.0,,,,,18473,global,0.4
2,3,lr1e-05_bs32_modL1_fusion32_fusionL1_fusionBN0_drop0p1__wd1e-04trmiss40_trlocglobal,32,1e-05,0.0001,1,32,1,False,0.1,lr1e-05_bs32_modL1_fusion32_fusionL1_fusionBN0_drop0p1__wd1e-04trmiss40_trlocglobal,52,0.6338803072770437,0.688413679599762,0.49603174603174605,0.5710980138405274,0.5111111111111111,0.0,0.0,0.0,0.0,0.0,0.0,0.0,0.0,0.0,,,,,18473,global,0.4
2,3,lr1e-05_bs32_modL1_fusion32_fusionL1_fusionBN0_drop0p1__wd1e-04trmiss40_trlocglobal,32,1e-05,0.0001,1,32,1,False,0.1,lr1e-05_bs32_modL1_fusion32_fusionL1_fusionBN0_drop0p1__wd1e-04trmiss40_trlocglobal,53,0.6419931848843893,0.6885456144809723,0.5,0.5730325141302909,0.5111111111111111,0.0,0.0,0.0,0.0,0.0,0.0,0.0,0.0,0.0,,,,,18473,global,0.4
2,3,lr1e-05_bs32_modL1_fusion32_fusionL1_fusionBN0_drop0p1__wd1e-04trmiss40_trlocglobal,32,1e-05,0.0001,1,32,1,False,0.1,lr1e-05_bs32_modL1_fusion32_fusionL1_fusionBN0_drop0p1__wd1e-04trmiss40_trlocglobal,54,0.637951264778773,0.6885839104652405,0.498015873015873,0.5702556301034069,0.5111111111111111,0.0,0.0,0.0,0.0,0.0,0.0,0.0,0.0,0.0,,,,,18473,global,0.4
2,3,lr1e-05_bs32_modL1_fusion32_fusionL1_fusionBN0_drop0p1__wd1e-04trmiss40_trlocglobal,32,1e-05,0.0001,1,32,1,False,0.1,lr1e-05_bs32_modL1_fusion32_fusionL1_fusionBN0_drop0p1__wd1e-04trmiss40_trlocglobal,55,0.6418020526568095,0.6885142028331757,0.49603174603174605,0.5666337281262417,0.4888888888888889,0.0,0.0,0.0,0.0,0.0,0.0,0.0,0.0,0.0,,,,,18473,global,0.4
2,3,lr1e-05_bs32_modL1_fusion32_fusionL1_fusionBN0_drop0p1__wd1e-04trmiss40_trlocglobal,32,1e-05,0.0001,1,32,1,False,0.1,lr1e-05_bs32_modL1_fusion32_fusionL1_fusionBN0_drop0p1__wd1e-04trmiss40_trlocglobal,56,0.6365713775157928,0.6885487139225006,0.5,0.5673362239863263,0.5111111111111111,0.0,0.0,0.0,0.0,0.0,0.0,0.0,0.0,0.0,,,,,18473,global,0.4
2,3,lr1e-05_bs32_modL1_fusion32_fusionL1_fusionBN0_drop0p1__wd1e-04trmiss40_trlocglobal,32,1e-05,0.0001,1,32,1,False,0.1,lr1e-05_bs32_modL1_fusion32_fusionL1_fusionBN0_drop0p1__wd1e-04trmiss40_trlocglobal,57,0.6387451489766439,0.6881877183914185,0.503968253968254,0.5712586904087927,0.5111111111111111,0.0,0.0,0.0,0.0,0.0,0.0,0.0,0.0,0.0,,,,,18473,global,0.4
2,3,lr1e-05_bs32_modL1_fusion32_fusionL1_fusionBN0_drop0p1__wd1e-04trmiss40_trlocglobal,32,1e-05,0.0001,1,32,1,False,0.1,lr1e-05_bs32_modL1_fusion32_fusionL1_fusionBN0_drop0p1__wd1e-04trmiss40_trlocglobal,58,0.6299702028433481,0.6881568729877472,0.5,0.5673362239863263,0.5111111111111111,0.0,0.0,0.0,0.0,0.0,0.0,0.0,0.0,0.0,,,,,18473,global,0.4
2,3,lr1e-05_bs32_modL1_fusion32_fusionL1_fusionBN0_drop0p1__wd1e-04trmiss40_trlocglobal,32,1e-05,0.0001,1,32,1,False,0.1,lr1e-05_bs32_modL1_fusion32_fusionL1_fusionBN0_drop0p1__wd1e-04trmiss40_trlocglobal,59,0.6330226361751556,0.6880936026573181,0.5039682539682541,0.567520047515738,0.5111111111111111,0.0,0.0,0.0,0.0,0.0,0.0,0.0,0.0,0.0,,,,,18473,global,0.4
2,3,lr1e-05_bs32_modL1_fusion32_fusionL1_fusionBN0_drop0p1__wd1e-04trmiss40_trlocglobal,32,1e-05,0.0001,1,32,1,False,0.1,lr1e-05_bs32_modL1_fusion32_fusionL1_fusionBN0_drop0p1__wd1e-04trmiss40_trlocglobal,60,0.6353234350681305,0.6880509257316589,0.5019841269841271,0.5668897954148977,0.4888888888888889,0.0,0.0,0.0,0.0,0.0,0.0,0.0,0.0,0.0,,,,,18473,global,0.4
2,3,lr1e-05_bs32_modL1_fusion32_fusionL1_fusionBN0_drop0p1__wd1e-04trmiss40_trlocglobal,32,1e-05,0.0001,1,32,1,False,0.1,lr1e-05_bs32_modL1_fusion32_fusionL1_fusionBN0_drop0p1__wd1e-04trmiss40_trlocglobal,61,0.6324578126271566,0.6880982220172882,0.5039682539682541,0.5708580493831517,0.4888888888888889,0.0,0.0,0.0,0.0,0.0,0.0,0.0,0.0,0.0,,,,,18473,global,0.4
2,3,lr1e-05_bs32_modL1_fusion32_fusionL1_fusionBN0_drop0p1__wd1e-04trmiss40_trlocglobal,32,1e-05,0.0001,1,32,1,False,0.1,lr1e-05_bs32_modL1_fusion32_fusionL1_fusionBN0_drop0p1__wd1e-04trmiss40_trlocglobal,62,0.632417231798172,0.6881193816661835,0.505952380952381,0.5729948015199038,0.4888888888888889,0.0,0.0,0.0,0.0,0.0,0.0,0.0,0.0,0.0,,,,,18473,global,0.4
2,3,lr1e-05_bs32_modL1_fusion32_fusionL1_fusionBN0_drop0p1__wd1e-04trmiss40_trlocglobal,32,1e-05,0.0001,1,32,1,False,0.1,lr1e-05_bs32_modL1_fusion32_fusionL1_fusionBN0_drop0p1__wd1e-04trmiss40_trlocglobal,63,0.6303172210852305,0.6880143284797668,0.509920634920635,0.5848003570754594,0.5111111111111111,0.0,0.0,0.0,0.0,0.0,0.0,0.0,0.0,0.0,,,,,18473,global,0.4
2,3,lr1e-05_bs32_modL1_fusion32_fusionL1_fusionBN0_drop0p1__wd1e-04trmiss40_trlocglobal,32,1e-05,0.0001,1,32,1,False,0.1,lr1e-05_bs32_modL1_fusion32_fusionL1_fusionBN0_drop0p1__wd1e-04trmiss40_trlocglobal,64,0.6329683363437653,0.6882394254207611,0.507936507936508,0.5792448015199039,0.4888888888888889,0.0,0.0,0.0,0.0,0.0,0.0,0.0,0.0,0.0,,,,,18473,global,0.4
2,3,lr1e-05_bs32_modL1_fusion32_fusionL1_fusionBN0_drop0p1__wd1e-04trmiss40_trlocglobal,32,1e-05,0.0001,1,32,1,False,0.1,lr1e-05_bs32_modL1_fusion32_fusionL1_fusionBN0_drop0p1__wd1e-04trmiss40_trlocglobal,65,0.6386881768703461,0.6881114840507507,0.5059523809523809,0.5775086904087927,0.4888888888888889,0.0,0.0,0.0,0.0,0.0,0.0,0.0,0.0,0.0,,,,,18473,global,0.4
2,3,lr1e-05_bs32_modL1_fusion32_fusionL1_fusionBN0_drop0p1__wd1e-04trmiss40_trlocglobal,32,1e-05,0.0001,1,32,1,False,0.1,lr1e-05_bs32_modL1_fusion32_fusionL1_fusionBN0_drop0p1__wd1e-04trmiss40_trlocglobal,66,0.6341797212759653,0.6877160370349884,0.511904761904762,0.5813728749715067,0.5111111111111111,0.0,0.0,0.0,0.0,0.0,0.0,0.0,0.0,0.0,,,,,18473,global,0.4
2,3,lr1e-05_bs32_modL1_fusion32_fusionL1_fusionBN0_drop0p1__wd1e-04trmiss40_trlocglobal,32,1e-05,0.0001,1,32,1,False,0.1,lr1e-05_bs32_modL1_fusion32_fusionL1_fusionBN0_drop0p1__wd1e-04trmiss40_trlocglobal,67,0.6326575974623362,0.6877420842647552,0.509920634920635,0.5807426228706664,0.4888888888888889,0.0,0.0,0.0,0.0,0.0,0.0,0.0,0.0,0.0,,,,,18473,global,0.4
2,3,lr1e-05_bs32_modL1_fusion32_fusionL1_fusionBN0_drop0p1__wd1e-04trmiss40_trlocglobal,32,1e-05,0.0001,1,32,1,False,0.1,lr1e-05_bs32_modL1_fusion32_fusionL1_fusionBN0_drop0p1__wd1e-04trmiss40_trlocglobal,68,0.6314158737659454,0.6878706216812134,0.5059523809523809,0.5712500117236434,0.4888888888888889,0.0,0.0,0.0,0.0,0.0,0.0,0.0,0.0,0.0,,,,,18473,global,0.4
2,3,lr1e-05_bs32_modL1_fusion32_fusionL1_fusionBN0_drop0p1__wd1e-04trmiss40_trlocglobal,32,1e-05,0.0001,1,32,1,False,0.1,lr1e-05_bs32_modL1_fusion32_fusionL1_fusionBN0_drop0p1__wd1e-04trmiss40_trlocglobal,69,0.6281797389189402,0.6877583861351013,0.503968253968254,0.5750840453370888,0.5111111111111111,0.0,0.0,0.0,0.0,0.0,0.0,0.0,0.0,0.0,,,,,18473,global,0.4
2,3,lr1e-05_bs32_modL1_fusion32_fusionL1_fusionBN0_drop0p1__wd1e-04trmiss40_trlocglobal,32,1e-05,0.0001,1,32,1,False,0.1,lr1e-05_bs32_modL1_fusion32_fusionL1_fusionBN0_drop0p1__wd1e-04trmiss40_trlocglobal,70,0.6375751197338104,0.6873700618743896,0.5079365079365079,0.5733867638603956,0.5111111111111111,0.0,0.0,0.0,0.0,0.0,0.0,0.0,0.0,0.0,,,,,18473,global,0.4
2,3,lr1e-05_bs32_modL1_fusion32_fusionL1_fusionBN0_drop0p1__wd1e-04trmiss40_trlocglobal,32,1e-05,0.0001,1,32,1,False,0.1,lr1e-05_bs32_modL1_fusion32_fusionL1_fusionBN0_drop0p1__wd1e-04trmiss40_trlocglobal,71,0.6341451406478882,0.6872584819793701,0.5119047619047619,0.5802650707387025,0.5111111111111111,0.0,0.0,0.0,0.0,0.0,0.0,0.0,0.0,0.0,,,,,18473,global,0.4
2,3,lr1e-05_bs32_modL1_fusion32_fusionL1_fusionBN0_drop0p1__wd1e-04trmiss40_trlocglobal,32,1e-05,0.0001,1,32,1,False,0.1,lr1e-05_bs32_modL1_fusion32_fusionL1_fusionBN0_drop0p1__wd1e-04trmiss40_trlocglobal,72,0.6313374737898508,0.6874402761459351,0.5099206349206349,0.5739794618215146,0.5111111111111111,0.0,0.0,0.0,0.0,0.0,0.0,0.0,0.0,0.0,,,,,18473,global,0.4
2,3,lr1e-05_bs32_modL1_fusion32_fusionL1_fusionBN0_drop0p1__wd1e-04trmiss40_trlocglobal,32,1e-05,0.0001,1,32,1,False,0.1,lr1e-05_bs32_modL1_fusion32_fusionL1_fusionBN0_drop0p1__wd1e-04trmiss40_trlocglobal,73,0.6326716442902883,0.6873393654823303,0.509920634920635,0.5728220544141072,0.4888888888888889,0.0,0.0,0.0,0.0,0.0,0.0,0.0,0.0,0.0,,,,,18473,global,0.4
2,3,lr1e-05_bs32_modL1_fusion32_fusionL1_fusionBN0_drop0p1__wd1e-04trmiss40_trlocglobal,32,1e-05,0.0001,1,32,1,False,0.1,lr1e-05_bs32_modL1_fusion32_fusionL1_fusionBN0_drop0p1__wd1e-04trmiss40_trlocglobal,74,0.6264834503332773,0.6878458857536316,0.503968253968254,0.5694642974379291,0.5111111111111111,0.0,0.0,0.0,0.0,0.0,0.0,0.0,0.0,0.0,,,,,18473,global,0.4
2,3,lr1e-05_bs32_modL1_fusion32_fusionL1_fusionBN0_drop0p1__wd1e-04trmiss40_trlocglobal,32,1e-05,0.0001,1,32,1,False,0.1,lr1e-05_bs32_modL1_fusion32_fusionL1_fusionBN0_drop0p1__wd1e-04trmiss40_trlocglobal,75,0.63110880057017,0.6877685785293579,0.5099206349206349,0.5796367638603955,0.5111111111111111,0.0,0.0,0.0,0.0,0.0,0.0,0.0,0.0,0.0,,,,,18473,global,0.4
2,3,lr1e-05_bs32_modL1_fusion32_fusionL1_fusionBN0_drop0p1__wd1e-04trmiss40_trlocglobal,32,1e-05,0.0001,1,32,1,False,0.1,lr1e-05_bs32_modL1_fusion32_fusionL1_fusionBN0_drop0p1__wd1e-04trmiss40_trlocglobal,76,0.631418377161026,0.6878868639469147,0.503968253968254,0.5735047014783332,0.4888888888888889,0.0,0.0,0.0,0.0,0.0,0.0,0.0,0.0,0.0,,,,,18473,global,0.4
2,3,lr1e-05_bs32_modL1_fusion32_fusionL1_fusionBN0_drop0p1__wd1e-04trmiss40_trlocglobal,32,1e-05,0.0001,1,32,1,False,0.1,lr1e-05_bs32_modL1_fusion32_fusionL1_fusionBN0_drop0p1__wd1e-04trmiss40_trlocglobal,77,0.6305045783519745,0.6876521110534668,0.509920634920635,0.5758961757448076,0.5111111111111111,0.0,0.0,0.0,0.0,0.0,0.0,0.0,0.0,0.0,,,,,18473,global,0.4
2,3,lr1e-05_bs32_modL1_fusion32_fusionL1_fusionBN0_drop0p1__wd1e-04trmiss40_trlocglobal,32,1e-05,0.0001,1,32,1,False,0.1,lr1e-05_bs32_modL1_fusion32_fusionL1_fusionBN0_drop0p1__wd1e-04trmiss40_trlocglobal,78,0.6251651148001353,0.6876508593559265,0.5099206349206349,0.5693013102345008,0.5111111111111111,0.0,0.0,0.0,0.0,0.0,0.0,0.0,0.0,0.0,,,,,18473,global,0.4
2,3,lr1e-05_bs32_modL1_fusion32_fusionL1_fusionBN0_drop0p1__wd1e-04trmiss40_trlocglobal,32,1e-05,0.0001,1,32,1,False,0.1,lr1e-05_bs32_modL1_fusion32_fusionL1_fusionBN0_drop0p1__wd1e-04trmiss40_trlocglobal,79,0.6336586972077688,0.6875638663768768,0.5099206349206349,0.5717829278815596,0.5111111111111111,0.0,0.0,0.0,0.0,0.0,0.0,0.0,0.0,0.0,,,,,18473,global,0.4
2,3,lr1e-05_bs32_modL1_fusion32_fusionL1_fusionBN0_drop0p1__wd1e-04trmiss40_trlocglobal,32,1e-05,0.0001,1,32,1,False,0.1,lr1e-05_bs32_modL1_fusion32_fusionL1_fusionBN0_drop0p1__wd1e-04trmiss40_trlocglobal,80,0.6342564026514689,0.6874428689479828,0.5099206349206349,0.5740150707387025,0.5111111111111111,0.0,0.0,0.0,0.0,0.0,0.0,0.0,0.0,0.0,,,,,18473,global,0.4
2,4,lr1e-04_bs32_modL1_fusion16_fusionL1_fusionBN0_drop0p2__wd1e-04trmiss40_trlocglobal,32,0.0001,0.0001,1,16,1,False,0.2,lr1e-04_bs32_modL1_fusion16_fusionL1_fusionBN0_drop0p2__wd1e-04trmiss40_trlocglobal,1,0.6939290463924408,0.6952349245548248,0.5674603174603174,0.6212122769449689,0.4666666666666667,0.0,0.0,0.0,0.0,0.0,0.0,0.0,0.0,0.0,,,,,18473,global,0.4
2,4,lr1e-04_bs32_modL1_fusion16_fusionL1_fusionBN0_drop0p2__wd1e-04trmiss40_trlocglobal,32,0.0001,0.0001,1,16,1,False,0.2,lr1e-04_bs32_modL1_fusion16_fusionL1_fusionBN0_drop0p2__wd1e-04trmiss40_trlocglobal,2,0.6880641480286916,0.6955075263977051,0.5297619047619048,0.5988357947066804,0.4666666666666667,0.0,0.0,0.0,0.0,0.0,0.0,0.0,0.0,0.0,,,,,18473,global,0.4
2,4,lr1e-04_bs32_modL1_fusion16_fusionL1_fusionBN0_drop0p2__wd1e-04trmiss40_trlocglobal,32,0.0001,0.0001,1,16,1,False,0.2,lr1e-04_bs32_modL1_fusion16_fusionL1_fusionBN0_drop0p2__wd1e-04trmiss40_trlocglobal,3,0.6720067461331686,0.6952380836009979,0.5198412698412699,0.6033849978715596,0.5111111111111111,0.0,0.0,0.0,0.0,0.0,0.0,0.0,0.0,0.0,,,,,18473,global,0.4
2,4,lr1e-04_bs32_modL1_fusion16_fusionL1_fusionBN0_drop0p2__wd1e-04trmiss40_trlocglobal,32,0.0001,0.0001,1,16,1,False,0.2,lr1e-04_bs32_modL1_fusion16_fusionL1_fusionBN0_drop0p2__wd1e-04trmiss40_trlocglobal,4,0.664375235637029,0.6938167214393616,0.5317460317460317,0.6210350453130029,0.5111111111111111,0.0,0.0,0.0,0.0,0.0,0.0,0.0,0.0,0.0,,,,,18473,global,0.4
2,4,lr1e-04_bs32_modL1_fusion16_fusionL1_fusionBN0_drop0p2__wd1e-04trmiss40_trlocglobal,32,0.0001,0.0001,1,16,1,False,0.2,lr1e-04_bs32_modL1_fusion16_fusionL1_fusionBN0_drop0p2__wd1e-04trmiss40_trlocglobal,5,0.6612462798754374,0.69189453125,0.5337301587301587,0.6220512418879351,0.5111111111111111,0.0,0.0,0.0,0.0,0.0,0.0,0.0,0.0,0.0,,,,,18473,global,0.4
2,4,lr1e-04_bs32_modL1_fusion16_fusionL1_fusionBN0_drop0p2__wd1e-04trmiss40_trlocglobal,32,0.0001,0.0001,1,16,1,False,0.2,lr1e-04_bs32_modL1_fusion16_fusionL1_fusionBN0_drop0p2__wd1e-04trmiss40_trlocglobal,6,0.6589032113552094,0.6907813251018524,0.5396825396825398,0.616903438002514,0.5333333333333333,0.0,0.0,0.0,0.0,0.0,0.0,0.0,0.0,0.0,,,,,18473,global,0.4
2,4,lr1e-04_bs32_modL1_fusion16_fusionL1_fusionBN0_drop0p2__wd1e-04trmiss40_trlocglobal,32,0.0001,0.0001,1,16,1,False,0.2,lr1e-04_bs32_modL1_fusion16_fusionL1_fusionBN0_drop0p2__wd1e-04trmiss40_trlocglobal,7,0.6538763840993246,0.6907397508621216,0.5317460317460317,0.6071349825200493,0.4666666666666667,0.0,0.0,0.0,0.0,0.0,0.0,0.0,0.0,0.0,,,,,18473,global,0.4
2,4,lr1e-04_bs32_modL1_fusion16_fusionL1_fusionBN0_drop0p2__wd1e-04trmiss40_trlocglobal,32,0.0001,0.0001,1,16,1,False,0.2,lr1e-04_bs32_modL1_fusion16_fusionL1_fusionBN0_drop0p2__wd1e-04trmiss40_trlocglobal,8,0.6424230833848318,0.694130927324295,0.5198412698412698,0.5944241643748946,0.4888888888888889,0.0,0.0,0.0,0.0,0.0,0.0,0.0,0.0,0.0,,,,,18473,global,0.4
2,4,lr1e-04_bs32_modL1_fusion16_fusionL1_fusionBN0_drop0p2__wd1e-04trmiss40_trlocglobal,32,0.0001,0.0001,1,16,1,False,0.2,lr1e-04_bs32_modL1_fusion16_fusionL1_fusionBN0_drop0p2__wd1e-04trmiss40_trlocglobal,9,0.6420055131117502,0.694562166929245,0.509920634920635,0.5859370917656329,0.4666666666666667,0.0,0.0,0.0,0.0,0.0,0.0,0.0,0.0,0.0,,,,,18473,global,0.4
2,4,lr1e-04_bs32_modL1_fusion16_fusionL1_fusionBN0_drop0p2__wd1e-04trmiss40_trlocglobal,32,0.0001,0.0001,1,16,1,False,0.2,lr1e-04_bs32_modL1_fusion16_fusionL1_fusionBN0_drop0p2__wd1e-04trmiss40_trlocglobal,10,0.6331403255462646,0.6922929286956787,0.5198412698412699,0.6112941980476289,0.5111111111111111,0.0,0.0,0.0,0.0,0.0,0.0,0.0,0.0,0.0,,,,,18473,global,0.4
2,4,lr1e-04_bs32_modL1_fusion16_fusionL1_fusionBN0_drop0p2__wd1e-04trmiss40_trlocglobal,32,0.0001,0.0001,1,16,1,False,0.2,lr1e-04_bs32_modL1_fusion16_fusionL1_fusionBN0_drop0p2__wd1e-04trmiss40_trlocglobal,11,0.6243843734264374,0.6908556222915649,0.5456349206349206,0.6397338727030162,0.5111111111111111,0.0,0.0,0.0,0.0,0.0,0.0,0.0,0.0,0.0,,,,,18473,global,0.4
2,4,lr1e-04_bs32_modL1_fusion16_fusionL1_fusionBN0_drop0p2__wd1e-04trmiss40_trlocglobal,32,0.0001,0.0001,1,16,1,False,0.2,lr1e-04_bs32_modL1_fusion16_fusionL1_fusionBN0_drop0p2__wd1e-04trmiss40_trlocglobal,12,0.6277861793835958,0.6894699037075043,0.5615079365079365,0.6588435749413767,0.5111111111111111,0.0,0.0,0.0,0.0,0.0,0.0,0.0,0.0,0.0,,,,,18473,global,0.4
2,4,lr1e-04_bs32_modL1_fusion16_fusionL1_fusionBN0_drop0p2__wd1e-04trmiss40_trlocglobal,32,0.0001,0.0001,1,16,1,False,0.2,lr1e-04_bs32_modL1_fusion16_fusionL1_fusionBN0_drop0p2__wd1e-04trmiss40_trlocglobal,13,0.6186358233292898,0.6894656419754028,0.5555555555555556,0.6348559453811659,0.5111111111111111,0.0,0.0,0.0,0.0,0.0,0.0,0.0,0.0,0.0,,,,,18473,global,0.4
2,4,lr1e-04_bs32_modL1_fusion16_fusionL1_fusionBN0_drop0p2__wd1e-04trmiss40_trlocglobal,32,0.0001,0.0001,1,16,1,False,0.2,lr1e-04_bs32_modL1_fusion16_fusionL1_fusionBN0_drop0p2__wd1e-04trmiss40_trlocglobal,14,0.6295354664325714,0.6894286870956421,0.5317460317460317,0.6229747042082903,0.5333333333333333,0.0,0.0,0.0,0.0,0.0,0.0,0.0,0.0,0.0,,,,,18473,global,0.4
2,4,lr1e-04_bs32_modL1_fusion16_fusionL1_fusionBN0_drop0p2__wd1e-04trmiss40_trlocglobal,32,0.0001,0.0001,1,16,1,False,0.2,lr1e-04_bs32_modL1_fusion16_fusionL1_fusionBN0_drop0p2__wd1e-04trmiss40_trlocglobal,15,0.6198918422063192,0.6894728541374207,0.5337301587301587,0.6308365123906203,0.5333333333333333,0.0,0.0,0.0,0.0,0.0,0.0,0.0,0.0,0.0,,,,,18473,global,0.4
2,4,lr1e-04_bs32_modL1_fusion16_fusionL1_fusionBN0_drop0p2__wd1e-04trmiss40_trlocglobal,32,0.0001,0.0001,1,16,1,False,0.2,lr1e-04_bs32_modL1_fusion16_fusionL1_fusionBN0_drop0p2__wd1e-04trmiss40_trlocglobal,16,0.6118945280710856,0.6899682879447937,0.5376984126984127,0.6165288958136663,0.5333333333333333,0.0,0.0,0.0,0.0,0.0,0.0,0.0,0.0,0.0,,,,,18473,global,0.4
2,4,lr1e-04_bs32_modL1_fusion16_fusionL1_fusionBN0_drop0p2__wd1e-04trmiss40_trlocglobal,32,0.0001,0.0001,1,16,1,False,0.2,lr1e-04_bs32_modL1_fusion16_fusionL1_fusionBN0_drop0p2__wd1e-04trmiss40_trlocglobal,17,0.6174046297868093,0.689141571521759,0.5555555555555556,0.6273586895858552,0.5333333333333333,0.0,0.0,0.0,0.0,0.0,0.0,0.0,0.0,0.0,,,,,18473,global,0.4
2,4,lr1e-04_bs32_modL1_fusion16_fusionL1_fusionBN0_drop0p2__wd1e-04trmiss40_trlocglobal,32,0.0001,0.0001,1,16,1,False,0.2,lr1e-04_bs32_modL1_fusion16_fusionL1_fusionBN0_drop0p2__wd1e-04trmiss40_trlocglobal,18,0.6072368125120798,0.6889583766460419,0.5496031746031746,0.6204792063652129,0.5333333333333333,0.0,0.0,0.0,0.0,0.0,0.0,0.0,0.0,0.0,,,,,18473,global,0.4
2,4,lr1e-04_bs32_modL1_fusion16_fusionL1_fusionBN0_drop0p2__wd1e-04trmiss40_trlocglobal,32,0.0001,0.0001,1,16,1,False,0.2,lr1e-04_bs32_modL1_fusion16_fusionL1_fusionBN0_drop0p2__wd1e-04trmiss40_trlocglobal,19,0.5909414788087209,0.6877308785915375,0.5496031746031746,0.6355980029473339,0.5777777777777777,0.0,0.0,0.0,0.0,0.0,0.0,0.0,0.0,0.0,,,,,18473,global,0.4
2,4,lr1e-04_bs32_modL1_fusion16_fusionL1_fusionBN0_drop0p2__wd1e-04trmiss40_trlocglobal,32,0.0001,0.0001,1,16,1,False,0.2,lr1e-04_bs32_modL1_fusion16_fusionL1_fusionBN0_drop0p2__wd1e-04trmiss40_trlocglobal,20,0.5919016798337301,0.6884073913097382,0.5515873015873016,0.6321139531766067,0.5777777777777777,0.0,0.0,0.0,0.0,0.0,0.0,0.0,0.0,0.0,,,,,18473,global,0.4
2,4,lr1e-04_bs32_modL1_fusion16_fusionL1_fusionBN0_drop0p2__wd1e-04trmiss40_trlocglobal,32,0.0001,0.0001,1,16,1,False,0.2,lr1e-04_bs32_modL1_fusion16_fusionL1_fusionBN0_drop0p2__wd1e-04trmiss40_trlocglobal,21,0.5889491140842438,0.6871736645698547,0.5634920634920635,0.6401964679189792,0.5555555555555556,0.0,0.0,0.0,0.0,0.0,0.0,0.0,0.0,0.0,,,,,18473,global,0.4
2,4,lr1e-04_bs32_modL1_fusion16_fusionL1_fusionBN0_drop0p2__wd1e-04trmiss40_trlocglobal,32,0.0001,0.0001,1,16,1,False,0.2,lr1e-04_bs32_modL1_fusion16_fusionL1_fusionBN0_drop0p2__wd1e-04trmiss40_trlocglobal,22,0.5847796599070231,0.6861090660095215,0.5714285714285714,0.6399486377915081,0.6,0.0,0.0,0.0,0.0,0.0,0.0,0.0,0.0,0.0,,,,,18473,global,0.4
2,4,lr1e-04_bs32_modL1_fusion16_fusionL1_fusionBN0_drop0p2__wd1e-04trmiss40_trlocglobal,32,0.0001,0.0001,1,16,1,False,0.2,lr1e-04_bs32_modL1_fusion16_fusionL1_fusionBN0_drop0p2__wd1e-04trmiss40_trlocglobal,23,0.5778087774912516,0.6851071417331696,0.5714285714285714,0.6328233552166409,0.6,0.0,0.0,0.0,0.0,0.0,0.0,0.0,0.0,0.0,,,,,18473,global,0.4
2,4,lr1e-04_bs32_modL1_fusion16_fusionL1_fusionBN0_drop0p2__wd1e-04trmiss40_trlocglobal,32,0.0001,0.0001,1,16,1,False,0.2,lr1e-04_bs32_modL1_fusion16_fusionL1_fusionBN0_drop0p2__wd1e-04trmiss40_trlocglobal,24,0.5798934598763784,0.6844076216220856,0.5833333333333334,0.6448947952892644,0.5777777777777777,0.0,0.0,0.0,0.0,0.0,0.0,0.0,0.0,0.0,,,,,18473,global,0.4
2,4,lr1e-04_bs32_modL1_fusion16_fusionL1_fusionBN0_drop0p2__wd1e-04trmiss40_trlocglobal,32,0.0001,0.0001,1,16,1,False,0.2,lr1e-04_bs32_modL1_fusion16_fusionL1_fusionBN0_drop0p2__wd1e-04trmiss40_trlocglobal,25,0.577560822168986,0.6836187243461609,0.5952380952380952,0.6397338650148724,0.5777777777777777,0.0,0.0,0.0,0.0,0.0,0.0,0.0,0.0,0.0,,,,,18473,global,0.4
2,4,lr1e-04_bs32_modL1_fusion16_fusionL1_fusionBN0_drop0p2__wd1e-04trmiss40_trlocglobal,32,0.0001,0.0001,1,16,1,False,0.2,lr1e-04_bs32_modL1_fusion16_fusionL1_fusionBN0_drop0p2__wd1e-04trmiss40_trlocglobal,26,0.5653926432132721,0.6827142834663391,0.5912698412698413,0.6514432598945664,0.5777777777777777,0.0,0.0,0.0,0.0,0.0,0.0,0.0,0.0,0.0,,,,,18473,global,0.4
2,4,lr1e-04_bs32_modL1_fusion16_fusionL1_fusionBN0_drop0p2__wd1e-04trmiss40_trlocglobal,32,0.0001,0.0001,1,16,1,False,0.2,lr1e-04_bs32_modL1_fusion16_fusionL1_fusionBN0_drop0p2__wd1e-04trmiss40_trlocglobal,27,0.5664497216542562,0.6826463937759399,0.5853174603174603,0.6370402037566611,0.6222222222222222,0.0,0.0,0.0,0.0,0.0,0.0,0.0,0.0,0.0,,,,,18473,global,0.4
2,4,lr1e-04_bs32_modL1_fusion16_fusionL1_fusionBN0_drop0p2__wd1e-04trmiss40_trlocglobal,32,0.0001,0.0001,1,16,1,False,0.2,lr1e-04_bs32_modL1_fusion16_fusionL1_fusionBN0_drop0p2__wd1e-04trmiss40_trlocglobal,28,0.5661962330341339,0.6833904087543488,0.5813492063492063,0.6370680373240819,0.6222222222222222,0.0,0.0,0.0,0.0,0.0,0.0,0.0,0.0,0.0,,,,,18473,global,0.4
2,4,lr1e-04_bs32_modL1_fusion16_fusionL1_fusionBN0_drop0p2__wd1e-04trmiss40_trlocglobal,32,0.0001,0.0001,1,16,1,False,0.2,lr1e-04_bs32_modL1_fusion16_fusionL1_fusionBN0_drop0p2__wd1e-04trmiss40_trlocglobal,29,0.5643436908721924,0.6844334602355957,0.5912698412698413,0.6404878337103401,0.5777777777777777,0.0,0.0,0.0,0.0,0.0,0.0,0.0,0.0,0.0,,,,,18473,global,0.4
2,4,lr1e-04_bs32_modL1_fusion16_fusionL1_fusionBN0_drop0p2__wd1e-04trmiss40_trlocglobal,32,0.0001,0.0001,1,16,1,False,0.2,lr1e-04_bs32_modL1_fusion16_fusionL1_fusionBN0_drop0p2__wd1e-04trmiss40_trlocglobal,30,0.5571515659491221,0.6843729913234711,0.5793650793650793,0.631649807307702,0.5777777777777777,0.0,0.0,0.0,0.0,0.0,0.0,0.0,0.0,0.0,,,,,18473,global,0.4
2,4,lr1e-04_bs32_modL1_fusion16_fusionL1_fusionBN0_drop0p2__wd1e-04trmiss40_trlocglobal,32,0.0001,0.0001,1,16,1,False,0.2,lr1e-04_bs32_modL1_fusion16_fusionL1_fusionBN0_drop0p2__wd1e-04trmiss40_trlocglobal,31,0.5544149875640869,0.6829552054405212,0.5793650793650794,0.6492187014285798,0.5777777777777777,0.0,0.0,0.0,0.0,0.0,0.0,0.0,0.0,0.0,,,,,18473,global,0.4
2,4,lr1e-04_bs32_modL1_fusion16_fusionL1_fusionBN0_drop0p2__wd1e-04trmiss40_trlocglobal,32,0.0001,0.0001,1,16,1,False,0.2,lr1e-04_bs32_modL1_fusion16_fusionL1_fusionBN0_drop0p2__wd1e-04trmiss40_trlocglobal,32,0.5468456546465555,0.6817369163036346,0.5813492063492064,0.6508649370416052,0.5777777777777777,0.0,0.0,0.0,0.0,0.0,0.0,0.0,0.0,0.0,,,,,18473,global,0.4
2,4,lr1e-04_bs32_modL1_fusion16_fusionL1_fusionBN0_drop0p2__wd1e-04trmiss40_trlocglobal,32,0.0001,0.0001,1,16,1,False,0.2,lr1e-04_bs32_modL1_fusion16_fusionL1_fusionBN0_drop0p2__wd1e-04trmiss40_trlocglobal,33,0.5485213696956635,0.6800259351730347,0.5972222222222222,0.6431739213412806,0.6,0.0,0.0,0.0,0.0,0.0,0.0,0.0,0.0,0.0,,,,,18473,global,0.4
2,4,lr1e-04_bs32_modL1_fusion16_fusionL1_fusionBN0_drop0p2__wd1e-04trmiss40_trlocglobal,32,0.0001,0.0001,1,16,1,False,0.2,lr1e-04_bs32_modL1_fusion16_fusionL1_fusionBN0_drop0p2__wd1e-04trmiss40_trlocglobal,34,0.5429968933264414,0.6809035241603851,0.5912698412698413,0.6427025593916046,0.6,0.0,0.0,0.0,0.0,0.0,0.0,0.0,0.0,0.0,,,,,18473,global,0.4
2,4,lr1e-04_bs32_modL1_fusion16_fusionL1_fusionBN0_drop0p2__wd1e-04trmiss40_trlocglobal,32,0.0001,0.0001,1,16,1,False,0.2,lr1e-04_bs32_modL1_fusion16_fusionL1_fusionBN0_drop0p2__wd1e-04trmiss40_trlocglobal,35,0.5261217653751373,0.6802808940410614,0.6031746031746033,0.6592246797708496,0.5555555555555556,0.0,0.0,0.0,0.0,0.0,0.0,0.0,0.0,0.0,,,,,18473,global,0.4
2,4,lr1e-04_bs32_modL1_fusion16_fusionL1_fusionBN0_drop0p2__wd1e-04trmiss40_trlocglobal,32,0.0001,0.0001,1,16,1,False,0.2,lr1e-04_bs32_modL1_fusion16_fusionL1_fusionBN0_drop0p2__wd1e-04trmiss40_trlocglobal,36,0.5415530204772949,0.6798391938209534,0.6111111111111112,0.6666587245815186,0.5777777777777777,0.0,0.0,0.0,0.0,0.0,0.0,0.0,0.0,0.0,,,,,18473,global,0.4
2,4,lr1e-04_bs32_modL1_fusion16_fusionL1_fusionBN0_drop0p2__wd1e-04trmiss40_trlocglobal,32,0.0001,0.0001,1,16,1,False,0.2,lr1e-04_bs32_modL1_fusion16_fusionL1_fusionBN0_drop0p2__wd1e-04trmiss40_trlocglobal,37,0.5376771887143453,0.6806256771087646,0.6051587301587302,0.6677440212937503,0.6222222222222222,0.0,0.0,0.0,0.0,0.0,0.0,0.0,0.0,0.0,,,,,18473,global,0.4
2,4,lr1e-04_bs32_modL1_fusion16_fusionL1_fusionBN0_drop0p2__wd1e-04trmiss40_trlocglobal,32,0.0001,0.0001,1,16,1,False,0.2,lr1e-04_bs32_modL1_fusion16_fusionL1_fusionBN0_drop0p2__wd1e-04trmiss40_trlocglobal,38,0.5363258719444275,0.679336667060852,0.6071428571428572,0.6566345670816747,0.6222222222222222,0.0,0.0,0.0,0.0,0.0,0.0,0.0,0.0,0.0,,,,,18473,global,0.4
2,4,lr1e-04_bs32_modL1_fusion16_fusionL1_fusionBN0_drop0p2__wd1e-04trmiss40_trlocglobal,32,0.0001,0.0001,1,16,1,False,0.2,lr1e-04_bs32_modL1_fusion16_fusionL1_fusionBN0_drop0p2__wd1e-04trmiss40_trlocglobal,39,0.5186512321233749,0.6778340637683868,0.6111111111111112,0.6659684242056533,0.6,0.0,0.0,0.0,0.0,0.0,0.0,0.0,0.0,0.0,,,,,18473,global,0.4
2,4,lr1e-04_bs32_modL1_fusion16_fusionL1_fusionBN0_drop0p2__wd1e-04trmiss40_trlocglobal,32,0.0001,0.0001,1,16,1,False,0.2,lr1e-04_bs32_modL1_fusion16_fusionL1_fusionBN0_drop0p2__wd1e-04trmiss40_trlocglobal,40,0.5291862388451894,0.6766831874847412,0.6170634920634921,0.6652060841413098,0.6444444444444445,0.0,0.0,0.0,0.0,0.0,0.0,0.0,0.0,0.0,,,,,18473,global,0.4
2,4,lr1e-04_bs32_modL1_fusion16_fusionL1_fusionBN0_drop0p2__wd1e-04trmiss40_trlocglobal,32,0.0001,0.0001,1,16,1,False,0.2,lr1e-04_bs32_modL1_fusion16_fusionL1_fusionBN0_drop0p2__wd1e-04trmiss40_trlocglobal,41,0.5198702315489451,0.677302896976471,0.5972222222222223,0.6392186734709282,0.6,0.0,0.0,0.0,0.0,0.0,0.0,0.0,0.0,0.0,,,,,18473,global,0.4
2,4,lr1e-04_bs32_modL1_fusion16_fusionL1_fusionBN0_drop0p2__wd1e-04trmiss40_trlocglobal,32,0.0001,0.0001,1,16,1,False,0.2,lr1e-04_bs32_modL1_fusion16_fusionL1_fusionBN0_drop0p2__wd1e-04trmiss40_trlocglobal,42,0.5181190470854441,0.6783051490783691,0.6031746031746031,0.6505859444849382,0.5777777777777777,0.0,0.0,0.0,0.0,0.0,0.0,0.0,0.0,0.0,,,,,18473,global,0.4
2,4,lr1e-04_bs32_modL1_fusion16_fusionL1_fusionBN0_drop0p2__wd1e-04trmiss40_trlocglobal,32,0.0001,0.0001,1,16,1,False,0.2,lr1e-04_bs32_modL1_fusion16_fusionL1_fusionBN0_drop0p2__wd1e-04trmiss40_trlocglobal,43,0.5132237573464712,0.67899090051651,0.6071428571428572,0.6672700406759915,0.6,0.0,0.0,0.0,0.0,0.0,0.0,0.0,0.0,0.0,,,,,18473,global,0.4
2,4,lr1e-04_bs32_modL1_fusion16_fusionL1_fusionBN0_drop0p2__wd1e-04trmiss40_trlocglobal,32,0.0001,0.0001,1,16,1,False,0.2,lr1e-04_bs32_modL1_fusion16_fusionL1_fusionBN0_drop0p2__wd1e-04trmiss40_trlocglobal,44,0.5139092206954956,0.6786573231220245,0.6071428571428572,0.6514383292384687,0.5777777777777777,0.0,0.0,0.0,0.0,0.0,0.0,0.0,0.0,0.0,,,,,18473,global,0.4
2,4,lr1e-04_bs32_modL1_fusion16_fusionL1_fusionBN0_drop0p2__wd1e-04trmiss40_trlocglobal,32,0.0001,0.0001,1,16,1,False,0.2,lr1e-04_bs32_modL1_fusion16_fusionL1_fusionBN0_drop0p2__wd1e-04trmiss40_trlocglobal,45,0.5148359884818395,0.6770268678665161,0.6150793650793651,0.6514699521350287,0.6222222222222222,0.0,0.0,0.0,0.0,0.0,0.0,0.0,0.0,0.0,,,,,18473,global,0.4
2,4,lr1e-04_bs32_modL1_fusion16_fusionL1_fusionBN0_drop0p2__wd1e-04trmiss40_trlocglobal,32,0.0001,0.0001,1,16,1,False,0.2,lr1e-04_bs32_modL1_fusion16_fusionL1_fusionBN0_drop0p2__wd1e-04trmiss40_trlocglobal,46,0.5018812020619711,0.6757486760616302,0.623015873015873,0.669731291079684,0.6222222222222222,0.0,0.0,0.0,0.0,0.0,0.0,0.0,0.0,0.0,,,,,18473,global,0.4
2,4,lr1e-04_bs32_modL1_fusion16_fusionL1_fusionBN0_drop0p2__wd1e-04trmiss40_trlocglobal,32,0.0001,0.0001,1,16,1,False,0.2,lr1e-04_bs32_modL1_fusion16_fusionL1_fusionBN0_drop0p2__wd1e-04trmiss40_trlocglobal,47,0.5065659135580063,0.6773773729801178,0.6091269841269841,0.663032615359269,0.5777777777777777,0.0,0.0,0.0,0.0,0.0,0.0,0.0,0.0,0.0,,,,,18473,global,0.4
2,4,lr1e-04_bs32_modL1_fusion16_fusionL1_fusionBN0_drop0p2__wd1e-04trmiss40_trlocglobal,32,0.0001,0.0001,1,16,1,False,0.2,lr1e-04_bs32_modL1_fusion16_fusionL1_fusionBN0_drop0p2__wd1e-04trmiss40_trlocglobal,48,0.5029035806655884,0.6779123246669769,0.6051587301587302,0.6613357711637862,0.5777777777777777,0.0,0.0,0.0,0.0,0.0,0.0,0.0,0.0,0.0,,,,,18473,global,0.4
2,4,lr1e-04_bs32_modL1_fusion16_fusionL1_fusionBN0_drop0p2__wd1e-04trmiss40_trlocglobal,32,0.0001,0.0001,1,16,1,False,0.2,lr1e-04_bs32_modL1_fusion16_fusionL1_fusionBN0_drop0p2__wd1e-04trmiss40_trlocglobal,49,0.5051419883966446,0.6770808696746826,0.6091269841269842,0.6581980067019293,0.6,0.0,0.0,0.0,0.0,0.0,0.0,0.0,0.0,0.0,,,,,18473,global,0.4
2,4,lr1e-04_bs32_modL1_fusion16_fusionL1_fusionBN0_drop0p2__wd1e-04trmiss40_trlocglobal,32,0.0001,0.0001,1,16,1,False,0.2,lr1e-04_bs32_modL1_fusion16_fusionL1_fusionBN0_drop0p2__wd1e-04trmiss40_trlocglobal,50,0.49955955147743225,0.6767524778842926,0.6091269841269841,0.6597269334759541,0.6,0.0,0.0,0.0,0.0,0.0,0.0,0.0,0.0,0.0,,,,,18473,global,0.4
2,4,lr1e-04_bs32_modL1_fusion16_fusionL1_fusionBN0_drop0p2__wd1e-04trmiss40_trlocglobal,32,0.0001,0.0001,1,16,1,False,0.2,lr1e-04_bs32_modL1_fusion16_fusionL1_fusionBN0_drop0p2__wd1e-04trmiss40_trlocglobal,51,0.4972994973262151,0.6757788956165314,0.6130952380952381,0.6343030858510662,0.6444444444444445,0.0,0.0,0.0,0.0,0.0,0.0,0.0,0.0,0.0,,,,,18473,global,0.4
2,4,lr1e-04_bs32_modL1_fusion16_fusionL1_fusionBN0_drop0p2__wd1e-04trmiss40_trlocglobal,32,0.0001,0.0001,1,16,1,False,0.2,lr1e-04_bs32_modL1_fusion16_fusionL1_fusionBN0_drop0p2__wd1e-04trmiss40_trlocglobal,52,0.4973757565021515,0.6748072803020477,0.621031746031746,0.6786461060562786,0.6,0.0,0.0,0.0,0.0,0.0,0.0,0.0,0.0,0.0,,,,,18473,global,0.4
2,4,lr1e-04_bs32_modL1_fusion16_fusionL1_fusionBN0_drop0p2__wd1e-04trmiss40_trlocglobal,32,0.0001,0.0001,1,16,1,False,0.2,lr1e-04_bs32_modL1_fusion16_fusionL1_fusionBN0_drop0p2__wd1e-04trmiss40_trlocglobal,53,0.4847197085618973,0.6753796637058258,0.6170634920634921,0.6728689109566243,0.6,0.0,0.0,0.0,0.0,0.0,0.0,0.0,0.0,0.0,,,,,18473,global,0.4
2,4,lr1e-04_bs32_modL1_fusion16_fusionL1_fusionBN0_drop0p2__wd1e-04trmiss40_trlocglobal,32,0.0001,0.0001,1,16,1,False,0.2,lr1e-04_bs32_modL1_fusion16_fusionL1_fusionBN0_drop0p2__wd1e-04trmiss40_trlocglobal,54,0.5004926125208536,0.675983190536499,0.621031746031746,0.6762473455371049,0.6666666666666666,0.0,0.0,0.0,0.0,0.0,0.0,0.0,0.0,0.0,,,,,18473,global,0.4
2,4,lr1e-04_bs32_modL1_fusion16_fusionL1_fusionBN0_drop0p2__wd1e-04trmiss40_trlocglobal,32,0.0001,0.0001,1,16,1,False,0.2,lr1e-04_bs32_modL1_fusion16_fusionL1_fusionBN0_drop0p2__wd1e-04trmiss40_trlocglobal,55,0.49386269847551983,0.6765159666538239,0.623015873015873,0.6783515322001151,0.6444444444444445,0.0,0.0,0.0,0.0,0.0,0.0,0.0,0.0,0.0,,,,,18473,global,0.4
2,4,lr1e-04_bs32_modL1_fusion16_fusionL1_fusionBN0_drop0p2__wd1e-04trmiss40_trlocglobal,32,0.0001,0.0001,1,16,1,False,0.2,lr1e-04_bs32_modL1_fusion16_fusionL1_fusionBN0_drop0p2__wd1e-04trmiss40_trlocglobal,56,0.4929585059483846,0.6766802668571472,0.6190476190476191,0.6716385692371521,0.6444444444444445,0.0,0.0,0.0,0.0,0.0,0.0,0.0,0.0,0.0,,,,,18473,global,0.4
2,4,lr1e-04_bs32_modL1_fusion16_fusionL1_fusionBN0_drop0p2__wd1e-04trmiss40_trlocglobal,32,0.0001,0.0001,1,16,1,False,0.2,lr1e-04_bs32_modL1_fusion16_fusionL1_fusionBN0_drop0p2__wd1e-04trmiss40_trlocglobal,57,0.48016590376694995,0.6774373054504395,0.6111111111111112,0.6545088351210583,0.6444444444444445,0.0,0.0,0.0,0.0,0.0,0.0,0.0,0.0,0.0,,,,,18473,global,0.4
2,4,lr1e-04_bs32_modL1_fusion16_fusionL1_fusionBN0_drop0p2__wd1e-04trmiss40_trlocglobal,32,0.0001,0.0001,1,16,1,False,0.2,lr1e-04_bs32_modL1_fusion16_fusionL1_fusionBN0_drop0p2__wd1e-04trmiss40_trlocglobal,58,0.48894278705120087,0.6759659647941589,0.6130952380952381,0.6586822681367562,0.6444444444444445,0.0,0.0,0.0,0.0,0.0,0.0,0.0,0.0,0.0,,,,,18473,global,0.4
2,4,lr1e-04_bs32_modL1_fusion16_fusionL1_fusionBN0_drop0p2__wd1e-04trmiss40_trlocglobal,32,0.0001,0.0001,1,16,1,False,0.2,lr1e-04_bs32_modL1_fusion16_fusionL1_fusionBN0_drop0p2__wd1e-04trmiss40_trlocglobal,59,0.4948715666929881,0.6761790812015533,0.6150793650793651,0.6575841015974132,0.6444444444444445,0.0,0.0,0.0,0.0,0.0,0.0,0.0,0.0,0.0,,,,,18473,global,0.4
2,4,lr1e-04_bs32_modL1_fusion16_fusionL1_fusionBN0_drop0p2__wd1e-04trmiss40_trlocglobal,32,0.0001,0.0001,1,16,1,False,0.2,lr1e-04_bs32_modL1_fusion16_fusionL1_fusionBN0_drop0p2__wd1e-04trmiss40_trlocglobal,60,0.4950614869594574,0.6768117547035217,0.6150793650793651,0.6729991241202788,0.6444444444444445,0.0,0.0,0.0,0.0,0.0,0.0,0.0,0.0,0.0,,,,,18473,global,0.4
2,4,lr1e-04_bs32_modL1_fusion16_fusionL1_fusionBN0_drop0p2__wd1e-04trmiss40_trlocglobal,32,0.0001,0.0001,1,16,1,False,0.2,lr1e-04_bs32_modL1_fusion16_fusionL1_fusionBN0_drop0p2__wd1e-04trmiss40_trlocglobal,61,0.4809376945098241,0.6762790083885193,0.6150793650793651,0.6693318962863843,0.6666666666666666,0.0,0.0,0.0,0.0,0.0,0.0,0.0,0.0,0.0,,,,,18473,global,0.4
2,4,lr1e-04_bs32_modL1_fusion16_fusionL1_fusionBN0_drop0p2__wd1e-04trmiss40_trlocglobal,32,0.0001,0.0001,1,16,1,False,0.2,lr1e-04_bs32_modL1_fusion16_fusionL1_fusionBN0_drop0p2__wd1e-04trmiss40_trlocglobal,62,0.4874399999777476,0.6767168045043945,0.621031746031746,0.6732541545836426,0.6666666666666666,0.0,0.0,0.0,0.0,0.0,0.0,0.0,0.0,0.0,,,,,18473,global,0.4
2,4,lr1e-04_bs32_modL1_fusion16_fusionL1_fusionBN0_drop0p2__wd1e-04trmiss40_trlocglobal,32,0.0001,0.0001,1,16,1,False,0.2,lr1e-04_bs32_modL1_fusion16_fusionL1_fusionBN0_drop0p2__wd1e-04trmiss40_trlocglobal,63,0.4910830408334732,0.6781158149242401,0.6150793650793651,0.6687291174227359,0.6666666666666666,0.0,0.0,0.0,0.0,0.0,0.0,0.0,0.0,0.0,,,,,18473,global,0.4
2,4,lr1e-04_bs32_modL1_fusion16_fusionL1_fusionBN0_drop0p2__wd1e-04trmiss40_trlocglobal,32,0.0001,0.0001,1,16,1,False,0.2,lr1e-04_bs32_modL1_fusion16_fusionL1_fusionBN0_drop0p2__wd1e-04trmiss40_trlocglobal,64,0.48626919587453205,0.6778852343559265,0.6091269841269842,0.6613745758290639,0.6444444444444445,0.0,0.0,0.0,0.0,0.0,0.0,0.0,0.0,0.0,,,,,18473,global,0.4
2,4,lr1e-04_bs32_modL1_fusion16_fusionL1_fusionBN0_drop0p2__wd1e-04trmiss40_trlocglobal,32,0.0001,0.0001,1,16,1,False,0.2,lr1e-04_bs32_modL1_fusion16_fusionL1_fusionBN0_drop0p2__wd1e-04trmiss40_trlocglobal,65,0.48807495335737866,0.6771697700023651,0.6091269841269842,0.6486662424957306,0.6444444444444445,0.0,0.0,0.0,0.0,0.0,0.0,0.0,0.0,0.0,,,,,18473,global,0.4
2,4,lr1e-04_bs32_modL1_fusion16_fusionL1_fusionBN0_drop0p2__wd1e-04trmiss40_trlocglobal,32,0.0001,0.0001,1,16,1,False,0.2,lr1e-04_bs32_modL1_fusion16_fusionL1_fusionBN0_drop0p2__wd1e-04trmiss40_trlocglobal,66,0.49068352083365124,0.6774414777755737,0.6071428571428572,0.629378793833282,0.6444444444444445,0.0,0.0,0.0,0.0,0.0,0.0,0.0,0.0,0.0,,,,,18473,global,0.4
2,4,lr1e-04_bs32_modL1_fusion16_fusionL1_fusionBN0_drop0p1__wd1e-04trmiss40_trlocglobal,32,0.0001,0.0001,1,16,1,False,0.1,lr1e-04_bs32_modL1_fusion16_fusionL1_fusionBN0_drop0p1__wd1e-04trmiss40_trlocglobal,1,0.710944672425588,0.6999038457870483,0.503968253968254,0.549838809203407,0.4666666666666667,0.0,0.0,0.0,0.0,0.0,0.0,0.0,0.0,0.0,,,,,18473,global,0.4
2,4,lr1e-04_bs32_modL1_fusion16_fusionL1_fusionBN0_drop0p1__wd1e-04trmiss40_trlocglobal,32,0.0001,0.0001,1,16,1,False,0.1,lr1e-04_bs32_modL1_fusion16_fusionL1_fusionBN0_drop0p1__wd1e-04trmiss40_trlocglobal,2,0.6766778727372488,0.6997483372688293,0.5059523809523809,0.5796611343671789,0.4888888888888889,0.0,0.0,0.0,0.0,0.0,0.0,0.0,0.0,0.0,,,,,18473,global,0.4
2,4,lr1e-04_bs32_modL1_fusion16_fusionL1_fusionBN0_drop0p1__wd1e-04trmiss40_trlocglobal,32,0.0001,0.0001,1,16,1,False,0.1,lr1e-04_bs32_modL1_fusion16_fusionL1_fusionBN0_drop0p1__wd1e-04trmiss40_trlocglobal,3,0.6678004662195841,0.7010915875434875,0.4920634920634921,0.599378444990265,0.4666666666666667,0.0,0.0,0.0,0.0,0.0,0.0,0.0,0.0,0.0,,,,,18473,global,0.4
2,4,lr1e-04_bs32_modL1_fusion16_fusionL1_fusionBN0_drop0p1__wd1e-04trmiss40_trlocglobal,32,0.0001,0.0001,1,16,1,False,0.1,lr1e-04_bs32_modL1_fusion16_fusionL1_fusionBN0_drop0p1__wd1e-04trmiss40_trlocglobal,4,0.6546653111775717,0.6998147368431091,0.48015873015873023,0.563588704495147,0.4666666666666667,0.0,0.0,0.0,0.0,0.0,0.0,0.0,0.0,0.0,,,,,18473,global,0.4
2,4,lr1e-04_bs32_modL1_fusion16_fusionL1_fusionBN0_drop0p1__wd1e-04trmiss40_trlocglobal,32,0.0001,0.0001,1,16,1,False,0.1,lr1e-04_bs32_modL1_fusion16_fusionL1_fusionBN0_drop0p1__wd1e-04trmiss40_trlocglobal,5,0.6394383211930593,0.6959676742553711,0.49404761904761907,0.5690341921856795,0.4444444444444444,0.0,0.0,0.0,0.0,0.0,0.0,0.0,0.0,0.0,,,,,18473,global,0.4
2,4,lr1e-04_bs32_modL1_fusion16_fusionL1_fusionBN0_drop0p1__wd1e-04trmiss40_trlocglobal,32,0.0001,0.0001,1,16,1,False,0.1,lr1e-04_bs32_modL1_fusion16_fusionL1_fusionBN0_drop0p1__wd1e-04trmiss40_trlocglobal,6,0.6316977938016256,0.696151614189148,0.5,0.537171891848614,0.5333333333333333,0.0,0.0,0.0,0.0,0.0,0.0,0.0,0.0,0.0,,,,,18473,global,0.4
2,4,lr1e-04_bs32_modL1_fusion16_fusionL1_fusionBN0_drop0p1__wd1e-04trmiss40_trlocglobal,32,0.0001,0.0001,1,16,1,False,0.1,lr1e-04_bs32_modL1_fusion16_fusionL1_fusionBN0_drop0p1__wd1e-04trmiss40_trlocglobal,7,0.6274114151795706,0.6945867836475372,0.5317460317460317,0.5569137400745475,0.5333333333333333,0.0,0.0,0.0,0.0,0.0,0.0,0.0,0.0,0.0,,,,,18473,global,0.4
2,4,lr1e-04_bs32_modL1_fusion16_fusionL1_fusionBN0_drop0p1__wd1e-04trmiss40_trlocglobal,32,0.0001,0.0001,1,16,1,False,0.1,lr1e-04_bs32_modL1_fusion16_fusionL1_fusionBN0_drop0p1__wd1e-04trmiss40_trlocglobal,8,0.615213026603063,0.6958610415458679,0.5198412698412699,0.5533813335590227,0.5333333333333333,0.0,0.0,0.0,0.0,0.0,0.0,0.0,0.0,0.0,,,,,18473,global,0.4
2,4,lr1e-04_bs32_modL1_fusion16_fusionL1_fusionBN0_drop0p1__wd1e-04trmiss40_trlocglobal,32,0.0001,0.0001,1,16,1,False,0.1,lr1e-04_bs32_modL1_fusion16_fusionL1_fusionBN0_drop0p1__wd1e-04trmiss40_trlocglobal,9,0.6144345998764038,0.6945306956768036,0.5297619047619048,0.5588334441508042,0.5555555555555556,0.0,0.0,0.0,0.0,0.0,0.0,0.0,0.0,0.0,,,,,18473,global,0.4
2,4,lr1e-04_bs32_modL1_fusion16_fusionL1_fusionBN0_drop0p1__wd1e-04trmiss40_trlocglobal,32,0.0001,0.0001,1,16,1,False,0.1,lr1e-04_bs32_modL1_fusion16_fusionL1_fusionBN0_drop0p1__wd1e-04trmiss40_trlocglobal,10,0.6103050410747528,0.6915350258350372,0.5436507936507936,0.5569516791135403,0.5555555555555556,0.0,0.0,0.0,0.0,0.0,0.0,0.0,0.0,0.0,,,,,18473,global,0.4
2,4,lr1e-04_bs32_modL1_fusion16_fusionL1_fusionBN0_drop0p1__wd1e-04trmiss40_trlocglobal,32,0.0001,0.0001,1,16,1,False,0.1,lr1e-04_bs32_modL1_fusion16_fusionL1_fusionBN0_drop0p1__wd1e-04trmiss40_trlocglobal,11,0.6017578641573588,0.6889841556549072,0.5555555555555556,0.5597369339821284,0.5555555555555556,0.0,0.0,0.0,0.0,0.0,0.0,0.0,0.0,0.0,,,,,18473,global,0.4
2,4,lr1e-04_bs32_modL1_fusion16_fusionL1_fusionBN0_drop0p1__wd1e-04trmiss40_trlocglobal,32,0.0001,0.0001,1,16,1,False,0.1,lr1e-04_bs32_modL1_fusion16_fusionL1_fusionBN0_drop0p1__wd1e-04trmiss40_trlocglobal,12,0.5948941310246786,0.6859608292579651,0.5853174603174602,0.5843705879042856,0.5333333333333333,0.0,0.0,0.0,0.0,0.0,0.0,0.0,0.0,0.0,,,,,18473,global,0.4
2,4,lr1e-04_bs32_modL1_fusion16_fusionL1_fusionBN0_drop0p1__wd1e-04trmiss40_trlocglobal,32,0.0001,0.0001,1,16,1,False,0.1,lr1e-04_bs32_modL1_fusion16_fusionL1_fusionBN0_drop0p1__wd1e-04trmiss40_trlocglobal,13,0.5911141137282053,0.6877796053886414,0.5674603174603174,0.5764499271468604,0.5111111111111111,0.0,0.0,0.0,0.0,0.0,0.0,0.0,0.0,0.0,,,,,18473,global,0.4
2,4,lr1e-04_bs32_modL1_fusion16_fusionL1_fusionBN0_drop0p1__wd1e-04trmiss40_trlocglobal,32,0.0001,0.0001,1,16,1,False,0.1,lr1e-04_bs32_modL1_fusion16_fusionL1_fusionBN0_drop0p1__wd1e-04trmiss40_trlocglobal,14,0.5784678359826406,0.6876316368579865,0.5634920634920635,0.5741764146125881,0.5111111111111111,0.0,0.0,0.0,0.0,0.0,0.0,0.0,0.0,0.0,,,,,18473,global,0.4
2,4,lr1e-04_bs32_modL1_fusion16_fusionL1_fusionBN0_drop0p1__wd1e-04trmiss40_trlocglobal,32,0.0001,0.0001,1,16,1,False,0.1,lr1e-04_bs32_modL1_fusion16_fusionL1_fusionBN0_drop0p1__wd1e-04trmiss40_trlocglobal,15,0.5895399649937948,0.6860076189041138,0.5753968253968255,0.5801383399166279,0.5333333333333333,0.0,0.0,0.0,0.0,0.0,0.0,0.0,0.0,0.0,,,,,18473,global,0.4
2,4,lr1e-04_bs32_modL1_fusion16_fusionL1_fusionBN0_drop0p1__wd1e-04trmiss40_trlocglobal,32,0.0001,0.0001,1,16,1,False,0.1,lr1e-04_bs32_modL1_fusion16_fusionL1_fusionBN0_drop0p1__wd1e-04trmiss40_trlocglobal,16,0.5776615639527639,0.6885418891906738,0.5535714285714286,0.5712308349704356,0.5333333333333333,0.0,0.0,0.0,0.0,0.0,0.0,0.0,0.0,0.0,,,,,18473,global,0.4
2,4,lr1e-04_bs32_modL1_fusion16_fusionL1_fusionBN0_drop0p1__wd1e-04trmiss40_trlocglobal,32,0.0001,0.0001,1,16,1,False,0.1,lr1e-04_bs32_modL1_fusion16_fusionL1_fusionBN0_drop0p1__wd1e-04trmiss40_trlocglobal,17,0.5703503588835398,0.6898841261863708,0.5535714285714285,0.5713750930708661,0.5111111111111111,0.0,0.0,0.0,0.0,0.0,0.0,0.0,0.0,0.0,,,,,18473,global,0.4
2,4,lr1e-04_bs32_modL1_fusion16_fusionL1_fusionBN0_drop0p1__wd1e-04trmiss40_trlocglobal,32,0.0001,0.0001,1,16,1,False,0.1,lr1e-04_bs32_modL1_fusion16_fusionL1_fusionBN0_drop0p1__wd1e-04trmiss40_trlocglobal,18,0.5599110027154287,0.688177227973938,0.5575396825396826,0.5746580822401368,0.5333333333333333,0.0,0.0,0.0,0.0,0.0,0.0,0.0,0.0,0.0,,,,,18473,global,0.4
2,4,lr1e-04_bs32_modL1_fusion16_fusionL1_fusionBN0_drop0p1__wd1e-04trmiss40_trlocglobal,32,0.0001,0.0001,1,16,1,False,0.1,lr1e-04_bs32_modL1_fusion16_fusionL1_fusionBN0_drop0p1__wd1e-04trmiss40_trlocglobal,19,0.5549619694550832,0.6862562596797943,0.5595238095238095,0.5730193519063542,0.5555555555555556,0.0,0.0,0.0,0.0,0.0,0.0,0.0,0.0,0.0,,,,,18473,global,0.4
2,4,lr1e-04_bs32_modL1_fusion16_fusionL1_fusionBN0_drop0p1__wd1e-04trmiss40_trlocglobal,32,0.0001,0.0001,1,16,1,False,0.1,lr1e-04_bs32_modL1_fusion16_fusionL1_fusionBN0_drop0p1__wd1e-04trmiss40_trlocglobal,20,0.5499151746431986,0.6860588788986206,0.5674603174603174,0.5748847010757187,0.5555555555555556,0.0,0.0,0.0,0.0,0.0,0.0,0.0,0.0,0.0,,,,,18473,global,0.4
2,4,lr1e-04_bs32_modL1_fusion16_fusionL1_fusionBN0_drop0p1__wd1e-04trmiss40_trlocglobal,32,0.0001,0.0001,1,16,1,False,0.1,lr1e-04_bs32_modL1_fusion16_fusionL1_fusionBN0_drop0p1__wd1e-04trmiss40_trlocglobal,21,0.5470032592614492,0.6856021881103516,0.5634920634920635,0.577315366564211,0.5555555555555556,0.0,0.0,0.0,0.0,0.0,0.0,0.0,0.0,0.0,,,,,18473,global,0.4
2,4,lr1e-04_bs32_modL1_fusion16_fusionL1_fusionBN0_drop0p1__wd1e-04trmiss40_trlocglobal,32,0.0001,0.0001,1,16,1,False,0.1,lr1e-04_bs32_modL1_fusion16_fusionL1_fusionBN0_drop0p1__wd1e-04trmiss40_trlocglobal,22,0.5401525994141897,0.6829171478748322,0.5694444444444444,0.5850712453330853,0.5777777777777777,0.0,0.0,0.0,0.0,0.0,0.0,0.0,0.0,0.0,,,,,18473,global,0.4
2,4,lr1e-04_bs32_modL1_fusion16_fusionL1_fusionBN0_drop0p1__wd1e-04trmiss40_trlocglobal,32,0.0001,0.0001,1,16,1,False,0.1,lr1e-04_bs32_modL1_fusion16_fusionL1_fusionBN0_drop0p1__wd1e-04trmiss40_trlocglobal,23,0.5327628453572592,0.6849342286586761,0.5674603174603174,0.5783641833178876,0.5777777777777777,0.0,0.0,0.0,0.0,0.0,0.0,0.0,0.0,0.0,,,,,18473,global,0.4
2,4,lr1e-04_bs32_modL1_fusion16_fusionL1_fusionBN0_drop0p1__wd1e-04trmiss40_trlocglobal,32,0.0001,0.0001,1,16,1,False,0.1,lr1e-04_bs32_modL1_fusion16_fusionL1_fusionBN0_drop0p1__wd1e-04trmiss40_trlocglobal,24,0.534300704797109,0.6839303374290466,0.5694444444444444,0.581213541350946,0.6,0.0,0.0,0.0,0.0,0.0,0.0,0.0,0.0,0.0,,,,,18473,global,0.4
2,4,lr1e-04_bs32_modL1_fusion16_fusionL1_fusionBN0_drop0p1__wd1e-04trmiss40_trlocglobal,32,0.0001,0.0001,1,16,1,False,0.1,lr1e-04_bs32_modL1_fusion16_fusionL1_fusionBN0_drop0p1__wd1e-04trmiss40_trlocglobal,25,0.5233008861541748,0.6869884729385376,0.5615079365079365,0.5786083860041602,0.5777777777777777,0.0,0.0,0.0,0.0,0.0,0.0,0.0,0.0,0.0,,,,,18473,global,0.4
2,4,lr1e-04_bs32_modL1_fusion16_fusionL1_fusionBN0_drop0p1__wd1e-04trmiss40_trlocglobal,32,0.0001,0.0001,1,16,1,False,0.1,lr1e-04_bs32_modL1_fusion16_fusionL1_fusionBN0_drop0p1__wd1e-04trmiss40_trlocglobal,26,0.515501340230306,0.6853279769420624,0.5674603174603174,0.5825028733843145,0.5333333333333333,0.0,0.0,0.0,0.0,0.0,0.0,0.0,0.0,0.0,,,,,18473,global,0.4
2,4,lr1e-04_bs32_modL1_fusion16_fusionL1_fusionBN0_drop0p1__wd1e-04trmiss40_trlocglobal,32,0.0001,0.0001,1,16,1,False,0.1,lr1e-04_bs32_modL1_fusion16_fusionL1_fusionBN0_drop0p1__wd1e-04trmiss40_trlocglobal,27,0.5124808251857758,0.6822825968265533,0.5773809523809523,0.5909208435634862,0.5555555555555556,0.0,0.0,0.0,0.0,0.0,0.0,0.0,0.0,0.0,,,,,18473,global,0.4
2,4,lr1e-04_bs32_modL1_fusion16_fusionL1_fusionBN0_drop0p1__wd1e-04trmiss40_trlocglobal,32,0.0001,0.0001,1,16,1,False,0.1,lr1e-04_bs32_modL1_fusion16_fusionL1_fusionBN0_drop0p1__wd1e-04trmiss40_trlocglobal,28,0.5148167113463084,0.6817577481269836,0.5932539682539683,0.6027020361562782,0.5555555555555556,0.0,0.0,0.0,0.0,0.0,0.0,0.0,0.0,0.0,,,,,18473,global,0.4
2,4,lr1e-04_bs32_modL1_fusion16_fusionL1_fusionBN0_drop0p1__wd1e-04trmiss40_trlocglobal,32,0.0001,0.0001,1,16,1,False,0.1,lr1e-04_bs32_modL1_fusion16_fusionL1_fusionBN0_drop0p1__wd1e-04trmiss40_trlocglobal,29,0.5094147821267446,0.6840072572231293,0.5753968253968254,0.58975264388872,0.5777777777777777,0.0,0.0,0.0,0.0,0.0,0.0,0.0,0.0,0.0,,,,,18473,global,0.4
2,4,lr1e-04_bs32_modL1_fusion16_fusionL1_fusionBN0_drop0p1__wd1e-04trmiss40_trlocglobal,32,0.0001,0.0001,1,16,1,False,0.1,lr1e-04_bs32_modL1_fusion16_fusionL1_fusionBN0_drop0p1__wd1e-04trmiss40_trlocglobal,30,0.5089027285575867,0.682300865650177,0.5853174603174603,0.5936131696822848,0.5555555555555556,0.0,0.0,0.0,0.0,0.0,0.0,0.0,0.0,0.0,,,,,18473,global,0.4
2,4,lr1e-04_bs32_modL1_fusion16_fusionL1_fusionBN0_drop0p1__wd1e-04trmiss40_trlocglobal,32,0.0001,0.0001,1,16,1,False,0.1,lr1e-04_bs32_modL1_fusion16_fusionL1_fusionBN0_drop0p1__wd1e-04trmiss40_trlocglobal,31,0.4956580549478531,0.680523544549942,0.5853174603174603,0.5876159197864261,0.5777777777777777,0.0,0.0,0.0,0.0,0.0,0.0,0.0,0.0,0.0,,,,,18473,global,0.4
2,4,lr1e-04_bs32_modL1_fusion16_fusionL1_fusionBN0_drop0p1__wd1e-04trmiss40_trlocglobal,32,0.0001,0.0001,1,16,1,False,0.1,lr1e-04_bs32_modL1_fusion16_fusionL1_fusionBN0_drop0p1__wd1e-04trmiss40_trlocglobal,32,0.4938996732234955,0.6854550242424011,0.5714285714285715,0.5919160038809971,0.5111111111111111,0.0,0.0,0.0,0.0,0.0,0.0,0.0,0.0,0.0,,,,,18473,global,0.4
2,4,lr1e-04_bs32_modL1_fusion16_fusionL1_fusionBN0_drop0p1__wd1e-04trmiss40_trlocglobal,32,0.0001,0.0001,1,16,1,False,0.1,lr1e-04_bs32_modL1_fusion16_fusionL1_fusionBN0_drop0p1__wd1e-04trmiss40_trlocglobal,33,0.494658887386322,0.6846218407154083,0.5773809523809523,0.5868173337679525,0.5555555555555556,0.0,0.0,0.0,0.0,0.0,0.0,0.0,0.0,0.0,,,,,18473,global,0.4
2,4,lr1e-04_bs32_modL1_fusion16_fusionL1_fusionBN0_drop0p1__wd1e-04trmiss40_trlocglobal,32,0.0001,0.0001,1,16,1,False,0.1,lr1e-04_bs32_modL1_fusion16_fusionL1_fusionBN0_drop0p1__wd1e-04trmiss40_trlocglobal,34,0.48508888483047485,0.6839819848537445,0.5694444444444444,0.5793384432767538,0.5555555555555556,0.0,0.0,0.0,0.0,0.0,0.0,0.0,0.0,0.0,,,,,18473,global,0.4
2,4,lr1e-04_bs32_modL1_fusion16_fusionL1_fusionBN0_drop0p1__wd1e-04trmiss40_trlocglobal,32,0.0001,0.0001,1,16,1,False,0.1,lr1e-04_bs32_modL1_fusion16_fusionL1_fusionBN0_drop0p1__wd1e-04trmiss40_trlocglobal,35,0.48070813715457916,0.6877121329307556,0.5476190476190477,0.5734250904922009,0.5333333333333333,0.0,0.0,0.0,0.0,0.0,0.0,0.0,0.0,0.0,,,,,18473,global,0.4
2,4,lr1e-04_bs32_modL1_fusion16_fusionL1_fusionBN0_drop0p1__wd1e-04trmiss40_trlocglobal,32,0.0001,0.0001,1,16,1,False,0.1,lr1e-04_bs32_modL1_fusion16_fusionL1_fusionBN0_drop0p1__wd1e-04trmiss40_trlocglobal,36,0.47398829956849414,0.6891330480575562,0.5535714285714286,0.5837278540964851,0.5333333333333333,0.0,0.0,0.0,0.0,0.0,0.0,0.0,0.0,0.0,,,,,18473,global,0.4
2,4,lr1e-04_bs32_modL1_fusion16_fusionL1_fusionBN0_drop0p1__wd1e-04trmiss40_trlocglobal,32,0.0001,0.0001,1,16,1,False,0.1,lr1e-04_bs32_modL1_fusion16_fusionL1_fusionBN0_drop0p1__wd1e-04trmiss40_trlocglobal,37,0.46220821142196655,0.6857572495937347,0.5634920634920635,0.5817546646567402,0.5555555555555556,0.0,0.0,0.0,0.0,0.0,0.0,0.0,0.0,0.0,,,,,18473,global,0.4
2,4,lr1e-04_bs32_modL1_fusion16_fusionL1_fusionBN0_drop0p1__wd1e-04trmiss40_trlocglobal,32,0.0001,0.0001,1,16,1,False,0.1,lr1e-04_bs32_modL1_fusion16_fusionL1_fusionBN0_drop0p1__wd1e-04trmiss40_trlocglobal,38,0.4659954458475113,0.6842256784439087,0.5734126984126984,0.5923933620967589,0.5555555555555556,0.0,0.0,0.0,0.0,0.0,0.0,0.0,0.0,0.0,,,,,18473,global,0.4
2,4,lr1e-04_bs32_modL1_fusion16_fusionL1_fusionBN0_drop0p1__wd1e-04trmiss40_trlocglobal,32,0.0001,0.0001,1,16,1,False,0.1,lr1e-04_bs32_modL1_fusion16_fusionL1_fusionBN0_drop0p1__wd1e-04trmiss40_trlocglobal,39,0.4654909869035085,0.6843948066234589,0.5694444444444444,0.5821809437961052,0.5555555555555556,0.0,0.0,0.0,0.0,0.0,0.0,0.0,0.0,0.0,,,,,18473,global,0.4
2,4,lr1e-04_bs32_modL1_fusion16_fusionL1_fusionBN0_drop0p1__wd1e-04trmiss40_trlocglobal,32,0.0001,0.0001,1,16,1,False,0.1,lr1e-04_bs32_modL1_fusion16_fusionL1_fusionBN0_drop0p1__wd1e-04trmiss40_trlocglobal,40,0.46408965190251666,0.6841394305229187,0.5753968253968255,0.5907641702655106,0.5555555555555556,0.0,0.0,0.0,0.0,0.0,0.0,0.0,0.0,0.0,,,,,18473,global,0.4
2,4,lr1e-04_bs32_modL1_fusion16_fusionL1_fusionBN0_drop0p1__wd1e-04trmiss40_trlocglobal,32,0.0001,0.0001,1,16,1,False,0.1,lr1e-04_bs32_modL1_fusion16_fusionL1_fusionBN0_drop0p1__wd1e-04trmiss40_trlocglobal,41,0.4604017585515976,0.6851008236408234,0.5753968253968255,0.5987610215441285,0.5333333333333333,0.0,0.0,0.0,0.0,0.0,0.0,0.0,0.0,0.0,,,,,18473,global,0.4
2,4,lr1e-04_bs32_modL1_fusion16_fusionL1_fusionBN0_drop0p1__wd1e-04trmiss40_trlocglobal,32,0.0001,0.0001,1,16,1,False,0.1,lr1e-04_bs32_modL1_fusion16_fusionL1_fusionBN0_drop0p1__wd1e-04trmiss40_trlocglobal,42,0.45034794012705487,0.684538871049881,0.5734126984126984,0.5990656296660312,0.5333333333333333,0.0,0.0,0.0,0.0,0.0,0.0,0.0,0.0,0.0,,,,,18473,global,0.4
2,4,lr1e-04_bs32_modL1_fusion16_fusionL1_fusionBN0_drop0p1__wd1e-04trmiss40_trlocglobal,32,0.0001,0.0001,1,16,1,False,0.1,lr1e-04_bs32_modL1_fusion16_fusionL1_fusionBN0_drop0p1__wd1e-04trmiss40_trlocglobal,43,0.45543935894966125,0.6866166889667511,0.5734126984126985,0.5899508774591735,0.5555555555555556,0.0,0.0,0.0,0.0,0.0,0.0,0.0,0.0,0.0,,,,,18473,global,0.4
2,4,lr1e-04_bs32_modL1_fusion16_fusionL1_fusionBN0_drop0p1__wd1e-04trmiss40_trlocglobal,32,0.0001,0.0001,1,16,1,False,0.1,lr1e-04_bs32_modL1_fusion16_fusionL1_fusionBN0_drop0p1__wd1e-04trmiss40_trlocglobal,44,0.4465593794981639,0.6865294277667999,0.5753968253968255,0.5972533085420925,0.5555555555555556,0.0,0.0,0.0,0.0,0.0,0.0,0.0,0.0,0.0,,,,,18473,global,0.4
2,4,lr1e-04_bs32_modL1_fusion16_fusionL1_fusionBN0_drop0p1__wd1e-04trmiss40_trlocglobal,32,0.0001,0.0001,1,16,1,False,0.1,lr1e-04_bs32_modL1_fusion16_fusionL1_fusionBN0_drop0p1__wd1e-04trmiss40_trlocglobal,45,0.4522502173980077,0.6867128014564514,0.5674603174603174,0.5863639972721042,0.5333333333333333,0.0,0.0,0.0,0.0,0.0,0.0,0.0,0.0,0.0,,,,,18473,global,0.4
2,4,lr1e-04_bs32_modL1_fusion16_fusionL1_fusionBN0_drop0p1__wd1e-04trmiss40_trlocglobal,32,0.0001,0.0001,1,16,1,False,0.1,lr1e-04_bs32_modL1_fusion16_fusionL1_fusionBN0_drop0p1__wd1e-04trmiss40_trlocglobal,46,0.4525529394547145,0.686588853597641,0.5615079365079365,0.5817820789449903,0.5555555555555556,0.0,0.0,0.0,0.0,0.0,0.0,0.0,0.0,0.0,,,,,18473,global,0.4
2,4,lr1e-04_bs32_modL1_fusion16_fusionL1_fusionBN0_drop0p1__wd1e-04trmiss40_trlocglobal,32,0.0001,0.0001,1,16,1,False,0.1,lr1e-04_bs32_modL1_fusion16_fusionL1_fusionBN0_drop0p1__wd1e-04trmiss40_trlocglobal,47,0.4442574679851532,0.6799737811088562,0.5873015873015872,0.594774682327522,0.5555555555555556,0.0,0.0,0.0,0.0,0.0,0.0,0.0,0.0,0.0,,,,,18473,global,0.4
2,4,lr1e-04_bs32_modL1_fusion16_fusionL1_fusionBN0_drop0p1__wd1e-04trmiss40_trlocglobal,32,0.0001,0.0001,1,16,1,False,0.1,lr1e-04_bs32_modL1_fusion16_fusionL1_fusionBN0_drop0p1__wd1e-04trmiss40_trlocglobal,48,0.43640245993932086,0.6832210123538971,0.5813492063492063,0.590318091526593,0.5555555555555556,0.0,0.0,0.0,0.0,0.0,0.0,0.0,0.0,0.0,,,,,18473,global,0.4
2,4,lr1e-04_bs32_modL1_fusion32_fusionL1_fusionBN0_drop0p2__wd1e-04trmiss40_trlocglobal,32,0.0001,0.0001,1,32,1,False,0.2,lr1e-04_bs32_modL1_fusion32_fusionL1_fusionBN0_drop0p2__wd1e-04trmiss40_trlocglobal,1,0.6900333762168884,0.701767235994339,0.5119047619047619,0.6314346959289007,0.5111111111111111,0.0,0.0,0.0,0.0,0.0,0.0,0.0,0.0,0.0,,,,,18473,global,0.4
2,4,lr1e-04_bs32_modL1_fusion32_fusionL1_fusionBN0_drop0p2__wd1e-04trmiss40_trlocglobal,32,0.0001,0.0001,1,32,1,False,0.2,lr1e-04_bs32_modL1_fusion32_fusionL1_fusionBN0_drop0p2__wd1e-04trmiss40_trlocglobal,2,0.6718628704547882,0.7035750150680542,0.5476190476190477,0.6527831839348223,0.5333333333333333,0.0,0.0,0.0,0.0,0.0,0.0,0.0,0.0,0.0,,,,,18473,global,0.4
2,4,lr1e-04_bs32_modL1_fusion32_fusionL1_fusionBN0_drop0p2__wd1e-04trmiss40_trlocglobal,32,0.0001,0.0001,1,32,1,False,0.2,lr1e-04_bs32_modL1_fusion32_fusionL1_fusionBN0_drop0p2__wd1e-04trmiss40_trlocglobal,3,0.6567142903804779,0.7052622735500336,0.5615079365079365,0.6353150980750661,0.5555555555555556,0.0,0.0,0.0,0.0,0.0,0.0,0.0,0.0,0.0,,,,,18473,global,0.4
2,4,lr1e-04_bs32_modL1_fusion32_fusionL1_fusionBN0_drop0p2__wd1e-04trmiss40_trlocglobal,32,0.0001,0.0001,1,32,1,False,0.2,lr1e-04_bs32_modL1_fusion32_fusionL1_fusionBN0_drop0p2__wd1e-04trmiss40_trlocglobal,4,0.6473377247651418,0.7064144611358643,0.5674603174603174,0.6364003708780619,0.6,0.0,0.0,0.0,0.0,0.0,0.0,0.0,0.0,0.0,,,,,18473,global,0.4
2,4,lr1e-04_bs32_modL1_fusion32_fusionL1_fusionBN0_drop0p2__wd1e-04trmiss40_trlocglobal,32,0.0001,0.0001,1,32,1,False,0.2,lr1e-04_bs32_modL1_fusion32_fusionL1_fusionBN0_drop0p2__wd1e-04trmiss40_trlocglobal,5,0.6344307561715444,0.7062312364578247,0.5714285714285714,0.6402190051211536,0.6,0.0,0.0,0.0,0.0,0.0,0.0,0.0,0.0,0.0,,,,,18473,global,0.4
2,4,lr1e-04_bs32_modL1_fusion32_fusionL1_fusionBN0_drop0p2__wd1e-04trmiss40_trlocglobal,32,0.0001,0.0001,1,32,1,False,0.2,lr1e-04_bs32_modL1_fusion32_fusionL1_fusionBN0_drop0p2__wd1e-04trmiss40_trlocglobal,6,0.6245684127012888,0.7067722976207733,0.5694444444444445,0.6384928820858299,0.6444444444444445,0.0,0.0,0.0,0.0,0.0,0.0,0.0,0.0,0.0,,,,,18473,global,0.4
2,4,lr1e-04_bs32_modL1_fusion32_fusionL1_fusionBN0_drop0p2__wd1e-04trmiss40_trlocglobal,32,0.0001,0.0001,1,32,1,False,0.2,lr1e-04_bs32_modL1_fusion32_fusionL1_fusionBN0_drop0p2__wd1e-04trmiss40_trlocglobal,7,0.6130943894386292,0.7077144682407379,0.5634920634920635,0.6315670658711066,0.6222222222222222,0.0,0.0,0.0,0.0,0.0,0.0,0.0,0.0,0.0,,,,,18473,global,0.4
2,4,lr1e-04_bs32_modL1_fusion32_fusionL1_fusionBN0_drop0p2__wd1e-04trmiss40_trlocglobal,32,0.0001,0.0001,1,32,1,False,0.2,lr1e-04_bs32_modL1_fusion32_fusionL1_fusionBN0_drop0p2__wd1e-04trmiss40_trlocglobal,8,0.6057578722635905,0.7071256935596466,0.5555555555555556,0.6240318473469986,0.6222222222222222,0.0,0.0,0.0,0.0,0.0,0.0,0.0,0.0,0.0,,,,,18473,global,0.4
2,4,lr1e-04_bs32_modL1_fusion32_fusionL1_fusionBN0_drop0p2__wd1e-04trmiss40_trlocglobal,32,0.0001,0.0001,1,32,1,False,0.2,lr1e-04_bs32_modL1_fusion32_fusionL1_fusionBN0_drop0p2__wd1e-04trmiss40_trlocglobal,9,0.6064949830373129,0.7054400444030762,0.5515873015873016,0.6293778026687668,0.6,0.0,0.0,0.0,0.0,0.0,0.0,0.0,0.0,0.0,,,,,18473,global,0.4
2,4,lr1e-04_bs32_modL1_fusion32_fusionL1_fusionBN0_drop0p2__wd1e-04trmiss40_trlocglobal,32,0.0001,0.0001,1,32,1,False,0.2,lr1e-04_bs32_modL1_fusion32_fusionL1_fusionBN0_drop0p2__wd1e-04trmiss40_trlocglobal,10,0.5938224693139394,0.7035866975784302,0.5654761904761905,0.6376990251116508,0.6222222222222222,0.0,0.0,0.0,0.0,0.0,0.0,0.0,0.0,0.0,,,,,18473,global,0.4
2,4,lr1e-04_bs32_modL1_fusion32_fusionL1_fusionBN0_drop0p2__wd1e-04trmiss40_trlocglobal,32,0.0001,0.0001,1,32,1,False,0.2,lr1e-04_bs32_modL1_fusion32_fusionL1_fusionBN0_drop0p2__wd1e-04trmiss40_trlocglobal,11,0.5944990615049998,0.7033199071884155,0.5515873015873016,0.6165518975972464,0.6,0.0,0.0,0.0,0.0,0.0,0.0,0.0,0.0,0.0,,,,,18473,global,0.4
2,4,lr1e-04_bs32_modL1_fusion32_fusionL1_fusionBN0_drop0p2__wd1e-04trmiss40_trlocglobal,32,0.0001,0.0001,1,32,1,False,0.2,lr1e-04_bs32_modL1_fusion32_fusionL1_fusionBN0_drop0p2__wd1e-04trmiss40_trlocglobal,12,0.5774942537148794,0.7054862976074219,0.5515873015873016,0.6139880362247356,0.6,0.0,0.0,0.0,0.0,0.0,0.0,0.0,0.0,0.0,,,,,18473,global,0.4
2,4,lr1e-04_bs32_modL1_fusion32_fusionL1_fusionBN0_drop0p2__wd1e-04trmiss40_trlocglobal,32,0.0001,0.0001,1,32,1,False,0.2,lr1e-04_bs32_modL1_fusion32_fusionL1_fusionBN0_drop0p2__wd1e-04trmiss40_trlocglobal,13,0.5797135233879089,0.7044996321201324,0.5575396825396826,0.6083998539821416,0.6,0.0,0.0,0.0,0.0,0.0,0.0,0.0,0.0,0.0,,,,,18473,global,0.4
2,4,lr1e-04_bs32_modL1_fusion32_fusionL1_fusionBN0_drop0p2__wd1e-04trmiss40_trlocglobal,32,0.0001,0.0001,1,32,1,False,0.2,lr1e-04_bs32_modL1_fusion32_fusionL1_fusionBN0_drop0p2__wd1e-04trmiss40_trlocglobal,14,0.565106193224589,0.7041099667549133,0.5456349206349207,0.5970490538298541,0.6222222222222222,0.0,0.0,0.0,0.0,0.0,0.0,0.0,0.0,0.0,,,,,18473,global,0.4
2,4,lr1e-04_bs32_modL1_fusion32_fusionL1_fusionBN0_drop0p2__wd1e-04trmiss40_trlocglobal,32,0.0001,0.0001,1,32,1,False,0.2,lr1e-04_bs32_modL1_fusion32_fusionL1_fusionBN0_drop0p2__wd1e-04trmiss40_trlocglobal,15,0.5706559618314108,0.704818069934845,0.5357142857142858,0.594903910875298,0.6222222222222222,0.0,0.0,0.0,0.0,0.0,0.0,0.0,0.0,0.0,,,,,18473,global,0.4
2,4,lr1e-04_bs32_modL1_fusion32_fusionL1_fusionBN0_drop0p2__wd1e-04trmiss40_trlocglobal,32,0.0001,0.0001,1,32,1,False,0.2,lr1e-04_bs32_modL1_fusion32_fusionL1_fusionBN0_drop0p2__wd1e-04trmiss40_trlocglobal,16,0.5552921195824941,0.7023970782756805,0.5555555555555556,0.5967237043584777,0.6222222222222222,0.0,0.0,0.0,0.0,0.0,0.0,0.0,0.0,0.0,,,,,18473,global,0.4
2,4,lr1e-04_bs32_modL1_fusion32_fusionL1_fusionBN0_drop0p2__wd1e-04trmiss40_trlocglobal,32,0.0001,0.0001,1,32,1,False,0.2,lr1e-04_bs32_modL1_fusion32_fusionL1_fusionBN0_drop0p2__wd1e-04trmiss40_trlocglobal,17,0.5502017835776011,0.7040155529975891,0.5615079365079365,0.5924616170420665,0.6444444444444445,0.0,0.0,0.0,0.0,0.0,0.0,0.0,0.0,0.0,,,,,18473,global,0.4
2,4,lr1e-04_bs32_modL1_fusion32_fusionL1_fusionBN0_drop0p2__wd1e-04trmiss40_trlocglobal,32,0.0001,0.0001,1,32,1,False,0.2,lr1e-04_bs32_modL1_fusion32_fusionL1_fusionBN0_drop0p2__wd1e-04trmiss40_trlocglobal,18,0.5424380997816721,0.7047171592712402,0.5337301587301588,0.578194686568245,0.5777777777777777,0.0,0.0,0.0,0.0,0.0,0.0,0.0,0.0,0.0,,,,,18473,global,0.4
2,4,lr1e-04_bs32_modL1_fusion32_fusionL1_fusionBN0_drop0p2__wd1e-04trmiss40_trlocglobal,32,0.0001,0.0001,1,32,1,False,0.2,lr1e-04_bs32_modL1_fusion32_fusionL1_fusionBN0_drop0p2__wd1e-04trmiss40_trlocglobal,19,0.5417152444521586,0.7011439800262451,0.511904761904762,0.5571142380394442,0.6,0.0,0.0,0.0,0.0,0.0,0.0,0.0,0.0,0.0,,,,,18473,global,0.4
2,4,lr1e-04_bs32_modL1_fusion32_fusionL1_fusionBN0_drop0p2__wd1e-04trmiss40_trlocglobal,32,0.0001,0.0001,1,32,1,False,0.2,lr1e-04_bs32_modL1_fusion32_fusionL1_fusionBN0_drop0p2__wd1e-04trmiss40_trlocglobal,20,0.5343036949634552,0.6960586607456207,0.5476190476190477,0.5910150904412024,0.6,0.0,0.0,0.0,0.0,0.0,0.0,0.0,0.0,0.0,,,,,18473,global,0.4
2,4,lr1e-04_bs32_modL1_fusion32_fusionL1_fusionBN0_drop0p2__wd1e-04trmiss40_trlocglobal,32,0.0001,0.0001,1,32,1,False,0.2,lr1e-04_bs32_modL1_fusion32_fusionL1_fusionBN0_drop0p2__wd1e-04trmiss40_trlocglobal,21,0.5200694700082144,0.6993728280067444,0.5496031746031746,0.5870634687925904,0.6222222222222222,0.0,0.0,0.0,0.0,0.0,0.0,0.0,0.0,0.0,,,,,18473,global,0.4
2,4,lr1e-04_bs32_modL1_fusion32_fusionL1_fusionBN0_drop0p2__wd1e-04trmiss40_trlocglobal,32,0.0001,0.0001,1,32,1,False,0.2,lr1e-04_bs32_modL1_fusion32_fusionL1_fusionBN0_drop0p2__wd1e-04trmiss40_trlocglobal,22,0.5154318461815516,0.7013148665428162,0.5575396825396826,0.5978971363838358,0.6,0.0,0.0,0.0,0.0,0.0,0.0,0.0,0.0,0.0,,,,,18473,global,0.4
2,4,lr1e-04_bs32_modL1_fusion32_fusionL1_fusionBN0_drop0p2__wd1e-04trmiss40_trlocglobal,32,0.0001,0.0001,1,32,1,False,0.2,lr1e-04_bs32_modL1_fusion32_fusionL1_fusionBN0_drop0p2__wd1e-04trmiss40_trlocglobal,23,0.5095543563365936,0.7014366388320923,0.5634920634920635,0.6015234216773837,0.6,0.0,0.0,0.0,0.0,0.0,0.0,0.0,0.0,0.0,,,,,18473,global,0.4
2,4,lr1e-04_bs32_modL1_fusion32_fusionL1_fusionBN0_drop0p2__wd1e-04trmiss40_trlocglobal,32,0.0001,0.0001,1,32,1,False,0.2,lr1e-04_bs32_modL1_fusion32_fusionL1_fusionBN0_drop0p2__wd1e-04trmiss40_trlocglobal,24,0.5172763814528784,0.6955838799476624,0.5634920634920635,0.6103343990834482,0.5555555555555556,0.0,0.0,0.0,0.0,0.0,0.0,0.0,0.0,0.0,,,,,18473,global,0.4
2,4,lr1e-04_bs32_modL1_fusion32_fusionL1_fusionBN0_drop0p2__wd1e-04trmiss40_trlocglobal,32,0.0001,0.0001,1,32,1,False,0.2,lr1e-04_bs32_modL1_fusion32_fusionL1_fusionBN0_drop0p2__wd1e-04trmiss40_trlocglobal,25,0.4970365713040034,0.692502498626709,0.5753968253968255,0.6031418798777219,0.6,0.0,0.0,0.0,0.0,0.0,0.0,0.0,0.0,0.0,,,,,18473,global,0.4
2,4,lr1e-04_bs32_modL1_fusion32_fusionL1_fusionBN0_drop0p2__wd1e-04trmiss40_trlocglobal,32,0.0001,0.0001,1,32,1,False,0.2,lr1e-04_bs32_modL1_fusion32_fusionL1_fusionBN0_drop0p2__wd1e-04trmiss40_trlocglobal,26,0.49993735055128735,0.6936548054218292,0.5654761904761905,0.6064355077618057,0.6,0.0,0.0,0.0,0.0,0.0,0.0,0.0,0.0,0.0,,,,,18473,global,0.4
2,4,lr1e-04_bs32_modL1_fusion32_fusionL1_fusionBN0_drop0p2__wd1e-04trmiss40_trlocglobal,32,0.0001,0.0001,1,32,1,False,0.2,lr1e-04_bs32_modL1_fusion32_fusionL1_fusionBN0_drop0p2__wd1e-04trmiss40_trlocglobal,27,0.49485034743944806,0.696614682674408,0.5535714285714286,0.6011868350637327,0.6,0.0,0.0,0.0,0.0,0.0,0.0,0.0,0.0,0.0,,,,,18473,global,0.4
2,4,lr1e-04_bs32_modL1_fusion32_fusionL1_fusionBN0_drop0p2__wd1e-04trmiss40_trlocglobal,32,0.0001,0.0001,1,32,1,False,0.2,lr1e-04_bs32_modL1_fusion32_fusionL1_fusionBN0_drop0p2__wd1e-04trmiss40_trlocglobal,28,0.47767868638038635,0.6947803497314453,0.5535714285714286,0.5987149704396503,0.6,0.0,0.0,0.0,0.0,0.0,0.0,0.0,0.0,0.0,,,,,18473,global,0.4
2,4,lr1e-04_bs32_modL1_fusion32_fusionL1_fusionBN0_drop0p2__wd1e-04trmiss40_trlocglobal,32,0.0001,0.0001,1,32,1,False,0.2,lr1e-04_bs32_modL1_fusion32_fusionL1_fusionBN0_drop0p2__wd1e-04trmiss40_trlocglobal,29,0.46542289356390637,0.6929531991481781,0.5694444444444444,0.5930768257489054,0.6222222222222222,0.0,0.0,0.0,0.0,0.0,0.0,0.0,0.0,0.0,,,,,18473,global,0.4
2,4,lr1e-04_bs32_modL1_fusion32_fusionL1_fusionBN0_drop0p2__wd1e-04trmiss40_trlocglobal,32,0.0001,0.0001,1,32,1,False,0.2,lr1e-04_bs32_modL1_fusion32_fusionL1_fusionBN0_drop0p2__wd1e-04trmiss40_trlocglobal,30,0.48007633288701373,0.6930324733257294,0.5615079365079365,0.5979184869509973,0.6,0.0,0.0,0.0,0.0,0.0,0.0,0.0,0.0,0.0,,,,,18473,global,0.4
2,4,lr1e-04_bs32_modL1_fusion32_fusionL1_fusionBN0_drop0p2__wd1e-04trmiss40_trlocglobal,32,0.0001,0.0001,1,32,1,False,0.2,lr1e-04_bs32_modL1_fusion32_fusionL1_fusionBN0_drop0p2__wd1e-04trmiss40_trlocglobal,31,0.46129098534584045,0.6947248876094818,0.5615079365079365,0.5940878079364946,0.6,0.0,0.0,0.0,0.0,0.0,0.0,0.0,0.0,0.0,,,,,18473,global,0.4
2,4,lr1e-04_bs32_modL1_fusion32_fusionL1_fusionBN0_drop0p2__wd1e-04trmiss40_trlocglobal,32,0.0001,0.0001,1,32,1,False,0.2,lr1e-04_bs32_modL1_fusion32_fusionL1_fusionBN0_drop0p2__wd1e-04trmiss40_trlocglobal,32,0.46167440712451935,0.6972759366035461,0.5575396825396826,0.5821608842142278,0.6222222222222222,0.0,0.0,0.0,0.0,0.0,0.0,0.0,0.0,0.0,,,,,18473,global,0.4
2,4,lr1e-04_bs32_modL1_fusion32_fusionL1_fusionBN0_drop0p2__wd1e-04trmiss40_trlocglobal,32,0.0001,0.0001,1,32,1,False,0.2,lr1e-04_bs32_modL1_fusion32_fusionL1_fusionBN0_drop0p2__wd1e-04trmiss40_trlocglobal,33,0.4560204893350601,0.6951312124729156,0.5456349206349206,0.5695342284625721,0.6,0.0,0.0,0.0,0.0,0.0,0.0,0.0,0.0,0.0,,,,,18473,global,0.4
2,4,lr1e-04_bs32_modL1_fusion32_fusionL1_fusionBN0_drop0p2__wd1e-04trmiss40_trlocglobal,32,0.0001,0.0001,1,32,1,False,0.2,lr1e-04_bs32_modL1_fusion32_fusionL1_fusionBN0_drop0p2__wd1e-04trmiss40_trlocglobal,34,0.44596808155377704,0.7009811699390411,0.5436507936507936,0.5815837706698117,0.5555555555555556,0.0,0.0,0.0,0.0,0.0,0.0,0.0,0.0,0.0,,,,,18473,global,0.4
2,4,lr1e-04_bs32_modL1_fusion32_fusionL1_fusionBN0_drop0p2__wd1e-04trmiss40_trlocglobal,32,0.0001,0.0001,1,32,1,False,0.2,lr1e-04_bs32_modL1_fusion32_fusionL1_fusionBN0_drop0p2__wd1e-04trmiss40_trlocglobal,35,0.44717247784137726,0.7038078308105469,0.5277777777777778,0.5623894235681504,0.5555555555555556,0.0,0.0,0.0,0.0,0.0,0.0,0.0,0.0,0.0,,,,,18473,global,0.4
2,4,lr1e-04_bs32_modL1_fusion32_fusionL1_fusionBN0_drop0p2__wd1e-04trmiss40_trlocglobal,32,0.0001,0.0001,1,32,1,False,0.2,lr1e-04_bs32_modL1_fusion32_fusionL1_fusionBN0_drop0p2__wd1e-04trmiss40_trlocglobal,36,0.4365195780992508,0.7007243931293488,0.5456349206349207,0.5704195486229102,0.5777777777777777,0.0,0.0,0.0,0.0,0.0,0.0,0.0,0.0,0.0,,,,,18473,global,0.4
2,4,lr1e-04_bs32_modL1_fusion32_fusionL1_fusionBN0_drop0p2__wd1e-04trmiss40_trlocglobal,32,0.0001,0.0001,1,32,1,False,0.2,lr1e-04_bs32_modL1_fusion32_fusionL1_fusionBN0_drop0p2__wd1e-04trmiss40_trlocglobal,37,0.4293621977170308,0.6991239488124847,0.5476190476190477,0.5732834966834696,0.5777777777777777,0.0,0.0,0.0,0.0,0.0,0.0,0.0,0.0,0.0,,,,,18473,global,0.4
2,4,lr1e-04_bs32_modL1_fusion32_fusionL1_fusionBN0_drop0p2__wd1e-04trmiss40_trlocglobal,32,0.0001,0.0001,1,32,1,False,0.2,lr1e-04_bs32_modL1_fusion32_fusionL1_fusionBN0_drop0p2__wd1e-04trmiss40_trlocglobal,38,0.42944111426671344,0.7001535892486572,0.5436507936507937,0.5792210076761275,0.6,0.0,0.0,0.0,0.0,0.0,0.0,0.0,0.0,0.0,,,,,18473,global,0.4
2,4,lr1e-04_bs32_modL1_fusion32_fusionL1_fusionBN0_drop0p2__wd1e-04trmiss40_trlocglobal,32,0.0001,0.0001,1,32,1,False,0.2,lr1e-04_bs32_modL1_fusion32_fusionL1_fusionBN0_drop0p2__wd1e-04trmiss40_trlocglobal,39,0.4228758017222087,0.7042952179908752,0.5277777777777778,0.5682150283613246,0.6,0.0,0.0,0.0,0.0,0.0,0.0,0.0,0.0,0.0,,,,,18473,global,0.4
2,4,lr1e-04_bs32_modL1_fusion32_fusionL1_fusionBN0_drop0p2__wd1e-04trmiss40_trlocglobal,32,0.0001,0.0001,1,32,1,False,0.2,lr1e-04_bs32_modL1_fusion32_fusionL1_fusionBN0_drop0p2__wd1e-04trmiss40_trlocglobal,40,0.42071037491162616,0.699752002954483,0.5436507936507937,0.5703023118824317,0.6,0.0,0.0,0.0,0.0,0.0,0.0,0.0,0.0,0.0,,,,,18473,global,0.4
2,4,lr1e-04_bs32_modL1_fusion32_fusionL1_fusionBN0_drop0p2__wd1e-04trmiss40_trlocglobal,32,0.0001,0.0001,1,32,1,False,0.2,lr1e-04_bs32_modL1_fusion32_fusionL1_fusionBN0_drop0p2__wd1e-04trmiss40_trlocglobal,41,0.41094914078712463,0.7032772600650787,0.5416666666666667,0.5766509883409752,0.6,0.0,0.0,0.0,0.0,0.0,0.0,0.0,0.0,0.0,,,,,18473,global,0.4
2,4,lr1e-04_bs32_modL1_fusion32_fusionL1_fusionBN0_drop0p2__wd1e-04trmiss40_trlocglobal,32,0.0001,0.0001,1,32,1,False,0.2,lr1e-04_bs32_modL1_fusion32_fusionL1_fusionBN0_drop0p2__wd1e-04trmiss40_trlocglobal,42,0.40475993355115253,0.7086693942546844,0.5238095238095238,0.5567602863938217,0.5777777777777777,0.0,0.0,0.0,0.0,0.0,0.0,0.0,0.0,0.0,,,,,18473,global,0.4
2,4,lr1e-04_bs32_modL1_fusion32_fusionL1_fusionBN0_drop0p2__wd1e-04trmiss40_trlocglobal,32,0.0001,0.0001,1,32,1,False,0.2,lr1e-04_bs32_modL1_fusion32_fusionL1_fusionBN0_drop0p2__wd1e-04trmiss40_trlocglobal,43,0.4086891710758209,0.7146026790142059,0.5158730158730158,0.5511047316035413,0.5777777777777777,0.0,0.0,0.0,0.0,0.0,0.0,0.0,0.0,0.0,,,,,18473,global,0.4
2,4,lr1e-04_bs32_modL1_fusion32_fusionL1_fusionBN0_drop0p2__wd1e-04trmiss40_trlocglobal,32,0.0001,0.0001,1,32,1,False,0.2,lr1e-04_bs32_modL1_fusion32_fusionL1_fusionBN0_drop0p2__wd1e-04trmiss40_trlocglobal,44,0.39333243668079376,0.7122904658317566,0.5218253968253969,0.5541213077697885,0.5777777777777777,0.0,0.0,0.0,0.0,0.0,0.0,0.0,0.0,0.0,,,,,18473,global,0.4
2,4,lr1e-04_bs32_modL1_fusion32_fusionL1_fusionBN0_drop0p2__wd1e-04trmiss40_trlocglobal,32,0.0001,0.0001,1,32,1,False,0.2,lr1e-04_bs32_modL1_fusion32_fusionL1_fusionBN0_drop0p2__wd1e-04trmiss40_trlocglobal,45,0.3850099245707194,0.706111341714859,0.5297619047619048,0.5599495818829626,0.6,0.0,0.0,0.0,0.0,0.0,0.0,0.0,0.0,0.0,,,,,18473,global,0.4
2,4,lr1e-04_bs32_modL1_fusion32_fusionL1_fusionBN0_drop0p1__wd1e-04trmiss40_trlocglobal,32,0.0001,0.0001,1,32,1,False,0.1,lr1e-04_bs32_modL1_fusion32_fusionL1_fusionBN0_drop0p1__wd1e-04trmiss40_trlocglobal,1,0.6955367624759674,0.6912961304187775,0.4662698412698413,0.5176369938455043,0.5333333333333333,0.0,0.0,0.0,0.0,0.0,0.0,0.0,0.0,0.0,,,,,18473,global,0.4
2,4,lr1e-04_bs32_modL1_fusion32_fusionL1_fusionBN0_drop0p1__wd1e-04trmiss40_trlocglobal,32,0.0001,0.0001,1,32,1,False,0.1,lr1e-04_bs32_modL1_fusion32_fusionL1_fusionBN0_drop0p1__wd1e-04trmiss40_trlocglobal,2,0.6769922176996866,0.689492791891098,0.4900793650793651,0.5265324661651009,0.4666666666666667,0.0,0.0,0.0,0.0,0.0,0.0,0.0,0.0,0.0,,,,,18473,global,0.4
2,4,lr1e-04_bs32_modL1_fusion32_fusionL1_fusionBN0_drop0p1__wd1e-04trmiss40_trlocglobal,32,0.0001,0.0001,1,32,1,False,0.1,lr1e-04_bs32_modL1_fusion32_fusionL1_fusionBN0_drop0p1__wd1e-04trmiss40_trlocglobal,3,0.6603905459245046,0.6852342188358307,0.5257936507936508,0.5692100839019554,0.4888888888888889,0.0,0.0,0.0,0.0,0.0,0.0,0.0,0.0,0.0,,,,,18473,global,0.4
2,4,lr1e-04_bs32_modL1_fusion32_fusionL1_fusionBN0_drop0p1__wd1e-04trmiss40_trlocglobal,32,0.0001,0.0001,1,32,1,False,0.1,lr1e-04_bs32_modL1_fusion32_fusionL1_fusionBN0_drop0p1__wd1e-04trmiss40_trlocglobal,4,0.6534315844376882,0.6838888823986053,0.5138888888888888,0.5689443285756528,0.5111111111111111,0.0,0.0,0.0,0.0,0.0,0.0,0.0,0.0,0.0,,,,,18473,global,0.4
2,4,lr1e-04_bs32_modL1_fusion32_fusionL1_fusionBN0_drop0p1__wd1e-04trmiss40_trlocglobal,32,0.0001,0.0001,1,32,1,False,0.1,lr1e-04_bs32_modL1_fusion32_fusionL1_fusionBN0_drop0p1__wd1e-04trmiss40_trlocglobal,5,0.6374483704566956,0.6836748421192169,0.503968253968254,0.5651653323303018,0.4666666666666667,0.0,0.0,0.0,0.0,0.0,0.0,0.0,0.0,0.0,,,,,18473,global,0.4
2,4,lr1e-04_bs32_modL1_fusion32_fusionL1_fusionBN0_drop0p1__wd1e-04trmiss40_trlocglobal,32,0.0001,0.0001,1,32,1,False,0.1,lr1e-04_bs32_modL1_fusion32_fusionL1_fusionBN0_drop0p1__wd1e-04trmiss40_trlocglobal,6,0.6297204196453094,0.6835134327411652,0.4960317460317461,0.5558767432523105,0.4666666666666667,0.0,0.0,0.0,0.0,0.0,0.0,0.0,0.0,0.0,,,,,18473,global,0.4
2,4,lr1e-04_bs32_modL1_fusion32_fusionL1_fusionBN0_drop0p1__wd1e-04trmiss40_trlocglobal,32,0.0001,0.0001,1,32,1,False,0.1,lr1e-04_bs32_modL1_fusion32_fusionL1_fusionBN0_drop0p1__wd1e-04trmiss40_trlocglobal,7,0.6262579262256622,0.6828970015048981,0.503968253968254,0.5598214648167078,0.4444444444444444,0.0,0.0,0.0,0.0,0.0,0.0,0.0,0.0,0.0,,,,,18473,global,0.4
2,4,lr1e-04_bs32_modL1_fusion32_fusionL1_fusionBN0_drop0p1__wd1e-04trmiss40_trlocglobal,32,0.0001,0.0001,1,32,1,False,0.1,lr1e-04_bs32_modL1_fusion32_fusionL1_fusionBN0_drop0p1__wd1e-04trmiss40_trlocglobal,8,0.6206795672575632,0.6838816702365875,0.5,0.5574402076989675,0.4444444444444444,0.0,0.0,0.0,0.0,0.0,0.0,0.0,0.0,0.0,,,,,18473,global,0.4
2,4,lr1e-04_bs32_modL1_fusion32_fusionL1_fusionBN0_drop0p1__wd1e-04trmiss40_trlocglobal,32,0.0001,0.0001,1,32,1,False,0.1,lr1e-04_bs32_modL1_fusion32_fusionL1_fusionBN0_drop0p1__wd1e-04trmiss40_trlocglobal,9,0.6065547366937002,0.6835822761058807,0.49404761904761907,0.5366328696122176,0.4666666666666667,0.0,0.0,0.0,0.0,0.0,0.0,0.0,0.0,0.0,,,,,18473,global,0.4
2,4,lr1e-04_bs32_modL1_fusion32_fusionL1_fusionBN0_drop0p1__wd1e-04trmiss40_trlocglobal,32,0.0001,0.0001,1,32,1,False,0.1,lr1e-04_bs32_modL1_fusion32_fusionL1_fusionBN0_drop0p1__wd1e-04trmiss40_trlocglobal,10,0.6039967040220896,0.6819517910480499,0.5119047619047619,0.5592956553964686,0.4444444444444444,0.0,0.0,0.0,0.0,0.0,0.0,0.0,0.0,0.0,,,,,18473,global,0.4
2,4,lr1e-04_bs32_modL1_fusion32_fusionL1_fusionBN0_drop0p1__wd1e-04trmiss40_trlocglobal,32,0.0001,0.0001,1,32,1,False,0.1,lr1e-04_bs32_modL1_fusion32_fusionL1_fusionBN0_drop0p1__wd1e-04trmiss40_trlocglobal,11,0.5945899784564972,0.6821688115596771,0.5,0.5523387307733035,0.4444444444444444,0.0,0.0,0.0,0.0,0.0,0.0,0.0,0.0,0.0,,,,,18473,global,0.4
2,4,lr1e-04_bs32_modL1_fusion32_fusionL1_fusionBN0_drop0p1__wd1e-04trmiss40_trlocglobal,32,0.0001,0.0001,1,32,1,False,0.1,lr1e-04_bs32_modL1_fusion32_fusionL1_fusionBN0_drop0p1__wd1e-04trmiss40_trlocglobal,12,0.5907398959000906,0.6841559112071991,0.47817460317460314,0.5447888733435273,0.4666666666666667,0.0,0.0,0.0,0.0,0.0,0.0,0.0,0.0,0.0,,,,,18473,global,0.4
2,4,lr1e-04_bs32_modL1_fusion32_fusionL1_fusionBN0_drop0p1__wd1e-04trmiss40_trlocglobal,32,0.0001,0.0001,1,32,1,False,0.1,lr1e-04_bs32_modL1_fusion32_fusionL1_fusionBN0_drop0p1__wd1e-04trmiss40_trlocglobal,13,0.5857644379138947,0.6840482354164124,0.48214285714285715,0.5482102287171139,0.4666666666666667,0.0,0.0,0.0,0.0,0.0,0.0,0.0,0.0,0.0,,,,,18473,global,0.4
2,4,lr1e-04_bs32_modL1_fusion32_fusionL1_fusionBN0_drop0p1__wd1e-04trmiss40_trlocglobal,32,0.0001,0.0001,1,32,1,False,0.1,lr1e-04_bs32_modL1_fusion32_fusionL1_fusionBN0_drop0p1__wd1e-04trmiss40_trlocglobal,14,0.575910230477651,0.683507114648819,0.49206349206349204,0.5461612261969959,0.5111111111111111,0.0,0.0,0.0,0.0,0.0,0.0,0.0,0.0,0.0,,,,,18473,global,0.4
2,4,lr1e-04_bs32_modL1_fusion32_fusionL1_fusionBN0_drop0p1__wd1e-04trmiss40_trlocglobal,32,0.0001,0.0001,1,32,1,False,0.1,lr1e-04_bs32_modL1_fusion32_fusionL1_fusionBN0_drop0p1__wd1e-04trmiss40_trlocglobal,15,0.5699292620023092,0.683223158121109,0.4861111111111111,0.5380352439890105,0.5111111111111111,0.0,0.0,0.0,0.0,0.0,0.0,0.0,0.0,0.0,,,,,18473,global,0.4
2,4,lr1e-04_bs32_modL1_fusion32_fusionL1_fusionBN0_drop0p1__wd1e-04trmiss40_trlocglobal,32,0.0001,0.0001,1,32,1,False,0.1,lr1e-04_bs32_modL1_fusion32_fusionL1_fusionBN0_drop0p1__wd1e-04trmiss40_trlocglobal,16,0.5654660363992056,0.6814145445823669,0.5059523809523809,0.5635326264582549,0.4888888888888889,0.0,0.0,0.0,0.0,0.0,0.0,0.0,0.0,0.0,,,,,18473,global,0.4
2,4,lr1e-04_bs32_modL1_fusion32_fusionL1_fusionBN0_drop0p1__wd1e-04trmiss40_trlocglobal,32,0.0001,0.0001,1,32,1,False,0.1,lr1e-04_bs32_modL1_fusion32_fusionL1_fusionBN0_drop0p1__wd1e-04trmiss40_trlocglobal,17,0.5569421648979187,0.6792174577713013,0.5178571428571429,0.6025198289423452,0.4666666666666667,0.0,0.0,0.0,0.0,0.0,0.0,0.0,0.0,0.0,,,,,18473,global,0.4
2,4,lr1e-04_bs32_modL1_fusion32_fusionL1_fusionBN0_drop0p1__wd1e-04trmiss40_trlocglobal,32,0.0001,0.0001,1,32,1,False,0.1,lr1e-04_bs32_modL1_fusion32_fusionL1_fusionBN0_drop0p1__wd1e-04trmiss40_trlocglobal,18,0.5516555905342102,0.6803765892982483,0.5138888888888888,0.594652587288488,0.4666666666666667,0.0,0.0,0.0,0.0,0.0,0.0,0.0,0.0,0.0,,,,,18473,global,0.4
2,4,lr1e-04_bs32_modL1_fusion32_fusionL1_fusionBN0_drop0p1__wd1e-04trmiss40_trlocglobal,32,0.0001,0.0001,1,32,1,False,0.1,lr1e-04_bs32_modL1_fusion32_fusionL1_fusionBN0_drop0p1__wd1e-04trmiss40_trlocglobal,19,0.5378533105055491,0.6810526847839355,0.5178571428571429,0.5902973836400446,0.4666666666666667,0.0,0.0,0.0,0.0,0.0,0.0,0.0,0.0,0.0,,,,,18473,global,0.4
2,4,lr1e-04_bs32_modL1_fusion32_fusionL1_fusionBN0_drop0p1__wd1e-04trmiss40_trlocglobal,32,0.0001,0.0001,1,32,1,False,0.1,lr1e-04_bs32_modL1_fusion32_fusionL1_fusionBN0_drop0p1__wd1e-04trmiss40_trlocglobal,20,0.5371590753396353,0.682849109172821,0.5178571428571429,0.5730927659997578,0.4666666666666667,0.0,0.0,0.0,0.0,0.0,0.0,0.0,0.0,0.0,,,,,18473,global,0.4
2,4,lr1e-04_bs32_modL1_fusion32_fusionL1_fusionBN0_drop0p1__wd1e-04trmiss40_trlocglobal,32,0.0001,0.0001,1,32,1,False,0.1,lr1e-04_bs32_modL1_fusion32_fusionL1_fusionBN0_drop0p1__wd1e-04trmiss40_trlocglobal,21,0.5332703093687693,0.6818377077579498,0.5158730158730159,0.5604181144117169,0.4888888888888889,0.0,0.0,0.0,0.0,0.0,0.0,0.0,0.0,0.0,,,,,18473,global,0.4
2,4,lr1e-04_bs32_modL1_fusion32_fusionL1_fusionBN0_drop0p1__wd1e-04trmiss40_trlocglobal,32,0.0001,0.0001,1,32,1,False,0.1,lr1e-04_bs32_modL1_fusion32_fusionL1_fusionBN0_drop0p1__wd1e-04trmiss40_trlocglobal,22,0.5281621813774109,0.6853353977203369,0.501984126984127,0.5572768350279437,0.4666666666666667,0.0,0.0,0.0,0.0,0.0,0.0,0.0,0.0,0.0,,,,,18473,global,0.4
2,4,lr1e-04_bs32_modL1_fusion32_fusionL1_fusionBN0_drop0p1__wd1e-04trmiss40_trlocglobal,32,0.0001,0.0001,1,32,1,False,0.1,lr1e-04_bs32_modL1_fusion32_fusionL1_fusionBN0_drop0p1__wd1e-04trmiss40_trlocglobal,23,0.5214148064454397,0.6840395629405975,0.5218253968253969,0.5732232910395679,0.4444444444444444,0.0,0.0,0.0,0.0,0.0,0.0,0.0,0.0,0.0,,,,,18473,global,0.4
2,4,lr1e-04_bs32_modL1_fusion32_fusionL1_fusionBN0_drop0p1__wd1e-04trmiss40_trlocglobal,32,0.0001,0.0001,1,32,1,False,0.1,lr1e-04_bs32_modL1_fusion32_fusionL1_fusionBN0_drop0p1__wd1e-04trmiss40_trlocglobal,24,0.5170367409785589,0.6847387552261353,0.5178571428571428,0.5705988265719139,0.4888888888888889,0.0,0.0,0.0,0.0,0.0,0.0,0.0,0.0,0.0,,,,,18473,global,0.4
2,4,lr1e-04_bs32_modL1_fusion32_fusionL1_fusionBN0_drop0p1__wd1e-04trmiss40_trlocglobal,32,0.0001,0.0001,1,32,1,False,0.1,lr1e-04_bs32_modL1_fusion32_fusionL1_fusionBN0_drop0p1__wd1e-04trmiss40_trlocglobal,25,0.5097803821166357,0.6857224702835083,0.5079365079365079,0.5578195894494011,0.4666666666666667,0.0,0.0,0.0,0.0,0.0,0.0,0.0,0.0,0.0,,,,,18473,global,0.4
2,4,lr1e-04_bs32_modL1_fusion32_fusionL1_fusionBN0_drop0p1__wd1e-04trmiss40_trlocglobal,32,0.0001,0.0001,1,32,1,False,0.1,lr1e-04_bs32_modL1_fusion32_fusionL1_fusionBN0_drop0p1__wd1e-04trmiss40_trlocglobal,26,0.5025973320007324,0.6862407922744751,0.513888888888889,0.5589905121768796,0.4666666666666667,0.0,0.0,0.0,0.0,0.0,0.0,0.0,0.0,0.0,,,,,18473,global,0.4
2,4,lr1e-04_bs32_modL1_fusion32_fusionL1_fusionBN0_drop0p1__wd1e-04trmiss40_trlocglobal,32,0.0001,0.0001,1,32,1,False,0.1,lr1e-04_bs32_modL1_fusion32_fusionL1_fusionBN0_drop0p1__wd1e-04trmiss40_trlocglobal,27,0.49790654083093006,0.6898034512996674,0.503968253968254,0.5427995596617475,0.4666666666666667,0.0,0.0,0.0,0.0,0.0,0.0,0.0,0.0,0.0,,,,,18473,global,0.4
2,4,lr1e-04_bs32_modL1_fusion32_fusionL1_fusionBN0_drop0p1__wd1e-04trmiss40_trlocglobal,32,0.0001,0.0001,1,32,1,False,0.1,lr1e-04_bs32_modL1_fusion32_fusionL1_fusionBN0_drop0p1__wd1e-04trmiss40_trlocglobal,28,0.4880915433168411,0.690071165561676,0.5119047619047619,0.5703342467503427,0.4444444444444444,0.0,0.0,0.0,0.0,0.0,0.0,0.0,0.0,0.0,,,,,18473,global,0.4
2,4,lr1e-04_bs32_modL1_fusion32_fusionL1_fusionBN0_drop0p1__wd1e-04trmiss40_trlocglobal,32,0.0001,0.0001,1,32,1,False,0.1,lr1e-04_bs32_modL1_fusion32_fusionL1_fusionBN0_drop0p1__wd1e-04trmiss40_trlocglobal,29,0.48556937277317047,0.6898505985736847,0.503968253968254,0.5602012456826175,0.4666666666666667,0.0,0.0,0.0,0.0,0.0,0.0,0.0,0.0,0.0,,,,,18473,global,0.4
2,4,lr1e-04_bs32_modL1_fusion32_fusionL1_fusionBN0_drop0p1__wd1e-04trmiss40_trlocglobal,32,0.0001,0.0001,1,32,1,False,0.1,lr1e-04_bs32_modL1_fusion32_fusionL1_fusionBN0_drop0p1__wd1e-04trmiss40_trlocglobal,30,0.46919261415799457,0.6907778680324554,0.501984126984127,0.5509033659865358,0.4444444444444444,0.0,0.0,0.0,0.0,0.0,0.0,0.0,0.0,0.0,,,,,18473,global,0.4
2,4,lr1e-04_bs32_modL1_fusion32_fusionL1_fusionBN0_drop0p1__wd1e-04trmiss40_trlocglobal,32,0.0001,0.0001,1,32,1,False,0.1,lr1e-04_bs32_modL1_fusion32_fusionL1_fusionBN0_drop0p1__wd1e-04trmiss40_trlocglobal,31,0.47084329028924304,0.6873058974742889,0.4940476190476191,0.5418871905479465,0.4888888888888889,0.0,0.0,0.0,0.0,0.0,0.0,0.0,0.0,0.0,,,,,18473,global,0.4
2,4,lr1e-04_bs32_modL1_fusion32_fusionL1_fusionBN0_drop0p1__wd1e-04trmiss40_trlocglobal,32,0.0001,0.0001,1,32,1,False,0.1,lr1e-04_bs32_modL1_fusion32_fusionL1_fusionBN0_drop0p1__wd1e-04trmiss40_trlocglobal,32,0.4654160539309184,0.6888725459575653,0.503968253968254,0.5572854083145854,0.4888888888888889,0.0,0.0,0.0,0.0,0.0,0.0,0.0,0.0,0.0,,,,,18473,global,0.4
2,4,lr1e-04_bs32_modL1_fusion32_fusionL1_fusionBN0_drop0p1__wd1e-04trmiss40_trlocglobal,32,0.0001,0.0001,1,32,1,False,0.1,lr1e-04_bs32_modL1_fusion32_fusionL1_fusionBN0_drop0p1__wd1e-04trmiss40_trlocglobal,33,0.45617865522702533,0.6922678053379059,0.503968253968254,0.5494034202189357,0.4888888888888889,0.0,0.0,0.0,0.0,0.0,0.0,0.0,0.0,0.0,,,,,18473,global,0.4
2,4,lr1e-04_bs32_modL1_fusion32_fusionL1_fusionBN0_drop0p1__wd1e-04trmiss40_trlocglobal,32,0.0001,0.0001,1,32,1,False,0.1,lr1e-04_bs32_modL1_fusion32_fusionL1_fusionBN0_drop0p1__wd1e-04trmiss40_trlocglobal,34,0.44960222641626996,0.6953510940074921,0.501984126984127,0.5510414610017134,0.4666666666666667,0.0,0.0,0.0,0.0,0.0,0.0,0.0,0.0,0.0,,,,,18473,global,0.4
2,4,lr1e-04_bs32_modL1_fusion32_fusionL1_fusionBN0_drop0p1__wd1e-04trmiss40_trlocglobal,32,0.0001,0.0001,1,32,1,False,0.1,lr1e-04_bs32_modL1_fusion32_fusionL1_fusionBN0_drop0p1__wd1e-04trmiss40_trlocglobal,35,0.44761278728644055,0.6970159113407135,0.498015873015873,0.5403892309237387,0.4666666666666667,0.0,0.0,0.0,0.0,0.0,0.0,0.0,0.0,0.0,,,,,18473,global,0.4
2,4,lr1e-04_bs32_modL1_fusion32_fusionL1_fusionBN0_drop0p1__wd1e-04trmiss40_trlocglobal,32,0.0001,0.0001,1,32,1,False,0.1,lr1e-04_bs32_modL1_fusion32_fusionL1_fusionBN0_drop0p1__wd1e-04trmiss40_trlocglobal,36,0.4471851736307144,0.6964506506919861,0.5,0.5511758795922195,0.4666666666666667,0.0,0.0,0.0,0.0,0.0,0.0,0.0,0.0,0.0,,,,,18473,global,0.4
2,4,lr1e-04_bs32_modL1_fusion32_fusionL1_fusionBN0_drop0p1__wd1e-04trmiss40_trlocglobal,32,0.0001,0.0001,1,32,1,False,0.1,lr1e-04_bs32_modL1_fusion32_fusionL1_fusionBN0_drop0p1__wd1e-04trmiss40_trlocglobal,37,0.44336817661921185,0.6978921592235565,0.4920634920634921,0.544289519222887,0.4444444444444444,0.0,0.0,0.0,0.0,0.0,0.0,0.0,0.0,0.0,,,,,18473,global,0.4
2,4,lr1e-04_bs32_modL1_fusion32_fusionL1_fusionBN0_drop0p1__wd1e-04trmiss40_trlocglobal,32,0.0001,0.0001,1,32,1,False,0.1,lr1e-04_bs32_modL1_fusion32_fusionL1_fusionBN0_drop0p1__wd1e-04trmiss40_trlocglobal,38,0.427764892578125,0.6997473239898682,0.48809523809523814,0.5354385487203708,0.4888888888888889,0.0,0.0,0.0,0.0,0.0,0.0,0.0,0.0,0.0,,,,,18473,global,0.4
2,4,lr1e-04_bs32_modL1_fusion32_fusionL1_fusionBN0_drop0p1__wd1e-04trmiss40_trlocglobal,32,0.0001,0.0001,1,32,1,False,0.1,lr1e-04_bs32_modL1_fusion32_fusionL1_fusionBN0_drop0p1__wd1e-04trmiss40_trlocglobal,39,0.4292259216308594,0.7022188007831573,0.4900793650793651,0.5359975837742679,0.4888888888888889,0.0,0.0,0.0,0.0,0.0,0.0,0.0,0.0,0.0,,,,,18473,global,0.4
2,4,lr1e-04_bs32_modL1_fusion32_fusionL1_fusionBN0_drop0p1__wd1e-04trmiss40_trlocglobal,32,0.0001,0.0001,1,32,1,False,0.1,lr1e-04_bs32_modL1_fusion32_fusionL1_fusionBN0_drop0p1__wd1e-04trmiss40_trlocglobal,40,0.43021229406197864,0.7051466405391693,0.49206349206349204,0.5369779907255381,0.4444444444444444,0.0,0.0,0.0,0.0,0.0,0.0,0.0,0.0,0.0,,,,,18473,global,0.4
2,4,lr1e-04_bs32_modL1_fusion32_fusionL1_fusionBN0_drop0p1__wd1e-04trmiss40_trlocglobal,32,0.0001,0.0001,1,32,1,False,0.1,lr1e-04_bs32_modL1_fusion32_fusionL1_fusionBN0_drop0p1__wd1e-04trmiss40_trlocglobal,41,0.4254869769016902,0.7034331858158112,0.498015873015873,0.5349597412382635,0.4888888888888889,0.0,0.0,0.0,0.0,0.0,0.0,0.0,0.0,0.0,,,,,18473,global,0.4
2,4,lr1e-04_bs32_modL1_fusion32_fusionL1_fusionBN0_drop0p1__wd1e-04trmiss40_trlocglobal,32,0.0001,0.0001,1,32,1,False,0.1,lr1e-04_bs32_modL1_fusion32_fusionL1_fusionBN0_drop0p1__wd1e-04trmiss40_trlocglobal,42,0.41594921549161273,0.7064526975154877,0.498015873015873,0.5374737057196083,0.4888888888888889,0.0,0.0,0.0,0.0,0.0,0.0,0.0,0.0,0.0,,,,,18473,global,0.4
2,4,lr1e-04_bs32_modL1_fusion32_fusionL1_fusionBN0_drop0p1__wd1e-04trmiss40_trlocglobal,32,0.0001,0.0001,1,32,1,False,0.1,lr1e-04_bs32_modL1_fusion32_fusionL1_fusionBN0_drop0p1__wd1e-04trmiss40_trlocglobal,43,0.4055406053860982,0.7027825117111206,0.5099206349206349,0.5496639923616857,0.5111111111111111,0.0,0.0,0.0,0.0,0.0,0.0,0.0,0.0,0.0,,,,,18473,global,0.4
2,4,lr5e-05_bs32_modL1_fusion16_fusionL1_fusionBN0_drop0p2__wd1e-04trmiss40_trlocglobal,32,5e-05,0.0001,1,16,1,False,0.2,lr5e-05_bs32_modL1_fusion16_fusionL1_fusionBN0_drop0p2__wd1e-04trmiss40_trlocglobal,1,0.7004892329374949,0.6895419657230377,0.636904761904762,0.6688659346066612,0.4666666666666667,0.0,0.0,0.0,0.0,0.0,0.0,0.0,0.0,0.0,,,,,18473,global,0.4
2,4,lr5e-05_bs32_modL1_fusion16_fusionL1_fusionBN0_drop0p2__wd1e-04trmiss40_trlocglobal,32,5e-05,0.0001,1,16,1,False,0.2,lr5e-05_bs32_modL1_fusion16_fusionL1_fusionBN0_drop0p2__wd1e-04trmiss40_trlocglobal,2,0.6799183984597524,0.6888705492019653,0.6130952380952381,0.6229831452198918,0.4666666666666667,0.0,0.0,0.0,0.0,0.0,0.0,0.0,0.0,0.0,,,,,18473,global,0.4
2,4,lr5e-05_bs32_modL1_fusion16_fusionL1_fusionBN0_drop0p2__wd1e-04trmiss40_trlocglobal,32,5e-05,0.0001,1,16,1,False,0.2,lr5e-05_bs32_modL1_fusion16_fusionL1_fusionBN0_drop0p2__wd1e-04trmiss40_trlocglobal,3,0.6731457014878591,0.6875706017017365,0.6031746031746031,0.6080691943534916,0.4888888888888889,0.0,0.0,0.0,0.0,0.0,0.0,0.0,0.0,0.0,,,,,18473,global,0.4
2,4,lr5e-05_bs32_modL1_fusion16_fusionL1_fusionBN0_drop0p2__wd1e-04trmiss40_trlocglobal,32,5e-05,0.0001,1,16,1,False,0.2,lr5e-05_bs32_modL1_fusion16_fusionL1_fusionBN0_drop0p2__wd1e-04trmiss40_trlocglobal,4,0.6771868169307709,0.6875316798686981,0.5912698412698412,0.5970112678461181,0.5333333333333333,0.0,0.0,0.0,0.0,0.0,0.0,0.0,0.0,0.0,,,,,18473,global,0.4
2,4,lr5e-05_bs32_modL1_fusion16_fusionL1_fusionBN0_drop0p2__wd1e-04trmiss40_trlocglobal,32,5e-05,0.0001,1,16,1,False,0.2,lr5e-05_bs32_modL1_fusion16_fusionL1_fusionBN0_drop0p2__wd1e-04trmiss40_trlocglobal,5,0.6712798774242401,0.6860014796257019,0.6051587301587301,0.6007628471104136,0.5111111111111111,0.0,0.0,0.0,0.0,0.0,0.0,0.0,0.0,0.0,,,,,18473,global,0.4
2,4,lr5e-05_bs32_modL1_fusion16_fusionL1_fusionBN0_drop0p2__wd1e-04trmiss40_trlocglobal,32,5e-05,0.0001,1,16,1,False,0.2,lr5e-05_bs32_modL1_fusion16_fusionL1_fusionBN0_drop0p2__wd1e-04trmiss40_trlocglobal,6,0.6653381784756979,0.6859308779239655,0.6011904761904762,0.6051158896767977,0.5333333333333333,0.0,0.0,0.0,0.0,0.0,0.0,0.0,0.0,0.0,,,,,18473,global,0.4
2,4,lr5e-05_bs32_modL1_fusion16_fusionL1_fusionBN0_drop0p2__wd1e-04trmiss40_trlocglobal,32,5e-05,0.0001,1,16,1,False,0.2,lr5e-05_bs32_modL1_fusion16_fusionL1_fusionBN0_drop0p2__wd1e-04trmiss40_trlocglobal,7,0.662402331829071,0.6863933205604553,0.5912698412698413,0.5918871531117883,0.5555555555555556,0.0,0.0,0.0,0.0,0.0,0.0,0.0,0.0,0.0,,,,,18473,global,0.4
2,4,lr5e-05_bs32_modL1_fusion16_fusionL1_fusionBN0_drop0p2__wd1e-04trmiss40_trlocglobal,32,5e-05,0.0001,1,16,1,False,0.2,lr5e-05_bs32_modL1_fusion16_fusionL1_fusionBN0_drop0p2__wd1e-04trmiss40_trlocglobal,8,0.6656370560328165,0.6865265965461731,0.5932539682539683,0.5929828297966969,0.5333333333333333,0.0,0.0,0.0,0.0,0.0,0.0,0.0,0.0,0.0,,,,,18473,global,0.4
2,4,lr5e-05_bs32_modL1_fusion16_fusionL1_fusionBN0_drop0p2__wd1e-04trmiss40_trlocglobal,32,5e-05,0.0001,1,16,1,False,0.2,lr5e-05_bs32_modL1_fusion16_fusionL1_fusionBN0_drop0p2__wd1e-04trmiss40_trlocglobal,9,0.6550172964731852,0.6852182745933533,0.6051587301587302,0.5985052970618424,0.5111111111111111,0.0,0.0,0.0,0.0,0.0,0.0,0.0,0.0,0.0,,,,,18473,global,0.4
2,4,lr5e-05_bs32_modL1_fusion16_fusionL1_fusionBN0_drop0p2__wd1e-04trmiss40_trlocglobal,32,5e-05,0.0001,1,16,1,False,0.2,lr5e-05_bs32_modL1_fusion16_fusionL1_fusionBN0_drop0p2__wd1e-04trmiss40_trlocglobal,10,0.6478629112243652,0.6847208738327026,0.6051587301587301,0.6004395640955364,0.5111111111111111,0.0,0.0,0.0,0.0,0.0,0.0,0.0,0.0,0.0,,,,,18473,global,0.4
2,4,lr5e-05_bs32_modL1_fusion16_fusionL1_fusionBN0_drop0p2__wd1e-04trmiss40_trlocglobal,32,5e-05,0.0001,1,16,1,False,0.2,lr5e-05_bs32_modL1_fusion16_fusionL1_fusionBN0_drop0p2__wd1e-04trmiss40_trlocglobal,11,0.6413027544816335,0.6850877702236176,0.5932539682539683,0.5929544140293654,0.5111111111111111,0.0,0.0,0.0,0.0,0.0,0.0,0.0,0.0,0.0,,,,,18473,global,0.4
2,4,lr5e-05_bs32_modL1_fusion16_fusionL1_fusionBN0_drop0p2__wd1e-04trmiss40_trlocglobal,32,5e-05,0.0001,1,16,1,False,0.2,lr5e-05_bs32_modL1_fusion16_fusionL1_fusionBN0_drop0p2__wd1e-04trmiss40_trlocglobal,12,0.6442035734653473,0.684669554233551,0.6011904761904762,0.600311880796662,0.5555555555555556,0.0,0.0,0.0,0.0,0.0,0.0,0.0,0.0,0.0,,,,,18473,global,0.4
2,4,lr5e-05_bs32_modL1_fusion16_fusionL1_fusionBN0_drop0p2__wd1e-04trmiss40_trlocglobal,32,5e-05,0.0001,1,16,1,False,0.2,lr5e-05_bs32_modL1_fusion16_fusionL1_fusionBN0_drop0p2__wd1e-04trmiss40_trlocglobal,13,0.6330842773119608,0.6847918629646301,0.5833333333333333,0.5889301753132222,0.5777777777777777,0.0,0.0,0.0,0.0,0.0,0.0,0.0,0.0,0.0,,,,,18473,global,0.4
2,4,lr5e-05_bs32_modL1_fusion16_fusionL1_fusionBN0_drop0p2__wd1e-04trmiss40_trlocglobal,32,5e-05,0.0001,1,16,1,False,0.2,lr5e-05_bs32_modL1_fusion16_fusionL1_fusionBN0_drop0p2__wd1e-04trmiss40_trlocglobal,14,0.6391408840815226,0.6858755052089691,0.5694444444444444,0.583163460689928,0.5555555555555556,0.0,0.0,0.0,0.0,0.0,0.0,0.0,0.0,0.0,,,,,18473,global,0.4
2,4,lr5e-05_bs32_modL1_fusion16_fusionL1_fusionBN0_drop0p2__wd1e-04trmiss40_trlocglobal,32,5e-05,0.0001,1,16,1,False,0.2,lr5e-05_bs32_modL1_fusion16_fusionL1_fusionBN0_drop0p2__wd1e-04trmiss40_trlocglobal,15,0.6278398235638937,0.6855334937572479,0.5674603174603174,0.5808010204985405,0.5555555555555556,0.0,0.0,0.0,0.0,0.0,0.0,0.0,0.0,0.0,,,,,18473,global,0.4
2,4,lr5e-05_bs32_modL1_fusion16_fusionL1_fusionBN0_drop0p2__wd1e-04trmiss40_trlocglobal,32,5e-05,0.0001,1,16,1,False,0.2,lr5e-05_bs32_modL1_fusion16_fusionL1_fusionBN0_drop0p2__wd1e-04trmiss40_trlocglobal,16,0.6260158916314443,0.6850985884666443,0.5674603174603174,0.5797803646511694,0.5555555555555556,0.0,0.0,0.0,0.0,0.0,0.0,0.0,0.0,0.0,,,,,18473,global,0.4
2,4,lr5e-05_bs32_modL1_fusion16_fusionL1_fusionBN0_drop0p2__wd1e-04trmiss40_trlocglobal,32,5e-05,0.0001,1,16,1,False,0.2,lr5e-05_bs32_modL1_fusion16_fusionL1_fusionBN0_drop0p2__wd1e-04trmiss40_trlocglobal,17,0.6259586413701376,0.6838146150112152,0.5833333333333333,0.5854887736770039,0.5333333333333333,0.0,0.0,0.0,0.0,0.0,0.0,0.0,0.0,0.0,,,,,18473,global,0.4
2,4,lr5e-05_bs32_modL1_fusion16_fusionL1_fusionBN0_drop0p2__wd1e-04trmiss40_trlocglobal,32,5e-05,0.0001,1,16,1,False,0.2,lr5e-05_bs32_modL1_fusion16_fusionL1_fusionBN0_drop0p2__wd1e-04trmiss40_trlocglobal,18,0.6261459191640218,0.682774692773819,0.5932539682539681,0.5874565261043151,0.5333333333333333,0.0,0.0,0.0,0.0,0.0,0.0,0.0,0.0,0.0,,,,,18473,global,0.4
2,4,lr5e-05_bs32_modL1_fusion16_fusionL1_fusionBN0_drop0p2__wd1e-04trmiss40_trlocglobal,32,5e-05,0.0001,1,16,1,False,0.2,lr5e-05_bs32_modL1_fusion16_fusionL1_fusionBN0_drop0p2__wd1e-04trmiss40_trlocglobal,19,0.61497034629186,0.6819419264793396,0.5833333333333334,0.5906373318354081,0.5555555555555556,0.0,0.0,0.0,0.0,0.0,0.0,0.0,0.0,0.0,,,,,18473,global,0.4
2,4,lr5e-05_bs32_modL1_fusion16_fusionL1_fusionBN0_drop0p2__wd1e-04trmiss40_trlocglobal,32,5e-05,0.0001,1,16,1,False,0.2,lr5e-05_bs32_modL1_fusion16_fusionL1_fusionBN0_drop0p2__wd1e-04trmiss40_trlocglobal,20,0.6178286472956339,0.6823134124279022,0.5813492063492064,0.5903063208053047,0.5555555555555556,0.0,0.0,0.0,0.0,0.0,0.0,0.0,0.0,0.0,,,,,18473,global,0.4
2,4,lr5e-05_bs32_modL1_fusion16_fusionL1_fusionBN0_drop0p2__wd1e-04trmiss40_trlocglobal,32,5e-05,0.0001,1,16,1,False,0.2,lr5e-05_bs32_modL1_fusion16_fusionL1_fusionBN0_drop0p2__wd1e-04trmiss40_trlocglobal,21,0.6145802140235901,0.6813012957572937,0.5813492063492064,0.5874680348253671,0.5333333333333333,0.0,0.0,0.0,0.0,0.0,0.0,0.0,0.0,0.0,,,,,18473,global,0.4
2,4,lr5e-05_bs32_modL1_fusion16_fusionL1_fusionBN0_drop0p2__wd1e-04trmiss40_trlocglobal,32,5e-05,0.0001,1,16,1,False,0.2,lr5e-05_bs32_modL1_fusion16_fusionL1_fusionBN0_drop0p2__wd1e-04trmiss40_trlocglobal,22,0.6042473514874777,0.6801030933856964,0.5992063492063492,0.5936640655523162,0.5333333333333333,0.0,0.0,0.0,0.0,0.0,0.0,0.0,0.0,0.0,,,,,18473,global,0.4
2,4,lr5e-05_bs32_modL1_fusion16_fusionL1_fusionBN0_drop0p2__wd1e-04trmiss40_trlocglobal,32,5e-05,0.0001,1,16,1,False,0.2,lr5e-05_bs32_modL1_fusion16_fusionL1_fusionBN0_drop0p2__wd1e-04trmiss40_trlocglobal,23,0.6092436710993449,0.6793886721134186,0.5992063492063492,0.5986877712089427,0.5333333333333333,0.0,0.0,0.0,0.0,0.0,0.0,0.0,0.0,0.0,,,,,18473,global,0.4
2,4,lr5e-05_bs32_modL1_fusion16_fusionL1_fusionBN0_drop0p2__wd1e-04trmiss40_trlocglobal,32,5e-05,0.0001,1,16,1,False,0.2,lr5e-05_bs32_modL1_fusion16_fusionL1_fusionBN0_drop0p2__wd1e-04trmiss40_trlocglobal,24,0.6023615896701813,0.6791544258594513,0.5932539682539683,0.5945235293496653,0.5777777777777777,0.0,0.0,0.0,0.0,0.0,0.0,0.0,0.0,0.0,,,,,18473,global,0.4
2,4,lr5e-05_bs32_modL1_fusion16_fusionL1_fusionBN0_drop0p2__wd1e-04trmiss40_trlocglobal,32,5e-05,0.0001,1,16,1,False,0.2,lr5e-05_bs32_modL1_fusion16_fusionL1_fusionBN0_drop0p2__wd1e-04trmiss40_trlocglobal,25,0.6072717010974884,0.6775476932525635,0.6071428571428572,0.5978163159216717,0.5777777777777777,0.0,0.0,0.0,0.0,0.0,0.0,0.0,0.0,0.0,,,,,18473,global,0.4
2,4,lr5e-05_bs32_modL1_fusion16_fusionL1_fusionBN0_drop0p2__wd1e-04trmiss40_trlocglobal,32,5e-05,0.0001,1,16,1,False,0.2,lr5e-05_bs32_modL1_fusion16_fusionL1_fusionBN0_drop0p2__wd1e-04trmiss40_trlocglobal,26,0.6030804713567098,0.677567183971405,0.6111111111111112,0.6028563245903921,0.6,0.0,0.0,0.0,0.0,0.0,0.0,0.0,0.0,0.0,,,,,18473,global,0.4
2,4,lr5e-05_bs32_modL1_fusion16_fusionL1_fusionBN0_drop0p2__wd1e-04trmiss40_trlocglobal,32,5e-05,0.0001,1,16,1,False,0.2,lr5e-05_bs32_modL1_fusion16_fusionL1_fusionBN0_drop0p2__wd1e-04trmiss40_trlocglobal,27,0.5992073019345602,0.6796747148036957,0.5873015873015873,0.5911841613250038,0.5555555555555556,0.0,0.0,0.0,0.0,0.0,0.0,0.0,0.0,0.0,,,,,18473,global,0.4
2,4,lr5e-05_bs32_modL1_fusion16_fusionL1_fusionBN0_drop0p2__wd1e-04trmiss40_trlocglobal,32,5e-05,0.0001,1,16,1,False,0.2,lr5e-05_bs32_modL1_fusion16_fusionL1_fusionBN0_drop0p2__wd1e-04trmiss40_trlocglobal,28,0.5899918079376221,0.6815289556980133,0.5793650793650794,0.5929473636696017,0.5555555555555556,0.0,0.0,0.0,0.0,0.0,0.0,0.0,0.0,0.0,,,,,18473,global,0.4
2,4,lr5e-05_bs32_modL1_fusion16_fusionL1_fusionBN0_drop0p2__wd1e-04trmiss40_trlocglobal,32,5e-05,0.0001,1,16,1,False,0.2,lr5e-05_bs32_modL1_fusion16_fusionL1_fusionBN0_drop0p2__wd1e-04trmiss40_trlocglobal,29,0.604129026333491,0.681004136800766,0.5753968253968255,0.58935490245246,0.5555555555555556,0.0,0.0,0.0,0.0,0.0,0.0,0.0,0.0,0.0,,,,,18473,global,0.4
2,4,lr5e-05_bs32_modL1_fusion16_fusionL1_fusionBN0_drop0p2__wd1e-04trmiss40_trlocglobal,32,5e-05,0.0001,1,16,1,False,0.2,lr5e-05_bs32_modL1_fusion16_fusionL1_fusionBN0_drop0p2__wd1e-04trmiss40_trlocglobal,30,0.5954288144906362,0.6800400614738464,0.5892857142857144,0.5993557994606473,0.5555555555555556,0.0,0.0,0.0,0.0,0.0,0.0,0.0,0.0,0.0,,,,,18473,global,0.4
2,4,lr5e-05_bs32_modL1_fusion16_fusionL1_fusionBN0_drop0p2__wd1e-04trmiss40_trlocglobal,32,5e-05,0.0001,1,16,1,False,0.2,lr5e-05_bs32_modL1_fusion16_fusionL1_fusionBN0_drop0p2__wd1e-04trmiss40_trlocglobal,31,0.5872896512349447,0.6801912784576416,0.5873015873015874,0.5951891327939807,0.5555555555555556,0.0,0.0,0.0,0.0,0.0,0.0,0.0,0.0,0.0,,,,,18473,global,0.4
2,4,lr5e-05_bs32_modL1_fusion16_fusionL1_fusionBN0_drop0p2__wd1e-04trmiss40_trlocglobal,32,5e-05,0.0001,1,16,1,False,0.2,lr5e-05_bs32_modL1_fusion16_fusionL1_fusionBN0_drop0p2__wd1e-04trmiss40_trlocglobal,32,0.5877915322780609,0.6797957122325897,0.5873015873015874,0.5985297336418886,0.5555555555555556,0.0,0.0,0.0,0.0,0.0,0.0,0.0,0.0,0.0,,,,,18473,global,0.4
2,4,lr5e-05_bs32_modL1_fusion16_fusionL1_fusionBN0_drop0p2__wd1e-04trmiss40_trlocglobal,32,5e-05,0.0001,1,16,1,False,0.2,lr5e-05_bs32_modL1_fusion16_fusionL1_fusionBN0_drop0p2__wd1e-04trmiss40_trlocglobal,33,0.5876648128032684,0.6800909042358398,0.5813492063492064,0.5963793424947674,0.5333333333333333,0.0,0.0,0.0,0.0,0.0,0.0,0.0,0.0,0.0,,,,,18473,global,0.4
2,4,lr5e-05_bs32_modL1_fusion16_fusionL1_fusionBN0_drop0p2__wd1e-04trmiss40_trlocglobal,32,5e-05,0.0001,1,16,1,False,0.2,lr5e-05_bs32_modL1_fusion16_fusionL1_fusionBN0_drop0p2__wd1e-04trmiss40_trlocglobal,34,0.5904183089733124,0.6788661479949951,0.5892857142857143,0.600588782954586,0.5333333333333333,0.0,0.0,0.0,0.0,0.0,0.0,0.0,0.0,0.0,,,,,18473,global,0.4
2,4,lr5e-05_bs32_modL1_fusion16_fusionL1_fusionBN0_drop0p2__wd1e-04trmiss40_trlocglobal,32,5e-05,0.0001,1,16,1,False,0.2,lr5e-05_bs32_modL1_fusion16_fusionL1_fusionBN0_drop0p2__wd1e-04trmiss40_trlocglobal,35,0.5805114607016245,0.678807407617569,0.5793650793650793,0.5914797571151095,0.5333333333333333,0.0,0.0,0.0,0.0,0.0,0.0,0.0,0.0,0.0,,,,,18473,global,0.4
2,4,lr5e-05_bs32_modL1_fusion16_fusionL1_fusionBN0_drop0p2__wd1e-04trmiss40_trlocglobal,32,5e-05,0.0001,1,16,1,False,0.2,lr5e-05_bs32_modL1_fusion16_fusionL1_fusionBN0_drop0p2__wd1e-04trmiss40_trlocglobal,36,0.5847142239411672,0.6792855560779572,0.5813492063492064,0.5961633096501723,0.5333333333333333,0.0,0.0,0.0,0.0,0.0,0.0,0.0,0.0,0.0,,,,,18473,global,0.4
2,4,lr5e-05_bs32_modL1_fusion16_fusionL1_fusionBN0_drop0p2__wd1e-04trmiss40_trlocglobal,32,5e-05,0.0001,1,16,1,False,0.2,lr5e-05_bs32_modL1_fusion16_fusionL1_fusionBN0_drop0p2__wd1e-04trmiss40_trlocglobal,37,0.5847742855548859,0.6798733174800873,0.5793650793650793,0.5859265845696972,0.5333333333333333,0.0,0.0,0.0,0.0,0.0,0.0,0.0,0.0,0.0,,,,,18473,global,0.4
2,4,lr5e-05_bs32_modL1_fusion16_fusionL1_fusionBN0_drop0p2__wd1e-04trmiss40_trlocglobal,32,5e-05,0.0001,1,16,1,False,0.2,lr5e-05_bs32_modL1_fusion16_fusionL1_fusionBN0_drop0p2__wd1e-04trmiss40_trlocglobal,38,0.5848595599333445,0.6799570918083191,0.5773809523809524,0.5838079746345911,0.5333333333333333,0.0,0.0,0.0,0.0,0.0,0.0,0.0,0.0,0.0,,,,,18473,global,0.4
2,4,lr5e-05_bs32_modL1_fusion16_fusionL1_fusionBN0_drop0p2__wd1e-04trmiss40_trlocglobal,32,5e-05,0.0001,1,16,1,False,0.2,lr5e-05_bs32_modL1_fusion16_fusionL1_fusionBN0_drop0p2__wd1e-04trmiss40_trlocglobal,39,0.5778510669867197,0.6800006926059723,0.5734126984126984,0.5824863678271539,0.5333333333333333,0.0,0.0,0.0,0.0,0.0,0.0,0.0,0.0,0.0,,,,,18473,global,0.4
2,4,lr5e-05_bs32_modL1_fusion16_fusionL1_fusionBN0_drop0p2__wd1e-04trmiss40_trlocglobal,32,5e-05,0.0001,1,16,1,False,0.2,lr5e-05_bs32_modL1_fusion16_fusionL1_fusionBN0_drop0p2__wd1e-04trmiss40_trlocglobal,40,0.5673957765102386,0.6793672144412994,0.5793650793650794,0.5876754435456648,0.5333333333333333,0.0,0.0,0.0,0.0,0.0,0.0,0.0,0.0,0.0,,,,,18473,global,0.4
2,4,lr5e-05_bs32_modL1_fusion16_fusionL1_fusionBN0_drop0p2__wd1e-04trmiss40_trlocglobal,32,5e-05,0.0001,1,16,1,False,0.2,lr5e-05_bs32_modL1_fusion16_fusionL1_fusionBN0_drop0p2__wd1e-04trmiss40_trlocglobal,41,0.5726266403992971,0.678099125623703,0.5853174603174603,0.5941160998361494,0.5555555555555556,0.0,0.0,0.0,0.0,0.0,0.0,0.0,0.0,0.0,,,,,18473,global,0.4
2,4,lr5e-05_bs32_modL1_fusion16_fusionL1_fusionBN0_drop0p2__wd1e-04trmiss40_trlocglobal,32,5e-05,0.0001,1,16,1,False,0.2,lr5e-05_bs32_modL1_fusion16_fusionL1_fusionBN0_drop0p2__wd1e-04trmiss40_trlocglobal,42,0.5786188940207163,0.6778952777385712,0.5952380952380952,0.6037366798625193,0.5555555555555556,0.0,0.0,0.0,0.0,0.0,0.0,0.0,0.0,0.0,,,,,18473,global,0.4
2,4,lr5e-05_bs32_modL1_fusion16_fusionL1_fusionBN0_drop0p2__wd1e-04trmiss40_trlocglobal,32,5e-05,0.0001,1,16,1,False,0.2,lr5e-05_bs32_modL1_fusion16_fusionL1_fusionBN0_drop0p2__wd1e-04trmiss40_trlocglobal,43,0.5646820664405823,0.6789505481719971,0.5873015873015873,0.5978709948551261,0.5333333333333333,0.0,0.0,0.0,0.0,0.0,0.0,0.0,0.0,0.0,,,,,18473,global,0.4
2,4,lr5e-05_bs32_modL1_fusion16_fusionL1_fusionBN0_drop0p2__wd1e-04trmiss40_trlocglobal,32,5e-05,0.0001,1,16,1,False,0.2,lr5e-05_bs32_modL1_fusion16_fusionL1_fusionBN0_drop0p2__wd1e-04trmiss40_trlocglobal,44,0.5705317457516988,0.6788803040981293,0.5873015873015873,0.597914368060264,0.5333333333333333,0.0,0.0,0.0,0.0,0.0,0.0,0.0,0.0,0.0,,,,,18473,global,0.4
2,4,lr5e-05_bs32_modL1_fusion16_fusionL1_fusionBN0_drop0p2__wd1e-04trmiss40_trlocglobal,32,5e-05,0.0001,1,16,1,False,0.2,lr5e-05_bs32_modL1_fusion16_fusionL1_fusionBN0_drop0p2__wd1e-04trmiss40_trlocglobal,45,0.574467678864797,0.6790042519569397,0.5892857142857142,0.6014055739711005,0.5333333333333333,0.0,0.0,0.0,0.0,0.0,0.0,0.0,0.0,0.0,,,,,18473,global,0.4
2,4,lr5e-05_bs32_modL1_fusion16_fusionL1_fusionBN0_drop0p2__wd1e-04trmiss40_trlocglobal,32,5e-05,0.0001,1,16,1,False,0.2,lr5e-05_bs32_modL1_fusion16_fusionL1_fusionBN0_drop0p2__wd1e-04trmiss40_trlocglobal,46,0.5591414570808411,0.67890265583992,0.5873015873015873,0.6009708898001266,0.5333333333333333,0.0,0.0,0.0,0.0,0.0,0.0,0.0,0.0,0.0,,,,,18473,global,0.4
2,4,lr5e-05_bs32_modL1_fusion16_fusionL1_fusionBN0_drop0p1__wd1e-04trmiss40_trlocglobal,32,5e-05,0.0001,1,16,1,False,0.1,lr5e-05_bs32_modL1_fusion16_fusionL1_fusionBN0_drop0p1__wd1e-04trmiss40_trlocglobal,1,0.697982649008433,0.699162095785141,0.5119047619047619,0.6193934730619417,0.5111111111111111,0.0,0.0,0.0,0.0,0.0,0.0,0.0,0.0,0.0,,,,,18473,global,0.4
2,4,lr5e-05_bs32_modL1_fusion16_fusionL1_fusionBN0_drop0p1__wd1e-04trmiss40_trlocglobal,32,5e-05,0.0001,1,16,1,False,0.1,lr5e-05_bs32_modL1_fusion16_fusionL1_fusionBN0_drop0p1__wd1e-04trmiss40_trlocglobal,2,0.6827672918637594,0.7000280022621155,0.4682539682539682,0.5870711627900547,0.4888888888888889,0.0,0.0,0.0,0.0,0.0,0.0,0.0,0.0,0.0,,,,,18473,global,0.4
2,4,lr5e-05_bs32_modL1_fusion16_fusionL1_fusionBN0_drop0p1__wd1e-04trmiss40_trlocglobal,32,5e-05,0.0001,1,16,1,False,0.1,lr5e-05_bs32_modL1_fusion16_fusionL1_fusionBN0_drop0p1__wd1e-04trmiss40_trlocglobal,3,0.6757770776748657,0.6992473602294922,0.47619047619047616,0.5938011977821004,0.4888888888888889,0.0,0.0,0.0,0.0,0.0,0.0,0.0,0.0,0.0,,,,,18473,global,0.4
2,4,lr5e-05_bs32_modL1_fusion16_fusionL1_fusionBN0_drop0p1__wd1e-04trmiss40_trlocglobal,32,5e-05,0.0001,1,16,1,False,0.1,lr5e-05_bs32_modL1_fusion16_fusionL1_fusionBN0_drop0p1__wd1e-04trmiss40_trlocglobal,4,0.6709317664305369,0.6983686983585358,0.47023809523809523,0.5909864071671973,0.5111111111111111,0.0,0.0,0.0,0.0,0.0,0.0,0.0,0.0,0.0,,,,,18473,global,0.4
2,4,lr5e-05_bs32_modL1_fusion16_fusionL1_fusionBN0_drop0p1__wd1e-04trmiss40_trlocglobal,32,5e-05,0.0001,1,16,1,False,0.1,lr5e-05_bs32_modL1_fusion16_fusionL1_fusionBN0_drop0p1__wd1e-04trmiss40_trlocglobal,5,0.6649688482284546,0.6988801658153534,0.47817460317460314,0.5958495934802384,0.4666666666666667,0.0,0.0,0.0,0.0,0.0,0.0,0.0,0.0,0.0,,,,,18473,global,0.4
2,4,lr5e-05_bs32_modL1_fusion16_fusionL1_fusionBN0_drop0p1__wd1e-04trmiss40_trlocglobal,32,5e-05,0.0001,1,16,1,False,0.1,lr5e-05_bs32_modL1_fusion16_fusionL1_fusionBN0_drop0p1__wd1e-04trmiss40_trlocglobal,6,0.6650661925474802,0.6981105208396912,0.49404761904761907,0.6031777186364665,0.4666666666666667,0.0,0.0,0.0,0.0,0.0,0.0,0.0,0.0,0.0,,,,,18473,global,0.4
2,4,lr5e-05_bs32_modL1_fusion16_fusionL1_fusionBN0_drop0p1__wd1e-04trmiss40_trlocglobal,32,5e-05,0.0001,1,16,1,False,0.1,lr5e-05_bs32_modL1_fusion16_fusionL1_fusionBN0_drop0p1__wd1e-04trmiss40_trlocglobal,7,0.6557850440343221,0.698400616645813,0.5,0.6037079842870912,0.4888888888888889,0.0,0.0,0.0,0.0,0.0,0.0,0.0,0.0,0.0,,,,,18473,global,0.4
2,4,lr5e-05_bs32_modL1_fusion16_fusionL1_fusionBN0_drop0p1__wd1e-04trmiss40_trlocglobal,32,5e-05,0.0001,1,16,1,False,0.1,lr5e-05_bs32_modL1_fusion16_fusionL1_fusionBN0_drop0p1__wd1e-04trmiss40_trlocglobal,8,0.652827779452006,0.6989177763462067,0.498015873015873,0.6022380975248312,0.4888888888888889,0.0,0.0,0.0,0.0,0.0,0.0,0.0,0.0,0.0,,,,,18473,global,0.4
2,4,lr5e-05_bs32_modL1_fusion16_fusionL1_fusionBN0_drop0p1__wd1e-04trmiss40_trlocglobal,32,5e-05,0.0001,1,16,1,False,0.1,lr5e-05_bs32_modL1_fusion16_fusionL1_fusionBN0_drop0p1__wd1e-04trmiss40_trlocglobal,9,0.6457806130250295,0.6997067332267761,0.5059523809523809,0.6027844469126238,0.4666666666666667,0.0,0.0,0.0,0.0,0.0,0.0,0.0,0.0,0.0,,,,,18473,global,0.4
2,4,lr5e-05_bs32_modL1_fusion16_fusionL1_fusionBN0_drop0p1__wd1e-04trmiss40_trlocglobal,32,5e-05,0.0001,1,16,1,False,0.1,lr5e-05_bs32_modL1_fusion16_fusionL1_fusionBN0_drop0p1__wd1e-04trmiss40_trlocglobal,10,0.6391840279102325,0.7007744312286377,0.49404761904761907,0.6006626266277992,0.4444444444444444,0.0,0.0,0.0,0.0,0.0,0.0,0.0,0.0,0.0,,,,,18473,global,0.4
2,4,lr5e-05_bs32_modL1_fusion16_fusionL1_fusionBN0_drop0p1__wd1e-04trmiss40_trlocglobal,32,5e-05,0.0001,1,16,1,False,0.1,lr5e-05_bs32_modL1_fusion16_fusionL1_fusionBN0_drop0p1__wd1e-04trmiss40_trlocglobal,11,0.6415878335634867,0.6998491883277893,0.49404761904761907,0.5875712942409261,0.4666666666666667,0.0,0.0,0.0,0.0,0.0,0.0,0.0,0.0,0.0,,,,,18473,global,0.4
2,4,lr5e-05_bs32_modL1_fusion16_fusionL1_fusionBN0_drop0p1__wd1e-04trmiss40_trlocglobal,32,5e-05,0.0001,1,16,1,False,0.1,lr5e-05_bs32_modL1_fusion16_fusionL1_fusionBN0_drop0p1__wd1e-04trmiss40_trlocglobal,12,0.6364494760831197,0.6975556313991547,0.5119047619047619,0.6118380559097352,0.4666666666666667,0.0,0.0,0.0,0.0,0.0,0.0,0.0,0.0,0.0,,,,,18473,global,0.4
2,4,lr5e-05_bs32_modL1_fusion16_fusionL1_fusionBN0_drop0p1__wd1e-04trmiss40_trlocglobal,32,5e-05,0.0001,1,16,1,False,0.1,lr5e-05_bs32_modL1_fusion16_fusionL1_fusionBN0_drop0p1__wd1e-04trmiss40_trlocglobal,13,0.6332133114337921,0.6961103677749634,0.511904761904762,0.6036623549123549,0.4444444444444444,0.0,0.0,0.0,0.0,0.0,0.0,0.0,0.0,0.0,,,,,18473,global,0.4
2,4,lr5e-05_bs32_modL1_fusion16_fusionL1_fusionBN0_drop0p1__wd1e-04trmiss40_trlocglobal,32,5e-05,0.0001,1,16,1,False,0.1,lr5e-05_bs32_modL1_fusion16_fusionL1_fusionBN0_drop0p1__wd1e-04trmiss40_trlocglobal,14,0.6315029362837473,0.6959506571292877,0.5119047619047619,0.5997170883127898,0.4444444444444444,0.0,0.0,0.0,0.0,0.0,0.0,0.0,0.0,0.0,,,,,18473,global,0.4
2,4,lr5e-05_bs32_modL1_fusion16_fusionL1_fusionBN0_drop0p1__wd1e-04trmiss40_trlocglobal,32,5e-05,0.0001,1,16,1,False,0.1,lr5e-05_bs32_modL1_fusion16_fusionL1_fusionBN0_drop0p1__wd1e-04trmiss40_trlocglobal,15,0.6284604171911875,0.6960649192333221,0.5079365079365079,0.5797937450438584,0.4222222222222222,0.0,0.0,0.0,0.0,0.0,0.0,0.0,0.0,0.0,,,,,18473,global,0.4
2,4,lr5e-05_bs32_modL1_fusion16_fusionL1_fusionBN0_drop0p1__wd1e-04trmiss40_trlocglobal,32,5e-05,0.0001,1,16,1,False,0.1,lr5e-05_bs32_modL1_fusion16_fusionL1_fusionBN0_drop0p1__wd1e-04trmiss40_trlocglobal,16,0.6222679118315378,0.6947766840457916,0.5178571428571429,0.588889650312002,0.4444444444444444,0.0,0.0,0.0,0.0,0.0,0.0,0.0,0.0,0.0,,,,,18473,global,0.4
2,4,lr5e-05_bs32_modL1_fusion16_fusionL1_fusionBN0_drop0p1__wd1e-04trmiss40_trlocglobal,32,5e-05,0.0001,1,16,1,False,0.1,lr5e-05_bs32_modL1_fusion16_fusionL1_fusionBN0_drop0p1__wd1e-04trmiss40_trlocglobal,17,0.621545284986496,0.6936756670475006,0.5218253968253969,0.5860245313536636,0.4444444444444444,0.0,0.0,0.0,0.0,0.0,0.0,0.0,0.0,0.0,,,,,18473,global,0.4
2,4,lr5e-05_bs32_modL1_fusion16_fusionL1_fusionBN0_drop0p1__wd1e-04trmiss40_trlocglobal,32,5e-05,0.0001,1,16,1,False,0.1,lr5e-05_bs32_modL1_fusion16_fusionL1_fusionBN0_drop0p1__wd1e-04trmiss40_trlocglobal,18,0.6183821260929108,0.6940804123878479,0.5297619047619048,0.5954307217056763,0.4444444444444444,0.0,0.0,0.0,0.0,0.0,0.0,0.0,0.0,0.0,,,,,18473,global,0.4
2,4,lr5e-05_bs32_modL1_fusion16_fusionL1_fusionBN0_drop0p1__wd1e-04trmiss40_trlocglobal,32,5e-05,0.0001,1,16,1,False,0.1,lr5e-05_bs32_modL1_fusion16_fusionL1_fusionBN0_drop0p1__wd1e-04trmiss40_trlocglobal,19,0.6137680311997732,0.6937191784381866,0.5297619047619048,0.5997504375491612,0.4666666666666667,0.0,0.0,0.0,0.0,0.0,0.0,0.0,0.0,0.0,,,,,18473,global,0.4
2,4,lr5e-05_bs32_modL1_fusion16_fusionL1_fusionBN0_drop0p1__wd1e-04trmiss40_trlocglobal,32,5e-05,0.0001,1,16,1,False,0.1,lr5e-05_bs32_modL1_fusion16_fusionL1_fusionBN0_drop0p1__wd1e-04trmiss40_trlocglobal,20,0.6085989872614542,0.6932586133480072,0.5317460317460319,0.6060471701423336,0.4666666666666667,0.0,0.0,0.0,0.0,0.0,0.0,0.0,0.0,0.0,,,,,18473,global,0.4
2,4,lr5e-05_bs32_modL1_fusion16_fusionL1_fusionBN0_drop0p1__wd1e-04trmiss40_trlocglobal,32,5e-05,0.0001,1,16,1,False,0.1,lr5e-05_bs32_modL1_fusion16_fusionL1_fusionBN0_drop0p1__wd1e-04trmiss40_trlocglobal,21,0.6136908133824667,0.6918607950210571,0.5396825396825398,0.6063486780183696,0.4666666666666667,0.0,0.0,0.0,0.0,0.0,0.0,0.0,0.0,0.0,,,,,18473,global,0.4
2,4,lr5e-05_bs32_modL1_fusion16_fusionL1_fusionBN0_drop0p1__wd1e-04trmiss40_trlocglobal,32,5e-05,0.0001,1,16,1,False,0.1,lr5e-05_bs32_modL1_fusion16_fusionL1_fusionBN0_drop0p1__wd1e-04trmiss40_trlocglobal,22,0.6070492168267568,0.69107785820961,0.5376984126984128,0.6026284399231314,0.4666666666666667,0.0,0.0,0.0,0.0,0.0,0.0,0.0,0.0,0.0,,,,,18473,global,0.4
2,4,lr5e-05_bs32_modL1_fusion16_fusionL1_fusionBN0_drop0p1__wd1e-04trmiss40_trlocglobal,32,5e-05,0.0001,1,16,1,False,0.1,lr5e-05_bs32_modL1_fusion16_fusionL1_fusionBN0_drop0p1__wd1e-04trmiss40_trlocglobal,23,0.604235033194224,0.6911231875419617,0.5376984126984128,0.60118543848013,0.4444444444444444,0.0,0.0,0.0,0.0,0.0,0.0,0.0,0.0,0.0,,,,,18473,global,0.4
2,4,lr5e-05_bs32_modL1_fusion16_fusionL1_fusionBN0_drop0p1__wd1e-04trmiss40_trlocglobal,32,5e-05,0.0001,1,16,1,False,0.1,lr5e-05_bs32_modL1_fusion16_fusionL1_fusionBN0_drop0p1__wd1e-04trmiss40_trlocglobal,24,0.607146273056666,0.6927061080932617,0.5238095238095238,0.5991853228393097,0.4444444444444444,0.0,0.0,0.0,0.0,0.0,0.0,0.0,0.0,0.0,,,,,18473,global,0.4
2,4,lr5e-05_bs32_modL1_fusion16_fusionL1_fusionBN0_drop0p1__wd1e-04trmiss40_trlocglobal,32,5e-05,0.0001,1,16,1,False,0.1,lr5e-05_bs32_modL1_fusion16_fusionL1_fusionBN0_drop0p1__wd1e-04trmiss40_trlocglobal,25,0.5971364378929138,0.6926070153713226,0.5317460317460317,0.5978621348796087,0.4222222222222222,0.0,0.0,0.0,0.0,0.0,0.0,0.0,0.0,0.0,,,,,18473,global,0.4
2,4,lr5e-05_bs32_modL1_fusion16_fusionL1_fusionBN0_drop0p1__wd1e-04trmiss40_trlocglobal,32,5e-05,0.0001,1,16,1,False,0.1,lr5e-05_bs32_modL1_fusion16_fusionL1_fusionBN0_drop0p1__wd1e-04trmiss40_trlocglobal,26,0.5906970600287119,0.69021937251091,0.5476190476190477,0.6057732864503309,0.4444444444444444,0.0,0.0,0.0,0.0,0.0,0.0,0.0,0.0,0.0,,,,,18473,global,0.4
2,4,lr5e-05_bs32_modL1_fusion16_fusionL1_fusionBN0_drop0p1__wd1e-04trmiss40_trlocglobal,32,5e-05,0.0001,1,16,1,False,0.1,lr5e-05_bs32_modL1_fusion16_fusionL1_fusionBN0_drop0p1__wd1e-04trmiss40_trlocglobal,27,0.5908255279064178,0.6893532872200012,0.5575396825396826,0.6170615541820972,0.4444444444444444,0.0,0.0,0.0,0.0,0.0,0.0,0.0,0.0,0.0,,,,,18473,global,0.4
2,4,lr5e-05_bs32_modL1_fusion16_fusionL1_fusionBN0_drop0p1__wd1e-04trmiss40_trlocglobal,32,5e-05,0.0001,1,16,1,False,0.1,lr5e-05_bs32_modL1_fusion16_fusionL1_fusionBN0_drop0p1__wd1e-04trmiss40_trlocglobal,28,0.597031980752945,0.6886377036571503,0.5734126984126984,0.6341294843574441,0.4444444444444444,0.0,0.0,0.0,0.0,0.0,0.0,0.0,0.0,0.0,,,,,18473,global,0.4
2,4,lr5e-05_bs32_modL1_fusion16_fusionL1_fusionBN0_drop0p1__wd1e-04trmiss40_trlocglobal,32,5e-05,0.0001,1,16,1,False,0.1,lr5e-05_bs32_modL1_fusion16_fusionL1_fusionBN0_drop0p1__wd1e-04trmiss40_trlocglobal,29,0.5925270517667135,0.6907328069210052,0.5416666666666666,0.6115049304714174,0.4444444444444444,0.0,0.0,0.0,0.0,0.0,0.0,0.0,0.0,0.0,,,,,18473,global,0.4
2,4,lr5e-05_bs32_modL1_fusion16_fusionL1_fusionBN0_drop0p1__wd1e-04trmiss40_trlocglobal,32,5e-05,0.0001,1,16,1,False,0.1,lr5e-05_bs32_modL1_fusion16_fusionL1_fusionBN0_drop0p1__wd1e-04trmiss40_trlocglobal,30,0.5889212489128113,0.6925868093967438,0.5396825396825398,0.6123484060294827,0.4444444444444444,0.0,0.0,0.0,0.0,0.0,0.0,0.0,0.0,0.0,,,,,18473,global,0.4
2,4,lr5e-05_bs32_modL1_fusion16_fusionL1_fusionBN0_drop0p1__wd1e-04trmiss40_trlocglobal,32,5e-05,0.0001,1,16,1,False,0.1,lr5e-05_bs32_modL1_fusion16_fusionL1_fusionBN0_drop0p1__wd1e-04trmiss40_trlocglobal,31,0.5878943105538686,0.6912248432636261,0.5416666666666667,0.6057889212627611,0.4444444444444444,0.0,0.0,0.0,0.0,0.0,0.0,0.0,0.0,0.0,,,,,18473,global,0.4
2,4,lr5e-05_bs32_modL1_fusion16_fusionL1_fusionBN0_drop0p1__wd1e-04trmiss40_trlocglobal,32,5e-05,0.0001,1,16,1,False,0.1,lr5e-05_bs32_modL1_fusion16_fusionL1_fusionBN0_drop0p1__wd1e-04trmiss40_trlocglobal,32,0.5838117102781931,0.6897226572036743,0.5496031746031746,0.6051441333017967,0.4444444444444444,0.0,0.0,0.0,0.0,0.0,0.0,0.0,0.0,0.0,,,,,18473,global,0.4
2,4,lr5e-05_bs32_modL1_fusion16_fusionL1_fusionBN0_drop0p1__wd1e-04trmiss40_trlocglobal,32,5e-05,0.0001,1,16,1,False,0.1,lr5e-05_bs32_modL1_fusion16_fusionL1_fusionBN0_drop0p1__wd1e-04trmiss40_trlocglobal,33,0.5805787344773611,0.6885851621627808,0.5615079365079365,0.6231723418386008,0.4444444444444444,0.0,0.0,0.0,0.0,0.0,0.0,0.0,0.0,0.0,,,,,18473,global,0.4
2,4,lr5e-05_bs32_modL1_fusion16_fusionL1_fusionBN0_drop0p1__wd1e-04trmiss40_trlocglobal,32,5e-05,0.0001,1,16,1,False,0.1,lr5e-05_bs32_modL1_fusion16_fusionL1_fusionBN0_drop0p1__wd1e-04trmiss40_trlocglobal,34,0.573202908039093,0.6883545815944672,0.5555555555555556,0.6256646970571709,0.4666666666666667,0.0,0.0,0.0,0.0,0.0,0.0,0.0,0.0,0.0,,,,,18473,global,0.4
2,4,lr5e-05_bs32_modL1_fusion16_fusionL1_fusionBN0_drop0p1__wd1e-04trmiss40_trlocglobal,32,5e-05,0.0001,1,16,1,False,0.1,lr5e-05_bs32_modL1_fusion16_fusionL1_fusionBN0_drop0p1__wd1e-04trmiss40_trlocglobal,35,0.581786185503006,0.6883587539196014,0.5595238095238095,0.603374984070527,0.4666666666666667,0.0,0.0,0.0,0.0,0.0,0.0,0.0,0.0,0.0,,,,,18473,global,0.4
2,4,lr5e-05_bs32_modL1_fusion16_fusionL1_fusionBN0_drop0p1__wd1e-04trmiss40_trlocglobal,32,5e-05,0.0001,1,16,1,False,0.1,lr5e-05_bs32_modL1_fusion16_fusionL1_fusionBN0_drop0p1__wd1e-04trmiss40_trlocglobal,36,0.5762627224127451,0.6891098022460938,0.5595238095238095,0.6093983877501807,0.4666666666666667,0.0,0.0,0.0,0.0,0.0,0.0,0.0,0.0,0.0,,,,,18473,global,0.4
2,4,lr5e-05_bs32_modL1_fusion16_fusionL1_fusionBN0_drop0p1__wd1e-04trmiss40_trlocglobal,32,5e-05,0.0001,1,16,1,False,0.1,lr5e-05_bs32_modL1_fusion16_fusionL1_fusionBN0_drop0p1__wd1e-04trmiss40_trlocglobal,37,0.5731870929400126,0.6889719069004059,0.5496031746031746,0.5946887917905848,0.4666666666666667,0.0,0.0,0.0,0.0,0.0,0.0,0.0,0.0,0.0,,,,,18473,global,0.4
2,4,lr5e-05_bs32_modL1_fusion16_fusionL1_fusionBN0_drop0p1__wd1e-04trmiss40_trlocglobal,32,5e-05,0.0001,1,16,1,False,0.1,lr5e-05_bs32_modL1_fusion16_fusionL1_fusionBN0_drop0p1__wd1e-04trmiss40_trlocglobal,38,0.5728550255298615,0.687742292881012,0.5555555555555556,0.6198149161462486,0.4666666666666667,0.0,0.0,0.0,0.0,0.0,0.0,0.0,0.0,0.0,,,,,18473,global,0.4
2,4,lr5e-05_bs32_modL1_fusion16_fusionL1_fusionBN0_drop0p1__wd1e-04trmiss40_trlocglobal,32,5e-05,0.0001,1,16,1,False,0.1,lr5e-05_bs32_modL1_fusion16_fusionL1_fusionBN0_drop0p1__wd1e-04trmiss40_trlocglobal,39,0.5780229469140371,0.6868711113929749,0.5515873015873016,0.6111941281296805,0.4888888888888889,0.0,0.0,0.0,0.0,0.0,0.0,0.0,0.0,0.0,,,,,18473,global,0.4
2,4,lr5e-05_bs32_modL1_fusion16_fusionL1_fusionBN0_drop0p1__wd1e-04trmiss40_trlocglobal,32,5e-05,0.0001,1,16,1,False,0.1,lr5e-05_bs32_modL1_fusion16_fusionL1_fusionBN0_drop0p1__wd1e-04trmiss40_trlocglobal,40,0.5618566572666168,0.6885251104831696,0.5535714285714286,0.6214220763011771,0.4666666666666667,0.0,0.0,0.0,0.0,0.0,0.0,0.0,0.0,0.0,,,,,18473,global,0.4
2,4,lr5e-05_bs32_modL1_fusion16_fusionL1_fusionBN0_drop0p1__wd1e-04trmiss40_trlocglobal,32,5e-05,0.0001,1,16,1,False,0.1,lr5e-05_bs32_modL1_fusion16_fusionL1_fusionBN0_drop0p1__wd1e-04trmiss40_trlocglobal,41,0.5636357466379801,0.690587967634201,0.5376984126984127,0.593150356211838,0.4666666666666667,0.0,0.0,0.0,0.0,0.0,0.0,0.0,0.0,0.0,,,,,18473,global,0.4
2,4,lr5e-05_bs32_modL1_fusion16_fusionL1_fusionBN0_drop0p1__wd1e-04trmiss40_trlocglobal,32,5e-05,0.0001,1,16,1,False,0.1,lr5e-05_bs32_modL1_fusion16_fusionL1_fusionBN0_drop0p1__wd1e-04trmiss40_trlocglobal,42,0.5679280559221903,0.6894033551216125,0.5476190476190477,0.5952715840027386,0.4888888888888889,0.0,0.0,0.0,0.0,0.0,0.0,0.0,0.0,0.0,,,,,18473,global,0.4
2,4,lr5e-05_bs32_modL1_fusion16_fusionL1_fusionBN0_drop0p1__wd1e-04trmiss40_trlocglobal,32,5e-05,0.0001,1,16,1,False,0.1,lr5e-05_bs32_modL1_fusion16_fusionL1_fusionBN0_drop0p1__wd1e-04trmiss40_trlocglobal,43,0.566888431708018,0.6892754137516022,0.5436507936507937,0.5846274269146161,0.4888888888888889,0.0,0.0,0.0,0.0,0.0,0.0,0.0,0.0,0.0,,,,,18473,global,0.4
2,4,lr5e-05_bs32_modL1_fusion16_fusionL1_fusionBN0_drop0p1__wd1e-04trmiss40_trlocglobal,32,5e-05,0.0001,1,16,1,False,0.1,lr5e-05_bs32_modL1_fusion16_fusionL1_fusionBN0_drop0p1__wd1e-04trmiss40_trlocglobal,44,0.5656341711680094,0.689833402633667,0.5396825396825397,0.5790201070958492,0.4888888888888889,0.0,0.0,0.0,0.0,0.0,0.0,0.0,0.0,0.0,,,,,18473,global,0.4
2,4,lr5e-05_bs32_modL1_fusion16_fusionL1_fusionBN0_drop0p1__wd1e-04trmiss40_trlocglobal,32,5e-05,0.0001,1,16,1,False,0.1,lr5e-05_bs32_modL1_fusion16_fusionL1_fusionBN0_drop0p1__wd1e-04trmiss40_trlocglobal,45,0.5565405289332072,0.6908608078956604,0.5337301587301588,0.5804077360110517,0.4888888888888889,0.0,0.0,0.0,0.0,0.0,0.0,0.0,0.0,0.0,,,,,18473,global,0.4
2,4,lr5e-05_bs32_modL1_fusion16_fusionL1_fusionBN0_drop0p1__wd1e-04trmiss40_trlocglobal,32,5e-05,0.0001,1,16,1,False,0.1,lr5e-05_bs32_modL1_fusion16_fusionL1_fusionBN0_drop0p1__wd1e-04trmiss40_trlocglobal,46,0.5643832981586456,0.690037876367569,0.5376984126984127,0.601884721183689,0.4888888888888889,0.0,0.0,0.0,0.0,0.0,0.0,0.0,0.0,0.0,,,,,18473,global,0.4
2,4,lr5e-05_bs32_modL1_fusion16_fusionL1_fusionBN0_drop0p1__wd1e-04trmiss40_trlocglobal,32,5e-05,0.0001,1,16,1,False,0.1,lr5e-05_bs32_modL1_fusion16_fusionL1_fusionBN0_drop0p1__wd1e-04trmiss40_trlocglobal,47,0.5561873813470205,0.688315361738205,0.5436507936507937,0.6066830031773791,0.4888888888888889,0.0,0.0,0.0,0.0,0.0,0.0,0.0,0.0,0.0,,,,,18473,global,0.4
2,4,lr5e-05_bs32_modL1_fusion16_fusionL1_fusionBN0_drop0p1__wd1e-04trmiss40_trlocglobal,32,5e-05,0.0001,1,16,1,False,0.1,lr5e-05_bs32_modL1_fusion16_fusionL1_fusionBN0_drop0p1__wd1e-04trmiss40_trlocglobal,48,0.5575963954130808,0.6879001557826996,0.5476190476190477,0.6093745145645426,0.4888888888888889,0.0,0.0,0.0,0.0,0.0,0.0,0.0,0.0,0.0,,,,,18473,global,0.4
2,4,lr5e-05_bs32_modL1_fusion32_fusionL1_fusionBN0_drop0p2__wd1e-04trmiss40_trlocglobal,32,5e-05,0.0001,1,32,1,False,0.2,lr5e-05_bs32_modL1_fusion32_fusionL1_fusionBN0_drop0p2__wd1e-04trmiss40_trlocglobal,1,0.7009860674540201,0.6987801492214203,0.3492063492063492,0.4854454476050587,0.5111111111111111,0.0,0.0,0.0,0.0,0.0,0.0,0.0,0.0,0.0,,,,,18473,global,0.4
2,4,lr5e-05_bs32_modL1_fusion32_fusionL1_fusionBN0_drop0p2__wd1e-04trmiss40_trlocglobal,32,5e-05,0.0001,1,32,1,False,0.2,lr5e-05_bs32_modL1_fusion32_fusionL1_fusionBN0_drop0p2__wd1e-04trmiss40_trlocglobal,2,0.6816815833250681,0.7020613551139832,0.36706349206349204,0.509825239428497,0.4888888888888889,0.0,0.0,0.0,0.0,0.0,0.0,0.0,0.0,0.0,,,,,18473,global,0.4
2,4,lr5e-05_bs32_modL1_fusion32_fusionL1_fusionBN0_drop0p2__wd1e-04trmiss40_trlocglobal,32,5e-05,0.0001,1,32,1,False,0.2,lr5e-05_bs32_modL1_fusion32_fusionL1_fusionBN0_drop0p2__wd1e-04trmiss40_trlocglobal,3,0.683865616718928,0.7045495808124542,0.36507936507936506,0.5138697488329105,0.4888888888888889,0.0,0.0,0.0,0.0,0.0,0.0,0.0,0.0,0.0,,,,,18473,global,0.4
2,4,lr5e-05_bs32_modL1_fusion32_fusionL1_fusionBN0_drop0p2__wd1e-04trmiss40_trlocglobal,32,5e-05,0.0001,1,32,1,False,0.2,lr5e-05_bs32_modL1_fusion32_fusionL1_fusionBN0_drop0p2__wd1e-04trmiss40_trlocglobal,4,0.679457038640976,0.7044188976287842,0.3869047619047619,0.5287086774487747,0.4888888888888889,0.0,0.0,0.0,0.0,0.0,0.0,0.0,0.0,0.0,,,,,18473,global,0.4
2,4,lr5e-05_bs32_modL1_fusion32_fusionL1_fusionBN0_drop0p2__wd1e-04trmiss40_trlocglobal,32,5e-05,0.0001,1,32,1,False,0.2,lr5e-05_bs32_modL1_fusion32_fusionL1_fusionBN0_drop0p2__wd1e-04trmiss40_trlocglobal,5,0.6762142380078634,0.7023455500602722,0.3928571428571429,0.5337341081764365,0.4888888888888889,0.0,0.0,0.0,0.0,0.0,0.0,0.0,0.0,0.0,,,,,18473,global,0.4
2,4,lr5e-05_bs32_modL1_fusion32_fusionL1_fusionBN0_drop0p2__wd1e-04trmiss40_trlocglobal,32,5e-05,0.0001,1,32,1,False,0.2,lr5e-05_bs32_modL1_fusion32_fusionL1_fusionBN0_drop0p2__wd1e-04trmiss40_trlocglobal,6,0.6673895915349325,0.701377272605896,0.4146825396825397,0.5523033612841989,0.4444444444444444,0.0,0.0,0.0,0.0,0.0,0.0,0.0,0.0,0.0,,,,,18473,global,0.4
2,4,lr5e-05_bs32_modL1_fusion32_fusionL1_fusionBN0_drop0p2__wd1e-04trmiss40_trlocglobal,32,5e-05,0.0001,1,32,1,False,0.2,lr5e-05_bs32_modL1_fusion32_fusionL1_fusionBN0_drop0p2__wd1e-04trmiss40_trlocglobal,7,0.6474032600720724,0.7006999552249908,0.41269841269841273,0.5474131217231609,0.4666666666666667,0.0,0.0,0.0,0.0,0.0,0.0,0.0,0.0,0.0,,,,,18473,global,0.4
2,4,lr5e-05_bs32_modL1_fusion32_fusionL1_fusionBN0_drop0p2__wd1e-04trmiss40_trlocglobal,32,5e-05,0.0001,1,32,1,False,0.2,lr5e-05_bs32_modL1_fusion32_fusionL1_fusionBN0_drop0p2__wd1e-04trmiss40_trlocglobal,8,0.6537415186564127,0.6998704373836517,0.4484126984126984,0.5684717744931879,0.4888888888888889,0.0,0.0,0.0,0.0,0.0,0.0,0.0,0.0,0.0,,,,,18473,global,0.4
2,4,lr5e-05_bs32_modL1_fusion32_fusionL1_fusionBN0_drop0p2__wd1e-04trmiss40_trlocglobal,32,5e-05,0.0001,1,32,1,False,0.2,lr5e-05_bs32_modL1_fusion32_fusionL1_fusionBN0_drop0p2__wd1e-04trmiss40_trlocglobal,9,0.6493893762429556,0.699708878993988,0.47023809523809523,0.584975605084565,0.4888888888888889,0.0,0.0,0.0,0.0,0.0,0.0,0.0,0.0,0.0,,,,,18473,global,0.4
2,4,lr5e-05_bs32_modL1_fusion32_fusionL1_fusionBN0_drop0p2__wd1e-04trmiss40_trlocglobal,32,5e-05,0.0001,1,32,1,False,0.2,lr5e-05_bs32_modL1_fusion32_fusionL1_fusionBN0_drop0p2__wd1e-04trmiss40_trlocglobal,10,0.6600922147432963,0.6972343027591705,0.48611111111111116,0.5978436694780613,0.4888888888888889,0.0,0.0,0.0,0.0,0.0,0.0,0.0,0.0,0.0,,,,,18473,global,0.4
2,4,lr5e-05_bs32_modL1_fusion32_fusionL1_fusionBN0_drop0p2__wd1e-04trmiss40_trlocglobal,32,5e-05,0.0001,1,32,1,False,0.2,lr5e-05_bs32_modL1_fusion32_fusionL1_fusionBN0_drop0p2__wd1e-04trmiss40_trlocglobal,11,0.6354357103506724,0.6929601430892944,0.48611111111111116,0.5968936894010627,0.4888888888888889,0.0,0.0,0.0,0.0,0.0,0.0,0.0,0.0,0.0,,,,,18473,global,0.4
2,4,lr5e-05_bs32_modL1_fusion32_fusionL1_fusionBN0_drop0p2__wd1e-04trmiss40_trlocglobal,32,5e-05,0.0001,1,32,1,False,0.2,lr5e-05_bs32_modL1_fusion32_fusionL1_fusionBN0_drop0p2__wd1e-04trmiss40_trlocglobal,12,0.6361639599005381,0.6909423470497131,0.4900793650793651,0.5948208880480755,0.4888888888888889,0.0,0.0,0.0,0.0,0.0,0.0,0.0,0.0,0.0,,,,,18473,global,0.4
2,4,lr5e-05_bs32_modL1_fusion32_fusionL1_fusionBN0_drop0p2__wd1e-04trmiss40_trlocglobal,32,5e-05,0.0001,1,32,1,False,0.2,lr5e-05_bs32_modL1_fusion32_fusionL1_fusionBN0_drop0p2__wd1e-04trmiss40_trlocglobal,13,0.6326003273328146,0.6897881627082825,0.4841269841269842,0.5915486447926854,0.4888888888888889,0.0,0.0,0.0,0.0,0.0,0.0,0.0,0.0,0.0,,,,,18473,global,0.4
2,4,lr5e-05_bs32_modL1_fusion32_fusionL1_fusionBN0_drop0p2__wd1e-04trmiss40_trlocglobal,32,5e-05,0.0001,1,32,1,False,0.2,lr5e-05_bs32_modL1_fusion32_fusionL1_fusionBN0_drop0p2__wd1e-04trmiss40_trlocglobal,14,0.6250754793485006,0.6903475224971771,0.5,0.5980274489899426,0.4888888888888889,0.0,0.0,0.0,0.0,0.0,0.0,0.0,0.0,0.0,,,,,18473,global,0.4
2,4,lr5e-05_bs32_modL1_fusion32_fusionL1_fusionBN0_drop0p2__wd1e-04trmiss40_trlocglobal,32,5e-05,0.0001,1,32,1,False,0.2,lr5e-05_bs32_modL1_fusion32_fusionL1_fusionBN0_drop0p2__wd1e-04trmiss40_trlocglobal,15,0.6281737685203552,0.6922034621238708,0.503968253968254,0.5960883728593567,0.4666666666666667,0.0,0.0,0.0,0.0,0.0,0.0,0.0,0.0,0.0,,,,,18473,global,0.4
2,4,lr5e-05_bs32_modL1_fusion32_fusionL1_fusionBN0_drop0p2__wd1e-04trmiss40_trlocglobal,32,5e-05,0.0001,1,32,1,False,0.2,lr5e-05_bs32_modL1_fusion32_fusionL1_fusionBN0_drop0p2__wd1e-04trmiss40_trlocglobal,16,0.6193115413188934,0.6924175322055817,0.5079365079365079,0.5938782658023373,0.4888888888888889,0.0,0.0,0.0,0.0,0.0,0.0,0.0,0.0,0.0,,,,,18473,global,0.4
2,4,lr5e-05_bs32_modL1_fusion32_fusionL1_fusionBN0_drop0p2__wd1e-04trmiss40_trlocglobal,32,5e-05,0.0001,1,32,1,False,0.2,lr5e-05_bs32_modL1_fusion32_fusionL1_fusionBN0_drop0p2__wd1e-04trmiss40_trlocglobal,17,0.6229915817578634,0.6932416260242462,0.5019841269841271,0.5903350843698649,0.4888888888888889,0.0,0.0,0.0,0.0,0.0,0.0,0.0,0.0,0.0,,,,,18473,global,0.4
2,4,lr5e-05_bs32_modL1_fusion32_fusionL1_fusionBN0_drop0p2__wd1e-04trmiss40_trlocglobal,32,5e-05,0.0001,1,32,1,False,0.2,lr5e-05_bs32_modL1_fusion32_fusionL1_fusionBN0_drop0p2__wd1e-04trmiss40_trlocglobal,18,0.611696312824885,0.6911606192588806,0.513888888888889,0.5987270353956692,0.5111111111111111,0.0,0.0,0.0,0.0,0.0,0.0,0.0,0.0,0.0,,,,,18473,global,0.4
2,4,lr5e-05_bs32_modL1_fusion32_fusionL1_fusionBN0_drop0p2__wd1e-04trmiss40_trlocglobal,32,5e-05,0.0001,1,32,1,False,0.2,lr5e-05_bs32_modL1_fusion32_fusionL1_fusionBN0_drop0p2__wd1e-04trmiss40_trlocglobal,19,0.6039548913637797,0.6893835961818695,0.5198412698412699,0.6127800823104946,0.4888888888888889,0.0,0.0,0.0,0.0,0.0,0.0,0.0,0.0,0.0,,,,,18473,global,0.4
2,4,lr5e-05_bs32_modL1_fusion32_fusionL1_fusionBN0_drop0p2__wd1e-04trmiss40_trlocglobal,32,5e-05,0.0001,1,32,1,False,0.2,lr5e-05_bs32_modL1_fusion32_fusionL1_fusionBN0_drop0p2__wd1e-04trmiss40_trlocglobal,20,0.6078661382198334,0.6892191469669342,0.5198412698412698,0.6052014722701249,0.4888888888888889,0.0,0.0,0.0,0.0,0.0,0.0,0.0,0.0,0.0,,,,,18473,global,0.4
2,4,lr5e-05_bs32_modL1_fusion32_fusionL1_fusionBN0_drop0p2__wd1e-04trmiss40_trlocglobal,32,5e-05,0.0001,1,32,1,False,0.2,lr5e-05_bs32_modL1_fusion32_fusionL1_fusionBN0_drop0p2__wd1e-04trmiss40_trlocglobal,21,0.6075010200341543,0.6895235478878021,0.5257936507936508,0.612175553688089,0.4888888888888889,0.0,0.0,0.0,0.0,0.0,0.0,0.0,0.0,0.0,,,,,18473,global,0.4
2,4,lr5e-05_bs32_modL1_fusion32_fusionL1_fusionBN0_drop0p2__wd1e-04trmiss40_trlocglobal,32,5e-05,0.0001,1,32,1,False,0.2,lr5e-05_bs32_modL1_fusion32_fusionL1_fusionBN0_drop0p2__wd1e-04trmiss40_trlocglobal,22,0.6079149941603342,0.6889334917068481,0.5257936507936508,0.611601889069802,0.5111111111111111,0.0,0.0,0.0,0.0,0.0,0.0,0.0,0.0,0.0,,,,,18473,global,0.4
2,4,lr5e-05_bs32_modL1_fusion32_fusionL1_fusionBN0_drop0p2__wd1e-04trmiss40_trlocglobal,32,5e-05,0.0001,1,32,1,False,0.2,lr5e-05_bs32_modL1_fusion32_fusionL1_fusionBN0_drop0p2__wd1e-04trmiss40_trlocglobal,23,0.6071453193823496,0.6870220899581909,0.5238095238095238,0.6144412028534457,0.5333333333333333,0.0,0.0,0.0,0.0,0.0,0.0,0.0,0.0,0.0,,,,,18473,global,0.4
2,4,lr5e-05_bs32_modL1_fusion32_fusionL1_fusionBN0_drop0p2__wd1e-04trmiss40_trlocglobal,32,5e-05,0.0001,1,32,1,False,0.2,lr5e-05_bs32_modL1_fusion32_fusionL1_fusionBN0_drop0p2__wd1e-04trmiss40_trlocglobal,24,0.5975257555643717,0.6872294545173645,0.5297619047619048,0.6167823843746189,0.5111111111111111,0.0,0.0,0.0,0.0,0.0,0.0,0.0,0.0,0.0,,,,,18473,global,0.4
2,4,lr5e-05_bs32_modL1_fusion32_fusionL1_fusionBN0_drop0p2__wd1e-04trmiss40_trlocglobal,32,5e-05,0.0001,1,32,1,False,0.2,lr5e-05_bs32_modL1_fusion32_fusionL1_fusionBN0_drop0p2__wd1e-04trmiss40_trlocglobal,25,0.5970266064008077,0.6881731152534485,0.5337301587301587,0.6240730338847331,0.5555555555555556,0.0,0.0,0.0,0.0,0.0,0.0,0.0,0.0,0.0,,,,,18473,global,0.4
2,4,lr5e-05_bs32_modL1_fusion32_fusionL1_fusionBN0_drop0p2__wd1e-04trmiss40_trlocglobal,32,5e-05,0.0001,1,32,1,False,0.2,lr5e-05_bs32_modL1_fusion32_fusionL1_fusionBN0_drop0p2__wd1e-04trmiss40_trlocglobal,26,0.5951573053995768,0.6875807642936707,0.5357142857142858,0.6262974338073038,0.5777777777777777,0.0,0.0,0.0,0.0,0.0,0.0,0.0,0.0,0.0,,,,,18473,global,0.4
2,4,lr5e-05_bs32_modL1_fusion32_fusionL1_fusionBN0_drop0p2__wd1e-04trmiss40_trlocglobal,32,5e-05,0.0001,1,32,1,False,0.2,lr5e-05_bs32_modL1_fusion32_fusionL1_fusionBN0_drop0p2__wd1e-04trmiss40_trlocglobal,27,0.5800734361012777,0.684944212436676,0.5396825396825398,0.6228193547589437,0.5555555555555556,0.0,0.0,0.0,0.0,0.0,0.0,0.0,0.0,0.0,,,,,18473,global,0.4
2,4,lr5e-05_bs32_modL1_fusion32_fusionL1_fusionBN0_drop0p2__wd1e-04trmiss40_trlocglobal,32,5e-05,0.0001,1,32,1,False,0.2,lr5e-05_bs32_modL1_fusion32_fusionL1_fusionBN0_drop0p2__wd1e-04trmiss40_trlocglobal,28,0.5846937894821167,0.6851530075073242,0.5357142857142857,0.62098867153707,0.5333333333333333,0.0,0.0,0.0,0.0,0.0,0.0,0.0,0.0,0.0,,,,,18473,global,0.4
2,4,lr5e-05_bs32_modL1_fusion32_fusionL1_fusionBN0_drop0p2__wd1e-04trmiss40_trlocglobal,32,5e-05,0.0001,1,32,1,False,0.2,lr5e-05_bs32_modL1_fusion32_fusionL1_fusionBN0_drop0p2__wd1e-04trmiss40_trlocglobal,29,0.5842496156692505,0.6856029331684113,0.5337301587301587,0.6259052248911234,0.5333333333333333,0.0,0.0,0.0,0.0,0.0,0.0,0.0,0.0,0.0,,,,,18473,global,0.4
2,4,lr5e-05_bs32_modL1_fusion32_fusionL1_fusionBN0_drop0p2__wd1e-04trmiss40_trlocglobal,32,5e-05,0.0001,1,32,1,False,0.2,lr5e-05_bs32_modL1_fusion32_fusionL1_fusionBN0_drop0p2__wd1e-04trmiss40_trlocglobal,30,0.5697694718837738,0.6862515211105347,0.5396825396825397,0.6277593197391064,0.5111111111111111,0.0,0.0,0.0,0.0,0.0,0.0,0.0,0.0,0.0,,,,,18473,global,0.4
2,4,lr5e-05_bs32_modL1_fusion32_fusionL1_fusionBN0_drop0p2__wd1e-04trmiss40_trlocglobal,32,5e-05,0.0001,1,32,1,False,0.2,lr5e-05_bs32_modL1_fusion32_fusionL1_fusionBN0_drop0p2__wd1e-04trmiss40_trlocglobal,31,0.5728718241055807,0.6860419511795044,0.5277777777777778,0.609130377014769,0.5111111111111111,0.0,0.0,0.0,0.0,0.0,0.0,0.0,0.0,0.0,,,,,18473,global,0.4
2,4,lr5e-05_bs32_modL1_fusion32_fusionL1_fusionBN0_drop0p2__wd1e-04trmiss40_trlocglobal,32,5e-05,0.0001,1,32,1,False,0.2,lr5e-05_bs32_modL1_fusion32_fusionL1_fusionBN0_drop0p2__wd1e-04trmiss40_trlocglobal,32,0.5680601199467977,0.6864669322967529,0.5337301587301587,0.6263813433006616,0.5111111111111111,0.0,0.0,0.0,0.0,0.0,0.0,0.0,0.0,0.0,,,,,18473,global,0.4
2,4,lr5e-05_bs32_modL1_fusion32_fusionL1_fusionBN0_drop0p2__wd1e-04trmiss40_trlocglobal,32,5e-05,0.0001,1,32,1,False,0.2,lr5e-05_bs32_modL1_fusion32_fusionL1_fusionBN0_drop0p2__wd1e-04trmiss40_trlocglobal,33,0.5804868539174398,0.685222864151001,0.5416666666666666,0.6298397687674192,0.5333333333333333,0.0,0.0,0.0,0.0,0.0,0.0,0.0,0.0,0.0,,,,,18473,global,0.4
2,4,lr5e-05_bs32_modL1_fusion32_fusionL1_fusionBN0_drop0p2__wd1e-04trmiss40_trlocglobal,32,5e-05,0.0001,1,32,1,False,0.2,lr5e-05_bs32_modL1_fusion32_fusionL1_fusionBN0_drop0p2__wd1e-04trmiss40_trlocglobal,34,0.5608460605144501,0.6850257217884064,0.5376984126984127,0.6274216259080999,0.5333333333333333,0.0,0.0,0.0,0.0,0.0,0.0,0.0,0.0,0.0,,,,,18473,global,0.4
2,4,lr5e-05_bs32_modL1_fusion32_fusionL1_fusionBN0_drop0p2__wd1e-04trmiss40_trlocglobal,32,5e-05,0.0001,1,32,1,False,0.2,lr5e-05_bs32_modL1_fusion32_fusionL1_fusionBN0_drop0p2__wd1e-04trmiss40_trlocglobal,35,0.5637848973274231,0.6846421957015991,0.5317460317460317,0.623568263171405,0.4888888888888889,0.0,0.0,0.0,0.0,0.0,0.0,0.0,0.0,0.0,,,,,18473,global,0.4
2,4,lr5e-05_bs32_modL1_fusion32_fusionL1_fusionBN0_drop0p2__wd1e-04trmiss40_trlocglobal,32,5e-05,0.0001,1,32,1,False,0.2,lr5e-05_bs32_modL1_fusion32_fusionL1_fusionBN0_drop0p2__wd1e-04trmiss40_trlocglobal,36,0.5728741884231567,0.6877814829349518,0.5357142857142858,0.6230056186506095,0.5111111111111111,0.0,0.0,0.0,0.0,0.0,0.0,0.0,0.0,0.0,,,,,18473,global,0.4
2,4,lr5e-05_bs32_modL1_fusion32_fusionL1_fusionBN0_drop0p2__wd1e-04trmiss40_trlocglobal,32,5e-05,0.0001,1,32,1,False,0.2,lr5e-05_bs32_modL1_fusion32_fusionL1_fusionBN0_drop0p2__wd1e-04trmiss40_trlocglobal,37,0.5621019999186198,0.6853608787059784,0.5337301587301587,0.622628337742638,0.5333333333333333,0.0,0.0,0.0,0.0,0.0,0.0,0.0,0.0,0.0,,,,,18473,global,0.4
2,4,lr5e-05_bs32_modL1_fusion32_fusionL1_fusionBN0_drop0p2__wd1e-04trmiss40_trlocglobal,32,5e-05,0.0001,1,32,1,False,0.2,lr5e-05_bs32_modL1_fusion32_fusionL1_fusionBN0_drop0p2__wd1e-04trmiss40_trlocglobal,38,0.5588175157705942,0.6835278868675232,0.5357142857142857,0.6238188453715091,0.5111111111111111,0.0,0.0,0.0,0.0,0.0,0.0,0.0,0.0,0.0,,,,,18473,global,0.4
2,4,lr5e-05_bs32_modL1_fusion32_fusionL1_fusionBN0_drop0p2__wd1e-04trmiss40_trlocglobal,32,5e-05,0.0001,1,32,1,False,0.2,lr5e-05_bs32_modL1_fusion32_fusionL1_fusionBN0_drop0p2__wd1e-04trmiss40_trlocglobal,39,0.5591696202754974,0.6835565268993378,0.5396825396825397,0.6282515297665653,0.5333333333333333,0.0,0.0,0.0,0.0,0.0,0.0,0.0,0.0,0.0,,,,,18473,global,0.4
2,4,lr5e-05_bs32_modL1_fusion32_fusionL1_fusionBN0_drop0p2__wd1e-04trmiss40_trlocglobal,32,5e-05,0.0001,1,32,1,False,0.2,lr5e-05_bs32_modL1_fusion32_fusionL1_fusionBN0_drop0p2__wd1e-04trmiss40_trlocglobal,40,0.5576542814572653,0.6821385025978088,0.5436507936507936,0.6315911755331655,0.5111111111111111,0.0,0.0,0.0,0.0,0.0,0.0,0.0,0.0,0.0,,,,,18473,global,0.4
2,4,lr5e-05_bs32_modL1_fusion32_fusionL1_fusionBN0_drop0p2__wd1e-04trmiss40_trlocglobal,32,5e-05,0.0001,1,32,1,False,0.2,lr5e-05_bs32_modL1_fusion32_fusionL1_fusionBN0_drop0p2__wd1e-04trmiss40_trlocglobal,41,0.5548214614391327,0.6816070675849915,0.5396825396825397,0.5985647386382681,0.5111111111111111,0.0,0.0,0.0,0.0,0.0,0.0,0.0,0.0,0.0,,,,,18473,global,0.4
2,4,lr5e-05_bs32_modL1_fusion32_fusionL1_fusionBN0_drop0p2__wd1e-04trmiss40_trlocglobal,32,5e-05,0.0001,1,32,1,False,0.2,lr5e-05_bs32_modL1_fusion32_fusionL1_fusionBN0_drop0p2__wd1e-04trmiss40_trlocglobal,42,0.5510999659697214,0.6820133626461029,0.5337301587301587,0.5915388080433848,0.4888888888888889,0.0,0.0,0.0,0.0,0.0,0.0,0.0,0.0,0.0,,,,,18473,global,0.4
2,4,lr5e-05_bs32_modL1_fusion32_fusionL1_fusionBN0_drop0p2__wd1e-04trmiss40_trlocglobal,32,5e-05,0.0001,1,32,1,False,0.2,lr5e-05_bs32_modL1_fusion32_fusionL1_fusionBN0_drop0p2__wd1e-04trmiss40_trlocglobal,43,0.5472971498966217,0.6814403831958771,0.5476190476190476,0.5958932901694812,0.5333333333333333,0.0,0.0,0.0,0.0,0.0,0.0,0.0,0.0,0.0,,,,,18473,global,0.4
2,4,lr5e-05_bs32_modL1_fusion32_fusionL1_fusionBN0_drop0p2__wd1e-04trmiss40_trlocglobal,32,5e-05,0.0001,1,32,1,False,0.2,lr5e-05_bs32_modL1_fusion32_fusionL1_fusionBN0_drop0p2__wd1e-04trmiss40_trlocglobal,44,0.5527598559856415,0.6813416182994843,0.5416666666666667,0.5869220926786717,0.5333333333333333,0.0,0.0,0.0,0.0,0.0,0.0,0.0,0.0,0.0,,,,,18473,global,0.4
2,4,lr5e-05_bs32_modL1_fusion32_fusionL1_fusionBN0_drop0p2__wd1e-04trmiss40_trlocglobal,32,5e-05,0.0001,1,32,1,False,0.2,lr5e-05_bs32_modL1_fusion32_fusionL1_fusionBN0_drop0p2__wd1e-04trmiss40_trlocglobal,45,0.5537983477115631,0.683086097240448,0.5337301587301587,0.5787035271927128,0.5111111111111111,0.0,0.0,0.0,0.0,0.0,0.0,0.0,0.0,0.0,,,,,18473,global,0.4
2,4,lr5e-05_bs32_modL1_fusion32_fusionL1_fusionBN0_drop0p2__wd1e-04trmiss40_trlocglobal,32,5e-05,0.0001,1,32,1,False,0.2,lr5e-05_bs32_modL1_fusion32_fusionL1_fusionBN0_drop0p2__wd1e-04trmiss40_trlocglobal,46,0.5509162445863088,0.6835721731185913,0.5317460317460317,0.5901580863714567,0.5333333333333333,0.0,0.0,0.0,0.0,0.0,0.0,0.0,0.0,0.0,,,,,18473,global,0.4
2,4,lr5e-05_bs32_modL1_fusion32_fusionL1_fusionBN0_drop0p2__wd1e-04trmiss40_trlocglobal,32,5e-05,0.0001,1,32,1,False,0.2,lr5e-05_bs32_modL1_fusion32_fusionL1_fusionBN0_drop0p2__wd1e-04trmiss40_trlocglobal,47,0.550119161605835,0.6838351488113403,0.5337301587301587,0.5893868942562842,0.5333333333333333,0.0,0.0,0.0,0.0,0.0,0.0,0.0,0.0,0.0,,,,,18473,global,0.4
2,4,lr5e-05_bs32_modL1_fusion32_fusionL1_fusionBN0_drop0p2__wd1e-04trmiss40_trlocglobal,32,5e-05,0.0001,1,32,1,False,0.2,lr5e-05_bs32_modL1_fusion32_fusionL1_fusionBN0_drop0p2__wd1e-04trmiss40_trlocglobal,48,0.5459796984990438,0.6833938658237457,0.5396825396825398,0.5978024888585234,0.5333333333333333,0.0,0.0,0.0,0.0,0.0,0.0,0.0,0.0,0.0,,,,,18473,global,0.4
2,4,lr5e-05_bs32_modL1_fusion32_fusionL1_fusionBN0_drop0p2__wd1e-04trmiss40_trlocglobal,32,5e-05,0.0001,1,32,1,False,0.2,lr5e-05_bs32_modL1_fusion32_fusionL1_fusionBN0_drop0p2__wd1e-04trmiss40_trlocglobal,49,0.5386278629302979,0.6829181611537933,0.5357142857142857,0.5920067513817514,0.5333333333333333,0.0,0.0,0.0,0.0,0.0,0.0,0.0,0.0,0.0,,,,,18473,global,0.4
2,4,lr5e-05_bs32_modL1_fusion32_fusionL1_fusionBN0_drop0p2__wd1e-04trmiss40_trlocglobal,32,5e-05,0.0001,1,32,1,False,0.2,lr5e-05_bs32_modL1_fusion32_fusionL1_fusionBN0_drop0p2__wd1e-04trmiss40_trlocglobal,50,0.5515383780002594,0.6830040812492371,0.5376984126984127,0.5922524211586713,0.5555555555555556,0.0,0.0,0.0,0.0,0.0,0.0,0.0,0.0,0.0,,,,,18473,global,0.4
2,4,lr5e-05_bs32_modL1_fusion32_fusionL1_fusionBN0_drop0p2__wd1e-04trmiss40_trlocglobal,32,5e-05,0.0001,1,32,1,False,0.2,lr5e-05_bs32_modL1_fusion32_fusionL1_fusionBN0_drop0p2__wd1e-04trmiss40_trlocglobal,51,0.5392054617404938,0.6840303540229797,0.5297619047619048,0.5831519404171401,0.5111111111111111,0.0,0.0,0.0,0.0,0.0,0.0,0.0,0.0,0.0,,,,,18473,global,0.4
2,4,lr5e-05_bs32_modL1_fusion32_fusionL1_fusionBN0_drop0p2__wd1e-04trmiss40_trlocglobal,32,5e-05,0.0001,1,32,1,False,0.2,lr5e-05_bs32_modL1_fusion32_fusionL1_fusionBN0_drop0p2__wd1e-04trmiss40_trlocglobal,52,0.5459344387054443,0.6846727728843689,0.5257936507936507,0.5943215661965662,0.5333333333333333,0.0,0.0,0.0,0.0,0.0,0.0,0.0,0.0,0.0,,,,,18473,global,0.4
2,4,lr5e-05_bs32_modL1_fusion32_fusionL1_fusionBN0_drop0p2__wd1e-04trmiss40_trlocglobal,32,5e-05,0.0001,1,32,1,False,0.2,lr5e-05_bs32_modL1_fusion32_fusionL1_fusionBN0_drop0p2__wd1e-04trmiss40_trlocglobal,53,0.5414945681889852,0.6844390630722046,0.5297619047619048,0.5991708522958523,0.5555555555555556,0.0,0.0,0.0,0.0,0.0,0.0,0.0,0.0,0.0,,,,,18473,global,0.4
2,4,lr5e-05_bs32_modL1_fusion32_fusionL1_fusionBN0_drop0p2__wd1e-04trmiss40_trlocglobal,32,5e-05,0.0001,1,32,1,False,0.2,lr5e-05_bs32_modL1_fusion32_fusionL1_fusionBN0_drop0p2__wd1e-04trmiss40_trlocglobal,54,0.5348337789376577,0.6830442845821381,0.5337301587301587,0.5964473764565676,0.5333333333333333,0.0,0.0,0.0,0.0,0.0,0.0,0.0,0.0,0.0,,,,,18473,global,0.4
2,4,lr5e-05_bs32_modL1_fusion32_fusionL1_fusionBN0_drop0p2__wd1e-04trmiss40_trlocglobal,32,5e-05,0.0001,1,32,1,False,0.2,lr5e-05_bs32_modL1_fusion32_fusionL1_fusionBN0_drop0p2__wd1e-04trmiss40_trlocglobal,55,0.5431428651014963,0.6826536655426025,0.5277777777777778,0.5963141589586156,0.5333333333333333,0.0,0.0,0.0,0.0,0.0,0.0,0.0,0.0,0.0,,,,,18473,global,0.4
2,4,lr5e-05_bs32_modL1_fusion32_fusionL1_fusionBN0_drop0p2__wd1e-04trmiss40_trlocglobal,32,5e-05,0.0001,1,32,1,False,0.2,lr5e-05_bs32_modL1_fusion32_fusionL1_fusionBN0_drop0p2__wd1e-04trmiss40_trlocglobal,56,0.5431944529215494,0.6839421391487122,0.5357142857142857,0.5987651872463144,0.5333333333333333,0.0,0.0,0.0,0.0,0.0,0.0,0.0,0.0,0.0,,,,,18473,global,0.4
2,4,lr5e-05_bs32_modL1_fusion32_fusionL1_fusionBN0_drop0p2__wd1e-04trmiss40_trlocglobal,32,5e-05,0.0001,1,32,1,False,0.2,lr5e-05_bs32_modL1_fusion32_fusionL1_fusionBN0_drop0p2__wd1e-04trmiss40_trlocglobal,57,0.5369645357131958,0.683795303106308,0.5396825396825397,0.6011589922716983,0.5333333333333333,0.0,0.0,0.0,0.0,0.0,0.0,0.0,0.0,0.0,,,,,18473,global,0.4
2,4,lr5e-05_bs32_modL1_fusion32_fusionL1_fusionBN0_drop0p2__wd1e-04trmiss40_trlocglobal,32,5e-05,0.0001,1,32,1,False,0.2,lr5e-05_bs32_modL1_fusion32_fusionL1_fusionBN0_drop0p2__wd1e-04trmiss40_trlocglobal,58,0.533526082833608,0.6829712986946106,0.5416666666666666,0.599140835619921,0.5333333333333333,0.0,0.0,0.0,0.0,0.0,0.0,0.0,0.0,0.0,,,,,18473,global,0.4
2,4,lr5e-05_bs32_modL1_fusion32_fusionL1_fusionBN0_drop0p2__wd1e-04trmiss40_trlocglobal,32,5e-05,0.0001,1,32,1,False,0.2,lr5e-05_bs32_modL1_fusion32_fusionL1_fusionBN0_drop0p2__wd1e-04trmiss40_trlocglobal,59,0.5354533990224203,0.6835647523403168,0.5396825396825397,0.6021784230325085,0.5333333333333333,0.0,0.0,0.0,0.0,0.0,0.0,0.0,0.0,0.0,,,,,18473,global,0.4
2,4,lr5e-05_bs32_modL1_fusion32_fusionL1_fusionBN0_drop0p2__wd1e-04trmiss40_trlocglobal,32,5e-05,0.0001,1,32,1,False,0.2,lr5e-05_bs32_modL1_fusion32_fusionL1_fusionBN0_drop0p2__wd1e-04trmiss40_trlocglobal,60,0.523308277130127,0.6831214427947998,0.5376984126984127,0.6007164347284148,0.5333333333333333,0.0,0.0,0.0,0.0,0.0,0.0,0.0,0.0,0.0,,,,,18473,global,0.4
2,4,lr5e-05_bs32_modL1_fusion32_fusionL1_fusionBN0_drop0p2__wd1e-04trmiss40_trlocglobal,32,5e-05,0.0001,1,32,1,False,0.2,lr5e-05_bs32_modL1_fusion32_fusionL1_fusionBN0_drop0p2__wd1e-04trmiss40_trlocglobal,61,0.5226406951745352,0.6847459077835083,0.5317460317460319,0.5976515713706823,0.5333333333333333,0.0,0.0,0.0,0.0,0.0,0.0,0.0,0.0,0.0,,,,,18473,global,0.4
2,4,lr5e-05_bs32_modL1_fusion32_fusionL1_fusionBN0_drop0p2__wd1e-04trmiss40_trlocglobal,32,5e-05,0.0001,1,32,1,False,0.2,lr5e-05_bs32_modL1_fusion32_fusionL1_fusionBN0_drop0p2__wd1e-04trmiss40_trlocglobal,62,0.5244565606117249,0.6840186715126038,0.5337301587301587,0.5991640612130671,0.5333333333333333,0.0,0.0,0.0,0.0,0.0,0.0,0.0,0.0,0.0,,,,,18473,global,0.4
2,4,lr5e-05_bs32_modL1_fusion32_fusionL1_fusionBN0_drop0p2__wd1e-04trmiss40_trlocglobal,32,5e-05,0.0001,1,32,1,False,0.2,lr5e-05_bs32_modL1_fusion32_fusionL1_fusionBN0_drop0p2__wd1e-04trmiss40_trlocglobal,63,0.5297074019908905,0.6845146119594574,0.5337301587301587,0.5979423593334705,0.5333333333333333,0.0,0.0,0.0,0.0,0.0,0.0,0.0,0.0,0.0,,,,,18473,global,0.4
2,4,lr5e-05_bs32_modL1_fusion32_fusionL1_fusionBN0_drop0p1__wd1e-04trmiss40_trlocglobal,32,5e-05,0.0001,1,32,1,False,0.1,lr5e-05_bs32_modL1_fusion32_fusionL1_fusionBN0_drop0p1__wd1e-04trmiss40_trlocglobal,1,0.7062669098377228,0.7144122123718262,0.386904761904762,0.4608929393651313,0.4222222222222222,0.0,0.0,0.0,0.0,0.0,0.0,0.0,0.0,0.0,,,,,18473,global,0.4
2,4,lr5e-05_bs32_modL1_fusion32_fusionL1_fusionBN0_drop0p1__wd1e-04trmiss40_trlocglobal,32,5e-05,0.0001,1,32,1,False,0.1,lr5e-05_bs32_modL1_fusion32_fusionL1_fusionBN0_drop0p1__wd1e-04trmiss40_trlocglobal,2,0.691161702076594,0.71987184882164,0.37103174603174605,0.46085765787682986,0.4444444444444444,0.0,0.0,0.0,0.0,0.0,0.0,0.0,0.0,0.0,,,,,18473,global,0.4
2,4,lr5e-05_bs32_modL1_fusion32_fusionL1_fusionBN0_drop0p1__wd1e-04trmiss40_trlocglobal,32,5e-05,0.0001,1,32,1,False,0.1,lr5e-05_bs32_modL1_fusion32_fusionL1_fusionBN0_drop0p1__wd1e-04trmiss40_trlocglobal,3,0.6817883551120758,0.725132554769516,0.38888888888888884,0.47057774267643676,0.4666666666666667,0.0,0.0,0.0,0.0,0.0,0.0,0.0,0.0,0.0,,,,,18473,global,0.4
2,4,lr5e-05_bs32_modL1_fusion32_fusionL1_fusionBN0_drop0p1__wd1e-04trmiss40_trlocglobal,32,5e-05,0.0001,1,32,1,False,0.1,lr5e-05_bs32_modL1_fusion32_fusionL1_fusionBN0_drop0p1__wd1e-04trmiss40_trlocglobal,4,0.6769953866799673,0.7298538088798523,0.39880952380952384,0.47308646790176095,0.4666666666666667,0.0,0.0,0.0,0.0,0.0,0.0,0.0,0.0,0.0,,,,,18473,global,0.4
2,4,lr5e-05_bs32_modL1_fusion32_fusionL1_fusionBN0_drop0p1__wd1e-04trmiss40_trlocglobal,32,5e-05,0.0001,1,32,1,False,0.1,lr5e-05_bs32_modL1_fusion32_fusionL1_fusionBN0_drop0p1__wd1e-04trmiss40_trlocglobal,5,0.6710663636525472,0.7324422597885132,0.40674603174603174,0.4729468491991182,0.4222222222222222,0.0,0.0,0.0,0.0,0.0,0.0,0.0,0.0,0.0,,,,,18473,global,0.4
2,4,lr5e-05_bs32_modL1_fusion32_fusionL1_fusionBN0_drop0p1__wd1e-04trmiss40_trlocglobal,32,5e-05,0.0001,1,32,1,False,0.1,lr5e-05_bs32_modL1_fusion32_fusionL1_fusionBN0_drop0p1__wd1e-04trmiss40_trlocglobal,6,0.6666582524776459,0.733691930770874,0.4027777777777778,0.46897698895907125,0.4,0.0,0.0,0.0,0.0,0.0,0.0,0.0,0.0,0.0,,,,,18473,global,0.4
2,4,lr5e-05_bs32_modL1_fusion32_fusionL1_fusionBN0_drop0p1__wd1e-04trmiss40_trlocglobal,32,5e-05,0.0001,1,32,1,False,0.1,lr5e-05_bs32_modL1_fusion32_fusionL1_fusionBN0_drop0p1__wd1e-04trmiss40_trlocglobal,7,0.6604606509208679,0.7348723709583282,0.3988095238095238,0.46525199485950336,0.4,0.0,0.0,0.0,0.0,0.0,0.0,0.0,0.0,0.0,,,,,18473,global,0.4
2,4,lr5e-05_bs32_modL1_fusion32_fusionL1_fusionBN0_drop0p1__wd1e-04trmiss40_trlocglobal,32,5e-05,0.0001,1,32,1,False,0.1,lr5e-05_bs32_modL1_fusion32_fusionL1_fusionBN0_drop0p1__wd1e-04trmiss40_trlocglobal,8,0.6536606748898824,0.7349092364311218,0.39682539682539686,0.4645444647516377,0.4,0.0,0.0,0.0,0.0,0.0,0.0,0.0,0.0,0.0,,,,,18473,global,0.4
2,4,lr5e-05_bs32_modL1_fusion32_fusionL1_fusionBN0_drop0p1__wd1e-04trmiss40_trlocglobal,32,5e-05,0.0001,1,32,1,False,0.1,lr5e-05_bs32_modL1_fusion32_fusionL1_fusionBN0_drop0p1__wd1e-04trmiss40_trlocglobal,9,0.6484280327955881,0.7346669137477875,0.40476190476190477,0.46823930272956393,0.4222222222222222,0.0,0.0,0.0,0.0,0.0,0.0,0.0,0.0,0.0,,,,,18473,global,0.4
2,4,lr5e-05_bs32_modL1_fusion32_fusionL1_fusionBN0_drop0p1__wd1e-04trmiss40_trlocglobal,32,5e-05,0.0001,1,32,1,False,0.1,lr5e-05_bs32_modL1_fusion32_fusionL1_fusionBN0_drop0p1__wd1e-04trmiss40_trlocglobal,10,0.6400486628214518,0.7359256744384766,0.40476190476190477,0.4723189335229044,0.4888888888888889,0.0,0.0,0.0,0.0,0.0,0.0,0.0,0.0,0.0,,,,,18473,global,0.4
2,4,lr5e-05_bs32_modL1_fusion32_fusionL1_fusionBN0_drop0p1__wd1e-04trmiss40_trlocglobal,32,5e-05,0.0001,1,32,1,False,0.1,lr5e-05_bs32_modL1_fusion32_fusionL1_fusionBN0_drop0p1__wd1e-04trmiss40_trlocglobal,11,0.6372193197409312,0.7364546358585358,0.40277777777777785,0.47158360423419143,0.4444444444444444,0.0,0.0,0.0,0.0,0.0,0.0,0.0,0.0,0.0,,,,,18473,global,0.4
2,4,lr5e-05_bs32_modL1_fusion32_fusionL1_fusionBN0_drop0p1__wd1e-04trmiss40_trlocglobal,32,5e-05,0.0001,1,32,1,False,0.1,lr5e-05_bs32_modL1_fusion32_fusionL1_fusionBN0_drop0p1__wd1e-04trmiss40_trlocglobal,12,0.6357061962286631,0.7373421490192413,0.40674603174603174,0.4723062810954259,0.4,0.0,0.0,0.0,0.0,0.0,0.0,0.0,0.0,0.0,,,,,18473,global,0.4
2,4,lr5e-05_bs32_modL1_fusion32_fusionL1_fusionBN0_drop0p1__wd1e-04trmiss40_trlocglobal,32,5e-05,0.0001,1,32,1,False,0.1,lr5e-05_bs32_modL1_fusion32_fusionL1_fusionBN0_drop0p1__wd1e-04trmiss40_trlocglobal,13,0.6408809125423431,0.7382728159427643,0.3988095238095237,0.46824261815018403,0.4222222222222222,0.0,0.0,0.0,0.0,0.0,0.0,0.0,0.0,0.0,,,,,18473,global,0.4
2,4,lr5e-05_bs32_modL1_fusion32_fusionL1_fusionBN0_drop0p1__wd1e-04trmiss40_trlocglobal,32,5e-05,0.0001,1,32,1,False,0.1,lr5e-05_bs32_modL1_fusion32_fusionL1_fusionBN0_drop0p1__wd1e-04trmiss40_trlocglobal,14,0.6270265479882559,0.7388121783733368,0.39880952380952384,0.46759815721285386,0.4444444444444444,0.0,0.0,0.0,0.0,0.0,0.0,0.0,0.0,0.0,,,,,18473,global,0.4
2,4,lr5e-05_bs32_modL1_fusion32_fusionL1_fusionBN0_drop0p1__wd1e-04trmiss40_trlocglobal,32,5e-05,0.0001,1,32,1,False,0.1,lr5e-05_bs32_modL1_fusion32_fusionL1_fusionBN0_drop0p1__wd1e-04trmiss40_trlocglobal,15,0.6281652251879374,0.7398099899291992,0.4007936507936508,0.4681019166675708,0.4222222222222222,0.0,0.0,0.0,0.0,0.0,0.0,0.0,0.0,0.0,,,,,18473,global,0.4
2,4,lr5e-05_bs32_modL1_fusion32_fusionL1_fusionBN0_drop0p1__wd1e-04trmiss40_trlocglobal,32,5e-05,0.0001,1,32,1,False,0.1,lr5e-05_bs32_modL1_fusion32_fusionL1_fusionBN0_drop0p1__wd1e-04trmiss40_trlocglobal,16,0.6204332212607065,0.740708589553833,0.39682539682539686,0.46534141999578377,0.4222222222222222,0.0,0.0,0.0,0.0,0.0,0.0,0.0,0.0,0.0,,,,,18473,global,0.4
2,4,lr5e-05_bs32_modL1_fusion32_fusionL1_fusionBN0_drop0p1__wd1e-04trmiss40_trlocglobal,32,5e-05,0.0001,1,32,1,False,0.1,lr5e-05_bs32_modL1_fusion32_fusionL1_fusionBN0_drop0p1__wd1e-04trmiss40_trlocglobal,17,0.6164155304431915,0.7402635216712952,0.39087301587301587,0.4630649024449849,0.4,0.0,0.0,0.0,0.0,0.0,0.0,0.0,0.0,0.0,,,,,18473,global,0.4
2,4,lr5e-05_bs32_modL1_fusion32_fusionL1_fusionBN0_drop0p1__wd1e-04trmiss40_trlocglobal,32,5e-05,0.0001,1,32,1,False,0.1,lr5e-05_bs32_modL1_fusion32_fusionL1_fusionBN0_drop0p1__wd1e-04trmiss40_trlocglobal,18,0.6173537174860636,0.7410512566566467,0.38492063492063494,0.45969898830008515,0.4222222222222222,0.0,0.0,0.0,0.0,0.0,0.0,0.0,0.0,0.0,,,,,18473,global,0.4
2,4,lr5e-05_bs32_modL1_fusion32_fusionL1_fusionBN0_drop0p1__wd1e-04trmiss40_trlocglobal,32,5e-05,0.0001,1,32,1,False,0.1,lr5e-05_bs32_modL1_fusion32_fusionL1_fusionBN0_drop0p1__wd1e-04trmiss40_trlocglobal,19,0.6188573936621348,0.7425672113895416,0.38492063492063494,0.45846583021153126,0.4222222222222222,0.0,0.0,0.0,0.0,0.0,0.0,0.0,0.0,0.0,,,,,18473,global,0.4
2,4,lr5e-05_bs32_modL1_fusion32_fusionL1_fusionBN0_drop0p1__wd1e-04trmiss40_trlocglobal,32,5e-05,0.0001,1,32,1,False,0.1,lr5e-05_bs32_modL1_fusion32_fusionL1_fusionBN0_drop0p1__wd1e-04trmiss40_trlocglobal,20,0.6085394521554311,0.7417826056480408,0.376984126984127,0.4543049713811322,0.4444444444444444,0.0,0.0,0.0,0.0,0.0,0.0,0.0,0.0,0.0,,,,,18473,global,0.4
2,4,lr5e-05_bs32_modL1_fusion32_fusionL1_fusionBN0_drop0p1__wd1e-04trmiss40_trlocglobal,32,5e-05,0.0001,1,32,1,False,0.1,lr5e-05_bs32_modL1_fusion32_fusionL1_fusionBN0_drop0p1__wd1e-04trmiss40_trlocglobal,21,0.6034104724725088,0.7407500147819519,0.38095238095238093,0.4562662024445304,0.4444444444444444,0.0,0.0,0.0,0.0,0.0,0.0,0.0,0.0,0.0,,,,,18473,global,0.4
2,4,lr5e-05_bs32_modL1_fusion32_fusionL1_fusionBN0_drop0p1__wd1e-04trmiss40_trlocglobal,32,5e-05,0.0001,1,32,1,False,0.1,lr5e-05_bs32_modL1_fusion32_fusionL1_fusionBN0_drop0p1__wd1e-04trmiss40_trlocglobal,22,0.5980694691340128,0.7403750121593475,0.38095238095238093,0.45590439105330727,0.4444444444444444,0.0,0.0,0.0,0.0,0.0,0.0,0.0,0.0,0.0,,,,,18473,global,0.4
2,4,lr5e-05_bs32_modL1_fusion32_fusionL1_fusionBN0_drop0p1__wd1e-04trmiss40_trlocglobal,32,5e-05,0.0001,1,32,1,False,0.1,lr5e-05_bs32_modL1_fusion32_fusionL1_fusionBN0_drop0p1__wd1e-04trmiss40_trlocglobal,23,0.598479171593984,0.740297257900238,0.380952380952381,0.45579996331730055,0.4444444444444444,0.0,0.0,0.0,0.0,0.0,0.0,0.0,0.0,0.0,,,,,18473,global,0.4
2,4,lr5e-05_bs32_modL1_fusion32_fusionL1_fusionBN0_drop0p1__wd1e-04trmiss40_trlocglobal,32,5e-05,0.0001,1,32,1,False,0.1,lr5e-05_bs32_modL1_fusion32_fusionL1_fusionBN0_drop0p1__wd1e-04trmiss40_trlocglobal,24,0.5895184576511383,0.7415482699871063,0.386904761904762,0.4591169848763662,0.4444444444444444,0.0,0.0,0.0,0.0,0.0,0.0,0.0,0.0,0.0,,,,,18473,global,0.4
2,4,lr5e-05_bs32_modL1_fusion32_fusionL1_fusionBN0_drop0p1__wd1e-04trmiss40_trlocglobal,32,5e-05,0.0001,1,32,1,False,0.1,lr5e-05_bs32_modL1_fusion32_fusionL1_fusionBN0_drop0p1__wd1e-04trmiss40_trlocglobal,25,0.5949108004570007,0.7417526245117188,0.38888888888888895,0.45925111579565603,0.4444444444444444,0.0,0.0,0.0,0.0,0.0,0.0,0.0,0.0,0.0,,,,,18473,global,0.4
2,4,lr1e-05_bs32_modL1_fusion16_fusionL1_fusionBN0_drop0p2__wd1e-04trmiss40_trlocglobal,32,1e-05,0.0001,1,16,1,False,0.2,lr1e-05_bs32_modL1_fusion16_fusionL1_fusionBN0_drop0p2__wd1e-04trmiss40_trlocglobal,1,0.7088854412237803,0.6959694027900696,0.4742063492063493,0.5140100362435268,0.5111111111111111,0.0,0.0,0.0,0.0,0.0,0.0,0.0,0.0,0.0,,,,,18473,global,0.4
2,4,lr1e-05_bs32_modL1_fusion16_fusionL1_fusionBN0_drop0p2__wd1e-04trmiss40_trlocglobal,32,1e-05,0.0001,1,16,1,False,0.2,lr1e-05_bs32_modL1_fusion16_fusionL1_fusionBN0_drop0p2__wd1e-04trmiss40_trlocglobal,2,0.6942165493965149,0.6965456306934357,0.4742063492063492,0.5145539609251404,0.4888888888888889,0.0,0.0,0.0,0.0,0.0,0.0,0.0,0.0,0.0,,,,,18473,global,0.4
2,4,lr1e-05_bs32_modL1_fusion16_fusionL1_fusionBN0_drop0p2__wd1e-04trmiss40_trlocglobal,32,1e-05,0.0001,1,16,1,False,0.2,lr1e-05_bs32_modL1_fusion16_fusionL1_fusionBN0_drop0p2__wd1e-04trmiss40_trlocglobal,3,0.69352588057518,0.6967712044715881,0.48214285714285715,0.5385018108417751,0.5555555555555556,0.0,0.0,0.0,0.0,0.0,0.0,0.0,0.0,0.0,,,,,18473,global,0.4
2,4,lr1e-05_bs32_modL1_fusion16_fusionL1_fusionBN0_drop0p2__wd1e-04trmiss40_trlocglobal,32,1e-05,0.0001,1,16,1,False,0.2,lr1e-05_bs32_modL1_fusion16_fusionL1_fusionBN0_drop0p2__wd1e-04trmiss40_trlocglobal,4,0.6922522286574045,0.697600930929184,0.4920634920634921,0.5467381816234357,0.5111111111111111,0.0,0.0,0.0,0.0,0.0,0.0,0.0,0.0,0.0,,,,,18473,global,0.4
2,4,lr1e-05_bs32_modL1_fusion16_fusionL1_fusionBN0_drop0p2__wd1e-04trmiss40_trlocglobal,32,1e-05,0.0001,1,16,1,False,0.2,lr1e-05_bs32_modL1_fusion16_fusionL1_fusionBN0_drop0p2__wd1e-04trmiss40_trlocglobal,5,0.6932932138442993,0.6981942355632782,0.49007936507936506,0.5529588783999401,0.5333333333333333,0.0,0.0,0.0,0.0,0.0,0.0,0.0,0.0,0.0,,,,,18473,global,0.4
2,4,lr1e-05_bs32_modL1_fusion16_fusionL1_fusionBN0_drop0p2__wd1e-04trmiss40_trlocglobal,32,1e-05,0.0001,1,16,1,False,0.2,lr1e-05_bs32_modL1_fusion16_fusionL1_fusionBN0_drop0p2__wd1e-04trmiss40_trlocglobal,6,0.6855652232964834,0.6983819007873535,0.49404761904761907,0.5572573752026421,0.5333333333333333,0.0,0.0,0.0,0.0,0.0,0.0,0.0,0.0,0.0,,,,,18473,global,0.4
2,4,lr1e-05_bs32_modL1_fusion16_fusionL1_fusionBN0_drop0p2__wd1e-04trmiss40_trlocglobal,32,1e-05,0.0001,1,16,1,False,0.2,lr1e-05_bs32_modL1_fusion16_fusionL1_fusionBN0_drop0p2__wd1e-04trmiss40_trlocglobal,7,0.6844675540924072,0.6992674469947815,0.4920634920634921,0.5527927391488833,0.5333333333333333,0.0,0.0,0.0,0.0,0.0,0.0,0.0,0.0,0.0,,,,,18473,global,0.4
2,4,lr1e-05_bs32_modL1_fusion16_fusionL1_fusionBN0_drop0p2__wd1e-04trmiss40_trlocglobal,32,1e-05,0.0001,1,16,1,False,0.2,lr1e-05_bs32_modL1_fusion16_fusionL1_fusionBN0_drop0p2__wd1e-04trmiss40_trlocglobal,8,0.6980478862921397,0.7001950740814209,0.4940476190476191,0.5539041620905194,0.5333333333333333,0.0,0.0,0.0,0.0,0.0,0.0,0.0,0.0,0.0,,,,,18473,global,0.4
2,4,lr1e-05_bs32_modL1_fusion16_fusionL1_fusionBN0_drop0p2__wd1e-04trmiss40_trlocglobal,32,1e-05,0.0001,1,16,1,False,0.2,lr1e-05_bs32_modL1_fusion16_fusionL1_fusionBN0_drop0p2__wd1e-04trmiss40_trlocglobal,9,0.6801976760228475,0.7004334032535553,0.4960317460317461,0.5518033650690568,0.5333333333333333,0.0,0.0,0.0,0.0,0.0,0.0,0.0,0.0,0.0,,,,,18473,global,0.4
2,4,lr1e-05_bs32_modL1_fusion16_fusionL1_fusionBN0_drop0p2__wd1e-04trmiss40_trlocglobal,32,1e-05,0.0001,1,16,1,False,0.2,lr1e-05_bs32_modL1_fusion16_fusionL1_fusionBN0_drop0p2__wd1e-04trmiss40_trlocglobal,10,0.6815111041069031,0.7005111873149872,0.4960317460317461,0.5337072250979169,0.5333333333333333,0.0,0.0,0.0,0.0,0.0,0.0,0.0,0.0,0.0,,,,,18473,global,0.4
2,4,lr1e-05_bs32_modL1_fusion16_fusionL1_fusionBN0_drop0p2__wd1e-04trmiss40_trlocglobal,32,1e-05,0.0001,1,16,1,False,0.2,lr1e-05_bs32_modL1_fusion16_fusionL1_fusionBN0_drop0p2__wd1e-04trmiss40_trlocglobal,11,0.6663272778193156,0.7001061141490936,0.49603174603174605,0.5536178904129939,0.5333333333333333,0.0,0.0,0.0,0.0,0.0,0.0,0.0,0.0,0.0,,,,,18473,global,0.4
2,4,lr1e-05_bs32_modL1_fusion16_fusionL1_fusionBN0_drop0p2__wd1e-04trmiss40_trlocglobal,32,1e-05,0.0001,1,16,1,False,0.2,lr1e-05_bs32_modL1_fusion16_fusionL1_fusionBN0_drop0p2__wd1e-04trmiss40_trlocglobal,12,0.6866730153560638,0.7002183198928833,0.4920634920634921,0.5513772447474256,0.5333333333333333,0.0,0.0,0.0,0.0,0.0,0.0,0.0,0.0,0.0,,,,,18473,global,0.4
2,4,lr1e-05_bs32_modL1_fusion16_fusionL1_fusionBN0_drop0p2__wd1e-04trmiss40_trlocglobal,32,1e-05,0.0001,1,16,1,False,0.2,lr1e-05_bs32_modL1_fusion16_fusionL1_fusionBN0_drop0p2__wd1e-04trmiss40_trlocglobal,13,0.6871787210305532,0.6999776363372803,0.4920634920634921,0.5311009524123098,0.5333333333333333,0.0,0.0,0.0,0.0,0.0,0.0,0.0,0.0,0.0,,,,,18473,global,0.4
2,4,lr1e-05_bs32_modL1_fusion16_fusionL1_fusionBN0_drop0p2__wd1e-04trmiss40_trlocglobal,32,1e-05,0.0001,1,16,1,False,0.2,lr1e-05_bs32_modL1_fusion16_fusionL1_fusionBN0_drop0p2__wd1e-04trmiss40_trlocglobal,14,0.6763509412606558,0.6999864876270294,0.49603174603174605,0.5330677945107308,0.5333333333333333,0.0,0.0,0.0,0.0,0.0,0.0,0.0,0.0,0.0,,,,,18473,global,0.4
2,4,lr1e-05_bs32_modL1_fusion16_fusionL1_fusionBN0_drop0p2__wd1e-04trmiss40_trlocglobal,32,1e-05,0.0001,1,16,1,False,0.2,lr1e-05_bs32_modL1_fusion16_fusionL1_fusionBN0_drop0p2__wd1e-04trmiss40_trlocglobal,15,0.6748608450094858,0.7003854215145111,0.4900793650793651,0.5311359424830296,0.5555555555555556,0.0,0.0,0.0,0.0,0.0,0.0,0.0,0.0,0.0,,,,,18473,global,0.4
2,4,lr1e-05_bs32_modL1_fusion16_fusionL1_fusionBN0_drop0p2__wd1e-04trmiss40_trlocglobal,32,1e-05,0.0001,1,16,1,False,0.2,lr1e-05_bs32_modL1_fusion16_fusionL1_fusionBN0_drop0p2__wd1e-04trmiss40_trlocglobal,16,0.6690220236778259,0.7000891268253326,0.5059523809523809,0.5628661576110775,0.5555555555555556,0.0,0.0,0.0,0.0,0.0,0.0,0.0,0.0,0.0,,,,,18473,global,0.4
2,4,lr1e-05_bs32_modL1_fusion16_fusionL1_fusionBN0_drop0p2__wd1e-04trmiss40_trlocglobal,32,1e-05,0.0001,1,16,1,False,0.2,lr1e-05_bs32_modL1_fusion16_fusionL1_fusionBN0_drop0p2__wd1e-04trmiss40_trlocglobal,17,0.6774742702643076,0.7002236843109131,0.503968253968254,0.5613525937973218,0.5555555555555556,0.0,0.0,0.0,0.0,0.0,0.0,0.0,0.0,0.0,,,,,18473,global,0.4
2,4,lr1e-05_bs32_modL1_fusion16_fusionL1_fusionBN0_drop0p2__wd1e-04trmiss40_trlocglobal,32,1e-05,0.0001,1,16,1,False,0.2,lr1e-05_bs32_modL1_fusion16_fusionL1_fusionBN0_drop0p2__wd1e-04trmiss40_trlocglobal,18,0.675683875878652,0.7001148164272308,0.498015873015873,0.5366762571888025,0.5333333333333333,0.0,0.0,0.0,0.0,0.0,0.0,0.0,0.0,0.0,,,,,18473,global,0.4
2,4,lr1e-05_bs32_modL1_fusion16_fusionL1_fusionBN0_drop0p2__wd1e-04trmiss40_trlocglobal,32,1e-05,0.0001,1,16,1,False,0.2,lr1e-05_bs32_modL1_fusion16_fusionL1_fusionBN0_drop0p2__wd1e-04trmiss40_trlocglobal,19,0.6624824404716492,0.7002253830432892,0.5,0.5406211045739848,0.5555555555555556,0.0,0.0,0.0,0.0,0.0,0.0,0.0,0.0,0.0,,,,,18473,global,0.4
2,4,lr1e-05_bs32_modL1_fusion16_fusionL1_fusionBN0_drop0p2__wd1e-04trmiss40_trlocglobal,32,1e-05,0.0001,1,16,1,False,0.2,lr1e-05_bs32_modL1_fusion16_fusionL1_fusionBN0_drop0p2__wd1e-04trmiss40_trlocglobal,20,0.6732919911543528,0.7005316913127899,0.5059523809523809,0.5465841087137381,0.5333333333333333,0.0,0.0,0.0,0.0,0.0,0.0,0.0,0.0,0.0,,,,,18473,global,0.4
2,4,lr1e-05_bs32_modL1_fusion16_fusionL1_fusionBN0_drop0p2__wd1e-04trmiss40_trlocglobal,32,1e-05,0.0001,1,16,1,False,0.2,lr1e-05_bs32_modL1_fusion16_fusionL1_fusionBN0_drop0p2__wd1e-04trmiss40_trlocglobal,21,0.6673284868399302,0.7012414634227753,0.503968253968254,0.5459747677551323,0.5333333333333333,0.0,0.0,0.0,0.0,0.0,0.0,0.0,0.0,0.0,,,,,18473,global,0.4
2,4,lr1e-05_bs32_modL1_fusion16_fusionL1_fusionBN0_drop0p2__wd1e-04trmiss40_trlocglobal,32,1e-05,0.0001,1,16,1,False,0.2,lr1e-05_bs32_modL1_fusion16_fusionL1_fusionBN0_drop0p2__wd1e-04trmiss40_trlocglobal,22,0.6607692738374075,0.7011694610118866,0.501984126984127,0.543269467711067,0.5333333333333333,0.0,0.0,0.0,0.0,0.0,0.0,0.0,0.0,0.0,,,,,18473,global,0.4
2,4,lr1e-05_bs32_modL1_fusion16_fusionL1_fusionBN0_drop0p2__wd1e-04trmiss40_trlocglobal,32,1e-05,0.0001,1,16,1,False,0.2,lr1e-05_bs32_modL1_fusion16_fusionL1_fusionBN0_drop0p2__wd1e-04trmiss40_trlocglobal,23,0.6654282708962759,0.700447291135788,0.5138888888888888,0.5548126686263655,0.5333333333333333,0.0,0.0,0.0,0.0,0.0,0.0,0.0,0.0,0.0,,,,,18473,global,0.4
2,4,lr1e-05_bs32_modL1_fusion16_fusionL1_fusionBN0_drop0p2__wd1e-04trmiss40_trlocglobal,32,1e-05,0.0001,1,16,1,False,0.2,lr1e-05_bs32_modL1_fusion16_fusionL1_fusionBN0_drop0p2__wd1e-04trmiss40_trlocglobal,24,0.6640136539936066,0.7007496654987335,0.513888888888889,0.5532670919768045,0.5333333333333333,0.0,0.0,0.0,0.0,0.0,0.0,0.0,0.0,0.0,,,,,18473,global,0.4
2,4,lr1e-05_bs32_modL1_fusion16_fusionL1_fusionBN0_drop0p2__wd1e-04trmiss40_trlocglobal,32,1e-05,0.0001,1,16,1,False,0.2,lr1e-05_bs32_modL1_fusion16_fusionL1_fusionBN0_drop0p2__wd1e-04trmiss40_trlocglobal,25,0.6556281248728434,0.7003501653671265,0.5099206349206349,0.550659024748457,0.5333333333333333,0.0,0.0,0.0,0.0,0.0,0.0,0.0,0.0,0.0,,,,,18473,global,0.4
2,4,lr1e-05_bs32_modL1_fusion16_fusionL1_fusionBN0_drop0p2__wd1e-04trmiss40_trlocglobal,32,1e-05,0.0001,1,16,1,False,0.2,lr1e-05_bs32_modL1_fusion16_fusionL1_fusionBN0_drop0p2__wd1e-04trmiss40_trlocglobal,26,0.6623696982860565,0.700877845287323,0.513888888888889,0.5574556330896877,0.5333333333333333,0.0,0.0,0.0,0.0,0.0,0.0,0.0,0.0,0.0,,,,,18473,global,0.4
2,4,lr1e-05_bs32_modL1_fusion16_fusionL1_fusionBN0_drop0p2__wd1e-04trmiss40_trlocglobal,32,1e-05,0.0001,1,16,1,False,0.2,lr1e-05_bs32_modL1_fusion16_fusionL1_fusionBN0_drop0p2__wd1e-04trmiss40_trlocglobal,27,0.6599035660425822,0.6999005675315857,0.5178571428571429,0.5558192239407012,0.5555555555555556,0.0,0.0,0.0,0.0,0.0,0.0,0.0,0.0,0.0,,,,,18473,global,0.4
2,4,lr1e-05_bs32_modL1_fusion16_fusionL1_fusionBN0_drop0p2__wd1e-04trmiss40_trlocglobal,32,1e-05,0.0001,1,16,1,False,0.2,lr1e-05_bs32_modL1_fusion16_fusionL1_fusionBN0_drop0p2__wd1e-04trmiss40_trlocglobal,28,0.655241847038269,0.6998473703861237,0.5158730158730158,0.5577370823020579,0.5333333333333333,0.0,0.0,0.0,0.0,0.0,0.0,0.0,0.0,0.0,,,,,18473,global,0.4
2,4,lr1e-05_bs32_modL1_fusion16_fusionL1_fusionBN0_drop0p2__wd1e-04trmiss40_trlocglobal,32,1e-05,0.0001,1,16,1,False,0.2,lr1e-05_bs32_modL1_fusion16_fusionL1_fusionBN0_drop0p2__wd1e-04trmiss40_trlocglobal,29,0.6609233021736145,0.700921505689621,0.5059523809523809,0.5465509955485159,0.5333333333333333,0.0,0.0,0.0,0.0,0.0,0.0,0.0,0.0,0.0,,,,,18473,global,0.4
2,4,lr1e-05_bs32_modL1_fusion16_fusionL1_fusionBN0_drop0p2__wd1e-04trmiss40_trlocglobal,32,1e-05,0.0001,1,16,1,False,0.2,lr1e-05_bs32_modL1_fusion16_fusionL1_fusionBN0_drop0p2__wd1e-04trmiss40_trlocglobal,30,0.6586373945077261,0.701380729675293,0.5119047619047619,0.5499966239941444,0.5333333333333333,0.0,0.0,0.0,0.0,0.0,0.0,0.0,0.0,0.0,,,,,18473,global,0.4
2,4,lr1e-05_bs32_modL1_fusion16_fusionL1_fusionBN0_drop0p2__wd1e-04trmiss40_trlocglobal,32,1e-05,0.0001,1,16,1,False,0.2,lr1e-05_bs32_modL1_fusion16_fusionL1_fusionBN0_drop0p2__wd1e-04trmiss40_trlocglobal,31,0.6464665333429972,0.7011636197566986,0.5079365079365079,0.5453669943645147,0.5333333333333333,0.0,0.0,0.0,0.0,0.0,0.0,0.0,0.0,0.0,,,,,18473,global,0.4
2,4,lr1e-05_bs32_modL1_fusion16_fusionL1_fusionBN0_drop0p2__wd1e-04trmiss40_trlocglobal,32,1e-05,0.0001,1,16,1,False,0.2,lr1e-05_bs32_modL1_fusion16_fusionL1_fusionBN0_drop0p2__wd1e-04trmiss40_trlocglobal,32,0.668302446603775,0.7012286186218262,0.503968253968254,0.5404968644943849,0.5333333333333333,0.0,0.0,0.0,0.0,0.0,0.0,0.0,0.0,0.0,,,,,18473,global,0.4
2,4,lr1e-05_bs32_modL1_fusion16_fusionL1_fusionBN0_drop0p2__wd1e-04trmiss40_trlocglobal,32,1e-05,0.0001,1,16,1,False,0.2,lr1e-05_bs32_modL1_fusion16_fusionL1_fusionBN0_drop0p2__wd1e-04trmiss40_trlocglobal,33,0.6570660571257273,0.7013173401355743,0.501984126984127,0.540650429277905,0.5333333333333333,0.0,0.0,0.0,0.0,0.0,0.0,0.0,0.0,0.0,,,,,18473,global,0.4
2,4,lr1e-05_bs32_modL1_fusion16_fusionL1_fusionBN0_drop0p2__wd1e-04trmiss40_trlocglobal,32,1e-05,0.0001,1,16,1,False,0.2,lr1e-05_bs32_modL1_fusion16_fusionL1_fusionBN0_drop0p2__wd1e-04trmiss40_trlocglobal,34,0.6528246502081553,0.7011390924453735,0.503968253968254,0.5410241671790551,0.5333333333333333,0.0,0.0,0.0,0.0,0.0,0.0,0.0,0.0,0.0,,,,,18473,global,0.4
2,4,lr1e-05_bs32_modL1_fusion16_fusionL1_fusionBN0_drop0p2__wd1e-04trmiss40_trlocglobal,32,1e-05,0.0001,1,16,1,False,0.2,lr1e-05_bs32_modL1_fusion16_fusionL1_fusionBN0_drop0p2__wd1e-04trmiss40_trlocglobal,35,0.650687704483668,0.7011688649654388,0.5079365079365079,0.5428210222847338,0.5333333333333333,0.0,0.0,0.0,0.0,0.0,0.0,0.0,0.0,0.0,,,,,18473,global,0.4
2,4,lr1e-05_bs32_modL1_fusion16_fusionL1_fusionBN0_drop0p2__wd1e-04trmiss40_trlocglobal,32,1e-05,0.0001,1,16,1,False,0.2,lr1e-05_bs32_modL1_fusion16_fusionL1_fusionBN0_drop0p2__wd1e-04trmiss40_trlocglobal,36,0.6452969014644623,0.7003286778926849,0.5099206349206349,0.551501750025059,0.5333333333333333,0.0,0.0,0.0,0.0,0.0,0.0,0.0,0.0,0.0,,,,,18473,global,0.4
2,4,lr1e-05_bs32_modL1_fusion16_fusionL1_fusionBN0_drop0p2__wd1e-04trmiss40_trlocglobal,32,1e-05,0.0001,1,16,1,False,0.2,lr1e-05_bs32_modL1_fusion16_fusionL1_fusionBN0_drop0p2__wd1e-04trmiss40_trlocglobal,37,0.6568387945493063,0.7002896964550018,0.5099206349206349,0.5506990804723895,0.5333333333333333,0.0,0.0,0.0,0.0,0.0,0.0,0.0,0.0,0.0,,,,,18473,global,0.4
2,4,lr1e-05_bs32_modL1_fusion16_fusionL1_fusionBN0_drop0p2__wd1e-04trmiss40_trlocglobal,32,1e-05,0.0001,1,16,1,False,0.2,lr1e-05_bs32_modL1_fusion16_fusionL1_fusionBN0_drop0p2__wd1e-04trmiss40_trlocglobal,38,0.6514544983704885,0.7000126242637634,0.5099206349206349,0.5457730254544227,0.5333333333333333,0.0,0.0,0.0,0.0,0.0,0.0,0.0,0.0,0.0,,,,,18473,global,0.4
2,4,lr1e-05_bs32_modL1_fusion16_fusionL1_fusionBN0_drop0p2__wd1e-04trmiss40_trlocglobal,32,1e-05,0.0001,1,16,1,False,0.2,lr1e-05_bs32_modL1_fusion16_fusionL1_fusionBN0_drop0p2__wd1e-04trmiss40_trlocglobal,39,0.6565232078234354,0.7009192705154419,0.501984126984127,0.5404923698641696,0.5333333333333333,0.0,0.0,0.0,0.0,0.0,0.0,0.0,0.0,0.0,,,,,18473,global,0.4
2,4,lr1e-05_bs32_modL1_fusion16_fusionL1_fusionBN0_drop0p2__wd1e-04trmiss40_trlocglobal,32,1e-05,0.0001,1,16,1,False,0.2,lr1e-05_bs32_modL1_fusion16_fusionL1_fusionBN0_drop0p2__wd1e-04trmiss40_trlocglobal,40,0.6491417586803436,0.701479583978653,0.5,0.5389802246020243,0.5333333333333333,0.0,0.0,0.0,0.0,0.0,0.0,0.0,0.0,0.0,,,,,18473,global,0.4
2,4,lr1e-05_bs32_modL1_fusion16_fusionL1_fusionBN0_drop0p2__wd1e-04trmiss40_trlocglobal,32,1e-05,0.0001,1,16,1,False,0.2,lr1e-05_bs32_modL1_fusion16_fusionL1_fusionBN0_drop0p2__wd1e-04trmiss40_trlocglobal,41,0.6386272013187408,0.7014520168304443,0.503968253968254,0.5418812587530585,0.5333333333333333,0.0,0.0,0.0,0.0,0.0,0.0,0.0,0.0,0.0,,,,,18473,global,0.4
2,4,lr1e-05_bs32_modL1_fusion16_fusionL1_fusionBN0_drop0p2__wd1e-04trmiss40_trlocglobal,32,1e-05,0.0001,1,16,1,False,0.2,lr1e-05_bs32_modL1_fusion16_fusionL1_fusionBN0_drop0p2__wd1e-04trmiss40_trlocglobal,42,0.6485235691070557,0.7012335062026978,0.5059523809523809,0.5430995823398032,0.5333333333333333,0.0,0.0,0.0,0.0,0.0,0.0,0.0,0.0,0.0,,,,,18473,global,0.4
2,4,lr1e-05_bs32_modL1_fusion16_fusionL1_fusionBN0_drop0p2__wd1e-04trmiss40_trlocglobal,32,1e-05,0.0001,1,16,1,False,0.2,lr1e-05_bs32_modL1_fusion16_fusionL1_fusionBN0_drop0p2__wd1e-04trmiss40_trlocglobal,43,0.6525327761967977,0.7014740109443665,0.503968253968254,0.54090432027612,0.5333333333333333,0.0,0.0,0.0,0.0,0.0,0.0,0.0,0.0,0.0,,,,,18473,global,0.4
2,4,lr1e-05_bs32_modL1_fusion16_fusionL1_fusionBN0_drop0p2__wd1e-04trmiss40_trlocglobal,32,1e-05,0.0001,1,16,1,False,0.2,lr1e-05_bs32_modL1_fusion16_fusionL1_fusionBN0_drop0p2__wd1e-04trmiss40_trlocglobal,44,0.6536384522914886,0.7005087733268738,0.5079365079365079,0.5433287842137418,0.5333333333333333,0.0,0.0,0.0,0.0,0.0,0.0,0.0,0.0,0.0,,,,,18473,global,0.4
2,4,lr1e-05_bs32_modL1_fusion16_fusionL1_fusionBN0_drop0p2__wd1e-04trmiss40_trlocglobal,32,1e-05,0.0001,1,16,1,False,0.2,lr1e-05_bs32_modL1_fusion16_fusionL1_fusionBN0_drop0p2__wd1e-04trmiss40_trlocglobal,45,0.6510486304759979,0.7007148861885071,0.5099206349206349,0.5453172918708541,0.5333333333333333,0.0,0.0,0.0,0.0,0.0,0.0,0.0,0.0,0.0,,,,,18473,global,0.4
2,4,lr1e-05_bs32_modL1_fusion16_fusionL1_fusionBN0_drop0p2__wd1e-04trmiss40_trlocglobal,32,1e-05,0.0001,1,16,1,False,0.2,lr1e-05_bs32_modL1_fusion16_fusionL1_fusionBN0_drop0p2__wd1e-04trmiss40_trlocglobal,46,0.6395886937777201,0.7011345624923706,0.501984126984127,0.5406772194676238,0.5333333333333333,0.0,0.0,0.0,0.0,0.0,0.0,0.0,0.0,0.0,,,,,18473,global,0.4
2,4,lr1e-05_bs32_modL1_fusion16_fusionL1_fusionBN0_drop0p2__wd1e-04trmiss40_trlocglobal,32,1e-05,0.0001,1,16,1,False,0.2,lr1e-05_bs32_modL1_fusion16_fusionL1_fusionBN0_drop0p2__wd1e-04trmiss40_trlocglobal,47,0.6478661298751831,0.70144122838974,0.501984126984127,0.5417965079950006,0.5333333333333333,0.0,0.0,0.0,0.0,0.0,0.0,0.0,0.0,0.0,,,,,18473,global,0.4
2,4,lr1e-05_bs32_modL1_fusion16_fusionL1_fusionBN0_drop0p1__wd1e-04trmiss40_trlocglobal,32,1e-05,0.0001,1,16,1,False,0.1,lr1e-05_bs32_modL1_fusion16_fusionL1_fusionBN0_drop0p1__wd1e-04trmiss40_trlocglobal,1,0.6939892172813416,0.6998207569122314,0.43452380952380953,0.4721079447622927,0.5777777777777777,0.0,0.0,0.0,0.0,0.0,0.0,0.0,0.0,0.0,,,,,18473,global,0.4
2,4,lr1e-05_bs32_modL1_fusion16_fusionL1_fusionBN0_drop0p1__wd1e-04trmiss40_trlocglobal,32,1e-05,0.0001,1,16,1,False,0.1,lr1e-05_bs32_modL1_fusion16_fusionL1_fusionBN0_drop0p1__wd1e-04trmiss40_trlocglobal,2,0.691386342048645,0.7005856931209564,0.44642857142857145,0.47775818038564655,0.6222222222222222,0.0,0.0,0.0,0.0,0.0,0.0,0.0,0.0,0.0,,,,,18473,global,0.4
2,4,lr1e-05_bs32_modL1_fusion16_fusionL1_fusionBN0_drop0p1__wd1e-04trmiss40_trlocglobal,32,1e-05,0.0001,1,16,1,False,0.1,lr1e-05_bs32_modL1_fusion16_fusionL1_fusionBN0_drop0p1__wd1e-04trmiss40_trlocglobal,3,0.692104329665502,0.7018739283084869,0.4523809523809524,0.48025611647733263,0.6222222222222222,0.0,0.0,0.0,0.0,0.0,0.0,0.0,0.0,0.0,,,,,18473,global,0.4
2,4,lr1e-05_bs32_modL1_fusion16_fusionL1_fusionBN0_drop0p1__wd1e-04trmiss40_trlocglobal,32,1e-05,0.0001,1,16,1,False,0.1,lr1e-05_bs32_modL1_fusion16_fusionL1_fusionBN0_drop0p1__wd1e-04trmiss40_trlocglobal,4,0.6868416368961334,0.7025742530822754,0.45634920634920634,0.48161777225075314,0.6,0.0,0.0,0.0,0.0,0.0,0.0,0.0,0.0,0.0,,,,,18473,global,0.4
2,4,lr1e-05_bs32_modL1_fusion16_fusionL1_fusionBN0_drop0p1__wd1e-04trmiss40_trlocglobal,32,1e-05,0.0001,1,16,1,False,0.1,lr1e-05_bs32_modL1_fusion16_fusionL1_fusionBN0_drop0p1__wd1e-04trmiss40_trlocglobal,5,0.6869471669197083,0.7036052048206329,0.4662698412698413,0.48546446109116503,0.6,0.0,0.0,0.0,0.0,0.0,0.0,0.0,0.0,0.0,,,,,18473,global,0.4
2,4,lr1e-05_bs32_modL1_fusion16_fusionL1_fusionBN0_drop0p1__wd1e-04trmiss40_trlocglobal,32,1e-05,0.0001,1,16,1,False,0.1,lr1e-05_bs32_modL1_fusion16_fusionL1_fusionBN0_drop0p1__wd1e-04trmiss40_trlocglobal,6,0.6865220268567404,0.7044160962104797,0.46031746031746035,0.4830189015317844,0.6,0.0,0.0,0.0,0.0,0.0,0.0,0.0,0.0,0.0,,,,,18473,global,0.4
2,4,lr1e-05_bs32_modL1_fusion16_fusionL1_fusionBN0_drop0p1__wd1e-04trmiss40_trlocglobal,32,1e-05,0.0001,1,16,1,False,0.1,lr1e-05_bs32_modL1_fusion16_fusionL1_fusionBN0_drop0p1__wd1e-04trmiss40_trlocglobal,7,0.6887115935484568,0.7048662602901459,0.46031746031746035,0.4827055129299181,0.5555555555555556,0.0,0.0,0.0,0.0,0.0,0.0,0.0,0.0,0.0,,,,,18473,global,0.4
2,4,lr1e-05_bs32_modL1_fusion16_fusionL1_fusionBN0_drop0p1__wd1e-04trmiss40_trlocglobal,32,1e-05,0.0001,1,16,1,False,0.1,lr1e-05_bs32_modL1_fusion16_fusionL1_fusionBN0_drop0p1__wd1e-04trmiss40_trlocglobal,8,0.6792754332224528,0.7046678364276886,0.46031746031746035,0.48212632674380324,0.5555555555555556,0.0,0.0,0.0,0.0,0.0,0.0,0.0,0.0,0.0,,,,,18473,global,0.4
2,4,lr1e-05_bs32_modL1_fusion16_fusionL1_fusionBN0_drop0p1__wd1e-04trmiss40_trlocglobal,32,1e-05,0.0001,1,16,1,False,0.1,lr1e-05_bs32_modL1_fusion16_fusionL1_fusionBN0_drop0p1__wd1e-04trmiss40_trlocglobal,9,0.6808085342248281,0.7049567103385925,0.4623015873015873,0.48291546815794467,0.5555555555555556,0.0,0.0,0.0,0.0,0.0,0.0,0.0,0.0,0.0,,,,,18473,global,0.4
2,4,lr1e-05_bs32_modL1_fusion16_fusionL1_fusionBN0_drop0p1__wd1e-04trmiss40_trlocglobal,32,1e-05,0.0001,1,16,1,False,0.1,lr1e-05_bs32_modL1_fusion16_fusionL1_fusionBN0_drop0p1__wd1e-04trmiss40_trlocglobal,10,0.6842685540517172,0.7050102055072784,0.46031746031746035,0.48203363394277715,0.5555555555555556,0.0,0.0,0.0,0.0,0.0,0.0,0.0,0.0,0.0,,,,,18473,global,0.4
2,4,lr1e-05_bs32_modL1_fusion16_fusionL1_fusionBN0_drop0p1__wd1e-04trmiss40_trlocglobal,32,1e-05,0.0001,1,16,1,False,0.1,lr1e-05_bs32_modL1_fusion16_fusionL1_fusionBN0_drop0p1__wd1e-04trmiss40_trlocglobal,11,0.6769824028015137,0.7051714360713959,0.4642857142857143,0.4832116591339602,0.5555555555555556,0.0,0.0,0.0,0.0,0.0,0.0,0.0,0.0,0.0,,,,,18473,global,0.4
2,4,lr1e-05_bs32_modL1_fusion16_fusionL1_fusionBN0_drop0p1__wd1e-04trmiss40_trlocglobal,32,1e-05,0.0001,1,16,1,False,0.1,lr1e-05_bs32_modL1_fusion16_fusionL1_fusionBN0_drop0p1__wd1e-04trmiss40_trlocglobal,12,0.6761016547679901,0.7052903473377228,0.4642857142857143,0.48330435193498633,0.5555555555555556,0.0,0.0,0.0,0.0,0.0,0.0,0.0,0.0,0.0,,,,,18473,global,0.4
2,4,lr1e-05_bs32_modL1_fusion16_fusionL1_fusionBN0_drop0p1__wd1e-04trmiss40_trlocglobal,32,1e-05,0.0001,1,16,1,False,0.1,lr1e-05_bs32_modL1_fusion16_fusionL1_fusionBN0_drop0p1__wd1e-04trmiss40_trlocglobal,13,0.6755302051703135,0.7053143084049225,0.46825396825396826,0.4848807650205457,0.5555555555555556,0.0,0.0,0.0,0.0,0.0,0.0,0.0,0.0,0.0,,,,,18473,global,0.4
2,4,lr1e-05_bs32_modL1_fusion16_fusionL1_fusionBN0_drop0p1__wd1e-04trmiss40_trlocglobal,32,1e-05,0.0001,1,16,1,False,0.1,lr1e-05_bs32_modL1_fusion16_fusionL1_fusionBN0_drop0p1__wd1e-04trmiss40_trlocglobal,14,0.6711159447828928,0.7044749855995178,0.46825396825396826,0.48358657310135383,0.5333333333333333,0.0,0.0,0.0,0.0,0.0,0.0,0.0,0.0,0.0,,,,,18473,global,0.4
2,4,lr1e-05_bs32_modL1_fusion16_fusionL1_fusionBN0_drop0p1__wd1e-04trmiss40_trlocglobal,32,1e-05,0.0001,1,16,1,False,0.1,lr1e-05_bs32_modL1_fusion16_fusionL1_fusionBN0_drop0p1__wd1e-04trmiss40_trlocglobal,15,0.6715131998062134,0.7049718499183655,0.47420634920634924,0.48597212811848783,0.5333333333333333,0.0,0.0,0.0,0.0,0.0,0.0,0.0,0.0,0.0,,,,,18473,global,0.4
2,4,lr1e-05_bs32_modL1_fusion16_fusionL1_fusionBN0_drop0p1__wd1e-04trmiss40_trlocglobal,32,1e-05,0.0001,1,16,1,False,0.1,lr1e-05_bs32_modL1_fusion16_fusionL1_fusionBN0_drop0p1__wd1e-04trmiss40_trlocglobal,16,0.6683493355909983,0.704832136631012,0.47420634920634924,0.485916773851177,0.5333333333333333,0.0,0.0,0.0,0.0,0.0,0.0,0.0,0.0,0.0,,,,,18473,global,0.4
2,4,lr1e-05_bs32_modL1_fusion16_fusionL1_fusionBN0_drop0p1__wd1e-04trmiss40_trlocglobal,32,1e-05,0.0001,1,16,1,False,0.1,lr1e-05_bs32_modL1_fusion16_fusionL1_fusionBN0_drop0p1__wd1e-04trmiss40_trlocglobal,17,0.6691147983074188,0.7050745487213135,0.47023809523809523,0.4844000903324713,0.5333333333333333,0.0,0.0,0.0,0.0,0.0,0.0,0.0,0.0,0.0,,,,,18473,global,0.4
2,4,lr1e-05_bs32_modL1_fusion16_fusionL1_fusionBN0_drop0p1__wd1e-04trmiss40_trlocglobal,32,1e-05,0.0001,1,16,1,False,0.1,lr1e-05_bs32_modL1_fusion16_fusionL1_fusionBN0_drop0p1__wd1e-04trmiss40_trlocglobal,18,0.6699041028817495,0.7047551274299622,0.4662698412698413,0.48186595349600886,0.5333333333333333,0.0,0.0,0.0,0.0,0.0,0.0,0.0,0.0,0.0,,,,,18473,global,0.4
2,4,lr1e-05_bs32_modL1_fusion16_fusionL1_fusionBN0_drop0p1__wd1e-04trmiss40_trlocglobal,32,1e-05,0.0001,1,16,1,False,0.1,lr1e-05_bs32_modL1_fusion16_fusionL1_fusionBN0_drop0p1__wd1e-04trmiss40_trlocglobal,19,0.6613907416661581,0.704609751701355,0.46825396825396826,0.48287765443503533,0.5333333333333333,0.0,0.0,0.0,0.0,0.0,0.0,0.0,0.0,0.0,,,,,18473,global,0.4
2,4,lr1e-05_bs32_modL1_fusion16_fusionL1_fusionBN0_drop0p1__wd1e-04trmiss40_trlocglobal,32,1e-05,0.0001,1,16,1,False,0.1,lr1e-05_bs32_modL1_fusion16_fusionL1_fusionBN0_drop0p1__wd1e-04trmiss40_trlocglobal,20,0.6626753012339274,0.7041245698928833,0.46825396825396826,0.48287765443503533,0.5333333333333333,0.0,0.0,0.0,0.0,0.0,0.0,0.0,0.0,0.0,,,,,18473,global,0.4
2,4,lr1e-05_bs32_modL1_fusion16_fusionL1_fusionBN0_drop0p1__wd1e-04trmiss40_trlocglobal,32,1e-05,0.0001,1,16,1,False,0.1,lr1e-05_bs32_modL1_fusion16_fusionL1_fusionBN0_drop0p1__wd1e-04trmiss40_trlocglobal,21,0.6618648568789164,0.7038418650627136,0.47023809523809523,0.4837499861263326,0.5333333333333333,0.0,0.0,0.0,0.0,0.0,0.0,0.0,0.0,0.0,,,,,18473,global,0.4
2,4,lr1e-05_bs32_modL1_fusion16_fusionL1_fusionBN0_drop0p1__wd1e-04trmiss40_trlocglobal,32,1e-05,0.0001,1,16,1,False,0.1,lr1e-05_bs32_modL1_fusion16_fusionL1_fusionBN0_drop0p1__wd1e-04trmiss40_trlocglobal,22,0.6616886854171753,0.7034943103790283,0.46825396825396826,0.48282406020040664,0.5333333333333333,0.0,0.0,0.0,0.0,0.0,0.0,0.0,0.0,0.0,,,,,18473,global,0.4
2,4,lr1e-05_bs32_modL1_fusion16_fusionL1_fusionBN0_drop0p1__wd1e-04trmiss40_trlocglobal,32,1e-05,0.0001,1,16,1,False,0.1,lr1e-05_bs32_modL1_fusion16_fusionL1_fusionBN0_drop0p1__wd1e-04trmiss40_trlocglobal,23,0.6538672546545664,0.7028648853302002,0.4742063492063493,0.48653982954117597,0.5333333333333333,0.0,0.0,0.0,0.0,0.0,0.0,0.0,0.0,0.0,,,,,18473,global,0.4
2,4,lr1e-05_bs32_modL1_fusion16_fusionL1_fusionBN0_drop0p1__wd1e-04trmiss40_trlocglobal,32,1e-05,0.0001,1,16,1,False,0.1,lr1e-05_bs32_modL1_fusion16_fusionL1_fusionBN0_drop0p1__wd1e-04trmiss40_trlocglobal,24,0.6497394243876139,0.7026207745075226,0.4761904761904763,0.4870683707673916,0.5333333333333333,0.0,0.0,0.0,0.0,0.0,0.0,0.0,0.0,0.0,,,,,18473,global,0.4
2,4,lr1e-05_bs32_modL1_fusion16_fusionL1_fusionBN0_drop0p1__wd1e-04trmiss40_trlocglobal,32,1e-05,0.0001,1,16,1,False,0.1,lr1e-05_bs32_modL1_fusion16_fusionL1_fusionBN0_drop0p1__wd1e-04trmiss40_trlocglobal,25,0.6583905021349589,0.702519953250885,0.48015873015873023,0.48820280071634226,0.5333333333333333,0.0,0.0,0.0,0.0,0.0,0.0,0.0,0.0,0.0,,,,,18473,global,0.4
2,4,lr1e-05_bs32_modL1_fusion16_fusionL1_fusionBN0_drop0p1__wd1e-04trmiss40_trlocglobal,32,1e-05,0.0001,1,16,1,False,0.1,lr1e-05_bs32_modL1_fusion16_fusionL1_fusionBN0_drop0p1__wd1e-04trmiss40_trlocglobal,26,0.6567245423793793,0.7025795578956604,0.4841269841269842,0.4901371736034282,0.5333333333333333,0.0,0.0,0.0,0.0,0.0,0.0,0.0,0.0,0.0,,,,,18473,global,0.4
2,4,lr1e-05_bs32_modL1_fusion16_fusionL1_fusionBN0_drop0p1__wd1e-04trmiss40_trlocglobal,32,1e-05,0.0001,1,16,1,False,0.1,lr1e-05_bs32_modL1_fusion16_fusionL1_fusionBN0_drop0p1__wd1e-04trmiss40_trlocglobal,27,0.6493472854296366,0.703004002571106,0.4761904761904763,0.48707229862058415,0.5333333333333333,0.0,0.0,0.0,0.0,0.0,0.0,0.0,0.0,0.0,,,,,18473,global,0.4
2,4,lr1e-05_bs32_modL1_fusion16_fusionL1_fusionBN0_drop0p1__wd1e-04trmiss40_trlocglobal,32,1e-05,0.0001,1,16,1,False,0.1,lr1e-05_bs32_modL1_fusion16_fusionL1_fusionBN0_drop0p1__wd1e-04trmiss40_trlocglobal,28,0.6591983238855997,0.7028332650661469,0.4841269841269842,0.49020842126774383,0.5333333333333333,0.0,0.0,0.0,0.0,0.0,0.0,0.0,0.0,0.0,,,,,18473,global,0.4
2,4,lr1e-05_bs32_modL1_fusion16_fusionL1_fusionBN0_drop0p1__wd1e-04trmiss40_trlocglobal,32,1e-05,0.0001,1,16,1,False,0.1,lr1e-05_bs32_modL1_fusion16_fusionL1_fusionBN0_drop0p1__wd1e-04trmiss40_trlocglobal,29,0.6540363530317942,0.7027559876441956,0.48809523809523814,0.4945318979702528,0.5555555555555556,0.0,0.0,0.0,0.0,0.0,0.0,0.0,0.0,0.0,,,,,18473,global,0.4
2,4,lr1e-05_bs32_modL1_fusion16_fusionL1_fusionBN0_drop0p1__wd1e-04trmiss40_trlocglobal,32,1e-05,0.0001,1,16,1,False,0.1,lr1e-05_bs32_modL1_fusion16_fusionL1_fusionBN0_drop0p1__wd1e-04trmiss40_trlocglobal,30,0.6549917062123617,0.7028781771659851,0.48611111111111116,0.49078914136065904,0.5333333333333333,0.0,0.0,0.0,0.0,0.0,0.0,0.0,0.0,0.0,,,,,18473,global,0.4
2,4,lr1e-05_bs32_modL1_fusion16_fusionL1_fusionBN0_drop0p1__wd1e-04trmiss40_trlocglobal,32,1e-05,0.0001,1,16,1,False,0.1,lr1e-05_bs32_modL1_fusion16_fusionL1_fusionBN0_drop0p1__wd1e-04trmiss40_trlocglobal,31,0.6523464421431223,0.7029521465301514,0.48214285714285715,0.4894802666965213,0.5333333333333333,0.0,0.0,0.0,0.0,0.0,0.0,0.0,0.0,0.0,,,,,18473,global,0.4
2,4,lr1e-05_bs32_modL1_fusion16_fusionL1_fusionBN0_drop0p1__wd1e-04trmiss40_trlocglobal,32,1e-05,0.0001,1,16,1,False,0.1,lr1e-05_bs32_modL1_fusion16_fusionL1_fusionBN0_drop0p1__wd1e-04trmiss40_trlocglobal,32,0.6453616122404734,0.7029758095741272,0.4880952380952381,0.49168287252815934,0.5555555555555556,0.0,0.0,0.0,0.0,0.0,0.0,0.0,0.0,0.0,,,,,18473,global,0.4
2,4,lr1e-05_bs32_modL1_fusion16_fusionL1_fusionBN0_drop0p1__wd1e-04trmiss40_trlocglobal,32,1e-05,0.0001,1,16,1,False,0.1,lr1e-05_bs32_modL1_fusion16_fusionL1_fusionBN0_drop0p1__wd1e-04trmiss40_trlocglobal,33,0.6512466172377268,0.7027787864208221,0.48611111111111116,0.49049674369984037,0.5555555555555556,0.0,0.0,0.0,0.0,0.0,0.0,0.0,0.0,0.0,,,,,18473,global,0.4
2,4,lr1e-05_bs32_modL1_fusion16_fusionL1_fusionBN0_drop0p1__wd1e-04trmiss40_trlocglobal,32,1e-05,0.0001,1,16,1,False,0.1,lr1e-05_bs32_modL1_fusion16_fusionL1_fusionBN0_drop0p1__wd1e-04trmiss40_trlocglobal,34,0.6441874901453654,0.70273756980896,0.49603174603174605,0.49457771847797133,0.5333333333333333,0.0,0.0,0.0,0.0,0.0,0.0,0.0,0.0,0.0,,,,,18473,global,0.4
2,4,lr1e-05_bs32_modL1_fusion16_fusionL1_fusionBN0_drop0p1__wd1e-04trmiss40_trlocglobal,32,1e-05,0.0001,1,16,1,False,0.1,lr1e-05_bs32_modL1_fusion16_fusionL1_fusionBN0_drop0p1__wd1e-04trmiss40_trlocglobal,35,0.6485684414704641,0.7026162147521973,0.49603174603174605,0.49457771847797133,0.5555555555555556,0.0,0.0,0.0,0.0,0.0,0.0,0.0,0.0,0.0,,,,,18473,global,0.4
2,4,lr1e-05_bs32_modL1_fusion16_fusionL1_fusionBN0_drop0p1__wd1e-04trmiss40_trlocglobal,32,1e-05,0.0001,1,16,1,False,0.1,lr1e-05_bs32_modL1_fusion16_fusionL1_fusionBN0_drop0p1__wd1e-04trmiss40_trlocglobal,36,0.6437890628973643,0.7024790644645691,0.49801587301587297,0.49581665984849166,0.5555555555555556,0.0,0.0,0.0,0.0,0.0,0.0,0.0,0.0,0.0,,,,,18473,global,0.4
2,4,lr1e-05_bs32_modL1_fusion16_fusionL1_fusionBN0_drop0p1__wd1e-04trmiss40_trlocglobal,32,1e-05,0.0001,1,16,1,False,0.1,lr1e-05_bs32_modL1_fusion16_fusionL1_fusionBN0_drop0p1__wd1e-04trmiss40_trlocglobal,37,0.6491391758124033,0.7022918462753296,0.49801587301587297,0.49581665984849166,0.5333333333333333,0.0,0.0,0.0,0.0,0.0,0.0,0.0,0.0,0.0,,,,,18473,global,0.4
2,4,lr1e-05_bs32_modL1_fusion16_fusionL1_fusionBN0_drop0p1__wd1e-04trmiss40_trlocglobal,32,1e-05,0.0001,1,16,1,False,0.1,lr1e-05_bs32_modL1_fusion16_fusionL1_fusionBN0_drop0p1__wd1e-04trmiss40_trlocglobal,38,0.6495869358380636,0.7022789716720581,0.5,0.49649826250377854,0.5333333333333333,0.0,0.0,0.0,0.0,0.0,0.0,0.0,0.0,0.0,,,,,18473,global,0.4
2,4,lr1e-05_bs32_modL1_fusion16_fusionL1_fusionBN0_drop0p1__wd1e-04trmiss40_trlocglobal,32,1e-05,0.0001,1,16,1,False,0.1,lr1e-05_bs32_modL1_fusion16_fusionL1_fusionBN0_drop0p1__wd1e-04trmiss40_trlocglobal,39,0.6425997316837311,0.702534943819046,0.498015873015873,0.4955236036343828,0.5333333333333333,0.0,0.0,0.0,0.0,0.0,0.0,0.0,0.0,0.0,,,,,18473,global,0.4
2,4,lr1e-05_bs32_modL1_fusion16_fusionL1_fusionBN0_drop0p1__wd1e-04trmiss40_trlocglobal,32,1e-05,0.0001,1,16,1,False,0.1,lr1e-05_bs32_modL1_fusion16_fusionL1_fusionBN0_drop0p1__wd1e-04trmiss40_trlocglobal,40,0.6435520450274149,0.7027513682842255,0.49603174603174605,0.49445522756600674,0.5333333333333333,0.0,0.0,0.0,0.0,0.0,0.0,0.0,0.0,0.0,,,,,18473,global,0.4
2,4,lr1e-05_bs32_modL1_fusion16_fusionL1_fusionBN0_drop0p1__wd1e-04trmiss40_trlocglobal,32,1e-05,0.0001,1,16,1,False,0.1,lr1e-05_bs32_modL1_fusion16_fusionL1_fusionBN0_drop0p1__wd1e-04trmiss40_trlocglobal,41,0.646045078833898,0.7023155391216278,0.49603174603174605,0.49445522756600674,0.5333333333333333,0.0,0.0,0.0,0.0,0.0,0.0,0.0,0.0,0.0,,,,,18473,global,0.4
2,4,lr1e-05_bs32_modL1_fusion16_fusionL1_fusionBN0_drop0p1__wd1e-04trmiss40_trlocglobal,32,1e-05,0.0001,1,16,1,False,0.1,lr1e-05_bs32_modL1_fusion16_fusionL1_fusionBN0_drop0p1__wd1e-04trmiss40_trlocglobal,42,0.6348817944526672,0.702423632144928,0.49404761904761907,0.49387450747309153,0.5333333333333333,0.0,0.0,0.0,0.0,0.0,0.0,0.0,0.0,0.0,,,,,18473,global,0.4
2,4,lr1e-05_bs32_modL1_fusion16_fusionL1_fusionBN0_drop0p1__wd1e-04trmiss40_trlocglobal,32,1e-05,0.0001,1,16,1,False,0.1,lr1e-05_bs32_modL1_fusion16_fusionL1_fusionBN0_drop0p1__wd1e-04trmiss40_trlocglobal,43,0.6411696076393127,0.7025118768215179,0.49404761904761907,0.49387450747309153,0.5333333333333333,0.0,0.0,0.0,0.0,0.0,0.0,0.0,0.0,0.0,,,,,18473,global,0.4
2,4,lr1e-05_bs32_modL1_fusion16_fusionL1_fusionBN0_drop0p1__wd1e-04trmiss40_trlocglobal,32,1e-05,0.0001,1,16,1,False,0.1,lr1e-05_bs32_modL1_fusion16_fusionL1_fusionBN0_drop0p1__wd1e-04trmiss40_trlocglobal,44,0.6381044089794159,0.7027778923511505,0.49603174603174605,0.49445522756600674,0.5333333333333333,0.0,0.0,0.0,0.0,0.0,0.0,0.0,0.0,0.0,,,,,18473,global,0.4
2,4,lr1e-05_bs32_modL1_fusion16_fusionL1_fusionBN0_drop0p1__wd1e-04trmiss40_trlocglobal,32,1e-05,0.0001,1,16,1,False,0.1,lr1e-05_bs32_modL1_fusion16_fusionL1_fusionBN0_drop0p1__wd1e-04trmiss40_trlocglobal,45,0.6403490503629049,0.7029377818107605,0.49404761904761907,0.49387450747309153,0.5333333333333333,0.0,0.0,0.0,0.0,0.0,0.0,0.0,0.0,0.0,,,,,18473,global,0.4
2,4,lr1e-05_bs32_modL1_fusion16_fusionL1_fusionBN0_drop0p1__wd1e-04trmiss40_trlocglobal,32,1e-05,0.0001,1,16,1,False,0.1,lr1e-05_bs32_modL1_fusion16_fusionL1_fusionBN0_drop0p1__wd1e-04trmiss40_trlocglobal,46,0.6416899164517721,0.7031892538070679,0.49603174603174605,0.4949428835414676,0.5333333333333333,0.0,0.0,0.0,0.0,0.0,0.0,0.0,0.0,0.0,,,,,18473,global,0.4
2,4,lr1e-05_bs32_modL1_fusion16_fusionL1_fusionBN0_drop0p1__wd1e-04trmiss40_trlocglobal,32,1e-05,0.0001,1,16,1,False,0.1,lr1e-05_bs32_modL1_fusion16_fusionL1_fusionBN0_drop0p1__wd1e-04trmiss40_trlocglobal,47,0.6339654723803202,0.7030148208141327,0.501984126984127,0.4973959859945701,0.5333333333333333,0.0,0.0,0.0,0.0,0.0,0.0,0.0,0.0,0.0,,,,,18473,global,0.4
2,4,lr1e-05_bs32_modL1_fusion16_fusionL1_fusionBN0_drop0p1__wd1e-04trmiss40_trlocglobal,32,1e-05,0.0001,1,16,1,False,0.1,lr1e-05_bs32_modL1_fusion16_fusionL1_fusionBN0_drop0p1__wd1e-04trmiss40_trlocglobal,48,0.642547200123469,0.7028340697288513,0.501984126984127,0.4973959859945701,0.5333333333333333,0.0,0.0,0.0,0.0,0.0,0.0,0.0,0.0,0.0,,,,,18473,global,0.4
2,4,lr1e-05_bs32_modL1_fusion16_fusionL1_fusionBN0_drop0p1__wd1e-04trmiss40_trlocglobal,32,1e-05,0.0001,1,16,1,False,0.1,lr1e-05_bs32_modL1_fusion16_fusionL1_fusionBN0_drop0p1__wd1e-04trmiss40_trlocglobal,49,0.6382096707820892,0.7027371227741241,0.501984126984127,0.4973959859945701,0.5333333333333333,0.0,0.0,0.0,0.0,0.0,0.0,0.0,0.0,0.0,,,,,18473,global,0.4
2,4,lr1e-05_bs32_modL1_fusion16_fusionL1_fusionBN0_drop0p1__wd1e-04trmiss40_trlocglobal,32,1e-05,0.0001,1,16,1,False,0.1,lr1e-05_bs32_modL1_fusion16_fusionL1_fusionBN0_drop0p1__wd1e-04trmiss40_trlocglobal,50,0.6387325922648112,0.7028741538524628,0.5,0.4972493158864109,0.5333333333333333,0.0,0.0,0.0,0.0,0.0,0.0,0.0,0.0,0.0,,,,,18473,global,0.4
2,4,lr1e-05_bs32_modL1_fusion16_fusionL1_fusionBN0_drop0p1__wd1e-04trmiss40_trlocglobal,32,1e-05,0.0001,1,16,1,False,0.1,lr1e-05_bs32_modL1_fusion16_fusionL1_fusionBN0_drop0p1__wd1e-04trmiss40_trlocglobal,51,0.6364234288533529,0.7027710378170013,0.49603174603174605,0.49529850143559645,0.5333333333333333,0.0,0.0,0.0,0.0,0.0,0.0,0.0,0.0,0.0,,,,,18473,global,0.4
2,4,lr1e-05_bs32_modL1_fusion16_fusionL1_fusionBN0_drop0p1__wd1e-04trmiss40_trlocglobal,32,1e-05,0.0001,1,16,1,False,0.1,lr1e-05_bs32_modL1_fusion16_fusionL1_fusionBN0_drop0p1__wd1e-04trmiss40_trlocglobal,52,0.6365883449713389,0.702619194984436,0.498015873015873,0.4965611276982227,0.5333333333333333,0.0,0.0,0.0,0.0,0.0,0.0,0.0,0.0,0.0,,,,,18473,global,0.4
2,4,lr1e-05_bs32_modL1_fusion16_fusionL1_fusionBN0_drop0p1__wd1e-04trmiss40_trlocglobal,32,1e-05,0.0001,1,16,1,False,0.1,lr1e-05_bs32_modL1_fusion16_fusionL1_fusionBN0_drop0p1__wd1e-04trmiss40_trlocglobal,53,0.6391892631848654,0.7027741968631744,0.501984126984127,0.49723747136237123,0.5333333333333333,0.0,0.0,0.0,0.0,0.0,0.0,0.0,0.0,0.0,,,,,18473,global,0.4
2,4,lr1e-05_bs32_modL1_fusion16_fusionL1_fusionBN0_drop0p1__wd1e-04trmiss40_trlocglobal,32,1e-05,0.0001,1,16,1,False,0.1,lr1e-05_bs32_modL1_fusion16_fusionL1_fusionBN0_drop0p1__wd1e-04trmiss40_trlocglobal,54,0.6425154308478037,0.7025608122348785,0.5059523809523809,0.4994448664441858,0.5333333333333333,0.0,0.0,0.0,0.0,0.0,0.0,0.0,0.0,0.0,,,,,18473,global,0.4
2,4,lr1e-05_bs32_modL1_fusion16_fusionL1_fusionBN0_drop0p1__wd1e-04trmiss40_trlocglobal,32,1e-05,0.0001,1,16,1,False,0.1,lr1e-05_bs32_modL1_fusion16_fusionL1_fusionBN0_drop0p1__wd1e-04trmiss40_trlocglobal,55,0.6285220086574554,0.7032448351383209,0.503968253968254,0.49850009762499753,0.5333333333333333,0.0,0.0,0.0,0.0,0.0,0.0,0.0,0.0,0.0,,,,,18473,global,0.4
2,4,lr1e-05_bs32_modL1_fusion16_fusionL1_fusionBN0_drop0p1__wd1e-04trmiss40_trlocglobal,32,1e-05,0.0001,1,16,1,False,0.1,lr1e-05_bs32_modL1_fusion16_fusionL1_fusionBN0_drop0p1__wd1e-04trmiss40_trlocglobal,56,0.6317154864470164,0.7032760381698608,0.501984126984127,0.4978590719839719,0.5333333333333333,0.0,0.0,0.0,0.0,0.0,0.0,0.0,0.0,0.0,,,,,18473,global,0.4
2,4,lr1e-05_bs32_modL1_fusion16_fusionL1_fusionBN0_drop0p1__wd1e-04trmiss40_trlocglobal,32,1e-05,0.0001,1,16,1,False,0.1,lr1e-05_bs32_modL1_fusion16_fusionL1_fusionBN0_drop0p1__wd1e-04trmiss40_trlocglobal,57,0.6343569954236349,0.7033761739730835,0.5,0.4972493158864109,0.5333333333333333,0.0,0.0,0.0,0.0,0.0,0.0,0.0,0.0,0.0,,,,,18473,global,0.4
2,4,lr1e-05_bs32_modL1_fusion16_fusionL1_fusionBN0_drop0p1__wd1e-04trmiss40_trlocglobal,32,1e-05,0.0001,1,16,1,False,0.1,lr1e-05_bs32_modL1_fusion16_fusionL1_fusionBN0_drop0p1__wd1e-04trmiss40_trlocglobal,58,0.6417941451072693,0.7033527195453644,0.498015873015873,0.496098579874215,0.5333333333333333,0.0,0.0,0.0,0.0,0.0,0.0,0.0,0.0,0.0,,,,,18473,global,0.4
2,4,lr1e-05_bs32_modL1_fusion16_fusionL1_fusionBN0_drop0p1__wd1e-04trmiss40_trlocglobal,32,1e-05,0.0001,1,16,1,False,0.1,lr1e-05_bs32_modL1_fusion16_fusionL1_fusionBN0_drop0p1__wd1e-04trmiss40_trlocglobal,59,0.6325000127156576,0.703160971403122,0.498015873015873,0.49602619515109503,0.5333333333333333,0.0,0.0,0.0,0.0,0.0,0.0,0.0,0.0,0.0,,,,,18473,global,0.4
2,4,lr1e-05_bs32_modL1_fusion16_fusionL1_fusionBN0_drop0p1__wd1e-04trmiss40_trlocglobal,32,1e-05,0.0001,1,16,1,False,0.1,lr1e-05_bs32_modL1_fusion16_fusionL1_fusionBN0_drop0p1__wd1e-04trmiss40_trlocglobal,60,0.6342081824938456,0.7030129432678223,0.498015873015873,0.49602619515109503,0.5333333333333333,0.0,0.0,0.0,0.0,0.0,0.0,0.0,0.0,0.0,,,,,18473,global,0.4
2,4,lr1e-05_bs32_modL1_fusion16_fusionL1_fusionBN0_drop0p1__wd1e-04trmiss40_trlocglobal,32,1e-05,0.0001,1,16,1,False,0.1,lr1e-05_bs32_modL1_fusion16_fusionL1_fusionBN0_drop0p1__wd1e-04trmiss40_trlocglobal,61,0.6279193162918091,0.7028404474258423,0.503968253968254,0.4986669372655213,0.5333333333333333,0.0,0.0,0.0,0.0,0.0,0.0,0.0,0.0,0.0,,,,,18473,global,0.4
2,4,lr1e-05_bs32_modL1_fusion16_fusionL1_fusionBN0_drop0p1__wd1e-04trmiss40_trlocglobal,32,1e-05,0.0001,1,16,1,False,0.1,lr1e-05_bs32_modL1_fusion16_fusionL1_fusionBN0_drop0p1__wd1e-04trmiss40_trlocglobal,62,0.6314959228038788,0.7025220990180969,0.503968253968254,0.4986669372655213,0.5333333333333333,0.0,0.0,0.0,0.0,0.0,0.0,0.0,0.0,0.0,,,,,18473,global,0.4
2,4,lr1e-05_bs32_modL1_fusion16_fusionL1_fusionBN0_drop0p1__wd1e-04trmiss40_trlocglobal,32,1e-05,0.0001,1,16,1,False,0.1,lr1e-05_bs32_modL1_fusion16_fusionL1_fusionBN0_drop0p1__wd1e-04trmiss40_trlocglobal,63,0.6339607338110606,0.7030042707920074,0.503968253968254,0.4986669372655213,0.5333333333333333,0.0,0.0,0.0,0.0,0.0,0.0,0.0,0.0,0.0,,,,,18473,global,0.4
2,4,lr1e-05_bs32_modL1_fusion16_fusionL1_fusionBN0_drop0p1__wd1e-04trmiss40_trlocglobal,32,1e-05,0.0001,1,16,1,False,0.1,lr1e-05_bs32_modL1_fusion16_fusionL1_fusionBN0_drop0p1__wd1e-04trmiss40_trlocglobal,64,0.6370960474014282,0.703212320804596,0.5,0.4972971464220463,0.5333333333333333,0.0,0.0,0.0,0.0,0.0,0.0,0.0,0.0,0.0,,,,,18473,global,0.4
2,4,lr1e-05_bs32_modL1_fusion16_fusionL1_fusionBN0_drop0p1__wd1e-04trmiss40_trlocglobal,32,1e-05,0.0001,1,16,1,False,0.1,lr1e-05_bs32_modL1_fusion16_fusionL1_fusionBN0_drop0p1__wd1e-04trmiss40_trlocglobal,65,0.6331454217433929,0.702988475561142,0.49603174603174605,0.4956150864029167,0.5111111111111111,0.0,0.0,0.0,0.0,0.0,0.0,0.0,0.0,0.0,,,,,18473,global,0.4
2,4,lr1e-05_bs32_modL1_fusion16_fusionL1_fusionBN0_drop0p1__wd1e-04trmiss40_trlocglobal,32,1e-05,0.0001,1,16,1,False,0.1,lr1e-05_bs32_modL1_fusion16_fusionL1_fusionBN0_drop0p1__wd1e-04trmiss40_trlocglobal,66,0.6302805642286936,0.702766627073288,0.501984126984127,0.49793817206307195,0.5111111111111111,0.0,0.0,0.0,0.0,0.0,0.0,0.0,0.0,0.0,,,,,18473,global,0.4
2,4,lr1e-05_bs32_modL1_fusion16_fusionL1_fusionBN0_drop0p1__wd1e-04trmiss40_trlocglobal,32,1e-05,0.0001,1,16,1,False,0.1,lr1e-05_bs32_modL1_fusion16_fusionL1_fusionBN0_drop0p1__wd1e-04trmiss40_trlocglobal,67,0.6285596986611685,0.7027714550495148,0.503968253968254,0.498673466180719,0.5111111111111111,0.0,0.0,0.0,0.0,0.0,0.0,0.0,0.0,0.0,,,,,18473,global,0.4
2,4,lr1e-05_bs32_modL1_fusion16_fusionL1_fusionBN0_drop0p1__wd1e-04trmiss40_trlocglobal,32,1e-05,0.0001,1,16,1,False,0.1,lr1e-05_bs32_modL1_fusion16_fusionL1_fusionBN0_drop0p1__wd1e-04trmiss40_trlocglobal,68,0.6280420223871866,0.7025947570800781,0.5,0.4969601366181247,0.5333333333333333,0.0,0.0,0.0,0.0,0.0,0.0,0.0,0.0,0.0,,,,,18473,global,0.4
2,4,lr1e-05_bs32_modL1_fusion16_fusionL1_fusionBN0_drop0p1__wd1e-04trmiss40_trlocglobal,32,1e-05,0.0001,1,16,1,False,0.1,lr1e-05_bs32_modL1_fusion16_fusionL1_fusionBN0_drop0p1__wd1e-04trmiss40_trlocglobal,69,0.6279124915599823,0.7022029459476471,0.5079365079365079,0.5000432570241939,0.5111111111111111,0.0,0.0,0.0,0.0,0.0,0.0,0.0,0.0,0.0,,,,,18473,global,0.4
2,4,lr1e-05_bs32_modL1_fusion16_fusionL1_fusionBN0_drop0p1__wd1e-04trmiss40_trlocglobal,32,1e-05,0.0001,1,16,1,False,0.1,lr1e-05_bs32_modL1_fusion16_fusionL1_fusionBN0_drop0p1__wd1e-04trmiss40_trlocglobal,70,0.6284566819667816,0.7024522423744202,0.5059523809523809,0.49936165436890717,0.5111111111111111,0.0,0.0,0.0,0.0,0.0,0.0,0.0,0.0,0.0,,,,,18473,global,0.4
2,4,lr1e-05_bs32_modL1_fusion16_fusionL1_fusionBN0_drop0p1__wd1e-04trmiss40_trlocglobal,32,1e-05,0.0001,1,16,1,False,0.1,lr1e-05_bs32_modL1_fusion16_fusionL1_fusionBN0_drop0p1__wd1e-04trmiss40_trlocglobal,71,0.6311083237330118,0.7028307318687439,0.5079365079365079,0.5000432570241939,0.5111111111111111,0.0,0.0,0.0,0.0,0.0,0.0,0.0,0.0,0.0,,,,,18473,global,0.4
2,4,lr1e-05_bs32_modL1_fusion16_fusionL1_fusionBN0_drop0p1__wd1e-04trmiss40_trlocglobal,32,1e-05,0.0001,1,16,1,False,0.1,lr1e-05_bs32_modL1_fusion16_fusionL1_fusionBN0_drop0p1__wd1e-04trmiss40_trlocglobal,72,0.629428376754125,0.7026689648628235,0.5079365079365079,0.5000432570241939,0.5111111111111111,0.0,0.0,0.0,0.0,0.0,0.0,0.0,0.0,0.0,,,,,18473,global,0.4
2,4,lr1e-05_bs32_modL1_fusion16_fusionL1_fusionBN0_drop0p1__wd1e-04trmiss40_trlocglobal,32,1e-05,0.0001,1,16,1,False,0.1,lr1e-05_bs32_modL1_fusion16_fusionL1_fusionBN0_drop0p1__wd1e-04trmiss40_trlocglobal,73,0.6301696797211965,0.7028613686561584,0.5099206349206349,0.5012337332146701,0.5333333333333333,0.0,0.0,0.0,0.0,0.0,0.0,0.0,0.0,0.0,,,,,18473,global,0.4
2,4,lr1e-05_bs32_modL1_fusion16_fusionL1_fusionBN0_drop0p1__wd1e-04trmiss40_trlocglobal,32,1e-05,0.0001,1,16,1,False,0.1,lr1e-05_bs32_modL1_fusion16_fusionL1_fusionBN0_drop0p1__wd1e-04trmiss40_trlocglobal,74,0.6356957952181498,0.7028700709342957,0.5059523809523809,0.4989709531026254,0.5111111111111111,0.0,0.0,0.0,0.0,0.0,0.0,0.0,0.0,0.0,,,,,18473,global,0.4
2,4,lr1e-05_bs32_modL1_fusion16_fusionL1_fusionBN0_drop0p1__wd1e-04trmiss40_trlocglobal,32,1e-05,0.0001,1,16,1,False,0.1,lr1e-05_bs32_modL1_fusion16_fusionL1_fusionBN0_drop0p1__wd1e-04trmiss40_trlocglobal,75,0.6287719110647837,0.7022205889225006,0.5059523809523809,0.49936165436890717,0.5333333333333333,0.0,0.0,0.0,0.0,0.0,0.0,0.0,0.0,0.0,,,,,18473,global,0.4
2,4,lr1e-05_bs32_modL1_fusion16_fusionL1_fusionBN0_drop0p1__wd1e-04trmiss40_trlocglobal,32,1e-05,0.0001,1,16,1,False,0.1,lr1e-05_bs32_modL1_fusion16_fusionL1_fusionBN0_drop0p1__wd1e-04trmiss40_trlocglobal,76,0.6304554541905721,0.7023049294948578,0.5079365079365079,0.5000432570241939,0.5333333333333333,0.0,0.0,0.0,0.0,0.0,0.0,0.0,0.0,0.0,,,,,18473,global,0.4
2,4,lr1e-05_bs32_modL1_fusion16_fusionL1_fusionBN0_drop0p1__wd1e-04trmiss40_trlocglobal,32,1e-05,0.0001,1,16,1,False,0.1,lr1e-05_bs32_modL1_fusion16_fusionL1_fusionBN0_drop0p1__wd1e-04trmiss40_trlocglobal,77,0.625523179769516,0.7022203207015991,0.5059523809523809,0.49936165436890717,0.5333333333333333,0.0,0.0,0.0,0.0,0.0,0.0,0.0,0.0,0.0,,,,,18473,global,0.4
2,4,lr1e-05_bs32_modL1_fusion16_fusionL1_fusionBN0_drop0p1__wd1e-04trmiss40_trlocglobal,32,1e-05,0.0001,1,16,1,False,0.1,lr1e-05_bs32_modL1_fusion16_fusionL1_fusionBN0_drop0p1__wd1e-04trmiss40_trlocglobal,78,0.6283843914667765,0.702479749917984,0.503968253968254,0.498673466180719,0.5333333333333333,0.0,0.0,0.0,0.0,0.0,0.0,0.0,0.0,0.0,,,,,18473,global,0.4
2,4,lr1e-05_bs32_modL1_fusion16_fusionL1_fusionBN0_drop0p1__wd1e-04trmiss40_trlocglobal,32,1e-05,0.0001,1,16,1,False,0.1,lr1e-05_bs32_modL1_fusion16_fusionL1_fusionBN0_drop0p1__wd1e-04trmiss40_trlocglobal,79,0.6362044215202332,0.7026300430297852,0.5059523809523809,0.49936165436890717,0.5111111111111111,0.0,0.0,0.0,0.0,0.0,0.0,0.0,0.0,0.0,,,,,18473,global,0.4
2,4,lr1e-05_bs32_modL1_fusion16_fusionL1_fusionBN0_drop0p1__wd1e-04trmiss40_trlocglobal,32,1e-05,0.0001,1,16,1,False,0.1,lr1e-05_bs32_modL1_fusion16_fusionL1_fusionBN0_drop0p1__wd1e-04trmiss40_trlocglobal,80,0.6275657216707865,0.7025458216667175,0.501984126984127,0.49760116225915035,0.5111111111111111,0.0,0.0,0.0,0.0,0.0,0.0,0.0,0.0,0.0,,,,,18473,global,0.4
2,4,lr1e-05_bs32_modL1_fusion32_fusionL1_fusionBN0_drop0p2__wd1e-04trmiss40_trlocglobal,32,1e-05,0.0001,1,32,1,False,0.2,lr1e-05_bs32_modL1_fusion32_fusionL1_fusionBN0_drop0p2__wd1e-04trmiss40_trlocglobal,1,0.7071142295996348,0.7027716934680939,0.5238095238095238,0.5647688648267535,0.4444444444444444,0.0,0.0,0.0,0.0,0.0,0.0,0.0,0.0,0.0,,,,,18473,global,0.4
2,4,lr1e-05_bs32_modL1_fusion32_fusionL1_fusionBN0_drop0p2__wd1e-04trmiss40_trlocglobal,32,1e-05,0.0001,1,32,1,False,0.2,lr1e-05_bs32_modL1_fusion32_fusionL1_fusionBN0_drop0p2__wd1e-04trmiss40_trlocglobal,2,0.7104568680127462,0.7027044892311096,0.5198412698412699,0.5609590751333431,0.4666666666666667,0.0,0.0,0.0,0.0,0.0,0.0,0.0,0.0,0.0,,,,,18473,global,0.4
2,4,lr1e-05_bs32_modL1_fusion32_fusionL1_fusionBN0_drop0p2__wd1e-04trmiss40_trlocglobal,32,1e-05,0.0001,1,32,1,False,0.2,lr1e-05_bs32_modL1_fusion32_fusionL1_fusionBN0_drop0p2__wd1e-04trmiss40_trlocglobal,3,0.7132534583409628,0.703238844871521,0.5079365079365079,0.5490281721544809,0.4666666666666667,0.0,0.0,0.0,0.0,0.0,0.0,0.0,0.0,0.0,,,,,18473,global,0.4
2,4,lr1e-05_bs32_modL1_fusion32_fusionL1_fusionBN0_drop0p2__wd1e-04trmiss40_trlocglobal,32,1e-05,0.0001,1,32,1,False,0.2,lr1e-05_bs32_modL1_fusion32_fusionL1_fusionBN0_drop0p2__wd1e-04trmiss40_trlocglobal,4,0.7120536963144938,0.7038536667823792,0.5099206349206349,0.5482776090780663,0.4666666666666667,0.0,0.0,0.0,0.0,0.0,0.0,0.0,0.0,0.0,,,,,18473,global,0.4
2,4,lr1e-05_bs32_modL1_fusion32_fusionL1_fusionBN0_drop0p2__wd1e-04trmiss40_trlocglobal,32,1e-05,0.0001,1,32,1,False,0.2,lr1e-05_bs32_modL1_fusion32_fusionL1_fusionBN0_drop0p2__wd1e-04trmiss40_trlocglobal,5,0.7122023900349935,0.7044351696968079,0.5059523809523809,0.542818215335663,0.4666666666666667,0.0,0.0,0.0,0.0,0.0,0.0,0.0,0.0,0.0,,,,,18473,global,0.4
2,4,lr1e-05_bs32_modL1_fusion32_fusionL1_fusionBN0_drop0p2__wd1e-04trmiss40_trlocglobal,32,1e-05,0.0001,1,32,1,False,0.2,lr1e-05_bs32_modL1_fusion32_fusionL1_fusionBN0_drop0p2__wd1e-04trmiss40_trlocglobal,6,0.6954910457134247,0.7045858204364777,0.503968253968254,0.541669310046558,0.4666666666666667,0.0,0.0,0.0,0.0,0.0,0.0,0.0,0.0,0.0,,,,,18473,global,0.4
2,4,lr1e-05_bs32_modL1_fusion32_fusionL1_fusionBN0_drop0p2__wd1e-04trmiss40_trlocglobal,32,1e-05,0.0001,1,32,1,False,0.2,lr1e-05_bs32_modL1_fusion32_fusionL1_fusionBN0_drop0p2__wd1e-04trmiss40_trlocglobal,7,0.6993608474731445,0.7046645283699036,0.49603174603174605,0.5334713621611101,0.4666666666666667,0.0,0.0,0.0,0.0,0.0,0.0,0.0,0.0,0.0,,,,,18473,global,0.4
2,4,lr1e-05_bs32_modL1_fusion32_fusionL1_fusionBN0_drop0p2__wd1e-04trmiss40_trlocglobal,32,1e-05,0.0001,1,32,1,False,0.2,lr1e-05_bs32_modL1_fusion32_fusionL1_fusionBN0_drop0p2__wd1e-04trmiss40_trlocglobal,8,0.6998540163040161,0.7051128447055817,0.4920634920634921,0.5307438903027241,0.4666666666666667,0.0,0.0,0.0,0.0,0.0,0.0,0.0,0.0,0.0,,,,,18473,global,0.4
2,4,lr1e-05_bs32_modL1_fusion32_fusionL1_fusionBN0_drop0p2__wd1e-04trmiss40_trlocglobal,32,1e-05,0.0001,1,32,1,False,0.2,lr1e-05_bs32_modL1_fusion32_fusionL1_fusionBN0_drop0p2__wd1e-04trmiss40_trlocglobal,9,0.7064362068970998,0.7048976123332977,0.48611111111111116,0.5236044310732488,0.4666666666666667,0.0,0.0,0.0,0.0,0.0,0.0,0.0,0.0,0.0,,,,,18473,global,0.4
2,4,lr1e-05_bs32_modL1_fusion32_fusionL1_fusionBN0_drop0p2__wd1e-04trmiss40_trlocglobal,32,1e-05,0.0001,1,32,1,False,0.2,lr1e-05_bs32_modL1_fusion32_fusionL1_fusionBN0_drop0p2__wd1e-04trmiss40_trlocglobal,10,0.6952532827854156,0.7047008275985718,0.4841269841269842,0.5238194131196262,0.4666666666666667,0.0,0.0,0.0,0.0,0.0,0.0,0.0,0.0,0.0,,,,,18473,global,0.4
2,4,lr1e-05_bs32_modL1_fusion32_fusionL1_fusionBN0_drop0p2__wd1e-04trmiss40_trlocglobal,32,1e-05,0.0001,1,32,1,False,0.2,lr1e-05_bs32_modL1_fusion32_fusionL1_fusionBN0_drop0p2__wd1e-04trmiss40_trlocglobal,11,0.6929163535435995,0.7039516270160675,0.4781746031746032,0.5169648770159642,0.4666666666666667,0.0,0.0,0.0,0.0,0.0,0.0,0.0,0.0,0.0,,,,,18473,global,0.4
2,4,lr1e-05_bs32_modL1_fusion32_fusionL1_fusionBN0_drop0p2__wd1e-04trmiss40_trlocglobal,32,1e-05,0.0001,1,32,1,False,0.2,lr1e-05_bs32_modL1_fusion32_fusionL1_fusionBN0_drop0p2__wd1e-04trmiss40_trlocglobal,12,0.6900716722011566,0.7041666209697723,0.47222222222222227,0.5123491798140601,0.4666666666666667,0.0,0.0,0.0,0.0,0.0,0.0,0.0,0.0,0.0,,,,,18473,global,0.4
2,4,lr1e-05_bs32_modL1_fusion32_fusionL1_fusionBN0_drop0p2__wd1e-04trmiss40_trlocglobal,32,1e-05,0.0001,1,32,1,False,0.2,lr1e-05_bs32_modL1_fusion32_fusionL1_fusionBN0_drop0p2__wd1e-04trmiss40_trlocglobal,13,0.6944074630737305,0.7036111652851105,0.4801587301587301,0.5199617419080688,0.4666666666666667,0.0,0.0,0.0,0.0,0.0,0.0,0.0,0.0,0.0,,,,,18473,global,0.4
2,4,lr1e-05_bs32_modL1_fusion32_fusionL1_fusionBN0_drop0p2__wd1e-04trmiss40_trlocglobal,32,1e-05,0.0001,1,32,1,False,0.2,lr1e-05_bs32_modL1_fusion32_fusionL1_fusionBN0_drop0p2__wd1e-04trmiss40_trlocglobal,14,0.691779096921285,0.7026863694190979,0.4821428571428572,0.5209218815583017,0.4666666666666667,0.0,0.0,0.0,0.0,0.0,0.0,0.0,0.0,0.0,,,,,18473,global,0.4
2,4,lr1e-05_bs32_modL1_fusion32_fusionL1_fusionBN0_drop0p2__wd1e-04trmiss40_trlocglobal,32,1e-05,0.0001,1,32,1,False,0.2,lr1e-05_bs32_modL1_fusion32_fusionL1_fusionBN0_drop0p2__wd1e-04trmiss40_trlocglobal,15,0.6827500661214193,0.7026331126689911,0.4742063492063492,0.5141860622305704,0.4666666666666667,0.0,0.0,0.0,0.0,0.0,0.0,0.0,0.0,0.0,,,,,18473,global,0.4
2,4,lr1e-05_bs32_modL1_fusion32_fusionL1_fusionBN0_drop0p2__wd1e-04trmiss40_trlocglobal,32,1e-05,0.0001,1,32,1,False,0.2,lr1e-05_bs32_modL1_fusion32_fusionL1_fusionBN0_drop0p2__wd1e-04trmiss40_trlocglobal,16,0.6933424870173136,0.7023355066776276,0.4841269841269842,0.5216522878654009,0.4666666666666667,0.0,0.0,0.0,0.0,0.0,0.0,0.0,0.0,0.0,,,,,18473,global,0.4
2,4,lr1e-05_bs32_modL1_fusion32_fusionL1_fusionBN0_drop0p2__wd1e-04trmiss40_trlocglobal,32,1e-05,0.0001,1,32,1,False,0.2,lr1e-05_bs32_modL1_fusion32_fusionL1_fusionBN0_drop0p2__wd1e-04trmiss40_trlocglobal,17,0.688002198934555,0.701926589012146,0.48214285714285715,0.5186674135443194,0.4666666666666667,0.0,0.0,0.0,0.0,0.0,0.0,0.0,0.0,0.0,,,,,18473,global,0.4
2,4,lr1e-05_bs32_modL1_fusion32_fusionL1_fusionBN0_drop0p2__wd1e-04trmiss40_trlocglobal,32,1e-05,0.0001,1,32,1,False,0.2,lr1e-05_bs32_modL1_fusion32_fusionL1_fusionBN0_drop0p2__wd1e-04trmiss40_trlocglobal,18,0.6897781689961752,0.701445460319519,0.48611111111111116,0.5197535584409143,0.4666666666666667,0.0,0.0,0.0,0.0,0.0,0.0,0.0,0.0,0.0,,,,,18473,global,0.4
2,4,lr1e-05_bs32_modL1_fusion32_fusionL1_fusionBN0_drop0p2__wd1e-04trmiss40_trlocglobal,32,1e-05,0.0001,1,32,1,False,0.2,lr1e-05_bs32_modL1_fusion32_fusionL1_fusionBN0_drop0p2__wd1e-04trmiss40_trlocglobal,19,0.6893301208813986,0.7008122503757477,0.4841269841269842,0.5224886754762342,0.4666666666666667,0.0,0.0,0.0,0.0,0.0,0.0,0.0,0.0,0.0,,,,,18473,global,0.4
2,4,lr1e-05_bs32_modL1_fusion32_fusionL1_fusionBN0_drop0p2__wd1e-04trmiss40_trlocglobal,32,1e-05,0.0001,1,32,1,False,0.2,lr1e-05_bs32_modL1_fusion32_fusionL1_fusionBN0_drop0p2__wd1e-04trmiss40_trlocglobal,20,0.6921107073624929,0.7009265422821045,0.48809523809523814,0.5208878597590393,0.4666666666666667,0.0,0.0,0.0,0.0,0.0,0.0,0.0,0.0,0.0,,,,,18473,global,0.4
2,4,lr1e-05_bs32_modL1_fusion32_fusionL1_fusionBN0_drop0p2__wd1e-04trmiss40_trlocglobal,32,1e-05,0.0001,1,32,1,False,0.2,lr1e-05_bs32_modL1_fusion32_fusionL1_fusionBN0_drop0p2__wd1e-04trmiss40_trlocglobal,21,0.6871191362539927,0.700979083776474,0.4900793650793651,0.5221857883853511,0.4666666666666667,0.0,0.0,0.0,0.0,0.0,0.0,0.0,0.0,0.0,,,,,18473,global,0.4
2,4,lr1e-05_bs32_modL1_fusion32_fusionL1_fusionBN0_drop0p2__wd1e-04trmiss40_trlocglobal,32,1e-05,0.0001,1,32,1,False,0.2,lr1e-05_bs32_modL1_fusion32_fusionL1_fusionBN0_drop0p2__wd1e-04trmiss40_trlocglobal,22,0.6854454080263773,0.7008439004421234,0.4900793650793651,0.5267228918135834,0.4666666666666667,0.0,0.0,0.0,0.0,0.0,0.0,0.0,0.0,0.0,,,,,18473,global,0.4
2,4,lr1e-05_bs32_modL1_fusion32_fusionL1_fusionBN0_drop0p2__wd1e-04trmiss40_trlocglobal,32,1e-05,0.0001,1,32,1,False,0.2,lr1e-05_bs32_modL1_fusion32_fusionL1_fusionBN0_drop0p2__wd1e-04trmiss40_trlocglobal,23,0.6811566253503164,0.7009223997592926,0.4920634920634921,0.5275496113903031,0.4666666666666667,0.0,0.0,0.0,0.0,0.0,0.0,0.0,0.0,0.0,,,,,18473,global,0.4
2,4,lr1e-05_bs32_modL1_fusion32_fusionL1_fusionBN0_drop0p2__wd1e-04trmiss40_trlocglobal,32,1e-05,0.0001,1,32,1,False,0.2,lr1e-05_bs32_modL1_fusion32_fusionL1_fusionBN0_drop0p2__wd1e-04trmiss40_trlocglobal,24,0.6818785468737284,0.7004155516624451,0.48809523809523814,0.5254061529968447,0.4666666666666667,0.0,0.0,0.0,0.0,0.0,0.0,0.0,0.0,0.0,,,,,18473,global,0.4
2,4,lr1e-05_bs32_modL1_fusion32_fusionL1_fusionBN0_drop0p2__wd1e-04trmiss40_trlocglobal,32,1e-05,0.0001,1,32,1,False,0.2,lr1e-05_bs32_modL1_fusion32_fusionL1_fusionBN0_drop0p2__wd1e-04trmiss40_trlocglobal,25,0.6821019252141317,0.7003298997879028,0.49007936507936506,0.5268910220122015,0.4666666666666667,0.0,0.0,0.0,0.0,0.0,0.0,0.0,0.0,0.0,,,,,18473,global,0.4
2,4,lr1e-05_bs32_modL1_fusion32_fusionL1_fusionBN0_drop0p1__wd1e-04trmiss40_trlocglobal,32,1e-05,0.0001,1,32,1,False,0.1,lr1e-05_bs32_modL1_fusion32_fusionL1_fusionBN0_drop0p1__wd1e-04trmiss40_trlocglobal,1,0.7105291386445364,0.7138018906116486,0.29166666666666663,0.4171944057887379,0.4666666666666667,0.0,0.0,0.0,0.0,0.0,0.0,0.0,0.0,0.0,,,,,18473,global,0.4
2,4,lr1e-05_bs32_modL1_fusion32_fusionL1_fusionBN0_drop0p1__wd1e-04trmiss40_trlocglobal,32,1e-05,0.0001,1,32,1,False,0.1,lr1e-05_bs32_modL1_fusion32_fusionL1_fusionBN0_drop0p1__wd1e-04trmiss40_trlocglobal,2,0.7091055512428284,0.7166420221328735,0.2956349206349207,0.41829082068097684,0.4666666666666667,0.0,0.0,0.0,0.0,0.0,0.0,0.0,0.0,0.0,,,,,18473,global,0.4
2,4,lr1e-05_bs32_modL1_fusion32_fusionL1_fusionBN0_drop0p1__wd1e-04trmiss40_trlocglobal,32,1e-05,0.0001,1,32,1,False,0.1,lr1e-05_bs32_modL1_fusion32_fusionL1_fusionBN0_drop0p1__wd1e-04trmiss40_trlocglobal,3,0.7052030464013418,0.7195367515087128,0.2996031746031746,0.41953926382619555,0.4666666666666667,0.0,0.0,0.0,0.0,0.0,0.0,0.0,0.0,0.0,,,,,18473,global,0.4
2,4,lr1e-05_bs32_modL1_fusion32_fusionL1_fusionBN0_drop0p1__wd1e-04trmiss40_trlocglobal,32,1e-05,0.0001,1,32,1,False,0.1,lr1e-05_bs32_modL1_fusion32_fusionL1_fusionBN0_drop0p1__wd1e-04trmiss40_trlocglobal,4,0.7084449132283529,0.7218217253684998,0.29563492063492064,0.4183869833432467,0.4444444444444444,0.0,0.0,0.0,0.0,0.0,0.0,0.0,0.0,0.0,,,,,18473,global,0.4
2,4,lr1e-05_bs32_modL1_fusion32_fusionL1_fusionBN0_drop0p1__wd1e-04trmiss40_trlocglobal,32,1e-05,0.0001,1,32,1,False,0.1,lr1e-05_bs32_modL1_fusion32_fusionL1_fusionBN0_drop0p1__wd1e-04trmiss40_trlocglobal,5,0.7012688418229421,0.724086195230484,0.29761904761904767,0.4191589467618339,0.4444444444444444,0.0,0.0,0.0,0.0,0.0,0.0,0.0,0.0,0.0,,,,,18473,global,0.4
2,4,lr1e-05_bs32_modL1_fusion32_fusionL1_fusionBN0_drop0p1__wd1e-04trmiss40_trlocglobal,32,1e-05,0.0001,1,32,1,False,0.1,lr1e-05_bs32_modL1_fusion32_fusionL1_fusionBN0_drop0p1__wd1e-04trmiss40_trlocglobal,6,0.6961379051208496,0.7259761989116669,0.30753968253968256,0.4231411399822154,0.4444444444444444,0.0,0.0,0.0,0.0,0.0,0.0,0.0,0.0,0.0,,,,,18473,global,0.4
2,4,lr1e-05_bs32_modL1_fusion32_fusionL1_fusionBN0_drop0p1__wd1e-04trmiss40_trlocglobal,32,1e-05,0.0001,1,32,1,False,0.1,lr1e-05_bs32_modL1_fusion32_fusionL1_fusionBN0_drop0p1__wd1e-04trmiss40_trlocglobal,7,0.69570924838384,0.7275194525718689,0.3115079365079365,0.42457754431406064,0.4222222222222222,0.0,0.0,0.0,0.0,0.0,0.0,0.0,0.0,0.0,,,,,18473,global,0.4
2,4,lr1e-05_bs32_modL1_fusion32_fusionL1_fusionBN0_drop0p1__wd1e-04trmiss40_trlocglobal,32,1e-05,0.0001,1,32,1,False,0.1,lr1e-05_bs32_modL1_fusion32_fusionL1_fusionBN0_drop0p1__wd1e-04trmiss40_trlocglobal,8,0.6959807972113291,0.7280093133449554,0.3115079365079365,0.4254179643699693,0.4444444444444444,0.0,0.0,0.0,0.0,0.0,0.0,0.0,0.0,0.0,,,,,18473,global,0.4
2,4,lr1e-05_bs32_modL1_fusion32_fusionL1_fusionBN0_drop0p1__wd1e-04trmiss40_trlocglobal,32,1e-05,0.0001,1,32,1,False,0.1,lr1e-05_bs32_modL1_fusion32_fusionL1_fusionBN0_drop0p1__wd1e-04trmiss40_trlocglobal,9,0.6890656650066376,0.7285529375076294,0.31547619047619047,0.42914971322875994,0.4222222222222222,0.0,0.0,0.0,0.0,0.0,0.0,0.0,0.0,0.0,,,,,18473,global,0.4
2,4,lr1e-05_bs32_modL1_fusion32_fusionL1_fusionBN0_drop0p1__wd1e-04trmiss40_trlocglobal,32,1e-05,0.0001,1,32,1,False,0.1,lr1e-05_bs32_modL1_fusion32_fusionL1_fusionBN0_drop0p1__wd1e-04trmiss40_trlocglobal,10,0.6872814695040385,0.7291442155838013,0.3154761904761905,0.42995797805426267,0.4222222222222222,0.0,0.0,0.0,0.0,0.0,0.0,0.0,0.0,0.0,,,,,18473,global,0.4
2,4,lr1e-05_bs32_modL1_fusion32_fusionL1_fusionBN0_drop0p1__wd1e-04trmiss40_trlocglobal,32,1e-05,0.0001,1,32,1,False,0.1,lr1e-05_bs32_modL1_fusion32_fusionL1_fusionBN0_drop0p1__wd1e-04trmiss40_trlocglobal,11,0.6878870129585266,0.7295924127101898,0.3134920634920635,0.42892164313634873,0.4222222222222222,0.0,0.0,0.0,0.0,0.0,0.0,0.0,0.0,0.0,,,,,18473,global,0.4
2,4,lr1e-05_bs32_modL1_fusion32_fusionL1_fusionBN0_drop0p1__wd1e-04trmiss40_trlocglobal,32,1e-05,0.0001,1,32,1,False,0.1,lr1e-05_bs32_modL1_fusion32_fusionL1_fusionBN0_drop0p1__wd1e-04trmiss40_trlocglobal,12,0.6827834149201711,0.7301897406578064,0.31547619047619047,0.43068344958565524,0.4222222222222222,0.0,0.0,0.0,0.0,0.0,0.0,0.0,0.0,0.0,,,,,18473,global,0.4
2,4,lr1e-05_bs32_modL1_fusion32_fusionL1_fusionBN0_drop0p1__wd1e-04trmiss40_trlocglobal,32,1e-05,0.0001,1,32,1,False,0.1,lr1e-05_bs32_modL1_fusion32_fusionL1_fusionBN0_drop0p1__wd1e-04trmiss40_trlocglobal,13,0.6777772506078085,0.7298767268657684,0.3134920634920635,0.42976769866990433,0.4222222222222222,0.0,0.0,0.0,0.0,0.0,0.0,0.0,0.0,0.0,,,,,18473,global,0.4
2,4,lr1e-05_bs32_modL1_fusion32_fusionL1_fusionBN0_drop0p1__wd1e-04trmiss40_trlocglobal,32,1e-05,0.0001,1,32,1,False,0.1,lr1e-05_bs32_modL1_fusion32_fusionL1_fusionBN0_drop0p1__wd1e-04trmiss40_trlocglobal,14,0.6869076987107595,0.7295556664466858,0.3134920634920635,0.42955753785119083,0.4222222222222222,0.0,0.0,0.0,0.0,0.0,0.0,0.0,0.0,0.0,,,,,18473,global,0.4
2,4,lr1e-05_bs32_modL1_fusion32_fusionL1_fusionBN0_drop0p1__wd1e-04trmiss40_trlocglobal,32,1e-05,0.0001,1,32,1,False,0.1,lr1e-05_bs32_modL1_fusion32_fusionL1_fusionBN0_drop0p1__wd1e-04trmiss40_trlocglobal,15,0.6795308391253153,0.7292488515377045,0.3134920634920635,0.4298303553115083,0.4222222222222222,0.0,0.0,0.0,0.0,0.0,0.0,0.0,0.0,0.0,,,,,18473,global,0.4
2,4,lr1e-05_bs32_modL1_fusion32_fusionL1_fusionBN0_drop0p1__wd1e-04trmiss40_trlocglobal,32,1e-05,0.0001,1,32,1,False,0.1,lr1e-05_bs32_modL1_fusion32_fusionL1_fusionBN0_drop0p1__wd1e-04trmiss40_trlocglobal,16,0.6721186538537344,0.7297801375389099,0.30952380952380953,0.42816864896230195,0.4222222222222222,0.0,0.0,0.0,0.0,0.0,0.0,0.0,0.0,0.0,,,,,18473,global,0.4
2,4,lr1e-05_bs32_modL1_fusion32_fusionL1_fusionBN0_drop0p1__wd1e-04trmiss40_trlocglobal,32,1e-05,0.0001,1,32,1,False,0.1,lr1e-05_bs32_modL1_fusion32_fusionL1_fusionBN0_drop0p1__wd1e-04trmiss40_trlocglobal,17,0.6835224231084188,0.72929847240448,0.30753968253968256,0.42884104755136726,0.4222222222222222,0.0,0.0,0.0,0.0,0.0,0.0,0.0,0.0,0.0,,,,,18473,global,0.4
2,4,lr1e-05_bs32_modL1_fusion32_fusionL1_fusionBN0_drop0p1__wd1e-04trmiss40_trlocglobal,32,1e-05,0.0001,1,32,1,False,0.1,lr1e-05_bs32_modL1_fusion32_fusionL1_fusionBN0_drop0p1__wd1e-04trmiss40_trlocglobal,18,0.6751238207022349,0.7293300926685333,0.3115079365079365,0.43025198229563527,0.4222222222222222,0.0,0.0,0.0,0.0,0.0,0.0,0.0,0.0,0.0,,,,,18473,global,0.4
2,4,lr1e-05_bs32_modL1_fusion32_fusionL1_fusionBN0_drop0p1__wd1e-04trmiss40_trlocglobal,32,1e-05,0.0001,1,32,1,False,0.1,lr1e-05_bs32_modL1_fusion32_fusionL1_fusionBN0_drop0p1__wd1e-04trmiss40_trlocglobal,19,0.675225963195165,0.7288004755973816,0.3134920634920635,0.43076985483846914,0.4222222222222222,0.0,0.0,0.0,0.0,0.0,0.0,0.0,0.0,0.0,,,,,18473,global,0.4
2,4,lr1e-05_bs32_modL1_fusion32_fusionL1_fusionBN0_drop0p1__wd1e-04trmiss40_trlocglobal,32,1e-05,0.0001,1,32,1,False,0.1,lr1e-05_bs32_modL1_fusion32_fusionL1_fusionBN0_drop0p1__wd1e-04trmiss40_trlocglobal,20,0.674212117989858,0.7289221584796906,0.3194444444444445,0.43449009293370716,0.4222222222222222,0.0,0.0,0.0,0.0,0.0,0.0,0.0,0.0,0.0,,,,,18473,global,0.4
2,4,lr1e-05_bs32_modL1_fusion32_fusionL1_fusionBN0_drop0p1__wd1e-04trmiss40_trlocglobal,32,1e-05,0.0001,1,32,1,False,0.1,lr1e-05_bs32_modL1_fusion32_fusionL1_fusionBN0_drop0p1__wd1e-04trmiss40_trlocglobal,21,0.6710041264692942,0.7291890382766724,0.31746031746031744,0.4340170056425732,0.4222222222222222,0.0,0.0,0.0,0.0,0.0,0.0,0.0,0.0,0.0,,,,,18473,global,0.4
2,4,lr1e-05_bs32_modL1_fusion32_fusionL1_fusionBN0_drop0p1__wd1e-04trmiss40_trlocglobal,32,1e-05,0.0001,1,32,1,False,0.1,lr1e-05_bs32_modL1_fusion32_fusionL1_fusionBN0_drop0p1__wd1e-04trmiss40_trlocglobal,22,0.6796679397424062,0.7291905283927917,0.3134920634920635,0.4316000666447518,0.4222222222222222,0.0,0.0,0.0,0.0,0.0,0.0,0.0,0.0,0.0,,,,,18473,global,0.4
2,4,lr1e-05_bs32_modL1_fusion32_fusionL1_fusionBN0_drop0p1__wd1e-04trmiss40_trlocglobal,32,1e-05,0.0001,1,32,1,False,0.1,lr1e-05_bs32_modL1_fusion32_fusionL1_fusionBN0_drop0p1__wd1e-04trmiss40_trlocglobal,23,0.6656229197978973,0.7290330529212952,0.3115079365079365,0.43214570156538673,0.4222222222222222,0.0,0.0,0.0,0.0,0.0,0.0,0.0,0.0,0.0,,,,,18473,global,0.4
2,4,lr1e-05_bs32_modL1_fusion32_fusionL1_fusionBN0_drop0p1__wd1e-04trmiss40_trlocglobal,32,1e-05,0.0001,1,32,1,False,0.1,lr1e-05_bs32_modL1_fusion32_fusionL1_fusionBN0_drop0p1__wd1e-04trmiss40_trlocglobal,24,0.6781602203845978,0.7283989489078522,0.31547619047619047,0.4325379027928563,0.4222222222222222,0.0,0.0,0.0,0.0,0.0,0.0,0.0,0.0,0.0,,,,,18473,global,0.4
2,4,lr1e-05_bs32_modL1_fusion32_fusionL1_fusionBN0_drop0p1__wd1e-04trmiss40_trlocglobal,32,1e-05,0.0001,1,32,1,False,0.1,lr1e-05_bs32_modL1_fusion32_fusionL1_fusionBN0_drop0p1__wd1e-04trmiss40_trlocglobal,25,0.6659805874029795,0.7283260822296143,0.32341269841269843,0.43736608914232045,0.4222222222222222,0.0,0.0,0.0,0.0,0.0,0.0,0.0,0.0,0.0,,,,,18473,global,0.4
2,4,lr1e-05_bs32_modL1_fusion32_fusionL1_fusionBN0_drop0p1__wd1e-04trmiss40_trlocglobal,32,1e-05,0.0001,1,32,1,False,0.1,lr1e-05_bs32_modL1_fusion32_fusionL1_fusionBN0_drop0p1__wd1e-04trmiss40_trlocglobal,26,0.6661118765672048,0.7280466556549072,0.3234126984126984,0.4371937833779094,0.4222222222222222,0.0,0.0,0.0,0.0,0.0,0.0,0.0,0.0,0.0,,,,,18473,global,0.4
2,4,lr1e-05_bs32_modL1_fusion32_fusionL1_fusionBN0_drop0p1__wd1e-04trmiss40_trlocglobal,32,1e-05,0.0001,1,32,1,False,0.1,lr1e-05_bs32_modL1_fusion32_fusionL1_fusionBN0_drop0p1__wd1e-04trmiss40_trlocglobal,27,0.6715358893076578,0.7274104654788971,0.3253968253968254,0.4379874341715602,0.4222222222222222,0.0,0.0,0.0,0.0,0.0,0.0,0.0,0.0,0.0,,,,,18473,global,0.4
2,4,lr1e-05_bs32_modL1_fusion32_fusionL1_fusionBN0_drop0p1__wd1e-04trmiss40_trlocglobal,32,1e-05,0.0001,1,32,1,False,0.1,lr1e-05_bs32_modL1_fusion32_fusionL1_fusionBN0_drop0p1__wd1e-04trmiss40_trlocglobal,28,0.6611735125382742,0.727951854467392,0.3194444444444445,0.43595731497190077,0.4222222222222222,0.0,0.0,0.0,0.0,0.0,0.0,0.0,0.0,0.0,,,,,18473,global,0.4
2,4,lr1e-05_bs32_modL1_fusion32_fusionL1_fusionBN0_drop0p1__wd1e-04trmiss40_trlocglobal,32,1e-05,0.0001,1,32,1,False,0.1,lr1e-05_bs32_modL1_fusion32_fusionL1_fusionBN0_drop0p1__wd1e-04trmiss40_trlocglobal,29,0.6639306247234344,0.7280590832233429,0.32738095238095244,0.43863182532184974,0.4222222222222222,0.0,0.0,0.0,0.0,0.0,0.0,0.0,0.0,0.0,,,,,18473,global,0.4
2,4,lr1e-05_bs32_modL1_fusion32_fusionL1_fusionBN0_drop0p1__wd1e-04trmiss40_trlocglobal,32,1e-05,0.0001,1,32,1,False,0.1,lr1e-05_bs32_modL1_fusion32_fusionL1_fusionBN0_drop0p1__wd1e-04trmiss40_trlocglobal,30,0.6650764842828115,0.7282209992408752,0.3293650793650794,0.43939571421073853,0.4222222222222222,0.0,0.0,0.0,0.0,0.0,0.0,0.0,0.0,0.0,,,,,18473,global,0.4
2,4,lr1e-05_bs32_modL1_fusion32_fusionL1_fusionBN0_drop0p1__wd1e-04trmiss40_trlocglobal,32,1e-05,0.0001,1,32,1,False,0.1,lr1e-05_bs32_modL1_fusion32_fusionL1_fusionBN0_drop0p1__wd1e-04trmiss40_trlocglobal,31,0.6652006506919861,0.7281253933906555,0.3293650793650794,0.4428458905775816,0.4222222222222222,0.0,0.0,0.0,0.0,0.0,0.0,0.0,0.0,0.0,,,,,18473,global,0.4
2,4,lr1e-05_bs32_modL1_fusion32_fusionL1_fusionBN0_drop0p1__wd1e-04trmiss40_trlocglobal,32,1e-05,0.0001,1,32,1,False,0.1,lr1e-05_bs32_modL1_fusion32_fusionL1_fusionBN0_drop0p1__wd1e-04trmiss40_trlocglobal,32,0.6584357420603434,0.7281950414180756,0.33134920634920634,0.4411335122314313,0.4222222222222222,0.0,0.0,0.0,0.0,0.0,0.0,0.0,0.0,0.0,,,,,18473,global,0.4
2,4,lr1e-05_bs32_modL1_fusion32_fusionL1_fusionBN0_drop0p1__wd1e-04trmiss40_trlocglobal,32,1e-05,0.0001,1,32,1,False,0.1,lr1e-05_bs32_modL1_fusion32_fusionL1_fusionBN0_drop0p1__wd1e-04trmiss40_trlocglobal,33,0.6544090608755747,0.7279891073703766,0.33134920634920634,0.44480414715206623,0.4222222222222222,0.0,0.0,0.0,0.0,0.0,0.0,0.0,0.0,0.0,,,,,18473,global,0.4
2,4,lr1e-05_bs32_modL1_fusion32_fusionL1_fusionBN0_drop0p1__wd1e-04trmiss40_trlocglobal,32,1e-05,0.0001,1,32,1,False,0.1,lr1e-05_bs32_modL1_fusion32_fusionL1_fusionBN0_drop0p1__wd1e-04trmiss40_trlocglobal,34,0.664253701766332,0.727683037519455,0.33134920634920634,0.4447694979492379,0.4222222222222222,0.0,0.0,0.0,0.0,0.0,0.0,0.0,0.0,0.0,,,,,18473,global,0.4
2,4,lr1e-05_bs32_modL1_fusion32_fusionL1_fusionBN0_drop0p1__wd1e-04trmiss40_trlocglobal,32,1e-05,0.0001,1,32,1,False,0.1,lr1e-05_bs32_modL1_fusion32_fusionL1_fusionBN0_drop0p1__wd1e-04trmiss40_trlocglobal,35,0.6482497354348501,0.7272099554538727,0.3333333333333333,0.44557359151648945,0.4222222222222222,0.0,0.0,0.0,0.0,0.0,0.0,0.0,0.0,0.0,,,,,18473,global,0.4
2,4,lr1e-05_bs32_modL1_fusion32_fusionL1_fusionBN0_drop0p1__wd1e-04trmiss40_trlocglobal,32,1e-05,0.0001,1,32,1,False,0.1,lr1e-05_bs32_modL1_fusion32_fusionL1_fusionBN0_drop0p1__wd1e-04trmiss40_trlocglobal,36,0.651434858640035,0.7274573743343353,0.3333333333333333,0.44557359151648945,0.4222222222222222,0.0,0.0,0.0,0.0,0.0,0.0,0.0,0.0,0.0,,,,,18473,global,0.4
2,4,lr1e-05_bs32_modL1_fusion32_fusionL1_fusionBN0_drop0p1__wd1e-04trmiss40_trlocglobal,32,1e-05,0.0001,1,32,1,False,0.1,lr1e-05_bs32_modL1_fusion32_fusionL1_fusionBN0_drop0p1__wd1e-04trmiss40_trlocglobal,37,0.6582523286342621,0.7279067933559418,0.33134920634920634,0.4438374804053783,0.4222222222222222,0.0,0.0,0.0,0.0,0.0,0.0,0.0,0.0,0.0,,,,,18473,global,0.4
2,4,lr1e-05_bs32_modL1_fusion32_fusionL1_fusionBN0_drop0p1__wd1e-04trmiss40_trlocglobal,32,1e-05,0.0001,1,32,1,False,0.1,lr1e-05_bs32_modL1_fusion32_fusionL1_fusionBN0_drop0p1__wd1e-04trmiss40_trlocglobal,38,0.6567060550053915,0.7285374999046326,0.3353174603174603,0.44512716294506083,0.4222222222222222,0.0,0.0,0.0,0.0,0.0,0.0,0.0,0.0,0.0,,,,,18473,global,0.4
2,4,lr1e-05_bs32_modL1_fusion32_fusionL1_fusionBN0_drop0p1__wd1e-04trmiss40_trlocglobal,32,1e-05,0.0001,1,32,1,False,0.1,lr1e-05_bs32_modL1_fusion32_fusionL1_fusionBN0_drop0p1__wd1e-04trmiss40_trlocglobal,39,0.6554130415121714,0.7287067770957947,0.33531746031746035,0.4451619651724035,0.4222222222222222,0.0,0.0,0.0,0.0,0.0,0.0,0.0,0.0,0.0,,,,,18473,global,0.4
2,4,lr1e-05_bs32_modL1_fusion32_fusionL1_fusionBN0_drop0p1__wd1e-04trmiss40_trlocglobal,32,1e-05,0.0001,1,32,1,False,0.1,lr1e-05_bs32_modL1_fusion32_fusionL1_fusionBN0_drop0p1__wd1e-04trmiss40_trlocglobal,40,0.6451091766357422,0.7279996573925018,0.33531746031746035,0.4451619651724035,0.4222222222222222,0.0,0.0,0.0,0.0,0.0,0.0,0.0,0.0,0.0,,,,,18473,global,0.4
2,4,lr1e-05_bs32_modL1_fusion32_fusionL1_fusionBN0_drop0p1__wd1e-04trmiss40_trlocglobal,32,1e-05,0.0001,1,32,1,False,0.1,lr1e-05_bs32_modL1_fusion32_fusionL1_fusionBN0_drop0p1__wd1e-04trmiss40_trlocglobal,41,0.65153968334198,0.7279509603977203,0.33531746031746035,0.4451619651724035,0.4222222222222222,0.0,0.0,0.0,0.0,0.0,0.0,0.0,0.0,0.0,,,,,18473,global,0.4
2,4,lr1e-05_bs32_modL1_fusion32_fusionL1_fusionBN0_drop0p1__wd1e-04trmiss40_trlocglobal,32,1e-05,0.0001,1,32,1,False,0.1,lr1e-05_bs32_modL1_fusion32_fusionL1_fusionBN0_drop0p1__wd1e-04trmiss40_trlocglobal,42,0.6483065088589987,0.7281257510185242,0.3373015873015873,0.44575720326764157,0.4222222222222222,0.0,0.0,0.0,0.0,0.0,0.0,0.0,0.0,0.0,,,,,18473,global,0.4
2,4,lr1e-05_bs32_modL1_fusion32_fusionL1_fusionBN0_drop0p1__wd1e-04trmiss40_trlocglobal,32,1e-05,0.0001,1,32,1,False,0.1,lr1e-05_bs32_modL1_fusion32_fusionL1_fusionBN0_drop0p1__wd1e-04trmiss40_trlocglobal,43,0.6483823160330454,0.7282107472419739,0.3373015873015873,0.44575720326764157,0.4222222222222222,0.0,0.0,0.0,0.0,0.0,0.0,0.0,0.0,0.0,,,,,18473,global,0.4
2,4,lr1e-05_bs32_modL1_fusion32_fusionL1_fusionBN0_drop0p1__wd1e-04trmiss40_trlocglobal,32,1e-05,0.0001,1,32,1,False,0.1,lr1e-05_bs32_modL1_fusion32_fusionL1_fusionBN0_drop0p1__wd1e-04trmiss40_trlocglobal,44,0.6486481726169586,0.7281101644039154,0.3333333333333333,0.4443903602341318,0.4222222222222222,0.0,0.0,0.0,0.0,0.0,0.0,0.0,0.0,0.0,,,,,18473,global,0.4
2,4,lr1e-05_bs32_modL1_fusion32_fusionL1_fusionBN0_drop0p1__wd1e-04trmiss40_trlocglobal,32,1e-05,0.0001,1,32,1,False,0.1,lr1e-05_bs32_modL1_fusion32_fusionL1_fusionBN0_drop0p1__wd1e-04trmiss40_trlocglobal,45,0.6437471608320872,0.727579653263092,0.33134920634920634,0.4430014713452429,0.4222222222222222,0.0,0.0,0.0,0.0,0.0,0.0,0.0,0.0,0.0,,,,,18473,global,0.4
2,4,lr1e-05_bs32_modL1_fusion32_fusionL1_fusionBN0_drop0p1__wd1e-04trmiss40_trlocglobal,32,1e-05,0.0001,1,32,1,False,0.1,lr1e-05_bs32_modL1_fusion32_fusionL1_fusionBN0_drop0p1__wd1e-04trmiss40_trlocglobal,46,0.6505218048890432,0.7275915145874023,0.3333333333333333,0.4443903602341318,0.4222222222222222,0.0,0.0,0.0,0.0,0.0,0.0,0.0,0.0,0.0,,,,,18473,global,0.4
2,4,lr1e-05_bs32_modL1_fusion32_fusionL1_fusionBN0_drop0p1__wd1e-04trmiss40_trlocglobal,32,1e-05,0.0001,1,32,1,False,0.1,lr1e-05_bs32_modL1_fusion32_fusionL1_fusionBN0_drop0p1__wd1e-04trmiss40_trlocglobal,47,0.6391773919264475,0.7277662754058838,0.33134920634920634,0.4430014713452429,0.4222222222222222,0.0,0.0,0.0,0.0,0.0,0.0,0.0,0.0,0.0,,,,,18473,global,0.4
2,4,lr1e-05_bs32_modL1_fusion32_fusionL1_fusionBN0_drop0p1__wd1e-04trmiss40_trlocglobal,32,1e-05,0.0001,1,32,1,False,0.1,lr1e-05_bs32_modL1_fusion32_fusionL1_fusionBN0_drop0p1__wd1e-04trmiss40_trlocglobal,48,0.6412485539913177,0.7278730869293213,0.33333333333333337,0.44377307628351453,0.4444444444444444,0.0,0.0,0.0,0.0,0.0,0.0,0.0,0.0,0.0,,,,,18473,global,0.4
2,4,lr1e-05_bs32_modL1_fusion32_fusionL1_fusionBN0_drop0p1__wd1e-04trmiss40_trlocglobal,32,1e-05,0.0001,1,32,1,False,0.1,lr1e-05_bs32_modL1_fusion32_fusionL1_fusionBN0_drop0p1__wd1e-04trmiss40_trlocglobal,49,0.6452481547991434,0.7279927134513855,0.33531746031746035,0.4443683143787527,0.4444444444444444,0.0,0.0,0.0,0.0,0.0,0.0,0.0,0.0,0.0,,,,,18473,global,0.4
2,4,lr1e-05_bs32_modL1_fusion32_fusionL1_fusionBN0_drop0p1__wd1e-04trmiss40_trlocglobal,32,1e-05,0.0001,1,32,1,False,0.1,lr1e-05_bs32_modL1_fusion32_fusionL1_fusionBN0_drop0p1__wd1e-04trmiss40_trlocglobal,50,0.6472560067971548,0.7279209196567535,0.33730158730158727,0.44503881246304383,0.4222222222222222,0.0,0.0,0.0,0.0,0.0,0.0,0.0,0.0,0.0,,,,,18473,global,0.4
2,4,lr1e-05_bs32_modL1_fusion32_fusionL1_fusionBN0_drop0p1__wd1e-04trmiss40_trlocglobal,32,1e-05,0.0001,1,32,1,False,0.1,lr1e-05_bs32_modL1_fusion32_fusionL1_fusionBN0_drop0p1__wd1e-04trmiss40_trlocglobal,51,0.6481118599573771,0.7282120585441589,0.3373015873015873,0.4458866841442488,0.4222222222222222,0.0,0.0,0.0,0.0,0.0,0.0,0.0,0.0,0.0,,,,,18473,global,0.4
2,4,lr1e-05_bs32_modL1_fusion32_fusionL1_fusionBN0_drop0p1__wd1e-04trmiss40_trlocglobal,32,1e-05,0.0001,1,32,1,False,0.1,lr1e-05_bs32_modL1_fusion32_fusionL1_fusionBN0_drop0p1__wd1e-04trmiss40_trlocglobal,52,0.6469517648220062,0.7280279994010925,0.3412698412698413,0.44757403999827133,0.4222222222222222,0.0,0.0,0.0,0.0,0.0,0.0,0.0,0.0,0.0,,,,,18473,global,0.4
2,4,lr1e-05_bs32_modL1_fusion32_fusionL1_fusionBN0_drop0p1__wd1e-04trmiss40_trlocglobal,32,1e-05,0.0001,1,32,1,False,0.1,lr1e-05_bs32_modL1_fusion32_fusionL1_fusionBN0_drop0p1__wd1e-04trmiss40_trlocglobal,53,0.6404625674088796,0.7272566258907318,0.3392857142857143,0.4463281394244138,0.4222222222222222,0.0,0.0,0.0,0.0,0.0,0.0,0.0,0.0,0.0,,,,,18473,global,0.4
2,4,lr1e-05_bs32_modL1_fusion32_fusionL1_fusionBN0_drop0p1__wd1e-04trmiss40_trlocglobal,32,1e-05,0.0001,1,32,1,False,0.1,lr1e-05_bs32_modL1_fusion32_fusionL1_fusionBN0_drop0p1__wd1e-04trmiss40_trlocglobal,54,0.6427629292011261,0.726993054151535,0.33730158730158727,0.44576507636135076,0.4222222222222222,0.0,0.0,0.0,0.0,0.0,0.0,0.0,0.0,0.0,,,,,18473,global,0.4
2,4,lr1e-05_bs32_modL1_fusion32_fusionL1_fusionBN0_drop0p1__wd1e-04trmiss40_trlocglobal,32,1e-05,0.0001,1,32,1,False,0.1,lr1e-05_bs32_modL1_fusion32_fusionL1_fusionBN0_drop0p1__wd1e-04trmiss40_trlocglobal,55,0.6400137344996134,0.7269970774650574,0.3392857142857143,0.44649883270172475,0.4444444444444444,0.0,0.0,0.0,0.0,0.0,0.0,0.0,0.0,0.0,,,,,18473,global,0.4
2,4,lr1e-05_bs32_modL1_fusion32_fusionL1_fusionBN0_drop0p1__wd1e-04trmiss40_trlocglobal,32,1e-05,0.0001,1,32,1,False,0.1,lr1e-05_bs32_modL1_fusion32_fusionL1_fusionBN0_drop0p1__wd1e-04trmiss40_trlocglobal,56,0.6421078443527222,0.7272746860980988,0.3373015873015873,0.44596348905976346,0.4666666666666667,0.0,0.0,0.0,0.0,0.0,0.0,0.0,0.0,0.0,,,,,18473,global,0.4
2,4,lr1e-05_bs32_modL1_fusion32_fusionL1_fusionBN0_drop0p1__wd1e-04trmiss40_trlocglobal,32,1e-05,0.0001,1,32,1,False,0.1,lr1e-05_bs32_modL1_fusion32_fusionL1_fusionBN0_drop0p1__wd1e-04trmiss40_trlocglobal,57,0.6363904575506846,0.7273013591766357,0.3313492063492064,0.44367553848376934,0.4666666666666667,0.0,0.0,0.0,0.0,0.0,0.0,0.0,0.0,0.0,,,,,18473,global,0.4
2,4,lr1e-05_bs32_modL1_fusion32_fusionL1_fusionBN0_drop0p1__wd1e-04trmiss40_trlocglobal,32,1e-05,0.0001,1,32,1,False,0.1,lr1e-05_bs32_modL1_fusion32_fusionL1_fusionBN0_drop0p1__wd1e-04trmiss40_trlocglobal,58,0.64140056570371,0.7264646291732788,0.3412698412698413,0.4471781227743971,0.4666666666666667,0.0,0.0,0.0,0.0,0.0,0.0,0.0,0.0,0.0,,,,,18473,global,0.4
2,4,lr1e-05_bs32_modL1_fusion32_fusionL1_fusionBN0_drop0p1__wd1e-04trmiss40_trlocglobal,32,1e-05,0.0001,1,32,1,False,0.1,lr1e-05_bs32_modL1_fusion32_fusionL1_fusionBN0_drop0p1__wd1e-04trmiss40_trlocglobal,59,0.6370752155780792,0.7263982594013214,0.3392857142857143,0.44667084967190507,0.4666666666666667,0.0,0.0,0.0,0.0,0.0,0.0,0.0,0.0,0.0,,,,,18473,global,0.4
2,4,lr1e-05_bs32_modL1_fusion32_fusionL1_fusionBN0_drop0p1__wd1e-04trmiss40_trlocglobal,32,1e-05,0.0001,1,32,1,False,0.1,lr1e-05_bs32_modL1_fusion32_fusionL1_fusionBN0_drop0p1__wd1e-04trmiss40_trlocglobal,60,0.6360900898774465,0.7266452014446259,0.3373015873015873,0.4461120516899437,0.4666666666666667,0.0,0.0,0.0,0.0,0.0,0.0,0.0,0.0,0.0,,,,,18473,global,0.4
2,4,lr1e-05_bs32_modL1_fusion32_fusionL1_fusionBN0_drop0p1__wd1e-04trmiss40_trlocglobal,32,1e-05,0.0001,1,32,1,False,0.1,lr1e-05_bs32_modL1_fusion32_fusionL1_fusionBN0_drop0p1__wd1e-04trmiss40_trlocglobal,61,0.634319802125295,0.7270477712154388,0.3392857142857143,0.44670524730152167,0.4444444444444444,0.0,0.0,0.0,0.0,0.0,0.0,0.0,0.0,0.0,,,,,18473,global,0.4
2,4,lr1e-05_bs32_modL1_fusion32_fusionL1_fusionBN0_drop0p1__wd1e-04trmiss40_trlocglobal,32,1e-05,0.0001,1,32,1,False,0.1,lr1e-05_bs32_modL1_fusion32_fusionL1_fusionBN0_drop0p1__wd1e-04trmiss40_trlocglobal,62,0.6432282229264578,0.7267763316631317,0.34325396825396826,0.4479559716588637,0.4666666666666667,0.0,0.0,0.0,0.0,0.0,0.0,0.0,0.0,0.0,,,,,18473,global,0.4
2,4,lr1e-05_bs32_modL1_fusion32_fusionL1_fusionBN0_drop0p1__wd1e-04trmiss40_trlocglobal,32,1e-05,0.0001,1,32,1,False,0.1,lr1e-05_bs32_modL1_fusion32_fusionL1_fusionBN0_drop0p1__wd1e-04trmiss40_trlocglobal,63,0.6348334650198618,0.7271340489387512,0.34325396825396826,0.4479559716588637,0.4666666666666667,0.0,0.0,0.0,0.0,0.0,0.0,0.0,0.0,0.0,,,,,18473,global,0.4
2,4,lr1e-05_bs32_modL1_fusion32_fusionL1_fusionBN0_drop0p1__wd1e-04trmiss40_trlocglobal,32,1e-05,0.0001,1,32,1,False,0.1,lr1e-05_bs32_modL1_fusion32_fusionL1_fusionBN0_drop0p1__wd1e-04trmiss40_trlocglobal,64,0.6408952275911967,0.727314293384552,0.34325396825396826,0.4479559716588637,0.4444444444444444,0.0,0.0,0.0,0.0,0.0,0.0,0.0,0.0,0.0,,,,,18473,global,0.4
2,4,lr1e-05_bs32_modL1_fusion32_fusionL1_fusionBN0_drop0p1__wd1e-04trmiss40_trlocglobal,32,1e-05,0.0001,1,32,1,False,0.1,lr1e-05_bs32_modL1_fusion32_fusionL1_fusionBN0_drop0p1__wd1e-04trmiss40_trlocglobal,65,0.6422009666760763,0.7265638113021851,0.34325396825396826,0.44766737137026336,0.4444444444444444,0.0,0.0,0.0,0.0,0.0,0.0,0.0,0.0,0.0,,,,,18473,global,0.4
2,4,lr1e-05_bs32_modL1_fusion32_fusionL1_fusionBN0_drop0p1__wd1e-04trmiss40_trlocglobal,32,1e-05,0.0001,1,32,1,False,0.1,lr1e-05_bs32_modL1_fusion32_fusionL1_fusionBN0_drop0p1__wd1e-04trmiss40_trlocglobal,66,0.6341081957022349,0.7266748547554016,0.34325396825396826,0.44769509079136516,0.4666666666666667,0.0,0.0,0.0,0.0,0.0,0.0,0.0,0.0,0.0,,,,,18473,global,0.4
2,4,lr1e-05_bs32_modL1_fusion32_fusionL1_fusionBN0_drop0p1__wd1e-04trmiss40_trlocglobal,32,1e-05,0.0001,1,32,1,False,0.1,lr1e-05_bs32_modL1_fusion32_fusionL1_fusionBN0_drop0p1__wd1e-04trmiss40_trlocglobal,67,0.6424692670504252,0.7266995310783386,0.33531746031746035,0.4450367079515565,0.4666666666666667,0.0,0.0,0.0,0.0,0.0,0.0,0.0,0.0,0.0,,,,,18473,global,0.4
2,4,lr1e-05_bs32_modL1_fusion32_fusionL1_fusionBN0_drop0p1__wd1e-04trmiss40_trlocglobal,32,1e-05,0.0001,1,32,1,False,0.1,lr1e-05_bs32_modL1_fusion32_fusionL1_fusionBN0_drop0p1__wd1e-04trmiss40_trlocglobal,68,0.6360592146714529,0.7272295653820038,0.3412698412698413,0.4471867408896329,0.4666666666666667,0.0,0.0,0.0,0.0,0.0,0.0,0.0,0.0,0.0,,,,,18473,global,0.4
2,4,lr1e-05_bs32_modL1_fusion32_fusionL1_fusionBN0_drop0p1__wd1e-04trmiss40_trlocglobal,32,1e-05,0.0001,1,32,1,False,0.1,lr1e-05_bs32_modL1_fusion32_fusionL1_fusionBN0_drop0p1__wd1e-04trmiss40_trlocglobal,69,0.6464893917242686,0.7274127304553986,0.3412698412698413,0.4471867408896329,0.4666666666666667,0.0,0.0,0.0,0.0,0.0,0.0,0.0,0.0,0.0,,,,,18473,global,0.4
2,4,lr1e-05_bs32_modL1_fusion32_fusionL1_fusionBN0_drop0p1__wd1e-04trmiss40_trlocglobal,32,1e-05,0.0001,1,32,1,False,0.1,lr1e-05_bs32_modL1_fusion32_fusionL1_fusionBN0_drop0p1__wd1e-04trmiss40_trlocglobal,70,0.6386802792549133,0.7269894480705261,0.3392857142857143,0.4466188645455469,0.4666666666666667,0.0,0.0,0.0,0.0,0.0,0.0,0.0,0.0,0.0,,,,,18473,global,0.4
2,4,lr1e-05_bs32_modL1_fusion32_fusionL1_fusionBN0_drop0p1__wd1e-04trmiss40_trlocglobal,32,1e-05,0.0001,1,32,1,False,0.1,lr1e-05_bs32_modL1_fusion32_fusionL1_fusionBN0_drop0p1__wd1e-04trmiss40_trlocglobal,71,0.6380819976329803,0.7259576916694641,0.3412698412698413,0.4475770036286859,0.4666666666666667,0.0,0.0,0.0,0.0,0.0,0.0,0.0,0.0,0.0,,,,,18473,global,0.4
2,4,lr1e-05_bs32_modL1_fusion32_fusionL1_fusionBN0_drop0p1__wd1e-04trmiss40_trlocglobal,32,1e-05,0.0001,1,32,1,False,0.1,lr1e-05_bs32_modL1_fusion32_fusionL1_fusionBN0_drop0p1__wd1e-04trmiss40_trlocglobal,72,0.6429436306158701,0.7264750003814697,0.34523809523809523,0.4486827775327284,0.4666666666666667,0.0,0.0,0.0,0.0,0.0,0.0,0.0,0.0,0.0,,,,,18473,global,0.4
2,4,lr1e-05_bs32_modL1_fusion32_fusionL1_fusionBN0_drop0p1__wd1e-04trmiss40_trlocglobal,32,1e-05,0.0001,1,32,1,False,0.1,lr1e-05_bs32_modL1_fusion32_fusionL1_fusionBN0_drop0p1__wd1e-04trmiss40_trlocglobal,73,0.6409651140371958,0.7262265682220459,0.34523809523809523,0.44846102216391415,0.4666666666666667,0.0,0.0,0.0,0.0,0.0,0.0,0.0,0.0,0.0,,,,,18473,global,0.4
2,4,lr1e-05_bs32_modL1_fusion32_fusionL1_fusionBN0_drop0p1__wd1e-04trmiss40_trlocglobal,32,1e-05,0.0001,1,32,1,False,0.1,lr1e-05_bs32_modL1_fusion32_fusionL1_fusionBN0_drop0p1__wd1e-04trmiss40_trlocglobal,74,0.6370142698287964,0.7269443571567535,0.34523809523809523,0.44883331675999905,0.4666666666666667,0.0,0.0,0.0,0.0,0.0,0.0,0.0,0.0,0.0,,,,,18473,global,0.4
2,4,lr1e-05_bs32_modL1_fusion32_fusionL1_fusionBN0_drop0p1__wd1e-04trmiss40_trlocglobal,32,1e-05,0.0001,1,32,1,False,0.1,lr1e-05_bs32_modL1_fusion32_fusionL1_fusionBN0_drop0p1__wd1e-04trmiss40_trlocglobal,75,0.6295021871725718,0.7264527976512909,0.3392857142857143,0.44617307158792013,0.4666666666666667,0.0,0.0,0.0,0.0,0.0,0.0,0.0,0.0,0.0,,,,,18473,global,0.4
2,4,lr1e-05_bs32_modL1_fusion32_fusionL1_fusionBN0_drop0p1__wd1e-04trmiss40_trlocglobal,32,1e-05,0.0001,1,32,1,False,0.1,lr1e-05_bs32_modL1_fusion32_fusionL1_fusionBN0_drop0p1__wd1e-04trmiss40_trlocglobal,76,0.6374654670556387,0.7268964350223541,0.3412698412698413,0.44704112714347566,0.4666666666666667,0.0,0.0,0.0,0.0,0.0,0.0,0.0,0.0,0.0,,,,,18473,global,0.4
2,4,lr1e-05_bs32_modL1_fusion32_fusionL1_fusionBN0_drop0p1__wd1e-04trmiss40_trlocglobal,32,1e-05,0.0001,1,32,1,False,0.1,lr1e-05_bs32_modL1_fusion32_fusionL1_fusionBN0_drop0p1__wd1e-04trmiss40_trlocglobal,77,0.6348739961783091,0.7258847951889038,0.3412698412698413,0.4470149801790791,0.4666666666666667,0.0,0.0,0.0,0.0,0.0,0.0,0.0,0.0,0.0,,,,,18473,global,0.4
2,4,lr1e-05_bs32_modL1_fusion32_fusionL1_fusionBN0_drop0p1__wd1e-04trmiss40_trlocglobal,32,1e-05,0.0001,1,32,1,False,0.1,lr1e-05_bs32_modL1_fusion32_fusionL1_fusionBN0_drop0p1__wd1e-04trmiss40_trlocglobal,78,0.639184961716334,0.7258823812007904,0.34325396825396826,0.44752277552383096,0.4666666666666667,0.0,0.0,0.0,0.0,0.0,0.0,0.0,0.0,0.0,,,,,18473,global,0.4
2,4,lr1e-05_bs32_modL1_fusion32_fusionL1_fusionBN0_drop0p1__wd1e-04trmiss40_trlocglobal,32,1e-05,0.0001,1,32,1,False,0.1,lr1e-05_bs32_modL1_fusion32_fusionL1_fusionBN0_drop0p1__wd1e-04trmiss40_trlocglobal,79,0.6395648022492727,0.7256819605827332,0.3492063492063492,0.4501002327887882,0.4666666666666667,0.0,0.0,0.0,0.0,0.0,0.0,0.0,0.0,0.0,,,,,18473,global,0.4
2,4,lr1e-05_bs32_modL1_fusion32_fusionL1_fusionBN0_drop0p1__wd1e-04trmiss40_trlocglobal,32,1e-05,0.0001,1,32,1,False,0.1,lr1e-05_bs32_modL1_fusion32_fusionL1_fusionBN0_drop0p1__wd1e-04trmiss40_trlocglobal,80,0.6313943266868591,0.7262220978736877,0.34523809523809523,0.4485881911905397,0.4666666666666667,0.0,0.0,0.0,0.0,0.0,0.0,0.0,0.0,0.0,,,,,18473,global,0.4
2,5,lr1e-04_bs32_modL1_fusion16_fusionL1_fusionBN0_drop0p2__wd1e-04trmiss40_trlocglobal,32,0.0001,0.0001,1,16,1,False,0.2,lr1e-04_bs32_modL1_fusion16_fusionL1_fusionBN0_drop0p2__wd1e-04trmiss40_trlocglobal,1,0.6769616305828094,0.6846989393234253,0.626984126984127,0.7194922773233012,0.6222222222222222,0.0,0.0,0.0,0.0,0.0,0.0,0.0,0.0,0.0,,,,,18473,global,0.4
2,5,lr1e-04_bs32_modL1_fusion16_fusionL1_fusionBN0_drop0p2__wd1e-04trmiss40_trlocglobal,32,0.0001,0.0001,1,16,1,False,0.2,lr1e-04_bs32_modL1_fusion16_fusionL1_fusionBN0_drop0p2__wd1e-04trmiss40_trlocglobal,2,0.6609820822874705,0.6856251657009125,0.628968253968254,0.7482902961667228,0.5777777777777777,0.0,0.0,0.0,0.0,0.0,0.0,0.0,0.0,0.0,,,,,18473,global,0.4
2,5,lr1e-04_bs32_modL1_fusion16_fusionL1_fusionBN0_drop0p2__wd1e-04trmiss40_trlocglobal,32,0.0001,0.0001,1,16,1,False,0.2,lr1e-04_bs32_modL1_fusion16_fusionL1_fusionBN0_drop0p2__wd1e-04trmiss40_trlocglobal,3,0.666680266459783,0.6852073967456818,0.6408730158730158,0.7598983622764437,0.6222222222222222,0.0,0.0,0.0,0.0,0.0,0.0,0.0,0.0,0.0,,,,,18473,global,0.4
2,5,lr1e-04_bs32_modL1_fusion16_fusionL1_fusionBN0_drop0p2__wd1e-04trmiss40_trlocglobal,32,0.0001,0.0001,1,16,1,False,0.2,lr1e-04_bs32_modL1_fusion16_fusionL1_fusionBN0_drop0p2__wd1e-04trmiss40_trlocglobal,4,0.6436943014462789,0.6837709546089172,0.6547619047619048,0.7584433591588402,0.6,0.0,0.0,0.0,0.0,0.0,0.0,0.0,0.0,0.0,,,,,18473,global,0.4
2,5,lr1e-04_bs32_modL1_fusion16_fusionL1_fusionBN0_drop0p2__wd1e-04trmiss40_trlocglobal,32,0.0001,0.0001,1,16,1,False,0.2,lr1e-04_bs32_modL1_fusion16_fusionL1_fusionBN0_drop0p2__wd1e-04trmiss40_trlocglobal,5,0.6332185665766398,0.6844770014286041,0.623015873015873,0.7300914773657496,0.5555555555555556,0.0,0.0,0.0,0.0,0.0,0.0,0.0,0.0,0.0,,,,,18473,global,0.4
2,5,lr1e-04_bs32_modL1_fusion16_fusionL1_fusionBN0_drop0p2__wd1e-04trmiss40_trlocglobal,32,0.0001,0.0001,1,16,1,False,0.2,lr1e-04_bs32_modL1_fusion16_fusionL1_fusionBN0_drop0p2__wd1e-04trmiss40_trlocglobal,6,0.6326853930950165,0.6851390898227692,0.6170634920634921,0.7185617405732332,0.5555555555555556,0.0,0.0,0.0,0.0,0.0,0.0,0.0,0.0,0.0,,,,,18473,global,0.4
2,5,lr1e-04_bs32_modL1_fusion16_fusionL1_fusionBN0_drop0p2__wd1e-04trmiss40_trlocglobal,32,0.0001,0.0001,1,16,1,False,0.2,lr1e-04_bs32_modL1_fusion16_fusionL1_fusionBN0_drop0p2__wd1e-04trmiss40_trlocglobal,7,0.6268832484881083,0.6856762170791626,0.6111111111111112,0.7016393245829078,0.5777777777777777,0.0,0.0,0.0,0.0,0.0,0.0,0.0,0.0,0.0,,,,,18473,global,0.4
2,5,lr1e-04_bs32_modL1_fusion16_fusionL1_fusionBN0_drop0p2__wd1e-04trmiss40_trlocglobal,32,0.0001,0.0001,1,16,1,False,0.2,lr1e-04_bs32_modL1_fusion16_fusionL1_fusionBN0_drop0p2__wd1e-04trmiss40_trlocglobal,8,0.6238216161727905,0.6843757927417755,0.6111111111111112,0.7039342017136662,0.5333333333333333,0.0,0.0,0.0,0.0,0.0,0.0,0.0,0.0,0.0,,,,,18473,global,0.4
2,5,lr1e-04_bs32_modL1_fusion16_fusionL1_fusionBN0_drop0p2__wd1e-04trmiss40_trlocglobal,32,0.0001,0.0001,1,16,1,False,0.2,lr1e-04_bs32_modL1_fusion16_fusionL1_fusionBN0_drop0p2__wd1e-04trmiss40_trlocglobal,9,0.6097272336483002,0.68211230635643,0.621031746031746,0.712423579061066,0.5777777777777777,0.0,0.0,0.0,0.0,0.0,0.0,0.0,0.0,0.0,,,,,18473,global,0.4
2,5,lr1e-04_bs32_modL1_fusion16_fusionL1_fusionBN0_drop0p2__wd1e-04trmiss40_trlocglobal,32,0.0001,0.0001,1,16,1,False,0.2,lr1e-04_bs32_modL1_fusion16_fusionL1_fusionBN0_drop0p2__wd1e-04trmiss40_trlocglobal,10,0.6034961442152659,0.6814832389354706,0.6111111111111112,0.7138036212563819,0.5555555555555556,0.0,0.0,0.0,0.0,0.0,0.0,0.0,0.0,0.0,,,,,18473,global,0.4
2,5,lr1e-04_bs32_modL1_fusion16_fusionL1_fusionBN0_drop0p2__wd1e-04trmiss40_trlocglobal,32,0.0001,0.0001,1,16,1,False,0.2,lr1e-04_bs32_modL1_fusion16_fusionL1_fusionBN0_drop0p2__wd1e-04trmiss40_trlocglobal,11,0.6050386726856232,0.6807424128055573,0.6091269841269842,0.686582987348778,0.5555555555555556,0.0,0.0,0.0,0.0,0.0,0.0,0.0,0.0,0.0,,,,,18473,global,0.4
2,5,lr1e-04_bs32_modL1_fusion16_fusionL1_fusionBN0_drop0p2__wd1e-04trmiss40_trlocglobal,32,0.0001,0.0001,1,16,1,False,0.2,lr1e-04_bs32_modL1_fusion16_fusionL1_fusionBN0_drop0p2__wd1e-04trmiss40_trlocglobal,12,0.5914773941040039,0.6813844740390778,0.6051587301587302,0.6713177476606357,0.5333333333333333,0.0,0.0,0.0,0.0,0.0,0.0,0.0,0.0,0.0,,,,,18473,global,0.4
2,5,lr1e-04_bs32_modL1_fusion16_fusionL1_fusionBN0_drop0p2__wd1e-04trmiss40_trlocglobal,32,0.0001,0.0001,1,16,1,False,0.2,lr1e-04_bs32_modL1_fusion16_fusionL1_fusionBN0_drop0p2__wd1e-04trmiss40_trlocglobal,13,0.5929885804653168,0.6828175783157349,0.5952380952380952,0.6634653144985462,0.5333333333333333,0.0,0.0,0.0,0.0,0.0,0.0,0.0,0.0,0.0,,,,,18473,global,0.4
2,5,lr1e-04_bs32_modL1_fusion16_fusionL1_fusionBN0_drop0p2__wd1e-04trmiss40_trlocglobal,32,0.0001,0.0001,1,16,1,False,0.2,lr1e-04_bs32_modL1_fusion16_fusionL1_fusionBN0_drop0p2__wd1e-04trmiss40_trlocglobal,14,0.5872100790341696,0.6806654334068298,0.6011904761904763,0.6865221330049261,0.5555555555555556,0.0,0.0,0.0,0.0,0.0,0.0,0.0,0.0,0.0,,,,,18473,global,0.4
2,5,lr1e-04_bs32_modL1_fusion16_fusionL1_fusionBN0_drop0p2__wd1e-04trmiss40_trlocglobal,32,0.0001,0.0001,1,16,1,False,0.2,lr1e-04_bs32_modL1_fusion16_fusionL1_fusionBN0_drop0p2__wd1e-04trmiss40_trlocglobal,15,0.578414132197698,0.6789186298847198,0.6051587301587302,0.6790739960284534,0.5333333333333333,0.0,0.0,0.0,0.0,0.0,0.0,0.0,0.0,0.0,,,,,18473,global,0.4
2,5,lr1e-04_bs32_modL1_fusion16_fusionL1_fusionBN0_drop0p2__wd1e-04trmiss40_trlocglobal,32,0.0001,0.0001,1,16,1,False,0.2,lr1e-04_bs32_modL1_fusion16_fusionL1_fusionBN0_drop0p2__wd1e-04trmiss40_trlocglobal,16,0.5840171078840891,0.681416243314743,0.5992063492063492,0.6415164798718661,0.5333333333333333,0.0,0.0,0.0,0.0,0.0,0.0,0.0,0.0,0.0,,,,,18473,global,0.4
2,5,lr1e-04_bs32_modL1_fusion16_fusionL1_fusionBN0_drop0p2__wd1e-04trmiss40_trlocglobal,32,0.0001,0.0001,1,16,1,False,0.2,lr1e-04_bs32_modL1_fusion16_fusionL1_fusionBN0_drop0p2__wd1e-04trmiss40_trlocglobal,17,0.5598242580890656,0.6796262562274933,0.6071428571428572,0.6665932046768518,0.5333333333333333,0.0,0.0,0.0,0.0,0.0,0.0,0.0,0.0,0.0,,,,,18473,global,0.4
2,5,lr1e-04_bs32_modL1_fusion16_fusionL1_fusionBN0_drop0p2__wd1e-04trmiss40_trlocglobal,32,0.0001,0.0001,1,16,1,False,0.2,lr1e-04_bs32_modL1_fusion16_fusionL1_fusionBN0_drop0p2__wd1e-04trmiss40_trlocglobal,18,0.5639398793379465,0.6774435341358185,0.6190476190476191,0.671807193432861,0.5777777777777777,0.0,0.0,0.0,0.0,0.0,0.0,0.0,0.0,0.0,,,,,18473,global,0.4
2,5,lr1e-04_bs32_modL1_fusion16_fusionL1_fusionBN0_drop0p2__wd1e-04trmiss40_trlocglobal,32,0.0001,0.0001,1,16,1,False,0.2,lr1e-04_bs32_modL1_fusion16_fusionL1_fusionBN0_drop0p2__wd1e-04trmiss40_trlocglobal,19,0.5642819205919901,0.6759643852710724,0.621031746031746,0.6724584690841365,0.6,0.0,0.0,0.0,0.0,0.0,0.0,0.0,0.0,0.0,,,,,18473,global,0.4
2,5,lr1e-04_bs32_modL1_fusion16_fusionL1_fusionBN0_drop0p2__wd1e-04trmiss40_trlocglobal,32,0.0001,0.0001,1,16,1,False,0.2,lr1e-04_bs32_modL1_fusion16_fusionL1_fusionBN0_drop0p2__wd1e-04trmiss40_trlocglobal,20,0.5507681171099345,0.6801624000072479,0.6051587301587302,0.6355424515591922,0.6,0.0,0.0,0.0,0.0,0.0,0.0,0.0,0.0,0.0,,,,,18473,global,0.4
2,5,lr1e-04_bs32_modL1_fusion16_fusionL1_fusionBN0_drop0p2__wd1e-04trmiss40_trlocglobal,32,0.0001,0.0001,1,16,1,False,0.2,lr1e-04_bs32_modL1_fusion16_fusionL1_fusionBN0_drop0p2__wd1e-04trmiss40_trlocglobal,21,0.5443619191646576,0.6765059232711792,0.6031746031746031,0.6233661677579688,0.6,0.0,0.0,0.0,0.0,0.0,0.0,0.0,0.0,0.0,,,,,18473,global,0.4
2,5,lr1e-04_bs32_modL1_fusion16_fusionL1_fusionBN0_drop0p2__wd1e-04trmiss40_trlocglobal,32,0.0001,0.0001,1,16,1,False,0.2,lr1e-04_bs32_modL1_fusion16_fusionL1_fusionBN0_drop0p2__wd1e-04trmiss40_trlocglobal,22,0.5523106654485067,0.6729807257652283,0.6150793650793651,0.6588577469392652,0.6,0.0,0.0,0.0,0.0,0.0,0.0,0.0,0.0,0.0,,,,,18473,global,0.4
2,5,lr1e-04_bs32_modL1_fusion16_fusionL1_fusionBN0_drop0p2__wd1e-04trmiss40_trlocglobal,32,0.0001,0.0001,1,16,1,False,0.2,lr1e-04_bs32_modL1_fusion16_fusionL1_fusionBN0_drop0p2__wd1e-04trmiss40_trlocglobal,23,0.5500556925932566,0.6746124923229218,0.617063492063492,0.648428216070493,0.6444444444444445,0.0,0.0,0.0,0.0,0.0,0.0,0.0,0.0,0.0,,,,,18473,global,0.4
2,5,lr1e-04_bs32_modL1_fusion16_fusionL1_fusionBN0_drop0p2__wd1e-04trmiss40_trlocglobal,32,0.0001,0.0001,1,16,1,False,0.2,lr1e-04_bs32_modL1_fusion16_fusionL1_fusionBN0_drop0p2__wd1e-04trmiss40_trlocglobal,24,0.5545792380968729,0.6730947494506836,0.621031746031746,0.6294593239398363,0.6222222222222222,0.0,0.0,0.0,0.0,0.0,0.0,0.0,0.0,0.0,,,,,18473,global,0.4
2,5,lr1e-04_bs32_modL1_fusion16_fusionL1_fusionBN0_drop0p2__wd1e-04trmiss40_trlocglobal,32,0.0001,0.0001,1,16,1,False,0.2,lr1e-04_bs32_modL1_fusion16_fusionL1_fusionBN0_drop0p2__wd1e-04trmiss40_trlocglobal,25,0.5397514849901199,0.6726268529891968,0.615079365079365,0.6250557291685944,0.5777777777777777,0.0,0.0,0.0,0.0,0.0,0.0,0.0,0.0,0.0,,,,,18473,global,0.4
2,5,lr1e-04_bs32_modL1_fusion16_fusionL1_fusionBN0_drop0p1__wd1e-04trmiss40_trlocglobal,32,0.0001,0.0001,1,16,1,False,0.1,lr1e-04_bs32_modL1_fusion16_fusionL1_fusionBN0_drop0p1__wd1e-04trmiss40_trlocglobal,1,0.701151559750239,0.7085219919681549,0.42460317460317454,0.5517289108485045,0.4888888888888889,0.0,0.0,0.0,0.0,0.0,0.0,0.0,0.0,0.0,,,,,18473,global,0.4
2,5,lr1e-04_bs32_modL1_fusion16_fusionL1_fusionBN0_drop0p1__wd1e-04trmiss40_trlocglobal,32,0.0001,0.0001,1,16,1,False,0.1,lr1e-04_bs32_modL1_fusion16_fusionL1_fusionBN0_drop0p1__wd1e-04trmiss40_trlocglobal,2,0.6830190022786459,0.7095381915569305,0.43253968253968256,0.5531662775724551,0.4888888888888889,0.0,0.0,0.0,0.0,0.0,0.0,0.0,0.0,0.0,,,,,18473,global,0.4
2,5,lr1e-04_bs32_modL1_fusion16_fusionL1_fusionBN0_drop0p1__wd1e-04trmiss40_trlocglobal,32,0.0001,0.0001,1,16,1,False,0.1,lr1e-04_bs32_modL1_fusion16_fusionL1_fusionBN0_drop0p1__wd1e-04trmiss40_trlocglobal,3,0.6601760486761729,0.7110392153263092,0.43452380952380953,0.5701748780460846,0.5111111111111111,0.0,0.0,0.0,0.0,0.0,0.0,0.0,0.0,0.0,,,,,18473,global,0.4
2,5,lr1e-04_bs32_modL1_fusion16_fusionL1_fusionBN0_drop0p1__wd1e-04trmiss40_trlocglobal,32,0.0001,0.0001,1,16,1,False,0.1,lr1e-04_bs32_modL1_fusion16_fusionL1_fusionBN0_drop0p1__wd1e-04trmiss40_trlocglobal,4,0.6560754477977753,0.7119626700878143,0.4503968253968254,0.573542957981599,0.5111111111111111,0.0,0.0,0.0,0.0,0.0,0.0,0.0,0.0,0.0,,,,,18473,global,0.4
2,5,lr1e-04_bs32_modL1_fusion16_fusionL1_fusionBN0_drop0p1__wd1e-04trmiss40_trlocglobal,32,0.0001,0.0001,1,16,1,False,0.1,lr1e-04_bs32_modL1_fusion16_fusionL1_fusionBN0_drop0p1__wd1e-04trmiss40_trlocglobal,5,0.6512379149595896,0.7112242579460144,0.44642857142857145,0.5697804834956953,0.5111111111111111,0.0,0.0,0.0,0.0,0.0,0.0,0.0,0.0,0.0,,,,,18473,global,0.4
2,5,lr1e-04_bs32_modL1_fusion16_fusionL1_fusionBN0_drop0p1__wd1e-04trmiss40_trlocglobal,32,0.0001,0.0001,1,16,1,False,0.1,lr1e-04_bs32_modL1_fusion16_fusionL1_fusionBN0_drop0p1__wd1e-04trmiss40_trlocglobal,6,0.6330127914746603,0.7112865149974823,0.45238095238095244,0.5591317981684166,0.5333333333333333,0.0,0.0,0.0,0.0,0.0,0.0,0.0,0.0,0.0,,,,,18473,global,0.4
2,5,lr1e-04_bs32_modL1_fusion16_fusionL1_fusionBN0_drop0p1__wd1e-04trmiss40_trlocglobal,32,0.0001,0.0001,1,16,1,False,0.1,lr1e-04_bs32_modL1_fusion16_fusionL1_fusionBN0_drop0p1__wd1e-04trmiss40_trlocglobal,7,0.6241960326830546,0.7093320786952972,0.4503968253968254,0.5557059002752012,0.5333333333333333,0.0,0.0,0.0,0.0,0.0,0.0,0.0,0.0,0.0,,,,,18473,global,0.4
2,5,lr1e-04_bs32_modL1_fusion16_fusionL1_fusionBN0_drop0p1__wd1e-04trmiss40_trlocglobal,32,0.0001,0.0001,1,16,1,False,0.1,lr1e-04_bs32_modL1_fusion16_fusionL1_fusionBN0_drop0p1__wd1e-04trmiss40_trlocglobal,8,0.6175092657407125,0.7099375128746033,0.44047619047619047,0.5524659256440976,0.4888888888888889,0.0,0.0,0.0,0.0,0.0,0.0,0.0,0.0,0.0,,,,,18473,global,0.4
2,5,lr1e-04_bs32_modL1_fusion16_fusionL1_fusionBN0_drop0p1__wd1e-04trmiss40_trlocglobal,32,0.0001,0.0001,1,16,1,False,0.1,lr1e-04_bs32_modL1_fusion16_fusionL1_fusionBN0_drop0p1__wd1e-04trmiss40_trlocglobal,9,0.6089995900789896,0.7088838517665863,0.45833333333333337,0.5602427869995878,0.4888888888888889,0.0,0.0,0.0,0.0,0.0,0.0,0.0,0.0,0.0,,,,,18473,global,0.4
2,5,lr1e-04_bs32_modL1_fusion16_fusionL1_fusionBN0_drop0p1__wd1e-04trmiss40_trlocglobal,32,0.0001,0.0001,1,16,1,False,0.1,lr1e-04_bs32_modL1_fusion16_fusionL1_fusionBN0_drop0p1__wd1e-04trmiss40_trlocglobal,10,0.6088248193264008,0.7092223763465881,0.4642857142857143,0.5760244783100152,0.4888888888888889,0.0,0.0,0.0,0.0,0.0,0.0,0.0,0.0,0.0,,,,,18473,global,0.4
2,5,lr1e-04_bs32_modL1_fusion16_fusionL1_fusionBN0_drop0p1__wd1e-04trmiss40_trlocglobal,32,0.0001,0.0001,1,16,1,False,0.1,lr1e-04_bs32_modL1_fusion16_fusionL1_fusionBN0_drop0p1__wd1e-04trmiss40_trlocglobal,11,0.597881406545639,0.7083280980587006,0.4662698412698413,0.5805399065024188,0.5111111111111111,0.0,0.0,0.0,0.0,0.0,0.0,0.0,0.0,0.0,,,,,18473,global,0.4
2,5,lr1e-04_bs32_modL1_fusion16_fusionL1_fusionBN0_drop0p1__wd1e-04trmiss40_trlocglobal,32,0.0001,0.0001,1,16,1,False,0.1,lr1e-04_bs32_modL1_fusion16_fusionL1_fusionBN0_drop0p1__wd1e-04trmiss40_trlocglobal,12,0.5853656828403473,0.7052237689495087,0.47619047619047616,0.5865818121606927,0.5111111111111111,0.0,0.0,0.0,0.0,0.0,0.0,0.0,0.0,0.0,,,,,18473,global,0.4
2,5,lr1e-04_bs32_modL1_fusion16_fusionL1_fusionBN0_drop0p1__wd1e-04trmiss40_trlocglobal,32,0.0001,0.0001,1,16,1,False,0.1,lr1e-04_bs32_modL1_fusion16_fusionL1_fusionBN0_drop0p1__wd1e-04trmiss40_trlocglobal,13,0.5792287091414133,0.7072260081768036,0.4563492063492064,0.5495590626605222,0.5555555555555556,0.0,0.0,0.0,0.0,0.0,0.0,0.0,0.0,0.0,,,,,18473,global,0.4
2,5,lr1e-04_bs32_modL1_fusion16_fusionL1_fusionBN0_drop0p1__wd1e-04trmiss40_trlocglobal,32,0.0001,0.0001,1,16,1,False,0.1,lr1e-04_bs32_modL1_fusion16_fusionL1_fusionBN0_drop0p1__wd1e-04trmiss40_trlocglobal,14,0.5752780934174856,0.7077576816082001,0.47023809523809523,0.5687532373021185,0.5555555555555556,0.0,0.0,0.0,0.0,0.0,0.0,0.0,0.0,0.0,,,,,18473,global,0.4
2,5,lr1e-04_bs32_modL1_fusion16_fusionL1_fusionBN0_drop0p1__wd1e-04trmiss40_trlocglobal,32,0.0001,0.0001,1,16,1,False,0.1,lr1e-04_bs32_modL1_fusion16_fusionL1_fusionBN0_drop0p1__wd1e-04trmiss40_trlocglobal,15,0.573008676369985,0.7053153812885284,0.4900793650793651,0.6007687714984407,0.5555555555555556,0.0,0.0,0.0,0.0,0.0,0.0,0.0,0.0,0.0,,,,,18473,global,0.4
2,5,lr1e-04_bs32_modL1_fusion16_fusionL1_fusionBN0_drop0p1__wd1e-04trmiss40_trlocglobal,32,0.0001,0.0001,1,16,1,False,0.1,lr1e-04_bs32_modL1_fusion16_fusionL1_fusionBN0_drop0p1__wd1e-04trmiss40_trlocglobal,16,0.5679131845633189,0.7052577435970306,0.4920634920634921,0.605797616406335,0.5333333333333333,0.0,0.0,0.0,0.0,0.0,0.0,0.0,0.0,0.0,,,,,18473,global,0.4
2,5,lr1e-04_bs32_modL1_fusion16_fusionL1_fusionBN0_drop0p1__wd1e-04trmiss40_trlocglobal,32,0.0001,0.0001,1,16,1,False,0.1,lr1e-04_bs32_modL1_fusion16_fusionL1_fusionBN0_drop0p1__wd1e-04trmiss40_trlocglobal,17,0.5686547060807546,0.7067470848560333,0.4722222222222222,0.5363868062124774,0.5777777777777777,0.0,0.0,0.0,0.0,0.0,0.0,0.0,0.0,0.0,,,,,18473,global,0.4
2,5,lr1e-04_bs32_modL1_fusion16_fusionL1_fusionBN0_drop0p1__wd1e-04trmiss40_trlocglobal,32,0.0001,0.0001,1,16,1,False,0.1,lr1e-04_bs32_modL1_fusion16_fusionL1_fusionBN0_drop0p1__wd1e-04trmiss40_trlocglobal,18,0.552374800046285,0.7068982720375061,0.4841269841269842,0.5491688917812869,0.5555555555555556,0.0,0.0,0.0,0.0,0.0,0.0,0.0,0.0,0.0,,,,,18473,global,0.4
2,5,lr1e-04_bs32_modL1_fusion16_fusionL1_fusionBN0_drop0p1__wd1e-04trmiss40_trlocglobal,32,0.0001,0.0001,1,16,1,False,0.1,lr1e-04_bs32_modL1_fusion16_fusionL1_fusionBN0_drop0p1__wd1e-04trmiss40_trlocglobal,19,0.5476475457350413,0.7085207998752594,0.49206349206349204,0.6113014136740847,0.5555555555555556,0.0,0.0,0.0,0.0,0.0,0.0,0.0,0.0,0.0,,,,,18473,global,0.4
2,5,lr1e-04_bs32_modL1_fusion16_fusionL1_fusionBN0_drop0p1__wd1e-04trmiss40_trlocglobal,32,0.0001,0.0001,1,16,1,False,0.1,lr1e-04_bs32_modL1_fusion16_fusionL1_fusionBN0_drop0p1__wd1e-04trmiss40_trlocglobal,20,0.5429112861553828,0.7059883773326874,0.4861111111111111,0.5880399048124165,0.5555555555555556,0.0,0.0,0.0,0.0,0.0,0.0,0.0,0.0,0.0,,,,,18473,global,0.4
2,5,lr1e-04_bs32_modL1_fusion16_fusionL1_fusionBN0_drop0p1__wd1e-04trmiss40_trlocglobal,32,0.0001,0.0001,1,16,1,False,0.1,lr1e-04_bs32_modL1_fusion16_fusionL1_fusionBN0_drop0p1__wd1e-04trmiss40_trlocglobal,21,0.546781857808431,0.7076795697212219,0.4722222222222222,0.5580524925881621,0.5555555555555556,0.0,0.0,0.0,0.0,0.0,0.0,0.0,0.0,0.0,,,,,18473,global,0.4
2,5,lr1e-04_bs32_modL1_fusion16_fusionL1_fusionBN0_drop0p1__wd1e-04trmiss40_trlocglobal,32,0.0001,0.0001,1,16,1,False,0.1,lr1e-04_bs32_modL1_fusion16_fusionL1_fusionBN0_drop0p1__wd1e-04trmiss40_trlocglobal,22,0.5362340907255808,0.7105528116226196,0.4662698412698413,0.5329152729538162,0.5555555555555556,0.0,0.0,0.0,0.0,0.0,0.0,0.0,0.0,0.0,,,,,18473,global,0.4
2,5,lr1e-04_bs32_modL1_fusion16_fusionL1_fusionBN0_drop0p1__wd1e-04trmiss40_trlocglobal,32,0.0001,0.0001,1,16,1,False,0.1,lr1e-04_bs32_modL1_fusion16_fusionL1_fusionBN0_drop0p1__wd1e-04trmiss40_trlocglobal,23,0.5244174301624298,0.7045876383781433,0.4781746031746032,0.5614243804587208,0.5555555555555556,0.0,0.0,0.0,0.0,0.0,0.0,0.0,0.0,0.0,,,,,18473,global,0.4
2,5,lr1e-04_bs32_modL1_fusion16_fusionL1_fusionBN0_drop0p1__wd1e-04trmiss40_trlocglobal,32,0.0001,0.0001,1,16,1,False,0.1,lr1e-04_bs32_modL1_fusion16_fusionL1_fusionBN0_drop0p1__wd1e-04trmiss40_trlocglobal,24,0.5207814375559489,0.7073889970779419,0.47817460317460325,0.5359454117700729,0.5555555555555556,0.0,0.0,0.0,0.0,0.0,0.0,0.0,0.0,0.0,,,,,18473,global,0.4
2,5,lr1e-04_bs32_modL1_fusion16_fusionL1_fusionBN0_drop0p1__wd1e-04trmiss40_trlocglobal,32,0.0001,0.0001,1,16,1,False,0.1,lr1e-04_bs32_modL1_fusion16_fusionL1_fusionBN0_drop0p1__wd1e-04trmiss40_trlocglobal,25,0.5187526245911916,0.706829696893692,0.47222222222222227,0.5270095813736715,0.5555555555555556,0.0,0.0,0.0,0.0,0.0,0.0,0.0,0.0,0.0,,,,,18473,global,0.4
2,5,lr1e-04_bs32_modL1_fusion16_fusionL1_fusionBN0_drop0p1__wd1e-04trmiss40_trlocglobal,32,0.0001,0.0001,1,16,1,False,0.1,lr1e-04_bs32_modL1_fusion16_fusionL1_fusionBN0_drop0p1__wd1e-04trmiss40_trlocglobal,26,0.5144897997379303,0.7035670280456543,0.49206349206349204,0.5559374370508525,0.5555555555555556,0.0,0.0,0.0,0.0,0.0,0.0,0.0,0.0,0.0,,,,,18473,global,0.4
2,5,lr1e-04_bs32_modL1_fusion16_fusionL1_fusionBN0_drop0p1__wd1e-04trmiss40_trlocglobal,32,0.0001,0.0001,1,16,1,False,0.1,lr1e-04_bs32_modL1_fusion16_fusionL1_fusionBN0_drop0p1__wd1e-04trmiss40_trlocglobal,27,0.5066654036442438,0.7058379352092743,0.4781746031746032,0.5157675588230551,0.5555555555555556,0.0,0.0,0.0,0.0,0.0,0.0,0.0,0.0,0.0,,,,,18473,global,0.4
2,5,lr1e-04_bs32_modL1_fusion16_fusionL1_fusionBN0_drop0p1__wd1e-04trmiss40_trlocglobal,32,0.0001,0.0001,1,16,1,False,0.1,lr1e-04_bs32_modL1_fusion16_fusionL1_fusionBN0_drop0p1__wd1e-04trmiss40_trlocglobal,28,0.5064880400896072,0.706912100315094,0.4781746031746032,0.521170802855593,0.5555555555555556,0.0,0.0,0.0,0.0,0.0,0.0,0.0,0.0,0.0,,,,,18473,global,0.4
2,5,lr1e-04_bs32_modL1_fusion16_fusionL1_fusionBN0_drop0p1__wd1e-04trmiss40_trlocglobal,32,0.0001,0.0001,1,16,1,False,0.1,lr1e-04_bs32_modL1_fusion16_fusionL1_fusionBN0_drop0p1__wd1e-04trmiss40_trlocglobal,29,0.4930102080106735,0.7066235244274139,0.4841269841269842,0.5551480052703317,0.5555555555555556,0.0,0.0,0.0,0.0,0.0,0.0,0.0,0.0,0.0,,,,,18473,global,0.4
2,5,lr1e-04_bs32_modL1_fusion16_fusionL1_fusionBN0_drop0p1__wd1e-04trmiss40_trlocglobal,32,0.0001,0.0001,1,16,1,False,0.1,lr1e-04_bs32_modL1_fusion16_fusionL1_fusionBN0_drop0p1__wd1e-04trmiss40_trlocglobal,30,0.495524600148201,0.7060310542583466,0.48015873015873023,0.521167542210119,0.5555555555555556,0.0,0.0,0.0,0.0,0.0,0.0,0.0,0.0,0.0,,,,,18473,global,0.4
2,5,lr1e-04_bs32_modL1_fusion16_fusionL1_fusionBN0_drop0p1__wd1e-04trmiss40_trlocglobal,32,0.0001,0.0001,1,16,1,False,0.1,lr1e-04_bs32_modL1_fusion16_fusionL1_fusionBN0_drop0p1__wd1e-04trmiss40_trlocglobal,31,0.4917517602443695,0.7039994299411774,0.48412698412698413,0.5177939339281636,0.5555555555555556,0.0,0.0,0.0,0.0,0.0,0.0,0.0,0.0,0.0,,,,,18473,global,0.4
2,5,lr1e-04_bs32_modL1_fusion16_fusionL1_fusionBN0_drop0p1__wd1e-04trmiss40_trlocglobal,32,0.0001,0.0001,1,16,1,False,0.1,lr1e-04_bs32_modL1_fusion16_fusionL1_fusionBN0_drop0p1__wd1e-04trmiss40_trlocglobal,32,0.48846710721651715,0.7025138139724731,0.5,0.522749083217396,0.5777777777777777,0.0,0.0,0.0,0.0,0.0,0.0,0.0,0.0,0.0,,,,,18473,global,0.4
2,5,lr1e-04_bs32_modL1_fusion16_fusionL1_fusionBN0_drop0p1__wd1e-04trmiss40_trlocglobal,32,0.0001,0.0001,1,16,1,False,0.1,lr1e-04_bs32_modL1_fusion16_fusionL1_fusionBN0_drop0p1__wd1e-04trmiss40_trlocglobal,33,0.4811885456244151,0.7041040360927582,0.48809523809523814,0.5212444431257994,0.5777777777777777,0.0,0.0,0.0,0.0,0.0,0.0,0.0,0.0,0.0,,,,,18473,global,0.4
2,5,lr1e-04_bs32_modL1_fusion16_fusionL1_fusionBN0_drop0p1__wd1e-04trmiss40_trlocglobal,32,0.0001,0.0001,1,16,1,False,0.1,lr1e-04_bs32_modL1_fusion16_fusionL1_fusionBN0_drop0p1__wd1e-04trmiss40_trlocglobal,34,0.48861263195673627,0.70550736784935,0.49404761904761907,0.5264401383127506,0.5777777777777777,0.0,0.0,0.0,0.0,0.0,0.0,0.0,0.0,0.0,,,,,18473,global,0.4
2,5,lr1e-04_bs32_modL1_fusion16_fusionL1_fusionBN0_drop0p1__wd1e-04trmiss40_trlocglobal,32,0.0001,0.0001,1,16,1,False,0.1,lr1e-04_bs32_modL1_fusion16_fusionL1_fusionBN0_drop0p1__wd1e-04trmiss40_trlocglobal,35,0.47842487196127575,0.7074078917503357,0.4900793650793651,0.5249445925931336,0.5777777777777777,0.0,0.0,0.0,0.0,0.0,0.0,0.0,0.0,0.0,,,,,18473,global,0.4
2,5,lr1e-04_bs32_modL1_fusion16_fusionL1_fusionBN0_drop0p1__wd1e-04trmiss40_trlocglobal,32,0.0001,0.0001,1,16,1,False,0.1,lr1e-04_bs32_modL1_fusion16_fusionL1_fusionBN0_drop0p1__wd1e-04trmiss40_trlocglobal,36,0.4771818518638611,0.706555038690567,0.48809523809523814,0.5157722374858584,0.5555555555555556,0.0,0.0,0.0,0.0,0.0,0.0,0.0,0.0,0.0,,,,,18473,global,0.4
2,5,lr1e-04_bs32_modL1_fusion16_fusionL1_fusionBN0_drop0p1__wd1e-04trmiss40_trlocglobal,32,0.0001,0.0001,1,16,1,False,0.1,lr1e-04_bs32_modL1_fusion16_fusionL1_fusionBN0_drop0p1__wd1e-04trmiss40_trlocglobal,37,0.469134658575058,0.707175612449646,0.498015873015873,0.5281823410417954,0.6,0.0,0.0,0.0,0.0,0.0,0.0,0.0,0.0,0.0,,,,,18473,global,0.4
2,5,lr1e-04_bs32_modL1_fusion16_fusionL1_fusionBN0_drop0p1__wd1e-04trmiss40_trlocglobal,32,0.0001,0.0001,1,16,1,False,0.1,lr1e-04_bs32_modL1_fusion16_fusionL1_fusionBN0_drop0p1__wd1e-04trmiss40_trlocglobal,38,0.4633849461873372,0.7070697546005249,0.4900793650793651,0.52519548593466,0.5777777777777777,0.0,0.0,0.0,0.0,0.0,0.0,0.0,0.0,0.0,,,,,18473,global,0.4
2,5,lr1e-04_bs32_modL1_fusion16_fusionL1_fusionBN0_drop0p1__wd1e-04trmiss40_trlocglobal,32,0.0001,0.0001,1,16,1,False,0.1,lr1e-04_bs32_modL1_fusion16_fusionL1_fusionBN0_drop0p1__wd1e-04trmiss40_trlocglobal,39,0.4536244124174118,0.7052253186702728,0.503968253968254,0.5284254007231046,0.5555555555555556,0.0,0.0,0.0,0.0,0.0,0.0,0.0,0.0,0.0,,,,,18473,global,0.4
2,5,lr1e-04_bs32_modL1_fusion16_fusionL1_fusionBN0_drop0p1__wd1e-04trmiss40_trlocglobal,32,0.0001,0.0001,1,16,1,False,0.1,lr1e-04_bs32_modL1_fusion16_fusionL1_fusionBN0_drop0p1__wd1e-04trmiss40_trlocglobal,40,0.44976180295149487,0.7051259279251099,0.501984126984127,0.5316113467215507,0.5777777777777777,0.0,0.0,0.0,0.0,0.0,0.0,0.0,0.0,0.0,,,,,18473,global,0.4
2,5,lr1e-04_bs32_modL1_fusion16_fusionL1_fusionBN0_drop0p1__wd1e-04trmiss40_trlocglobal,32,0.0001,0.0001,1,16,1,False,0.1,lr1e-04_bs32_modL1_fusion16_fusionL1_fusionBN0_drop0p1__wd1e-04trmiss40_trlocglobal,41,0.44958798587322235,0.7080155313014984,0.49603174603174605,0.5282553735996885,0.5555555555555556,0.0,0.0,0.0,0.0,0.0,0.0,0.0,0.0,0.0,,,,,18473,global,0.4
2,5,lr1e-04_bs32_modL1_fusion16_fusionL1_fusionBN0_drop0p1__wd1e-04trmiss40_trlocglobal,32,0.0001,0.0001,1,16,1,False,0.1,lr1e-04_bs32_modL1_fusion16_fusionL1_fusionBN0_drop0p1__wd1e-04trmiss40_trlocglobal,42,0.4503910392522812,0.705956906080246,0.5099206349206349,0.5353886644119119,0.5777777777777777,0.0,0.0,0.0,0.0,0.0,0.0,0.0,0.0,0.0,,,,,18473,global,0.4
2,5,lr1e-04_bs32_modL1_fusion16_fusionL1_fusionBN0_drop0p1__wd1e-04trmiss40_trlocglobal,32,0.0001,0.0001,1,16,1,False,0.1,lr1e-04_bs32_modL1_fusion16_fusionL1_fusionBN0_drop0p1__wd1e-04trmiss40_trlocglobal,43,0.4489275614420573,0.7082277238368988,0.49206349206349204,0.5210554702981198,0.5555555555555556,0.0,0.0,0.0,0.0,0.0,0.0,0.0,0.0,0.0,,,,,18473,global,0.4
2,5,lr1e-04_bs32_modL1_fusion16_fusionL1_fusionBN0_drop0p1__wd1e-04trmiss40_trlocglobal,32,0.0001,0.0001,1,16,1,False,0.1,lr1e-04_bs32_modL1_fusion16_fusionL1_fusionBN0_drop0p1__wd1e-04trmiss40_trlocglobal,44,0.44922443727652234,0.7086777985095978,0.49404761904761907,0.5218960708699762,0.5555555555555556,0.0,0.0,0.0,0.0,0.0,0.0,0.0,0.0,0.0,,,,,18473,global,0.4
2,5,lr1e-04_bs32_modL1_fusion16_fusionL1_fusionBN0_drop0p1__wd1e-04trmiss40_trlocglobal,32,0.0001,0.0001,1,16,1,False,0.1,lr1e-04_bs32_modL1_fusion16_fusionL1_fusionBN0_drop0p1__wd1e-04trmiss40_trlocglobal,45,0.4327271680037181,0.7075439393520355,0.498015873015873,0.5212971540704016,0.5777777777777777,0.0,0.0,0.0,0.0,0.0,0.0,0.0,0.0,0.0,,,,,18473,global,0.4
2,5,lr1e-04_bs32_modL1_fusion16_fusionL1_fusionBN0_drop0p1__wd1e-04trmiss40_trlocglobal,32,0.0001,0.0001,1,16,1,False,0.1,lr1e-04_bs32_modL1_fusion16_fusionL1_fusionBN0_drop0p1__wd1e-04trmiss40_trlocglobal,46,0.4430789401133855,0.7063774466514587,0.503968253968254,0.5243956473527184,0.5555555555555556,0.0,0.0,0.0,0.0,0.0,0.0,0.0,0.0,0.0,,,,,18473,global,0.4
2,5,lr1e-04_bs32_modL1_fusion16_fusionL1_fusionBN0_drop0p1__wd1e-04trmiss40_trlocglobal,32,0.0001,0.0001,1,16,1,False,0.1,lr1e-04_bs32_modL1_fusion16_fusionL1_fusionBN0_drop0p1__wd1e-04trmiss40_trlocglobal,47,0.441718523701032,0.7062092423439026,0.498015873015873,0.515969371472882,0.5777777777777777,0.0,0.0,0.0,0.0,0.0,0.0,0.0,0.0,0.0,,,,,18473,global,0.4
2,5,lr1e-04_bs32_modL1_fusion16_fusionL1_fusionBN0_drop0p1__wd1e-04trmiss40_trlocglobal,32,0.0001,0.0001,1,16,1,False,0.1,lr1e-04_bs32_modL1_fusion16_fusionL1_fusionBN0_drop0p1__wd1e-04trmiss40_trlocglobal,48,0.44582076867421466,0.7078751027584076,0.503968253968254,0.5247715009973692,0.5777777777777777,0.0,0.0,0.0,0.0,0.0,0.0,0.0,0.0,0.0,,,,,18473,global,0.4
2,5,lr1e-04_bs32_modL1_fusion16_fusionL1_fusionBN0_drop0p1__wd1e-04trmiss40_trlocglobal,32,0.0001,0.0001,1,16,1,False,0.1,lr1e-04_bs32_modL1_fusion16_fusionL1_fusionBN0_drop0p1__wd1e-04trmiss40_trlocglobal,49,0.4307089149951935,0.7060816586017609,0.5059523809523809,0.5294882301393858,0.5555555555555556,0.0,0.0,0.0,0.0,0.0,0.0,0.0,0.0,0.0,,,,,18473,global,0.4
2,5,lr1e-04_bs32_modL1_fusion16_fusionL1_fusionBN0_drop0p1__wd1e-04trmiss40_trlocglobal,32,0.0001,0.0001,1,16,1,False,0.1,lr1e-04_bs32_modL1_fusion16_fusionL1_fusionBN0_drop0p1__wd1e-04trmiss40_trlocglobal,50,0.42727623879909515,0.7051569521427155,0.503968253968254,0.5232951197796089,0.5777777777777777,0.0,0.0,0.0,0.0,0.0,0.0,0.0,0.0,0.0,,,,,18473,global,0.4
2,5,lr1e-04_bs32_modL1_fusion16_fusionL1_fusionBN0_drop0p1__wd1e-04trmiss40_trlocglobal,32,0.0001,0.0001,1,16,1,False,0.1,lr1e-04_bs32_modL1_fusion16_fusionL1_fusionBN0_drop0p1__wd1e-04trmiss40_trlocglobal,51,0.43540483713150024,0.7074774503707886,0.5059523809523809,0.5219515112741417,0.5777777777777777,0.0,0.0,0.0,0.0,0.0,0.0,0.0,0.0,0.0,,,,,18473,global,0.4
2,5,lr1e-04_bs32_modL1_fusion16_fusionL1_fusionBN0_drop0p1__wd1e-04trmiss40_trlocglobal,32,0.0001,0.0001,1,16,1,False,0.1,lr1e-04_bs32_modL1_fusion16_fusionL1_fusionBN0_drop0p1__wd1e-04trmiss40_trlocglobal,52,0.4277150134245555,0.7065996527671814,0.501984126984127,0.5166955570059749,0.5777777777777777,0.0,0.0,0.0,0.0,0.0,0.0,0.0,0.0,0.0,,,,,18473,global,0.4
2,5,lr1e-04_bs32_modL1_fusion16_fusionL1_fusionBN0_drop0p1__wd1e-04trmiss40_trlocglobal,32,0.0001,0.0001,1,16,1,False,0.1,lr1e-04_bs32_modL1_fusion16_fusionL1_fusionBN0_drop0p1__wd1e-04trmiss40_trlocglobal,53,0.4267674038807551,0.7052276730537415,0.503968253968254,0.5230144004818306,0.5777777777777777,0.0,0.0,0.0,0.0,0.0,0.0,0.0,0.0,0.0,,,,,18473,global,0.4
2,5,lr1e-04_bs32_modL1_fusion16_fusionL1_fusionBN0_drop0p1__wd1e-04trmiss40_trlocglobal,32,0.0001,0.0001,1,16,1,False,0.1,lr1e-04_bs32_modL1_fusion16_fusionL1_fusionBN0_drop0p1__wd1e-04trmiss40_trlocglobal,54,0.41725178559621173,0.7063949704170227,0.503968253968254,0.5283715433389735,0.5777777777777777,0.0,0.0,0.0,0.0,0.0,0.0,0.0,0.0,0.0,,,,,18473,global,0.4
2,5,lr1e-04_bs32_modL1_fusion16_fusionL1_fusionBN0_drop0p1__wd1e-04trmiss40_trlocglobal,32,0.0001,0.0001,1,16,1,False,0.1,lr1e-04_bs32_modL1_fusion16_fusionL1_fusionBN0_drop0p1__wd1e-04trmiss40_trlocglobal,55,0.4084311177333196,0.7082538306713104,0.503968253968254,0.522160934095276,0.5777777777777777,0.0,0.0,0.0,0.0,0.0,0.0,0.0,0.0,0.0,,,,,18473,global,0.4
2,5,lr1e-04_bs32_modL1_fusion16_fusionL1_fusionBN0_drop0p1__wd1e-04trmiss40_trlocglobal,32,0.0001,0.0001,1,16,1,False,0.1,lr1e-04_bs32_modL1_fusion16_fusionL1_fusionBN0_drop0p1__wd1e-04trmiss40_trlocglobal,56,0.4137040426333745,0.7074451744556427,0.503968253968254,0.5277267020691323,0.5777777777777777,0.0,0.0,0.0,0.0,0.0,0.0,0.0,0.0,0.0,,,,,18473,global,0.4
2,5,lr1e-04_bs32_modL1_fusion16_fusionL1_fusionBN0_drop0p1__wd1e-04trmiss40_trlocglobal,32,0.0001,0.0001,1,16,1,False,0.1,lr1e-04_bs32_modL1_fusion16_fusionL1_fusionBN0_drop0p1__wd1e-04trmiss40_trlocglobal,57,0.4067801584800084,0.7080074548721313,0.503968253968254,0.521492484897415,0.5777777777777777,0.0,0.0,0.0,0.0,0.0,0.0,0.0,0.0,0.0,,,,,18473,global,0.4
2,5,lr1e-04_bs32_modL1_fusion16_fusionL1_fusionBN0_drop0p1__wd1e-04trmiss40_trlocglobal,32,0.0001,0.0001,1,16,1,False,0.1,lr1e-04_bs32_modL1_fusion16_fusionL1_fusionBN0_drop0p1__wd1e-04trmiss40_trlocglobal,58,0.4101948340733846,0.7085520029067993,0.503968253968254,0.5187258479396015,0.5777777777777777,0.0,0.0,0.0,0.0,0.0,0.0,0.0,0.0,0.0,,,,,18473,global,0.4
2,5,lr1e-04_bs32_modL1_fusion16_fusionL1_fusionBN0_drop0p1__wd1e-04trmiss40_trlocglobal,32,0.0001,0.0001,1,16,1,False,0.1,lr1e-04_bs32_modL1_fusion16_fusionL1_fusionBN0_drop0p1__wd1e-04trmiss40_trlocglobal,59,0.40931813915570575,0.7066718637943268,0.503968253968254,0.5187258479396015,0.5777777777777777,0.0,0.0,0.0,0.0,0.0,0.0,0.0,0.0,0.0,,,,,18473,global,0.4
2,5,lr1e-04_bs32_modL1_fusion16_fusionL1_fusionBN0_drop0p1__wd1e-04trmiss40_trlocglobal,32,0.0001,0.0001,1,16,1,False,0.1,lr1e-04_bs32_modL1_fusion16_fusionL1_fusionBN0_drop0p1__wd1e-04trmiss40_trlocglobal,60,0.412005474170049,0.7071954607963562,0.5,0.5173100354024656,0.5777777777777777,0.0,0.0,0.0,0.0,0.0,0.0,0.0,0.0,0.0,,,,,18473,global,0.4
2,5,lr1e-04_bs32_modL1_fusion16_fusionL1_fusionBN0_drop0p1__wd1e-04trmiss40_trlocglobal,32,0.0001,0.0001,1,16,1,False,0.1,lr1e-04_bs32_modL1_fusion16_fusionL1_fusionBN0_drop0p1__wd1e-04trmiss40_trlocglobal,61,0.41469424962997437,0.7080725133419037,0.503968253968254,0.521492484897415,0.5777777777777777,0.0,0.0,0.0,0.0,0.0,0.0,0.0,0.0,0.0,,,,,18473,global,0.4
2,5,lr1e-04_bs32_modL1_fusion16_fusionL1_fusionBN0_drop0p1__wd1e-04trmiss40_trlocglobal,32,0.0001,0.0001,1,16,1,False,0.1,lr1e-04_bs32_modL1_fusion16_fusionL1_fusionBN0_drop0p1__wd1e-04trmiss40_trlocglobal,62,0.40381289025147754,0.7079336643218994,0.503968253968254,0.521492484897415,0.5777777777777777,0.0,0.0,0.0,0.0,0.0,0.0,0.0,0.0,0.0,,,,,18473,global,0.4
2,5,lr1e-04_bs32_modL1_fusion32_fusionL1_fusionBN0_drop0p2__wd1e-04trmiss40_trlocglobal,32,0.0001,0.0001,1,32,1,False,0.2,lr1e-04_bs32_modL1_fusion32_fusionL1_fusionBN0_drop0p2__wd1e-04trmiss40_trlocglobal,1,0.711864193280538,0.695500373840332,0.498015873015873,0.5456074835170706,0.5111111111111111,0.0,0.0,0.0,0.0,0.0,0.0,0.0,0.0,0.0,,,,,18473,global,0.4
2,5,lr1e-04_bs32_modL1_fusion32_fusionL1_fusionBN0_drop0p2__wd1e-04trmiss40_trlocglobal,32,0.0001,0.0001,1,32,1,False,0.2,lr1e-04_bs32_modL1_fusion32_fusionL1_fusionBN0_drop0p2__wd1e-04trmiss40_trlocglobal,2,0.6778113543987274,0.693979024887085,0.511904761904762,0.576590313349876,0.5333333333333333,0.0,0.0,0.0,0.0,0.0,0.0,0.0,0.0,0.0,,,,,18473,global,0.4
2,5,lr1e-04_bs32_modL1_fusion32_fusionL1_fusionBN0_drop0p2__wd1e-04trmiss40_trlocglobal,32,0.0001,0.0001,1,32,1,False,0.2,lr1e-04_bs32_modL1_fusion32_fusionL1_fusionBN0_drop0p2__wd1e-04trmiss40_trlocglobal,3,0.6616948445638021,0.6917917728424072,0.5297619047619048,0.601894215283136,0.6,0.0,0.0,0.0,0.0,0.0,0.0,0.0,0.0,0.0,,,,,18473,global,0.4
2,5,lr1e-04_bs32_modL1_fusion32_fusionL1_fusionBN0_drop0p2__wd1e-04trmiss40_trlocglobal,32,0.0001,0.0001,1,32,1,False,0.2,lr1e-04_bs32_modL1_fusion32_fusionL1_fusionBN0_drop0p2__wd1e-04trmiss40_trlocglobal,4,0.6453308661778768,0.6897961795330048,0.5376984126984127,0.60936006161005,0.6222222222222222,0.0,0.0,0.0,0.0,0.0,0.0,0.0,0.0,0.0,,,,,18473,global,0.4
2,5,lr1e-04_bs32_modL1_fusion32_fusionL1_fusionBN0_drop0p2__wd1e-04trmiss40_trlocglobal,32,0.0001,0.0001,1,32,1,False,0.2,lr1e-04_bs32_modL1_fusion32_fusionL1_fusionBN0_drop0p2__wd1e-04trmiss40_trlocglobal,5,0.6344192028045654,0.690416008234024,0.5337301587301587,0.6086749197217535,0.6,0.0,0.0,0.0,0.0,0.0,0.0,0.0,0.0,0.0,,,,,18473,global,0.4
2,5,lr1e-04_bs32_modL1_fusion32_fusionL1_fusionBN0_drop0p2__wd1e-04trmiss40_trlocglobal,32,0.0001,0.0001,1,32,1,False,0.2,lr1e-04_bs32_modL1_fusion32_fusionL1_fusionBN0_drop0p2__wd1e-04trmiss40_trlocglobal,6,0.6390865743160248,0.6902956962585449,0.5496031746031746,0.620670272659737,0.6,0.0,0.0,0.0,0.0,0.0,0.0,0.0,0.0,0.0,,,,,18473,global,0.4
2,5,lr1e-04_bs32_modL1_fusion32_fusionL1_fusionBN0_drop0p2__wd1e-04trmiss40_trlocglobal,32,0.0001,0.0001,1,32,1,False,0.2,lr1e-04_bs32_modL1_fusion32_fusionL1_fusionBN0_drop0p2__wd1e-04trmiss40_trlocglobal,7,0.6127054293950399,0.6895004212856293,0.5456349206349207,0.604776161589242,0.6,0.0,0.0,0.0,0.0,0.0,0.0,0.0,0.0,0.0,,,,,18473,global,0.4
2,5,lr1e-04_bs32_modL1_fusion32_fusionL1_fusionBN0_drop0p2__wd1e-04trmiss40_trlocglobal,32,0.0001,0.0001,1,32,1,False,0.2,lr1e-04_bs32_modL1_fusion32_fusionL1_fusionBN0_drop0p2__wd1e-04trmiss40_trlocglobal,8,0.6107694705327352,0.6874205470085144,0.5396825396825398,0.593916121875981,0.6,0.0,0.0,0.0,0.0,0.0,0.0,0.0,0.0,0.0,,,,,18473,global,0.4
2,5,lr1e-04_bs32_modL1_fusion32_fusionL1_fusionBN0_drop0p2__wd1e-04trmiss40_trlocglobal,32,0.0001,0.0001,1,32,1,False,0.2,lr1e-04_bs32_modL1_fusion32_fusionL1_fusionBN0_drop0p2__wd1e-04trmiss40_trlocglobal,9,0.6072969535986582,0.6854562163352966,0.5535714285714286,0.6056644688881229,0.6,0.0,0.0,0.0,0.0,0.0,0.0,0.0,0.0,0.0,,,,,18473,global,0.4
2,5,lr1e-04_bs32_modL1_fusion32_fusionL1_fusionBN0_drop0p2__wd1e-04trmiss40_trlocglobal,32,0.0001,0.0001,1,32,1,False,0.2,lr1e-04_bs32_modL1_fusion32_fusionL1_fusionBN0_drop0p2__wd1e-04trmiss40_trlocglobal,10,0.6001050571600596,0.6829116642475128,0.5555555555555556,0.6068385757592912,0.5777777777777777,0.0,0.0,0.0,0.0,0.0,0.0,0.0,0.0,0.0,,,,,18473,global,0.4
2,5,lr1e-04_bs32_modL1_fusion32_fusionL1_fusionBN0_drop0p2__wd1e-04trmiss40_trlocglobal,32,0.0001,0.0001,1,32,1,False,0.2,lr1e-04_bs32_modL1_fusion32_fusionL1_fusionBN0_drop0p2__wd1e-04trmiss40_trlocglobal,11,0.5906637708346049,0.6791424751281738,0.6011904761904763,0.658594537708188,0.6,0.0,0.0,0.0,0.0,0.0,0.0,0.0,0.0,0.0,,,,,18473,global,0.4
2,5,lr1e-04_bs32_modL1_fusion32_fusionL1_fusionBN0_drop0p2__wd1e-04trmiss40_trlocglobal,32,0.0001,0.0001,1,32,1,False,0.2,lr1e-04_bs32_modL1_fusion32_fusionL1_fusionBN0_drop0p2__wd1e-04trmiss40_trlocglobal,12,0.5787045260270437,0.675863116979599,0.6190476190476191,0.672349302947228,0.6,0.0,0.0,0.0,0.0,0.0,0.0,0.0,0.0,0.0,,,,,18473,global,0.4
2,5,lr1e-04_bs32_modL1_fusion32_fusionL1_fusionBN0_drop0p2__wd1e-04trmiss40_trlocglobal,32,0.0001,0.0001,1,32,1,False,0.2,lr1e-04_bs32_modL1_fusion32_fusionL1_fusionBN0_drop0p2__wd1e-04trmiss40_trlocglobal,13,0.5727664530277252,0.6745699346065521,0.6329365079365079,0.6665986288914928,0.6666666666666666,0.0,0.0,0.0,0.0,0.0,0.0,0.0,0.0,0.0,,,,,18473,global,0.4
2,5,lr1e-04_bs32_modL1_fusion32_fusionL1_fusionBN0_drop0p2__wd1e-04trmiss40_trlocglobal,32,0.0001,0.0001,1,32,1,False,0.2,lr1e-04_bs32_modL1_fusion32_fusionL1_fusionBN0_drop0p2__wd1e-04trmiss40_trlocglobal,14,0.5684721867243449,0.6745346486568451,0.626984126984127,0.664643919896522,0.6444444444444445,0.0,0.0,0.0,0.0,0.0,0.0,0.0,0.0,0.0,,,,,18473,global,0.4
2,5,lr1e-04_bs32_modL1_fusion32_fusionL1_fusionBN0_drop0p2__wd1e-04trmiss40_trlocglobal,32,0.0001,0.0001,1,32,1,False,0.2,lr1e-04_bs32_modL1_fusion32_fusionL1_fusionBN0_drop0p2__wd1e-04trmiss40_trlocglobal,15,0.5579148928324381,0.6708400547504425,0.6329365079365079,0.6930590938120783,0.6444444444444445,0.0,0.0,0.0,0.0,0.0,0.0,0.0,0.0,0.0,,,,,18473,global,0.4
2,5,lr1e-04_bs32_modL1_fusion32_fusionL1_fusionBN0_drop0p2__wd1e-04trmiss40_trlocglobal,32,0.0001,0.0001,1,32,1,False,0.2,lr1e-04_bs32_modL1_fusion32_fusionL1_fusionBN0_drop0p2__wd1e-04trmiss40_trlocglobal,16,0.5485348800818125,0.6690186262130737,0.6428571428571428,0.6896921684798656,0.6444444444444445,0.0,0.0,0.0,0.0,0.0,0.0,0.0,0.0,0.0,,,,,18473,global,0.4
2,5,lr1e-04_bs32_modL1_fusion32_fusionL1_fusionBN0_drop0p2__wd1e-04trmiss40_trlocglobal,32,0.0001,0.0001,1,32,1,False,0.2,lr1e-04_bs32_modL1_fusion32_fusionL1_fusionBN0_drop0p2__wd1e-04trmiss40_trlocglobal,17,0.5531611740589142,0.6677657067775726,0.6448412698412699,0.7004442312967634,0.6666666666666666,0.0,0.0,0.0,0.0,0.0,0.0,0.0,0.0,0.0,,,,,18473,global,0.4
2,5,lr1e-04_bs32_modL1_fusion32_fusionL1_fusionBN0_drop0p2__wd1e-04trmiss40_trlocglobal,32,0.0001,0.0001,1,32,1,False,0.2,lr1e-04_bs32_modL1_fusion32_fusionL1_fusionBN0_drop0p2__wd1e-04trmiss40_trlocglobal,18,0.5311971207459768,0.6683471202850342,0.6428571428571429,0.6933575309922393,0.6666666666666666,0.0,0.0,0.0,0.0,0.0,0.0,0.0,0.0,0.0,,,,,18473,global,0.4
2,5,lr1e-04_bs32_modL1_fusion32_fusionL1_fusionBN0_drop0p2__wd1e-04trmiss40_trlocglobal,32,0.0001,0.0001,1,32,1,False,0.2,lr1e-04_bs32_modL1_fusion32_fusionL1_fusionBN0_drop0p2__wd1e-04trmiss40_trlocglobal,19,0.5282724301020304,0.6625751852989197,0.6507936507936509,0.707013827626394,0.6666666666666666,0.0,0.0,0.0,0.0,0.0,0.0,0.0,0.0,0.0,,,,,18473,global,0.4
2,5,lr1e-04_bs32_modL1_fusion32_fusionL1_fusionBN0_drop0p2__wd1e-04trmiss40_trlocglobal,32,0.0001,0.0001,1,32,1,False,0.2,lr1e-04_bs32_modL1_fusion32_fusionL1_fusionBN0_drop0p2__wd1e-04trmiss40_trlocglobal,20,0.5112531383832296,0.6617951393127441,0.6468253968253967,0.7023091150952413,0.6666666666666666,0.0,0.0,0.0,0.0,0.0,0.0,0.0,0.0,0.0,,,,,18473,global,0.4
2,5,lr1e-04_bs32_modL1_fusion32_fusionL1_fusionBN0_drop0p2__wd1e-04trmiss40_trlocglobal,32,0.0001,0.0001,1,32,1,False,0.2,lr1e-04_bs32_modL1_fusion32_fusionL1_fusionBN0_drop0p2__wd1e-04trmiss40_trlocglobal,21,0.5238707413276037,0.6653837859630585,0.6349206349206349,0.6882282422643684,0.6222222222222222,0.0,0.0,0.0,0.0,0.0,0.0,0.0,0.0,0.0,,,,,18473,global,0.4
2,5,lr1e-04_bs32_modL1_fusion32_fusionL1_fusionBN0_drop0p2__wd1e-04trmiss40_trlocglobal,32,0.0001,0.0001,1,32,1,False,0.2,lr1e-04_bs32_modL1_fusion32_fusionL1_fusionBN0_drop0p2__wd1e-04trmiss40_trlocglobal,22,0.528080572684606,0.6713153421878815,0.6309523809523809,0.6586890070489824,0.6444444444444445,0.0,0.0,0.0,0.0,0.0,0.0,0.0,0.0,0.0,,,,,18473,global,0.4
2,5,lr1e-04_bs32_modL1_fusion32_fusionL1_fusionBN0_drop0p2__wd1e-04trmiss40_trlocglobal,32,0.0001,0.0001,1,32,1,False,0.2,lr1e-04_bs32_modL1_fusion32_fusionL1_fusionBN0_drop0p2__wd1e-04trmiss40_trlocglobal,23,0.5084976752599081,0.6645961701869965,0.621031746031746,0.678522819087831,0.6666666666666666,0.0,0.0,0.0,0.0,0.0,0.0,0.0,0.0,0.0,,,,,18473,global,0.4
2,5,lr1e-04_bs32_modL1_fusion32_fusionL1_fusionBN0_drop0p2__wd1e-04trmiss40_trlocglobal,32,0.0001,0.0001,1,32,1,False,0.2,lr1e-04_bs32_modL1_fusion32_fusionL1_fusionBN0_drop0p2__wd1e-04trmiss40_trlocglobal,24,0.5023601601521174,0.6679508686065674,0.6349206349206349,0.677085765657428,0.6444444444444445,0.0,0.0,0.0,0.0,0.0,0.0,0.0,0.0,0.0,,,,,18473,global,0.4
2,5,lr1e-04_bs32_modL1_fusion32_fusionL1_fusionBN0_drop0p2__wd1e-04trmiss40_trlocglobal,32,0.0001,0.0001,1,32,1,False,0.2,lr1e-04_bs32_modL1_fusion32_fusionL1_fusionBN0_drop0p2__wd1e-04trmiss40_trlocglobal,25,0.4930693954229355,0.6694091856479645,0.625,0.6546967843472007,0.6222222222222222,0.0,0.0,0.0,0.0,0.0,0.0,0.0,0.0,0.0,,,,,18473,global,0.4
2,5,lr1e-04_bs32_modL1_fusion32_fusionL1_fusionBN0_drop0p2__wd1e-04trmiss40_trlocglobal,32,0.0001,0.0001,1,32,1,False,0.2,lr1e-04_bs32_modL1_fusion32_fusionL1_fusionBN0_drop0p2__wd1e-04trmiss40_trlocglobal,26,0.4811182717482249,0.6706731915473938,0.625,0.6451049212475851,0.6666666666666666,0.0,0.0,0.0,0.0,0.0,0.0,0.0,0.0,0.0,,,,,18473,global,0.4
2,5,lr1e-04_bs32_modL1_fusion32_fusionL1_fusionBN0_drop0p2__wd1e-04trmiss40_trlocglobal,32,0.0001,0.0001,1,32,1,False,0.2,lr1e-04_bs32_modL1_fusion32_fusionL1_fusionBN0_drop0p2__wd1e-04trmiss40_trlocglobal,27,0.46992280582586926,0.6680656969547272,0.6388888888888888,0.6808446987894261,0.6444444444444445,0.0,0.0,0.0,0.0,0.0,0.0,0.0,0.0,0.0,,,,,18473,global,0.4
2,5,lr1e-04_bs32_modL1_fusion32_fusionL1_fusionBN0_drop0p2__wd1e-04trmiss40_trlocglobal,32,0.0001,0.0001,1,32,1,False,0.2,lr1e-04_bs32_modL1_fusion32_fusionL1_fusionBN0_drop0p2__wd1e-04trmiss40_trlocglobal,28,0.4751565804084142,0.6665633618831635,0.6448412698412698,0.6857107702179975,0.6444444444444445,0.0,0.0,0.0,0.0,0.0,0.0,0.0,0.0,0.0,,,,,18473,global,0.4
2,5,lr1e-04_bs32_modL1_fusion32_fusionL1_fusionBN0_drop0p2__wd1e-04trmiss40_trlocglobal,32,0.0001,0.0001,1,32,1,False,0.2,lr1e-04_bs32_modL1_fusion32_fusionL1_fusionBN0_drop0p2__wd1e-04trmiss40_trlocglobal,29,0.4728738119204839,0.666008710861206,0.6488095238095237,0.6651852020361795,0.6666666666666666,0.0,0.0,0.0,0.0,0.0,0.0,0.0,0.0,0.0,,,,,18473,global,0.4
2,5,lr1e-04_bs32_modL1_fusion32_fusionL1_fusionBN0_drop0p2__wd1e-04trmiss40_trlocglobal,32,0.0001,0.0001,1,32,1,False,0.2,lr1e-04_bs32_modL1_fusion32_fusionL1_fusionBN0_drop0p2__wd1e-04trmiss40_trlocglobal,30,0.45683105289936066,0.6646243333816528,0.6488095238095237,0.6657060353695129,0.6666666666666666,0.0,0.0,0.0,0.0,0.0,0.0,0.0,0.0,0.0,,,,,18473,global,0.4
2,5,lr1e-04_bs32_modL1_fusion32_fusionL1_fusionBN0_drop0p2__wd1e-04trmiss40_trlocglobal,32,0.0001,0.0001,1,32,1,False,0.2,lr1e-04_bs32_modL1_fusion32_fusionL1_fusionBN0_drop0p2__wd1e-04trmiss40_trlocglobal,31,0.4613163471221924,0.6632244288921356,0.6388888888888888,0.6798597298468333,0.6444444444444445,0.0,0.0,0.0,0.0,0.0,0.0,0.0,0.0,0.0,,,,,18473,global,0.4
2,5,lr1e-04_bs32_modL1_fusion32_fusionL1_fusionBN0_drop0p2__wd1e-04trmiss40_trlocglobal,32,0.0001,0.0001,1,32,1,False,0.2,lr1e-04_bs32_modL1_fusion32_fusionL1_fusionBN0_drop0p2__wd1e-04trmiss40_trlocglobal,32,0.45486798385779065,0.6636344194412231,0.6468253968253967,0.6848678948951493,0.6888888888888889,0.0,0.0,0.0,0.0,0.0,0.0,0.0,0.0,0.0,,,,,18473,global,0.4
2,5,lr1e-04_bs32_modL1_fusion32_fusionL1_fusionBN0_drop0p2__wd1e-04trmiss40_trlocglobal,32,0.0001,0.0001,1,32,1,False,0.2,lr1e-04_bs32_modL1_fusion32_fusionL1_fusionBN0_drop0p2__wd1e-04trmiss40_trlocglobal,33,0.43681629995505017,0.6673203706741333,0.628968253968254,0.6393230724403011,0.6666666666666666,0.0,0.0,0.0,0.0,0.0,0.0,0.0,0.0,0.0,,,,,18473,global,0.4
2,5,lr1e-04_bs32_modL1_fusion32_fusionL1_fusionBN0_drop0p2__wd1e-04trmiss40_trlocglobal,32,0.0001,0.0001,1,32,1,False,0.2,lr1e-04_bs32_modL1_fusion32_fusionL1_fusionBN0_drop0p2__wd1e-04trmiss40_trlocglobal,34,0.43836909035841626,0.6675443351268768,0.6309523809523809,0.6416431712637566,0.6666666666666666,0.0,0.0,0.0,0.0,0.0,0.0,0.0,0.0,0.0,,,,,18473,global,0.4
2,5,lr1e-04_bs32_modL1_fusion32_fusionL1_fusionBN0_drop0p2__wd1e-04trmiss40_trlocglobal,32,0.0001,0.0001,1,32,1,False,0.2,lr1e-04_bs32_modL1_fusion32_fusionL1_fusionBN0_drop0p2__wd1e-04trmiss40_trlocglobal,35,0.43408146997292835,0.660729318857193,0.6646825396825397,0.7068962575287173,0.6666666666666666,0.0,0.0,0.0,0.0,0.0,0.0,0.0,0.0,0.0,,,,,18473,global,0.4
2,5,lr1e-04_bs32_modL1_fusion32_fusionL1_fusionBN0_drop0p2__wd1e-04trmiss40_trlocglobal,32,0.0001,0.0001,1,32,1,False,0.2,lr1e-04_bs32_modL1_fusion32_fusionL1_fusionBN0_drop0p2__wd1e-04trmiss40_trlocglobal,36,0.4192346582810084,0.6636350452899933,0.6428571428571428,0.6825243923443516,0.6444444444444445,0.0,0.0,0.0,0.0,0.0,0.0,0.0,0.0,0.0,,,,,18473,global,0.4
2,5,lr1e-04_bs32_modL1_fusion32_fusionL1_fusionBN0_drop0p2__wd1e-04trmiss40_trlocglobal,32,0.0001,0.0001,1,32,1,False,0.2,lr1e-04_bs32_modL1_fusion32_fusionL1_fusionBN0_drop0p2__wd1e-04trmiss40_trlocglobal,37,0.42621584236621857,0.6659825444221497,0.6349206349206349,0.6757421055610267,0.6444444444444445,0.0,0.0,0.0,0.0,0.0,0.0,0.0,0.0,0.0,,,,,18473,global,0.4
2,5,lr1e-04_bs32_modL1_fusion32_fusionL1_fusionBN0_drop0p2__wd1e-04trmiss40_trlocglobal,32,0.0001,0.0001,1,32,1,False,0.2,lr1e-04_bs32_modL1_fusion32_fusionL1_fusionBN0_drop0p2__wd1e-04trmiss40_trlocglobal,38,0.42215006550153095,0.6677132844924927,0.6369047619047619,0.6792019140333033,0.6222222222222222,0.0,0.0,0.0,0.0,0.0,0.0,0.0,0.0,0.0,,,,,18473,global,0.4
2,5,lr1e-04_bs32_modL1_fusion32_fusionL1_fusionBN0_drop0p2__wd1e-04trmiss40_trlocglobal,32,0.0001,0.0001,1,32,1,False,0.2,lr1e-04_bs32_modL1_fusion32_fusionL1_fusionBN0_drop0p2__wd1e-04trmiss40_trlocglobal,39,0.400060956676801,0.6687479317188263,0.626984126984127,0.659020518076136,0.6222222222222222,0.0,0.0,0.0,0.0,0.0,0.0,0.0,0.0,0.0,,,,,18473,global,0.4
2,5,lr1e-04_bs32_modL1_fusion32_fusionL1_fusionBN0_drop0p2__wd1e-04trmiss40_trlocglobal,32,0.0001,0.0001,1,32,1,False,0.2,lr1e-04_bs32_modL1_fusion32_fusionL1_fusionBN0_drop0p2__wd1e-04trmiss40_trlocglobal,40,0.4035687893629074,0.667281836271286,0.6329365079365079,0.6756263562343935,0.6444444444444445,0.0,0.0,0.0,0.0,0.0,0.0,0.0,0.0,0.0,,,,,18473,global,0.4
2,5,lr1e-04_bs32_modL1_fusion32_fusionL1_fusionBN0_drop0p2__wd1e-04trmiss40_trlocglobal,32,0.0001,0.0001,1,32,1,False,0.2,lr1e-04_bs32_modL1_fusion32_fusionL1_fusionBN0_drop0p2__wd1e-04trmiss40_trlocglobal,41,0.3948688954114914,0.6619657576084137,0.6527777777777778,0.6885318667751777,0.6222222222222222,0.0,0.0,0.0,0.0,0.0,0.0,0.0,0.0,0.0,,,,,18473,global,0.4
2,5,lr1e-04_bs32_modL1_fusion32_fusionL1_fusionBN0_drop0p2__wd1e-04trmiss40_trlocglobal,32,0.0001,0.0001,1,32,1,False,0.2,lr1e-04_bs32_modL1_fusion32_fusionL1_fusionBN0_drop0p2__wd1e-04trmiss40_trlocglobal,42,0.40660586953163147,0.6621115803718567,0.6587301587301587,0.6805081949020645,0.6,0.0,0.0,0.0,0.0,0.0,0.0,0.0,0.0,0.0,,,,,18473,global,0.4
2,5,lr1e-04_bs32_modL1_fusion32_fusionL1_fusionBN0_drop0p2__wd1e-04trmiss40_trlocglobal,32,0.0001,0.0001,1,32,1,False,0.2,lr1e-04_bs32_modL1_fusion32_fusionL1_fusionBN0_drop0p2__wd1e-04trmiss40_trlocglobal,43,0.3903275777896245,0.664716511964798,0.6488095238095237,0.6750427775001763,0.6,0.0,0.0,0.0,0.0,0.0,0.0,0.0,0.0,0.0,,,,,18473,global,0.4
2,5,lr1e-04_bs32_modL1_fusion32_fusionL1_fusionBN0_drop0p2__wd1e-04trmiss40_trlocglobal,32,0.0001,0.0001,1,32,1,False,0.2,lr1e-04_bs32_modL1_fusion32_fusionL1_fusionBN0_drop0p2__wd1e-04trmiss40_trlocglobal,44,0.40105409920215607,0.665997177362442,0.6448412698412698,0.6739166366101386,0.6,0.0,0.0,0.0,0.0,0.0,0.0,0.0,0.0,0.0,,,,,18473,global,0.4
2,5,lr1e-04_bs32_modL1_fusion32_fusionL1_fusionBN0_drop0p2__wd1e-04trmiss40_trlocglobal,32,0.0001,0.0001,1,32,1,False,0.2,lr1e-04_bs32_modL1_fusion32_fusionL1_fusionBN0_drop0p2__wd1e-04trmiss40_trlocglobal,45,0.40209796528021496,0.6690681874752045,0.6369047619047619,0.6690864529582473,0.6222222222222222,0.0,0.0,0.0,0.0,0.0,0.0,0.0,0.0,0.0,,,,,18473,global,0.4
2,5,lr1e-04_bs32_modL1_fusion32_fusionL1_fusionBN0_drop0p2__wd1e-04trmiss40_trlocglobal,32,0.0001,0.0001,1,32,1,False,0.2,lr1e-04_bs32_modL1_fusion32_fusionL1_fusionBN0_drop0p2__wd1e-04trmiss40_trlocglobal,46,0.38750705122947693,0.6661811470985413,0.6428571428571428,0.6711088462133665,0.6222222222222222,0.0,0.0,0.0,0.0,0.0,0.0,0.0,0.0,0.0,,,,,18473,global,0.4
2,5,lr1e-04_bs32_modL1_fusion32_fusionL1_fusionBN0_drop0p2__wd1e-04trmiss40_trlocglobal,32,0.0001,0.0001,1,32,1,False,0.2,lr1e-04_bs32_modL1_fusion32_fusionL1_fusionBN0_drop0p2__wd1e-04trmiss40_trlocglobal,47,0.3800140569607417,0.6641991138458252,0.6547619047619048,0.6825816341884031,0.6,0.0,0.0,0.0,0.0,0.0,0.0,0.0,0.0,0.0,,,,,18473,global,0.4
2,5,lr1e-04_bs32_modL1_fusion32_fusionL1_fusionBN0_drop0p2__wd1e-04trmiss40_trlocglobal,32,0.0001,0.0001,1,32,1,False,0.2,lr1e-04_bs32_modL1_fusion32_fusionL1_fusionBN0_drop0p2__wd1e-04trmiss40_trlocglobal,48,0.3722689300775528,0.6644459366798401,0.6547619047619048,0.6940288084659268,0.6222222222222222,0.0,0.0,0.0,0.0,0.0,0.0,0.0,0.0,0.0,,,,,18473,global,0.4
2,5,lr1e-04_bs32_modL1_fusion32_fusionL1_fusionBN0_drop0p2__wd1e-04trmiss40_trlocglobal,32,0.0001,0.0001,1,32,1,False,0.2,lr1e-04_bs32_modL1_fusion32_fusionL1_fusionBN0_drop0p2__wd1e-04trmiss40_trlocglobal,49,0.3819607049226761,0.6632321774959564,0.6567460317460317,0.6941265058209939,0.6222222222222222,0.0,0.0,0.0,0.0,0.0,0.0,0.0,0.0,0.0,,,,,18473,global,0.4
2,5,lr1e-04_bs32_modL1_fusion32_fusionL1_fusionBN0_drop0p2__wd1e-04trmiss40_trlocglobal,32,0.0001,0.0001,1,32,1,False,0.2,lr1e-04_bs32_modL1_fusion32_fusionL1_fusionBN0_drop0p2__wd1e-04trmiss40_trlocglobal,50,0.3775038719177246,0.6645455360412598,0.6488095238095237,0.6714001783628976,0.6222222222222222,0.0,0.0,0.0,0.0,0.0,0.0,0.0,0.0,0.0,,,,,18473,global,0.4
2,5,lr1e-04_bs32_modL1_fusion32_fusionL1_fusionBN0_drop0p2__wd1e-04trmiss40_trlocglobal,32,0.0001,0.0001,1,32,1,False,0.2,lr1e-04_bs32_modL1_fusion32_fusionL1_fusionBN0_drop0p2__wd1e-04trmiss40_trlocglobal,51,0.37781213223934174,0.6620843708515167,0.6567460317460316,0.6801713136285981,0.6444444444444445,0.0,0.0,0.0,0.0,0.0,0.0,0.0,0.0,0.0,,,,,18473,global,0.4
2,5,lr1e-04_bs32_modL1_fusion32_fusionL1_fusionBN0_drop0p2__wd1e-04trmiss40_trlocglobal,32,0.0001,0.0001,1,32,1,False,0.2,lr1e-04_bs32_modL1_fusion32_fusionL1_fusionBN0_drop0p2__wd1e-04trmiss40_trlocglobal,52,0.3676036447286606,0.6645148396492004,0.6507936507936508,0.6794145165304821,0.6444444444444445,0.0,0.0,0.0,0.0,0.0,0.0,0.0,0.0,0.0,,,,,18473,global,0.4
2,5,lr1e-04_bs32_modL1_fusion32_fusionL1_fusionBN0_drop0p2__wd1e-04trmiss40_trlocglobal,32,0.0001,0.0001,1,32,1,False,0.2,lr1e-04_bs32_modL1_fusion32_fusionL1_fusionBN0_drop0p2__wd1e-04trmiss40_trlocglobal,53,0.35490211347738904,0.6626971065998077,0.6587301587301587,0.6852008474069333,0.6666666666666666,0.0,0.0,0.0,0.0,0.0,0.0,0.0,0.0,0.0,,,,,18473,global,0.4
2,5,lr1e-04_bs32_modL1_fusion32_fusionL1_fusionBN0_drop0p2__wd1e-04trmiss40_trlocglobal,32,0.0001,0.0001,1,32,1,False,0.2,lr1e-04_bs32_modL1_fusion32_fusionL1_fusionBN0_drop0p2__wd1e-04trmiss40_trlocglobal,54,0.3696451038122177,0.6647100448608398,0.6547619047619047,0.677960767789792,0.6444444444444445,0.0,0.0,0.0,0.0,0.0,0.0,0.0,0.0,0.0,,,,,18473,global,0.4
2,5,lr1e-04_bs32_modL1_fusion32_fusionL1_fusionBN0_drop0p2__wd1e-04trmiss40_trlocglobal,32,0.0001,0.0001,1,32,1,False,0.2,lr1e-04_bs32_modL1_fusion32_fusionL1_fusionBN0_drop0p2__wd1e-04trmiss40_trlocglobal,55,0.36592964828014374,0.6631535887718201,0.6488095238095238,0.672219435319284,0.6444444444444445,0.0,0.0,0.0,0.0,0.0,0.0,0.0,0.0,0.0,,,,,18473,global,0.4
2,5,lr1e-04_bs32_modL1_fusion32_fusionL1_fusionBN0_drop0p1__wd1e-04trmiss40_trlocglobal,32,0.0001,0.0001,1,32,1,False,0.1,lr1e-04_bs32_modL1_fusion32_fusionL1_fusionBN0_drop0p1__wd1e-04trmiss40_trlocglobal,1,0.6987277666727701,0.6885182857513428,0.5376984126984128,0.5535345787941839,0.5111111111111111,0.0,0.0,0.0,0.0,0.0,0.0,0.0,0.0,0.0,,,,,18473,global,0.4
2,5,lr1e-04_bs32_modL1_fusion32_fusionL1_fusionBN0_drop0p1__wd1e-04trmiss40_trlocglobal,32,0.0001,0.0001,1,32,1,False,0.1,lr1e-04_bs32_modL1_fusion32_fusionL1_fusionBN0_drop0p1__wd1e-04trmiss40_trlocglobal,2,0.6818824807802836,0.684202641248703,0.5753968253968254,0.5683867769820439,0.4888888888888889,0.0,0.0,0.0,0.0,0.0,0.0,0.0,0.0,0.0,,,,,18473,global,0.4
2,5,lr1e-04_bs32_modL1_fusion32_fusionL1_fusionBN0_drop0p1__wd1e-04trmiss40_trlocglobal,32,0.0001,0.0001,1,32,1,False,0.1,lr1e-04_bs32_modL1_fusion32_fusionL1_fusionBN0_drop0p1__wd1e-04trmiss40_trlocglobal,3,0.67067618171374,0.6827141344547272,0.5892857142857143,0.5820827792770684,0.5333333333333333,0.0,0.0,0.0,0.0,0.0,0.0,0.0,0.0,0.0,,,,,18473,global,0.4
2,5,lr1e-04_bs32_modL1_fusion32_fusionL1_fusionBN0_drop0p1__wd1e-04trmiss40_trlocglobal,32,0.0001,0.0001,1,32,1,False,0.1,lr1e-04_bs32_modL1_fusion32_fusionL1_fusionBN0_drop0p1__wd1e-04trmiss40_trlocglobal,4,0.6606750090916952,0.6822846531867981,0.5912698412698413,0.5841825269021642,0.5777777777777777,0.0,0.0,0.0,0.0,0.0,0.0,0.0,0.0,0.0,,,,,18473,global,0.4
2,5,lr1e-04_bs32_modL1_fusion32_fusionL1_fusionBN0_drop0p1__wd1e-04trmiss40_trlocglobal,32,0.0001,0.0001,1,32,1,False,0.1,lr1e-04_bs32_modL1_fusion32_fusionL1_fusionBN0_drop0p1__wd1e-04trmiss40_trlocglobal,5,0.6504438618818918,0.6811335384845734,0.5912698412698413,0.5858895598055327,0.6,0.0,0.0,0.0,0.0,0.0,0.0,0.0,0.0,0.0,,,,,18473,global,0.4
2,5,lr1e-04_bs32_modL1_fusion32_fusionL1_fusionBN0_drop0p1__wd1e-04trmiss40_trlocglobal,32,0.0001,0.0001,1,32,1,False,0.1,lr1e-04_bs32_modL1_fusion32_fusionL1_fusionBN0_drop0p1__wd1e-04trmiss40_trlocglobal,6,0.644877145687739,0.6797836720943451,0.5912698412698413,0.5843737550429655,0.6222222222222222,0.0,0.0,0.0,0.0,0.0,0.0,0.0,0.0,0.0,,,,,18473,global,0.4
2,5,lr1e-04_bs32_modL1_fusion32_fusionL1_fusionBN0_drop0p1__wd1e-04trmiss40_trlocglobal,32,0.0001,0.0001,1,32,1,False,0.1,lr1e-04_bs32_modL1_fusion32_fusionL1_fusionBN0_drop0p1__wd1e-04trmiss40_trlocglobal,7,0.6363771160443624,0.6794829070568085,0.5892857142857142,0.5854356094968478,0.6,0.0,0.0,0.0,0.0,0.0,0.0,0.0,0.0,0.0,,,,,18473,global,0.4
2,5,lr1e-04_bs32_modL1_fusion32_fusionL1_fusionBN0_drop0p1__wd1e-04trmiss40_trlocglobal,32,0.0001,0.0001,1,32,1,False,0.1,lr1e-04_bs32_modL1_fusion32_fusionL1_fusionBN0_drop0p1__wd1e-04trmiss40_trlocglobal,8,0.6301750242710114,0.6781648099422455,0.5873015873015873,0.5755929342555657,0.6222222222222222,0.0,0.0,0.0,0.0,0.0,0.0,0.0,0.0,0.0,,,,,18473,global,0.4
2,5,lr1e-04_bs32_modL1_fusion32_fusionL1_fusionBN0_drop0p1__wd1e-04trmiss40_trlocglobal,32,0.0001,0.0001,1,32,1,False,0.1,lr1e-04_bs32_modL1_fusion32_fusionL1_fusionBN0_drop0p1__wd1e-04trmiss40_trlocglobal,9,0.6238162517547607,0.6765582859516144,0.6031746031746031,0.5855059355281503,0.6222222222222222,0.0,0.0,0.0,0.0,0.0,0.0,0.0,0.0,0.0,,,,,18473,global,0.4
2,5,lr1e-04_bs32_modL1_fusion32_fusionL1_fusionBN0_drop0p1__wd1e-04trmiss40_trlocglobal,32,0.0001,0.0001,1,32,1,False,0.1,lr1e-04_bs32_modL1_fusion32_fusionL1_fusionBN0_drop0p1__wd1e-04trmiss40_trlocglobal,10,0.6223285893599192,0.6755008101463318,0.6011904761904762,0.584980553884372,0.6222222222222222,0.0,0.0,0.0,0.0,0.0,0.0,0.0,0.0,0.0,,,,,18473,global,0.4
2,5,lr1e-04_bs32_modL1_fusion32_fusionL1_fusionBN0_drop0p1__wd1e-04trmiss40_trlocglobal,32,0.0001,0.0001,1,32,1,False,0.1,lr1e-04_bs32_modL1_fusion32_fusionL1_fusionBN0_drop0p1__wd1e-04trmiss40_trlocglobal,11,0.609454870223999,0.6756589412689209,0.6130952380952381,0.6060065336460254,0.6,0.0,0.0,0.0,0.0,0.0,0.0,0.0,0.0,0.0,,,,,18473,global,0.4
2,5,lr1e-04_bs32_modL1_fusion32_fusionL1_fusionBN0_drop0p1__wd1e-04trmiss40_trlocglobal,32,0.0001,0.0001,1,32,1,False,0.1,lr1e-04_bs32_modL1_fusion32_fusionL1_fusionBN0_drop0p1__wd1e-04trmiss40_trlocglobal,12,0.6087760130564371,0.6731564700603485,0.628968253968254,0.6292685299343375,0.6222222222222222,0.0,0.0,0.0,0.0,0.0,0.0,0.0,0.0,0.0,,,,,18473,global,0.4
2,5,lr1e-04_bs32_modL1_fusion32_fusionL1_fusionBN0_drop0p1__wd1e-04trmiss40_trlocglobal,32,0.0001,0.0001,1,32,1,False,0.1,lr1e-04_bs32_modL1_fusion32_fusionL1_fusionBN0_drop0p1__wd1e-04trmiss40_trlocglobal,13,0.5976882179578146,0.6714843809604645,0.6428571428571429,0.6233492416714528,0.6,0.0,0.0,0.0,0.0,0.0,0.0,0.0,0.0,0.0,,,,,18473,global,0.4
2,5,lr1e-04_bs32_modL1_fusion32_fusionL1_fusionBN0_drop0p1__wd1e-04trmiss40_trlocglobal,32,0.0001,0.0001,1,32,1,False,0.1,lr1e-04_bs32_modL1_fusion32_fusionL1_fusionBN0_drop0p1__wd1e-04trmiss40_trlocglobal,14,0.5923487842082977,0.6709785759449005,0.630952380952381,0.6191590872994419,0.6,0.0,0.0,0.0,0.0,0.0,0.0,0.0,0.0,0.0,,,,,18473,global,0.4
2,5,lr1e-04_bs32_modL1_fusion32_fusionL1_fusionBN0_drop0p1__wd1e-04trmiss40_trlocglobal,32,0.0001,0.0001,1,32,1,False,0.1,lr1e-04_bs32_modL1_fusion32_fusionL1_fusionBN0_drop0p1__wd1e-04trmiss40_trlocglobal,15,0.5913281937440237,0.6680278480052948,0.6408730158730158,0.6383786890381447,0.6,0.0,0.0,0.0,0.0,0.0,0.0,0.0,0.0,0.0,,,,,18473,global,0.4
2,5,lr1e-04_bs32_modL1_fusion32_fusionL1_fusionBN0_drop0p1__wd1e-04trmiss40_trlocglobal,32,0.0001,0.0001,1,32,1,False,0.1,lr1e-04_bs32_modL1_fusion32_fusionL1_fusionBN0_drop0p1__wd1e-04trmiss40_trlocglobal,16,0.5853954255580902,0.6663704812526703,0.6488095238095238,0.6176561772858598,0.6222222222222222,0.0,0.0,0.0,0.0,0.0,0.0,0.0,0.0,0.0,,,,,18473,global,0.4
2,5,lr1e-04_bs32_modL1_fusion32_fusionL1_fusionBN0_drop0p1__wd1e-04trmiss40_trlocglobal,32,0.0001,0.0001,1,32,1,False,0.1,lr1e-04_bs32_modL1_fusion32_fusionL1_fusionBN0_drop0p1__wd1e-04trmiss40_trlocglobal,17,0.5792940258979797,0.6664832532405853,0.6488095238095238,0.6102980078812584,0.6444444444444445,0.0,0.0,0.0,0.0,0.0,0.0,0.0,0.0,0.0,,,,,18473,global,0.4
2,5,lr1e-04_bs32_modL1_fusion32_fusionL1_fusionBN0_drop0p1__wd1e-04trmiss40_trlocglobal,32,0.0001,0.0001,1,32,1,False,0.1,lr1e-04_bs32_modL1_fusion32_fusionL1_fusionBN0_drop0p1__wd1e-04trmiss40_trlocglobal,18,0.5669491390387217,0.6690617203712463,0.628968253968254,0.6062450231590968,0.6222222222222222,0.0,0.0,0.0,0.0,0.0,0.0,0.0,0.0,0.0,,,,,18473,global,0.4
2,5,lr1e-04_bs32_modL1_fusion32_fusionL1_fusionBN0_drop0p1__wd1e-04trmiss40_trlocglobal,32,0.0001,0.0001,1,32,1,False,0.1,lr1e-04_bs32_modL1_fusion32_fusionL1_fusionBN0_drop0p1__wd1e-04trmiss40_trlocglobal,19,0.5667232970396677,0.668548196554184,0.623015873015873,0.6269869725478802,0.6,0.0,0.0,0.0,0.0,0.0,0.0,0.0,0.0,0.0,,,,,18473,global,0.4
2,5,lr1e-04_bs32_modL1_fusion32_fusionL1_fusionBN0_drop0p1__wd1e-04trmiss40_trlocglobal,32,0.0001,0.0001,1,32,1,False,0.1,lr1e-04_bs32_modL1_fusion32_fusionL1_fusionBN0_drop0p1__wd1e-04trmiss40_trlocglobal,20,0.5586791237195333,0.6691088378429413,0.626984126984127,0.6284291964538722,0.5555555555555556,0.0,0.0,0.0,0.0,0.0,0.0,0.0,0.0,0.0,,,,,18473,global,0.4
2,5,lr1e-04_bs32_modL1_fusion32_fusionL1_fusionBN0_drop0p1__wd1e-04trmiss40_trlocglobal,32,0.0001,0.0001,1,32,1,False,0.1,lr1e-04_bs32_modL1_fusion32_fusionL1_fusionBN0_drop0p1__wd1e-04trmiss40_trlocglobal,21,0.5564609368642172,0.6684017181396484,0.621031746031746,0.5971721259040084,0.6,0.0,0.0,0.0,0.0,0.0,0.0,0.0,0.0,0.0,,,,,18473,global,0.4
2,5,lr1e-04_bs32_modL1_fusion32_fusionL1_fusionBN0_drop0p1__wd1e-04trmiss40_trlocglobal,32,0.0001,0.0001,1,32,1,False,0.1,lr1e-04_bs32_modL1_fusion32_fusionL1_fusionBN0_drop0p1__wd1e-04trmiss40_trlocglobal,22,0.5447841584682465,0.6683379709720612,0.621031746031746,0.6023165915116104,0.5777777777777777,0.0,0.0,0.0,0.0,0.0,0.0,0.0,0.0,0.0,,,,,18473,global,0.4
2,5,lr1e-04_bs32_modL1_fusion32_fusionL1_fusionBN0_drop0p1__wd1e-04trmiss40_trlocglobal,32,0.0001,0.0001,1,32,1,False,0.1,lr1e-04_bs32_modL1_fusion32_fusionL1_fusionBN0_drop0p1__wd1e-04trmiss40_trlocglobal,23,0.5374698837598165,0.663646012544632,0.6091269841269842,0.6124292729718785,0.6,0.0,0.0,0.0,0.0,0.0,0.0,0.0,0.0,0.0,,,,,18473,global,0.4
2,5,lr1e-04_bs32_modL1_fusion32_fusionL1_fusionBN0_drop0p1__wd1e-04trmiss40_trlocglobal,32,0.0001,0.0001,1,32,1,False,0.1,lr1e-04_bs32_modL1_fusion32_fusionL1_fusionBN0_drop0p1__wd1e-04trmiss40_trlocglobal,24,0.5412001609802246,0.6641524136066437,0.6071428571428571,0.6142111947413491,0.6,0.0,0.0,0.0,0.0,0.0,0.0,0.0,0.0,0.0,,,,,18473,global,0.4
2,5,lr1e-04_bs32_modL1_fusion32_fusionL1_fusionBN0_drop0p1__wd1e-04trmiss40_trlocglobal,32,0.0001,0.0001,1,32,1,False,0.1,lr1e-04_bs32_modL1_fusion32_fusionL1_fusionBN0_drop0p1__wd1e-04trmiss40_trlocglobal,25,0.5291637082894644,0.6645150184631348,0.6091269841269842,0.6136291092790849,0.6,0.0,0.0,0.0,0.0,0.0,0.0,0.0,0.0,0.0,,,,,18473,global,0.4
2,5,lr1e-04_bs32_modL1_fusion32_fusionL1_fusionBN0_drop0p1__wd1e-04trmiss40_trlocglobal,32,0.0001,0.0001,1,32,1,False,0.1,lr1e-04_bs32_modL1_fusion32_fusionL1_fusionBN0_drop0p1__wd1e-04trmiss40_trlocglobal,26,0.5186677277088165,0.6690049171447754,0.5833333333333334,0.5862109220161982,0.5777777777777777,0.0,0.0,0.0,0.0,0.0,0.0,0.0,0.0,0.0,,,,,18473,global,0.4
2,5,lr1e-04_bs32_modL1_fusion32_fusionL1_fusionBN0_drop0p1__wd1e-04trmiss40_trlocglobal,32,0.0001,0.0001,1,32,1,False,0.1,lr1e-04_bs32_modL1_fusion32_fusionL1_fusionBN0_drop0p1__wd1e-04trmiss40_trlocglobal,27,0.5160066286722819,0.6668774485588074,0.5734126984126985,0.5794004822561014,0.5777777777777777,0.0,0.0,0.0,0.0,0.0,0.0,0.0,0.0,0.0,,,,,18473,global,0.4
2,5,lr1e-04_bs32_modL1_fusion32_fusionL1_fusionBN0_drop0p1__wd1e-04trmiss40_trlocglobal,32,0.0001,0.0001,1,32,1,False,0.1,lr1e-04_bs32_modL1_fusion32_fusionL1_fusionBN0_drop0p1__wd1e-04trmiss40_trlocglobal,28,0.5078050593535105,0.6636736989021301,0.5714285714285714,0.5950291469703735,0.5777777777777777,0.0,0.0,0.0,0.0,0.0,0.0,0.0,0.0,0.0,,,,,18473,global,0.4
2,5,lr1e-04_bs32_modL1_fusion32_fusionL1_fusionBN0_drop0p1__wd1e-04trmiss40_trlocglobal,32,0.0001,0.0001,1,32,1,False,0.1,lr1e-04_bs32_modL1_fusion32_fusionL1_fusionBN0_drop0p1__wd1e-04trmiss40_trlocglobal,29,0.5159969131151835,0.6651496291160583,0.5674603174603174,0.5761385241333268,0.5777777777777777,0.0,0.0,0.0,0.0,0.0,0.0,0.0,0.0,0.0,,,,,18473,global,0.4
2,5,lr1e-04_bs32_modL1_fusion32_fusionL1_fusionBN0_drop0p1__wd1e-04trmiss40_trlocglobal,32,0.0001,0.0001,1,32,1,False,0.1,lr1e-04_bs32_modL1_fusion32_fusionL1_fusionBN0_drop0p1__wd1e-04trmiss40_trlocglobal,30,0.5022997856140137,0.6618739366531372,0.5972222222222223,0.598622124665924,0.5555555555555556,0.0,0.0,0.0,0.0,0.0,0.0,0.0,0.0,0.0,,,,,18473,global,0.4
2,5,lr1e-04_bs32_modL1_fusion32_fusionL1_fusionBN0_drop0p1__wd1e-04trmiss40_trlocglobal,32,0.0001,0.0001,1,32,1,False,0.1,lr1e-04_bs32_modL1_fusion32_fusionL1_fusionBN0_drop0p1__wd1e-04trmiss40_trlocglobal,31,0.48729919890562695,0.6624284088611603,0.5972222222222223,0.5970287086510684,0.6,0.0,0.0,0.0,0.0,0.0,0.0,0.0,0.0,0.0,,,,,18473,global,0.4
2,5,lr1e-04_bs32_modL1_fusion32_fusionL1_fusionBN0_drop0p1__wd1e-04trmiss40_trlocglobal,32,0.0001,0.0001,1,32,1,False,0.1,lr1e-04_bs32_modL1_fusion32_fusionL1_fusionBN0_drop0p1__wd1e-04trmiss40_trlocglobal,32,0.4931119531393051,0.6604796648025513,0.5694444444444444,0.596623664283096,0.5777777777777777,0.0,0.0,0.0,0.0,0.0,0.0,0.0,0.0,0.0,,,,,18473,global,0.4
2,5,lr1e-04_bs32_modL1_fusion32_fusionL1_fusionBN0_drop0p1__wd1e-04trmiss40_trlocglobal,32,0.0001,0.0001,1,32,1,False,0.1,lr1e-04_bs32_modL1_fusion32_fusionL1_fusionBN0_drop0p1__wd1e-04trmiss40_trlocglobal,33,0.4849992096424103,0.6593241989612579,0.5654761904761905,0.5763450768680429,0.6,0.0,0.0,0.0,0.0,0.0,0.0,0.0,0.0,0.0,,,,,18473,global,0.4
2,5,lr1e-04_bs32_modL1_fusion32_fusionL1_fusionBN0_drop0p1__wd1e-04trmiss40_trlocglobal,32,0.0001,0.0001,1,32,1,False,0.1,lr1e-04_bs32_modL1_fusion32_fusionL1_fusionBN0_drop0p1__wd1e-04trmiss40_trlocglobal,34,0.4731825639804204,0.6585244834423065,0.5813492063492064,0.5889401389116146,0.6222222222222222,0.0,0.0,0.0,0.0,0.0,0.0,0.0,0.0,0.0,,,,,18473,global,0.4
2,5,lr1e-04_bs32_modL1_fusion32_fusionL1_fusionBN0_drop0p1__wd1e-04trmiss40_trlocglobal,32,0.0001,0.0001,1,32,1,False,0.1,lr1e-04_bs32_modL1_fusion32_fusionL1_fusionBN0_drop0p1__wd1e-04trmiss40_trlocglobal,35,0.4752311458190282,0.658316969871521,0.5833333333333334,0.6084763234138492,0.6,0.0,0.0,0.0,0.0,0.0,0.0,0.0,0.0,0.0,,,,,18473,global,0.4
2,5,lr1e-04_bs32_modL1_fusion32_fusionL1_fusionBN0_drop0p1__wd1e-04trmiss40_trlocglobal,32,0.0001,0.0001,1,32,1,False,0.1,lr1e-04_bs32_modL1_fusion32_fusionL1_fusionBN0_drop0p1__wd1e-04trmiss40_trlocglobal,36,0.4671731193860372,0.66172656416893,0.5634920634920635,0.5939202183872384,0.5777777777777777,0.0,0.0,0.0,0.0,0.0,0.0,0.0,0.0,0.0,,,,,18473,global,0.4
2,5,lr5e-05_bs32_modL1_fusion16_fusionL1_fusionBN0_drop0p2__wd1e-04trmiss40_trlocglobal,32,5e-05,0.0001,1,16,1,False,0.2,lr5e-05_bs32_modL1_fusion16_fusionL1_fusionBN0_drop0p2__wd1e-04trmiss40_trlocglobal,1,0.6999747653802236,0.6903005838394165,0.4642857142857143,0.6045997730367506,0.4888888888888889,0.0,0.0,0.0,0.0,0.0,0.0,0.0,0.0,0.0,,,,,18473,global,0.4
2,5,lr5e-05_bs32_modL1_fusion16_fusionL1_fusionBN0_drop0p2__wd1e-04trmiss40_trlocglobal,32,5e-05,0.0001,1,16,1,False,0.2,lr5e-05_bs32_modL1_fusion16_fusionL1_fusionBN0_drop0p2__wd1e-04trmiss40_trlocglobal,2,0.6814352770646414,0.68805992603302,0.4781746031746032,0.6218135251852506,0.5111111111111111,0.0,0.0,0.0,0.0,0.0,0.0,0.0,0.0,0.0,,,,,18473,global,0.4
2,5,lr5e-05_bs32_modL1_fusion16_fusionL1_fusionBN0_drop0p2__wd1e-04trmiss40_trlocglobal,32,5e-05,0.0001,1,16,1,False,0.2,lr5e-05_bs32_modL1_fusion16_fusionL1_fusionBN0_drop0p2__wd1e-04trmiss40_trlocglobal,3,0.6796083947022756,0.6855503022670746,0.501984126984127,0.6436501478281781,0.5333333333333333,0.0,0.0,0.0,0.0,0.0,0.0,0.0,0.0,0.0,,,,,18473,global,0.4
2,5,lr5e-05_bs32_modL1_fusion16_fusionL1_fusionBN0_drop0p2__wd1e-04trmiss40_trlocglobal,32,5e-05,0.0001,1,16,1,False,0.2,lr5e-05_bs32_modL1_fusion16_fusionL1_fusionBN0_drop0p2__wd1e-04trmiss40_trlocglobal,4,0.6557180881500244,0.683289498090744,0.5119047619047619,0.6518179279589325,0.5111111111111111,0.0,0.0,0.0,0.0,0.0,0.0,0.0,0.0,0.0,,,,,18473,global,0.4
2,5,lr5e-05_bs32_modL1_fusion16_fusionL1_fusionBN0_drop0p2__wd1e-04trmiss40_trlocglobal,32,5e-05,0.0001,1,16,1,False,0.2,lr5e-05_bs32_modL1_fusion16_fusionL1_fusionBN0_drop0p2__wd1e-04trmiss40_trlocglobal,5,0.6543301443258921,0.6809382140636444,0.5277777777777778,0.6590835705050646,0.4888888888888889,0.0,0.0,0.0,0.0,0.0,0.0,0.0,0.0,0.0,,,,,18473,global,0.4
2,5,lr5e-05_bs32_modL1_fusion16_fusionL1_fusionBN0_drop0p2__wd1e-04trmiss40_trlocglobal,32,5e-05,0.0001,1,16,1,False,0.2,lr5e-05_bs32_modL1_fusion16_fusionL1_fusionBN0_drop0p2__wd1e-04trmiss40_trlocglobal,6,0.6560443441073099,0.6797315180301666,0.5376984126984127,0.6508113533403439,0.4888888888888889,0.0,0.0,0.0,0.0,0.0,0.0,0.0,0.0,0.0,,,,,18473,global,0.4
2,5,lr5e-05_bs32_modL1_fusion16_fusionL1_fusionBN0_drop0p2__wd1e-04trmiss40_trlocglobal,32,5e-05,0.0001,1,16,1,False,0.2,lr5e-05_bs32_modL1_fusion16_fusionL1_fusionBN0_drop0p2__wd1e-04trmiss40_trlocglobal,7,0.6486207544803619,0.6781170964241028,0.5396825396825397,0.6516904122770474,0.4888888888888889,0.0,0.0,0.0,0.0,0.0,0.0,0.0,0.0,0.0,,,,,18473,global,0.4
2,5,lr5e-05_bs32_modL1_fusion16_fusionL1_fusionBN0_drop0p2__wd1e-04trmiss40_trlocglobal,32,5e-05,0.0001,1,16,1,False,0.2,lr5e-05_bs32_modL1_fusion16_fusionL1_fusionBN0_drop0p2__wd1e-04trmiss40_trlocglobal,8,0.6384519636631012,0.6774590909481049,0.5575396825396826,0.6654370680124224,0.4888888888888889,0.0,0.0,0.0,0.0,0.0,0.0,0.0,0.0,0.0,,,,,18473,global,0.4
2,5,lr5e-05_bs32_modL1_fusion16_fusionL1_fusionBN0_drop0p2__wd1e-04trmiss40_trlocglobal,32,5e-05,0.0001,1,16,1,False,0.2,lr5e-05_bs32_modL1_fusion16_fusionL1_fusionBN0_drop0p2__wd1e-04trmiss40_trlocglobal,9,0.6411446332931519,0.6768321394920349,0.5634920634920635,0.66325837857651,0.4888888888888889,0.0,0.0,0.0,0.0,0.0,0.0,0.0,0.0,0.0,,,,,18473,global,0.4
2,5,lr5e-05_bs32_modL1_fusion16_fusionL1_fusionBN0_drop0p2__wd1e-04trmiss40_trlocglobal,32,5e-05,0.0001,1,16,1,False,0.2,lr5e-05_bs32_modL1_fusion16_fusionL1_fusionBN0_drop0p2__wd1e-04trmiss40_trlocglobal,10,0.6299169560273489,0.6767120361328125,0.5734126984126984,0.6643556409581651,0.4888888888888889,0.0,0.0,0.0,0.0,0.0,0.0,0.0,0.0,0.0,,,,,18473,global,0.4
2,5,lr5e-05_bs32_modL1_fusion16_fusionL1_fusionBN0_drop0p2__wd1e-04trmiss40_trlocglobal,32,5e-05,0.0001,1,16,1,False,0.2,lr5e-05_bs32_modL1_fusion16_fusionL1_fusionBN0_drop0p2__wd1e-04trmiss40_trlocglobal,11,0.6327171921730042,0.6757989525794983,0.5753968253968254,0.6588351795574173,0.4888888888888889,0.0,0.0,0.0,0.0,0.0,0.0,0.0,0.0,0.0,,,,,18473,global,0.4
2,5,lr5e-05_bs32_modL1_fusion16_fusionL1_fusionBN0_drop0p2__wd1e-04trmiss40_trlocglobal,32,5e-05,0.0001,1,16,1,False,0.2,lr5e-05_bs32_modL1_fusion16_fusionL1_fusionBN0_drop0p2__wd1e-04trmiss40_trlocglobal,12,0.6297032336393992,0.6759196817874908,0.5575396825396826,0.6563018471037417,0.4888888888888889,0.0,0.0,0.0,0.0,0.0,0.0,0.0,0.0,0.0,,,,,18473,global,0.4
2,5,lr5e-05_bs32_modL1_fusion16_fusionL1_fusionBN0_drop0p2__wd1e-04trmiss40_trlocglobal,32,5e-05,0.0001,1,16,1,False,0.2,lr5e-05_bs32_modL1_fusion16_fusionL1_fusionBN0_drop0p2__wd1e-04trmiss40_trlocglobal,13,0.6248770952224731,0.6755243539810181,0.5595238095238095,0.6638499101776365,0.4888888888888889,0.0,0.0,0.0,0.0,0.0,0.0,0.0,0.0,0.0,,,,,18473,global,0.4
2,5,lr5e-05_bs32_modL1_fusion16_fusionL1_fusionBN0_drop0p2__wd1e-04trmiss40_trlocglobal,32,5e-05,0.0001,1,16,1,False,0.2,lr5e-05_bs32_modL1_fusion16_fusionL1_fusionBN0_drop0p2__wd1e-04trmiss40_trlocglobal,14,0.6291826367378235,0.6752620339393616,0.5654761904761905,0.669488378997428,0.4888888888888889,0.0,0.0,0.0,0.0,0.0,0.0,0.0,0.0,0.0,,,,,18473,global,0.4
2,5,lr5e-05_bs32_modL1_fusion16_fusionL1_fusionBN0_drop0p2__wd1e-04trmiss40_trlocglobal,32,5e-05,0.0001,1,16,1,False,0.2,lr5e-05_bs32_modL1_fusion16_fusionL1_fusionBN0_drop0p2__wd1e-04trmiss40_trlocglobal,15,0.6292217572530111,0.6757911145687103,0.5476190476190477,0.6545396124861614,0.4888888888888889,0.0,0.0,0.0,0.0,0.0,0.0,0.0,0.0,0.0,,,,,18473,global,0.4
2,5,lr5e-05_bs32_modL1_fusion16_fusionL1_fusionBN0_drop0p2__wd1e-04trmiss40_trlocglobal,32,5e-05,0.0001,1,16,1,False,0.2,lr5e-05_bs32_modL1_fusion16_fusionL1_fusionBN0_drop0p2__wd1e-04trmiss40_trlocglobal,16,0.615911473830541,0.67638298869133,0.5476190476190477,0.6572649488328213,0.4888888888888889,0.0,0.0,0.0,0.0,0.0,0.0,0.0,0.0,0.0,,,,,18473,global,0.4
2,5,lr5e-05_bs32_modL1_fusion16_fusionL1_fusionBN0_drop0p2__wd1e-04trmiss40_trlocglobal,32,5e-05,0.0001,1,16,1,False,0.2,lr5e-05_bs32_modL1_fusion16_fusionL1_fusionBN0_drop0p2__wd1e-04trmiss40_trlocglobal,17,0.6137799421946207,0.6761929094791412,0.5396825396825397,0.6509881804666692,0.4888888888888889,0.0,0.0,0.0,0.0,0.0,0.0,0.0,0.0,0.0,,,,,18473,global,0.4
2,5,lr5e-05_bs32_modL1_fusion16_fusionL1_fusionBN0_drop0p2__wd1e-04trmiss40_trlocglobal,32,5e-05,0.0001,1,16,1,False,0.2,lr5e-05_bs32_modL1_fusion16_fusionL1_fusionBN0_drop0p2__wd1e-04trmiss40_trlocglobal,18,0.6044575273990631,0.674466073513031,0.5555555555555556,0.666228322269311,0.4888888888888889,0.0,0.0,0.0,0.0,0.0,0.0,0.0,0.0,0.0,,,,,18473,global,0.4
2,5,lr5e-05_bs32_modL1_fusion16_fusionL1_fusionBN0_drop0p2__wd1e-04trmiss40_trlocglobal,32,5e-05,0.0001,1,16,1,False,0.2,lr5e-05_bs32_modL1_fusion16_fusionL1_fusionBN0_drop0p2__wd1e-04trmiss40_trlocglobal,19,0.6027679840723673,0.674433022737503,0.5575396825396826,0.6642035257702997,0.4888888888888889,0.0,0.0,0.0,0.0,0.0,0.0,0.0,0.0,0.0,,,,,18473,global,0.4
2,5,lr5e-05_bs32_modL1_fusion16_fusionL1_fusionBN0_drop0p2__wd1e-04trmiss40_trlocglobal,32,5e-05,0.0001,1,16,1,False,0.2,lr5e-05_bs32_modL1_fusion16_fusionL1_fusionBN0_drop0p2__wd1e-04trmiss40_trlocglobal,20,0.6043276190757751,0.6740903556346893,0.5654761904761905,0.6653866214039952,0.5111111111111111,0.0,0.0,0.0,0.0,0.0,0.0,0.0,0.0,0.0,,,,,18473,global,0.4
2,5,lr5e-05_bs32_modL1_fusion16_fusionL1_fusionBN0_drop0p2__wd1e-04trmiss40_trlocglobal,32,5e-05,0.0001,1,16,1,False,0.2,lr5e-05_bs32_modL1_fusion16_fusionL1_fusionBN0_drop0p2__wd1e-04trmiss40_trlocglobal,21,0.592371255159378,0.6738131642341614,0.5595238095238095,0.6642630088905449,0.4888888888888889,0.0,0.0,0.0,0.0,0.0,0.0,0.0,0.0,0.0,,,,,18473,global,0.4
2,5,lr5e-05_bs32_modL1_fusion16_fusionL1_fusionBN0_drop0p2__wd1e-04trmiss40_trlocglobal,32,5e-05,0.0001,1,16,1,False,0.2,lr5e-05_bs32_modL1_fusion16_fusionL1_fusionBN0_drop0p2__wd1e-04trmiss40_trlocglobal,22,0.5971914927164713,0.6735919713973999,0.5555555555555556,0.6627562768971486,0.4888888888888889,0.0,0.0,0.0,0.0,0.0,0.0,0.0,0.0,0.0,,,,,18473,global,0.4
2,5,lr5e-05_bs32_modL1_fusion16_fusionL1_fusionBN0_drop0p2__wd1e-04trmiss40_trlocglobal,32,5e-05,0.0001,1,16,1,False,0.2,lr5e-05_bs32_modL1_fusion16_fusionL1_fusionBN0_drop0p2__wd1e-04trmiss40_trlocglobal,23,0.5924562811851501,0.6747829616069794,0.5555555555555556,0.6567775284452818,0.4888888888888889,0.0,0.0,0.0,0.0,0.0,0.0,0.0,0.0,0.0,,,,,18473,global,0.4
2,5,lr5e-05_bs32_modL1_fusion16_fusionL1_fusionBN0_drop0p2__wd1e-04trmiss40_trlocglobal,32,5e-05,0.0001,1,16,1,False,0.2,lr5e-05_bs32_modL1_fusion16_fusionL1_fusionBN0_drop0p2__wd1e-04trmiss40_trlocglobal,24,0.6002580324808756,0.6749391853809357,0.5476190476190477,0.6488421472079169,0.4888888888888889,0.0,0.0,0.0,0.0,0.0,0.0,0.0,0.0,0.0,,,,,18473,global,0.4
2,5,lr5e-05_bs32_modL1_fusion16_fusionL1_fusionBN0_drop0p2__wd1e-04trmiss40_trlocglobal,32,5e-05,0.0001,1,16,1,False,0.2,lr5e-05_bs32_modL1_fusion16_fusionL1_fusionBN0_drop0p2__wd1e-04trmiss40_trlocglobal,25,0.5939040780067444,0.6740783452987671,0.5595238095238095,0.6538909781263131,0.5111111111111111,0.0,0.0,0.0,0.0,0.0,0.0,0.0,0.0,0.0,,,,,18473,global,0.4
2,5,lr5e-05_bs32_modL1_fusion16_fusionL1_fusionBN0_drop0p2__wd1e-04trmiss40_trlocglobal,32,5e-05,0.0001,1,16,1,False,0.2,lr5e-05_bs32_modL1_fusion16_fusionL1_fusionBN0_drop0p2__wd1e-04trmiss40_trlocglobal,26,0.5828406910101572,0.6746154129505157,0.5615079365079365,0.661374487821653,0.5111111111111111,0.0,0.0,0.0,0.0,0.0,0.0,0.0,0.0,0.0,,,,,18473,global,0.4
2,5,lr5e-05_bs32_modL1_fusion16_fusionL1_fusionBN0_drop0p2__wd1e-04trmiss40_trlocglobal,32,5e-05,0.0001,1,16,1,False,0.2,lr5e-05_bs32_modL1_fusion16_fusionL1_fusionBN0_drop0p2__wd1e-04trmiss40_trlocglobal,27,0.5903782844543457,0.6743273138999939,0.5654761904761905,0.6680799682995302,0.5111111111111111,0.0,0.0,0.0,0.0,0.0,0.0,0.0,0.0,0.0,,,,,18473,global,0.4
2,5,lr5e-05_bs32_modL1_fusion16_fusionL1_fusionBN0_drop0p2__wd1e-04trmiss40_trlocglobal,32,5e-05,0.0001,1,16,1,False,0.2,lr5e-05_bs32_modL1_fusion16_fusionL1_fusionBN0_drop0p2__wd1e-04trmiss40_trlocglobal,28,0.5832561651865641,0.6740603148937225,0.5555555555555556,0.6489754942293084,0.5333333333333333,0.0,0.0,0.0,0.0,0.0,0.0,0.0,0.0,0.0,,,,,18473,global,0.4
2,5,lr5e-05_bs32_modL1_fusion16_fusionL1_fusionBN0_drop0p2__wd1e-04trmiss40_trlocglobal,32,5e-05,0.0001,1,16,1,False,0.2,lr5e-05_bs32_modL1_fusion16_fusionL1_fusionBN0_drop0p2__wd1e-04trmiss40_trlocglobal,29,0.5844571193059286,0.6744411885738373,0.5496031746031745,0.6515010213098931,0.4888888888888889,0.0,0.0,0.0,0.0,0.0,0.0,0.0,0.0,0.0,,,,,18473,global,0.4
2,5,lr5e-05_bs32_modL1_fusion16_fusionL1_fusionBN0_drop0p2__wd1e-04trmiss40_trlocglobal,32,5e-05,0.0001,1,16,1,False,0.2,lr5e-05_bs32_modL1_fusion16_fusionL1_fusionBN0_drop0p2__wd1e-04trmiss40_trlocglobal,30,0.5823943912982941,0.6753287613391876,0.5476190476190477,0.6364978579526342,0.4888888888888889,0.0,0.0,0.0,0.0,0.0,0.0,0.0,0.0,0.0,,,,,18473,global,0.4
2,5,lr5e-05_bs32_modL1_fusion16_fusionL1_fusionBN0_drop0p2__wd1e-04trmiss40_trlocglobal,32,5e-05,0.0001,1,16,1,False,0.2,lr5e-05_bs32_modL1_fusion16_fusionL1_fusionBN0_drop0p2__wd1e-04trmiss40_trlocglobal,31,0.5797202487786611,0.6767157912254333,0.5476190476190477,0.6390286570313065,0.4888888888888889,0.0,0.0,0.0,0.0,0.0,0.0,0.0,0.0,0.0,,,,,18473,global,0.4
2,5,lr5e-05_bs32_modL1_fusion16_fusionL1_fusionBN0_drop0p1__wd1e-04trmiss40_trlocglobal,32,5e-05,0.0001,1,16,1,False,0.1,lr5e-05_bs32_modL1_fusion16_fusionL1_fusionBN0_drop0p1__wd1e-04trmiss40_trlocglobal,1,0.7068213125069936,0.7017372846603394,0.4365079365079365,0.5814395659941647,0.5111111111111111,0.0,0.0,0.0,0.0,0.0,0.0,0.0,0.0,0.0,,,,,18473,global,0.4
2,5,lr5e-05_bs32_modL1_fusion16_fusionL1_fusionBN0_drop0p1__wd1e-04trmiss40_trlocglobal,32,5e-05,0.0001,1,16,1,False,0.1,lr5e-05_bs32_modL1_fusion16_fusionL1_fusionBN0_drop0p1__wd1e-04trmiss40_trlocglobal,2,0.6882377564907074,0.6997462809085846,0.4583333333333333,0.5918672453157567,0.4888888888888889,0.0,0.0,0.0,0.0,0.0,0.0,0.0,0.0,0.0,,,,,18473,global,0.4
2,5,lr5e-05_bs32_modL1_fusion16_fusionL1_fusionBN0_drop0p1__wd1e-04trmiss40_trlocglobal,32,5e-05,0.0001,1,16,1,False,0.1,lr5e-05_bs32_modL1_fusion16_fusionL1_fusionBN0_drop0p1__wd1e-04trmiss40_trlocglobal,3,0.6901957194010416,0.6970371901988983,0.498015873015873,0.6125145761175054,0.5111111111111111,0.0,0.0,0.0,0.0,0.0,0.0,0.0,0.0,0.0,,,,,18473,global,0.4
2,5,lr5e-05_bs32_modL1_fusion16_fusionL1_fusionBN0_drop0p1__wd1e-04trmiss40_trlocglobal,32,5e-05,0.0001,1,16,1,False,0.1,lr5e-05_bs32_modL1_fusion16_fusionL1_fusionBN0_drop0p1__wd1e-04trmiss40_trlocglobal,4,0.6784057021141052,0.6955979466438293,0.5178571428571428,0.6230374513589948,0.5333333333333333,0.0,0.0,0.0,0.0,0.0,0.0,0.0,0.0,0.0,,,,,18473,global,0.4
2,5,lr5e-05_bs32_modL1_fusion16_fusionL1_fusionBN0_drop0p1__wd1e-04trmiss40_trlocglobal,32,5e-05,0.0001,1,16,1,False,0.1,lr5e-05_bs32_modL1_fusion16_fusionL1_fusionBN0_drop0p1__wd1e-04trmiss40_trlocglobal,5,0.6657086213429769,0.6954642534255981,0.5198412698412699,0.6228126109354959,0.5111111111111111,0.0,0.0,0.0,0.0,0.0,0.0,0.0,0.0,0.0,,,,,18473,global,0.4
2,5,lr5e-05_bs32_modL1_fusion16_fusionL1_fusionBN0_drop0p1__wd1e-04trmiss40_trlocglobal,32,5e-05,0.0001,1,16,1,False,0.1,lr5e-05_bs32_modL1_fusion16_fusionL1_fusionBN0_drop0p1__wd1e-04trmiss40_trlocglobal,6,0.6595113078753153,0.6971150040626526,0.501984126984127,0.6024916305432257,0.5333333333333333,0.0,0.0,0.0,0.0,0.0,0.0,0.0,0.0,0.0,,,,,18473,global,0.4
2,5,lr5e-05_bs32_modL1_fusion16_fusionL1_fusionBN0_drop0p1__wd1e-04trmiss40_trlocglobal,32,5e-05,0.0001,1,16,1,False,0.1,lr5e-05_bs32_modL1_fusion16_fusionL1_fusionBN0_drop0p1__wd1e-04trmiss40_trlocglobal,7,0.6544118722279867,0.696352630853653,0.511904761904762,0.6063545729481209,0.5555555555555556,0.0,0.0,0.0,0.0,0.0,0.0,0.0,0.0,0.0,,,,,18473,global,0.4
2,5,lr5e-05_bs32_modL1_fusion16_fusionL1_fusionBN0_drop0p1__wd1e-04trmiss40_trlocglobal,32,5e-05,0.0001,1,16,1,False,0.1,lr5e-05_bs32_modL1_fusion16_fusionL1_fusionBN0_drop0p1__wd1e-04trmiss40_trlocglobal,8,0.6478556096553802,0.6953446865081787,0.5317460317460317,0.6149166457659684,0.5333333333333333,0.0,0.0,0.0,0.0,0.0,0.0,0.0,0.0,0.0,,,,,18473,global,0.4
2,5,lr5e-05_bs32_modL1_fusion16_fusionL1_fusionBN0_drop0p1__wd1e-04trmiss40_trlocglobal,32,5e-05,0.0001,1,16,1,False,0.1,lr5e-05_bs32_modL1_fusion16_fusionL1_fusionBN0_drop0p1__wd1e-04trmiss40_trlocglobal,9,0.6410905619462332,0.6937114596366882,0.5416666666666666,0.6202400972636188,0.5333333333333333,0.0,0.0,0.0,0.0,0.0,0.0,0.0,0.0,0.0,,,,,18473,global,0.4
2,5,lr5e-05_bs32_modL1_fusion16_fusionL1_fusionBN0_drop0p1__wd1e-04trmiss40_trlocglobal,32,5e-05,0.0001,1,16,1,False,0.1,lr5e-05_bs32_modL1_fusion16_fusionL1_fusionBN0_drop0p1__wd1e-04trmiss40_trlocglobal,10,0.6444343229134878,0.6933858096599579,0.5456349206349206,0.6250396175000646,0.5555555555555556,0.0,0.0,0.0,0.0,0.0,0.0,0.0,0.0,0.0,,,,,18473,global,0.4
2,5,lr5e-05_bs32_modL1_fusion16_fusionL1_fusionBN0_drop0p1__wd1e-04trmiss40_trlocglobal,32,5e-05,0.0001,1,16,1,False,0.1,lr5e-05_bs32_modL1_fusion16_fusionL1_fusionBN0_drop0p1__wd1e-04trmiss40_trlocglobal,11,0.6372207701206207,0.6923839151859283,0.5436507936507937,0.6235417961493022,0.5333333333333333,0.0,0.0,0.0,0.0,0.0,0.0,0.0,0.0,0.0,,,,,18473,global,0.4
2,5,lr5e-05_bs32_modL1_fusion16_fusionL1_fusionBN0_drop0p1__wd1e-04trmiss40_trlocglobal,32,5e-05,0.0001,1,16,1,False,0.1,lr5e-05_bs32_modL1_fusion16_fusionL1_fusionBN0_drop0p1__wd1e-04trmiss40_trlocglobal,12,0.6257588664690653,0.6912604868412018,0.5496031746031746,0.6287087935037995,0.5333333333333333,0.0,0.0,0.0,0.0,0.0,0.0,0.0,0.0,0.0,,,,,18473,global,0.4
2,5,lr5e-05_bs32_modL1_fusion16_fusionL1_fusionBN0_drop0p1__wd1e-04trmiss40_trlocglobal,32,5e-05,0.0001,1,16,1,False,0.1,lr5e-05_bs32_modL1_fusion16_fusionL1_fusionBN0_drop0p1__wd1e-04trmiss40_trlocglobal,13,0.624658058087031,0.6904415190219879,0.5515873015873015,0.6299711754501984,0.5333333333333333,0.0,0.0,0.0,0.0,0.0,0.0,0.0,0.0,0.0,,,,,18473,global,0.4
2,5,lr5e-05_bs32_modL1_fusion16_fusionL1_fusionBN0_drop0p1__wd1e-04trmiss40_trlocglobal,32,5e-05,0.0001,1,16,1,False,0.1,lr5e-05_bs32_modL1_fusion16_fusionL1_fusionBN0_drop0p1__wd1e-04trmiss40_trlocglobal,14,0.6209502418835958,0.6905494332313538,0.5555555555555556,0.6312323649382555,0.5555555555555556,0.0,0.0,0.0,0.0,0.0,0.0,0.0,0.0,0.0,,,,,18473,global,0.4
2,5,lr5e-05_bs32_modL1_fusion16_fusionL1_fusionBN0_drop0p1__wd1e-04trmiss40_trlocglobal,32,5e-05,0.0001,1,16,1,False,0.1,lr5e-05_bs32_modL1_fusion16_fusionL1_fusionBN0_drop0p1__wd1e-04trmiss40_trlocglobal,15,0.6134654680887858,0.6888101696968079,0.5734126984126984,0.6436631924813121,0.5555555555555556,0.0,0.0,0.0,0.0,0.0,0.0,0.0,0.0,0.0,,,,,18473,global,0.4
2,5,lr5e-05_bs32_modL1_fusion16_fusionL1_fusionBN0_drop0p1__wd1e-04trmiss40_trlocglobal,32,5e-05,0.0001,1,16,1,False,0.1,lr5e-05_bs32_modL1_fusion16_fusionL1_fusionBN0_drop0p1__wd1e-04trmiss40_trlocglobal,16,0.6115420063336691,0.6868887841701508,0.5714285714285715,0.6444720497331959,0.5777777777777777,0.0,0.0,0.0,0.0,0.0,0.0,0.0,0.0,0.0,,,,,18473,global,0.4
2,5,lr5e-05_bs32_modL1_fusion16_fusionL1_fusionBN0_drop0p1__wd1e-04trmiss40_trlocglobal,32,5e-05,0.0001,1,16,1,False,0.1,lr5e-05_bs32_modL1_fusion16_fusionL1_fusionBN0_drop0p1__wd1e-04trmiss40_trlocglobal,17,0.6090679665406545,0.6866233348846436,0.5714285714285715,0.6119018421629884,0.5777777777777777,0.0,0.0,0.0,0.0,0.0,0.0,0.0,0.0,0.0,,,,,18473,global,0.4
2,5,lr5e-05_bs32_modL1_fusion16_fusionL1_fusionBN0_drop0p1__wd1e-04trmiss40_trlocglobal,32,5e-05,0.0001,1,16,1,False,0.1,lr5e-05_bs32_modL1_fusion16_fusionL1_fusionBN0_drop0p1__wd1e-04trmiss40_trlocglobal,18,0.6043013532956442,0.6854709088802338,0.5773809523809523,0.6375364279490858,0.6222222222222222,0.0,0.0,0.0,0.0,0.0,0.0,0.0,0.0,0.0,,,,,18473,global,0.4
2,5,lr5e-05_bs32_modL1_fusion16_fusionL1_fusionBN0_drop0p1__wd1e-04trmiss40_trlocglobal,32,5e-05,0.0001,1,16,1,False,0.1,lr5e-05_bs32_modL1_fusion16_fusionL1_fusionBN0_drop0p1__wd1e-04trmiss40_trlocglobal,19,0.6022787690162659,0.6845609545707703,0.5813492063492063,0.6420624171106307,0.6222222222222222,0.0,0.0,0.0,0.0,0.0,0.0,0.0,0.0,0.0,,,,,18473,global,0.4
2,5,lr5e-05_bs32_modL1_fusion16_fusionL1_fusionBN0_drop0p1__wd1e-04trmiss40_trlocglobal,32,5e-05,0.0001,1,16,1,False,0.1,lr5e-05_bs32_modL1_fusion16_fusionL1_fusionBN0_drop0p1__wd1e-04trmiss40_trlocglobal,20,0.5972280005613962,0.6862809062004089,0.5734126984126984,0.6017973187185973,0.6222222222222222,0.0,0.0,0.0,0.0,0.0,0.0,0.0,0.0,0.0,,,,,18473,global,0.4
2,5,lr5e-05_bs32_modL1_fusion16_fusionL1_fusionBN0_drop0p1__wd1e-04trmiss40_trlocglobal,32,5e-05,0.0001,1,16,1,False,0.1,lr5e-05_bs32_modL1_fusion16_fusionL1_fusionBN0_drop0p1__wd1e-04trmiss40_trlocglobal,21,0.595235695441564,0.6875666677951813,0.5694444444444444,0.5948478436837671,0.6,0.0,0.0,0.0,0.0,0.0,0.0,0.0,0.0,0.0,,,,,18473,global,0.4
2,5,lr5e-05_bs32_modL1_fusion16_fusionL1_fusionBN0_drop0p1__wd1e-04trmiss40_trlocglobal,32,5e-05,0.0001,1,16,1,False,0.1,lr5e-05_bs32_modL1_fusion16_fusionL1_fusionBN0_drop0p1__wd1e-04trmiss40_trlocglobal,22,0.592257430156072,0.6869942843914032,0.5753968253968254,0.5981139156321145,0.6222222222222222,0.0,0.0,0.0,0.0,0.0,0.0,0.0,0.0,0.0,,,,,18473,global,0.4
2,5,lr5e-05_bs32_modL1_fusion16_fusionL1_fusionBN0_drop0p1__wd1e-04trmiss40_trlocglobal,32,5e-05,0.0001,1,16,1,False,0.1,lr5e-05_bs32_modL1_fusion16_fusionL1_fusionBN0_drop0p1__wd1e-04trmiss40_trlocglobal,23,0.5856946905454,0.6871308386325836,0.5753968253968254,0.6034122728757985,0.6,0.0,0.0,0.0,0.0,0.0,0.0,0.0,0.0,0.0,,,,,18473,global,0.4
2,5,lr5e-05_bs32_modL1_fusion16_fusionL1_fusionBN0_drop0p1__wd1e-04trmiss40_trlocglobal,32,5e-05,0.0001,1,16,1,False,0.1,lr5e-05_bs32_modL1_fusion16_fusionL1_fusionBN0_drop0p1__wd1e-04trmiss40_trlocglobal,24,0.5904624263445536,0.6843537986278534,0.5833333333333333,0.6021146342713722,0.6,0.0,0.0,0.0,0.0,0.0,0.0,0.0,0.0,0.0,,,,,18473,global,0.4
2,5,lr5e-05_bs32_modL1_fusion16_fusionL1_fusionBN0_drop0p1__wd1e-04trmiss40_trlocglobal,32,5e-05,0.0001,1,16,1,False,0.1,lr5e-05_bs32_modL1_fusion16_fusionL1_fusionBN0_drop0p1__wd1e-04trmiss40_trlocglobal,25,0.5778001745541891,0.6817289888858795,0.5972222222222223,0.6151738140375111,0.6,0.0,0.0,0.0,0.0,0.0,0.0,0.0,0.0,0.0,,,,,18473,global,0.4
2,5,lr5e-05_bs32_modL1_fusion16_fusionL1_fusionBN0_drop0p1__wd1e-04trmiss40_trlocglobal,32,5e-05,0.0001,1,16,1,False,0.1,lr5e-05_bs32_modL1_fusion16_fusionL1_fusionBN0_drop0p1__wd1e-04trmiss40_trlocglobal,26,0.5867409606774648,0.6823935806751251,0.5992063492063493,0.6119341675896318,0.5777777777777777,0.0,0.0,0.0,0.0,0.0,0.0,0.0,0.0,0.0,,,,,18473,global,0.4
2,5,lr5e-05_bs32_modL1_fusion16_fusionL1_fusionBN0_drop0p1__wd1e-04trmiss40_trlocglobal,32,5e-05,0.0001,1,16,1,False,0.1,lr5e-05_bs32_modL1_fusion16_fusionL1_fusionBN0_drop0p1__wd1e-04trmiss40_trlocglobal,27,0.5760610500971476,0.683553010225296,0.5952380952380952,0.6046428112851175,0.5777777777777777,0.0,0.0,0.0,0.0,0.0,0.0,0.0,0.0,0.0,,,,,18473,global,0.4
2,5,lr5e-05_bs32_modL1_fusion16_fusionL1_fusionBN0_drop0p1__wd1e-04trmiss40_trlocglobal,32,5e-05,0.0001,1,16,1,False,0.1,lr5e-05_bs32_modL1_fusion16_fusionL1_fusionBN0_drop0p1__wd1e-04trmiss40_trlocglobal,28,0.5797893603642782,0.6829071044921875,0.5932539682539683,0.6016587348923579,0.5777777777777777,0.0,0.0,0.0,0.0,0.0,0.0,0.0,0.0,0.0,,,,,18473,global,0.4
2,5,lr5e-05_bs32_modL1_fusion16_fusionL1_fusionBN0_drop0p1__wd1e-04trmiss40_trlocglobal,32,5e-05,0.0001,1,16,1,False,0.1,lr5e-05_bs32_modL1_fusion16_fusionL1_fusionBN0_drop0p1__wd1e-04trmiss40_trlocglobal,29,0.5667366882165273,0.6813292801380157,0.5972222222222223,0.6046108968475359,0.5777777777777777,0.0,0.0,0.0,0.0,0.0,0.0,0.0,0.0,0.0,,,,,18473,global,0.4
2,5,lr5e-05_bs32_modL1_fusion16_fusionL1_fusionBN0_drop0p1__wd1e-04trmiss40_trlocglobal,32,5e-05,0.0001,1,16,1,False,0.1,lr5e-05_bs32_modL1_fusion16_fusionL1_fusionBN0_drop0p1__wd1e-04trmiss40_trlocglobal,30,0.5731652875741323,0.6816869080066681,0.6031746031746033,0.6057566956070617,0.5555555555555556,0.0,0.0,0.0,0.0,0.0,0.0,0.0,0.0,0.0,,,,,18473,global,0.4
2,5,lr5e-05_bs32_modL1_fusion16_fusionL1_fusionBN0_drop0p1__wd1e-04trmiss40_trlocglobal,32,5e-05,0.0001,1,16,1,False,0.1,lr5e-05_bs32_modL1_fusion16_fusionL1_fusionBN0_drop0p1__wd1e-04trmiss40_trlocglobal,31,0.5708461801211039,0.6825743913650513,0.6011904761904762,0.6099891982655689,0.5555555555555556,0.0,0.0,0.0,0.0,0.0,0.0,0.0,0.0,0.0,,,,,18473,global,0.4
2,5,lr5e-05_bs32_modL1_fusion16_fusionL1_fusionBN0_drop0p1__wd1e-04trmiss40_trlocglobal,32,5e-05,0.0001,1,16,1,False,0.1,lr5e-05_bs32_modL1_fusion16_fusionL1_fusionBN0_drop0p1__wd1e-04trmiss40_trlocglobal,32,0.5707131723562876,0.6827711164951324,0.5992063492063493,0.6089073807775014,0.5555555555555556,0.0,0.0,0.0,0.0,0.0,0.0,0.0,0.0,0.0,,,,,18473,global,0.4
2,5,lr5e-05_bs32_modL1_fusion16_fusionL1_fusionBN0_drop0p1__wd1e-04trmiss40_trlocglobal,32,5e-05,0.0001,1,16,1,False,0.1,lr5e-05_bs32_modL1_fusion16_fusionL1_fusionBN0_drop0p1__wd1e-04trmiss40_trlocglobal,33,0.5631989439328512,0.6818994283676147,0.5972222222222223,0.6055989643876897,0.5777777777777777,0.0,0.0,0.0,0.0,0.0,0.0,0.0,0.0,0.0,,,,,18473,global,0.4
2,5,lr5e-05_bs32_modL1_fusion16_fusionL1_fusionBN0_drop0p1__wd1e-04trmiss40_trlocglobal,32,5e-05,0.0001,1,16,1,False,0.1,lr5e-05_bs32_modL1_fusion16_fusionL1_fusionBN0_drop0p1__wd1e-04trmiss40_trlocglobal,34,0.5724724233150482,0.6810497641563416,0.5952380952380953,0.6048113899551467,0.5777777777777777,0.0,0.0,0.0,0.0,0.0,0.0,0.0,0.0,0.0,,,,,18473,global,0.4
2,5,lr5e-05_bs32_modL1_fusion16_fusionL1_fusionBN0_drop0p1__wd1e-04trmiss40_trlocglobal,32,5e-05,0.0001,1,16,1,False,0.1,lr5e-05_bs32_modL1_fusion16_fusionL1_fusionBN0_drop0p1__wd1e-04trmiss40_trlocglobal,35,0.5586369037628174,0.6804178059101105,0.5932539682539683,0.6032275692923786,0.6,0.0,0.0,0.0,0.0,0.0,0.0,0.0,0.0,0.0,,,,,18473,global,0.4
2,5,lr5e-05_bs32_modL1_fusion16_fusionL1_fusionBN0_drop0p1__wd1e-04trmiss40_trlocglobal,32,5e-05,0.0001,1,16,1,False,0.1,lr5e-05_bs32_modL1_fusion16_fusionL1_fusionBN0_drop0p1__wd1e-04trmiss40_trlocglobal,36,0.5576130350430807,0.6789388656616211,0.6011904761904762,0.611096919624422,0.6,0.0,0.0,0.0,0.0,0.0,0.0,0.0,0.0,0.0,,,,,18473,global,0.4
2,5,lr5e-05_bs32_modL1_fusion16_fusionL1_fusionBN0_drop0p1__wd1e-04trmiss40_trlocglobal,32,5e-05,0.0001,1,16,1,False,0.1,lr5e-05_bs32_modL1_fusion16_fusionL1_fusionBN0_drop0p1__wd1e-04trmiss40_trlocglobal,37,0.5551486214001974,0.678878903388977,0.6091269841269842,0.6172333659968366,0.6,0.0,0.0,0.0,0.0,0.0,0.0,0.0,0.0,0.0,,,,,18473,global,0.4
2,5,lr5e-05_bs32_modL1_fusion16_fusionL1_fusionBN0_drop0p1__wd1e-04trmiss40_trlocglobal,32,5e-05,0.0001,1,16,1,False,0.1,lr5e-05_bs32_modL1_fusion16_fusionL1_fusionBN0_drop0p1__wd1e-04trmiss40_trlocglobal,38,0.5542594492435455,0.6792239546775818,0.5932539682539683,0.6007586416198133,0.6,0.0,0.0,0.0,0.0,0.0,0.0,0.0,0.0,0.0,,,,,18473,global,0.4
2,5,lr5e-05_bs32_modL1_fusion16_fusionL1_fusionBN0_drop0p1__wd1e-04trmiss40_trlocglobal,32,5e-05,0.0001,1,16,1,False,0.1,lr5e-05_bs32_modL1_fusion16_fusionL1_fusionBN0_drop0p1__wd1e-04trmiss40_trlocglobal,39,0.5530610779921213,0.6798270046710968,0.5992063492063493,0.6096823933067229,0.6,0.0,0.0,0.0,0.0,0.0,0.0,0.0,0.0,0.0,,,,,18473,global,0.4
2,5,lr5e-05_bs32_modL1_fusion16_fusionL1_fusionBN0_drop0p1__wd1e-04trmiss40_trlocglobal,32,5e-05,0.0001,1,16,1,False,0.1,lr5e-05_bs32_modL1_fusion16_fusionL1_fusionBN0_drop0p1__wd1e-04trmiss40_trlocglobal,40,0.5450572868188223,0.6801134347915649,0.5952380952380952,0.604545431848942,0.6,0.0,0.0,0.0,0.0,0.0,0.0,0.0,0.0,0.0,,,,,18473,global,0.4
2,5,lr5e-05_bs32_modL1_fusion16_fusionL1_fusionBN0_drop0p1__wd1e-04trmiss40_trlocglobal,32,5e-05,0.0001,1,16,1,False,0.1,lr5e-05_bs32_modL1_fusion16_fusionL1_fusionBN0_drop0p1__wd1e-04trmiss40_trlocglobal,41,0.5414346853892008,0.6790876686573029,0.5952380952380952,0.6040701775279997,0.5777777777777777,0.0,0.0,0.0,0.0,0.0,0.0,0.0,0.0,0.0,,,,,18473,global,0.4
2,5,lr5e-05_bs32_modL1_fusion16_fusionL1_fusionBN0_drop0p1__wd1e-04trmiss40_trlocglobal,32,5e-05,0.0001,1,16,1,False,0.1,lr5e-05_bs32_modL1_fusion16_fusionL1_fusionBN0_drop0p1__wd1e-04trmiss40_trlocglobal,42,0.5467596352100372,0.6779146492481232,0.5952380952380952,0.606054536239431,0.5777777777777777,0.0,0.0,0.0,0.0,0.0,0.0,0.0,0.0,0.0,,,,,18473,global,0.4
2,5,lr5e-05_bs32_modL1_fusion16_fusionL1_fusionBN0_drop0p1__wd1e-04trmiss40_trlocglobal,32,5e-05,0.0001,1,16,1,False,0.1,lr5e-05_bs32_modL1_fusion16_fusionL1_fusionBN0_drop0p1__wd1e-04trmiss40_trlocglobal,43,0.5462587773799896,0.6776401698589325,0.5932539682539683,0.604868283229455,0.5777777777777777,0.0,0.0,0.0,0.0,0.0,0.0,0.0,0.0,0.0,,,,,18473,global,0.4
2,5,lr5e-05_bs32_modL1_fusion16_fusionL1_fusionBN0_drop0p1__wd1e-04trmiss40_trlocglobal,32,5e-05,0.0001,1,16,1,False,0.1,lr5e-05_bs32_modL1_fusion16_fusionL1_fusionBN0_drop0p1__wd1e-04trmiss40_trlocglobal,44,0.5433933734893799,0.6782206892967224,0.5952380952380952,0.6062289230769369,0.5777777777777777,0.0,0.0,0.0,0.0,0.0,0.0,0.0,0.0,0.0,,,,,18473,global,0.4
2,5,lr5e-05_bs32_modL1_fusion16_fusionL1_fusionBN0_drop0p1__wd1e-04trmiss40_trlocglobal,32,5e-05,0.0001,1,16,1,False,0.1,lr5e-05_bs32_modL1_fusion16_fusionL1_fusionBN0_drop0p1__wd1e-04trmiss40_trlocglobal,45,0.5414304931958517,0.6771416664123535,0.5952380952380952,0.6140763996744135,0.5777777777777777,0.0,0.0,0.0,0.0,0.0,0.0,0.0,0.0,0.0,,,,,18473,global,0.4
2,5,lr5e-05_bs32_modL1_fusion16_fusionL1_fusionBN0_drop0p1__wd1e-04trmiss40_trlocglobal,32,5e-05,0.0001,1,16,1,False,0.1,lr5e-05_bs32_modL1_fusion16_fusionL1_fusionBN0_drop0p1__wd1e-04trmiss40_trlocglobal,46,0.5386633475621542,0.676930844783783,0.5972222222222222,0.6147377753357892,0.5777777777777777,0.0,0.0,0.0,0.0,0.0,0.0,0.0,0.0,0.0,,,,,18473,global,0.4
2,5,lr5e-05_bs32_modL1_fusion16_fusionL1_fusionBN0_drop0p1__wd1e-04trmiss40_trlocglobal,32,5e-05,0.0001,1,16,1,False,0.1,lr5e-05_bs32_modL1_fusion16_fusionL1_fusionBN0_drop0p1__wd1e-04trmiss40_trlocglobal,47,0.5401979883511862,0.6761512160301208,0.5972222222222223,0.6344182759945507,0.5777777777777777,0.0,0.0,0.0,0.0,0.0,0.0,0.0,0.0,0.0,,,,,18473,global,0.4
2,5,lr5e-05_bs32_modL1_fusion16_fusionL1_fusionBN0_drop0p1__wd1e-04trmiss40_trlocglobal,32,5e-05,0.0001,1,16,1,False,0.1,lr5e-05_bs32_modL1_fusion16_fusionL1_fusionBN0_drop0p1__wd1e-04trmiss40_trlocglobal,48,0.5374955435593923,0.6769055426120758,0.5952380952380952,0.6331285934548682,0.5555555555555556,0.0,0.0,0.0,0.0,0.0,0.0,0.0,0.0,0.0,,,,,18473,global,0.4
2,5,lr5e-05_bs32_modL1_fusion16_fusionL1_fusionBN0_drop0p1__wd1e-04trmiss40_trlocglobal,32,5e-05,0.0001,1,16,1,False,0.1,lr5e-05_bs32_modL1_fusion16_fusionL1_fusionBN0_drop0p1__wd1e-04trmiss40_trlocglobal,49,0.5355024039745331,0.6757366359233856,0.5972222222222222,0.6141438857506484,0.5777777777777777,0.0,0.0,0.0,0.0,0.0,0.0,0.0,0.0,0.0,,,,,18473,global,0.4
2,5,lr5e-05_bs32_modL1_fusion16_fusionL1_fusionBN0_drop0p1__wd1e-04trmiss40_trlocglobal,32,5e-05,0.0001,1,16,1,False,0.1,lr5e-05_bs32_modL1_fusion16_fusionL1_fusionBN0_drop0p1__wd1e-04trmiss40_trlocglobal,50,0.5401650667190552,0.6760237514972687,0.5952380952380953,0.6065307046287184,0.5555555555555556,0.0,0.0,0.0,0.0,0.0,0.0,0.0,0.0,0.0,,,,,18473,global,0.4
2,5,lr5e-05_bs32_modL1_fusion16_fusionL1_fusionBN0_drop0p1__wd1e-04trmiss40_trlocglobal,32,5e-05,0.0001,1,16,1,False,0.1,lr5e-05_bs32_modL1_fusion16_fusionL1_fusionBN0_drop0p1__wd1e-04trmiss40_trlocglobal,51,0.5332834223906199,0.6762921512126923,0.5932539682539683,0.611059690135965,0.5777777777777777,0.0,0.0,0.0,0.0,0.0,0.0,0.0,0.0,0.0,,,,,18473,global,0.4
2,5,lr5e-05_bs32_modL1_fusion16_fusionL1_fusionBN0_drop0p1__wd1e-04trmiss40_trlocglobal,32,5e-05,0.0001,1,16,1,False,0.1,lr5e-05_bs32_modL1_fusion16_fusionL1_fusionBN0_drop0p1__wd1e-04trmiss40_trlocglobal,52,0.5326683322588602,0.6751900911331177,0.5952380952380952,0.6122125228105367,0.5777777777777777,0.0,0.0,0.0,0.0,0.0,0.0,0.0,0.0,0.0,,,,,18473,global,0.4
2,5,lr5e-05_bs32_modL1_fusion16_fusionL1_fusionBN0_drop0p1__wd1e-04trmiss40_trlocglobal,32,5e-05,0.0001,1,16,1,False,0.1,lr5e-05_bs32_modL1_fusion16_fusionL1_fusionBN0_drop0p1__wd1e-04trmiss40_trlocglobal,53,0.5315052370230356,0.6745968461036682,0.5952380952380952,0.6314851751447832,0.5777777777777777,0.0,0.0,0.0,0.0,0.0,0.0,0.0,0.0,0.0,,,,,18473,global,0.4
2,5,lr5e-05_bs32_modL1_fusion16_fusionL1_fusionBN0_drop0p1__wd1e-04trmiss40_trlocglobal,32,5e-05,0.0001,1,16,1,False,0.1,lr5e-05_bs32_modL1_fusion16_fusionL1_fusionBN0_drop0p1__wd1e-04trmiss40_trlocglobal,54,0.5294527858495712,0.6749156713485718,0.5952380952380952,0.6428458052554132,0.5777777777777777,0.0,0.0,0.0,0.0,0.0,0.0,0.0,0.0,0.0,,,,,18473,global,0.4
2,5,lr5e-05_bs32_modL1_fusion16_fusionL1_fusionBN0_drop0p1__wd1e-04trmiss40_trlocglobal,32,5e-05,0.0001,1,16,1,False,0.1,lr5e-05_bs32_modL1_fusion16_fusionL1_fusionBN0_drop0p1__wd1e-04trmiss40_trlocglobal,55,0.5252536833286285,0.6740346550941467,0.6011904761904762,0.6460434082937209,0.5777777777777777,0.0,0.0,0.0,0.0,0.0,0.0,0.0,0.0,0.0,,,,,18473,global,0.4
2,5,lr5e-05_bs32_modL1_fusion16_fusionL1_fusionBN0_drop0p1__wd1e-04trmiss40_trlocglobal,32,5e-05,0.0001,1,16,1,False,0.1,lr5e-05_bs32_modL1_fusion16_fusionL1_fusionBN0_drop0p1__wd1e-04trmiss40_trlocglobal,56,0.5373468697071075,0.6744299829006195,0.5912698412698413,0.6481272380039512,0.5555555555555556,0.0,0.0,0.0,0.0,0.0,0.0,0.0,0.0,0.0,,,,,18473,global,0.4
2,5,lr5e-05_bs32_modL1_fusion16_fusionL1_fusionBN0_drop0p1__wd1e-04trmiss40_trlocglobal,32,5e-05,0.0001,1,16,1,False,0.1,lr5e-05_bs32_modL1_fusion16_fusionL1_fusionBN0_drop0p1__wd1e-04trmiss40_trlocglobal,57,0.5427158077557882,0.6754193007946014,0.5873015873015873,0.6389253786242464,0.5555555555555556,0.0,0.0,0.0,0.0,0.0,0.0,0.0,0.0,0.0,,,,,18473,global,0.4
2,5,lr5e-05_bs32_modL1_fusion32_fusionL1_fusionBN0_drop0p2__wd1e-04trmiss40_trlocglobal,32,5e-05,0.0001,1,32,1,False,0.2,lr5e-05_bs32_modL1_fusion32_fusionL1_fusionBN0_drop0p2__wd1e-04trmiss40_trlocglobal,1,0.6945601999759674,0.6839845478534698,0.5952380952380952,0.6304731382967951,0.5777777777777777,0.0,0.0,0.0,0.0,0.0,0.0,0.0,0.0,0.0,,,,,18473,global,0.4
2,5,lr5e-05_bs32_modL1_fusion32_fusionL1_fusionBN0_drop0p2__wd1e-04trmiss40_trlocglobal,32,5e-05,0.0001,1,32,1,False,0.2,lr5e-05_bs32_modL1_fusion32_fusionL1_fusionBN0_drop0p2__wd1e-04trmiss40_trlocglobal,2,0.6758483151594797,0.6807800531387329,0.6150793650793651,0.6665431668888323,0.5777777777777777,0.0,0.0,0.0,0.0,0.0,0.0,0.0,0.0,0.0,,,,,18473,global,0.4
2,5,lr5e-05_bs32_modL1_fusion32_fusionL1_fusionBN0_drop0p2__wd1e-04trmiss40_trlocglobal,32,5e-05,0.0001,1,32,1,False,0.2,lr5e-05_bs32_modL1_fusion32_fusionL1_fusionBN0_drop0p2__wd1e-04trmiss40_trlocglobal,3,0.6767980853716532,0.6791846752166748,0.6071428571428571,0.6745864920227628,0.6,0.0,0.0,0.0,0.0,0.0,0.0,0.0,0.0,0.0,,,,,18473,global,0.4
2,5,lr5e-05_bs32_modL1_fusion32_fusionL1_fusionBN0_drop0p2__wd1e-04trmiss40_trlocglobal,32,5e-05,0.0001,1,32,1,False,0.2,lr5e-05_bs32_modL1_fusion32_fusionL1_fusionBN0_drop0p2__wd1e-04trmiss40_trlocglobal,4,0.6630701720714569,0.677987813949585,0.5952380952380953,0.6565420999418844,0.6222222222222222,0.0,0.0,0.0,0.0,0.0,0.0,0.0,0.0,0.0,,,,,18473,global,0.4
2,5,lr5e-05_bs32_modL1_fusion32_fusionL1_fusionBN0_drop0p2__wd1e-04trmiss40_trlocglobal,32,5e-05,0.0001,1,32,1,False,0.2,lr5e-05_bs32_modL1_fusion32_fusionL1_fusionBN0_drop0p2__wd1e-04trmiss40_trlocglobal,5,0.6546024481455485,0.6771031320095062,0.5972222222222222,0.6556010769224799,0.6222222222222222,0.0,0.0,0.0,0.0,0.0,0.0,0.0,0.0,0.0,,,,,18473,global,0.4
2,5,lr5e-05_bs32_modL1_fusion32_fusionL1_fusionBN0_drop0p2__wd1e-04trmiss40_trlocglobal,32,5e-05,0.0001,1,32,1,False,0.2,lr5e-05_bs32_modL1_fusion32_fusionL1_fusionBN0_drop0p2__wd1e-04trmiss40_trlocglobal,6,0.6502881149450938,0.6771601736545563,0.5853174603174603,0.6463685923023065,0.6,0.0,0.0,0.0,0.0,0.0,0.0,0.0,0.0,0.0,,,,,18473,global,0.4
2,5,lr5e-05_bs32_modL1_fusion32_fusionL1_fusionBN0_drop0p2__wd1e-04trmiss40_trlocglobal,32,5e-05,0.0001,1,32,1,False,0.2,lr5e-05_bs32_modL1_fusion32_fusionL1_fusionBN0_drop0p2__wd1e-04trmiss40_trlocglobal,7,0.6467288732528687,0.6776435375213623,0.5853174603174603,0.617757789978269,0.6,0.0,0.0,0.0,0.0,0.0,0.0,0.0,0.0,0.0,,,,,18473,global,0.4
2,5,lr5e-05_bs32_modL1_fusion32_fusionL1_fusionBN0_drop0p2__wd1e-04trmiss40_trlocglobal,32,5e-05,0.0001,1,32,1,False,0.2,lr5e-05_bs32_modL1_fusion32_fusionL1_fusionBN0_drop0p2__wd1e-04trmiss40_trlocglobal,8,0.6504634916782379,0.6786862909793854,0.5853174603174603,0.6182671864717312,0.5777777777777777,0.0,0.0,0.0,0.0,0.0,0.0,0.0,0.0,0.0,,,,,18473,global,0.4
2,5,lr5e-05_bs32_modL1_fusion32_fusionL1_fusionBN0_drop0p2__wd1e-04trmiss40_trlocglobal,32,5e-05,0.0001,1,32,1,False,0.2,lr5e-05_bs32_modL1_fusion32_fusionL1_fusionBN0_drop0p2__wd1e-04trmiss40_trlocglobal,9,0.6379804412523905,0.6766799986362457,0.6150793650793651,0.6539591040136244,0.6,0.0,0.0,0.0,0.0,0.0,0.0,0.0,0.0,0.0,,,,,18473,global,0.4
2,5,lr5e-05_bs32_modL1_fusion32_fusionL1_fusionBN0_drop0p2__wd1e-04trmiss40_trlocglobal,32,5e-05,0.0001,1,32,1,False,0.2,lr5e-05_bs32_modL1_fusion32_fusionL1_fusionBN0_drop0p2__wd1e-04trmiss40_trlocglobal,10,0.6316910982131958,0.6748037338256836,0.621031746031746,0.6750887006035861,0.5777777777777777,0.0,0.0,0.0,0.0,0.0,0.0,0.0,0.0,0.0,,,,,18473,global,0.4
2,5,lr5e-05_bs32_modL1_fusion32_fusionL1_fusionBN0_drop0p2__wd1e-04trmiss40_trlocglobal,32,5e-05,0.0001,1,32,1,False,0.2,lr5e-05_bs32_modL1_fusion32_fusionL1_fusionBN0_drop0p2__wd1e-04trmiss40_trlocglobal,11,0.6274469991525015,0.6736197471618652,0.628968253968254,0.6721858230632124,0.6,0.0,0.0,0.0,0.0,0.0,0.0,0.0,0.0,0.0,,,,,18473,global,0.4
2,5,lr5e-05_bs32_modL1_fusion32_fusionL1_fusionBN0_drop0p2__wd1e-04trmiss40_trlocglobal,32,5e-05,0.0001,1,32,1,False,0.2,lr5e-05_bs32_modL1_fusion32_fusionL1_fusionBN0_drop0p2__wd1e-04trmiss40_trlocglobal,12,0.6192074517409006,0.6722813248634338,0.6468253968253967,0.7050095702744734,0.6,0.0,0.0,0.0,0.0,0.0,0.0,0.0,0.0,0.0,,,,,18473,global,0.4
2,5,lr5e-05_bs32_modL1_fusion32_fusionL1_fusionBN0_drop0p2__wd1e-04trmiss40_trlocglobal,32,5e-05,0.0001,1,32,1,False,0.2,lr5e-05_bs32_modL1_fusion32_fusionL1_fusionBN0_drop0p2__wd1e-04trmiss40_trlocglobal,13,0.6132070223490397,0.671440601348877,0.6468253968253969,0.6994183583265432,0.6,0.0,0.0,0.0,0.0,0.0,0.0,0.0,0.0,0.0,,,,,18473,global,0.4
2,5,lr5e-05_bs32_modL1_fusion32_fusionL1_fusionBN0_drop0p2__wd1e-04trmiss40_trlocglobal,32,5e-05,0.0001,1,32,1,False,0.2,lr5e-05_bs32_modL1_fusion32_fusionL1_fusionBN0_drop0p2__wd1e-04trmiss40_trlocglobal,14,0.6156631509462992,0.6713041067123413,0.6527777777777777,0.7015711097281663,0.6,0.0,0.0,0.0,0.0,0.0,0.0,0.0,0.0,0.0,,,,,18473,global,0.4
2,5,lr5e-05_bs32_modL1_fusion32_fusionL1_fusionBN0_drop0p2__wd1e-04trmiss40_trlocglobal,32,5e-05,0.0001,1,32,1,False,0.2,lr5e-05_bs32_modL1_fusion32_fusionL1_fusionBN0_drop0p2__wd1e-04trmiss40_trlocglobal,15,0.6202011009057363,0.6707196533679962,0.6507936507936507,0.6903415871495389,0.5777777777777777,0.0,0.0,0.0,0.0,0.0,0.0,0.0,0.0,0.0,,,,,18473,global,0.4
2,5,lr5e-05_bs32_modL1_fusion32_fusionL1_fusionBN0_drop0p2__wd1e-04trmiss40_trlocglobal,32,5e-05,0.0001,1,32,1,False,0.2,lr5e-05_bs32_modL1_fusion32_fusionL1_fusionBN0_drop0p2__wd1e-04trmiss40_trlocglobal,16,0.5995262563228607,0.6717741787433624,0.6408730158730158,0.6663970902883753,0.5777777777777777,0.0,0.0,0.0,0.0,0.0,0.0,0.0,0.0,0.0,,,,,18473,global,0.4
2,5,lr5e-05_bs32_modL1_fusion32_fusionL1_fusionBN0_drop0p2__wd1e-04trmiss40_trlocglobal,32,5e-05,0.0001,1,32,1,False,0.2,lr5e-05_bs32_modL1_fusion32_fusionL1_fusionBN0_drop0p2__wd1e-04trmiss40_trlocglobal,17,0.6010809938112894,0.6722226738929749,0.6448412698412699,0.6465517586970431,0.5777777777777777,0.0,0.0,0.0,0.0,0.0,0.0,0.0,0.0,0.0,,,,,18473,global,0.4
2,5,lr5e-05_bs32_modL1_fusion32_fusionL1_fusionBN0_drop0p2__wd1e-04trmiss40_trlocglobal,32,5e-05,0.0001,1,32,1,False,0.2,lr5e-05_bs32_modL1_fusion32_fusionL1_fusionBN0_drop0p2__wd1e-04trmiss40_trlocglobal,18,0.5990893542766571,0.6693760752677917,0.6607142857142858,0.7042473963926806,0.5777777777777777,0.0,0.0,0.0,0.0,0.0,0.0,0.0,0.0,0.0,,,,,18473,global,0.4
2,5,lr5e-05_bs32_modL1_fusion32_fusionL1_fusionBN0_drop0p2__wd1e-04trmiss40_trlocglobal,32,5e-05,0.0001,1,32,1,False,0.2,lr5e-05_bs32_modL1_fusion32_fusionL1_fusionBN0_drop0p2__wd1e-04trmiss40_trlocglobal,19,0.5922887623310089,0.6659966111183167,0.6706349206349207,0.7283723663261512,0.5777777777777777,0.0,0.0,0.0,0.0,0.0,0.0,0.0,0.0,0.0,,,,,18473,global,0.4
2,5,lr5e-05_bs32_modL1_fusion32_fusionL1_fusionBN0_drop0p2__wd1e-04trmiss40_trlocglobal,32,5e-05,0.0001,1,32,1,False,0.2,lr5e-05_bs32_modL1_fusion32_fusionL1_fusionBN0_drop0p2__wd1e-04trmiss40_trlocglobal,20,0.5937211910883585,0.6657230854034424,0.6607142857142857,0.7251315892569761,0.5555555555555556,0.0,0.0,0.0,0.0,0.0,0.0,0.0,0.0,0.0,,,,,18473,global,0.4
2,5,lr5e-05_bs32_modL1_fusion32_fusionL1_fusionBN0_drop0p2__wd1e-04trmiss40_trlocglobal,32,5e-05,0.0001,1,32,1,False,0.2,lr5e-05_bs32_modL1_fusion32_fusionL1_fusionBN0_drop0p2__wd1e-04trmiss40_trlocglobal,21,0.5894648234049479,0.6660580337047577,0.6527777777777779,0.7182240428273708,0.5555555555555556,0.0,0.0,0.0,0.0,0.0,0.0,0.0,0.0,0.0,,,,,18473,global,0.4
2,5,lr5e-05_bs32_modL1_fusion32_fusionL1_fusionBN0_drop0p2__wd1e-04trmiss40_trlocglobal,32,5e-05,0.0001,1,32,1,False,0.2,lr5e-05_bs32_modL1_fusion32_fusionL1_fusionBN0_drop0p2__wd1e-04trmiss40_trlocglobal,22,0.5889085729916891,0.667801558971405,0.6488095238095238,0.6916222440748369,0.5777777777777777,0.0,0.0,0.0,0.0,0.0,0.0,0.0,0.0,0.0,,,,,18473,global,0.4
2,5,lr5e-05_bs32_modL1_fusion32_fusionL1_fusionBN0_drop0p2__wd1e-04trmiss40_trlocglobal,32,5e-05,0.0001,1,32,1,False,0.2,lr5e-05_bs32_modL1_fusion32_fusionL1_fusionBN0_drop0p2__wd1e-04trmiss40_trlocglobal,23,0.5784369011720022,0.669981449842453,0.6547619047619048,0.6941565153591082,0.5777777777777777,0.0,0.0,0.0,0.0,0.0,0.0,0.0,0.0,0.0,,,,,18473,global,0.4
2,5,lr5e-05_bs32_modL1_fusion32_fusionL1_fusionBN0_drop0p2__wd1e-04trmiss40_trlocglobal,32,5e-05,0.0001,1,32,1,False,0.2,lr5e-05_bs32_modL1_fusion32_fusionL1_fusionBN0_drop0p2__wd1e-04trmiss40_trlocglobal,24,0.5863475799560547,0.6678531765937805,0.6626984126984128,0.7126808107361737,0.5777777777777777,0.0,0.0,0.0,0.0,0.0,0.0,0.0,0.0,0.0,,,,,18473,global,0.4
2,5,lr5e-05_bs32_modL1_fusion32_fusionL1_fusionBN0_drop0p2__wd1e-04trmiss40_trlocglobal,32,5e-05,0.0001,1,32,1,False,0.2,lr5e-05_bs32_modL1_fusion32_fusionL1_fusionBN0_drop0p2__wd1e-04trmiss40_trlocglobal,25,0.5770345826943716,0.6641475260257721,0.6686507936507936,0.7259455880977628,0.5555555555555556,0.0,0.0,0.0,0.0,0.0,0.0,0.0,0.0,0.0,,,,,18473,global,0.4
2,5,lr5e-05_bs32_modL1_fusion32_fusionL1_fusionBN0_drop0p2__wd1e-04trmiss40_trlocglobal,32,5e-05,0.0001,1,32,1,False,0.2,lr5e-05_bs32_modL1_fusion32_fusionL1_fusionBN0_drop0p2__wd1e-04trmiss40_trlocglobal,26,0.5713514089584351,0.665809154510498,0.6706349206349206,0.7116194571109432,0.5555555555555556,0.0,0.0,0.0,0.0,0.0,0.0,0.0,0.0,0.0,,,,,18473,global,0.4
2,5,lr5e-05_bs32_modL1_fusion32_fusionL1_fusionBN0_drop0p2__wd1e-04trmiss40_trlocglobal,32,5e-05,0.0001,1,32,1,False,0.2,lr5e-05_bs32_modL1_fusion32_fusionL1_fusionBN0_drop0p2__wd1e-04trmiss40_trlocglobal,27,0.5710878570874532,0.666379988193512,0.6706349206349207,0.7112172890796989,0.5777777777777777,0.0,0.0,0.0,0.0,0.0,0.0,0.0,0.0,0.0,,,,,18473,global,0.4
2,5,lr5e-05_bs32_modL1_fusion32_fusionL1_fusionBN0_drop0p2__wd1e-04trmiss40_trlocglobal,32,5e-05,0.0001,1,32,1,False,0.2,lr5e-05_bs32_modL1_fusion32_fusionL1_fusionBN0_drop0p2__wd1e-04trmiss40_trlocglobal,28,0.5699050525824229,0.6670216619968414,0.6666666666666667,0.7069037207036307,0.6,0.0,0.0,0.0,0.0,0.0,0.0,0.0,0.0,0.0,,,,,18473,global,0.4
2,5,lr5e-05_bs32_modL1_fusion32_fusionL1_fusionBN0_drop0p2__wd1e-04trmiss40_trlocglobal,32,5e-05,0.0001,1,32,1,False,0.2,lr5e-05_bs32_modL1_fusion32_fusionL1_fusionBN0_drop0p2__wd1e-04trmiss40_trlocglobal,29,0.5655424694220225,0.6686393618583679,0.6448412698412698,0.6760078677986959,0.6,0.0,0.0,0.0,0.0,0.0,0.0,0.0,0.0,0.0,,,,,18473,global,0.4
2,5,lr5e-05_bs32_modL1_fusion32_fusionL1_fusionBN0_drop0p2__wd1e-04trmiss40_trlocglobal,32,5e-05,0.0001,1,32,1,False,0.2,lr5e-05_bs32_modL1_fusion32_fusionL1_fusionBN0_drop0p2__wd1e-04trmiss40_trlocglobal,30,0.5677822728951772,0.6671069860458374,0.6587301587301588,0.6983022908313038,0.6222222222222222,0.0,0.0,0.0,0.0,0.0,0.0,0.0,0.0,0.0,,,,,18473,global,0.4
2,5,lr5e-05_bs32_modL1_fusion32_fusionL1_fusionBN0_drop0p2__wd1e-04trmiss40_trlocglobal,32,5e-05,0.0001,1,32,1,False,0.2,lr5e-05_bs32_modL1_fusion32_fusionL1_fusionBN0_drop0p2__wd1e-04trmiss40_trlocglobal,31,0.5620875656604767,0.6653750836849213,0.6607142857142858,0.7003099631819834,0.6222222222222222,0.0,0.0,0.0,0.0,0.0,0.0,0.0,0.0,0.0,,,,,18473,global,0.4
2,5,lr5e-05_bs32_modL1_fusion32_fusionL1_fusionBN0_drop0p2__wd1e-04trmiss40_trlocglobal,32,5e-05,0.0001,1,32,1,False,0.2,lr5e-05_bs32_modL1_fusion32_fusionL1_fusionBN0_drop0p2__wd1e-04trmiss40_trlocglobal,32,0.5556871394316355,0.6639562249183655,0.6686507936507937,0.7091633163717209,0.6444444444444445,0.0,0.0,0.0,0.0,0.0,0.0,0.0,0.0,0.0,,,,,18473,global,0.4
2,5,lr5e-05_bs32_modL1_fusion32_fusionL1_fusionBN0_drop0p2__wd1e-04trmiss40_trlocglobal,32,5e-05,0.0001,1,32,1,False,0.2,lr5e-05_bs32_modL1_fusion32_fusionL1_fusionBN0_drop0p2__wd1e-04trmiss40_trlocglobal,33,0.5580819646517435,0.6636529564857483,0.6626984126984128,0.7035646550270919,0.6444444444444445,0.0,0.0,0.0,0.0,0.0,0.0,0.0,0.0,0.0,,,,,18473,global,0.4
2,5,lr5e-05_bs32_modL1_fusion32_fusionL1_fusionBN0_drop0p2__wd1e-04trmiss40_trlocglobal,32,5e-05,0.0001,1,32,1,False,0.2,lr5e-05_bs32_modL1_fusion32_fusionL1_fusionBN0_drop0p2__wd1e-04trmiss40_trlocglobal,34,0.5547909140586853,0.6638169586658478,0.6607142857142858,0.6978659266721136,0.6222222222222222,0.0,0.0,0.0,0.0,0.0,0.0,0.0,0.0,0.0,,,,,18473,global,0.4
2,5,lr5e-05_bs32_modL1_fusion32_fusionL1_fusionBN0_drop0p2__wd1e-04trmiss40_trlocglobal,32,5e-05,0.0001,1,32,1,False,0.2,lr5e-05_bs32_modL1_fusion32_fusionL1_fusionBN0_drop0p2__wd1e-04trmiss40_trlocglobal,35,0.5412104725837708,0.6646858155727386,0.6587301587301588,0.6852558628425374,0.6444444444444445,0.0,0.0,0.0,0.0,0.0,0.0,0.0,0.0,0.0,,,,,18473,global,0.4
2,5,lr5e-05_bs32_modL1_fusion32_fusionL1_fusionBN0_drop0p2__wd1e-04trmiss40_trlocglobal,32,5e-05,0.0001,1,32,1,False,0.2,lr5e-05_bs32_modL1_fusion32_fusionL1_fusionBN0_drop0p2__wd1e-04trmiss40_trlocglobal,36,0.5478171110153198,0.6626946330070496,0.6666666666666667,0.7036952665765308,0.6444444444444445,0.0,0.0,0.0,0.0,0.0,0.0,0.0,0.0,0.0,,,,,18473,global,0.4
2,5,lr5e-05_bs32_modL1_fusion32_fusionL1_fusionBN0_drop0p2__wd1e-04trmiss40_trlocglobal,32,5e-05,0.0001,1,32,1,False,0.2,lr5e-05_bs32_modL1_fusion32_fusionL1_fusionBN0_drop0p2__wd1e-04trmiss40_trlocglobal,37,0.5441777209440867,0.6628035604953766,0.6686507936507937,0.7071524255740655,0.6444444444444445,0.0,0.0,0.0,0.0,0.0,0.0,0.0,0.0,0.0,,,,,18473,global,0.4
2,5,lr5e-05_bs32_modL1_fusion32_fusionL1_fusionBN0_drop0p2__wd1e-04trmiss40_trlocglobal,32,5e-05,0.0001,1,32,1,False,0.2,lr5e-05_bs32_modL1_fusion32_fusionL1_fusionBN0_drop0p2__wd1e-04trmiss40_trlocglobal,38,0.5399286945660909,0.6638193428516388,0.6626984126984128,0.6944870816587216,0.6222222222222222,0.0,0.0,0.0,0.0,0.0,0.0,0.0,0.0,0.0,,,,,18473,global,0.4
2,5,lr5e-05_bs32_modL1_fusion32_fusionL1_fusionBN0_drop0p2__wd1e-04trmiss40_trlocglobal,32,5e-05,0.0001,1,32,1,False,0.2,lr5e-05_bs32_modL1_fusion32_fusionL1_fusionBN0_drop0p2__wd1e-04trmiss40_trlocglobal,39,0.5319230556488037,0.6654950082302094,0.6607142857142858,0.6887541429363215,0.6222222222222222,0.0,0.0,0.0,0.0,0.0,0.0,0.0,0.0,0.0,,,,,18473,global,0.4
2,5,lr5e-05_bs32_modL1_fusion32_fusionL1_fusionBN0_drop0p1__wd1e-04trmiss40_trlocglobal,32,5e-05,0.0001,1,32,1,False,0.1,lr5e-05_bs32_modL1_fusion32_fusionL1_fusionBN0_drop0p1__wd1e-04trmiss40_trlocglobal,1,0.6939478814601898,0.7020964622497559,0.4821428571428571,0.5863573606627089,0.4888888888888889,0.0,0.0,0.0,0.0,0.0,0.0,0.0,0.0,0.0,,,,,18473,global,0.4
2,5,lr5e-05_bs32_modL1_fusion32_fusionL1_fusionBN0_drop0p1__wd1e-04trmiss40_trlocglobal,32,5e-05,0.0001,1,32,1,False,0.1,lr5e-05_bs32_modL1_fusion32_fusionL1_fusionBN0_drop0p1__wd1e-04trmiss40_trlocglobal,2,0.6814975738525391,0.6999782025814056,0.5099206349206349,0.6026022595146637,0.5333333333333333,0.0,0.0,0.0,0.0,0.0,0.0,0.0,0.0,0.0,,,,,18473,global,0.4
2,5,lr5e-05_bs32_modL1_fusion32_fusionL1_fusionBN0_drop0p1__wd1e-04trmiss40_trlocglobal,32,5e-05,0.0001,1,32,1,False,0.1,lr5e-05_bs32_modL1_fusion32_fusionL1_fusionBN0_drop0p1__wd1e-04trmiss40_trlocglobal,3,0.6740862429141998,0.6977602243423462,0.5416666666666667,0.6164330712705116,0.5333333333333333,0.0,0.0,0.0,0.0,0.0,0.0,0.0,0.0,0.0,,,,,18473,global,0.4
2,5,lr5e-05_bs32_modL1_fusion32_fusionL1_fusionBN0_drop0p1__wd1e-04trmiss40_trlocglobal,32,5e-05,0.0001,1,32,1,False,0.1,lr5e-05_bs32_modL1_fusion32_fusionL1_fusionBN0_drop0p1__wd1e-04trmiss40_trlocglobal,4,0.6658884982268015,0.6948828995227814,0.5595238095238095,0.6324256922844383,0.5333333333333333,0.0,0.0,0.0,0.0,0.0,0.0,0.0,0.0,0.0,,,,,18473,global,0.4
2,5,lr5e-05_bs32_modL1_fusion32_fusionL1_fusionBN0_drop0p1__wd1e-04trmiss40_trlocglobal,32,5e-05,0.0001,1,32,1,False,0.1,lr5e-05_bs32_modL1_fusion32_fusionL1_fusionBN0_drop0p1__wd1e-04trmiss40_trlocglobal,5,0.6587666471799215,0.6926994025707245,0.5694444444444445,0.6520723254497796,0.5777777777777777,0.0,0.0,0.0,0.0,0.0,0.0,0.0,0.0,0.0,,,,,18473,global,0.4
2,5,lr5e-05_bs32_modL1_fusion32_fusionL1_fusionBN0_drop0p1__wd1e-04trmiss40_trlocglobal,32,5e-05,0.0001,1,32,1,False,0.1,lr5e-05_bs32_modL1_fusion32_fusionL1_fusionBN0_drop0p1__wd1e-04trmiss40_trlocglobal,6,0.656987855831782,0.6906589865684509,0.5714285714285714,0.6477052132108694,0.5555555555555556,0.0,0.0,0.0,0.0,0.0,0.0,0.0,0.0,0.0,,,,,18473,global,0.4
2,5,lr5e-05_bs32_modL1_fusion32_fusionL1_fusionBN0_drop0p1__wd1e-04trmiss40_trlocglobal,32,5e-05,0.0001,1,32,1,False,0.1,lr5e-05_bs32_modL1_fusion32_fusionL1_fusionBN0_drop0p1__wd1e-04trmiss40_trlocglobal,7,0.646545281012853,0.6894328594207764,0.5813492063492063,0.6544364254230378,0.5555555555555556,0.0,0.0,0.0,0.0,0.0,0.0,0.0,0.0,0.0,,,,,18473,global,0.4
2,5,lr5e-05_bs32_modL1_fusion32_fusionL1_fusionBN0_drop0p1__wd1e-04trmiss40_trlocglobal,32,5e-05,0.0001,1,32,1,False,0.1,lr5e-05_bs32_modL1_fusion32_fusionL1_fusionBN0_drop0p1__wd1e-04trmiss40_trlocglobal,8,0.6441386838754019,0.6890375018119812,0.5833333333333333,0.6535877788615959,0.5777777777777777,0.0,0.0,0.0,0.0,0.0,0.0,0.0,0.0,0.0,,,,,18473,global,0.4
2,5,lr5e-05_bs32_modL1_fusion32_fusionL1_fusionBN0_drop0p1__wd1e-04trmiss40_trlocglobal,32,5e-05,0.0001,1,32,1,False,0.1,lr5e-05_bs32_modL1_fusion32_fusionL1_fusionBN0_drop0p1__wd1e-04trmiss40_trlocglobal,9,0.6382430295149485,0.6873338222503662,0.6011904761904763,0.6690620171057644,0.5555555555555556,0.0,0.0,0.0,0.0,0.0,0.0,0.0,0.0,0.0,,,,,18473,global,0.4
2,5,lr5e-05_bs32_modL1_fusion32_fusionL1_fusionBN0_drop0p1__wd1e-04trmiss40_trlocglobal,32,5e-05,0.0001,1,32,1,False,0.1,lr5e-05_bs32_modL1_fusion32_fusionL1_fusionBN0_drop0p1__wd1e-04trmiss40_trlocglobal,10,0.6317019363244375,0.686743974685669,0.5853174603174603,0.6591066488823334,0.5777777777777777,0.0,0.0,0.0,0.0,0.0,0.0,0.0,0.0,0.0,,,,,18473,global,0.4
2,5,lr5e-05_bs32_modL1_fusion32_fusionL1_fusionBN0_drop0p1__wd1e-04trmiss40_trlocglobal,32,5e-05,0.0001,1,32,1,False,0.1,lr5e-05_bs32_modL1_fusion32_fusionL1_fusionBN0_drop0p1__wd1e-04trmiss40_trlocglobal,11,0.6301812628904978,0.6864668130874634,0.5873015873015873,0.6573921108434572,0.5777777777777777,0.0,0.0,0.0,0.0,0.0,0.0,0.0,0.0,0.0,,,,,18473,global,0.4
2,5,lr5e-05_bs32_modL1_fusion32_fusionL1_fusionBN0_drop0p1__wd1e-04trmiss40_trlocglobal,32,5e-05,0.0001,1,32,1,False,0.1,lr5e-05_bs32_modL1_fusion32_fusionL1_fusionBN0_drop0p1__wd1e-04trmiss40_trlocglobal,12,0.6210063993930817,0.6867579221725464,0.5753968253968254,0.6478819357379481,0.6,0.0,0.0,0.0,0.0,0.0,0.0,0.0,0.0,0.0,,,,,18473,global,0.4
2,5,lr5e-05_bs32_modL1_fusion32_fusionL1_fusionBN0_drop0p1__wd1e-04trmiss40_trlocglobal,32,5e-05,0.0001,1,32,1,False,0.1,lr5e-05_bs32_modL1_fusion32_fusionL1_fusionBN0_drop0p1__wd1e-04trmiss40_trlocglobal,13,0.6153495808442434,0.6845012903213501,0.5892857142857143,0.6537773049188208,0.6,0.0,0.0,0.0,0.0,0.0,0.0,0.0,0.0,0.0,,,,,18473,global,0.4
2,5,lr5e-05_bs32_modL1_fusion32_fusionL1_fusionBN0_drop0p1__wd1e-04trmiss40_trlocglobal,32,5e-05,0.0001,1,32,1,False,0.1,lr5e-05_bs32_modL1_fusion32_fusionL1_fusionBN0_drop0p1__wd1e-04trmiss40_trlocglobal,14,0.61238561073939,0.6832239925861359,0.6051587301587302,0.6643353485279928,0.6,0.0,0.0,0.0,0.0,0.0,0.0,0.0,0.0,0.0,,,,,18473,global,0.4
2,5,lr5e-05_bs32_modL1_fusion32_fusionL1_fusionBN0_drop0p1__wd1e-04trmiss40_trlocglobal,32,5e-05,0.0001,1,32,1,False,0.1,lr5e-05_bs32_modL1_fusion32_fusionL1_fusionBN0_drop0p1__wd1e-04trmiss40_trlocglobal,15,0.6088843444983164,0.6822322010993958,0.6091269841269842,0.6655551311417237,0.6,0.0,0.0,0.0,0.0,0.0,0.0,0.0,0.0,0.0,,,,,18473,global,0.4
2,5,lr5e-05_bs32_modL1_fusion32_fusionL1_fusionBN0_drop0p1__wd1e-04trmiss40_trlocglobal,32,5e-05,0.0001,1,32,1,False,0.1,lr5e-05_bs32_modL1_fusion32_fusionL1_fusionBN0_drop0p1__wd1e-04trmiss40_trlocglobal,16,0.6098120510578156,0.6828291118144989,0.5992063492063492,0.6595664793655412,0.6,0.0,0.0,0.0,0.0,0.0,0.0,0.0,0.0,0.0,,,,,18473,global,0.4
2,5,lr5e-05_bs32_modL1_fusion32_fusionL1_fusionBN0_drop0p1__wd1e-04trmiss40_trlocglobal,32,5e-05,0.0001,1,32,1,False,0.1,lr5e-05_bs32_modL1_fusion32_fusionL1_fusionBN0_drop0p1__wd1e-04trmiss40_trlocglobal,17,0.6041704714298248,0.6824307441711426,0.5992063492063493,0.6584141450319034,0.6,0.0,0.0,0.0,0.0,0.0,0.0,0.0,0.0,0.0,,,,,18473,global,0.4
2,5,lr5e-05_bs32_modL1_fusion32_fusionL1_fusionBN0_drop0p1__wd1e-04trmiss40_trlocglobal,32,5e-05,0.0001,1,32,1,False,0.1,lr5e-05_bs32_modL1_fusion32_fusionL1_fusionBN0_drop0p1__wd1e-04trmiss40_trlocglobal,18,0.5972653230031332,0.6807909309864044,0.6051587301587302,0.6584924062400216,0.6222222222222222,0.0,0.0,0.0,0.0,0.0,0.0,0.0,0.0,0.0,,,,,18473,global,0.4
2,5,lr5e-05_bs32_modL1_fusion32_fusionL1_fusionBN0_drop0p1__wd1e-04trmiss40_trlocglobal,32,5e-05,0.0001,1,32,1,False,0.1,lr5e-05_bs32_modL1_fusion32_fusionL1_fusionBN0_drop0p1__wd1e-04trmiss40_trlocglobal,19,0.5963034331798553,0.6801902949810028,0.6071428571428572,0.6623723055693626,0.6444444444444445,0.0,0.0,0.0,0.0,0.0,0.0,0.0,0.0,0.0,,,,,18473,global,0.4
2,5,lr5e-05_bs32_modL1_fusion32_fusionL1_fusionBN0_drop0p1__wd1e-04trmiss40_trlocglobal,32,5e-05,0.0001,1,32,1,False,0.1,lr5e-05_bs32_modL1_fusion32_fusionL1_fusionBN0_drop0p1__wd1e-04trmiss40_trlocglobal,20,0.5927411218484243,0.6791825890541077,0.6071428571428572,0.6620219063029666,0.6222222222222222,0.0,0.0,0.0,0.0,0.0,0.0,0.0,0.0,0.0,,,,,18473,global,0.4
2,5,lr5e-05_bs32_modL1_fusion32_fusionL1_fusionBN0_drop0p1__wd1e-04trmiss40_trlocglobal,32,5e-05,0.0001,1,32,1,False,0.1,lr5e-05_bs32_modL1_fusion32_fusionL1_fusionBN0_drop0p1__wd1e-04trmiss40_trlocglobal,21,0.6011209587256113,0.677870362997055,0.6051587301587302,0.6645859147561254,0.6222222222222222,0.0,0.0,0.0,0.0,0.0,0.0,0.0,0.0,0.0,,,,,18473,global,0.4
2,5,lr5e-05_bs32_modL1_fusion32_fusionL1_fusionBN0_drop0p1__wd1e-04trmiss40_trlocglobal,32,5e-05,0.0001,1,32,1,False,0.1,lr5e-05_bs32_modL1_fusion32_fusionL1_fusionBN0_drop0p1__wd1e-04trmiss40_trlocglobal,22,0.5903638501962026,0.6779413223266602,0.6011904761904762,0.6620366080451495,0.6222222222222222,0.0,0.0,0.0,0.0,0.0,0.0,0.0,0.0,0.0,,,,,18473,global,0.4
2,5,lr5e-05_bs32_modL1_fusion32_fusionL1_fusionBN0_drop0p1__wd1e-04trmiss40_trlocglobal,32,5e-05,0.0001,1,32,1,False,0.1,lr5e-05_bs32_modL1_fusion32_fusionL1_fusionBN0_drop0p1__wd1e-04trmiss40_trlocglobal,23,0.5803327361742655,0.6766844689846039,0.6130952380952381,0.6817844283676825,0.6222222222222222,0.0,0.0,0.0,0.0,0.0,0.0,0.0,0.0,0.0,,,,,18473,global,0.4
2,5,lr5e-05_bs32_modL1_fusion32_fusionL1_fusionBN0_drop0p1__wd1e-04trmiss40_trlocglobal,32,5e-05,0.0001,1,32,1,False,0.1,lr5e-05_bs32_modL1_fusion32_fusionL1_fusionBN0_drop0p1__wd1e-04trmiss40_trlocglobal,24,0.5732024908065796,0.6766842305660248,0.6150793650793651,0.6852309608228356,0.6222222222222222,0.0,0.0,0.0,0.0,0.0,0.0,0.0,0.0,0.0,,,,,18473,global,0.4
2,5,lr5e-05_bs32_modL1_fusion32_fusionL1_fusionBN0_drop0p1__wd1e-04trmiss40_trlocglobal,32,5e-05,0.0001,1,32,1,False,0.1,lr5e-05_bs32_modL1_fusion32_fusionL1_fusionBN0_drop0p1__wd1e-04trmiss40_trlocglobal,25,0.5748986999193827,0.6779161095619202,0.6051587301587302,0.6682393220592462,0.6,0.0,0.0,0.0,0.0,0.0,0.0,0.0,0.0,0.0,,,,,18473,global,0.4
2,5,lr5e-05_bs32_modL1_fusion32_fusionL1_fusionBN0_drop0p1__wd1e-04trmiss40_trlocglobal,32,5e-05,0.0001,1,32,1,False,0.1,lr5e-05_bs32_modL1_fusion32_fusionL1_fusionBN0_drop0p1__wd1e-04trmiss40_trlocglobal,26,0.5758419334888458,0.677910566329956,0.5952380952380952,0.6569900713653828,0.6222222222222222,0.0,0.0,0.0,0.0,0.0,0.0,0.0,0.0,0.0,,,,,18473,global,0.4
2,5,lr5e-05_bs32_modL1_fusion32_fusionL1_fusionBN0_drop0p1__wd1e-04trmiss40_trlocglobal,32,5e-05,0.0001,1,32,1,False,0.1,lr5e-05_bs32_modL1_fusion32_fusionL1_fusionBN0_drop0p1__wd1e-04trmiss40_trlocglobal,27,0.5629357993602753,0.6770689487457275,0.5912698412698413,0.660771460402657,0.6,0.0,0.0,0.0,0.0,0.0,0.0,0.0,0.0,0.0,,,,,18473,global,0.4
2,5,lr5e-05_bs32_modL1_fusion32_fusionL1_fusionBN0_drop0p1__wd1e-04trmiss40_trlocglobal,32,5e-05,0.0001,1,32,1,False,0.1,lr5e-05_bs32_modL1_fusion32_fusionL1_fusionBN0_drop0p1__wd1e-04trmiss40_trlocglobal,28,0.5655806759993235,0.6763706505298615,0.5932539682539681,0.6642697035177263,0.6,0.0,0.0,0.0,0.0,0.0,0.0,0.0,0.0,0.0,,,,,18473,global,0.4
2,5,lr5e-05_bs32_modL1_fusion32_fusionL1_fusionBN0_drop0p1__wd1e-04trmiss40_trlocglobal,32,5e-05,0.0001,1,32,1,False,0.1,lr5e-05_bs32_modL1_fusion32_fusionL1_fusionBN0_drop0p1__wd1e-04trmiss40_trlocglobal,29,0.5675061245759329,0.6773487031459808,0.5932539682539683,0.6617804285753953,0.6222222222222222,0.0,0.0,0.0,0.0,0.0,0.0,0.0,0.0,0.0,,,,,18473,global,0.4
2,5,lr5e-05_bs32_modL1_fusion32_fusionL1_fusionBN0_drop0p1__wd1e-04trmiss40_trlocglobal,32,5e-05,0.0001,1,32,1,False,0.1,lr5e-05_bs32_modL1_fusion32_fusionL1_fusionBN0_drop0p1__wd1e-04trmiss40_trlocglobal,30,0.5635498861471812,0.676252543926239,0.6031746031746031,0.6767550444780301,0.6444444444444445,0.0,0.0,0.0,0.0,0.0,0.0,0.0,0.0,0.0,,,,,18473,global,0.4
2,5,lr5e-05_bs32_modL1_fusion32_fusionL1_fusionBN0_drop0p1__wd1e-04trmiss40_trlocglobal,32,5e-05,0.0001,1,32,1,False,0.1,lr5e-05_bs32_modL1_fusion32_fusionL1_fusionBN0_drop0p1__wd1e-04trmiss40_trlocglobal,31,0.556453158458074,0.676394134759903,0.5952380952380953,0.6680954187131414,0.6222222222222222,0.0,0.0,0.0,0.0,0.0,0.0,0.0,0.0,0.0,,,,,18473,global,0.4
2,5,lr5e-05_bs32_modL1_fusion32_fusionL1_fusionBN0_drop0p1__wd1e-04trmiss40_trlocglobal,32,5e-05,0.0001,1,32,1,False,0.1,lr5e-05_bs32_modL1_fusion32_fusionL1_fusionBN0_drop0p1__wd1e-04trmiss40_trlocglobal,32,0.5437463720639547,0.6764926910400391,0.6011904761904762,0.6703080104192675,0.6222222222222222,0.0,0.0,0.0,0.0,0.0,0.0,0.0,0.0,0.0,,,,,18473,global,0.4
2,5,lr5e-05_bs32_modL1_fusion32_fusionL1_fusionBN0_drop0p1__wd1e-04trmiss40_trlocglobal,32,5e-05,0.0001,1,32,1,False,0.1,lr5e-05_bs32_modL1_fusion32_fusionL1_fusionBN0_drop0p1__wd1e-04trmiss40_trlocglobal,33,0.5626747310161591,0.6765699982643127,0.6111111111111112,0.6866347456330364,0.6,0.0,0.0,0.0,0.0,0.0,0.0,0.0,0.0,0.0,,,,,18473,global,0.4
2,5,lr5e-05_bs32_modL1_fusion32_fusionL1_fusionBN0_drop0p1__wd1e-04trmiss40_trlocglobal,32,5e-05,0.0001,1,32,1,False,0.1,lr5e-05_bs32_modL1_fusion32_fusionL1_fusionBN0_drop0p1__wd1e-04trmiss40_trlocglobal,34,0.5503310362497965,0.6742337644100189,0.6170634920634921,0.6917915497207616,0.6,0.0,0.0,0.0,0.0,0.0,0.0,0.0,0.0,0.0,,,,,18473,global,0.4
2,5,lr5e-05_bs32_modL1_fusion32_fusionL1_fusionBN0_drop0p1__wd1e-04trmiss40_trlocglobal,32,5e-05,0.0001,1,32,1,False,0.1,lr5e-05_bs32_modL1_fusion32_fusionL1_fusionBN0_drop0p1__wd1e-04trmiss40_trlocglobal,35,0.5394229193528494,0.6751269996166229,0.621031746031746,0.6916523593682061,0.6,0.0,0.0,0.0,0.0,0.0,0.0,0.0,0.0,0.0,,,,,18473,global,0.4
2,5,lr5e-05_bs32_modL1_fusion32_fusionL1_fusionBN0_drop0p1__wd1e-04trmiss40_trlocglobal,32,5e-05,0.0001,1,32,1,False,0.1,lr5e-05_bs32_modL1_fusion32_fusionL1_fusionBN0_drop0p1__wd1e-04trmiss40_trlocglobal,36,0.5447598298390707,0.6761755347251892,0.6071428571428572,0.6852444680823313,0.6,0.0,0.0,0.0,0.0,0.0,0.0,0.0,0.0,0.0,,,,,18473,global,0.4
2,5,lr5e-05_bs32_modL1_fusion32_fusionL1_fusionBN0_drop0p1__wd1e-04trmiss40_trlocglobal,32,5e-05,0.0001,1,32,1,False,0.1,lr5e-05_bs32_modL1_fusion32_fusionL1_fusionBN0_drop0p1__wd1e-04trmiss40_trlocglobal,37,0.536440392335256,0.6754184663295746,0.6031746031746033,0.6823163691759715,0.6,0.0,0.0,0.0,0.0,0.0,0.0,0.0,0.0,0.0,,,,,18473,global,0.4
2,5,lr5e-05_bs32_modL1_fusion32_fusionL1_fusionBN0_drop0p1__wd1e-04trmiss40_trlocglobal,32,5e-05,0.0001,1,32,1,False,0.1,lr5e-05_bs32_modL1_fusion32_fusionL1_fusionBN0_drop0p1__wd1e-04trmiss40_trlocglobal,38,0.5294524828592936,0.6753256618976593,0.5992063492063493,0.6803484340462718,0.6,0.0,0.0,0.0,0.0,0.0,0.0,0.0,0.0,0.0,,,,,18473,global,0.4
2,5,lr5e-05_bs32_modL1_fusion32_fusionL1_fusionBN0_drop0p1__wd1e-04trmiss40_trlocglobal,32,5e-05,0.0001,1,32,1,False,0.1,lr5e-05_bs32_modL1_fusion32_fusionL1_fusionBN0_drop0p1__wd1e-04trmiss40_trlocglobal,39,0.5409925977389017,0.6765196025371552,0.6011904761904763,0.6801838732481297,0.6,0.0,0.0,0.0,0.0,0.0,0.0,0.0,0.0,0.0,,,,,18473,global,0.4
2,5,lr5e-05_bs32_modL1_fusion32_fusionL1_fusionBN0_drop0p1__wd1e-04trmiss40_trlocglobal,32,5e-05,0.0001,1,32,1,False,0.1,lr5e-05_bs32_modL1_fusion32_fusionL1_fusionBN0_drop0p1__wd1e-04trmiss40_trlocglobal,40,0.5260080893834432,0.6761113405227661,0.6071428571428571,0.6912629884481988,0.6,0.0,0.0,0.0,0.0,0.0,0.0,0.0,0.0,0.0,,,,,18473,global,0.4
2,5,lr5e-05_bs32_modL1_fusion32_fusionL1_fusionBN0_drop0p1__wd1e-04trmiss40_trlocglobal,32,5e-05,0.0001,1,32,1,False,0.1,lr5e-05_bs32_modL1_fusion32_fusionL1_fusionBN0_drop0p1__wd1e-04trmiss40_trlocglobal,41,0.5300945738951365,0.6746253371238708,0.611111111111111,0.6955255677016663,0.6,0.0,0.0,0.0,0.0,0.0,0.0,0.0,0.0,0.0,,,,,18473,global,0.4
2,5,lr5e-05_bs32_modL1_fusion32_fusionL1_fusionBN0_drop0p1__wd1e-04trmiss40_trlocglobal,32,5e-05,0.0001,1,32,1,False,0.1,lr5e-05_bs32_modL1_fusion32_fusionL1_fusionBN0_drop0p1__wd1e-04trmiss40_trlocglobal,42,0.5267599870761236,0.6732020676136017,0.6071428571428572,0.6938530824193412,0.5555555555555556,0.0,0.0,0.0,0.0,0.0,0.0,0.0,0.0,0.0,,,,,18473,global,0.4
2,5,lr5e-05_bs32_modL1_fusion32_fusionL1_fusionBN0_drop0p1__wd1e-04trmiss40_trlocglobal,32,5e-05,0.0001,1,32,1,False,0.1,lr5e-05_bs32_modL1_fusion32_fusionL1_fusionBN0_drop0p1__wd1e-04trmiss40_trlocglobal,43,0.5236595074335734,0.672448456287384,0.6170634920634921,0.6987650685813273,0.5555555555555556,0.0,0.0,0.0,0.0,0.0,0.0,0.0,0.0,0.0,,,,,18473,global,0.4
2,5,lr5e-05_bs32_modL1_fusion32_fusionL1_fusionBN0_drop0p1__wd1e-04trmiss40_trlocglobal,32,5e-05,0.0001,1,32,1,False,0.1,lr5e-05_bs32_modL1_fusion32_fusionL1_fusionBN0_drop0p1__wd1e-04trmiss40_trlocglobal,44,0.5236738324165344,0.6734216511249542,0.6111111111111112,0.692909350225609,0.5555555555555556,0.0,0.0,0.0,0.0,0.0,0.0,0.0,0.0,0.0,,,,,18473,global,0.4
2,5,lr5e-05_bs32_modL1_fusion32_fusionL1_fusionBN0_drop0p1__wd1e-04trmiss40_trlocglobal,32,5e-05,0.0001,1,32,1,False,0.1,lr5e-05_bs32_modL1_fusion32_fusionL1_fusionBN0_drop0p1__wd1e-04trmiss40_trlocglobal,45,0.5261514087518057,0.6746344864368439,0.5992063492063492,0.681747149055357,0.6222222222222222,0.0,0.0,0.0,0.0,0.0,0.0,0.0,0.0,0.0,,,,,18473,global,0.4
2,5,lr5e-05_bs32_modL1_fusion32_fusionL1_fusionBN0_drop0p1__wd1e-04trmiss40_trlocglobal,32,5e-05,0.0001,1,32,1,False,0.1,lr5e-05_bs32_modL1_fusion32_fusionL1_fusionBN0_drop0p1__wd1e-04trmiss40_trlocglobal,46,0.5199062079191208,0.6726260781288147,0.6051587301587302,0.6839616168125879,0.6,0.0,0.0,0.0,0.0,0.0,0.0,0.0,0.0,0.0,,,,,18473,global,0.4
2,5,lr5e-05_bs32_modL1_fusion32_fusionL1_fusionBN0_drop0p1__wd1e-04trmiss40_trlocglobal,32,5e-05,0.0001,1,32,1,False,0.1,lr5e-05_bs32_modL1_fusion32_fusionL1_fusionBN0_drop0p1__wd1e-04trmiss40_trlocglobal,47,0.515057643254598,0.6719907820224762,0.6150793650793651,0.6893102287085913,0.6,0.0,0.0,0.0,0.0,0.0,0.0,0.0,0.0,0.0,,,,,18473,global,0.4
2,5,lr5e-05_bs32_modL1_fusion32_fusionL1_fusionBN0_drop0p1__wd1e-04trmiss40_trlocglobal,32,5e-05,0.0001,1,32,1,False,0.1,lr5e-05_bs32_modL1_fusion32_fusionL1_fusionBN0_drop0p1__wd1e-04trmiss40_trlocglobal,48,0.5172734906276067,0.6718302071094513,0.6130952380952381,0.6877229271212897,0.5777777777777777,0.0,0.0,0.0,0.0,0.0,0.0,0.0,0.0,0.0,,,,,18473,global,0.4
2,5,lr5e-05_bs32_modL1_fusion32_fusionL1_fusionBN0_drop0p1__wd1e-04trmiss40_trlocglobal,32,5e-05,0.0001,1,32,1,False,0.1,lr5e-05_bs32_modL1_fusion32_fusionL1_fusionBN0_drop0p1__wd1e-04trmiss40_trlocglobal,49,0.5128362774848938,0.6720763742923737,0.6011904761904763,0.682340988954474,0.6,0.0,0.0,0.0,0.0,0.0,0.0,0.0,0.0,0.0,,,,,18473,global,0.4
2,5,lr5e-05_bs32_modL1_fusion32_fusionL1_fusionBN0_drop0p1__wd1e-04trmiss40_trlocglobal,32,5e-05,0.0001,1,32,1,False,0.1,lr5e-05_bs32_modL1_fusion32_fusionL1_fusionBN0_drop0p1__wd1e-04trmiss40_trlocglobal,50,0.5167082746823629,0.6712442934513092,0.6051587301587302,0.6839048495431191,0.6,0.0,0.0,0.0,0.0,0.0,0.0,0.0,0.0,0.0,,,,,18473,global,0.4
2,5,lr5e-05_bs32_modL1_fusion32_fusionL1_fusionBN0_drop0p1__wd1e-04trmiss40_trlocglobal,32,5e-05,0.0001,1,32,1,False,0.1,lr5e-05_bs32_modL1_fusion32_fusionL1_fusionBN0_drop0p1__wd1e-04trmiss40_trlocglobal,51,0.5023901909589767,0.6713290512561798,0.6091269841269842,0.686298602743324,0.6,0.0,0.0,0.0,0.0,0.0,0.0,0.0,0.0,0.0,,,,,18473,global,0.4
2,5,lr5e-05_bs32_modL1_fusion32_fusionL1_fusionBN0_drop0p1__wd1e-04trmiss40_trlocglobal,32,5e-05,0.0001,1,32,1,False,0.1,lr5e-05_bs32_modL1_fusion32_fusionL1_fusionBN0_drop0p1__wd1e-04trmiss40_trlocglobal,52,0.5149460931619009,0.6713714897632599,0.6150793650793651,0.6891921212618424,0.6,0.0,0.0,0.0,0.0,0.0,0.0,0.0,0.0,0.0,,,,,18473,global,0.4
2,5,lr5e-05_bs32_modL1_fusion32_fusionL1_fusionBN0_drop0p1__wd1e-04trmiss40_trlocglobal,32,5e-05,0.0001,1,32,1,False,0.1,lr5e-05_bs32_modL1_fusion32_fusionL1_fusionBN0_drop0p1__wd1e-04trmiss40_trlocglobal,53,0.5094449172417322,0.6716909408569336,0.6111111111111112,0.6813208070678538,0.5777777777777777,0.0,0.0,0.0,0.0,0.0,0.0,0.0,0.0,0.0,,,,,18473,global,0.4
2,5,lr5e-05_bs32_modL1_fusion32_fusionL1_fusionBN0_drop0p1__wd1e-04trmiss40_trlocglobal,32,5e-05,0.0001,1,32,1,False,0.1,lr5e-05_bs32_modL1_fusion32_fusionL1_fusionBN0_drop0p1__wd1e-04trmiss40_trlocglobal,54,0.5078849097092947,0.6717314720153809,0.6111111111111112,0.6810428966811662,0.6,0.0,0.0,0.0,0.0,0.0,0.0,0.0,0.0,0.0,,,,,18473,global,0.4
2,5,lr5e-05_bs32_modL1_fusion32_fusionL1_fusionBN0_drop0p1__wd1e-04trmiss40_trlocglobal,32,5e-05,0.0001,1,32,1,False,0.1,lr5e-05_bs32_modL1_fusion32_fusionL1_fusionBN0_drop0p1__wd1e-04trmiss40_trlocglobal,55,0.5018547177314758,0.6714012026786804,0.6031746031746031,0.6763367185626897,0.6,0.0,0.0,0.0,0.0,0.0,0.0,0.0,0.0,0.0,,,,,18473,global,0.4
2,5,lr1e-05_bs32_modL1_fusion16_fusionL1_fusionBN0_drop0p2__wd1e-04trmiss40_trlocglobal,32,1e-05,0.0001,1,16,1,False,0.2,lr1e-05_bs32_modL1_fusion16_fusionL1_fusionBN0_drop0p2__wd1e-04trmiss40_trlocglobal,1,0.6801272630691528,0.6833548843860626,0.6567460317460317,0.6544346435694045,0.5555555555555556,0.0,0.0,0.0,0.0,0.0,0.0,0.0,0.0,0.0,,,,,18473,global,0.4
2,5,lr1e-05_bs32_modL1_fusion16_fusionL1_fusionBN0_drop0p2__wd1e-04trmiss40_trlocglobal,32,1e-05,0.0001,1,16,1,False,0.2,lr1e-05_bs32_modL1_fusion16_fusionL1_fusionBN0_drop0p2__wd1e-04trmiss40_trlocglobal,2,0.6817104319731394,0.6817137598991394,0.6547619047619048,0.6474144633619381,0.6222222222222222,0.0,0.0,0.0,0.0,0.0,0.0,0.0,0.0,0.0,,,,,18473,global,0.4
2,5,lr1e-05_bs32_modL1_fusion16_fusionL1_fusionBN0_drop0p2__wd1e-04trmiss40_trlocglobal,32,1e-05,0.0001,1,16,1,False,0.2,lr1e-05_bs32_modL1_fusion16_fusionL1_fusionBN0_drop0p2__wd1e-04trmiss40_trlocglobal,3,0.682562400897344,0.68045374751091,0.6507936507936508,0.6434410220382917,0.6222222222222222,0.0,0.0,0.0,0.0,0.0,0.0,0.0,0.0,0.0,,,,,18473,global,0.4
2,5,lr1e-05_bs32_modL1_fusion16_fusionL1_fusionBN0_drop0p2__wd1e-04trmiss40_trlocglobal,32,1e-05,0.0001,1,16,1,False,0.2,lr1e-05_bs32_modL1_fusion16_fusionL1_fusionBN0_drop0p2__wd1e-04trmiss40_trlocglobal,4,0.6779522895812988,0.679685115814209,0.6448412698412699,0.6411463335634042,0.6444444444444445,0.0,0.0,0.0,0.0,0.0,0.0,0.0,0.0,0.0,,,,,18473,global,0.4
2,5,lr1e-05_bs32_modL1_fusion16_fusionL1_fusionBN0_drop0p2__wd1e-04trmiss40_trlocglobal,32,1e-05,0.0001,1,16,1,False,0.2,lr1e-05_bs32_modL1_fusion16_fusionL1_fusionBN0_drop0p2__wd1e-04trmiss40_trlocglobal,5,0.6822161078453064,0.6786171793937683,0.6428571428571429,0.640620957709081,0.6444444444444445,0.0,0.0,0.0,0.0,0.0,0.0,0.0,0.0,0.0,,,,,18473,global,0.4
2,5,lr1e-05_bs32_modL1_fusion16_fusionL1_fusionBN0_drop0p2__wd1e-04trmiss40_trlocglobal,32,1e-05,0.0001,1,16,1,False,0.2,lr1e-05_bs32_modL1_fusion16_fusionL1_fusionBN0_drop0p2__wd1e-04trmiss40_trlocglobal,6,0.6792901853720347,0.6779042780399323,0.6468253968253969,0.6421747413455235,0.6444444444444445,0.0,0.0,0.0,0.0,0.0,0.0,0.0,0.0,0.0,,,,,18473,global,0.4
2,5,lr1e-05_bs32_modL1_fusion16_fusionL1_fusionBN0_drop0p2__wd1e-04trmiss40_trlocglobal,32,1e-05,0.0001,1,16,1,False,0.2,lr1e-05_bs32_modL1_fusion16_fusionL1_fusionBN0_drop0p2__wd1e-04trmiss40_trlocglobal,7,0.6686755915482839,0.6774010956287384,0.6468253968253969,0.6407674349897046,0.6666666666666666,0.0,0.0,0.0,0.0,0.0,0.0,0.0,0.0,0.0,,,,,18473,global,0.4
2,5,lr1e-05_bs32_modL1_fusion16_fusionL1_fusionBN0_drop0p2__wd1e-04trmiss40_trlocglobal,32,1e-05,0.0001,1,16,1,False,0.2,lr1e-05_bs32_modL1_fusion16_fusionL1_fusionBN0_drop0p2__wd1e-04trmiss40_trlocglobal,8,0.6749424835046133,0.6770290732383728,0.6488095238095237,0.6397021074441139,0.6666666666666666,0.0,0.0,0.0,0.0,0.0,0.0,0.0,0.0,0.0,,,,,18473,global,0.4
2,5,lr1e-05_bs32_modL1_fusion16_fusionL1_fusionBN0_drop0p2__wd1e-04trmiss40_trlocglobal,32,1e-05,0.0001,1,16,1,False,0.2,lr1e-05_bs32_modL1_fusion16_fusionL1_fusionBN0_drop0p2__wd1e-04trmiss40_trlocglobal,9,0.6760735809803009,0.6767944693565369,0.6488095238095238,0.6453377912047977,0.6666666666666666,0.0,0.0,0.0,0.0,0.0,0.0,0.0,0.0,0.0,,,,,18473,global,0.4
2,5,lr1e-05_bs32_modL1_fusion16_fusionL1_fusionBN0_drop0p2__wd1e-04trmiss40_trlocglobal,32,1e-05,0.0001,1,16,1,False,0.2,lr1e-05_bs32_modL1_fusion16_fusionL1_fusionBN0_drop0p2__wd1e-04trmiss40_trlocglobal,10,0.6703261931737264,0.6765393614768982,0.6488095238095238,0.6453377912047977,0.6666666666666666,0.0,0.0,0.0,0.0,0.0,0.0,0.0,0.0,0.0,,,,,18473,global,0.4
2,5,lr1e-05_bs32_modL1_fusion16_fusionL1_fusionBN0_drop0p2__wd1e-04trmiss40_trlocglobal,32,1e-05,0.0001,1,16,1,False,0.2,lr1e-05_bs32_modL1_fusion16_fusionL1_fusionBN0_drop0p2__wd1e-04trmiss40_trlocglobal,11,0.6674370865027109,0.6763852834701538,0.6507936507936508,0.6462797768507307,0.6666666666666666,0.0,0.0,0.0,0.0,0.0,0.0,0.0,0.0,0.0,,,,,18473,global,0.4
2,5,lr1e-05_bs32_modL1_fusion16_fusionL1_fusionBN0_drop0p2__wd1e-04trmiss40_trlocglobal,32,1e-05,0.0001,1,16,1,False,0.2,lr1e-05_bs32_modL1_fusion16_fusionL1_fusionBN0_drop0p2__wd1e-04trmiss40_trlocglobal,12,0.6590466499328613,0.6753451228141785,0.6488095238095237,0.6452074113189831,0.6666666666666666,0.0,0.0,0.0,0.0,0.0,0.0,0.0,0.0,0.0,,,,,18473,global,0.4
2,5,lr1e-05_bs32_modL1_fusion16_fusionL1_fusionBN0_drop0p2__wd1e-04trmiss40_trlocglobal,32,1e-05,0.0001,1,16,1,False,0.2,lr1e-05_bs32_modL1_fusion16_fusionL1_fusionBN0_drop0p2__wd1e-04trmiss40_trlocglobal,13,0.6741172075271606,0.6748613715171814,0.6507936507936508,0.6480207894613085,0.6666666666666666,0.0,0.0,0.0,0.0,0.0,0.0,0.0,0.0,0.0,,,,,18473,global,0.4
2,5,lr1e-05_bs32_modL1_fusion16_fusionL1_fusionBN0_drop0p2__wd1e-04trmiss40_trlocglobal,32,1e-05,0.0001,1,16,1,False,0.2,lr1e-05_bs32_modL1_fusion16_fusionL1_fusionBN0_drop0p2__wd1e-04trmiss40_trlocglobal,14,0.6609312494595846,0.6745563447475433,0.648809523809524,0.6508169672431843,0.6666666666666666,0.0,0.0,0.0,0.0,0.0,0.0,0.0,0.0,0.0,,,,,18473,global,0.4
2,5,lr1e-05_bs32_modL1_fusion16_fusionL1_fusionBN0_drop0p2__wd1e-04trmiss40_trlocglobal,32,1e-05,0.0001,1,16,1,False,0.2,lr1e-05_bs32_modL1_fusion16_fusionL1_fusionBN0_drop0p2__wd1e-04trmiss40_trlocglobal,15,0.6619401276111603,0.6746321022510529,0.646825396825397,0.6493549789390907,0.6666666666666666,0.0,0.0,0.0,0.0,0.0,0.0,0.0,0.0,0.0,,,,,18473,global,0.4
2,5,lr1e-05_bs32_modL1_fusion16_fusionL1_fusionBN0_drop0p2__wd1e-04trmiss40_trlocglobal,32,1e-05,0.0001,1,16,1,False,0.2,lr1e-05_bs32_modL1_fusion16_fusionL1_fusionBN0_drop0p2__wd1e-04trmiss40_trlocglobal,16,0.66511403520902,0.6743385791778564,0.6547619047619049,0.6593898956835662,0.6888888888888889,0.0,0.0,0.0,0.0,0.0,0.0,0.0,0.0,0.0,,,,,18473,global,0.4
2,5,lr1e-05_bs32_modL1_fusion16_fusionL1_fusionBN0_drop0p2__wd1e-04trmiss40_trlocglobal,32,1e-05,0.0001,1,16,1,False,0.2,lr1e-05_bs32_modL1_fusion16_fusionL1_fusionBN0_drop0p2__wd1e-04trmiss40_trlocglobal,17,0.661879817644755,0.6743368208408356,0.6507936507936508,0.6575388923708694,0.6888888888888889,0.0,0.0,0.0,0.0,0.0,0.0,0.0,0.0,0.0,,,,,18473,global,0.4
2,5,lr1e-05_bs32_modL1_fusion16_fusionL1_fusionBN0_drop0p2__wd1e-04trmiss40_trlocglobal,32,1e-05,0.0001,1,16,1,False,0.2,lr1e-05_bs32_modL1_fusion16_fusionL1_fusionBN0_drop0p2__wd1e-04trmiss40_trlocglobal,18,0.6540547013282776,0.6744246184825897,0.6468253968253969,0.6543841086465292,0.6888888888888889,0.0,0.0,0.0,0.0,0.0,0.0,0.0,0.0,0.0,,,,,18473,global,0.4
2,5,lr1e-05_bs32_modL1_fusion16_fusionL1_fusionBN0_drop0p2__wd1e-04trmiss40_trlocglobal,32,1e-05,0.0001,1,16,1,False,0.2,lr1e-05_bs32_modL1_fusion16_fusionL1_fusionBN0_drop0p2__wd1e-04trmiss40_trlocglobal,19,0.6514337360858917,0.673635333776474,0.6587301587301587,0.6638950133167736,0.6888888888888889,0.0,0.0,0.0,0.0,0.0,0.0,0.0,0.0,0.0,,,,,18473,global,0.4
2,5,lr1e-05_bs32_modL1_fusion16_fusionL1_fusionBN0_drop0p2__wd1e-04trmiss40_trlocglobal,32,1e-05,0.0001,1,16,1,False,0.2,lr1e-05_bs32_modL1_fusion16_fusionL1_fusionBN0_drop0p2__wd1e-04trmiss40_trlocglobal,20,0.6576907734076182,0.6736904382705688,0.6567460317460317,0.6632764798035033,0.6888888888888889,0.0,0.0,0.0,0.0,0.0,0.0,0.0,0.0,0.0,,,,,18473,global,0.4
2,5,lr1e-05_bs32_modL1_fusion16_fusionL1_fusionBN0_drop0p2__wd1e-04trmiss40_trlocglobal,32,1e-05,0.0001,1,16,1,False,0.2,lr1e-05_bs32_modL1_fusion16_fusionL1_fusionBN0_drop0p2__wd1e-04trmiss40_trlocglobal,21,0.6493000785509745,0.6740621328353882,0.6587301587301587,0.6768546961777722,0.6888888888888889,0.0,0.0,0.0,0.0,0.0,0.0,0.0,0.0,0.0,,,,,18473,global,0.4
2,5,lr1e-05_bs32_modL1_fusion16_fusionL1_fusionBN0_drop0p2__wd1e-04trmiss40_trlocglobal,32,1e-05,0.0001,1,16,1,False,0.2,lr1e-05_bs32_modL1_fusion16_fusionL1_fusionBN0_drop0p2__wd1e-04trmiss40_trlocglobal,22,0.649398535490036,0.6743389964103699,0.6587301587301588,0.6786132701685139,0.6888888888888889,0.0,0.0,0.0,0.0,0.0,0.0,0.0,0.0,0.0,,,,,18473,global,0.4
2,5,lr1e-05_bs32_modL1_fusion16_fusionL1_fusionBN0_drop0p2__wd1e-04trmiss40_trlocglobal,32,1e-05,0.0001,1,16,1,False,0.2,lr1e-05_bs32_modL1_fusion16_fusionL1_fusionBN0_drop0p2__wd1e-04trmiss40_trlocglobal,23,0.6486903925736746,0.67440065741539,0.6567460317460319,0.6764036742089179,0.6666666666666666,0.0,0.0,0.0,0.0,0.0,0.0,0.0,0.0,0.0,,,,,18473,global,0.4
2,5,lr1e-05_bs32_modL1_fusion16_fusionL1_fusionBN0_drop0p2__wd1e-04trmiss40_trlocglobal,32,1e-05,0.0001,1,16,1,False,0.2,lr1e-05_bs32_modL1_fusion16_fusionL1_fusionBN0_drop0p2__wd1e-04trmiss40_trlocglobal,24,0.6545700828234354,0.6745929718017578,0.6567460317460317,0.6710357306605309,0.6666666666666666,0.0,0.0,0.0,0.0,0.0,0.0,0.0,0.0,0.0,,,,,18473,global,0.4
2,5,lr1e-05_bs32_modL1_fusion16_fusionL1_fusionBN0_drop0p2__wd1e-04trmiss40_trlocglobal,32,1e-05,0.0001,1,16,1,False,0.2,lr1e-05_bs32_modL1_fusion16_fusionL1_fusionBN0_drop0p2__wd1e-04trmiss40_trlocglobal,25,0.6436734994252523,0.6744803190231323,0.6547619047619049,0.6719974695731407,0.6666666666666666,0.0,0.0,0.0,0.0,0.0,0.0,0.0,0.0,0.0,,,,,18473,global,0.4
2,5,lr1e-05_bs32_modL1_fusion16_fusionL1_fusionBN0_drop0p2__wd1e-04trmiss40_trlocglobal,32,1e-05,0.0001,1,16,1,False,0.2,lr1e-05_bs32_modL1_fusion16_fusionL1_fusionBN0_drop0p2__wd1e-04trmiss40_trlocglobal,26,0.6514505644639333,0.6743587553501129,0.6567460317460319,0.6742070655327366,0.6666666666666666,0.0,0.0,0.0,0.0,0.0,0.0,0.0,0.0,0.0,,,,,18473,global,0.4
2,5,lr1e-05_bs32_modL1_fusion16_fusionL1_fusionBN0_drop0p2__wd1e-04trmiss40_trlocglobal,32,1e-05,0.0001,1,16,1,False,0.2,lr1e-05_bs32_modL1_fusion16_fusionL1_fusionBN0_drop0p2__wd1e-04trmiss40_trlocglobal,27,0.6478477319081625,0.6740732789039612,0.6587301587301587,0.6787487430129421,0.6444444444444445,0.0,0.0,0.0,0.0,0.0,0.0,0.0,0.0,0.0,,,,,18473,global,0.4
2,5,lr1e-05_bs32_modL1_fusion16_fusionL1_fusionBN0_drop0p2__wd1e-04trmiss40_trlocglobal,32,1e-05,0.0001,1,16,1,False,0.2,lr1e-05_bs32_modL1_fusion16_fusionL1_fusionBN0_drop0p2__wd1e-04trmiss40_trlocglobal,28,0.6484764615694681,0.6741169691085815,0.6507936507936508,0.6721911670568387,0.6444444444444445,0.0,0.0,0.0,0.0,0.0,0.0,0.0,0.0,0.0,,,,,18473,global,0.4
2,5,lr1e-05_bs32_modL1_fusion16_fusionL1_fusionBN0_drop0p2__wd1e-04trmiss40_trlocglobal,32,1e-05,0.0001,1,16,1,False,0.2,lr1e-05_bs32_modL1_fusion16_fusionL1_fusionBN0_drop0p2__wd1e-04trmiss40_trlocglobal,29,0.649499773979187,0.6741062104701996,0.6527777777777778,0.6736166056533298,0.6444444444444445,0.0,0.0,0.0,0.0,0.0,0.0,0.0,0.0,0.0,,,,,18473,global,0.4
2,5,lr1e-05_bs32_modL1_fusion16_fusionL1_fusionBN0_drop0p2__wd1e-04trmiss40_trlocglobal,32,1e-05,0.0001,1,16,1,False,0.2,lr1e-05_bs32_modL1_fusion16_fusionL1_fusionBN0_drop0p2__wd1e-04trmiss40_trlocglobal,30,0.643069307009379,0.6735485196113586,0.6547619047619048,0.676268120804845,0.6444444444444445,0.0,0.0,0.0,0.0,0.0,0.0,0.0,0.0,0.0,,,,,18473,global,0.4
2,5,lr1e-05_bs32_modL1_fusion16_fusionL1_fusionBN0_drop0p2__wd1e-04trmiss40_trlocglobal,32,1e-05,0.0001,1,16,1,False,0.2,lr1e-05_bs32_modL1_fusion16_fusionL1_fusionBN0_drop0p2__wd1e-04trmiss40_trlocglobal,31,0.6439440349737803,0.6737229526042938,0.6527777777777778,0.6759059464295127,0.6444444444444445,0.0,0.0,0.0,0.0,0.0,0.0,0.0,0.0,0.0,,,,,18473,global,0.4
2,5,lr1e-05_bs32_modL1_fusion16_fusionL1_fusionBN0_drop0p2__wd1e-04trmiss40_trlocglobal,32,1e-05,0.0001,1,16,1,False,0.2,lr1e-05_bs32_modL1_fusion16_fusionL1_fusionBN0_drop0p2__wd1e-04trmiss40_trlocglobal,32,0.6522140800952911,0.6736666858196259,0.6507936507936508,0.6629756601296611,0.6444444444444445,0.0,0.0,0.0,0.0,0.0,0.0,0.0,0.0,0.0,,,,,18473,global,0.4
2,5,lr1e-05_bs32_modL1_fusion16_fusionL1_fusionBN0_drop0p2__wd1e-04trmiss40_trlocglobal,32,1e-05,0.0001,1,16,1,False,0.2,lr1e-05_bs32_modL1_fusion16_fusionL1_fusionBN0_drop0p2__wd1e-04trmiss40_trlocglobal,33,0.6395928859710693,0.6739862561225891,0.6527777777777778,0.6634216194697621,0.6444444444444445,0.0,0.0,0.0,0.0,0.0,0.0,0.0,0.0,0.0,,,,,18473,global,0.4
2,5,lr1e-05_bs32_modL1_fusion16_fusionL1_fusionBN0_drop0p2__wd1e-04trmiss40_trlocglobal,32,1e-05,0.0001,1,16,1,False,0.2,lr1e-05_bs32_modL1_fusion16_fusionL1_fusionBN0_drop0p2__wd1e-04trmiss40_trlocglobal,34,0.6393090883890787,0.6747105121612549,0.6507936507936508,0.6630775887403618,0.6444444444444445,0.0,0.0,0.0,0.0,0.0,0.0,0.0,0.0,0.0,,,,,18473,global,0.4
2,5,lr1e-05_bs32_modL1_fusion16_fusionL1_fusionBN0_drop0p2__wd1e-04trmiss40_trlocglobal,32,1e-05,0.0001,1,16,1,False,0.2,lr1e-05_bs32_modL1_fusion16_fusionL1_fusionBN0_drop0p2__wd1e-04trmiss40_trlocglobal,35,0.6407157878081003,0.6746292412281036,0.6507936507936508,0.6644918908125585,0.6444444444444445,0.0,0.0,0.0,0.0,0.0,0.0,0.0,0.0,0.0,,,,,18473,global,0.4
2,5,lr1e-05_bs32_modL1_fusion16_fusionL1_fusionBN0_drop0p2__wd1e-04trmiss40_trlocglobal,32,1e-05,0.0001,1,16,1,False,0.2,lr1e-05_bs32_modL1_fusion16_fusionL1_fusionBN0_drop0p2__wd1e-04trmiss40_trlocglobal,36,0.6344519555568695,0.6747535467147827,0.6507936507936508,0.6629440588359515,0.6444444444444445,0.0,0.0,0.0,0.0,0.0,0.0,0.0,0.0,0.0,,,,,18473,global,0.4
2,5,lr1e-05_bs32_modL1_fusion16_fusionL1_fusionBN0_drop0p2__wd1e-04trmiss40_trlocglobal,32,1e-05,0.0001,1,16,1,False,0.2,lr1e-05_bs32_modL1_fusion16_fusionL1_fusionBN0_drop0p2__wd1e-04trmiss40_trlocglobal,37,0.6340747972329458,0.6748063862323761,0.6488095238095238,0.6630754326627712,0.6444444444444445,0.0,0.0,0.0,0.0,0.0,0.0,0.0,0.0,0.0,,,,,18473,global,0.4
2,5,lr1e-05_bs32_modL1_fusion16_fusionL1_fusionBN0_drop0p2__wd1e-04trmiss40_trlocglobal,32,1e-05,0.0001,1,16,1,False,0.2,lr1e-05_bs32_modL1_fusion16_fusionL1_fusionBN0_drop0p2__wd1e-04trmiss40_trlocglobal,38,0.6464456617832184,0.6750200688838959,0.6448412698412699,0.6719972445954857,0.6444444444444445,0.0,0.0,0.0,0.0,0.0,0.0,0.0,0.0,0.0,,,,,18473,global,0.4
2,5,lr1e-05_bs32_modL1_fusion16_fusionL1_fusionBN0_drop0p2__wd1e-04trmiss40_trlocglobal,32,1e-05,0.0001,1,16,1,False,0.2,lr1e-05_bs32_modL1_fusion16_fusionL1_fusionBN0_drop0p2__wd1e-04trmiss40_trlocglobal,39,0.633328914642334,0.6742666363716125,0.6507936507936508,0.6763285161542323,0.6444444444444445,0.0,0.0,0.0,0.0,0.0,0.0,0.0,0.0,0.0,,,,,18473,global,0.4
2,5,lr1e-05_bs32_modL1_fusion16_fusionL1_fusionBN0_drop0p2__wd1e-04trmiss40_trlocglobal,32,1e-05,0.0001,1,16,1,False,0.2,lr1e-05_bs32_modL1_fusion16_fusionL1_fusionBN0_drop0p2__wd1e-04trmiss40_trlocglobal,40,0.6366611619790395,0.6739529967308044,0.6488095238095238,0.6775528001510414,0.6444444444444445,0.0,0.0,0.0,0.0,0.0,0.0,0.0,0.0,0.0,,,,,18473,global,0.4
2,5,lr1e-05_bs32_modL1_fusion16_fusionL1_fusionBN0_drop0p2__wd1e-04trmiss40_trlocglobal,32,1e-05,0.0001,1,16,1,False,0.2,lr1e-05_bs32_modL1_fusion16_fusionL1_fusionBN0_drop0p2__wd1e-04trmiss40_trlocglobal,41,0.6437948147455851,0.6735303401947021,0.6468253968253969,0.6759903001510413,0.6222222222222222,0.0,0.0,0.0,0.0,0.0,0.0,0.0,0.0,0.0,,,,,18473,global,0.4
2,5,lr1e-05_bs32_modL1_fusion16_fusionL1_fusionBN0_drop0p2__wd1e-04trmiss40_trlocglobal,32,1e-05,0.0001,1,16,1,False,0.2,lr1e-05_bs32_modL1_fusion16_fusionL1_fusionBN0_drop0p2__wd1e-04trmiss40_trlocglobal,42,0.6361562311649323,0.6734470427036285,0.6468253968253969,0.6763176222854287,0.6222222222222222,0.0,0.0,0.0,0.0,0.0,0.0,0.0,0.0,0.0,,,,,18473,global,0.4
2,5,lr1e-05_bs32_modL1_fusion16_fusionL1_fusionBN0_drop0p1__wd1e-04trmiss40_trlocglobal,32,1e-05,0.0001,1,16,1,False,0.1,lr1e-05_bs32_modL1_fusion16_fusionL1_fusionBN0_drop0p1__wd1e-04trmiss40_trlocglobal,1,0.7019241352876028,0.6942104697227478,0.47222222222222227,0.603255371340487,0.5111111111111111,0.0,0.0,0.0,0.0,0.0,0.0,0.0,0.0,0.0,,,,,18473,global,0.4
2,5,lr1e-05_bs32_modL1_fusion16_fusionL1_fusionBN0_drop0p1__wd1e-04trmiss40_trlocglobal,32,1e-05,0.0001,1,16,1,False,0.1,lr1e-05_bs32_modL1_fusion16_fusionL1_fusionBN0_drop0p1__wd1e-04trmiss40_trlocglobal,2,0.6919777691364288,0.6931047141551971,0.4761904761904762,0.5958551883153753,0.5111111111111111,0.0,0.0,0.0,0.0,0.0,0.0,0.0,0.0,0.0,,,,,18473,global,0.4
2,5,lr1e-05_bs32_modL1_fusion16_fusionL1_fusionBN0_drop0p1__wd1e-04trmiss40_trlocglobal,32,1e-05,0.0001,1,16,1,False,0.1,lr1e-05_bs32_modL1_fusion16_fusionL1_fusionBN0_drop0p1__wd1e-04trmiss40_trlocglobal,3,0.6860127051671346,0.6920512020587921,0.48611111111111116,0.6155672118053435,0.5333333333333333,0.0,0.0,0.0,0.0,0.0,0.0,0.0,0.0,0.0,,,,,18473,global,0.4
2,5,lr1e-05_bs32_modL1_fusion16_fusionL1_fusionBN0_drop0p1__wd1e-04trmiss40_trlocglobal,32,1e-05,0.0001,1,16,1,False,0.1,lr1e-05_bs32_modL1_fusion16_fusionL1_fusionBN0_drop0p1__wd1e-04trmiss40_trlocglobal,4,0.6826030313968658,0.6909902393817902,0.48809523809523814,0.6063984092805077,0.5333333333333333,0.0,0.0,0.0,0.0,0.0,0.0,0.0,0.0,0.0,,,,,18473,global,0.4
2,5,lr1e-05_bs32_modL1_fusion16_fusionL1_fusionBN0_drop0p1__wd1e-04trmiss40_trlocglobal,32,1e-05,0.0001,1,16,1,False,0.1,lr1e-05_bs32_modL1_fusion16_fusionL1_fusionBN0_drop0p1__wd1e-04trmiss40_trlocglobal,5,0.6881054937839508,0.6903652250766754,0.501984126984127,0.6220081547882608,0.5555555555555556,0.0,0.0,0.0,0.0,0.0,0.0,0.0,0.0,0.0,,,,,18473,global,0.4
2,5,lr1e-05_bs32_modL1_fusion16_fusionL1_fusionBN0_drop0p1__wd1e-04trmiss40_trlocglobal,32,1e-05,0.0001,1,16,1,False,0.1,lr1e-05_bs32_modL1_fusion16_fusionL1_fusionBN0_drop0p1__wd1e-04trmiss40_trlocglobal,6,0.6880357960859934,0.6901612877845764,0.503968253968254,0.6182680364184887,0.5555555555555556,0.0,0.0,0.0,0.0,0.0,0.0,0.0,0.0,0.0,,,,,18473,global,0.4
2,5,lr1e-05_bs32_modL1_fusion16_fusionL1_fusionBN0_drop0p1__wd1e-04trmiss40_trlocglobal,32,1e-05,0.0001,1,16,1,False,0.1,lr1e-05_bs32_modL1_fusion16_fusionL1_fusionBN0_drop0p1__wd1e-04trmiss40_trlocglobal,7,0.6809397240479788,0.690524697303772,0.5158730158730159,0.6206853965631848,0.5555555555555556,0.0,0.0,0.0,0.0,0.0,0.0,0.0,0.0,0.0,,,,,18473,global,0.4
2,5,lr1e-05_bs32_modL1_fusion16_fusionL1_fusionBN0_drop0p1__wd1e-04trmiss40_trlocglobal,32,1e-05,0.0001,1,16,1,False,0.1,lr1e-05_bs32_modL1_fusion16_fusionL1_fusionBN0_drop0p1__wd1e-04trmiss40_trlocglobal,8,0.6840540766716003,0.690621942281723,0.5158730158730158,0.6189950966048419,0.5555555555555556,0.0,0.0,0.0,0.0,0.0,0.0,0.0,0.0,0.0,,,,,18473,global,0.4
2,5,lr1e-05_bs32_modL1_fusion16_fusionL1_fusionBN0_drop0p1__wd1e-04trmiss40_trlocglobal,32,1e-05,0.0001,1,16,1,False,0.1,lr1e-05_bs32_modL1_fusion16_fusionL1_fusionBN0_drop0p1__wd1e-04trmiss40_trlocglobal,9,0.6734801530838013,0.6903249025344849,0.5257936507936508,0.6258222285639116,0.5333333333333333,0.0,0.0,0.0,0.0,0.0,0.0,0.0,0.0,0.0,,,,,18473,global,0.4
2,5,lr1e-05_bs32_modL1_fusion16_fusionL1_fusionBN0_drop0p1__wd1e-04trmiss40_trlocglobal,32,1e-05,0.0001,1,16,1,False,0.1,lr1e-05_bs32_modL1_fusion16_fusionL1_fusionBN0_drop0p1__wd1e-04trmiss40_trlocglobal,10,0.6808835864067078,0.6899271607398987,0.5218253968253969,0.6240259317827357,0.5555555555555556,0.0,0.0,0.0,0.0,0.0,0.0,0.0,0.0,0.0,,,,,18473,global,0.4
2,5,lr1e-05_bs32_modL1_fusion16_fusionL1_fusionBN0_drop0p1__wd1e-04trmiss40_trlocglobal,32,1e-05,0.0001,1,16,1,False,0.1,lr1e-05_bs32_modL1_fusion16_fusionL1_fusionBN0_drop0p1__wd1e-04trmiss40_trlocglobal,11,0.6725760698318481,0.6903047263622284,0.5198412698412699,0.6218421129669481,0.5555555555555556,0.0,0.0,0.0,0.0,0.0,0.0,0.0,0.0,0.0,,,,,18473,global,0.4
2,5,lr1e-05_bs32_modL1_fusion16_fusionL1_fusionBN0_drop0p1__wd1e-04trmiss40_trlocglobal,32,1e-05,0.0001,1,16,1,False,0.1,lr1e-05_bs32_modL1_fusion16_fusionL1_fusionBN0_drop0p1__wd1e-04trmiss40_trlocglobal,12,0.670216848452886,0.6900521516799927,0.5198412698412698,0.620391522568187,0.5555555555555556,0.0,0.0,0.0,0.0,0.0,0.0,0.0,0.0,0.0,,,,,18473,global,0.4
2,5,lr1e-05_bs32_modL1_fusion16_fusionL1_fusionBN0_drop0p1__wd1e-04trmiss40_trlocglobal,32,1e-05,0.0001,1,16,1,False,0.1,lr1e-05_bs32_modL1_fusion16_fusionL1_fusionBN0_drop0p1__wd1e-04trmiss40_trlocglobal,13,0.672190397977829,0.6898252964019775,0.5277777777777778,0.6249663559473683,0.5555555555555556,0.0,0.0,0.0,0.0,0.0,0.0,0.0,0.0,0.0,,,,,18473,global,0.4
2,5,lr1e-05_bs32_modL1_fusion16_fusionL1_fusionBN0_drop0p1__wd1e-04trmiss40_trlocglobal,32,1e-05,0.0001,1,16,1,False,0.1,lr1e-05_bs32_modL1_fusion16_fusionL1_fusionBN0_drop0p1__wd1e-04trmiss40_trlocglobal,14,0.6743461787700653,0.6896971166133881,0.5297619047619048,0.6250737852827387,0.5333333333333333,0.0,0.0,0.0,0.0,0.0,0.0,0.0,0.0,0.0,,,,,18473,global,0.4
2,5,lr1e-05_bs32_modL1_fusion16_fusionL1_fusionBN0_drop0p1__wd1e-04trmiss40_trlocglobal,32,1e-05,0.0001,1,16,1,False,0.1,lr1e-05_bs32_modL1_fusion16_fusionL1_fusionBN0_drop0p1__wd1e-04trmiss40_trlocglobal,15,0.6607351501782736,0.6884336471557617,0.5297619047619048,0.6233129790142531,0.5555555555555556,0.0,0.0,0.0,0.0,0.0,0.0,0.0,0.0,0.0,,,,,18473,global,0.4
2,5,lr1e-05_bs32_modL1_fusion16_fusionL1_fusionBN0_drop0p1__wd1e-04trmiss40_trlocglobal,32,1e-05,0.0001,1,16,1,False,0.1,lr1e-05_bs32_modL1_fusion16_fusionL1_fusionBN0_drop0p1__wd1e-04trmiss40_trlocglobal,16,0.6670608123143514,0.6892832815647125,0.5277777777777778,0.6228971445664065,0.5555555555555556,0.0,0.0,0.0,0.0,0.0,0.0,0.0,0.0,0.0,,,,,18473,global,0.4
2,5,lr1e-05_bs32_modL1_fusion16_fusionL1_fusionBN0_drop0p1__wd1e-04trmiss40_trlocglobal,32,1e-05,0.0001,1,16,1,False,0.1,lr1e-05_bs32_modL1_fusion16_fusionL1_fusionBN0_drop0p1__wd1e-04trmiss40_trlocglobal,17,0.664718916018804,0.6887879967689514,0.5238095238095237,0.6218816577728321,0.5555555555555556,0.0,0.0,0.0,0.0,0.0,0.0,0.0,0.0,0.0,,,,,18473,global,0.4
2,5,lr1e-05_bs32_modL1_fusion16_fusionL1_fusionBN0_drop0p1__wd1e-04trmiss40_trlocglobal,32,1e-05,0.0001,1,16,1,False,0.1,lr1e-05_bs32_modL1_fusion16_fusionL1_fusionBN0_drop0p1__wd1e-04trmiss40_trlocglobal,18,0.669842133919398,0.6880402266979218,0.5277777777777778,0.6257552841464584,0.5555555555555556,0.0,0.0,0.0,0.0,0.0,0.0,0.0,0.0,0.0,,,,,18473,global,0.4
2,5,lr1e-05_bs32_modL1_fusion16_fusionL1_fusionBN0_drop0p1__wd1e-04trmiss40_trlocglobal,32,1e-05,0.0001,1,16,1,False,0.1,lr1e-05_bs32_modL1_fusion16_fusionL1_fusionBN0_drop0p1__wd1e-04trmiss40_trlocglobal,19,0.659441739320755,0.6873147487640381,0.5396825396825398,0.6290202580174689,0.5555555555555556,0.0,0.0,0.0,0.0,0.0,0.0,0.0,0.0,0.0,,,,,18473,global,0.4
2,5,lr1e-05_bs32_modL1_fusion16_fusionL1_fusionBN0_drop0p1__wd1e-04trmiss40_trlocglobal,32,1e-05,0.0001,1,16,1,False,0.1,lr1e-05_bs32_modL1_fusion16_fusionL1_fusionBN0_drop0p1__wd1e-04trmiss40_trlocglobal,20,0.664079616467158,0.6865426599979401,0.5337301587301587,0.6246817966777287,0.5555555555555556,0.0,0.0,0.0,0.0,0.0,0.0,0.0,0.0,0.0,,,,,18473,global,0.4
2,5,lr1e-05_bs32_modL1_fusion16_fusionL1_fusionBN0_drop0p1__wd1e-04trmiss40_trlocglobal,32,1e-05,0.0001,1,16,1,False,0.1,lr1e-05_bs32_modL1_fusion16_fusionL1_fusionBN0_drop0p1__wd1e-04trmiss40_trlocglobal,21,0.6598416467507681,0.6862308084964752,0.5357142857142857,0.6247864165641323,0.5555555555555556,0.0,0.0,0.0,0.0,0.0,0.0,0.0,0.0,0.0,,,,,18473,global,0.4
2,5,lr1e-05_bs32_modL1_fusion16_fusionL1_fusionBN0_drop0p1__wd1e-04trmiss40_trlocglobal,32,1e-05,0.0001,1,16,1,False,0.1,lr1e-05_bs32_modL1_fusion16_fusionL1_fusionBN0_drop0p1__wd1e-04trmiss40_trlocglobal,22,0.65594349304835,0.6858129501342773,0.5376984126984128,0.6256216347855518,0.5555555555555556,0.0,0.0,0.0,0.0,0.0,0.0,0.0,0.0,0.0,,,,,18473,global,0.4
2,5,lr1e-05_bs32_modL1_fusion16_fusionL1_fusionBN0_drop0p1__wd1e-04trmiss40_trlocglobal,32,1e-05,0.0001,1,16,1,False,0.1,lr1e-05_bs32_modL1_fusion16_fusionL1_fusionBN0_drop0p1__wd1e-04trmiss40_trlocglobal,23,0.6494337121645609,0.6851641535758972,0.5357142857142858,0.6237044772956389,0.5555555555555556,0.0,0.0,0.0,0.0,0.0,0.0,0.0,0.0,0.0,,,,,18473,global,0.4
2,5,lr1e-05_bs32_modL1_fusion16_fusionL1_fusionBN0_drop0p1__wd1e-04trmiss40_trlocglobal,32,1e-05,0.0001,1,16,1,False,0.1,lr1e-05_bs32_modL1_fusion16_fusionL1_fusionBN0_drop0p1__wd1e-04trmiss40_trlocglobal,24,0.6532809535662333,0.6861204206943512,0.5357142857142857,0.6242407767449819,0.5333333333333333,0.0,0.0,0.0,0.0,0.0,0.0,0.0,0.0,0.0,,,,,18473,global,0.4
2,5,lr1e-05_bs32_modL1_fusion16_fusionL1_fusionBN0_drop0p1__wd1e-04trmiss40_trlocglobal,32,1e-05,0.0001,1,16,1,False,0.1,lr1e-05_bs32_modL1_fusion16_fusionL1_fusionBN0_drop0p1__wd1e-04trmiss40_trlocglobal,25,0.6589248875776926,0.6860140264034271,0.5357142857142857,0.6242407767449819,0.5333333333333333,0.0,0.0,0.0,0.0,0.0,0.0,0.0,0.0,0.0,,,,,18473,global,0.4
2,5,lr1e-05_bs32_modL1_fusion16_fusionL1_fusionBN0_drop0p1__wd1e-04trmiss40_trlocglobal,32,1e-05,0.0001,1,16,1,False,0.1,lr1e-05_bs32_modL1_fusion16_fusionL1_fusionBN0_drop0p1__wd1e-04trmiss40_trlocglobal,26,0.648553470770518,0.6862979233264923,0.5376984126984127,0.6254469170958591,0.5333333333333333,0.0,0.0,0.0,0.0,0.0,0.0,0.0,0.0,0.0,,,,,18473,global,0.4
2,5,lr1e-05_bs32_modL1_fusion16_fusionL1_fusionBN0_drop0p1__wd1e-04trmiss40_trlocglobal,32,1e-05,0.0001,1,16,1,False,0.1,lr1e-05_bs32_modL1_fusion16_fusionL1_fusionBN0_drop0p1__wd1e-04trmiss40_trlocglobal,27,0.6530985434850057,0.6861071586608887,0.5337301587301587,0.6230224531582372,0.5555555555555556,0.0,0.0,0.0,0.0,0.0,0.0,0.0,0.0,0.0,,,,,18473,global,0.4
2,5,lr1e-05_bs32_modL1_fusion16_fusionL1_fusionBN0_drop0p1__wd1e-04trmiss40_trlocglobal,32,1e-05,0.0001,1,16,1,False,0.1,lr1e-05_bs32_modL1_fusion16_fusionL1_fusionBN0_drop0p1__wd1e-04trmiss40_trlocglobal,28,0.6463262140750885,0.6851222515106201,0.5337301587301587,0.6230224531582372,0.5555555555555556,0.0,0.0,0.0,0.0,0.0,0.0,0.0,0.0,0.0,,,,,18473,global,0.4
2,5,lr1e-05_bs32_modL1_fusion16_fusionL1_fusionBN0_drop0p1__wd1e-04trmiss40_trlocglobal,32,1e-05,0.0001,1,16,1,False,0.1,lr1e-05_bs32_modL1_fusion16_fusionL1_fusionBN0_drop0p1__wd1e-04trmiss40_trlocglobal,29,0.6403715113798777,0.685715913772583,0.5337301587301587,0.6230224531582372,0.5555555555555556,0.0,0.0,0.0,0.0,0.0,0.0,0.0,0.0,0.0,,,,,18473,global,0.4
2,5,lr1e-05_bs32_modL1_fusion16_fusionL1_fusionBN0_drop0p1__wd1e-04trmiss40_trlocglobal,32,1e-05,0.0001,1,16,1,False,0.1,lr1e-05_bs32_modL1_fusion16_fusionL1_fusionBN0_drop0p1__wd1e-04trmiss40_trlocglobal,30,0.6395565172036489,0.6847092509269714,0.5416666666666667,0.6304462610754662,0.5333333333333333,0.0,0.0,0.0,0.0,0.0,0.0,0.0,0.0,0.0,,,,,18473,global,0.4
2,5,lr1e-05_bs32_modL1_fusion16_fusionL1_fusionBN0_drop0p1__wd1e-04trmiss40_trlocglobal,32,1e-05,0.0001,1,16,1,False,0.1,lr1e-05_bs32_modL1_fusion16_fusionL1_fusionBN0_drop0p1__wd1e-04trmiss40_trlocglobal,31,0.6496019661426544,0.6845705211162567,0.5436507936507937,0.6276942636767296,0.5333333333333333,0.0,0.0,0.0,0.0,0.0,0.0,0.0,0.0,0.0,,,,,18473,global,0.4
2,5,lr1e-05_bs32_modL1_fusion16_fusionL1_fusionBN0_drop0p1__wd1e-04trmiss40_trlocglobal,32,1e-05,0.0001,1,16,1,False,0.1,lr1e-05_bs32_modL1_fusion16_fusionL1_fusionBN0_drop0p1__wd1e-04trmiss40_trlocglobal,32,0.6390668153762817,0.6839140057563782,0.5456349206349207,0.6285760978918972,0.5555555555555556,0.0,0.0,0.0,0.0,0.0,0.0,0.0,0.0,0.0,,,,,18473,global,0.4
2,5,lr1e-05_bs32_modL1_fusion16_fusionL1_fusionBN0_drop0p1__wd1e-04trmiss40_trlocglobal,32,1e-05,0.0001,1,16,1,False,0.1,lr1e-05_bs32_modL1_fusion16_fusionL1_fusionBN0_drop0p1__wd1e-04trmiss40_trlocglobal,33,0.6469544370969137,0.684085875749588,0.5436507936507937,0.6276942636767296,0.5333333333333333,0.0,0.0,0.0,0.0,0.0,0.0,0.0,0.0,0.0,,,,,18473,global,0.4
2,5,lr1e-05_bs32_modL1_fusion16_fusionL1_fusionBN0_drop0p1__wd1e-04trmiss40_trlocglobal,32,1e-05,0.0001,1,16,1,False,0.1,lr1e-05_bs32_modL1_fusion16_fusionL1_fusionBN0_drop0p1__wd1e-04trmiss40_trlocglobal,34,0.6407117346922556,0.6839889585971832,0.5436507936507937,0.626519050001516,0.5333333333333333,0.0,0.0,0.0,0.0,0.0,0.0,0.0,0.0,0.0,,,,,18473,global,0.4
2,5,lr1e-05_bs32_modL1_fusion16_fusionL1_fusionBN0_drop0p1__wd1e-04trmiss40_trlocglobal,32,1e-05,0.0001,1,16,1,False,0.1,lr1e-05_bs32_modL1_fusion16_fusionL1_fusionBN0_drop0p1__wd1e-04trmiss40_trlocglobal,35,0.639384001493454,0.6841877400875092,0.5396825396825398,0.6253075878525539,0.5333333333333333,0.0,0.0,0.0,0.0,0.0,0.0,0.0,0.0,0.0,,,,,18473,global,0.4
2,5,lr1e-05_bs32_modL1_fusion16_fusionL1_fusionBN0_drop0p1__wd1e-04trmiss40_trlocglobal,32,1e-05,0.0001,1,16,1,False,0.1,lr1e-05_bs32_modL1_fusion16_fusionL1_fusionBN0_drop0p1__wd1e-04trmiss40_trlocglobal,36,0.638225922981898,0.6834104359149933,0.5456349206349207,0.6304555909033444,0.5333333333333333,0.0,0.0,0.0,0.0,0.0,0.0,0.0,0.0,0.0,,,,,18473,global,0.4
2,5,lr1e-05_bs32_modL1_fusion16_fusionL1_fusionBN0_drop0p1__wd1e-04trmiss40_trlocglobal,32,1e-05,0.0001,1,16,1,False,0.1,lr1e-05_bs32_modL1_fusion16_fusionL1_fusionBN0_drop0p1__wd1e-04trmiss40_trlocglobal,37,0.6422500212987264,0.6838748753070831,0.5436507936507937,0.6285467098416758,0.5333333333333333,0.0,0.0,0.0,0.0,0.0,0.0,0.0,0.0,0.0,,,,,18473,global,0.4
2,5,lr1e-05_bs32_modL1_fusion16_fusionL1_fusionBN0_drop0p1__wd1e-04trmiss40_trlocglobal,32,1e-05,0.0001,1,16,1,False,0.1,lr1e-05_bs32_modL1_fusion16_fusionL1_fusionBN0_drop0p1__wd1e-04trmiss40_trlocglobal,38,0.6338580151398977,0.6834868788719177,0.5456349206349207,0.6307563058012717,0.5333333333333333,0.0,0.0,0.0,0.0,0.0,0.0,0.0,0.0,0.0,,,,,18473,global,0.4
2,5,lr1e-05_bs32_modL1_fusion16_fusionL1_fusionBN0_drop0p1__wd1e-04trmiss40_trlocglobal,32,1e-05,0.0001,1,16,1,False,0.1,lr1e-05_bs32_modL1_fusion16_fusionL1_fusionBN0_drop0p1__wd1e-04trmiss40_trlocglobal,39,0.6390862365563711,0.683147668838501,0.5456349206349207,0.6312904050999059,0.5333333333333333,0.0,0.0,0.0,0.0,0.0,0.0,0.0,0.0,0.0,,,,,18473,global,0.4
2,5,lr1e-05_bs32_modL1_fusion16_fusionL1_fusionBN0_drop0p1__wd1e-04trmiss40_trlocglobal,32,1e-05,0.0001,1,16,1,False,0.1,lr1e-05_bs32_modL1_fusion16_fusionL1_fusionBN0_drop0p1__wd1e-04trmiss40_trlocglobal,40,0.6357746720314026,0.6828885674476624,0.5496031746031746,0.6341839236184245,0.5333333333333333,0.0,0.0,0.0,0.0,0.0,0.0,0.0,0.0,0.0,,,,,18473,global,0.4
2,5,lr1e-05_bs32_modL1_fusion16_fusionL1_fusionBN0_drop0p1__wd1e-04trmiss40_trlocglobal,32,1e-05,0.0001,1,16,1,False,0.1,lr1e-05_bs32_modL1_fusion16_fusionL1_fusionBN0_drop0p1__wd1e-04trmiss40_trlocglobal,41,0.634636789560318,0.6834577322006226,0.5416666666666667,0.6277485054589126,0.5333333333333333,0.0,0.0,0.0,0.0,0.0,0.0,0.0,0.0,0.0,,,,,18473,global,0.4
2,5,lr1e-05_bs32_modL1_fusion16_fusionL1_fusionBN0_drop0p1__wd1e-04trmiss40_trlocglobal,32,1e-05,0.0001,1,16,1,False,0.1,lr1e-05_bs32_modL1_fusion16_fusionL1_fusionBN0_drop0p1__wd1e-04trmiss40_trlocglobal,42,0.629550963640213,0.6833043098449707,0.5376984126984127,0.6258792823174596,0.5333333333333333,0.0,0.0,0.0,0.0,0.0,0.0,0.0,0.0,0.0,,,,,18473,global,0.4
2,5,lr1e-05_bs32_modL1_fusion16_fusionL1_fusionBN0_drop0p1__wd1e-04trmiss40_trlocglobal,32,1e-05,0.0001,1,16,1,False,0.1,lr1e-05_bs32_modL1_fusion16_fusionL1_fusionBN0_drop0p1__wd1e-04trmiss40_trlocglobal,43,0.63057741522789,0.6835620701313019,0.5376984126984128,0.6233959170070594,0.5333333333333333,0.0,0.0,0.0,0.0,0.0,0.0,0.0,0.0,0.0,,,,,18473,global,0.4
2,5,lr1e-05_bs32_modL1_fusion16_fusionL1_fusionBN0_drop0p1__wd1e-04trmiss40_trlocglobal,32,1e-05,0.0001,1,16,1,False,0.1,lr1e-05_bs32_modL1_fusion16_fusionL1_fusionBN0_drop0p1__wd1e-04trmiss40_trlocglobal,44,0.6317345102628072,0.6836450099945068,0.5376984126984128,0.6233959170070594,0.5333333333333333,0.0,0.0,0.0,0.0,0.0,0.0,0.0,0.0,0.0,,,,,18473,global,0.4
2,5,lr1e-05_bs32_modL1_fusion16_fusionL1_fusionBN0_drop0p1__wd1e-04trmiss40_trlocglobal,32,1e-05,0.0001,1,16,1,False,0.1,lr1e-05_bs32_modL1_fusion16_fusionL1_fusionBN0_drop0p1__wd1e-04trmiss40_trlocglobal,45,0.6369801958401998,0.6831196248531342,0.5357142857142858,0.6218674812353904,0.5333333333333333,0.0,0.0,0.0,0.0,0.0,0.0,0.0,0.0,0.0,,,,,18473,global,0.4
2,5,lr1e-05_bs32_modL1_fusion16_fusionL1_fusionBN0_drop0p1__wd1e-04trmiss40_trlocglobal,32,1e-05,0.0001,1,16,1,False,0.1,lr1e-05_bs32_modL1_fusion16_fusionL1_fusionBN0_drop0p1__wd1e-04trmiss40_trlocglobal,46,0.6308974921703339,0.6821576952934265,0.5416666666666667,0.6241727636571862,0.5333333333333333,0.0,0.0,0.0,0.0,0.0,0.0,0.0,0.0,0.0,,,,,18473,global,0.4
2,5,lr1e-05_bs32_modL1_fusion16_fusionL1_fusionBN0_drop0p1__wd1e-04trmiss40_trlocglobal,32,1e-05,0.0001,1,16,1,False,0.1,lr1e-05_bs32_modL1_fusion16_fusionL1_fusionBN0_drop0p1__wd1e-04trmiss40_trlocglobal,47,0.6357434391975403,0.6821085214614868,0.5476190476190477,0.626729865608673,0.5333333333333333,0.0,0.0,0.0,0.0,0.0,0.0,0.0,0.0,0.0,,,,,18473,global,0.4
2,5,lr1e-05_bs32_modL1_fusion16_fusionL1_fusionBN0_drop0p1__wd1e-04trmiss40_trlocglobal,32,1e-05,0.0001,1,16,1,False,0.1,lr1e-05_bs32_modL1_fusion16_fusionL1_fusionBN0_drop0p1__wd1e-04trmiss40_trlocglobal,48,0.6335083345572153,0.6818731427192688,0.5456349206349206,0.6259234139957698,0.5333333333333333,0.0,0.0,0.0,0.0,0.0,0.0,0.0,0.0,0.0,,,,,18473,global,0.4
2,5,lr1e-05_bs32_modL1_fusion16_fusionL1_fusionBN0_drop0p1__wd1e-04trmiss40_trlocglobal,32,1e-05,0.0001,1,16,1,False,0.1,lr1e-05_bs32_modL1_fusion16_fusionL1_fusionBN0_drop0p1__wd1e-04trmiss40_trlocglobal,49,0.6315706769625345,0.6826348006725311,0.5456349206349206,0.6259234139957698,0.5333333333333333,0.0,0.0,0.0,0.0,0.0,0.0,0.0,0.0,0.0,,,,,18473,global,0.4
2,5,lr1e-05_bs32_modL1_fusion16_fusionL1_fusionBN0_drop0p1__wd1e-04trmiss40_trlocglobal,32,1e-05,0.0001,1,16,1,False,0.1,lr1e-05_bs32_modL1_fusion16_fusionL1_fusionBN0_drop0p1__wd1e-04trmiss40_trlocglobal,50,0.6312662462393442,0.682468056678772,0.5456349206349206,0.6259234139957698,0.5333333333333333,0.0,0.0,0.0,0.0,0.0,0.0,0.0,0.0,0.0,,,,,18473,global,0.4
2,5,lr1e-05_bs32_modL1_fusion16_fusionL1_fusionBN0_drop0p1__wd1e-04trmiss40_trlocglobal,32,1e-05,0.0001,1,16,1,False,0.1,lr1e-05_bs32_modL1_fusion16_fusionL1_fusionBN0_drop0p1__wd1e-04trmiss40_trlocglobal,51,0.6269033749898275,0.6821413040161133,0.5456349206349206,0.6259234139957698,0.5333333333333333,0.0,0.0,0.0,0.0,0.0,0.0,0.0,0.0,0.0,,,,,18473,global,0.4
2,5,lr1e-05_bs32_modL1_fusion16_fusionL1_fusionBN0_drop0p1__wd1e-04trmiss40_trlocglobal,32,1e-05,0.0001,1,16,1,False,0.1,lr1e-05_bs32_modL1_fusion16_fusionL1_fusionBN0_drop0p1__wd1e-04trmiss40_trlocglobal,52,0.6269778907299042,0.6817589998245239,0.5496031746031746,0.6280915213820936,0.5333333333333333,0.0,0.0,0.0,0.0,0.0,0.0,0.0,0.0,0.0,,,,,18473,global,0.4
2,5,lr1e-05_bs32_modL1_fusion16_fusionL1_fusionBN0_drop0p1__wd1e-04trmiss40_trlocglobal,32,1e-05,0.0001,1,16,1,False,0.1,lr1e-05_bs32_modL1_fusion16_fusionL1_fusionBN0_drop0p1__wd1e-04trmiss40_trlocglobal,53,0.6254131396611532,0.6815356314182281,0.5496031746031746,0.6280915213820936,0.5333333333333333,0.0,0.0,0.0,0.0,0.0,0.0,0.0,0.0,0.0,,,,,18473,global,0.4
2,5,lr1e-05_bs32_modL1_fusion16_fusionL1_fusionBN0_drop0p1__wd1e-04trmiss40_trlocglobal,32,1e-05,0.0001,1,16,1,False,0.1,lr1e-05_bs32_modL1_fusion16_fusionL1_fusionBN0_drop0p1__wd1e-04trmiss40_trlocglobal,54,0.6218877931435903,0.6812443137168884,0.5456349206349206,0.6256881989420063,0.5333333333333333,0.0,0.0,0.0,0.0,0.0,0.0,0.0,0.0,0.0,,,,,18473,global,0.4
2,5,lr1e-05_bs32_modL1_fusion16_fusionL1_fusionBN0_drop0p1__wd1e-04trmiss40_trlocglobal,32,1e-05,0.0001,1,16,1,False,0.1,lr1e-05_bs32_modL1_fusion16_fusionL1_fusionBN0_drop0p1__wd1e-04trmiss40_trlocglobal,55,0.6302194396654764,0.6815985441207886,0.5416666666666667,0.6236634237423585,0.5333333333333333,0.0,0.0,0.0,0.0,0.0,0.0,0.0,0.0,0.0,,,,,18473,global,0.4
2,5,lr1e-05_bs32_modL1_fusion16_fusionL1_fusionBN0_drop0p1__wd1e-04trmiss40_trlocglobal,32,1e-05,0.0001,1,16,1,False,0.1,lr1e-05_bs32_modL1_fusion16_fusionL1_fusionBN0_drop0p1__wd1e-04trmiss40_trlocglobal,56,0.6232629418373108,0.6819256246089935,0.5436507936507937,0.6247050904090252,0.5333333333333333,0.0,0.0,0.0,0.0,0.0,0.0,0.0,0.0,0.0,,,,,18473,global,0.4
2,5,lr1e-05_bs32_modL1_fusion16_fusionL1_fusionBN0_drop0p1__wd1e-04trmiss40_trlocglobal,32,1e-05,0.0001,1,16,1,False,0.1,lr1e-05_bs32_modL1_fusion16_fusionL1_fusionBN0_drop0p1__wd1e-04trmiss40_trlocglobal,57,0.6272565523783366,0.681318610906601,0.5396825396825397,0.6228492474971479,0.5333333333333333,0.0,0.0,0.0,0.0,0.0,0.0,0.0,0.0,0.0,,,,,18473,global,0.4
2,5,lr1e-05_bs32_modL1_fusion16_fusionL1_fusionBN0_drop0p1__wd1e-04trmiss40_trlocglobal,32,1e-05,0.0001,1,16,1,False,0.1,lr1e-05_bs32_modL1_fusion16_fusionL1_fusionBN0_drop0p1__wd1e-04trmiss40_trlocglobal,58,0.6234787503878275,0.6813852488994598,0.5436507936507937,0.6247050904090252,0.5333333333333333,0.0,0.0,0.0,0.0,0.0,0.0,0.0,0.0,0.0,,,,,18473,global,0.4
2,5,lr1e-05_bs32_modL1_fusion16_fusionL1_fusionBN0_drop0p1__wd1e-04trmiss40_trlocglobal,32,1e-05,0.0001,1,16,1,False,0.1,lr1e-05_bs32_modL1_fusion16_fusionL1_fusionBN0_drop0p1__wd1e-04trmiss40_trlocglobal,59,0.628922571738561,0.6810795068740845,0.5476190476190477,0.6269490550214109,0.5333333333333333,0.0,0.0,0.0,0.0,0.0,0.0,0.0,0.0,0.0,,,,,18473,global,0.4
2,5,lr1e-05_bs32_modL1_fusion16_fusionL1_fusionBN0_drop0p1__wd1e-04trmiss40_trlocglobal,32,1e-05,0.0001,1,16,1,False,0.1,lr1e-05_bs32_modL1_fusion16_fusionL1_fusionBN0_drop0p1__wd1e-04trmiss40_trlocglobal,60,0.6233507295449575,0.6810189783573151,0.5456349206349207,0.6257307314346662,0.5111111111111111,0.0,0.0,0.0,0.0,0.0,0.0,0.0,0.0,0.0,,,,,18473,global,0.4
2,5,lr1e-05_bs32_modL1_fusion16_fusionL1_fusionBN0_drop0p1__wd1e-04trmiss40_trlocglobal,32,1e-05,0.0001,1,16,1,False,0.1,lr1e-05_bs32_modL1_fusion16_fusionL1_fusionBN0_drop0p1__wd1e-04trmiss40_trlocglobal,61,0.6229713956514994,0.6804367899894714,0.5456349206349207,0.6257307314346662,0.5333333333333333,0.0,0.0,0.0,0.0,0.0,0.0,0.0,0.0,0.0,,,,,18473,global,0.4
2,5,lr1e-05_bs32_modL1_fusion16_fusionL1_fusionBN0_drop0p1__wd1e-04trmiss40_trlocglobal,32,1e-05,0.0001,1,16,1,False,0.1,lr1e-05_bs32_modL1_fusion16_fusionL1_fusionBN0_drop0p1__wd1e-04trmiss40_trlocglobal,62,0.6192994217077891,0.680798202753067,0.5456349206349207,0.6257307314346662,0.5111111111111111,0.0,0.0,0.0,0.0,0.0,0.0,0.0,0.0,0.0,,,,,18473,global,0.4
2,5,lr1e-05_bs32_modL1_fusion16_fusionL1_fusionBN0_drop0p1__wd1e-04trmiss40_trlocglobal,32,1e-05,0.0001,1,16,1,False,0.1,lr1e-05_bs32_modL1_fusion16_fusionL1_fusionBN0_drop0p1__wd1e-04trmiss40_trlocglobal,63,0.623955229918162,0.681272953748703,0.5476190476190477,0.6265371830475694,0.5333333333333333,0.0,0.0,0.0,0.0,0.0,0.0,0.0,0.0,0.0,,,,,18473,global,0.4
2,5,lr1e-05_bs32_modL1_fusion16_fusionL1_fusionBN0_drop0p1__wd1e-04trmiss40_trlocglobal,32,1e-05,0.0001,1,16,1,False,0.1,lr1e-05_bs32_modL1_fusion16_fusionL1_fusionBN0_drop0p1__wd1e-04trmiss40_trlocglobal,64,0.6260634561379751,0.6812678873538971,0.5476190476190477,0.6265371830475694,0.5111111111111111,0.0,0.0,0.0,0.0,0.0,0.0,0.0,0.0,0.0,,,,,18473,global,0.4
2,5,lr1e-05_bs32_modL1_fusion16_fusionL1_fusionBN0_drop0p1__wd1e-04trmiss40_trlocglobal,32,1e-05,0.0001,1,16,1,False,0.1,lr1e-05_bs32_modL1_fusion16_fusionL1_fusionBN0_drop0p1__wd1e-04trmiss40_trlocglobal,65,0.6247369349002838,0.6814883351325989,0.5476190476190477,0.6265371830475694,0.5333333333333333,0.0,0.0,0.0,0.0,0.0,0.0,0.0,0.0,0.0,,,,,18473,global,0.4
2,5,lr1e-05_bs32_modL1_fusion16_fusionL1_fusionBN0_drop0p1__wd1e-04trmiss40_trlocglobal,32,1e-05,0.0001,1,16,1,False,0.1,lr1e-05_bs32_modL1_fusion16_fusionL1_fusionBN0_drop0p1__wd1e-04trmiss40_trlocglobal,66,0.6242344975471497,0.6814910173416138,0.5456349206349207,0.6255115420219285,0.5111111111111111,0.0,0.0,0.0,0.0,0.0,0.0,0.0,0.0,0.0,,,,,18473,global,0.4
2,5,lr1e-05_bs32_modL1_fusion16_fusionL1_fusionBN0_drop0p1__wd1e-04trmiss40_trlocglobal,32,1e-05,0.0001,1,16,1,False,0.1,lr1e-05_bs32_modL1_fusion16_fusionL1_fusionBN0_drop0p1__wd1e-04trmiss40_trlocglobal,67,0.6236248711744944,0.6811022758483887,0.5476190476190477,0.6265371830475694,0.5333333333333333,0.0,0.0,0.0,0.0,0.0,0.0,0.0,0.0,0.0,,,,,18473,global,0.4
2,5,lr1e-05_bs32_modL1_fusion16_fusionL1_fusionBN0_drop0p1__wd1e-04trmiss40_trlocglobal,32,1e-05,0.0001,1,16,1,False,0.1,lr1e-05_bs32_modL1_fusion16_fusionL1_fusionBN0_drop0p1__wd1e-04trmiss40_trlocglobal,68,0.6279153525829315,0.6822908222675323,0.5496031746031746,0.6272868673910038,0.5333333333333333,0.0,0.0,0.0,0.0,0.0,0.0,0.0,0.0,0.0,,,,,18473,global,0.4
2,5,lr1e-05_bs32_modL1_fusion16_fusionL1_fusionBN0_drop0p1__wd1e-04trmiss40_trlocglobal,32,1e-05,0.0001,1,16,1,False,0.1,lr1e-05_bs32_modL1_fusion16_fusionL1_fusionBN0_drop0p1__wd1e-04trmiss40_trlocglobal,69,0.6193464696407318,0.6806532442569733,0.5456349206349207,0.6257307314346662,0.5333333333333333,0.0,0.0,0.0,0.0,0.0,0.0,0.0,0.0,0.0,,,,,18473,global,0.4
2,5,lr1e-05_bs32_modL1_fusion16_fusionL1_fusionBN0_drop0p1__wd1e-04trmiss40_trlocglobal,32,1e-05,0.0001,1,16,1,False,0.1,lr1e-05_bs32_modL1_fusion16_fusionL1_fusionBN0_drop0p1__wd1e-04trmiss40_trlocglobal,70,0.6254303753376007,0.6813734769821167,0.5476190476190476,0.6264804157781005,0.5333333333333333,0.0,0.0,0.0,0.0,0.0,0.0,0.0,0.0,0.0,,,,,18473,global,0.4
2,5,lr1e-05_bs32_modL1_fusion16_fusionL1_fusionBN0_drop0p1__wd1e-04trmiss40_trlocglobal,32,1e-05,0.0001,1,16,1,False,0.1,lr1e-05_bs32_modL1_fusion16_fusionL1_fusionBN0_drop0p1__wd1e-04trmiss40_trlocglobal,71,0.6260815858840942,0.6809470355510712,0.5476190476190476,0.6264804157781005,0.5333333333333333,0.0,0.0,0.0,0.0,0.0,0.0,0.0,0.0,0.0,,,,,18473,global,0.4
2,5,lr1e-05_bs32_modL1_fusion16_fusionL1_fusionBN0_drop0p1__wd1e-04trmiss40_trlocglobal,32,1e-05,0.0001,1,16,1,False,0.1,lr1e-05_bs32_modL1_fusion16_fusionL1_fusionBN0_drop0p1__wd1e-04trmiss40_trlocglobal,72,0.6174022456010183,0.6808590590953827,0.5496031746031746,0.6272868673910038,0.5333333333333333,0.0,0.0,0.0,0.0,0.0,0.0,0.0,0.0,0.0,,,,,18473,global,0.4
2,5,lr1e-05_bs32_modL1_fusion16_fusionL1_fusionBN0_drop0p1__wd1e-04trmiss40_trlocglobal,32,1e-05,0.0001,1,16,1,False,0.1,lr1e-05_bs32_modL1_fusion16_fusionL1_fusionBN0_drop0p1__wd1e-04trmiss40_trlocglobal,73,0.6232223312060038,0.6811584234237671,0.5515873015873016,0.6280849184662726,0.5111111111111111,0.0,0.0,0.0,0.0,0.0,0.0,0.0,0.0,0.0,,,,,18473,global,0.4
2,5,lr1e-05_bs32_modL1_fusion16_fusionL1_fusionBN0_drop0p1__wd1e-04trmiss40_trlocglobal,32,1e-05,0.0001,1,16,1,False,0.1,lr1e-05_bs32_modL1_fusion16_fusionL1_fusionBN0_drop0p1__wd1e-04trmiss40_trlocglobal,74,0.6224009692668915,0.681410014629364,0.5515873015873016,0.6280849184662726,0.5111111111111111,0.0,0.0,0.0,0.0,0.0,0.0,0.0,0.0,0.0,,,,,18473,global,0.4
2,5,lr1e-05_bs32_modL1_fusion16_fusionL1_fusionBN0_drop0p1__wd1e-04trmiss40_trlocglobal,32,1e-05,0.0001,1,16,1,False,0.1,lr1e-05_bs32_modL1_fusion16_fusionL1_fusionBN0_drop0p1__wd1e-04trmiss40_trlocglobal,75,0.6253519952297211,0.6815226078033447,0.5535714285714286,0.6286472216601547,0.5333333333333333,0.0,0.0,0.0,0.0,0.0,0.0,0.0,0.0,0.0,,,,,18473,global,0.4
2,5,lr1e-05_bs32_modL1_fusion16_fusionL1_fusionBN0_drop0p1__wd1e-04trmiss40_trlocglobal,32,1e-05,0.0001,1,16,1,False,0.1,lr1e-05_bs32_modL1_fusion16_fusionL1_fusionBN0_drop0p1__wd1e-04trmiss40_trlocglobal,76,0.6272303362687429,0.6818365156650543,0.5535714285714286,0.6286472216601547,0.5111111111111111,0.0,0.0,0.0,0.0,0.0,0.0,0.0,0.0,0.0,,,,,18473,global,0.4
2,5,lr1e-05_bs32_modL1_fusion16_fusionL1_fusionBN0_drop0p1__wd1e-04trmiss40_trlocglobal,32,1e-05,0.0001,1,16,1,False,0.1,lr1e-05_bs32_modL1_fusion16_fusionL1_fusionBN0_drop0p1__wd1e-04trmiss40_trlocglobal,77,0.6223376989364624,0.681239664554596,0.5515873015873016,0.6280849184662726,0.5333333333333333,0.0,0.0,0.0,0.0,0.0,0.0,0.0,0.0,0.0,,,,,18473,global,0.4
2,5,lr1e-05_bs32_modL1_fusion16_fusionL1_fusionBN0_drop0p1__wd1e-04trmiss40_trlocglobal,32,1e-05,0.0001,1,16,1,False,0.1,lr1e-05_bs32_modL1_fusion16_fusionL1_fusionBN0_drop0p1__wd1e-04trmiss40_trlocglobal,78,0.6192214091618856,0.681562066078186,0.5496031746031746,0.6272868673910038,0.5111111111111111,0.0,0.0,0.0,0.0,0.0,0.0,0.0,0.0,0.0,,,,,18473,global,0.4
2,5,lr1e-05_bs32_modL1_fusion16_fusionL1_fusionBN0_drop0p1__wd1e-04trmiss40_trlocglobal,32,1e-05,0.0001,1,16,1,False,0.1,lr1e-05_bs32_modL1_fusion16_fusionL1_fusionBN0_drop0p1__wd1e-04trmiss40_trlocglobal,79,0.6215997835000356,0.681248128414154,0.5496031746031746,0.6272868673910038,0.5333333333333333,0.0,0.0,0.0,0.0,0.0,0.0,0.0,0.0,0.0,,,,,18473,global,0.4
2,5,lr1e-05_bs32_modL1_fusion16_fusionL1_fusionBN0_drop0p1__wd1e-04trmiss40_trlocglobal,32,1e-05,0.0001,1,16,1,False,0.1,lr1e-05_bs32_modL1_fusion16_fusionL1_fusionBN0_drop0p1__wd1e-04trmiss40_trlocglobal,80,0.6285376250743866,0.6814955174922943,0.5496031746031746,0.6272868673910038,0.5111111111111111,0.0,0.0,0.0,0.0,0.0,0.0,0.0,0.0,0.0,,,,,18473,global,0.4
2,5,lr1e-05_bs32_modL1_fusion32_fusionL1_fusionBN0_drop0p2__wd1e-04trmiss40_trlocglobal,32,1e-05,0.0001,1,32,1,False,0.2,lr1e-05_bs32_modL1_fusion32_fusionL1_fusionBN0_drop0p2__wd1e-04trmiss40_trlocglobal,1,0.7034544050693512,0.7069907486438751,0.34523809523809523,0.4787005622097577,0.4222222222222222,0.0,0.0,0.0,0.0,0.0,0.0,0.0,0.0,0.0,,,,,18473,global,0.4
2,5,lr1e-05_bs32_modL1_fusion32_fusionL1_fusionBN0_drop0p2__wd1e-04trmiss40_trlocglobal,32,1e-05,0.0001,1,32,1,False,0.2,lr1e-05_bs32_modL1_fusion32_fusionL1_fusionBN0_drop0p2__wd1e-04trmiss40_trlocglobal,2,0.6925326486428579,0.7072749435901642,0.3591269841269842,0.48335303287885245,0.37777777777777777,0.0,0.0,0.0,0.0,0.0,0.0,0.0,0.0,0.0,,,,,18473,global,0.4
2,5,lr1e-05_bs32_modL1_fusion32_fusionL1_fusionBN0_drop0p2__wd1e-04trmiss40_trlocglobal,32,1e-05,0.0001,1,32,1,False,0.2,lr1e-05_bs32_modL1_fusion32_fusionL1_fusionBN0_drop0p2__wd1e-04trmiss40_trlocglobal,3,0.6899579167366028,0.7073986232280731,0.376984126984127,0.49266476008936055,0.35555555555555557,0.0,0.0,0.0,0.0,0.0,0.0,0.0,0.0,0.0,,,,,18473,global,0.4
2,5,lr1e-05_bs32_modL1_fusion32_fusionL1_fusionBN0_drop0p2__wd1e-04trmiss40_trlocglobal,32,1e-05,0.0001,1,32,1,False,0.2,lr1e-05_bs32_modL1_fusion32_fusionL1_fusionBN0_drop0p2__wd1e-04trmiss40_trlocglobal,4,0.6891311804453532,0.7077023088932037,0.3928571428571429,0.4992741471352128,0.35555555555555557,0.0,0.0,0.0,0.0,0.0,0.0,0.0,0.0,0.0,,,,,18473,global,0.4
2,5,lr1e-05_bs32_modL1_fusion32_fusionL1_fusionBN0_drop0p2__wd1e-04trmiss40_trlocglobal,32,1e-05,0.0001,1,32,1,False,0.2,lr1e-05_bs32_modL1_fusion32_fusionL1_fusionBN0_drop0p2__wd1e-04trmiss40_trlocglobal,5,0.6894130110740662,0.7072221636772156,0.39682539682539686,0.5008575582774475,0.4222222222222222,0.0,0.0,0.0,0.0,0.0,0.0,0.0,0.0,0.0,,,,,18473,global,0.4
2,5,lr1e-05_bs32_modL1_fusion32_fusionL1_fusionBN0_drop0p2__wd1e-04trmiss40_trlocglobal,32,1e-05,0.0001,1,32,1,False,0.2,lr1e-05_bs32_modL1_fusion32_fusionL1_fusionBN0_drop0p2__wd1e-04trmiss40_trlocglobal,6,0.680102696021398,0.7076179385185242,0.3948412698412699,0.49583442049568904,0.4,0.0,0.0,0.0,0.0,0.0,0.0,0.0,0.0,0.0,,,,,18473,global,0.4
2,5,lr1e-05_bs32_modL1_fusion32_fusionL1_fusionBN0_drop0p2__wd1e-04trmiss40_trlocglobal,32,1e-05,0.0001,1,32,1,False,0.2,lr1e-05_bs32_modL1_fusion32_fusionL1_fusionBN0_drop0p2__wd1e-04trmiss40_trlocglobal,7,0.6886067589124044,0.7075787782669067,0.3948412698412699,0.496313047619053,0.4,0.0,0.0,0.0,0.0,0.0,0.0,0.0,0.0,0.0,,,,,18473,global,0.4
2,5,lr1e-05_bs32_modL1_fusion32_fusionL1_fusionBN0_drop0p2__wd1e-04trmiss40_trlocglobal,32,1e-05,0.0001,1,32,1,False,0.2,lr1e-05_bs32_modL1_fusion32_fusionL1_fusionBN0_drop0p2__wd1e-04trmiss40_trlocglobal,8,0.6862053871154785,0.7082436978816986,0.3888888888888889,0.4913642841505527,0.4,0.0,0.0,0.0,0.0,0.0,0.0,0.0,0.0,0.0,,,,,18473,global,0.4
2,5,lr1e-05_bs32_modL1_fusion32_fusionL1_fusionBN0_drop0p2__wd1e-04trmiss40_trlocglobal,32,1e-05,0.0001,1,32,1,False,0.2,lr1e-05_bs32_modL1_fusion32_fusionL1_fusionBN0_drop0p2__wd1e-04trmiss40_trlocglobal,9,0.6849984029928843,0.708188533782959,0.386904761904762,0.48715386494013346,0.4,0.0,0.0,0.0,0.0,0.0,0.0,0.0,0.0,0.0,,,,,18473,global,0.4
2,5,lr1e-05_bs32_modL1_fusion32_fusionL1_fusionBN0_drop0p2__wd1e-04trmiss40_trlocglobal,32,1e-05,0.0001,1,32,1,False,0.2,lr1e-05_bs32_modL1_fusion32_fusionL1_fusionBN0_drop0p2__wd1e-04trmiss40_trlocglobal,10,0.6743723849455515,0.7086594998836517,0.39087301587301587,0.4893572715553048,0.4,0.0,0.0,0.0,0.0,0.0,0.0,0.0,0.0,0.0,,,,,18473,global,0.4
2,5,lr1e-05_bs32_modL1_fusion32_fusionL1_fusionBN0_drop0p2__wd1e-04trmiss40_trlocglobal,32,1e-05,0.0001,1,32,1,False,0.2,lr1e-05_bs32_modL1_fusion32_fusionL1_fusionBN0_drop0p2__wd1e-04trmiss40_trlocglobal,11,0.6780518988768259,0.7085127532482147,0.3948412698412699,0.49177975217545983,0.4222222222222222,0.0,0.0,0.0,0.0,0.0,0.0,0.0,0.0,0.0,,,,,18473,global,0.4
2,5,lr1e-05_bs32_modL1_fusion32_fusionL1_fusionBN0_drop0p2__wd1e-04trmiss40_trlocglobal,32,1e-05,0.0001,1,32,1,False,0.2,lr1e-05_bs32_modL1_fusion32_fusionL1_fusionBN0_drop0p2__wd1e-04trmiss40_trlocglobal,12,0.681138664484024,0.7082789838314056,0.39682539682539686,0.48885928484322777,0.4222222222222222,0.0,0.0,0.0,0.0,0.0,0.0,0.0,0.0,0.0,,,,,18473,global,0.4
2,5,lr1e-05_bs32_modL1_fusion32_fusionL1_fusionBN0_drop0p2__wd1e-04trmiss40_trlocglobal,32,1e-05,0.0001,1,32,1,False,0.2,lr1e-05_bs32_modL1_fusion32_fusionL1_fusionBN0_drop0p2__wd1e-04trmiss40_trlocglobal,13,0.6816879709561666,0.7086096107959747,0.39682539682539686,0.48880800170370936,0.4,0.0,0.0,0.0,0.0,0.0,0.0,0.0,0.0,0.0,,,,,18473,global,0.4
2,5,lr1e-05_bs32_modL1_fusion32_fusionL1_fusionBN0_drop0p2__wd1e-04trmiss40_trlocglobal,32,1e-05,0.0001,1,32,1,False,0.2,lr1e-05_bs32_modL1_fusion32_fusionL1_fusionBN0_drop0p2__wd1e-04trmiss40_trlocglobal,14,0.6803859372933706,0.7091588079929352,0.3928571428571429,0.4856567411995077,0.4,0.0,0.0,0.0,0.0,0.0,0.0,0.0,0.0,0.0,,,,,18473,global,0.4
2,5,lr1e-05_bs32_modL1_fusion32_fusionL1_fusionBN0_drop0p2__wd1e-04trmiss40_trlocglobal,32,1e-05,0.0001,1,32,1,False,0.2,lr1e-05_bs32_modL1_fusion32_fusionL1_fusionBN0_drop0p2__wd1e-04trmiss40_trlocglobal,15,0.6785425941149393,0.7093540132045746,0.39285714285714285,0.4872961860955315,0.4,0.0,0.0,0.0,0.0,0.0,0.0,0.0,0.0,0.0,,,,,18473,global,0.4
2,5,lr1e-05_bs32_modL1_fusion32_fusionL1_fusionBN0_drop0p2__wd1e-04trmiss40_trlocglobal,32,1e-05,0.0001,1,32,1,False,0.2,lr1e-05_bs32_modL1_fusion32_fusionL1_fusionBN0_drop0p2__wd1e-04trmiss40_trlocglobal,16,0.6851565539836884,0.7092917561531067,0.3948412698412699,0.48748336444854473,0.4,0.0,0.0,0.0,0.0,0.0,0.0,0.0,0.0,0.0,,,,,18473,global,0.4
2,5,lr1e-05_bs32_modL1_fusion32_fusionL1_fusionBN0_drop0p2__wd1e-04trmiss40_trlocglobal,32,1e-05,0.0001,1,32,1,False,0.2,lr1e-05_bs32_modL1_fusion32_fusionL1_fusionBN0_drop0p2__wd1e-04trmiss40_trlocglobal,17,0.6754520833492279,0.7085745334625244,0.3948412698412699,0.4876803458346742,0.4,0.0,0.0,0.0,0.0,0.0,0.0,0.0,0.0,0.0,,,,,18473,global,0.4
2,5,lr1e-05_bs32_modL1_fusion32_fusionL1_fusionBN0_drop0p2__wd1e-04trmiss40_trlocglobal,32,1e-05,0.0001,1,32,1,False,0.2,lr1e-05_bs32_modL1_fusion32_fusionL1_fusionBN0_drop0p2__wd1e-04trmiss40_trlocglobal,18,0.6709169447422028,0.7081727683544159,0.40476190476190477,0.4905395035708603,0.4,0.0,0.0,0.0,0.0,0.0,0.0,0.0,0.0,0.0,,,,,18473,global,0.4
2,5,lr1e-05_bs32_modL1_fusion32_fusionL1_fusionBN0_drop0p2__wd1e-04trmiss40_trlocglobal,32,1e-05,0.0001,1,32,1,False,0.2,lr1e-05_bs32_modL1_fusion32_fusionL1_fusionBN0_drop0p2__wd1e-04trmiss40_trlocglobal,19,0.6743666032950083,0.7082905769348145,0.4007936507936508,0.49042823792080154,0.4,0.0,0.0,0.0,0.0,0.0,0.0,0.0,0.0,0.0,,,,,18473,global,0.4
2,5,lr1e-05_bs32_modL1_fusion32_fusionL1_fusionBN0_drop0p2__wd1e-04trmiss40_trlocglobal,32,1e-05,0.0001,1,32,1,False,0.2,lr1e-05_bs32_modL1_fusion32_fusionL1_fusionBN0_drop0p2__wd1e-04trmiss40_trlocglobal,20,0.6716593007246653,0.7080066204071045,0.4027777777777778,0.4896764742523712,0.4,0.0,0.0,0.0,0.0,0.0,0.0,0.0,0.0,0.0,,,,,18473,global,0.4
2,5,lr1e-05_bs32_modL1_fusion32_fusionL1_fusionBN0_drop0p2__wd1e-04trmiss40_trlocglobal,32,1e-05,0.0001,1,32,1,False,0.2,lr1e-05_bs32_modL1_fusion32_fusionL1_fusionBN0_drop0p2__wd1e-04trmiss40_trlocglobal,21,0.6720757683118185,0.7086136937141418,0.39682539682539686,0.4869285821662438,0.4,0.0,0.0,0.0,0.0,0.0,0.0,0.0,0.0,0.0,,,,,18473,global,0.4
2,5,lr1e-05_bs32_modL1_fusion32_fusionL1_fusionBN0_drop0p2__wd1e-04trmiss40_trlocglobal,32,1e-05,0.0001,1,32,1,False,0.2,lr1e-05_bs32_modL1_fusion32_fusionL1_fusionBN0_drop0p2__wd1e-04trmiss40_trlocglobal,22,0.6716722548007965,0.7086734473705292,0.3968253968253968,0.48699952693017107,0.4,0.0,0.0,0.0,0.0,0.0,0.0,0.0,0.0,0.0,,,,,18473,global,0.4
2,5,lr1e-05_bs32_modL1_fusion32_fusionL1_fusionBN0_drop0p2__wd1e-04trmiss40_trlocglobal,32,1e-05,0.0001,1,32,1,False,0.2,lr1e-05_bs32_modL1_fusion32_fusionL1_fusionBN0_drop0p2__wd1e-04trmiss40_trlocglobal,23,0.6640175879001617,0.7085290551185608,0.40277777777777773,0.49010886276977,0.4222222222222222,0.0,0.0,0.0,0.0,0.0,0.0,0.0,0.0,0.0,,,,,18473,global,0.4
2,5,lr1e-05_bs32_modL1_fusion32_fusionL1_fusionBN0_drop0p2__wd1e-04trmiss40_trlocglobal,32,1e-05,0.0001,1,32,1,False,0.2,lr1e-05_bs32_modL1_fusion32_fusionL1_fusionBN0_drop0p2__wd1e-04trmiss40_trlocglobal,24,0.666716605424881,0.709144115447998,0.39682539682539686,0.4812023371965778,0.4222222222222222,0.0,0.0,0.0,0.0,0.0,0.0,0.0,0.0,0.0,,,,,18473,global,0.4
2,5,lr1e-05_bs32_modL1_fusion32_fusionL1_fusionBN0_drop0p2__wd1e-04trmiss40_trlocglobal,32,1e-05,0.0001,1,32,1,False,0.2,lr1e-05_bs32_modL1_fusion32_fusionL1_fusionBN0_drop0p2__wd1e-04trmiss40_trlocglobal,25,0.666166732708613,0.7086790502071381,0.4027777777777778,0.4836560094324641,0.4222222222222222,0.0,0.0,0.0,0.0,0.0,0.0,0.0,0.0,0.0,,,,,18473,global,0.4
2,5,lr1e-05_bs32_modL1_fusion32_fusionL1_fusionBN0_drop0p2__wd1e-04trmiss40_trlocglobal,32,1e-05,0.0001,1,32,1,False,0.2,lr1e-05_bs32_modL1_fusion32_fusionL1_fusionBN0_drop0p2__wd1e-04trmiss40_trlocglobal,26,0.6691061854362488,0.7086108326911926,0.40476190476190477,0.48454886657532126,0.4222222222222222,0.0,0.0,0.0,0.0,0.0,0.0,0.0,0.0,0.0,,,,,18473,global,0.4
2,5,lr1e-05_bs32_modL1_fusion32_fusionL1_fusionBN0_drop0p2__wd1e-04trmiss40_trlocglobal,32,1e-05,0.0001,1,32,1,False,0.2,lr1e-05_bs32_modL1_fusion32_fusionL1_fusionBN0_drop0p2__wd1e-04trmiss40_trlocglobal,27,0.6628316243489584,0.708823561668396,0.39880952380952384,0.4814238665753213,0.4222222222222222,0.0,0.0,0.0,0.0,0.0,0.0,0.0,0.0,0.0,,,,,18473,global,0.4
2,5,lr1e-05_bs32_modL1_fusion32_fusionL1_fusionBN0_drop0p2__wd1e-04trmiss40_trlocglobal,32,1e-05,0.0001,1,32,1,False,0.2,lr1e-05_bs32_modL1_fusion32_fusionL1_fusionBN0_drop0p2__wd1e-04trmiss40_trlocglobal,28,0.6541577676932017,0.7092739641666412,0.3988095238095238,0.48080920989659137,0.4222222222222222,0.0,0.0,0.0,0.0,0.0,0.0,0.0,0.0,0.0,,,,,18473,global,0.4
2,5,lr1e-05_bs32_modL1_fusion32_fusionL1_fusionBN0_drop0p2__wd1e-04trmiss40_trlocglobal,32,1e-05,0.0001,1,32,1,False,0.2,lr1e-05_bs32_modL1_fusion32_fusionL1_fusionBN0_drop0p2__wd1e-04trmiss40_trlocglobal,29,0.6566487749417623,0.7089353799819946,0.4007936507936508,0.4829751280498284,0.4222222222222222,0.0,0.0,0.0,0.0,0.0,0.0,0.0,0.0,0.0,,,,,18473,global,0.4
2,5,lr1e-05_bs32_modL1_fusion32_fusionL1_fusionBN0_drop0p2__wd1e-04trmiss40_trlocglobal,32,1e-05,0.0001,1,32,1,False,0.2,lr1e-05_bs32_modL1_fusion32_fusionL1_fusionBN0_drop0p2__wd1e-04trmiss40_trlocglobal,30,0.6675719122091929,0.7092901468276978,0.4007936507936508,0.48245481502951537,0.4222222222222222,0.0,0.0,0.0,0.0,0.0,0.0,0.0,0.0,0.0,,,,,18473,global,0.4
2,5,lr1e-05_bs32_modL1_fusion32_fusionL1_fusionBN0_drop0p2__wd1e-04trmiss40_trlocglobal,32,1e-05,0.0001,1,32,1,False,0.2,lr1e-05_bs32_modL1_fusion32_fusionL1_fusionBN0_drop0p2__wd1e-04trmiss40_trlocglobal,31,0.6659044921398163,0.7086746096611023,0.40476190476190477,0.48411846237251055,0.4222222222222222,0.0,0.0,0.0,0.0,0.0,0.0,0.0,0.0,0.0,,,,,18473,global,0.4
2,5,lr1e-05_bs32_modL1_fusion32_fusionL1_fusionBN0_drop0p2__wd1e-04trmiss40_trlocglobal,32,1e-05,0.0001,1,32,1,False,0.2,lr1e-05_bs32_modL1_fusion32_fusionL1_fusionBN0_drop0p2__wd1e-04trmiss40_trlocglobal,32,0.6586594184239706,0.7086735367774963,0.4027777777777778,0.4789599951087802,0.4222222222222222,0.0,0.0,0.0,0.0,0.0,0.0,0.0,0.0,0.0,,,,,18473,global,0.4
2,5,lr1e-05_bs32_modL1_fusion32_fusionL1_fusionBN0_drop0p2__wd1e-04trmiss40_trlocglobal,32,1e-05,0.0001,1,32,1,False,0.2,lr1e-05_bs32_modL1_fusion32_fusionL1_fusionBN0_drop0p2__wd1e-04trmiss40_trlocglobal,33,0.6629080673058828,0.708891898393631,0.4087301587301587,0.48370927015259546,0.4444444444444444,0.0,0.0,0.0,0.0,0.0,0.0,0.0,0.0,0.0,,,,,18473,global,0.4
2,5,lr1e-05_bs32_modL1_fusion32_fusionL1_fusionBN0_drop0p2__wd1e-04trmiss40_trlocglobal,32,1e-05,0.0001,1,32,1,False,0.2,lr1e-05_bs32_modL1_fusion32_fusionL1_fusionBN0_drop0p2__wd1e-04trmiss40_trlocglobal,34,0.6554479996363322,0.7082752585411072,0.41269841269841273,0.4852524800291387,0.4444444444444444,0.0,0.0,0.0,0.0,0.0,0.0,0.0,0.0,0.0,,,,,18473,global,0.4
2,5,lr1e-05_bs32_modL1_fusion32_fusionL1_fusionBN0_drop0p2__wd1e-04trmiss40_trlocglobal,32,1e-05,0.0001,1,32,1,False,0.2,lr1e-05_bs32_modL1_fusion32_fusionL1_fusionBN0_drop0p2__wd1e-04trmiss40_trlocglobal,35,0.6569250524044037,0.7085404098033905,0.4087301587301587,0.476710813362472,0.4666666666666667,0.0,0.0,0.0,0.0,0.0,0.0,0.0,0.0,0.0,,,,,18473,global,0.4
2,5,lr1e-05_bs32_modL1_fusion32_fusionL1_fusionBN0_drop0p2__wd1e-04trmiss40_trlocglobal,32,1e-05,0.0001,1,32,1,False,0.2,lr1e-05_bs32_modL1_fusion32_fusionL1_fusionBN0_drop0p2__wd1e-04trmiss40_trlocglobal,36,0.6518956124782562,0.7091403603553772,0.4087301587301587,0.476710813362472,0.4444444444444444,0.0,0.0,0.0,0.0,0.0,0.0,0.0,0.0,0.0,,,,,18473,global,0.4
2,5,lr1e-05_bs32_modL1_fusion32_fusionL1_fusionBN0_drop0p2__wd1e-04trmiss40_trlocglobal,32,1e-05,0.0001,1,32,1,False,0.2,lr1e-05_bs32_modL1_fusion32_fusionL1_fusionBN0_drop0p2__wd1e-04trmiss40_trlocglobal,37,0.6515840291976929,0.7091647386550903,0.40674603174603174,0.47464825400824595,0.4666666666666667,0.0,0.0,0.0,0.0,0.0,0.0,0.0,0.0,0.0,,,,,18473,global,0.4
2,5,lr1e-05_bs32_modL1_fusion32_fusionL1_fusionBN0_drop0p2__wd1e-04trmiss40_trlocglobal,32,1e-05,0.0001,1,32,1,False,0.2,lr1e-05_bs32_modL1_fusion32_fusionL1_fusionBN0_drop0p2__wd1e-04trmiss40_trlocglobal,38,0.658270796140035,0.7096015214920044,0.4047619047619048,0.47563346483457547,0.4666666666666667,0.0,0.0,0.0,0.0,0.0,0.0,0.0,0.0,0.0,,,,,18473,global,0.4
2,5,lr1e-05_bs32_modL1_fusion32_fusionL1_fusionBN0_drop0p2__wd1e-04trmiss40_trlocglobal,32,1e-05,0.0001,1,32,1,False,0.2,lr1e-05_bs32_modL1_fusion32_fusionL1_fusionBN0_drop0p2__wd1e-04trmiss40_trlocglobal,39,0.6578878959019979,0.709794282913208,0.4027777777777778,0.47671976279587347,0.4666666666666667,0.0,0.0,0.0,0.0,0.0,0.0,0.0,0.0,0.0,,,,,18473,global,0.4
2,5,lr1e-05_bs32_modL1_fusion32_fusionL1_fusionBN0_drop0p2__wd1e-04trmiss40_trlocglobal,32,1e-05,0.0001,1,32,1,False,0.2,lr1e-05_bs32_modL1_fusion32_fusionL1_fusionBN0_drop0p2__wd1e-04trmiss40_trlocglobal,40,0.662297119696935,0.7096602320671082,0.4027777777777778,0.47558630174861927,0.4666666666666667,0.0,0.0,0.0,0.0,0.0,0.0,0.0,0.0,0.0,,,,,18473,global,0.4
2,5,lr1e-05_bs32_modL1_fusion32_fusionL1_fusionBN0_drop0p2__wd1e-04trmiss40_trlocglobal,32,1e-05,0.0001,1,32,1,False,0.2,lr1e-05_bs32_modL1_fusion32_fusionL1_fusionBN0_drop0p2__wd1e-04trmiss40_trlocglobal,41,0.6581537226835886,0.7093265652656555,0.40674603174603174,0.4777254820127995,0.4666666666666667,0.0,0.0,0.0,0.0,0.0,0.0,0.0,0.0,0.0,,,,,18473,global,0.4
2,5,lr1e-05_bs32_modL1_fusion32_fusionL1_fusionBN0_drop0p2__wd1e-04trmiss40_trlocglobal,32,1e-05,0.0001,1,32,1,False,0.2,lr1e-05_bs32_modL1_fusion32_fusionL1_fusionBN0_drop0p2__wd1e-04trmiss40_trlocglobal,42,0.6569505035877228,0.7091457843780518,0.4107142857142857,0.4784680401159972,0.4666666666666667,0.0,0.0,0.0,0.0,0.0,0.0,0.0,0.0,0.0,,,,,18473,global,0.4
2,5,lr1e-05_bs32_modL1_fusion32_fusionL1_fusionBN0_drop0p2__wd1e-04trmiss40_trlocglobal,32,1e-05,0.0001,1,32,1,False,0.2,lr1e-05_bs32_modL1_fusion32_fusionL1_fusionBN0_drop0p2__wd1e-04trmiss40_trlocglobal,43,0.6554626822471619,0.7095224559307098,0.4027777777777778,0.474848781288405,0.4666666666666667,0.0,0.0,0.0,0.0,0.0,0.0,0.0,0.0,0.0,,,,,18473,global,0.4
2,5,lr1e-05_bs32_modL1_fusion32_fusionL1_fusionBN0_drop0p2__wd1e-04trmiss40_trlocglobal,32,1e-05,0.0001,1,32,1,False,0.2,lr1e-05_bs32_modL1_fusion32_fusionL1_fusionBN0_drop0p2__wd1e-04trmiss40_trlocglobal,44,0.6546343266963959,0.7091084420681,0.4126984126984127,0.4791718836519714,0.4666666666666667,0.0,0.0,0.0,0.0,0.0,0.0,0.0,0.0,0.0,,,,,18473,global,0.4
2,5,lr1e-05_bs32_modL1_fusion32_fusionL1_fusionBN0_drop0p2__wd1e-04trmiss40_trlocglobal,32,1e-05,0.0001,1,32,1,False,0.2,lr1e-05_bs32_modL1_fusion32_fusionL1_fusionBN0_drop0p2__wd1e-04trmiss40_trlocglobal,45,0.6469709277153015,0.709701806306839,0.40674603174603174,0.4764339543789544,0.4666666666666667,0.0,0.0,0.0,0.0,0.0,0.0,0.0,0.0,0.0,,,,,18473,global,0.4
2,5,lr1e-05_bs32_modL1_fusion32_fusionL1_fusionBN0_drop0p2__wd1e-04trmiss40_trlocglobal,32,1e-05,0.0001,1,32,1,False,0.2,lr1e-05_bs32_modL1_fusion32_fusionL1_fusionBN0_drop0p2__wd1e-04trmiss40_trlocglobal,46,0.6606516341368357,0.7090234160423279,0.4087301587301587,0.47762867377542817,0.4666666666666667,0.0,0.0,0.0,0.0,0.0,0.0,0.0,0.0,0.0,,,,,18473,global,0.4
2,5,lr1e-05_bs32_modL1_fusion32_fusionL1_fusionBN0_drop0p2__wd1e-04trmiss40_trlocglobal,32,1e-05,0.0001,1,32,1,False,0.2,lr1e-05_bs32_modL1_fusion32_fusionL1_fusionBN0_drop0p2__wd1e-04trmiss40_trlocglobal,47,0.6539320051670074,0.7088826894760132,0.4107142857142857,0.477603518003146,0.4666666666666667,0.0,0.0,0.0,0.0,0.0,0.0,0.0,0.0,0.0,,,,,18473,global,0.4
2,5,lr1e-05_bs32_modL1_fusion32_fusionL1_fusionBN0_drop0p2__wd1e-04trmiss40_trlocglobal,32,1e-05,0.0001,1,32,1,False,0.2,lr1e-05_bs32_modL1_fusion32_fusionL1_fusionBN0_drop0p2__wd1e-04trmiss40_trlocglobal,48,0.6575313707192739,0.708809494972229,0.41269841269841273,0.4791186695182975,0.4666666666666667,0.0,0.0,0.0,0.0,0.0,0.0,0.0,0.0,0.0,,,,,18473,global,0.4
2,5,lr1e-05_bs32_modL1_fusion32_fusionL1_fusionBN0_drop0p2__wd1e-04trmiss40_trlocglobal,32,1e-05,0.0001,1,32,1,False,0.2,lr1e-05_bs32_modL1_fusion32_fusionL1_fusionBN0_drop0p2__wd1e-04trmiss40_trlocglobal,49,0.6551518936951956,0.708605170249939,0.41468253968253976,0.4803806568000216,0.4666666666666667,0.0,0.0,0.0,0.0,0.0,0.0,0.0,0.0,0.0,,,,,18473,global,0.4
2,5,lr1e-05_bs32_modL1_fusion32_fusionL1_fusionBN0_drop0p2__wd1e-04trmiss40_trlocglobal,32,1e-05,0.0001,1,32,1,False,0.2,lr1e-05_bs32_modL1_fusion32_fusionL1_fusionBN0_drop0p2__wd1e-04trmiss40_trlocglobal,50,0.6589685479799906,0.7092475295066833,0.4126984126984127,0.47777958077940536,0.4666666666666667,0.0,0.0,0.0,0.0,0.0,0.0,0.0,0.0,0.0,,,,,18473,global,0.4
2,5,lr1e-05_bs32_modL1_fusion32_fusionL1_fusionBN0_drop0p2__wd1e-04trmiss40_trlocglobal,32,1e-05,0.0001,1,32,1,False,0.2,lr1e-05_bs32_modL1_fusion32_fusionL1_fusionBN0_drop0p2__wd1e-04trmiss40_trlocglobal,51,0.6445276339848837,0.7094459235668182,0.4007936507936508,0.4706292536069676,0.4666666666666667,0.0,0.0,0.0,0.0,0.0,0.0,0.0,0.0,0.0,,,,,18473,global,0.4
2,5,lr1e-05_bs32_modL1_fusion32_fusionL1_fusionBN0_drop0p2__wd1e-04trmiss40_trlocglobal,32,1e-05,0.0001,1,32,1,False,0.2,lr1e-05_bs32_modL1_fusion32_fusionL1_fusionBN0_drop0p2__wd1e-04trmiss40_trlocglobal,52,0.6550266742706299,0.7093924283981323,0.39682539682539686,0.4695506922089336,0.4666666666666667,0.0,0.0,0.0,0.0,0.0,0.0,0.0,0.0,0.0,,,,,18473,global,0.4
2,5,lr1e-05_bs32_modL1_fusion32_fusionL1_fusionBN0_drop0p2__wd1e-04trmiss40_trlocglobal,32,1e-05,0.0001,1,32,1,False,0.2,lr1e-05_bs32_modL1_fusion32_fusionL1_fusionBN0_drop0p2__wd1e-04trmiss40_trlocglobal,53,0.6473420162995657,0.709484338760376,0.40674603174603174,0.47365434253694266,0.4666666666666667,0.0,0.0,0.0,0.0,0.0,0.0,0.0,0.0,0.0,,,,,18473,global,0.4
2,5,lr1e-05_bs32_modL1_fusion32_fusionL1_fusionBN0_drop0p2__wd1e-04trmiss40_trlocglobal,32,1e-05,0.0001,1,32,1,False,0.2,lr1e-05_bs32_modL1_fusion32_fusionL1_fusionBN0_drop0p2__wd1e-04trmiss40_trlocglobal,54,0.6490180889765421,0.7097255885601044,0.4047619047619048,0.47121149217742564,0.4666666666666667,0.0,0.0,0.0,0.0,0.0,0.0,0.0,0.0,0.0,,,,,18473,global,0.4
2,5,lr1e-05_bs32_modL1_fusion32_fusionL1_fusionBN0_drop0p2__wd1e-04trmiss40_trlocglobal,32,1e-05,0.0001,1,32,1,False,0.2,lr1e-05_bs32_modL1_fusion32_fusionL1_fusionBN0_drop0p2__wd1e-04trmiss40_trlocglobal,55,0.6521697143713633,0.7106642127037048,0.3948412698412699,0.4683484238731808,0.4444444444444444,0.0,0.0,0.0,0.0,0.0,0.0,0.0,0.0,0.0,,,,,18473,global,0.4
2,5,lr1e-05_bs32_modL1_fusion32_fusionL1_fusionBN0_drop0p2__wd1e-04trmiss40_trlocglobal,32,1e-05,0.0001,1,32,1,False,0.2,lr1e-05_bs32_modL1_fusion32_fusionL1_fusionBN0_drop0p2__wd1e-04trmiss40_trlocglobal,56,0.6572144329547882,0.7098696231842041,0.40674603174603174,0.47279328230088247,0.4666666666666667,0.0,0.0,0.0,0.0,0.0,0.0,0.0,0.0,0.0,,,,,18473,global,0.4
2,5,lr1e-05_bs32_modL1_fusion32_fusionL1_fusionBN0_drop0p2__wd1e-04trmiss40_trlocglobal,32,1e-05,0.0001,1,32,1,False,0.2,lr1e-05_bs32_modL1_fusion32_fusionL1_fusionBN0_drop0p2__wd1e-04trmiss40_trlocglobal,57,0.6476380228996277,0.7097072601318359,0.4087301587301587,0.4729991215871815,0.4666666666666667,0.0,0.0,0.0,0.0,0.0,0.0,0.0,0.0,0.0,,,,,18473,global,0.4
2,5,lr1e-05_bs32_modL1_fusion32_fusionL1_fusionBN0_drop0p2__wd1e-04trmiss40_trlocglobal,32,1e-05,0.0001,1,32,1,False,0.2,lr1e-05_bs32_modL1_fusion32_fusionL1_fusionBN0_drop0p2__wd1e-04trmiss40_trlocglobal,58,0.6514694591363271,0.7100769877433777,0.40476190476190477,0.47086236945042936,0.4444444444444444,0.0,0.0,0.0,0.0,0.0,0.0,0.0,0.0,0.0,,,,,18473,global,0.4
2,5,lr1e-05_bs32_modL1_fusion32_fusionL1_fusionBN0_drop0p2__wd1e-04trmiss40_trlocglobal,32,1e-05,0.0001,1,32,1,False,0.2,lr1e-05_bs32_modL1_fusion32_fusionL1_fusionBN0_drop0p2__wd1e-04trmiss40_trlocglobal,59,0.6528840959072113,0.7098075747489929,0.40674603174603174,0.4711472697353296,0.4666666666666667,0.0,0.0,0.0,0.0,0.0,0.0,0.0,0.0,0.0,,,,,18473,global,0.4
2,5,lr1e-05_bs32_modL1_fusion32_fusionL1_fusionBN0_drop0p2__wd1e-04trmiss40_trlocglobal,32,1e-05,0.0001,1,32,1,False,0.2,lr1e-05_bs32_modL1_fusion32_fusionL1_fusionBN0_drop0p2__wd1e-04trmiss40_trlocglobal,60,0.6537351608276367,0.7100397646427155,0.4087301587301587,0.4758797020539688,0.4666666666666667,0.0,0.0,0.0,0.0,0.0,0.0,0.0,0.0,0.0,,,,,18473,global,0.4
2,5,lr1e-05_bs32_modL1_fusion32_fusionL1_fusionBN0_drop0p2__wd1e-04trmiss40_trlocglobal,32,1e-05,0.0001,1,32,1,False,0.2,lr1e-05_bs32_modL1_fusion32_fusionL1_fusionBN0_drop0p2__wd1e-04trmiss40_trlocglobal,61,0.6477730174859365,0.7099010050296783,0.4126984126984127,0.4785012583393182,0.4666666666666667,0.0,0.0,0.0,0.0,0.0,0.0,0.0,0.0,0.0,,,,,18473,global,0.4
2,5,lr1e-05_bs32_modL1_fusion32_fusionL1_fusionBN0_drop0p2__wd1e-04trmiss40_trlocglobal,32,1e-05,0.0001,1,32,1,False,0.2,lr1e-05_bs32_modL1_fusion32_fusionL1_fusionBN0_drop0p2__wd1e-04trmiss40_trlocglobal,62,0.6504409909248352,0.7099267840385437,0.4027777777777778,0.4733061726422041,0.4666666666666667,0.0,0.0,0.0,0.0,0.0,0.0,0.0,0.0,0.0,,,,,18473,global,0.4
2,5,lr1e-05_bs32_modL1_fusion32_fusionL1_fusionBN0_drop0p2__wd1e-04trmiss40_trlocglobal,32,1e-05,0.0001,1,32,1,False,0.2,lr1e-05_bs32_modL1_fusion32_fusionL1_fusionBN0_drop0p2__wd1e-04trmiss40_trlocglobal,63,0.6542464792728424,0.7100592851638794,0.4126984126984128,0.4784483997839569,0.4666666666666667,0.0,0.0,0.0,0.0,0.0,0.0,0.0,0.0,0.0,,,,,18473,global,0.4
2,5,lr1e-05_bs32_modL1_fusion32_fusionL1_fusionBN0_drop0p2__wd1e-04trmiss40_trlocglobal,32,1e-05,0.0001,1,32,1,False,0.2,lr1e-05_bs32_modL1_fusion32_fusionL1_fusionBN0_drop0p2__wd1e-04trmiss40_trlocglobal,64,0.6442952851454417,0.7096750438213348,0.41071428571428575,0.47716578825384814,0.4666666666666667,0.0,0.0,0.0,0.0,0.0,0.0,0.0,0.0,0.0,,,,,18473,global,0.4
2,5,lr1e-05_bs32_modL1_fusion32_fusionL1_fusionBN0_drop0p2__wd1e-04trmiss40_trlocglobal,32,1e-05,0.0001,1,32,1,False,0.2,lr1e-05_bs32_modL1_fusion32_fusionL1_fusionBN0_drop0p2__wd1e-04trmiss40_trlocglobal,65,0.6458438138167063,0.7099460959434509,0.4107142857142857,0.47692947509059,0.4444444444444444,0.0,0.0,0.0,0.0,0.0,0.0,0.0,0.0,0.0,,,,,18473,global,0.4
2,5,lr1e-05_bs32_modL1_fusion32_fusionL1_fusionBN0_drop0p2__wd1e-04trmiss40_trlocglobal,32,1e-05,0.0001,1,32,1,False,0.2,lr1e-05_bs32_modL1_fusion32_fusionL1_fusionBN0_drop0p2__wd1e-04trmiss40_trlocglobal,66,0.6481171647707621,0.7093910276889801,0.4126984126984127,0.47788263413198434,0.4666666666666667,0.0,0.0,0.0,0.0,0.0,0.0,0.0,0.0,0.0,,,,,18473,global,0.4
2,5,lr1e-05_bs32_modL1_fusion32_fusionL1_fusionBN0_drop0p2__wd1e-04trmiss40_trlocglobal,32,1e-05,0.0001,1,32,1,False,0.2,lr1e-05_bs32_modL1_fusion32_fusionL1_fusionBN0_drop0p2__wd1e-04trmiss40_trlocglobal,67,0.6491153240203857,0.7096448838710785,0.40674603174603174,0.4747927229538379,0.4666666666666667,0.0,0.0,0.0,0.0,0.0,0.0,0.0,0.0,0.0,,,,,18473,global,0.4
2,5,lr1e-05_bs32_modL1_fusion32_fusionL1_fusionBN0_drop0p2__wd1e-04trmiss40_trlocglobal,32,1e-05,0.0001,1,32,1,False,0.2,lr1e-05_bs32_modL1_fusion32_fusionL1_fusionBN0_drop0p2__wd1e-04trmiss40_trlocglobal,68,0.6407515307267507,0.7093468904495239,0.40674603174603174,0.4751849845593348,0.4666666666666667,0.0,0.0,0.0,0.0,0.0,0.0,0.0,0.0,0.0,,,,,18473,global,0.4
2,5,lr1e-05_bs32_modL1_fusion32_fusionL1_fusionBN0_drop0p2__wd1e-04trmiss40_trlocglobal,32,1e-05,0.0001,1,32,1,False,0.2,lr1e-05_bs32_modL1_fusion32_fusionL1_fusionBN0_drop0p2__wd1e-04trmiss40_trlocglobal,69,0.6522874236106873,0.7098300755023956,0.4087301587301588,0.47617704805139827,0.4666666666666667,0.0,0.0,0.0,0.0,0.0,0.0,0.0,0.0,0.0,,,,,18473,global,0.4
2,5,lr1e-05_bs32_modL1_fusion32_fusionL1_fusionBN0_drop0p1__wd1e-04trmiss40_trlocglobal,32,1e-05,0.0001,1,32,1,False,0.1,lr1e-05_bs32_modL1_fusion32_fusionL1_fusionBN0_drop0p1__wd1e-04trmiss40_trlocglobal,1,0.7024427553017935,0.6891636848449707,0.5714285714285714,0.633663995544856,0.6,0.0,0.0,0.0,0.0,0.0,0.0,0.0,0.0,0.0,,,,,18473,global,0.4
2,5,lr1e-05_bs32_modL1_fusion32_fusionL1_fusionBN0_drop0p1__wd1e-04trmiss40_trlocglobal,32,1e-05,0.0001,1,32,1,False,0.1,lr1e-05_bs32_modL1_fusion32_fusionL1_fusionBN0_drop0p1__wd1e-04trmiss40_trlocglobal,2,0.6925969024499258,0.6885871291160583,0.5714285714285714,0.6202816253310905,0.5555555555555556,0.0,0.0,0.0,0.0,0.0,0.0,0.0,0.0,0.0,,,,,18473,global,0.4
2,5,lr1e-05_bs32_modL1_fusion32_fusionL1_fusionBN0_drop0p1__wd1e-04trmiss40_trlocglobal,32,1e-05,0.0001,1,32,1,False,0.1,lr1e-05_bs32_modL1_fusion32_fusionL1_fusionBN0_drop0p1__wd1e-04trmiss40_trlocglobal,3,0.6902251243591309,0.688146322965622,0.5892857142857143,0.628665973050467,0.5555555555555556,0.0,0.0,0.0,0.0,0.0,0.0,0.0,0.0,0.0,,,,,18473,global,0.4
2,5,lr1e-05_bs32_modL1_fusion32_fusionL1_fusionBN0_drop0p1__wd1e-04trmiss40_trlocglobal,32,1e-05,0.0001,1,32,1,False,0.1,lr1e-05_bs32_modL1_fusion32_fusionL1_fusionBN0_drop0p1__wd1e-04trmiss40_trlocglobal,4,0.6857645610968272,0.6874562203884125,0.5873015873015873,0.629152568502918,0.5555555555555556,0.0,0.0,0.0,0.0,0.0,0.0,0.0,0.0,0.0,,,,,18473,global,0.4
2,5,lr1e-05_bs32_modL1_fusion32_fusionL1_fusionBN0_drop0p1__wd1e-04trmiss40_trlocglobal,32,1e-05,0.0001,1,32,1,False,0.1,lr1e-05_bs32_modL1_fusion32_fusionL1_fusionBN0_drop0p1__wd1e-04trmiss40_trlocglobal,5,0.6876054803530375,0.6868191063404083,0.5853174603174603,0.6280958052178939,0.5555555555555556,0.0,0.0,0.0,0.0,0.0,0.0,0.0,0.0,0.0,,,,,18473,global,0.4
2,5,lr1e-05_bs32_modL1_fusion32_fusionL1_fusionBN0_drop0p1__wd1e-04trmiss40_trlocglobal,32,1e-05,0.0001,1,32,1,False,0.1,lr1e-05_bs32_modL1_fusion32_fusionL1_fusionBN0_drop0p1__wd1e-04trmiss40_trlocglobal,6,0.6900314887364706,0.6859228312969208,0.5873015873015873,0.6300055274401161,0.5777777777777777,0.0,0.0,0.0,0.0,0.0,0.0,0.0,0.0,0.0,,,,,18473,global,0.4
2,5,lr1e-05_bs32_modL1_fusion32_fusionL1_fusionBN0_drop0p1__wd1e-04trmiss40_trlocglobal,32,1e-05,0.0001,1,32,1,False,0.1,lr1e-05_bs32_modL1_fusion32_fusionL1_fusionBN0_drop0p1__wd1e-04trmiss40_trlocglobal,7,0.6761261224746704,0.6853679120540619,0.5912698412698414,0.6328630013194555,0.5777777777777777,0.0,0.0,0.0,0.0,0.0,0.0,0.0,0.0,0.0,,,,,18473,global,0.4
2,5,lr1e-05_bs32_modL1_fusion32_fusionL1_fusionBN0_drop0p1__wd1e-04trmiss40_trlocglobal,32,1e-05,0.0001,1,32,1,False,0.1,lr1e-05_bs32_modL1_fusion32_fusionL1_fusionBN0_drop0p1__wd1e-04trmiss40_trlocglobal,8,0.6750857532024384,0.6847709119319916,0.5932539682539681,0.6297349261856318,0.5777777777777777,0.0,0.0,0.0,0.0,0.0,0.0,0.0,0.0,0.0,,,,,18473,global,0.4
2,5,lr1e-05_bs32_modL1_fusion32_fusionL1_fusionBN0_drop0p1__wd1e-04trmiss40_trlocglobal,32,1e-05,0.0001,1,32,1,False,0.1,lr1e-05_bs32_modL1_fusion32_fusionL1_fusionBN0_drop0p1__wd1e-04trmiss40_trlocglobal,9,0.6813146968682607,0.6836411952972412,0.6011904761904763,0.6358811539318064,0.6,0.0,0.0,0.0,0.0,0.0,0.0,0.0,0.0,0.0,,,,,18473,global,0.4
2,5,lr1e-05_bs32_modL1_fusion32_fusionL1_fusionBN0_drop0p1__wd1e-04trmiss40_trlocglobal,32,1e-05,0.0001,1,32,1,False,0.1,lr1e-05_bs32_modL1_fusion32_fusionL1_fusionBN0_drop0p1__wd1e-04trmiss40_trlocglobal,10,0.680688718954722,0.6840309798717499,0.6011904761904763,0.6341844746035482,0.6222222222222222,0.0,0.0,0.0,0.0,0.0,0.0,0.0,0.0,0.0,,,,,18473,global,0.4
2,5,lr1e-05_bs32_modL1_fusion32_fusionL1_fusionBN0_drop0p1__wd1e-04trmiss40_trlocglobal,32,1e-05,0.0001,1,32,1,False,0.1,lr1e-05_bs32_modL1_fusion32_fusionL1_fusionBN0_drop0p1__wd1e-04trmiss40_trlocglobal,11,0.6739935775597891,0.6838099956512451,0.5992063492063492,0.6270572162369998,0.6222222222222222,0.0,0.0,0.0,0.0,0.0,0.0,0.0,0.0,0.0,,,,,18473,global,0.4
2,5,lr1e-05_bs32_modL1_fusion32_fusionL1_fusionBN0_drop0p1__wd1e-04trmiss40_trlocglobal,32,1e-05,0.0001,1,32,1,False,0.1,lr1e-05_bs32_modL1_fusion32_fusionL1_fusionBN0_drop0p1__wd1e-04trmiss40_trlocglobal,12,0.669581413269043,0.6841355860233307,0.5992063492063493,0.6241097020813163,0.6222222222222222,0.0,0.0,0.0,0.0,0.0,0.0,0.0,0.0,0.0,,,,,18473,global,0.4
2,5,lr1e-05_bs32_modL1_fusion32_fusionL1_fusionBN0_drop0p1__wd1e-04trmiss40_trlocglobal,32,1e-05,0.0001,1,32,1,False,0.1,lr1e-05_bs32_modL1_fusion32_fusionL1_fusionBN0_drop0p1__wd1e-04trmiss40_trlocglobal,13,0.6712606251239777,0.6841001510620117,0.5972222222222222,0.6252653252897852,0.6444444444444445,0.0,0.0,0.0,0.0,0.0,0.0,0.0,0.0,0.0,,,,,18473,global,0.4
2,5,lr1e-05_bs32_modL1_fusion32_fusionL1_fusionBN0_drop0p1__wd1e-04trmiss40_trlocglobal,32,1e-05,0.0001,1,32,1,False,0.1,lr1e-05_bs32_modL1_fusion32_fusionL1_fusionBN0_drop0p1__wd1e-04trmiss40_trlocglobal,14,0.6704551577568054,0.6842239797115326,0.6011904761904763,0.6283613005219832,0.6222222222222222,0.0,0.0,0.0,0.0,0.0,0.0,0.0,0.0,0.0,,,,,18473,global,0.4
2,5,lr1e-05_bs32_modL1_fusion32_fusionL1_fusionBN0_drop0p1__wd1e-04trmiss40_trlocglobal,32,1e-05,0.0001,1,32,1,False,0.1,lr1e-05_bs32_modL1_fusion32_fusionL1_fusionBN0_drop0p1__wd1e-04trmiss40_trlocglobal,15,0.6651796499888102,0.6843620538711548,0.5972222222222223,0.6246374198387203,0.6,0.0,0.0,0.0,0.0,0.0,0.0,0.0,0.0,0.0,,,,,18473,global,0.4
2,5,lr1e-05_bs32_modL1_fusion32_fusionL1_fusionBN0_drop0p1__wd1e-04trmiss40_trlocglobal,32,1e-05,0.0001,1,32,1,False,0.1,lr1e-05_bs32_modL1_fusion32_fusionL1_fusionBN0_drop0p1__wd1e-04trmiss40_trlocglobal,16,0.6673696637153625,0.6845939457416534,0.5972222222222222,0.6244746075048555,0.6,0.0,0.0,0.0,0.0,0.0,0.0,0.0,0.0,0.0,,,,,18473,global,0.4
2,5,lr1e-05_bs32_modL1_fusion32_fusionL1_fusionBN0_drop0p1__wd1e-04trmiss40_trlocglobal,32,1e-05,0.0001,1,32,1,False,0.1,lr1e-05_bs32_modL1_fusion32_fusionL1_fusionBN0_drop0p1__wd1e-04trmiss40_trlocglobal,17,0.657640278339386,0.6852347254753113,0.5972222222222222,0.623680447960696,0.6,0.0,0.0,0.0,0.0,0.0,0.0,0.0,0.0,0.0,,,,,18473,global,0.4
2,5,lr1e-05_bs32_modL1_fusion32_fusionL1_fusionBN0_drop0p1__wd1e-04trmiss40_trlocglobal,32,1e-05,0.0001,1,32,1,False,0.1,lr1e-05_bs32_modL1_fusion32_fusionL1_fusionBN0_drop0p1__wd1e-04trmiss40_trlocglobal,18,0.6572544872760773,0.6853587925434113,0.5952380952380952,0.6214596266609274,0.6,0.0,0.0,0.0,0.0,0.0,0.0,0.0,0.0,0.0,,,,,18473,global,0.4
2,5,lr1e-05_bs32_modL1_fusion32_fusionL1_fusionBN0_drop0p1__wd1e-04trmiss40_trlocglobal,32,1e-05,0.0001,1,32,1,False,0.1,lr1e-05_bs32_modL1_fusion32_fusionL1_fusionBN0_drop0p1__wd1e-04trmiss40_trlocglobal,19,0.6544916033744812,0.6859988868236542,0.5833333333333334,0.6160842889158369,0.5555555555555556,0.0,0.0,0.0,0.0,0.0,0.0,0.0,0.0,0.0,,,,,18473,global,0.4
2,5,lr1e-05_bs32_modL1_fusion32_fusionL1_fusionBN0_drop0p1__wd1e-04trmiss40_trlocglobal,32,1e-05,0.0001,1,32,1,False,0.1,lr1e-05_bs32_modL1_fusion32_fusionL1_fusionBN0_drop0p1__wd1e-04trmiss40_trlocglobal,20,0.6569853822390238,0.6859173774719238,0.5833333333333334,0.6156531512564384,0.5333333333333333,0.0,0.0,0.0,0.0,0.0,0.0,0.0,0.0,0.0,,,,,18473,global,0.4
2,5,lr1e-05_bs32_modL1_fusion32_fusionL1_fusionBN0_drop0p1__wd1e-04trmiss40_trlocglobal,32,1e-05,0.0001,1,32,1,False,0.1,lr1e-05_bs32_modL1_fusion32_fusionL1_fusionBN0_drop0p1__wd1e-04trmiss40_trlocglobal,21,0.6573026279608408,0.6860037744045258,0.5853174603174603,0.6165901001100539,0.5333333333333333,0.0,0.0,0.0,0.0,0.0,0.0,0.0,0.0,0.0,,,,,18473,global,0.4
2,5,lr1e-05_bs32_modL1_fusion32_fusionL1_fusionBN0_drop0p1__wd1e-04trmiss40_trlocglobal,32,1e-05,0.0001,1,32,1,False,0.1,lr1e-05_bs32_modL1_fusion32_fusionL1_fusionBN0_drop0p1__wd1e-04trmiss40_trlocglobal,22,0.6512039502461752,0.6862065196037292,0.5833333333333334,0.6151646615135626,0.5555555555555556,0.0,0.0,0.0,0.0,0.0,0.0,0.0,0.0,0.0,,,,,18473,global,0.4
2,5,lr1e-05_bs32_modL1_fusion32_fusionL1_fusionBN0_drop0p1__wd1e-04trmiss40_trlocglobal,32,1e-05,0.0001,1,32,1,False,0.1,lr1e-05_bs32_modL1_fusion32_fusionL1_fusionBN0_drop0p1__wd1e-04trmiss40_trlocglobal,23,0.6509438653786978,0.6861837804317474,0.5793650793650793,0.6129050489598324,0.5555555555555556,0.0,0.0,0.0,0.0,0.0,0.0,0.0,0.0,0.0,,,,,18473,global,0.4
2,5,lr1e-05_bs32_modL1_fusion32_fusionL1_fusionBN0_drop0p1__wd1e-04trmiss40_trlocglobal,32,1e-05,0.0001,1,32,1,False,0.1,lr1e-05_bs32_modL1_fusion32_fusionL1_fusionBN0_drop0p1__wd1e-04trmiss40_trlocglobal,24,0.6541442473729452,0.6865412294864655,0.5793650793650793,0.6135240359434204,0.5555555555555556,0.0,0.0,0.0,0.0,0.0,0.0,0.0,0.0,0.0,,,,,18473,global,0.4
2,5,lr1e-05_bs32_modL1_fusion32_fusionL1_fusionBN0_drop0p1__wd1e-04trmiss40_trlocglobal,32,1e-05,0.0001,1,32,1,False,0.1,lr1e-05_bs32_modL1_fusion32_fusionL1_fusionBN0_drop0p1__wd1e-04trmiss40_trlocglobal,25,0.6478852530320486,0.686493307352066,0.5793650793650793,0.6118712640353567,0.5555555555555556,0.0,0.0,0.0,0.0,0.0,0.0,0.0,0.0,0.0,,,,,18473,global,0.4
2,5,lr1e-05_bs32_modL1_fusion32_fusionL1_fusionBN0_drop0p1__wd1e-04trmiss40_trlocglobal,32,1e-05,0.0001,1,32,1,False,0.1,lr1e-05_bs32_modL1_fusion32_fusionL1_fusionBN0_drop0p1__wd1e-04trmiss40_trlocglobal,26,0.6523901720841726,0.6869305074214935,0.5734126984126984,0.6076895616080403,0.5555555555555556,0.0,0.0,0.0,0.0,0.0,0.0,0.0,0.0,0.0,,,,,18473,global,0.4
2,5,lr1e-05_bs32_modL1_fusion32_fusionL1_fusionBN0_drop0p1__wd1e-04trmiss40_trlocglobal,32,1e-05,0.0001,1,32,1,False,0.1,lr1e-05_bs32_modL1_fusion32_fusionL1_fusionBN0_drop0p1__wd1e-04trmiss40_trlocglobal,27,0.6442254881064097,0.6871465742588043,0.5753968253968255,0.607296209937807,0.5555555555555556,0.0,0.0,0.0,0.0,0.0,0.0,0.0,0.0,0.0,,,,,18473,global,0.4
2,5,lr1e-05_bs32_modL1_fusion32_fusionL1_fusionBN0_drop0p1__wd1e-04trmiss40_trlocglobal,32,1e-05,0.0001,1,32,1,False,0.1,lr1e-05_bs32_modL1_fusion32_fusionL1_fusionBN0_drop0p1__wd1e-04trmiss40_trlocglobal,28,0.6434938112894694,0.6873421370983124,0.5714285714285714,0.6026330607182061,0.5555555555555556,0.0,0.0,0.0,0.0,0.0,0.0,0.0,0.0,0.0,,,,,18473,global,0.4
2,5,lr1e-05_bs32_modL1_fusion32_fusionL1_fusionBN0_drop0p1__wd1e-04trmiss40_trlocglobal,32,1e-05,0.0001,1,32,1,False,0.1,lr1e-05_bs32_modL1_fusion32_fusionL1_fusionBN0_drop0p1__wd1e-04trmiss40_trlocglobal,29,0.6476169725259145,0.6873856484889984,0.5714285714285714,0.6026330607182061,0.5555555555555556,0.0,0.0,0.0,0.0,0.0,0.0,0.0,0.0,0.0,,,,,18473,global,0.4
2,0,lr1e-04_bs32_modL1_fusion32_fusionL1_fusionBN0_drop0p2__wd1e-04trmiss40_trlocglobal,32,0.0001,0.0001,1,32,1,False,0.2,lr1e-04_bs32_modL1_fusion32_fusionL1_fusionBN0_drop0p2__wd1e-04trmiss40_trlocglobal,1,0.706656175000327,,,,,0.0,0.0,0.0,0.0,,,,,,outer_refit,0.5230449716431025,0.535940159036018,0.46875,18473,global,0.4
2,0,lr1e-04_bs32_modL1_fusion32_fusionL1_fusionBN0_drop0p2__wd1e-04trmiss40_trlocglobal,32,0.0001,0.0001,1,32,1,False,0.2,lr1e-04_bs32_modL1_fusion32_fusionL1_fusionBN0_drop0p2__wd1e-04trmiss40_trlocglobal,2,0.6872794883591788,,,,,0.0,0.0,0.0,0.0,,,,,,outer_refit,0.6361530473680006,0.6521411481788927,0.5178571428571429,18473,global,0.4
2,0,lr1e-04_bs32_modL1_fusion32_fusionL1_fusionBN0_drop0p2__wd1e-04trmiss40_trlocglobal,32,0.0001,0.0001,1,32,1,False,0.2,lr1e-04_bs32_modL1_fusion32_fusionL1_fusionBN0_drop0p2__wd1e-04trmiss40_trlocglobal,3,0.6772813626698085,,,,,0.0,0.0,0.0,0.0,,,,,,outer_refit,0.6977134633834345,0.6998077738849472,0.5178571428571429,18473,global,0.4
2,0,lr1e-04_bs32_modL1_fusion32_fusionL1_fusionBN0_drop0p2__wd1e-04trmiss40_trlocglobal,32,0.0001,0.0001,1,32,1,False,0.2,lr1e-04_bs32_modL1_fusion32_fusionL1_fusionBN0_drop0p2__wd1e-04trmiss40_trlocglobal,4,0.6695975661277771,,,,,0.0,0.0,0.0,0.0,,,,,,outer_refit,0.7351295171090504,0.7255189009452605,0.5491071428571429,18473,global,0.4
2,0,lr1e-04_bs32_modL1_fusion32_fusionL1_fusionBN0_drop0p2__wd1e-04trmiss40_trlocglobal,32,0.0001,0.0001,1,32,1,False,0.2,lr1e-04_bs32_modL1_fusion32_fusionL1_fusionBN0_drop0p2__wd1e-04trmiss40_trlocglobal,5,0.6542366913386753,,,,,0.0,0.0,0.0,0.0,,,,,,outer_refit,0.8034857691077709,0.8191646456279844,0.5625,18473,global,0.4
2,0,lr1e-04_bs32_modL1_fusion32_fusionL1_fusionBN0_drop0p2__wd1e-04trmiss40_trlocglobal,32,0.0001,0.0001,1,32,1,False,0.2,lr1e-04_bs32_modL1_fusion32_fusionL1_fusionBN0_drop0p2__wd1e-04trmiss40_trlocglobal,6,0.6519369397844587,,,,,0.0,0.0,0.0,0.0,,,,,,outer_refit,0.8430604413175566,0.8562892178731287,0.5758928571428571,18473,global,0.4
2,0,lr1e-04_bs32_modL1_fusion32_fusionL1_fusionBN0_drop0p2__wd1e-04trmiss40_trlocglobal,32,0.0001,0.0001,1,32,1,False,0.2,lr1e-04_bs32_modL1_fusion32_fusionL1_fusionBN0_drop0p2__wd1e-04trmiss40_trlocglobal,7,0.6479007516588483,,,,,0.0,0.0,0.0,0.0,,,,,,outer_refit,0.8360891445003595,0.8391906756356005,0.6026785714285714,18473,global,0.4
2,0,lr1e-04_bs32_modL1_fusion32_fusionL1_fusionBN0_drop0p2__wd1e-04trmiss40_trlocglobal,32,0.0001,0.0001,1,32,1,False,0.2,lr1e-04_bs32_modL1_fusion32_fusionL1_fusionBN0_drop0p2__wd1e-04trmiss40_trlocglobal,8,0.6408521958759853,,,,,0.0,0.0,0.0,0.0,,,,,,outer_refit,0.8522246185797588,0.8565526608406644,0.6294642857142857,18473,global,0.4
2,0,lr1e-04_bs32_modL1_fusion32_fusionL1_fusionBN0_drop0p2__wd1e-04trmiss40_trlocglobal,32,0.0001,0.0001,1,32,1,False,0.2,lr1e-04_bs32_modL1_fusion32_fusionL1_fusionBN0_drop0p2__wd1e-04trmiss40_trlocglobal,9,0.6362706848553249,,,,,0.0,0.0,0.0,0.0,,,,,,outer_refit,0.8818595734483584,0.8992716034352617,0.6294642857142857,18473,global,0.4
2,0,lr1e-04_bs32_modL1_fusion32_fusionL1_fusionBN0_drop0p2__wd1e-04trmiss40_trlocglobal,32,0.0001,0.0001,1,32,1,False,0.2,lr1e-04_bs32_modL1_fusion32_fusionL1_fusionBN0_drop0p2__wd1e-04trmiss40_trlocglobal,10,0.638693528515952,,,,,0.0,0.0,0.0,0.0,,,,,,outer_refit,0.851215222257755,0.8578302401926403,0.625,18473,global,0.4
2,0,lr1e-04_bs32_modL1_fusion32_fusionL1_fusionBN0_drop0p2__wd1e-04trmiss40_trlocglobal,32,0.0001,0.0001,1,32,1,False,0.2,lr1e-04_bs32_modL1_fusion32_fusionL1_fusionBN0_drop0p2__wd1e-04trmiss40_trlocglobal,11,0.6271861365863255,,,,,0.0,0.0,0.0,0.0,,,,,,outer_refit,0.8862328110009593,0.8907872260968424,0.625,18473,global,0.4
2,0,lr1e-04_bs32_modL1_fusion32_fusionL1_fusionBN0_drop0p2__wd1e-04trmiss40_trlocglobal,32,0.0001,0.0001,1,32,1,False,0.2,lr1e-04_bs32_modL1_fusion32_fusionL1_fusionBN0_drop0p2__wd1e-04trmiss40_trlocglobal,12,0.6318735139710563,,,,,0.0,0.0,0.0,0.0,,,,,,outer_refit,0.8824986021247704,0.8848138510458166,0.6383928571428571,18473,global,0.4
2,0,lr1e-04_bs32_modL1_fusion32_fusionL1_fusionBN0_drop0p2__wd1e-04trmiss40_trlocglobal,32,0.0001,0.0001,1,32,1,False,0.2,lr1e-04_bs32_modL1_fusion32_fusionL1_fusionBN0_drop0p2__wd1e-04trmiss40_trlocglobal,13,0.6304401074137006,,,,,0.0,0.0,0.0,0.0,,,,,,outer_refit,0.8962377186676252,0.8932793489095998,0.65625,18473,global,0.4
2,0,lr1e-04_bs32_modL1_fusion32_fusionL1_fusionBN0_drop0p2__wd1e-04trmiss40_trlocglobal,32,0.0001,0.0001,1,32,1,False,0.2,lr1e-04_bs32_modL1_fusion32_fusionL1_fusionBN0_drop0p2__wd1e-04trmiss40_trlocglobal,14,0.6284341301236834,,,,,0.0,0.0,0.0,0.0,,,,,,outer_refit,0.8894480389807492,0.8996523186034313,0.6294642857142857,18473,global,0.4
2,0,lr1e-04_bs32_modL1_fusion32_fusionL1_fusionBN0_drop0p2__wd1e-04trmiss40_trlocglobal,32,0.0001,0.0001,1,32,1,False,0.2,lr1e-04_bs32_modL1_fusion32_fusionL1_fusionBN0_drop0p2__wd1e-04trmiss40_trlocglobal,15,0.6217766319002423,,,,,0.0,0.0,0.0,0.0,,,,,,outer_refit,0.8896077961498523,0.8848950609076138,0.6696428571428571,18473,global,0.4
2,0,lr1e-04_bs32_modL1_fusion32_fusionL1_fusionBN0_drop0p2__wd1e-04trmiss40_trlocglobal,32,0.0001,0.0001,1,32,1,False,0.2,lr1e-04_bs32_modL1_fusion32_fusionL1_fusionBN0_drop0p2__wd1e-04trmiss40_trlocglobal,16,0.6150642207690648,,,,,0.0,0.0,0.0,0.0,,,,,,outer_refit,0.9325824746385494,0.9354532120337807,0.6428571428571429,18473,global,0.4
3,1,lr1e-04_bs32_modL1_fusion16_fusionL1_fusionBN0_drop0p2__wd1e-04trmiss40_trlocglobal,32,0.0001,0.0001,1,16,1,False,0.2,lr1e-04_bs32_modL1_fusion16_fusionL1_fusionBN0_drop0p2__wd1e-04trmiss40_trlocglobal,1,0.7177640994389852,0.6858237981796265,0.5770750988142292,0.6167687429776495,0.4666666666666667,0.0,0.0,0.0,0.0,0.0,0.0,0.0,0.0,0.0,,,,,18473,global,0.4
3,1,lr1e-04_bs32_modL1_fusion16_fusionL1_fusionBN0_drop0p2__wd1e-04trmiss40_trlocglobal,32,0.0001,0.0001,1,16,1,False,0.2,lr1e-04_bs32_modL1_fusion16_fusionL1_fusionBN0_drop0p2__wd1e-04trmiss40_trlocglobal,2,0.6912936369578043,0.6883269548416138,0.5612648221343873,0.5894461850023207,0.5333333333333333,0.0,0.0,0.0,0.0,0.0,0.0,0.0,0.0,0.0,,,,,18473,global,0.4
3,1,lr1e-04_bs32_modL1_fusion16_fusionL1_fusionBN0_drop0p2__wd1e-04trmiss40_trlocglobal,32,0.0001,0.0001,1,16,1,False,0.2,lr1e-04_bs32_modL1_fusion16_fusionL1_fusionBN0_drop0p2__wd1e-04trmiss40_trlocglobal,3,0.6797976791858673,0.6910855174064636,0.5395256916996047,0.5663612387850075,0.4888888888888889,0.0,0.0,0.0,0.0,0.0,0.0,0.0,0.0,0.0,,,,,18473,global,0.4
3,1,lr1e-04_bs32_modL1_fusion16_fusionL1_fusionBN0_drop0p2__wd1e-04trmiss40_trlocglobal,32,0.0001,0.0001,1,16,1,False,0.2,lr1e-04_bs32_modL1_fusion16_fusionL1_fusionBN0_drop0p2__wd1e-04trmiss40_trlocglobal,4,0.6710332930088043,0.6907926499843597,0.5434782608695653,0.5688580181325087,0.5111111111111111,0.0,0.0,0.0,0.0,0.0,0.0,0.0,0.0,0.0,,,,,18473,global,0.4
3,1,lr1e-04_bs32_modL1_fusion16_fusionL1_fusionBN0_drop0p2__wd1e-04trmiss40_trlocglobal,32,0.0001,0.0001,1,16,1,False,0.2,lr1e-04_bs32_modL1_fusion16_fusionL1_fusionBN0_drop0p2__wd1e-04trmiss40_trlocglobal,5,0.6688728332519531,0.6899848878383636,0.5434782608695652,0.566595295476267,0.4888888888888889,0.0,0.0,0.0,0.0,0.0,0.0,0.0,0.0,0.0,,,,,18473,global,0.4
3,1,lr1e-04_bs32_modL1_fusion16_fusionL1_fusionBN0_drop0p2__wd1e-04trmiss40_trlocglobal,32,0.0001,0.0001,1,16,1,False,0.2,lr1e-04_bs32_modL1_fusion16_fusionL1_fusionBN0_drop0p2__wd1e-04trmiss40_trlocglobal,6,0.6582059264183044,0.6895675659179688,0.5553359683794467,0.5778228157887215,0.5111111111111111,0.0,0.0,0.0,0.0,0.0,0.0,0.0,0.0,0.0,,,,,18473,global,0.4
3,1,lr1e-04_bs32_modL1_fusion16_fusionL1_fusionBN0_drop0p2__wd1e-04trmiss40_trlocglobal,32,0.0001,0.0001,1,16,1,False,0.2,lr1e-04_bs32_modL1_fusion16_fusionL1_fusionBN0_drop0p2__wd1e-04trmiss40_trlocglobal,7,0.6451171338558197,0.6881232559680939,0.5652173913043479,0.5806266391412465,0.4888888888888889,0.0,0.0,0.0,0.0,0.0,0.0,0.0,0.0,0.0,,,,,18473,global,0.4
3,1,lr1e-04_bs32_modL1_fusion16_fusionL1_fusionBN0_drop0p2__wd1e-04trmiss40_trlocglobal,32,0.0001,0.0001,1,16,1,False,0.2,lr1e-04_bs32_modL1_fusion16_fusionL1_fusionBN0_drop0p2__wd1e-04trmiss40_trlocglobal,8,0.6341135799884796,0.6878429353237152,0.5632411067193676,0.5824480025845462,0.4888888888888889,0.0,0.0,0.0,0.0,0.0,0.0,0.0,0.0,0.0,,,,,18473,global,0.4
3,1,lr1e-04_bs32_modL1_fusion16_fusionL1_fusionBN0_drop0p2__wd1e-04trmiss40_trlocglobal,32,0.0001,0.0001,1,16,1,False,0.2,lr1e-04_bs32_modL1_fusion16_fusionL1_fusionBN0_drop0p2__wd1e-04trmiss40_trlocglobal,9,0.6266485949357351,0.6871447563171387,0.5691699604743083,0.5901843389208733,0.4888888888888889,0.0,0.0,0.0,0.0,0.0,0.0,0.0,0.0,0.0,,,,,18473,global,0.4
3,1,lr1e-04_bs32_modL1_fusion16_fusionL1_fusionBN0_drop0p2__wd1e-04trmiss40_trlocglobal,32,0.0001,0.0001,1,16,1,False,0.2,lr1e-04_bs32_modL1_fusion16_fusionL1_fusionBN0_drop0p2__wd1e-04trmiss40_trlocglobal,10,0.6261059443155924,0.6878796517848969,0.5671936758893281,0.5914379091382108,0.5333333333333333,0.0,0.0,0.0,0.0,0.0,0.0,0.0,0.0,0.0,,,,,18473,global,0.4
3,1,lr1e-04_bs32_modL1_fusion16_fusionL1_fusionBN0_drop0p2__wd1e-04trmiss40_trlocglobal,32,0.0001,0.0001,1,16,1,False,0.2,lr1e-04_bs32_modL1_fusion16_fusionL1_fusionBN0_drop0p2__wd1e-04trmiss40_trlocglobal,11,0.6215271651744843,0.6871593594551086,0.5632411067193677,0.5610048659876498,0.5111111111111111,0.0,0.0,0.0,0.0,0.0,0.0,0.0,0.0,0.0,,,,,18473,global,0.4
3,1,lr1e-04_bs32_modL1_fusion16_fusionL1_fusionBN0_drop0p2__wd1e-04trmiss40_trlocglobal,32,0.0001,0.0001,1,16,1,False,0.2,lr1e-04_bs32_modL1_fusion16_fusionL1_fusionBN0_drop0p2__wd1e-04trmiss40_trlocglobal,12,0.6166735390822092,0.6847994029521942,0.5790513833992095,0.5697174810744476,0.5333333333333333,0.0,0.0,0.0,0.0,0.0,0.0,0.0,0.0,0.0,,,,,18473,global,0.4
3,1,lr1e-04_bs32_modL1_fusion16_fusionL1_fusionBN0_drop0p2__wd1e-04trmiss40_trlocglobal,32,0.0001,0.0001,1,16,1,False,0.2,lr1e-04_bs32_modL1_fusion16_fusionL1_fusionBN0_drop0p2__wd1e-04trmiss40_trlocglobal,13,0.6043420433998108,0.6857439875602722,0.5533596837944663,0.5586317879164103,0.5555555555555556,0.0,0.0,0.0,0.0,0.0,0.0,0.0,0.0,0.0,,,,,18473,global,0.4
3,1,lr1e-04_bs32_modL1_fusion16_fusionL1_fusionBN0_drop0p2__wd1e-04trmiss40_trlocglobal,32,0.0001,0.0001,1,16,1,False,0.2,lr1e-04_bs32_modL1_fusion16_fusionL1_fusionBN0_drop0p2__wd1e-04trmiss40_trlocglobal,14,0.6058561305205027,0.6870622634887695,0.5395256916996047,0.5495536398094987,0.5333333333333333,0.0,0.0,0.0,0.0,0.0,0.0,0.0,0.0,0.0,,,,,18473,global,0.4
3,1,lr1e-04_bs32_modL1_fusion16_fusionL1_fusionBN0_drop0p2__wd1e-04trmiss40_trlocglobal,32,0.0001,0.0001,1,16,1,False,0.2,lr1e-04_bs32_modL1_fusion16_fusionL1_fusionBN0_drop0p2__wd1e-04trmiss40_trlocglobal,15,0.5914745132128397,0.6866642832756042,0.549407114624506,0.5584387525649588,0.5555555555555556,0.0,0.0,0.0,0.0,0.0,0.0,0.0,0.0,0.0,,,,,18473,global,0.4
3,1,lr1e-04_bs32_modL1_fusion16_fusionL1_fusionBN0_drop0p2__wd1e-04trmiss40_trlocglobal,32,0.0001,0.0001,1,16,1,False,0.2,lr1e-04_bs32_modL1_fusion16_fusionL1_fusionBN0_drop0p2__wd1e-04trmiss40_trlocglobal,16,0.5959795713424683,0.6847083866596222,0.5592885375494071,0.5624691214726026,0.5333333333333333,0.0,0.0,0.0,0.0,0.0,0.0,0.0,0.0,0.0,,,,,18473,global,0.4
3,1,lr1e-04_bs32_modL1_fusion16_fusionL1_fusionBN0_drop0p2__wd1e-04trmiss40_trlocglobal,32,0.0001,0.0001,1,16,1,False,0.2,lr1e-04_bs32_modL1_fusion16_fusionL1_fusionBN0_drop0p2__wd1e-04trmiss40_trlocglobal,17,0.5915493071079254,0.6822547018527985,0.5790513833992095,0.5736625580804479,0.5555555555555556,0.0,0.0,0.0,0.0,0.0,0.0,0.0,0.0,0.0,,,,,18473,global,0.4
3,1,lr1e-04_bs32_modL1_fusion16_fusionL1_fusionBN0_drop0p2__wd1e-04trmiss40_trlocglobal,32,0.0001,0.0001,1,16,1,False,0.2,lr1e-04_bs32_modL1_fusion16_fusionL1_fusionBN0_drop0p2__wd1e-04trmiss40_trlocglobal,18,0.576207180817922,0.6818879246711731,0.5810276679841897,0.5736156764218447,0.5333333333333333,0.0,0.0,0.0,0.0,0.0,0.0,0.0,0.0,0.0,,,,,18473,global,0.4
3,1,lr1e-04_bs32_modL1_fusion16_fusionL1_fusionBN0_drop0p2__wd1e-04trmiss40_trlocglobal,32,0.0001,0.0001,1,16,1,False,0.2,lr1e-04_bs32_modL1_fusion16_fusionL1_fusionBN0_drop0p2__wd1e-04trmiss40_trlocglobal,19,0.5755833586057028,0.6849128007888794,0.5612648221343874,0.571515731524417,0.5333333333333333,0.0,0.0,0.0,0.0,0.0,0.0,0.0,0.0,0.0,,,,,18473,global,0.4
3,1,lr1e-04_bs32_modL1_fusion16_fusionL1_fusionBN0_drop0p2__wd1e-04trmiss40_trlocglobal,32,0.0001,0.0001,1,16,1,False,0.2,lr1e-04_bs32_modL1_fusion16_fusionL1_fusionBN0_drop0p2__wd1e-04trmiss40_trlocglobal,20,0.5673368076483408,0.6859244704246521,0.5632411067193677,0.5727685547925051,0.5555555555555556,0.0,0.0,0.0,0.0,0.0,0.0,0.0,0.0,0.0,,,,,18473,global,0.4
3,1,lr1e-04_bs32_modL1_fusion16_fusionL1_fusionBN0_drop0p2__wd1e-04trmiss40_trlocglobal,32,0.0001,0.0001,1,16,1,False,0.2,lr1e-04_bs32_modL1_fusion16_fusionL1_fusionBN0_drop0p2__wd1e-04trmiss40_trlocglobal,21,0.5646280348300934,0.686181515455246,0.5434782608695652,0.5589963341799051,0.5333333333333333,0.0,0.0,0.0,0.0,0.0,0.0,0.0,0.0,0.0,,,,,18473,global,0.4
3,1,lr1e-04_bs32_modL1_fusion16_fusionL1_fusionBN0_drop0p2__wd1e-04trmiss40_trlocglobal,32,0.0001,0.0001,1,16,1,False,0.2,lr1e-04_bs32_modL1_fusion16_fusionL1_fusionBN0_drop0p2__wd1e-04trmiss40_trlocglobal,22,0.5634852945804596,0.6814763844013214,0.5731225296442688,0.5645661861277184,0.5555555555555556,0.0,0.0,0.0,0.0,0.0,0.0,0.0,0.0,0.0,,,,,18473,global,0.4
3,1,lr1e-04_bs32_modL1_fusion16_fusionL1_fusionBN0_drop0p2__wd1e-04trmiss40_trlocglobal,32,0.0001,0.0001,1,16,1,False,0.2,lr1e-04_bs32_modL1_fusion16_fusionL1_fusionBN0_drop0p2__wd1e-04trmiss40_trlocglobal,23,0.5536971588929495,0.6816290616989136,0.5928853754940712,0.578312154940588,0.5555555555555556,0.0,0.0,0.0,0.0,0.0,0.0,0.0,0.0,0.0,,,,,18473,global,0.4
3,1,lr1e-04_bs32_modL1_fusion16_fusionL1_fusionBN0_drop0p2__wd1e-04trmiss40_trlocglobal,32,0.0001,0.0001,1,16,1,False,0.2,lr1e-04_bs32_modL1_fusion16_fusionL1_fusionBN0_drop0p2__wd1e-04trmiss40_trlocglobal,24,0.5496025284131368,0.6854624450206757,0.5671936758893281,0.557987028089536,0.5555555555555556,0.0,0.0,0.0,0.0,0.0,0.0,0.0,0.0,0.0,,,,,18473,global,0.4
3,1,lr1e-04_bs32_modL1_fusion16_fusionL1_fusionBN0_drop0p2__wd1e-04trmiss40_trlocglobal,32,0.0001,0.0001,1,16,1,False,0.2,lr1e-04_bs32_modL1_fusion16_fusionL1_fusionBN0_drop0p2__wd1e-04trmiss40_trlocglobal,25,0.5459297001361847,0.6849470138549805,0.5612648221343873,0.5517505202896652,0.5555555555555556,0.0,0.0,0.0,0.0,0.0,0.0,0.0,0.0,0.0,,,,,18473,global,0.4
3,1,lr1e-04_bs32_modL1_fusion16_fusionL1_fusionBN0_drop0p2__wd1e-04trmiss40_trlocglobal,32,0.0001,0.0001,1,16,1,False,0.2,lr1e-04_bs32_modL1_fusion16_fusionL1_fusionBN0_drop0p2__wd1e-04trmiss40_trlocglobal,26,0.5433876862128576,0.6844070851802826,0.5691699604743083,0.5702833310121674,0.5555555555555556,0.0,0.0,0.0,0.0,0.0,0.0,0.0,0.0,0.0,,,,,18473,global,0.4
3,1,lr1e-04_bs32_modL1_fusion16_fusionL1_fusionBN0_drop0p2__wd1e-04trmiss40_trlocglobal,32,0.0001,0.0001,1,16,1,False,0.2,lr1e-04_bs32_modL1_fusion16_fusionL1_fusionBN0_drop0p2__wd1e-04trmiss40_trlocglobal,27,0.543617824713389,0.6880581080913544,0.5612648221343873,0.559188621385887,0.5333333333333333,0.0,0.0,0.0,0.0,0.0,0.0,0.0,0.0,0.0,,,,,18473,global,0.4
3,1,lr1e-04_bs32_modL1_fusion16_fusionL1_fusionBN0_drop0p2__wd1e-04trmiss40_trlocglobal,32,0.0001,0.0001,1,16,1,False,0.2,lr1e-04_bs32_modL1_fusion16_fusionL1_fusionBN0_drop0p2__wd1e-04trmiss40_trlocglobal,28,0.5433761775493622,0.6883311569690704,0.5632411067193677,0.5525638701509441,0.5555555555555556,0.0,0.0,0.0,0.0,0.0,0.0,0.0,0.0,0.0,,,,,18473,global,0.4
3,1,lr1e-04_bs32_modL1_fusion16_fusionL1_fusionBN0_drop0p2__wd1e-04trmiss40_trlocglobal,32,0.0001,0.0001,1,16,1,False,0.2,lr1e-04_bs32_modL1_fusion16_fusionL1_fusionBN0_drop0p2__wd1e-04trmiss40_trlocglobal,29,0.5386197865009308,0.6832316815853119,0.5731225296442688,0.555978240980995,0.5555555555555556,0.0,0.0,0.0,0.0,0.0,0.0,0.0,0.0,0.0,,,,,18473,global,0.4
3,1,lr1e-04_bs32_modL1_fusion16_fusionL1_fusionBN0_drop0p2__wd1e-04trmiss40_trlocglobal,32,0.0001,0.0001,1,16,1,False,0.2,lr1e-04_bs32_modL1_fusion16_fusionL1_fusionBN0_drop0p2__wd1e-04trmiss40_trlocglobal,30,0.5246617098649343,0.680377721786499,0.5889328063241106,0.5742538077011042,0.5333333333333333,0.0,0.0,0.0,0.0,0.0,0.0,0.0,0.0,0.0,,,,,18473,global,0.4
3,1,lr1e-04_bs32_modL1_fusion16_fusionL1_fusionBN0_drop0p2__wd1e-04trmiss40_trlocglobal,32,0.0001,0.0001,1,16,1,False,0.2,lr1e-04_bs32_modL1_fusion16_fusionL1_fusionBN0_drop0p2__wd1e-04trmiss40_trlocglobal,31,0.5229861537615458,0.6815681755542755,0.5731225296442688,0.5713696451318938,0.5111111111111111,0.0,0.0,0.0,0.0,0.0,0.0,0.0,0.0,0.0,,,,,18473,global,0.4
3,1,lr1e-04_bs32_modL1_fusion16_fusionL1_fusionBN0_drop0p2__wd1e-04trmiss40_trlocglobal,32,0.0001,0.0001,1,16,1,False,0.2,lr1e-04_bs32_modL1_fusion16_fusionL1_fusionBN0_drop0p2__wd1e-04trmiss40_trlocglobal,32,0.5160199602444967,0.6838409602642059,0.5691699604743082,0.5699343051095973,0.5111111111111111,0.0,0.0,0.0,0.0,0.0,0.0,0.0,0.0,0.0,,,,,18473,global,0.4
3,1,lr1e-04_bs32_modL1_fusion16_fusionL1_fusionBN0_drop0p2__wd1e-04trmiss40_trlocglobal,32,0.0001,0.0001,1,16,1,False,0.2,lr1e-04_bs32_modL1_fusion16_fusionL1_fusionBN0_drop0p2__wd1e-04trmiss40_trlocglobal,33,0.510922243197759,0.6859888732433319,0.5731225296442688,0.5749497042426435,0.4888888888888889,0.0,0.0,0.0,0.0,0.0,0.0,0.0,0.0,0.0,,,,,18473,global,0.4
3,1,lr1e-04_bs32_modL1_fusion16_fusionL1_fusionBN0_drop0p2__wd1e-04trmiss40_trlocglobal,32,0.0001,0.0001,1,16,1,False,0.2,lr1e-04_bs32_modL1_fusion16_fusionL1_fusionBN0_drop0p2__wd1e-04trmiss40_trlocglobal,34,0.509766067067782,0.6856541335582733,0.5731225296442688,0.5758665230005416,0.5555555555555556,0.0,0.0,0.0,0.0,0.0,0.0,0.0,0.0,0.0,,,,,18473,global,0.4
3,1,lr1e-04_bs32_modL1_fusion16_fusionL1_fusionBN0_drop0p2__wd1e-04trmiss40_trlocglobal,32,0.0001,0.0001,1,16,1,False,0.2,lr1e-04_bs32_modL1_fusion16_fusionL1_fusionBN0_drop0p2__wd1e-04trmiss40_trlocglobal,35,0.5015773226817449,0.6852955520153046,0.5790513833992095,0.5765724534345648,0.5333333333333333,0.0,0.0,0.0,0.0,0.0,0.0,0.0,0.0,0.0,,,,,18473,global,0.4
3,1,lr1e-04_bs32_modL1_fusion16_fusionL1_fusionBN0_drop0p2__wd1e-04trmiss40_trlocglobal,32,0.0001,0.0001,1,16,1,False,0.2,lr1e-04_bs32_modL1_fusion16_fusionL1_fusionBN0_drop0p2__wd1e-04trmiss40_trlocglobal,36,0.5057836174964905,0.6899744868278503,0.5711462450592886,0.5627388034733902,0.5333333333333333,0.0,0.0,0.0,0.0,0.0,0.0,0.0,0.0,0.0,,,,,18473,global,0.4
3,1,lr1e-04_bs32_modL1_fusion16_fusionL1_fusionBN0_drop0p2__wd1e-04trmiss40_trlocglobal,32,0.0001,0.0001,1,16,1,False,0.2,lr1e-04_bs32_modL1_fusion16_fusionL1_fusionBN0_drop0p2__wd1e-04trmiss40_trlocglobal,37,0.4926871508359909,0.6906042397022247,0.5691699604743083,0.5580066745301814,0.5333333333333333,0.0,0.0,0.0,0.0,0.0,0.0,0.0,0.0,0.0,,,,,18473,global,0.4
3,1,lr1e-04_bs32_modL1_fusion16_fusionL1_fusionBN0_drop0p2__wd1e-04trmiss40_trlocglobal,32,0.0001,0.0001,1,16,1,False,0.2,lr1e-04_bs32_modL1_fusion16_fusionL1_fusionBN0_drop0p2__wd1e-04trmiss40_trlocglobal,38,0.48004597922166187,0.691209614276886,0.5691699604743083,0.556871543154288,0.5333333333333333,0.0,0.0,0.0,0.0,0.0,0.0,0.0,0.0,0.0,,,,,18473,global,0.4
3,1,lr1e-04_bs32_modL1_fusion16_fusionL1_fusionBN0_drop0p2__wd1e-04trmiss40_trlocglobal,32,0.0001,0.0001,1,16,1,False,0.2,lr1e-04_bs32_modL1_fusion16_fusionL1_fusionBN0_drop0p2__wd1e-04trmiss40_trlocglobal,39,0.48739800850550336,0.6907027661800385,0.5671936758893281,0.5459746841309987,0.5333333333333333,0.0,0.0,0.0,0.0,0.0,0.0,0.0,0.0,0.0,,,,,18473,global,0.4
3,1,lr1e-04_bs32_modL1_fusion16_fusionL1_fusionBN0_drop0p2__wd1e-04trmiss40_trlocglobal,32,0.0001,0.0001,1,16,1,False,0.2,lr1e-04_bs32_modL1_fusion16_fusionL1_fusionBN0_drop0p2__wd1e-04trmiss40_trlocglobal,40,0.4909246365229289,0.6908312439918518,0.5691699604743083,0.5490678608494951,0.5111111111111111,0.0,0.0,0.0,0.0,0.0,0.0,0.0,0.0,0.0,,,,,18473,global,0.4
3,1,lr1e-04_bs32_modL1_fusion16_fusionL1_fusionBN0_drop0p2__wd1e-04trmiss40_trlocglobal,32,0.0001,0.0001,1,16,1,False,0.2,lr1e-04_bs32_modL1_fusion16_fusionL1_fusionBN0_drop0p2__wd1e-04trmiss40_trlocglobal,41,0.4939689636230469,0.6924309134483337,0.5632411067193677,0.5426929506965346,0.5111111111111111,0.0,0.0,0.0,0.0,0.0,0.0,0.0,0.0,0.0,,,,,18473,global,0.4
3,1,lr1e-04_bs32_modL1_fusion16_fusionL1_fusionBN0_drop0p2__wd1e-04trmiss40_trlocglobal,32,0.0001,0.0001,1,16,1,False,0.2,lr1e-04_bs32_modL1_fusion16_fusionL1_fusionBN0_drop0p2__wd1e-04trmiss40_trlocglobal,42,0.4776225636402766,0.6928172409534454,0.5671936758893281,0.5509935036447032,0.5111111111111111,0.0,0.0,0.0,0.0,0.0,0.0,0.0,0.0,0.0,,,,,18473,global,0.4
3,1,lr1e-04_bs32_modL1_fusion16_fusionL1_fusionBN0_drop0p2__wd1e-04trmiss40_trlocglobal,32,0.0001,0.0001,1,16,1,False,0.2,lr1e-04_bs32_modL1_fusion16_fusionL1_fusionBN0_drop0p2__wd1e-04trmiss40_trlocglobal,43,0.4751324752966563,0.6966568827629089,0.5592885375494072,0.543453769051657,0.5111111111111111,0.0,0.0,0.0,0.0,0.0,0.0,0.0,0.0,0.0,,,,,18473,global,0.4
3,1,lr1e-04_bs32_modL1_fusion16_fusionL1_fusionBN0_drop0p1__wd1e-04trmiss40_trlocglobal,32,0.0001,0.0001,1,16,1,False,0.1,lr1e-04_bs32_modL1_fusion16_fusionL1_fusionBN0_drop0p1__wd1e-04trmiss40_trlocglobal,1,0.7362693548202515,0.7121604681015015,0.5494071146245059,0.5412298757373677,0.4888888888888889,0.0,0.0,0.0,0.0,0.0,0.0,0.0,0.0,0.0,,,,,18473,global,0.4
3,1,lr1e-04_bs32_modL1_fusion16_fusionL1_fusionBN0_drop0p1__wd1e-04trmiss40_trlocglobal,32,0.0001,0.0001,1,16,1,False,0.1,lr1e-04_bs32_modL1_fusion16_fusionL1_fusionBN0_drop0p1__wd1e-04trmiss40_trlocglobal,2,0.7013612687587738,0.7194424867630005,0.48814229249011853,0.5271866006715434,0.4888888888888889,0.0,0.0,0.0,0.0,0.0,0.0,0.0,0.0,0.0,,,,,18473,global,0.4
3,1,lr1e-04_bs32_modL1_fusion16_fusionL1_fusionBN0_drop0p1__wd1e-04trmiss40_trlocglobal,32,0.0001,0.0001,1,16,1,False,0.1,lr1e-04_bs32_modL1_fusion16_fusionL1_fusionBN0_drop0p1__wd1e-04trmiss40_trlocglobal,3,0.695129801829656,0.7221367955207825,0.4881422924901186,0.5323315712994878,0.4888888888888889,0.0,0.0,0.0,0.0,0.0,0.0,0.0,0.0,0.0,,,,,18473,global,0.4
3,1,lr1e-04_bs32_modL1_fusion16_fusionL1_fusionBN0_drop0p1__wd1e-04trmiss40_trlocglobal,32,0.0001,0.0001,1,16,1,False,0.1,lr1e-04_bs32_modL1_fusion16_fusionL1_fusionBN0_drop0p1__wd1e-04trmiss40_trlocglobal,4,0.6833559075991312,0.7227481305599213,0.49604743083003955,0.5313275713802309,0.4888888888888889,0.0,0.0,0.0,0.0,0.0,0.0,0.0,0.0,0.0,,,,,18473,global,0.4
3,1,lr1e-04_bs32_modL1_fusion16_fusionL1_fusionBN0_drop0p1__wd1e-04trmiss40_trlocglobal,32,0.0001,0.0001,1,16,1,False,0.1,lr1e-04_bs32_modL1_fusion16_fusionL1_fusionBN0_drop0p1__wd1e-04trmiss40_trlocglobal,5,0.6690698862075806,0.7236064374446869,0.47430830039525695,0.4909915669391785,0.4888888888888889,0.0,0.0,0.0,0.0,0.0,0.0,0.0,0.0,0.0,,,,,18473,global,0.4
3,1,lr1e-04_bs32_modL1_fusion16_fusionL1_fusionBN0_drop0p1__wd1e-04trmiss40_trlocglobal,32,0.0001,0.0001,1,16,1,False,0.1,lr1e-04_bs32_modL1_fusion16_fusionL1_fusionBN0_drop0p1__wd1e-04trmiss40_trlocglobal,6,0.6559254129727682,0.7187009453773499,0.4960474308300395,0.4967441410956755,0.4888888888888889,0.0,0.0,0.0,0.0,0.0,0.0,0.0,0.0,0.0,,,,,18473,global,0.4
3,1,lr1e-04_bs32_modL1_fusion16_fusionL1_fusionBN0_drop0p1__wd1e-04trmiss40_trlocglobal,32,0.0001,0.0001,1,16,1,False,0.1,lr1e-04_bs32_modL1_fusion16_fusionL1_fusionBN0_drop0p1__wd1e-04trmiss40_trlocglobal,7,0.6332763930161794,0.717546671628952,0.5059288537549408,0.49989345797520157,0.4888888888888889,0.0,0.0,0.0,0.0,0.0,0.0,0.0,0.0,0.0,,,,,18473,global,0.4
3,1,lr1e-04_bs32_modL1_fusion16_fusionL1_fusionBN0_drop0p1__wd1e-04trmiss40_trlocglobal,32,0.0001,0.0001,1,16,1,False,0.1,lr1e-04_bs32_modL1_fusion16_fusionL1_fusionBN0_drop0p1__wd1e-04trmiss40_trlocglobal,8,0.6305282513300577,0.7182905077934265,0.5059288537549407,0.5011965272231491,0.4666666666666667,0.0,0.0,0.0,0.0,0.0,0.0,0.0,0.0,0.0,,,,,18473,global,0.4
3,1,lr1e-04_bs32_modL1_fusion16_fusionL1_fusionBN0_drop0p1__wd1e-04trmiss40_trlocglobal,32,0.0001,0.0001,1,16,1,False,0.1,lr1e-04_bs32_modL1_fusion16_fusionL1_fusionBN0_drop0p1__wd1e-04trmiss40_trlocglobal,9,0.6177265743414561,0.7210448980331421,0.4841897233201581,0.4838621423173088,0.4666666666666667,0.0,0.0,0.0,0.0,0.0,0.0,0.0,0.0,0.0,,,,,18473,global,0.4
3,1,lr1e-04_bs32_modL1_fusion16_fusionL1_fusionBN0_drop0p1__wd1e-04trmiss40_trlocglobal,32,0.0001,0.0001,1,16,1,False,0.1,lr1e-04_bs32_modL1_fusion16_fusionL1_fusionBN0_drop0p1__wd1e-04trmiss40_trlocglobal,10,0.6124779383341471,0.7215761542320251,0.4920948616600791,0.48744275662179876,0.4666666666666667,0.0,0.0,0.0,0.0,0.0,0.0,0.0,0.0,0.0,,,,,18473,global,0.4
3,1,lr1e-04_bs32_modL1_fusion16_fusionL1_fusionBN0_drop0p1__wd1e-04trmiss40_trlocglobal,32,0.0001,0.0001,1,16,1,False,0.1,lr1e-04_bs32_modL1_fusion16_fusionL1_fusionBN0_drop0p1__wd1e-04trmiss40_trlocglobal,11,0.6077743768692017,0.7201232016086578,0.492094861660079,0.4832329712678866,0.4666666666666667,0.0,0.0,0.0,0.0,0.0,0.0,0.0,0.0,0.0,,,,,18473,global,0.4
3,1,lr1e-04_bs32_modL1_fusion16_fusionL1_fusionBN0_drop0p1__wd1e-04trmiss40_trlocglobal,32,0.0001,0.0001,1,16,1,False,0.1,lr1e-04_bs32_modL1_fusion16_fusionL1_fusionBN0_drop0p1__wd1e-04trmiss40_trlocglobal,12,0.5978698333104452,0.7206583023071289,0.4703557312252965,0.47164994334921456,0.4666666666666667,0.0,0.0,0.0,0.0,0.0,0.0,0.0,0.0,0.0,,,,,18473,global,0.4
3,1,lr1e-04_bs32_modL1_fusion16_fusionL1_fusionBN0_drop0p1__wd1e-04trmiss40_trlocglobal,32,0.0001,0.0001,1,16,1,False,0.1,lr1e-04_bs32_modL1_fusion16_fusionL1_fusionBN0_drop0p1__wd1e-04trmiss40_trlocglobal,13,0.5864210228125254,0.7216566801071167,0.4624505928853755,0.4714146302487218,0.4666666666666667,0.0,0.0,0.0,0.0,0.0,0.0,0.0,0.0,0.0,,,,,18473,global,0.4
3,1,lr1e-04_bs32_modL1_fusion16_fusionL1_fusionBN0_drop0p1__wd1e-04trmiss40_trlocglobal,32,0.0001,0.0001,1,16,1,False,0.1,lr1e-04_bs32_modL1_fusion16_fusionL1_fusionBN0_drop0p1__wd1e-04trmiss40_trlocglobal,14,0.579677035411199,0.7207313776016235,0.46640316205533594,0.47329965884950015,0.4444444444444444,0.0,0.0,0.0,0.0,0.0,0.0,0.0,0.0,0.0,,,,,18473,global,0.4
3,1,lr1e-04_bs32_modL1_fusion16_fusionL1_fusionBN0_drop0p1__wd1e-04trmiss40_trlocglobal,32,0.0001,0.0001,1,16,1,False,0.1,lr1e-04_bs32_modL1_fusion16_fusionL1_fusionBN0_drop0p1__wd1e-04trmiss40_trlocglobal,15,0.5801330407460531,0.7185607552528381,0.46837944664031617,0.4747981393649939,0.4444444444444444,0.0,0.0,0.0,0.0,0.0,0.0,0.0,0.0,0.0,,,,,18473,global,0.4
3,1,lr1e-04_bs32_modL1_fusion16_fusionL1_fusionBN0_drop0p1__wd1e-04trmiss40_trlocglobal,32,0.0001,0.0001,1,16,1,False,0.1,lr1e-04_bs32_modL1_fusion16_fusionL1_fusionBN0_drop0p1__wd1e-04trmiss40_trlocglobal,16,0.572288821140925,0.7185361087322235,0.46640316205533594,0.47453338882261514,0.4666666666666667,0.0,0.0,0.0,0.0,0.0,0.0,0.0,0.0,0.0,,,,,18473,global,0.4
3,1,lr1e-04_bs32_modL1_fusion16_fusionL1_fusionBN0_drop0p1__wd1e-04trmiss40_trlocglobal,32,0.0001,0.0001,1,16,1,False,0.1,lr1e-04_bs32_modL1_fusion16_fusionL1_fusionBN0_drop0p1__wd1e-04trmiss40_trlocglobal,17,0.5592169860998789,0.7197776138782501,0.46640316205533594,0.4756938943802738,0.4666666666666667,0.0,0.0,0.0,0.0,0.0,0.0,0.0,0.0,0.0,,,,,18473,global,0.4
3,1,lr1e-04_bs32_modL1_fusion16_fusionL1_fusionBN0_drop0p1__wd1e-04trmiss40_trlocglobal,32,0.0001,0.0001,1,16,1,False,0.1,lr1e-04_bs32_modL1_fusion16_fusionL1_fusionBN0_drop0p1__wd1e-04trmiss40_trlocglobal,18,0.546226809422175,0.7205972075462341,0.4624505928853755,0.4745438362098782,0.4666666666666667,0.0,0.0,0.0,0.0,0.0,0.0,0.0,0.0,0.0,,,,,18473,global,0.4
3,1,lr1e-04_bs32_modL1_fusion16_fusionL1_fusionBN0_drop0p1__wd1e-04trmiss40_trlocglobal,32,0.0001,0.0001,1,16,1,False,0.1,lr1e-04_bs32_modL1_fusion16_fusionL1_fusionBN0_drop0p1__wd1e-04trmiss40_trlocglobal,19,0.5454264481862386,0.721020519733429,0.45849802371541504,0.4708652196284813,0.4666666666666667,0.0,0.0,0.0,0.0,0.0,0.0,0.0,0.0,0.0,,,,,18473,global,0.4
3,1,lr1e-04_bs32_modL1_fusion16_fusionL1_fusionBN0_drop0p1__wd1e-04trmiss40_trlocglobal,32,0.0001,0.0001,1,16,1,False,0.1,lr1e-04_bs32_modL1_fusion16_fusionL1_fusionBN0_drop0p1__wd1e-04trmiss40_trlocglobal,20,0.5431036651134491,0.7206852734088898,0.4565217391304348,0.4707376941976246,0.4666666666666667,0.0,0.0,0.0,0.0,0.0,0.0,0.0,0.0,0.0,,,,,18473,global,0.4
3,1,lr1e-04_bs32_modL1_fusion16_fusionL1_fusionBN0_drop0p1__wd1e-04trmiss40_trlocglobal,32,0.0001,0.0001,1,16,1,False,0.1,lr1e-04_bs32_modL1_fusion16_fusionL1_fusionBN0_drop0p1__wd1e-04trmiss40_trlocglobal,21,0.5350909332434336,0.7251915037631989,0.4367588932806324,0.46560843989263306,0.4666666666666667,0.0,0.0,0.0,0.0,0.0,0.0,0.0,0.0,0.0,,,,,18473,global,0.4
3,1,lr1e-04_bs32_modL1_fusion16_fusionL1_fusionBN0_drop0p1__wd1e-04trmiss40_trlocglobal,32,0.0001,0.0001,1,16,1,False,0.1,lr1e-04_bs32_modL1_fusion16_fusionL1_fusionBN0_drop0p1__wd1e-04trmiss40_trlocglobal,22,0.5316283901532491,0.7248656451702118,0.4387351778656126,0.4655161631251645,0.4666666666666667,0.0,0.0,0.0,0.0,0.0,0.0,0.0,0.0,0.0,,,,,18473,global,0.4
3,1,lr1e-04_bs32_modL1_fusion16_fusionL1_fusionBN0_drop0p1__wd1e-04trmiss40_trlocglobal,32,0.0001,0.0001,1,16,1,False,0.1,lr1e-04_bs32_modL1_fusion16_fusionL1_fusionBN0_drop0p1__wd1e-04trmiss40_trlocglobal,23,0.530195285876592,0.7255797386169434,0.4268774703557312,0.45381974254288204,0.4666666666666667,0.0,0.0,0.0,0.0,0.0,0.0,0.0,0.0,0.0,,,,,18473,global,0.4
3,1,lr1e-04_bs32_modL1_fusion16_fusionL1_fusionBN0_drop0p1__wd1e-04trmiss40_trlocglobal,32,0.0001,0.0001,1,16,1,False,0.1,lr1e-04_bs32_modL1_fusion16_fusionL1_fusionBN0_drop0p1__wd1e-04trmiss40_trlocglobal,24,0.5200146238009135,0.7244578301906586,0.43083003952569177,0.4588669782104782,0.4444444444444444,0.0,0.0,0.0,0.0,0.0,0.0,0.0,0.0,0.0,,,,,18473,global,0.4
3,1,lr1e-04_bs32_modL1_fusion16_fusionL1_fusionBN0_drop0p1__wd1e-04trmiss40_trlocglobal,32,0.0001,0.0001,1,16,1,False,0.1,lr1e-04_bs32_modL1_fusion16_fusionL1_fusionBN0_drop0p1__wd1e-04trmiss40_trlocglobal,25,0.5128296365340551,0.7201391756534576,0.4565217391304348,0.46910157871532315,0.4444444444444444,0.0,0.0,0.0,0.0,0.0,0.0,0.0,0.0,0.0,,,,,18473,global,0.4
3,1,lr1e-04_bs32_modL1_fusion16_fusionL1_fusionBN0_drop0p1__wd1e-04trmiss40_trlocglobal,32,0.0001,0.0001,1,16,1,False,0.1,lr1e-04_bs32_modL1_fusion16_fusionL1_fusionBN0_drop0p1__wd1e-04trmiss40_trlocglobal,26,0.5073919345935186,0.7217327356338501,0.4525691699604743,0.46916419949742166,0.4666666666666667,0.0,0.0,0.0,0.0,0.0,0.0,0.0,0.0,0.0,,,,,18473,global,0.4
3,1,lr1e-04_bs32_modL1_fusion16_fusionL1_fusionBN0_drop0p1__wd1e-04trmiss40_trlocglobal,32,0.0001,0.0001,1,16,1,False,0.1,lr1e-04_bs32_modL1_fusion16_fusionL1_fusionBN0_drop0p1__wd1e-04trmiss40_trlocglobal,27,0.5026289323965708,0.7203073799610138,0.4565217391304348,0.47654842920609647,0.4666666666666667,0.0,0.0,0.0,0.0,0.0,0.0,0.0,0.0,0.0,,,,,18473,global,0.4
3,1,lr1e-04_bs32_modL1_fusion32_fusionL1_fusionBN0_drop0p2__wd1e-04trmiss40_trlocglobal,32,0.0001,0.0001,1,32,1,False,0.2,lr1e-04_bs32_modL1_fusion32_fusionL1_fusionBN0_drop0p2__wd1e-04trmiss40_trlocglobal,1,0.7048873901367188,0.6931221783161163,0.5098814229249012,0.5258106571053501,0.5111111111111111,0.0,0.0,0.0,0.0,0.0,0.0,0.0,0.0,0.0,,,,,18473,global,0.4
3,1,lr1e-04_bs32_modL1_fusion32_fusionL1_fusionBN0_drop0p2__wd1e-04trmiss40_trlocglobal,32,0.0001,0.0001,1,32,1,False,0.2,lr1e-04_bs32_modL1_fusion32_fusionL1_fusionBN0_drop0p2__wd1e-04trmiss40_trlocglobal,2,0.6766617596149445,0.6939548552036285,0.4762845849802371,0.4975016941102808,0.4222222222222222,0.0,0.0,0.0,0.0,0.0,0.0,0.0,0.0,0.0,,,,,18473,global,0.4
3,1,lr1e-04_bs32_modL1_fusion32_fusionL1_fusionBN0_drop0p2__wd1e-04trmiss40_trlocglobal,32,0.0001,0.0001,1,32,1,False,0.2,lr1e-04_bs32_modL1_fusion32_fusionL1_fusionBN0_drop0p2__wd1e-04trmiss40_trlocglobal,3,0.6655283470948538,0.696520060300827,0.4782608695652174,0.5000633773424341,0.4,0.0,0.0,0.0,0.0,0.0,0.0,0.0,0.0,0.0,,,,,18473,global,0.4
3,1,lr1e-04_bs32_modL1_fusion32_fusionL1_fusionBN0_drop0p2__wd1e-04trmiss40_trlocglobal,32,0.0001,0.0001,1,32,1,False,0.2,lr1e-04_bs32_modL1_fusion32_fusionL1_fusionBN0_drop0p2__wd1e-04trmiss40_trlocglobal,4,0.6710784335931143,0.6976123452186584,0.47035573122529645,0.500729338041354,0.4222222222222222,0.0,0.0,0.0,0.0,0.0,0.0,0.0,0.0,0.0,,,,,18473,global,0.4
3,1,lr1e-04_bs32_modL1_fusion32_fusionL1_fusionBN0_drop0p2__wd1e-04trmiss40_trlocglobal,32,0.0001,0.0001,1,32,1,False,0.2,lr1e-04_bs32_modL1_fusion32_fusionL1_fusionBN0_drop0p2__wd1e-04trmiss40_trlocglobal,5,0.6462951898574829,0.6975452601909637,0.4565217391304348,0.4973686620396508,0.4888888888888889,0.0,0.0,0.0,0.0,0.0,0.0,0.0,0.0,0.0,,,,,18473,global,0.4
3,1,lr1e-04_bs32_modL1_fusion32_fusionL1_fusionBN0_drop0p2__wd1e-04trmiss40_trlocglobal,32,0.0001,0.0001,1,32,1,False,0.2,lr1e-04_bs32_modL1_fusion32_fusionL1_fusionBN0_drop0p2__wd1e-04trmiss40_trlocglobal,6,0.6479934354623159,0.6961982548236847,0.47430830039525695,0.5113488704068246,0.4666666666666667,0.0,0.0,0.0,0.0,0.0,0.0,0.0,0.0,0.0,,,,,18473,global,0.4
3,1,lr1e-04_bs32_modL1_fusion32_fusionL1_fusionBN0_drop0p2__wd1e-04trmiss40_trlocglobal,32,0.0001,0.0001,1,32,1,False,0.2,lr1e-04_bs32_modL1_fusion32_fusionL1_fusionBN0_drop0p2__wd1e-04trmiss40_trlocglobal,7,0.6304416159788767,0.6939572095870972,0.4861660079051383,0.5280982151216919,0.5111111111111111,0.0,0.0,0.0,0.0,0.0,0.0,0.0,0.0,0.0,,,,,18473,global,0.4
3,1,lr1e-04_bs32_modL1_fusion32_fusionL1_fusionBN0_drop0p2__wd1e-04trmiss40_trlocglobal,32,0.0001,0.0001,1,32,1,False,0.2,lr1e-04_bs32_modL1_fusion32_fusionL1_fusionBN0_drop0p2__wd1e-04trmiss40_trlocglobal,8,0.6351164976755778,0.6949372887611389,0.4861660079051384,0.5246529798543742,0.5111111111111111,0.0,0.0,0.0,0.0,0.0,0.0,0.0,0.0,0.0,,,,,18473,global,0.4
3,1,lr1e-04_bs32_modL1_fusion32_fusionL1_fusionBN0_drop0p2__wd1e-04trmiss40_trlocglobal,32,0.0001,0.0001,1,32,1,False,0.2,lr1e-04_bs32_modL1_fusion32_fusionL1_fusionBN0_drop0p2__wd1e-04trmiss40_trlocglobal,9,0.6208761036396027,0.6968922019004822,0.4920948616600791,0.5371182287929797,0.5111111111111111,0.0,0.0,0.0,0.0,0.0,0.0,0.0,0.0,0.0,,,,,18473,global,0.4
3,1,lr1e-04_bs32_modL1_fusion32_fusionL1_fusionBN0_drop0p2__wd1e-04trmiss40_trlocglobal,32,0.0001,0.0001,1,32,1,False,0.2,lr1e-04_bs32_modL1_fusion32_fusionL1_fusionBN0_drop0p2__wd1e-04trmiss40_trlocglobal,10,0.6161773999532064,0.699945867061615,0.4762845849802372,0.5273567150103925,0.4888888888888889,0.0,0.0,0.0,0.0,0.0,0.0,0.0,0.0,0.0,,,,,18473,global,0.4
3,1,lr1e-04_bs32_modL1_fusion32_fusionL1_fusionBN0_drop0p2__wd1e-04trmiss40_trlocglobal,32,0.0001,0.0001,1,32,1,False,0.2,lr1e-04_bs32_modL1_fusion32_fusionL1_fusionBN0_drop0p2__wd1e-04trmiss40_trlocglobal,11,0.6081244250138601,0.7011851966381073,0.48616600790513836,0.5389830113146228,0.4888888888888889,0.0,0.0,0.0,0.0,0.0,0.0,0.0,0.0,0.0,,,,,18473,global,0.4
3,1,lr1e-04_bs32_modL1_fusion32_fusionL1_fusionBN0_drop0p2__wd1e-04trmiss40_trlocglobal,32,0.0001,0.0001,1,32,1,False,0.2,lr1e-04_bs32_modL1_fusion32_fusionL1_fusionBN0_drop0p2__wd1e-04trmiss40_trlocglobal,12,0.6117263833681742,0.7007234990596771,0.49209486166007904,0.5438918338947105,0.4666666666666667,0.0,0.0,0.0,0.0,0.0,0.0,0.0,0.0,0.0,,,,,18473,global,0.4
3,1,lr1e-04_bs32_modL1_fusion32_fusionL1_fusionBN0_drop0p2__wd1e-04trmiss40_trlocglobal,32,0.0001,0.0001,1,32,1,False,0.2,lr1e-04_bs32_modL1_fusion32_fusionL1_fusionBN0_drop0p2__wd1e-04trmiss40_trlocglobal,13,0.5957119365533193,0.6991197764873505,0.4980237154150197,0.548950531652059,0.4888888888888889,0.0,0.0,0.0,0.0,0.0,0.0,0.0,0.0,0.0,,,,,18473,global,0.4
3,1,lr1e-04_bs32_modL1_fusion32_fusionL1_fusionBN0_drop0p2__wd1e-04trmiss40_trlocglobal,32,0.0001,0.0001,1,32,1,False,0.2,lr1e-04_bs32_modL1_fusion32_fusionL1_fusionBN0_drop0p2__wd1e-04trmiss40_trlocglobal,14,0.5854319334030151,0.6983031928539276,0.5,0.5436874441501337,0.5111111111111111,0.0,0.0,0.0,0.0,0.0,0.0,0.0,0.0,0.0,,,,,18473,global,0.4
3,1,lr1e-04_bs32_modL1_fusion32_fusionL1_fusionBN0_drop0p2__wd1e-04trmiss40_trlocglobal,32,0.0001,0.0001,1,32,1,False,0.2,lr1e-04_bs32_modL1_fusion32_fusionL1_fusionBN0_drop0p2__wd1e-04trmiss40_trlocglobal,15,0.5867475767930349,0.6991803646087646,0.48814229249011853,0.5395002971684281,0.5111111111111111,0.0,0.0,0.0,0.0,0.0,0.0,0.0,0.0,0.0,,,,,18473,global,0.4
3,1,lr1e-04_bs32_modL1_fusion32_fusionL1_fusionBN0_drop0p2__wd1e-04trmiss40_trlocglobal,32,0.0001,0.0001,1,32,1,False,0.2,lr1e-04_bs32_modL1_fusion32_fusionL1_fusionBN0_drop0p2__wd1e-04trmiss40_trlocglobal,16,0.581094870964686,0.7004167437553406,0.4920948616600791,0.5418233422680436,0.4888888888888889,0.0,0.0,0.0,0.0,0.0,0.0,0.0,0.0,0.0,,,,,18473,global,0.4
3,1,lr1e-04_bs32_modL1_fusion32_fusionL1_fusionBN0_drop0p2__wd1e-04trmiss40_trlocglobal,32,0.0001,0.0001,1,32,1,False,0.2,lr1e-04_bs32_modL1_fusion32_fusionL1_fusionBN0_drop0p2__wd1e-04trmiss40_trlocglobal,17,0.5653861065705618,0.7003529071807861,0.5,0.549991672413881,0.5111111111111111,0.0,0.0,0.0,0.0,0.0,0.0,0.0,0.0,0.0,,,,,18473,global,0.4
3,1,lr1e-04_bs32_modL1_fusion32_fusionL1_fusionBN0_drop0p2__wd1e-04trmiss40_trlocglobal,32,0.0001,0.0001,1,32,1,False,0.2,lr1e-04_bs32_modL1_fusion32_fusionL1_fusionBN0_drop0p2__wd1e-04trmiss40_trlocglobal,18,0.5674035946528116,0.6991745233535767,0.5,0.5489793719112579,0.4888888888888889,0.0,0.0,0.0,0.0,0.0,0.0,0.0,0.0,0.0,,,,,18473,global,0.4
3,1,lr1e-04_bs32_modL1_fusion32_fusionL1_fusionBN0_drop0p2__wd1e-04trmiss40_trlocglobal,32,0.0001,0.0001,1,32,1,False,0.2,lr1e-04_bs32_modL1_fusion32_fusionL1_fusionBN0_drop0p2__wd1e-04trmiss40_trlocglobal,19,0.5545201599597931,0.6987236738204956,0.4881422924901186,0.5370656640478819,0.4666666666666667,0.0,0.0,0.0,0.0,0.0,0.0,0.0,0.0,0.0,,,,,18473,global,0.4
3,1,lr1e-04_bs32_modL1_fusion32_fusionL1_fusionBN0_drop0p2__wd1e-04trmiss40_trlocglobal,32,0.0001,0.0001,1,32,1,False,0.2,lr1e-04_bs32_modL1_fusion32_fusionL1_fusionBN0_drop0p2__wd1e-04trmiss40_trlocglobal,20,0.5473305980364481,0.7000481486320496,0.4940711462450593,0.5419371133067226,0.4888888888888889,0.0,0.0,0.0,0.0,0.0,0.0,0.0,0.0,0.0,,,,,18473,global,0.4
3,1,lr1e-04_bs32_modL1_fusion32_fusionL1_fusionBN0_drop0p2__wd1e-04trmiss40_trlocglobal,32,0.0001,0.0001,1,32,1,False,0.2,lr1e-04_bs32_modL1_fusion32_fusionL1_fusionBN0_drop0p2__wd1e-04trmiss40_trlocglobal,21,0.5517452955245972,0.7018414735794067,0.5197628458498024,0.5595495721159806,0.5555555555555556,0.0,0.0,0.0,0.0,0.0,0.0,0.0,0.0,0.0,,,,,18473,global,0.4
3,1,lr1e-04_bs32_modL1_fusion32_fusionL1_fusionBN0_drop0p2__wd1e-04trmiss40_trlocglobal,32,0.0001,0.0001,1,32,1,False,0.2,lr1e-04_bs32_modL1_fusion32_fusionL1_fusionBN0_drop0p2__wd1e-04trmiss40_trlocglobal,22,0.5462521612644196,0.6991559863090515,0.5217391304347826,0.5571816231982472,0.5333333333333333,0.0,0.0,0.0,0.0,0.0,0.0,0.0,0.0,0.0,,,,,18473,global,0.4
3,1,lr1e-04_bs32_modL1_fusion32_fusionL1_fusionBN0_drop0p2__wd1e-04trmiss40_trlocglobal,32,0.0001,0.0001,1,32,1,False,0.2,lr1e-04_bs32_modL1_fusion32_fusionL1_fusionBN0_drop0p2__wd1e-04trmiss40_trlocglobal,23,0.5440418422222137,0.6954514980316162,0.5296442687747036,0.5645818683650349,0.4888888888888889,0.0,0.0,0.0,0.0,0.0,0.0,0.0,0.0,0.0,,,,,18473,global,0.4
3,1,lr1e-04_bs32_modL1_fusion32_fusionL1_fusionBN0_drop0p2__wd1e-04trmiss40_trlocglobal,32,0.0001,0.0001,1,32,1,False,0.2,lr1e-04_bs32_modL1_fusion32_fusionL1_fusionBN0_drop0p2__wd1e-04trmiss40_trlocglobal,24,0.5318289895852407,0.7005308270454407,0.4980237154150197,0.5428502000415049,0.4888888888888889,0.0,0.0,0.0,0.0,0.0,0.0,0.0,0.0,0.0,,,,,18473,global,0.4
3,1,lr1e-04_bs32_modL1_fusion32_fusionL1_fusionBN0_drop0p2__wd1e-04trmiss40_trlocglobal,32,0.0001,0.0001,1,32,1,False,0.2,lr1e-04_bs32_modL1_fusion32_fusionL1_fusionBN0_drop0p2__wd1e-04trmiss40_trlocglobal,25,0.532030055920283,0.702677309513092,0.5079051383399209,0.5490621464866788,0.5111111111111111,0.0,0.0,0.0,0.0,0.0,0.0,0.0,0.0,0.0,,,,,18473,global,0.4
3,1,lr1e-04_bs32_modL1_fusion32_fusionL1_fusionBN0_drop0p2__wd1e-04trmiss40_trlocglobal,32,0.0001,0.0001,1,32,1,False,0.2,lr1e-04_bs32_modL1_fusion32_fusionL1_fusionBN0_drop0p2__wd1e-04trmiss40_trlocglobal,26,0.5239297250906626,0.703947901725769,0.5,0.5427748996741331,0.5333333333333333,0.0,0.0,0.0,0.0,0.0,0.0,0.0,0.0,0.0,,,,,18473,global,0.4
3,1,lr1e-04_bs32_modL1_fusion32_fusionL1_fusionBN0_drop0p2__wd1e-04trmiss40_trlocglobal,32,0.0001,0.0001,1,32,1,False,0.2,lr1e-04_bs32_modL1_fusion32_fusionL1_fusionBN0_drop0p2__wd1e-04trmiss40_trlocglobal,27,0.5139212210973104,0.7034069299697876,0.4980237154150198,0.5388805730851103,0.4888888888888889,0.0,0.0,0.0,0.0,0.0,0.0,0.0,0.0,0.0,,,,,18473,global,0.4
3,1,lr1e-04_bs32_modL1_fusion32_fusionL1_fusionBN0_drop0p2__wd1e-04trmiss40_trlocglobal,32,0.0001,0.0001,1,32,1,False,0.2,lr1e-04_bs32_modL1_fusion32_fusionL1_fusionBN0_drop0p2__wd1e-04trmiss40_trlocglobal,28,0.5133760720491409,0.7019991278648376,0.5079051383399209,0.5428218880877123,0.4888888888888889,0.0,0.0,0.0,0.0,0.0,0.0,0.0,0.0,0.0,,,,,18473,global,0.4
3,1,lr1e-04_bs32_modL1_fusion32_fusionL1_fusionBN0_drop0p2__wd1e-04trmiss40_trlocglobal,32,0.0001,0.0001,1,32,1,False,0.2,lr1e-04_bs32_modL1_fusion32_fusionL1_fusionBN0_drop0p2__wd1e-04trmiss40_trlocglobal,29,0.4952053080002467,0.705030083656311,0.5138339920948617,0.5443405268450366,0.5111111111111111,0.0,0.0,0.0,0.0,0.0,0.0,0.0,0.0,0.0,,,,,18473,global,0.4
3,1,lr1e-04_bs32_modL1_fusion32_fusionL1_fusionBN0_drop0p2__wd1e-04trmiss40_trlocglobal,32,0.0001,0.0001,1,32,1,False,0.2,lr1e-04_bs32_modL1_fusion32_fusionL1_fusionBN0_drop0p2__wd1e-04trmiss40_trlocglobal,30,0.5050568729639053,0.7123338878154755,0.4723320158102766,0.5314370092450051,0.4888888888888889,0.0,0.0,0.0,0.0,0.0,0.0,0.0,0.0,0.0,,,,,18473,global,0.4
3,1,lr1e-04_bs32_modL1_fusion32_fusionL1_fusionBN0_drop0p2__wd1e-04trmiss40_trlocglobal,32,0.0001,0.0001,1,32,1,False,0.2,lr1e-04_bs32_modL1_fusion32_fusionL1_fusionBN0_drop0p2__wd1e-04trmiss40_trlocglobal,31,0.4877700408299764,0.7128705382347107,0.48023715415019763,0.5316705244732307,0.4666666666666667,0.0,0.0,0.0,0.0,0.0,0.0,0.0,0.0,0.0,,,,,18473,global,0.4
3,1,lr1e-04_bs32_modL1_fusion32_fusionL1_fusionBN0_drop0p2__wd1e-04trmiss40_trlocglobal,32,0.0001,0.0001,1,32,1,False,0.2,lr1e-04_bs32_modL1_fusion32_fusionL1_fusionBN0_drop0p2__wd1e-04trmiss40_trlocglobal,32,0.48575138052304584,0.7091236412525177,0.4920948616600791,0.535509962444847,0.5111111111111111,0.0,0.0,0.0,0.0,0.0,0.0,0.0,0.0,0.0,,,,,18473,global,0.4
3,1,lr1e-04_bs32_modL1_fusion32_fusionL1_fusionBN0_drop0p2__wd1e-04trmiss40_trlocglobal,32,0.0001,0.0001,1,32,1,False,0.2,lr1e-04_bs32_modL1_fusion32_fusionL1_fusionBN0_drop0p2__wd1e-04trmiss40_trlocglobal,33,0.48668064673741657,0.7094820439815521,0.5039525691699605,0.5417164843712119,0.4888888888888889,0.0,0.0,0.0,0.0,0.0,0.0,0.0,0.0,0.0,,,,,18473,global,0.4
3,1,lr1e-04_bs32_modL1_fusion32_fusionL1_fusionBN0_drop0p2__wd1e-04trmiss40_trlocglobal,32,0.0001,0.0001,1,32,1,False,0.2,lr1e-04_bs32_modL1_fusion32_fusionL1_fusionBN0_drop0p2__wd1e-04trmiss40_trlocglobal,34,0.48950940867265064,0.7098767757415771,0.5098814229249011,0.5520177057650726,0.5333333333333333,0.0,0.0,0.0,0.0,0.0,0.0,0.0,0.0,0.0,,,,,18473,global,0.4
3,1,lr1e-04_bs32_modL1_fusion32_fusionL1_fusionBN0_drop0p2__wd1e-04trmiss40_trlocglobal,32,0.0001,0.0001,1,32,1,False,0.2,lr1e-04_bs32_modL1_fusion32_fusionL1_fusionBN0_drop0p2__wd1e-04trmiss40_trlocglobal,35,0.47415338456630707,0.7102407217025757,0.5098814229249011,0.5457150829045583,0.5111111111111111,0.0,0.0,0.0,0.0,0.0,0.0,0.0,0.0,0.0,,,,,18473,global,0.4
3,1,lr1e-04_bs32_modL1_fusion32_fusionL1_fusionBN0_drop0p2__wd1e-04trmiss40_trlocglobal,32,0.0001,0.0001,1,32,1,False,0.2,lr1e-04_bs32_modL1_fusion32_fusionL1_fusionBN0_drop0p2__wd1e-04trmiss40_trlocglobal,36,0.4665312220652898,0.7106219232082367,0.5098814229249011,0.5513789982371852,0.5111111111111111,0.0,0.0,0.0,0.0,0.0,0.0,0.0,0.0,0.0,,,,,18473,global,0.4
3,1,lr1e-04_bs32_modL1_fusion32_fusionL1_fusionBN0_drop0p2__wd1e-04trmiss40_trlocglobal,32,0.0001,0.0001,1,32,1,False,0.2,lr1e-04_bs32_modL1_fusion32_fusionL1_fusionBN0_drop0p2__wd1e-04trmiss40_trlocglobal,37,0.4539453685283661,0.7147970795631409,0.4881422924901186,0.5279899606937767,0.4666666666666667,0.0,0.0,0.0,0.0,0.0,0.0,0.0,0.0,0.0,,,,,18473,global,0.4
3,1,lr1e-04_bs32_modL1_fusion32_fusionL1_fusionBN0_drop0p2__wd1e-04trmiss40_trlocglobal,32,0.0001,0.0001,1,32,1,False,0.2,lr1e-04_bs32_modL1_fusion32_fusionL1_fusionBN0_drop0p2__wd1e-04trmiss40_trlocglobal,38,0.4618379871050517,0.7208360731601715,0.48023715415019763,0.5282491437610937,0.4666666666666667,0.0,0.0,0.0,0.0,0.0,0.0,0.0,0.0,0.0,,,,,18473,global,0.4
3,1,lr1e-04_bs32_modL1_fusion32_fusionL1_fusionBN0_drop0p2__wd1e-04trmiss40_trlocglobal,32,0.0001,0.0001,1,32,1,False,0.2,lr1e-04_bs32_modL1_fusion32_fusionL1_fusionBN0_drop0p2__wd1e-04trmiss40_trlocglobal,39,0.44773725668589276,0.7221851050853729,0.48023715415019763,0.5254198385592247,0.5333333333333333,0.0,0.0,0.0,0.0,0.0,0.0,0.0,0.0,0.0,,,,,18473,global,0.4
3,1,lr1e-04_bs32_modL1_fusion32_fusionL1_fusionBN0_drop0p2__wd1e-04trmiss40_trlocglobal,32,0.0001,0.0001,1,32,1,False,0.2,lr1e-04_bs32_modL1_fusion32_fusionL1_fusionBN0_drop0p2__wd1e-04trmiss40_trlocglobal,40,0.4517468710740407,0.7214733362197876,0.48221343873517786,0.5207629379053226,0.5111111111111111,0.0,0.0,0.0,0.0,0.0,0.0,0.0,0.0,0.0,,,,,18473,global,0.4
3,1,lr1e-04_bs32_modL1_fusion32_fusionL1_fusionBN0_drop0p2__wd1e-04trmiss40_trlocglobal,32,0.0001,0.0001,1,32,1,False,0.2,lr1e-04_bs32_modL1_fusion32_fusionL1_fusionBN0_drop0p2__wd1e-04trmiss40_trlocglobal,41,0.45816337565581006,0.7214406728744507,0.47826086956521735,0.5209757283355043,0.5111111111111111,0.0,0.0,0.0,0.0,0.0,0.0,0.0,0.0,0.0,,,,,18473,global,0.4
3,1,lr1e-04_bs32_modL1_fusion32_fusionL1_fusionBN0_drop0p2__wd1e-04trmiss40_trlocglobal,32,0.0001,0.0001,1,32,1,False,0.2,lr1e-04_bs32_modL1_fusion32_fusionL1_fusionBN0_drop0p2__wd1e-04trmiss40_trlocglobal,42,0.4483478218317032,0.7214863300323486,0.4762845849802371,0.5186213584939222,0.4888888888888889,0.0,0.0,0.0,0.0,0.0,0.0,0.0,0.0,0.0,,,,,18473,global,0.4
3,1,lr1e-04_bs32_modL1_fusion32_fusionL1_fusionBN0_drop0p2__wd1e-04trmiss40_trlocglobal,32,0.0001,0.0001,1,32,1,False,0.2,lr1e-04_bs32_modL1_fusion32_fusionL1_fusionBN0_drop0p2__wd1e-04trmiss40_trlocglobal,43,0.42058368523915607,0.724461168050766,0.47430830039525695,0.515887606322389,0.5111111111111111,0.0,0.0,0.0,0.0,0.0,0.0,0.0,0.0,0.0,,,,,18473,global,0.4
3,1,lr1e-04_bs32_modL1_fusion32_fusionL1_fusionBN0_drop0p1__wd1e-04trmiss40_trlocglobal,32,0.0001,0.0001,1,32,1,False,0.1,lr1e-04_bs32_modL1_fusion32_fusionL1_fusionBN0_drop0p1__wd1e-04trmiss40_trlocglobal,1,0.7034470935662588,0.698142945766449,0.5158102766798418,0.5389947032996144,0.4666666666666667,0.0,0.0,0.0,0.0,0.0,0.0,0.0,0.0,0.0,,,,,18473,global,0.4
3,1,lr1e-04_bs32_modL1_fusion32_fusionL1_fusionBN0_drop0p1__wd1e-04trmiss40_trlocglobal,32,0.0001,0.0001,1,32,1,False,0.1,lr1e-04_bs32_modL1_fusion32_fusionL1_fusionBN0_drop0p1__wd1e-04trmiss40_trlocglobal,2,0.6773629585901896,0.6986563801765442,0.5237154150197628,0.5505427141139502,0.5111111111111111,0.0,0.0,0.0,0.0,0.0,0.0,0.0,0.0,0.0,,,,,18473,global,0.4
3,1,lr1e-04_bs32_modL1_fusion32_fusionL1_fusionBN0_drop0p1__wd1e-04trmiss40_trlocglobal,32,0.0001,0.0001,1,32,1,False,0.1,lr1e-04_bs32_modL1_fusion32_fusionL1_fusionBN0_drop0p1__wd1e-04trmiss40_trlocglobal,3,0.6638914148012797,0.6973476111888885,0.5415019762845851,0.568936863899469,0.5333333333333333,0.0,0.0,0.0,0.0,0.0,0.0,0.0,0.0,0.0,,,,,18473,global,0.4
3,1,lr1e-04_bs32_modL1_fusion32_fusionL1_fusionBN0_drop0p1__wd1e-04trmiss40_trlocglobal,32,0.0001,0.0001,1,32,1,False,0.1,lr1e-04_bs32_modL1_fusion32_fusionL1_fusionBN0_drop0p1__wd1e-04trmiss40_trlocglobal,4,0.6627482970555624,0.6945359706878662,0.5691699604743083,0.5881582055848846,0.5333333333333333,0.0,0.0,0.0,0.0,0.0,0.0,0.0,0.0,0.0,,,,,18473,global,0.4
3,1,lr1e-04_bs32_modL1_fusion32_fusionL1_fusionBN0_drop0p1__wd1e-04trmiss40_trlocglobal,32,0.0001,0.0001,1,32,1,False,0.1,lr1e-04_bs32_modL1_fusion32_fusionL1_fusionBN0_drop0p1__wd1e-04trmiss40_trlocglobal,5,0.6490210791428884,0.6915881931781769,0.5533596837944664,0.5859089444600398,0.5333333333333333,0.0,0.0,0.0,0.0,0.0,0.0,0.0,0.0,0.0,,,,,18473,global,0.4
3,1,lr1e-04_bs32_modL1_fusion32_fusionL1_fusionBN0_drop0p1__wd1e-04trmiss40_trlocglobal,32,0.0001,0.0001,1,32,1,False,0.1,lr1e-04_bs32_modL1_fusion32_fusionL1_fusionBN0_drop0p1__wd1e-04trmiss40_trlocglobal,6,0.6427209575970968,0.6895619034767151,0.5711462450592886,0.6301349308603719,0.5555555555555556,0.0,0.0,0.0,0.0,0.0,0.0,0.0,0.0,0.0,,,,,18473,global,0.4
3,1,lr1e-04_bs32_modL1_fusion32_fusionL1_fusionBN0_drop0p1__wd1e-04trmiss40_trlocglobal,32,0.0001,0.0001,1,32,1,False,0.1,lr1e-04_bs32_modL1_fusion32_fusionL1_fusionBN0_drop0p1__wd1e-04trmiss40_trlocglobal,7,0.6365364988644918,0.6889734268188477,0.5632411067193676,0.6240117522578877,0.5111111111111111,0.0,0.0,0.0,0.0,0.0,0.0,0.0,0.0,0.0,,,,,18473,global,0.4
3,1,lr1e-04_bs32_modL1_fusion32_fusionL1_fusionBN0_drop0p1__wd1e-04trmiss40_trlocglobal,32,0.0001,0.0001,1,32,1,False,0.1,lr1e-04_bs32_modL1_fusion32_fusionL1_fusionBN0_drop0p1__wd1e-04trmiss40_trlocglobal,8,0.6236784060796102,0.6872253715991974,0.5691699604743083,0.6394335059502699,0.5111111111111111,0.0,0.0,0.0,0.0,0.0,0.0,0.0,0.0,0.0,,,,,18473,global,0.4
3,1,lr1e-04_bs32_modL1_fusion32_fusionL1_fusionBN0_drop0p1__wd1e-04trmiss40_trlocglobal,32,0.0001,0.0001,1,32,1,False,0.1,lr1e-04_bs32_modL1_fusion32_fusionL1_fusionBN0_drop0p1__wd1e-04trmiss40_trlocglobal,9,0.6215745707352957,0.6846286952495575,0.5731225296442687,0.6452284196805199,0.5333333333333333,0.0,0.0,0.0,0.0,0.0,0.0,0.0,0.0,0.0,,,,,18473,global,0.4
3,1,lr1e-04_bs32_modL1_fusion32_fusionL1_fusionBN0_drop0p1__wd1e-04trmiss40_trlocglobal,32,0.0001,0.0001,1,32,1,False,0.1,lr1e-04_bs32_modL1_fusion32_fusionL1_fusionBN0_drop0p1__wd1e-04trmiss40_trlocglobal,10,0.6103433767954508,0.682158499956131,0.6007905138339921,0.6660148439390028,0.5333333333333333,0.0,0.0,0.0,0.0,0.0,0.0,0.0,0.0,0.0,,,,,18473,global,0.4
3,1,lr1e-04_bs32_modL1_fusion32_fusionL1_fusionBN0_drop0p1__wd1e-04trmiss40_trlocglobal,32,0.0001,0.0001,1,32,1,False,0.1,lr1e-04_bs32_modL1_fusion32_fusionL1_fusionBN0_drop0p1__wd1e-04trmiss40_trlocglobal,11,0.6062700549761454,0.6810678243637085,0.5928853754940712,0.6583239472632346,0.5555555555555556,0.0,0.0,0.0,0.0,0.0,0.0,0.0,0.0,0.0,,,,,18473,global,0.4
3,1,lr1e-04_bs32_modL1_fusion32_fusionL1_fusionBN0_drop0p1__wd1e-04trmiss40_trlocglobal,32,0.0001,0.0001,1,32,1,False,0.1,lr1e-04_bs32_modL1_fusion32_fusionL1_fusionBN0_drop0p1__wd1e-04trmiss40_trlocglobal,12,0.59906338651975,0.6790736317634583,0.616600790513834,0.6860596649201309,0.5555555555555556,0.0,0.0,0.0,0.0,0.0,0.0,0.0,0.0,0.0,,,,,18473,global,0.4
3,1,lr1e-04_bs32_modL1_fusion32_fusionL1_fusionBN0_drop0p1__wd1e-04trmiss40_trlocglobal,32,0.0001,0.0001,1,32,1,False,0.1,lr1e-04_bs32_modL1_fusion32_fusionL1_fusionBN0_drop0p1__wd1e-04trmiss40_trlocglobal,13,0.5907681981722513,0.6762365102767944,0.6304347826086957,0.6920987464882858,0.6,0.0,0.0,0.0,0.0,0.0,0.0,0.0,0.0,0.0,,,,,18473,global,0.4
3,1,lr1e-04_bs32_modL1_fusion32_fusionL1_fusionBN0_drop0p1__wd1e-04trmiss40_trlocglobal,32,0.0001,0.0001,1,32,1,False,0.1,lr1e-04_bs32_modL1_fusion32_fusionL1_fusionBN0_drop0p1__wd1e-04trmiss40_trlocglobal,14,0.5797604620456696,0.677409440279007,0.6086956521739131,0.6797954604269721,0.5555555555555556,0.0,0.0,0.0,0.0,0.0,0.0,0.0,0.0,0.0,,,,,18473,global,0.4
3,1,lr1e-04_bs32_modL1_fusion32_fusionL1_fusionBN0_drop0p1__wd1e-04trmiss40_trlocglobal,32,0.0001,0.0001,1,32,1,False,0.1,lr1e-04_bs32_modL1_fusion32_fusionL1_fusionBN0_drop0p1__wd1e-04trmiss40_trlocglobal,15,0.5725640257199606,0.6786941289901733,0.5909090909090908,0.6672634452701085,0.5777777777777777,0.0,0.0,0.0,0.0,0.0,0.0,0.0,0.0,0.0,,,,,18473,global,0.4
3,1,lr1e-04_bs32_modL1_fusion32_fusionL1_fusionBN0_drop0p1__wd1e-04trmiss40_trlocglobal,32,0.0001,0.0001,1,32,1,False,0.1,lr1e-04_bs32_modL1_fusion32_fusionL1_fusionBN0_drop0p1__wd1e-04trmiss40_trlocglobal,16,0.5748230814933777,0.6775439381599426,0.6106719367588933,0.680030110677535,0.5333333333333333,0.0,0.0,0.0,0.0,0.0,0.0,0.0,0.0,0.0,,,,,18473,global,0.4
3,1,lr1e-04_bs32_modL1_fusion32_fusionL1_fusionBN0_drop0p1__wd1e-04trmiss40_trlocglobal,32,0.0001,0.0001,1,32,1,False,0.1,lr1e-04_bs32_modL1_fusion32_fusionL1_fusionBN0_drop0p1__wd1e-04trmiss40_trlocglobal,17,0.563724676767985,0.6770523488521576,0.6047430830039526,0.6765715271739433,0.5555555555555556,0.0,0.0,0.0,0.0,0.0,0.0,0.0,0.0,0.0,,,,,18473,global,0.4
3,1,lr1e-04_bs32_modL1_fusion32_fusionL1_fusionBN0_drop0p1__wd1e-04trmiss40_trlocglobal,32,0.0001,0.0001,1,32,1,False,0.1,lr1e-04_bs32_modL1_fusion32_fusionL1_fusionBN0_drop0p1__wd1e-04trmiss40_trlocglobal,18,0.5571208496888479,0.6757705807685852,0.6067193675889329,0.6754305438394831,0.5555555555555556,0.0,0.0,0.0,0.0,0.0,0.0,0.0,0.0,0.0,,,,,18473,global,0.4
3,1,lr1e-04_bs32_modL1_fusion32_fusionL1_fusionBN0_drop0p1__wd1e-04trmiss40_trlocglobal,32,0.0001,0.0001,1,32,1,False,0.1,lr1e-04_bs32_modL1_fusion32_fusionL1_fusionBN0_drop0p1__wd1e-04trmiss40_trlocglobal,19,0.5470020274321238,0.6791332960128784,0.5988142292490118,0.6737343669573291,0.5777777777777777,0.0,0.0,0.0,0.0,0.0,0.0,0.0,0.0,0.0,,,,,18473,global,0.4
3,1,lr1e-04_bs32_modL1_fusion32_fusionL1_fusionBN0_drop0p1__wd1e-04trmiss40_trlocglobal,32,0.0001,0.0001,1,32,1,False,0.1,lr1e-04_bs32_modL1_fusion32_fusionL1_fusionBN0_drop0p1__wd1e-04trmiss40_trlocglobal,20,0.5534032682577769,0.6808465421199799,0.5849802371541502,0.6691327197648366,0.5111111111111111,0.0,0.0,0.0,0.0,0.0,0.0,0.0,0.0,0.0,,,,,18473,global,0.4
3,1,lr1e-04_bs32_modL1_fusion32_fusionL1_fusionBN0_drop0p1__wd1e-04trmiss40_trlocglobal,32,0.0001,0.0001,1,32,1,False,0.1,lr1e-04_bs32_modL1_fusion32_fusionL1_fusionBN0_drop0p1__wd1e-04trmiss40_trlocglobal,21,0.5377016365528107,0.6767782270908356,0.6086956521739131,0.6770534880034322,0.5777777777777777,0.0,0.0,0.0,0.0,0.0,0.0,0.0,0.0,0.0,,,,,18473,global,0.4
3,1,lr1e-04_bs32_modL1_fusion32_fusionL1_fusionBN0_drop0p1__wd1e-04trmiss40_trlocglobal,32,0.0001,0.0001,1,32,1,False,0.1,lr1e-04_bs32_modL1_fusion32_fusionL1_fusionBN0_drop0p1__wd1e-04trmiss40_trlocglobal,22,0.5258578856786092,0.6783072054386139,0.616600790513834,0.6695117676508242,0.5777777777777777,0.0,0.0,0.0,0.0,0.0,0.0,0.0,0.0,0.0,,,,,18473,global,0.4
3,1,lr1e-04_bs32_modL1_fusion32_fusionL1_fusionBN0_drop0p1__wd1e-04trmiss40_trlocglobal,32,0.0001,0.0001,1,32,1,False,0.1,lr1e-04_bs32_modL1_fusion32_fusionL1_fusionBN0_drop0p1__wd1e-04trmiss40_trlocglobal,23,0.5237190226713816,0.6809065341949463,0.5928853754940712,0.6597753003201975,0.6,0.0,0.0,0.0,0.0,0.0,0.0,0.0,0.0,0.0,,,,,18473,global,0.4
3,1,lr1e-04_bs32_modL1_fusion32_fusionL1_fusionBN0_drop0p1__wd1e-04trmiss40_trlocglobal,32,0.0001,0.0001,1,32,1,False,0.1,lr1e-04_bs32_modL1_fusion32_fusionL1_fusionBN0_drop0p1__wd1e-04trmiss40_trlocglobal,24,0.5198816110690435,0.679087907075882,0.5928853754940712,0.6651012155246293,0.5555555555555556,0.0,0.0,0.0,0.0,0.0,0.0,0.0,0.0,0.0,,,,,18473,global,0.4
3,1,lr1e-04_bs32_modL1_fusion32_fusionL1_fusionBN0_drop0p1__wd1e-04trmiss40_trlocglobal,32,0.0001,0.0001,1,32,1,False,0.1,lr1e-04_bs32_modL1_fusion32_fusionL1_fusionBN0_drop0p1__wd1e-04trmiss40_trlocglobal,25,0.514091561237971,0.6808158755302429,0.5790513833992095,0.6437503986450106,0.5777777777777777,0.0,0.0,0.0,0.0,0.0,0.0,0.0,0.0,0.0,,,,,18473,global,0.4
3,1,lr1e-04_bs32_modL1_fusion32_fusionL1_fusionBN0_drop0p1__wd1e-04trmiss40_trlocglobal,32,0.0001,0.0001,1,32,1,False,0.1,lr1e-04_bs32_modL1_fusion32_fusionL1_fusionBN0_drop0p1__wd1e-04trmiss40_trlocglobal,26,0.5052558283011118,0.6782402694225311,0.5928853754940712,0.6579384833235937,0.5777777777777777,0.0,0.0,0.0,0.0,0.0,0.0,0.0,0.0,0.0,,,,,18473,global,0.4
3,1,lr1e-04_bs32_modL1_fusion32_fusionL1_fusionBN0_drop0p1__wd1e-04trmiss40_trlocglobal,32,0.0001,0.0001,1,32,1,False,0.1,lr1e-04_bs32_modL1_fusion32_fusionL1_fusionBN0_drop0p1__wd1e-04trmiss40_trlocglobal,27,0.5007642855246862,0.6812354326248169,0.5849802371541502,0.6516268424942008,0.5333333333333333,0.0,0.0,0.0,0.0,0.0,0.0,0.0,0.0,0.0,,,,,18473,global,0.4
3,1,lr1e-04_bs32_modL1_fusion32_fusionL1_fusionBN0_drop0p1__wd1e-04trmiss40_trlocglobal,32,0.0001,0.0001,1,32,1,False,0.1,lr1e-04_bs32_modL1_fusion32_fusionL1_fusionBN0_drop0p1__wd1e-04trmiss40_trlocglobal,28,0.4906046539545059,0.6793399155139923,0.5889328063241106,0.6509805180399302,0.5555555555555556,0.0,0.0,0.0,0.0,0.0,0.0,0.0,0.0,0.0,,,,,18473,global,0.4
3,1,lr1e-04_bs32_modL1_fusion32_fusionL1_fusionBN0_drop0p1__wd1e-04trmiss40_trlocglobal,32,0.0001,0.0001,1,32,1,False,0.1,lr1e-04_bs32_modL1_fusion32_fusionL1_fusionBN0_drop0p1__wd1e-04trmiss40_trlocglobal,29,0.49593477447827655,0.6748936176300049,0.6086956521739131,0.6613225555859203,0.5555555555555556,0.0,0.0,0.0,0.0,0.0,0.0,0.0,0.0,0.0,,,,,18473,global,0.4
3,1,lr1e-04_bs32_modL1_fusion32_fusionL1_fusionBN0_drop0p1__wd1e-04trmiss40_trlocglobal,32,0.0001,0.0001,1,32,1,False,0.1,lr1e-04_bs32_modL1_fusion32_fusionL1_fusionBN0_drop0p1__wd1e-04trmiss40_trlocglobal,30,0.4833816389242808,0.6727467477321625,0.6047430830039526,0.659204566354335,0.5777777777777777,0.0,0.0,0.0,0.0,0.0,0.0,0.0,0.0,0.0,,,,,18473,global,0.4
3,1,lr1e-04_bs32_modL1_fusion32_fusionL1_fusionBN0_drop0p1__wd1e-04trmiss40_trlocglobal,32,0.0001,0.0001,1,32,1,False,0.1,lr1e-04_bs32_modL1_fusion32_fusionL1_fusionBN0_drop0p1__wd1e-04trmiss40_trlocglobal,31,0.4810266395409902,0.6744758784770966,0.6146245059288538,0.664459039866184,0.5555555555555556,0.0,0.0,0.0,0.0,0.0,0.0,0.0,0.0,0.0,,,,,18473,global,0.4
3,1,lr1e-04_bs32_modL1_fusion32_fusionL1_fusionBN0_drop0p1__wd1e-04trmiss40_trlocglobal,32,0.0001,0.0001,1,32,1,False,0.1,lr1e-04_bs32_modL1_fusion32_fusionL1_fusionBN0_drop0p1__wd1e-04trmiss40_trlocglobal,32,0.46902741491794586,0.6736248135566711,0.6106719367588933,0.6561988608486524,0.5777777777777777,0.0,0.0,0.0,0.0,0.0,0.0,0.0,0.0,0.0,,,,,18473,global,0.4
3,1,lr1e-04_bs32_modL1_fusion32_fusionL1_fusionBN0_drop0p1__wd1e-04trmiss40_trlocglobal,32,0.0001,0.0001,1,32,1,False,0.1,lr1e-04_bs32_modL1_fusion32_fusionL1_fusionBN0_drop0p1__wd1e-04trmiss40_trlocglobal,33,0.4744967172543208,0.6759479641914368,0.5988142292490118,0.6476109793908552,0.5555555555555556,0.0,0.0,0.0,0.0,0.0,0.0,0.0,0.0,0.0,,,,,18473,global,0.4
3,1,lr5e-05_bs32_modL1_fusion16_fusionL1_fusionBN0_drop0p2__wd1e-04trmiss40_trlocglobal,32,5e-05,0.0001,1,16,1,False,0.2,lr5e-05_bs32_modL1_fusion16_fusionL1_fusionBN0_drop0p2__wd1e-04trmiss40_trlocglobal,1,0.7107563515504202,0.6960124969482422,0.5237154150197628,0.5523876432681383,0.4666666666666667,0.0,0.0,0.0,0.0,0.0,0.0,0.0,0.0,0.0,,,,,18473,global,0.4
3,1,lr5e-05_bs32_modL1_fusion16_fusionL1_fusionBN0_drop0p2__wd1e-04trmiss40_trlocglobal,32,5e-05,0.0001,1,16,1,False,0.2,lr5e-05_bs32_modL1_fusion16_fusionL1_fusionBN0_drop0p2__wd1e-04trmiss40_trlocglobal,2,0.7000830670197805,0.697624921798706,0.5177865612648221,0.560151042318485,0.4888888888888889,0.0,0.0,0.0,0.0,0.0,0.0,0.0,0.0,0.0,,,,,18473,global,0.4
3,1,lr5e-05_bs32_modL1_fusion16_fusionL1_fusionBN0_drop0p2__wd1e-04trmiss40_trlocglobal,32,5e-05,0.0001,1,16,1,False,0.2,lr5e-05_bs32_modL1_fusion16_fusionL1_fusionBN0_drop0p2__wd1e-04trmiss40_trlocglobal,3,0.6867453157901764,0.6997033059597015,0.5059288537549407,0.5647804844647862,0.5777777777777777,0.0,0.0,0.0,0.0,0.0,0.0,0.0,0.0,0.0,,,,,18473,global,0.4
3,1,lr5e-05_bs32_modL1_fusion16_fusionL1_fusionBN0_drop0p2__wd1e-04trmiss40_trlocglobal,32,5e-05,0.0001,1,16,1,False,0.2,lr5e-05_bs32_modL1_fusion16_fusionL1_fusionBN0_drop0p2__wd1e-04trmiss40_trlocglobal,4,0.6800091564655304,0.7013912796974182,0.4881422924901186,0.5545051752421026,0.5555555555555556,0.0,0.0,0.0,0.0,0.0,0.0,0.0,0.0,0.0,,,,,18473,global,0.4
3,1,lr5e-05_bs32_modL1_fusion16_fusionL1_fusionBN0_drop0p2__wd1e-04trmiss40_trlocglobal,32,5e-05,0.0001,1,16,1,False,0.2,lr5e-05_bs32_modL1_fusion16_fusionL1_fusionBN0_drop0p2__wd1e-04trmiss40_trlocglobal,5,0.6814944247404734,0.7029269337654114,0.4881422924901186,0.5559762949067881,0.5333333333333333,0.0,0.0,0.0,0.0,0.0,0.0,0.0,0.0,0.0,,,,,18473,global,0.4
3,1,lr5e-05_bs32_modL1_fusion16_fusionL1_fusionBN0_drop0p2__wd1e-04trmiss40_trlocglobal,32,5e-05,0.0001,1,16,1,False,0.2,lr5e-05_bs32_modL1_fusion16_fusionL1_fusionBN0_drop0p2__wd1e-04trmiss40_trlocglobal,6,0.6689051886399587,0.7024963200092316,0.49209486166007904,0.5576989179367496,0.5555555555555556,0.0,0.0,0.0,0.0,0.0,0.0,0.0,0.0,0.0,,,,,18473,global,0.4
3,1,lr5e-05_bs32_modL1_fusion16_fusionL1_fusionBN0_drop0p2__wd1e-04trmiss40_trlocglobal,32,5e-05,0.0001,1,16,1,False,0.2,lr5e-05_bs32_modL1_fusion16_fusionL1_fusionBN0_drop0p2__wd1e-04trmiss40_trlocglobal,7,0.6660541792710623,0.7021198272705078,0.48221343873517786,0.5463262154199099,0.5555555555555556,0.0,0.0,0.0,0.0,0.0,0.0,0.0,0.0,0.0,,,,,18473,global,0.4
3,1,lr5e-05_bs32_modL1_fusion16_fusionL1_fusionBN0_drop0p2__wd1e-04trmiss40_trlocglobal,32,5e-05,0.0001,1,16,1,False,0.2,lr5e-05_bs32_modL1_fusion16_fusionL1_fusionBN0_drop0p2__wd1e-04trmiss40_trlocglobal,8,0.6535272002220154,0.7009928524494171,0.4980237154150198,0.561403255613782,0.5111111111111111,0.0,0.0,0.0,0.0,0.0,0.0,0.0,0.0,0.0,,,,,18473,global,0.4
3,1,lr5e-05_bs32_modL1_fusion16_fusionL1_fusionBN0_drop0p2__wd1e-04trmiss40_trlocglobal,32,5e-05,0.0001,1,16,1,False,0.2,lr5e-05_bs32_modL1_fusion16_fusionL1_fusionBN0_drop0p2__wd1e-04trmiss40_trlocglobal,9,0.6585412124792734,0.7002865970134735,0.5098814229249011,0.5605985870073935,0.5111111111111111,0.0,0.0,0.0,0.0,0.0,0.0,0.0,0.0,0.0,,,,,18473,global,0.4
3,1,lr5e-05_bs32_modL1_fusion16_fusionL1_fusionBN0_drop0p2__wd1e-04trmiss40_trlocglobal,32,5e-05,0.0001,1,16,1,False,0.2,lr5e-05_bs32_modL1_fusion16_fusionL1_fusionBN0_drop0p2__wd1e-04trmiss40_trlocglobal,10,0.6461496154467264,0.6998027861118317,0.5177865612648221,0.5672080529924443,0.5333333333333333,0.0,0.0,0.0,0.0,0.0,0.0,0.0,0.0,0.0,,,,,18473,global,0.4
3,1,lr5e-05_bs32_modL1_fusion16_fusionL1_fusionBN0_drop0p2__wd1e-04trmiss40_trlocglobal,32,5e-05,0.0001,1,16,1,False,0.2,lr5e-05_bs32_modL1_fusion16_fusionL1_fusionBN0_drop0p2__wd1e-04trmiss40_trlocglobal,11,0.6459117333094279,0.6995410621166229,0.5158102766798419,0.5864923631231233,0.5555555555555556,0.0,0.0,0.0,0.0,0.0,0.0,0.0,0.0,0.0,,,,,18473,global,0.4
3,1,lr5e-05_bs32_modL1_fusion16_fusionL1_fusionBN0_drop0p2__wd1e-04trmiss40_trlocglobal,32,5e-05,0.0001,1,16,1,False,0.2,lr5e-05_bs32_modL1_fusion16_fusionL1_fusionBN0_drop0p2__wd1e-04trmiss40_trlocglobal,12,0.6358203093210856,0.6984413862228394,0.533596837944664,0.599014245329523,0.5333333333333333,0.0,0.0,0.0,0.0,0.0,0.0,0.0,0.0,0.0,,,,,18473,global,0.4
3,1,lr5e-05_bs32_modL1_fusion16_fusionL1_fusionBN0_drop0p2__wd1e-04trmiss40_trlocglobal,32,5e-05,0.0001,1,16,1,False,0.2,lr5e-05_bs32_modL1_fusion16_fusionL1_fusionBN0_drop0p2__wd1e-04trmiss40_trlocglobal,13,0.6343759993712107,0.6978533565998077,0.5355731225296442,0.5984486881721005,0.5333333333333333,0.0,0.0,0.0,0.0,0.0,0.0,0.0,0.0,0.0,,,,,18473,global,0.4
3,1,lr5e-05_bs32_modL1_fusion16_fusionL1_fusionBN0_drop0p2__wd1e-04trmiss40_trlocglobal,32,5e-05,0.0001,1,16,1,False,0.2,lr5e-05_bs32_modL1_fusion16_fusionL1_fusionBN0_drop0p2__wd1e-04trmiss40_trlocglobal,14,0.63663383324941,0.6974062025547028,0.5434782608695652,0.6157614920538864,0.5555555555555556,0.0,0.0,0.0,0.0,0.0,0.0,0.0,0.0,0.0,,,,,18473,global,0.4
3,1,lr5e-05_bs32_modL1_fusion16_fusionL1_fusionBN0_drop0p2__wd1e-04trmiss40_trlocglobal,32,5e-05,0.0001,1,16,1,False,0.2,lr5e-05_bs32_modL1_fusion16_fusionL1_fusionBN0_drop0p2__wd1e-04trmiss40_trlocglobal,15,0.628111739953359,0.6964022219181061,0.5395256916996047,0.6082691052136734,0.5555555555555556,0.0,0.0,0.0,0.0,0.0,0.0,0.0,0.0,0.0,,,,,18473,global,0.4
3,1,lr5e-05_bs32_modL1_fusion16_fusionL1_fusionBN0_drop0p2__wd1e-04trmiss40_trlocglobal,32,5e-05,0.0001,1,16,1,False,0.2,lr5e-05_bs32_modL1_fusion16_fusionL1_fusionBN0_drop0p2__wd1e-04trmiss40_trlocglobal,16,0.6228420635064443,0.6954629719257355,0.5454545454545454,0.6092013816337374,0.5333333333333333,0.0,0.0,0.0,0.0,0.0,0.0,0.0,0.0,0.0,,,,,18473,global,0.4
3,1,lr5e-05_bs32_modL1_fusion16_fusionL1_fusionBN0_drop0p2__wd1e-04trmiss40_trlocglobal,32,5e-05,0.0001,1,16,1,False,0.2,lr5e-05_bs32_modL1_fusion16_fusionL1_fusionBN0_drop0p2__wd1e-04trmiss40_trlocglobal,17,0.6350433627764384,0.6959545910358429,0.5355731225296443,0.6003763888886122,0.5333333333333333,0.0,0.0,0.0,0.0,0.0,0.0,0.0,0.0,0.0,,,,,18473,global,0.4
3,1,lr5e-05_bs32_modL1_fusion16_fusionL1_fusionBN0_drop0p2__wd1e-04trmiss40_trlocglobal,32,5e-05,0.0001,1,16,1,False,0.2,lr5e-05_bs32_modL1_fusion16_fusionL1_fusionBN0_drop0p2__wd1e-04trmiss40_trlocglobal,18,0.6250090797742208,0.6959565877914429,0.5276679841897233,0.5836597472094519,0.5111111111111111,0.0,0.0,0.0,0.0,0.0,0.0,0.0,0.0,0.0,,,,,18473,global,0.4
3,1,lr5e-05_bs32_modL1_fusion16_fusionL1_fusionBN0_drop0p2__wd1e-04trmiss40_trlocglobal,32,5e-05,0.0001,1,16,1,False,0.2,lr5e-05_bs32_modL1_fusion16_fusionL1_fusionBN0_drop0p2__wd1e-04trmiss40_trlocglobal,19,0.6214447816212972,0.6962655186653137,0.5296442687747035,0.5955291788346154,0.5333333333333333,0.0,0.0,0.0,0.0,0.0,0.0,0.0,0.0,0.0,,,,,18473,global,0.4
3,1,lr5e-05_bs32_modL1_fusion16_fusionL1_fusionBN0_drop0p2__wd1e-04trmiss40_trlocglobal,32,5e-05,0.0001,1,16,1,False,0.2,lr5e-05_bs32_modL1_fusion16_fusionL1_fusionBN0_drop0p2__wd1e-04trmiss40_trlocglobal,20,0.6199235022068024,0.6962001025676727,0.5296442687747034,0.5816297116112004,0.5333333333333333,0.0,0.0,0.0,0.0,0.0,0.0,0.0,0.0,0.0,,,,,18473,global,0.4
3,1,lr5e-05_bs32_modL1_fusion16_fusionL1_fusionBN0_drop0p2__wd1e-04trmiss40_trlocglobal,32,5e-05,0.0001,1,16,1,False,0.2,lr5e-05_bs32_modL1_fusion16_fusionL1_fusionBN0_drop0p2__wd1e-04trmiss40_trlocglobal,21,0.6152130166689554,0.6962763071060181,0.5316205533596837,0.5682237646673853,0.5333333333333333,0.0,0.0,0.0,0.0,0.0,0.0,0.0,0.0,0.0,,,,,18473,global,0.4
3,1,lr5e-05_bs32_modL1_fusion16_fusionL1_fusionBN0_drop0p2__wd1e-04trmiss40_trlocglobal,32,5e-05,0.0001,1,16,1,False,0.2,lr5e-05_bs32_modL1_fusion16_fusionL1_fusionBN0_drop0p2__wd1e-04trmiss40_trlocglobal,22,0.6124211847782135,0.6952203214168549,0.541501976284585,0.5802238990359408,0.5333333333333333,0.0,0.0,0.0,0.0,0.0,0.0,0.0,0.0,0.0,,,,,18473,global,0.4
3,1,lr5e-05_bs32_modL1_fusion16_fusionL1_fusionBN0_drop0p2__wd1e-04trmiss40_trlocglobal,32,5e-05,0.0001,1,16,1,False,0.2,lr5e-05_bs32_modL1_fusion16_fusionL1_fusionBN0_drop0p2__wd1e-04trmiss40_trlocglobal,23,0.6162046492099762,0.692347526550293,0.5612648221343874,0.5888010138591752,0.5777777777777777,0.0,0.0,0.0,0.0,0.0,0.0,0.0,0.0,0.0,,,,,18473,global,0.4
3,1,lr5e-05_bs32_modL1_fusion16_fusionL1_fusionBN0_drop0p2__wd1e-04trmiss40_trlocglobal,32,5e-05,0.0001,1,16,1,False,0.2,lr5e-05_bs32_modL1_fusion16_fusionL1_fusionBN0_drop0p2__wd1e-04trmiss40_trlocglobal,24,0.6066263715426127,0.6938402950763702,0.5573122529644269,0.5876267186345367,0.5777777777777777,0.0,0.0,0.0,0.0,0.0,0.0,0.0,0.0,0.0,,,,,18473,global,0.4
3,1,lr5e-05_bs32_modL1_fusion16_fusionL1_fusionBN0_drop0p2__wd1e-04trmiss40_trlocglobal,32,5e-05,0.0001,1,16,1,False,0.2,lr5e-05_bs32_modL1_fusion16_fusionL1_fusionBN0_drop0p2__wd1e-04trmiss40_trlocglobal,25,0.6101031104723612,0.6937251687049866,0.5533596837944664,0.5842629326620551,0.5777777777777777,0.0,0.0,0.0,0.0,0.0,0.0,0.0,0.0,0.0,,,,,18473,global,0.4
3,1,lr5e-05_bs32_modL1_fusion16_fusionL1_fusionBN0_drop0p2__wd1e-04trmiss40_trlocglobal,32,5e-05,0.0001,1,16,1,False,0.2,lr5e-05_bs32_modL1_fusion16_fusionL1_fusionBN0_drop0p2__wd1e-04trmiss40_trlocglobal,26,0.5970559318860372,0.6942025423049927,0.5592885375494071,0.5915732250266953,0.5777777777777777,0.0,0.0,0.0,0.0,0.0,0.0,0.0,0.0,0.0,,,,,18473,global,0.4
3,1,lr5e-05_bs32_modL1_fusion16_fusionL1_fusionBN0_drop0p2__wd1e-04trmiss40_trlocglobal,32,5e-05,0.0001,1,16,1,False,0.2,lr5e-05_bs32_modL1_fusion16_fusionL1_fusionBN0_drop0p2__wd1e-04trmiss40_trlocglobal,27,0.6010174850622813,0.6950773298740387,0.5533596837944663,0.5880701055027818,0.5555555555555556,0.0,0.0,0.0,0.0,0.0,0.0,0.0,0.0,0.0,,,,,18473,global,0.4
3,1,lr5e-05_bs32_modL1_fusion16_fusionL1_fusionBN0_drop0p2__wd1e-04trmiss40_trlocglobal,32,5e-05,0.0001,1,16,1,False,0.2,lr5e-05_bs32_modL1_fusion16_fusionL1_fusionBN0_drop0p2__wd1e-04trmiss40_trlocglobal,28,0.5940258999665579,0.6957358717918396,0.5494071146245059,0.5867069602265931,0.5555555555555556,0.0,0.0,0.0,0.0,0.0,0.0,0.0,0.0,0.0,,,,,18473,global,0.4
3,1,lr5e-05_bs32_modL1_fusion16_fusionL1_fusionBN0_drop0p2__wd1e-04trmiss40_trlocglobal,32,5e-05,0.0001,1,16,1,False,0.2,lr5e-05_bs32_modL1_fusion16_fusionL1_fusionBN0_drop0p2__wd1e-04trmiss40_trlocglobal,29,0.6022398968537649,0.6969783902168274,0.5395256916996047,0.5814173791058099,0.5333333333333333,0.0,0.0,0.0,0.0,0.0,0.0,0.0,0.0,0.0,,,,,18473,global,0.4
3,1,lr5e-05_bs32_modL1_fusion16_fusionL1_fusionBN0_drop0p2__wd1e-04trmiss40_trlocglobal,32,5e-05,0.0001,1,16,1,False,0.2,lr5e-05_bs32_modL1_fusion16_fusionL1_fusionBN0_drop0p2__wd1e-04trmiss40_trlocglobal,30,0.5982862909634908,0.6972149312496185,0.5375494071146245,0.5746837948460205,0.5333333333333333,0.0,0.0,0.0,0.0,0.0,0.0,0.0,0.0,0.0,,,,,18473,global,0.4
3,1,lr5e-05_bs32_modL1_fusion16_fusionL1_fusionBN0_drop0p2__wd1e-04trmiss40_trlocglobal,32,5e-05,0.0001,1,16,1,False,0.2,lr5e-05_bs32_modL1_fusion16_fusionL1_fusionBN0_drop0p2__wd1e-04trmiss40_trlocglobal,31,0.5952150324980418,0.6983944773674011,0.5375494071146245,0.5763641487860999,0.5333333333333333,0.0,0.0,0.0,0.0,0.0,0.0,0.0,0.0,0.0,,,,,18473,global,0.4
3,1,lr5e-05_bs32_modL1_fusion16_fusionL1_fusionBN0_drop0p2__wd1e-04trmiss40_trlocglobal,32,5e-05,0.0001,1,16,1,False,0.2,lr5e-05_bs32_modL1_fusion16_fusionL1_fusionBN0_drop0p2__wd1e-04trmiss40_trlocglobal,32,0.5889897644519806,0.6997567713260651,0.541501976284585,0.5817351089397895,0.5333333333333333,0.0,0.0,0.0,0.0,0.0,0.0,0.0,0.0,0.0,,,,,18473,global,0.4
3,1,lr5e-05_bs32_modL1_fusion16_fusionL1_fusionBN0_drop0p2__wd1e-04trmiss40_trlocglobal,32,5e-05,0.0001,1,16,1,False,0.2,lr5e-05_bs32_modL1_fusion16_fusionL1_fusionBN0_drop0p2__wd1e-04trmiss40_trlocglobal,33,0.5894073645273844,0.6986706554889679,0.5375494071146245,0.5779459120946453,0.5333333333333333,0.0,0.0,0.0,0.0,0.0,0.0,0.0,0.0,0.0,,,,,18473,global,0.4
3,1,lr5e-05_bs32_modL1_fusion16_fusionL1_fusionBN0_drop0p2__wd1e-04trmiss40_trlocglobal,32,5e-05,0.0001,1,16,1,False,0.2,lr5e-05_bs32_modL1_fusion16_fusionL1_fusionBN0_drop0p2__wd1e-04trmiss40_trlocglobal,34,0.5924952924251556,0.6965212225914001,0.5434782608695652,0.5817322898792957,0.5333333333333333,0.0,0.0,0.0,0.0,0.0,0.0,0.0,0.0,0.0,,,,,18473,global,0.4
3,1,lr5e-05_bs32_modL1_fusion16_fusionL1_fusionBN0_drop0p2__wd1e-04trmiss40_trlocglobal,32,5e-05,0.0001,1,16,1,False,0.2,lr5e-05_bs32_modL1_fusion16_fusionL1_fusionBN0_drop0p2__wd1e-04trmiss40_trlocglobal,35,0.5855714976787567,0.694208413362503,0.5494071146245059,0.581937251139749,0.5555555555555556,0.0,0.0,0.0,0.0,0.0,0.0,0.0,0.0,0.0,,,,,18473,global,0.4
3,1,lr5e-05_bs32_modL1_fusion16_fusionL1_fusionBN0_drop0p2__wd1e-04trmiss40_trlocglobal,32,5e-05,0.0001,1,16,1,False,0.2,lr5e-05_bs32_modL1_fusion16_fusionL1_fusionBN0_drop0p2__wd1e-04trmiss40_trlocglobal,36,0.5938618282477061,0.6921754479408264,0.5573122529644269,0.5864962943044894,0.5555555555555556,0.0,0.0,0.0,0.0,0.0,0.0,0.0,0.0,0.0,,,,,18473,global,0.4
3,1,lr5e-05_bs32_modL1_fusion16_fusionL1_fusionBN0_drop0p2__wd1e-04trmiss40_trlocglobal,32,5e-05,0.0001,1,16,1,False,0.2,lr5e-05_bs32_modL1_fusion16_fusionL1_fusionBN0_drop0p2__wd1e-04trmiss40_trlocglobal,37,0.5796255071957906,0.6927395462989807,0.5533596837944664,0.5886175149039707,0.5555555555555556,0.0,0.0,0.0,0.0,0.0,0.0,0.0,0.0,0.0,,,,,18473,global,0.4
3,1,lr5e-05_bs32_modL1_fusion16_fusionL1_fusionBN0_drop0p2__wd1e-04trmiss40_trlocglobal,32,5e-05,0.0001,1,16,1,False,0.2,lr5e-05_bs32_modL1_fusion16_fusionL1_fusionBN0_drop0p2__wd1e-04trmiss40_trlocglobal,38,0.5776571234067281,0.6930451691150665,0.5513833992094861,0.5911528387207591,0.5333333333333333,0.0,0.0,0.0,0.0,0.0,0.0,0.0,0.0,0.0,,,,,18473,global,0.4
3,1,lr5e-05_bs32_modL1_fusion16_fusionL1_fusionBN0_drop0p2__wd1e-04trmiss40_trlocglobal,32,5e-05,0.0001,1,16,1,False,0.2,lr5e-05_bs32_modL1_fusion16_fusionL1_fusionBN0_drop0p2__wd1e-04trmiss40_trlocglobal,39,0.5743680993715922,0.6933284103870392,0.5474308300395256,0.586896225768494,0.5333333333333333,0.0,0.0,0.0,0.0,0.0,0.0,0.0,0.0,0.0,,,,,18473,global,0.4
3,1,lr5e-05_bs32_modL1_fusion16_fusionL1_fusionBN0_drop0p2__wd1e-04trmiss40_trlocglobal,32,5e-05,0.0001,1,16,1,False,0.2,lr5e-05_bs32_modL1_fusion16_fusionL1_fusionBN0_drop0p2__wd1e-04trmiss40_trlocglobal,40,0.5729866127173106,0.6927707493305206,0.5474308300395256,0.5829624783564857,0.5333333333333333,0.0,0.0,0.0,0.0,0.0,0.0,0.0,0.0,0.0,,,,,18473,global,0.4
3,1,lr5e-05_bs32_modL1_fusion16_fusionL1_fusionBN0_drop0p2__wd1e-04trmiss40_trlocglobal,32,5e-05,0.0001,1,16,1,False,0.2,lr5e-05_bs32_modL1_fusion16_fusionL1_fusionBN0_drop0p2__wd1e-04trmiss40_trlocglobal,41,0.579169899225235,0.6929496824741364,0.5533596837944663,0.5902865105759649,0.5777777777777777,0.0,0.0,0.0,0.0,0.0,0.0,0.0,0.0,0.0,,,,,18473,global,0.4
3,1,lr5e-05_bs32_modL1_fusion16_fusionL1_fusionBN0_drop0p2__wd1e-04trmiss40_trlocglobal,32,5e-05,0.0001,1,16,1,False,0.2,lr5e-05_bs32_modL1_fusion16_fusionL1_fusionBN0_drop0p2__wd1e-04trmiss40_trlocglobal,42,0.5649160246054331,0.6929329931735992,0.5513833992094862,0.5845152733875416,0.5555555555555556,0.0,0.0,0.0,0.0,0.0,0.0,0.0,0.0,0.0,,,,,18473,global,0.4
3,1,lr5e-05_bs32_modL1_fusion16_fusionL1_fusionBN0_drop0p2__wd1e-04trmiss40_trlocglobal,32,5e-05,0.0001,1,16,1,False,0.2,lr5e-05_bs32_modL1_fusion16_fusionL1_fusionBN0_drop0p2__wd1e-04trmiss40_trlocglobal,43,0.5694286425908407,0.6933525502681732,0.5395256916996047,0.5735188458310118,0.5555555555555556,0.0,0.0,0.0,0.0,0.0,0.0,0.0,0.0,0.0,,,,,18473,global,0.4
3,1,lr5e-05_bs32_modL1_fusion16_fusionL1_fusionBN0_drop0p1__wd1e-04trmiss40_trlocglobal,32,5e-05,0.0001,1,16,1,False,0.1,lr5e-05_bs32_modL1_fusion16_fusionL1_fusionBN0_drop0p1__wd1e-04trmiss40_trlocglobal,1,0.7117986579736074,0.6897517442703247,0.650197628458498,0.6657757360959642,0.4888888888888889,0.0,0.0,0.0,0.0,0.0,0.0,0.0,0.0,0.0,,,,,18473,global,0.4
3,1,lr5e-05_bs32_modL1_fusion16_fusionL1_fusionBN0_drop0p1__wd1e-04trmiss40_trlocglobal,32,5e-05,0.0001,1,16,1,False,0.1,lr5e-05_bs32_modL1_fusion16_fusionL1_fusionBN0_drop0p1__wd1e-04trmiss40_trlocglobal,2,0.6944835186004639,0.6892033517360687,0.6482213438735178,0.6684402641750111,0.5111111111111111,0.0,0.0,0.0,0.0,0.0,0.0,0.0,0.0,0.0,,,,,18473,global,0.4
3,1,lr5e-05_bs32_modL1_fusion16_fusionL1_fusionBN0_drop0p1__wd1e-04trmiss40_trlocglobal,32,5e-05,0.0001,1,16,1,False,0.1,lr5e-05_bs32_modL1_fusion16_fusionL1_fusionBN0_drop0p1__wd1e-04trmiss40_trlocglobal,3,0.6854994098345438,0.6903728246688843,0.6462450592885376,0.6737585215259715,0.5111111111111111,0.0,0.0,0.0,0.0,0.0,0.0,0.0,0.0,0.0,,,,,18473,global,0.4
3,1,lr5e-05_bs32_modL1_fusion16_fusionL1_fusionBN0_drop0p1__wd1e-04trmiss40_trlocglobal,32,5e-05,0.0001,1,16,1,False,0.1,lr5e-05_bs32_modL1_fusion16_fusionL1_fusionBN0_drop0p1__wd1e-04trmiss40_trlocglobal,4,0.6766477127869924,0.6916000545024872,0.6343873517786561,0.6627700043973722,0.5111111111111111,0.0,0.0,0.0,0.0,0.0,0.0,0.0,0.0,0.0,,,,,18473,global,0.4
3,1,lr5e-05_bs32_modL1_fusion16_fusionL1_fusionBN0_drop0p1__wd1e-04trmiss40_trlocglobal,32,5e-05,0.0001,1,16,1,False,0.1,lr5e-05_bs32_modL1_fusion16_fusionL1_fusionBN0_drop0p1__wd1e-04trmiss40_trlocglobal,5,0.6663998663425446,0.6920589208602905,0.6383399209486166,0.6700674391617257,0.5111111111111111,0.0,0.0,0.0,0.0,0.0,0.0,0.0,0.0,0.0,,,,,18473,global,0.4
3,1,lr5e-05_bs32_modL1_fusion16_fusionL1_fusionBN0_drop0p1__wd1e-04trmiss40_trlocglobal,32,5e-05,0.0001,1,16,1,False,0.1,lr5e-05_bs32_modL1_fusion16_fusionL1_fusionBN0_drop0p1__wd1e-04trmiss40_trlocglobal,6,0.6653326352437338,0.6908020973205566,0.6482213438735178,0.6912780477377266,0.5333333333333333,0.0,0.0,0.0,0.0,0.0,0.0,0.0,0.0,0.0,,,,,18473,global,0.4
3,1,lr5e-05_bs32_modL1_fusion16_fusionL1_fusionBN0_drop0p1__wd1e-04trmiss40_trlocglobal,32,5e-05,0.0001,1,16,1,False,0.1,lr5e-05_bs32_modL1_fusion16_fusionL1_fusionBN0_drop0p1__wd1e-04trmiss40_trlocglobal,7,0.6546388864517212,0.6891975700855255,0.6561264822134387,0.6831130402440747,0.5333333333333333,0.0,0.0,0.0,0.0,0.0,0.0,0.0,0.0,0.0,,,,,18473,global,0.4
3,1,lr5e-05_bs32_modL1_fusion16_fusionL1_fusionBN0_drop0p1__wd1e-04trmiss40_trlocglobal,32,5e-05,0.0001,1,16,1,False,0.1,lr5e-05_bs32_modL1_fusion16_fusionL1_fusionBN0_drop0p1__wd1e-04trmiss40_trlocglobal,8,0.6463865538438162,0.6893209517002106,0.6482213438735177,0.7010626862308049,0.5333333333333333,0.0,0.0,0.0,0.0,0.0,0.0,0.0,0.0,0.0,,,,,18473,global,0.4
3,1,lr5e-05_bs32_modL1_fusion16_fusionL1_fusionBN0_drop0p1__wd1e-04trmiss40_trlocglobal,32,5e-05,0.0001,1,16,1,False,0.1,lr5e-05_bs32_modL1_fusion16_fusionL1_fusionBN0_drop0p1__wd1e-04trmiss40_trlocglobal,9,0.6509652634461721,0.6917343735694885,0.642292490118577,0.6981990047673793,0.5333333333333333,0.0,0.0,0.0,0.0,0.0,0.0,0.0,0.0,0.0,,,,,18473,global,0.4
3,1,lr5e-05_bs32_modL1_fusion16_fusionL1_fusionBN0_drop0p1__wd1e-04trmiss40_trlocglobal,32,5e-05,0.0001,1,16,1,False,0.1,lr5e-05_bs32_modL1_fusion16_fusionL1_fusionBN0_drop0p1__wd1e-04trmiss40_trlocglobal,10,0.647280236085256,0.6938443779945374,0.6363636363636364,0.695320102338252,0.5333333333333333,0.0,0.0,0.0,0.0,0.0,0.0,0.0,0.0,0.0,,,,,18473,global,0.4
3,1,lr5e-05_bs32_modL1_fusion16_fusionL1_fusionBN0_drop0p1__wd1e-04trmiss40_trlocglobal,32,5e-05,0.0001,1,16,1,False,0.1,lr5e-05_bs32_modL1_fusion16_fusionL1_fusionBN0_drop0p1__wd1e-04trmiss40_trlocglobal,11,0.6433473924795786,0.6928628087043762,0.6403162055335968,0.686406920040512,0.5333333333333333,0.0,0.0,0.0,0.0,0.0,0.0,0.0,0.0,0.0,,,,,18473,global,0.4
3,1,lr5e-05_bs32_modL1_fusion16_fusionL1_fusionBN0_drop0p1__wd1e-04trmiss40_trlocglobal,32,5e-05,0.0001,1,16,1,False,0.1,lr5e-05_bs32_modL1_fusion16_fusionL1_fusionBN0_drop0p1__wd1e-04trmiss40_trlocglobal,12,0.6368236045042673,0.694555014371872,0.6304347826086956,0.6438215665855934,0.5333333333333333,0.0,0.0,0.0,0.0,0.0,0.0,0.0,0.0,0.0,,,,,18473,global,0.4
3,1,lr5e-05_bs32_modL1_fusion16_fusionL1_fusionBN0_drop0p1__wd1e-04trmiss40_trlocglobal,32,5e-05,0.0001,1,16,1,False,0.1,lr5e-05_bs32_modL1_fusion16_fusionL1_fusionBN0_drop0p1__wd1e-04trmiss40_trlocglobal,13,0.6315771043300629,0.6932292580604553,0.6363636363636364,0.6502562550854992,0.5333333333333333,0.0,0.0,0.0,0.0,0.0,0.0,0.0,0.0,0.0,,,,,18473,global,0.4
3,1,lr5e-05_bs32_modL1_fusion16_fusionL1_fusionBN0_drop0p1__wd1e-04trmiss40_trlocglobal,32,5e-05,0.0001,1,16,1,False,0.1,lr5e-05_bs32_modL1_fusion16_fusionL1_fusionBN0_drop0p1__wd1e-04trmiss40_trlocglobal,14,0.6317973534266154,0.693079948425293,0.6264822134387351,0.6599806780685532,0.5333333333333333,0.0,0.0,0.0,0.0,0.0,0.0,0.0,0.0,0.0,,,,,18473,global,0.4
3,1,lr5e-05_bs32_modL1_fusion16_fusionL1_fusionBN0_drop0p1__wd1e-04trmiss40_trlocglobal,32,5e-05,0.0001,1,16,1,False,0.1,lr5e-05_bs32_modL1_fusion16_fusionL1_fusionBN0_drop0p1__wd1e-04trmiss40_trlocglobal,15,0.6266045769055685,0.693272203207016,0.6363636363636362,0.670200084053031,0.5333333333333333,0.0,0.0,0.0,0.0,0.0,0.0,0.0,0.0,0.0,,,,,18473,global,0.4
3,1,lr5e-05_bs32_modL1_fusion16_fusionL1_fusionBN0_drop0p1__wd1e-04trmiss40_trlocglobal,32,5e-05,0.0001,1,16,1,False,0.1,lr5e-05_bs32_modL1_fusion16_fusionL1_fusionBN0_drop0p1__wd1e-04trmiss40_trlocglobal,16,0.6252032021681467,0.6933706700801849,0.6284584980237153,0.6712612945579756,0.5333333333333333,0.0,0.0,0.0,0.0,0.0,0.0,0.0,0.0,0.0,,,,,18473,global,0.4
3,1,lr5e-05_bs32_modL1_fusion16_fusionL1_fusionBN0_drop0p1__wd1e-04trmiss40_trlocglobal,32,5e-05,0.0001,1,16,1,False,0.1,lr5e-05_bs32_modL1_fusion16_fusionL1_fusionBN0_drop0p1__wd1e-04trmiss40_trlocglobal,17,0.6113101045290629,0.6947020888328552,0.624505928853755,0.6643330722077584,0.5333333333333333,0.0,0.0,0.0,0.0,0.0,0.0,0.0,0.0,0.0,,,,,18473,global,0.4
3,1,lr5e-05_bs32_modL1_fusion16_fusionL1_fusionBN0_drop0p1__wd1e-04trmiss40_trlocglobal,32,5e-05,0.0001,1,16,1,False,0.1,lr5e-05_bs32_modL1_fusion16_fusionL1_fusionBN0_drop0p1__wd1e-04trmiss40_trlocglobal,18,0.6141970157623291,0.6960153877735138,0.6245059288537549,0.6805670651786985,0.5333333333333333,0.0,0.0,0.0,0.0,0.0,0.0,0.0,0.0,0.0,,,,,18473,global,0.4
3,1,lr5e-05_bs32_modL1_fusion16_fusionL1_fusionBN0_drop0p1__wd1e-04trmiss40_trlocglobal,32,5e-05,0.0001,1,16,1,False,0.1,lr5e-05_bs32_modL1_fusion16_fusionL1_fusionBN0_drop0p1__wd1e-04trmiss40_trlocglobal,19,0.6109703381856283,0.6954997181892395,0.6225296442687747,0.679429941432879,0.5555555555555556,0.0,0.0,0.0,0.0,0.0,0.0,0.0,0.0,0.0,,,,,18473,global,0.4
3,1,lr5e-05_bs32_modL1_fusion16_fusionL1_fusionBN0_drop0p1__wd1e-04trmiss40_trlocglobal,32,5e-05,0.0001,1,16,1,False,0.1,lr5e-05_bs32_modL1_fusion16_fusionL1_fusionBN0_drop0p1__wd1e-04trmiss40_trlocglobal,20,0.6009537180264791,0.6957803070545197,0.6284584980237153,0.6818551709766602,0.5555555555555556,0.0,0.0,0.0,0.0,0.0,0.0,0.0,0.0,0.0,,,,,18473,global,0.4
3,1,lr5e-05_bs32_modL1_fusion16_fusionL1_fusionBN0_drop0p1__wd1e-04trmiss40_trlocglobal,32,5e-05,0.0001,1,16,1,False,0.1,lr5e-05_bs32_modL1_fusion16_fusionL1_fusionBN0_drop0p1__wd1e-04trmiss40_trlocglobal,21,0.6005973815917969,0.6970888376235962,0.6264822134387352,0.6792830116781581,0.5555555555555556,0.0,0.0,0.0,0.0,0.0,0.0,0.0,0.0,0.0,,,,,18473,global,0.4
3,1,lr5e-05_bs32_modL1_fusion16_fusionL1_fusionBN0_drop0p1__wd1e-04trmiss40_trlocglobal,32,5e-05,0.0001,1,16,1,False,0.1,lr5e-05_bs32_modL1_fusion16_fusionL1_fusionBN0_drop0p1__wd1e-04trmiss40_trlocglobal,22,0.6038968563079834,0.6981231868267059,0.6284584980237155,0.6847573745885824,0.5555555555555556,0.0,0.0,0.0,0.0,0.0,0.0,0.0,0.0,0.0,,,,,18473,global,0.4
3,1,lr5e-05_bs32_modL1_fusion16_fusionL1_fusionBN0_drop0p1__wd1e-04trmiss40_trlocglobal,32,5e-05,0.0001,1,16,1,False,0.1,lr5e-05_bs32_modL1_fusion16_fusionL1_fusionBN0_drop0p1__wd1e-04trmiss40_trlocglobal,23,0.6025477548440298,0.6983851194381714,0.6264822134387352,0.6841666973742009,0.5555555555555556,0.0,0.0,0.0,0.0,0.0,0.0,0.0,0.0,0.0,,,,,18473,global,0.4
3,1,lr5e-05_bs32_modL1_fusion16_fusionL1_fusionBN0_drop0p1__wd1e-04trmiss40_trlocglobal,32,5e-05,0.0001,1,16,1,False,0.1,lr5e-05_bs32_modL1_fusion16_fusionL1_fusionBN0_drop0p1__wd1e-04trmiss40_trlocglobal,24,0.5949186086654663,0.6996647715568542,0.6185770750988142,0.6806550853715403,0.5555555555555556,0.0,0.0,0.0,0.0,0.0,0.0,0.0,0.0,0.0,,,,,18473,global,0.4
3,1,lr5e-05_bs32_modL1_fusion16_fusionL1_fusionBN0_drop0p1__wd1e-04trmiss40_trlocglobal,32,5e-05,0.0001,1,16,1,False,0.1,lr5e-05_bs32_modL1_fusion16_fusionL1_fusionBN0_drop0p1__wd1e-04trmiss40_trlocglobal,25,0.5971677104632059,0.7005757391452789,0.6146245059288539,0.6620725667250831,0.5555555555555556,0.0,0.0,0.0,0.0,0.0,0.0,0.0,0.0,0.0,,,,,18473,global,0.4
3,1,lr5e-05_bs32_modL1_fusion16_fusionL1_fusionBN0_drop0p1__wd1e-04trmiss40_trlocglobal,32,5e-05,0.0001,1,16,1,False,0.1,lr5e-05_bs32_modL1_fusion16_fusionL1_fusionBN0_drop0p1__wd1e-04trmiss40_trlocglobal,26,0.5868744055430094,0.7004211246967316,0.6185770750988142,0.6678634464039868,0.5555555555555556,0.0,0.0,0.0,0.0,0.0,0.0,0.0,0.0,0.0,,,,,18473,global,0.4
3,1,lr5e-05_bs32_modL1_fusion16_fusionL1_fusionBN0_drop0p1__wd1e-04trmiss40_trlocglobal,32,5e-05,0.0001,1,16,1,False,0.1,lr5e-05_bs32_modL1_fusion16_fusionL1_fusionBN0_drop0p1__wd1e-04trmiss40_trlocglobal,27,0.5848984022935232,0.6995633244514465,0.6205533596837944,0.6663498845111812,0.5555555555555556,0.0,0.0,0.0,0.0,0.0,0.0,0.0,0.0,0.0,,,,,18473,global,0.4
3,1,lr5e-05_bs32_modL1_fusion32_fusionL1_fusionBN0_drop0p2__wd1e-04trmiss40_trlocglobal,32,5e-05,0.0001,1,32,1,False,0.2,lr5e-05_bs32_modL1_fusion32_fusionL1_fusionBN0_drop0p2__wd1e-04trmiss40_trlocglobal,1,0.70679239432017,0.6976225674152374,0.47430830039525684,0.528345212291638,0.5111111111111111,0.0,0.0,0.0,0.0,0.0,0.0,0.0,0.0,0.0,,,,,18473,global,0.4
3,1,lr5e-05_bs32_modL1_fusion32_fusionL1_fusionBN0_drop0p2__wd1e-04trmiss40_trlocglobal,32,5e-05,0.0001,1,32,1,False,0.2,lr5e-05_bs32_modL1_fusion32_fusionL1_fusionBN0_drop0p2__wd1e-04trmiss40_trlocglobal,2,0.7085327903429667,0.7034401893615723,0.4426877470355731,0.5133052836290981,0.4666666666666667,0.0,0.0,0.0,0.0,0.0,0.0,0.0,0.0,0.0,,,,,18473,global,0.4
3,1,lr5e-05_bs32_modL1_fusion32_fusionL1_fusionBN0_drop0p2__wd1e-04trmiss40_trlocglobal,32,5e-05,0.0001,1,32,1,False,0.2,lr5e-05_bs32_modL1_fusion32_fusionL1_fusionBN0_drop0p2__wd1e-04trmiss40_trlocglobal,3,0.684163510799408,0.7045155763626099,0.4407114624505929,0.5147016772665243,0.4222222222222222,0.0,0.0,0.0,0.0,0.0,0.0,0.0,0.0,0.0,,,,,18473,global,0.4
3,1,lr5e-05_bs32_modL1_fusion32_fusionL1_fusionBN0_drop0p2__wd1e-04trmiss40_trlocglobal,32,5e-05,0.0001,1,32,1,False,0.2,lr5e-05_bs32_modL1_fusion32_fusionL1_fusionBN0_drop0p2__wd1e-04trmiss40_trlocglobal,4,0.6786143581072489,0.7057164013385773,0.44466403162055335,0.5095654744649151,0.4666666666666667,0.0,0.0,0.0,0.0,0.0,0.0,0.0,0.0,0.0,,,,,18473,global,0.4
3,1,lr5e-05_bs32_modL1_fusion32_fusionL1_fusionBN0_drop0p2__wd1e-04trmiss40_trlocglobal,32,5e-05,0.0001,1,32,1,False,0.2,lr5e-05_bs32_modL1_fusion32_fusionL1_fusionBN0_drop0p2__wd1e-04trmiss40_trlocglobal,5,0.6556215186913809,0.7056029438972473,0.4525691699604743,0.5092091305496935,0.4666666666666667,0.0,0.0,0.0,0.0,0.0,0.0,0.0,0.0,0.0,,,,,18473,global,0.4
3,1,lr5e-05_bs32_modL1_fusion32_fusionL1_fusionBN0_drop0p2__wd1e-04trmiss40_trlocglobal,32,5e-05,0.0001,1,32,1,False,0.2,lr5e-05_bs32_modL1_fusion32_fusionL1_fusionBN0_drop0p2__wd1e-04trmiss40_trlocglobal,6,0.6641561090946198,0.7045066058635712,0.4723320158102767,0.5169186088440418,0.5111111111111111,0.0,0.0,0.0,0.0,0.0,0.0,0.0,0.0,0.0,,,,,18473,global,0.4
3,1,lr5e-05_bs32_modL1_fusion32_fusionL1_fusionBN0_drop0p2__wd1e-04trmiss40_trlocglobal,32,5e-05,0.0001,1,32,1,False,0.2,lr5e-05_bs32_modL1_fusion32_fusionL1_fusionBN0_drop0p2__wd1e-04trmiss40_trlocglobal,7,0.6577577988306681,0.7013362050056458,0.5,0.5312093003178137,0.5333333333333333,0.0,0.0,0.0,0.0,0.0,0.0,0.0,0.0,0.0,,,,,18473,global,0.4
3,1,lr5e-05_bs32_modL1_fusion32_fusionL1_fusionBN0_drop0p2__wd1e-04trmiss40_trlocglobal,32,5e-05,0.0001,1,32,1,False,0.2,lr5e-05_bs32_modL1_fusion32_fusionL1_fusionBN0_drop0p2__wd1e-04trmiss40_trlocglobal,8,0.6451461712519327,0.6998338401317596,0.5118577075098815,0.542697899395486,0.5333333333333333,0.0,0.0,0.0,0.0,0.0,0.0,0.0,0.0,0.0,,,,,18473,global,0.4
3,1,lr5e-05_bs32_modL1_fusion32_fusionL1_fusionBN0_drop0p2__wd1e-04trmiss40_trlocglobal,32,5e-05,0.0001,1,32,1,False,0.2,lr5e-05_bs32_modL1_fusion32_fusionL1_fusionBN0_drop0p2__wd1e-04trmiss40_trlocglobal,9,0.6444903214772543,0.6977346539497375,0.5355731225296443,0.5544045905487134,0.5333333333333333,0.0,0.0,0.0,0.0,0.0,0.0,0.0,0.0,0.0,,,,,18473,global,0.4
3,1,lr5e-05_bs32_modL1_fusion32_fusionL1_fusionBN0_drop0p2__wd1e-04trmiss40_trlocglobal,32,5e-05,0.0001,1,32,1,False,0.2,lr5e-05_bs32_modL1_fusion32_fusionL1_fusionBN0_drop0p2__wd1e-04trmiss40_trlocglobal,10,0.6259829699993134,0.69539675116539,0.5513833992094861,0.5574977778018028,0.5777777777777777,0.0,0.0,0.0,0.0,0.0,0.0,0.0,0.0,0.0,,,,,18473,global,0.4
3,1,lr5e-05_bs32_modL1_fusion32_fusionL1_fusionBN0_drop0p2__wd1e-04trmiss40_trlocglobal,32,5e-05,0.0001,1,32,1,False,0.2,lr5e-05_bs32_modL1_fusion32_fusionL1_fusionBN0_drop0p2__wd1e-04trmiss40_trlocglobal,11,0.6283720235029856,0.698004424571991,0.5533596837944664,0.5627403591870305,0.5777777777777777,0.0,0.0,0.0,0.0,0.0,0.0,0.0,0.0,0.0,,,,,18473,global,0.4
3,1,lr5e-05_bs32_modL1_fusion32_fusionL1_fusionBN0_drop0p2__wd1e-04trmiss40_trlocglobal,32,5e-05,0.0001,1,32,1,False,0.2,lr5e-05_bs32_modL1_fusion32_fusionL1_fusionBN0_drop0p2__wd1e-04trmiss40_trlocglobal,12,0.6336742540200552,0.700041800737381,0.5592885375494071,0.5703682105788718,0.5777777777777777,0.0,0.0,0.0,0.0,0.0,0.0,0.0,0.0,0.0,,,,,18473,global,0.4
3,1,lr5e-05_bs32_modL1_fusion32_fusionL1_fusionBN0_drop0p2__wd1e-04trmiss40_trlocglobal,32,5e-05,0.0001,1,32,1,False,0.2,lr5e-05_bs32_modL1_fusion32_fusionL1_fusionBN0_drop0p2__wd1e-04trmiss40_trlocglobal,13,0.6167611877123514,0.6993895173072815,0.5652173913043479,0.5726620443569633,0.5777777777777777,0.0,0.0,0.0,0.0,0.0,0.0,0.0,0.0,0.0,,,,,18473,global,0.4
3,1,lr5e-05_bs32_modL1_fusion32_fusionL1_fusionBN0_drop0p2__wd1e-04trmiss40_trlocglobal,32,5e-05,0.0001,1,32,1,False,0.2,lr5e-05_bs32_modL1_fusion32_fusionL1_fusionBN0_drop0p2__wd1e-04trmiss40_trlocglobal,14,0.6130421857039133,0.6963895857334137,0.5731225296442688,0.5800801389040415,0.5777777777777777,0.0,0.0,0.0,0.0,0.0,0.0,0.0,0.0,0.0,,,,,18473,global,0.4
3,1,lr5e-05_bs32_modL1_fusion32_fusionL1_fusionBN0_drop0p2__wd1e-04trmiss40_trlocglobal,32,5e-05,0.0001,1,32,1,False,0.2,lr5e-05_bs32_modL1_fusion32_fusionL1_fusionBN0_drop0p2__wd1e-04trmiss40_trlocglobal,15,0.6069621046384176,0.6963507831096649,0.5770750988142292,0.5787605990614838,0.5777777777777777,0.0,0.0,0.0,0.0,0.0,0.0,0.0,0.0,0.0,,,,,18473,global,0.4
3,1,lr5e-05_bs32_modL1_fusion32_fusionL1_fusionBN0_drop0p2__wd1e-04trmiss40_trlocglobal,32,5e-05,0.0001,1,32,1,False,0.2,lr5e-05_bs32_modL1_fusion32_fusionL1_fusionBN0_drop0p2__wd1e-04trmiss40_trlocglobal,16,0.5986006359259287,0.6976066827774048,0.5691699604743083,0.5691666835683895,0.6,0.0,0.0,0.0,0.0,0.0,0.0,0.0,0.0,0.0,,,,,18473,global,0.4
3,1,lr5e-05_bs32_modL1_fusion32_fusionL1_fusionBN0_drop0p2__wd1e-04trmiss40_trlocglobal,32,5e-05,0.0001,1,32,1,False,0.2,lr5e-05_bs32_modL1_fusion32_fusionL1_fusionBN0_drop0p2__wd1e-04trmiss40_trlocglobal,17,0.5940631528695425,0.6970678269863129,0.5889328063241106,0.589973495349074,0.6,0.0,0.0,0.0,0.0,0.0,0.0,0.0,0.0,0.0,,,,,18473,global,0.4
3,1,lr5e-05_bs32_modL1_fusion32_fusionL1_fusionBN0_drop0p2__wd1e-04trmiss40_trlocglobal,32,5e-05,0.0001,1,32,1,False,0.2,lr5e-05_bs32_modL1_fusion32_fusionL1_fusionBN0_drop0p2__wd1e-04trmiss40_trlocglobal,18,0.59648397564888,0.6968823075294495,0.5948616600790514,0.5946836402766102,0.6222222222222222,0.0,0.0,0.0,0.0,0.0,0.0,0.0,0.0,0.0,,,,,18473,global,0.4
3,1,lr5e-05_bs32_modL1_fusion32_fusionL1_fusionBN0_drop0p2__wd1e-04trmiss40_trlocglobal,32,5e-05,0.0001,1,32,1,False,0.2,lr5e-05_bs32_modL1_fusion32_fusionL1_fusionBN0_drop0p2__wd1e-04trmiss40_trlocglobal,19,0.5880360702673594,0.6944369673728943,0.6126482213438735,0.6129408716345282,0.6,0.0,0.0,0.0,0.0,0.0,0.0,0.0,0.0,0.0,,,,,18473,global,0.4
3,1,lr5e-05_bs32_modL1_fusion32_fusionL1_fusionBN0_drop0p2__wd1e-04trmiss40_trlocglobal,32,5e-05,0.0001,1,32,1,False,0.2,lr5e-05_bs32_modL1_fusion32_fusionL1_fusionBN0_drop0p2__wd1e-04trmiss40_trlocglobal,20,0.5962169369061788,0.694408118724823,0.6126482213438735,0.6065957137228741,0.5777777777777777,0.0,0.0,0.0,0.0,0.0,0.0,0.0,0.0,0.0,,,,,18473,global,0.4
3,1,lr5e-05_bs32_modL1_fusion32_fusionL1_fusionBN0_drop0p2__wd1e-04trmiss40_trlocglobal,32,5e-05,0.0001,1,32,1,False,0.2,lr5e-05_bs32_modL1_fusion32_fusionL1_fusionBN0_drop0p2__wd1e-04trmiss40_trlocglobal,21,0.5788746178150177,0.6970462799072266,0.6007905138339922,0.6039878545932759,0.5777777777777777,0.0,0.0,0.0,0.0,0.0,0.0,0.0,0.0,0.0,,,,,18473,global,0.4
3,1,lr5e-05_bs32_modL1_fusion32_fusionL1_fusionBN0_drop0p2__wd1e-04trmiss40_trlocglobal,32,5e-05,0.0001,1,32,1,False,0.2,lr5e-05_bs32_modL1_fusion32_fusionL1_fusionBN0_drop0p2__wd1e-04trmiss40_trlocglobal,22,0.5764128565788269,0.6991766691207886,0.5948616600790514,0.5901664564688086,0.5555555555555556,0.0,0.0,0.0,0.0,0.0,0.0,0.0,0.0,0.0,,,,,18473,global,0.4
3,1,lr5e-05_bs32_modL1_fusion32_fusionL1_fusionBN0_drop0p2__wd1e-04trmiss40_trlocglobal,32,5e-05,0.0001,1,32,1,False,0.2,lr5e-05_bs32_modL1_fusion32_fusionL1_fusionBN0_drop0p2__wd1e-04trmiss40_trlocglobal,23,0.5681233505407969,0.6983547806739807,0.5928853754940712,0.5947978067600495,0.5555555555555556,0.0,0.0,0.0,0.0,0.0,0.0,0.0,0.0,0.0,,,,,18473,global,0.4
3,1,lr5e-05_bs32_modL1_fusion32_fusionL1_fusionBN0_drop0p2__wd1e-04trmiss40_trlocglobal,32,5e-05,0.0001,1,32,1,False,0.2,lr5e-05_bs32_modL1_fusion32_fusionL1_fusionBN0_drop0p2__wd1e-04trmiss40_trlocglobal,24,0.568329264720281,0.6959733068943024,0.6067193675889329,0.6125433071463791,0.5555555555555556,0.0,0.0,0.0,0.0,0.0,0.0,0.0,0.0,0.0,,,,,18473,global,0.4
3,1,lr5e-05_bs32_modL1_fusion32_fusionL1_fusionBN0_drop0p2__wd1e-04trmiss40_trlocglobal,32,5e-05,0.0001,1,32,1,False,0.2,lr5e-05_bs32_modL1_fusion32_fusionL1_fusionBN0_drop0p2__wd1e-04trmiss40_trlocglobal,25,0.5760270655155182,0.6970956027507782,0.6027667984189724,0.6010007875709857,0.5333333333333333,0.0,0.0,0.0,0.0,0.0,0.0,0.0,0.0,0.0,,,,,18473,global,0.4
3,1,lr5e-05_bs32_modL1_fusion32_fusionL1_fusionBN0_drop0p2__wd1e-04trmiss40_trlocglobal,32,5e-05,0.0001,1,32,1,False,0.2,lr5e-05_bs32_modL1_fusion32_fusionL1_fusionBN0_drop0p2__wd1e-04trmiss40_trlocglobal,26,0.5593993763128916,0.6973465979099274,0.5948616600790513,0.5960318434716068,0.5333333333333333,0.0,0.0,0.0,0.0,0.0,0.0,0.0,0.0,0.0,,,,,18473,global,0.4
3,1,lr5e-05_bs32_modL1_fusion32_fusionL1_fusionBN0_drop0p2__wd1e-04trmiss40_trlocglobal,32,5e-05,0.0001,1,32,1,False,0.2,lr5e-05_bs32_modL1_fusion32_fusionL1_fusionBN0_drop0p2__wd1e-04trmiss40_trlocglobal,27,0.5630694429079691,0.6961169838905334,0.5968379446640316,0.6023101062716087,0.5111111111111111,0.0,0.0,0.0,0.0,0.0,0.0,0.0,0.0,0.0,,,,,18473,global,0.4
3,1,lr5e-05_bs32_modL1_fusion32_fusionL1_fusionBN0_drop0p2__wd1e-04trmiss40_trlocglobal,32,5e-05,0.0001,1,32,1,False,0.2,lr5e-05_bs32_modL1_fusion32_fusionL1_fusionBN0_drop0p2__wd1e-04trmiss40_trlocglobal,28,0.5500733057657877,0.69769287109375,0.5968379446640317,0.6024110268094951,0.5111111111111111,0.0,0.0,0.0,0.0,0.0,0.0,0.0,0.0,0.0,,,,,18473,global,0.4
3,1,lr5e-05_bs32_modL1_fusion32_fusionL1_fusionBN0_drop0p2__wd1e-04trmiss40_trlocglobal,32,5e-05,0.0001,1,32,1,False,0.2,lr5e-05_bs32_modL1_fusion32_fusionL1_fusionBN0_drop0p2__wd1e-04trmiss40_trlocglobal,29,0.5640327036380768,0.6960722804069519,0.5909090909090909,0.5939133990427867,0.5333333333333333,0.0,0.0,0.0,0.0,0.0,0.0,0.0,0.0,0.0,,,,,18473,global,0.4
3,1,lr5e-05_bs32_modL1_fusion32_fusionL1_fusionBN0_drop0p2__wd1e-04trmiss40_trlocglobal,32,5e-05,0.0001,1,32,1,False,0.2,lr5e-05_bs32_modL1_fusion32_fusionL1_fusionBN0_drop0p2__wd1e-04trmiss40_trlocglobal,30,0.5480936368306478,0.6942954063415527,0.6007905138339922,0.5996577481952705,0.5777777777777777,0.0,0.0,0.0,0.0,0.0,0.0,0.0,0.0,0.0,,,,,18473,global,0.4
3,1,lr5e-05_bs32_modL1_fusion32_fusionL1_fusionBN0_drop0p2__wd1e-04trmiss40_trlocglobal,32,5e-05,0.0001,1,32,1,False,0.2,lr5e-05_bs32_modL1_fusion32_fusionL1_fusionBN0_drop0p2__wd1e-04trmiss40_trlocglobal,31,0.5480100909868876,0.696329802274704,0.598814229249012,0.5997181346687006,0.5333333333333333,0.0,0.0,0.0,0.0,0.0,0.0,0.0,0.0,0.0,,,,,18473,global,0.4
3,1,lr5e-05_bs32_modL1_fusion32_fusionL1_fusionBN0_drop0p2__wd1e-04trmiss40_trlocglobal,32,5e-05,0.0001,1,32,1,False,0.2,lr5e-05_bs32_modL1_fusion32_fusionL1_fusionBN0_drop0p2__wd1e-04trmiss40_trlocglobal,32,0.5454696516195933,0.6977803707122803,0.5928853754940712,0.5973583583561947,0.5111111111111111,0.0,0.0,0.0,0.0,0.0,0.0,0.0,0.0,0.0,,,,,18473,global,0.4
3,1,lr5e-05_bs32_modL1_fusion32_fusionL1_fusionBN0_drop0p2__wd1e-04trmiss40_trlocglobal,32,5e-05,0.0001,1,32,1,False,0.2,lr5e-05_bs32_modL1_fusion32_fusionL1_fusionBN0_drop0p2__wd1e-04trmiss40_trlocglobal,33,0.5310019850730896,0.6980827450752258,0.598814229249012,0.5996502346709268,0.5111111111111111,0.0,0.0,0.0,0.0,0.0,0.0,0.0,0.0,0.0,,,,,18473,global,0.4
3,1,lr5e-05_bs32_modL1_fusion32_fusionL1_fusionBN0_drop0p2__wd1e-04trmiss40_trlocglobal,32,5e-05,0.0001,1,32,1,False,0.2,lr5e-05_bs32_modL1_fusion32_fusionL1_fusionBN0_drop0p2__wd1e-04trmiss40_trlocglobal,34,0.5405376454194387,0.6974398493766785,0.598814229249012,0.5998339277894025,0.5111111111111111,0.0,0.0,0.0,0.0,0.0,0.0,0.0,0.0,0.0,,,,,18473,global,0.4
3,1,lr5e-05_bs32_modL1_fusion32_fusionL1_fusionBN0_drop0p2__wd1e-04trmiss40_trlocglobal,32,5e-05,0.0001,1,32,1,False,0.2,lr5e-05_bs32_modL1_fusion32_fusionL1_fusionBN0_drop0p2__wd1e-04trmiss40_trlocglobal,35,0.5288619597752889,0.696735680103302,0.5968379446640317,0.5990391638810342,0.5555555555555556,0.0,0.0,0.0,0.0,0.0,0.0,0.0,0.0,0.0,,,,,18473,global,0.4
3,1,lr5e-05_bs32_modL1_fusion32_fusionL1_fusionBN0_drop0p2__wd1e-04trmiss40_trlocglobal,32,5e-05,0.0001,1,32,1,False,0.2,lr5e-05_bs32_modL1_fusion32_fusionL1_fusionBN0_drop0p2__wd1e-04trmiss40_trlocglobal,36,0.532180666923523,0.6958589255809784,0.5948616600790515,0.5952149084263438,0.5555555555555556,0.0,0.0,0.0,0.0,0.0,0.0,0.0,0.0,0.0,,,,,18473,global,0.4
3,1,lr5e-05_bs32_modL1_fusion32_fusionL1_fusionBN0_drop0p2__wd1e-04trmiss40_trlocglobal,32,5e-05,0.0001,1,32,1,False,0.2,lr5e-05_bs32_modL1_fusion32_fusionL1_fusionBN0_drop0p2__wd1e-04trmiss40_trlocglobal,37,0.5247662564118704,0.6986333727836609,0.5948616600790514,0.5898222810943573,0.5333333333333333,0.0,0.0,0.0,0.0,0.0,0.0,0.0,0.0,0.0,,,,,18473,global,0.4
3,1,lr5e-05_bs32_modL1_fusion32_fusionL1_fusionBN0_drop0p2__wd1e-04trmiss40_trlocglobal,32,5e-05,0.0001,1,32,1,False,0.2,lr5e-05_bs32_modL1_fusion32_fusionL1_fusionBN0_drop0p2__wd1e-04trmiss40_trlocglobal,38,0.5363287528355917,0.702072948217392,0.5889328063241107,0.5859947467361325,0.5111111111111111,0.0,0.0,0.0,0.0,0.0,0.0,0.0,0.0,0.0,,,,,18473,global,0.4
3,1,lr5e-05_bs32_modL1_fusion32_fusionL1_fusionBN0_drop0p2__wd1e-04trmiss40_trlocglobal,32,5e-05,0.0001,1,32,1,False,0.2,lr5e-05_bs32_modL1_fusion32_fusionL1_fusionBN0_drop0p2__wd1e-04trmiss40_trlocglobal,39,0.510108063618342,0.704304963350296,0.5869565217391304,0.5913286088069415,0.5111111111111111,0.0,0.0,0.0,0.0,0.0,0.0,0.0,0.0,0.0,,,,,18473,global,0.4
3,1,lr5e-05_bs32_modL1_fusion32_fusionL1_fusionBN0_drop0p2__wd1e-04trmiss40_trlocglobal,32,5e-05,0.0001,1,32,1,False,0.2,lr5e-05_bs32_modL1_fusion32_fusionL1_fusionBN0_drop0p2__wd1e-04trmiss40_trlocglobal,40,0.5160141388575236,0.7057880163192749,0.5869565217391304,0.5876384370860793,0.5333333333333333,0.0,0.0,0.0,0.0,0.0,0.0,0.0,0.0,0.0,,,,,18473,global,0.4
3,1,lr5e-05_bs32_modL1_fusion32_fusionL1_fusionBN0_drop0p1__wd1e-04trmiss40_trlocglobal,32,5e-05,0.0001,1,32,1,False,0.1,lr5e-05_bs32_modL1_fusion32_fusionL1_fusionBN0_drop0p1__wd1e-04trmiss40_trlocglobal,1,0.7061122755209605,0.6988377869129181,0.3992094861660079,0.4463877304761535,0.4444444444444444,0.0,0.0,0.0,0.0,0.0,0.0,0.0,0.0,0.0,,,,,18473,global,0.4
3,1,lr5e-05_bs32_modL1_fusion32_fusionL1_fusionBN0_drop0p1__wd1e-04trmiss40_trlocglobal,32,5e-05,0.0001,1,32,1,False,0.1,lr5e-05_bs32_modL1_fusion32_fusionL1_fusionBN0_drop0p1__wd1e-04trmiss40_trlocglobal,2,0.683305154244105,0.6991985142230988,0.4308300395256917,0.4676552407593541,0.4,0.0,0.0,0.0,0.0,0.0,0.0,0.0,0.0,0.0,,,,,18473,global,0.4
3,1,lr5e-05_bs32_modL1_fusion32_fusionL1_fusionBN0_drop0p1__wd1e-04trmiss40_trlocglobal,32,5e-05,0.0001,1,32,1,False,0.1,lr5e-05_bs32_modL1_fusion32_fusionL1_fusionBN0_drop0p1__wd1e-04trmiss40_trlocglobal,3,0.6707514524459839,0.699111819267273,0.424901185770751,0.4660223093152013,0.4222222222222222,0.0,0.0,0.0,0.0,0.0,0.0,0.0,0.0,0.0,,,,,18473,global,0.4
3,1,lr5e-05_bs32_modL1_fusion32_fusionL1_fusionBN0_drop0p1__wd1e-04trmiss40_trlocglobal,32,5e-05,0.0001,1,32,1,False,0.1,lr5e-05_bs32_modL1_fusion32_fusionL1_fusionBN0_drop0p1__wd1e-04trmiss40_trlocglobal,4,0.6674179236094157,0.6989405453205109,0.4407114624505929,0.47936073572148163,0.37777777777777777,0.0,0.0,0.0,0.0,0.0,0.0,0.0,0.0,0.0,,,,,18473,global,0.4
3,1,lr5e-05_bs32_modL1_fusion32_fusionL1_fusionBN0_drop0p1__wd1e-04trmiss40_trlocglobal,32,5e-05,0.0001,1,32,1,False,0.1,lr5e-05_bs32_modL1_fusion32_fusionL1_fusionBN0_drop0p1__wd1e-04trmiss40_trlocglobal,5,0.6597512563069662,0.6990216076374054,0.45256916996047425,0.48737114988642244,0.4,0.0,0.0,0.0,0.0,0.0,0.0,0.0,0.0,0.0,,,,,18473,global,0.4
3,1,lr5e-05_bs32_modL1_fusion32_fusionL1_fusionBN0_drop0p1__wd1e-04trmiss40_trlocglobal,32,5e-05,0.0001,1,32,1,False,0.1,lr5e-05_bs32_modL1_fusion32_fusionL1_fusionBN0_drop0p1__wd1e-04trmiss40_trlocglobal,6,0.6491580307483673,0.698280543088913,0.4644268774703557,0.49663127843959465,0.4222222222222222,0.0,0.0,0.0,0.0,0.0,0.0,0.0,0.0,0.0,,,,,18473,global,0.4
3,1,lr5e-05_bs32_modL1_fusion32_fusionL1_fusionBN0_drop0p1__wd1e-04trmiss40_trlocglobal,32,5e-05,0.0001,1,32,1,False,0.1,lr5e-05_bs32_modL1_fusion32_fusionL1_fusionBN0_drop0p1__wd1e-04trmiss40_trlocglobal,7,0.64363694190979,0.6979315280914307,0.4762845849802372,0.5040345863715127,0.4222222222222222,0.0,0.0,0.0,0.0,0.0,0.0,0.0,0.0,0.0,,,,,18473,global,0.4
3,1,lr5e-05_bs32_modL1_fusion32_fusionL1_fusionBN0_drop0p1__wd1e-04trmiss40_trlocglobal,32,5e-05,0.0001,1,32,1,False,0.1,lr5e-05_bs32_modL1_fusion32_fusionL1_fusionBN0_drop0p1__wd1e-04trmiss40_trlocglobal,8,0.6343515117963155,0.69768226146698,0.4901185770750988,0.5414543326569576,0.4222222222222222,0.0,0.0,0.0,0.0,0.0,0.0,0.0,0.0,0.0,,,,,18473,global,0.4
3,1,lr5e-05_bs32_modL1_fusion32_fusionL1_fusionBN0_drop0p1__wd1e-04trmiss40_trlocglobal,32,5e-05,0.0001,1,32,1,False,0.1,lr5e-05_bs32_modL1_fusion32_fusionL1_fusionBN0_drop0p1__wd1e-04trmiss40_trlocglobal,9,0.6285166442394257,0.6959078013896942,0.4980237154150198,0.559134818241062,0.4222222222222222,0.0,0.0,0.0,0.0,0.0,0.0,0.0,0.0,0.0,,,,,18473,global,0.4
3,1,lr5e-05_bs32_modL1_fusion32_fusionL1_fusionBN0_drop0p1__wd1e-04trmiss40_trlocglobal,32,5e-05,0.0001,1,32,1,False,0.1,lr5e-05_bs32_modL1_fusion32_fusionL1_fusionBN0_drop0p1__wd1e-04trmiss40_trlocglobal,10,0.618391772111257,0.6944093406200409,0.507905138339921,0.584670709703954,0.4888888888888889,0.0,0.0,0.0,0.0,0.0,0.0,0.0,0.0,0.0,,,,,18473,global,0.4
3,1,lr5e-05_bs32_modL1_fusion32_fusionL1_fusionBN0_drop0p1__wd1e-04trmiss40_trlocglobal,32,5e-05,0.0001,1,32,1,False,0.1,lr5e-05_bs32_modL1_fusion32_fusionL1_fusionBN0_drop0p1__wd1e-04trmiss40_trlocglobal,11,0.618603527545929,0.6931137144565582,0.5158102766798419,0.5857499639114118,0.4888888888888889,0.0,0.0,0.0,0.0,0.0,0.0,0.0,0.0,0.0,,,,,18473,global,0.4
3,1,lr5e-05_bs32_modL1_fusion32_fusionL1_fusionBN0_drop0p1__wd1e-04trmiss40_trlocglobal,32,5e-05,0.0001,1,32,1,False,0.1,lr5e-05_bs32_modL1_fusion32_fusionL1_fusionBN0_drop0p1__wd1e-04trmiss40_trlocglobal,12,0.6180658042430878,0.6919865608215332,0.5256916996047432,0.5891510666441754,0.4666666666666667,0.0,0.0,0.0,0.0,0.0,0.0,0.0,0.0,0.0,,,,,18473,global,0.4
3,1,lr5e-05_bs32_modL1_fusion32_fusionL1_fusionBN0_drop0p1__wd1e-04trmiss40_trlocglobal,32,5e-05,0.0001,1,32,1,False,0.1,lr5e-05_bs32_modL1_fusion32_fusionL1_fusionBN0_drop0p1__wd1e-04trmiss40_trlocglobal,13,0.60011092821757,0.6944794058799744,0.5118577075098814,0.5924302057307976,0.4888888888888889,0.0,0.0,0.0,0.0,0.0,0.0,0.0,0.0,0.0,,,,,18473,global,0.4
3,1,lr5e-05_bs32_modL1_fusion32_fusionL1_fusionBN0_drop0p1__wd1e-04trmiss40_trlocglobal,32,5e-05,0.0001,1,32,1,False,0.1,lr5e-05_bs32_modL1_fusion32_fusionL1_fusionBN0_drop0p1__wd1e-04trmiss40_trlocglobal,14,0.5978853603204092,0.6934510767459869,0.5158102766798419,0.6058138250009705,0.4888888888888889,0.0,0.0,0.0,0.0,0.0,0.0,0.0,0.0,0.0,,,,,18473,global,0.4
3,1,lr5e-05_bs32_modL1_fusion32_fusionL1_fusionBN0_drop0p1__wd1e-04trmiss40_trlocglobal,32,5e-05,0.0001,1,32,1,False,0.1,lr5e-05_bs32_modL1_fusion32_fusionL1_fusionBN0_drop0p1__wd1e-04trmiss40_trlocglobal,15,0.593817412853241,0.6906014084815979,0.5237154150197628,0.5998745091211699,0.5111111111111111,0.0,0.0,0.0,0.0,0.0,0.0,0.0,0.0,0.0,,,,,18473,global,0.4
3,1,lr5e-05_bs32_modL1_fusion32_fusionL1_fusionBN0_drop0p1__wd1e-04trmiss40_trlocglobal,32,5e-05,0.0001,1,32,1,False,0.1,lr5e-05_bs32_modL1_fusion32_fusionL1_fusionBN0_drop0p1__wd1e-04trmiss40_trlocglobal,16,0.5965235829353333,0.6902586221694946,0.5217391304347826,0.6005538257582631,0.5111111111111111,0.0,0.0,0.0,0.0,0.0,0.0,0.0,0.0,0.0,,,,,18473,global,0.4
3,1,lr5e-05_bs32_modL1_fusion32_fusionL1_fusionBN0_drop0p1__wd1e-04trmiss40_trlocglobal,32,5e-05,0.0001,1,32,1,False,0.1,lr5e-05_bs32_modL1_fusion32_fusionL1_fusionBN0_drop0p1__wd1e-04trmiss40_trlocglobal,17,0.578860362370809,0.6903455257415771,0.5237154150197629,0.6105350713228014,0.5111111111111111,0.0,0.0,0.0,0.0,0.0,0.0,0.0,0.0,0.0,,,,,18473,global,0.4
3,1,lr5e-05_bs32_modL1_fusion32_fusionL1_fusionBN0_drop0p1__wd1e-04trmiss40_trlocglobal,32,5e-05,0.0001,1,32,1,False,0.1,lr5e-05_bs32_modL1_fusion32_fusionL1_fusionBN0_drop0p1__wd1e-04trmiss40_trlocglobal,18,0.5779163440068563,0.6903464198112488,0.5276679841897234,0.6113913703832592,0.4888888888888889,0.0,0.0,0.0,0.0,0.0,0.0,0.0,0.0,0.0,,,,,18473,global,0.4
3,1,lr5e-05_bs32_modL1_fusion32_fusionL1_fusionBN0_drop0p1__wd1e-04trmiss40_trlocglobal,32,5e-05,0.0001,1,32,1,False,0.1,lr5e-05_bs32_modL1_fusion32_fusionL1_fusionBN0_drop0p1__wd1e-04trmiss40_trlocglobal,19,0.5736172099908193,0.6899737417697906,0.5316205533596838,0.6154103728552975,0.4888888888888889,0.0,0.0,0.0,0.0,0.0,0.0,0.0,0.0,0.0,,,,,18473,global,0.4
3,1,lr5e-05_bs32_modL1_fusion32_fusionL1_fusionBN0_drop0p1__wd1e-04trmiss40_trlocglobal,32,5e-05,0.0001,1,32,1,False,0.1,lr5e-05_bs32_modL1_fusion32_fusionL1_fusionBN0_drop0p1__wd1e-04trmiss40_trlocglobal,20,0.5653298099835714,0.6900309324264526,0.5316205533596837,0.6224197888409522,0.4666666666666667,0.0,0.0,0.0,0.0,0.0,0.0,0.0,0.0,0.0,,,,,18473,global,0.4
3,1,lr5e-05_bs32_modL1_fusion32_fusionL1_fusionBN0_drop0p1__wd1e-04trmiss40_trlocglobal,32,5e-05,0.0001,1,32,1,False,0.1,lr5e-05_bs32_modL1_fusion32_fusionL1_fusionBN0_drop0p1__wd1e-04trmiss40_trlocglobal,21,0.5667504270871481,0.687949925661087,0.5513833992094862,0.6516128806098025,0.4666666666666667,0.0,0.0,0.0,0.0,0.0,0.0,0.0,0.0,0.0,,,,,18473,global,0.4
3,1,lr5e-05_bs32_modL1_fusion32_fusionL1_fusionBN0_drop0p1__wd1e-04trmiss40_trlocglobal,32,5e-05,0.0001,1,32,1,False,0.1,lr5e-05_bs32_modL1_fusion32_fusionL1_fusionBN0_drop0p1__wd1e-04trmiss40_trlocglobal,22,0.5644520819187164,0.6843236088752747,0.5592885375494072,0.6533401132173255,0.5111111111111111,0.0,0.0,0.0,0.0,0.0,0.0,0.0,0.0,0.0,,,,,18473,global,0.4
3,1,lr5e-05_bs32_modL1_fusion32_fusionL1_fusionBN0_drop0p1__wd1e-04trmiss40_trlocglobal,32,5e-05,0.0001,1,32,1,False,0.1,lr5e-05_bs32_modL1_fusion32_fusionL1_fusionBN0_drop0p1__wd1e-04trmiss40_trlocglobal,23,0.5596883098284403,0.6825405955314636,0.5632411067193677,0.6574883045247708,0.5111111111111111,0.0,0.0,0.0,0.0,0.0,0.0,0.0,0.0,0.0,,,,,18473,global,0.4
3,1,lr5e-05_bs32_modL1_fusion32_fusionL1_fusionBN0_drop0p1__wd1e-04trmiss40_trlocglobal,32,5e-05,0.0001,1,32,1,False,0.1,lr5e-05_bs32_modL1_fusion32_fusionL1_fusionBN0_drop0p1__wd1e-04trmiss40_trlocglobal,24,0.5460800727208456,0.6832577884197235,0.5652173913043479,0.6566002727442906,0.5333333333333333,0.0,0.0,0.0,0.0,0.0,0.0,0.0,0.0,0.0,,,,,18473,global,0.4
3,1,lr5e-05_bs32_modL1_fusion32_fusionL1_fusionBN0_drop0p1__wd1e-04trmiss40_trlocglobal,32,5e-05,0.0001,1,32,1,False,0.1,lr5e-05_bs32_modL1_fusion32_fusionL1_fusionBN0_drop0p1__wd1e-04trmiss40_trlocglobal,25,0.5526764988899231,0.682831734418869,0.5691699604743083,0.6610808941808041,0.5333333333333333,0.0,0.0,0.0,0.0,0.0,0.0,0.0,0.0,0.0,,,,,18473,global,0.4
3,1,lr5e-05_bs32_modL1_fusion32_fusionL1_fusionBN0_drop0p1__wd1e-04trmiss40_trlocglobal,32,5e-05,0.0001,1,32,1,False,0.1,lr5e-05_bs32_modL1_fusion32_fusionL1_fusionBN0_drop0p1__wd1e-04trmiss40_trlocglobal,26,0.5462199449539185,0.6827334463596344,0.5711462450592886,0.6611095630758871,0.5333333333333333,0.0,0.0,0.0,0.0,0.0,0.0,0.0,0.0,0.0,,,,,18473,global,0.4
3,1,lr5e-05_bs32_modL1_fusion32_fusionL1_fusionBN0_drop0p1__wd1e-04trmiss40_trlocglobal,32,5e-05,0.0001,1,32,1,False,0.1,lr5e-05_bs32_modL1_fusion32_fusionL1_fusionBN0_drop0p1__wd1e-04trmiss40_trlocglobal,27,0.5457561612129211,0.6813145577907562,0.5711462450592886,0.6589606375386556,0.5111111111111111,0.0,0.0,0.0,0.0,0.0,0.0,0.0,0.0,0.0,,,,,18473,global,0.4
3,1,lr5e-05_bs32_modL1_fusion32_fusionL1_fusionBN0_drop0p1__wd1e-04trmiss40_trlocglobal,32,5e-05,0.0001,1,32,1,False,0.1,lr5e-05_bs32_modL1_fusion32_fusionL1_fusionBN0_drop0p1__wd1e-04trmiss40_trlocglobal,28,0.5375509063402811,0.6789671182632446,0.5869565217391304,0.670794080552271,0.5333333333333333,0.0,0.0,0.0,0.0,0.0,0.0,0.0,0.0,0.0,,,,,18473,global,0.4
3,1,lr5e-05_bs32_modL1_fusion32_fusionL1_fusionBN0_drop0p1__wd1e-04trmiss40_trlocglobal,32,5e-05,0.0001,1,32,1,False,0.1,lr5e-05_bs32_modL1_fusion32_fusionL1_fusionBN0_drop0p1__wd1e-04trmiss40_trlocglobal,29,0.5387308100859324,0.6794078648090363,0.5909090909090908,0.6733661982139028,0.5333333333333333,0.0,0.0,0.0,0.0,0.0,0.0,0.0,0.0,0.0,,,,,18473,global,0.4
3,1,lr5e-05_bs32_modL1_fusion32_fusionL1_fusionBN0_drop0p1__wd1e-04trmiss40_trlocglobal,32,5e-05,0.0001,1,32,1,False,0.1,lr5e-05_bs32_modL1_fusion32_fusionL1_fusionBN0_drop0p1__wd1e-04trmiss40_trlocglobal,30,0.5310688813527426,0.6803964078426361,0.5869565217391304,0.665252733578699,0.5333333333333333,0.0,0.0,0.0,0.0,0.0,0.0,0.0,0.0,0.0,,,,,18473,global,0.4
3,1,lr5e-05_bs32_modL1_fusion32_fusionL1_fusionBN0_drop0p1__wd1e-04trmiss40_trlocglobal,32,5e-05,0.0001,1,32,1,False,0.1,lr5e-05_bs32_modL1_fusion32_fusionL1_fusionBN0_drop0p1__wd1e-04trmiss40_trlocglobal,31,0.53177610039711,0.6775497198104858,0.6007905138339921,0.6860704300196558,0.5333333333333333,0.0,0.0,0.0,0.0,0.0,0.0,0.0,0.0,0.0,,,,,18473,global,0.4
3,1,lr5e-05_bs32_modL1_fusion32_fusionL1_fusionBN0_drop0p1__wd1e-04trmiss40_trlocglobal,32,5e-05,0.0001,1,32,1,False,0.1,lr5e-05_bs32_modL1_fusion32_fusionL1_fusionBN0_drop0p1__wd1e-04trmiss40_trlocglobal,32,0.5307041903336843,0.6771220266819,0.6047430830039525,0.6902582870715219,0.5333333333333333,0.0,0.0,0.0,0.0,0.0,0.0,0.0,0.0,0.0,,,,,18473,global,0.4
3,1,lr5e-05_bs32_modL1_fusion32_fusionL1_fusionBN0_drop0p1__wd1e-04trmiss40_trlocglobal,32,5e-05,0.0001,1,32,1,False,0.1,lr5e-05_bs32_modL1_fusion32_fusionL1_fusionBN0_drop0p1__wd1e-04trmiss40_trlocglobal,33,0.5252821544806162,0.6794124841690063,0.5909090909090908,0.6750834162469888,0.5333333333333333,0.0,0.0,0.0,0.0,0.0,0.0,0.0,0.0,0.0,,,,,18473,global,0.4
3,1,lr5e-05_bs32_modL1_fusion32_fusionL1_fusionBN0_drop0p1__wd1e-04trmiss40_trlocglobal,32,5e-05,0.0001,1,32,1,False,0.1,lr5e-05_bs32_modL1_fusion32_fusionL1_fusionBN0_drop0p1__wd1e-04trmiss40_trlocglobal,34,0.5193534890810648,0.6800157129764557,0.5948616600790514,0.6769270159166755,0.5333333333333333,0.0,0.0,0.0,0.0,0.0,0.0,0.0,0.0,0.0,,,,,18473,global,0.4
3,1,lr5e-05_bs32_modL1_fusion32_fusionL1_fusionBN0_drop0p1__wd1e-04trmiss40_trlocglobal,32,5e-05,0.0001,1,32,1,False,0.1,lr5e-05_bs32_modL1_fusion32_fusionL1_fusionBN0_drop0p1__wd1e-04trmiss40_trlocglobal,35,0.5206035474936167,0.67714723944664,0.5988142292490118,0.6791648538385007,0.5333333333333333,0.0,0.0,0.0,0.0,0.0,0.0,0.0,0.0,0.0,,,,,18473,global,0.4
3,1,lr5e-05_bs32_modL1_fusion32_fusionL1_fusionBN0_drop0p1__wd1e-04trmiss40_trlocglobal,32,5e-05,0.0001,1,32,1,False,0.1,lr5e-05_bs32_modL1_fusion32_fusionL1_fusionBN0_drop0p1__wd1e-04trmiss40_trlocglobal,36,0.5127712686856588,0.6750459372997284,0.6047430830039526,0.6844280481530478,0.5333333333333333,0.0,0.0,0.0,0.0,0.0,0.0,0.0,0.0,0.0,,,,,18473,global,0.4
3,1,lr5e-05_bs32_modL1_fusion32_fusionL1_fusionBN0_drop0p1__wd1e-04trmiss40_trlocglobal,32,5e-05,0.0001,1,32,1,False,0.1,lr5e-05_bs32_modL1_fusion32_fusionL1_fusionBN0_drop0p1__wd1e-04trmiss40_trlocglobal,37,0.5098310063282648,0.6745227873325348,0.6047430830039525,0.6778499821440356,0.5333333333333333,0.0,0.0,0.0,0.0,0.0,0.0,0.0,0.0,0.0,,,,,18473,global,0.4
3,1,lr5e-05_bs32_modL1_fusion32_fusionL1_fusionBN0_drop0p1__wd1e-04trmiss40_trlocglobal,32,5e-05,0.0001,1,32,1,False,0.1,lr5e-05_bs32_modL1_fusion32_fusionL1_fusionBN0_drop0p1__wd1e-04trmiss40_trlocglobal,38,0.5134381701548895,0.6759773194789886,0.6007905138339921,0.6786755461409549,0.5333333333333333,0.0,0.0,0.0,0.0,0.0,0.0,0.0,0.0,0.0,,,,,18473,global,0.4
3,1,lr5e-05_bs32_modL1_fusion32_fusionL1_fusionBN0_drop0p1__wd1e-04trmiss40_trlocglobal,32,5e-05,0.0001,1,32,1,False,0.1,lr5e-05_bs32_modL1_fusion32_fusionL1_fusionBN0_drop0p1__wd1e-04trmiss40_trlocglobal,39,0.5035021851460139,0.676563560962677,0.6027667984189723,0.6859293128833688,0.5333333333333333,0.0,0.0,0.0,0.0,0.0,0.0,0.0,0.0,0.0,,,,,18473,global,0.4
3,1,lr5e-05_bs32_modL1_fusion32_fusionL1_fusionBN0_drop0p1__wd1e-04trmiss40_trlocglobal,32,5e-05,0.0001,1,32,1,False,0.1,lr5e-05_bs32_modL1_fusion32_fusionL1_fusionBN0_drop0p1__wd1e-04trmiss40_trlocglobal,40,0.5120483636856079,0.6761311590671539,0.6067193675889327,0.6927615831960997,0.5333333333333333,0.0,0.0,0.0,0.0,0.0,0.0,0.0,0.0,0.0,,,,,18473,global,0.4
3,1,lr5e-05_bs32_modL1_fusion32_fusionL1_fusionBN0_drop0p1__wd1e-04trmiss40_trlocglobal,32,5e-05,0.0001,1,32,1,False,0.1,lr5e-05_bs32_modL1_fusion32_fusionL1_fusionBN0_drop0p1__wd1e-04trmiss40_trlocglobal,41,0.5043935974438986,0.6748254895210266,0.6047430830039525,0.6865911835474391,0.5333333333333333,0.0,0.0,0.0,0.0,0.0,0.0,0.0,0.0,0.0,,,,,18473,global,0.4
3,1,lr5e-05_bs32_modL1_fusion32_fusionL1_fusionBN0_drop0p1__wd1e-04trmiss40_trlocglobal,32,5e-05,0.0001,1,32,1,False,0.1,lr5e-05_bs32_modL1_fusion32_fusionL1_fusionBN0_drop0p1__wd1e-04trmiss40_trlocglobal,42,0.4996594736973445,0.675056666135788,0.6007905138339921,0.6757700890779516,0.5555555555555556,0.0,0.0,0.0,0.0,0.0,0.0,0.0,0.0,0.0,,,,,18473,global,0.4
3,1,lr5e-05_bs32_modL1_fusion32_fusionL1_fusionBN0_drop0p1__wd1e-04trmiss40_trlocglobal,32,5e-05,0.0001,1,32,1,False,0.1,lr5e-05_bs32_modL1_fusion32_fusionL1_fusionBN0_drop0p1__wd1e-04trmiss40_trlocglobal,43,0.48895079890886944,0.6745295226573944,0.6086956521739131,0.6842348610209843,0.5555555555555556,0.0,0.0,0.0,0.0,0.0,0.0,0.0,0.0,0.0,,,,,18473,global,0.4
3,1,lr5e-05_bs32_modL1_fusion32_fusionL1_fusionBN0_drop0p1__wd1e-04trmiss40_trlocglobal,32,5e-05,0.0001,1,32,1,False,0.1,lr5e-05_bs32_modL1_fusion32_fusionL1_fusionBN0_drop0p1__wd1e-04trmiss40_trlocglobal,44,0.5007987866799036,0.6742536127567291,0.6047430830039525,0.6912101203420474,0.5555555555555556,0.0,0.0,0.0,0.0,0.0,0.0,0.0,0.0,0.0,,,,,18473,global,0.4
3,1,lr5e-05_bs32_modL1_fusion32_fusionL1_fusionBN0_drop0p1__wd1e-04trmiss40_trlocglobal,32,5e-05,0.0001,1,32,1,False,0.1,lr5e-05_bs32_modL1_fusion32_fusionL1_fusionBN0_drop0p1__wd1e-04trmiss40_trlocglobal,45,0.495612308382988,0.6725683808326721,0.6126482213438735,0.6859596988530462,0.5555555555555556,0.0,0.0,0.0,0.0,0.0,0.0,0.0,0.0,0.0,,,,,18473,global,0.4
3,1,lr5e-05_bs32_modL1_fusion32_fusionL1_fusionBN0_drop0p1__wd1e-04trmiss40_trlocglobal,32,5e-05,0.0001,1,32,1,False,0.1,lr5e-05_bs32_modL1_fusion32_fusionL1_fusionBN0_drop0p1__wd1e-04trmiss40_trlocglobal,46,0.4902034401893616,0.671218067407608,0.6205533596837944,0.6911507216148518,0.5777777777777777,0.0,0.0,0.0,0.0,0.0,0.0,0.0,0.0,0.0,,,,,18473,global,0.4
3,1,lr5e-05_bs32_modL1_fusion32_fusionL1_fusionBN0_drop0p1__wd1e-04trmiss40_trlocglobal,32,5e-05,0.0001,1,32,1,False,0.1,lr5e-05_bs32_modL1_fusion32_fusionL1_fusionBN0_drop0p1__wd1e-04trmiss40_trlocglobal,47,0.4869171231985092,0.6694866120815277,0.6225296442687747,0.6929090336353122,0.5555555555555556,0.0,0.0,0.0,0.0,0.0,0.0,0.0,0.0,0.0,,,,,18473,global,0.4
3,1,lr5e-05_bs32_modL1_fusion32_fusionL1_fusionBN0_drop0p1__wd1e-04trmiss40_trlocglobal,32,5e-05,0.0001,1,32,1,False,0.1,lr5e-05_bs32_modL1_fusion32_fusionL1_fusionBN0_drop0p1__wd1e-04trmiss40_trlocglobal,48,0.49667124450206757,0.6699711382389069,0.6225296442687747,0.6945852653130227,0.5555555555555556,0.0,0.0,0.0,0.0,0.0,0.0,0.0,0.0,0.0,,,,,18473,global,0.4
3,1,lr5e-05_bs32_modL1_fusion32_fusionL1_fusionBN0_drop0p1__wd1e-04trmiss40_trlocglobal,32,5e-05,0.0001,1,32,1,False,0.1,lr5e-05_bs32_modL1_fusion32_fusionL1_fusionBN0_drop0p1__wd1e-04trmiss40_trlocglobal,49,0.4933334489663442,0.6700403094291687,0.6225296442687747,0.6945852653130227,0.5777777777777777,0.0,0.0,0.0,0.0,0.0,0.0,0.0,0.0,0.0,,,,,18473,global,0.4
3,1,lr5e-05_bs32_modL1_fusion32_fusionL1_fusionBN0_drop0p1__wd1e-04trmiss40_trlocglobal,32,5e-05,0.0001,1,32,1,False,0.1,lr5e-05_bs32_modL1_fusion32_fusionL1_fusionBN0_drop0p1__wd1e-04trmiss40_trlocglobal,50,0.48778549830118817,0.6704810559749603,0.6225296442687747,0.6949134385866998,0.5777777777777777,0.0,0.0,0.0,0.0,0.0,0.0,0.0,0.0,0.0,,,,,18473,global,0.4
3,1,lr5e-05_bs32_modL1_fusion32_fusionL1_fusionBN0_drop0p1__wd1e-04trmiss40_trlocglobal,32,5e-05,0.0001,1,32,1,False,0.1,lr5e-05_bs32_modL1_fusion32_fusionL1_fusionBN0_drop0p1__wd1e-04trmiss40_trlocglobal,51,0.4826393276453018,0.6708958148956299,0.624505928853755,0.6968670339815158,0.5777777777777777,0.0,0.0,0.0,0.0,0.0,0.0,0.0,0.0,0.0,,,,,18473,global,0.4
3,1,lr5e-05_bs32_modL1_fusion32_fusionL1_fusionBN0_drop0p1__wd1e-04trmiss40_trlocglobal,32,5e-05,0.0001,1,32,1,False,0.1,lr5e-05_bs32_modL1_fusion32_fusionL1_fusionBN0_drop0p1__wd1e-04trmiss40_trlocglobal,52,0.4800683706998825,0.669731855392456,0.6284584980237153,0.6997440055359908,0.5777777777777777,0.0,0.0,0.0,0.0,0.0,0.0,0.0,0.0,0.0,,,,,18473,global,0.4
3,1,lr5e-05_bs32_modL1_fusion32_fusionL1_fusionBN0_drop0p1__wd1e-04trmiss40_trlocglobal,32,5e-05,0.0001,1,32,1,False,0.1,lr5e-05_bs32_modL1_fusion32_fusionL1_fusionBN0_drop0p1__wd1e-04trmiss40_trlocglobal,53,0.48536643385887146,0.6687521934509277,0.6304347826086957,0.6993378413572922,0.5777777777777777,0.0,0.0,0.0,0.0,0.0,0.0,0.0,0.0,0.0,,,,,18473,global,0.4
3,1,lr5e-05_bs32_modL1_fusion32_fusionL1_fusionBN0_drop0p1__wd1e-04trmiss40_trlocglobal,32,5e-05,0.0001,1,32,1,False,0.1,lr5e-05_bs32_modL1_fusion32_fusionL1_fusionBN0_drop0p1__wd1e-04trmiss40_trlocglobal,54,0.4866075466076533,0.6699094474315643,0.6245059288537549,0.6976247049909031,0.6,0.0,0.0,0.0,0.0,0.0,0.0,0.0,0.0,0.0,,,,,18473,global,0.4
3,1,lr5e-05_bs32_modL1_fusion32_fusionL1_fusionBN0_drop0p1__wd1e-04trmiss40_trlocglobal,32,5e-05,0.0001,1,32,1,False,0.1,lr5e-05_bs32_modL1_fusion32_fusionL1_fusionBN0_drop0p1__wd1e-04trmiss40_trlocglobal,55,0.4782472401857376,0.6688485741615295,0.6324110671936759,0.7050714732204378,0.6,0.0,0.0,0.0,0.0,0.0,0.0,0.0,0.0,0.0,,,,,18473,global,0.4
3,1,lr5e-05_bs32_modL1_fusion32_fusionL1_fusionBN0_drop0p1__wd1e-04trmiss40_trlocglobal,32,5e-05,0.0001,1,32,1,False,0.1,lr5e-05_bs32_modL1_fusion32_fusionL1_fusionBN0_drop0p1__wd1e-04trmiss40_trlocglobal,56,0.48180024822552997,0.6696787178516388,0.6284584980237153,0.7019373260083297,0.6,0.0,0.0,0.0,0.0,0.0,0.0,0.0,0.0,0.0,,,,,18473,global,0.4
3,1,lr5e-05_bs32_modL1_fusion32_fusionL1_fusionBN0_drop0p1__wd1e-04trmiss40_trlocglobal,32,5e-05,0.0001,1,32,1,False,0.1,lr5e-05_bs32_modL1_fusion32_fusionL1_fusionBN0_drop0p1__wd1e-04trmiss40_trlocglobal,57,0.4757632513840993,0.6691866815090179,0.6304347826086956,0.7022844052159786,0.6,0.0,0.0,0.0,0.0,0.0,0.0,0.0,0.0,0.0,,,,,18473,global,0.4
3,1,lr5e-05_bs32_modL1_fusion32_fusionL1_fusionBN0_drop0p1__wd1e-04trmiss40_trlocglobal,32,5e-05,0.0001,1,32,1,False,0.1,lr5e-05_bs32_modL1_fusion32_fusionL1_fusionBN0_drop0p1__wd1e-04trmiss40_trlocglobal,58,0.4716023604075114,0.6685827374458313,0.6324110671936758,0.703204580049197,0.6,0.0,0.0,0.0,0.0,0.0,0.0,0.0,0.0,0.0,,,,,18473,global,0.4
3,1,lr5e-05_bs32_modL1_fusion32_fusionL1_fusionBN0_drop0p1__wd1e-04trmiss40_trlocglobal,32,5e-05,0.0001,1,32,1,False,0.1,lr5e-05_bs32_modL1_fusion32_fusionL1_fusionBN0_drop0p1__wd1e-04trmiss40_trlocglobal,59,0.48335109154383343,0.6687945425510406,0.6304347826086956,0.7022078030522622,0.6,0.0,0.0,0.0,0.0,0.0,0.0,0.0,0.0,0.0,,,,,18473,global,0.4
3,1,lr5e-05_bs32_modL1_fusion32_fusionL1_fusionBN0_drop0p1__wd1e-04trmiss40_trlocglobal,32,5e-05,0.0001,1,32,1,False,0.1,lr5e-05_bs32_modL1_fusion32_fusionL1_fusionBN0_drop0p1__wd1e-04trmiss40_trlocglobal,60,0.4797607163588206,0.667799323797226,0.6264822134387352,0.6974475349649618,0.6,0.0,0.0,0.0,0.0,0.0,0.0,0.0,0.0,0.0,,,,,18473,global,0.4
3,1,lr5e-05_bs32_modL1_fusion32_fusionL1_fusionBN0_drop0p1__wd1e-04trmiss40_trlocglobal,32,5e-05,0.0001,1,32,1,False,0.1,lr5e-05_bs32_modL1_fusion32_fusionL1_fusionBN0_drop0p1__wd1e-04trmiss40_trlocglobal,61,0.4685826003551483,0.668711245059967,0.6264822134387351,0.6996318495062558,0.5777777777777777,0.0,0.0,0.0,0.0,0.0,0.0,0.0,0.0,0.0,,,,,18473,global,0.4
3,1,lr5e-05_bs32_modL1_fusion32_fusionL1_fusionBN0_drop0p1__wd1e-04trmiss40_trlocglobal,32,5e-05,0.0001,1,32,1,False,0.1,lr5e-05_bs32_modL1_fusion32_fusionL1_fusionBN0_drop0p1__wd1e-04trmiss40_trlocglobal,62,0.46926823755105335,0.6691879332065582,0.6284584980237155,0.7002346029694212,0.6,0.0,0.0,0.0,0.0,0.0,0.0,0.0,0.0,0.0,,,,,18473,global,0.4
3,1,lr5e-05_bs32_modL1_fusion32_fusionL1_fusionBN0_drop0p1__wd1e-04trmiss40_trlocglobal,32,5e-05,0.0001,1,32,1,False,0.1,lr5e-05_bs32_modL1_fusion32_fusionL1_fusionBN0_drop0p1__wd1e-04trmiss40_trlocglobal,63,0.47444093227386475,0.6696867346763611,0.624505928853755,0.6951701022527466,0.6,0.0,0.0,0.0,0.0,0.0,0.0,0.0,0.0,0.0,,,,,18473,global,0.4
3,1,lr5e-05_bs32_modL1_fusion32_fusionL1_fusionBN0_drop0p1__wd1e-04trmiss40_trlocglobal,32,5e-05,0.0001,1,32,1,False,0.1,lr5e-05_bs32_modL1_fusion32_fusionL1_fusionBN0_drop0p1__wd1e-04trmiss40_trlocglobal,64,0.46995454529921216,0.6694390773773193,0.6304347826086957,0.7037919152223856,0.6,0.0,0.0,0.0,0.0,0.0,0.0,0.0,0.0,0.0,,,,,18473,global,0.4
3,1,lr5e-05_bs32_modL1_fusion32_fusionL1_fusionBN0_drop0p1__wd1e-04trmiss40_trlocglobal,32,5e-05,0.0001,1,32,1,False,0.1,lr5e-05_bs32_modL1_fusion32_fusionL1_fusionBN0_drop0p1__wd1e-04trmiss40_trlocglobal,65,0.47938041388988495,0.6694693565368652,0.6245059288537549,0.6990465652253194,0.6,0.0,0.0,0.0,0.0,0.0,0.0,0.0,0.0,0.0,,,,,18473,global,0.4
3,1,lr5e-05_bs32_modL1_fusion32_fusionL1_fusionBN0_drop0p1__wd1e-04trmiss40_trlocglobal,32,5e-05,0.0001,1,32,1,False,0.1,lr5e-05_bs32_modL1_fusion32_fusionL1_fusionBN0_drop0p1__wd1e-04trmiss40_trlocglobal,66,0.47552506625652313,0.6685566306114197,0.6324110671936759,0.7033871147307863,0.6,0.0,0.0,0.0,0.0,0.0,0.0,0.0,0.0,0.0,,,,,18473,global,0.4
3,1,lr5e-05_bs32_modL1_fusion32_fusionL1_fusionBN0_drop0p1__wd1e-04trmiss40_trlocglobal,32,5e-05,0.0001,1,32,1,False,0.1,lr5e-05_bs32_modL1_fusion32_fusionL1_fusionBN0_drop0p1__wd1e-04trmiss40_trlocglobal,67,0.4707358628511429,0.6685500144958496,0.6343873517786561,0.7061741827352457,0.6,0.0,0.0,0.0,0.0,0.0,0.0,0.0,0.0,0.0,,,,,18473,global,0.4
3,1,lr5e-05_bs32_modL1_fusion32_fusionL1_fusionBN0_drop0p1__wd1e-04trmiss40_trlocglobal,32,5e-05,0.0001,1,32,1,False,0.1,lr5e-05_bs32_modL1_fusion32_fusionL1_fusionBN0_drop0p1__wd1e-04trmiss40_trlocglobal,68,0.46950673560301465,0.6694889068603516,0.6324110671936759,0.7033871147307863,0.6,0.0,0.0,0.0,0.0,0.0,0.0,0.0,0.0,0.0,,,,,18473,global,0.4
3,1,lr5e-05_bs32_modL1_fusion32_fusionL1_fusionBN0_drop0p1__wd1e-04trmiss40_trlocglobal,32,5e-05,0.0001,1,32,1,False,0.1,lr5e-05_bs32_modL1_fusion32_fusionL1_fusionBN0_drop0p1__wd1e-04trmiss40_trlocglobal,69,0.46989238758881885,0.6695967614650726,0.6284584980237155,0.7002529675186782,0.6,0.0,0.0,0.0,0.0,0.0,0.0,0.0,0.0,0.0,,,,,18473,global,0.4
3,1,lr5e-05_bs32_modL1_fusion32_fusionL1_fusionBN0_drop0p1__wd1e-04trmiss40_trlocglobal,32,5e-05,0.0001,1,32,1,False,0.1,lr5e-05_bs32_modL1_fusion32_fusionL1_fusionBN0_drop0p1__wd1e-04trmiss40_trlocglobal,70,0.4706472059090932,0.6693661212921143,0.6304347826086957,0.7030400355231375,0.6,0.0,0.0,0.0,0.0,0.0,0.0,0.0,0.0,0.0,,,,,18473,global,0.4
3,1,lr5e-05_bs32_modL1_fusion32_fusionL1_fusionBN0_drop0p1__wd1e-04trmiss40_trlocglobal,32,5e-05,0.0001,1,32,1,False,0.1,lr5e-05_bs32_modL1_fusion32_fusionL1_fusionBN0_drop0p1__wd1e-04trmiss40_trlocglobal,71,0.464461013674736,0.6689637005329132,0.6343873517786561,0.7061741827352457,0.6,0.0,0.0,0.0,0.0,0.0,0.0,0.0,0.0,0.0,,,,,18473,global,0.4
3,1,lr5e-05_bs32_modL1_fusion32_fusionL1_fusionBN0_drop0p1__wd1e-04trmiss40_trlocglobal,32,5e-05,0.0001,1,32,1,False,0.1,lr5e-05_bs32_modL1_fusion32_fusionL1_fusionBN0_drop0p1__wd1e-04trmiss40_trlocglobal,72,0.47175538539886475,0.6690974235534668,0.6324110671936759,0.7053174682353528,0.6,0.0,0.0,0.0,0.0,0.0,0.0,0.0,0.0,0.0,,,,,18473,global,0.4
3,1,lr5e-05_bs32_modL1_fusion32_fusionL1_fusionBN0_drop0p1__wd1e-04trmiss40_trlocglobal,32,5e-05,0.0001,1,32,1,False,0.1,lr5e-05_bs32_modL1_fusion32_fusionL1_fusionBN0_drop0p1__wd1e-04trmiss40_trlocglobal,73,0.4596103181441625,0.6691440939903259,0.6324110671936759,0.7050714732204378,0.6,0.0,0.0,0.0,0.0,0.0,0.0,0.0,0.0,0.0,,,,,18473,global,0.4
3,1,lr5e-05_bs32_modL1_fusion32_fusionL1_fusionBN0_drop0p1__wd1e-04trmiss40_trlocglobal,32,5e-05,0.0001,1,32,1,False,0.1,lr5e-05_bs32_modL1_fusion32_fusionL1_fusionBN0_drop0p1__wd1e-04trmiss40_trlocglobal,74,0.4659929821888606,0.668771505355835,0.6324110671936759,0.7037142153414409,0.6,0.0,0.0,0.0,0.0,0.0,0.0,0.0,0.0,0.0,,,,,18473,global,0.4
3,1,lr5e-05_bs32_modL1_fusion32_fusionL1_fusionBN0_drop0p1__wd1e-04trmiss40_trlocglobal,32,5e-05,0.0001,1,32,1,False,0.1,lr5e-05_bs32_modL1_fusion32_fusionL1_fusionBN0_drop0p1__wd1e-04trmiss40_trlocglobal,75,0.46142134070396423,0.668691486120224,0.6343873517786561,0.7061741827352457,0.6,0.0,0.0,0.0,0.0,0.0,0.0,0.0,0.0,0.0,,,,,18473,global,0.4
3,1,lr5e-05_bs32_modL1_fusion32_fusionL1_fusionBN0_drop0p1__wd1e-04trmiss40_trlocglobal,32,5e-05,0.0001,1,32,1,False,0.1,lr5e-05_bs32_modL1_fusion32_fusionL1_fusionBN0_drop0p1__wd1e-04trmiss40_trlocglobal,76,0.4681091407934825,0.6694441139698029,0.6343873517786561,0.7061741827352457,0.6,0.0,0.0,0.0,0.0,0.0,0.0,0.0,0.0,0.0,,,,,18473,global,0.4
3,1,lr5e-05_bs32_modL1_fusion32_fusionL1_fusionBN0_drop0p1__wd1e-04trmiss40_trlocglobal,32,5e-05,0.0001,1,32,1,False,0.1,lr5e-05_bs32_modL1_fusion32_fusionL1_fusionBN0_drop0p1__wd1e-04trmiss40_trlocglobal,77,0.469223216176033,0.6688697338104248,0.6324110671936759,0.7046486297222785,0.6,0.0,0.0,0.0,0.0,0.0,0.0,0.0,0.0,0.0,,,,,18473,global,0.4
3,1,lr5e-05_bs32_modL1_fusion32_fusionL1_fusionBN0_drop0p1__wd1e-04trmiss40_trlocglobal,32,5e-05,0.0001,1,32,1,False,0.1,lr5e-05_bs32_modL1_fusion32_fusionL1_fusionBN0_drop0p1__wd1e-04trmiss40_trlocglobal,78,0.46558601160844165,0.6690548956394196,0.6304347826086956,0.7022844052159786,0.6,0.0,0.0,0.0,0.0,0.0,0.0,0.0,0.0,0.0,,,,,18473,global,0.4
3,1,lr5e-05_bs32_modL1_fusion32_fusionL1_fusionBN0_drop0p1__wd1e-04trmiss40_trlocglobal,32,5e-05,0.0001,1,32,1,False,0.1,lr5e-05_bs32_modL1_fusion32_fusionL1_fusionBN0_drop0p1__wd1e-04trmiss40_trlocglobal,79,0.4669005125761032,0.6684251427650452,0.6343873517786561,0.7055688045554968,0.6,0.0,0.0,0.0,0.0,0.0,0.0,0.0,0.0,0.0,,,,,18473,global,0.4
3,1,lr5e-05_bs32_modL1_fusion32_fusionL1_fusionBN0_drop0p1__wd1e-04trmiss40_trlocglobal,32,5e-05,0.0001,1,32,1,False,0.1,lr5e-05_bs32_modL1_fusion32_fusionL1_fusionBN0_drop0p1__wd1e-04trmiss40_trlocglobal,80,0.4647904386123021,0.6692484021186829,0.6324110671936759,0.7046486297222785,0.6,0.0,0.0,0.0,0.0,0.0,0.0,0.0,0.0,0.0,,,,,18473,global,0.4
3,1,lr1e-05_bs32_modL1_fusion16_fusionL1_fusionBN0_drop0p2__wd1e-04trmiss40_trlocglobal,32,1e-05,0.0001,1,16,1,False,0.2,lr1e-05_bs32_modL1_fusion16_fusionL1_fusionBN0_drop0p2__wd1e-04trmiss40_trlocglobal,1,0.6979026198387146,0.6904903054237366,0.541501976284585,0.5722323128007132,0.5555555555555556,0.0,0.0,0.0,0.0,0.0,0.0,0.0,0.0,0.0,,,,,18473,global,0.4
3,1,lr1e-05_bs32_modL1_fusion16_fusionL1_fusionBN0_drop0p2__wd1e-04trmiss40_trlocglobal,32,1e-05,0.0001,1,16,1,False,0.2,lr1e-05_bs32_modL1_fusion16_fusionL1_fusionBN0_drop0p2__wd1e-04trmiss40_trlocglobal,2,0.6977948844432831,0.6905947625637054,0.5237154150197629,0.5736956559926766,0.5111111111111111,0.0,0.0,0.0,0.0,0.0,0.0,0.0,0.0,0.0,,,,,18473,global,0.4
3,1,lr1e-05_bs32_modL1_fusion16_fusionL1_fusionBN0_drop0p2__wd1e-04trmiss40_trlocglobal,32,1e-05,0.0001,1,16,1,False,0.2,lr1e-05_bs32_modL1_fusion16_fusionL1_fusionBN0_drop0p2__wd1e-04trmiss40_trlocglobal,3,0.6998585363229116,0.6909482479095459,0.5217391304347827,0.6052376551900968,0.5111111111111111,0.0,0.0,0.0,0.0,0.0,0.0,0.0,0.0,0.0,,,,,18473,global,0.4
3,1,lr1e-05_bs32_modL1_fusion16_fusionL1_fusionBN0_drop0p2__wd1e-04trmiss40_trlocglobal,32,1e-05,0.0001,1,16,1,False,0.2,lr1e-05_bs32_modL1_fusion16_fusionL1_fusionBN0_drop0p2__wd1e-04trmiss40_trlocglobal,4,0.693789005279541,0.6917276084423065,0.5118577075098815,0.5943918166147325,0.4888888888888889,0.0,0.0,0.0,0.0,0.0,0.0,0.0,0.0,0.0,,,,,18473,global,0.4
3,1,lr1e-05_bs32_modL1_fusion16_fusionL1_fusionBN0_drop0p2__wd1e-04trmiss40_trlocglobal,32,1e-05,0.0001,1,16,1,False,0.2,lr1e-05_bs32_modL1_fusion16_fusionL1_fusionBN0_drop0p2__wd1e-04trmiss40_trlocglobal,5,0.6865771810213724,0.6924214363098145,0.5019762845849802,0.5598341065414988,0.4888888888888889,0.0,0.0,0.0,0.0,0.0,0.0,0.0,0.0,0.0,,,,,18473,global,0.4
3,1,lr1e-05_bs32_modL1_fusion16_fusionL1_fusionBN0_drop0p2__wd1e-04trmiss40_trlocglobal,32,1e-05,0.0001,1,16,1,False,0.2,lr1e-05_bs32_modL1_fusion16_fusionL1_fusionBN0_drop0p2__wd1e-04trmiss40_trlocglobal,6,0.6945987542470297,0.6928542256355286,0.5019762845849802,0.5646597265337522,0.4888888888888889,0.0,0.0,0.0,0.0,0.0,0.0,0.0,0.0,0.0,,,,,18473,global,0.4
3,1,lr1e-05_bs32_modL1_fusion16_fusionL1_fusionBN0_drop0p2__wd1e-04trmiss40_trlocglobal,32,1e-05,0.0001,1,16,1,False,0.2,lr1e-05_bs32_modL1_fusion16_fusionL1_fusionBN0_drop0p2__wd1e-04trmiss40_trlocglobal,7,0.6938798328240713,0.6930163502693176,0.4960474308300395,0.5596375872537418,0.4888888888888889,0.0,0.0,0.0,0.0,0.0,0.0,0.0,0.0,0.0,,,,,18473,global,0.4
3,1,lr1e-05_bs32_modL1_fusion16_fusionL1_fusionBN0_drop0p2__wd1e-04trmiss40_trlocglobal,32,1e-05,0.0001,1,16,1,False,0.2,lr1e-05_bs32_modL1_fusion16_fusionL1_fusionBN0_drop0p2__wd1e-04trmiss40_trlocglobal,8,0.6892111400763193,0.693488210439682,0.4980237154150197,0.5597032788795359,0.5111111111111111,0.0,0.0,0.0,0.0,0.0,0.0,0.0,0.0,0.0,,,,,18473,global,0.4
3,1,lr1e-05_bs32_modL1_fusion16_fusionL1_fusionBN0_drop0p2__wd1e-04trmiss40_trlocglobal,32,1e-05,0.0001,1,16,1,False,0.2,lr1e-05_bs32_modL1_fusion16_fusionL1_fusionBN0_drop0p2__wd1e-04trmiss40_trlocglobal,9,0.6918436487515768,0.692999005317688,0.5,0.5601673076044341,0.5111111111111111,0.0,0.0,0.0,0.0,0.0,0.0,0.0,0.0,0.0,,,,,18473,global,0.4
3,1,lr1e-05_bs32_modL1_fusion16_fusionL1_fusionBN0_drop0p2__wd1e-04trmiss40_trlocglobal,32,1e-05,0.0001,1,16,1,False,0.2,lr1e-05_bs32_modL1_fusion16_fusionL1_fusionBN0_drop0p2__wd1e-04trmiss40_trlocglobal,10,0.679351011912028,0.6928397119045258,0.5019762845849802,0.5601513658264786,0.5111111111111111,0.0,0.0,0.0,0.0,0.0,0.0,0.0,0.0,0.0,,,,,18473,global,0.4
3,1,lr1e-05_bs32_modL1_fusion16_fusionL1_fusionBN0_drop0p2__wd1e-04trmiss40_trlocglobal,32,1e-05,0.0001,1,16,1,False,0.2,lr1e-05_bs32_modL1_fusion16_fusionL1_fusionBN0_drop0p2__wd1e-04trmiss40_trlocglobal,11,0.6870562930901846,0.6936606466770172,0.49604743083003955,0.5521104056116053,0.5111111111111111,0.0,0.0,0.0,0.0,0.0,0.0,0.0,0.0,0.0,,,,,18473,global,0.4
3,1,lr1e-05_bs32_modL1_fusion16_fusionL1_fusionBN0_drop0p2__wd1e-04trmiss40_trlocglobal,32,1e-05,0.0001,1,16,1,False,0.2,lr1e-05_bs32_modL1_fusion16_fusionL1_fusionBN0_drop0p2__wd1e-04trmiss40_trlocglobal,12,0.684801866610845,0.6933589279651642,0.4960474308300395,0.5395500191381754,0.5111111111111111,0.0,0.0,0.0,0.0,0.0,0.0,0.0,0.0,0.0,,,,,18473,global,0.4
3,1,lr1e-05_bs32_modL1_fusion16_fusionL1_fusionBN0_drop0p2__wd1e-04trmiss40_trlocglobal,32,1e-05,0.0001,1,16,1,False,0.2,lr1e-05_bs32_modL1_fusion16_fusionL1_fusionBN0_drop0p2__wd1e-04trmiss40_trlocglobal,13,0.6852807203928629,0.6938450634479523,0.4940711462450592,0.5368037915941722,0.5111111111111111,0.0,0.0,0.0,0.0,0.0,0.0,0.0,0.0,0.0,,,,,18473,global,0.4
3,1,lr1e-05_bs32_modL1_fusion16_fusionL1_fusionBN0_drop0p2__wd1e-04trmiss40_trlocglobal,32,1e-05,0.0001,1,16,1,False,0.2,lr1e-05_bs32_modL1_fusion16_fusionL1_fusionBN0_drop0p2__wd1e-04trmiss40_trlocglobal,14,0.6873770852883657,0.6945134103298187,0.48418972332015814,0.5285948656422795,0.5111111111111111,0.0,0.0,0.0,0.0,0.0,0.0,0.0,0.0,0.0,,,,,18473,global,0.4
3,1,lr1e-05_bs32_modL1_fusion16_fusionL1_fusionBN0_drop0p2__wd1e-04trmiss40_trlocglobal,32,1e-05,0.0001,1,16,1,False,0.2,lr1e-05_bs32_modL1_fusion16_fusionL1_fusionBN0_drop0p2__wd1e-04trmiss40_trlocglobal,15,0.682566354672114,0.6947814524173737,0.4841897233201581,0.5286733978047697,0.5111111111111111,0.0,0.0,0.0,0.0,0.0,0.0,0.0,0.0,0.0,,,,,18473,global,0.4
3,1,lr1e-05_bs32_modL1_fusion16_fusionL1_fusionBN0_drop0p2__wd1e-04trmiss40_trlocglobal,32,1e-05,0.0001,1,16,1,False,0.2,lr1e-05_bs32_modL1_fusion16_fusionL1_fusionBN0_drop0p2__wd1e-04trmiss40_trlocglobal,16,0.6755338708559672,0.695172518491745,0.4841897233201581,0.5296683213359938,0.5111111111111111,0.0,0.0,0.0,0.0,0.0,0.0,0.0,0.0,0.0,,,,,18473,global,0.4
3,1,lr1e-05_bs32_modL1_fusion16_fusionL1_fusionBN0_drop0p2__wd1e-04trmiss40_trlocglobal,32,1e-05,0.0001,1,16,1,False,0.2,lr1e-05_bs32_modL1_fusion16_fusionL1_fusionBN0_drop0p2__wd1e-04trmiss40_trlocglobal,17,0.6830715437730154,0.6954106986522675,0.4762845849802372,0.518055577018646,0.5111111111111111,0.0,0.0,0.0,0.0,0.0,0.0,0.0,0.0,0.0,,,,,18473,global,0.4
3,1,lr1e-05_bs32_modL1_fusion16_fusionL1_fusionBN0_drop0p2__wd1e-04trmiss40_trlocglobal,32,1e-05,0.0001,1,16,1,False,0.2,lr1e-05_bs32_modL1_fusion16_fusionL1_fusionBN0_drop0p2__wd1e-04trmiss40_trlocglobal,18,0.6771215995152792,0.6955491602420807,0.4782608695652174,0.5215407391994603,0.5111111111111111,0.0,0.0,0.0,0.0,0.0,0.0,0.0,0.0,0.0,,,,,18473,global,0.4
3,1,lr1e-05_bs32_modL1_fusion16_fusionL1_fusionBN0_drop0p2__wd1e-04trmiss40_trlocglobal,32,1e-05,0.0001,1,16,1,False,0.2,lr1e-05_bs32_modL1_fusion16_fusionL1_fusionBN0_drop0p2__wd1e-04trmiss40_trlocglobal,19,0.6842000385125478,0.6957393288612366,0.4861660079051383,0.54603618378486,0.5111111111111111,0.0,0.0,0.0,0.0,0.0,0.0,0.0,0.0,0.0,,,,,18473,global,0.4
3,1,lr1e-05_bs32_modL1_fusion16_fusionL1_fusionBN0_drop0p2__wd1e-04trmiss40_trlocglobal,32,1e-05,0.0001,1,16,1,False,0.2,lr1e-05_bs32_modL1_fusion16_fusionL1_fusionBN0_drop0p2__wd1e-04trmiss40_trlocglobal,20,0.6647679209709167,0.6957773864269257,0.4822134387351779,0.542132851242586,0.5111111111111111,0.0,0.0,0.0,0.0,0.0,0.0,0.0,0.0,0.0,,,,,18473,global,0.4
3,1,lr1e-05_bs32_modL1_fusion16_fusionL1_fusionBN0_drop0p2__wd1e-04trmiss40_trlocglobal,32,1e-05,0.0001,1,16,1,False,0.2,lr1e-05_bs32_modL1_fusion16_fusionL1_fusionBN0_drop0p2__wd1e-04trmiss40_trlocglobal,21,0.6742624938488007,0.6956987679004669,0.48023715415019763,0.5414315889704963,0.5111111111111111,0.0,0.0,0.0,0.0,0.0,0.0,0.0,0.0,0.0,,,,,18473,global,0.4
3,1,lr1e-05_bs32_modL1_fusion16_fusionL1_fusionBN0_drop0p2__wd1e-04trmiss40_trlocglobal,32,1e-05,0.0001,1,16,1,False,0.2,lr1e-05_bs32_modL1_fusion16_fusionL1_fusionBN0_drop0p2__wd1e-04trmiss40_trlocglobal,22,0.6771531999111176,0.6957006454467773,0.4841897233201582,0.5275975968756346,0.5111111111111111,0.0,0.0,0.0,0.0,0.0,0.0,0.0,0.0,0.0,,,,,18473,global,0.4
3,1,lr1e-05_bs32_modL1_fusion16_fusionL1_fusionBN0_drop0p2__wd1e-04trmiss40_trlocglobal,32,1e-05,0.0001,1,16,1,False,0.2,lr1e-05_bs32_modL1_fusion16_fusionL1_fusionBN0_drop0p2__wd1e-04trmiss40_trlocglobal,23,0.6766080955664316,0.6958312690258026,0.4782608695652174,0.5196924585357137,0.5111111111111111,0.0,0.0,0.0,0.0,0.0,0.0,0.0,0.0,0.0,,,,,18473,global,0.4
3,1,lr1e-05_bs32_modL1_fusion16_fusionL1_fusionBN0_drop0p2__wd1e-04trmiss40_trlocglobal,32,1e-05,0.0001,1,16,1,False,0.2,lr1e-05_bs32_modL1_fusion16_fusionL1_fusionBN0_drop0p2__wd1e-04trmiss40_trlocglobal,24,0.6751859982808431,0.6959101855754852,0.47233201581027673,0.5135519681748334,0.5111111111111111,0.0,0.0,0.0,0.0,0.0,0.0,0.0,0.0,0.0,,,,,18473,global,0.4
3,1,lr1e-05_bs32_modL1_fusion16_fusionL1_fusionBN0_drop0p2__wd1e-04trmiss40_trlocglobal,32,1e-05,0.0001,1,16,1,False,0.2,lr1e-05_bs32_modL1_fusion16_fusionL1_fusionBN0_drop0p2__wd1e-04trmiss40_trlocglobal,25,0.6668173472086588,0.695884644985199,0.48023715415019763,0.5161334431967012,0.5111111111111111,0.0,0.0,0.0,0.0,0.0,0.0,0.0,0.0,0.0,,,,,18473,global,0.4
3,1,lr1e-05_bs32_modL1_fusion16_fusionL1_fusionBN0_drop0p1__wd1e-04trmiss40_trlocglobal,32,1e-05,0.0001,1,16,1,False,0.1,lr1e-05_bs32_modL1_fusion16_fusionL1_fusionBN0_drop0p1__wd1e-04trmiss40_trlocglobal,1,0.7031989296277364,0.717287689447403,0.41897233201581024,0.5240364095297656,0.5111111111111111,0.0,0.0,0.0,0.0,0.0,0.0,0.0,0.0,0.0,,,,,18473,global,0.4
3,1,lr1e-05_bs32_modL1_fusion16_fusionL1_fusionBN0_drop0p1__wd1e-04trmiss40_trlocglobal,32,1e-05,0.0001,1,16,1,False,0.1,lr1e-05_bs32_modL1_fusion16_fusionL1_fusionBN0_drop0p1__wd1e-04trmiss40_trlocglobal,2,0.6926317016283671,0.7200139462947845,0.4110671936758894,0.5299527360162624,0.5111111111111111,0.0,0.0,0.0,0.0,0.0,0.0,0.0,0.0,0.0,,,,,18473,global,0.4
3,1,lr1e-05_bs32_modL1_fusion16_fusionL1_fusionBN0_drop0p1__wd1e-04trmiss40_trlocglobal,32,1e-05,0.0001,1,16,1,False,0.1,lr1e-05_bs32_modL1_fusion16_fusionL1_fusionBN0_drop0p1__wd1e-04trmiss40_trlocglobal,3,0.6909309029579163,0.7217803299427032,0.40711462450592883,0.5150424984658647,0.5111111111111111,0.0,0.0,0.0,0.0,0.0,0.0,0.0,0.0,0.0,,,,,18473,global,0.4
3,1,lr1e-05_bs32_modL1_fusion16_fusionL1_fusionBN0_drop0p1__wd1e-04trmiss40_trlocglobal,32,1e-05,0.0001,1,16,1,False,0.1,lr1e-05_bs32_modL1_fusion16_fusionL1_fusionBN0_drop0p1__wd1e-04trmiss40_trlocglobal,4,0.692768524090449,0.7233366668224335,0.4051383399209486,0.4939006090532163,0.5111111111111111,0.0,0.0,0.0,0.0,0.0,0.0,0.0,0.0,0.0,,,,,18473,global,0.4
3,1,lr1e-05_bs32_modL1_fusion16_fusionL1_fusionBN0_drop0p1__wd1e-04trmiss40_trlocglobal,32,1e-05,0.0001,1,16,1,False,0.1,lr1e-05_bs32_modL1_fusion16_fusionL1_fusionBN0_drop0p1__wd1e-04trmiss40_trlocglobal,5,0.6911676824092865,0.7239287495613098,0.4051383399209486,0.5100151708199521,0.5111111111111111,0.0,0.0,0.0,0.0,0.0,0.0,0.0,0.0,0.0,,,,,18473,global,0.4
3,1,lr1e-05_bs32_modL1_fusion16_fusionL1_fusionBN0_drop0p1__wd1e-04trmiss40_trlocglobal,32,1e-05,0.0001,1,16,1,False,0.1,lr1e-05_bs32_modL1_fusion16_fusionL1_fusionBN0_drop0p1__wd1e-04trmiss40_trlocglobal,6,0.6912390887737274,0.7241840064525604,0.4051383399209486,0.5098178668745221,0.5111111111111111,0.0,0.0,0.0,0.0,0.0,0.0,0.0,0.0,0.0,,,,,18473,global,0.4
3,1,lr1e-05_bs32_modL1_fusion16_fusionL1_fusionBN0_drop0p1__wd1e-04trmiss40_trlocglobal,32,1e-05,0.0001,1,16,1,False,0.1,lr1e-05_bs32_modL1_fusion16_fusionL1_fusionBN0_drop0p1__wd1e-04trmiss40_trlocglobal,7,0.691702793041865,0.7236981093883514,0.4209486166007905,0.517514763222987,0.5111111111111111,0.0,0.0,0.0,0.0,0.0,0.0,0.0,0.0,0.0,,,,,18473,global,0.4
3,1,lr1e-05_bs32_modL1_fusion16_fusionL1_fusionBN0_drop0p1__wd1e-04trmiss40_trlocglobal,32,1e-05,0.0001,1,16,1,False,0.1,lr1e-05_bs32_modL1_fusion16_fusionL1_fusionBN0_drop0p1__wd1e-04trmiss40_trlocglobal,8,0.6919954319794973,0.7242389917373657,0.41501976284584985,0.5048851033048513,0.5111111111111111,0.0,0.0,0.0,0.0,0.0,0.0,0.0,0.0,0.0,,,,,18473,global,0.4
3,1,lr1e-05_bs32_modL1_fusion16_fusionL1_fusionBN0_drop0p1__wd1e-04trmiss40_trlocglobal,32,1e-05,0.0001,1,16,1,False,0.1,lr1e-05_bs32_modL1_fusion16_fusionL1_fusionBN0_drop0p1__wd1e-04trmiss40_trlocglobal,9,0.6915198465188345,0.7236924171447754,0.4189723320158103,0.49625695185930235,0.5111111111111111,0.0,0.0,0.0,0.0,0.0,0.0,0.0,0.0,0.0,,,,,18473,global,0.4
3,1,lr1e-05_bs32_modL1_fusion16_fusionL1_fusionBN0_drop0p1__wd1e-04trmiss40_trlocglobal,32,1e-05,0.0001,1,16,1,False,0.1,lr1e-05_bs32_modL1_fusion16_fusionL1_fusionBN0_drop0p1__wd1e-04trmiss40_trlocglobal,10,0.6811305185159048,0.7237774133682251,0.4209486166007905,0.49482871257940064,0.5111111111111111,0.0,0.0,0.0,0.0,0.0,0.0,0.0,0.0,0.0,,,,,18473,global,0.4
3,1,lr1e-05_bs32_modL1_fusion16_fusionL1_fusionBN0_drop0p1__wd1e-04trmiss40_trlocglobal,32,1e-05,0.0001,1,16,1,False,0.1,lr1e-05_bs32_modL1_fusion16_fusionL1_fusionBN0_drop0p1__wd1e-04trmiss40_trlocglobal,11,0.6810769935448965,0.7231423556804657,0.42885375494071154,0.5019662184381342,0.5111111111111111,0.0,0.0,0.0,0.0,0.0,0.0,0.0,0.0,0.0,,,,,18473,global,0.4
3,1,lr1e-05_bs32_modL1_fusion16_fusionL1_fusionBN0_drop0p1__wd1e-04trmiss40_trlocglobal,32,1e-05,0.0001,1,16,1,False,0.1,lr1e-05_bs32_modL1_fusion16_fusionL1_fusionBN0_drop0p1__wd1e-04trmiss40_trlocglobal,12,0.6758463184038798,0.7227610349655151,0.43083003952569165,0.5008291712641117,0.5111111111111111,0.0,0.0,0.0,0.0,0.0,0.0,0.0,0.0,0.0,,,,,18473,global,0.4
3,1,lr1e-05_bs32_modL1_fusion16_fusionL1_fusionBN0_drop0p1__wd1e-04trmiss40_trlocglobal,32,1e-05,0.0001,1,16,1,False,0.1,lr1e-05_bs32_modL1_fusion16_fusionL1_fusionBN0_drop0p1__wd1e-04trmiss40_trlocglobal,13,0.6851684053738912,0.7233352661132812,0.4288537549407115,0.49697360583229105,0.5111111111111111,0.0,0.0,0.0,0.0,0.0,0.0,0.0,0.0,0.0,,,,,18473,global,0.4
3,1,lr1e-05_bs32_modL1_fusion16_fusionL1_fusionBN0_drop0p1__wd1e-04trmiss40_trlocglobal,32,1e-05,0.0001,1,16,1,False,0.1,lr1e-05_bs32_modL1_fusion16_fusionL1_fusionBN0_drop0p1__wd1e-04trmiss40_trlocglobal,14,0.6737951934337616,0.7224741876125336,0.43675889328063244,0.49763560653881406,0.5111111111111111,0.0,0.0,0.0,0.0,0.0,0.0,0.0,0.0,0.0,,,,,18473,global,0.4
3,1,lr1e-05_bs32_modL1_fusion16_fusionL1_fusionBN0_drop0p1__wd1e-04trmiss40_trlocglobal,32,1e-05,0.0001,1,16,1,False,0.1,lr1e-05_bs32_modL1_fusion16_fusionL1_fusionBN0_drop0p1__wd1e-04trmiss40_trlocglobal,15,0.6770982245604197,0.7221469581127167,0.4367588932806324,0.5188451940527494,0.5111111111111111,0.0,0.0,0.0,0.0,0.0,0.0,0.0,0.0,0.0,,,,,18473,global,0.4
3,1,lr1e-05_bs32_modL1_fusion16_fusionL1_fusionBN0_drop0p1__wd1e-04trmiss40_trlocglobal,32,1e-05,0.0001,1,16,1,False,0.1,lr1e-05_bs32_modL1_fusion16_fusionL1_fusionBN0_drop0p1__wd1e-04trmiss40_trlocglobal,16,0.6742024421691895,0.7216512560844421,0.43873517786561267,0.5219507841148612,0.5111111111111111,0.0,0.0,0.0,0.0,0.0,0.0,0.0,0.0,0.0,,,,,18473,global,0.4
3,1,lr1e-05_bs32_modL1_fusion16_fusionL1_fusionBN0_drop0p1__wd1e-04trmiss40_trlocglobal,32,1e-05,0.0001,1,16,1,False,0.1,lr1e-05_bs32_modL1_fusion16_fusionL1_fusionBN0_drop0p1__wd1e-04trmiss40_trlocglobal,17,0.6681250135103861,0.7207481861114502,0.4426877470355731,0.5206803661391765,0.5111111111111111,0.0,0.0,0.0,0.0,0.0,0.0,0.0,0.0,0.0,,,,,18473,global,0.4
3,1,lr1e-05_bs32_modL1_fusion16_fusionL1_fusionBN0_drop0p1__wd1e-04trmiss40_trlocglobal,32,1e-05,0.0001,1,16,1,False,0.1,lr1e-05_bs32_modL1_fusion16_fusionL1_fusionBN0_drop0p1__wd1e-04trmiss40_trlocglobal,18,0.6726057330767313,0.7208116948604584,0.44466403162055335,0.5222704919631731,0.5111111111111111,0.0,0.0,0.0,0.0,0.0,0.0,0.0,0.0,0.0,,,,,18473,global,0.4
3,1,lr1e-05_bs32_modL1_fusion16_fusionL1_fusionBN0_drop0p1__wd1e-04trmiss40_trlocglobal,32,1e-05,0.0001,1,16,1,False,0.1,lr1e-05_bs32_modL1_fusion16_fusionL1_fusionBN0_drop0p1__wd1e-04trmiss40_trlocglobal,19,0.6670044660568237,0.7205485105514526,0.44664031620553357,0.5237987342522851,0.5111111111111111,0.0,0.0,0.0,0.0,0.0,0.0,0.0,0.0,0.0,,,,,18473,global,0.4
3,1,lr1e-05_bs32_modL1_fusion16_fusionL1_fusionBN0_drop0p1__wd1e-04trmiss40_trlocglobal,32,1e-05,0.0001,1,16,1,False,0.1,lr1e-05_bs32_modL1_fusion16_fusionL1_fusionBN0_drop0p1__wd1e-04trmiss40_trlocglobal,20,0.6702601909637451,0.7214578688144684,0.4446640316205534,0.522056046672779,0.5111111111111111,0.0,0.0,0.0,0.0,0.0,0.0,0.0,0.0,0.0,,,,,18473,global,0.4
3,1,lr1e-05_bs32_modL1_fusion16_fusionL1_fusionBN0_drop0p1__wd1e-04trmiss40_trlocglobal,32,1e-05,0.0001,1,16,1,False,0.1,lr1e-05_bs32_modL1_fusion16_fusionL1_fusionBN0_drop0p1__wd1e-04trmiss40_trlocglobal,21,0.6713246603806814,0.7213152945041656,0.45059288537549413,0.5240177427987736,0.5111111111111111,0.0,0.0,0.0,0.0,0.0,0.0,0.0,0.0,0.0,,,,,18473,global,0.4
3,1,lr1e-05_bs32_modL1_fusion16_fusionL1_fusionBN0_drop0p1__wd1e-04trmiss40_trlocglobal,32,1e-05,0.0001,1,16,1,False,0.1,lr1e-05_bs32_modL1_fusion16_fusionL1_fusionBN0_drop0p1__wd1e-04trmiss40_trlocglobal,22,0.661671370267868,0.7208214402198792,0.4565217391304348,0.5048456861454576,0.5111111111111111,0.0,0.0,0.0,0.0,0.0,0.0,0.0,0.0,0.0,,,,,18473,global,0.4
3,1,lr1e-05_bs32_modL1_fusion16_fusionL1_fusionBN0_drop0p1__wd1e-04trmiss40_trlocglobal,32,1e-05,0.0001,1,16,1,False,0.1,lr1e-05_bs32_modL1_fusion16_fusionL1_fusionBN0_drop0p1__wd1e-04trmiss40_trlocglobal,23,0.6689105232556661,0.7205767929553986,0.4565217391304348,0.5056649825573205,0.5111111111111111,0.0,0.0,0.0,0.0,0.0,0.0,0.0,0.0,0.0,,,,,18473,global,0.4
3,1,lr1e-05_bs32_modL1_fusion16_fusionL1_fusionBN0_drop0p1__wd1e-04trmiss40_trlocglobal,32,1e-05,0.0001,1,16,1,False,0.1,lr1e-05_bs32_modL1_fusion16_fusionL1_fusionBN0_drop0p1__wd1e-04trmiss40_trlocglobal,24,0.6655264496803284,0.7208145260810852,0.4545454545454546,0.5051828197925491,0.5111111111111111,0.0,0.0,0.0,0.0,0.0,0.0,0.0,0.0,0.0,,,,,18473,global,0.4
3,1,lr1e-05_bs32_modL1_fusion16_fusionL1_fusionBN0_drop0p1__wd1e-04trmiss40_trlocglobal,32,1e-05,0.0001,1,16,1,False,0.1,lr1e-05_bs32_modL1_fusion16_fusionL1_fusionBN0_drop0p1__wd1e-04trmiss40_trlocglobal,25,0.6693214376767477,0.7208192348480225,0.45454545454545453,0.502583752048485,0.5111111111111111,0.0,0.0,0.0,0.0,0.0,0.0,0.0,0.0,0.0,,,,,18473,global,0.4
3,1,lr1e-05_bs32_modL1_fusion16_fusionL1_fusionBN0_drop0p1__wd1e-04trmiss40_trlocglobal,32,1e-05,0.0001,1,16,1,False,0.1,lr1e-05_bs32_modL1_fusion16_fusionL1_fusionBN0_drop0p1__wd1e-04trmiss40_trlocglobal,26,0.6617781221866608,0.7203643918037415,0.4604743083003952,0.5052482675075591,0.5111111111111111,0.0,0.0,0.0,0.0,0.0,0.0,0.0,0.0,0.0,,,,,18473,global,0.4
3,1,lr1e-05_bs32_modL1_fusion16_fusionL1_fusionBN0_drop0p1__wd1e-04trmiss40_trlocglobal,32,1e-05,0.0001,1,16,1,False,0.1,lr1e-05_bs32_modL1_fusion16_fusionL1_fusionBN0_drop0p1__wd1e-04trmiss40_trlocglobal,27,0.6615919272104899,0.7202603816986084,0.45849802371541504,0.5031815755214839,0.5111111111111111,0.0,0.0,0.0,0.0,0.0,0.0,0.0,0.0,0.0,,,,,18473,global,0.4
3,1,lr1e-05_bs32_modL1_fusion16_fusionL1_fusionBN0_drop0p1__wd1e-04trmiss40_trlocglobal,32,1e-05,0.0001,1,16,1,False,0.1,lr1e-05_bs32_modL1_fusion16_fusionL1_fusionBN0_drop0p1__wd1e-04trmiss40_trlocglobal,28,0.6613840262095133,0.7202608585357666,0.45849802371541504,0.5078023170987472,0.5111111111111111,0.0,0.0,0.0,0.0,0.0,0.0,0.0,0.0,0.0,,,,,18473,global,0.4
3,1,lr1e-05_bs32_modL1_fusion16_fusionL1_fusionBN0_drop0p1__wd1e-04trmiss40_trlocglobal,32,1e-05,0.0001,1,16,1,False,0.1,lr1e-05_bs32_modL1_fusion16_fusionL1_fusionBN0_drop0p1__wd1e-04trmiss40_trlocglobal,29,0.6544392506281534,0.719895750284195,0.4624505928853755,0.5098246142208628,0.5111111111111111,0.0,0.0,0.0,0.0,0.0,0.0,0.0,0.0,0.0,,,,,18473,global,0.4
3,1,lr1e-05_bs32_modL1_fusion16_fusionL1_fusionBN0_drop0p1__wd1e-04trmiss40_trlocglobal,32,1e-05,0.0001,1,16,1,False,0.1,lr1e-05_bs32_modL1_fusion16_fusionL1_fusionBN0_drop0p1__wd1e-04trmiss40_trlocglobal,30,0.6632822155952454,0.7202004790306091,0.46640316205533594,0.5101694596457998,0.5111111111111111,0.0,0.0,0.0,0.0,0.0,0.0,0.0,0.0,0.0,,,,,18473,global,0.4
3,1,lr1e-05_bs32_modL1_fusion16_fusionL1_fusionBN0_drop0p1__wd1e-04trmiss40_trlocglobal,32,1e-05,0.0001,1,16,1,False,0.1,lr1e-05_bs32_modL1_fusion16_fusionL1_fusionBN0_drop0p1__wd1e-04trmiss40_trlocglobal,31,0.659340371688207,0.7200628519058228,0.47035573122529645,0.5126123641159515,0.5111111111111111,0.0,0.0,0.0,0.0,0.0,0.0,0.0,0.0,0.0,,,,,18473,global,0.4
3,1,lr1e-05_bs32_modL1_fusion16_fusionL1_fusionBN0_drop0p1__wd1e-04trmiss40_trlocglobal,32,1e-05,0.0001,1,16,1,False,0.1,lr1e-05_bs32_modL1_fusion16_fusionL1_fusionBN0_drop0p1__wd1e-04trmiss40_trlocglobal,32,0.6651249428590139,0.7208700776100159,0.4703557312252964,0.5121051177391399,0.5111111111111111,0.0,0.0,0.0,0.0,0.0,0.0,0.0,0.0,0.0,,,,,18473,global,0.4
3,1,lr1e-05_bs32_modL1_fusion16_fusionL1_fusionBN0_drop0p1__wd1e-04trmiss40_trlocglobal,32,1e-05,0.0001,1,16,1,False,0.1,lr1e-05_bs32_modL1_fusion16_fusionL1_fusionBN0_drop0p1__wd1e-04trmiss40_trlocglobal,33,0.6586935818195343,0.721249520778656,0.45849802371541504,0.5047846110806706,0.5111111111111111,0.0,0.0,0.0,0.0,0.0,0.0,0.0,0.0,0.0,,,,,18473,global,0.4
3,1,lr1e-05_bs32_modL1_fusion16_fusionL1_fusionBN0_drop0p1__wd1e-04trmiss40_trlocglobal,32,1e-05,0.0001,1,16,1,False,0.1,lr1e-05_bs32_modL1_fusion16_fusionL1_fusionBN0_drop0p1__wd1e-04trmiss40_trlocglobal,34,0.6554772059122721,0.7208574414253235,0.46047430830039526,0.5050721380191165,0.5111111111111111,0.0,0.0,0.0,0.0,0.0,0.0,0.0,0.0,0.0,,,,,18473,global,0.4
3,1,lr1e-05_bs32_modL1_fusion16_fusionL1_fusionBN0_drop0p1__wd1e-04trmiss40_trlocglobal,32,1e-05,0.0001,1,16,1,False,0.1,lr1e-05_bs32_modL1_fusion16_fusionL1_fusionBN0_drop0p1__wd1e-04trmiss40_trlocglobal,35,0.6523462136586508,0.7208128273487091,0.45652173913043476,0.5021895133973615,0.5111111111111111,0.0,0.0,0.0,0.0,0.0,0.0,0.0,0.0,0.0,,,,,18473,global,0.4
3,1,lr1e-05_bs32_modL1_fusion16_fusionL1_fusionBN0_drop0p1__wd1e-04trmiss40_trlocglobal,32,1e-05,0.0001,1,16,1,False,0.1,lr1e-05_bs32_modL1_fusion16_fusionL1_fusionBN0_drop0p1__wd1e-04trmiss40_trlocglobal,36,0.6551923553148905,0.7207582294940948,0.4545454545454546,0.5014398882099552,0.5111111111111111,0.0,0.0,0.0,0.0,0.0,0.0,0.0,0.0,0.0,,,,,18473,global,0.4
3,1,lr1e-05_bs32_modL1_fusion16_fusionL1_fusionBN0_drop0p1__wd1e-04trmiss40_trlocglobal,32,1e-05,0.0001,1,16,1,False,0.1,lr1e-05_bs32_modL1_fusion16_fusionL1_fusionBN0_drop0p1__wd1e-04trmiss40_trlocglobal,37,0.6542160014311472,0.7212611734867096,0.45849802371541504,0.5035230874179791,0.5111111111111111,0.0,0.0,0.0,0.0,0.0,0.0,0.0,0.0,0.0,,,,,18473,global,0.4
3,1,lr1e-05_bs32_modL1_fusion16_fusionL1_fusionBN0_drop0p1__wd1e-04trmiss40_trlocglobal,32,1e-05,0.0001,1,16,1,False,0.1,lr1e-05_bs32_modL1_fusion16_fusionL1_fusionBN0_drop0p1__wd1e-04trmiss40_trlocglobal,38,0.6572698652744293,0.7208385169506073,0.45849802371541504,0.5034962607321135,0.5111111111111111,0.0,0.0,0.0,0.0,0.0,0.0,0.0,0.0,0.0,,,,,18473,global,0.4
3,1,lr1e-05_bs32_modL1_fusion16_fusionL1_fusionBN0_drop0p1__wd1e-04trmiss40_trlocglobal,32,1e-05,0.0001,1,16,1,False,0.1,lr1e-05_bs32_modL1_fusion16_fusionL1_fusionBN0_drop0p1__wd1e-04trmiss40_trlocglobal,39,0.6506694753964742,0.7208531498908997,0.4624505928853755,0.5044653553692426,0.5111111111111111,0.0,0.0,0.0,0.0,0.0,0.0,0.0,0.0,0.0,,,,,18473,global,0.4
3,1,lr1e-05_bs32_modL1_fusion16_fusionL1_fusionBN0_drop0p1__wd1e-04trmiss40_trlocglobal,32,1e-05,0.0001,1,16,1,False,0.1,lr1e-05_bs32_modL1_fusion16_fusionL1_fusionBN0_drop0p1__wd1e-04trmiss40_trlocglobal,40,0.6565336883068085,0.7215449810028076,0.46245059288537543,0.5054469603206019,0.5111111111111111,0.0,0.0,0.0,0.0,0.0,0.0,0.0,0.0,0.0,,,,,18473,global,0.4
3,1,lr1e-05_bs32_modL1_fusion16_fusionL1_fusionBN0_drop0p1__wd1e-04trmiss40_trlocglobal,32,1e-05,0.0001,1,16,1,False,0.1,lr1e-05_bs32_modL1_fusion16_fusionL1_fusionBN0_drop0p1__wd1e-04trmiss40_trlocglobal,41,0.6552457014719645,0.7212709188461304,0.46640316205533594,0.510133685372611,0.5111111111111111,0.0,0.0,0.0,0.0,0.0,0.0,0.0,0.0,0.0,,,,,18473,global,0.4
3,1,lr1e-05_bs32_modL1_fusion16_fusionL1_fusionBN0_drop0p1__wd1e-04trmiss40_trlocglobal,32,1e-05,0.0001,1,16,1,False,0.1,lr1e-05_bs32_modL1_fusion16_fusionL1_fusionBN0_drop0p1__wd1e-04trmiss40_trlocglobal,42,0.6573217113812765,0.7215653657913208,0.4683794466403162,0.505290353642256,0.5111111111111111,0.0,0.0,0.0,0.0,0.0,0.0,0.0,0.0,0.0,,,,,18473,global,0.4
3,1,lr1e-05_bs32_modL1_fusion16_fusionL1_fusionBN0_drop0p1__wd1e-04trmiss40_trlocglobal,32,1e-05,0.0001,1,16,1,False,0.1,lr1e-05_bs32_modL1_fusion16_fusionL1_fusionBN0_drop0p1__wd1e-04trmiss40_trlocglobal,43,0.6489123702049255,0.7213017642498016,0.4644268774703557,0.504440259691973,0.5111111111111111,0.0,0.0,0.0,0.0,0.0,0.0,0.0,0.0,0.0,,,,,18473,global,0.4
3,1,lr1e-05_bs32_modL1_fusion16_fusionL1_fusionBN0_drop0p1__wd1e-04trmiss40_trlocglobal,32,1e-05,0.0001,1,16,1,False,0.1,lr1e-05_bs32_modL1_fusion16_fusionL1_fusionBN0_drop0p1__wd1e-04trmiss40_trlocglobal,44,0.6542332073052725,0.7214711606502533,0.4624505928853755,0.503760480533933,0.5111111111111111,0.0,0.0,0.0,0.0,0.0,0.0,0.0,0.0,0.0,,,,,18473,global,0.4
3,1,lr1e-05_bs32_modL1_fusion16_fusionL1_fusionBN0_drop0p1__wd1e-04trmiss40_trlocglobal,32,1e-05,0.0001,1,16,1,False,0.1,lr1e-05_bs32_modL1_fusion16_fusionL1_fusionBN0_drop0p1__wd1e-04trmiss40_trlocglobal,45,0.6424629886945089,0.722076803445816,0.4624505928853755,0.5039812092605404,0.5111111111111111,0.0,0.0,0.0,0.0,0.0,0.0,0.0,0.0,0.0,,,,,18473,global,0.4
3,1,lr1e-05_bs32_modL1_fusion16_fusionL1_fusionBN0_drop0p1__wd1e-04trmiss40_trlocglobal,32,1e-05,0.0001,1,16,1,False,0.1,lr1e-05_bs32_modL1_fusion16_fusionL1_fusionBN0_drop0p1__wd1e-04trmiss40_trlocglobal,46,0.6506279706954956,0.7217425405979156,0.458498023715415,0.5024179365302196,0.5111111111111111,0.0,0.0,0.0,0.0,0.0,0.0,0.0,0.0,0.0,,,,,18473,global,0.4
3,1,lr1e-05_bs32_modL1_fusion16_fusionL1_fusionBN0_drop0p1__wd1e-04trmiss40_trlocglobal,32,1e-05,0.0001,1,16,1,False,0.1,lr1e-05_bs32_modL1_fusion16_fusionL1_fusionBN0_drop0p1__wd1e-04trmiss40_trlocglobal,47,0.6508079667886099,0.7215829491615295,0.4624505928853755,0.509385466838711,0.5111111111111111,0.0,0.0,0.0,0.0,0.0,0.0,0.0,0.0,0.0,,,,,18473,global,0.4
3,1,lr1e-05_bs32_modL1_fusion16_fusionL1_fusionBN0_drop0p1__wd1e-04trmiss40_trlocglobal,32,1e-05,0.0001,1,16,1,False,0.1,lr1e-05_bs32_modL1_fusion16_fusionL1_fusionBN0_drop0p1__wd1e-04trmiss40_trlocglobal,48,0.6451524893442789,0.7218850553035736,0.4604743083003952,0.5089427052813752,0.5111111111111111,0.0,0.0,0.0,0.0,0.0,0.0,0.0,0.0,0.0,,,,,18473,global,0.4
3,1,lr1e-05_bs32_modL1_fusion16_fusionL1_fusionBN0_drop0p1__wd1e-04trmiss40_trlocglobal,32,1e-05,0.0001,1,16,1,False,0.1,lr1e-05_bs32_modL1_fusion16_fusionL1_fusionBN0_drop0p1__wd1e-04trmiss40_trlocglobal,49,0.646916518608729,0.7213783264160156,0.4604743083003952,0.5092358338629911,0.5111111111111111,0.0,0.0,0.0,0.0,0.0,0.0,0.0,0.0,0.0,,,,,18473,global,0.4
3,1,lr1e-05_bs32_modL1_fusion16_fusionL1_fusionBN0_drop0p1__wd1e-04trmiss40_trlocglobal,32,1e-05,0.0001,1,16,1,False,0.1,lr1e-05_bs32_modL1_fusion16_fusionL1_fusionBN0_drop0p1__wd1e-04trmiss40_trlocglobal,50,0.6494077245394388,0.7212413847446442,0.458498023715415,0.5054736352777783,0.5111111111111111,0.0,0.0,0.0,0.0,0.0,0.0,0.0,0.0,0.0,,,,,18473,global,0.4
3,1,lr1e-05_bs32_modL1_fusion16_fusionL1_fusionBN0_drop0p1__wd1e-04trmiss40_trlocglobal,32,1e-05,0.0001,1,16,1,False,0.1,lr1e-05_bs32_modL1_fusion16_fusionL1_fusionBN0_drop0p1__wd1e-04trmiss40_trlocglobal,51,0.6475147505601248,0.7214426100254059,0.4624505928853755,0.509282628217206,0.5111111111111111,0.0,0.0,0.0,0.0,0.0,0.0,0.0,0.0,0.0,,,,,18473,global,0.4
3,1,lr1e-05_bs32_modL1_fusion32_fusionL1_fusionBN0_drop0p2__wd1e-04trmiss40_trlocglobal,32,1e-05,0.0001,1,32,1,False,0.2,lr1e-05_bs32_modL1_fusion32_fusionL1_fusionBN0_drop0p2__wd1e-04trmiss40_trlocglobal,1,0.7076647380987803,0.7079305946826935,0.4130434782608695,0.4805389513496668,0.4,0.0,0.0,0.0,0.0,0.0,0.0,0.0,0.0,0.0,,,,,18473,global,0.4
3,1,lr1e-05_bs32_modL1_fusion32_fusionL1_fusionBN0_drop0p2__wd1e-04trmiss40_trlocglobal,32,1e-05,0.0001,1,32,1,False,0.2,lr1e-05_bs32_modL1_fusion32_fusionL1_fusionBN0_drop0p2__wd1e-04trmiss40_trlocglobal,2,0.7114372750123342,0.7104835212230682,0.41304347826086957,0.4821983969396138,0.4444444444444444,0.0,0.0,0.0,0.0,0.0,0.0,0.0,0.0,0.0,,,,,18473,global,0.4
3,1,lr1e-05_bs32_modL1_fusion32_fusionL1_fusionBN0_drop0p2__wd1e-04trmiss40_trlocglobal,32,1e-05,0.0001,1,32,1,False,0.2,lr1e-05_bs32_modL1_fusion32_fusionL1_fusionBN0_drop0p2__wd1e-04trmiss40_trlocglobal,3,0.7003685434659322,0.7129203975200653,0.4189723320158103,0.48611964734643487,0.4222222222222222,0.0,0.0,0.0,0.0,0.0,0.0,0.0,0.0,0.0,,,,,18473,global,0.4
3,1,lr1e-05_bs32_modL1_fusion32_fusionL1_fusionBN0_drop0p2__wd1e-04trmiss40_trlocglobal,32,1e-05,0.0001,1,32,1,False,0.2,lr1e-05_bs32_modL1_fusion32_fusionL1_fusionBN0_drop0p2__wd1e-04trmiss40_trlocglobal,4,0.6932688554128011,0.7154569029808044,0.40711462450592883,0.4710594889682263,0.4666666666666667,0.0,0.0,0.0,0.0,0.0,0.0,0.0,0.0,0.0,,,,,18473,global,0.4
3,1,lr1e-05_bs32_modL1_fusion32_fusionL1_fusionBN0_drop0p2__wd1e-04trmiss40_trlocglobal,32,1e-05,0.0001,1,32,1,False,0.2,lr1e-05_bs32_modL1_fusion32_fusionL1_fusionBN0_drop0p2__wd1e-04trmiss40_trlocglobal,5,0.7033729056517283,0.7172139585018158,0.4071146245059289,0.4728898908889762,0.4888888888888889,0.0,0.0,0.0,0.0,0.0,0.0,0.0,0.0,0.0,,,,,18473,global,0.4
3,1,lr1e-05_bs32_modL1_fusion32_fusionL1_fusionBN0_drop0p2__wd1e-04trmiss40_trlocglobal,32,1e-05,0.0001,1,32,1,False,0.2,lr1e-05_bs32_modL1_fusion32_fusionL1_fusionBN0_drop0p2__wd1e-04trmiss40_trlocglobal,6,0.6924544274806976,0.7189907431602478,0.40909090909090906,0.474247992860889,0.4666666666666667,0.0,0.0,0.0,0.0,0.0,0.0,0.0,0.0,0.0,,,,,18473,global,0.4
3,1,lr1e-05_bs32_modL1_fusion32_fusionL1_fusionBN0_drop0p2__wd1e-04trmiss40_trlocglobal,32,1e-05,0.0001,1,32,1,False,0.2,lr1e-05_bs32_modL1_fusion32_fusionL1_fusionBN0_drop0p2__wd1e-04trmiss40_trlocglobal,7,0.6900483270486196,0.7197057008743286,0.4071146245059289,0.4733190675273146,0.4666666666666667,0.0,0.0,0.0,0.0,0.0,0.0,0.0,0.0,0.0,,,,,18473,global,0.4
3,1,lr1e-05_bs32_modL1_fusion32_fusionL1_fusionBN0_drop0p2__wd1e-04trmiss40_trlocglobal,32,1e-05,0.0001,1,32,1,False,0.2,lr1e-05_bs32_modL1_fusion32_fusionL1_fusionBN0_drop0p2__wd1e-04trmiss40_trlocglobal,8,0.6887555221716563,0.7207829654216766,0.4071146245059289,0.4733190675273146,0.4444444444444444,0.0,0.0,0.0,0.0,0.0,0.0,0.0,0.0,0.0,,,,,18473,global,0.4
3,1,lr1e-05_bs32_modL1_fusion32_fusionL1_fusionBN0_drop0p2__wd1e-04trmiss40_trlocglobal,32,1e-05,0.0001,1,32,1,False,0.2,lr1e-05_bs32_modL1_fusion32_fusionL1_fusionBN0_drop0p2__wd1e-04trmiss40_trlocglobal,9,0.6941319207350413,0.7215281426906586,0.4051383399209486,0.47366544121464943,0.4444444444444444,0.0,0.0,0.0,0.0,0.0,0.0,0.0,0.0,0.0,,,,,18473,global,0.4
3,1,lr1e-05_bs32_modL1_fusion32_fusionL1_fusionBN0_drop0p2__wd1e-04trmiss40_trlocglobal,32,1e-05,0.0001,1,32,1,False,0.2,lr1e-05_bs32_modL1_fusion32_fusionL1_fusionBN0_drop0p2__wd1e-04trmiss40_trlocglobal,10,0.6844410598278046,0.7215274274349213,0.40316205533596844,0.47312293172073333,0.4444444444444444,0.0,0.0,0.0,0.0,0.0,0.0,0.0,0.0,0.0,,,,,18473,global,0.4
3,1,lr1e-05_bs32_modL1_fusion32_fusionL1_fusionBN0_drop0p2__wd1e-04trmiss40_trlocglobal,32,1e-05,0.0001,1,32,1,False,0.2,lr1e-05_bs32_modL1_fusion32_fusionL1_fusionBN0_drop0p2__wd1e-04trmiss40_trlocglobal,11,0.6791075567404429,0.7215049862861633,0.40316205533596844,0.47270797483014365,0.4444444444444444,0.0,0.0,0.0,0.0,0.0,0.0,0.0,0.0,0.0,,,,,18473,global,0.4
3,1,lr1e-05_bs32_modL1_fusion32_fusionL1_fusionBN0_drop0p2__wd1e-04trmiss40_trlocglobal,32,1e-05,0.0001,1,32,1,False,0.2,lr1e-05_bs32_modL1_fusion32_fusionL1_fusionBN0_drop0p2__wd1e-04trmiss40_trlocglobal,12,0.6830243368943533,0.7212492823600769,0.40711462450592883,0.4789485153618108,0.4444444444444444,0.0,0.0,0.0,0.0,0.0,0.0,0.0,0.0,0.0,,,,,18473,global,0.4
3,1,lr1e-05_bs32_modL1_fusion32_fusionL1_fusionBN0_drop0p2__wd1e-04trmiss40_trlocglobal,32,1e-05,0.0001,1,32,1,False,0.2,lr1e-05_bs32_modL1_fusion32_fusionL1_fusionBN0_drop0p2__wd1e-04trmiss40_trlocglobal,13,0.6840026577313741,0.7215172350406647,0.41304347826086957,0.4819648404689288,0.4666666666666667,0.0,0.0,0.0,0.0,0.0,0.0,0.0,0.0,0.0,,,,,18473,global,0.4
3,1,lr1e-05_bs32_modL1_fusion32_fusionL1_fusionBN0_drop0p2__wd1e-04trmiss40_trlocglobal,32,1e-05,0.0001,1,32,1,False,0.2,lr1e-05_bs32_modL1_fusion32_fusionL1_fusionBN0_drop0p2__wd1e-04trmiss40_trlocglobal,14,0.6807581682999929,0.721540629863739,0.41304347826086957,0.4883416520631317,0.4666666666666667,0.0,0.0,0.0,0.0,0.0,0.0,0.0,0.0,0.0,,,,,18473,global,0.4
3,1,lr1e-05_bs32_modL1_fusion32_fusionL1_fusionBN0_drop0p2__wd1e-04trmiss40_trlocglobal,32,1e-05,0.0001,1,32,1,False,0.2,lr1e-05_bs32_modL1_fusion32_fusionL1_fusionBN0_drop0p2__wd1e-04trmiss40_trlocglobal,15,0.6805462638537089,0.7212828993797302,0.41304347826086957,0.48916941126045604,0.4888888888888889,0.0,0.0,0.0,0.0,0.0,0.0,0.0,0.0,0.0,,,,,18473,global,0.4
3,1,lr1e-05_bs32_modL1_fusion32_fusionL1_fusionBN0_drop0p2__wd1e-04trmiss40_trlocglobal,32,1e-05,0.0001,1,32,1,False,0.2,lr1e-05_bs32_modL1_fusion32_fusionL1_fusionBN0_drop0p2__wd1e-04trmiss40_trlocglobal,16,0.6749923725922903,0.7212306261062622,0.4090909090909091,0.5082430028188808,0.4888888888888889,0.0,0.0,0.0,0.0,0.0,0.0,0.0,0.0,0.0,,,,,18473,global,0.4
3,1,lr1e-05_bs32_modL1_fusion32_fusionL1_fusionBN0_drop0p2__wd1e-04trmiss40_trlocglobal,32,1e-05,0.0001,1,32,1,False,0.2,lr1e-05_bs32_modL1_fusion32_fusionL1_fusionBN0_drop0p2__wd1e-04trmiss40_trlocglobal,17,0.6773972312609354,0.7210389077663422,0.41106719367588934,0.5098734376014895,0.4888888888888889,0.0,0.0,0.0,0.0,0.0,0.0,0.0,0.0,0.0,,,,,18473,global,0.4
3,1,lr1e-05_bs32_modL1_fusion32_fusionL1_fusionBN0_drop0p2__wd1e-04trmiss40_trlocglobal,32,1e-05,0.0001,1,32,1,False,0.2,lr1e-05_bs32_modL1_fusion32_fusionL1_fusionBN0_drop0p2__wd1e-04trmiss40_trlocglobal,18,0.6746468842029572,0.7212472558021545,0.41106719367588934,0.5096147836185231,0.4888888888888889,0.0,0.0,0.0,0.0,0.0,0.0,0.0,0.0,0.0,,,,,18473,global,0.4
3,1,lr1e-05_bs32_modL1_fusion32_fusionL1_fusionBN0_drop0p2__wd1e-04trmiss40_trlocglobal,32,1e-05,0.0001,1,32,1,False,0.2,lr1e-05_bs32_modL1_fusion32_fusionL1_fusionBN0_drop0p2__wd1e-04trmiss40_trlocglobal,19,0.6796965102354685,0.7212624251842499,0.41304347826086957,0.5102435412756801,0.4888888888888889,0.0,0.0,0.0,0.0,0.0,0.0,0.0,0.0,0.0,,,,,18473,global,0.4
3,1,lr1e-05_bs32_modL1_fusion32_fusionL1_fusionBN0_drop0p2__wd1e-04trmiss40_trlocglobal,32,1e-05,0.0001,1,32,1,False,0.2,lr1e-05_bs32_modL1_fusion32_fusionL1_fusionBN0_drop0p2__wd1e-04trmiss40_trlocglobal,20,0.6753378609816233,0.720855176448822,0.41501976284584985,0.5111081348457012,0.4888888888888889,0.0,0.0,0.0,0.0,0.0,0.0,0.0,0.0,0.0,,,,,18473,global,0.4
3,1,lr1e-05_bs32_modL1_fusion32_fusionL1_fusionBN0_drop0p2__wd1e-04trmiss40_trlocglobal,32,1e-05,0.0001,1,32,1,False,0.2,lr1e-05_bs32_modL1_fusion32_fusionL1_fusionBN0_drop0p2__wd1e-04trmiss40_trlocglobal,21,0.6681240200996399,0.7208784818649292,0.4130434782608696,0.5106030843406506,0.5111111111111111,0.0,0.0,0.0,0.0,0.0,0.0,0.0,0.0,0.0,,,,,18473,global,0.4
3,1,lr1e-05_bs32_modL1_fusion32_fusionL1_fusionBN0_drop0p2__wd1e-04trmiss40_trlocglobal,32,1e-05,0.0001,1,32,1,False,0.2,lr1e-05_bs32_modL1_fusion32_fusionL1_fusionBN0_drop0p2__wd1e-04trmiss40_trlocglobal,22,0.6800700724124908,0.7212380468845367,0.4110671936758894,0.5114128318999372,0.5111111111111111,0.0,0.0,0.0,0.0,0.0,0.0,0.0,0.0,0.0,,,,,18473,global,0.4
3,1,lr1e-05_bs32_modL1_fusion32_fusionL1_fusionBN0_drop0p2__wd1e-04trmiss40_trlocglobal,32,1e-05,0.0001,1,32,1,False,0.2,lr1e-05_bs32_modL1_fusion32_fusionL1_fusionBN0_drop0p2__wd1e-04trmiss40_trlocglobal,23,0.667318711678187,0.7214021384716034,0.4090909090909091,0.5108050712641261,0.4888888888888889,0.0,0.0,0.0,0.0,0.0,0.0,0.0,0.0,0.0,,,,,18473,global,0.4
3,1,lr1e-05_bs32_modL1_fusion32_fusionL1_fusionBN0_drop0p2__wd1e-04trmiss40_trlocglobal,32,1e-05,0.0001,1,32,1,False,0.2,lr1e-05_bs32_modL1_fusion32_fusionL1_fusionBN0_drop0p2__wd1e-04trmiss40_trlocglobal,24,0.667589803536733,0.7215029895305634,0.40513833992094866,0.5096355955181281,0.4888888888888889,0.0,0.0,0.0,0.0,0.0,0.0,0.0,0.0,0.0,,,,,18473,global,0.4
3,1,lr1e-05_bs32_modL1_fusion32_fusionL1_fusionBN0_drop0p2__wd1e-04trmiss40_trlocglobal,32,1e-05,0.0001,1,32,1,False,0.2,lr1e-05_bs32_modL1_fusion32_fusionL1_fusionBN0_drop0p2__wd1e-04trmiss40_trlocglobal,25,0.665714293718338,0.7216827571392059,0.40711462450592895,0.5102352956680531,0.4888888888888889,0.0,0.0,0.0,0.0,0.0,0.0,0.0,0.0,0.0,,,,,18473,global,0.4
3,1,lr1e-05_bs32_modL1_fusion32_fusionL1_fusionBN0_drop0p2__wd1e-04trmiss40_trlocglobal,32,1e-05,0.0001,1,32,1,False,0.2,lr1e-05_bs32_modL1_fusion32_fusionL1_fusionBN0_drop0p2__wd1e-04trmiss40_trlocglobal,26,0.6589469810326894,0.7215046882629395,0.4071146245059289,0.5100114169241953,0.4666666666666667,0.0,0.0,0.0,0.0,0.0,0.0,0.0,0.0,0.0,,,,,18473,global,0.4
3,1,lr1e-05_bs32_modL1_fusion32_fusionL1_fusionBN0_drop0p2__wd1e-04trmiss40_trlocglobal,32,1e-05,0.0001,1,32,1,False,0.2,lr1e-05_bs32_modL1_fusion32_fusionL1_fusionBN0_drop0p2__wd1e-04trmiss40_trlocglobal,27,0.6725087364514669,0.7212882936000824,0.40909090909090917,0.5115065898455259,0.4666666666666667,0.0,0.0,0.0,0.0,0.0,0.0,0.0,0.0,0.0,,,,,18473,global,0.4
3,1,lr1e-05_bs32_modL1_fusion32_fusionL1_fusionBN0_drop0p2__wd1e-04trmiss40_trlocglobal,32,1e-05,0.0001,1,32,1,False,0.2,lr1e-05_bs32_modL1_fusion32_fusionL1_fusionBN0_drop0p2__wd1e-04trmiss40_trlocglobal,28,0.665692408879598,0.7212052047252655,0.40513833992094866,0.48890104479196567,0.4888888888888889,0.0,0.0,0.0,0.0,0.0,0.0,0.0,0.0,0.0,,,,,18473,global,0.4
3,1,lr1e-05_bs32_modL1_fusion32_fusionL1_fusionBN0_drop0p2__wd1e-04trmiss40_trlocglobal,32,1e-05,0.0001,1,32,1,False,0.2,lr1e-05_bs32_modL1_fusion32_fusionL1_fusionBN0_drop0p2__wd1e-04trmiss40_trlocglobal,29,0.6685108542442322,0.721098780632019,0.4090909090909091,0.5112827111016679,0.4888888888888889,0.0,0.0,0.0,0.0,0.0,0.0,0.0,0.0,0.0,,,,,18473,global,0.4
3,1,lr1e-05_bs32_modL1_fusion32_fusionL1_fusionBN0_drop0p2__wd1e-04trmiss40_trlocglobal,32,1e-05,0.0001,1,32,1,False,0.2,lr1e-05_bs32_modL1_fusion32_fusionL1_fusionBN0_drop0p2__wd1e-04trmiss40_trlocglobal,30,0.6572225789229075,0.7210485637187958,0.4130434782608696,0.5134330092167796,0.4888888888888889,0.0,0.0,0.0,0.0,0.0,0.0,0.0,0.0,0.0,,,,,18473,global,0.4
3,1,lr1e-05_bs32_modL1_fusion32_fusionL1_fusionBN0_drop0p2__wd1e-04trmiss40_trlocglobal,32,1e-05,0.0001,1,32,1,False,0.2,lr1e-05_bs32_modL1_fusion32_fusionL1_fusionBN0_drop0p2__wd1e-04trmiss40_trlocglobal,31,0.6654797593752543,0.7216915488243103,0.41304347826086957,0.5143020347731655,0.4888888888888889,0.0,0.0,0.0,0.0,0.0,0.0,0.0,0.0,0.0,,,,,18473,global,0.4
3,1,lr1e-05_bs32_modL1_fusion32_fusionL1_fusionBN0_drop0p2__wd1e-04trmiss40_trlocglobal,32,1e-05,0.0001,1,32,1,False,0.2,lr1e-05_bs32_modL1_fusion32_fusionL1_fusionBN0_drop0p2__wd1e-04trmiss40_trlocglobal,32,0.6540359159310659,0.7213620841503143,0.41304347826086957,0.5143020347731655,0.4888888888888889,0.0,0.0,0.0,0.0,0.0,0.0,0.0,0.0,0.0,,,,,18473,global,0.4
3,1,lr1e-05_bs32_modL1_fusion32_fusionL1_fusionBN0_drop0p2__wd1e-04trmiss40_trlocglobal,32,1e-05,0.0001,1,32,1,False,0.2,lr1e-05_bs32_modL1_fusion32_fusionL1_fusionBN0_drop0p2__wd1e-04trmiss40_trlocglobal,33,0.6532529791196188,0.7215567529201508,0.41501976284584985,0.5138037195050292,0.4888888888888889,0.0,0.0,0.0,0.0,0.0,0.0,0.0,0.0,0.0,,,,,18473,global,0.4
3,1,lr1e-05_bs32_modL1_fusion32_fusionL1_fusionBN0_drop0p2__wd1e-04trmiss40_trlocglobal,32,1e-05,0.0001,1,32,1,False,0.2,lr1e-05_bs32_modL1_fusion32_fusionL1_fusionBN0_drop0p2__wd1e-04trmiss40_trlocglobal,34,0.6576703091462454,0.7213657200336456,0.41501976284584985,0.5137811575259456,0.5111111111111111,0.0,0.0,0.0,0.0,0.0,0.0,0.0,0.0,0.0,,,,,18473,global,0.4
3,1,lr1e-05_bs32_modL1_fusion32_fusionL1_fusionBN0_drop0p2__wd1e-04trmiss40_trlocglobal,32,1e-05,0.0001,1,32,1,False,0.2,lr1e-05_bs32_modL1_fusion32_fusionL1_fusionBN0_drop0p2__wd1e-04trmiss40_trlocglobal,35,0.6534819702307383,0.7210916876792908,0.4130434782608696,0.5131386216510259,0.5111111111111111,0.0,0.0,0.0,0.0,0.0,0.0,0.0,0.0,0.0,,,,,18473,global,0.4
3,1,lr1e-05_bs32_modL1_fusion32_fusionL1_fusionBN0_drop0p2__wd1e-04trmiss40_trlocglobal,32,1e-05,0.0001,1,32,1,False,0.2,lr1e-05_bs32_modL1_fusion32_fusionL1_fusionBN0_drop0p2__wd1e-04trmiss40_trlocglobal,36,0.6590639352798462,0.7211542725563049,0.41501976284584985,0.5129124042275248,0.5111111111111111,0.0,0.0,0.0,0.0,0.0,0.0,0.0,0.0,0.0,,,,,18473,global,0.4
3,1,lr1e-05_bs32_modL1_fusion32_fusionL1_fusionBN0_drop0p2__wd1e-04trmiss40_trlocglobal,32,1e-05,0.0001,1,32,1,False,0.2,lr1e-05_bs32_modL1_fusion32_fusionL1_fusionBN0_drop0p2__wd1e-04trmiss40_trlocglobal,37,0.6585840284824371,0.7214155197143555,0.41106719367588934,0.5116701682026801,0.5111111111111111,0.0,0.0,0.0,0.0,0.0,0.0,0.0,0.0,0.0,,,,,18473,global,0.4
3,1,lr1e-05_bs32_modL1_fusion32_fusionL1_fusionBN0_drop0p2__wd1e-04trmiss40_trlocglobal,32,1e-05,0.0001,1,32,1,False,0.2,lr1e-05_bs32_modL1_fusion32_fusionL1_fusionBN0_drop0p2__wd1e-04trmiss40_trlocglobal,38,0.657789925734202,0.7214852571487427,0.4189723320158103,0.5157947531970045,0.4888888888888889,0.0,0.0,0.0,0.0,0.0,0.0,0.0,0.0,0.0,,,,,18473,global,0.4
3,1,lr1e-05_bs32_modL1_fusion32_fusionL1_fusionBN0_drop0p2__wd1e-04trmiss40_trlocglobal,32,1e-05,0.0001,1,32,1,False,0.2,lr1e-05_bs32_modL1_fusion32_fusionL1_fusionBN0_drop0p2__wd1e-04trmiss40_trlocglobal,39,0.6523976624011993,0.7217475473880768,0.4130434782608696,0.5131386216510259,0.5111111111111111,0.0,0.0,0.0,0.0,0.0,0.0,0.0,0.0,0.0,,,,,18473,global,0.4
3,1,lr1e-05_bs32_modL1_fusion32_fusionL1_fusionBN0_drop0p2__wd1e-04trmiss40_trlocglobal,32,1e-05,0.0001,1,32,1,False,0.2,lr1e-05_bs32_modL1_fusion32_fusionL1_fusionBN0_drop0p2__wd1e-04trmiss40_trlocglobal,40,0.6512828469276428,0.7218433916568756,0.4130434782608696,0.5140469559992579,0.4888888888888889,0.0,0.0,0.0,0.0,0.0,0.0,0.0,0.0,0.0,,,,,18473,global,0.4
3,1,lr1e-05_bs32_modL1_fusion32_fusionL1_fusionBN0_drop0p2__wd1e-04trmiss40_trlocglobal,32,1e-05,0.0001,1,32,1,False,0.2,lr1e-05_bs32_modL1_fusion32_fusionL1_fusionBN0_drop0p2__wd1e-04trmiss40_trlocglobal,41,0.6532591084639231,0.7217141091823578,0.41304347826086957,0.5138019594499136,0.4888888888888889,0.0,0.0,0.0,0.0,0.0,0.0,0.0,0.0,0.0,,,,,18473,global,0.4
3,1,lr1e-05_bs32_modL1_fusion32_fusionL1_fusionBN0_drop0p2__wd1e-04trmiss40_trlocglobal,32,1e-05,0.0001,1,32,1,False,0.2,lr1e-05_bs32_modL1_fusion32_fusionL1_fusionBN0_drop0p2__wd1e-04trmiss40_trlocglobal,42,0.6549484431743622,0.7220965921878815,0.4150197628458498,0.5144444953248333,0.5111111111111111,0.0,0.0,0.0,0.0,0.0,0.0,0.0,0.0,0.0,,,,,18473,global,0.4
3,1,lr1e-05_bs32_modL1_fusion32_fusionL1_fusionBN0_drop0p2__wd1e-04trmiss40_trlocglobal,32,1e-05,0.0001,1,32,1,False,0.2,lr1e-05_bs32_modL1_fusion32_fusionL1_fusionBN0_drop0p2__wd1e-04trmiss40_trlocglobal,43,0.6493568420410156,0.7215311825275421,0.4130434782608696,0.5138467355966387,0.5111111111111111,0.0,0.0,0.0,0.0,0.0,0.0,0.0,0.0,0.0,,,,,18473,global,0.4
3,1,lr1e-05_bs32_modL1_fusion32_fusionL1_fusionBN0_drop0p2__wd1e-04trmiss40_trlocglobal,32,1e-05,0.0001,1,32,1,False,0.2,lr1e-05_bs32_modL1_fusion32_fusionL1_fusionBN0_drop0p2__wd1e-04trmiss40_trlocglobal,44,0.6473371485869089,0.7217983901500702,0.41106719367588934,0.513156604471725,0.5111111111111111,0.0,0.0,0.0,0.0,0.0,0.0,0.0,0.0,0.0,,,,,18473,global,0.4
3,1,lr1e-05_bs32_modL1_fusion32_fusionL1_fusionBN0_drop0p2__wd1e-04trmiss40_trlocglobal,32,1e-05,0.0001,1,32,1,False,0.2,lr1e-05_bs32_modL1_fusion32_fusionL1_fusionBN0_drop0p2__wd1e-04trmiss40_trlocglobal,45,0.6602202951908112,0.7218240797519684,0.41106719367588934,0.5156196586589171,0.5111111111111111,0.0,0.0,0.0,0.0,0.0,0.0,0.0,0.0,0.0,,,,,18473,global,0.4
3,1,lr1e-05_bs32_modL1_fusion32_fusionL1_fusionBN0_drop0p2__wd1e-04trmiss40_trlocglobal,32,1e-05,0.0001,1,32,1,False,0.2,lr1e-05_bs32_modL1_fusion32_fusionL1_fusionBN0_drop0p2__wd1e-04trmiss40_trlocglobal,46,0.6549086471398672,0.7213403284549713,0.4130434782608696,0.5138467355966387,0.5333333333333333,0.0,0.0,0.0,0.0,0.0,0.0,0.0,0.0,0.0,,,,,18473,global,0.4
3,1,lr1e-05_bs32_modL1_fusion32_fusionL1_fusionBN0_drop0p2__wd1e-04trmiss40_trlocglobal,32,1e-05,0.0001,1,32,1,False,0.2,lr1e-05_bs32_modL1_fusion32_fusionL1_fusionBN0_drop0p2__wd1e-04trmiss40_trlocglobal,47,0.6554497480392456,0.7212394177913666,0.4169960474308301,0.5168319701299097,0.5333333333333333,0.0,0.0,0.0,0.0,0.0,0.0,0.0,0.0,0.0,,,,,18473,global,0.4
3,1,lr1e-05_bs32_modL1_fusion32_fusionL1_fusionBN0_drop0p2__wd1e-04trmiss40_trlocglobal,32,1e-05,0.0001,1,32,1,False,0.2,lr1e-05_bs32_modL1_fusion32_fusionL1_fusionBN0_drop0p2__wd1e-04trmiss40_trlocglobal,48,0.650706817706426,0.7213939130306244,0.4150197628458498,0.5164437713721457,0.5333333333333333,0.0,0.0,0.0,0.0,0.0,0.0,0.0,0.0,0.0,,,,,18473,global,0.4
3,1,lr1e-05_bs32_modL1_fusion32_fusionL1_fusionBN0_drop0p2__wd1e-04trmiss40_trlocglobal,32,1e-05,0.0001,1,32,1,False,0.2,lr1e-05_bs32_modL1_fusion32_fusionL1_fusionBN0_drop0p2__wd1e-04trmiss40_trlocglobal,49,0.6428178946177164,0.7213788032531738,0.41304347826086957,0.515753640247232,0.5333333333333333,0.0,0.0,0.0,0.0,0.0,0.0,0.0,0.0,0.0,,,,,18473,global,0.4
3,1,lr1e-05_bs32_modL1_fusion32_fusionL1_fusionBN0_drop0p2__wd1e-04trmiss40_trlocglobal,32,1e-05,0.0001,1,32,1,False,0.2,lr1e-05_bs32_modL1_fusion32_fusionL1_fusionBN0_drop0p2__wd1e-04trmiss40_trlocglobal,50,0.6489173769950867,0.7209498286247253,0.42490118577075103,0.5249562122487759,0.5333333333333333,0.0,0.0,0.0,0.0,0.0,0.0,0.0,0.0,0.0,,,,,18473,global,0.4
3,1,lr1e-05_bs32_modL1_fusion32_fusionL1_fusionBN0_drop0p2__wd1e-04trmiss40_trlocglobal,32,1e-05,0.0001,1,32,1,False,0.2,lr1e-05_bs32_modL1_fusion32_fusionL1_fusionBN0_drop0p2__wd1e-04trmiss40_trlocglobal,51,0.6495649218559265,0.7207075655460358,0.4229249011857708,0.5247909474518799,0.5111111111111111,0.0,0.0,0.0,0.0,0.0,0.0,0.0,0.0,0.0,,,,,18473,global,0.4
3,1,lr1e-05_bs32_modL1_fusion32_fusionL1_fusionBN0_drop0p2__wd1e-04trmiss40_trlocglobal,32,1e-05,0.0001,1,32,1,False,0.2,lr1e-05_bs32_modL1_fusion32_fusionL1_fusionBN0_drop0p2__wd1e-04trmiss40_trlocglobal,52,0.658230205376943,0.720770388841629,0.42292490118577075,0.5255216745253181,0.5111111111111111,0.0,0.0,0.0,0.0,0.0,0.0,0.0,0.0,0.0,,,,,18473,global,0.4
3,1,lr1e-05_bs32_modL1_fusion32_fusionL1_fusionBN0_drop0p2__wd1e-04trmiss40_trlocglobal,32,1e-05,0.0001,1,32,1,False,0.2,lr1e-05_bs32_modL1_fusion32_fusionL1_fusionBN0_drop0p2__wd1e-04trmiss40_trlocglobal,53,0.646393766005834,0.7207188606262207,0.42292490118577075,0.5254481518711502,0.5111111111111111,0.0,0.0,0.0,0.0,0.0,0.0,0.0,0.0,0.0,,,,,18473,global,0.4
3,1,lr1e-05_bs32_modL1_fusion32_fusionL1_fusionBN0_drop0p2__wd1e-04trmiss40_trlocglobal,32,1e-05,0.0001,1,32,1,False,0.2,lr1e-05_bs32_modL1_fusion32_fusionL1_fusionBN0_drop0p2__wd1e-04trmiss40_trlocglobal,54,0.6382198731104533,0.7206822037696838,0.42292490118577075,0.5260002567710812,0.5333333333333333,0.0,0.0,0.0,0.0,0.0,0.0,0.0,0.0,0.0,,,,,18473,global,0.4
3,1,lr1e-05_bs32_modL1_fusion32_fusionL1_fusionBN0_drop0p2__wd1e-04trmiss40_trlocglobal,32,1e-05,0.0001,1,32,1,False,0.2,lr1e-05_bs32_modL1_fusion32_fusionL1_fusionBN0_drop0p2__wd1e-04trmiss40_trlocglobal,55,0.649963915348053,0.7208978235721588,0.42292490118577075,0.5254481518711502,0.5333333333333333,0.0,0.0,0.0,0.0,0.0,0.0,0.0,0.0,0.0,,,,,18473,global,0.4
3,1,lr1e-05_bs32_modL1_fusion32_fusionL1_fusionBN0_drop0p2__wd1e-04trmiss40_trlocglobal,32,1e-05,0.0001,1,32,1,False,0.2,lr1e-05_bs32_modL1_fusion32_fusionL1_fusionBN0_drop0p2__wd1e-04trmiss40_trlocglobal,56,0.647075742483139,0.7211235165596008,0.42292490118577075,0.5264427526099965,0.5333333333333333,0.0,0.0,0.0,0.0,0.0,0.0,0.0,0.0,0.0,,,,,18473,global,0.4
3,1,lr1e-05_bs32_modL1_fusion32_fusionL1_fusionBN0_drop0p2__wd1e-04trmiss40_trlocglobal,32,1e-05,0.0001,1,32,1,False,0.2,lr1e-05_bs32_modL1_fusion32_fusionL1_fusionBN0_drop0p2__wd1e-04trmiss40_trlocglobal,57,0.6500892341136932,0.7210047543048859,0.42292490118577075,0.5264427526099965,0.5333333333333333,0.0,0.0,0.0,0.0,0.0,0.0,0.0,0.0,0.0,,,,,18473,global,0.4
3,1,lr1e-05_bs32_modL1_fusion32_fusionL1_fusionBN0_drop0p2__wd1e-04trmiss40_trlocglobal,32,1e-05,0.0001,1,32,1,False,0.2,lr1e-05_bs32_modL1_fusion32_fusionL1_fusionBN0_drop0p2__wd1e-04trmiss40_trlocglobal,58,0.6491164565086365,0.7211095690727234,0.4189723320158103,0.5229489637901208,0.5333333333333333,0.0,0.0,0.0,0.0,0.0,0.0,0.0,0.0,0.0,,,,,18473,global,0.4
3,1,lr1e-05_bs32_modL1_fusion32_fusionL1_fusionBN0_drop0p2__wd1e-04trmiss40_trlocglobal,32,1e-05,0.0001,1,32,1,False,0.2,lr1e-05_bs32_modL1_fusion32_fusionL1_fusionBN0_drop0p2__wd1e-04trmiss40_trlocglobal,59,0.6441521346569061,0.7208108305931091,0.42292490118577075,0.5260002567710812,0.5333333333333333,0.0,0.0,0.0,0.0,0.0,0.0,0.0,0.0,0.0,,,,,18473,global,0.4
3,1,lr1e-05_bs32_modL1_fusion32_fusionL1_fusionBN0_drop0p2__wd1e-04trmiss40_trlocglobal,32,1e-05,0.0001,1,32,1,False,0.2,lr1e-05_bs32_modL1_fusion32_fusionL1_fusionBN0_drop0p2__wd1e-04trmiss40_trlocglobal,60,0.6477105915546417,0.7206632792949677,0.424901185770751,0.5283717982730575,0.5333333333333333,0.0,0.0,0.0,0.0,0.0,0.0,0.0,0.0,0.0,,,,,18473,global,0.4
3,1,lr1e-05_bs32_modL1_fusion32_fusionL1_fusionBN0_drop0p2__wd1e-04trmiss40_trlocglobal,32,1e-05,0.0001,1,32,1,False,0.2,lr1e-05_bs32_modL1_fusion32_fusionL1_fusionBN0_drop0p2__wd1e-04trmiss40_trlocglobal,61,0.6441657245159149,0.7213467061519623,0.42292490118577075,0.5278662371001556,0.5333333333333333,0.0,0.0,0.0,0.0,0.0,0.0,0.0,0.0,0.0,,,,,18473,global,0.4
3,1,lr1e-05_bs32_modL1_fusion32_fusionL1_fusionBN0_drop0p2__wd1e-04trmiss40_trlocglobal,32,1e-05,0.0001,1,32,1,False,0.2,lr1e-05_bs32_modL1_fusion32_fusionL1_fusionBN0_drop0p2__wd1e-04trmiss40_trlocglobal,62,0.6411223113536835,0.7216119468212128,0.41699604743082996,0.5233586996426687,0.5333333333333333,0.0,0.0,0.0,0.0,0.0,0.0,0.0,0.0,0.0,,,,,18473,global,0.4
3,1,lr1e-05_bs32_modL1_fusion32_fusionL1_fusionBN0_drop0p2__wd1e-04trmiss40_trlocglobal,32,1e-05,0.0001,1,32,1,False,0.2,lr1e-05_bs32_modL1_fusion32_fusionL1_fusionBN0_drop0p2__wd1e-04trmiss40_trlocglobal,63,0.6518549124399821,0.7210479378700256,0.4209486166007905,0.5240272936727984,0.5333333333333333,0.0,0.0,0.0,0.0,0.0,0.0,0.0,0.0,0.0,,,,,18473,global,0.4
3,1,lr1e-05_bs32_modL1_fusion32_fusionL1_fusionBN0_drop0p2__wd1e-04trmiss40_trlocglobal,32,1e-05,0.0001,1,32,1,False,0.2,lr1e-05_bs32_modL1_fusion32_fusionL1_fusionBN0_drop0p2__wd1e-04trmiss40_trlocglobal,64,0.6373741924762726,0.7211480438709259,0.4169960474308301,0.5220215705881484,0.5333333333333333,0.0,0.0,0.0,0.0,0.0,0.0,0.0,0.0,0.0,,,,,18473,global,0.4
3,1,lr1e-05_bs32_modL1_fusion32_fusionL1_fusionBN0_drop0p2__wd1e-04trmiss40_trlocglobal,32,1e-05,0.0001,1,32,1,False,0.2,lr1e-05_bs32_modL1_fusion32_fusionL1_fusionBN0_drop0p2__wd1e-04trmiss40_trlocglobal,65,0.6496252715587616,0.7212786376476288,0.4229249011857708,0.5270931610713251,0.5333333333333333,0.0,0.0,0.0,0.0,0.0,0.0,0.0,0.0,0.0,,,,,18473,global,0.4
3,1,lr1e-05_bs32_modL1_fusion32_fusionL1_fusionBN0_drop0p2__wd1e-04trmiss40_trlocglobal,32,1e-05,0.0001,1,32,1,False,0.2,lr1e-05_bs32_modL1_fusion32_fusionL1_fusionBN0_drop0p2__wd1e-04trmiss40_trlocglobal,66,0.6437618037064871,0.7205763757228851,0.42687747035573126,0.5299702637462033,0.5333333333333333,0.0,0.0,0.0,0.0,0.0,0.0,0.0,0.0,0.0,,,,,18473,global,0.4
3,1,lr1e-05_bs32_modL1_fusion32_fusionL1_fusionBN0_drop0p2__wd1e-04trmiss40_trlocglobal,32,1e-05,0.0001,1,32,1,False,0.2,lr1e-05_bs32_modL1_fusion32_fusionL1_fusionBN0_drop0p2__wd1e-04trmiss40_trlocglobal,67,0.6441111067930857,0.7210055291652679,0.4288537549407115,0.530690794073006,0.5333333333333333,0.0,0.0,0.0,0.0,0.0,0.0,0.0,0.0,0.0,,,,,18473,global,0.4
3,1,lr1e-05_bs32_modL1_fusion32_fusionL1_fusionBN0_drop0p2__wd1e-04trmiss40_trlocglobal,32,1e-05,0.0001,1,32,1,False,0.2,lr1e-05_bs32_modL1_fusion32_fusionL1_fusionBN0_drop0p2__wd1e-04trmiss40_trlocglobal,68,0.6461013754208883,0.7207456827163696,0.4308300395256917,0.531196355245908,0.5333333333333333,0.0,0.0,0.0,0.0,0.0,0.0,0.0,0.0,0.0,,,,,18473,global,0.4
3,1,lr1e-05_bs32_modL1_fusion32_fusionL1_fusionBN0_drop0p2__wd1e-04trmiss40_trlocglobal,32,1e-05,0.0001,1,32,1,False,0.2,lr1e-05_bs32_modL1_fusion32_fusionL1_fusionBN0_drop0p2__wd1e-04trmiss40_trlocglobal,69,0.6486849288145701,0.7203985154628754,0.4288537549407115,0.5301826066082969,0.5333333333333333,0.0,0.0,0.0,0.0,0.0,0.0,0.0,0.0,0.0,,,,,18473,global,0.4
3,1,lr1e-05_bs32_modL1_fusion32_fusionL1_fusionBN0_drop0p2__wd1e-04trmiss40_trlocglobal,32,1e-05,0.0001,1,32,1,False,0.2,lr1e-05_bs32_modL1_fusion32_fusionL1_fusionBN0_drop0p2__wd1e-04trmiss40_trlocglobal,70,0.6509858469168345,0.7207489907741547,0.42490118577075103,0.5294647025733014,0.5333333333333333,0.0,0.0,0.0,0.0,0.0,0.0,0.0,0.0,0.0,,,,,18473,global,0.4
3,1,lr1e-05_bs32_modL1_fusion32_fusionL1_fusionBN0_drop0p2__wd1e-04trmiss40_trlocglobal,32,1e-05,0.0001,1,32,1,False,0.2,lr1e-05_bs32_modL1_fusion32_fusionL1_fusionBN0_drop0p2__wd1e-04trmiss40_trlocglobal,71,0.6571188171704611,0.7211560606956482,0.4209486166007905,0.524748557298511,0.5333333333333333,0.0,0.0,0.0,0.0,0.0,0.0,0.0,0.0,0.0,,,,,18473,global,0.4
3,1,lr1e-05_bs32_modL1_fusion32_fusionL1_fusionBN0_drop0p2__wd1e-04trmiss40_trlocglobal,32,1e-05,0.0001,1,32,1,False,0.2,lr1e-05_bs32_modL1_fusion32_fusionL1_fusionBN0_drop0p2__wd1e-04trmiss40_trlocglobal,72,0.6439869701862335,0.7208542227745056,0.42687747035573126,0.5290923285998602,0.5333333333333333,0.0,0.0,0.0,0.0,0.0,0.0,0.0,0.0,0.0,,,,,18473,global,0.4
3,1,lr1e-05_bs32_modL1_fusion32_fusionL1_fusionBN0_drop0p2__wd1e-04trmiss40_trlocglobal,32,1e-05,0.0001,1,32,1,False,0.2,lr1e-05_bs32_modL1_fusion32_fusionL1_fusionBN0_drop0p2__wd1e-04trmiss40_trlocglobal,73,0.6462395091851553,0.7215560674667358,0.4268774703557312,0.5301852329001041,0.5333333333333333,0.0,0.0,0.0,0.0,0.0,0.0,0.0,0.0,0.0,,,,,18473,global,0.4
3,1,lr1e-05_bs32_modL1_fusion32_fusionL1_fusionBN0_drop0p2__wd1e-04trmiss40_trlocglobal,32,1e-05,0.0001,1,32,1,False,0.2,lr1e-05_bs32_modL1_fusion32_fusionL1_fusionBN0_drop0p2__wd1e-04trmiss40_trlocglobal,74,0.6413314441839854,0.7214264273643494,0.4288537549407115,0.5291142506486366,0.5333333333333333,0.0,0.0,0.0,0.0,0.0,0.0,0.0,0.0,0.0,,,,,18473,global,0.4
3,1,lr1e-05_bs32_modL1_fusion32_fusionL1_fusionBN0_drop0p2__wd1e-04trmiss40_trlocglobal,32,1e-05,0.0001,1,32,1,False,0.2,lr1e-05_bs32_modL1_fusion32_fusionL1_fusionBN0_drop0p2__wd1e-04trmiss40_trlocglobal,75,0.6452848116556803,0.7212961316108704,0.42687747035573126,0.5275157851754908,0.5333333333333333,0.0,0.0,0.0,0.0,0.0,0.0,0.0,0.0,0.0,,,,,18473,global,0.4
3,1,lr1e-05_bs32_modL1_fusion32_fusionL1_fusionBN0_drop0p2__wd1e-04trmiss40_trlocglobal,32,1e-05,0.0001,1,32,1,False,0.2,lr1e-05_bs32_modL1_fusion32_fusionL1_fusionBN0_drop0p2__wd1e-04trmiss40_trlocglobal,76,0.6447452505429586,0.721485048532486,0.424901185770751,0.5278209880883331,0.5333333333333333,0.0,0.0,0.0,0.0,0.0,0.0,0.0,0.0,0.0,,,,,18473,global,0.4
3,1,lr1e-05_bs32_modL1_fusion32_fusionL1_fusionBN0_drop0p2__wd1e-04trmiss40_trlocglobal,32,1e-05,0.0001,1,32,1,False,0.2,lr1e-05_bs32_modL1_fusion32_fusionL1_fusionBN0_drop0p2__wd1e-04trmiss40_trlocglobal,77,0.6438042422135671,0.721112996339798,0.42885375494071154,0.5290409918235037,0.5333333333333333,0.0,0.0,0.0,0.0,0.0,0.0,0.0,0.0,0.0,,,,,18473,global,0.4
3,1,lr1e-05_bs32_modL1_fusion32_fusionL1_fusionBN0_drop0p2__wd1e-04trmiss40_trlocglobal,32,1e-05,0.0001,1,32,1,False,0.2,lr1e-05_bs32_modL1_fusion32_fusionL1_fusionBN0_drop0p2__wd1e-04trmiss40_trlocglobal,78,0.6439691483974457,0.7212181389331818,0.43083003952569177,0.5296906669859225,0.5333333333333333,0.0,0.0,0.0,0.0,0.0,0.0,0.0,0.0,0.0,,,,,18473,global,0.4
3,1,lr1e-05_bs32_modL1_fusion32_fusionL1_fusionBN0_drop0p2__wd1e-04trmiss40_trlocglobal,32,1e-05,0.0001,1,32,1,False,0.2,lr1e-05_bs32_modL1_fusion32_fusionL1_fusionBN0_drop0p2__wd1e-04trmiss40_trlocglobal,79,0.6414080560207367,0.7214290797710419,0.4268774703557312,0.5274020703878629,0.5333333333333333,0.0,0.0,0.0,0.0,0.0,0.0,0.0,0.0,0.0,,,,,18473,global,0.4
3,1,lr1e-05_bs32_modL1_fusion32_fusionL1_fusionBN0_drop0p2__wd1e-04trmiss40_trlocglobal,32,1e-05,0.0001,1,32,1,False,0.2,lr1e-05_bs32_modL1_fusion32_fusionL1_fusionBN0_drop0p2__wd1e-04trmiss40_trlocglobal,80,0.6464671989281973,0.7211210429668427,0.4268774703557312,0.5281897208342596,0.5333333333333333,0.0,0.0,0.0,0.0,0.0,0.0,0.0,0.0,0.0,,,,,18473,global,0.4
3,1,lr1e-05_bs32_modL1_fusion32_fusionL1_fusionBN0_drop0p1__wd1e-04trmiss40_trlocglobal,32,1e-05,0.0001,1,32,1,False,0.1,lr1e-05_bs32_modL1_fusion32_fusionL1_fusionBN0_drop0p1__wd1e-04trmiss40_trlocglobal,1,0.694615642229716,0.6985877752304077,0.45454545454545453,0.49290177854061507,0.5333333333333333,0.0,0.0,0.0,0.0,0.0,0.0,0.0,0.0,0.0,,,,,18473,global,0.4
3,1,lr1e-05_bs32_modL1_fusion32_fusionL1_fusionBN0_drop0p1__wd1e-04trmiss40_trlocglobal,32,1e-05,0.0001,1,32,1,False,0.1,lr1e-05_bs32_modL1_fusion32_fusionL1_fusionBN0_drop0p1__wd1e-04trmiss40_trlocglobal,2,0.6869032084941864,0.7003853917121887,0.4268774703557312,0.4757695427594609,0.4888888888888889,0.0,0.0,0.0,0.0,0.0,0.0,0.0,0.0,0.0,,,,,18473,global,0.4
3,1,lr1e-05_bs32_modL1_fusion32_fusionL1_fusionBN0_drop0p1__wd1e-04trmiss40_trlocglobal,32,1e-05,0.0001,1,32,1,False,0.1,lr1e-05_bs32_modL1_fusion32_fusionL1_fusionBN0_drop0p1__wd1e-04trmiss40_trlocglobal,3,0.680003156264623,0.7023158073425293,0.4209486166007905,0.47236080789507223,0.5111111111111111,0.0,0.0,0.0,0.0,0.0,0.0,0.0,0.0,0.0,,,,,18473,global,0.4
3,1,lr1e-05_bs32_modL1_fusion32_fusionL1_fusionBN0_drop0p1__wd1e-04trmiss40_trlocglobal,32,1e-05,0.0001,1,32,1,False,0.1,lr1e-05_bs32_modL1_fusion32_fusionL1_fusionBN0_drop0p1__wd1e-04trmiss40_trlocglobal,4,0.6761929194132487,0.7032231688499451,0.4150197628458498,0.4752110710035933,0.5111111111111111,0.0,0.0,0.0,0.0,0.0,0.0,0.0,0.0,0.0,,,,,18473,global,0.4
3,1,lr1e-05_bs32_modL1_fusion32_fusionL1_fusionBN0_drop0p1__wd1e-04trmiss40_trlocglobal,32,1e-05,0.0001,1,32,1,False,0.1,lr1e-05_bs32_modL1_fusion32_fusionL1_fusionBN0_drop0p1__wd1e-04trmiss40_trlocglobal,5,0.676125039656957,0.7044360935688019,0.4110671936758893,0.4713421198229518,0.5111111111111111,0.0,0.0,0.0,0.0,0.0,0.0,0.0,0.0,0.0,,,,,18473,global,0.4
3,1,lr1e-05_bs32_modL1_fusion32_fusionL1_fusionBN0_drop0p1__wd1e-04trmiss40_trlocglobal,32,1e-05,0.0001,1,32,1,False,0.1,lr1e-05_bs32_modL1_fusion32_fusionL1_fusionBN0_drop0p1__wd1e-04trmiss40_trlocglobal,6,0.6745563050111135,0.7048309445381165,0.4130434782608696,0.4719977443916199,0.5111111111111111,0.0,0.0,0.0,0.0,0.0,0.0,0.0,0.0,0.0,,,,,18473,global,0.4
3,1,lr1e-05_bs32_modL1_fusion32_fusionL1_fusionBN0_drop0p1__wd1e-04trmiss40_trlocglobal,32,1e-05,0.0001,1,32,1,False,0.1,lr1e-05_bs32_modL1_fusion32_fusionL1_fusionBN0_drop0p1__wd1e-04trmiss40_trlocglobal,7,0.6722195247809092,0.705600768327713,0.4150197628458498,0.4727613651880732,0.4888888888888889,0.0,0.0,0.0,0.0,0.0,0.0,0.0,0.0,0.0,,,,,18473,global,0.4
3,1,lr1e-05_bs32_modL1_fusion32_fusionL1_fusionBN0_drop0p1__wd1e-04trmiss40_trlocglobal,32,1e-05,0.0001,1,32,1,False,0.1,lr1e-05_bs32_modL1_fusion32_fusionL1_fusionBN0_drop0p1__wd1e-04trmiss40_trlocglobal,8,0.6702773173650106,0.7061688005924225,0.4169960474308301,0.471907868082702,0.4666666666666667,0.0,0.0,0.0,0.0,0.0,0.0,0.0,0.0,0.0,,,,,18473,global,0.4
3,1,lr1e-05_bs32_modL1_fusion32_fusionL1_fusionBN0_drop0p1__wd1e-04trmiss40_trlocglobal,32,1e-05,0.0001,1,32,1,False,0.1,lr1e-05_bs32_modL1_fusion32_fusionL1_fusionBN0_drop0p1__wd1e-04trmiss40_trlocglobal,9,0.670965830485026,0.7058109939098358,0.4209486166007905,0.47370744384266605,0.4666666666666667,0.0,0.0,0.0,0.0,0.0,0.0,0.0,0.0,0.0,,,,,18473,global,0.4
3,1,lr1e-05_bs32_modL1_fusion32_fusionL1_fusionBN0_drop0p1__wd1e-04trmiss40_trlocglobal,32,1e-05,0.0001,1,32,1,False,0.1,lr1e-05_bs32_modL1_fusion32_fusionL1_fusionBN0_drop0p1__wd1e-04trmiss40_trlocglobal,10,0.6644042730331421,0.7057895958423615,0.4209486166007905,0.4725779660364836,0.4666666666666667,0.0,0.0,0.0,0.0,0.0,0.0,0.0,0.0,0.0,,,,,18473,global,0.4
3,1,lr1e-05_bs32_modL1_fusion32_fusionL1_fusionBN0_drop0p1__wd1e-04trmiss40_trlocglobal,32,1e-05,0.0001,1,32,1,False,0.1,lr1e-05_bs32_modL1_fusion32_fusionL1_fusionBN0_drop0p1__wd1e-04trmiss40_trlocglobal,11,0.6670840978622437,0.7053424715995789,0.42292490118577075,0.4731081887300149,0.4666666666666667,0.0,0.0,0.0,0.0,0.0,0.0,0.0,0.0,0.0,,,,,18473,global,0.4
3,1,lr1e-05_bs32_modL1_fusion32_fusionL1_fusionBN0_drop0p1__wd1e-04trmiss40_trlocglobal,32,1e-05,0.0001,1,32,1,False,0.1,lr1e-05_bs32_modL1_fusion32_fusionL1_fusionBN0_drop0p1__wd1e-04trmiss40_trlocglobal,12,0.6573079228401184,0.7058881521224976,0.4209486166007905,0.4725779660364836,0.4666666666666667,0.0,0.0,0.0,0.0,0.0,0.0,0.0,0.0,0.0,,,,,18473,global,0.4
3,1,lr1e-05_bs32_modL1_fusion32_fusionL1_fusionBN0_drop0p1__wd1e-04trmiss40_trlocglobal,32,1e-05,0.0001,1,32,1,False,0.1,lr1e-05_bs32_modL1_fusion32_fusionL1_fusionBN0_drop0p1__wd1e-04trmiss40_trlocglobal,13,0.6568289399147034,0.7057456374168396,0.42885375494071143,0.4751887290608203,0.4666666666666667,0.0,0.0,0.0,0.0,0.0,0.0,0.0,0.0,0.0,,,,,18473,global,0.4
3,1,lr1e-05_bs32_modL1_fusion32_fusionL1_fusionBN0_drop0p1__wd1e-04trmiss40_trlocglobal,32,1e-05,0.0001,1,32,1,False,0.1,lr1e-05_bs32_modL1_fusion32_fusionL1_fusionBN0_drop0p1__wd1e-04trmiss40_trlocglobal,14,0.6550362507502238,0.7055583894252777,0.43478260869565216,0.4783547055963621,0.4444444444444444,0.0,0.0,0.0,0.0,0.0,0.0,0.0,0.0,0.0,,,,,18473,global,0.4
3,1,lr1e-05_bs32_modL1_fusion32_fusionL1_fusionBN0_drop0p1__wd1e-04trmiss40_trlocglobal,32,1e-05,0.0001,1,32,1,False,0.1,lr1e-05_bs32_modL1_fusion32_fusionL1_fusionBN0_drop0p1__wd1e-04trmiss40_trlocglobal,15,0.6568272014458975,0.705560952425003,0.4308300395256917,0.4758120617119749,0.4444444444444444,0.0,0.0,0.0,0.0,0.0,0.0,0.0,0.0,0.0,,,,,18473,global,0.4
3,1,lr1e-05_bs32_modL1_fusion32_fusionL1_fusionBN0_drop0p1__wd1e-04trmiss40_trlocglobal,32,1e-05,0.0001,1,32,1,False,0.1,lr1e-05_bs32_modL1_fusion32_fusionL1_fusionBN0_drop0p1__wd1e-04trmiss40_trlocglobal,16,0.6538821955521902,0.705264687538147,0.4367588932806324,0.4782148627010828,0.4444444444444444,0.0,0.0,0.0,0.0,0.0,0.0,0.0,0.0,0.0,,,,,18473,global,0.4
3,1,lr1e-05_bs32_modL1_fusion32_fusionL1_fusionBN0_drop0p1__wd1e-04trmiss40_trlocglobal,32,1e-05,0.0001,1,32,1,False,0.1,lr1e-05_bs32_modL1_fusion32_fusionL1_fusionBN0_drop0p1__wd1e-04trmiss40_trlocglobal,17,0.644001712401708,0.7049317061901093,0.44664031620553357,0.48151779075214896,0.4444444444444444,0.0,0.0,0.0,0.0,0.0,0.0,0.0,0.0,0.0,,,,,18473,global,0.4
3,1,lr1e-05_bs32_modL1_fusion32_fusionL1_fusionBN0_drop0p1__wd1e-04trmiss40_trlocglobal,32,1e-05,0.0001,1,32,1,False,0.1,lr1e-05_bs32_modL1_fusion32_fusionL1_fusionBN0_drop0p1__wd1e-04trmiss40_trlocglobal,18,0.6482479671637217,0.7043443918228149,0.450592885375494,0.4821416536434337,0.4444444444444444,0.0,0.0,0.0,0.0,0.0,0.0,0.0,0.0,0.0,,,,,18473,global,0.4
3,1,lr1e-05_bs32_modL1_fusion32_fusionL1_fusionBN0_drop0p1__wd1e-04trmiss40_trlocglobal,32,1e-05,0.0001,1,32,1,False,0.1,lr1e-05_bs32_modL1_fusion32_fusionL1_fusionBN0_drop0p1__wd1e-04trmiss40_trlocglobal,19,0.6544234057267507,0.7033344209194183,0.46047430830039526,0.5108641967674572,0.4666666666666667,0.0,0.0,0.0,0.0,0.0,0.0,0.0,0.0,0.0,,,,,18473,global,0.4
3,1,lr1e-05_bs32_modL1_fusion32_fusionL1_fusionBN0_drop0p1__wd1e-04trmiss40_trlocglobal,32,1e-05,0.0001,1,32,1,False,0.1,lr1e-05_bs32_modL1_fusion32_fusionL1_fusionBN0_drop0p1__wd1e-04trmiss40_trlocglobal,20,0.6396128038565317,0.7033042013645172,0.45849802371541504,0.510211370027674,0.4888888888888889,0.0,0.0,0.0,0.0,0.0,0.0,0.0,0.0,0.0,,,,,18473,global,0.4
3,1,lr1e-05_bs32_modL1_fusion32_fusionL1_fusionBN0_drop0p1__wd1e-04trmiss40_trlocglobal,32,1e-05,0.0001,1,32,1,False,0.1,lr1e-05_bs32_modL1_fusion32_fusionL1_fusionBN0_drop0p1__wd1e-04trmiss40_trlocglobal,21,0.6453040540218353,0.7037879228591919,0.4545454545454546,0.5045207802856462,0.5111111111111111,0.0,0.0,0.0,0.0,0.0,0.0,0.0,0.0,0.0,,,,,18473,global,0.4
3,1,lr1e-05_bs32_modL1_fusion32_fusionL1_fusionBN0_drop0p1__wd1e-04trmiss40_trlocglobal,32,1e-05,0.0001,1,32,1,False,0.1,lr1e-05_bs32_modL1_fusion32_fusionL1_fusionBN0_drop0p1__wd1e-04trmiss40_trlocglobal,22,0.6489725013573965,0.7036343216896057,0.4565217391304348,0.5050178516522827,0.5333333333333333,0.0,0.0,0.0,0.0,0.0,0.0,0.0,0.0,0.0,,,,,18473,global,0.4
3,1,lr1e-05_bs32_modL1_fusion32_fusionL1_fusionBN0_drop0p1__wd1e-04trmiss40_trlocglobal,32,1e-05,0.0001,1,32,1,False,0.1,lr1e-05_bs32_modL1_fusion32_fusionL1_fusionBN0_drop0p1__wd1e-04trmiss40_trlocglobal,23,0.6461298962434133,0.7039568722248077,0.45256916996047425,0.5033266201557056,0.5111111111111111,0.0,0.0,0.0,0.0,0.0,0.0,0.0,0.0,0.0,,,,,18473,global,0.4
3,1,lr1e-05_bs32_modL1_fusion32_fusionL1_fusionBN0_drop0p1__wd1e-04trmiss40_trlocglobal,32,1e-05,0.0001,1,32,1,False,0.1,lr1e-05_bs32_modL1_fusion32_fusionL1_fusionBN0_drop0p1__wd1e-04trmiss40_trlocglobal,24,0.6369264721870422,0.7035550177097321,0.45849802371541504,0.5094819487590494,0.5111111111111111,0.0,0.0,0.0,0.0,0.0,0.0,0.0,0.0,0.0,,,,,18473,global,0.4
3,1,lr1e-05_bs32_modL1_fusion32_fusionL1_fusionBN0_drop0p1__wd1e-04trmiss40_trlocglobal,32,1e-05,0.0001,1,32,1,False,0.1,lr1e-05_bs32_modL1_fusion32_fusionL1_fusionBN0_drop0p1__wd1e-04trmiss40_trlocglobal,25,0.6449738840262095,0.7030610740184784,0.4624505928853755,0.5086368470132471,0.5333333333333333,0.0,0.0,0.0,0.0,0.0,0.0,0.0,0.0,0.0,,,,,18473,global,0.4
3,1,lr1e-05_bs32_modL1_fusion32_fusionL1_fusionBN0_drop0p1__wd1e-04trmiss40_trlocglobal,32,1e-05,0.0001,1,32,1,False,0.1,lr1e-05_bs32_modL1_fusion32_fusionL1_fusionBN0_drop0p1__wd1e-04trmiss40_trlocglobal,26,0.6337628165880839,0.7035051584243774,0.4624505928853755,0.5089937790837341,0.4888888888888889,0.0,0.0,0.0,0.0,0.0,0.0,0.0,0.0,0.0,,,,,18473,global,0.4
3,1,lr1e-05_bs32_modL1_fusion32_fusionL1_fusionBN0_drop0p1__wd1e-04trmiss40_trlocglobal,32,1e-05,0.0001,1,32,1,False,0.1,lr1e-05_bs32_modL1_fusion32_fusionL1_fusionBN0_drop0p1__wd1e-04trmiss40_trlocglobal,27,0.6341117322444916,0.7029080092906952,0.4703557312252965,0.5144657904258081,0.5111111111111111,0.0,0.0,0.0,0.0,0.0,0.0,0.0,0.0,0.0,,,,,18473,global,0.4
3,1,lr1e-05_bs32_modL1_fusion32_fusionL1_fusionBN0_drop0p1__wd1e-04trmiss40_trlocglobal,32,1e-05,0.0001,1,32,1,False,0.1,lr1e-05_bs32_modL1_fusion32_fusionL1_fusionBN0_drop0p1__wd1e-04trmiss40_trlocglobal,28,0.6352387368679047,0.703045129776001,0.4723320158102766,0.5155066378482724,0.5111111111111111,0.0,0.0,0.0,0.0,0.0,0.0,0.0,0.0,0.0,,,,,18473,global,0.4
3,1,lr1e-05_bs32_modL1_fusion32_fusionL1_fusionBN0_drop0p1__wd1e-04trmiss40_trlocglobal,32,1e-05,0.0001,1,32,1,False,0.1,lr1e-05_bs32_modL1_fusion32_fusionL1_fusionBN0_drop0p1__wd1e-04trmiss40_trlocglobal,29,0.6350475351015726,0.7028782367706299,0.46837944664031617,0.5137519548617309,0.5111111111111111,0.0,0.0,0.0,0.0,0.0,0.0,0.0,0.0,0.0,,,,,18473,global,0.4
3,1,lr1e-05_bs32_modL1_fusion32_fusionL1_fusionBN0_drop0p1__wd1e-04trmiss40_trlocglobal,32,1e-05,0.0001,1,32,1,False,0.1,lr1e-05_bs32_modL1_fusion32_fusionL1_fusionBN0_drop0p1__wd1e-04trmiss40_trlocglobal,30,0.6348741253217062,0.7026802003383636,0.4782608695652174,0.517462884535143,0.5111111111111111,0.0,0.0,0.0,0.0,0.0,0.0,0.0,0.0,0.0,,,,,18473,global,0.4
3,1,lr1e-05_bs32_modL1_fusion32_fusionL1_fusionBN0_drop0p1__wd1e-04trmiss40_trlocglobal,32,1e-05,0.0001,1,32,1,False,0.1,lr1e-05_bs32_modL1_fusion32_fusionL1_fusionBN0_drop0p1__wd1e-04trmiss40_trlocglobal,31,0.6341341833273569,0.7027612626552582,0.46640316205533594,0.5095682214644804,0.5111111111111111,0.0,0.0,0.0,0.0,0.0,0.0,0.0,0.0,0.0,,,,,18473,global,0.4
3,1,lr1e-05_bs32_modL1_fusion32_fusionL1_fusionBN0_drop0p1__wd1e-04trmiss40_trlocglobal,32,1e-05,0.0001,1,32,1,False,0.1,lr1e-05_bs32_modL1_fusion32_fusionL1_fusionBN0_drop0p1__wd1e-04trmiss40_trlocglobal,32,0.6282945275306702,0.7021565139293671,0.4723320158102766,0.511938468731985,0.5111111111111111,0.0,0.0,0.0,0.0,0.0,0.0,0.0,0.0,0.0,,,,,18473,global,0.4
3,1,lr1e-05_bs32_modL1_fusion32_fusionL1_fusionBN0_drop0p1__wd1e-04trmiss40_trlocglobal,32,1e-05,0.0001,1,32,1,False,0.1,lr1e-05_bs32_modL1_fusion32_fusionL1_fusionBN0_drop0p1__wd1e-04trmiss40_trlocglobal,33,0.6277517080307007,0.7024081647396088,0.4723320158102767,0.5155887826124779,0.5111111111111111,0.0,0.0,0.0,0.0,0.0,0.0,0.0,0.0,0.0,,,,,18473,global,0.4
3,1,lr1e-05_bs32_modL1_fusion32_fusionL1_fusionBN0_drop0p1__wd1e-04trmiss40_trlocglobal,32,1e-05,0.0001,1,32,1,False,0.1,lr1e-05_bs32_modL1_fusion32_fusionL1_fusionBN0_drop0p1__wd1e-04trmiss40_trlocglobal,34,0.6244754294554392,0.7020242214202881,0.48023715415019763,0.5188643062887246,0.5111111111111111,0.0,0.0,0.0,0.0,0.0,0.0,0.0,0.0,0.0,,,,,18473,global,0.4
3,1,lr1e-05_bs32_modL1_fusion32_fusionL1_fusionBN0_drop0p1__wd1e-04trmiss40_trlocglobal,32,1e-05,0.0001,1,32,1,False,0.1,lr1e-05_bs32_modL1_fusion32_fusionL1_fusionBN0_drop0p1__wd1e-04trmiss40_trlocglobal,35,0.6302026510238647,0.7025851607322693,0.4841897233201581,0.5202267705445796,0.5111111111111111,0.0,0.0,0.0,0.0,0.0,0.0,0.0,0.0,0.0,,,,,18473,global,0.4
3,1,lr1e-05_bs32_modL1_fusion32_fusionL1_fusionBN0_drop0p1__wd1e-04trmiss40_trlocglobal,32,1e-05,0.0001,1,32,1,False,0.1,lr1e-05_bs32_modL1_fusion32_fusionL1_fusionBN0_drop0p1__wd1e-04trmiss40_trlocglobal,36,0.6252469817797343,0.702373594045639,0.4841897233201581,0.5166821143012726,0.5111111111111111,0.0,0.0,0.0,0.0,0.0,0.0,0.0,0.0,0.0,,,,,18473,global,0.4
3,1,lr1e-05_bs32_modL1_fusion32_fusionL1_fusionBN0_drop0p1__wd1e-04trmiss40_trlocglobal,32,1e-05,0.0001,1,32,1,False,0.1,lr1e-05_bs32_modL1_fusion32_fusionL1_fusionBN0_drop0p1__wd1e-04trmiss40_trlocglobal,37,0.6202866236368815,0.7023985981941223,0.4841897233201581,0.5202267705445796,0.5111111111111111,0.0,0.0,0.0,0.0,0.0,0.0,0.0,0.0,0.0,,,,,18473,global,0.4
3,1,lr1e-05_bs32_modL1_fusion32_fusionL1_fusionBN0_drop0p1__wd1e-04trmiss40_trlocglobal,32,1e-05,0.0001,1,32,1,False,0.1,lr1e-05_bs32_modL1_fusion32_fusionL1_fusionBN0_drop0p1__wd1e-04trmiss40_trlocglobal,38,0.623889833688736,0.7022401094436646,0.4841897233201581,0.5171964675142766,0.5111111111111111,0.0,0.0,0.0,0.0,0.0,0.0,0.0,0.0,0.0,,,,,18473,global,0.4
3,1,lr1e-05_bs32_modL1_fusion32_fusionL1_fusionBN0_drop0p1__wd1e-04trmiss40_trlocglobal,32,1e-05,0.0001,1,32,1,False,0.1,lr1e-05_bs32_modL1_fusion32_fusionL1_fusionBN0_drop0p1__wd1e-04trmiss40_trlocglobal,39,0.6246860921382904,0.7026007771492004,0.4861660079051383,0.5179996373579262,0.5111111111111111,0.0,0.0,0.0,0.0,0.0,0.0,0.0,0.0,0.0,,,,,18473,global,0.4
3,1,lr1e-05_bs32_modL1_fusion32_fusionL1_fusionBN0_drop0p1__wd1e-04trmiss40_trlocglobal,32,1e-05,0.0001,1,32,1,False,0.1,lr1e-05_bs32_modL1_fusion32_fusionL1_fusionBN0_drop0p1__wd1e-04trmiss40_trlocglobal,40,0.6195435623327891,0.7023099958896637,0.4841897233201581,0.517383548641151,0.5333333333333333,0.0,0.0,0.0,0.0,0.0,0.0,0.0,0.0,0.0,,,,,18473,global,0.4
3,1,lr1e-05_bs32_modL1_fusion32_fusionL1_fusionBN0_drop0p1__wd1e-04trmiss40_trlocglobal,32,1e-05,0.0001,1,32,1,False,0.1,lr1e-05_bs32_modL1_fusion32_fusionL1_fusionBN0_drop0p1__wd1e-04trmiss40_trlocglobal,41,0.616568942864736,0.7021181583404541,0.4762845849802372,0.5143171246711766,0.5555555555555556,0.0,0.0,0.0,0.0,0.0,0.0,0.0,0.0,0.0,,,,,18473,global,0.4
3,1,lr1e-05_bs32_modL1_fusion32_fusionL1_fusionBN0_drop0p1__wd1e-04trmiss40_trlocglobal,32,1e-05,0.0001,1,32,1,False,0.1,lr1e-05_bs32_modL1_fusion32_fusionL1_fusionBN0_drop0p1__wd1e-04trmiss40_trlocglobal,42,0.611687034368515,0.7018543183803558,0.4841897233201581,0.5173463513499491,0.5777777777777777,0.0,0.0,0.0,0.0,0.0,0.0,0.0,0.0,0.0,,,,,18473,global,0.4
3,1,lr1e-05_bs32_modL1_fusion32_fusionL1_fusionBN0_drop0p1__wd1e-04trmiss40_trlocglobal,32,1e-05,0.0001,1,32,1,False,0.1,lr1e-05_bs32_modL1_fusion32_fusionL1_fusionBN0_drop0p1__wd1e-04trmiss40_trlocglobal,43,0.6163424650828043,0.7019944787025452,0.48221343873517786,0.5167303804392417,0.5333333333333333,0.0,0.0,0.0,0.0,0.0,0.0,0.0,0.0,0.0,,,,,18473,global,0.4
3,1,lr1e-05_bs32_modL1_fusion32_fusionL1_fusionBN0_drop0p1__wd1e-04trmiss40_trlocglobal,32,1e-05,0.0001,1,32,1,False,0.1,lr1e-05_bs32_modL1_fusion32_fusionL1_fusionBN0_drop0p1__wd1e-04trmiss40_trlocglobal,44,0.6199237704277039,0.7020035982131958,0.4782608695652174,0.5152260615541373,0.5555555555555556,0.0,0.0,0.0,0.0,0.0,0.0,0.0,0.0,0.0,,,,,18473,global,0.4
3,1,lr1e-05_bs32_modL1_fusion32_fusionL1_fusionBN0_drop0p1__wd1e-04trmiss40_trlocglobal,32,1e-05,0.0001,1,32,1,False,0.1,lr1e-05_bs32_modL1_fusion32_fusionL1_fusionBN0_drop0p1__wd1e-04trmiss40_trlocglobal,45,0.6207104523976644,0.7021134793758392,0.4782608695652174,0.5155560852146032,0.5333333333333333,0.0,0.0,0.0,0.0,0.0,0.0,0.0,0.0,0.0,,,,,18473,global,0.4
3,1,lr1e-05_bs32_modL1_fusion32_fusionL1_fusionBN0_drop0p1__wd1e-04trmiss40_trlocglobal,32,1e-05,0.0001,1,32,1,False,0.1,lr1e-05_bs32_modL1_fusion32_fusionL1_fusionBN0_drop0p1__wd1e-04trmiss40_trlocglobal,46,0.612501839796702,0.7020096182823181,0.4841897233201581,0.5176724094247489,0.5333333333333333,0.0,0.0,0.0,0.0,0.0,0.0,0.0,0.0,0.0,,,,,18473,global,0.4
3,1,lr1e-05_bs32_modL1_fusion32_fusionL1_fusionBN0_drop0p1__wd1e-04trmiss40_trlocglobal,32,1e-05,0.0001,1,32,1,False,0.1,lr1e-05_bs32_modL1_fusion32_fusionL1_fusionBN0_drop0p1__wd1e-04trmiss40_trlocglobal,47,0.6163420478502909,0.7023039162158966,0.48221343873517786,0.5170856582659153,0.5777777777777777,0.0,0.0,0.0,0.0,0.0,0.0,0.0,0.0,0.0,,,,,18473,global,0.4
3,1,lr1e-05_bs32_modL1_fusion32_fusionL1_fusionBN0_drop0p1__wd1e-04trmiss40_trlocglobal,32,1e-05,0.0001,1,32,1,False,0.1,lr1e-05_bs32_modL1_fusion32_fusionL1_fusionBN0_drop0p1__wd1e-04trmiss40_trlocglobal,48,0.6205274363358816,0.7022800743579865,0.48221343873517786,0.5173849591649164,0.5555555555555556,0.0,0.0,0.0,0.0,0.0,0.0,0.0,0.0,0.0,,,,,18473,global,0.4
3,1,lr1e-05_bs32_modL1_fusion32_fusionL1_fusionBN0_drop0p1__wd1e-04trmiss40_trlocglobal,32,1e-05,0.0001,1,32,1,False,0.1,lr1e-05_bs32_modL1_fusion32_fusionL1_fusionBN0_drop0p1__wd1e-04trmiss40_trlocglobal,49,0.61000856757164,0.7023500502109528,0.48023715415019763,0.5164429301794092,0.5777777777777777,0.0,0.0,0.0,0.0,0.0,0.0,0.0,0.0,0.0,,,,,18473,global,0.4
3,1,lr1e-05_bs32_modL1_fusion32_fusionL1_fusionBN0_drop0p1__wd1e-04trmiss40_trlocglobal,32,1e-05,0.0001,1,32,1,False,0.1,lr1e-05_bs32_modL1_fusion32_fusionL1_fusionBN0_drop0p1__wd1e-04trmiss40_trlocglobal,50,0.6109623908996582,0.7020221650600433,0.48023715415019763,0.5171729091702577,0.5777777777777777,0.0,0.0,0.0,0.0,0.0,0.0,0.0,0.0,0.0,,,,,18473,global,0.4
3,1,lr1e-05_bs32_modL1_fusion32_fusionL1_fusionBN0_drop0p1__wd1e-04trmiss40_trlocglobal,32,1e-05,0.0001,1,32,1,False,0.1,lr1e-05_bs32_modL1_fusion32_fusionL1_fusionBN0_drop0p1__wd1e-04trmiss40_trlocglobal,51,0.6153763035933176,0.7020350694656372,0.48221343873517786,0.5173849591649164,0.5555555555555556,0.0,0.0,0.0,0.0,0.0,0.0,0.0,0.0,0.0,,,,,18473,global,0.4
3,1,lr1e-05_bs32_modL1_fusion32_fusionL1_fusionBN0_drop0p1__wd1e-04trmiss40_trlocglobal,32,1e-05,0.0001,1,32,1,False,0.1,lr1e-05_bs32_modL1_fusion32_fusionL1_fusionBN0_drop0p1__wd1e-04trmiss40_trlocglobal,52,0.6099490821361542,0.7024747729301453,0.4762845849802372,0.5154535307642226,0.5555555555555556,0.0,0.0,0.0,0.0,0.0,0.0,0.0,0.0,0.0,,,,,18473,global,0.4
3,1,lr1e-05_bs32_modL1_fusion32_fusionL1_fusionBN0_drop0p1__wd1e-04trmiss40_trlocglobal,32,1e-05,0.0001,1,32,1,False,0.1,lr1e-05_bs32_modL1_fusion32_fusionL1_fusionBN0_drop0p1__wd1e-04trmiss40_trlocglobal,53,0.6110964218775431,0.7023457884788513,0.48023715415019763,0.5167437120041348,0.6,0.0,0.0,0.0,0.0,0.0,0.0,0.0,0.0,0.0,,,,,18473,global,0.4
3,1,lr1e-05_bs32_modL1_fusion32_fusionL1_fusionBN0_drop0p1__wd1e-04trmiss40_trlocglobal,32,1e-05,0.0001,1,32,1,False,0.1,lr1e-05_bs32_modL1_fusion32_fusionL1_fusionBN0_drop0p1__wd1e-04trmiss40_trlocglobal,54,0.6138165692488352,0.7022073864936829,0.48023715415019763,0.5163559460209057,0.5777777777777777,0.0,0.0,0.0,0.0,0.0,0.0,0.0,0.0,0.0,,,,,18473,global,0.4
3,1,lr1e-05_bs32_modL1_fusion32_fusionL1_fusionBN0_drop0p1__wd1e-04trmiss40_trlocglobal,32,1e-05,0.0001,1,32,1,False,0.1,lr1e-05_bs32_modL1_fusion32_fusionL1_fusionBN0_drop0p1__wd1e-04trmiss40_trlocglobal,55,0.6119175453980764,0.7014568150043488,0.48221343873517786,0.5165711466141781,0.6,0.0,0.0,0.0,0.0,0.0,0.0,0.0,0.0,0.0,,,,,18473,global,0.4
3,1,lr1e-05_bs32_modL1_fusion32_fusionL1_fusionBN0_drop0p1__wd1e-04trmiss40_trlocglobal,32,1e-05,0.0001,1,32,1,False,0.1,lr1e-05_bs32_modL1_fusion32_fusionL1_fusionBN0_drop0p1__wd1e-04trmiss40_trlocglobal,56,0.6080038746198019,0.7021217942237854,0.48023715415019763,0.5151716360019365,0.5777777777777777,0.0,0.0,0.0,0.0,0.0,0.0,0.0,0.0,0.0,,,,,18473,global,0.4
3,1,lr1e-05_bs32_modL1_fusion32_fusionL1_fusionBN0_drop0p1__wd1e-04trmiss40_trlocglobal,32,1e-05,0.0001,1,32,1,False,0.1,lr1e-05_bs32_modL1_fusion32_fusionL1_fusionBN0_drop0p1__wd1e-04trmiss40_trlocglobal,57,0.603608657916387,0.7016717493534088,0.48221343873517786,0.5124325293647788,0.6,0.0,0.0,0.0,0.0,0.0,0.0,0.0,0.0,0.0,,,,,18473,global,0.4
3,1,lr1e-05_bs32_modL1_fusion32_fusionL1_fusionBN0_drop0p1__wd1e-04trmiss40_trlocglobal,32,1e-05,0.0001,1,32,1,False,0.1,lr1e-05_bs32_modL1_fusion32_fusionL1_fusionBN0_drop0p1__wd1e-04trmiss40_trlocglobal,58,0.6090566317240397,0.7018474340438843,0.48814229249011853,0.5171146238014315,0.5777777777777777,0.0,0.0,0.0,0.0,0.0,0.0,0.0,0.0,0.0,,,,,18473,global,0.4
3,1,lr1e-05_bs32_modL1_fusion32_fusionL1_fusionBN0_drop0p1__wd1e-04trmiss40_trlocglobal,32,1e-05,0.0001,1,32,1,False,0.1,lr1e-05_bs32_modL1_fusion32_fusionL1_fusionBN0_drop0p1__wd1e-04trmiss40_trlocglobal,59,0.6109160482883453,0.701959490776062,0.48814229249011853,0.5173083057622944,0.5777777777777777,0.0,0.0,0.0,0.0,0.0,0.0,0.0,0.0,0.0,,,,,18473,global,0.4
3,1,lr1e-05_bs32_modL1_fusion32_fusionL1_fusionBN0_drop0p1__wd1e-04trmiss40_trlocglobal,32,1e-05,0.0001,1,32,1,False,0.1,lr1e-05_bs32_modL1_fusion32_fusionL1_fusionBN0_drop0p1__wd1e-04trmiss40_trlocglobal,60,0.6094132562478384,0.7019054293632507,0.48814229249011853,0.5193169355561729,0.5777777777777777,0.0,0.0,0.0,0.0,0.0,0.0,0.0,0.0,0.0,,,,,18473,global,0.4
3,1,lr1e-05_bs32_modL1_fusion32_fusionL1_fusionBN0_drop0p1__wd1e-04trmiss40_trlocglobal,32,1e-05,0.0001,1,32,1,False,0.1,lr1e-05_bs32_modL1_fusion32_fusionL1_fusionBN0_drop0p1__wd1e-04trmiss40_trlocglobal,61,0.6084742148717245,0.7018964290618896,0.48023715415019763,0.5146247327090377,0.5777777777777777,0.0,0.0,0.0,0.0,0.0,0.0,0.0,0.0,0.0,,,,,18473,global,0.4
3,1,lr1e-05_bs32_modL1_fusion32_fusionL1_fusionBN0_drop0p1__wd1e-04trmiss40_trlocglobal,32,1e-05,0.0001,1,32,1,False,0.1,lr1e-05_bs32_modL1_fusion32_fusionL1_fusionBN0_drop0p1__wd1e-04trmiss40_trlocglobal,62,0.6090271373589834,0.7015906274318695,0.4861660079051383,0.5203580473703884,0.6,0.0,0.0,0.0,0.0,0.0,0.0,0.0,0.0,0.0,,,,,18473,global,0.4
3,1,lr1e-05_bs32_modL1_fusion32_fusionL1_fusionBN0_drop0p1__wd1e-04trmiss40_trlocglobal,32,1e-05,0.0001,1,32,1,False,0.1,lr1e-05_bs32_modL1_fusion32_fusionL1_fusionBN0_drop0p1__wd1e-04trmiss40_trlocglobal,63,0.6040683090686798,0.7022184729576111,0.4861660079051383,0.5194515431749641,0.5777777777777777,0.0,0.0,0.0,0.0,0.0,0.0,0.0,0.0,0.0,,,,,18473,global,0.4
3,1,lr1e-05_bs32_modL1_fusion32_fusionL1_fusionBN0_drop0p1__wd1e-04trmiss40_trlocglobal,32,1e-05,0.0001,1,32,1,False,0.1,lr1e-05_bs32_modL1_fusion32_fusionL1_fusionBN0_drop0p1__wd1e-04trmiss40_trlocglobal,64,0.6113853951295217,0.7024345099925995,0.4861660079051383,0.5187301843973394,0.5777777777777777,0.0,0.0,0.0,0.0,0.0,0.0,0.0,0.0,0.0,,,,,18473,global,0.4
3,1,lr1e-05_bs32_modL1_fusion32_fusionL1_fusionBN0_drop0p1__wd1e-04trmiss40_trlocglobal,32,1e-05,0.0001,1,32,1,False,0.1,lr1e-05_bs32_modL1_fusion32_fusionL1_fusionBN0_drop0p1__wd1e-04trmiss40_trlocglobal,65,0.6073544919490814,0.7023548781871796,0.49011857707509887,0.5214024907780856,0.6,0.0,0.0,0.0,0.0,0.0,0.0,0.0,0.0,0.0,,,,,18473,global,0.4
3,1,lr1e-05_bs32_modL1_fusion32_fusionL1_fusionBN0_drop0p1__wd1e-04trmiss40_trlocglobal,32,1e-05,0.0001,1,32,1,False,0.1,lr1e-05_bs32_modL1_fusion32_fusionL1_fusionBN0_drop0p1__wd1e-04trmiss40_trlocglobal,66,0.6091769536336263,0.7021641135215759,0.4841897233201581,0.5181727707964475,0.6,0.0,0.0,0.0,0.0,0.0,0.0,0.0,0.0,0.0,,,,,18473,global,0.4
3,1,lr1e-05_bs32_modL1_fusion32_fusionL1_fusionBN0_drop0p1__wd1e-04trmiss40_trlocglobal,32,1e-05,0.0001,1,32,1,False,0.1,lr1e-05_bs32_modL1_fusion32_fusionL1_fusionBN0_drop0p1__wd1e-04trmiss40_trlocglobal,67,0.6049800415833791,0.7017771601676941,0.4841897233201582,0.5170542329153984,0.5777777777777777,0.0,0.0,0.0,0.0,0.0,0.0,0.0,0.0,0.0,,,,,18473,global,0.4
3,1,lr1e-05_bs32_modL1_fusion32_fusionL1_fusionBN0_drop0p1__wd1e-04trmiss40_trlocglobal,32,1e-05,0.0001,1,32,1,False,0.1,lr1e-05_bs32_modL1_fusion32_fusionL1_fusionBN0_drop0p1__wd1e-04trmiss40_trlocglobal,68,0.6072767476240793,0.7016946375370026,0.49011857707509887,0.5178667275842258,0.5777777777777777,0.0,0.0,0.0,0.0,0.0,0.0,0.0,0.0,0.0,,,,,18473,global,0.4
3,1,lr1e-05_bs32_modL1_fusion32_fusionL1_fusionBN0_drop0p1__wd1e-04trmiss40_trlocglobal,32,1e-05,0.0001,1,32,1,False,0.1,lr1e-05_bs32_modL1_fusion32_fusionL1_fusionBN0_drop0p1__wd1e-04trmiss40_trlocglobal,69,0.6054647564888,0.7019561231136322,0.4861660079051384,0.5159624533687388,0.5777777777777777,0.0,0.0,0.0,0.0,0.0,0.0,0.0,0.0,0.0,,,,,18473,global,0.4
3,1,lr1e-05_bs32_modL1_fusion32_fusionL1_fusionBN0_drop0p1__wd1e-04trmiss40_trlocglobal,32,1e-05,0.0001,1,32,1,False,0.1,lr1e-05_bs32_modL1_fusion32_fusionL1_fusionBN0_drop0p1__wd1e-04trmiss40_trlocglobal,70,0.6133830944697062,0.7020700871944427,0.4920948616600791,0.5233681338306853,0.5777777777777777,0.0,0.0,0.0,0.0,0.0,0.0,0.0,0.0,0.0,,,,,18473,global,0.4
3,1,lr1e-05_bs32_modL1_fusion32_fusionL1_fusionBN0_drop0p1__wd1e-04trmiss40_trlocglobal,32,1e-05,0.0001,1,32,1,False,0.1,lr1e-05_bs32_modL1_fusion32_fusionL1_fusionBN0_drop0p1__wd1e-04trmiss40_trlocglobal,71,0.6130016446113586,0.7023879587650299,0.49011857707509887,0.5206291421786501,0.5555555555555556,0.0,0.0,0.0,0.0,0.0,0.0,0.0,0.0,0.0,,,,,18473,global,0.4
3,1,lr1e-05_bs32_modL1_fusion32_fusionL1_fusionBN0_drop0p1__wd1e-04trmiss40_trlocglobal,32,1e-05,0.0001,1,32,1,False,0.1,lr1e-05_bs32_modL1_fusion32_fusionL1_fusionBN0_drop0p1__wd1e-04trmiss40_trlocglobal,72,0.6065260966618856,0.7024160027503967,0.4841897233201582,0.5171913320169723,0.5555555555555556,0.0,0.0,0.0,0.0,0.0,0.0,0.0,0.0,0.0,,,,,18473,global,0.4
3,1,lr1e-05_bs32_modL1_fusion32_fusionL1_fusionBN0_drop0p1__wd1e-04trmiss40_trlocglobal,32,1e-05,0.0001,1,32,1,False,0.1,lr1e-05_bs32_modL1_fusion32_fusionL1_fusionBN0_drop0p1__wd1e-04trmiss40_trlocglobal,73,0.6102994581063589,0.7026157081127167,0.4841897233201582,0.5174126613406859,0.5555555555555556,0.0,0.0,0.0,0.0,0.0,0.0,0.0,0.0,0.0,,,,,18473,global,0.4
3,1,lr1e-05_bs32_modL1_fusion32_fusionL1_fusionBN0_drop0p1__wd1e-04trmiss40_trlocglobal,32,1e-05,0.0001,1,32,1,False,0.1,lr1e-05_bs32_modL1_fusion32_fusionL1_fusionBN0_drop0p1__wd1e-04trmiss40_trlocglobal,74,0.6086573402086893,0.7023656964302063,0.49011857707509876,0.5207104695584025,0.5555555555555556,0.0,0.0,0.0,0.0,0.0,0.0,0.0,0.0,0.0,,,,,18473,global,0.4
3,1,lr1e-05_bs32_modL1_fusion32_fusionL1_fusionBN0_drop0p1__wd1e-04trmiss40_trlocglobal,32,1e-05,0.0001,1,32,1,False,0.1,lr1e-05_bs32_modL1_fusion32_fusionL1_fusionBN0_drop0p1__wd1e-04trmiss40_trlocglobal,75,0.6060142914454142,0.7018983960151672,0.4861660079051384,0.5187929561992416,0.5555555555555556,0.0,0.0,0.0,0.0,0.0,0.0,0.0,0.0,0.0,,,,,18473,global,0.4
3,1,lr1e-05_bs32_modL1_fusion32_fusionL1_fusionBN0_drop0p1__wd1e-04trmiss40_trlocglobal,32,1e-05,0.0001,1,32,1,False,0.1,lr1e-05_bs32_modL1_fusion32_fusionL1_fusionBN0_drop0p1__wd1e-04trmiss40_trlocglobal,76,0.6048812766869863,0.7020469605922699,0.4861660079051384,0.5179994124995194,0.5777777777777777,0.0,0.0,0.0,0.0,0.0,0.0,0.0,0.0,0.0,,,,,18473,global,0.4
3,1,lr1e-05_bs32_modL1_fusion32_fusionL1_fusionBN0_drop0p1__wd1e-04trmiss40_trlocglobal,32,1e-05,0.0001,1,32,1,False,0.1,lr1e-05_bs32_modL1_fusion32_fusionL1_fusionBN0_drop0p1__wd1e-04trmiss40_trlocglobal,77,0.605029453833898,0.7024905681610107,0.49011857707509876,0.5202589645416802,0.5555555555555556,0.0,0.0,0.0,0.0,0.0,0.0,0.0,0.0,0.0,,,,,18473,global,0.4
3,1,lr1e-05_bs32_modL1_fusion32_fusionL1_fusionBN0_drop0p1__wd1e-04trmiss40_trlocglobal,32,1e-05,0.0001,1,32,1,False,0.1,lr1e-05_bs32_modL1_fusion32_fusionL1_fusionBN0_drop0p1__wd1e-04trmiss40_trlocglobal,78,0.5973959465821584,0.7026122212409973,0.4841897233201582,0.5174754331425881,0.5777777777777777,0.0,0.0,0.0,0.0,0.0,0.0,0.0,0.0,0.0,,,,,18473,global,0.4
3,1,lr1e-05_bs32_modL1_fusion32_fusionL1_fusionBN0_drop0p1__wd1e-04trmiss40_trlocglobal,32,1e-05,0.0001,1,32,1,False,0.1,lr1e-05_bs32_modL1_fusion32_fusionL1_fusionBN0_drop0p1__wd1e-04trmiss40_trlocglobal,79,0.5972601473331451,0.7020745575428009,0.49011857707509887,0.5192380653400029,0.5777777777777777,0.0,0.0,0.0,0.0,0.0,0.0,0.0,0.0,0.0,,,,,18473,global,0.4
3,1,lr1e-05_bs32_modL1_fusion32_fusionL1_fusionBN0_drop0p1__wd1e-04trmiss40_trlocglobal,32,1e-05,0.0001,1,32,1,False,0.1,lr1e-05_bs32_modL1_fusion32_fusionL1_fusionBN0_drop0p1__wd1e-04trmiss40_trlocglobal,80,0.6010770599047343,0.7026413679122925,0.4782608695652175,0.5160826335456297,0.5777777777777777,0.0,0.0,0.0,0.0,0.0,0.0,0.0,0.0,0.0,,,,,18473,global,0.4
3,2,lr1e-04_bs32_modL1_fusion16_fusionL1_fusionBN0_drop0p2__wd1e-04trmiss40_trlocglobal,32,0.0001,0.0001,1,16,1,False,0.2,lr1e-04_bs32_modL1_fusion16_fusionL1_fusionBN0_drop0p2__wd1e-04trmiss40_trlocglobal,1,0.6988806327184042,0.7182281911373138,0.383399209486166,0.4527852961815969,0.5111111111111111,0.0,0.0,0.0,0.0,0.0,0.0,0.0,0.0,0.0,,,,,18473,global,0.4
3,2,lr1e-04_bs32_modL1_fusion16_fusionL1_fusionBN0_drop0p2__wd1e-04trmiss40_trlocglobal,32,0.0001,0.0001,1,16,1,False,0.2,lr1e-04_bs32_modL1_fusion16_fusionL1_fusionBN0_drop0p2__wd1e-04trmiss40_trlocglobal,2,0.6836084028085073,0.7181186676025391,0.40909090909090906,0.4662779320827884,0.5111111111111111,0.0,0.0,0.0,0.0,0.0,0.0,0.0,0.0,0.0,,,,,18473,global,0.4
3,2,lr1e-04_bs32_modL1_fusion16_fusionL1_fusionBN0_drop0p2__wd1e-04trmiss40_trlocglobal,32,0.0001,0.0001,1,16,1,False,0.2,lr1e-04_bs32_modL1_fusion16_fusionL1_fusionBN0_drop0p2__wd1e-04trmiss40_trlocglobal,3,0.6713975071907043,0.7178318798542023,0.4268774703557312,0.4780610111928967,0.4888888888888889,0.0,0.0,0.0,0.0,0.0,0.0,0.0,0.0,0.0,,,,,18473,global,0.4
3,2,lr1e-04_bs32_modL1_fusion16_fusionL1_fusionBN0_drop0p2__wd1e-04trmiss40_trlocglobal,32,0.0001,0.0001,1,16,1,False,0.2,lr1e-04_bs32_modL1_fusion16_fusionL1_fusionBN0_drop0p2__wd1e-04trmiss40_trlocglobal,4,0.6604669888814291,0.7178636193275452,0.4367588932806324,0.4807720768235781,0.4888888888888889,0.0,0.0,0.0,0.0,0.0,0.0,0.0,0.0,0.0,,,,,18473,global,0.4
3,2,lr1e-04_bs32_modL1_fusion16_fusionL1_fusionBN0_drop0p2__wd1e-04trmiss40_trlocglobal,32,0.0001,0.0001,1,16,1,False,0.2,lr1e-04_bs32_modL1_fusion16_fusionL1_fusionBN0_drop0p2__wd1e-04trmiss40_trlocglobal,5,0.6529931128025055,0.717424213886261,0.43873517786561267,0.4833982162922462,0.4888888888888889,0.0,0.0,0.0,0.0,0.0,0.0,0.0,0.0,0.0,,,,,18473,global,0.4
3,2,lr1e-04_bs32_modL1_fusion16_fusionL1_fusionBN0_drop0p2__wd1e-04trmiss40_trlocglobal,32,0.0001,0.0001,1,16,1,False,0.2,lr1e-04_bs32_modL1_fusion16_fusionL1_fusionBN0_drop0p2__wd1e-04trmiss40_trlocglobal,6,0.6504770616690317,0.7165190279483795,0.4268774703557312,0.48489658905294725,0.4666666666666667,0.0,0.0,0.0,0.0,0.0,0.0,0.0,0.0,0.0,,,,,18473,global,0.4
3,2,lr1e-04_bs32_modL1_fusion16_fusionL1_fusionBN0_drop0p2__wd1e-04trmiss40_trlocglobal,32,0.0001,0.0001,1,16,1,False,0.2,lr1e-04_bs32_modL1_fusion16_fusionL1_fusionBN0_drop0p2__wd1e-04trmiss40_trlocglobal,7,0.6394355297088623,0.7155985832214355,0.43478260869565216,0.5572288149440229,0.4666666666666667,0.0,0.0,0.0,0.0,0.0,0.0,0.0,0.0,0.0,,,,,18473,global,0.4
3,2,lr1e-04_bs32_modL1_fusion16_fusionL1_fusionBN0_drop0p2__wd1e-04trmiss40_trlocglobal,32,0.0001,0.0001,1,16,1,False,0.2,lr1e-04_bs32_modL1_fusion16_fusionL1_fusionBN0_drop0p2__wd1e-04trmiss40_trlocglobal,8,0.637907882531484,0.7161982953548431,0.4308300395256917,0.5514819251410502,0.4666666666666667,0.0,0.0,0.0,0.0,0.0,0.0,0.0,0.0,0.0,,,,,18473,global,0.4
3,2,lr1e-04_bs32_modL1_fusion16_fusionL1_fusionBN0_drop0p2__wd1e-04trmiss40_trlocglobal,32,0.0001,0.0001,1,16,1,False,0.2,lr1e-04_bs32_modL1_fusion16_fusionL1_fusionBN0_drop0p2__wd1e-04trmiss40_trlocglobal,9,0.6295429666837057,0.7167596220970154,0.4209486166007905,0.5474487828686526,0.4666666666666667,0.0,0.0,0.0,0.0,0.0,0.0,0.0,0.0,0.0,,,,,18473,global,0.4
3,2,lr1e-04_bs32_modL1_fusion16_fusionL1_fusionBN0_drop0p2__wd1e-04trmiss40_trlocglobal,32,0.0001,0.0001,1,16,1,False,0.2,lr1e-04_bs32_modL1_fusion16_fusionL1_fusionBN0_drop0p2__wd1e-04trmiss40_trlocglobal,10,0.6198903123537699,0.7151379287242889,0.44071146245059284,0.5616259034973482,0.4444444444444444,0.0,0.0,0.0,0.0,0.0,0.0,0.0,0.0,0.0,,,,,18473,global,0.4
3,2,lr1e-04_bs32_modL1_fusion16_fusionL1_fusionBN0_drop0p2__wd1e-04trmiss40_trlocglobal,32,0.0001,0.0001,1,16,1,False,0.2,lr1e-04_bs32_modL1_fusion16_fusionL1_fusionBN0_drop0p2__wd1e-04trmiss40_trlocglobal,11,0.6228184203306834,0.7143126428127289,0.43675889328063244,0.5530036405272591,0.4444444444444444,0.0,0.0,0.0,0.0,0.0,0.0,0.0,0.0,0.0,,,,,18473,global,0.4
3,2,lr1e-04_bs32_modL1_fusion16_fusionL1_fusionBN0_drop0p2__wd1e-04trmiss40_trlocglobal,32,0.0001,0.0001,1,16,1,False,0.2,lr1e-04_bs32_modL1_fusion16_fusionL1_fusionBN0_drop0p2__wd1e-04trmiss40_trlocglobal,12,0.6124541163444519,0.7121002078056335,0.4683794466403162,0.5877713578445983,0.4444444444444444,0.0,0.0,0.0,0.0,0.0,0.0,0.0,0.0,0.0,,,,,18473,global,0.4
3,2,lr1e-04_bs32_modL1_fusion16_fusionL1_fusionBN0_drop0p2__wd1e-04trmiss40_trlocglobal,32,0.0001,0.0001,1,16,1,False,0.2,lr1e-04_bs32_modL1_fusion16_fusionL1_fusionBN0_drop0p2__wd1e-04trmiss40_trlocglobal,13,0.6093190312385559,0.7121487855911255,0.46837944664031617,0.5772860658591598,0.4444444444444444,0.0,0.0,0.0,0.0,0.0,0.0,0.0,0.0,0.0,,,,,18473,global,0.4
3,2,lr1e-04_bs32_modL1_fusion16_fusionL1_fusionBN0_drop0p2__wd1e-04trmiss40_trlocglobal,32,0.0001,0.0001,1,16,1,False,0.2,lr1e-04_bs32_modL1_fusion16_fusionL1_fusionBN0_drop0p2__wd1e-04trmiss40_trlocglobal,14,0.611065020163854,0.7119853496551514,0.48814229249011853,0.5872766314409877,0.4444444444444444,0.0,0.0,0.0,0.0,0.0,0.0,0.0,0.0,0.0,,,,,18473,global,0.4
3,2,lr1e-04_bs32_modL1_fusion16_fusionL1_fusionBN0_drop0p2__wd1e-04trmiss40_trlocglobal,32,0.0001,0.0001,1,16,1,False,0.2,lr1e-04_bs32_modL1_fusion16_fusionL1_fusionBN0_drop0p2__wd1e-04trmiss40_trlocglobal,15,0.6066727141539255,0.7107087969779968,0.484189723320158,0.5815408505286822,0.4444444444444444,0.0,0.0,0.0,0.0,0.0,0.0,0.0,0.0,0.0,,,,,18473,global,0.4
3,2,lr1e-04_bs32_modL1_fusion16_fusionL1_fusionBN0_drop0p2__wd1e-04trmiss40_trlocglobal,32,0.0001,0.0001,1,16,1,False,0.2,lr1e-04_bs32_modL1_fusion16_fusionL1_fusionBN0_drop0p2__wd1e-04trmiss40_trlocglobal,16,0.6041574577490488,0.7098303437232971,0.47233201581027673,0.5787347583521127,0.4444444444444444,0.0,0.0,0.0,0.0,0.0,0.0,0.0,0.0,0.0,,,,,18473,global,0.4
3,2,lr1e-04_bs32_modL1_fusion16_fusionL1_fusionBN0_drop0p2__wd1e-04trmiss40_trlocglobal,32,0.0001,0.0001,1,16,1,False,0.2,lr1e-04_bs32_modL1_fusion16_fusionL1_fusionBN0_drop0p2__wd1e-04trmiss40_trlocglobal,17,0.5987434585889181,0.7103783190250397,0.4644268774703557,0.5765908502785183,0.4444444444444444,0.0,0.0,0.0,0.0,0.0,0.0,0.0,0.0,0.0,,,,,18473,global,0.4
3,2,lr1e-04_bs32_modL1_fusion16_fusionL1_fusionBN0_drop0p2__wd1e-04trmiss40_trlocglobal,32,0.0001,0.0001,1,16,1,False,0.2,lr1e-04_bs32_modL1_fusion16_fusionL1_fusionBN0_drop0p2__wd1e-04trmiss40_trlocglobal,18,0.5845955510934194,0.7103762030601501,0.4644268774703557,0.568534971881234,0.4666666666666667,0.0,0.0,0.0,0.0,0.0,0.0,0.0,0.0,0.0,,,,,18473,global,0.4
3,2,lr1e-04_bs32_modL1_fusion16_fusionL1_fusionBN0_drop0p2__wd1e-04trmiss40_trlocglobal,32,0.0001,0.0001,1,16,1,False,0.2,lr1e-04_bs32_modL1_fusion16_fusionL1_fusionBN0_drop0p2__wd1e-04trmiss40_trlocglobal,19,0.5864471892515818,0.7089850604534149,0.4920948616600791,0.6187267085841054,0.4666666666666667,0.0,0.0,0.0,0.0,0.0,0.0,0.0,0.0,0.0,,,,,18473,global,0.4
3,2,lr1e-04_bs32_modL1_fusion16_fusionL1_fusionBN0_drop0p2__wd1e-04trmiss40_trlocglobal,32,0.0001,0.0001,1,16,1,False,0.2,lr1e-04_bs32_modL1_fusion16_fusionL1_fusionBN0_drop0p2__wd1e-04trmiss40_trlocglobal,20,0.5857318242390951,0.708124041557312,0.492094861660079,0.5936316650687388,0.4666666666666667,0.0,0.0,0.0,0.0,0.0,0.0,0.0,0.0,0.0,,,,,18473,global,0.4
3,2,lr1e-04_bs32_modL1_fusion16_fusionL1_fusionBN0_drop0p2__wd1e-04trmiss40_trlocglobal,32,0.0001,0.0001,1,16,1,False,0.2,lr1e-04_bs32_modL1_fusion16_fusionL1_fusionBN0_drop0p2__wd1e-04trmiss40_trlocglobal,21,0.5858957966168722,0.7096817195415497,0.4762845849802371,0.56460356563686,0.4888888888888889,0.0,0.0,0.0,0.0,0.0,0.0,0.0,0.0,0.0,,,,,18473,global,0.4
3,2,lr1e-04_bs32_modL1_fusion16_fusionL1_fusionBN0_drop0p2__wd1e-04trmiss40_trlocglobal,32,0.0001,0.0001,1,16,1,False,0.2,lr1e-04_bs32_modL1_fusion16_fusionL1_fusionBN0_drop0p2__wd1e-04trmiss40_trlocglobal,22,0.568358580271403,0.712194412946701,0.4565217391304348,0.54656448537941,0.4666666666666667,0.0,0.0,0.0,0.0,0.0,0.0,0.0,0.0,0.0,,,,,18473,global,0.4
3,2,lr1e-04_bs32_modL1_fusion16_fusionL1_fusionBN0_drop0p2__wd1e-04trmiss40_trlocglobal,32,0.0001,0.0001,1,16,1,False,0.2,lr1e-04_bs32_modL1_fusion16_fusionL1_fusionBN0_drop0p2__wd1e-04trmiss40_trlocglobal,23,0.577108254035314,0.7118779122829437,0.45849802371541504,0.5669489307924596,0.4888888888888889,0.0,0.0,0.0,0.0,0.0,0.0,0.0,0.0,0.0,,,,,18473,global,0.4
3,2,lr1e-04_bs32_modL1_fusion16_fusionL1_fusionBN0_drop0p2__wd1e-04trmiss40_trlocglobal,32,0.0001,0.0001,1,16,1,False,0.2,lr1e-04_bs32_modL1_fusion16_fusionL1_fusionBN0_drop0p2__wd1e-04trmiss40_trlocglobal,24,0.5651942193508148,0.7098695039749146,0.44861660079051385,0.5663155982593322,0.4888888888888889,0.0,0.0,0.0,0.0,0.0,0.0,0.0,0.0,0.0,,,,,18473,global,0.4
3,2,lr1e-04_bs32_modL1_fusion16_fusionL1_fusionBN0_drop0p2__wd1e-04trmiss40_trlocglobal,32,0.0001,0.0001,1,16,1,False,0.2,lr1e-04_bs32_modL1_fusion16_fusionL1_fusionBN0_drop0p2__wd1e-04trmiss40_trlocglobal,25,0.5597939193248749,0.709123432636261,0.46640316205533594,0.5848618346760381,0.4888888888888889,0.0,0.0,0.0,0.0,0.0,0.0,0.0,0.0,0.0,,,,,18473,global,0.4
3,2,lr1e-04_bs32_modL1_fusion16_fusionL1_fusionBN0_drop0p2__wd1e-04trmiss40_trlocglobal,32,0.0001,0.0001,1,16,1,False,0.2,lr1e-04_bs32_modL1_fusion16_fusionL1_fusionBN0_drop0p2__wd1e-04trmiss40_trlocglobal,26,0.5536697010199229,0.7090311646461487,0.46640316205533594,0.5898309132683938,0.4666666666666667,0.0,0.0,0.0,0.0,0.0,0.0,0.0,0.0,0.0,,,,,18473,global,0.4
3,2,lr1e-04_bs32_modL1_fusion16_fusionL1_fusionBN0_drop0p2__wd1e-04trmiss40_trlocglobal,32,0.0001,0.0001,1,16,1,False,0.2,lr1e-04_bs32_modL1_fusion16_fusionL1_fusionBN0_drop0p2__wd1e-04trmiss40_trlocglobal,27,0.5493127405643463,0.7107222080230713,0.47035573122529645,0.5823415328856226,0.4666666666666667,0.0,0.0,0.0,0.0,0.0,0.0,0.0,0.0,0.0,,,,,18473,global,0.4
3,2,lr1e-04_bs32_modL1_fusion16_fusionL1_fusionBN0_drop0p2__wd1e-04trmiss40_trlocglobal,32,0.0001,0.0001,1,16,1,False,0.2,lr1e-04_bs32_modL1_fusion16_fusionL1_fusionBN0_drop0p2__wd1e-04trmiss40_trlocglobal,28,0.5456544756889343,0.7135078310966492,0.45849802371541504,0.566109984013615,0.4666666666666667,0.0,0.0,0.0,0.0,0.0,0.0,0.0,0.0,0.0,,,,,18473,global,0.4
3,2,lr1e-04_bs32_modL1_fusion16_fusionL1_fusionBN0_drop0p2__wd1e-04trmiss40_trlocglobal,32,0.0001,0.0001,1,16,1,False,0.2,lr1e-04_bs32_modL1_fusion16_fusionL1_fusionBN0_drop0p2__wd1e-04trmiss40_trlocglobal,29,0.5451020201047262,0.7098768949508667,0.466403162055336,0.5797899213146729,0.4666666666666667,0.0,0.0,0.0,0.0,0.0,0.0,0.0,0.0,0.0,,,,,18473,global,0.4
3,2,lr1e-04_bs32_modL1_fusion16_fusionL1_fusionBN0_drop0p2__wd1e-04trmiss40_trlocglobal,32,0.0001,0.0001,1,16,1,False,0.2,lr1e-04_bs32_modL1_fusion16_fusionL1_fusionBN0_drop0p2__wd1e-04trmiss40_trlocglobal,30,0.5338695844014486,0.7082184851169586,0.4782608695652174,0.6023709725186429,0.4666666666666667,0.0,0.0,0.0,0.0,0.0,0.0,0.0,0.0,0.0,,,,,18473,global,0.4
3,2,lr1e-04_bs32_modL1_fusion16_fusionL1_fusionBN0_drop0p2__wd1e-04trmiss40_trlocglobal,32,0.0001,0.0001,1,16,1,False,0.2,lr1e-04_bs32_modL1_fusion16_fusionL1_fusionBN0_drop0p2__wd1e-04trmiss40_trlocglobal,31,0.5326617956161499,0.7091661393642426,0.4762845849802372,0.5868075737508026,0.4666666666666667,0.0,0.0,0.0,0.0,0.0,0.0,0.0,0.0,0.0,,,,,18473,global,0.4
3,2,lr1e-04_bs32_modL1_fusion16_fusionL1_fusionBN0_drop0p2__wd1e-04trmiss40_trlocglobal,32,0.0001,0.0001,1,16,1,False,0.2,lr1e-04_bs32_modL1_fusion16_fusionL1_fusionBN0_drop0p2__wd1e-04trmiss40_trlocglobal,32,0.5403711199760437,0.711534172296524,0.4486166007905138,0.5583251525165375,0.4666666666666667,0.0,0.0,0.0,0.0,0.0,0.0,0.0,0.0,0.0,,,,,18473,global,0.4
3,2,lr1e-04_bs32_modL1_fusion16_fusionL1_fusionBN0_drop0p2__wd1e-04trmiss40_trlocglobal,32,0.0001,0.0001,1,16,1,False,0.2,lr1e-04_bs32_modL1_fusion16_fusionL1_fusionBN0_drop0p2__wd1e-04trmiss40_trlocglobal,33,0.5230173269907633,0.711953192949295,0.4407114624505929,0.5533446825091491,0.4666666666666667,0.0,0.0,0.0,0.0,0.0,0.0,0.0,0.0,0.0,,,,,18473,global,0.4
3,2,lr1e-04_bs32_modL1_fusion16_fusionL1_fusionBN0_drop0p2__wd1e-04trmiss40_trlocglobal,32,0.0001,0.0001,1,16,1,False,0.2,lr1e-04_bs32_modL1_fusion16_fusionL1_fusionBN0_drop0p2__wd1e-04trmiss40_trlocglobal,34,0.5300511866807938,0.7115738987922668,0.4644268774703557,0.5739233034985224,0.4666666666666667,0.0,0.0,0.0,0.0,0.0,0.0,0.0,0.0,0.0,,,,,18473,global,0.4
3,2,lr1e-04_bs32_modL1_fusion16_fusionL1_fusionBN0_drop0p2__wd1e-04trmiss40_trlocglobal,32,0.0001,0.0001,1,16,1,False,0.2,lr1e-04_bs32_modL1_fusion16_fusionL1_fusionBN0_drop0p2__wd1e-04trmiss40_trlocglobal,35,0.5194629281759262,0.7082324028015137,0.4723320158102767,0.5723452262921495,0.4666666666666667,0.0,0.0,0.0,0.0,0.0,0.0,0.0,0.0,0.0,,,,,18473,global,0.4
3,2,lr1e-04_bs32_modL1_fusion16_fusionL1_fusionBN0_drop0p2__wd1e-04trmiss40_trlocglobal,32,0.0001,0.0001,1,16,1,False,0.2,lr1e-04_bs32_modL1_fusion16_fusionL1_fusionBN0_drop0p2__wd1e-04trmiss40_trlocglobal,36,0.518126497666041,0.7083990275859833,0.4624505928853755,0.5668596824412774,0.4666666666666667,0.0,0.0,0.0,0.0,0.0,0.0,0.0,0.0,0.0,,,,,18473,global,0.4
3,2,lr1e-04_bs32_modL1_fusion16_fusionL1_fusionBN0_drop0p2__wd1e-04trmiss40_trlocglobal,32,0.0001,0.0001,1,16,1,False,0.2,lr1e-04_bs32_modL1_fusion16_fusionL1_fusionBN0_drop0p2__wd1e-04trmiss40_trlocglobal,37,0.5088964651028315,0.7069673836231232,0.47035573122529645,0.5742814222062556,0.4666666666666667,0.0,0.0,0.0,0.0,0.0,0.0,0.0,0.0,0.0,,,,,18473,global,0.4
3,2,lr1e-04_bs32_modL1_fusion16_fusionL1_fusionBN0_drop0p2__wd1e-04trmiss40_trlocglobal,32,0.0001,0.0001,1,16,1,False,0.2,lr1e-04_bs32_modL1_fusion16_fusionL1_fusionBN0_drop0p2__wd1e-04trmiss40_trlocglobal,38,0.5168652584155401,0.7070571184158325,0.4703557312252965,0.5792925584130441,0.4666666666666667,0.0,0.0,0.0,0.0,0.0,0.0,0.0,0.0,0.0,,,,,18473,global,0.4
3,2,lr1e-04_bs32_modL1_fusion16_fusionL1_fusionBN0_drop0p2__wd1e-04trmiss40_trlocglobal,32,0.0001,0.0001,1,16,1,False,0.2,lr1e-04_bs32_modL1_fusion16_fusionL1_fusionBN0_drop0p2__wd1e-04trmiss40_trlocglobal,39,0.507582500576973,0.7073464095592499,0.46837944664031617,0.5793065598032546,0.4666666666666667,0.0,0.0,0.0,0.0,0.0,0.0,0.0,0.0,0.0,,,,,18473,global,0.4
3,2,lr1e-04_bs32_modL1_fusion16_fusionL1_fusionBN0_drop0p1__wd1e-04trmiss40_trlocglobal,32,0.0001,0.0001,1,16,1,False,0.1,lr1e-04_bs32_modL1_fusion16_fusionL1_fusionBN0_drop0p1__wd1e-04trmiss40_trlocglobal,1,0.7040661871433258,0.7192374169826508,0.48221343873517786,0.5084002366585172,0.5111111111111111,0.0,0.0,0.0,0.0,0.0,0.0,0.0,0.0,0.0,,,,,18473,global,0.4
3,2,lr1e-04_bs32_modL1_fusion16_fusionL1_fusionBN0_drop0p1__wd1e-04trmiss40_trlocglobal,32,0.0001,0.0001,1,16,1,False,0.1,lr1e-04_bs32_modL1_fusion16_fusionL1_fusionBN0_drop0p1__wd1e-04trmiss40_trlocglobal,2,0.6910127401351929,0.719783216714859,0.5296442687747036,0.5831953542674693,0.5111111111111111,0.0,0.0,0.0,0.0,0.0,0.0,0.0,0.0,0.0,,,,,18473,global,0.4
3,2,lr1e-04_bs32_modL1_fusion16_fusionL1_fusionBN0_drop0p1__wd1e-04trmiss40_trlocglobal,32,0.0001,0.0001,1,16,1,False,0.1,lr1e-04_bs32_modL1_fusion16_fusionL1_fusionBN0_drop0p1__wd1e-04trmiss40_trlocglobal,3,0.6686289608478546,0.7210940420627594,0.5118577075098814,0.5330637468093656,0.5111111111111111,0.0,0.0,0.0,0.0,0.0,0.0,0.0,0.0,0.0,,,,,18473,global,0.4
3,2,lr1e-04_bs32_modL1_fusion16_fusionL1_fusionBN0_drop0p1__wd1e-04trmiss40_trlocglobal,32,0.0001,0.0001,1,16,1,False,0.1,lr1e-04_bs32_modL1_fusion16_fusionL1_fusionBN0_drop0p1__wd1e-04trmiss40_trlocglobal,4,0.6703804135322571,0.7212025821208954,0.5138339920948617,0.5384319263865378,0.5111111111111111,0.0,0.0,0.0,0.0,0.0,0.0,0.0,0.0,0.0,,,,,18473,global,0.4
3,2,lr1e-04_bs32_modL1_fusion16_fusionL1_fusionBN0_drop0p1__wd1e-04trmiss40_trlocglobal,32,0.0001,0.0001,1,16,1,False,0.1,lr1e-04_bs32_modL1_fusion16_fusionL1_fusionBN0_drop0p1__wd1e-04trmiss40_trlocglobal,5,0.6651972432931265,0.718898206949234,0.5592885375494071,0.5872517756403429,0.5111111111111111,0.0,0.0,0.0,0.0,0.0,0.0,0.0,0.0,0.0,,,,,18473,global,0.4
3,2,lr1e-04_bs32_modL1_fusion16_fusionL1_fusionBN0_drop0p1__wd1e-04trmiss40_trlocglobal,32,0.0001,0.0001,1,16,1,False,0.1,lr1e-04_bs32_modL1_fusion16_fusionL1_fusionBN0_drop0p1__wd1e-04trmiss40_trlocglobal,6,0.6553751428922018,0.7168500423431396,0.5691699604743083,0.593822041045916,0.5111111111111111,0.0,0.0,0.0,0.0,0.0,0.0,0.0,0.0,0.0,,,,,18473,global,0.4
3,2,lr1e-04_bs32_modL1_fusion16_fusionL1_fusionBN0_drop0p1__wd1e-04trmiss40_trlocglobal,32,0.0001,0.0001,1,16,1,False,0.1,lr1e-04_bs32_modL1_fusion16_fusionL1_fusionBN0_drop0p1__wd1e-04trmiss40_trlocglobal,7,0.6476069490114847,0.7166514098644257,0.5770750988142292,0.601953996577627,0.5111111111111111,0.0,0.0,0.0,0.0,0.0,0.0,0.0,0.0,0.0,,,,,18473,global,0.4
3,2,lr1e-04_bs32_modL1_fusion16_fusionL1_fusionBN0_drop0p1__wd1e-04trmiss40_trlocglobal,32,0.0001,0.0001,1,16,1,False,0.1,lr1e-04_bs32_modL1_fusion16_fusionL1_fusionBN0_drop0p1__wd1e-04trmiss40_trlocglobal,8,0.648727148771286,0.7159352898597717,0.5632411067193676,0.5989642140323658,0.5111111111111111,0.0,0.0,0.0,0.0,0.0,0.0,0.0,0.0,0.0,,,,,18473,global,0.4
3,2,lr1e-04_bs32_modL1_fusion16_fusionL1_fusionBN0_drop0p1__wd1e-04trmiss40_trlocglobal,32,0.0001,0.0001,1,16,1,False,0.1,lr1e-04_bs32_modL1_fusion16_fusionL1_fusionBN0_drop0p1__wd1e-04trmiss40_trlocglobal,9,0.6483408510684967,0.7150824666023254,0.5691699604743083,0.6198283634452753,0.5111111111111111,0.0,0.0,0.0,0.0,0.0,0.0,0.0,0.0,0.0,,,,,18473,global,0.4
3,2,lr1e-04_bs32_modL1_fusion16_fusionL1_fusionBN0_drop0p1__wd1e-04trmiss40_trlocglobal,32,0.0001,0.0001,1,16,1,False,0.1,lr1e-04_bs32_modL1_fusion16_fusionL1_fusionBN0_drop0p1__wd1e-04trmiss40_trlocglobal,10,0.6429228881994883,0.7142869532108307,0.5632411067193676,0.6232573059785739,0.5111111111111111,0.0,0.0,0.0,0.0,0.0,0.0,0.0,0.0,0.0,,,,,18473,global,0.4
3,2,lr1e-04_bs32_modL1_fusion16_fusionL1_fusionBN0_drop0p1__wd1e-04trmiss40_trlocglobal,32,0.0001,0.0001,1,16,1,False,0.1,lr1e-04_bs32_modL1_fusion16_fusionL1_fusionBN0_drop0p1__wd1e-04trmiss40_trlocglobal,11,0.6355018615722656,0.7121908664703369,0.5731225296442687,0.6315077019462567,0.5111111111111111,0.0,0.0,0.0,0.0,0.0,0.0,0.0,0.0,0.0,,,,,18473,global,0.4
3,2,lr1e-04_bs32_modL1_fusion16_fusionL1_fusionBN0_drop0p1__wd1e-04trmiss40_trlocglobal,32,0.0001,0.0001,1,16,1,False,0.1,lr1e-04_bs32_modL1_fusion16_fusionL1_fusionBN0_drop0p1__wd1e-04trmiss40_trlocglobal,12,0.633543461561203,0.7129579484462738,0.5790513833992095,0.6328746044165398,0.5111111111111111,0.0,0.0,0.0,0.0,0.0,0.0,0.0,0.0,0.0,,,,,18473,global,0.4
3,2,lr1e-04_bs32_modL1_fusion16_fusionL1_fusionBN0_drop0p1__wd1e-04trmiss40_trlocglobal,32,0.0001,0.0001,1,16,1,False,0.1,lr1e-04_bs32_modL1_fusion16_fusionL1_fusionBN0_drop0p1__wd1e-04trmiss40_trlocglobal,13,0.6289813121159872,0.7135508060455322,0.5830039525691699,0.6241953926011674,0.5111111111111111,0.0,0.0,0.0,0.0,0.0,0.0,0.0,0.0,0.0,,,,,18473,global,0.4
3,2,lr1e-04_bs32_modL1_fusion16_fusionL1_fusionBN0_drop0p1__wd1e-04trmiss40_trlocglobal,32,0.0001,0.0001,1,16,1,False,0.1,lr1e-04_bs32_modL1_fusion16_fusionL1_fusionBN0_drop0p1__wd1e-04trmiss40_trlocglobal,14,0.6225232183933258,0.7124686539173126,0.5869565217391305,0.6435436045139911,0.5111111111111111,0.0,0.0,0.0,0.0,0.0,0.0,0.0,0.0,0.0,,,,,18473,global,0.4
3,2,lr1e-04_bs32_modL1_fusion16_fusionL1_fusionBN0_drop0p1__wd1e-04trmiss40_trlocglobal,32,0.0001,0.0001,1,16,1,False,0.1,lr1e-04_bs32_modL1_fusion16_fusionL1_fusionBN0_drop0p1__wd1e-04trmiss40_trlocglobal,15,0.6200701495011648,0.7124292254447937,0.5830039525691699,0.6394352061819422,0.5111111111111111,0.0,0.0,0.0,0.0,0.0,0.0,0.0,0.0,0.0,,,,,18473,global,0.4
3,2,lr1e-04_bs32_modL1_fusion16_fusionL1_fusionBN0_drop0p1__wd1e-04trmiss40_trlocglobal,32,0.0001,0.0001,1,16,1,False,0.1,lr1e-04_bs32_modL1_fusion16_fusionL1_fusionBN0_drop0p1__wd1e-04trmiss40_trlocglobal,16,0.6158356467882792,0.7106602191925049,0.5869565217391305,0.6417774747991498,0.5111111111111111,0.0,0.0,0.0,0.0,0.0,0.0,0.0,0.0,0.0,,,,,18473,global,0.4
3,2,lr1e-04_bs32_modL1_fusion16_fusionL1_fusionBN0_drop0p1__wd1e-04trmiss40_trlocglobal,32,0.0001,0.0001,1,16,1,False,0.1,lr1e-04_bs32_modL1_fusion16_fusionL1_fusionBN0_drop0p1__wd1e-04trmiss40_trlocglobal,17,0.6118720968564352,0.7082813680171967,0.5968379446640316,0.6546588329093569,0.5111111111111111,0.0,0.0,0.0,0.0,0.0,0.0,0.0,0.0,0.0,,,,,18473,global,0.4
3,2,lr1e-04_bs32_modL1_fusion16_fusionL1_fusionBN0_drop0p1__wd1e-04trmiss40_trlocglobal,32,0.0001,0.0001,1,16,1,False,0.1,lr1e-04_bs32_modL1_fusion16_fusionL1_fusionBN0_drop0p1__wd1e-04trmiss40_trlocglobal,18,0.6048799355824789,0.7090387642383575,0.5928853754940713,0.638910948387227,0.5111111111111111,0.0,0.0,0.0,0.0,0.0,0.0,0.0,0.0,0.0,,,,,18473,global,0.4
3,2,lr1e-04_bs32_modL1_fusion16_fusionL1_fusionBN0_drop0p1__wd1e-04trmiss40_trlocglobal,32,0.0001,0.0001,1,16,1,False,0.1,lr1e-04_bs32_modL1_fusion16_fusionL1_fusionBN0_drop0p1__wd1e-04trmiss40_trlocglobal,19,0.6027008692423502,0.7099213004112244,0.5869565217391304,0.6365287229897689,0.5111111111111111,0.0,0.0,0.0,0.0,0.0,0.0,0.0,0.0,0.0,,,,,18473,global,0.4
3,2,lr1e-04_bs32_modL1_fusion16_fusionL1_fusionBN0_drop0p1__wd1e-04trmiss40_trlocglobal,32,0.0001,0.0001,1,16,1,False,0.1,lr1e-04_bs32_modL1_fusion16_fusionL1_fusionBN0_drop0p1__wd1e-04trmiss40_trlocglobal,20,0.5993764201800028,0.711207240819931,0.5909090909090909,0.6370664078451848,0.5111111111111111,0.0,0.0,0.0,0.0,0.0,0.0,0.0,0.0,0.0,,,,,18473,global,0.4
3,2,lr1e-04_bs32_modL1_fusion16_fusionL1_fusionBN0_drop0p1__wd1e-04trmiss40_trlocglobal,32,0.0001,0.0001,1,16,1,False,0.1,lr1e-04_bs32_modL1_fusion16_fusionL1_fusionBN0_drop0p1__wd1e-04trmiss40_trlocglobal,21,0.6010088125864664,0.7112075686454773,0.5849802371541502,0.6476027532460799,0.5111111111111111,0.0,0.0,0.0,0.0,0.0,0.0,0.0,0.0,0.0,,,,,18473,global,0.4
3,2,lr1e-04_bs32_modL1_fusion16_fusionL1_fusionBN0_drop0p1__wd1e-04trmiss40_trlocglobal,32,0.0001,0.0001,1,16,1,False,0.1,lr1e-04_bs32_modL1_fusion16_fusionL1_fusionBN0_drop0p1__wd1e-04trmiss40_trlocglobal,22,0.5972723762194315,0.7097579836845398,0.5770750988142292,0.6374774292620603,0.5111111111111111,0.0,0.0,0.0,0.0,0.0,0.0,0.0,0.0,0.0,,,,,18473,global,0.4
3,2,lr1e-04_bs32_modL1_fusion16_fusionL1_fusionBN0_drop0p1__wd1e-04trmiss40_trlocglobal,32,0.0001,0.0001,1,16,1,False,0.1,lr1e-04_bs32_modL1_fusion16_fusionL1_fusionBN0_drop0p1__wd1e-04trmiss40_trlocglobal,23,0.5966572562853495,0.7105158865451813,0.5869565217391304,0.6411922029123904,0.5111111111111111,0.0,0.0,0.0,0.0,0.0,0.0,0.0,0.0,0.0,,,,,18473,global,0.4
3,2,lr1e-04_bs32_modL1_fusion16_fusionL1_fusionBN0_drop0p1__wd1e-04trmiss40_trlocglobal,32,0.0001,0.0001,1,16,1,False,0.1,lr1e-04_bs32_modL1_fusion16_fusionL1_fusionBN0_drop0p1__wd1e-04trmiss40_trlocglobal,24,0.5824114878972372,0.711683839559555,0.5711462450592886,0.6348145969229518,0.5111111111111111,0.0,0.0,0.0,0.0,0.0,0.0,0.0,0.0,0.0,,,,,18473,global,0.4
3,2,lr1e-04_bs32_modL1_fusion16_fusionL1_fusionBN0_drop0p1__wd1e-04trmiss40_trlocglobal,32,0.0001,0.0001,1,16,1,False,0.1,lr1e-04_bs32_modL1_fusion16_fusionL1_fusionBN0_drop0p1__wd1e-04trmiss40_trlocglobal,25,0.5841550330320994,0.7120974063873291,0.5592885375494071,0.6242546819201209,0.5111111111111111,0.0,0.0,0.0,0.0,0.0,0.0,0.0,0.0,0.0,,,,,18473,global,0.4
3,2,lr1e-04_bs32_modL1_fusion16_fusionL1_fusionBN0_drop0p1__wd1e-04trmiss40_trlocglobal,32,0.0001,0.0001,1,16,1,False,0.1,lr1e-04_bs32_modL1_fusion16_fusionL1_fusionBN0_drop0p1__wd1e-04trmiss40_trlocglobal,26,0.5806867281595866,0.7124788165092468,0.5513833992094861,0.6220997158662119,0.5111111111111111,0.0,0.0,0.0,0.0,0.0,0.0,0.0,0.0,0.0,,,,,18473,global,0.4
3,2,lr1e-04_bs32_modL1_fusion16_fusionL1_fusionBN0_drop0p1__wd1e-04trmiss40_trlocglobal,32,0.0001,0.0001,1,16,1,False,0.1,lr1e-04_bs32_modL1_fusion16_fusionL1_fusionBN0_drop0p1__wd1e-04trmiss40_trlocglobal,27,0.578324963649114,0.7143952548503876,0.5553359683794467,0.6279800599341266,0.5111111111111111,0.0,0.0,0.0,0.0,0.0,0.0,0.0,0.0,0.0,,,,,18473,global,0.4
3,2,lr1e-04_bs32_modL1_fusion16_fusionL1_fusionBN0_drop0p1__wd1e-04trmiss40_trlocglobal,32,0.0001,0.0001,1,16,1,False,0.1,lr1e-04_bs32_modL1_fusion16_fusionL1_fusionBN0_drop0p1__wd1e-04trmiss40_trlocglobal,28,0.5710228482882181,0.7149798274040222,0.5573122529644269,0.6388099277939834,0.5111111111111111,0.0,0.0,0.0,0.0,0.0,0.0,0.0,0.0,0.0,,,,,18473,global,0.4
3,2,lr1e-04_bs32_modL1_fusion16_fusionL1_fusionBN0_drop0p1__wd1e-04trmiss40_trlocglobal,32,0.0001,0.0001,1,16,1,False,0.1,lr1e-04_bs32_modL1_fusion16_fusionL1_fusionBN0_drop0p1__wd1e-04trmiss40_trlocglobal,29,0.5678504109382629,0.7147717177867889,0.5316205533596838,0.6093486572036874,0.5111111111111111,0.0,0.0,0.0,0.0,0.0,0.0,0.0,0.0,0.0,,,,,18473,global,0.4
3,2,lr1e-04_bs32_modL1_fusion16_fusionL1_fusionBN0_drop0p1__wd1e-04trmiss40_trlocglobal,32,0.0001,0.0001,1,16,1,False,0.1,lr1e-04_bs32_modL1_fusion16_fusionL1_fusionBN0_drop0p1__wd1e-04trmiss40_trlocglobal,30,0.5627457002798716,0.7122554779052734,0.5553359683794467,0.6316803835470572,0.5111111111111111,0.0,0.0,0.0,0.0,0.0,0.0,0.0,0.0,0.0,,,,,18473,global,0.4
3,2,lr1e-04_bs32_modL1_fusion16_fusionL1_fusionBN0_drop0p1__wd1e-04trmiss40_trlocglobal,32,0.0001,0.0001,1,16,1,False,0.1,lr1e-04_bs32_modL1_fusion16_fusionL1_fusionBN0_drop0p1__wd1e-04trmiss40_trlocglobal,31,0.5626427630583445,0.7101002037525177,0.5691699604743083,0.6452859374407393,0.5111111111111111,0.0,0.0,0.0,0.0,0.0,0.0,0.0,0.0,0.0,,,,,18473,global,0.4
3,2,lr1e-04_bs32_modL1_fusion16_fusionL1_fusionBN0_drop0p1__wd1e-04trmiss40_trlocglobal,32,0.0001,0.0001,1,16,1,False,0.1,lr1e-04_bs32_modL1_fusion16_fusionL1_fusionBN0_drop0p1__wd1e-04trmiss40_trlocglobal,32,0.5559514959653219,0.7088061571121216,0.575098814229249,0.6479362409941308,0.5111111111111111,0.0,0.0,0.0,0.0,0.0,0.0,0.0,0.0,0.0,,,,,18473,global,0.4
3,2,lr1e-04_bs32_modL1_fusion16_fusionL1_fusionBN0_drop0p1__wd1e-04trmiss40_trlocglobal,32,0.0001,0.0001,1,16,1,False,0.1,lr1e-04_bs32_modL1_fusion16_fusionL1_fusionBN0_drop0p1__wd1e-04trmiss40_trlocglobal,33,0.5554525852203369,0.7100635170936584,0.5711462450592886,0.6504571383647944,0.5111111111111111,0.0,0.0,0.0,0.0,0.0,0.0,0.0,0.0,0.0,,,,,18473,global,0.4
3,2,lr1e-04_bs32_modL1_fusion16_fusionL1_fusionBN0_drop0p1__wd1e-04trmiss40_trlocglobal,32,0.0001,0.0001,1,16,1,False,0.1,lr1e-04_bs32_modL1_fusion16_fusionL1_fusionBN0_drop0p1__wd1e-04trmiss40_trlocglobal,34,0.564600353439649,0.7103771567344666,0.5652173913043479,0.634884081016538,0.5333333333333333,0.0,0.0,0.0,0.0,0.0,0.0,0.0,0.0,0.0,,,,,18473,global,0.4
3,2,lr1e-04_bs32_modL1_fusion16_fusionL1_fusionBN0_drop0p1__wd1e-04trmiss40_trlocglobal,32,0.0001,0.0001,1,16,1,False,0.1,lr1e-04_bs32_modL1_fusion16_fusionL1_fusionBN0_drop0p1__wd1e-04trmiss40_trlocglobal,35,0.5528120795885721,0.7109425365924835,0.5671936758893281,0.647940317135875,0.5333333333333333,0.0,0.0,0.0,0.0,0.0,0.0,0.0,0.0,0.0,,,,,18473,global,0.4
3,2,lr1e-04_bs32_modL1_fusion16_fusionL1_fusionBN0_drop0p1__wd1e-04trmiss40_trlocglobal,32,0.0001,0.0001,1,16,1,False,0.1,lr1e-04_bs32_modL1_fusion16_fusionL1_fusionBN0_drop0p1__wd1e-04trmiss40_trlocglobal,36,0.5436248282591502,0.7085395753383636,0.5731225296442688,0.6494861263990755,0.5111111111111111,0.0,0.0,0.0,0.0,0.0,0.0,0.0,0.0,0.0,,,,,18473,global,0.4
3,2,lr1e-04_bs32_modL1_fusion16_fusionL1_fusionBN0_drop0p1__wd1e-04trmiss40_trlocglobal,32,0.0001,0.0001,1,16,1,False,0.1,lr1e-04_bs32_modL1_fusion16_fusionL1_fusionBN0_drop0p1__wd1e-04trmiss40_trlocglobal,37,0.54067662358284,0.7075587511062622,0.575098814229249,0.6527100229991198,0.5111111111111111,0.0,0.0,0.0,0.0,0.0,0.0,0.0,0.0,0.0,,,,,18473,global,0.4
3,2,lr1e-04_bs32_modL1_fusion32_fusionL1_fusionBN0_drop0p2__wd1e-04trmiss40_trlocglobal,32,0.0001,0.0001,1,32,1,False,0.2,lr1e-04_bs32_modL1_fusion32_fusionL1_fusionBN0_drop0p2__wd1e-04trmiss40_trlocglobal,1,0.7151080767313639,0.6916163265705109,0.4881422924901186,0.5780293232135341,0.6,0.0,0.0,0.0,0.0,0.0,0.0,0.0,0.0,0.0,,,,,18473,global,0.4
3,2,lr1e-04_bs32_modL1_fusion32_fusionL1_fusionBN0_drop0p2__wd1e-04trmiss40_trlocglobal,32,0.0001,0.0001,1,32,1,False,0.2,lr1e-04_bs32_modL1_fusion32_fusionL1_fusionBN0_drop0p2__wd1e-04trmiss40_trlocglobal,2,0.6901261806488037,0.6864585876464844,0.4624505928853755,0.547965440729566,0.5111111111111111,0.0,0.0,0.0,0.0,0.0,0.0,0.0,0.0,0.0,,,,,18473,global,0.4
3,2,lr1e-04_bs32_modL1_fusion32_fusionL1_fusionBN0_drop0p2__wd1e-04trmiss40_trlocglobal,32,0.0001,0.0001,1,32,1,False,0.2,lr1e-04_bs32_modL1_fusion32_fusionL1_fusionBN0_drop0p2__wd1e-04trmiss40_trlocglobal,3,0.6734406451384226,0.6824230849742889,0.48221343873517786,0.562599616165243,0.5333333333333333,0.0,0.0,0.0,0.0,0.0,0.0,0.0,0.0,0.0,,,,,18473,global,0.4
3,2,lr1e-04_bs32_modL1_fusion32_fusionL1_fusionBN0_drop0p2__wd1e-04trmiss40_trlocglobal,32,0.0001,0.0001,1,32,1,False,0.2,lr1e-04_bs32_modL1_fusion32_fusionL1_fusionBN0_drop0p2__wd1e-04trmiss40_trlocglobal,4,0.6608313322067261,0.67976313829422,0.5079051383399209,0.6009743246541128,0.5333333333333333,0.0,0.0,0.0,0.0,0.0,0.0,0.0,0.0,0.0,,,,,18473,global,0.4
3,2,lr1e-04_bs32_modL1_fusion32_fusionL1_fusionBN0_drop0p2__wd1e-04trmiss40_trlocglobal,32,0.0001,0.0001,1,32,1,False,0.2,lr1e-04_bs32_modL1_fusion32_fusionL1_fusionBN0_drop0p2__wd1e-04trmiss40_trlocglobal,5,0.6450897057851156,0.6767448782920837,0.5335968379446641,0.6217195221838346,0.5555555555555556,0.0,0.0,0.0,0.0,0.0,0.0,0.0,0.0,0.0,,,,,18473,global,0.4
3,2,lr1e-04_bs32_modL1_fusion32_fusionL1_fusionBN0_drop0p2__wd1e-04trmiss40_trlocglobal,32,0.0001,0.0001,1,32,1,False,0.2,lr1e-04_bs32_modL1_fusion32_fusionL1_fusionBN0_drop0p2__wd1e-04trmiss40_trlocglobal,6,0.6406667828559875,0.6743859052658081,0.5592885375494072,0.6525657942471916,0.5777777777777777,0.0,0.0,0.0,0.0,0.0,0.0,0.0,0.0,0.0,,,,,18473,global,0.4
3,2,lr1e-04_bs32_modL1_fusion32_fusionL1_fusionBN0_drop0p2__wd1e-04trmiss40_trlocglobal,32,0.0001,0.0001,1,32,1,False,0.2,lr1e-04_bs32_modL1_fusion32_fusionL1_fusionBN0_drop0p2__wd1e-04trmiss40_trlocglobal,7,0.6433891355991364,0.670551061630249,0.575098814229249,0.6702852814869505,0.6,0.0,0.0,0.0,0.0,0.0,0.0,0.0,0.0,0.0,,,,,18473,global,0.4
3,2,lr1e-04_bs32_modL1_fusion32_fusionL1_fusionBN0_drop0p2__wd1e-04trmiss40_trlocglobal,32,0.0001,0.0001,1,32,1,False,0.2,lr1e-04_bs32_modL1_fusion32_fusionL1_fusionBN0_drop0p2__wd1e-04trmiss40_trlocglobal,8,0.6193239490191141,0.6700772941112518,0.58300395256917,0.682106455270692,0.6222222222222222,0.0,0.0,0.0,0.0,0.0,0.0,0.0,0.0,0.0,,,,,18473,global,0.4
3,2,lr1e-04_bs32_modL1_fusion32_fusionL1_fusionBN0_drop0p2__wd1e-04trmiss40_trlocglobal,32,0.0001,0.0001,1,32,1,False,0.2,lr1e-04_bs32_modL1_fusion32_fusionL1_fusionBN0_drop0p2__wd1e-04trmiss40_trlocglobal,9,0.6314627627531687,0.6708889305591583,0.6106719367588933,0.71671418885463,0.6666666666666666,0.0,0.0,0.0,0.0,0.0,0.0,0.0,0.0,0.0,,,,,18473,global,0.4
3,2,lr1e-04_bs32_modL1_fusion32_fusionL1_fusionBN0_drop0p2__wd1e-04trmiss40_trlocglobal,32,0.0001,0.0001,1,32,1,False,0.2,lr1e-04_bs32_modL1_fusion32_fusionL1_fusionBN0_drop0p2__wd1e-04trmiss40_trlocglobal,10,0.6088793476422628,0.6722697019577026,0.598814229249012,0.7240742322130103,0.6444444444444445,0.0,0.0,0.0,0.0,0.0,0.0,0.0,0.0,0.0,,,,,18473,global,0.4
3,2,lr1e-04_bs32_modL1_fusion32_fusionL1_fusionBN0_drop0p2__wd1e-04trmiss40_trlocglobal,32,0.0001,0.0001,1,32,1,False,0.2,lr1e-04_bs32_modL1_fusion32_fusionL1_fusionBN0_drop0p2__wd1e-04trmiss40_trlocglobal,11,0.6091293394565582,0.6747474670410156,0.5889328063241107,0.721296300219948,0.6444444444444445,0.0,0.0,0.0,0.0,0.0,0.0,0.0,0.0,0.0,,,,,18473,global,0.4
3,2,lr1e-04_bs32_modL1_fusion32_fusionL1_fusionBN0_drop0p2__wd1e-04trmiss40_trlocglobal,32,0.0001,0.0001,1,32,1,False,0.2,lr1e-04_bs32_modL1_fusion32_fusionL1_fusionBN0_drop0p2__wd1e-04trmiss40_trlocglobal,12,0.6001688440640768,0.6759530305862427,0.5711462450592886,0.6968824010082733,0.6444444444444445,0.0,0.0,0.0,0.0,0.0,0.0,0.0,0.0,0.0,,,,,18473,global,0.4
3,2,lr1e-04_bs32_modL1_fusion32_fusionL1_fusionBN0_drop0p2__wd1e-04trmiss40_trlocglobal,32,0.0001,0.0001,1,32,1,False,0.2,lr1e-04_bs32_modL1_fusion32_fusionL1_fusionBN0_drop0p2__wd1e-04trmiss40_trlocglobal,13,0.589545488357544,0.6765141487121582,0.5513833992094861,0.6622103932114574,0.6222222222222222,0.0,0.0,0.0,0.0,0.0,0.0,0.0,0.0,0.0,,,,,18473,global,0.4
3,2,lr1e-04_bs32_modL1_fusion32_fusionL1_fusionBN0_drop0p2__wd1e-04trmiss40_trlocglobal,32,0.0001,0.0001,1,32,1,False,0.2,lr1e-04_bs32_modL1_fusion32_fusionL1_fusionBN0_drop0p2__wd1e-04trmiss40_trlocglobal,14,0.5844790736834208,0.6784873604774475,0.5573122529644268,0.6866296154784037,0.6222222222222222,0.0,0.0,0.0,0.0,0.0,0.0,0.0,0.0,0.0,,,,,18473,global,0.4
3,2,lr1e-04_bs32_modL1_fusion32_fusionL1_fusionBN0_drop0p2__wd1e-04trmiss40_trlocglobal,32,0.0001,0.0001,1,32,1,False,0.2,lr1e-04_bs32_modL1_fusion32_fusionL1_fusionBN0_drop0p2__wd1e-04trmiss40_trlocglobal,15,0.5825280646483103,0.6789264380931854,0.5652173913043478,0.6962265169840411,0.6444444444444445,0.0,0.0,0.0,0.0,0.0,0.0,0.0,0.0,0.0,,,,,18473,global,0.4
3,2,lr1e-04_bs32_modL1_fusion32_fusionL1_fusionBN0_drop0p2__wd1e-04trmiss40_trlocglobal,32,0.0001,0.0001,1,32,1,False,0.2,lr1e-04_bs32_modL1_fusion32_fusionL1_fusionBN0_drop0p2__wd1e-04trmiss40_trlocglobal,16,0.5722944041093191,0.6778047978878021,0.5494071146245059,0.6896615637383476,0.6222222222222222,0.0,0.0,0.0,0.0,0.0,0.0,0.0,0.0,0.0,,,,,18473,global,0.4
3,2,lr1e-04_bs32_modL1_fusion32_fusionL1_fusionBN0_drop0p2__wd1e-04trmiss40_trlocglobal,32,0.0001,0.0001,1,32,1,False,0.2,lr1e-04_bs32_modL1_fusion32_fusionL1_fusionBN0_drop0p2__wd1e-04trmiss40_trlocglobal,17,0.5692232052485148,0.6772091090679169,0.5711462450592886,0.7094937329984345,0.6222222222222222,0.0,0.0,0.0,0.0,0.0,0.0,0.0,0.0,0.0,,,,,18473,global,0.4
3,2,lr1e-04_bs32_modL1_fusion32_fusionL1_fusionBN0_drop0p2__wd1e-04trmiss40_trlocglobal,32,0.0001,0.0001,1,32,1,False,0.2,lr1e-04_bs32_modL1_fusion32_fusionL1_fusionBN0_drop0p2__wd1e-04trmiss40_trlocglobal,18,0.5624098777770996,0.6777285635471344,0.5770750988142292,0.7131585977748452,0.6222222222222222,0.0,0.0,0.0,0.0,0.0,0.0,0.0,0.0,0.0,,,,,18473,global,0.4
3,2,lr1e-04_bs32_modL1_fusion32_fusionL1_fusionBN0_drop0p2__wd1e-04trmiss40_trlocglobal,32,0.0001,0.0001,1,32,1,False,0.2,lr1e-04_bs32_modL1_fusion32_fusionL1_fusionBN0_drop0p2__wd1e-04trmiss40_trlocglobal,19,0.5448970894018809,0.6773761808872223,0.5810276679841897,0.715402956399918,0.6444444444444445,0.0,0.0,0.0,0.0,0.0,0.0,0.0,0.0,0.0,,,,,18473,global,0.4
3,2,lr1e-04_bs32_modL1_fusion32_fusionL1_fusionBN0_drop0p2__wd1e-04trmiss40_trlocglobal,32,0.0001,0.0001,1,32,1,False,0.2,lr1e-04_bs32_modL1_fusion32_fusionL1_fusionBN0_drop0p2__wd1e-04trmiss40_trlocglobal,20,0.5413609445095062,0.6772453486919403,0.5671936758893281,0.7004605027365257,0.6444444444444445,0.0,0.0,0.0,0.0,0.0,0.0,0.0,0.0,0.0,,,,,18473,global,0.4
3,2,lr1e-04_bs32_modL1_fusion32_fusionL1_fusionBN0_drop0p2__wd1e-04trmiss40_trlocglobal,32,0.0001,0.0001,1,32,1,False,0.2,lr1e-04_bs32_modL1_fusion32_fusionL1_fusionBN0_drop0p2__wd1e-04trmiss40_trlocglobal,21,0.5398892561594645,0.6783086955547333,0.5810276679841897,0.7154099474857416,0.6666666666666666,0.0,0.0,0.0,0.0,0.0,0.0,0.0,0.0,0.0,,,,,18473,global,0.4
3,2,lr1e-04_bs32_modL1_fusion32_fusionL1_fusionBN0_drop0p2__wd1e-04trmiss40_trlocglobal,32,0.0001,0.0001,1,32,1,False,0.2,lr1e-04_bs32_modL1_fusion32_fusionL1_fusionBN0_drop0p2__wd1e-04trmiss40_trlocglobal,22,0.5409260193506876,0.6774625480175018,0.5770750988142292,0.7153450078682164,0.6666666666666666,0.0,0.0,0.0,0.0,0.0,0.0,0.0,0.0,0.0,,,,,18473,global,0.4
3,2,lr1e-04_bs32_modL1_fusion32_fusionL1_fusionBN0_drop0p2__wd1e-04trmiss40_trlocglobal,32,0.0001,0.0001,1,32,1,False,0.2,lr1e-04_bs32_modL1_fusion32_fusionL1_fusionBN0_drop0p2__wd1e-04trmiss40_trlocglobal,23,0.5294653723637263,0.6764907538890839,0.5711462450592886,0.7143345810322741,0.5777777777777777,0.0,0.0,0.0,0.0,0.0,0.0,0.0,0.0,0.0,,,,,18473,global,0.4
3,2,lr1e-04_bs32_modL1_fusion32_fusionL1_fusionBN0_drop0p2__wd1e-04trmiss40_trlocglobal,32,0.0001,0.0001,1,32,1,False,0.2,lr1e-04_bs32_modL1_fusion32_fusionL1_fusionBN0_drop0p2__wd1e-04trmiss40_trlocglobal,24,0.5396204789479574,0.6778255105018616,0.5454545454545455,0.683658953628289,0.5777777777777777,0.0,0.0,0.0,0.0,0.0,0.0,0.0,0.0,0.0,,,,,18473,global,0.4
3,2,lr1e-04_bs32_modL1_fusion32_fusionL1_fusionBN0_drop0p2__wd1e-04trmiss40_trlocglobal,32,0.0001,0.0001,1,32,1,False,0.2,lr1e-04_bs32_modL1_fusion32_fusionL1_fusionBN0_drop0p2__wd1e-04trmiss40_trlocglobal,25,0.5274010797341665,0.6734932959079742,0.5731225296442688,0.6973940367916551,0.6222222222222222,0.0,0.0,0.0,0.0,0.0,0.0,0.0,0.0,0.0,,,,,18473,global,0.4
3,2,lr1e-04_bs32_modL1_fusion32_fusionL1_fusionBN0_drop0p2__wd1e-04trmiss40_trlocglobal,32,0.0001,0.0001,1,32,1,False,0.2,lr1e-04_bs32_modL1_fusion32_fusionL1_fusionBN0_drop0p2__wd1e-04trmiss40_trlocglobal,26,0.5161774704853693,0.6696571707725525,0.5869565217391304,0.7156544804635299,0.6666666666666666,0.0,0.0,0.0,0.0,0.0,0.0,0.0,0.0,0.0,,,,,18473,global,0.4
3,2,lr1e-04_bs32_modL1_fusion32_fusionL1_fusionBN0_drop0p2__wd1e-04trmiss40_trlocglobal,32,0.0001,0.0001,1,32,1,False,0.2,lr1e-04_bs32_modL1_fusion32_fusionL1_fusionBN0_drop0p2__wd1e-04trmiss40_trlocglobal,27,0.5039878537257513,0.6719265282154083,0.5691699604743082,0.6992186177127149,0.6666666666666666,0.0,0.0,0.0,0.0,0.0,0.0,0.0,0.0,0.0,,,,,18473,global,0.4
3,2,lr1e-04_bs32_modL1_fusion32_fusionL1_fusionBN0_drop0p2__wd1e-04trmiss40_trlocglobal,32,0.0001,0.0001,1,32,1,False,0.2,lr1e-04_bs32_modL1_fusion32_fusionL1_fusionBN0_drop0p2__wd1e-04trmiss40_trlocglobal,28,0.4970308045546214,0.6770637035369873,0.5652173913043478,0.6977334081511944,0.6444444444444445,0.0,0.0,0.0,0.0,0.0,0.0,0.0,0.0,0.0,,,,,18473,global,0.4
3,2,lr1e-04_bs32_modL1_fusion32_fusionL1_fusionBN0_drop0p2__wd1e-04trmiss40_trlocglobal,32,0.0001,0.0001,1,32,1,False,0.2,lr1e-04_bs32_modL1_fusion32_fusionL1_fusionBN0_drop0p2__wd1e-04trmiss40_trlocglobal,29,0.49591558674971264,0.6782184541225433,0.5573122529644269,0.6917589298193828,0.6222222222222222,0.0,0.0,0.0,0.0,0.0,0.0,0.0,0.0,0.0,,,,,18473,global,0.4
3,2,lr1e-04_bs32_modL1_fusion32_fusionL1_fusionBN0_drop0p1__wd1e-04trmiss40_trlocglobal,32,0.0001,0.0001,1,32,1,False,0.1,lr1e-04_bs32_modL1_fusion32_fusionL1_fusionBN0_drop0p1__wd1e-04trmiss40_trlocglobal,1,0.708533396323522,0.7147423624992371,0.31620553359683795,0.4694679385202485,0.4666666666666667,0.0,0.0,0.0,0.0,0.0,0.0,0.0,0.0,0.0,,,,,18473,global,0.4
3,2,lr1e-04_bs32_modL1_fusion32_fusionL1_fusionBN0_drop0p1__wd1e-04trmiss40_trlocglobal,32,0.0001,0.0001,1,32,1,False,0.1,lr1e-04_bs32_modL1_fusion32_fusionL1_fusionBN0_drop0p1__wd1e-04trmiss40_trlocglobal,2,0.6726972063382467,0.7172967195510864,0.29051383399209485,0.4249340472823302,0.4888888888888889,0.0,0.0,0.0,0.0,0.0,0.0,0.0,0.0,0.0,,,,,18473,global,0.4
3,2,lr1e-04_bs32_modL1_fusion32_fusionL1_fusionBN0_drop0p1__wd1e-04trmiss40_trlocglobal,32,0.0001,0.0001,1,32,1,False,0.1,lr1e-04_bs32_modL1_fusion32_fusionL1_fusionBN0_drop0p1__wd1e-04trmiss40_trlocglobal,3,0.654790053764979,0.7189543843269348,0.2984189723320158,0.4096012408254839,0.4888888888888889,0.0,0.0,0.0,0.0,0.0,0.0,0.0,0.0,0.0,,,,,18473,global,0.4
3,2,lr1e-04_bs32_modL1_fusion32_fusionL1_fusionBN0_drop0p1__wd1e-04trmiss40_trlocglobal,32,0.0001,0.0001,1,32,1,False,0.1,lr1e-04_bs32_modL1_fusion32_fusionL1_fusionBN0_drop0p1__wd1e-04trmiss40_trlocglobal,4,0.6387726267178854,0.7198243141174316,0.32806324110671936,0.41730888257913884,0.4888888888888889,0.0,0.0,0.0,0.0,0.0,0.0,0.0,0.0,0.0,,,,,18473,global,0.4
3,2,lr1e-04_bs32_modL1_fusion32_fusionL1_fusionBN0_drop0p1__wd1e-04trmiss40_trlocglobal,32,0.0001,0.0001,1,32,1,False,0.1,lr1e-04_bs32_modL1_fusion32_fusionL1_fusionBN0_drop0p1__wd1e-04trmiss40_trlocglobal,5,0.6361482342084249,0.7187518775463104,0.3458498023715415,0.42339206775170346,0.4888888888888889,0.0,0.0,0.0,0.0,0.0,0.0,0.0,0.0,0.0,,,,,18473,global,0.4
3,2,lr1e-04_bs32_modL1_fusion32_fusionL1_fusionBN0_drop0p1__wd1e-04trmiss40_trlocglobal,32,0.0001,0.0001,1,32,1,False,0.1,lr1e-04_bs32_modL1_fusion32_fusionL1_fusionBN0_drop0p1__wd1e-04trmiss40_trlocglobal,6,0.6199794809023539,0.7152320444583893,0.3754940711462451,0.44047855290551224,0.5111111111111111,0.0,0.0,0.0,0.0,0.0,0.0,0.0,0.0,0.0,,,,,18473,global,0.4
3,2,lr1e-04_bs32_modL1_fusion32_fusionL1_fusionBN0_drop0p1__wd1e-04trmiss40_trlocglobal,32,0.0001,0.0001,1,32,1,False,0.1,lr1e-04_bs32_modL1_fusion32_fusionL1_fusionBN0_drop0p1__wd1e-04trmiss40_trlocglobal,7,0.609370102485021,0.7131622433662415,0.40513833992094866,0.45850867080705787,0.5111111111111111,0.0,0.0,0.0,0.0,0.0,0.0,0.0,0.0,0.0,,,,,18473,global,0.4
3,2,lr1e-04_bs32_modL1_fusion32_fusionL1_fusionBN0_drop0p1__wd1e-04trmiss40_trlocglobal,32,0.0001,0.0001,1,32,1,False,0.1,lr1e-04_bs32_modL1_fusion32_fusionL1_fusionBN0_drop0p1__wd1e-04trmiss40_trlocglobal,8,0.6010545492172241,0.7093661725521088,0.45652173913043476,0.4861000047078574,0.5111111111111111,0.0,0.0,0.0,0.0,0.0,0.0,0.0,0.0,0.0,,,,,18473,global,0.4
3,2,lr1e-04_bs32_modL1_fusion32_fusionL1_fusionBN0_drop0p1__wd1e-04trmiss40_trlocglobal,32,0.0001,0.0001,1,32,1,False,0.1,lr1e-04_bs32_modL1_fusion32_fusionL1_fusionBN0_drop0p1__wd1e-04trmiss40_trlocglobal,9,0.5875152746836344,0.7060882747173309,0.46442687747035577,0.5032637671878547,0.5111111111111111,0.0,0.0,0.0,0.0,0.0,0.0,0.0,0.0,0.0,,,,,18473,global,0.4
3,2,lr1e-04_bs32_modL1_fusion32_fusionL1_fusionBN0_drop0p1__wd1e-04trmiss40_trlocglobal,32,0.0001,0.0001,1,32,1,False,0.1,lr1e-04_bs32_modL1_fusion32_fusionL1_fusionBN0_drop0p1__wd1e-04trmiss40_trlocglobal,10,0.5844711561997732,0.7089245617389679,0.4486166007905138,0.4894661749605648,0.5111111111111111,0.0,0.0,0.0,0.0,0.0,0.0,0.0,0.0,0.0,,,,,18473,global,0.4
3,2,lr1e-04_bs32_modL1_fusion32_fusionL1_fusionBN0_drop0p1__wd1e-04trmiss40_trlocglobal,32,0.0001,0.0001,1,32,1,False,0.1,lr1e-04_bs32_modL1_fusion32_fusionL1_fusionBN0_drop0p1__wd1e-04trmiss40_trlocglobal,11,0.5711431801319122,0.7063734531402588,0.45652173913043476,0.5105247288913121,0.5111111111111111,0.0,0.0,0.0,0.0,0.0,0.0,0.0,0.0,0.0,,,,,18473,global,0.4
3,2,lr1e-04_bs32_modL1_fusion32_fusionL1_fusionBN0_drop0p1__wd1e-04trmiss40_trlocglobal,32,0.0001,0.0001,1,32,1,False,0.1,lr1e-04_bs32_modL1_fusion32_fusionL1_fusionBN0_drop0p1__wd1e-04trmiss40_trlocglobal,12,0.5682303706804911,0.7059672176837921,0.4782608695652174,0.5251581549172032,0.5111111111111111,0.0,0.0,0.0,0.0,0.0,0.0,0.0,0.0,0.0,,,,,18473,global,0.4
3,2,lr1e-04_bs32_modL1_fusion32_fusionL1_fusionBN0_drop0p1__wd1e-04trmiss40_trlocglobal,32,0.0001,0.0001,1,32,1,False,0.1,lr1e-04_bs32_modL1_fusion32_fusionL1_fusionBN0_drop0p1__wd1e-04trmiss40_trlocglobal,13,0.5622145434220632,0.7031711339950562,0.5039525691699605,0.5605971803713955,0.5111111111111111,0.0,0.0,0.0,0.0,0.0,0.0,0.0,0.0,0.0,,,,,18473,global,0.4
3,2,lr1e-04_bs32_modL1_fusion32_fusionL1_fusionBN0_drop0p1__wd1e-04trmiss40_trlocglobal,32,0.0001,0.0001,1,32,1,False,0.1,lr1e-04_bs32_modL1_fusion32_fusionL1_fusionBN0_drop0p1__wd1e-04trmiss40_trlocglobal,14,0.5485913455486298,0.7026679515838623,0.4960474308300395,0.5664506499750334,0.4888888888888889,0.0,0.0,0.0,0.0,0.0,0.0,0.0,0.0,0.0,,,,,18473,global,0.4
3,2,lr1e-04_bs32_modL1_fusion32_fusionL1_fusionBN0_drop0p1__wd1e-04trmiss40_trlocglobal,32,0.0001,0.0001,1,32,1,False,0.1,lr1e-04_bs32_modL1_fusion32_fusionL1_fusionBN0_drop0p1__wd1e-04trmiss40_trlocglobal,15,0.5447244544823965,0.6986665725708008,0.5079051383399209,0.5695388699004864,0.5111111111111111,0.0,0.0,0.0,0.0,0.0,0.0,0.0,0.0,0.0,,,,,18473,global,0.4
3,2,lr1e-04_bs32_modL1_fusion32_fusionL1_fusionBN0_drop0p1__wd1e-04trmiss40_trlocglobal,32,0.0001,0.0001,1,32,1,False,0.1,lr1e-04_bs32_modL1_fusion32_fusionL1_fusionBN0_drop0p1__wd1e-04trmiss40_trlocglobal,16,0.538058876991272,0.6932879984378815,0.5316205533596837,0.5941461932304164,0.5111111111111111,0.0,0.0,0.0,0.0,0.0,0.0,0.0,0.0,0.0,,,,,18473,global,0.4
3,2,lr1e-04_bs32_modL1_fusion32_fusionL1_fusionBN0_drop0p1__wd1e-04trmiss40_trlocglobal,32,0.0001,0.0001,1,32,1,False,0.1,lr1e-04_bs32_modL1_fusion32_fusionL1_fusionBN0_drop0p1__wd1e-04trmiss40_trlocglobal,17,0.5239006380240122,0.6920073330402374,0.5296442687747036,0.5817794569629268,0.5111111111111111,0.0,0.0,0.0,0.0,0.0,0.0,0.0,0.0,0.0,,,,,18473,global,0.4
3,2,lr1e-04_bs32_modL1_fusion32_fusionL1_fusionBN0_drop0p1__wd1e-04trmiss40_trlocglobal,32,0.0001,0.0001,1,32,1,False,0.1,lr1e-04_bs32_modL1_fusion32_fusionL1_fusionBN0_drop0p1__wd1e-04trmiss40_trlocglobal,18,0.5114748577276865,0.6957680881023407,0.5019762845849802,0.5615752682109786,0.4888888888888889,0.0,0.0,0.0,0.0,0.0,0.0,0.0,0.0,0.0,,,,,18473,global,0.4
3,2,lr1e-04_bs32_modL1_fusion32_fusionL1_fusionBN0_drop0p1__wd1e-04trmiss40_trlocglobal,32,0.0001,0.0001,1,32,1,False,0.1,lr1e-04_bs32_modL1_fusion32_fusionL1_fusionBN0_drop0p1__wd1e-04trmiss40_trlocglobal,19,0.5136606792608897,0.698792427778244,0.5059288537549407,0.5609111555458877,0.5111111111111111,0.0,0.0,0.0,0.0,0.0,0.0,0.0,0.0,0.0,,,,,18473,global,0.4
3,2,lr1e-04_bs32_modL1_fusion32_fusionL1_fusionBN0_drop0p1__wd1e-04trmiss40_trlocglobal,32,0.0001,0.0001,1,32,1,False,0.1,lr1e-04_bs32_modL1_fusion32_fusionL1_fusionBN0_drop0p1__wd1e-04trmiss40_trlocglobal,20,0.5051817546288172,0.6940295398235321,0.5375494071146245,0.6096418451461424,0.5111111111111111,0.0,0.0,0.0,0.0,0.0,0.0,0.0,0.0,0.0,,,,,18473,global,0.4
3,2,lr1e-04_bs32_modL1_fusion32_fusionL1_fusionBN0_drop0p1__wd1e-04trmiss40_trlocglobal,32,0.0001,0.0001,1,32,1,False,0.1,lr1e-04_bs32_modL1_fusion32_fusionL1_fusionBN0_drop0p1__wd1e-04trmiss40_trlocglobal,21,0.49335411687692005,0.6920004189014435,0.5276679841897234,0.6010939640907331,0.5111111111111111,0.0,0.0,0.0,0.0,0.0,0.0,0.0,0.0,0.0,,,,,18473,global,0.4
3,2,lr1e-04_bs32_modL1_fusion32_fusionL1_fusionBN0_drop0p1__wd1e-04trmiss40_trlocglobal,32,0.0001,0.0001,1,32,1,False,0.1,lr1e-04_bs32_modL1_fusion32_fusionL1_fusionBN0_drop0p1__wd1e-04trmiss40_trlocglobal,22,0.5054470747709274,0.692857563495636,0.5296442687747035,0.6153249800303738,0.5111111111111111,0.0,0.0,0.0,0.0,0.0,0.0,0.0,0.0,0.0,,,,,18473,global,0.4
3,2,lr1e-04_bs32_modL1_fusion32_fusionL1_fusionBN0_drop0p1__wd1e-04trmiss40_trlocglobal,32,0.0001,0.0001,1,32,1,False,0.1,lr1e-04_bs32_modL1_fusion32_fusionL1_fusionBN0_drop0p1__wd1e-04trmiss40_trlocglobal,23,0.4767262687285741,0.6918590664863586,0.5375494071146245,0.6258626901198839,0.4888888888888889,0.0,0.0,0.0,0.0,0.0,0.0,0.0,0.0,0.0,,,,,18473,global,0.4
3,2,lr1e-04_bs32_modL1_fusion32_fusionL1_fusionBN0_drop0p1__wd1e-04trmiss40_trlocglobal,32,0.0001,0.0001,1,32,1,False,0.1,lr1e-04_bs32_modL1_fusion32_fusionL1_fusionBN0_drop0p1__wd1e-04trmiss40_trlocglobal,24,0.47326188286145526,0.6854918897151947,0.5592885375494071,0.6407611911924,0.5111111111111111,0.0,0.0,0.0,0.0,0.0,0.0,0.0,0.0,0.0,,,,,18473,global,0.4
3,2,lr1e-04_bs32_modL1_fusion32_fusionL1_fusionBN0_drop0p1__wd1e-04trmiss40_trlocglobal,32,0.0001,0.0001,1,32,1,False,0.1,lr1e-04_bs32_modL1_fusion32_fusionL1_fusionBN0_drop0p1__wd1e-04trmiss40_trlocglobal,25,0.47127454976240796,0.6884639859199524,0.5474308300395256,0.6245905180652052,0.4888888888888889,0.0,0.0,0.0,0.0,0.0,0.0,0.0,0.0,0.0,,,,,18473,global,0.4
3,2,lr1e-04_bs32_modL1_fusion32_fusionL1_fusionBN0_drop0p1__wd1e-04trmiss40_trlocglobal,32,0.0001,0.0001,1,32,1,False,0.1,lr1e-04_bs32_modL1_fusion32_fusionL1_fusionBN0_drop0p1__wd1e-04trmiss40_trlocglobal,26,0.46705448627471924,0.6896142065525055,0.5434782608695652,0.6135914404985174,0.5111111111111111,0.0,0.0,0.0,0.0,0.0,0.0,0.0,0.0,0.0,,,,,18473,global,0.4
3,2,lr1e-04_bs32_modL1_fusion32_fusionL1_fusionBN0_drop0p1__wd1e-04trmiss40_trlocglobal,32,0.0001,0.0001,1,32,1,False,0.1,lr1e-04_bs32_modL1_fusion32_fusionL1_fusionBN0_drop0p1__wd1e-04trmiss40_trlocglobal,27,0.46078576644261676,0.6915901601314545,0.5474308300395256,0.6315654348414712,0.5111111111111111,0.0,0.0,0.0,0.0,0.0,0.0,0.0,0.0,0.0,,,,,18473,global,0.4
3,2,lr1e-04_bs32_modL1_fusion32_fusionL1_fusionBN0_drop0p1__wd1e-04trmiss40_trlocglobal,32,0.0001,0.0001,1,32,1,False,0.1,lr1e-04_bs32_modL1_fusion32_fusionL1_fusionBN0_drop0p1__wd1e-04trmiss40_trlocglobal,28,0.4490996450185776,0.6879242956638336,0.5533596837944663,0.6517508501552047,0.4666666666666667,0.0,0.0,0.0,0.0,0.0,0.0,0.0,0.0,0.0,,,,,18473,global,0.4
3,2,lr1e-04_bs32_modL1_fusion32_fusionL1_fusionBN0_drop0p1__wd1e-04trmiss40_trlocglobal,32,0.0001,0.0001,1,32,1,False,0.1,lr1e-04_bs32_modL1_fusion32_fusionL1_fusionBN0_drop0p1__wd1e-04trmiss40_trlocglobal,29,0.4491088738044103,0.6857174932956696,0.5632411067193676,0.662111926601529,0.4666666666666667,0.0,0.0,0.0,0.0,0.0,0.0,0.0,0.0,0.0,,,,,18473,global,0.4
3,2,lr1e-04_bs32_modL1_fusion32_fusionL1_fusionBN0_drop0p1__wd1e-04trmiss40_trlocglobal,32,0.0001,0.0001,1,32,1,False,0.1,lr1e-04_bs32_modL1_fusion32_fusionL1_fusionBN0_drop0p1__wd1e-04trmiss40_trlocglobal,30,0.43825286130110425,0.6905133426189423,0.5652173913043478,0.6699732792350408,0.4888888888888889,0.0,0.0,0.0,0.0,0.0,0.0,0.0,0.0,0.0,,,,,18473,global,0.4
3,2,lr1e-04_bs32_modL1_fusion32_fusionL1_fusionBN0_drop0p1__wd1e-04trmiss40_trlocglobal,32,0.0001,0.0001,1,32,1,False,0.1,lr1e-04_bs32_modL1_fusion32_fusionL1_fusionBN0_drop0p1__wd1e-04trmiss40_trlocglobal,31,0.42409012218316394,0.688435286283493,0.567193675889328,0.6630695877482354,0.4666666666666667,0.0,0.0,0.0,0.0,0.0,0.0,0.0,0.0,0.0,,,,,18473,global,0.4
3,2,lr1e-04_bs32_modL1_fusion32_fusionL1_fusionBN0_drop0p1__wd1e-04trmiss40_trlocglobal,32,0.0001,0.0001,1,32,1,False,0.1,lr1e-04_bs32_modL1_fusion32_fusionL1_fusionBN0_drop0p1__wd1e-04trmiss40_trlocglobal,32,0.43764258921146393,0.685314804315567,0.5612648221343873,0.6606333204876661,0.4666666666666667,0.0,0.0,0.0,0.0,0.0,0.0,0.0,0.0,0.0,,,,,18473,global,0.4
3,2,lr1e-04_bs32_modL1_fusion32_fusionL1_fusionBN0_drop0p1__wd1e-04trmiss40_trlocglobal,32,0.0001,0.0001,1,32,1,False,0.1,lr1e-04_bs32_modL1_fusion32_fusionL1_fusionBN0_drop0p1__wd1e-04trmiss40_trlocglobal,33,0.4284826070070267,0.6839101910591125,0.5632411067193677,0.6597103162398537,0.4666666666666667,0.0,0.0,0.0,0.0,0.0,0.0,0.0,0.0,0.0,,,,,18473,global,0.4
3,2,lr1e-04_bs32_modL1_fusion32_fusionL1_fusionBN0_drop0p1__wd1e-04trmiss40_trlocglobal,32,0.0001,0.0001,1,32,1,False,0.1,lr1e-04_bs32_modL1_fusion32_fusionL1_fusionBN0_drop0p1__wd1e-04trmiss40_trlocglobal,34,0.4199323256810506,0.6864244937896729,0.5533596837944663,0.6573810220178734,0.4666666666666667,0.0,0.0,0.0,0.0,0.0,0.0,0.0,0.0,0.0,,,,,18473,global,0.4
3,2,lr1e-04_bs32_modL1_fusion32_fusionL1_fusionBN0_drop0p1__wd1e-04trmiss40_trlocglobal,32,0.0001,0.0001,1,32,1,False,0.1,lr1e-04_bs32_modL1_fusion32_fusionL1_fusionBN0_drop0p1__wd1e-04trmiss40_trlocglobal,35,0.41027331352233887,0.6881680190563202,0.5711462450592886,0.677729117423177,0.4666666666666667,0.0,0.0,0.0,0.0,0.0,0.0,0.0,0.0,0.0,,,,,18473,global,0.4
3,2,lr1e-04_bs32_modL1_fusion32_fusionL1_fusionBN0_drop0p1__wd1e-04trmiss40_trlocglobal,32,0.0001,0.0001,1,32,1,False,0.1,lr1e-04_bs32_modL1_fusion32_fusionL1_fusionBN0_drop0p1__wd1e-04trmiss40_trlocglobal,36,0.3992474327484767,0.6868198812007904,0.5711462450592886,0.6698618518385202,0.4666666666666667,0.0,0.0,0.0,0.0,0.0,0.0,0.0,0.0,0.0,,,,,18473,global,0.4
3,2,lr1e-04_bs32_modL1_fusion32_fusionL1_fusionBN0_drop0p1__wd1e-04trmiss40_trlocglobal,32,0.0001,0.0001,1,32,1,False,0.1,lr1e-04_bs32_modL1_fusion32_fusionL1_fusionBN0_drop0p1__wd1e-04trmiss40_trlocglobal,37,0.39870408177375793,0.6854960024356842,0.5632411067193677,0.6625879502738963,0.4444444444444444,0.0,0.0,0.0,0.0,0.0,0.0,0.0,0.0,0.0,,,,,18473,global,0.4
3,2,lr1e-04_bs32_modL1_fusion32_fusionL1_fusionBN0_drop0p1__wd1e-04trmiss40_trlocglobal,32,0.0001,0.0001,1,32,1,False,0.1,lr1e-04_bs32_modL1_fusion32_fusionL1_fusionBN0_drop0p1__wd1e-04trmiss40_trlocglobal,38,0.38443083067735034,0.6847310364246368,0.5830039525691699,0.6821728387426801,0.4666666666666667,0.0,0.0,0.0,0.0,0.0,0.0,0.0,0.0,0.0,,,,,18473,global,0.4
3,2,lr1e-04_bs32_modL1_fusion32_fusionL1_fusionBN0_drop0p1__wd1e-04trmiss40_trlocglobal,32,0.0001,0.0001,1,32,1,False,0.1,lr1e-04_bs32_modL1_fusion32_fusionL1_fusionBN0_drop0p1__wd1e-04trmiss40_trlocglobal,39,0.3889971474806468,0.6849363446235657,0.5731225296442688,0.6713104190715813,0.4444444444444444,0.0,0.0,0.0,0.0,0.0,0.0,0.0,0.0,0.0,,,,,18473,global,0.4
3,2,lr1e-04_bs32_modL1_fusion32_fusionL1_fusionBN0_drop0p1__wd1e-04trmiss40_trlocglobal,32,0.0001,0.0001,1,32,1,False,0.1,lr1e-04_bs32_modL1_fusion32_fusionL1_fusionBN0_drop0p1__wd1e-04trmiss40_trlocglobal,40,0.39155010382334393,0.6842044293880463,0.5612648221343873,0.659197169904366,0.4444444444444444,0.0,0.0,0.0,0.0,0.0,0.0,0.0,0.0,0.0,,,,,18473,global,0.4
3,2,lr1e-04_bs32_modL1_fusion32_fusionL1_fusionBN0_drop0p1__wd1e-04trmiss40_trlocglobal,32,0.0001,0.0001,1,32,1,False,0.1,lr1e-04_bs32_modL1_fusion32_fusionL1_fusionBN0_drop0p1__wd1e-04trmiss40_trlocglobal,41,0.3745282789071401,0.6862161457538605,0.5652173913043479,0.6709693245433411,0.4444444444444444,0.0,0.0,0.0,0.0,0.0,0.0,0.0,0.0,0.0,,,,,18473,global,0.4
3,2,lr1e-04_bs32_modL1_fusion32_fusionL1_fusionBN0_drop0p1__wd1e-04trmiss40_trlocglobal,32,0.0001,0.0001,1,32,1,False,0.1,lr1e-04_bs32_modL1_fusion32_fusionL1_fusionBN0_drop0p1__wd1e-04trmiss40_trlocglobal,42,0.37919316192468006,0.6883114278316498,0.5573122529644269,0.6579677927525484,0.4444444444444444,0.0,0.0,0.0,0.0,0.0,0.0,0.0,0.0,0.0,,,,,18473,global,0.4
3,2,lr1e-04_bs32_modL1_fusion32_fusionL1_fusionBN0_drop0p1__wd1e-04trmiss40_trlocglobal,32,0.0001,0.0001,1,32,1,False,0.1,lr1e-04_bs32_modL1_fusion32_fusionL1_fusionBN0_drop0p1__wd1e-04trmiss40_trlocglobal,43,0.37445133924484253,0.6840136051177979,0.567193675889328,0.66788255552459,0.4444444444444444,0.0,0.0,0.0,0.0,0.0,0.0,0.0,0.0,0.0,,,,,18473,global,0.4
3,2,lr1e-04_bs32_modL1_fusion32_fusionL1_fusionBN0_drop0p1__wd1e-04trmiss40_trlocglobal,32,0.0001,0.0001,1,32,1,False,0.1,lr1e-04_bs32_modL1_fusion32_fusionL1_fusionBN0_drop0p1__wd1e-04trmiss40_trlocglobal,44,0.3739261329174042,0.6805408895015717,0.5711462450592886,0.6731702700834041,0.4444444444444444,0.0,0.0,0.0,0.0,0.0,0.0,0.0,0.0,0.0,,,,,18473,global,0.4
3,2,lr1e-04_bs32_modL1_fusion32_fusionL1_fusionBN0_drop0p1__wd1e-04trmiss40_trlocglobal,32,0.0001,0.0001,1,32,1,False,0.1,lr1e-04_bs32_modL1_fusion32_fusionL1_fusionBN0_drop0p1__wd1e-04trmiss40_trlocglobal,45,0.3665447582801183,0.677572637796402,0.5810276679841897,0.6803735793241205,0.4666666666666667,0.0,0.0,0.0,0.0,0.0,0.0,0.0,0.0,0.0,,,,,18473,global,0.4
3,2,lr1e-04_bs32_modL1_fusion32_fusionL1_fusionBN0_drop0p1__wd1e-04trmiss40_trlocglobal,32,0.0001,0.0001,1,32,1,False,0.1,lr1e-04_bs32_modL1_fusion32_fusionL1_fusionBN0_drop0p1__wd1e-04trmiss40_trlocglobal,46,0.3653747836748759,0.6749639213085175,0.5849802371541502,0.6820999352729272,0.4666666666666667,0.0,0.0,0.0,0.0,0.0,0.0,0.0,0.0,0.0,,,,,18473,global,0.4
3,2,lr1e-04_bs32_modL1_fusion32_fusionL1_fusionBN0_drop0p1__wd1e-04trmiss40_trlocglobal,32,0.0001,0.0001,1,32,1,False,0.1,lr1e-04_bs32_modL1_fusion32_fusionL1_fusionBN0_drop0p1__wd1e-04trmiss40_trlocglobal,47,0.3691700299580892,0.6759215593338013,0.5869565217391304,0.6891037999383471,0.4666666666666667,0.0,0.0,0.0,0.0,0.0,0.0,0.0,0.0,0.0,,,,,18473,global,0.4
3,2,lr1e-04_bs32_modL1_fusion32_fusionL1_fusionBN0_drop0p1__wd1e-04trmiss40_trlocglobal,32,0.0001,0.0001,1,32,1,False,0.1,lr1e-04_bs32_modL1_fusion32_fusionL1_fusionBN0_drop0p1__wd1e-04trmiss40_trlocglobal,48,0.352513924241066,0.6734108924865723,0.5909090909090908,0.6848395858915244,0.4666666666666667,0.0,0.0,0.0,0.0,0.0,0.0,0.0,0.0,0.0,,,,,18473,global,0.4
3,2,lr1e-04_bs32_modL1_fusion32_fusionL1_fusionBN0_drop0p1__wd1e-04trmiss40_trlocglobal,32,0.0001,0.0001,1,32,1,False,0.1,lr1e-04_bs32_modL1_fusion32_fusionL1_fusionBN0_drop0p1__wd1e-04trmiss40_trlocglobal,49,0.3595476895570755,0.6725229322910309,0.5928853754940712,0.6846964021358086,0.4666666666666667,0.0,0.0,0.0,0.0,0.0,0.0,0.0,0.0,0.0,,,,,18473,global,0.4
3,2,lr1e-04_bs32_modL1_fusion32_fusionL1_fusionBN0_drop0p1__wd1e-04trmiss40_trlocglobal,32,0.0001,0.0001,1,32,1,False,0.1,lr1e-04_bs32_modL1_fusion32_fusionL1_fusionBN0_drop0p1__wd1e-04trmiss40_trlocglobal,50,0.34213629364967346,0.6737048625946045,0.5909090909090908,0.6845226443958,0.4888888888888889,0.0,0.0,0.0,0.0,0.0,0.0,0.0,0.0,0.0,,,,,18473,global,0.4
3,2,lr1e-04_bs32_modL1_fusion32_fusionL1_fusionBN0_drop0p1__wd1e-04trmiss40_trlocglobal,32,0.0001,0.0001,1,32,1,False,0.1,lr1e-04_bs32_modL1_fusion32_fusionL1_fusionBN0_drop0p1__wd1e-04trmiss40_trlocglobal,51,0.35564399262269336,0.6726755201816559,0.5909090909090908,0.6808509156668631,0.4888888888888889,0.0,0.0,0.0,0.0,0.0,0.0,0.0,0.0,0.0,,,,,18473,global,0.4
3,2,lr1e-04_bs32_modL1_fusion32_fusionL1_fusionBN0_drop0p1__wd1e-04trmiss40_trlocglobal,32,0.0001,0.0001,1,32,1,False,0.1,lr1e-04_bs32_modL1_fusion32_fusionL1_fusionBN0_drop0p1__wd1e-04trmiss40_trlocglobal,52,0.3452925731738408,0.6718204319477081,0.5948616600790514,0.6850163720209959,0.4888888888888889,0.0,0.0,0.0,0.0,0.0,0.0,0.0,0.0,0.0,,,,,18473,global,0.4
3,2,lr1e-04_bs32_modL1_fusion32_fusionL1_fusionBN0_drop0p1__wd1e-04trmiss40_trlocglobal,32,0.0001,0.0001,1,32,1,False,0.1,lr1e-04_bs32_modL1_fusion32_fusionL1_fusionBN0_drop0p1__wd1e-04trmiss40_trlocglobal,53,0.3383233497540156,0.6716043055057526,0.5909090909090909,0.6855021181589159,0.4888888888888889,0.0,0.0,0.0,0.0,0.0,0.0,0.0,0.0,0.0,,,,,18473,global,0.4
3,2,lr1e-04_bs32_modL1_fusion32_fusionL1_fusionBN0_drop0p1__wd1e-04trmiss40_trlocglobal,32,0.0001,0.0001,1,32,1,False,0.1,lr1e-04_bs32_modL1_fusion32_fusionL1_fusionBN0_drop0p1__wd1e-04trmiss40_trlocglobal,54,0.3468344658613205,0.6740285456180573,0.5830039525691699,0.6801829784901209,0.4888888888888889,0.0,0.0,0.0,0.0,0.0,0.0,0.0,0.0,0.0,,,,,18473,global,0.4
3,2,lr1e-04_bs32_modL1_fusion32_fusionL1_fusionBN0_drop0p1__wd1e-04trmiss40_trlocglobal,32,0.0001,0.0001,1,32,1,False,0.1,lr1e-04_bs32_modL1_fusion32_fusionL1_fusionBN0_drop0p1__wd1e-04trmiss40_trlocglobal,55,0.34380799531936646,0.6735319793224335,0.5889328063241107,0.6842787038920235,0.4888888888888889,0.0,0.0,0.0,0.0,0.0,0.0,0.0,0.0,0.0,,,,,18473,global,0.4
3,2,lr1e-04_bs32_modL1_fusion32_fusionL1_fusionBN0_drop0p1__wd1e-04trmiss40_trlocglobal,32,0.0001,0.0001,1,32,1,False,0.1,lr1e-04_bs32_modL1_fusion32_fusionL1_fusionBN0_drop0p1__wd1e-04trmiss40_trlocglobal,56,0.34516923129558563,0.6745104193687439,0.592885375494071,0.6900060541206524,0.4888888888888889,0.0,0.0,0.0,0.0,0.0,0.0,0.0,0.0,0.0,,,,,18473,global,0.4
3,2,lr1e-04_bs32_modL1_fusion32_fusionL1_fusionBN0_drop0p1__wd1e-04trmiss40_trlocglobal,32,0.0001,0.0001,1,32,1,False,0.1,lr1e-04_bs32_modL1_fusion32_fusionL1_fusionBN0_drop0p1__wd1e-04trmiss40_trlocglobal,57,0.3343359927336375,0.6775952279567719,0.592885375494071,0.6910098216865849,0.4666666666666667,0.0,0.0,0.0,0.0,0.0,0.0,0.0,0.0,0.0,,,,,18473,global,0.4
3,2,lr1e-04_bs32_modL1_fusion32_fusionL1_fusionBN0_drop0p1__wd1e-04trmiss40_trlocglobal,32,0.0001,0.0001,1,32,1,False,0.1,lr1e-04_bs32_modL1_fusion32_fusionL1_fusionBN0_drop0p1__wd1e-04trmiss40_trlocglobal,58,0.33627832929293316,0.6763543784618378,0.5909090909090909,0.6907986602989529,0.4666666666666667,0.0,0.0,0.0,0.0,0.0,0.0,0.0,0.0,0.0,,,,,18473,global,0.4
3,2,lr1e-04_bs32_modL1_fusion32_fusionL1_fusionBN0_drop0p1__wd1e-04trmiss40_trlocglobal,32,0.0001,0.0001,1,32,1,False,0.1,lr1e-04_bs32_modL1_fusion32_fusionL1_fusionBN0_drop0p1__wd1e-04trmiss40_trlocglobal,59,0.3268170754114787,0.6737487316131592,0.5909090909090909,0.6866472703419363,0.4888888888888889,0.0,0.0,0.0,0.0,0.0,0.0,0.0,0.0,0.0,,,,,18473,global,0.4
3,2,lr1e-04_bs32_modL1_fusion32_fusionL1_fusionBN0_drop0p1__wd1e-04trmiss40_trlocglobal,32,0.0001,0.0001,1,32,1,False,0.1,lr1e-04_bs32_modL1_fusion32_fusionL1_fusionBN0_drop0p1__wd1e-04trmiss40_trlocglobal,60,0.33557290335496265,0.6725927889347076,0.5810276679841897,0.6773051316992306,0.5111111111111111,0.0,0.0,0.0,0.0,0.0,0.0,0.0,0.0,0.0,,,,,18473,global,0.4
3,2,lr1e-04_bs32_modL1_fusion32_fusionL1_fusionBN0_drop0p1__wd1e-04trmiss40_trlocglobal,32,0.0001,0.0001,1,32,1,False,0.1,lr1e-04_bs32_modL1_fusion32_fusionL1_fusionBN0_drop0p1__wd1e-04trmiss40_trlocglobal,61,0.3327215065558751,0.6722980439662933,0.5889328063241106,0.6829478042854908,0.4888888888888889,0.0,0.0,0.0,0.0,0.0,0.0,0.0,0.0,0.0,,,,,18473,global,0.4
3,2,lr1e-04_bs32_modL1_fusion32_fusionL1_fusionBN0_drop0p1__wd1e-04trmiss40_trlocglobal,32,0.0001,0.0001,1,32,1,False,0.1,lr1e-04_bs32_modL1_fusion32_fusionL1_fusionBN0_drop0p1__wd1e-04trmiss40_trlocglobal,62,0.3238476316134135,0.6732210516929626,0.5849802371541502,0.6778473058005768,0.4888888888888889,0.0,0.0,0.0,0.0,0.0,0.0,0.0,0.0,0.0,,,,,18473,global,0.4
3,2,lr1e-04_bs32_modL1_fusion32_fusionL1_fusionBN0_drop0p1__wd1e-04trmiss40_trlocglobal,32,0.0001,0.0001,1,32,1,False,0.1,lr1e-04_bs32_modL1_fusion32_fusionL1_fusionBN0_drop0p1__wd1e-04trmiss40_trlocglobal,63,0.3272187411785126,0.6728567481040955,0.5928853754940712,0.6856974647949006,0.5111111111111111,0.0,0.0,0.0,0.0,0.0,0.0,0.0,0.0,0.0,,,,,18473,global,0.4
3,2,lr1e-04_bs32_modL1_fusion32_fusionL1_fusionBN0_drop0p1__wd1e-04trmiss40_trlocglobal,32,0.0001,0.0001,1,32,1,False,0.1,lr1e-04_bs32_modL1_fusion32_fusionL1_fusionBN0_drop0p1__wd1e-04trmiss40_trlocglobal,64,0.32258616387844086,0.6742317974567413,0.5928853754940712,0.6870314568897622,0.5111111111111111,0.0,0.0,0.0,0.0,0.0,0.0,0.0,0.0,0.0,,,,,18473,global,0.4
3,2,lr1e-04_bs32_modL1_fusion32_fusionL1_fusionBN0_drop0p1__wd1e-04trmiss40_trlocglobal,32,0.0001,0.0001,1,32,1,False,0.1,lr1e-04_bs32_modL1_fusion32_fusionL1_fusionBN0_drop0p1__wd1e-04trmiss40_trlocglobal,65,0.3300289462010066,0.6736879348754883,0.5909090909090908,0.6834132926790315,0.4888888888888889,0.0,0.0,0.0,0.0,0.0,0.0,0.0,0.0,0.0,,,,,18473,global,0.4
3,2,lr1e-04_bs32_modL1_fusion32_fusionL1_fusionBN0_drop0p1__wd1e-04trmiss40_trlocglobal,32,0.0001,0.0001,1,32,1,False,0.1,lr1e-04_bs32_modL1_fusion32_fusionL1_fusionBN0_drop0p1__wd1e-04trmiss40_trlocglobal,66,0.3182918181022008,0.6726529598236084,0.5909090909090908,0.6839828026454559,0.4888888888888889,0.0,0.0,0.0,0.0,0.0,0.0,0.0,0.0,0.0,,,,,18473,global,0.4
3,2,lr1e-04_bs32_modL1_fusion32_fusionL1_fusionBN0_drop0p1__wd1e-04trmiss40_trlocglobal,32,0.0001,0.0001,1,32,1,False,0.1,lr1e-04_bs32_modL1_fusion32_fusionL1_fusionBN0_drop0p1__wd1e-04trmiss40_trlocglobal,67,0.32434723277886707,0.6730789244174957,0.592885375494071,0.6838500567326589,0.4888888888888889,0.0,0.0,0.0,0.0,0.0,0.0,0.0,0.0,0.0,,,,,18473,global,0.4
3,2,lr1e-04_bs32_modL1_fusion32_fusionL1_fusionBN0_drop0p1__wd1e-04trmiss40_trlocglobal,32,0.0001,0.0001,1,32,1,False,0.1,lr1e-04_bs32_modL1_fusion32_fusionL1_fusionBN0_drop0p1__wd1e-04trmiss40_trlocglobal,68,0.3282720645268758,0.6715353727340698,0.5909090909090908,0.6811347279644053,0.4888888888888889,0.0,0.0,0.0,0.0,0.0,0.0,0.0,0.0,0.0,,,,,18473,global,0.4
3,2,lr1e-04_bs32_modL1_fusion32_fusionL1_fusionBN0_drop0p1__wd1e-04trmiss40_trlocglobal,32,0.0001,0.0001,1,32,1,False,0.1,lr1e-04_bs32_modL1_fusion32_fusionL1_fusionBN0_drop0p1__wd1e-04trmiss40_trlocglobal,69,0.3231804519891739,0.6700769662857056,0.5889328063241106,0.6813996194421115,0.5111111111111111,0.0,0.0,0.0,0.0,0.0,0.0,0.0,0.0,0.0,,,,,18473,global,0.4
3,2,lr1e-04_bs32_modL1_fusion32_fusionL1_fusionBN0_drop0p1__wd1e-04trmiss40_trlocglobal,32,0.0001,0.0001,1,32,1,False,0.1,lr1e-04_bs32_modL1_fusion32_fusionL1_fusionBN0_drop0p1__wd1e-04trmiss40_trlocglobal,70,0.31948529183864594,0.6713405847549438,0.5948616600790513,0.6859719197581189,0.4888888888888889,0.0,0.0,0.0,0.0,0.0,0.0,0.0,0.0,0.0,,,,,18473,global,0.4
3,2,lr1e-04_bs32_modL1_fusion32_fusionL1_fusionBN0_drop0p1__wd1e-04trmiss40_trlocglobal,32,0.0001,0.0001,1,32,1,False,0.1,lr1e-04_bs32_modL1_fusion32_fusionL1_fusionBN0_drop0p1__wd1e-04trmiss40_trlocglobal,71,0.3243740995724996,0.671392023563385,0.5948616600790513,0.6863503754882371,0.4888888888888889,0.0,0.0,0.0,0.0,0.0,0.0,0.0,0.0,0.0,,,,,18473,global,0.4
3,2,lr1e-04_bs32_modL1_fusion32_fusionL1_fusionBN0_drop0p1__wd1e-04trmiss40_trlocglobal,32,0.0001,0.0001,1,32,1,False,0.1,lr1e-04_bs32_modL1_fusion32_fusionL1_fusionBN0_drop0p1__wd1e-04trmiss40_trlocglobal,72,0.3171440114577611,0.6719987094402313,0.5948616600790513,0.6863503754882371,0.4888888888888889,0.0,0.0,0.0,0.0,0.0,0.0,0.0,0.0,0.0,,,,,18473,global,0.4
3,2,lr5e-05_bs32_modL1_fusion16_fusionL1_fusionBN0_drop0p2__wd1e-04trmiss40_trlocglobal,32,5e-05,0.0001,1,16,1,False,0.2,lr5e-05_bs32_modL1_fusion16_fusionL1_fusionBN0_drop0p2__wd1e-04trmiss40_trlocglobal,1,0.6985058983167013,0.6894352436065674,0.4881422924901186,0.5017552233417151,0.5111111111111111,0.0,0.0,0.0,0.0,0.0,0.0,0.0,0.0,0.0,,,,,18473,global,0.4
3,2,lr5e-05_bs32_modL1_fusion16_fusionL1_fusionBN0_drop0p2__wd1e-04trmiss40_trlocglobal,32,5e-05,0.0001,1,16,1,False,0.2,lr5e-05_bs32_modL1_fusion16_fusionL1_fusionBN0_drop0p2__wd1e-04trmiss40_trlocglobal,2,0.6760439177354177,0.6816060543060303,0.549407114624506,0.6018564125131488,0.5555555555555556,0.0,0.0,0.0,0.0,0.0,0.0,0.0,0.0,0.0,,,,,18473,global,0.4
3,2,lr5e-05_bs32_modL1_fusion16_fusionL1_fusionBN0_drop0p2__wd1e-04trmiss40_trlocglobal,32,5e-05,0.0001,1,16,1,False,0.2,lr5e-05_bs32_modL1_fusion16_fusionL1_fusionBN0_drop0p2__wd1e-04trmiss40_trlocglobal,3,0.6804781953493754,0.675650417804718,0.5731225296442688,0.6300491390570768,0.5777777777777777,0.0,0.0,0.0,0.0,0.0,0.0,0.0,0.0,0.0,,,,,18473,global,0.4
3,2,lr5e-05_bs32_modL1_fusion16_fusionL1_fusionBN0_drop0p2__wd1e-04trmiss40_trlocglobal,32,5e-05,0.0001,1,16,1,False,0.2,lr5e-05_bs32_modL1_fusion16_fusionL1_fusionBN0_drop0p2__wd1e-04trmiss40_trlocglobal,4,0.6671152114868164,0.6741970479488373,0.5671936758893281,0.6412754708384166,0.5777777777777777,0.0,0.0,0.0,0.0,0.0,0.0,0.0,0.0,0.0,,,,,18473,global,0.4
3,2,lr5e-05_bs32_modL1_fusion16_fusionL1_fusionBN0_drop0p2__wd1e-04trmiss40_trlocglobal,32,5e-05,0.0001,1,16,1,False,0.2,lr5e-05_bs32_modL1_fusion16_fusionL1_fusionBN0_drop0p2__wd1e-04trmiss40_trlocglobal,5,0.6582377751668295,0.673949271440506,0.5592885375494072,0.6297031764710386,0.5555555555555556,0.0,0.0,0.0,0.0,0.0,0.0,0.0,0.0,0.0,,,,,18473,global,0.4
3,2,lr5e-05_bs32_modL1_fusion16_fusionL1_fusionBN0_drop0p2__wd1e-04trmiss40_trlocglobal,32,5e-05,0.0001,1,16,1,False,0.2,lr5e-05_bs32_modL1_fusion16_fusionL1_fusionBN0_drop0p2__wd1e-04trmiss40_trlocglobal,6,0.6557017068068186,0.6730656921863556,0.5632411067193676,0.634719853986743,0.5333333333333333,0.0,0.0,0.0,0.0,0.0,0.0,0.0,0.0,0.0,,,,,18473,global,0.4
3,2,lr5e-05_bs32_modL1_fusion16_fusionL1_fusionBN0_drop0p2__wd1e-04trmiss40_trlocglobal,32,5e-05,0.0001,1,16,1,False,0.2,lr5e-05_bs32_modL1_fusion16_fusionL1_fusionBN0_drop0p2__wd1e-04trmiss40_trlocglobal,7,0.6574529806772867,0.6744572520256042,0.5513833992094862,0.6305351784275934,0.5333333333333333,0.0,0.0,0.0,0.0,0.0,0.0,0.0,0.0,0.0,,,,,18473,global,0.4
3,2,lr5e-05_bs32_modL1_fusion16_fusionL1_fusionBN0_drop0p2__wd1e-04trmiss40_trlocglobal,32,5e-05,0.0001,1,16,1,False,0.2,lr5e-05_bs32_modL1_fusion16_fusionL1_fusionBN0_drop0p2__wd1e-04trmiss40_trlocglobal,8,0.643127421538035,0.6742731034755707,0.549407114624506,0.6300865931963995,0.5111111111111111,0.0,0.0,0.0,0.0,0.0,0.0,0.0,0.0,0.0,,,,,18473,global,0.4
3,2,lr5e-05_bs32_modL1_fusion16_fusionL1_fusionBN0_drop0p2__wd1e-04trmiss40_trlocglobal,32,5e-05,0.0001,1,16,1,False,0.2,lr5e-05_bs32_modL1_fusion16_fusionL1_fusionBN0_drop0p2__wd1e-04trmiss40_trlocglobal,9,0.635631670554479,0.6736995875835419,0.5513833992094861,0.6302241463037154,0.5333333333333333,0.0,0.0,0.0,0.0,0.0,0.0,0.0,0.0,0.0,,,,,18473,global,0.4
3,2,lr5e-05_bs32_modL1_fusion16_fusionL1_fusionBN0_drop0p2__wd1e-04trmiss40_trlocglobal,32,5e-05,0.0001,1,16,1,False,0.2,lr5e-05_bs32_modL1_fusion16_fusionL1_fusionBN0_drop0p2__wd1e-04trmiss40_trlocglobal,10,0.6353433728218079,0.6750255525112152,0.5474308300395258,0.6204971638465073,0.5333333333333333,0.0,0.0,0.0,0.0,0.0,0.0,0.0,0.0,0.0,,,,,18473,global,0.4
3,2,lr5e-05_bs32_modL1_fusion16_fusionL1_fusionBN0_drop0p2__wd1e-04trmiss40_trlocglobal,32,5e-05,0.0001,1,16,1,False,0.2,lr5e-05_bs32_modL1_fusion16_fusionL1_fusionBN0_drop0p2__wd1e-04trmiss40_trlocglobal,11,0.6285341580708822,0.676500678062439,0.5513833992094861,0.6317533903195135,0.5333333333333333,0.0,0.0,0.0,0.0,0.0,0.0,0.0,0.0,0.0,,,,,18473,global,0.4
3,2,lr5e-05_bs32_modL1_fusion16_fusionL1_fusionBN0_drop0p2__wd1e-04trmiss40_trlocglobal,32,5e-05,0.0001,1,16,1,False,0.2,lr5e-05_bs32_modL1_fusion16_fusionL1_fusionBN0_drop0p2__wd1e-04trmiss40_trlocglobal,12,0.6244380176067352,0.6765880286693573,0.5454545454545454,0.629514441913517,0.5555555555555556,0.0,0.0,0.0,0.0,0.0,0.0,0.0,0.0,0.0,,,,,18473,global,0.4
3,2,lr5e-05_bs32_modL1_fusion16_fusionL1_fusionBN0_drop0p2__wd1e-04trmiss40_trlocglobal,32,5e-05,0.0001,1,16,1,False,0.2,lr5e-05_bs32_modL1_fusion16_fusionL1_fusionBN0_drop0p2__wd1e-04trmiss40_trlocglobal,13,0.6227368315060934,0.6756523251533508,0.5494071146245059,0.6372320836686763,0.5333333333333333,0.0,0.0,0.0,0.0,0.0,0.0,0.0,0.0,0.0,,,,,18473,global,0.4
3,2,lr5e-05_bs32_modL1_fusion16_fusionL1_fusionBN0_drop0p2__wd1e-04trmiss40_trlocglobal,32,5e-05,0.0001,1,16,1,False,0.2,lr5e-05_bs32_modL1_fusion16_fusionL1_fusionBN0_drop0p2__wd1e-04trmiss40_trlocglobal,14,0.6188994646072388,0.6763122975826263,0.541501976284585,0.6350596497187487,0.5333333333333333,0.0,0.0,0.0,0.0,0.0,0.0,0.0,0.0,0.0,,,,,18473,global,0.4
3,2,lr5e-05_bs32_modL1_fusion16_fusionL1_fusionBN0_drop0p2__wd1e-04trmiss40_trlocglobal,32,5e-05,0.0001,1,16,1,False,0.2,lr5e-05_bs32_modL1_fusion16_fusionL1_fusionBN0_drop0p2__wd1e-04trmiss40_trlocglobal,15,0.6102964878082275,0.6771309673786163,0.5316205533596837,0.6296811552374373,0.5333333333333333,0.0,0.0,0.0,0.0,0.0,0.0,0.0,0.0,0.0,,,,,18473,global,0.4
3,2,lr5e-05_bs32_modL1_fusion16_fusionL1_fusionBN0_drop0p2__wd1e-04trmiss40_trlocglobal,32,5e-05,0.0001,1,16,1,False,0.2,lr5e-05_bs32_modL1_fusion16_fusionL1_fusionBN0_drop0p2__wd1e-04trmiss40_trlocglobal,16,0.6080657343069712,0.6772927343845367,0.5197628458498024,0.6136134673031827,0.5333333333333333,0.0,0.0,0.0,0.0,0.0,0.0,0.0,0.0,0.0,,,,,18473,global,0.4
3,2,lr5e-05_bs32_modL1_fusion16_fusionL1_fusionBN0_drop0p2__wd1e-04trmiss40_trlocglobal,32,5e-05,0.0001,1,16,1,False,0.2,lr5e-05_bs32_modL1_fusion16_fusionL1_fusionBN0_drop0p2__wd1e-04trmiss40_trlocglobal,17,0.6033061146736145,0.6771012246608734,0.5138339920948617,0.6143645278368519,0.5111111111111111,0.0,0.0,0.0,0.0,0.0,0.0,0.0,0.0,0.0,,,,,18473,global,0.4
3,2,lr5e-05_bs32_modL1_fusion16_fusionL1_fusionBN0_drop0p2__wd1e-04trmiss40_trlocglobal,32,5e-05,0.0001,1,16,1,False,0.2,lr5e-05_bs32_modL1_fusion16_fusionL1_fusionBN0_drop0p2__wd1e-04trmiss40_trlocglobal,18,0.5928451915582021,0.6761413514614105,0.5177865612648221,0.6193991982654382,0.5111111111111111,0.0,0.0,0.0,0.0,0.0,0.0,0.0,0.0,0.0,,,,,18473,global,0.4
3,2,lr5e-05_bs32_modL1_fusion16_fusionL1_fusionBN0_drop0p2__wd1e-04trmiss40_trlocglobal,32,5e-05,0.0001,1,16,1,False,0.2,lr5e-05_bs32_modL1_fusion16_fusionL1_fusionBN0_drop0p2__wd1e-04trmiss40_trlocglobal,19,0.5973990559577942,0.6759592890739441,0.5197628458498024,0.621915032382362,0.5111111111111111,0.0,0.0,0.0,0.0,0.0,0.0,0.0,0.0,0.0,,,,,18473,global,0.4
3,2,lr5e-05_bs32_modL1_fusion16_fusionL1_fusionBN0_drop0p2__wd1e-04trmiss40_trlocglobal,32,5e-05,0.0001,1,16,1,False,0.2,lr5e-05_bs32_modL1_fusion16_fusionL1_fusionBN0_drop0p2__wd1e-04trmiss40_trlocglobal,20,0.5983028809229533,0.6771150529384613,0.5237154150197628,0.6257334466301787,0.5111111111111111,0.0,0.0,0.0,0.0,0.0,0.0,0.0,0.0,0.0,,,,,18473,global,0.4
3,2,lr5e-05_bs32_modL1_fusion16_fusionL1_fusionBN0_drop0p2__wd1e-04trmiss40_trlocglobal,32,5e-05,0.0001,1,16,1,False,0.2,lr5e-05_bs32_modL1_fusion16_fusionL1_fusionBN0_drop0p2__wd1e-04trmiss40_trlocglobal,21,0.5972819626331329,0.6774543225765228,0.5158102766798419,0.6242139588848118,0.5111111111111111,0.0,0.0,0.0,0.0,0.0,0.0,0.0,0.0,0.0,,,,,18473,global,0.4
3,2,lr5e-05_bs32_modL1_fusion16_fusionL1_fusionBN0_drop0p2__wd1e-04trmiss40_trlocglobal,32,5e-05,0.0001,1,16,1,False,0.2,lr5e-05_bs32_modL1_fusion16_fusionL1_fusionBN0_drop0p2__wd1e-04trmiss40_trlocglobal,22,0.5859843889872233,0.6765638589859009,0.5237154150197628,0.6396550577059947,0.4888888888888889,0.0,0.0,0.0,0.0,0.0,0.0,0.0,0.0,0.0,,,,,18473,global,0.4
3,2,lr5e-05_bs32_modL1_fusion16_fusionL1_fusionBN0_drop0p2__wd1e-04trmiss40_trlocglobal,32,5e-05,0.0001,1,16,1,False,0.2,lr5e-05_bs32_modL1_fusion16_fusionL1_fusionBN0_drop0p2__wd1e-04trmiss40_trlocglobal,23,0.5965603987375895,0.6768927276134491,0.5059288537549407,0.6280023739414536,0.4888888888888889,0.0,0.0,0.0,0.0,0.0,0.0,0.0,0.0,0.0,,,,,18473,global,0.4
3,2,lr5e-05_bs32_modL1_fusion16_fusionL1_fusionBN0_drop0p2__wd1e-04trmiss40_trlocglobal,32,5e-05,0.0001,1,16,1,False,0.2,lr5e-05_bs32_modL1_fusion16_fusionL1_fusionBN0_drop0p2__wd1e-04trmiss40_trlocglobal,24,0.5840671261151632,0.6756534576416016,0.5079051383399209,0.6270638895866788,0.4888888888888889,0.0,0.0,0.0,0.0,0.0,0.0,0.0,0.0,0.0,,,,,18473,global,0.4
3,2,lr5e-05_bs32_modL1_fusion16_fusionL1_fusionBN0_drop0p2__wd1e-04trmiss40_trlocglobal,32,5e-05,0.0001,1,16,1,False,0.2,lr5e-05_bs32_modL1_fusion16_fusionL1_fusionBN0_drop0p2__wd1e-04trmiss40_trlocglobal,25,0.5880117019017538,0.6742837727069855,0.5118577075098814,0.624298719973683,0.4888888888888889,0.0,0.0,0.0,0.0,0.0,0.0,0.0,0.0,0.0,,,,,18473,global,0.4
3,2,lr5e-05_bs32_modL1_fusion16_fusionL1_fusionBN0_drop0p2__wd1e-04trmiss40_trlocglobal,32,5e-05,0.0001,1,16,1,False,0.2,lr5e-05_bs32_modL1_fusion16_fusionL1_fusionBN0_drop0p2__wd1e-04trmiss40_trlocglobal,26,0.5830486218134562,0.6748814880847931,0.5217391304347826,0.6319681336832337,0.4888888888888889,0.0,0.0,0.0,0.0,0.0,0.0,0.0,0.0,0.0,,,,,18473,global,0.4
3,2,lr5e-05_bs32_modL1_fusion16_fusionL1_fusionBN0_drop0p1__wd1e-04trmiss40_trlocglobal,32,5e-05,0.0001,1,16,1,False,0.1,lr5e-05_bs32_modL1_fusion16_fusionL1_fusionBN0_drop0p1__wd1e-04trmiss40_trlocglobal,1,0.6877672970294952,0.6978122591972351,0.48418972332015814,0.5162273629927623,0.5111111111111111,0.0,0.0,0.0,0.0,0.0,0.0,0.0,0.0,0.0,,,,,18473,global,0.4
3,2,lr5e-05_bs32_modL1_fusion16_fusionL1_fusionBN0_drop0p1__wd1e-04trmiss40_trlocglobal,32,5e-05,0.0001,1,16,1,False,0.1,lr5e-05_bs32_modL1_fusion16_fusionL1_fusionBN0_drop0p1__wd1e-04trmiss40_trlocglobal,2,0.6774123708407084,0.695910781621933,0.5079051383399209,0.5242052551001628,0.5333333333333333,0.0,0.0,0.0,0.0,0.0,0.0,0.0,0.0,0.0,,,,,18473,global,0.4
3,2,lr5e-05_bs32_modL1_fusion16_fusionL1_fusionBN0_drop0p1__wd1e-04trmiss40_trlocglobal,32,5e-05,0.0001,1,16,1,False,0.1,lr5e-05_bs32_modL1_fusion16_fusionL1_fusionBN0_drop0p1__wd1e-04trmiss40_trlocglobal,3,0.6713683108488718,0.6941479444503784,0.541501976284585,0.5429656413065304,0.5111111111111111,0.0,0.0,0.0,0.0,0.0,0.0,0.0,0.0,0.0,,,,,18473,global,0.4
3,2,lr5e-05_bs32_modL1_fusion16_fusionL1_fusionBN0_drop0p1__wd1e-04trmiss40_trlocglobal,32,5e-05,0.0001,1,16,1,False,0.1,lr5e-05_bs32_modL1_fusion16_fusionL1_fusionBN0_drop0p1__wd1e-04trmiss40_trlocglobal,4,0.6669662396113077,0.6928183734416962,0.6067193675889329,0.5928544271515704,0.5111111111111111,0.0,0.0,0.0,0.0,0.0,0.0,0.0,0.0,0.0,,,,,18473,global,0.4
3,2,lr5e-05_bs32_modL1_fusion16_fusionL1_fusionBN0_drop0p1__wd1e-04trmiss40_trlocglobal,32,5e-05,0.0001,1,16,1,False,0.1,lr5e-05_bs32_modL1_fusion16_fusionL1_fusionBN0_drop0p1__wd1e-04trmiss40_trlocglobal,5,0.6650904615720113,0.6900962293148041,0.6225296442687747,0.6099713899117771,0.5555555555555556,0.0,0.0,0.0,0.0,0.0,0.0,0.0,0.0,0.0,,,,,18473,global,0.4
3,2,lr5e-05_bs32_modL1_fusion16_fusionL1_fusionBN0_drop0p1__wd1e-04trmiss40_trlocglobal,32,5e-05,0.0001,1,16,1,False,0.1,lr5e-05_bs32_modL1_fusion16_fusionL1_fusionBN0_drop0p1__wd1e-04trmiss40_trlocglobal,6,0.6534319619337717,0.6888650953769684,0.6284584980237155,0.6317104117704764,0.5555555555555556,0.0,0.0,0.0,0.0,0.0,0.0,0.0,0.0,0.0,,,,,18473,global,0.4
3,2,lr5e-05_bs32_modL1_fusion16_fusionL1_fusionBN0_drop0p1__wd1e-04trmiss40_trlocglobal,32,5e-05,0.0001,1,16,1,False,0.1,lr5e-05_bs32_modL1_fusion16_fusionL1_fusionBN0_drop0p1__wd1e-04trmiss40_trlocglobal,7,0.6497316956520081,0.687703937292099,0.6146245059288538,0.6349996006361969,0.5555555555555556,0.0,0.0,0.0,0.0,0.0,0.0,0.0,0.0,0.0,,,,,18473,global,0.4
3,2,lr5e-05_bs32_modL1_fusion16_fusionL1_fusionBN0_drop0p1__wd1e-04trmiss40_trlocglobal,32,5e-05,0.0001,1,16,1,False,0.1,lr5e-05_bs32_modL1_fusion16_fusionL1_fusionBN0_drop0p1__wd1e-04trmiss40_trlocglobal,8,0.6488394935925802,0.6882683634757996,0.6047430830039525,0.6374670031698152,0.5555555555555556,0.0,0.0,0.0,0.0,0.0,0.0,0.0,0.0,0.0,,,,,18473,global,0.4
3,2,lr5e-05_bs32_modL1_fusion16_fusionL1_fusionBN0_drop0p1__wd1e-04trmiss40_trlocglobal,32,5e-05,0.0001,1,16,1,False,0.1,lr5e-05_bs32_modL1_fusion16_fusionL1_fusionBN0_drop0p1__wd1e-04trmiss40_trlocglobal,9,0.6454003155231476,0.6883894801139832,0.5968379446640316,0.6242283063166584,0.5777777777777777,0.0,0.0,0.0,0.0,0.0,0.0,0.0,0.0,0.0,,,,,18473,global,0.4
3,2,lr5e-05_bs32_modL1_fusion16_fusionL1_fusionBN0_drop0p1__wd1e-04trmiss40_trlocglobal,32,5e-05,0.0001,1,16,1,False,0.1,lr5e-05_bs32_modL1_fusion16_fusionL1_fusionBN0_drop0p1__wd1e-04trmiss40_trlocglobal,10,0.6404548287391663,0.6880976557731628,0.5909090909090908,0.6216492689854076,0.5777777777777777,0.0,0.0,0.0,0.0,0.0,0.0,0.0,0.0,0.0,,,,,18473,global,0.4
3,2,lr5e-05_bs32_modL1_fusion16_fusionL1_fusionBN0_drop0p1__wd1e-04trmiss40_trlocglobal,32,5e-05,0.0001,1,16,1,False,0.1,lr5e-05_bs32_modL1_fusion16_fusionL1_fusionBN0_drop0p1__wd1e-04trmiss40_trlocglobal,11,0.6389543414115906,0.6874795258045197,0.5909090909090909,0.6251677805337363,0.6,0.0,0.0,0.0,0.0,0.0,0.0,0.0,0.0,0.0,,,,,18473,global,0.4
3,2,lr5e-05_bs32_modL1_fusion16_fusionL1_fusionBN0_drop0p1__wd1e-04trmiss40_trlocglobal,32,5e-05,0.0001,1,16,1,False,0.1,lr5e-05_bs32_modL1_fusion16_fusionL1_fusionBN0_drop0p1__wd1e-04trmiss40_trlocglobal,12,0.6334548890590668,0.6876637041568756,0.5830039525691699,0.6492249181210863,0.6,0.0,0.0,0.0,0.0,0.0,0.0,0.0,0.0,0.0,,,,,18473,global,0.4
3,2,lr5e-05_bs32_modL1_fusion16_fusionL1_fusionBN0_drop0p1__wd1e-04trmiss40_trlocglobal,32,5e-05,0.0001,1,16,1,False,0.1,lr5e-05_bs32_modL1_fusion16_fusionL1_fusionBN0_drop0p1__wd1e-04trmiss40_trlocglobal,13,0.6302329401175181,0.6872400641441345,0.5849802371541502,0.6402834434283059,0.6,0.0,0.0,0.0,0.0,0.0,0.0,0.0,0.0,0.0,,,,,18473,global,0.4
3,2,lr5e-05_bs32_modL1_fusion16_fusionL1_fusionBN0_drop0p1__wd1e-04trmiss40_trlocglobal,32,5e-05,0.0001,1,16,1,False,0.1,lr5e-05_bs32_modL1_fusion16_fusionL1_fusionBN0_drop0p1__wd1e-04trmiss40_trlocglobal,14,0.6301529010136923,0.6865917146205902,0.5830039525691699,0.6395639398240822,0.6,0.0,0.0,0.0,0.0,0.0,0.0,0.0,0.0,0.0,,,,,18473,global,0.4
3,2,lr5e-05_bs32_modL1_fusion16_fusionL1_fusionBN0_drop0p1__wd1e-04trmiss40_trlocglobal,32,5e-05,0.0001,1,16,1,False,0.1,lr5e-05_bs32_modL1_fusion16_fusionL1_fusionBN0_drop0p1__wd1e-04trmiss40_trlocglobal,15,0.6223470469315847,0.6868852078914642,0.5671936758893281,0.6319775581899683,0.5777777777777777,0.0,0.0,0.0,0.0,0.0,0.0,0.0,0.0,0.0,,,,,18473,global,0.4
3,2,lr5e-05_bs32_modL1_fusion16_fusionL1_fusionBN0_drop0p1__wd1e-04trmiss40_trlocglobal,32,5e-05,0.0001,1,16,1,False,0.1,lr5e-05_bs32_modL1_fusion16_fusionL1_fusionBN0_drop0p1__wd1e-04trmiss40_trlocglobal,16,0.619932105143865,0.6860028207302094,0.58300395256917,0.6585086312617897,0.5777777777777777,0.0,0.0,0.0,0.0,0.0,0.0,0.0,0.0,0.0,,,,,18473,global,0.4
3,2,lr5e-05_bs32_modL1_fusion16_fusionL1_fusionBN0_drop0p1__wd1e-04trmiss40_trlocglobal,32,5e-05,0.0001,1,16,1,False,0.1,lr5e-05_bs32_modL1_fusion16_fusionL1_fusionBN0_drop0p1__wd1e-04trmiss40_trlocglobal,17,0.6196086307366689,0.6849298775196075,0.5830039525691699,0.6607350849020467,0.5555555555555556,0.0,0.0,0.0,0.0,0.0,0.0,0.0,0.0,0.0,,,,,18473,global,0.4
3,2,lr5e-05_bs32_modL1_fusion16_fusionL1_fusionBN0_drop0p1__wd1e-04trmiss40_trlocglobal,32,5e-05,0.0001,1,16,1,False,0.1,lr5e-05_bs32_modL1_fusion16_fusionL1_fusionBN0_drop0p1__wd1e-04trmiss40_trlocglobal,18,0.6124719679355621,0.6839734315872192,0.5810276679841897,0.6549064400130933,0.5777777777777777,0.0,0.0,0.0,0.0,0.0,0.0,0.0,0.0,0.0,,,,,18473,global,0.4
3,2,lr5e-05_bs32_modL1_fusion16_fusionL1_fusionBN0_drop0p1__wd1e-04trmiss40_trlocglobal,32,5e-05,0.0001,1,16,1,False,0.1,lr5e-05_bs32_modL1_fusion16_fusionL1_fusionBN0_drop0p1__wd1e-04trmiss40_trlocglobal,19,0.6114341219266256,0.6834780871868134,0.592885375494071,0.6399500118240145,0.5777777777777777,0.0,0.0,0.0,0.0,0.0,0.0,0.0,0.0,0.0,,,,,18473,global,0.4
3,2,lr5e-05_bs32_modL1_fusion16_fusionL1_fusionBN0_drop0p1__wd1e-04trmiss40_trlocglobal,32,5e-05,0.0001,1,16,1,False,0.1,lr5e-05_bs32_modL1_fusion16_fusionL1_fusionBN0_drop0p1__wd1e-04trmiss40_trlocglobal,20,0.608297199010849,0.6838040351867676,0.5830039525691699,0.6331170595611549,0.6,0.0,0.0,0.0,0.0,0.0,0.0,0.0,0.0,0.0,,,,,18473,global,0.4
3,2,lr5e-05_bs32_modL1_fusion16_fusionL1_fusionBN0_drop0p1__wd1e-04trmiss40_trlocglobal,32,5e-05,0.0001,1,16,1,False,0.1,lr5e-05_bs32_modL1_fusion16_fusionL1_fusionBN0_drop0p1__wd1e-04trmiss40_trlocglobal,21,0.6114477713902792,0.6817905306816101,0.5909090909090909,0.6442950674263246,0.5555555555555556,0.0,0.0,0.0,0.0,0.0,0.0,0.0,0.0,0.0,,,,,18473,global,0.4
3,2,lr5e-05_bs32_modL1_fusion16_fusionL1_fusionBN0_drop0p1__wd1e-04trmiss40_trlocglobal,32,5e-05,0.0001,1,16,1,False,0.1,lr5e-05_bs32_modL1_fusion16_fusionL1_fusionBN0_drop0p1__wd1e-04trmiss40_trlocglobal,22,0.6015365620454153,0.681374192237854,0.5830039525691699,0.6404242150836321,0.5555555555555556,0.0,0.0,0.0,0.0,0.0,0.0,0.0,0.0,0.0,,,,,18473,global,0.4
3,2,lr5e-05_bs32_modL1_fusion16_fusionL1_fusionBN0_drop0p1__wd1e-04trmiss40_trlocglobal,32,5e-05,0.0001,1,16,1,False,0.1,lr5e-05_bs32_modL1_fusion16_fusionL1_fusionBN0_drop0p1__wd1e-04trmiss40_trlocglobal,23,0.6047880351543427,0.6817460656166077,0.5731225296442687,0.6290807136053544,0.5111111111111111,0.0,0.0,0.0,0.0,0.0,0.0,0.0,0.0,0.0,,,,,18473,global,0.4
3,2,lr5e-05_bs32_modL1_fusion16_fusionL1_fusionBN0_drop0p1__wd1e-04trmiss40_trlocglobal,32,5e-05,0.0001,1,16,1,False,0.1,lr5e-05_bs32_modL1_fusion16_fusionL1_fusionBN0_drop0p1__wd1e-04trmiss40_trlocglobal,24,0.5995810826619467,0.6821261942386627,0.5770750988142292,0.634128053397841,0.5333333333333333,0.0,0.0,0.0,0.0,0.0,0.0,0.0,0.0,0.0,,,,,18473,global,0.4
3,2,lr5e-05_bs32_modL1_fusion16_fusionL1_fusionBN0_drop0p1__wd1e-04trmiss40_trlocglobal,32,5e-05,0.0001,1,16,1,False,0.1,lr5e-05_bs32_modL1_fusion16_fusionL1_fusionBN0_drop0p1__wd1e-04trmiss40_trlocglobal,25,0.5941175619761149,0.6830853223800659,0.5889328063241107,0.6364351646174264,0.5333333333333333,0.0,0.0,0.0,0.0,0.0,0.0,0.0,0.0,0.0,,,,,18473,global,0.4
3,2,lr5e-05_bs32_modL1_fusion16_fusionL1_fusionBN0_drop0p1__wd1e-04trmiss40_trlocglobal,32,5e-05,0.0001,1,16,1,False,0.1,lr5e-05_bs32_modL1_fusion16_fusionL1_fusionBN0_drop0p1__wd1e-04trmiss40_trlocglobal,26,0.5932343304157257,0.6828495860099792,0.5711462450592886,0.6290293226633994,0.5111111111111111,0.0,0.0,0.0,0.0,0.0,0.0,0.0,0.0,0.0,,,,,18473,global,0.4
3,2,lr5e-05_bs32_modL1_fusion32_fusionL1_fusionBN0_drop0p2__wd1e-04trmiss40_trlocglobal,32,5e-05,0.0001,1,32,1,False,0.2,lr5e-05_bs32_modL1_fusion32_fusionL1_fusionBN0_drop0p2__wd1e-04trmiss40_trlocglobal,1,0.6899512112140656,0.6995107233524323,0.6027667984189723,0.5766153790895956,0.5111111111111111,0.0,0.0,0.0,0.0,0.0,0.0,0.0,0.0,0.0,,,,,18473,global,0.4
3,2,lr5e-05_bs32_modL1_fusion32_fusionL1_fusionBN0_drop0p2__wd1e-04trmiss40_trlocglobal,32,5e-05,0.0001,1,32,1,False,0.2,lr5e-05_bs32_modL1_fusion32_fusionL1_fusionBN0_drop0p2__wd1e-04trmiss40_trlocglobal,2,0.6850686271985372,0.6986502707004547,0.6126482213438735,0.5916561558529553,0.5111111111111111,0.0,0.0,0.0,0.0,0.0,0.0,0.0,0.0,0.0,,,,,18473,global,0.4
3,2,lr5e-05_bs32_modL1_fusion32_fusionL1_fusionBN0_drop0p2__wd1e-04trmiss40_trlocglobal,32,5e-05,0.0001,1,32,1,False,0.2,lr5e-05_bs32_modL1_fusion32_fusionL1_fusionBN0_drop0p2__wd1e-04trmiss40_trlocglobal,3,0.6782439450422922,0.6982881426811218,0.5968379446640316,0.5831792205522318,0.5111111111111111,0.0,0.0,0.0,0.0,0.0,0.0,0.0,0.0,0.0,,,,,18473,global,0.4
3,2,lr5e-05_bs32_modL1_fusion32_fusionL1_fusionBN0_drop0p2__wd1e-04trmiss40_trlocglobal,32,5e-05,0.0001,1,32,1,False,0.2,lr5e-05_bs32_modL1_fusion32_fusionL1_fusionBN0_drop0p2__wd1e-04trmiss40_trlocglobal,4,0.6593384246031443,0.6978032886981964,0.6126482213438735,0.6359439707235367,0.5111111111111111,0.0,0.0,0.0,0.0,0.0,0.0,0.0,0.0,0.0,,,,,18473,global,0.4
3,2,lr5e-05_bs32_modL1_fusion32_fusionL1_fusionBN0_drop0p2__wd1e-04trmiss40_trlocglobal,32,5e-05,0.0001,1,32,1,False,0.2,lr5e-05_bs32_modL1_fusion32_fusionL1_fusionBN0_drop0p2__wd1e-04trmiss40_trlocglobal,5,0.652668962876002,0.6977805495262146,0.6047430830039526,0.6286857849936307,0.5111111111111111,0.0,0.0,0.0,0.0,0.0,0.0,0.0,0.0,0.0,,,,,18473,global,0.4
3,2,lr5e-05_bs32_modL1_fusion32_fusionL1_fusionBN0_drop0p2__wd1e-04trmiss40_trlocglobal,32,5e-05,0.0001,1,32,1,False,0.2,lr5e-05_bs32_modL1_fusion32_fusionL1_fusionBN0_drop0p2__wd1e-04trmiss40_trlocglobal,6,0.6512496769428253,0.6977632939815521,0.6047430830039526,0.6317942462423783,0.5333333333333333,0.0,0.0,0.0,0.0,0.0,0.0,0.0,0.0,0.0,,,,,18473,global,0.4
3,2,lr5e-05_bs32_modL1_fusion32_fusionL1_fusionBN0_drop0p2__wd1e-04trmiss40_trlocglobal,32,5e-05,0.0001,1,32,1,False,0.2,lr5e-05_bs32_modL1_fusion32_fusionL1_fusionBN0_drop0p2__wd1e-04trmiss40_trlocglobal,7,0.646239697933197,0.6964845359325409,0.6027667984189724,0.635794772255158,0.5333333333333333,0.0,0.0,0.0,0.0,0.0,0.0,0.0,0.0,0.0,,,,,18473,global,0.4
3,2,lr5e-05_bs32_modL1_fusion32_fusionL1_fusionBN0_drop0p2__wd1e-04trmiss40_trlocglobal,32,5e-05,0.0001,1,32,1,False,0.2,lr5e-05_bs32_modL1_fusion32_fusionL1_fusionBN0_drop0p2__wd1e-04trmiss40_trlocglobal,8,0.6378191014130911,0.6945607662200928,0.6264822134387351,0.6434205121497824,0.5333333333333333,0.0,0.0,0.0,0.0,0.0,0.0,0.0,0.0,0.0,,,,,18473,global,0.4
3,2,lr5e-05_bs32_modL1_fusion32_fusionL1_fusionBN0_drop0p2__wd1e-04trmiss40_trlocglobal,32,5e-05,0.0001,1,32,1,False,0.2,lr5e-05_bs32_modL1_fusion32_fusionL1_fusionBN0_drop0p2__wd1e-04trmiss40_trlocglobal,9,0.6298704544703165,0.6924077868461609,0.6225296442687747,0.6470509160090191,0.5333333333333333,0.0,0.0,0.0,0.0,0.0,0.0,0.0,0.0,0.0,,,,,18473,global,0.4
3,2,lr5e-05_bs32_modL1_fusion32_fusionL1_fusionBN0_drop0p2__wd1e-04trmiss40_trlocglobal,32,5e-05,0.0001,1,32,1,False,0.2,lr5e-05_bs32_modL1_fusion32_fusionL1_fusionBN0_drop0p2__wd1e-04trmiss40_trlocglobal,10,0.6333286364873251,0.6916462182998657,0.6264822134387351,0.6637042930350641,0.5333333333333333,0.0,0.0,0.0,0.0,0.0,0.0,0.0,0.0,0.0,,,,,18473,global,0.4
3,2,lr5e-05_bs32_modL1_fusion32_fusionL1_fusionBN0_drop0p2__wd1e-04trmiss40_trlocglobal,32,5e-05,0.0001,1,32,1,False,0.2,lr5e-05_bs32_modL1_fusion32_fusionL1_fusionBN0_drop0p2__wd1e-04trmiss40_trlocglobal,11,0.6228520969549814,0.6902740299701691,0.6304347826086957,0.6665269990066272,0.5333333333333333,0.0,0.0,0.0,0.0,0.0,0.0,0.0,0.0,0.0,,,,,18473,global,0.4
3,2,lr5e-05_bs32_modL1_fusion32_fusionL1_fusionBN0_drop0p2__wd1e-04trmiss40_trlocglobal,32,5e-05,0.0001,1,32,1,False,0.2,lr5e-05_bs32_modL1_fusion32_fusionL1_fusionBN0_drop0p2__wd1e-04trmiss40_trlocglobal,12,0.6245493789513906,0.6903553009033203,0.6383399209486166,0.6703891106928067,0.5111111111111111,0.0,0.0,0.0,0.0,0.0,0.0,0.0,0.0,0.0,,,,,18473,global,0.4
3,2,lr5e-05_bs32_modL1_fusion32_fusionL1_fusionBN0_drop0p2__wd1e-04trmiss40_trlocglobal,32,5e-05,0.0001,1,32,1,False,0.2,lr5e-05_bs32_modL1_fusion32_fusionL1_fusionBN0_drop0p2__wd1e-04trmiss40_trlocglobal,13,0.6091114779313406,0.6905571818351746,0.6442687747035573,0.6720527058250061,0.5111111111111111,0.0,0.0,0.0,0.0,0.0,0.0,0.0,0.0,0.0,,,,,18473,global,0.4
3,2,lr5e-05_bs32_modL1_fusion32_fusionL1_fusionBN0_drop0p2__wd1e-04trmiss40_trlocglobal,32,5e-05,0.0001,1,32,1,False,0.2,lr5e-05_bs32_modL1_fusion32_fusionL1_fusionBN0_drop0p2__wd1e-04trmiss40_trlocglobal,14,0.614624003569285,0.6899527311325073,0.6600790513833992,0.6794293385953663,0.5111111111111111,0.0,0.0,0.0,0.0,0.0,0.0,0.0,0.0,0.0,,,,,18473,global,0.4
3,2,lr5e-05_bs32_modL1_fusion32_fusionL1_fusionBN0_drop0p2__wd1e-04trmiss40_trlocglobal,32,5e-05,0.0001,1,32,1,False,0.2,lr5e-05_bs32_modL1_fusion32_fusionL1_fusionBN0_drop0p2__wd1e-04trmiss40_trlocglobal,15,0.6159018476804098,0.6899795234203339,0.6660079051383399,0.6869757880706573,0.5333333333333333,0.0,0.0,0.0,0.0,0.0,0.0,0.0,0.0,0.0,,,,,18473,global,0.4
3,2,lr5e-05_bs32_modL1_fusion32_fusionL1_fusionBN0_drop0p2__wd1e-04trmiss40_trlocglobal,32,5e-05,0.0001,1,32,1,False,0.2,lr5e-05_bs32_modL1_fusion32_fusionL1_fusionBN0_drop0p2__wd1e-04trmiss40_trlocglobal,16,0.6067012250423431,0.689589112997055,0.6600790513833992,0.6838280399985236,0.5333333333333333,0.0,0.0,0.0,0.0,0.0,0.0,0.0,0.0,0.0,,,,,18473,global,0.4
3,2,lr5e-05_bs32_modL1_fusion32_fusionL1_fusionBN0_drop0p2__wd1e-04trmiss40_trlocglobal,32,5e-05,0.0001,1,32,1,False,0.2,lr5e-05_bs32_modL1_fusion32_fusionL1_fusionBN0_drop0p2__wd1e-04trmiss40_trlocglobal,17,0.6154941618442535,0.689105749130249,0.642292490118577,0.6732177665325495,0.5555555555555556,0.0,0.0,0.0,0.0,0.0,0.0,0.0,0.0,0.0,,,,,18473,global,0.4
3,2,lr5e-05_bs32_modL1_fusion32_fusionL1_fusionBN0_drop0p2__wd1e-04trmiss40_trlocglobal,32,5e-05,0.0001,1,32,1,False,0.2,lr5e-05_bs32_modL1_fusion32_fusionL1_fusionBN0_drop0p2__wd1e-04trmiss40_trlocglobal,18,0.6008026003837585,0.6884714663028717,0.6383399209486166,0.6724444251303857,0.5333333333333333,0.0,0.0,0.0,0.0,0.0,0.0,0.0,0.0,0.0,,,,,18473,global,0.4
3,2,lr5e-05_bs32_modL1_fusion32_fusionL1_fusionBN0_drop0p2__wd1e-04trmiss40_trlocglobal,32,5e-05,0.0001,1,32,1,False,0.2,lr5e-05_bs32_modL1_fusion32_fusionL1_fusionBN0_drop0p2__wd1e-04trmiss40_trlocglobal,19,0.5908230344454447,0.6888929009437561,0.6304347826086956,0.6699031973578377,0.5555555555555556,0.0,0.0,0.0,0.0,0.0,0.0,0.0,0.0,0.0,,,,,18473,global,0.4
3,2,lr5e-05_bs32_modL1_fusion32_fusionL1_fusionBN0_drop0p2__wd1e-04trmiss40_trlocglobal,32,5e-05,0.0001,1,32,1,False,0.2,lr5e-05_bs32_modL1_fusion32_fusionL1_fusionBN0_drop0p2__wd1e-04trmiss40_trlocglobal,20,0.5971076190471649,0.6873078644275665,0.6383399209486166,0.6726427414818211,0.5333333333333333,0.0,0.0,0.0,0.0,0.0,0.0,0.0,0.0,0.0,,,,,18473,global,0.4
3,2,lr5e-05_bs32_modL1_fusion32_fusionL1_fusionBN0_drop0p2__wd1e-04trmiss40_trlocglobal,32,5e-05,0.0001,1,32,1,False,0.2,lr5e-05_bs32_modL1_fusion32_fusionL1_fusionBN0_drop0p2__wd1e-04trmiss40_trlocglobal,21,0.5916184782981873,0.6861871480941772,0.642292490118577,0.682932568500174,0.5333333333333333,0.0,0.0,0.0,0.0,0.0,0.0,0.0,0.0,0.0,,,,,18473,global,0.4
3,2,lr5e-05_bs32_modL1_fusion32_fusionL1_fusionBN0_drop0p2__wd1e-04trmiss40_trlocglobal,32,5e-05,0.0001,1,32,1,False,0.2,lr5e-05_bs32_modL1_fusion32_fusionL1_fusionBN0_drop0p2__wd1e-04trmiss40_trlocglobal,22,0.577701578537623,0.6856932640075684,0.6442687747035573,0.6849143086671694,0.5333333333333333,0.0,0.0,0.0,0.0,0.0,0.0,0.0,0.0,0.0,,,,,18473,global,0.4
3,2,lr5e-05_bs32_modL1_fusion32_fusionL1_fusionBN0_drop0p2__wd1e-04trmiss40_trlocglobal,32,5e-05,0.0001,1,32,1,False,0.2,lr5e-05_bs32_modL1_fusion32_fusionL1_fusionBN0_drop0p2__wd1e-04trmiss40_trlocglobal,23,0.5740522841612498,0.6839401721954346,0.642292490118577,0.6824051565588034,0.5333333333333333,0.0,0.0,0.0,0.0,0.0,0.0,0.0,0.0,0.0,,,,,18473,global,0.4
3,2,lr5e-05_bs32_modL1_fusion32_fusionL1_fusionBN0_drop0p2__wd1e-04trmiss40_trlocglobal,32,5e-05,0.0001,1,32,1,False,0.2,lr5e-05_bs32_modL1_fusion32_fusionL1_fusionBN0_drop0p2__wd1e-04trmiss40_trlocglobal,24,0.5787923038005829,0.6838800311088562,0.6324110671936759,0.6793413201094252,0.5333333333333333,0.0,0.0,0.0,0.0,0.0,0.0,0.0,0.0,0.0,,,,,18473,global,0.4
3,2,lr5e-05_bs32_modL1_fusion32_fusionL1_fusionBN0_drop0p2__wd1e-04trmiss40_trlocglobal,32,5e-05,0.0001,1,32,1,False,0.2,lr5e-05_bs32_modL1_fusion32_fusionL1_fusionBN0_drop0p2__wd1e-04trmiss40_trlocglobal,25,0.5807550450166067,0.6820450723171234,0.6403162055335968,0.683591273354454,0.5333333333333333,0.0,0.0,0.0,0.0,0.0,0.0,0.0,0.0,0.0,,,,,18473,global,0.4
3,2,lr5e-05_bs32_modL1_fusion32_fusionL1_fusionBN0_drop0p2__wd1e-04trmiss40_trlocglobal,32,5e-05,0.0001,1,32,1,False,0.2,lr5e-05_bs32_modL1_fusion32_fusionL1_fusionBN0_drop0p2__wd1e-04trmiss40_trlocglobal,26,0.5806440611680349,0.6816968619823456,0.6383399209486166,0.6787006901798898,0.5555555555555556,0.0,0.0,0.0,0.0,0.0,0.0,0.0,0.0,0.0,,,,,18473,global,0.4
3,2,lr5e-05_bs32_modL1_fusion32_fusionL1_fusionBN0_drop0p2__wd1e-04trmiss40_trlocglobal,32,5e-05,0.0001,1,32,1,False,0.2,lr5e-05_bs32_modL1_fusion32_fusionL1_fusionBN0_drop0p2__wd1e-04trmiss40_trlocglobal,27,0.5694375534852346,0.6822056472301483,0.6462450592885376,0.683352149078694,0.5333333333333333,0.0,0.0,0.0,0.0,0.0,0.0,0.0,0.0,0.0,,,,,18473,global,0.4
3,2,lr5e-05_bs32_modL1_fusion32_fusionL1_fusionBN0_drop0p2__wd1e-04trmiss40_trlocglobal,32,5e-05,0.0001,1,32,1,False,0.2,lr5e-05_bs32_modL1_fusion32_fusionL1_fusionBN0_drop0p2__wd1e-04trmiss40_trlocglobal,28,0.5734035770098368,0.6826833486557007,0.6264822134387352,0.6663150963650868,0.5333333333333333,0.0,0.0,0.0,0.0,0.0,0.0,0.0,0.0,0.0,,,,,18473,global,0.4
3,2,lr5e-05_bs32_modL1_fusion32_fusionL1_fusionBN0_drop0p2__wd1e-04trmiss40_trlocglobal,32,5e-05,0.0001,1,32,1,False,0.2,lr5e-05_bs32_modL1_fusion32_fusionL1_fusionBN0_drop0p2__wd1e-04trmiss40_trlocglobal,29,0.5696650445461273,0.6825083494186401,0.6225296442687747,0.6729060894914306,0.5333333333333333,0.0,0.0,0.0,0.0,0.0,0.0,0.0,0.0,0.0,,,,,18473,global,0.4
3,2,lr5e-05_bs32_modL1_fusion32_fusionL1_fusionBN0_drop0p2__wd1e-04trmiss40_trlocglobal,32,5e-05,0.0001,1,32,1,False,0.2,lr5e-05_bs32_modL1_fusion32_fusionL1_fusionBN0_drop0p2__wd1e-04trmiss40_trlocglobal,30,0.5699914594491323,0.6819873452186584,0.6284584980237155,0.6768953536933516,0.5333333333333333,0.0,0.0,0.0,0.0,0.0,0.0,0.0,0.0,0.0,,,,,18473,global,0.4
3,2,lr5e-05_bs32_modL1_fusion32_fusionL1_fusionBN0_drop0p2__wd1e-04trmiss40_trlocglobal,32,5e-05,0.0001,1,32,1,False,0.2,lr5e-05_bs32_modL1_fusion32_fusionL1_fusionBN0_drop0p2__wd1e-04trmiss40_trlocglobal,31,0.5576090514659882,0.6809817850589752,0.6521739130434783,0.6899226418833874,0.5333333333333333,0.0,0.0,0.0,0.0,0.0,0.0,0.0,0.0,0.0,,,,,18473,global,0.4
3,2,lr5e-05_bs32_modL1_fusion32_fusionL1_fusionBN0_drop0p2__wd1e-04trmiss40_trlocglobal,32,5e-05,0.0001,1,32,1,False,0.2,lr5e-05_bs32_modL1_fusion32_fusionL1_fusionBN0_drop0p2__wd1e-04trmiss40_trlocglobal,32,0.5606891314188639,0.6796976625919342,0.6442687747035574,0.676378542363197,0.5333333333333333,0.0,0.0,0.0,0.0,0.0,0.0,0.0,0.0,0.0,,,,,18473,global,0.4
3,2,lr5e-05_bs32_modL1_fusion32_fusionL1_fusionBN0_drop0p2__wd1e-04trmiss40_trlocglobal,32,5e-05,0.0001,1,32,1,False,0.2,lr5e-05_bs32_modL1_fusion32_fusionL1_fusionBN0_drop0p2__wd1e-04trmiss40_trlocglobal,33,0.5583482682704926,0.6791971027851105,0.6245059288537549,0.6717942264326134,0.5333333333333333,0.0,0.0,0.0,0.0,0.0,0.0,0.0,0.0,0.0,,,,,18473,global,0.4
3,2,lr5e-05_bs32_modL1_fusion32_fusionL1_fusionBN0_drop0p2__wd1e-04trmiss40_trlocglobal,32,5e-05,0.0001,1,32,1,False,0.2,lr5e-05_bs32_modL1_fusion32_fusionL1_fusionBN0_drop0p2__wd1e-04trmiss40_trlocglobal,34,0.5551923116048177,0.679523766040802,0.6304347826086956,0.6849232690311203,0.5333333333333333,0.0,0.0,0.0,0.0,0.0,0.0,0.0,0.0,0.0,,,,,18473,global,0.4
3,2,lr5e-05_bs32_modL1_fusion32_fusionL1_fusionBN0_drop0p2__wd1e-04trmiss40_trlocglobal,32,5e-05,0.0001,1,32,1,False,0.2,lr5e-05_bs32_modL1_fusion32_fusionL1_fusionBN0_drop0p2__wd1e-04trmiss40_trlocglobal,35,0.5501669645309448,0.679635226726532,0.6284584980237153,0.6838834191428114,0.5333333333333333,0.0,0.0,0.0,0.0,0.0,0.0,0.0,0.0,0.0,,,,,18473,global,0.4
3,2,lr5e-05_bs32_modL1_fusion32_fusionL1_fusionBN0_drop0p1__wd1e-04trmiss40_trlocglobal,32,5e-05,0.0001,1,32,1,False,0.1,lr5e-05_bs32_modL1_fusion32_fusionL1_fusionBN0_drop0p1__wd1e-04trmiss40_trlocglobal,1,0.6889111498991648,0.6930389404296875,0.5118577075098815,0.5544465070576037,0.5777777777777777,0.0,0.0,0.0,0.0,0.0,0.0,0.0,0.0,0.0,,,,,18473,global,0.4
3,2,lr5e-05_bs32_modL1_fusion32_fusionL1_fusionBN0_drop0p1__wd1e-04trmiss40_trlocglobal,32,5e-05,0.0001,1,32,1,False,0.1,lr5e-05_bs32_modL1_fusion32_fusionL1_fusionBN0_drop0p1__wd1e-04trmiss40_trlocglobal,2,0.6754237314065298,0.6928270161151886,0.5217391304347827,0.563768798208127,0.5333333333333333,0.0,0.0,0.0,0.0,0.0,0.0,0.0,0.0,0.0,,,,,18473,global,0.4
3,2,lr5e-05_bs32_modL1_fusion32_fusionL1_fusionBN0_drop0p1__wd1e-04trmiss40_trlocglobal,32,5e-05,0.0001,1,32,1,False,0.1,lr5e-05_bs32_modL1_fusion32_fusionL1_fusionBN0_drop0p1__wd1e-04trmiss40_trlocglobal,3,0.6716149946053823,0.6918180882930756,0.525691699604743,0.5714917508035264,0.5333333333333333,0.0,0.0,0.0,0.0,0.0,0.0,0.0,0.0,0.0,,,,,18473,global,0.4
3,2,lr5e-05_bs32_modL1_fusion32_fusionL1_fusionBN0_drop0p1__wd1e-04trmiss40_trlocglobal,32,5e-05,0.0001,1,32,1,False,0.1,lr5e-05_bs32_modL1_fusion32_fusionL1_fusionBN0_drop0p1__wd1e-04trmiss40_trlocglobal,4,0.6602613230546316,0.6898526549339294,0.5296442687747036,0.5902417042783555,0.4666666666666667,0.0,0.0,0.0,0.0,0.0,0.0,0.0,0.0,0.0,,,,,18473,global,0.4
3,2,lr5e-05_bs32_modL1_fusion32_fusionL1_fusionBN0_drop0p1__wd1e-04trmiss40_trlocglobal,32,5e-05,0.0001,1,32,1,False,0.1,lr5e-05_bs32_modL1_fusion32_fusionL1_fusionBN0_drop0p1__wd1e-04trmiss40_trlocglobal,5,0.6523706714312235,0.6871218085289001,0.5494071146245059,0.5991515903123746,0.5111111111111111,0.0,0.0,0.0,0.0,0.0,0.0,0.0,0.0,0.0,,,,,18473,global,0.4
3,2,lr5e-05_bs32_modL1_fusion32_fusionL1_fusionBN0_drop0p1__wd1e-04trmiss40_trlocglobal,32,5e-05,0.0001,1,32,1,False,0.1,lr5e-05_bs32_modL1_fusion32_fusionL1_fusionBN0_drop0p1__wd1e-04trmiss40_trlocglobal,6,0.6440711418787638,0.685077577829361,0.5592885375494071,0.6129867824346518,0.5111111111111111,0.0,0.0,0.0,0.0,0.0,0.0,0.0,0.0,0.0,,,,,18473,global,0.4
3,2,lr5e-05_bs32_modL1_fusion32_fusionL1_fusionBN0_drop0p1__wd1e-04trmiss40_trlocglobal,32,5e-05,0.0001,1,32,1,False,0.1,lr5e-05_bs32_modL1_fusion32_fusionL1_fusionBN0_drop0p1__wd1e-04trmiss40_trlocglobal,7,0.6401057640711466,0.6833885610103607,0.5889328063241106,0.6429932575306889,0.5111111111111111,0.0,0.0,0.0,0.0,0.0,0.0,0.0,0.0,0.0,,,,,18473,global,0.4
3,2,lr5e-05_bs32_modL1_fusion32_fusionL1_fusionBN0_drop0p1__wd1e-04trmiss40_trlocglobal,32,5e-05,0.0001,1,32,1,False,0.1,lr5e-05_bs32_modL1_fusion32_fusionL1_fusionBN0_drop0p1__wd1e-04trmiss40_trlocglobal,8,0.6360940833886465,0.6823670566082001,0.5909090909090909,0.6514108926522557,0.4666666666666667,0.0,0.0,0.0,0.0,0.0,0.0,0.0,0.0,0.0,,,,,18473,global,0.4
3,2,lr5e-05_bs32_modL1_fusion32_fusionL1_fusionBN0_drop0p1__wd1e-04trmiss40_trlocglobal,32,5e-05,0.0001,1,32,1,False,0.1,lr5e-05_bs32_modL1_fusion32_fusionL1_fusionBN0_drop0p1__wd1e-04trmiss40_trlocglobal,9,0.6232242087523142,0.6825730502605438,0.5948616600790514,0.656663610238136,0.4444444444444444,0.0,0.0,0.0,0.0,0.0,0.0,0.0,0.0,0.0,,,,,18473,global,0.4
3,2,lr5e-05_bs32_modL1_fusion32_fusionL1_fusionBN0_drop0p1__wd1e-04trmiss40_trlocglobal,32,5e-05,0.0001,1,32,1,False,0.1,lr5e-05_bs32_modL1_fusion32_fusionL1_fusionBN0_drop0p1__wd1e-04trmiss40_trlocglobal,10,0.6231076419353485,0.6812429428100586,0.6027667984189723,0.6634199119002456,0.4666666666666667,0.0,0.0,0.0,0.0,0.0,0.0,0.0,0.0,0.0,,,,,18473,global,0.4
3,2,lr5e-05_bs32_modL1_fusion32_fusionL1_fusionBN0_drop0p1__wd1e-04trmiss40_trlocglobal,32,5e-05,0.0001,1,32,1,False,0.1,lr5e-05_bs32_modL1_fusion32_fusionL1_fusionBN0_drop0p1__wd1e-04trmiss40_trlocglobal,11,0.6253665188948313,0.6816723942756653,0.6106719367588933,0.6671408526004723,0.5111111111111111,0.0,0.0,0.0,0.0,0.0,0.0,0.0,0.0,0.0,,,,,18473,global,0.4
3,2,lr5e-05_bs32_modL1_fusion32_fusionL1_fusionBN0_drop0p1__wd1e-04trmiss40_trlocglobal,32,5e-05,0.0001,1,32,1,False,0.1,lr5e-05_bs32_modL1_fusion32_fusionL1_fusionBN0_drop0p1__wd1e-04trmiss40_trlocglobal,12,0.6105458637078603,0.682177871465683,0.598814229249012,0.6625116471885113,0.5111111111111111,0.0,0.0,0.0,0.0,0.0,0.0,0.0,0.0,0.0,,,,,18473,global,0.4
3,2,lr5e-05_bs32_modL1_fusion32_fusionL1_fusionBN0_drop0p1__wd1e-04trmiss40_trlocglobal,32,5e-05,0.0001,1,32,1,False,0.1,lr5e-05_bs32_modL1_fusion32_fusionL1_fusionBN0_drop0p1__wd1e-04trmiss40_trlocglobal,13,0.6057672997315725,0.6825567483901978,0.5928853754940712,0.6576911973595659,0.4444444444444444,0.0,0.0,0.0,0.0,0.0,0.0,0.0,0.0,0.0,,,,,18473,global,0.4
3,2,lr5e-05_bs32_modL1_fusion32_fusionL1_fusionBN0_drop0p1__wd1e-04trmiss40_trlocglobal,32,5e-05,0.0001,1,32,1,False,0.1,lr5e-05_bs32_modL1_fusion32_fusionL1_fusionBN0_drop0p1__wd1e-04trmiss40_trlocglobal,14,0.6096447209517161,0.6810613572597504,0.5869565217391305,0.6494339243858226,0.4444444444444444,0.0,0.0,0.0,0.0,0.0,0.0,0.0,0.0,0.0,,,,,18473,global,0.4
3,2,lr5e-05_bs32_modL1_fusion32_fusionL1_fusionBN0_drop0p1__wd1e-04trmiss40_trlocglobal,32,5e-05,0.0001,1,32,1,False,0.1,lr5e-05_bs32_modL1_fusion32_fusionL1_fusionBN0_drop0p1__wd1e-04trmiss40_trlocglobal,15,0.6036470631758372,0.6796706020832062,0.5889328063241106,0.626207613347158,0.4888888888888889,0.0,0.0,0.0,0.0,0.0,0.0,0.0,0.0,0.0,,,,,18473,global,0.4
3,2,lr5e-05_bs32_modL1_fusion32_fusionL1_fusionBN0_drop0p1__wd1e-04trmiss40_trlocglobal,32,5e-05,0.0001,1,32,1,False,0.1,lr5e-05_bs32_modL1_fusion32_fusionL1_fusionBN0_drop0p1__wd1e-04trmiss40_trlocglobal,16,0.5988514125347137,0.6793049275875092,0.5988142292490118,0.6363841752215927,0.4666666666666667,0.0,0.0,0.0,0.0,0.0,0.0,0.0,0.0,0.0,,,,,18473,global,0.4
3,2,lr5e-05_bs32_modL1_fusion32_fusionL1_fusionBN0_drop0p1__wd1e-04trmiss40_trlocglobal,32,5e-05,0.0001,1,32,1,False,0.1,lr5e-05_bs32_modL1_fusion32_fusionL1_fusionBN0_drop0p1__wd1e-04trmiss40_trlocglobal,17,0.5927995145320892,0.6783033609390259,0.6067193675889329,0.6618134603981453,0.4888888888888889,0.0,0.0,0.0,0.0,0.0,0.0,0.0,0.0,0.0,,,,,18473,global,0.4
3,2,lr5e-05_bs32_modL1_fusion32_fusionL1_fusionBN0_drop0p1__wd1e-04trmiss40_trlocglobal,32,5e-05,0.0001,1,32,1,False,0.1,lr5e-05_bs32_modL1_fusion32_fusionL1_fusionBN0_drop0p1__wd1e-04trmiss40_trlocglobal,18,0.5875383218129476,0.6776787042617798,0.6007905138339921,0.6597056883251893,0.4888888888888889,0.0,0.0,0.0,0.0,0.0,0.0,0.0,0.0,0.0,,,,,18473,global,0.4
3,2,lr5e-05_bs32_modL1_fusion32_fusionL1_fusionBN0_drop0p1__wd1e-04trmiss40_trlocglobal,32,5e-05,0.0001,1,32,1,False,0.1,lr5e-05_bs32_modL1_fusion32_fusionL1_fusionBN0_drop0p1__wd1e-04trmiss40_trlocglobal,19,0.5842004815737406,0.6767704784870148,0.6106719367588933,0.6623746076391117,0.5111111111111111,0.0,0.0,0.0,0.0,0.0,0.0,0.0,0.0,0.0,,,,,18473,global,0.4
3,2,lr5e-05_bs32_modL1_fusion32_fusionL1_fusionBN0_drop0p1__wd1e-04trmiss40_trlocglobal,32,5e-05,0.0001,1,32,1,False,0.1,lr5e-05_bs32_modL1_fusion32_fusionL1_fusionBN0_drop0p1__wd1e-04trmiss40_trlocglobal,20,0.5809114376703898,0.6773511171340942,0.6067193675889327,0.6608929508253809,0.5333333333333333,0.0,0.0,0.0,0.0,0.0,0.0,0.0,0.0,0.0,,,,,18473,global,0.4
3,2,lr5e-05_bs32_modL1_fusion32_fusionL1_fusionBN0_drop0p1__wd1e-04trmiss40_trlocglobal,32,5e-05,0.0001,1,32,1,False,0.1,lr5e-05_bs32_modL1_fusion32_fusionL1_fusionBN0_drop0p1__wd1e-04trmiss40_trlocglobal,21,0.5725892583529154,0.6770381331443787,0.6027667984189723,0.6572620826874873,0.5111111111111111,0.0,0.0,0.0,0.0,0.0,0.0,0.0,0.0,0.0,,,,,18473,global,0.4
3,2,lr5e-05_bs32_modL1_fusion32_fusionL1_fusionBN0_drop0p1__wd1e-04trmiss40_trlocglobal,32,5e-05,0.0001,1,32,1,False,0.1,lr5e-05_bs32_modL1_fusion32_fusionL1_fusionBN0_drop0p1__wd1e-04trmiss40_trlocglobal,22,0.5757518410682678,0.6775729954242706,0.5909090909090908,0.6474195861786446,0.5111111111111111,0.0,0.0,0.0,0.0,0.0,0.0,0.0,0.0,0.0,,,,,18473,global,0.4
3,2,lr5e-05_bs32_modL1_fusion32_fusionL1_fusionBN0_drop0p1__wd1e-04trmiss40_trlocglobal,32,5e-05,0.0001,1,32,1,False,0.1,lr5e-05_bs32_modL1_fusion32_fusionL1_fusionBN0_drop0p1__wd1e-04trmiss40_trlocglobal,23,0.5717880328496298,0.6771740913391113,0.5948616600790514,0.6510473818361703,0.5333333333333333,0.0,0.0,0.0,0.0,0.0,0.0,0.0,0.0,0.0,,,,,18473,global,0.4
3,2,lr5e-05_bs32_modL1_fusion32_fusionL1_fusionBN0_drop0p1__wd1e-04trmiss40_trlocglobal,32,5e-05,0.0001,1,32,1,False,0.1,lr5e-05_bs32_modL1_fusion32_fusionL1_fusionBN0_drop0p1__wd1e-04trmiss40_trlocglobal,24,0.5685677329699198,0.6770004332065582,0.6047430830039525,0.6595556982093113,0.5555555555555556,0.0,0.0,0.0,0.0,0.0,0.0,0.0,0.0,0.0,,,,,18473,global,0.4
3,2,lr5e-05_bs32_modL1_fusion32_fusionL1_fusionBN0_drop0p1__wd1e-04trmiss40_trlocglobal,32,5e-05,0.0001,1,32,1,False,0.1,lr5e-05_bs32_modL1_fusion32_fusionL1_fusionBN0_drop0p1__wd1e-04trmiss40_trlocglobal,25,0.5663322508335114,0.6759022772312164,0.6126482213438735,0.663710845231937,0.5777777777777777,0.0,0.0,0.0,0.0,0.0,0.0,0.0,0.0,0.0,,,,,18473,global,0.4
3,2,lr5e-05_bs32_modL1_fusion32_fusionL1_fusionBN0_drop0p1__wd1e-04trmiss40_trlocglobal,32,5e-05,0.0001,1,32,1,False,0.1,lr5e-05_bs32_modL1_fusion32_fusionL1_fusionBN0_drop0p1__wd1e-04trmiss40_trlocglobal,26,0.5556740860144297,0.6753531694412231,0.6047430830039526,0.6577472692846946,0.5333333333333333,0.0,0.0,0.0,0.0,0.0,0.0,0.0,0.0,0.0,,,,,18473,global,0.4
3,2,lr5e-05_bs32_modL1_fusion32_fusionL1_fusionBN0_drop0p1__wd1e-04trmiss40_trlocglobal,32,5e-05,0.0001,1,32,1,False,0.1,lr5e-05_bs32_modL1_fusion32_fusionL1_fusionBN0_drop0p1__wd1e-04trmiss40_trlocglobal,27,0.5576343834400177,0.6757701337337494,0.5948616600790513,0.6533952437471993,0.5333333333333333,0.0,0.0,0.0,0.0,0.0,0.0,0.0,0.0,0.0,,,,,18473,global,0.4
3,2,lr5e-05_bs32_modL1_fusion32_fusionL1_fusionBN0_drop0p1__wd1e-04trmiss40_trlocglobal,32,5e-05,0.0001,1,32,1,False,0.1,lr5e-05_bs32_modL1_fusion32_fusionL1_fusionBN0_drop0p1__wd1e-04trmiss40_trlocglobal,28,0.5498235821723938,0.6748080551624298,0.5968379446640315,0.6542440513404004,0.5777777777777777,0.0,0.0,0.0,0.0,0.0,0.0,0.0,0.0,0.0,,,,,18473,global,0.4
3,2,lr5e-05_bs32_modL1_fusion32_fusionL1_fusionBN0_drop0p1__wd1e-04trmiss40_trlocglobal,32,5e-05,0.0001,1,32,1,False,0.1,lr5e-05_bs32_modL1_fusion32_fusionL1_fusionBN0_drop0p1__wd1e-04trmiss40_trlocglobal,29,0.5452717542648315,0.676032304763794,0.6067193675889329,0.6597911607958276,0.5555555555555556,0.0,0.0,0.0,0.0,0.0,0.0,0.0,0.0,0.0,,,,,18473,global,0.4
3,2,lr5e-05_bs32_modL1_fusion32_fusionL1_fusionBN0_drop0p1__wd1e-04trmiss40_trlocglobal,32,5e-05,0.0001,1,32,1,False,0.1,lr5e-05_bs32_modL1_fusion32_fusionL1_fusionBN0_drop0p1__wd1e-04trmiss40_trlocglobal,30,0.5492068628470103,0.6763816773891449,0.5909090909090909,0.6513786286220367,0.5555555555555556,0.0,0.0,0.0,0.0,0.0,0.0,0.0,0.0,0.0,,,,,18473,global,0.4
3,2,lr5e-05_bs32_modL1_fusion32_fusionL1_fusionBN0_drop0p1__wd1e-04trmiss40_trlocglobal,32,5e-05,0.0001,1,32,1,False,0.1,lr5e-05_bs32_modL1_fusion32_fusionL1_fusionBN0_drop0p1__wd1e-04trmiss40_trlocglobal,31,0.5387241641680399,0.6747628152370453,0.5869565217391305,0.6497697649235799,0.5777777777777777,0.0,0.0,0.0,0.0,0.0,0.0,0.0,0.0,0.0,,,,,18473,global,0.4
3,2,lr5e-05_bs32_modL1_fusion32_fusionL1_fusionBN0_drop0p1__wd1e-04trmiss40_trlocglobal,32,5e-05,0.0001,1,32,1,False,0.1,lr5e-05_bs32_modL1_fusion32_fusionL1_fusionBN0_drop0p1__wd1e-04trmiss40_trlocglobal,32,0.5374153157075247,0.6737994849681854,0.5889328063241106,0.6501363925971919,0.5333333333333333,0.0,0.0,0.0,0.0,0.0,0.0,0.0,0.0,0.0,,,,,18473,global,0.4
3,2,lr5e-05_bs32_modL1_fusion32_fusionL1_fusionBN0_drop0p1__wd1e-04trmiss40_trlocglobal,32,5e-05,0.0001,1,32,1,False,0.1,lr5e-05_bs32_modL1_fusion32_fusionL1_fusionBN0_drop0p1__wd1e-04trmiss40_trlocglobal,33,0.540737251440684,0.67401522397995,0.5948616600790514,0.6541142124520146,0.5111111111111111,0.0,0.0,0.0,0.0,0.0,0.0,0.0,0.0,0.0,,,,,18473,global,0.4
3,2,lr5e-05_bs32_modL1_fusion32_fusionL1_fusionBN0_drop0p1__wd1e-04trmiss40_trlocglobal,32,5e-05,0.0001,1,32,1,False,0.1,lr5e-05_bs32_modL1_fusion32_fusionL1_fusionBN0_drop0p1__wd1e-04trmiss40_trlocglobal,34,0.5342749754587809,0.6747502386569977,0.5889328063241107,0.650374079737592,0.5555555555555556,0.0,0.0,0.0,0.0,0.0,0.0,0.0,0.0,0.0,,,,,18473,global,0.4
3,2,lr5e-05_bs32_modL1_fusion32_fusionL1_fusionBN0_drop0p1__wd1e-04trmiss40_trlocglobal,32,5e-05,0.0001,1,32,1,False,0.1,lr5e-05_bs32_modL1_fusion32_fusionL1_fusionBN0_drop0p1__wd1e-04trmiss40_trlocglobal,35,0.529664566119512,0.675727903842926,0.5810276679841897,0.6501559498545672,0.5111111111111111,0.0,0.0,0.0,0.0,0.0,0.0,0.0,0.0,0.0,,,,,18473,global,0.4
3,2,lr5e-05_bs32_modL1_fusion32_fusionL1_fusionBN0_drop0p1__wd1e-04trmiss40_trlocglobal,32,5e-05,0.0001,1,32,1,False,0.1,lr5e-05_bs32_modL1_fusion32_fusionL1_fusionBN0_drop0p1__wd1e-04trmiss40_trlocglobal,36,0.5251219073931376,0.6761432588100433,0.5909090909090909,0.6449301530924333,0.5555555555555556,0.0,0.0,0.0,0.0,0.0,0.0,0.0,0.0,0.0,,,,,18473,global,0.4
3,2,lr5e-05_bs32_modL1_fusion32_fusionL1_fusionBN0_drop0p1__wd1e-04trmiss40_trlocglobal,32,5e-05,0.0001,1,32,1,False,0.1,lr5e-05_bs32_modL1_fusion32_fusionL1_fusionBN0_drop0p1__wd1e-04trmiss40_trlocglobal,37,0.5250992576281229,0.6757746040821075,0.5988142292490118,0.6476191935146957,0.5555555555555556,0.0,0.0,0.0,0.0,0.0,0.0,0.0,0.0,0.0,,,,,18473,global,0.4
3,2,lr5e-05_bs32_modL1_fusion32_fusionL1_fusionBN0_drop0p1__wd1e-04trmiss40_trlocglobal,32,5e-05,0.0001,1,32,1,False,0.1,lr5e-05_bs32_modL1_fusion32_fusionL1_fusionBN0_drop0p1__wd1e-04trmiss40_trlocglobal,38,0.5217777887980143,0.6755519509315491,0.592885375494071,0.6457886613351933,0.5777777777777777,0.0,0.0,0.0,0.0,0.0,0.0,0.0,0.0,0.0,,,,,18473,global,0.4
3,2,lr5e-05_bs32_modL1_fusion32_fusionL1_fusionBN0_drop0p1__wd1e-04trmiss40_trlocglobal,32,5e-05,0.0001,1,32,1,False,0.1,lr5e-05_bs32_modL1_fusion32_fusionL1_fusionBN0_drop0p1__wd1e-04trmiss40_trlocglobal,39,0.5222635765870413,0.6737600266933441,0.5889328063241107,0.6495495862569537,0.5777777777777777,0.0,0.0,0.0,0.0,0.0,0.0,0.0,0.0,0.0,,,,,18473,global,0.4
3,2,lr5e-05_bs32_modL1_fusion32_fusionL1_fusionBN0_drop0p1__wd1e-04trmiss40_trlocglobal,32,5e-05,0.0001,1,32,1,False,0.1,lr5e-05_bs32_modL1_fusion32_fusionL1_fusionBN0_drop0p1__wd1e-04trmiss40_trlocglobal,40,0.5193855166435242,0.6723206043243408,0.6027667984189724,0.669784449684183,0.5555555555555556,0.0,0.0,0.0,0.0,0.0,0.0,0.0,0.0,0.0,,,,,18473,global,0.4
3,2,lr5e-05_bs32_modL1_fusion32_fusionL1_fusionBN0_drop0p1__wd1e-04trmiss40_trlocglobal,32,5e-05,0.0001,1,32,1,False,0.1,lr5e-05_bs32_modL1_fusion32_fusionL1_fusionBN0_drop0p1__wd1e-04trmiss40_trlocglobal,41,0.513138989607493,0.6709094345569611,0.6086956521739131,0.6787056780920738,0.5777777777777777,0.0,0.0,0.0,0.0,0.0,0.0,0.0,0.0,0.0,,,,,18473,global,0.4
3,2,lr5e-05_bs32_modL1_fusion32_fusionL1_fusionBN0_drop0p1__wd1e-04trmiss40_trlocglobal,32,5e-05,0.0001,1,32,1,False,0.1,lr5e-05_bs32_modL1_fusion32_fusionL1_fusionBN0_drop0p1__wd1e-04trmiss40_trlocglobal,42,0.5141428709030151,0.671758234500885,0.6067193675889327,0.6744717214360226,0.5777777777777777,0.0,0.0,0.0,0.0,0.0,0.0,0.0,0.0,0.0,,,,,18473,global,0.4
3,2,lr5e-05_bs32_modL1_fusion32_fusionL1_fusionBN0_drop0p1__wd1e-04trmiss40_trlocglobal,32,5e-05,0.0001,1,32,1,False,0.1,lr5e-05_bs32_modL1_fusion32_fusionL1_fusionBN0_drop0p1__wd1e-04trmiss40_trlocglobal,43,0.5176477283239365,0.6725842356681824,0.5988142292490118,0.6566774106217286,0.5777777777777777,0.0,0.0,0.0,0.0,0.0,0.0,0.0,0.0,0.0,,,,,18473,global,0.4
3,2,lr5e-05_bs32_modL1_fusion32_fusionL1_fusionBN0_drop0p1__wd1e-04trmiss40_trlocglobal,32,5e-05,0.0001,1,32,1,False,0.1,lr5e-05_bs32_modL1_fusion32_fusionL1_fusionBN0_drop0p1__wd1e-04trmiss40_trlocglobal,44,0.5051186432441076,0.6717945635318756,0.6086956521739131,0.6611270265300462,0.5777777777777777,0.0,0.0,0.0,0.0,0.0,0.0,0.0,0.0,0.0,,,,,18473,global,0.4
3,2,lr5e-05_bs32_modL1_fusion32_fusionL1_fusionBN0_drop0p1__wd1e-04trmiss40_trlocglobal,32,5e-05,0.0001,1,32,1,False,0.1,lr5e-05_bs32_modL1_fusion32_fusionL1_fusionBN0_drop0p1__wd1e-04trmiss40_trlocglobal,45,0.5032780716816584,0.671229362487793,0.6047430830039525,0.6585559272595025,0.5555555555555556,0.0,0.0,0.0,0.0,0.0,0.0,0.0,0.0,0.0,,,,,18473,global,0.4
3,2,lr1e-05_bs32_modL1_fusion16_fusionL1_fusionBN0_drop0p2__wd1e-04trmiss40_trlocglobal,32,1e-05,0.0001,1,16,1,False,0.2,lr1e-05_bs32_modL1_fusion16_fusionL1_fusionBN0_drop0p2__wd1e-04trmiss40_trlocglobal,1,0.7183513045310974,0.6867422759532928,0.5335968379446641,0.648303115141363,0.4888888888888889,0.0,0.0,0.0,0.0,0.0,0.0,0.0,0.0,0.0,,,,,18473,global,0.4
3,2,lr1e-05_bs32_modL1_fusion16_fusionL1_fusionBN0_drop0p2__wd1e-04trmiss40_trlocglobal,32,1e-05,0.0001,1,16,1,False,0.2,lr1e-05_bs32_modL1_fusion16_fusionL1_fusionBN0_drop0p2__wd1e-04trmiss40_trlocglobal,2,0.6993386149406433,0.6866571605205536,0.5434782608695652,0.660853368211158,0.4888888888888889,0.0,0.0,0.0,0.0,0.0,0.0,0.0,0.0,0.0,,,,,18473,global,0.4
3,2,lr1e-05_bs32_modL1_fusion16_fusionL1_fusionBN0_drop0p2__wd1e-04trmiss40_trlocglobal,32,1e-05,0.0001,1,16,1,False,0.2,lr1e-05_bs32_modL1_fusion16_fusionL1_fusionBN0_drop0p2__wd1e-04trmiss40_trlocglobal,3,0.7060475945472717,0.6870355904102325,0.5316205533596838,0.6547551134127153,0.4888888888888889,0.0,0.0,0.0,0.0,0.0,0.0,0.0,0.0,0.0,,,,,18473,global,0.4
3,2,lr1e-05_bs32_modL1_fusion16_fusionL1_fusionBN0_drop0p2__wd1e-04trmiss40_trlocglobal,32,1e-05,0.0001,1,16,1,False,0.2,lr1e-05_bs32_modL1_fusion16_fusionL1_fusionBN0_drop0p2__wd1e-04trmiss40_trlocglobal,4,0.707260251045227,0.687467485666275,0.5197628458498023,0.6603493150835126,0.4888888888888889,0.0,0.0,0.0,0.0,0.0,0.0,0.0,0.0,0.0,,,,,18473,global,0.4
3,2,lr1e-05_bs32_modL1_fusion16_fusionL1_fusionBN0_drop0p2__wd1e-04trmiss40_trlocglobal,32,1e-05,0.0001,1,16,1,False,0.2,lr1e-05_bs32_modL1_fusion16_fusionL1_fusionBN0_drop0p2__wd1e-04trmiss40_trlocglobal,5,0.7139391899108887,0.6877855360507965,0.5138339920948617,0.6544722885384681,0.4888888888888889,0.0,0.0,0.0,0.0,0.0,0.0,0.0,0.0,0.0,,,,,18473,global,0.4
3,2,lr1e-05_bs32_modL1_fusion16_fusionL1_fusionBN0_drop0p2__wd1e-04trmiss40_trlocglobal,32,1e-05,0.0001,1,16,1,False,0.2,lr1e-05_bs32_modL1_fusion16_fusionL1_fusionBN0_drop0p2__wd1e-04trmiss40_trlocglobal,6,0.7021034061908722,0.687981128692627,0.5118577075098814,0.651844300959448,0.4888888888888889,0.0,0.0,0.0,0.0,0.0,0.0,0.0,0.0,0.0,,,,,18473,global,0.4
3,2,lr1e-05_bs32_modL1_fusion16_fusionL1_fusionBN0_drop0p2__wd1e-04trmiss40_trlocglobal,32,1e-05,0.0001,1,16,1,False,0.2,lr1e-05_bs32_modL1_fusion16_fusionL1_fusionBN0_drop0p2__wd1e-04trmiss40_trlocglobal,7,0.7048170367876688,0.6883535385131836,0.5118577075098815,0.6533796796471026,0.4888888888888889,0.0,0.0,0.0,0.0,0.0,0.0,0.0,0.0,0.0,,,,,18473,global,0.4
3,2,lr1e-05_bs32_modL1_fusion16_fusionL1_fusionBN0_drop0p2__wd1e-04trmiss40_trlocglobal,32,1e-05,0.0001,1,16,1,False,0.2,lr1e-05_bs32_modL1_fusion16_fusionL1_fusionBN0_drop0p2__wd1e-04trmiss40_trlocglobal,8,0.7002037366231283,0.687760055065155,0.5197628458498024,0.657562519414801,0.4888888888888889,0.0,0.0,0.0,0.0,0.0,0.0,0.0,0.0,0.0,,,,,18473,global,0.4
3,2,lr1e-05_bs32_modL1_fusion16_fusionL1_fusionBN0_drop0p2__wd1e-04trmiss40_trlocglobal,32,1e-05,0.0001,1,16,1,False,0.2,lr1e-05_bs32_modL1_fusion16_fusionL1_fusionBN0_drop0p2__wd1e-04trmiss40_trlocglobal,9,0.7012481391429901,0.6879735589027405,0.5217391304347826,0.6587328744082446,0.4888888888888889,0.0,0.0,0.0,0.0,0.0,0.0,0.0,0.0,0.0,,,,,18473,global,0.4
3,2,lr1e-05_bs32_modL1_fusion16_fusionL1_fusionBN0_drop0p2__wd1e-04trmiss40_trlocglobal,32,1e-05,0.0001,1,16,1,False,0.2,lr1e-05_bs32_modL1_fusion16_fusionL1_fusionBN0_drop0p2__wd1e-04trmiss40_trlocglobal,10,0.6985974609851837,0.6880616843700409,0.5276679841897234,0.6603950917047291,0.4888888888888889,0.0,0.0,0.0,0.0,0.0,0.0,0.0,0.0,0.0,,,,,18473,global,0.4
3,2,lr1e-05_bs32_modL1_fusion16_fusionL1_fusionBN0_drop0p2__wd1e-04trmiss40_trlocglobal,32,1e-05,0.0001,1,16,1,False,0.2,lr1e-05_bs32_modL1_fusion16_fusionL1_fusionBN0_drop0p2__wd1e-04trmiss40_trlocglobal,11,0.6953179836273193,0.6879482865333557,0.5316205533596838,0.6609578140065818,0.4888888888888889,0.0,0.0,0.0,0.0,0.0,0.0,0.0,0.0,0.0,,,,,18473,global,0.4
3,2,lr1e-05_bs32_modL1_fusion16_fusionL1_fusionBN0_drop0p2__wd1e-04trmiss40_trlocglobal,32,1e-05,0.0001,1,16,1,False,0.2,lr1e-05_bs32_modL1_fusion16_fusionL1_fusionBN0_drop0p2__wd1e-04trmiss40_trlocglobal,12,0.6941407024860382,0.6883702576160431,0.5276679841897233,0.6581499696769985,0.4888888888888889,0.0,0.0,0.0,0.0,0.0,0.0,0.0,0.0,0.0,,,,,18473,global,0.4
3,2,lr1e-05_bs32_modL1_fusion16_fusionL1_fusionBN0_drop0p2__wd1e-04trmiss40_trlocglobal,32,1e-05,0.0001,1,16,1,False,0.2,lr1e-05_bs32_modL1_fusion16_fusionL1_fusionBN0_drop0p2__wd1e-04trmiss40_trlocglobal,13,0.6961378753185272,0.688337653875351,0.5217391304347826,0.6563692846021996,0.4888888888888889,0.0,0.0,0.0,0.0,0.0,0.0,0.0,0.0,0.0,,,,,18473,global,0.4
3,2,lr1e-05_bs32_modL1_fusion16_fusionL1_fusionBN0_drop0p2__wd1e-04trmiss40_trlocglobal,32,1e-05,0.0001,1,16,1,False,0.2,lr1e-05_bs32_modL1_fusion16_fusionL1_fusionBN0_drop0p2__wd1e-04trmiss40_trlocglobal,14,0.690576990445455,0.6882905662059784,0.5177865612648221,0.657134701477965,0.4888888888888889,0.0,0.0,0.0,0.0,0.0,0.0,0.0,0.0,0.0,,,,,18473,global,0.4
3,2,lr1e-05_bs32_modL1_fusion16_fusionL1_fusionBN0_drop0p2__wd1e-04trmiss40_trlocglobal,32,1e-05,0.0001,1,16,1,False,0.2,lr1e-05_bs32_modL1_fusion16_fusionL1_fusionBN0_drop0p2__wd1e-04trmiss40_trlocglobal,15,0.6888921856880188,0.6881695091724396,0.5276679841897233,0.6644082616675672,0.4888888888888889,0.0,0.0,0.0,0.0,0.0,0.0,0.0,0.0,0.0,,,,,18473,global,0.4
3,2,lr1e-05_bs32_modL1_fusion16_fusionL1_fusionBN0_drop0p2__wd1e-04trmiss40_trlocglobal,32,1e-05,0.0001,1,16,1,False,0.2,lr1e-05_bs32_modL1_fusion16_fusionL1_fusionBN0_drop0p2__wd1e-04trmiss40_trlocglobal,16,0.6890719135602316,0.6883090734481812,0.525691699604743,0.6619182154818689,0.4888888888888889,0.0,0.0,0.0,0.0,0.0,0.0,0.0,0.0,0.0,,,,,18473,global,0.4
3,2,lr1e-05_bs32_modL1_fusion16_fusionL1_fusionBN0_drop0p2__wd1e-04trmiss40_trlocglobal,32,1e-05,0.0001,1,16,1,False,0.2,lr1e-05_bs32_modL1_fusion16_fusionL1_fusionBN0_drop0p2__wd1e-04trmiss40_trlocglobal,17,0.6866738796234131,0.6884235143661499,0.5177865612648221,0.6581985168896065,0.4888888888888889,0.0,0.0,0.0,0.0,0.0,0.0,0.0,0.0,0.0,,,,,18473,global,0.4
3,2,lr1e-05_bs32_modL1_fusion16_fusionL1_fusionBN0_drop0p2__wd1e-04trmiss40_trlocglobal,32,1e-05,0.0001,1,16,1,False,0.2,lr1e-05_bs32_modL1_fusion16_fusionL1_fusionBN0_drop0p2__wd1e-04trmiss40_trlocglobal,18,0.6872391601403555,0.6889635324478149,0.5118577075098815,0.6515518928644545,0.4888888888888889,0.0,0.0,0.0,0.0,0.0,0.0,0.0,0.0,0.0,,,,,18473,global,0.4
3,2,lr1e-05_bs32_modL1_fusion16_fusionL1_fusionBN0_drop0p2__wd1e-04trmiss40_trlocglobal,32,1e-05,0.0001,1,16,1,False,0.2,lr1e-05_bs32_modL1_fusion16_fusionL1_fusionBN0_drop0p2__wd1e-04trmiss40_trlocglobal,19,0.6926631728808085,0.6887082159519196,0.5138339920948617,0.6521694817972608,0.4888888888888889,0.0,0.0,0.0,0.0,0.0,0.0,0.0,0.0,0.0,,,,,18473,global,0.4
3,2,lr1e-05_bs32_modL1_fusion16_fusionL1_fusionBN0_drop0p2__wd1e-04trmiss40_trlocglobal,32,1e-05,0.0001,1,16,1,False,0.2,lr1e-05_bs32_modL1_fusion16_fusionL1_fusionBN0_drop0p2__wd1e-04trmiss40_trlocglobal,20,0.6860000093777975,0.6890749931335449,0.5118577075098814,0.6551720497092745,0.4888888888888889,0.0,0.0,0.0,0.0,0.0,0.0,0.0,0.0,0.0,,,,,18473,global,0.4
3,2,lr1e-05_bs32_modL1_fusion16_fusionL1_fusionBN0_drop0p2__wd1e-04trmiss40_trlocglobal,32,1e-05,0.0001,1,16,1,False,0.2,lr1e-05_bs32_modL1_fusion16_fusionL1_fusionBN0_drop0p2__wd1e-04trmiss40_trlocglobal,21,0.685637096563975,0.6885785162448883,0.5158102766798418,0.6544267233666575,0.4888888888888889,0.0,0.0,0.0,0.0,0.0,0.0,0.0,0.0,0.0,,,,,18473,global,0.4
3,2,lr1e-05_bs32_modL1_fusion16_fusionL1_fusionBN0_drop0p2__wd1e-04trmiss40_trlocglobal,32,1e-05,0.0001,1,16,1,False,0.2,lr1e-05_bs32_modL1_fusion16_fusionL1_fusionBN0_drop0p2__wd1e-04trmiss40_trlocglobal,22,0.6907064517339071,0.6886464059352875,0.5138339920948616,0.6525662810549124,0.4888888888888889,0.0,0.0,0.0,0.0,0.0,0.0,0.0,0.0,0.0,,,,,18473,global,0.4
3,2,lr1e-05_bs32_modL1_fusion16_fusionL1_fusionBN0_drop0p2__wd1e-04trmiss40_trlocglobal,32,1e-05,0.0001,1,16,1,False,0.2,lr1e-05_bs32_modL1_fusion16_fusionL1_fusionBN0_drop0p2__wd1e-04trmiss40_trlocglobal,23,0.6894866724809011,0.6886237263679504,0.517786561264822,0.6550537764928767,0.4888888888888889,0.0,0.0,0.0,0.0,0.0,0.0,0.0,0.0,0.0,,,,,18473,global,0.4
3,2,lr1e-05_bs32_modL1_fusion16_fusionL1_fusionBN0_drop0p2__wd1e-04trmiss40_trlocglobal,32,1e-05,0.0001,1,16,1,False,0.2,lr1e-05_bs32_modL1_fusion16_fusionL1_fusionBN0_drop0p2__wd1e-04trmiss40_trlocglobal,24,0.6833458542823792,0.6884623169898987,0.5217391304347826,0.6576210102590233,0.4888888888888889,0.0,0.0,0.0,0.0,0.0,0.0,0.0,0.0,0.0,,,,,18473,global,0.4
3,2,lr1e-05_bs32_modL1_fusion16_fusionL1_fusionBN0_drop0p2__wd1e-04trmiss40_trlocglobal,32,1e-05,0.0001,1,16,1,False,0.2,lr1e-05_bs32_modL1_fusion16_fusionL1_fusionBN0_drop0p2__wd1e-04trmiss40_trlocglobal,25,0.677302211523056,0.6884623765945435,0.5316205533596838,0.6639716862888718,0.4888888888888889,0.0,0.0,0.0,0.0,0.0,0.0,0.0,0.0,0.0,,,,,18473,global,0.4
3,2,lr1e-05_bs32_modL1_fusion16_fusionL1_fusionBN0_drop0p2__wd1e-04trmiss40_trlocglobal,32,1e-05,0.0001,1,16,1,False,0.2,lr1e-05_bs32_modL1_fusion16_fusionL1_fusionBN0_drop0p2__wd1e-04trmiss40_trlocglobal,26,0.6842715740203857,0.6887227296829224,0.5316205533596837,0.6615632393791462,0.4888888888888889,0.0,0.0,0.0,0.0,0.0,0.0,0.0,0.0,0.0,,,,,18473,global,0.4
3,2,lr1e-05_bs32_modL1_fusion16_fusionL1_fusionBN0_drop0p2__wd1e-04trmiss40_trlocglobal,32,1e-05,0.0001,1,16,1,False,0.2,lr1e-05_bs32_modL1_fusion16_fusionL1_fusionBN0_drop0p2__wd1e-04trmiss40_trlocglobal,27,0.6863925059636434,0.688862144947052,0.5335968379446641,0.6637430458051137,0.4888888888888889,0.0,0.0,0.0,0.0,0.0,0.0,0.0,0.0,0.0,,,,,18473,global,0.4
3,2,lr1e-05_bs32_modL1_fusion16_fusionL1_fusionBN0_drop0p2__wd1e-04trmiss40_trlocglobal,32,1e-05,0.0001,1,16,1,False,0.2,lr1e-05_bs32_modL1_fusion16_fusionL1_fusionBN0_drop0p2__wd1e-04trmiss40_trlocglobal,28,0.6849837899208069,0.6891202926635742,0.5355731225296443,0.6667194986676114,0.4888888888888889,0.0,0.0,0.0,0.0,0.0,0.0,0.0,0.0,0.0,,,,,18473,global,0.4
3,2,lr1e-05_bs32_modL1_fusion16_fusionL1_fusionBN0_drop0p2__wd1e-04trmiss40_trlocglobal,32,1e-05,0.0001,1,16,1,False,0.2,lr1e-05_bs32_modL1_fusion16_fusionL1_fusionBN0_drop0p2__wd1e-04trmiss40_trlocglobal,29,0.6751060585180918,0.6887435019016266,0.5434782608695653,0.6711658183154584,0.4888888888888889,0.0,0.0,0.0,0.0,0.0,0.0,0.0,0.0,0.0,,,,,18473,global,0.4
3,2,lr1e-05_bs32_modL1_fusion16_fusionL1_fusionBN0_drop0p2__wd1e-04trmiss40_trlocglobal,32,1e-05,0.0001,1,16,1,False,0.2,lr1e-05_bs32_modL1_fusion16_fusionL1_fusionBN0_drop0p2__wd1e-04trmiss40_trlocglobal,30,0.676923930644989,0.688970148563385,0.5355731225296442,0.6631341275391618,0.4888888888888889,0.0,0.0,0.0,0.0,0.0,0.0,0.0,0.0,0.0,,,,,18473,global,0.4
3,2,lr1e-05_bs32_modL1_fusion16_fusionL1_fusionBN0_drop0p2__wd1e-04trmiss40_trlocglobal,32,1e-05,0.0001,1,16,1,False,0.2,lr1e-05_bs32_modL1_fusion16_fusionL1_fusionBN0_drop0p2__wd1e-04trmiss40_trlocglobal,31,0.6673812568187714,0.6890161633491516,0.5395256916996047,0.665062773827913,0.4888888888888889,0.0,0.0,0.0,0.0,0.0,0.0,0.0,0.0,0.0,,,,,18473,global,0.4
3,2,lr1e-05_bs32_modL1_fusion16_fusionL1_fusionBN0_drop0p2__wd1e-04trmiss40_trlocglobal,32,1e-05,0.0001,1,16,1,False,0.2,lr1e-05_bs32_modL1_fusion16_fusionL1_fusionBN0_drop0p2__wd1e-04trmiss40_trlocglobal,32,0.6792438427607218,0.688800185918808,0.5355731225296443,0.6642430951542679,0.4888888888888889,0.0,0.0,0.0,0.0,0.0,0.0,0.0,0.0,0.0,,,,,18473,global,0.4
3,2,lr1e-05_bs32_modL1_fusion16_fusionL1_fusionBN0_drop0p2__wd1e-04trmiss40_trlocglobal,32,1e-05,0.0001,1,16,1,False,0.2,lr1e-05_bs32_modL1_fusion16_fusionL1_fusionBN0_drop0p2__wd1e-04trmiss40_trlocglobal,33,0.6799099842707316,0.688694566488266,0.5454545454545454,0.6687768985661262,0.4888888888888889,0.0,0.0,0.0,0.0,0.0,0.0,0.0,0.0,0.0,,,,,18473,global,0.4
3,2,lr1e-05_bs32_modL1_fusion16_fusionL1_fusionBN0_drop0p2__wd1e-04trmiss40_trlocglobal,32,1e-05,0.0001,1,16,1,False,0.2,lr1e-05_bs32_modL1_fusion16_fusionL1_fusionBN0_drop0p2__wd1e-04trmiss40_trlocglobal,34,0.6778455873330435,0.6887418925762177,0.5454545454545454,0.6727466761628099,0.4888888888888889,0.0,0.0,0.0,0.0,0.0,0.0,0.0,0.0,0.0,,,,,18473,global,0.4
3,2,lr1e-05_bs32_modL1_fusion16_fusionL1_fusionBN0_drop0p2__wd1e-04trmiss40_trlocglobal,32,1e-05,0.0001,1,16,1,False,0.2,lr1e-05_bs32_modL1_fusion16_fusionL1_fusionBN0_drop0p2__wd1e-04trmiss40_trlocglobal,35,0.6839249233404795,0.6890265643596649,0.5474308300395258,0.6679292907055293,0.4888888888888889,0.0,0.0,0.0,0.0,0.0,0.0,0.0,0.0,0.0,,,,,18473,global,0.4
3,2,lr1e-05_bs32_modL1_fusion16_fusionL1_fusionBN0_drop0p2__wd1e-04trmiss40_trlocglobal,32,1e-05,0.0001,1,16,1,False,0.2,lr1e-05_bs32_modL1_fusion16_fusionL1_fusionBN0_drop0p2__wd1e-04trmiss40_trlocglobal,36,0.6704391340414683,0.6894475519657135,0.5553359683794468,0.6745864344491346,0.4888888888888889,0.0,0.0,0.0,0.0,0.0,0.0,0.0,0.0,0.0,,,,,18473,global,0.4
3,2,lr1e-05_bs32_modL1_fusion16_fusionL1_fusionBN0_drop0p2__wd1e-04trmiss40_trlocglobal,32,1e-05,0.0001,1,16,1,False,0.2,lr1e-05_bs32_modL1_fusion16_fusionL1_fusionBN0_drop0p2__wd1e-04trmiss40_trlocglobal,37,0.6714939673741659,0.6896305084228516,0.5573122529644269,0.6798462089138868,0.4888888888888889,0.0,0.0,0.0,0.0,0.0,0.0,0.0,0.0,0.0,,,,,18473,global,0.4
3,2,lr1e-05_bs32_modL1_fusion16_fusionL1_fusionBN0_drop0p2__wd1e-04trmiss40_trlocglobal,32,1e-05,0.0001,1,16,1,False,0.2,lr1e-05_bs32_modL1_fusion16_fusionL1_fusionBN0_drop0p2__wd1e-04trmiss40_trlocglobal,38,0.6716348230838776,0.6898200511932373,0.5553359683794467,0.6714346046115084,0.4888888888888889,0.0,0.0,0.0,0.0,0.0,0.0,0.0,0.0,0.0,,,,,18473,global,0.4
3,2,lr1e-05_bs32_modL1_fusion16_fusionL1_fusionBN0_drop0p2__wd1e-04trmiss40_trlocglobal,32,1e-05,0.0001,1,16,1,False,0.2,lr1e-05_bs32_modL1_fusion16_fusionL1_fusionBN0_drop0p2__wd1e-04trmiss40_trlocglobal,39,0.6771202286084493,0.6898790895938873,0.5592885375494072,0.6811366331267454,0.4888888888888889,0.0,0.0,0.0,0.0,0.0,0.0,0.0,0.0,0.0,,,,,18473,global,0.4
3,2,lr1e-05_bs32_modL1_fusion16_fusionL1_fusionBN0_drop0p2__wd1e-04trmiss40_trlocglobal,32,1e-05,0.0001,1,16,1,False,0.2,lr1e-05_bs32_modL1_fusion16_fusionL1_fusionBN0_drop0p2__wd1e-04trmiss40_trlocglobal,40,0.671194444100062,0.6900109946727753,0.5553359683794465,0.6786540998450146,0.4888888888888889,0.0,0.0,0.0,0.0,0.0,0.0,0.0,0.0,0.0,,,,,18473,global,0.4
3,2,lr1e-05_bs32_modL1_fusion16_fusionL1_fusionBN0_drop0p2__wd1e-04trmiss40_trlocglobal,32,1e-05,0.0001,1,16,1,False,0.2,lr1e-05_bs32_modL1_fusion16_fusionL1_fusionBN0_drop0p2__wd1e-04trmiss40_trlocglobal,41,0.6771126091480255,0.6900830566883087,0.5612648221343874,0.681954085130989,0.4888888888888889,0.0,0.0,0.0,0.0,0.0,0.0,0.0,0.0,0.0,,,,,18473,global,0.4
3,2,lr1e-05_bs32_modL1_fusion16_fusionL1_fusionBN0_drop0p2__wd1e-04trmiss40_trlocglobal,32,1e-05,0.0001,1,16,1,False,0.2,lr1e-05_bs32_modL1_fusion16_fusionL1_fusionBN0_drop0p2__wd1e-04trmiss40_trlocglobal,42,0.6699535051981608,0.6898385584354401,0.5592885375494071,0.6814238624374577,0.4888888888888889,0.0,0.0,0.0,0.0,0.0,0.0,0.0,0.0,0.0,,,,,18473,global,0.4
3,2,lr1e-05_bs32_modL1_fusion16_fusionL1_fusionBN0_drop0p2__wd1e-04trmiss40_trlocglobal,32,1e-05,0.0001,1,16,1,False,0.2,lr1e-05_bs32_modL1_fusion16_fusionL1_fusionBN0_drop0p2__wd1e-04trmiss40_trlocglobal,43,0.6744613548119863,0.6891304552555084,0.5691699604743083,0.6838780968929709,0.4888888888888889,0.0,0.0,0.0,0.0,0.0,0.0,0.0,0.0,0.0,,,,,18473,global,0.4
3,2,lr1e-05_bs32_modL1_fusion16_fusionL1_fusionBN0_drop0p2__wd1e-04trmiss40_trlocglobal,32,1e-05,0.0001,1,16,1,False,0.2,lr1e-05_bs32_modL1_fusion16_fusionL1_fusionBN0_drop0p2__wd1e-04trmiss40_trlocglobal,44,0.6709958612918854,0.6895463764667511,0.5671936758893281,0.6824744812970892,0.4888888888888889,0.0,0.0,0.0,0.0,0.0,0.0,0.0,0.0,0.0,,,,,18473,global,0.4
3,2,lr1e-05_bs32_modL1_fusion16_fusionL1_fusionBN0_drop0p2__wd1e-04trmiss40_trlocglobal,32,1e-05,0.0001,1,16,1,False,0.2,lr1e-05_bs32_modL1_fusion16_fusionL1_fusionBN0_drop0p2__wd1e-04trmiss40_trlocglobal,45,0.6702906489372253,0.6894219517707825,0.5632411067193677,0.6808415490887502,0.4888888888888889,0.0,0.0,0.0,0.0,0.0,0.0,0.0,0.0,0.0,,,,,18473,global,0.4
3,2,lr1e-05_bs32_modL1_fusion16_fusionL1_fusionBN0_drop0p2__wd1e-04trmiss40_trlocglobal,32,1e-05,0.0001,1,16,1,False,0.2,lr1e-05_bs32_modL1_fusion16_fusionL1_fusionBN0_drop0p2__wd1e-04trmiss40_trlocglobal,46,0.6742062866687775,0.6893876194953918,0.5711462450592886,0.6836696775512291,0.4888888888888889,0.0,0.0,0.0,0.0,0.0,0.0,0.0,0.0,0.0,,,,,18473,global,0.4
3,2,lr1e-05_bs32_modL1_fusion16_fusionL1_fusionBN0_drop0p2__wd1e-04trmiss40_trlocglobal,32,1e-05,0.0001,1,16,1,False,0.2,lr1e-05_bs32_modL1_fusion16_fusionL1_fusionBN0_drop0p2__wd1e-04trmiss40_trlocglobal,47,0.6696911454200745,0.6897096931934357,0.5612648221343874,0.6791075654920048,0.4888888888888889,0.0,0.0,0.0,0.0,0.0,0.0,0.0,0.0,0.0,,,,,18473,global,0.4
3,2,lr1e-05_bs32_modL1_fusion16_fusionL1_fusionBN0_drop0p2__wd1e-04trmiss40_trlocglobal,32,1e-05,0.0001,1,16,1,False,0.2,lr1e-05_bs32_modL1_fusion16_fusionL1_fusionBN0_drop0p2__wd1e-04trmiss40_trlocglobal,48,0.6735970278580984,0.6898318529129028,0.557312252964427,0.6772065679388333,0.4888888888888889,0.0,0.0,0.0,0.0,0.0,0.0,0.0,0.0,0.0,,,,,18473,global,0.4
3,2,lr1e-05_bs32_modL1_fusion16_fusionL1_fusionBN0_drop0p2__wd1e-04trmiss40_trlocglobal,32,1e-05,0.0001,1,16,1,False,0.2,lr1e-05_bs32_modL1_fusion16_fusionL1_fusionBN0_drop0p2__wd1e-04trmiss40_trlocglobal,49,0.6741410990556082,0.6897915005683899,0.5652173913043479,0.6804173143442867,0.4888888888888889,0.0,0.0,0.0,0.0,0.0,0.0,0.0,0.0,0.0,,,,,18473,global,0.4
3,2,lr1e-05_bs32_modL1_fusion16_fusionL1_fusionBN0_drop0p2__wd1e-04trmiss40_trlocglobal,32,1e-05,0.0001,1,16,1,False,0.2,lr1e-05_bs32_modL1_fusion16_fusionL1_fusionBN0_drop0p2__wd1e-04trmiss40_trlocglobal,50,0.6627972821394602,0.6895252466201782,0.5671936758893281,0.6833576155607878,0.4888888888888889,0.0,0.0,0.0,0.0,0.0,0.0,0.0,0.0,0.0,,,,,18473,global,0.4
3,2,lr1e-05_bs32_modL1_fusion16_fusionL1_fusionBN0_drop0p2__wd1e-04trmiss40_trlocglobal,32,1e-05,0.0001,1,16,1,False,0.2,lr1e-05_bs32_modL1_fusion16_fusionL1_fusionBN0_drop0p2__wd1e-04trmiss40_trlocglobal,51,0.6730221311251322,0.6893559694290161,0.5691699604743082,0.6837619528743878,0.4888888888888889,0.0,0.0,0.0,0.0,0.0,0.0,0.0,0.0,0.0,,,,,18473,global,0.4
3,2,lr1e-05_bs32_modL1_fusion16_fusionL1_fusionBN0_drop0p2__wd1e-04trmiss40_trlocglobal,32,1e-05,0.0001,1,16,1,False,0.2,lr1e-05_bs32_modL1_fusion16_fusionL1_fusionBN0_drop0p2__wd1e-04trmiss40_trlocglobal,52,0.6692975163459778,0.6893375813961029,0.5612648221343873,0.6789005904593055,0.4888888888888889,0.0,0.0,0.0,0.0,0.0,0.0,0.0,0.0,0.0,,,,,18473,global,0.4
3,2,lr1e-05_bs32_modL1_fusion16_fusionL1_fusionBN0_drop0p2__wd1e-04trmiss40_trlocglobal,32,1e-05,0.0001,1,16,1,False,0.2,lr1e-05_bs32_modL1_fusion16_fusionL1_fusionBN0_drop0p2__wd1e-04trmiss40_trlocglobal,53,0.6620342234770457,0.6890510618686676,0.5691699604743083,0.6815991638957014,0.4888888888888889,0.0,0.0,0.0,0.0,0.0,0.0,0.0,0.0,0.0,,,,,18473,global,0.4
3,2,lr1e-05_bs32_modL1_fusion16_fusionL1_fusionBN0_drop0p2__wd1e-04trmiss40_trlocglobal,32,1e-05,0.0001,1,16,1,False,0.2,lr1e-05_bs32_modL1_fusion16_fusionL1_fusionBN0_drop0p2__wd1e-04trmiss40_trlocglobal,54,0.6604637205600739,0.6893021762371063,0.5652173913043479,0.6739678440389725,0.4888888888888889,0.0,0.0,0.0,0.0,0.0,0.0,0.0,0.0,0.0,,,,,18473,global,0.4
3,2,lr1e-05_bs32_modL1_fusion16_fusionL1_fusionBN0_drop0p2__wd1e-04trmiss40_trlocglobal,32,1e-05,0.0001,1,16,1,False,0.2,lr1e-05_bs32_modL1_fusion16_fusionL1_fusionBN0_drop0p2__wd1e-04trmiss40_trlocglobal,55,0.667564332485199,0.6892123222351074,0.5652173913043479,0.6793794239632961,0.4888888888888889,0.0,0.0,0.0,0.0,0.0,0.0,0.0,0.0,0.0,,,,,18473,global,0.4
3,2,lr1e-05_bs32_modL1_fusion16_fusionL1_fusionBN0_drop0p2__wd1e-04trmiss40_trlocglobal,32,1e-05,0.0001,1,16,1,False,0.2,lr1e-05_bs32_modL1_fusion16_fusionL1_fusionBN0_drop0p2__wd1e-04trmiss40_trlocglobal,56,0.6707069476445516,0.688821941614151,0.5691699604743083,0.6807339268920118,0.4888888888888889,0.0,0.0,0.0,0.0,0.0,0.0,0.0,0.0,0.0,,,,,18473,global,0.4
3,2,lr1e-05_bs32_modL1_fusion16_fusionL1_fusionBN0_drop0p2__wd1e-04trmiss40_trlocglobal,32,1e-05,0.0001,1,16,1,False,0.2,lr1e-05_bs32_modL1_fusion16_fusionL1_fusionBN0_drop0p2__wd1e-04trmiss40_trlocglobal,57,0.6585591534773508,0.6892633438110352,0.5612648221343873,0.6740682412757448,0.4888888888888889,0.0,0.0,0.0,0.0,0.0,0.0,0.0,0.0,0.0,,,,,18473,global,0.4
3,2,lr1e-05_bs32_modL1_fusion16_fusionL1_fusionBN0_drop0p2__wd1e-04trmiss40_trlocglobal,32,1e-05,0.0001,1,16,1,False,0.2,lr1e-05_bs32_modL1_fusion16_fusionL1_fusionBN0_drop0p2__wd1e-04trmiss40_trlocglobal,58,0.6691070894400278,0.6894304156303406,0.5652173913043479,0.6779582242749537,0.4888888888888889,0.0,0.0,0.0,0.0,0.0,0.0,0.0,0.0,0.0,,,,,18473,global,0.4
3,2,lr1e-05_bs32_modL1_fusion16_fusionL1_fusionBN0_drop0p2__wd1e-04trmiss40_trlocglobal,32,1e-05,0.0001,1,16,1,False,0.2,lr1e-05_bs32_modL1_fusion16_fusionL1_fusionBN0_drop0p2__wd1e-04trmiss40_trlocglobal,59,0.6678192814191183,0.6894842982292175,0.5632411067193676,0.6722342120537966,0.4888888888888889,0.0,0.0,0.0,0.0,0.0,0.0,0.0,0.0,0.0,,,,,18473,global,0.4
3,2,lr1e-05_bs32_modL1_fusion16_fusionL1_fusionBN0_drop0p2__wd1e-04trmiss40_trlocglobal,32,1e-05,0.0001,1,16,1,False,0.2,lr1e-05_bs32_modL1_fusion16_fusionL1_fusionBN0_drop0p2__wd1e-04trmiss40_trlocglobal,60,0.670585443576177,0.6900517046451569,0.5553359683794468,0.6700577479989065,0.4888888888888889,0.0,0.0,0.0,0.0,0.0,0.0,0.0,0.0,0.0,,,,,18473,global,0.4
3,2,lr1e-05_bs32_modL1_fusion16_fusionL1_fusionBN0_drop0p2__wd1e-04trmiss40_trlocglobal,32,1e-05,0.0001,1,16,1,False,0.2,lr1e-05_bs32_modL1_fusion16_fusionL1_fusionBN0_drop0p2__wd1e-04trmiss40_trlocglobal,61,0.6584281623363495,0.6898733079433441,0.5573122529644268,0.6747799321408884,0.4888888888888889,0.0,0.0,0.0,0.0,0.0,0.0,0.0,0.0,0.0,,,,,18473,global,0.4
3,2,lr1e-05_bs32_modL1_fusion16_fusionL1_fusionBN0_drop0p2__wd1e-04trmiss40_trlocglobal,32,1e-05,0.0001,1,16,1,False,0.2,lr1e-05_bs32_modL1_fusion16_fusionL1_fusionBN0_drop0p2__wd1e-04trmiss40_trlocglobal,62,0.6652469436327616,0.690326064825058,0.5592885375494071,0.6704435368858396,0.4888888888888889,0.0,0.0,0.0,0.0,0.0,0.0,0.0,0.0,0.0,,,,,18473,global,0.4
3,2,lr1e-05_bs32_modL1_fusion16_fusionL1_fusionBN0_drop0p2__wd1e-04trmiss40_trlocglobal,32,1e-05,0.0001,1,16,1,False,0.2,lr1e-05_bs32_modL1_fusion16_fusionL1_fusionBN0_drop0p2__wd1e-04trmiss40_trlocglobal,63,0.6647439499696096,0.6900894045829773,0.5652173913043478,0.6720824401551776,0.4888888888888889,0.0,0.0,0.0,0.0,0.0,0.0,0.0,0.0,0.0,,,,,18473,global,0.4
3,2,lr1e-05_bs32_modL1_fusion16_fusionL1_fusionBN0_drop0p2__wd1e-04trmiss40_trlocglobal,32,1e-05,0.0001,1,16,1,False,0.2,lr1e-05_bs32_modL1_fusion16_fusionL1_fusionBN0_drop0p2__wd1e-04trmiss40_trlocglobal,64,0.672135462363561,0.6898423433303833,0.5592885375494071,0.6631797486437905,0.4888888888888889,0.0,0.0,0.0,0.0,0.0,0.0,0.0,0.0,0.0,,,,,18473,global,0.4
3,2,lr1e-05_bs32_modL1_fusion16_fusionL1_fusionBN0_drop0p2__wd1e-04trmiss40_trlocglobal,32,1e-05,0.0001,1,16,1,False,0.2,lr1e-05_bs32_modL1_fusion16_fusionL1_fusionBN0_drop0p2__wd1e-04trmiss40_trlocglobal,65,0.667885402838389,0.6894763708114624,0.5573122529644269,0.6614214366233301,0.4888888888888889,0.0,0.0,0.0,0.0,0.0,0.0,0.0,0.0,0.0,,,,,18473,global,0.4
3,2,lr1e-05_bs32_modL1_fusion16_fusionL1_fusionBN0_drop0p2__wd1e-04trmiss40_trlocglobal,32,1e-05,0.0001,1,16,1,False,0.2,lr1e-05_bs32_modL1_fusion16_fusionL1_fusionBN0_drop0p2__wd1e-04trmiss40_trlocglobal,66,0.6714051564534506,0.6895150542259216,0.5612648221343873,0.6668065337360928,0.4888888888888889,0.0,0.0,0.0,0.0,0.0,0.0,0.0,0.0,0.0,,,,,18473,global,0.4
3,2,lr1e-05_bs32_modL1_fusion16_fusionL1_fusionBN0_drop0p1__wd1e-04trmiss40_trlocglobal,32,1e-05,0.0001,1,16,1,False,0.1,lr1e-05_bs32_modL1_fusion16_fusionL1_fusionBN0_drop0p1__wd1e-04trmiss40_trlocglobal,1,0.6943535109361013,0.6871363520622253,0.567193675889328,0.6094371866755813,0.5555555555555556,0.0,0.0,0.0,0.0,0.0,0.0,0.0,0.0,0.0,,,,,18473,global,0.4
3,2,lr1e-05_bs32_modL1_fusion16_fusionL1_fusionBN0_drop0p1__wd1e-04trmiss40_trlocglobal,32,1e-05,0.0001,1,16,1,False,0.1,lr1e-05_bs32_modL1_fusion16_fusionL1_fusionBN0_drop0p1__wd1e-04trmiss40_trlocglobal,2,0.6892503400643667,0.687528520822525,0.5612648221343873,0.6045820760268988,0.5333333333333333,0.0,0.0,0.0,0.0,0.0,0.0,0.0,0.0,0.0,,,,,18473,global,0.4
3,2,lr1e-05_bs32_modL1_fusion16_fusionL1_fusionBN0_drop0p1__wd1e-04trmiss40_trlocglobal,32,1e-05,0.0001,1,16,1,False,0.1,lr1e-05_bs32_modL1_fusion16_fusionL1_fusionBN0_drop0p1__wd1e-04trmiss40_trlocglobal,3,0.6880713204542795,0.6879424750804901,0.5553359683794467,0.6055520934282997,0.5333333333333333,0.0,0.0,0.0,0.0,0.0,0.0,0.0,0.0,0.0,,,,,18473,global,0.4
3,2,lr1e-05_bs32_modL1_fusion16_fusionL1_fusionBN0_drop0p1__wd1e-04trmiss40_trlocglobal,32,1e-05,0.0001,1,16,1,False,0.1,lr1e-05_bs32_modL1_fusion16_fusionL1_fusionBN0_drop0p1__wd1e-04trmiss40_trlocglobal,4,0.6806756456693014,0.688339114189148,0.541501976284585,0.5966176627428018,0.5333333333333333,0.0,0.0,0.0,0.0,0.0,0.0,0.0,0.0,0.0,,,,,18473,global,0.4
3,2,lr1e-05_bs32_modL1_fusion16_fusionL1_fusionBN0_drop0p1__wd1e-04trmiss40_trlocglobal,32,1e-05,0.0001,1,16,1,False,0.1,lr1e-05_bs32_modL1_fusion16_fusionL1_fusionBN0_drop0p1__wd1e-04trmiss40_trlocglobal,5,0.6854771474997202,0.6893091797828674,0.5355731225296443,0.5936282041011692,0.4888888888888889,0.0,0.0,0.0,0.0,0.0,0.0,0.0,0.0,0.0,,,,,18473,global,0.4
3,2,lr1e-05_bs32_modL1_fusion16_fusionL1_fusionBN0_drop0p1__wd1e-04trmiss40_trlocglobal,32,1e-05,0.0001,1,16,1,False,0.1,lr1e-05_bs32_modL1_fusion16_fusionL1_fusionBN0_drop0p1__wd1e-04trmiss40_trlocglobal,6,0.6828851600488027,0.6894645690917969,0.5316205533596838,0.5832559289107949,0.4888888888888889,0.0,0.0,0.0,0.0,0.0,0.0,0.0,0.0,0.0,,,,,18473,global,0.4
3,2,lr1e-05_bs32_modL1_fusion16_fusionL1_fusionBN0_drop0p1__wd1e-04trmiss40_trlocglobal,32,1e-05,0.0001,1,16,1,False,0.1,lr1e-05_bs32_modL1_fusion16_fusionL1_fusionBN0_drop0p1__wd1e-04trmiss40_trlocglobal,7,0.6802219053109487,0.689741462469101,0.5335968379446641,0.5823233192825331,0.4666666666666667,0.0,0.0,0.0,0.0,0.0,0.0,0.0,0.0,0.0,,,,,18473,global,0.4
3,2,lr1e-05_bs32_modL1_fusion16_fusionL1_fusionBN0_drop0p1__wd1e-04trmiss40_trlocglobal,32,1e-05,0.0001,1,16,1,False,0.1,lr1e-05_bs32_modL1_fusion16_fusionL1_fusionBN0_drop0p1__wd1e-04trmiss40_trlocglobal,8,0.6817653477191925,0.6898340880870819,0.5276679841897234,0.5776936739021138,0.4666666666666667,0.0,0.0,0.0,0.0,0.0,0.0,0.0,0.0,0.0,,,,,18473,global,0.4
3,2,lr1e-05_bs32_modL1_fusion16_fusionL1_fusionBN0_drop0p1__wd1e-04trmiss40_trlocglobal,32,1e-05,0.0001,1,16,1,False,0.1,lr1e-05_bs32_modL1_fusion16_fusionL1_fusionBN0_drop0p1__wd1e-04trmiss40_trlocglobal,9,0.6764107346534729,0.6899372041225433,0.5217391304347826,0.5740229641444474,0.4666666666666667,0.0,0.0,0.0,0.0,0.0,0.0,0.0,0.0,0.0,,,,,18473,global,0.4
3,2,lr1e-05_bs32_modL1_fusion16_fusionL1_fusionBN0_drop0p1__wd1e-04trmiss40_trlocglobal,32,1e-05,0.0001,1,16,1,False,0.1,lr1e-05_bs32_modL1_fusion16_fusionL1_fusionBN0_drop0p1__wd1e-04trmiss40_trlocglobal,10,0.6818700532118479,0.690231055021286,0.5177865612648221,0.5713570762889271,0.4666666666666667,0.0,0.0,0.0,0.0,0.0,0.0,0.0,0.0,0.0,,,,,18473,global,0.4
3,2,lr1e-05_bs32_modL1_fusion16_fusionL1_fusionBN0_drop0p1__wd1e-04trmiss40_trlocglobal,32,1e-05,0.0001,1,16,1,False,0.1,lr1e-05_bs32_modL1_fusion16_fusionL1_fusionBN0_drop0p1__wd1e-04trmiss40_trlocglobal,11,0.6792004009087881,0.6903561055660248,0.5197628458498023,0.5727502396643834,0.4666666666666667,0.0,0.0,0.0,0.0,0.0,0.0,0.0,0.0,0.0,,,,,18473,global,0.4
3,2,lr1e-05_bs32_modL1_fusion16_fusionL1_fusionBN0_drop0p1__wd1e-04trmiss40_trlocglobal,32,1e-05,0.0001,1,16,1,False,0.1,lr1e-05_bs32_modL1_fusion16_fusionL1_fusionBN0_drop0p1__wd1e-04trmiss40_trlocglobal,12,0.6740886569023132,0.6902111768722534,0.5197628458498024,0.5777071185343058,0.4666666666666667,0.0,0.0,0.0,0.0,0.0,0.0,0.0,0.0,0.0,,,,,18473,global,0.4
3,2,lr1e-05_bs32_modL1_fusion16_fusionL1_fusionBN0_drop0p1__wd1e-04trmiss40_trlocglobal,32,1e-05,0.0001,1,16,1,False,0.1,lr1e-05_bs32_modL1_fusion16_fusionL1_fusionBN0_drop0p1__wd1e-04trmiss40_trlocglobal,13,0.6747277975082397,0.6899653077125549,0.5197628458498024,0.5784748894107723,0.4666666666666667,0.0,0.0,0.0,0.0,0.0,0.0,0.0,0.0,0.0,,,,,18473,global,0.4
3,2,lr1e-05_bs32_modL1_fusion16_fusionL1_fusionBN0_drop0p1__wd1e-04trmiss40_trlocglobal,32,1e-05,0.0001,1,16,1,False,0.1,lr1e-05_bs32_modL1_fusion16_fusionL1_fusionBN0_drop0p1__wd1e-04trmiss40_trlocglobal,14,0.6733144720395406,0.6901527941226959,0.5237154150197629,0.5818789700745783,0.4666666666666667,0.0,0.0,0.0,0.0,0.0,0.0,0.0,0.0,0.0,,,,,18473,global,0.4
3,2,lr1e-05_bs32_modL1_fusion16_fusionL1_fusionBN0_drop0p1__wd1e-04trmiss40_trlocglobal,32,1e-05,0.0001,1,16,1,False,0.1,lr1e-05_bs32_modL1_fusion16_fusionL1_fusionBN0_drop0p1__wd1e-04trmiss40_trlocglobal,15,0.6703607638676962,0.6905620992183685,0.5138339920948616,0.5725806548806136,0.4666666666666667,0.0,0.0,0.0,0.0,0.0,0.0,0.0,0.0,0.0,,,,,18473,global,0.4
3,2,lr1e-05_bs32_modL1_fusion16_fusionL1_fusionBN0_drop0p1__wd1e-04trmiss40_trlocglobal,32,1e-05,0.0001,1,16,1,False,0.1,lr1e-05_bs32_modL1_fusion16_fusionL1_fusionBN0_drop0p1__wd1e-04trmiss40_trlocglobal,16,0.6705954968929291,0.6907077133655548,0.5059288537549407,0.5661285994354232,0.4666666666666667,0.0,0.0,0.0,0.0,0.0,0.0,0.0,0.0,0.0,,,,,18473,global,0.4
3,2,lr1e-05_bs32_modL1_fusion16_fusionL1_fusionBN0_drop0p1__wd1e-04trmiss40_trlocglobal,32,1e-05,0.0001,1,16,1,False,0.1,lr1e-05_bs32_modL1_fusion16_fusionL1_fusionBN0_drop0p1__wd1e-04trmiss40_trlocglobal,17,0.6644880672295889,0.690740555524826,0.5039525691699605,0.5680678383545646,0.4666666666666667,0.0,0.0,0.0,0.0,0.0,0.0,0.0,0.0,0.0,,,,,18473,global,0.4
3,2,lr1e-05_bs32_modL1_fusion16_fusionL1_fusionBN0_drop0p1__wd1e-04trmiss40_trlocglobal,32,1e-05,0.0001,1,16,1,False,0.1,lr1e-05_bs32_modL1_fusion16_fusionL1_fusionBN0_drop0p1__wd1e-04trmiss40_trlocglobal,18,0.6646429300308228,0.6906459927558899,0.5039525691699605,0.5669416234754093,0.4666666666666667,0.0,0.0,0.0,0.0,0.0,0.0,0.0,0.0,0.0,,,,,18473,global,0.4
3,2,lr1e-05_bs32_modL1_fusion16_fusionL1_fusionBN0_drop0p1__wd1e-04trmiss40_trlocglobal,32,1e-05,0.0001,1,16,1,False,0.1,lr1e-05_bs32_modL1_fusion16_fusionL1_fusionBN0_drop0p1__wd1e-04trmiss40_trlocglobal,19,0.6651690602302551,0.6909332573413849,0.5,0.5507343101960439,0.4666666666666667,0.0,0.0,0.0,0.0,0.0,0.0,0.0,0.0,0.0,,,,,18473,global,0.4
3,2,lr1e-05_bs32_modL1_fusion16_fusionL1_fusionBN0_drop0p1__wd1e-04trmiss40_trlocglobal,32,1e-05,0.0001,1,16,1,False,0.1,lr1e-05_bs32_modL1_fusion16_fusionL1_fusionBN0_drop0p1__wd1e-04trmiss40_trlocglobal,20,0.6613895297050476,0.6909914016723633,0.5019762845849802,0.553947511613404,0.4666666666666667,0.0,0.0,0.0,0.0,0.0,0.0,0.0,0.0,0.0,,,,,18473,global,0.4
3,2,lr1e-05_bs32_modL1_fusion16_fusionL1_fusionBN0_drop0p1__wd1e-04trmiss40_trlocglobal,32,1e-05,0.0001,1,16,1,False,0.1,lr1e-05_bs32_modL1_fusion16_fusionL1_fusionBN0_drop0p1__wd1e-04trmiss40_trlocglobal,21,0.6644364396731058,0.6909989714622498,0.5,0.5599450104937007,0.4666666666666667,0.0,0.0,0.0,0.0,0.0,0.0,0.0,0.0,0.0,,,,,18473,global,0.4
3,2,lr1e-05_bs32_modL1_fusion16_fusionL1_fusionBN0_drop0p1__wd1e-04trmiss40_trlocglobal,32,1e-05,0.0001,1,16,1,False,0.1,lr1e-05_bs32_modL1_fusion16_fusionL1_fusionBN0_drop0p1__wd1e-04trmiss40_trlocglobal,22,0.6646640300750732,0.6908257901668549,0.5019762845849802,0.5615284631792767,0.4666666666666667,0.0,0.0,0.0,0.0,0.0,0.0,0.0,0.0,0.0,,,,,18473,global,0.4
3,2,lr1e-05_bs32_modL1_fusion16_fusionL1_fusionBN0_drop0p1__wd1e-04trmiss40_trlocglobal,32,1e-05,0.0001,1,16,1,False,0.1,lr1e-05_bs32_modL1_fusion16_fusionL1_fusionBN0_drop0p1__wd1e-04trmiss40_trlocglobal,23,0.6651433606942495,0.6906141042709351,0.4901185770750988,0.5562143326600452,0.4666666666666667,0.0,0.0,0.0,0.0,0.0,0.0,0.0,0.0,0.0,,,,,18473,global,0.4
3,2,lr1e-05_bs32_modL1_fusion16_fusionL1_fusionBN0_drop0p1__wd1e-04trmiss40_trlocglobal,32,1e-05,0.0001,1,16,1,False,0.1,lr1e-05_bs32_modL1_fusion16_fusionL1_fusionBN0_drop0p1__wd1e-04trmiss40_trlocglobal,24,0.6560830473899841,0.690423309803009,0.4980237154150198,0.5555252109751604,0.4666666666666667,0.0,0.0,0.0,0.0,0.0,0.0,0.0,0.0,0.0,,,,,18473,global,0.4
3,2,lr1e-05_bs32_modL1_fusion16_fusionL1_fusionBN0_drop0p1__wd1e-04trmiss40_trlocglobal,32,1e-05,0.0001,1,16,1,False,0.1,lr1e-05_bs32_modL1_fusion16_fusionL1_fusionBN0_drop0p1__wd1e-04trmiss40_trlocglobal,25,0.6577661236127218,0.690532386302948,0.4960474308300395,0.5620490241673785,0.4666666666666667,0.0,0.0,0.0,0.0,0.0,0.0,0.0,0.0,0.0,,,,,18473,global,0.4
3,2,lr1e-05_bs32_modL1_fusion32_fusionL1_fusionBN0_drop0p2__wd1e-04trmiss40_trlocglobal,32,1e-05,0.0001,1,32,1,False,0.2,lr1e-05_bs32_modL1_fusion32_fusionL1_fusionBN0_drop0p2__wd1e-04trmiss40_trlocglobal,1,0.7140308121840159,0.6800598204135895,0.5790513833992095,0.5878161246013797,0.4888888888888889,0.0,0.0,0.0,0.0,0.0,0.0,0.0,0.0,0.0,,,,,18473,global,0.4
3,2,lr1e-05_bs32_modL1_fusion32_fusionL1_fusionBN0_drop0p2__wd1e-04trmiss40_trlocglobal,32,1e-05,0.0001,1,32,1,False,0.2,lr1e-05_bs32_modL1_fusion32_fusionL1_fusionBN0_drop0p2__wd1e-04trmiss40_trlocglobal,2,0.6970199843247732,0.6793559789657593,0.5849802371541502,0.5920532742169989,0.4888888888888889,0.0,0.0,0.0,0.0,0.0,0.0,0.0,0.0,0.0,,,,,18473,global,0.4
3,2,lr1e-05_bs32_modL1_fusion32_fusionL1_fusionBN0_drop0p2__wd1e-04trmiss40_trlocglobal,32,1e-05,0.0001,1,32,1,False,0.2,lr1e-05_bs32_modL1_fusion32_fusionL1_fusionBN0_drop0p2__wd1e-04trmiss40_trlocglobal,3,0.7032499512036642,0.6783280074596405,0.5810276679841897,0.5866138744958561,0.4888888888888889,0.0,0.0,0.0,0.0,0.0,0.0,0.0,0.0,0.0,,,,,18473,global,0.4
3,2,lr1e-05_bs32_modL1_fusion32_fusionL1_fusionBN0_drop0p2__wd1e-04trmiss40_trlocglobal,32,1e-05,0.0001,1,32,1,False,0.2,lr1e-05_bs32_modL1_fusion32_fusionL1_fusionBN0_drop0p2__wd1e-04trmiss40_trlocglobal,4,0.7074596583843231,0.6776982545852661,0.5790513833992095,0.5788550357695206,0.4888888888888889,0.0,0.0,0.0,0.0,0.0,0.0,0.0,0.0,0.0,,,,,18473,global,0.4
3,2,lr1e-05_bs32_modL1_fusion32_fusionL1_fusionBN0_drop0p2__wd1e-04trmiss40_trlocglobal,32,1e-05,0.0001,1,32,1,False,0.2,lr1e-05_bs32_modL1_fusion32_fusionL1_fusionBN0_drop0p2__wd1e-04trmiss40_trlocglobal,5,0.7024282316366831,0.6777027249336243,0.5790513833992095,0.5795954767322246,0.4888888888888889,0.0,0.0,0.0,0.0,0.0,0.0,0.0,0.0,0.0,,,,,18473,global,0.4
3,2,lr1e-05_bs32_modL1_fusion32_fusionL1_fusionBN0_drop0p2__wd1e-04trmiss40_trlocglobal,32,1e-05,0.0001,1,32,1,False,0.2,lr1e-05_bs32_modL1_fusion32_fusionL1_fusionBN0_drop0p2__wd1e-04trmiss40_trlocglobal,6,0.7124295035998026,0.6771332025527954,0.5711462450592886,0.5711719148135662,0.4888888888888889,0.0,0.0,0.0,0.0,0.0,0.0,0.0,0.0,0.0,,,,,18473,global,0.4
3,2,lr1e-05_bs32_modL1_fusion32_fusionL1_fusionBN0_drop0p2__wd1e-04trmiss40_trlocglobal,32,1e-05,0.0001,1,32,1,False,0.2,lr1e-05_bs32_modL1_fusion32_fusionL1_fusionBN0_drop0p2__wd1e-04trmiss40_trlocglobal,7,0.6942956546942393,0.6771121323108673,0.575098814229249,0.5739842873996517,0.5111111111111111,0.0,0.0,0.0,0.0,0.0,0.0,0.0,0.0,0.0,,,,,18473,global,0.4
3,2,lr1e-05_bs32_modL1_fusion32_fusionL1_fusionBN0_drop0p2__wd1e-04trmiss40_trlocglobal,32,1e-05,0.0001,1,32,1,False,0.2,lr1e-05_bs32_modL1_fusion32_fusionL1_fusionBN0_drop0p2__wd1e-04trmiss40_trlocglobal,8,0.6935215095678965,0.6767891943454742,0.5731225296442688,0.5730740282435155,0.5111111111111111,0.0,0.0,0.0,0.0,0.0,0.0,0.0,0.0,0.0,,,,,18473,global,0.4
3,2,lr1e-05_bs32_modL1_fusion32_fusionL1_fusionBN0_drop0p2__wd1e-04trmiss40_trlocglobal,32,1e-05,0.0001,1,32,1,False,0.2,lr1e-05_bs32_modL1_fusion32_fusionL1_fusionBN0_drop0p2__wd1e-04trmiss40_trlocglobal,9,0.7044441203276316,0.6764757931232452,0.5770750988142292,0.5772041585565103,0.5111111111111111,0.0,0.0,0.0,0.0,0.0,0.0,0.0,0.0,0.0,,,,,18473,global,0.4
3,2,lr1e-05_bs32_modL1_fusion32_fusionL1_fusionBN0_drop0p2__wd1e-04trmiss40_trlocglobal,32,1e-05,0.0001,1,32,1,False,0.2,lr1e-05_bs32_modL1_fusion32_fusionL1_fusionBN0_drop0p2__wd1e-04trmiss40_trlocglobal,10,0.6933820048967997,0.6757932305335999,0.5810276679841897,0.5736599341431737,0.5111111111111111,0.0,0.0,0.0,0.0,0.0,0.0,0.0,0.0,0.0,,,,,18473,global,0.4
3,2,lr1e-05_bs32_modL1_fusion32_fusionL1_fusionBN0_drop0p2__wd1e-04trmiss40_trlocglobal,32,1e-05,0.0001,1,32,1,False,0.2,lr1e-05_bs32_modL1_fusion32_fusionL1_fusionBN0_drop0p2__wd1e-04trmiss40_trlocglobal,11,0.695540169874827,0.6755469143390656,0.5770750988142292,0.5738370065283176,0.5111111111111111,0.0,0.0,0.0,0.0,0.0,0.0,0.0,0.0,0.0,,,,,18473,global,0.4
3,2,lr1e-05_bs32_modL1_fusion32_fusionL1_fusionBN0_drop0p2__wd1e-04trmiss40_trlocglobal,32,1e-05,0.0001,1,32,1,False,0.2,lr1e-05_bs32_modL1_fusion32_fusionL1_fusionBN0_drop0p2__wd1e-04trmiss40_trlocglobal,12,0.6958613296349844,0.6750602424144745,0.5810276679841897,0.575679279498271,0.5111111111111111,0.0,0.0,0.0,0.0,0.0,0.0,0.0,0.0,0.0,,,,,18473,global,0.4
3,2,lr1e-05_bs32_modL1_fusion32_fusionL1_fusionBN0_drop0p2__wd1e-04trmiss40_trlocglobal,32,1e-05,0.0001,1,32,1,False,0.2,lr1e-05_bs32_modL1_fusion32_fusionL1_fusionBN0_drop0p2__wd1e-04trmiss40_trlocglobal,13,0.6756759484608968,0.6754323244094849,0.5790513833992095,0.5765751747738057,0.5111111111111111,0.0,0.0,0.0,0.0,0.0,0.0,0.0,0.0,0.0,,,,,18473,global,0.4
3,2,lr1e-05_bs32_modL1_fusion32_fusionL1_fusionBN0_drop0p2__wd1e-04trmiss40_trlocglobal,32,1e-05,0.0001,1,32,1,False,0.2,lr1e-05_bs32_modL1_fusion32_fusionL1_fusionBN0_drop0p2__wd1e-04trmiss40_trlocglobal,14,0.6861148774623871,0.6751533448696136,0.5810276679841897,0.5778174107986503,0.5111111111111111,0.0,0.0,0.0,0.0,0.0,0.0,0.0,0.0,0.0,,,,,18473,global,0.4
3,2,lr1e-05_bs32_modL1_fusion32_fusionL1_fusionBN0_drop0p2__wd1e-04trmiss40_trlocglobal,32,1e-05,0.0001,1,32,1,False,0.2,lr1e-05_bs32_modL1_fusion32_fusionL1_fusionBN0_drop0p2__wd1e-04trmiss40_trlocglobal,15,0.6790997584660848,0.6749058961868286,0.5810276679841897,0.5775991193232701,0.5111111111111111,0.0,0.0,0.0,0.0,0.0,0.0,0.0,0.0,0.0,,,,,18473,global,0.4
3,2,lr1e-05_bs32_modL1_fusion32_fusionL1_fusionBN0_drop0p2__wd1e-04trmiss40_trlocglobal,32,1e-05,0.0001,1,32,1,False,0.2,lr1e-05_bs32_modL1_fusion32_fusionL1_fusionBN0_drop0p2__wd1e-04trmiss40_trlocglobal,16,0.6734470129013062,0.6753444671630859,0.5830039525691699,0.578985999514498,0.5111111111111111,0.0,0.0,0.0,0.0,0.0,0.0,0.0,0.0,0.0,,,,,18473,global,0.4
3,2,lr1e-05_bs32_modL1_fusion32_fusionL1_fusionBN0_drop0p2__wd1e-04trmiss40_trlocglobal,32,1e-05,0.0001,1,32,1,False,0.2,lr1e-05_bs32_modL1_fusion32_fusionL1_fusionBN0_drop0p2__wd1e-04trmiss40_trlocglobal,17,0.6769914130369822,0.6753507256507874,0.575098814229249,0.5727843915077454,0.5111111111111111,0.0,0.0,0.0,0.0,0.0,0.0,0.0,0.0,0.0,,,,,18473,global,0.4
3,2,lr1e-05_bs32_modL1_fusion32_fusionL1_fusionBN0_drop0p2__wd1e-04trmiss40_trlocglobal,32,1e-05,0.0001,1,32,1,False,0.2,lr1e-05_bs32_modL1_fusion32_fusionL1_fusionBN0_drop0p2__wd1e-04trmiss40_trlocglobal,18,0.6791200637817383,0.6749995946884155,0.5691699604743082,0.5686873529859985,0.5111111111111111,0.0,0.0,0.0,0.0,0.0,0.0,0.0,0.0,0.0,,,,,18473,global,0.4
3,2,lr1e-05_bs32_modL1_fusion32_fusionL1_fusionBN0_drop0p2__wd1e-04trmiss40_trlocglobal,32,1e-05,0.0001,1,32,1,False,0.2,lr1e-05_bs32_modL1_fusion32_fusionL1_fusionBN0_drop0p2__wd1e-04trmiss40_trlocglobal,19,0.6798469722270966,0.6747347116470337,0.567193675889328,0.5688689313325385,0.5111111111111111,0.0,0.0,0.0,0.0,0.0,0.0,0.0,0.0,0.0,,,,,18473,global,0.4
3,2,lr1e-05_bs32_modL1_fusion32_fusionL1_fusionBN0_drop0p2__wd1e-04trmiss40_trlocglobal,32,1e-05,0.0001,1,32,1,False,0.2,lr1e-05_bs32_modL1_fusion32_fusionL1_fusionBN0_drop0p2__wd1e-04trmiss40_trlocglobal,20,0.684263159831365,0.6742624044418335,0.5790513833992095,0.5758959831906577,0.5111111111111111,0.0,0.0,0.0,0.0,0.0,0.0,0.0,0.0,0.0,,,,,18473,global,0.4
3,2,lr1e-05_bs32_modL1_fusion32_fusionL1_fusionBN0_drop0p2__wd1e-04trmiss40_trlocglobal,32,1e-05,0.0001,1,32,1,False,0.2,lr1e-05_bs32_modL1_fusion32_fusionL1_fusionBN0_drop0p2__wd1e-04trmiss40_trlocglobal,21,0.6690516074498495,0.6738851070404053,0.5790513833992095,0.5769504010366797,0.5111111111111111,0.0,0.0,0.0,0.0,0.0,0.0,0.0,0.0,0.0,,,,,18473,global,0.4
3,2,lr1e-05_bs32_modL1_fusion32_fusionL1_fusionBN0_drop0p2__wd1e-04trmiss40_trlocglobal,32,1e-05,0.0001,1,32,1,False,0.2,lr1e-05_bs32_modL1_fusion32_fusionL1_fusionBN0_drop0p2__wd1e-04trmiss40_trlocglobal,22,0.6666903297106425,0.6738950312137604,0.575098814229249,0.5773553863714885,0.5111111111111111,0.0,0.0,0.0,0.0,0.0,0.0,0.0,0.0,0.0,,,,,18473,global,0.4
3,2,lr1e-05_bs32_modL1_fusion32_fusionL1_fusionBN0_drop0p2__wd1e-04trmiss40_trlocglobal,32,1e-05,0.0001,1,32,1,False,0.2,lr1e-05_bs32_modL1_fusion32_fusionL1_fusionBN0_drop0p2__wd1e-04trmiss40_trlocglobal,23,0.6751998563607534,0.6738510131835938,0.5770750988142292,0.578251298207142,0.5111111111111111,0.0,0.0,0.0,0.0,0.0,0.0,0.0,0.0,0.0,,,,,18473,global,0.4
3,2,lr1e-05_bs32_modL1_fusion32_fusionL1_fusionBN0_drop0p2__wd1e-04trmiss40_trlocglobal,32,1e-05,0.0001,1,32,1,False,0.2,lr1e-05_bs32_modL1_fusion32_fusionL1_fusionBN0_drop0p2__wd1e-04trmiss40_trlocglobal,24,0.6735720336437225,0.6738390326499939,0.5790513833992095,0.5810442213964847,0.5111111111111111,0.0,0.0,0.0,0.0,0.0,0.0,0.0,0.0,0.0,,,,,18473,global,0.4
3,2,lr1e-05_bs32_modL1_fusion32_fusionL1_fusionBN0_drop0p2__wd1e-04trmiss40_trlocglobal,32,1e-05,0.0001,1,32,1,False,0.2,lr1e-05_bs32_modL1_fusion32_fusionL1_fusionBN0_drop0p2__wd1e-04trmiss40_trlocglobal,25,0.6751490434010824,0.6738503575325012,0.575098814229249,0.5740903199413045,0.5111111111111111,0.0,0.0,0.0,0.0,0.0,0.0,0.0,0.0,0.0,,,,,18473,global,0.4
3,2,lr1e-05_bs32_modL1_fusion32_fusionL1_fusionBN0_drop0p2__wd1e-04trmiss40_trlocglobal,32,1e-05,0.0001,1,32,1,False,0.2,lr1e-05_bs32_modL1_fusion32_fusionL1_fusionBN0_drop0p2__wd1e-04trmiss40_trlocglobal,26,0.6684678097565969,0.6740416884422302,0.5731225296442688,0.5754833595634004,0.5111111111111111,0.0,0.0,0.0,0.0,0.0,0.0,0.0,0.0,0.0,,,,,18473,global,0.4
3,2,lr1e-05_bs32_modL1_fusion32_fusionL1_fusionBN0_drop0p2__wd1e-04trmiss40_trlocglobal,32,1e-05,0.0001,1,32,1,False,0.2,lr1e-05_bs32_modL1_fusion32_fusionL1_fusionBN0_drop0p2__wd1e-04trmiss40_trlocglobal,27,0.6750358541806539,0.6736913919448853,0.5790513833992095,0.5810833269343115,0.5111111111111111,0.0,0.0,0.0,0.0,0.0,0.0,0.0,0.0,0.0,,,,,18473,global,0.4
3,2,lr1e-05_bs32_modL1_fusion32_fusionL1_fusionBN0_drop0p2__wd1e-04trmiss40_trlocglobal,32,1e-05,0.0001,1,32,1,False,0.2,lr1e-05_bs32_modL1_fusion32_fusionL1_fusionBN0_drop0p2__wd1e-04trmiss40_trlocglobal,28,0.6706258555253347,0.6737281382083893,0.5790513833992095,0.5811855500481995,0.5111111111111111,0.0,0.0,0.0,0.0,0.0,0.0,0.0,0.0,0.0,,,,,18473,global,0.4
3,2,lr1e-05_bs32_modL1_fusion32_fusionL1_fusionBN0_drop0p2__wd1e-04trmiss40_trlocglobal,32,1e-05,0.0001,1,32,1,False,0.2,lr1e-05_bs32_modL1_fusion32_fusionL1_fusionBN0_drop0p2__wd1e-04trmiss40_trlocglobal,29,0.6660302579402924,0.6737288236618042,0.5790513833992095,0.5793972535091076,0.5111111111111111,0.0,0.0,0.0,0.0,0.0,0.0,0.0,0.0,0.0,,,,,18473,global,0.4
3,2,lr1e-05_bs32_modL1_fusion32_fusionL1_fusionBN0_drop0p2__wd1e-04trmiss40_trlocglobal,32,1e-05,0.0001,1,32,1,False,0.2,lr1e-05_bs32_modL1_fusion32_fusionL1_fusionBN0_drop0p2__wd1e-04trmiss40_trlocglobal,30,0.662824938694636,0.6736710071563721,0.5770750988142292,0.5796226060300126,0.5111111111111111,0.0,0.0,0.0,0.0,0.0,0.0,0.0,0.0,0.0,,,,,18473,global,0.4
3,2,lr1e-05_bs32_modL1_fusion32_fusionL1_fusionBN0_drop0p2__wd1e-04trmiss40_trlocglobal,32,1e-05,0.0001,1,32,1,False,0.2,lr1e-05_bs32_modL1_fusion32_fusionL1_fusionBN0_drop0p2__wd1e-04trmiss40_trlocglobal,31,0.6567801038424174,0.6735855340957642,0.575098814229249,0.5787001103567216,0.5111111111111111,0.0,0.0,0.0,0.0,0.0,0.0,0.0,0.0,0.0,,,,,18473,global,0.4
3,2,lr1e-05_bs32_modL1_fusion32_fusionL1_fusionBN0_drop0p2__wd1e-04trmiss40_trlocglobal,32,1e-05,0.0001,1,32,1,False,0.2,lr1e-05_bs32_modL1_fusion32_fusionL1_fusionBN0_drop0p2__wd1e-04trmiss40_trlocglobal,32,0.6582564314206442,0.6735435724258423,0.575098814229249,0.5775762805188919,0.5111111111111111,0.0,0.0,0.0,0.0,0.0,0.0,0.0,0.0,0.0,,,,,18473,global,0.4
3,2,lr1e-05_bs32_modL1_fusion32_fusionL1_fusionBN0_drop0p2__wd1e-04trmiss40_trlocglobal,32,1e-05,0.0001,1,32,1,False,0.2,lr1e-05_bs32_modL1_fusion32_fusionL1_fusionBN0_drop0p2__wd1e-04trmiss40_trlocglobal,33,0.655351459980011,0.6734479367733002,0.5711462450592886,0.5747569987253202,0.5111111111111111,0.0,0.0,0.0,0.0,0.0,0.0,0.0,0.0,0.0,,,,,18473,global,0.4
3,2,lr1e-05_bs32_modL1_fusion32_fusionL1_fusionBN0_drop0p2__wd1e-04trmiss40_trlocglobal,32,1e-05,0.0001,1,32,1,False,0.2,lr1e-05_bs32_modL1_fusion32_fusionL1_fusionBN0_drop0p2__wd1e-04trmiss40_trlocglobal,34,0.663430800040563,0.6737040877342224,0.5731225296442688,0.5772249410371176,0.5111111111111111,0.0,0.0,0.0,0.0,0.0,0.0,0.0,0.0,0.0,,,,,18473,global,0.4
3,2,lr1e-05_bs32_modL1_fusion32_fusionL1_fusionBN0_drop0p2__wd1e-04trmiss40_trlocglobal,32,1e-05,0.0001,1,32,1,False,0.2,lr1e-05_bs32_modL1_fusion32_fusionL1_fusionBN0_drop0p2__wd1e-04trmiss40_trlocglobal,35,0.6547455688317617,0.6737231910228729,0.5691699604743083,0.5745327886612932,0.5111111111111111,0.0,0.0,0.0,0.0,0.0,0.0,0.0,0.0,0.0,,,,,18473,global,0.4
3,2,lr1e-05_bs32_modL1_fusion32_fusionL1_fusionBN0_drop0p2__wd1e-04trmiss40_trlocglobal,32,1e-05,0.0001,1,32,1,False,0.2,lr1e-05_bs32_modL1_fusion32_fusionL1_fusionBN0_drop0p2__wd1e-04trmiss40_trlocglobal,36,0.6613529523213705,0.6734264194965363,0.5731225296442688,0.5777044720503679,0.5111111111111111,0.0,0.0,0.0,0.0,0.0,0.0,0.0,0.0,0.0,,,,,18473,global,0.4
3,2,lr1e-05_bs32_modL1_fusion32_fusionL1_fusionBN0_drop0p1__wd1e-04trmiss40_trlocglobal,32,1e-05,0.0001,1,32,1,False,0.1,lr1e-05_bs32_modL1_fusion32_fusionL1_fusionBN0_drop0p1__wd1e-04trmiss40_trlocglobal,1,0.6939434508482615,0.6928555071353912,0.48616600790513836,0.5812764930505194,0.4666666666666667,0.0,0.0,0.0,0.0,0.0,0.0,0.0,0.0,0.0,,,,,18473,global,0.4
3,2,lr1e-05_bs32_modL1_fusion32_fusionL1_fusionBN0_drop0p1__wd1e-04trmiss40_trlocglobal,32,1e-05,0.0001,1,32,1,False,0.1,lr1e-05_bs32_modL1_fusion32_fusionL1_fusionBN0_drop0p1__wd1e-04trmiss40_trlocglobal,2,0.6908154686292013,0.6929346323013306,0.4920948616600791,0.5832748208097168,0.5111111111111111,0.0,0.0,0.0,0.0,0.0,0.0,0.0,0.0,0.0,,,,,18473,global,0.4
3,2,lr1e-05_bs32_modL1_fusion32_fusionL1_fusionBN0_drop0p1__wd1e-04trmiss40_trlocglobal,32,1e-05,0.0001,1,32,1,False,0.1,lr1e-05_bs32_modL1_fusion32_fusionL1_fusionBN0_drop0p1__wd1e-04trmiss40_trlocglobal,3,0.6867672900358835,0.6930661797523499,0.4881422924901186,0.5760331073314569,0.4888888888888889,0.0,0.0,0.0,0.0,0.0,0.0,0.0,0.0,0.0,,,,,18473,global,0.4
3,2,lr1e-05_bs32_modL1_fusion32_fusionL1_fusionBN0_drop0p1__wd1e-04trmiss40_trlocglobal,32,1e-05,0.0001,1,32,1,False,0.1,lr1e-05_bs32_modL1_fusion32_fusionL1_fusionBN0_drop0p1__wd1e-04trmiss40_trlocglobal,4,0.6832259297370911,0.6929985582828522,0.49604743083003955,0.5858737892525068,0.5111111111111111,0.0,0.0,0.0,0.0,0.0,0.0,0.0,0.0,0.0,,,,,18473,global,0.4
3,2,lr1e-05_bs32_modL1_fusion32_fusionL1_fusionBN0_drop0p1__wd1e-04trmiss40_trlocglobal,32,1e-05,0.0001,1,32,1,False,0.1,lr1e-05_bs32_modL1_fusion32_fusionL1_fusionBN0_drop0p1__wd1e-04trmiss40_trlocglobal,5,0.6848950386047363,0.6933146417140961,0.4980237154150198,0.5797893231322993,0.5111111111111111,0.0,0.0,0.0,0.0,0.0,0.0,0.0,0.0,0.0,,,,,18473,global,0.4
3,2,lr1e-05_bs32_modL1_fusion32_fusionL1_fusionBN0_drop0p1__wd1e-04trmiss40_trlocglobal,32,1e-05,0.0001,1,32,1,False,0.1,lr1e-05_bs32_modL1_fusion32_fusionL1_fusionBN0_drop0p1__wd1e-04trmiss40_trlocglobal,6,0.6813531716664633,0.6929900944232941,0.49407114624505927,0.5643569470062052,0.4888888888888889,0.0,0.0,0.0,0.0,0.0,0.0,0.0,0.0,0.0,,,,,18473,global,0.4
3,2,lr1e-05_bs32_modL1_fusion32_fusionL1_fusionBN0_drop0p1__wd1e-04trmiss40_trlocglobal,32,1e-05,0.0001,1,32,1,False,0.1,lr1e-05_bs32_modL1_fusion32_fusionL1_fusionBN0_drop0p1__wd1e-04trmiss40_trlocglobal,7,0.6814480423927307,0.6934608221054077,0.492094861660079,0.5692423929658313,0.4666666666666667,0.0,0.0,0.0,0.0,0.0,0.0,0.0,0.0,0.0,,,,,18473,global,0.4
3,2,lr1e-05_bs32_modL1_fusion32_fusionL1_fusionBN0_drop0p1__wd1e-04trmiss40_trlocglobal,32,1e-05,0.0001,1,32,1,False,0.1,lr1e-05_bs32_modL1_fusion32_fusionL1_fusionBN0_drop0p1__wd1e-04trmiss40_trlocglobal,8,0.6749800244967142,0.6936689615249634,0.4881422924901186,0.5638006528268336,0.4888888888888889,0.0,0.0,0.0,0.0,0.0,0.0,0.0,0.0,0.0,,,,,18473,global,0.4
3,2,lr1e-05_bs32_modL1_fusion32_fusionL1_fusionBN0_drop0p1__wd1e-04trmiss40_trlocglobal,32,1e-05,0.0001,1,32,1,False,0.1,lr1e-05_bs32_modL1_fusion32_fusionL1_fusionBN0_drop0p1__wd1e-04trmiss40_trlocglobal,9,0.6748501658439636,0.6939869523048401,0.4881422924901186,0.5589093484790074,0.4666666666666667,0.0,0.0,0.0,0.0,0.0,0.0,0.0,0.0,0.0,,,,,18473,global,0.4
3,2,lr1e-05_bs32_modL1_fusion32_fusionL1_fusionBN0_drop0p1__wd1e-04trmiss40_trlocglobal,32,1e-05,0.0001,1,32,1,False,0.1,lr1e-05_bs32_modL1_fusion32_fusionL1_fusionBN0_drop0p1__wd1e-04trmiss40_trlocglobal,10,0.6735752721627554,0.6941435933113098,0.49209486166007904,0.5702851439799783,0.4888888888888889,0.0,0.0,0.0,0.0,0.0,0.0,0.0,0.0,0.0,,,,,18473,global,0.4
3,2,lr1e-05_bs32_modL1_fusion32_fusionL1_fusionBN0_drop0p1__wd1e-04trmiss40_trlocglobal,32,1e-05,0.0001,1,32,1,False,0.1,lr1e-05_bs32_modL1_fusion32_fusionL1_fusionBN0_drop0p1__wd1e-04trmiss40_trlocglobal,11,0.6684050957361857,0.694862574338913,0.4940711462450593,0.5717034469252799,0.4666666666666667,0.0,0.0,0.0,0.0,0.0,0.0,0.0,0.0,0.0,,,,,18473,global,0.4
3,2,lr1e-05_bs32_modL1_fusion32_fusionL1_fusionBN0_drop0p1__wd1e-04trmiss40_trlocglobal,32,1e-05,0.0001,1,32,1,False,0.1,lr1e-05_bs32_modL1_fusion32_fusionL1_fusionBN0_drop0p1__wd1e-04trmiss40_trlocglobal,12,0.6711689035097758,0.6950581073760986,0.48023715415019763,0.5439669935313931,0.4666666666666667,0.0,0.0,0.0,0.0,0.0,0.0,0.0,0.0,0.0,,,,,18473,global,0.4
3,2,lr1e-05_bs32_modL1_fusion32_fusionL1_fusionBN0_drop0p1__wd1e-04trmiss40_trlocglobal,32,1e-05,0.0001,1,32,1,False,0.1,lr1e-05_bs32_modL1_fusion32_fusionL1_fusionBN0_drop0p1__wd1e-04trmiss40_trlocglobal,13,0.6653314034144083,0.6951692998409271,0.48616600790513836,0.5482544331449196,0.4444444444444444,0.0,0.0,0.0,0.0,0.0,0.0,0.0,0.0,0.0,,,,,18473,global,0.4
3,2,lr1e-05_bs32_modL1_fusion32_fusionL1_fusionBN0_drop0p1__wd1e-04trmiss40_trlocglobal,32,1e-05,0.0001,1,32,1,False,0.1,lr1e-05_bs32_modL1_fusion32_fusionL1_fusionBN0_drop0p1__wd1e-04trmiss40_trlocglobal,14,0.6724751591682434,0.6951761543750763,0.48418972332015814,0.5567689258985428,0.4666666666666667,0.0,0.0,0.0,0.0,0.0,0.0,0.0,0.0,0.0,,,,,18473,global,0.4
3,2,lr1e-05_bs32_modL1_fusion32_fusionL1_fusionBN0_drop0p1__wd1e-04trmiss40_trlocglobal,32,1e-05,0.0001,1,32,1,False,0.1,lr1e-05_bs32_modL1_fusion32_fusionL1_fusionBN0_drop0p1__wd1e-04trmiss40_trlocglobal,15,0.66599773367246,0.6954351365566254,0.4861660079051383,0.5433631551718002,0.4666666666666667,0.0,0.0,0.0,0.0,0.0,0.0,0.0,0.0,0.0,,,,,18473,global,0.4
3,2,lr1e-05_bs32_modL1_fusion32_fusionL1_fusionBN0_drop0p1__wd1e-04trmiss40_trlocglobal,32,1e-05,0.0001,1,32,1,False,0.1,lr1e-05_bs32_modL1_fusion32_fusionL1_fusionBN0_drop0p1__wd1e-04trmiss40_trlocglobal,16,0.6574004292488098,0.6957203447818756,0.4940711462450593,0.5517344805236474,0.4666666666666667,0.0,0.0,0.0,0.0,0.0,0.0,0.0,0.0,0.0,,,,,18473,global,0.4
3,2,lr1e-05_bs32_modL1_fusion32_fusionL1_fusionBN0_drop0p1__wd1e-04trmiss40_trlocglobal,32,1e-05,0.0001,1,32,1,False,0.1,lr1e-05_bs32_modL1_fusion32_fusionL1_fusionBN0_drop0p1__wd1e-04trmiss40_trlocglobal,17,0.6638842721780142,0.695688009262085,0.49011857707509887,0.5495175476128122,0.4666666666666667,0.0,0.0,0.0,0.0,0.0,0.0,0.0,0.0,0.0,,,,,18473,global,0.4
3,2,lr1e-05_bs32_modL1_fusion32_fusionL1_fusionBN0_drop0p1__wd1e-04trmiss40_trlocglobal,32,1e-05,0.0001,1,32,1,False,0.1,lr1e-05_bs32_modL1_fusion32_fusionL1_fusionBN0_drop0p1__wd1e-04trmiss40_trlocglobal,18,0.6623612741629282,0.6955598890781403,0.4940711462450593,0.5513390684945398,0.4666666666666667,0.0,0.0,0.0,0.0,0.0,0.0,0.0,0.0,0.0,,,,,18473,global,0.4
3,2,lr1e-05_bs32_modL1_fusion32_fusionL1_fusionBN0_drop0p1__wd1e-04trmiss40_trlocglobal,32,1e-05,0.0001,1,32,1,False,0.1,lr1e-05_bs32_modL1_fusion32_fusionL1_fusionBN0_drop0p1__wd1e-04trmiss40_trlocglobal,19,0.6643276810646057,0.6956331729888916,0.4881422924901186,0.5481961414385693,0.4666666666666667,0.0,0.0,0.0,0.0,0.0,0.0,0.0,0.0,0.0,,,,,18473,global,0.4
3,2,lr1e-05_bs32_modL1_fusion32_fusionL1_fusionBN0_drop0p1__wd1e-04trmiss40_trlocglobal,32,1e-05,0.0001,1,32,1,False,0.1,lr1e-05_bs32_modL1_fusion32_fusionL1_fusionBN0_drop0p1__wd1e-04trmiss40_trlocglobal,20,0.6592966814835867,0.6954343318939209,0.4901185770750988,0.5561066210881793,0.4666666666666667,0.0,0.0,0.0,0.0,0.0,0.0,0.0,0.0,0.0,,,,,18473,global,0.4
3,2,lr1e-05_bs32_modL1_fusion32_fusionL1_fusionBN0_drop0p1__wd1e-04trmiss40_trlocglobal,32,1e-05,0.0001,1,32,1,False,0.1,lr1e-05_bs32_modL1_fusion32_fusionL1_fusionBN0_drop0p1__wd1e-04trmiss40_trlocglobal,21,0.658457487821579,0.6953741014003754,0.4940711462450593,0.5583550618308192,0.4666666666666667,0.0,0.0,0.0,0.0,0.0,0.0,0.0,0.0,0.0,,,,,18473,global,0.4
3,2,lr1e-05_bs32_modL1_fusion32_fusionL1_fusionBN0_drop0p1__wd1e-04trmiss40_trlocglobal,32,1e-05,0.0001,1,32,1,False,0.1,lr1e-05_bs32_modL1_fusion32_fusionL1_fusionBN0_drop0p1__wd1e-04trmiss40_trlocglobal,22,0.6577099859714508,0.6953747570514679,0.5,0.5609834638222746,0.4666666666666667,0.0,0.0,0.0,0.0,0.0,0.0,0.0,0.0,0.0,,,,,18473,global,0.4
3,2,lr1e-05_bs32_modL1_fusion32_fusionL1_fusionBN0_drop0p1__wd1e-04trmiss40_trlocglobal,32,1e-05,0.0001,1,32,1,False,0.1,lr1e-05_bs32_modL1_fusion32_fusionL1_fusionBN0_drop0p1__wd1e-04trmiss40_trlocglobal,23,0.6567015548547109,0.6952834725379944,0.4980237154150198,0.5593849983491288,0.4666666666666667,0.0,0.0,0.0,0.0,0.0,0.0,0.0,0.0,0.0,,,,,18473,global,0.4
3,2,lr1e-05_bs32_modL1_fusion32_fusionL1_fusionBN0_drop0p1__wd1e-04trmiss40_trlocglobal,32,1e-05,0.0001,1,32,1,False,0.1,lr1e-05_bs32_modL1_fusion32_fusionL1_fusionBN0_drop0p1__wd1e-04trmiss40_trlocglobal,24,0.6512125233809153,0.6950958371162415,0.5,0.5601901513281948,0.4666666666666667,0.0,0.0,0.0,0.0,0.0,0.0,0.0,0.0,0.0,,,,,18473,global,0.4
3,2,lr1e-05_bs32_modL1_fusion32_fusionL1_fusionBN0_drop0p1__wd1e-04trmiss40_trlocglobal,32,1e-05,0.0001,1,32,1,False,0.1,lr1e-05_bs32_modL1_fusion32_fusionL1_fusionBN0_drop0p1__wd1e-04trmiss40_trlocglobal,25,0.6536300579706827,0.6952178478240967,0.492094861660079,0.5565799028809898,0.4666666666666667,0.0,0.0,0.0,0.0,0.0,0.0,0.0,0.0,0.0,,,,,18473,global,0.4
3,2,lr1e-05_bs32_modL1_fusion32_fusionL1_fusionBN0_drop0p1__wd1e-04trmiss40_trlocglobal,32,1e-05,0.0001,1,32,1,False,0.1,lr1e-05_bs32_modL1_fusion32_fusionL1_fusionBN0_drop0p1__wd1e-04trmiss40_trlocglobal,26,0.6494922339916229,0.6954223215579987,0.5,0.5599985736010099,0.4888888888888889,0.0,0.0,0.0,0.0,0.0,0.0,0.0,0.0,0.0,,,,,18473,global,0.4
3,2,lr1e-05_bs32_modL1_fusion32_fusionL1_fusionBN0_drop0p1__wd1e-04trmiss40_trlocglobal,32,1e-05,0.0001,1,32,1,False,0.1,lr1e-05_bs32_modL1_fusion32_fusionL1_fusionBN0_drop0p1__wd1e-04trmiss40_trlocglobal,27,0.648718019326528,0.6952809393405914,0.5039525691699605,0.5611615777373661,0.4666666666666667,0.0,0.0,0.0,0.0,0.0,0.0,0.0,0.0,0.0,,,,,18473,global,0.4
3,2,lr1e-05_bs32_modL1_fusion32_fusionL1_fusionBN0_drop0p1__wd1e-04trmiss40_trlocglobal,32,1e-05,0.0001,1,32,1,False,0.1,lr1e-05_bs32_modL1_fusion32_fusionL1_fusionBN0_drop0p1__wd1e-04trmiss40_trlocglobal,28,0.6475912928581238,0.6950401961803436,0.5,0.5720633903940876,0.4666666666666667,0.0,0.0,0.0,0.0,0.0,0.0,0.0,0.0,0.0,,,,,18473,global,0.4
3,2,lr1e-05_bs32_modL1_fusion32_fusionL1_fusionBN0_drop0p1__wd1e-04trmiss40_trlocglobal,32,1e-05,0.0001,1,32,1,False,0.1,lr1e-05_bs32_modL1_fusion32_fusionL1_fusionBN0_drop0p1__wd1e-04trmiss40_trlocglobal,29,0.6447284619013468,0.694664716720581,0.5079051383399209,0.5752443443721177,0.4666666666666667,0.0,0.0,0.0,0.0,0.0,0.0,0.0,0.0,0.0,,,,,18473,global,0.4
3,2,lr1e-05_bs32_modL1_fusion32_fusionL1_fusionBN0_drop0p1__wd1e-04trmiss40_trlocglobal,32,1e-05,0.0001,1,32,1,False,0.1,lr1e-05_bs32_modL1_fusion32_fusionL1_fusionBN0_drop0p1__wd1e-04trmiss40_trlocglobal,30,0.6478446920712789,0.6945620477199554,0.5079051383399209,0.5752443443721177,0.4666666666666667,0.0,0.0,0.0,0.0,0.0,0.0,0.0,0.0,0.0,,,,,18473,global,0.4
3,2,lr1e-05_bs32_modL1_fusion32_fusionL1_fusionBN0_drop0p1__wd1e-04trmiss40_trlocglobal,32,1e-05,0.0001,1,32,1,False,0.1,lr1e-05_bs32_modL1_fusion32_fusionL1_fusionBN0_drop0p1__wd1e-04trmiss40_trlocglobal,31,0.6494082709153494,0.694907546043396,0.5039525691699606,0.5734295995706054,0.4888888888888889,0.0,0.0,0.0,0.0,0.0,0.0,0.0,0.0,0.0,,,,,18473,global,0.4
3,2,lr1e-05_bs32_modL1_fusion32_fusionL1_fusionBN0_drop0p1__wd1e-04trmiss40_trlocglobal,32,1e-05,0.0001,1,32,1,False,0.1,lr1e-05_bs32_modL1_fusion32_fusionL1_fusionBN0_drop0p1__wd1e-04trmiss40_trlocglobal,32,0.6499430934588114,0.6947836875915527,0.5098814229249011,0.5771450145903682,0.4888888888888889,0.0,0.0,0.0,0.0,0.0,0.0,0.0,0.0,0.0,,,,,18473,global,0.4
3,2,lr1e-05_bs32_modL1_fusion32_fusionL1_fusionBN0_drop0p1__wd1e-04trmiss40_trlocglobal,32,1e-05,0.0001,1,32,1,False,0.1,lr1e-05_bs32_modL1_fusion32_fusionL1_fusionBN0_drop0p1__wd1e-04trmiss40_trlocglobal,33,0.6397054195404053,0.6948491632938385,0.5158102766798418,0.5802506046524799,0.4888888888888889,0.0,0.0,0.0,0.0,0.0,0.0,0.0,0.0,0.0,,,,,18473,global,0.4
3,2,lr1e-05_bs32_modL1_fusion32_fusionL1_fusionBN0_drop0p1__wd1e-04trmiss40_trlocglobal,32,1e-05,0.0001,1,32,1,False,0.1,lr1e-05_bs32_modL1_fusion32_fusionL1_fusionBN0_drop0p1__wd1e-04trmiss40_trlocglobal,34,0.6419365505377451,0.6949479281902313,0.5118577075098815,0.5780640672591557,0.4888888888888889,0.0,0.0,0.0,0.0,0.0,0.0,0.0,0.0,0.0,,,,,18473,global,0.4
3,2,lr1e-05_bs32_modL1_fusion32_fusionL1_fusionBN0_drop0p1__wd1e-04trmiss40_trlocglobal,32,1e-05,0.0001,1,32,1,False,0.1,lr1e-05_bs32_modL1_fusion32_fusionL1_fusionBN0_drop0p1__wd1e-04trmiss40_trlocglobal,35,0.6416787306467692,0.6947567462921143,0.5138339920948616,0.5789152009257719,0.4888888888888889,0.0,0.0,0.0,0.0,0.0,0.0,0.0,0.0,0.0,,,,,18473,global,0.4
3,2,lr1e-05_bs32_modL1_fusion32_fusionL1_fusionBN0_drop0p1__wd1e-04trmiss40_trlocglobal,32,1e-05,0.0001,1,32,1,False,0.1,lr1e-05_bs32_modL1_fusion32_fusionL1_fusionBN0_drop0p1__wd1e-04trmiss40_trlocglobal,36,0.641475240389506,0.6948789954185486,0.5098814229249011,0.576549445657522,0.4888888888888889,0.0,0.0,0.0,0.0,0.0,0.0,0.0,0.0,0.0,,,,,18473,global,0.4
3,2,lr1e-05_bs32_modL1_fusion32_fusionL1_fusionBN0_drop0p1__wd1e-04trmiss40_trlocglobal,32,1e-05,0.0001,1,32,1,False,0.1,lr1e-05_bs32_modL1_fusion32_fusionL1_fusionBN0_drop0p1__wd1e-04trmiss40_trlocglobal,37,0.6409050623575846,0.6948718428611755,0.5177865612648221,0.5816284975243532,0.5111111111111111,0.0,0.0,0.0,0.0,0.0,0.0,0.0,0.0,0.0,,,,,18473,global,0.4
3,2,lr1e-05_bs32_modL1_fusion32_fusionL1_fusionBN0_drop0p1__wd1e-04trmiss40_trlocglobal,32,1e-05,0.0001,1,32,1,False,0.1,lr1e-05_bs32_modL1_fusion32_fusionL1_fusionBN0_drop0p1__wd1e-04trmiss40_trlocglobal,38,0.6392564376195272,0.6949989795684814,0.5059288537549407,0.5772497513005176,0.5111111111111111,0.0,0.0,0.0,0.0,0.0,0.0,0.0,0.0,0.0,,,,,18473,global,0.4
3,2,lr1e-05_bs32_modL1_fusion32_fusionL1_fusionBN0_drop0p1__wd1e-04trmiss40_trlocglobal,32,1e-05,0.0001,1,32,1,False,0.1,lr1e-05_bs32_modL1_fusion32_fusionL1_fusionBN0_drop0p1__wd1e-04trmiss40_trlocglobal,39,0.6368273993333181,0.6949889361858368,0.5079051383399209,0.577450659764125,0.5111111111111111,0.0,0.0,0.0,0.0,0.0,0.0,0.0,0.0,0.0,,,,,18473,global,0.4
3,2,lr1e-05_bs32_modL1_fusion32_fusionL1_fusionBN0_drop0p1__wd1e-04trmiss40_trlocglobal,32,1e-05,0.0001,1,32,1,False,0.1,lr1e-05_bs32_modL1_fusion32_fusionL1_fusionBN0_drop0p1__wd1e-04trmiss40_trlocglobal,40,0.6424894531567892,0.6950163543224335,0.5079051383399209,0.57778447524826,0.5333333333333333,0.0,0.0,0.0,0.0,0.0,0.0,0.0,0.0,0.0,,,,,18473,global,0.4
3,2,lr1e-05_bs32_modL1_fusion32_fusionL1_fusionBN0_drop0p1__wd1e-04trmiss40_trlocglobal,32,1e-05,0.0001,1,32,1,False,0.1,lr1e-05_bs32_modL1_fusion32_fusionL1_fusionBN0_drop0p1__wd1e-04trmiss40_trlocglobal,41,0.6376703580220541,0.694939523935318,0.5059288537549407,0.5769719050334521,0.5333333333333333,0.0,0.0,0.0,0.0,0.0,0.0,0.0,0.0,0.0,,,,,18473,global,0.4
3,2,lr1e-05_bs32_modL1_fusion32_fusionL1_fusionBN0_drop0p1__wd1e-04trmiss40_trlocglobal,32,1e-05,0.0001,1,32,1,False,0.1,lr1e-05_bs32_modL1_fusion32_fusionL1_fusionBN0_drop0p1__wd1e-04trmiss40_trlocglobal,42,0.6388251483440399,0.6948368549346924,0.5059288537549407,0.5750746105099019,0.5111111111111111,0.0,0.0,0.0,0.0,0.0,0.0,0.0,0.0,0.0,,,,,18473,global,0.4
3,2,lr1e-05_bs32_modL1_fusion32_fusionL1_fusionBN0_drop0p1__wd1e-04trmiss40_trlocglobal,32,1e-05,0.0001,1,32,1,False,0.1,lr1e-05_bs32_modL1_fusion32_fusionL1_fusionBN0_drop0p1__wd1e-04trmiss40_trlocglobal,43,0.6408388217290243,0.6947300732135773,0.5039525691699605,0.5739742459312765,0.5555555555555556,0.0,0.0,0.0,0.0,0.0,0.0,0.0,0.0,0.0,,,,,18473,global,0.4
3,2,lr1e-05_bs32_modL1_fusion32_fusionL1_fusionBN0_drop0p1__wd1e-04trmiss40_trlocglobal,32,1e-05,0.0001,1,32,1,False,0.1,lr1e-05_bs32_modL1_fusion32_fusionL1_fusionBN0_drop0p1__wd1e-04trmiss40_trlocglobal,44,0.6399969557921091,0.6946350634098053,0.5059288537549407,0.5748369098374186,0.5555555555555556,0.0,0.0,0.0,0.0,0.0,0.0,0.0,0.0,0.0,,,,,18473,global,0.4
3,2,lr1e-05_bs32_modL1_fusion32_fusionL1_fusionBN0_drop0p1__wd1e-04trmiss40_trlocglobal,32,1e-05,0.0001,1,32,1,False,0.1,lr1e-05_bs32_modL1_fusion32_fusionL1_fusionBN0_drop0p1__wd1e-04trmiss40_trlocglobal,45,0.6396873990694681,0.6951211392879486,0.5019762845849802,0.5714924282320676,0.5555555555555556,0.0,0.0,0.0,0.0,0.0,0.0,0.0,0.0,0.0,,,,,18473,global,0.4
3,2,lr1e-05_bs32_modL1_fusion32_fusionL1_fusionBN0_drop0p1__wd1e-04trmiss40_trlocglobal,32,1e-05,0.0001,1,32,1,False,0.1,lr1e-05_bs32_modL1_fusion32_fusionL1_fusionBN0_drop0p1__wd1e-04trmiss40_trlocglobal,46,0.6409156223138174,0.69485804438591,0.4980237154150197,0.5686098036103124,0.5555555555555556,0.0,0.0,0.0,0.0,0.0,0.0,0.0,0.0,0.0,,,,,18473,global,0.4
3,2,lr1e-05_bs32_modL1_fusion32_fusionL1_fusionBN0_drop0p1__wd1e-04trmiss40_trlocglobal,32,1e-05,0.0001,1,32,1,False,0.1,lr1e-05_bs32_modL1_fusion32_fusionL1_fusionBN0_drop0p1__wd1e-04trmiss40_trlocglobal,47,0.6264636715253195,0.6951854825019836,0.4980237154150198,0.5694857392688568,0.5555555555555556,0.0,0.0,0.0,0.0,0.0,0.0,0.0,0.0,0.0,,,,,18473,global,0.4
3,2,lr1e-05_bs32_modL1_fusion32_fusionL1_fusionBN0_drop0p1__wd1e-04trmiss40_trlocglobal,32,1e-05,0.0001,1,32,1,False,0.1,lr1e-05_bs32_modL1_fusion32_fusionL1_fusionBN0_drop0p1__wd1e-04trmiss40_trlocglobal,48,0.6381794015566508,0.6953825354576111,0.5059288537549408,0.5599273863834717,0.5555555555555556,0.0,0.0,0.0,0.0,0.0,0.0,0.0,0.0,0.0,,,,,18473,global,0.4
3,2,lr1e-05_bs32_modL1_fusion32_fusionL1_fusionBN0_drop0p1__wd1e-04trmiss40_trlocglobal,32,1e-05,0.0001,1,32,1,False,0.1,lr1e-05_bs32_modL1_fusion32_fusionL1_fusionBN0_drop0p1__wd1e-04trmiss40_trlocglobal,49,0.6332499583562216,0.6953791975975037,0.5079051383399209,0.5591841682489492,0.5555555555555556,0.0,0.0,0.0,0.0,0.0,0.0,0.0,0.0,0.0,,,,,18473,global,0.4
3,2,lr1e-05_bs32_modL1_fusion32_fusionL1_fusionBN0_drop0p1__wd1e-04trmiss40_trlocglobal,32,1e-05,0.0001,1,32,1,False,0.1,lr1e-05_bs32_modL1_fusion32_fusionL1_fusionBN0_drop0p1__wd1e-04trmiss40_trlocglobal,50,0.6323220332463583,0.6955487430095673,0.49999999999999994,0.5556397302054564,0.5555555555555556,0.0,0.0,0.0,0.0,0.0,0.0,0.0,0.0,0.0,,,,,18473,global,0.4
3,2,lr1e-05_bs32_modL1_fusion32_fusionL1_fusionBN0_drop0p1__wd1e-04trmiss40_trlocglobal,32,1e-05,0.0001,1,32,1,False,0.1,lr1e-05_bs32_modL1_fusion32_fusionL1_fusionBN0_drop0p1__wd1e-04trmiss40_trlocglobal,51,0.6429806649684906,0.6956744492053986,0.5019762845849802,0.5706777797425607,0.5555555555555556,0.0,0.0,0.0,0.0,0.0,0.0,0.0,0.0,0.0,,,,,18473,global,0.4
3,2,lr1e-05_bs32_modL1_fusion32_fusionL1_fusionBN0_drop0p1__wd1e-04trmiss40_trlocglobal,32,1e-05,0.0001,1,32,1,False,0.1,lr1e-05_bs32_modL1_fusion32_fusionL1_fusionBN0_drop0p1__wd1e-04trmiss40_trlocglobal,52,0.6381212671597799,0.696362316608429,0.4980237154150198,0.5684759960190379,0.5333333333333333,0.0,0.0,0.0,0.0,0.0,0.0,0.0,0.0,0.0,,,,,18473,global,0.4
3,2,lr1e-05_bs32_modL1_fusion32_fusionL1_fusionBN0_drop0p1__wd1e-04trmiss40_trlocglobal,32,1e-05,0.0001,1,32,1,False,0.1,lr1e-05_bs32_modL1_fusion32_fusionL1_fusionBN0_drop0p1__wd1e-04trmiss40_trlocglobal,53,0.6278394261995951,0.6961588859558105,0.49407114624505927,0.5523363385750326,0.5555555555555556,0.0,0.0,0.0,0.0,0.0,0.0,0.0,0.0,0.0,,,,,18473,global,0.4
3,2,lr1e-05_bs32_modL1_fusion32_fusionL1_fusionBN0_drop0p1__wd1e-04trmiss40_trlocglobal,32,1e-05,0.0001,1,32,1,False,0.1,lr1e-05_bs32_modL1_fusion32_fusionL1_fusionBN0_drop0p1__wd1e-04trmiss40_trlocglobal,54,0.6304304798444113,0.6957816183567047,0.49999999999999994,0.554594504363933,0.5555555555555556,0.0,0.0,0.0,0.0,0.0,0.0,0.0,0.0,0.0,,,,,18473,global,0.4
3,2,lr1e-05_bs32_modL1_fusion32_fusionL1_fusionBN0_drop0p1__wd1e-04trmiss40_trlocglobal,32,1e-05,0.0001,1,32,1,False,0.1,lr1e-05_bs32_modL1_fusion32_fusionL1_fusionBN0_drop0p1__wd1e-04trmiss40_trlocglobal,55,0.6316605508327484,0.6958281993865967,0.49407114624505927,0.552162651728378,0.5555555555555556,0.0,0.0,0.0,0.0,0.0,0.0,0.0,0.0,0.0,,,,,18473,global,0.4
3,2,lr1e-05_bs32_modL1_fusion32_fusionL1_fusionBN0_drop0p1__wd1e-04trmiss40_trlocglobal,32,1e-05,0.0001,1,32,1,False,0.1,lr1e-05_bs32_modL1_fusion32_fusionL1_fusionBN0_drop0p1__wd1e-04trmiss40_trlocglobal,56,0.6284320453802744,0.6956441402435303,0.492094861660079,0.5514146386381489,0.5555555555555556,0.0,0.0,0.0,0.0,0.0,0.0,0.0,0.0,0.0,,,,,18473,global,0.4
3,2,lr1e-05_bs32_modL1_fusion32_fusionL1_fusionBN0_drop0p1__wd1e-04trmiss40_trlocglobal,32,1e-05,0.0001,1,32,1,False,0.1,lr1e-05_bs32_modL1_fusion32_fusionL1_fusionBN0_drop0p1__wd1e-04trmiss40_trlocglobal,57,0.6295754710833231,0.6959662437438965,0.49407114624505927,0.552162651728378,0.5555555555555556,0.0,0.0,0.0,0.0,0.0,0.0,0.0,0.0,0.0,,,,,18473,global,0.4
3,3,lr1e-04_bs32_modL1_fusion16_fusionL1_fusionBN0_drop0p2__wd1e-04trmiss40_trlocglobal,32,0.0001,0.0001,1,16,1,False,0.2,lr1e-04_bs32_modL1_fusion16_fusionL1_fusionBN0_drop0p2__wd1e-04trmiss40_trlocglobal,1,0.7077355285485586,0.69696244597435,0.4742063492063492,0.5785373436032517,0.4666666666666667,0.0,0.0,0.0,0.0,0.0,0.0,0.0,0.0,0.0,,,,,18473,global,0.4
3,3,lr1e-04_bs32_modL1_fusion16_fusionL1_fusionBN0_drop0p2__wd1e-04trmiss40_trlocglobal,32,0.0001,0.0001,1,16,1,False,0.2,lr1e-04_bs32_modL1_fusion16_fusionL1_fusionBN0_drop0p2__wd1e-04trmiss40_trlocglobal,2,0.6953140000502268,0.6951289176940918,0.498015873015873,0.5927877781611324,0.4666666666666667,0.0,0.0,0.0,0.0,0.0,0.0,0.0,0.0,0.0,,,,,18473,global,0.4
3,3,lr1e-04_bs32_modL1_fusion16_fusionL1_fusionBN0_drop0p2__wd1e-04trmiss40_trlocglobal,32,0.0001,0.0001,1,16,1,False,0.2,lr1e-04_bs32_modL1_fusion16_fusionL1_fusionBN0_drop0p2__wd1e-04trmiss40_trlocglobal,3,0.674312005440394,0.6969324946403503,0.509920634920635,0.5660989607440937,0.4666666666666667,0.0,0.0,0.0,0.0,0.0,0.0,0.0,0.0,0.0,,,,,18473,global,0.4
3,3,lr1e-04_bs32_modL1_fusion16_fusionL1_fusionBN0_drop0p2__wd1e-04trmiss40_trlocglobal,32,0.0001,0.0001,1,16,1,False,0.2,lr1e-04_bs32_modL1_fusion16_fusionL1_fusionBN0_drop0p2__wd1e-04trmiss40_trlocglobal,4,0.6638913849989573,0.6987951397895813,0.5138888888888888,0.5875175481088691,0.4444444444444444,0.0,0.0,0.0,0.0,0.0,0.0,0.0,0.0,0.0,,,,,18473,global,0.4
3,3,lr1e-04_bs32_modL1_fusion16_fusionL1_fusionBN0_drop0p2__wd1e-04trmiss40_trlocglobal,32,0.0001,0.0001,1,16,1,False,0.2,lr1e-04_bs32_modL1_fusion16_fusionL1_fusionBN0_drop0p2__wd1e-04trmiss40_trlocglobal,5,0.6585880915323893,0.6986721456050873,0.5178571428571429,0.5916020207241973,0.4444444444444444,0.0,0.0,0.0,0.0,0.0,0.0,0.0,0.0,0.0,,,,,18473,global,0.4
3,3,lr1e-04_bs32_modL1_fusion16_fusionL1_fusionBN0_drop0p2__wd1e-04trmiss40_trlocglobal,32,0.0001,0.0001,1,16,1,False,0.2,lr1e-04_bs32_modL1_fusion16_fusionL1_fusionBN0_drop0p2__wd1e-04trmiss40_trlocglobal,6,0.6415687799453735,0.6971136927604675,0.5119047619047619,0.5678507267283381,0.4888888888888889,0.0,0.0,0.0,0.0,0.0,0.0,0.0,0.0,0.0,,,,,18473,global,0.4
3,3,lr1e-04_bs32_modL1_fusion16_fusionL1_fusionBN0_drop0p2__wd1e-04trmiss40_trlocglobal,32,0.0001,0.0001,1,16,1,False,0.2,lr1e-04_bs32_modL1_fusion16_fusionL1_fusionBN0_drop0p2__wd1e-04trmiss40_trlocglobal,7,0.6292404433091482,0.695025622844696,0.51984126984127,0.5989539484805367,0.5111111111111111,0.0,0.0,0.0,0.0,0.0,0.0,0.0,0.0,0.0,,,,,18473,global,0.4
3,3,lr1e-04_bs32_modL1_fusion16_fusionL1_fusionBN0_drop0p2__wd1e-04trmiss40_trlocglobal,32,0.0001,0.0001,1,16,1,False,0.2,lr1e-04_bs32_modL1_fusion16_fusionL1_fusionBN0_drop0p2__wd1e-04trmiss40_trlocglobal,8,0.6390977104504904,0.6924846172332764,0.5357142857142857,0.6150801735061311,0.4888888888888889,0.0,0.0,0.0,0.0,0.0,0.0,0.0,0.0,0.0,,,,,18473,global,0.4
3,3,lr1e-04_bs32_modL1_fusion16_fusionL1_fusionBN0_drop0p2__wd1e-04trmiss40_trlocglobal,32,0.0001,0.0001,1,16,1,False,0.2,lr1e-04_bs32_modL1_fusion16_fusionL1_fusionBN0_drop0p2__wd1e-04trmiss40_trlocglobal,9,0.6304854353268942,0.688563883304596,0.5535714285714286,0.6431856752250016,0.5111111111111111,0.0,0.0,0.0,0.0,0.0,0.0,0.0,0.0,0.0,,,,,18473,global,0.4
3,3,lr1e-04_bs32_modL1_fusion16_fusionL1_fusionBN0_drop0p2__wd1e-04trmiss40_trlocglobal,32,0.0001,0.0001,1,16,1,False,0.2,lr1e-04_bs32_modL1_fusion16_fusionL1_fusionBN0_drop0p2__wd1e-04trmiss40_trlocglobal,10,0.6170484026273092,0.6868059635162354,0.5654761904761905,0.6550840366178795,0.5111111111111111,0.0,0.0,0.0,0.0,0.0,0.0,0.0,0.0,0.0,,,,,18473,global,0.4
3,3,lr1e-04_bs32_modL1_fusion16_fusionL1_fusionBN0_drop0p2__wd1e-04trmiss40_trlocglobal,32,0.0001,0.0001,1,16,1,False,0.2,lr1e-04_bs32_modL1_fusion16_fusionL1_fusionBN0_drop0p2__wd1e-04trmiss40_trlocglobal,11,0.6132995386918386,0.688239574432373,0.5535714285714286,0.6345898325994197,0.4888888888888889,0.0,0.0,0.0,0.0,0.0,0.0,0.0,0.0,0.0,,,,,18473,global,0.4
3,3,lr1e-04_bs32_modL1_fusion16_fusionL1_fusionBN0_drop0p2__wd1e-04trmiss40_trlocglobal,32,0.0001,0.0001,1,16,1,False,0.2,lr1e-04_bs32_modL1_fusion16_fusionL1_fusionBN0_drop0p2__wd1e-04trmiss40_trlocglobal,12,0.6063145399093628,0.6894342303276062,0.5575396825396826,0.6161648310426593,0.5111111111111111,0.0,0.0,0.0,0.0,0.0,0.0,0.0,0.0,0.0,,,,,18473,global,0.4
3,3,lr1e-04_bs32_modL1_fusion16_fusionL1_fusionBN0_drop0p2__wd1e-04trmiss40_trlocglobal,32,0.0001,0.0001,1,16,1,False,0.2,lr1e-04_bs32_modL1_fusion16_fusionL1_fusionBN0_drop0p2__wd1e-04trmiss40_trlocglobal,13,0.6028238634268442,0.6901469528675079,0.5595238095238095,0.5930193397126942,0.5333333333333333,0.0,0.0,0.0,0.0,0.0,0.0,0.0,0.0,0.0,,,,,18473,global,0.4
3,3,lr1e-04_bs32_modL1_fusion16_fusionL1_fusionBN0_drop0p2__wd1e-04trmiss40_trlocglobal,32,0.0001,0.0001,1,16,1,False,0.2,lr1e-04_bs32_modL1_fusion16_fusionL1_fusionBN0_drop0p2__wd1e-04trmiss40_trlocglobal,14,0.593801349401474,0.6866489946842194,0.5634920634920635,0.63040837513355,0.5333333333333333,0.0,0.0,0.0,0.0,0.0,0.0,0.0,0.0,0.0,,,,,18473,global,0.4
3,3,lr1e-04_bs32_modL1_fusion16_fusionL1_fusionBN0_drop0p2__wd1e-04trmiss40_trlocglobal,32,0.0001,0.0001,1,16,1,False,0.2,lr1e-04_bs32_modL1_fusion16_fusionL1_fusionBN0_drop0p2__wd1e-04trmiss40_trlocglobal,15,0.5797804296016693,0.6865107417106628,0.5793650793650794,0.643743304809068,0.5111111111111111,0.0,0.0,0.0,0.0,0.0,0.0,0.0,0.0,0.0,,,,,18473,global,0.4
3,3,lr1e-04_bs32_modL1_fusion16_fusionL1_fusionBN0_drop0p2__wd1e-04trmiss40_trlocglobal,32,0.0001,0.0001,1,16,1,False,0.2,lr1e-04_bs32_modL1_fusion16_fusionL1_fusionBN0_drop0p2__wd1e-04trmiss40_trlocglobal,16,0.5820333957672119,0.6877554059028625,0.5753968253968254,0.6370329244831808,0.5111111111111111,0.0,0.0,0.0,0.0,0.0,0.0,0.0,0.0,0.0,,,,,18473,global,0.4
3,3,lr1e-04_bs32_modL1_fusion16_fusionL1_fusionBN0_drop0p2__wd1e-04trmiss40_trlocglobal,32,0.0001,0.0001,1,16,1,False,0.2,lr1e-04_bs32_modL1_fusion16_fusionL1_fusionBN0_drop0p2__wd1e-04trmiss40_trlocglobal,17,0.566477507352829,0.6882509887218475,0.5773809523809523,0.6362608146363345,0.5111111111111111,0.0,0.0,0.0,0.0,0.0,0.0,0.0,0.0,0.0,,,,,18473,global,0.4
3,3,lr1e-04_bs32_modL1_fusion16_fusionL1_fusionBN0_drop0p2__wd1e-04trmiss40_trlocglobal,32,0.0001,0.0001,1,16,1,False,0.2,lr1e-04_bs32_modL1_fusion16_fusionL1_fusionBN0_drop0p2__wd1e-04trmiss40_trlocglobal,18,0.561207910378774,0.6871121823787689,0.5793650793650794,0.6433167211261456,0.5111111111111111,0.0,0.0,0.0,0.0,0.0,0.0,0.0,0.0,0.0,,,,,18473,global,0.4
3,3,lr1e-04_bs32_modL1_fusion16_fusionL1_fusionBN0_drop0p2__wd1e-04trmiss40_trlocglobal,32,0.0001,0.0001,1,16,1,False,0.2,lr1e-04_bs32_modL1_fusion16_fusionL1_fusionBN0_drop0p2__wd1e-04trmiss40_trlocglobal,19,0.5565613210201263,0.685088574886322,0.5813492063492063,0.6292378121948615,0.5555555555555556,0.0,0.0,0.0,0.0,0.0,0.0,0.0,0.0,0.0,,,,,18473,global,0.4
3,3,lr1e-04_bs32_modL1_fusion16_fusionL1_fusionBN0_drop0p2__wd1e-04trmiss40_trlocglobal,32,0.0001,0.0001,1,16,1,False,0.2,lr1e-04_bs32_modL1_fusion16_fusionL1_fusionBN0_drop0p2__wd1e-04trmiss40_trlocglobal,20,0.5528702835241953,0.6832175552845001,0.5932539682539683,0.6303697330196278,0.5555555555555556,0.0,0.0,0.0,0.0,0.0,0.0,0.0,0.0,0.0,,,,,18473,global,0.4
3,3,lr1e-04_bs32_modL1_fusion16_fusionL1_fusionBN0_drop0p2__wd1e-04trmiss40_trlocglobal,32,0.0001,0.0001,1,16,1,False,0.2,lr1e-04_bs32_modL1_fusion16_fusionL1_fusionBN0_drop0p2__wd1e-04trmiss40_trlocglobal,21,0.5486465493837992,0.6864125728607178,0.5813492063492063,0.6254895138640195,0.5555555555555556,0.0,0.0,0.0,0.0,0.0,0.0,0.0,0.0,0.0,,,,,18473,global,0.4
3,3,lr1e-04_bs32_modL1_fusion16_fusionL1_fusionBN0_drop0p2__wd1e-04trmiss40_trlocglobal,32,0.0001,0.0001,1,16,1,False,0.2,lr1e-04_bs32_modL1_fusion16_fusionL1_fusionBN0_drop0p2__wd1e-04trmiss40_trlocglobal,22,0.5443162719408671,0.6894544363021851,0.5793650793650794,0.6008294287145096,0.5111111111111111,0.0,0.0,0.0,0.0,0.0,0.0,0.0,0.0,0.0,,,,,18473,global,0.4
3,3,lr1e-04_bs32_modL1_fusion16_fusionL1_fusionBN0_drop0p2__wd1e-04trmiss40_trlocglobal,32,0.0001,0.0001,1,16,1,False,0.2,lr1e-04_bs32_modL1_fusion16_fusionL1_fusionBN0_drop0p2__wd1e-04trmiss40_trlocglobal,23,0.5421325465043386,0.6863681375980377,0.5912698412698412,0.6326385775307678,0.5333333333333333,0.0,0.0,0.0,0.0,0.0,0.0,0.0,0.0,0.0,,,,,18473,global,0.4
3,3,lr1e-04_bs32_modL1_fusion16_fusionL1_fusionBN0_drop0p2__wd1e-04trmiss40_trlocglobal,32,0.0001,0.0001,1,16,1,False,0.2,lr1e-04_bs32_modL1_fusion16_fusionL1_fusionBN0_drop0p2__wd1e-04trmiss40_trlocglobal,24,0.538804625471433,0.6837974190711975,0.5873015873015873,0.6433969826637058,0.5333333333333333,0.0,0.0,0.0,0.0,0.0,0.0,0.0,0.0,0.0,,,,,18473,global,0.4
3,3,lr1e-04_bs32_modL1_fusion16_fusionL1_fusionBN0_drop0p2__wd1e-04trmiss40_trlocglobal,32,0.0001,0.0001,1,16,1,False,0.2,lr1e-04_bs32_modL1_fusion16_fusionL1_fusionBN0_drop0p2__wd1e-04trmiss40_trlocglobal,25,0.5159934808810552,0.6845420300960541,0.5773809523809523,0.636050352298483,0.5111111111111111,0.0,0.0,0.0,0.0,0.0,0.0,0.0,0.0,0.0,,,,,18473,global,0.4
3,3,lr1e-04_bs32_modL1_fusion16_fusionL1_fusionBN0_drop0p2__wd1e-04trmiss40_trlocglobal,32,0.0001,0.0001,1,16,1,False,0.2,lr1e-04_bs32_modL1_fusion16_fusionL1_fusionBN0_drop0p2__wd1e-04trmiss40_trlocglobal,26,0.5166833053032557,0.6873491406440735,0.5813492063492064,0.6254572080564299,0.5111111111111111,0.0,0.0,0.0,0.0,0.0,0.0,0.0,0.0,0.0,,,,,18473,global,0.4
3,3,lr1e-04_bs32_modL1_fusion16_fusionL1_fusionBN0_drop0p2__wd1e-04trmiss40_trlocglobal,32,0.0001,0.0001,1,16,1,False,0.2,lr1e-04_bs32_modL1_fusion16_fusionL1_fusionBN0_drop0p2__wd1e-04trmiss40_trlocglobal,27,0.5132149507602056,0.6913495659828186,0.5813492063492064,0.6186937699670721,0.5333333333333333,0.0,0.0,0.0,0.0,0.0,0.0,0.0,0.0,0.0,,,,,18473,global,0.4
3,3,lr1e-04_bs32_modL1_fusion16_fusionL1_fusionBN0_drop0p2__wd1e-04trmiss40_trlocglobal,32,0.0001,0.0001,1,16,1,False,0.2,lr1e-04_bs32_modL1_fusion16_fusionL1_fusionBN0_drop0p2__wd1e-04trmiss40_trlocglobal,28,0.5152930418650309,0.6914916634559631,0.5833333333333333,0.6287193277683018,0.5111111111111111,0.0,0.0,0.0,0.0,0.0,0.0,0.0,0.0,0.0,,,,,18473,global,0.4
3,3,lr1e-04_bs32_modL1_fusion16_fusionL1_fusionBN0_drop0p2__wd1e-04trmiss40_trlocglobal,32,0.0001,0.0001,1,16,1,False,0.2,lr1e-04_bs32_modL1_fusion16_fusionL1_fusionBN0_drop0p2__wd1e-04trmiss40_trlocglobal,29,0.4992121458053589,0.6891512274742126,0.5694444444444444,0.6156289479677531,0.5111111111111111,0.0,0.0,0.0,0.0,0.0,0.0,0.0,0.0,0.0,,,,,18473,global,0.4
3,3,lr1e-04_bs32_modL1_fusion16_fusionL1_fusionBN0_drop0p2__wd1e-04trmiss40_trlocglobal,32,0.0001,0.0001,1,16,1,False,0.2,lr1e-04_bs32_modL1_fusion16_fusionL1_fusionBN0_drop0p2__wd1e-04trmiss40_trlocglobal,30,0.5013229350248972,0.6919414699077606,0.5674603174603174,0.6136782792259259,0.4888888888888889,0.0,0.0,0.0,0.0,0.0,0.0,0.0,0.0,0.0,,,,,18473,global,0.4
3,3,lr1e-04_bs32_modL1_fusion16_fusionL1_fusionBN0_drop0p2__wd1e-04trmiss40_trlocglobal,32,0.0001,0.0001,1,16,1,False,0.2,lr1e-04_bs32_modL1_fusion16_fusionL1_fusionBN0_drop0p2__wd1e-04trmiss40_trlocglobal,31,0.5051087389389673,0.6922719180583954,0.5654761904761905,0.6036462826724697,0.4888888888888889,0.0,0.0,0.0,0.0,0.0,0.0,0.0,0.0,0.0,,,,,18473,global,0.4
3,3,lr1e-04_bs32_modL1_fusion16_fusionL1_fusionBN0_drop0p2__wd1e-04trmiss40_trlocglobal,32,0.0001,0.0001,1,16,1,False,0.2,lr1e-04_bs32_modL1_fusion16_fusionL1_fusionBN0_drop0p2__wd1e-04trmiss40_trlocglobal,32,0.4960486690203349,0.6905400156974792,0.5634920634920635,0.604302018508596,0.4888888888888889,0.0,0.0,0.0,0.0,0.0,0.0,0.0,0.0,0.0,,,,,18473,global,0.4
3,3,lr1e-04_bs32_modL1_fusion16_fusionL1_fusionBN0_drop0p2__wd1e-04trmiss40_trlocglobal,32,0.0001,0.0001,1,16,1,False,0.2,lr1e-04_bs32_modL1_fusion16_fusionL1_fusionBN0_drop0p2__wd1e-04trmiss40_trlocglobal,33,0.4904892196257909,0.687398761510849,0.5753968253968254,0.6167492677365287,0.5333333333333333,0.0,0.0,0.0,0.0,0.0,0.0,0.0,0.0,0.0,,,,,18473,global,0.4
3,3,lr1e-04_bs32_modL1_fusion16_fusionL1_fusionBN0_drop0p2__wd1e-04trmiss40_trlocglobal,32,0.0001,0.0001,1,16,1,False,0.2,lr1e-04_bs32_modL1_fusion16_fusionL1_fusionBN0_drop0p2__wd1e-04trmiss40_trlocglobal,34,0.48927905162175495,0.6839527785778046,0.5813492063492063,0.6404425396288466,0.5333333333333333,0.0,0.0,0.0,0.0,0.0,0.0,0.0,0.0,0.0,,,,,18473,global,0.4
3,3,lr1e-04_bs32_modL1_fusion16_fusionL1_fusionBN0_drop0p2__wd1e-04trmiss40_trlocglobal,32,0.0001,0.0001,1,16,1,False,0.2,lr1e-04_bs32_modL1_fusion16_fusionL1_fusionBN0_drop0p2__wd1e-04trmiss40_trlocglobal,35,0.48329489926497143,0.6861501932144165,0.5833333333333334,0.6383270937494229,0.5333333333333333,0.0,0.0,0.0,0.0,0.0,0.0,0.0,0.0,0.0,,,,,18473,global,0.4
3,3,lr1e-04_bs32_modL1_fusion16_fusionL1_fusionBN0_drop0p2__wd1e-04trmiss40_trlocglobal,32,0.0001,0.0001,1,16,1,False,0.2,lr1e-04_bs32_modL1_fusion16_fusionL1_fusionBN0_drop0p2__wd1e-04trmiss40_trlocglobal,36,0.4911961406469345,0.6911473870277405,0.5714285714285714,0.61175701022998,0.5111111111111111,0.0,0.0,0.0,0.0,0.0,0.0,0.0,0.0,0.0,,,,,18473,global,0.4
3,3,lr1e-04_bs32_modL1_fusion16_fusionL1_fusionBN0_drop0p2__wd1e-04trmiss40_trlocglobal,32,0.0001,0.0001,1,16,1,False,0.2,lr1e-04_bs32_modL1_fusion16_fusionL1_fusionBN0_drop0p2__wd1e-04trmiss40_trlocglobal,37,0.46709105372428894,0.691785454750061,0.5674603174603174,0.5954359780841397,0.5111111111111111,0.0,0.0,0.0,0.0,0.0,0.0,0.0,0.0,0.0,,,,,18473,global,0.4
3,3,lr1e-04_bs32_modL1_fusion16_fusionL1_fusionBN0_drop0p2__wd1e-04trmiss40_trlocglobal,32,0.0001,0.0001,1,16,1,False,0.2,lr1e-04_bs32_modL1_fusion16_fusionL1_fusionBN0_drop0p2__wd1e-04trmiss40_trlocglobal,38,0.46406036118666333,0.6915983259677887,0.5694444444444444,0.612225900680016,0.5111111111111111,0.0,0.0,0.0,0.0,0.0,0.0,0.0,0.0,0.0,,,,,18473,global,0.4
3,3,lr1e-04_bs32_modL1_fusion16_fusionL1_fusionBN0_drop0p2__wd1e-04trmiss40_trlocglobal,32,0.0001,0.0001,1,16,1,False,0.2,lr1e-04_bs32_modL1_fusion16_fusionL1_fusionBN0_drop0p2__wd1e-04trmiss40_trlocglobal,39,0.45956909159819287,0.6900594234466553,0.5694444444444444,0.622701709593325,0.5111111111111111,0.0,0.0,0.0,0.0,0.0,0.0,0.0,0.0,0.0,,,,,18473,global,0.4
3,3,lr1e-04_bs32_modL1_fusion16_fusionL1_fusionBN0_drop0p2__wd1e-04trmiss40_trlocglobal,32,0.0001,0.0001,1,16,1,False,0.2,lr1e-04_bs32_modL1_fusion16_fusionL1_fusionBN0_drop0p2__wd1e-04trmiss40_trlocglobal,40,0.473013699054718,0.6913548409938812,0.5694444444444444,0.6273600429798688,0.4888888888888889,0.0,0.0,0.0,0.0,0.0,0.0,0.0,0.0,0.0,,,,,18473,global,0.4
3,3,lr1e-04_bs32_modL1_fusion16_fusionL1_fusionBN0_drop0p1__wd1e-04trmiss40_trlocglobal,32,0.0001,0.0001,1,16,1,False,0.1,lr1e-04_bs32_modL1_fusion16_fusionL1_fusionBN0_drop0p1__wd1e-04trmiss40_trlocglobal,1,0.6951505740483602,0.7091197967529297,0.5376984126984127,0.5553979740681241,0.5555555555555556,0.0,0.0,0.0,0.0,0.0,0.0,0.0,0.0,0.0,,,,,18473,global,0.4
3,3,lr1e-04_bs32_modL1_fusion16_fusionL1_fusionBN0_drop0p1__wd1e-04trmiss40_trlocglobal,32,0.0001,0.0001,1,16,1,False,0.1,lr1e-04_bs32_modL1_fusion16_fusionL1_fusionBN0_drop0p1__wd1e-04trmiss40_trlocglobal,2,0.6732053458690643,0.7094543874263763,0.5575396825396826,0.5569028581461414,0.5555555555555556,0.0,0.0,0.0,0.0,0.0,0.0,0.0,0.0,0.0,,,,,18473,global,0.4
3,3,lr1e-04_bs32_modL1_fusion16_fusionL1_fusionBN0_drop0p1__wd1e-04trmiss40_trlocglobal,32,0.0001,0.0001,1,16,1,False,0.1,lr1e-04_bs32_modL1_fusion16_fusionL1_fusionBN0_drop0p1__wd1e-04trmiss40_trlocglobal,3,0.6712654630343119,0.7109239399433136,0.5595238095238095,0.5561816947251698,0.5555555555555556,0.0,0.0,0.0,0.0,0.0,0.0,0.0,0.0,0.0,,,,,18473,global,0.4
3,3,lr1e-04_bs32_modL1_fusion16_fusionL1_fusionBN0_drop0p1__wd1e-04trmiss40_trlocglobal,32,0.0001,0.0001,1,16,1,False,0.1,lr1e-04_bs32_modL1_fusion16_fusionL1_fusionBN0_drop0p1__wd1e-04trmiss40_trlocglobal,4,0.656157930692037,0.7138446569442749,0.5833333333333334,0.5775906809027186,0.5555555555555556,0.0,0.0,0.0,0.0,0.0,0.0,0.0,0.0,0.0,,,,,18473,global,0.4
3,3,lr1e-04_bs32_modL1_fusion16_fusionL1_fusionBN0_drop0p1__wd1e-04trmiss40_trlocglobal,32,0.0001,0.0001,1,16,1,False,0.1,lr1e-04_bs32_modL1_fusion16_fusionL1_fusionBN0_drop0p1__wd1e-04trmiss40_trlocglobal,5,0.6390692889690399,0.7131582498550415,0.5932539682539683,0.5830882342794885,0.5777777777777777,0.0,0.0,0.0,0.0,0.0,0.0,0.0,0.0,0.0,,,,,18473,global,0.4
3,3,lr1e-04_bs32_modL1_fusion16_fusionL1_fusionBN0_drop0p1__wd1e-04trmiss40_trlocglobal,32,0.0001,0.0001,1,16,1,False,0.1,lr1e-04_bs32_modL1_fusion16_fusionL1_fusionBN0_drop0p1__wd1e-04trmiss40_trlocglobal,6,0.6399752100308737,0.7025038301944733,0.611111111111111,0.5979413110968428,0.5555555555555556,0.0,0.0,0.0,0.0,0.0,0.0,0.0,0.0,0.0,,,,,18473,global,0.4
3,3,lr1e-04_bs32_modL1_fusion16_fusionL1_fusionBN0_drop0p1__wd1e-04trmiss40_trlocglobal,32,0.0001,0.0001,1,16,1,False,0.1,lr1e-04_bs32_modL1_fusion16_fusionL1_fusionBN0_drop0p1__wd1e-04trmiss40_trlocglobal,7,0.6296530167261759,0.6960449516773224,0.6329365079365079,0.6247658552118224,0.6,0.0,0.0,0.0,0.0,0.0,0.0,0.0,0.0,0.0,,,,,18473,global,0.4
3,3,lr1e-04_bs32_modL1_fusion16_fusionL1_fusionBN0_drop0p1__wd1e-04trmiss40_trlocglobal,32,0.0001,0.0001,1,16,1,False,0.1,lr1e-04_bs32_modL1_fusion16_fusionL1_fusionBN0_drop0p1__wd1e-04trmiss40_trlocglobal,8,0.6175462702910105,0.6952462792396545,0.625,0.618839321808649,0.6444444444444445,0.0,0.0,0.0,0.0,0.0,0.0,0.0,0.0,0.0,,,,,18473,global,0.4
3,3,lr1e-04_bs32_modL1_fusion16_fusionL1_fusionBN0_drop0p1__wd1e-04trmiss40_trlocglobal,32,0.0001,0.0001,1,16,1,False,0.1,lr1e-04_bs32_modL1_fusion16_fusionL1_fusionBN0_drop0p1__wd1e-04trmiss40_trlocglobal,9,0.6064920524756113,0.7051342129707336,0.6011904761904762,0.589885320010161,0.6,0.0,0.0,0.0,0.0,0.0,0.0,0.0,0.0,0.0,,,,,18473,global,0.4
3,3,lr1e-04_bs32_modL1_fusion16_fusionL1_fusionBN0_drop0p1__wd1e-04trmiss40_trlocglobal,32,0.0001,0.0001,1,16,1,False,0.1,lr1e-04_bs32_modL1_fusion16_fusionL1_fusionBN0_drop0p1__wd1e-04trmiss40_trlocglobal,10,0.6015255351861318,0.707878053188324,0.5912698412698413,0.5847334363551004,0.6,0.0,0.0,0.0,0.0,0.0,0.0,0.0,0.0,0.0,,,,,18473,global,0.4
3,3,lr1e-04_bs32_modL1_fusion16_fusionL1_fusionBN0_drop0p1__wd1e-04trmiss40_trlocglobal,32,0.0001,0.0001,1,16,1,False,0.1,lr1e-04_bs32_modL1_fusion16_fusionL1_fusionBN0_drop0p1__wd1e-04trmiss40_trlocglobal,11,0.5987442036469778,0.6974886655807495,0.6190476190476191,0.6109722780607783,0.5777777777777777,0.0,0.0,0.0,0.0,0.0,0.0,0.0,0.0,0.0,,,,,18473,global,0.4
3,3,lr1e-04_bs32_modL1_fusion16_fusionL1_fusionBN0_drop0p1__wd1e-04trmiss40_trlocglobal,32,0.0001,0.0001,1,16,1,False,0.1,lr1e-04_bs32_modL1_fusion16_fusionL1_fusionBN0_drop0p1__wd1e-04trmiss40_trlocglobal,12,0.5925979912281036,0.6996166706085205,0.6170634920634921,0.6052628536383955,0.5777777777777777,0.0,0.0,0.0,0.0,0.0,0.0,0.0,0.0,0.0,,,,,18473,global,0.4
3,3,lr1e-04_bs32_modL1_fusion16_fusionL1_fusionBN0_drop0p1__wd1e-04trmiss40_trlocglobal,32,0.0001,0.0001,1,16,1,False,0.1,lr1e-04_bs32_modL1_fusion16_fusionL1_fusionBN0_drop0p1__wd1e-04trmiss40_trlocglobal,13,0.5809487501780192,0.7015962302684784,0.611111111111111,0.5997202510159224,0.5555555555555556,0.0,0.0,0.0,0.0,0.0,0.0,0.0,0.0,0.0,,,,,18473,global,0.4
3,3,lr1e-04_bs32_modL1_fusion16_fusionL1_fusionBN0_drop0p1__wd1e-04trmiss40_trlocglobal,32,0.0001,0.0001,1,16,1,False,0.1,lr1e-04_bs32_modL1_fusion16_fusionL1_fusionBN0_drop0p1__wd1e-04trmiss40_trlocglobal,14,0.5758464435736338,0.6992327272891998,0.6111111111111112,0.6008511120779791,0.5777777777777777,0.0,0.0,0.0,0.0,0.0,0.0,0.0,0.0,0.0,,,,,18473,global,0.4
3,3,lr1e-04_bs32_modL1_fusion16_fusionL1_fusionBN0_drop0p1__wd1e-04trmiss40_trlocglobal,32,0.0001,0.0001,1,16,1,False,0.1,lr1e-04_bs32_modL1_fusion16_fusionL1_fusionBN0_drop0p1__wd1e-04trmiss40_trlocglobal,15,0.5688506066799164,0.6974797248840332,0.6091269841269842,0.5947099329339709,0.6222222222222222,0.0,0.0,0.0,0.0,0.0,0.0,0.0,0.0,0.0,,,,,18473,global,0.4
3,3,lr1e-04_bs32_modL1_fusion16_fusionL1_fusionBN0_drop0p1__wd1e-04trmiss40_trlocglobal,32,0.0001,0.0001,1,16,1,False,0.1,lr1e-04_bs32_modL1_fusion16_fusionL1_fusionBN0_drop0p1__wd1e-04trmiss40_trlocglobal,16,0.564590702454249,0.7091271877288818,0.5952380952380952,0.5789159669713944,0.5777777777777777,0.0,0.0,0.0,0.0,0.0,0.0,0.0,0.0,0.0,,,,,18473,global,0.4
3,3,lr1e-04_bs32_modL1_fusion16_fusionL1_fusionBN0_drop0p1__wd1e-04trmiss40_trlocglobal,32,0.0001,0.0001,1,16,1,False,0.1,lr1e-04_bs32_modL1_fusion16_fusionL1_fusionBN0_drop0p1__wd1e-04trmiss40_trlocglobal,17,0.5679027438163757,0.7114196121692657,0.5972222222222223,0.582648753434444,0.5777777777777777,0.0,0.0,0.0,0.0,0.0,0.0,0.0,0.0,0.0,,,,,18473,global,0.4
3,3,lr1e-04_bs32_modL1_fusion16_fusionL1_fusionBN0_drop0p1__wd1e-04trmiss40_trlocglobal,32,0.0001,0.0001,1,16,1,False,0.1,lr1e-04_bs32_modL1_fusion16_fusionL1_fusionBN0_drop0p1__wd1e-04trmiss40_trlocglobal,18,0.5556758145491282,0.7054278254508972,0.6111111111111112,0.5977604880267476,0.5777777777777777,0.0,0.0,0.0,0.0,0.0,0.0,0.0,0.0,0.0,,,,,18473,global,0.4
3,3,lr1e-04_bs32_modL1_fusion16_fusionL1_fusionBN0_drop0p1__wd1e-04trmiss40_trlocglobal,32,0.0001,0.0001,1,16,1,False,0.1,lr1e-04_bs32_modL1_fusion16_fusionL1_fusionBN0_drop0p1__wd1e-04trmiss40_trlocglobal,19,0.5566627780596415,0.701307475566864,0.621031746031746,0.6020164114922301,0.6444444444444445,0.0,0.0,0.0,0.0,0.0,0.0,0.0,0.0,0.0,,,,,18473,global,0.4
3,3,lr1e-04_bs32_modL1_fusion16_fusionL1_fusionBN0_drop0p1__wd1e-04trmiss40_trlocglobal,32,0.0001,0.0001,1,16,1,False,0.1,lr1e-04_bs32_modL1_fusion16_fusionL1_fusionBN0_drop0p1__wd1e-04trmiss40_trlocglobal,20,0.5427254537741343,0.7047164738178253,0.6091269841269842,0.589891462496151,0.6,0.0,0.0,0.0,0.0,0.0,0.0,0.0,0.0,0.0,,,,,18473,global,0.4
3,3,lr1e-04_bs32_modL1_fusion16_fusionL1_fusionBN0_drop0p1__wd1e-04trmiss40_trlocglobal,32,0.0001,0.0001,1,16,1,False,0.1,lr1e-04_bs32_modL1_fusion16_fusionL1_fusionBN0_drop0p1__wd1e-04trmiss40_trlocglobal,21,0.54059765736262,0.7064225971698761,0.5952380952380953,0.5750577260341251,0.6,0.0,0.0,0.0,0.0,0.0,0.0,0.0,0.0,0.0,,,,,18473,global,0.4
3,3,lr1e-04_bs32_modL1_fusion16_fusionL1_fusionBN0_drop0p1__wd1e-04trmiss40_trlocglobal,32,0.0001,0.0001,1,16,1,False,0.1,lr1e-04_bs32_modL1_fusion16_fusionL1_fusionBN0_drop0p1__wd1e-04trmiss40_trlocglobal,22,0.5312410096327463,0.7035671472549438,0.5932539682539683,0.5749695268175238,0.6222222222222222,0.0,0.0,0.0,0.0,0.0,0.0,0.0,0.0,0.0,,,,,18473,global,0.4
3,3,lr1e-04_bs32_modL1_fusion16_fusionL1_fusionBN0_drop0p1__wd1e-04trmiss40_trlocglobal,32,0.0001,0.0001,1,16,1,False,0.1,lr1e-04_bs32_modL1_fusion16_fusionL1_fusionBN0_drop0p1__wd1e-04trmiss40_trlocglobal,23,0.5327308773994446,0.6956581175327301,0.6031746031746031,0.5882480291392889,0.6444444444444445,0.0,0.0,0.0,0.0,0.0,0.0,0.0,0.0,0.0,,,,,18473,global,0.4
3,3,lr1e-04_bs32_modL1_fusion16_fusionL1_fusionBN0_drop0p1__wd1e-04trmiss40_trlocglobal,32,0.0001,0.0001,1,16,1,False,0.1,lr1e-04_bs32_modL1_fusion16_fusionL1_fusionBN0_drop0p1__wd1e-04trmiss40_trlocglobal,24,0.5323686997095743,0.7110888659954071,0.5813492063492063,0.5626800770603807,0.6444444444444445,0.0,0.0,0.0,0.0,0.0,0.0,0.0,0.0,0.0,,,,,18473,global,0.4
3,3,lr1e-04_bs32_modL1_fusion16_fusionL1_fusionBN0_drop0p1__wd1e-04trmiss40_trlocglobal,32,0.0001,0.0001,1,16,1,False,0.1,lr1e-04_bs32_modL1_fusion16_fusionL1_fusionBN0_drop0p1__wd1e-04trmiss40_trlocglobal,25,0.5182096113761266,0.7097036242485046,0.5833333333333333,0.5687442313153245,0.5777777777777777,0.0,0.0,0.0,0.0,0.0,0.0,0.0,0.0,0.0,,,,,18473,global,0.4
3,3,lr1e-04_bs32_modL1_fusion16_fusionL1_fusionBN0_drop0p1__wd1e-04trmiss40_trlocglobal,32,0.0001,0.0001,1,16,1,False,0.1,lr1e-04_bs32_modL1_fusion16_fusionL1_fusionBN0_drop0p1__wd1e-04trmiss40_trlocglobal,26,0.5181451340516409,0.6963405013084412,0.5992063492063493,0.5747985950270806,0.6444444444444445,0.0,0.0,0.0,0.0,0.0,0.0,0.0,0.0,0.0,,,,,18473,global,0.4
3,3,lr1e-04_bs32_modL1_fusion16_fusionL1_fusionBN0_drop0p1__wd1e-04trmiss40_trlocglobal,32,0.0001,0.0001,1,16,1,False,0.1,lr1e-04_bs32_modL1_fusion16_fusionL1_fusionBN0_drop0p1__wd1e-04trmiss40_trlocglobal,27,0.5132846832275391,0.6949448883533478,0.6130952380952381,0.5871160691342471,0.6444444444444445,0.0,0.0,0.0,0.0,0.0,0.0,0.0,0.0,0.0,,,,,18473,global,0.4
3,3,lr1e-04_bs32_modL1_fusion32_fusionL1_fusionBN0_drop0p2__wd1e-04trmiss40_trlocglobal,32,0.0001,0.0001,1,32,1,False,0.2,lr1e-04_bs32_modL1_fusion32_fusionL1_fusionBN0_drop0p2__wd1e-04trmiss40_trlocglobal,1,0.6934176882108053,0.7032720148563385,0.3670634920634921,0.5248705269080828,0.4888888888888889,0.0,0.0,0.0,0.0,0.0,0.0,0.0,0.0,0.0,,,,,18473,global,0.4
3,3,lr1e-04_bs32_modL1_fusion32_fusionL1_fusionBN0_drop0p2__wd1e-04trmiss40_trlocglobal,32,0.0001,0.0001,1,32,1,False,0.2,lr1e-04_bs32_modL1_fusion32_fusionL1_fusionBN0_drop0p2__wd1e-04trmiss40_trlocglobal,2,0.6890927155812582,0.7017236351966858,0.37896825396825395,0.5385150215871729,0.4444444444444444,0.0,0.0,0.0,0.0,0.0,0.0,0.0,0.0,0.0,,,,,18473,global,0.4
3,3,lr1e-04_bs32_modL1_fusion32_fusionL1_fusionBN0_drop0p2__wd1e-04trmiss40_trlocglobal,32,0.0001,0.0001,1,32,1,False,0.2,lr1e-04_bs32_modL1_fusion32_fusionL1_fusionBN0_drop0p2__wd1e-04trmiss40_trlocglobal,3,0.6701085865497589,0.7011628150939941,0.4027777777777778,0.575095724756602,0.37777777777777777,0.0,0.0,0.0,0.0,0.0,0.0,0.0,0.0,0.0,,,,,18473,global,0.4
3,3,lr1e-04_bs32_modL1_fusion32_fusionL1_fusionBN0_drop0p2__wd1e-04trmiss40_trlocglobal,32,0.0001,0.0001,1,32,1,False,0.2,lr1e-04_bs32_modL1_fusion32_fusionL1_fusionBN0_drop0p2__wd1e-04trmiss40_trlocglobal,4,0.6660392582416534,0.7003001272678375,0.40674603174603174,0.5624773236281153,0.37777777777777777,0.0,0.0,0.0,0.0,0.0,0.0,0.0,0.0,0.0,,,,,18473,global,0.4
3,3,lr1e-04_bs32_modL1_fusion32_fusionL1_fusionBN0_drop0p2__wd1e-04trmiss40_trlocglobal,32,0.0001,0.0001,1,32,1,False,0.2,lr1e-04_bs32_modL1_fusion32_fusionL1_fusionBN0_drop0p2__wd1e-04trmiss40_trlocglobal,5,0.6629159450531006,0.6975288689136505,0.45436507936507936,0.5982848147728593,0.4,0.0,0.0,0.0,0.0,0.0,0.0,0.0,0.0,0.0,,,,,18473,global,0.4
3,3,lr1e-04_bs32_modL1_fusion32_fusionL1_fusionBN0_drop0p2__wd1e-04trmiss40_trlocglobal,32,0.0001,0.0001,1,32,1,False,0.2,lr1e-04_bs32_modL1_fusion32_fusionL1_fusionBN0_drop0p2__wd1e-04trmiss40_trlocglobal,6,0.6510490973790487,0.6969292759895325,0.4484126984126985,0.5834015507183651,0.4222222222222222,0.0,0.0,0.0,0.0,0.0,0.0,0.0,0.0,0.0,,,,,18473,global,0.4
3,3,lr1e-04_bs32_modL1_fusion32_fusionL1_fusionBN0_drop0p2__wd1e-04trmiss40_trlocglobal,32,0.0001,0.0001,1,32,1,False,0.2,lr1e-04_bs32_modL1_fusion32_fusionL1_fusionBN0_drop0p2__wd1e-04trmiss40_trlocglobal,7,0.6449946562449137,0.6961398422718048,0.46031746031746035,0.5967552131802563,0.4888888888888889,0.0,0.0,0.0,0.0,0.0,0.0,0.0,0.0,0.0,,,,,18473,global,0.4
3,3,lr1e-04_bs32_modL1_fusion32_fusionL1_fusionBN0_drop0p2__wd1e-04trmiss40_trlocglobal,32,0.0001,0.0001,1,32,1,False,0.2,lr1e-04_bs32_modL1_fusion32_fusionL1_fusionBN0_drop0p2__wd1e-04trmiss40_trlocglobal,8,0.644261916478475,0.6966860592365265,0.4623015873015873,0.5976631863026649,0.4888888888888889,0.0,0.0,0.0,0.0,0.0,0.0,0.0,0.0,0.0,,,,,18473,global,0.4
3,3,lr1e-04_bs32_modL1_fusion32_fusionL1_fusionBN0_drop0p2__wd1e-04trmiss40_trlocglobal,32,0.0001,0.0001,1,32,1,False,0.2,lr1e-04_bs32_modL1_fusion32_fusionL1_fusionBN0_drop0p2__wd1e-04trmiss40_trlocglobal,9,0.6378895143667856,0.6967537105083466,0.48412698412698413,0.6060174979167524,0.4888888888888889,0.0,0.0,0.0,0.0,0.0,0.0,0.0,0.0,0.0,,,,,18473,global,0.4
3,3,lr1e-04_bs32_modL1_fusion32_fusionL1_fusionBN0_drop0p2__wd1e-04trmiss40_trlocglobal,32,0.0001,0.0001,1,32,1,False,0.2,lr1e-04_bs32_modL1_fusion32_fusionL1_fusionBN0_drop0p2__wd1e-04trmiss40_trlocglobal,10,0.6323745548725128,0.6981334388256073,0.46825396825396826,0.5963523192703571,0.4888888888888889,0.0,0.0,0.0,0.0,0.0,0.0,0.0,0.0,0.0,,,,,18473,global,0.4
3,3,lr1e-04_bs32_modL1_fusion32_fusionL1_fusionBN0_drop0p2__wd1e-04trmiss40_trlocglobal,32,0.0001,0.0001,1,32,1,False,0.2,lr1e-04_bs32_modL1_fusion32_fusionL1_fusionBN0_drop0p2__wd1e-04trmiss40_trlocglobal,11,0.6217800180117289,0.6975532472133636,0.48015873015873023,0.6189227043488235,0.4888888888888889,0.0,0.0,0.0,0.0,0.0,0.0,0.0,0.0,0.0,,,,,18473,global,0.4
3,3,lr1e-04_bs32_modL1_fusion32_fusionL1_fusionBN0_drop0p2__wd1e-04trmiss40_trlocglobal,32,0.0001,0.0001,1,32,1,False,0.2,lr1e-04_bs32_modL1_fusion32_fusionL1_fusionBN0_drop0p2__wd1e-04trmiss40_trlocglobal,12,0.6152082880338033,0.6965744197368622,0.49206349206349204,0.6379619279091608,0.4888888888888889,0.0,0.0,0.0,0.0,0.0,0.0,0.0,0.0,0.0,,,,,18473,global,0.4
3,3,lr1e-04_bs32_modL1_fusion32_fusionL1_fusionBN0_drop0p2__wd1e-04trmiss40_trlocglobal,32,0.0001,0.0001,1,32,1,False,0.2,lr1e-04_bs32_modL1_fusion32_fusionL1_fusionBN0_drop0p2__wd1e-04trmiss40_trlocglobal,13,0.6155753334363302,0.6970862150192261,0.49603174603174605,0.6389275262431802,0.4888888888888889,0.0,0.0,0.0,0.0,0.0,0.0,0.0,0.0,0.0,,,,,18473,global,0.4
3,3,lr1e-04_bs32_modL1_fusion32_fusionL1_fusionBN0_drop0p2__wd1e-04trmiss40_trlocglobal,32,0.0001,0.0001,1,32,1,False,0.2,lr1e-04_bs32_modL1_fusion32_fusionL1_fusionBN0_drop0p2__wd1e-04trmiss40_trlocglobal,14,0.6038644810517629,0.6953383684158325,0.5138888888888888,0.6536622803008509,0.4666666666666667,0.0,0.0,0.0,0.0,0.0,0.0,0.0,0.0,0.0,,,,,18473,global,0.4
3,3,lr1e-04_bs32_modL1_fusion32_fusionL1_fusionBN0_drop0p2__wd1e-04trmiss40_trlocglobal,32,0.0001,0.0001,1,32,1,False,0.2,lr1e-04_bs32_modL1_fusion32_fusionL1_fusionBN0_drop0p2__wd1e-04trmiss40_trlocglobal,15,0.6047945320606232,0.6953354179859161,0.5138888888888888,0.6511696336558401,0.4444444444444444,0.0,0.0,0.0,0.0,0.0,0.0,0.0,0.0,0.0,,,,,18473,global,0.4
3,3,lr1e-04_bs32_modL1_fusion32_fusionL1_fusionBN0_drop0p2__wd1e-04trmiss40_trlocglobal,32,0.0001,0.0001,1,32,1,False,0.2,lr1e-04_bs32_modL1_fusion32_fusionL1_fusionBN0_drop0p2__wd1e-04trmiss40_trlocglobal,16,0.6008748114109039,0.6965260803699493,0.5059523809523809,0.6285549092787625,0.4444444444444444,0.0,0.0,0.0,0.0,0.0,0.0,0.0,0.0,0.0,,,,,18473,global,0.4
3,3,lr1e-04_bs32_modL1_fusion32_fusionL1_fusionBN0_drop0p2__wd1e-04trmiss40_trlocglobal,32,0.0001,0.0001,1,32,1,False,0.2,lr1e-04_bs32_modL1_fusion32_fusionL1_fusionBN0_drop0p2__wd1e-04trmiss40_trlocglobal,17,0.6022089819113413,0.6959784030914307,0.5079365079365079,0.6259706367070178,0.4444444444444444,0.0,0.0,0.0,0.0,0.0,0.0,0.0,0.0,0.0,,,,,18473,global,0.4
3,3,lr1e-04_bs32_modL1_fusion32_fusionL1_fusionBN0_drop0p2__wd1e-04trmiss40_trlocglobal,32,0.0001,0.0001,1,32,1,False,0.2,lr1e-04_bs32_modL1_fusion32_fusionL1_fusionBN0_drop0p2__wd1e-04trmiss40_trlocglobal,18,0.5850977798302969,0.695643275976181,0.5,0.6035896123069372,0.4444444444444444,0.0,0.0,0.0,0.0,0.0,0.0,0.0,0.0,0.0,,,,,18473,global,0.4
3,3,lr1e-04_bs32_modL1_fusion32_fusionL1_fusionBN0_drop0p2__wd1e-04trmiss40_trlocglobal,32,0.0001,0.0001,1,32,1,False,0.2,lr1e-04_bs32_modL1_fusion32_fusionL1_fusionBN0_drop0p2__wd1e-04trmiss40_trlocglobal,19,0.5858993728955587,0.6963298618793488,0.501984126984127,0.6145742795404368,0.4444444444444444,0.0,0.0,0.0,0.0,0.0,0.0,0.0,0.0,0.0,,,,,18473,global,0.4
3,3,lr1e-04_bs32_modL1_fusion32_fusionL1_fusionBN0_drop0p2__wd1e-04trmiss40_trlocglobal,32,0.0001,0.0001,1,32,1,False,0.2,lr1e-04_bs32_modL1_fusion32_fusionL1_fusionBN0_drop0p2__wd1e-04trmiss40_trlocglobal,20,0.5758051971594492,0.6970450580120087,0.498015873015873,0.6037829521195298,0.4444444444444444,0.0,0.0,0.0,0.0,0.0,0.0,0.0,0.0,0.0,,,,,18473,global,0.4
3,3,lr1e-04_bs32_modL1_fusion32_fusionL1_fusionBN0_drop0p2__wd1e-04trmiss40_trlocglobal,32,0.0001,0.0001,1,32,1,False,0.2,lr1e-04_bs32_modL1_fusion32_fusionL1_fusionBN0_drop0p2__wd1e-04trmiss40_trlocglobal,21,0.5773787697156271,0.6988506317138672,0.48214285714285715,0.5886771828100067,0.4666666666666667,0.0,0.0,0.0,0.0,0.0,0.0,0.0,0.0,0.0,,,,,18473,global,0.4
3,3,lr1e-04_bs32_modL1_fusion32_fusionL1_fusionBN0_drop0p2__wd1e-04trmiss40_trlocglobal,32,0.0001,0.0001,1,32,1,False,0.2,lr1e-04_bs32_modL1_fusion32_fusionL1_fusionBN0_drop0p2__wd1e-04trmiss40_trlocglobal,22,0.5755104919274648,0.6993628144264221,0.48809523809523814,0.5830008933775456,0.4222222222222222,0.0,0.0,0.0,0.0,0.0,0.0,0.0,0.0,0.0,,,,,18473,global,0.4
3,3,lr1e-04_bs32_modL1_fusion32_fusionL1_fusionBN0_drop0p2__wd1e-04trmiss40_trlocglobal,32,0.0001,0.0001,1,32,1,False,0.2,lr1e-04_bs32_modL1_fusion32_fusionL1_fusionBN0_drop0p2__wd1e-04trmiss40_trlocglobal,23,0.5677376091480255,0.696973979473114,0.513888888888889,0.5881432490528531,0.4888888888888889,0.0,0.0,0.0,0.0,0.0,0.0,0.0,0.0,0.0,,,,,18473,global,0.4
3,3,lr1e-04_bs32_modL1_fusion32_fusionL1_fusionBN0_drop0p2__wd1e-04trmiss40_trlocglobal,32,0.0001,0.0001,1,32,1,False,0.2,lr1e-04_bs32_modL1_fusion32_fusionL1_fusionBN0_drop0p2__wd1e-04trmiss40_trlocglobal,24,0.5607365171114603,0.7018124759197235,0.47420634920634924,0.5551643264801153,0.4666666666666667,0.0,0.0,0.0,0.0,0.0,0.0,0.0,0.0,0.0,,,,,18473,global,0.4
3,3,lr1e-04_bs32_modL1_fusion32_fusionL1_fusionBN0_drop0p2__wd1e-04trmiss40_trlocglobal,32,0.0001,0.0001,1,32,1,False,0.2,lr1e-04_bs32_modL1_fusion32_fusionL1_fusionBN0_drop0p2__wd1e-04trmiss40_trlocglobal,25,0.56272092461586,0.7043316662311554,0.47817460317460325,0.5493464868874908,0.4444444444444444,0.0,0.0,0.0,0.0,0.0,0.0,0.0,0.0,0.0,,,,,18473,global,0.4
3,3,lr1e-04_bs32_modL1_fusion32_fusionL1_fusionBN0_drop0p2__wd1e-04trmiss40_trlocglobal,32,0.0001,0.0001,1,32,1,False,0.2,lr1e-04_bs32_modL1_fusion32_fusionL1_fusionBN0_drop0p2__wd1e-04trmiss40_trlocglobal,26,0.5509199301401774,0.7020769417285919,0.5,0.5638496883447457,0.4444444444444444,0.0,0.0,0.0,0.0,0.0,0.0,0.0,0.0,0.0,,,,,18473,global,0.4
3,3,lr1e-04_bs32_modL1_fusion32_fusionL1_fusionBN0_drop0p2__wd1e-04trmiss40_trlocglobal,32,0.0001,0.0001,1,32,1,False,0.2,lr1e-04_bs32_modL1_fusion32_fusionL1_fusionBN0_drop0p2__wd1e-04trmiss40_trlocglobal,27,0.5463383396466573,0.7050968706607819,0.48015873015873023,0.5472831365370529,0.4888888888888889,0.0,0.0,0.0,0.0,0.0,0.0,0.0,0.0,0.0,,,,,18473,global,0.4
3,3,lr1e-04_bs32_modL1_fusion32_fusionL1_fusionBN0_drop0p2__wd1e-04trmiss40_trlocglobal,32,0.0001,0.0001,1,32,1,False,0.2,lr1e-04_bs32_modL1_fusion32_fusionL1_fusionBN0_drop0p2__wd1e-04trmiss40_trlocglobal,28,0.5510533650716146,0.7030275762081146,0.498015873015873,0.5583559702404888,0.4888888888888889,0.0,0.0,0.0,0.0,0.0,0.0,0.0,0.0,0.0,,,,,18473,global,0.4
3,3,lr1e-04_bs32_modL1_fusion32_fusionL1_fusionBN0_drop0p2__wd1e-04trmiss40_trlocglobal,32,0.0001,0.0001,1,32,1,False,0.2,lr1e-04_bs32_modL1_fusion32_fusionL1_fusionBN0_drop0p2__wd1e-04trmiss40_trlocglobal,29,0.5512403746445974,0.7007804214954376,0.5019841269841271,0.5621374710628237,0.4888888888888889,0.0,0.0,0.0,0.0,0.0,0.0,0.0,0.0,0.0,,,,,18473,global,0.4
3,3,lr1e-04_bs32_modL1_fusion32_fusionL1_fusionBN0_drop0p2__wd1e-04trmiss40_trlocglobal,32,0.0001,0.0001,1,32,1,False,0.2,lr1e-04_bs32_modL1_fusion32_fusionL1_fusionBN0_drop0p2__wd1e-04trmiss40_trlocglobal,30,0.5286339024702708,0.7007264196872711,0.5079365079365079,0.5652844204374672,0.4888888888888889,0.0,0.0,0.0,0.0,0.0,0.0,0.0,0.0,0.0,,,,,18473,global,0.4
3,3,lr1e-04_bs32_modL1_fusion32_fusionL1_fusionBN0_drop0p2__wd1e-04trmiss40_trlocglobal,32,0.0001,0.0001,1,32,1,False,0.2,lr1e-04_bs32_modL1_fusion32_fusionL1_fusionBN0_drop0p2__wd1e-04trmiss40_trlocglobal,31,0.5356678863366445,0.7012811005115509,0.494047619047619,0.5527224845187377,0.4888888888888889,0.0,0.0,0.0,0.0,0.0,0.0,0.0,0.0,0.0,,,,,18473,global,0.4
3,3,lr1e-04_bs32_modL1_fusion32_fusionL1_fusionBN0_drop0p2__wd1e-04trmiss40_trlocglobal,32,0.0001,0.0001,1,32,1,False,0.2,lr1e-04_bs32_modL1_fusion32_fusionL1_fusionBN0_drop0p2__wd1e-04trmiss40_trlocglobal,32,0.5268827577431997,0.7010582685470581,0.49603174603174605,0.5544858707762257,0.4888888888888889,0.0,0.0,0.0,0.0,0.0,0.0,0.0,0.0,0.0,,,,,18473,global,0.4
3,3,lr1e-04_bs32_modL1_fusion32_fusionL1_fusionBN0_drop0p2__wd1e-04trmiss40_trlocglobal,32,0.0001,0.0001,1,32,1,False,0.2,lr1e-04_bs32_modL1_fusion32_fusionL1_fusionBN0_drop0p2__wd1e-04trmiss40_trlocglobal,33,0.5288038849830627,0.7015284597873688,0.5,0.5616460342015102,0.4888888888888889,0.0,0.0,0.0,0.0,0.0,0.0,0.0,0.0,0.0,,,,,18473,global,0.4
3,3,lr1e-04_bs32_modL1_fusion32_fusionL1_fusionBN0_drop0p2__wd1e-04trmiss40_trlocglobal,32,0.0001,0.0001,1,32,1,False,0.2,lr1e-04_bs32_modL1_fusion32_fusionL1_fusionBN0_drop0p2__wd1e-04trmiss40_trlocglobal,34,0.5149888147910436,0.7017100751399994,0.49404761904761907,0.5607050228759402,0.4888888888888889,0.0,0.0,0.0,0.0,0.0,0.0,0.0,0.0,0.0,,,,,18473,global,0.4
3,3,lr1e-04_bs32_modL1_fusion32_fusionL1_fusionBN0_drop0p2__wd1e-04trmiss40_trlocglobal,32,0.0001,0.0001,1,32,1,False,0.2,lr1e-04_bs32_modL1_fusion32_fusionL1_fusionBN0_drop0p2__wd1e-04trmiss40_trlocglobal,35,0.5038788815339407,0.7049736678600311,0.4821428571428572,0.549958252643392,0.4666666666666667,0.0,0.0,0.0,0.0,0.0,0.0,0.0,0.0,0.0,,,,,18473,global,0.4
3,3,lr1e-04_bs32_modL1_fusion32_fusionL1_fusionBN0_drop0p2__wd1e-04trmiss40_trlocglobal,32,0.0001,0.0001,1,32,1,False,0.2,lr1e-04_bs32_modL1_fusion32_fusionL1_fusionBN0_drop0p2__wd1e-04trmiss40_trlocglobal,36,0.5205152829488119,0.7036772668361664,0.48214285714285715,0.5505190362069373,0.4888888888888889,0.0,0.0,0.0,0.0,0.0,0.0,0.0,0.0,0.0,,,,,18473,global,0.4
3,3,lr1e-04_bs32_modL1_fusion32_fusionL1_fusionBN0_drop0p2__wd1e-04trmiss40_trlocglobal,32,0.0001,0.0001,1,32,1,False,0.2,lr1e-04_bs32_modL1_fusion32_fusionL1_fusionBN0_drop0p2__wd1e-04trmiss40_trlocglobal,37,0.5054359982411066,0.7025478482246399,0.47817460317460314,0.5469858936684511,0.4888888888888889,0.0,0.0,0.0,0.0,0.0,0.0,0.0,0.0,0.0,,,,,18473,global,0.4
3,3,lr1e-04_bs32_modL1_fusion32_fusionL1_fusionBN0_drop0p2__wd1e-04trmiss40_trlocglobal,32,0.0001,0.0001,1,32,1,False,0.2,lr1e-04_bs32_modL1_fusion32_fusionL1_fusionBN0_drop0p2__wd1e-04trmiss40_trlocglobal,38,0.49573448797067005,0.7032707333564758,0.47817460317460314,0.5489237350238619,0.4888888888888889,0.0,0.0,0.0,0.0,0.0,0.0,0.0,0.0,0.0,,,,,18473,global,0.4
3,3,lr1e-04_bs32_modL1_fusion32_fusionL1_fusionBN0_drop0p2__wd1e-04trmiss40_trlocglobal,32,0.0001,0.0001,1,32,1,False,0.2,lr1e-04_bs32_modL1_fusion32_fusionL1_fusionBN0_drop0p2__wd1e-04trmiss40_trlocglobal,39,0.4866003543138504,0.7041293978691101,0.4761904761904763,0.5426592339590183,0.4666666666666667,0.0,0.0,0.0,0.0,0.0,0.0,0.0,0.0,0.0,,,,,18473,global,0.4
3,3,lr1e-04_bs32_modL1_fusion32_fusionL1_fusionBN0_drop0p2__wd1e-04trmiss40_trlocglobal,32,0.0001,0.0001,1,32,1,False,0.2,lr1e-04_bs32_modL1_fusion32_fusionL1_fusionBN0_drop0p2__wd1e-04trmiss40_trlocglobal,40,0.493545338511467,0.7049456834793091,0.46825396825396826,0.5379783020028481,0.4666666666666667,0.0,0.0,0.0,0.0,0.0,0.0,0.0,0.0,0.0,,,,,18473,global,0.4
3,3,lr1e-04_bs32_modL1_fusion32_fusionL1_fusionBN0_drop0p2__wd1e-04trmiss40_trlocglobal,32,0.0001,0.0001,1,32,1,False,0.2,lr1e-04_bs32_modL1_fusion32_fusionL1_fusionBN0_drop0p2__wd1e-04trmiss40_trlocglobal,41,0.4848422358433406,0.7016535699367523,0.48015873015873023,0.5604617607676566,0.4666666666666667,0.0,0.0,0.0,0.0,0.0,0.0,0.0,0.0,0.0,,,,,18473,global,0.4
3,3,lr1e-04_bs32_modL1_fusion32_fusionL1_fusionBN0_drop0p2__wd1e-04trmiss40_trlocglobal,32,0.0001,0.0001,1,32,1,False,0.2,lr1e-04_bs32_modL1_fusion32_fusionL1_fusionBN0_drop0p2__wd1e-04trmiss40_trlocglobal,42,0.48961346844832104,0.7024069726467133,0.47817460317460314,0.5616540204003514,0.4666666666666667,0.0,0.0,0.0,0.0,0.0,0.0,0.0,0.0,0.0,,,,,18473,global,0.4
3,3,lr1e-04_bs32_modL1_fusion32_fusionL1_fusionBN0_drop0p2__wd1e-04trmiss40_trlocglobal,32,0.0001,0.0001,1,32,1,False,0.2,lr1e-04_bs32_modL1_fusion32_fusionL1_fusionBN0_drop0p2__wd1e-04trmiss40_trlocglobal,43,0.4794774850209554,0.7015084028244019,0.4841269841269841,0.5652312067279639,0.4888888888888889,0.0,0.0,0.0,0.0,0.0,0.0,0.0,0.0,0.0,,,,,18473,global,0.4
3,3,lr1e-04_bs32_modL1_fusion32_fusionL1_fusionBN0_drop0p1__wd1e-04trmiss40_trlocglobal,32,0.0001,0.0001,1,32,1,False,0.1,lr1e-04_bs32_modL1_fusion32_fusionL1_fusionBN0_drop0p1__wd1e-04trmiss40_trlocglobal,1,0.6930408775806427,0.6921416819095612,0.4642857142857143,0.5073425199578142,0.4222222222222222,0.0,0.0,0.0,0.0,0.0,0.0,0.0,0.0,0.0,,,,,18473,global,0.4
3,3,lr1e-04_bs32_modL1_fusion32_fusionL1_fusionBN0_drop0p1__wd1e-04trmiss40_trlocglobal,32,0.0001,0.0001,1,32,1,False,0.1,lr1e-04_bs32_modL1_fusion32_fusionL1_fusionBN0_drop0p1__wd1e-04trmiss40_trlocglobal,2,0.6765590210755666,0.6922109425067902,0.4682539682539683,0.5037586974322965,0.4444444444444444,0.0,0.0,0.0,0.0,0.0,0.0,0.0,0.0,0.0,,,,,18473,global,0.4
3,3,lr1e-04_bs32_modL1_fusion32_fusionL1_fusionBN0_drop0p1__wd1e-04trmiss40_trlocglobal,32,0.0001,0.0001,1,32,1,False,0.1,lr1e-04_bs32_modL1_fusion32_fusionL1_fusionBN0_drop0p1__wd1e-04trmiss40_trlocglobal,3,0.6658297777175903,0.6927344501018524,0.46825396825396826,0.4982305173919213,0.4222222222222222,0.0,0.0,0.0,0.0,0.0,0.0,0.0,0.0,0.0,,,,,18473,global,0.4
3,3,lr1e-04_bs32_modL1_fusion32_fusionL1_fusionBN0_drop0p1__wd1e-04trmiss40_trlocglobal,32,0.0001,0.0001,1,32,1,False,0.1,lr1e-04_bs32_modL1_fusion32_fusionL1_fusionBN0_drop0p1__wd1e-04trmiss40_trlocglobal,4,0.6618425846099854,0.6953013241291046,0.45833333333333337,0.5206895948392818,0.4444444444444444,0.0,0.0,0.0,0.0,0.0,0.0,0.0,0.0,0.0,,,,,18473,global,0.4
3,3,lr1e-04_bs32_modL1_fusion32_fusionL1_fusionBN0_drop0p1__wd1e-04trmiss40_trlocglobal,32,0.0001,0.0001,1,32,1,False,0.1,lr1e-04_bs32_modL1_fusion32_fusionL1_fusionBN0_drop0p1__wd1e-04trmiss40_trlocglobal,5,0.6483267744382223,0.6989235877990723,0.43452380952380953,0.5102105022205556,0.4222222222222222,0.0,0.0,0.0,0.0,0.0,0.0,0.0,0.0,0.0,,,,,18473,global,0.4
3,3,lr1e-04_bs32_modL1_fusion32_fusionL1_fusionBN0_drop0p1__wd1e-04trmiss40_trlocglobal,32,0.0001,0.0001,1,32,1,False,0.1,lr1e-04_bs32_modL1_fusion32_fusionL1_fusionBN0_drop0p1__wd1e-04trmiss40_trlocglobal,6,0.648584802945455,0.6986598074436188,0.45238095238095244,0.5211193286117013,0.4222222222222222,0.0,0.0,0.0,0.0,0.0,0.0,0.0,0.0,0.0,,,,,18473,global,0.4
3,3,lr1e-04_bs32_modL1_fusion32_fusionL1_fusionBN0_drop0p1__wd1e-04trmiss40_trlocglobal,32,0.0001,0.0001,1,32,1,False,0.1,lr1e-04_bs32_modL1_fusion32_fusionL1_fusionBN0_drop0p1__wd1e-04trmiss40_trlocglobal,7,0.6429459849993387,0.6976042687892914,0.4722222222222223,0.5319191427954613,0.4444444444444444,0.0,0.0,0.0,0.0,0.0,0.0,0.0,0.0,0.0,,,,,18473,global,0.4
3,3,lr1e-04_bs32_modL1_fusion32_fusionL1_fusionBN0_drop0p1__wd1e-04trmiss40_trlocglobal,32,0.0001,0.0001,1,32,1,False,0.1,lr1e-04_bs32_modL1_fusion32_fusionL1_fusionBN0_drop0p1__wd1e-04trmiss40_trlocglobal,8,0.633705735206604,0.6960492730140686,0.4900793650793651,0.5462267069690151,0.4888888888888889,0.0,0.0,0.0,0.0,0.0,0.0,0.0,0.0,0.0,,,,,18473,global,0.4
3,3,lr1e-04_bs32_modL1_fusion32_fusionL1_fusionBN0_drop0p1__wd1e-04trmiss40_trlocglobal,32,0.0001,0.0001,1,32,1,False,0.1,lr1e-04_bs32_modL1_fusion32_fusionL1_fusionBN0_drop0p1__wd1e-04trmiss40_trlocglobal,9,0.6259164810180664,0.6950101554393768,0.5,0.5514774372296414,0.5333333333333333,0.0,0.0,0.0,0.0,0.0,0.0,0.0,0.0,0.0,,,,,18473,global,0.4
3,3,lr1e-04_bs32_modL1_fusion32_fusionL1_fusionBN0_drop0p1__wd1e-04trmiss40_trlocglobal,32,0.0001,0.0001,1,32,1,False,0.1,lr1e-04_bs32_modL1_fusion32_fusionL1_fusionBN0_drop0p1__wd1e-04trmiss40_trlocglobal,10,0.6284962395826975,0.6952326893806458,0.511904761904762,0.5690762915035267,0.5111111111111111,0.0,0.0,0.0,0.0,0.0,0.0,0.0,0.0,0.0,,,,,18473,global,0.4
3,3,lr1e-04_bs32_modL1_fusion32_fusionL1_fusionBN0_drop0p1__wd1e-04trmiss40_trlocglobal,32,0.0001,0.0001,1,32,1,False,0.1,lr1e-04_bs32_modL1_fusion32_fusionL1_fusionBN0_drop0p1__wd1e-04trmiss40_trlocglobal,11,0.6201090514659882,0.6953195333480835,0.5158730158730158,0.5817970425825435,0.5333333333333333,0.0,0.0,0.0,0.0,0.0,0.0,0.0,0.0,0.0,,,,,18473,global,0.4
3,3,lr1e-04_bs32_modL1_fusion32_fusionL1_fusionBN0_drop0p1__wd1e-04trmiss40_trlocglobal,32,0.0001,0.0001,1,32,1,False,0.1,lr1e-04_bs32_modL1_fusion32_fusionL1_fusionBN0_drop0p1__wd1e-04trmiss40_trlocglobal,12,0.607927550872167,0.6967126727104187,0.4980158730158731,0.5752335145862623,0.5111111111111111,0.0,0.0,0.0,0.0,0.0,0.0,0.0,0.0,0.0,,,,,18473,global,0.4
3,3,lr1e-04_bs32_modL1_fusion32_fusionL1_fusionBN0_drop0p1__wd1e-04trmiss40_trlocglobal,32,0.0001,0.0001,1,32,1,False,0.1,lr1e-04_bs32_modL1_fusion32_fusionL1_fusionBN0_drop0p1__wd1e-04trmiss40_trlocglobal,13,0.6018828352292379,0.6992398500442505,0.4841269841269842,0.5655394744938154,0.5111111111111111,0.0,0.0,0.0,0.0,0.0,0.0,0.0,0.0,0.0,,,,,18473,global,0.4
3,3,lr1e-04_bs32_modL1_fusion32_fusionL1_fusionBN0_drop0p1__wd1e-04trmiss40_trlocglobal,32,0.0001,0.0001,1,32,1,False,0.1,lr1e-04_bs32_modL1_fusion32_fusionL1_fusionBN0_drop0p1__wd1e-04trmiss40_trlocglobal,14,0.5900245408217112,0.6988539099693298,0.49603174603174605,0.5602385067679311,0.4888888888888889,0.0,0.0,0.0,0.0,0.0,0.0,0.0,0.0,0.0,,,,,18473,global,0.4
3,3,lr1e-04_bs32_modL1_fusion32_fusionL1_fusionBN0_drop0p1__wd1e-04trmiss40_trlocglobal,32,0.0001,0.0001,1,32,1,False,0.1,lr1e-04_bs32_modL1_fusion32_fusionL1_fusionBN0_drop0p1__wd1e-04trmiss40_trlocglobal,15,0.5925764342149099,0.697466105222702,0.513888888888889,0.5857933531561108,0.5111111111111111,0.0,0.0,0.0,0.0,0.0,0.0,0.0,0.0,0.0,,,,,18473,global,0.4
3,3,lr1e-04_bs32_modL1_fusion32_fusionL1_fusionBN0_drop0p1__wd1e-04trmiss40_trlocglobal,32,0.0001,0.0001,1,32,1,False,0.1,lr1e-04_bs32_modL1_fusion32_fusionL1_fusionBN0_drop0p1__wd1e-04trmiss40_trlocglobal,16,0.5838664670785269,0.6984429657459259,0.503968253968254,0.5781187971795038,0.5333333333333333,0.0,0.0,0.0,0.0,0.0,0.0,0.0,0.0,0.0,,,,,18473,global,0.4
3,3,lr1e-04_bs32_modL1_fusion32_fusionL1_fusionBN0_drop0p1__wd1e-04trmiss40_trlocglobal,32,0.0001,0.0001,1,32,1,False,0.1,lr1e-04_bs32_modL1_fusion32_fusionL1_fusionBN0_drop0p1__wd1e-04trmiss40_trlocglobal,17,0.5828450918197632,0.6989196240901947,0.49603174603174605,0.5704821389363748,0.5555555555555556,0.0,0.0,0.0,0.0,0.0,0.0,0.0,0.0,0.0,,,,,18473,global,0.4
3,3,lr1e-04_bs32_modL1_fusion32_fusionL1_fusionBN0_drop0p1__wd1e-04trmiss40_trlocglobal,32,0.0001,0.0001,1,32,1,False,0.1,lr1e-04_bs32_modL1_fusion32_fusionL1_fusionBN0_drop0p1__wd1e-04trmiss40_trlocglobal,18,0.5784414609273275,0.6989834010601044,0.4900793650793651,0.5655984091462916,0.5333333333333333,0.0,0.0,0.0,0.0,0.0,0.0,0.0,0.0,0.0,,,,,18473,global,0.4
3,3,lr1e-04_bs32_modL1_fusion32_fusionL1_fusionBN0_drop0p1__wd1e-04trmiss40_trlocglobal,32,0.0001,0.0001,1,32,1,False,0.1,lr1e-04_bs32_modL1_fusion32_fusionL1_fusionBN0_drop0p1__wd1e-04trmiss40_trlocglobal,19,0.5666400492191315,0.7041855156421661,0.4662698412698413,0.5569077548503472,0.4888888888888889,0.0,0.0,0.0,0.0,0.0,0.0,0.0,0.0,0.0,,,,,18473,global,0.4
3,3,lr1e-04_bs32_modL1_fusion32_fusionL1_fusionBN0_drop0p1__wd1e-04trmiss40_trlocglobal,32,0.0001,0.0001,1,32,1,False,0.1,lr1e-04_bs32_modL1_fusion32_fusionL1_fusionBN0_drop0p1__wd1e-04trmiss40_trlocglobal,20,0.5615463157494863,0.7053264379501343,0.46825396825396826,0.5627901064424572,0.4888888888888889,0.0,0.0,0.0,0.0,0.0,0.0,0.0,0.0,0.0,,,,,18473,global,0.4
3,3,lr1e-04_bs32_modL1_fusion32_fusionL1_fusionBN0_drop0p1__wd1e-04trmiss40_trlocglobal,32,0.0001,0.0001,1,32,1,False,0.1,lr1e-04_bs32_modL1_fusion32_fusionL1_fusionBN0_drop0p1__wd1e-04trmiss40_trlocglobal,21,0.551824947198232,0.7025572657585144,0.4702380952380953,0.5595161861345437,0.4666666666666667,0.0,0.0,0.0,0.0,0.0,0.0,0.0,0.0,0.0,,,,,18473,global,0.4
3,3,lr1e-04_bs32_modL1_fusion32_fusionL1_fusionBN0_drop0p1__wd1e-04trmiss40_trlocglobal,32,0.0001,0.0001,1,32,1,False,0.1,lr1e-04_bs32_modL1_fusion32_fusionL1_fusionBN0_drop0p1__wd1e-04trmiss40_trlocglobal,22,0.5541948974132538,0.6999976933002472,0.4761904761904762,0.5676862268950456,0.4444444444444444,0.0,0.0,0.0,0.0,0.0,0.0,0.0,0.0,0.0,,,,,18473,global,0.4
3,3,lr1e-04_bs32_modL1_fusion32_fusionL1_fusionBN0_drop0p1__wd1e-04trmiss40_trlocglobal,32,0.0001,0.0001,1,32,1,False,0.1,lr1e-04_bs32_modL1_fusion32_fusionL1_fusionBN0_drop0p1__wd1e-04trmiss40_trlocglobal,23,0.5431470076243082,0.7039992213249207,0.4761904761904762,0.5771913256917267,0.4888888888888889,0.0,0.0,0.0,0.0,0.0,0.0,0.0,0.0,0.0,,,,,18473,global,0.4
3,3,lr1e-04_bs32_modL1_fusion32_fusionL1_fusionBN0_drop0p1__wd1e-04trmiss40_trlocglobal,32,0.0001,0.0001,1,32,1,False,0.1,lr1e-04_bs32_modL1_fusion32_fusionL1_fusionBN0_drop0p1__wd1e-04trmiss40_trlocglobal,24,0.5418680210908254,0.7027156949043274,0.47619047619047616,0.5593435705595542,0.4888888888888889,0.0,0.0,0.0,0.0,0.0,0.0,0.0,0.0,0.0,,,,,18473,global,0.4
3,3,lr1e-04_bs32_modL1_fusion32_fusionL1_fusionBN0_drop0p1__wd1e-04trmiss40_trlocglobal,32,0.0001,0.0001,1,32,1,False,0.1,lr1e-04_bs32_modL1_fusion32_fusionL1_fusionBN0_drop0p1__wd1e-04trmiss40_trlocglobal,25,0.5286586781342825,0.7010821402072906,0.46428571428571425,0.5505584354644796,0.4444444444444444,0.0,0.0,0.0,0.0,0.0,0.0,0.0,0.0,0.0,,,,,18473,global,0.4
3,3,lr1e-04_bs32_modL1_fusion32_fusionL1_fusionBN0_drop0p1__wd1e-04trmiss40_trlocglobal,32,0.0001,0.0001,1,32,1,False,0.1,lr1e-04_bs32_modL1_fusion32_fusionL1_fusionBN0_drop0p1__wd1e-04trmiss40_trlocglobal,26,0.5258258680502573,0.7070761919021606,0.4543650793650794,0.5520479747209203,0.4888888888888889,0.0,0.0,0.0,0.0,0.0,0.0,0.0,0.0,0.0,,,,,18473,global,0.4
3,3,lr1e-04_bs32_modL1_fusion32_fusionL1_fusionBN0_drop0p1__wd1e-04trmiss40_trlocglobal,32,0.0001,0.0001,1,32,1,False,0.1,lr1e-04_bs32_modL1_fusion32_fusionL1_fusionBN0_drop0p1__wd1e-04trmiss40_trlocglobal,27,0.5314159095287323,0.7070962190628052,0.45833333333333337,0.5552412611064474,0.5111111111111111,0.0,0.0,0.0,0.0,0.0,0.0,0.0,0.0,0.0,,,,,18473,global,0.4
3,3,lr1e-04_bs32_modL1_fusion32_fusionL1_fusionBN0_drop0p1__wd1e-04trmiss40_trlocglobal,32,0.0001,0.0001,1,32,1,False,0.1,lr1e-04_bs32_modL1_fusion32_fusionL1_fusionBN0_drop0p1__wd1e-04trmiss40_trlocglobal,28,0.5151111682256063,0.7052784264087677,0.4662698412698413,0.5300202313073776,0.4888888888888889,0.0,0.0,0.0,0.0,0.0,0.0,0.0,0.0,0.0,,,,,18473,global,0.4
3,3,lr1e-04_bs32_modL1_fusion32_fusionL1_fusionBN0_drop0p1__wd1e-04trmiss40_trlocglobal,32,0.0001,0.0001,1,32,1,False,0.1,lr1e-04_bs32_modL1_fusion32_fusionL1_fusionBN0_drop0p1__wd1e-04trmiss40_trlocglobal,29,0.5186920861403147,0.7074998915195465,0.4603174603174603,0.5235903880025343,0.4888888888888889,0.0,0.0,0.0,0.0,0.0,0.0,0.0,0.0,0.0,,,,,18473,global,0.4
3,3,lr1e-04_bs32_modL1_fusion32_fusionL1_fusionBN0_drop0p1__wd1e-04trmiss40_trlocglobal,32,0.0001,0.0001,1,32,1,False,0.1,lr1e-04_bs32_modL1_fusion32_fusionL1_fusionBN0_drop0p1__wd1e-04trmiss40_trlocglobal,30,0.5080666790405909,0.7127549350261688,0.44841269841269843,0.5181906919633189,0.4888888888888889,0.0,0.0,0.0,0.0,0.0,0.0,0.0,0.0,0.0,,,,,18473,global,0.4
3,3,lr1e-04_bs32_modL1_fusion32_fusionL1_fusionBN0_drop0p1__wd1e-04trmiss40_trlocglobal,32,0.0001,0.0001,1,32,1,False,0.1,lr1e-04_bs32_modL1_fusion32_fusionL1_fusionBN0_drop0p1__wd1e-04trmiss40_trlocglobal,31,0.5013917138179144,0.7127786874771118,0.45833333333333337,0.5290073579631982,0.5333333333333333,0.0,0.0,0.0,0.0,0.0,0.0,0.0,0.0,0.0,,,,,18473,global,0.4
3,3,lr5e-05_bs32_modL1_fusion16_fusionL1_fusionBN0_drop0p2__wd1e-04trmiss40_trlocglobal,32,5e-05,0.0001,1,16,1,False,0.2,lr5e-05_bs32_modL1_fusion16_fusionL1_fusionBN0_drop0p2__wd1e-04trmiss40_trlocglobal,1,0.7094960510730743,0.7000476121902466,0.41666666666666674,0.4749781220277121,0.4666666666666667,0.0,0.0,0.0,0.0,0.0,0.0,0.0,0.0,0.0,,,,,18473,global,0.4
3,3,lr5e-05_bs32_modL1_fusion16_fusionL1_fusionBN0_drop0p2__wd1e-04trmiss40_trlocglobal,32,5e-05,0.0001,1,16,1,False,0.2,lr5e-05_bs32_modL1_fusion16_fusionL1_fusionBN0_drop0p2__wd1e-04trmiss40_trlocglobal,2,0.6989774803320566,0.7007170617580414,0.43253968253968256,0.48254421382587087,0.4666666666666667,0.0,0.0,0.0,0.0,0.0,0.0,0.0,0.0,0.0,,,,,18473,global,0.4
3,3,lr5e-05_bs32_modL1_fusion16_fusionL1_fusionBN0_drop0p2__wd1e-04trmiss40_trlocglobal,32,5e-05,0.0001,1,16,1,False,0.2,lr5e-05_bs32_modL1_fusion16_fusionL1_fusionBN0_drop0p2__wd1e-04trmiss40_trlocglobal,3,0.6878661712010702,0.7023791670799255,0.4265873015873017,0.48409484531844327,0.4666666666666667,0.0,0.0,0.0,0.0,0.0,0.0,0.0,0.0,0.0,,,,,18473,global,0.4
3,3,lr5e-05_bs32_modL1_fusion16_fusionL1_fusionBN0_drop0p2__wd1e-04trmiss40_trlocglobal,32,5e-05,0.0001,1,16,1,False,0.2,lr5e-05_bs32_modL1_fusion16_fusionL1_fusionBN0_drop0p2__wd1e-04trmiss40_trlocglobal,4,0.6787147919336954,0.7029495537281036,0.43650793650793657,0.49384029691858056,0.4666666666666667,0.0,0.0,0.0,0.0,0.0,0.0,0.0,0.0,0.0,,,,,18473,global,0.4
3,3,lr5e-05_bs32_modL1_fusion16_fusionL1_fusionBN0_drop0p2__wd1e-04trmiss40_trlocglobal,32,5e-05,0.0001,1,16,1,False,0.2,lr5e-05_bs32_modL1_fusion16_fusionL1_fusionBN0_drop0p2__wd1e-04trmiss40_trlocglobal,5,0.6709844768047333,0.7028990387916565,0.43253968253968256,0.4887191552725029,0.4666666666666667,0.0,0.0,0.0,0.0,0.0,0.0,0.0,0.0,0.0,,,,,18473,global,0.4
3,3,lr5e-05_bs32_modL1_fusion16_fusionL1_fusionBN0_drop0p2__wd1e-04trmiss40_trlocglobal,32,5e-05,0.0001,1,16,1,False,0.2,lr5e-05_bs32_modL1_fusion16_fusionL1_fusionBN0_drop0p2__wd1e-04trmiss40_trlocglobal,6,0.6684301098187765,0.7033940851688385,0.4325396825396826,0.48722799958726826,0.4444444444444444,0.0,0.0,0.0,0.0,0.0,0.0,0.0,0.0,0.0,,,,,18473,global,0.4
3,3,lr5e-05_bs32_modL1_fusion16_fusionL1_fusionBN0_drop0p2__wd1e-04trmiss40_trlocglobal,32,5e-05,0.0001,1,16,1,False,0.2,lr5e-05_bs32_modL1_fusion16_fusionL1_fusionBN0_drop0p2__wd1e-04trmiss40_trlocglobal,7,0.6674661437670389,0.7032954394817352,0.4444444444444445,0.49264303969997103,0.4444444444444444,0.0,0.0,0.0,0.0,0.0,0.0,0.0,0.0,0.0,,,,,18473,global,0.4
3,3,lr5e-05_bs32_modL1_fusion16_fusionL1_fusionBN0_drop0p2__wd1e-04trmiss40_trlocglobal,32,5e-05,0.0001,1,16,1,False,0.2,lr5e-05_bs32_modL1_fusion16_fusionL1_fusionBN0_drop0p2__wd1e-04trmiss40_trlocglobal,8,0.6651032666365305,0.7032966315746307,0.44841269841269843,0.4944006161219844,0.4444444444444444,0.0,0.0,0.0,0.0,0.0,0.0,0.0,0.0,0.0,,,,,18473,global,0.4
3,3,lr5e-05_bs32_modL1_fusion16_fusionL1_fusionBN0_drop0p2__wd1e-04trmiss40_trlocglobal,32,5e-05,0.0001,1,16,1,False,0.2,lr5e-05_bs32_modL1_fusion16_fusionL1_fusionBN0_drop0p2__wd1e-04trmiss40_trlocglobal,9,0.6581000685691833,0.7033222019672394,0.45833333333333337,0.5046806309056756,0.4444444444444444,0.0,0.0,0.0,0.0,0.0,0.0,0.0,0.0,0.0,,,,,18473,global,0.4
3,3,lr5e-05_bs32_modL1_fusion16_fusionL1_fusionBN0_drop0p2__wd1e-04trmiss40_trlocglobal,32,5e-05,0.0001,1,16,1,False,0.2,lr5e-05_bs32_modL1_fusion16_fusionL1_fusionBN0_drop0p2__wd1e-04trmiss40_trlocglobal,10,0.6638709505399069,0.701151579618454,0.47023809523809523,0.5160660726894271,0.4444444444444444,0.0,0.0,0.0,0.0,0.0,0.0,0.0,0.0,0.0,,,,,18473,global,0.4
3,3,lr5e-05_bs32_modL1_fusion16_fusionL1_fusionBN0_drop0p2__wd1e-04trmiss40_trlocglobal,32,5e-05,0.0001,1,16,1,False,0.2,lr5e-05_bs32_modL1_fusion16_fusionL1_fusionBN0_drop0p2__wd1e-04trmiss40_trlocglobal,11,0.6505098342895508,0.7003211081027985,0.48015873015873023,0.5187721385429104,0.4444444444444444,0.0,0.0,0.0,0.0,0.0,0.0,0.0,0.0,0.0,,,,,18473,global,0.4
3,3,lr5e-05_bs32_modL1_fusion16_fusionL1_fusionBN0_drop0p2__wd1e-04trmiss40_trlocglobal,32,5e-05,0.0001,1,16,1,False,0.2,lr5e-05_bs32_modL1_fusion16_fusionL1_fusionBN0_drop0p2__wd1e-04trmiss40_trlocglobal,12,0.6445622046788534,0.7005900144577026,0.4920634920634921,0.530164003521732,0.4444444444444444,0.0,0.0,0.0,0.0,0.0,0.0,0.0,0.0,0.0,,,,,18473,global,0.4
3,3,lr5e-05_bs32_modL1_fusion16_fusionL1_fusionBN0_drop0p2__wd1e-04trmiss40_trlocglobal,32,5e-05,0.0001,1,16,1,False,0.2,lr5e-05_bs32_modL1_fusion16_fusionL1_fusionBN0_drop0p2__wd1e-04trmiss40_trlocglobal,13,0.6456924378871918,0.7014051079750061,0.4781746031746032,0.5177005396217746,0.4444444444444444,0.0,0.0,0.0,0.0,0.0,0.0,0.0,0.0,0.0,,,,,18473,global,0.4
3,3,lr5e-05_bs32_modL1_fusion16_fusionL1_fusionBN0_drop0p2__wd1e-04trmiss40_trlocglobal,32,5e-05,0.0001,1,16,1,False,0.2,lr5e-05_bs32_modL1_fusion16_fusionL1_fusionBN0_drop0p2__wd1e-04trmiss40_trlocglobal,14,0.6484295924504598,0.7005907297134399,0.47817460317460325,0.5136306934278579,0.4666666666666667,0.0,0.0,0.0,0.0,0.0,0.0,0.0,0.0,0.0,,,,,18473,global,0.4
3,3,lr5e-05_bs32_modL1_fusion16_fusionL1_fusionBN0_drop0p2__wd1e-04trmiss40_trlocglobal,32,5e-05,0.0001,1,16,1,False,0.2,lr5e-05_bs32_modL1_fusion16_fusionL1_fusionBN0_drop0p2__wd1e-04trmiss40_trlocglobal,15,0.6421746909618378,0.6992811858654022,0.4662698412698413,0.5066356616614782,0.4444444444444444,0.0,0.0,0.0,0.0,0.0,0.0,0.0,0.0,0.0,,,,,18473,global,0.4
3,3,lr5e-05_bs32_modL1_fusion16_fusionL1_fusionBN0_drop0p2__wd1e-04trmiss40_trlocglobal,32,5e-05,0.0001,1,16,1,False,0.2,lr5e-05_bs32_modL1_fusion16_fusionL1_fusionBN0_drop0p2__wd1e-04trmiss40_trlocglobal,16,0.6366479396820068,0.6983043551445007,0.47023809523809523,0.5090020702173599,0.4666666666666667,0.0,0.0,0.0,0.0,0.0,0.0,0.0,0.0,0.0,,,,,18473,global,0.4
3,3,lr5e-05_bs32_modL1_fusion16_fusionL1_fusionBN0_drop0p2__wd1e-04trmiss40_trlocglobal,32,5e-05,0.0001,1,16,1,False,0.2,lr5e-05_bs32_modL1_fusion16_fusionL1_fusionBN0_drop0p2__wd1e-04trmiss40_trlocglobal,17,0.641492227713267,0.6983153820037842,0.48015873015873023,0.512525858687428,0.4666666666666667,0.0,0.0,0.0,0.0,0.0,0.0,0.0,0.0,0.0,,,,,18473,global,0.4
3,3,lr5e-05_bs32_modL1_fusion16_fusionL1_fusionBN0_drop0p2__wd1e-04trmiss40_trlocglobal,32,5e-05,0.0001,1,16,1,False,0.2,lr5e-05_bs32_modL1_fusion16_fusionL1_fusionBN0_drop0p2__wd1e-04trmiss40_trlocglobal,18,0.639684796333313,0.698852926492691,0.48809523809523814,0.5163842724253678,0.4666666666666667,0.0,0.0,0.0,0.0,0.0,0.0,0.0,0.0,0.0,,,,,18473,global,0.4
3,3,lr5e-05_bs32_modL1_fusion16_fusionL1_fusionBN0_drop0p2__wd1e-04trmiss40_trlocglobal,32,5e-05,0.0001,1,16,1,False,0.2,lr5e-05_bs32_modL1_fusion16_fusionL1_fusionBN0_drop0p2__wd1e-04trmiss40_trlocglobal,19,0.6301105817159017,0.699469119310379,0.4841269841269841,0.5096689099011817,0.4666666666666667,0.0,0.0,0.0,0.0,0.0,0.0,0.0,0.0,0.0,,,,,18473,global,0.4
3,3,lr5e-05_bs32_modL1_fusion16_fusionL1_fusionBN0_drop0p2__wd1e-04trmiss40_trlocglobal,32,5e-05,0.0001,1,16,1,False,0.2,lr5e-05_bs32_modL1_fusion16_fusionL1_fusionBN0_drop0p2__wd1e-04trmiss40_trlocglobal,20,0.623441219329834,0.7007128894329071,0.47817460317460325,0.5081870674741673,0.4666666666666667,0.0,0.0,0.0,0.0,0.0,0.0,0.0,0.0,0.0,,,,,18473,global,0.4
3,3,lr5e-05_bs32_modL1_fusion16_fusionL1_fusionBN0_drop0p2__wd1e-04trmiss40_trlocglobal,32,5e-05,0.0001,1,16,1,False,0.2,lr5e-05_bs32_modL1_fusion16_fusionL1_fusionBN0_drop0p2__wd1e-04trmiss40_trlocglobal,21,0.6345600088437399,0.7037046551704407,0.46031746031746035,0.5015676601914025,0.4666666666666667,0.0,0.0,0.0,0.0,0.0,0.0,0.0,0.0,0.0,,,,,18473,global,0.4
3,3,lr5e-05_bs32_modL1_fusion16_fusionL1_fusionBN0_drop0p2__wd1e-04trmiss40_trlocglobal,32,5e-05,0.0001,1,16,1,False,0.2,lr5e-05_bs32_modL1_fusion16_fusionL1_fusionBN0_drop0p2__wd1e-04trmiss40_trlocglobal,22,0.6092560191949209,0.7022421658039093,0.47222222222222227,0.507230484861939,0.4666666666666667,0.0,0.0,0.0,0.0,0.0,0.0,0.0,0.0,0.0,,,,,18473,global,0.4
3,3,lr5e-05_bs32_modL1_fusion16_fusionL1_fusionBN0_drop0p2__wd1e-04trmiss40_trlocglobal,32,5e-05,0.0001,1,16,1,False,0.2,lr5e-05_bs32_modL1_fusion16_fusionL1_fusionBN0_drop0p2__wd1e-04trmiss40_trlocglobal,23,0.612683375676473,0.7011609971523285,0.47420634920634924,0.5062917491245736,0.4666666666666667,0.0,0.0,0.0,0.0,0.0,0.0,0.0,0.0,0.0,,,,,18473,global,0.4
3,3,lr5e-05_bs32_modL1_fusion16_fusionL1_fusionBN0_drop0p2__wd1e-04trmiss40_trlocglobal,32,5e-05,0.0001,1,16,1,False,0.2,lr5e-05_bs32_modL1_fusion16_fusionL1_fusionBN0_drop0p2__wd1e-04trmiss40_trlocglobal,24,0.6063800056775411,0.6997895836830139,0.4821428571428571,0.513583671416496,0.4666666666666667,0.0,0.0,0.0,0.0,0.0,0.0,0.0,0.0,0.0,,,,,18473,global,0.4
3,3,lr5e-05_bs32_modL1_fusion16_fusionL1_fusionBN0_drop0p2__wd1e-04trmiss40_trlocglobal,32,5e-05,0.0001,1,16,1,False,0.2,lr5e-05_bs32_modL1_fusion16_fusionL1_fusionBN0_drop0p2__wd1e-04trmiss40_trlocglobal,25,0.6133861442406973,0.69985631108284,0.4821428571428572,0.515717822018625,0.4666666666666667,0.0,0.0,0.0,0.0,0.0,0.0,0.0,0.0,0.0,,,,,18473,global,0.4
3,3,lr5e-05_bs32_modL1_fusion16_fusionL1_fusionBN0_drop0p2__wd1e-04trmiss40_trlocglobal,32,5e-05,0.0001,1,16,1,False,0.2,lr5e-05_bs32_modL1_fusion16_fusionL1_fusionBN0_drop0p2__wd1e-04trmiss40_trlocglobal,26,0.6097212433815002,0.7004370391368866,0.4722222222222222,0.5068387501007601,0.4444444444444444,0.0,0.0,0.0,0.0,0.0,0.0,0.0,0.0,0.0,,,,,18473,global,0.4
3,3,lr5e-05_bs32_modL1_fusion16_fusionL1_fusionBN0_drop0p2__wd1e-04trmiss40_trlocglobal,32,5e-05,0.0001,1,16,1,False,0.2,lr5e-05_bs32_modL1_fusion16_fusionL1_fusionBN0_drop0p2__wd1e-04trmiss40_trlocglobal,27,0.6159737706184387,0.7008195519447327,0.4742063492063492,0.5093194973637215,0.4444444444444444,0.0,0.0,0.0,0.0,0.0,0.0,0.0,0.0,0.0,,,,,18473,global,0.4
3,3,lr5e-05_bs32_modL1_fusion16_fusionL1_fusionBN0_drop0p2__wd1e-04trmiss40_trlocglobal,32,5e-05,0.0001,1,16,1,False,0.2,lr5e-05_bs32_modL1_fusion16_fusionL1_fusionBN0_drop0p2__wd1e-04trmiss40_trlocglobal,28,0.6041001081466675,0.7001478970050812,0.47023809523809523,0.5019933046706727,0.4444444444444444,0.0,0.0,0.0,0.0,0.0,0.0,0.0,0.0,0.0,,,,,18473,global,0.4
3,3,lr5e-05_bs32_modL1_fusion16_fusionL1_fusionBN0_drop0p2__wd1e-04trmiss40_trlocglobal,32,5e-05,0.0001,1,16,1,False,0.2,lr5e-05_bs32_modL1_fusion16_fusionL1_fusionBN0_drop0p2__wd1e-04trmiss40_trlocglobal,29,0.608598659435908,0.7025905847549438,0.45833333333333337,0.49597133392698084,0.4444444444444444,0.0,0.0,0.0,0.0,0.0,0.0,0.0,0.0,0.0,,,,,18473,global,0.4
3,3,lr5e-05_bs32_modL1_fusion16_fusionL1_fusionBN0_drop0p2__wd1e-04trmiss40_trlocglobal,32,5e-05,0.0001,1,16,1,False,0.2,lr5e-05_bs32_modL1_fusion16_fusionL1_fusionBN0_drop0p2__wd1e-04trmiss40_trlocglobal,30,0.5985622008641561,0.7046476900577545,0.4563492063492064,0.49501428318750623,0.4444444444444444,0.0,0.0,0.0,0.0,0.0,0.0,0.0,0.0,0.0,,,,,18473,global,0.4
3,3,lr5e-05_bs32_modL1_fusion16_fusionL1_fusionBN0_drop0p2__wd1e-04trmiss40_trlocglobal,32,5e-05,0.0001,1,16,1,False,0.2,lr5e-05_bs32_modL1_fusion16_fusionL1_fusionBN0_drop0p2__wd1e-04trmiss40_trlocglobal,31,0.5999275346597036,0.7054719924926758,0.4464285714285714,0.49225155467364484,0.4444444444444444,0.0,0.0,0.0,0.0,0.0,0.0,0.0,0.0,0.0,,,,,18473,global,0.4
3,3,lr5e-05_bs32_modL1_fusion16_fusionL1_fusionBN0_drop0p2__wd1e-04trmiss40_trlocglobal,32,5e-05,0.0001,1,16,1,False,0.2,lr5e-05_bs32_modL1_fusion16_fusionL1_fusionBN0_drop0p2__wd1e-04trmiss40_trlocglobal,32,0.607354074716568,0.7042176127433777,0.44246031746031755,0.4839028085891896,0.4444444444444444,0.0,0.0,0.0,0.0,0.0,0.0,0.0,0.0,0.0,,,,,18473,global,0.4
3,3,lr5e-05_bs32_modL1_fusion16_fusionL1_fusionBN0_drop0p1__wd1e-04trmiss40_trlocglobal,32,5e-05,0.0001,1,16,1,False,0.1,lr5e-05_bs32_modL1_fusion16_fusionL1_fusionBN0_drop0p1__wd1e-04trmiss40_trlocglobal,1,0.6925941507021586,0.6852439045906067,0.5992063492063493,0.6798984616241883,0.5555555555555556,0.0,0.0,0.0,0.0,0.0,0.0,0.0,0.0,0.0,,,,,18473,global,0.4
3,3,lr5e-05_bs32_modL1_fusion16_fusionL1_fusionBN0_drop0p1__wd1e-04trmiss40_trlocglobal,32,5e-05,0.0001,1,16,1,False,0.1,lr5e-05_bs32_modL1_fusion16_fusionL1_fusionBN0_drop0p1__wd1e-04trmiss40_trlocglobal,2,0.6789258817831675,0.6846978068351746,0.5734126984126985,0.6520686878614218,0.5555555555555556,0.0,0.0,0.0,0.0,0.0,0.0,0.0,0.0,0.0,,,,,18473,global,0.4
3,3,lr5e-05_bs32_modL1_fusion16_fusionL1_fusionBN0_drop0p1__wd1e-04trmiss40_trlocglobal,32,5e-05,0.0001,1,16,1,False,0.1,lr5e-05_bs32_modL1_fusion16_fusionL1_fusionBN0_drop0p1__wd1e-04trmiss40_trlocglobal,3,0.6671489576498667,0.6841953992843628,0.5615079365079365,0.6640508717772751,0.5555555555555556,0.0,0.0,0.0,0.0,0.0,0.0,0.0,0.0,0.0,,,,,18473,global,0.4
3,3,lr5e-05_bs32_modL1_fusion16_fusionL1_fusionBN0_drop0p1__wd1e-04trmiss40_trlocglobal,32,5e-05,0.0001,1,16,1,False,0.1,lr5e-05_bs32_modL1_fusion16_fusionL1_fusionBN0_drop0p1__wd1e-04trmiss40_trlocglobal,4,0.6591649055480957,0.6844486594200134,0.5476190476190477,0.6569906884932,0.5333333333333333,0.0,0.0,0.0,0.0,0.0,0.0,0.0,0.0,0.0,,,,,18473,global,0.4
3,3,lr5e-05_bs32_modL1_fusion16_fusionL1_fusionBN0_drop0p1__wd1e-04trmiss40_trlocglobal,32,5e-05,0.0001,1,16,1,False,0.1,lr5e-05_bs32_modL1_fusion16_fusionL1_fusionBN0_drop0p1__wd1e-04trmiss40_trlocglobal,5,0.6572526892026266,0.6830727756023407,0.5674603174603174,0.6610536334544653,0.5555555555555556,0.0,0.0,0.0,0.0,0.0,0.0,0.0,0.0,0.0,,,,,18473,global,0.4
3,3,lr5e-05_bs32_modL1_fusion16_fusionL1_fusionBN0_drop0p1__wd1e-04trmiss40_trlocglobal,32,5e-05,0.0001,1,16,1,False,0.1,lr5e-05_bs32_modL1_fusion16_fusionL1_fusionBN0_drop0p1__wd1e-04trmiss40_trlocglobal,6,0.6451546947161356,0.6836890280246735,0.5496031746031746,0.6515529957115581,0.5555555555555556,0.0,0.0,0.0,0.0,0.0,0.0,0.0,0.0,0.0,,,,,18473,global,0.4
3,3,lr5e-05_bs32_modL1_fusion16_fusionL1_fusionBN0_drop0p1__wd1e-04trmiss40_trlocglobal,32,5e-05,0.0001,1,16,1,False,0.1,lr5e-05_bs32_modL1_fusion16_fusionL1_fusionBN0_drop0p1__wd1e-04trmiss40_trlocglobal,7,0.6419065892696381,0.6842571496963501,0.5416666666666666,0.6482532550663144,0.5555555555555556,0.0,0.0,0.0,0.0,0.0,0.0,0.0,0.0,0.0,,,,,18473,global,0.4
3,3,lr5e-05_bs32_modL1_fusion16_fusionL1_fusionBN0_drop0p1__wd1e-04trmiss40_trlocglobal,32,5e-05,0.0001,1,16,1,False,0.1,lr5e-05_bs32_modL1_fusion16_fusionL1_fusionBN0_drop0p1__wd1e-04trmiss40_trlocglobal,8,0.6399271190166473,0.6830479204654694,0.5535714285714286,0.6540628585029478,0.5555555555555556,0.0,0.0,0.0,0.0,0.0,0.0,0.0,0.0,0.0,,,,,18473,global,0.4
3,3,lr5e-05_bs32_modL1_fusion16_fusionL1_fusionBN0_drop0p1__wd1e-04trmiss40_trlocglobal,32,5e-05,0.0001,1,16,1,False,0.1,lr5e-05_bs32_modL1_fusion16_fusionL1_fusionBN0_drop0p1__wd1e-04trmiss40_trlocglobal,9,0.6310838262240092,0.6824608743190765,0.5555555555555556,0.6523136239412133,0.5555555555555556,0.0,0.0,0.0,0.0,0.0,0.0,0.0,0.0,0.0,,,,,18473,global,0.4
3,3,lr5e-05_bs32_modL1_fusion16_fusionL1_fusionBN0_drop0p1__wd1e-04trmiss40_trlocglobal,32,5e-05,0.0001,1,16,1,False,0.1,lr5e-05_bs32_modL1_fusion16_fusionL1_fusionBN0_drop0p1__wd1e-04trmiss40_trlocglobal,10,0.6235548555850983,0.6822907626628876,0.5456349206349207,0.6479437230905998,0.5555555555555556,0.0,0.0,0.0,0.0,0.0,0.0,0.0,0.0,0.0,,,,,18473,global,0.4
3,3,lr5e-05_bs32_modL1_fusion16_fusionL1_fusionBN0_drop0p1__wd1e-04trmiss40_trlocglobal,32,5e-05,0.0001,1,16,1,False,0.1,lr5e-05_bs32_modL1_fusion16_fusionL1_fusionBN0_drop0p1__wd1e-04trmiss40_trlocglobal,11,0.6184507012367249,0.6831415891647339,0.5476190476190477,0.6333729397570392,0.5111111111111111,0.0,0.0,0.0,0.0,0.0,0.0,0.0,0.0,0.0,,,,,18473,global,0.4
3,3,lr5e-05_bs32_modL1_fusion16_fusionL1_fusionBN0_drop0p1__wd1e-04trmiss40_trlocglobal,32,5e-05,0.0001,1,16,1,False,0.1,lr5e-05_bs32_modL1_fusion16_fusionL1_fusionBN0_drop0p1__wd1e-04trmiss40_trlocglobal,12,0.617243617773056,0.684647411108017,0.5376984126984128,0.6249229072388938,0.5111111111111111,0.0,0.0,0.0,0.0,0.0,0.0,0.0,0.0,0.0,,,,,18473,global,0.4
3,3,lr5e-05_bs32_modL1_fusion16_fusionL1_fusionBN0_drop0p1__wd1e-04trmiss40_trlocglobal,32,5e-05,0.0001,1,16,1,False,0.1,lr5e-05_bs32_modL1_fusion16_fusionL1_fusionBN0_drop0p1__wd1e-04trmiss40_trlocglobal,13,0.6141561170419058,0.6855642199516296,0.5158730158730158,0.6037629227029082,0.5111111111111111,0.0,0.0,0.0,0.0,0.0,0.0,0.0,0.0,0.0,,,,,18473,global,0.4
3,3,lr5e-05_bs32_modL1_fusion16_fusionL1_fusionBN0_drop0p1__wd1e-04trmiss40_trlocglobal,32,5e-05,0.0001,1,16,1,False,0.1,lr5e-05_bs32_modL1_fusion16_fusionL1_fusionBN0_drop0p1__wd1e-04trmiss40_trlocglobal,14,0.6087866028149923,0.6864538788795471,0.507936507936508,0.5984754073584551,0.5111111111111111,0.0,0.0,0.0,0.0,0.0,0.0,0.0,0.0,0.0,,,,,18473,global,0.4
3,3,lr5e-05_bs32_modL1_fusion16_fusionL1_fusionBN0_drop0p1__wd1e-04trmiss40_trlocglobal,32,5e-05,0.0001,1,16,1,False,0.1,lr5e-05_bs32_modL1_fusion16_fusionL1_fusionBN0_drop0p1__wd1e-04trmiss40_trlocglobal,15,0.5980522632598877,0.6865598559379578,0.4920634920634921,0.5924185370458723,0.5111111111111111,0.0,0.0,0.0,0.0,0.0,0.0,0.0,0.0,0.0,,,,,18473,global,0.4
3,3,lr5e-05_bs32_modL1_fusion16_fusionL1_fusionBN0_drop0p1__wd1e-04trmiss40_trlocglobal,32,5e-05,0.0001,1,16,1,False,0.1,lr5e-05_bs32_modL1_fusion16_fusionL1_fusionBN0_drop0p1__wd1e-04trmiss40_trlocglobal,16,0.5941290557384491,0.6884083449840546,0.48611111111111116,0.5881617791104045,0.5111111111111111,0.0,0.0,0.0,0.0,0.0,0.0,0.0,0.0,0.0,,,,,18473,global,0.4
3,3,lr5e-05_bs32_modL1_fusion16_fusionL1_fusionBN0_drop0p1__wd1e-04trmiss40_trlocglobal,32,5e-05,0.0001,1,16,1,False,0.1,lr5e-05_bs32_modL1_fusion16_fusionL1_fusionBN0_drop0p1__wd1e-04trmiss40_trlocglobal,17,0.5934470891952515,0.6893011927604675,0.503968253968254,0.594047463040364,0.5111111111111111,0.0,0.0,0.0,0.0,0.0,0.0,0.0,0.0,0.0,,,,,18473,global,0.4
3,3,lr5e-05_bs32_modL1_fusion16_fusionL1_fusionBN0_drop0p1__wd1e-04trmiss40_trlocglobal,32,5e-05,0.0001,1,16,1,False,0.1,lr5e-05_bs32_modL1_fusion16_fusionL1_fusionBN0_drop0p1__wd1e-04trmiss40_trlocglobal,18,0.5927119751771291,0.6897066831588745,0.5099206349206349,0.5981126406202645,0.5111111111111111,0.0,0.0,0.0,0.0,0.0,0.0,0.0,0.0,0.0,,,,,18473,global,0.4
3,3,lr5e-05_bs32_modL1_fusion16_fusionL1_fusionBN0_drop0p1__wd1e-04trmiss40_trlocglobal,32,5e-05,0.0001,1,16,1,False,0.1,lr5e-05_bs32_modL1_fusion16_fusionL1_fusionBN0_drop0p1__wd1e-04trmiss40_trlocglobal,19,0.5825010240077972,0.6907446086406708,0.5059523809523809,0.595282337949693,0.5111111111111111,0.0,0.0,0.0,0.0,0.0,0.0,0.0,0.0,0.0,,,,,18473,global,0.4
3,3,lr5e-05_bs32_modL1_fusion16_fusionL1_fusionBN0_drop0p1__wd1e-04trmiss40_trlocglobal,32,5e-05,0.0001,1,16,1,False,0.1,lr5e-05_bs32_modL1_fusion16_fusionL1_fusionBN0_drop0p1__wd1e-04trmiss40_trlocglobal,20,0.5816336969534556,0.6917040646076202,0.498015873015873,0.5943971481224313,0.5111111111111111,0.0,0.0,0.0,0.0,0.0,0.0,0.0,0.0,0.0,,,,,18473,global,0.4
3,3,lr5e-05_bs32_modL1_fusion16_fusionL1_fusionBN0_drop0p1__wd1e-04trmiss40_trlocglobal,32,5e-05,0.0001,1,16,1,False,0.1,lr5e-05_bs32_modL1_fusion16_fusionL1_fusionBN0_drop0p1__wd1e-04trmiss40_trlocglobal,21,0.5804447730382284,0.6936229467391968,0.4761904761904762,0.5762247454652393,0.5111111111111111,0.0,0.0,0.0,0.0,0.0,0.0,0.0,0.0,0.0,,,,,18473,global,0.4
3,3,lr5e-05_bs32_modL1_fusion16_fusionL1_fusionBN0_drop0p1__wd1e-04trmiss40_trlocglobal,32,5e-05,0.0001,1,16,1,False,0.1,lr5e-05_bs32_modL1_fusion16_fusionL1_fusionBN0_drop0p1__wd1e-04trmiss40_trlocglobal,22,0.5686448117097219,0.6964168846607208,0.4662698412698413,0.5677483554649482,0.4666666666666667,0.0,0.0,0.0,0.0,0.0,0.0,0.0,0.0,0.0,,,,,18473,global,0.4
3,3,lr5e-05_bs32_modL1_fusion16_fusionL1_fusionBN0_drop0p1__wd1e-04trmiss40_trlocglobal,32,5e-05,0.0001,1,16,1,False,0.1,lr5e-05_bs32_modL1_fusion16_fusionL1_fusionBN0_drop0p1__wd1e-04trmiss40_trlocglobal,23,0.5737338364124298,0.697006106376648,0.4722222222222222,0.5712708178689896,0.4888888888888889,0.0,0.0,0.0,0.0,0.0,0.0,0.0,0.0,0.0,,,,,18473,global,0.4
3,3,lr5e-05_bs32_modL1_fusion16_fusionL1_fusionBN0_drop0p1__wd1e-04trmiss40_trlocglobal,32,5e-05,0.0001,1,16,1,False,0.1,lr5e-05_bs32_modL1_fusion16_fusionL1_fusionBN0_drop0p1__wd1e-04trmiss40_trlocglobal,24,0.573522945245107,0.6981707811355591,0.47222222222222227,0.5718336924568002,0.4666666666666667,0.0,0.0,0.0,0.0,0.0,0.0,0.0,0.0,0.0,,,,,18473,global,0.4
3,3,lr5e-05_bs32_modL1_fusion16_fusionL1_fusionBN0_drop0p1__wd1e-04trmiss40_trlocglobal,32,5e-05,0.0001,1,16,1,False,0.1,lr5e-05_bs32_modL1_fusion16_fusionL1_fusionBN0_drop0p1__wd1e-04trmiss40_trlocglobal,25,0.5604123870531718,0.6982324123382568,0.45634920634920634,0.562124790193675,0.4666666666666667,0.0,0.0,0.0,0.0,0.0,0.0,0.0,0.0,0.0,,,,,18473,global,0.4
3,3,lr5e-05_bs32_modL1_fusion32_fusionL1_fusionBN0_drop0p2__wd1e-04trmiss40_trlocglobal,32,5e-05,0.0001,1,32,1,False,0.2,lr5e-05_bs32_modL1_fusion32_fusionL1_fusionBN0_drop0p2__wd1e-04trmiss40_trlocglobal,1,0.6970629294713339,0.695122629404068,0.48809523809523814,0.5487710224904099,0.4666666666666667,0.0,0.0,0.0,0.0,0.0,0.0,0.0,0.0,0.0,,,,,18473,global,0.4
3,3,lr5e-05_bs32_modL1_fusion32_fusionL1_fusionBN0_drop0p2__wd1e-04trmiss40_trlocglobal,32,5e-05,0.0001,1,32,1,False,0.2,lr5e-05_bs32_modL1_fusion32_fusionL1_fusionBN0_drop0p2__wd1e-04trmiss40_trlocglobal,2,0.6941754122575124,0.69808030128479,0.4801587301587302,0.5404616995438842,0.4666666666666667,0.0,0.0,0.0,0.0,0.0,0.0,0.0,0.0,0.0,,,,,18473,global,0.4
3,3,lr5e-05_bs32_modL1_fusion32_fusionL1_fusionBN0_drop0p2__wd1e-04trmiss40_trlocglobal,32,5e-05,0.0001,1,32,1,False,0.2,lr5e-05_bs32_modL1_fusion32_fusionL1_fusionBN0_drop0p2__wd1e-04trmiss40_trlocglobal,3,0.6713492373625437,0.69871786236763,0.4841269841269842,0.5398083227096151,0.4888888888888889,0.0,0.0,0.0,0.0,0.0,0.0,0.0,0.0,0.0,,,,,18473,global,0.4
3,3,lr5e-05_bs32_modL1_fusion32_fusionL1_fusionBN0_drop0p2__wd1e-04trmiss40_trlocglobal,32,5e-05,0.0001,1,32,1,False,0.2,lr5e-05_bs32_modL1_fusion32_fusionL1_fusionBN0_drop0p2__wd1e-04trmiss40_trlocglobal,4,0.676081379254659,0.6978136003017426,0.505952380952381,0.5521716927692274,0.5111111111111111,0.0,0.0,0.0,0.0,0.0,0.0,0.0,0.0,0.0,,,,,18473,global,0.4
3,3,lr5e-05_bs32_modL1_fusion32_fusionL1_fusionBN0_drop0p2__wd1e-04trmiss40_trlocglobal,32,5e-05,0.0001,1,32,1,False,0.2,lr5e-05_bs32_modL1_fusion32_fusionL1_fusionBN0_drop0p2__wd1e-04trmiss40_trlocglobal,5,0.6679524381955465,0.6962913572788239,0.5178571428571428,0.5618142669772851,0.4888888888888889,0.0,0.0,0.0,0.0,0.0,0.0,0.0,0.0,0.0,,,,,18473,global,0.4
3,3,lr5e-05_bs32_modL1_fusion32_fusionL1_fusionBN0_drop0p2__wd1e-04trmiss40_trlocglobal,32,5e-05,0.0001,1,32,1,False,0.2,lr5e-05_bs32_modL1_fusion32_fusionL1_fusionBN0_drop0p2__wd1e-04trmiss40_trlocglobal,6,0.6659760673840841,0.6939680874347687,0.5297619047619048,0.5692693522841319,0.5333333333333333,0.0,0.0,0.0,0.0,0.0,0.0,0.0,0.0,0.0,,,,,18473,global,0.4
3,3,lr5e-05_bs32_modL1_fusion32_fusionL1_fusionBN0_drop0p2__wd1e-04trmiss40_trlocglobal,32,5e-05,0.0001,1,32,1,False,0.2,lr5e-05_bs32_modL1_fusion32_fusionL1_fusionBN0_drop0p2__wd1e-04trmiss40_trlocglobal,7,0.6617721418539683,0.6900161802768707,0.5555555555555556,0.587222045184419,0.5111111111111111,0.0,0.0,0.0,0.0,0.0,0.0,0.0,0.0,0.0,,,,,18473,global,0.4
3,3,lr5e-05_bs32_modL1_fusion32_fusionL1_fusionBN0_drop0p2__wd1e-04trmiss40_trlocglobal,32,5e-05,0.0001,1,32,1,False,0.2,lr5e-05_bs32_modL1_fusion32_fusionL1_fusionBN0_drop0p2__wd1e-04trmiss40_trlocglobal,8,0.6517984370390574,0.6869076192378998,0.5654761904761905,0.5936741318773598,0.5111111111111111,0.0,0.0,0.0,0.0,0.0,0.0,0.0,0.0,0.0,,,,,18473,global,0.4
3,3,lr5e-05_bs32_modL1_fusion32_fusionL1_fusionBN0_drop0p2__wd1e-04trmiss40_trlocglobal,32,5e-05,0.0001,1,32,1,False,0.2,lr5e-05_bs32_modL1_fusion32_fusionL1_fusionBN0_drop0p2__wd1e-04trmiss40_trlocglobal,9,0.648988793293635,0.685062974691391,0.5773809523809524,0.6350635755081827,0.5111111111111111,0.0,0.0,0.0,0.0,0.0,0.0,0.0,0.0,0.0,,,,,18473,global,0.4
3,3,lr5e-05_bs32_modL1_fusion32_fusionL1_fusionBN0_drop0p2__wd1e-04trmiss40_trlocglobal,32,5e-05,0.0001,1,32,1,False,0.2,lr5e-05_bs32_modL1_fusion32_fusionL1_fusionBN0_drop0p2__wd1e-04trmiss40_trlocglobal,10,0.6447660624980927,0.6847745478153229,0.5734126984126984,0.6161601832495274,0.5111111111111111,0.0,0.0,0.0,0.0,0.0,0.0,0.0,0.0,0.0,,,,,18473,global,0.4
3,3,lr5e-05_bs32_modL1_fusion32_fusionL1_fusionBN0_drop0p2__wd1e-04trmiss40_trlocglobal,32,5e-05,0.0001,1,32,1,False,0.2,lr5e-05_bs32_modL1_fusion32_fusionL1_fusionBN0_drop0p2__wd1e-04trmiss40_trlocglobal,11,0.6365824143091837,0.6879672706127167,0.5575396825396826,0.5908611520952622,0.5333333333333333,0.0,0.0,0.0,0.0,0.0,0.0,0.0,0.0,0.0,,,,,18473,global,0.4
3,3,lr5e-05_bs32_modL1_fusion32_fusionL1_fusionBN0_drop0p2__wd1e-04trmiss40_trlocglobal,32,5e-05,0.0001,1,32,1,False,0.2,lr5e-05_bs32_modL1_fusion32_fusionL1_fusionBN0_drop0p2__wd1e-04trmiss40_trlocglobal,12,0.6312163770198822,0.6868654787540436,0.5734126984126984,0.6000391271357303,0.5555555555555556,0.0,0.0,0.0,0.0,0.0,0.0,0.0,0.0,0.0,,,,,18473,global,0.4
3,3,lr5e-05_bs32_modL1_fusion32_fusionL1_fusionBN0_drop0p2__wd1e-04trmiss40_trlocglobal,32,5e-05,0.0001,1,32,1,False,0.2,lr5e-05_bs32_modL1_fusion32_fusionL1_fusionBN0_drop0p2__wd1e-04trmiss40_trlocglobal,13,0.62592946489652,0.6868082284927368,0.5793650793650794,0.6113271862964652,0.5333333333333333,0.0,0.0,0.0,0.0,0.0,0.0,0.0,0.0,0.0,,,,,18473,global,0.4
3,3,lr5e-05_bs32_modL1_fusion32_fusionL1_fusionBN0_drop0p2__wd1e-04trmiss40_trlocglobal,32,5e-05,0.0001,1,32,1,False,0.2,lr5e-05_bs32_modL1_fusion32_fusionL1_fusionBN0_drop0p2__wd1e-04trmiss40_trlocglobal,14,0.6267324388027191,0.6863356232643127,0.5793650793650793,0.6090048954050954,0.5333333333333333,0.0,0.0,0.0,0.0,0.0,0.0,0.0,0.0,0.0,,,,,18473,global,0.4
3,3,lr5e-05_bs32_modL1_fusion32_fusionL1_fusionBN0_drop0p2__wd1e-04trmiss40_trlocglobal,32,5e-05,0.0001,1,32,1,False,0.2,lr5e-05_bs32_modL1_fusion32_fusionL1_fusionBN0_drop0p2__wd1e-04trmiss40_trlocglobal,15,0.6069418092568716,0.6841133534908295,0.5853174603174603,0.6204604747554116,0.5333333333333333,0.0,0.0,0.0,0.0,0.0,0.0,0.0,0.0,0.0,,,,,18473,global,0.4
3,3,lr5e-05_bs32_modL1_fusion32_fusionL1_fusionBN0_drop0p2__wd1e-04trmiss40_trlocglobal,32,5e-05,0.0001,1,32,1,False,0.2,lr5e-05_bs32_modL1_fusion32_fusionL1_fusionBN0_drop0p2__wd1e-04trmiss40_trlocglobal,16,0.6203418076038361,0.6837202608585358,0.5813492063492064,0.630365569828079,0.5777777777777777,0.0,0.0,0.0,0.0,0.0,0.0,0.0,0.0,0.0,,,,,18473,global,0.4
3,3,lr5e-05_bs32_modL1_fusion32_fusionL1_fusionBN0_drop0p2__wd1e-04trmiss40_trlocglobal,32,5e-05,0.0001,1,32,1,False,0.2,lr5e-05_bs32_modL1_fusion32_fusionL1_fusionBN0_drop0p2__wd1e-04trmiss40_trlocglobal,17,0.6134558618068695,0.6811742186546326,0.5734126984126984,0.626494825039154,0.5555555555555556,0.0,0.0,0.0,0.0,0.0,0.0,0.0,0.0,0.0,,,,,18473,global,0.4
3,3,lr5e-05_bs32_modL1_fusion32_fusionL1_fusionBN0_drop0p2__wd1e-04trmiss40_trlocglobal,32,5e-05,0.0001,1,32,1,False,0.2,lr5e-05_bs32_modL1_fusion32_fusionL1_fusionBN0_drop0p2__wd1e-04trmiss40_trlocglobal,18,0.6099253197511038,0.6841245293617249,0.5674603174603174,0.6096828304427425,0.5333333333333333,0.0,0.0,0.0,0.0,0.0,0.0,0.0,0.0,0.0,,,,,18473,global,0.4
3,3,lr5e-05_bs32_modL1_fusion32_fusionL1_fusionBN0_drop0p2__wd1e-04trmiss40_trlocglobal,32,5e-05,0.0001,1,32,1,False,0.2,lr5e-05_bs32_modL1_fusion32_fusionL1_fusionBN0_drop0p2__wd1e-04trmiss40_trlocglobal,19,0.609916220108668,0.6836447417736053,0.5714285714285714,0.5913607297431651,0.5555555555555556,0.0,0.0,0.0,0.0,0.0,0.0,0.0,0.0,0.0,,,,,18473,global,0.4
3,3,lr5e-05_bs32_modL1_fusion32_fusionL1_fusionBN0_drop0p2__wd1e-04trmiss40_trlocglobal,32,5e-05,0.0001,1,32,1,False,0.2,lr5e-05_bs32_modL1_fusion32_fusionL1_fusionBN0_drop0p2__wd1e-04trmiss40_trlocglobal,20,0.6028659542401632,0.6823567152023315,0.5912698412698413,0.6374315834859094,0.5777777777777777,0.0,0.0,0.0,0.0,0.0,0.0,0.0,0.0,0.0,,,,,18473,global,0.4
3,3,lr5e-05_bs32_modL1_fusion32_fusionL1_fusionBN0_drop0p2__wd1e-04trmiss40_trlocglobal,32,5e-05,0.0001,1,32,1,False,0.2,lr5e-05_bs32_modL1_fusion32_fusionL1_fusionBN0_drop0p2__wd1e-04trmiss40_trlocglobal,21,0.6018573641777039,0.682875782251358,0.5833333333333334,0.6304522203422163,0.5777777777777777,0.0,0.0,0.0,0.0,0.0,0.0,0.0,0.0,0.0,,,,,18473,global,0.4
3,3,lr5e-05_bs32_modL1_fusion32_fusionL1_fusionBN0_drop0p2__wd1e-04trmiss40_trlocglobal,32,5e-05,0.0001,1,32,1,False,0.2,lr5e-05_bs32_modL1_fusion32_fusionL1_fusionBN0_drop0p2__wd1e-04trmiss40_trlocglobal,22,0.5872266789277395,0.6842397749423981,0.5773809523809524,0.5912816258692639,0.5777777777777777,0.0,0.0,0.0,0.0,0.0,0.0,0.0,0.0,0.0,,,,,18473,global,0.4
3,3,lr5e-05_bs32_modL1_fusion32_fusionL1_fusionBN0_drop0p2__wd1e-04trmiss40_trlocglobal,32,5e-05,0.0001,1,32,1,False,0.2,lr5e-05_bs32_modL1_fusion32_fusionL1_fusionBN0_drop0p2__wd1e-04trmiss40_trlocglobal,23,0.5958608289559683,0.6856879889965057,0.5833333333333334,0.5896662972502588,0.5555555555555556,0.0,0.0,0.0,0.0,0.0,0.0,0.0,0.0,0.0,,,,,18473,global,0.4
3,3,lr5e-05_bs32_modL1_fusion32_fusionL1_fusionBN0_drop0p2__wd1e-04trmiss40_trlocglobal,32,5e-05,0.0001,1,32,1,False,0.2,lr5e-05_bs32_modL1_fusion32_fusionL1_fusionBN0_drop0p2__wd1e-04trmiss40_trlocglobal,24,0.5847237606843313,0.6814710199832916,0.5992063492063492,0.6279636766138146,0.6,0.0,0.0,0.0,0.0,0.0,0.0,0.0,0.0,0.0,,,,,18473,global,0.4
3,3,lr5e-05_bs32_modL1_fusion32_fusionL1_fusionBN0_drop0p2__wd1e-04trmiss40_trlocglobal,32,5e-05,0.0001,1,32,1,False,0.2,lr5e-05_bs32_modL1_fusion32_fusionL1_fusionBN0_drop0p2__wd1e-04trmiss40_trlocglobal,25,0.5895970165729523,0.6793791353702545,0.6011904761904763,0.6545577602326026,0.5777777777777777,0.0,0.0,0.0,0.0,0.0,0.0,0.0,0.0,0.0,,,,,18473,global,0.4
3,3,lr5e-05_bs32_modL1_fusion32_fusionL1_fusionBN0_drop0p2__wd1e-04trmiss40_trlocglobal,32,5e-05,0.0001,1,32,1,False,0.2,lr5e-05_bs32_modL1_fusion32_fusionL1_fusionBN0_drop0p2__wd1e-04trmiss40_trlocglobal,26,0.5804923176765442,0.6799546778202057,0.5952380952380952,0.6563814954219968,0.6,0.0,0.0,0.0,0.0,0.0,0.0,0.0,0.0,0.0,,,,,18473,global,0.4
3,3,lr5e-05_bs32_modL1_fusion32_fusionL1_fusionBN0_drop0p2__wd1e-04trmiss40_trlocglobal,32,5e-05,0.0001,1,32,1,False,0.2,lr5e-05_bs32_modL1_fusion32_fusionL1_fusionBN0_drop0p2__wd1e-04trmiss40_trlocglobal,27,0.5786820749441782,0.6833562850952148,0.5972222222222222,0.6261546798359878,0.6222222222222222,0.0,0.0,0.0,0.0,0.0,0.0,0.0,0.0,0.0,,,,,18473,global,0.4
3,3,lr5e-05_bs32_modL1_fusion32_fusionL1_fusionBN0_drop0p2__wd1e-04trmiss40_trlocglobal,32,5e-05,0.0001,1,32,1,False,0.2,lr5e-05_bs32_modL1_fusion32_fusionL1_fusionBN0_drop0p2__wd1e-04trmiss40_trlocglobal,28,0.573798249165217,0.6835654973983765,0.6051587301587302,0.6290002941889551,0.6,0.0,0.0,0.0,0.0,0.0,0.0,0.0,0.0,0.0,,,,,18473,global,0.4
3,3,lr5e-05_bs32_modL1_fusion32_fusionL1_fusionBN0_drop0p2__wd1e-04trmiss40_trlocglobal,32,5e-05,0.0001,1,32,1,False,0.2,lr5e-05_bs32_modL1_fusion32_fusionL1_fusionBN0_drop0p2__wd1e-04trmiss40_trlocglobal,29,0.5764200488726298,0.6812196373939514,0.6071428571428572,0.6268375957762568,0.5777777777777777,0.0,0.0,0.0,0.0,0.0,0.0,0.0,0.0,0.0,,,,,18473,global,0.4
3,3,lr5e-05_bs32_modL1_fusion32_fusionL1_fusionBN0_drop0p2__wd1e-04trmiss40_trlocglobal,32,5e-05,0.0001,1,32,1,False,0.2,lr5e-05_bs32_modL1_fusion32_fusionL1_fusionBN0_drop0p2__wd1e-04trmiss40_trlocglobal,30,0.5693619847297668,0.6800907254219055,0.621031746031746,0.655077147589178,0.5555555555555556,0.0,0.0,0.0,0.0,0.0,0.0,0.0,0.0,0.0,,,,,18473,global,0.4
3,3,lr5e-05_bs32_modL1_fusion32_fusionL1_fusionBN0_drop0p2__wd1e-04trmiss40_trlocglobal,32,5e-05,0.0001,1,32,1,False,0.2,lr5e-05_bs32_modL1_fusion32_fusionL1_fusionBN0_drop0p2__wd1e-04trmiss40_trlocglobal,31,0.574770967165629,0.6822125613689423,0.5972222222222222,0.6216614272257018,0.5555555555555556,0.0,0.0,0.0,0.0,0.0,0.0,0.0,0.0,0.0,,,,,18473,global,0.4
3,3,lr5e-05_bs32_modL1_fusion32_fusionL1_fusionBN0_drop0p2__wd1e-04trmiss40_trlocglobal,32,5e-05,0.0001,1,32,1,False,0.2,lr5e-05_bs32_modL1_fusion32_fusionL1_fusionBN0_drop0p2__wd1e-04trmiss40_trlocglobal,32,0.5680469274520874,0.6849588751792908,0.5952380952380953,0.6080770216787186,0.5555555555555556,0.0,0.0,0.0,0.0,0.0,0.0,0.0,0.0,0.0,,,,,18473,global,0.4
3,3,lr5e-05_bs32_modL1_fusion32_fusionL1_fusionBN0_drop0p2__wd1e-04trmiss40_trlocglobal,32,5e-05,0.0001,1,32,1,False,0.2,lr5e-05_bs32_modL1_fusion32_fusionL1_fusionBN0_drop0p2__wd1e-04trmiss40_trlocglobal,33,0.5610304474830627,0.6850979924201965,0.5992063492063493,0.6112944643325016,0.5555555555555556,0.0,0.0,0.0,0.0,0.0,0.0,0.0,0.0,0.0,,,,,18473,global,0.4
3,3,lr5e-05_bs32_modL1_fusion32_fusionL1_fusionBN0_drop0p2__wd1e-04trmiss40_trlocglobal,32,5e-05,0.0001,1,32,1,False,0.2,lr5e-05_bs32_modL1_fusion32_fusionL1_fusionBN0_drop0p2__wd1e-04trmiss40_trlocglobal,34,0.5467865069707235,0.6831087470054626,0.6051587301587302,0.6137247418545794,0.5555555555555556,0.0,0.0,0.0,0.0,0.0,0.0,0.0,0.0,0.0,,,,,18473,global,0.4
3,3,lr5e-05_bs32_modL1_fusion32_fusionL1_fusionBN0_drop0p2__wd1e-04trmiss40_trlocglobal,32,5e-05,0.0001,1,32,1,False,0.2,lr5e-05_bs32_modL1_fusion32_fusionL1_fusionBN0_drop0p2__wd1e-04trmiss40_trlocglobal,35,0.5637588500976562,0.681535392999649,0.6111111111111112,0.6336540978837637,0.5777777777777777,0.0,0.0,0.0,0.0,0.0,0.0,0.0,0.0,0.0,,,,,18473,global,0.4
3,3,lr5e-05_bs32_modL1_fusion32_fusionL1_fusionBN0_drop0p2__wd1e-04trmiss40_trlocglobal,32,5e-05,0.0001,1,32,1,False,0.2,lr5e-05_bs32_modL1_fusion32_fusionL1_fusionBN0_drop0p2__wd1e-04trmiss40_trlocglobal,36,0.5559795399506887,0.6820912659168243,0.6111111111111112,0.6388459350816493,0.5555555555555556,0.0,0.0,0.0,0.0,0.0,0.0,0.0,0.0,0.0,,,,,18473,global,0.4
3,3,lr5e-05_bs32_modL1_fusion32_fusionL1_fusionBN0_drop0p2__wd1e-04trmiss40_trlocglobal,32,5e-05,0.0001,1,32,1,False,0.2,lr5e-05_bs32_modL1_fusion32_fusionL1_fusionBN0_drop0p2__wd1e-04trmiss40_trlocglobal,37,0.5508133471012115,0.6837234199047089,0.6071428571428572,0.6371338586327308,0.5555555555555556,0.0,0.0,0.0,0.0,0.0,0.0,0.0,0.0,0.0,,,,,18473,global,0.4
3,3,lr5e-05_bs32_modL1_fusion32_fusionL1_fusionBN0_drop0p2__wd1e-04trmiss40_trlocglobal,32,5e-05,0.0001,1,32,1,False,0.2,lr5e-05_bs32_modL1_fusion32_fusionL1_fusionBN0_drop0p2__wd1e-04trmiss40_trlocglobal,38,0.5495229959487915,0.6879624426364899,0.5892857142857143,0.5922044130782852,0.5555555555555556,0.0,0.0,0.0,0.0,0.0,0.0,0.0,0.0,0.0,,,,,18473,global,0.4
3,3,lr5e-05_bs32_modL1_fusion32_fusionL1_fusionBN0_drop0p2__wd1e-04trmiss40_trlocglobal,32,5e-05,0.0001,1,32,1,False,0.2,lr5e-05_bs32_modL1_fusion32_fusionL1_fusionBN0_drop0p2__wd1e-04trmiss40_trlocglobal,39,0.5443954269091288,0.6865998208522797,0.5992063492063492,0.5973776426265148,0.5777777777777777,0.0,0.0,0.0,0.0,0.0,0.0,0.0,0.0,0.0,,,,,18473,global,0.4
3,3,lr5e-05_bs32_modL1_fusion32_fusionL1_fusionBN0_drop0p2__wd1e-04trmiss40_trlocglobal,32,5e-05,0.0001,1,32,1,False,0.2,lr5e-05_bs32_modL1_fusion32_fusionL1_fusionBN0_drop0p2__wd1e-04trmiss40_trlocglobal,40,0.5533710221449534,0.6848936975002289,0.6071428571428572,0.6062296844170943,0.5555555555555556,0.0,0.0,0.0,0.0,0.0,0.0,0.0,0.0,0.0,,,,,18473,global,0.4
3,3,lr5e-05_bs32_modL1_fusion32_fusionL1_fusionBN0_drop0p2__wd1e-04trmiss40_trlocglobal,32,5e-05,0.0001,1,32,1,False,0.2,lr5e-05_bs32_modL1_fusion32_fusionL1_fusionBN0_drop0p2__wd1e-04trmiss40_trlocglobal,41,0.5431625843048096,0.6800754070281982,0.6130952380952381,0.639041142217209,0.5333333333333333,0.0,0.0,0.0,0.0,0.0,0.0,0.0,0.0,0.0,,,,,18473,global,0.4
3,3,lr5e-05_bs32_modL1_fusion32_fusionL1_fusionBN0_drop0p2__wd1e-04trmiss40_trlocglobal,32,5e-05,0.0001,1,32,1,False,0.2,lr5e-05_bs32_modL1_fusion32_fusionL1_fusionBN0_drop0p2__wd1e-04trmiss40_trlocglobal,42,0.5359942416350046,0.6807428300380707,0.6111111111111112,0.6129816160343275,0.5333333333333333,0.0,0.0,0.0,0.0,0.0,0.0,0.0,0.0,0.0,,,,,18473,global,0.4
3,3,lr5e-05_bs32_modL1_fusion32_fusionL1_fusionBN0_drop0p2__wd1e-04trmiss40_trlocglobal,32,5e-05,0.0001,1,32,1,False,0.2,lr5e-05_bs32_modL1_fusion32_fusionL1_fusionBN0_drop0p2__wd1e-04trmiss40_trlocglobal,43,0.547831803560257,0.6834432184696198,0.6051587301587301,0.604666142217209,0.5333333333333333,0.0,0.0,0.0,0.0,0.0,0.0,0.0,0.0,0.0,,,,,18473,global,0.4
3,3,lr5e-05_bs32_modL1_fusion32_fusionL1_fusionBN0_drop0p2__wd1e-04trmiss40_trlocglobal,32,5e-05,0.0001,1,32,1,False,0.2,lr5e-05_bs32_modL1_fusion32_fusionL1_fusionBN0_drop0p2__wd1e-04trmiss40_trlocglobal,44,0.5390128592650095,0.6854307949542999,0.5952380952380953,0.5929833528897328,0.5333333333333333,0.0,0.0,0.0,0.0,0.0,0.0,0.0,0.0,0.0,,,,,18473,global,0.4
3,3,lr5e-05_bs32_modL1_fusion32_fusionL1_fusionBN0_drop0p2__wd1e-04trmiss40_trlocglobal,32,5e-05,0.0001,1,32,1,False,0.2,lr5e-05_bs32_modL1_fusion32_fusionL1_fusionBN0_drop0p2__wd1e-04trmiss40_trlocglobal,45,0.5433817307154337,0.685173749923706,0.5952380952380953,0.5942047255880293,0.5333333333333333,0.0,0.0,0.0,0.0,0.0,0.0,0.0,0.0,0.0,,,,,18473,global,0.4
3,3,lr5e-05_bs32_modL1_fusion32_fusionL1_fusionBN0_drop0p2__wd1e-04trmiss40_trlocglobal,32,5e-05,0.0001,1,32,1,False,0.2,lr5e-05_bs32_modL1_fusion32_fusionL1_fusionBN0_drop0p2__wd1e-04trmiss40_trlocglobal,46,0.5230061709880829,0.6854692101478577,0.5972222222222223,0.6018707924646225,0.5333333333333333,0.0,0.0,0.0,0.0,0.0,0.0,0.0,0.0,0.0,,,,,18473,global,0.4
3,3,lr5e-05_bs32_modL1_fusion32_fusionL1_fusionBN0_drop0p2__wd1e-04trmiss40_trlocglobal,32,5e-05,0.0001,1,32,1,False,0.2,lr5e-05_bs32_modL1_fusion32_fusionL1_fusionBN0_drop0p2__wd1e-04trmiss40_trlocglobal,47,0.5377802352110544,0.6881886422634125,0.5873015873015873,0.5809509095705249,0.5555555555555556,0.0,0.0,0.0,0.0,0.0,0.0,0.0,0.0,0.0,,,,,18473,global,0.4
3,3,lr5e-05_bs32_modL1_fusion32_fusionL1_fusionBN0_drop0p2__wd1e-04trmiss40_trlocglobal,32,5e-05,0.0001,1,32,1,False,0.2,lr5e-05_bs32_modL1_fusion32_fusionL1_fusionBN0_drop0p2__wd1e-04trmiss40_trlocglobal,48,0.5227470397949219,0.68860724568367,0.5892857142857143,0.5820406531602684,0.5555555555555556,0.0,0.0,0.0,0.0,0.0,0.0,0.0,0.0,0.0,,,,,18473,global,0.4
3,3,lr5e-05_bs32_modL1_fusion32_fusionL1_fusionBN0_drop0p2__wd1e-04trmiss40_trlocglobal,32,5e-05,0.0001,1,32,1,False,0.2,lr5e-05_bs32_modL1_fusion32_fusionL1_fusionBN0_drop0p2__wd1e-04trmiss40_trlocglobal,49,0.5251985987027487,0.6882459819316864,0.5833333333333334,0.5784091468977137,0.5333333333333333,0.0,0.0,0.0,0.0,0.0,0.0,0.0,0.0,0.0,,,,,18473,global,0.4
3,3,lr5e-05_bs32_modL1_fusion32_fusionL1_fusionBN0_drop0p2__wd1e-04trmiss40_trlocglobal,32,5e-05,0.0001,1,32,1,False,0.2,lr5e-05_bs32_modL1_fusion32_fusionL1_fusionBN0_drop0p2__wd1e-04trmiss40_trlocglobal,50,0.5305999418099722,0.6880370378494263,0.5873015873015874,0.5809509744395414,0.5333333333333333,0.0,0.0,0.0,0.0,0.0,0.0,0.0,0.0,0.0,,,,,18473,global,0.4
3,3,lr5e-05_bs32_modL1_fusion32_fusionL1_fusionBN0_drop0p1__wd1e-04trmiss40_trlocglobal,32,5e-05,0.0001,1,32,1,False,0.1,lr5e-05_bs32_modL1_fusion32_fusionL1_fusionBN0_drop0p1__wd1e-04trmiss40_trlocglobal,1,0.7090729971726736,0.6984963715076447,0.4226190476190476,0.4977619807571013,0.4666666666666667,0.0,0.0,0.0,0.0,0.0,0.0,0.0,0.0,0.0,,,,,18473,global,0.4
3,3,lr5e-05_bs32_modL1_fusion32_fusionL1_fusionBN0_drop0p1__wd1e-04trmiss40_trlocglobal,32,5e-05,0.0001,1,32,1,False,0.1,lr5e-05_bs32_modL1_fusion32_fusionL1_fusionBN0_drop0p1__wd1e-04trmiss40_trlocglobal,2,0.6971780955791473,0.6984840333461761,0.4623015873015873,0.5220649654022016,0.4666666666666667,0.0,0.0,0.0,0.0,0.0,0.0,0.0,0.0,0.0,,,,,18473,global,0.4
3,3,lr5e-05_bs32_modL1_fusion32_fusionL1_fusionBN0_drop0p1__wd1e-04trmiss40_trlocglobal,32,5e-05,0.0001,1,32,1,False,0.1,lr5e-05_bs32_modL1_fusion32_fusionL1_fusionBN0_drop0p1__wd1e-04trmiss40_trlocglobal,3,0.6852150956789652,0.6995640695095062,0.4920634920634921,0.5463172833383623,0.4444444444444444,0.0,0.0,0.0,0.0,0.0,0.0,0.0,0.0,0.0,,,,,18473,global,0.4
3,3,lr5e-05_bs32_modL1_fusion32_fusionL1_fusionBN0_drop0p1__wd1e-04trmiss40_trlocglobal,32,5e-05,0.0001,1,32,1,False,0.1,lr5e-05_bs32_modL1_fusion32_fusionL1_fusionBN0_drop0p1__wd1e-04trmiss40_trlocglobal,4,0.6710968315601349,0.7009969055652618,0.48611111111111116,0.5459159812841679,0.4666666666666667,0.0,0.0,0.0,0.0,0.0,0.0,0.0,0.0,0.0,,,,,18473,global,0.4
3,3,lr5e-05_bs32_modL1_fusion32_fusionL1_fusionBN0_drop0p1__wd1e-04trmiss40_trlocglobal,32,5e-05,0.0001,1,32,1,False,0.1,lr5e-05_bs32_modL1_fusion32_fusionL1_fusionBN0_drop0p1__wd1e-04trmiss40_trlocglobal,5,0.6657837231953939,0.7009040117263794,0.503968253968254,0.5600685378278306,0.4666666666666667,0.0,0.0,0.0,0.0,0.0,0.0,0.0,0.0,0.0,,,,,18473,global,0.4
3,3,lr5e-05_bs32_modL1_fusion32_fusionL1_fusionBN0_drop0p1__wd1e-04trmiss40_trlocglobal,32,5e-05,0.0001,1,32,1,False,0.1,lr5e-05_bs32_modL1_fusion32_fusionL1_fusionBN0_drop0p1__wd1e-04trmiss40_trlocglobal,6,0.6548450589179993,0.7009271383285522,0.513888888888889,0.5885960766490151,0.4666666666666667,0.0,0.0,0.0,0.0,0.0,0.0,0.0,0.0,0.0,,,,,18473,global,0.4
3,3,lr5e-05_bs32_modL1_fusion32_fusionL1_fusionBN0_drop0p1__wd1e-04trmiss40_trlocglobal,32,5e-05,0.0001,1,32,1,False,0.1,lr5e-05_bs32_modL1_fusion32_fusionL1_fusionBN0_drop0p1__wd1e-04trmiss40_trlocglobal,7,0.6547230283419291,0.6995877921581268,0.5257936507936508,0.5891243296951457,0.4666666666666667,0.0,0.0,0.0,0.0,0.0,0.0,0.0,0.0,0.0,,,,,18473,global,0.4
3,3,lr5e-05_bs32_modL1_fusion32_fusionL1_fusionBN0_drop0p1__wd1e-04trmiss40_trlocglobal,32,5e-05,0.0001,1,32,1,False,0.1,lr5e-05_bs32_modL1_fusion32_fusionL1_fusionBN0_drop0p1__wd1e-04trmiss40_trlocglobal,8,0.6466468473275503,0.6980977654457092,0.5535714285714286,0.6088432954084855,0.4666666666666667,0.0,0.0,0.0,0.0,0.0,0.0,0.0,0.0,0.0,,,,,18473,global,0.4
3,3,lr5e-05_bs32_modL1_fusion32_fusionL1_fusionBN0_drop0p1__wd1e-04trmiss40_trlocglobal,32,5e-05,0.0001,1,32,1,False,0.1,lr5e-05_bs32_modL1_fusion32_fusionL1_fusionBN0_drop0p1__wd1e-04trmiss40_trlocglobal,9,0.6412156522274017,0.6982760429382324,0.5416666666666667,0.6024194826016636,0.4666666666666667,0.0,0.0,0.0,0.0,0.0,0.0,0.0,0.0,0.0,,,,,18473,global,0.4
3,3,lr5e-05_bs32_modL1_fusion32_fusionL1_fusionBN0_drop0p1__wd1e-04trmiss40_trlocglobal,32,5e-05,0.0001,1,32,1,False,0.1,lr5e-05_bs32_modL1_fusion32_fusionL1_fusionBN0_drop0p1__wd1e-04trmiss40_trlocglobal,10,0.6372284690539042,0.6979879140853882,0.5535714285714286,0.6120738211871987,0.4666666666666667,0.0,0.0,0.0,0.0,0.0,0.0,0.0,0.0,0.0,,,,,18473,global,0.4
3,3,lr5e-05_bs32_modL1_fusion32_fusionL1_fusionBN0_drop0p1__wd1e-04trmiss40_trlocglobal,32,5e-05,0.0001,1,32,1,False,0.1,lr5e-05_bs32_modL1_fusion32_fusionL1_fusionBN0_drop0p1__wd1e-04trmiss40_trlocglobal,11,0.6271166900793711,0.7011425495147705,0.513888888888889,0.5849231640720125,0.4666666666666667,0.0,0.0,0.0,0.0,0.0,0.0,0.0,0.0,0.0,,,,,18473,global,0.4
3,3,lr5e-05_bs32_modL1_fusion32_fusionL1_fusionBN0_drop0p1__wd1e-04trmiss40_trlocglobal,32,5e-05,0.0001,1,32,1,False,0.1,lr5e-05_bs32_modL1_fusion32_fusionL1_fusionBN0_drop0p1__wd1e-04trmiss40_trlocglobal,12,0.6230893830458323,0.7020180821418762,0.5119047619047619,0.5773716169248772,0.4666666666666667,0.0,0.0,0.0,0.0,0.0,0.0,0.0,0.0,0.0,,,,,18473,global,0.4
3,3,lr5e-05_bs32_modL1_fusion32_fusionL1_fusionBN0_drop0p1__wd1e-04trmiss40_trlocglobal,32,5e-05,0.0001,1,32,1,False,0.1,lr5e-05_bs32_modL1_fusion32_fusionL1_fusionBN0_drop0p1__wd1e-04trmiss40_trlocglobal,13,0.6150331199169159,0.6998555064201355,0.5238095238095237,0.5830960257167849,0.4666666666666667,0.0,0.0,0.0,0.0,0.0,0.0,0.0,0.0,0.0,,,,,18473,global,0.4
3,3,lr5e-05_bs32_modL1_fusion32_fusionL1_fusionBN0_drop0p1__wd1e-04trmiss40_trlocglobal,32,5e-05,0.0001,1,32,1,False,0.1,lr5e-05_bs32_modL1_fusion32_fusionL1_fusionBN0_drop0p1__wd1e-04trmiss40_trlocglobal,14,0.6184322834014893,0.699046790599823,0.5257936507936508,0.5836478941673666,0.4666666666666667,0.0,0.0,0.0,0.0,0.0,0.0,0.0,0.0,0.0,,,,,18473,global,0.4
3,3,lr5e-05_bs32_modL1_fusion32_fusionL1_fusionBN0_drop0p1__wd1e-04trmiss40_trlocglobal,32,5e-05,0.0001,1,32,1,False,0.1,lr5e-05_bs32_modL1_fusion32_fusionL1_fusionBN0_drop0p1__wd1e-04trmiss40_trlocglobal,15,0.60701584815979,0.6982908844947815,0.5277777777777778,0.5806390219150733,0.4666666666666667,0.0,0.0,0.0,0.0,0.0,0.0,0.0,0.0,0.0,,,,,18473,global,0.4
3,3,lr5e-05_bs32_modL1_fusion32_fusionL1_fusionBN0_drop0p1__wd1e-04trmiss40_trlocglobal,32,5e-05,0.0001,1,32,1,False,0.1,lr5e-05_bs32_modL1_fusion32_fusionL1_fusionBN0_drop0p1__wd1e-04trmiss40_trlocglobal,16,0.6032546162605286,0.7031744718551636,0.498015873015873,0.5513684907084626,0.4444444444444444,0.0,0.0,0.0,0.0,0.0,0.0,0.0,0.0,0.0,,,,,18473,global,0.4
3,3,lr5e-05_bs32_modL1_fusion32_fusionL1_fusionBN0_drop0p1__wd1e-04trmiss40_trlocglobal,32,5e-05,0.0001,1,32,1,False,0.1,lr5e-05_bs32_modL1_fusion32_fusionL1_fusionBN0_drop0p1__wd1e-04trmiss40_trlocglobal,17,0.6066796183586121,0.7023562788963318,0.49404761904761907,0.5501282722040436,0.4666666666666667,0.0,0.0,0.0,0.0,0.0,0.0,0.0,0.0,0.0,,,,,18473,global,0.4
3,3,lr5e-05_bs32_modL1_fusion32_fusionL1_fusionBN0_drop0p1__wd1e-04trmiss40_trlocglobal,32,5e-05,0.0001,1,32,1,False,0.1,lr5e-05_bs32_modL1_fusion32_fusionL1_fusionBN0_drop0p1__wd1e-04trmiss40_trlocglobal,18,0.6003748575846354,0.7040587961673737,0.48809523809523814,0.5469984092312241,0.4444444444444444,0.0,0.0,0.0,0.0,0.0,0.0,0.0,0.0,0.0,,,,,18473,global,0.4
3,3,lr5e-05_bs32_modL1_fusion32_fusionL1_fusionBN0_drop0p1__wd1e-04trmiss40_trlocglobal,32,5e-05,0.0001,1,32,1,False,0.1,lr5e-05_bs32_modL1_fusion32_fusionL1_fusionBN0_drop0p1__wd1e-04trmiss40_trlocglobal,19,0.5937487781047821,0.7043698728084564,0.48809523809523814,0.5477131535100416,0.4444444444444444,0.0,0.0,0.0,0.0,0.0,0.0,0.0,0.0,0.0,,,,,18473,global,0.4
3,3,lr5e-05_bs32_modL1_fusion32_fusionL1_fusionBN0_drop0p1__wd1e-04trmiss40_trlocglobal,32,5e-05,0.0001,1,32,1,False,0.1,lr5e-05_bs32_modL1_fusion32_fusionL1_fusionBN0_drop0p1__wd1e-04trmiss40_trlocglobal,20,0.5943412085374197,0.702825129032135,0.509920634920635,0.5607544749741825,0.4666666666666667,0.0,0.0,0.0,0.0,0.0,0.0,0.0,0.0,0.0,,,,,18473,global,0.4
3,3,lr5e-05_bs32_modL1_fusion32_fusionL1_fusionBN0_drop0p1__wd1e-04trmiss40_trlocglobal,32,5e-05,0.0001,1,32,1,False,0.1,lr5e-05_bs32_modL1_fusion32_fusionL1_fusionBN0_drop0p1__wd1e-04trmiss40_trlocglobal,21,0.579960842927297,0.7048068046569824,0.501984126984127,0.5557121970009016,0.4222222222222222,0.0,0.0,0.0,0.0,0.0,0.0,0.0,0.0,0.0,,,,,18473,global,0.4
3,3,lr5e-05_bs32_modL1_fusion32_fusionL1_fusionBN0_drop0p1__wd1e-04trmiss40_trlocglobal,32,5e-05,0.0001,1,32,1,False,0.1,lr5e-05_bs32_modL1_fusion32_fusionL1_fusionBN0_drop0p1__wd1e-04trmiss40_trlocglobal,22,0.5787893235683441,0.7093438506126404,0.4900793650793651,0.5414246550721743,0.4222222222222222,0.0,0.0,0.0,0.0,0.0,0.0,0.0,0.0,0.0,,,,,18473,global,0.4
3,3,lr5e-05_bs32_modL1_fusion32_fusionL1_fusionBN0_drop0p1__wd1e-04trmiss40_trlocglobal,32,5e-05,0.0001,1,32,1,False,0.1,lr5e-05_bs32_modL1_fusion32_fusionL1_fusionBN0_drop0p1__wd1e-04trmiss40_trlocglobal,23,0.5730931262175242,0.7081116437911987,0.4980158730158731,0.5495583429472415,0.4222222222222222,0.0,0.0,0.0,0.0,0.0,0.0,0.0,0.0,0.0,,,,,18473,global,0.4
3,3,lr5e-05_bs32_modL1_fusion32_fusionL1_fusionBN0_drop0p1__wd1e-04trmiss40_trlocglobal,32,5e-05,0.0001,1,32,1,False,0.1,lr5e-05_bs32_modL1_fusion32_fusionL1_fusionBN0_drop0p1__wd1e-04trmiss40_trlocglobal,24,0.5701137483119965,0.704984188079834,0.5059523809523809,0.5571366533610315,0.4222222222222222,0.0,0.0,0.0,0.0,0.0,0.0,0.0,0.0,0.0,,,,,18473,global,0.4
3,3,lr5e-05_bs32_modL1_fusion32_fusionL1_fusionBN0_drop0p1__wd1e-04trmiss40_trlocglobal,32,5e-05,0.0001,1,32,1,False,0.1,lr5e-05_bs32_modL1_fusion32_fusionL1_fusionBN0_drop0p1__wd1e-04trmiss40_trlocglobal,25,0.5722486873467764,0.7066329419612885,0.503968253968254,0.5573542924667951,0.4222222222222222,0.0,0.0,0.0,0.0,0.0,0.0,0.0,0.0,0.0,,,,,18473,global,0.4
3,3,lr5e-05_bs32_modL1_fusion32_fusionL1_fusionBN0_drop0p1__wd1e-04trmiss40_trlocglobal,32,5e-05,0.0001,1,32,1,False,0.1,lr5e-05_bs32_modL1_fusion32_fusionL1_fusionBN0_drop0p1__wd1e-04trmiss40_trlocglobal,26,0.5767210125923157,0.7089935541152954,0.498015873015873,0.5538190422873387,0.4222222222222222,0.0,0.0,0.0,0.0,0.0,0.0,0.0,0.0,0.0,,,,,18473,global,0.4
3,3,lr5e-05_bs32_modL1_fusion32_fusionL1_fusionBN0_drop0p1__wd1e-04trmiss40_trlocglobal,32,5e-05,0.0001,1,32,1,False,0.1,lr5e-05_bs32_modL1_fusion32_fusionL1_fusionBN0_drop0p1__wd1e-04trmiss40_trlocglobal,27,0.5650785664717356,0.7089319825172424,0.5,0.5539298569786111,0.4222222222222222,0.0,0.0,0.0,0.0,0.0,0.0,0.0,0.0,0.0,,,,,18473,global,0.4
3,3,lr5e-05_bs32_modL1_fusion32_fusionL1_fusionBN0_drop0p1__wd1e-04trmiss40_trlocglobal,32,5e-05,0.0001,1,32,1,False,0.1,lr5e-05_bs32_modL1_fusion32_fusionL1_fusionBN0_drop0p1__wd1e-04trmiss40_trlocglobal,28,0.5616702834765116,0.7079555690288544,0.503968253968254,0.5529912469967189,0.4222222222222222,0.0,0.0,0.0,0.0,0.0,0.0,0.0,0.0,0.0,,,,,18473,global,0.4
3,3,lr5e-05_bs32_modL1_fusion32_fusionL1_fusionBN0_drop0p1__wd1e-04trmiss40_trlocglobal,32,5e-05,0.0001,1,32,1,False,0.1,lr5e-05_bs32_modL1_fusion32_fusionL1_fusionBN0_drop0p1__wd1e-04trmiss40_trlocglobal,29,0.5596251487731934,0.7072699964046478,0.503968253968254,0.5532797330780815,0.4222222222222222,0.0,0.0,0.0,0.0,0.0,0.0,0.0,0.0,0.0,,,,,18473,global,0.4
3,3,lr5e-05_bs32_modL1_fusion32_fusionL1_fusionBN0_drop0p1__wd1e-04trmiss40_trlocglobal,32,5e-05,0.0001,1,32,1,False,0.1,lr5e-05_bs32_modL1_fusion32_fusionL1_fusionBN0_drop0p1__wd1e-04trmiss40_trlocglobal,30,0.557183156410853,0.7092420160770416,0.49404761904761907,0.5476739830581948,0.4,0.0,0.0,0.0,0.0,0.0,0.0,0.0,0.0,0.0,,,,,18473,global,0.4
3,3,lr1e-05_bs32_modL1_fusion16_fusionL1_fusionBN0_drop0p2__wd1e-04trmiss40_trlocglobal,32,1e-05,0.0001,1,16,1,False,0.2,lr1e-05_bs32_modL1_fusion16_fusionL1_fusionBN0_drop0p2__wd1e-04trmiss40_trlocglobal,1,0.6959345738093058,0.691658228635788,0.4662698412698413,0.562176832427994,0.5111111111111111,0.0,0.0,0.0,0.0,0.0,0.0,0.0,0.0,0.0,,,,,18473,global,0.4
3,3,lr1e-05_bs32_modL1_fusion16_fusionL1_fusionBN0_drop0p2__wd1e-04trmiss40_trlocglobal,32,1e-05,0.0001,1,16,1,False,0.2,lr1e-05_bs32_modL1_fusion16_fusionL1_fusionBN0_drop0p2__wd1e-04trmiss40_trlocglobal,2,0.6976264119148254,0.6915881633758545,0.4662698412698413,0.5616896432595553,0.5111111111111111,0.0,0.0,0.0,0.0,0.0,0.0,0.0,0.0,0.0,,,,,18473,global,0.4
3,3,lr1e-05_bs32_modL1_fusion16_fusionL1_fusionBN0_drop0p2__wd1e-04trmiss40_trlocglobal,32,1e-05,0.0001,1,16,1,False,0.2,lr1e-05_bs32_modL1_fusion16_fusionL1_fusionBN0_drop0p2__wd1e-04trmiss40_trlocglobal,3,0.6953331629435221,0.6908006966114044,0.4642857142857143,0.5806529414635543,0.5111111111111111,0.0,0.0,0.0,0.0,0.0,0.0,0.0,0.0,0.0,,,,,18473,global,0.4
3,3,lr1e-05_bs32_modL1_fusion16_fusionL1_fusionBN0_drop0p2__wd1e-04trmiss40_trlocglobal,32,1e-05,0.0001,1,16,1,False,0.2,lr1e-05_bs32_modL1_fusion16_fusionL1_fusionBN0_drop0p2__wd1e-04trmiss40_trlocglobal,4,0.6931305229663849,0.6900631785392761,0.4642857142857143,0.5808450802426496,0.5111111111111111,0.0,0.0,0.0,0.0,0.0,0.0,0.0,0.0,0.0,,,,,18473,global,0.4
3,3,lr1e-05_bs32_modL1_fusion16_fusionL1_fusionBN0_drop0p2__wd1e-04trmiss40_trlocglobal,32,1e-05,0.0001,1,16,1,False,0.2,lr1e-05_bs32_modL1_fusion16_fusionL1_fusionBN0_drop0p2__wd1e-04trmiss40_trlocglobal,5,0.6982063551743826,0.6900314092636108,0.4761904761904762,0.5861484850948993,0.4888888888888889,0.0,0.0,0.0,0.0,0.0,0.0,0.0,0.0,0.0,,,,,18473,global,0.4
3,3,lr1e-05_bs32_modL1_fusion16_fusionL1_fusionBN0_drop0p2__wd1e-04trmiss40_trlocglobal,32,1e-05,0.0001,1,16,1,False,0.2,lr1e-05_bs32_modL1_fusion16_fusionL1_fusionBN0_drop0p2__wd1e-04trmiss40_trlocglobal,6,0.6873000462849935,0.6898851692676544,0.4742063492063492,0.5834693608136079,0.5111111111111111,0.0,0.0,0.0,0.0,0.0,0.0,0.0,0.0,0.0,,,,,18473,global,0.4
3,3,lr1e-05_bs32_modL1_fusion16_fusionL1_fusionBN0_drop0p2__wd1e-04trmiss40_trlocglobal,32,1e-05,0.0001,1,16,1,False,0.2,lr1e-05_bs32_modL1_fusion16_fusionL1_fusionBN0_drop0p2__wd1e-04trmiss40_trlocglobal,7,0.6867330272992452,0.6890129745006561,0.4801587301587302,0.5847703697461958,0.5111111111111111,0.0,0.0,0.0,0.0,0.0,0.0,0.0,0.0,0.0,,,,,18473,global,0.4
3,3,lr1e-05_bs32_modL1_fusion16_fusionL1_fusionBN0_drop0p2__wd1e-04trmiss40_trlocglobal,32,1e-05,0.0001,1,16,1,False,0.2,lr1e-05_bs32_modL1_fusion16_fusionL1_fusionBN0_drop0p2__wd1e-04trmiss40_trlocglobal,8,0.6919157803058624,0.6884481906890869,0.48214285714285715,0.5844701650547988,0.5111111111111111,0.0,0.0,0.0,0.0,0.0,0.0,0.0,0.0,0.0,,,,,18473,global,0.4
3,3,lr1e-05_bs32_modL1_fusion16_fusionL1_fusionBN0_drop0p2__wd1e-04trmiss40_trlocglobal,32,1e-05,0.0001,1,16,1,False,0.2,lr1e-05_bs32_modL1_fusion16_fusionL1_fusionBN0_drop0p2__wd1e-04trmiss40_trlocglobal,9,0.6785145799318949,0.6876834332942963,0.48809523809523814,0.5884486314413533,0.5111111111111111,0.0,0.0,0.0,0.0,0.0,0.0,0.0,0.0,0.0,,,,,18473,global,0.4
3,3,lr1e-05_bs32_modL1_fusion16_fusionL1_fusionBN0_drop0p2__wd1e-04trmiss40_trlocglobal,32,1e-05,0.0001,1,16,1,False,0.2,lr1e-05_bs32_modL1_fusion16_fusionL1_fusionBN0_drop0p2__wd1e-04trmiss40_trlocglobal,10,0.6828046143054962,0.6870909631252289,0.49603174603174605,0.590530748858854,0.5111111111111111,0.0,0.0,0.0,0.0,0.0,0.0,0.0,0.0,0.0,,,,,18473,global,0.4
3,3,lr1e-05_bs32_modL1_fusion16_fusionL1_fusionBN0_drop0p2__wd1e-04trmiss40_trlocglobal,32,1e-05,0.0001,1,16,1,False,0.2,lr1e-05_bs32_modL1_fusion16_fusionL1_fusionBN0_drop0p2__wd1e-04trmiss40_trlocglobal,11,0.6833943923314413,0.6867183446884155,0.501984126984127,0.5934771319587459,0.5111111111111111,0.0,0.0,0.0,0.0,0.0,0.0,0.0,0.0,0.0,,,,,18473,global,0.4
3,3,lr1e-05_bs32_modL1_fusion16_fusionL1_fusionBN0_drop0p2__wd1e-04trmiss40_trlocglobal,32,1e-05,0.0001,1,16,1,False,0.2,lr1e-05_bs32_modL1_fusion16_fusionL1_fusionBN0_drop0p2__wd1e-04trmiss40_trlocglobal,12,0.679553210735321,0.6863667964935303,0.5,0.5926195287748146,0.5111111111111111,0.0,0.0,0.0,0.0,0.0,0.0,0.0,0.0,0.0,,,,,18473,global,0.4
3,3,lr1e-05_bs32_modL1_fusion16_fusionL1_fusionBN0_drop0p2__wd1e-04trmiss40_trlocglobal,32,1e-05,0.0001,1,16,1,False,0.2,lr1e-05_bs32_modL1_fusion16_fusionL1_fusionBN0_drop0p2__wd1e-04trmiss40_trlocglobal,13,0.6783702870210012,0.6862837374210358,0.5,0.5897169226559612,0.5111111111111111,0.0,0.0,0.0,0.0,0.0,0.0,0.0,0.0,0.0,,,,,18473,global,0.4
3,3,lr1e-05_bs32_modL1_fusion16_fusionL1_fusionBN0_drop0p2__wd1e-04trmiss40_trlocglobal,32,1e-05,0.0001,1,16,1,False,0.2,lr1e-05_bs32_modL1_fusion16_fusionL1_fusionBN0_drop0p2__wd1e-04trmiss40_trlocglobal,14,0.6801177561283112,0.6865652501583099,0.4900793650793651,0.5832346549604582,0.5111111111111111,0.0,0.0,0.0,0.0,0.0,0.0,0.0,0.0,0.0,,,,,18473,global,0.4
3,3,lr1e-05_bs32_modL1_fusion16_fusionL1_fusionBN0_drop0p2__wd1e-04trmiss40_trlocglobal,32,1e-05,0.0001,1,16,1,False,0.2,lr1e-05_bs32_modL1_fusion16_fusionL1_fusionBN0_drop0p2__wd1e-04trmiss40_trlocglobal,15,0.6757508317629496,0.6868844330310822,0.4880952380952381,0.5819728399805024,0.5111111111111111,0.0,0.0,0.0,0.0,0.0,0.0,0.0,0.0,0.0,,,,,18473,global,0.4
3,3,lr1e-05_bs32_modL1_fusion16_fusionL1_fusionBN0_drop0p2__wd1e-04trmiss40_trlocglobal,32,1e-05,0.0001,1,16,1,False,0.2,lr1e-05_bs32_modL1_fusion16_fusionL1_fusionBN0_drop0p2__wd1e-04trmiss40_trlocglobal,16,0.6736167371273041,0.6868818700313568,0.4900793650793651,0.5841824359400983,0.5111111111111111,0.0,0.0,0.0,0.0,0.0,0.0,0.0,0.0,0.0,,,,,18473,global,0.4
3,3,lr1e-05_bs32_modL1_fusion16_fusionL1_fusionBN0_drop0p2__wd1e-04trmiss40_trlocglobal,32,1e-05,0.0001,1,16,1,False,0.2,lr1e-05_bs32_modL1_fusion16_fusionL1_fusionBN0_drop0p2__wd1e-04trmiss40_trlocglobal,17,0.6795110404491425,0.6872904002666473,0.4801587301587302,0.579420614638777,0.5111111111111111,0.0,0.0,0.0,0.0,0.0,0.0,0.0,0.0,0.0,,,,,18473,global,0.4
3,3,lr1e-05_bs32_modL1_fusion16_fusionL1_fusionBN0_drop0p2__wd1e-04trmiss40_trlocglobal,32,1e-05,0.0001,1,16,1,False,0.2,lr1e-05_bs32_modL1_fusion16_fusionL1_fusionBN0_drop0p2__wd1e-04trmiss40_trlocglobal,18,0.671275128920873,0.6874116361141205,0.48611111111111116,0.583091249559412,0.5111111111111111,0.0,0.0,0.0,0.0,0.0,0.0,0.0,0.0,0.0,,,,,18473,global,0.4
3,3,lr1e-05_bs32_modL1_fusion16_fusionL1_fusionBN0_drop0p2__wd1e-04trmiss40_trlocglobal,32,1e-05,0.0001,1,16,1,False,0.2,lr1e-05_bs32_modL1_fusion16_fusionL1_fusionBN0_drop0p2__wd1e-04trmiss40_trlocglobal,19,0.6663290560245514,0.6872524321079254,0.48809523809523814,0.5842973899102892,0.4888888888888889,0.0,0.0,0.0,0.0,0.0,0.0,0.0,0.0,0.0,,,,,18473,global,0.4
3,3,lr1e-05_bs32_modL1_fusion16_fusionL1_fusionBN0_drop0p2__wd1e-04trmiss40_trlocglobal,32,1e-05,0.0001,1,16,1,False,0.2,lr1e-05_bs32_modL1_fusion16_fusionL1_fusionBN0_drop0p2__wd1e-04trmiss40_trlocglobal,20,0.6604366302490234,0.6871000528335571,0.49404761904761907,0.588920785838033,0.4888888888888889,0.0,0.0,0.0,0.0,0.0,0.0,0.0,0.0,0.0,,,,,18473,global,0.4
3,3,lr1e-05_bs32_modL1_fusion16_fusionL1_fusionBN0_drop0p2__wd1e-04trmiss40_trlocglobal,32,1e-05,0.0001,1,16,1,False,0.2,lr1e-05_bs32_modL1_fusion16_fusionL1_fusionBN0_drop0p2__wd1e-04trmiss40_trlocglobal,21,0.6671756704648336,0.6868381500244141,0.48809523809523814,0.5847323938653815,0.4888888888888889,0.0,0.0,0.0,0.0,0.0,0.0,0.0,0.0,0.0,,,,,18473,global,0.4
3,3,lr1e-05_bs32_modL1_fusion16_fusionL1_fusionBN0_drop0p2__wd1e-04trmiss40_trlocglobal,32,1e-05,0.0001,1,16,1,False,0.2,lr1e-05_bs32_modL1_fusion16_fusionL1_fusionBN0_drop0p2__wd1e-04trmiss40_trlocglobal,22,0.6603524287541708,0.6868389546871185,0.48809523809523814,0.5836658069435313,0.4888888888888889,0.0,0.0,0.0,0.0,0.0,0.0,0.0,0.0,0.0,,,,,18473,global,0.4
3,3,lr1e-05_bs32_modL1_fusion16_fusionL1_fusionBN0_drop0p2__wd1e-04trmiss40_trlocglobal,32,1e-05,0.0001,1,16,1,False,0.2,lr1e-05_bs32_modL1_fusion16_fusionL1_fusionBN0_drop0p2__wd1e-04trmiss40_trlocglobal,23,0.6636112431685129,0.6868211925029755,0.4841269841269842,0.582775499996723,0.4888888888888889,0.0,0.0,0.0,0.0,0.0,0.0,0.0,0.0,0.0,,,,,18473,global,0.4
3,3,lr1e-05_bs32_modL1_fusion16_fusionL1_fusionBN0_drop0p2__wd1e-04trmiss40_trlocglobal,32,1e-05,0.0001,1,16,1,False,0.2,lr1e-05_bs32_modL1_fusion16_fusionL1_fusionBN0_drop0p2__wd1e-04trmiss40_trlocglobal,24,0.670741617679596,0.6868595778942108,0.48809523809523814,0.5847365414256561,0.4888888888888889,0.0,0.0,0.0,0.0,0.0,0.0,0.0,0.0,0.0,,,,,18473,global,0.4
3,3,lr1e-05_bs32_modL1_fusion16_fusionL1_fusionBN0_drop0p2__wd1e-04trmiss40_trlocglobal,32,1e-05,0.0001,1,16,1,False,0.2,lr1e-05_bs32_modL1_fusion16_fusionL1_fusionBN0_drop0p2__wd1e-04trmiss40_trlocglobal,25,0.6581337153911591,0.686731368303299,0.4920634920634921,0.5803505377283706,0.4888888888888889,0.0,0.0,0.0,0.0,0.0,0.0,0.0,0.0,0.0,,,,,18473,global,0.4
3,3,lr1e-05_bs32_modL1_fusion16_fusionL1_fusionBN0_drop0p2__wd1e-04trmiss40_trlocglobal,32,1e-05,0.0001,1,16,1,False,0.2,lr1e-05_bs32_modL1_fusion16_fusionL1_fusionBN0_drop0p2__wd1e-04trmiss40_trlocglobal,26,0.6559578478336334,0.6869985461235046,0.4880952380952381,0.5799803430410253,0.4888888888888889,0.0,0.0,0.0,0.0,0.0,0.0,0.0,0.0,0.0,,,,,18473,global,0.4
3,3,lr1e-05_bs32_modL1_fusion16_fusionL1_fusionBN0_drop0p2__wd1e-04trmiss40_trlocglobal,32,1e-05,0.0001,1,16,1,False,0.2,lr1e-05_bs32_modL1_fusion16_fusionL1_fusionBN0_drop0p2__wd1e-04trmiss40_trlocglobal,27,0.6735095779101054,0.6867896616458893,0.4920634920634921,0.5710275142606103,0.4888888888888889,0.0,0.0,0.0,0.0,0.0,0.0,0.0,0.0,0.0,,,,,18473,global,0.4
3,3,lr1e-05_bs32_modL1_fusion16_fusionL1_fusionBN0_drop0p2__wd1e-04trmiss40_trlocglobal,32,1e-05,0.0001,1,16,1,False,0.2,lr1e-05_bs32_modL1_fusion16_fusionL1_fusionBN0_drop0p2__wd1e-04trmiss40_trlocglobal,28,0.6564473410447439,0.6867270767688751,0.49404761904761907,0.5772213632629892,0.4888888888888889,0.0,0.0,0.0,0.0,0.0,0.0,0.0,0.0,0.0,,,,,18473,global,0.4
3,3,lr1e-05_bs32_modL1_fusion16_fusionL1_fusionBN0_drop0p2__wd1e-04trmiss40_trlocglobal,32,1e-05,0.0001,1,16,1,False,0.2,lr1e-05_bs32_modL1_fusion16_fusionL1_fusionBN0_drop0p2__wd1e-04trmiss40_trlocglobal,29,0.6665580372015635,0.6871338784694672,0.48809523809523814,0.5701655598709789,0.4888888888888889,0.0,0.0,0.0,0.0,0.0,0.0,0.0,0.0,0.0,,,,,18473,global,0.4
3,3,lr1e-05_bs32_modL1_fusion16_fusionL1_fusionBN0_drop0p2__wd1e-04trmiss40_trlocglobal,32,1e-05,0.0001,1,16,1,False,0.2,lr1e-05_bs32_modL1_fusion16_fusionL1_fusionBN0_drop0p2__wd1e-04trmiss40_trlocglobal,30,0.6562388241291046,0.6871952414512634,0.48015873015873023,0.5622086292668087,0.4666666666666667,0.0,0.0,0.0,0.0,0.0,0.0,0.0,0.0,0.0,,,,,18473,global,0.4
3,3,lr1e-05_bs32_modL1_fusion16_fusionL1_fusionBN0_drop0p2__wd1e-04trmiss40_trlocglobal,32,1e-05,0.0001,1,16,1,False,0.2,lr1e-05_bs32_modL1_fusion16_fusionL1_fusionBN0_drop0p2__wd1e-04trmiss40_trlocglobal,31,0.654832512140274,0.6875819563865662,0.47817460317460314,0.5614902384622109,0.4666666666666667,0.0,0.0,0.0,0.0,0.0,0.0,0.0,0.0,0.0,,,,,18473,global,0.4
3,3,lr1e-05_bs32_modL1_fusion16_fusionL1_fusionBN0_drop0p1__wd1e-04trmiss40_trlocglobal,32,1e-05,0.0001,1,16,1,False,0.1,lr1e-05_bs32_modL1_fusion16_fusionL1_fusionBN0_drop0p1__wd1e-04trmiss40_trlocglobal,1,0.7053362925847372,0.689204066991806,0.5436507936507936,0.5536729677682329,0.4444444444444444,0.0,0.0,0.0,0.0,0.0,0.0,0.0,0.0,0.0,,,,,18473,global,0.4
3,3,lr1e-05_bs32_modL1_fusion16_fusionL1_fusionBN0_drop0p1__wd1e-04trmiss40_trlocglobal,32,1e-05,0.0001,1,16,1,False,0.1,lr1e-05_bs32_modL1_fusion16_fusionL1_fusionBN0_drop0p1__wd1e-04trmiss40_trlocglobal,2,0.6957685550053915,0.6884059309959412,0.5456349206349207,0.5527550991944709,0.4444444444444444,0.0,0.0,0.0,0.0,0.0,0.0,0.0,0.0,0.0,,,,,18473,global,0.4
3,3,lr1e-05_bs32_modL1_fusion16_fusionL1_fusionBN0_drop0p1__wd1e-04trmiss40_trlocglobal,32,1e-05,0.0001,1,16,1,False,0.1,lr1e-05_bs32_modL1_fusion16_fusionL1_fusionBN0_drop0p1__wd1e-04trmiss40_trlocglobal,3,0.6952111423015594,0.6878568828105927,0.5456349206349206,0.5539648466936774,0.4444444444444444,0.0,0.0,0.0,0.0,0.0,0.0,0.0,0.0,0.0,,,,,18473,global,0.4
3,3,lr1e-05_bs32_modL1_fusion16_fusionL1_fusionBN0_drop0p1__wd1e-04trmiss40_trlocglobal,32,1e-05,0.0001,1,16,1,False,0.1,lr1e-05_bs32_modL1_fusion16_fusionL1_fusionBN0_drop0p1__wd1e-04trmiss40_trlocglobal,4,0.693517804145813,0.6875274479389191,0.5436507936507937,0.5576117888799144,0.4666666666666667,0.0,0.0,0.0,0.0,0.0,0.0,0.0,0.0,0.0,,,,,18473,global,0.4
3,3,lr1e-05_bs32_modL1_fusion16_fusionL1_fusionBN0_drop0p1__wd1e-04trmiss40_trlocglobal,32,1e-05,0.0001,1,16,1,False,0.1,lr1e-05_bs32_modL1_fusion16_fusionL1_fusionBN0_drop0p1__wd1e-04trmiss40_trlocglobal,5,0.6919558048248291,0.6871844828128815,0.5396825396825398,0.5575073061659926,0.4888888888888889,0.0,0.0,0.0,0.0,0.0,0.0,0.0,0.0,0.0,,,,,18473,global,0.4
3,3,lr1e-05_bs32_modL1_fusion16_fusionL1_fusionBN0_drop0p1__wd1e-04trmiss40_trlocglobal,32,1e-05,0.0001,1,16,1,False,0.1,lr1e-05_bs32_modL1_fusion16_fusionL1_fusionBN0_drop0p1__wd1e-04trmiss40_trlocglobal,6,0.6908348103364309,0.6870620548725128,0.5297619047619048,0.556649063668657,0.4888888888888889,0.0,0.0,0.0,0.0,0.0,0.0,0.0,0.0,0.0,,,,,18473,global,0.4
3,3,lr1e-05_bs32_modL1_fusion16_fusionL1_fusionBN0_drop0p1__wd1e-04trmiss40_trlocglobal,32,1e-05,0.0001,1,16,1,False,0.1,lr1e-05_bs32_modL1_fusion16_fusionL1_fusionBN0_drop0p1__wd1e-04trmiss40_trlocglobal,7,0.6916476984818777,0.6869315207004547,0.5277777777777779,0.5552381069954876,0.5111111111111111,0.0,0.0,0.0,0.0,0.0,0.0,0.0,0.0,0.0,,,,,18473,global,0.4
3,3,lr1e-05_bs32_modL1_fusion16_fusionL1_fusionBN0_drop0p1__wd1e-04trmiss40_trlocglobal,32,1e-05,0.0001,1,16,1,False,0.1,lr1e-05_bs32_modL1_fusion16_fusionL1_fusionBN0_drop0p1__wd1e-04trmiss40_trlocglobal,8,0.6893530388673147,0.6864580512046814,0.5257936507936508,0.5538045217015888,0.5111111111111111,0.0,0.0,0.0,0.0,0.0,0.0,0.0,0.0,0.0,,,,,18473,global,0.4
3,3,lr1e-05_bs32_modL1_fusion16_fusionL1_fusionBN0_drop0p1__wd1e-04trmiss40_trlocglobal,32,1e-05,0.0001,1,16,1,False,0.1,lr1e-05_bs32_modL1_fusion16_fusionL1_fusionBN0_drop0p1__wd1e-04trmiss40_trlocglobal,9,0.6891179978847504,0.6863285601139069,0.5277777777777778,0.5556360235330906,0.5111111111111111,0.0,0.0,0.0,0.0,0.0,0.0,0.0,0.0,0.0,,,,,18473,global,0.4
3,3,lr1e-05_bs32_modL1_fusion16_fusionL1_fusionBN0_drop0p1__wd1e-04trmiss40_trlocglobal,32,1e-05,0.0001,1,16,1,False,0.1,lr1e-05_bs32_modL1_fusion16_fusionL1_fusionBN0_drop0p1__wd1e-04trmiss40_trlocglobal,10,0.6834955414136251,0.6861960589885712,0.5257936507936507,0.5557627127222798,0.5111111111111111,0.0,0.0,0.0,0.0,0.0,0.0,0.0,0.0,0.0,,,,,18473,global,0.4
3,3,lr1e-05_bs32_modL1_fusion16_fusionL1_fusionBN0_drop0p1__wd1e-04trmiss40_trlocglobal,32,1e-05,0.0001,1,16,1,False,0.1,lr1e-05_bs32_modL1_fusion16_fusionL1_fusionBN0_drop0p1__wd1e-04trmiss40_trlocglobal,11,0.6807655394077301,0.6857790052890778,0.5277777777777778,0.5556909390625729,0.5111111111111111,0.0,0.0,0.0,0.0,0.0,0.0,0.0,0.0,0.0,,,,,18473,global,0.4
3,3,lr1e-05_bs32_modL1_fusion16_fusionL1_fusionBN0_drop0p1__wd1e-04trmiss40_trlocglobal,32,1e-05,0.0001,1,16,1,False,0.1,lr1e-05_bs32_modL1_fusion16_fusionL1_fusionBN0_drop0p1__wd1e-04trmiss40_trlocglobal,12,0.6766196389993032,0.6861177086830139,0.5257936507936508,0.5556563897052682,0.5111111111111111,0.0,0.0,0.0,0.0,0.0,0.0,0.0,0.0,0.0,,,,,18473,global,0.4
3,3,lr1e-05_bs32_modL1_fusion16_fusionL1_fusionBN0_drop0p1__wd1e-04trmiss40_trlocglobal,32,1e-05,0.0001,1,16,1,False,0.1,lr1e-05_bs32_modL1_fusion16_fusionL1_fusionBN0_drop0p1__wd1e-04trmiss40_trlocglobal,13,0.6722233394781748,0.6862691640853882,0.5277777777777778,0.5571598691286586,0.5111111111111111,0.0,0.0,0.0,0.0,0.0,0.0,0.0,0.0,0.0,,,,,18473,global,0.4
3,3,lr1e-05_bs32_modL1_fusion16_fusionL1_fusionBN0_drop0p1__wd1e-04trmiss40_trlocglobal,32,1e-05,0.0001,1,16,1,False,0.1,lr1e-05_bs32_modL1_fusion16_fusionL1_fusionBN0_drop0p1__wd1e-04trmiss40_trlocglobal,14,0.6831562717755636,0.6858857274055481,0.5317460317460317,0.5598435463189148,0.5111111111111111,0.0,0.0,0.0,0.0,0.0,0.0,0.0,0.0,0.0,,,,,18473,global,0.4
3,3,lr1e-05_bs32_modL1_fusion16_fusionL1_fusionBN0_drop0p1__wd1e-04trmiss40_trlocglobal,32,1e-05,0.0001,1,16,1,False,0.1,lr1e-05_bs32_modL1_fusion16_fusionL1_fusionBN0_drop0p1__wd1e-04trmiss40_trlocglobal,15,0.6762485802173615,0.6857335865497589,0.5317460317460317,0.5586140905297265,0.5111111111111111,0.0,0.0,0.0,0.0,0.0,0.0,0.0,0.0,0.0,,,,,18473,global,0.4
3,3,lr1e-05_bs32_modL1_fusion16_fusionL1_fusionBN0_drop0p1__wd1e-04trmiss40_trlocglobal,32,1e-05,0.0001,1,16,1,False,0.1,lr1e-05_bs32_modL1_fusion16_fusionL1_fusionBN0_drop0p1__wd1e-04trmiss40_trlocglobal,16,0.6737385888894399,0.6857970058917999,0.5277777777777778,0.5590232828687071,0.5111111111111111,0.0,0.0,0.0,0.0,0.0,0.0,0.0,0.0,0.0,,,,,18473,global,0.4
3,3,lr1e-05_bs32_modL1_fusion16_fusionL1_fusionBN0_drop0p1__wd1e-04trmiss40_trlocglobal,32,1e-05,0.0001,1,16,1,False,0.1,lr1e-05_bs32_modL1_fusion16_fusionL1_fusionBN0_drop0p1__wd1e-04trmiss40_trlocglobal,17,0.6811699867248535,0.6857973635196686,0.5376984126984127,0.5698638312092554,0.5111111111111111,0.0,0.0,0.0,0.0,0.0,0.0,0.0,0.0,0.0,,,,,18473,global,0.4
3,3,lr1e-05_bs32_modL1_fusion16_fusionL1_fusionBN0_drop0p1__wd1e-04trmiss40_trlocglobal,32,1e-05,0.0001,1,16,1,False,0.1,lr1e-05_bs32_modL1_fusion16_fusionL1_fusionBN0_drop0p1__wd1e-04trmiss40_trlocglobal,18,0.6724478602409363,0.6853124499320984,0.5436507936507936,0.5768728346135241,0.5111111111111111,0.0,0.0,0.0,0.0,0.0,0.0,0.0,0.0,0.0,,,,,18473,global,0.4
3,3,lr1e-05_bs32_modL1_fusion16_fusionL1_fusionBN0_drop0p1__wd1e-04trmiss40_trlocglobal,32,1e-05,0.0001,1,16,1,False,0.1,lr1e-05_bs32_modL1_fusion16_fusionL1_fusionBN0_drop0p1__wd1e-04trmiss40_trlocglobal,19,0.676516185204188,0.6850713789463043,0.5456349206349207,0.5783045432175754,0.5111111111111111,0.0,0.0,0.0,0.0,0.0,0.0,0.0,0.0,0.0,,,,,18473,global,0.4
3,3,lr1e-05_bs32_modL1_fusion16_fusionL1_fusionBN0_drop0p1__wd1e-04trmiss40_trlocglobal,32,1e-05,0.0001,1,16,1,False,0.1,lr1e-05_bs32_modL1_fusion16_fusionL1_fusionBN0_drop0p1__wd1e-04trmiss40_trlocglobal,20,0.6758220593134562,0.6848990023136139,0.5456349206349207,0.5777546688286916,0.5111111111111111,0.0,0.0,0.0,0.0,0.0,0.0,0.0,0.0,0.0,,,,,18473,global,0.4
3,3,lr1e-05_bs32_modL1_fusion16_fusionL1_fusionBN0_drop0p1__wd1e-04trmiss40_trlocglobal,32,1e-05,0.0001,1,16,1,False,0.1,lr1e-05_bs32_modL1_fusion16_fusionL1_fusionBN0_drop0p1__wd1e-04trmiss40_trlocglobal,21,0.6627197662989298,0.6846580803394318,0.5496031746031746,0.5808044942469383,0.5111111111111111,0.0,0.0,0.0,0.0,0.0,0.0,0.0,0.0,0.0,,,,,18473,global,0.4
3,3,lr1e-05_bs32_modL1_fusion16_fusionL1_fusionBN0_drop0p1__wd1e-04trmiss40_trlocglobal,32,1e-05,0.0001,1,16,1,False,0.1,lr1e-05_bs32_modL1_fusion16_fusionL1_fusionBN0_drop0p1__wd1e-04trmiss40_trlocglobal,22,0.6695370574792227,0.6846892237663269,0.5496031746031746,0.5809648471307818,0.5111111111111111,0.0,0.0,0.0,0.0,0.0,0.0,0.0,0.0,0.0,,,,,18473,global,0.4
3,3,lr1e-05_bs32_modL1_fusion16_fusionL1_fusionBN0_drop0p1__wd1e-04trmiss40_trlocglobal,32,1e-05,0.0001,1,16,1,False,0.1,lr1e-05_bs32_modL1_fusion16_fusionL1_fusionBN0_drop0p1__wd1e-04trmiss40_trlocglobal,23,0.6709141830603281,0.6849766969680786,0.5555555555555556,0.5841896775816858,0.5111111111111111,0.0,0.0,0.0,0.0,0.0,0.0,0.0,0.0,0.0,,,,,18473,global,0.4
3,3,lr1e-05_bs32_modL1_fusion16_fusionL1_fusionBN0_drop0p1__wd1e-04trmiss40_trlocglobal,32,1e-05,0.0001,1,16,1,False,0.1,lr1e-05_bs32_modL1_fusion16_fusionL1_fusionBN0_drop0p1__wd1e-04trmiss40_trlocglobal,24,0.6582648853460947,0.6853346824645996,0.5476190476190477,0.57992920634171,0.5111111111111111,0.0,0.0,0.0,0.0,0.0,0.0,0.0,0.0,0.0,,,,,18473,global,0.4
3,3,lr1e-05_bs32_modL1_fusion16_fusionL1_fusionBN0_drop0p1__wd1e-04trmiss40_trlocglobal,32,1e-05,0.0001,1,16,1,False,0.1,lr1e-05_bs32_modL1_fusion16_fusionL1_fusionBN0_drop0p1__wd1e-04trmiss40_trlocglobal,25,0.6669018367926279,0.6852341890335083,0.5575396825396826,0.5861571926208472,0.5111111111111111,0.0,0.0,0.0,0.0,0.0,0.0,0.0,0.0,0.0,,,,,18473,global,0.4
3,3,lr1e-05_bs32_modL1_fusion16_fusionL1_fusionBN0_drop0p1__wd1e-04trmiss40_trlocglobal,32,1e-05,0.0001,1,16,1,False,0.1,lr1e-05_bs32_modL1_fusion16_fusionL1_fusionBN0_drop0p1__wd1e-04trmiss40_trlocglobal,26,0.6633564531803131,0.6849222481250763,0.5575396825396826,0.5861571926208472,0.5111111111111111,0.0,0.0,0.0,0.0,0.0,0.0,0.0,0.0,0.0,,,,,18473,global,0.4
3,3,lr1e-05_bs32_modL1_fusion16_fusionL1_fusionBN0_drop0p1__wd1e-04trmiss40_trlocglobal,32,1e-05,0.0001,1,16,1,False,0.1,lr1e-05_bs32_modL1_fusion16_fusionL1_fusionBN0_drop0p1__wd1e-04trmiss40_trlocglobal,27,0.6610188682874044,0.6846392750740051,0.5575396825396826,0.5857501004696343,0.5111111111111111,0.0,0.0,0.0,0.0,0.0,0.0,0.0,0.0,0.0,,,,,18473,global,0.4
3,3,lr1e-05_bs32_modL1_fusion16_fusionL1_fusionBN0_drop0p1__wd1e-04trmiss40_trlocglobal,32,1e-05,0.0001,1,16,1,False,0.1,lr1e-05_bs32_modL1_fusion16_fusionL1_fusionBN0_drop0p1__wd1e-04trmiss40_trlocglobal,28,0.6609264214833578,0.6844119131565094,0.5575396825396826,0.5863774688042632,0.5111111111111111,0.0,0.0,0.0,0.0,0.0,0.0,0.0,0.0,0.0,,,,,18473,global,0.4
3,3,lr1e-05_bs32_modL1_fusion16_fusionL1_fusionBN0_drop0p1__wd1e-04trmiss40_trlocglobal,32,1e-05,0.0001,1,16,1,False,0.1,lr1e-05_bs32_modL1_fusion16_fusionL1_fusionBN0_drop0p1__wd1e-04trmiss40_trlocglobal,29,0.6569069524606069,0.6843196451663971,0.5654761904761905,0.5928375377643322,0.5111111111111111,0.0,0.0,0.0,0.0,0.0,0.0,0.0,0.0,0.0,,,,,18473,global,0.4
3,3,lr1e-05_bs32_modL1_fusion16_fusionL1_fusionBN0_drop0p1__wd1e-04trmiss40_trlocglobal,32,1e-05,0.0001,1,16,1,False,0.1,lr1e-05_bs32_modL1_fusion16_fusionL1_fusionBN0_drop0p1__wd1e-04trmiss40_trlocglobal,30,0.6603881120681763,0.6840833723545074,0.5694444444444444,0.5953520262123245,0.4444444444444444,0.0,0.0,0.0,0.0,0.0,0.0,0.0,0.0,0.0,,,,,18473,global,0.4
3,3,lr1e-05_bs32_modL1_fusion16_fusionL1_fusionBN0_drop0p1__wd1e-04trmiss40_trlocglobal,32,1e-05,0.0001,1,16,1,False,0.1,lr1e-05_bs32_modL1_fusion16_fusionL1_fusionBN0_drop0p1__wd1e-04trmiss40_trlocglobal,31,0.6580743690331777,0.6837069094181061,0.5753968253968254,0.5981152065646389,0.4444444444444444,0.0,0.0,0.0,0.0,0.0,0.0,0.0,0.0,0.0,,,,,18473,global,0.4
3,3,lr1e-05_bs32_modL1_fusion16_fusionL1_fusionBN0_drop0p1__wd1e-04trmiss40_trlocglobal,32,1e-05,0.0001,1,16,1,False,0.1,lr1e-05_bs32_modL1_fusion16_fusionL1_fusionBN0_drop0p1__wd1e-04trmiss40_trlocglobal,32,0.6591003636519114,0.6839843988418579,0.5714285714285715,0.5944371213648146,0.4444444444444444,0.0,0.0,0.0,0.0,0.0,0.0,0.0,0.0,0.0,,,,,18473,global,0.4
3,3,lr1e-05_bs32_modL1_fusion16_fusionL1_fusionBN0_drop0p1__wd1e-04trmiss40_trlocglobal,32,1e-05,0.0001,1,16,1,False,0.1,lr1e-05_bs32_modL1_fusion16_fusionL1_fusionBN0_drop0p1__wd1e-04trmiss40_trlocglobal,33,0.6606698234875997,0.6839879155158997,0.5753968253968255,0.5962669801025681,0.4444444444444444,0.0,0.0,0.0,0.0,0.0,0.0,0.0,0.0,0.0,,,,,18473,global,0.4
3,3,lr1e-05_bs32_modL1_fusion16_fusionL1_fusionBN0_drop0p1__wd1e-04trmiss40_trlocglobal,32,1e-05,0.0001,1,16,1,False,0.1,lr1e-05_bs32_modL1_fusion16_fusionL1_fusionBN0_drop0p1__wd1e-04trmiss40_trlocglobal,34,0.6593756675720215,0.6837109327316284,0.5813492063492063,0.6029415382498274,0.4444444444444444,0.0,0.0,0.0,0.0,0.0,0.0,0.0,0.0,0.0,,,,,18473,global,0.4
3,3,lr1e-05_bs32_modL1_fusion16_fusionL1_fusionBN0_drop0p1__wd1e-04trmiss40_trlocglobal,32,1e-05,0.0001,1,16,1,False,0.1,lr1e-05_bs32_modL1_fusion16_fusionL1_fusionBN0_drop0p1__wd1e-04trmiss40_trlocglobal,35,0.6554145614306132,0.6837129592895508,0.5813492063492063,0.599770767981356,0.4444444444444444,0.0,0.0,0.0,0.0,0.0,0.0,0.0,0.0,0.0,,,,,18473,global,0.4
3,3,lr1e-05_bs32_modL1_fusion16_fusionL1_fusionBN0_drop0p1__wd1e-04trmiss40_trlocglobal,32,1e-05,0.0001,1,16,1,False,0.1,lr1e-05_bs32_modL1_fusion16_fusionL1_fusionBN0_drop0p1__wd1e-04trmiss40_trlocglobal,36,0.6545938352743784,0.683823436498642,0.5833333333333334,0.6043171419805036,0.4444444444444444,0.0,0.0,0.0,0.0,0.0,0.0,0.0,0.0,0.0,,,,,18473,global,0.4
3,3,lr1e-05_bs32_modL1_fusion16_fusionL1_fusionBN0_drop0p1__wd1e-04trmiss40_trlocglobal,32,1e-05,0.0001,1,16,1,False,0.1,lr1e-05_bs32_modL1_fusion16_fusionL1_fusionBN0_drop0p1__wd1e-04trmiss40_trlocglobal,37,0.6515472630659739,0.6830992698669434,0.5892857142857143,0.6091129634429917,0.4666666666666667,0.0,0.0,0.0,0.0,0.0,0.0,0.0,0.0,0.0,,,,,18473,global,0.4
3,3,lr1e-05_bs32_modL1_fusion16_fusionL1_fusionBN0_drop0p1__wd1e-04trmiss40_trlocglobal,32,1e-05,0.0001,1,16,1,False,0.1,lr1e-05_bs32_modL1_fusion16_fusionL1_fusionBN0_drop0p1__wd1e-04trmiss40_trlocglobal,38,0.6546916564305624,0.6827194094657898,0.5853174603174603,0.6035574078874362,0.4666666666666667,0.0,0.0,0.0,0.0,0.0,0.0,0.0,0.0,0.0,,,,,18473,global,0.4
3,3,lr1e-05_bs32_modL1_fusion16_fusionL1_fusionBN0_drop0p1__wd1e-04trmiss40_trlocglobal,32,1e-05,0.0001,1,16,1,False,0.1,lr1e-05_bs32_modL1_fusion16_fusionL1_fusionBN0_drop0p1__wd1e-04trmiss40_trlocglobal,39,0.6528829435507456,0.6827345192432404,0.5853174603174603,0.604032914181908,0.4444444444444444,0.0,0.0,0.0,0.0,0.0,0.0,0.0,0.0,0.0,,,,,18473,global,0.4
3,3,lr1e-05_bs32_modL1_fusion16_fusionL1_fusionBN0_drop0p1__wd1e-04trmiss40_trlocglobal,32,1e-05,0.0001,1,16,1,False,0.1,lr1e-05_bs32_modL1_fusion16_fusionL1_fusionBN0_drop0p1__wd1e-04trmiss40_trlocglobal,40,0.64719886581103,0.6827850341796875,0.5833333333333333,0.6010983487473425,0.4444444444444444,0.0,0.0,0.0,0.0,0.0,0.0,0.0,0.0,0.0,,,,,18473,global,0.4
3,3,lr1e-05_bs32_modL1_fusion16_fusionL1_fusionBN0_drop0p1__wd1e-04trmiss40_trlocglobal,32,1e-05,0.0001,1,16,1,False,0.1,lr1e-05_bs32_modL1_fusion16_fusionL1_fusionBN0_drop0p1__wd1e-04trmiss40_trlocglobal,41,0.6514579157034556,0.6830107867717743,0.5873015873015872,0.6032918602479193,0.4444444444444444,0.0,0.0,0.0,0.0,0.0,0.0,0.0,0.0,0.0,,,,,18473,global,0.4
3,3,lr1e-05_bs32_modL1_fusion16_fusionL1_fusionBN0_drop0p1__wd1e-04trmiss40_trlocglobal,32,1e-05,0.0001,1,16,1,False,0.1,lr1e-05_bs32_modL1_fusion16_fusionL1_fusionBN0_drop0p1__wd1e-04trmiss40_trlocglobal,42,0.6538008352120718,0.6828344762325287,0.5873015873015873,0.6031563688767958,0.4444444444444444,0.0,0.0,0.0,0.0,0.0,0.0,0.0,0.0,0.0,,,,,18473,global,0.4
3,3,lr1e-05_bs32_modL1_fusion16_fusionL1_fusionBN0_drop0p1__wd1e-04trmiss40_trlocglobal,32,1e-05,0.0001,1,16,1,False,0.1,lr1e-05_bs32_modL1_fusion16_fusionL1_fusionBN0_drop0p1__wd1e-04trmiss40_trlocglobal,43,0.6541373332341512,0.6827220916748047,0.5892857142857143,0.6064705806820745,0.4444444444444444,0.0,0.0,0.0,0.0,0.0,0.0,0.0,0.0,0.0,,,,,18473,global,0.4
3,3,lr1e-05_bs32_modL1_fusion16_fusionL1_fusionBN0_drop0p1__wd1e-04trmiss40_trlocglobal,32,1e-05,0.0001,1,16,1,False,0.1,lr1e-05_bs32_modL1_fusion16_fusionL1_fusionBN0_drop0p1__wd1e-04trmiss40_trlocglobal,44,0.6524470945199331,0.68268021941185,0.5932539682539683,0.6080896685469375,0.4444444444444444,0.0,0.0,0.0,0.0,0.0,0.0,0.0,0.0,0.0,,,,,18473,global,0.4
3,3,lr1e-05_bs32_modL1_fusion16_fusionL1_fusionBN0_drop0p1__wd1e-04trmiss40_trlocglobal,32,1e-05,0.0001,1,16,1,False,0.1,lr1e-05_bs32_modL1_fusion16_fusionL1_fusionBN0_drop0p1__wd1e-04trmiss40_trlocglobal,45,0.6480551262696584,0.6825950741767883,0.5912698412698413,0.608531020242514,0.4444444444444444,0.0,0.0,0.0,0.0,0.0,0.0,0.0,0.0,0.0,,,,,18473,global,0.4
3,3,lr1e-05_bs32_modL1_fusion16_fusionL1_fusionBN0_drop0p1__wd1e-04trmiss40_trlocglobal,32,1e-05,0.0001,1,16,1,False,0.1,lr1e-05_bs32_modL1_fusion16_fusionL1_fusionBN0_drop0p1__wd1e-04trmiss40_trlocglobal,46,0.6479363242785136,0.6824126541614532,0.5972222222222222,0.6106149867531946,0.4444444444444444,0.0,0.0,0.0,0.0,0.0,0.0,0.0,0.0,0.0,,,,,18473,global,0.4
3,3,lr1e-05_bs32_modL1_fusion16_fusionL1_fusionBN0_drop0p1__wd1e-04trmiss40_trlocglobal,32,1e-05,0.0001,1,16,1,False,0.1,lr1e-05_bs32_modL1_fusion16_fusionL1_fusionBN0_drop0p1__wd1e-04trmiss40_trlocglobal,47,0.6495856642723083,0.6826550364494324,0.5892857142857142,0.6050775745336335,0.4666666666666667,0.0,0.0,0.0,0.0,0.0,0.0,0.0,0.0,0.0,,,,,18473,global,0.4
3,3,lr1e-05_bs32_modL1_fusion16_fusionL1_fusionBN0_drop0p1__wd1e-04trmiss40_trlocglobal,32,1e-05,0.0001,1,16,1,False,0.1,lr1e-05_bs32_modL1_fusion16_fusionL1_fusionBN0_drop0p1__wd1e-04trmiss40_trlocglobal,48,0.6500186423460642,0.6824845373630524,0.5892857142857143,0.6068411783133664,0.4666666666666667,0.0,0.0,0.0,0.0,0.0,0.0,0.0,0.0,0.0,,,,,18473,global,0.4
3,3,lr1e-05_bs32_modL1_fusion16_fusionL1_fusionBN0_drop0p1__wd1e-04trmiss40_trlocglobal,32,1e-05,0.0001,1,16,1,False,0.1,lr1e-05_bs32_modL1_fusion16_fusionL1_fusionBN0_drop0p1__wd1e-04trmiss40_trlocglobal,49,0.6433137655258179,0.682508111000061,0.5873015873015873,0.6030905240549891,0.4444444444444444,0.0,0.0,0.0,0.0,0.0,0.0,0.0,0.0,0.0,,,,,18473,global,0.4
3,3,lr1e-05_bs32_modL1_fusion16_fusionL1_fusionBN0_drop0p1__wd1e-04trmiss40_trlocglobal,32,1e-05,0.0001,1,16,1,False,0.1,lr1e-05_bs32_modL1_fusion16_fusionL1_fusionBN0_drop0p1__wd1e-04trmiss40_trlocglobal,50,0.651520440975825,0.682928055524826,0.5873015873015874,0.6052581696837409,0.4444444444444444,0.0,0.0,0.0,0.0,0.0,0.0,0.0,0.0,0.0,,,,,18473,global,0.4
3,3,lr1e-05_bs32_modL1_fusion16_fusionL1_fusionBN0_drop0p1__wd1e-04trmiss40_trlocglobal,32,1e-05,0.0001,1,16,1,False,0.1,lr1e-05_bs32_modL1_fusion16_fusionL1_fusionBN0_drop0p1__wd1e-04trmiss40_trlocglobal,51,0.6489447752634684,0.6826207935810089,0.5892857142857143,0.6068411783133664,0.4444444444444444,0.0,0.0,0.0,0.0,0.0,0.0,0.0,0.0,0.0,,,,,18473,global,0.4
3,3,lr1e-05_bs32_modL1_fusion16_fusionL1_fusionBN0_drop0p1__wd1e-04trmiss40_trlocglobal,32,1e-05,0.0001,1,16,1,False,0.1,lr1e-05_bs32_modL1_fusion16_fusionL1_fusionBN0_drop0p1__wd1e-04trmiss40_trlocglobal,52,0.647640456755956,0.6826783120632172,0.5912698412698413,0.6089016178738059,0.4444444444444444,0.0,0.0,0.0,0.0,0.0,0.0,0.0,0.0,0.0,,,,,18473,global,0.4
3,3,lr1e-05_bs32_modL1_fusion16_fusionL1_fusionBN0_drop0p1__wd1e-04trmiss40_trlocglobal,32,1e-05,0.0001,1,16,1,False,0.1,lr1e-05_bs32_modL1_fusion16_fusionL1_fusionBN0_drop0p1__wd1e-04trmiss40_trlocglobal,53,0.6461154222488403,0.6826765537261963,0.5912698412698413,0.6064225258785849,0.4444444444444444,0.0,0.0,0.0,0.0,0.0,0.0,0.0,0.0,0.0,,,,,18473,global,0.4
3,3,lr1e-05_bs32_modL1_fusion16_fusionL1_fusionBN0_drop0p1__wd1e-04trmiss40_trlocglobal,32,1e-05,0.0001,1,16,1,False,0.1,lr1e-05_bs32_modL1_fusion16_fusionL1_fusionBN0_drop0p1__wd1e-04trmiss40_trlocglobal,54,0.6495497822761536,0.6831292510032654,0.5833333333333333,0.5996694895260952,0.4444444444444444,0.0,0.0,0.0,0.0,0.0,0.0,0.0,0.0,0.0,,,,,18473,global,0.4
3,3,lr1e-05_bs32_modL1_fusion16_fusionL1_fusionBN0_drop0p1__wd1e-04trmiss40_trlocglobal,32,1e-05,0.0001,1,16,1,False,0.1,lr1e-05_bs32_modL1_fusion16_fusionL1_fusionBN0_drop0p1__wd1e-04trmiss40_trlocglobal,55,0.6466077168782552,0.682867169380188,0.5892857142857144,0.608342674784375,0.4444444444444444,0.0,0.0,0.0,0.0,0.0,0.0,0.0,0.0,0.0,,,,,18473,global,0.4
3,3,lr1e-05_bs32_modL1_fusion16_fusionL1_fusionBN0_drop0p1__wd1e-04trmiss40_trlocglobal,32,1e-05,0.0001,1,16,1,False,0.1,lr1e-05_bs32_modL1_fusion16_fusionL1_fusionBN0_drop0p1__wd1e-04trmiss40_trlocglobal,56,0.6478720506032308,0.6828538477420807,0.5912698412698413,0.6084749567614032,0.4444444444444444,0.0,0.0,0.0,0.0,0.0,0.0,0.0,0.0,0.0,,,,,18473,global,0.4
3,3,lr1e-05_bs32_modL1_fusion16_fusionL1_fusionBN0_drop0p1__wd1e-04trmiss40_trlocglobal,32,1e-05,0.0001,1,16,1,False,0.1,lr1e-05_bs32_modL1_fusion16_fusionL1_fusionBN0_drop0p1__wd1e-04trmiss40_trlocglobal,57,0.6449267168839773,0.682738870382309,0.5892857142857143,0.6043620863181454,0.4444444444444444,0.0,0.0,0.0,0.0,0.0,0.0,0.0,0.0,0.0,,,,,18473,global,0.4
3,3,lr1e-05_bs32_modL1_fusion16_fusionL1_fusionBN0_drop0p1__wd1e-04trmiss40_trlocglobal,32,1e-05,0.0001,1,16,1,False,0.1,lr1e-05_bs32_modL1_fusion16_fusionL1_fusionBN0_drop0p1__wd1e-04trmiss40_trlocglobal,58,0.6479690273602804,0.6827644407749176,0.5853174603174603,0.6008871661765585,0.4444444444444444,0.0,0.0,0.0,0.0,0.0,0.0,0.0,0.0,0.0,,,,,18473,global,0.4
3,3,lr1e-05_bs32_modL1_fusion16_fusionL1_fusionBN0_drop0p1__wd1e-04trmiss40_trlocglobal,32,1e-05,0.0001,1,16,1,False,0.1,lr1e-05_bs32_modL1_fusion16_fusionL1_fusionBN0_drop0p1__wd1e-04trmiss40_trlocglobal,59,0.6454306940237681,0.6828665733337402,0.5853174603174603,0.6008871661765585,0.4444444444444444,0.0,0.0,0.0,0.0,0.0,0.0,0.0,0.0,0.0,,,,,18473,global,0.4
3,3,lr1e-05_bs32_modL1_fusion16_fusionL1_fusionBN0_drop0p1__wd1e-04trmiss40_trlocglobal,32,1e-05,0.0001,1,16,1,False,0.1,lr1e-05_bs32_modL1_fusion16_fusionL1_fusionBN0_drop0p1__wd1e-04trmiss40_trlocglobal,60,0.6435937086741129,0.6830463111400604,0.5932539682539683,0.6096072031382147,0.4444444444444444,0.0,0.0,0.0,0.0,0.0,0.0,0.0,0.0,0.0,,,,,18473,global,0.4
3,3,lr1e-05_bs32_modL1_fusion16_fusionL1_fusionBN0_drop0p1__wd1e-04trmiss40_trlocglobal,32,1e-05,0.0001,1,16,1,False,0.1,lr1e-05_bs32_modL1_fusion16_fusionL1_fusionBN0_drop0p1__wd1e-04trmiss40_trlocglobal,61,0.6419672667980194,0.6832497715950012,0.5873015873015873,0.602947605736998,0.4444444444444444,0.0,0.0,0.0,0.0,0.0,0.0,0.0,0.0,0.0,,,,,18473,global,0.4
3,3,lr1e-05_bs32_modL1_fusion16_fusionL1_fusionBN0_drop0p1__wd1e-04trmiss40_trlocglobal,32,1e-05,0.0001,1,16,1,False,0.1,lr1e-05_bs32_modL1_fusion16_fusionL1_fusionBN0_drop0p1__wd1e-04trmiss40_trlocglobal,62,0.6464687287807465,0.6831954717636108,0.5873015873015874,0.6030109955067422,0.4444444444444444,0.0,0.0,0.0,0.0,0.0,0.0,0.0,0.0,0.0,,,,,18473,global,0.4
3,3,lr1e-05_bs32_modL1_fusion16_fusionL1_fusionBN0_drop0p1__wd1e-04trmiss40_trlocglobal,32,1e-05,0.0001,1,16,1,False,0.1,lr1e-05_bs32_modL1_fusion16_fusionL1_fusionBN0_drop0p1__wd1e-04trmiss40_trlocglobal,63,0.6478900611400604,0.6832213997840881,0.5873015873015873,0.604774599286475,0.4444444444444444,0.0,0.0,0.0,0.0,0.0,0.0,0.0,0.0,0.0,,,,,18473,global,0.4
3,3,lr1e-05_bs32_modL1_fusion16_fusionL1_fusionBN0_drop0p1__wd1e-04trmiss40_trlocglobal,32,1e-05,0.0001,1,16,1,False,0.1,lr1e-05_bs32_modL1_fusion16_fusionL1_fusionBN0_drop0p1__wd1e-04trmiss40_trlocglobal,64,0.6463330487410227,0.6831305623054504,0.5892857142857143,0.603513875115062,0.4444444444444444,0.0,0.0,0.0,0.0,0.0,0.0,0.0,0.0,0.0,,,,,18473,global,0.4
3,3,lr1e-05_bs32_modL1_fusion16_fusionL1_fusionBN0_drop0p1__wd1e-04trmiss40_trlocglobal,32,1e-05,0.0001,1,16,1,False,0.1,lr1e-05_bs32_modL1_fusion16_fusionL1_fusionBN0_drop0p1__wd1e-04trmiss40_trlocglobal,65,0.6426954964796702,0.6833177208900452,0.5813492063492063,0.5989754987505322,0.4444444444444444,0.0,0.0,0.0,0.0,0.0,0.0,0.0,0.0,0.0,,,,,18473,global,0.4
3,3,lr1e-05_bs32_modL1_fusion16_fusionL1_fusionBN0_drop0p1__wd1e-04trmiss40_trlocglobal,32,1e-05,0.0001,1,16,1,False,0.1,lr1e-05_bs32_modL1_fusion16_fusionL1_fusionBN0_drop0p1__wd1e-04trmiss40_trlocglobal,66,0.6408830384413401,0.6831684410572052,0.5853174603174603,0.6011296943548053,0.4444444444444444,0.0,0.0,0.0,0.0,0.0,0.0,0.0,0.0,0.0,,,,,18473,global,0.4
3,3,lr1e-05_bs32_modL1_fusion32_fusionL1_fusionBN0_drop0p2__wd1e-04trmiss40_trlocglobal,32,1e-05,0.0001,1,32,1,False,0.2,lr1e-05_bs32_modL1_fusion32_fusionL1_fusionBN0_drop0p2__wd1e-04trmiss40_trlocglobal,1,0.6985632379849752,0.6896767914295197,0.5178571428571429,0.6107786475009666,0.4888888888888889,0.0,0.0,0.0,0.0,0.0,0.0,0.0,0.0,0.0,,,,,18473,global,0.4
3,3,lr1e-05_bs32_modL1_fusion32_fusionL1_fusionBN0_drop0p2__wd1e-04trmiss40_trlocglobal,32,1e-05,0.0001,1,32,1,False,0.2,lr1e-05_bs32_modL1_fusion32_fusionL1_fusionBN0_drop0p2__wd1e-04trmiss40_trlocglobal,2,0.6954553127288818,0.6888245940208435,0.5337301587301587,0.5988953534382015,0.4666666666666667,0.0,0.0,0.0,0.0,0.0,0.0,0.0,0.0,0.0,,,,,18473,global,0.4
3,3,lr1e-05_bs32_modL1_fusion32_fusionL1_fusionBN0_drop0p2__wd1e-04trmiss40_trlocglobal,32,1e-05,0.0001,1,32,1,False,0.2,lr1e-05_bs32_modL1_fusion32_fusionL1_fusionBN0_drop0p2__wd1e-04trmiss40_trlocglobal,3,0.6961772342522939,0.6880813539028168,0.5476190476190477,0.6125194408979286,0.5333333333333333,0.0,0.0,0.0,0.0,0.0,0.0,0.0,0.0,0.0,,,,,18473,global,0.4
3,3,lr1e-05_bs32_modL1_fusion32_fusionL1_fusionBN0_drop0p2__wd1e-04trmiss40_trlocglobal,32,1e-05,0.0001,1,32,1,False,0.2,lr1e-05_bs32_modL1_fusion32_fusionL1_fusionBN0_drop0p2__wd1e-04trmiss40_trlocglobal,4,0.6978268524010977,0.6867258250713348,0.5575396825396826,0.620945621199109,0.5333333333333333,0.0,0.0,0.0,0.0,0.0,0.0,0.0,0.0,0.0,,,,,18473,global,0.4
3,3,lr1e-05_bs32_modL1_fusion32_fusionL1_fusionBN0_drop0p2__wd1e-04trmiss40_trlocglobal,32,1e-05,0.0001,1,32,1,False,0.2,lr1e-05_bs32_modL1_fusion32_fusionL1_fusionBN0_drop0p2__wd1e-04trmiss40_trlocglobal,5,0.6910423040390015,0.6864882707595825,0.5575396825396826,0.6185684357078206,0.4888888888888889,0.0,0.0,0.0,0.0,0.0,0.0,0.0,0.0,0.0,,,,,18473,global,0.4
3,3,lr1e-05_bs32_modL1_fusion32_fusionL1_fusionBN0_drop0p2__wd1e-04trmiss40_trlocglobal,32,1e-05,0.0001,1,32,1,False,0.2,lr1e-05_bs32_modL1_fusion32_fusionL1_fusionBN0_drop0p2__wd1e-04trmiss40_trlocglobal,6,0.6899503767490387,0.6859242022037506,0.5634920634920635,0.616429801300447,0.5111111111111111,0.0,0.0,0.0,0.0,0.0,0.0,0.0,0.0,0.0,,,,,18473,global,0.4
3,3,lr1e-05_bs32_modL1_fusion32_fusionL1_fusionBN0_drop0p2__wd1e-04trmiss40_trlocglobal,32,1e-05,0.0001,1,32,1,False,0.2,lr1e-05_bs32_modL1_fusion32_fusionL1_fusionBN0_drop0p2__wd1e-04trmiss40_trlocglobal,7,0.680417666832606,0.686115175485611,0.5615079365079365,0.6245922492186241,0.5111111111111111,0.0,0.0,0.0,0.0,0.0,0.0,0.0,0.0,0.0,,,,,18473,global,0.4
3,3,lr1e-05_bs32_modL1_fusion32_fusionL1_fusionBN0_drop0p2__wd1e-04trmiss40_trlocglobal,32,1e-05,0.0001,1,32,1,False,0.2,lr1e-05_bs32_modL1_fusion32_fusionL1_fusionBN0_drop0p2__wd1e-04trmiss40_trlocglobal,8,0.6803386112054189,0.6864812970161438,0.5535714285714286,0.6049397584099708,0.5111111111111111,0.0,0.0,0.0,0.0,0.0,0.0,0.0,0.0,0.0,,,,,18473,global,0.4
3,3,lr1e-05_bs32_modL1_fusion32_fusionL1_fusionBN0_drop0p2__wd1e-04trmiss40_trlocglobal,32,1e-05,0.0001,1,32,1,False,0.2,lr1e-05_bs32_modL1_fusion32_fusionL1_fusionBN0_drop0p2__wd1e-04trmiss40_trlocglobal,9,0.6774433056513468,0.686874270439148,0.5535714285714286,0.6068880251939055,0.5111111111111111,0.0,0.0,0.0,0.0,0.0,0.0,0.0,0.0,0.0,,,,,18473,global,0.4
3,3,lr1e-05_bs32_modL1_fusion32_fusionL1_fusionBN0_drop0p2__wd1e-04trmiss40_trlocglobal,32,1e-05,0.0001,1,32,1,False,0.2,lr1e-05_bs32_modL1_fusion32_fusionL1_fusionBN0_drop0p2__wd1e-04trmiss40_trlocglobal,10,0.6830063064893087,0.6878481209278107,0.5496031746031746,0.6030395030264178,0.5111111111111111,0.0,0.0,0.0,0.0,0.0,0.0,0.0,0.0,0.0,,,,,18473,global,0.4
3,3,lr1e-05_bs32_modL1_fusion32_fusionL1_fusionBN0_drop0p2__wd1e-04trmiss40_trlocglobal,32,1e-05,0.0001,1,32,1,False,0.2,lr1e-05_bs32_modL1_fusion32_fusionL1_fusionBN0_drop0p2__wd1e-04trmiss40_trlocglobal,11,0.6805414358774821,0.6884613931179047,0.5456349206349207,0.6030404146443722,0.4666666666666667,0.0,0.0,0.0,0.0,0.0,0.0,0.0,0.0,0.0,,,,,18473,global,0.4
3,3,lr1e-05_bs32_modL1_fusion32_fusionL1_fusionBN0_drop0p2__wd1e-04trmiss40_trlocglobal,32,1e-05,0.0001,1,32,1,False,0.2,lr1e-05_bs32_modL1_fusion32_fusionL1_fusionBN0_drop0p2__wd1e-04trmiss40_trlocglobal,12,0.6765361428260803,0.6890242099761963,0.5416666666666667,0.601719626046719,0.4666666666666667,0.0,0.0,0.0,0.0,0.0,0.0,0.0,0.0,0.0,,,,,18473,global,0.4
3,3,lr1e-05_bs32_modL1_fusion32_fusionL1_fusionBN0_drop0p2__wd1e-04trmiss40_trlocglobal,32,1e-05,0.0001,1,32,1,False,0.2,lr1e-05_bs32_modL1_fusion32_fusionL1_fusionBN0_drop0p2__wd1e-04trmiss40_trlocglobal,13,0.6865818401177725,0.6892591416835785,0.5376984126984128,0.5871304570457854,0.4666666666666667,0.0,0.0,0.0,0.0,0.0,0.0,0.0,0.0,0.0,,,,,18473,global,0.4
3,3,lr1e-05_bs32_modL1_fusion32_fusionL1_fusionBN0_drop0p2__wd1e-04trmiss40_trlocglobal,32,1e-05,0.0001,1,32,1,False,0.2,lr1e-05_bs32_modL1_fusion32_fusionL1_fusionBN0_drop0p2__wd1e-04trmiss40_trlocglobal,14,0.6744218071301779,0.6900200247764587,0.5357142857142857,0.5680510410913694,0.4666666666666667,0.0,0.0,0.0,0.0,0.0,0.0,0.0,0.0,0.0,,,,,18473,global,0.4
3,3,lr1e-05_bs32_modL1_fusion32_fusionL1_fusionBN0_drop0p2__wd1e-04trmiss40_trlocglobal,32,1e-05,0.0001,1,32,1,False,0.2,lr1e-05_bs32_modL1_fusion32_fusionL1_fusionBN0_drop0p2__wd1e-04trmiss40_trlocglobal,15,0.6725185414155325,0.6907238662242889,0.5337301587301588,0.5640827871231154,0.4888888888888889,0.0,0.0,0.0,0.0,0.0,0.0,0.0,0.0,0.0,,,,,18473,global,0.4
3,3,lr1e-05_bs32_modL1_fusion32_fusionL1_fusionBN0_drop0p2__wd1e-04trmiss40_trlocglobal,32,1e-05,0.0001,1,32,1,False,0.2,lr1e-05_bs32_modL1_fusion32_fusionL1_fusionBN0_drop0p2__wd1e-04trmiss40_trlocglobal,16,0.669050395488739,0.6909640729427338,0.5297619047619048,0.5569399299802583,0.4888888888888889,0.0,0.0,0.0,0.0,0.0,0.0,0.0,0.0,0.0,,,,,18473,global,0.4
3,3,lr1e-05_bs32_modL1_fusion32_fusionL1_fusionBN0_drop0p2__wd1e-04trmiss40_trlocglobal,32,1e-05,0.0001,1,32,1,False,0.2,lr1e-05_bs32_modL1_fusion32_fusionL1_fusionBN0_drop0p2__wd1e-04trmiss40_trlocglobal,17,0.6722619235515594,0.6907783448696136,0.5337301587301587,0.5605657325191044,0.5111111111111111,0.0,0.0,0.0,0.0,0.0,0.0,0.0,0.0,0.0,,,,,18473,global,0.4
3,3,lr1e-05_bs32_modL1_fusion32_fusionL1_fusionBN0_drop0p2__wd1e-04trmiss40_trlocglobal,32,1e-05,0.0001,1,32,1,False,0.2,lr1e-05_bs32_modL1_fusion32_fusionL1_fusionBN0_drop0p2__wd1e-04trmiss40_trlocglobal,18,0.6751773854096731,0.6907828748226166,0.5456349206349207,0.5675892237337721,0.5111111111111111,0.0,0.0,0.0,0.0,0.0,0.0,0.0,0.0,0.0,,,,,18473,global,0.4
3,3,lr1e-05_bs32_modL1_fusion32_fusionL1_fusionBN0_drop0p2__wd1e-04trmiss40_trlocglobal,32,1e-05,0.0001,1,32,1,False,0.2,lr1e-05_bs32_modL1_fusion32_fusionL1_fusionBN0_drop0p2__wd1e-04trmiss40_trlocglobal,19,0.6671118636926016,0.6902562975883484,0.5456349206349207,0.5675892237337721,0.5111111111111111,0.0,0.0,0.0,0.0,0.0,0.0,0.0,0.0,0.0,,,,,18473,global,0.4
3,3,lr1e-05_bs32_modL1_fusion32_fusionL1_fusionBN0_drop0p2__wd1e-04trmiss40_trlocglobal,32,1e-05,0.0001,1,32,1,False,0.2,lr1e-05_bs32_modL1_fusion32_fusionL1_fusionBN0_drop0p2__wd1e-04trmiss40_trlocglobal,20,0.6723968585332235,0.6904980838298798,0.5416666666666667,0.5649950042277878,0.5111111111111111,0.0,0.0,0.0,0.0,0.0,0.0,0.0,0.0,0.0,,,,,18473,global,0.4
3,3,lr1e-05_bs32_modL1_fusion32_fusionL1_fusionBN0_drop0p2__wd1e-04trmiss40_trlocglobal,32,1e-05,0.0001,1,32,1,False,0.2,lr1e-05_bs32_modL1_fusion32_fusionL1_fusionBN0_drop0p2__wd1e-04trmiss40_trlocglobal,21,0.6605376303195953,0.6909954845905304,0.5337301587301587,0.5806892806757407,0.5111111111111111,0.0,0.0,0.0,0.0,0.0,0.0,0.0,0.0,0.0,,,,,18473,global,0.4
3,3,lr1e-05_bs32_modL1_fusion32_fusionL1_fusionBN0_drop0p2__wd1e-04trmiss40_trlocglobal,32,1e-05,0.0001,1,32,1,False,0.2,lr1e-05_bs32_modL1_fusion32_fusionL1_fusionBN0_drop0p2__wd1e-04trmiss40_trlocglobal,22,0.6678890188535055,0.6912309527397156,0.5396825396825398,0.5634325042277878,0.5111111111111111,0.0,0.0,0.0,0.0,0.0,0.0,0.0,0.0,0.0,,,,,18473,global,0.4
3,3,lr1e-05_bs32_modL1_fusion32_fusionL1_fusionBN0_drop0p2__wd1e-04trmiss40_trlocglobal,32,1e-05,0.0001,1,32,1,False,0.2,lr1e-05_bs32_modL1_fusion32_fusionL1_fusionBN0_drop0p2__wd1e-04trmiss40_trlocglobal,23,0.6595559020837148,0.6912320554256439,0.5376984126984128,0.5615385648338485,0.5111111111111111,0.0,0.0,0.0,0.0,0.0,0.0,0.0,0.0,0.0,,,,,18473,global,0.4
3,3,lr1e-05_bs32_modL1_fusion32_fusionL1_fusionBN0_drop0p2__wd1e-04trmiss40_trlocglobal,32,1e-05,0.0001,1,32,1,False,0.2,lr1e-05_bs32_modL1_fusion32_fusionL1_fusionBN0_drop0p2__wd1e-04trmiss40_trlocglobal,24,0.6702982584635416,0.6903915405273438,0.5396825396825398,0.5634325042277878,0.5111111111111111,0.0,0.0,0.0,0.0,0.0,0.0,0.0,0.0,0.0,,,,,18473,global,0.4
3,3,lr1e-05_bs32_modL1_fusion32_fusionL1_fusionBN0_drop0p2__wd1e-04trmiss40_trlocglobal,32,1e-05,0.0001,1,32,1,False,0.2,lr1e-05_bs32_modL1_fusion32_fusionL1_fusionBN0_drop0p2__wd1e-04trmiss40_trlocglobal,25,0.6603816648324331,0.6902298033237457,0.5396825396825398,0.5631010648338484,0.5111111111111111,0.0,0.0,0.0,0.0,0.0,0.0,0.0,0.0,0.0,,,,,18473,global,0.4
3,3,lr1e-05_bs32_modL1_fusion32_fusionL1_fusionBN0_drop0p2__wd1e-04trmiss40_trlocglobal,32,1e-05,0.0001,1,32,1,False,0.2,lr1e-05_bs32_modL1_fusion32_fusionL1_fusionBN0_drop0p2__wd1e-04trmiss40_trlocglobal,26,0.6606220801671346,0.690714418888092,0.5376984126984128,0.5561566203894039,0.5111111111111111,0.0,0.0,0.0,0.0,0.0,0.0,0.0,0.0,0.0,,,,,18473,global,0.4
3,3,lr1e-05_bs32_modL1_fusion32_fusionL1_fusionBN0_drop0p1__wd1e-04trmiss40_trlocglobal,32,1e-05,0.0001,1,32,1,False,0.1,lr1e-05_bs32_modL1_fusion32_fusionL1_fusionBN0_drop0p1__wd1e-04trmiss40_trlocglobal,1,0.6972675820191702,0.7130154073238373,0.4365079365079365,0.5411358640753998,0.5333333333333333,0.0,0.0,0.0,0.0,0.0,0.0,0.0,0.0,0.0,,,,,18473,global,0.4
3,3,lr1e-05_bs32_modL1_fusion32_fusionL1_fusionBN0_drop0p1__wd1e-04trmiss40_trlocglobal,32,1e-05,0.0001,1,32,1,False,0.1,lr1e-05_bs32_modL1_fusion32_fusionL1_fusionBN0_drop0p1__wd1e-04trmiss40_trlocglobal,2,0.6867463688055674,0.7160335779190063,0.44444444444444453,0.5648261524834028,0.5333333333333333,0.0,0.0,0.0,0.0,0.0,0.0,0.0,0.0,0.0,,,,,18473,global,0.4
3,3,lr1e-05_bs32_modL1_fusion32_fusionL1_fusionBN0_drop0p1__wd1e-04trmiss40_trlocglobal,32,1e-05,0.0001,1,32,1,False,0.1,lr1e-05_bs32_modL1_fusion32_fusionL1_fusionBN0_drop0p1__wd1e-04trmiss40_trlocglobal,3,0.7006344298521677,0.7180272340774536,0.4365079365079365,0.5587548090514525,0.5333333333333333,0.0,0.0,0.0,0.0,0.0,0.0,0.0,0.0,0.0,,,,,18473,global,0.4
3,3,lr1e-05_bs32_modL1_fusion32_fusionL1_fusionBN0_drop0p1__wd1e-04trmiss40_trlocglobal,32,1e-05,0.0001,1,32,1,False,0.1,lr1e-05_bs32_modL1_fusion32_fusionL1_fusionBN0_drop0p1__wd1e-04trmiss40_trlocglobal,4,0.6881331404050192,0.7203149497509003,0.4484126984126985,0.5740452517528859,0.5333333333333333,0.0,0.0,0.0,0.0,0.0,0.0,0.0,0.0,0.0,,,,,18473,global,0.4
3,3,lr1e-05_bs32_modL1_fusion32_fusionL1_fusionBN0_drop0p1__wd1e-04trmiss40_trlocglobal,32,1e-05,0.0001,1,32,1,False,0.1,lr1e-05_bs32_modL1_fusion32_fusionL1_fusionBN0_drop0p1__wd1e-04trmiss40_trlocglobal,5,0.6910894711812338,0.7216852009296417,0.4523809523809524,0.5792943724410798,0.5333333333333333,0.0,0.0,0.0,0.0,0.0,0.0,0.0,0.0,0.0,,,,,18473,global,0.4
3,3,lr1e-05_bs32_modL1_fusion32_fusionL1_fusionBN0_drop0p1__wd1e-04trmiss40_trlocglobal,32,1e-05,0.0001,1,32,1,False,0.1,lr1e-05_bs32_modL1_fusion32_fusionL1_fusionBN0_drop0p1__wd1e-04trmiss40_trlocglobal,6,0.6848298112551371,0.7217519581317902,0.46031746031746035,0.5870923147451244,0.5333333333333333,0.0,0.0,0.0,0.0,0.0,0.0,0.0,0.0,0.0,,,,,18473,global,0.4
3,3,lr1e-05_bs32_modL1_fusion32_fusionL1_fusionBN0_drop0p1__wd1e-04trmiss40_trlocglobal,32,1e-05,0.0001,1,32,1,False,0.1,lr1e-05_bs32_modL1_fusion32_fusionL1_fusionBN0_drop0p1__wd1e-04trmiss40_trlocglobal,7,0.6843244433403015,0.7213990390300751,0.46031746031746035,0.6040651417951824,0.5333333333333333,0.0,0.0,0.0,0.0,0.0,0.0,0.0,0.0,0.0,,,,,18473,global,0.4
3,3,lr1e-05_bs32_modL1_fusion32_fusionL1_fusionBN0_drop0p1__wd1e-04trmiss40_trlocglobal,32,1e-05,0.0001,1,32,1,False,0.1,lr1e-05_bs32_modL1_fusion32_fusionL1_fusionBN0_drop0p1__wd1e-04trmiss40_trlocglobal,8,0.6823427776495615,0.7207462787628174,0.46825396825396826,0.6041326717311334,0.5333333333333333,0.0,0.0,0.0,0.0,0.0,0.0,0.0,0.0,0.0,,,,,18473,global,0.4
3,3,lr1e-05_bs32_modL1_fusion32_fusionL1_fusionBN0_drop0p1__wd1e-04trmiss40_trlocglobal,32,1e-05,0.0001,1,32,1,False,0.1,lr1e-05_bs32_modL1_fusion32_fusionL1_fusionBN0_drop0p1__wd1e-04trmiss40_trlocglobal,9,0.6863660216331482,0.7204752862453461,0.48015873015873023,0.6122579996508692,0.5333333333333333,0.0,0.0,0.0,0.0,0.0,0.0,0.0,0.0,0.0,,,,,18473,global,0.4
3,3,lr1e-05_bs32_modL1_fusion32_fusionL1_fusionBN0_drop0p1__wd1e-04trmiss40_trlocglobal,32,1e-05,0.0001,1,32,1,False,0.1,lr1e-05_bs32_modL1_fusion32_fusionL1_fusionBN0_drop0p1__wd1e-04trmiss40_trlocglobal,10,0.6817032297452291,0.7197437286376953,0.4761904761904762,0.6099704050295862,0.5333333333333333,0.0,0.0,0.0,0.0,0.0,0.0,0.0,0.0,0.0,,,,,18473,global,0.4
3,3,lr1e-05_bs32_modL1_fusion32_fusionL1_fusionBN0_drop0p1__wd1e-04trmiss40_trlocglobal,32,1e-05,0.0001,1,32,1,False,0.1,lr1e-05_bs32_modL1_fusion32_fusionL1_fusionBN0_drop0p1__wd1e-04trmiss40_trlocglobal,11,0.6740430692831675,0.7193079590797424,0.47619047619047616,0.6057268884131114,0.5333333333333333,0.0,0.0,0.0,0.0,0.0,0.0,0.0,0.0,0.0,,,,,18473,global,0.4
3,3,lr1e-05_bs32_modL1_fusion32_fusionL1_fusionBN0_drop0p1__wd1e-04trmiss40_trlocglobal,32,1e-05,0.0001,1,32,1,False,0.1,lr1e-05_bs32_modL1_fusion32_fusionL1_fusionBN0_drop0p1__wd1e-04trmiss40_trlocglobal,12,0.6687126954396566,0.7192612290382385,0.48412698412698413,0.6090093013583533,0.5333333333333333,0.0,0.0,0.0,0.0,0.0,0.0,0.0,0.0,0.0,,,,,18473,global,0.4
3,3,lr1e-05_bs32_modL1_fusion32_fusionL1_fusionBN0_drop0p1__wd1e-04trmiss40_trlocglobal,32,1e-05,0.0001,1,32,1,False,0.1,lr1e-05_bs32_modL1_fusion32_fusionL1_fusionBN0_drop0p1__wd1e-04trmiss40_trlocglobal,13,0.6880194048086802,0.7185868918895721,0.48809523809523814,0.6101085179945956,0.5333333333333333,0.0,0.0,0.0,0.0,0.0,0.0,0.0,0.0,0.0,,,,,18473,global,0.4
3,3,lr1e-05_bs32_modL1_fusion32_fusionL1_fusionBN0_drop0p1__wd1e-04trmiss40_trlocglobal,32,1e-05,0.0001,1,32,1,False,0.1,lr1e-05_bs32_modL1_fusion32_fusionL1_fusionBN0_drop0p1__wd1e-04trmiss40_trlocglobal,14,0.6690929035345713,0.7184081375598907,0.4880952380952381,0.6138433452588347,0.5333333333333333,0.0,0.0,0.0,0.0,0.0,0.0,0.0,0.0,0.0,,,,,18473,global,0.4
3,3,lr1e-05_bs32_modL1_fusion32_fusionL1_fusionBN0_drop0p1__wd1e-04trmiss40_trlocglobal,32,1e-05,0.0001,1,32,1,False,0.1,lr1e-05_bs32_modL1_fusion32_fusionL1_fusionBN0_drop0p1__wd1e-04trmiss40_trlocglobal,15,0.6780718962351481,0.7177336513996124,0.4880952380952381,0.6200561599041435,0.5333333333333333,0.0,0.0,0.0,0.0,0.0,0.0,0.0,0.0,0.0,,,,,18473,global,0.4
3,3,lr1e-05_bs32_modL1_fusion32_fusionL1_fusionBN0_drop0p1__wd1e-04trmiss40_trlocglobal,32,1e-05,0.0001,1,32,1,False,0.1,lr1e-05_bs32_modL1_fusion32_fusionL1_fusionBN0_drop0p1__wd1e-04trmiss40_trlocglobal,16,0.6672136584917704,0.7167660295963287,0.498015873015873,0.6236223999090416,0.5333333333333333,0.0,0.0,0.0,0.0,0.0,0.0,0.0,0.0,0.0,,,,,18473,global,0.4
3,3,lr1e-05_bs32_modL1_fusion32_fusionL1_fusionBN0_drop0p1__wd1e-04trmiss40_trlocglobal,32,1e-05,0.0001,1,32,1,False,0.1,lr1e-05_bs32_modL1_fusion32_fusionL1_fusionBN0_drop0p1__wd1e-04trmiss40_trlocglobal,17,0.6685508688290914,0.7155888676643372,0.5079365079365079,0.6281897916608578,0.5333333333333333,0.0,0.0,0.0,0.0,0.0,0.0,0.0,0.0,0.0,,,,,18473,global,0.4
3,3,lr1e-05_bs32_modL1_fusion32_fusionL1_fusionBN0_drop0p1__wd1e-04trmiss40_trlocglobal,32,1e-05,0.0001,1,32,1,False,0.1,lr1e-05_bs32_modL1_fusion32_fusionL1_fusionBN0_drop0p1__wd1e-04trmiss40_trlocglobal,18,0.6665224631627401,0.7149509489536285,0.5178571428571428,0.6271215736280998,0.5333333333333333,0.0,0.0,0.0,0.0,0.0,0.0,0.0,0.0,0.0,,,,,18473,global,0.4
3,3,lr1e-05_bs32_modL1_fusion32_fusionL1_fusionBN0_drop0p1__wd1e-04trmiss40_trlocglobal,32,1e-05,0.0001,1,32,1,False,0.1,lr1e-05_bs32_modL1_fusion32_fusionL1_fusionBN0_drop0p1__wd1e-04trmiss40_trlocglobal,19,0.6693747440973917,0.7145833969116211,0.5198412698412699,0.6232187802612972,0.5333333333333333,0.0,0.0,0.0,0.0,0.0,0.0,0.0,0.0,0.0,,,,,18473,global,0.4
3,3,lr1e-05_bs32_modL1_fusion32_fusionL1_fusionBN0_drop0p1__wd1e-04trmiss40_trlocglobal,32,1e-05,0.0001,1,32,1,False,0.1,lr1e-05_bs32_modL1_fusion32_fusionL1_fusionBN0_drop0p1__wd1e-04trmiss40_trlocglobal,20,0.6649636030197144,0.7145285904407501,0.5277777777777778,0.627503685728962,0.5333333333333333,0.0,0.0,0.0,0.0,0.0,0.0,0.0,0.0,0.0,,,,,18473,global,0.4
3,3,lr1e-05_bs32_modL1_fusion32_fusionL1_fusionBN0_drop0p1__wd1e-04trmiss40_trlocglobal,32,1e-05,0.0001,1,32,1,False,0.1,lr1e-05_bs32_modL1_fusion32_fusionL1_fusionBN0_drop0p1__wd1e-04trmiss40_trlocglobal,21,0.6644445459047953,0.7138632535934448,0.513888888888889,0.6173892168644931,0.5333333333333333,0.0,0.0,0.0,0.0,0.0,0.0,0.0,0.0,0.0,,,,,18473,global,0.4
3,3,lr1e-05_bs32_modL1_fusion32_fusionL1_fusionBN0_drop0p1__wd1e-04trmiss40_trlocglobal,32,1e-05,0.0001,1,32,1,False,0.1,lr1e-05_bs32_modL1_fusion32_fusionL1_fusionBN0_drop0p1__wd1e-04trmiss40_trlocglobal,22,0.6669077972571055,0.7133901417255402,0.5218253968253969,0.6189725487356539,0.5333333333333333,0.0,0.0,0.0,0.0,0.0,0.0,0.0,0.0,0.0,,,,,18473,global,0.4
3,3,lr1e-05_bs32_modL1_fusion32_fusionL1_fusionBN0_drop0p1__wd1e-04trmiss40_trlocglobal,32,1e-05,0.0001,1,32,1,False,0.1,lr1e-05_bs32_modL1_fusion32_fusionL1_fusionBN0_drop0p1__wd1e-04trmiss40_trlocglobal,23,0.6569570104281107,0.7126060426235199,0.5277777777777778,0.6218684777558208,0.5333333333333333,0.0,0.0,0.0,0.0,0.0,0.0,0.0,0.0,0.0,,,,,18473,global,0.4
3,3,lr1e-05_bs32_modL1_fusion32_fusionL1_fusionBN0_drop0p1__wd1e-04trmiss40_trlocglobal,32,1e-05,0.0001,1,32,1,False,0.1,lr1e-05_bs32_modL1_fusion32_fusionL1_fusionBN0_drop0p1__wd1e-04trmiss40_trlocglobal,24,0.6600451568762461,0.7123587727546692,0.5238095238095238,0.6127854600790531,0.5333333333333333,0.0,0.0,0.0,0.0,0.0,0.0,0.0,0.0,0.0,,,,,18473,global,0.4
3,3,lr1e-05_bs32_modL1_fusion32_fusionL1_fusionBN0_drop0p1__wd1e-04trmiss40_trlocglobal,32,1e-05,0.0001,1,32,1,False,0.1,lr1e-05_bs32_modL1_fusion32_fusionL1_fusionBN0_drop0p1__wd1e-04trmiss40_trlocglobal,25,0.6592362523078918,0.7111232876777649,0.5297619047619048,0.6168150484693175,0.5555555555555556,0.0,0.0,0.0,0.0,0.0,0.0,0.0,0.0,0.0,,,,,18473,global,0.4
3,3,lr1e-05_bs32_modL1_fusion32_fusionL1_fusionBN0_drop0p1__wd1e-04trmiss40_trlocglobal,32,1e-05,0.0001,1,32,1,False,0.1,lr1e-05_bs32_modL1_fusion32_fusionL1_fusionBN0_drop0p1__wd1e-04trmiss40_trlocglobal,26,0.6582486927509308,0.7108953595161438,0.5357142857142857,0.6217491413968315,0.5555555555555556,0.0,0.0,0.0,0.0,0.0,0.0,0.0,0.0,0.0,,,,,18473,global,0.4
3,3,lr1e-05_bs32_modL1_fusion32_fusionL1_fusionBN0_drop0p1__wd1e-04trmiss40_trlocglobal,32,1e-05,0.0001,1,32,1,False,0.1,lr1e-05_bs32_modL1_fusion32_fusionL1_fusionBN0_drop0p1__wd1e-04trmiss40_trlocglobal,27,0.6550355056921641,0.710627943277359,0.5357142857142858,0.6214567437360128,0.5555555555555556,0.0,0.0,0.0,0.0,0.0,0.0,0.0,0.0,0.0,,,,,18473,global,0.4
3,3,lr1e-05_bs32_modL1_fusion32_fusionL1_fusionBN0_drop0p1__wd1e-04trmiss40_trlocglobal,32,1e-05,0.0001,1,32,1,False,0.1,lr1e-05_bs32_modL1_fusion32_fusionL1_fusionBN0_drop0p1__wd1e-04trmiss40_trlocglobal,28,0.6545643707116445,0.710927426815033,0.5317460317460317,0.6163564767795277,0.5555555555555556,0.0,0.0,0.0,0.0,0.0,0.0,0.0,0.0,0.0,,,,,18473,global,0.4
3,3,lr1e-05_bs32_modL1_fusion32_fusionL1_fusionBN0_drop0p1__wd1e-04trmiss40_trlocglobal,32,1e-05,0.0001,1,32,1,False,0.1,lr1e-05_bs32_modL1_fusion32_fusionL1_fusionBN0_drop0p1__wd1e-04trmiss40_trlocglobal,29,0.6565407713254293,0.7102611660957336,0.5396825396825397,0.6229309238352869,0.5555555555555556,0.0,0.0,0.0,0.0,0.0,0.0,0.0,0.0,0.0,,,,,18473,global,0.4
3,3,lr1e-05_bs32_modL1_fusion32_fusionL1_fusionBN0_drop0p1__wd1e-04trmiss40_trlocglobal,32,1e-05,0.0001,1,32,1,False,0.1,lr1e-05_bs32_modL1_fusion32_fusionL1_fusionBN0_drop0p1__wd1e-04trmiss40_trlocglobal,30,0.6540207664171854,0.7095039188861847,0.5456349206349207,0.622032333433211,0.5555555555555556,0.0,0.0,0.0,0.0,0.0,0.0,0.0,0.0,0.0,,,,,18473,global,0.4
3,3,lr1e-05_bs32_modL1_fusion32_fusionL1_fusionBN0_drop0p1__wd1e-04trmiss40_trlocglobal,32,1e-05,0.0001,1,32,1,False,0.1,lr1e-05_bs32_modL1_fusion32_fusionL1_fusionBN0_drop0p1__wd1e-04trmiss40_trlocglobal,31,0.6542003850142161,0.7098383009433746,0.5396825396825398,0.6254554578258305,0.5555555555555556,0.0,0.0,0.0,0.0,0.0,0.0,0.0,0.0,0.0,,,,,18473,global,0.4
3,3,lr1e-05_bs32_modL1_fusion32_fusionL1_fusionBN0_drop0p1__wd1e-04trmiss40_trlocglobal,32,1e-05,0.0001,1,32,1,False,0.1,lr1e-05_bs32_modL1_fusion32_fusionL1_fusionBN0_drop0p1__wd1e-04trmiss40_trlocglobal,32,0.655946671962738,0.709063321352005,0.5376984126984127,0.6185773498907372,0.5555555555555556,0.0,0.0,0.0,0.0,0.0,0.0,0.0,0.0,0.0,,,,,18473,global,0.4
3,3,lr1e-05_bs32_modL1_fusion32_fusionL1_fusionBN0_drop0p1__wd1e-04trmiss40_trlocglobal,32,1e-05,0.0001,1,32,1,False,0.1,lr1e-05_bs32_modL1_fusion32_fusionL1_fusionBN0_drop0p1__wd1e-04trmiss40_trlocglobal,33,0.6553484499454498,0.7086741328239441,0.5376984126984127,0.6177734897394507,0.5555555555555556,0.0,0.0,0.0,0.0,0.0,0.0,0.0,0.0,0.0,,,,,18473,global,0.4
3,3,lr1e-05_bs32_modL1_fusion32_fusionL1_fusionBN0_drop0p1__wd1e-04trmiss40_trlocglobal,32,1e-05,0.0001,1,32,1,False,0.1,lr1e-05_bs32_modL1_fusion32_fusionL1_fusionBN0_drop0p1__wd1e-04trmiss40_trlocglobal,34,0.6430597404638926,0.7084668278694153,0.5376984126984128,0.6165969144084635,0.5555555555555556,0.0,0.0,0.0,0.0,0.0,0.0,0.0,0.0,0.0,,,,,18473,global,0.4
3,3,lr1e-05_bs32_modL1_fusion32_fusionL1_fusionBN0_drop0p1__wd1e-04trmiss40_trlocglobal,32,1e-05,0.0001,1,32,1,False,0.1,lr1e-05_bs32_modL1_fusion32_fusionL1_fusionBN0_drop0p1__wd1e-04trmiss40_trlocglobal,35,0.6460217833518982,0.7076421976089478,0.5416666666666667,0.619836503439098,0.5555555555555556,0.0,0.0,0.0,0.0,0.0,0.0,0.0,0.0,0.0,,,,,18473,global,0.4
3,3,lr1e-05_bs32_modL1_fusion32_fusionL1_fusionBN0_drop0p1__wd1e-04trmiss40_trlocglobal,32,1e-05,0.0001,1,32,1,False,0.1,lr1e-05_bs32_modL1_fusion32_fusionL1_fusionBN0_drop0p1__wd1e-04trmiss40_trlocglobal,36,0.6474095582962036,0.7074575126171112,0.5416666666666667,0.6137094107891725,0.5555555555555556,0.0,0.0,0.0,0.0,0.0,0.0,0.0,0.0,0.0,,,,,18473,global,0.4
3,3,lr1e-05_bs32_modL1_fusion32_fusionL1_fusionBN0_drop0p1__wd1e-04trmiss40_trlocglobal,32,1e-05,0.0001,1,32,1,False,0.1,lr1e-05_bs32_modL1_fusion32_fusionL1_fusionBN0_drop0p1__wd1e-04trmiss40_trlocglobal,37,0.6443206568559011,0.7073891460895538,0.5436507936507937,0.6188202809919545,0.5555555555555556,0.0,0.0,0.0,0.0,0.0,0.0,0.0,0.0,0.0,,,,,18473,global,0.4
3,3,lr1e-05_bs32_modL1_fusion32_fusionL1_fusionBN0_drop0p1__wd1e-04trmiss40_trlocglobal,32,1e-05,0.0001,1,32,1,False,0.1,lr1e-05_bs32_modL1_fusion32_fusionL1_fusionBN0_drop0p1__wd1e-04trmiss40_trlocglobal,38,0.6452326774597168,0.7070957720279694,0.5416666666666667,0.6125891096292042,0.5555555555555556,0.0,0.0,0.0,0.0,0.0,0.0,0.0,0.0,0.0,,,,,18473,global,0.4
3,3,lr1e-05_bs32_modL1_fusion32_fusionL1_fusionBN0_drop0p1__wd1e-04trmiss40_trlocglobal,32,1e-05,0.0001,1,32,1,False,0.1,lr1e-05_bs32_modL1_fusion32_fusionL1_fusionBN0_drop0p1__wd1e-04trmiss40_trlocglobal,39,0.6477213501930237,0.7068243324756622,0.5416666666666667,0.6125891096292042,0.5555555555555556,0.0,0.0,0.0,0.0,0.0,0.0,0.0,0.0,0.0,,,,,18473,global,0.4
3,3,lr1e-05_bs32_modL1_fusion32_fusionL1_fusionBN0_drop0p1__wd1e-04trmiss40_trlocglobal,32,1e-05,0.0001,1,32,1,False,0.1,lr1e-05_bs32_modL1_fusion32_fusionL1_fusionBN0_drop0p1__wd1e-04trmiss40_trlocglobal,40,0.6450004577636719,0.7072724103927612,0.5416666666666666,0.6117980399962228,0.5555555555555556,0.0,0.0,0.0,0.0,0.0,0.0,0.0,0.0,0.0,,,,,18473,global,0.4
3,3,lr1e-05_bs32_modL1_fusion32_fusionL1_fusionBN0_drop0p1__wd1e-04trmiss40_trlocglobal,32,1e-05,0.0001,1,32,1,False,0.1,lr1e-05_bs32_modL1_fusion32_fusionL1_fusionBN0_drop0p1__wd1e-04trmiss40_trlocglobal,41,0.6504445672035217,0.7070127129554749,0.5416666666666666,0.6131043725525553,0.5555555555555556,0.0,0.0,0.0,0.0,0.0,0.0,0.0,0.0,0.0,,,,,18473,global,0.4
3,3,lr1e-05_bs32_modL1_fusion32_fusionL1_fusionBN0_drop0p1__wd1e-04trmiss40_trlocglobal,32,1e-05,0.0001,1,32,1,False,0.1,lr1e-05_bs32_modL1_fusion32_fusionL1_fusionBN0_drop0p1__wd1e-04trmiss40_trlocglobal,42,0.6393771966298422,0.7071012258529663,0.5416666666666667,0.6126129195611023,0.5555555555555556,0.0,0.0,0.0,0.0,0.0,0.0,0.0,0.0,0.0,,,,,18473,global,0.4
3,3,lr1e-05_bs32_modL1_fusion32_fusionL1_fusionBN0_drop0p1__wd1e-04trmiss40_trlocglobal,32,1e-05,0.0001,1,32,1,False,0.1,lr1e-05_bs32_modL1_fusion32_fusionL1_fusionBN0_drop0p1__wd1e-04trmiss40_trlocglobal,43,0.6436716318130493,0.7066164910793304,0.5396825396825398,0.6109523866505694,0.5555555555555556,0.0,0.0,0.0,0.0,0.0,0.0,0.0,0.0,0.0,,,,,18473,global,0.4
3,3,lr1e-05_bs32_modL1_fusion32_fusionL1_fusionBN0_drop0p1__wd1e-04trmiss40_trlocglobal,32,1e-05,0.0001,1,32,1,False,0.1,lr1e-05_bs32_modL1_fusion32_fusionL1_fusionBN0_drop0p1__wd1e-04trmiss40_trlocglobal,44,0.6462663809458414,0.7062411308288574,0.5476190476190477,0.6172971769865878,0.5555555555555556,0.0,0.0,0.0,0.0,0.0,0.0,0.0,0.0,0.0,,,,,18473,global,0.4
3,3,lr1e-05_bs32_modL1_fusion32_fusionL1_fusionBN0_drop0p1__wd1e-04trmiss40_trlocglobal,32,1e-05,0.0001,1,32,1,False,0.1,lr1e-05_bs32_modL1_fusion32_fusionL1_fusionBN0_drop0p1__wd1e-04trmiss40_trlocglobal,45,0.6448295712471008,0.7061650156974792,0.5416666666666667,0.6157362679476086,0.5555555555555556,0.0,0.0,0.0,0.0,0.0,0.0,0.0,0.0,0.0,,,,,18473,global,0.4
3,3,lr1e-05_bs32_modL1_fusion32_fusionL1_fusionBN0_drop0p1__wd1e-04trmiss40_trlocglobal,32,1e-05,0.0001,1,32,1,False,0.1,lr1e-05_bs32_modL1_fusion32_fusionL1_fusionBN0_drop0p1__wd1e-04trmiss40_trlocglobal,46,0.6424312591552734,0.7061309516429901,0.5456349206349207,0.6201379639611468,0.5555555555555556,0.0,0.0,0.0,0.0,0.0,0.0,0.0,0.0,0.0,,,,,18473,global,0.4
3,3,lr1e-05_bs32_modL1_fusion32_fusionL1_fusionBN0_drop0p1__wd1e-04trmiss40_trlocglobal,32,1e-05,0.0001,1,32,1,False,0.1,lr1e-05_bs32_modL1_fusion32_fusionL1_fusionBN0_drop0p1__wd1e-04trmiss40_trlocglobal,47,0.644599070151647,0.706386387348175,0.5416666666666667,0.613413919652478,0.5555555555555556,0.0,0.0,0.0,0.0,0.0,0.0,0.0,0.0,0.0,,,,,18473,global,0.4
3,3,lr1e-05_bs32_modL1_fusion32_fusionL1_fusionBN0_drop0p1__wd1e-04trmiss40_trlocglobal,32,1e-05,0.0001,1,32,1,False,0.1,lr1e-05_bs32_modL1_fusion32_fusionL1_fusionBN0_drop0p1__wd1e-04trmiss40_trlocglobal,48,0.6390829384326935,0.7063087821006775,0.5476190476190476,0.618323763707059,0.5555555555555556,0.0,0.0,0.0,0.0,0.0,0.0,0.0,0.0,0.0,,,,,18473,global,0.4
3,3,lr1e-05_bs32_modL1_fusion32_fusionL1_fusionBN0_drop0p1__wd1e-04trmiss40_trlocglobal,32,1e-05,0.0001,1,32,1,False,0.1,lr1e-05_bs32_modL1_fusion32_fusionL1_fusionBN0_drop0p1__wd1e-04trmiss40_trlocglobal,49,0.6384663780530294,0.705626517534256,0.5515873015873016,0.6211899253232206,0.5555555555555556,0.0,0.0,0.0,0.0,0.0,0.0,0.0,0.0,0.0,,,,,18473,global,0.4
3,3,lr1e-05_bs32_modL1_fusion32_fusionL1_fusionBN0_drop0p1__wd1e-04trmiss40_trlocglobal,32,1e-05,0.0001,1,32,1,False,0.1,lr1e-05_bs32_modL1_fusion32_fusionL1_fusionBN0_drop0p1__wd1e-04trmiss40_trlocglobal,50,0.6364819407463074,0.7056093513965607,0.5496031746031746,0.6188751105084057,0.5555555555555556,0.0,0.0,0.0,0.0,0.0,0.0,0.0,0.0,0.0,,,,,18473,global,0.4
3,3,lr1e-05_bs32_modL1_fusion32_fusionL1_fusionBN0_drop0p1__wd1e-04trmiss40_trlocglobal,32,1e-05,0.0001,1,32,1,False,0.1,lr1e-05_bs32_modL1_fusion32_fusionL1_fusionBN0_drop0p1__wd1e-04trmiss40_trlocglobal,51,0.6457781493663788,0.7053539454936981,0.5595238095238095,0.624096411654952,0.5555555555555556,0.0,0.0,0.0,0.0,0.0,0.0,0.0,0.0,0.0,,,,,18473,global,0.4
3,3,lr1e-05_bs32_modL1_fusion32_fusionL1_fusionBN0_drop0p1__wd1e-04trmiss40_trlocglobal,32,1e-05,0.0001,1,32,1,False,0.1,lr1e-05_bs32_modL1_fusion32_fusionL1_fusionBN0_drop0p1__wd1e-04trmiss40_trlocglobal,52,0.6410238345464071,0.7056190967559814,0.5515873015873016,0.6205534480420065,0.5555555555555556,0.0,0.0,0.0,0.0,0.0,0.0,0.0,0.0,0.0,,,,,18473,global,0.4
3,3,lr1e-05_bs32_modL1_fusion32_fusionL1_fusionBN0_drop0p1__wd1e-04trmiss40_trlocglobal,32,1e-05,0.0001,1,32,1,False,0.1,lr1e-05_bs32_modL1_fusion32_fusionL1_fusionBN0_drop0p1__wd1e-04trmiss40_trlocglobal,53,0.6368788381417593,0.7052348256111145,0.5634920634920635,0.6277362287235616,0.5555555555555556,0.0,0.0,0.0,0.0,0.0,0.0,0.0,0.0,0.0,,,,,18473,global,0.4
3,3,lr1e-05_bs32_modL1_fusion32_fusionL1_fusionBN0_drop0p1__wd1e-04trmiss40_trlocglobal,32,1e-05,0.0001,1,32,1,False,0.1,lr1e-05_bs32_modL1_fusion32_fusionL1_fusionBN0_drop0p1__wd1e-04trmiss40_trlocglobal,54,0.6378486653168997,0.7055523991584778,0.5615079365079365,0.6275396116151799,0.5555555555555556,0.0,0.0,0.0,0.0,0.0,0.0,0.0,0.0,0.0,,,,,18473,global,0.4
3,3,lr1e-05_bs32_modL1_fusion32_fusionL1_fusionBN0_drop0p1__wd1e-04trmiss40_trlocglobal,32,1e-05,0.0001,1,32,1,False,0.1,lr1e-05_bs32_modL1_fusion32_fusionL1_fusionBN0_drop0p1__wd1e-04trmiss40_trlocglobal,55,0.6384924749533335,0.7053135931491852,0.5535714285714286,0.6219715709336201,0.5555555555555556,0.0,0.0,0.0,0.0,0.0,0.0,0.0,0.0,0.0,,,,,18473,global,0.4
3,3,lr1e-05_bs32_modL1_fusion32_fusionL1_fusionBN0_drop0p1__wd1e-04trmiss40_trlocglobal,32,1e-05,0.0001,1,32,1,False,0.1,lr1e-05_bs32_modL1_fusion32_fusionL1_fusionBN0_drop0p1__wd1e-04trmiss40_trlocglobal,56,0.6403357783953348,0.705226868391037,0.5615079365079365,0.6271656799912483,0.5555555555555556,0.0,0.0,0.0,0.0,0.0,0.0,0.0,0.0,0.0,,,,,18473,global,0.4
3,3,lr1e-05_bs32_modL1_fusion32_fusionL1_fusionBN0_drop0p1__wd1e-04trmiss40_trlocglobal,32,1e-05,0.0001,1,32,1,False,0.1,lr1e-05_bs32_modL1_fusion32_fusionL1_fusionBN0_drop0p1__wd1e-04trmiss40_trlocglobal,57,0.6432257493336996,0.7052034735679626,0.5575396825396826,0.6249596322550147,0.5555555555555556,0.0,0.0,0.0,0.0,0.0,0.0,0.0,0.0,0.0,,,,,18473,global,0.4
3,3,lr1e-05_bs32_modL1_fusion32_fusionL1_fusionBN0_drop0p1__wd1e-04trmiss40_trlocglobal,32,1e-05,0.0001,1,32,1,False,0.1,lr1e-05_bs32_modL1_fusion32_fusionL1_fusionBN0_drop0p1__wd1e-04trmiss40_trlocglobal,58,0.6399242877960205,0.7048827409744263,0.5575396825396826,0.6258173390047493,0.5555555555555556,0.0,0.0,0.0,0.0,0.0,0.0,0.0,0.0,0.0,,,,,18473,global,0.4
3,3,lr1e-05_bs32_modL1_fusion32_fusionL1_fusionBN0_drop0p1__wd1e-04trmiss40_trlocglobal,32,1e-05,0.0001,1,32,1,False,0.1,lr1e-05_bs32_modL1_fusion32_fusionL1_fusionBN0_drop0p1__wd1e-04trmiss40_trlocglobal,59,0.6388707061608633,0.705208957195282,0.5535714285714286,0.6230415653956424,0.5555555555555556,0.0,0.0,0.0,0.0,0.0,0.0,0.0,0.0,0.0,,,,,18473,global,0.4
3,3,lr1e-05_bs32_modL1_fusion32_fusionL1_fusionBN0_drop0p1__wd1e-04trmiss40_trlocglobal,32,1e-05,0.0001,1,32,1,False,0.1,lr1e-05_bs32_modL1_fusion32_fusionL1_fusionBN0_drop0p1__wd1e-04trmiss40_trlocglobal,60,0.6343231797218323,0.7050966620445251,0.5535714285714286,0.623096389957046,0.5555555555555556,0.0,0.0,0.0,0.0,0.0,0.0,0.0,0.0,0.0,,,,,18473,global,0.4
3,3,lr1e-05_bs32_modL1_fusion32_fusionL1_fusionBN0_drop0p1__wd1e-04trmiss40_trlocglobal,32,1e-05,0.0001,1,32,1,False,0.1,lr1e-05_bs32_modL1_fusion32_fusionL1_fusionBN0_drop0p1__wd1e-04trmiss40_trlocglobal,61,0.6333456138769785,0.704502135515213,0.5555555555555556,0.6243147135437905,0.5555555555555556,0.0,0.0,0.0,0.0,0.0,0.0,0.0,0.0,0.0,,,,,18473,global,0.4
3,3,lr1e-05_bs32_modL1_fusion32_fusionL1_fusionBN0_drop0p1__wd1e-04trmiss40_trlocglobal,32,1e-05,0.0001,1,32,1,False,0.1,lr1e-05_bs32_modL1_fusion32_fusionL1_fusionBN0_drop0p1__wd1e-04trmiss40_trlocglobal,62,0.6352312862873077,0.7047941386699677,0.5575396825396826,0.6249051318973669,0.5555555555555556,0.0,0.0,0.0,0.0,0.0,0.0,0.0,0.0,0.0,,,,,18473,global,0.4
3,3,lr1e-05_bs32_modL1_fusion32_fusionL1_fusionBN0_drop0p1__wd1e-04trmiss40_trlocglobal,32,1e-05,0.0001,1,32,1,False,0.1,lr1e-05_bs32_modL1_fusion32_fusionL1_fusionBN0_drop0p1__wd1e-04trmiss40_trlocglobal,63,0.6323880354563395,0.7046976983547211,0.5555555555555556,0.6233025677948026,0.5555555555555556,0.0,0.0,0.0,0.0,0.0,0.0,0.0,0.0,0.0,,,,,18473,global,0.4
3,3,lr1e-05_bs32_modL1_fusion32_fusionL1_fusionBN0_drop0p1__wd1e-04trmiss40_trlocglobal,32,1e-05,0.0001,1,32,1,False,0.1,lr1e-05_bs32_modL1_fusion32_fusionL1_fusionBN0_drop0p1__wd1e-04trmiss40_trlocglobal,64,0.6372056702772776,0.7045483291149139,0.5575396825396826,0.6249051318973669,0.5555555555555556,0.0,0.0,0.0,0.0,0.0,0.0,0.0,0.0,0.0,,,,,18473,global,0.4
3,3,lr1e-05_bs32_modL1_fusion32_fusionL1_fusionBN0_drop0p1__wd1e-04trmiss40_trlocglobal,32,1e-05,0.0001,1,32,1,False,0.1,lr1e-05_bs32_modL1_fusion32_fusionL1_fusionBN0_drop0p1__wd1e-04trmiss40_trlocglobal,65,0.6333353718121847,0.7041351795196533,0.5555555555555556,0.6243147135437905,0.5555555555555556,0.0,0.0,0.0,0.0,0.0,0.0,0.0,0.0,0.0,,,,,18473,global,0.4
3,3,lr1e-05_bs32_modL1_fusion32_fusionL1_fusionBN0_drop0p1__wd1e-04trmiss40_trlocglobal,32,1e-05,0.0001,1,32,1,False,0.1,lr1e-05_bs32_modL1_fusion32_fusionL1_fusionBN0_drop0p1__wd1e-04trmiss40_trlocglobal,66,0.63709224263827,0.704186350107193,0.5535714285714286,0.6235434761239463,0.5555555555555556,0.0,0.0,0.0,0.0,0.0,0.0,0.0,0.0,0.0,,,,,18473,global,0.4
3,3,lr1e-05_bs32_modL1_fusion32_fusionL1_fusionBN0_drop0p1__wd1e-04trmiss40_trlocglobal,32,1e-05,0.0001,1,32,1,False,0.1,lr1e-05_bs32_modL1_fusion32_fusionL1_fusionBN0_drop0p1__wd1e-04trmiss40_trlocglobal,67,0.6392300526301066,0.7041276097297668,0.5615079365079365,0.6273840961926366,0.5555555555555556,0.0,0.0,0.0,0.0,0.0,0.0,0.0,0.0,0.0,,,,,18473,global,0.4
3,3,lr1e-05_bs32_modL1_fusion32_fusionL1_fusionBN0_drop0p1__wd1e-04trmiss40_trlocglobal,32,1e-05,0.0001,1,32,1,False,0.1,lr1e-05_bs32_modL1_fusion32_fusionL1_fusionBN0_drop0p1__wd1e-04trmiss40_trlocglobal,68,0.6298942367235819,0.7044272720813751,0.5575396825396826,0.6254059833850604,0.5555555555555556,0.0,0.0,0.0,0.0,0.0,0.0,0.0,0.0,0.0,,,,,18473,global,0.4
3,3,lr1e-05_bs32_modL1_fusion32_fusionL1_fusionBN0_drop0p1__wd1e-04trmiss40_trlocglobal,32,1e-05,0.0001,1,32,1,False,0.1,lr1e-05_bs32_modL1_fusion32_fusionL1_fusionBN0_drop0p1__wd1e-04trmiss40_trlocglobal,69,0.6334963738918304,0.7042215764522552,0.5575396825396826,0.6254059833850604,0.5333333333333333,0.0,0.0,0.0,0.0,0.0,0.0,0.0,0.0,0.0,,,,,18473,global,0.4
3,3,lr1e-05_bs32_modL1_fusion32_fusionL1_fusionBN0_drop0p1__wd1e-04trmiss40_trlocglobal,32,1e-05,0.0001,1,32,1,False,0.1,lr1e-05_bs32_modL1_fusion32_fusionL1_fusionBN0_drop0p1__wd1e-04trmiss40_trlocglobal,70,0.6326732933521271,0.7042634189128876,0.5555555555555556,0.6236935575240277,0.5555555555555556,0.0,0.0,0.0,0.0,0.0,0.0,0.0,0.0,0.0,,,,,18473,global,0.4
3,3,lr1e-05_bs32_modL1_fusion32_fusionL1_fusionBN0_drop0p1__wd1e-04trmiss40_trlocglobal,32,1e-05,0.0001,1,32,1,False,0.1,lr1e-05_bs32_modL1_fusion32_fusionL1_fusionBN0_drop0p1__wd1e-04trmiss40_trlocglobal,71,0.6359461148579916,0.7041652202606201,0.5555555555555556,0.6227368323606463,0.5555555555555556,0.0,0.0,0.0,0.0,0.0,0.0,0.0,0.0,0.0,,,,,18473,global,0.4
3,3,lr1e-05_bs32_modL1_fusion32_fusionL1_fusionBN0_drop0p1__wd1e-04trmiss40_trlocglobal,32,1e-05,0.0001,1,32,1,False,0.1,lr1e-05_bs32_modL1_fusion32_fusionL1_fusionBN0_drop0p1__wd1e-04trmiss40_trlocglobal,72,0.6337465941905975,0.7041593790054321,0.5515873015873016,0.6202025066645558,0.5555555555555556,0.0,0.0,0.0,0.0,0.0,0.0,0.0,0.0,0.0,,,,,18473,global,0.4
3,3,lr1e-05_bs32_modL1_fusion32_fusionL1_fusionBN0_drop0p1__wd1e-04trmiss40_trlocglobal,32,1e-05,0.0001,1,32,1,False,0.1,lr1e-05_bs32_modL1_fusion32_fusionL1_fusionBN0_drop0p1__wd1e-04trmiss40_trlocglobal,73,0.6378816664218903,0.7041316032409668,0.5615079365079365,0.6247346007219337,0.5555555555555556,0.0,0.0,0.0,0.0,0.0,0.0,0.0,0.0,0.0,,,,,18473,global,0.4
3,4,lr1e-04_bs32_modL1_fusion16_fusionL1_fusionBN0_drop0p2__wd1e-04trmiss40_trlocglobal,32,0.0001,0.0001,1,16,1,False,0.2,lr1e-04_bs32_modL1_fusion16_fusionL1_fusionBN0_drop0p2__wd1e-04trmiss40_trlocglobal,1,0.7179285287857056,0.6985748112201691,0.6071428571428572,0.6063149816071869,0.4666666666666667,0.0,0.0,0.0,0.0,0.0,0.0,0.0,0.0,0.0,,,,,18473,global,0.4
3,4,lr1e-04_bs32_modL1_fusion16_fusionL1_fusionBN0_drop0p2__wd1e-04trmiss40_trlocglobal,32,0.0001,0.0001,1,16,1,False,0.2,lr1e-04_bs32_modL1_fusion16_fusionL1_fusionBN0_drop0p2__wd1e-04trmiss40_trlocglobal,2,0.6986417671044668,0.6980631351470947,0.625,0.638755790656052,0.4666666666666667,0.0,0.0,0.0,0.0,0.0,0.0,0.0,0.0,0.0,,,,,18473,global,0.4
3,4,lr1e-04_bs32_modL1_fusion16_fusionL1_fusionBN0_drop0p2__wd1e-04trmiss40_trlocglobal,32,0.0001,0.0001,1,16,1,False,0.2,lr1e-04_bs32_modL1_fusion16_fusionL1_fusionBN0_drop0p2__wd1e-04trmiss40_trlocglobal,3,0.6888887286186218,0.6997683644294739,0.5873015873015873,0.6178302279733762,0.4666666666666667,0.0,0.0,0.0,0.0,0.0,0.0,0.0,0.0,0.0,,,,,18473,global,0.4
3,4,lr1e-04_bs32_modL1_fusion16_fusionL1_fusionBN0_drop0p2__wd1e-04trmiss40_trlocglobal,32,0.0001,0.0001,1,16,1,False,0.2,lr1e-04_bs32_modL1_fusion16_fusionL1_fusionBN0_drop0p2__wd1e-04trmiss40_trlocglobal,4,0.6814619998137156,0.70172980427742,0.5773809523809523,0.6256739434802855,0.4666666666666667,0.0,0.0,0.0,0.0,0.0,0.0,0.0,0.0,0.0,,,,,18473,global,0.4
3,4,lr1e-04_bs32_modL1_fusion16_fusionL1_fusionBN0_drop0p2__wd1e-04trmiss40_trlocglobal,32,0.0001,0.0001,1,16,1,False,0.2,lr1e-04_bs32_modL1_fusion16_fusionL1_fusionBN0_drop0p2__wd1e-04trmiss40_trlocglobal,5,0.6777613560358683,0.7018447518348694,0.5456349206349207,0.6067130846565021,0.4666666666666667,0.0,0.0,0.0,0.0,0.0,0.0,0.0,0.0,0.0,,,,,18473,global,0.4
3,4,lr1e-04_bs32_modL1_fusion16_fusionL1_fusionBN0_drop0p2__wd1e-04trmiss40_trlocglobal,32,0.0001,0.0001,1,16,1,False,0.2,lr1e-04_bs32_modL1_fusion16_fusionL1_fusionBN0_drop0p2__wd1e-04trmiss40_trlocglobal,6,0.663454274336497,0.700831949710846,0.5376984126984128,0.6048060115511946,0.4666666666666667,0.0,0.0,0.0,0.0,0.0,0.0,0.0,0.0,0.0,,,,,18473,global,0.4
3,4,lr1e-04_bs32_modL1_fusion16_fusionL1_fusionBN0_drop0p2__wd1e-04trmiss40_trlocglobal,32,0.0001,0.0001,1,16,1,False,0.2,lr1e-04_bs32_modL1_fusion16_fusionL1_fusionBN0_drop0p2__wd1e-04trmiss40_trlocglobal,7,0.656762550274531,0.7004362642765045,0.5357142857142857,0.60205571591898,0.4666666666666667,0.0,0.0,0.0,0.0,0.0,0.0,0.0,0.0,0.0,,,,,18473,global,0.4
3,4,lr1e-04_bs32_modL1_fusion16_fusionL1_fusionBN0_drop0p2__wd1e-04trmiss40_trlocglobal,32,0.0001,0.0001,1,16,1,False,0.2,lr1e-04_bs32_modL1_fusion16_fusionL1_fusionBN0_drop0p2__wd1e-04trmiss40_trlocglobal,8,0.6521823704242706,0.7006958723068237,0.5357142857142857,0.6027092557466538,0.4666666666666667,0.0,0.0,0.0,0.0,0.0,0.0,0.0,0.0,0.0,,,,,18473,global,0.4
3,4,lr1e-04_bs32_modL1_fusion16_fusionL1_fusionBN0_drop0p2__wd1e-04trmiss40_trlocglobal,32,0.0001,0.0001,1,16,1,False,0.2,lr1e-04_bs32_modL1_fusion16_fusionL1_fusionBN0_drop0p2__wd1e-04trmiss40_trlocglobal,9,0.6479835212230682,0.6993927359580994,0.5357142857142858,0.6045621417473194,0.4666666666666667,0.0,0.0,0.0,0.0,0.0,0.0,0.0,0.0,0.0,,,,,18473,global,0.4
3,4,lr1e-04_bs32_modL1_fusion16_fusionL1_fusionBN0_drop0p2__wd1e-04trmiss40_trlocglobal,32,0.0001,0.0001,1,16,1,False,0.2,lr1e-04_bs32_modL1_fusion16_fusionL1_fusionBN0_drop0p2__wd1e-04trmiss40_trlocglobal,10,0.6459538737932841,0.700039803981781,0.5257936507936509,0.60607175858116,0.4666666666666667,0.0,0.0,0.0,0.0,0.0,0.0,0.0,0.0,0.0,,,,,18473,global,0.4
3,4,lr1e-04_bs32_modL1_fusion16_fusionL1_fusionBN0_drop0p2__wd1e-04trmiss40_trlocglobal,32,0.0001,0.0001,1,16,1,False,0.2,lr1e-04_bs32_modL1_fusion16_fusionL1_fusionBN0_drop0p2__wd1e-04trmiss40_trlocglobal,11,0.6345092356204987,0.6987734735012054,0.5357142857142857,0.6156993504660117,0.4666666666666667,0.0,0.0,0.0,0.0,0.0,0.0,0.0,0.0,0.0,,,,,18473,global,0.4
3,4,lr1e-04_bs32_modL1_fusion16_fusionL1_fusionBN0_drop0p2__wd1e-04trmiss40_trlocglobal,32,0.0001,0.0001,1,16,1,False,0.2,lr1e-04_bs32_modL1_fusion16_fusionL1_fusionBN0_drop0p2__wd1e-04trmiss40_trlocglobal,12,0.6315734585126241,0.6988483965396881,0.5218253968253967,0.6046340636845663,0.4666666666666667,0.0,0.0,0.0,0.0,0.0,0.0,0.0,0.0,0.0,,,,,18473,global,0.4
3,4,lr1e-04_bs32_modL1_fusion16_fusionL1_fusionBN0_drop0p2__wd1e-04trmiss40_trlocglobal,32,0.0001,0.0001,1,16,1,False,0.2,lr1e-04_bs32_modL1_fusion16_fusionL1_fusionBN0_drop0p2__wd1e-04trmiss40_trlocglobal,13,0.6232109268506368,0.7008732259273529,0.513888888888889,0.6050951182162531,0.4888888888888889,0.0,0.0,0.0,0.0,0.0,0.0,0.0,0.0,0.0,,,,,18473,global,0.4
3,4,lr1e-04_bs32_modL1_fusion16_fusionL1_fusionBN0_drop0p2__wd1e-04trmiss40_trlocglobal,32,0.0001,0.0001,1,16,1,False,0.2,lr1e-04_bs32_modL1_fusion16_fusionL1_fusionBN0_drop0p2__wd1e-04trmiss40_trlocglobal,14,0.6092988351980845,0.7041598260402679,0.4920634920634921,0.5977572993491918,0.4888888888888889,0.0,0.0,0.0,0.0,0.0,0.0,0.0,0.0,0.0,,,,,18473,global,0.4
3,4,lr1e-04_bs32_modL1_fusion16_fusionL1_fusionBN0_drop0p2__wd1e-04trmiss40_trlocglobal,32,0.0001,0.0001,1,16,1,False,0.2,lr1e-04_bs32_modL1_fusion16_fusionL1_fusionBN0_drop0p2__wd1e-04trmiss40_trlocglobal,15,0.6168618897596995,0.7042706906795502,0.49404761904761907,0.5963248846728674,0.4888888888888889,0.0,0.0,0.0,0.0,0.0,0.0,0.0,0.0,0.0,,,,,18473,global,0.4
3,4,lr1e-04_bs32_modL1_fusion16_fusionL1_fusionBN0_drop0p2__wd1e-04trmiss40_trlocglobal,32,0.0001,0.0001,1,16,1,False,0.2,lr1e-04_bs32_modL1_fusion16_fusionL1_fusionBN0_drop0p2__wd1e-04trmiss40_trlocglobal,16,0.6091054876645406,0.7022674083709717,0.501984126984127,0.5972814046279274,0.4888888888888889,0.0,0.0,0.0,0.0,0.0,0.0,0.0,0.0,0.0,,,,,18473,global,0.4
3,4,lr1e-04_bs32_modL1_fusion16_fusionL1_fusionBN0_drop0p2__wd1e-04trmiss40_trlocglobal,32,0.0001,0.0001,1,16,1,False,0.2,lr1e-04_bs32_modL1_fusion16_fusionL1_fusionBN0_drop0p2__wd1e-04trmiss40_trlocglobal,17,0.6081953446070353,0.7015289664268494,0.5079365079365079,0.5957931957978184,0.4888888888888889,0.0,0.0,0.0,0.0,0.0,0.0,0.0,0.0,0.0,,,,,18473,global,0.4
3,4,lr1e-04_bs32_modL1_fusion16_fusionL1_fusionBN0_drop0p2__wd1e-04trmiss40_trlocglobal,32,0.0001,0.0001,1,16,1,False,0.2,lr1e-04_bs32_modL1_fusion16_fusionL1_fusionBN0_drop0p2__wd1e-04trmiss40_trlocglobal,18,0.6064274708429972,0.7026805579662323,0.498015873015873,0.594448077776071,0.4888888888888889,0.0,0.0,0.0,0.0,0.0,0.0,0.0,0.0,0.0,,,,,18473,global,0.4
3,4,lr1e-04_bs32_modL1_fusion16_fusionL1_fusionBN0_drop0p2__wd1e-04trmiss40_trlocglobal,32,0.0001,0.0001,1,16,1,False,0.2,lr1e-04_bs32_modL1_fusion16_fusionL1_fusionBN0_drop0p2__wd1e-04trmiss40_trlocglobal,19,0.592854509751002,0.7024460732936859,0.513888888888889,0.5967557362708124,0.4888888888888889,0.0,0.0,0.0,0.0,0.0,0.0,0.0,0.0,0.0,,,,,18473,global,0.4
3,4,lr1e-04_bs32_modL1_fusion16_fusionL1_fusionBN0_drop0p2__wd1e-04trmiss40_trlocglobal,32,0.0001,0.0001,1,16,1,False,0.2,lr1e-04_bs32_modL1_fusion16_fusionL1_fusionBN0_drop0p2__wd1e-04trmiss40_trlocglobal,20,0.5969036420186361,0.6976346671581268,0.5555555555555556,0.5988986262439898,0.4666666666666667,0.0,0.0,0.0,0.0,0.0,0.0,0.0,0.0,0.0,,,,,18473,global,0.4
3,4,lr1e-04_bs32_modL1_fusion16_fusionL1_fusionBN0_drop0p2__wd1e-04trmiss40_trlocglobal,32,0.0001,0.0001,1,16,1,False,0.2,lr1e-04_bs32_modL1_fusion16_fusionL1_fusionBN0_drop0p2__wd1e-04trmiss40_trlocglobal,21,0.5877908865610758,0.6968618929386139,0.5416666666666666,0.6085293123060458,0.4888888888888889,0.0,0.0,0.0,0.0,0.0,0.0,0.0,0.0,0.0,,,,,18473,global,0.4
3,4,lr1e-04_bs32_modL1_fusion16_fusionL1_fusionBN0_drop0p2__wd1e-04trmiss40_trlocglobal,32,0.0001,0.0001,1,16,1,False,0.2,lr1e-04_bs32_modL1_fusion16_fusionL1_fusionBN0_drop0p2__wd1e-04trmiss40_trlocglobal,22,0.5878366728623708,0.6985534131526947,0.5277777777777778,0.6001472677904058,0.5111111111111111,0.0,0.0,0.0,0.0,0.0,0.0,0.0,0.0,0.0,,,,,18473,global,0.4
3,4,lr1e-04_bs32_modL1_fusion16_fusionL1_fusionBN0_drop0p2__wd1e-04trmiss40_trlocglobal,32,0.0001,0.0001,1,16,1,False,0.2,lr1e-04_bs32_modL1_fusion16_fusionL1_fusionBN0_drop0p2__wd1e-04trmiss40_trlocglobal,23,0.5814909438292185,0.7002346217632294,0.5317460317460319,0.5940191071898997,0.5111111111111111,0.0,0.0,0.0,0.0,0.0,0.0,0.0,0.0,0.0,,,,,18473,global,0.4
3,4,lr1e-04_bs32_modL1_fusion16_fusionL1_fusionBN0_drop0p2__wd1e-04trmiss40_trlocglobal,32,0.0001,0.0001,1,16,1,False,0.2,lr1e-04_bs32_modL1_fusion16_fusionL1_fusionBN0_drop0p2__wd1e-04trmiss40_trlocglobal,24,0.5837805569171906,0.7000433504581451,0.5396825396825398,0.6007365004204508,0.5111111111111111,0.0,0.0,0.0,0.0,0.0,0.0,0.0,0.0,0.0,,,,,18473,global,0.4
3,4,lr1e-04_bs32_modL1_fusion16_fusionL1_fusionBN0_drop0p2__wd1e-04trmiss40_trlocglobal,32,0.0001,0.0001,1,16,1,False,0.2,lr1e-04_bs32_modL1_fusion16_fusionL1_fusionBN0_drop0p2__wd1e-04trmiss40_trlocglobal,25,0.5594741751750311,0.6983895301818848,0.5436507936507937,0.6041542867679042,0.5111111111111111,0.0,0.0,0.0,0.0,0.0,0.0,0.0,0.0,0.0,,,,,18473,global,0.4
3,4,lr1e-04_bs32_modL1_fusion16_fusionL1_fusionBN0_drop0p2__wd1e-04trmiss40_trlocglobal,32,0.0001,0.0001,1,16,1,False,0.2,lr1e-04_bs32_modL1_fusion16_fusionL1_fusionBN0_drop0p2__wd1e-04trmiss40_trlocglobal,26,0.5704845786094666,0.6988133192062378,0.5496031746031746,0.6105654653396733,0.5111111111111111,0.0,0.0,0.0,0.0,0.0,0.0,0.0,0.0,0.0,,,,,18473,global,0.4
3,4,lr1e-04_bs32_modL1_fusion16_fusionL1_fusionBN0_drop0p2__wd1e-04trmiss40_trlocglobal,32,0.0001,0.0001,1,16,1,False,0.2,lr1e-04_bs32_modL1_fusion16_fusionL1_fusionBN0_drop0p2__wd1e-04trmiss40_trlocglobal,27,0.570877214272817,0.6985731422901154,0.5436507936507937,0.6089681363163574,0.5111111111111111,0.0,0.0,0.0,0.0,0.0,0.0,0.0,0.0,0.0,,,,,18473,global,0.4
3,4,lr1e-04_bs32_modL1_fusion16_fusionL1_fusionBN0_drop0p2__wd1e-04trmiss40_trlocglobal,32,0.0001,0.0001,1,16,1,False,0.2,lr1e-04_bs32_modL1_fusion16_fusionL1_fusionBN0_drop0p2__wd1e-04trmiss40_trlocglobal,28,0.5662551323572794,0.6996019780635834,0.5456349206349207,0.6273812757925212,0.5111111111111111,0.0,0.0,0.0,0.0,0.0,0.0,0.0,0.0,0.0,,,,,18473,global,0.4
3,4,lr1e-04_bs32_modL1_fusion16_fusionL1_fusionBN0_drop0p2__wd1e-04trmiss40_trlocglobal,32,0.0001,0.0001,1,16,1,False,0.2,lr1e-04_bs32_modL1_fusion16_fusionL1_fusionBN0_drop0p2__wd1e-04trmiss40_trlocglobal,29,0.5594464043776194,0.7021572291851044,0.5515873015873016,0.6329467103876982,0.5111111111111111,0.0,0.0,0.0,0.0,0.0,0.0,0.0,0.0,0.0,,,,,18473,global,0.4
3,4,lr1e-04_bs32_modL1_fusion16_fusionL1_fusionBN0_drop0p2__wd1e-04trmiss40_trlocglobal,32,0.0001,0.0001,1,16,1,False,0.2,lr1e-04_bs32_modL1_fusion16_fusionL1_fusionBN0_drop0p2__wd1e-04trmiss40_trlocglobal,30,0.5518791476885477,0.7001554369926453,0.5793650793650793,0.6480704474876644,0.5111111111111111,0.0,0.0,0.0,0.0,0.0,0.0,0.0,0.0,0.0,,,,,18473,global,0.4
3,4,lr1e-04_bs32_modL1_fusion16_fusionL1_fusionBN0_drop0p2__wd1e-04trmiss40_trlocglobal,32,0.0001,0.0001,1,16,1,False,0.2,lr1e-04_bs32_modL1_fusion16_fusionL1_fusionBN0_drop0p2__wd1e-04trmiss40_trlocglobal,31,0.5525179207324982,0.6987105906009674,0.5674603174603174,0.6327828156108315,0.4888888888888889,0.0,0.0,0.0,0.0,0.0,0.0,0.0,0.0,0.0,,,,,18473,global,0.4
3,4,lr1e-04_bs32_modL1_fusion16_fusionL1_fusionBN0_drop0p2__wd1e-04trmiss40_trlocglobal,32,0.0001,0.0001,1,16,1,False,0.2,lr1e-04_bs32_modL1_fusion16_fusionL1_fusionBN0_drop0p2__wd1e-04trmiss40_trlocglobal,32,0.5468663920958837,0.7007797360420227,0.5575396825396826,0.6124431389674069,0.4888888888888889,0.0,0.0,0.0,0.0,0.0,0.0,0.0,0.0,0.0,,,,,18473,global,0.4
3,4,lr1e-04_bs32_modL1_fusion16_fusionL1_fusionBN0_drop0p2__wd1e-04trmiss40_trlocglobal,32,0.0001,0.0001,1,16,1,False,0.2,lr1e-04_bs32_modL1_fusion16_fusionL1_fusionBN0_drop0p2__wd1e-04trmiss40_trlocglobal,33,0.5469679137070974,0.7016719877719879,0.5496031746031746,0.6085115729861827,0.4666666666666667,0.0,0.0,0.0,0.0,0.0,0.0,0.0,0.0,0.0,,,,,18473,global,0.4
3,4,lr1e-04_bs32_modL1_fusion16_fusionL1_fusionBN0_drop0p2__wd1e-04trmiss40_trlocglobal,32,0.0001,0.0001,1,16,1,False,0.2,lr1e-04_bs32_modL1_fusion16_fusionL1_fusionBN0_drop0p2__wd1e-04trmiss40_trlocglobal,34,0.5472057362397512,0.701919823884964,0.5476190476190477,0.6103742290766266,0.4888888888888889,0.0,0.0,0.0,0.0,0.0,0.0,0.0,0.0,0.0,,,,,18473,global,0.4
3,4,lr1e-04_bs32_modL1_fusion16_fusionL1_fusionBN0_drop0p2__wd1e-04trmiss40_trlocglobal,32,0.0001,0.0001,1,16,1,False,0.2,lr1e-04_bs32_modL1_fusion16_fusionL1_fusionBN0_drop0p2__wd1e-04trmiss40_trlocglobal,35,0.5411041975021362,0.7010801434516907,0.5476190476190477,0.6081325218716842,0.4888888888888889,0.0,0.0,0.0,0.0,0.0,0.0,0.0,0.0,0.0,,,,,18473,global,0.4
3,4,lr1e-04_bs32_modL1_fusion16_fusionL1_fusionBN0_drop0p2__wd1e-04trmiss40_trlocglobal,32,0.0001,0.0001,1,16,1,False,0.2,lr1e-04_bs32_modL1_fusion16_fusionL1_fusionBN0_drop0p2__wd1e-04trmiss40_trlocglobal,36,0.5330555637677511,0.6965561807155609,0.5753968253968254,0.6230399619096347,0.4888888888888889,0.0,0.0,0.0,0.0,0.0,0.0,0.0,0.0,0.0,,,,,18473,global,0.4
3,4,lr1e-04_bs32_modL1_fusion16_fusionL1_fusionBN0_drop0p2__wd1e-04trmiss40_trlocglobal,32,0.0001,0.0001,1,16,1,False,0.2,lr1e-04_bs32_modL1_fusion16_fusionL1_fusionBN0_drop0p2__wd1e-04trmiss40_trlocglobal,37,0.5378074248631796,0.6953024864196777,0.5853174603174603,0.6532901769041837,0.4888888888888889,0.0,0.0,0.0,0.0,0.0,0.0,0.0,0.0,0.0,,,,,18473,global,0.4
3,4,lr1e-04_bs32_modL1_fusion16_fusionL1_fusionBN0_drop0p2__wd1e-04trmiss40_trlocglobal,32,0.0001,0.0001,1,16,1,False,0.2,lr1e-04_bs32_modL1_fusion16_fusionL1_fusionBN0_drop0p2__wd1e-04trmiss40_trlocglobal,38,0.5271139840284983,0.6978006660938263,0.5773809523809524,0.6483909627382956,0.5111111111111111,0.0,0.0,0.0,0.0,0.0,0.0,0.0,0.0,0.0,,,,,18473,global,0.4
3,4,lr1e-04_bs32_modL1_fusion16_fusionL1_fusionBN0_drop0p2__wd1e-04trmiss40_trlocglobal,32,0.0001,0.0001,1,16,1,False,0.2,lr1e-04_bs32_modL1_fusion16_fusionL1_fusionBN0_drop0p2__wd1e-04trmiss40_trlocglobal,39,0.5158551335334778,0.6989503502845764,0.5575396825396826,0.6327001338905172,0.5111111111111111,0.0,0.0,0.0,0.0,0.0,0.0,0.0,0.0,0.0,,,,,18473,global,0.4
3,4,lr1e-04_bs32_modL1_fusion16_fusionL1_fusionBN0_drop0p2__wd1e-04trmiss40_trlocglobal,32,0.0001,0.0001,1,16,1,False,0.2,lr1e-04_bs32_modL1_fusion16_fusionL1_fusionBN0_drop0p2__wd1e-04trmiss40_trlocglobal,40,0.5197539428869883,0.6967839300632477,0.5833333333333334,0.6446684793514224,0.5111111111111111,0.0,0.0,0.0,0.0,0.0,0.0,0.0,0.0,0.0,,,,,18473,global,0.4
3,4,lr1e-04_bs32_modL1_fusion16_fusionL1_fusionBN0_drop0p2__wd1e-04trmiss40_trlocglobal,32,0.0001,0.0001,1,16,1,False,0.2,lr1e-04_bs32_modL1_fusion16_fusionL1_fusionBN0_drop0p2__wd1e-04trmiss40_trlocglobal,41,0.4965635985136032,0.6952227652072906,0.5912698412698413,0.6593944973575099,0.5111111111111111,0.0,0.0,0.0,0.0,0.0,0.0,0.0,0.0,0.0,,,,,18473,global,0.4
3,4,lr1e-04_bs32_modL1_fusion16_fusionL1_fusionBN0_drop0p2__wd1e-04trmiss40_trlocglobal,32,0.0001,0.0001,1,16,1,False,0.2,lr1e-04_bs32_modL1_fusion16_fusionL1_fusionBN0_drop0p2__wd1e-04trmiss40_trlocglobal,42,0.511123369137446,0.6953326463699341,0.5892857142857143,0.6578298463902854,0.5111111111111111,0.0,0.0,0.0,0.0,0.0,0.0,0.0,0.0,0.0,,,,,18473,global,0.4
3,4,lr1e-04_bs32_modL1_fusion16_fusionL1_fusionBN0_drop0p2__wd1e-04trmiss40_trlocglobal,32,0.0001,0.0001,1,16,1,False,0.2,lr1e-04_bs32_modL1_fusion16_fusionL1_fusionBN0_drop0p2__wd1e-04trmiss40_trlocglobal,43,0.5110877156257629,0.6989554166793823,0.5694444444444445,0.6430404065452148,0.5111111111111111,0.0,0.0,0.0,0.0,0.0,0.0,0.0,0.0,0.0,,,,,18473,global,0.4
3,4,lr1e-04_bs32_modL1_fusion16_fusionL1_fusionBN0_drop0p2__wd1e-04trmiss40_trlocglobal,32,0.0001,0.0001,1,16,1,False,0.2,lr1e-04_bs32_modL1_fusion16_fusionL1_fusionBN0_drop0p2__wd1e-04trmiss40_trlocglobal,44,0.509372944633166,0.699678361415863,0.5674603174603174,0.6406110456100194,0.5111111111111111,0.0,0.0,0.0,0.0,0.0,0.0,0.0,0.0,0.0,,,,,18473,global,0.4
3,4,lr1e-04_bs32_modL1_fusion16_fusionL1_fusionBN0_drop0p2__wd1e-04trmiss40_trlocglobal,32,0.0001,0.0001,1,16,1,False,0.2,lr1e-04_bs32_modL1_fusion16_fusionL1_fusionBN0_drop0p2__wd1e-04trmiss40_trlocglobal,45,0.5001033395528793,0.6988645493984222,0.5753968253968254,0.6452161995361835,0.5111111111111111,0.0,0.0,0.0,0.0,0.0,0.0,0.0,0.0,0.0,,,,,18473,global,0.4
3,4,lr1e-04_bs32_modL1_fusion16_fusionL1_fusionBN0_drop0p2__wd1e-04trmiss40_trlocglobal,32,0.0001,0.0001,1,16,1,False,0.2,lr1e-04_bs32_modL1_fusion16_fusionL1_fusionBN0_drop0p2__wd1e-04trmiss40_trlocglobal,46,0.4989989946285884,0.700242429971695,0.5833333333333333,0.6430087997218122,0.5111111111111111,0.0,0.0,0.0,0.0,0.0,0.0,0.0,0.0,0.0,,,,,18473,global,0.4
3,4,lr1e-04_bs32_modL1_fusion16_fusionL1_fusionBN0_drop0p2__wd1e-04trmiss40_trlocglobal,32,0.0001,0.0001,1,16,1,False,0.2,lr1e-04_bs32_modL1_fusion16_fusionL1_fusionBN0_drop0p2__wd1e-04trmiss40_trlocglobal,47,0.49856410920619965,0.6976136863231659,0.5793650793650794,0.6461084207409047,0.5111111111111111,0.0,0.0,0.0,0.0,0.0,0.0,0.0,0.0,0.0,,,,,18473,global,0.4
3,4,lr1e-04_bs32_modL1_fusion16_fusionL1_fusionBN0_drop0p2__wd1e-04trmiss40_trlocglobal,32,0.0001,0.0001,1,16,1,False,0.2,lr1e-04_bs32_modL1_fusion16_fusionL1_fusionBN0_drop0p2__wd1e-04trmiss40_trlocglobal,48,0.504008948802948,0.6974019110202789,0.5714285714285714,0.6455106169618602,0.5111111111111111,0.0,0.0,0.0,0.0,0.0,0.0,0.0,0.0,0.0,,,,,18473,global,0.4
3,4,lr1e-04_bs32_modL1_fusion16_fusionL1_fusionBN0_drop0p2__wd1e-04trmiss40_trlocglobal,32,0.0001,0.0001,1,16,1,False,0.2,lr1e-04_bs32_modL1_fusion16_fusionL1_fusionBN0_drop0p2__wd1e-04trmiss40_trlocglobal,49,0.4942529896895091,0.6981366276741028,0.5753968253968255,0.6461085329652817,0.5333333333333333,0.0,0.0,0.0,0.0,0.0,0.0,0.0,0.0,0.0,,,,,18473,global,0.4
3,4,lr1e-04_bs32_modL1_fusion16_fusionL1_fusionBN0_drop0p2__wd1e-04trmiss40_trlocglobal,32,0.0001,0.0001,1,16,1,False,0.2,lr1e-04_bs32_modL1_fusion16_fusionL1_fusionBN0_drop0p2__wd1e-04trmiss40_trlocglobal,50,0.4902304907639821,0.7000530064105988,0.5773809523809523,0.6466350804098658,0.5333333333333333,0.0,0.0,0.0,0.0,0.0,0.0,0.0,0.0,0.0,,,,,18473,global,0.4
3,4,lr1e-04_bs32_modL1_fusion16_fusionL1_fusionBN0_drop0p2__wd1e-04trmiss40_trlocglobal,32,0.0001,0.0001,1,16,1,False,0.2,lr1e-04_bs32_modL1_fusion16_fusionL1_fusionBN0_drop0p2__wd1e-04trmiss40_trlocglobal,51,0.5020140906174978,0.6984086632728577,0.5853174603174603,0.6475236986820184,0.5333333333333333,0.0,0.0,0.0,0.0,0.0,0.0,0.0,0.0,0.0,,,,,18473,global,0.4
3,4,lr1e-04_bs32_modL1_fusion16_fusionL1_fusionBN0_drop0p2__wd1e-04trmiss40_trlocglobal,32,0.0001,0.0001,1,16,1,False,0.2,lr1e-04_bs32_modL1_fusion16_fusionL1_fusionBN0_drop0p2__wd1e-04trmiss40_trlocglobal,52,0.49001797537008923,0.6962130963802338,0.5873015873015873,0.6489491417445051,0.5333333333333333,0.0,0.0,0.0,0.0,0.0,0.0,0.0,0.0,0.0,,,,,18473,global,0.4
3,4,lr1e-04_bs32_modL1_fusion16_fusionL1_fusionBN0_drop0p2__wd1e-04trmiss40_trlocglobal,32,0.0001,0.0001,1,16,1,False,0.2,lr1e-04_bs32_modL1_fusion16_fusionL1_fusionBN0_drop0p2__wd1e-04trmiss40_trlocglobal,53,0.4973401427268982,0.6946252286434174,0.5892857142857143,0.6530344456064818,0.5333333333333333,0.0,0.0,0.0,0.0,0.0,0.0,0.0,0.0,0.0,,,,,18473,global,0.4
3,4,lr1e-04_bs32_modL1_fusion16_fusionL1_fusionBN0_drop0p2__wd1e-04trmiss40_trlocglobal,32,0.0001,0.0001,1,16,1,False,0.2,lr1e-04_bs32_modL1_fusion16_fusionL1_fusionBN0_drop0p2__wd1e-04trmiss40_trlocglobal,54,0.48295582334200543,0.6941527724266052,0.6051587301587302,0.6606937940466433,0.5333333333333333,0.0,0.0,0.0,0.0,0.0,0.0,0.0,0.0,0.0,,,,,18473,global,0.4
3,4,lr1e-04_bs32_modL1_fusion16_fusionL1_fusionBN0_drop0p2__wd1e-04trmiss40_trlocglobal,32,0.0001,0.0001,1,16,1,False,0.2,lr1e-04_bs32_modL1_fusion16_fusionL1_fusionBN0_drop0p2__wd1e-04trmiss40_trlocglobal,55,0.4874495764573415,0.6944253146648407,0.6051587301587301,0.6619922000772805,0.5333333333333333,0.0,0.0,0.0,0.0,0.0,0.0,0.0,0.0,0.0,,,,,18473,global,0.4
3,4,lr1e-04_bs32_modL1_fusion16_fusionL1_fusionBN0_drop0p2__wd1e-04trmiss40_trlocglobal,32,0.0001,0.0001,1,16,1,False,0.2,lr1e-04_bs32_modL1_fusion16_fusionL1_fusionBN0_drop0p2__wd1e-04trmiss40_trlocglobal,56,0.4694504638512929,0.6945014595985413,0.6031746031746031,0.6616247637381919,0.5333333333333333,0.0,0.0,0.0,0.0,0.0,0.0,0.0,0.0,0.0,,,,,18473,global,0.4
3,4,lr1e-04_bs32_modL1_fusion16_fusionL1_fusionBN0_drop0p2__wd1e-04trmiss40_trlocglobal,32,0.0001,0.0001,1,16,1,False,0.2,lr1e-04_bs32_modL1_fusion16_fusionL1_fusionBN0_drop0p2__wd1e-04trmiss40_trlocglobal,57,0.47311541934808093,0.6960767507553101,0.6071428571428571,0.6640447530562074,0.5333333333333333,0.0,0.0,0.0,0.0,0.0,0.0,0.0,0.0,0.0,,,,,18473,global,0.4
3,4,lr1e-04_bs32_modL1_fusion16_fusionL1_fusionBN0_drop0p2__wd1e-04trmiss40_trlocglobal,32,0.0001,0.0001,1,16,1,False,0.2,lr1e-04_bs32_modL1_fusion16_fusionL1_fusionBN0_drop0p2__wd1e-04trmiss40_trlocglobal,58,0.47975899775822956,0.6971680819988251,0.6031746031746033,0.6623742693757418,0.5333333333333333,0.0,0.0,0.0,0.0,0.0,0.0,0.0,0.0,0.0,,,,,18473,global,0.4
3,4,lr1e-04_bs32_modL1_fusion16_fusionL1_fusionBN0_drop0p2__wd1e-04trmiss40_trlocglobal,32,0.0001,0.0001,1,16,1,False,0.2,lr1e-04_bs32_modL1_fusion16_fusionL1_fusionBN0_drop0p2__wd1e-04trmiss40_trlocglobal,59,0.47773294150829315,0.6959808170795441,0.5873015873015873,0.6532321302505607,0.5333333333333333,0.0,0.0,0.0,0.0,0.0,0.0,0.0,0.0,0.0,,,,,18473,global,0.4
3,4,lr1e-04_bs32_modL1_fusion16_fusionL1_fusionBN0_drop0p2__wd1e-04trmiss40_trlocglobal,32,0.0001,0.0001,1,16,1,False,0.2,lr1e-04_bs32_modL1_fusion16_fusionL1_fusionBN0_drop0p2__wd1e-04trmiss40_trlocglobal,60,0.4666385700305303,0.6960042715072632,0.5932539682539683,0.6572285426067734,0.5333333333333333,0.0,0.0,0.0,0.0,0.0,0.0,0.0,0.0,0.0,,,,,18473,global,0.4
3,4,lr1e-04_bs32_modL1_fusion16_fusionL1_fusionBN0_drop0p2__wd1e-04trmiss40_trlocglobal,32,0.0001,0.0001,1,16,1,False,0.2,lr1e-04_bs32_modL1_fusion16_fusionL1_fusionBN0_drop0p2__wd1e-04trmiss40_trlocglobal,61,0.4610668669144313,0.6971299350261688,0.5892857142857143,0.6548260960272257,0.5333333333333333,0.0,0.0,0.0,0.0,0.0,0.0,0.0,0.0,0.0,,,,,18473,global,0.4
3,4,lr1e-04_bs32_modL1_fusion16_fusionL1_fusionBN0_drop0p2__wd1e-04trmiss40_trlocglobal,32,0.0001,0.0001,1,16,1,False,0.2,lr1e-04_bs32_modL1_fusion16_fusionL1_fusionBN0_drop0p2__wd1e-04trmiss40_trlocglobal,62,0.47837430735429126,0.6977525353431702,0.5853174603174603,0.6526024589776125,0.5333333333333333,0.0,0.0,0.0,0.0,0.0,0.0,0.0,0.0,0.0,,,,,18473,global,0.4
3,4,lr1e-04_bs32_modL1_fusion16_fusionL1_fusionBN0_drop0p2__wd1e-04trmiss40_trlocglobal,32,0.0001,0.0001,1,16,1,False,0.2,lr1e-04_bs32_modL1_fusion16_fusionL1_fusionBN0_drop0p2__wd1e-04trmiss40_trlocglobal,63,0.4766397873560588,0.698124885559082,0.5892857142857143,0.6550441553531324,0.5333333333333333,0.0,0.0,0.0,0.0,0.0,0.0,0.0,0.0,0.0,,,,,18473,global,0.4
3,4,lr1e-04_bs32_modL1_fusion16_fusionL1_fusionBN0_drop0p2__wd1e-04trmiss40_trlocglobal,32,0.0001,0.0001,1,16,1,False,0.2,lr1e-04_bs32_modL1_fusion16_fusionL1_fusionBN0_drop0p2__wd1e-04trmiss40_trlocglobal,64,0.4687161793311437,0.6984895169734955,0.5912698412698413,0.6545342043216176,0.5333333333333333,0.0,0.0,0.0,0.0,0.0,0.0,0.0,0.0,0.0,,,,,18473,global,0.4
3,4,lr1e-04_bs32_modL1_fusion16_fusionL1_fusionBN0_drop0p2__wd1e-04trmiss40_trlocglobal,32,0.0001,0.0001,1,16,1,False,0.2,lr1e-04_bs32_modL1_fusion16_fusionL1_fusionBN0_drop0p2__wd1e-04trmiss40_trlocglobal,65,0.46970825890700024,0.697272926568985,0.5892857142857143,0.6541505465850187,0.5333333333333333,0.0,0.0,0.0,0.0,0.0,0.0,0.0,0.0,0.0,,,,,18473,global,0.4
3,4,lr1e-04_bs32_modL1_fusion16_fusionL1_fusionBN0_drop0p2__wd1e-04trmiss40_trlocglobal,32,0.0001,0.0001,1,16,1,False,0.2,lr1e-04_bs32_modL1_fusion16_fusionL1_fusionBN0_drop0p2__wd1e-04trmiss40_trlocglobal,66,0.4636773020029068,0.6974710822105408,0.5892857142857143,0.6546785803791815,0.5333333333333333,0.0,0.0,0.0,0.0,0.0,0.0,0.0,0.0,0.0,,,,,18473,global,0.4
3,4,lr1e-04_bs32_modL1_fusion16_fusionL1_fusionBN0_drop0p2__wd1e-04trmiss40_trlocglobal,32,0.0001,0.0001,1,16,1,False,0.2,lr1e-04_bs32_modL1_fusion16_fusionL1_fusionBN0_drop0p2__wd1e-04trmiss40_trlocglobal,67,0.48150237401326496,0.6968457996845245,0.5873015873015873,0.6532630158002537,0.5333333333333333,0.0,0.0,0.0,0.0,0.0,0.0,0.0,0.0,0.0,,,,,18473,global,0.4
3,4,lr1e-04_bs32_modL1_fusion16_fusionL1_fusionBN0_drop0p2__wd1e-04trmiss40_trlocglobal,32,0.0001,0.0001,1,16,1,False,0.2,lr1e-04_bs32_modL1_fusion16_fusionL1_fusionBN0_drop0p2__wd1e-04trmiss40_trlocglobal,68,0.47201716899871826,0.6976207196712494,0.5892857142857143,0.6554708164655352,0.5333333333333333,0.0,0.0,0.0,0.0,0.0,0.0,0.0,0.0,0.0,,,,,18473,global,0.4
3,4,lr1e-04_bs32_modL1_fusion16_fusionL1_fusionBN0_drop0p2__wd1e-04trmiss40_trlocglobal,32,0.0001,0.0001,1,16,1,False,0.2,lr1e-04_bs32_modL1_fusion16_fusionL1_fusionBN0_drop0p2__wd1e-04trmiss40_trlocglobal,69,0.46456092596054077,0.6975326836109161,0.5873015873015873,0.6543385700887235,0.5333333333333333,0.0,0.0,0.0,0.0,0.0,0.0,0.0,0.0,0.0,,,,,18473,global,0.4
3,4,lr1e-04_bs32_modL1_fusion16_fusionL1_fusionBN0_drop0p2__wd1e-04trmiss40_trlocglobal,32,0.0001,0.0001,1,16,1,False,0.2,lr1e-04_bs32_modL1_fusion16_fusionL1_fusionBN0_drop0p2__wd1e-04trmiss40_trlocglobal,70,0.46743976573149365,0.6977636218070984,0.5873015873015873,0.6535021243993367,0.5333333333333333,0.0,0.0,0.0,0.0,0.0,0.0,0.0,0.0,0.0,,,,,18473,global,0.4
3,4,lr1e-04_bs32_modL1_fusion16_fusionL1_fusionBN0_drop0p2__wd1e-04trmiss40_trlocglobal,32,0.0001,0.0001,1,16,1,False,0.2,lr1e-04_bs32_modL1_fusion16_fusionL1_fusionBN0_drop0p2__wd1e-04trmiss40_trlocglobal,71,0.4776262938976288,0.6972321271896362,0.5912698412698413,0.656461934054193,0.5333333333333333,0.0,0.0,0.0,0.0,0.0,0.0,0.0,0.0,0.0,,,,,18473,global,0.4
3,4,lr1e-04_bs32_modL1_fusion16_fusionL1_fusionBN0_drop0p2__wd1e-04trmiss40_trlocglobal,32,0.0001,0.0001,1,16,1,False,0.2,lr1e-04_bs32_modL1_fusion16_fusionL1_fusionBN0_drop0p2__wd1e-04trmiss40_trlocglobal,72,0.46122463544209796,0.6978570222854614,0.5932539682539683,0.658195431032255,0.5333333333333333,0.0,0.0,0.0,0.0,0.0,0.0,0.0,0.0,0.0,,,,,18473,global,0.4
3,4,lr1e-04_bs32_modL1_fusion16_fusionL1_fusionBN0_drop0p2__wd1e-04trmiss40_trlocglobal,32,0.0001,0.0001,1,16,1,False,0.2,lr1e-04_bs32_modL1_fusion16_fusionL1_fusionBN0_drop0p2__wd1e-04trmiss40_trlocglobal,73,0.4634301612774531,0.6975391805171967,0.5932539682539683,0.658195431032255,0.5333333333333333,0.0,0.0,0.0,0.0,0.0,0.0,0.0,0.0,0.0,,,,,18473,global,0.4
3,4,lr1e-04_bs32_modL1_fusion16_fusionL1_fusionBN0_drop0p2__wd1e-04trmiss40_trlocglobal,32,0.0001,0.0001,1,16,1,False,0.2,lr1e-04_bs32_modL1_fusion16_fusionL1_fusionBN0_drop0p2__wd1e-04trmiss40_trlocglobal,74,0.45794063806533813,0.6982109546661377,0.5932539682539683,0.6576394462318818,0.5333333333333333,0.0,0.0,0.0,0.0,0.0,0.0,0.0,0.0,0.0,,,,,18473,global,0.4
3,4,lr1e-04_bs32_modL1_fusion16_fusionL1_fusionBN0_drop0p2__wd1e-04trmiss40_trlocglobal,32,0.0001,0.0001,1,16,1,False,0.2,lr1e-04_bs32_modL1_fusion16_fusionL1_fusionBN0_drop0p2__wd1e-04trmiss40_trlocglobal,75,0.46182798345883685,0.6975479125976562,0.5932539682539681,0.65835824336612,0.5333333333333333,0.0,0.0,0.0,0.0,0.0,0.0,0.0,0.0,0.0,,,,,18473,global,0.4
3,4,lr1e-04_bs32_modL1_fusion16_fusionL1_fusionBN0_drop0p2__wd1e-04trmiss40_trlocglobal,32,0.0001,0.0001,1,16,1,False,0.2,lr1e-04_bs32_modL1_fusion16_fusionL1_fusionBN0_drop0p2__wd1e-04trmiss40_trlocglobal,76,0.46646419664223987,0.6982304751873016,0.5952380952380952,0.657922608739309,0.5333333333333333,0.0,0.0,0.0,0.0,0.0,0.0,0.0,0.0,0.0,,,,,18473,global,0.4
3,4,lr1e-04_bs32_modL1_fusion16_fusionL1_fusionBN0_drop0p2__wd1e-04trmiss40_trlocglobal,32,0.0001,0.0001,1,16,1,False,0.2,lr1e-04_bs32_modL1_fusion16_fusionL1_fusionBN0_drop0p2__wd1e-04trmiss40_trlocglobal,77,0.469411904613177,0.6988714039325714,0.5932539682539683,0.6592548544262372,0.5333333333333333,0.0,0.0,0.0,0.0,0.0,0.0,0.0,0.0,0.0,,,,,18473,global,0.4
3,4,lr1e-04_bs32_modL1_fusion16_fusionL1_fusionBN0_drop0p1__wd1e-04trmiss40_trlocglobal,32,0.0001,0.0001,1,16,1,False,0.1,lr1e-04_bs32_modL1_fusion16_fusionL1_fusionBN0_drop0p1__wd1e-04trmiss40_trlocglobal,1,0.7055635650952657,0.6912868618965149,0.5813492063492063,0.5446229535171411,0.4666666666666667,0.0,0.0,0.0,0.0,0.0,0.0,0.0,0.0,0.0,,,,,18473,global,0.4
3,4,lr1e-04_bs32_modL1_fusion16_fusionL1_fusionBN0_drop0p1__wd1e-04trmiss40_trlocglobal,32,0.0001,0.0001,1,16,1,False,0.1,lr1e-04_bs32_modL1_fusion16_fusionL1_fusionBN0_drop0p1__wd1e-04trmiss40_trlocglobal,2,0.6814697583516439,0.6887531876564026,0.5992063492063492,0.5592487287464212,0.4444444444444444,0.0,0.0,0.0,0.0,0.0,0.0,0.0,0.0,0.0,,,,,18473,global,0.4
3,4,lr1e-04_bs32_modL1_fusion16_fusionL1_fusionBN0_drop0p1__wd1e-04trmiss40_trlocglobal,32,0.0001,0.0001,1,16,1,False,0.1,lr1e-04_bs32_modL1_fusion16_fusionL1_fusionBN0_drop0p1__wd1e-04trmiss40_trlocglobal,3,0.6698150535424551,0.6872638165950775,0.6111111111111112,0.582000096917617,0.4222222222222222,0.0,0.0,0.0,0.0,0.0,0.0,0.0,0.0,0.0,,,,,18473,global,0.4
3,4,lr1e-04_bs32_modL1_fusion16_fusionL1_fusionBN0_drop0p1__wd1e-04trmiss40_trlocglobal,32,0.0001,0.0001,1,16,1,False,0.1,lr1e-04_bs32_modL1_fusion16_fusionL1_fusionBN0_drop0p1__wd1e-04trmiss40_trlocglobal,4,0.6582203606764475,0.6835861504077911,0.6626984126984127,0.6268476741104252,0.4444444444444444,0.0,0.0,0.0,0.0,0.0,0.0,0.0,0.0,0.0,,,,,18473,global,0.4
3,4,lr1e-04_bs32_modL1_fusion16_fusionL1_fusionBN0_drop0p1__wd1e-04trmiss40_trlocglobal,32,0.0001,0.0001,1,16,1,False,0.1,lr1e-04_bs32_modL1_fusion16_fusionL1_fusionBN0_drop0p1__wd1e-04trmiss40_trlocglobal,5,0.6459147930145264,0.6838879585266113,0.6329365079365079,0.6058929443930515,0.4666666666666667,0.0,0.0,0.0,0.0,0.0,0.0,0.0,0.0,0.0,,,,,18473,global,0.4
3,4,lr1e-04_bs32_modL1_fusion16_fusionL1_fusionBN0_drop0p1__wd1e-04trmiss40_trlocglobal,32,0.0001,0.0001,1,16,1,False,0.1,lr1e-04_bs32_modL1_fusion16_fusionL1_fusionBN0_drop0p1__wd1e-04trmiss40_trlocglobal,6,0.6302983164787292,0.684146523475647,0.6190476190476191,0.6097368300844841,0.4666666666666667,0.0,0.0,0.0,0.0,0.0,0.0,0.0,0.0,0.0,,,,,18473,global,0.4
3,4,lr1e-04_bs32_modL1_fusion16_fusionL1_fusionBN0_drop0p1__wd1e-04trmiss40_trlocglobal,32,0.0001,0.0001,1,16,1,False,0.1,lr1e-04_bs32_modL1_fusion16_fusionL1_fusionBN0_drop0p1__wd1e-04trmiss40_trlocglobal,7,0.6214759151140848,0.6836011707782745,0.6309523809523809,0.6398372093882517,0.4666666666666667,0.0,0.0,0.0,0.0,0.0,0.0,0.0,0.0,0.0,,,,,18473,global,0.4
3,4,lr1e-04_bs32_modL1_fusion16_fusionL1_fusionBN0_drop0p1__wd1e-04trmiss40_trlocglobal,32,0.0001,0.0001,1,16,1,False,0.1,lr1e-04_bs32_modL1_fusion16_fusionL1_fusionBN0_drop0p1__wd1e-04trmiss40_trlocglobal,8,0.6213484903176626,0.6806377172470093,0.6428571428571429,0.6575056130217759,0.5111111111111111,0.0,0.0,0.0,0.0,0.0,0.0,0.0,0.0,0.0,,,,,18473,global,0.4
3,4,lr1e-04_bs32_modL1_fusion16_fusionL1_fusionBN0_drop0p1__wd1e-04trmiss40_trlocglobal,32,0.0001,0.0001,1,16,1,False,0.1,lr1e-04_bs32_modL1_fusion16_fusionL1_fusionBN0_drop0p1__wd1e-04trmiss40_trlocglobal,9,0.6098152200380961,0.678409606218338,0.6626984126984127,0.6719993519625319,0.5111111111111111,0.0,0.0,0.0,0.0,0.0,0.0,0.0,0.0,0.0,,,,,18473,global,0.4
3,4,lr1e-04_bs32_modL1_fusion16_fusionL1_fusionBN0_drop0p1__wd1e-04trmiss40_trlocglobal,32,0.0001,0.0001,1,16,1,False,0.1,lr1e-04_bs32_modL1_fusion16_fusionL1_fusionBN0_drop0p1__wd1e-04trmiss40_trlocglobal,10,0.5947000781695048,0.6773723065853119,0.6607142857142857,0.6695469847046973,0.4888888888888889,0.0,0.0,0.0,0.0,0.0,0.0,0.0,0.0,0.0,,,,,18473,global,0.4
3,4,lr1e-04_bs32_modL1_fusion16_fusionL1_fusionBN0_drop0p1__wd1e-04trmiss40_trlocglobal,32,0.0001,0.0001,1,16,1,False,0.1,lr1e-04_bs32_modL1_fusion16_fusionL1_fusionBN0_drop0p1__wd1e-04trmiss40_trlocglobal,11,0.5998238325119019,0.6761198341846466,0.6726190476190476,0.6914004578829758,0.5333333333333333,0.0,0.0,0.0,0.0,0.0,0.0,0.0,0.0,0.0,,,,,18473,global,0.4
3,4,lr1e-04_bs32_modL1_fusion16_fusionL1_fusionBN0_drop0p1__wd1e-04trmiss40_trlocglobal,32,0.0001,0.0001,1,16,1,False,0.1,lr1e-04_bs32_modL1_fusion16_fusionL1_fusionBN0_drop0p1__wd1e-04trmiss40_trlocglobal,12,0.582609603802363,0.6789375245571136,0.6547619047619048,0.6830087699870361,0.5111111111111111,0.0,0.0,0.0,0.0,0.0,0.0,0.0,0.0,0.0,,,,,18473,global,0.4
3,4,lr1e-04_bs32_modL1_fusion16_fusionL1_fusionBN0_drop0p1__wd1e-04trmiss40_trlocglobal,32,0.0001,0.0001,1,16,1,False,0.1,lr1e-04_bs32_modL1_fusion16_fusionL1_fusionBN0_drop0p1__wd1e-04trmiss40_trlocglobal,13,0.5836509565512339,0.6787896156311035,0.6488095238095238,0.6816146998758607,0.5111111111111111,0.0,0.0,0.0,0.0,0.0,0.0,0.0,0.0,0.0,,,,,18473,global,0.4
3,4,lr1e-04_bs32_modL1_fusion16_fusionL1_fusionBN0_drop0p1__wd1e-04trmiss40_trlocglobal,32,0.0001,0.0001,1,16,1,False,0.1,lr1e-04_bs32_modL1_fusion16_fusionL1_fusionBN0_drop0p1__wd1e-04trmiss40_trlocglobal,14,0.5735770662625631,0.6778108179569244,0.638888888888889,0.6656090575594766,0.5555555555555556,0.0,0.0,0.0,0.0,0.0,0.0,0.0,0.0,0.0,,,,,18473,global,0.4
3,4,lr1e-04_bs32_modL1_fusion16_fusionL1_fusionBN0_drop0p1__wd1e-04trmiss40_trlocglobal,32,0.0001,0.0001,1,16,1,False,0.1,lr1e-04_bs32_modL1_fusion16_fusionL1_fusionBN0_drop0p1__wd1e-04trmiss40_trlocglobal,15,0.5582597951094309,0.6793315708637238,0.6329365079365079,0.6625911862576142,0.5111111111111111,0.0,0.0,0.0,0.0,0.0,0.0,0.0,0.0,0.0,,,,,18473,global,0.4
3,4,lr1e-04_bs32_modL1_fusion16_fusionL1_fusionBN0_drop0p1__wd1e-04trmiss40_trlocglobal,32,0.0001,0.0001,1,16,1,False,0.1,lr1e-04_bs32_modL1_fusion16_fusionL1_fusionBN0_drop0p1__wd1e-04trmiss40_trlocglobal,16,0.5687542458375295,0.678817868232727,0.628968253968254,0.6623653100891486,0.5555555555555556,0.0,0.0,0.0,0.0,0.0,0.0,0.0,0.0,0.0,,,,,18473,global,0.4
3,4,lr1e-04_bs32_modL1_fusion16_fusionL1_fusionBN0_drop0p1__wd1e-04trmiss40_trlocglobal,32,0.0001,0.0001,1,16,1,False,0.1,lr1e-04_bs32_modL1_fusion16_fusionL1_fusionBN0_drop0p1__wd1e-04trmiss40_trlocglobal,17,0.5667416751384735,0.6781794726848602,0.625,0.6584818511005905,0.5111111111111111,0.0,0.0,0.0,0.0,0.0,0.0,0.0,0.0,0.0,,,,,18473,global,0.4
3,4,lr1e-04_bs32_modL1_fusion16_fusionL1_fusionBN0_drop0p1__wd1e-04trmiss40_trlocglobal,32,0.0001,0.0001,1,16,1,False,0.1,lr1e-04_bs32_modL1_fusion16_fusionL1_fusionBN0_drop0p1__wd1e-04trmiss40_trlocglobal,18,0.5544573565324148,0.6763995587825775,0.6369047619047619,0.6565023039885944,0.4888888888888889,0.0,0.0,0.0,0.0,0.0,0.0,0.0,0.0,0.0,,,,,18473,global,0.4
3,4,lr1e-04_bs32_modL1_fusion16_fusionL1_fusionBN0_drop0p1__wd1e-04trmiss40_trlocglobal,32,0.0001,0.0001,1,16,1,False,0.1,lr1e-04_bs32_modL1_fusion16_fusionL1_fusionBN0_drop0p1__wd1e-04trmiss40_trlocglobal,19,0.5455306073029836,0.6754215359687805,0.6428571428571429,0.6567852949285568,0.5111111111111111,0.0,0.0,0.0,0.0,0.0,0.0,0.0,0.0,0.0,,,,,18473,global,0.4
3,4,lr1e-04_bs32_modL1_fusion16_fusionL1_fusionBN0_drop0p1__wd1e-04trmiss40_trlocglobal,32,0.0001,0.0001,1,16,1,False,0.1,lr1e-04_bs32_modL1_fusion16_fusionL1_fusionBN0_drop0p1__wd1e-04trmiss40_trlocglobal,20,0.5440326432387034,0.6781793236732483,0.6309523809523809,0.6543385859904545,0.4888888888888889,0.0,0.0,0.0,0.0,0.0,0.0,0.0,0.0,0.0,,,,,18473,global,0.4
3,4,lr1e-04_bs32_modL1_fusion16_fusionL1_fusionBN0_drop0p1__wd1e-04trmiss40_trlocglobal,32,0.0001,0.0001,1,16,1,False,0.1,lr1e-04_bs32_modL1_fusion16_fusionL1_fusionBN0_drop0p1__wd1e-04trmiss40_trlocglobal,21,0.533518522977829,0.678363710641861,0.626984126984127,0.655518686602269,0.5333333333333333,0.0,0.0,0.0,0.0,0.0,0.0,0.0,0.0,0.0,,,,,18473,global,0.4
3,4,lr1e-04_bs32_modL1_fusion16_fusionL1_fusionBN0_drop0p1__wd1e-04trmiss40_trlocglobal,32,0.0001,0.0001,1,16,1,False,0.1,lr1e-04_bs32_modL1_fusion16_fusionL1_fusionBN0_drop0p1__wd1e-04trmiss40_trlocglobal,22,0.5293081899483999,0.6772752106189728,0.630952380952381,0.6521191092596769,0.5333333333333333,0.0,0.0,0.0,0.0,0.0,0.0,0.0,0.0,0.0,,,,,18473,global,0.4
3,4,lr1e-04_bs32_modL1_fusion16_fusionL1_fusionBN0_drop0p1__wd1e-04trmiss40_trlocglobal,32,0.0001,0.0001,1,16,1,False,0.1,lr1e-04_bs32_modL1_fusion16_fusionL1_fusionBN0_drop0p1__wd1e-04trmiss40_trlocglobal,23,0.5268631875514984,0.6767863035202026,0.636904761904762,0.6649412425321778,0.5111111111111111,0.0,0.0,0.0,0.0,0.0,0.0,0.0,0.0,0.0,,,,,18473,global,0.4
3,4,lr1e-04_bs32_modL1_fusion16_fusionL1_fusionBN0_drop0p1__wd1e-04trmiss40_trlocglobal,32,0.0001,0.0001,1,16,1,False,0.1,lr1e-04_bs32_modL1_fusion16_fusionL1_fusionBN0_drop0p1__wd1e-04trmiss40_trlocglobal,24,0.5194285263617834,0.6786194145679474,0.623015873015873,0.650191444899225,0.5111111111111111,0.0,0.0,0.0,0.0,0.0,0.0,0.0,0.0,0.0,,,,,18473,global,0.4
3,4,lr1e-04_bs32_modL1_fusion16_fusionL1_fusionBN0_drop0p1__wd1e-04trmiss40_trlocglobal,32,0.0001,0.0001,1,16,1,False,0.1,lr1e-04_bs32_modL1_fusion16_fusionL1_fusionBN0_drop0p1__wd1e-04trmiss40_trlocglobal,25,0.5062191685040792,0.6747926771640778,0.6309523809523809,0.6564630537630668,0.5333333333333333,0.0,0.0,0.0,0.0,0.0,0.0,0.0,0.0,0.0,,,,,18473,global,0.4
3,4,lr1e-04_bs32_modL1_fusion16_fusionL1_fusionBN0_drop0p1__wd1e-04trmiss40_trlocglobal,32,0.0001,0.0001,1,16,1,False,0.1,lr1e-04_bs32_modL1_fusion16_fusionL1_fusionBN0_drop0p1__wd1e-04trmiss40_trlocglobal,26,0.5071098953485489,0.6708874106407166,0.6488095238095238,0.666617526108236,0.5333333333333333,0.0,0.0,0.0,0.0,0.0,0.0,0.0,0.0,0.0,,,,,18473,global,0.4
3,4,lr1e-04_bs32_modL1_fusion16_fusionL1_fusionBN0_drop0p1__wd1e-04trmiss40_trlocglobal,32,0.0001,0.0001,1,16,1,False,0.1,lr1e-04_bs32_modL1_fusion16_fusionL1_fusionBN0_drop0p1__wd1e-04trmiss40_trlocglobal,27,0.5085461984078089,0.67037034034729,0.6547619047619048,0.6760414700106703,0.5555555555555556,0.0,0.0,0.0,0.0,0.0,0.0,0.0,0.0,0.0,,,,,18473,global,0.4
3,4,lr1e-04_bs32_modL1_fusion16_fusionL1_fusionBN0_drop0p1__wd1e-04trmiss40_trlocglobal,32,0.0001,0.0001,1,16,1,False,0.1,lr1e-04_bs32_modL1_fusion16_fusionL1_fusionBN0_drop0p1__wd1e-04trmiss40_trlocglobal,28,0.508961503704389,0.674592137336731,0.6388888888888888,0.6606691807104228,0.5333333333333333,0.0,0.0,0.0,0.0,0.0,0.0,0.0,0.0,0.0,,,,,18473,global,0.4
3,4,lr1e-04_bs32_modL1_fusion16_fusionL1_fusionBN0_drop0p1__wd1e-04trmiss40_trlocglobal,32,0.0001,0.0001,1,16,1,False,0.1,lr1e-04_bs32_modL1_fusion16_fusionL1_fusionBN0_drop0p1__wd1e-04trmiss40_trlocglobal,29,0.5090492715438207,0.677186518907547,0.621031746031746,0.6460414267044616,0.5111111111111111,0.0,0.0,0.0,0.0,0.0,0.0,0.0,0.0,0.0,,,,,18473,global,0.4
3,4,lr1e-04_bs32_modL1_fusion16_fusionL1_fusionBN0_drop0p1__wd1e-04trmiss40_trlocglobal,32,0.0001,0.0001,1,16,1,False,0.1,lr1e-04_bs32_modL1_fusion16_fusionL1_fusionBN0_drop0p1__wd1e-04trmiss40_trlocglobal,30,0.4957767575979233,0.6748818755149841,0.625,0.6466531216378029,0.5333333333333333,0.0,0.0,0.0,0.0,0.0,0.0,0.0,0.0,0.0,,,,,18473,global,0.4
3,4,lr1e-04_bs32_modL1_fusion16_fusionL1_fusionBN0_drop0p1__wd1e-04trmiss40_trlocglobal,32,0.0001,0.0001,1,16,1,False,0.1,lr1e-04_bs32_modL1_fusion16_fusionL1_fusionBN0_drop0p1__wd1e-04trmiss40_trlocglobal,31,0.48524076243241626,0.6690987348556519,0.6567460317460317,0.6711076269827237,0.5333333333333333,0.0,0.0,0.0,0.0,0.0,0.0,0.0,0.0,0.0,,,,,18473,global,0.4
3,4,lr1e-04_bs32_modL1_fusion32_fusionL1_fusionBN0_drop0p2__wd1e-04trmiss40_trlocglobal,32,0.0001,0.0001,1,32,1,False,0.2,lr1e-04_bs32_modL1_fusion32_fusionL1_fusionBN0_drop0p2__wd1e-04trmiss40_trlocglobal,1,0.7146472235520681,0.6932794451713562,0.5,0.5518902554254164,0.5555555555555556,0.0,0.0,0.0,0.0,0.0,0.0,0.0,0.0,0.0,,,,,18473,global,0.4
3,4,lr1e-04_bs32_modL1_fusion32_fusionL1_fusionBN0_drop0p2__wd1e-04trmiss40_trlocglobal,32,0.0001,0.0001,1,32,1,False,0.2,lr1e-04_bs32_modL1_fusion32_fusionL1_fusionBN0_drop0p2__wd1e-04trmiss40_trlocglobal,2,0.6783686975638071,0.6884433329105377,0.5456349206349207,0.5953696304502447,0.5555555555555556,0.0,0.0,0.0,0.0,0.0,0.0,0.0,0.0,0.0,,,,,18473,global,0.4
3,4,lr1e-04_bs32_modL1_fusion32_fusionL1_fusionBN0_drop0p2__wd1e-04trmiss40_trlocglobal,32,0.0001,0.0001,1,32,1,False,0.2,lr1e-04_bs32_modL1_fusion32_fusionL1_fusionBN0_drop0p2__wd1e-04trmiss40_trlocglobal,3,0.6662138203779856,0.6833743155002594,0.5952380952380952,0.6299552963919405,0.6,0.0,0.0,0.0,0.0,0.0,0.0,0.0,0.0,0.0,,,,,18473,global,0.4
3,4,lr1e-04_bs32_modL1_fusion32_fusionL1_fusionBN0_drop0p2__wd1e-04trmiss40_trlocglobal,32,0.0001,0.0001,1,32,1,False,0.2,lr1e-04_bs32_modL1_fusion32_fusionL1_fusionBN0_drop0p2__wd1e-04trmiss40_trlocglobal,4,0.6576351324717203,0.6802254915237427,0.6309523809523809,0.6512319463016057,0.6222222222222222,0.0,0.0,0.0,0.0,0.0,0.0,0.0,0.0,0.0,,,,,18473,global,0.4
3,4,lr1e-04_bs32_modL1_fusion32_fusionL1_fusionBN0_drop0p2__wd1e-04trmiss40_trlocglobal,32,0.0001,0.0001,1,32,1,False,0.2,lr1e-04_bs32_modL1_fusion32_fusionL1_fusionBN0_drop0p2__wd1e-04trmiss40_trlocglobal,5,0.6450766026973724,0.6775607764720917,0.6448412698412699,0.6723986302277453,0.6222222222222222,0.0,0.0,0.0,0.0,0.0,0.0,0.0,0.0,0.0,,,,,18473,global,0.4
3,4,lr1e-04_bs32_modL1_fusion32_fusionL1_fusionBN0_drop0p2__wd1e-04trmiss40_trlocglobal,32,0.0001,0.0001,1,32,1,False,0.2,lr1e-04_bs32_modL1_fusion32_fusionL1_fusionBN0_drop0p2__wd1e-04trmiss40_trlocglobal,6,0.6410263081391653,0.6776323616504669,0.6309523809523809,0.6680031744678951,0.6,0.0,0.0,0.0,0.0,0.0,0.0,0.0,0.0,0.0,,,,,18473,global,0.4
3,4,lr1e-04_bs32_modL1_fusion32_fusionL1_fusionBN0_drop0p2__wd1e-04trmiss40_trlocglobal,32,0.0001,0.0001,1,32,1,False,0.2,lr1e-04_bs32_modL1_fusion32_fusionL1_fusionBN0_drop0p2__wd1e-04trmiss40_trlocglobal,7,0.6305411756038666,0.678493857383728,0.6150793650793651,0.6529817883619462,0.6,0.0,0.0,0.0,0.0,0.0,0.0,0.0,0.0,0.0,,,,,18473,global,0.4
3,4,lr1e-04_bs32_modL1_fusion32_fusionL1_fusionBN0_drop0p2__wd1e-04trmiss40_trlocglobal,32,0.0001,0.0001,1,32,1,False,0.2,lr1e-04_bs32_modL1_fusion32_fusionL1_fusionBN0_drop0p2__wd1e-04trmiss40_trlocglobal,8,0.613408366839091,0.6784892678260803,0.623015873015873,0.6775669547260201,0.5555555555555556,0.0,0.0,0.0,0.0,0.0,0.0,0.0,0.0,0.0,,,,,18473,global,0.4
3,4,lr1e-04_bs32_modL1_fusion32_fusionL1_fusionBN0_drop0p2__wd1e-04trmiss40_trlocglobal,32,0.0001,0.0001,1,32,1,False,0.2,lr1e-04_bs32_modL1_fusion32_fusionL1_fusionBN0_drop0p2__wd1e-04trmiss40_trlocglobal,9,0.6208315491676331,0.6764699220657349,0.6388888888888888,0.6987741422691391,0.5777777777777777,0.0,0.0,0.0,0.0,0.0,0.0,0.0,0.0,0.0,,,,,18473,global,0.4
3,4,lr1e-04_bs32_modL1_fusion32_fusionL1_fusionBN0_drop0p2__wd1e-04trmiss40_trlocglobal,32,0.0001,0.0001,1,32,1,False,0.2,lr1e-04_bs32_modL1_fusion32_fusionL1_fusionBN0_drop0p2__wd1e-04trmiss40_trlocglobal,10,0.607641190290451,0.6740622818470001,0.6527777777777778,0.7008409938646043,0.5777777777777777,0.0,0.0,0.0,0.0,0.0,0.0,0.0,0.0,0.0,,,,,18473,global,0.4
3,4,lr1e-04_bs32_modL1_fusion32_fusionL1_fusionBN0_drop0p2__wd1e-04trmiss40_trlocglobal,32,0.0001,0.0001,1,32,1,False,0.2,lr1e-04_bs32_modL1_fusion32_fusionL1_fusionBN0_drop0p2__wd1e-04trmiss40_trlocglobal,11,0.59953044851621,0.6715543270111084,0.6646825396825397,0.7113706727532747,0.6,0.0,0.0,0.0,0.0,0.0,0.0,0.0,0.0,0.0,,,,,18473,global,0.4
3,4,lr1e-04_bs32_modL1_fusion32_fusionL1_fusionBN0_drop0p2__wd1e-04trmiss40_trlocglobal,32,0.0001,0.0001,1,32,1,False,0.2,lr1e-04_bs32_modL1_fusion32_fusionL1_fusionBN0_drop0p2__wd1e-04trmiss40_trlocglobal,12,0.5965320964654287,0.6687275469303131,0.6944444444444445,0.7342860368853659,0.6222222222222222,0.0,0.0,0.0,0.0,0.0,0.0,0.0,0.0,0.0,,,,,18473,global,0.4
3,4,lr1e-04_bs32_modL1_fusion32_fusionL1_fusionBN0_drop0p2__wd1e-04trmiss40_trlocglobal,32,0.0001,0.0001,1,32,1,False,0.2,lr1e-04_bs32_modL1_fusion32_fusionL1_fusionBN0_drop0p2__wd1e-04trmiss40_trlocglobal,13,0.5861414670944214,0.6687983572483063,0.6904761904761905,0.7350964891502851,0.6222222222222222,0.0,0.0,0.0,0.0,0.0,0.0,0.0,0.0,0.0,,,,,18473,global,0.4
3,4,lr1e-04_bs32_modL1_fusion32_fusionL1_fusionBN0_drop0p2__wd1e-04trmiss40_trlocglobal,32,0.0001,0.0001,1,32,1,False,0.2,lr1e-04_bs32_modL1_fusion32_fusionL1_fusionBN0_drop0p2__wd1e-04trmiss40_trlocglobal,14,0.5787722071011862,0.6698525249958038,0.6646825396825397,0.7224926109694867,0.6444444444444445,0.0,0.0,0.0,0.0,0.0,0.0,0.0,0.0,0.0,,,,,18473,global,0.4
3,4,lr1e-04_bs32_modL1_fusion32_fusionL1_fusionBN0_drop0p2__wd1e-04trmiss40_trlocglobal,32,0.0001,0.0001,1,32,1,False,0.2,lr1e-04_bs32_modL1_fusion32_fusionL1_fusionBN0_drop0p2__wd1e-04trmiss40_trlocglobal,15,0.5800644755363464,0.6738614439964294,0.6369047619047619,0.7074522869256455,0.6444444444444445,0.0,0.0,0.0,0.0,0.0,0.0,0.0,0.0,0.0,,,,,18473,global,0.4
3,4,lr1e-04_bs32_modL1_fusion32_fusionL1_fusionBN0_drop0p2__wd1e-04trmiss40_trlocglobal,32,0.0001,0.0001,1,32,1,False,0.2,lr1e-04_bs32_modL1_fusion32_fusionL1_fusionBN0_drop0p2__wd1e-04trmiss40_trlocglobal,16,0.5838902791341146,0.6723621189594269,0.6190476190476191,0.6998587401123344,0.5777777777777777,0.0,0.0,0.0,0.0,0.0,0.0,0.0,0.0,0.0,,,,,18473,global,0.4
3,4,lr1e-04_bs32_modL1_fusion32_fusionL1_fusionBN0_drop0p2__wd1e-04trmiss40_trlocglobal,32,0.0001,0.0001,1,32,1,False,0.2,lr1e-04_bs32_modL1_fusion32_fusionL1_fusionBN0_drop0p2__wd1e-04trmiss40_trlocglobal,17,0.5642670392990112,0.6712942123413086,0.6190476190476191,0.7032439619775581,0.6,0.0,0.0,0.0,0.0,0.0,0.0,0.0,0.0,0.0,,,,,18473,global,0.4
3,4,lr1e-04_bs32_modL1_fusion32_fusionL1_fusionBN0_drop0p2__wd1e-04trmiss40_trlocglobal,32,0.0001,0.0001,1,32,1,False,0.2,lr1e-04_bs32_modL1_fusion32_fusionL1_fusionBN0_drop0p2__wd1e-04trmiss40_trlocglobal,18,0.5587312579154968,0.6677325665950775,0.636904761904762,0.7020117140312133,0.5777777777777777,0.0,0.0,0.0,0.0,0.0,0.0,0.0,0.0,0.0,,,,,18473,global,0.4
3,4,lr1e-04_bs32_modL1_fusion32_fusionL1_fusionBN0_drop0p2__wd1e-04trmiss40_trlocglobal,32,0.0001,0.0001,1,32,1,False,0.2,lr1e-04_bs32_modL1_fusion32_fusionL1_fusionBN0_drop0p2__wd1e-04trmiss40_trlocglobal,19,0.5553625524044037,0.6664494276046753,0.6488095238095237,0.7097507311902501,0.6,0.0,0.0,0.0,0.0,0.0,0.0,0.0,0.0,0.0,,,,,18473,global,0.4
3,4,lr1e-04_bs32_modL1_fusion32_fusionL1_fusionBN0_drop0p2__wd1e-04trmiss40_trlocglobal,32,0.0001,0.0001,1,32,1,False,0.2,lr1e-04_bs32_modL1_fusion32_fusionL1_fusionBN0_drop0p2__wd1e-04trmiss40_trlocglobal,20,0.5478714605172476,0.6667860746383667,0.6091269841269841,0.6951917556577236,0.5555555555555556,0.0,0.0,0.0,0.0,0.0,0.0,0.0,0.0,0.0,,,,,18473,global,0.4
3,4,lr1e-04_bs32_modL1_fusion32_fusionL1_fusionBN0_drop0p2__wd1e-04trmiss40_trlocglobal,32,0.0001,0.0001,1,32,1,False,0.2,lr1e-04_bs32_modL1_fusion32_fusionL1_fusionBN0_drop0p2__wd1e-04trmiss40_trlocglobal,21,0.5426703890164694,0.6692728400230408,0.5873015873015873,0.6792418627096719,0.5777777777777777,0.0,0.0,0.0,0.0,0.0,0.0,0.0,0.0,0.0,,,,,18473,global,0.4
3,4,lr1e-04_bs32_modL1_fusion32_fusionL1_fusionBN0_drop0p2__wd1e-04trmiss40_trlocglobal,32,0.0001,0.0001,1,32,1,False,0.2,lr1e-04_bs32_modL1_fusion32_fusionL1_fusionBN0_drop0p2__wd1e-04trmiss40_trlocglobal,22,0.5366493066151937,0.6689217984676361,0.6091269841269842,0.7052593371486615,0.5333333333333333,0.0,0.0,0.0,0.0,0.0,0.0,0.0,0.0,0.0,,,,,18473,global,0.4
3,4,lr1e-04_bs32_modL1_fusion32_fusionL1_fusionBN0_drop0p2__wd1e-04trmiss40_trlocglobal,32,0.0001,0.0001,1,32,1,False,0.2,lr1e-04_bs32_modL1_fusion32_fusionL1_fusionBN0_drop0p2__wd1e-04trmiss40_trlocglobal,23,0.5338154037793478,0.6684229671955109,0.6091269841269842,0.6934722483456497,0.6,0.0,0.0,0.0,0.0,0.0,0.0,0.0,0.0,0.0,,,,,18473,global,0.4
3,4,lr1e-04_bs32_modL1_fusion32_fusionL1_fusionBN0_drop0p2__wd1e-04trmiss40_trlocglobal,32,0.0001,0.0001,1,32,1,False,0.2,lr1e-04_bs32_modL1_fusion32_fusionL1_fusionBN0_drop0p2__wd1e-04trmiss40_trlocglobal,24,0.5300947825113932,0.6661393046379089,0.6329365079365079,0.7144616508441084,0.6222222222222222,0.0,0.0,0.0,0.0,0.0,0.0,0.0,0.0,0.0,,,,,18473,global,0.4
3,4,lr1e-04_bs32_modL1_fusion32_fusionL1_fusionBN0_drop0p2__wd1e-04trmiss40_trlocglobal,32,0.0001,0.0001,1,32,1,False,0.2,lr1e-04_bs32_modL1_fusion32_fusionL1_fusionBN0_drop0p2__wd1e-04trmiss40_trlocglobal,25,0.5087646543979645,0.6683460474014282,0.625,0.7186738786564804,0.5777777777777777,0.0,0.0,0.0,0.0,0.0,0.0,0.0,0.0,0.0,,,,,18473,global,0.4
3,4,lr1e-04_bs32_modL1_fusion32_fusionL1_fusionBN0_drop0p2__wd1e-04trmiss40_trlocglobal,32,0.0001,0.0001,1,32,1,False,0.2,lr1e-04_bs32_modL1_fusion32_fusionL1_fusionBN0_drop0p2__wd1e-04trmiss40_trlocglobal,26,0.5090024967988332,0.6678824424743652,0.6111111111111112,0.707439442372161,0.6,0.0,0.0,0.0,0.0,0.0,0.0,0.0,0.0,0.0,,,,,18473,global,0.4
3,4,lr1e-04_bs32_modL1_fusion32_fusionL1_fusionBN0_drop0p2__wd1e-04trmiss40_trlocglobal,32,0.0001,0.0001,1,32,1,False,0.2,lr1e-04_bs32_modL1_fusion32_fusionL1_fusionBN0_drop0p2__wd1e-04trmiss40_trlocglobal,27,0.5157270034154257,0.6682475805282593,0.6091269841269842,0.7022086477484195,0.5777777777777777,0.0,0.0,0.0,0.0,0.0,0.0,0.0,0.0,0.0,,,,,18473,global,0.4
3,4,lr1e-04_bs32_modL1_fusion32_fusionL1_fusionBN0_drop0p2__wd1e-04trmiss40_trlocglobal,32,0.0001,0.0001,1,32,1,False,0.2,lr1e-04_bs32_modL1_fusion32_fusionL1_fusionBN0_drop0p2__wd1e-04trmiss40_trlocglobal,28,0.4982643475135167,0.6698149144649506,0.5972222222222222,0.6930336752765516,0.5777777777777777,0.0,0.0,0.0,0.0,0.0,0.0,0.0,0.0,0.0,,,,,18473,global,0.4
3,4,lr1e-04_bs32_modL1_fusion32_fusionL1_fusionBN0_drop0p2__wd1e-04trmiss40_trlocglobal,32,0.0001,0.0001,1,32,1,False,0.2,lr1e-04_bs32_modL1_fusion32_fusionL1_fusionBN0_drop0p2__wd1e-04trmiss40_trlocglobal,29,0.4986383020877838,0.6715883016586304,0.5972222222222222,0.6936511203778656,0.5777777777777777,0.0,0.0,0.0,0.0,0.0,0.0,0.0,0.0,0.0,,,,,18473,global,0.4
3,4,lr1e-04_bs32_modL1_fusion32_fusionL1_fusionBN0_drop0p2__wd1e-04trmiss40_trlocglobal,32,0.0001,0.0001,1,32,1,False,0.2,lr1e-04_bs32_modL1_fusion32_fusionL1_fusionBN0_drop0p2__wd1e-04trmiss40_trlocglobal,30,0.4829162210226059,0.6692790985107422,0.6011904761904762,0.6891217139566854,0.5777777777777777,0.0,0.0,0.0,0.0,0.0,0.0,0.0,0.0,0.0,,,,,18473,global,0.4
3,4,lr1e-04_bs32_modL1_fusion32_fusionL1_fusionBN0_drop0p2__wd1e-04trmiss40_trlocglobal,32,0.0001,0.0001,1,32,1,False,0.2,lr1e-04_bs32_modL1_fusion32_fusionL1_fusionBN0_drop0p2__wd1e-04trmiss40_trlocglobal,31,0.48166662951310474,0.668598860502243,0.6130952380952381,0.6808584110501984,0.5777777777777777,0.0,0.0,0.0,0.0,0.0,0.0,0.0,0.0,0.0,,,,,18473,global,0.4
3,4,lr1e-04_bs32_modL1_fusion32_fusionL1_fusionBN0_drop0p2__wd1e-04trmiss40_trlocglobal,32,0.0001,0.0001,1,32,1,False,0.2,lr1e-04_bs32_modL1_fusion32_fusionL1_fusionBN0_drop0p2__wd1e-04trmiss40_trlocglobal,32,0.47964759667714435,0.67099329829216,0.6071428571428572,0.6885237025504993,0.5555555555555556,0.0,0.0,0.0,0.0,0.0,0.0,0.0,0.0,0.0,,,,,18473,global,0.4
3,4,lr1e-04_bs32_modL1_fusion32_fusionL1_fusionBN0_drop0p1__wd1e-04trmiss40_trlocglobal,32,0.0001,0.0001,1,32,1,False,0.1,lr1e-04_bs32_modL1_fusion32_fusionL1_fusionBN0_drop0p1__wd1e-04trmiss40_trlocglobal,1,0.6959865490595499,0.7055461704730988,0.45436507936507936,0.5312927470251024,0.37777777777777777,0.0,0.0,0.0,0.0,0.0,0.0,0.0,0.0,0.0,,,,,18473,global,0.4
3,4,lr1e-04_bs32_modL1_fusion32_fusionL1_fusionBN0_drop0p1__wd1e-04trmiss40_trlocglobal,32,0.0001,0.0001,1,32,1,False,0.1,lr1e-04_bs32_modL1_fusion32_fusionL1_fusionBN0_drop0p1__wd1e-04trmiss40_trlocglobal,2,0.6751209696133932,0.7123498320579529,0.4444444444444445,0.5151120683633638,0.4666666666666667,0.0,0.0,0.0,0.0,0.0,0.0,0.0,0.0,0.0,,,,,18473,global,0.4
3,4,lr1e-04_bs32_modL1_fusion32_fusionL1_fusionBN0_drop0p1__wd1e-04trmiss40_trlocglobal,32,0.0001,0.0001,1,32,1,False,0.1,lr1e-04_bs32_modL1_fusion32_fusionL1_fusionBN0_drop0p1__wd1e-04trmiss40_trlocglobal,3,0.6622384488582611,0.7152312994003296,0.44246031746031755,0.5152913515499613,0.5111111111111111,0.0,0.0,0.0,0.0,0.0,0.0,0.0,0.0,0.0,,,,,18473,global,0.4
3,4,lr1e-04_bs32_modL1_fusion32_fusionL1_fusionBN0_drop0p1__wd1e-04trmiss40_trlocglobal,32,0.0001,0.0001,1,32,1,False,0.1,lr1e-04_bs32_modL1_fusion32_fusionL1_fusionBN0_drop0p1__wd1e-04trmiss40_trlocglobal,4,0.6418708761533102,0.7163859903812408,0.4543650793650794,0.517816875671693,0.5555555555555556,0.0,0.0,0.0,0.0,0.0,0.0,0.0,0.0,0.0,,,,,18473,global,0.4
3,4,lr1e-04_bs32_modL1_fusion32_fusionL1_fusionBN0_drop0p1__wd1e-04trmiss40_trlocglobal,32,0.0001,0.0001,1,32,1,False,0.1,lr1e-04_bs32_modL1_fusion32_fusionL1_fusionBN0_drop0p1__wd1e-04trmiss40_trlocglobal,5,0.6363643209139506,0.7169178128242493,0.45238095238095244,0.5171712779199743,0.5555555555555556,0.0,0.0,0.0,0.0,0.0,0.0,0.0,0.0,0.0,,,,,18473,global,0.4
3,4,lr1e-04_bs32_modL1_fusion32_fusionL1_fusionBN0_drop0p1__wd1e-04trmiss40_trlocglobal,32,0.0001,0.0001,1,32,1,False,0.1,lr1e-04_bs32_modL1_fusion32_fusionL1_fusionBN0_drop0p1__wd1e-04trmiss40_trlocglobal,6,0.6169085800647736,0.7176117897033691,0.45238095238095244,0.5169523898174544,0.5555555555555556,0.0,0.0,0.0,0.0,0.0,0.0,0.0,0.0,0.0,,,,,18473,global,0.4
3,4,lr1e-04_bs32_modL1_fusion32_fusionL1_fusionBN0_drop0p1__wd1e-04trmiss40_trlocglobal,32,0.0001,0.0001,1,32,1,False,0.1,lr1e-04_bs32_modL1_fusion32_fusionL1_fusionBN0_drop0p1__wd1e-04trmiss40_trlocglobal,7,0.6166365345319113,0.7198850214481354,0.45238095238095244,0.5168452161808691,0.5333333333333333,0.0,0.0,0.0,0.0,0.0,0.0,0.0,0.0,0.0,,,,,18473,global,0.4
3,4,lr1e-04_bs32_modL1_fusion32_fusionL1_fusionBN0_drop0p1__wd1e-04trmiss40_trlocglobal,32,0.0001,0.0001,1,32,1,False,0.1,lr1e-04_bs32_modL1_fusion32_fusionL1_fusionBN0_drop0p1__wd1e-04trmiss40_trlocglobal,8,0.6083636482556661,0.7229766249656677,0.4722222222222222,0.5225601191403164,0.5111111111111111,0.0,0.0,0.0,0.0,0.0,0.0,0.0,0.0,0.0,,,,,18473,global,0.4
3,4,lr1e-04_bs32_modL1_fusion32_fusionL1_fusionBN0_drop0p1__wd1e-04trmiss40_trlocglobal,32,0.0001,0.0001,1,32,1,False,0.1,lr1e-04_bs32_modL1_fusion32_fusionL1_fusionBN0_drop0p1__wd1e-04trmiss40_trlocglobal,9,0.5954035123189291,0.7208381593227386,0.47420634920634924,0.5190504087348259,0.5333333333333333,0.0,0.0,0.0,0.0,0.0,0.0,0.0,0.0,0.0,,,,,18473,global,0.4
3,4,lr1e-04_bs32_modL1_fusion32_fusionL1_fusionBN0_drop0p1__wd1e-04trmiss40_trlocglobal,32,0.0001,0.0001,1,32,1,False,0.1,lr1e-04_bs32_modL1_fusion32_fusionL1_fusionBN0_drop0p1__wd1e-04trmiss40_trlocglobal,10,0.5942962865034739,0.7211690843105316,0.48809523809523814,0.5234063043097601,0.5111111111111111,0.0,0.0,0.0,0.0,0.0,0.0,0.0,0.0,0.0,,,,,18473,global,0.4
3,4,lr1e-04_bs32_modL1_fusion32_fusionL1_fusionBN0_drop0p1__wd1e-04trmiss40_trlocglobal,32,0.0001,0.0001,1,32,1,False,0.1,lr1e-04_bs32_modL1_fusion32_fusionL1_fusionBN0_drop0p1__wd1e-04trmiss40_trlocglobal,11,0.5812774101893107,0.7211752533912659,0.4920634920634921,0.5242492370305952,0.5111111111111111,0.0,0.0,0.0,0.0,0.0,0.0,0.0,0.0,0.0,,,,,18473,global,0.4
3,4,lr1e-04_bs32_modL1_fusion32_fusionL1_fusionBN0_drop0p1__wd1e-04trmiss40_trlocglobal,32,0.0001,0.0001,1,32,1,False,0.1,lr1e-04_bs32_modL1_fusion32_fusionL1_fusionBN0_drop0p1__wd1e-04trmiss40_trlocglobal,12,0.5779106716314951,0.7183939218521118,0.501984126984127,0.5396574175703548,0.5333333333333333,0.0,0.0,0.0,0.0,0.0,0.0,0.0,0.0,0.0,,,,,18473,global,0.4
3,4,lr1e-04_bs32_modL1_fusion32_fusionL1_fusionBN0_drop0p1__wd1e-04trmiss40_trlocglobal,32,0.0001,0.0001,1,32,1,False,0.1,lr1e-04_bs32_modL1_fusion32_fusionL1_fusionBN0_drop0p1__wd1e-04trmiss40_trlocglobal,13,0.5667504767576853,0.7202906906604767,0.4861111111111111,0.5326354652976971,0.5333333333333333,0.0,0.0,0.0,0.0,0.0,0.0,0.0,0.0,0.0,,,,,18473,global,0.4
3,4,lr1e-04_bs32_modL1_fusion32_fusionL1_fusionBN0_drop0p1__wd1e-04trmiss40_trlocglobal,32,0.0001,0.0001,1,32,1,False,0.1,lr1e-04_bs32_modL1_fusion32_fusionL1_fusionBN0_drop0p1__wd1e-04trmiss40_trlocglobal,14,0.5606966316699982,0.7228586077690125,0.49603174603174605,0.5442458093186731,0.5111111111111111,0.0,0.0,0.0,0.0,0.0,0.0,0.0,0.0,0.0,,,,,18473,global,0.4
3,4,lr1e-04_bs32_modL1_fusion32_fusionL1_fusionBN0_drop0p1__wd1e-04trmiss40_trlocglobal,32,0.0001,0.0001,1,32,1,False,0.1,lr1e-04_bs32_modL1_fusion32_fusionL1_fusionBN0_drop0p1__wd1e-04trmiss40_trlocglobal,15,0.5518938799699148,0.7227673530578613,0.503968253968254,0.5464289687428902,0.5555555555555556,0.0,0.0,0.0,0.0,0.0,0.0,0.0,0.0,0.0,,,,,18473,global,0.4
3,4,lr1e-04_bs32_modL1_fusion32_fusionL1_fusionBN0_drop0p1__wd1e-04trmiss40_trlocglobal,32,0.0001,0.0001,1,32,1,False,0.1,lr1e-04_bs32_modL1_fusion32_fusionL1_fusionBN0_drop0p1__wd1e-04trmiss40_trlocglobal,16,0.5466872453689575,0.7249749898910522,0.5099206349206349,0.5471130875176419,0.5333333333333333,0.0,0.0,0.0,0.0,0.0,0.0,0.0,0.0,0.0,,,,,18473,global,0.4
3,4,lr1e-04_bs32_modL1_fusion32_fusionL1_fusionBN0_drop0p1__wd1e-04trmiss40_trlocglobal,32,0.0001,0.0001,1,32,1,False,0.1,lr1e-04_bs32_modL1_fusion32_fusionL1_fusionBN0_drop0p1__wd1e-04trmiss40_trlocglobal,17,0.5355575184027354,0.7268214225769043,0.49404761904761896,0.5458556019327141,0.4666666666666667,0.0,0.0,0.0,0.0,0.0,0.0,0.0,0.0,0.0,,,,,18473,global,0.4
3,4,lr1e-04_bs32_modL1_fusion32_fusionL1_fusionBN0_drop0p1__wd1e-04trmiss40_trlocglobal,32,0.0001,0.0001,1,32,1,False,0.1,lr1e-04_bs32_modL1_fusion32_fusionL1_fusionBN0_drop0p1__wd1e-04trmiss40_trlocglobal,18,0.5303577780723572,0.7202736735343933,0.503968253968254,0.5508538517866898,0.4888888888888889,0.0,0.0,0.0,0.0,0.0,0.0,0.0,0.0,0.0,,,,,18473,global,0.4
3,4,lr1e-04_bs32_modL1_fusion32_fusionL1_fusionBN0_drop0p1__wd1e-04trmiss40_trlocglobal,32,0.0001,0.0001,1,32,1,False,0.1,lr1e-04_bs32_modL1_fusion32_fusionL1_fusionBN0_drop0p1__wd1e-04trmiss40_trlocglobal,19,0.5198910534381866,0.7167851626873016,0.501984126984127,0.5565359493550173,0.5333333333333333,0.0,0.0,0.0,0.0,0.0,0.0,0.0,0.0,0.0,,,,,18473,global,0.4
3,4,lr1e-04_bs32_modL1_fusion32_fusionL1_fusionBN0_drop0p1__wd1e-04trmiss40_trlocglobal,32,0.0001,0.0001,1,32,1,False,0.1,lr1e-04_bs32_modL1_fusion32_fusionL1_fusionBN0_drop0p1__wd1e-04trmiss40_trlocglobal,20,0.518771360317866,0.7124563753604889,0.5198412698412699,0.57406905503687,0.5333333333333333,0.0,0.0,0.0,0.0,0.0,0.0,0.0,0.0,0.0,,,,,18473,global,0.4
3,4,lr1e-04_bs32_modL1_fusion32_fusionL1_fusionBN0_drop0p1__wd1e-04trmiss40_trlocglobal,32,0.0001,0.0001,1,32,1,False,0.1,lr1e-04_bs32_modL1_fusion32_fusionL1_fusionBN0_drop0p1__wd1e-04trmiss40_trlocglobal,21,0.5078084419171015,0.7117612659931183,0.5138888888888888,0.5735581949776816,0.4444444444444444,0.0,0.0,0.0,0.0,0.0,0.0,0.0,0.0,0.0,,,,,18473,global,0.4
3,4,lr1e-04_bs32_modL1_fusion32_fusionL1_fusionBN0_drop0p1__wd1e-04trmiss40_trlocglobal,32,0.0001,0.0001,1,32,1,False,0.1,lr1e-04_bs32_modL1_fusion32_fusionL1_fusionBN0_drop0p1__wd1e-04trmiss40_trlocglobal,22,0.5025724321603775,0.7184440493583679,0.5079365079365079,0.5665283790462776,0.4222222222222222,0.0,0.0,0.0,0.0,0.0,0.0,0.0,0.0,0.0,,,,,18473,global,0.4
3,4,lr1e-04_bs32_modL1_fusion32_fusionL1_fusionBN0_drop0p1__wd1e-04trmiss40_trlocglobal,32,0.0001,0.0001,1,32,1,False,0.1,lr1e-04_bs32_modL1_fusion32_fusionL1_fusionBN0_drop0p1__wd1e-04trmiss40_trlocglobal,23,0.4987872789303462,0.7272529304027557,0.48214285714285715,0.5558290481564828,0.4444444444444444,0.0,0.0,0.0,0.0,0.0,0.0,0.0,0.0,0.0,,,,,18473,global,0.4
3,4,lr1e-04_bs32_modL1_fusion32_fusionL1_fusionBN0_drop0p1__wd1e-04trmiss40_trlocglobal,32,0.0001,0.0001,1,32,1,False,0.1,lr1e-04_bs32_modL1_fusion32_fusionL1_fusionBN0_drop0p1__wd1e-04trmiss40_trlocglobal,24,0.4865090350310008,0.7290654480457306,0.48809523809523814,0.5599454958040133,0.4888888888888889,0.0,0.0,0.0,0.0,0.0,0.0,0.0,0.0,0.0,,,,,18473,global,0.4
3,4,lr1e-04_bs32_modL1_fusion32_fusionL1_fusionBN0_drop0p1__wd1e-04trmiss40_trlocglobal,32,0.0001,0.0001,1,32,1,False,0.1,lr1e-04_bs32_modL1_fusion32_fusionL1_fusionBN0_drop0p1__wd1e-04trmiss40_trlocglobal,25,0.4790131102005641,0.7210658192634583,0.5079365079365079,0.5735827984516342,0.4666666666666667,0.0,0.0,0.0,0.0,0.0,0.0,0.0,0.0,0.0,,,,,18473,global,0.4
3,4,lr1e-04_bs32_modL1_fusion32_fusionL1_fusionBN0_drop0p1__wd1e-04trmiss40_trlocglobal,32,0.0001,0.0001,1,32,1,False,0.1,lr1e-04_bs32_modL1_fusion32_fusionL1_fusionBN0_drop0p1__wd1e-04trmiss40_trlocglobal,26,0.47261048356692,0.7207104563713074,0.5138888888888888,0.5704957919332809,0.4666666666666667,0.0,0.0,0.0,0.0,0.0,0.0,0.0,0.0,0.0,,,,,18473,global,0.4
3,4,lr1e-04_bs32_modL1_fusion32_fusionL1_fusionBN0_drop0p1__wd1e-04trmiss40_trlocglobal,32,0.0001,0.0001,1,32,1,False,0.1,lr1e-04_bs32_modL1_fusion32_fusionL1_fusionBN0_drop0p1__wd1e-04trmiss40_trlocglobal,27,0.4645998428265254,0.7240415811538696,0.5317460317460317,0.5802614702947587,0.5111111111111111,0.0,0.0,0.0,0.0,0.0,0.0,0.0,0.0,0.0,,,,,18473,global,0.4
3,4,lr1e-04_bs32_modL1_fusion32_fusionL1_fusionBN0_drop0p1__wd1e-04trmiss40_trlocglobal,32,0.0001,0.0001,1,32,1,False,0.1,lr1e-04_bs32_modL1_fusion32_fusionL1_fusionBN0_drop0p1__wd1e-04trmiss40_trlocglobal,28,0.4639658182859421,0.7255355417728424,0.5138888888888888,0.5750167603764185,0.4666666666666667,0.0,0.0,0.0,0.0,0.0,0.0,0.0,0.0,0.0,,,,,18473,global,0.4
3,4,lr1e-04_bs32_modL1_fusion32_fusionL1_fusionBN0_drop0p1__wd1e-04trmiss40_trlocglobal,32,0.0001,0.0001,1,32,1,False,0.1,lr1e-04_bs32_modL1_fusion32_fusionL1_fusionBN0_drop0p1__wd1e-04trmiss40_trlocglobal,29,0.4552456885576248,0.7234000563621521,0.5079365079365079,0.5697325246506397,0.4888888888888889,0.0,0.0,0.0,0.0,0.0,0.0,0.0,0.0,0.0,,,,,18473,global,0.4
3,4,lr1e-04_bs32_modL1_fusion32_fusionL1_fusionBN0_drop0p1__wd1e-04trmiss40_trlocglobal,32,0.0001,0.0001,1,32,1,False,0.1,lr1e-04_bs32_modL1_fusion32_fusionL1_fusionBN0_drop0p1__wd1e-04trmiss40_trlocglobal,30,0.4469544142484665,0.721147209405899,0.5337301587301587,0.5870615388594773,0.5111111111111111,0.0,0.0,0.0,0.0,0.0,0.0,0.0,0.0,0.0,,,,,18473,global,0.4
3,4,lr1e-04_bs32_modL1_fusion32_fusionL1_fusionBN0_drop0p1__wd1e-04trmiss40_trlocglobal,32,0.0001,0.0001,1,32,1,False,0.1,lr1e-04_bs32_modL1_fusion32_fusionL1_fusionBN0_drop0p1__wd1e-04trmiss40_trlocglobal,31,0.43693604071935016,0.725565642118454,0.5178571428571429,0.5841732341416449,0.4666666666666667,0.0,0.0,0.0,0.0,0.0,0.0,0.0,0.0,0.0,,,,,18473,global,0.4
3,4,lr1e-04_bs32_modL1_fusion32_fusionL1_fusionBN0_drop0p1__wd1e-04trmiss40_trlocglobal,32,0.0001,0.0001,1,32,1,False,0.1,lr1e-04_bs32_modL1_fusion32_fusionL1_fusionBN0_drop0p1__wd1e-04trmiss40_trlocglobal,32,0.4367371102174123,0.7316935360431671,0.5079365079365079,0.5707696622116885,0.4888888888888889,0.0,0.0,0.0,0.0,0.0,0.0,0.0,0.0,0.0,,,,,18473,global,0.4
3,4,lr1e-04_bs32_modL1_fusion32_fusionL1_fusionBN0_drop0p1__wd1e-04trmiss40_trlocglobal,32,0.0001,0.0001,1,32,1,False,0.1,lr1e-04_bs32_modL1_fusion32_fusionL1_fusionBN0_drop0p1__wd1e-04trmiss40_trlocglobal,33,0.4241972366968791,0.7355290055274963,0.49404761904761907,0.5591784184395923,0.4666666666666667,0.0,0.0,0.0,0.0,0.0,0.0,0.0,0.0,0.0,,,,,18473,global,0.4
3,4,lr1e-04_bs32_modL1_fusion32_fusionL1_fusionBN0_drop0p1__wd1e-04trmiss40_trlocglobal,32,0.0001,0.0001,1,32,1,False,0.1,lr1e-04_bs32_modL1_fusion32_fusionL1_fusionBN0_drop0p1__wd1e-04trmiss40_trlocglobal,34,0.42303985853989917,0.7295216917991638,0.5317460317460317,0.5808038559745716,0.4666666666666667,0.0,0.0,0.0,0.0,0.0,0.0,0.0,0.0,0.0,,,,,18473,global,0.4
3,4,lr1e-04_bs32_modL1_fusion32_fusionL1_fusionBN0_drop0p1__wd1e-04trmiss40_trlocglobal,32,0.0001,0.0001,1,32,1,False,0.1,lr1e-04_bs32_modL1_fusion32_fusionL1_fusionBN0_drop0p1__wd1e-04trmiss40_trlocglobal,35,0.41310430069764453,0.728683590888977,0.5158730158730158,0.5659910702751274,0.4888888888888889,0.0,0.0,0.0,0.0,0.0,0.0,0.0,0.0,0.0,,,,,18473,global,0.4
3,4,lr1e-04_bs32_modL1_fusion32_fusionL1_fusionBN0_drop0p1__wd1e-04trmiss40_trlocglobal,32,0.0001,0.0001,1,32,1,False,0.1,lr1e-04_bs32_modL1_fusion32_fusionL1_fusionBN0_drop0p1__wd1e-04trmiss40_trlocglobal,36,0.4062391171852748,0.7258251309394836,0.5357142857142858,0.5792601242894507,0.5333333333333333,0.0,0.0,0.0,0.0,0.0,0.0,0.0,0.0,0.0,,,,,18473,global,0.4
3,4,lr1e-04_bs32_modL1_fusion32_fusionL1_fusionBN0_drop0p1__wd1e-04trmiss40_trlocglobal,32,0.0001,0.0001,1,32,1,False,0.1,lr1e-04_bs32_modL1_fusion32_fusionL1_fusionBN0_drop0p1__wd1e-04trmiss40_trlocglobal,37,0.41084099809328717,0.7314604818820953,0.5198412698412698,0.5670600227027754,0.4888888888888889,0.0,0.0,0.0,0.0,0.0,0.0,0.0,0.0,0.0,,,,,18473,global,0.4
3,4,lr1e-04_bs32_modL1_fusion32_fusionL1_fusionBN0_drop0p1__wd1e-04trmiss40_trlocglobal,32,0.0001,0.0001,1,32,1,False,0.1,lr1e-04_bs32_modL1_fusion32_fusionL1_fusionBN0_drop0p1__wd1e-04trmiss40_trlocglobal,38,0.40153315166632336,0.7361482679843903,0.5138888888888888,0.5702699890254869,0.4666666666666667,0.0,0.0,0.0,0.0,0.0,0.0,0.0,0.0,0.0,,,,,18473,global,0.4
3,4,lr1e-04_bs32_modL1_fusion32_fusionL1_fusionBN0_drop0p1__wd1e-04trmiss40_trlocglobal,32,0.0001,0.0001,1,32,1,False,0.1,lr1e-04_bs32_modL1_fusion32_fusionL1_fusionBN0_drop0p1__wd1e-04trmiss40_trlocglobal,39,0.3967677652835846,0.7370861768722534,0.5158730158730158,0.5646508556457757,0.4666666666666667,0.0,0.0,0.0,0.0,0.0,0.0,0.0,0.0,0.0,,,,,18473,global,0.4
3,4,lr1e-04_bs32_modL1_fusion32_fusionL1_fusionBN0_drop0p1__wd1e-04trmiss40_trlocglobal,32,0.0001,0.0001,1,32,1,False,0.1,lr1e-04_bs32_modL1_fusion32_fusionL1_fusionBN0_drop0p1__wd1e-04trmiss40_trlocglobal,40,0.3803514788548152,0.7349482476711273,0.5158730158730158,0.5650900769183302,0.4666666666666667,0.0,0.0,0.0,0.0,0.0,0.0,0.0,0.0,0.0,,,,,18473,global,0.4
3,4,lr1e-04_bs32_modL1_fusion32_fusionL1_fusionBN0_drop0p1__wd1e-04trmiss40_trlocglobal,32,0.0001,0.0001,1,32,1,False,0.1,lr1e-04_bs32_modL1_fusion32_fusionL1_fusionBN0_drop0p1__wd1e-04trmiss40_trlocglobal,41,0.38393926123778027,0.7360737323760986,0.5238095238095237,0.570634310971196,0.5111111111111111,0.0,0.0,0.0,0.0,0.0,0.0,0.0,0.0,0.0,,,,,18473,global,0.4
3,4,lr1e-04_bs32_modL1_fusion32_fusionL1_fusionBN0_drop0p1__wd1e-04trmiss40_trlocglobal,32,0.0001,0.0001,1,32,1,False,0.1,lr1e-04_bs32_modL1_fusion32_fusionL1_fusionBN0_drop0p1__wd1e-04trmiss40_trlocglobal,42,0.38539066910743713,0.7383460998535156,0.5277777777777777,0.5721026547189515,0.4666666666666667,0.0,0.0,0.0,0.0,0.0,0.0,0.0,0.0,0.0,,,,,18473,global,0.4
3,4,lr1e-04_bs32_modL1_fusion32_fusionL1_fusionBN0_drop0p1__wd1e-04trmiss40_trlocglobal,32,0.0001,0.0001,1,32,1,False,0.1,lr1e-04_bs32_modL1_fusion32_fusionL1_fusionBN0_drop0p1__wd1e-04trmiss40_trlocglobal,43,0.37428345779577893,0.740012913942337,0.5277777777777778,0.5643769721770925,0.4888888888888889,0.0,0.0,0.0,0.0,0.0,0.0,0.0,0.0,0.0,,,,,18473,global,0.4
3,4,lr1e-04_bs32_modL1_fusion32_fusionL1_fusionBN0_drop0p1__wd1e-04trmiss40_trlocglobal,32,0.0001,0.0001,1,32,1,False,0.1,lr1e-04_bs32_modL1_fusion32_fusionL1_fusionBN0_drop0p1__wd1e-04trmiss40_trlocglobal,44,0.37591902414957684,0.7390737533569336,0.5218253968253967,0.5630856878894847,0.5111111111111111,0.0,0.0,0.0,0.0,0.0,0.0,0.0,0.0,0.0,,,,,18473,global,0.4
3,4,lr1e-04_bs32_modL1_fusion32_fusionL1_fusionBN0_drop0p1__wd1e-04trmiss40_trlocglobal,32,0.0001,0.0001,1,32,1,False,0.1,lr1e-04_bs32_modL1_fusion32_fusionL1_fusionBN0_drop0p1__wd1e-04trmiss40_trlocglobal,45,0.36150691906611127,0.7387646734714508,0.5178571428571429,0.561816787707541,0.5111111111111111,0.0,0.0,0.0,0.0,0.0,0.0,0.0,0.0,0.0,,,,,18473,global,0.4
3,4,lr1e-04_bs32_modL1_fusion32_fusionL1_fusionBN0_drop0p1__wd1e-04trmiss40_trlocglobal,32,0.0001,0.0001,1,32,1,False,0.1,lr1e-04_bs32_modL1_fusion32_fusionL1_fusionBN0_drop0p1__wd1e-04trmiss40_trlocglobal,46,0.36563916007677716,0.7397295236587524,0.5218253968253969,0.5656320284851282,0.4888888888888889,0.0,0.0,0.0,0.0,0.0,0.0,0.0,0.0,0.0,,,,,18473,global,0.4
3,4,lr1e-04_bs32_modL1_fusion32_fusionL1_fusionBN0_drop0p1__wd1e-04trmiss40_trlocglobal,32,0.0001,0.0001,1,32,1,False,0.1,lr1e-04_bs32_modL1_fusion32_fusionL1_fusionBN0_drop0p1__wd1e-04trmiss40_trlocglobal,47,0.36339471737543744,0.7401790916919708,0.5218253968253967,0.5627054411835408,0.5111111111111111,0.0,0.0,0.0,0.0,0.0,0.0,0.0,0.0,0.0,,,,,18473,global,0.4
3,4,lr1e-04_bs32_modL1_fusion32_fusionL1_fusionBN0_drop0p1__wd1e-04trmiss40_trlocglobal,32,0.0001,0.0001,1,32,1,False,0.1,lr1e-04_bs32_modL1_fusion32_fusionL1_fusionBN0_drop0p1__wd1e-04trmiss40_trlocglobal,48,0.36426196495691937,0.7422806322574615,0.5238095238095238,0.5675665250976111,0.5333333333333333,0.0,0.0,0.0,0.0,0.0,0.0,0.0,0.0,0.0,,,,,18473,global,0.4
3,4,lr1e-04_bs32_modL1_fusion32_fusionL1_fusionBN0_drop0p1__wd1e-04trmiss40_trlocglobal,32,0.0001,0.0001,1,32,1,False,0.1,lr1e-04_bs32_modL1_fusion32_fusionL1_fusionBN0_drop0p1__wd1e-04trmiss40_trlocglobal,49,0.3535124311844508,0.7409639060497284,0.5337301587301587,0.579436690392699,0.5555555555555556,0.0,0.0,0.0,0.0,0.0,0.0,0.0,0.0,0.0,,,,,18473,global,0.4
3,4,lr1e-04_bs32_modL1_fusion32_fusionL1_fusionBN0_drop0p1__wd1e-04trmiss40_trlocglobal,32,0.0001,0.0001,1,32,1,False,0.1,lr1e-04_bs32_modL1_fusion32_fusionL1_fusionBN0_drop0p1__wd1e-04trmiss40_trlocglobal,50,0.34483019014199573,0.7380672991275787,0.5396825396825398,0.5790089344395807,0.5555555555555556,0.0,0.0,0.0,0.0,0.0,0.0,0.0,0.0,0.0,,,,,18473,global,0.4
3,4,lr1e-04_bs32_modL1_fusion32_fusionL1_fusionBN0_drop0p1__wd1e-04trmiss40_trlocglobal,32,0.0001,0.0001,1,32,1,False,0.1,lr1e-04_bs32_modL1_fusion32_fusionL1_fusionBN0_drop0p1__wd1e-04trmiss40_trlocglobal,51,0.34726835290590924,0.7414308786392212,0.5357142857142858,0.5764287101602928,0.5555555555555556,0.0,0.0,0.0,0.0,0.0,0.0,0.0,0.0,0.0,,,,,18473,global,0.4
3,4,lr1e-04_bs32_modL1_fusion32_fusionL1_fusionBN0_drop0p1__wd1e-04trmiss40_trlocglobal,32,0.0001,0.0001,1,32,1,False,0.1,lr1e-04_bs32_modL1_fusion32_fusionL1_fusionBN0_drop0p1__wd1e-04trmiss40_trlocglobal,52,0.3479718118906021,0.7393578588962555,0.5436507936507937,0.5785256506750833,0.5777777777777777,0.0,0.0,0.0,0.0,0.0,0.0,0.0,0.0,0.0,,,,,18473,global,0.4
3,4,lr1e-04_bs32_modL1_fusion32_fusionL1_fusionBN0_drop0p1__wd1e-04trmiss40_trlocglobal,32,0.0001,0.0001,1,32,1,False,0.1,lr1e-04_bs32_modL1_fusion32_fusionL1_fusionBN0_drop0p1__wd1e-04trmiss40_trlocglobal,53,0.34397336343924206,0.7402519583702087,0.5595238095238095,0.5896032486674734,0.6,0.0,0.0,0.0,0.0,0.0,0.0,0.0,0.0,0.0,,,,,18473,global,0.4
3,4,lr1e-04_bs32_modL1_fusion32_fusionL1_fusionBN0_drop0p1__wd1e-04trmiss40_trlocglobal,32,0.0001,0.0001,1,32,1,False,0.1,lr1e-04_bs32_modL1_fusion32_fusionL1_fusionBN0_drop0p1__wd1e-04trmiss40_trlocglobal,54,0.3483198384443919,0.7410680055618286,0.5555555555555556,0.5849588101811231,0.6,0.0,0.0,0.0,0.0,0.0,0.0,0.0,0.0,0.0,,,,,18473,global,0.4
3,4,lr1e-04_bs32_modL1_fusion32_fusionL1_fusionBN0_drop0p1__wd1e-04trmiss40_trlocglobal,32,0.0001,0.0001,1,32,1,False,0.1,lr1e-04_bs32_modL1_fusion32_fusionL1_fusionBN0_drop0p1__wd1e-04trmiss40_trlocglobal,55,0.33151499927043915,0.7451556921005249,0.5476190476190477,0.5771073071090319,0.5777777777777777,0.0,0.0,0.0,0.0,0.0,0.0,0.0,0.0,0.0,,,,,18473,global,0.4
3,4,lr1e-04_bs32_modL1_fusion32_fusionL1_fusionBN0_drop0p1__wd1e-04trmiss40_trlocglobal,32,0.0001,0.0001,1,32,1,False,0.1,lr1e-04_bs32_modL1_fusion32_fusionL1_fusionBN0_drop0p1__wd1e-04trmiss40_trlocglobal,56,0.3328571965297063,0.7482580840587616,0.5337301587301587,0.5680532537081212,0.5555555555555556,0.0,0.0,0.0,0.0,0.0,0.0,0.0,0.0,0.0,,,,,18473,global,0.4
3,4,lr1e-04_bs32_modL1_fusion32_fusionL1_fusionBN0_drop0p1__wd1e-04trmiss40_trlocglobal,32,0.0001,0.0001,1,32,1,False,0.1,lr1e-04_bs32_modL1_fusion32_fusionL1_fusionBN0_drop0p1__wd1e-04trmiss40_trlocglobal,57,0.33323165277640027,0.7502071261405945,0.5238095238095238,0.5589053702753407,0.5555555555555556,0.0,0.0,0.0,0.0,0.0,0.0,0.0,0.0,0.0,,,,,18473,global,0.4
3,4,lr1e-04_bs32_modL1_fusion32_fusionL1_fusionBN0_drop0p1__wd1e-04trmiss40_trlocglobal,32,0.0001,0.0001,1,32,1,False,0.1,lr1e-04_bs32_modL1_fusion32_fusionL1_fusionBN0_drop0p1__wd1e-04trmiss40_trlocglobal,58,0.33137457569440204,0.74965038895607,0.5317460317460319,0.5668071665804159,0.5777777777777777,0.0,0.0,0.0,0.0,0.0,0.0,0.0,0.0,0.0,,,,,18473,global,0.4
3,4,lr1e-04_bs32_modL1_fusion32_fusionL1_fusionBN0_drop0p1__wd1e-04trmiss40_trlocglobal,32,0.0001,0.0001,1,32,1,False,0.1,lr1e-04_bs32_modL1_fusion32_fusionL1_fusionBN0_drop0p1__wd1e-04trmiss40_trlocglobal,59,0.3320103933413823,0.7505396604537964,0.5257936507936507,0.5629787824888739,0.5555555555555556,0.0,0.0,0.0,0.0,0.0,0.0,0.0,0.0,0.0,,,,,18473,global,0.4
3,4,lr1e-04_bs32_modL1_fusion32_fusionL1_fusionBN0_drop0p1__wd1e-04trmiss40_trlocglobal,32,0.0001,0.0001,1,32,1,False,0.1,lr1e-04_bs32_modL1_fusion32_fusionL1_fusionBN0_drop0p1__wd1e-04trmiss40_trlocglobal,60,0.3360561231772105,0.7505537569522858,0.5257936507936507,0.5614254199157745,0.5555555555555556,0.0,0.0,0.0,0.0,0.0,0.0,0.0,0.0,0.0,,,,,18473,global,0.4
3,4,lr1e-04_bs32_modL1_fusion32_fusionL1_fusionBN0_drop0p1__wd1e-04trmiss40_trlocglobal,32,0.0001,0.0001,1,32,1,False,0.1,lr1e-04_bs32_modL1_fusion32_fusionL1_fusionBN0_drop0p1__wd1e-04trmiss40_trlocglobal,61,0.3158438603083293,0.750770777463913,0.5257936507936507,0.559236893590735,0.5333333333333333,0.0,0.0,0.0,0.0,0.0,0.0,0.0,0.0,0.0,,,,,18473,global,0.4
3,4,lr1e-04_bs32_modL1_fusion32_fusionL1_fusionBN0_drop0p1__wd1e-04trmiss40_trlocglobal,32,0.0001,0.0001,1,32,1,False,0.1,lr1e-04_bs32_modL1_fusion32_fusionL1_fusionBN0_drop0p1__wd1e-04trmiss40_trlocglobal,62,0.3259853820006053,0.751534104347229,0.5257936507936507,0.559236893590735,0.5333333333333333,0.0,0.0,0.0,0.0,0.0,0.0,0.0,0.0,0.0,,,,,18473,global,0.4
3,4,lr1e-04_bs32_modL1_fusion32_fusionL1_fusionBN0_drop0p1__wd1e-04trmiss40_trlocglobal,32,0.0001,0.0001,1,32,1,False,0.1,lr1e-04_bs32_modL1_fusion32_fusionL1_fusionBN0_drop0p1__wd1e-04trmiss40_trlocglobal,63,0.3139992207288742,0.7494055032730103,0.5416666666666667,0.5676376689573285,0.5777777777777777,0.0,0.0,0.0,0.0,0.0,0.0,0.0,0.0,0.0,,,,,18473,global,0.4
3,4,lr1e-04_bs32_modL1_fusion32_fusionL1_fusionBN0_drop0p1__wd1e-04trmiss40_trlocglobal,32,0.0001,0.0001,1,32,1,False,0.1,lr1e-04_bs32_modL1_fusion32_fusionL1_fusionBN0_drop0p1__wd1e-04trmiss40_trlocglobal,64,0.34025634328524273,0.7496741712093353,0.5396825396825398,0.5679490493872433,0.5777777777777777,0.0,0.0,0.0,0.0,0.0,0.0,0.0,0.0,0.0,,,,,18473,global,0.4
3,4,lr1e-04_bs32_modL1_fusion32_fusionL1_fusionBN0_drop0p1__wd1e-04trmiss40_trlocglobal,32,0.0001,0.0001,1,32,1,False,0.1,lr1e-04_bs32_modL1_fusion32_fusionL1_fusionBN0_drop0p1__wd1e-04trmiss40_trlocglobal,65,0.3323306441307068,0.7508796453475952,0.5317460317460317,0.5634954031124024,0.5777777777777777,0.0,0.0,0.0,0.0,0.0,0.0,0.0,0.0,0.0,,,,,18473,global,0.4
3,4,lr1e-04_bs32_modL1_fusion32_fusionL1_fusionBN0_drop0p1__wd1e-04trmiss40_trlocglobal,32,0.0001,0.0001,1,32,1,False,0.1,lr1e-04_bs32_modL1_fusion32_fusionL1_fusionBN0_drop0p1__wd1e-04trmiss40_trlocglobal,66,0.32244447867075604,0.7513747811317444,0.5257936507936507,0.5598154007906344,0.5555555555555556,0.0,0.0,0.0,0.0,0.0,0.0,0.0,0.0,0.0,,,,,18473,global,0.4
3,4,lr1e-04_bs32_modL1_fusion32_fusionL1_fusionBN0_drop0p1__wd1e-04trmiss40_trlocglobal,32,0.0001,0.0001,1,32,1,False,0.1,lr1e-04_bs32_modL1_fusion32_fusionL1_fusionBN0_drop0p1__wd1e-04trmiss40_trlocglobal,67,0.33292579154173535,0.7509680092334747,0.5297619047619049,0.561729882210726,0.5555555555555556,0.0,0.0,0.0,0.0,0.0,0.0,0.0,0.0,0.0,,,,,18473,global,0.4
3,4,lr1e-04_bs32_modL1_fusion32_fusionL1_fusionBN0_drop0p1__wd1e-04trmiss40_trlocglobal,32,0.0001,0.0001,1,32,1,False,0.1,lr1e-04_bs32_modL1_fusion32_fusionL1_fusionBN0_drop0p1__wd1e-04trmiss40_trlocglobal,68,0.3303602635860443,0.7520270049571991,0.5317460317460319,0.5646234007292444,0.5555555555555556,0.0,0.0,0.0,0.0,0.0,0.0,0.0,0.0,0.0,,,,,18473,global,0.4
3,4,lr1e-04_bs32_modL1_fusion32_fusionL1_fusionBN0_drop0p1__wd1e-04trmiss40_trlocglobal,32,0.0001,0.0001,1,32,1,False,0.1,lr1e-04_bs32_modL1_fusion32_fusionL1_fusionBN0_drop0p1__wd1e-04trmiss40_trlocglobal,69,0.3203785866498947,0.7518709003925323,0.5297619047619048,0.5637760131631069,0.5555555555555556,0.0,0.0,0.0,0.0,0.0,0.0,0.0,0.0,0.0,,,,,18473,global,0.4
3,4,lr1e-04_bs32_modL1_fusion32_fusionL1_fusionBN0_drop0p1__wd1e-04trmiss40_trlocglobal,32,0.0001,0.0001,1,32,1,False,0.1,lr1e-04_bs32_modL1_fusion32_fusionL1_fusionBN0_drop0p1__wd1e-04trmiss40_trlocglobal,70,0.3244740813970566,0.750542163848877,0.5337301587301587,0.5652517076075513,0.5555555555555556,0.0,0.0,0.0,0.0,0.0,0.0,0.0,0.0,0.0,,,,,18473,global,0.4
3,4,lr1e-04_bs32_modL1_fusion32_fusionL1_fusionBN0_drop0p1__wd1e-04trmiss40_trlocglobal,32,0.0001,0.0001,1,32,1,False,0.1,lr1e-04_bs32_modL1_fusion32_fusionL1_fusionBN0_drop0p1__wd1e-04trmiss40_trlocglobal,71,0.33007562657197315,0.7510388493537903,0.5238095238095238,0.5612084649303959,0.5555555555555556,0.0,0.0,0.0,0.0,0.0,0.0,0.0,0.0,0.0,,,,,18473,global,0.4
3,4,lr1e-04_bs32_modL1_fusion32_fusionL1_fusionBN0_drop0p1__wd1e-04trmiss40_trlocglobal,32,0.0001,0.0001,1,32,1,False,0.1,lr1e-04_bs32_modL1_fusion32_fusionL1_fusionBN0_drop0p1__wd1e-04trmiss40_trlocglobal,72,0.3226000169912974,0.7515507638454437,0.5257936507936508,0.559587935200233,0.5555555555555556,0.0,0.0,0.0,0.0,0.0,0.0,0.0,0.0,0.0,,,,,18473,global,0.4
3,4,lr1e-04_bs32_modL1_fusion32_fusionL1_fusionBN0_drop0p1__wd1e-04trmiss40_trlocglobal,32,0.0001,0.0001,1,32,1,False,0.1,lr1e-04_bs32_modL1_fusion32_fusionL1_fusionBN0_drop0p1__wd1e-04trmiss40_trlocglobal,73,0.32889879246552783,0.7516658902168274,0.5238095238095238,0.559028992110802,0.5111111111111111,0.0,0.0,0.0,0.0,0.0,0.0,0.0,0.0,0.0,,,,,18473,global,0.4
3,4,lr5e-05_bs32_modL1_fusion16_fusionL1_fusionBN0_drop0p2__wd1e-04trmiss40_trlocglobal,32,5e-05,0.0001,1,16,1,False,0.2,lr5e-05_bs32_modL1_fusion16_fusionL1_fusionBN0_drop0p2__wd1e-04trmiss40_trlocglobal,1,0.7044113278388977,0.712319403886795,0.3531746031746032,0.44538714142091196,0.4666666666666667,0.0,0.0,0.0,0.0,0.0,0.0,0.0,0.0,0.0,,,,,18473,global,0.4
3,4,lr5e-05_bs32_modL1_fusion16_fusionL1_fusionBN0_drop0p2__wd1e-04trmiss40_trlocglobal,32,5e-05,0.0001,1,16,1,False,0.2,lr5e-05_bs32_modL1_fusion16_fusionL1_fusionBN0_drop0p2__wd1e-04trmiss40_trlocglobal,2,0.6941672563552856,0.7171792387962341,0.3333333333333333,0.43384577569726446,0.4666666666666667,0.0,0.0,0.0,0.0,0.0,0.0,0.0,0.0,0.0,,,,,18473,global,0.4
3,4,lr5e-05_bs32_modL1_fusion16_fusionL1_fusionBN0_drop0p2__wd1e-04trmiss40_trlocglobal,32,5e-05,0.0001,1,16,1,False,0.2,lr5e-05_bs32_modL1_fusion16_fusionL1_fusionBN0_drop0p2__wd1e-04trmiss40_trlocglobal,3,0.6867210566997528,0.7212182879447937,0.3154761904761905,0.42649701683988495,0.4666666666666667,0.0,0.0,0.0,0.0,0.0,0.0,0.0,0.0,0.0,,,,,18473,global,0.4
3,4,lr5e-05_bs32_modL1_fusion16_fusionL1_fusionBN0_drop0p2__wd1e-04trmiss40_trlocglobal,32,5e-05,0.0001,1,16,1,False,0.2,lr5e-05_bs32_modL1_fusion16_fusionL1_fusionBN0_drop0p2__wd1e-04trmiss40_trlocglobal,4,0.6814913749694824,0.7240583002567291,0.30753968253968256,0.4231764588628828,0.4444444444444444,0.0,0.0,0.0,0.0,0.0,0.0,0.0,0.0,0.0,,,,,18473,global,0.4
3,4,lr5e-05_bs32_modL1_fusion16_fusionL1_fusionBN0_drop0p2__wd1e-04trmiss40_trlocglobal,32,5e-05,0.0001,1,16,1,False,0.2,lr5e-05_bs32_modL1_fusion16_fusionL1_fusionBN0_drop0p2__wd1e-04trmiss40_trlocglobal,5,0.6720738808314005,0.7256985902786255,0.29761904761904767,0.42034358955705337,0.4444444444444444,0.0,0.0,0.0,0.0,0.0,0.0,0.0,0.0,0.0,,,,,18473,global,0.4
3,4,lr5e-05_bs32_modL1_fusion16_fusionL1_fusionBN0_drop0p2__wd1e-04trmiss40_trlocglobal,32,5e-05,0.0001,1,16,1,False,0.2,lr5e-05_bs32_modL1_fusion16_fusionL1_fusionBN0_drop0p2__wd1e-04trmiss40_trlocglobal,6,0.6655145585536957,0.7267393469810486,0.27976190476190477,0.4124441972826611,0.4444444444444444,0.0,0.0,0.0,0.0,0.0,0.0,0.0,0.0,0.0,,,,,18473,global,0.4
3,4,lr5e-05_bs32_modL1_fusion16_fusionL1_fusionBN0_drop0p2__wd1e-04trmiss40_trlocglobal,32,5e-05,0.0001,1,16,1,False,0.2,lr5e-05_bs32_modL1_fusion16_fusionL1_fusionBN0_drop0p2__wd1e-04trmiss40_trlocglobal,7,0.6586021284262339,0.7260772585868835,0.2837301587301587,0.4141188570455562,0.4444444444444444,0.0,0.0,0.0,0.0,0.0,0.0,0.0,0.0,0.0,,,,,18473,global,0.4
3,4,lr5e-05_bs32_modL1_fusion16_fusionL1_fusionBN0_drop0p2__wd1e-04trmiss40_trlocglobal,32,5e-05,0.0001,1,16,1,False,0.2,lr5e-05_bs32_modL1_fusion16_fusionL1_fusionBN0_drop0p2__wd1e-04trmiss40_trlocglobal,8,0.6417880554993948,0.7254342436790466,0.2876984126984127,0.41510060225761447,0.4666666666666667,0.0,0.0,0.0,0.0,0.0,0.0,0.0,0.0,0.0,,,,,18473,global,0.4
3,4,lr5e-05_bs32_modL1_fusion16_fusionL1_fusionBN0_drop0p2__wd1e-04trmiss40_trlocglobal,32,5e-05,0.0001,1,16,1,False,0.2,lr5e-05_bs32_modL1_fusion16_fusionL1_fusionBN0_drop0p2__wd1e-04trmiss40_trlocglobal,9,0.646831601858139,0.7259635925292969,0.2777777777777778,0.4111438186804922,0.4666666666666667,0.0,0.0,0.0,0.0,0.0,0.0,0.0,0.0,0.0,,,,,18473,global,0.4
3,4,lr5e-05_bs32_modL1_fusion16_fusionL1_fusionBN0_drop0p2__wd1e-04trmiss40_trlocglobal,32,5e-05,0.0001,1,16,1,False,0.2,lr5e-05_bs32_modL1_fusion16_fusionL1_fusionBN0_drop0p2__wd1e-04trmiss40_trlocglobal,10,0.6319188078244528,0.727350264787674,0.27976190476190477,0.4109653638786548,0.4444444444444444,0.0,0.0,0.0,0.0,0.0,0.0,0.0,0.0,0.0,,,,,18473,global,0.4
3,4,lr5e-05_bs32_modL1_fusion16_fusionL1_fusionBN0_drop0p2__wd1e-04trmiss40_trlocglobal,32,5e-05,0.0001,1,16,1,False,0.2,lr5e-05_bs32_modL1_fusion16_fusionL1_fusionBN0_drop0p2__wd1e-04trmiss40_trlocglobal,11,0.6408622165520986,0.727405309677124,0.2698412698412699,0.40764273721156724,0.4444444444444444,0.0,0.0,0.0,0.0,0.0,0.0,0.0,0.0,0.0,,,,,18473,global,0.4
3,4,lr5e-05_bs32_modL1_fusion16_fusionL1_fusionBN0_drop0p2__wd1e-04trmiss40_trlocglobal,32,5e-05,0.0001,1,16,1,False,0.2,lr5e-05_bs32_modL1_fusion16_fusionL1_fusionBN0_drop0p2__wd1e-04trmiss40_trlocglobal,12,0.6283246676127116,0.7274722158908844,0.2777777777777778,0.4107914737242744,0.4444444444444444,0.0,0.0,0.0,0.0,0.0,0.0,0.0,0.0,0.0,,,,,18473,global,0.4
3,4,lr5e-05_bs32_modL1_fusion16_fusionL1_fusionBN0_drop0p2__wd1e-04trmiss40_trlocglobal,32,5e-05,0.0001,1,16,1,False,0.2,lr5e-05_bs32_modL1_fusion16_fusionL1_fusionBN0_drop0p2__wd1e-04trmiss40_trlocglobal,13,0.6274864673614502,0.7277598977088928,0.27182539682539686,0.40819060266869267,0.4444444444444444,0.0,0.0,0.0,0.0,0.0,0.0,0.0,0.0,0.0,,,,,18473,global,0.4
3,4,lr5e-05_bs32_modL1_fusion16_fusionL1_fusionBN0_drop0p2__wd1e-04trmiss40_trlocglobal,32,5e-05,0.0001,1,16,1,False,0.2,lr5e-05_bs32_modL1_fusion16_fusionL1_fusionBN0_drop0p2__wd1e-04trmiss40_trlocglobal,14,0.621673991282781,0.7273556590080261,0.2777777777777778,0.4103524263522555,0.4666666666666667,0.0,0.0,0.0,0.0,0.0,0.0,0.0,0.0,0.0,,,,,18473,global,0.4
3,4,lr5e-05_bs32_modL1_fusion16_fusionL1_fusionBN0_drop0p2__wd1e-04trmiss40_trlocglobal,32,5e-05,0.0001,1,16,1,False,0.2,lr5e-05_bs32_modL1_fusion16_fusionL1_fusionBN0_drop0p2__wd1e-04trmiss40_trlocglobal,15,0.6231182813644409,0.7273410260677338,0.2777777777777778,0.41266303102394836,0.4444444444444444,0.0,0.0,0.0,0.0,0.0,0.0,0.0,0.0,0.0,,,,,18473,global,0.4
3,4,lr5e-05_bs32_modL1_fusion16_fusionL1_fusionBN0_drop0p2__wd1e-04trmiss40_trlocglobal,32,5e-05,0.0001,1,16,1,False,0.2,lr5e-05_bs32_modL1_fusion16_fusionL1_fusionBN0_drop0p2__wd1e-04trmiss40_trlocglobal,16,0.6120963394641876,0.726102888584137,0.2757936507936508,0.412010298453126,0.4222222222222222,0.0,0.0,0.0,0.0,0.0,0.0,0.0,0.0,0.0,,,,,18473,global,0.4
3,4,lr5e-05_bs32_modL1_fusion16_fusionL1_fusionBN0_drop0p2__wd1e-04trmiss40_trlocglobal,32,5e-05,0.0001,1,16,1,False,0.2,lr5e-05_bs32_modL1_fusion16_fusionL1_fusionBN0_drop0p2__wd1e-04trmiss40_trlocglobal,17,0.6092397669951121,0.7242783308029175,0.29563492063492064,0.4187380035152087,0.4222222222222222,0.0,0.0,0.0,0.0,0.0,0.0,0.0,0.0,0.0,,,,,18473,global,0.4
3,4,lr5e-05_bs32_modL1_fusion16_fusionL1_fusionBN0_drop0p2__wd1e-04trmiss40_trlocglobal,32,5e-05,0.0001,1,16,1,False,0.2,lr5e-05_bs32_modL1_fusion16_fusionL1_fusionBN0_drop0p2__wd1e-04trmiss40_trlocglobal,18,0.6083664695421854,0.7238435745239258,0.29960317460317465,0.4203152731332064,0.4222222222222222,0.0,0.0,0.0,0.0,0.0,0.0,0.0,0.0,0.0,,,,,18473,global,0.4
3,4,lr5e-05_bs32_modL1_fusion16_fusionL1_fusionBN0_drop0p2__wd1e-04trmiss40_trlocglobal,32,5e-05,0.0001,1,16,1,False,0.2,lr5e-05_bs32_modL1_fusion16_fusionL1_fusionBN0_drop0p2__wd1e-04trmiss40_trlocglobal,19,0.5953749120235443,0.7225784659385681,0.30753968253968256,0.4232841479155202,0.4444444444444444,0.0,0.0,0.0,0.0,0.0,0.0,0.0,0.0,0.0,,,,,18473,global,0.4
3,4,lr5e-05_bs32_modL1_fusion16_fusionL1_fusionBN0_drop0p2__wd1e-04trmiss40_trlocglobal,32,5e-05,0.0001,1,16,1,False,0.2,lr5e-05_bs32_modL1_fusion16_fusionL1_fusionBN0_drop0p2__wd1e-04trmiss40_trlocglobal,20,0.6072694957256317,0.7228487730026245,0.30952380952380953,0.4241443488103286,0.4888888888888889,0.0,0.0,0.0,0.0,0.0,0.0,0.0,0.0,0.0,,,,,18473,global,0.4
3,4,lr5e-05_bs32_modL1_fusion16_fusionL1_fusionBN0_drop0p2__wd1e-04trmiss40_trlocglobal,32,5e-05,0.0001,1,16,1,False,0.2,lr5e-05_bs32_modL1_fusion16_fusionL1_fusionBN0_drop0p2__wd1e-04trmiss40_trlocglobal,21,0.6121022601922353,0.7236555814743042,0.3115079365079365,0.4247463067652277,0.4888888888888889,0.0,0.0,0.0,0.0,0.0,0.0,0.0,0.0,0.0,,,,,18473,global,0.4
3,4,lr5e-05_bs32_modL1_fusion16_fusionL1_fusionBN0_drop0p2__wd1e-04trmiss40_trlocglobal,32,5e-05,0.0001,1,16,1,False,0.2,lr5e-05_bs32_modL1_fusion16_fusionL1_fusionBN0_drop0p2__wd1e-04trmiss40_trlocglobal,22,0.5923360884189606,0.7244181632995605,0.3134920634920635,0.4257196253856052,0.4666666666666667,0.0,0.0,0.0,0.0,0.0,0.0,0.0,0.0,0.0,,,,,18473,global,0.4
3,4,lr5e-05_bs32_modL1_fusion16_fusionL1_fusionBN0_drop0p2__wd1e-04trmiss40_trlocglobal,32,5e-05,0.0001,1,16,1,False,0.2,lr5e-05_bs32_modL1_fusion16_fusionL1_fusionBN0_drop0p2__wd1e-04trmiss40_trlocglobal,23,0.59485591451327,0.7238543331623077,0.32936507936507936,0.43187633947424725,0.4666666666666667,0.0,0.0,0.0,0.0,0.0,0.0,0.0,0.0,0.0,,,,,18473,global,0.4
3,4,lr5e-05_bs32_modL1_fusion16_fusionL1_fusionBN0_drop0p2__wd1e-04trmiss40_trlocglobal,32,5e-05,0.0001,1,16,1,False,0.2,lr5e-05_bs32_modL1_fusion16_fusionL1_fusionBN0_drop0p2__wd1e-04trmiss40_trlocglobal,24,0.5956885317961375,0.723260760307312,0.34325396825396826,0.437020518408779,0.4666666666666667,0.0,0.0,0.0,0.0,0.0,0.0,0.0,0.0,0.0,,,,,18473,global,0.4
3,4,lr5e-05_bs32_modL1_fusion16_fusionL1_fusionBN0_drop0p2__wd1e-04trmiss40_trlocglobal,32,5e-05,0.0001,1,16,1,False,0.2,lr5e-05_bs32_modL1_fusion16_fusionL1_fusionBN0_drop0p2__wd1e-04trmiss40_trlocglobal,25,0.5891028543313345,0.7235333323478699,0.3392857142857143,0.43597600065055153,0.4444444444444444,0.0,0.0,0.0,0.0,0.0,0.0,0.0,0.0,0.0,,,,,18473,global,0.4
3,4,lr5e-05_bs32_modL1_fusion16_fusionL1_fusionBN0_drop0p2__wd1e-04trmiss40_trlocglobal,32,5e-05,0.0001,1,16,1,False,0.2,lr5e-05_bs32_modL1_fusion16_fusionL1_fusionBN0_drop0p2__wd1e-04trmiss40_trlocglobal,26,0.5770383973916372,0.7218151390552521,0.34325396825396826,0.43741675068001123,0.4222222222222222,0.0,0.0,0.0,0.0,0.0,0.0,0.0,0.0,0.0,,,,,18473,global,0.4
3,4,lr5e-05_bs32_modL1_fusion16_fusionL1_fusionBN0_drop0p2__wd1e-04trmiss40_trlocglobal,32,5e-05,0.0001,1,16,1,False,0.2,lr5e-05_bs32_modL1_fusion16_fusionL1_fusionBN0_drop0p2__wd1e-04trmiss40_trlocglobal,27,0.58458411693573,0.7208987176418304,0.3492063492063492,0.4398144977455454,0.4222222222222222,0.0,0.0,0.0,0.0,0.0,0.0,0.0,0.0,0.0,,,,,18473,global,0.4
3,4,lr5e-05_bs32_modL1_fusion16_fusionL1_fusionBN0_drop0p2__wd1e-04trmiss40_trlocglobal,32,5e-05,0.0001,1,16,1,False,0.2,lr5e-05_bs32_modL1_fusion16_fusionL1_fusionBN0_drop0p2__wd1e-04trmiss40_trlocglobal,28,0.5808298091093699,0.719759613275528,0.35714285714285715,0.44458039086855494,0.4222222222222222,0.0,0.0,0.0,0.0,0.0,0.0,0.0,0.0,0.0,,,,,18473,global,0.4
3,4,lr5e-05_bs32_modL1_fusion16_fusionL1_fusionBN0_drop0p2__wd1e-04trmiss40_trlocglobal,32,5e-05,0.0001,1,16,1,False,0.2,lr5e-05_bs32_modL1_fusion16_fusionL1_fusionBN0_drop0p2__wd1e-04trmiss40_trlocglobal,29,0.575024018685023,0.7196590006351471,0.35912698412698413,0.4462268891143178,0.4222222222222222,0.0,0.0,0.0,0.0,0.0,0.0,0.0,0.0,0.0,,,,,18473,global,0.4
3,4,lr5e-05_bs32_modL1_fusion16_fusionL1_fusionBN0_drop0p2__wd1e-04trmiss40_trlocglobal,32,5e-05,0.0001,1,16,1,False,0.2,lr5e-05_bs32_modL1_fusion16_fusionL1_fusionBN0_drop0p2__wd1e-04trmiss40_trlocglobal,30,0.5746274590492249,0.7184065580368042,0.37103174603174605,0.4505993681624631,0.4222222222222222,0.0,0.0,0.0,0.0,0.0,0.0,0.0,0.0,0.0,,,,,18473,global,0.4
3,4,lr5e-05_bs32_modL1_fusion16_fusionL1_fusionBN0_drop0p2__wd1e-04trmiss40_trlocglobal,32,5e-05,0.0001,1,16,1,False,0.2,lr5e-05_bs32_modL1_fusion16_fusionL1_fusionBN0_drop0p2__wd1e-04trmiss40_trlocglobal,31,0.5730634033679962,0.717536449432373,0.3829365079365079,0.4563171790959122,0.4666666666666667,0.0,0.0,0.0,0.0,0.0,0.0,0.0,0.0,0.0,,,,,18473,global,0.4
3,4,lr5e-05_bs32_modL1_fusion16_fusionL1_fusionBN0_drop0p2__wd1e-04trmiss40_trlocglobal,32,5e-05,0.0001,1,16,1,False,0.2,lr5e-05_bs32_modL1_fusion16_fusionL1_fusionBN0_drop0p2__wd1e-04trmiss40_trlocglobal,32,0.5668652057647705,0.7178034484386444,0.36309523809523814,0.4467692397613385,0.4666666666666667,0.0,0.0,0.0,0.0,0.0,0.0,0.0,0.0,0.0,,,,,18473,global,0.4
3,4,lr5e-05_bs32_modL1_fusion16_fusionL1_fusionBN0_drop0p2__wd1e-04trmiss40_trlocglobal,32,5e-05,0.0001,1,16,1,False,0.2,lr5e-05_bs32_modL1_fusion16_fusionL1_fusionBN0_drop0p2__wd1e-04trmiss40_trlocglobal,33,0.5670702457427979,0.7161277234554291,0.378968253968254,0.4517599167546033,0.4888888888888889,0.0,0.0,0.0,0.0,0.0,0.0,0.0,0.0,0.0,,,,,18473,global,0.4
3,4,lr5e-05_bs32_modL1_fusion16_fusionL1_fusionBN0_drop0p2__wd1e-04trmiss40_trlocglobal,32,5e-05,0.0001,1,16,1,False,0.2,lr5e-05_bs32_modL1_fusion16_fusionL1_fusionBN0_drop0p2__wd1e-04trmiss40_trlocglobal,34,0.5763276914755503,0.7146673798561096,0.3849206349206349,0.45336508115276364,0.5111111111111111,0.0,0.0,0.0,0.0,0.0,0.0,0.0,0.0,0.0,,,,,18473,global,0.4
3,4,lr5e-05_bs32_modL1_fusion16_fusionL1_fusionBN0_drop0p2__wd1e-04trmiss40_trlocglobal,32,5e-05,0.0001,1,16,1,False,0.2,lr5e-05_bs32_modL1_fusion16_fusionL1_fusionBN0_drop0p2__wd1e-04trmiss40_trlocglobal,35,0.5630167822043101,0.7147184908390045,0.3928571428571429,0.45653084291726004,0.4888888888888889,0.0,0.0,0.0,0.0,0.0,0.0,0.0,0.0,0.0,,,,,18473,global,0.4
3,4,lr5e-05_bs32_modL1_fusion16_fusionL1_fusionBN0_drop0p2__wd1e-04trmiss40_trlocglobal,32,5e-05,0.0001,1,16,1,False,0.2,lr5e-05_bs32_modL1_fusion16_fusionL1_fusionBN0_drop0p2__wd1e-04trmiss40_trlocglobal,36,0.5659269392490387,0.7152142822742462,0.3928571428571429,0.45718703776205144,0.4888888888888889,0.0,0.0,0.0,0.0,0.0,0.0,0.0,0.0,0.0,,,,,18473,global,0.4
3,4,lr5e-05_bs32_modL1_fusion16_fusionL1_fusionBN0_drop0p2__wd1e-04trmiss40_trlocglobal,32,5e-05,0.0001,1,16,1,False,0.2,lr5e-05_bs32_modL1_fusion16_fusionL1_fusionBN0_drop0p2__wd1e-04trmiss40_trlocglobal,37,0.5579158862431844,0.7149988114833832,0.39880952380952384,0.459226465022167,0.4888888888888889,0.0,0.0,0.0,0.0,0.0,0.0,0.0,0.0,0.0,,,,,18473,global,0.4
3,4,lr5e-05_bs32_modL1_fusion16_fusionL1_fusionBN0_drop0p2__wd1e-04trmiss40_trlocglobal,32,5e-05,0.0001,1,16,1,False,0.2,lr5e-05_bs32_modL1_fusion16_fusionL1_fusionBN0_drop0p2__wd1e-04trmiss40_trlocglobal,38,0.5644822518030802,0.7148342430591583,0.4007936507936508,0.4611994250854656,0.4888888888888889,0.0,0.0,0.0,0.0,0.0,0.0,0.0,0.0,0.0,,,,,18473,global,0.4
3,4,lr5e-05_bs32_modL1_fusion16_fusionL1_fusionBN0_drop0p2__wd1e-04trmiss40_trlocglobal,32,5e-05,0.0001,1,16,1,False,0.2,lr5e-05_bs32_modL1_fusion16_fusionL1_fusionBN0_drop0p2__wd1e-04trmiss40_trlocglobal,39,0.5587878425916036,0.7148340344429016,0.3948412698412699,0.4586005783100229,0.4888888888888889,0.0,0.0,0.0,0.0,0.0,0.0,0.0,0.0,0.0,,,,,18473,global,0.4
3,4,lr5e-05_bs32_modL1_fusion16_fusionL1_fusionBN0_drop0p2__wd1e-04trmiss40_trlocglobal,32,5e-05,0.0001,1,16,1,False,0.2,lr5e-05_bs32_modL1_fusion16_fusionL1_fusionBN0_drop0p2__wd1e-04trmiss40_trlocglobal,40,0.5419822732607523,0.7136528193950653,0.3948412698412698,0.45818180962130345,0.5111111111111111,0.0,0.0,0.0,0.0,0.0,0.0,0.0,0.0,0.0,,,,,18473,global,0.4
3,4,lr5e-05_bs32_modL1_fusion16_fusionL1_fusionBN0_drop0p2__wd1e-04trmiss40_trlocglobal,32,5e-05,0.0001,1,16,1,False,0.2,lr5e-05_bs32_modL1_fusion16_fusionL1_fusionBN0_drop0p2__wd1e-04trmiss40_trlocglobal,41,0.5595264534155527,0.7157579958438873,0.3869047619047619,0.4544390356616382,0.4888888888888889,0.0,0.0,0.0,0.0,0.0,0.0,0.0,0.0,0.0,,,,,18473,global,0.4
3,4,lr5e-05_bs32_modL1_fusion16_fusionL1_fusionBN0_drop0p2__wd1e-04trmiss40_trlocglobal,32,5e-05,0.0001,1,16,1,False,0.2,lr5e-05_bs32_modL1_fusion16_fusionL1_fusionBN0_drop0p2__wd1e-04trmiss40_trlocglobal,42,0.5492527186870575,0.7159012854099274,0.4007936507936508,0.4619524732069348,0.4666666666666667,0.0,0.0,0.0,0.0,0.0,0.0,0.0,0.0,0.0,,,,,18473,global,0.4
3,4,lr5e-05_bs32_modL1_fusion16_fusionL1_fusionBN0_drop0p2__wd1e-04trmiss40_trlocglobal,32,5e-05,0.0001,1,16,1,False,0.2,lr5e-05_bs32_modL1_fusion16_fusionL1_fusionBN0_drop0p2__wd1e-04trmiss40_trlocglobal,43,0.5438955326875051,0.7159641087055206,0.3948412698412699,0.4597441774345658,0.4666666666666667,0.0,0.0,0.0,0.0,0.0,0.0,0.0,0.0,0.0,,,,,18473,global,0.4
3,4,lr5e-05_bs32_modL1_fusion16_fusionL1_fusionBN0_drop0p2__wd1e-04trmiss40_trlocglobal,32,5e-05,0.0001,1,16,1,False,0.2,lr5e-05_bs32_modL1_fusion16_fusionL1_fusionBN0_drop0p2__wd1e-04trmiss40_trlocglobal,44,0.5558953285217285,0.7163544297218323,0.3908730158730159,0.456033663810259,0.4888888888888889,0.0,0.0,0.0,0.0,0.0,0.0,0.0,0.0,0.0,,,,,18473,global,0.4
3,4,lr5e-05_bs32_modL1_fusion16_fusionL1_fusionBN0_drop0p2__wd1e-04trmiss40_trlocglobal,32,5e-05,0.0001,1,16,1,False,0.2,lr5e-05_bs32_modL1_fusion16_fusionL1_fusionBN0_drop0p2__wd1e-04trmiss40_trlocglobal,45,0.5493799249331156,0.7165794670581818,0.38888888888888895,0.4542779241344143,0.4888888888888889,0.0,0.0,0.0,0.0,0.0,0.0,0.0,0.0,0.0,,,,,18473,global,0.4
3,4,lr5e-05_bs32_modL1_fusion16_fusionL1_fusionBN0_drop0p2__wd1e-04trmiss40_trlocglobal,32,5e-05,0.0001,1,16,1,False,0.2,lr5e-05_bs32_modL1_fusion16_fusionL1_fusionBN0_drop0p2__wd1e-04trmiss40_trlocglobal,46,0.5461248457431793,0.7157745063304901,0.3948412698412699,0.4573973201704771,0.5111111111111111,0.0,0.0,0.0,0.0,0.0,0.0,0.0,0.0,0.0,,,,,18473,global,0.4
3,4,lr5e-05_bs32_modL1_fusion16_fusionL1_fusionBN0_drop0p2__wd1e-04trmiss40_trlocglobal,32,5e-05,0.0001,1,16,1,False,0.2,lr5e-05_bs32_modL1_fusion16_fusionL1_fusionBN0_drop0p2__wd1e-04trmiss40_trlocglobal,47,0.5444687008857727,0.7140977680683136,0.4087301587301588,0.4633430380308985,0.5111111111111111,0.0,0.0,0.0,0.0,0.0,0.0,0.0,0.0,0.0,,,,,18473,global,0.4
3,4,lr5e-05_bs32_modL1_fusion16_fusionL1_fusionBN0_drop0p2__wd1e-04trmiss40_trlocglobal,32,5e-05,0.0001,1,16,1,False,0.2,lr5e-05_bs32_modL1_fusion16_fusionL1_fusionBN0_drop0p2__wd1e-04trmiss40_trlocglobal,48,0.5442046523094177,0.7140031456947327,0.4007936507936508,0.46071414008946415,0.4888888888888889,0.0,0.0,0.0,0.0,0.0,0.0,0.0,0.0,0.0,,,,,18473,global,0.4
3,4,lr5e-05_bs32_modL1_fusion16_fusionL1_fusionBN0_drop0p2__wd1e-04trmiss40_trlocglobal,32,5e-05,0.0001,1,16,1,False,0.2,lr5e-05_bs32_modL1_fusion16_fusionL1_fusionBN0_drop0p2__wd1e-04trmiss40_trlocglobal,49,0.5416434109210968,0.7150301933288574,0.4027777777777778,0.4620400261804157,0.5111111111111111,0.0,0.0,0.0,0.0,0.0,0.0,0.0,0.0,0.0,,,,,18473,global,0.4
3,4,lr5e-05_bs32_modL1_fusion16_fusionL1_fusionBN0_drop0p2__wd1e-04trmiss40_trlocglobal,32,5e-05,0.0001,1,16,1,False,0.2,lr5e-05_bs32_modL1_fusion16_fusionL1_fusionBN0_drop0p2__wd1e-04trmiss40_trlocglobal,50,0.5356808602809906,0.7138649523258209,0.40476190476190477,0.46267904448642716,0.4888888888888889,0.0,0.0,0.0,0.0,0.0,0.0,0.0,0.0,0.0,,,,,18473,global,0.4
3,4,lr5e-05_bs32_modL1_fusion16_fusionL1_fusionBN0_drop0p2__wd1e-04trmiss40_trlocglobal,32,5e-05,0.0001,1,16,1,False,0.2,lr5e-05_bs32_modL1_fusion16_fusionL1_fusionBN0_drop0p2__wd1e-04trmiss40_trlocglobal,51,0.53339484333992,0.7144674956798553,0.40674603174603174,0.46463368483487466,0.4888888888888889,0.0,0.0,0.0,0.0,0.0,0.0,0.0,0.0,0.0,,,,,18473,global,0.4
3,4,lr5e-05_bs32_modL1_fusion16_fusionL1_fusionBN0_drop0p2__wd1e-04trmiss40_trlocglobal,32,5e-05,0.0001,1,16,1,False,0.2,lr5e-05_bs32_modL1_fusion16_fusionL1_fusionBN0_drop0p2__wd1e-04trmiss40_trlocglobal,52,0.5467763543128967,0.7160094678401947,0.40476190476190477,0.46359991528240385,0.4888888888888889,0.0,0.0,0.0,0.0,0.0,0.0,0.0,0.0,0.0,,,,,18473,global,0.4
3,4,lr5e-05_bs32_modL1_fusion16_fusionL1_fusionBN0_drop0p2__wd1e-04trmiss40_trlocglobal,32,5e-05,0.0001,1,16,1,False,0.2,lr5e-05_bs32_modL1_fusion16_fusionL1_fusionBN0_drop0p2__wd1e-04trmiss40_trlocglobal,53,0.5336672266324362,0.7162370979785919,0.3908730158730159,0.4560709277970211,0.4888888888888889,0.0,0.0,0.0,0.0,0.0,0.0,0.0,0.0,0.0,,,,,18473,global,0.4
3,4,lr5e-05_bs32_modL1_fusion16_fusionL1_fusionBN0_drop0p2__wd1e-04trmiss40_trlocglobal,32,5e-05,0.0001,1,16,1,False,0.2,lr5e-05_bs32_modL1_fusion16_fusionL1_fusionBN0_drop0p2__wd1e-04trmiss40_trlocglobal,54,0.5511005818843842,0.7164055705070496,0.39682539682539686,0.458454187192059,0.4888888888888889,0.0,0.0,0.0,0.0,0.0,0.0,0.0,0.0,0.0,,,,,18473,global,0.4
3,4,lr5e-05_bs32_modL1_fusion16_fusionL1_fusionBN0_drop0p2__wd1e-04trmiss40_trlocglobal,32,5e-05,0.0001,1,16,1,False,0.2,lr5e-05_bs32_modL1_fusion16_fusionL1_fusionBN0_drop0p2__wd1e-04trmiss40_trlocglobal,55,0.5429002543290457,0.7163336873054504,0.3928571428571429,0.45734700309248877,0.4888888888888889,0.0,0.0,0.0,0.0,0.0,0.0,0.0,0.0,0.0,,,,,18473,global,0.4
3,4,lr5e-05_bs32_modL1_fusion16_fusionL1_fusionBN0_drop0p2__wd1e-04trmiss40_trlocglobal,32,5e-05,0.0001,1,16,1,False,0.2,lr5e-05_bs32_modL1_fusion16_fusionL1_fusionBN0_drop0p2__wd1e-04trmiss40_trlocglobal,56,0.5458390762408575,0.7171670496463776,0.3928571428571429,0.45724997375273757,0.4888888888888889,0.0,0.0,0.0,0.0,0.0,0.0,0.0,0.0,0.0,,,,,18473,global,0.4
3,4,lr5e-05_bs32_modL1_fusion16_fusionL1_fusionBN0_drop0p2__wd1e-04trmiss40_trlocglobal,32,5e-05,0.0001,1,16,1,False,0.2,lr5e-05_bs32_modL1_fusion16_fusionL1_fusionBN0_drop0p2__wd1e-04trmiss40_trlocglobal,57,0.5322700639565786,0.7162424027919769,0.3948412698412699,0.45931919076760674,0.4888888888888889,0.0,0.0,0.0,0.0,0.0,0.0,0.0,0.0,0.0,,,,,18473,global,0.4
3,4,lr5e-05_bs32_modL1_fusion16_fusionL1_fusionBN0_drop0p2__wd1e-04trmiss40_trlocglobal,32,5e-05,0.0001,1,16,1,False,0.2,lr5e-05_bs32_modL1_fusion16_fusionL1_fusionBN0_drop0p2__wd1e-04trmiss40_trlocglobal,58,0.5381469825903574,0.7155610024929047,0.40476190476190477,0.46271456717707665,0.4888888888888889,0.0,0.0,0.0,0.0,0.0,0.0,0.0,0.0,0.0,,,,,18473,global,0.4
3,4,lr5e-05_bs32_modL1_fusion16_fusionL1_fusionBN0_drop0p2__wd1e-04trmiss40_trlocglobal,32,5e-05,0.0001,1,16,1,False,0.2,lr5e-05_bs32_modL1_fusion16_fusionL1_fusionBN0_drop0p2__wd1e-04trmiss40_trlocglobal,59,0.5341458320617676,0.7162989675998688,0.40674603174603174,0.46363257755581716,0.4888888888888889,0.0,0.0,0.0,0.0,0.0,0.0,0.0,0.0,0.0,,,,,18473,global,0.4
3,4,lr5e-05_bs32_modL1_fusion16_fusionL1_fusionBN0_drop0p2__wd1e-04trmiss40_trlocglobal,32,5e-05,0.0001,1,16,1,False,0.2,lr5e-05_bs32_modL1_fusion16_fusionL1_fusionBN0_drop0p2__wd1e-04trmiss40_trlocglobal,60,0.5380823810895284,0.7162950038909912,0.4007936507936508,0.4610514531976453,0.4888888888888889,0.0,0.0,0.0,0.0,0.0,0.0,0.0,0.0,0.0,,,,,18473,global,0.4
3,4,lr5e-05_bs32_modL1_fusion16_fusionL1_fusionBN0_drop0p2__wd1e-04trmiss40_trlocglobal,32,5e-05,0.0001,1,16,1,False,0.2,lr5e-05_bs32_modL1_fusion16_fusionL1_fusionBN0_drop0p2__wd1e-04trmiss40_trlocglobal,61,0.5432934860388438,0.7154680490493774,0.40476190476190477,0.46339016564673857,0.4888888888888889,0.0,0.0,0.0,0.0,0.0,0.0,0.0,0.0,0.0,,,,,18473,global,0.4
3,4,lr5e-05_bs32_modL1_fusion16_fusionL1_fusionBN0_drop0p2__wd1e-04trmiss40_trlocglobal,32,5e-05,0.0001,1,16,1,False,0.2,lr5e-05_bs32_modL1_fusion16_fusionL1_fusionBN0_drop0p2__wd1e-04trmiss40_trlocglobal,62,0.5366669197877248,0.7152771353721619,0.40476190476190477,0.4634518940418003,0.4888888888888889,0.0,0.0,0.0,0.0,0.0,0.0,0.0,0.0,0.0,,,,,18473,global,0.4
3,4,lr5e-05_bs32_modL1_fusion16_fusionL1_fusionBN0_drop0p2__wd1e-04trmiss40_trlocglobal,32,5e-05,0.0001,1,16,1,False,0.2,lr5e-05_bs32_modL1_fusion16_fusionL1_fusionBN0_drop0p2__wd1e-04trmiss40_trlocglobal,63,0.536001076300939,0.7158755660057068,0.40476190476190477,0.4639278435309077,0.4888888888888889,0.0,0.0,0.0,0.0,0.0,0.0,0.0,0.0,0.0,,,,,18473,global,0.4
3,4,lr5e-05_bs32_modL1_fusion16_fusionL1_fusionBN0_drop0p2__wd1e-04trmiss40_trlocglobal,32,5e-05,0.0001,1,16,1,False,0.2,lr5e-05_bs32_modL1_fusion16_fusionL1_fusionBN0_drop0p2__wd1e-04trmiss40_trlocglobal,64,0.5244189302126566,0.715337872505188,0.4007936507936508,0.46194371654678074,0.4888888888888889,0.0,0.0,0.0,0.0,0.0,0.0,0.0,0.0,0.0,,,,,18473,global,0.4
3,4,lr5e-05_bs32_modL1_fusion16_fusionL1_fusionBN0_drop0p2__wd1e-04trmiss40_trlocglobal,32,5e-05,0.0001,1,16,1,False,0.2,lr5e-05_bs32_modL1_fusion16_fusionL1_fusionBN0_drop0p2__wd1e-04trmiss40_trlocglobal,65,0.5319976011912028,0.7153471410274506,0.4007936507936508,0.46160030995337414,0.4888888888888889,0.0,0.0,0.0,0.0,0.0,0.0,0.0,0.0,0.0,,,,,18473,global,0.4
3,4,lr5e-05_bs32_modL1_fusion16_fusionL1_fusionBN0_drop0p2__wd1e-04trmiss40_trlocglobal,32,5e-05,0.0001,1,16,1,False,0.2,lr5e-05_bs32_modL1_fusion16_fusionL1_fusionBN0_drop0p2__wd1e-04trmiss40_trlocglobal,66,0.522403726975123,0.7157252728939056,0.39880952380952384,0.46063443372434,0.4666666666666667,0.0,0.0,0.0,0.0,0.0,0.0,0.0,0.0,0.0,,,,,18473,global,0.4
3,4,lr5e-05_bs32_modL1_fusion16_fusionL1_fusionBN0_drop0p2__wd1e-04trmiss40_trlocglobal,32,5e-05,0.0001,1,16,1,False,0.2,lr5e-05_bs32_modL1_fusion16_fusionL1_fusionBN0_drop0p2__wd1e-04trmiss40_trlocglobal,67,0.5418495039145151,0.7158445715904236,0.4007936507936508,0.4607747854209775,0.4888888888888889,0.0,0.0,0.0,0.0,0.0,0.0,0.0,0.0,0.0,,,,,18473,global,0.4
3,4,lr5e-05_bs32_modL1_fusion16_fusionL1_fusionBN0_drop0p1__wd1e-04trmiss40_trlocglobal,32,5e-05,0.0001,1,16,1,False,0.1,lr5e-05_bs32_modL1_fusion16_fusionL1_fusionBN0_drop0p1__wd1e-04trmiss40_trlocglobal,1,0.6994288265705109,0.6936236917972565,0.4702380952380953,0.5775151537695126,0.4888888888888889,0.0,0.0,0.0,0.0,0.0,0.0,0.0,0.0,0.0,,,,,18473,global,0.4
3,4,lr5e-05_bs32_modL1_fusion16_fusionL1_fusionBN0_drop0p1__wd1e-04trmiss40_trlocglobal,32,5e-05,0.0001,1,16,1,False,0.1,lr5e-05_bs32_modL1_fusion16_fusionL1_fusionBN0_drop0p1__wd1e-04trmiss40_trlocglobal,2,0.6876023809115092,0.6931610703468323,0.4781746031746032,0.5897632511405815,0.4888888888888889,0.0,0.0,0.0,0.0,0.0,0.0,0.0,0.0,0.0,,,,,18473,global,0.4
3,4,lr5e-05_bs32_modL1_fusion16_fusionL1_fusionBN0_drop0p1__wd1e-04trmiss40_trlocglobal,32,5e-05,0.0001,1,16,1,False,0.1,lr5e-05_bs32_modL1_fusion16_fusionL1_fusionBN0_drop0p1__wd1e-04trmiss40_trlocglobal,3,0.6828451752662659,0.6939142346382141,0.4543650793650794,0.5811761510780141,0.4666666666666667,0.0,0.0,0.0,0.0,0.0,0.0,0.0,0.0,0.0,,,,,18473,global,0.4
3,4,lr5e-05_bs32_modL1_fusion16_fusionL1_fusionBN0_drop0p1__wd1e-04trmiss40_trlocglobal,32,5e-05,0.0001,1,16,1,False,0.1,lr5e-05_bs32_modL1_fusion16_fusionL1_fusionBN0_drop0p1__wd1e-04trmiss40_trlocglobal,4,0.6740217705567678,0.6944498717784882,0.46031746031746035,0.5875813362090315,0.4444444444444444,0.0,0.0,0.0,0.0,0.0,0.0,0.0,0.0,0.0,,,,,18473,global,0.4
3,4,lr5e-05_bs32_modL1_fusion16_fusionL1_fusionBN0_drop0p1__wd1e-04trmiss40_trlocglobal,32,5e-05,0.0001,1,16,1,False,0.1,lr5e-05_bs32_modL1_fusion16_fusionL1_fusionBN0_drop0p1__wd1e-04trmiss40_trlocglobal,5,0.6728503306706747,0.6950452923774719,0.46031746031746035,0.5979752958656062,0.4222222222222222,0.0,0.0,0.0,0.0,0.0,0.0,0.0,0.0,0.0,,,,,18473,global,0.4
3,4,lr5e-05_bs32_modL1_fusion16_fusionL1_fusionBN0_drop0p1__wd1e-04trmiss40_trlocglobal,32,5e-05,0.0001,1,16,1,False,0.1,lr5e-05_bs32_modL1_fusion16_fusionL1_fusionBN0_drop0p1__wd1e-04trmiss40_trlocglobal,6,0.665736049413681,0.6948950588703156,0.4623015873015873,0.6140886885396637,0.4444444444444444,0.0,0.0,0.0,0.0,0.0,0.0,0.0,0.0,0.0,,,,,18473,global,0.4
3,4,lr5e-05_bs32_modL1_fusion16_fusionL1_fusionBN0_drop0p1__wd1e-04trmiss40_trlocglobal,32,5e-05,0.0001,1,16,1,False,0.1,lr5e-05_bs32_modL1_fusion16_fusionL1_fusionBN0_drop0p1__wd1e-04trmiss40_trlocglobal,7,0.6574858029683431,0.6945818066596985,0.45833333333333337,0.56809473366413,0.4222222222222222,0.0,0.0,0.0,0.0,0.0,0.0,0.0,0.0,0.0,,,,,18473,global,0.4
3,4,lr5e-05_bs32_modL1_fusion16_fusionL1_fusionBN0_drop0p1__wd1e-04trmiss40_trlocglobal,32,5e-05,0.0001,1,16,1,False,0.1,lr5e-05_bs32_modL1_fusion16_fusionL1_fusionBN0_drop0p1__wd1e-04trmiss40_trlocglobal,8,0.6605878472328186,0.6943003535270691,0.4623015873015874,0.5722409886416071,0.4222222222222222,0.0,0.0,0.0,0.0,0.0,0.0,0.0,0.0,0.0,,,,,18473,global,0.4
3,4,lr5e-05_bs32_modL1_fusion16_fusionL1_fusionBN0_drop0p1__wd1e-04trmiss40_trlocglobal,32,5e-05,0.0001,1,16,1,False,0.1,lr5e-05_bs32_modL1_fusion16_fusionL1_fusionBN0_drop0p1__wd1e-04trmiss40_trlocglobal,9,0.6511591474215189,0.6935489177703857,0.47222222222222227,0.5718635855911681,0.4666666666666667,0.0,0.0,0.0,0.0,0.0,0.0,0.0,0.0,0.0,,,,,18473,global,0.4
3,4,lr5e-05_bs32_modL1_fusion16_fusionL1_fusionBN0_drop0p1__wd1e-04trmiss40_trlocglobal,32,5e-05,0.0001,1,16,1,False,0.1,lr5e-05_bs32_modL1_fusion16_fusionL1_fusionBN0_drop0p1__wd1e-04trmiss40_trlocglobal,10,0.6489514311154684,0.6917445957660675,0.5059523809523809,0.6120121427201136,0.4666666666666667,0.0,0.0,0.0,0.0,0.0,0.0,0.0,0.0,0.0,,,,,18473,global,0.4
3,4,lr5e-05_bs32_modL1_fusion16_fusionL1_fusionBN0_drop0p1__wd1e-04trmiss40_trlocglobal,32,5e-05,0.0001,1,16,1,False,0.1,lr5e-05_bs32_modL1_fusion16_fusionL1_fusionBN0_drop0p1__wd1e-04trmiss40_trlocglobal,11,0.6491807997226715,0.6918050646781921,0.5178571428571428,0.6207606490518439,0.4666666666666667,0.0,0.0,0.0,0.0,0.0,0.0,0.0,0.0,0.0,,,,,18473,global,0.4
3,4,lr5e-05_bs32_modL1_fusion16_fusionL1_fusionBN0_drop0p1__wd1e-04trmiss40_trlocglobal,32,5e-05,0.0001,1,16,1,False,0.1,lr5e-05_bs32_modL1_fusion16_fusionL1_fusionBN0_drop0p1__wd1e-04trmiss40_trlocglobal,12,0.6387413342793783,0.691961407661438,0.5158730158730159,0.5925776171241317,0.4888888888888889,0.0,0.0,0.0,0.0,0.0,0.0,0.0,0.0,0.0,,,,,18473,global,0.4
3,4,lr5e-05_bs32_modL1_fusion16_fusionL1_fusionBN0_drop0p1__wd1e-04trmiss40_trlocglobal,32,5e-05,0.0001,1,16,1,False,0.1,lr5e-05_bs32_modL1_fusion16_fusionL1_fusionBN0_drop0p1__wd1e-04trmiss40_trlocglobal,13,0.6432515879472097,0.6926760375499725,0.5059523809523809,0.5784875583118212,0.5111111111111111,0.0,0.0,0.0,0.0,0.0,0.0,0.0,0.0,0.0,,,,,18473,global,0.4
3,4,lr5e-05_bs32_modL1_fusion16_fusionL1_fusionBN0_drop0p1__wd1e-04trmiss40_trlocglobal,32,5e-05,0.0001,1,16,1,False,0.1,lr5e-05_bs32_modL1_fusion16_fusionL1_fusionBN0_drop0p1__wd1e-04trmiss40_trlocglobal,14,0.6403639415899912,0.6925612092018127,0.5119047619047619,0.5788196540543045,0.5333333333333333,0.0,0.0,0.0,0.0,0.0,0.0,0.0,0.0,0.0,,,,,18473,global,0.4
3,4,lr5e-05_bs32_modL1_fusion16_fusionL1_fusionBN0_drop0p1__wd1e-04trmiss40_trlocglobal,32,5e-05,0.0001,1,16,1,False,0.1,lr5e-05_bs32_modL1_fusion16_fusionL1_fusionBN0_drop0p1__wd1e-04trmiss40_trlocglobal,15,0.6309965948263804,0.6920740902423859,0.5218253968253967,0.5820231090287836,0.5333333333333333,0.0,0.0,0.0,0.0,0.0,0.0,0.0,0.0,0.0,,,,,18473,global,0.4
3,4,lr5e-05_bs32_modL1_fusion16_fusionL1_fusionBN0_drop0p1__wd1e-04trmiss40_trlocglobal,32,5e-05,0.0001,1,16,1,False,0.1,lr5e-05_bs32_modL1_fusion16_fusionL1_fusionBN0_drop0p1__wd1e-04trmiss40_trlocglobal,16,0.6266220013300577,0.6927934288978577,0.49603174603174605,0.5648721339478626,0.5111111111111111,0.0,0.0,0.0,0.0,0.0,0.0,0.0,0.0,0.0,,,,,18473,global,0.4
3,4,lr5e-05_bs32_modL1_fusion16_fusionL1_fusionBN0_drop0p1__wd1e-04trmiss40_trlocglobal,32,5e-05,0.0001,1,16,1,False,0.1,lr5e-05_bs32_modL1_fusion16_fusionL1_fusionBN0_drop0p1__wd1e-04trmiss40_trlocglobal,17,0.6230635444323221,0.6924286782741547,0.5079365079365079,0.5764685698510229,0.4888888888888889,0.0,0.0,0.0,0.0,0.0,0.0,0.0,0.0,0.0,,,,,18473,global,0.4
3,4,lr5e-05_bs32_modL1_fusion16_fusionL1_fusionBN0_drop0p1__wd1e-04trmiss40_trlocglobal,32,5e-05,0.0001,1,16,1,False,0.1,lr5e-05_bs32_modL1_fusion16_fusionL1_fusionBN0_drop0p1__wd1e-04trmiss40_trlocglobal,18,0.6269575655460358,0.6929550468921661,0.498015873015873,0.5679865383962361,0.4666666666666667,0.0,0.0,0.0,0.0,0.0,0.0,0.0,0.0,0.0,,,,,18473,global,0.4
3,4,lr5e-05_bs32_modL1_fusion16_fusionL1_fusionBN0_drop0p1__wd1e-04trmiss40_trlocglobal,32,5e-05,0.0001,1,16,1,False,0.1,lr5e-05_bs32_modL1_fusion16_fusionL1_fusionBN0_drop0p1__wd1e-04trmiss40_trlocglobal,19,0.6253809034824371,0.6935965418815613,0.48611111111111116,0.5560438879667435,0.4888888888888889,0.0,0.0,0.0,0.0,0.0,0.0,0.0,0.0,0.0,,,,,18473,global,0.4
3,4,lr5e-05_bs32_modL1_fusion16_fusionL1_fusionBN0_drop0p1__wd1e-04trmiss40_trlocglobal,32,5e-05,0.0001,1,16,1,False,0.1,lr5e-05_bs32_modL1_fusion16_fusionL1_fusionBN0_drop0p1__wd1e-04trmiss40_trlocglobal,20,0.6156103710333506,0.6935748755931854,0.4861111111111111,0.5567649346309952,0.5111111111111111,0.0,0.0,0.0,0.0,0.0,0.0,0.0,0.0,0.0,,,,,18473,global,0.4
3,4,lr5e-05_bs32_modL1_fusion16_fusionL1_fusionBN0_drop0p1__wd1e-04trmiss40_trlocglobal,32,5e-05,0.0001,1,16,1,False,0.1,lr5e-05_bs32_modL1_fusion16_fusionL1_fusionBN0_drop0p1__wd1e-04trmiss40_trlocglobal,21,0.6174088716506958,0.6937845945358276,0.47023809523809523,0.5432419344089102,0.5111111111111111,0.0,0.0,0.0,0.0,0.0,0.0,0.0,0.0,0.0,,,,,18473,global,0.4
3,4,lr5e-05_bs32_modL1_fusion16_fusionL1_fusionBN0_drop0p1__wd1e-04trmiss40_trlocglobal,32,5e-05,0.0001,1,16,1,False,0.1,lr5e-05_bs32_modL1_fusion16_fusionL1_fusionBN0_drop0p1__wd1e-04trmiss40_trlocglobal,22,0.6151797970136007,0.6940634548664093,0.4761904761904762,0.5402390476516803,0.5333333333333333,0.0,0.0,0.0,0.0,0.0,0.0,0.0,0.0,0.0,,,,,18473,global,0.4
3,4,lr5e-05_bs32_modL1_fusion16_fusionL1_fusionBN0_drop0p1__wd1e-04trmiss40_trlocglobal,32,5e-05,0.0001,1,16,1,False,0.1,lr5e-05_bs32_modL1_fusion16_fusionL1_fusionBN0_drop0p1__wd1e-04trmiss40_trlocglobal,23,0.6108341813087463,0.6940265595912933,0.48809523809523814,0.54705299347087,0.5333333333333333,0.0,0.0,0.0,0.0,0.0,0.0,0.0,0.0,0.0,,,,,18473,global,0.4
3,4,lr5e-05_bs32_modL1_fusion16_fusionL1_fusionBN0_drop0p1__wd1e-04trmiss40_trlocglobal,32,5e-05,0.0001,1,16,1,False,0.1,lr5e-05_bs32_modL1_fusion16_fusionL1_fusionBN0_drop0p1__wd1e-04trmiss40_trlocglobal,24,0.6051246424516042,0.6936309635639191,0.48611111111111116,0.5467911173006401,0.5333333333333333,0.0,0.0,0.0,0.0,0.0,0.0,0.0,0.0,0.0,,,,,18473,global,0.4
3,4,lr5e-05_bs32_modL1_fusion16_fusionL1_fusionBN0_drop0p1__wd1e-04trmiss40_trlocglobal,32,5e-05,0.0001,1,16,1,False,0.1,lr5e-05_bs32_modL1_fusion16_fusionL1_fusionBN0_drop0p1__wd1e-04trmiss40_trlocglobal,25,0.6055898467699686,0.6931554675102234,0.48809523809523814,0.5488156304440297,0.5333333333333333,0.0,0.0,0.0,0.0,0.0,0.0,0.0,0.0,0.0,,,,,18473,global,0.4
3,4,lr5e-05_bs32_modL1_fusion16_fusionL1_fusionBN0_drop0p1__wd1e-04trmiss40_trlocglobal,32,5e-05,0.0001,1,16,1,False,0.1,lr5e-05_bs32_modL1_fusion16_fusionL1_fusionBN0_drop0p1__wd1e-04trmiss40_trlocglobal,26,0.6022344529628754,0.6943172812461853,0.4801587301587302,0.5440147213571298,0.5333333333333333,0.0,0.0,0.0,0.0,0.0,0.0,0.0,0.0,0.0,,,,,18473,global,0.4
3,4,lr5e-05_bs32_modL1_fusion16_fusionL1_fusionBN0_drop0p1__wd1e-04trmiss40_trlocglobal,32,5e-05,0.0001,1,16,1,False,0.1,lr5e-05_bs32_modL1_fusion16_fusionL1_fusionBN0_drop0p1__wd1e-04trmiss40_trlocglobal,27,0.5988121926784515,0.6943479776382446,0.4801587301587301,0.5436774570844694,0.5555555555555556,0.0,0.0,0.0,0.0,0.0,0.0,0.0,0.0,0.0,,,,,18473,global,0.4
3,4,lr5e-05_bs32_modL1_fusion16_fusionL1_fusionBN0_drop0p1__wd1e-04trmiss40_trlocglobal,32,5e-05,0.0001,1,16,1,False,0.1,lr5e-05_bs32_modL1_fusion16_fusionL1_fusionBN0_drop0p1__wd1e-04trmiss40_trlocglobal,28,0.600091944138209,0.6943053603172302,0.48809523809523814,0.5464024114899276,0.5555555555555556,0.0,0.0,0.0,0.0,0.0,0.0,0.0,0.0,0.0,,,,,18473,global,0.4
3,4,lr5e-05_bs32_modL1_fusion16_fusionL1_fusionBN0_drop0p1__wd1e-04trmiss40_trlocglobal,32,5e-05,0.0001,1,16,1,False,0.1,lr5e-05_bs32_modL1_fusion16_fusionL1_fusionBN0_drop0p1__wd1e-04trmiss40_trlocglobal,29,0.5997069974740347,0.6940535008907318,0.4900793650793651,0.5491338062908185,0.5333333333333333,0.0,0.0,0.0,0.0,0.0,0.0,0.0,0.0,0.0,,,,,18473,global,0.4
3,4,lr5e-05_bs32_modL1_fusion16_fusionL1_fusionBN0_drop0p1__wd1e-04trmiss40_trlocglobal,32,5e-05,0.0001,1,16,1,False,0.1,lr5e-05_bs32_modL1_fusion16_fusionL1_fusionBN0_drop0p1__wd1e-04trmiss40_trlocglobal,30,0.5942028363545736,0.6939685344696045,0.4920634920634921,0.5815509203923241,0.5333333333333333,0.0,0.0,0.0,0.0,0.0,0.0,0.0,0.0,0.0,,,,,18473,global,0.4
3,4,lr5e-05_bs32_modL1_fusion16_fusionL1_fusionBN0_drop0p1__wd1e-04trmiss40_trlocglobal,32,5e-05,0.0001,1,16,1,False,0.1,lr5e-05_bs32_modL1_fusion16_fusionL1_fusionBN0_drop0p1__wd1e-04trmiss40_trlocglobal,31,0.5942451258500417,0.6954432427883148,0.46031746031746035,0.5617462058057915,0.5333333333333333,0.0,0.0,0.0,0.0,0.0,0.0,0.0,0.0,0.0,,,,,18473,global,0.4
3,4,lr5e-05_bs32_modL1_fusion16_fusionL1_fusionBN0_drop0p1__wd1e-04trmiss40_trlocglobal,32,5e-05,0.0001,1,16,1,False,0.1,lr5e-05_bs32_modL1_fusion16_fusionL1_fusionBN0_drop0p1__wd1e-04trmiss40_trlocglobal,32,0.5932934085528055,0.6956759691238403,0.4642857142857143,0.5669507596655311,0.5333333333333333,0.0,0.0,0.0,0.0,0.0,0.0,0.0,0.0,0.0,,,,,18473,global,0.4
3,4,lr5e-05_bs32_modL1_fusion16_fusionL1_fusionBN0_drop0p1__wd1e-04trmiss40_trlocglobal,32,5e-05,0.0001,1,16,1,False,0.1,lr5e-05_bs32_modL1_fusion16_fusionL1_fusionBN0_drop0p1__wd1e-04trmiss40_trlocglobal,33,0.5947594940662384,0.6950834691524506,0.4781746031746032,0.5718558598333489,0.5555555555555556,0.0,0.0,0.0,0.0,0.0,0.0,0.0,0.0,0.0,,,,,18473,global,0.4
3,4,lr5e-05_bs32_modL1_fusion16_fusionL1_fusionBN0_drop0p1__wd1e-04trmiss40_trlocglobal,32,5e-05,0.0001,1,16,1,False,0.1,lr5e-05_bs32_modL1_fusion16_fusionL1_fusionBN0_drop0p1__wd1e-04trmiss40_trlocglobal,34,0.5858489175637563,0.6947371959686279,0.47619047619047616,0.5698307535915691,0.5555555555555556,0.0,0.0,0.0,0.0,0.0,0.0,0.0,0.0,0.0,,,,,18473,global,0.4
3,4,lr5e-05_bs32_modL1_fusion16_fusionL1_fusionBN0_drop0p1__wd1e-04trmiss40_trlocglobal,32,5e-05,0.0001,1,16,1,False,0.1,lr5e-05_bs32_modL1_fusion16_fusionL1_fusionBN0_drop0p1__wd1e-04trmiss40_trlocglobal,35,0.5902633368968964,0.6963410675525665,0.4642857142857143,0.563087934897061,0.5333333333333333,0.0,0.0,0.0,0.0,0.0,0.0,0.0,0.0,0.0,,,,,18473,global,0.4
3,4,lr5e-05_bs32_modL1_fusion32_fusionL1_fusionBN0_drop0p2__wd1e-04trmiss40_trlocglobal,32,5e-05,0.0001,1,32,1,False,0.2,lr5e-05_bs32_modL1_fusion32_fusionL1_fusionBN0_drop0p2__wd1e-04trmiss40_trlocglobal,1,0.6930295526981354,0.6921896040439606,0.5773809523809523,0.6565770012094322,0.5333333333333333,0.0,0.0,0.0,0.0,0.0,0.0,0.0,0.0,0.0,,,,,18473,global,0.4
3,4,lr5e-05_bs32_modL1_fusion32_fusionL1_fusionBN0_drop0p2__wd1e-04trmiss40_trlocglobal,32,5e-05,0.0001,1,32,1,False,0.2,lr5e-05_bs32_modL1_fusion32_fusionL1_fusionBN0_drop0p2__wd1e-04trmiss40_trlocglobal,2,0.677125891049703,0.6910368502140045,0.6031746031746031,0.674125325676863,0.5555555555555556,0.0,0.0,0.0,0.0,0.0,0.0,0.0,0.0,0.0,,,,,18473,global,0.4
3,4,lr5e-05_bs32_modL1_fusion32_fusionL1_fusionBN0_drop0p2__wd1e-04trmiss40_trlocglobal,32,5e-05,0.0001,1,32,1,False,0.2,lr5e-05_bs32_modL1_fusion32_fusionL1_fusionBN0_drop0p2__wd1e-04trmiss40_trlocglobal,3,0.6746199826399485,0.6905271410942078,0.6091269841269841,0.6818354957244429,0.5555555555555556,0.0,0.0,0.0,0.0,0.0,0.0,0.0,0.0,0.0,,,,,18473,global,0.4
3,4,lr5e-05_bs32_modL1_fusion32_fusionL1_fusionBN0_drop0p2__wd1e-04trmiss40_trlocglobal,32,5e-05,0.0001,1,32,1,False,0.2,lr5e-05_bs32_modL1_fusion32_fusionL1_fusionBN0_drop0p2__wd1e-04trmiss40_trlocglobal,4,0.6682973404725393,0.6886746883392334,0.615079365079365,0.6892959612989437,0.5555555555555556,0.0,0.0,0.0,0.0,0.0,0.0,0.0,0.0,0.0,,,,,18473,global,0.4
3,4,lr5e-05_bs32_modL1_fusion32_fusionL1_fusionBN0_drop0p2__wd1e-04trmiss40_trlocglobal,32,5e-05,0.0001,1,32,1,False,0.2,lr5e-05_bs32_modL1_fusion32_fusionL1_fusionBN0_drop0p2__wd1e-04trmiss40_trlocglobal,5,0.6705415944258372,0.687555342912674,0.621031746031746,0.6909314369332751,0.5333333333333333,0.0,0.0,0.0,0.0,0.0,0.0,0.0,0.0,0.0,,,,,18473,global,0.4
3,4,lr5e-05_bs32_modL1_fusion32_fusionL1_fusionBN0_drop0p2__wd1e-04trmiss40_trlocglobal,32,5e-05,0.0001,1,32,1,False,0.2,lr5e-05_bs32_modL1_fusion32_fusionL1_fusionBN0_drop0p2__wd1e-04trmiss40_trlocglobal,6,0.6638121008872986,0.6866598725318909,0.6309523809523809,0.7252310758255879,0.5111111111111111,0.0,0.0,0.0,0.0,0.0,0.0,0.0,0.0,0.0,,,,,18473,global,0.4
3,4,lr5e-05_bs32_modL1_fusion32_fusionL1_fusionBN0_drop0p2__wd1e-04trmiss40_trlocglobal,32,5e-05,0.0001,1,32,1,False,0.2,lr5e-05_bs32_modL1_fusion32_fusionL1_fusionBN0_drop0p2__wd1e-04trmiss40_trlocglobal,7,0.6537350416183472,0.6866208910942078,0.6349206349206349,0.7263659988857903,0.5111111111111111,0.0,0.0,0.0,0.0,0.0,0.0,0.0,0.0,0.0,,,,,18473,global,0.4
3,4,lr5e-05_bs32_modL1_fusion32_fusionL1_fusionBN0_drop0p2__wd1e-04trmiss40_trlocglobal,32,5e-05,0.0001,1,32,1,False,0.2,lr5e-05_bs32_modL1_fusion32_fusionL1_fusionBN0_drop0p2__wd1e-04trmiss40_trlocglobal,8,0.6478160520394644,0.6873741745948792,0.628968253968254,0.7233087896553356,0.4888888888888889,0.0,0.0,0.0,0.0,0.0,0.0,0.0,0.0,0.0,,,,,18473,global,0.4
3,4,lr5e-05_bs32_modL1_fusion32_fusionL1_fusionBN0_drop0p2__wd1e-04trmiss40_trlocglobal,32,5e-05,0.0001,1,32,1,False,0.2,lr5e-05_bs32_modL1_fusion32_fusionL1_fusionBN0_drop0p2__wd1e-04trmiss40_trlocglobal,9,0.6507593393325806,0.6884226202964783,0.6150793650793651,0.713470484790149,0.4888888888888889,0.0,0.0,0.0,0.0,0.0,0.0,0.0,0.0,0.0,,,,,18473,global,0.4
3,4,lr5e-05_bs32_modL1_fusion32_fusionL1_fusionBN0_drop0p2__wd1e-04trmiss40_trlocglobal,32,5e-05,0.0001,1,32,1,False,0.2,lr5e-05_bs32_modL1_fusion32_fusionL1_fusionBN0_drop0p2__wd1e-04trmiss40_trlocglobal,10,0.6481859485308329,0.6885754764080048,0.6190476190476191,0.7161108211575022,0.4888888888888889,0.0,0.0,0.0,0.0,0.0,0.0,0.0,0.0,0.0,,,,,18473,global,0.4
3,4,lr5e-05_bs32_modL1_fusion32_fusionL1_fusionBN0_drop0p2__wd1e-04trmiss40_trlocglobal,32,5e-05,0.0001,1,32,1,False,0.2,lr5e-05_bs32_modL1_fusion32_fusionL1_fusionBN0_drop0p2__wd1e-04trmiss40_trlocglobal,11,0.6424664855003357,0.6868059933185577,0.632936507936508,0.7261316832050239,0.5333333333333333,0.0,0.0,0.0,0.0,0.0,0.0,0.0,0.0,0.0,,,,,18473,global,0.4
3,4,lr5e-05_bs32_modL1_fusion32_fusionL1_fusionBN0_drop0p2__wd1e-04trmiss40_trlocglobal,32,5e-05,0.0001,1,32,1,False,0.2,lr5e-05_bs32_modL1_fusion32_fusionL1_fusionBN0_drop0p2__wd1e-04trmiss40_trlocglobal,12,0.641912450393041,0.6855887770652771,0.6408730158730159,0.7383232567302689,0.5333333333333333,0.0,0.0,0.0,0.0,0.0,0.0,0.0,0.0,0.0,,,,,18473,global,0.4
3,4,lr5e-05_bs32_modL1_fusion32_fusionL1_fusionBN0_drop0p2__wd1e-04trmiss40_trlocglobal,32,5e-05,0.0001,1,32,1,False,0.2,lr5e-05_bs32_modL1_fusion32_fusionL1_fusionBN0_drop0p2__wd1e-04trmiss40_trlocglobal,13,0.6381587286790212,0.6855609118938446,0.636904761904762,0.7326308630863787,0.5777777777777777,0.0,0.0,0.0,0.0,0.0,0.0,0.0,0.0,0.0,,,,,18473,global,0.4
3,4,lr5e-05_bs32_modL1_fusion32_fusionL1_fusionBN0_drop0p2__wd1e-04trmiss40_trlocglobal,32,5e-05,0.0001,1,32,1,False,0.2,lr5e-05_bs32_modL1_fusion32_fusionL1_fusionBN0_drop0p2__wd1e-04trmiss40_trlocglobal,14,0.631766160329183,0.6863988637924194,0.628968253968254,0.7233852382150963,0.5555555555555556,0.0,0.0,0.0,0.0,0.0,0.0,0.0,0.0,0.0,,,,,18473,global,0.4
3,4,lr5e-05_bs32_modL1_fusion32_fusionL1_fusionBN0_drop0p2__wd1e-04trmiss40_trlocglobal,32,5e-05,0.0001,1,32,1,False,0.2,lr5e-05_bs32_modL1_fusion32_fusionL1_fusionBN0_drop0p2__wd1e-04trmiss40_trlocglobal,15,0.6264142294724783,0.6863964796066284,0.634920634920635,0.7386859462122053,0.5777777777777777,0.0,0.0,0.0,0.0,0.0,0.0,0.0,0.0,0.0,,,,,18473,global,0.4
3,4,lr5e-05_bs32_modL1_fusion32_fusionL1_fusionBN0_drop0p2__wd1e-04trmiss40_trlocglobal,32,5e-05,0.0001,1,32,1,False,0.2,lr5e-05_bs32_modL1_fusion32_fusionL1_fusionBN0_drop0p2__wd1e-04trmiss40_trlocglobal,16,0.6211990217367808,0.6853415071964264,0.636904761904762,0.7321234105612575,0.5555555555555556,0.0,0.0,0.0,0.0,0.0,0.0,0.0,0.0,0.0,,,,,18473,global,0.4
3,4,lr5e-05_bs32_modL1_fusion32_fusionL1_fusionBN0_drop0p2__wd1e-04trmiss40_trlocglobal,32,5e-05,0.0001,1,32,1,False,0.2,lr5e-05_bs32_modL1_fusion32_fusionL1_fusionBN0_drop0p2__wd1e-04trmiss40_trlocglobal,17,0.62528728445371,0.6849691569805145,0.6349206349206349,0.72739624985915,0.5777777777777777,0.0,0.0,0.0,0.0,0.0,0.0,0.0,0.0,0.0,,,,,18473,global,0.4
3,4,lr5e-05_bs32_modL1_fusion32_fusionL1_fusionBN0_drop0p2__wd1e-04trmiss40_trlocglobal,32,5e-05,0.0001,1,32,1,False,0.2,lr5e-05_bs32_modL1_fusion32_fusionL1_fusionBN0_drop0p2__wd1e-04trmiss40_trlocglobal,18,0.6257661581039429,0.6854689121246338,0.6329365079365079,0.7273147111708,0.5555555555555556,0.0,0.0,0.0,0.0,0.0,0.0,0.0,0.0,0.0,,,,,18473,global,0.4
3,4,lr5e-05_bs32_modL1_fusion32_fusionL1_fusionBN0_drop0p2__wd1e-04trmiss40_trlocglobal,32,5e-05,0.0001,1,32,1,False,0.2,lr5e-05_bs32_modL1_fusion32_fusionL1_fusionBN0_drop0p2__wd1e-04trmiss40_trlocglobal,19,0.6177380979061127,0.685242086648941,0.621031746031746,0.714381203829398,0.5111111111111111,0.0,0.0,0.0,0.0,0.0,0.0,0.0,0.0,0.0,,,,,18473,global,0.4
3,4,lr5e-05_bs32_modL1_fusion32_fusionL1_fusionBN0_drop0p2__wd1e-04trmiss40_trlocglobal,32,5e-05,0.0001,1,32,1,False,0.2,lr5e-05_bs32_modL1_fusion32_fusionL1_fusionBN0_drop0p2__wd1e-04trmiss40_trlocglobal,20,0.6170641084512075,0.6856381893157959,0.6130952380952381,0.7133948687083376,0.5111111111111111,0.0,0.0,0.0,0.0,0.0,0.0,0.0,0.0,0.0,,,,,18473,global,0.4
3,4,lr5e-05_bs32_modL1_fusion32_fusionL1_fusionBN0_drop0p2__wd1e-04trmiss40_trlocglobal,32,5e-05,0.0001,1,32,1,False,0.2,lr5e-05_bs32_modL1_fusion32_fusionL1_fusionBN0_drop0p2__wd1e-04trmiss40_trlocglobal,21,0.6078172624111176,0.6853182315826416,0.6130952380952381,0.7164694484958505,0.5333333333333333,0.0,0.0,0.0,0.0,0.0,0.0,0.0,0.0,0.0,,,,,18473,global,0.4
3,4,lr5e-05_bs32_modL1_fusion32_fusionL1_fusionBN0_drop0p2__wd1e-04trmiss40_trlocglobal,32,5e-05,0.0001,1,32,1,False,0.2,lr5e-05_bs32_modL1_fusion32_fusionL1_fusionBN0_drop0p2__wd1e-04trmiss40_trlocglobal,22,0.6103008091449738,0.6846835017204285,0.611111111111111,0.7147921114566713,0.5333333333333333,0.0,0.0,0.0,0.0,0.0,0.0,0.0,0.0,0.0,,,,,18473,global,0.4
3,4,lr5e-05_bs32_modL1_fusion32_fusionL1_fusionBN0_drop0p2__wd1e-04trmiss40_trlocglobal,32,5e-05,0.0001,1,32,1,False,0.2,lr5e-05_bs32_modL1_fusion32_fusionL1_fusionBN0_drop0p2__wd1e-04trmiss40_trlocglobal,23,0.6080364088217417,0.6850834488868713,0.5992063492063492,0.6985647338477148,0.5111111111111111,0.0,0.0,0.0,0.0,0.0,0.0,0.0,0.0,0.0,,,,,18473,global,0.4
3,4,lr5e-05_bs32_modL1_fusion32_fusionL1_fusionBN0_drop0p2__wd1e-04trmiss40_trlocglobal,32,5e-05,0.0001,1,32,1,False,0.2,lr5e-05_bs32_modL1_fusion32_fusionL1_fusionBN0_drop0p2__wd1e-04trmiss40_trlocglobal,24,0.6084073682626089,0.6845639050006866,0.6190476190476191,0.7284948360837205,0.5111111111111111,0.0,0.0,0.0,0.0,0.0,0.0,0.0,0.0,0.0,,,,,18473,global,0.4
3,4,lr5e-05_bs32_modL1_fusion32_fusionL1_fusionBN0_drop0p2__wd1e-04trmiss40_trlocglobal,32,5e-05,0.0001,1,32,1,False,0.2,lr5e-05_bs32_modL1_fusion32_fusionL1_fusionBN0_drop0p2__wd1e-04trmiss40_trlocglobal,25,0.6061588327089945,0.6835532784461975,0.6111111111111112,0.7246462543278245,0.5111111111111111,0.0,0.0,0.0,0.0,0.0,0.0,0.0,0.0,0.0,,,,,18473,global,0.4
3,4,lr5e-05_bs32_modL1_fusion32_fusionL1_fusionBN0_drop0p2__wd1e-04trmiss40_trlocglobal,32,5e-05,0.0001,1,32,1,False,0.2,lr5e-05_bs32_modL1_fusion32_fusionL1_fusionBN0_drop0p2__wd1e-04trmiss40_trlocglobal,26,0.6046959459781647,0.6839345395565033,0.6011904761904763,0.7185823012477437,0.5111111111111111,0.0,0.0,0.0,0.0,0.0,0.0,0.0,0.0,0.0,,,,,18473,global,0.4
3,4,lr5e-05_bs32_modL1_fusion32_fusionL1_fusionBN0_drop0p2__wd1e-04trmiss40_trlocglobal,32,5e-05,0.0001,1,32,1,False,0.2,lr5e-05_bs32_modL1_fusion32_fusionL1_fusionBN0_drop0p2__wd1e-04trmiss40_trlocglobal,27,0.5945145984490713,0.6840755045413971,0.5992063492063493,0.7171667029571454,0.5111111111111111,0.0,0.0,0.0,0.0,0.0,0.0,0.0,0.0,0.0,,,,,18473,global,0.4
3,4,lr5e-05_bs32_modL1_fusion32_fusionL1_fusionBN0_drop0p2__wd1e-04trmiss40_trlocglobal,32,5e-05,0.0001,1,32,1,False,0.2,lr5e-05_bs32_modL1_fusion32_fusionL1_fusionBN0_drop0p2__wd1e-04trmiss40_trlocglobal,28,0.601944237947464,0.6831773519515991,0.6051587301587301,0.7225269527901106,0.5111111111111111,0.0,0.0,0.0,0.0,0.0,0.0,0.0,0.0,0.0,,,,,18473,global,0.4
3,4,lr5e-05_bs32_modL1_fusion32_fusionL1_fusionBN0_drop0p2__wd1e-04trmiss40_trlocglobal,32,5e-05,0.0001,1,32,1,False,0.2,lr5e-05_bs32_modL1_fusion32_fusionL1_fusionBN0_drop0p2__wd1e-04trmiss40_trlocglobal,29,0.5937465329964956,0.6826883852481842,0.6190476190476191,0.7296357339942865,0.5111111111111111,0.0,0.0,0.0,0.0,0.0,0.0,0.0,0.0,0.0,,,,,18473,global,0.4
3,4,lr5e-05_bs32_modL1_fusion32_fusionL1_fusionBN0_drop0p2__wd1e-04trmiss40_trlocglobal,32,5e-05,0.0001,1,32,1,False,0.2,lr5e-05_bs32_modL1_fusion32_fusionL1_fusionBN0_drop0p2__wd1e-04trmiss40_trlocglobal,30,0.5911989311377207,0.683247834444046,0.6111111111111112,0.7258526389408597,0.5111111111111111,0.0,0.0,0.0,0.0,0.0,0.0,0.0,0.0,0.0,,,,,18473,global,0.4
3,4,lr5e-05_bs32_modL1_fusion32_fusionL1_fusionBN0_drop0p2__wd1e-04trmiss40_trlocglobal,32,5e-05,0.0001,1,32,1,False,0.2,lr5e-05_bs32_modL1_fusion32_fusionL1_fusionBN0_drop0p2__wd1e-04trmiss40_trlocglobal,31,0.5866623024145762,0.6842332482337952,0.5932539682539683,0.7176049876841488,0.5111111111111111,0.0,0.0,0.0,0.0,0.0,0.0,0.0,0.0,0.0,,,,,18473,global,0.4
3,4,lr5e-05_bs32_modL1_fusion32_fusionL1_fusionBN0_drop0p2__wd1e-04trmiss40_trlocglobal,32,5e-05,0.0001,1,32,1,False,0.2,lr5e-05_bs32_modL1_fusion32_fusionL1_fusionBN0_drop0p2__wd1e-04trmiss40_trlocglobal,32,0.5857622524102529,0.6847732365131378,0.5833333333333335,0.713265526074087,0.4888888888888889,0.0,0.0,0.0,0.0,0.0,0.0,0.0,0.0,0.0,,,,,18473,global,0.4
3,4,lr5e-05_bs32_modL1_fusion32_fusionL1_fusionBN0_drop0p1__wd1e-04trmiss40_trlocglobal,32,5e-05,0.0001,1,32,1,False,0.1,lr5e-05_bs32_modL1_fusion32_fusionL1_fusionBN0_drop0p1__wd1e-04trmiss40_trlocglobal,1,0.6903557181358337,0.6952828168869019,0.5218253968253967,0.5539546965010732,0.4888888888888889,0.0,0.0,0.0,0.0,0.0,0.0,0.0,0.0,0.0,,,,,18473,global,0.4
3,4,lr5e-05_bs32_modL1_fusion32_fusionL1_fusionBN0_drop0p1__wd1e-04trmiss40_trlocglobal,32,5e-05,0.0001,1,32,1,False,0.1,lr5e-05_bs32_modL1_fusion32_fusionL1_fusionBN0_drop0p1__wd1e-04trmiss40_trlocglobal,2,0.6788632770379385,0.6970676779747009,0.5178571428571429,0.5514646124557921,0.4888888888888889,0.0,0.0,0.0,0.0,0.0,0.0,0.0,0.0,0.0,,,,,18473,global,0.4
3,4,lr5e-05_bs32_modL1_fusion32_fusionL1_fusionBN0_drop0p1__wd1e-04trmiss40_trlocglobal,32,5e-05,0.0001,1,32,1,False,0.1,lr5e-05_bs32_modL1_fusion32_fusionL1_fusionBN0_drop0p1__wd1e-04trmiss40_trlocglobal,3,0.6737204492092133,0.6990503668785095,0.509920634920635,0.5422273662250114,0.4888888888888889,0.0,0.0,0.0,0.0,0.0,0.0,0.0,0.0,0.0,,,,,18473,global,0.4
3,4,lr5e-05_bs32_modL1_fusion32_fusionL1_fusionBN0_drop0p1__wd1e-04trmiss40_trlocglobal,32,5e-05,0.0001,1,32,1,False,0.1,lr5e-05_bs32_modL1_fusion32_fusionL1_fusionBN0_drop0p1__wd1e-04trmiss40_trlocglobal,4,0.6657576560974121,0.6998359560966492,0.5,0.5389769791461847,0.4666666666666667,0.0,0.0,0.0,0.0,0.0,0.0,0.0,0.0,0.0,,,,,18473,global,0.4
3,4,lr5e-05_bs32_modL1_fusion32_fusionL1_fusionBN0_drop0p1__wd1e-04trmiss40_trlocglobal,32,5e-05,0.0001,1,32,1,False,0.1,lr5e-05_bs32_modL1_fusion32_fusionL1_fusionBN0_drop0p1__wd1e-04trmiss40_trlocglobal,5,0.662791887919108,0.7005254328250885,0.4900793650793651,0.5356501944933527,0.4666666666666667,0.0,0.0,0.0,0.0,0.0,0.0,0.0,0.0,0.0,,,,,18473,global,0.4
3,4,lr5e-05_bs32_modL1_fusion32_fusionL1_fusionBN0_drop0p1__wd1e-04trmiss40_trlocglobal,32,5e-05,0.0001,1,32,1,False,0.1,lr5e-05_bs32_modL1_fusion32_fusionL1_fusionBN0_drop0p1__wd1e-04trmiss40_trlocglobal,6,0.656866580247879,0.7006582319736481,0.4900793650793651,0.5392015130626229,0.4666666666666667,0.0,0.0,0.0,0.0,0.0,0.0,0.0,0.0,0.0,,,,,18473,global,0.4
3,4,lr5e-05_bs32_modL1_fusion32_fusionL1_fusionBN0_drop0p1__wd1e-04trmiss40_trlocglobal,32,5e-05,0.0001,1,32,1,False,0.1,lr5e-05_bs32_modL1_fusion32_fusionL1_fusionBN0_drop0p1__wd1e-04trmiss40_trlocglobal,7,0.6509238878885905,0.6981403529644012,0.511904761904762,0.5466502945002336,0.5111111111111111,0.0,0.0,0.0,0.0,0.0,0.0,0.0,0.0,0.0,,,,,18473,global,0.4
3,4,lr5e-05_bs32_modL1_fusion32_fusionL1_fusionBN0_drop0p1__wd1e-04trmiss40_trlocglobal,32,5e-05,0.0001,1,32,1,False,0.1,lr5e-05_bs32_modL1_fusion32_fusionL1_fusionBN0_drop0p1__wd1e-04trmiss40_trlocglobal,8,0.6431039472421011,0.6968982517719269,0.5178571428571429,0.5487427120805214,0.5111111111111111,0.0,0.0,0.0,0.0,0.0,0.0,0.0,0.0,0.0,,,,,18473,global,0.4
3,4,lr5e-05_bs32_modL1_fusion32_fusionL1_fusionBN0_drop0p1__wd1e-04trmiss40_trlocglobal,32,5e-05,0.0001,1,32,1,False,0.1,lr5e-05_bs32_modL1_fusion32_fusionL1_fusionBN0_drop0p1__wd1e-04trmiss40_trlocglobal,9,0.6419989963372549,0.6961435377597809,0.5317460317460317,0.5560580346061023,0.5333333333333333,0.0,0.0,0.0,0.0,0.0,0.0,0.0,0.0,0.0,,,,,18473,global,0.4
3,4,lr5e-05_bs32_modL1_fusion32_fusionL1_fusionBN0_drop0p1__wd1e-04trmiss40_trlocglobal,32,5e-05,0.0001,1,32,1,False,0.1,lr5e-05_bs32_modL1_fusion32_fusionL1_fusionBN0_drop0p1__wd1e-04trmiss40_trlocglobal,10,0.6297857761383057,0.6966274380683899,0.5257936507936508,0.5524962011944422,0.5111111111111111,0.0,0.0,0.0,0.0,0.0,0.0,0.0,0.0,0.0,,,,,18473,global,0.4
3,4,lr5e-05_bs32_modL1_fusion32_fusionL1_fusionBN0_drop0p1__wd1e-04trmiss40_trlocglobal,32,5e-05,0.0001,1,32,1,False,0.1,lr5e-05_bs32_modL1_fusion32_fusionL1_fusionBN0_drop0p1__wd1e-04trmiss40_trlocglobal,11,0.6344017088413239,0.6961183547973633,0.5257936507936508,0.548078359046337,0.5111111111111111,0.0,0.0,0.0,0.0,0.0,0.0,0.0,0.0,0.0,,,,,18473,global,0.4
3,4,lr5e-05_bs32_modL1_fusion32_fusionL1_fusionBN0_drop0p1__wd1e-04trmiss40_trlocglobal,32,5e-05,0.0001,1,32,1,False,0.1,lr5e-05_bs32_modL1_fusion32_fusionL1_fusionBN0_drop0p1__wd1e-04trmiss40_trlocglobal,12,0.6223019262154897,0.6956745386123657,0.5337301587301587,0.5542315974373626,0.5111111111111111,0.0,0.0,0.0,0.0,0.0,0.0,0.0,0.0,0.0,,,,,18473,global,0.4
3,4,lr5e-05_bs32_modL1_fusion32_fusionL1_fusionBN0_drop0p1__wd1e-04trmiss40_trlocglobal,32,5e-05,0.0001,1,32,1,False,0.1,lr5e-05_bs32_modL1_fusion32_fusionL1_fusionBN0_drop0p1__wd1e-04trmiss40_trlocglobal,13,0.6206183433532715,0.6961552500724792,0.5238095238095238,0.5535165821739289,0.4888888888888889,0.0,0.0,0.0,0.0,0.0,0.0,0.0,0.0,0.0,,,,,18473,global,0.4
3,4,lr5e-05_bs32_modL1_fusion32_fusionL1_fusionBN0_drop0p1__wd1e-04trmiss40_trlocglobal,32,5e-05,0.0001,1,32,1,False,0.1,lr5e-05_bs32_modL1_fusion32_fusionL1_fusionBN0_drop0p1__wd1e-04trmiss40_trlocglobal,14,0.6241099139054617,0.6968208849430084,0.5198412698412699,0.5764669334795433,0.4888888888888889,0.0,0.0,0.0,0.0,0.0,0.0,0.0,0.0,0.0,,,,,18473,global,0.4
3,4,lr5e-05_bs32_modL1_fusion32_fusionL1_fusionBN0_drop0p1__wd1e-04trmiss40_trlocglobal,32,5e-05,0.0001,1,32,1,False,0.1,lr5e-05_bs32_modL1_fusion32_fusionL1_fusionBN0_drop0p1__wd1e-04trmiss40_trlocglobal,15,0.6161443889141083,0.6970310807228088,0.5158730158730159,0.5495917515561756,0.4888888888888889,0.0,0.0,0.0,0.0,0.0,0.0,0.0,0.0,0.0,,,,,18473,global,0.4
3,4,lr5e-05_bs32_modL1_fusion32_fusionL1_fusionBN0_drop0p1__wd1e-04trmiss40_trlocglobal,32,5e-05,0.0001,1,32,1,False,0.1,lr5e-05_bs32_modL1_fusion32_fusionL1_fusionBN0_drop0p1__wd1e-04trmiss40_trlocglobal,16,0.6098746160666147,0.6980285048484802,0.5158730158730158,0.5444340255043126,0.5111111111111111,0.0,0.0,0.0,0.0,0.0,0.0,0.0,0.0,0.0,,,,,18473,global,0.4
3,4,lr5e-05_bs32_modL1_fusion32_fusionL1_fusionBN0_drop0p1__wd1e-04trmiss40_trlocglobal,32,5e-05,0.0001,1,32,1,False,0.1,lr5e-05_bs32_modL1_fusion32_fusionL1_fusionBN0_drop0p1__wd1e-04trmiss40_trlocglobal,17,0.6095904509226481,0.6988410651683807,0.5158730158730159,0.5465810865329528,0.5111111111111111,0.0,0.0,0.0,0.0,0.0,0.0,0.0,0.0,0.0,,,,,18473,global,0.4
3,4,lr5e-05_bs32_modL1_fusion32_fusionL1_fusionBN0_drop0p1__wd1e-04trmiss40_trlocglobal,32,5e-05,0.0001,1,32,1,False,0.1,lr5e-05_bs32_modL1_fusion32_fusionL1_fusionBN0_drop0p1__wd1e-04trmiss40_trlocglobal,18,0.6029696563879648,0.6990250945091248,0.503968253968254,0.5423392939150959,0.5111111111111111,0.0,0.0,0.0,0.0,0.0,0.0,0.0,0.0,0.0,,,,,18473,global,0.4
3,4,lr5e-05_bs32_modL1_fusion32_fusionL1_fusionBN0_drop0p1__wd1e-04trmiss40_trlocglobal,32,5e-05,0.0001,1,32,1,False,0.1,lr5e-05_bs32_modL1_fusion32_fusionL1_fusionBN0_drop0p1__wd1e-04trmiss40_trlocglobal,19,0.5982183814048767,0.6989994049072266,0.505952380952381,0.5449951109844711,0.5111111111111111,0.0,0.0,0.0,0.0,0.0,0.0,0.0,0.0,0.0,,,,,18473,global,0.4
3,4,lr5e-05_bs32_modL1_fusion32_fusionL1_fusionBN0_drop0p1__wd1e-04trmiss40_trlocglobal,32,5e-05,0.0001,1,32,1,False,0.1,lr5e-05_bs32_modL1_fusion32_fusionL1_fusionBN0_drop0p1__wd1e-04trmiss40_trlocglobal,20,0.5998203655083975,0.7009360790252686,0.4900793650793651,0.5375960540177688,0.5111111111111111,0.0,0.0,0.0,0.0,0.0,0.0,0.0,0.0,0.0,,,,,18473,global,0.4
3,4,lr5e-05_bs32_modL1_fusion32_fusionL1_fusionBN0_drop0p1__wd1e-04trmiss40_trlocglobal,32,5e-05,0.0001,1,32,1,False,0.1,lr5e-05_bs32_modL1_fusion32_fusionL1_fusionBN0_drop0p1__wd1e-04trmiss40_trlocglobal,21,0.5930072665214539,0.7012315988540649,0.48809523809523814,0.5572388864621165,0.4888888888888889,0.0,0.0,0.0,0.0,0.0,0.0,0.0,0.0,0.0,,,,,18473,global,0.4
3,4,lr5e-05_bs32_modL1_fusion32_fusionL1_fusionBN0_drop0p1__wd1e-04trmiss40_trlocglobal,32,5e-05,0.0001,1,32,1,False,0.1,lr5e-05_bs32_modL1_fusion32_fusionL1_fusionBN0_drop0p1__wd1e-04trmiss40_trlocglobal,22,0.5898727178573608,0.7002368867397308,0.4920634920634921,0.5583804559687953,0.5111111111111111,0.0,0.0,0.0,0.0,0.0,0.0,0.0,0.0,0.0,,,,,18473,global,0.4
3,4,lr5e-05_bs32_modL1_fusion32_fusionL1_fusionBN0_drop0p1__wd1e-04trmiss40_trlocglobal,32,5e-05,0.0001,1,32,1,False,0.1,lr5e-05_bs32_modL1_fusion32_fusionL1_fusionBN0_drop0p1__wd1e-04trmiss40_trlocglobal,23,0.5901610652605692,0.6991769671440125,0.5,0.5432090336676685,0.4888888888888889,0.0,0.0,0.0,0.0,0.0,0.0,0.0,0.0,0.0,,,,,18473,global,0.4
3,4,lr5e-05_bs32_modL1_fusion32_fusionL1_fusionBN0_drop0p1__wd1e-04trmiss40_trlocglobal,32,5e-05,0.0001,1,32,1,False,0.1,lr5e-05_bs32_modL1_fusion32_fusionL1_fusionBN0_drop0p1__wd1e-04trmiss40_trlocglobal,24,0.5845545828342438,0.6982397437095642,0.503968253968254,0.5673421717713948,0.5111111111111111,0.0,0.0,0.0,0.0,0.0,0.0,0.0,0.0,0.0,,,,,18473,global,0.4
3,4,lr5e-05_bs32_modL1_fusion32_fusionL1_fusionBN0_drop0p1__wd1e-04trmiss40_trlocglobal,32,5e-05,0.0001,1,32,1,False,0.1,lr5e-05_bs32_modL1_fusion32_fusionL1_fusionBN0_drop0p1__wd1e-04trmiss40_trlocglobal,25,0.5889442463715872,0.6991104185581207,0.501984126984127,0.5455613688325037,0.5111111111111111,0.0,0.0,0.0,0.0,0.0,0.0,0.0,0.0,0.0,,,,,18473,global,0.4
3,4,lr5e-05_bs32_modL1_fusion32_fusionL1_fusionBN0_drop0p1__wd1e-04trmiss40_trlocglobal,32,5e-05,0.0001,1,32,1,False,0.1,lr5e-05_bs32_modL1_fusion32_fusionL1_fusionBN0_drop0p1__wd1e-04trmiss40_trlocglobal,26,0.579873114824295,0.6999651789665222,0.507936507936508,0.5708280392278505,0.5333333333333333,0.0,0.0,0.0,0.0,0.0,0.0,0.0,0.0,0.0,,,,,18473,global,0.4
3,4,lr5e-05_bs32_modL1_fusion32_fusionL1_fusionBN0_drop0p1__wd1e-04trmiss40_trlocglobal,32,5e-05,0.0001,1,32,1,False,0.1,lr5e-05_bs32_modL1_fusion32_fusionL1_fusionBN0_drop0p1__wd1e-04trmiss40_trlocglobal,27,0.5758879880110422,0.7009405195713043,0.5158730158730159,0.5478016792609578,0.5111111111111111,0.0,0.0,0.0,0.0,0.0,0.0,0.0,0.0,0.0,,,,,18473,global,0.4
3,4,lr5e-05_bs32_modL1_fusion32_fusionL1_fusionBN0_drop0p1__wd1e-04trmiss40_trlocglobal,32,5e-05,0.0001,1,32,1,False,0.1,lr5e-05_bs32_modL1_fusion32_fusionL1_fusionBN0_drop0p1__wd1e-04trmiss40_trlocglobal,28,0.5768507421016693,0.7007046937942505,0.503968253968254,0.5456884845705321,0.4888888888888889,0.0,0.0,0.0,0.0,0.0,0.0,0.0,0.0,0.0,,,,,18473,global,0.4
3,4,lr5e-05_bs32_modL1_fusion32_fusionL1_fusionBN0_drop0p1__wd1e-04trmiss40_trlocglobal,32,5e-05,0.0001,1,32,1,False,0.1,lr5e-05_bs32_modL1_fusion32_fusionL1_fusionBN0_drop0p1__wd1e-04trmiss40_trlocglobal,29,0.5710617303848267,0.7004483938217163,0.5059523809523809,0.5461935350755827,0.4888888888888889,0.0,0.0,0.0,0.0,0.0,0.0,0.0,0.0,0.0,,,,,18473,global,0.4
3,4,lr5e-05_bs32_modL1_fusion32_fusionL1_fusionBN0_drop0p1__wd1e-04trmiss40_trlocglobal,32,5e-05,0.0001,1,32,1,False,0.1,lr5e-05_bs32_modL1_fusion32_fusionL1_fusionBN0_drop0p1__wd1e-04trmiss40_trlocglobal,30,0.564102460940679,0.699188768863678,0.5198412698412699,0.5488527317573969,0.4666666666666667,0.0,0.0,0.0,0.0,0.0,0.0,0.0,0.0,0.0,,,,,18473,global,0.4
3,4,lr5e-05_bs32_modL1_fusion32_fusionL1_fusionBN0_drop0p1__wd1e-04trmiss40_trlocglobal,32,5e-05,0.0001,1,32,1,False,0.1,lr5e-05_bs32_modL1_fusion32_fusionL1_fusionBN0_drop0p1__wd1e-04trmiss40_trlocglobal,31,0.5718215902646383,0.6985874474048615,0.5218253968253967,0.5504221023546061,0.4888888888888889,0.0,0.0,0.0,0.0,0.0,0.0,0.0,0.0,0.0,,,,,18473,global,0.4
3,4,lr5e-05_bs32_modL1_fusion32_fusionL1_fusionBN0_drop0p1__wd1e-04trmiss40_trlocglobal,32,5e-05,0.0001,1,32,1,False,0.1,lr5e-05_bs32_modL1_fusion32_fusionL1_fusionBN0_drop0p1__wd1e-04trmiss40_trlocglobal,32,0.5708174010117849,0.6986733376979828,0.5158730158730158,0.5452070251822921,0.4888888888888889,0.0,0.0,0.0,0.0,0.0,0.0,0.0,0.0,0.0,,,,,18473,global,0.4
3,4,lr1e-05_bs32_modL1_fusion16_fusionL1_fusionBN0_drop0p2__wd1e-04trmiss40_trlocglobal,32,1e-05,0.0001,1,16,1,False,0.2,lr1e-05_bs32_modL1_fusion16_fusionL1_fusionBN0_drop0p2__wd1e-04trmiss40_trlocglobal,1,0.6960100531578064,0.6855719685554504,0.6369047619047619,0.6737628493836441,0.5555555555555556,0.0,0.0,0.0,0.0,0.0,0.0,0.0,0.0,0.0,,,,,18473,global,0.4
3,4,lr1e-05_bs32_modL1_fusion16_fusionL1_fusionBN0_drop0p2__wd1e-04trmiss40_trlocglobal,32,1e-05,0.0001,1,16,1,False,0.2,lr1e-05_bs32_modL1_fusion16_fusionL1_fusionBN0_drop0p2__wd1e-04trmiss40_trlocglobal,2,0.7059188783168793,0.6845878958702087,0.6388888888888888,0.6765025375087611,0.5555555555555556,0.0,0.0,0.0,0.0,0.0,0.0,0.0,0.0,0.0,,,,,18473,global,0.4
3,4,lr1e-05_bs32_modL1_fusion16_fusionL1_fusionBN0_drop0p2__wd1e-04trmiss40_trlocglobal,32,1e-05,0.0001,1,16,1,False,0.2,lr1e-05_bs32_modL1_fusion16_fusionL1_fusionBN0_drop0p2__wd1e-04trmiss40_trlocglobal,3,0.705198605855306,0.6837898790836334,0.6428571428571428,0.6767347750565966,0.5111111111111111,0.0,0.0,0.0,0.0,0.0,0.0,0.0,0.0,0.0,,,,,18473,global,0.4
3,4,lr1e-05_bs32_modL1_fusion16_fusionL1_fusionBN0_drop0p2__wd1e-04trmiss40_trlocglobal,32,1e-05,0.0001,1,16,1,False,0.2,lr1e-05_bs32_modL1_fusion16_fusionL1_fusionBN0_drop0p2__wd1e-04trmiss40_trlocglobal,4,0.6959568957487742,0.6835406422615051,0.6309523809523809,0.6585836349551336,0.5111111111111111,0.0,0.0,0.0,0.0,0.0,0.0,0.0,0.0,0.0,,,,,18473,global,0.4
3,4,lr1e-05_bs32_modL1_fusion16_fusionL1_fusionBN0_drop0p2__wd1e-04trmiss40_trlocglobal,32,1e-05,0.0001,1,16,1,False,0.2,lr1e-05_bs32_modL1_fusion16_fusionL1_fusionBN0_drop0p2__wd1e-04trmiss40_trlocglobal,5,0.6936468283335367,0.6832213699817657,0.6269841269841271,0.6451971437685784,0.5111111111111111,0.0,0.0,0.0,0.0,0.0,0.0,0.0,0.0,0.0,,,,,18473,global,0.4
3,4,lr1e-05_bs32_modL1_fusion16_fusionL1_fusionBN0_drop0p2__wd1e-04trmiss40_trlocglobal,32,1e-05,0.0001,1,16,1,False,0.2,lr1e-05_bs32_modL1_fusion16_fusionL1_fusionBN0_drop0p2__wd1e-04trmiss40_trlocglobal,6,0.6863366762797037,0.6829504370689392,0.632936507936508,0.6506103239979351,0.5111111111111111,0.0,0.0,0.0,0.0,0.0,0.0,0.0,0.0,0.0,,,,,18473,global,0.4
3,4,lr1e-05_bs32_modL1_fusion16_fusionL1_fusionBN0_drop0p2__wd1e-04trmiss40_trlocglobal,32,1e-05,0.0001,1,16,1,False,0.2,lr1e-05_bs32_modL1_fusion16_fusionL1_fusionBN0_drop0p2__wd1e-04trmiss40_trlocglobal,7,0.6920570135116577,0.6827045679092407,0.6329365079365079,0.6481113836700474,0.5111111111111111,0.0,0.0,0.0,0.0,0.0,0.0,0.0,0.0,0.0,,,,,18473,global,0.4
3,4,lr1e-05_bs32_modL1_fusion16_fusionL1_fusionBN0_drop0p2__wd1e-04trmiss40_trlocglobal,32,1e-05,0.0001,1,16,1,False,0.2,lr1e-05_bs32_modL1_fusion16_fusionL1_fusionBN0_drop0p2__wd1e-04trmiss40_trlocglobal,8,0.6938795248667399,0.682209849357605,0.636904761904762,0.6485142285192979,0.4888888888888889,0.0,0.0,0.0,0.0,0.0,0.0,0.0,0.0,0.0,,,,,18473,global,0.4
3,4,lr1e-05_bs32_modL1_fusion16_fusionL1_fusionBN0_drop0p2__wd1e-04trmiss40_trlocglobal,32,1e-05,0.0001,1,16,1,False,0.2,lr1e-05_bs32_modL1_fusion16_fusionL1_fusionBN0_drop0p2__wd1e-04trmiss40_trlocglobal,9,0.6847897867361704,0.6816106736660004,0.646825396825397,0.650590614713253,0.4888888888888889,0.0,0.0,0.0,0.0,0.0,0.0,0.0,0.0,0.0,,,,,18473,global,0.4
3,4,lr1e-05_bs32_modL1_fusion16_fusionL1_fusionBN0_drop0p2__wd1e-04trmiss40_trlocglobal,32,1e-05,0.0001,1,16,1,False,0.2,lr1e-05_bs32_modL1_fusion16_fusionL1_fusionBN0_drop0p2__wd1e-04trmiss40_trlocglobal,10,0.6841567854086558,0.6809897124767303,0.6468253968253969,0.6468642803834703,0.4444444444444444,0.0,0.0,0.0,0.0,0.0,0.0,0.0,0.0,0.0,,,,,18473,global,0.4
3,4,lr1e-05_bs32_modL1_fusion16_fusionL1_fusionBN0_drop0p2__wd1e-04trmiss40_trlocglobal,32,1e-05,0.0001,1,16,1,False,0.2,lr1e-05_bs32_modL1_fusion16_fusionL1_fusionBN0_drop0p2__wd1e-04trmiss40_trlocglobal,11,0.689227302869161,0.6808456480503082,0.6488095238095238,0.6499588222938018,0.4666666666666667,0.0,0.0,0.0,0.0,0.0,0.0,0.0,0.0,0.0,,,,,18473,global,0.4
3,4,lr1e-05_bs32_modL1_fusion16_fusionL1_fusionBN0_drop0p2__wd1e-04trmiss40_trlocglobal,32,1e-05,0.0001,1,16,1,False,0.2,lr1e-05_bs32_modL1_fusion16_fusionL1_fusionBN0_drop0p2__wd1e-04trmiss40_trlocglobal,12,0.6847146650155386,0.6799404621124268,0.6527777777777778,0.6526785970724001,0.4888888888888889,0.0,0.0,0.0,0.0,0.0,0.0,0.0,0.0,0.0,,,,,18473,global,0.4
3,4,lr1e-05_bs32_modL1_fusion16_fusionL1_fusionBN0_drop0p2__wd1e-04trmiss40_trlocglobal,32,1e-05,0.0001,1,16,1,False,0.2,lr1e-05_bs32_modL1_fusion16_fusionL1_fusionBN0_drop0p2__wd1e-04trmiss40_trlocglobal,13,0.6869344413280487,0.6799411773681641,0.6547619047619049,0.6606908473350374,0.4888888888888889,0.0,0.0,0.0,0.0,0.0,0.0,0.0,0.0,0.0,,,,,18473,global,0.4
3,4,lr1e-05_bs32_modL1_fusion16_fusionL1_fusionBN0_drop0p2__wd1e-04trmiss40_trlocglobal,32,1e-05,0.0001,1,16,1,False,0.2,lr1e-05_bs32_modL1_fusion16_fusionL1_fusionBN0_drop0p2__wd1e-04trmiss40_trlocglobal,14,0.6801576912403107,0.6799123287200928,0.6666666666666667,0.6663679389005037,0.5111111111111111,0.0,0.0,0.0,0.0,0.0,0.0,0.0,0.0,0.0,,,,,18473,global,0.4
3,4,lr1e-05_bs32_modL1_fusion16_fusionL1_fusionBN0_drop0p2__wd1e-04trmiss40_trlocglobal,32,1e-05,0.0001,1,16,1,False,0.2,lr1e-05_bs32_modL1_fusion16_fusionL1_fusionBN0_drop0p2__wd1e-04trmiss40_trlocglobal,15,0.6856016516685486,0.6799706816673279,0.6706349206349207,0.6804639939892058,0.5111111111111111,0.0,0.0,0.0,0.0,0.0,0.0,0.0,0.0,0.0,,,,,18473,global,0.4
3,4,lr1e-05_bs32_modL1_fusion16_fusionL1_fusionBN0_drop0p2__wd1e-04trmiss40_trlocglobal,32,1e-05,0.0001,1,16,1,False,0.2,lr1e-05_bs32_modL1_fusion16_fusionL1_fusionBN0_drop0p2__wd1e-04trmiss40_trlocglobal,16,0.691703200340271,0.6796219646930695,0.6726190476190477,0.6735256940821558,0.5111111111111111,0.0,0.0,0.0,0.0,0.0,0.0,0.0,0.0,0.0,,,,,18473,global,0.4
3,4,lr1e-05_bs32_modL1_fusion16_fusionL1_fusionBN0_drop0p2__wd1e-04trmiss40_trlocglobal,32,1e-05,0.0001,1,16,1,False,0.2,lr1e-05_bs32_modL1_fusion16_fusionL1_fusionBN0_drop0p2__wd1e-04trmiss40_trlocglobal,17,0.6888080636660258,0.6794894337654114,0.6825396825396826,0.6800660627548775,0.4888888888888889,0.0,0.0,0.0,0.0,0.0,0.0,0.0,0.0,0.0,,,,,18473,global,0.4
3,4,lr1e-05_bs32_modL1_fusion16_fusionL1_fusionBN0_drop0p2__wd1e-04trmiss40_trlocglobal,32,1e-05,0.0001,1,16,1,False,0.2,lr1e-05_bs32_modL1_fusion16_fusionL1_fusionBN0_drop0p2__wd1e-04trmiss40_trlocglobal,18,0.6856624285380045,0.6790476739406586,0.6884920634920635,0.6881391612513631,0.5111111111111111,0.0,0.0,0.0,0.0,0.0,0.0,0.0,0.0,0.0,,,,,18473,global,0.4
3,4,lr1e-05_bs32_modL1_fusion16_fusionL1_fusionBN0_drop0p2__wd1e-04trmiss40_trlocglobal,32,1e-05,0.0001,1,16,1,False,0.2,lr1e-05_bs32_modL1_fusion16_fusionL1_fusionBN0_drop0p2__wd1e-04trmiss40_trlocglobal,19,0.6797589162985483,0.6782864630222321,0.6904761904761905,0.6889190186488675,0.5111111111111111,0.0,0.0,0.0,0.0,0.0,0.0,0.0,0.0,0.0,,,,,18473,global,0.4
3,4,lr1e-05_bs32_modL1_fusion16_fusionL1_fusionBN0_drop0p2__wd1e-04trmiss40_trlocglobal,32,1e-05,0.0001,1,16,1,False,0.2,lr1e-05_bs32_modL1_fusion16_fusionL1_fusionBN0_drop0p2__wd1e-04trmiss40_trlocglobal,20,0.6790692210197449,0.6776655316352844,0.6944444444444444,0.6895070932872392,0.5111111111111111,0.0,0.0,0.0,0.0,0.0,0.0,0.0,0.0,0.0,,,,,18473,global,0.4
3,4,lr1e-05_bs32_modL1_fusion16_fusionL1_fusionBN0_drop0p2__wd1e-04trmiss40_trlocglobal,32,1e-05,0.0001,1,16,1,False,0.2,lr1e-05_bs32_modL1_fusion16_fusionL1_fusionBN0_drop0p2__wd1e-04trmiss40_trlocglobal,21,0.6783232490221659,0.6777978539466858,0.6964285714285715,0.6921586084387544,0.5111111111111111,0.0,0.0,0.0,0.0,0.0,0.0,0.0,0.0,0.0,,,,,18473,global,0.4
3,4,lr1e-05_bs32_modL1_fusion16_fusionL1_fusionBN0_drop0p2__wd1e-04trmiss40_trlocglobal,32,1e-05,0.0001,1,16,1,False,0.2,lr1e-05_bs32_modL1_fusion16_fusionL1_fusionBN0_drop0p2__wd1e-04trmiss40_trlocglobal,22,0.6799421807130178,0.677950918674469,0.6924603174603174,0.6922476397777858,0.5111111111111111,0.0,0.0,0.0,0.0,0.0,0.0,0.0,0.0,0.0,,,,,18473,global,0.4
3,4,lr1e-05_bs32_modL1_fusion16_fusionL1_fusionBN0_drop0p2__wd1e-04trmiss40_trlocglobal,32,1e-05,0.0001,1,16,1,False,0.2,lr1e-05_bs32_modL1_fusion16_fusionL1_fusionBN0_drop0p2__wd1e-04trmiss40_trlocglobal,23,0.6847171684106191,0.6775051355361938,0.6944444444444444,0.6928942884507502,0.5111111111111111,0.0,0.0,0.0,0.0,0.0,0.0,0.0,0.0,0.0,,,,,18473,global,0.4
3,4,lr1e-05_bs32_modL1_fusion16_fusionL1_fusionBN0_drop0p2__wd1e-04trmiss40_trlocglobal,32,1e-05,0.0001,1,16,1,False,0.2,lr1e-05_bs32_modL1_fusion16_fusionL1_fusionBN0_drop0p2__wd1e-04trmiss40_trlocglobal,24,0.6771988968054453,0.6771634221076965,0.7003968253968256,0.6964763844299175,0.5111111111111111,0.0,0.0,0.0,0.0,0.0,0.0,0.0,0.0,0.0,,,,,18473,global,0.4
3,4,lr1e-05_bs32_modL1_fusion16_fusionL1_fusionBN0_drop0p2__wd1e-04trmiss40_trlocglobal,32,1e-05,0.0001,1,16,1,False,0.2,lr1e-05_bs32_modL1_fusion16_fusionL1_fusionBN0_drop0p2__wd1e-04trmiss40_trlocglobal,25,0.6718983550866445,0.6769671738147736,0.7023809523809524,0.6972466925531668,0.5111111111111111,0.0,0.0,0.0,0.0,0.0,0.0,0.0,0.0,0.0,,,,,18473,global,0.4
3,4,lr1e-05_bs32_modL1_fusion16_fusionL1_fusionBN0_drop0p2__wd1e-04trmiss40_trlocglobal,32,1e-05,0.0001,1,16,1,False,0.2,lr1e-05_bs32_modL1_fusion16_fusionL1_fusionBN0_drop0p2__wd1e-04trmiss40_trlocglobal,26,0.6702111760775248,0.6765783727169037,0.7043650793650793,0.6978968274424321,0.5111111111111111,0.0,0.0,0.0,0.0,0.0,0.0,0.0,0.0,0.0,,,,,18473,global,0.4
3,4,lr1e-05_bs32_modL1_fusion16_fusionL1_fusionBN0_drop0p2__wd1e-04trmiss40_trlocglobal,32,1e-05,0.0001,1,16,1,False,0.2,lr1e-05_bs32_modL1_fusion16_fusionL1_fusionBN0_drop0p2__wd1e-04trmiss40_trlocglobal,27,0.6721669137477875,0.6763717234134674,0.7123015873015873,0.7046205357286405,0.5111111111111111,0.0,0.0,0.0,0.0,0.0,0.0,0.0,0.0,0.0,,,,,18473,global,0.4
3,4,lr1e-05_bs32_modL1_fusion16_fusionL1_fusionBN0_drop0p2__wd1e-04trmiss40_trlocglobal,32,1e-05,0.0001,1,16,1,False,0.2,lr1e-05_bs32_modL1_fusion16_fusionL1_fusionBN0_drop0p2__wd1e-04trmiss40_trlocglobal,28,0.6734994053840637,0.67607381939888,0.7123015873015873,0.7088613837194885,0.5111111111111111,0.0,0.0,0.0,0.0,0.0,0.0,0.0,0.0,0.0,,,,,18473,global,0.4
3,4,lr1e-05_bs32_modL1_fusion16_fusionL1_fusionBN0_drop0p2__wd1e-04trmiss40_trlocglobal,32,1e-05,0.0001,1,16,1,False,0.2,lr1e-05_bs32_modL1_fusion16_fusionL1_fusionBN0_drop0p2__wd1e-04trmiss40_trlocglobal,29,0.6774324278036753,0.6752861738204956,0.7242063492063492,0.7161566808796876,0.5111111111111111,0.0,0.0,0.0,0.0,0.0,0.0,0.0,0.0,0.0,,,,,18473,global,0.4
3,4,lr1e-05_bs32_modL1_fusion16_fusionL1_fusionBN0_drop0p2__wd1e-04trmiss40_trlocglobal,32,1e-05,0.0001,1,16,1,False,0.2,lr1e-05_bs32_modL1_fusion16_fusionL1_fusionBN0_drop0p2__wd1e-04trmiss40_trlocglobal,30,0.6768048902352651,0.6750725209712982,0.7242063492063492,0.7147364049469437,0.5111111111111111,0.0,0.0,0.0,0.0,0.0,0.0,0.0,0.0,0.0,,,,,18473,global,0.4
3,4,lr1e-05_bs32_modL1_fusion16_fusionL1_fusionBN0_drop0p2__wd1e-04trmiss40_trlocglobal,32,1e-05,0.0001,1,16,1,False,0.2,lr1e-05_bs32_modL1_fusion16_fusionL1_fusionBN0_drop0p2__wd1e-04trmiss40_trlocglobal,31,0.6771505773067474,0.6744328439235687,0.7242063492063492,0.7110320363988252,0.5111111111111111,0.0,0.0,0.0,0.0,0.0,0.0,0.0,0.0,0.0,,,,,18473,global,0.4
3,4,lr1e-05_bs32_modL1_fusion16_fusionL1_fusionBN0_drop0p2__wd1e-04trmiss40_trlocglobal,32,1e-05,0.0001,1,16,1,False,0.2,lr1e-05_bs32_modL1_fusion16_fusionL1_fusionBN0_drop0p2__wd1e-04trmiss40_trlocglobal,32,0.6627587874730428,0.6744699478149414,0.7261904761904762,0.7128021889042718,0.5333333333333333,0.0,0.0,0.0,0.0,0.0,0.0,0.0,0.0,0.0,,,,,18473,global,0.4
3,4,lr1e-05_bs32_modL1_fusion16_fusionL1_fusionBN0_drop0p2__wd1e-04trmiss40_trlocglobal,32,1e-05,0.0001,1,16,1,False,0.2,lr1e-05_bs32_modL1_fusion16_fusionL1_fusionBN0_drop0p2__wd1e-04trmiss40_trlocglobal,33,0.669573575258255,0.6747043132781982,0.7242063492063492,0.7155135747406577,0.5111111111111111,0.0,0.0,0.0,0.0,0.0,0.0,0.0,0.0,0.0,,,,,18473,global,0.4
3,4,lr1e-05_bs32_modL1_fusion16_fusionL1_fusionBN0_drop0p2__wd1e-04trmiss40_trlocglobal,32,1e-05,0.0001,1,16,1,False,0.2,lr1e-05_bs32_modL1_fusion16_fusionL1_fusionBN0_drop0p2__wd1e-04trmiss40_trlocglobal,34,0.6722539563973745,0.6748843491077423,0.7242063492063492,0.7106757712186437,0.5111111111111111,0.0,0.0,0.0,0.0,0.0,0.0,0.0,0.0,0.0,,,,,18473,global,0.4
3,4,lr1e-05_bs32_modL1_fusion16_fusionL1_fusionBN0_drop0p2__wd1e-04trmiss40_trlocglobal,32,1e-05,0.0001,1,16,1,False,0.2,lr1e-05_bs32_modL1_fusion16_fusionL1_fusionBN0_drop0p2__wd1e-04trmiss40_trlocglobal,35,0.673262357711792,0.6745131015777588,0.7281746031746031,0.714144279834211,0.5333333333333333,0.0,0.0,0.0,0.0,0.0,0.0,0.0,0.0,0.0,,,,,18473,global,0.4
3,4,lr1e-05_bs32_modL1_fusion16_fusionL1_fusionBN0_drop0p2__wd1e-04trmiss40_trlocglobal,32,1e-05,0.0001,1,16,1,False,0.2,lr1e-05_bs32_modL1_fusion16_fusionL1_fusionBN0_drop0p2__wd1e-04trmiss40_trlocglobal,36,0.6661256750424703,0.6740232706069946,0.7261904761904762,0.7085887242786555,0.5333333333333333,0.0,0.0,0.0,0.0,0.0,0.0,0.0,0.0,0.0,,,,,18473,global,0.4
3,4,lr1e-05_bs32_modL1_fusion16_fusionL1_fusionBN0_drop0p2__wd1e-04trmiss40_trlocglobal,32,1e-05,0.0001,1,16,1,False,0.2,lr1e-05_bs32_modL1_fusion16_fusionL1_fusionBN0_drop0p2__wd1e-04trmiss40_trlocglobal,37,0.6701956888039907,0.6735775768756866,0.7301587301587302,0.7106792415200348,0.5333333333333333,0.0,0.0,0.0,0.0,0.0,0.0,0.0,0.0,0.0,,,,,18473,global,0.4
3,4,lr1e-05_bs32_modL1_fusion16_fusionL1_fusionBN0_drop0p2__wd1e-04trmiss40_trlocglobal,32,1e-05,0.0001,1,16,1,False,0.2,lr1e-05_bs32_modL1_fusion16_fusionL1_fusionBN0_drop0p2__wd1e-04trmiss40_trlocglobal,38,0.6716550389925638,0.673677921295166,0.7261904761904762,0.7058109465008777,0.5333333333333333,0.0,0.0,0.0,0.0,0.0,0.0,0.0,0.0,0.0,,,,,18473,global,0.4
3,4,lr1e-05_bs32_modL1_fusion16_fusionL1_fusionBN0_drop0p2__wd1e-04trmiss40_trlocglobal,32,1e-05,0.0001,1,16,1,False,0.2,lr1e-05_bs32_modL1_fusion16_fusionL1_fusionBN0_drop0p2__wd1e-04trmiss40_trlocglobal,39,0.6714222629865011,0.6737782657146454,0.7281746031746031,0.7057739384897318,0.5333333333333333,0.0,0.0,0.0,0.0,0.0,0.0,0.0,0.0,0.0,,,,,18473,global,0.4
3,4,lr1e-05_bs32_modL1_fusion16_fusionL1_fusionBN0_drop0p2__wd1e-04trmiss40_trlocglobal,32,1e-05,0.0001,1,16,1,False,0.2,lr1e-05_bs32_modL1_fusion16_fusionL1_fusionBN0_drop0p2__wd1e-04trmiss40_trlocglobal,40,0.6604108611742655,0.6733987927436829,0.7321428571428572,0.7057450309937191,0.5333333333333333,0.0,0.0,0.0,0.0,0.0,0.0,0.0,0.0,0.0,,,,,18473,global,0.4
3,4,lr1e-05_bs32_modL1_fusion16_fusionL1_fusionBN0_drop0p2__wd1e-04trmiss40_trlocglobal,32,1e-05,0.0001,1,16,1,False,0.2,lr1e-05_bs32_modL1_fusion16_fusionL1_fusionBN0_drop0p2__wd1e-04trmiss40_trlocglobal,41,0.6592411597569784,0.6736093163490295,0.7420634920634921,0.7186103261752574,0.5333333333333333,0.0,0.0,0.0,0.0,0.0,0.0,0.0,0.0,0.0,,,,,18473,global,0.4
3,4,lr1e-05_bs32_modL1_fusion16_fusionL1_fusionBN0_drop0p2__wd1e-04trmiss40_trlocglobal,32,1e-05,0.0001,1,16,1,False,0.2,lr1e-05_bs32_modL1_fusion16_fusionL1_fusionBN0_drop0p2__wd1e-04trmiss40_trlocglobal,42,0.6648832559585571,0.673872321844101,0.7321428571428572,0.7028197235425495,0.5333333333333333,0.0,0.0,0.0,0.0,0.0,0.0,0.0,0.0,0.0,,,,,18473,global,0.4
3,4,lr1e-05_bs32_modL1_fusion16_fusionL1_fusionBN0_drop0p2__wd1e-04trmiss40_trlocglobal,32,1e-05,0.0001,1,16,1,False,0.2,lr1e-05_bs32_modL1_fusion16_fusionL1_fusionBN0_drop0p2__wd1e-04trmiss40_trlocglobal,43,0.6727780004342397,0.6738256216049194,0.7361111111111112,0.7106741296728177,0.5333333333333333,0.0,0.0,0.0,0.0,0.0,0.0,0.0,0.0,0.0,,,,,18473,global,0.4
3,4,lr1e-05_bs32_modL1_fusion16_fusionL1_fusionBN0_drop0p2__wd1e-04trmiss40_trlocglobal,32,1e-05,0.0001,1,16,1,False,0.2,lr1e-05_bs32_modL1_fusion16_fusionL1_fusionBN0_drop0p2__wd1e-04trmiss40_trlocglobal,44,0.6715236902236938,0.67412269115448,0.7361111111111112,0.7162493658401591,0.5111111111111111,0.0,0.0,0.0,0.0,0.0,0.0,0.0,0.0,0.0,,,,,18473,global,0.4
3,4,lr1e-05_bs32_modL1_fusion16_fusionL1_fusionBN0_drop0p2__wd1e-04trmiss40_trlocglobal,32,1e-05,0.0001,1,16,1,False,0.2,lr1e-05_bs32_modL1_fusion16_fusionL1_fusionBN0_drop0p2__wd1e-04trmiss40_trlocglobal,45,0.6668569544951121,0.6737265884876251,0.736111111111111,0.7135040866940179,0.5111111111111111,0.0,0.0,0.0,0.0,0.0,0.0,0.0,0.0,0.0,,,,,18473,global,0.4
3,4,lr1e-05_bs32_modL1_fusion16_fusionL1_fusionBN0_drop0p2__wd1e-04trmiss40_trlocglobal,32,1e-05,0.0001,1,16,1,False,0.2,lr1e-05_bs32_modL1_fusion16_fusionL1_fusionBN0_drop0p2__wd1e-04trmiss40_trlocglobal,46,0.6580906808376312,0.6733348965644836,0.7380952380952381,0.7147872992544043,0.4888888888888889,0.0,0.0,0.0,0.0,0.0,0.0,0.0,0.0,0.0,,,,,18473,global,0.4
3,4,lr1e-05_bs32_modL1_fusion16_fusionL1_fusionBN0_drop0p2__wd1e-04trmiss40_trlocglobal,32,1e-05,0.0001,1,16,1,False,0.2,lr1e-05_bs32_modL1_fusion16_fusionL1_fusionBN0_drop0p2__wd1e-04trmiss40_trlocglobal,47,0.6602947016557058,0.6732951700687408,0.7341269841269841,0.7128630610529922,0.5111111111111111,0.0,0.0,0.0,0.0,0.0,0.0,0.0,0.0,0.0,,,,,18473,global,0.4
3,4,lr1e-05_bs32_modL1_fusion16_fusionL1_fusionBN0_drop0p2__wd1e-04trmiss40_trlocglobal,32,1e-05,0.0001,1,16,1,False,0.2,lr1e-05_bs32_modL1_fusion16_fusionL1_fusionBN0_drop0p2__wd1e-04trmiss40_trlocglobal,48,0.6631992856661478,0.6731932163238525,0.7341269841269842,0.7061334531005582,0.5111111111111111,0.0,0.0,0.0,0.0,0.0,0.0,0.0,0.0,0.0,,,,,18473,global,0.4
3,4,lr1e-05_bs32_modL1_fusion16_fusionL1_fusionBN0_drop0p2__wd1e-04trmiss40_trlocglobal,32,1e-05,0.0001,1,16,1,False,0.2,lr1e-05_bs32_modL1_fusion16_fusionL1_fusionBN0_drop0p2__wd1e-04trmiss40_trlocglobal,49,0.6597039997577667,0.673236757516861,0.7361111111111112,0.7166785792706843,0.5111111111111111,0.0,0.0,0.0,0.0,0.0,0.0,0.0,0.0,0.0,,,,,18473,global,0.4
3,4,lr1e-05_bs32_modL1_fusion16_fusionL1_fusionBN0_drop0p2__wd1e-04trmiss40_trlocglobal,32,1e-05,0.0001,1,16,1,False,0.2,lr1e-05_bs32_modL1_fusion16_fusionL1_fusionBN0_drop0p2__wd1e-04trmiss40_trlocglobal,50,0.667790820201238,0.6734195649623871,0.7361111111111112,0.7166785792706843,0.5333333333333333,0.0,0.0,0.0,0.0,0.0,0.0,0.0,0.0,0.0,,,,,18473,global,0.4
3,4,lr1e-05_bs32_modL1_fusion16_fusionL1_fusionBN0_drop0p2__wd1e-04trmiss40_trlocglobal,32,1e-05,0.0001,1,16,1,False,0.2,lr1e-05_bs32_modL1_fusion16_fusionL1_fusionBN0_drop0p2__wd1e-04trmiss40_trlocglobal,51,0.6657919585704803,0.6734848022460938,0.7341269841269842,0.7157036203215874,0.5333333333333333,0.0,0.0,0.0,0.0,0.0,0.0,0.0,0.0,0.0,,,,,18473,global,0.4
3,4,lr1e-05_bs32_modL1_fusion16_fusionL1_fusionBN0_drop0p2__wd1e-04trmiss40_trlocglobal,32,1e-05,0.0001,1,16,1,False,0.2,lr1e-05_bs32_modL1_fusion16_fusionL1_fusionBN0_drop0p2__wd1e-04trmiss40_trlocglobal,52,0.6599748035271963,0.6733584105968475,0.7380952380952381,0.7173602596798397,0.5333333333333333,0.0,0.0,0.0,0.0,0.0,0.0,0.0,0.0,0.0,,,,,18473,global,0.4
3,4,lr1e-05_bs32_modL1_fusion16_fusionL1_fusionBN0_drop0p2__wd1e-04trmiss40_trlocglobal,32,1e-05,0.0001,1,16,1,False,0.2,lr1e-05_bs32_modL1_fusion16_fusionL1_fusionBN0_drop0p2__wd1e-04trmiss40_trlocglobal,53,0.6693381567796072,0.6725931167602539,0.7400793650793651,0.7168892268812208,0.5111111111111111,0.0,0.0,0.0,0.0,0.0,0.0,0.0,0.0,0.0,,,,,18473,global,0.4
3,4,lr1e-05_bs32_modL1_fusion16_fusionL1_fusionBN0_drop0p2__wd1e-04trmiss40_trlocglobal,32,1e-05,0.0001,1,16,1,False,0.2,lr1e-05_bs32_modL1_fusion16_fusionL1_fusionBN0_drop0p2__wd1e-04trmiss40_trlocglobal,54,0.6621010502179464,0.6726403534412384,0.7380952380952381,0.7131689887859827,0.5111111111111111,0.0,0.0,0.0,0.0,0.0,0.0,0.0,0.0,0.0,,,,,18473,global,0.4
3,4,lr1e-05_bs32_modL1_fusion16_fusionL1_fusionBN0_drop0p2__wd1e-04trmiss40_trlocglobal,32,1e-05,0.0001,1,16,1,False,0.2,lr1e-05_bs32_modL1_fusion16_fusionL1_fusionBN0_drop0p2__wd1e-04trmiss40_trlocglobal,55,0.6624963084856669,0.6725149154663086,0.7380952380952381,0.7131689887859827,0.5111111111111111,0.0,0.0,0.0,0.0,0.0,0.0,0.0,0.0,0.0,,,,,18473,global,0.4
3,4,lr1e-05_bs32_modL1_fusion16_fusionL1_fusionBN0_drop0p2__wd1e-04trmiss40_trlocglobal,32,1e-05,0.0001,1,16,1,False,0.2,lr1e-05_bs32_modL1_fusion16_fusionL1_fusionBN0_drop0p2__wd1e-04trmiss40_trlocglobal,56,0.6653189857800802,0.6726896464824677,0.7380952380952381,0.7149318092988032,0.5111111111111111,0.0,0.0,0.0,0.0,0.0,0.0,0.0,0.0,0.0,,,,,18473,global,0.4
3,4,lr1e-05_bs32_modL1_fusion16_fusionL1_fusionBN0_drop0p2__wd1e-04trmiss40_trlocglobal,32,1e-05,0.0001,1,16,1,False,0.2,lr1e-05_bs32_modL1_fusion16_fusionL1_fusionBN0_drop0p2__wd1e-04trmiss40_trlocglobal,57,0.6560952663421631,0.6726270318031311,0.7380952380952381,0.7179639623309562,0.5111111111111111,0.0,0.0,0.0,0.0,0.0,0.0,0.0,0.0,0.0,,,,,18473,global,0.4
3,4,lr1e-05_bs32_modL1_fusion16_fusionL1_fusionBN0_drop0p2__wd1e-04trmiss40_trlocglobal,32,1e-05,0.0001,1,16,1,False,0.2,lr1e-05_bs32_modL1_fusion16_fusionL1_fusionBN0_drop0p2__wd1e-04trmiss40_trlocglobal,58,0.6632178723812103,0.6723040342330933,0.7400793650793651,0.7187245443415382,0.5111111111111111,0.0,0.0,0.0,0.0,0.0,0.0,0.0,0.0,0.0,,,,,18473,global,0.4
3,4,lr1e-05_bs32_modL1_fusion16_fusionL1_fusionBN0_drop0p2__wd1e-04trmiss40_trlocglobal,32,1e-05,0.0001,1,16,1,False,0.2,lr1e-05_bs32_modL1_fusion16_fusionL1_fusionBN0_drop0p2__wd1e-04trmiss40_trlocglobal,59,0.6624892552693685,0.6721587777137756,0.7440476190476191,0.7182859478503101,0.5111111111111111,0.0,0.0,0.0,0.0,0.0,0.0,0.0,0.0,0.0,,,,,18473,global,0.4
3,4,lr1e-05_bs32_modL1_fusion16_fusionL1_fusionBN0_drop0p2__wd1e-04trmiss40_trlocglobal,32,1e-05,0.0001,1,16,1,False,0.2,lr1e-05_bs32_modL1_fusion16_fusionL1_fusionBN0_drop0p2__wd1e-04trmiss40_trlocglobal,60,0.6734747290611267,0.6719574332237244,0.746031746031746,0.7198070875293445,0.5111111111111111,0.0,0.0,0.0,0.0,0.0,0.0,0.0,0.0,0.0,,,,,18473,global,0.4
3,4,lr1e-05_bs32_modL1_fusion16_fusionL1_fusionBN0_drop0p2__wd1e-04trmiss40_trlocglobal,32,1e-05,0.0001,1,16,1,False,0.2,lr1e-05_bs32_modL1_fusion16_fusionL1_fusionBN0_drop0p2__wd1e-04trmiss40_trlocglobal,61,0.659251461426417,0.6720862686634064,0.748015873015873,0.7257372684595255,0.5111111111111111,0.0,0.0,0.0,0.0,0.0,0.0,0.0,0.0,0.0,,,,,18473,global,0.4
3,4,lr1e-05_bs32_modL1_fusion16_fusionL1_fusionBN0_drop0p2__wd1e-04trmiss40_trlocglobal,32,1e-05,0.0001,1,16,1,False,0.2,lr1e-05_bs32_modL1_fusion16_fusionL1_fusionBN0_drop0p2__wd1e-04trmiss40_trlocglobal,62,0.655333677927653,0.6722935736179352,0.746031746031746,0.7240925316174202,0.5111111111111111,0.0,0.0,0.0,0.0,0.0,0.0,0.0,0.0,0.0,,,,,18473,global,0.4
3,4,lr1e-05_bs32_modL1_fusion16_fusionL1_fusionBN0_drop0p2__wd1e-04trmiss40_trlocglobal,32,1e-05,0.0001,1,16,1,False,0.2,lr1e-05_bs32_modL1_fusion16_fusionL1_fusionBN0_drop0p2__wd1e-04trmiss40_trlocglobal,63,0.6702020863691965,0.672186940908432,0.748015873015873,0.7264768066990638,0.5111111111111111,0.0,0.0,0.0,0.0,0.0,0.0,0.0,0.0,0.0,,,,,18473,global,0.4
3,4,lr1e-05_bs32_modL1_fusion16_fusionL1_fusionBN0_drop0p2__wd1e-04trmiss40_trlocglobal,32,1e-05,0.0001,1,16,1,False,0.2,lr1e-05_bs32_modL1_fusion16_fusionL1_fusionBN0_drop0p2__wd1e-04trmiss40_trlocglobal,64,0.6608725587526957,0.6714719831943512,0.751984126984127,0.7238547109190732,0.4888888888888889,0.0,0.0,0.0,0.0,0.0,0.0,0.0,0.0,0.0,,,,,18473,global,0.4
3,4,lr1e-05_bs32_modL1_fusion16_fusionL1_fusionBN0_drop0p2__wd1e-04trmiss40_trlocglobal,32,1e-05,0.0001,1,16,1,False,0.2,lr1e-05_bs32_modL1_fusion16_fusionL1_fusionBN0_drop0p2__wd1e-04trmiss40_trlocglobal,65,0.6649754345417023,0.6709668338298798,0.75,0.7215655032131988,0.4888888888888889,0.0,0.0,0.0,0.0,0.0,0.0,0.0,0.0,0.0,,,,,18473,global,0.4
3,4,lr1e-05_bs32_modL1_fusion16_fusionL1_fusionBN0_drop0p2__wd1e-04trmiss40_trlocglobal,32,1e-05,0.0001,1,16,1,False,0.2,lr1e-05_bs32_modL1_fusion16_fusionL1_fusionBN0_drop0p2__wd1e-04trmiss40_trlocglobal,66,0.661082535982132,0.6710292398929596,0.75,0.7220081118137022,0.5111111111111111,0.0,0.0,0.0,0.0,0.0,0.0,0.0,0.0,0.0,,,,,18473,global,0.4
3,4,lr1e-05_bs32_modL1_fusion16_fusionL1_fusionBN0_drop0p2__wd1e-04trmiss40_trlocglobal,32,1e-05,0.0001,1,16,1,False,0.2,lr1e-05_bs32_modL1_fusion16_fusionL1_fusionBN0_drop0p2__wd1e-04trmiss40_trlocglobal,67,0.6695883472760519,0.6713175177574158,0.751984126984127,0.7243934733657303,0.5111111111111111,0.0,0.0,0.0,0.0,0.0,0.0,0.0,0.0,0.0,,,,,18473,global,0.4
3,4,lr1e-05_bs32_modL1_fusion16_fusionL1_fusionBN0_drop0p2__wd1e-04trmiss40_trlocglobal,32,1e-05,0.0001,1,16,1,False,0.2,lr1e-05_bs32_modL1_fusion16_fusionL1_fusionBN0_drop0p2__wd1e-04trmiss40_trlocglobal,68,0.6652925908565521,0.6712217926979065,0.75,0.7261889476283099,0.5111111111111111,0.0,0.0,0.0,0.0,0.0,0.0,0.0,0.0,0.0,,,,,18473,global,0.4
3,4,lr1e-05_bs32_modL1_fusion16_fusionL1_fusionBN0_drop0p2__wd1e-04trmiss40_trlocglobal,32,1e-05,0.0001,1,16,1,False,0.2,lr1e-05_bs32_modL1_fusion16_fusionL1_fusionBN0_drop0p2__wd1e-04trmiss40_trlocglobal,69,0.6552495459715525,0.6714388728141785,0.7420634920634921,0.7164493341715912,0.5111111111111111,0.0,0.0,0.0,0.0,0.0,0.0,0.0,0.0,0.0,,,,,18473,global,0.4
3,4,lr1e-05_bs32_modL1_fusion16_fusionL1_fusionBN0_drop0p2__wd1e-04trmiss40_trlocglobal,32,1e-05,0.0001,1,16,1,False,0.2,lr1e-05_bs32_modL1_fusion16_fusionL1_fusionBN0_drop0p2__wd1e-04trmiss40_trlocglobal,70,0.6572289864222208,0.6717968881130219,0.7440476190476191,0.7220048897271467,0.5111111111111111,0.0,0.0,0.0,0.0,0.0,0.0,0.0,0.0,0.0,,,,,18473,global,0.4
3,4,lr1e-05_bs32_modL1_fusion16_fusionL1_fusionBN0_drop0p2__wd1e-04trmiss40_trlocglobal,32,1e-05,0.0001,1,16,1,False,0.2,lr1e-05_bs32_modL1_fusion16_fusionL1_fusionBN0_drop0p2__wd1e-04trmiss40_trlocglobal,71,0.6602784891923269,0.6718081831932068,0.746031746031746,0.7257251278223847,0.5111111111111111,0.0,0.0,0.0,0.0,0.0,0.0,0.0,0.0,0.0,,,,,18473,global,0.4
3,4,lr1e-05_bs32_modL1_fusion16_fusionL1_fusionBN0_drop0p2__wd1e-04trmiss40_trlocglobal,32,1e-05,0.0001,1,16,1,False,0.2,lr1e-05_bs32_modL1_fusion16_fusionL1_fusionBN0_drop0p2__wd1e-04trmiss40_trlocglobal,72,0.6554677387078603,0.6711279153823853,0.7440476190476191,0.7206694196416766,0.5111111111111111,0.0,0.0,0.0,0.0,0.0,0.0,0.0,0.0,0.0,,,,,18473,global,0.4
3,4,lr1e-05_bs32_modL1_fusion16_fusionL1_fusionBN0_drop0p2__wd1e-04trmiss40_trlocglobal,32,1e-05,0.0001,1,16,1,False,0.2,lr1e-05_bs32_modL1_fusion16_fusionL1_fusionBN0_drop0p2__wd1e-04trmiss40_trlocglobal,73,0.6599708497524261,0.6715725660324097,0.746031746031746,0.7242942670165241,0.5111111111111111,0.0,0.0,0.0,0.0,0.0,0.0,0.0,0.0,0.0,,,,,18473,global,0.4
3,4,lr1e-05_bs32_modL1_fusion16_fusionL1_fusionBN0_drop0p2__wd1e-04trmiss40_trlocglobal,32,1e-05,0.0001,1,16,1,False,0.2,lr1e-05_bs32_modL1_fusion16_fusionL1_fusionBN0_drop0p2__wd1e-04trmiss40_trlocglobal,74,0.6632866660753886,0.6717060208320618,0.7400793650793651,0.7157745703389327,0.5111111111111111,0.0,0.0,0.0,0.0,0.0,0.0,0.0,0.0,0.0,,,,,18473,global,0.4
3,4,lr1e-05_bs32_modL1_fusion16_fusionL1_fusionBN0_drop0p2__wd1e-04trmiss40_trlocglobal,32,1e-05,0.0001,1,16,1,False,0.2,lr1e-05_bs32_modL1_fusion16_fusionL1_fusionBN0_drop0p2__wd1e-04trmiss40_trlocglobal,75,0.6607954899470011,0.6718922853469849,0.7420634920634921,0.7162027173188037,0.4888888888888889,0.0,0.0,0.0,0.0,0.0,0.0,0.0,0.0,0.0,,,,,18473,global,0.4
3,4,lr1e-05_bs32_modL1_fusion16_fusionL1_fusionBN0_drop0p2__wd1e-04trmiss40_trlocglobal,32,1e-05,0.0001,1,16,1,False,0.2,lr1e-05_bs32_modL1_fusion16_fusionL1_fusionBN0_drop0p2__wd1e-04trmiss40_trlocglobal,76,0.6562244494756063,0.6717457473278046,0.7440476190476191,0.7202464873108496,0.4888888888888889,0.0,0.0,0.0,0.0,0.0,0.0,0.0,0.0,0.0,,,,,18473,global,0.4
3,4,lr1e-05_bs32_modL1_fusion16_fusionL1_fusionBN0_drop0p2__wd1e-04trmiss40_trlocglobal,32,1e-05,0.0001,1,16,1,False,0.2,lr1e-05_bs32_modL1_fusion16_fusionL1_fusionBN0_drop0p2__wd1e-04trmiss40_trlocglobal,77,0.6591749389966329,0.6714432537555695,0.746031746031746,0.7242942670165241,0.5111111111111111,0.0,0.0,0.0,0.0,0.0,0.0,0.0,0.0,0.0,,,,,18473,global,0.4
3,4,lr1e-05_bs32_modL1_fusion16_fusionL1_fusionBN0_drop0p2__wd1e-04trmiss40_trlocglobal,32,1e-05,0.0001,1,16,1,False,0.2,lr1e-05_bs32_modL1_fusion16_fusionL1_fusionBN0_drop0p2__wd1e-04trmiss40_trlocglobal,78,0.6584884921709696,0.6716270744800568,0.7420634920634921,0.7177657261129831,0.5111111111111111,0.0,0.0,0.0,0.0,0.0,0.0,0.0,0.0,0.0,,,,,18473,global,0.4
3,4,lr1e-05_bs32_modL1_fusion16_fusionL1_fusionBN0_drop0p2__wd1e-04trmiss40_trlocglobal,32,1e-05,0.0001,1,16,1,False,0.2,lr1e-05_bs32_modL1_fusion16_fusionL1_fusionBN0_drop0p2__wd1e-04trmiss40_trlocglobal,79,0.6531240443388621,0.6718032658100128,0.7400793650793651,0.7148045973294859,0.5111111111111111,0.0,0.0,0.0,0.0,0.0,0.0,0.0,0.0,0.0,,,,,18473,global,0.4
3,4,lr1e-05_bs32_modL1_fusion16_fusionL1_fusionBN0_drop0p2__wd1e-04trmiss40_trlocglobal,32,1e-05,0.0001,1,16,1,False,0.2,lr1e-05_bs32_modL1_fusion16_fusionL1_fusionBN0_drop0p2__wd1e-04trmiss40_trlocglobal,80,0.6630082627137502,0.6715337336063385,0.7400793650793651,0.7140454880177449,0.5111111111111111,0.0,0.0,0.0,0.0,0.0,0.0,0.0,0.0,0.0,,,,,18473,global,0.4
3,4,lr1e-05_bs32_modL1_fusion16_fusionL1_fusionBN0_drop0p1__wd1e-04trmiss40_trlocglobal,32,1e-05,0.0001,1,16,1,False,0.1,lr1e-05_bs32_modL1_fusion16_fusionL1_fusionBN0_drop0p1__wd1e-04trmiss40_trlocglobal,1,0.707489530245463,0.6915047466754913,0.5654761904761905,0.6365703451587945,0.5555555555555556,0.0,0.0,0.0,0.0,0.0,0.0,0.0,0.0,0.0,,,,,18473,global,0.4
3,4,lr1e-05_bs32_modL1_fusion16_fusionL1_fusionBN0_drop0p1__wd1e-04trmiss40_trlocglobal,32,1e-05,0.0001,1,16,1,False,0.1,lr1e-05_bs32_modL1_fusion16_fusionL1_fusionBN0_drop0p1__wd1e-04trmiss40_trlocglobal,2,0.7021615107854208,0.6926601231098175,0.5396825396825397,0.609531064876532,0.5111111111111111,0.0,0.0,0.0,0.0,0.0,0.0,0.0,0.0,0.0,,,,,18473,global,0.4
3,4,lr1e-05_bs32_modL1_fusion16_fusionL1_fusionBN0_drop0p1__wd1e-04trmiss40_trlocglobal,32,1e-05,0.0001,1,16,1,False,0.1,lr1e-05_bs32_modL1_fusion16_fusionL1_fusionBN0_drop0p1__wd1e-04trmiss40_trlocglobal,3,0.7018349965413412,0.6937550902366638,0.5198412698412699,0.5903512251084568,0.4444444444444444,0.0,0.0,0.0,0.0,0.0,0.0,0.0,0.0,0.0,,,,,18473,global,0.4
3,4,lr1e-05_bs32_modL1_fusion16_fusionL1_fusionBN0_drop0p1__wd1e-04trmiss40_trlocglobal,32,1e-05,0.0001,1,16,1,False,0.1,lr1e-05_bs32_modL1_fusion16_fusionL1_fusionBN0_drop0p1__wd1e-04trmiss40_trlocglobal,4,0.7014921307563782,0.6947319805622101,0.509920634920635,0.5779711604746023,0.4666666666666667,0.0,0.0,0.0,0.0,0.0,0.0,0.0,0.0,0.0,,,,,18473,global,0.4
3,4,lr1e-05_bs32_modL1_fusion16_fusionL1_fusionBN0_drop0p1__wd1e-04trmiss40_trlocglobal,32,1e-05,0.0001,1,16,1,False,0.1,lr1e-05_bs32_modL1_fusion16_fusionL1_fusionBN0_drop0p1__wd1e-04trmiss40_trlocglobal,5,0.6977341572443644,0.6948836445808411,0.5119047619047619,0.5738400677120441,0.4222222222222222,0.0,0.0,0.0,0.0,0.0,0.0,0.0,0.0,0.0,,,,,18473,global,0.4
3,4,lr1e-05_bs32_modL1_fusion16_fusionL1_fusionBN0_drop0p1__wd1e-04trmiss40_trlocglobal,32,1e-05,0.0001,1,16,1,False,0.1,lr1e-05_bs32_modL1_fusion16_fusionL1_fusionBN0_drop0p1__wd1e-04trmiss40_trlocglobal,6,0.6866487562656403,0.6951441168785095,0.511904761904762,0.571908236566749,0.4,0.0,0.0,0.0,0.0,0.0,0.0,0.0,0.0,0.0,,,,,18473,global,0.4
3,4,lr1e-05_bs32_modL1_fusion16_fusionL1_fusionBN0_drop0p1__wd1e-04trmiss40_trlocglobal,32,1e-05,0.0001,1,16,1,False,0.1,lr1e-05_bs32_modL1_fusion16_fusionL1_fusionBN0_drop0p1__wd1e-04trmiss40_trlocglobal,7,0.6964332759380341,0.6956973671913147,0.5119047619047619,0.5717059361840583,0.4,0.0,0.0,0.0,0.0,0.0,0.0,0.0,0.0,0.0,,,,,18473,global,0.4
3,4,lr1e-05_bs32_modL1_fusion16_fusionL1_fusionBN0_drop0p1__wd1e-04trmiss40_trlocglobal,32,1e-05,0.0001,1,16,1,False,0.1,lr1e-05_bs32_modL1_fusion16_fusionL1_fusionBN0_drop0p1__wd1e-04trmiss40_trlocglobal,8,0.6895419657230377,0.6962737143039703,0.507936507936508,0.5707004471125862,0.4,0.0,0.0,0.0,0.0,0.0,0.0,0.0,0.0,0.0,,,,,18473,global,0.4
3,4,lr1e-05_bs32_modL1_fusion16_fusionL1_fusionBN0_drop0p1__wd1e-04trmiss40_trlocglobal,32,1e-05,0.0001,1,16,1,False,0.1,lr1e-05_bs32_modL1_fusion16_fusionL1_fusionBN0_drop0p1__wd1e-04trmiss40_trlocglobal,9,0.6768032809098562,0.6958955526351929,0.5198412698412699,0.5763506525692932,0.4,0.0,0.0,0.0,0.0,0.0,0.0,0.0,0.0,0.0,,,,,18473,global,0.4
3,4,lr1e-05_bs32_modL1_fusion16_fusionL1_fusionBN0_drop0p1__wd1e-04trmiss40_trlocglobal,32,1e-05,0.0001,1,16,1,False,0.1,lr1e-05_bs32_modL1_fusion16_fusionL1_fusionBN0_drop0p1__wd1e-04trmiss40_trlocglobal,10,0.6798641681671143,0.6955642104148865,0.5218253968253969,0.578026267808505,0.4,0.0,0.0,0.0,0.0,0.0,0.0,0.0,0.0,0.0,,,,,18473,global,0.4
3,4,lr1e-05_bs32_modL1_fusion16_fusionL1_fusionBN0_drop0p1__wd1e-04trmiss40_trlocglobal,32,1e-05,0.0001,1,16,1,False,0.1,lr1e-05_bs32_modL1_fusion16_fusionL1_fusionBN0_drop0p1__wd1e-04trmiss40_trlocglobal,11,0.6845397452513377,0.6955091059207916,0.5158730158730158,0.5740165591935331,0.4,0.0,0.0,0.0,0.0,0.0,0.0,0.0,0.0,0.0,,,,,18473,global,0.4
3,4,lr1e-05_bs32_modL1_fusion16_fusionL1_fusionBN0_drop0p1__wd1e-04trmiss40_trlocglobal,32,1e-05,0.0001,1,16,1,False,0.1,lr1e-05_bs32_modL1_fusion16_fusionL1_fusionBN0_drop0p1__wd1e-04trmiss40_trlocglobal,12,0.6840374569098154,0.696462482213974,0.5138888888888888,0.5721974269822441,0.4,0.0,0.0,0.0,0.0,0.0,0.0,0.0,0.0,0.0,,,,,18473,global,0.4
3,4,lr1e-05_bs32_modL1_fusion16_fusionL1_fusionBN0_drop0p1__wd1e-04trmiss40_trlocglobal,32,1e-05,0.0001,1,16,1,False,0.1,lr1e-05_bs32_modL1_fusion16_fusionL1_fusionBN0_drop0p1__wd1e-04trmiss40_trlocglobal,13,0.677902509768804,0.6966620087623596,0.5218253968253969,0.5782334684285023,0.4,0.0,0.0,0.0,0.0,0.0,0.0,0.0,0.0,0.0,,,,,18473,global,0.4
3,4,lr1e-05_bs32_modL1_fusion16_fusionL1_fusionBN0_drop0p1__wd1e-04trmiss40_trlocglobal,32,1e-05,0.0001,1,16,1,False,0.1,lr1e-05_bs32_modL1_fusion16_fusionL1_fusionBN0_drop0p1__wd1e-04trmiss40_trlocglobal,14,0.6844543317953745,0.6972662210464478,0.5257936507936508,0.5851514654137189,0.4,0.0,0.0,0.0,0.0,0.0,0.0,0.0,0.0,0.0,,,,,18473,global,0.4
3,4,lr1e-05_bs32_modL1_fusion16_fusionL1_fusionBN0_drop0p1__wd1e-04trmiss40_trlocglobal,32,1e-05,0.0001,1,16,1,False,0.1,lr1e-05_bs32_modL1_fusion16_fusionL1_fusionBN0_drop0p1__wd1e-04trmiss40_trlocglobal,15,0.6739516456921896,0.697895348072052,0.5178571428571429,0.5772164852182141,0.4,0.0,0.0,0.0,0.0,0.0,0.0,0.0,0.0,0.0,,,,,18473,global,0.4
3,4,lr1e-05_bs32_modL1_fusion16_fusionL1_fusionBN0_drop0p1__wd1e-04trmiss40_trlocglobal,32,1e-05,0.0001,1,16,1,False,0.1,lr1e-05_bs32_modL1_fusion16_fusionL1_fusionBN0_drop0p1__wd1e-04trmiss40_trlocglobal,16,0.6608442862828573,0.6983850598335266,0.509920634920635,0.5731993513276534,0.4,0.0,0.0,0.0,0.0,0.0,0.0,0.0,0.0,0.0,,,,,18473,global,0.4
3,4,lr1e-05_bs32_modL1_fusion16_fusionL1_fusionBN0_drop0p1__wd1e-04trmiss40_trlocglobal,32,1e-05,0.0001,1,16,1,False,0.1,lr1e-05_bs32_modL1_fusion16_fusionL1_fusionBN0_drop0p1__wd1e-04trmiss40_trlocglobal,17,0.6635772983233134,0.6987692713737488,0.513888888888889,0.5783541602868102,0.4,0.0,0.0,0.0,0.0,0.0,0.0,0.0,0.0,0.0,,,,,18473,global,0.4
3,4,lr1e-05_bs32_modL1_fusion16_fusionL1_fusionBN0_drop0p1__wd1e-04trmiss40_trlocglobal,32,1e-05,0.0001,1,16,1,False,0.1,lr1e-05_bs32_modL1_fusion16_fusionL1_fusionBN0_drop0p1__wd1e-04trmiss40_trlocglobal,18,0.6676636934280396,0.6989411413669586,0.5198412698412699,0.586078697849281,0.4,0.0,0.0,0.0,0.0,0.0,0.0,0.0,0.0,0.0,,,,,18473,global,0.4
3,4,lr1e-05_bs32_modL1_fusion16_fusionL1_fusionBN0_drop0p1__wd1e-04trmiss40_trlocglobal,32,1e-05,0.0001,1,16,1,False,0.1,lr1e-05_bs32_modL1_fusion16_fusionL1_fusionBN0_drop0p1__wd1e-04trmiss40_trlocglobal,19,0.6707210739453634,0.6992813944816589,0.513888888888889,0.5844062978717648,0.4,0.0,0.0,0.0,0.0,0.0,0.0,0.0,0.0,0.0,,,,,18473,global,0.4
3,4,lr1e-05_bs32_modL1_fusion16_fusionL1_fusionBN0_drop0p1__wd1e-04trmiss40_trlocglobal,32,1e-05,0.0001,1,16,1,False,0.1,lr1e-05_bs32_modL1_fusion16_fusionL1_fusionBN0_drop0p1__wd1e-04trmiss40_trlocglobal,20,0.6702688137690226,0.6996189951896667,0.5158730158730159,0.5843936761898811,0.4,0.0,0.0,0.0,0.0,0.0,0.0,0.0,0.0,0.0,,,,,18473,global,0.4
3,4,lr1e-05_bs32_modL1_fusion16_fusionL1_fusionBN0_drop0p1__wd1e-04trmiss40_trlocglobal,32,1e-05,0.0001,1,16,1,False,0.1,lr1e-05_bs32_modL1_fusion16_fusionL1_fusionBN0_drop0p1__wd1e-04trmiss40_trlocglobal,21,0.6632346908251444,0.7004741430282593,0.511904761904762,0.5766811426002949,0.4,0.0,0.0,0.0,0.0,0.0,0.0,0.0,0.0,0.0,,,,,18473,global,0.4
3,4,lr1e-05_bs32_modL1_fusion16_fusionL1_fusionBN0_drop0p1__wd1e-04trmiss40_trlocglobal,32,1e-05,0.0001,1,16,1,False,0.1,lr1e-05_bs32_modL1_fusion16_fusionL1_fusionBN0_drop0p1__wd1e-04trmiss40_trlocglobal,22,0.6562681198120117,0.6998854279518127,0.5158730158730158,0.5830479864419371,0.4,0.0,0.0,0.0,0.0,0.0,0.0,0.0,0.0,0.0,,,,,18473,global,0.4
3,4,lr1e-05_bs32_modL1_fusion16_fusionL1_fusionBN0_drop0p1__wd1e-04trmiss40_trlocglobal,32,1e-05,0.0001,1,16,1,False,0.1,lr1e-05_bs32_modL1_fusion16_fusionL1_fusionBN0_drop0p1__wd1e-04trmiss40_trlocglobal,23,0.6605848670005798,0.699522852897644,0.5079365079365079,0.5790509533112258,0.4222222222222222,0.0,0.0,0.0,0.0,0.0,0.0,0.0,0.0,0.0,,,,,18473,global,0.4
3,4,lr1e-05_bs32_modL1_fusion16_fusionL1_fusionBN0_drop0p1__wd1e-04trmiss40_trlocglobal,32,1e-05,0.0001,1,16,1,False,0.1,lr1e-05_bs32_modL1_fusion16_fusionL1_fusionBN0_drop0p1__wd1e-04trmiss40_trlocglobal,24,0.6607150733470917,0.6996258795261383,0.5158730158730159,0.5833435731369339,0.4222222222222222,0.0,0.0,0.0,0.0,0.0,0.0,0.0,0.0,0.0,,,,,18473,global,0.4
3,4,lr1e-05_bs32_modL1_fusion16_fusionL1_fusionBN0_drop0p1__wd1e-04trmiss40_trlocglobal,32,1e-05,0.0001,1,16,1,False,0.1,lr1e-05_bs32_modL1_fusion16_fusionL1_fusionBN0_drop0p1__wd1e-04trmiss40_trlocglobal,25,0.656709760427475,0.6996334791183472,0.509920634920635,0.5895712950815675,0.4222222222222222,0.0,0.0,0.0,0.0,0.0,0.0,0.0,0.0,0.0,,,,,18473,global,0.4
3,4,lr1e-05_bs32_modL1_fusion16_fusionL1_fusionBN0_drop0p1__wd1e-04trmiss40_trlocglobal,32,1e-05,0.0001,1,16,1,False,0.1,lr1e-05_bs32_modL1_fusion16_fusionL1_fusionBN0_drop0p1__wd1e-04trmiss40_trlocglobal,26,0.6539601484934489,0.6994730830192566,0.5138888888888888,0.5918002089373195,0.4222222222222222,0.0,0.0,0.0,0.0,0.0,0.0,0.0,0.0,0.0,,,,,18473,global,0.4
3,4,lr1e-05_bs32_modL1_fusion16_fusionL1_fusionBN0_drop0p1__wd1e-04trmiss40_trlocglobal,32,1e-05,0.0001,1,16,1,False,0.1,lr1e-05_bs32_modL1_fusion16_fusionL1_fusionBN0_drop0p1__wd1e-04trmiss40_trlocglobal,27,0.6497823397318522,0.6979413032531738,0.5218253968253969,0.5968409491496285,0.4222222222222222,0.0,0.0,0.0,0.0,0.0,0.0,0.0,0.0,0.0,,,,,18473,global,0.4
3,4,lr1e-05_bs32_modL1_fusion16_fusionL1_fusionBN0_drop0p1__wd1e-04trmiss40_trlocglobal,32,1e-05,0.0001,1,16,1,False,0.1,lr1e-05_bs32_modL1_fusion16_fusionL1_fusionBN0_drop0p1__wd1e-04trmiss40_trlocglobal,28,0.654490739107132,0.6976737082004547,0.5257936507936508,0.5879624886502188,0.4222222222222222,0.0,0.0,0.0,0.0,0.0,0.0,0.0,0.0,0.0,,,,,18473,global,0.4
3,4,lr1e-05_bs32_modL1_fusion16_fusionL1_fusionBN0_drop0p1__wd1e-04trmiss40_trlocglobal,32,1e-05,0.0001,1,16,1,False,0.1,lr1e-05_bs32_modL1_fusion16_fusionL1_fusionBN0_drop0p1__wd1e-04trmiss40_trlocglobal,29,0.650691032409668,0.6974601447582245,0.5238095238095238,0.5881220513097816,0.4222222222222222,0.0,0.0,0.0,0.0,0.0,0.0,0.0,0.0,0.0,,,,,18473,global,0.4
3,4,lr1e-05_bs32_modL1_fusion16_fusionL1_fusionBN0_drop0p1__wd1e-04trmiss40_trlocglobal,32,1e-05,0.0001,1,16,1,False,0.1,lr1e-05_bs32_modL1_fusion16_fusionL1_fusionBN0_drop0p1__wd1e-04trmiss40_trlocglobal,30,0.6461503307024637,0.697220116853714,0.5297619047619047,0.5898983000868043,0.4222222222222222,0.0,0.0,0.0,0.0,0.0,0.0,0.0,0.0,0.0,,,,,18473,global,0.4
3,4,lr1e-05_bs32_modL1_fusion16_fusionL1_fusionBN0_drop0p1__wd1e-04trmiss40_trlocglobal,32,1e-05,0.0001,1,16,1,False,0.1,lr1e-05_bs32_modL1_fusion16_fusionL1_fusionBN0_drop0p1__wd1e-04trmiss40_trlocglobal,31,0.6538405021031698,0.6965001225471497,0.5317460317460317,0.6004131478786919,0.4222222222222222,0.0,0.0,0.0,0.0,0.0,0.0,0.0,0.0,0.0,,,,,18473,global,0.4
3,4,lr1e-05_bs32_modL1_fusion16_fusionL1_fusionBN0_drop0p1__wd1e-04trmiss40_trlocglobal,32,1e-05,0.0001,1,16,1,False,0.1,lr1e-05_bs32_modL1_fusion16_fusionL1_fusionBN0_drop0p1__wd1e-04trmiss40_trlocglobal,32,0.6451529463132223,0.6966235637664795,0.5337301587301587,0.6015645673075851,0.4444444444444444,0.0,0.0,0.0,0.0,0.0,0.0,0.0,0.0,0.0,,,,,18473,global,0.4
3,4,lr1e-05_bs32_modL1_fusion16_fusionL1_fusionBN0_drop0p1__wd1e-04trmiss40_trlocglobal,32,1e-05,0.0001,1,16,1,False,0.1,lr1e-05_bs32_modL1_fusion16_fusionL1_fusionBN0_drop0p1__wd1e-04trmiss40_trlocglobal,33,0.637277772029241,0.6967045068740845,0.5337301587301587,0.6034341276199199,0.4222222222222222,0.0,0.0,0.0,0.0,0.0,0.0,0.0,0.0,0.0,,,,,18473,global,0.4
3,4,lr1e-05_bs32_modL1_fusion16_fusionL1_fusionBN0_drop0p1__wd1e-04trmiss40_trlocglobal,32,1e-05,0.0001,1,16,1,False,0.1,lr1e-05_bs32_modL1_fusion16_fusionL1_fusionBN0_drop0p1__wd1e-04trmiss40_trlocglobal,34,0.6453068653742472,0.6967768967151642,0.5297619047619048,0.6017900155591411,0.4222222222222222,0.0,0.0,0.0,0.0,0.0,0.0,0.0,0.0,0.0,,,,,18473,global,0.4
3,4,lr1e-05_bs32_modL1_fusion16_fusionL1_fusionBN0_drop0p1__wd1e-04trmiss40_trlocglobal,32,1e-05,0.0001,1,16,1,False,0.1,lr1e-05_bs32_modL1_fusion16_fusionL1_fusionBN0_drop0p1__wd1e-04trmiss40_trlocglobal,35,0.644464502731959,0.6968677937984467,0.5297619047619048,0.6017900155591411,0.4222222222222222,0.0,0.0,0.0,0.0,0.0,0.0,0.0,0.0,0.0,,,,,18473,global,0.4
3,4,lr1e-05_bs32_modL1_fusion16_fusionL1_fusionBN0_drop0p1__wd1e-04trmiss40_trlocglobal,32,1e-05,0.0001,1,16,1,False,0.1,lr1e-05_bs32_modL1_fusion16_fusionL1_fusionBN0_drop0p1__wd1e-04trmiss40_trlocglobal,36,0.6440953214963278,0.696854442358017,0.5317460317460317,0.6036839549530805,0.4666666666666667,0.0,0.0,0.0,0.0,0.0,0.0,0.0,0.0,0.0,,,,,18473,global,0.4
3,4,lr1e-05_bs32_modL1_fusion16_fusionL1_fusionBN0_drop0p1__wd1e-04trmiss40_trlocglobal,32,1e-05,0.0001,1,16,1,False,0.1,lr1e-05_bs32_modL1_fusion16_fusionL1_fusionBN0_drop0p1__wd1e-04trmiss40_trlocglobal,37,0.6397073765595754,0.6963010132312775,0.5337301587301587,0.6053072513659307,0.4444444444444444,0.0,0.0,0.0,0.0,0.0,0.0,0.0,0.0,0.0,,,,,18473,global,0.4
3,4,lr1e-05_bs32_modL1_fusion16_fusionL1_fusionBN0_drop0p1__wd1e-04trmiss40_trlocglobal,32,1e-05,0.0001,1,16,1,False,0.1,lr1e-05_bs32_modL1_fusion16_fusionL1_fusionBN0_drop0p1__wd1e-04trmiss40_trlocglobal,38,0.6402598818143209,0.6968996524810791,0.5297619047619048,0.6020532831119624,0.4444444444444444,0.0,0.0,0.0,0.0,0.0,0.0,0.0,0.0,0.0,,,,,18473,global,0.4
3,4,lr1e-05_bs32_modL1_fusion16_fusionL1_fusionBN0_drop0p1__wd1e-04trmiss40_trlocglobal,32,1e-05,0.0001,1,16,1,False,0.1,lr1e-05_bs32_modL1_fusion16_fusionL1_fusionBN0_drop0p1__wd1e-04trmiss40_trlocglobal,39,0.6399996181329092,0.6971209347248077,0.5357142857142857,0.607635663694343,0.4666666666666667,0.0,0.0,0.0,0.0,0.0,0.0,0.0,0.0,0.0,,,,,18473,global,0.4
3,4,lr1e-05_bs32_modL1_fusion16_fusionL1_fusionBN0_drop0p1__wd1e-04trmiss40_trlocglobal,32,1e-05,0.0001,1,16,1,False,0.1,lr1e-05_bs32_modL1_fusion16_fusionL1_fusionBN0_drop0p1__wd1e-04trmiss40_trlocglobal,40,0.6406389574209849,0.6979007720947266,0.5277777777777778,0.6014831100108673,0.4666666666666667,0.0,0.0,0.0,0.0,0.0,0.0,0.0,0.0,0.0,,,,,18473,global,0.4
3,4,lr1e-05_bs32_modL1_fusion16_fusionL1_fusionBN0_drop0p1__wd1e-04trmiss40_trlocglobal,32,1e-05,0.0001,1,16,1,False,0.1,lr1e-05_bs32_modL1_fusion16_fusionL1_fusionBN0_drop0p1__wd1e-04trmiss40_trlocglobal,41,0.6477958162625631,0.6987211406230927,0.5297619047619048,0.605867645676325,0.4888888888888889,0.0,0.0,0.0,0.0,0.0,0.0,0.0,0.0,0.0,,,,,18473,global,0.4
3,4,lr1e-05_bs32_modL1_fusion16_fusionL1_fusionBN0_drop0p1__wd1e-04trmiss40_trlocglobal,32,1e-05,0.0001,1,16,1,False,0.1,lr1e-05_bs32_modL1_fusion16_fusionL1_fusionBN0_drop0p1__wd1e-04trmiss40_trlocglobal,42,0.6455323000748953,0.6979784369468689,0.5277777777777778,0.6005704508101646,0.4444444444444444,0.0,0.0,0.0,0.0,0.0,0.0,0.0,0.0,0.0,,,,,18473,global,0.4
3,4,lr1e-05_bs32_modL1_fusion16_fusionL1_fusionBN0_drop0p1__wd1e-04trmiss40_trlocglobal,32,1e-05,0.0001,1,16,1,False,0.1,lr1e-05_bs32_modL1_fusion16_fusionL1_fusionBN0_drop0p1__wd1e-04trmiss40_trlocglobal,43,0.6305854916572571,0.6984536349773407,0.5198412698412698,0.5992464548857472,0.4222222222222222,0.0,0.0,0.0,0.0,0.0,0.0,0.0,0.0,0.0,,,,,18473,global,0.4
3,4,lr1e-05_bs32_modL1_fusion16_fusionL1_fusionBN0_drop0p1__wd1e-04trmiss40_trlocglobal,32,1e-05,0.0001,1,16,1,False,0.1,lr1e-05_bs32_modL1_fusion16_fusionL1_fusionBN0_drop0p1__wd1e-04trmiss40_trlocglobal,44,0.6336764991283417,0.6979024708271027,0.5337301587301587,0.6064030999617793,0.4444444444444444,0.0,0.0,0.0,0.0,0.0,0.0,0.0,0.0,0.0,,,,,18473,global,0.4
3,4,lr1e-05_bs32_modL1_fusion16_fusionL1_fusionBN0_drop0p1__wd1e-04trmiss40_trlocglobal,32,1e-05,0.0001,1,16,1,False,0.1,lr1e-05_bs32_modL1_fusion16_fusionL1_fusionBN0_drop0p1__wd1e-04trmiss40_trlocglobal,45,0.6351873775323232,0.6981850862503052,0.5277777777777778,0.6053420749519556,0.4666666666666667,0.0,0.0,0.0,0.0,0.0,0.0,0.0,0.0,0.0,,,,,18473,global,0.4
3,4,lr1e-05_bs32_modL1_fusion16_fusionL1_fusionBN0_drop0p1__wd1e-04trmiss40_trlocglobal,32,1e-05,0.0001,1,16,1,False,0.1,lr1e-05_bs32_modL1_fusion16_fusionL1_fusionBN0_drop0p1__wd1e-04trmiss40_trlocglobal,46,0.6286443968613943,0.6981880068778992,0.5337301587301587,0.6103427237659919,0.4888888888888889,0.0,0.0,0.0,0.0,0.0,0.0,0.0,0.0,0.0,,,,,18473,global,0.4
3,4,lr1e-05_bs32_modL1_fusion16_fusionL1_fusionBN0_drop0p1__wd1e-04trmiss40_trlocglobal,32,1e-05,0.0001,1,16,1,False,0.1,lr1e-05_bs32_modL1_fusion16_fusionL1_fusionBN0_drop0p1__wd1e-04trmiss40_trlocglobal,47,0.6337667206923167,0.6979136765003204,0.5376984126984127,0.6134877827300164,0.5111111111111111,0.0,0.0,0.0,0.0,0.0,0.0,0.0,0.0,0.0,,,,,18473,global,0.4
3,4,lr1e-05_bs32_modL1_fusion16_fusionL1_fusionBN0_drop0p1__wd1e-04trmiss40_trlocglobal,32,1e-05,0.0001,1,16,1,False,0.1,lr1e-05_bs32_modL1_fusion16_fusionL1_fusionBN0_drop0p1__wd1e-04trmiss40_trlocglobal,48,0.6204812824726105,0.6983882188796997,0.5317460317460317,0.6071566138988475,0.4888888888888889,0.0,0.0,0.0,0.0,0.0,0.0,0.0,0.0,0.0,,,,,18473,global,0.4
3,4,lr1e-05_bs32_modL1_fusion16_fusionL1_fusionBN0_drop0p1__wd1e-04trmiss40_trlocglobal,32,1e-05,0.0001,1,16,1,False,0.1,lr1e-05_bs32_modL1_fusion16_fusionL1_fusionBN0_drop0p1__wd1e-04trmiss40_trlocglobal,49,0.6320127646128336,0.6984472274780273,0.5317460317460317,0.6084137703664502,0.4888888888888889,0.0,0.0,0.0,0.0,0.0,0.0,0.0,0.0,0.0,,,,,18473,global,0.4
3,4,lr1e-05_bs32_modL1_fusion16_fusionL1_fusionBN0_drop0p1__wd1e-04trmiss40_trlocglobal,32,1e-05,0.0001,1,16,1,False,0.1,lr1e-05_bs32_modL1_fusion16_fusionL1_fusionBN0_drop0p1__wd1e-04trmiss40_trlocglobal,50,0.6320090393225352,0.698728084564209,0.5337301587301587,0.611533199956468,0.4888888888888889,0.0,0.0,0.0,0.0,0.0,0.0,0.0,0.0,0.0,,,,,18473,global,0.4
3,4,lr1e-05_bs32_modL1_fusion16_fusionL1_fusionBN0_drop0p1__wd1e-04trmiss40_trlocglobal,32,1e-05,0.0001,1,16,1,False,0.1,lr1e-05_bs32_modL1_fusion16_fusionL1_fusionBN0_drop0p1__wd1e-04trmiss40_trlocglobal,51,0.6268655161062876,0.6992502212524414,0.5277777777777777,0.6088302433857762,0.4888888888888889,0.0,0.0,0.0,0.0,0.0,0.0,0.0,0.0,0.0,,,,,18473,global,0.4
3,4,lr1e-05_bs32_modL1_fusion16_fusionL1_fusionBN0_drop0p1__wd1e-04trmiss40_trlocglobal,32,1e-05,0.0001,1,16,1,False,0.1,lr1e-05_bs32_modL1_fusion16_fusionL1_fusionBN0_drop0p1__wd1e-04trmiss40_trlocglobal,52,0.631994754076004,0.6998125910758972,0.5277777777777777,0.6088302433857762,0.4888888888888889,0.0,0.0,0.0,0.0,0.0,0.0,0.0,0.0,0.0,,,,,18473,global,0.4
3,4,lr1e-05_bs32_modL1_fusion16_fusionL1_fusionBN0_drop0p1__wd1e-04trmiss40_trlocglobal,32,1e-05,0.0001,1,16,1,False,0.1,lr1e-05_bs32_modL1_fusion16_fusionL1_fusionBN0_drop0p1__wd1e-04trmiss40_trlocglobal,53,0.62551216284434,0.6995298564434052,0.5317460317460317,0.6104407185374413,0.5111111111111111,0.0,0.0,0.0,0.0,0.0,0.0,0.0,0.0,0.0,,,,,18473,global,0.4
3,4,lr1e-05_bs32_modL1_fusion16_fusionL1_fusionBN0_drop0p1__wd1e-04trmiss40_trlocglobal,32,1e-05,0.0001,1,16,1,False,0.1,lr1e-05_bs32_modL1_fusion16_fusionL1_fusionBN0_drop0p1__wd1e-04trmiss40_trlocglobal,54,0.6321508983771006,0.6997793018817902,0.5257936507936508,0.610836543305212,0.4888888888888889,0.0,0.0,0.0,0.0,0.0,0.0,0.0,0.0,0.0,,,,,18473,global,0.4
3,4,lr1e-05_bs32_modL1_fusion16_fusionL1_fusionBN0_drop0p1__wd1e-04trmiss40_trlocglobal,32,1e-05,0.0001,1,16,1,False,0.1,lr1e-05_bs32_modL1_fusion16_fusionL1_fusionBN0_drop0p1__wd1e-04trmiss40_trlocglobal,55,0.633145938316981,0.6994740962982178,0.5317460317460317,0.6107542451356294,0.4888888888888889,0.0,0.0,0.0,0.0,0.0,0.0,0.0,0.0,0.0,,,,,18473,global,0.4
3,4,lr1e-05_bs32_modL1_fusion16_fusionL1_fusionBN0_drop0p1__wd1e-04trmiss40_trlocglobal,32,1e-05,0.0001,1,16,1,False,0.1,lr1e-05_bs32_modL1_fusion16_fusionL1_fusionBN0_drop0p1__wd1e-04trmiss40_trlocglobal,56,0.6255482236544291,0.6991427540779114,0.5376984126984127,0.6137639060400271,0.5111111111111111,0.0,0.0,0.0,0.0,0.0,0.0,0.0,0.0,0.0,,,,,18473,global,0.4
3,4,lr1e-05_bs32_modL1_fusion16_fusionL1_fusionBN0_drop0p1__wd1e-04trmiss40_trlocglobal,32,1e-05,0.0001,1,16,1,False,0.1,lr1e-05_bs32_modL1_fusion16_fusionL1_fusionBN0_drop0p1__wd1e-04trmiss40_trlocglobal,57,0.6213889022668203,0.6990130543708801,0.5357142857142857,0.6111841393155235,0.5111111111111111,0.0,0.0,0.0,0.0,0.0,0.0,0.0,0.0,0.0,,,,,18473,global,0.4
3,4,lr1e-05_bs32_modL1_fusion16_fusionL1_fusionBN0_drop0p1__wd1e-04trmiss40_trlocglobal,32,1e-05,0.0001,1,16,1,False,0.1,lr1e-05_bs32_modL1_fusion16_fusionL1_fusionBN0_drop0p1__wd1e-04trmiss40_trlocglobal,58,0.6300861140092214,0.6992603838443756,0.5317460317460317,0.6106780664410296,0.5111111111111111,0.0,0.0,0.0,0.0,0.0,0.0,0.0,0.0,0.0,,,,,18473,global,0.4
3,4,lr1e-05_bs32_modL1_fusion16_fusionL1_fusionBN0_drop0p1__wd1e-04trmiss40_trlocglobal,32,1e-05,0.0001,1,16,1,False,0.1,lr1e-05_bs32_modL1_fusion16_fusionL1_fusionBN0_drop0p1__wd1e-04trmiss40_trlocglobal,59,0.6296192705631256,0.6988987326622009,0.5396825396825398,0.6179046961279921,0.5111111111111111,0.0,0.0,0.0,0.0,0.0,0.0,0.0,0.0,0.0,,,,,18473,global,0.4
3,4,lr1e-05_bs32_modL1_fusion16_fusionL1_fusionBN0_drop0p1__wd1e-04trmiss40_trlocglobal,32,1e-05,0.0001,1,16,1,False,0.1,lr1e-05_bs32_modL1_fusion16_fusionL1_fusionBN0_drop0p1__wd1e-04trmiss40_trlocglobal,60,0.6314641237258911,0.6992065906524658,0.5376984126984128,0.6168527862885183,0.5111111111111111,0.0,0.0,0.0,0.0,0.0,0.0,0.0,0.0,0.0,,,,,18473,global,0.4
3,4,lr1e-05_bs32_modL1_fusion16_fusionL1_fusionBN0_drop0p1__wd1e-04trmiss40_trlocglobal,32,1e-05,0.0001,1,16,1,False,0.1,lr1e-05_bs32_modL1_fusion16_fusionL1_fusionBN0_drop0p1__wd1e-04trmiss40_trlocglobal,61,0.6275332172711691,0.6998066008090973,0.5317460317460317,0.6141104780895634,0.5111111111111111,0.0,0.0,0.0,0.0,0.0,0.0,0.0,0.0,0.0,,,,,18473,global,0.4
3,4,lr1e-05_bs32_modL1_fusion16_fusionL1_fusionBN0_drop0p1__wd1e-04trmiss40_trlocglobal,32,1e-05,0.0001,1,16,1,False,0.1,lr1e-05_bs32_modL1_fusion16_fusionL1_fusionBN0_drop0p1__wd1e-04trmiss40_trlocglobal,62,0.6226700643698374,0.700126588344574,0.5357142857142858,0.6067699282814316,0.5111111111111111,0.0,0.0,0.0,0.0,0.0,0.0,0.0,0.0,0.0,,,,,18473,global,0.4
3,4,lr1e-05_bs32_modL1_fusion16_fusionL1_fusionBN0_drop0p1__wd1e-04trmiss40_trlocglobal,32,1e-05,0.0001,1,16,1,False,0.1,lr1e-05_bs32_modL1_fusion16_fusionL1_fusionBN0_drop0p1__wd1e-04trmiss40_trlocglobal,63,0.6303308407465616,0.6995899379253387,0.5376984126984128,0.6171865949480982,0.5111111111111111,0.0,0.0,0.0,0.0,0.0,0.0,0.0,0.0,0.0,,,,,18473,global,0.4
3,4,lr1e-05_bs32_modL1_fusion16_fusionL1_fusionBN0_drop0p1__wd1e-04trmiss40_trlocglobal,32,1e-05,0.0001,1,16,1,False,0.1,lr1e-05_bs32_modL1_fusion16_fusionL1_fusionBN0_drop0p1__wd1e-04trmiss40_trlocglobal,64,0.6180404126644135,0.6996108591556549,0.5357142857142857,0.6159804545972211,0.5111111111111111,0.0,0.0,0.0,0.0,0.0,0.0,0.0,0.0,0.0,,,,,18473,global,0.4
3,4,lr1e-05_bs32_modL1_fusion16_fusionL1_fusionBN0_drop0p1__wd1e-04trmiss40_trlocglobal,32,1e-05,0.0001,1,16,1,False,0.1,lr1e-05_bs32_modL1_fusion16_fusionL1_fusionBN0_drop0p1__wd1e-04trmiss40_trlocglobal,65,0.6336415708065033,0.6988779008388519,0.5396825396825398,0.6187207868412298,0.5111111111111111,0.0,0.0,0.0,0.0,0.0,0.0,0.0,0.0,0.0,,,,,18473,global,0.4
3,4,lr1e-05_bs32_modL1_fusion16_fusionL1_fusionBN0_drop0p1__wd1e-04trmiss40_trlocglobal,32,1e-05,0.0001,1,16,1,False,0.1,lr1e-05_bs32_modL1_fusion16_fusionL1_fusionBN0_drop0p1__wd1e-04trmiss40_trlocglobal,66,0.6299117306868235,0.6991403996944427,0.5357142857142857,0.6069424644011427,0.5111111111111111,0.0,0.0,0.0,0.0,0.0,0.0,0.0,0.0,0.0,,,,,18473,global,0.4
3,4,lr1e-05_bs32_modL1_fusion16_fusionL1_fusionBN0_drop0p1__wd1e-04trmiss40_trlocglobal,32,1e-05,0.0001,1,16,1,False,0.1,lr1e-05_bs32_modL1_fusion16_fusionL1_fusionBN0_drop0p1__wd1e-04trmiss40_trlocglobal,67,0.6194069683551788,0.6988064050674438,0.5376984126984127,0.6074880294613255,0.5111111111111111,0.0,0.0,0.0,0.0,0.0,0.0,0.0,0.0,0.0,,,,,18473,global,0.4
3,4,lr1e-05_bs32_modL1_fusion16_fusionL1_fusionBN0_drop0p1__wd1e-04trmiss40_trlocglobal,32,1e-05,0.0001,1,16,1,False,0.1,lr1e-05_bs32_modL1_fusion16_fusionL1_fusionBN0_drop0p1__wd1e-04trmiss40_trlocglobal,68,0.6245736678441366,0.6983429193496704,0.5436507936507937,0.6202544941939027,0.5111111111111111,0.0,0.0,0.0,0.0,0.0,0.0,0.0,0.0,0.0,,,,,18473,global,0.4
3,4,lr1e-05_bs32_modL1_fusion16_fusionL1_fusionBN0_drop0p1__wd1e-04trmiss40_trlocglobal,32,1e-05,0.0001,1,16,1,False,0.1,lr1e-05_bs32_modL1_fusion16_fusionL1_fusionBN0_drop0p1__wd1e-04trmiss40_trlocglobal,69,0.6210747758547465,0.6985361278057098,0.5396825396825398,0.6187207868412298,0.5111111111111111,0.0,0.0,0.0,0.0,0.0,0.0,0.0,0.0,0.0,,,,,18473,global,0.4
3,4,lr1e-05_bs32_modL1_fusion16_fusionL1_fusionBN0_drop0p1__wd1e-04trmiss40_trlocglobal,32,1e-05,0.0001,1,16,1,False,0.1,lr1e-05_bs32_modL1_fusion16_fusionL1_fusionBN0_drop0p1__wd1e-04trmiss40_trlocglobal,70,0.6182910005251566,0.6986715793609619,0.5376984126984128,0.607257848167071,0.5111111111111111,0.0,0.0,0.0,0.0,0.0,0.0,0.0,0.0,0.0,,,,,18473,global,0.4
3,4,lr1e-05_bs32_modL1_fusion16_fusionL1_fusionBN0_drop0p1__wd1e-04trmiss40_trlocglobal,32,1e-05,0.0001,1,16,1,False,0.1,lr1e-05_bs32_modL1_fusion16_fusionL1_fusionBN0_drop0p1__wd1e-04trmiss40_trlocglobal,71,0.6259185373783112,0.6978870332241058,0.5416666666666667,0.6091330786607225,0.5111111111111111,0.0,0.0,0.0,0.0,0.0,0.0,0.0,0.0,0.0,,,,,18473,global,0.4
3,4,lr1e-05_bs32_modL1_fusion16_fusionL1_fusionBN0_drop0p1__wd1e-04trmiss40_trlocglobal,32,1e-05,0.0001,1,16,1,False,0.1,lr1e-05_bs32_modL1_fusion16_fusionL1_fusionBN0_drop0p1__wd1e-04trmiss40_trlocglobal,72,0.6214922765890757,0.697496086359024,0.5416666666666666,0.6152936291786899,0.5111111111111111,0.0,0.0,0.0,0.0,0.0,0.0,0.0,0.0,0.0,,,,,18473,global,0.4
3,4,lr1e-05_bs32_modL1_fusion16_fusionL1_fusionBN0_drop0p1__wd1e-04trmiss40_trlocglobal,32,1e-05,0.0001,1,16,1,False,0.1,lr1e-05_bs32_modL1_fusion16_fusionL1_fusionBN0_drop0p1__wd1e-04trmiss40_trlocglobal,73,0.6236842771371206,0.6978564858436584,0.5456349206349206,0.6211293991591966,0.5111111111111111,0.0,0.0,0.0,0.0,0.0,0.0,0.0,0.0,0.0,,,,,18473,global,0.4
3,4,lr1e-05_bs32_modL1_fusion16_fusionL1_fusionBN0_drop0p1__wd1e-04trmiss40_trlocglobal,32,1e-05,0.0001,1,16,1,False,0.1,lr1e-05_bs32_modL1_fusion16_fusionL1_fusionBN0_drop0p1__wd1e-04trmiss40_trlocglobal,74,0.6197624504566193,0.6984037160873413,0.5396825396825398,0.6088496852347459,0.5111111111111111,0.0,0.0,0.0,0.0,0.0,0.0,0.0,0.0,0.0,,,,,18473,global,0.4
3,4,lr1e-05_bs32_modL1_fusion16_fusionL1_fusionBN0_drop0p1__wd1e-04trmiss40_trlocglobal,32,1e-05,0.0001,1,16,1,False,0.1,lr1e-05_bs32_modL1_fusion16_fusionL1_fusionBN0_drop0p1__wd1e-04trmiss40_trlocglobal,75,0.6209428707758585,0.6987001597881317,0.5376984126984127,0.608032794150827,0.5111111111111111,0.0,0.0,0.0,0.0,0.0,0.0,0.0,0.0,0.0,,,,,18473,global,0.4
3,4,lr1e-05_bs32_modL1_fusion16_fusionL1_fusionBN0_drop0p1__wd1e-04trmiss40_trlocglobal,32,1e-05,0.0001,1,16,1,False,0.1,lr1e-05_bs32_modL1_fusion16_fusionL1_fusionBN0_drop0p1__wd1e-04trmiss40_trlocglobal,76,0.617266317208608,0.6980745196342468,0.5456349206349206,0.6211293991591966,0.5111111111111111,0.0,0.0,0.0,0.0,0.0,0.0,0.0,0.0,0.0,,,,,18473,global,0.4
3,4,lr1e-05_bs32_modL1_fusion16_fusionL1_fusionBN0_drop0p1__wd1e-04trmiss40_trlocglobal,32,1e-05,0.0001,1,16,1,False,0.1,lr1e-05_bs32_modL1_fusion16_fusionL1_fusionBN0_drop0p1__wd1e-04trmiss40_trlocglobal,77,0.6186664799849192,0.6982603669166565,0.5436507936507937,0.6202544941939027,0.5111111111111111,0.0,0.0,0.0,0.0,0.0,0.0,0.0,0.0,0.0,,,,,18473,global,0.4
3,4,lr1e-05_bs32_modL1_fusion16_fusionL1_fusionBN0_drop0p1__wd1e-04trmiss40_trlocglobal,32,1e-05,0.0001,1,16,1,False,0.1,lr1e-05_bs32_modL1_fusion16_fusionL1_fusionBN0_drop0p1__wd1e-04trmiss40_trlocglobal,78,0.6127947568893433,0.698602944612503,0.5376984126984128,0.6078147960924399,0.5111111111111111,0.0,0.0,0.0,0.0,0.0,0.0,0.0,0.0,0.0,,,,,18473,global,0.4
3,4,lr1e-05_bs32_modL1_fusion16_fusionL1_fusionBN0_drop0p1__wd1e-04trmiss40_trlocglobal,32,1e-05,0.0001,1,16,1,False,0.1,lr1e-05_bs32_modL1_fusion16_fusionL1_fusionBN0_drop0p1__wd1e-04trmiss40_trlocglobal,79,0.618974506855011,0.6979438960552216,0.5416666666666666,0.6103825922167375,0.5111111111111111,0.0,0.0,0.0,0.0,0.0,0.0,0.0,0.0,0.0,,,,,18473,global,0.4
3,4,lr1e-05_bs32_modL1_fusion16_fusionL1_fusionBN0_drop0p1__wd1e-04trmiss40_trlocglobal,32,1e-05,0.0001,1,16,1,False,0.1,lr1e-05_bs32_modL1_fusion16_fusionL1_fusionBN0_drop0p1__wd1e-04trmiss40_trlocglobal,80,0.6185200413068136,0.6983323991298676,0.5456349206349207,0.6221394148288233,0.5111111111111111,0.0,0.0,0.0,0.0,0.0,0.0,0.0,0.0,0.0,,,,,18473,global,0.4
3,4,lr1e-05_bs32_modL1_fusion32_fusionL1_fusionBN0_drop0p2__wd1e-04trmiss40_trlocglobal,32,1e-05,0.0001,1,32,1,False,0.2,lr1e-05_bs32_modL1_fusion32_fusionL1_fusionBN0_drop0p2__wd1e-04trmiss40_trlocglobal,1,0.6926226516564687,0.6834831833839417,0.7063492063492063,0.7626953141461148,0.6,0.0,0.0,0.0,0.0,0.0,0.0,0.0,0.0,0.0,,,,,18473,global,0.4
3,4,lr1e-05_bs32_modL1_fusion32_fusionL1_fusionBN0_drop0p2__wd1e-04trmiss40_trlocglobal,32,1e-05,0.0001,1,32,1,False,0.2,lr1e-05_bs32_modL1_fusion32_fusionL1_fusionBN0_drop0p2__wd1e-04trmiss40_trlocglobal,2,0.6972549060980479,0.6819661557674408,0.7142857142857143,0.7757712045283975,0.6222222222222222,0.0,0.0,0.0,0.0,0.0,0.0,0.0,0.0,0.0,,,,,18473,global,0.4
3,4,lr1e-05_bs32_modL1_fusion32_fusionL1_fusionBN0_drop0p2__wd1e-04trmiss40_trlocglobal,32,1e-05,0.0001,1,32,1,False,0.2,lr1e-05_bs32_modL1_fusion32_fusionL1_fusionBN0_drop0p2__wd1e-04trmiss40_trlocglobal,3,0.6934745212395986,0.6806110143661499,0.7261904761904762,0.7836845720467842,0.6222222222222222,0.0,0.0,0.0,0.0,0.0,0.0,0.0,0.0,0.0,,,,,18473,global,0.4
3,4,lr1e-05_bs32_modL1_fusion32_fusionL1_fusionBN0_drop0p2__wd1e-04trmiss40_trlocglobal,32,1e-05,0.0001,1,32,1,False,0.2,lr1e-05_bs32_modL1_fusion32_fusionL1_fusionBN0_drop0p2__wd1e-04trmiss40_trlocglobal,4,0.6926287810007731,0.67983677983284,0.7301587301587301,0.7846683307085789,0.6666666666666666,0.0,0.0,0.0,0.0,0.0,0.0,0.0,0.0,0.0,,,,,18473,global,0.4
3,4,lr1e-05_bs32_modL1_fusion32_fusionL1_fusionBN0_drop0p2__wd1e-04trmiss40_trlocglobal,32,1e-05,0.0001,1,32,1,False,0.2,lr1e-05_bs32_modL1_fusion32_fusionL1_fusionBN0_drop0p2__wd1e-04trmiss40_trlocglobal,5,0.6892687777678171,0.6793360114097595,0.7261904761904762,0.7714667220357341,0.6888888888888889,0.0,0.0,0.0,0.0,0.0,0.0,0.0,0.0,0.0,,,,,18473,global,0.4
3,4,lr1e-05_bs32_modL1_fusion32_fusionL1_fusionBN0_drop0p2__wd1e-04trmiss40_trlocglobal,32,1e-05,0.0001,1,32,1,False,0.2,lr1e-05_bs32_modL1_fusion32_fusionL1_fusionBN0_drop0p2__wd1e-04trmiss40_trlocglobal,6,0.6840625504652659,0.6791065335273743,0.7222222222222222,0.7606539188854278,0.6666666666666666,0.0,0.0,0.0,0.0,0.0,0.0,0.0,0.0,0.0,,,,,18473,global,0.4
3,4,lr1e-05_bs32_modL1_fusion32_fusionL1_fusionBN0_drop0p2__wd1e-04trmiss40_trlocglobal,32,1e-05,0.0001,1,32,1,False,0.2,lr1e-05_bs32_modL1_fusion32_fusionL1_fusionBN0_drop0p2__wd1e-04trmiss40_trlocglobal,7,0.6865942180156708,0.678956538438797,0.7261904761904762,0.7634221370770331,0.6888888888888889,0.0,0.0,0.0,0.0,0.0,0.0,0.0,0.0,0.0,,,,,18473,global,0.4
3,4,lr1e-05_bs32_modL1_fusion32_fusionL1_fusionBN0_drop0p2__wd1e-04trmiss40_trlocglobal,32,1e-05,0.0001,1,32,1,False,0.2,lr1e-05_bs32_modL1_fusion32_fusionL1_fusionBN0_drop0p2__wd1e-04trmiss40_trlocglobal,8,0.680894672870636,0.6789755523204803,0.7202380952380952,0.7597949877806862,0.6444444444444445,0.0,0.0,0.0,0.0,0.0,0.0,0.0,0.0,0.0,,,,,18473,global,0.4
3,4,lr1e-05_bs32_modL1_fusion32_fusionL1_fusionBN0_drop0p2__wd1e-04trmiss40_trlocglobal,32,1e-05,0.0001,1,32,1,False,0.2,lr1e-05_bs32_modL1_fusion32_fusionL1_fusionBN0_drop0p2__wd1e-04trmiss40_trlocglobal,9,0.6747953593730927,0.6789999902248383,0.7162698412698412,0.7619093546716542,0.6666666666666666,0.0,0.0,0.0,0.0,0.0,0.0,0.0,0.0,0.0,,,,,18473,global,0.4
3,4,lr1e-05_bs32_modL1_fusion32_fusionL1_fusionBN0_drop0p2__wd1e-04trmiss40_trlocglobal,32,1e-05,0.0001,1,32,1,False,0.2,lr1e-05_bs32_modL1_fusion32_fusionL1_fusionBN0_drop0p2__wd1e-04trmiss40_trlocglobal,10,0.6828157802422842,0.6791469752788544,0.7162698412698412,0.7621718005591,0.6666666666666666,0.0,0.0,0.0,0.0,0.0,0.0,0.0,0.0,0.0,,,,,18473,global,0.4
3,4,lr1e-05_bs32_modL1_fusion32_fusionL1_fusionBN0_drop0p2__wd1e-04trmiss40_trlocglobal,32,1e-05,0.0001,1,32,1,False,0.2,lr1e-05_bs32_modL1_fusion32_fusionL1_fusionBN0_drop0p2__wd1e-04trmiss40_trlocglobal,11,0.6811604201793671,0.6790039241313934,0.7142857142857142,0.7578259104344462,0.6666666666666666,0.0,0.0,0.0,0.0,0.0,0.0,0.0,0.0,0.0,,,,,18473,global,0.4
3,4,lr1e-05_bs32_modL1_fusion32_fusionL1_fusionBN0_drop0p2__wd1e-04trmiss40_trlocglobal,32,1e-05,0.0001,1,32,1,False,0.2,lr1e-05_bs32_modL1_fusion32_fusionL1_fusionBN0_drop0p2__wd1e-04trmiss40_trlocglobal,12,0.6786949435869852,0.6792747974395752,0.7043650793650793,0.7427110305169347,0.6666666666666666,0.0,0.0,0.0,0.0,0.0,0.0,0.0,0.0,0.0,,,,,18473,global,0.4
3,4,lr1e-05_bs32_modL1_fusion32_fusionL1_fusionBN0_drop0p2__wd1e-04trmiss40_trlocglobal,32,1e-05,0.0001,1,32,1,False,0.2,lr1e-05_bs32_modL1_fusion32_fusionL1_fusionBN0_drop0p2__wd1e-04trmiss40_trlocglobal,13,0.6732975741227468,0.6794304549694061,0.7043650793650793,0.7393288619785161,0.6666666666666666,0.0,0.0,0.0,0.0,0.0,0.0,0.0,0.0,0.0,,,,,18473,global,0.4
3,4,lr1e-05_bs32_modL1_fusion32_fusionL1_fusionBN0_drop0p2__wd1e-04trmiss40_trlocglobal,32,1e-05,0.0001,1,32,1,False,0.2,lr1e-05_bs32_modL1_fusion32_fusionL1_fusionBN0_drop0p2__wd1e-04trmiss40_trlocglobal,14,0.6792126695315043,0.6796319782733917,0.7043650793650793,0.7378045387808058,0.6666666666666666,0.0,0.0,0.0,0.0,0.0,0.0,0.0,0.0,0.0,,,,,18473,global,0.4
3,4,lr1e-05_bs32_modL1_fusion32_fusionL1_fusionBN0_drop0p2__wd1e-04trmiss40_trlocglobal,32,1e-05,0.0001,1,32,1,False,0.2,lr1e-05_bs32_modL1_fusion32_fusionL1_fusionBN0_drop0p2__wd1e-04trmiss40_trlocglobal,15,0.6716437637805939,0.6798769235610962,0.7043650793650794,0.7389995243507914,0.6666666666666666,0.0,0.0,0.0,0.0,0.0,0.0,0.0,0.0,0.0,,,,,18473,global,0.4
3,4,lr1e-05_bs32_modL1_fusion32_fusionL1_fusionBN0_drop0p2__wd1e-04trmiss40_trlocglobal,32,1e-05,0.0001,1,32,1,False,0.2,lr1e-05_bs32_modL1_fusion32_fusionL1_fusionBN0_drop0p2__wd1e-04trmiss40_trlocglobal,16,0.676203062136968,0.6800940334796906,0.7003968253968255,0.7353472773307779,0.6666666666666666,0.0,0.0,0.0,0.0,0.0,0.0,0.0,0.0,0.0,,,,,18473,global,0.4
3,4,lr1e-05_bs32_modL1_fusion32_fusionL1_fusionBN0_drop0p2__wd1e-04trmiss40_trlocglobal,32,1e-05,0.0001,1,32,1,False,0.2,lr1e-05_bs32_modL1_fusion32_fusionL1_fusionBN0_drop0p2__wd1e-04trmiss40_trlocglobal,17,0.6661976079146067,0.6803150475025177,0.7142857142857143,0.7417389631495668,0.6444444444444445,0.0,0.0,0.0,0.0,0.0,0.0,0.0,0.0,0.0,,,,,18473,global,0.4
3,4,lr1e-05_bs32_modL1_fusion32_fusionL1_fusionBN0_drop0p2__wd1e-04trmiss40_trlocglobal,32,1e-05,0.0001,1,32,1,False,0.2,lr1e-05_bs32_modL1_fusion32_fusionL1_fusionBN0_drop0p2__wd1e-04trmiss40_trlocglobal,18,0.6624703903992971,0.6808619499206543,0.7003968253968254,0.7340735941345772,0.6444444444444445,0.0,0.0,0.0,0.0,0.0,0.0,0.0,0.0,0.0,,,,,18473,global,0.4
3,4,lr1e-05_bs32_modL1_fusion32_fusionL1_fusionBN0_drop0p2__wd1e-04trmiss40_trlocglobal,32,1e-05,0.0001,1,32,1,False,0.2,lr1e-05_bs32_modL1_fusion32_fusionL1_fusionBN0_drop0p2__wd1e-04trmiss40_trlocglobal,19,0.6689509352048238,0.6807587444782257,0.6924603174603174,0.7216350332526802,0.6444444444444445,0.0,0.0,0.0,0.0,0.0,0.0,0.0,0.0,0.0,,,,,18473,global,0.4
3,4,lr1e-05_bs32_modL1_fusion32_fusionL1_fusionBN0_drop0p2__wd1e-04trmiss40_trlocglobal,32,1e-05,0.0001,1,32,1,False,0.2,lr1e-05_bs32_modL1_fusion32_fusionL1_fusionBN0_drop0p2__wd1e-04trmiss40_trlocglobal,20,0.67752672235171,0.6806802451610565,0.6904761904761905,0.7267440026301587,0.6444444444444445,0.0,0.0,0.0,0.0,0.0,0.0,0.0,0.0,0.0,,,,,18473,global,0.4
3,4,lr1e-05_bs32_modL1_fusion32_fusionL1_fusionBN0_drop0p2__wd1e-04trmiss40_trlocglobal,32,1e-05,0.0001,1,32,1,False,0.2,lr1e-05_bs32_modL1_fusion32_fusionL1_fusionBN0_drop0p2__wd1e-04trmiss40_trlocglobal,21,0.6672171155611674,0.6806979179382324,0.6924603174603176,0.7338237284598845,0.6666666666666666,0.0,0.0,0.0,0.0,0.0,0.0,0.0,0.0,0.0,,,,,18473,global,0.4
3,4,lr1e-05_bs32_modL1_fusion32_fusionL1_fusionBN0_drop0p2__wd1e-04trmiss40_trlocglobal,32,1e-05,0.0001,1,32,1,False,0.2,lr1e-05_bs32_modL1_fusion32_fusionL1_fusionBN0_drop0p2__wd1e-04trmiss40_trlocglobal,22,0.6622318923473358,0.6811484396457672,0.6865079365079365,0.7266594674225416,0.6666666666666666,0.0,0.0,0.0,0.0,0.0,0.0,0.0,0.0,0.0,,,,,18473,global,0.4
3,4,lr1e-05_bs32_modL1_fusion32_fusionL1_fusionBN0_drop0p2__wd1e-04trmiss40_trlocglobal,32,1e-05,0.0001,1,32,1,False,0.2,lr1e-05_bs32_modL1_fusion32_fusionL1_fusionBN0_drop0p2__wd1e-04trmiss40_trlocglobal,23,0.6701327164967855,0.6809990704059601,0.6865079365079365,0.7232864515495259,0.6666666666666666,0.0,0.0,0.0,0.0,0.0,0.0,0.0,0.0,0.0,,,,,18473,global,0.4
3,4,lr1e-05_bs32_modL1_fusion32_fusionL1_fusionBN0_drop0p2__wd1e-04trmiss40_trlocglobal,32,1e-05,0.0001,1,32,1,False,0.2,lr1e-05_bs32_modL1_fusion32_fusionL1_fusionBN0_drop0p2__wd1e-04trmiss40_trlocglobal,24,0.663866917292277,0.6810683310031891,0.6825396825396826,0.7191622615700726,0.6444444444444445,0.0,0.0,0.0,0.0,0.0,0.0,0.0,0.0,0.0,,,,,18473,global,0.4
3,4,lr1e-05_bs32_modL1_fusion32_fusionL1_fusionBN0_drop0p2__wd1e-04trmiss40_trlocglobal,32,1e-05,0.0001,1,32,1,False,0.2,lr1e-05_bs32_modL1_fusion32_fusionL1_fusionBN0_drop0p2__wd1e-04trmiss40_trlocglobal,25,0.6645930508772532,0.6807950735092163,0.6865079365079365,0.7210893238994995,0.6444444444444445,0.0,0.0,0.0,0.0,0.0,0.0,0.0,0.0,0.0,,,,,18473,global,0.4
3,4,lr1e-05_bs32_modL1_fusion32_fusionL1_fusionBN0_drop0p2__wd1e-04trmiss40_trlocglobal,32,1e-05,0.0001,1,32,1,False,0.2,lr1e-05_bs32_modL1_fusion32_fusionL1_fusionBN0_drop0p2__wd1e-04trmiss40_trlocglobal,26,0.6621246437231699,0.6806513965129852,0.6904761904761905,0.731644379563056,0.6444444444444445,0.0,0.0,0.0,0.0,0.0,0.0,0.0,0.0,0.0,,,,,18473,global,0.4
3,4,lr1e-05_bs32_modL1_fusion32_fusionL1_fusionBN0_drop0p2__wd1e-04trmiss40_trlocglobal,32,1e-05,0.0001,1,32,1,False,0.2,lr1e-05_bs32_modL1_fusion32_fusionL1_fusionBN0_drop0p2__wd1e-04trmiss40_trlocglobal,27,0.6646509170532227,0.6809795498847961,0.6805555555555556,0.72266590406243,0.6444444444444445,0.0,0.0,0.0,0.0,0.0,0.0,0.0,0.0,0.0,,,,,18473,global,0.4
3,4,lr1e-05_bs32_modL1_fusion32_fusionL1_fusionBN0_drop0p1__wd1e-04trmiss40_trlocglobal,32,1e-05,0.0001,1,32,1,False,0.1,lr1e-05_bs32_modL1_fusion32_fusionL1_fusionBN0_drop0p1__wd1e-04trmiss40_trlocglobal,1,0.7071568369865417,0.7100362479686737,0.4503968253968254,0.4968460145838524,0.5333333333333333,0.0,0.0,0.0,0.0,0.0,0.0,0.0,0.0,0.0,,,,,18473,global,0.4
3,4,lr1e-05_bs32_modL1_fusion32_fusionL1_fusionBN0_drop0p1__wd1e-04trmiss40_trlocglobal,32,1e-05,0.0001,1,32,1,False,0.1,lr1e-05_bs32_modL1_fusion32_fusionL1_fusionBN0_drop0p1__wd1e-04trmiss40_trlocglobal,2,0.6974989076455435,0.7147147357463837,0.42261904761904767,0.4772618553535469,0.5333333333333333,0.0,0.0,0.0,0.0,0.0,0.0,0.0,0.0,0.0,,,,,18473,global,0.4
3,4,lr1e-05_bs32_modL1_fusion32_fusionL1_fusionBN0_drop0p1__wd1e-04trmiss40_trlocglobal,32,1e-05,0.0001,1,32,1,False,0.1,lr1e-05_bs32_modL1_fusion32_fusionL1_fusionBN0_drop0p1__wd1e-04trmiss40_trlocglobal,3,0.7033315598964691,0.7193162143230438,0.3988095238095238,0.4658196656185624,0.5333333333333333,0.0,0.0,0.0,0.0,0.0,0.0,0.0,0.0,0.0,,,,,18473,global,0.4
3,4,lr1e-05_bs32_modL1_fusion32_fusionL1_fusionBN0_drop0p1__wd1e-04trmiss40_trlocglobal,32,1e-05,0.0001,1,32,1,False,0.1,lr1e-05_bs32_modL1_fusion32_fusionL1_fusionBN0_drop0p1__wd1e-04trmiss40_trlocglobal,4,0.6931949456532797,0.722910612821579,0.38492063492063494,0.4573710382552945,0.5333333333333333,0.0,0.0,0.0,0.0,0.0,0.0,0.0,0.0,0.0,,,,,18473,global,0.4
3,4,lr1e-05_bs32_modL1_fusion32_fusionL1_fusionBN0_drop0p1__wd1e-04trmiss40_trlocglobal,32,1e-05,0.0001,1,32,1,False,0.1,lr1e-05_bs32_modL1_fusion32_fusionL1_fusionBN0_drop0p1__wd1e-04trmiss40_trlocglobal,5,0.6966724693775177,0.7258848249912262,0.37896825396825395,0.45439074268879204,0.5333333333333333,0.0,0.0,0.0,0.0,0.0,0.0,0.0,0.0,0.0,,,,,18473,global,0.4
3,4,lr1e-05_bs32_modL1_fusion32_fusionL1_fusionBN0_drop0p1__wd1e-04trmiss40_trlocglobal,32,1e-05,0.0001,1,32,1,False,0.1,lr1e-05_bs32_modL1_fusion32_fusionL1_fusionBN0_drop0p1__wd1e-04trmiss40_trlocglobal,6,0.6912116507689158,0.7275995314121246,0.3869047619047619,0.45928022756359627,0.5333333333333333,0.0,0.0,0.0,0.0,0.0,0.0,0.0,0.0,0.0,,,,,18473,global,0.4
3,4,lr1e-05_bs32_modL1_fusion32_fusionL1_fusionBN0_drop0p1__wd1e-04trmiss40_trlocglobal,32,1e-05,0.0001,1,32,1,False,0.1,lr1e-05_bs32_modL1_fusion32_fusionL1_fusionBN0_drop0p1__wd1e-04trmiss40_trlocglobal,7,0.6896949112415314,0.7287326157093048,0.3849206349206349,0.4594633996441859,0.5333333333333333,0.0,0.0,0.0,0.0,0.0,0.0,0.0,0.0,0.0,,,,,18473,global,0.4
3,4,lr1e-05_bs32_modL1_fusion32_fusionL1_fusionBN0_drop0p1__wd1e-04trmiss40_trlocglobal,32,1e-05,0.0001,1,32,1,False,0.1,lr1e-05_bs32_modL1_fusion32_fusionL1_fusionBN0_drop0p1__wd1e-04trmiss40_trlocglobal,8,0.6877114176750183,0.7296894490718842,0.376984126984127,0.45470065024618106,0.5333333333333333,0.0,0.0,0.0,0.0,0.0,0.0,0.0,0.0,0.0,,,,,18473,global,0.4
3,4,lr1e-05_bs32_modL1_fusion32_fusionL1_fusionBN0_drop0p1__wd1e-04trmiss40_trlocglobal,32,1e-05,0.0001,1,32,1,False,0.1,lr1e-05_bs32_modL1_fusion32_fusionL1_fusionBN0_drop0p1__wd1e-04trmiss40_trlocglobal,9,0.6844890316327413,0.7304093241691589,0.36904761904761907,0.4509310825272558,0.5333333333333333,0.0,0.0,0.0,0.0,0.0,0.0,0.0,0.0,0.0,,,,,18473,global,0.4
3,4,lr1e-05_bs32_modL1_fusion32_fusionL1_fusionBN0_drop0p1__wd1e-04trmiss40_trlocglobal,32,1e-05,0.0001,1,32,1,False,0.1,lr1e-05_bs32_modL1_fusion32_fusionL1_fusionBN0_drop0p1__wd1e-04trmiss40_trlocglobal,10,0.6804747184117635,0.7307227849960327,0.36309523809523814,0.4478923330236229,0.5333333333333333,0.0,0.0,0.0,0.0,0.0,0.0,0.0,0.0,0.0,,,,,18473,global,0.4
3,4,lr1e-05_bs32_modL1_fusion32_fusionL1_fusionBN0_drop0p1__wd1e-04trmiss40_trlocglobal,32,1e-05,0.0001,1,32,1,False,0.1,lr1e-05_bs32_modL1_fusion32_fusionL1_fusionBN0_drop0p1__wd1e-04trmiss40_trlocglobal,11,0.680483212073644,0.7310670018196106,0.36309523809523814,0.446950369399668,0.5333333333333333,0.0,0.0,0.0,0.0,0.0,0.0,0.0,0.0,0.0,,,,,18473,global,0.4
3,4,lr1e-05_bs32_modL1_fusion32_fusionL1_fusionBN0_drop0p1__wd1e-04trmiss40_trlocglobal,32,1e-05,0.0001,1,32,1,False,0.1,lr1e-05_bs32_modL1_fusion32_fusionL1_fusionBN0_drop0p1__wd1e-04trmiss40_trlocglobal,12,0.6780978739261627,0.7309105396270752,0.376984126984127,0.4533741892295789,0.5333333333333333,0.0,0.0,0.0,0.0,0.0,0.0,0.0,0.0,0.0,,,,,18473,global,0.4
3,4,lr1e-05_bs32_modL1_fusion32_fusionL1_fusionBN0_drop0p1__wd1e-04trmiss40_trlocglobal,32,1e-05,0.0001,1,32,1,False,0.1,lr1e-05_bs32_modL1_fusion32_fusionL1_fusionBN0_drop0p1__wd1e-04trmiss40_trlocglobal,13,0.6765203177928925,0.7306085824966431,0.38492063492063494,0.45625215771452393,0.5333333333333333,0.0,0.0,0.0,0.0,0.0,0.0,0.0,0.0,0.0,,,,,18473,global,0.4
3,4,lr1e-05_bs32_modL1_fusion32_fusionL1_fusionBN0_drop0p1__wd1e-04trmiss40_trlocglobal,32,1e-05,0.0001,1,32,1,False,0.1,lr1e-05_bs32_modL1_fusion32_fusionL1_fusionBN0_drop0p1__wd1e-04trmiss40_trlocglobal,14,0.6774785816669464,0.7315671145915985,0.37896825396825395,0.4531543986742592,0.5333333333333333,0.0,0.0,0.0,0.0,0.0,0.0,0.0,0.0,0.0,,,,,18473,global,0.4
3,4,lr1e-05_bs32_modL1_fusion32_fusionL1_fusionBN0_drop0p1__wd1e-04trmiss40_trlocglobal,32,1e-05,0.0001,1,32,1,False,0.1,lr1e-05_bs32_modL1_fusion32_fusionL1_fusionBN0_drop0p1__wd1e-04trmiss40_trlocglobal,15,0.6767261922359467,0.7313719987869263,0.375,0.45120917614080136,0.5333333333333333,0.0,0.0,0.0,0.0,0.0,0.0,0.0,0.0,0.0,,,,,18473,global,0.4
3,4,lr1e-05_bs32_modL1_fusion32_fusionL1_fusionBN0_drop0p1__wd1e-04trmiss40_trlocglobal,32,1e-05,0.0001,1,32,1,False,0.1,lr1e-05_bs32_modL1_fusion32_fusionL1_fusionBN0_drop0p1__wd1e-04trmiss40_trlocglobal,16,0.6751862267653147,0.731240302324295,0.380952380952381,0.45656811685513427,0.5333333333333333,0.0,0.0,0.0,0.0,0.0,0.0,0.0,0.0,0.0,,,,,18473,global,0.4
3,4,lr1e-05_bs32_modL1_fusion32_fusionL1_fusionBN0_drop0p1__wd1e-04trmiss40_trlocglobal,32,1e-05,0.0001,1,32,1,False,0.1,lr1e-05_bs32_modL1_fusion32_fusionL1_fusionBN0_drop0p1__wd1e-04trmiss40_trlocglobal,17,0.6731280585130056,0.7307376563549042,0.380952380952381,0.4567885754089261,0.5333333333333333,0.0,0.0,0.0,0.0,0.0,0.0,0.0,0.0,0.0,,,,,18473,global,0.4
3,4,lr1e-05_bs32_modL1_fusion32_fusionL1_fusionBN0_drop0p1__wd1e-04trmiss40_trlocglobal,32,1e-05,0.0001,1,32,1,False,0.1,lr1e-05_bs32_modL1_fusion32_fusionL1_fusionBN0_drop0p1__wd1e-04trmiss40_trlocglobal,18,0.6730725467205048,0.7309876084327698,0.37896825396825395,0.4559441559730212,0.5333333333333333,0.0,0.0,0.0,0.0,0.0,0.0,0.0,0.0,0.0,,,,,18473,global,0.4
3,4,lr1e-05_bs32_modL1_fusion32_fusionL1_fusionBN0_drop0p1__wd1e-04trmiss40_trlocglobal,32,1e-05,0.0001,1,32,1,False,0.1,lr1e-05_bs32_modL1_fusion32_fusionL1_fusionBN0_drop0p1__wd1e-04trmiss40_trlocglobal,19,0.6702870925267538,0.7311044633388519,0.3789682539682539,0.4552986311008482,0.5333333333333333,0.0,0.0,0.0,0.0,0.0,0.0,0.0,0.0,0.0,,,,,18473,global,0.4
3,4,lr1e-05_bs32_modL1_fusion32_fusionL1_fusionBN0_drop0p1__wd1e-04trmiss40_trlocglobal,32,1e-05,0.0001,1,32,1,False,0.1,lr1e-05_bs32_modL1_fusion32_fusionL1_fusionBN0_drop0p1__wd1e-04trmiss40_trlocglobal,20,0.6649474501609802,0.7313457727432251,0.371031746031746,0.45188408725787044,0.5333333333333333,0.0,0.0,0.0,0.0,0.0,0.0,0.0,0.0,0.0,,,,,18473,global,0.4
3,4,lr1e-05_bs32_modL1_fusion32_fusionL1_fusionBN0_drop0p1__wd1e-04trmiss40_trlocglobal,32,1e-05,0.0001,1,32,1,False,0.1,lr1e-05_bs32_modL1_fusion32_fusionL1_fusionBN0_drop0p1__wd1e-04trmiss40_trlocglobal,21,0.6675652166207632,0.7311601638793945,0.37896825396825395,0.4553500203434139,0.5333333333333333,0.0,0.0,0.0,0.0,0.0,0.0,0.0,0.0,0.0,,,,,18473,global,0.4
3,4,lr1e-05_bs32_modL1_fusion32_fusionL1_fusionBN0_drop0p1__wd1e-04trmiss40_trlocglobal,32,1e-05,0.0001,1,32,1,False,0.1,lr1e-05_bs32_modL1_fusion32_fusionL1_fusionBN0_drop0p1__wd1e-04trmiss40_trlocglobal,22,0.6633244554201762,0.7320976555347443,0.37301587301587297,0.45255732919287966,0.5333333333333333,0.0,0.0,0.0,0.0,0.0,0.0,0.0,0.0,0.0,,,,,18473,global,0.4
3,4,lr1e-05_bs32_modL1_fusion32_fusionL1_fusionBN0_drop0p1__wd1e-04trmiss40_trlocglobal,32,1e-05,0.0001,1,32,1,False,0.1,lr1e-05_bs32_modL1_fusion32_fusionL1_fusionBN0_drop0p1__wd1e-04trmiss40_trlocglobal,23,0.6630830864111582,0.7319974899291992,0.37103174603174605,0.4522580894859104,0.5333333333333333,0.0,0.0,0.0,0.0,0.0,0.0,0.0,0.0,0.0,,,,,18473,global,0.4
3,4,lr1e-05_bs32_modL1_fusion32_fusionL1_fusionBN0_drop0p1__wd1e-04trmiss40_trlocglobal,32,1e-05,0.0001,1,32,1,False,0.1,lr1e-05_bs32_modL1_fusion32_fusionL1_fusionBN0_drop0p1__wd1e-04trmiss40_trlocglobal,24,0.6633492310841879,0.7328274548053741,0.369047619047619,0.4511330562212276,0.5333333333333333,0.0,0.0,0.0,0.0,0.0,0.0,0.0,0.0,0.0,,,,,18473,global,0.4
3,4,lr1e-05_bs32_modL1_fusion32_fusionL1_fusionBN0_drop0p1__wd1e-04trmiss40_trlocglobal,32,1e-05,0.0001,1,32,1,False,0.1,lr1e-05_bs32_modL1_fusion32_fusionL1_fusionBN0_drop0p1__wd1e-04trmiss40_trlocglobal,25,0.6628548204898834,0.7328865826129913,0.371031746031746,0.4520521738682865,0.5333333333333333,0.0,0.0,0.0,0.0,0.0,0.0,0.0,0.0,0.0,,,,,18473,global,0.4
3,4,lr1e-05_bs32_modL1_fusion32_fusionL1_fusionBN0_drop0p1__wd1e-04trmiss40_trlocglobal,32,1e-05,0.0001,1,32,1,False,0.1,lr1e-05_bs32_modL1_fusion32_fusionL1_fusionBN0_drop0p1__wd1e-04trmiss40_trlocglobal,26,0.6682742039362589,0.7328815162181854,0.36507936507936506,0.4494636448439573,0.5333333333333333,0.0,0.0,0.0,0.0,0.0,0.0,0.0,0.0,0.0,,,,,18473,global,0.4
3,5,lr1e-04_bs32_modL1_fusion16_fusionL1_fusionBN0_drop0p2__wd1e-04trmiss40_trlocglobal,32,0.0001,0.0001,1,16,1,False,0.2,lr1e-04_bs32_modL1_fusion16_fusionL1_fusionBN0_drop0p2__wd1e-04trmiss40_trlocglobal,1,0.7052839895089468,0.7033924758434296,0.4325396825396825,0.5188076815572386,0.4666666666666667,0.0,0.0,0.0,0.0,0.0,0.0,0.0,0.0,0.0,,,,,18473,global,0.4
3,5,lr1e-04_bs32_modL1_fusion16_fusionL1_fusionBN0_drop0p2__wd1e-04trmiss40_trlocglobal,32,0.0001,0.0001,1,16,1,False,0.2,lr1e-04_bs32_modL1_fusion16_fusionL1_fusionBN0_drop0p2__wd1e-04trmiss40_trlocglobal,2,0.6912992497285207,0.7021299302577972,0.4801587301587301,0.5380334022561275,0.4666666666666667,0.0,0.0,0.0,0.0,0.0,0.0,0.0,0.0,0.0,,,,,18473,global,0.4
3,5,lr1e-04_bs32_modL1_fusion16_fusionL1_fusionBN0_drop0p2__wd1e-04trmiss40_trlocglobal,32,0.0001,0.0001,1,16,1,False,0.2,lr1e-04_bs32_modL1_fusion16_fusionL1_fusionBN0_drop0p2__wd1e-04trmiss40_trlocglobal,3,0.6734684805075327,0.7015815079212189,0.5,0.5614180502384546,0.4666666666666667,0.0,0.0,0.0,0.0,0.0,0.0,0.0,0.0,0.0,,,,,18473,global,0.4
3,5,lr1e-04_bs32_modL1_fusion16_fusionL1_fusionBN0_drop0p2__wd1e-04trmiss40_trlocglobal,32,0.0001,0.0001,1,16,1,False,0.2,lr1e-04_bs32_modL1_fusion16_fusionL1_fusionBN0_drop0p2__wd1e-04trmiss40_trlocglobal,4,0.6786733071009318,0.7002583146095276,0.5257936507936508,0.5895887513588236,0.4888888888888889,0.0,0.0,0.0,0.0,0.0,0.0,0.0,0.0,0.0,,,,,18473,global,0.4
3,5,lr1e-04_bs32_modL1_fusion16_fusionL1_fusionBN0_drop0p2__wd1e-04trmiss40_trlocglobal,32,0.0001,0.0001,1,16,1,False,0.2,lr1e-04_bs32_modL1_fusion16_fusionL1_fusionBN0_drop0p2__wd1e-04trmiss40_trlocglobal,5,0.6607130567232767,0.6986792981624603,0.5337301587301587,0.6012569617721907,0.4666666666666667,0.0,0.0,0.0,0.0,0.0,0.0,0.0,0.0,0.0,,,,,18473,global,0.4
3,5,lr1e-04_bs32_modL1_fusion16_fusionL1_fusionBN0_drop0p2__wd1e-04trmiss40_trlocglobal,32,0.0001,0.0001,1,16,1,False,0.2,lr1e-04_bs32_modL1_fusion16_fusionL1_fusionBN0_drop0p2__wd1e-04trmiss40_trlocglobal,6,0.6537900964419047,0.6986142992973328,0.5218253968253967,0.5995664447394305,0.4666666666666667,0.0,0.0,0.0,0.0,0.0,0.0,0.0,0.0,0.0,,,,,18473,global,0.4
3,5,lr1e-04_bs32_modL1_fusion16_fusionL1_fusionBN0_drop0p2__wd1e-04trmiss40_trlocglobal,32,0.0001,0.0001,1,16,1,False,0.2,lr1e-04_bs32_modL1_fusion16_fusionL1_fusionBN0_drop0p2__wd1e-04trmiss40_trlocglobal,7,0.6467210650444031,0.6978586614131927,0.5357142857142858,0.6006449315708892,0.4666666666666667,0.0,0.0,0.0,0.0,0.0,0.0,0.0,0.0,0.0,,,,,18473,global,0.4
3,5,lr1e-04_bs32_modL1_fusion16_fusionL1_fusionBN0_drop0p2__wd1e-04trmiss40_trlocglobal,32,0.0001,0.0001,1,16,1,False,0.2,lr1e-04_bs32_modL1_fusion16_fusionL1_fusionBN0_drop0p2__wd1e-04trmiss40_trlocglobal,8,0.6508823831876119,0.6963948905467987,0.5416666666666667,0.6023911531322522,0.5333333333333333,0.0,0.0,0.0,0.0,0.0,0.0,0.0,0.0,0.0,,,,,18473,global,0.4
3,5,lr1e-04_bs32_modL1_fusion16_fusionL1_fusionBN0_drop0p2__wd1e-04trmiss40_trlocglobal,32,0.0001,0.0001,1,16,1,False,0.2,lr1e-04_bs32_modL1_fusion16_fusionL1_fusionBN0_drop0p2__wd1e-04trmiss40_trlocglobal,9,0.6402930517991384,0.6945943832397461,0.5515873015873016,0.6057923088617456,0.5333333333333333,0.0,0.0,0.0,0.0,0.0,0.0,0.0,0.0,0.0,,,,,18473,global,0.4
3,5,lr1e-04_bs32_modL1_fusion16_fusionL1_fusionBN0_drop0p2__wd1e-04trmiss40_trlocglobal,32,0.0001,0.0001,1,16,1,False,0.2,lr1e-04_bs32_modL1_fusion16_fusionL1_fusionBN0_drop0p2__wd1e-04trmiss40_trlocglobal,10,0.6381205717722574,0.6924416720867157,0.5595238095238095,0.6214898313278349,0.5333333333333333,0.0,0.0,0.0,0.0,0.0,0.0,0.0,0.0,0.0,,,,,18473,global,0.4
3,5,lr1e-04_bs32_modL1_fusion16_fusionL1_fusionBN0_drop0p2__wd1e-04trmiss40_trlocglobal,32,0.0001,0.0001,1,16,1,False,0.2,lr1e-04_bs32_modL1_fusion16_fusionL1_fusionBN0_drop0p2__wd1e-04trmiss40_trlocglobal,11,0.6318669517834982,0.6905547678470612,0.5734126984126984,0.6347475977534934,0.5555555555555556,0.0,0.0,0.0,0.0,0.0,0.0,0.0,0.0,0.0,,,,,18473,global,0.4
3,5,lr1e-04_bs32_modL1_fusion16_fusionL1_fusionBN0_drop0p2__wd1e-04trmiss40_trlocglobal,32,0.0001,0.0001,1,16,1,False,0.2,lr1e-04_bs32_modL1_fusion16_fusionL1_fusionBN0_drop0p2__wd1e-04trmiss40_trlocglobal,12,0.6132810115814209,0.6893903315067291,0.5793650793650794,0.6521083382556813,0.5333333333333333,0.0,0.0,0.0,0.0,0.0,0.0,0.0,0.0,0.0,,,,,18473,global,0.4
3,5,lr1e-04_bs32_modL1_fusion16_fusionL1_fusionBN0_drop0p2__wd1e-04trmiss40_trlocglobal,32,0.0001,0.0001,1,16,1,False,0.2,lr1e-04_bs32_modL1_fusion16_fusionL1_fusionBN0_drop0p2__wd1e-04trmiss40_trlocglobal,13,0.6077621777852377,0.6900005340576172,0.5813492063492064,0.6512325507300385,0.5555555555555556,0.0,0.0,0.0,0.0,0.0,0.0,0.0,0.0,0.0,,,,,18473,global,0.4
3,5,lr1e-04_bs32_modL1_fusion16_fusionL1_fusionBN0_drop0p2__wd1e-04trmiss40_trlocglobal,32,0.0001,0.0001,1,16,1,False,0.2,lr1e-04_bs32_modL1_fusion16_fusionL1_fusionBN0_drop0p2__wd1e-04trmiss40_trlocglobal,14,0.6217864950497946,0.6888900995254517,0.5654761904761905,0.6467064218485403,0.5555555555555556,0.0,0.0,0.0,0.0,0.0,0.0,0.0,0.0,0.0,,,,,18473,global,0.4
3,5,lr1e-04_bs32_modL1_fusion16_fusionL1_fusionBN0_drop0p2__wd1e-04trmiss40_trlocglobal,32,0.0001,0.0001,1,16,1,False,0.2,lr1e-04_bs32_modL1_fusion16_fusionL1_fusionBN0_drop0p2__wd1e-04trmiss40_trlocglobal,15,0.611459751923879,0.6887966990470886,0.5654761904761905,0.6409580260644149,0.5555555555555556,0.0,0.0,0.0,0.0,0.0,0.0,0.0,0.0,0.0,,,,,18473,global,0.4
3,5,lr1e-04_bs32_modL1_fusion16_fusionL1_fusionBN0_drop0p2__wd1e-04trmiss40_trlocglobal,32,0.0001,0.0001,1,16,1,False,0.2,lr1e-04_bs32_modL1_fusion16_fusionL1_fusionBN0_drop0p2__wd1e-04trmiss40_trlocglobal,16,0.6161390443642935,0.6877147555351257,0.5714285714285714,0.6408304134966386,0.5777777777777777,0.0,0.0,0.0,0.0,0.0,0.0,0.0,0.0,0.0,,,,,18473,global,0.4
3,5,lr1e-04_bs32_modL1_fusion16_fusionL1_fusionBN0_drop0p2__wd1e-04trmiss40_trlocglobal,32,0.0001,0.0001,1,16,1,False,0.2,lr1e-04_bs32_modL1_fusion16_fusionL1_fusionBN0_drop0p2__wd1e-04trmiss40_trlocglobal,17,0.5996255477269491,0.6864856481552124,0.5753968253968255,0.6419560305028323,0.5777777777777777,0.0,0.0,0.0,0.0,0.0,0.0,0.0,0.0,0.0,,,,,18473,global,0.4
3,5,lr1e-04_bs32_modL1_fusion16_fusionL1_fusionBN0_drop0p2__wd1e-04trmiss40_trlocglobal,32,0.0001,0.0001,1,16,1,False,0.2,lr1e-04_bs32_modL1_fusion16_fusionL1_fusionBN0_drop0p2__wd1e-04trmiss40_trlocglobal,18,0.6039074758688608,0.6853824257850647,0.5793650793650795,0.649050873181199,0.6,0.0,0.0,0.0,0.0,0.0,0.0,0.0,0.0,0.0,,,,,18473,global,0.4
3,5,lr1e-04_bs32_modL1_fusion16_fusionL1_fusionBN0_drop0p2__wd1e-04trmiss40_trlocglobal,32,0.0001,0.0001,1,16,1,False,0.2,lr1e-04_bs32_modL1_fusion16_fusionL1_fusionBN0_drop0p2__wd1e-04trmiss40_trlocglobal,19,0.5981928010781606,0.68370321393013,0.5932539682539683,0.6591976672573782,0.6,0.0,0.0,0.0,0.0,0.0,0.0,0.0,0.0,0.0,,,,,18473,global,0.4
3,5,lr1e-04_bs32_modL1_fusion16_fusionL1_fusionBN0_drop0p2__wd1e-04trmiss40_trlocglobal,32,0.0001,0.0001,1,16,1,False,0.2,lr1e-04_bs32_modL1_fusion16_fusionL1_fusionBN0_drop0p2__wd1e-04trmiss40_trlocglobal,20,0.5907143155733744,0.6810584962368011,0.5793650793650794,0.6489090571964345,0.6222222222222222,0.0,0.0,0.0,0.0,0.0,0.0,0.0,0.0,0.0,,,,,18473,global,0.4
3,5,lr1e-04_bs32_modL1_fusion16_fusionL1_fusionBN0_drop0p2__wd1e-04trmiss40_trlocglobal,32,0.0001,0.0001,1,16,1,False,0.2,lr1e-04_bs32_modL1_fusion16_fusionL1_fusionBN0_drop0p2__wd1e-04trmiss40_trlocglobal,21,0.5941340625286102,0.6816820502281189,0.5813492063492064,0.6510524081937792,0.5777777777777777,0.0,0.0,0.0,0.0,0.0,0.0,0.0,0.0,0.0,,,,,18473,global,0.4
3,5,lr1e-04_bs32_modL1_fusion16_fusionL1_fusionBN0_drop0p2__wd1e-04trmiss40_trlocglobal,32,0.0001,0.0001,1,16,1,False,0.2,lr1e-04_bs32_modL1_fusion16_fusionL1_fusionBN0_drop0p2__wd1e-04trmiss40_trlocglobal,22,0.5666944881280264,0.6813803613185883,0.6051587301587302,0.6619409217557312,0.6,0.0,0.0,0.0,0.0,0.0,0.0,0.0,0.0,0.0,,,,,18473,global,0.4
3,5,lr1e-04_bs32_modL1_fusion16_fusionL1_fusionBN0_drop0p2__wd1e-04trmiss40_trlocglobal,32,0.0001,0.0001,1,16,1,False,0.2,lr1e-04_bs32_modL1_fusion16_fusionL1_fusionBN0_drop0p2__wd1e-04trmiss40_trlocglobal,23,0.577383408943812,0.6803525686264038,0.6031746031746033,0.6544414099303884,0.6222222222222222,0.0,0.0,0.0,0.0,0.0,0.0,0.0,0.0,0.0,,,,,18473,global,0.4
3,5,lr1e-04_bs32_modL1_fusion16_fusionL1_fusionBN0_drop0p2__wd1e-04trmiss40_trlocglobal,32,0.0001,0.0001,1,16,1,False,0.2,lr1e-04_bs32_modL1_fusion16_fusionL1_fusionBN0_drop0p2__wd1e-04trmiss40_trlocglobal,24,0.5765242179234823,0.6802662909030914,0.6031746031746031,0.6626262178182556,0.5777777777777777,0.0,0.0,0.0,0.0,0.0,0.0,0.0,0.0,0.0,,,,,18473,global,0.4
3,5,lr1e-04_bs32_modL1_fusion16_fusionL1_fusionBN0_drop0p2__wd1e-04trmiss40_trlocglobal,32,0.0001,0.0001,1,16,1,False,0.2,lr1e-04_bs32_modL1_fusion16_fusionL1_fusionBN0_drop0p2__wd1e-04trmiss40_trlocglobal,25,0.5708606044451395,0.681476503610611,0.5952380952380952,0.6560214409808318,0.6,0.0,0.0,0.0,0.0,0.0,0.0,0.0,0.0,0.0,,,,,18473,global,0.4
3,5,lr1e-04_bs32_modL1_fusion16_fusionL1_fusionBN0_drop0p2__wd1e-04trmiss40_trlocglobal,32,0.0001,0.0001,1,16,1,False,0.2,lr1e-04_bs32_modL1_fusion16_fusionL1_fusionBN0_drop0p2__wd1e-04trmiss40_trlocglobal,26,0.5679351190725962,0.6804417669773102,0.6031746031746031,0.6462970273183894,0.5777777777777777,0.0,0.0,0.0,0.0,0.0,0.0,0.0,0.0,0.0,,,,,18473,global,0.4
3,5,lr1e-04_bs32_modL1_fusion16_fusionL1_fusionBN0_drop0p2__wd1e-04trmiss40_trlocglobal,32,0.0001,0.0001,1,16,1,False,0.2,lr1e-04_bs32_modL1_fusion16_fusionL1_fusionBN0_drop0p2__wd1e-04trmiss40_trlocglobal,27,0.567083885272344,0.6805711984634399,0.5952380952380952,0.6455871101266005,0.5777777777777777,0.0,0.0,0.0,0.0,0.0,0.0,0.0,0.0,0.0,,,,,18473,global,0.4
3,5,lr1e-04_bs32_modL1_fusion16_fusionL1_fusionBN0_drop0p2__wd1e-04trmiss40_trlocglobal,32,0.0001,0.0001,1,16,1,False,0.2,lr1e-04_bs32_modL1_fusion16_fusionL1_fusionBN0_drop0p2__wd1e-04trmiss40_trlocglobal,28,0.5418191949526469,0.680946409702301,0.6091269841269842,0.6551598014748338,0.6,0.0,0.0,0.0,0.0,0.0,0.0,0.0,0.0,0.0,,,,,18473,global,0.4
3,5,lr1e-04_bs32_modL1_fusion16_fusionL1_fusionBN0_drop0p2__wd1e-04trmiss40_trlocglobal,32,0.0001,0.0001,1,16,1,False,0.2,lr1e-04_bs32_modL1_fusion16_fusionL1_fusionBN0_drop0p2__wd1e-04trmiss40_trlocglobal,29,0.5557998816172282,0.6787698864936829,0.6190476190476191,0.652467817449435,0.6222222222222222,0.0,0.0,0.0,0.0,0.0,0.0,0.0,0.0,0.0,,,,,18473,global,0.4
3,5,lr1e-04_bs32_modL1_fusion16_fusionL1_fusionBN0_drop0p2__wd1e-04trmiss40_trlocglobal,32,0.0001,0.0001,1,16,1,False,0.2,lr1e-04_bs32_modL1_fusion16_fusionL1_fusionBN0_drop0p2__wd1e-04trmiss40_trlocglobal,30,0.5401395459969839,0.6756120324134827,0.625,0.6555989615497396,0.6222222222222222,0.0,0.0,0.0,0.0,0.0,0.0,0.0,0.0,0.0,,,,,18473,global,0.4
3,5,lr1e-04_bs32_modL1_fusion16_fusionL1_fusionBN0_drop0p2__wd1e-04trmiss40_trlocglobal,32,0.0001,0.0001,1,16,1,False,0.2,lr1e-04_bs32_modL1_fusion16_fusionL1_fusionBN0_drop0p2__wd1e-04trmiss40_trlocglobal,31,0.5475614865620931,0.6758263111114502,0.625,0.6525076895522176,0.6222222222222222,0.0,0.0,0.0,0.0,0.0,0.0,0.0,0.0,0.0,,,,,18473,global,0.4
3,5,lr1e-04_bs32_modL1_fusion16_fusionL1_fusionBN0_drop0p2__wd1e-04trmiss40_trlocglobal,32,0.0001,0.0001,1,16,1,False,0.2,lr1e-04_bs32_modL1_fusion16_fusionL1_fusionBN0_drop0p2__wd1e-04trmiss40_trlocglobal,32,0.5301532844702402,0.6767065227031708,0.6190476190476191,0.6462768569647606,0.6,0.0,0.0,0.0,0.0,0.0,0.0,0.0,0.0,0.0,,,,,18473,global,0.4
3,5,lr1e-04_bs32_modL1_fusion16_fusionL1_fusionBN0_drop0p2__wd1e-04trmiss40_trlocglobal,32,0.0001,0.0001,1,16,1,False,0.2,lr1e-04_bs32_modL1_fusion16_fusionL1_fusionBN0_drop0p2__wd1e-04trmiss40_trlocglobal,33,0.5322427054246267,0.6754557490348816,0.621031746031746,0.6537133592059701,0.6,0.0,0.0,0.0,0.0,0.0,0.0,0.0,0.0,0.0,,,,,18473,global,0.4
3,5,lr1e-04_bs32_modL1_fusion16_fusionL1_fusionBN0_drop0p2__wd1e-04trmiss40_trlocglobal,32,0.0001,0.0001,1,16,1,False,0.2,lr1e-04_bs32_modL1_fusion16_fusionL1_fusionBN0_drop0p2__wd1e-04trmiss40_trlocglobal,34,0.5336261093616486,0.673293262720108,0.6150793650793651,0.6545177651278952,0.6222222222222222,0.0,0.0,0.0,0.0,0.0,0.0,0.0,0.0,0.0,,,,,18473,global,0.4
3,5,lr1e-04_bs32_modL1_fusion16_fusionL1_fusionBN0_drop0p2__wd1e-04trmiss40_trlocglobal,32,0.0001,0.0001,1,16,1,False,0.2,lr1e-04_bs32_modL1_fusion16_fusionL1_fusionBN0_drop0p2__wd1e-04trmiss40_trlocglobal,35,0.5257397989432017,0.6743716597557068,0.5952380952380952,0.6333380619048482,0.6222222222222222,0.0,0.0,0.0,0.0,0.0,0.0,0.0,0.0,0.0,,,,,18473,global,0.4
3,5,lr1e-04_bs32_modL1_fusion16_fusionL1_fusionBN0_drop0p2__wd1e-04trmiss40_trlocglobal,32,0.0001,0.0001,1,16,1,False,0.2,lr1e-04_bs32_modL1_fusion16_fusionL1_fusionBN0_drop0p2__wd1e-04trmiss40_trlocglobal,36,0.5306991040706635,0.6715948581695557,0.623015873015873,0.6562456312413292,0.6222222222222222,0.0,0.0,0.0,0.0,0.0,0.0,0.0,0.0,0.0,,,,,18473,global,0.4
3,5,lr1e-04_bs32_modL1_fusion16_fusionL1_fusionBN0_drop0p2__wd1e-04trmiss40_trlocglobal,32,0.0001,0.0001,1,16,1,False,0.2,lr1e-04_bs32_modL1_fusion16_fusionL1_fusionBN0_drop0p2__wd1e-04trmiss40_trlocglobal,37,0.5263010760148367,0.6723955869674683,0.625,0.6531302382112718,0.6222222222222222,0.0,0.0,0.0,0.0,0.0,0.0,0.0,0.0,0.0,,,,,18473,global,0.4
3,5,lr1e-04_bs32_modL1_fusion16_fusionL1_fusionBN0_drop0p2__wd1e-04trmiss40_trlocglobal,32,0.0001,0.0001,1,16,1,False,0.2,lr1e-04_bs32_modL1_fusion16_fusionL1_fusionBN0_drop0p2__wd1e-04trmiss40_trlocglobal,38,0.5165884445110956,0.6744644641876221,0.6091269841269842,0.6401784568627513,0.5777777777777777,0.0,0.0,0.0,0.0,0.0,0.0,0.0,0.0,0.0,,,,,18473,global,0.4
3,5,lr1e-04_bs32_modL1_fusion16_fusionL1_fusionBN0_drop0p2__wd1e-04trmiss40_trlocglobal,32,0.0001,0.0001,1,16,1,False,0.2,lr1e-04_bs32_modL1_fusion16_fusionL1_fusionBN0_drop0p2__wd1e-04trmiss40_trlocglobal,39,0.5291287700335184,0.6751616895198822,0.5992063492063491,0.620885874445169,0.5777777777777777,0.0,0.0,0.0,0.0,0.0,0.0,0.0,0.0,0.0,,,,,18473,global,0.4
3,5,lr1e-04_bs32_modL1_fusion16_fusionL1_fusionBN0_drop0p2__wd1e-04trmiss40_trlocglobal,32,0.0001,0.0001,1,16,1,False,0.2,lr1e-04_bs32_modL1_fusion16_fusionL1_fusionBN0_drop0p2__wd1e-04trmiss40_trlocglobal,40,0.5073502759138743,0.6741660237312317,0.6071428571428572,0.6300433836026782,0.5777777777777777,0.0,0.0,0.0,0.0,0.0,0.0,0.0,0.0,0.0,,,,,18473,global,0.4
3,5,lr1e-04_bs32_modL1_fusion16_fusionL1_fusionBN0_drop0p2__wd1e-04trmiss40_trlocglobal,32,0.0001,0.0001,1,16,1,False,0.2,lr1e-04_bs32_modL1_fusion16_fusionL1_fusionBN0_drop0p2__wd1e-04trmiss40_trlocglobal,41,0.5022615293661753,0.6731393039226532,0.6071428571428572,0.6433237432752279,0.5777777777777777,0.0,0.0,0.0,0.0,0.0,0.0,0.0,0.0,0.0,,,,,18473,global,0.4
3,5,lr1e-04_bs32_modL1_fusion16_fusionL1_fusionBN0_drop0p2__wd1e-04trmiss40_trlocglobal,32,0.0001,0.0001,1,16,1,False,0.2,lr1e-04_bs32_modL1_fusion16_fusionL1_fusionBN0_drop0p2__wd1e-04trmiss40_trlocglobal,42,0.4997606426477432,0.6708235144615173,0.6170634920634921,0.648885963103752,0.6444444444444445,0.0,0.0,0.0,0.0,0.0,0.0,0.0,0.0,0.0,,,,,18473,global,0.4
3,5,lr1e-04_bs32_modL1_fusion16_fusionL1_fusionBN0_drop0p2__wd1e-04trmiss40_trlocglobal,32,0.0001,0.0001,1,16,1,False,0.2,lr1e-04_bs32_modL1_fusion16_fusionL1_fusionBN0_drop0p2__wd1e-04trmiss40_trlocglobal,43,0.50581061343352,0.6705115139484406,0.625,0.643231841064459,0.6222222222222222,0.0,0.0,0.0,0.0,0.0,0.0,0.0,0.0,0.0,,,,,18473,global,0.4
3,5,lr1e-04_bs32_modL1_fusion16_fusionL1_fusionBN0_drop0p2__wd1e-04trmiss40_trlocglobal,32,0.0001,0.0001,1,16,1,False,0.2,lr1e-04_bs32_modL1_fusion16_fusionL1_fusionBN0_drop0p2__wd1e-04trmiss40_trlocglobal,44,0.5008031129837036,0.6695339679718018,0.625,0.6433691350727208,0.6444444444444445,0.0,0.0,0.0,0.0,0.0,0.0,0.0,0.0,0.0,,,,,18473,global,0.4
3,5,lr1e-04_bs32_modL1_fusion16_fusionL1_fusionBN0_drop0p2__wd1e-04trmiss40_trlocglobal,32,0.0001,0.0001,1,16,1,False,0.2,lr1e-04_bs32_modL1_fusion16_fusionL1_fusionBN0_drop0p2__wd1e-04trmiss40_trlocglobal,45,0.49516379833221436,0.6690281331539154,0.6289682539682541,0.6453878689228499,0.6666666666666666,0.0,0.0,0.0,0.0,0.0,0.0,0.0,0.0,0.0,,,,,18473,global,0.4
3,5,lr1e-04_bs32_modL1_fusion16_fusionL1_fusionBN0_drop0p2__wd1e-04trmiss40_trlocglobal,32,0.0001,0.0001,1,16,1,False,0.2,lr1e-04_bs32_modL1_fusion16_fusionL1_fusionBN0_drop0p2__wd1e-04trmiss40_trlocglobal,46,0.5084735999504725,0.666975200176239,0.6369047619047619,0.6484130348138695,0.6444444444444445,0.0,0.0,0.0,0.0,0.0,0.0,0.0,0.0,0.0,,,,,18473,global,0.4
3,5,lr1e-04_bs32_modL1_fusion16_fusionL1_fusionBN0_drop0p2__wd1e-04trmiss40_trlocglobal,32,0.0001,0.0001,1,16,1,False,0.2,lr1e-04_bs32_modL1_fusion16_fusionL1_fusionBN0_drop0p2__wd1e-04trmiss40_trlocglobal,47,0.4950494219859441,0.6660275757312775,0.6408730158730158,0.6507702487872161,0.6666666666666666,0.0,0.0,0.0,0.0,0.0,0.0,0.0,0.0,0.0,,,,,18473,global,0.4
3,5,lr1e-04_bs32_modL1_fusion16_fusionL1_fusionBN0_drop0p2__wd1e-04trmiss40_trlocglobal,32,0.0001,0.0001,1,16,1,False,0.2,lr1e-04_bs32_modL1_fusion16_fusionL1_fusionBN0_drop0p2__wd1e-04trmiss40_trlocglobal,48,0.48396023114522296,0.6651993989944458,0.638888888888889,0.65087071403251,0.6666666666666666,0.0,0.0,0.0,0.0,0.0,0.0,0.0,0.0,0.0,,,,,18473,global,0.4
3,5,lr1e-04_bs32_modL1_fusion16_fusionL1_fusionBN0_drop0p2__wd1e-04trmiss40_trlocglobal,32,0.0001,0.0001,1,16,1,False,0.2,lr1e-04_bs32_modL1_fusion16_fusionL1_fusionBN0_drop0p2__wd1e-04trmiss40_trlocglobal,49,0.4861638645331065,0.6648392379283905,0.6408730158730159,0.6654284151033688,0.6666666666666666,0.0,0.0,0.0,0.0,0.0,0.0,0.0,0.0,0.0,,,,,18473,global,0.4
3,5,lr1e-04_bs32_modL1_fusion16_fusionL1_fusionBN0_drop0p2__wd1e-04trmiss40_trlocglobal,32,0.0001,0.0001,1,16,1,False,0.2,lr1e-04_bs32_modL1_fusion16_fusionL1_fusionBN0_drop0p2__wd1e-04trmiss40_trlocglobal,50,0.4875599543253581,0.6643105149269104,0.6329365079365079,0.6570039120627609,0.6666666666666666,0.0,0.0,0.0,0.0,0.0,0.0,0.0,0.0,0.0,,,,,18473,global,0.4
3,5,lr1e-04_bs32_modL1_fusion16_fusionL1_fusionBN0_drop0p2__wd1e-04trmiss40_trlocglobal,32,0.0001,0.0001,1,16,1,False,0.2,lr1e-04_bs32_modL1_fusion16_fusionL1_fusionBN0_drop0p2__wd1e-04trmiss40_trlocglobal,51,0.4847122033437093,0.6653283536434174,0.626984126984127,0.6530107138443979,0.6222222222222222,0.0,0.0,0.0,0.0,0.0,0.0,0.0,0.0,0.0,,,,,18473,global,0.4
3,5,lr1e-04_bs32_modL1_fusion16_fusionL1_fusionBN0_drop0p2__wd1e-04trmiss40_trlocglobal,32,0.0001,0.0001,1,16,1,False,0.2,lr1e-04_bs32_modL1_fusion16_fusionL1_fusionBN0_drop0p2__wd1e-04trmiss40_trlocglobal,52,0.4806674967209498,0.6629259884357452,0.638888888888889,0.6484683002568193,0.6222222222222222,0.0,0.0,0.0,0.0,0.0,0.0,0.0,0.0,0.0,,,,,18473,global,0.4
3,5,lr1e-04_bs32_modL1_fusion16_fusionL1_fusionBN0_drop0p2__wd1e-04trmiss40_trlocglobal,32,0.0001,0.0001,1,16,1,False,0.2,lr1e-04_bs32_modL1_fusion16_fusionL1_fusionBN0_drop0p2__wd1e-04trmiss40_trlocglobal,53,0.48326607545216876,0.6618727445602417,0.638888888888889,0.650058241480907,0.6444444444444445,0.0,0.0,0.0,0.0,0.0,0.0,0.0,0.0,0.0,,,,,18473,global,0.4
3,5,lr1e-04_bs32_modL1_fusion16_fusionL1_fusionBN0_drop0p2__wd1e-04trmiss40_trlocglobal,32,0.0001,0.0001,1,16,1,False,0.2,lr1e-04_bs32_modL1_fusion16_fusionL1_fusionBN0_drop0p2__wd1e-04trmiss40_trlocglobal,54,0.4754943201939265,0.6620788276195526,0.6388888888888888,0.6495960210407394,0.6444444444444445,0.0,0.0,0.0,0.0,0.0,0.0,0.0,0.0,0.0,,,,,18473,global,0.4
3,5,lr1e-04_bs32_modL1_fusion16_fusionL1_fusionBN0_drop0p2__wd1e-04trmiss40_trlocglobal,32,0.0001,0.0001,1,16,1,False,0.2,lr1e-04_bs32_modL1_fusion16_fusionL1_fusionBN0_drop0p2__wd1e-04trmiss40_trlocglobal,55,0.47969857851664227,0.6614312827587128,0.6448412698412698,0.6523500490085157,0.6444444444444445,0.0,0.0,0.0,0.0,0.0,0.0,0.0,0.0,0.0,,,,,18473,global,0.4
3,5,lr1e-04_bs32_modL1_fusion16_fusionL1_fusionBN0_drop0p2__wd1e-04trmiss40_trlocglobal,32,0.0001,0.0001,1,16,1,False,0.2,lr1e-04_bs32_modL1_fusion16_fusionL1_fusionBN0_drop0p2__wd1e-04trmiss40_trlocglobal,56,0.48485492169857025,0.662058025598526,0.6388888888888888,0.6453424732509399,0.6444444444444445,0.0,0.0,0.0,0.0,0.0,0.0,0.0,0.0,0.0,,,,,18473,global,0.4
3,5,lr1e-04_bs32_modL1_fusion16_fusionL1_fusionBN0_drop0p2__wd1e-04trmiss40_trlocglobal,32,0.0001,0.0001,1,16,1,False,0.2,lr1e-04_bs32_modL1_fusion16_fusionL1_fusionBN0_drop0p2__wd1e-04trmiss40_trlocglobal,57,0.47548891107241315,0.6599128246307373,0.6329365079365079,0.6417884548056172,0.6222222222222222,0.0,0.0,0.0,0.0,0.0,0.0,0.0,0.0,0.0,,,,,18473,global,0.4
3,5,lr1e-04_bs32_modL1_fusion16_fusionL1_fusionBN0_drop0p2__wd1e-04trmiss40_trlocglobal,32,0.0001,0.0001,1,16,1,False,0.2,lr1e-04_bs32_modL1_fusion16_fusionL1_fusionBN0_drop0p2__wd1e-04trmiss40_trlocglobal,58,0.4669986267884572,0.6587628424167633,0.638888888888889,0.6447150390473577,0.6222222222222222,0.0,0.0,0.0,0.0,0.0,0.0,0.0,0.0,0.0,,,,,18473,global,0.4
3,5,lr1e-04_bs32_modL1_fusion16_fusionL1_fusionBN0_drop0p2__wd1e-04trmiss40_trlocglobal,32,0.0001,0.0001,1,16,1,False,0.2,lr1e-04_bs32_modL1_fusion16_fusionL1_fusionBN0_drop0p2__wd1e-04trmiss40_trlocglobal,59,0.4735654940207799,0.6584540903568268,0.6349206349206349,0.6465942623817451,0.6222222222222222,0.0,0.0,0.0,0.0,0.0,0.0,0.0,0.0,0.0,,,,,18473,global,0.4
3,5,lr1e-04_bs32_modL1_fusion16_fusionL1_fusionBN0_drop0p2__wd1e-04trmiss40_trlocglobal,32,0.0001,0.0001,1,16,1,False,0.2,lr1e-04_bs32_modL1_fusion16_fusionL1_fusionBN0_drop0p2__wd1e-04trmiss40_trlocglobal,60,0.4683578858772914,0.6588047444820404,0.6369047619047619,0.6499836558996354,0.6222222222222222,0.0,0.0,0.0,0.0,0.0,0.0,0.0,0.0,0.0,,,,,18473,global,0.4
3,5,lr1e-04_bs32_modL1_fusion16_fusionL1_fusionBN0_drop0p2__wd1e-04trmiss40_trlocglobal,32,0.0001,0.0001,1,16,1,False,0.2,lr1e-04_bs32_modL1_fusion16_fusionL1_fusionBN0_drop0p2__wd1e-04trmiss40_trlocglobal,61,0.47654515504837036,0.6592892408370972,0.6408730158730158,0.6547299988812724,0.6222222222222222,0.0,0.0,0.0,0.0,0.0,0.0,0.0,0.0,0.0,,,,,18473,global,0.4
3,5,lr1e-04_bs32_modL1_fusion16_fusionL1_fusionBN0_drop0p2__wd1e-04trmiss40_trlocglobal,32,0.0001,0.0001,1,16,1,False,0.2,lr1e-04_bs32_modL1_fusion16_fusionL1_fusionBN0_drop0p2__wd1e-04trmiss40_trlocglobal,62,0.4621310184399287,0.6595817506313324,0.6329365079365079,0.6493606759384202,0.6222222222222222,0.0,0.0,0.0,0.0,0.0,0.0,0.0,0.0,0.0,,,,,18473,global,0.4
3,5,lr1e-04_bs32_modL1_fusion16_fusionL1_fusionBN0_drop0p2__wd1e-04trmiss40_trlocglobal,32,0.0001,0.0001,1,16,1,False,0.2,lr1e-04_bs32_modL1_fusion16_fusionL1_fusionBN0_drop0p2__wd1e-04trmiss40_trlocglobal,63,0.4736788024504979,0.6594463884830475,0.6329365079365079,0.6481862478338449,0.6222222222222222,0.0,0.0,0.0,0.0,0.0,0.0,0.0,0.0,0.0,,,,,18473,global,0.4
3,5,lr1e-04_bs32_modL1_fusion16_fusionL1_fusionBN0_drop0p2__wd1e-04trmiss40_trlocglobal,32,0.0001,0.0001,1,16,1,False,0.2,lr1e-04_bs32_modL1_fusion16_fusionL1_fusionBN0_drop0p2__wd1e-04trmiss40_trlocglobal,64,0.4712122728427251,0.6586752831935883,0.6369047619047619,0.6506024887311904,0.6222222222222222,0.0,0.0,0.0,0.0,0.0,0.0,0.0,0.0,0.0,,,,,18473,global,0.4
3,5,lr1e-04_bs32_modL1_fusion16_fusionL1_fusionBN0_drop0p2__wd1e-04trmiss40_trlocglobal,32,0.0001,0.0001,1,16,1,False,0.2,lr1e-04_bs32_modL1_fusion16_fusionL1_fusionBN0_drop0p2__wd1e-04trmiss40_trlocglobal,65,0.47811514635880786,0.6590153276920319,0.6309523809523809,0.6440195811671783,0.6222222222222222,0.0,0.0,0.0,0.0,0.0,0.0,0.0,0.0,0.0,,,,,18473,global,0.4
3,5,lr1e-04_bs32_modL1_fusion16_fusionL1_fusionBN0_drop0p2__wd1e-04trmiss40_trlocglobal,32,0.0001,0.0001,1,16,1,False,0.2,lr1e-04_bs32_modL1_fusion16_fusionL1_fusionBN0_drop0p2__wd1e-04trmiss40_trlocglobal,66,0.4811837623516719,0.6587953567504883,0.6329365079365079,0.6481862478338449,0.6222222222222222,0.0,0.0,0.0,0.0,0.0,0.0,0.0,0.0,0.0,,,,,18473,global,0.4
3,5,lr1e-04_bs32_modL1_fusion16_fusionL1_fusionBN0_drop0p2__wd1e-04trmiss40_trlocglobal,32,0.0001,0.0001,1,16,1,False,0.2,lr1e-04_bs32_modL1_fusion16_fusionL1_fusionBN0_drop0p2__wd1e-04trmiss40_trlocglobal,67,0.46345072487990063,0.6582330763339996,0.6349206349206349,0.6489661052313495,0.6222222222222222,0.0,0.0,0.0,0.0,0.0,0.0,0.0,0.0,0.0,,,,,18473,global,0.4
3,5,lr1e-04_bs32_modL1_fusion16_fusionL1_fusionBN0_drop0p2__wd1e-04trmiss40_trlocglobal,32,0.0001,0.0001,1,16,1,False,0.2,lr1e-04_bs32_modL1_fusion16_fusionL1_fusionBN0_drop0p2__wd1e-04trmiss40_trlocglobal,68,0.45993169645468396,0.6585676074028015,0.6369047619047619,0.6494881639220128,0.6444444444444445,0.0,0.0,0.0,0.0,0.0,0.0,0.0,0.0,0.0,,,,,18473,global,0.4
3,5,lr1e-04_bs32_modL1_fusion16_fusionL1_fusionBN0_drop0p2__wd1e-04trmiss40_trlocglobal,32,0.0001,0.0001,1,16,1,False,0.2,lr1e-04_bs32_modL1_fusion16_fusionL1_fusionBN0_drop0p2__wd1e-04trmiss40_trlocglobal,69,0.46312209963798523,0.6580803394317627,0.6468253968253969,0.653327918001803,0.6444444444444445,0.0,0.0,0.0,0.0,0.0,0.0,0.0,0.0,0.0,,,,,18473,global,0.4
3,5,lr1e-04_bs32_modL1_fusion16_fusionL1_fusionBN0_drop0p2__wd1e-04trmiss40_trlocglobal,32,0.0001,0.0001,1,16,1,False,0.2,lr1e-04_bs32_modL1_fusion16_fusionL1_fusionBN0_drop0p2__wd1e-04trmiss40_trlocglobal,70,0.4642983128627141,0.658804714679718,0.6468253968253969,0.653327918001803,0.6444444444444445,0.0,0.0,0.0,0.0,0.0,0.0,0.0,0.0,0.0,,,,,18473,global,0.4
3,5,lr1e-04_bs32_modL1_fusion16_fusionL1_fusionBN0_drop0p2__wd1e-04trmiss40_trlocglobal,32,0.0001,0.0001,1,16,1,False,0.2,lr1e-04_bs32_modL1_fusion16_fusionL1_fusionBN0_drop0p2__wd1e-04trmiss40_trlocglobal,71,0.4800094763437907,0.6577891409397125,0.6408730158730158,0.6523839872345027,0.6444444444444445,0.0,0.0,0.0,0.0,0.0,0.0,0.0,0.0,0.0,,,,,18473,global,0.4
3,5,lr1e-04_bs32_modL1_fusion16_fusionL1_fusionBN0_drop0p2__wd1e-04trmiss40_trlocglobal,32,0.0001,0.0001,1,16,1,False,0.2,lr1e-04_bs32_modL1_fusion16_fusionL1_fusionBN0_drop0p2__wd1e-04trmiss40_trlocglobal,72,0.4635169506072998,0.6575921773910522,0.6448412698412699,0.6543771329776484,0.6444444444444445,0.0,0.0,0.0,0.0,0.0,0.0,0.0,0.0,0.0,,,,,18473,global,0.4
3,5,lr1e-04_bs32_modL1_fusion16_fusionL1_fusionBN0_drop0p2__wd1e-04trmiss40_trlocglobal,32,0.0001,0.0001,1,16,1,False,0.2,lr1e-04_bs32_modL1_fusion16_fusionL1_fusionBN0_drop0p2__wd1e-04trmiss40_trlocglobal,73,0.4617821127176285,0.6571817398071289,0.6488095238095238,0.6570221493175178,0.6444444444444445,0.0,0.0,0.0,0.0,0.0,0.0,0.0,0.0,0.0,,,,,18473,global,0.4
3,5,lr1e-04_bs32_modL1_fusion16_fusionL1_fusionBN0_drop0p2__wd1e-04trmiss40_trlocglobal,32,0.0001,0.0001,1,16,1,False,0.2,lr1e-04_bs32_modL1_fusion16_fusionL1_fusionBN0_drop0p2__wd1e-04trmiss40_trlocglobal,74,0.4674907475709915,0.6572272777557373,0.6428571428571428,0.6522715180043864,0.6444444444444445,0.0,0.0,0.0,0.0,0.0,0.0,0.0,0.0,0.0,,,,,18473,global,0.4
3,5,lr1e-04_bs32_modL1_fusion16_fusionL1_fusionBN0_drop0p2__wd1e-04trmiss40_trlocglobal,32,0.0001,0.0001,1,16,1,False,0.2,lr1e-04_bs32_modL1_fusion16_fusionL1_fusionBN0_drop0p2__wd1e-04trmiss40_trlocglobal,75,0.4615042756001155,0.6576712131500244,0.6408730158730158,0.6510584111878314,0.6222222222222222,0.0,0.0,0.0,0.0,0.0,0.0,0.0,0.0,0.0,,,,,18473,global,0.4
3,5,lr1e-04_bs32_modL1_fusion16_fusionL1_fusionBN0_drop0p2__wd1e-04trmiss40_trlocglobal,32,0.0001,0.0001,1,16,1,False,0.2,lr1e-04_bs32_modL1_fusion16_fusionL1_fusionBN0_drop0p2__wd1e-04trmiss40_trlocglobal,76,0.4643767178058624,0.6580111086368561,0.6408730158730158,0.6488014667433868,0.6444444444444445,0.0,0.0,0.0,0.0,0.0,0.0,0.0,0.0,0.0,,,,,18473,global,0.4
3,5,lr1e-04_bs32_modL1_fusion16_fusionL1_fusionBN0_drop0p2__wd1e-04trmiss40_trlocglobal,32,0.0001,0.0001,1,16,1,False,0.2,lr1e-04_bs32_modL1_fusion16_fusionL1_fusionBN0_drop0p2__wd1e-04trmiss40_trlocglobal,77,0.4680873155593872,0.6577796638011932,0.6428571428571428,0.6538827233839742,0.6444444444444445,0.0,0.0,0.0,0.0,0.0,0.0,0.0,0.0,0.0,,,,,18473,global,0.4
3,5,lr1e-04_bs32_modL1_fusion16_fusionL1_fusionBN0_drop0p2__wd1e-04trmiss40_trlocglobal,32,0.0001,0.0001,1,16,1,False,0.2,lr1e-04_bs32_modL1_fusion16_fusionL1_fusionBN0_drop0p2__wd1e-04trmiss40_trlocglobal,78,0.4819334497054418,0.6577318012714386,0.6408730158730158,0.6511899347568548,0.6444444444444445,0.0,0.0,0.0,0.0,0.0,0.0,0.0,0.0,0.0,,,,,18473,global,0.4
3,5,lr1e-04_bs32_modL1_fusion16_fusionL1_fusionBN0_drop0p2__wd1e-04trmiss40_trlocglobal,32,0.0001,0.0001,1,16,1,False,0.2,lr1e-04_bs32_modL1_fusion16_fusionL1_fusionBN0_drop0p2__wd1e-04trmiss40_trlocglobal,79,0.4611980418364207,0.6575387716293335,0.6468253968253967,0.6547457131288097,0.6666666666666666,0.0,0.0,0.0,0.0,0.0,0.0,0.0,0.0,0.0,,,,,18473,global,0.4
3,5,lr1e-04_bs32_modL1_fusion16_fusionL1_fusionBN0_drop0p2__wd1e-04trmiss40_trlocglobal,32,0.0001,0.0001,1,16,1,False,0.2,lr1e-04_bs32_modL1_fusion16_fusionL1_fusionBN0_drop0p2__wd1e-04trmiss40_trlocglobal,80,0.4672609120607376,0.658033937215805,0.6428571428571428,0.6511373253292455,0.6444444444444445,0.0,0.0,0.0,0.0,0.0,0.0,0.0,0.0,0.0,,,,,18473,global,0.4
3,5,lr1e-04_bs32_modL1_fusion16_fusionL1_fusionBN0_drop0p1__wd1e-04trmiss40_trlocglobal,32,0.0001,0.0001,1,16,1,False,0.1,lr1e-04_bs32_modL1_fusion16_fusionL1_fusionBN0_drop0p1__wd1e-04trmiss40_trlocglobal,1,0.6827223698298136,0.6945267617702484,0.5119047619047619,0.5464947905855068,0.5111111111111111,0.0,0.0,0.0,0.0,0.0,0.0,0.0,0.0,0.0,,,,,18473,global,0.4
3,5,lr1e-04_bs32_modL1_fusion16_fusionL1_fusionBN0_drop0p1__wd1e-04trmiss40_trlocglobal,32,0.0001,0.0001,1,16,1,False,0.1,lr1e-04_bs32_modL1_fusion16_fusionL1_fusionBN0_drop0p1__wd1e-04trmiss40_trlocglobal,2,0.6675781408945719,0.6933623254299164,0.5376984126984127,0.5625865988220878,0.4888888888888889,0.0,0.0,0.0,0.0,0.0,0.0,0.0,0.0,0.0,,,,,18473,global,0.4
3,5,lr1e-04_bs32_modL1_fusion16_fusionL1_fusionBN0_drop0p1__wd1e-04trmiss40_trlocglobal,32,0.0001,0.0001,1,16,1,False,0.1,lr1e-04_bs32_modL1_fusion16_fusionL1_fusionBN0_drop0p1__wd1e-04trmiss40_trlocglobal,3,0.6569158037503561,0.6922704875469208,0.5753968253968254,0.5745941128961172,0.5333333333333333,0.0,0.0,0.0,0.0,0.0,0.0,0.0,0.0,0.0,,,,,18473,global,0.4
3,5,lr1e-04_bs32_modL1_fusion16_fusionL1_fusionBN0_drop0p1__wd1e-04trmiss40_trlocglobal,32,0.0001,0.0001,1,16,1,False,0.1,lr1e-04_bs32_modL1_fusion16_fusionL1_fusionBN0_drop0p1__wd1e-04trmiss40_trlocglobal,4,0.6511543095111847,0.6921939253807068,0.5654761904761905,0.5698064335957849,0.5111111111111111,0.0,0.0,0.0,0.0,0.0,0.0,0.0,0.0,0.0,,,,,18473,global,0.4
3,5,lr1e-04_bs32_modL1_fusion16_fusionL1_fusionBN0_drop0p1__wd1e-04trmiss40_trlocglobal,32,0.0001,0.0001,1,16,1,False,0.1,lr1e-04_bs32_modL1_fusion16_fusionL1_fusionBN0_drop0p1__wd1e-04trmiss40_trlocglobal,5,0.6442005336284637,0.6916912794113159,0.5714285714285714,0.5759885865937855,0.5333333333333333,0.0,0.0,0.0,0.0,0.0,0.0,0.0,0.0,0.0,,,,,18473,global,0.4
3,5,lr1e-04_bs32_modL1_fusion16_fusionL1_fusionBN0_drop0p1__wd1e-04trmiss40_trlocglobal,32,0.0001,0.0001,1,16,1,False,0.1,lr1e-04_bs32_modL1_fusion16_fusionL1_fusionBN0_drop0p1__wd1e-04trmiss40_trlocglobal,6,0.6347507337729136,0.6900001168251038,0.5734126984126984,0.5765715174993242,0.5777777777777777,0.0,0.0,0.0,0.0,0.0,0.0,0.0,0.0,0.0,,,,,18473,global,0.4
3,5,lr1e-04_bs32_modL1_fusion16_fusionL1_fusionBN0_drop0p1__wd1e-04trmiss40_trlocglobal,32,0.0001,0.0001,1,16,1,False,0.1,lr1e-04_bs32_modL1_fusion16_fusionL1_fusionBN0_drop0p1__wd1e-04trmiss40_trlocglobal,7,0.6299936374028524,0.689404159784317,0.5853174603174603,0.5793572979398566,0.6,0.0,0.0,0.0,0.0,0.0,0.0,0.0,0.0,0.0,,,,,18473,global,0.4
3,5,lr1e-04_bs32_modL1_fusion16_fusionL1_fusionBN0_drop0p1__wd1e-04trmiss40_trlocglobal,32,0.0001,0.0001,1,16,1,False,0.1,lr1e-04_bs32_modL1_fusion16_fusionL1_fusionBN0_drop0p1__wd1e-04trmiss40_trlocglobal,8,0.6201750735441843,0.6886317431926727,0.5833333333333334,0.574326935580448,0.6,0.0,0.0,0.0,0.0,0.0,0.0,0.0,0.0,0.0,,,,,18473,global,0.4
3,5,lr1e-04_bs32_modL1_fusion16_fusionL1_fusionBN0_drop0p1__wd1e-04trmiss40_trlocglobal,32,0.0001,0.0001,1,16,1,False,0.1,lr1e-04_bs32_modL1_fusion16_fusionL1_fusionBN0_drop0p1__wd1e-04trmiss40_trlocglobal,9,0.6207376420497894,0.6883569061756134,0.5694444444444444,0.5683944190042315,0.5777777777777777,0.0,0.0,0.0,0.0,0.0,0.0,0.0,0.0,0.0,,,,,18473,global,0.4
3,5,lr1e-04_bs32_modL1_fusion16_fusionL1_fusionBN0_drop0p1__wd1e-04trmiss40_trlocglobal,32,0.0001,0.0001,1,16,1,False,0.1,lr1e-04_bs32_modL1_fusion16_fusionL1_fusionBN0_drop0p1__wd1e-04trmiss40_trlocglobal,10,0.619532972574234,0.6868856549263,0.5714285714285714,0.574637597121068,0.5555555555555556,0.0,0.0,0.0,0.0,0.0,0.0,0.0,0.0,0.0,,,,,18473,global,0.4
3,5,lr1e-04_bs32_modL1_fusion16_fusionL1_fusionBN0_drop0p1__wd1e-04trmiss40_trlocglobal,32,0.0001,0.0001,1,16,1,False,0.1,lr1e-04_bs32_modL1_fusion16_fusionL1_fusionBN0_drop0p1__wd1e-04trmiss40_trlocglobal,11,0.6101732353369395,0.6857816874980927,0.5833333333333334,0.5802653488399072,0.5555555555555556,0.0,0.0,0.0,0.0,0.0,0.0,0.0,0.0,0.0,,,,,18473,global,0.4
3,5,lr1e-04_bs32_modL1_fusion16_fusionL1_fusionBN0_drop0p1__wd1e-04trmiss40_trlocglobal,32,0.0001,0.0001,1,16,1,False,0.1,lr1e-04_bs32_modL1_fusion16_fusionL1_fusionBN0_drop0p1__wd1e-04trmiss40_trlocglobal,12,0.6056666274865469,0.6832443475723267,0.6011904761904762,0.5874080712465156,0.6,0.0,0.0,0.0,0.0,0.0,0.0,0.0,0.0,0.0,,,,,18473,global,0.4
3,5,lr1e-04_bs32_modL1_fusion16_fusionL1_fusionBN0_drop0p1__wd1e-04trmiss40_trlocglobal,32,0.0001,0.0001,1,16,1,False,0.1,lr1e-04_bs32_modL1_fusion16_fusionL1_fusionBN0_drop0p1__wd1e-04trmiss40_trlocglobal,13,0.5986786186695099,0.6821484267711639,0.6071428571428571,0.5832153273853381,0.6,0.0,0.0,0.0,0.0,0.0,0.0,0.0,0.0,0.0,,,,,18473,global,0.4
3,5,lr1e-04_bs32_modL1_fusion16_fusionL1_fusionBN0_drop0p1__wd1e-04trmiss40_trlocglobal,32,0.0001,0.0001,1,16,1,False,0.1,lr1e-04_bs32_modL1_fusion16_fusionL1_fusionBN0_drop0p1__wd1e-04trmiss40_trlocglobal,14,0.5916688144207001,0.6821264922618866,0.6031746031746031,0.5801242958772654,0.6222222222222222,0.0,0.0,0.0,0.0,0.0,0.0,0.0,0.0,0.0,,,,,18473,global,0.4
3,5,lr1e-04_bs32_modL1_fusion16_fusionL1_fusionBN0_drop0p1__wd1e-04trmiss40_trlocglobal,32,0.0001,0.0001,1,16,1,False,0.1,lr1e-04_bs32_modL1_fusion16_fusionL1_fusionBN0_drop0p1__wd1e-04trmiss40_trlocglobal,15,0.5896904567877451,0.682497501373291,0.5932539682539683,0.5721999230318685,0.6222222222222222,0.0,0.0,0.0,0.0,0.0,0.0,0.0,0.0,0.0,,,,,18473,global,0.4
3,5,lr1e-04_bs32_modL1_fusion16_fusionL1_fusionBN0_drop0p1__wd1e-04trmiss40_trlocglobal,32,0.0001,0.0001,1,16,1,False,0.1,lr1e-04_bs32_modL1_fusion16_fusionL1_fusionBN0_drop0p1__wd1e-04trmiss40_trlocglobal,16,0.5764958560466766,0.6823835670948029,0.5992063492063493,0.5804079358206949,0.5777777777777777,0.0,0.0,0.0,0.0,0.0,0.0,0.0,0.0,0.0,,,,,18473,global,0.4
3,5,lr1e-04_bs32_modL1_fusion16_fusionL1_fusionBN0_drop0p1__wd1e-04trmiss40_trlocglobal,32,0.0001,0.0001,1,16,1,False,0.1,lr1e-04_bs32_modL1_fusion16_fusionL1_fusionBN0_drop0p1__wd1e-04trmiss40_trlocglobal,17,0.5840556720892588,0.6803030371665955,0.6111111111111112,0.5981988200107228,0.6,0.0,0.0,0.0,0.0,0.0,0.0,0.0,0.0,0.0,,,,,18473,global,0.4
3,5,lr1e-04_bs32_modL1_fusion16_fusionL1_fusionBN0_drop0p1__wd1e-04trmiss40_trlocglobal,32,0.0001,0.0001,1,16,1,False,0.1,lr1e-04_bs32_modL1_fusion16_fusionL1_fusionBN0_drop0p1__wd1e-04trmiss40_trlocglobal,18,0.5756329496701559,0.6816757619380951,0.6011904761904763,0.5944944458479741,0.5777777777777777,0.0,0.0,0.0,0.0,0.0,0.0,0.0,0.0,0.0,,,,,18473,global,0.4
3,5,lr1e-04_bs32_modL1_fusion16_fusionL1_fusionBN0_drop0p1__wd1e-04trmiss40_trlocglobal,32,0.0001,0.0001,1,16,1,False,0.1,lr1e-04_bs32_modL1_fusion16_fusionL1_fusionBN0_drop0p1__wd1e-04trmiss40_trlocglobal,19,0.5646016995112101,0.682045042514801,0.5892857142857143,0.5655625336591164,0.6,0.0,0.0,0.0,0.0,0.0,0.0,0.0,0.0,0.0,,,,,18473,global,0.4
3,5,lr1e-04_bs32_modL1_fusion16_fusionL1_fusionBN0_drop0p1__wd1e-04trmiss40_trlocglobal,32,0.0001,0.0001,1,16,1,False,0.1,lr1e-04_bs32_modL1_fusion16_fusionL1_fusionBN0_drop0p1__wd1e-04trmiss40_trlocglobal,20,0.5645418961842855,0.6808308660984039,0.5952380952380953,0.5732232768608382,0.6,0.0,0.0,0.0,0.0,0.0,0.0,0.0,0.0,0.0,,,,,18473,global,0.4
3,5,lr1e-04_bs32_modL1_fusion16_fusionL1_fusionBN0_drop0p1__wd1e-04trmiss40_trlocglobal,32,0.0001,0.0001,1,16,1,False,0.1,lr1e-04_bs32_modL1_fusion16_fusionL1_fusionBN0_drop0p1__wd1e-04trmiss40_trlocglobal,21,0.5566255648930868,0.6805661022663116,0.6150793650793651,0.595942650127955,0.5777777777777777,0.0,0.0,0.0,0.0,0.0,0.0,0.0,0.0,0.0,,,,,18473,global,0.4
3,5,lr1e-04_bs32_modL1_fusion16_fusionL1_fusionBN0_drop0p1__wd1e-04trmiss40_trlocglobal,32,0.0001,0.0001,1,16,1,False,0.1,lr1e-04_bs32_modL1_fusion16_fusionL1_fusionBN0_drop0p1__wd1e-04trmiss40_trlocglobal,22,0.5473032097021738,0.677435964345932,0.617063492063492,0.5801584667953658,0.6222222222222222,0.0,0.0,0.0,0.0,0.0,0.0,0.0,0.0,0.0,,,,,18473,global,0.4
3,5,lr1e-04_bs32_modL1_fusion16_fusionL1_fusionBN0_drop0p1__wd1e-04trmiss40_trlocglobal,32,0.0001,0.0001,1,16,1,False,0.1,lr1e-04_bs32_modL1_fusion16_fusionL1_fusionBN0_drop0p1__wd1e-04trmiss40_trlocglobal,23,0.5529626210530599,0.6762460172176361,0.626984126984127,0.5861494007776217,0.6222222222222222,0.0,0.0,0.0,0.0,0.0,0.0,0.0,0.0,0.0,,,,,18473,global,0.4
3,5,lr1e-04_bs32_modL1_fusion16_fusionL1_fusionBN0_drop0p1__wd1e-04trmiss40_trlocglobal,32,0.0001,0.0001,1,16,1,False,0.1,lr1e-04_bs32_modL1_fusion16_fusionL1_fusionBN0_drop0p1__wd1e-04trmiss40_trlocglobal,24,0.5422915716965994,0.6744794845581055,0.628968253968254,0.6089349981589266,0.5777777777777777,0.0,0.0,0.0,0.0,0.0,0.0,0.0,0.0,0.0,,,,,18473,global,0.4
3,5,lr1e-04_bs32_modL1_fusion16_fusionL1_fusionBN0_drop0p1__wd1e-04trmiss40_trlocglobal,32,0.0001,0.0001,1,16,1,False,0.1,lr1e-04_bs32_modL1_fusion16_fusionL1_fusionBN0_drop0p1__wd1e-04trmiss40_trlocglobal,25,0.535085529088974,0.6722858548164368,0.6369047619047619,0.6226341009884642,0.5777777777777777,0.0,0.0,0.0,0.0,0.0,0.0,0.0,0.0,0.0,,,,,18473,global,0.4
3,5,lr1e-04_bs32_modL1_fusion16_fusionL1_fusionBN0_drop0p1__wd1e-04trmiss40_trlocglobal,32,0.0001,0.0001,1,16,1,False,0.1,lr1e-04_bs32_modL1_fusion16_fusionL1_fusionBN0_drop0p1__wd1e-04trmiss40_trlocglobal,26,0.5287207663059235,0.6720366775989532,0.6349206349206349,0.6135388593564579,0.6222222222222222,0.0,0.0,0.0,0.0,0.0,0.0,0.0,0.0,0.0,,,,,18473,global,0.4
3,5,lr1e-04_bs32_modL1_fusion16_fusionL1_fusionBN0_drop0p1__wd1e-04trmiss40_trlocglobal,32,0.0001,0.0001,1,16,1,False,0.1,lr1e-04_bs32_modL1_fusion16_fusionL1_fusionBN0_drop0p1__wd1e-04trmiss40_trlocglobal,27,0.5283533136049906,0.6722356081008911,0.6289682539682541,0.6150611170167728,0.6,0.0,0.0,0.0,0.0,0.0,0.0,0.0,0.0,0.0,,,,,18473,global,0.4
3,5,lr1e-04_bs32_modL1_fusion16_fusionL1_fusionBN0_drop0p1__wd1e-04trmiss40_trlocglobal,32,0.0001,0.0001,1,16,1,False,0.1,lr1e-04_bs32_modL1_fusion16_fusionL1_fusionBN0_drop0p1__wd1e-04trmiss40_trlocglobal,28,0.5315490861733755,0.6728792488574982,0.6230158730158731,0.5979146546976761,0.6444444444444445,0.0,0.0,0.0,0.0,0.0,0.0,0.0,0.0,0.0,,,,,18473,global,0.4
3,5,lr1e-04_bs32_modL1_fusion16_fusionL1_fusionBN0_drop0p1__wd1e-04trmiss40_trlocglobal,32,0.0001,0.0001,1,16,1,False,0.1,lr1e-04_bs32_modL1_fusion16_fusionL1_fusionBN0_drop0p1__wd1e-04trmiss40_trlocglobal,29,0.5206690033276876,0.6715509593486786,0.6289682539682541,0.6021277568040008,0.6,0.0,0.0,0.0,0.0,0.0,0.0,0.0,0.0,0.0,,,,,18473,global,0.4
3,5,lr1e-04_bs32_modL1_fusion16_fusionL1_fusionBN0_drop0p1__wd1e-04trmiss40_trlocglobal,32,0.0001,0.0001,1,16,1,False,0.1,lr1e-04_bs32_modL1_fusion16_fusionL1_fusionBN0_drop0p1__wd1e-04trmiss40_trlocglobal,30,0.5162040293216705,0.6710133254528046,0.630952380952381,0.606964179044708,0.6,0.0,0.0,0.0,0.0,0.0,0.0,0.0,0.0,0.0,,,,,18473,global,0.4
3,5,lr1e-04_bs32_modL1_fusion16_fusionL1_fusionBN0_drop0p1__wd1e-04trmiss40_trlocglobal,32,0.0001,0.0001,1,16,1,False,0.1,lr1e-04_bs32_modL1_fusion16_fusionL1_fusionBN0_drop0p1__wd1e-04trmiss40_trlocglobal,31,0.5124649008115133,0.6696551144123077,0.6349206349206349,0.6124828533202223,0.6444444444444445,0.0,0.0,0.0,0.0,0.0,0.0,0.0,0.0,0.0,,,,,18473,global,0.4
3,5,lr1e-04_bs32_modL1_fusion16_fusionL1_fusionBN0_drop0p1__wd1e-04trmiss40_trlocglobal,32,0.0001,0.0001,1,16,1,False,0.1,lr1e-04_bs32_modL1_fusion16_fusionL1_fusionBN0_drop0p1__wd1e-04trmiss40_trlocglobal,32,0.4990300287803014,0.6688672602176666,0.6309523809523809,0.6089432291372158,0.6444444444444445,0.0,0.0,0.0,0.0,0.0,0.0,0.0,0.0,0.0,,,,,18473,global,0.4
3,5,lr1e-04_bs32_modL1_fusion16_fusionL1_fusionBN0_drop0p1__wd1e-04trmiss40_trlocglobal,32,0.0001,0.0001,1,16,1,False,0.1,lr1e-04_bs32_modL1_fusion16_fusionL1_fusionBN0_drop0p1__wd1e-04trmiss40_trlocglobal,33,0.5066876610120138,0.6684044897556305,0.6388888888888888,0.6161956216217388,0.6222222222222222,0.0,0.0,0.0,0.0,0.0,0.0,0.0,0.0,0.0,,,,,18473,global,0.4
3,5,lr1e-04_bs32_modL1_fusion16_fusionL1_fusionBN0_drop0p1__wd1e-04trmiss40_trlocglobal,32,0.0001,0.0001,1,16,1,False,0.1,lr1e-04_bs32_modL1_fusion16_fusionL1_fusionBN0_drop0p1__wd1e-04trmiss40_trlocglobal,34,0.4979526251554489,0.6691526472568512,0.6329365079365079,0.6131471042349862,0.6222222222222222,0.0,0.0,0.0,0.0,0.0,0.0,0.0,0.0,0.0,,,,,18473,global,0.4
3,5,lr1e-04_bs32_modL1_fusion16_fusionL1_fusionBN0_drop0p1__wd1e-04trmiss40_trlocglobal,32,0.0001,0.0001,1,16,1,False,0.1,lr1e-04_bs32_modL1_fusion16_fusionL1_fusionBN0_drop0p1__wd1e-04trmiss40_trlocglobal,35,0.4989830156167348,0.6693854033946991,0.6388888888888888,0.6204450909123692,0.6222222222222222,0.0,0.0,0.0,0.0,0.0,0.0,0.0,0.0,0.0,,,,,18473,global,0.4
3,5,lr1e-04_bs32_modL1_fusion16_fusionL1_fusionBN0_drop0p1__wd1e-04trmiss40_trlocglobal,32,0.0001,0.0001,1,16,1,False,0.1,lr1e-04_bs32_modL1_fusion16_fusionL1_fusionBN0_drop0p1__wd1e-04trmiss40_trlocglobal,36,0.49519547323385876,0.6678784191608429,0.6388888888888888,0.6416902459511288,0.6222222222222222,0.0,0.0,0.0,0.0,0.0,0.0,0.0,0.0,0.0,,,,,18473,global,0.4
3,5,lr1e-04_bs32_modL1_fusion16_fusionL1_fusionBN0_drop0p1__wd1e-04trmiss40_trlocglobal,32,0.0001,0.0001,1,16,1,False,0.1,lr1e-04_bs32_modL1_fusion16_fusionL1_fusionBN0_drop0p1__wd1e-04trmiss40_trlocglobal,37,0.4886569281419118,0.6660344302654266,0.6408730158730158,0.6488799647840232,0.6444444444444445,0.0,0.0,0.0,0.0,0.0,0.0,0.0,0.0,0.0,,,,,18473,global,0.4
3,5,lr1e-04_bs32_modL1_fusion16_fusionL1_fusionBN0_drop0p1__wd1e-04trmiss40_trlocglobal,32,0.0001,0.0001,1,16,1,False,0.1,lr1e-04_bs32_modL1_fusion16_fusionL1_fusionBN0_drop0p1__wd1e-04trmiss40_trlocglobal,38,0.4893878449996312,0.6666264832019806,0.6408730158730158,0.6251697273663555,0.6,0.0,0.0,0.0,0.0,0.0,0.0,0.0,0.0,0.0,,,,,18473,global,0.4
3,5,lr1e-04_bs32_modL1_fusion16_fusionL1_fusionBN0_drop0p1__wd1e-04trmiss40_trlocglobal,32,0.0001,0.0001,1,16,1,False,0.1,lr1e-04_bs32_modL1_fusion16_fusionL1_fusionBN0_drop0p1__wd1e-04trmiss40_trlocglobal,39,0.48756557206312817,0.6660256385803223,0.6408730158730159,0.6307064403237341,0.6,0.0,0.0,0.0,0.0,0.0,0.0,0.0,0.0,0.0,,,,,18473,global,0.4
3,5,lr1e-04_bs32_modL1_fusion16_fusionL1_fusionBN0_drop0p1__wd1e-04trmiss40_trlocglobal,32,0.0001,0.0001,1,16,1,False,0.1,lr1e-04_bs32_modL1_fusion16_fusionL1_fusionBN0_drop0p1__wd1e-04trmiss40_trlocglobal,40,0.47675300141175586,0.6635052263736725,0.6527777777777778,0.6573084637088457,0.6,0.0,0.0,0.0,0.0,0.0,0.0,0.0,0.0,0.0,,,,,18473,global,0.4
3,5,lr1e-04_bs32_modL1_fusion16_fusionL1_fusionBN0_drop0p1__wd1e-04trmiss40_trlocglobal,32,0.0001,0.0001,1,16,1,False,0.1,lr1e-04_bs32_modL1_fusion16_fusionL1_fusionBN0_drop0p1__wd1e-04trmiss40_trlocglobal,41,0.4675612548987071,0.6619833111763,0.6587301587301587,0.6594490484781069,0.6444444444444445,0.0,0.0,0.0,0.0,0.0,0.0,0.0,0.0,0.0,,,,,18473,global,0.4
3,5,lr1e-04_bs32_modL1_fusion16_fusionL1_fusionBN0_drop0p1__wd1e-04trmiss40_trlocglobal,32,0.0001,0.0001,1,16,1,False,0.1,lr1e-04_bs32_modL1_fusion16_fusionL1_fusionBN0_drop0p1__wd1e-04trmiss40_trlocglobal,42,0.471312294403712,0.6620747148990631,0.6527777777777778,0.6391860715994928,0.6,0.0,0.0,0.0,0.0,0.0,0.0,0.0,0.0,0.0,,,,,18473,global,0.4
3,5,lr1e-04_bs32_modL1_fusion16_fusionL1_fusionBN0_drop0p1__wd1e-04trmiss40_trlocglobal,32,0.0001,0.0001,1,16,1,False,0.1,lr1e-04_bs32_modL1_fusion16_fusionL1_fusionBN0_drop0p1__wd1e-04trmiss40_trlocglobal,43,0.4754420320192973,0.6612334549427032,0.6507936507936508,0.6378670209440004,0.6222222222222222,0.0,0.0,0.0,0.0,0.0,0.0,0.0,0.0,0.0,,,,,18473,global,0.4
3,5,lr1e-04_bs32_modL1_fusion16_fusionL1_fusionBN0_drop0p1__wd1e-04trmiss40_trlocglobal,32,0.0001,0.0001,1,16,1,False,0.1,lr1e-04_bs32_modL1_fusion16_fusionL1_fusionBN0_drop0p1__wd1e-04trmiss40_trlocglobal,44,0.4659324487050374,0.6610620319843292,0.6527777777777778,0.6378518128405569,0.6222222222222222,0.0,0.0,0.0,0.0,0.0,0.0,0.0,0.0,0.0,,,,,18473,global,0.4
3,5,lr1e-04_bs32_modL1_fusion16_fusionL1_fusionBN0_drop0p1__wd1e-04trmiss40_trlocglobal,32,0.0001,0.0001,1,16,1,False,0.1,lr1e-04_bs32_modL1_fusion16_fusionL1_fusionBN0_drop0p1__wd1e-04trmiss40_trlocglobal,45,0.46320201953252155,0.6615050733089447,0.6507936507936508,0.631816477559491,0.6222222222222222,0.0,0.0,0.0,0.0,0.0,0.0,0.0,0.0,0.0,,,,,18473,global,0.4
3,5,lr1e-04_bs32_modL1_fusion16_fusionL1_fusionBN0_drop0p1__wd1e-04trmiss40_trlocglobal,32,0.0001,0.0001,1,16,1,False,0.1,lr1e-04_bs32_modL1_fusion16_fusionL1_fusionBN0_drop0p1__wd1e-04trmiss40_trlocglobal,46,0.4650393972794215,0.6624790728092194,0.6507936507936508,0.6425002382432518,0.6222222222222222,0.0,0.0,0.0,0.0,0.0,0.0,0.0,0.0,0.0,,,,,18473,global,0.4
3,5,lr1e-04_bs32_modL1_fusion16_fusionL1_fusionBN0_drop0p1__wd1e-04trmiss40_trlocglobal,32,0.0001,0.0001,1,16,1,False,0.1,lr1e-04_bs32_modL1_fusion16_fusionL1_fusionBN0_drop0p1__wd1e-04trmiss40_trlocglobal,47,0.45943379402160645,0.6620315611362457,0.6587301587301586,0.6734261284780102,0.6444444444444445,0.0,0.0,0.0,0.0,0.0,0.0,0.0,0.0,0.0,,,,,18473,global,0.4
3,5,lr1e-04_bs32_modL1_fusion16_fusionL1_fusionBN0_drop0p1__wd1e-04trmiss40_trlocglobal,32,0.0001,0.0001,1,16,1,False,0.1,lr1e-04_bs32_modL1_fusion16_fusionL1_fusionBN0_drop0p1__wd1e-04trmiss40_trlocglobal,48,0.46064279476801556,0.6613321900367737,0.6607142857142857,0.6617296999065817,0.6888888888888889,0.0,0.0,0.0,0.0,0.0,0.0,0.0,0.0,0.0,,,,,18473,global,0.4
3,5,lr1e-04_bs32_modL1_fusion16_fusionL1_fusionBN0_drop0p1__wd1e-04trmiss40_trlocglobal,32,0.0001,0.0001,1,16,1,False,0.1,lr1e-04_bs32_modL1_fusion16_fusionL1_fusionBN0_drop0p1__wd1e-04trmiss40_trlocglobal,49,0.4498198280731837,0.6606122553348541,0.6626984126984127,0.6638307312863051,0.6888888888888889,0.0,0.0,0.0,0.0,0.0,0.0,0.0,0.0,0.0,,,,,18473,global,0.4
3,5,lr1e-04_bs32_modL1_fusion16_fusionL1_fusionBN0_drop0p1__wd1e-04trmiss40_trlocglobal,32,0.0001,0.0001,1,16,1,False,0.1,lr1e-04_bs32_modL1_fusion16_fusionL1_fusionBN0_drop0p1__wd1e-04trmiss40_trlocglobal,50,0.44809289276599884,0.659926563501358,0.6567460317460317,0.6639549769178589,0.6444444444444445,0.0,0.0,0.0,0.0,0.0,0.0,0.0,0.0,0.0,,,,,18473,global,0.4
3,5,lr1e-04_bs32_modL1_fusion16_fusionL1_fusionBN0_drop0p1__wd1e-04trmiss40_trlocglobal,32,0.0001,0.0001,1,16,1,False,0.1,lr1e-04_bs32_modL1_fusion16_fusionL1_fusionBN0_drop0p1__wd1e-04trmiss40_trlocglobal,51,0.4480840116739273,0.6583154499530792,0.6567460317460317,0.6777553463500682,0.6444444444444445,0.0,0.0,0.0,0.0,0.0,0.0,0.0,0.0,0.0,,,,,18473,global,0.4
3,5,lr1e-04_bs32_modL1_fusion16_fusionL1_fusionBN0_drop0p1__wd1e-04trmiss40_trlocglobal,32,0.0001,0.0001,1,16,1,False,0.1,lr1e-04_bs32_modL1_fusion16_fusionL1_fusionBN0_drop0p1__wd1e-04trmiss40_trlocglobal,52,0.4485958566268285,0.656027615070343,0.6626984126984127,0.6767091389459179,0.6888888888888889,0.0,0.0,0.0,0.0,0.0,0.0,0.0,0.0,0.0,,,,,18473,global,0.4
3,5,lr1e-04_bs32_modL1_fusion16_fusionL1_fusionBN0_drop0p1__wd1e-04trmiss40_trlocglobal,32,0.0001,0.0001,1,16,1,False,0.1,lr1e-04_bs32_modL1_fusion16_fusionL1_fusionBN0_drop0p1__wd1e-04trmiss40_trlocglobal,53,0.44905313352743786,0.6579554080963135,0.6666666666666666,0.68227957904222,0.6888888888888889,0.0,0.0,0.0,0.0,0.0,0.0,0.0,0.0,0.0,,,,,18473,global,0.4
3,5,lr1e-04_bs32_modL1_fusion16_fusionL1_fusionBN0_drop0p1__wd1e-04trmiss40_trlocglobal,32,0.0001,0.0001,1,16,1,False,0.1,lr1e-04_bs32_modL1_fusion16_fusionL1_fusionBN0_drop0p1__wd1e-04trmiss40_trlocglobal,54,0.43877679606278736,0.6584457457065582,0.6626984126984127,0.6689310430466252,0.6666666666666666,0.0,0.0,0.0,0.0,0.0,0.0,0.0,0.0,0.0,,,,,18473,global,0.4
3,5,lr1e-04_bs32_modL1_fusion16_fusionL1_fusionBN0_drop0p1__wd1e-04trmiss40_trlocglobal,32,0.0001,0.0001,1,16,1,False,0.1,lr1e-04_bs32_modL1_fusion16_fusionL1_fusionBN0_drop0p1__wd1e-04trmiss40_trlocglobal,55,0.43953654666741687,0.6576240956783295,0.6527777777777778,0.6449761010010968,0.6444444444444445,0.0,0.0,0.0,0.0,0.0,0.0,0.0,0.0,0.0,,,,,18473,global,0.4
3,5,lr1e-04_bs32_modL1_fusion16_fusionL1_fusionBN0_drop0p1__wd1e-04trmiss40_trlocglobal,32,0.0001,0.0001,1,16,1,False,0.1,lr1e-04_bs32_modL1_fusion16_fusionL1_fusionBN0_drop0p1__wd1e-04trmiss40_trlocglobal,56,0.4433983663717906,0.6586794257164001,0.6547619047619048,0.6643376613239543,0.6444444444444445,0.0,0.0,0.0,0.0,0.0,0.0,0.0,0.0,0.0,,,,,18473,global,0.4
3,5,lr1e-04_bs32_modL1_fusion16_fusionL1_fusionBN0_drop0p1__wd1e-04trmiss40_trlocglobal,32,0.0001,0.0001,1,16,1,False,0.1,lr1e-04_bs32_modL1_fusion16_fusionL1_fusionBN0_drop0p1__wd1e-04trmiss40_trlocglobal,57,0.4396523783604304,0.6581270396709442,0.6607142857142857,0.6682221410417674,0.6444444444444445,0.0,0.0,0.0,0.0,0.0,0.0,0.0,0.0,0.0,,,,,18473,global,0.4
3,5,lr1e-04_bs32_modL1_fusion16_fusionL1_fusionBN0_drop0p1__wd1e-04trmiss40_trlocglobal,32,0.0001,0.0001,1,16,1,False,0.1,lr1e-04_bs32_modL1_fusion16_fusionL1_fusionBN0_drop0p1__wd1e-04trmiss40_trlocglobal,58,0.43767310678958893,0.6577363908290863,0.6686507936507936,0.6896595661838295,0.6666666666666666,0.0,0.0,0.0,0.0,0.0,0.0,0.0,0.0,0.0,,,,,18473,global,0.4
3,5,lr1e-04_bs32_modL1_fusion16_fusionL1_fusionBN0_drop0p1__wd1e-04trmiss40_trlocglobal,32,0.0001,0.0001,1,16,1,False,0.1,lr1e-04_bs32_modL1_fusion16_fusionL1_fusionBN0_drop0p1__wd1e-04trmiss40_trlocglobal,59,0.43787355224291485,0.6569186747074127,0.6646825396825397,0.6558767862331774,0.6444444444444445,0.0,0.0,0.0,0.0,0.0,0.0,0.0,0.0,0.0,,,,,18473,global,0.4
3,5,lr1e-04_bs32_modL1_fusion16_fusionL1_fusionBN0_drop0p1__wd1e-04trmiss40_trlocglobal,32,0.0001,0.0001,1,16,1,False,0.1,lr1e-04_bs32_modL1_fusion16_fusionL1_fusionBN0_drop0p1__wd1e-04trmiss40_trlocglobal,60,0.4369766314824422,0.6577986180782318,0.6607142857142857,0.6520666258053699,0.6666666666666666,0.0,0.0,0.0,0.0,0.0,0.0,0.0,0.0,0.0,,,,,18473,global,0.4
3,5,lr1e-04_bs32_modL1_fusion16_fusionL1_fusionBN0_drop0p1__wd1e-04trmiss40_trlocglobal,32,0.0001,0.0001,1,16,1,False,0.1,lr1e-04_bs32_modL1_fusion16_fusionL1_fusionBN0_drop0p1__wd1e-04trmiss40_trlocglobal,61,0.43264376123746234,0.6582580506801605,0.6607142857142857,0.6504426370490282,0.6666666666666666,0.0,0.0,0.0,0.0,0.0,0.0,0.0,0.0,0.0,,,,,18473,global,0.4
3,5,lr1e-04_bs32_modL1_fusion16_fusionL1_fusionBN0_drop0p1__wd1e-04trmiss40_trlocglobal,32,0.0001,0.0001,1,16,1,False,0.1,lr1e-04_bs32_modL1_fusion16_fusionL1_fusionBN0_drop0p1__wd1e-04trmiss40_trlocglobal,62,0.43619632224241894,0.6579962074756622,0.6587301587301587,0.6667913635540046,0.6888888888888889,0.0,0.0,0.0,0.0,0.0,0.0,0.0,0.0,0.0,,,,,18473,global,0.4
3,5,lr1e-04_bs32_modL1_fusion16_fusionL1_fusionBN0_drop0p1__wd1e-04trmiss40_trlocglobal,32,0.0001,0.0001,1,16,1,False,0.1,lr1e-04_bs32_modL1_fusion16_fusionL1_fusionBN0_drop0p1__wd1e-04trmiss40_trlocglobal,63,0.4285278469324112,0.6576693952083588,0.6607142857142857,0.647677606940248,0.6666666666666666,0.0,0.0,0.0,0.0,0.0,0.0,0.0,0.0,0.0,,,,,18473,global,0.4
3,5,lr1e-04_bs32_modL1_fusion16_fusionL1_fusionBN0_drop0p1__wd1e-04trmiss40_trlocglobal,32,0.0001,0.0001,1,16,1,False,0.1,lr1e-04_bs32_modL1_fusion16_fusionL1_fusionBN0_drop0p1__wd1e-04trmiss40_trlocglobal,64,0.432441974679629,0.6571786105632782,0.6607142857142857,0.6487459830086241,0.6888888888888889,0.0,0.0,0.0,0.0,0.0,0.0,0.0,0.0,0.0,,,,,18473,global,0.4
3,5,lr1e-04_bs32_modL1_fusion16_fusionL1_fusionBN0_drop0p1__wd1e-04trmiss40_trlocglobal,32,0.0001,0.0001,1,16,1,False,0.1,lr1e-04_bs32_modL1_fusion16_fusionL1_fusionBN0_drop0p1__wd1e-04trmiss40_trlocglobal,65,0.4230434348185857,0.6562939882278442,0.6646825396825397,0.6505083546239369,0.6888888888888889,0.0,0.0,0.0,0.0,0.0,0.0,0.0,0.0,0.0,,,,,18473,global,0.4
3,5,lr1e-04_bs32_modL1_fusion16_fusionL1_fusionBN0_drop0p1__wd1e-04trmiss40_trlocglobal,32,0.0001,0.0001,1,16,1,False,0.1,lr1e-04_bs32_modL1_fusion16_fusionL1_fusionBN0_drop0p1__wd1e-04trmiss40_trlocglobal,66,0.43051764369010925,0.6566168367862701,0.6706349206349206,0.6571322862478685,0.6888888888888889,0.0,0.0,0.0,0.0,0.0,0.0,0.0,0.0,0.0,,,,,18473,global,0.4
3,5,lr1e-04_bs32_modL1_fusion16_fusionL1_fusionBN0_drop0p1__wd1e-04trmiss40_trlocglobal,32,0.0001,0.0001,1,16,1,False,0.1,lr1e-04_bs32_modL1_fusion16_fusionL1_fusionBN0_drop0p1__wd1e-04trmiss40_trlocglobal,67,0.4267038404941559,0.6563632786273956,0.6666666666666666,0.6526902423848687,0.6666666666666666,0.0,0.0,0.0,0.0,0.0,0.0,0.0,0.0,0.0,,,,,18473,global,0.4
3,5,lr1e-04_bs32_modL1_fusion16_fusionL1_fusionBN0_drop0p1__wd1e-04trmiss40_trlocglobal,32,0.0001,0.0001,1,16,1,False,0.1,lr1e-04_bs32_modL1_fusion16_fusionL1_fusionBN0_drop0p1__wd1e-04trmiss40_trlocglobal,68,0.43005264302094776,0.6568281054496765,0.6626984126984127,0.6509790482172793,0.6666666666666666,0.0,0.0,0.0,0.0,0.0,0.0,0.0,0.0,0.0,,,,,18473,global,0.4
3,5,lr1e-04_bs32_modL1_fusion16_fusionL1_fusionBN0_drop0p1__wd1e-04trmiss40_trlocglobal,32,0.0001,0.0001,1,16,1,False,0.1,lr1e-04_bs32_modL1_fusion16_fusionL1_fusionBN0_drop0p1__wd1e-04trmiss40_trlocglobal,69,0.4300303856531779,0.656655341386795,0.6646825396825398,0.6841694076944033,0.6666666666666666,0.0,0.0,0.0,0.0,0.0,0.0,0.0,0.0,0.0,,,,,18473,global,0.4
3,5,lr1e-04_bs32_modL1_fusion16_fusionL1_fusionBN0_drop0p1__wd1e-04trmiss40_trlocglobal,32,0.0001,0.0001,1,16,1,False,0.1,lr1e-04_bs32_modL1_fusion16_fusionL1_fusionBN0_drop0p1__wd1e-04trmiss40_trlocglobal,70,0.42959055801232654,0.6561732888221741,0.6587301587301587,0.6478197044260956,0.6666666666666666,0.0,0.0,0.0,0.0,0.0,0.0,0.0,0.0,0.0,,,,,18473,global,0.4
3,5,lr1e-04_bs32_modL1_fusion16_fusionL1_fusionBN0_drop0p1__wd1e-04trmiss40_trlocglobal,32,0.0001,0.0001,1,16,1,False,0.1,lr1e-04_bs32_modL1_fusion16_fusionL1_fusionBN0_drop0p1__wd1e-04trmiss40_trlocglobal,71,0.4214446047941844,0.656756728887558,0.6626984126984127,0.6499778240842151,0.6666666666666666,0.0,0.0,0.0,0.0,0.0,0.0,0.0,0.0,0.0,,,,,18473,global,0.4
3,5,lr1e-04_bs32_modL1_fusion16_fusionL1_fusionBN0_drop0p1__wd1e-04trmiss40_trlocglobal,32,0.0001,0.0001,1,16,1,False,0.1,lr1e-04_bs32_modL1_fusion16_fusionL1_fusionBN0_drop0p1__wd1e-04trmiss40_trlocglobal,72,0.4290678600470225,0.6569295227527618,0.6607142857142857,0.6487459830086241,0.6666666666666666,0.0,0.0,0.0,0.0,0.0,0.0,0.0,0.0,0.0,,,,,18473,global,0.4
3,5,lr1e-04_bs32_modL1_fusion16_fusionL1_fusionBN0_drop0p1__wd1e-04trmiss40_trlocglobal,32,0.0001,0.0001,1,16,1,False,0.1,lr1e-04_bs32_modL1_fusion16_fusionL1_fusionBN0_drop0p1__wd1e-04trmiss40_trlocglobal,73,0.4220560242732366,0.657219797372818,0.6587301587301587,0.6657331624958035,0.6666666666666666,0.0,0.0,0.0,0.0,0.0,0.0,0.0,0.0,0.0,,,,,18473,global,0.4
3,5,lr1e-04_bs32_modL1_fusion16_fusionL1_fusionBN0_drop0p1__wd1e-04trmiss40_trlocglobal,32,0.0001,0.0001,1,16,1,False,0.1,lr1e-04_bs32_modL1_fusion16_fusionL1_fusionBN0_drop0p1__wd1e-04trmiss40_trlocglobal,74,0.42888807753721875,0.6574591994285583,0.6587301587301587,0.6466855434481845,0.6888888888888889,0.0,0.0,0.0,0.0,0.0,0.0,0.0,0.0,0.0,,,,,18473,global,0.4
3,5,lr1e-04_bs32_modL1_fusion16_fusionL1_fusionBN0_drop0p1__wd1e-04trmiss40_trlocglobal,32,0.0001,0.0001,1,16,1,False,0.1,lr1e-04_bs32_modL1_fusion16_fusionL1_fusionBN0_drop0p1__wd1e-04trmiss40_trlocglobal,75,0.42368100583553314,0.6571930348873138,0.6646825396825397,0.6705713798340208,0.6666666666666666,0.0,0.0,0.0,0.0,0.0,0.0,0.0,0.0,0.0,,,,,18473,global,0.4
3,5,lr1e-04_bs32_modL1_fusion16_fusionL1_fusionBN0_drop0p1__wd1e-04trmiss40_trlocglobal,32,0.0001,0.0001,1,16,1,False,0.1,lr1e-04_bs32_modL1_fusion16_fusionL1_fusionBN0_drop0p1__wd1e-04trmiss40_trlocglobal,76,0.42082896331946057,0.6572373807430267,0.6626984126984127,0.6512712355338767,0.6888888888888889,0.0,0.0,0.0,0.0,0.0,0.0,0.0,0.0,0.0,,,,,18473,global,0.4
3,5,lr1e-04_bs32_modL1_fusion16_fusionL1_fusionBN0_drop0p1__wd1e-04trmiss40_trlocglobal,32,0.0001,0.0001,1,16,1,False,0.1,lr1e-04_bs32_modL1_fusion16_fusionL1_fusionBN0_drop0p1__wd1e-04trmiss40_trlocglobal,77,0.42406071722507477,0.656978964805603,0.6686507936507936,0.6574756928412752,0.6888888888888889,0.0,0.0,0.0,0.0,0.0,0.0,0.0,0.0,0.0,,,,,18473,global,0.4
3,5,lr1e-04_bs32_modL1_fusion16_fusionL1_fusionBN0_drop0p1__wd1e-04trmiss40_trlocglobal,32,0.0001,0.0001,1,16,1,False,0.1,lr1e-04_bs32_modL1_fusion16_fusionL1_fusionBN0_drop0p1__wd1e-04trmiss40_trlocglobal,78,0.4208984076976776,0.6573867797851562,0.6607142857142857,0.6487459830086241,0.6888888888888889,0.0,0.0,0.0,0.0,0.0,0.0,0.0,0.0,0.0,,,,,18473,global,0.4
3,5,lr1e-04_bs32_modL1_fusion16_fusionL1_fusionBN0_drop0p1__wd1e-04trmiss40_trlocglobal,32,0.0001,0.0001,1,16,1,False,0.1,lr1e-04_bs32_modL1_fusion16_fusionL1_fusionBN0_drop0p1__wd1e-04trmiss40_trlocglobal,79,0.4206519474585851,0.6570684313774109,0.6646825396825397,0.6685639101794923,0.6666666666666666,0.0,0.0,0.0,0.0,0.0,0.0,0.0,0.0,0.0,,,,,18473,global,0.4
3,5,lr1e-04_bs32_modL1_fusion16_fusionL1_fusionBN0_drop0p1__wd1e-04trmiss40_trlocglobal,32,0.0001,0.0001,1,16,1,False,0.1,lr1e-04_bs32_modL1_fusion16_fusionL1_fusionBN0_drop0p1__wd1e-04trmiss40_trlocglobal,80,0.4267693559328715,0.6570466756820679,0.6666666666666666,0.6533316750943162,0.6666666666666666,0.0,0.0,0.0,0.0,0.0,0.0,0.0,0.0,0.0,,,,,18473,global,0.4
3,5,lr1e-04_bs32_modL1_fusion32_fusionL1_fusionBN0_drop0p2__wd1e-04trmiss40_trlocglobal,32,0.0001,0.0001,1,32,1,False,0.2,lr1e-04_bs32_modL1_fusion32_fusionL1_fusionBN0_drop0p2__wd1e-04trmiss40_trlocglobal,1,0.6902507742245992,0.685580313205719,0.5773809523809523,0.617810950196104,0.5555555555555556,0.0,0.0,0.0,0.0,0.0,0.0,0.0,0.0,0.0,,,,,18473,global,0.4
3,5,lr1e-04_bs32_modL1_fusion32_fusionL1_fusionBN0_drop0p2__wd1e-04trmiss40_trlocglobal,32,0.0001,0.0001,1,32,1,False,0.2,lr1e-04_bs32_modL1_fusion32_fusionL1_fusionBN0_drop0p2__wd1e-04trmiss40_trlocglobal,2,0.6822113494078318,0.6822121143341064,0.6031746031746033,0.6424588391619684,0.6222222222222222,0.0,0.0,0.0,0.0,0.0,0.0,0.0,0.0,0.0,,,,,18473,global,0.4
3,5,lr1e-04_bs32_modL1_fusion32_fusionL1_fusionBN0_drop0p2__wd1e-04trmiss40_trlocglobal,32,0.0001,0.0001,1,32,1,False,0.2,lr1e-04_bs32_modL1_fusion32_fusionL1_fusionBN0_drop0p2__wd1e-04trmiss40_trlocglobal,3,0.659192701180776,0.6782501637935638,0.6468253968253969,0.6569037362525825,0.6888888888888889,0.0,0.0,0.0,0.0,0.0,0.0,0.0,0.0,0.0,,,,,18473,global,0.4
3,5,lr1e-04_bs32_modL1_fusion32_fusionL1_fusionBN0_drop0p2__wd1e-04trmiss40_trlocglobal,32,0.0001,0.0001,1,32,1,False,0.2,lr1e-04_bs32_modL1_fusion32_fusionL1_fusionBN0_drop0p2__wd1e-04trmiss40_trlocglobal,4,0.6609244445959727,0.675894558429718,0.6547619047619048,0.6599963176794508,0.6666666666666666,0.0,0.0,0.0,0.0,0.0,0.0,0.0,0.0,0.0,,,,,18473,global,0.4
3,5,lr1e-04_bs32_modL1_fusion32_fusionL1_fusionBN0_drop0p2__wd1e-04trmiss40_trlocglobal,32,0.0001,0.0001,1,32,1,False,0.2,lr1e-04_bs32_modL1_fusion32_fusionL1_fusionBN0_drop0p2__wd1e-04trmiss40_trlocglobal,5,0.6460711856683096,0.6753504574298859,0.6587301587301588,0.6606975353745135,0.6444444444444445,0.0,0.0,0.0,0.0,0.0,0.0,0.0,0.0,0.0,,,,,18473,global,0.4
3,5,lr1e-04_bs32_modL1_fusion32_fusionL1_fusionBN0_drop0p2__wd1e-04trmiss40_trlocglobal,32,0.0001,0.0001,1,32,1,False,0.2,lr1e-04_bs32_modL1_fusion32_fusionL1_fusionBN0_drop0p2__wd1e-04trmiss40_trlocglobal,6,0.6341946224371592,0.6766614615917206,0.6448412698412698,0.635728706936639,0.6222222222222222,0.0,0.0,0.0,0.0,0.0,0.0,0.0,0.0,0.0,,,,,18473,global,0.4
3,5,lr1e-04_bs32_modL1_fusion32_fusionL1_fusionBN0_drop0p2__wd1e-04trmiss40_trlocglobal,32,0.0001,0.0001,1,32,1,False,0.2,lr1e-04_bs32_modL1_fusion32_fusionL1_fusionBN0_drop0p2__wd1e-04trmiss40_trlocglobal,7,0.6316100557645162,0.6759525835514069,0.6448412698412698,0.6406917813588499,0.6,0.0,0.0,0.0,0.0,0.0,0.0,0.0,0.0,0.0,,,,,18473,global,0.4
3,5,lr1e-04_bs32_modL1_fusion32_fusionL1_fusionBN0_drop0p2__wd1e-04trmiss40_trlocglobal,32,0.0001,0.0001,1,32,1,False,0.2,lr1e-04_bs32_modL1_fusion32_fusionL1_fusionBN0_drop0p2__wd1e-04trmiss40_trlocglobal,8,0.6248299578825632,0.6746849417686462,0.6488095238095238,0.643043954351195,0.6666666666666666,0.0,0.0,0.0,0.0,0.0,0.0,0.0,0.0,0.0,,,,,18473,global,0.4
3,5,lr1e-04_bs32_modL1_fusion32_fusionL1_fusionBN0_drop0p2__wd1e-04trmiss40_trlocglobal,32,0.0001,0.0001,1,32,1,False,0.2,lr1e-04_bs32_modL1_fusion32_fusionL1_fusionBN0_drop0p2__wd1e-04trmiss40_trlocglobal,9,0.6198218862215678,0.673812210559845,0.6587301587301587,0.6416905887486034,0.6444444444444445,0.0,0.0,0.0,0.0,0.0,0.0,0.0,0.0,0.0,,,,,18473,global,0.4
3,5,lr1e-04_bs32_modL1_fusion32_fusionL1_fusionBN0_drop0p2__wd1e-04trmiss40_trlocglobal,32,0.0001,0.0001,1,32,1,False,0.2,lr1e-04_bs32_modL1_fusion32_fusionL1_fusionBN0_drop0p2__wd1e-04trmiss40_trlocglobal,10,0.6090773344039917,0.6742633879184723,0.6607142857142857,0.648018012303502,0.6444444444444445,0.0,0.0,0.0,0.0,0.0,0.0,0.0,0.0,0.0,,,,,18473,global,0.4
3,5,lr1e-04_bs32_modL1_fusion32_fusionL1_fusionBN0_drop0p2__wd1e-04trmiss40_trlocglobal,32,0.0001,0.0001,1,32,1,False,0.2,lr1e-04_bs32_modL1_fusion32_fusionL1_fusionBN0_drop0p2__wd1e-04trmiss40_trlocglobal,11,0.6038689017295837,0.6746773719787598,0.6408730158730159,0.6360408643671521,0.6222222222222222,0.0,0.0,0.0,0.0,0.0,0.0,0.0,0.0,0.0,,,,,18473,global,0.4
3,5,lr1e-04_bs32_modL1_fusion32_fusionL1_fusionBN0_drop0p2__wd1e-04trmiss40_trlocglobal,32,0.0001,0.0001,1,32,1,False,0.2,lr1e-04_bs32_modL1_fusion32_fusionL1_fusionBN0_drop0p2__wd1e-04trmiss40_trlocglobal,12,0.5994244515895844,0.6746282875537872,0.6309523809523809,0.6029382517866433,0.6222222222222222,0.0,0.0,0.0,0.0,0.0,0.0,0.0,0.0,0.0,,,,,18473,global,0.4
3,5,lr1e-04_bs32_modL1_fusion32_fusionL1_fusionBN0_drop0p2__wd1e-04trmiss40_trlocglobal,32,0.0001,0.0001,1,32,1,False,0.2,lr1e-04_bs32_modL1_fusion32_fusionL1_fusionBN0_drop0p2__wd1e-04trmiss40_trlocglobal,13,0.5995102723439535,0.674574226140976,0.625,0.6180483310268367,0.6,0.0,0.0,0.0,0.0,0.0,0.0,0.0,0.0,0.0,,,,,18473,global,0.4
3,5,lr1e-04_bs32_modL1_fusion32_fusionL1_fusionBN0_drop0p2__wd1e-04trmiss40_trlocglobal,32,0.0001,0.0001,1,32,1,False,0.2,lr1e-04_bs32_modL1_fusion32_fusionL1_fusionBN0_drop0p2__wd1e-04trmiss40_trlocglobal,14,0.5982011357943217,0.672936737537384,0.625,0.6168387521657819,0.6222222222222222,0.0,0.0,0.0,0.0,0.0,0.0,0.0,0.0,0.0,,,,,18473,global,0.4
3,5,lr1e-04_bs32_modL1_fusion32_fusionL1_fusionBN0_drop0p2__wd1e-04trmiss40_trlocglobal,32,0.0001,0.0001,1,32,1,False,0.2,lr1e-04_bs32_modL1_fusion32_fusionL1_fusionBN0_drop0p2__wd1e-04trmiss40_trlocglobal,15,0.5946051379044851,0.6719962060451508,0.6408730158730159,0.627126329673559,0.6666666666666666,0.0,0.0,0.0,0.0,0.0,0.0,0.0,0.0,0.0,,,,,18473,global,0.4
3,5,lr1e-04_bs32_modL1_fusion32_fusionL1_fusionBN0_drop0p2__wd1e-04trmiss40_trlocglobal,32,0.0001,0.0001,1,32,1,False,0.2,lr1e-04_bs32_modL1_fusion32_fusionL1_fusionBN0_drop0p2__wd1e-04trmiss40_trlocglobal,16,0.5840489765008291,0.6687158346176147,0.6547619047619048,0.6324835137789496,0.6666666666666666,0.0,0.0,0.0,0.0,0.0,0.0,0.0,0.0,0.0,,,,,18473,global,0.4
3,5,lr1e-04_bs32_modL1_fusion32_fusionL1_fusionBN0_drop0p2__wd1e-04trmiss40_trlocglobal,32,0.0001,0.0001,1,32,1,False,0.2,lr1e-04_bs32_modL1_fusion32_fusionL1_fusionBN0_drop0p2__wd1e-04trmiss40_trlocglobal,17,0.5805726051330566,0.6685534417629242,0.6567460317460317,0.6441781231262144,0.6444444444444445,0.0,0.0,0.0,0.0,0.0,0.0,0.0,0.0,0.0,,,,,18473,global,0.4
3,5,lr1e-04_bs32_modL1_fusion32_fusionL1_fusionBN0_drop0p2__wd1e-04trmiss40_trlocglobal,32,0.0001,0.0001,1,32,1,False,0.2,lr1e-04_bs32_modL1_fusion32_fusionL1_fusionBN0_drop0p2__wd1e-04trmiss40_trlocglobal,18,0.5785698095957438,0.6680085957050323,0.6746031746031746,0.6519723137285088,0.6444444444444445,0.0,0.0,0.0,0.0,0.0,0.0,0.0,0.0,0.0,,,,,18473,global,0.4
3,5,lr1e-04_bs32_modL1_fusion32_fusionL1_fusionBN0_drop0p2__wd1e-04trmiss40_trlocglobal,32,0.0001,0.0001,1,32,1,False,0.2,lr1e-04_bs32_modL1_fusion32_fusionL1_fusionBN0_drop0p2__wd1e-04trmiss40_trlocglobal,19,0.565023293097814,0.6689215898513794,0.6666666666666667,0.6414284129272552,0.6444444444444445,0.0,0.0,0.0,0.0,0.0,0.0,0.0,0.0,0.0,,,,,18473,global,0.4
3,5,lr1e-04_bs32_modL1_fusion32_fusionL1_fusionBN0_drop0p2__wd1e-04trmiss40_trlocglobal,32,0.0001,0.0001,1,32,1,False,0.2,lr1e-04_bs32_modL1_fusion32_fusionL1_fusionBN0_drop0p2__wd1e-04trmiss40_trlocglobal,20,0.5513709187507629,0.6688896119594574,0.6626984126984127,0.6395031782002962,0.6444444444444445,0.0,0.0,0.0,0.0,0.0,0.0,0.0,0.0,0.0,,,,,18473,global,0.4
3,5,lr1e-04_bs32_modL1_fusion32_fusionL1_fusionBN0_drop0p2__wd1e-04trmiss40_trlocglobal,32,0.0001,0.0001,1,32,1,False,0.2,lr1e-04_bs32_modL1_fusion32_fusionL1_fusionBN0_drop0p2__wd1e-04trmiss40_trlocglobal,21,0.5592082043488821,0.6702958047389984,0.6646825396825397,0.6381359292671244,0.6666666666666666,0.0,0.0,0.0,0.0,0.0,0.0,0.0,0.0,0.0,,,,,18473,global,0.4
3,5,lr1e-04_bs32_modL1_fusion32_fusionL1_fusionBN0_drop0p2__wd1e-04trmiss40_trlocglobal,32,0.0001,0.0001,1,32,1,False,0.2,lr1e-04_bs32_modL1_fusion32_fusionL1_fusionBN0_drop0p2__wd1e-04trmiss40_trlocglobal,22,0.5430035789807638,0.670818418264389,0.6567460317460317,0.6356578700661548,0.6666666666666666,0.0,0.0,0.0,0.0,0.0,0.0,0.0,0.0,0.0,,,,,18473,global,0.4
3,5,lr1e-04_bs32_modL1_fusion32_fusionL1_fusionBN0_drop0p2__wd1e-04trmiss40_trlocglobal,32,0.0001,0.0001,1,32,1,False,0.2,lr1e-04_bs32_modL1_fusion32_fusionL1_fusionBN0_drop0p2__wd1e-04trmiss40_trlocglobal,23,0.5488808155059814,0.6719139516353607,0.6626984126984127,0.6456817992992294,0.6444444444444445,0.0,0.0,0.0,0.0,0.0,0.0,0.0,0.0,0.0,,,,,18473,global,0.4
3,5,lr1e-04_bs32_modL1_fusion32_fusionL1_fusionBN0_drop0p2__wd1e-04trmiss40_trlocglobal,32,0.0001,0.0001,1,32,1,False,0.2,lr1e-04_bs32_modL1_fusion32_fusionL1_fusionBN0_drop0p2__wd1e-04trmiss40_trlocglobal,24,0.540046845873197,0.6701889634132385,0.6547619047619048,0.6408997258115272,0.6888888888888889,0.0,0.0,0.0,0.0,0.0,0.0,0.0,0.0,0.0,,,,,18473,global,0.4
3,5,lr1e-04_bs32_modL1_fusion32_fusionL1_fusionBN0_drop0p2__wd1e-04trmiss40_trlocglobal,32,0.0001,0.0001,1,32,1,False,0.2,lr1e-04_bs32_modL1_fusion32_fusionL1_fusionBN0_drop0p2__wd1e-04trmiss40_trlocglobal,25,0.5294449428717295,0.6677241921424866,0.6527777777777778,0.639092965714326,0.6888888888888889,0.0,0.0,0.0,0.0,0.0,0.0,0.0,0.0,0.0,,,,,18473,global,0.4
3,5,lr1e-04_bs32_modL1_fusion32_fusionL1_fusionBN0_drop0p2__wd1e-04trmiss40_trlocglobal,32,0.0001,0.0001,1,32,1,False,0.2,lr1e-04_bs32_modL1_fusion32_fusionL1_fusionBN0_drop0p2__wd1e-04trmiss40_trlocglobal,26,0.5212366034587225,0.6669465005397797,0.6567460317460317,0.6414753770121784,0.6888888888888889,0.0,0.0,0.0,0.0,0.0,0.0,0.0,0.0,0.0,,,,,18473,global,0.4
3,5,lr1e-04_bs32_modL1_fusion32_fusionL1_fusionBN0_drop0p2__wd1e-04trmiss40_trlocglobal,32,0.0001,0.0001,1,32,1,False,0.2,lr1e-04_bs32_modL1_fusion32_fusionL1_fusionBN0_drop0p2__wd1e-04trmiss40_trlocglobal,27,0.5252558887004852,0.6678254008293152,0.6547619047619048,0.6174360984026537,0.6888888888888889,0.0,0.0,0.0,0.0,0.0,0.0,0.0,0.0,0.0,,,,,18473,global,0.4
3,5,lr1e-04_bs32_modL1_fusion32_fusionL1_fusionBN0_drop0p2__wd1e-04trmiss40_trlocglobal,32,0.0001,0.0001,1,32,1,False,0.2,lr1e-04_bs32_modL1_fusion32_fusionL1_fusionBN0_drop0p2__wd1e-04trmiss40_trlocglobal,28,0.5327659050623575,0.6659209132194519,0.6626984126984127,0.6308725462141015,0.7111111111111111,0.0,0.0,0.0,0.0,0.0,0.0,0.0,0.0,0.0,,,,,18473,global,0.4
3,5,lr1e-04_bs32_modL1_fusion32_fusionL1_fusionBN0_drop0p2__wd1e-04trmiss40_trlocglobal,32,0.0001,0.0001,1,32,1,False,0.2,lr1e-04_bs32_modL1_fusion32_fusionL1_fusionBN0_drop0p2__wd1e-04trmiss40_trlocglobal,29,0.5104520718256632,0.6635883152484894,0.6686507936507936,0.6315332589450602,0.7333333333333333,0.0,0.0,0.0,0.0,0.0,0.0,0.0,0.0,0.0,,,,,18473,global,0.4
3,5,lr1e-04_bs32_modL1_fusion32_fusionL1_fusionBN0_drop0p2__wd1e-04trmiss40_trlocglobal,32,0.0001,0.0001,1,32,1,False,0.2,lr1e-04_bs32_modL1_fusion32_fusionL1_fusionBN0_drop0p2__wd1e-04trmiss40_trlocglobal,30,0.5132366617520651,0.6616401672363281,0.6726190476190476,0.6294808819696927,0.7111111111111111,0.0,0.0,0.0,0.0,0.0,0.0,0.0,0.0,0.0,,,,,18473,global,0.4
3,5,lr1e-04_bs32_modL1_fusion32_fusionL1_fusionBN0_drop0p2__wd1e-04trmiss40_trlocglobal,32,0.0001,0.0001,1,32,1,False,0.2,lr1e-04_bs32_modL1_fusion32_fusionL1_fusionBN0_drop0p2__wd1e-04trmiss40_trlocglobal,31,0.5002606362104416,0.6636210381984711,0.6726190476190477,0.627964442313076,0.6666666666666666,0.0,0.0,0.0,0.0,0.0,0.0,0.0,0.0,0.0,,,,,18473,global,0.4
3,5,lr1e-04_bs32_modL1_fusion32_fusionL1_fusionBN0_drop0p2__wd1e-04trmiss40_trlocglobal,32,0.0001,0.0001,1,32,1,False,0.2,lr1e-04_bs32_modL1_fusion32_fusionL1_fusionBN0_drop0p2__wd1e-04trmiss40_trlocglobal,32,0.4927900234858195,0.6623334884643555,0.6746031746031746,0.6361600411949495,0.6888888888888889,0.0,0.0,0.0,0.0,0.0,0.0,0.0,0.0,0.0,,,,,18473,global,0.4
3,5,lr1e-04_bs32_modL1_fusion32_fusionL1_fusionBN0_drop0p2__wd1e-04trmiss40_trlocglobal,32,0.0001,0.0001,1,32,1,False,0.2,lr1e-04_bs32_modL1_fusion32_fusionL1_fusionBN0_drop0p2__wd1e-04trmiss40_trlocglobal,33,0.49461521208286285,0.6587285399436951,0.6845238095238095,0.6418228356993592,0.6888888888888889,0.0,0.0,0.0,0.0,0.0,0.0,0.0,0.0,0.0,,,,,18473,global,0.4
3,5,lr1e-04_bs32_modL1_fusion32_fusionL1_fusionBN0_drop0p2__wd1e-04trmiss40_trlocglobal,32,0.0001,0.0001,1,32,1,False,0.2,lr1e-04_bs32_modL1_fusion32_fusionL1_fusionBN0_drop0p2__wd1e-04trmiss40_trlocglobal,34,0.4926063269376755,0.6573310792446136,0.6904761904761905,0.6503408030714932,0.6888888888888889,0.0,0.0,0.0,0.0,0.0,0.0,0.0,0.0,0.0,,,,,18473,global,0.4
3,5,lr1e-04_bs32_modL1_fusion32_fusionL1_fusionBN0_drop0p2__wd1e-04trmiss40_trlocglobal,32,0.0001,0.0001,1,32,1,False,0.2,lr1e-04_bs32_modL1_fusion32_fusionL1_fusionBN0_drop0p2__wd1e-04trmiss40_trlocglobal,35,0.49574728806813556,0.6587045788764954,0.6825396825396826,0.6442705058005381,0.6888888888888889,0.0,0.0,0.0,0.0,0.0,0.0,0.0,0.0,0.0,,,,,18473,global,0.4
3,5,lr1e-04_bs32_modL1_fusion32_fusionL1_fusionBN0_drop0p2__wd1e-04trmiss40_trlocglobal,32,0.0001,0.0001,1,32,1,False,0.2,lr1e-04_bs32_modL1_fusion32_fusionL1_fusionBN0_drop0p2__wd1e-04trmiss40_trlocglobal,36,0.4784567852814992,0.6584271490573883,0.6805555555555556,0.6509901892318702,0.6666666666666666,0.0,0.0,0.0,0.0,0.0,0.0,0.0,0.0,0.0,,,,,18473,global,0.4
3,5,lr1e-04_bs32_modL1_fusion32_fusionL1_fusionBN0_drop0p2__wd1e-04trmiss40_trlocglobal,32,0.0001,0.0001,1,32,1,False,0.2,lr1e-04_bs32_modL1_fusion32_fusionL1_fusionBN0_drop0p2__wd1e-04trmiss40_trlocglobal,37,0.4760605941216151,0.6589800417423248,0.6805555555555556,0.6442702835640928,0.6666666666666666,0.0,0.0,0.0,0.0,0.0,0.0,0.0,0.0,0.0,,,,,18473,global,0.4
3,5,lr1e-04_bs32_modL1_fusion32_fusionL1_fusionBN0_drop0p2__wd1e-04trmiss40_trlocglobal,32,0.0001,0.0001,1,32,1,False,0.2,lr1e-04_bs32_modL1_fusion32_fusionL1_fusionBN0_drop0p2__wd1e-04trmiss40_trlocglobal,38,0.46410158773263294,0.6579374074935913,0.6904761904761905,0.657124314065182,0.6666666666666666,0.0,0.0,0.0,0.0,0.0,0.0,0.0,0.0,0.0,,,,,18473,global,0.4
3,5,lr1e-04_bs32_modL1_fusion32_fusionL1_fusionBN0_drop0p2__wd1e-04trmiss40_trlocglobal,32,0.0001,0.0001,1,32,1,False,0.2,lr1e-04_bs32_modL1_fusion32_fusionL1_fusionBN0_drop0p2__wd1e-04trmiss40_trlocglobal,39,0.4505017151435216,0.6589520871639252,0.6726190476190477,0.6463782148974946,0.6444444444444445,0.0,0.0,0.0,0.0,0.0,0.0,0.0,0.0,0.0,,,,,18473,global,0.4
3,5,lr1e-04_bs32_modL1_fusion32_fusionL1_fusionBN0_drop0p2__wd1e-04trmiss40_trlocglobal,32,0.0001,0.0001,1,32,1,False,0.2,lr1e-04_bs32_modL1_fusion32_fusionL1_fusionBN0_drop0p2__wd1e-04trmiss40_trlocglobal,40,0.4673803100983302,0.656803548336029,0.6726190476190476,0.647284638720585,0.6666666666666666,0.0,0.0,0.0,0.0,0.0,0.0,0.0,0.0,0.0,,,,,18473,global,0.4
3,5,lr1e-04_bs32_modL1_fusion32_fusionL1_fusionBN0_drop0p2__wd1e-04trmiss40_trlocglobal,32,0.0001,0.0001,1,32,1,False,0.2,lr1e-04_bs32_modL1_fusion32_fusionL1_fusionBN0_drop0p2__wd1e-04trmiss40_trlocglobal,41,0.4592485576868057,0.6542841494083405,0.6865079365079365,0.6499349938179674,0.6888888888888889,0.0,0.0,0.0,0.0,0.0,0.0,0.0,0.0,0.0,,,,,18473,global,0.4
3,5,lr1e-04_bs32_modL1_fusion32_fusionL1_fusionBN0_drop0p2__wd1e-04trmiss40_trlocglobal,32,0.0001,0.0001,1,32,1,False,0.2,lr1e-04_bs32_modL1_fusion32_fusionL1_fusionBN0_drop0p2__wd1e-04trmiss40_trlocglobal,42,0.4559380163749059,0.6542819142341614,0.6964285714285714,0.6668062455237779,0.6666666666666666,0.0,0.0,0.0,0.0,0.0,0.0,0.0,0.0,0.0,,,,,18473,global,0.4
3,5,lr1e-04_bs32_modL1_fusion32_fusionL1_fusionBN0_drop0p2__wd1e-04trmiss40_trlocglobal,32,0.0001,0.0001,1,32,1,False,0.2,lr1e-04_bs32_modL1_fusion32_fusionL1_fusionBN0_drop0p2__wd1e-04trmiss40_trlocglobal,43,0.4426427980264028,0.6526767313480377,0.6944444444444444,0.6568344073261333,0.6888888888888889,0.0,0.0,0.0,0.0,0.0,0.0,0.0,0.0,0.0,,,,,18473,global,0.4
3,5,lr1e-04_bs32_modL1_fusion32_fusionL1_fusionBN0_drop0p2__wd1e-04trmiss40_trlocglobal,32,0.0001,0.0001,1,32,1,False,0.2,lr1e-04_bs32_modL1_fusion32_fusionL1_fusionBN0_drop0p2__wd1e-04trmiss40_trlocglobal,44,0.4517819831768672,0.6539331376552582,0.6924603174603174,0.6558935471110795,0.6666666666666666,0.0,0.0,0.0,0.0,0.0,0.0,0.0,0.0,0.0,,,,,18473,global,0.4
3,5,lr1e-04_bs32_modL1_fusion32_fusionL1_fusionBN0_drop0p2__wd1e-04trmiss40_trlocglobal,32,0.0001,0.0001,1,32,1,False,0.2,lr1e-04_bs32_modL1_fusion32_fusionL1_fusionBN0_drop0p2__wd1e-04trmiss40_trlocglobal,45,0.4545664042234421,0.6561205387115479,0.6746031746031746,0.6356421158213417,0.6666666666666666,0.0,0.0,0.0,0.0,0.0,0.0,0.0,0.0,0.0,,,,,18473,global,0.4
3,5,lr1e-04_bs32_modL1_fusion32_fusionL1_fusionBN0_drop0p2__wd1e-04trmiss40_trlocglobal,32,0.0001,0.0001,1,32,1,False,0.2,lr1e-04_bs32_modL1_fusion32_fusionL1_fusionBN0_drop0p2__wd1e-04trmiss40_trlocglobal,46,0.443673034509023,0.6563207507133484,0.6746031746031745,0.6365140992300897,0.6444444444444445,0.0,0.0,0.0,0.0,0.0,0.0,0.0,0.0,0.0,,,,,18473,global,0.4
3,5,lr1e-04_bs32_modL1_fusion32_fusionL1_fusionBN0_drop0p2__wd1e-04trmiss40_trlocglobal,32,0.0001,0.0001,1,32,1,False,0.2,lr1e-04_bs32_modL1_fusion32_fusionL1_fusionBN0_drop0p2__wd1e-04trmiss40_trlocglobal,47,0.44073160489400226,0.6553038060665131,0.6845238095238095,0.6510000218042477,0.6444444444444445,0.0,0.0,0.0,0.0,0.0,0.0,0.0,0.0,0.0,,,,,18473,global,0.4
3,5,lr1e-04_bs32_modL1_fusion32_fusionL1_fusionBN0_drop0p2__wd1e-04trmiss40_trlocglobal,32,0.0001,0.0001,1,32,1,False,0.2,lr1e-04_bs32_modL1_fusion32_fusionL1_fusionBN0_drop0p2__wd1e-04trmiss40_trlocglobal,48,0.432566170891126,0.6527248620986938,0.6845238095238095,0.6510000218042477,0.6444444444444445,0.0,0.0,0.0,0.0,0.0,0.0,0.0,0.0,0.0,,,,,18473,global,0.4
3,5,lr1e-04_bs32_modL1_fusion32_fusionL1_fusionBN0_drop0p2__wd1e-04trmiss40_trlocglobal,32,0.0001,0.0001,1,32,1,False,0.2,lr1e-04_bs32_modL1_fusion32_fusionL1_fusionBN0_drop0p2__wd1e-04trmiss40_trlocglobal,49,0.42320849498112995,0.6541270315647125,0.6825396825396824,0.6487106445148704,0.6444444444444445,0.0,0.0,0.0,0.0,0.0,0.0,0.0,0.0,0.0,,,,,18473,global,0.4
3,5,lr1e-04_bs32_modL1_fusion32_fusionL1_fusionBN0_drop0p2__wd1e-04trmiss40_trlocglobal,32,0.0001,0.0001,1,32,1,False,0.2,lr1e-04_bs32_modL1_fusion32_fusionL1_fusionBN0_drop0p2__wd1e-04trmiss40_trlocglobal,50,0.42622221012910205,0.6560422778129578,0.6785714285714285,0.6447047897906248,0.6444444444444445,0.0,0.0,0.0,0.0,0.0,0.0,0.0,0.0,0.0,,,,,18473,global,0.4
3,5,lr1e-04_bs32_modL1_fusion32_fusionL1_fusionBN0_drop0p2__wd1e-04trmiss40_trlocglobal,32,0.0001,0.0001,1,32,1,False,0.2,lr1e-04_bs32_modL1_fusion32_fusionL1_fusionBN0_drop0p2__wd1e-04trmiss40_trlocglobal,51,0.4190843055645625,0.6547753512859344,0.6765873015873015,0.6530271132676136,0.6444444444444445,0.0,0.0,0.0,0.0,0.0,0.0,0.0,0.0,0.0,,,,,18473,global,0.4
3,5,lr1e-04_bs32_modL1_fusion32_fusionL1_fusionBN0_drop0p2__wd1e-04trmiss40_trlocglobal,32,0.0001,0.0001,1,32,1,False,0.2,lr1e-04_bs32_modL1_fusion32_fusionL1_fusionBN0_drop0p2__wd1e-04trmiss40_trlocglobal,52,0.43046464522679645,0.6527150571346283,0.6765873015873016,0.6493002340574053,0.6888888888888889,0.0,0.0,0.0,0.0,0.0,0.0,0.0,0.0,0.0,,,,,18473,global,0.4
3,5,lr1e-04_bs32_modL1_fusion32_fusionL1_fusionBN0_drop0p2__wd1e-04trmiss40_trlocglobal,32,0.0001,0.0001,1,32,1,False,0.2,lr1e-04_bs32_modL1_fusion32_fusionL1_fusionBN0_drop0p2__wd1e-04trmiss40_trlocglobal,53,0.4265194733937581,0.6515117287635803,0.6825396825396826,0.6538476723710075,0.6666666666666666,0.0,0.0,0.0,0.0,0.0,0.0,0.0,0.0,0.0,,,,,18473,global,0.4
3,5,lr1e-04_bs32_modL1_fusion32_fusionL1_fusionBN0_drop0p2__wd1e-04trmiss40_trlocglobal,32,0.0001,0.0001,1,32,1,False,0.2,lr1e-04_bs32_modL1_fusion32_fusionL1_fusionBN0_drop0p2__wd1e-04trmiss40_trlocglobal,54,0.42004864911238354,0.6508183181285858,0.6825396825396826,0.6770731418603396,0.6666666666666666,0.0,0.0,0.0,0.0,0.0,0.0,0.0,0.0,0.0,,,,,18473,global,0.4
3,5,lr1e-04_bs32_modL1_fusion32_fusionL1_fusionBN0_drop0p2__wd1e-04trmiss40_trlocglobal,32,0.0001,0.0001,1,32,1,False,0.2,lr1e-04_bs32_modL1_fusion32_fusionL1_fusionBN0_drop0p2__wd1e-04trmiss40_trlocglobal,55,0.4195462465286255,0.6530593931674957,0.6706349206349206,0.6493771004542733,0.6444444444444445,0.0,0.0,0.0,0.0,0.0,0.0,0.0,0.0,0.0,,,,,18473,global,0.4
3,5,lr1e-04_bs32_modL1_fusion32_fusionL1_fusionBN0_drop0p2__wd1e-04trmiss40_trlocglobal,32,0.0001,0.0001,1,32,1,False,0.2,lr1e-04_bs32_modL1_fusion32_fusionL1_fusionBN0_drop0p2__wd1e-04trmiss40_trlocglobal,56,0.4048147151867549,0.6547150909900665,0.6726190476190477,0.6498637159542675,0.6444444444444445,0.0,0.0,0.0,0.0,0.0,0.0,0.0,0.0,0.0,,,,,18473,global,0.4
3,5,lr1e-04_bs32_modL1_fusion32_fusionL1_fusionBN0_drop0p2__wd1e-04trmiss40_trlocglobal,32,0.0001,0.0001,1,32,1,False,0.2,lr1e-04_bs32_modL1_fusion32_fusionL1_fusionBN0_drop0p2__wd1e-04trmiss40_trlocglobal,57,0.41541875898838043,0.6548985540866852,0.6706349206349206,0.6461434778590295,0.6444444444444445,0.0,0.0,0.0,0.0,0.0,0.0,0.0,0.0,0.0,,,,,18473,global,0.4
3,5,lr1e-04_bs32_modL1_fusion32_fusionL1_fusionBN0_drop0p2__wd1e-04trmiss40_trlocglobal,32,0.0001,0.0001,1,32,1,False,0.2,lr1e-04_bs32_modL1_fusion32_fusionL1_fusionBN0_drop0p2__wd1e-04trmiss40_trlocglobal,58,0.4108859996000926,0.6540931463241577,0.6726190476190477,0.6458888468598464,0.6666666666666666,0.0,0.0,0.0,0.0,0.0,0.0,0.0,0.0,0.0,,,,,18473,global,0.4
3,5,lr1e-04_bs32_modL1_fusion32_fusionL1_fusionBN0_drop0p2__wd1e-04trmiss40_trlocglobal,32,0.0001,0.0001,1,32,1,False,0.2,lr1e-04_bs32_modL1_fusion32_fusionL1_fusionBN0_drop0p2__wd1e-04trmiss40_trlocglobal,59,0.41139334936936695,0.6528036296367645,0.6746031746031746,0.6492814509970025,0.6666666666666666,0.0,0.0,0.0,0.0,0.0,0.0,0.0,0.0,0.0,,,,,18473,global,0.4
3,5,lr1e-04_bs32_modL1_fusion32_fusionL1_fusionBN0_drop0p2__wd1e-04trmiss40_trlocglobal,32,0.0001,0.0001,1,32,1,False,0.2,lr1e-04_bs32_modL1_fusion32_fusionL1_fusionBN0_drop0p2__wd1e-04trmiss40_trlocglobal,60,0.40445537368456524,0.6514786779880524,0.6805555555555556,0.6718533445010081,0.6888888888888889,0.0,0.0,0.0,0.0,0.0,0.0,0.0,0.0,0.0,,,,,18473,global,0.4
3,5,lr1e-04_bs32_modL1_fusion32_fusionL1_fusionBN0_drop0p2__wd1e-04trmiss40_trlocglobal,32,0.0001,0.0001,1,32,1,False,0.2,lr1e-04_bs32_modL1_fusion32_fusionL1_fusionBN0_drop0p2__wd1e-04trmiss40_trlocglobal,61,0.40871238708496094,0.6519156992435455,0.6805555555555555,0.6519949701167717,0.6666666666666666,0.0,0.0,0.0,0.0,0.0,0.0,0.0,0.0,0.0,,,,,18473,global,0.4
3,5,lr1e-04_bs32_modL1_fusion32_fusionL1_fusionBN0_drop0p2__wd1e-04trmiss40_trlocglobal,32,0.0001,0.0001,1,32,1,False,0.2,lr1e-04_bs32_modL1_fusion32_fusionL1_fusionBN0_drop0p2__wd1e-04trmiss40_trlocglobal,62,0.3982182691494624,0.6525466740131378,0.6726190476190476,0.6464408734781162,0.6444444444444445,0.0,0.0,0.0,0.0,0.0,0.0,0.0,0.0,0.0,,,,,18473,global,0.4
3,5,lr1e-04_bs32_modL1_fusion32_fusionL1_fusionBN0_drop0p1__wd1e-04trmiss40_trlocglobal,32,0.0001,0.0001,1,32,1,False,0.1,lr1e-04_bs32_modL1_fusion32_fusionL1_fusionBN0_drop0p1__wd1e-04trmiss40_trlocglobal,1,0.6935414870580038,0.6937287151813507,0.5039682539682541,0.5856857665776923,0.5555555555555556,0.0,0.0,0.0,0.0,0.0,0.0,0.0,0.0,0.0,,,,,18473,global,0.4
3,5,lr1e-04_bs32_modL1_fusion32_fusionL1_fusionBN0_drop0p1__wd1e-04trmiss40_trlocglobal,32,0.0001,0.0001,1,32,1,False,0.1,lr1e-04_bs32_modL1_fusion32_fusionL1_fusionBN0_drop0p1__wd1e-04trmiss40_trlocglobal,2,0.6796319981416067,0.690843790769577,0.5198412698412699,0.5987128649987621,0.5555555555555556,0.0,0.0,0.0,0.0,0.0,0.0,0.0,0.0,0.0,,,,,18473,global,0.4
3,5,lr1e-04_bs32_modL1_fusion32_fusionL1_fusionBN0_drop0p1__wd1e-04trmiss40_trlocglobal,32,0.0001,0.0001,1,32,1,False,0.1,lr1e-04_bs32_modL1_fusion32_fusionL1_fusionBN0_drop0p1__wd1e-04trmiss40_trlocglobal,3,0.6566166381041209,0.6877766251564026,0.5515873015873016,0.6541171087019854,0.5111111111111111,0.0,0.0,0.0,0.0,0.0,0.0,0.0,0.0,0.0,,,,,18473,global,0.4
3,5,lr1e-04_bs32_modL1_fusion32_fusionL1_fusionBN0_drop0p1__wd1e-04trmiss40_trlocglobal,32,0.0001,0.0001,1,32,1,False,0.1,lr1e-04_bs32_modL1_fusion32_fusionL1_fusionBN0_drop0p1__wd1e-04trmiss40_trlocglobal,4,0.6433967053890228,0.6861745119094849,0.5535714285714286,0.6509536931784311,0.5333333333333333,0.0,0.0,0.0,0.0,0.0,0.0,0.0,0.0,0.0,,,,,18473,global,0.4
3,5,lr1e-04_bs32_modL1_fusion32_fusionL1_fusionBN0_drop0p1__wd1e-04trmiss40_trlocglobal,32,0.0001,0.0001,1,32,1,False,0.1,lr1e-04_bs32_modL1_fusion32_fusionL1_fusionBN0_drop0p1__wd1e-04trmiss40_trlocglobal,5,0.6326460937658945,0.6835198998451233,0.5615079365079365,0.6494465352581783,0.5333333333333333,0.0,0.0,0.0,0.0,0.0,0.0,0.0,0.0,0.0,,,,,18473,global,0.4
3,5,lr1e-04_bs32_modL1_fusion32_fusionL1_fusionBN0_drop0p1__wd1e-04trmiss40_trlocglobal,32,0.0001,0.0001,1,32,1,False,0.1,lr1e-04_bs32_modL1_fusion32_fusionL1_fusionBN0_drop0p1__wd1e-04trmiss40_trlocglobal,6,0.6218560039997101,0.6799088716506958,0.5694444444444444,0.6641991854151155,0.5111111111111111,0.0,0.0,0.0,0.0,0.0,0.0,0.0,0.0,0.0,,,,,18473,global,0.4
3,5,lr1e-04_bs32_modL1_fusion32_fusionL1_fusionBN0_drop0p1__wd1e-04trmiss40_trlocglobal,32,0.0001,0.0001,1,32,1,False,0.1,lr1e-04_bs32_modL1_fusion32_fusionL1_fusionBN0_drop0p1__wd1e-04trmiss40_trlocglobal,7,0.6098139683405558,0.677838146686554,0.5753968253968254,0.678204914707361,0.5111111111111111,0.0,0.0,0.0,0.0,0.0,0.0,0.0,0.0,0.0,,,,,18473,global,0.4
3,5,lr1e-04_bs32_modL1_fusion32_fusionL1_fusionBN0_drop0p1__wd1e-04trmiss40_trlocglobal,32,0.0001,0.0001,1,32,1,False,0.1,lr1e-04_bs32_modL1_fusion32_fusionL1_fusionBN0_drop0p1__wd1e-04trmiss40_trlocglobal,8,0.5984196464220682,0.675617903470993,0.5734126984126984,0.6770526380994528,0.5111111111111111,0.0,0.0,0.0,0.0,0.0,0.0,0.0,0.0,0.0,,,,,18473,global,0.4
3,5,lr1e-04_bs32_modL1_fusion32_fusionL1_fusionBN0_drop0p1__wd1e-04trmiss40_trlocglobal,32,0.0001,0.0001,1,32,1,False,0.1,lr1e-04_bs32_modL1_fusion32_fusionL1_fusionBN0_drop0p1__wd1e-04trmiss40_trlocglobal,9,0.5901994407176971,0.6753742694854736,0.5694444444444444,0.654027242295258,0.5333333333333333,0.0,0.0,0.0,0.0,0.0,0.0,0.0,0.0,0.0,,,,,18473,global,0.4
3,5,lr1e-04_bs32_modL1_fusion32_fusionL1_fusionBN0_drop0p1__wd1e-04trmiss40_trlocglobal,32,0.0001,0.0001,1,32,1,False,0.1,lr1e-04_bs32_modL1_fusion32_fusionL1_fusionBN0_drop0p1__wd1e-04trmiss40_trlocglobal,10,0.5891133745511373,0.6730959713459015,0.5813492063492063,0.6666668892799802,0.5555555555555556,0.0,0.0,0.0,0.0,0.0,0.0,0.0,0.0,0.0,,,,,18473,global,0.4
3,5,lr1e-04_bs32_modL1_fusion32_fusionL1_fusionBN0_drop0p1__wd1e-04trmiss40_trlocglobal,32,0.0001,0.0001,1,32,1,False,0.1,lr1e-04_bs32_modL1_fusion32_fusionL1_fusionBN0_drop0p1__wd1e-04trmiss40_trlocglobal,11,0.5761959652105967,0.6708920001983643,0.5734126984126984,0.6525281730579306,0.5555555555555556,0.0,0.0,0.0,0.0,0.0,0.0,0.0,0.0,0.0,,,,,18473,global,0.4
3,5,lr1e-04_bs32_modL1_fusion32_fusionL1_fusionBN0_drop0p1__wd1e-04trmiss40_trlocglobal,32,0.0001,0.0001,1,32,1,False,0.1,lr1e-04_bs32_modL1_fusion32_fusionL1_fusionBN0_drop0p1__wd1e-04trmiss40_trlocglobal,12,0.5701718131701151,0.6683108508586884,0.5773809523809524,0.6591310552635619,0.5333333333333333,0.0,0.0,0.0,0.0,0.0,0.0,0.0,0.0,0.0,,,,,18473,global,0.4
3,5,lr1e-04_bs32_modL1_fusion32_fusionL1_fusionBN0_drop0p1__wd1e-04trmiss40_trlocglobal,32,0.0001,0.0001,1,32,1,False,0.1,lr1e-04_bs32_modL1_fusion32_fusionL1_fusionBN0_drop0p1__wd1e-04trmiss40_trlocglobal,13,0.5651756326357523,0.6646352708339691,0.6091269841269842,0.6851915146899256,0.5333333333333333,0.0,0.0,0.0,0.0,0.0,0.0,0.0,0.0,0.0,,,,,18473,global,0.4
3,5,lr1e-04_bs32_modL1_fusion32_fusionL1_fusionBN0_drop0p1__wd1e-04trmiss40_trlocglobal,32,0.0001,0.0001,1,32,1,False,0.1,lr1e-04_bs32_modL1_fusion32_fusionL1_fusionBN0_drop0p1__wd1e-04trmiss40_trlocglobal,14,0.5486835738023123,0.6617284417152405,0.6031746031746031,0.6760122989799447,0.5333333333333333,0.0,0.0,0.0,0.0,0.0,0.0,0.0,0.0,0.0,,,,,18473,global,0.4
3,5,lr1e-04_bs32_modL1_fusion32_fusionL1_fusionBN0_drop0p1__wd1e-04trmiss40_trlocglobal,32,0.0001,0.0001,1,32,1,False,0.1,lr1e-04_bs32_modL1_fusion32_fusionL1_fusionBN0_drop0p1__wd1e-04trmiss40_trlocglobal,15,0.5433897972106934,0.6615418195724487,0.615079365079365,0.674197952475953,0.5333333333333333,0.0,0.0,0.0,0.0,0.0,0.0,0.0,0.0,0.0,,,,,18473,global,0.4
3,5,lr1e-04_bs32_modL1_fusion32_fusionL1_fusionBN0_drop0p1__wd1e-04trmiss40_trlocglobal,32,0.0001,0.0001,1,32,1,False,0.1,lr1e-04_bs32_modL1_fusion32_fusionL1_fusionBN0_drop0p1__wd1e-04trmiss40_trlocglobal,16,0.5492995878060659,0.6639529168605804,0.6091269841269842,0.6527200126644376,0.5333333333333333,0.0,0.0,0.0,0.0,0.0,0.0,0.0,0.0,0.0,,,,,18473,global,0.4
3,5,lr1e-04_bs32_modL1_fusion32_fusionL1_fusionBN0_drop0p1__wd1e-04trmiss40_trlocglobal,32,0.0001,0.0001,1,32,1,False,0.1,lr1e-04_bs32_modL1_fusion32_fusionL1_fusionBN0_drop0p1__wd1e-04trmiss40_trlocglobal,17,0.5256311297416687,0.6627832055091858,0.6071428571428572,0.6553397050886592,0.5333333333333333,0.0,0.0,0.0,0.0,0.0,0.0,0.0,0.0,0.0,,,,,18473,global,0.4
3,5,lr1e-04_bs32_modL1_fusion32_fusionL1_fusionBN0_drop0p1__wd1e-04trmiss40_trlocglobal,32,0.0001,0.0001,1,32,1,False,0.1,lr1e-04_bs32_modL1_fusion32_fusionL1_fusionBN0_drop0p1__wd1e-04trmiss40_trlocglobal,18,0.5220948259035746,0.6600015461444855,0.626984126984127,0.6919225144034874,0.5333333333333333,0.0,0.0,0.0,0.0,0.0,0.0,0.0,0.0,0.0,,,,,18473,global,0.4
3,5,lr1e-04_bs32_modL1_fusion32_fusionL1_fusionBN0_drop0p1__wd1e-04trmiss40_trlocglobal,32,0.0001,0.0001,1,32,1,False,0.1,lr1e-04_bs32_modL1_fusion32_fusionL1_fusionBN0_drop0p1__wd1e-04trmiss40_trlocglobal,19,0.5175494949022929,0.6596253514289856,0.6329365079365079,0.6829281367836568,0.5777777777777777,0.0,0.0,0.0,0.0,0.0,0.0,0.0,0.0,0.0,,,,,18473,global,0.4
3,5,lr1e-04_bs32_modL1_fusion32_fusionL1_fusionBN0_drop0p1__wd1e-04trmiss40_trlocglobal,32,0.0001,0.0001,1,32,1,False,0.1,lr1e-04_bs32_modL1_fusion32_fusionL1_fusionBN0_drop0p1__wd1e-04trmiss40_trlocglobal,20,0.5052806039651235,0.6590283215045929,0.6329365079365079,0.6915134893200415,0.5555555555555556,0.0,0.0,0.0,0.0,0.0,0.0,0.0,0.0,0.0,,,,,18473,global,0.4
3,5,lr1e-04_bs32_modL1_fusion32_fusionL1_fusionBN0_drop0p1__wd1e-04trmiss40_trlocglobal,32,0.0001,0.0001,1,32,1,False,0.1,lr1e-04_bs32_modL1_fusion32_fusionL1_fusionBN0_drop0p1__wd1e-04trmiss40_trlocglobal,21,0.49460719029108685,0.6595098972320557,0.623015873015873,0.679568936447607,0.5555555555555556,0.0,0.0,0.0,0.0,0.0,0.0,0.0,0.0,0.0,,,,,18473,global,0.4
3,5,lr1e-04_bs32_modL1_fusion32_fusionL1_fusionBN0_drop0p1__wd1e-04trmiss40_trlocglobal,32,0.0001,0.0001,1,32,1,False,0.1,lr1e-04_bs32_modL1_fusion32_fusionL1_fusionBN0_drop0p1__wd1e-04trmiss40_trlocglobal,22,0.4926382005214691,0.6629411578178406,0.6011904761904763,0.6539457205847199,0.5777777777777777,0.0,0.0,0.0,0.0,0.0,0.0,0.0,0.0,0.0,,,,,18473,global,0.4
3,5,lr1e-04_bs32_modL1_fusion32_fusionL1_fusionBN0_drop0p1__wd1e-04trmiss40_trlocglobal,32,0.0001,0.0001,1,32,1,False,0.1,lr1e-04_bs32_modL1_fusion32_fusionL1_fusionBN0_drop0p1__wd1e-04trmiss40_trlocglobal,23,0.4855151027441025,0.6630408465862274,0.6011904761904762,0.648830173180843,0.5777777777777777,0.0,0.0,0.0,0.0,0.0,0.0,0.0,0.0,0.0,,,,,18473,global,0.4
3,5,lr1e-04_bs32_modL1_fusion32_fusionL1_fusionBN0_drop0p1__wd1e-04trmiss40_trlocglobal,32,0.0001,0.0001,1,32,1,False,0.1,lr1e-04_bs32_modL1_fusion32_fusionL1_fusionBN0_drop0p1__wd1e-04trmiss40_trlocglobal,24,0.4802127579847972,0.6598204076290131,0.6170634920634921,0.6545308242270992,0.5777777777777777,0.0,0.0,0.0,0.0,0.0,0.0,0.0,0.0,0.0,,,,,18473,global,0.4
3,5,lr1e-04_bs32_modL1_fusion32_fusionL1_fusionBN0_drop0p1__wd1e-04trmiss40_trlocglobal,32,0.0001,0.0001,1,32,1,False,0.1,lr1e-04_bs32_modL1_fusion32_fusionL1_fusionBN0_drop0p1__wd1e-04trmiss40_trlocglobal,25,0.47479040424029034,0.6564688384532928,0.6170634920634921,0.6553565840795618,0.6,0.0,0.0,0.0,0.0,0.0,0.0,0.0,0.0,0.0,,,,,18473,global,0.4
3,5,lr1e-04_bs32_modL1_fusion32_fusionL1_fusionBN0_drop0p1__wd1e-04trmiss40_trlocglobal,32,0.0001,0.0001,1,32,1,False,0.1,lr1e-04_bs32_modL1_fusion32_fusionL1_fusionBN0_drop0p1__wd1e-04trmiss40_trlocglobal,26,0.4668568968772888,0.6560960114002228,0.6190476190476191,0.6681181846894596,0.5555555555555556,0.0,0.0,0.0,0.0,0.0,0.0,0.0,0.0,0.0,,,,,18473,global,0.4
3,5,lr1e-04_bs32_modL1_fusion32_fusionL1_fusionBN0_drop0p1__wd1e-04trmiss40_trlocglobal,32,0.0001,0.0001,1,32,1,False,0.1,lr1e-04_bs32_modL1_fusion32_fusionL1_fusionBN0_drop0p1__wd1e-04trmiss40_trlocglobal,27,0.45218002796173096,0.6568920016288757,0.625,0.669959539875368,0.5777777777777777,0.0,0.0,0.0,0.0,0.0,0.0,0.0,0.0,0.0,,,,,18473,global,0.4
3,5,lr1e-04_bs32_modL1_fusion32_fusionL1_fusionBN0_drop0p1__wd1e-04trmiss40_trlocglobal,32,0.0001,0.0001,1,32,1,False,0.1,lr1e-04_bs32_modL1_fusion32_fusionL1_fusionBN0_drop0p1__wd1e-04trmiss40_trlocglobal,28,0.4549388885498047,0.6595234572887421,0.621031746031746,0.6594257085416939,0.5777777777777777,0.0,0.0,0.0,0.0,0.0,0.0,0.0,0.0,0.0,,,,,18473,global,0.4
3,5,lr1e-04_bs32_modL1_fusion32_fusionL1_fusionBN0_drop0p1__wd1e-04trmiss40_trlocglobal,32,0.0001,0.0001,1,32,1,False,0.1,lr1e-04_bs32_modL1_fusion32_fusionL1_fusionBN0_drop0p1__wd1e-04trmiss40_trlocglobal,29,0.4403631091117859,0.6618992686271667,0.636904761904762,0.659289701174099,0.6444444444444445,0.0,0.0,0.0,0.0,0.0,0.0,0.0,0.0,0.0,,,,,18473,global,0.4
3,5,lr1e-04_bs32_modL1_fusion32_fusionL1_fusionBN0_drop0p1__wd1e-04trmiss40_trlocglobal,32,0.0001,0.0001,1,32,1,False,0.1,lr1e-04_bs32_modL1_fusion32_fusionL1_fusionBN0_drop0p1__wd1e-04trmiss40_trlocglobal,30,0.43185707926750183,0.6598242521286011,0.6468253968253969,0.6709024701541147,0.6444444444444445,0.0,0.0,0.0,0.0,0.0,0.0,0.0,0.0,0.0,,,,,18473,global,0.4
3,5,lr1e-04_bs32_modL1_fusion32_fusionL1_fusionBN0_drop0p1__wd1e-04trmiss40_trlocglobal,32,0.0001,0.0001,1,32,1,False,0.1,lr1e-04_bs32_modL1_fusion32_fusionL1_fusionBN0_drop0p1__wd1e-04trmiss40_trlocglobal,31,0.43697068095207214,0.6572023630142212,0.6567460317460317,0.6770223712446409,0.6444444444444445,0.0,0.0,0.0,0.0,0.0,0.0,0.0,0.0,0.0,,,,,18473,global,0.4
3,5,lr1e-04_bs32_modL1_fusion32_fusionL1_fusionBN0_drop0p1__wd1e-04trmiss40_trlocglobal,32,0.0001,0.0001,1,32,1,False,0.1,lr1e-04_bs32_modL1_fusion32_fusionL1_fusionBN0_drop0p1__wd1e-04trmiss40_trlocglobal,32,0.4288392464319865,0.6603253781795502,0.6349206349206349,0.6688331826532923,0.6,0.0,0.0,0.0,0.0,0.0,0.0,0.0,0.0,0.0,,,,,18473,global,0.4
3,5,lr1e-04_bs32_modL1_fusion32_fusionL1_fusionBN0_drop0p1__wd1e-04trmiss40_trlocglobal,32,0.0001,0.0001,1,32,1,False,0.1,lr1e-04_bs32_modL1_fusion32_fusionL1_fusionBN0_drop0p1__wd1e-04trmiss40_trlocglobal,33,0.42212645212809247,0.6630102396011353,0.6269841269841271,0.6626767572391438,0.6222222222222222,0.0,0.0,0.0,0.0,0.0,0.0,0.0,0.0,0.0,,,,,18473,global,0.4
3,5,lr1e-04_bs32_modL1_fusion32_fusionL1_fusionBN0_drop0p1__wd1e-04trmiss40_trlocglobal,32,0.0001,0.0001,1,32,1,False,0.1,lr1e-04_bs32_modL1_fusion32_fusionL1_fusionBN0_drop0p1__wd1e-04trmiss40_trlocglobal,34,0.4155428757270177,0.660157322883606,0.6488095238095238,0.6685101880685953,0.6444444444444445,0.0,0.0,0.0,0.0,0.0,0.0,0.0,0.0,0.0,,,,,18473,global,0.4
3,5,lr1e-04_bs32_modL1_fusion32_fusionL1_fusionBN0_drop0p1__wd1e-04trmiss40_trlocglobal,32,0.0001,0.0001,1,32,1,False,0.1,lr1e-04_bs32_modL1_fusion32_fusionL1_fusionBN0_drop0p1__wd1e-04trmiss40_trlocglobal,35,0.4118649164835612,0.6598414778709412,0.6428571428571428,0.6624603034344783,0.6444444444444445,0.0,0.0,0.0,0.0,0.0,0.0,0.0,0.0,0.0,,,,,18473,global,0.4
3,5,lr1e-04_bs32_modL1_fusion32_fusionL1_fusionBN0_drop0p1__wd1e-04trmiss40_trlocglobal,32,0.0001,0.0001,1,32,1,False,0.1,lr1e-04_bs32_modL1_fusion32_fusionL1_fusionBN0_drop0p1__wd1e-04trmiss40_trlocglobal,36,0.39984288811683655,0.6589277684688568,0.634920634920635,0.6592365981024201,0.6666666666666666,0.0,0.0,0.0,0.0,0.0,0.0,0.0,0.0,0.0,,,,,18473,global,0.4
3,5,lr1e-04_bs32_modL1_fusion32_fusionL1_fusionBN0_drop0p1__wd1e-04trmiss40_trlocglobal,32,0.0001,0.0001,1,32,1,False,0.1,lr1e-04_bs32_modL1_fusion32_fusionL1_fusionBN0_drop0p1__wd1e-04trmiss40_trlocglobal,37,0.4051670581102371,0.6571689248085022,0.6468253968253969,0.6655674700231788,0.6666666666666666,0.0,0.0,0.0,0.0,0.0,0.0,0.0,0.0,0.0,,,,,18473,global,0.4
3,5,lr1e-04_bs32_modL1_fusion32_fusionL1_fusionBN0_drop0p1__wd1e-04trmiss40_trlocglobal,32,0.0001,0.0001,1,32,1,False,0.1,lr1e-04_bs32_modL1_fusion32_fusionL1_fusionBN0_drop0p1__wd1e-04trmiss40_trlocglobal,38,0.41009534895420074,0.6595611572265625,0.6488095238095238,0.667368684951109,0.6888888888888889,0.0,0.0,0.0,0.0,0.0,0.0,0.0,0.0,0.0,,,,,18473,global,0.4
3,5,lr1e-04_bs32_modL1_fusion32_fusionL1_fusionBN0_drop0p1__wd1e-04trmiss40_trlocglobal,32,0.0001,0.0001,1,32,1,False,0.1,lr1e-04_bs32_modL1_fusion32_fusionL1_fusionBN0_drop0p1__wd1e-04trmiss40_trlocglobal,39,0.38727136452992755,0.6596171259880066,0.6448412698412699,0.665693527088004,0.6888888888888889,0.0,0.0,0.0,0.0,0.0,0.0,0.0,0.0,0.0,,,,,18473,global,0.4
3,5,lr1e-04_bs32_modL1_fusion32_fusionL1_fusionBN0_drop0p1__wd1e-04trmiss40_trlocglobal,32,0.0001,0.0001,1,32,1,False,0.1,lr1e-04_bs32_modL1_fusion32_fusionL1_fusionBN0_drop0p1__wd1e-04trmiss40_trlocglobal,40,0.38239729901154834,0.6603030860424042,0.6428571428571429,0.6599158217639098,0.6888888888888889,0.0,0.0,0.0,0.0,0.0,0.0,0.0,0.0,0.0,,,,,18473,global,0.4
3,5,lr1e-04_bs32_modL1_fusion32_fusionL1_fusionBN0_drop0p1__wd1e-04trmiss40_trlocglobal,32,0.0001,0.0001,1,32,1,False,0.1,lr1e-04_bs32_modL1_fusion32_fusionL1_fusionBN0_drop0p1__wd1e-04trmiss40_trlocglobal,41,0.38504079977671307,0.6597438156604767,0.6448412698412698,0.6647985923037439,0.6888888888888889,0.0,0.0,0.0,0.0,0.0,0.0,0.0,0.0,0.0,,,,,18473,global,0.4
3,5,lr1e-04_bs32_modL1_fusion32_fusionL1_fusionBN0_drop0p1__wd1e-04trmiss40_trlocglobal,32,0.0001,0.0001,1,32,1,False,0.1,lr1e-04_bs32_modL1_fusion32_fusionL1_fusionBN0_drop0p1__wd1e-04trmiss40_trlocglobal,42,0.3719234714905421,0.6592726707458496,0.6388888888888888,0.663922440075537,0.6888888888888889,0.0,0.0,0.0,0.0,0.0,0.0,0.0,0.0,0.0,,,,,18473,global,0.4
3,5,lr1e-04_bs32_modL1_fusion32_fusionL1_fusionBN0_drop0p1__wd1e-04trmiss40_trlocglobal,32,0.0001,0.0001,1,32,1,False,0.1,lr1e-04_bs32_modL1_fusion32_fusionL1_fusionBN0_drop0p1__wd1e-04trmiss40_trlocglobal,43,0.3719052126010259,0.6585042178630829,0.6488095238095238,0.6695810276630457,0.6888888888888889,0.0,0.0,0.0,0.0,0.0,0.0,0.0,0.0,0.0,,,,,18473,global,0.4
3,5,lr1e-04_bs32_modL1_fusion32_fusionL1_fusionBN0_drop0p1__wd1e-04trmiss40_trlocglobal,32,0.0001,0.0001,1,32,1,False,0.1,lr1e-04_bs32_modL1_fusion32_fusionL1_fusionBN0_drop0p1__wd1e-04trmiss40_trlocglobal,44,0.36628056565920514,0.6591476798057556,0.6448412698412699,0.6634664994348434,0.6888888888888889,0.0,0.0,0.0,0.0,0.0,0.0,0.0,0.0,0.0,,,,,18473,global,0.4
3,5,lr1e-04_bs32_modL1_fusion32_fusionL1_fusionBN0_drop0p1__wd1e-04trmiss40_trlocglobal,32,0.0001,0.0001,1,32,1,False,0.1,lr1e-04_bs32_modL1_fusion32_fusionL1_fusionBN0_drop0p1__wd1e-04trmiss40_trlocglobal,45,0.3520834396282832,0.658979594707489,0.6408730158730158,0.6640441509499949,0.6888888888888889,0.0,0.0,0.0,0.0,0.0,0.0,0.0,0.0,0.0,,,,,18473,global,0.4
3,5,lr1e-04_bs32_modL1_fusion32_fusionL1_fusionBN0_drop0p1__wd1e-04trmiss40_trlocglobal,32,0.0001,0.0001,1,32,1,False,0.1,lr1e-04_bs32_modL1_fusion32_fusionL1_fusionBN0_drop0p1__wd1e-04trmiss40_trlocglobal,46,0.363675778110822,0.6610930562019348,0.634920634920635,0.6622698781656857,0.6888888888888889,0.0,0.0,0.0,0.0,0.0,0.0,0.0,0.0,0.0,,,,,18473,global,0.4
3,5,lr1e-04_bs32_modL1_fusion32_fusionL1_fusionBN0_drop0p1__wd1e-04trmiss40_trlocglobal,32,0.0001,0.0001,1,32,1,False,0.1,lr1e-04_bs32_modL1_fusion32_fusionL1_fusionBN0_drop0p1__wd1e-04trmiss40_trlocglobal,47,0.351116344332695,0.6630237698554993,0.6349206349206349,0.6647036121525323,0.6444444444444445,0.0,0.0,0.0,0.0,0.0,0.0,0.0,0.0,0.0,,,,,18473,global,0.4
3,5,lr1e-04_bs32_modL1_fusion32_fusionL1_fusionBN0_drop0p1__wd1e-04trmiss40_trlocglobal,32,0.0001,0.0001,1,32,1,False,0.1,lr1e-04_bs32_modL1_fusion32_fusionL1_fusionBN0_drop0p1__wd1e-04trmiss40_trlocglobal,48,0.358288233478864,0.6636314392089844,0.628968253968254,0.655217394433597,0.6444444444444445,0.0,0.0,0.0,0.0,0.0,0.0,0.0,0.0,0.0,,,,,18473,global,0.4
3,5,lr1e-04_bs32_modL1_fusion32_fusionL1_fusionBN0_drop0p1__wd1e-04trmiss40_trlocglobal,32,0.0001,0.0001,1,32,1,False,0.1,lr1e-04_bs32_modL1_fusion32_fusionL1_fusionBN0_drop0p1__wd1e-04trmiss40_trlocglobal,49,0.3462545971075694,0.6624171435832977,0.638888888888889,0.6583651926645158,0.6666666666666666,0.0,0.0,0.0,0.0,0.0,0.0,0.0,0.0,0.0,,,,,18473,global,0.4
3,5,lr1e-04_bs32_modL1_fusion32_fusionL1_fusionBN0_drop0p1__wd1e-04trmiss40_trlocglobal,32,0.0001,0.0001,1,32,1,False,0.1,lr1e-04_bs32_modL1_fusion32_fusionL1_fusionBN0_drop0p1__wd1e-04trmiss40_trlocglobal,50,0.3547396659851074,0.6610662937164307,0.6408730158730159,0.6629480452430989,0.6666666666666666,0.0,0.0,0.0,0.0,0.0,0.0,0.0,0.0,0.0,,,,,18473,global,0.4
3,5,lr1e-04_bs32_modL1_fusion32_fusionL1_fusionBN0_drop0p1__wd1e-04trmiss40_trlocglobal,32,0.0001,0.0001,1,32,1,False,0.1,lr1e-04_bs32_modL1_fusion32_fusionL1_fusionBN0_drop0p1__wd1e-04trmiss40_trlocglobal,51,0.3480083644390106,0.6634900867938995,0.636904761904762,0.6571939423198784,0.6666666666666666,0.0,0.0,0.0,0.0,0.0,0.0,0.0,0.0,0.0,,,,,18473,global,0.4
3,5,lr5e-05_bs32_modL1_fusion16_fusionL1_fusionBN0_drop0p2__wd1e-04trmiss40_trlocglobal,32,5e-05,0.0001,1,16,1,False,0.2,lr5e-05_bs32_modL1_fusion16_fusionL1_fusionBN0_drop0p2__wd1e-04trmiss40_trlocglobal,1,0.7084246774514517,0.7070576846599579,0.47023809523809523,0.491797199882632,0.4666666666666667,0.0,0.0,0.0,0.0,0.0,0.0,0.0,0.0,0.0,,,,,18473,global,0.4
3,5,lr5e-05_bs32_modL1_fusion16_fusionL1_fusionBN0_drop0p2__wd1e-04trmiss40_trlocglobal,32,5e-05,0.0001,1,16,1,False,0.2,lr5e-05_bs32_modL1_fusion16_fusionL1_fusionBN0_drop0p2__wd1e-04trmiss40_trlocglobal,2,0.6911274294058481,0.7074099481105804,0.4781746031746032,0.5021503488901329,0.4666666666666667,0.0,0.0,0.0,0.0,0.0,0.0,0.0,0.0,0.0,,,,,18473,global,0.4
3,5,lr5e-05_bs32_modL1_fusion16_fusionL1_fusionBN0_drop0p2__wd1e-04trmiss40_trlocglobal,32,5e-05,0.0001,1,16,1,False,0.2,lr5e-05_bs32_modL1_fusion16_fusionL1_fusionBN0_drop0p2__wd1e-04trmiss40_trlocglobal,3,0.6940203408400217,0.7070395350456238,0.47619047619047616,0.5159029462463632,0.4666666666666667,0.0,0.0,0.0,0.0,0.0,0.0,0.0,0.0,0.0,,,,,18473,global,0.4
3,5,lr5e-05_bs32_modL1_fusion16_fusionL1_fusionBN0_drop0p2__wd1e-04trmiss40_trlocglobal,32,5e-05,0.0001,1,16,1,False,0.2,lr5e-05_bs32_modL1_fusion16_fusionL1_fusionBN0_drop0p2__wd1e-04trmiss40_trlocglobal,4,0.6817797521750132,0.7049520015716553,0.4761904761904762,0.5262067913131703,0.4666666666666667,0.0,0.0,0.0,0.0,0.0,0.0,0.0,0.0,0.0,,,,,18473,global,0.4
3,5,lr5e-05_bs32_modL1_fusion16_fusionL1_fusionBN0_drop0p2__wd1e-04trmiss40_trlocglobal,32,5e-05,0.0001,1,16,1,False,0.2,lr5e-05_bs32_modL1_fusion16_fusionL1_fusionBN0_drop0p2__wd1e-04trmiss40_trlocglobal,5,0.6746229529380798,0.7023568153381348,0.5,0.5564891369726697,0.4666666666666667,0.0,0.0,0.0,0.0,0.0,0.0,0.0,0.0,0.0,,,,,18473,global,0.4
3,5,lr5e-05_bs32_modL1_fusion16_fusionL1_fusionBN0_drop0p2__wd1e-04trmiss40_trlocglobal,32,5e-05,0.0001,1,16,1,False,0.2,lr5e-05_bs32_modL1_fusion16_fusionL1_fusionBN0_drop0p2__wd1e-04trmiss40_trlocglobal,6,0.6718680361906687,0.7005372643470764,0.501984126984127,0.5740224452174071,0.4666666666666667,0.0,0.0,0.0,0.0,0.0,0.0,0.0,0.0,0.0,,,,,18473,global,0.4
3,5,lr5e-05_bs32_modL1_fusion16_fusionL1_fusionBN0_drop0p2__wd1e-04trmiss40_trlocglobal,32,5e-05,0.0001,1,16,1,False,0.2,lr5e-05_bs32_modL1_fusion16_fusionL1_fusionBN0_drop0p2__wd1e-04trmiss40_trlocglobal,7,0.6603789428869883,0.6992083191871643,0.5178571428571429,0.5867967523688175,0.4666666666666667,0.0,0.0,0.0,0.0,0.0,0.0,0.0,0.0,0.0,,,,,18473,global,0.4
3,5,lr5e-05_bs32_modL1_fusion16_fusionL1_fusionBN0_drop0p2__wd1e-04trmiss40_trlocglobal,32,5e-05,0.0001,1,16,1,False,0.2,lr5e-05_bs32_modL1_fusion16_fusionL1_fusionBN0_drop0p2__wd1e-04trmiss40_trlocglobal,8,0.6520682473977407,0.6960461437702179,0.5277777777777778,0.6056993783973464,0.4888888888888889,0.0,0.0,0.0,0.0,0.0,0.0,0.0,0.0,0.0,,,,,18473,global,0.4
3,5,lr5e-05_bs32_modL1_fusion16_fusionL1_fusionBN0_drop0p2__wd1e-04trmiss40_trlocglobal,32,5e-05,0.0001,1,16,1,False,0.2,lr5e-05_bs32_modL1_fusion16_fusionL1_fusionBN0_drop0p2__wd1e-04trmiss40_trlocglobal,9,0.6471022168795267,0.6950301826000214,0.5357142857142857,0.611082742168868,0.5111111111111111,0.0,0.0,0.0,0.0,0.0,0.0,0.0,0.0,0.0,,,,,18473,global,0.4
3,5,lr5e-05_bs32_modL1_fusion16_fusionL1_fusionBN0_drop0p2__wd1e-04trmiss40_trlocglobal,32,5e-05,0.0001,1,16,1,False,0.2,lr5e-05_bs32_modL1_fusion16_fusionL1_fusionBN0_drop0p2__wd1e-04trmiss40_trlocglobal,10,0.6459610561529795,0.694152295589447,0.5337301587301588,0.6114455343092661,0.5111111111111111,0.0,0.0,0.0,0.0,0.0,0.0,0.0,0.0,0.0,,,,,18473,global,0.4
3,5,lr5e-05_bs32_modL1_fusion16_fusionL1_fusionBN0_drop0p2__wd1e-04trmiss40_trlocglobal,32,5e-05,0.0001,1,16,1,False,0.2,lr5e-05_bs32_modL1_fusion16_fusionL1_fusionBN0_drop0p2__wd1e-04trmiss40_trlocglobal,11,0.6376958886782328,0.6927726864814758,0.5357142857142857,0.6093895634606032,0.5111111111111111,0.0,0.0,0.0,0.0,0.0,0.0,0.0,0.0,0.0,,,,,18473,global,0.4
3,5,lr5e-05_bs32_modL1_fusion16_fusionL1_fusionBN0_drop0p2__wd1e-04trmiss40_trlocglobal,32,5e-05,0.0001,1,16,1,False,0.2,lr5e-05_bs32_modL1_fusion16_fusionL1_fusionBN0_drop0p2__wd1e-04trmiss40_trlocglobal,12,0.6340920229752859,0.691393256187439,0.5337301587301587,0.6166655228000553,0.5111111111111111,0.0,0.0,0.0,0.0,0.0,0.0,0.0,0.0,0.0,,,,,18473,global,0.4
3,5,lr5e-05_bs32_modL1_fusion16_fusionL1_fusionBN0_drop0p2__wd1e-04trmiss40_trlocglobal,32,5e-05,0.0001,1,16,1,False,0.2,lr5e-05_bs32_modL1_fusion16_fusionL1_fusionBN0_drop0p2__wd1e-04trmiss40_trlocglobal,13,0.6293775538603464,0.6911780536174774,0.5317460317460317,0.6065915646804315,0.5111111111111111,0.0,0.0,0.0,0.0,0.0,0.0,0.0,0.0,0.0,,,,,18473,global,0.4
3,5,lr5e-05_bs32_modL1_fusion16_fusionL1_fusionBN0_drop0p2__wd1e-04trmiss40_trlocglobal,32,5e-05,0.0001,1,16,1,False,0.2,lr5e-05_bs32_modL1_fusion16_fusionL1_fusionBN0_drop0p2__wd1e-04trmiss40_trlocglobal,14,0.6292080283164978,0.6908407807350159,0.5337301587301587,0.611952868528109,0.5111111111111111,0.0,0.0,0.0,0.0,0.0,0.0,0.0,0.0,0.0,,,,,18473,global,0.4
3,5,lr5e-05_bs32_modL1_fusion16_fusionL1_fusionBN0_drop0p2__wd1e-04trmiss40_trlocglobal,32,5e-05,0.0001,1,16,1,False,0.2,lr5e-05_bs32_modL1_fusion16_fusionL1_fusionBN0_drop0p2__wd1e-04trmiss40_trlocglobal,15,0.6235276957352957,0.6906329095363617,0.5257936507936508,0.6097454683362635,0.5111111111111111,0.0,0.0,0.0,0.0,0.0,0.0,0.0,0.0,0.0,,,,,18473,global,0.4
3,5,lr5e-05_bs32_modL1_fusion16_fusionL1_fusionBN0_drop0p2__wd1e-04trmiss40_trlocglobal,32,5e-05,0.0001,1,16,1,False,0.2,lr5e-05_bs32_modL1_fusion16_fusionL1_fusionBN0_drop0p2__wd1e-04trmiss40_trlocglobal,16,0.6163603166739146,0.6905108988285065,0.5297619047619048,0.6063127678332838,0.5111111111111111,0.0,0.0,0.0,0.0,0.0,0.0,0.0,0.0,0.0,,,,,18473,global,0.4
3,5,lr5e-05_bs32_modL1_fusion16_fusionL1_fusionBN0_drop0p2__wd1e-04trmiss40_trlocglobal,32,5e-05,0.0001,1,16,1,False,0.2,lr5e-05_bs32_modL1_fusion16_fusionL1_fusionBN0_drop0p2__wd1e-04trmiss40_trlocglobal,17,0.617968330780665,0.6897936165332794,0.5396825396825398,0.6134249599890156,0.5111111111111111,0.0,0.0,0.0,0.0,0.0,0.0,0.0,0.0,0.0,,,,,18473,global,0.4
3,5,lr5e-05_bs32_modL1_fusion16_fusionL1_fusionBN0_drop0p2__wd1e-04trmiss40_trlocglobal,32,5e-05,0.0001,1,16,1,False,0.2,lr5e-05_bs32_modL1_fusion16_fusionL1_fusionBN0_drop0p2__wd1e-04trmiss40_trlocglobal,18,0.6119171977043152,0.6885695457458496,0.5555555555555556,0.6227573420126247,0.5111111111111111,0.0,0.0,0.0,0.0,0.0,0.0,0.0,0.0,0.0,,,,,18473,global,0.4
3,5,lr5e-05_bs32_modL1_fusion16_fusionL1_fusionBN0_drop0p2__wd1e-04trmiss40_trlocglobal,32,5e-05,0.0001,1,16,1,False,0.2,lr5e-05_bs32_modL1_fusion16_fusionL1_fusionBN0_drop0p2__wd1e-04trmiss40_trlocglobal,19,0.6118438343207041,0.688258707523346,0.5535714285714286,0.623044359510088,0.5111111111111111,0.0,0.0,0.0,0.0,0.0,0.0,0.0,0.0,0.0,,,,,18473,global,0.4
3,5,lr5e-05_bs32_modL1_fusion16_fusionL1_fusionBN0_drop0p2__wd1e-04trmiss40_trlocglobal,32,5e-05,0.0001,1,16,1,False,0.2,lr5e-05_bs32_modL1_fusion16_fusionL1_fusionBN0_drop0p2__wd1e-04trmiss40_trlocglobal,20,0.6147541701793671,0.6885316073894501,0.5555555555555556,0.6260908186489583,0.5111111111111111,0.0,0.0,0.0,0.0,0.0,0.0,0.0,0.0,0.0,,,,,18473,global,0.4
3,5,lr5e-05_bs32_modL1_fusion16_fusionL1_fusionBN0_drop0p2__wd1e-04trmiss40_trlocglobal,32,5e-05,0.0001,1,16,1,False,0.2,lr5e-05_bs32_modL1_fusion16_fusionL1_fusionBN0_drop0p2__wd1e-04trmiss40_trlocglobal,21,0.6098019480705261,0.6877413392066956,0.5654761904761905,0.6306645636034505,0.5111111111111111,0.0,0.0,0.0,0.0,0.0,0.0,0.0,0.0,0.0,,,,,18473,global,0.4
3,5,lr5e-05_bs32_modL1_fusion16_fusionL1_fusionBN0_drop0p2__wd1e-04trmiss40_trlocglobal,32,5e-05,0.0001,1,16,1,False,0.2,lr5e-05_bs32_modL1_fusion16_fusionL1_fusionBN0_drop0p2__wd1e-04trmiss40_trlocglobal,22,0.6029695272445679,0.6872610151767731,0.5456349206349206,0.6196740337400102,0.5111111111111111,0.0,0.0,0.0,0.0,0.0,0.0,0.0,0.0,0.0,,,,,18473,global,0.4
3,5,lr5e-05_bs32_modL1_fusion16_fusionL1_fusionBN0_drop0p2__wd1e-04trmiss40_trlocglobal,32,5e-05,0.0001,1,16,1,False,0.2,lr5e-05_bs32_modL1_fusion16_fusionL1_fusionBN0_drop0p2__wd1e-04trmiss40_trlocglobal,23,0.6040498316287994,0.6881925761699677,0.5436507936507937,0.6189936867877698,0.5111111111111111,0.0,0.0,0.0,0.0,0.0,0.0,0.0,0.0,0.0,,,,,18473,global,0.4
3,5,lr5e-05_bs32_modL1_fusion16_fusionL1_fusionBN0_drop0p2__wd1e-04trmiss40_trlocglobal,32,5e-05,0.0001,1,16,1,False,0.2,lr5e-05_bs32_modL1_fusion16_fusionL1_fusionBN0_drop0p2__wd1e-04trmiss40_trlocglobal,24,0.603328545888265,0.6879768967628479,0.5396825396825397,0.6153609051071828,0.5111111111111111,0.0,0.0,0.0,0.0,0.0,0.0,0.0,0.0,0.0,,,,,18473,global,0.4
3,5,lr5e-05_bs32_modL1_fusion16_fusionL1_fusionBN0_drop0p2__wd1e-04trmiss40_trlocglobal,32,5e-05,0.0001,1,16,1,False,0.2,lr5e-05_bs32_modL1_fusion16_fusionL1_fusionBN0_drop0p2__wd1e-04trmiss40_trlocglobal,25,0.5894474883874258,0.6877665221691132,0.5396825396825398,0.618815941215251,0.5111111111111111,0.0,0.0,0.0,0.0,0.0,0.0,0.0,0.0,0.0,,,,,18473,global,0.4
3,5,lr5e-05_bs32_modL1_fusion16_fusionL1_fusionBN0_drop0p2__wd1e-04trmiss40_trlocglobal,32,5e-05,0.0001,1,16,1,False,0.2,lr5e-05_bs32_modL1_fusion16_fusionL1_fusionBN0_drop0p2__wd1e-04trmiss40_trlocglobal,26,0.5888838668664297,0.6866983473300934,0.5496031746031746,0.6322247998313116,0.5111111111111111,0.0,0.0,0.0,0.0,0.0,0.0,0.0,0.0,0.0,,,,,18473,global,0.4
3,5,lr5e-05_bs32_modL1_fusion16_fusionL1_fusionBN0_drop0p2__wd1e-04trmiss40_trlocglobal,32,5e-05,0.0001,1,16,1,False,0.2,lr5e-05_bs32_modL1_fusion16_fusionL1_fusionBN0_drop0p2__wd1e-04trmiss40_trlocglobal,27,0.590416669845581,0.6862717866897583,0.5436507936507937,0.6218570337248441,0.5111111111111111,0.0,0.0,0.0,0.0,0.0,0.0,0.0,0.0,0.0,,,,,18473,global,0.4
3,5,lr5e-05_bs32_modL1_fusion16_fusionL1_fusionBN0_drop0p2__wd1e-04trmiss40_trlocglobal,32,5e-05,0.0001,1,16,1,False,0.2,lr5e-05_bs32_modL1_fusion16_fusionL1_fusionBN0_drop0p2__wd1e-04trmiss40_trlocglobal,28,0.5999329090118408,0.6868197321891785,0.5396825396825397,0.6189506597437685,0.5111111111111111,0.0,0.0,0.0,0.0,0.0,0.0,0.0,0.0,0.0,,,,,18473,global,0.4
3,5,lr5e-05_bs32_modL1_fusion16_fusionL1_fusionBN0_drop0p2__wd1e-04trmiss40_trlocglobal,32,5e-05,0.0001,1,16,1,False,0.2,lr5e-05_bs32_modL1_fusion16_fusionL1_fusionBN0_drop0p2__wd1e-04trmiss40_trlocglobal,29,0.5904092689355215,0.6868178844451904,0.5357142857142858,0.6041172807399932,0.5111111111111111,0.0,0.0,0.0,0.0,0.0,0.0,0.0,0.0,0.0,,,,,18473,global,0.4
3,5,lr5e-05_bs32_modL1_fusion16_fusionL1_fusionBN0_drop0p2__wd1e-04trmiss40_trlocglobal,32,5e-05,0.0001,1,16,1,False,0.2,lr5e-05_bs32_modL1_fusion16_fusionL1_fusionBN0_drop0p2__wd1e-04trmiss40_trlocglobal,30,0.5849002500375112,0.6869804263114929,0.5337301587301587,0.6036245217027472,0.5111111111111111,0.0,0.0,0.0,0.0,0.0,0.0,0.0,0.0,0.0,,,,,18473,global,0.4
3,5,lr5e-05_bs32_modL1_fusion16_fusionL1_fusionBN0_drop0p2__wd1e-04trmiss40_trlocglobal,32,5e-05,0.0001,1,16,1,False,0.2,lr5e-05_bs32_modL1_fusion16_fusionL1_fusionBN0_drop0p2__wd1e-04trmiss40_trlocglobal,31,0.5830829540888468,0.6857584118843079,0.5436507936507937,0.614579107240666,0.5111111111111111,0.0,0.0,0.0,0.0,0.0,0.0,0.0,0.0,0.0,,,,,18473,global,0.4
3,5,lr5e-05_bs32_modL1_fusion16_fusionL1_fusionBN0_drop0p2__wd1e-04trmiss40_trlocglobal,32,5e-05,0.0001,1,16,1,False,0.2,lr5e-05_bs32_modL1_fusion16_fusionL1_fusionBN0_drop0p2__wd1e-04trmiss40_trlocglobal,32,0.5790547033150991,0.684839516878128,0.5575396825396826,0.634874630689547,0.5333333333333333,0.0,0.0,0.0,0.0,0.0,0.0,0.0,0.0,0.0,,,,,18473,global,0.4
3,5,lr5e-05_bs32_modL1_fusion16_fusionL1_fusionBN0_drop0p2__wd1e-04trmiss40_trlocglobal,32,5e-05,0.0001,1,16,1,False,0.2,lr5e-05_bs32_modL1_fusion16_fusionL1_fusionBN0_drop0p2__wd1e-04trmiss40_trlocglobal,33,0.5770061810811361,0.6837894022464752,0.5456349206349207,0.6247477105082789,0.5111111111111111,0.0,0.0,0.0,0.0,0.0,0.0,0.0,0.0,0.0,,,,,18473,global,0.4
3,5,lr5e-05_bs32_modL1_fusion16_fusionL1_fusionBN0_drop0p2__wd1e-04trmiss40_trlocglobal,32,5e-05,0.0001,1,16,1,False,0.2,lr5e-05_bs32_modL1_fusion16_fusionL1_fusionBN0_drop0p2__wd1e-04trmiss40_trlocglobal,34,0.5749704937140147,0.6835622787475586,0.5396825396825397,0.6107813309265744,0.4888888888888889,0.0,0.0,0.0,0.0,0.0,0.0,0.0,0.0,0.0,,,,,18473,global,0.4
3,5,lr5e-05_bs32_modL1_fusion16_fusionL1_fusionBN0_drop0p2__wd1e-04trmiss40_trlocglobal,32,5e-05,0.0001,1,16,1,False,0.2,lr5e-05_bs32_modL1_fusion16_fusionL1_fusionBN0_drop0p2__wd1e-04trmiss40_trlocglobal,35,0.5809862414995829,0.6821025311946869,0.5436507936507936,0.6266340685327162,0.5111111111111111,0.0,0.0,0.0,0.0,0.0,0.0,0.0,0.0,0.0,,,,,18473,global,0.4
3,5,lr5e-05_bs32_modL1_fusion16_fusionL1_fusionBN0_drop0p2__wd1e-04trmiss40_trlocglobal,32,5e-05,0.0001,1,16,1,False,0.2,lr5e-05_bs32_modL1_fusion16_fusionL1_fusionBN0_drop0p2__wd1e-04trmiss40_trlocglobal,36,0.5826940834522247,0.6809848248958588,0.5515873015873016,0.6398123500352648,0.5333333333333333,0.0,0.0,0.0,0.0,0.0,0.0,0.0,0.0,0.0,,,,,18473,global,0.4
3,5,lr5e-05_bs32_modL1_fusion16_fusionL1_fusionBN0_drop0p2__wd1e-04trmiss40_trlocglobal,32,5e-05,0.0001,1,16,1,False,0.2,lr5e-05_bs32_modL1_fusion16_fusionL1_fusionBN0_drop0p2__wd1e-04trmiss40_trlocglobal,37,0.5729894042015076,0.6823405623435974,0.5436507936507937,0.6229969129612072,0.5111111111111111,0.0,0.0,0.0,0.0,0.0,0.0,0.0,0.0,0.0,,,,,18473,global,0.4
3,5,lr5e-05_bs32_modL1_fusion16_fusionL1_fusionBN0_drop0p2__wd1e-04trmiss40_trlocglobal,32,5e-05,0.0001,1,16,1,False,0.2,lr5e-05_bs32_modL1_fusion16_fusionL1_fusionBN0_drop0p2__wd1e-04trmiss40_trlocglobal,38,0.5844550033410391,0.6823257803916931,0.5416666666666667,0.6234590515500988,0.5333333333333333,0.0,0.0,0.0,0.0,0.0,0.0,0.0,0.0,0.0,,,,,18473,global,0.4
3,5,lr5e-05_bs32_modL1_fusion16_fusionL1_fusionBN0_drop0p2__wd1e-04trmiss40_trlocglobal,32,5e-05,0.0001,1,16,1,False,0.2,lr5e-05_bs32_modL1_fusion16_fusionL1_fusionBN0_drop0p2__wd1e-04trmiss40_trlocglobal,39,0.5619565645853678,0.6820406913757324,0.5396825396825397,0.6225199594006738,0.5333333333333333,0.0,0.0,0.0,0.0,0.0,0.0,0.0,0.0,0.0,,,,,18473,global,0.4
3,5,lr5e-05_bs32_modL1_fusion16_fusionL1_fusionBN0_drop0p2__wd1e-04trmiss40_trlocglobal,32,5e-05,0.0001,1,16,1,False,0.2,lr5e-05_bs32_modL1_fusion16_fusionL1_fusionBN0_drop0p2__wd1e-04trmiss40_trlocglobal,40,0.558836450179418,0.6810261309146881,0.5476190476190477,0.6271284884943706,0.5111111111111111,0.0,0.0,0.0,0.0,0.0,0.0,0.0,0.0,0.0,,,,,18473,global,0.4
3,5,lr5e-05_bs32_modL1_fusion16_fusionL1_fusionBN0_drop0p2__wd1e-04trmiss40_trlocglobal,32,5e-05,0.0001,1,16,1,False,0.2,lr5e-05_bs32_modL1_fusion16_fusionL1_fusionBN0_drop0p2__wd1e-04trmiss40_trlocglobal,41,0.5672954221566519,0.6816204786300659,0.5496031746031745,0.6329510396294217,0.5111111111111111,0.0,0.0,0.0,0.0,0.0,0.0,0.0,0.0,0.0,,,,,18473,global,0.4
3,5,lr5e-05_bs32_modL1_fusion16_fusionL1_fusionBN0_drop0p1__wd1e-04trmiss40_trlocglobal,32,5e-05,0.0001,1,16,1,False,0.1,lr5e-05_bs32_modL1_fusion16_fusionL1_fusionBN0_drop0p1__wd1e-04trmiss40_trlocglobal,1,0.7001181344191233,0.7047834992408752,0.37896825396825395,0.47098557837257315,0.37777777777777777,0.0,0.0,0.0,0.0,0.0,0.0,0.0,0.0,0.0,,,,,18473,global,0.4
3,5,lr5e-05_bs32_modL1_fusion16_fusionL1_fusionBN0_drop0p1__wd1e-04trmiss40_trlocglobal,32,5e-05,0.0001,1,16,1,False,0.1,lr5e-05_bs32_modL1_fusion16_fusionL1_fusionBN0_drop0p1__wd1e-04trmiss40_trlocglobal,2,0.6787799696127573,0.7056585252285004,0.36904761904761907,0.4647557950368165,0.37777777777777777,0.0,0.0,0.0,0.0,0.0,0.0,0.0,0.0,0.0,,,,,18473,global,0.4
3,5,lr5e-05_bs32_modL1_fusion16_fusionL1_fusionBN0_drop0p1__wd1e-04trmiss40_trlocglobal,32,5e-05,0.0001,1,16,1,False,0.1,lr5e-05_bs32_modL1_fusion16_fusionL1_fusionBN0_drop0p1__wd1e-04trmiss40_trlocglobal,3,0.6674681206544241,0.7053671479225159,0.37896825396825395,0.47562864347934786,0.4,0.0,0.0,0.0,0.0,0.0,0.0,0.0,0.0,0.0,,,,,18473,global,0.4
3,5,lr5e-05_bs32_modL1_fusion16_fusionL1_fusionBN0_drop0p1__wd1e-04trmiss40_trlocglobal,32,5e-05,0.0001,1,16,1,False,0.1,lr5e-05_bs32_modL1_fusion16_fusionL1_fusionBN0_drop0p1__wd1e-04trmiss40_trlocglobal,4,0.6629147132237753,0.7042616903781891,0.38888888888888895,0.4805836907527639,0.4444444444444444,0.0,0.0,0.0,0.0,0.0,0.0,0.0,0.0,0.0,,,,,18473,global,0.4
3,5,lr5e-05_bs32_modL1_fusion16_fusionL1_fusionBN0_drop0p1__wd1e-04trmiss40_trlocglobal,32,5e-05,0.0001,1,16,1,False,0.1,lr5e-05_bs32_modL1_fusion16_fusionL1_fusionBN0_drop0p1__wd1e-04trmiss40_trlocglobal,5,0.6536799768606821,0.7025424540042877,0.4087301587301587,0.4897015356243297,0.4444444444444444,0.0,0.0,0.0,0.0,0.0,0.0,0.0,0.0,0.0,,,,,18473,global,0.4
3,5,lr5e-05_bs32_modL1_fusion16_fusionL1_fusionBN0_drop0p1__wd1e-04trmiss40_trlocglobal,32,5e-05,0.0001,1,16,1,False,0.1,lr5e-05_bs32_modL1_fusion16_fusionL1_fusionBN0_drop0p1__wd1e-04trmiss40_trlocglobal,6,0.6439390381177267,0.702170729637146,0.4107142857142857,0.4919553683177124,0.4444444444444444,0.0,0.0,0.0,0.0,0.0,0.0,0.0,0.0,0.0,,,,,18473,global,0.4
3,5,lr5e-05_bs32_modL1_fusion16_fusionL1_fusionBN0_drop0p1__wd1e-04trmiss40_trlocglobal,32,5e-05,0.0001,1,16,1,False,0.1,lr5e-05_bs32_modL1_fusion16_fusionL1_fusionBN0_drop0p1__wd1e-04trmiss40_trlocglobal,7,0.6451098918914795,0.701523631811142,0.4087301587301587,0.49751970701435594,0.4888888888888889,0.0,0.0,0.0,0.0,0.0,0.0,0.0,0.0,0.0,,,,,18473,global,0.4
3,5,lr5e-05_bs32_modL1_fusion16_fusionL1_fusionBN0_drop0p1__wd1e-04trmiss40_trlocglobal,32,5e-05,0.0001,1,16,1,False,0.1,lr5e-05_bs32_modL1_fusion16_fusionL1_fusionBN0_drop0p1__wd1e-04trmiss40_trlocglobal,8,0.6334924499193827,0.6999319195747375,0.41468253968253965,0.49927537184067294,0.4888888888888889,0.0,0.0,0.0,0.0,0.0,0.0,0.0,0.0,0.0,,,,,18473,global,0.4
3,5,lr5e-05_bs32_modL1_fusion16_fusionL1_fusionBN0_drop0p1__wd1e-04trmiss40_trlocglobal,32,5e-05,0.0001,1,16,1,False,0.1,lr5e-05_bs32_modL1_fusion16_fusionL1_fusionBN0_drop0p1__wd1e-04trmiss40_trlocglobal,9,0.6378260254859924,0.6991593837738037,0.4087301587301587,0.4943480899697673,0.4666666666666667,0.0,0.0,0.0,0.0,0.0,0.0,0.0,0.0,0.0,,,,,18473,global,0.4
3,5,lr5e-05_bs32_modL1_fusion16_fusionL1_fusionBN0_drop0p1__wd1e-04trmiss40_trlocglobal,32,5e-05,0.0001,1,16,1,False,0.1,lr5e-05_bs32_modL1_fusion16_fusionL1_fusionBN0_drop0p1__wd1e-04trmiss40_trlocglobal,10,0.6290364960829417,0.6997872889041901,0.41071428571428575,0.5146418764009774,0.4444444444444444,0.0,0.0,0.0,0.0,0.0,0.0,0.0,0.0,0.0,,,,,18473,global,0.4
3,5,lr5e-05_bs32_modL1_fusion16_fusionL1_fusionBN0_drop0p1__wd1e-04trmiss40_trlocglobal,32,5e-05,0.0001,1,16,1,False,0.1,lr5e-05_bs32_modL1_fusion16_fusionL1_fusionBN0_drop0p1__wd1e-04trmiss40_trlocglobal,11,0.6201130052407583,0.6999552845954895,0.42261904761904767,0.4984249510627574,0.5111111111111111,0.0,0.0,0.0,0.0,0.0,0.0,0.0,0.0,0.0,,,,,18473,global,0.4
3,5,lr5e-05_bs32_modL1_fusion16_fusionL1_fusionBN0_drop0p1__wd1e-04trmiss40_trlocglobal,32,5e-05,0.0001,1,16,1,False,0.1,lr5e-05_bs32_modL1_fusion16_fusionL1_fusionBN0_drop0p1__wd1e-04trmiss40_trlocglobal,12,0.6190189917882284,0.6991634964942932,0.42261904761904767,0.5206042860087436,0.4888888888888889,0.0,0.0,0.0,0.0,0.0,0.0,0.0,0.0,0.0,,,,,18473,global,0.4
3,5,lr5e-05_bs32_modL1_fusion16_fusionL1_fusionBN0_drop0p1__wd1e-04trmiss40_trlocglobal,32,5e-05,0.0001,1,16,1,False,0.1,lr5e-05_bs32_modL1_fusion16_fusionL1_fusionBN0_drop0p1__wd1e-04trmiss40_trlocglobal,13,0.6194585959116617,0.6980617940425873,0.4226190476190476,0.5206449520020305,0.5111111111111111,0.0,0.0,0.0,0.0,0.0,0.0,0.0,0.0,0.0,,,,,18473,global,0.4
3,5,lr5e-05_bs32_modL1_fusion16_fusionL1_fusionBN0_drop0p1__wd1e-04trmiss40_trlocglobal,32,5e-05,0.0001,1,16,1,False,0.1,lr5e-05_bs32_modL1_fusion16_fusionL1_fusionBN0_drop0p1__wd1e-04trmiss40_trlocglobal,14,0.6107005675633749,0.6964063346385956,0.43849206349206354,0.5287269992966043,0.5111111111111111,0.0,0.0,0.0,0.0,0.0,0.0,0.0,0.0,0.0,,,,,18473,global,0.4
3,5,lr5e-05_bs32_modL1_fusion16_fusionL1_fusionBN0_drop0p1__wd1e-04trmiss40_trlocglobal,32,5e-05,0.0001,1,16,1,False,0.1,lr5e-05_bs32_modL1_fusion16_fusionL1_fusionBN0_drop0p1__wd1e-04trmiss40_trlocglobal,15,0.6097029546896616,0.6948169767856598,0.45039682539682535,0.5351046158501361,0.5333333333333333,0.0,0.0,0.0,0.0,0.0,0.0,0.0,0.0,0.0,,,,,18473,global,0.4
3,5,lr5e-05_bs32_modL1_fusion16_fusionL1_fusionBN0_drop0p1__wd1e-04trmiss40_trlocglobal,32,5e-05,0.0001,1,16,1,False,0.1,lr5e-05_bs32_modL1_fusion16_fusionL1_fusionBN0_drop0p1__wd1e-04trmiss40_trlocglobal,16,0.6070339580376943,0.692950963973999,0.45436507936507936,0.5383486521243581,0.4888888888888889,0.0,0.0,0.0,0.0,0.0,0.0,0.0,0.0,0.0,,,,,18473,global,0.4
3,5,lr5e-05_bs32_modL1_fusion16_fusionL1_fusionBN0_drop0p1__wd1e-04trmiss40_trlocglobal,32,5e-05,0.0001,1,16,1,False,0.1,lr5e-05_bs32_modL1_fusion16_fusionL1_fusionBN0_drop0p1__wd1e-04trmiss40_trlocglobal,17,0.6011197865009308,0.692636102437973,0.4523809523809524,0.5376137036559168,0.4888888888888889,0.0,0.0,0.0,0.0,0.0,0.0,0.0,0.0,0.0,,,,,18473,global,0.4
3,5,lr5e-05_bs32_modL1_fusion16_fusionL1_fusionBN0_drop0p1__wd1e-04trmiss40_trlocglobal,32,5e-05,0.0001,1,16,1,False,0.1,lr5e-05_bs32_modL1_fusion16_fusionL1_fusionBN0_drop0p1__wd1e-04trmiss40_trlocglobal,18,0.5968696375687917,0.6921767592430115,0.45238095238095244,0.5379228815966737,0.4888888888888889,0.0,0.0,0.0,0.0,0.0,0.0,0.0,0.0,0.0,,,,,18473,global,0.4
3,5,lr5e-05_bs32_modL1_fusion16_fusionL1_fusionBN0_drop0p1__wd1e-04trmiss40_trlocglobal,32,5e-05,0.0001,1,16,1,False,0.1,lr5e-05_bs32_modL1_fusion16_fusionL1_fusionBN0_drop0p1__wd1e-04trmiss40_trlocglobal,19,0.5946691532929739,0.6917232275009155,0.45436507936507936,0.5400829412299438,0.4888888888888889,0.0,0.0,0.0,0.0,0.0,0.0,0.0,0.0,0.0,,,,,18473,global,0.4
3,5,lr5e-05_bs32_modL1_fusion16_fusionL1_fusionBN0_drop0p1__wd1e-04trmiss40_trlocglobal,32,5e-05,0.0001,1,16,1,False,0.1,lr5e-05_bs32_modL1_fusion16_fusionL1_fusionBN0_drop0p1__wd1e-04trmiss40_trlocglobal,20,0.5856964588165283,0.6908616721630096,0.4623015873015873,0.5466565358169209,0.5111111111111111,0.0,0.0,0.0,0.0,0.0,0.0,0.0,0.0,0.0,,,,,18473,global,0.4
3,5,lr5e-05_bs32_modL1_fusion16_fusionL1_fusionBN0_drop0p1__wd1e-04trmiss40_trlocglobal,32,5e-05,0.0001,1,16,1,False,0.1,lr5e-05_bs32_modL1_fusion16_fusionL1_fusionBN0_drop0p1__wd1e-04trmiss40_trlocglobal,21,0.5881025989850363,0.6906785368919373,0.47023809523809523,0.549566198028073,0.5111111111111111,0.0,0.0,0.0,0.0,0.0,0.0,0.0,0.0,0.0,,,,,18473,global,0.4
3,5,lr5e-05_bs32_modL1_fusion16_fusionL1_fusionBN0_drop0p1__wd1e-04trmiss40_trlocglobal,32,5e-05,0.0001,1,16,1,False,0.1,lr5e-05_bs32_modL1_fusion16_fusionL1_fusionBN0_drop0p1__wd1e-04trmiss40_trlocglobal,22,0.584173192580541,0.6902613639831543,0.4781746031746032,0.5465775449646346,0.5111111111111111,0.0,0.0,0.0,0.0,0.0,0.0,0.0,0.0,0.0,,,,,18473,global,0.4
3,5,lr5e-05_bs32_modL1_fusion16_fusionL1_fusionBN0_drop0p1__wd1e-04trmiss40_trlocglobal,32,5e-05,0.0001,1,16,1,False,0.1,lr5e-05_bs32_modL1_fusion16_fusionL1_fusionBN0_drop0p1__wd1e-04trmiss40_trlocglobal,23,0.5809378027915955,0.6898140013217926,0.4801587301587302,0.546805501873626,0.5333333333333333,0.0,0.0,0.0,0.0,0.0,0.0,0.0,0.0,0.0,,,,,18473,global,0.4
3,5,lr5e-05_bs32_modL1_fusion16_fusionL1_fusionBN0_drop0p1__wd1e-04trmiss40_trlocglobal,32,5e-05,0.0001,1,16,1,False,0.1,lr5e-05_bs32_modL1_fusion16_fusionL1_fusionBN0_drop0p1__wd1e-04trmiss40_trlocglobal,24,0.5771229565143585,0.6898767948150635,0.48611111111111116,0.5519880308148037,0.5555555555555556,0.0,0.0,0.0,0.0,0.0,0.0,0.0,0.0,0.0,,,,,18473,global,0.4
3,5,lr5e-05_bs32_modL1_fusion16_fusionL1_fusionBN0_drop0p1__wd1e-04trmiss40_trlocglobal,32,5e-05,0.0001,1,16,1,False,0.1,lr5e-05_bs32_modL1_fusion16_fusionL1_fusionBN0_drop0p1__wd1e-04trmiss40_trlocglobal,25,0.5681158105532328,0.6893308758735657,0.49603174603174605,0.5578415652655331,0.5333333333333333,0.0,0.0,0.0,0.0,0.0,0.0,0.0,0.0,0.0,,,,,18473,global,0.4
3,5,lr5e-05_bs32_modL1_fusion16_fusionL1_fusionBN0_drop0p1__wd1e-04trmiss40_trlocglobal,32,5e-05,0.0001,1,16,1,False,0.1,lr5e-05_bs32_modL1_fusion16_fusionL1_fusionBN0_drop0p1__wd1e-04trmiss40_trlocglobal,26,0.5704598426818848,0.6881748735904694,0.498015873015873,0.5578383891199751,0.5111111111111111,0.0,0.0,0.0,0.0,0.0,0.0,0.0,0.0,0.0,,,,,18473,global,0.4
3,5,lr5e-05_bs32_modL1_fusion16_fusionL1_fusionBN0_drop0p1__wd1e-04trmiss40_trlocglobal,32,5e-05,0.0001,1,16,1,False,0.1,lr5e-05_bs32_modL1_fusion16_fusionL1_fusionBN0_drop0p1__wd1e-04trmiss40_trlocglobal,27,0.564817746480306,0.6876441538333893,0.47817460317460325,0.5479728462058581,0.5111111111111111,0.0,0.0,0.0,0.0,0.0,0.0,0.0,0.0,0.0,,,,,18473,global,0.4
3,5,lr5e-05_bs32_modL1_fusion16_fusionL1_fusionBN0_drop0p1__wd1e-04trmiss40_trlocglobal,32,5e-05,0.0001,1,16,1,False,0.1,lr5e-05_bs32_modL1_fusion16_fusionL1_fusionBN0_drop0p1__wd1e-04trmiss40_trlocglobal,28,0.5662342210610708,0.6874606013298035,0.4821428571428571,0.5493908409023209,0.5333333333333333,0.0,0.0,0.0,0.0,0.0,0.0,0.0,0.0,0.0,,,,,18473,global,0.4
3,5,lr5e-05_bs32_modL1_fusion16_fusionL1_fusionBN0_drop0p1__wd1e-04trmiss40_trlocglobal,32,5e-05,0.0001,1,16,1,False,0.1,lr5e-05_bs32_modL1_fusion16_fusionL1_fusionBN0_drop0p1__wd1e-04trmiss40_trlocglobal,29,0.5622053146362305,0.6870643496513367,0.4861111111111111,0.553006433552359,0.5333333333333333,0.0,0.0,0.0,0.0,0.0,0.0,0.0,0.0,0.0,,,,,18473,global,0.4
3,5,lr5e-05_bs32_modL1_fusion16_fusionL1_fusionBN0_drop0p1__wd1e-04trmiss40_trlocglobal,32,5e-05,0.0001,1,16,1,False,0.1,lr5e-05_bs32_modL1_fusion16_fusionL1_fusionBN0_drop0p1__wd1e-04trmiss40_trlocglobal,30,0.5690546830495199,0.6873692572116852,0.4900793650793651,0.5514500445749198,0.4888888888888889,0.0,0.0,0.0,0.0,0.0,0.0,0.0,0.0,0.0,,,,,18473,global,0.4
3,5,lr5e-05_bs32_modL1_fusion16_fusionL1_fusionBN0_drop0p1__wd1e-04trmiss40_trlocglobal,32,5e-05,0.0001,1,16,1,False,0.1,lr5e-05_bs32_modL1_fusion16_fusionL1_fusionBN0_drop0p1__wd1e-04trmiss40_trlocglobal,31,0.5592462221781412,0.6860971450805664,0.5099206349206349,0.5736336695565474,0.5111111111111111,0.0,0.0,0.0,0.0,0.0,0.0,0.0,0.0,0.0,,,,,18473,global,0.4
3,5,lr5e-05_bs32_modL1_fusion16_fusionL1_fusionBN0_drop0p1__wd1e-04trmiss40_trlocglobal,32,5e-05,0.0001,1,16,1,False,0.1,lr5e-05_bs32_modL1_fusion16_fusionL1_fusionBN0_drop0p1__wd1e-04trmiss40_trlocglobal,32,0.5574733714262644,0.6858803331851959,0.49603174603174605,0.5667324208903136,0.5555555555555556,0.0,0.0,0.0,0.0,0.0,0.0,0.0,0.0,0.0,,,,,18473,global,0.4
3,5,lr5e-05_bs32_modL1_fusion16_fusionL1_fusionBN0_drop0p1__wd1e-04trmiss40_trlocglobal,32,5e-05,0.0001,1,16,1,False,0.1,lr5e-05_bs32_modL1_fusion16_fusionL1_fusionBN0_drop0p1__wd1e-04trmiss40_trlocglobal,33,0.5477365156014761,0.6856034398078918,0.5059523809523809,0.5767612997710947,0.5333333333333333,0.0,0.0,0.0,0.0,0.0,0.0,0.0,0.0,0.0,,,,,18473,global,0.4
3,5,lr5e-05_bs32_modL1_fusion16_fusionL1_fusionBN0_drop0p1__wd1e-04trmiss40_trlocglobal,32,5e-05,0.0001,1,16,1,False,0.1,lr5e-05_bs32_modL1_fusion16_fusionL1_fusionBN0_drop0p1__wd1e-04trmiss40_trlocglobal,34,0.5513299504915873,0.6862087547779083,0.498015873015873,0.5700847604982268,0.5333333333333333,0.0,0.0,0.0,0.0,0.0,0.0,0.0,0.0,0.0,,,,,18473,global,0.4
3,5,lr5e-05_bs32_modL1_fusion16_fusionL1_fusionBN0_drop0p1__wd1e-04trmiss40_trlocglobal,32,5e-05,0.0001,1,16,1,False,0.1,lr5e-05_bs32_modL1_fusion16_fusionL1_fusionBN0_drop0p1__wd1e-04trmiss40_trlocglobal,35,0.5504649976889292,0.6860033869743347,0.498015873015873,0.5710572657663977,0.5111111111111111,0.0,0.0,0.0,0.0,0.0,0.0,0.0,0.0,0.0,,,,,18473,global,0.4
3,5,lr5e-05_bs32_modL1_fusion16_fusionL1_fusionBN0_drop0p1__wd1e-04trmiss40_trlocglobal,32,5e-05,0.0001,1,16,1,False,0.1,lr5e-05_bs32_modL1_fusion16_fusionL1_fusionBN0_drop0p1__wd1e-04trmiss40_trlocglobal,36,0.5451190372308096,0.6839271783828735,0.5079365079365079,0.5798850239895631,0.5555555555555556,0.0,0.0,0.0,0.0,0.0,0.0,0.0,0.0,0.0,,,,,18473,global,0.4
3,5,lr5e-05_bs32_modL1_fusion16_fusionL1_fusionBN0_drop0p1__wd1e-04trmiss40_trlocglobal,32,5e-05,0.0001,1,16,1,False,0.1,lr5e-05_bs32_modL1_fusion16_fusionL1_fusionBN0_drop0p1__wd1e-04trmiss40_trlocglobal,37,0.5415654679139456,0.6837630867958069,0.503968253968254,0.5712649601103528,0.5777777777777777,0.0,0.0,0.0,0.0,0.0,0.0,0.0,0.0,0.0,,,,,18473,global,0.4
3,5,lr5e-05_bs32_modL1_fusion16_fusionL1_fusionBN0_drop0p1__wd1e-04trmiss40_trlocglobal,32,5e-05,0.0001,1,16,1,False,0.1,lr5e-05_bs32_modL1_fusion16_fusionL1_fusionBN0_drop0p1__wd1e-04trmiss40_trlocglobal,38,0.5432912508646647,0.6851137578487396,0.49603174603174605,0.5674796465259727,0.5555555555555556,0.0,0.0,0.0,0.0,0.0,0.0,0.0,0.0,0.0,,,,,18473,global,0.4
3,5,lr5e-05_bs32_modL1_fusion16_fusionL1_fusionBN0_drop0p1__wd1e-04trmiss40_trlocglobal,32,5e-05,0.0001,1,16,1,False,0.1,lr5e-05_bs32_modL1_fusion16_fusionL1_fusionBN0_drop0p1__wd1e-04trmiss40_trlocglobal,39,0.5312718252340952,0.6840606331825256,0.503968253968254,0.5745460187737965,0.5777777777777777,0.0,0.0,0.0,0.0,0.0,0.0,0.0,0.0,0.0,,,,,18473,global,0.4
3,5,lr5e-05_bs32_modL1_fusion16_fusionL1_fusionBN0_drop0p1__wd1e-04trmiss40_trlocglobal,32,5e-05,0.0001,1,16,1,False,0.1,lr5e-05_bs32_modL1_fusion16_fusionL1_fusionBN0_drop0p1__wd1e-04trmiss40_trlocglobal,40,0.534101277589798,0.683365136384964,0.503968253968254,0.5754614962426035,0.5777777777777777,0.0,0.0,0.0,0.0,0.0,0.0,0.0,0.0,0.0,,,,,18473,global,0.4
3,5,lr5e-05_bs32_modL1_fusion16_fusionL1_fusionBN0_drop0p1__wd1e-04trmiss40_trlocglobal,32,5e-05,0.0001,1,16,1,False,0.1,lr5e-05_bs32_modL1_fusion16_fusionL1_fusionBN0_drop0p1__wd1e-04trmiss40_trlocglobal,41,0.5364144941171011,0.6832754015922546,0.5099206349206349,0.5827007854091373,0.5555555555555556,0.0,0.0,0.0,0.0,0.0,0.0,0.0,0.0,0.0,,,,,18473,global,0.4
3,5,lr5e-05_bs32_modL1_fusion16_fusionL1_fusionBN0_drop0p1__wd1e-04trmiss40_trlocglobal,32,5e-05,0.0001,1,16,1,False,0.1,lr5e-05_bs32_modL1_fusion16_fusionL1_fusionBN0_drop0p1__wd1e-04trmiss40_trlocglobal,42,0.5257505476474762,0.6827013194561005,0.509920634920635,0.5777450536663798,0.5555555555555556,0.0,0.0,0.0,0.0,0.0,0.0,0.0,0.0,0.0,,,,,18473,global,0.4
3,5,lr5e-05_bs32_modL1_fusion16_fusionL1_fusionBN0_drop0p1__wd1e-04trmiss40_trlocglobal,32,5e-05,0.0001,1,16,1,False,0.1,lr5e-05_bs32_modL1_fusion16_fusionL1_fusionBN0_drop0p1__wd1e-04trmiss40_trlocglobal,43,0.5302632848421732,0.681308776140213,0.5158730158730159,0.5804241240579682,0.5555555555555556,0.0,0.0,0.0,0.0,0.0,0.0,0.0,0.0,0.0,,,,,18473,global,0.4
3,5,lr5e-05_bs32_modL1_fusion16_fusionL1_fusionBN0_drop0p1__wd1e-04trmiss40_trlocglobal,32,5e-05,0.0001,1,16,1,False,0.1,lr5e-05_bs32_modL1_fusion16_fusionL1_fusionBN0_drop0p1__wd1e-04trmiss40_trlocglobal,44,0.524001290400823,0.6809087097644806,0.513888888888889,0.5798988616962639,0.5555555555555556,0.0,0.0,0.0,0.0,0.0,0.0,0.0,0.0,0.0,,,,,18473,global,0.4
3,5,lr5e-05_bs32_modL1_fusion16_fusionL1_fusionBN0_drop0p1__wd1e-04trmiss40_trlocglobal,32,5e-05,0.0001,1,16,1,False,0.1,lr5e-05_bs32_modL1_fusion16_fusionL1_fusionBN0_drop0p1__wd1e-04trmiss40_trlocglobal,45,0.5256165266036987,0.6809237003326416,0.5158730158730159,0.5819205428201122,0.5555555555555556,0.0,0.0,0.0,0.0,0.0,0.0,0.0,0.0,0.0,,,,,18473,global,0.4
3,5,lr5e-05_bs32_modL1_fusion16_fusionL1_fusionBN0_drop0p1__wd1e-04trmiss40_trlocglobal,32,5e-05,0.0001,1,16,1,False,0.1,lr5e-05_bs32_modL1_fusion16_fusionL1_fusionBN0_drop0p1__wd1e-04trmiss40_trlocglobal,46,0.530772735675176,0.6805385947227478,0.5119047619047619,0.5800589973076085,0.5555555555555556,0.0,0.0,0.0,0.0,0.0,0.0,0.0,0.0,0.0,,,,,18473,global,0.4
3,5,lr5e-05_bs32_modL1_fusion16_fusionL1_fusionBN0_drop0p1__wd1e-04trmiss40_trlocglobal,32,5e-05,0.0001,1,16,1,False,0.1,lr5e-05_bs32_modL1_fusion16_fusionL1_fusionBN0_drop0p1__wd1e-04trmiss40_trlocglobal,47,0.5216962198416392,0.6808120310306549,0.5099206349206349,0.579372331889001,0.5555555555555556,0.0,0.0,0.0,0.0,0.0,0.0,0.0,0.0,0.0,,,,,18473,global,0.4
3,5,lr5e-05_bs32_modL1_fusion16_fusionL1_fusionBN0_drop0p1__wd1e-04trmiss40_trlocglobal,32,5e-05,0.0001,1,16,1,False,0.1,lr5e-05_bs32_modL1_fusion16_fusionL1_fusionBN0_drop0p1__wd1e-04trmiss40_trlocglobal,48,0.5184856653213501,0.6797585487365723,0.5119047619047619,0.5785413578589345,0.5333333333333333,0.0,0.0,0.0,0.0,0.0,0.0,0.0,0.0,0.0,,,,,18473,global,0.4
3,5,lr5e-05_bs32_modL1_fusion16_fusionL1_fusionBN0_drop0p1__wd1e-04trmiss40_trlocglobal,32,5e-05,0.0001,1,16,1,False,0.1,lr5e-05_bs32_modL1_fusion16_fusionL1_fusionBN0_drop0p1__wd1e-04trmiss40_trlocglobal,49,0.5197852551937103,0.68036949634552,0.5099206349206349,0.5788370830831027,0.5555555555555556,0.0,0.0,0.0,0.0,0.0,0.0,0.0,0.0,0.0,,,,,18473,global,0.4
3,5,lr5e-05_bs32_modL1_fusion16_fusionL1_fusionBN0_drop0p1__wd1e-04trmiss40_trlocglobal,32,5e-05,0.0001,1,16,1,False,0.1,lr5e-05_bs32_modL1_fusion16_fusionL1_fusionBN0_drop0p1__wd1e-04trmiss40_trlocglobal,50,0.524277021487554,0.679775595664978,0.5119047619047619,0.5808473057812424,0.5555555555555556,0.0,0.0,0.0,0.0,0.0,0.0,0.0,0.0,0.0,,,,,18473,global,0.4
3,5,lr5e-05_bs32_modL1_fusion16_fusionL1_fusionBN0_drop0p1__wd1e-04trmiss40_trlocglobal,32,5e-05,0.0001,1,16,1,False,0.1,lr5e-05_bs32_modL1_fusion16_fusionL1_fusionBN0_drop0p1__wd1e-04trmiss40_trlocglobal,51,0.5190233985582987,0.6795318126678467,0.5238095238095238,0.5870112423299044,0.5555555555555556,0.0,0.0,0.0,0.0,0.0,0.0,0.0,0.0,0.0,,,,,18473,global,0.4
3,5,lr5e-05_bs32_modL1_fusion16_fusionL1_fusionBN0_drop0p1__wd1e-04trmiss40_trlocglobal,32,5e-05,0.0001,1,16,1,False,0.1,lr5e-05_bs32_modL1_fusion16_fusionL1_fusionBN0_drop0p1__wd1e-04trmiss40_trlocglobal,52,0.5202136288086573,0.6799232661724091,0.5178571428571429,0.5844963746524819,0.5777777777777777,0.0,0.0,0.0,0.0,0.0,0.0,0.0,0.0,0.0,,,,,18473,global,0.4
3,5,lr5e-05_bs32_modL1_fusion16_fusionL1_fusionBN0_drop0p1__wd1e-04trmiss40_trlocglobal,32,5e-05,0.0001,1,16,1,False,0.1,lr5e-05_bs32_modL1_fusion16_fusionL1_fusionBN0_drop0p1__wd1e-04trmiss40_trlocglobal,53,0.5145219415426254,0.679933100938797,0.5198412698412699,0.584604599760707,0.5777777777777777,0.0,0.0,0.0,0.0,0.0,0.0,0.0,0.0,0.0,,,,,18473,global,0.4
3,5,lr5e-05_bs32_modL1_fusion16_fusionL1_fusionBN0_drop0p1__wd1e-04trmiss40_trlocglobal,32,5e-05,0.0001,1,16,1,False,0.1,lr5e-05_bs32_modL1_fusion16_fusionL1_fusionBN0_drop0p1__wd1e-04trmiss40_trlocglobal,54,0.5295472244421641,0.6798324882984161,0.5178571428571429,0.5966552480070613,0.5333333333333333,0.0,0.0,0.0,0.0,0.0,0.0,0.0,0.0,0.0,,,,,18473,global,0.4
3,5,lr5e-05_bs32_modL1_fusion16_fusionL1_fusionBN0_drop0p1__wd1e-04trmiss40_trlocglobal,32,5e-05,0.0001,1,16,1,False,0.1,lr5e-05_bs32_modL1_fusion16_fusionL1_fusionBN0_drop0p1__wd1e-04trmiss40_trlocglobal,55,0.5148937503496805,0.6787486374378204,0.5238095238095238,0.6014534501124003,0.5333333333333333,0.0,0.0,0.0,0.0,0.0,0.0,0.0,0.0,0.0,,,,,18473,global,0.4
3,5,lr5e-05_bs32_modL1_fusion16_fusionL1_fusionBN0_drop0p1__wd1e-04trmiss40_trlocglobal,32,5e-05,0.0001,1,16,1,False,0.1,lr5e-05_bs32_modL1_fusion16_fusionL1_fusionBN0_drop0p1__wd1e-04trmiss40_trlocglobal,56,0.5132680883010229,0.6790914833545685,0.5257936507936508,0.6017017881388713,0.5333333333333333,0.0,0.0,0.0,0.0,0.0,0.0,0.0,0.0,0.0,,,,,18473,global,0.4
3,5,lr5e-05_bs32_modL1_fusion16_fusionL1_fusionBN0_drop0p1__wd1e-04trmiss40_trlocglobal,32,5e-05,0.0001,1,16,1,False,0.1,lr5e-05_bs32_modL1_fusion16_fusionL1_fusionBN0_drop0p1__wd1e-04trmiss40_trlocglobal,57,0.5095009456078211,0.6793705821037292,0.5178571428571428,0.5968662040369828,0.5333333333333333,0.0,0.0,0.0,0.0,0.0,0.0,0.0,0.0,0.0,,,,,18473,global,0.4
3,5,lr5e-05_bs32_modL1_fusion16_fusionL1_fusionBN0_drop0p1__wd1e-04trmiss40_trlocglobal,32,5e-05,0.0001,1,16,1,False,0.1,lr5e-05_bs32_modL1_fusion16_fusionL1_fusionBN0_drop0p1__wd1e-04trmiss40_trlocglobal,58,0.5105163256327311,0.6788232922554016,0.5218253968253969,0.5985599315938817,0.5333333333333333,0.0,0.0,0.0,0.0,0.0,0.0,0.0,0.0,0.0,,,,,18473,global,0.4
3,5,lr5e-05_bs32_modL1_fusion16_fusionL1_fusionBN0_drop0p1__wd1e-04trmiss40_trlocglobal,32,5e-05,0.0001,1,16,1,False,0.1,lr5e-05_bs32_modL1_fusion16_fusionL1_fusionBN0_drop0p1__wd1e-04trmiss40_trlocglobal,59,0.504168818394343,0.6789318919181824,0.5218253968253969,0.6003222788746365,0.5333333333333333,0.0,0.0,0.0,0.0,0.0,0.0,0.0,0.0,0.0,,,,,18473,global,0.4
3,5,lr5e-05_bs32_modL1_fusion16_fusionL1_fusionBN0_drop0p1__wd1e-04trmiss40_trlocglobal,32,5e-05,0.0001,1,16,1,False,0.1,lr5e-05_bs32_modL1_fusion16_fusionL1_fusionBN0_drop0p1__wd1e-04trmiss40_trlocglobal,60,0.5055837631225586,0.6790465712547302,0.5238095238095238,0.6015065426468746,0.5333333333333333,0.0,0.0,0.0,0.0,0.0,0.0,0.0,0.0,0.0,,,,,18473,global,0.4
3,5,lr5e-05_bs32_modL1_fusion16_fusionL1_fusionBN0_drop0p1__wd1e-04trmiss40_trlocglobal,32,5e-05,0.0001,1,16,1,False,0.1,lr5e-05_bs32_modL1_fusion16_fusionL1_fusionBN0_drop0p1__wd1e-04trmiss40_trlocglobal,61,0.5102226436138153,0.6792738139629364,0.5238095238095237,0.601003151025062,0.5333333333333333,0.0,0.0,0.0,0.0,0.0,0.0,0.0,0.0,0.0,,,,,18473,global,0.4
3,5,lr5e-05_bs32_modL1_fusion16_fusionL1_fusionBN0_drop0p1__wd1e-04trmiss40_trlocglobal,32,5e-05,0.0001,1,16,1,False,0.1,lr5e-05_bs32_modL1_fusion16_fusionL1_fusionBN0_drop0p1__wd1e-04trmiss40_trlocglobal,62,0.5059082309405009,0.679863452911377,0.5079365079365079,0.594942313051537,0.5333333333333333,0.0,0.0,0.0,0.0,0.0,0.0,0.0,0.0,0.0,,,,,18473,global,0.4
3,5,lr5e-05_bs32_modL1_fusion16_fusionL1_fusionBN0_drop0p1__wd1e-04trmiss40_trlocglobal,32,5e-05,0.0001,1,16,1,False,0.1,lr5e-05_bs32_modL1_fusion16_fusionL1_fusionBN0_drop0p1__wd1e-04trmiss40_trlocglobal,63,0.5146685242652893,0.6794430315494537,0.5099206349206349,0.5967279018089455,0.5333333333333333,0.0,0.0,0.0,0.0,0.0,0.0,0.0,0.0,0.0,,,,,18473,global,0.4
3,5,lr5e-05_bs32_modL1_fusion16_fusionL1_fusionBN0_drop0p1__wd1e-04trmiss40_trlocglobal,32,5e-05,0.0001,1,16,1,False,0.1,lr5e-05_bs32_modL1_fusion16_fusionL1_fusionBN0_drop0p1__wd1e-04trmiss40_trlocglobal,64,0.503835474451383,0.6794566214084625,0.5119047619047619,0.5978798699107107,0.5333333333333333,0.0,0.0,0.0,0.0,0.0,0.0,0.0,0.0,0.0,,,,,18473,global,0.4
3,5,lr5e-05_bs32_modL1_fusion16_fusionL1_fusionBN0_drop0p1__wd1e-04trmiss40_trlocglobal,32,5e-05,0.0001,1,16,1,False,0.1,lr5e-05_bs32_modL1_fusion16_fusionL1_fusionBN0_drop0p1__wd1e-04trmiss40_trlocglobal,65,0.5086465378602346,0.6791162192821503,0.509920634920635,0.5930178303704754,0.5333333333333333,0.0,0.0,0.0,0.0,0.0,0.0,0.0,0.0,0.0,,,,,18473,global,0.4
3,5,lr5e-05_bs32_modL1_fusion16_fusionL1_fusionBN0_drop0p1__wd1e-04trmiss40_trlocglobal,32,5e-05,0.0001,1,16,1,False,0.1,lr5e-05_bs32_modL1_fusion16_fusionL1_fusionBN0_drop0p1__wd1e-04trmiss40_trlocglobal,66,0.5050966640313467,0.679057240486145,0.505952380952381,0.5927722243682905,0.5333333333333333,0.0,0.0,0.0,0.0,0.0,0.0,0.0,0.0,0.0,,,,,18473,global,0.4
3,5,lr5e-05_bs32_modL1_fusion16_fusionL1_fusionBN0_drop0p1__wd1e-04trmiss40_trlocglobal,32,5e-05,0.0001,1,16,1,False,0.1,lr5e-05_bs32_modL1_fusion16_fusionL1_fusionBN0_drop0p1__wd1e-04trmiss40_trlocglobal,67,0.5040486653645834,0.6784862279891968,0.5198412698412698,0.6012442387828105,0.5333333333333333,0.0,0.0,0.0,0.0,0.0,0.0,0.0,0.0,0.0,,,,,18473,global,0.4
3,5,lr5e-05_bs32_modL1_fusion16_fusionL1_fusionBN0_drop0p1__wd1e-04trmiss40_trlocglobal,32,5e-05,0.0001,1,16,1,False,0.1,lr5e-05_bs32_modL1_fusion16_fusionL1_fusionBN0_drop0p1__wd1e-04trmiss40_trlocglobal,68,0.5044810722271601,0.6785586476325989,0.5079365079365079,0.5951466451831138,0.5333333333333333,0.0,0.0,0.0,0.0,0.0,0.0,0.0,0.0,0.0,,,,,18473,global,0.4
3,5,lr5e-05_bs32_modL1_fusion16_fusionL1_fusionBN0_drop0p1__wd1e-04trmiss40_trlocglobal,32,5e-05,0.0001,1,16,1,False,0.1,lr5e-05_bs32_modL1_fusion16_fusionL1_fusionBN0_drop0p1__wd1e-04trmiss40_trlocglobal,69,0.5019703656435013,0.6784228086471558,0.503968253968254,0.5860364005889982,0.5555555555555556,0.0,0.0,0.0,0.0,0.0,0.0,0.0,0.0,0.0,,,,,18473,global,0.4
3,5,lr5e-05_bs32_modL1_fusion16_fusionL1_fusionBN0_drop0p1__wd1e-04trmiss40_trlocglobal,32,5e-05,0.0001,1,16,1,False,0.1,lr5e-05_bs32_modL1_fusion16_fusionL1_fusionBN0_drop0p1__wd1e-04trmiss40_trlocglobal,70,0.5004958709081014,0.678203821182251,0.5099206349206349,0.5957075426190113,0.5333333333333333,0.0,0.0,0.0,0.0,0.0,0.0,0.0,0.0,0.0,,,,,18473,global,0.4
3,5,lr5e-05_bs32_modL1_fusion16_fusionL1_fusionBN0_drop0p1__wd1e-04trmiss40_trlocglobal,32,5e-05,0.0001,1,16,1,False,0.1,lr5e-05_bs32_modL1_fusion16_fusionL1_fusionBN0_drop0p1__wd1e-04trmiss40_trlocglobal,71,0.5035091588894526,0.6787521243095398,0.5099206349206349,0.5897802058033916,0.5333333333333333,0.0,0.0,0.0,0.0,0.0,0.0,0.0,0.0,0.0,,,,,18473,global,0.4
3,5,lr5e-05_bs32_modL1_fusion16_fusionL1_fusionBN0_drop0p1__wd1e-04trmiss40_trlocglobal,32,5e-05,0.0001,1,16,1,False,0.1,lr5e-05_bs32_modL1_fusion16_fusionL1_fusionBN0_drop0p1__wd1e-04trmiss40_trlocglobal,72,0.508406842748324,0.6782839596271515,0.505952380952381,0.5941796103485872,0.5555555555555556,0.0,0.0,0.0,0.0,0.0,0.0,0.0,0.0,0.0,,,,,18473,global,0.4
3,5,lr5e-05_bs32_modL1_fusion16_fusionL1_fusionBN0_drop0p1__wd1e-04trmiss40_trlocglobal,32,5e-05,0.0001,1,16,1,False,0.1,lr5e-05_bs32_modL1_fusion16_fusionL1_fusionBN0_drop0p1__wd1e-04trmiss40_trlocglobal,73,0.5046147157748541,0.6776397824287415,0.5138888888888888,0.6079108520005163,0.5555555555555556,0.0,0.0,0.0,0.0,0.0,0.0,0.0,0.0,0.0,,,,,18473,global,0.4
3,5,lr5e-05_bs32_modL1_fusion16_fusionL1_fusionBN0_drop0p1__wd1e-04trmiss40_trlocglobal,32,5e-05,0.0001,1,16,1,False,0.1,lr5e-05_bs32_modL1_fusion16_fusionL1_fusionBN0_drop0p1__wd1e-04trmiss40_trlocglobal,74,0.5100776056448618,0.6784653067588806,0.5099206349206349,0.5922474964098944,0.5333333333333333,0.0,0.0,0.0,0.0,0.0,0.0,0.0,0.0,0.0,,,,,18473,global,0.4
3,5,lr5e-05_bs32_modL1_fusion16_fusionL1_fusionBN0_drop0p1__wd1e-04trmiss40_trlocglobal,32,5e-05,0.0001,1,16,1,False,0.1,lr5e-05_bs32_modL1_fusion16_fusionL1_fusionBN0_drop0p1__wd1e-04trmiss40_trlocglobal,75,0.5069383531808853,0.678504467010498,0.5059523809523809,0.5909179956021722,0.5333333333333333,0.0,0.0,0.0,0.0,0.0,0.0,0.0,0.0,0.0,,,,,18473,global,0.4
3,5,lr5e-05_bs32_modL1_fusion16_fusionL1_fusionBN0_drop0p1__wd1e-04trmiss40_trlocglobal,32,5e-05,0.0001,1,16,1,False,0.1,lr5e-05_bs32_modL1_fusion16_fusionL1_fusionBN0_drop0p1__wd1e-04trmiss40_trlocglobal,76,0.5028321743011475,0.6783466637134552,0.5099206349206349,0.605000749148935,0.5333333333333333,0.0,0.0,0.0,0.0,0.0,0.0,0.0,0.0,0.0,,,,,18473,global,0.4
3,5,lr5e-05_bs32_modL1_fusion32_fusionL1_fusionBN0_drop0p2__wd1e-04trmiss40_trlocglobal,32,5e-05,0.0001,1,32,1,False,0.2,lr5e-05_bs32_modL1_fusion32_fusionL1_fusionBN0_drop0p2__wd1e-04trmiss40_trlocglobal,1,0.7095508774121603,0.6919779479503632,0.5793650793650793,0.5818200417130707,0.4888888888888889,0.0,0.0,0.0,0.0,0.0,0.0,0.0,0.0,0.0,,,,,18473,global,0.4
3,5,lr5e-05_bs32_modL1_fusion32_fusionL1_fusionBN0_drop0p2__wd1e-04trmiss40_trlocglobal,32,5e-05,0.0001,1,32,1,False,0.2,lr5e-05_bs32_modL1_fusion32_fusionL1_fusionBN0_drop0p2__wd1e-04trmiss40_trlocglobal,2,0.6923153400421143,0.6912214756011963,0.5892857142857143,0.5634163990212454,0.5333333333333333,0.0,0.0,0.0,0.0,0.0,0.0,0.0,0.0,0.0,,,,,18473,global,0.4
3,5,lr5e-05_bs32_modL1_fusion32_fusionL1_fusionBN0_drop0p2__wd1e-04trmiss40_trlocglobal,32,5e-05,0.0001,1,32,1,False,0.2,lr5e-05_bs32_modL1_fusion32_fusionL1_fusionBN0_drop0p2__wd1e-04trmiss40_trlocglobal,3,0.6966935495535532,0.691756933927536,0.6031746031746033,0.5750154367948757,0.5555555555555556,0.0,0.0,0.0,0.0,0.0,0.0,0.0,0.0,0.0,,,,,18473,global,0.4
3,5,lr5e-05_bs32_modL1_fusion32_fusionL1_fusionBN0_drop0p2__wd1e-04trmiss40_trlocglobal,32,5e-05,0.0001,1,32,1,False,0.2,lr5e-05_bs32_modL1_fusion32_fusionL1_fusionBN0_drop0p2__wd1e-04trmiss40_trlocglobal,4,0.6825318137804667,0.6917228996753693,0.5992063492063492,0.5706508930151771,0.6,0.0,0.0,0.0,0.0,0.0,0.0,0.0,0.0,0.0,,,,,18473,global,0.4
3,5,lr5e-05_bs32_modL1_fusion32_fusionL1_fusionBN0_drop0p2__wd1e-04trmiss40_trlocglobal,32,5e-05,0.0001,1,32,1,False,0.2,lr5e-05_bs32_modL1_fusion32_fusionL1_fusionBN0_drop0p2__wd1e-04trmiss40_trlocglobal,5,0.6690005958080292,0.6909632980823517,0.6031746031746033,0.5743224772788666,0.6,0.0,0.0,0.0,0.0,0.0,0.0,0.0,0.0,0.0,,,,,18473,global,0.4
3,5,lr5e-05_bs32_modL1_fusion32_fusionL1_fusionBN0_drop0p2__wd1e-04trmiss40_trlocglobal,32,5e-05,0.0001,1,32,1,False,0.2,lr5e-05_bs32_modL1_fusion32_fusionL1_fusionBN0_drop0p2__wd1e-04trmiss40_trlocglobal,6,0.6635583837827047,0.6906743049621582,0.6051587301587302,0.5780962309169055,0.5555555555555556,0.0,0.0,0.0,0.0,0.0,0.0,0.0,0.0,0.0,,,,,18473,global,0.4
3,5,lr5e-05_bs32_modL1_fusion32_fusionL1_fusionBN0_drop0p2__wd1e-04trmiss40_trlocglobal,32,5e-05,0.0001,1,32,1,False,0.2,lr5e-05_bs32_modL1_fusion32_fusionL1_fusionBN0_drop0p2__wd1e-04trmiss40_trlocglobal,7,0.6622861623764038,0.6904026567935944,0.6091269841269842,0.575995307961718,0.5777777777777777,0.0,0.0,0.0,0.0,0.0,0.0,0.0,0.0,0.0,,,,,18473,global,0.4
3,5,lr5e-05_bs32_modL1_fusion32_fusionL1_fusionBN0_drop0p2__wd1e-04trmiss40_trlocglobal,32,5e-05,0.0001,1,32,1,False,0.2,lr5e-05_bs32_modL1_fusion32_fusionL1_fusionBN0_drop0p2__wd1e-04trmiss40_trlocglobal,8,0.6613371769587199,0.6897955536842346,0.625,0.5830372432401254,0.6222222222222222,0.0,0.0,0.0,0.0,0.0,0.0,0.0,0.0,0.0,,,,,18473,global,0.4
3,5,lr5e-05_bs32_modL1_fusion32_fusionL1_fusionBN0_drop0p2__wd1e-04trmiss40_trlocglobal,32,5e-05,0.0001,1,32,1,False,0.2,lr5e-05_bs32_modL1_fusion32_fusionL1_fusionBN0_drop0p2__wd1e-04trmiss40_trlocglobal,9,0.6458902359008789,0.6901827156543732,0.636904761904762,0.5949849904179156,0.6,0.0,0.0,0.0,0.0,0.0,0.0,0.0,0.0,0.0,,,,,18473,global,0.4
3,5,lr5e-05_bs32_modL1_fusion32_fusionL1_fusionBN0_drop0p2__wd1e-04trmiss40_trlocglobal,32,5e-05,0.0001,1,32,1,False,0.2,lr5e-05_bs32_modL1_fusion32_fusionL1_fusionBN0_drop0p2__wd1e-04trmiss40_trlocglobal,10,0.6421615878740946,0.6903532445430756,0.6349206349206349,0.5945566736632226,0.6222222222222222,0.0,0.0,0.0,0.0,0.0,0.0,0.0,0.0,0.0,,,,,18473,global,0.4
3,5,lr5e-05_bs32_modL1_fusion32_fusionL1_fusionBN0_drop0p2__wd1e-04trmiss40_trlocglobal,32,5e-05,0.0001,1,32,1,False,0.2,lr5e-05_bs32_modL1_fusion32_fusionL1_fusionBN0_drop0p2__wd1e-04trmiss40_trlocglobal,11,0.6344539622465769,0.6906082928180695,0.6329365079365079,0.5923318972488919,0.6222222222222222,0.0,0.0,0.0,0.0,0.0,0.0,0.0,0.0,0.0,,,,,18473,global,0.4
3,5,lr5e-05_bs32_modL1_fusion32_fusionL1_fusionBN0_drop0p2__wd1e-04trmiss40_trlocglobal,32,5e-05,0.0001,1,32,1,False,0.2,lr5e-05_bs32_modL1_fusion32_fusionL1_fusionBN0_drop0p2__wd1e-04trmiss40_trlocglobal,12,0.631608227888743,0.6901847124099731,0.6329365079365079,0.5915194314579779,0.6222222222222222,0.0,0.0,0.0,0.0,0.0,0.0,0.0,0.0,0.0,,,,,18473,global,0.4
3,5,lr5e-05_bs32_modL1_fusion32_fusionL1_fusionBN0_drop0p2__wd1e-04trmiss40_trlocglobal,32,5e-05,0.0001,1,32,1,False,0.2,lr5e-05_bs32_modL1_fusion32_fusionL1_fusionBN0_drop0p2__wd1e-04trmiss40_trlocglobal,13,0.6373010476430258,0.6890038549900055,0.6388888888888888,0.5959662326143378,0.6222222222222222,0.0,0.0,0.0,0.0,0.0,0.0,0.0,0.0,0.0,,,,,18473,global,0.4
3,5,lr5e-05_bs32_modL1_fusion32_fusionL1_fusionBN0_drop0p2__wd1e-04trmiss40_trlocglobal,32,5e-05,0.0001,1,32,1,False,0.2,lr5e-05_bs32_modL1_fusion32_fusionL1_fusionBN0_drop0p2__wd1e-04trmiss40_trlocglobal,14,0.6317566235860189,0.6882124841213226,0.6309523809523809,0.5940413193545298,0.6222222222222222,0.0,0.0,0.0,0.0,0.0,0.0,0.0,0.0,0.0,,,,,18473,global,0.4
3,5,lr5e-05_bs32_modL1_fusion32_fusionL1_fusionBN0_drop0p2__wd1e-04trmiss40_trlocglobal,32,5e-05,0.0001,1,32,1,False,0.2,lr5e-05_bs32_modL1_fusion32_fusionL1_fusionBN0_drop0p2__wd1e-04trmiss40_trlocglobal,15,0.6279994150002798,0.687947541475296,0.625,0.5914414237668293,0.6,0.0,0.0,0.0,0.0,0.0,0.0,0.0,0.0,0.0,,,,,18473,global,0.4
3,5,lr5e-05_bs32_modL1_fusion32_fusionL1_fusionBN0_drop0p2__wd1e-04trmiss40_trlocglobal,32,5e-05,0.0001,1,32,1,False,0.2,lr5e-05_bs32_modL1_fusion32_fusionL1_fusionBN0_drop0p2__wd1e-04trmiss40_trlocglobal,16,0.5993736187616984,0.688437819480896,0.626984126984127,0.5913139860154403,0.6222222222222222,0.0,0.0,0.0,0.0,0.0,0.0,0.0,0.0,0.0,,,,,18473,global,0.4
3,5,lr5e-05_bs32_modL1_fusion32_fusionL1_fusionBN0_drop0p2__wd1e-04trmiss40_trlocglobal,32,5e-05,0.0001,1,32,1,False,0.2,lr5e-05_bs32_modL1_fusion32_fusionL1_fusionBN0_drop0p2__wd1e-04trmiss40_trlocglobal,17,0.6186051567395529,0.6896085143089294,0.626984126984127,0.5920289545264614,0.6222222222222222,0.0,0.0,0.0,0.0,0.0,0.0,0.0,0.0,0.0,,,,,18473,global,0.4
3,5,lr5e-05_bs32_modL1_fusion32_fusionL1_fusionBN0_drop0p2__wd1e-04trmiss40_trlocglobal,32,5e-05,0.0001,1,32,1,False,0.2,lr5e-05_bs32_modL1_fusion32_fusionL1_fusionBN0_drop0p2__wd1e-04trmiss40_trlocglobal,18,0.6126400530338287,0.6900618672370911,0.630952380952381,0.5972472888237431,0.6222222222222222,0.0,0.0,0.0,0.0,0.0,0.0,0.0,0.0,0.0,,,,,18473,global,0.4
3,5,lr5e-05_bs32_modL1_fusion32_fusionL1_fusionBN0_drop0p2__wd1e-04trmiss40_trlocglobal,32,5e-05,0.0001,1,32,1,False,0.2,lr5e-05_bs32_modL1_fusion32_fusionL1_fusionBN0_drop0p2__wd1e-04trmiss40_trlocglobal,19,0.6061436633268992,0.6895999312400818,0.6329365079365079,0.5957622433534825,0.6222222222222222,0.0,0.0,0.0,0.0,0.0,0.0,0.0,0.0,0.0,,,,,18473,global,0.4
3,5,lr5e-05_bs32_modL1_fusion32_fusionL1_fusionBN0_drop0p2__wd1e-04trmiss40_trlocglobal,32,5e-05,0.0001,1,32,1,False,0.2,lr5e-05_bs32_modL1_fusion32_fusionL1_fusionBN0_drop0p2__wd1e-04trmiss40_trlocglobal,20,0.5979739725589752,0.6886575818061829,0.6408730158730159,0.6030284722397837,0.6222222222222222,0.0,0.0,0.0,0.0,0.0,0.0,0.0,0.0,0.0,,,,,18473,global,0.4
3,5,lr5e-05_bs32_modL1_fusion32_fusionL1_fusionBN0_drop0p2__wd1e-04trmiss40_trlocglobal,32,5e-05,0.0001,1,32,1,False,0.2,lr5e-05_bs32_modL1_fusion32_fusionL1_fusionBN0_drop0p2__wd1e-04trmiss40_trlocglobal,21,0.6044182678063711,0.6879220604896545,0.6428571428571429,0.604227148291401,0.6222222222222222,0.0,0.0,0.0,0.0,0.0,0.0,0.0,0.0,0.0,,,,,18473,global,0.4
3,5,lr5e-05_bs32_modL1_fusion32_fusionL1_fusionBN0_drop0p2__wd1e-04trmiss40_trlocglobal,32,5e-05,0.0001,1,32,1,False,0.2,lr5e-05_bs32_modL1_fusion32_fusionL1_fusionBN0_drop0p2__wd1e-04trmiss40_trlocglobal,22,0.5984060068925222,0.6859642267227173,0.6488095238095238,0.6107918391756715,0.6222222222222222,0.0,0.0,0.0,0.0,0.0,0.0,0.0,0.0,0.0,,,,,18473,global,0.4
3,5,lr5e-05_bs32_modL1_fusion32_fusionL1_fusionBN0_drop0p2__wd1e-04trmiss40_trlocglobal,32,5e-05,0.0001,1,32,1,False,0.2,lr5e-05_bs32_modL1_fusion32_fusionL1_fusionBN0_drop0p2__wd1e-04trmiss40_trlocglobal,23,0.6007426977157593,0.6858874261379242,0.6468253968253969,0.607898320657153,0.6222222222222222,0.0,0.0,0.0,0.0,0.0,0.0,0.0,0.0,0.0,,,,,18473,global,0.4
3,5,lr5e-05_bs32_modL1_fusion32_fusionL1_fusionBN0_drop0p2__wd1e-04trmiss40_trlocglobal,32,5e-05,0.0001,1,32,1,False,0.2,lr5e-05_bs32_modL1_fusion32_fusionL1_fusionBN0_drop0p2__wd1e-04trmiss40_trlocglobal,24,0.5914077262083689,0.6855627000331879,0.6448412698412699,0.6071630265395059,0.6222222222222222,0.0,0.0,0.0,0.0,0.0,0.0,0.0,0.0,0.0,,,,,18473,global,0.4
3,5,lr5e-05_bs32_modL1_fusion32_fusionL1_fusionBN0_drop0p2__wd1e-04trmiss40_trlocglobal,32,5e-05,0.0001,1,32,1,False,0.2,lr5e-05_bs32_modL1_fusion32_fusionL1_fusionBN0_drop0p2__wd1e-04trmiss40_trlocglobal,25,0.5944123963514963,0.685398280620575,0.6428571428571428,0.6034694026252937,0.6444444444444445,0.0,0.0,0.0,0.0,0.0,0.0,0.0,0.0,0.0,,,,,18473,global,0.4
3,5,lr5e-05_bs32_modL1_fusion32_fusionL1_fusionBN0_drop0p2__wd1e-04trmiss40_trlocglobal,32,5e-05,0.0001,1,32,1,False,0.2,lr5e-05_bs32_modL1_fusion32_fusionL1_fusionBN0_drop0p2__wd1e-04trmiss40_trlocglobal,26,0.5885028541088104,0.6864162981510162,0.6448412698412699,0.6021131233100485,0.6444444444444445,0.0,0.0,0.0,0.0,0.0,0.0,0.0,0.0,0.0,,,,,18473,global,0.4
3,5,lr5e-05_bs32_modL1_fusion32_fusionL1_fusionBN0_drop0p2__wd1e-04trmiss40_trlocglobal,32,5e-05,0.0001,1,32,1,False,0.2,lr5e-05_bs32_modL1_fusion32_fusionL1_fusionBN0_drop0p2__wd1e-04trmiss40_trlocglobal,27,0.5860688885052999,0.6863306164741516,0.6428571428571428,0.6012730695466076,0.6444444444444445,0.0,0.0,0.0,0.0,0.0,0.0,0.0,0.0,0.0,,,,,18473,global,0.4
3,5,lr5e-05_bs32_modL1_fusion32_fusionL1_fusionBN0_drop0p2__wd1e-04trmiss40_trlocglobal,32,5e-05,0.0001,1,32,1,False,0.2,lr5e-05_bs32_modL1_fusion32_fusionL1_fusionBN0_drop0p2__wd1e-04trmiss40_trlocglobal,28,0.5926632086435953,0.6844848692417145,0.6468253968253969,0.6080276351721411,0.6444444444444445,0.0,0.0,0.0,0.0,0.0,0.0,0.0,0.0,0.0,,,,,18473,global,0.4
3,5,lr5e-05_bs32_modL1_fusion32_fusionL1_fusionBN0_drop0p2__wd1e-04trmiss40_trlocglobal,32,5e-05,0.0001,1,32,1,False,0.2,lr5e-05_bs32_modL1_fusion32_fusionL1_fusionBN0_drop0p2__wd1e-04trmiss40_trlocglobal,29,0.5810274680455526,0.6849873661994934,0.6488095238095238,0.6091634865868971,0.6444444444444445,0.0,0.0,0.0,0.0,0.0,0.0,0.0,0.0,0.0,,,,,18473,global,0.4
3,5,lr5e-05_bs32_modL1_fusion32_fusionL1_fusionBN0_drop0p2__wd1e-04trmiss40_trlocglobal,32,5e-05,0.0001,1,32,1,False,0.2,lr5e-05_bs32_modL1_fusion32_fusionL1_fusionBN0_drop0p2__wd1e-04trmiss40_trlocglobal,30,0.5733373959859213,0.6857739388942719,0.6567460317460319,0.6167101309756469,0.6444444444444445,0.0,0.0,0.0,0.0,0.0,0.0,0.0,0.0,0.0,,,,,18473,global,0.4
3,5,lr5e-05_bs32_modL1_fusion32_fusionL1_fusionBN0_drop0p2__wd1e-04trmiss40_trlocglobal,32,5e-05,0.0001,1,32,1,False,0.2,lr5e-05_bs32_modL1_fusion32_fusionL1_fusionBN0_drop0p2__wd1e-04trmiss40_trlocglobal,31,0.5774948795636495,0.6847524046897888,0.6607142857142858,0.6168715575050094,0.6444444444444445,0.0,0.0,0.0,0.0,0.0,0.0,0.0,0.0,0.0,,,,,18473,global,0.4
3,5,lr5e-05_bs32_modL1_fusion32_fusionL1_fusionBN0_drop0p2__wd1e-04trmiss40_trlocglobal,32,5e-05,0.0001,1,32,1,False,0.2,lr5e-05_bs32_modL1_fusion32_fusionL1_fusionBN0_drop0p2__wd1e-04trmiss40_trlocglobal,32,0.5723118881384531,0.6838581264019012,0.6626984126984127,0.613548342166708,0.6444444444444445,0.0,0.0,0.0,0.0,0.0,0.0,0.0,0.0,0.0,,,,,18473,global,0.4
3,5,lr5e-05_bs32_modL1_fusion32_fusionL1_fusionBN0_drop0p2__wd1e-04trmiss40_trlocglobal,32,5e-05,0.0001,1,32,1,False,0.2,lr5e-05_bs32_modL1_fusion32_fusionL1_fusionBN0_drop0p2__wd1e-04trmiss40_trlocglobal,33,0.5692202051480612,0.6836451590061188,0.6666666666666666,0.6159748507650387,0.6444444444444445,0.0,0.0,0.0,0.0,0.0,0.0,0.0,0.0,0.0,,,,,18473,global,0.4
3,5,lr5e-05_bs32_modL1_fusion32_fusionL1_fusionBN0_drop0p2__wd1e-04trmiss40_trlocglobal,32,5e-05,0.0001,1,32,1,False,0.2,lr5e-05_bs32_modL1_fusion32_fusionL1_fusionBN0_drop0p2__wd1e-04trmiss40_trlocglobal,34,0.5725180407365164,0.6825592517852783,0.6646825396825398,0.614948578187042,0.6444444444444445,0.0,0.0,0.0,0.0,0.0,0.0,0.0,0.0,0.0,,,,,18473,global,0.4
3,5,lr5e-05_bs32_modL1_fusion32_fusionL1_fusionBN0_drop0p2__wd1e-04trmiss40_trlocglobal,32,5e-05,0.0001,1,32,1,False,0.2,lr5e-05_bs32_modL1_fusion32_fusionL1_fusionBN0_drop0p2__wd1e-04trmiss40_trlocglobal,35,0.5641010403633118,0.6829560101032257,0.6646825396825398,0.6166500109546512,0.6444444444444445,0.0,0.0,0.0,0.0,0.0,0.0,0.0,0.0,0.0,,,,,18473,global,0.4
3,5,lr5e-05_bs32_modL1_fusion32_fusionL1_fusionBN0_drop0p2__wd1e-04trmiss40_trlocglobal,32,5e-05,0.0001,1,32,1,False,0.2,lr5e-05_bs32_modL1_fusion32_fusionL1_fusionBN0_drop0p2__wd1e-04trmiss40_trlocglobal,36,0.5632931490739187,0.6818909347057343,0.6765873015873016,0.6285548532358126,0.6444444444444445,0.0,0.0,0.0,0.0,0.0,0.0,0.0,0.0,0.0,,,,,18473,global,0.4
3,5,lr5e-05_bs32_modL1_fusion32_fusionL1_fusionBN0_drop0p2__wd1e-04trmiss40_trlocglobal,32,5e-05,0.0001,1,32,1,False,0.2,lr5e-05_bs32_modL1_fusion32_fusionL1_fusionBN0_drop0p2__wd1e-04trmiss40_trlocglobal,37,0.5562861561775208,0.6825808882713318,0.6785714285714286,0.6277134066706819,0.6444444444444445,0.0,0.0,0.0,0.0,0.0,0.0,0.0,0.0,0.0,,,,,18473,global,0.4
3,5,lr5e-05_bs32_modL1_fusion32_fusionL1_fusionBN0_drop0p2__wd1e-04trmiss40_trlocglobal,32,5e-05,0.0001,1,32,1,False,0.2,lr5e-05_bs32_modL1_fusion32_fusionL1_fusionBN0_drop0p2__wd1e-04trmiss40_trlocglobal,38,0.5621066689491272,0.6838415563106537,0.6706349206349207,0.6214447697939484,0.6444444444444445,0.0,0.0,0.0,0.0,0.0,0.0,0.0,0.0,0.0,,,,,18473,global,0.4
3,5,lr5e-05_bs32_modL1_fusion32_fusionL1_fusionBN0_drop0p2__wd1e-04trmiss40_trlocglobal,32,5e-05,0.0001,1,32,1,False,0.2,lr5e-05_bs32_modL1_fusion32_fusionL1_fusionBN0_drop0p2__wd1e-04trmiss40_trlocglobal,39,0.5655298133691152,0.6841324269771576,0.6746031746031746,0.6250395410357784,0.6444444444444445,0.0,0.0,0.0,0.0,0.0,0.0,0.0,0.0,0.0,,,,,18473,global,0.4
3,5,lr5e-05_bs32_modL1_fusion32_fusionL1_fusionBN0_drop0p2__wd1e-04trmiss40_trlocglobal,32,5e-05,0.0001,1,32,1,False,0.2,lr5e-05_bs32_modL1_fusion32_fusionL1_fusionBN0_drop0p2__wd1e-04trmiss40_trlocglobal,40,0.5474909543991089,0.6838032603263855,0.6746031746031745,0.6255734479183696,0.6444444444444445,0.0,0.0,0.0,0.0,0.0,0.0,0.0,0.0,0.0,,,,,18473,global,0.4
3,5,lr5e-05_bs32_modL1_fusion32_fusionL1_fusionBN0_drop0p2__wd1e-04trmiss40_trlocglobal,32,5e-05,0.0001,1,32,1,False,0.2,lr5e-05_bs32_modL1_fusion32_fusionL1_fusionBN0_drop0p2__wd1e-04trmiss40_trlocglobal,41,0.5599409143129984,0.6836797893047333,0.6726190476190477,0.6228334448658664,0.6444444444444445,0.0,0.0,0.0,0.0,0.0,0.0,0.0,0.0,0.0,,,,,18473,global,0.4
3,5,lr5e-05_bs32_modL1_fusion32_fusionL1_fusionBN0_drop0p2__wd1e-04trmiss40_trlocglobal,32,5e-05,0.0001,1,32,1,False,0.2,lr5e-05_bs32_modL1_fusion32_fusionL1_fusionBN0_drop0p2__wd1e-04trmiss40_trlocglobal,42,0.5510630706946055,0.6837895810604095,0.6666666666666667,0.6184967283416499,0.6444444444444445,0.0,0.0,0.0,0.0,0.0,0.0,0.0,0.0,0.0,,,,,18473,global,0.4
3,5,lr5e-05_bs32_modL1_fusion32_fusionL1_fusionBN0_drop0p2__wd1e-04trmiss40_trlocglobal,32,5e-05,0.0001,1,32,1,False,0.2,lr5e-05_bs32_modL1_fusion32_fusionL1_fusionBN0_drop0p2__wd1e-04trmiss40_trlocglobal,43,0.538558304309845,0.6836099624633789,0.6587301587301587,0.6117339078288294,0.6444444444444445,0.0,0.0,0.0,0.0,0.0,0.0,0.0,0.0,0.0,,,,,18473,global,0.4
3,5,lr5e-05_bs32_modL1_fusion32_fusionL1_fusionBN0_drop0p2__wd1e-04trmiss40_trlocglobal,32,5e-05,0.0001,1,32,1,False,0.2,lr5e-05_bs32_modL1_fusion32_fusionL1_fusionBN0_drop0p2__wd1e-04trmiss40_trlocglobal,44,0.5450366934140524,0.6838628351688385,0.6567460317460317,0.6105261783602304,0.6444444444444445,0.0,0.0,0.0,0.0,0.0,0.0,0.0,0.0,0.0,,,,,18473,global,0.4
3,5,lr5e-05_bs32_modL1_fusion32_fusionL1_fusionBN0_drop0p2__wd1e-04trmiss40_trlocglobal,32,5e-05,0.0001,1,32,1,False,0.2,lr5e-05_bs32_modL1_fusion32_fusionL1_fusionBN0_drop0p2__wd1e-04trmiss40_trlocglobal,45,0.5548233091831207,0.6837130486965179,0.6587301587301587,0.6103124663346925,0.6444444444444445,0.0,0.0,0.0,0.0,0.0,0.0,0.0,0.0,0.0,,,,,18473,global,0.4
3,5,lr5e-05_bs32_modL1_fusion32_fusionL1_fusionBN0_drop0p2__wd1e-04trmiss40_trlocglobal,32,5e-05,0.0001,1,32,1,False,0.2,lr5e-05_bs32_modL1_fusion32_fusionL1_fusionBN0_drop0p2__wd1e-04trmiss40_trlocglobal,46,0.5440425674120585,0.6836256086826324,0.6587301587301587,0.6108097431806536,0.6444444444444445,0.0,0.0,0.0,0.0,0.0,0.0,0.0,0.0,0.0,,,,,18473,global,0.4
3,5,lr5e-05_bs32_modL1_fusion32_fusionL1_fusionBN0_drop0p2__wd1e-04trmiss40_trlocglobal,32,5e-05,0.0001,1,32,1,False,0.2,lr5e-05_bs32_modL1_fusion32_fusionL1_fusionBN0_drop0p2__wd1e-04trmiss40_trlocglobal,47,0.5506093303362528,0.6837171614170074,0.6527777777777778,0.6058639437226591,0.6444444444444445,0.0,0.0,0.0,0.0,0.0,0.0,0.0,0.0,0.0,,,,,18473,global,0.4
3,5,lr5e-05_bs32_modL1_fusion32_fusionL1_fusionBN0_drop0p2__wd1e-04trmiss40_trlocglobal,32,5e-05,0.0001,1,32,1,False,0.2,lr5e-05_bs32_modL1_fusion32_fusionL1_fusionBN0_drop0p2__wd1e-04trmiss40_trlocglobal,48,0.5446981290976206,0.6837461590766907,0.6607142857142857,0.6119729774358593,0.6444444444444445,0.0,0.0,0.0,0.0,0.0,0.0,0.0,0.0,0.0,,,,,18473,global,0.4
3,5,lr5e-05_bs32_modL1_fusion32_fusionL1_fusionBN0_drop0p2__wd1e-04trmiss40_trlocglobal,32,5e-05,0.0001,1,32,1,False,0.2,lr5e-05_bs32_modL1_fusion32_fusionL1_fusionBN0_drop0p2__wd1e-04trmiss40_trlocglobal,49,0.5406611263751984,0.6841269135475159,0.6646825396825397,0.6156415923177095,0.6444444444444445,0.0,0.0,0.0,0.0,0.0,0.0,0.0,0.0,0.0,,,,,18473,global,0.4
3,5,lr5e-05_bs32_modL1_fusion32_fusionL1_fusionBN0_drop0p2__wd1e-04trmiss40_trlocglobal,32,5e-05,0.0001,1,32,1,False,0.2,lr5e-05_bs32_modL1_fusion32_fusionL1_fusionBN0_drop0p2__wd1e-04trmiss40_trlocglobal,50,0.5299376447995504,0.6829985678195953,0.6587301587301587,0.6108895832519751,0.6444444444444445,0.0,0.0,0.0,0.0,0.0,0.0,0.0,0.0,0.0,,,,,18473,global,0.4
3,5,lr5e-05_bs32_modL1_fusion32_fusionL1_fusionBN0_drop0p2__wd1e-04trmiss40_trlocglobal,32,5e-05,0.0001,1,32,1,False,0.2,lr5e-05_bs32_modL1_fusion32_fusionL1_fusionBN0_drop0p2__wd1e-04trmiss40_trlocglobal,51,0.5337252020835876,0.6819605231285095,0.6567460317460317,0.6093917619012125,0.6444444444444445,0.0,0.0,0.0,0.0,0.0,0.0,0.0,0.0,0.0,,,,,18473,global,0.4
3,5,lr5e-05_bs32_modL1_fusion32_fusionL1_fusionBN0_drop0p2__wd1e-04trmiss40_trlocglobal,32,5e-05,0.0001,1,32,1,False,0.2,lr5e-05_bs32_modL1_fusion32_fusionL1_fusionBN0_drop0p2__wd1e-04trmiss40_trlocglobal,52,0.5302694489558538,0.6813006103038788,0.6666666666666666,0.6178829959531084,0.6444444444444445,0.0,0.0,0.0,0.0,0.0,0.0,0.0,0.0,0.0,,,,,18473,global,0.4
3,5,lr5e-05_bs32_modL1_fusion32_fusionL1_fusionBN0_drop0p2__wd1e-04trmiss40_trlocglobal,32,5e-05,0.0001,1,32,1,False,0.2,lr5e-05_bs32_modL1_fusion32_fusionL1_fusionBN0_drop0p2__wd1e-04trmiss40_trlocglobal,53,0.5372790396213531,0.6809728443622589,0.6686507936507936,0.6196687102388226,0.6444444444444445,0.0,0.0,0.0,0.0,0.0,0.0,0.0,0.0,0.0,,,,,18473,global,0.4
3,5,lr5e-05_bs32_modL1_fusion32_fusionL1_fusionBN0_drop0p2__wd1e-04trmiss40_trlocglobal,32,5e-05,0.0001,1,32,1,False,0.2,lr5e-05_bs32_modL1_fusion32_fusionL1_fusionBN0_drop0p2__wd1e-04trmiss40_trlocglobal,54,0.5369972884654999,0.6813813149929047,0.6706349206349206,0.6218054623755748,0.6444444444444445,0.0,0.0,0.0,0.0,0.0,0.0,0.0,0.0,0.0,,,,,18473,global,0.4
3,5,lr5e-05_bs32_modL1_fusion32_fusionL1_fusionBN0_drop0p2__wd1e-04trmiss40_trlocglobal,32,5e-05,0.0001,1,32,1,False,0.2,lr5e-05_bs32_modL1_fusion32_fusionL1_fusionBN0_drop0p2__wd1e-04trmiss40_trlocglobal,55,0.5341605146725973,0.6818795204162598,0.6726190476190476,0.6243307149008273,0.6444444444444445,0.0,0.0,0.0,0.0,0.0,0.0,0.0,0.0,0.0,,,,,18473,global,0.4
3,5,lr5e-05_bs32_modL1_fusion32_fusionL1_fusionBN0_drop0p2__wd1e-04trmiss40_trlocglobal,32,5e-05,0.0001,1,32,1,False,0.2,lr5e-05_bs32_modL1_fusion32_fusionL1_fusionBN0_drop0p2__wd1e-04trmiss40_trlocglobal,56,0.5324395497639974,0.6825873851776123,0.6706349206349206,0.6218054623755748,0.6444444444444445,0.0,0.0,0.0,0.0,0.0,0.0,0.0,0.0,0.0,,,,,18473,global,0.4
3,5,lr5e-05_bs32_modL1_fusion32_fusionL1_fusionBN0_drop0p2__wd1e-04trmiss40_trlocglobal,32,5e-05,0.0001,1,32,1,False,0.2,lr5e-05_bs32_modL1_fusion32_fusionL1_fusionBN0_drop0p2__wd1e-04trmiss40_trlocglobal,57,0.5249985853830973,0.6825422942638397,0.6726190476190476,0.6223039807965908,0.6444444444444445,0.0,0.0,0.0,0.0,0.0,0.0,0.0,0.0,0.0,,,,,18473,global,0.4
3,5,lr5e-05_bs32_modL1_fusion32_fusionL1_fusionBN0_drop0p1__wd1e-04trmiss40_trlocglobal,32,5e-05,0.0001,1,32,1,False,0.1,lr5e-05_bs32_modL1_fusion32_fusionL1_fusionBN0_drop0p1__wd1e-04trmiss40_trlocglobal,1,0.726536343495051,0.7119671702384949,0.5615079365079365,0.6018026819269682,0.4666666666666667,0.0,0.0,0.0,0.0,0.0,0.0,0.0,0.0,0.0,,,,,18473,global,0.4
3,5,lr5e-05_bs32_modL1_fusion32_fusionL1_fusionBN0_drop0p1__wd1e-04trmiss40_trlocglobal,32,5e-05,0.0001,1,32,1,False,0.1,lr5e-05_bs32_modL1_fusion32_fusionL1_fusionBN0_drop0p1__wd1e-04trmiss40_trlocglobal,2,0.710084855556488,0.7143954336643219,0.5476190476190477,0.5929494421302984,0.4666666666666667,0.0,0.0,0.0,0.0,0.0,0.0,0.0,0.0,0.0,,,,,18473,global,0.4
3,5,lr5e-05_bs32_modL1_fusion32_fusionL1_fusionBN0_drop0p1__wd1e-04trmiss40_trlocglobal,32,5e-05,0.0001,1,32,1,False,0.1,lr5e-05_bs32_modL1_fusion32_fusionL1_fusionBN0_drop0p1__wd1e-04trmiss40_trlocglobal,3,0.695504903793335,0.7155817449092865,0.5476190476190477,0.582850182608169,0.4666666666666667,0.0,0.0,0.0,0.0,0.0,0.0,0.0,0.0,0.0,,,,,18473,global,0.4
3,5,lr5e-05_bs32_modL1_fusion32_fusionL1_fusionBN0_drop0p1__wd1e-04trmiss40_trlocglobal,32,5e-05,0.0001,1,32,1,False,0.1,lr5e-05_bs32_modL1_fusion32_fusionL1_fusionBN0_drop0p1__wd1e-04trmiss40_trlocglobal,4,0.6946557064851125,0.7165383100509644,0.5456349206349207,0.5836370935765316,0.4666666666666667,0.0,0.0,0.0,0.0,0.0,0.0,0.0,0.0,0.0,,,,,18473,global,0.4
3,5,lr5e-05_bs32_modL1_fusion32_fusionL1_fusionBN0_drop0p1__wd1e-04trmiss40_trlocglobal,32,5e-05,0.0001,1,32,1,False,0.1,lr5e-05_bs32_modL1_fusion32_fusionL1_fusionBN0_drop0p1__wd1e-04trmiss40_trlocglobal,5,0.677749882141749,0.717040091753006,0.5396825396825397,0.5754564909665812,0.4666666666666667,0.0,0.0,0.0,0.0,0.0,0.0,0.0,0.0,0.0,,,,,18473,global,0.4
3,5,lr5e-05_bs32_modL1_fusion32_fusionL1_fusionBN0_drop0p1__wd1e-04trmiss40_trlocglobal,32,5e-05,0.0001,1,32,1,False,0.1,lr5e-05_bs32_modL1_fusion32_fusionL1_fusionBN0_drop0p1__wd1e-04trmiss40_trlocglobal,6,0.6824234624703726,0.717206597328186,0.5476190476190477,0.5804703498670248,0.4666666666666667,0.0,0.0,0.0,0.0,0.0,0.0,0.0,0.0,0.0,,,,,18473,global,0.4
3,5,lr5e-05_bs32_modL1_fusion32_fusionL1_fusionBN0_drop0p1__wd1e-04trmiss40_trlocglobal,32,5e-05,0.0001,1,32,1,False,0.1,lr5e-05_bs32_modL1_fusion32_fusionL1_fusionBN0_drop0p1__wd1e-04trmiss40_trlocglobal,7,0.6737936834494272,0.7167372703552246,0.5615079365079365,0.5964671867215224,0.4666666666666667,0.0,0.0,0.0,0.0,0.0,0.0,0.0,0.0,0.0,,,,,18473,global,0.4
3,5,lr5e-05_bs32_modL1_fusion32_fusionL1_fusionBN0_drop0p1__wd1e-04trmiss40_trlocglobal,32,5e-05,0.0001,1,32,1,False,0.1,lr5e-05_bs32_modL1_fusion32_fusionL1_fusionBN0_drop0p1__wd1e-04trmiss40_trlocglobal,8,0.6689094205697378,0.7163805961608887,0.5753968253968254,0.602839826057691,0.4666666666666667,0.0,0.0,0.0,0.0,0.0,0.0,0.0,0.0,0.0,,,,,18473,global,0.4
3,5,lr5e-05_bs32_modL1_fusion32_fusionL1_fusionBN0_drop0p1__wd1e-04trmiss40_trlocglobal,32,5e-05,0.0001,1,32,1,False,0.1,lr5e-05_bs32_modL1_fusion32_fusionL1_fusionBN0_drop0p1__wd1e-04trmiss40_trlocglobal,9,0.6644619901974996,0.7156388461589813,0.5773809523809524,0.590433972163016,0.4666666666666667,0.0,0.0,0.0,0.0,0.0,0.0,0.0,0.0,0.0,,,,,18473,global,0.4
3,5,lr5e-05_bs32_modL1_fusion32_fusionL1_fusionBN0_drop0p1__wd1e-04trmiss40_trlocglobal,32,5e-05,0.0001,1,32,1,False,0.1,lr5e-05_bs32_modL1_fusion32_fusionL1_fusionBN0_drop0p1__wd1e-04trmiss40_trlocglobal,10,0.6633133689562479,0.7158446907997131,0.5813492063492064,0.5912485805117932,0.4666666666666667,0.0,0.0,0.0,0.0,0.0,0.0,0.0,0.0,0.0,,,,,18473,global,0.4
3,5,lr5e-05_bs32_modL1_fusion32_fusionL1_fusionBN0_drop0p1__wd1e-04trmiss40_trlocglobal,32,5e-05,0.0001,1,32,1,False,0.1,lr5e-05_bs32_modL1_fusion32_fusionL1_fusionBN0_drop0p1__wd1e-04trmiss40_trlocglobal,11,0.6619860033194224,0.7156917750835419,0.5833333333333334,0.5945974286439533,0.4666666666666667,0.0,0.0,0.0,0.0,0.0,0.0,0.0,0.0,0.0,,,,,18473,global,0.4
3,5,lr5e-05_bs32_modL1_fusion32_fusionL1_fusionBN0_drop0p1__wd1e-04trmiss40_trlocglobal,32,5e-05,0.0001,1,32,1,False,0.1,lr5e-05_bs32_modL1_fusion32_fusionL1_fusionBN0_drop0p1__wd1e-04trmiss40_trlocglobal,12,0.6487146119276682,0.7153778076171875,0.5892857142857142,0.5966859454852058,0.4666666666666667,0.0,0.0,0.0,0.0,0.0,0.0,0.0,0.0,0.0,,,,,18473,global,0.4
3,5,lr5e-05_bs32_modL1_fusion32_fusionL1_fusionBN0_drop0p1__wd1e-04trmiss40_trlocglobal,32,5e-05,0.0001,1,32,1,False,0.1,lr5e-05_bs32_modL1_fusion32_fusionL1_fusionBN0_drop0p1__wd1e-04trmiss40_trlocglobal,13,0.6487631301085154,0.7149567008018494,0.5793650793650794,0.5840565491466492,0.4666666666666667,0.0,0.0,0.0,0.0,0.0,0.0,0.0,0.0,0.0,,,,,18473,global,0.4
3,5,lr5e-05_bs32_modL1_fusion32_fusionL1_fusionBN0_drop0p1__wd1e-04trmiss40_trlocglobal,32,5e-05,0.0001,1,32,1,False,0.1,lr5e-05_bs32_modL1_fusion32_fusionL1_fusionBN0_drop0p1__wd1e-04trmiss40_trlocglobal,14,0.6416588028271993,0.7145886123180389,0.5773809523809524,0.583552640317544,0.4666666666666667,0.0,0.0,0.0,0.0,0.0,0.0,0.0,0.0,0.0,,,,,18473,global,0.4
3,5,lr5e-05_bs32_modL1_fusion32_fusionL1_fusionBN0_drop0p1__wd1e-04trmiss40_trlocglobal,32,5e-05,0.0001,1,32,1,False,0.1,lr5e-05_bs32_modL1_fusion32_fusionL1_fusionBN0_drop0p1__wd1e-04trmiss40_trlocglobal,15,0.6427142918109894,0.7142505943775177,0.5714285714285714,0.5783964835561365,0.4666666666666667,0.0,0.0,0.0,0.0,0.0,0.0,0.0,0.0,0.0,,,,,18473,global,0.4
3,5,lr5e-05_bs32_modL1_fusion32_fusionL1_fusionBN0_drop0p1__wd1e-04trmiss40_trlocglobal,32,5e-05,0.0001,1,32,1,False,0.1,lr5e-05_bs32_modL1_fusion32_fusionL1_fusionBN0_drop0p1__wd1e-04trmiss40_trlocglobal,16,0.6433316568533579,0.7145816683769226,0.5694444444444445,0.5769220407716925,0.4666666666666667,0.0,0.0,0.0,0.0,0.0,0.0,0.0,0.0,0.0,,,,,18473,global,0.4
3,5,lr5e-05_bs32_modL1_fusion32_fusionL1_fusionBN0_drop0p1__wd1e-04trmiss40_trlocglobal,32,5e-05,0.0001,1,32,1,False,0.1,lr5e-05_bs32_modL1_fusion32_fusionL1_fusionBN0_drop0p1__wd1e-04trmiss40_trlocglobal,17,0.6365871528784434,0.7146695554256439,0.5654761904761905,0.5729381252216708,0.4666666666666667,0.0,0.0,0.0,0.0,0.0,0.0,0.0,0.0,0.0,,,,,18473,global,0.4
3,5,lr5e-05_bs32_modL1_fusion32_fusionL1_fusionBN0_drop0p1__wd1e-04trmiss40_trlocglobal,32,5e-05,0.0001,1,32,1,False,0.1,lr5e-05_bs32_modL1_fusion32_fusionL1_fusionBN0_drop0p1__wd1e-04trmiss40_trlocglobal,18,0.6330297986666361,0.7142954468727112,0.5694444444444444,0.5779968633066874,0.4666666666666667,0.0,0.0,0.0,0.0,0.0,0.0,0.0,0.0,0.0,,,,,18473,global,0.4
3,5,lr5e-05_bs32_modL1_fusion32_fusionL1_fusionBN0_drop0p1__wd1e-04trmiss40_trlocglobal,32,5e-05,0.0001,1,32,1,False,0.1,lr5e-05_bs32_modL1_fusion32_fusionL1_fusionBN0_drop0p1__wd1e-04trmiss40_trlocglobal,19,0.6293645401795706,0.7139784395694733,0.5734126984126984,0.5784357829305465,0.4666666666666667,0.0,0.0,0.0,0.0,0.0,0.0,0.0,0.0,0.0,,,,,18473,global,0.4
3,5,lr5e-05_bs32_modL1_fusion32_fusionL1_fusionBN0_drop0p1__wd1e-04trmiss40_trlocglobal,32,5e-05,0.0001,1,32,1,False,0.1,lr5e-05_bs32_modL1_fusion32_fusionL1_fusionBN0_drop0p1__wd1e-04trmiss40_trlocglobal,20,0.6225947539011637,0.7133676409721375,0.5793650793650793,0.5815366897751765,0.4666666666666667,0.0,0.0,0.0,0.0,0.0,0.0,0.0,0.0,0.0,,,,,18473,global,0.4
3,5,lr5e-05_bs32_modL1_fusion32_fusionL1_fusionBN0_drop0p1__wd1e-04trmiss40_trlocglobal,32,5e-05,0.0001,1,32,1,False,0.1,lr5e-05_bs32_modL1_fusion32_fusionL1_fusionBN0_drop0p1__wd1e-04trmiss40_trlocglobal,21,0.618162582317988,0.7129498720169067,0.5892857142857143,0.5876221040593792,0.4666666666666667,0.0,0.0,0.0,0.0,0.0,0.0,0.0,0.0,0.0,,,,,18473,global,0.4
3,5,lr5e-05_bs32_modL1_fusion32_fusionL1_fusionBN0_drop0p1__wd1e-04trmiss40_trlocglobal,32,5e-05,0.0001,1,32,1,False,0.1,lr5e-05_bs32_modL1_fusion32_fusionL1_fusionBN0_drop0p1__wd1e-04trmiss40_trlocglobal,22,0.6217470765113831,0.713014543056488,0.5932539682539683,0.5863258043523739,0.4666666666666667,0.0,0.0,0.0,0.0,0.0,0.0,0.0,0.0,0.0,,,,,18473,global,0.4
3,5,lr5e-05_bs32_modL1_fusion32_fusionL1_fusionBN0_drop0p1__wd1e-04trmiss40_trlocglobal,32,5e-05,0.0001,1,32,1,False,0.1,lr5e-05_bs32_modL1_fusion32_fusionL1_fusionBN0_drop0p1__wd1e-04trmiss40_trlocglobal,23,0.617202083269755,0.7108012735843658,0.6130952380952381,0.5947752208632037,0.4666666666666667,0.0,0.0,0.0,0.0,0.0,0.0,0.0,0.0,0.0,,,,,18473,global,0.4
3,5,lr5e-05_bs32_modL1_fusion32_fusionL1_fusionBN0_drop0p1__wd1e-04trmiss40_trlocglobal,32,5e-05,0.0001,1,32,1,False,0.1,lr5e-05_bs32_modL1_fusion32_fusionL1_fusionBN0_drop0p1__wd1e-04trmiss40_trlocglobal,24,0.6094930668671926,0.70904940366745,0.6190476190476191,0.5958644843162864,0.4666666666666667,0.0,0.0,0.0,0.0,0.0,0.0,0.0,0.0,0.0,,,,,18473,global,0.4
3,5,lr5e-05_bs32_modL1_fusion32_fusionL1_fusionBN0_drop0p1__wd1e-04trmiss40_trlocglobal,32,5e-05,0.0001,1,32,1,False,0.1,lr5e-05_bs32_modL1_fusion32_fusionL1_fusionBN0_drop0p1__wd1e-04trmiss40_trlocglobal,25,0.6076644361019135,0.7086819410324097,0.621031746031746,0.5991380306932811,0.4666666666666667,0.0,0.0,0.0,0.0,0.0,0.0,0.0,0.0,0.0,,,,,18473,global,0.4
3,5,lr5e-05_bs32_modL1_fusion32_fusionL1_fusionBN0_drop0p1__wd1e-04trmiss40_trlocglobal,32,5e-05,0.0001,1,32,1,False,0.1,lr5e-05_bs32_modL1_fusion32_fusionL1_fusionBN0_drop0p1__wd1e-04trmiss40_trlocglobal,26,0.6111156046390533,0.7093898355960846,0.6150793650793651,0.5967720511504752,0.4666666666666667,0.0,0.0,0.0,0.0,0.0,0.0,0.0,0.0,0.0,,,,,18473,global,0.4
3,5,lr5e-05_bs32_modL1_fusion32_fusionL1_fusionBN0_drop0p1__wd1e-04trmiss40_trlocglobal,32,5e-05,0.0001,1,32,1,False,0.1,lr5e-05_bs32_modL1_fusion32_fusionL1_fusionBN0_drop0p1__wd1e-04trmiss40_trlocglobal,27,0.6074787278970083,0.7103409469127655,0.6031746031746033,0.5874448673273236,0.4666666666666667,0.0,0.0,0.0,0.0,0.0,0.0,0.0,0.0,0.0,,,,,18473,global,0.4
3,5,lr5e-05_bs32_modL1_fusion32_fusionL1_fusionBN0_drop0p1__wd1e-04trmiss40_trlocglobal,32,5e-05,0.0001,1,32,1,False,0.1,lr5e-05_bs32_modL1_fusion32_fusionL1_fusionBN0_drop0p1__wd1e-04trmiss40_trlocglobal,28,0.6075982451438904,0.7105545103549957,0.6031746031746033,0.5888899322847938,0.4666666666666667,0.0,0.0,0.0,0.0,0.0,0.0,0.0,0.0,0.0,,,,,18473,global,0.4
3,5,lr5e-05_bs32_modL1_fusion32_fusionL1_fusionBN0_drop0p1__wd1e-04trmiss40_trlocglobal,32,5e-05,0.0001,1,32,1,False,0.1,lr5e-05_bs32_modL1_fusion32_fusionL1_fusionBN0_drop0p1__wd1e-04trmiss40_trlocglobal,29,0.6045276323954264,0.7093258202075958,0.6071428571428572,0.5907264473124406,0.4666666666666667,0.0,0.0,0.0,0.0,0.0,0.0,0.0,0.0,0.0,,,,,18473,global,0.4
3,5,lr5e-05_bs32_modL1_fusion32_fusionL1_fusionBN0_drop0p1__wd1e-04trmiss40_trlocglobal,32,5e-05,0.0001,1,32,1,False,0.1,lr5e-05_bs32_modL1_fusion32_fusionL1_fusionBN0_drop0p1__wd1e-04trmiss40_trlocglobal,30,0.5944965978463491,0.707526445388794,0.6170634920634921,0.5956536275168385,0.4666666666666667,0.0,0.0,0.0,0.0,0.0,0.0,0.0,0.0,0.0,,,,,18473,global,0.4
3,5,lr5e-05_bs32_modL1_fusion32_fusionL1_fusionBN0_drop0p1__wd1e-04trmiss40_trlocglobal,32,5e-05,0.0001,1,32,1,False,0.1,lr5e-05_bs32_modL1_fusion32_fusionL1_fusionBN0_drop0p1__wd1e-04trmiss40_trlocglobal,31,0.5924893716971079,0.7062219977378845,0.6111111111111112,0.5927406821996437,0.4666666666666667,0.0,0.0,0.0,0.0,0.0,0.0,0.0,0.0,0.0,,,,,18473,global,0.4
3,5,lr5e-05_bs32_modL1_fusion32_fusionL1_fusionBN0_drop0p1__wd1e-04trmiss40_trlocglobal,32,5e-05,0.0001,1,32,1,False,0.1,lr5e-05_bs32_modL1_fusion32_fusionL1_fusionBN0_drop0p1__wd1e-04trmiss40_trlocglobal,32,0.5969429810841879,0.7061262726783752,0.6130952380952381,0.5942855473494599,0.4666666666666667,0.0,0.0,0.0,0.0,0.0,0.0,0.0,0.0,0.0,,,,,18473,global,0.4
3,5,lr5e-05_bs32_modL1_fusion32_fusionL1_fusionBN0_drop0p1__wd1e-04trmiss40_trlocglobal,32,5e-05,0.0001,1,32,1,False,0.1,lr5e-05_bs32_modL1_fusion32_fusionL1_fusionBN0_drop0p1__wd1e-04trmiss40_trlocglobal,33,0.5969108839829763,0.7063486576080322,0.6190476190476191,0.5987836689528446,0.4666666666666667,0.0,0.0,0.0,0.0,0.0,0.0,0.0,0.0,0.0,,,,,18473,global,0.4
3,5,lr5e-05_bs32_modL1_fusion32_fusionL1_fusionBN0_drop0p1__wd1e-04trmiss40_trlocglobal,32,5e-05,0.0001,1,32,1,False,0.1,lr5e-05_bs32_modL1_fusion32_fusionL1_fusionBN0_drop0p1__wd1e-04trmiss40_trlocglobal,34,0.5883221924304962,0.7066129446029663,0.6071428571428572,0.5932941409153508,0.4666666666666667,0.0,0.0,0.0,0.0,0.0,0.0,0.0,0.0,0.0,,,,,18473,global,0.4
3,5,lr5e-05_bs32_modL1_fusion32_fusionL1_fusionBN0_drop0p1__wd1e-04trmiss40_trlocglobal,32,5e-05,0.0001,1,32,1,False,0.1,lr5e-05_bs32_modL1_fusion32_fusionL1_fusionBN0_drop0p1__wd1e-04trmiss40_trlocglobal,35,0.5857316454251608,0.7067320346832275,0.6130952380952381,0.5953774260715528,0.4666666666666667,0.0,0.0,0.0,0.0,0.0,0.0,0.0,0.0,0.0,,,,,18473,global,0.4
3,5,lr5e-05_bs32_modL1_fusion32_fusionL1_fusionBN0_drop0p1__wd1e-04trmiss40_trlocglobal,32,5e-05,0.0001,1,32,1,False,0.1,lr5e-05_bs32_modL1_fusion32_fusionL1_fusionBN0_drop0p1__wd1e-04trmiss40_trlocglobal,36,0.584817091623942,0.706336110830307,0.6091269841269841,0.5960928834933995,0.4444444444444444,0.0,0.0,0.0,0.0,0.0,0.0,0.0,0.0,0.0,,,,,18473,global,0.4
3,5,lr5e-05_bs32_modL1_fusion32_fusionL1_fusionBN0_drop0p1__wd1e-04trmiss40_trlocglobal,32,5e-05,0.0001,1,32,1,False,0.1,lr5e-05_bs32_modL1_fusion32_fusionL1_fusionBN0_drop0p1__wd1e-04trmiss40_trlocglobal,37,0.5820127030213674,0.7054896652698517,0.6051587301587301,0.592350938769375,0.4444444444444444,0.0,0.0,0.0,0.0,0.0,0.0,0.0,0.0,0.0,,,,,18473,global,0.4
3,5,lr5e-05_bs32_modL1_fusion32_fusionL1_fusionBN0_drop0p1__wd1e-04trmiss40_trlocglobal,32,5e-05,0.0001,1,32,1,False,0.1,lr5e-05_bs32_modL1_fusion32_fusionL1_fusionBN0_drop0p1__wd1e-04trmiss40_trlocglobal,38,0.5807037055492401,0.7050747275352478,0.6091269841269842,0.5947168518072425,0.4444444444444444,0.0,0.0,0.0,0.0,0.0,0.0,0.0,0.0,0.0,,,,,18473,global,0.4
3,5,lr5e-05_bs32_modL1_fusion32_fusionL1_fusionBN0_drop0p1__wd1e-04trmiss40_trlocglobal,32,5e-05,0.0001,1,32,1,False,0.1,lr5e-05_bs32_modL1_fusion32_fusionL1_fusionBN0_drop0p1__wd1e-04trmiss40_trlocglobal,39,0.5832833747069041,0.7054280042648315,0.6051587301587302,0.5905269429349624,0.4444444444444444,0.0,0.0,0.0,0.0,0.0,0.0,0.0,0.0,0.0,,,,,18473,global,0.4
3,5,lr5e-05_bs32_modL1_fusion32_fusionL1_fusionBN0_drop0p1__wd1e-04trmiss40_trlocglobal,32,5e-05,0.0001,1,32,1,False,0.1,lr5e-05_bs32_modL1_fusion32_fusionL1_fusionBN0_drop0p1__wd1e-04trmiss40_trlocglobal,40,0.5807311435540518,0.706969678401947,0.5912698412698413,0.5817184765284569,0.4444444444444444,0.0,0.0,0.0,0.0,0.0,0.0,0.0,0.0,0.0,,,,,18473,global,0.4
3,5,lr5e-05_bs32_modL1_fusion32_fusionL1_fusionBN0_drop0p1__wd1e-04trmiss40_trlocglobal,32,5e-05,0.0001,1,32,1,False,0.1,lr5e-05_bs32_modL1_fusion32_fusionL1_fusionBN0_drop0p1__wd1e-04trmiss40_trlocglobal,41,0.5758857925732931,0.7084043025970459,0.5912698412698413,0.5817618497335948,0.4444444444444444,0.0,0.0,0.0,0.0,0.0,0.0,0.0,0.0,0.0,,,,,18473,global,0.4
3,5,lr5e-05_bs32_modL1_fusion32_fusionL1_fusionBN0_drop0p1__wd1e-04trmiss40_trlocglobal,32,5e-05,0.0001,1,32,1,False,0.1,lr5e-05_bs32_modL1_fusion32_fusionL1_fusionBN0_drop0p1__wd1e-04trmiss40_trlocglobal,42,0.5747969051202139,0.707635909318924,0.5873015873015873,0.580089245943851,0.4444444444444444,0.0,0.0,0.0,0.0,0.0,0.0,0.0,0.0,0.0,,,,,18473,global,0.4
3,5,lr5e-05_bs32_modL1_fusion32_fusionL1_fusionBN0_drop0p1__wd1e-04trmiss40_trlocglobal,32,5e-05,0.0001,1,32,1,False,0.1,lr5e-05_bs32_modL1_fusion32_fusionL1_fusionBN0_drop0p1__wd1e-04trmiss40_trlocglobal,43,0.5763402978579203,0.7065130472183228,0.5892857142857143,0.5841671875217925,0.4444444444444444,0.0,0.0,0.0,0.0,0.0,0.0,0.0,0.0,0.0,,,,,18473,global,0.4
3,5,lr5e-05_bs32_modL1_fusion32_fusionL1_fusionBN0_drop0p1__wd1e-04trmiss40_trlocglobal,32,5e-05,0.0001,1,32,1,False,0.1,lr5e-05_bs32_modL1_fusion32_fusionL1_fusionBN0_drop0p1__wd1e-04trmiss40_trlocglobal,44,0.5775859157244364,0.706330806016922,0.5892857142857143,0.5844684999828147,0.4444444444444444,0.0,0.0,0.0,0.0,0.0,0.0,0.0,0.0,0.0,,,,,18473,global,0.4
3,5,lr5e-05_bs32_modL1_fusion32_fusionL1_fusionBN0_drop0p1__wd1e-04trmiss40_trlocglobal,32,5e-05,0.0001,1,32,1,False,0.1,lr5e-05_bs32_modL1_fusion32_fusionL1_fusionBN0_drop0p1__wd1e-04trmiss40_trlocglobal,45,0.5658955872058868,0.7060894072055817,0.5912698412698413,0.5854092803353597,0.4444444444444444,0.0,0.0,0.0,0.0,0.0,0.0,0.0,0.0,0.0,,,,,18473,global,0.4
3,5,lr1e-05_bs32_modL1_fusion16_fusionL1_fusionBN0_drop0p2__wd1e-04trmiss40_trlocglobal,32,1e-05,0.0001,1,16,1,False,0.2,lr1e-05_bs32_modL1_fusion16_fusionL1_fusionBN0_drop0p2__wd1e-04trmiss40_trlocglobal,1,0.7122920950253805,0.7046306431293488,0.4246031746031746,0.5366991652233645,0.5333333333333333,0.0,0.0,0.0,0.0,0.0,0.0,0.0,0.0,0.0,,,,,18473,global,0.4
3,5,lr1e-05_bs32_modL1_fusion16_fusionL1_fusionBN0_drop0p2__wd1e-04trmiss40_trlocglobal,32,1e-05,0.0001,1,16,1,False,0.2,lr1e-05_bs32_modL1_fusion16_fusionL1_fusionBN0_drop0p2__wd1e-04trmiss40_trlocglobal,2,0.7058015068372091,0.7058211863040924,0.43253968253968256,0.550464470679337,0.5333333333333333,0.0,0.0,0.0,0.0,0.0,0.0,0.0,0.0,0.0,,,,,18473,global,0.4
3,5,lr1e-05_bs32_modL1_fusion16_fusionL1_fusionBN0_drop0p2__wd1e-04trmiss40_trlocglobal,32,1e-05,0.0001,1,16,1,False,0.2,lr1e-05_bs32_modL1_fusion16_fusionL1_fusionBN0_drop0p2__wd1e-04trmiss40_trlocglobal,3,0.7016313473383585,0.7070816457271576,0.43452380952380953,0.55121600532309,0.5333333333333333,0.0,0.0,0.0,0.0,0.0,0.0,0.0,0.0,0.0,,,,,18473,global,0.4
3,5,lr1e-05_bs32_modL1_fusion16_fusionL1_fusionBN0_drop0p2__wd1e-04trmiss40_trlocglobal,32,1e-05,0.0001,1,16,1,False,0.2,lr1e-05_bs32_modL1_fusion16_fusionL1_fusionBN0_drop0p2__wd1e-04trmiss40_trlocglobal,4,0.6965847810109457,0.7080776393413544,0.43253968253968256,0.5584630020605282,0.5333333333333333,0.0,0.0,0.0,0.0,0.0,0.0,0.0,0.0,0.0,,,,,18473,global,0.4
3,5,lr1e-05_bs32_modL1_fusion16_fusionL1_fusionBN0_drop0p2__wd1e-04trmiss40_trlocglobal,32,1e-05,0.0001,1,16,1,False,0.2,lr1e-05_bs32_modL1_fusion16_fusionL1_fusionBN0_drop0p2__wd1e-04trmiss40_trlocglobal,5,0.7011701961358389,0.7088003158569336,0.43849206349206354,0.5747655308325692,0.5333333333333333,0.0,0.0,0.0,0.0,0.0,0.0,0.0,0.0,0.0,,,,,18473,global,0.4
3,5,lr1e-05_bs32_modL1_fusion16_fusionL1_fusionBN0_drop0p2__wd1e-04trmiss40_trlocglobal,32,1e-05,0.0001,1,16,1,False,0.2,lr1e-05_bs32_modL1_fusion16_fusionL1_fusionBN0_drop0p2__wd1e-04trmiss40_trlocglobal,6,0.7026779552300771,0.7094144821166992,0.43452380952380953,0.5807933344465798,0.5333333333333333,0.0,0.0,0.0,0.0,0.0,0.0,0.0,0.0,0.0,,,,,18473,global,0.4
3,5,lr1e-05_bs32_modL1_fusion16_fusionL1_fusionBN0_drop0p2__wd1e-04trmiss40_trlocglobal,32,1e-05,0.0001,1,16,1,False,0.2,lr1e-05_bs32_modL1_fusion16_fusionL1_fusionBN0_drop0p2__wd1e-04trmiss40_trlocglobal,7,0.6772994299729665,0.7098234295845032,0.4305555555555556,0.5792185041217495,0.5333333333333333,0.0,0.0,0.0,0.0,0.0,0.0,0.0,0.0,0.0,,,,,18473,global,0.4
3,5,lr1e-05_bs32_modL1_fusion16_fusionL1_fusionBN0_drop0p2__wd1e-04trmiss40_trlocglobal,32,1e-05,0.0001,1,16,1,False,0.2,lr1e-05_bs32_modL1_fusion16_fusionL1_fusionBN0_drop0p2__wd1e-04trmiss40_trlocglobal,8,0.6973743140697479,0.7102886438369751,0.4285714285714286,0.5798282533062824,0.5333333333333333,0.0,0.0,0.0,0.0,0.0,0.0,0.0,0.0,0.0,,,,,18473,global,0.4
3,5,lr1e-05_bs32_modL1_fusion16_fusionL1_fusionBN0_drop0p2__wd1e-04trmiss40_trlocglobal,32,1e-05,0.0001,1,16,1,False,0.2,lr1e-05_bs32_modL1_fusion16_fusionL1_fusionBN0_drop0p2__wd1e-04trmiss40_trlocglobal,9,0.6777373452981313,0.7102034389972687,0.42857142857142866,0.5797227645398029,0.5333333333333333,0.0,0.0,0.0,0.0,0.0,0.0,0.0,0.0,0.0,,,,,18473,global,0.4
3,5,lr1e-05_bs32_modL1_fusion16_fusionL1_fusionBN0_drop0p2__wd1e-04trmiss40_trlocglobal,32,1e-05,0.0001,1,16,1,False,0.2,lr1e-05_bs32_modL1_fusion16_fusionL1_fusionBN0_drop0p2__wd1e-04trmiss40_trlocglobal,10,0.6857164104779562,0.7097561359405518,0.4206349206349207,0.5746372277434589,0.5333333333333333,0.0,0.0,0.0,0.0,0.0,0.0,0.0,0.0,0.0,,,,,18473,global,0.4
3,5,lr1e-05_bs32_modL1_fusion16_fusionL1_fusionBN0_drop0p2__wd1e-04trmiss40_trlocglobal,32,1e-05,0.0001,1,16,1,False,0.2,lr1e-05_bs32_modL1_fusion16_fusionL1_fusionBN0_drop0p2__wd1e-04trmiss40_trlocglobal,11,0.6810015439987183,0.7091348469257355,0.4285714285714286,0.5770595280840969,0.5333333333333333,0.0,0.0,0.0,0.0,0.0,0.0,0.0,0.0,0.0,,,,,18473,global,0.4
3,5,lr1e-05_bs32_modL1_fusion16_fusionL1_fusionBN0_drop0p2__wd1e-04trmiss40_trlocglobal,32,1e-05,0.0001,1,16,1,False,0.2,lr1e-05_bs32_modL1_fusion16_fusionL1_fusionBN0_drop0p2__wd1e-04trmiss40_trlocglobal,12,0.6799884835879008,0.7089619338512421,0.4206349206349207,0.5743046254042776,0.5333333333333333,0.0,0.0,0.0,0.0,0.0,0.0,0.0,0.0,0.0,,,,,18473,global,0.4
3,5,lr1e-05_bs32_modL1_fusion16_fusionL1_fusionBN0_drop0p2__wd1e-04trmiss40_trlocglobal,32,1e-05,0.0001,1,16,1,False,0.2,lr1e-05_bs32_modL1_fusion16_fusionL1_fusionBN0_drop0p2__wd1e-04trmiss40_trlocglobal,13,0.6887736121813456,0.7085941135883331,0.42063492063492064,0.5730551065796754,0.5333333333333333,0.0,0.0,0.0,0.0,0.0,0.0,0.0,0.0,0.0,,,,,18473,global,0.4
3,5,lr1e-05_bs32_modL1_fusion16_fusionL1_fusionBN0_drop0p2__wd1e-04trmiss40_trlocglobal,32,1e-05,0.0001,1,16,1,False,0.2,lr1e-05_bs32_modL1_fusion16_fusionL1_fusionBN0_drop0p2__wd1e-04trmiss40_trlocglobal,14,0.675889273484548,0.7087624967098236,0.4226190476190476,0.5742111312243096,0.5333333333333333,0.0,0.0,0.0,0.0,0.0,0.0,0.0,0.0,0.0,,,,,18473,global,0.4
3,5,lr1e-05_bs32_modL1_fusion16_fusionL1_fusionBN0_drop0p2__wd1e-04trmiss40_trlocglobal,32,1e-05,0.0001,1,16,1,False,0.2,lr1e-05_bs32_modL1_fusion16_fusionL1_fusionBN0_drop0p2__wd1e-04trmiss40_trlocglobal,15,0.6689814527829488,0.7087997496128082,0.41865079365079366,0.5720586513512415,0.5333333333333333,0.0,0.0,0.0,0.0,0.0,0.0,0.0,0.0,0.0,,,,,18473,global,0.4
3,5,lr1e-05_bs32_modL1_fusion16_fusionL1_fusionBN0_drop0p2__wd1e-04trmiss40_trlocglobal,32,1e-05,0.0001,1,16,1,False,0.2,lr1e-05_bs32_modL1_fusion16_fusionL1_fusionBN0_drop0p2__wd1e-04trmiss40_trlocglobal,16,0.666536549727122,0.7083881199359894,0.42460317460317465,0.5759711921510371,0.5333333333333333,0.0,0.0,0.0,0.0,0.0,0.0,0.0,0.0,0.0,,,,,18473,global,0.4
3,5,lr1e-05_bs32_modL1_fusion16_fusionL1_fusionBN0_drop0p2__wd1e-04trmiss40_trlocglobal,32,1e-05,0.0001,1,16,1,False,0.2,lr1e-05_bs32_modL1_fusion16_fusionL1_fusionBN0_drop0p2__wd1e-04trmiss40_trlocglobal,17,0.6711259484291077,0.7084967792034149,0.42261904761904767,0.5750957454103715,0.5333333333333333,0.0,0.0,0.0,0.0,0.0,0.0,0.0,0.0,0.0,,,,,18473,global,0.4
3,5,lr1e-05_bs32_modL1_fusion16_fusionL1_fusionBN0_drop0p2__wd1e-04trmiss40_trlocglobal,32,1e-05,0.0001,1,16,1,False,0.2,lr1e-05_bs32_modL1_fusion16_fusionL1_fusionBN0_drop0p2__wd1e-04trmiss40_trlocglobal,18,0.6700641214847565,0.7084765136241913,0.42460317460317465,0.5758932154858895,0.5333333333333333,0.0,0.0,0.0,0.0,0.0,0.0,0.0,0.0,0.0,,,,,18473,global,0.4
3,5,lr1e-05_bs32_modL1_fusion16_fusionL1_fusionBN0_drop0p2__wd1e-04trmiss40_trlocglobal,32,1e-05,0.0001,1,16,1,False,0.2,lr1e-05_bs32_modL1_fusion16_fusionL1_fusionBN0_drop0p2__wd1e-04trmiss40_trlocglobal,19,0.676971842845281,0.7083569169044495,0.42063492063492064,0.5749728044792716,0.5333333333333333,0.0,0.0,0.0,0.0,0.0,0.0,0.0,0.0,0.0,,,,,18473,global,0.4
3,5,lr1e-05_bs32_modL1_fusion16_fusionL1_fusionBN0_drop0p2__wd1e-04trmiss40_trlocglobal,32,1e-05,0.0001,1,16,1,False,0.2,lr1e-05_bs32_modL1_fusion16_fusionL1_fusionBN0_drop0p2__wd1e-04trmiss40_trlocglobal,20,0.6743540565172831,0.7080740928649902,0.4285714285714286,0.5788119310389863,0.5333333333333333,0.0,0.0,0.0,0.0,0.0,0.0,0.0,0.0,0.0,,,,,18473,global,0.4
3,5,lr1e-05_bs32_modL1_fusion16_fusionL1_fusionBN0_drop0p2__wd1e-04trmiss40_trlocglobal,32,1e-05,0.0001,1,16,1,False,0.2,lr1e-05_bs32_modL1_fusion16_fusionL1_fusionBN0_drop0p2__wd1e-04trmiss40_trlocglobal,21,0.6660003562768301,0.7076356112957001,0.4365079365079365,0.5819689370453918,0.5555555555555556,0.0,0.0,0.0,0.0,0.0,0.0,0.0,0.0,0.0,,,,,18473,global,0.4
3,5,lr1e-05_bs32_modL1_fusion16_fusionL1_fusionBN0_drop0p2__wd1e-04trmiss40_trlocglobal,32,1e-05,0.0001,1,16,1,False,0.2,lr1e-05_bs32_modL1_fusion16_fusionL1_fusionBN0_drop0p2__wd1e-04trmiss40_trlocglobal,22,0.6741859714190165,0.7073529064655304,0.4305555555555555,0.5784641009711771,0.5555555555555556,0.0,0.0,0.0,0.0,0.0,0.0,0.0,0.0,0.0,,,,,18473,global,0.4
3,5,lr1e-05_bs32_modL1_fusion16_fusionL1_fusionBN0_drop0p2__wd1e-04trmiss40_trlocglobal,32,1e-05,0.0001,1,16,1,False,0.2,lr1e-05_bs32_modL1_fusion16_fusionL1_fusionBN0_drop0p2__wd1e-04trmiss40_trlocglobal,23,0.6647920111815134,0.7070436179637909,0.43253968253968256,0.5801599246696646,0.5555555555555556,0.0,0.0,0.0,0.0,0.0,0.0,0.0,0.0,0.0,,,,,18473,global,0.4
3,5,lr1e-05_bs32_modL1_fusion16_fusionL1_fusionBN0_drop0p2__wd1e-04trmiss40_trlocglobal,32,1e-05,0.0001,1,16,1,False,0.2,lr1e-05_bs32_modL1_fusion16_fusionL1_fusionBN0_drop0p2__wd1e-04trmiss40_trlocglobal,24,0.6542707780996958,0.7077286839485168,0.43253968253968256,0.5803952667907499,0.5555555555555556,0.0,0.0,0.0,0.0,0.0,0.0,0.0,0.0,0.0,,,,,18473,global,0.4
3,5,lr1e-05_bs32_modL1_fusion16_fusionL1_fusionBN0_drop0p2__wd1e-04trmiss40_trlocglobal,32,1e-05,0.0001,1,16,1,False,0.2,lr1e-05_bs32_modL1_fusion16_fusionL1_fusionBN0_drop0p2__wd1e-04trmiss40_trlocglobal,25,0.6645973126093546,0.7072418630123138,0.43253968253968256,0.5803952667907499,0.5555555555555556,0.0,0.0,0.0,0.0,0.0,0.0,0.0,0.0,0.0,,,,,18473,global,0.4
3,5,lr1e-05_bs32_modL1_fusion16_fusionL1_fusionBN0_drop0p1__wd1e-04trmiss40_trlocglobal,32,1e-05,0.0001,1,16,1,False,0.1,lr1e-05_bs32_modL1_fusion16_fusionL1_fusionBN0_drop0p1__wd1e-04trmiss40_trlocglobal,1,0.7017139891783396,0.6989032030105591,0.5734126984126984,0.6480771231382012,0.4666666666666667,0.0,0.0,0.0,0.0,0.0,0.0,0.0,0.0,0.0,,,,,18473,global,0.4
3,5,lr1e-05_bs32_modL1_fusion16_fusionL1_fusionBN0_drop0p1__wd1e-04trmiss40_trlocglobal,32,1e-05,0.0001,1,16,1,False,0.1,lr1e-05_bs32_modL1_fusion16_fusionL1_fusionBN0_drop0p1__wd1e-04trmiss40_trlocglobal,2,0.7036765019098917,0.6990170180797577,0.5912698412698413,0.6653838850037866,0.4666666666666667,0.0,0.0,0.0,0.0,0.0,0.0,0.0,0.0,0.0,,,,,18473,global,0.4
3,5,lr1e-05_bs32_modL1_fusion16_fusionL1_fusionBN0_drop0p1__wd1e-04trmiss40_trlocglobal,32,1e-05,0.0001,1,16,1,False,0.1,lr1e-05_bs32_modL1_fusion16_fusionL1_fusionBN0_drop0p1__wd1e-04trmiss40_trlocglobal,3,0.6911905209223429,0.6990799307823181,0.5773809523809524,0.6539606741674103,0.5111111111111111,0.0,0.0,0.0,0.0,0.0,0.0,0.0,0.0,0.0,,,,,18473,global,0.4
3,5,lr1e-05_bs32_modL1_fusion16_fusionL1_fusionBN0_drop0p1__wd1e-04trmiss40_trlocglobal,32,1e-05,0.0001,1,16,1,False,0.1,lr1e-05_bs32_modL1_fusion16_fusionL1_fusionBN0_drop0p1__wd1e-04trmiss40_trlocglobal,4,0.6918218731880188,0.6989325284957886,0.5833333333333334,0.6573615239896311,0.5111111111111111,0.0,0.0,0.0,0.0,0.0,0.0,0.0,0.0,0.0,,,,,18473,global,0.4
3,5,lr1e-05_bs32_modL1_fusion16_fusionL1_fusionBN0_drop0p1__wd1e-04trmiss40_trlocglobal,32,1e-05,0.0001,1,16,1,False,0.1,lr1e-05_bs32_modL1_fusion16_fusionL1_fusionBN0_drop0p1__wd1e-04trmiss40_trlocglobal,5,0.6919570763905843,0.6990278363227844,0.5833333333333333,0.657321381670077,0.5111111111111111,0.0,0.0,0.0,0.0,0.0,0.0,0.0,0.0,0.0,,,,,18473,global,0.4
3,5,lr1e-05_bs32_modL1_fusion16_fusionL1_fusionBN0_drop0p1__wd1e-04trmiss40_trlocglobal,32,1e-05,0.0001,1,16,1,False,0.1,lr1e-05_bs32_modL1_fusion16_fusionL1_fusionBN0_drop0p1__wd1e-04trmiss40_trlocglobal,6,0.6900440255800883,0.699472963809967,0.5734126984126985,0.6531904614015275,0.4888888888888889,0.0,0.0,0.0,0.0,0.0,0.0,0.0,0.0,0.0,,,,,18473,global,0.4
3,5,lr1e-05_bs32_modL1_fusion16_fusionL1_fusionBN0_drop0p1__wd1e-04trmiss40_trlocglobal,32,1e-05,0.0001,1,16,1,False,0.1,lr1e-05_bs32_modL1_fusion16_fusionL1_fusionBN0_drop0p1__wd1e-04trmiss40_trlocglobal,7,0.6857293844223022,0.6996384561061859,0.5654761904761905,0.6470910654661381,0.4888888888888889,0.0,0.0,0.0,0.0,0.0,0.0,0.0,0.0,0.0,,,,,18473,global,0.4
3,5,lr1e-05_bs32_modL1_fusion16_fusionL1_fusionBN0_drop0p1__wd1e-04trmiss40_trlocglobal,32,1e-05,0.0001,1,16,1,False,0.1,lr1e-05_bs32_modL1_fusion16_fusionL1_fusionBN0_drop0p1__wd1e-04trmiss40_trlocglobal,8,0.6853392422199249,0.6994996070861816,0.5654761904761905,0.6435982480593141,0.4888888888888889,0.0,0.0,0.0,0.0,0.0,0.0,0.0,0.0,0.0,,,,,18473,global,0.4
3,5,lr1e-05_bs32_modL1_fusion16_fusionL1_fusionBN0_drop0p1__wd1e-04trmiss40_trlocglobal,32,1e-05,0.0001,1,16,1,False,0.1,lr1e-05_bs32_modL1_fusion16_fusionL1_fusionBN0_drop0p1__wd1e-04trmiss40_trlocglobal,9,0.6800717115402222,0.6997199952602386,0.5634920634920635,0.6413886520997181,0.4888888888888889,0.0,0.0,0.0,0.0,0.0,0.0,0.0,0.0,0.0,,,,,18473,global,0.4
3,5,lr1e-05_bs32_modL1_fusion16_fusionL1_fusionBN0_drop0p1__wd1e-04trmiss40_trlocglobal,32,1e-05,0.0001,1,16,1,False,0.1,lr1e-05_bs32_modL1_fusion16_fusionL1_fusionBN0_drop0p1__wd1e-04trmiss40_trlocglobal,10,0.683192104101181,0.6998531818389893,0.5535714285714286,0.6372706374978325,0.5111111111111111,0.0,0.0,0.0,0.0,0.0,0.0,0.0,0.0,0.0,,,,,18473,global,0.4
3,5,lr1e-05_bs32_modL1_fusion16_fusionL1_fusionBN0_drop0p1__wd1e-04trmiss40_trlocglobal,32,1e-05,0.0001,1,16,1,False,0.1,lr1e-05_bs32_modL1_fusion16_fusionL1_fusionBN0_drop0p1__wd1e-04trmiss40_trlocglobal,11,0.6765369375546774,0.700129359960556,0.5575396825396826,0.6417043981815933,0.5333333333333333,0.0,0.0,0.0,0.0,0.0,0.0,0.0,0.0,0.0,,,,,18473,global,0.4
3,5,lr1e-05_bs32_modL1_fusion16_fusionL1_fusionBN0_drop0p1__wd1e-04trmiss40_trlocglobal,32,1e-05,0.0001,1,16,1,False,0.1,lr1e-05_bs32_modL1_fusion16_fusionL1_fusionBN0_drop0p1__wd1e-04trmiss40_trlocglobal,12,0.6798554360866547,0.6999211311340332,0.5575396825396826,0.640386105263838,0.5333333333333333,0.0,0.0,0.0,0.0,0.0,0.0,0.0,0.0,0.0,,,,,18473,global,0.4
3,5,lr1e-05_bs32_modL1_fusion16_fusionL1_fusionBN0_drop0p1__wd1e-04trmiss40_trlocglobal,32,1e-05,0.0001,1,16,1,False,0.1,lr1e-05_bs32_modL1_fusion16_fusionL1_fusionBN0_drop0p1__wd1e-04trmiss40_trlocglobal,13,0.6784039537111918,0.7000778019428253,0.5535714285714286,0.6389104108193935,0.5333333333333333,0.0,0.0,0.0,0.0,0.0,0.0,0.0,0.0,0.0,,,,,18473,global,0.4
3,5,lr1e-05_bs32_modL1_fusion16_fusionL1_fusionBN0_drop0p1__wd1e-04trmiss40_trlocglobal,32,1e-05,0.0001,1,16,1,False,0.1,lr1e-05_bs32_modL1_fusion16_fusionL1_fusionBN0_drop0p1__wd1e-04trmiss40_trlocglobal,14,0.6732533574104309,0.7002118825912476,0.5496031746031746,0.6321185915275742,0.5333333333333333,0.0,0.0,0.0,0.0,0.0,0.0,0.0,0.0,0.0,,,,,18473,global,0.4
3,5,lr1e-05_bs32_modL1_fusion16_fusionL1_fusionBN0_drop0p1__wd1e-04trmiss40_trlocglobal,32,1e-05,0.0001,1,16,1,False,0.1,lr1e-05_bs32_modL1_fusion16_fusionL1_fusionBN0_drop0p1__wd1e-04trmiss40_trlocglobal,15,0.6688874761263529,0.7001214623451233,0.5476190476190476,0.6312975734651768,0.5333333333333333,0.0,0.0,0.0,0.0,0.0,0.0,0.0,0.0,0.0,,,,,18473,global,0.4
3,5,lr1e-05_bs32_modL1_fusion16_fusionL1_fusionBN0_drop0p1__wd1e-04trmiss40_trlocglobal,32,1e-05,0.0001,1,16,1,False,0.1,lr1e-05_bs32_modL1_fusion16_fusionL1_fusionBN0_drop0p1__wd1e-04trmiss40_trlocglobal,16,0.6691146592299143,0.7003627717494965,0.5535714285714286,0.6385037993695171,0.5333333333333333,0.0,0.0,0.0,0.0,0.0,0.0,0.0,0.0,0.0,,,,,18473,global,0.4
3,5,lr1e-05_bs32_modL1_fusion16_fusionL1_fusionBN0_drop0p1__wd1e-04trmiss40_trlocglobal,32,1e-05,0.0001,1,16,1,False,0.1,lr1e-05_bs32_modL1_fusion16_fusionL1_fusionBN0_drop0p1__wd1e-04trmiss40_trlocglobal,17,0.6639022628466288,0.7003243565559387,0.5515873015873016,0.6401985427981315,0.5333333333333333,0.0,0.0,0.0,0.0,0.0,0.0,0.0,0.0,0.0,,,,,18473,global,0.4
3,5,lr1e-05_bs32_modL1_fusion16_fusionL1_fusionBN0_drop0p1__wd1e-04trmiss40_trlocglobal,32,1e-05,0.0001,1,16,1,False,0.1,lr1e-05_bs32_modL1_fusion16_fusionL1_fusionBN0_drop0p1__wd1e-04trmiss40_trlocglobal,18,0.6741966406504313,0.7002961933612823,0.5476190476190477,0.6429330767826654,0.5333333333333333,0.0,0.0,0.0,0.0,0.0,0.0,0.0,0.0,0.0,,,,,18473,global,0.4
3,5,lr1e-05_bs32_modL1_fusion16_fusionL1_fusionBN0_drop0p1__wd1e-04trmiss40_trlocglobal,32,1e-05,0.0001,1,16,1,False,0.1,lr1e-05_bs32_modL1_fusion16_fusionL1_fusionBN0_drop0p1__wd1e-04trmiss40_trlocglobal,19,0.6679250697294871,0.700483649969101,0.5436507936507937,0.6188172261581942,0.5333333333333333,0.0,0.0,0.0,0.0,0.0,0.0,0.0,0.0,0.0,,,,,18473,global,0.4
3,5,lr1e-05_bs32_modL1_fusion16_fusionL1_fusionBN0_drop0p1__wd1e-04trmiss40_trlocglobal,32,1e-05,0.0001,1,16,1,False,0.1,lr1e-05_bs32_modL1_fusion16_fusionL1_fusionBN0_drop0p1__wd1e-04trmiss40_trlocglobal,20,0.6650702655315399,0.700556755065918,0.5456349206349207,0.6237775436185117,0.5333333333333333,0.0,0.0,0.0,0.0,0.0,0.0,0.0,0.0,0.0,,,,,18473,global,0.4
3,5,lr1e-05_bs32_modL1_fusion16_fusionL1_fusionBN0_drop0p1__wd1e-04trmiss40_trlocglobal,32,1e-05,0.0001,1,16,1,False,0.1,lr1e-05_bs32_modL1_fusion16_fusionL1_fusionBN0_drop0p1__wd1e-04trmiss40_trlocglobal,21,0.6657137970129648,0.7003953456878662,0.5416666666666667,0.6379081792945327,0.5333333333333333,0.0,0.0,0.0,0.0,0.0,0.0,0.0,0.0,0.0,,,,,18473,global,0.4
3,5,lr1e-05_bs32_modL1_fusion16_fusionL1_fusionBN0_drop0p1__wd1e-04trmiss40_trlocglobal,32,1e-05,0.0001,1,16,1,False,0.1,lr1e-05_bs32_modL1_fusion16_fusionL1_fusionBN0_drop0p1__wd1e-04trmiss40_trlocglobal,22,0.6634097198645273,0.7004941701889038,0.5396825396825397,0.636926899101296,0.5333333333333333,0.0,0.0,0.0,0.0,0.0,0.0,0.0,0.0,0.0,,,,,18473,global,0.4
3,5,lr1e-05_bs32_modL1_fusion16_fusionL1_fusionBN0_drop0p1__wd1e-04trmiss40_trlocglobal,32,1e-05,0.0001,1,16,1,False,0.1,lr1e-05_bs32_modL1_fusion16_fusionL1_fusionBN0_drop0p1__wd1e-04trmiss40_trlocglobal,23,0.666068305571874,0.7008246183395386,0.5376984126984127,0.6347173031416999,0.5333333333333333,0.0,0.0,0.0,0.0,0.0,0.0,0.0,0.0,0.0,,,,,18473,global,0.4
3,5,lr1e-05_bs32_modL1_fusion16_fusionL1_fusionBN0_drop0p1__wd1e-04trmiss40_trlocglobal,32,1e-05,0.0001,1,16,1,False,0.1,lr1e-05_bs32_modL1_fusion16_fusionL1_fusionBN0_drop0p1__wd1e-04trmiss40_trlocglobal,24,0.6591623028119405,0.7005755603313446,0.5396825396825397,0.6332836314494076,0.5333333333333333,0.0,0.0,0.0,0.0,0.0,0.0,0.0,0.0,0.0,,,,,18473,global,0.4
3,5,lr1e-05_bs32_modL1_fusion16_fusionL1_fusionBN0_drop0p1__wd1e-04trmiss40_trlocglobal,32,1e-05,0.0001,1,16,1,False,0.1,lr1e-05_bs32_modL1_fusion16_fusionL1_fusionBN0_drop0p1__wd1e-04trmiss40_trlocglobal,25,0.6666252613067627,0.7007555365562439,0.5357142857142857,0.6316358938102906,0.5333333333333333,0.0,0.0,0.0,0.0,0.0,0.0,0.0,0.0,0.0,,,,,18473,global,0.4
3,5,lr1e-05_bs32_modL1_fusion32_fusionL1_fusionBN0_drop0p2__wd1e-04trmiss40_trlocglobal,32,1e-05,0.0001,1,32,1,False,0.2,lr1e-05_bs32_modL1_fusion32_fusionL1_fusionBN0_drop0p2__wd1e-04trmiss40_trlocglobal,1,0.6987819572289785,0.6955775022506714,0.5,0.5589874786802789,0.4888888888888889,0.0,0.0,0.0,0.0,0.0,0.0,0.0,0.0,0.0,,,,,18473,global,0.4
3,5,lr1e-05_bs32_modL1_fusion32_fusionL1_fusionBN0_drop0p2__wd1e-04trmiss40_trlocglobal,32,1e-05,0.0001,1,32,1,False,0.2,lr1e-05_bs32_modL1_fusion32_fusionL1_fusionBN0_drop0p2__wd1e-04trmiss40_trlocglobal,2,0.6932649711767832,0.69660484790802,0.4880952380952381,0.5557425143766828,0.5111111111111111,0.0,0.0,0.0,0.0,0.0,0.0,0.0,0.0,0.0,,,,,18473,global,0.4
3,5,lr1e-05_bs32_modL1_fusion32_fusionL1_fusionBN0_drop0p2__wd1e-04trmiss40_trlocglobal,32,1e-05,0.0001,1,32,1,False,0.2,lr1e-05_bs32_modL1_fusion32_fusionL1_fusionBN0_drop0p2__wd1e-04trmiss40_trlocglobal,3,0.6917129755020142,0.6971300542354584,0.49404761904761907,0.5588341418056331,0.5111111111111111,0.0,0.0,0.0,0.0,0.0,0.0,0.0,0.0,0.0,,,,,18473,global,0.4
3,5,lr1e-05_bs32_modL1_fusion32_fusionL1_fusionBN0_drop0p2__wd1e-04trmiss40_trlocglobal,32,1e-05,0.0001,1,32,1,False,0.2,lr1e-05_bs32_modL1_fusion32_fusionL1_fusionBN0_drop0p2__wd1e-04trmiss40_trlocglobal,4,0.6994825800259908,0.6977768838405609,0.4940476190476191,0.5583448027660379,0.5111111111111111,0.0,0.0,0.0,0.0,0.0,0.0,0.0,0.0,0.0,,,,,18473,global,0.4
3,5,lr1e-05_bs32_modL1_fusion32_fusionL1_fusionBN0_drop0p2__wd1e-04trmiss40_trlocglobal,32,1e-05,0.0001,1,32,1,False,0.2,lr1e-05_bs32_modL1_fusion32_fusionL1_fusionBN0_drop0p2__wd1e-04trmiss40_trlocglobal,5,0.6924257973829905,0.6981652677059174,0.498015873015873,0.5594930131886309,0.5111111111111111,0.0,0.0,0.0,0.0,0.0,0.0,0.0,0.0,0.0,,,,,18473,global,0.4
3,5,lr1e-05_bs32_modL1_fusion32_fusionL1_fusionBN0_drop0p2__wd1e-04trmiss40_trlocglobal,32,1e-05,0.0001,1,32,1,False,0.2,lr1e-05_bs32_modL1_fusion32_fusionL1_fusionBN0_drop0p2__wd1e-04trmiss40_trlocglobal,6,0.6906704703966776,0.6983881890773773,0.498015873015873,0.5538598778858731,0.5111111111111111,0.0,0.0,0.0,0.0,0.0,0.0,0.0,0.0,0.0,,,,,18473,global,0.4
3,5,lr1e-05_bs32_modL1_fusion32_fusionL1_fusionBN0_drop0p2__wd1e-04trmiss40_trlocglobal,32,1e-05,0.0001,1,32,1,False,0.2,lr1e-05_bs32_modL1_fusion32_fusionL1_fusionBN0_drop0p2__wd1e-04trmiss40_trlocglobal,7,0.6859410504500071,0.6983782351016998,0.503968253968254,0.5528682772186062,0.5333333333333333,0.0,0.0,0.0,0.0,0.0,0.0,0.0,0.0,0.0,,,,,18473,global,0.4
3,5,lr1e-05_bs32_modL1_fusion32_fusionL1_fusionBN0_drop0p2__wd1e-04trmiss40_trlocglobal,32,1e-05,0.0001,1,32,1,False,0.2,lr1e-05_bs32_modL1_fusion32_fusionL1_fusionBN0_drop0p2__wd1e-04trmiss40_trlocglobal,8,0.6840405066808065,0.6984062790870667,0.5,0.5489000232503523,0.5333333333333333,0.0,0.0,0.0,0.0,0.0,0.0,0.0,0.0,0.0,,,,,18473,global,0.4
3,5,lr1e-05_bs32_modL1_fusion32_fusionL1_fusionBN0_drop0p2__wd1e-04trmiss40_trlocglobal,32,1e-05,0.0001,1,32,1,False,0.2,lr1e-05_bs32_modL1_fusion32_fusionL1_fusionBN0_drop0p2__wd1e-04trmiss40_trlocglobal,9,0.6853396693865458,0.6982651650905609,0.4960317460317461,0.5423711657407514,0.5111111111111111,0.0,0.0,0.0,0.0,0.0,0.0,0.0,0.0,0.0,,,,,18473,global,0.4
3,5,lr1e-05_bs32_modL1_fusion32_fusionL1_fusionBN0_drop0p2__wd1e-04trmiss40_trlocglobal,32,1e-05,0.0001,1,32,1,False,0.2,lr1e-05_bs32_modL1_fusion32_fusionL1_fusionBN0_drop0p2__wd1e-04trmiss40_trlocglobal,10,0.6865536769231161,0.6982189118862152,0.5,0.5450085048543837,0.5111111111111111,0.0,0.0,0.0,0.0,0.0,0.0,0.0,0.0,0.0,,,,,18473,global,0.4
3,5,lr1e-05_bs32_modL1_fusion32_fusionL1_fusionBN0_drop0p2__wd1e-04trmiss40_trlocglobal,32,1e-05,0.0001,1,32,1,False,0.2,lr1e-05_bs32_modL1_fusion32_fusionL1_fusionBN0_drop0p2__wd1e-04trmiss40_trlocglobal,11,0.6796194712320963,0.6981979608535767,0.5099206349206349,0.553793317096211,0.4888888888888889,0.0,0.0,0.0,0.0,0.0,0.0,0.0,0.0,0.0,,,,,18473,global,0.4
3,5,lr1e-05_bs32_modL1_fusion32_fusionL1_fusionBN0_drop0p2__wd1e-04trmiss40_trlocglobal,32,1e-05,0.0001,1,32,1,False,0.2,lr1e-05_bs32_modL1_fusion32_fusionL1_fusionBN0_drop0p2__wd1e-04trmiss40_trlocglobal,12,0.6887603402137756,0.6978834867477417,0.503968253968254,0.5514998144706933,0.4888888888888889,0.0,0.0,0.0,0.0,0.0,0.0,0.0,0.0,0.0,,,,,18473,global,0.4
3,5,lr1e-05_bs32_modL1_fusion32_fusionL1_fusionBN0_drop0p2__wd1e-04trmiss40_trlocglobal,32,1e-05,0.0001,1,32,1,False,0.2,lr1e-05_bs32_modL1_fusion32_fusionL1_fusionBN0_drop0p2__wd1e-04trmiss40_trlocglobal,13,0.6825106143951416,0.6974419057369232,0.5059523809523809,0.5524128753171623,0.4888888888888889,0.0,0.0,0.0,0.0,0.0,0.0,0.0,0.0,0.0,,,,,18473,global,0.4
3,5,lr1e-05_bs32_modL1_fusion32_fusionL1_fusionBN0_drop0p2__wd1e-04trmiss40_trlocglobal,32,1e-05,0.0001,1,32,1,False,0.2,lr1e-05_bs32_modL1_fusion32_fusionL1_fusionBN0_drop0p2__wd1e-04trmiss40_trlocglobal,14,0.6777941882610321,0.6974694430828094,0.5119047619047619,0.5571474128103204,0.5111111111111111,0.0,0.0,0.0,0.0,0.0,0.0,0.0,0.0,0.0,,,,,18473,global,0.4
3,5,lr1e-05_bs32_modL1_fusion32_fusionL1_fusionBN0_drop0p2__wd1e-04trmiss40_trlocglobal,32,1e-05,0.0001,1,32,1,False,0.2,lr1e-05_bs32_modL1_fusion32_fusionL1_fusionBN0_drop0p2__wd1e-04trmiss40_trlocglobal,15,0.6780083179473877,0.6973048150539398,0.5158730158730159,0.5591105471418759,0.5111111111111111,0.0,0.0,0.0,0.0,0.0,0.0,0.0,0.0,0.0,,,,,18473,global,0.4
3,5,lr1e-05_bs32_modL1_fusion32_fusionL1_fusionBN0_drop0p2__wd1e-04trmiss40_trlocglobal,32,1e-05,0.0001,1,32,1,False,0.2,lr1e-05_bs32_modL1_fusion32_fusionL1_fusionBN0_drop0p2__wd1e-04trmiss40_trlocglobal,16,0.6764320333798727,0.6968916952610016,0.5178571428571429,0.5589667363023405,0.5111111111111111,0.0,0.0,0.0,0.0,0.0,0.0,0.0,0.0,0.0,,,,,18473,global,0.4
3,5,lr1e-05_bs32_modL1_fusion32_fusionL1_fusionBN0_drop0p2__wd1e-04trmiss40_trlocglobal,32,1e-05,0.0001,1,32,1,False,0.2,lr1e-05_bs32_modL1_fusion32_fusionL1_fusionBN0_drop0p2__wd1e-04trmiss40_trlocglobal,17,0.6776808798313141,0.6970097720623016,0.5178571428571429,0.5607593918013913,0.5111111111111111,0.0,0.0,0.0,0.0,0.0,0.0,0.0,0.0,0.0,,,,,18473,global,0.4
3,5,lr1e-05_bs32_modL1_fusion32_fusionL1_fusionBN0_drop0p2__wd1e-04trmiss40_trlocglobal,32,1e-05,0.0001,1,32,1,False,0.2,lr1e-05_bs32_modL1_fusion32_fusionL1_fusionBN0_drop0p2__wd1e-04trmiss40_trlocglobal,18,0.6755075256029764,0.6967751681804657,0.5257936507936508,0.5645787409595955,0.5111111111111111,0.0,0.0,0.0,0.0,0.0,0.0,0.0,0.0,0.0,,,,,18473,global,0.4
3,5,lr1e-05_bs32_modL1_fusion32_fusionL1_fusionBN0_drop0p2__wd1e-04trmiss40_trlocglobal,32,1e-05,0.0001,1,32,1,False,0.2,lr1e-05_bs32_modL1_fusion32_fusionL1_fusionBN0_drop0p2__wd1e-04trmiss40_trlocglobal,19,0.6652564108371735,0.6966135799884796,0.5218253968253967,0.5655681871472124,0.5333333333333333,0.0,0.0,0.0,0.0,0.0,0.0,0.0,0.0,0.0,,,,,18473,global,0.4
3,5,lr1e-05_bs32_modL1_fusion32_fusionL1_fusionBN0_drop0p2__wd1e-04trmiss40_trlocglobal,32,1e-05,0.0001,1,32,1,False,0.2,lr1e-05_bs32_modL1_fusion32_fusionL1_fusionBN0_drop0p2__wd1e-04trmiss40_trlocglobal,20,0.6748595734437307,0.6964343190193176,0.5158730158730159,0.5604614586852208,0.5333333333333333,0.0,0.0,0.0,0.0,0.0,0.0,0.0,0.0,0.0,,,,,18473,global,0.4
3,5,lr1e-05_bs32_modL1_fusion32_fusionL1_fusionBN0_drop0p2__wd1e-04trmiss40_trlocglobal,32,1e-05,0.0001,1,32,1,False,0.2,lr1e-05_bs32_modL1_fusion32_fusionL1_fusionBN0_drop0p2__wd1e-04trmiss40_trlocglobal,21,0.6709407468636831,0.6961908340454102,0.5257936507936508,0.566234055969833,0.5333333333333333,0.0,0.0,0.0,0.0,0.0,0.0,0.0,0.0,0.0,,,,,18473,global,0.4
3,5,lr1e-05_bs32_modL1_fusion32_fusionL1_fusionBN0_drop0p2__wd1e-04trmiss40_trlocglobal,32,1e-05,0.0001,1,32,1,False,0.2,lr1e-05_bs32_modL1_fusion32_fusionL1_fusionBN0_drop0p2__wd1e-04trmiss40_trlocglobal,22,0.6759292980035146,0.6962493658065796,0.5317460317460317,0.5680865955849999,0.5111111111111111,0.0,0.0,0.0,0.0,0.0,0.0,0.0,0.0,0.0,,,,,18473,global,0.4
3,5,lr1e-05_bs32_modL1_fusion32_fusionL1_fusionBN0_drop0p2__wd1e-04trmiss40_trlocglobal,32,1e-05,0.0001,1,32,1,False,0.2,lr1e-05_bs32_modL1_fusion32_fusionL1_fusionBN0_drop0p2__wd1e-04trmiss40_trlocglobal,23,0.6615191797415415,0.6963050961494446,0.5277777777777778,0.5669322120576581,0.5333333333333333,0.0,0.0,0.0,0.0,0.0,0.0,0.0,0.0,0.0,,,,,18473,global,0.4
3,5,lr1e-05_bs32_modL1_fusion32_fusionL1_fusionBN0_drop0p2__wd1e-04trmiss40_trlocglobal,32,1e-05,0.0001,1,32,1,False,0.2,lr1e-05_bs32_modL1_fusion32_fusionL1_fusionBN0_drop0p2__wd1e-04trmiss40_trlocglobal,24,0.6731173098087311,0.6962040960788727,0.5257936507936508,0.5641544342798803,0.5111111111111111,0.0,0.0,0.0,0.0,0.0,0.0,0.0,0.0,0.0,,,,,18473,global,0.4
3,5,lr1e-05_bs32_modL1_fusion32_fusionL1_fusionBN0_drop0p2__wd1e-04trmiss40_trlocglobal,32,1e-05,0.0001,1,32,1,False,0.2,lr1e-05_bs32_modL1_fusion32_fusionL1_fusionBN0_drop0p2__wd1e-04trmiss40_trlocglobal,25,0.6665837466716766,0.696577787399292,0.5257936507936508,0.5849617288004101,0.5111111111111111,0.0,0.0,0.0,0.0,0.0,0.0,0.0,0.0,0.0,,,,,18473,global,0.4
3,5,lr1e-05_bs32_modL1_fusion32_fusionL1_fusionBN0_drop0p2__wd1e-04trmiss40_trlocglobal,32,1e-05,0.0001,1,32,1,False,0.2,lr1e-05_bs32_modL1_fusion32_fusionL1_fusionBN0_drop0p2__wd1e-04trmiss40_trlocglobal,26,0.6665887931982676,0.6965677738189697,0.5297619047619048,0.5677797863467287,0.5111111111111111,0.0,0.0,0.0,0.0,0.0,0.0,0.0,0.0,0.0,,,,,18473,global,0.4
3,5,lr1e-05_bs32_modL1_fusion32_fusionL1_fusionBN0_drop0p2__wd1e-04trmiss40_trlocglobal,32,1e-05,0.0001,1,32,1,False,0.2,lr1e-05_bs32_modL1_fusion32_fusionL1_fusionBN0_drop0p2__wd1e-04trmiss40_trlocglobal,27,0.6655689080556234,0.6964227259159088,0.5317460317460317,0.5678202741589555,0.5111111111111111,0.0,0.0,0.0,0.0,0.0,0.0,0.0,0.0,0.0,,,,,18473,global,0.4
3,5,lr1e-05_bs32_modL1_fusion32_fusionL1_fusionBN0_drop0p2__wd1e-04trmiss40_trlocglobal,32,1e-05,0.0001,1,32,1,False,0.2,lr1e-05_bs32_modL1_fusion32_fusionL1_fusionBN0_drop0p2__wd1e-04trmiss40_trlocglobal,28,0.679937352736791,0.6966446340084076,0.5357142857142857,0.5925437301324115,0.5111111111111111,0.0,0.0,0.0,0.0,0.0,0.0,0.0,0.0,0.0,,,,,18473,global,0.4
3,5,lr1e-05_bs32_modL1_fusion32_fusionL1_fusionBN0_drop0p2__wd1e-04trmiss40_trlocglobal,32,1e-05,0.0001,1,32,1,False,0.2,lr1e-05_bs32_modL1_fusion32_fusionL1_fusionBN0_drop0p2__wd1e-04trmiss40_trlocglobal,29,0.665140300989151,0.6966696381568909,0.5357142857142857,0.5903290154176968,0.4888888888888889,0.0,0.0,0.0,0.0,0.0,0.0,0.0,0.0,0.0,,,,,18473,global,0.4
3,5,lr1e-05_bs32_modL1_fusion32_fusionL1_fusionBN0_drop0p2__wd1e-04trmiss40_trlocglobal,32,1e-05,0.0001,1,32,1,False,0.2,lr1e-05_bs32_modL1_fusion32_fusionL1_fusionBN0_drop0p2__wd1e-04trmiss40_trlocglobal,30,0.66983429590861,0.6965601742267609,0.5297619047619048,0.567971080559762,0.5111111111111111,0.0,0.0,0.0,0.0,0.0,0.0,0.0,0.0,0.0,,,,,18473,global,0.4
3,5,lr1e-05_bs32_modL1_fusion32_fusionL1_fusionBN0_drop0p2__wd1e-04trmiss40_trlocglobal,32,1e-05,0.0001,1,32,1,False,0.2,lr1e-05_bs32_modL1_fusion32_fusionL1_fusionBN0_drop0p2__wd1e-04trmiss40_trlocglobal,31,0.6546222567558289,0.6963480710983276,0.5337301587301587,0.5700336252947205,0.4888888888888889,0.0,0.0,0.0,0.0,0.0,0.0,0.0,0.0,0.0,,,,,18473,global,0.4
3,5,lr1e-05_bs32_modL1_fusion32_fusionL1_fusionBN0_drop0p2__wd1e-04trmiss40_trlocglobal,32,1e-05,0.0001,1,32,1,False,0.2,lr1e-05_bs32_modL1_fusion32_fusionL1_fusionBN0_drop0p2__wd1e-04trmiss40_trlocglobal,32,0.668036699295044,0.696239709854126,0.5337301587301587,0.5697092968453921,0.5111111111111111,0.0,0.0,0.0,0.0,0.0,0.0,0.0,0.0,0.0,,,,,18473,global,0.4
3,5,lr1e-05_bs32_modL1_fusion32_fusionL1_fusionBN0_drop0p2__wd1e-04trmiss40_trlocglobal,32,1e-05,0.0001,1,32,1,False,0.2,lr1e-05_bs32_modL1_fusion32_fusionL1_fusionBN0_drop0p2__wd1e-04trmiss40_trlocglobal,33,0.6623064279556274,0.6962433457374573,0.5297619047619048,0.5656145732446201,0.5111111111111111,0.0,0.0,0.0,0.0,0.0,0.0,0.0,0.0,0.0,,,,,18473,global,0.4
3,5,lr1e-05_bs32_modL1_fusion32_fusionL1_fusionBN0_drop0p2__wd1e-04trmiss40_trlocglobal,32,1e-05,0.0001,1,32,1,False,0.2,lr1e-05_bs32_modL1_fusion32_fusionL1_fusionBN0_drop0p2__wd1e-04trmiss40_trlocglobal,34,0.6633140643437704,0.6958210170269012,0.5277777777777778,0.5631538641028764,0.5111111111111111,0.0,0.0,0.0,0.0,0.0,0.0,0.0,0.0,0.0,,,,,18473,global,0.4
3,5,lr1e-05_bs32_modL1_fusion32_fusionL1_fusionBN0_drop0p2__wd1e-04trmiss40_trlocglobal,32,1e-05,0.0001,1,32,1,False,0.2,lr1e-05_bs32_modL1_fusion32_fusionL1_fusionBN0_drop0p2__wd1e-04trmiss40_trlocglobal,35,0.6563230752944946,0.6954590082168579,0.5297619047619048,0.5641955307695432,0.5111111111111111,0.0,0.0,0.0,0.0,0.0,0.0,0.0,0.0,0.0,,,,,18473,global,0.4
3,5,lr1e-05_bs32_modL1_fusion32_fusionL1_fusionBN0_drop0p2__wd1e-04trmiss40_trlocglobal,32,1e-05,0.0001,1,32,1,False,0.2,lr1e-05_bs32_modL1_fusion32_fusionL1_fusionBN0_drop0p2__wd1e-04trmiss40_trlocglobal,36,0.6587976614634196,0.6956043243408203,0.5317460317460319,0.5650097070147538,0.5111111111111111,0.0,0.0,0.0,0.0,0.0,0.0,0.0,0.0,0.0,,,,,18473,global,0.4
3,5,lr1e-05_bs32_modL1_fusion32_fusionL1_fusionBN0_drop0p2__wd1e-04trmiss40_trlocglobal,32,1e-05,0.0001,1,32,1,False,0.2,lr1e-05_bs32_modL1_fusion32_fusionL1_fusionBN0_drop0p2__wd1e-04trmiss40_trlocglobal,37,0.6529285907745361,0.6953116655349731,0.5337301587301587,0.5667458181258649,0.5111111111111111,0.0,0.0,0.0,0.0,0.0,0.0,0.0,0.0,0.0,,,,,18473,global,0.4
3,5,lr1e-05_bs32_modL1_fusion32_fusionL1_fusionBN0_drop0p2__wd1e-04trmiss40_trlocglobal,32,1e-05,0.0001,1,32,1,False,0.2,lr1e-05_bs32_modL1_fusion32_fusionL1_fusionBN0_drop0p2__wd1e-04trmiss40_trlocglobal,38,0.6598814924558004,0.6951908469200134,0.5337301587301587,0.5651924555527655,0.5111111111111111,0.0,0.0,0.0,0.0,0.0,0.0,0.0,0.0,0.0,,,,,18473,global,0.4
3,5,lr1e-05_bs32_modL1_fusion32_fusionL1_fusionBN0_drop0p2__wd1e-04trmiss40_trlocglobal,32,1e-05,0.0001,1,32,1,False,0.2,lr1e-05_bs32_modL1_fusion32_fusionL1_fusionBN0_drop0p2__wd1e-04trmiss40_trlocglobal,39,0.6552987694740295,0.6947129666805267,0.5376984126984128,0.5678743505043973,0.5111111111111111,0.0,0.0,0.0,0.0,0.0,0.0,0.0,0.0,0.0,,,,,18473,global,0.4
3,5,lr1e-05_bs32_modL1_fusion32_fusionL1_fusionBN0_drop0p2__wd1e-04trmiss40_trlocglobal,32,1e-05,0.0001,1,32,1,False,0.2,lr1e-05_bs32_modL1_fusion32_fusionL1_fusionBN0_drop0p2__wd1e-04trmiss40_trlocglobal,40,0.6461809376875559,0.6947961449623108,0.5376984126984127,0.5662601801723194,0.5111111111111111,0.0,0.0,0.0,0.0,0.0,0.0,0.0,0.0,0.0,,,,,18473,global,0.4
3,5,lr1e-05_bs32_modL1_fusion32_fusionL1_fusionBN0_drop0p2__wd1e-04trmiss40_trlocglobal,32,1e-05,0.0001,1,32,1,False,0.2,lr1e-05_bs32_modL1_fusion32_fusionL1_fusionBN0_drop0p2__wd1e-04trmiss40_trlocglobal,41,0.6588840484619141,0.6945807635784149,0.5376984126984127,0.5641658239112964,0.5111111111111111,0.0,0.0,0.0,0.0,0.0,0.0,0.0,0.0,0.0,,,,,18473,global,0.4
3,5,lr1e-05_bs32_modL1_fusion32_fusionL1_fusionBN0_drop0p2__wd1e-04trmiss40_trlocglobal,32,1e-05,0.0001,1,32,1,False,0.2,lr1e-05_bs32_modL1_fusion32_fusionL1_fusionBN0_drop0p2__wd1e-04trmiss40_trlocglobal,42,0.6496746440728506,0.6944232285022736,0.5416666666666667,0.567873241221655,0.5111111111111111,0.0,0.0,0.0,0.0,0.0,0.0,0.0,0.0,0.0,,,,,18473,global,0.4
3,5,lr1e-05_bs32_modL1_fusion32_fusionL1_fusionBN0_drop0p2__wd1e-04trmiss40_trlocglobal,32,1e-05,0.0001,1,32,1,False,0.2,lr1e-05_bs32_modL1_fusion32_fusionL1_fusionBN0_drop0p2__wd1e-04trmiss40_trlocglobal,43,0.6598590115706126,0.6940586566925049,0.5436507936507937,0.5671303212977006,0.5111111111111111,0.0,0.0,0.0,0.0,0.0,0.0,0.0,0.0,0.0,,,,,18473,global,0.4
3,5,lr1e-05_bs32_modL1_fusion32_fusionL1_fusionBN0_drop0p2__wd1e-04trmiss40_trlocglobal,32,1e-05,0.0001,1,32,1,False,0.2,lr1e-05_bs32_modL1_fusion32_fusionL1_fusionBN0_drop0p2__wd1e-04trmiss40_trlocglobal,44,0.6480257312456766,0.6938716173171997,0.5436507936507937,0.5671303212977006,0.5111111111111111,0.0,0.0,0.0,0.0,0.0,0.0,0.0,0.0,0.0,,,,,18473,global,0.4
3,5,lr1e-05_bs32_modL1_fusion32_fusionL1_fusionBN0_drop0p2__wd1e-04trmiss40_trlocglobal,32,1e-05,0.0001,1,32,1,False,0.2,lr1e-05_bs32_modL1_fusion32_fusionL1_fusionBN0_drop0p2__wd1e-04trmiss40_trlocglobal,45,0.663211872180303,0.6937058568000793,0.5396825396825397,0.5647998658422451,0.5111111111111111,0.0,0.0,0.0,0.0,0.0,0.0,0.0,0.0,0.0,,,,,18473,global,0.4
3,5,lr1e-05_bs32_modL1_fusion32_fusionL1_fusionBN0_drop0p2__wd1e-04trmiss40_trlocglobal,32,1e-05,0.0001,1,32,1,False,0.2,lr1e-05_bs32_modL1_fusion32_fusionL1_fusionBN0_drop0p2__wd1e-04trmiss40_trlocglobal,46,0.6509790221850077,0.6937683522701263,0.5436507936507937,0.5666779585098114,0.5111111111111111,0.0,0.0,0.0,0.0,0.0,0.0,0.0,0.0,0.0,,,,,18473,global,0.4
3,5,lr1e-05_bs32_modL1_fusion32_fusionL1_fusionBN0_drop0p2__wd1e-04trmiss40_trlocglobal,32,1e-05,0.0001,1,32,1,False,0.2,lr1e-05_bs32_modL1_fusion32_fusionL1_fusionBN0_drop0p2__wd1e-04trmiss40_trlocglobal,47,0.6524402399857839,0.693628191947937,0.5416666666666666,0.5653621690361272,0.5111111111111111,0.0,0.0,0.0,0.0,0.0,0.0,0.0,0.0,0.0,,,,,18473,global,0.4
3,5,lr1e-05_bs32_modL1_fusion32_fusionL1_fusionBN0_drop0p2__wd1e-04trmiss40_trlocglobal,32,1e-05,0.0001,1,32,1,False,0.2,lr1e-05_bs32_modL1_fusion32_fusionL1_fusionBN0_drop0p2__wd1e-04trmiss40_trlocglobal,48,0.6541868050893148,0.693486750125885,0.5456349206349206,0.5679667472986003,0.5111111111111111,0.0,0.0,0.0,0.0,0.0,0.0,0.0,0.0,0.0,,,,,18473,global,0.4
3,5,lr1e-05_bs32_modL1_fusion32_fusionL1_fusionBN0_drop0p2__wd1e-04trmiss40_trlocglobal,32,1e-05,0.0001,1,32,1,False,0.2,lr1e-05_bs32_modL1_fusion32_fusionL1_fusionBN0_drop0p2__wd1e-04trmiss40_trlocglobal,49,0.659846285978953,0.693514883518219,0.5476190476190477,0.5700148764867922,0.5111111111111111,0.0,0.0,0.0,0.0,0.0,0.0,0.0,0.0,0.0,,,,,18473,global,0.4
3,5,lr1e-05_bs32_modL1_fusion32_fusionL1_fusionBN0_drop0p2__wd1e-04trmiss40_trlocglobal,32,1e-05,0.0001,1,32,1,False,0.2,lr1e-05_bs32_modL1_fusion32_fusionL1_fusionBN0_drop0p2__wd1e-04trmiss40_trlocglobal,50,0.6599862476189932,0.6933254897594452,0.5416666666666667,0.5650542052471312,0.5111111111111111,0.0,0.0,0.0,0.0,0.0,0.0,0.0,0.0,0.0,,,,,18473,global,0.4
3,5,lr1e-05_bs32_modL1_fusion32_fusionL1_fusionBN0_drop0p2__wd1e-04trmiss40_trlocglobal,32,1e-05,0.0001,1,32,1,False,0.2,lr1e-05_bs32_modL1_fusion32_fusionL1_fusionBN0_drop0p2__wd1e-04trmiss40_trlocglobal,51,0.6588146189848582,0.6934362947940826,0.5416666666666667,0.5647030096439976,0.5111111111111111,0.0,0.0,0.0,0.0,0.0,0.0,0.0,0.0,0.0,,,,,18473,global,0.4
3,5,lr1e-05_bs32_modL1_fusion32_fusionL1_fusionBN0_drop0p2__wd1e-04trmiss40_trlocglobal,32,1e-05,0.0001,1,32,1,False,0.2,lr1e-05_bs32_modL1_fusion32_fusionL1_fusionBN0_drop0p2__wd1e-04trmiss40_trlocglobal,52,0.6512638727823893,0.6933280527591705,0.5416666666666666,0.5649284194190604,0.5111111111111111,0.0,0.0,0.0,0.0,0.0,0.0,0.0,0.0,0.0,,,,,18473,global,0.4
3,5,lr1e-05_bs32_modL1_fusion32_fusionL1_fusionBN0_drop0p2__wd1e-04trmiss40_trlocglobal,32,1e-05,0.0001,1,32,1,False,0.2,lr1e-05_bs32_modL1_fusion32_fusionL1_fusionBN0_drop0p2__wd1e-04trmiss40_trlocglobal,53,0.64364293217659,0.6929098665714264,0.5535714285714286,0.5709170535319821,0.5111111111111111,0.0,0.0,0.0,0.0,0.0,0.0,0.0,0.0,0.0,,,,,18473,global,0.4
3,5,lr1e-05_bs32_modL1_fusion32_fusionL1_fusionBN0_drop0p2__wd1e-04trmiss40_trlocglobal,32,1e-05,0.0001,1,32,1,False,0.2,lr1e-05_bs32_modL1_fusion32_fusionL1_fusionBN0_drop0p2__wd1e-04trmiss40_trlocglobal,54,0.6502639055252075,0.6933058798313141,0.5416666666666667,0.5648963782685982,0.5111111111111111,0.0,0.0,0.0,0.0,0.0,0.0,0.0,0.0,0.0,,,,,18473,global,0.4
3,5,lr1e-05_bs32_modL1_fusion32_fusionL1_fusionBN0_drop0p2__wd1e-04trmiss40_trlocglobal,32,1e-05,0.0001,1,32,1,False,0.2,lr1e-05_bs32_modL1_fusion32_fusionL1_fusionBN0_drop0p2__wd1e-04trmiss40_trlocglobal,55,0.6528490285078684,0.6936564147472382,0.5456349206349206,0.5666046396615159,0.5111111111111111,0.0,0.0,0.0,0.0,0.0,0.0,0.0,0.0,0.0,,,,,18473,global,0.4
3,5,lr1e-05_bs32_modL1_fusion32_fusionL1_fusionBN0_drop0p2__wd1e-04trmiss40_trlocglobal,32,1e-05,0.0001,1,32,1,False,0.2,lr1e-05_bs32_modL1_fusion32_fusionL1_fusionBN0_drop0p2__wd1e-04trmiss40_trlocglobal,56,0.6536731819311777,0.6932710409164429,0.5496031746031745,0.5685131270963191,0.5111111111111111,0.0,0.0,0.0,0.0,0.0,0.0,0.0,0.0,0.0,,,,,18473,global,0.4
3,5,lr1e-05_bs32_modL1_fusion32_fusionL1_fusionBN0_drop0p2__wd1e-04trmiss40_trlocglobal,32,1e-05,0.0001,1,32,1,False,0.2,lr1e-05_bs32_modL1_fusion32_fusionL1_fusionBN0_drop0p2__wd1e-04trmiss40_trlocglobal,57,0.6569603383541107,0.6930654644966125,0.5515873015873016,0.5699751154004127,0.5111111111111111,0.0,0.0,0.0,0.0,0.0,0.0,0.0,0.0,0.0,,,,,18473,global,0.4
3,5,lr1e-05_bs32_modL1_fusion32_fusionL1_fusionBN0_drop0p2__wd1e-04trmiss40_trlocglobal,32,1e-05,0.0001,1,32,1,False,0.2,lr1e-05_bs32_modL1_fusion32_fusionL1_fusionBN0_drop0p2__wd1e-04trmiss40_trlocglobal,58,0.6500195960203806,0.692878246307373,0.5515873015873016,0.5699751154004127,0.5111111111111111,0.0,0.0,0.0,0.0,0.0,0.0,0.0,0.0,0.0,,,,,18473,global,0.4
3,5,lr1e-05_bs32_modL1_fusion32_fusionL1_fusionBN0_drop0p2__wd1e-04trmiss40_trlocglobal,32,1e-05,0.0001,1,32,1,False,0.2,lr1e-05_bs32_modL1_fusion32_fusionL1_fusionBN0_drop0p2__wd1e-04trmiss40_trlocglobal,59,0.6508297423521677,0.6927263140678406,0.5515873015873015,0.5714893175725095,0.5333333333333333,0.0,0.0,0.0,0.0,0.0,0.0,0.0,0.0,0.0,,,,,18473,global,0.4
3,5,lr1e-05_bs32_modL1_fusion32_fusionL1_fusionBN0_drop0p2__wd1e-04trmiss40_trlocglobal,32,1e-05,0.0001,1,32,1,False,0.2,lr1e-05_bs32_modL1_fusion32_fusionL1_fusionBN0_drop0p2__wd1e-04trmiss40_trlocglobal,60,0.6478207508722941,0.6925746500492096,0.5515873015873016,0.5699751154004127,0.5333333333333333,0.0,0.0,0.0,0.0,0.0,0.0,0.0,0.0,0.0,,,,,18473,global,0.4
3,5,lr1e-05_bs32_modL1_fusion32_fusionL1_fusionBN0_drop0p2__wd1e-04trmiss40_trlocglobal,32,1e-05,0.0001,1,32,1,False,0.2,lr1e-05_bs32_modL1_fusion32_fusionL1_fusionBN0_drop0p2__wd1e-04trmiss40_trlocglobal,61,0.6491188903649648,0.6926437616348267,0.5496031746031745,0.5685131270963191,0.5111111111111111,0.0,0.0,0.0,0.0,0.0,0.0,0.0,0.0,0.0,,,,,18473,global,0.4
3,5,lr1e-05_bs32_modL1_fusion32_fusionL1_fusionBN0_drop0p2__wd1e-04trmiss40_trlocglobal,32,1e-05,0.0001,1,32,1,False,0.2,lr1e-05_bs32_modL1_fusion32_fusionL1_fusionBN0_drop0p2__wd1e-04trmiss40_trlocglobal,62,0.649423768122991,0.6926518380641937,0.5535714285714286,0.5708569496155802,0.5111111111111111,0.0,0.0,0.0,0.0,0.0,0.0,0.0,0.0,0.0,,,,,18473,global,0.4
3,5,lr1e-05_bs32_modL1_fusion32_fusionL1_fusionBN0_drop0p2__wd1e-04trmiss40_trlocglobal,32,1e-05,0.0001,1,32,1,False,0.2,lr1e-05_bs32_modL1_fusion32_fusionL1_fusionBN0_drop0p2__wd1e-04trmiss40_trlocglobal,63,0.6445638835430145,0.6927091181278229,0.5476190476190476,0.5662403998235918,0.5111111111111111,0.0,0.0,0.0,0.0,0.0,0.0,0.0,0.0,0.0,,,,,18473,global,0.4
3,5,lr1e-05_bs32_modL1_fusion32_fusionL1_fusionBN0_drop0p2__wd1e-04trmiss40_trlocglobal,32,1e-05,0.0001,1,32,1,False,0.2,lr1e-05_bs32_modL1_fusion32_fusionL1_fusionBN0_drop0p2__wd1e-04trmiss40_trlocglobal,64,0.650106797615687,0.69273641705513,0.5515873015873016,0.5699751154004127,0.5333333333333333,0.0,0.0,0.0,0.0,0.0,0.0,0.0,0.0,0.0,,,,,18473,global,0.4
3,5,lr1e-05_bs32_modL1_fusion32_fusionL1_fusionBN0_drop0p2__wd1e-04trmiss40_trlocglobal,32,1e-05,0.0001,1,32,1,False,0.2,lr1e-05_bs32_modL1_fusion32_fusionL1_fusionBN0_drop0p2__wd1e-04trmiss40_trlocglobal,65,0.6465263366699219,0.6927886605262756,0.5476190476190476,0.5652152675484595,0.5333333333333333,0.0,0.0,0.0,0.0,0.0,0.0,0.0,0.0,0.0,,,,,18473,global,0.4
3,5,lr1e-05_bs32_modL1_fusion32_fusionL1_fusionBN0_drop0p2__wd1e-04trmiss40_trlocglobal,32,1e-05,0.0001,1,32,1,False,0.2,lr1e-05_bs32_modL1_fusion32_fusionL1_fusionBN0_drop0p2__wd1e-04trmiss40_trlocglobal,66,0.6465635001659393,0.6926789581775665,0.5476190476190477,0.5659662770165742,0.5111111111111111,0.0,0.0,0.0,0.0,0.0,0.0,0.0,0.0,0.0,,,,,18473,global,0.4
3,5,lr1e-05_bs32_modL1_fusion32_fusionL1_fusionBN0_drop0p2__wd1e-04trmiss40_trlocglobal,32,1e-05,0.0001,1,32,1,False,0.2,lr1e-05_bs32_modL1_fusion32_fusionL1_fusionBN0_drop0p2__wd1e-04trmiss40_trlocglobal,67,0.653580238421758,0.6926063597202301,0.5515873015873016,0.5699751154004127,0.5111111111111111,0.0,0.0,0.0,0.0,0.0,0.0,0.0,0.0,0.0,,,,,18473,global,0.4
3,5,lr1e-05_bs32_modL1_fusion32_fusionL1_fusionBN0_drop0p2__wd1e-04trmiss40_trlocglobal,32,1e-05,0.0001,1,32,1,False,0.2,lr1e-05_bs32_modL1_fusion32_fusionL1_fusionBN0_drop0p2__wd1e-04trmiss40_trlocglobal,68,0.640404631694158,0.692995548248291,0.5416666666666667,0.562464419896296,0.5333333333333333,0.0,0.0,0.0,0.0,0.0,0.0,0.0,0.0,0.0,,,,,18473,global,0.4
3,5,lr1e-05_bs32_modL1_fusion32_fusionL1_fusionBN0_drop0p2__wd1e-04trmiss40_trlocglobal,32,1e-05,0.0001,1,32,1,False,0.2,lr1e-05_bs32_modL1_fusion32_fusionL1_fusionBN0_drop0p2__wd1e-04trmiss40_trlocglobal,69,0.6474095086256663,0.6926367282867432,0.5496031746031746,0.5687831446360735,0.5333333333333333,0.0,0.0,0.0,0.0,0.0,0.0,0.0,0.0,0.0,,,,,18473,global,0.4
3,5,lr1e-05_bs32_modL1_fusion32_fusionL1_fusionBN0_drop0p2__wd1e-04trmiss40_trlocglobal,32,1e-05,0.0001,1,32,1,False,0.2,lr1e-05_bs32_modL1_fusion32_fusionL1_fusionBN0_drop0p2__wd1e-04trmiss40_trlocglobal,70,0.6451816658178965,0.6923858821392059,0.5456349206349206,0.565041440839545,0.5333333333333333,0.0,0.0,0.0,0.0,0.0,0.0,0.0,0.0,0.0,,,,,18473,global,0.4
3,5,lr1e-05_bs32_modL1_fusion32_fusionL1_fusionBN0_drop0p2__wd1e-04trmiss40_trlocglobal,32,1e-05,0.0001,1,32,1,False,0.2,lr1e-05_bs32_modL1_fusion32_fusionL1_fusionBN0_drop0p2__wd1e-04trmiss40_trlocglobal,71,0.6474512219429016,0.6921862065792084,0.5496031746031746,0.5669554391975089,0.5111111111111111,0.0,0.0,0.0,0.0,0.0,0.0,0.0,0.0,0.0,,,,,18473,global,0.4
3,5,lr1e-05_bs32_modL1_fusion32_fusionL1_fusionBN0_drop0p2__wd1e-04trmiss40_trlocglobal,32,1e-05,0.0001,1,32,1,False,0.2,lr1e-05_bs32_modL1_fusion32_fusionL1_fusionBN0_drop0p2__wd1e-04trmiss40_trlocglobal,72,0.6464785635471344,0.692608654499054,0.5456349206349207,0.5643499671841422,0.5111111111111111,0.0,0.0,0.0,0.0,0.0,0.0,0.0,0.0,0.0,,,,,18473,global,0.4
3,5,lr1e-05_bs32_modL1_fusion32_fusionL1_fusionBN0_drop0p2__wd1e-04trmiss40_trlocglobal,32,1e-05,0.0001,1,32,1,False,0.2,lr1e-05_bs32_modL1_fusion32_fusionL1_fusionBN0_drop0p2__wd1e-04trmiss40_trlocglobal,73,0.6404300232728323,0.6927499175071716,0.5436507936507937,0.5618718019433496,0.5111111111111111,0.0,0.0,0.0,0.0,0.0,0.0,0.0,0.0,0.0,,,,,18473,global,0.4
3,5,lr1e-05_bs32_modL1_fusion32_fusionL1_fusionBN0_drop0p2__wd1e-04trmiss40_trlocglobal,32,1e-05,0.0001,1,32,1,False,0.2,lr1e-05_bs32_modL1_fusion32_fusionL1_fusionBN0_drop0p2__wd1e-04trmiss40_trlocglobal,74,0.6455347637335459,0.692177027463913,0.5496031746031746,0.5662584546189454,0.5333333333333333,0.0,0.0,0.0,0.0,0.0,0.0,0.0,0.0,0.0,,,,,18473,global,0.4
3,5,lr1e-05_bs32_modL1_fusion32_fusionL1_fusionBN0_drop0p2__wd1e-04trmiss40_trlocglobal,32,1e-05,0.0001,1,32,1,False,0.2,lr1e-05_bs32_modL1_fusion32_fusionL1_fusionBN0_drop0p2__wd1e-04trmiss40_trlocglobal,75,0.6450661222139994,0.6924059391021729,0.5456349206349206,0.5643444562609815,0.5333333333333333,0.0,0.0,0.0,0.0,0.0,0.0,0.0,0.0,0.0,,,,,18473,global,0.4
3,5,lr1e-05_bs32_modL1_fusion32_fusionL1_fusionBN0_drop0p2__wd1e-04trmiss40_trlocglobal,32,1e-05,0.0001,1,32,1,False,0.2,lr1e-05_bs32_modL1_fusion32_fusionL1_fusionBN0_drop0p2__wd1e-04trmiss40_trlocglobal,76,0.6474959850311279,0.69228196144104,0.5496031746031746,0.5668481112317417,0.5777777777777777,0.0,0.0,0.0,0.0,0.0,0.0,0.0,0.0,0.0,,,,,18473,global,0.4
3,5,lr1e-05_bs32_modL1_fusion32_fusionL1_fusionBN0_drop0p2__wd1e-04trmiss40_trlocglobal,32,1e-05,0.0001,1,32,1,False,0.2,lr1e-05_bs32_modL1_fusion32_fusionL1_fusionBN0_drop0p2__wd1e-04trmiss40_trlocglobal,77,0.6480917235215505,0.6924035251140594,0.5476190476190476,0.5643639614415574,0.5333333333333333,0.0,0.0,0.0,0.0,0.0,0.0,0.0,0.0,0.0,,,,,18473,global,0.4
3,5,lr1e-05_bs32_modL1_fusion32_fusionL1_fusionBN0_drop0p2__wd1e-04trmiss40_trlocglobal,32,1e-05,0.0001,1,32,1,False,0.2,lr1e-05_bs32_modL1_fusion32_fusionL1_fusionBN0_drop0p2__wd1e-04trmiss40_trlocglobal,78,0.6412852903207144,0.6924450993537903,0.5496031746031745,0.5669528990633899,0.5111111111111111,0.0,0.0,0.0,0.0,0.0,0.0,0.0,0.0,0.0,,,,,18473,global,0.4
3,5,lr1e-05_bs32_modL1_fusion32_fusionL1_fusionBN0_drop0p2__wd1e-04trmiss40_trlocglobal,32,1e-05,0.0001,1,32,1,False,0.2,lr1e-05_bs32_modL1_fusion32_fusionL1_fusionBN0_drop0p2__wd1e-04trmiss40_trlocglobal,79,0.6493783990542094,0.6924389004707336,0.5456349206349206,0.5626128190654152,0.5333333333333333,0.0,0.0,0.0,0.0,0.0,0.0,0.0,0.0,0.0,,,,,18473,global,0.4
3,5,lr1e-05_bs32_modL1_fusion32_fusionL1_fusionBN0_drop0p2__wd1e-04trmiss40_trlocglobal,32,1e-05,0.0001,1,32,1,False,0.2,lr1e-05_bs32_modL1_fusion32_fusionL1_fusionBN0_drop0p2__wd1e-04trmiss40_trlocglobal,80,0.6535982290903727,0.6921434700489044,0.5476190476190477,0.5644153131924707,0.5777777777777777,0.0,0.0,0.0,0.0,0.0,0.0,0.0,0.0,0.0,,,,,18473,global,0.4
3,5,lr1e-05_bs32_modL1_fusion32_fusionL1_fusionBN0_drop0p1__wd1e-04trmiss40_trlocglobal,32,1e-05,0.0001,1,32,1,False,0.1,lr1e-05_bs32_modL1_fusion32_fusionL1_fusionBN0_drop0p1__wd1e-04trmiss40_trlocglobal,1,0.7076950867970785,0.695532351732254,0.4801587301587302,0.5375409521961361,0.5555555555555556,0.0,0.0,0.0,0.0,0.0,0.0,0.0,0.0,0.0,,,,,18473,global,0.4
3,5,lr1e-05_bs32_modL1_fusion32_fusionL1_fusionBN0_drop0p1__wd1e-04trmiss40_trlocglobal,32,1e-05,0.0001,1,32,1,False,0.1,lr1e-05_bs32_modL1_fusion32_fusionL1_fusionBN0_drop0p1__wd1e-04trmiss40_trlocglobal,2,0.7014236648877462,0.6964437663555145,0.47817460317460314,0.5424555991671444,0.5555555555555556,0.0,0.0,0.0,0.0,0.0,0.0,0.0,0.0,0.0,,,,,18473,global,0.4
3,5,lr1e-05_bs32_modL1_fusion32_fusionL1_fusionBN0_drop0p1__wd1e-04trmiss40_trlocglobal,32,1e-05,0.0001,1,32,1,False,0.1,lr1e-05_bs32_modL1_fusion32_fusionL1_fusionBN0_drop0p1__wd1e-04trmiss40_trlocglobal,3,0.699894646803538,0.6973468959331512,0.4841269841269841,0.5480199215673028,0.5777777777777777,0.0,0.0,0.0,0.0,0.0,0.0,0.0,0.0,0.0,,,,,18473,global,0.4
3,5,lr1e-05_bs32_modL1_fusion32_fusionL1_fusionBN0_drop0p1__wd1e-04trmiss40_trlocglobal,32,1e-05,0.0001,1,32,1,False,0.1,lr1e-05_bs32_modL1_fusion32_fusionL1_fusionBN0_drop0p1__wd1e-04trmiss40_trlocglobal,4,0.6912390291690826,0.6979621648788452,0.48412698412698413,0.5498476786773452,0.6,0.0,0.0,0.0,0.0,0.0,0.0,0.0,0.0,0.0,,,,,18473,global,0.4
3,5,lr1e-05_bs32_modL1_fusion32_fusionL1_fusionBN0_drop0p1__wd1e-04trmiss40_trlocglobal,32,1e-05,0.0001,1,32,1,False,0.1,lr1e-05_bs32_modL1_fusion32_fusionL1_fusionBN0_drop0p1__wd1e-04trmiss40_trlocglobal,5,0.6964123149712881,0.6983049511909485,0.4900793650793651,0.5518322801104416,0.6,0.0,0.0,0.0,0.0,0.0,0.0,0.0,0.0,0.0,,,,,18473,global,0.4
3,5,lr1e-05_bs32_modL1_fusion32_fusionL1_fusionBN0_drop0p1__wd1e-04trmiss40_trlocglobal,32,1e-05,0.0001,1,32,1,False,0.1,lr1e-05_bs32_modL1_fusion32_fusionL1_fusionBN0_drop0p1__wd1e-04trmiss40_trlocglobal,6,0.6954784393310547,0.6986504197120667,0.4920634920634921,0.5525425073831689,0.6,0.0,0.0,0.0,0.0,0.0,0.0,0.0,0.0,0.0,,,,,18473,global,0.4
3,5,lr1e-05_bs32_modL1_fusion32_fusionL1_fusionBN0_drop0p1__wd1e-04trmiss40_trlocglobal,32,1e-05,0.0001,1,32,1,False,0.1,lr1e-05_bs32_modL1_fusion32_fusionL1_fusionBN0_drop0p1__wd1e-04trmiss40_trlocglobal,7,0.6962548792362213,0.6979144811630249,0.494047619047619,0.5579284795551318,0.6,0.0,0.0,0.0,0.0,0.0,0.0,0.0,0.0,0.0,,,,,18473,global,0.4
3,5,lr1e-05_bs32_modL1_fusion32_fusionL1_fusionBN0_drop0p1__wd1e-04trmiss40_trlocglobal,32,1e-05,0.0001,1,32,1,False,0.1,lr1e-05_bs32_modL1_fusion32_fusionL1_fusionBN0_drop0p1__wd1e-04trmiss40_trlocglobal,8,0.6847564776738485,0.6974060237407684,0.501984126984127,0.5637146277464657,0.5777777777777777,0.0,0.0,0.0,0.0,0.0,0.0,0.0,0.0,0.0,,,,,18473,global,0.4
3,5,lr1e-05_bs32_modL1_fusion32_fusionL1_fusionBN0_drop0p1__wd1e-04trmiss40_trlocglobal,32,1e-05,0.0001,1,32,1,False,0.1,lr1e-05_bs32_modL1_fusion32_fusionL1_fusionBN0_drop0p1__wd1e-04trmiss40_trlocglobal,9,0.6792343854904175,0.696502685546875,0.503968253968254,0.5651035166353546,0.6,0.0,0.0,0.0,0.0,0.0,0.0,0.0,0.0,0.0,,,,,18473,global,0.4
3,5,lr1e-05_bs32_modL1_fusion32_fusionL1_fusionBN0_drop0p1__wd1e-04trmiss40_trlocglobal,32,1e-05,0.0001,1,32,1,False,0.1,lr1e-05_bs32_modL1_fusion32_fusionL1_fusionBN0_drop0p1__wd1e-04trmiss40_trlocglobal,10,0.6830852528413137,0.6968276500701904,0.501984126984127,0.5637146277464657,0.5777777777777777,0.0,0.0,0.0,0.0,0.0,0.0,0.0,0.0,0.0,,,,,18473,global,0.4
3,5,lr1e-05_bs32_modL1_fusion32_fusionL1_fusionBN0_drop0p1__wd1e-04trmiss40_trlocglobal,32,1e-05,0.0001,1,32,1,False,0.1,lr1e-05_bs32_modL1_fusion32_fusionL1_fusionBN0_drop0p1__wd1e-04trmiss40_trlocglobal,11,0.6852862338225046,0.6961718797683716,0.5059523809523809,0.5667060807379187,0.5555555555555556,0.0,0.0,0.0,0.0,0.0,0.0,0.0,0.0,0.0,,,,,18473,global,0.4
3,5,lr1e-05_bs32_modL1_fusion32_fusionL1_fusionBN0_drop0p1__wd1e-04trmiss40_trlocglobal,32,1e-05,0.0001,1,32,1,False,0.1,lr1e-05_bs32_modL1_fusion32_fusionL1_fusionBN0_drop0p1__wd1e-04trmiss40_trlocglobal,12,0.6846981346607208,0.6961545944213867,0.5059523809523809,0.5658751215736262,0.5555555555555556,0.0,0.0,0.0,0.0,0.0,0.0,0.0,0.0,0.0,,,,,18473,global,0.4
3,5,lr1e-05_bs32_modL1_fusion32_fusionL1_fusionBN0_drop0p1__wd1e-04trmiss40_trlocglobal,32,1e-05,0.0001,1,32,1,False,0.1,lr1e-05_bs32_modL1_fusion32_fusionL1_fusionBN0_drop0p1__wd1e-04trmiss40_trlocglobal,13,0.6814296344916025,0.6957389116287231,0.5059523809523809,0.5658751215736262,0.5555555555555556,0.0,0.0,0.0,0.0,0.0,0.0,0.0,0.0,0.0,,,,,18473,global,0.4
3,5,lr1e-05_bs32_modL1_fusion32_fusionL1_fusionBN0_drop0p1__wd1e-04trmiss40_trlocglobal,32,1e-05,0.0001,1,32,1,False,0.1,lr1e-05_bs32_modL1_fusion32_fusionL1_fusionBN0_drop0p1__wd1e-04trmiss40_trlocglobal,14,0.6722089250882467,0.6954215168952942,0.5119047619047619,0.5691413330191855,0.5555555555555556,0.0,0.0,0.0,0.0,0.0,0.0,0.0,0.0,0.0,,,,,18473,global,0.4
3,5,lr1e-05_bs32_modL1_fusion32_fusionL1_fusionBN0_drop0p1__wd1e-04trmiss40_trlocglobal,32,1e-05,0.0001,1,32,1,False,0.1,lr1e-05_bs32_modL1_fusion32_fusionL1_fusionBN0_drop0p1__wd1e-04trmiss40_trlocglobal,15,0.6701744000116984,0.6948060691356659,0.5178571428571429,0.5737758672589829,0.5777777777777777,0.0,0.0,0.0,0.0,0.0,0.0,0.0,0.0,0.0,,,,,18473,global,0.4
3,5,lr1e-05_bs32_modL1_fusion32_fusionL1_fusionBN0_drop0p1__wd1e-04trmiss40_trlocglobal,32,1e-05,0.0001,1,32,1,False,0.1,lr1e-05_bs32_modL1_fusion32_fusionL1_fusionBN0_drop0p1__wd1e-04trmiss40_trlocglobal,16,0.674396296342214,0.6945241689682007,0.5218253968253969,0.5766952432046747,0.5555555555555556,0.0,0.0,0.0,0.0,0.0,0.0,0.0,0.0,0.0,,,,,18473,global,0.4
3,5,lr1e-05_bs32_modL1_fusion32_fusionL1_fusionBN0_drop0p1__wd1e-04trmiss40_trlocglobal,32,1e-05,0.0001,1,32,1,False,0.1,lr1e-05_bs32_modL1_fusion32_fusionL1_fusionBN0_drop0p1__wd1e-04trmiss40_trlocglobal,17,0.6656722128391266,0.6938951313495636,0.5257936507936508,0.5782826429614107,0.5777777777777777,0.0,0.0,0.0,0.0,0.0,0.0,0.0,0.0,0.0,,,,,18473,global,0.4
3,5,lr1e-05_bs32_modL1_fusion32_fusionL1_fusionBN0_drop0p1__wd1e-04trmiss40_trlocglobal,32,1e-05,0.0001,1,32,1,False,0.1,lr1e-05_bs32_modL1_fusion32_fusionL1_fusionBN0_drop0p1__wd1e-04trmiss40_trlocglobal,18,0.6668435831864675,0.6936265230178833,0.5238095238095238,0.5779464551252229,0.5555555555555556,0.0,0.0,0.0,0.0,0.0,0.0,0.0,0.0,0.0,,,,,18473,global,0.4
3,5,lr1e-05_bs32_modL1_fusion32_fusionL1_fusionBN0_drop0p1__wd1e-04trmiss40_trlocglobal,32,1e-05,0.0001,1,32,1,False,0.1,lr1e-05_bs32_modL1_fusion32_fusionL1_fusionBN0_drop0p1__wd1e-04trmiss40_trlocglobal,19,0.6653200586636862,0.6934614181518555,0.5238095238095238,0.5785906230488027,0.5555555555555556,0.0,0.0,0.0,0.0,0.0,0.0,0.0,0.0,0.0,,,,,18473,global,0.4
3,5,lr1e-05_bs32_modL1_fusion32_fusionL1_fusionBN0_drop0p1__wd1e-04trmiss40_trlocglobal,32,1e-05,0.0001,1,32,1,False,0.1,lr1e-05_bs32_modL1_fusion32_fusionL1_fusionBN0_drop0p1__wd1e-04trmiss40_trlocglobal,20,0.6681258877118429,0.693233847618103,0.5218253968253969,0.5759158489924496,0.5777777777777777,0.0,0.0,0.0,0.0,0.0,0.0,0.0,0.0,0.0,,,,,18473,global,0.4
3,5,lr1e-05_bs32_modL1_fusion32_fusionL1_fusionBN0_drop0p1__wd1e-04trmiss40_trlocglobal,32,1e-05,0.0001,1,32,1,False,0.1,lr1e-05_bs32_modL1_fusion32_fusionL1_fusionBN0_drop0p1__wd1e-04trmiss40_trlocglobal,21,0.66813392440478,0.6926514208316803,0.5158730158730159,0.575119303459062,0.5555555555555556,0.0,0.0,0.0,0.0,0.0,0.0,0.0,0.0,0.0,,,,,18473,global,0.4
3,5,lr1e-05_bs32_modL1_fusion32_fusionL1_fusionBN0_drop0p1__wd1e-04trmiss40_trlocglobal,32,1e-05,0.0001,1,32,1,False,0.1,lr1e-05_bs32_modL1_fusion32_fusionL1_fusionBN0_drop0p1__wd1e-04trmiss40_trlocglobal,22,0.6653201778729757,0.6925846934318542,0.5178571428571429,0.5750392892343109,0.5555555555555556,0.0,0.0,0.0,0.0,0.0,0.0,0.0,0.0,0.0,,,,,18473,global,0.4
3,5,lr1e-05_bs32_modL1_fusion32_fusionL1_fusionBN0_drop0p1__wd1e-04trmiss40_trlocglobal,32,1e-05,0.0001,1,32,1,False,0.1,lr1e-05_bs32_modL1_fusion32_fusionL1_fusionBN0_drop0p1__wd1e-04trmiss40_trlocglobal,23,0.664223869641622,0.6919029057025909,0.5238095238095238,0.5778789203634157,0.5555555555555556,0.0,0.0,0.0,0.0,0.0,0.0,0.0,0.0,0.0,,,,,18473,global,0.4
3,5,lr1e-05_bs32_modL1_fusion32_fusionL1_fusionBN0_drop0p1__wd1e-04trmiss40_trlocglobal,32,1e-05,0.0001,1,32,1,False,0.1,lr1e-05_bs32_modL1_fusion32_fusionL1_fusionBN0_drop0p1__wd1e-04trmiss40_trlocglobal,24,0.6599584420522054,0.6921030879020691,0.5238095238095238,0.5806397216536288,0.5555555555555556,0.0,0.0,0.0,0.0,0.0,0.0,0.0,0.0,0.0,,,,,18473,global,0.4
3,5,lr1e-05_bs32_modL1_fusion32_fusionL1_fusionBN0_drop0p1__wd1e-04trmiss40_trlocglobal,32,1e-05,0.0001,1,32,1,False,0.1,lr1e-05_bs32_modL1_fusion32_fusionL1_fusionBN0_drop0p1__wd1e-04trmiss40_trlocglobal,25,0.6579071283340454,0.692072182893753,0.5277777777777778,0.5841845412346326,0.5555555555555556,0.0,0.0,0.0,0.0,0.0,0.0,0.0,0.0,0.0,,,,,18473,global,0.4
3,5,lr1e-05_bs32_modL1_fusion32_fusionL1_fusionBN0_drop0p1__wd1e-04trmiss40_trlocglobal,32,1e-05,0.0001,1,32,1,False,0.1,lr1e-05_bs32_modL1_fusion32_fusionL1_fusionBN0_drop0p1__wd1e-04trmiss40_trlocglobal,26,0.6618282894293467,0.6914279162883759,0.5257936507936508,0.5856261192290356,0.5555555555555556,0.0,0.0,0.0,0.0,0.0,0.0,0.0,0.0,0.0,,,,,18473,global,0.4
3,5,lr1e-05_bs32_modL1_fusion32_fusionL1_fusionBN0_drop0p1__wd1e-04trmiss40_trlocglobal,32,1e-05,0.0001,1,32,1,False,0.1,lr1e-05_bs32_modL1_fusion32_fusionL1_fusionBN0_drop0p1__wd1e-04trmiss40_trlocglobal,27,0.6562752624352773,0.6904276609420776,0.5337301587301587,0.589008997394228,0.5555555555555556,0.0,0.0,0.0,0.0,0.0,0.0,0.0,0.0,0.0,,,,,18473,global,0.4
3,5,lr1e-05_bs32_modL1_fusion32_fusionL1_fusionBN0_drop0p1__wd1e-04trmiss40_trlocglobal,32,1e-05,0.0001,1,32,1,False,0.1,lr1e-05_bs32_modL1_fusion32_fusionL1_fusionBN0_drop0p1__wd1e-04trmiss40_trlocglobal,28,0.6609369019667307,0.6901589035987854,0.5376984126984128,0.5920235567942363,0.5555555555555556,0.0,0.0,0.0,0.0,0.0,0.0,0.0,0.0,0.0,,,,,18473,global,0.4
3,5,lr1e-05_bs32_modL1_fusion32_fusionL1_fusionBN0_drop0p1__wd1e-04trmiss40_trlocglobal,32,1e-05,0.0001,1,32,1,False,0.1,lr1e-05_bs32_modL1_fusion32_fusionL1_fusionBN0_drop0p1__wd1e-04trmiss40_trlocglobal,29,0.6571377416451772,0.6897201240062714,0.5416666666666667,0.5917963142440449,0.5555555555555556,0.0,0.0,0.0,0.0,0.0,0.0,0.0,0.0,0.0,,,,,18473,global,0.4
3,5,lr1e-05_bs32_modL1_fusion32_fusionL1_fusionBN0_drop0p1__wd1e-04trmiss40_trlocglobal,32,1e-05,0.0001,1,32,1,False,0.1,lr1e-05_bs32_modL1_fusion32_fusionL1_fusionBN0_drop0p1__wd1e-04trmiss40_trlocglobal,30,0.6542676488558451,0.6894888281822205,0.5376984126984128,0.5913102663866735,0.5555555555555556,0.0,0.0,0.0,0.0,0.0,0.0,0.0,0.0,0.0,,,,,18473,global,0.4
3,5,lr1e-05_bs32_modL1_fusion32_fusionL1_fusionBN0_drop0p1__wd1e-04trmiss40_trlocglobal,32,1e-05,0.0001,1,32,1,False,0.1,lr1e-05_bs32_modL1_fusion32_fusionL1_fusionBN0_drop0p1__wd1e-04trmiss40_trlocglobal,31,0.655450701713562,0.6894955635070801,0.5357142857142857,0.5899929675816297,0.5555555555555556,0.0,0.0,0.0,0.0,0.0,0.0,0.0,0.0,0.0,,,,,18473,global,0.4
3,5,lr1e-05_bs32_modL1_fusion32_fusionL1_fusionBN0_drop0p1__wd1e-04trmiss40_trlocglobal,32,1e-05,0.0001,1,32,1,False,0.1,lr1e-05_bs32_modL1_fusion32_fusionL1_fusionBN0_drop0p1__wd1e-04trmiss40_trlocglobal,32,0.6427552103996277,0.6894817352294922,0.5337301587301587,0.587369686622399,0.5555555555555556,0.0,0.0,0.0,0.0,0.0,0.0,0.0,0.0,0.0,,,,,18473,global,0.4
3,5,lr1e-05_bs32_modL1_fusion32_fusionL1_fusionBN0_drop0p1__wd1e-04trmiss40_trlocglobal,32,1e-05,0.0001,1,32,1,False,0.1,lr1e-05_bs32_modL1_fusion32_fusionL1_fusionBN0_drop0p1__wd1e-04trmiss40_trlocglobal,33,0.6509097913901011,0.689272403717041,0.5376984126984128,0.5915850132061465,0.5555555555555556,0.0,0.0,0.0,0.0,0.0,0.0,0.0,0.0,0.0,,,,,18473,global,0.4
3,5,lr1e-05_bs32_modL1_fusion32_fusionL1_fusionBN0_drop0p1__wd1e-04trmiss40_trlocglobal,32,1e-05,0.0001,1,32,1,False,0.1,lr1e-05_bs32_modL1_fusion32_fusionL1_fusionBN0_drop0p1__wd1e-04trmiss40_trlocglobal,34,0.6446674863497416,0.6893511414527893,0.5337301587301588,0.5887234494893198,0.5555555555555556,0.0,0.0,0.0,0.0,0.0,0.0,0.0,0.0,0.0,,,,,18473,global,0.4
3,5,lr1e-05_bs32_modL1_fusion32_fusionL1_fusionBN0_drop0p1__wd1e-04trmiss40_trlocglobal,32,1e-05,0.0001,1,32,1,False,0.1,lr1e-05_bs32_modL1_fusion32_fusionL1_fusionBN0_drop0p1__wd1e-04trmiss40_trlocglobal,35,0.6515329082806905,0.6888014078140259,0.5396825396825398,0.5933769523045872,0.5555555555555556,0.0,0.0,0.0,0.0,0.0,0.0,0.0,0.0,0.0,,,,,18473,global,0.4
3,5,lr1e-05_bs32_modL1_fusion32_fusionL1_fusionBN0_drop0p1__wd1e-04trmiss40_trlocglobal,32,1e-05,0.0001,1,32,1,False,0.1,lr1e-05_bs32_modL1_fusion32_fusionL1_fusionBN0_drop0p1__wd1e-04trmiss40_trlocglobal,36,0.6478210091590881,0.6886177361011505,0.5416666666666667,0.5984463967490317,0.5555555555555556,0.0,0.0,0.0,0.0,0.0,0.0,0.0,0.0,0.0,,,,,18473,global,0.4
3,5,lr1e-05_bs32_modL1_fusion32_fusionL1_fusionBN0_drop0p1__wd1e-04trmiss40_trlocglobal,32,1e-05,0.0001,1,32,1,False,0.1,lr1e-05_bs32_modL1_fusion32_fusionL1_fusionBN0_drop0p1__wd1e-04trmiss40_trlocglobal,37,0.6510685781637827,0.6885656118392944,0.5396825396825398,0.594126203053838,0.5555555555555556,0.0,0.0,0.0,0.0,0.0,0.0,0.0,0.0,0.0,,,,,18473,global,0.4
3,5,lr1e-05_bs32_modL1_fusion32_fusionL1_fusionBN0_drop0p1__wd1e-04trmiss40_trlocglobal,32,1e-05,0.0001,1,32,1,False,0.1,lr1e-05_bs32_modL1_fusion32_fusionL1_fusionBN0_drop0p1__wd1e-04trmiss40_trlocglobal,38,0.6469910343488058,0.6883304119110107,0.5416666666666667,0.595208454136089,0.5555555555555556,0.0,0.0,0.0,0.0,0.0,0.0,0.0,0.0,0.0,,,,,18473,global,0.4
3,5,lr1e-05_bs32_modL1_fusion32_fusionL1_fusionBN0_drop0p1__wd1e-04trmiss40_trlocglobal,32,1e-05,0.0001,1,32,1,False,0.1,lr1e-05_bs32_modL1_fusion32_fusionL1_fusionBN0_drop0p1__wd1e-04trmiss40_trlocglobal,39,0.6419774889945984,0.6878215074539185,0.5357142857142858,0.590847270435815,0.5777777777777777,0.0,0.0,0.0,0.0,0.0,0.0,0.0,0.0,0.0,,,,,18473,global,0.4
3,5,lr1e-05_bs32_modL1_fusion32_fusionL1_fusionBN0_drop0p1__wd1e-04trmiss40_trlocglobal,32,1e-05,0.0001,1,32,1,False,0.1,lr1e-05_bs32_modL1_fusion32_fusionL1_fusionBN0_drop0p1__wd1e-04trmiss40_trlocglobal,40,0.6422634820143381,0.6879210770130157,0.5317460317460317,0.5871545337564298,0.5777777777777777,0.0,0.0,0.0,0.0,0.0,0.0,0.0,0.0,0.0,,,,,18473,global,0.4
3,5,lr1e-05_bs32_modL1_fusion32_fusionL1_fusionBN0_drop0p1__wd1e-04trmiss40_trlocglobal,32,1e-05,0.0001,1,32,1,False,0.1,lr1e-05_bs32_modL1_fusion32_fusionL1_fusionBN0_drop0p1__wd1e-04trmiss40_trlocglobal,41,0.6452087759971619,0.6873679161071777,0.5396825396825398,0.5937610233495679,0.5777777777777777,0.0,0.0,0.0,0.0,0.0,0.0,0.0,0.0,0.0,,,,,18473,global,0.4
3,5,lr1e-05_bs32_modL1_fusion32_fusionL1_fusionBN0_drop0p1__wd1e-04trmiss40_trlocglobal,32,1e-05,0.0001,1,32,1,False,0.1,lr1e-05_bs32_modL1_fusion32_fusionL1_fusionBN0_drop0p1__wd1e-04trmiss40_trlocglobal,42,0.6449037988980612,0.6869213581085205,0.5476190476190477,0.5984879365100111,0.5555555555555556,0.0,0.0,0.0,0.0,0.0,0.0,0.0,0.0,0.0,,,,,18473,global,0.4
3,5,lr1e-05_bs32_modL1_fusion32_fusionL1_fusionBN0_drop0p1__wd1e-04trmiss40_trlocglobal,32,1e-05,0.0001,1,32,1,False,0.1,lr1e-05_bs32_modL1_fusion32_fusionL1_fusionBN0_drop0p1__wd1e-04trmiss40_trlocglobal,43,0.6420827507972717,0.6863452792167664,0.5515873015873016,0.6059770941871432,0.5555555555555556,0.0,0.0,0.0,0.0,0.0,0.0,0.0,0.0,0.0,,,,,18473,global,0.4
3,5,lr1e-05_bs32_modL1_fusion32_fusionL1_fusionBN0_drop0p1__wd1e-04trmiss40_trlocglobal,32,1e-05,0.0001,1,32,1,False,0.1,lr1e-05_bs32_modL1_fusion32_fusionL1_fusionBN0_drop0p1__wd1e-04trmiss40_trlocglobal,44,0.6446988979975382,0.6861160695552826,0.5476190476190477,0.6032074990302397,0.5777777777777777,0.0,0.0,0.0,0.0,0.0,0.0,0.0,0.0,0.0,,,,,18473,global,0.4
3,5,lr1e-05_bs32_modL1_fusion32_fusionL1_fusionBN0_drop0p1__wd1e-04trmiss40_trlocglobal,32,1e-05,0.0001,1,32,1,False,0.1,lr1e-05_bs32_modL1_fusion32_fusionL1_fusionBN0_drop0p1__wd1e-04trmiss40_trlocglobal,45,0.6504055261611938,0.6860217154026031,0.5535714285714286,0.6061834365792323,0.5777777777777777,0.0,0.0,0.0,0.0,0.0,0.0,0.0,0.0,0.0,,,,,18473,global,0.4
3,5,lr1e-05_bs32_modL1_fusion32_fusionL1_fusionBN0_drop0p1__wd1e-04trmiss40_trlocglobal,32,1e-05,0.0001,1,32,1,False,0.1,lr1e-05_bs32_modL1_fusion32_fusionL1_fusionBN0_drop0p1__wd1e-04trmiss40_trlocglobal,46,0.6484520335992178,0.6867241263389587,0.5416666666666666,0.5935077689357728,0.5777777777777777,0.0,0.0,0.0,0.0,0.0,0.0,0.0,0.0,0.0,,,,,18473,global,0.4
3,5,lr1e-05_bs32_modL1_fusion32_fusionL1_fusionBN0_drop0p1__wd1e-04trmiss40_trlocglobal,32,1e-05,0.0001,1,32,1,False,0.1,lr1e-05_bs32_modL1_fusion32_fusionL1_fusionBN0_drop0p1__wd1e-04trmiss40_trlocglobal,47,0.6477419237295786,0.6864971220493317,0.5436507936507937,0.5948310513155568,0.5777777777777777,0.0,0.0,0.0,0.0,0.0,0.0,0.0,0.0,0.0,,,,,18473,global,0.4
3,5,lr1e-05_bs32_modL1_fusion32_fusionL1_fusionBN0_drop0p1__wd1e-04trmiss40_trlocglobal,32,1e-05,0.0001,1,32,1,False,0.1,lr1e-05_bs32_modL1_fusion32_fusionL1_fusionBN0_drop0p1__wd1e-04trmiss40_trlocglobal,48,0.6386186977227529,0.6860279142856598,0.5456349206349207,0.5967829882674938,0.5777777777777777,0.0,0.0,0.0,0.0,0.0,0.0,0.0,0.0,0.0,,,,,18473,global,0.4
3,5,lr1e-05_bs32_modL1_fusion32_fusionL1_fusionBN0_drop0p1__wd1e-04trmiss40_trlocglobal,32,1e-05,0.0001,1,32,1,False,0.1,lr1e-05_bs32_modL1_fusion32_fusionL1_fusionBN0_drop0p1__wd1e-04trmiss40_trlocglobal,49,0.6373506486415863,0.6857230067253113,0.5535714285714286,0.6070225612491637,0.5777777777777777,0.0,0.0,0.0,0.0,0.0,0.0,0.0,0.0,0.0,,,,,18473,global,0.4
3,5,lr1e-05_bs32_modL1_fusion32_fusionL1_fusionBN0_drop0p1__wd1e-04trmiss40_trlocglobal,32,1e-05,0.0001,1,32,1,False,0.1,lr1e-05_bs32_modL1_fusion32_fusionL1_fusionBN0_drop0p1__wd1e-04trmiss40_trlocglobal,50,0.6349096695582072,0.6861512064933777,0.5456349206349207,0.6031399202069117,0.5555555555555556,0.0,0.0,0.0,0.0,0.0,0.0,0.0,0.0,0.0,,,,,18473,global,0.4
3,5,lr1e-05_bs32_modL1_fusion32_fusionL1_fusionBN0_drop0p1__wd1e-04trmiss40_trlocglobal,32,1e-05,0.0001,1,32,1,False,0.1,lr1e-05_bs32_modL1_fusion32_fusionL1_fusionBN0_drop0p1__wd1e-04trmiss40_trlocglobal,51,0.6317440569400787,0.6864123344421387,0.5476190476190477,0.6037955635932867,0.5555555555555556,0.0,0.0,0.0,0.0,0.0,0.0,0.0,0.0,0.0,,,,,18473,global,0.4
3,5,lr1e-05_bs32_modL1_fusion32_fusionL1_fusionBN0_drop0p1__wd1e-04trmiss40_trlocglobal,32,1e-05,0.0001,1,32,1,False,0.1,lr1e-05_bs32_modL1_fusion32_fusionL1_fusionBN0_drop0p1__wd1e-04trmiss40_trlocglobal,52,0.6343706051508585,0.6862164735794067,0.5496031746031746,0.6045213122809919,0.5777777777777777,0.0,0.0,0.0,0.0,0.0,0.0,0.0,0.0,0.0,,,,,18473,global,0.4
3,5,lr1e-05_bs32_modL1_fusion32_fusionL1_fusionBN0_drop0p1__wd1e-04trmiss40_trlocglobal,32,1e-05,0.0001,1,32,1,False,0.1,lr1e-05_bs32_modL1_fusion32_fusionL1_fusionBN0_drop0p1__wd1e-04trmiss40_trlocglobal,53,0.6394896308581034,0.6861362159252167,0.5496031746031746,0.6027905199886413,0.5777777777777777,0.0,0.0,0.0,0.0,0.0,0.0,0.0,0.0,0.0,,,,,18473,global,0.4
3,5,lr1e-05_bs32_modL1_fusion32_fusionL1_fusionBN0_drop0p1__wd1e-04trmiss40_trlocglobal,32,1e-05,0.0001,1,32,1,False,0.1,lr1e-05_bs32_modL1_fusion32_fusionL1_fusionBN0_drop0p1__wd1e-04trmiss40_trlocglobal,54,0.6340237259864807,0.6864886283874512,0.5416666666666667,0.5928449888675379,0.5777777777777777,0.0,0.0,0.0,0.0,0.0,0.0,0.0,0.0,0.0,,,,,18473,global,0.4
3,5,lr1e-05_bs32_modL1_fusion32_fusionL1_fusionBN0_drop0p1__wd1e-04trmiss40_trlocglobal,32,1e-05,0.0001,1,32,1,False,0.1,lr1e-05_bs32_modL1_fusion32_fusionL1_fusionBN0_drop0p1__wd1e-04trmiss40_trlocglobal,55,0.6318017641703287,0.6860570311546326,0.5476190476190477,0.5972202708922764,0.5555555555555556,0.0,0.0,0.0,0.0,0.0,0.0,0.0,0.0,0.0,,,,,18473,global,0.4
3,5,lr1e-05_bs32_modL1_fusion32_fusionL1_fusionBN0_drop0p1__wd1e-04trmiss40_trlocglobal,32,1e-05,0.0001,1,32,1,False,0.1,lr1e-05_bs32_modL1_fusion32_fusionL1_fusionBN0_drop0p1__wd1e-04trmiss40_trlocglobal,56,0.6394619445006052,0.6854231655597687,0.5595238095238095,0.6132756029659151,0.5555555555555556,0.0,0.0,0.0,0.0,0.0,0.0,0.0,0.0,0.0,,,,,18473,global,0.4
3,5,lr1e-05_bs32_modL1_fusion32_fusionL1_fusionBN0_drop0p1__wd1e-04trmiss40_trlocglobal,32,1e-05,0.0001,1,32,1,False,0.1,lr1e-05_bs32_modL1_fusion32_fusionL1_fusionBN0_drop0p1__wd1e-04trmiss40_trlocglobal,57,0.6298722326755524,0.6854536533355713,0.5496031746031746,0.6063985910889033,0.5555555555555556,0.0,0.0,0.0,0.0,0.0,0.0,0.0,0.0,0.0,,,,,18473,global,0.4
3,5,lr1e-05_bs32_modL1_fusion32_fusionL1_fusionBN0_drop0p1__wd1e-04trmiss40_trlocglobal,32,1e-05,0.0001,1,32,1,False,0.1,lr1e-05_bs32_modL1_fusion32_fusionL1_fusionBN0_drop0p1__wd1e-04trmiss40_trlocglobal,58,0.6289922793706259,0.6854870021343231,0.5555555555555556,0.6099273886802007,0.5555555555555556,0.0,0.0,0.0,0.0,0.0,0.0,0.0,0.0,0.0,,,,,18473,global,0.4
3,5,lr1e-05_bs32_modL1_fusion32_fusionL1_fusionBN0_drop0p1__wd1e-04trmiss40_trlocglobal,32,1e-05,0.0001,1,32,1,False,0.1,lr1e-05_bs32_modL1_fusion32_fusionL1_fusionBN0_drop0p1__wd1e-04trmiss40_trlocglobal,59,0.6335106492042542,0.68614462018013,0.5456349206349207,0.6038525059605812,0.5555555555555556,0.0,0.0,0.0,0.0,0.0,0.0,0.0,0.0,0.0,,,,,18473,global,0.4
3,5,lr1e-05_bs32_modL1_fusion32_fusionL1_fusionBN0_drop0p1__wd1e-04trmiss40_trlocglobal,32,1e-05,0.0001,1,32,1,False,0.1,lr1e-05_bs32_modL1_fusion32_fusionL1_fusionBN0_drop0p1__wd1e-04trmiss40_trlocglobal,60,0.6330996652444204,0.6859180331230164,0.5515873015873016,0.6059952791230913,0.5777777777777777,0.0,0.0,0.0,0.0,0.0,0.0,0.0,0.0,0.0,,,,,18473,global,0.4
3,5,lr1e-05_bs32_modL1_fusion32_fusionL1_fusionBN0_drop0p1__wd1e-04trmiss40_trlocglobal,32,1e-05,0.0001,1,32,1,False,0.1,lr1e-05_bs32_modL1_fusion32_fusionL1_fusionBN0_drop0p1__wd1e-04trmiss40_trlocglobal,61,0.6379533112049103,0.6856880187988281,0.5575396825396826,0.6102039484779299,0.5777777777777777,0.0,0.0,0.0,0.0,0.0,0.0,0.0,0.0,0.0,,,,,18473,global,0.4
3,5,lr1e-05_bs32_modL1_fusion32_fusionL1_fusionBN0_drop0p1__wd1e-04trmiss40_trlocglobal,32,1e-05,0.0001,1,32,1,False,0.1,lr1e-05_bs32_modL1_fusion32_fusionL1_fusionBN0_drop0p1__wd1e-04trmiss40_trlocglobal,62,0.6301294763882955,0.6857889592647552,0.5535714285714286,0.6096741812394934,0.5777777777777777,0.0,0.0,0.0,0.0,0.0,0.0,0.0,0.0,0.0,,,,,18473,global,0.4
3,5,lr1e-05_bs32_modL1_fusion32_fusionL1_fusionBN0_drop0p1__wd1e-04trmiss40_trlocglobal,32,1e-05,0.0001,1,32,1,False,0.1,lr1e-05_bs32_modL1_fusion32_fusionL1_fusionBN0_drop0p1__wd1e-04trmiss40_trlocglobal,63,0.6264092028141022,0.6858639717102051,0.5535714285714286,0.6030955448221472,0.5777777777777777,0.0,0.0,0.0,0.0,0.0,0.0,0.0,0.0,0.0,,,,,18473,global,0.4
3,5,lr1e-05_bs32_modL1_fusion32_fusionL1_fusionBN0_drop0p1__wd1e-04trmiss40_trlocglobal,32,1e-05,0.0001,1,32,1,False,0.1,lr1e-05_bs32_modL1_fusion32_fusionL1_fusionBN0_drop0p1__wd1e-04trmiss40_trlocglobal,64,0.6311856309572855,0.6854292452335358,0.5535714285714286,0.6103765277281301,0.5555555555555556,0.0,0.0,0.0,0.0,0.0,0.0,0.0,0.0,0.0,,,,,18473,global,0.4
3,5,lr1e-05_bs32_modL1_fusion32_fusionL1_fusionBN0_drop0p1__wd1e-04trmiss40_trlocglobal,32,1e-05,0.0001,1,32,1,False,0.1,lr1e-05_bs32_modL1_fusion32_fusionL1_fusionBN0_drop0p1__wd1e-04trmiss40_trlocglobal,65,0.6443771322568258,0.6848543286323547,0.5535714285714286,0.6132290803449735,0.5555555555555556,0.0,0.0,0.0,0.0,0.0,0.0,0.0,0.0,0.0,,,,,18473,global,0.4
3,5,lr1e-05_bs32_modL1_fusion32_fusionL1_fusionBN0_drop0p1__wd1e-04trmiss40_trlocglobal,32,1e-05,0.0001,1,32,1,False,0.1,lr1e-05_bs32_modL1_fusion32_fusionL1_fusionBN0_drop0p1__wd1e-04trmiss40_trlocglobal,66,0.6381639738877615,0.6846642196178436,0.5555555555555556,0.6127770813635628,0.5777777777777777,0.0,0.0,0.0,0.0,0.0,0.0,0.0,0.0,0.0,,,,,18473,global,0.4
3,5,lr1e-05_bs32_modL1_fusion32_fusionL1_fusionBN0_drop0p1__wd1e-04trmiss40_trlocglobal,32,1e-05,0.0001,1,32,1,False,0.1,lr1e-05_bs32_modL1_fusion32_fusionL1_fusionBN0_drop0p1__wd1e-04trmiss40_trlocglobal,67,0.6347858111063639,0.6854643225669861,0.5496031746031746,0.6103155184759445,0.5777777777777777,0.0,0.0,0.0,0.0,0.0,0.0,0.0,0.0,0.0,,,,,18473,global,0.4
3,5,lr1e-05_bs32_modL1_fusion32_fusionL1_fusionBN0_drop0p1__wd1e-04trmiss40_trlocglobal,32,1e-05,0.0001,1,32,1,False,0.1,lr1e-05_bs32_modL1_fusion32_fusionL1_fusionBN0_drop0p1__wd1e-04trmiss40_trlocglobal,68,0.6307928164800009,0.6853699684143066,0.5476190476190477,0.6085441715433072,0.5555555555555556,0.0,0.0,0.0,0.0,0.0,0.0,0.0,0.0,0.0,,,,,18473,global,0.4
3,5,lr1e-05_bs32_modL1_fusion32_fusionL1_fusionBN0_drop0p1__wd1e-04trmiss40_trlocglobal,32,1e-05,0.0001,1,32,1,False,0.1,lr1e-05_bs32_modL1_fusion32_fusionL1_fusionBN0_drop0p1__wd1e-04trmiss40_trlocglobal,69,0.6309345265229543,0.6857479214668274,0.5456349206349206,0.6068109820766712,0.5555555555555556,0.0,0.0,0.0,0.0,0.0,0.0,0.0,0.0,0.0,,,,,18473,global,0.4
3,5,lr1e-05_bs32_modL1_fusion32_fusionL1_fusionBN0_drop0p1__wd1e-04trmiss40_trlocglobal,32,1e-05,0.0001,1,32,1,False,0.1,lr1e-05_bs32_modL1_fusion32_fusionL1_fusionBN0_drop0p1__wd1e-04trmiss40_trlocglobal,70,0.6364955107371012,0.6855199635028839,0.5436507936507936,0.60572873099442,0.5555555555555556,0.0,0.0,0.0,0.0,0.0,0.0,0.0,0.0,0.0,,,,,18473,global,0.4
3,5,lr1e-05_bs32_modL1_fusion32_fusionL1_fusionBN0_drop0p1__wd1e-04trmiss40_trlocglobal,32,1e-05,0.0001,1,32,1,False,0.1,lr1e-05_bs32_modL1_fusion32_fusionL1_fusionBN0_drop0p1__wd1e-04trmiss40_trlocglobal,71,0.624782790740331,0.6854857802391052,0.5515873015873016,0.6095942432823115,0.5777777777777777,0.0,0.0,0.0,0.0,0.0,0.0,0.0,0.0,0.0,,,,,18473,global,0.4
3,5,lr1e-05_bs32_modL1_fusion32_fusionL1_fusionBN0_drop0p1__wd1e-04trmiss40_trlocglobal,32,1e-05,0.0001,1,32,1,False,0.1,lr1e-05_bs32_modL1_fusion32_fusionL1_fusionBN0_drop0p1__wd1e-04trmiss40_trlocglobal,72,0.6398741404215494,0.6855800449848175,0.5476190476190477,0.601086165634943,0.5777777777777777,0.0,0.0,0.0,0.0,0.0,0.0,0.0,0.0,0.0,,,,,18473,global,0.4
3,5,lr1e-05_bs32_modL1_fusion32_fusionL1_fusionBN0_drop0p1__wd1e-04trmiss40_trlocglobal,32,1e-05,0.0001,1,32,1,False,0.1,lr1e-05_bs32_modL1_fusion32_fusionL1_fusionBN0_drop0p1__wd1e-04trmiss40_trlocglobal,73,0.6349483629067739,0.6854386031627655,0.5476190476190477,0.6097387630375404,0.5777777777777777,0.0,0.0,0.0,0.0,0.0,0.0,0.0,0.0,0.0,,,,,18473,global,0.4
3,5,lr1e-05_bs32_modL1_fusion32_fusionL1_fusionBN0_drop0p1__wd1e-04trmiss40_trlocglobal,32,1e-05,0.0001,1,32,1,False,0.1,lr1e-05_bs32_modL1_fusion32_fusionL1_fusionBN0_drop0p1__wd1e-04trmiss40_trlocglobal,74,0.6380466322104136,0.6852104067802429,0.5496031746031746,0.6031262293294185,0.5777777777777777,0.0,0.0,0.0,0.0,0.0,0.0,0.0,0.0,0.0,,,,,18473,global,0.4
3,5,lr1e-05_bs32_modL1_fusion32_fusionL1_fusionBN0_drop0p1__wd1e-04trmiss40_trlocglobal,32,1e-05,0.0001,1,32,1,False,0.1,lr1e-05_bs32_modL1_fusion32_fusionL1_fusionBN0_drop0p1__wd1e-04trmiss40_trlocglobal,75,0.6348287363847097,0.6855440139770508,0.5456349206349207,0.6011689915762155,0.5777777777777777,0.0,0.0,0.0,0.0,0.0,0.0,0.0,0.0,0.0,,,,,18473,global,0.4
3,5,lr1e-05_bs32_modL1_fusion32_fusionL1_fusionBN0_drop0p1__wd1e-04trmiss40_trlocglobal,32,1e-05,0.0001,1,32,1,False,0.1,lr1e-05_bs32_modL1_fusion32_fusionL1_fusionBN0_drop0p1__wd1e-04trmiss40_trlocglobal,76,0.6383575101693472,0.6851173639297485,0.5436507936507937,0.5999224877570373,0.5777777777777777,0.0,0.0,0.0,0.0,0.0,0.0,0.0,0.0,0.0,,,,,18473,global,0.4
3,0,lr5e-05_bs32_modL1_fusion32_fusionL1_fusionBN0_drop0p2__wd1e-04trmiss40_trlocglobal,32,5e-05,0.0001,1,32,1,False,0.2,lr5e-05_bs32_modL1_fusion32_fusionL1_fusionBN0_drop0p2__wd1e-04trmiss40_trlocglobal,1,0.7046368292399815,,,,,0.0,0.0,0.0,0.0,,,,,,outer_refit,0.4081387911736489,0.47287624006210166,0.5044642857142857,18473,global,0.4
3,0,lr5e-05_bs32_modL1_fusion32_fusionL1_fusionBN0_drop0p2__wd1e-04trmiss40_trlocglobal,32,5e-05,0.0001,1,32,1,False,0.2,lr5e-05_bs32_modL1_fusion32_fusionL1_fusionBN0_drop0p2__wd1e-04trmiss40_trlocglobal,2,0.6921273980821881,,,,,0.0,0.0,0.0,0.0,,,,,,outer_refit,0.5172937135553959,0.5414853972604078,0.5,18473,global,0.4
3,0,lr5e-05_bs32_modL1_fusion32_fusionL1_fusionBN0_drop0p2__wd1e-04trmiss40_trlocglobal,32,5e-05,0.0001,1,32,1,False,0.2,lr5e-05_bs32_modL1_fusion32_fusionL1_fusionBN0_drop0p2__wd1e-04trmiss40_trlocglobal,3,0.6834473780223301,,,,,0.0,0.0,0.0,0.0,,,,,,outer_refit,0.5969779341221618,0.596235554686637,0.5535714285714286,18473,global,0.4
3,0,lr5e-05_bs32_modL1_fusion32_fusionL1_fusionBN0_drop0p2__wd1e-04trmiss40_trlocglobal,32,5e-05,0.0001,1,32,1,False,0.2,lr5e-05_bs32_modL1_fusion32_fusionL1_fusionBN0_drop0p2__wd1e-04trmiss40_trlocglobal,4,0.6838155559131077,,,,,0.0,0.0,0.0,0.0,,,,,,outer_refit,0.5757115446114487,0.584687367529345,0.5714285714285714,18473,global,0.4
3,0,lr5e-05_bs32_modL1_fusion32_fusionL1_fusionBN0_drop0p2__wd1e-04trmiss40_trlocglobal,32,5e-05,0.0001,1,32,1,False,0.2,lr5e-05_bs32_modL1_fusion32_fusionL1_fusionBN0_drop0p2__wd1e-04trmiss40_trlocglobal,5,0.6795361042022705,,,,,0.0,0.0,0.0,0.0,,,,,,outer_refit,0.6186440677966102,0.6173504516204771,0.5714285714285714,18473,global,0.4
3,0,lr5e-05_bs32_modL1_fusion32_fusionL1_fusionBN0_drop0p2__wd1e-04trmiss40_trlocglobal,32,5e-05,0.0001,1,32,1,False,0.2,lr5e-05_bs32_modL1_fusion32_fusionL1_fusionBN0_drop0p2__wd1e-04trmiss40_trlocglobal,6,0.6714372038841248,,,,,0.0,0.0,0.0,0.0,,,,,,outer_refit,0.6754077390470099,0.6655820973050255,0.625,18473,global,0.4
3,0,lr5e-05_bs32_modL1_fusion32_fusionL1_fusionBN0_drop0p2__wd1e-04trmiss40_trlocglobal,32,5e-05,0.0001,1,32,1,False,0.2,lr5e-05_bs32_modL1_fusion32_fusionL1_fusionBN0_drop0p2__wd1e-04trmiss40_trlocglobal,7,0.6673464008740017,,,,,0.0,0.0,0.0,0.0,,,,,,outer_refit,0.6876399104573073,0.7014954528279036,0.6160714285714286,18473,global,0.4
3,0,lr5e-05_bs32_modL1_fusion32_fusionL1_fusionBN0_drop0p2__wd1e-04trmiss40_trlocglobal,32,5e-05,0.0001,1,32,1,False,0.2,lr5e-05_bs32_modL1_fusion32_fusionL1_fusionBN0_drop0p2__wd1e-04trmiss40_trlocglobal,8,0.663199952670506,,,,,0.0,0.0,0.0,0.0,,,,,,outer_refit,0.7114785526000479,0.6912270116748412,0.6785714285714286,18473,global,0.4
3,0,lr5e-05_bs32_modL1_fusion32_fusionL1_fusionBN0_drop0p2__wd1e-04trmiss40_trlocglobal,32,5e-05,0.0001,1,32,1,False,0.2,lr5e-05_bs32_modL1_fusion32_fusionL1_fusionBN0_drop0p2__wd1e-04trmiss40_trlocglobal,9,0.6492336647851127,,,,,0.0,0.0,0.0,0.0,,,,,,outer_refit,0.8307372793354102,0.8201882993625647,0.7008928571428571,18473,global,0.4
3,0,lr5e-05_bs32_modL1_fusion32_fusionL1_fusionBN0_drop0p2__wd1e-04trmiss40_trlocglobal,32,5e-05,0.0001,1,32,1,False,0.2,lr5e-05_bs32_modL1_fusion32_fusionL1_fusionBN0_drop0p2__wd1e-04trmiss40_trlocglobal,10,0.6547837512833732,,,,,0.0,0.0,0.0,0.0,,,,,,outer_refit,0.7845378957467222,0.7836442286280347,0.65625,18473,global,0.4
3,0,lr5e-05_bs32_modL1_fusion32_fusionL1_fusionBN0_drop0p2__wd1e-04trmiss40_trlocglobal,32,5e-05,0.0001,1,32,1,False,0.2,lr5e-05_bs32_modL1_fusion32_fusionL1_fusionBN0_drop0p2__wd1e-04trmiss40_trlocglobal,11,0.6552682859557015,,,,,0.0,0.0,0.0,0.0,,,,,,outer_refit,0.7721458266709306,0.76397216827622,0.6830357142857143,18473,global,0.4
3,0,lr5e-05_bs32_modL1_fusion32_fusionL1_fusionBN0_drop0p2__wd1e-04trmiss40_trlocglobal,32,5e-05,0.0001,1,32,1,False,0.2,lr5e-05_bs32_modL1_fusion32_fusionL1_fusionBN0_drop0p2__wd1e-04trmiss40_trlocglobal,12,0.649712894644056,,,,,0.0,0.0,0.0,0.0,,,,,,outer_refit,0.8135593220338984,0.7882368943209619,0.7321428571428571,18473,global,0.4
3,0,lr5e-05_bs32_modL1_fusion32_fusionL1_fusionBN0_drop0p2__wd1e-04trmiss40_trlocglobal,32,5e-05,0.0001,1,32,1,False,0.2,lr5e-05_bs32_modL1_fusion32_fusionL1_fusionBN0_drop0p2__wd1e-04trmiss40_trlocglobal,13,0.6492553779057094,,,,,0.0,0.0,0.0,0.0,,,,,,outer_refit,0.7975876667465452,0.8028689529033666,0.65625,18473,global,0.4
3,0,lr5e-05_bs32_modL1_fusion32_fusionL1_fusionBN0_drop0p2__wd1e-04trmiss40_trlocglobal,32,5e-05,0.0001,1,32,1,False,0.2,lr5e-05_bs32_modL1_fusion32_fusionL1_fusionBN0_drop0p2__wd1e-04trmiss40_trlocglobal,14,0.6532880749021258,,,,,0.0,0.0,0.0,0.0,,,,,,outer_refit,0.8028461784457948,0.7583945543861097,0.71875,18473,global,0.4
3,0,lr5e-05_bs32_modL1_fusion32_fusionL1_fusionBN0_drop0p2__wd1e-04trmiss40_trlocglobal,32,5e-05,0.0001,1,32,1,False,0.2,lr5e-05_bs32_modL1_fusion32_fusionL1_fusionBN0_drop0p2__wd1e-04trmiss40_trlocglobal,15,0.6472275257110596,,,,,0.0,0.0,0.0,0.0,,,,,,outer_refit,0.8059749181244508,0.8045386045480072,0.6830357142857143,18473,global,0.4
3,0,lr5e-05_bs32_modL1_fusion32_fusionL1_fusionBN0_drop0p2__wd1e-04trmiss40_trlocglobal,32,5e-05,0.0001,1,32,1,False,0.2,lr5e-05_bs32_modL1_fusion32_fusionL1_fusionBN0_drop0p2__wd1e-04trmiss40_trlocglobal,16,0.6550820640155247,,,,,0.0,0.0,0.0,0.0,,,,,,outer_refit,0.7667545331096732,0.7524894906912251,0.6830357142857143,18473,global,0.4
3,0,lr5e-05_bs32_modL1_fusion32_fusionL1_fusionBN0_drop0p2__wd1e-04trmiss40_trlocglobal,32,5e-05,0.0001,1,32,1,False,0.2,lr5e-05_bs32_modL1_fusion32_fusionL1_fusionBN0_drop0p2__wd1e-04trmiss40_trlocglobal,17,0.6473704406193325,,,,,0.0,0.0,0.0,0.0,,,,,,outer_refit,0.8089304257528556,0.7931982594622542,0.7098214285714286,18473,global,0.4
3,0,lr5e-05_bs32_modL1_fusion32_fusionL1_fusionBN0_drop0p2__wd1e-04trmiss40_trlocglobal,32,5e-05,0.0001,1,32,1,False,0.2,lr5e-05_bs32_modL1_fusion32_fusionL1_fusionBN0_drop0p2__wd1e-04trmiss40_trlocglobal,18,0.6409709794180733,,,,,0.0,0.0,0.0,0.0,,,,,,outer_refit,0.8498560921010554,0.8503801076058555,0.7276785714285714,18473,global,0.4
3,0,lr5e-05_bs32_modL1_fusion32_fusionL1_fusionBN0_drop0p2__wd1e-04trmiss40_trlocglobal,32,5e-05,0.0001,1,32,1,False,0.2,lr5e-05_bs32_modL1_fusion32_fusionL1_fusionBN0_drop0p2__wd1e-04trmiss40_trlocglobal,19,0.6447511826242719,,,,,0.0,0.0,0.0,0.0,,,,,,outer_refit,0.8225896637111589,0.7985133202620345,0.7232142857142857,18473,global,0.4
3,0,lr5e-05_bs32_modL1_fusion32_fusionL1_fusionBN0_drop0p2__wd1e-04trmiss40_trlocglobal,32,5e-05,0.0001,1,32,1,False,0.2,lr5e-05_bs32_modL1_fusion32_fusionL1_fusionBN0_drop0p2__wd1e-04trmiss40_trlocglobal,20,0.6484002385820661,,,,,0.0,0.0,0.0,0.0,,,,,,outer_refit,0.8012620816359134,0.7925206014168277,0.6919642857142857,18473,global,0.4
4,1,lr1e-04_bs32_modL1_fusion16_fusionL1_fusionBN0_drop0p2__wd1e-04trmiss40_trlocglobal,32,0.0001,0.0001,1,16,1,False,0.2,lr1e-04_bs32_modL1_fusion16_fusionL1_fusionBN0_drop0p2__wd1e-04trmiss40_trlocglobal,1,0.7108873724937439,0.7039186656475067,0.424901185770751,0.4712609178726121,0.4888888888888889,0.0,0.0,0.0,0.0,0.0,0.0,0.0,0.0,0.0,,,,,18473,global,0.4
4,1,lr1e-04_bs32_modL1_fusion16_fusionL1_fusionBN0_drop0p2__wd1e-04trmiss40_trlocglobal,32,0.0001,0.0001,1,16,1,False,0.2,lr1e-04_bs32_modL1_fusion16_fusionL1_fusionBN0_drop0p2__wd1e-04trmiss40_trlocglobal,2,0.690280040105184,0.7051933705806732,0.4426877470355731,0.4954382791645649,0.4888888888888889,0.0,0.0,0.0,0.0,0.0,0.0,0.0,0.0,0.0,,,,,18473,global,0.4
4,1,lr1e-04_bs32_modL1_fusion16_fusionL1_fusionBN0_drop0p2__wd1e-04trmiss40_trlocglobal,32,0.0001,0.0001,1,16,1,False,0.2,lr1e-04_bs32_modL1_fusion16_fusionL1_fusionBN0_drop0p2__wd1e-04trmiss40_trlocglobal,3,0.672700822353363,0.7056362330913544,0.46047430830039526,0.5209569443275985,0.5111111111111111,0.0,0.0,0.0,0.0,0.0,0.0,0.0,0.0,0.0,,,,,18473,global,0.4
4,1,lr1e-04_bs32_modL1_fusion16_fusionL1_fusionBN0_drop0p2__wd1e-04trmiss40_trlocglobal,32,0.0001,0.0001,1,16,1,False,0.2,lr1e-04_bs32_modL1_fusion16_fusionL1_fusionBN0_drop0p2__wd1e-04trmiss40_trlocglobal,4,0.6650630335013071,0.7058225870132446,0.458498023715415,0.5341447053054823,0.5111111111111111,0.0,0.0,0.0,0.0,0.0,0.0,0.0,0.0,0.0,,,,,18473,global,0.4
4,1,lr1e-04_bs32_modL1_fusion16_fusionL1_fusionBN0_drop0p2__wd1e-04trmiss40_trlocglobal,32,0.0001,0.0001,1,16,1,False,0.2,lr1e-04_bs32_modL1_fusion16_fusionL1_fusionBN0_drop0p2__wd1e-04trmiss40_trlocglobal,5,0.6660441060860952,0.7072654962539673,0.4683794466403162,0.5394017723282415,0.4888888888888889,0.0,0.0,0.0,0.0,0.0,0.0,0.0,0.0,0.0,,,,,18473,global,0.4
4,1,lr1e-04_bs32_modL1_fusion16_fusionL1_fusionBN0_drop0p2__wd1e-04trmiss40_trlocglobal,32,0.0001,0.0001,1,16,1,False,0.2,lr1e-04_bs32_modL1_fusion16_fusionL1_fusionBN0_drop0p2__wd1e-04trmiss40_trlocglobal,6,0.649062583843867,0.706171452999115,0.47430830039525695,0.5457185074518176,0.4888888888888889,0.0,0.0,0.0,0.0,0.0,0.0,0.0,0.0,0.0,,,,,18473,global,0.4
4,1,lr1e-04_bs32_modL1_fusion16_fusionL1_fusionBN0_drop0p2__wd1e-04trmiss40_trlocglobal,32,0.0001,0.0001,1,16,1,False,0.2,lr1e-04_bs32_modL1_fusion16_fusionL1_fusionBN0_drop0p2__wd1e-04trmiss40_trlocglobal,7,0.646721601486206,0.7056093513965607,0.47430830039525695,0.5126261058723175,0.4888888888888889,0.0,0.0,0.0,0.0,0.0,0.0,0.0,0.0,0.0,,,,,18473,global,0.4
4,1,lr1e-04_bs32_modL1_fusion16_fusionL1_fusionBN0_drop0p2__wd1e-04trmiss40_trlocglobal,32,0.0001,0.0001,1,16,1,False,0.2,lr1e-04_bs32_modL1_fusion16_fusionL1_fusionBN0_drop0p2__wd1e-04trmiss40_trlocglobal,8,0.6430954237778982,0.7055462598800659,0.48023715415019763,0.5153822344318487,0.4888888888888889,0.0,0.0,0.0,0.0,0.0,0.0,0.0,0.0,0.0,,,,,18473,global,0.4
4,1,lr1e-04_bs32_modL1_fusion16_fusionL1_fusionBN0_drop0p2__wd1e-04trmiss40_trlocglobal,32,0.0001,0.0001,1,16,1,False,0.2,lr1e-04_bs32_modL1_fusion16_fusionL1_fusionBN0_drop0p2__wd1e-04trmiss40_trlocglobal,9,0.6428641080856323,0.7064918279647827,0.4624505928853755,0.5282572076043047,0.4888888888888889,0.0,0.0,0.0,0.0,0.0,0.0,0.0,0.0,0.0,,,,,18473,global,0.4
4,1,lr1e-04_bs32_modL1_fusion16_fusionL1_fusionBN0_drop0p2__wd1e-04trmiss40_trlocglobal,32,0.0001,0.0001,1,16,1,False,0.2,lr1e-04_bs32_modL1_fusion16_fusionL1_fusionBN0_drop0p2__wd1e-04trmiss40_trlocglobal,10,0.632398396730423,0.7061934471130371,0.45454545454545453,0.5379082633990163,0.4666666666666667,0.0,0.0,0.0,0.0,0.0,0.0,0.0,0.0,0.0,,,,,18473,global,0.4
4,1,lr1e-04_bs32_modL1_fusion16_fusionL1_fusionBN0_drop0p2__wd1e-04trmiss40_trlocglobal,32,0.0001,0.0001,1,16,1,False,0.2,lr1e-04_bs32_modL1_fusion16_fusionL1_fusionBN0_drop0p2__wd1e-04trmiss40_trlocglobal,11,0.629609614610672,0.706527054309845,0.450592885375494,0.5353928412502682,0.4666666666666667,0.0,0.0,0.0,0.0,0.0,0.0,0.0,0.0,0.0,,,,,18473,global,0.4
4,1,lr1e-04_bs32_modL1_fusion16_fusionL1_fusionBN0_drop0p2__wd1e-04trmiss40_trlocglobal,32,0.0001,0.0001,1,16,1,False,0.2,lr1e-04_bs32_modL1_fusion16_fusionL1_fusionBN0_drop0p2__wd1e-04trmiss40_trlocglobal,12,0.62187127272288,0.7077988684177399,0.4367588932806324,0.5303110627937012,0.4444444444444444,0.0,0.0,0.0,0.0,0.0,0.0,0.0,0.0,0.0,,,,,18473,global,0.4
4,1,lr1e-04_bs32_modL1_fusion16_fusionL1_fusionBN0_drop0p2__wd1e-04trmiss40_trlocglobal,32,0.0001,0.0001,1,16,1,False,0.2,lr1e-04_bs32_modL1_fusion16_fusionL1_fusionBN0_drop0p2__wd1e-04trmiss40_trlocglobal,13,0.6207281947135925,0.7077924609184265,0.44664031620553357,0.5005698930606514,0.4444444444444444,0.0,0.0,0.0,0.0,0.0,0.0,0.0,0.0,0.0,,,,,18473,global,0.4
4,1,lr1e-04_bs32_modL1_fusion16_fusionL1_fusionBN0_drop0p2__wd1e-04trmiss40_trlocglobal,32,0.0001,0.0001,1,16,1,False,0.2,lr1e-04_bs32_modL1_fusion16_fusionL1_fusionBN0_drop0p2__wd1e-04trmiss40_trlocglobal,14,0.6097145080566406,0.7071037292480469,0.44466403162055335,0.4984296759588439,0.4444444444444444,0.0,0.0,0.0,0.0,0.0,0.0,0.0,0.0,0.0,,,,,18473,global,0.4
4,1,lr1e-04_bs32_modL1_fusion16_fusionL1_fusionBN0_drop0p2__wd1e-04trmiss40_trlocglobal,32,0.0001,0.0001,1,16,1,False,0.2,lr1e-04_bs32_modL1_fusion16_fusionL1_fusionBN0_drop0p2__wd1e-04trmiss40_trlocglobal,15,0.6091760794321696,0.7056140899658203,0.4407114624505929,0.4964457499872498,0.4444444444444444,0.0,0.0,0.0,0.0,0.0,0.0,0.0,0.0,0.0,,,,,18473,global,0.4
4,1,lr1e-04_bs32_modL1_fusion16_fusionL1_fusionBN0_drop0p2__wd1e-04trmiss40_trlocglobal,32,0.0001,0.0001,1,16,1,False,0.2,lr1e-04_bs32_modL1_fusion16_fusionL1_fusionBN0_drop0p2__wd1e-04trmiss40_trlocglobal,16,0.6014111042022705,0.7060649394989014,0.4407114624505929,0.49925429405385563,0.4444444444444444,0.0,0.0,0.0,0.0,0.0,0.0,0.0,0.0,0.0,,,,,18473,global,0.4
4,1,lr1e-04_bs32_modL1_fusion16_fusionL1_fusionBN0_drop0p2__wd1e-04trmiss40_trlocglobal,32,0.0001,0.0001,1,16,1,False,0.2,lr1e-04_bs32_modL1_fusion16_fusionL1_fusionBN0_drop0p2__wd1e-04trmiss40_trlocglobal,17,0.6018674174944559,0.7067787647247314,0.4407114624505929,0.5344519375866756,0.4444444444444444,0.0,0.0,0.0,0.0,0.0,0.0,0.0,0.0,0.0,,,,,18473,global,0.4
4,1,lr1e-04_bs32_modL1_fusion16_fusionL1_fusionBN0_drop0p2__wd1e-04trmiss40_trlocglobal,32,0.0001,0.0001,1,16,1,False,0.2,lr1e-04_bs32_modL1_fusion16_fusionL1_fusionBN0_drop0p2__wd1e-04trmiss40_trlocglobal,18,0.5945162276426951,0.7046453058719635,0.45849802371541504,0.5396118357099604,0.4444444444444444,0.0,0.0,0.0,0.0,0.0,0.0,0.0,0.0,0.0,,,,,18473,global,0.4
4,1,lr1e-04_bs32_modL1_fusion16_fusionL1_fusionBN0_drop0p2__wd1e-04trmiss40_trlocglobal,32,0.0001,0.0001,1,16,1,False,0.2,lr1e-04_bs32_modL1_fusion16_fusionL1_fusionBN0_drop0p2__wd1e-04trmiss40_trlocglobal,19,0.5906265477339426,0.7029801607131958,0.4624505928853755,0.5448097921344478,0.4444444444444444,0.0,0.0,0.0,0.0,0.0,0.0,0.0,0.0,0.0,,,,,18473,global,0.4
4,1,lr1e-04_bs32_modL1_fusion16_fusionL1_fusionBN0_drop0p2__wd1e-04trmiss40_trlocglobal,32,0.0001,0.0001,1,16,1,False,0.2,lr1e-04_bs32_modL1_fusion16_fusionL1_fusionBN0_drop0p2__wd1e-04trmiss40_trlocglobal,20,0.5836222867170969,0.7035571038722992,0.4644268774703557,0.5480111715730814,0.4444444444444444,0.0,0.0,0.0,0.0,0.0,0.0,0.0,0.0,0.0,,,,,18473,global,0.4
4,1,lr1e-04_bs32_modL1_fusion16_fusionL1_fusionBN0_drop0p2__wd1e-04trmiss40_trlocglobal,32,0.0001,0.0001,1,16,1,False,0.2,lr1e-04_bs32_modL1_fusion16_fusionL1_fusionBN0_drop0p2__wd1e-04trmiss40_trlocglobal,21,0.5896334946155548,0.706904947757721,0.4446640316205533,0.521415191964485,0.4666666666666667,0.0,0.0,0.0,0.0,0.0,0.0,0.0,0.0,0.0,,,,,18473,global,0.4
4,1,lr1e-04_bs32_modL1_fusion16_fusionL1_fusionBN0_drop0p2__wd1e-04trmiss40_trlocglobal,32,0.0001,0.0001,1,16,1,False,0.2,lr1e-04_bs32_modL1_fusion16_fusionL1_fusionBN0_drop0p2__wd1e-04trmiss40_trlocglobal,22,0.5826330681641897,0.7076209187507629,0.44071146245059284,0.5242480541507817,0.4444444444444444,0.0,0.0,0.0,0.0,0.0,0.0,0.0,0.0,0.0,,,,,18473,global,0.4
4,1,lr1e-04_bs32_modL1_fusion16_fusionL1_fusionBN0_drop0p2__wd1e-04trmiss40_trlocglobal,32,0.0001,0.0001,1,16,1,False,0.2,lr1e-04_bs32_modL1_fusion16_fusionL1_fusionBN0_drop0p2__wd1e-04trmiss40_trlocglobal,23,0.5832171936829885,0.7068445384502411,0.4505928853754941,0.5337238176896762,0.4666666666666667,0.0,0.0,0.0,0.0,0.0,0.0,0.0,0.0,0.0,,,,,18473,global,0.4
4,1,lr1e-04_bs32_modL1_fusion16_fusionL1_fusionBN0_drop0p2__wd1e-04trmiss40_trlocglobal,32,0.0001,0.0001,1,16,1,False,0.2,lr1e-04_bs32_modL1_fusion16_fusionL1_fusionBN0_drop0p2__wd1e-04trmiss40_trlocglobal,24,0.5810527503490448,0.7061116099357605,0.4525691699604743,0.5389666603221259,0.5333333333333333,0.0,0.0,0.0,0.0,0.0,0.0,0.0,0.0,0.0,,,,,18473,global,0.4
4,1,lr1e-04_bs32_modL1_fusion16_fusionL1_fusionBN0_drop0p2__wd1e-04trmiss40_trlocglobal,32,0.0001,0.0001,1,16,1,False,0.2,lr1e-04_bs32_modL1_fusion16_fusionL1_fusionBN0_drop0p2__wd1e-04trmiss40_trlocglobal,25,0.5704760452111562,0.7055262625217438,0.46837944664031617,0.5395387992042228,0.5111111111111111,0.0,0.0,0.0,0.0,0.0,0.0,0.0,0.0,0.0,,,,,18473,global,0.4
4,1,lr1e-04_bs32_modL1_fusion16_fusionL1_fusionBN0_drop0p2__wd1e-04trmiss40_trlocglobal,32,0.0001,0.0001,1,16,1,False,0.2,lr1e-04_bs32_modL1_fusion16_fusionL1_fusionBN0_drop0p2__wd1e-04trmiss40_trlocglobal,26,0.5579217672348022,0.7033871710300446,0.48418972332015814,0.5443085657540722,0.4888888888888889,0.0,0.0,0.0,0.0,0.0,0.0,0.0,0.0,0.0,,,,,18473,global,0.4
4,1,lr1e-04_bs32_modL1_fusion16_fusionL1_fusionBN0_drop0p2__wd1e-04trmiss40_trlocglobal,32,0.0001,0.0001,1,16,1,False,0.2,lr1e-04_bs32_modL1_fusion16_fusionL1_fusionBN0_drop0p2__wd1e-04trmiss40_trlocglobal,27,0.5624977250893911,0.7042469382286072,0.48023715415019763,0.5483373982300073,0.5111111111111111,0.0,0.0,0.0,0.0,0.0,0.0,0.0,0.0,0.0,,,,,18473,global,0.4
4,1,lr1e-04_bs32_modL1_fusion16_fusionL1_fusionBN0_drop0p2__wd1e-04trmiss40_trlocglobal,32,0.0001,0.0001,1,16,1,False,0.2,lr1e-04_bs32_modL1_fusion16_fusionL1_fusionBN0_drop0p2__wd1e-04trmiss40_trlocglobal,28,0.5484288334846497,0.7054159045219421,0.4683794466403162,0.5466908141576362,0.5111111111111111,0.0,0.0,0.0,0.0,0.0,0.0,0.0,0.0,0.0,,,,,18473,global,0.4
4,1,lr1e-04_bs32_modL1_fusion16_fusionL1_fusionBN0_drop0p2__wd1e-04trmiss40_trlocglobal,32,0.0001,0.0001,1,16,1,False,0.2,lr1e-04_bs32_modL1_fusion16_fusionL1_fusionBN0_drop0p2__wd1e-04trmiss40_trlocglobal,29,0.5423252085844675,0.7050452828407288,0.4841897233201581,0.5639143212805094,0.5111111111111111,0.0,0.0,0.0,0.0,0.0,0.0,0.0,0.0,0.0,,,,,18473,global,0.4
4,1,lr1e-04_bs32_modL1_fusion16_fusionL1_fusionBN0_drop0p2__wd1e-04trmiss40_trlocglobal,32,0.0001,0.0001,1,16,1,False,0.2,lr1e-04_bs32_modL1_fusion16_fusionL1_fusionBN0_drop0p2__wd1e-04trmiss40_trlocglobal,30,0.5481431086858114,0.7061397433280945,0.48023715415019763,0.5619374651521647,0.4888888888888889,0.0,0.0,0.0,0.0,0.0,0.0,0.0,0.0,0.0,,,,,18473,global,0.4
4,1,lr1e-04_bs32_modL1_fusion16_fusionL1_fusionBN0_drop0p2__wd1e-04trmiss40_trlocglobal,32,0.0001,0.0001,1,16,1,False,0.2,lr1e-04_bs32_modL1_fusion16_fusionL1_fusionBN0_drop0p2__wd1e-04trmiss40_trlocglobal,31,0.5492764612038931,0.7068042755126953,0.4762845849802371,0.5641836243548456,0.4888888888888889,0.0,0.0,0.0,0.0,0.0,0.0,0.0,0.0,0.0,,,,,18473,global,0.4
4,1,lr1e-04_bs32_modL1_fusion16_fusionL1_fusionBN0_drop0p2__wd1e-04trmiss40_trlocglobal,32,0.0001,0.0001,1,16,1,False,0.2,lr1e-04_bs32_modL1_fusion16_fusionL1_fusionBN0_drop0p2__wd1e-04trmiss40_trlocglobal,32,0.5337818513313929,0.7067399322986603,0.48023715415019763,0.5641430474799436,0.4666666666666667,0.0,0.0,0.0,0.0,0.0,0.0,0.0,0.0,0.0,,,,,18473,global,0.4
4,1,lr1e-04_bs32_modL1_fusion16_fusionL1_fusionBN0_drop0p2__wd1e-04trmiss40_trlocglobal,32,0.0001,0.0001,1,16,1,False,0.2,lr1e-04_bs32_modL1_fusion16_fusionL1_fusionBN0_drop0p2__wd1e-04trmiss40_trlocglobal,33,0.5399421354134878,0.7067056894302368,0.46837944664031617,0.5598397885905597,0.5111111111111111,0.0,0.0,0.0,0.0,0.0,0.0,0.0,0.0,0.0,,,,,18473,global,0.4
4,1,lr1e-04_bs32_modL1_fusion16_fusionL1_fusionBN0_drop0p2__wd1e-04trmiss40_trlocglobal,32,0.0001,0.0001,1,16,1,False,0.2,lr1e-04_bs32_modL1_fusion16_fusionL1_fusionBN0_drop0p2__wd1e-04trmiss40_trlocglobal,34,0.545603076616923,0.7089053392410278,0.46640316205533594,0.5572963847555958,0.4444444444444444,0.0,0.0,0.0,0.0,0.0,0.0,0.0,0.0,0.0,,,,,18473,global,0.4
4,1,lr1e-04_bs32_modL1_fusion16_fusionL1_fusionBN0_drop0p2__wd1e-04trmiss40_trlocglobal,32,0.0001,0.0001,1,16,1,False,0.2,lr1e-04_bs32_modL1_fusion16_fusionL1_fusionBN0_drop0p2__wd1e-04trmiss40_trlocglobal,35,0.5348671277364095,0.708690881729126,0.4624505928853755,0.5559868160645862,0.4666666666666667,0.0,0.0,0.0,0.0,0.0,0.0,0.0,0.0,0.0,,,,,18473,global,0.4
4,1,lr1e-04_bs32_modL1_fusion16_fusionL1_fusionBN0_drop0p2__wd1e-04trmiss40_trlocglobal,32,0.0001,0.0001,1,16,1,False,0.2,lr1e-04_bs32_modL1_fusion16_fusionL1_fusionBN0_drop0p2__wd1e-04trmiss40_trlocglobal,36,0.5250007609526316,0.7076051533222198,0.4762845849802372,0.5634715061767127,0.4666666666666667,0.0,0.0,0.0,0.0,0.0,0.0,0.0,0.0,0.0,,,,,18473,global,0.4
4,1,lr1e-04_bs32_modL1_fusion16_fusionL1_fusionBN0_drop0p2__wd1e-04trmiss40_trlocglobal,32,0.0001,0.0001,1,16,1,False,0.2,lr1e-04_bs32_modL1_fusion16_fusionL1_fusionBN0_drop0p2__wd1e-04trmiss40_trlocglobal,37,0.526382734378179,0.7067420184612274,0.47233201581027673,0.5621677970464191,0.4888888888888889,0.0,0.0,0.0,0.0,0.0,0.0,0.0,0.0,0.0,,,,,18473,global,0.4
4,1,lr1e-04_bs32_modL1_fusion16_fusionL1_fusionBN0_drop0p2__wd1e-04trmiss40_trlocglobal,32,0.0001,0.0001,1,16,1,False,0.2,lr1e-04_bs32_modL1_fusion16_fusionL1_fusionBN0_drop0p2__wd1e-04trmiss40_trlocglobal,38,0.5223344266414642,0.7089575827121735,0.46837944664031617,0.5575527122553071,0.4666666666666667,0.0,0.0,0.0,0.0,0.0,0.0,0.0,0.0,0.0,,,,,18473,global,0.4
4,1,lr1e-04_bs32_modL1_fusion16_fusionL1_fusionBN0_drop0p2__wd1e-04trmiss40_trlocglobal,32,0.0001,0.0001,1,16,1,False,0.2,lr1e-04_bs32_modL1_fusion16_fusionL1_fusionBN0_drop0p2__wd1e-04trmiss40_trlocglobal,39,0.5212619254986445,0.711001843214035,0.4624505928853755,0.5533811740748176,0.4666666666666667,0.0,0.0,0.0,0.0,0.0,0.0,0.0,0.0,0.0,,,,,18473,global,0.4
4,1,lr1e-04_bs32_modL1_fusion16_fusionL1_fusionBN0_drop0p2__wd1e-04trmiss40_trlocglobal,32,0.0001,0.0001,1,16,1,False,0.2,lr1e-04_bs32_modL1_fusion16_fusionL1_fusionBN0_drop0p2__wd1e-04trmiss40_trlocglobal,40,0.5156684368848801,0.7108700573444366,0.4664031620553359,0.5571377553647174,0.4666666666666667,0.0,0.0,0.0,0.0,0.0,0.0,0.0,0.0,0.0,,,,,18473,global,0.4
4,1,lr1e-04_bs32_modL1_fusion16_fusionL1_fusionBN0_drop0p2__wd1e-04trmiss40_trlocglobal,32,0.0001,0.0001,1,16,1,False,0.2,lr1e-04_bs32_modL1_fusion16_fusionL1_fusionBN0_drop0p2__wd1e-04trmiss40_trlocglobal,41,0.5134067783753077,0.711772233247757,0.45652173913043476,0.5511258675177912,0.4444444444444444,0.0,0.0,0.0,0.0,0.0,0.0,0.0,0.0,0.0,,,,,18473,global,0.4
4,1,lr1e-04_bs32_modL1_fusion16_fusionL1_fusionBN0_drop0p2__wd1e-04trmiss40_trlocglobal,32,0.0001,0.0001,1,16,1,False,0.2,lr1e-04_bs32_modL1_fusion16_fusionL1_fusionBN0_drop0p2__wd1e-04trmiss40_trlocglobal,42,0.5113117843866348,0.7131390869617462,0.46837944664031617,0.5563235346417179,0.4444444444444444,0.0,0.0,0.0,0.0,0.0,0.0,0.0,0.0,0.0,,,,,18473,global,0.4
4,1,lr1e-04_bs32_modL1_fusion16_fusionL1_fusionBN0_drop0p2__wd1e-04trmiss40_trlocglobal,32,0.0001,0.0001,1,16,1,False,0.2,lr1e-04_bs32_modL1_fusion16_fusionL1_fusionBN0_drop0p2__wd1e-04trmiss40_trlocglobal,43,0.5145721435546875,0.7151797115802765,0.4644268774703557,0.5550883488307102,0.4666666666666667,0.0,0.0,0.0,0.0,0.0,0.0,0.0,0.0,0.0,,,,,18473,global,0.4
4,1,lr1e-04_bs32_modL1_fusion16_fusionL1_fusionBN0_drop0p2__wd1e-04trmiss40_trlocglobal,32,0.0001,0.0001,1,16,1,False,0.2,lr1e-04_bs32_modL1_fusion16_fusionL1_fusionBN0_drop0p2__wd1e-04trmiss40_trlocglobal,44,0.507144883275032,0.7148054838180542,0.4644268774703557,0.5564032024101728,0.4666666666666667,0.0,0.0,0.0,0.0,0.0,0.0,0.0,0.0,0.0,,,,,18473,global,0.4
4,1,lr1e-04_bs32_modL1_fusion16_fusionL1_fusionBN0_drop0p2__wd1e-04trmiss40_trlocglobal,32,0.0001,0.0001,1,16,1,False,0.2,lr1e-04_bs32_modL1_fusion16_fusionL1_fusionBN0_drop0p2__wd1e-04trmiss40_trlocglobal,45,0.5020257929960886,0.7132225334644318,0.46047430830039526,0.5540018671926141,0.4888888888888889,0.0,0.0,0.0,0.0,0.0,0.0,0.0,0.0,0.0,,,,,18473,global,0.4
4,1,lr1e-04_bs32_modL1_fusion16_fusionL1_fusionBN0_drop0p2__wd1e-04trmiss40_trlocglobal,32,0.0001,0.0001,1,16,1,False,0.2,lr1e-04_bs32_modL1_fusion16_fusionL1_fusionBN0_drop0p2__wd1e-04trmiss40_trlocglobal,46,0.5008160670598348,0.7128452658653259,0.4565217391304348,0.5541578858323214,0.4888888888888889,0.0,0.0,0.0,0.0,0.0,0.0,0.0,0.0,0.0,,,,,18473,global,0.4
4,1,lr1e-04_bs32_modL1_fusion16_fusionL1_fusionBN0_drop0p1__wd1e-04trmiss40_trlocglobal,32,0.0001,0.0001,1,16,1,False,0.1,lr1e-04_bs32_modL1_fusion16_fusionL1_fusionBN0_drop0p1__wd1e-04trmiss40_trlocglobal,1,0.7157015403111776,0.7027591466903687,0.5059288537549407,0.5383353969842019,0.4888888888888889,0.0,0.0,0.0,0.0,0.0,0.0,0.0,0.0,0.0,,,,,18473,global,0.4
4,1,lr1e-04_bs32_modL1_fusion16_fusionL1_fusionBN0_drop0p1__wd1e-04trmiss40_trlocglobal,32,0.0001,0.0001,1,16,1,False,0.1,lr1e-04_bs32_modL1_fusion16_fusionL1_fusionBN0_drop0p1__wd1e-04trmiss40_trlocglobal,2,0.682456245024999,0.700743168592453,0.5296442687747036,0.5969110068921141,0.5111111111111111,0.0,0.0,0.0,0.0,0.0,0.0,0.0,0.0,0.0,,,,,18473,global,0.4
4,1,lr1e-04_bs32_modL1_fusion16_fusionL1_fusionBN0_drop0p1__wd1e-04trmiss40_trlocglobal,32,0.0001,0.0001,1,16,1,False,0.1,lr1e-04_bs32_modL1_fusion16_fusionL1_fusionBN0_drop0p1__wd1e-04trmiss40_trlocglobal,3,0.6759264965852102,0.6963388323783875,0.5573122529644269,0.6177188099314416,0.5333333333333333,0.0,0.0,0.0,0.0,0.0,0.0,0.0,0.0,0.0,,,,,18473,global,0.4
4,1,lr1e-04_bs32_modL1_fusion16_fusionL1_fusionBN0_drop0p1__wd1e-04trmiss40_trlocglobal,32,0.0001,0.0001,1,16,1,False,0.1,lr1e-04_bs32_modL1_fusion16_fusionL1_fusionBN0_drop0p1__wd1e-04trmiss40_trlocglobal,4,0.6515864034493765,0.6921095550060272,0.5731225296442687,0.6296788643365986,0.5333333333333333,0.0,0.0,0.0,0.0,0.0,0.0,0.0,0.0,0.0,,,,,18473,global,0.4
4,1,lr1e-04_bs32_modL1_fusion16_fusionL1_fusionBN0_drop0p1__wd1e-04trmiss40_trlocglobal,32,0.0001,0.0001,1,16,1,False,0.1,lr1e-04_bs32_modL1_fusion16_fusionL1_fusionBN0_drop0p1__wd1e-04trmiss40_trlocglobal,5,0.6456360121568044,0.6879212260246277,0.5691699604743083,0.6515753780080439,0.5555555555555556,0.0,0.0,0.0,0.0,0.0,0.0,0.0,0.0,0.0,,,,,18473,global,0.4
4,1,lr1e-04_bs32_modL1_fusion16_fusionL1_fusionBN0_drop0p1__wd1e-04trmiss40_trlocglobal,32,0.0001,0.0001,1,16,1,False,0.1,lr1e-04_bs32_modL1_fusion16_fusionL1_fusionBN0_drop0p1__wd1e-04trmiss40_trlocglobal,6,0.636466513077418,0.6875897943973541,0.5810276679841897,0.637270942329084,0.5333333333333333,0.0,0.0,0.0,0.0,0.0,0.0,0.0,0.0,0.0,,,,,18473,global,0.4
4,1,lr1e-04_bs32_modL1_fusion16_fusionL1_fusionBN0_drop0p1__wd1e-04trmiss40_trlocglobal,32,0.0001,0.0001,1,16,1,False,0.1,lr1e-04_bs32_modL1_fusion16_fusionL1_fusionBN0_drop0p1__wd1e-04trmiss40_trlocglobal,7,0.6247497697671255,0.6847611367702484,0.5909090909090909,0.6191042988414054,0.5777777777777777,0.0,0.0,0.0,0.0,0.0,0.0,0.0,0.0,0.0,,,,,18473,global,0.4
4,1,lr1e-04_bs32_modL1_fusion16_fusionL1_fusionBN0_drop0p1__wd1e-04trmiss40_trlocglobal,32,0.0001,0.0001,1,16,1,False,0.1,lr1e-04_bs32_modL1_fusion16_fusionL1_fusionBN0_drop0p1__wd1e-04trmiss40_trlocglobal,8,0.6211708684762319,0.6814061999320984,0.6067193675889329,0.6281800559594996,0.5777777777777777,0.0,0.0,0.0,0.0,0.0,0.0,0.0,0.0,0.0,,,,,18473,global,0.4
4,1,lr1e-04_bs32_modL1_fusion16_fusionL1_fusionBN0_drop0p1__wd1e-04trmiss40_trlocglobal,32,0.0001,0.0001,1,16,1,False,0.1,lr1e-04_bs32_modL1_fusion16_fusionL1_fusionBN0_drop0p1__wd1e-04trmiss40_trlocglobal,9,0.6089242200056711,0.6802632510662079,0.6047430830039526,0.6623893257600835,0.5777777777777777,0.0,0.0,0.0,0.0,0.0,0.0,0.0,0.0,0.0,,,,,18473,global,0.4
4,1,lr1e-04_bs32_modL1_fusion16_fusionL1_fusionBN0_drop0p1__wd1e-04trmiss40_trlocglobal,32,0.0001,0.0001,1,16,1,False,0.1,lr1e-04_bs32_modL1_fusion16_fusionL1_fusionBN0_drop0p1__wd1e-04trmiss40_trlocglobal,10,0.6068976620833079,0.6807636320590973,0.5928853754940712,0.6439573578097177,0.5555555555555556,0.0,0.0,0.0,0.0,0.0,0.0,0.0,0.0,0.0,,,,,18473,global,0.4
4,1,lr1e-04_bs32_modL1_fusion16_fusionL1_fusionBN0_drop0p1__wd1e-04trmiss40_trlocglobal,32,0.0001,0.0001,1,16,1,False,0.1,lr1e-04_bs32_modL1_fusion16_fusionL1_fusionBN0_drop0p1__wd1e-04trmiss40_trlocglobal,11,0.5977539320786794,0.6816294193267822,0.5869565217391304,0.6381670603524366,0.5555555555555556,0.0,0.0,0.0,0.0,0.0,0.0,0.0,0.0,0.0,,,,,18473,global,0.4
4,1,lr1e-04_bs32_modL1_fusion16_fusionL1_fusionBN0_drop0p1__wd1e-04trmiss40_trlocglobal,32,0.0001,0.0001,1,16,1,False,0.1,lr1e-04_bs32_modL1_fusion16_fusionL1_fusionBN0_drop0p1__wd1e-04trmiss40_trlocglobal,12,0.59047003587087,0.6779459714889526,0.575098814229249,0.6330671098007458,0.5111111111111111,0.0,0.0,0.0,0.0,0.0,0.0,0.0,0.0,0.0,,,,,18473,global,0.4
4,1,lr1e-04_bs32_modL1_fusion16_fusionL1_fusionBN0_drop0p1__wd1e-04trmiss40_trlocglobal,32,0.0001,0.0001,1,16,1,False,0.1,lr1e-04_bs32_modL1_fusion16_fusionL1_fusionBN0_drop0p1__wd1e-04trmiss40_trlocglobal,13,0.573696494102478,0.675783634185791,0.5573122529644269,0.6126201256581094,0.5111111111111111,0.0,0.0,0.0,0.0,0.0,0.0,0.0,0.0,0.0,,,,,18473,global,0.4
4,1,lr1e-04_bs32_modL1_fusion16_fusionL1_fusionBN0_drop0p1__wd1e-04trmiss40_trlocglobal,32,0.0001,0.0001,1,16,1,False,0.1,lr1e-04_bs32_modL1_fusion16_fusionL1_fusionBN0_drop0p1__wd1e-04trmiss40_trlocglobal,14,0.569722056388855,0.6744875609874725,0.567193675889328,0.6117101174625252,0.5555555555555556,0.0,0.0,0.0,0.0,0.0,0.0,0.0,0.0,0.0,,,,,18473,global,0.4
4,1,lr1e-04_bs32_modL1_fusion16_fusionL1_fusionBN0_drop0p1__wd1e-04trmiss40_trlocglobal,32,0.0001,0.0001,1,16,1,False,0.1,lr1e-04_bs32_modL1_fusion16_fusionL1_fusionBN0_drop0p1__wd1e-04trmiss40_trlocglobal,15,0.5691177447636923,0.6762180328369141,0.5632411067193676,0.6153890727165945,0.6,0.0,0.0,0.0,0.0,0.0,0.0,0.0,0.0,0.0,,,,,18473,global,0.4
4,1,lr1e-04_bs32_modL1_fusion16_fusionL1_fusionBN0_drop0p1__wd1e-04trmiss40_trlocglobal,32,0.0001,0.0001,1,16,1,False,0.1,lr1e-04_bs32_modL1_fusion16_fusionL1_fusionBN0_drop0p1__wd1e-04trmiss40_trlocglobal,16,0.5638466974099478,0.6762179136276245,0.5513833992094861,0.5989708604875461,0.6,0.0,0.0,0.0,0.0,0.0,0.0,0.0,0.0,0.0,,,,,18473,global,0.4
4,1,lr1e-04_bs32_modL1_fusion16_fusionL1_fusionBN0_drop0p1__wd1e-04trmiss40_trlocglobal,32,0.0001,0.0001,1,16,1,False,0.1,lr1e-04_bs32_modL1_fusion16_fusionL1_fusionBN0_drop0p1__wd1e-04trmiss40_trlocglobal,17,0.5519795914491018,0.6733140349388123,0.5553359683794465,0.6229898177985989,0.6,0.0,0.0,0.0,0.0,0.0,0.0,0.0,0.0,0.0,,,,,18473,global,0.4
4,1,lr1e-04_bs32_modL1_fusion16_fusionL1_fusionBN0_drop0p1__wd1e-04trmiss40_trlocglobal,32,0.0001,0.0001,1,16,1,False,0.1,lr1e-04_bs32_modL1_fusion16_fusionL1_fusionBN0_drop0p1__wd1e-04trmiss40_trlocglobal,18,0.538858433564504,0.6665820479393005,0.5573122529644269,0.6279286470852542,0.6,0.0,0.0,0.0,0.0,0.0,0.0,0.0,0.0,0.0,,,,,18473,global,0.4
4,1,lr1e-04_bs32_modL1_fusion16_fusionL1_fusionBN0_drop0p1__wd1e-04trmiss40_trlocglobal,32,0.0001,0.0001,1,16,1,False,0.1,lr1e-04_bs32_modL1_fusion16_fusionL1_fusionBN0_drop0p1__wd1e-04trmiss40_trlocglobal,19,0.5330491065979004,0.6680901944637299,0.5513833992094861,0.61491332136769,0.6,0.0,0.0,0.0,0.0,0.0,0.0,0.0,0.0,0.0,,,,,18473,global,0.4
4,1,lr1e-04_bs32_modL1_fusion16_fusionL1_fusionBN0_drop0p1__wd1e-04trmiss40_trlocglobal,32,0.0001,0.0001,1,16,1,False,0.1,lr1e-04_bs32_modL1_fusion16_fusionL1_fusionBN0_drop0p1__wd1e-04trmiss40_trlocglobal,20,0.5373153587182363,0.6708367168903351,0.5494071146245059,0.6219033325389827,0.6,0.0,0.0,0.0,0.0,0.0,0.0,0.0,0.0,0.0,,,,,18473,global,0.4
4,1,lr1e-04_bs32_modL1_fusion16_fusionL1_fusionBN0_drop0p1__wd1e-04trmiss40_trlocglobal,32,0.0001,0.0001,1,16,1,False,0.1,lr1e-04_bs32_modL1_fusion16_fusionL1_fusionBN0_drop0p1__wd1e-04trmiss40_trlocglobal,21,0.5272814035415649,0.6684722602367401,0.557312252964427,0.6436487004168076,0.6222222222222222,0.0,0.0,0.0,0.0,0.0,0.0,0.0,0.0,0.0,,,,,18473,global,0.4
4,1,lr1e-04_bs32_modL1_fusion16_fusionL1_fusionBN0_drop0p1__wd1e-04trmiss40_trlocglobal,32,0.0001,0.0001,1,16,1,False,0.1,lr1e-04_bs32_modL1_fusion16_fusionL1_fusionBN0_drop0p1__wd1e-04trmiss40_trlocglobal,22,0.5299418667952219,0.6705955564975739,0.5474308300395256,0.6369121100676853,0.6,0.0,0.0,0.0,0.0,0.0,0.0,0.0,0.0,0.0,,,,,18473,global,0.4
4,1,lr1e-04_bs32_modL1_fusion16_fusionL1_fusionBN0_drop0p1__wd1e-04trmiss40_trlocglobal,32,0.0001,0.0001,1,16,1,False,0.1,lr1e-04_bs32_modL1_fusion16_fusionL1_fusionBN0_drop0p1__wd1e-04trmiss40_trlocglobal,23,0.5158759951591492,0.6711580753326416,0.5415019762845851,0.6305178623683463,0.6,0.0,0.0,0.0,0.0,0.0,0.0,0.0,0.0,0.0,,,,,18473,global,0.4
4,1,lr1e-04_bs32_modL1_fusion16_fusionL1_fusionBN0_drop0p1__wd1e-04trmiss40_trlocglobal,32,0.0001,0.0001,1,16,1,False,0.1,lr1e-04_bs32_modL1_fusion16_fusionL1_fusionBN0_drop0p1__wd1e-04trmiss40_trlocglobal,24,0.5061523765325546,0.6704955697059631,0.5454545454545454,0.629541437187957,0.6222222222222222,0.0,0.0,0.0,0.0,0.0,0.0,0.0,0.0,0.0,,,,,18473,global,0.4
4,1,lr1e-04_bs32_modL1_fusion16_fusionL1_fusionBN0_drop0p1__wd1e-04trmiss40_trlocglobal,32,0.0001,0.0001,1,16,1,False,0.1,lr1e-04_bs32_modL1_fusion16_fusionL1_fusionBN0_drop0p1__wd1e-04trmiss40_trlocglobal,25,0.498732457558314,0.6693676114082336,0.5474308300395256,0.6265550515928756,0.6444444444444445,0.0,0.0,0.0,0.0,0.0,0.0,0.0,0.0,0.0,,,,,18473,global,0.4
4,1,lr1e-04_bs32_modL1_fusion16_fusionL1_fusionBN0_drop0p1__wd1e-04trmiss40_trlocglobal,32,0.0001,0.0001,1,16,1,False,0.1,lr1e-04_bs32_modL1_fusion16_fusionL1_fusionBN0_drop0p1__wd1e-04trmiss40_trlocglobal,26,0.49756066501140594,0.6707565188407898,0.5395256916996047,0.6155256971483577,0.6,0.0,0.0,0.0,0.0,0.0,0.0,0.0,0.0,0.0,,,,,18473,global,0.4
4,1,lr1e-04_bs32_modL1_fusion16_fusionL1_fusionBN0_drop0p1__wd1e-04trmiss40_trlocglobal,32,0.0001,0.0001,1,16,1,False,0.1,lr1e-04_bs32_modL1_fusion16_fusionL1_fusionBN0_drop0p1__wd1e-04trmiss40_trlocglobal,27,0.4870753437280655,0.6679825484752655,0.5474308300395256,0.6192951279813452,0.6222222222222222,0.0,0.0,0.0,0.0,0.0,0.0,0.0,0.0,0.0,,,,,18473,global,0.4
4,1,lr1e-04_bs32_modL1_fusion16_fusionL1_fusionBN0_drop0p1__wd1e-04trmiss40_trlocglobal,32,0.0001,0.0001,1,16,1,False,0.1,lr1e-04_bs32_modL1_fusion16_fusionL1_fusionBN0_drop0p1__wd1e-04trmiss40_trlocglobal,28,0.4824423591295878,0.6671002805233002,0.5474308300395256,0.6090791475607613,0.6444444444444445,0.0,0.0,0.0,0.0,0.0,0.0,0.0,0.0,0.0,,,,,18473,global,0.4
4,1,lr1e-04_bs32_modL1_fusion32_fusionL1_fusionBN0_drop0p2__wd1e-04trmiss40_trlocglobal,32,0.0001,0.0001,1,32,1,False,0.2,lr1e-04_bs32_modL1_fusion32_fusionL1_fusionBN0_drop0p2__wd1e-04trmiss40_trlocglobal,1,0.7004299759864807,0.7034182548522949,0.4565217391304348,0.5077984052419019,0.4888888888888889,0.0,0.0,0.0,0.0,0.0,0.0,0.0,0.0,0.0,,,,,18473,global,0.4
4,1,lr1e-04_bs32_modL1_fusion32_fusionL1_fusionBN0_drop0p2__wd1e-04trmiss40_trlocglobal,32,0.0001,0.0001,1,32,1,False,0.2,lr1e-04_bs32_modL1_fusion32_fusionL1_fusionBN0_drop0p2__wd1e-04trmiss40_trlocglobal,2,0.6773873567581177,0.7045531272888184,0.5,0.545896984168306,0.4888888888888889,0.0,0.0,0.0,0.0,0.0,0.0,0.0,0.0,0.0,,,,,18473,global,0.4
4,1,lr1e-04_bs32_modL1_fusion32_fusionL1_fusionBN0_drop0p2__wd1e-04trmiss40_trlocglobal,32,0.0001,0.0001,1,32,1,False,0.2,lr1e-04_bs32_modL1_fusion32_fusionL1_fusionBN0_drop0p2__wd1e-04trmiss40_trlocglobal,3,0.6571423014005026,0.7028373777866364,0.5118577075098814,0.5607564952229243,0.4888888888888889,0.0,0.0,0.0,0.0,0.0,0.0,0.0,0.0,0.0,,,,,18473,global,0.4
4,1,lr1e-04_bs32_modL1_fusion32_fusionL1_fusionBN0_drop0p2__wd1e-04trmiss40_trlocglobal,32,0.0001,0.0001,1,32,1,False,0.2,lr1e-04_bs32_modL1_fusion32_fusionL1_fusionBN0_drop0p2__wd1e-04trmiss40_trlocglobal,4,0.6532575488090515,0.704170823097229,0.5019762845849802,0.5857040381097683,0.4888888888888889,0.0,0.0,0.0,0.0,0.0,0.0,0.0,0.0,0.0,,,,,18473,global,0.4
4,1,lr1e-04_bs32_modL1_fusion32_fusionL1_fusionBN0_drop0p2__wd1e-04trmiss40_trlocglobal,32,0.0001,0.0001,1,32,1,False,0.2,lr1e-04_bs32_modL1_fusion32_fusionL1_fusionBN0_drop0p2__wd1e-04trmiss40_trlocglobal,5,0.646900475025177,0.7015128433704376,0.5039525691699605,0.5683971605037582,0.4888888888888889,0.0,0.0,0.0,0.0,0.0,0.0,0.0,0.0,0.0,,,,,18473,global,0.4
4,1,lr1e-04_bs32_modL1_fusion32_fusionL1_fusionBN0_drop0p2__wd1e-04trmiss40_trlocglobal,32,0.0001,0.0001,1,32,1,False,0.2,lr1e-04_bs32_modL1_fusion32_fusionL1_fusionBN0_drop0p2__wd1e-04trmiss40_trlocglobal,6,0.6407521466414133,0.6996590197086334,0.5138339920948616,0.5538031556432738,0.4888888888888889,0.0,0.0,0.0,0.0,0.0,0.0,0.0,0.0,0.0,,,,,18473,global,0.4
4,1,lr1e-04_bs32_modL1_fusion32_fusionL1_fusionBN0_drop0p2__wd1e-04trmiss40_trlocglobal,32,0.0001,0.0001,1,32,1,False,0.2,lr1e-04_bs32_modL1_fusion32_fusionL1_fusionBN0_drop0p2__wd1e-04trmiss40_trlocglobal,7,0.6320782800515493,0.6980964541435242,0.5197628458498024,0.5521889630010764,0.4888888888888889,0.0,0.0,0.0,0.0,0.0,0.0,0.0,0.0,0.0,,,,,18473,global,0.4
4,1,lr1e-04_bs32_modL1_fusion32_fusionL1_fusionBN0_drop0p2__wd1e-04trmiss40_trlocglobal,32,0.0001,0.0001,1,32,1,False,0.2,lr1e-04_bs32_modL1_fusion32_fusionL1_fusionBN0_drop0p2__wd1e-04trmiss40_trlocglobal,8,0.6192042926947275,0.6961210668087006,0.5217391304347826,0.554952364226886,0.5111111111111111,0.0,0.0,0.0,0.0,0.0,0.0,0.0,0.0,0.0,,,,,18473,global,0.4
4,1,lr1e-04_bs32_modL1_fusion32_fusionL1_fusionBN0_drop0p2__wd1e-04trmiss40_trlocglobal,32,0.0001,0.0001,1,32,1,False,0.2,lr1e-04_bs32_modL1_fusion32_fusionL1_fusionBN0_drop0p2__wd1e-04trmiss40_trlocglobal,9,0.6209855775038401,0.6958578824996948,0.5138339920948617,0.5521617410868312,0.5111111111111111,0.0,0.0,0.0,0.0,0.0,0.0,0.0,0.0,0.0,,,,,18473,global,0.4
4,1,lr1e-04_bs32_modL1_fusion32_fusionL1_fusionBN0_drop0p2__wd1e-04trmiss40_trlocglobal,32,0.0001,0.0001,1,32,1,False,0.2,lr1e-04_bs32_modL1_fusion32_fusionL1_fusionBN0_drop0p2__wd1e-04trmiss40_trlocglobal,10,0.6087113320827484,0.6955270767211914,0.5098814229249011,0.5443554585931984,0.5111111111111111,0.0,0.0,0.0,0.0,0.0,0.0,0.0,0.0,0.0,,,,,18473,global,0.4
4,1,lr1e-04_bs32_modL1_fusion32_fusionL1_fusionBN0_drop0p2__wd1e-04trmiss40_trlocglobal,32,0.0001,0.0001,1,32,1,False,0.2,lr1e-04_bs32_modL1_fusion32_fusionL1_fusionBN0_drop0p2__wd1e-04trmiss40_trlocglobal,11,0.6046223839124044,0.697868674993515,0.5019762845849802,0.5315881724849514,0.5111111111111111,0.0,0.0,0.0,0.0,0.0,0.0,0.0,0.0,0.0,,,,,18473,global,0.4
4,1,lr1e-04_bs32_modL1_fusion32_fusionL1_fusionBN0_drop0p2__wd1e-04trmiss40_trlocglobal,32,0.0001,0.0001,1,32,1,False,0.2,lr1e-04_bs32_modL1_fusion32_fusionL1_fusionBN0_drop0p2__wd1e-04trmiss40_trlocglobal,12,0.6078526178995768,0.698247492313385,0.49604743083003955,0.5371149848639044,0.4888888888888889,0.0,0.0,0.0,0.0,0.0,0.0,0.0,0.0,0.0,,,,,18473,global,0.4
4,1,lr1e-04_bs32_modL1_fusion32_fusionL1_fusionBN0_drop0p2__wd1e-04trmiss40_trlocglobal,32,0.0001,0.0001,1,32,1,False,0.2,lr1e-04_bs32_modL1_fusion32_fusionL1_fusionBN0_drop0p2__wd1e-04trmiss40_trlocglobal,13,0.5993209580580393,0.6980047225952148,0.4901185770750988,0.5320017968106164,0.4444444444444444,0.0,0.0,0.0,0.0,0.0,0.0,0.0,0.0,0.0,,,,,18473,global,0.4
4,1,lr1e-04_bs32_modL1_fusion32_fusionL1_fusionBN0_drop0p2__wd1e-04trmiss40_trlocglobal,32,0.0001,0.0001,1,32,1,False,0.2,lr1e-04_bs32_modL1_fusion32_fusionL1_fusionBN0_drop0p2__wd1e-04trmiss40_trlocglobal,14,0.5885533491770426,0.6976454257965088,0.47430830039525695,0.524700235162533,0.4666666666666667,0.0,0.0,0.0,0.0,0.0,0.0,0.0,0.0,0.0,,,,,18473,global,0.4
4,1,lr1e-04_bs32_modL1_fusion32_fusionL1_fusionBN0_drop0p2__wd1e-04trmiss40_trlocglobal,32,0.0001,0.0001,1,32,1,False,0.2,lr1e-04_bs32_modL1_fusion32_fusionL1_fusionBN0_drop0p2__wd1e-04trmiss40_trlocglobal,15,0.5969393153985342,0.6990034580230713,0.4782608695652174,0.5191244578177168,0.4444444444444444,0.0,0.0,0.0,0.0,0.0,0.0,0.0,0.0,0.0,,,,,18473,global,0.4
4,1,lr1e-04_bs32_modL1_fusion32_fusionL1_fusionBN0_drop0p2__wd1e-04trmiss40_trlocglobal,32,0.0001,0.0001,1,32,1,False,0.2,lr1e-04_bs32_modL1_fusion32_fusionL1_fusionBN0_drop0p2__wd1e-04trmiss40_trlocglobal,16,0.5816441277662913,0.6982200443744659,0.4802371541501976,0.5260994146832371,0.4444444444444444,0.0,0.0,0.0,0.0,0.0,0.0,0.0,0.0,0.0,,,,,18473,global,0.4
4,1,lr1e-04_bs32_modL1_fusion32_fusionL1_fusionBN0_drop0p2__wd1e-04trmiss40_trlocglobal,32,0.0001,0.0001,1,32,1,False,0.2,lr1e-04_bs32_modL1_fusion32_fusionL1_fusionBN0_drop0p2__wd1e-04trmiss40_trlocglobal,17,0.576848715543747,0.6988913714885712,0.49209486166007904,0.5256266826246124,0.4666666666666667,0.0,0.0,0.0,0.0,0.0,0.0,0.0,0.0,0.0,,,,,18473,global,0.4
4,1,lr1e-04_bs32_modL1_fusion32_fusionL1_fusionBN0_drop0p2__wd1e-04trmiss40_trlocglobal,32,0.0001,0.0001,1,32,1,False,0.2,lr1e-04_bs32_modL1_fusion32_fusionL1_fusionBN0_drop0p2__wd1e-04trmiss40_trlocglobal,18,0.5758527914683024,0.6970726847648621,0.5079051383399209,0.5332292288064765,0.4888888888888889,0.0,0.0,0.0,0.0,0.0,0.0,0.0,0.0,0.0,,,,,18473,global,0.4
4,1,lr1e-04_bs32_modL1_fusion32_fusionL1_fusionBN0_drop0p2__wd1e-04trmiss40_trlocglobal,32,0.0001,0.0001,1,32,1,False,0.2,lr1e-04_bs32_modL1_fusion32_fusionL1_fusionBN0_drop0p2__wd1e-04trmiss40_trlocglobal,19,0.5605267981688181,0.6958121955394745,0.5138339920948617,0.5373721942559729,0.5111111111111111,0.0,0.0,0.0,0.0,0.0,0.0,0.0,0.0,0.0,,,,,18473,global,0.4
4,1,lr1e-04_bs32_modL1_fusion32_fusionL1_fusionBN0_drop0p2__wd1e-04trmiss40_trlocglobal,32,0.0001,0.0001,1,32,1,False,0.2,lr1e-04_bs32_modL1_fusion32_fusionL1_fusionBN0_drop0p2__wd1e-04trmiss40_trlocglobal,20,0.5624983509381613,0.698420375585556,0.4901185770750988,0.5159388521395918,0.4666666666666667,0.0,0.0,0.0,0.0,0.0,0.0,0.0,0.0,0.0,,,,,18473,global,0.4
4,1,lr1e-04_bs32_modL1_fusion32_fusionL1_fusionBN0_drop0p2__wd1e-04trmiss40_trlocglobal,32,0.0001,0.0001,1,32,1,False,0.2,lr1e-04_bs32_modL1_fusion32_fusionL1_fusionBN0_drop0p2__wd1e-04trmiss40_trlocglobal,21,0.5535784562428793,0.7005631923675537,0.4901185770750988,0.5244900826257106,0.4666666666666667,0.0,0.0,0.0,0.0,0.0,0.0,0.0,0.0,0.0,,,,,18473,global,0.4
4,1,lr1e-04_bs32_modL1_fusion32_fusionL1_fusionBN0_drop0p2__wd1e-04trmiss40_trlocglobal,32,0.0001,0.0001,1,32,1,False,0.2,lr1e-04_bs32_modL1_fusion32_fusionL1_fusionBN0_drop0p2__wd1e-04trmiss40_trlocglobal,22,0.5530414084593455,0.7009336650371552,0.49209486166007904,0.5228257114610267,0.4444444444444444,0.0,0.0,0.0,0.0,0.0,0.0,0.0,0.0,0.0,,,,,18473,global,0.4
4,1,lr1e-04_bs32_modL1_fusion32_fusionL1_fusionBN0_drop0p2__wd1e-04trmiss40_trlocglobal,32,0.0001,0.0001,1,32,1,False,0.2,lr1e-04_bs32_modL1_fusion32_fusionL1_fusionBN0_drop0p2__wd1e-04trmiss40_trlocglobal,23,0.5315159658590952,0.70100998878479,0.4861660079051383,0.5218765797253179,0.4666666666666667,0.0,0.0,0.0,0.0,0.0,0.0,0.0,0.0,0.0,,,,,18473,global,0.4
4,1,lr1e-04_bs32_modL1_fusion32_fusionL1_fusionBN0_drop0p2__wd1e-04trmiss40_trlocglobal,32,0.0001,0.0001,1,32,1,False,0.2,lr1e-04_bs32_modL1_fusion32_fusionL1_fusionBN0_drop0p2__wd1e-04trmiss40_trlocglobal,24,0.5340775152047476,0.6993147730827332,0.48814229249011853,0.5462874136879424,0.4888888888888889,0.0,0.0,0.0,0.0,0.0,0.0,0.0,0.0,0.0,,,,,18473,global,0.4
4,1,lr1e-04_bs32_modL1_fusion32_fusionL1_fusionBN0_drop0p2__wd1e-04trmiss40_trlocglobal,32,0.0001,0.0001,1,32,1,False,0.2,lr1e-04_bs32_modL1_fusion32_fusionL1_fusionBN0_drop0p2__wd1e-04trmiss40_trlocglobal,25,0.5345843831698099,0.6962204575538635,0.4881422924901186,0.5487462195480376,0.4666666666666667,0.0,0.0,0.0,0.0,0.0,0.0,0.0,0.0,0.0,,,,,18473,global,0.4
4,1,lr1e-04_bs32_modL1_fusion32_fusionL1_fusionBN0_drop0p2__wd1e-04trmiss40_trlocglobal,32,0.0001,0.0001,1,32,1,False,0.2,lr1e-04_bs32_modL1_fusion32_fusionL1_fusionBN0_drop0p2__wd1e-04trmiss40_trlocglobal,26,0.5194616516431173,0.6985154151916504,0.49209486166007904,0.5391279446297401,0.4666666666666667,0.0,0.0,0.0,0.0,0.0,0.0,0.0,0.0,0.0,,,,,18473,global,0.4
4,1,lr1e-04_bs32_modL1_fusion32_fusionL1_fusionBN0_drop0p2__wd1e-04trmiss40_trlocglobal,32,0.0001,0.0001,1,32,1,False,0.2,lr1e-04_bs32_modL1_fusion32_fusionL1_fusionBN0_drop0p2__wd1e-04trmiss40_trlocglobal,27,0.5220377296209335,0.6954043209552765,0.5098814229249011,0.5527822025751133,0.5111111111111111,0.0,0.0,0.0,0.0,0.0,0.0,0.0,0.0,0.0,,,,,18473,global,0.4
4,1,lr1e-04_bs32_modL1_fusion32_fusionL1_fusionBN0_drop0p2__wd1e-04trmiss40_trlocglobal,32,0.0001,0.0001,1,32,1,False,0.2,lr1e-04_bs32_modL1_fusion32_fusionL1_fusionBN0_drop0p2__wd1e-04trmiss40_trlocglobal,28,0.5126819858948389,0.6932035088539124,0.5,0.5490526848758415,0.4888888888888889,0.0,0.0,0.0,0.0,0.0,0.0,0.0,0.0,0.0,,,,,18473,global,0.4
4,1,lr1e-04_bs32_modL1_fusion32_fusionL1_fusionBN0_drop0p1__wd1e-04trmiss40_trlocglobal,32,0.0001,0.0001,1,32,1,False,0.1,lr1e-04_bs32_modL1_fusion32_fusionL1_fusionBN0_drop0p1__wd1e-04trmiss40_trlocglobal,1,0.6939153770605723,0.6889203488826752,0.5612648221343873,0.5954879850849905,0.5111111111111111,0.0,0.0,0.0,0.0,0.0,0.0,0.0,0.0,0.0,,,,,18473,global,0.4
4,1,lr1e-04_bs32_modL1_fusion32_fusionL1_fusionBN0_drop0p1__wd1e-04trmiss40_trlocglobal,32,0.0001,0.0001,1,32,1,False,0.1,lr1e-04_bs32_modL1_fusion32_fusionL1_fusionBN0_drop0p1__wd1e-04trmiss40_trlocglobal,2,0.6754881540934244,0.6894545555114746,0.5474308300395256,0.6020692509060276,0.5111111111111111,0.0,0.0,0.0,0.0,0.0,0.0,0.0,0.0,0.0,,,,,18473,global,0.4
4,1,lr1e-04_bs32_modL1_fusion32_fusionL1_fusionBN0_drop0p1__wd1e-04trmiss40_trlocglobal,32,0.0001,0.0001,1,32,1,False,0.1,lr1e-04_bs32_modL1_fusion32_fusionL1_fusionBN0_drop0p1__wd1e-04trmiss40_trlocglobal,3,0.6604242324829102,0.6908633708953857,0.525691699604743,0.5908921671712525,0.5111111111111111,0.0,0.0,0.0,0.0,0.0,0.0,0.0,0.0,0.0,,,,,18473,global,0.4
4,1,lr1e-04_bs32_modL1_fusion32_fusionL1_fusionBN0_drop0p1__wd1e-04trmiss40_trlocglobal,32,0.0001,0.0001,1,32,1,False,0.1,lr1e-04_bs32_modL1_fusion32_fusionL1_fusionBN0_drop0p1__wd1e-04trmiss40_trlocglobal,4,0.6580914358297983,0.6917896568775177,0.5,0.5809154942417973,0.5111111111111111,0.0,0.0,0.0,0.0,0.0,0.0,0.0,0.0,0.0,,,,,18473,global,0.4
4,1,lr1e-04_bs32_modL1_fusion32_fusionL1_fusionBN0_drop0p1__wd1e-04trmiss40_trlocglobal,32,0.0001,0.0001,1,32,1,False,0.1,lr1e-04_bs32_modL1_fusion32_fusionL1_fusionBN0_drop0p1__wd1e-04trmiss40_trlocglobal,5,0.647830863793691,0.691742330789566,0.49407114624505927,0.5832459903455526,0.4666666666666667,0.0,0.0,0.0,0.0,0.0,0.0,0.0,0.0,0.0,,,,,18473,global,0.4
4,1,lr1e-04_bs32_modL1_fusion32_fusionL1_fusionBN0_drop0p1__wd1e-04trmiss40_trlocglobal,32,0.0001,0.0001,1,32,1,False,0.1,lr1e-04_bs32_modL1_fusion32_fusionL1_fusionBN0_drop0p1__wd1e-04trmiss40_trlocglobal,6,0.6434596578280131,0.6910843849182129,0.5059288537549407,0.5870494886844064,0.4666666666666667,0.0,0.0,0.0,0.0,0.0,0.0,0.0,0.0,0.0,,,,,18473,global,0.4
4,1,lr1e-04_bs32_modL1_fusion32_fusionL1_fusionBN0_drop0p1__wd1e-04trmiss40_trlocglobal,32,0.0001,0.0001,1,32,1,False,0.1,lr1e-04_bs32_modL1_fusion32_fusionL1_fusionBN0_drop0p1__wd1e-04trmiss40_trlocglobal,7,0.6354304254055023,0.690619170665741,0.5039525691699605,0.5918167856641754,0.4666666666666667,0.0,0.0,0.0,0.0,0.0,0.0,0.0,0.0,0.0,,,,,18473,global,0.4
4,1,lr1e-04_bs32_modL1_fusion32_fusionL1_fusionBN0_drop0p1__wd1e-04trmiss40_trlocglobal,32,0.0001,0.0001,1,32,1,False,0.1,lr1e-04_bs32_modL1_fusion32_fusionL1_fusionBN0_drop0p1__wd1e-04trmiss40_trlocglobal,8,0.6227803031603495,0.6902232766151428,0.49604743083003955,0.5903121487284069,0.4666666666666667,0.0,0.0,0.0,0.0,0.0,0.0,0.0,0.0,0.0,,,,,18473,global,0.4
4,1,lr1e-04_bs32_modL1_fusion32_fusionL1_fusionBN0_drop0p1__wd1e-04trmiss40_trlocglobal,32,0.0001,0.0001,1,32,1,False,0.1,lr1e-04_bs32_modL1_fusion32_fusionL1_fusionBN0_drop0p1__wd1e-04trmiss40_trlocglobal,9,0.6225324471791586,0.689128965139389,0.4980237154150198,0.5903867698011707,0.4444444444444444,0.0,0.0,0.0,0.0,0.0,0.0,0.0,0.0,0.0,,,,,18473,global,0.4
4,1,lr1e-04_bs32_modL1_fusion32_fusionL1_fusionBN0_drop0p1__wd1e-04trmiss40_trlocglobal,32,0.0001,0.0001,1,32,1,False,0.1,lr1e-04_bs32_modL1_fusion32_fusionL1_fusionBN0_drop0p1__wd1e-04trmiss40_trlocglobal,10,0.6164561212062836,0.6881437003612518,0.4861660079051384,0.5944509131485367,0.4666666666666667,0.0,0.0,0.0,0.0,0.0,0.0,0.0,0.0,0.0,,,,,18473,global,0.4
4,1,lr1e-04_bs32_modL1_fusion32_fusionL1_fusionBN0_drop0p1__wd1e-04trmiss40_trlocglobal,32,0.0001,0.0001,1,32,1,False,0.1,lr1e-04_bs32_modL1_fusion32_fusionL1_fusionBN0_drop0p1__wd1e-04trmiss40_trlocglobal,11,0.6173849900563558,0.688705563545227,0.4841897233201581,0.5892356060041707,0.4444444444444444,0.0,0.0,0.0,0.0,0.0,0.0,0.0,0.0,0.0,,,,,18473,global,0.4
4,1,lr1e-04_bs32_modL1_fusion32_fusionL1_fusionBN0_drop0p1__wd1e-04trmiss40_trlocglobal,32,0.0001,0.0001,1,32,1,False,0.1,lr1e-04_bs32_modL1_fusion32_fusionL1_fusionBN0_drop0p1__wd1e-04trmiss40_trlocglobal,12,0.6031310558319092,0.686677873134613,0.5158102766798419,0.6295986745140205,0.4666666666666667,0.0,0.0,0.0,0.0,0.0,0.0,0.0,0.0,0.0,,,,,18473,global,0.4
4,1,lr1e-04_bs32_modL1_fusion32_fusionL1_fusionBN0_drop0p1__wd1e-04trmiss40_trlocglobal,32,0.0001,0.0001,1,32,1,False,0.1,lr1e-04_bs32_modL1_fusion32_fusionL1_fusionBN0_drop0p1__wd1e-04trmiss40_trlocglobal,13,0.6044006844361623,0.6873496174812317,0.5217391304347826,0.6256815861269732,0.4666666666666667,0.0,0.0,0.0,0.0,0.0,0.0,0.0,0.0,0.0,,,,,18473,global,0.4
4,1,lr1e-04_bs32_modL1_fusion32_fusionL1_fusionBN0_drop0p1__wd1e-04trmiss40_trlocglobal,32,0.0001,0.0001,1,32,1,False,0.1,lr1e-04_bs32_modL1_fusion32_fusionL1_fusionBN0_drop0p1__wd1e-04trmiss40_trlocglobal,14,0.596349686384201,0.6908291876316071,0.5039525691699605,0.5935436766238094,0.5111111111111111,0.0,0.0,0.0,0.0,0.0,0.0,0.0,0.0,0.0,,,,,18473,global,0.4
4,1,lr1e-04_bs32_modL1_fusion32_fusionL1_fusionBN0_drop0p1__wd1e-04trmiss40_trlocglobal,32,0.0001,0.0001,1,32,1,False,0.1,lr1e-04_bs32_modL1_fusion32_fusionL1_fusionBN0_drop0p1__wd1e-04trmiss40_trlocglobal,15,0.5870544215043386,0.6902679204940796,0.525691699604743,0.6046141824098159,0.4888888888888889,0.0,0.0,0.0,0.0,0.0,0.0,0.0,0.0,0.0,,,,,18473,global,0.4
4,1,lr1e-04_bs32_modL1_fusion32_fusionL1_fusionBN0_drop0p1__wd1e-04trmiss40_trlocglobal,32,0.0001,0.0001,1,32,1,False,0.1,lr1e-04_bs32_modL1_fusion32_fusionL1_fusionBN0_drop0p1__wd1e-04trmiss40_trlocglobal,16,0.5850553214550018,0.6896628439426422,0.5177865612648221,0.60076839141234,0.4444444444444444,0.0,0.0,0.0,0.0,0.0,0.0,0.0,0.0,0.0,,,,,18473,global,0.4
4,1,lr1e-04_bs32_modL1_fusion32_fusionL1_fusionBN0_drop0p1__wd1e-04trmiss40_trlocglobal,32,0.0001,0.0001,1,32,1,False,0.1,lr1e-04_bs32_modL1_fusion32_fusionL1_fusionBN0_drop0p1__wd1e-04trmiss40_trlocglobal,17,0.5803626875082651,0.6886882185935974,0.5276679841897234,0.6231631345655736,0.4,0.0,0.0,0.0,0.0,0.0,0.0,0.0,0.0,0.0,,,,,18473,global,0.4
4,1,lr1e-04_bs32_modL1_fusion32_fusionL1_fusionBN0_drop0p1__wd1e-04trmiss40_trlocglobal,32,0.0001,0.0001,1,32,1,False,0.1,lr1e-04_bs32_modL1_fusion32_fusionL1_fusionBN0_drop0p1__wd1e-04trmiss40_trlocglobal,18,0.5759407381216685,0.6889108419418335,0.5177865612648221,0.6143057253918365,0.4222222222222222,0.0,0.0,0.0,0.0,0.0,0.0,0.0,0.0,0.0,,,,,18473,global,0.4
4,1,lr1e-04_bs32_modL1_fusion32_fusionL1_fusionBN0_drop0p1__wd1e-04trmiss40_trlocglobal,32,0.0001,0.0001,1,32,1,False,0.1,lr1e-04_bs32_modL1_fusion32_fusionL1_fusionBN0_drop0p1__wd1e-04trmiss40_trlocglobal,19,0.5737901528676351,0.688171923160553,0.5197628458498024,0.6097466441516785,0.4444444444444444,0.0,0.0,0.0,0.0,0.0,0.0,0.0,0.0,0.0,,,,,18473,global,0.4
4,1,lr1e-04_bs32_modL1_fusion32_fusionL1_fusionBN0_drop0p1__wd1e-04trmiss40_trlocglobal,32,0.0001,0.0001,1,32,1,False,0.1,lr1e-04_bs32_modL1_fusion32_fusionL1_fusionBN0_drop0p1__wd1e-04trmiss40_trlocglobal,20,0.5585625072320303,0.6866860687732697,0.5395256916996047,0.6239528321193274,0.4444444444444444,0.0,0.0,0.0,0.0,0.0,0.0,0.0,0.0,0.0,,,,,18473,global,0.4
4,1,lr1e-04_bs32_modL1_fusion32_fusionL1_fusionBN0_drop0p1__wd1e-04trmiss40_trlocglobal,32,0.0001,0.0001,1,32,1,False,0.1,lr1e-04_bs32_modL1_fusion32_fusionL1_fusionBN0_drop0p1__wd1e-04trmiss40_trlocglobal,21,0.5543781717618307,0.6852284371852875,0.5533596837944664,0.6287404996947188,0.4444444444444444,0.0,0.0,0.0,0.0,0.0,0.0,0.0,0.0,0.0,,,,,18473,global,0.4
4,1,lr1e-04_bs32_modL1_fusion32_fusionL1_fusionBN0_drop0p1__wd1e-04trmiss40_trlocglobal,32,0.0001,0.0001,1,32,1,False,0.1,lr1e-04_bs32_modL1_fusion32_fusionL1_fusionBN0_drop0p1__wd1e-04trmiss40_trlocglobal,22,0.548259973526001,0.6860308051109314,0.5494071146245059,0.6294543817809023,0.4222222222222222,0.0,0.0,0.0,0.0,0.0,0.0,0.0,0.0,0.0,,,,,18473,global,0.4
4,1,lr1e-04_bs32_modL1_fusion32_fusionL1_fusionBN0_drop0p1__wd1e-04trmiss40_trlocglobal,32,0.0001,0.0001,1,32,1,False,0.1,lr1e-04_bs32_modL1_fusion32_fusionL1_fusionBN0_drop0p1__wd1e-04trmiss40_trlocglobal,23,0.5495149393876394,0.6888168454170227,0.5177865612648221,0.6140740170816922,0.4666666666666667,0.0,0.0,0.0,0.0,0.0,0.0,0.0,0.0,0.0,,,,,18473,global,0.4
4,1,lr1e-04_bs32_modL1_fusion32_fusionL1_fusionBN0_drop0p1__wd1e-04trmiss40_trlocglobal,32,0.0001,0.0001,1,32,1,False,0.1,lr1e-04_bs32_modL1_fusion32_fusionL1_fusionBN0_drop0p1__wd1e-04trmiss40_trlocglobal,24,0.5410408675670624,0.6875167191028595,0.5217391304347826,0.6168760391387189,0.5111111111111111,0.0,0.0,0.0,0.0,0.0,0.0,0.0,0.0,0.0,,,,,18473,global,0.4
4,1,lr1e-04_bs32_modL1_fusion32_fusionL1_fusionBN0_drop0p1__wd1e-04trmiss40_trlocglobal,32,0.0001,0.0001,1,32,1,False,0.1,lr1e-04_bs32_modL1_fusion32_fusionL1_fusionBN0_drop0p1__wd1e-04trmiss40_trlocglobal,25,0.5423124233881632,0.6841362118721008,0.5513833992094862,0.6472437439506964,0.4888888888888889,0.0,0.0,0.0,0.0,0.0,0.0,0.0,0.0,0.0,,,,,18473,global,0.4
4,1,lr1e-04_bs32_modL1_fusion32_fusionL1_fusionBN0_drop0p1__wd1e-04trmiss40_trlocglobal,32,0.0001,0.0001,1,32,1,False,0.1,lr1e-04_bs32_modL1_fusion32_fusionL1_fusionBN0_drop0p1__wd1e-04trmiss40_trlocglobal,26,0.5262548426787058,0.68314328789711,0.5434782608695652,0.6443435811288815,0.5111111111111111,0.0,0.0,0.0,0.0,0.0,0.0,0.0,0.0,0.0,,,,,18473,global,0.4
4,1,lr1e-04_bs32_modL1_fusion32_fusionL1_fusionBN0_drop0p1__wd1e-04trmiss40_trlocglobal,32,0.0001,0.0001,1,32,1,False,0.1,lr1e-04_bs32_modL1_fusion32_fusionL1_fusionBN0_drop0p1__wd1e-04trmiss40_trlocglobal,27,0.5218183149894079,0.6835298240184784,0.5533596837944664,0.6357024941263213,0.5333333333333333,0.0,0.0,0.0,0.0,0.0,0.0,0.0,0.0,0.0,,,,,18473,global,0.4
4,1,lr1e-04_bs32_modL1_fusion32_fusionL1_fusionBN0_drop0p1__wd1e-04trmiss40_trlocglobal,32,0.0001,0.0001,1,32,1,False,0.1,lr1e-04_bs32_modL1_fusion32_fusionL1_fusionBN0_drop0p1__wd1e-04trmiss40_trlocglobal,28,0.5184778571128845,0.6813771426677704,0.5573122529644268,0.6390104502872829,0.5111111111111111,0.0,0.0,0.0,0.0,0.0,0.0,0.0,0.0,0.0,,,,,18473,global,0.4
4,1,lr1e-04_bs32_modL1_fusion32_fusionL1_fusionBN0_drop0p1__wd1e-04trmiss40_trlocglobal,32,0.0001,0.0001,1,32,1,False,0.1,lr1e-04_bs32_modL1_fusion32_fusionL1_fusionBN0_drop0p1__wd1e-04trmiss40_trlocglobal,29,0.5134467085202535,0.6806758940219879,0.5573122529644269,0.6392769565487297,0.4888888888888889,0.0,0.0,0.0,0.0,0.0,0.0,0.0,0.0,0.0,,,,,18473,global,0.4
4,1,lr1e-04_bs32_modL1_fusion32_fusionL1_fusionBN0_drop0p1__wd1e-04trmiss40_trlocglobal,32,0.0001,0.0001,1,32,1,False,0.1,lr1e-04_bs32_modL1_fusion32_fusionL1_fusionBN0_drop0p1__wd1e-04trmiss40_trlocglobal,30,0.5104790180921555,0.6786977350711823,0.5573122529644268,0.637072930352958,0.4888888888888889,0.0,0.0,0.0,0.0,0.0,0.0,0.0,0.0,0.0,,,,,18473,global,0.4
4,1,lr1e-04_bs32_modL1_fusion32_fusionL1_fusionBN0_drop0p1__wd1e-04trmiss40_trlocglobal,32,0.0001,0.0001,1,32,1,False,0.1,lr1e-04_bs32_modL1_fusion32_fusionL1_fusionBN0_drop0p1__wd1e-04trmiss40_trlocglobal,31,0.5019437074661255,0.6790743768215179,0.5691699604743083,0.658418174022017,0.4666666666666667,0.0,0.0,0.0,0.0,0.0,0.0,0.0,0.0,0.0,,,,,18473,global,0.4
4,1,lr1e-04_bs32_modL1_fusion32_fusionL1_fusionBN0_drop0p1__wd1e-04trmiss40_trlocglobal,32,0.0001,0.0001,1,32,1,False,0.1,lr1e-04_bs32_modL1_fusion32_fusionL1_fusionBN0_drop0p1__wd1e-04trmiss40_trlocglobal,32,0.5035352359215418,0.6809825897216797,0.5573122529644268,0.6340293952652014,0.4888888888888889,0.0,0.0,0.0,0.0,0.0,0.0,0.0,0.0,0.0,,,,,18473,global,0.4
4,1,lr1e-04_bs32_modL1_fusion32_fusionL1_fusionBN0_drop0p1__wd1e-04trmiss40_trlocglobal,32,0.0001,0.0001,1,32,1,False,0.1,lr1e-04_bs32_modL1_fusion32_fusionL1_fusionBN0_drop0p1__wd1e-04trmiss40_trlocglobal,33,0.49527472754319507,0.6811145842075348,0.5553359683794467,0.6341176043950919,0.4666666666666667,0.0,0.0,0.0,0.0,0.0,0.0,0.0,0.0,0.0,,,,,18473,global,0.4
4,1,lr1e-04_bs32_modL1_fusion32_fusionL1_fusionBN0_drop0p1__wd1e-04trmiss40_trlocglobal,32,0.0001,0.0001,1,32,1,False,0.1,lr1e-04_bs32_modL1_fusion32_fusionL1_fusionBN0_drop0p1__wd1e-04trmiss40_trlocglobal,34,0.48686883350213367,0.6803736388683319,0.5632411067193676,0.6553179878250184,0.4888888888888889,0.0,0.0,0.0,0.0,0.0,0.0,0.0,0.0,0.0,,,,,18473,global,0.4
4,1,lr1e-04_bs32_modL1_fusion32_fusionL1_fusionBN0_drop0p1__wd1e-04trmiss40_trlocglobal,32,0.0001,0.0001,1,32,1,False,0.1,lr1e-04_bs32_modL1_fusion32_fusionL1_fusionBN0_drop0p1__wd1e-04trmiss40_trlocglobal,35,0.4764591505130132,0.6816574335098267,0.5592885375494071,0.6399007497730683,0.4666666666666667,0.0,0.0,0.0,0.0,0.0,0.0,0.0,0.0,0.0,,,,,18473,global,0.4
4,1,lr1e-04_bs32_modL1_fusion32_fusionL1_fusionBN0_drop0p1__wd1e-04trmiss40_trlocglobal,32,0.0001,0.0001,1,32,1,False,0.1,lr1e-04_bs32_modL1_fusion32_fusionL1_fusionBN0_drop0p1__wd1e-04trmiss40_trlocglobal,36,0.47546376287937164,0.6822904646396637,0.5592885375494071,0.6357673314796016,0.4666666666666667,0.0,0.0,0.0,0.0,0.0,0.0,0.0,0.0,0.0,,,,,18473,global,0.4
4,1,lr1e-04_bs32_modL1_fusion32_fusionL1_fusionBN0_drop0p1__wd1e-04trmiss40_trlocglobal,32,0.0001,0.0001,1,32,1,False,0.1,lr1e-04_bs32_modL1_fusion32_fusionL1_fusionBN0_drop0p1__wd1e-04trmiss40_trlocglobal,37,0.47256914774576825,0.6820663213729858,0.5533596837944664,0.6463759399782356,0.4666666666666667,0.0,0.0,0.0,0.0,0.0,0.0,0.0,0.0,0.0,,,,,18473,global,0.4
4,1,lr1e-04_bs32_modL1_fusion32_fusionL1_fusionBN0_drop0p1__wd1e-04trmiss40_trlocglobal,32,0.0001,0.0001,1,32,1,False,0.1,lr1e-04_bs32_modL1_fusion32_fusionL1_fusionBN0_drop0p1__wd1e-04trmiss40_trlocglobal,38,0.4705100705226262,0.6794191896915436,0.5671936758893281,0.6552663044242778,0.4666666666666667,0.0,0.0,0.0,0.0,0.0,0.0,0.0,0.0,0.0,,,,,18473,global,0.4
4,1,lr1e-04_bs32_modL1_fusion32_fusionL1_fusionBN0_drop0p1__wd1e-04trmiss40_trlocglobal,32,0.0001,0.0001,1,32,1,False,0.1,lr1e-04_bs32_modL1_fusion32_fusionL1_fusionBN0_drop0p1__wd1e-04trmiss40_trlocglobal,39,0.46314390003681183,0.6783929765224457,0.5691699604743083,0.6553384614937223,0.4666666666666667,0.0,0.0,0.0,0.0,0.0,0.0,0.0,0.0,0.0,,,,,18473,global,0.4
4,1,lr1e-04_bs32_modL1_fusion32_fusionL1_fusionBN0_drop0p1__wd1e-04trmiss40_trlocglobal,32,0.0001,0.0001,1,32,1,False,0.1,lr1e-04_bs32_modL1_fusion32_fusionL1_fusionBN0_drop0p1__wd1e-04trmiss40_trlocglobal,40,0.4594285140434901,0.6813535094261169,0.5474308300395256,0.6284187491686091,0.4666666666666667,0.0,0.0,0.0,0.0,0.0,0.0,0.0,0.0,0.0,,,,,18473,global,0.4
4,1,lr1e-04_bs32_modL1_fusion32_fusionL1_fusionBN0_drop0p1__wd1e-04trmiss40_trlocglobal,32,0.0001,0.0001,1,32,1,False,0.1,lr1e-04_bs32_modL1_fusion32_fusionL1_fusionBN0_drop0p1__wd1e-04trmiss40_trlocglobal,41,0.45601583023866016,0.683865487575531,0.5434782608695652,0.6324709680899755,0.4666666666666667,0.0,0.0,0.0,0.0,0.0,0.0,0.0,0.0,0.0,,,,,18473,global,0.4
4,1,lr1e-04_bs32_modL1_fusion32_fusionL1_fusionBN0_drop0p1__wd1e-04trmiss40_trlocglobal,32,0.0001,0.0001,1,32,1,False,0.1,lr1e-04_bs32_modL1_fusion32_fusionL1_fusionBN0_drop0p1__wd1e-04trmiss40_trlocglobal,42,0.44399493932724,0.6819081604480743,0.5573122529644269,0.6565317952141824,0.4888888888888889,0.0,0.0,0.0,0.0,0.0,0.0,0.0,0.0,0.0,,,,,18473,global,0.4
4,1,lr1e-04_bs32_modL1_fusion32_fusionL1_fusionBN0_drop0p1__wd1e-04trmiss40_trlocglobal,32,0.0001,0.0001,1,32,1,False,0.1,lr1e-04_bs32_modL1_fusion32_fusionL1_fusionBN0_drop0p1__wd1e-04trmiss40_trlocglobal,43,0.4450553109248479,0.6839086711406708,0.5454545454545454,0.6409249202985176,0.4888888888888889,0.0,0.0,0.0,0.0,0.0,0.0,0.0,0.0,0.0,,,,,18473,global,0.4
4,1,lr1e-04_bs32_modL1_fusion32_fusionL1_fusionBN0_drop0p1__wd1e-04trmiss40_trlocglobal,32,0.0001,0.0001,1,32,1,False,0.1,lr1e-04_bs32_modL1_fusion32_fusionL1_fusionBN0_drop0p1__wd1e-04trmiss40_trlocglobal,44,0.4423505365848541,0.6854987442493439,0.5434782608695652,0.6337466485321452,0.4888888888888889,0.0,0.0,0.0,0.0,0.0,0.0,0.0,0.0,0.0,,,,,18473,global,0.4
4,1,lr1e-04_bs32_modL1_fusion32_fusionL1_fusionBN0_drop0p1__wd1e-04trmiss40_trlocglobal,32,0.0001,0.0001,1,32,1,False,0.1,lr1e-04_bs32_modL1_fusion32_fusionL1_fusionBN0_drop0p1__wd1e-04trmiss40_trlocglobal,45,0.44374845921993256,0.6822861433029175,0.5553359683794465,0.638187174833935,0.4888888888888889,0.0,0.0,0.0,0.0,0.0,0.0,0.0,0.0,0.0,,,,,18473,global,0.4
4,1,lr1e-04_bs32_modL1_fusion32_fusionL1_fusionBN0_drop0p1__wd1e-04trmiss40_trlocglobal,32,0.0001,0.0001,1,32,1,False,0.1,lr1e-04_bs32_modL1_fusion32_fusionL1_fusionBN0_drop0p1__wd1e-04trmiss40_trlocglobal,46,0.4333290805419286,0.6807442307472229,0.5513833992094861,0.65340036310062,0.4666666666666667,0.0,0.0,0.0,0.0,0.0,0.0,0.0,0.0,0.0,,,,,18473,global,0.4
4,1,lr1e-04_bs32_modL1_fusion32_fusionL1_fusionBN0_drop0p1__wd1e-04trmiss40_trlocglobal,32,0.0001,0.0001,1,32,1,False,0.1,lr1e-04_bs32_modL1_fusion32_fusionL1_fusionBN0_drop0p1__wd1e-04trmiss40_trlocglobal,47,0.4321373403072357,0.6822936832904816,0.5474308300395258,0.6468361600936281,0.4666666666666667,0.0,0.0,0.0,0.0,0.0,0.0,0.0,0.0,0.0,,,,,18473,global,0.4
4,1,lr1e-04_bs32_modL1_fusion32_fusionL1_fusionBN0_drop0p1__wd1e-04trmiss40_trlocglobal,32,0.0001,0.0001,1,32,1,False,0.1,lr1e-04_bs32_modL1_fusion32_fusionL1_fusionBN0_drop0p1__wd1e-04trmiss40_trlocglobal,48,0.4250442336002986,0.6832167506217957,0.5454545454545454,0.6436526627157574,0.4666666666666667,0.0,0.0,0.0,0.0,0.0,0.0,0.0,0.0,0.0,,,,,18473,global,0.4
4,1,lr1e-04_bs32_modL1_fusion32_fusionL1_fusionBN0_drop0p1__wd1e-04trmiss40_trlocglobal,32,0.0001,0.0001,1,32,1,False,0.1,lr1e-04_bs32_modL1_fusion32_fusionL1_fusionBN0_drop0p1__wd1e-04trmiss40_trlocglobal,49,0.4240984618663788,0.683625191450119,0.5494071146245059,0.6577036643327586,0.4888888888888889,0.0,0.0,0.0,0.0,0.0,0.0,0.0,0.0,0.0,,,,,18473,global,0.4
4,1,lr1e-04_bs32_modL1_fusion32_fusionL1_fusionBN0_drop0p1__wd1e-04trmiss40_trlocglobal,32,0.0001,0.0001,1,32,1,False,0.1,lr1e-04_bs32_modL1_fusion32_fusionL1_fusionBN0_drop0p1__wd1e-04trmiss40_trlocglobal,50,0.41735900938510895,0.6844902336597443,0.5395256916996047,0.6472357908214068,0.4888888888888889,0.0,0.0,0.0,0.0,0.0,0.0,0.0,0.0,0.0,,,,,18473,global,0.4
4,1,lr1e-04_bs32_modL1_fusion32_fusionL1_fusionBN0_drop0p1__wd1e-04trmiss40_trlocglobal,32,0.0001,0.0001,1,32,1,False,0.1,lr1e-04_bs32_modL1_fusion32_fusionL1_fusionBN0_drop0p1__wd1e-04trmiss40_trlocglobal,51,0.4177795797586441,0.6871170699596405,0.5355731225296442,0.6486891795598033,0.4888888888888889,0.0,0.0,0.0,0.0,0.0,0.0,0.0,0.0,0.0,,,,,18473,global,0.4
4,1,lr1e-04_bs32_modL1_fusion32_fusionL1_fusionBN0_drop0p1__wd1e-04trmiss40_trlocglobal,32,0.0001,0.0001,1,32,1,False,0.1,lr1e-04_bs32_modL1_fusion32_fusionL1_fusionBN0_drop0p1__wd1e-04trmiss40_trlocglobal,52,0.41681649287541706,0.6894342005252838,0.525691699604743,0.631397434646575,0.4666666666666667,0.0,0.0,0.0,0.0,0.0,0.0,0.0,0.0,0.0,,,,,18473,global,0.4
4,1,lr1e-04_bs32_modL1_fusion32_fusionL1_fusionBN0_drop0p1__wd1e-04trmiss40_trlocglobal,32,0.0001,0.0001,1,32,1,False,0.1,lr1e-04_bs32_modL1_fusion32_fusionL1_fusionBN0_drop0p1__wd1e-04trmiss40_trlocglobal,53,0.41623371342817944,0.6880135834217072,0.5335968379446641,0.640883197364689,0.4444444444444444,0.0,0.0,0.0,0.0,0.0,0.0,0.0,0.0,0.0,,,,,18473,global,0.4
4,1,lr1e-04_bs32_modL1_fusion32_fusionL1_fusionBN0_drop0p1__wd1e-04trmiss40_trlocglobal,32,0.0001,0.0001,1,32,1,False,0.1,lr1e-04_bs32_modL1_fusion32_fusionL1_fusionBN0_drop0p1__wd1e-04trmiss40_trlocglobal,54,0.4109657158454259,0.6877801716327667,0.5316205533596837,0.6514835732078413,0.4444444444444444,0.0,0.0,0.0,0.0,0.0,0.0,0.0,0.0,0.0,,,,,18473,global,0.4
4,1,lr1e-04_bs32_modL1_fusion32_fusionL1_fusionBN0_drop0p1__wd1e-04trmiss40_trlocglobal,32,0.0001,0.0001,1,32,1,False,0.1,lr1e-04_bs32_modL1_fusion32_fusionL1_fusionBN0_drop0p1__wd1e-04trmiss40_trlocglobal,55,0.41245144605636597,0.6856547296047211,0.5375494071146244,0.6500263259837716,0.4888888888888889,0.0,0.0,0.0,0.0,0.0,0.0,0.0,0.0,0.0,,,,,18473,global,0.4
4,1,lr1e-04_bs32_modL1_fusion32_fusionL1_fusionBN0_drop0p1__wd1e-04trmiss40_trlocglobal,32,0.0001,0.0001,1,32,1,False,0.1,lr1e-04_bs32_modL1_fusion32_fusionL1_fusionBN0_drop0p1__wd1e-04trmiss40_trlocglobal,56,0.4087823877731959,0.6845870316028595,0.5454545454545454,0.6545206158359714,0.4666666666666667,0.0,0.0,0.0,0.0,0.0,0.0,0.0,0.0,0.0,,,,,18473,global,0.4
4,1,lr1e-04_bs32_modL1_fusion32_fusionL1_fusionBN0_drop0p1__wd1e-04trmiss40_trlocglobal,32,0.0001,0.0001,1,32,1,False,0.1,lr1e-04_bs32_modL1_fusion32_fusionL1_fusionBN0_drop0p1__wd1e-04trmiss40_trlocglobal,57,0.405683974424998,0.6856030225753784,0.5454545454545455,0.6563583575202604,0.4888888888888889,0.0,0.0,0.0,0.0,0.0,0.0,0.0,0.0,0.0,,,,,18473,global,0.4
4,1,lr1e-04_bs32_modL1_fusion32_fusionL1_fusionBN0_drop0p1__wd1e-04trmiss40_trlocglobal,32,0.0001,0.0001,1,32,1,False,0.1,lr1e-04_bs32_modL1_fusion32_fusionL1_fusionBN0_drop0p1__wd1e-04trmiss40_trlocglobal,58,0.40575478474299115,0.6895244121551514,0.5395256916996047,0.6477674483244363,0.4666666666666667,0.0,0.0,0.0,0.0,0.0,0.0,0.0,0.0,0.0,,,,,18473,global,0.4
4,1,lr1e-04_bs32_modL1_fusion32_fusionL1_fusionBN0_drop0p1__wd1e-04trmiss40_trlocglobal,32,0.0001,0.0001,1,32,1,False,0.1,lr1e-04_bs32_modL1_fusion32_fusionL1_fusionBN0_drop0p1__wd1e-04trmiss40_trlocglobal,59,0.3991072376569112,0.6892598867416382,0.5296442687747035,0.6321530364504336,0.4444444444444444,0.0,0.0,0.0,0.0,0.0,0.0,0.0,0.0,0.0,,,,,18473,global,0.4
4,1,lr5e-05_bs32_modL1_fusion16_fusionL1_fusionBN0_drop0p2__wd1e-04trmiss40_trlocglobal,32,5e-05,0.0001,1,16,1,False,0.2,lr5e-05_bs32_modL1_fusion16_fusionL1_fusionBN0_drop0p2__wd1e-04trmiss40_trlocglobal,1,0.6943875054518381,0.6841329038143158,0.5988142292490118,0.6392538273493317,0.5111111111111111,0.0,0.0,0.0,0.0,0.0,0.0,0.0,0.0,0.0,,,,,18473,global,0.4
4,1,lr5e-05_bs32_modL1_fusion16_fusionL1_fusionBN0_drop0p2__wd1e-04trmiss40_trlocglobal,32,5e-05,0.0001,1,16,1,False,0.2,lr5e-05_bs32_modL1_fusion16_fusionL1_fusionBN0_drop0p2__wd1e-04trmiss40_trlocglobal,2,0.6847920417785645,0.6850437521934509,0.5849802371541502,0.6243066640562939,0.5333333333333333,0.0,0.0,0.0,0.0,0.0,0.0,0.0,0.0,0.0,,,,,18473,global,0.4
4,1,lr5e-05_bs32_modL1_fusion16_fusionL1_fusionBN0_drop0p2__wd1e-04trmiss40_trlocglobal,32,5e-05,0.0001,1,16,1,False,0.2,lr5e-05_bs32_modL1_fusion16_fusionL1_fusionBN0_drop0p2__wd1e-04trmiss40_trlocglobal,3,0.6667455732822418,0.684319943189621,0.575098814229249,0.6225052098211297,0.5333333333333333,0.0,0.0,0.0,0.0,0.0,0.0,0.0,0.0,0.0,,,,,18473,global,0.4
4,1,lr5e-05_bs32_modL1_fusion16_fusionL1_fusionBN0_drop0p2__wd1e-04trmiss40_trlocglobal,32,5e-05,0.0001,1,16,1,False,0.2,lr5e-05_bs32_modL1_fusion16_fusionL1_fusionBN0_drop0p2__wd1e-04trmiss40_trlocglobal,4,0.6739092568556467,0.6826868653297424,0.5770750988142292,0.6304693810912463,0.5333333333333333,0.0,0.0,0.0,0.0,0.0,0.0,0.0,0.0,0.0,,,,,18473,global,0.4
4,1,lr5e-05_bs32_modL1_fusion16_fusionL1_fusionBN0_drop0p2__wd1e-04trmiss40_trlocglobal,32,5e-05,0.0001,1,16,1,False,0.2,lr5e-05_bs32_modL1_fusion16_fusionL1_fusionBN0_drop0p2__wd1e-04trmiss40_trlocglobal,5,0.6634185214837393,0.6808080673217773,0.5889328063241107,0.6360735146729127,0.5555555555555556,0.0,0.0,0.0,0.0,0.0,0.0,0.0,0.0,0.0,,,,,18473,global,0.4
4,1,lr5e-05_bs32_modL1_fusion16_fusionL1_fusionBN0_drop0p2__wd1e-04trmiss40_trlocglobal,32,5e-05,0.0001,1,16,1,False,0.2,lr5e-05_bs32_modL1_fusion16_fusionL1_fusionBN0_drop0p2__wd1e-04trmiss40_trlocglobal,6,0.6536740064620972,0.6801508367061615,0.5889328063241107,0.630363097161334,0.5555555555555556,0.0,0.0,0.0,0.0,0.0,0.0,0.0,0.0,0.0,,,,,18473,global,0.4
4,1,lr5e-05_bs32_modL1_fusion16_fusionL1_fusionBN0_drop0p2__wd1e-04trmiss40_trlocglobal,32,5e-05,0.0001,1,16,1,False,0.2,lr5e-05_bs32_modL1_fusion16_fusionL1_fusionBN0_drop0p2__wd1e-04trmiss40_trlocglobal,7,0.6481754084428152,0.6787410080432892,0.5928853754940712,0.6452772368996584,0.5555555555555556,0.0,0.0,0.0,0.0,0.0,0.0,0.0,0.0,0.0,,,,,18473,global,0.4
4,1,lr5e-05_bs32_modL1_fusion16_fusionL1_fusionBN0_drop0p2__wd1e-04trmiss40_trlocglobal,32,5e-05,0.0001,1,16,1,False,0.2,lr5e-05_bs32_modL1_fusion16_fusionL1_fusionBN0_drop0p2__wd1e-04trmiss40_trlocglobal,8,0.6522649129231771,0.6790394186973572,0.5948616600790514,0.6319436924592539,0.5555555555555556,0.0,0.0,0.0,0.0,0.0,0.0,0.0,0.0,0.0,,,,,18473,global,0.4
4,1,lr5e-05_bs32_modL1_fusion16_fusionL1_fusionBN0_drop0p2__wd1e-04trmiss40_trlocglobal,32,5e-05,0.0001,1,16,1,False,0.2,lr5e-05_bs32_modL1_fusion16_fusionL1_fusionBN0_drop0p2__wd1e-04trmiss40_trlocglobal,9,0.6444454590479533,0.6775541603565216,0.6027667984189723,0.6434942219462444,0.5111111111111111,0.0,0.0,0.0,0.0,0.0,0.0,0.0,0.0,0.0,,,,,18473,global,0.4
4,1,lr5e-05_bs32_modL1_fusion16_fusionL1_fusionBN0_drop0p2__wd1e-04trmiss40_trlocglobal,32,5e-05,0.0001,1,16,1,False,0.2,lr5e-05_bs32_modL1_fusion16_fusionL1_fusionBN0_drop0p2__wd1e-04trmiss40_trlocglobal,10,0.6389544109503428,0.6763823926448822,0.616600790513834,0.6476002403518463,0.5333333333333333,0.0,0.0,0.0,0.0,0.0,0.0,0.0,0.0,0.0,,,,,18473,global,0.4
4,1,lr5e-05_bs32_modL1_fusion16_fusionL1_fusionBN0_drop0p2__wd1e-04trmiss40_trlocglobal,32,5e-05,0.0001,1,16,1,False,0.2,lr5e-05_bs32_modL1_fusion16_fusionL1_fusionBN0_drop0p2__wd1e-04trmiss40_trlocglobal,11,0.6337863504886627,0.6774090826511383,0.6126482213438735,0.6438702204934561,0.5555555555555556,0.0,0.0,0.0,0.0,0.0,0.0,0.0,0.0,0.0,,,,,18473,global,0.4
4,1,lr5e-05_bs32_modL1_fusion16_fusionL1_fusionBN0_drop0p2__wd1e-04trmiss40_trlocglobal,32,5e-05,0.0001,1,16,1,False,0.2,lr5e-05_bs32_modL1_fusion16_fusionL1_fusionBN0_drop0p2__wd1e-04trmiss40_trlocglobal,12,0.6293826599915823,0.6773883998394012,0.6126482213438735,0.650863966960374,0.5777777777777777,0.0,0.0,0.0,0.0,0.0,0.0,0.0,0.0,0.0,,,,,18473,global,0.4
4,1,lr5e-05_bs32_modL1_fusion16_fusionL1_fusionBN0_drop0p2__wd1e-04trmiss40_trlocglobal,32,5e-05,0.0001,1,16,1,False,0.2,lr5e-05_bs32_modL1_fusion16_fusionL1_fusionBN0_drop0p2__wd1e-04trmiss40_trlocglobal,13,0.615450789531072,0.6777494549751282,0.6047430830039526,0.6446853946564819,0.5777777777777777,0.0,0.0,0.0,0.0,0.0,0.0,0.0,0.0,0.0,,,,,18473,global,0.4
4,1,lr5e-05_bs32_modL1_fusion16_fusionL1_fusionBN0_drop0p2__wd1e-04trmiss40_trlocglobal,32,5e-05,0.0001,1,16,1,False,0.2,lr5e-05_bs32_modL1_fusion16_fusionL1_fusionBN0_drop0p2__wd1e-04trmiss40_trlocglobal,14,0.6231962045033773,0.678877979516983,0.6086956521739131,0.6453718273449368,0.5333333333333333,0.0,0.0,0.0,0.0,0.0,0.0,0.0,0.0,0.0,,,,,18473,global,0.4
4,1,lr5e-05_bs32_modL1_fusion16_fusionL1_fusionBN0_drop0p2__wd1e-04trmiss40_trlocglobal,32,5e-05,0.0001,1,16,1,False,0.2,lr5e-05_bs32_modL1_fusion16_fusionL1_fusionBN0_drop0p2__wd1e-04trmiss40_trlocglobal,15,0.6251487036546072,0.6770991683006287,0.6205533596837944,0.6504017385129555,0.5555555555555556,0.0,0.0,0.0,0.0,0.0,0.0,0.0,0.0,0.0,,,,,18473,global,0.4
4,1,lr5e-05_bs32_modL1_fusion16_fusionL1_fusionBN0_drop0p2__wd1e-04trmiss40_trlocglobal,32,5e-05,0.0001,1,16,1,False,0.2,lr5e-05_bs32_modL1_fusion16_fusionL1_fusionBN0_drop0p2__wd1e-04trmiss40_trlocglobal,16,0.6156824926535288,0.6745735704898834,0.6284584980237155,0.6540763837242828,0.5555555555555556,0.0,0.0,0.0,0.0,0.0,0.0,0.0,0.0,0.0,,,,,18473,global,0.4
4,1,lr5e-05_bs32_modL1_fusion16_fusionL1_fusionBN0_drop0p2__wd1e-04trmiss40_trlocglobal,32,5e-05,0.0001,1,16,1,False,0.2,lr5e-05_bs32_modL1_fusion16_fusionL1_fusionBN0_drop0p2__wd1e-04trmiss40_trlocglobal,17,0.6140696803728739,0.6738054752349854,0.6324110671936759,0.6564706030207218,0.5333333333333333,0.0,0.0,0.0,0.0,0.0,0.0,0.0,0.0,0.0,,,,,18473,global,0.4
4,1,lr5e-05_bs32_modL1_fusion16_fusionL1_fusionBN0_drop0p2__wd1e-04trmiss40_trlocglobal,32,5e-05,0.0001,1,16,1,False,0.2,lr5e-05_bs32_modL1_fusion16_fusionL1_fusionBN0_drop0p2__wd1e-04trmiss40_trlocglobal,18,0.6108658313751221,0.6745986640453339,0.6383399209486166,0.6586923583615976,0.5333333333333333,0.0,0.0,0.0,0.0,0.0,0.0,0.0,0.0,0.0,,,,,18473,global,0.4
4,1,lr5e-05_bs32_modL1_fusion16_fusionL1_fusionBN0_drop0p2__wd1e-04trmiss40_trlocglobal,32,5e-05,0.0001,1,16,1,False,0.2,lr5e-05_bs32_modL1_fusion16_fusionL1_fusionBN0_drop0p2__wd1e-04trmiss40_trlocglobal,19,0.6075522700945536,0.6757729053497314,0.6462450592885376,0.6641252507510118,0.5333333333333333,0.0,0.0,0.0,0.0,0.0,0.0,0.0,0.0,0.0,,,,,18473,global,0.4
4,1,lr5e-05_bs32_modL1_fusion16_fusionL1_fusionBN0_drop0p2__wd1e-04trmiss40_trlocglobal,32,5e-05,0.0001,1,16,1,False,0.2,lr5e-05_bs32_modL1_fusion16_fusionL1_fusionBN0_drop0p2__wd1e-04trmiss40_trlocglobal,20,0.5982965727647146,0.6781477928161621,0.6403162055335968,0.6381850709206718,0.5333333333333333,0.0,0.0,0.0,0.0,0.0,0.0,0.0,0.0,0.0,,,,,18473,global,0.4
4,1,lr5e-05_bs32_modL1_fusion16_fusionL1_fusionBN0_drop0p2__wd1e-04trmiss40_trlocglobal,32,5e-05,0.0001,1,16,1,False,0.2,lr5e-05_bs32_modL1_fusion16_fusionL1_fusionBN0_drop0p2__wd1e-04trmiss40_trlocglobal,21,0.6018844246864319,0.6767864525318146,0.6462450592885376,0.6361942609088723,0.5555555555555556,0.0,0.0,0.0,0.0,0.0,0.0,0.0,0.0,0.0,,,,,18473,global,0.4
4,1,lr5e-05_bs32_modL1_fusion16_fusionL1_fusionBN0_drop0p2__wd1e-04trmiss40_trlocglobal,32,5e-05,0.0001,1,16,1,False,0.2,lr5e-05_bs32_modL1_fusion16_fusionL1_fusionBN0_drop0p2__wd1e-04trmiss40_trlocglobal,22,0.6001107295354208,0.6767650544643402,0.6422924901185771,0.6393098921684693,0.5333333333333333,0.0,0.0,0.0,0.0,0.0,0.0,0.0,0.0,0.0,,,,,18473,global,0.4
4,1,lr5e-05_bs32_modL1_fusion16_fusionL1_fusionBN0_drop0p2__wd1e-04trmiss40_trlocglobal,32,5e-05,0.0001,1,16,1,False,0.2,lr5e-05_bs32_modL1_fusion16_fusionL1_fusionBN0_drop0p2__wd1e-04trmiss40_trlocglobal,23,0.5937225917975107,0.6763185858726501,0.6462450592885375,0.6488329327241643,0.5555555555555556,0.0,0.0,0.0,0.0,0.0,0.0,0.0,0.0,0.0,,,,,18473,global,0.4
4,1,lr5e-05_bs32_modL1_fusion16_fusionL1_fusionBN0_drop0p2__wd1e-04trmiss40_trlocglobal,32,5e-05,0.0001,1,16,1,False,0.2,lr5e-05_bs32_modL1_fusion16_fusionL1_fusionBN0_drop0p2__wd1e-04trmiss40_trlocglobal,24,0.5926788449287415,0.6750585734844208,0.6462450592885375,0.6669780542163165,0.5111111111111111,0.0,0.0,0.0,0.0,0.0,0.0,0.0,0.0,0.0,,,,,18473,global,0.4
4,1,lr5e-05_bs32_modL1_fusion16_fusionL1_fusionBN0_drop0p2__wd1e-04trmiss40_trlocglobal,32,5e-05,0.0001,1,16,1,False,0.2,lr5e-05_bs32_modL1_fusion16_fusionL1_fusionBN0_drop0p2__wd1e-04trmiss40_trlocglobal,25,0.5831453998883566,0.6761952936649323,0.6462450592885376,0.660608462523945,0.5333333333333333,0.0,0.0,0.0,0.0,0.0,0.0,0.0,0.0,0.0,,,,,18473,global,0.4
4,1,lr5e-05_bs32_modL1_fusion16_fusionL1_fusionBN0_drop0p2__wd1e-04trmiss40_trlocglobal,32,5e-05,0.0001,1,16,1,False,0.2,lr5e-05_bs32_modL1_fusion16_fusionL1_fusionBN0_drop0p2__wd1e-04trmiss40_trlocglobal,26,0.5861246387163798,0.6780769228935242,0.6324110671936759,0.6453827293725758,0.5333333333333333,0.0,0.0,0.0,0.0,0.0,0.0,0.0,0.0,0.0,,,,,18473,global,0.4
4,1,lr5e-05_bs32_modL1_fusion16_fusionL1_fusionBN0_drop0p2__wd1e-04trmiss40_trlocglobal,32,5e-05,0.0001,1,16,1,False,0.2,lr5e-05_bs32_modL1_fusion16_fusionL1_fusionBN0_drop0p2__wd1e-04trmiss40_trlocglobal,27,0.5830195844173431,0.6765947043895721,0.6403162055335968,0.6490211142705611,0.5333333333333333,0.0,0.0,0.0,0.0,0.0,0.0,0.0,0.0,0.0,,,,,18473,global,0.4
4,1,lr5e-05_bs32_modL1_fusion16_fusionL1_fusionBN0_drop0p2__wd1e-04trmiss40_trlocglobal,32,5e-05,0.0001,1,16,1,False,0.2,lr5e-05_bs32_modL1_fusion16_fusionL1_fusionBN0_drop0p2__wd1e-04trmiss40_trlocglobal,28,0.5824691553910574,0.6765657961368561,0.6422924901185771,0.6407099241818776,0.5333333333333333,0.0,0.0,0.0,0.0,0.0,0.0,0.0,0.0,0.0,,,,,18473,global,0.4
4,1,lr5e-05_bs32_modL1_fusion16_fusionL1_fusionBN0_drop0p2__wd1e-04trmiss40_trlocglobal,32,5e-05,0.0001,1,16,1,False,0.2,lr5e-05_bs32_modL1_fusion16_fusionL1_fusionBN0_drop0p2__wd1e-04trmiss40_trlocglobal,29,0.5791509747505188,0.6769768595695496,0.6403162055335968,0.6179873568940928,0.5333333333333333,0.0,0.0,0.0,0.0,0.0,0.0,0.0,0.0,0.0,,,,,18473,global,0.4
4,1,lr5e-05_bs32_modL1_fusion16_fusionL1_fusionBN0_drop0p2__wd1e-04trmiss40_trlocglobal,32,5e-05,0.0001,1,16,1,False,0.2,lr5e-05_bs32_modL1_fusion16_fusionL1_fusionBN0_drop0p2__wd1e-04trmiss40_trlocglobal,30,0.5757691164811453,0.67588010430336,0.6383399209486166,0.6210472524453705,0.5333333333333333,0.0,0.0,0.0,0.0,0.0,0.0,0.0,0.0,0.0,,,,,18473,global,0.4
4,1,lr5e-05_bs32_modL1_fusion16_fusionL1_fusionBN0_drop0p2__wd1e-04trmiss40_trlocglobal,32,5e-05,0.0001,1,16,1,False,0.2,lr5e-05_bs32_modL1_fusion16_fusionL1_fusionBN0_drop0p2__wd1e-04trmiss40_trlocglobal,31,0.5784532924493154,0.6749527156352997,0.6363636363636364,0.6386753548560816,0.5333333333333333,0.0,0.0,0.0,0.0,0.0,0.0,0.0,0.0,0.0,,,,,18473,global,0.4
4,1,lr5e-05_bs32_modL1_fusion16_fusionL1_fusionBN0_drop0p2__wd1e-04trmiss40_trlocglobal,32,5e-05,0.0001,1,16,1,False,0.2,lr5e-05_bs32_modL1_fusion16_fusionL1_fusionBN0_drop0p2__wd1e-04trmiss40_trlocglobal,32,0.5728139082590739,0.67463019490242,0.6482213438735178,0.6586743038064372,0.5333333333333333,0.0,0.0,0.0,0.0,0.0,0.0,0.0,0.0,0.0,,,,,18473,global,0.4
4,1,lr5e-05_bs32_modL1_fusion16_fusionL1_fusionBN0_drop0p2__wd1e-04trmiss40_trlocglobal,32,5e-05,0.0001,1,16,1,False,0.2,lr5e-05_bs32_modL1_fusion16_fusionL1_fusionBN0_drop0p2__wd1e-04trmiss40_trlocglobal,33,0.5756715734799703,0.6757717132568359,0.6383399209486166,0.6495107598602845,0.5333333333333333,0.0,0.0,0.0,0.0,0.0,0.0,0.0,0.0,0.0,,,,,18473,global,0.4
4,1,lr5e-05_bs32_modL1_fusion16_fusionL1_fusionBN0_drop0p2__wd1e-04trmiss40_trlocglobal,32,5e-05,0.0001,1,16,1,False,0.2,lr5e-05_bs32_modL1_fusion16_fusionL1_fusionBN0_drop0p2__wd1e-04trmiss40_trlocglobal,34,0.5770918627580007,0.677026778459549,0.6304347826086957,0.6221260524984606,0.5333333333333333,0.0,0.0,0.0,0.0,0.0,0.0,0.0,0.0,0.0,,,,,18473,global,0.4
4,1,lr5e-05_bs32_modL1_fusion16_fusionL1_fusionBN0_drop0p2__wd1e-04trmiss40_trlocglobal,32,5e-05,0.0001,1,16,1,False,0.2,lr5e-05_bs32_modL1_fusion16_fusionL1_fusionBN0_drop0p2__wd1e-04trmiss40_trlocglobal,35,0.5848273038864136,0.676464855670929,0.6343873517786561,0.6261674990170238,0.5333333333333333,0.0,0.0,0.0,0.0,0.0,0.0,0.0,0.0,0.0,,,,,18473,global,0.4
4,1,lr5e-05_bs32_modL1_fusion16_fusionL1_fusionBN0_drop0p2__wd1e-04trmiss40_trlocglobal,32,5e-05,0.0001,1,16,1,False,0.2,lr5e-05_bs32_modL1_fusion16_fusionL1_fusionBN0_drop0p2__wd1e-04trmiss40_trlocglobal,36,0.5737139483292898,0.6749408841133118,0.642292490118577,0.6477228336158366,0.5333333333333333,0.0,0.0,0.0,0.0,0.0,0.0,0.0,0.0,0.0,,,,,18473,global,0.4
4,1,lr5e-05_bs32_modL1_fusion16_fusionL1_fusionBN0_drop0p2__wd1e-04trmiss40_trlocglobal,32,5e-05,0.0001,1,16,1,False,0.2,lr5e-05_bs32_modL1_fusion16_fusionL1_fusionBN0_drop0p2__wd1e-04trmiss40_trlocglobal,37,0.5684317648410797,0.672919899225235,0.6482213438735178,0.6693645292792714,0.5333333333333333,0.0,0.0,0.0,0.0,0.0,0.0,0.0,0.0,0.0,,,,,18473,global,0.4
4,1,lr5e-05_bs32_modL1_fusion16_fusionL1_fusionBN0_drop0p2__wd1e-04trmiss40_trlocglobal,32,5e-05,0.0001,1,16,1,False,0.2,lr5e-05_bs32_modL1_fusion16_fusionL1_fusionBN0_drop0p2__wd1e-04trmiss40_trlocglobal,38,0.567903200785319,0.6727610528469086,0.6403162055335969,0.6643659502818365,0.5333333333333333,0.0,0.0,0.0,0.0,0.0,0.0,0.0,0.0,0.0,,,,,18473,global,0.4
4,1,lr5e-05_bs32_modL1_fusion16_fusionL1_fusionBN0_drop0p2__wd1e-04trmiss40_trlocglobal,32,5e-05,0.0001,1,16,1,False,0.2,lr5e-05_bs32_modL1_fusion16_fusionL1_fusionBN0_drop0p2__wd1e-04trmiss40_trlocglobal,39,0.5584332644939423,0.6733597218990326,0.6403162055335968,0.6640852527185303,0.5333333333333333,0.0,0.0,0.0,0.0,0.0,0.0,0.0,0.0,0.0,,,,,18473,global,0.4
4,1,lr5e-05_bs32_modL1_fusion16_fusionL1_fusionBN0_drop0p2__wd1e-04trmiss40_trlocglobal,32,5e-05,0.0001,1,16,1,False,0.2,lr5e-05_bs32_modL1_fusion16_fusionL1_fusionBN0_drop0p2__wd1e-04trmiss40_trlocglobal,40,0.564852217833201,0.6741061806678772,0.6343873517786561,0.6555172628167595,0.5333333333333333,0.0,0.0,0.0,0.0,0.0,0.0,0.0,0.0,0.0,,,,,18473,global,0.4
4,1,lr5e-05_bs32_modL1_fusion16_fusionL1_fusionBN0_drop0p2__wd1e-04trmiss40_trlocglobal,32,5e-05,0.0001,1,16,1,False,0.2,lr5e-05_bs32_modL1_fusion16_fusionL1_fusionBN0_drop0p2__wd1e-04trmiss40_trlocglobal,41,0.5577249030272166,0.6744750142097473,0.6284584980237155,0.6582671318137681,0.5333333333333333,0.0,0.0,0.0,0.0,0.0,0.0,0.0,0.0,0.0,,,,,18473,global,0.4
4,1,lr5e-05_bs32_modL1_fusion16_fusionL1_fusionBN0_drop0p2__wd1e-04trmiss40_trlocglobal,32,5e-05,0.0001,1,16,1,False,0.2,lr5e-05_bs32_modL1_fusion16_fusionL1_fusionBN0_drop0p2__wd1e-04trmiss40_trlocglobal,42,0.5572875738143921,0.6746296286582947,0.6284584980237155,0.648857092710166,0.5333333333333333,0.0,0.0,0.0,0.0,0.0,0.0,0.0,0.0,0.0,,,,,18473,global,0.4
4,1,lr5e-05_bs32_modL1_fusion16_fusionL1_fusionBN0_drop0p2__wd1e-04trmiss40_trlocglobal,32,5e-05,0.0001,1,16,1,False,0.2,lr5e-05_bs32_modL1_fusion16_fusionL1_fusionBN0_drop0p2__wd1e-04trmiss40_trlocglobal,43,0.552872876326243,0.674013078212738,0.6284584980237155,0.6483613367518282,0.5333333333333333,0.0,0.0,0.0,0.0,0.0,0.0,0.0,0.0,0.0,,,,,18473,global,0.4
4,1,lr5e-05_bs32_modL1_fusion16_fusionL1_fusionBN0_drop0p2__wd1e-04trmiss40_trlocglobal,32,5e-05,0.0001,1,16,1,False,0.2,lr5e-05_bs32_modL1_fusion16_fusionL1_fusionBN0_drop0p2__wd1e-04trmiss40_trlocglobal,44,0.5457900861899058,0.6734994947910309,0.6343873517786561,0.6554702651994293,0.5333333333333333,0.0,0.0,0.0,0.0,0.0,0.0,0.0,0.0,0.0,,,,,18473,global,0.4
4,1,lr5e-05_bs32_modL1_fusion16_fusionL1_fusionBN0_drop0p2__wd1e-04trmiss40_trlocglobal,32,5e-05,0.0001,1,16,1,False,0.2,lr5e-05_bs32_modL1_fusion16_fusionL1_fusionBN0_drop0p2__wd1e-04trmiss40_trlocglobal,45,0.5568492909272512,0.6742141544818878,0.6284584980237153,0.6466697312558748,0.5333333333333333,0.0,0.0,0.0,0.0,0.0,0.0,0.0,0.0,0.0,,,,,18473,global,0.4
4,1,lr5e-05_bs32_modL1_fusion16_fusionL1_fusionBN0_drop0p2__wd1e-04trmiss40_trlocglobal,32,5e-05,0.0001,1,16,1,False,0.2,lr5e-05_bs32_modL1_fusion16_fusionL1_fusionBN0_drop0p2__wd1e-04trmiss40_trlocglobal,46,0.5465269386768341,0.6741305291652679,0.6324110671936758,0.6489429212039229,0.5333333333333333,0.0,0.0,0.0,0.0,0.0,0.0,0.0,0.0,0.0,,,,,18473,global,0.4
4,1,lr5e-05_bs32_modL1_fusion16_fusionL1_fusionBN0_drop0p2__wd1e-04trmiss40_trlocglobal,32,5e-05,0.0001,1,16,1,False,0.2,lr5e-05_bs32_modL1_fusion16_fusionL1_fusionBN0_drop0p2__wd1e-04trmiss40_trlocglobal,47,0.5602599680423737,0.6729378700256348,0.6324110671936759,0.6479004599783954,0.5333333333333333,0.0,0.0,0.0,0.0,0.0,0.0,0.0,0.0,0.0,,,,,18473,global,0.4
4,1,lr5e-05_bs32_modL1_fusion16_fusionL1_fusionBN0_drop0p2__wd1e-04trmiss40_trlocglobal,32,5e-05,0.0001,1,16,1,False,0.2,lr5e-05_bs32_modL1_fusion16_fusionL1_fusionBN0_drop0p2__wd1e-04trmiss40_trlocglobal,48,0.5455551147460938,0.671844482421875,0.6324110671936758,0.6607933439734027,0.5333333333333333,0.0,0.0,0.0,0.0,0.0,0.0,0.0,0.0,0.0,,,,,18473,global,0.4
4,1,lr5e-05_bs32_modL1_fusion16_fusionL1_fusionBN0_drop0p2__wd1e-04trmiss40_trlocglobal,32,5e-05,0.0001,1,16,1,False,0.2,lr5e-05_bs32_modL1_fusion16_fusionL1_fusionBN0_drop0p2__wd1e-04trmiss40_trlocglobal,49,0.546681135892868,0.6713756620883942,0.6324110671936758,0.6545131507366878,0.5333333333333333,0.0,0.0,0.0,0.0,0.0,0.0,0.0,0.0,0.0,,,,,18473,global,0.4
4,1,lr5e-05_bs32_modL1_fusion16_fusionL1_fusionBN0_drop0p2__wd1e-04trmiss40_trlocglobal,32,5e-05,0.0001,1,16,1,False,0.2,lr5e-05_bs32_modL1_fusion16_fusionL1_fusionBN0_drop0p2__wd1e-04trmiss40_trlocglobal,50,0.5554131666819254,0.6709141433238983,0.634387351778656,0.6568846922386641,0.5333333333333333,0.0,0.0,0.0,0.0,0.0,0.0,0.0,0.0,0.0,,,,,18473,global,0.4
4,1,lr5e-05_bs32_modL1_fusion16_fusionL1_fusionBN0_drop0p2__wd1e-04trmiss40_trlocglobal,32,5e-05,0.0001,1,16,1,False,0.2,lr5e-05_bs32_modL1_fusion16_fusionL1_fusionBN0_drop0p2__wd1e-04trmiss40_trlocglobal,51,0.5443797707557678,0.6711359024047852,0.6324110671936758,0.6545131507366878,0.5333333333333333,0.0,0.0,0.0,0.0,0.0,0.0,0.0,0.0,0.0,,,,,18473,global,0.4
4,1,lr5e-05_bs32_modL1_fusion16_fusionL1_fusionBN0_drop0p2__wd1e-04trmiss40_trlocglobal,32,5e-05,0.0001,1,16,1,False,0.2,lr5e-05_bs32_modL1_fusion16_fusionL1_fusionBN0_drop0p2__wd1e-04trmiss40_trlocglobal,52,0.5408761501312256,0.6719397008419037,0.634387351778656,0.6508391757583649,0.5333333333333333,0.0,0.0,0.0,0.0,0.0,0.0,0.0,0.0,0.0,,,,,18473,global,0.4
4,1,lr5e-05_bs32_modL1_fusion16_fusionL1_fusionBN0_drop0p2__wd1e-04trmiss40_trlocglobal,32,5e-05,0.0001,1,16,1,False,0.2,lr5e-05_bs32_modL1_fusion16_fusionL1_fusionBN0_drop0p2__wd1e-04trmiss40_trlocglobal,53,0.5377946048974991,0.6718489527702332,0.6324110671936758,0.6494661780466945,0.5333333333333333,0.0,0.0,0.0,0.0,0.0,0.0,0.0,0.0,0.0,,,,,18473,global,0.4
4,1,lr5e-05_bs32_modL1_fusion16_fusionL1_fusionBN0_drop0p2__wd1e-04trmiss40_trlocglobal,32,5e-05,0.0001,1,16,1,False,0.2,lr5e-05_bs32_modL1_fusion16_fusionL1_fusionBN0_drop0p2__wd1e-04trmiss40_trlocglobal,54,0.5504146913687388,0.6713024377822876,0.634387351778656,0.6542208182704422,0.5111111111111111,0.0,0.0,0.0,0.0,0.0,0.0,0.0,0.0,0.0,,,,,18473,global,0.4
4,1,lr5e-05_bs32_modL1_fusion16_fusionL1_fusionBN0_drop0p2__wd1e-04trmiss40_trlocglobal,32,5e-05,0.0001,1,16,1,False,0.2,lr5e-05_bs32_modL1_fusion16_fusionL1_fusionBN0_drop0p2__wd1e-04trmiss40_trlocglobal,55,0.5409974555174509,0.6723336279392242,0.6324110671936758,0.6528478205587718,0.5333333333333333,0.0,0.0,0.0,0.0,0.0,0.0,0.0,0.0,0.0,,,,,18473,global,0.4
4,1,lr5e-05_bs32_modL1_fusion16_fusionL1_fusionBN0_drop0p2__wd1e-04trmiss40_trlocglobal,32,5e-05,0.0001,1,16,1,False,0.2,lr5e-05_bs32_modL1_fusion16_fusionL1_fusionBN0_drop0p2__wd1e-04trmiss40_trlocglobal,56,0.5434018472830454,0.6726369857788086,0.6284584980237153,0.6367586963174737,0.5111111111111111,0.0,0.0,0.0,0.0,0.0,0.0,0.0,0.0,0.0,,,,,18473,global,0.4
4,1,lr5e-05_bs32_modL1_fusion16_fusionL1_fusionBN0_drop0p2__wd1e-04trmiss40_trlocglobal,32,5e-05,0.0001,1,16,1,False,0.2,lr5e-05_bs32_modL1_fusion16_fusionL1_fusionBN0_drop0p2__wd1e-04trmiss40_trlocglobal,57,0.5408039093017578,0.6734632551670074,0.6264822134387351,0.635128261534865,0.5111111111111111,0.0,0.0,0.0,0.0,0.0,0.0,0.0,0.0,0.0,,,,,18473,global,0.4
4,1,lr5e-05_bs32_modL1_fusion16_fusionL1_fusionBN0_drop0p1__wd1e-04trmiss40_trlocglobal,32,5e-05,0.0001,1,16,1,False,0.1,lr5e-05_bs32_modL1_fusion16_fusionL1_fusionBN0_drop0p1__wd1e-04trmiss40_trlocglobal,1,0.697597861289978,0.6993188261985779,0.5632411067193676,0.5995559111823313,0.4888888888888889,0.0,0.0,0.0,0.0,0.0,0.0,0.0,0.0,0.0,,,,,18473,global,0.4
4,1,lr5e-05_bs32_modL1_fusion16_fusionL1_fusionBN0_drop0p1__wd1e-04trmiss40_trlocglobal,32,5e-05,0.0001,1,16,1,False,0.1,lr5e-05_bs32_modL1_fusion16_fusionL1_fusionBN0_drop0p1__wd1e-04trmiss40_trlocglobal,2,0.6898075342178345,0.6986207962036133,0.5691699604743082,0.6178343241376583,0.4888888888888889,0.0,0.0,0.0,0.0,0.0,0.0,0.0,0.0,0.0,,,,,18473,global,0.4
4,1,lr5e-05_bs32_modL1_fusion16_fusionL1_fusionBN0_drop0p1__wd1e-04trmiss40_trlocglobal,32,5e-05,0.0001,1,16,1,False,0.1,lr5e-05_bs32_modL1_fusion16_fusionL1_fusionBN0_drop0p1__wd1e-04trmiss40_trlocglobal,3,0.6784765819708506,0.6994009912014008,0.5454545454545454,0.6023762718865298,0.4888888888888889,0.0,0.0,0.0,0.0,0.0,0.0,0.0,0.0,0.0,,,,,18473,global,0.4
4,1,lr5e-05_bs32_modL1_fusion16_fusionL1_fusionBN0_drop0p1__wd1e-04trmiss40_trlocglobal,32,5e-05,0.0001,1,16,1,False,0.1,lr5e-05_bs32_modL1_fusion16_fusionL1_fusionBN0_drop0p1__wd1e-04trmiss40_trlocglobal,4,0.6754099031289419,0.6979739665985107,0.5533596837944664,0.6101446576494853,0.5333333333333333,0.0,0.0,0.0,0.0,0.0,0.0,0.0,0.0,0.0,,,,,18473,global,0.4
4,1,lr5e-05_bs32_modL1_fusion16_fusionL1_fusionBN0_drop0p1__wd1e-04trmiss40_trlocglobal,32,5e-05,0.0001,1,16,1,False,0.1,lr5e-05_bs32_modL1_fusion16_fusionL1_fusionBN0_drop0p1__wd1e-04trmiss40_trlocglobal,5,0.6698983311653137,0.6956058442592621,0.5612648221343873,0.6241024754004117,0.5333333333333333,0.0,0.0,0.0,0.0,0.0,0.0,0.0,0.0,0.0,,,,,18473,global,0.4
4,1,lr5e-05_bs32_modL1_fusion16_fusionL1_fusionBN0_drop0p1__wd1e-04trmiss40_trlocglobal,32,5e-05,0.0001,1,16,1,False,0.1,lr5e-05_bs32_modL1_fusion16_fusionL1_fusionBN0_drop0p1__wd1e-04trmiss40_trlocglobal,6,0.6654740869998932,0.6949670910835266,0.5691699604743083,0.6348800674599925,0.5111111111111111,0.0,0.0,0.0,0.0,0.0,0.0,0.0,0.0,0.0,,,,,18473,global,0.4
4,1,lr5e-05_bs32_modL1_fusion16_fusionL1_fusionBN0_drop0p1__wd1e-04trmiss40_trlocglobal,32,5e-05,0.0001,1,16,1,False,0.1,lr5e-05_bs32_modL1_fusion16_fusionL1_fusionBN0_drop0p1__wd1e-04trmiss40_trlocglobal,7,0.6652282973130544,0.6939044296741486,0.5691699604743083,0.6343298099526664,0.5555555555555556,0.0,0.0,0.0,0.0,0.0,0.0,0.0,0.0,0.0,,,,,18473,global,0.4
4,1,lr5e-05_bs32_modL1_fusion16_fusionL1_fusionBN0_drop0p1__wd1e-04trmiss40_trlocglobal,32,5e-05,0.0001,1,16,1,False,0.1,lr5e-05_bs32_modL1_fusion16_fusionL1_fusionBN0_drop0p1__wd1e-04trmiss40_trlocglobal,8,0.6575996081034342,0.6918219923973083,0.58300395256917,0.6520237727312199,0.5555555555555556,0.0,0.0,0.0,0.0,0.0,0.0,0.0,0.0,0.0,,,,,18473,global,0.4
4,1,lr5e-05_bs32_modL1_fusion16_fusionL1_fusionBN0_drop0p1__wd1e-04trmiss40_trlocglobal,32,5e-05,0.0001,1,16,1,False,0.1,lr5e-05_bs32_modL1_fusion16_fusionL1_fusionBN0_drop0p1__wd1e-04trmiss40_trlocglobal,9,0.6549038092295328,0.690590500831604,0.5889328063241107,0.657521592489896,0.5777777777777777,0.0,0.0,0.0,0.0,0.0,0.0,0.0,0.0,0.0,,,,,18473,global,0.4
4,1,lr5e-05_bs32_modL1_fusion16_fusionL1_fusionBN0_drop0p1__wd1e-04trmiss40_trlocglobal,32,5e-05,0.0001,1,16,1,False,0.1,lr5e-05_bs32_modL1_fusion16_fusionL1_fusionBN0_drop0p1__wd1e-04trmiss40_trlocglobal,10,0.6525541841983795,0.6890850365161896,0.5968379446640316,0.6534090247646718,0.5777777777777777,0.0,0.0,0.0,0.0,0.0,0.0,0.0,0.0,0.0,,,,,18473,global,0.4
4,1,lr5e-05_bs32_modL1_fusion16_fusionL1_fusionBN0_drop0p1__wd1e-04trmiss40_trlocglobal,32,5e-05,0.0001,1,16,1,False,0.1,lr5e-05_bs32_modL1_fusion16_fusionL1_fusionBN0_drop0p1__wd1e-04trmiss40_trlocglobal,11,0.650477131207784,0.6894907057285309,0.5830039525691699,0.6171843521594513,0.5777777777777777,0.0,0.0,0.0,0.0,0.0,0.0,0.0,0.0,0.0,,,,,18473,global,0.4
4,1,lr5e-05_bs32_modL1_fusion16_fusionL1_fusionBN0_drop0p1__wd1e-04trmiss40_trlocglobal,32,5e-05,0.0001,1,16,1,False,0.1,lr5e-05_bs32_modL1_fusion16_fusionL1_fusionBN0_drop0p1__wd1e-04trmiss40_trlocglobal,12,0.63999871412913,0.6890367269515991,0.5948616600790513,0.6251455109164398,0.6,0.0,0.0,0.0,0.0,0.0,0.0,0.0,0.0,0.0,,,,,18473,global,0.4
4,1,lr5e-05_bs32_modL1_fusion16_fusionL1_fusionBN0_drop0p1__wd1e-04trmiss40_trlocglobal,32,5e-05,0.0001,1,16,1,False,0.1,lr5e-05_bs32_modL1_fusion16_fusionL1_fusionBN0_drop0p1__wd1e-04trmiss40_trlocglobal,13,0.6431491474310557,0.6889649927616119,0.5968379446640316,0.6232480747103585,0.5555555555555556,0.0,0.0,0.0,0.0,0.0,0.0,0.0,0.0,0.0,,,,,18473,global,0.4
4,1,lr5e-05_bs32_modL1_fusion16_fusionL1_fusionBN0_drop0p1__wd1e-04trmiss40_trlocglobal,32,5e-05,0.0001,1,16,1,False,0.1,lr5e-05_bs32_modL1_fusion16_fusionL1_fusionBN0_drop0p1__wd1e-04trmiss40_trlocglobal,14,0.6347170869509379,0.6873989403247833,0.6086956521739131,0.6563243460997576,0.5777777777777777,0.0,0.0,0.0,0.0,0.0,0.0,0.0,0.0,0.0,,,,,18473,global,0.4
4,1,lr5e-05_bs32_modL1_fusion16_fusionL1_fusionBN0_drop0p1__wd1e-04trmiss40_trlocglobal,32,5e-05,0.0001,1,16,1,False,0.1,lr5e-05_bs32_modL1_fusion16_fusionL1_fusionBN0_drop0p1__wd1e-04trmiss40_trlocglobal,15,0.6328258315722147,0.687294602394104,0.6086956521739131,0.6553907802614503,0.5777777777777777,0.0,0.0,0.0,0.0,0.0,0.0,0.0,0.0,0.0,,,,,18473,global,0.4
4,1,lr5e-05_bs32_modL1_fusion16_fusionL1_fusionBN0_drop0p1__wd1e-04trmiss40_trlocglobal,32,5e-05,0.0001,1,16,1,False,0.1,lr5e-05_bs32_modL1_fusion16_fusionL1_fusionBN0_drop0p1__wd1e-04trmiss40_trlocglobal,16,0.6351016958554586,0.6869035959243774,0.6106719367588933,0.65015811957043,0.5777777777777777,0.0,0.0,0.0,0.0,0.0,0.0,0.0,0.0,0.0,,,,,18473,global,0.4
4,1,lr5e-05_bs32_modL1_fusion16_fusionL1_fusionBN0_drop0p1__wd1e-04trmiss40_trlocglobal,32,5e-05,0.0001,1,16,1,False,0.1,lr5e-05_bs32_modL1_fusion16_fusionL1_fusionBN0_drop0p1__wd1e-04trmiss40_trlocglobal,17,0.6324022511641184,0.6868362426757812,0.6027667984189724,0.6238190332730694,0.5777777777777777,0.0,0.0,0.0,0.0,0.0,0.0,0.0,0.0,0.0,,,,,18473,global,0.4
4,1,lr5e-05_bs32_modL1_fusion16_fusionL1_fusionBN0_drop0p1__wd1e-04trmiss40_trlocglobal,32,5e-05,0.0001,1,16,1,False,0.1,lr5e-05_bs32_modL1_fusion16_fusionL1_fusionBN0_drop0p1__wd1e-04trmiss40_trlocglobal,18,0.6312050322691599,0.686835378408432,0.598814229249012,0.6205888039535131,0.5777777777777777,0.0,0.0,0.0,0.0,0.0,0.0,0.0,0.0,0.0,,,,,18473,global,0.4
4,1,lr5e-05_bs32_modL1_fusion16_fusionL1_fusionBN0_drop0p1__wd1e-04trmiss40_trlocglobal,32,5e-05,0.0001,1,16,1,False,0.1,lr5e-05_bs32_modL1_fusion16_fusionL1_fusionBN0_drop0p1__wd1e-04trmiss40_trlocglobal,19,0.6202564040819804,0.687212347984314,0.5928853754940712,0.6182674521966052,0.5777777777777777,0.0,0.0,0.0,0.0,0.0,0.0,0.0,0.0,0.0,,,,,18473,global,0.4
4,1,lr5e-05_bs32_modL1_fusion16_fusionL1_fusionBN0_drop0p1__wd1e-04trmiss40_trlocglobal,32,5e-05,0.0001,1,16,1,False,0.1,lr5e-05_bs32_modL1_fusion16_fusionL1_fusionBN0_drop0p1__wd1e-04trmiss40_trlocglobal,20,0.6234094599882761,0.6871980726718903,0.592885375494071,0.6214017038700511,0.6,0.0,0.0,0.0,0.0,0.0,0.0,0.0,0.0,0.0,,,,,18473,global,0.4
4,1,lr5e-05_bs32_modL1_fusion16_fusionL1_fusionBN0_drop0p1__wd1e-04trmiss40_trlocglobal,32,5e-05,0.0001,1,16,1,False,0.1,lr5e-05_bs32_modL1_fusion16_fusionL1_fusionBN0_drop0p1__wd1e-04trmiss40_trlocglobal,21,0.6171612044175466,0.6879353821277618,0.5770750988142292,0.6150775504065047,0.5777777777777777,0.0,0.0,0.0,0.0,0.0,0.0,0.0,0.0,0.0,,,,,18473,global,0.4
4,1,lr5e-05_bs32_modL1_fusion16_fusionL1_fusionBN0_drop0p1__wd1e-04trmiss40_trlocglobal,32,5e-05,0.0001,1,16,1,False,0.1,lr5e-05_bs32_modL1_fusion16_fusionL1_fusionBN0_drop0p1__wd1e-04trmiss40_trlocglobal,22,0.6130317548910776,0.6873033940792084,0.5770750988142291,0.6323754620097093,0.5777777777777777,0.0,0.0,0.0,0.0,0.0,0.0,0.0,0.0,0.0,,,,,18473,global,0.4
4,1,lr5e-05_bs32_modL1_fusion16_fusionL1_fusionBN0_drop0p1__wd1e-04trmiss40_trlocglobal,32,5e-05,0.0001,1,16,1,False,0.1,lr5e-05_bs32_modL1_fusion16_fusionL1_fusionBN0_drop0p1__wd1e-04trmiss40_trlocglobal,23,0.6192140082518259,0.6862840950489044,0.592885375494071,0.639178834867148,0.5777777777777777,0.0,0.0,0.0,0.0,0.0,0.0,0.0,0.0,0.0,,,,,18473,global,0.4
4,1,lr5e-05_bs32_modL1_fusion16_fusionL1_fusionBN0_drop0p1__wd1e-04trmiss40_trlocglobal,32,5e-05,0.0001,1,16,1,False,0.1,lr5e-05_bs32_modL1_fusion16_fusionL1_fusionBN0_drop0p1__wd1e-04trmiss40_trlocglobal,24,0.613509347041448,0.6848899722099304,0.5968379446640316,0.6436757278169547,0.5777777777777777,0.0,0.0,0.0,0.0,0.0,0.0,0.0,0.0,0.0,,,,,18473,global,0.4
4,1,lr5e-05_bs32_modL1_fusion16_fusionL1_fusionBN0_drop0p1__wd1e-04trmiss40_trlocglobal,32,5e-05,0.0001,1,16,1,False,0.1,lr5e-05_bs32_modL1_fusion16_fusionL1_fusionBN0_drop0p1__wd1e-04trmiss40_trlocglobal,25,0.6086417535940806,0.6850442290306091,0.5889328063241106,0.6322169319618061,0.6,0.0,0.0,0.0,0.0,0.0,0.0,0.0,0.0,0.0,,,,,18473,global,0.4
4,1,lr5e-05_bs32_modL1_fusion16_fusionL1_fusionBN0_drop0p1__wd1e-04trmiss40_trlocglobal,32,5e-05,0.0001,1,16,1,False,0.1,lr5e-05_bs32_modL1_fusion16_fusionL1_fusionBN0_drop0p1__wd1e-04trmiss40_trlocglobal,26,0.6117317080497742,0.6840128898620605,0.5889328063241106,0.639443178495012,0.6,0.0,0.0,0.0,0.0,0.0,0.0,0.0,0.0,0.0,,,,,18473,global,0.4
4,1,lr5e-05_bs32_modL1_fusion16_fusionL1_fusionBN0_drop0p1__wd1e-04trmiss40_trlocglobal,32,5e-05,0.0001,1,16,1,False,0.1,lr5e-05_bs32_modL1_fusion16_fusionL1_fusionBN0_drop0p1__wd1e-04trmiss40_trlocglobal,27,0.6054311196009318,0.6837114095687866,0.5909090909090908,0.6452942127977264,0.6,0.0,0.0,0.0,0.0,0.0,0.0,0.0,0.0,0.0,,,,,18473,global,0.4
4,1,lr5e-05_bs32_modL1_fusion16_fusionL1_fusionBN0_drop0p1__wd1e-04trmiss40_trlocglobal,32,5e-05,0.0001,1,16,1,False,0.1,lr5e-05_bs32_modL1_fusion16_fusionL1_fusionBN0_drop0p1__wd1e-04trmiss40_trlocglobal,28,0.6052582959334055,0.6841645836830139,0.5810276679841897,0.6234384560792694,0.6222222222222222,0.0,0.0,0.0,0.0,0.0,0.0,0.0,0.0,0.0,,,,,18473,global,0.4
4,1,lr5e-05_bs32_modL1_fusion16_fusionL1_fusionBN0_drop0p1__wd1e-04trmiss40_trlocglobal,32,5e-05,0.0001,1,16,1,False,0.1,lr5e-05_bs32_modL1_fusion16_fusionL1_fusionBN0_drop0p1__wd1e-04trmiss40_trlocglobal,29,0.6002627114454905,0.6869611740112305,0.5830039525691699,0.628235018212788,0.5777777777777777,0.0,0.0,0.0,0.0,0.0,0.0,0.0,0.0,0.0,,,,,18473,global,0.4
4,1,lr5e-05_bs32_modL1_fusion16_fusionL1_fusionBN0_drop0p1__wd1e-04trmiss40_trlocglobal,32,5e-05,0.0001,1,16,1,False,0.1,lr5e-05_bs32_modL1_fusion16_fusionL1_fusionBN0_drop0p1__wd1e-04trmiss40_trlocglobal,30,0.5950038135051727,0.6860062181949615,0.5830039525691699,0.6303325780370572,0.6,0.0,0.0,0.0,0.0,0.0,0.0,0.0,0.0,0.0,,,,,18473,global,0.4
4,1,lr5e-05_bs32_modL1_fusion16_fusionL1_fusionBN0_drop0p1__wd1e-04trmiss40_trlocglobal,32,5e-05,0.0001,1,16,1,False,0.1,lr5e-05_bs32_modL1_fusion16_fusionL1_fusionBN0_drop0p1__wd1e-04trmiss40_trlocglobal,31,0.5962537924448649,0.6865293085575104,0.5790513833992095,0.626016067279736,0.6,0.0,0.0,0.0,0.0,0.0,0.0,0.0,0.0,0.0,,,,,18473,global,0.4
4,1,lr5e-05_bs32_modL1_fusion16_fusionL1_fusionBN0_drop0p1__wd1e-04trmiss40_trlocglobal,32,5e-05,0.0001,1,16,1,False,0.1,lr5e-05_bs32_modL1_fusion16_fusionL1_fusionBN0_drop0p1__wd1e-04trmiss40_trlocglobal,32,0.5888304909070333,0.6879137754440308,0.5770750988142292,0.6252752494908634,0.6,0.0,0.0,0.0,0.0,0.0,0.0,0.0,0.0,0.0,,,,,18473,global,0.4
4,1,lr5e-05_bs32_modL1_fusion16_fusionL1_fusionBN0_drop0p1__wd1e-04trmiss40_trlocglobal,32,5e-05,0.0001,1,16,1,False,0.1,lr5e-05_bs32_modL1_fusion16_fusionL1_fusionBN0_drop0p1__wd1e-04trmiss40_trlocglobal,33,0.5898063580195109,0.688132643699646,0.5830039525691699,0.6267390558272335,0.6,0.0,0.0,0.0,0.0,0.0,0.0,0.0,0.0,0.0,,,,,18473,global,0.4
4,1,lr5e-05_bs32_modL1_fusion16_fusionL1_fusionBN0_drop0p1__wd1e-04trmiss40_trlocglobal,32,5e-05,0.0001,1,16,1,False,0.1,lr5e-05_bs32_modL1_fusion16_fusionL1_fusionBN0_drop0p1__wd1e-04trmiss40_trlocglobal,34,0.5908722281455994,0.6877866089344025,0.5889328063241106,0.653849458720191,0.6,0.0,0.0,0.0,0.0,0.0,0.0,0.0,0.0,0.0,,,,,18473,global,0.4
4,1,lr5e-05_bs32_modL1_fusion16_fusionL1_fusionBN0_drop0p1__wd1e-04trmiss40_trlocglobal,32,5e-05,0.0001,1,16,1,False,0.1,lr5e-05_bs32_modL1_fusion16_fusionL1_fusionBN0_drop0p1__wd1e-04trmiss40_trlocglobal,35,0.5853214959303538,0.6862704455852509,0.5849802371541502,0.645457461759814,0.6222222222222222,0.0,0.0,0.0,0.0,0.0,0.0,0.0,0.0,0.0,,,,,18473,global,0.4
4,1,lr5e-05_bs32_modL1_fusion16_fusionL1_fusionBN0_drop0p1__wd1e-04trmiss40_trlocglobal,32,5e-05,0.0001,1,16,1,False,0.1,lr5e-05_bs32_modL1_fusion16_fusionL1_fusionBN0_drop0p1__wd1e-04trmiss40_trlocglobal,36,0.5855456093947092,0.6852026879787445,0.5869565217391305,0.6447323287692348,0.6222222222222222,0.0,0.0,0.0,0.0,0.0,0.0,0.0,0.0,0.0,,,,,18473,global,0.4
4,1,lr5e-05_bs32_modL1_fusion32_fusionL1_fusionBN0_drop0p2__wd1e-04trmiss40_trlocglobal,32,5e-05,0.0001,1,32,1,False,0.2,lr5e-05_bs32_modL1_fusion32_fusionL1_fusionBN0_drop0p2__wd1e-04trmiss40_trlocglobal,1,0.6911627650260925,0.6962739825248718,0.3932806324110672,0.5175471563942746,0.4444444444444444,0.0,0.0,0.0,0.0,0.0,0.0,0.0,0.0,0.0,,,,,18473,global,0.4
4,1,lr5e-05_bs32_modL1_fusion32_fusionL1_fusionBN0_drop0p2__wd1e-04trmiss40_trlocglobal,32,5e-05,0.0001,1,32,1,False,0.2,lr5e-05_bs32_modL1_fusion32_fusionL1_fusionBN0_drop0p2__wd1e-04trmiss40_trlocglobal,2,0.6800146798292795,0.6989040672779083,0.4130434782608695,0.5284640671973251,0.4444444444444444,0.0,0.0,0.0,0.0,0.0,0.0,0.0,0.0,0.0,,,,,18473,global,0.4
4,1,lr5e-05_bs32_modL1_fusion32_fusionL1_fusionBN0_drop0p2__wd1e-04trmiss40_trlocglobal,32,5e-05,0.0001,1,32,1,False,0.2,lr5e-05_bs32_modL1_fusion32_fusionL1_fusionBN0_drop0p2__wd1e-04trmiss40_trlocglobal,3,0.6760939558347067,0.700015127658844,0.41699604743083,0.5200413427459663,0.4222222222222222,0.0,0.0,0.0,0.0,0.0,0.0,0.0,0.0,0.0,,,,,18473,global,0.4
4,1,lr5e-05_bs32_modL1_fusion32_fusionL1_fusionBN0_drop0p2__wd1e-04trmiss40_trlocglobal,32,5e-05,0.0001,1,32,1,False,0.2,lr5e-05_bs32_modL1_fusion32_fusionL1_fusionBN0_drop0p2__wd1e-04trmiss40_trlocglobal,4,0.6670798659324646,0.6989697813987732,0.45059288537549413,0.524347299577039,0.4222222222222222,0.0,0.0,0.0,0.0,0.0,0.0,0.0,0.0,0.0,,,,,18473,global,0.4
4,1,lr5e-05_bs32_modL1_fusion32_fusionL1_fusionBN0_drop0p2__wd1e-04trmiss40_trlocglobal,32,5e-05,0.0001,1,32,1,False,0.2,lr5e-05_bs32_modL1_fusion32_fusionL1_fusionBN0_drop0p2__wd1e-04trmiss40_trlocglobal,5,0.6626950204372406,0.6979736983776093,0.4565217391304348,0.5407558896093259,0.4666666666666667,0.0,0.0,0.0,0.0,0.0,0.0,0.0,0.0,0.0,,,,,18473,global,0.4
4,1,lr5e-05_bs32_modL1_fusion32_fusionL1_fusionBN0_drop0p2__wd1e-04trmiss40_trlocglobal,32,5e-05,0.0001,1,32,1,False,0.2,lr5e-05_bs32_modL1_fusion32_fusionL1_fusionBN0_drop0p2__wd1e-04trmiss40_trlocglobal,6,0.6595074633757273,0.6967888176441193,0.4644268774703557,0.5321082973829133,0.4888888888888889,0.0,0.0,0.0,0.0,0.0,0.0,0.0,0.0,0.0,,,,,18473,global,0.4
4,1,lr5e-05_bs32_modL1_fusion32_fusionL1_fusionBN0_drop0p2__wd1e-04trmiss40_trlocglobal,32,5e-05,0.0001,1,32,1,False,0.2,lr5e-05_bs32_modL1_fusion32_fusionL1_fusionBN0_drop0p2__wd1e-04trmiss40_trlocglobal,7,0.6570899486541748,0.6948456764221191,0.46837944664031617,0.5361240582387874,0.4666666666666667,0.0,0.0,0.0,0.0,0.0,0.0,0.0,0.0,0.0,,,,,18473,global,0.4
4,1,lr5e-05_bs32_modL1_fusion32_fusionL1_fusionBN0_drop0p2__wd1e-04trmiss40_trlocglobal,32,5e-05,0.0001,1,32,1,False,0.2,lr5e-05_bs32_modL1_fusion32_fusionL1_fusionBN0_drop0p2__wd1e-04trmiss40_trlocglobal,8,0.6472913225491842,0.6925573647022247,0.4743083003952569,0.5520738457210591,0.5111111111111111,0.0,0.0,0.0,0.0,0.0,0.0,0.0,0.0,0.0,,,,,18473,global,0.4
4,1,lr5e-05_bs32_modL1_fusion32_fusionL1_fusionBN0_drop0p2__wd1e-04trmiss40_trlocglobal,32,5e-05,0.0001,1,32,1,False,0.2,lr5e-05_bs32_modL1_fusion32_fusionL1_fusionBN0_drop0p2__wd1e-04trmiss40_trlocglobal,9,0.6442771653334299,0.6911942660808563,0.4980237154150198,0.570539094734222,0.5111111111111111,0.0,0.0,0.0,0.0,0.0,0.0,0.0,0.0,0.0,,,,,18473,global,0.4
4,1,lr5e-05_bs32_modL1_fusion32_fusionL1_fusionBN0_drop0p2__wd1e-04trmiss40_trlocglobal,32,5e-05,0.0001,1,32,1,False,0.2,lr5e-05_bs32_modL1_fusion32_fusionL1_fusionBN0_drop0p2__wd1e-04trmiss40_trlocglobal,10,0.6464138428370158,0.6912278234958649,0.4940711462450593,0.5727835678698976,0.5333333333333333,0.0,0.0,0.0,0.0,0.0,0.0,0.0,0.0,0.0,,,,,18473,global,0.4
4,1,lr5e-05_bs32_modL1_fusion32_fusionL1_fusionBN0_drop0p2__wd1e-04trmiss40_trlocglobal,32,5e-05,0.0001,1,32,1,False,0.2,lr5e-05_bs32_modL1_fusion32_fusionL1_fusionBN0_drop0p2__wd1e-04trmiss40_trlocglobal,11,0.6364739139874777,0.6926303505897522,0.4940711462450593,0.5479408177210473,0.5111111111111111,0.0,0.0,0.0,0.0,0.0,0.0,0.0,0.0,0.0,,,,,18473,global,0.4
4,1,lr5e-05_bs32_modL1_fusion32_fusionL1_fusionBN0_drop0p2__wd1e-04trmiss40_trlocglobal,32,5e-05,0.0001,1,32,1,False,0.2,lr5e-05_bs32_modL1_fusion32_fusionL1_fusionBN0_drop0p2__wd1e-04trmiss40_trlocglobal,12,0.6317244668801626,0.6945229470729828,0.48221343873517786,0.5353822946832573,0.5111111111111111,0.0,0.0,0.0,0.0,0.0,0.0,0.0,0.0,0.0,,,,,18473,global,0.4
4,1,lr5e-05_bs32_modL1_fusion32_fusionL1_fusionBN0_drop0p2__wd1e-04trmiss40_trlocglobal,32,5e-05,0.0001,1,32,1,False,0.2,lr5e-05_bs32_modL1_fusion32_fusionL1_fusionBN0_drop0p2__wd1e-04trmiss40_trlocglobal,13,0.6325119733810425,0.6965771913528442,0.4743083003952569,0.5308279227994733,0.4666666666666667,0.0,0.0,0.0,0.0,0.0,0.0,0.0,0.0,0.0,,,,,18473,global,0.4
4,1,lr5e-05_bs32_modL1_fusion32_fusionL1_fusionBN0_drop0p2__wd1e-04trmiss40_trlocglobal,32,5e-05,0.0001,1,32,1,False,0.2,lr5e-05_bs32_modL1_fusion32_fusionL1_fusionBN0_drop0p2__wd1e-04trmiss40_trlocglobal,14,0.6270090639591217,0.6953672170639038,0.4822134387351779,0.5365386560517666,0.4666666666666667,0.0,0.0,0.0,0.0,0.0,0.0,0.0,0.0,0.0,,,,,18473,global,0.4
4,1,lr5e-05_bs32_modL1_fusion32_fusionL1_fusionBN0_drop0p2__wd1e-04trmiss40_trlocglobal,32,5e-05,0.0001,1,32,1,False,0.2,lr5e-05_bs32_modL1_fusion32_fusionL1_fusionBN0_drop0p2__wd1e-04trmiss40_trlocglobal,15,0.6229568223158518,0.6937496066093445,0.49209486166007904,0.5417173064016442,0.5333333333333333,0.0,0.0,0.0,0.0,0.0,0.0,0.0,0.0,0.0,,,,,18473,global,0.4
4,1,lr5e-05_bs32_modL1_fusion32_fusionL1_fusionBN0_drop0p2__wd1e-04trmiss40_trlocglobal,32,5e-05,0.0001,1,32,1,False,0.2,lr5e-05_bs32_modL1_fusion32_fusionL1_fusionBN0_drop0p2__wd1e-04trmiss40_trlocglobal,16,0.6162360608577728,0.6917582154273987,0.507905138339921,0.5561873878849581,0.5333333333333333,0.0,0.0,0.0,0.0,0.0,0.0,0.0,0.0,0.0,,,,,18473,global,0.4
4,1,lr5e-05_bs32_modL1_fusion32_fusionL1_fusionBN0_drop0p2__wd1e-04trmiss40_trlocglobal,32,5e-05,0.0001,1,32,1,False,0.2,lr5e-05_bs32_modL1_fusion32_fusionL1_fusionBN0_drop0p2__wd1e-04trmiss40_trlocglobal,17,0.6163721084594727,0.6918758451938629,0.5098814229249012,0.5585104784402942,0.4888888888888889,0.0,0.0,0.0,0.0,0.0,0.0,0.0,0.0,0.0,,,,,18473,global,0.4
4,1,lr5e-05_bs32_modL1_fusion32_fusionL1_fusionBN0_drop0p2__wd1e-04trmiss40_trlocglobal,32,5e-05,0.0001,1,32,1,False,0.2,lr5e-05_bs32_modL1_fusion32_fusionL1_fusionBN0_drop0p2__wd1e-04trmiss40_trlocglobal,18,0.6056879858175913,0.6902233064174652,0.5177865612648221,0.576300733655098,0.4888888888888889,0.0,0.0,0.0,0.0,0.0,0.0,0.0,0.0,0.0,,,,,18473,global,0.4
4,1,lr5e-05_bs32_modL1_fusion32_fusionL1_fusionBN0_drop0p2__wd1e-04trmiss40_trlocglobal,32,5e-05,0.0001,1,32,1,False,0.2,lr5e-05_bs32_modL1_fusion32_fusionL1_fusionBN0_drop0p2__wd1e-04trmiss40_trlocglobal,19,0.6070150136947632,0.6912969350814819,0.5118577075098814,0.5674833728578348,0.4888888888888889,0.0,0.0,0.0,0.0,0.0,0.0,0.0,0.0,0.0,,,,,18473,global,0.4
4,1,lr5e-05_bs32_modL1_fusion32_fusionL1_fusionBN0_drop0p2__wd1e-04trmiss40_trlocglobal,32,5e-05,0.0001,1,32,1,False,0.2,lr5e-05_bs32_modL1_fusion32_fusionL1_fusionBN0_drop0p2__wd1e-04trmiss40_trlocglobal,20,0.6029061675071716,0.6913967728614807,0.5039525691699605,0.5566542933231537,0.4888888888888889,0.0,0.0,0.0,0.0,0.0,0.0,0.0,0.0,0.0,,,,,18473,global,0.4
4,1,lr5e-05_bs32_modL1_fusion32_fusionL1_fusionBN0_drop0p2__wd1e-04trmiss40_trlocglobal,32,5e-05,0.0001,1,32,1,False,0.2,lr5e-05_bs32_modL1_fusion32_fusionL1_fusionBN0_drop0p2__wd1e-04trmiss40_trlocglobal,21,0.6058577100435892,0.6924296617507935,0.4960474308300395,0.5396179820784995,0.5333333333333333,0.0,0.0,0.0,0.0,0.0,0.0,0.0,0.0,0.0,,,,,18473,global,0.4
4,1,lr5e-05_bs32_modL1_fusion32_fusionL1_fusionBN0_drop0p2__wd1e-04trmiss40_trlocglobal,32,5e-05,0.0001,1,32,1,False,0.2,lr5e-05_bs32_modL1_fusion32_fusionL1_fusionBN0_drop0p2__wd1e-04trmiss40_trlocglobal,22,0.5976064006487528,0.6925470232963562,0.5059288537549407,0.5453364139411819,0.5111111111111111,0.0,0.0,0.0,0.0,0.0,0.0,0.0,0.0,0.0,,,,,18473,global,0.4
4,1,lr5e-05_bs32_modL1_fusion32_fusionL1_fusionBN0_drop0p2__wd1e-04trmiss40_trlocglobal,32,5e-05,0.0001,1,32,1,False,0.2,lr5e-05_bs32_modL1_fusion32_fusionL1_fusionBN0_drop0p2__wd1e-04trmiss40_trlocglobal,23,0.5884413719177246,0.6898839771747589,0.5197628458498024,0.5590628669412366,0.4888888888888889,0.0,0.0,0.0,0.0,0.0,0.0,0.0,0.0,0.0,,,,,18473,global,0.4
4,1,lr5e-05_bs32_modL1_fusion32_fusionL1_fusionBN0_drop0p2__wd1e-04trmiss40_trlocglobal,32,5e-05,0.0001,1,32,1,False,0.2,lr5e-05_bs32_modL1_fusion32_fusionL1_fusionBN0_drop0p2__wd1e-04trmiss40_trlocglobal,24,0.5842061837514242,0.6889167428016663,0.5217391304347825,0.5687765844489688,0.5111111111111111,0.0,0.0,0.0,0.0,0.0,0.0,0.0,0.0,0.0,,,,,18473,global,0.4
4,1,lr5e-05_bs32_modL1_fusion32_fusionL1_fusionBN0_drop0p2__wd1e-04trmiss40_trlocglobal,32,5e-05,0.0001,1,32,1,False,0.2,lr5e-05_bs32_modL1_fusion32_fusionL1_fusionBN0_drop0p2__wd1e-04trmiss40_trlocglobal,25,0.5910142858823141,0.688473641872406,0.5276679841897233,0.5707758586146857,0.5111111111111111,0.0,0.0,0.0,0.0,0.0,0.0,0.0,0.0,0.0,,,,,18473,global,0.4
4,1,lr5e-05_bs32_modL1_fusion32_fusionL1_fusionBN0_drop0p2__wd1e-04trmiss40_trlocglobal,32,5e-05,0.0001,1,32,1,False,0.2,lr5e-05_bs32_modL1_fusion32_fusionL1_fusionBN0_drop0p2__wd1e-04trmiss40_trlocglobal,26,0.5820851624011993,0.6897856891155243,0.5217391304347826,0.5600849363240997,0.5111111111111111,0.0,0.0,0.0,0.0,0.0,0.0,0.0,0.0,0.0,,,,,18473,global,0.4
4,1,lr5e-05_bs32_modL1_fusion32_fusionL1_fusionBN0_drop0p2__wd1e-04trmiss40_trlocglobal,32,5e-05,0.0001,1,32,1,False,0.2,lr5e-05_bs32_modL1_fusion32_fusionL1_fusionBN0_drop0p2__wd1e-04trmiss40_trlocglobal,27,0.582551638285319,0.6910193860530853,0.5118577075098814,0.550594882334322,0.5111111111111111,0.0,0.0,0.0,0.0,0.0,0.0,0.0,0.0,0.0,,,,,18473,global,0.4
4,1,lr5e-05_bs32_modL1_fusion32_fusionL1_fusionBN0_drop0p2__wd1e-04trmiss40_trlocglobal,32,5e-05,0.0001,1,32,1,False,0.2,lr5e-05_bs32_modL1_fusion32_fusionL1_fusionBN0_drop0p2__wd1e-04trmiss40_trlocglobal,28,0.5860794285933176,0.6901314556598663,0.5138339920948616,0.5530301129848019,0.5333333333333333,0.0,0.0,0.0,0.0,0.0,0.0,0.0,0.0,0.0,,,,,18473,global,0.4
4,1,lr5e-05_bs32_modL1_fusion32_fusionL1_fusionBN0_drop0p2__wd1e-04trmiss40_trlocglobal,32,5e-05,0.0001,1,32,1,False,0.2,lr5e-05_bs32_modL1_fusion32_fusionL1_fusionBN0_drop0p2__wd1e-04trmiss40_trlocglobal,29,0.5652107199033102,0.6911578476428986,0.5118577075098814,0.5523799796862868,0.5333333333333333,0.0,0.0,0.0,0.0,0.0,0.0,0.0,0.0,0.0,,,,,18473,global,0.4
4,1,lr5e-05_bs32_modL1_fusion32_fusionL1_fusionBN0_drop0p2__wd1e-04trmiss40_trlocglobal,32,5e-05,0.0001,1,32,1,False,0.2,lr5e-05_bs32_modL1_fusion32_fusionL1_fusionBN0_drop0p2__wd1e-04trmiss40_trlocglobal,30,0.5676804582277933,0.690341979265213,0.5138339920948617,0.5554542822083197,0.5111111111111111,0.0,0.0,0.0,0.0,0.0,0.0,0.0,0.0,0.0,,,,,18473,global,0.4
4,1,lr5e-05_bs32_modL1_fusion32_fusionL1_fusionBN0_drop0p2__wd1e-04trmiss40_trlocglobal,32,5e-05,0.0001,1,32,1,False,0.2,lr5e-05_bs32_modL1_fusion32_fusionL1_fusionBN0_drop0p2__wd1e-04trmiss40_trlocglobal,31,0.5767500599225363,0.6867647171020508,0.533596837944664,0.5740121598607709,0.4888888888888889,0.0,0.0,0.0,0.0,0.0,0.0,0.0,0.0,0.0,,,,,18473,global,0.4
4,1,lr5e-05_bs32_modL1_fusion32_fusionL1_fusionBN0_drop0p2__wd1e-04trmiss40_trlocglobal,32,5e-05,0.0001,1,32,1,False,0.2,lr5e-05_bs32_modL1_fusion32_fusionL1_fusionBN0_drop0p2__wd1e-04trmiss40_trlocglobal,32,0.5655170381069183,0.6866554319858551,0.5217391304347826,0.5639696918966447,0.4888888888888889,0.0,0.0,0.0,0.0,0.0,0.0,0.0,0.0,0.0,,,,,18473,global,0.4
4,1,lr5e-05_bs32_modL1_fusion32_fusionL1_fusionBN0_drop0p2__wd1e-04trmiss40_trlocglobal,32,5e-05,0.0001,1,32,1,False,0.2,lr5e-05_bs32_modL1_fusion32_fusionL1_fusionBN0_drop0p2__wd1e-04trmiss40_trlocglobal,33,0.5602035125096639,0.68719282746315,0.5237154150197628,0.5656020167740227,0.5111111111111111,0.0,0.0,0.0,0.0,0.0,0.0,0.0,0.0,0.0,,,,,18473,global,0.4
4,1,lr5e-05_bs32_modL1_fusion32_fusionL1_fusionBN0_drop0p2__wd1e-04trmiss40_trlocglobal,32,5e-05,0.0001,1,32,1,False,0.2,lr5e-05_bs32_modL1_fusion32_fusionL1_fusionBN0_drop0p2__wd1e-04trmiss40_trlocglobal,34,0.5635596712430319,0.6904996037483215,0.5217391304347826,0.5584233856892687,0.5333333333333333,0.0,0.0,0.0,0.0,0.0,0.0,0.0,0.0,0.0,,,,,18473,global,0.4
4,1,lr5e-05_bs32_modL1_fusion32_fusionL1_fusionBN0_drop0p2__wd1e-04trmiss40_trlocglobal,32,5e-05,0.0001,1,32,1,False,0.2,lr5e-05_bs32_modL1_fusion32_fusionL1_fusionBN0_drop0p2__wd1e-04trmiss40_trlocglobal,35,0.5702932973702749,0.6910523474216461,0.5217391304347826,0.5534628104213472,0.5111111111111111,0.0,0.0,0.0,0.0,0.0,0.0,0.0,0.0,0.0,,,,,18473,global,0.4
4,1,lr5e-05_bs32_modL1_fusion32_fusionL1_fusionBN0_drop0p2__wd1e-04trmiss40_trlocglobal,32,5e-05,0.0001,1,32,1,False,0.2,lr5e-05_bs32_modL1_fusion32_fusionL1_fusionBN0_drop0p2__wd1e-04trmiss40_trlocglobal,36,0.5615885357062022,0.6917753219604492,0.5138339920948617,0.5492933706569416,0.5333333333333333,0.0,0.0,0.0,0.0,0.0,0.0,0.0,0.0,0.0,,,,,18473,global,0.4
4,1,lr5e-05_bs32_modL1_fusion32_fusionL1_fusionBN0_drop0p2__wd1e-04trmiss40_trlocglobal,32,5e-05,0.0001,1,32,1,False,0.2,lr5e-05_bs32_modL1_fusion32_fusionL1_fusionBN0_drop0p2__wd1e-04trmiss40_trlocglobal,37,0.5533613661924998,0.6904954612255096,0.5217391304347826,0.554927070798651,0.5333333333333333,0.0,0.0,0.0,0.0,0.0,0.0,0.0,0.0,0.0,,,,,18473,global,0.4
4,1,lr5e-05_bs32_modL1_fusion32_fusionL1_fusionBN0_drop0p2__wd1e-04trmiss40_trlocglobal,32,5e-05,0.0001,1,32,1,False,0.2,lr5e-05_bs32_modL1_fusion32_fusionL1_fusionBN0_drop0p2__wd1e-04trmiss40_trlocglobal,38,0.547676702340444,0.6897273063659668,0.5237154150197628,0.5560933923997552,0.5111111111111111,0.0,0.0,0.0,0.0,0.0,0.0,0.0,0.0,0.0,,,,,18473,global,0.4
4,1,lr5e-05_bs32_modL1_fusion32_fusionL1_fusionBN0_drop0p2__wd1e-04trmiss40_trlocglobal,32,5e-05,0.0001,1,32,1,False,0.2,lr5e-05_bs32_modL1_fusion32_fusionL1_fusionBN0_drop0p2__wd1e-04trmiss40_trlocglobal,39,0.5513601899147034,0.689195454120636,0.5237154150197628,0.5549256820514075,0.5111111111111111,0.0,0.0,0.0,0.0,0.0,0.0,0.0,0.0,0.0,,,,,18473,global,0.4
4,1,lr5e-05_bs32_modL1_fusion32_fusionL1_fusionBN0_drop0p2__wd1e-04trmiss40_trlocglobal,32,5e-05,0.0001,1,32,1,False,0.2,lr5e-05_bs32_modL1_fusion32_fusionL1_fusionBN0_drop0p2__wd1e-04trmiss40_trlocglobal,40,0.5453554491202036,0.6889900863170624,0.5217391304347826,0.5545332909648429,0.5111111111111111,0.0,0.0,0.0,0.0,0.0,0.0,0.0,0.0,0.0,,,,,18473,global,0.4
4,1,lr5e-05_bs32_modL1_fusion32_fusionL1_fusionBN0_drop0p2__wd1e-04trmiss40_trlocglobal,32,5e-05,0.0001,1,32,1,False,0.2,lr5e-05_bs32_modL1_fusion32_fusionL1_fusionBN0_drop0p2__wd1e-04trmiss40_trlocglobal,41,0.5520361761252085,0.6902969181537628,0.5197628458498024,0.5543419522840949,0.5111111111111111,0.0,0.0,0.0,0.0,0.0,0.0,0.0,0.0,0.0,,,,,18473,global,0.4
4,1,lr5e-05_bs32_modL1_fusion32_fusionL1_fusionBN0_drop0p2__wd1e-04trmiss40_trlocglobal,32,5e-05,0.0001,1,32,1,False,0.2,lr5e-05_bs32_modL1_fusion32_fusionL1_fusionBN0_drop0p2__wd1e-04trmiss40_trlocglobal,42,0.5589777529239655,0.6910739541053772,0.5237154150197628,0.5600541145179962,0.5111111111111111,0.0,0.0,0.0,0.0,0.0,0.0,0.0,0.0,0.0,,,,,18473,global,0.4
4,1,lr5e-05_bs32_modL1_fusion32_fusionL1_fusionBN0_drop0p2__wd1e-04trmiss40_trlocglobal,32,5e-05,0.0001,1,32,1,False,0.2,lr5e-05_bs32_modL1_fusion32_fusionL1_fusionBN0_drop0p2__wd1e-04trmiss40_trlocglobal,43,0.5406902233759562,0.690369039773941,0.5217391304347827,0.5563778391025903,0.5333333333333333,0.0,0.0,0.0,0.0,0.0,0.0,0.0,0.0,0.0,,,,,18473,global,0.4
4,1,lr5e-05_bs32_modL1_fusion32_fusionL1_fusionBN0_drop0p2__wd1e-04trmiss40_trlocglobal,32,5e-05,0.0001,1,32,1,False,0.2,lr5e-05_bs32_modL1_fusion32_fusionL1_fusionBN0_drop0p2__wd1e-04trmiss40_trlocglobal,44,0.545180469751358,0.6904983520507812,0.525691699604743,0.5560915965933464,0.5111111111111111,0.0,0.0,0.0,0.0,0.0,0.0,0.0,0.0,0.0,,,,,18473,global,0.4
4,1,lr5e-05_bs32_modL1_fusion32_fusionL1_fusionBN0_drop0p2__wd1e-04trmiss40_trlocglobal,32,5e-05,0.0001,1,32,1,False,0.2,lr5e-05_bs32_modL1_fusion32_fusionL1_fusionBN0_drop0p2__wd1e-04trmiss40_trlocglobal,45,0.5500484605630239,0.6907313764095306,0.5177865612648221,0.5467608618769174,0.5111111111111111,0.0,0.0,0.0,0.0,0.0,0.0,0.0,0.0,0.0,,,,,18473,global,0.4
4,1,lr5e-05_bs32_modL1_fusion32_fusionL1_fusionBN0_drop0p2__wd1e-04trmiss40_trlocglobal,32,5e-05,0.0001,1,32,1,False,0.2,lr5e-05_bs32_modL1_fusion32_fusionL1_fusionBN0_drop0p2__wd1e-04trmiss40_trlocglobal,46,0.5387795269489288,0.689890056848526,0.5197628458498024,0.5475088749671465,0.5111111111111111,0.0,0.0,0.0,0.0,0.0,0.0,0.0,0.0,0.0,,,,,18473,global,0.4
4,1,lr5e-05_bs32_modL1_fusion32_fusionL1_fusionBN0_drop0p2__wd1e-04trmiss40_trlocglobal,32,5e-05,0.0001,1,32,1,False,0.2,lr5e-05_bs32_modL1_fusion32_fusionL1_fusionBN0_drop0p2__wd1e-04trmiss40_trlocglobal,47,0.5293009032805761,0.6894059777259827,0.5276679841897233,0.5593101172031715,0.5111111111111111,0.0,0.0,0.0,0.0,0.0,0.0,0.0,0.0,0.0,,,,,18473,global,0.4
4,1,lr5e-05_bs32_modL1_fusion32_fusionL1_fusionBN0_drop0p2__wd1e-04trmiss40_trlocglobal,32,5e-05,0.0001,1,32,1,False,0.2,lr5e-05_bs32_modL1_fusion32_fusionL1_fusionBN0_drop0p2__wd1e-04trmiss40_trlocglobal,48,0.5374027689297994,0.6882697343826294,0.5197628458498024,0.550317832804528,0.5333333333333333,0.0,0.0,0.0,0.0,0.0,0.0,0.0,0.0,0.0,,,,,18473,global,0.4
4,1,lr5e-05_bs32_modL1_fusion32_fusionL1_fusionBN0_drop0p2__wd1e-04trmiss40_trlocglobal,32,5e-05,0.0001,1,32,1,False,0.2,lr5e-05_bs32_modL1_fusion32_fusionL1_fusionBN0_drop0p2__wd1e-04trmiss40_trlocglobal,49,0.5419165591398875,0.6873283982276917,0.5217391304347826,0.5519350739038662,0.5111111111111111,0.0,0.0,0.0,0.0,0.0,0.0,0.0,0.0,0.0,,,,,18473,global,0.4
4,1,lr5e-05_bs32_modL1_fusion32_fusionL1_fusionBN0_drop0p2__wd1e-04trmiss40_trlocglobal,32,5e-05,0.0001,1,32,1,False,0.2,lr5e-05_bs32_modL1_fusion32_fusionL1_fusionBN0_drop0p2__wd1e-04trmiss40_trlocglobal,50,0.5380132695039114,0.6870759427547455,0.5296442687747036,0.5655711130271618,0.5555555555555556,0.0,0.0,0.0,0.0,0.0,0.0,0.0,0.0,0.0,,,,,18473,global,0.4
4,1,lr5e-05_bs32_modL1_fusion32_fusionL1_fusionBN0_drop0p2__wd1e-04trmiss40_trlocglobal,32,5e-05,0.0001,1,32,1,False,0.2,lr5e-05_bs32_modL1_fusion32_fusionL1_fusionBN0_drop0p2__wd1e-04trmiss40_trlocglobal,51,0.5310995876789093,0.6861455738544464,0.5316205533596837,0.569341078124358,0.5333333333333333,0.0,0.0,0.0,0.0,0.0,0.0,0.0,0.0,0.0,,,,,18473,global,0.4
4,1,lr5e-05_bs32_modL1_fusion32_fusionL1_fusionBN0_drop0p1__wd1e-04trmiss40_trlocglobal,32,5e-05,0.0001,1,32,1,False,0.1,lr5e-05_bs32_modL1_fusion32_fusionL1_fusionBN0_drop0p1__wd1e-04trmiss40_trlocglobal,1,0.716841439406077,0.7089789509773254,0.38735177865612647,0.5198562127611726,0.4666666666666667,0.0,0.0,0.0,0.0,0.0,0.0,0.0,0.0,0.0,,,,,18473,global,0.4
4,1,lr5e-05_bs32_modL1_fusion32_fusionL1_fusionBN0_drop0p1__wd1e-04trmiss40_trlocglobal,32,5e-05,0.0001,1,32,1,False,0.1,lr5e-05_bs32_modL1_fusion32_fusionL1_fusionBN0_drop0p1__wd1e-04trmiss40_trlocglobal,2,0.6930871109167734,0.7135913074016571,0.4051383399209486,0.5185511265667502,0.4666666666666667,0.0,0.0,0.0,0.0,0.0,0.0,0.0,0.0,0.0,,,,,18473,global,0.4
4,1,lr5e-05_bs32_modL1_fusion32_fusionL1_fusionBN0_drop0p1__wd1e-04trmiss40_trlocglobal,32,5e-05,0.0001,1,32,1,False,0.1,lr5e-05_bs32_modL1_fusion32_fusionL1_fusionBN0_drop0p1__wd1e-04trmiss40_trlocglobal,3,0.6817840238412222,0.7191508710384369,0.4071146245059289,0.4918822836292248,0.5111111111111111,0.0,0.0,0.0,0.0,0.0,0.0,0.0,0.0,0.0,,,,,18473,global,0.4
4,1,lr5e-05_bs32_modL1_fusion32_fusionL1_fusionBN0_drop0p1__wd1e-04trmiss40_trlocglobal,32,5e-05,0.0001,1,32,1,False,0.1,lr5e-05_bs32_modL1_fusion32_fusionL1_fusionBN0_drop0p1__wd1e-04trmiss40_trlocglobal,4,0.6733579635620117,0.7224074602127075,0.4130434782608695,0.48633644058338177,0.5111111111111111,0.0,0.0,0.0,0.0,0.0,0.0,0.0,0.0,0.0,,,,,18473,global,0.4
4,1,lr5e-05_bs32_modL1_fusion32_fusionL1_fusionBN0_drop0p1__wd1e-04trmiss40_trlocglobal,32,5e-05,0.0001,1,32,1,False,0.1,lr5e-05_bs32_modL1_fusion32_fusionL1_fusionBN0_drop0p1__wd1e-04trmiss40_trlocglobal,5,0.6659332911173502,0.722261905670166,0.44071146245059284,0.5063412972309045,0.4888888888888889,0.0,0.0,0.0,0.0,0.0,0.0,0.0,0.0,0.0,,,,,18473,global,0.4
4,1,lr5e-05_bs32_modL1_fusion32_fusionL1_fusionBN0_drop0p1__wd1e-04trmiss40_trlocglobal,32,5e-05,0.0001,1,32,1,False,0.1,lr5e-05_bs32_modL1_fusion32_fusionL1_fusionBN0_drop0p1__wd1e-04trmiss40_trlocglobal,6,0.6560809115568796,0.721033364534378,0.45454545454545453,0.5176090121486541,0.4888888888888889,0.0,0.0,0.0,0.0,0.0,0.0,0.0,0.0,0.0,,,,,18473,global,0.4
4,1,lr5e-05_bs32_modL1_fusion32_fusionL1_fusionBN0_drop0p1__wd1e-04trmiss40_trlocglobal,32,5e-05,0.0001,1,32,1,False,0.1,lr5e-05_bs32_modL1_fusion32_fusionL1_fusionBN0_drop0p1__wd1e-04trmiss40_trlocglobal,7,0.6456988155841827,0.7209318280220032,0.45454545454545453,0.5158726653577912,0.5111111111111111,0.0,0.0,0.0,0.0,0.0,0.0,0.0,0.0,0.0,,,,,18473,global,0.4
4,1,lr5e-05_bs32_modL1_fusion32_fusionL1_fusionBN0_drop0p1__wd1e-04trmiss40_trlocglobal,32,5e-05,0.0001,1,32,1,False,0.1,lr5e-05_bs32_modL1_fusion32_fusionL1_fusionBN0_drop0p1__wd1e-04trmiss40_trlocglobal,8,0.6454993784427643,0.7209696471691132,0.45454545454545453,0.5150522532875473,0.5333333333333333,0.0,0.0,0.0,0.0,0.0,0.0,0.0,0.0,0.0,,,,,18473,global,0.4
4,1,lr5e-05_bs32_modL1_fusion32_fusionL1_fusionBN0_drop0p1__wd1e-04trmiss40_trlocglobal,32,5e-05,0.0001,1,32,1,False,0.1,lr5e-05_bs32_modL1_fusion32_fusionL1_fusionBN0_drop0p1__wd1e-04trmiss40_trlocglobal,9,0.6308786769707998,0.7182234227657318,0.4644268774703557,0.5147827012144853,0.5111111111111111,0.0,0.0,0.0,0.0,0.0,0.0,0.0,0.0,0.0,,,,,18473,global,0.4
4,1,lr5e-05_bs32_modL1_fusion32_fusionL1_fusionBN0_drop0p1__wd1e-04trmiss40_trlocglobal,32,5e-05,0.0001,1,32,1,False,0.1,lr5e-05_bs32_modL1_fusion32_fusionL1_fusionBN0_drop0p1__wd1e-04trmiss40_trlocglobal,10,0.6326497594515482,0.7134727239608765,0.4802371541501977,0.5285653623234348,0.5111111111111111,0.0,0.0,0.0,0.0,0.0,0.0,0.0,0.0,0.0,,,,,18473,global,0.4
4,1,lr5e-05_bs32_modL1_fusion32_fusionL1_fusionBN0_drop0p1__wd1e-04trmiss40_trlocglobal,32,5e-05,0.0001,1,32,1,False,0.1,lr5e-05_bs32_modL1_fusion32_fusionL1_fusionBN0_drop0p1__wd1e-04trmiss40_trlocglobal,11,0.6229471067587534,0.711755096912384,0.49209486166007904,0.5298382616689777,0.5333333333333333,0.0,0.0,0.0,0.0,0.0,0.0,0.0,0.0,0.0,,,,,18473,global,0.4
4,1,lr5e-05_bs32_modL1_fusion32_fusionL1_fusionBN0_drop0p1__wd1e-04trmiss40_trlocglobal,32,5e-05,0.0001,1,32,1,False,0.1,lr5e-05_bs32_modL1_fusion32_fusionL1_fusionBN0_drop0p1__wd1e-04trmiss40_trlocglobal,12,0.611434648434321,0.7130607962608337,0.49209486166007904,0.5311610782288081,0.5555555555555556,0.0,0.0,0.0,0.0,0.0,0.0,0.0,0.0,0.0,,,,,18473,global,0.4
4,1,lr5e-05_bs32_modL1_fusion32_fusionL1_fusionBN0_drop0p1__wd1e-04trmiss40_trlocglobal,32,5e-05,0.0001,1,32,1,False,0.1,lr5e-05_bs32_modL1_fusion32_fusionL1_fusionBN0_drop0p1__wd1e-04trmiss40_trlocglobal,13,0.6146310269832611,0.7157657742500305,0.48814229249011853,0.5265802370359158,0.5333333333333333,0.0,0.0,0.0,0.0,0.0,0.0,0.0,0.0,0.0,,,,,18473,global,0.4
4,1,lr5e-05_bs32_modL1_fusion32_fusionL1_fusionBN0_drop0p1__wd1e-04trmiss40_trlocglobal,32,5e-05,0.0001,1,32,1,False,0.1,lr5e-05_bs32_modL1_fusion32_fusionL1_fusionBN0_drop0p1__wd1e-04trmiss40_trlocglobal,14,0.6113177438577017,0.7122932374477386,0.4960474308300395,0.5323420804865464,0.5555555555555556,0.0,0.0,0.0,0.0,0.0,0.0,0.0,0.0,0.0,,,,,18473,global,0.4
4,1,lr5e-05_bs32_modL1_fusion32_fusionL1_fusionBN0_drop0p1__wd1e-04trmiss40_trlocglobal,32,5e-05,0.0001,1,32,1,False,0.1,lr5e-05_bs32_modL1_fusion32_fusionL1_fusionBN0_drop0p1__wd1e-04trmiss40_trlocglobal,15,0.6057597796122233,0.7131543755531311,0.49407114624505927,0.5295672184912946,0.5333333333333333,0.0,0.0,0.0,0.0,0.0,0.0,0.0,0.0,0.0,,,,,18473,global,0.4
4,1,lr5e-05_bs32_modL1_fusion32_fusionL1_fusionBN0_drop0p1__wd1e-04trmiss40_trlocglobal,32,5e-05,0.0001,1,32,1,False,0.1,lr5e-05_bs32_modL1_fusion32_fusionL1_fusionBN0_drop0p1__wd1e-04trmiss40_trlocglobal,16,0.6028001507123312,0.713192880153656,0.49209486166007893,0.5315218737068195,0.5333333333333333,0.0,0.0,0.0,0.0,0.0,0.0,0.0,0.0,0.0,,,,,18473,global,0.4
4,1,lr5e-05_bs32_modL1_fusion32_fusionL1_fusionBN0_drop0p1__wd1e-04trmiss40_trlocglobal,32,5e-05,0.0001,1,32,1,False,0.1,lr5e-05_bs32_modL1_fusion32_fusionL1_fusionBN0_drop0p1__wd1e-04trmiss40_trlocglobal,17,0.5930320024490356,0.7166997492313385,0.48616600790513836,0.5214308636929768,0.5111111111111111,0.0,0.0,0.0,0.0,0.0,0.0,0.0,0.0,0.0,,,,,18473,global,0.4
4,1,lr5e-05_bs32_modL1_fusion32_fusionL1_fusionBN0_drop0p1__wd1e-04trmiss40_trlocglobal,32,5e-05,0.0001,1,32,1,False,0.1,lr5e-05_bs32_modL1_fusion32_fusionL1_fusionBN0_drop0p1__wd1e-04trmiss40_trlocglobal,18,0.5952214002609253,0.7168369889259338,0.49407114624505927,0.5250877837237431,0.5333333333333333,0.0,0.0,0.0,0.0,0.0,0.0,0.0,0.0,0.0,,,,,18473,global,0.4
4,1,lr5e-05_bs32_modL1_fusion32_fusionL1_fusionBN0_drop0p1__wd1e-04trmiss40_trlocglobal,32,5e-05,0.0001,1,32,1,False,0.1,lr5e-05_bs32_modL1_fusion32_fusionL1_fusionBN0_drop0p1__wd1e-04trmiss40_trlocglobal,19,0.5833709140618643,0.7128347456455231,0.5019762845849802,0.542268383790123,0.5333333333333333,0.0,0.0,0.0,0.0,0.0,0.0,0.0,0.0,0.0,,,,,18473,global,0.4
4,1,lr5e-05_bs32_modL1_fusion32_fusionL1_fusionBN0_drop0p1__wd1e-04trmiss40_trlocglobal,32,5e-05,0.0001,1,32,1,False,0.1,lr5e-05_bs32_modL1_fusion32_fusionL1_fusionBN0_drop0p1__wd1e-04trmiss40_trlocglobal,20,0.5761422415574392,0.7107771635055542,0.5059288537549407,0.5457059543342913,0.5333333333333333,0.0,0.0,0.0,0.0,0.0,0.0,0.0,0.0,0.0,,,,,18473,global,0.4
4,1,lr5e-05_bs32_modL1_fusion32_fusionL1_fusionBN0_drop0p1__wd1e-04trmiss40_trlocglobal,32,5e-05,0.0001,1,32,1,False,0.1,lr5e-05_bs32_modL1_fusion32_fusionL1_fusionBN0_drop0p1__wd1e-04trmiss40_trlocglobal,21,0.5759515662988027,0.7108170390129089,0.5019762845849802,0.546870037203583,0.5333333333333333,0.0,0.0,0.0,0.0,0.0,0.0,0.0,0.0,0.0,,,,,18473,global,0.4
4,1,lr5e-05_bs32_modL1_fusion32_fusionL1_fusionBN0_drop0p1__wd1e-04trmiss40_trlocglobal,32,5e-05,0.0001,1,32,1,False,0.1,lr5e-05_bs32_modL1_fusion32_fusionL1_fusionBN0_drop0p1__wd1e-04trmiss40_trlocglobal,22,0.5732195178667704,0.7128641605377197,0.49604743083003955,0.5377543072283587,0.5111111111111111,0.0,0.0,0.0,0.0,0.0,0.0,0.0,0.0,0.0,,,,,18473,global,0.4
4,1,lr5e-05_bs32_modL1_fusion32_fusionL1_fusionBN0_drop0p1__wd1e-04trmiss40_trlocglobal,32,5e-05,0.0001,1,32,1,False,0.1,lr5e-05_bs32_modL1_fusion32_fusionL1_fusionBN0_drop0p1__wd1e-04trmiss40_trlocglobal,23,0.5683517158031464,0.7122302055358887,0.5,0.5405942420820596,0.5333333333333333,0.0,0.0,0.0,0.0,0.0,0.0,0.0,0.0,0.0,,,,,18473,global,0.4
4,1,lr5e-05_bs32_modL1_fusion32_fusionL1_fusionBN0_drop0p1__wd1e-04trmiss40_trlocglobal,32,5e-05,0.0001,1,32,1,False,0.1,lr5e-05_bs32_modL1_fusion32_fusionL1_fusionBN0_drop0p1__wd1e-04trmiss40_trlocglobal,24,0.5706017017364502,0.7099769413471222,0.5118577075098815,0.5499436180513515,0.5333333333333333,0.0,0.0,0.0,0.0,0.0,0.0,0.0,0.0,0.0,,,,,18473,global,0.4
4,1,lr5e-05_bs32_modL1_fusion32_fusionL1_fusionBN0_drop0p1__wd1e-04trmiss40_trlocglobal,32,5e-05,0.0001,1,32,1,False,0.1,lr5e-05_bs32_modL1_fusion32_fusionL1_fusionBN0_drop0p1__wd1e-04trmiss40_trlocglobal,25,0.5629764795303345,0.7136193215847015,0.49999999999999994,0.5363230876214625,0.5333333333333333,0.0,0.0,0.0,0.0,0.0,0.0,0.0,0.0,0.0,,,,,18473,global,0.4
4,1,lr5e-05_bs32_modL1_fusion32_fusionL1_fusionBN0_drop0p1__wd1e-04trmiss40_trlocglobal,32,5e-05,0.0001,1,32,1,False,0.1,lr5e-05_bs32_modL1_fusion32_fusionL1_fusionBN0_drop0p1__wd1e-04trmiss40_trlocglobal,26,0.558673252662023,0.7122544348239899,0.5059288537549408,0.5433173694738131,0.5555555555555556,0.0,0.0,0.0,0.0,0.0,0.0,0.0,0.0,0.0,,,,,18473,global,0.4
4,1,lr5e-05_bs32_modL1_fusion32_fusionL1_fusionBN0_drop0p1__wd1e-04trmiss40_trlocglobal,32,5e-05,0.0001,1,32,1,False,0.1,lr5e-05_bs32_modL1_fusion32_fusionL1_fusionBN0_drop0p1__wd1e-04trmiss40_trlocglobal,27,0.556151270866394,0.7094810903072357,0.5079051383399209,0.547670411668109,0.5555555555555556,0.0,0.0,0.0,0.0,0.0,0.0,0.0,0.0,0.0,,,,,18473,global,0.4
4,1,lr5e-05_bs32_modL1_fusion32_fusionL1_fusionBN0_drop0p1__wd1e-04trmiss40_trlocglobal,32,5e-05,0.0001,1,32,1,False,0.1,lr5e-05_bs32_modL1_fusion32_fusionL1_fusionBN0_drop0p1__wd1e-04trmiss40_trlocglobal,28,0.5511080423990885,0.7114092111587524,0.5098814229249011,0.5426630340881043,0.5111111111111111,0.0,0.0,0.0,0.0,0.0,0.0,0.0,0.0,0.0,,,,,18473,global,0.4
4,1,lr5e-05_bs32_modL1_fusion32_fusionL1_fusionBN0_drop0p1__wd1e-04trmiss40_trlocglobal,32,5e-05,0.0001,1,32,1,False,0.1,lr5e-05_bs32_modL1_fusion32_fusionL1_fusionBN0_drop0p1__wd1e-04trmiss40_trlocglobal,29,0.5463277896245321,0.7115171253681183,0.5118577075098814,0.5438111117808044,0.5111111111111111,0.0,0.0,0.0,0.0,0.0,0.0,0.0,0.0,0.0,,,,,18473,global,0.4
4,1,lr5e-05_bs32_modL1_fusion32_fusionL1_fusionBN0_drop0p1__wd1e-04trmiss40_trlocglobal,32,5e-05,0.0001,1,32,1,False,0.1,lr5e-05_bs32_modL1_fusion32_fusionL1_fusionBN0_drop0p1__wd1e-04trmiss40_trlocglobal,30,0.5478977958361307,0.7096769213676453,0.5197628458498023,0.5522653016816287,0.5111111111111111,0.0,0.0,0.0,0.0,0.0,0.0,0.0,0.0,0.0,,,,,18473,global,0.4
4,1,lr5e-05_bs32_modL1_fusion32_fusionL1_fusionBN0_drop0p1__wd1e-04trmiss40_trlocglobal,32,5e-05,0.0001,1,32,1,False,0.1,lr5e-05_bs32_modL1_fusion32_fusionL1_fusionBN0_drop0p1__wd1e-04trmiss40_trlocglobal,31,0.5477573176225027,0.7075983881950378,0.5296442687747035,0.5694088512637416,0.5555555555555556,0.0,0.0,0.0,0.0,0.0,0.0,0.0,0.0,0.0,,,,,18473,global,0.4
4,1,lr5e-05_bs32_modL1_fusion32_fusionL1_fusionBN0_drop0p1__wd1e-04trmiss40_trlocglobal,32,5e-05,0.0001,1,32,1,False,0.1,lr5e-05_bs32_modL1_fusion32_fusionL1_fusionBN0_drop0p1__wd1e-04trmiss40_trlocglobal,32,0.5410292446613312,0.7070667147636414,0.5375494071146245,0.5675570027123024,0.5777777777777777,0.0,0.0,0.0,0.0,0.0,0.0,0.0,0.0,0.0,,,,,18473,global,0.4
4,1,lr5e-05_bs32_modL1_fusion32_fusionL1_fusionBN0_drop0p1__wd1e-04trmiss40_trlocglobal,32,5e-05,0.0001,1,32,1,False,0.1,lr5e-05_bs32_modL1_fusion32_fusionL1_fusionBN0_drop0p1__wd1e-04trmiss40_trlocglobal,33,0.5387721657752991,0.7077251374721527,0.5296442687747035,0.5558053550000537,0.5111111111111111,0.0,0.0,0.0,0.0,0.0,0.0,0.0,0.0,0.0,,,,,18473,global,0.4
4,1,lr5e-05_bs32_modL1_fusion32_fusionL1_fusionBN0_drop0p1__wd1e-04trmiss40_trlocglobal,32,5e-05,0.0001,1,32,1,False,0.1,lr5e-05_bs32_modL1_fusion32_fusionL1_fusionBN0_drop0p1__wd1e-04trmiss40_trlocglobal,34,0.528715560833613,0.7058783173561096,0.533596837944664,0.5623970398526081,0.5111111111111111,0.0,0.0,0.0,0.0,0.0,0.0,0.0,0.0,0.0,,,,,18473,global,0.4
4,1,lr5e-05_bs32_modL1_fusion32_fusionL1_fusionBN0_drop0p1__wd1e-04trmiss40_trlocglobal,32,5e-05,0.0001,1,32,1,False,0.1,lr5e-05_bs32_modL1_fusion32_fusionL1_fusionBN0_drop0p1__wd1e-04trmiss40_trlocglobal,35,0.5289063354333242,0.7040071189403534,0.5454545454545454,0.569694799632708,0.5555555555555556,0.0,0.0,0.0,0.0,0.0,0.0,0.0,0.0,0.0,,,,,18473,global,0.4
4,1,lr5e-05_bs32_modL1_fusion32_fusionL1_fusionBN0_drop0p1__wd1e-04trmiss40_trlocglobal,32,5e-05,0.0001,1,32,1,False,0.1,lr5e-05_bs32_modL1_fusion32_fusionL1_fusionBN0_drop0p1__wd1e-04trmiss40_trlocglobal,36,0.5265388588110606,0.7045040130615234,0.541501976284585,0.5659512208023304,0.5555555555555556,0.0,0.0,0.0,0.0,0.0,0.0,0.0,0.0,0.0,,,,,18473,global,0.4
4,1,lr5e-05_bs32_modL1_fusion32_fusionL1_fusionBN0_drop0p1__wd1e-04trmiss40_trlocglobal,32,5e-05,0.0001,1,32,1,False,0.1,lr5e-05_bs32_modL1_fusion32_fusionL1_fusionBN0_drop0p1__wd1e-04trmiss40_trlocglobal,37,0.5255435705184937,0.7063141167163849,0.5395256916996047,0.5540760425951866,0.5333333333333333,0.0,0.0,0.0,0.0,0.0,0.0,0.0,0.0,0.0,,,,,18473,global,0.4
4,1,lr5e-05_bs32_modL1_fusion32_fusionL1_fusionBN0_drop0p1__wd1e-04trmiss40_trlocglobal,32,5e-05,0.0001,1,32,1,False,0.1,lr5e-05_bs32_modL1_fusion32_fusionL1_fusionBN0_drop0p1__wd1e-04trmiss40_trlocglobal,38,0.5235040187835693,0.7075151205062866,0.5355731225296443,0.5532001069366422,0.4888888888888889,0.0,0.0,0.0,0.0,0.0,0.0,0.0,0.0,0.0,,,,,18473,global,0.4
4,1,lr5e-05_bs32_modL1_fusion32_fusionL1_fusionBN0_drop0p1__wd1e-04trmiss40_trlocglobal,32,5e-05,0.0001,1,32,1,False,0.1,lr5e-05_bs32_modL1_fusion32_fusionL1_fusionBN0_drop0p1__wd1e-04trmiss40_trlocglobal,39,0.5169565081596375,0.7077215015888214,0.5355731225296443,0.5589572534260542,0.5111111111111111,0.0,0.0,0.0,0.0,0.0,0.0,0.0,0.0,0.0,,,,,18473,global,0.4
4,1,lr5e-05_bs32_modL1_fusion32_fusionL1_fusionBN0_drop0p1__wd1e-04trmiss40_trlocglobal,32,5e-05,0.0001,1,32,1,False,0.1,lr5e-05_bs32_modL1_fusion32_fusionL1_fusionBN0_drop0p1__wd1e-04trmiss40_trlocglobal,40,0.5153311987717947,0.7029562592506409,0.5474308300395258,0.5669871783921193,0.5333333333333333,0.0,0.0,0.0,0.0,0.0,0.0,0.0,0.0,0.0,,,,,18473,global,0.4
4,1,lr5e-05_bs32_modL1_fusion32_fusionL1_fusionBN0_drop0p1__wd1e-04trmiss40_trlocglobal,32,5e-05,0.0001,1,32,1,False,0.1,lr5e-05_bs32_modL1_fusion32_fusionL1_fusionBN0_drop0p1__wd1e-04trmiss40_trlocglobal,41,0.5109453797340393,0.7038591206073761,0.5434782608695652,0.5672921552392168,0.5111111111111111,0.0,0.0,0.0,0.0,0.0,0.0,0.0,0.0,0.0,,,,,18473,global,0.4
4,1,lr5e-05_bs32_modL1_fusion32_fusionL1_fusionBN0_drop0p1__wd1e-04trmiss40_trlocglobal,32,5e-05,0.0001,1,32,1,False,0.1,lr5e-05_bs32_modL1_fusion32_fusionL1_fusionBN0_drop0p1__wd1e-04trmiss40_trlocglobal,42,0.5110801855723063,0.708753228187561,0.533596837944664,0.5555218993513139,0.4666666666666667,0.0,0.0,0.0,0.0,0.0,0.0,0.0,0.0,0.0,,,,,18473,global,0.4
4,1,lr5e-05_bs32_modL1_fusion32_fusionL1_fusionBN0_drop0p1__wd1e-04trmiss40_trlocglobal,32,5e-05,0.0001,1,32,1,False,0.1,lr5e-05_bs32_modL1_fusion32_fusionL1_fusionBN0_drop0p1__wd1e-04trmiss40_trlocglobal,43,0.5019742151101431,0.7083559930324554,0.5375494071146245,0.5578528349303313,0.4888888888888889,0.0,0.0,0.0,0.0,0.0,0.0,0.0,0.0,0.0,,,,,18473,global,0.4
4,1,lr5e-05_bs32_modL1_fusion32_fusionL1_fusionBN0_drop0p1__wd1e-04trmiss40_trlocglobal,32,5e-05,0.0001,1,32,1,False,0.1,lr5e-05_bs32_modL1_fusion32_fusionL1_fusionBN0_drop0p1__wd1e-04trmiss40_trlocglobal,44,0.5095893094937006,0.7054132223129272,0.541501976284585,0.5629900283132275,0.5111111111111111,0.0,0.0,0.0,0.0,0.0,0.0,0.0,0.0,0.0,,,,,18473,global,0.4
4,1,lr5e-05_bs32_modL1_fusion32_fusionL1_fusionBN0_drop0p1__wd1e-04trmiss40_trlocglobal,32,5e-05,0.0001,1,32,1,False,0.1,lr5e-05_bs32_modL1_fusion32_fusionL1_fusionBN0_drop0p1__wd1e-04trmiss40_trlocglobal,45,0.5055862218141556,0.7046820819377899,0.5454545454545454,0.5626156723018644,0.4888888888888889,0.0,0.0,0.0,0.0,0.0,0.0,0.0,0.0,0.0,,,,,18473,global,0.4
4,1,lr5e-05_bs32_modL1_fusion32_fusionL1_fusionBN0_drop0p1__wd1e-04trmiss40_trlocglobal,32,5e-05,0.0001,1,32,1,False,0.1,lr5e-05_bs32_modL1_fusion32_fusionL1_fusionBN0_drop0p1__wd1e-04trmiss40_trlocglobal,46,0.4997080862522125,0.7067832052707672,0.541501976284585,0.5569264666126587,0.4888888888888889,0.0,0.0,0.0,0.0,0.0,0.0,0.0,0.0,0.0,,,,,18473,global,0.4
4,1,lr5e-05_bs32_modL1_fusion32_fusionL1_fusionBN0_drop0p1__wd1e-04trmiss40_trlocglobal,32,5e-05,0.0001,1,32,1,False,0.1,lr5e-05_bs32_modL1_fusion32_fusionL1_fusionBN0_drop0p1__wd1e-04trmiss40_trlocglobal,47,0.5045622984568278,0.7065189778804779,0.5454545454545454,0.5593612086254058,0.5111111111111111,0.0,0.0,0.0,0.0,0.0,0.0,0.0,0.0,0.0,,,,,18473,global,0.4
4,1,lr5e-05_bs32_modL1_fusion32_fusionL1_fusionBN0_drop0p1__wd1e-04trmiss40_trlocglobal,32,5e-05,0.0001,1,32,1,False,0.1,lr5e-05_bs32_modL1_fusion32_fusionL1_fusionBN0_drop0p1__wd1e-04trmiss40_trlocglobal,48,0.5020782550175985,0.707882434129715,0.5434782608695652,0.5599281424404214,0.5111111111111111,0.0,0.0,0.0,0.0,0.0,0.0,0.0,0.0,0.0,,,,,18473,global,0.4
4,1,lr5e-05_bs32_modL1_fusion32_fusionL1_fusionBN0_drop0p1__wd1e-04trmiss40_trlocglobal,32,5e-05,0.0001,1,32,1,False,0.1,lr5e-05_bs32_modL1_fusion32_fusionL1_fusionBN0_drop0p1__wd1e-04trmiss40_trlocglobal,49,0.49827111264069873,0.7093667984008789,0.5335968379446641,0.5556933570619688,0.5111111111111111,0.0,0.0,0.0,0.0,0.0,0.0,0.0,0.0,0.0,,,,,18473,global,0.4
4,1,lr5e-05_bs32_modL1_fusion32_fusionL1_fusionBN0_drop0p1__wd1e-04trmiss40_trlocglobal,32,5e-05,0.0001,1,32,1,False,0.1,lr5e-05_bs32_modL1_fusion32_fusionL1_fusionBN0_drop0p1__wd1e-04trmiss40_trlocglobal,50,0.4990222503741582,0.7117262482643127,0.5355731225296443,0.5559043779251636,0.4888888888888889,0.0,0.0,0.0,0.0,0.0,0.0,0.0,0.0,0.0,,,,,18473,global,0.4
4,1,lr5e-05_bs32_modL1_fusion32_fusionL1_fusionBN0_drop0p1__wd1e-04trmiss40_trlocglobal,32,5e-05,0.0001,1,32,1,False,0.1,lr5e-05_bs32_modL1_fusion32_fusionL1_fusionBN0_drop0p1__wd1e-04trmiss40_trlocglobal,51,0.49468598266442615,0.7117888033390045,0.5276679841897234,0.5496242783884314,0.4666666666666667,0.0,0.0,0.0,0.0,0.0,0.0,0.0,0.0,0.0,,,,,18473,global,0.4
4,1,lr5e-05_bs32_modL1_fusion32_fusionL1_fusionBN0_drop0p1__wd1e-04trmiss40_trlocglobal,32,5e-05,0.0001,1,32,1,False,0.1,lr5e-05_bs32_modL1_fusion32_fusionL1_fusionBN0_drop0p1__wd1e-04trmiss40_trlocglobal,52,0.4931846857070923,0.711181253194809,0.5296442687747036,0.5552610703820451,0.4666666666666667,0.0,0.0,0.0,0.0,0.0,0.0,0.0,0.0,0.0,,,,,18473,global,0.4
4,1,lr5e-05_bs32_modL1_fusion32_fusionL1_fusionBN0_drop0p1__wd1e-04trmiss40_trlocglobal,32,5e-05,0.0001,1,32,1,False,0.1,lr5e-05_bs32_modL1_fusion32_fusionL1_fusionBN0_drop0p1__wd1e-04trmiss40_trlocglobal,53,0.48706937829653424,0.7093376219272614,0.5355731225296443,0.5578961164953521,0.4888888888888889,0.0,0.0,0.0,0.0,0.0,0.0,0.0,0.0,0.0,,,,,18473,global,0.4
4,1,lr5e-05_bs32_modL1_fusion32_fusionL1_fusionBN0_drop0p1__wd1e-04trmiss40_trlocglobal,32,5e-05,0.0001,1,32,1,False,0.1,lr5e-05_bs32_modL1_fusion32_fusionL1_fusionBN0_drop0p1__wd1e-04trmiss40_trlocglobal,54,0.49319114287694293,0.7078085839748383,0.541501976284585,0.5625074471936393,0.5111111111111111,0.0,0.0,0.0,0.0,0.0,0.0,0.0,0.0,0.0,,,,,18473,global,0.4
4,1,lr5e-05_bs32_modL1_fusion32_fusionL1_fusionBN0_drop0p1__wd1e-04trmiss40_trlocglobal,32,5e-05,0.0001,1,32,1,False,0.1,lr5e-05_bs32_modL1_fusion32_fusionL1_fusionBN0_drop0p1__wd1e-04trmiss40_trlocglobal,55,0.492162490884463,0.7083273828029633,0.533596837944664,0.5534312902913954,0.4888888888888889,0.0,0.0,0.0,0.0,0.0,0.0,0.0,0.0,0.0,,,,,18473,global,0.4
4,1,lr5e-05_bs32_modL1_fusion32_fusionL1_fusionBN0_drop0p1__wd1e-04trmiss40_trlocglobal,32,5e-05,0.0001,1,32,1,False,0.1,lr5e-05_bs32_modL1_fusion32_fusionL1_fusionBN0_drop0p1__wd1e-04trmiss40_trlocglobal,56,0.48964707056681317,0.7082614302635193,0.5276679841897234,0.5505185930127233,0.4888888888888889,0.0,0.0,0.0,0.0,0.0,0.0,0.0,0.0,0.0,,,,,18473,global,0.4
4,1,lr5e-05_bs32_modL1_fusion32_fusionL1_fusionBN0_drop0p1__wd1e-04trmiss40_trlocglobal,32,5e-05,0.0001,1,32,1,False,0.1,lr5e-05_bs32_modL1_fusion32_fusionL1_fusionBN0_drop0p1__wd1e-04trmiss40_trlocglobal,57,0.4948924978574117,0.7095684707164764,0.5316205533596838,0.5474597762239293,0.4888888888888889,0.0,0.0,0.0,0.0,0.0,0.0,0.0,0.0,0.0,,,,,18473,global,0.4
4,1,lr5e-05_bs32_modL1_fusion32_fusionL1_fusionBN0_drop0p1__wd1e-04trmiss40_trlocglobal,32,5e-05,0.0001,1,32,1,False,0.1,lr5e-05_bs32_modL1_fusion32_fusionL1_fusionBN0_drop0p1__wd1e-04trmiss40_trlocglobal,58,0.4898622930049896,0.7102438509464264,0.5256916996047432,0.5439115503368728,0.4888888888888889,0.0,0.0,0.0,0.0,0.0,0.0,0.0,0.0,0.0,,,,,18473,global,0.4
4,1,lr5e-05_bs32_modL1_fusion32_fusionL1_fusionBN0_drop0p1__wd1e-04trmiss40_trlocglobal,32,5e-05,0.0001,1,32,1,False,0.1,lr5e-05_bs32_modL1_fusion32_fusionL1_fusionBN0_drop0p1__wd1e-04trmiss40_trlocglobal,59,0.4859740187724431,0.711901843547821,0.5296442687747036,0.5486734550987776,0.4666666666666667,0.0,0.0,0.0,0.0,0.0,0.0,0.0,0.0,0.0,,,,,18473,global,0.4
4,1,lr5e-05_bs32_modL1_fusion32_fusionL1_fusionBN0_drop0p1__wd1e-04trmiss40_trlocglobal,32,5e-05,0.0001,1,32,1,False,0.1,lr5e-05_bs32_modL1_fusion32_fusionL1_fusionBN0_drop0p1__wd1e-04trmiss40_trlocglobal,60,0.48312199115753174,0.7098761796951294,0.5316205533596838,0.5496186346828986,0.5111111111111111,0.0,0.0,0.0,0.0,0.0,0.0,0.0,0.0,0.0,,,,,18473,global,0.4
4,1,lr1e-05_bs32_modL1_fusion16_fusionL1_fusionBN0_drop0p2__wd1e-04trmiss40_trlocglobal,32,1e-05,0.0001,1,16,1,False,0.2,lr1e-05_bs32_modL1_fusion16_fusionL1_fusionBN0_drop0p2__wd1e-04trmiss40_trlocglobal,1,0.7010052601496378,0.692608654499054,0.6679841897233202,0.6550991627583902,0.4888888888888889,0.0,0.0,0.0,0.0,0.0,0.0,0.0,0.0,0.0,,,,,18473,global,0.4
4,1,lr1e-05_bs32_modL1_fusion16_fusionL1_fusionBN0_drop0p2__wd1e-04trmiss40_trlocglobal,32,1e-05,0.0001,1,16,1,False,0.2,lr1e-05_bs32_modL1_fusion16_fusionL1_fusionBN0_drop0p2__wd1e-04trmiss40_trlocglobal,2,0.7046959400177002,0.690955251455307,0.650197628458498,0.6276026851828307,0.5111111111111111,0.0,0.0,0.0,0.0,0.0,0.0,0.0,0.0,0.0,,,,,18473,global,0.4
4,1,lr1e-05_bs32_modL1_fusion16_fusionL1_fusionBN0_drop0p2__wd1e-04trmiss40_trlocglobal,32,1e-05,0.0001,1,16,1,False,0.2,lr1e-05_bs32_modL1_fusion16_fusionL1_fusionBN0_drop0p2__wd1e-04trmiss40_trlocglobal,3,0.6994239588578542,0.6903977990150452,0.6383399209486166,0.6072050827200218,0.4888888888888889,0.0,0.0,0.0,0.0,0.0,0.0,0.0,0.0,0.0,,,,,18473,global,0.4
4,1,lr1e-05_bs32_modL1_fusion16_fusionL1_fusionBN0_drop0p2__wd1e-04trmiss40_trlocglobal,32,1e-05,0.0001,1,16,1,False,0.2,lr1e-05_bs32_modL1_fusion16_fusionL1_fusionBN0_drop0p2__wd1e-04trmiss40_trlocglobal,4,0.6991583903630575,0.6905703544616699,0.6403162055335968,0.6072464868248391,0.4888888888888889,0.0,0.0,0.0,0.0,0.0,0.0,0.0,0.0,0.0,,,,,18473,global,0.4
4,1,lr1e-05_bs32_modL1_fusion16_fusionL1_fusionBN0_drop0p2__wd1e-04trmiss40_trlocglobal,32,1e-05,0.0001,1,16,1,False,0.2,lr1e-05_bs32_modL1_fusion16_fusionL1_fusionBN0_drop0p2__wd1e-04trmiss40_trlocglobal,5,0.693342367808024,0.6900165975093842,0.6422924901185769,0.6108604719445787,0.4666666666666667,0.0,0.0,0.0,0.0,0.0,0.0,0.0,0.0,0.0,,,,,18473,global,0.4
4,1,lr1e-05_bs32_modL1_fusion16_fusionL1_fusionBN0_drop0p2__wd1e-04trmiss40_trlocglobal,32,1e-05,0.0001,1,16,1,False,0.2,lr1e-05_bs32_modL1_fusion16_fusionL1_fusionBN0_drop0p2__wd1e-04trmiss40_trlocglobal,6,0.6847047607103983,0.6901368200778961,0.6383399209486166,0.6094896035250336,0.4888888888888889,0.0,0.0,0.0,0.0,0.0,0.0,0.0,0.0,0.0,,,,,18473,global,0.4
4,1,lr1e-05_bs32_modL1_fusion16_fusionL1_fusionBN0_drop0p2__wd1e-04trmiss40_trlocglobal,32,1e-05,0.0001,1,16,1,False,0.2,lr1e-05_bs32_modL1_fusion16_fusionL1_fusionBN0_drop0p2__wd1e-04trmiss40_trlocglobal,7,0.6925968925158182,0.6908506155014038,0.6363636363636364,0.6083146324517454,0.4888888888888889,0.0,0.0,0.0,0.0,0.0,0.0,0.0,0.0,0.0,,,,,18473,global,0.4
4,1,lr1e-05_bs32_modL1_fusion16_fusionL1_fusionBN0_drop0p2__wd1e-04trmiss40_trlocglobal,32,1e-05,0.0001,1,16,1,False,0.2,lr1e-05_bs32_modL1_fusion16_fusionL1_fusionBN0_drop0p2__wd1e-04trmiss40_trlocglobal,8,0.68935759862264,0.6919692754745483,0.6225296442687747,0.5999726774466636,0.4444444444444444,0.0,0.0,0.0,0.0,0.0,0.0,0.0,0.0,0.0,,,,,18473,global,0.4
4,1,lr1e-05_bs32_modL1_fusion16_fusionL1_fusionBN0_drop0p2__wd1e-04trmiss40_trlocglobal,32,1e-05,0.0001,1,16,1,False,0.2,lr1e-05_bs32_modL1_fusion16_fusionL1_fusionBN0_drop0p2__wd1e-04trmiss40_trlocglobal,9,0.687739352385203,0.6931290626525879,0.6205533596837944,0.60034252736491,0.4444444444444444,0.0,0.0,0.0,0.0,0.0,0.0,0.0,0.0,0.0,,,,,18473,global,0.4
4,1,lr1e-05_bs32_modL1_fusion16_fusionL1_fusionBN0_drop0p2__wd1e-04trmiss40_trlocglobal,32,1e-05,0.0001,1,16,1,False,0.2,lr1e-05_bs32_modL1_fusion16_fusionL1_fusionBN0_drop0p2__wd1e-04trmiss40_trlocglobal,10,0.6863234539826711,0.6937081217765808,0.6126482213438735,0.5946946845749675,0.4666666666666667,0.0,0.0,0.0,0.0,0.0,0.0,0.0,0.0,0.0,,,,,18473,global,0.4
4,1,lr1e-05_bs32_modL1_fusion16_fusionL1_fusionBN0_drop0p2__wd1e-04trmiss40_trlocglobal,32,1e-05,0.0001,1,16,1,False,0.2,lr1e-05_bs32_modL1_fusion16_fusionL1_fusionBN0_drop0p2__wd1e-04trmiss40_trlocglobal,11,0.6811998585859934,0.6934727132320404,0.616600790513834,0.5965500755607933,0.4666666666666667,0.0,0.0,0.0,0.0,0.0,0.0,0.0,0.0,0.0,,,,,18473,global,0.4
4,1,lr1e-05_bs32_modL1_fusion16_fusionL1_fusionBN0_drop0p2__wd1e-04trmiss40_trlocglobal,32,1e-05,0.0001,1,16,1,False,0.2,lr1e-05_bs32_modL1_fusion16_fusionL1_fusionBN0_drop0p2__wd1e-04trmiss40_trlocglobal,12,0.67987792690595,0.6936343312263489,0.6225296442687747,0.6012212667308404,0.4666666666666667,0.0,0.0,0.0,0.0,0.0,0.0,0.0,0.0,0.0,,,,,18473,global,0.4
4,1,lr1e-05_bs32_modL1_fusion16_fusionL1_fusionBN0_drop0p2__wd1e-04trmiss40_trlocglobal,32,1e-05,0.0001,1,16,1,False,0.2,lr1e-05_bs32_modL1_fusion16_fusionL1_fusionBN0_drop0p2__wd1e-04trmiss40_trlocglobal,13,0.6701251765092214,0.6948978006839752,0.616600790513834,0.5947073018047772,0.4444444444444444,0.0,0.0,0.0,0.0,0.0,0.0,0.0,0.0,0.0,,,,,18473,global,0.4
4,1,lr1e-05_bs32_modL1_fusion16_fusionL1_fusionBN0_drop0p2__wd1e-04trmiss40_trlocglobal,32,1e-05,0.0001,1,16,1,False,0.2,lr1e-05_bs32_modL1_fusion16_fusionL1_fusionBN0_drop0p2__wd1e-04trmiss40_trlocglobal,14,0.6815429826577505,0.6952020823955536,0.6126482213438735,0.5920805235487082,0.4666666666666667,0.0,0.0,0.0,0.0,0.0,0.0,0.0,0.0,0.0,,,,,18473,global,0.4
4,1,lr1e-05_bs32_modL1_fusion16_fusionL1_fusionBN0_drop0p2__wd1e-04trmiss40_trlocglobal,32,1e-05,0.0001,1,16,1,False,0.2,lr1e-05_bs32_modL1_fusion16_fusionL1_fusionBN0_drop0p2__wd1e-04trmiss40_trlocglobal,15,0.667294055223465,0.6949909925460815,0.6185770750988142,0.5970630208846149,0.4666666666666667,0.0,0.0,0.0,0.0,0.0,0.0,0.0,0.0,0.0,,,,,18473,global,0.4
4,1,lr1e-05_bs32_modL1_fusion16_fusionL1_fusionBN0_drop0p2__wd1e-04trmiss40_trlocglobal,32,1e-05,0.0001,1,16,1,False,0.2,lr1e-05_bs32_modL1_fusion16_fusionL1_fusionBN0_drop0p2__wd1e-04trmiss40_trlocglobal,16,0.6771370470523834,0.6950381100177765,0.6185770750988142,0.5973019124278544,0.4666666666666667,0.0,0.0,0.0,0.0,0.0,0.0,0.0,0.0,0.0,,,,,18473,global,0.4
4,1,lr1e-05_bs32_modL1_fusion16_fusionL1_fusionBN0_drop0p2__wd1e-04trmiss40_trlocglobal,32,1e-05,0.0001,1,16,1,False,0.2,lr1e-05_bs32_modL1_fusion16_fusionL1_fusionBN0_drop0p2__wd1e-04trmiss40_trlocglobal,17,0.6662309169769287,0.6956275403499603,0.616600790513834,0.5948968820455082,0.4444444444444444,0.0,0.0,0.0,0.0,0.0,0.0,0.0,0.0,0.0,,,,,18473,global,0.4
4,1,lr1e-05_bs32_modL1_fusion16_fusionL1_fusionBN0_drop0p2__wd1e-04trmiss40_trlocglobal,32,1e-05,0.0001,1,16,1,False,0.2,lr1e-05_bs32_modL1_fusion16_fusionL1_fusionBN0_drop0p2__wd1e-04trmiss40_trlocglobal,18,0.6679366926352183,0.6957553625106812,0.6146245059288538,0.5926247055767344,0.4444444444444444,0.0,0.0,0.0,0.0,0.0,0.0,0.0,0.0,0.0,,,,,18473,global,0.4
4,1,lr1e-05_bs32_modL1_fusion16_fusionL1_fusionBN0_drop0p2__wd1e-04trmiss40_trlocglobal,32,1e-05,0.0001,1,16,1,False,0.2,lr1e-05_bs32_modL1_fusion16_fusionL1_fusionBN0_drop0p2__wd1e-04trmiss40_trlocglobal,19,0.6651014586289724,0.6951470971107483,0.6185770750988142,0.596306468591331,0.4666666666666667,0.0,0.0,0.0,0.0,0.0,0.0,0.0,0.0,0.0,,,,,18473,global,0.4
4,1,lr1e-05_bs32_modL1_fusion16_fusionL1_fusionBN0_drop0p2__wd1e-04trmiss40_trlocglobal,32,1e-05,0.0001,1,16,1,False,0.2,lr1e-05_bs32_modL1_fusion16_fusionL1_fusionBN0_drop0p2__wd1e-04trmiss40_trlocglobal,20,0.6609408458073934,0.6951144933700562,0.616600790513834,0.5958573538477651,0.4666666666666667,0.0,0.0,0.0,0.0,0.0,0.0,0.0,0.0,0.0,,,,,18473,global,0.4
4,1,lr1e-05_bs32_modL1_fusion16_fusionL1_fusionBN0_drop0p2__wd1e-04trmiss40_trlocglobal,32,1e-05,0.0001,1,16,1,False,0.2,lr1e-05_bs32_modL1_fusion16_fusionL1_fusionBN0_drop0p2__wd1e-04trmiss40_trlocglobal,21,0.6679828464984894,0.6950682401657104,0.6185770750988142,0.5982618334261577,0.4666666666666667,0.0,0.0,0.0,0.0,0.0,0.0,0.0,0.0,0.0,,,,,18473,global,0.4
4,1,lr1e-05_bs32_modL1_fusion16_fusionL1_fusionBN0_drop0p2__wd1e-04trmiss40_trlocglobal,32,1e-05,0.0001,1,16,1,False,0.2,lr1e-05_bs32_modL1_fusion16_fusionL1_fusionBN0_drop0p2__wd1e-04trmiss40_trlocglobal,22,0.6619080106417338,0.6952122151851654,0.6086956521739131,0.5926805530861569,0.4666666666666667,0.0,0.0,0.0,0.0,0.0,0.0,0.0,0.0,0.0,,,,,18473,global,0.4
4,1,lr1e-05_bs32_modL1_fusion16_fusionL1_fusionBN0_drop0p2__wd1e-04trmiss40_trlocglobal,32,1e-05,0.0001,1,16,1,False,0.2,lr1e-05_bs32_modL1_fusion16_fusionL1_fusionBN0_drop0p2__wd1e-04trmiss40_trlocglobal,23,0.657757023970286,0.6948218643665314,0.6106719367588933,0.5920619048971762,0.4888888888888889,0.0,0.0,0.0,0.0,0.0,0.0,0.0,0.0,0.0,,,,,18473,global,0.4
4,1,lr1e-05_bs32_modL1_fusion16_fusionL1_fusionBN0_drop0p2__wd1e-04trmiss40_trlocglobal,32,1e-05,0.0001,1,16,1,False,0.2,lr1e-05_bs32_modL1_fusion16_fusionL1_fusionBN0_drop0p2__wd1e-04trmiss40_trlocglobal,24,0.6565012137095133,0.69449782371521,0.6106719367588933,0.5925401536591779,0.4888888888888889,0.0,0.0,0.0,0.0,0.0,0.0,0.0,0.0,0.0,,,,,18473,global,0.4
4,1,lr1e-05_bs32_modL1_fusion16_fusionL1_fusionBN0_drop0p2__wd1e-04trmiss40_trlocglobal,32,1e-05,0.0001,1,16,1,False,0.2,lr1e-05_bs32_modL1_fusion16_fusionL1_fusionBN0_drop0p2__wd1e-04trmiss40_trlocglobal,25,0.6488290627797445,0.6944902241230011,0.616600790513834,0.5971762417351637,0.4888888888888889,0.0,0.0,0.0,0.0,0.0,0.0,0.0,0.0,0.0,,,,,18473,global,0.4
4,1,lr1e-05_bs32_modL1_fusion16_fusionL1_fusionBN0_drop0p1__wd1e-04trmiss40_trlocglobal,32,1e-05,0.0001,1,16,1,False,0.1,lr1e-05_bs32_modL1_fusion16_fusionL1_fusionBN0_drop0p1__wd1e-04trmiss40_trlocglobal,1,0.6913033227125803,0.6861252188682556,0.6877470355731224,0.6948256381663652,0.6888888888888889,0.0,0.0,0.0,0.0,0.0,0.0,0.0,0.0,0.0,,,,,18473,global,0.4
4,1,lr1e-05_bs32_modL1_fusion16_fusionL1_fusionBN0_drop0p1__wd1e-04trmiss40_trlocglobal,32,1e-05,0.0001,1,16,1,False,0.1,lr1e-05_bs32_modL1_fusion16_fusionL1_fusionBN0_drop0p1__wd1e-04trmiss40_trlocglobal,2,0.6880255341529846,0.6850120723247528,0.6739130434782609,0.697823134088235,0.6222222222222222,0.0,0.0,0.0,0.0,0.0,0.0,0.0,0.0,0.0,,,,,18473,global,0.4
4,1,lr1e-05_bs32_modL1_fusion16_fusionL1_fusionBN0_drop0p1__wd1e-04trmiss40_trlocglobal,32,1e-05,0.0001,1,16,1,False,0.1,lr1e-05_bs32_modL1_fusion16_fusionL1_fusionBN0_drop0p1__wd1e-04trmiss40_trlocglobal,3,0.6859058539072672,0.6845029592514038,0.658102766798419,0.6829944984090768,0.6,0.0,0.0,0.0,0.0,0.0,0.0,0.0,0.0,0.0,,,,,18473,global,0.4
4,1,lr1e-05_bs32_modL1_fusion16_fusionL1_fusionBN0_drop0p1__wd1e-04trmiss40_trlocglobal,32,1e-05,0.0001,1,16,1,False,0.1,lr1e-05_bs32_modL1_fusion16_fusionL1_fusionBN0_drop0p1__wd1e-04trmiss40_trlocglobal,4,0.6784875094890594,0.68393474817276,0.6462450592885376,0.6821212843030435,0.6,0.0,0.0,0.0,0.0,0.0,0.0,0.0,0.0,0.0,,,,,18473,global,0.4
4,1,lr1e-05_bs32_modL1_fusion16_fusionL1_fusionBN0_drop0p1__wd1e-04trmiss40_trlocglobal,32,1e-05,0.0001,1,16,1,False,0.1,lr1e-05_bs32_modL1_fusion16_fusionL1_fusionBN0_drop0p1__wd1e-04trmiss40_trlocglobal,5,0.6763184070587158,0.6843427121639252,0.6363636363636362,0.6744865027815159,0.6,0.0,0.0,0.0,0.0,0.0,0.0,0.0,0.0,0.0,,,,,18473,global,0.4
4,1,lr1e-05_bs32_modL1_fusion16_fusionL1_fusionBN0_drop0p1__wd1e-04trmiss40_trlocglobal,32,1e-05,0.0001,1,16,1,False,0.1,lr1e-05_bs32_modL1_fusion16_fusionL1_fusionBN0_drop0p1__wd1e-04trmiss40_trlocglobal,6,0.6750960151354471,0.6841122210025787,0.6363636363636364,0.6738874098843858,0.6,0.0,0.0,0.0,0.0,0.0,0.0,0.0,0.0,0.0,,,,,18473,global,0.4
4,1,lr1e-05_bs32_modL1_fusion16_fusionL1_fusionBN0_drop0p1__wd1e-04trmiss40_trlocglobal,32,1e-05,0.0001,1,16,1,False,0.1,lr1e-05_bs32_modL1_fusion16_fusionL1_fusionBN0_drop0p1__wd1e-04trmiss40_trlocglobal,7,0.6699238618214926,0.6839270293712616,0.6383399209486166,0.6759963839347147,0.5777777777777777,0.0,0.0,0.0,0.0,0.0,0.0,0.0,0.0,0.0,,,,,18473,global,0.4
4,1,lr1e-05_bs32_modL1_fusion16_fusionL1_fusionBN0_drop0p1__wd1e-04trmiss40_trlocglobal,32,1e-05,0.0001,1,16,1,False,0.1,lr1e-05_bs32_modL1_fusion16_fusionL1_fusionBN0_drop0p1__wd1e-04trmiss40_trlocglobal,8,0.676319032907486,0.6844556629657745,0.6383399209486166,0.6805229765619939,0.6,0.0,0.0,0.0,0.0,0.0,0.0,0.0,0.0,0.0,,,,,18473,global,0.4
4,1,lr1e-05_bs32_modL1_fusion16_fusionL1_fusionBN0_drop0p1__wd1e-04trmiss40_trlocglobal,32,1e-05,0.0001,1,16,1,False,0.1,lr1e-05_bs32_modL1_fusion16_fusionL1_fusionBN0_drop0p1__wd1e-04trmiss40_trlocglobal,9,0.6703696350256602,0.6846843063831329,0.6304347826086957,0.6705224317216322,0.6,0.0,0.0,0.0,0.0,0.0,0.0,0.0,0.0,0.0,,,,,18473,global,0.4
4,1,lr1e-05_bs32_modL1_fusion16_fusionL1_fusionBN0_drop0p1__wd1e-04trmiss40_trlocglobal,32,1e-05,0.0001,1,16,1,False,0.1,lr1e-05_bs32_modL1_fusion16_fusionL1_fusionBN0_drop0p1__wd1e-04trmiss40_trlocglobal,10,0.6589761078357697,0.6848898231983185,0.6324110671936759,0.669372424118276,0.6,0.0,0.0,0.0,0.0,0.0,0.0,0.0,0.0,0.0,,,,,18473,global,0.4
4,1,lr1e-05_bs32_modL1_fusion16_fusionL1_fusionBN0_drop0p1__wd1e-04trmiss40_trlocglobal,32,1e-05,0.0001,1,16,1,False,0.1,lr1e-05_bs32_modL1_fusion16_fusionL1_fusionBN0_drop0p1__wd1e-04trmiss40_trlocglobal,11,0.6617743968963623,0.6844653487205505,0.6343873517786561,0.670594502154888,0.6222222222222222,0.0,0.0,0.0,0.0,0.0,0.0,0.0,0.0,0.0,,,,,18473,global,0.4
4,1,lr1e-05_bs32_modL1_fusion16_fusionL1_fusionBN0_drop0p1__wd1e-04trmiss40_trlocglobal,32,1e-05,0.0001,1,16,1,False,0.1,lr1e-05_bs32_modL1_fusion16_fusionL1_fusionBN0_drop0p1__wd1e-04trmiss40_trlocglobal,12,0.6618849535783132,0.6845027804374695,0.6343873517786561,0.679233379486557,0.6,0.0,0.0,0.0,0.0,0.0,0.0,0.0,0.0,0.0,,,,,18473,global,0.4
4,1,lr1e-05_bs32_modL1_fusion16_fusionL1_fusionBN0_drop0p1__wd1e-04trmiss40_trlocglobal,32,1e-05,0.0001,1,16,1,False,0.1,lr1e-05_bs32_modL1_fusion16_fusionL1_fusionBN0_drop0p1__wd1e-04trmiss40_trlocglobal,13,0.664630134900411,0.684698611497879,0.6343873517786561,0.6800884073724773,0.6222222222222222,0.0,0.0,0.0,0.0,0.0,0.0,0.0,0.0,0.0,,,,,18473,global,0.4
4,1,lr1e-05_bs32_modL1_fusion16_fusionL1_fusionBN0_drop0p1__wd1e-04trmiss40_trlocglobal,32,1e-05,0.0001,1,16,1,False,0.1,lr1e-05_bs32_modL1_fusion16_fusionL1_fusionBN0_drop0p1__wd1e-04trmiss40_trlocglobal,14,0.6626392404238383,0.6849862337112427,0.624505928853755,0.671598639651296,0.6,0.0,0.0,0.0,0.0,0.0,0.0,0.0,0.0,0.0,,,,,18473,global,0.4
4,1,lr1e-05_bs32_modL1_fusion16_fusionL1_fusionBN0_drop0p1__wd1e-04trmiss40_trlocglobal,32,1e-05,0.0001,1,16,1,False,0.1,lr1e-05_bs32_modL1_fusion16_fusionL1_fusionBN0_drop0p1__wd1e-04trmiss40_trlocglobal,15,0.6587954461574554,0.6854925751686096,0.6106719367588932,0.6545257674597874,0.5777777777777777,0.0,0.0,0.0,0.0,0.0,0.0,0.0,0.0,0.0,,,,,18473,global,0.4
4,1,lr1e-05_bs32_modL1_fusion16_fusionL1_fusionBN0_drop0p1__wd1e-04trmiss40_trlocglobal,32,1e-05,0.0001,1,16,1,False,0.1,lr1e-05_bs32_modL1_fusion16_fusionL1_fusionBN0_drop0p1__wd1e-04trmiss40_trlocglobal,16,0.6498792072137197,0.686241090297699,0.6106719367588932,0.6538929461747922,0.5777777777777777,0.0,0.0,0.0,0.0,0.0,0.0,0.0,0.0,0.0,,,,,18473,global,0.4
4,1,lr1e-05_bs32_modL1_fusion16_fusionL1_fusionBN0_drop0p1__wd1e-04trmiss40_trlocglobal,32,1e-05,0.0001,1,16,1,False,0.1,lr1e-05_bs32_modL1_fusion16_fusionL1_fusionBN0_drop0p1__wd1e-04trmiss40_trlocglobal,17,0.6476561923821768,0.6864998042583466,0.6067193675889327,0.6455708817168251,0.5777777777777777,0.0,0.0,0.0,0.0,0.0,0.0,0.0,0.0,0.0,,,,,18473,global,0.4
4,1,lr1e-05_bs32_modL1_fusion16_fusionL1_fusionBN0_drop0p1__wd1e-04trmiss40_trlocglobal,32,1e-05,0.0001,1,16,1,False,0.1,lr1e-05_bs32_modL1_fusion16_fusionL1_fusionBN0_drop0p1__wd1e-04trmiss40_trlocglobal,18,0.6472582519054413,0.6867336332798004,0.5968379446640316,0.6357685385023836,0.5555555555555556,0.0,0.0,0.0,0.0,0.0,0.0,0.0,0.0,0.0,,,,,18473,global,0.4
4,1,lr1e-05_bs32_modL1_fusion16_fusionL1_fusionBN0_drop0p1__wd1e-04trmiss40_trlocglobal,32,1e-05,0.0001,1,16,1,False,0.1,lr1e-05_bs32_modL1_fusion16_fusionL1_fusionBN0_drop0p1__wd1e-04trmiss40_trlocglobal,19,0.6456582248210907,0.6865116357803345,0.5948616600790514,0.6341967525869876,0.5333333333333333,0.0,0.0,0.0,0.0,0.0,0.0,0.0,0.0,0.0,,,,,18473,global,0.4
4,1,lr1e-05_bs32_modL1_fusion16_fusionL1_fusionBN0_drop0p1__wd1e-04trmiss40_trlocglobal,32,1e-05,0.0001,1,16,1,False,0.1,lr1e-05_bs32_modL1_fusion16_fusionL1_fusionBN0_drop0p1__wd1e-04trmiss40_trlocglobal,20,0.6508774757385254,0.6862179338932037,0.5988142292490118,0.6351621789647078,0.5333333333333333,0.0,0.0,0.0,0.0,0.0,0.0,0.0,0.0,0.0,,,,,18473,global,0.4
4,1,lr1e-05_bs32_modL1_fusion16_fusionL1_fusionBN0_drop0p1__wd1e-04trmiss40_trlocglobal,32,1e-05,0.0001,1,16,1,False,0.1,lr1e-05_bs32_modL1_fusion16_fusionL1_fusionBN0_drop0p1__wd1e-04trmiss40_trlocglobal,21,0.6468985080718994,0.685981273651123,0.5928853754940712,0.6312971883830756,0.5333333333333333,0.0,0.0,0.0,0.0,0.0,0.0,0.0,0.0,0.0,,,,,18473,global,0.4
4,1,lr1e-05_bs32_modL1_fusion16_fusionL1_fusionBN0_drop0p1__wd1e-04trmiss40_trlocglobal,32,1e-05,0.0001,1,16,1,False,0.1,lr1e-05_bs32_modL1_fusion16_fusionL1_fusionBN0_drop0p1__wd1e-04trmiss40_trlocglobal,22,0.6440940499305725,0.6860121190547943,0.5928853754940712,0.6330539229826267,0.5555555555555556,0.0,0.0,0.0,0.0,0.0,0.0,0.0,0.0,0.0,,,,,18473,global,0.4
4,1,lr1e-05_bs32_modL1_fusion16_fusionL1_fusionBN0_drop0p1__wd1e-04trmiss40_trlocglobal,32,1e-05,0.0001,1,16,1,False,0.1,lr1e-05_bs32_modL1_fusion16_fusionL1_fusionBN0_drop0p1__wd1e-04trmiss40_trlocglobal,23,0.6421007215976715,0.6856046319007874,0.5889328063241106,0.6279181737637017,0.5555555555555556,0.0,0.0,0.0,0.0,0.0,0.0,0.0,0.0,0.0,,,,,18473,global,0.4
4,1,lr1e-05_bs32_modL1_fusion16_fusionL1_fusionBN0_drop0p1__wd1e-04trmiss40_trlocglobal,32,1e-05,0.0001,1,16,1,False,0.1,lr1e-05_bs32_modL1_fusion16_fusionL1_fusionBN0_drop0p1__wd1e-04trmiss40_trlocglobal,24,0.6389139592647552,0.6847448348999023,0.5968379446640316,0.6329014939506419,0.5555555555555556,0.0,0.0,0.0,0.0,0.0,0.0,0.0,0.0,0.0,,,,,18473,global,0.4
4,1,lr1e-05_bs32_modL1_fusion16_fusionL1_fusionBN0_drop0p1__wd1e-04trmiss40_trlocglobal,32,1e-05,0.0001,1,16,1,False,0.1,lr1e-05_bs32_modL1_fusion16_fusionL1_fusionBN0_drop0p1__wd1e-04trmiss40_trlocglobal,25,0.6352746784687042,0.6850640177726746,0.5928853754940712,0.6192495526336055,0.5555555555555556,0.0,0.0,0.0,0.0,0.0,0.0,0.0,0.0,0.0,,,,,18473,global,0.4
4,1,lr1e-05_bs32_modL1_fusion16_fusionL1_fusionBN0_drop0p1__wd1e-04trmiss40_trlocglobal,32,1e-05,0.0001,1,16,1,False,0.1,lr1e-05_bs32_modL1_fusion16_fusionL1_fusionBN0_drop0p1__wd1e-04trmiss40_trlocglobal,26,0.6306227048238119,0.6849638819694519,0.5909090909090909,0.6184080379070978,0.5555555555555556,0.0,0.0,0.0,0.0,0.0,0.0,0.0,0.0,0.0,,,,,18473,global,0.4
4,1,lr1e-05_bs32_modL1_fusion16_fusionL1_fusionBN0_drop0p1__wd1e-04trmiss40_trlocglobal,32,1e-05,0.0001,1,16,1,False,0.1,lr1e-05_bs32_modL1_fusion16_fusionL1_fusionBN0_drop0p1__wd1e-04trmiss40_trlocglobal,27,0.6413311858971914,0.6847520172595978,0.5948616600790514,0.6209091710171256,0.5555555555555556,0.0,0.0,0.0,0.0,0.0,0.0,0.0,0.0,0.0,,,,,18473,global,0.4
4,1,lr1e-05_bs32_modL1_fusion32_fusionL1_fusionBN0_drop0p2__wd1e-04trmiss40_trlocglobal,32,1e-05,0.0001,1,32,1,False,0.2,lr1e-05_bs32_modL1_fusion32_fusionL1_fusionBN0_drop0p2__wd1e-04trmiss40_trlocglobal,1,0.7102491656939188,0.7051670551300049,0.41304347826086957,0.49885068988354203,0.4444444444444444,0.0,0.0,0.0,0.0,0.0,0.0,0.0,0.0,0.0,,,,,18473,global,0.4
4,1,lr1e-05_bs32_modL1_fusion32_fusionL1_fusionBN0_drop0p2__wd1e-04trmiss40_trlocglobal,32,1e-05,0.0001,1,32,1,False,0.2,lr1e-05_bs32_modL1_fusion32_fusionL1_fusionBN0_drop0p2__wd1e-04trmiss40_trlocglobal,2,0.7020974457263947,0.7103190720081329,0.39723320158102765,0.5069295511019101,0.4222222222222222,0.0,0.0,0.0,0.0,0.0,0.0,0.0,0.0,0.0,,,,,18473,global,0.4
4,1,lr1e-05_bs32_modL1_fusion32_fusionL1_fusionBN0_drop0p2__wd1e-04trmiss40_trlocglobal,32,1e-05,0.0001,1,32,1,False,0.2,lr1e-05_bs32_modL1_fusion32_fusionL1_fusionBN0_drop0p2__wd1e-04trmiss40_trlocglobal,3,0.7006801068782806,0.7154270708560944,0.39525691699604737,0.5002407075933472,0.4444444444444444,0.0,0.0,0.0,0.0,0.0,0.0,0.0,0.0,0.0,,,,,18473,global,0.4
4,1,lr1e-05_bs32_modL1_fusion32_fusionL1_fusionBN0_drop0p2__wd1e-04trmiss40_trlocglobal,32,1e-05,0.0001,1,32,1,False,0.2,lr1e-05_bs32_modL1_fusion32_fusionL1_fusionBN0_drop0p2__wd1e-04trmiss40_trlocglobal,4,0.6862609386444092,0.7192124426364899,0.38735177865612647,0.4980850870676725,0.4666666666666667,0.0,0.0,0.0,0.0,0.0,0.0,0.0,0.0,0.0,,,,,18473,global,0.4
4,1,lr1e-05_bs32_modL1_fusion32_fusionL1_fusionBN0_drop0p2__wd1e-04trmiss40_trlocglobal,32,1e-05,0.0001,1,32,1,False,0.2,lr1e-05_bs32_modL1_fusion32_fusionL1_fusionBN0_drop0p2__wd1e-04trmiss40_trlocglobal,5,0.6797091464201609,0.7210769355297089,0.38537549407114624,0.49680677980098886,0.4666666666666667,0.0,0.0,0.0,0.0,0.0,0.0,0.0,0.0,0.0,,,,,18473,global,0.4
4,1,lr1e-05_bs32_modL1_fusion32_fusionL1_fusionBN0_drop0p2__wd1e-04trmiss40_trlocglobal,32,1e-05,0.0001,1,32,1,False,0.2,lr1e-05_bs32_modL1_fusion32_fusionL1_fusionBN0_drop0p2__wd1e-04trmiss40_trlocglobal,6,0.6797366837660471,0.7224221527576447,0.37747035573122534,0.46960841211112775,0.4666666666666667,0.0,0.0,0.0,0.0,0.0,0.0,0.0,0.0,0.0,,,,,18473,global,0.4
4,1,lr1e-05_bs32_modL1_fusion32_fusionL1_fusionBN0_drop0p2__wd1e-04trmiss40_trlocglobal,32,1e-05,0.0001,1,32,1,False,0.2,lr1e-05_bs32_modL1_fusion32_fusionL1_fusionBN0_drop0p2__wd1e-04trmiss40_trlocglobal,7,0.6812038520971934,0.722625344991684,0.3774703557312253,0.47379785154353393,0.4666666666666667,0.0,0.0,0.0,0.0,0.0,0.0,0.0,0.0,0.0,,,,,18473,global,0.4
4,1,lr1e-05_bs32_modL1_fusion32_fusionL1_fusionBN0_drop0p2__wd1e-04trmiss40_trlocglobal,32,1e-05,0.0001,1,32,1,False,0.2,lr1e-05_bs32_modL1_fusion32_fusionL1_fusionBN0_drop0p2__wd1e-04trmiss40_trlocglobal,8,0.6802587111790975,0.7225254476070404,0.3656126482213438,0.46874070267917683,0.4666666666666667,0.0,0.0,0.0,0.0,0.0,0.0,0.0,0.0,0.0,,,,,18473,global,0.4
4,1,lr1e-05_bs32_modL1_fusion32_fusionL1_fusionBN0_drop0p2__wd1e-04trmiss40_trlocglobal,32,1e-05,0.0001,1,32,1,False,0.2,lr1e-05_bs32_modL1_fusion32_fusionL1_fusionBN0_drop0p2__wd1e-04trmiss40_trlocglobal,9,0.6787034471829733,0.7234945893287659,0.37747035573122534,0.48628093005922113,0.4666666666666667,0.0,0.0,0.0,0.0,0.0,0.0,0.0,0.0,0.0,,,,,18473,global,0.4
4,1,lr1e-05_bs32_modL1_fusion32_fusionL1_fusionBN0_drop0p2__wd1e-04trmiss40_trlocglobal,32,1e-05,0.0001,1,32,1,False,0.2,lr1e-05_bs32_modL1_fusion32_fusionL1_fusionBN0_drop0p2__wd1e-04trmiss40_trlocglobal,10,0.6742405295372009,0.7233258783817291,0.3774703557312253,0.4863646592030526,0.4666666666666667,0.0,0.0,0.0,0.0,0.0,0.0,0.0,0.0,0.0,,,,,18473,global,0.4
4,1,lr1e-05_bs32_modL1_fusion32_fusionL1_fusionBN0_drop0p2__wd1e-04trmiss40_trlocglobal,32,1e-05,0.0001,1,32,1,False,0.2,lr1e-05_bs32_modL1_fusion32_fusionL1_fusionBN0_drop0p2__wd1e-04trmiss40_trlocglobal,11,0.6729938387870789,0.7234029769897461,0.375494071146245,0.48616867876190056,0.4444444444444444,0.0,0.0,0.0,0.0,0.0,0.0,0.0,0.0,0.0,,,,,18473,global,0.4
4,1,lr1e-05_bs32_modL1_fusion32_fusionL1_fusionBN0_drop0p2__wd1e-04trmiss40_trlocglobal,32,1e-05,0.0001,1,32,1,False,0.2,lr1e-05_bs32_modL1_fusion32_fusionL1_fusionBN0_drop0p2__wd1e-04trmiss40_trlocglobal,12,0.6760368545850118,0.7229422330856323,0.37549407114624506,0.48606692190823697,0.4222222222222222,0.0,0.0,0.0,0.0,0.0,0.0,0.0,0.0,0.0,,,,,18473,global,0.4
4,1,lr1e-05_bs32_modL1_fusion32_fusionL1_fusionBN0_drop0p2__wd1e-04trmiss40_trlocglobal,32,1e-05,0.0001,1,32,1,False,0.2,lr1e-05_bs32_modL1_fusion32_fusionL1_fusionBN0_drop0p2__wd1e-04trmiss40_trlocglobal,13,0.664417694012324,0.7224673926830292,0.37351778656126483,0.4860106335032251,0.4444444444444444,0.0,0.0,0.0,0.0,0.0,0.0,0.0,0.0,0.0,,,,,18473,global,0.4
4,1,lr1e-05_bs32_modL1_fusion32_fusionL1_fusionBN0_drop0p2__wd1e-04trmiss40_trlocglobal,32,1e-05,0.0001,1,32,1,False,0.2,lr1e-05_bs32_modL1_fusion32_fusionL1_fusionBN0_drop0p2__wd1e-04trmiss40_trlocglobal,14,0.673173705736796,0.7224149703979492,0.36758893280632415,0.48223202719904334,0.4444444444444444,0.0,0.0,0.0,0.0,0.0,0.0,0.0,0.0,0.0,,,,,18473,global,0.4
4,1,lr1e-05_bs32_modL1_fusion32_fusionL1_fusionBN0_drop0p2__wd1e-04trmiss40_trlocglobal,32,1e-05,0.0001,1,32,1,False,0.2,lr1e-05_bs32_modL1_fusion32_fusionL1_fusionBN0_drop0p2__wd1e-04trmiss40_trlocglobal,15,0.6663426160812378,0.7229434549808502,0.35968379446640314,0.4760158435531921,0.4444444444444444,0.0,0.0,0.0,0.0,0.0,0.0,0.0,0.0,0.0,,,,,18473,global,0.4
4,1,lr1e-05_bs32_modL1_fusion32_fusionL1_fusionBN0_drop0p2__wd1e-04trmiss40_trlocglobal,32,1e-05,0.0001,1,32,1,False,0.2,lr1e-05_bs32_modL1_fusion32_fusionL1_fusionBN0_drop0p2__wd1e-04trmiss40_trlocglobal,16,0.6700337131818136,0.7225173711776733,0.35375494071146246,0.4736163421933884,0.4,0.0,0.0,0.0,0.0,0.0,0.0,0.0,0.0,0.0,,,,,18473,global,0.4
4,1,lr1e-05_bs32_modL1_fusion32_fusionL1_fusionBN0_drop0p2__wd1e-04trmiss40_trlocglobal,32,1e-05,0.0001,1,32,1,False,0.2,lr1e-05_bs32_modL1_fusion32_fusionL1_fusionBN0_drop0p2__wd1e-04trmiss40_trlocglobal,17,0.6652680734793345,0.7224053740501404,0.35573122529644274,0.4744755963607711,0.4222222222222222,0.0,0.0,0.0,0.0,0.0,0.0,0.0,0.0,0.0,,,,,18473,global,0.4
4,1,lr1e-05_bs32_modL1_fusion32_fusionL1_fusionBN0_drop0p2__wd1e-04trmiss40_trlocglobal,32,1e-05,0.0001,1,32,1,False,0.2,lr1e-05_bs32_modL1_fusion32_fusionL1_fusionBN0_drop0p2__wd1e-04trmiss40_trlocglobal,18,0.6568159262339274,0.7219049334526062,0.35770750988142297,0.47500581905430234,0.4222222222222222,0.0,0.0,0.0,0.0,0.0,0.0,0.0,0.0,0.0,,,,,18473,global,0.4
4,1,lr1e-05_bs32_modL1_fusion32_fusionL1_fusionBN0_drop0p2__wd1e-04trmiss40_trlocglobal,32,1e-05,0.0001,1,32,1,False,0.2,lr1e-05_bs32_modL1_fusion32_fusionL1_fusionBN0_drop0p2__wd1e-04trmiss40_trlocglobal,19,0.6538147131601969,0.7225869297981262,0.3577075098814229,0.47550577199990746,0.4444444444444444,0.0,0.0,0.0,0.0,0.0,0.0,0.0,0.0,0.0,,,,,18473,global,0.4
4,1,lr1e-05_bs32_modL1_fusion32_fusionL1_fusionBN0_drop0p2__wd1e-04trmiss40_trlocglobal,32,1e-05,0.0001,1,32,1,False,0.2,lr1e-05_bs32_modL1_fusion32_fusionL1_fusionBN0_drop0p2__wd1e-04trmiss40_trlocglobal,20,0.6586535076300303,0.7223444283008575,0.35770750988142297,0.4760667818175793,0.4444444444444444,0.0,0.0,0.0,0.0,0.0,0.0,0.0,0.0,0.0,,,,,18473,global,0.4
4,1,lr1e-05_bs32_modL1_fusion32_fusionL1_fusionBN0_drop0p2__wd1e-04trmiss40_trlocglobal,32,1e-05,0.0001,1,32,1,False,0.2,lr1e-05_bs32_modL1_fusion32_fusionL1_fusionBN0_drop0p2__wd1e-04trmiss40_trlocglobal,21,0.6630877355734507,0.7222020328044891,0.3616600790513834,0.4777116543528487,0.4222222222222222,0.0,0.0,0.0,0.0,0.0,0.0,0.0,0.0,0.0,,,,,18473,global,0.4
4,1,lr1e-05_bs32_modL1_fusion32_fusionL1_fusionBN0_drop0p2__wd1e-04trmiss40_trlocglobal,32,1e-05,0.0001,1,32,1,False,0.2,lr1e-05_bs32_modL1_fusion32_fusionL1_fusionBN0_drop0p2__wd1e-04trmiss40_trlocglobal,22,0.6632785499095917,0.7207441627979279,0.3577075098814229,0.4757334743542639,0.4222222222222222,0.0,0.0,0.0,0.0,0.0,0.0,0.0,0.0,0.0,,,,,18473,global,0.4
4,1,lr1e-05_bs32_modL1_fusion32_fusionL1_fusionBN0_drop0p2__wd1e-04trmiss40_trlocglobal,32,1e-05,0.0001,1,32,1,False,0.2,lr1e-05_bs32_modL1_fusion32_fusionL1_fusionBN0_drop0p2__wd1e-04trmiss40_trlocglobal,23,0.6462709804375967,0.7204267978668213,0.3596837944664032,0.5010874448344617,0.4222222222222222,0.0,0.0,0.0,0.0,0.0,0.0,0.0,0.0,0.0,,,,,18473,global,0.4
4,1,lr1e-05_bs32_modL1_fusion32_fusionL1_fusionBN0_drop0p2__wd1e-04trmiss40_trlocglobal,32,1e-05,0.0001,1,32,1,False,0.2,lr1e-05_bs32_modL1_fusion32_fusionL1_fusionBN0_drop0p2__wd1e-04trmiss40_trlocglobal,24,0.6517918010552725,0.7206393182277679,0.3596837944664032,0.4978059122523619,0.4222222222222222,0.0,0.0,0.0,0.0,0.0,0.0,0.0,0.0,0.0,,,,,18473,global,0.4
4,1,lr1e-05_bs32_modL1_fusion32_fusionL1_fusionBN0_drop0p2__wd1e-04trmiss40_trlocglobal,32,1e-05,0.0001,1,32,1,False,0.2,lr1e-05_bs32_modL1_fusion32_fusionL1_fusionBN0_drop0p2__wd1e-04trmiss40_trlocglobal,25,0.6540069580078125,0.7200708389282227,0.3616600790513834,0.5023843415430674,0.4222222222222222,0.0,0.0,0.0,0.0,0.0,0.0,0.0,0.0,0.0,,,,,18473,global,0.4
4,1,lr1e-05_bs32_modL1_fusion32_fusionL1_fusionBN0_drop0p1__wd1e-04trmiss40_trlocglobal,32,1e-05,0.0001,1,32,1,False,0.1,lr1e-05_bs32_modL1_fusion32_fusionL1_fusionBN0_drop0p1__wd1e-04trmiss40_trlocglobal,1,0.6893584926923116,0.6883206963539124,0.6205533596837944,0.6552924286401308,0.5111111111111111,0.0,0.0,0.0,0.0,0.0,0.0,0.0,0.0,0.0,,,,,18473,global,0.4
4,1,lr1e-05_bs32_modL1_fusion32_fusionL1_fusionBN0_drop0p1__wd1e-04trmiss40_trlocglobal,32,1e-05,0.0001,1,32,1,False,0.1,lr1e-05_bs32_modL1_fusion32_fusionL1_fusionBN0_drop0p1__wd1e-04trmiss40_trlocglobal,2,0.6808914542198181,0.6878384947776794,0.6225296442687747,0.6775688117685654,0.5111111111111111,0.0,0.0,0.0,0.0,0.0,0.0,0.0,0.0,0.0,,,,,18473,global,0.4
4,1,lr1e-05_bs32_modL1_fusion32_fusionL1_fusionBN0_drop0p1__wd1e-04trmiss40_trlocglobal,32,1e-05,0.0001,1,32,1,False,0.1,lr1e-05_bs32_modL1_fusion32_fusionL1_fusionBN0_drop0p1__wd1e-04trmiss40_trlocglobal,3,0.6836815377076467,0.6879486441612244,0.6086956521739132,0.6686293676173951,0.5333333333333333,0.0,0.0,0.0,0.0,0.0,0.0,0.0,0.0,0.0,,,,,18473,global,0.4
4,1,lr1e-05_bs32_modL1_fusion32_fusionL1_fusionBN0_drop0p1__wd1e-04trmiss40_trlocglobal,32,1e-05,0.0001,1,32,1,False,0.1,lr1e-05_bs32_modL1_fusion32_fusionL1_fusionBN0_drop0p1__wd1e-04trmiss40_trlocglobal,4,0.6759873429934183,0.6877507567405701,0.6027667984189724,0.6623400905329235,0.5555555555555556,0.0,0.0,0.0,0.0,0.0,0.0,0.0,0.0,0.0,,,,,18473,global,0.4
4,1,lr1e-05_bs32_modL1_fusion32_fusionL1_fusionBN0_drop0p1__wd1e-04trmiss40_trlocglobal,32,1e-05,0.0001,1,32,1,False,0.1,lr1e-05_bs32_modL1_fusion32_fusionL1_fusionBN0_drop0p1__wd1e-04trmiss40_trlocglobal,5,0.6737963557243347,0.6880757510662079,0.6027667984189724,0.6786387051802731,0.5333333333333333,0.0,0.0,0.0,0.0,0.0,0.0,0.0,0.0,0.0,,,,,18473,global,0.4
4,1,lr1e-05_bs32_modL1_fusion32_fusionL1_fusionBN0_drop0p1__wd1e-04trmiss40_trlocglobal,32,1e-05,0.0001,1,32,1,False,0.1,lr1e-05_bs32_modL1_fusion32_fusionL1_fusionBN0_drop0p1__wd1e-04trmiss40_trlocglobal,6,0.6753059327602386,0.6880258619785309,0.6007905138339922,0.6882232141253958,0.5111111111111111,0.0,0.0,0.0,0.0,0.0,0.0,0.0,0.0,0.0,,,,,18473,global,0.4
4,1,lr1e-05_bs32_modL1_fusion32_fusionL1_fusionBN0_drop0p1__wd1e-04trmiss40_trlocglobal,32,1e-05,0.0001,1,32,1,False,0.1,lr1e-05_bs32_modL1_fusion32_fusionL1_fusionBN0_drop0p1__wd1e-04trmiss40_trlocglobal,7,0.675679882367452,0.687786877155304,0.6086956521739131,0.6868648421474949,0.5111111111111111,0.0,0.0,0.0,0.0,0.0,0.0,0.0,0.0,0.0,,,,,18473,global,0.4
4,1,lr1e-05_bs32_modL1_fusion32_fusionL1_fusionBN0_drop0p1__wd1e-04trmiss40_trlocglobal,32,1e-05,0.0001,1,32,1,False,0.1,lr1e-05_bs32_modL1_fusion32_fusionL1_fusionBN0_drop0p1__wd1e-04trmiss40_trlocglobal,8,0.673027108112971,0.6877389252185822,0.6067193675889327,0.6833372793683754,0.5333333333333333,0.0,0.0,0.0,0.0,0.0,0.0,0.0,0.0,0.0,,,,,18473,global,0.4
4,1,lr1e-05_bs32_modL1_fusion32_fusionL1_fusionBN0_drop0p1__wd1e-04trmiss40_trlocglobal,32,1e-05,0.0001,1,32,1,False,0.1,lr1e-05_bs32_modL1_fusion32_fusionL1_fusionBN0_drop0p1__wd1e-04trmiss40_trlocglobal,9,0.6710502405961355,0.6874375343322754,0.6047430830039526,0.6825376791684754,0.5555555555555556,0.0,0.0,0.0,0.0,0.0,0.0,0.0,0.0,0.0,,,,,18473,global,0.4
4,1,lr1e-05_bs32_modL1_fusion32_fusionL1_fusionBN0_drop0p1__wd1e-04trmiss40_trlocglobal,32,1e-05,0.0001,1,32,1,False,0.1,lr1e-05_bs32_modL1_fusion32_fusionL1_fusionBN0_drop0p1__wd1e-04trmiss40_trlocglobal,10,0.6705722014109293,0.687011331319809,0.6126482213438736,0.6836434105449728,0.5555555555555556,0.0,0.0,0.0,0.0,0.0,0.0,0.0,0.0,0.0,,,,,18473,global,0.4
4,1,lr1e-05_bs32_modL1_fusion32_fusionL1_fusionBN0_drop0p1__wd1e-04trmiss40_trlocglobal,32,1e-05,0.0001,1,32,1,False,0.1,lr1e-05_bs32_modL1_fusion32_fusionL1_fusionBN0_drop0p1__wd1e-04trmiss40_trlocglobal,11,0.6658248702685038,0.6868619322776794,0.6086956521739131,0.6816953635465417,0.5333333333333333,0.0,0.0,0.0,0.0,0.0,0.0,0.0,0.0,0.0,,,,,18473,global,0.4
4,1,lr1e-05_bs32_modL1_fusion32_fusionL1_fusionBN0_drop0p1__wd1e-04trmiss40_trlocglobal,32,1e-05,0.0001,1,32,1,False,0.1,lr1e-05_bs32_modL1_fusion32_fusionL1_fusionBN0_drop0p1__wd1e-04trmiss40_trlocglobal,12,0.6637765169143677,0.6869879066944122,0.6047430830039526,0.6796050625431972,0.5111111111111111,0.0,0.0,0.0,0.0,0.0,0.0,0.0,0.0,0.0,,,,,18473,global,0.4
4,1,lr1e-05_bs32_modL1_fusion32_fusionL1_fusionBN0_drop0p1__wd1e-04trmiss40_trlocglobal,32,1e-05,0.0001,1,32,1,False,0.1,lr1e-05_bs32_modL1_fusion32_fusionL1_fusionBN0_drop0p1__wd1e-04trmiss40_trlocglobal,13,0.663340707619985,0.6871451139450073,0.608695652173913,0.6811959510906075,0.5111111111111111,0.0,0.0,0.0,0.0,0.0,0.0,0.0,0.0,0.0,,,,,18473,global,0.4
4,1,lr1e-05_bs32_modL1_fusion32_fusionL1_fusionBN0_drop0p1__wd1e-04trmiss40_trlocglobal,32,1e-05,0.0001,1,32,1,False,0.1,lr1e-05_bs32_modL1_fusion32_fusionL1_fusionBN0_drop0p1__wd1e-04trmiss40_trlocglobal,14,0.666826476653417,0.6869751513004303,0.6146245059288538,0.686558972641073,0.5333333333333333,0.0,0.0,0.0,0.0,0.0,0.0,0.0,0.0,0.0,,,,,18473,global,0.4
4,1,lr1e-05_bs32_modL1_fusion32_fusionL1_fusionBN0_drop0p1__wd1e-04trmiss40_trlocglobal,32,1e-05,0.0001,1,32,1,False,0.1,lr1e-05_bs32_modL1_fusion32_fusionL1_fusionBN0_drop0p1__wd1e-04trmiss40_trlocglobal,15,0.6597557663917542,0.6865143179893494,0.6245059288537549,0.6905917538054829,0.5111111111111111,0.0,0.0,0.0,0.0,0.0,0.0,0.0,0.0,0.0,,,,,18473,global,0.4
4,1,lr1e-05_bs32_modL1_fusion32_fusionL1_fusionBN0_drop0p1__wd1e-04trmiss40_trlocglobal,32,1e-05,0.0001,1,32,1,False,0.1,lr1e-05_bs32_modL1_fusion32_fusionL1_fusionBN0_drop0p1__wd1e-04trmiss40_trlocglobal,16,0.6553167998790741,0.6866149604320526,0.6185770750988142,0.6888637031095073,0.4888888888888889,0.0,0.0,0.0,0.0,0.0,0.0,0.0,0.0,0.0,,,,,18473,global,0.4
4,1,lr1e-05_bs32_modL1_fusion32_fusionL1_fusionBN0_drop0p1__wd1e-04trmiss40_trlocglobal,32,1e-05,0.0001,1,32,1,False,0.1,lr1e-05_bs32_modL1_fusion32_fusionL1_fusionBN0_drop0p1__wd1e-04trmiss40_trlocglobal,17,0.6570912897586823,0.6864907741546631,0.6146245059288538,0.6873766309702612,0.4888888888888889,0.0,0.0,0.0,0.0,0.0,0.0,0.0,0.0,0.0,,,,,18473,global,0.4
4,1,lr1e-05_bs32_modL1_fusion32_fusionL1_fusionBN0_drop0p1__wd1e-04trmiss40_trlocglobal,32,1e-05,0.0001,1,32,1,False,0.1,lr1e-05_bs32_modL1_fusion32_fusionL1_fusionBN0_drop0p1__wd1e-04trmiss40_trlocglobal,18,0.6539304057757059,0.6861835718154907,0.6106719367588933,0.6860923676049641,0.4888888888888889,0.0,0.0,0.0,0.0,0.0,0.0,0.0,0.0,0.0,,,,,18473,global,0.4
4,1,lr1e-05_bs32_modL1_fusion32_fusionL1_fusionBN0_drop0p1__wd1e-04trmiss40_trlocglobal,32,1e-05,0.0001,1,32,1,False,0.1,lr1e-05_bs32_modL1_fusion32_fusionL1_fusionBN0_drop0p1__wd1e-04trmiss40_trlocglobal,19,0.645957221587499,0.686013251543045,0.6146245059288538,0.6869257895147381,0.4888888888888889,0.0,0.0,0.0,0.0,0.0,0.0,0.0,0.0,0.0,,,,,18473,global,0.4
4,1,lr1e-05_bs32_modL1_fusion32_fusionL1_fusionBN0_drop0p1__wd1e-04trmiss40_trlocglobal,32,1e-05,0.0001,1,32,1,False,0.1,lr1e-05_bs32_modL1_fusion32_fusionL1_fusionBN0_drop0p1__wd1e-04trmiss40_trlocglobal,20,0.65470423301061,0.6851504445075989,0.6185770750988142,0.6909743427214048,0.5333333333333333,0.0,0.0,0.0,0.0,0.0,0.0,0.0,0.0,0.0,,,,,18473,global,0.4
4,1,lr1e-05_bs32_modL1_fusion32_fusionL1_fusionBN0_drop0p1__wd1e-04trmiss40_trlocglobal,32,1e-05,0.0001,1,32,1,False,0.1,lr1e-05_bs32_modL1_fusion32_fusionL1_fusionBN0_drop0p1__wd1e-04trmiss40_trlocglobal,21,0.6516107519467672,0.6852687299251556,0.6185770750988142,0.6912049092563192,0.5111111111111111,0.0,0.0,0.0,0.0,0.0,0.0,0.0,0.0,0.0,,,,,18473,global,0.4
4,1,lr1e-05_bs32_modL1_fusion32_fusionL1_fusionBN0_drop0p1__wd1e-04trmiss40_trlocglobal,32,1e-05,0.0001,1,32,1,False,0.1,lr1e-05_bs32_modL1_fusion32_fusionL1_fusionBN0_drop0p1__wd1e-04trmiss40_trlocglobal,22,0.643349955479304,0.6853540241718292,0.6067193675889327,0.6849062292491992,0.5111111111111111,0.0,0.0,0.0,0.0,0.0,0.0,0.0,0.0,0.0,,,,,18473,global,0.4
4,1,lr1e-05_bs32_modL1_fusion32_fusionL1_fusionBN0_drop0p1__wd1e-04trmiss40_trlocglobal,32,1e-05,0.0001,1,32,1,False,0.1,lr1e-05_bs32_modL1_fusion32_fusionL1_fusionBN0_drop0p1__wd1e-04trmiss40_trlocglobal,23,0.6468203067779541,0.684764176607132,0.608695652173913,0.6835830729785167,0.5111111111111111,0.0,0.0,0.0,0.0,0.0,0.0,0.0,0.0,0.0,,,,,18473,global,0.4
4,1,lr1e-05_bs32_modL1_fusion32_fusionL1_fusionBN0_drop0p1__wd1e-04trmiss40_trlocglobal,32,1e-05,0.0001,1,32,1,False,0.1,lr1e-05_bs32_modL1_fusion32_fusionL1_fusionBN0_drop0p1__wd1e-04trmiss40_trlocglobal,24,0.6482836902141571,0.6846679747104645,0.6126482213438734,0.684860912747405,0.5111111111111111,0.0,0.0,0.0,0.0,0.0,0.0,0.0,0.0,0.0,,,,,18473,global,0.4
4,1,lr1e-05_bs32_modL1_fusion32_fusionL1_fusionBN0_drop0p1__wd1e-04trmiss40_trlocglobal,32,1e-05,0.0001,1,32,1,False,0.1,lr1e-05_bs32_modL1_fusion32_fusionL1_fusionBN0_drop0p1__wd1e-04trmiss40_trlocglobal,25,0.6448802947998047,0.6846626102924347,0.6146245059288538,0.6856841930033374,0.5111111111111111,0.0,0.0,0.0,0.0,0.0,0.0,0.0,0.0,0.0,,,,,18473,global,0.4
4,1,lr1e-05_bs32_modL1_fusion32_fusionL1_fusionBN0_drop0p1__wd1e-04trmiss40_trlocglobal,32,1e-05,0.0001,1,32,1,False,0.1,lr1e-05_bs32_modL1_fusion32_fusionL1_fusionBN0_drop0p1__wd1e-04trmiss40_trlocglobal,26,0.6454705595970154,0.6845230460166931,0.6146245059288538,0.6849323133040892,0.5111111111111111,0.0,0.0,0.0,0.0,0.0,0.0,0.0,0.0,0.0,,,,,18473,global,0.4
4,1,lr1e-05_bs32_modL1_fusion32_fusionL1_fusionBN0_drop0p1__wd1e-04trmiss40_trlocglobal,32,1e-05,0.0001,1,32,1,False,0.1,lr1e-05_bs32_modL1_fusion32_fusionL1_fusionBN0_drop0p1__wd1e-04trmiss40_trlocglobal,27,0.6479431589444479,0.6843924224376678,0.6106719367588933,0.683081507105457,0.5111111111111111,0.0,0.0,0.0,0.0,0.0,0.0,0.0,0.0,0.0,,,,,18473,global,0.4
4,1,lr1e-05_bs32_modL1_fusion32_fusionL1_fusionBN0_drop0p1__wd1e-04trmiss40_trlocglobal,32,1e-05,0.0001,1,32,1,False,0.1,lr1e-05_bs32_modL1_fusion32_fusionL1_fusionBN0_drop0p1__wd1e-04trmiss40_trlocglobal,28,0.6474537352720896,0.6839360296726227,0.6146245059288538,0.6860948236737607,0.5333333333333333,0.0,0.0,0.0,0.0,0.0,0.0,0.0,0.0,0.0,,,,,18473,global,0.4
4,1,lr1e-05_bs32_modL1_fusion32_fusionL1_fusionBN0_drop0p1__wd1e-04trmiss40_trlocglobal,32,1e-05,0.0001,1,32,1,False,0.1,lr1e-05_bs32_modL1_fusion32_fusionL1_fusionBN0_drop0p1__wd1e-04trmiss40_trlocglobal,29,0.6455755730470022,0.6836443841457367,0.6067193675889329,0.6796744282508078,0.5333333333333333,0.0,0.0,0.0,0.0,0.0,0.0,0.0,0.0,0.0,,,,,18473,global,0.4
4,1,lr1e-05_bs32_modL1_fusion32_fusionL1_fusionBN0_drop0p1__wd1e-04trmiss40_trlocglobal,32,1e-05,0.0001,1,32,1,False,0.1,lr1e-05_bs32_modL1_fusion32_fusionL1_fusionBN0_drop0p1__wd1e-04trmiss40_trlocglobal,30,0.6452916959921519,0.683210551738739,0.6146245059288538,0.6815509384797207,0.5333333333333333,0.0,0.0,0.0,0.0,0.0,0.0,0.0,0.0,0.0,,,,,18473,global,0.4
4,1,lr1e-05_bs32_modL1_fusion32_fusionL1_fusionBN0_drop0p1__wd1e-04trmiss40_trlocglobal,32,1e-05,0.0001,1,32,1,False,0.1,lr1e-05_bs32_modL1_fusion32_fusionL1_fusionBN0_drop0p1__wd1e-04trmiss40_trlocglobal,31,0.6405282119909922,0.6827892065048218,0.6185770750988142,0.6828642174144831,0.5555555555555556,0.0,0.0,0.0,0.0,0.0,0.0,0.0,0.0,0.0,,,,,18473,global,0.4
4,1,lr1e-05_bs32_modL1_fusion32_fusionL1_fusionBN0_drop0p1__wd1e-04trmiss40_trlocglobal,32,1e-05,0.0001,1,32,1,False,0.1,lr1e-05_bs32_modL1_fusion32_fusionL1_fusionBN0_drop0p1__wd1e-04trmiss40_trlocglobal,32,0.6369080046812693,0.682979017496109,0.6185770750988142,0.6852977572990229,0.5333333333333333,0.0,0.0,0.0,0.0,0.0,0.0,0.0,0.0,0.0,,,,,18473,global,0.4
4,1,lr1e-05_bs32_modL1_fusion32_fusionL1_fusionBN0_drop0p1__wd1e-04trmiss40_trlocglobal,32,1e-05,0.0001,1,32,1,False,0.1,lr1e-05_bs32_modL1_fusion32_fusionL1_fusionBN0_drop0p1__wd1e-04trmiss40_trlocglobal,33,0.6358373463153839,0.6824377477169037,0.6205533596837944,0.6856307846890596,0.5333333333333333,0.0,0.0,0.0,0.0,0.0,0.0,0.0,0.0,0.0,,,,,18473,global,0.4
4,1,lr1e-05_bs32_modL1_fusion32_fusionL1_fusionBN0_drop0p1__wd1e-04trmiss40_trlocglobal,32,1e-05,0.0001,1,32,1,False,0.1,lr1e-05_bs32_modL1_fusion32_fusionL1_fusionBN0_drop0p1__wd1e-04trmiss40_trlocglobal,34,0.637431005636851,0.6826850175857544,0.6185770750988142,0.6835362862558882,0.5333333333333333,0.0,0.0,0.0,0.0,0.0,0.0,0.0,0.0,0.0,,,,,18473,global,0.4
4,1,lr1e-05_bs32_modL1_fusion32_fusionL1_fusionBN0_drop0p1__wd1e-04trmiss40_trlocglobal,32,1e-05,0.0001,1,32,1,False,0.1,lr1e-05_bs32_modL1_fusion32_fusionL1_fusionBN0_drop0p1__wd1e-04trmiss40_trlocglobal,35,0.6328277985254923,0.682816356420517,0.616600790513834,0.6776979402238714,0.5333333333333333,0.0,0.0,0.0,0.0,0.0,0.0,0.0,0.0,0.0,,,,,18473,global,0.4
4,2,lr1e-04_bs32_modL1_fusion16_fusionL1_fusionBN0_drop0p2__wd1e-04trmiss40_trlocglobal,32,0.0001,0.0001,1,16,1,False,0.2,lr1e-04_bs32_modL1_fusion16_fusionL1_fusionBN0_drop0p2__wd1e-04trmiss40_trlocglobal,1,0.6934268275896708,0.695670485496521,0.6304347826086957,0.6334397303446179,0.5111111111111111,0.0,0.0,0.0,0.0,0.0,0.0,0.0,0.0,0.0,,,,,18473,global,0.4
4,2,lr1e-04_bs32_modL1_fusion16_fusionL1_fusionBN0_drop0p2__wd1e-04trmiss40_trlocglobal,32,0.0001,0.0001,1,16,1,False,0.2,lr1e-04_bs32_modL1_fusion16_fusionL1_fusionBN0_drop0p2__wd1e-04trmiss40_trlocglobal,2,0.6774279971917471,0.6986363530158997,0.5948616600790514,0.5964638983741296,0.5333333333333333,0.0,0.0,0.0,0.0,0.0,0.0,0.0,0.0,0.0,,,,,18473,global,0.4
4,2,lr1e-04_bs32_modL1_fusion16_fusionL1_fusionBN0_drop0p2__wd1e-04trmiss40_trlocglobal,32,0.0001,0.0001,1,16,1,False,0.2,lr1e-04_bs32_modL1_fusion16_fusionL1_fusionBN0_drop0p2__wd1e-04trmiss40_trlocglobal,3,0.6577251851558685,0.6985481381416321,0.5830039525691699,0.5683698048676293,0.5555555555555556,0.0,0.0,0.0,0.0,0.0,0.0,0.0,0.0,0.0,,,,,18473,global,0.4
4,2,lr1e-04_bs32_modL1_fusion16_fusionL1_fusionBN0_drop0p2__wd1e-04trmiss40_trlocglobal,32,0.0001,0.0001,1,16,1,False,0.2,lr1e-04_bs32_modL1_fusion16_fusionL1_fusionBN0_drop0p2__wd1e-04trmiss40_trlocglobal,4,0.6625555555025736,0.6942030787467957,0.6047430830039525,0.6027577074433181,0.5555555555555556,0.0,0.0,0.0,0.0,0.0,0.0,0.0,0.0,0.0,,,,,18473,global,0.4
4,2,lr1e-04_bs32_modL1_fusion16_fusionL1_fusionBN0_drop0p2__wd1e-04trmiss40_trlocglobal,32,0.0001,0.0001,1,16,1,False,0.2,lr1e-04_bs32_modL1_fusion16_fusionL1_fusionBN0_drop0p2__wd1e-04trmiss40_trlocglobal,5,0.6499815285205841,0.6919508576393127,0.6205533596837944,0.6245663697025089,0.5555555555555556,0.0,0.0,0.0,0.0,0.0,0.0,0.0,0.0,0.0,,,,,18473,global,0.4
4,2,lr1e-04_bs32_modL1_fusion16_fusionL1_fusionBN0_drop0p2__wd1e-04trmiss40_trlocglobal,32,0.0001,0.0001,1,16,1,False,0.2,lr1e-04_bs32_modL1_fusion16_fusionL1_fusionBN0_drop0p2__wd1e-04trmiss40_trlocglobal,6,0.6420599122842153,0.6916659772396088,0.6304347826086956,0.6343618113142254,0.5777777777777777,0.0,0.0,0.0,0.0,0.0,0.0,0.0,0.0,0.0,,,,,18473,global,0.4
4,2,lr1e-04_bs32_modL1_fusion16_fusionL1_fusionBN0_drop0p2__wd1e-04trmiss40_trlocglobal,32,0.0001,0.0001,1,16,1,False,0.2,lr1e-04_bs32_modL1_fusion16_fusionL1_fusionBN0_drop0p2__wd1e-04trmiss40_trlocglobal,7,0.6398996313412985,0.6941161453723907,0.624505928853755,0.6371153573048735,0.5333333333333333,0.0,0.0,0.0,0.0,0.0,0.0,0.0,0.0,0.0,,,,,18473,global,0.4
4,2,lr1e-04_bs32_modL1_fusion16_fusionL1_fusionBN0_drop0p2__wd1e-04trmiss40_trlocglobal,32,0.0001,0.0001,1,16,1,False,0.2,lr1e-04_bs32_modL1_fusion16_fusionL1_fusionBN0_drop0p2__wd1e-04trmiss40_trlocglobal,8,0.6331225335597992,0.6948372423648834,0.6086956521739131,0.6398224478065195,0.5333333333333333,0.0,0.0,0.0,0.0,0.0,0.0,0.0,0.0,0.0,,,,,18473,global,0.4
4,2,lr1e-04_bs32_modL1_fusion16_fusionL1_fusionBN0_drop0p2__wd1e-04trmiss40_trlocglobal,32,0.0001,0.0001,1,16,1,False,0.2,lr1e-04_bs32_modL1_fusion16_fusionL1_fusionBN0_drop0p2__wd1e-04trmiss40_trlocglobal,9,0.6294991175333658,0.6941304802894592,0.616600790513834,0.6529442361325493,0.5333333333333333,0.0,0.0,0.0,0.0,0.0,0.0,0.0,0.0,0.0,,,,,18473,global,0.4
4,2,lr1e-04_bs32_modL1_fusion16_fusionL1_fusionBN0_drop0p2__wd1e-04trmiss40_trlocglobal,32,0.0001,0.0001,1,16,1,False,0.2,lr1e-04_bs32_modL1_fusion16_fusionL1_fusionBN0_drop0p2__wd1e-04trmiss40_trlocglobal,10,0.6133447488149008,0.689590334892273,0.6324110671936759,0.6924838634133117,0.5555555555555556,0.0,0.0,0.0,0.0,0.0,0.0,0.0,0.0,0.0,,,,,18473,global,0.4
4,2,lr1e-04_bs32_modL1_fusion16_fusionL1_fusionBN0_drop0p2__wd1e-04trmiss40_trlocglobal,32,0.0001,0.0001,1,16,1,False,0.2,lr1e-04_bs32_modL1_fusion16_fusionL1_fusionBN0_drop0p2__wd1e-04trmiss40_trlocglobal,11,0.6171739598115286,0.6884192824363708,0.658102766798419,0.7175569513687942,0.5333333333333333,0.0,0.0,0.0,0.0,0.0,0.0,0.0,0.0,0.0,,,,,18473,global,0.4
4,2,lr1e-04_bs32_modL1_fusion16_fusionL1_fusionBN0_drop0p2__wd1e-04trmiss40_trlocglobal,32,0.0001,0.0001,1,16,1,False,0.2,lr1e-04_bs32_modL1_fusion16_fusionL1_fusionBN0_drop0p2__wd1e-04trmiss40_trlocglobal,12,0.6109984715779623,0.6935009062290192,0.6185770750988142,0.6752316776308538,0.5333333333333333,0.0,0.0,0.0,0.0,0.0,0.0,0.0,0.0,0.0,,,,,18473,global,0.4
4,2,lr1e-04_bs32_modL1_fusion16_fusionL1_fusionBN0_drop0p2__wd1e-04trmiss40_trlocglobal,32,0.0001,0.0001,1,16,1,False,0.2,lr1e-04_bs32_modL1_fusion16_fusionL1_fusionBN0_drop0p2__wd1e-04trmiss40_trlocglobal,13,0.6085339685281118,0.6980311274528503,0.5849802371541502,0.6286518026459489,0.5333333333333333,0.0,0.0,0.0,0.0,0.0,0.0,0.0,0.0,0.0,,,,,18473,global,0.4
4,2,lr1e-04_bs32_modL1_fusion16_fusionL1_fusionBN0_drop0p2__wd1e-04trmiss40_trlocglobal,32,0.0001,0.0001,1,16,1,False,0.2,lr1e-04_bs32_modL1_fusion16_fusionL1_fusionBN0_drop0p2__wd1e-04trmiss40_trlocglobal,14,0.6006871660550436,0.6921705007553101,0.6264822134387351,0.6701344315872251,0.5333333333333333,0.0,0.0,0.0,0.0,0.0,0.0,0.0,0.0,0.0,,,,,18473,global,0.4
4,2,lr1e-04_bs32_modL1_fusion16_fusionL1_fusionBN0_drop0p2__wd1e-04trmiss40_trlocglobal,32,0.0001,0.0001,1,16,1,False,0.2,lr1e-04_bs32_modL1_fusion16_fusionL1_fusionBN0_drop0p2__wd1e-04trmiss40_trlocglobal,15,0.5882646242777506,0.6900152862071991,0.6521739130434783,0.6973049186912537,0.5555555555555556,0.0,0.0,0.0,0.0,0.0,0.0,0.0,0.0,0.0,,,,,18473,global,0.4
4,2,lr1e-04_bs32_modL1_fusion16_fusionL1_fusionBN0_drop0p2__wd1e-04trmiss40_trlocglobal,32,0.0001,0.0001,1,16,1,False,0.2,lr1e-04_bs32_modL1_fusion16_fusionL1_fusionBN0_drop0p2__wd1e-04trmiss40_trlocglobal,16,0.5939423640569051,0.6903157830238342,0.6403162055335968,0.6808545889432167,0.5777777777777777,0.0,0.0,0.0,0.0,0.0,0.0,0.0,0.0,0.0,,,,,18473,global,0.4
4,2,lr1e-04_bs32_modL1_fusion16_fusionL1_fusionBN0_drop0p2__wd1e-04trmiss40_trlocglobal,32,0.0001,0.0001,1,16,1,False,0.2,lr1e-04_bs32_modL1_fusion16_fusionL1_fusionBN0_drop0p2__wd1e-04trmiss40_trlocglobal,17,0.582056333621343,0.6927553415298462,0.6264822134387351,0.6745642682882248,0.5555555555555556,0.0,0.0,0.0,0.0,0.0,0.0,0.0,0.0,0.0,,,,,18473,global,0.4
4,2,lr1e-04_bs32_modL1_fusion16_fusionL1_fusionBN0_drop0p2__wd1e-04trmiss40_trlocglobal,32,0.0001,0.0001,1,16,1,False,0.2,lr1e-04_bs32_modL1_fusion16_fusionL1_fusionBN0_drop0p2__wd1e-04trmiss40_trlocglobal,18,0.5828584631284078,0.6925371885299683,0.6225296442687747,0.682284609389874,0.5333333333333333,0.0,0.0,0.0,0.0,0.0,0.0,0.0,0.0,0.0,,,,,18473,global,0.4
4,2,lr1e-04_bs32_modL1_fusion16_fusionL1_fusionBN0_drop0p2__wd1e-04trmiss40_trlocglobal,32,0.0001,0.0001,1,16,1,False,0.2,lr1e-04_bs32_modL1_fusion16_fusionL1_fusionBN0_drop0p2__wd1e-04trmiss40_trlocglobal,19,0.5833508968353271,0.6925399899482727,0.6225296442687748,0.6763571066280086,0.5333333333333333,0.0,0.0,0.0,0.0,0.0,0.0,0.0,0.0,0.0,,,,,18473,global,0.4
4,2,lr1e-04_bs32_modL1_fusion16_fusionL1_fusionBN0_drop0p2__wd1e-04trmiss40_trlocglobal,32,0.0001,0.0001,1,16,1,False,0.2,lr1e-04_bs32_modL1_fusion16_fusionL1_fusionBN0_drop0p2__wd1e-04trmiss40_trlocglobal,20,0.5653220613797506,0.6912943124771118,0.6324110671936759,0.6956943050675765,0.5333333333333333,0.0,0.0,0.0,0.0,0.0,0.0,0.0,0.0,0.0,,,,,18473,global,0.4
4,2,lr1e-04_bs32_modL1_fusion16_fusionL1_fusionBN0_drop0p2__wd1e-04trmiss40_trlocglobal,32,0.0001,0.0001,1,16,1,False,0.2,lr1e-04_bs32_modL1_fusion16_fusionL1_fusionBN0_drop0p2__wd1e-04trmiss40_trlocglobal,21,0.5696496864159902,0.6926997601985931,0.6245059288537549,0.686150562864118,0.5333333333333333,0.0,0.0,0.0,0.0,0.0,0.0,0.0,0.0,0.0,,,,,18473,global,0.4
4,2,lr1e-04_bs32_modL1_fusion16_fusionL1_fusionBN0_drop0p2__wd1e-04trmiss40_trlocglobal,32,0.0001,0.0001,1,16,1,False,0.2,lr1e-04_bs32_modL1_fusion16_fusionL1_fusionBN0_drop0p2__wd1e-04trmiss40_trlocglobal,22,0.5611785054206848,0.695121169090271,0.5889328063241106,0.6556615485916215,0.5555555555555556,0.0,0.0,0.0,0.0,0.0,0.0,0.0,0.0,0.0,,,,,18473,global,0.4
4,2,lr1e-04_bs32_modL1_fusion16_fusionL1_fusionBN0_drop0p2__wd1e-04trmiss40_trlocglobal,32,0.0001,0.0001,1,16,1,False,0.2,lr1e-04_bs32_modL1_fusion16_fusionL1_fusionBN0_drop0p2__wd1e-04trmiss40_trlocglobal,23,0.5635213851928711,0.6930078566074371,0.6027667984189723,0.6677779886693207,0.5777777777777777,0.0,0.0,0.0,0.0,0.0,0.0,0.0,0.0,0.0,,,,,18473,global,0.4
4,2,lr1e-04_bs32_modL1_fusion16_fusionL1_fusionBN0_drop0p2__wd1e-04trmiss40_trlocglobal,32,0.0001,0.0001,1,16,1,False,0.2,lr1e-04_bs32_modL1_fusion16_fusionL1_fusionBN0_drop0p2__wd1e-04trmiss40_trlocglobal,24,0.5526398320992788,0.6911139488220215,0.6185770750988142,0.655069108850815,0.5555555555555556,0.0,0.0,0.0,0.0,0.0,0.0,0.0,0.0,0.0,,,,,18473,global,0.4
4,2,lr1e-04_bs32_modL1_fusion16_fusionL1_fusionBN0_drop0p2__wd1e-04trmiss40_trlocglobal,32,0.0001,0.0001,1,16,1,False,0.2,lr1e-04_bs32_modL1_fusion16_fusionL1_fusionBN0_drop0p2__wd1e-04trmiss40_trlocglobal,25,0.5494092206160227,0.6886321902275085,0.6225296442687748,0.645107665973922,0.6222222222222222,0.0,0.0,0.0,0.0,0.0,0.0,0.0,0.0,0.0,,,,,18473,global,0.4
4,2,lr1e-04_bs32_modL1_fusion16_fusionL1_fusionBN0_drop0p2__wd1e-04trmiss40_trlocglobal,32,0.0001,0.0001,1,16,1,False,0.2,lr1e-04_bs32_modL1_fusion16_fusionL1_fusionBN0_drop0p2__wd1e-04trmiss40_trlocglobal,26,0.5478049218654633,0.6915142834186554,0.5968379446640316,0.6160151668909497,0.6,0.0,0.0,0.0,0.0,0.0,0.0,0.0,0.0,0.0,,,,,18473,global,0.4
4,2,lr1e-04_bs32_modL1_fusion16_fusionL1_fusionBN0_drop0p2__wd1e-04trmiss40_trlocglobal,32,0.0001,0.0001,1,16,1,False,0.2,lr1e-04_bs32_modL1_fusion16_fusionL1_fusionBN0_drop0p2__wd1e-04trmiss40_trlocglobal,27,0.5438294460376104,0.6926308572292328,0.6047430830039525,0.6280618849582106,0.6,0.0,0.0,0.0,0.0,0.0,0.0,0.0,0.0,0.0,,,,,18473,global,0.4
4,2,lr1e-04_bs32_modL1_fusion16_fusionL1_fusionBN0_drop0p2__wd1e-04trmiss40_trlocglobal,32,0.0001,0.0001,1,16,1,False,0.2,lr1e-04_bs32_modL1_fusion16_fusionL1_fusionBN0_drop0p2__wd1e-04trmiss40_trlocglobal,28,0.5422900964816412,0.6938351392745972,0.5909090909090909,0.6171209161904331,0.6,0.0,0.0,0.0,0.0,0.0,0.0,0.0,0.0,0.0,,,,,18473,global,0.4
4,2,lr1e-04_bs32_modL1_fusion16_fusionL1_fusionBN0_drop0p2__wd1e-04trmiss40_trlocglobal,32,0.0001,0.0001,1,16,1,False,0.2,lr1e-04_bs32_modL1_fusion16_fusionL1_fusionBN0_drop0p2__wd1e-04trmiss40_trlocglobal,29,0.5297678560018539,0.6931451261043549,0.5988142292490118,0.6138331636267905,0.5777777777777777,0.0,0.0,0.0,0.0,0.0,0.0,0.0,0.0,0.0,,,,,18473,global,0.4
4,2,lr1e-04_bs32_modL1_fusion16_fusionL1_fusionBN0_drop0p2__wd1e-04trmiss40_trlocglobal,32,0.0001,0.0001,1,16,1,False,0.2,lr1e-04_bs32_modL1_fusion16_fusionL1_fusionBN0_drop0p2__wd1e-04trmiss40_trlocglobal,30,0.5380093157291412,0.6922439932823181,0.6027667984189724,0.6182054182547998,0.6,0.0,0.0,0.0,0.0,0.0,0.0,0.0,0.0,0.0,,,,,18473,global,0.4
4,2,lr1e-04_bs32_modL1_fusion16_fusionL1_fusionBN0_drop0p2__wd1e-04trmiss40_trlocglobal,32,0.0001,0.0001,1,16,1,False,0.2,lr1e-04_bs32_modL1_fusion16_fusionL1_fusionBN0_drop0p2__wd1e-04trmiss40_trlocglobal,31,0.5293398996194204,0.6923606693744659,0.6007905138339921,0.6184011530942926,0.5777777777777777,0.0,0.0,0.0,0.0,0.0,0.0,0.0,0.0,0.0,,,,,18473,global,0.4
4,2,lr1e-04_bs32_modL1_fusion16_fusionL1_fusionBN0_drop0p1__wd1e-04trmiss40_trlocglobal,32,0.0001,0.0001,1,16,1,False,0.1,lr1e-04_bs32_modL1_fusion16_fusionL1_fusionBN0_drop0p1__wd1e-04trmiss40_trlocglobal,1,0.6931393146514893,0.6934288740158081,0.5158102766798419,0.5249867095967004,0.4888888888888889,0.0,0.0,0.0,0.0,0.0,0.0,0.0,0.0,0.0,,,,,18473,global,0.4
4,2,lr1e-04_bs32_modL1_fusion16_fusionL1_fusionBN0_drop0p1__wd1e-04trmiss40_trlocglobal,32,0.0001,0.0001,1,16,1,False,0.1,lr1e-04_bs32_modL1_fusion16_fusionL1_fusionBN0_drop0p1__wd1e-04trmiss40_trlocglobal,2,0.6683558921019236,0.6915091276168823,0.5395256916996047,0.5660897296002125,0.5333333333333333,0.0,0.0,0.0,0.0,0.0,0.0,0.0,0.0,0.0,,,,,18473,global,0.4
4,2,lr1e-04_bs32_modL1_fusion16_fusionL1_fusionBN0_drop0p1__wd1e-04trmiss40_trlocglobal,32,0.0001,0.0001,1,16,1,False,0.1,lr1e-04_bs32_modL1_fusion16_fusionL1_fusionBN0_drop0p1__wd1e-04trmiss40_trlocglobal,3,0.6564420262972513,0.6911890804767609,0.541501976284585,0.5772775495720804,0.5777777777777777,0.0,0.0,0.0,0.0,0.0,0.0,0.0,0.0,0.0,,,,,18473,global,0.4
4,2,lr1e-04_bs32_modL1_fusion16_fusionL1_fusionBN0_drop0p1__wd1e-04trmiss40_trlocglobal,32,0.0001,0.0001,1,16,1,False,0.1,lr1e-04_bs32_modL1_fusion16_fusionL1_fusionBN0_drop0p1__wd1e-04trmiss40_trlocglobal,4,0.6484797894954681,0.6915298104286194,0.5296442687747036,0.5753281059314428,0.5777777777777777,0.0,0.0,0.0,0.0,0.0,0.0,0.0,0.0,0.0,,,,,18473,global,0.4
4,2,lr1e-04_bs32_modL1_fusion16_fusionL1_fusionBN0_drop0p1__wd1e-04trmiss40_trlocglobal,32,0.0001,0.0001,1,16,1,False,0.1,lr1e-04_bs32_modL1_fusion16_fusionL1_fusionBN0_drop0p1__wd1e-04trmiss40_trlocglobal,5,0.6434417764345804,0.6918742656707764,0.5296442687747035,0.570483524337342,0.5111111111111111,0.0,0.0,0.0,0.0,0.0,0.0,0.0,0.0,0.0,,,,,18473,global,0.4
4,2,lr1e-04_bs32_modL1_fusion16_fusionL1_fusionBN0_drop0p1__wd1e-04trmiss40_trlocglobal,32,0.0001,0.0001,1,16,1,False,0.1,lr1e-04_bs32_modL1_fusion16_fusionL1_fusionBN0_drop0p1__wd1e-04trmiss40_trlocglobal,6,0.6289152801036835,0.6946199238300323,0.49604743083003955,0.5513860397501494,0.4888888888888889,0.0,0.0,0.0,0.0,0.0,0.0,0.0,0.0,0.0,,,,,18473,global,0.4
4,2,lr1e-04_bs32_modL1_fusion16_fusionL1_fusionBN0_drop0p1__wd1e-04trmiss40_trlocglobal,32,0.0001,0.0001,1,16,1,False,0.1,lr1e-04_bs32_modL1_fusion16_fusionL1_fusionBN0_drop0p1__wd1e-04trmiss40_trlocglobal,7,0.6195784211158752,0.6955006718635559,0.49604743083003955,0.5336899605368184,0.4666666666666667,0.0,0.0,0.0,0.0,0.0,0.0,0.0,0.0,0.0,,,,,18473,global,0.4
4,2,lr1e-04_bs32_modL1_fusion16_fusionL1_fusionBN0_drop0p1__wd1e-04trmiss40_trlocglobal,32,0.0001,0.0001,1,16,1,False,0.1,lr1e-04_bs32_modL1_fusion16_fusionL1_fusionBN0_drop0p1__wd1e-04trmiss40_trlocglobal,8,0.6196836034456888,0.6950374841690063,0.5,0.5114203229115563,0.4666666666666667,0.0,0.0,0.0,0.0,0.0,0.0,0.0,0.0,0.0,,,,,18473,global,0.4
4,2,lr1e-04_bs32_modL1_fusion16_fusionL1_fusionBN0_drop0p1__wd1e-04trmiss40_trlocglobal,32,0.0001,0.0001,1,16,1,False,0.1,lr1e-04_bs32_modL1_fusion16_fusionL1_fusionBN0_drop0p1__wd1e-04trmiss40_trlocglobal,9,0.6047504941622416,0.6947038173675537,0.5177865612648221,0.5380308956341636,0.4888888888888889,0.0,0.0,0.0,0.0,0.0,0.0,0.0,0.0,0.0,,,,,18473,global,0.4
4,2,lr1e-04_bs32_modL1_fusion16_fusionL1_fusionBN0_drop0p1__wd1e-04trmiss40_trlocglobal,32,0.0001,0.0001,1,16,1,False,0.1,lr1e-04_bs32_modL1_fusion16_fusionL1_fusionBN0_drop0p1__wd1e-04trmiss40_trlocglobal,10,0.6048902670542399,0.6951431632041931,0.5098814229249012,0.5377039007372834,0.4666666666666667,0.0,0.0,0.0,0.0,0.0,0.0,0.0,0.0,0.0,,,,,18473,global,0.4
4,2,lr1e-04_bs32_modL1_fusion16_fusionL1_fusionBN0_drop0p1__wd1e-04trmiss40_trlocglobal,32,0.0001,0.0001,1,16,1,False,0.1,lr1e-04_bs32_modL1_fusion16_fusionL1_fusionBN0_drop0p1__wd1e-04trmiss40_trlocglobal,11,0.602654347817103,0.6954839825630188,0.4841897233201581,0.5218859651494926,0.4666666666666667,0.0,0.0,0.0,0.0,0.0,0.0,0.0,0.0,0.0,,,,,18473,global,0.4
4,2,lr1e-04_bs32_modL1_fusion16_fusionL1_fusionBN0_drop0p1__wd1e-04trmiss40_trlocglobal,32,0.0001,0.0001,1,16,1,False,0.1,lr1e-04_bs32_modL1_fusion16_fusionL1_fusionBN0_drop0p1__wd1e-04trmiss40_trlocglobal,12,0.5968400835990906,0.6973935961723328,0.4782608695652174,0.4950557207314601,0.4888888888888889,0.0,0.0,0.0,0.0,0.0,0.0,0.0,0.0,0.0,,,,,18473,global,0.4
4,2,lr1e-04_bs32_modL1_fusion16_fusionL1_fusionBN0_drop0p1__wd1e-04trmiss40_trlocglobal,32,0.0001,0.0001,1,16,1,False,0.1,lr1e-04_bs32_modL1_fusion16_fusionL1_fusionBN0_drop0p1__wd1e-04trmiss40_trlocglobal,13,0.5837115049362183,0.6967463493347168,0.49604743083003955,0.5305143703541872,0.4666666666666667,0.0,0.0,0.0,0.0,0.0,0.0,0.0,0.0,0.0,,,,,18473,global,0.4
4,2,lr1e-04_bs32_modL1_fusion16_fusionL1_fusionBN0_drop0p1__wd1e-04trmiss40_trlocglobal,32,0.0001,0.0001,1,16,1,False,0.1,lr1e-04_bs32_modL1_fusion16_fusionL1_fusionBN0_drop0p1__wd1e-04trmiss40_trlocglobal,14,0.5801106592019399,0.6964594423770905,0.5098814229249011,0.5377828549478136,0.4666666666666667,0.0,0.0,0.0,0.0,0.0,0.0,0.0,0.0,0.0,,,,,18473,global,0.4
4,2,lr1e-04_bs32_modL1_fusion16_fusionL1_fusionBN0_drop0p1__wd1e-04trmiss40_trlocglobal,32,0.0001,0.0001,1,16,1,False,0.1,lr1e-04_bs32_modL1_fusion16_fusionL1_fusionBN0_drop0p1__wd1e-04trmiss40_trlocglobal,15,0.5748695731163025,0.6962561011314392,0.5138339920948617,0.5498910978812013,0.4666666666666667,0.0,0.0,0.0,0.0,0.0,0.0,0.0,0.0,0.0,,,,,18473,global,0.4
4,2,lr1e-04_bs32_modL1_fusion16_fusionL1_fusionBN0_drop0p1__wd1e-04trmiss40_trlocglobal,32,0.0001,0.0001,1,16,1,False,0.1,lr1e-04_bs32_modL1_fusion16_fusionL1_fusionBN0_drop0p1__wd1e-04trmiss40_trlocglobal,16,0.5649503469467163,0.6948090195655823,0.5237154150197628,0.5494009044175255,0.4666666666666667,0.0,0.0,0.0,0.0,0.0,0.0,0.0,0.0,0.0,,,,,18473,global,0.4
4,2,lr1e-04_bs32_modL1_fusion16_fusionL1_fusionBN0_drop0p1__wd1e-04trmiss40_trlocglobal,32,0.0001,0.0001,1,16,1,False,0.1,lr1e-04_bs32_modL1_fusion16_fusionL1_fusionBN0_drop0p1__wd1e-04trmiss40_trlocglobal,17,0.5615105132261912,0.6906603872776031,0.5454545454545454,0.5918032684202081,0.4888888888888889,0.0,0.0,0.0,0.0,0.0,0.0,0.0,0.0,0.0,,,,,18473,global,0.4
4,2,lr1e-04_bs32_modL1_fusion16_fusionL1_fusionBN0_drop0p1__wd1e-04trmiss40_trlocglobal,32,0.0001,0.0001,1,16,1,False,0.1,lr1e-04_bs32_modL1_fusion16_fusionL1_fusionBN0_drop0p1__wd1e-04trmiss40_trlocglobal,18,0.556426058212916,0.6908999383449554,0.5395256916996047,0.5846801935619963,0.4888888888888889,0.0,0.0,0.0,0.0,0.0,0.0,0.0,0.0,0.0,,,,,18473,global,0.4
4,2,lr1e-04_bs32_modL1_fusion16_fusionL1_fusionBN0_drop0p1__wd1e-04trmiss40_trlocglobal,32,0.0001,0.0001,1,16,1,False,0.1,lr1e-04_bs32_modL1_fusion16_fusionL1_fusionBN0_drop0p1__wd1e-04trmiss40_trlocglobal,19,0.5531277457873026,0.6922504901885986,0.5494071146245059,0.5769739839148017,0.5111111111111111,0.0,0.0,0.0,0.0,0.0,0.0,0.0,0.0,0.0,,,,,18473,global,0.4
4,2,lr1e-04_bs32_modL1_fusion16_fusionL1_fusionBN0_drop0p1__wd1e-04trmiss40_trlocglobal,32,0.0001,0.0001,1,16,1,False,0.1,lr1e-04_bs32_modL1_fusion16_fusionL1_fusionBN0_drop0p1__wd1e-04trmiss40_trlocglobal,20,0.5401478012402853,0.6923671364784241,0.5454545454545454,0.5848854628097657,0.5111111111111111,0.0,0.0,0.0,0.0,0.0,0.0,0.0,0.0,0.0,,,,,18473,global,0.4
4,2,lr1e-04_bs32_modL1_fusion16_fusionL1_fusionBN0_drop0p1__wd1e-04trmiss40_trlocglobal,32,0.0001,0.0001,1,16,1,False,0.1,lr1e-04_bs32_modL1_fusion16_fusionL1_fusionBN0_drop0p1__wd1e-04trmiss40_trlocglobal,21,0.5498597423235575,0.689375251531601,0.5770750988142292,0.6047058565900281,0.5555555555555556,0.0,0.0,0.0,0.0,0.0,0.0,0.0,0.0,0.0,,,,,18473,global,0.4
4,2,lr1e-04_bs32_modL1_fusion16_fusionL1_fusionBN0_drop0p1__wd1e-04trmiss40_trlocglobal,32,0.0001,0.0001,1,16,1,False,0.1,lr1e-04_bs32_modL1_fusion16_fusionL1_fusionBN0_drop0p1__wd1e-04trmiss40_trlocglobal,22,0.5350854694843292,0.6897366344928741,0.5652173913043479,0.6076195194732349,0.5333333333333333,0.0,0.0,0.0,0.0,0.0,0.0,0.0,0.0,0.0,,,,,18473,global,0.4
4,2,lr1e-04_bs32_modL1_fusion16_fusionL1_fusionBN0_drop0p1__wd1e-04trmiss40_trlocglobal,32,0.0001,0.0001,1,16,1,False,0.1,lr1e-04_bs32_modL1_fusion16_fusionL1_fusionBN0_drop0p1__wd1e-04trmiss40_trlocglobal,23,0.5293018221855164,0.6899950504302979,0.5592885375494071,0.6126548920678113,0.5555555555555556,0.0,0.0,0.0,0.0,0.0,0.0,0.0,0.0,0.0,,,,,18473,global,0.4
4,2,lr1e-04_bs32_modL1_fusion16_fusionL1_fusionBN0_drop0p1__wd1e-04trmiss40_trlocglobal,32,0.0001,0.0001,1,16,1,False,0.1,lr1e-04_bs32_modL1_fusion16_fusionL1_fusionBN0_drop0p1__wd1e-04trmiss40_trlocglobal,24,0.5254288713137308,0.6864870190620422,0.5770750988142292,0.6225205199324714,0.5777777777777777,0.0,0.0,0.0,0.0,0.0,0.0,0.0,0.0,0.0,,,,,18473,global,0.4
4,2,lr1e-04_bs32_modL1_fusion16_fusionL1_fusionBN0_drop0p1__wd1e-04trmiss40_trlocglobal,32,0.0001,0.0001,1,16,1,False,0.1,lr1e-04_bs32_modL1_fusion16_fusionL1_fusionBN0_drop0p1__wd1e-04trmiss40_trlocglobal,25,0.5169919431209564,0.6913609504699707,0.5632411067193677,0.6135728809700657,0.5555555555555556,0.0,0.0,0.0,0.0,0.0,0.0,0.0,0.0,0.0,,,,,18473,global,0.4
4,2,lr1e-04_bs32_modL1_fusion16_fusionL1_fusionBN0_drop0p1__wd1e-04trmiss40_trlocglobal,32,0.0001,0.0001,1,16,1,False,0.1,lr1e-04_bs32_modL1_fusion16_fusionL1_fusionBN0_drop0p1__wd1e-04trmiss40_trlocglobal,26,0.5236083914836248,0.6939940452575684,0.5454545454545454,0.6026011456127777,0.5555555555555556,0.0,0.0,0.0,0.0,0.0,0.0,0.0,0.0,0.0,,,,,18473,global,0.4
4,2,lr1e-04_bs32_modL1_fusion16_fusionL1_fusionBN0_drop0p1__wd1e-04trmiss40_trlocglobal,32,0.0001,0.0001,1,16,1,False,0.1,lr1e-04_bs32_modL1_fusion16_fusionL1_fusionBN0_drop0p1__wd1e-04trmiss40_trlocglobal,27,0.5142102837562561,0.692478209733963,0.5652173913043478,0.6163352368986846,0.5777777777777777,0.0,0.0,0.0,0.0,0.0,0.0,0.0,0.0,0.0,,,,,18473,global,0.4
4,2,lr1e-04_bs32_modL1_fusion16_fusionL1_fusionBN0_drop0p1__wd1e-04trmiss40_trlocglobal,32,0.0001,0.0001,1,16,1,False,0.1,lr1e-04_bs32_modL1_fusion16_fusionL1_fusionBN0_drop0p1__wd1e-04trmiss40_trlocglobal,28,0.5024174451828003,0.6900702118873596,0.5711462450592886,0.6059966888197603,0.6,0.0,0.0,0.0,0.0,0.0,0.0,0.0,0.0,0.0,,,,,18473,global,0.4
4,2,lr1e-04_bs32_modL1_fusion16_fusionL1_fusionBN0_drop0p1__wd1e-04trmiss40_trlocglobal,32,0.0001,0.0001,1,16,1,False,0.1,lr1e-04_bs32_modL1_fusion16_fusionL1_fusionBN0_drop0p1__wd1e-04trmiss40_trlocglobal,29,0.5037577251593272,0.6937506198883057,0.5553359683794467,0.5983976122723859,0.5555555555555556,0.0,0.0,0.0,0.0,0.0,0.0,0.0,0.0,0.0,,,,,18473,global,0.4
4,2,lr1e-04_bs32_modL1_fusion16_fusionL1_fusionBN0_drop0p1__wd1e-04trmiss40_trlocglobal,32,0.0001,0.0001,1,16,1,False,0.1,lr1e-04_bs32_modL1_fusion16_fusionL1_fusionBN0_drop0p1__wd1e-04trmiss40_trlocglobal,30,0.4929727266232173,0.6931232213973999,0.5632411067193677,0.612949690054763,0.5777777777777777,0.0,0.0,0.0,0.0,0.0,0.0,0.0,0.0,0.0,,,,,18473,global,0.4
4,2,lr1e-04_bs32_modL1_fusion16_fusionL1_fusionBN0_drop0p1__wd1e-04trmiss40_trlocglobal,32,0.0001,0.0001,1,16,1,False,0.1,lr1e-04_bs32_modL1_fusion16_fusionL1_fusionBN0_drop0p1__wd1e-04trmiss40_trlocglobal,31,0.49817052980264026,0.6906362771987915,0.5711462450592886,0.6153288460159753,0.5777777777777777,0.0,0.0,0.0,0.0,0.0,0.0,0.0,0.0,0.0,,,,,18473,global,0.4
4,2,lr1e-04_bs32_modL1_fusion16_fusionL1_fusionBN0_drop0p1__wd1e-04trmiss40_trlocglobal,32,0.0001,0.0001,1,16,1,False,0.1,lr1e-04_bs32_modL1_fusion16_fusionL1_fusionBN0_drop0p1__wd1e-04trmiss40_trlocglobal,32,0.48809727529684704,0.6882922351360321,0.5810276679841897,0.6252044726023984,0.5777777777777777,0.0,0.0,0.0,0.0,0.0,0.0,0.0,0.0,0.0,,,,,18473,global,0.4
4,2,lr1e-04_bs32_modL1_fusion16_fusionL1_fusionBN0_drop0p1__wd1e-04trmiss40_trlocglobal,32,0.0001,0.0001,1,16,1,False,0.1,lr1e-04_bs32_modL1_fusion16_fusionL1_fusionBN0_drop0p1__wd1e-04trmiss40_trlocglobal,33,0.47781741122404736,0.6859440207481384,0.5830039525691699,0.6133926205195291,0.6,0.0,0.0,0.0,0.0,0.0,0.0,0.0,0.0,0.0,,,,,18473,global,0.4
4,2,lr1e-04_bs32_modL1_fusion16_fusionL1_fusionBN0_drop0p1__wd1e-04trmiss40_trlocglobal,32,0.0001,0.0001,1,16,1,False,0.1,lr1e-04_bs32_modL1_fusion16_fusionL1_fusionBN0_drop0p1__wd1e-04trmiss40_trlocglobal,34,0.48133911192417145,0.6903759241104126,0.5671936758893281,0.6052111708080996,0.6222222222222222,0.0,0.0,0.0,0.0,0.0,0.0,0.0,0.0,0.0,,,,,18473,global,0.4
4,2,lr1e-04_bs32_modL1_fusion16_fusionL1_fusionBN0_drop0p1__wd1e-04trmiss40_trlocglobal,32,0.0001,0.0001,1,16,1,False,0.1,lr1e-04_bs32_modL1_fusion16_fusionL1_fusionBN0_drop0p1__wd1e-04trmiss40_trlocglobal,35,0.46984682480494183,0.6901957094669342,0.5671936758893281,0.6193910590292818,0.6,0.0,0.0,0.0,0.0,0.0,0.0,0.0,0.0,0.0,,,,,18473,global,0.4
4,2,lr1e-04_bs32_modL1_fusion16_fusionL1_fusionBN0_drop0p1__wd1e-04trmiss40_trlocglobal,32,0.0001,0.0001,1,16,1,False,0.1,lr1e-04_bs32_modL1_fusion16_fusionL1_fusionBN0_drop0p1__wd1e-04trmiss40_trlocglobal,36,0.4744698355595271,0.6882671415805817,0.5731225296442688,0.6221671053772923,0.6222222222222222,0.0,0.0,0.0,0.0,0.0,0.0,0.0,0.0,0.0,,,,,18473,global,0.4
4,2,lr1e-04_bs32_modL1_fusion16_fusionL1_fusionBN0_drop0p1__wd1e-04trmiss40_trlocglobal,32,0.0001,0.0001,1,16,1,False,0.1,lr1e-04_bs32_modL1_fusion16_fusionL1_fusionBN0_drop0p1__wd1e-04trmiss40_trlocglobal,37,0.46241811911265057,0.6873910427093506,0.575098814229249,0.6250906875294003,0.6,0.0,0.0,0.0,0.0,0.0,0.0,0.0,0.0,0.0,,,,,18473,global,0.4
4,2,lr1e-04_bs32_modL1_fusion16_fusionL1_fusionBN0_drop0p1__wd1e-04trmiss40_trlocglobal,32,0.0001,0.0001,1,16,1,False,0.1,lr1e-04_bs32_modL1_fusion16_fusionL1_fusionBN0_drop0p1__wd1e-04trmiss40_trlocglobal,38,0.4596939782301585,0.6875463426113129,0.575098814229249,0.6208604198600803,0.6,0.0,0.0,0.0,0.0,0.0,0.0,0.0,0.0,0.0,,,,,18473,global,0.4
4,2,lr1e-04_bs32_modL1_fusion16_fusionL1_fusionBN0_drop0p1__wd1e-04trmiss40_trlocglobal,32,0.0001,0.0001,1,16,1,False,0.1,lr1e-04_bs32_modL1_fusion16_fusionL1_fusionBN0_drop0p1__wd1e-04trmiss40_trlocglobal,39,0.4470205654700597,0.6853103041648865,0.575098814229249,0.6202001221193985,0.6,0.0,0.0,0.0,0.0,0.0,0.0,0.0,0.0,0.0,,,,,18473,global,0.4
4,2,lr1e-04_bs32_modL1_fusion16_fusionL1_fusionBN0_drop0p1__wd1e-04trmiss40_trlocglobal,32,0.0001,0.0001,1,16,1,False,0.1,lr1e-04_bs32_modL1_fusion16_fusionL1_fusionBN0_drop0p1__wd1e-04trmiss40_trlocglobal,40,0.4482051432132721,0.6868219971656799,0.5790513833992095,0.6250823807201925,0.6,0.0,0.0,0.0,0.0,0.0,0.0,0.0,0.0,0.0,,,,,18473,global,0.4
4,2,lr1e-04_bs32_modL1_fusion16_fusionL1_fusionBN0_drop0p1__wd1e-04trmiss40_trlocglobal,32,0.0001,0.0001,1,16,1,False,0.1,lr1e-04_bs32_modL1_fusion16_fusionL1_fusionBN0_drop0p1__wd1e-04trmiss40_trlocglobal,41,0.4452706178029378,0.6893018484115601,0.5711462450592886,0.6210775288892537,0.6,0.0,0.0,0.0,0.0,0.0,0.0,0.0,0.0,0.0,,,,,18473,global,0.4
4,2,lr1e-04_bs32_modL1_fusion16_fusionL1_fusionBN0_drop0p1__wd1e-04trmiss40_trlocglobal,32,0.0001,0.0001,1,16,1,False,0.1,lr1e-04_bs32_modL1_fusion16_fusionL1_fusionBN0_drop0p1__wd1e-04trmiss40_trlocglobal,42,0.4474022388458252,0.6878736913204193,0.575098814229249,0.6208440503663015,0.6,0.0,0.0,0.0,0.0,0.0,0.0,0.0,0.0,0.0,,,,,18473,global,0.4
4,2,lr1e-04_bs32_modL1_fusion16_fusionL1_fusionBN0_drop0p1__wd1e-04trmiss40_trlocglobal,32,0.0001,0.0001,1,16,1,False,0.1,lr1e-04_bs32_modL1_fusion16_fusionL1_fusionBN0_drop0p1__wd1e-04trmiss40_trlocglobal,43,0.445030356446902,0.6884518265724182,0.5770750988142292,0.6170468302519458,0.6,0.0,0.0,0.0,0.0,0.0,0.0,0.0,0.0,0.0,,,,,18473,global,0.4
4,2,lr1e-04_bs32_modL1_fusion16_fusionL1_fusionBN0_drop0p1__wd1e-04trmiss40_trlocglobal,32,0.0001,0.0001,1,16,1,False,0.1,lr1e-04_bs32_modL1_fusion16_fusionL1_fusionBN0_drop0p1__wd1e-04trmiss40_trlocglobal,44,0.43400629858175915,0.6915914714336395,0.5652173913043478,0.6041501918818252,0.6,0.0,0.0,0.0,0.0,0.0,0.0,0.0,0.0,0.0,,,,,18473,global,0.4
4,2,lr1e-04_bs32_modL1_fusion16_fusionL1_fusionBN0_drop0p1__wd1e-04trmiss40_trlocglobal,32,0.0001,0.0001,1,16,1,False,0.1,lr1e-04_bs32_modL1_fusion16_fusionL1_fusionBN0_drop0p1__wd1e-04trmiss40_trlocglobal,45,0.4378559539715449,0.6920401453971863,0.5691699604743083,0.5946951631742288,0.6,0.0,0.0,0.0,0.0,0.0,0.0,0.0,0.0,0.0,,,,,18473,global,0.4
4,2,lr1e-04_bs32_modL1_fusion16_fusionL1_fusionBN0_drop0p1__wd1e-04trmiss40_trlocglobal,32,0.0001,0.0001,1,16,1,False,0.1,lr1e-04_bs32_modL1_fusion16_fusionL1_fusionBN0_drop0p1__wd1e-04trmiss40_trlocglobal,46,0.4303860167662303,0.6900833547115326,0.575098814229249,0.5963620724264415,0.6,0.0,0.0,0.0,0.0,0.0,0.0,0.0,0.0,0.0,,,,,18473,global,0.4
4,2,lr1e-04_bs32_modL1_fusion16_fusionL1_fusionBN0_drop0p1__wd1e-04trmiss40_trlocglobal,32,0.0001,0.0001,1,16,1,False,0.1,lr1e-04_bs32_modL1_fusion16_fusionL1_fusionBN0_drop0p1__wd1e-04trmiss40_trlocglobal,47,0.42891839643319446,0.6901231408119202,0.5632411067193676,0.5932759705752004,0.6,0.0,0.0,0.0,0.0,0.0,0.0,0.0,0.0,0.0,,,,,18473,global,0.4
4,2,lr1e-04_bs32_modL1_fusion16_fusionL1_fusionBN0_drop0p1__wd1e-04trmiss40_trlocglobal,32,0.0001,0.0001,1,16,1,False,0.1,lr1e-04_bs32_modL1_fusion16_fusionL1_fusionBN0_drop0p1__wd1e-04trmiss40_trlocglobal,48,0.423293540875117,0.6914226114749908,0.5632411067193677,0.5940285953331942,0.6,0.0,0.0,0.0,0.0,0.0,0.0,0.0,0.0,0.0,,,,,18473,global,0.4
4,2,lr1e-04_bs32_modL1_fusion16_fusionL1_fusionBN0_drop0p1__wd1e-04trmiss40_trlocglobal,32,0.0001,0.0001,1,16,1,False,0.1,lr1e-04_bs32_modL1_fusion16_fusionL1_fusionBN0_drop0p1__wd1e-04trmiss40_trlocglobal,49,0.42414464553197223,0.6923395991325378,0.5592885375494071,0.5888052801104326,0.6,0.0,0.0,0.0,0.0,0.0,0.0,0.0,0.0,0.0,,,,,18473,global,0.4
4,2,lr1e-04_bs32_modL1_fusion16_fusionL1_fusionBN0_drop0p1__wd1e-04trmiss40_trlocglobal,32,0.0001,0.0001,1,16,1,False,0.1,lr1e-04_bs32_modL1_fusion16_fusionL1_fusionBN0_drop0p1__wd1e-04trmiss40_trlocglobal,50,0.4257537970940272,0.6886509954929352,0.5671936758893281,0.5946688019552441,0.6,0.0,0.0,0.0,0.0,0.0,0.0,0.0,0.0,0.0,,,,,18473,global,0.4
4,2,lr1e-04_bs32_modL1_fusion16_fusionL1_fusionBN0_drop0p1__wd1e-04trmiss40_trlocglobal,32,0.0001,0.0001,1,16,1,False,0.1,lr1e-04_bs32_modL1_fusion16_fusionL1_fusionBN0_drop0p1__wd1e-04trmiss40_trlocglobal,51,0.4224107513825099,0.6854862868785858,0.5691699604743083,0.5957018789379778,0.6,0.0,0.0,0.0,0.0,0.0,0.0,0.0,0.0,0.0,,,,,18473,global,0.4
4,2,lr1e-04_bs32_modL1_fusion16_fusionL1_fusionBN0_drop0p1__wd1e-04trmiss40_trlocglobal,32,0.0001,0.0001,1,16,1,False,0.1,lr1e-04_bs32_modL1_fusion16_fusionL1_fusionBN0_drop0p1__wd1e-04trmiss40_trlocglobal,52,0.4118300676345825,0.6854555010795593,0.575098814229249,0.6012158417625998,0.6,0.0,0.0,0.0,0.0,0.0,0.0,0.0,0.0,0.0,,,,,18473,global,0.4
4,2,lr1e-04_bs32_modL1_fusion16_fusionL1_fusionBN0_drop0p1__wd1e-04trmiss40_trlocglobal,32,0.0001,0.0001,1,16,1,False,0.1,lr1e-04_bs32_modL1_fusion16_fusionL1_fusionBN0_drop0p1__wd1e-04trmiss40_trlocglobal,53,0.41251225769519806,0.6838869452476501,0.5770750988142292,0.601437041411717,0.6,0.0,0.0,0.0,0.0,0.0,0.0,0.0,0.0,0.0,,,,,18473,global,0.4
4,2,lr1e-04_bs32_modL1_fusion32_fusionL1_fusionBN0_drop0p2__wd1e-04trmiss40_trlocglobal,32,0.0001,0.0001,1,32,1,False,0.2,lr1e-04_bs32_modL1_fusion32_fusionL1_fusionBN0_drop0p2__wd1e-04trmiss40_trlocglobal,1,0.7045301298300425,0.6941416263580322,0.4703557312252964,0.5553155442535602,0.5111111111111111,0.0,0.0,0.0,0.0,0.0,0.0,0.0,0.0,0.0,,,,,18473,global,0.4
4,2,lr1e-04_bs32_modL1_fusion32_fusionL1_fusionBN0_drop0p2__wd1e-04trmiss40_trlocglobal,32,0.0001,0.0001,1,32,1,False,0.2,lr1e-04_bs32_modL1_fusion32_fusionL1_fusionBN0_drop0p2__wd1e-04trmiss40_trlocglobal,2,0.6871119538942972,0.6923719346523285,0.4802371541501976,0.6062005354700577,0.5555555555555556,0.0,0.0,0.0,0.0,0.0,0.0,0.0,0.0,0.0,,,,,18473,global,0.4
4,2,lr1e-04_bs32_modL1_fusion32_fusionL1_fusionBN0_drop0p2__wd1e-04trmiss40_trlocglobal,32,0.0001,0.0001,1,32,1,False,0.2,lr1e-04_bs32_modL1_fusion32_fusionL1_fusionBN0_drop0p2__wd1e-04trmiss40_trlocglobal,3,0.6657000382741293,0.6937782764434814,0.4723320158102766,0.5886818822892175,0.5555555555555556,0.0,0.0,0.0,0.0,0.0,0.0,0.0,0.0,0.0,,,,,18473,global,0.4
4,2,lr1e-04_bs32_modL1_fusion32_fusionL1_fusionBN0_drop0p2__wd1e-04trmiss40_trlocglobal,32,0.0001,0.0001,1,32,1,False,0.2,lr1e-04_bs32_modL1_fusion32_fusionL1_fusionBN0_drop0p2__wd1e-04trmiss40_trlocglobal,4,0.6557524899641672,0.6937313377857208,0.47430830039525695,0.5893560285166011,0.5333333333333333,0.0,0.0,0.0,0.0,0.0,0.0,0.0,0.0,0.0,,,,,18473,global,0.4
4,2,lr1e-04_bs32_modL1_fusion32_fusionL1_fusionBN0_drop0p2__wd1e-04trmiss40_trlocglobal,32,0.0001,0.0001,1,32,1,False,0.2,lr1e-04_bs32_modL1_fusion32_fusionL1_fusionBN0_drop0p2__wd1e-04trmiss40_trlocglobal,5,0.6426619986693064,0.6965539753437042,0.4525691699604743,0.5376715646379956,0.5333333333333333,0.0,0.0,0.0,0.0,0.0,0.0,0.0,0.0,0.0,,,,,18473,global,0.4
4,2,lr1e-04_bs32_modL1_fusion32_fusionL1_fusionBN0_drop0p2__wd1e-04trmiss40_trlocglobal,32,0.0001,0.0001,1,32,1,False,0.2,lr1e-04_bs32_modL1_fusion32_fusionL1_fusionBN0_drop0p2__wd1e-04trmiss40_trlocglobal,6,0.6334758400917053,0.6955686509609222,0.4565217391304348,0.5844102812705934,0.5111111111111111,0.0,0.0,0.0,0.0,0.0,0.0,0.0,0.0,0.0,,,,,18473,global,0.4
4,2,lr1e-04_bs32_modL1_fusion32_fusionL1_fusionBN0_drop0p2__wd1e-04trmiss40_trlocglobal,32,0.0001,0.0001,1,32,1,False,0.2,lr1e-04_bs32_modL1_fusion32_fusionL1_fusionBN0_drop0p2__wd1e-04trmiss40_trlocglobal,7,0.6311069329579672,0.6973871290683746,0.4426877470355731,0.5638341999208548,0.5111111111111111,0.0,0.0,0.0,0.0,0.0,0.0,0.0,0.0,0.0,,,,,18473,global,0.4
4,2,lr1e-04_bs32_modL1_fusion32_fusionL1_fusionBN0_drop0p2__wd1e-04trmiss40_trlocglobal,32,0.0001,0.0001,1,32,1,False,0.2,lr1e-04_bs32_modL1_fusion32_fusionL1_fusionBN0_drop0p2__wd1e-04trmiss40_trlocglobal,8,0.6196165978908539,0.6995868384838104,0.44664031620553357,0.5259393428124427,0.5333333333333333,0.0,0.0,0.0,0.0,0.0,0.0,0.0,0.0,0.0,,,,,18473,global,0.4
4,2,lr1e-04_bs32_modL1_fusion32_fusionL1_fusionBN0_drop0p2__wd1e-04trmiss40_trlocglobal,32,0.0001,0.0001,1,32,1,False,0.2,lr1e-04_bs32_modL1_fusion32_fusionL1_fusionBN0_drop0p2__wd1e-04trmiss40_trlocglobal,9,0.6164695123831431,0.7016010880470276,0.4525691699604743,0.5327216678714157,0.5333333333333333,0.0,0.0,0.0,0.0,0.0,0.0,0.0,0.0,0.0,,,,,18473,global,0.4
4,2,lr1e-04_bs32_modL1_fusion32_fusionL1_fusionBN0_drop0p2__wd1e-04trmiss40_trlocglobal,32,0.0001,0.0001,1,32,1,False,0.2,lr1e-04_bs32_modL1_fusion32_fusionL1_fusionBN0_drop0p2__wd1e-04trmiss40_trlocglobal,10,0.6016962826251984,0.7008739113807678,0.46245059288537543,0.5927122967727251,0.5333333333333333,0.0,0.0,0.0,0.0,0.0,0.0,0.0,0.0,0.0,,,,,18473,global,0.4
4,2,lr1e-04_bs32_modL1_fusion32_fusionL1_fusionBN0_drop0p2__wd1e-04trmiss40_trlocglobal,32,0.0001,0.0001,1,32,1,False,0.2,lr1e-04_bs32_modL1_fusion32_fusionL1_fusionBN0_drop0p2__wd1e-04trmiss40_trlocglobal,11,0.5913922389348348,0.6998052000999451,0.4723320158102767,0.5998472550195876,0.5111111111111111,0.0,0.0,0.0,0.0,0.0,0.0,0.0,0.0,0.0,,,,,18473,global,0.4
4,2,lr1e-04_bs32_modL1_fusion32_fusionL1_fusionBN0_drop0p2__wd1e-04trmiss40_trlocglobal,32,0.0001,0.0001,1,32,1,False,0.2,lr1e-04_bs32_modL1_fusion32_fusionL1_fusionBN0_drop0p2__wd1e-04trmiss40_trlocglobal,12,0.5877392590045929,0.6936466097831726,0.4980237154150198,0.6160326747634641,0.5333333333333333,0.0,0.0,0.0,0.0,0.0,0.0,0.0,0.0,0.0,,,,,18473,global,0.4
4,2,lr1e-04_bs32_modL1_fusion32_fusionL1_fusionBN0_drop0p2__wd1e-04trmiss40_trlocglobal,32,0.0001,0.0001,1,32,1,False,0.2,lr1e-04_bs32_modL1_fusion32_fusionL1_fusionBN0_drop0p2__wd1e-04trmiss40_trlocglobal,13,0.579360673824946,0.692693829536438,0.4940711462450593,0.6022931270405405,0.5111111111111111,0.0,0.0,0.0,0.0,0.0,0.0,0.0,0.0,0.0,,,,,18473,global,0.4
4,2,lr1e-04_bs32_modL1_fusion32_fusionL1_fusionBN0_drop0p2__wd1e-04trmiss40_trlocglobal,32,0.0001,0.0001,1,32,1,False,0.2,lr1e-04_bs32_modL1_fusion32_fusionL1_fusionBN0_drop0p2__wd1e-04trmiss40_trlocglobal,14,0.5737633307774862,0.6954628229141235,0.4822134387351779,0.5756558843274947,0.5111111111111111,0.0,0.0,0.0,0.0,0.0,0.0,0.0,0.0,0.0,,,,,18473,global,0.4
4,2,lr1e-04_bs32_modL1_fusion32_fusionL1_fusionBN0_drop0p2__wd1e-04trmiss40_trlocglobal,32,0.0001,0.0001,1,32,1,False,0.2,lr1e-04_bs32_modL1_fusion32_fusionL1_fusionBN0_drop0p2__wd1e-04trmiss40_trlocglobal,15,0.5700208246707916,0.697034478187561,0.48221343873517786,0.5879958993849012,0.5111111111111111,0.0,0.0,0.0,0.0,0.0,0.0,0.0,0.0,0.0,,,,,18473,global,0.4
4,2,lr1e-04_bs32_modL1_fusion32_fusionL1_fusionBN0_drop0p2__wd1e-04trmiss40_trlocglobal,32,0.0001,0.0001,1,32,1,False,0.2,lr1e-04_bs32_modL1_fusion32_fusionL1_fusionBN0_drop0p2__wd1e-04trmiss40_trlocglobal,16,0.5666379531224569,0.69814333319664,0.47826086956521746,0.6032326069928159,0.5111111111111111,0.0,0.0,0.0,0.0,0.0,0.0,0.0,0.0,0.0,,,,,18473,global,0.4
4,2,lr1e-04_bs32_modL1_fusion32_fusionL1_fusionBN0_drop0p2__wd1e-04trmiss40_trlocglobal,32,0.0001,0.0001,1,32,1,False,0.2,lr1e-04_bs32_modL1_fusion32_fusionL1_fusionBN0_drop0p2__wd1e-04trmiss40_trlocglobal,17,0.5604002078374227,0.6955229640007019,0.4822134387351779,0.5996040008249849,0.5555555555555556,0.0,0.0,0.0,0.0,0.0,0.0,0.0,0.0,0.0,,,,,18473,global,0.4
4,2,lr1e-04_bs32_modL1_fusion32_fusionL1_fusionBN0_drop0p2__wd1e-04trmiss40_trlocglobal,32,0.0001,0.0001,1,32,1,False,0.2,lr1e-04_bs32_modL1_fusion32_fusionL1_fusionBN0_drop0p2__wd1e-04trmiss40_trlocglobal,18,0.5536150634288788,0.6971373856067657,0.48418972332015814,0.5860685310656982,0.5333333333333333,0.0,0.0,0.0,0.0,0.0,0.0,0.0,0.0,0.0,,,,,18473,global,0.4
4,2,lr1e-04_bs32_modL1_fusion32_fusionL1_fusionBN0_drop0p2__wd1e-04trmiss40_trlocglobal,32,0.0001,0.0001,1,32,1,False,0.2,lr1e-04_bs32_modL1_fusion32_fusionL1_fusionBN0_drop0p2__wd1e-04trmiss40_trlocglobal,19,0.5528421103954315,0.6936275660991669,0.5079051383399209,0.6132880430269244,0.5111111111111111,0.0,0.0,0.0,0.0,0.0,0.0,0.0,0.0,0.0,,,,,18473,global,0.4
4,2,lr1e-04_bs32_modL1_fusion32_fusionL1_fusionBN0_drop0p2__wd1e-04trmiss40_trlocglobal,32,0.0001,0.0001,1,32,1,False,0.2,lr1e-04_bs32_modL1_fusion32_fusionL1_fusionBN0_drop0p2__wd1e-04trmiss40_trlocglobal,20,0.5282758971055349,0.6971860527992249,0.4920948616600791,0.5501561504325573,0.5111111111111111,0.0,0.0,0.0,0.0,0.0,0.0,0.0,0.0,0.0,,,,,18473,global,0.4
4,2,lr1e-04_bs32_modL1_fusion32_fusionL1_fusionBN0_drop0p2__wd1e-04trmiss40_trlocglobal,32,0.0001,0.0001,1,32,1,False,0.2,lr1e-04_bs32_modL1_fusion32_fusionL1_fusionBN0_drop0p2__wd1e-04trmiss40_trlocglobal,21,0.5294054498275121,0.6981125473976135,0.4960474308300395,0.5602119564947309,0.5111111111111111,0.0,0.0,0.0,0.0,0.0,0.0,0.0,0.0,0.0,,,,,18473,global,0.4
4,2,lr1e-04_bs32_modL1_fusion32_fusionL1_fusionBN0_drop0p2__wd1e-04trmiss40_trlocglobal,32,0.0001,0.0001,1,32,1,False,0.2,lr1e-04_bs32_modL1_fusion32_fusionL1_fusionBN0_drop0p2__wd1e-04trmiss40_trlocglobal,22,0.5283852020899454,0.6960203647613525,0.5059288537549407,0.6042911443992482,0.5111111111111111,0.0,0.0,0.0,0.0,0.0,0.0,0.0,0.0,0.0,,,,,18473,global,0.4
4,2,lr1e-04_bs32_modL1_fusion32_fusionL1_fusionBN0_drop0p2__wd1e-04trmiss40_trlocglobal,32,0.0001,0.0001,1,32,1,False,0.2,lr1e-04_bs32_modL1_fusion32_fusionL1_fusionBN0_drop0p2__wd1e-04trmiss40_trlocglobal,23,0.5290302634239197,0.6938645839691162,0.5158102766798419,0.6266692419848736,0.5333333333333333,0.0,0.0,0.0,0.0,0.0,0.0,0.0,0.0,0.0,,,,,18473,global,0.4
4,2,lr1e-04_bs32_modL1_fusion32_fusionL1_fusionBN0_drop0p2__wd1e-04trmiss40_trlocglobal,32,0.0001,0.0001,1,32,1,False,0.2,lr1e-04_bs32_modL1_fusion32_fusionL1_fusionBN0_drop0p2__wd1e-04trmiss40_trlocglobal,24,0.5068947970867157,0.6922884583473206,0.525691699604743,0.6252775050782626,0.5111111111111111,0.0,0.0,0.0,0.0,0.0,0.0,0.0,0.0,0.0,,,,,18473,global,0.4
4,2,lr1e-04_bs32_modL1_fusion32_fusionL1_fusionBN0_drop0p2__wd1e-04trmiss40_trlocglobal,32,0.0001,0.0001,1,32,1,False,0.2,lr1e-04_bs32_modL1_fusion32_fusionL1_fusionBN0_drop0p2__wd1e-04trmiss40_trlocglobal,25,0.5025424311558405,0.6910466253757477,0.5177865612648221,0.6191099206498086,0.5555555555555556,0.0,0.0,0.0,0.0,0.0,0.0,0.0,0.0,0.0,,,,,18473,global,0.4
4,2,lr1e-04_bs32_modL1_fusion32_fusionL1_fusionBN0_drop0p2__wd1e-04trmiss40_trlocglobal,32,0.0001,0.0001,1,32,1,False,0.2,lr1e-04_bs32_modL1_fusion32_fusionL1_fusionBN0_drop0p2__wd1e-04trmiss40_trlocglobal,26,0.5103990336259207,0.6916206181049347,0.5197628458498024,0.6170412393799671,0.5111111111111111,0.0,0.0,0.0,0.0,0.0,0.0,0.0,0.0,0.0,,,,,18473,global,0.4
4,2,lr1e-04_bs32_modL1_fusion32_fusionL1_fusionBN0_drop0p2__wd1e-04trmiss40_trlocglobal,32,0.0001,0.0001,1,32,1,False,0.2,lr1e-04_bs32_modL1_fusion32_fusionL1_fusionBN0_drop0p2__wd1e-04trmiss40_trlocglobal,27,0.49760304391384125,0.6896336078643799,0.5296442687747035,0.6268738359826972,0.5333333333333333,0.0,0.0,0.0,0.0,0.0,0.0,0.0,0.0,0.0,,,,,18473,global,0.4
4,2,lr1e-04_bs32_modL1_fusion32_fusionL1_fusionBN0_drop0p2__wd1e-04trmiss40_trlocglobal,32,0.0001,0.0001,1,32,1,False,0.2,lr1e-04_bs32_modL1_fusion32_fusionL1_fusionBN0_drop0p2__wd1e-04trmiss40_trlocglobal,28,0.4904024004936218,0.692196786403656,0.5217391304347826,0.6219670377840264,0.5333333333333333,0.0,0.0,0.0,0.0,0.0,0.0,0.0,0.0,0.0,,,,,18473,global,0.4
4,2,lr1e-04_bs32_modL1_fusion32_fusionL1_fusionBN0_drop0p2__wd1e-04trmiss40_trlocglobal,32,0.0001,0.0001,1,32,1,False,0.2,lr1e-04_bs32_modL1_fusion32_fusionL1_fusionBN0_drop0p2__wd1e-04trmiss40_trlocglobal,29,0.479339932401975,0.6952593624591827,0.5237154150197628,0.6267969676513517,0.5555555555555556,0.0,0.0,0.0,0.0,0.0,0.0,0.0,0.0,0.0,,,,,18473,global,0.4
4,2,lr1e-04_bs32_modL1_fusion32_fusionL1_fusionBN0_drop0p2__wd1e-04trmiss40_trlocglobal,32,0.0001,0.0001,1,32,1,False,0.2,lr1e-04_bs32_modL1_fusion32_fusionL1_fusionBN0_drop0p2__wd1e-04trmiss40_trlocglobal,30,0.4819433589776357,0.6973207890987396,0.5237154150197628,0.6258358899120043,0.5555555555555556,0.0,0.0,0.0,0.0,0.0,0.0,0.0,0.0,0.0,,,,,18473,global,0.4
4,2,lr1e-04_bs32_modL1_fusion32_fusionL1_fusionBN0_drop0p2__wd1e-04trmiss40_trlocglobal,32,0.0001,0.0001,1,32,1,False,0.2,lr1e-04_bs32_modL1_fusion32_fusionL1_fusionBN0_drop0p2__wd1e-04trmiss40_trlocglobal,31,0.4755319853623708,0.6870430409908295,0.5592885375494071,0.6562057626995532,0.5777777777777777,0.0,0.0,0.0,0.0,0.0,0.0,0.0,0.0,0.0,,,,,18473,global,0.4
4,2,lr1e-04_bs32_modL1_fusion32_fusionL1_fusionBN0_drop0p2__wd1e-04trmiss40_trlocglobal,32,0.0001,0.0001,1,32,1,False,0.2,lr1e-04_bs32_modL1_fusion32_fusionL1_fusionBN0_drop0p2__wd1e-04trmiss40_trlocglobal,32,0.46709658205509186,0.6865831017494202,0.5652173913043479,0.6549546707617958,0.5777777777777777,0.0,0.0,0.0,0.0,0.0,0.0,0.0,0.0,0.0,,,,,18473,global,0.4
4,2,lr1e-04_bs32_modL1_fusion32_fusionL1_fusionBN0_drop0p2__wd1e-04trmiss40_trlocglobal,32,0.0001,0.0001,1,32,1,False,0.2,lr1e-04_bs32_modL1_fusion32_fusionL1_fusionBN0_drop0p2__wd1e-04trmiss40_trlocglobal,33,0.47314343353112537,0.6923966705799103,0.5454545454545454,0.6313572825172693,0.6,0.0,0.0,0.0,0.0,0.0,0.0,0.0,0.0,0.0,,,,,18473,global,0.4
4,2,lr1e-04_bs32_modL1_fusion32_fusionL1_fusionBN0_drop0p2__wd1e-04trmiss40_trlocglobal,32,0.0001,0.0001,1,32,1,False,0.2,lr1e-04_bs32_modL1_fusion32_fusionL1_fusionBN0_drop0p2__wd1e-04trmiss40_trlocglobal,34,0.4612363576889038,0.6900106966495514,0.5553359683794467,0.6361008542044287,0.6,0.0,0.0,0.0,0.0,0.0,0.0,0.0,0.0,0.0,,,,,18473,global,0.4
4,2,lr1e-04_bs32_modL1_fusion32_fusionL1_fusionBN0_drop0p2__wd1e-04trmiss40_trlocglobal,32,0.0001,0.0001,1,32,1,False,0.2,lr1e-04_bs32_modL1_fusion32_fusionL1_fusionBN0_drop0p2__wd1e-04trmiss40_trlocglobal,35,0.4518692195415497,0.6904627084732056,0.5632411067193676,0.6430377108895693,0.6222222222222222,0.0,0.0,0.0,0.0,0.0,0.0,0.0,0.0,0.0,,,,,18473,global,0.4
4,2,lr1e-04_bs32_modL1_fusion32_fusionL1_fusionBN0_drop0p2__wd1e-04trmiss40_trlocglobal,32,0.0001,0.0001,1,32,1,False,0.2,lr1e-04_bs32_modL1_fusion32_fusionL1_fusionBN0_drop0p2__wd1e-04trmiss40_trlocglobal,36,0.4636573741833369,0.6979298889636993,0.5553359683794467,0.6401359112958981,0.6666666666666666,0.0,0.0,0.0,0.0,0.0,0.0,0.0,0.0,0.0,,,,,18473,global,0.4
4,2,lr1e-04_bs32_modL1_fusion32_fusionL1_fusionBN0_drop0p2__wd1e-04trmiss40_trlocglobal,32,0.0001,0.0001,1,32,1,False,0.2,lr1e-04_bs32_modL1_fusion32_fusionL1_fusionBN0_drop0p2__wd1e-04trmiss40_trlocglobal,37,0.44361384212970734,0.6969730257987976,0.5612648221343873,0.644815988735622,0.6222222222222222,0.0,0.0,0.0,0.0,0.0,0.0,0.0,0.0,0.0,,,,,18473,global,0.4
4,2,lr1e-04_bs32_modL1_fusion32_fusionL1_fusionBN0_drop0p2__wd1e-04trmiss40_trlocglobal,32,0.0001,0.0001,1,32,1,False,0.2,lr1e-04_bs32_modL1_fusion32_fusionL1_fusionBN0_drop0p2__wd1e-04trmiss40_trlocglobal,38,0.449307123819987,0.6945826411247253,0.567193675889328,0.6451584844659193,0.6222222222222222,0.0,0.0,0.0,0.0,0.0,0.0,0.0,0.0,0.0,,,,,18473,global,0.4
4,2,lr1e-04_bs32_modL1_fusion32_fusionL1_fusionBN0_drop0p2__wd1e-04trmiss40_trlocglobal,32,0.0001,0.0001,1,32,1,False,0.2,lr1e-04_bs32_modL1_fusion32_fusionL1_fusionBN0_drop0p2__wd1e-04trmiss40_trlocglobal,39,0.4269643972317378,0.694132924079895,0.5553359683794467,0.6287398931112667,0.6,0.0,0.0,0.0,0.0,0.0,0.0,0.0,0.0,0.0,,,,,18473,global,0.4
4,2,lr1e-04_bs32_modL1_fusion32_fusionL1_fusionBN0_drop0p2__wd1e-04trmiss40_trlocglobal,32,0.0001,0.0001,1,32,1,False,0.2,lr1e-04_bs32_modL1_fusion32_fusionL1_fusionBN0_drop0p2__wd1e-04trmiss40_trlocglobal,40,0.43002719680468243,0.6952494978904724,0.5553359683794467,0.6344288155840766,0.5777777777777777,0.0,0.0,0.0,0.0,0.0,0.0,0.0,0.0,0.0,,,,,18473,global,0.4
4,2,lr1e-04_bs32_modL1_fusion32_fusionL1_fusionBN0_drop0p2__wd1e-04trmiss40_trlocglobal,32,0.0001,0.0001,1,32,1,False,0.2,lr1e-04_bs32_modL1_fusion32_fusionL1_fusionBN0_drop0p2__wd1e-04trmiss40_trlocglobal,41,0.4230152666568756,0.6932657063007355,0.5632411067193676,0.6516153016181896,0.6,0.0,0.0,0.0,0.0,0.0,0.0,0.0,0.0,0.0,,,,,18473,global,0.4
4,2,lr1e-04_bs32_modL1_fusion32_fusionL1_fusionBN0_drop0p2__wd1e-04trmiss40_trlocglobal,32,0.0001,0.0001,1,32,1,False,0.2,lr1e-04_bs32_modL1_fusion32_fusionL1_fusionBN0_drop0p2__wd1e-04trmiss40_trlocglobal,42,0.4269988189140956,0.6996986269950867,0.5375494071146245,0.6224721170631057,0.5777777777777777,0.0,0.0,0.0,0.0,0.0,0.0,0.0,0.0,0.0,,,,,18473,global,0.4
4,2,lr1e-04_bs32_modL1_fusion32_fusionL1_fusionBN0_drop0p2__wd1e-04trmiss40_trlocglobal,32,0.0001,0.0001,1,32,1,False,0.2,lr1e-04_bs32_modL1_fusion32_fusionL1_fusionBN0_drop0p2__wd1e-04trmiss40_trlocglobal,43,0.41385826965173084,0.7021495997905731,0.5316205533596838,0.6167909191699448,0.5555555555555556,0.0,0.0,0.0,0.0,0.0,0.0,0.0,0.0,0.0,,,,,18473,global,0.4
4,2,lr1e-04_bs32_modL1_fusion32_fusionL1_fusionBN0_drop0p2__wd1e-04trmiss40_trlocglobal,32,0.0001,0.0001,1,32,1,False,0.2,lr1e-04_bs32_modL1_fusion32_fusionL1_fusionBN0_drop0p2__wd1e-04trmiss40_trlocglobal,44,0.4148697406053543,0.7004401683807373,0.5355731225296443,0.6197569827220196,0.5555555555555556,0.0,0.0,0.0,0.0,0.0,0.0,0.0,0.0,0.0,,,,,18473,global,0.4
4,2,lr1e-04_bs32_modL1_fusion32_fusionL1_fusionBN0_drop0p2__wd1e-04trmiss40_trlocglobal,32,0.0001,0.0001,1,32,1,False,0.2,lr1e-04_bs32_modL1_fusion32_fusionL1_fusionBN0_drop0p2__wd1e-04trmiss40_trlocglobal,45,0.4112415860096614,0.6960953772068024,0.5474308300395256,0.620553520170714,0.5555555555555556,0.0,0.0,0.0,0.0,0.0,0.0,0.0,0.0,0.0,,,,,18473,global,0.4
4,2,lr1e-04_bs32_modL1_fusion32_fusionL1_fusionBN0_drop0p2__wd1e-04trmiss40_trlocglobal,32,0.0001,0.0001,1,32,1,False,0.2,lr1e-04_bs32_modL1_fusion32_fusionL1_fusionBN0_drop0p2__wd1e-04trmiss40_trlocglobal,46,0.418395459651947,0.6931880116462708,0.5553359683794467,0.6267679390284967,0.5555555555555556,0.0,0.0,0.0,0.0,0.0,0.0,0.0,0.0,0.0,,,,,18473,global,0.4
4,2,lr1e-04_bs32_modL1_fusion32_fusionL1_fusionBN0_drop0p2__wd1e-04trmiss40_trlocglobal,32,0.0001,0.0001,1,32,1,False,0.2,lr1e-04_bs32_modL1_fusion32_fusionL1_fusionBN0_drop0p2__wd1e-04trmiss40_trlocglobal,47,0.40094906091690063,0.6959222853183746,0.5335968379446641,0.6121451011637754,0.5333333333333333,0.0,0.0,0.0,0.0,0.0,0.0,0.0,0.0,0.0,,,,,18473,global,0.4
4,2,lr1e-04_bs32_modL1_fusion32_fusionL1_fusionBN0_drop0p2__wd1e-04trmiss40_trlocglobal,32,0.0001,0.0001,1,32,1,False,0.2,lr1e-04_bs32_modL1_fusion32_fusionL1_fusionBN0_drop0p2__wd1e-04trmiss40_trlocglobal,48,0.40976833800474805,0.6960662603378296,0.5434782608695652,0.6180203715112794,0.5555555555555556,0.0,0.0,0.0,0.0,0.0,0.0,0.0,0.0,0.0,,,,,18473,global,0.4
4,2,lr1e-04_bs32_modL1_fusion32_fusionL1_fusionBN0_drop0p2__wd1e-04trmiss40_trlocglobal,32,0.0001,0.0001,1,32,1,False,0.2,lr1e-04_bs32_modL1_fusion32_fusionL1_fusionBN0_drop0p2__wd1e-04trmiss40_trlocglobal,49,0.3987119247515996,0.6974396109580994,0.5513833992094862,0.6213617563509556,0.5333333333333333,0.0,0.0,0.0,0.0,0.0,0.0,0.0,0.0,0.0,,,,,18473,global,0.4
4,2,lr1e-04_bs32_modL1_fusion32_fusionL1_fusionBN0_drop0p2__wd1e-04trmiss40_trlocglobal,32,0.0001,0.0001,1,32,1,False,0.2,lr1e-04_bs32_modL1_fusion32_fusionL1_fusionBN0_drop0p2__wd1e-04trmiss40_trlocglobal,50,0.3983544359604518,0.6977554559707642,0.5434782608695652,0.626794394935768,0.5333333333333333,0.0,0.0,0.0,0.0,0.0,0.0,0.0,0.0,0.0,,,,,18473,global,0.4
4,2,lr1e-04_bs32_modL1_fusion32_fusionL1_fusionBN0_drop0p2__wd1e-04trmiss40_trlocglobal,32,0.0001,0.0001,1,32,1,False,0.2,lr1e-04_bs32_modL1_fusion32_fusionL1_fusionBN0_drop0p2__wd1e-04trmiss40_trlocglobal,51,0.39311749736468,0.6974844336509705,0.5434782608695652,0.6168483586704687,0.5333333333333333,0.0,0.0,0.0,0.0,0.0,0.0,0.0,0.0,0.0,,,,,18473,global,0.4
4,2,lr1e-04_bs32_modL1_fusion32_fusionL1_fusionBN0_drop0p2__wd1e-04trmiss40_trlocglobal,32,0.0001,0.0001,1,32,1,False,0.2,lr1e-04_bs32_modL1_fusion32_fusionL1_fusionBN0_drop0p2__wd1e-04trmiss40_trlocglobal,52,0.39913828670978546,0.6987506151199341,0.541501976284585,0.61521792388786,0.5333333333333333,0.0,0.0,0.0,0.0,0.0,0.0,0.0,0.0,0.0,,,,,18473,global,0.4
4,2,lr1e-04_bs32_modL1_fusion32_fusionL1_fusionBN0_drop0p2__wd1e-04trmiss40_trlocglobal,32,0.0001,0.0001,1,32,1,False,0.2,lr1e-04_bs32_modL1_fusion32_fusionL1_fusionBN0_drop0p2__wd1e-04trmiss40_trlocglobal,53,0.37957052886486053,0.6973275542259216,0.5553359683794465,0.6222166322588698,0.5111111111111111,0.0,0.0,0.0,0.0,0.0,0.0,0.0,0.0,0.0,,,,,18473,global,0.4
4,2,lr1e-04_bs32_modL1_fusion32_fusionL1_fusionBN0_drop0p2__wd1e-04trmiss40_trlocglobal,32,0.0001,0.0001,1,32,1,False,0.2,lr1e-04_bs32_modL1_fusion32_fusionL1_fusionBN0_drop0p2__wd1e-04trmiss40_trlocglobal,54,0.388727863629659,0.7011502683162689,0.541501976284585,0.6115883487701744,0.5111111111111111,0.0,0.0,0.0,0.0,0.0,0.0,0.0,0.0,0.0,,,,,18473,global,0.4
4,2,lr1e-04_bs32_modL1_fusion32_fusionL1_fusionBN0_drop0p2__wd1e-04trmiss40_trlocglobal,32,0.0001,0.0001,1,32,1,False,0.2,lr1e-04_bs32_modL1_fusion32_fusionL1_fusionBN0_drop0p2__wd1e-04trmiss40_trlocglobal,55,0.3791650782028834,0.701517641544342,0.5395256916996047,0.609308703697781,0.5555555555555556,0.0,0.0,0.0,0.0,0.0,0.0,0.0,0.0,0.0,,,,,18473,global,0.4
4,2,lr1e-04_bs32_modL1_fusion32_fusionL1_fusionBN0_drop0p2__wd1e-04trmiss40_trlocglobal,32,0.0001,0.0001,1,32,1,False,0.2,lr1e-04_bs32_modL1_fusion32_fusionL1_fusionBN0_drop0p2__wd1e-04trmiss40_trlocglobal,56,0.3817643920580546,0.700734406709671,0.5454545454545454,0.6139434790419385,0.5333333333333333,0.0,0.0,0.0,0.0,0.0,0.0,0.0,0.0,0.0,,,,,18473,global,0.4
4,2,lr1e-04_bs32_modL1_fusion32_fusionL1_fusionBN0_drop0p2__wd1e-04trmiss40_trlocglobal,32,0.0001,0.0001,1,32,1,False,0.2,lr1e-04_bs32_modL1_fusion32_fusionL1_fusionBN0_drop0p2__wd1e-04trmiss40_trlocglobal,57,0.38350481788317364,0.6986992061138153,0.5434782608695652,0.611425905966212,0.5333333333333333,0.0,0.0,0.0,0.0,0.0,0.0,0.0,0.0,0.0,,,,,18473,global,0.4
4,2,lr1e-04_bs32_modL1_fusion32_fusionL1_fusionBN0_drop0p2__wd1e-04trmiss40_trlocglobal,32,0.0001,0.0001,1,32,1,False,0.2,lr1e-04_bs32_modL1_fusion32_fusionL1_fusionBN0_drop0p2__wd1e-04trmiss40_trlocglobal,58,0.37578945358594257,0.6989381909370422,0.5513833992094861,0.6159378830485216,0.5333333333333333,0.0,0.0,0.0,0.0,0.0,0.0,0.0,0.0,0.0,,,,,18473,global,0.4
4,2,lr1e-04_bs32_modL1_fusion32_fusionL1_fusionBN0_drop0p1__wd1e-04trmiss40_trlocglobal,32,0.0001,0.0001,1,32,1,False,0.1,lr1e-04_bs32_modL1_fusion32_fusionL1_fusionBN0_drop0p1__wd1e-04trmiss40_trlocglobal,1,0.69754625360171,0.6858982741832733,0.6284584980237153,0.611051574541467,0.5777777777777777,0.0,0.0,0.0,0.0,0.0,0.0,0.0,0.0,0.0,,,,,18473,global,0.4
4,2,lr1e-04_bs32_modL1_fusion32_fusionL1_fusionBN0_drop0p1__wd1e-04trmiss40_trlocglobal,32,0.0001,0.0001,1,32,1,False,0.1,lr1e-04_bs32_modL1_fusion32_fusionL1_fusionBN0_drop0p1__wd1e-04trmiss40_trlocglobal,2,0.6786530713240305,0.6824469864368439,0.6442687747035574,0.662920188831377,0.6222222222222222,0.0,0.0,0.0,0.0,0.0,0.0,0.0,0.0,0.0,,,,,18473,global,0.4
4,2,lr1e-04_bs32_modL1_fusion32_fusionL1_fusionBN0_drop0p1__wd1e-04trmiss40_trlocglobal,32,0.0001,0.0001,1,32,1,False,0.1,lr1e-04_bs32_modL1_fusion32_fusionL1_fusionBN0_drop0p1__wd1e-04trmiss40_trlocglobal,3,0.6654506921768188,0.6790697276592255,0.6620553359683794,0.6905560332368844,0.6,0.0,0.0,0.0,0.0,0.0,0.0,0.0,0.0,0.0,,,,,18473,global,0.4
4,2,lr1e-04_bs32_modL1_fusion32_fusionL1_fusionBN0_drop0p1__wd1e-04trmiss40_trlocglobal,32,0.0001,0.0001,1,32,1,False,0.1,lr1e-04_bs32_modL1_fusion32_fusionL1_fusionBN0_drop0p1__wd1e-04trmiss40_trlocglobal,4,0.651718258857727,0.6791571974754333,0.6363636363636364,0.6817397684673405,0.6222222222222222,0.0,0.0,0.0,0.0,0.0,0.0,0.0,0.0,0.0,,,,,18473,global,0.4
4,2,lr1e-04_bs32_modL1_fusion32_fusionL1_fusionBN0_drop0p1__wd1e-04trmiss40_trlocglobal,32,0.0001,0.0001,1,32,1,False,0.1,lr1e-04_bs32_modL1_fusion32_fusionL1_fusionBN0_drop0p1__wd1e-04trmiss40_trlocglobal,5,0.6448950171470642,0.6803571283817291,0.6146245059288538,0.6654470175714603,0.6,0.0,0.0,0.0,0.0,0.0,0.0,0.0,0.0,0.0,,,,,18473,global,0.4
4,2,lr1e-04_bs32_modL1_fusion32_fusionL1_fusionBN0_drop0p1__wd1e-04trmiss40_trlocglobal,32,0.0001,0.0001,1,32,1,False,0.1,lr1e-04_bs32_modL1_fusion32_fusionL1_fusionBN0_drop0p1__wd1e-04trmiss40_trlocglobal,6,0.6383436024188995,0.6806315779685974,0.575098814229249,0.634991447340849,0.6,0.0,0.0,0.0,0.0,0.0,0.0,0.0,0.0,0.0,,,,,18473,global,0.4
4,2,lr1e-04_bs32_modL1_fusion32_fusionL1_fusionBN0_drop0p1__wd1e-04trmiss40_trlocglobal,32,0.0001,0.0001,1,32,1,False,0.1,lr1e-04_bs32_modL1_fusion32_fusionL1_fusionBN0_drop0p1__wd1e-04trmiss40_trlocglobal,7,0.6282326678435007,0.6794567108154297,0.5671936758893281,0.6284109787693289,0.6,0.0,0.0,0.0,0.0,0.0,0.0,0.0,0.0,0.0,,,,,18473,global,0.4
4,2,lr1e-04_bs32_modL1_fusion32_fusionL1_fusionBN0_drop0p1__wd1e-04trmiss40_trlocglobal,32,0.0001,0.0001,1,32,1,False,0.1,lr1e-04_bs32_modL1_fusion32_fusionL1_fusionBN0_drop0p1__wd1e-04trmiss40_trlocglobal,8,0.6253271798292795,0.6782807111740112,0.5849802371541502,0.6383713762235474,0.6444444444444445,0.0,0.0,0.0,0.0,0.0,0.0,0.0,0.0,0.0,,,,,18473,global,0.4
4,2,lr1e-04_bs32_modL1_fusion32_fusionL1_fusionBN0_drop0p1__wd1e-04trmiss40_trlocglobal,32,0.0001,0.0001,1,32,1,False,0.1,lr1e-04_bs32_modL1_fusion32_fusionL1_fusionBN0_drop0p1__wd1e-04trmiss40_trlocglobal,9,0.6192651391029358,0.6784665286540985,0.5968379446640316,0.636585122192897,0.6222222222222222,0.0,0.0,0.0,0.0,0.0,0.0,0.0,0.0,0.0,,,,,18473,global,0.4
4,2,lr1e-04_bs32_modL1_fusion32_fusionL1_fusionBN0_drop0p1__wd1e-04trmiss40_trlocglobal,32,0.0001,0.0001,1,32,1,False,0.1,lr1e-04_bs32_modL1_fusion32_fusionL1_fusionBN0_drop0p1__wd1e-04trmiss40_trlocglobal,10,0.6137831409772238,0.6785189807415009,0.6007905138339922,0.643313693715892,0.6222222222222222,0.0,0.0,0.0,0.0,0.0,0.0,0.0,0.0,0.0,,,,,18473,global,0.4
4,2,lr1e-04_bs32_modL1_fusion32_fusionL1_fusionBN0_drop0p1__wd1e-04trmiss40_trlocglobal,32,0.0001,0.0001,1,32,1,False,0.1,lr1e-04_bs32_modL1_fusion32_fusionL1_fusionBN0_drop0p1__wd1e-04trmiss40_trlocglobal,11,0.6102744539578756,0.6757520139217377,0.6264822134387351,0.6565173625021489,0.6666666666666666,0.0,0.0,0.0,0.0,0.0,0.0,0.0,0.0,0.0,,,,,18473,global,0.4
4,2,lr1e-04_bs32_modL1_fusion32_fusionL1_fusionBN0_drop0p1__wd1e-04trmiss40_trlocglobal,32,0.0001,0.0001,1,32,1,False,0.1,lr1e-04_bs32_modL1_fusion32_fusionL1_fusionBN0_drop0p1__wd1e-04trmiss40_trlocglobal,12,0.6075159112612406,0.6727328300476074,0.6541501976284585,0.6695414695800058,0.6666666666666666,0.0,0.0,0.0,0.0,0.0,0.0,0.0,0.0,0.0,,,,,18473,global,0.4
4,2,lr1e-04_bs32_modL1_fusion32_fusionL1_fusionBN0_drop0p1__wd1e-04trmiss40_trlocglobal,32,0.0001,0.0001,1,32,1,False,0.1,lr1e-04_bs32_modL1_fusion32_fusionL1_fusionBN0_drop0p1__wd1e-04trmiss40_trlocglobal,13,0.5924154818058014,0.6740588247776031,0.6462450592885375,0.6506423567395283,0.6444444444444445,0.0,0.0,0.0,0.0,0.0,0.0,0.0,0.0,0.0,,,,,18473,global,0.4
4,2,lr1e-04_bs32_modL1_fusion32_fusionL1_fusionBN0_drop0p1__wd1e-04trmiss40_trlocglobal,32,0.0001,0.0001,1,32,1,False,0.1,lr1e-04_bs32_modL1_fusion32_fusionL1_fusionBN0_drop0p1__wd1e-04trmiss40_trlocglobal,14,0.5870221753915151,0.6750424206256866,0.6442687747035574,0.6596730094028171,0.6222222222222222,0.0,0.0,0.0,0.0,0.0,0.0,0.0,0.0,0.0,,,,,18473,global,0.4
4,2,lr1e-04_bs32_modL1_fusion32_fusionL1_fusionBN0_drop0p1__wd1e-04trmiss40_trlocglobal,32,0.0001,0.0001,1,32,1,False,0.1,lr1e-04_bs32_modL1_fusion32_fusionL1_fusionBN0_drop0p1__wd1e-04trmiss40_trlocglobal,15,0.5919267137845358,0.673634260892868,0.6403162055335969,0.6522331110043077,0.6,0.0,0.0,0.0,0.0,0.0,0.0,0.0,0.0,0.0,,,,,18473,global,0.4
4,2,lr1e-04_bs32_modL1_fusion32_fusionL1_fusionBN0_drop0p1__wd1e-04trmiss40_trlocglobal,32,0.0001,0.0001,1,32,1,False,0.1,lr1e-04_bs32_modL1_fusion32_fusionL1_fusionBN0_drop0p1__wd1e-04trmiss40_trlocglobal,16,0.5755374928315481,0.6715846955776215,0.6778656126482213,0.6813262483445027,0.6666666666666666,0.0,0.0,0.0,0.0,0.0,0.0,0.0,0.0,0.0,,,,,18473,global,0.4
4,2,lr1e-04_bs32_modL1_fusion32_fusionL1_fusionBN0_drop0p1__wd1e-04trmiss40_trlocglobal,32,0.0001,0.0001,1,32,1,False,0.1,lr1e-04_bs32_modL1_fusion32_fusionL1_fusionBN0_drop0p1__wd1e-04trmiss40_trlocglobal,17,0.5766893029212952,0.6690195500850677,0.7035573122529644,0.7009374451638507,0.6666666666666666,0.0,0.0,0.0,0.0,0.0,0.0,0.0,0.0,0.0,,,,,18473,global,0.4
4,2,lr1e-04_bs32_modL1_fusion32_fusionL1_fusionBN0_drop0p1__wd1e-04trmiss40_trlocglobal,32,0.0001,0.0001,1,32,1,False,0.1,lr1e-04_bs32_modL1_fusion32_fusionL1_fusionBN0_drop0p1__wd1e-04trmiss40_trlocglobal,18,0.5651349524656931,0.6705101728439331,0.6758893280632411,0.6858962205858211,0.6,0.0,0.0,0.0,0.0,0.0,0.0,0.0,0.0,0.0,,,,,18473,global,0.4
4,2,lr1e-04_bs32_modL1_fusion32_fusionL1_fusionBN0_drop0p1__wd1e-04trmiss40_trlocglobal,32,0.0001,0.0001,1,32,1,False,0.1,lr1e-04_bs32_modL1_fusion32_fusionL1_fusionBN0_drop0p1__wd1e-04trmiss40_trlocglobal,19,0.5635666151841482,0.6706282198429108,0.6541501976284585,0.6742392173881752,0.6,0.0,0.0,0.0,0.0,0.0,0.0,0.0,0.0,0.0,,,,,18473,global,0.4
4,2,lr1e-04_bs32_modL1_fusion32_fusionL1_fusionBN0_drop0p1__wd1e-04trmiss40_trlocglobal,32,0.0001,0.0001,1,32,1,False,0.1,lr1e-04_bs32_modL1_fusion32_fusionL1_fusionBN0_drop0p1__wd1e-04trmiss40_trlocglobal,20,0.553398331006368,0.6671543717384338,0.6936758893280632,0.6984900697104638,0.6,0.0,0.0,0.0,0.0,0.0,0.0,0.0,0.0,0.0,,,,,18473,global,0.4
4,2,lr1e-04_bs32_modL1_fusion32_fusionL1_fusionBN0_drop0p1__wd1e-04trmiss40_trlocglobal,32,0.0001,0.0001,1,32,1,False,0.1,lr1e-04_bs32_modL1_fusion32_fusionL1_fusionBN0_drop0p1__wd1e-04trmiss40_trlocglobal,21,0.5562605460484823,0.6660034358501434,0.691699604743083,0.6917547580948213,0.5777777777777777,0.0,0.0,0.0,0.0,0.0,0.0,0.0,0.0,0.0,,,,,18473,global,0.4
4,2,lr1e-04_bs32_modL1_fusion32_fusionL1_fusionBN0_drop0p1__wd1e-04trmiss40_trlocglobal,32,0.0001,0.0001,1,32,1,False,0.1,lr1e-04_bs32_modL1_fusion32_fusionL1_fusionBN0_drop0p1__wd1e-04trmiss40_trlocglobal,22,0.5470371743043264,0.6684185564517975,0.650197628458498,0.6526070778037691,0.6222222222222222,0.0,0.0,0.0,0.0,0.0,0.0,0.0,0.0,0.0,,,,,18473,global,0.4
4,2,lr1e-04_bs32_modL1_fusion32_fusionL1_fusionBN0_drop0p1__wd1e-04trmiss40_trlocglobal,32,0.0001,0.0001,1,32,1,False,0.1,lr1e-04_bs32_modL1_fusion32_fusionL1_fusionBN0_drop0p1__wd1e-04trmiss40_trlocglobal,23,0.5412782231966654,0.6674201190471649,0.66600790513834,0.6765398116968193,0.6,0.0,0.0,0.0,0.0,0.0,0.0,0.0,0.0,0.0,,,,,18473,global,0.4
4,2,lr1e-04_bs32_modL1_fusion32_fusionL1_fusionBN0_drop0p1__wd1e-04trmiss40_trlocglobal,32,0.0001,0.0001,1,32,1,False,0.1,lr1e-04_bs32_modL1_fusion32_fusionL1_fusionBN0_drop0p1__wd1e-04trmiss40_trlocglobal,24,0.5317596395810446,0.6646356880664825,0.7094861660079052,0.7090956352208854,0.6,0.0,0.0,0.0,0.0,0.0,0.0,0.0,0.0,0.0,,,,,18473,global,0.4
4,2,lr1e-04_bs32_modL1_fusion32_fusionL1_fusionBN0_drop0p1__wd1e-04trmiss40_trlocglobal,32,0.0001,0.0001,1,32,1,False,0.1,lr1e-04_bs32_modL1_fusion32_fusionL1_fusionBN0_drop0p1__wd1e-04trmiss40_trlocglobal,25,0.5267131427923838,0.6625094711780548,0.7055335968379448,0.7095016584780149,0.6666666666666666,0.0,0.0,0.0,0.0,0.0,0.0,0.0,0.0,0.0,,,,,18473,global,0.4
4,2,lr1e-04_bs32_modL1_fusion32_fusionL1_fusionBN0_drop0p1__wd1e-04trmiss40_trlocglobal,32,0.0001,0.0001,1,32,1,False,0.1,lr1e-04_bs32_modL1_fusion32_fusionL1_fusionBN0_drop0p1__wd1e-04trmiss40_trlocglobal,26,0.5185666084289551,0.6642630994319916,0.6897233201581028,0.6980128938970465,0.6222222222222222,0.0,0.0,0.0,0.0,0.0,0.0,0.0,0.0,0.0,,,,,18473,global,0.4
4,2,lr1e-04_bs32_modL1_fusion32_fusionL1_fusionBN0_drop0p1__wd1e-04trmiss40_trlocglobal,32,0.0001,0.0001,1,32,1,False,0.1,lr1e-04_bs32_modL1_fusion32_fusionL1_fusionBN0_drop0p1__wd1e-04trmiss40_trlocglobal,27,0.5116323133309683,0.6663318276405334,0.658102766798419,0.6644722929670067,0.6,0.0,0.0,0.0,0.0,0.0,0.0,0.0,0.0,0.0,,,,,18473,global,0.4
4,2,lr1e-04_bs32_modL1_fusion32_fusionL1_fusionBN0_drop0p1__wd1e-04trmiss40_trlocglobal,32,0.0001,0.0001,1,32,1,False,0.1,lr1e-04_bs32_modL1_fusion32_fusionL1_fusionBN0_drop0p1__wd1e-04trmiss40_trlocglobal,28,0.5107606699069341,0.6674169898033142,0.6482213438735178,0.653503027548077,0.5777777777777777,0.0,0.0,0.0,0.0,0.0,0.0,0.0,0.0,0.0,,,,,18473,global,0.4
4,2,lr1e-04_bs32_modL1_fusion32_fusionL1_fusionBN0_drop0p1__wd1e-04trmiss40_trlocglobal,32,0.0001,0.0001,1,32,1,False,0.1,lr1e-04_bs32_modL1_fusion32_fusionL1_fusionBN0_drop0p1__wd1e-04trmiss40_trlocglobal,29,0.5022210329771042,0.6670773327350616,0.6482213438735178,0.654900307157895,0.5777777777777777,0.0,0.0,0.0,0.0,0.0,0.0,0.0,0.0,0.0,,,,,18473,global,0.4
4,2,lr1e-04_bs32_modL1_fusion32_fusionL1_fusionBN0_drop0p1__wd1e-04trmiss40_trlocglobal,32,0.0001,0.0001,1,32,1,False,0.1,lr1e-04_bs32_modL1_fusion32_fusionL1_fusionBN0_drop0p1__wd1e-04trmiss40_trlocglobal,30,0.5033916731675466,0.6670385301113129,0.6442687747035574,0.6533975216055902,0.6222222222222222,0.0,0.0,0.0,0.0,0.0,0.0,0.0,0.0,0.0,,,,,18473,global,0.4
4,2,lr1e-04_bs32_modL1_fusion32_fusionL1_fusionBN0_drop0p1__wd1e-04trmiss40_trlocglobal,32,0.0001,0.0001,1,32,1,False,0.1,lr1e-04_bs32_modL1_fusion32_fusionL1_fusionBN0_drop0p1__wd1e-04trmiss40_trlocglobal,31,0.4905615399281184,0.6666011810302734,0.6383399209486166,0.6555146194746905,0.5777777777777777,0.0,0.0,0.0,0.0,0.0,0.0,0.0,0.0,0.0,,,,,18473,global,0.4
4,2,lr1e-04_bs32_modL1_fusion32_fusionL1_fusionBN0_drop0p1__wd1e-04trmiss40_trlocglobal,32,0.0001,0.0001,1,32,1,False,0.1,lr1e-04_bs32_modL1_fusion32_fusionL1_fusionBN0_drop0p1__wd1e-04trmiss40_trlocglobal,32,0.48366927603880566,0.6663411855697632,0.634387351778656,0.6595003092755959,0.5555555555555556,0.0,0.0,0.0,0.0,0.0,0.0,0.0,0.0,0.0,,,,,18473,global,0.4
4,2,lr1e-04_bs32_modL1_fusion32_fusionL1_fusionBN0_drop0p1__wd1e-04trmiss40_trlocglobal,32,0.0001,0.0001,1,32,1,False,0.1,lr1e-04_bs32_modL1_fusion32_fusionL1_fusionBN0_drop0p1__wd1e-04trmiss40_trlocglobal,33,0.48479917148749035,0.6629409492015839,0.6640316205533597,0.6721962193755003,0.6222222222222222,0.0,0.0,0.0,0.0,0.0,0.0,0.0,0.0,0.0,,,,,18473,global,0.4
4,2,lr1e-04_bs32_modL1_fusion32_fusionL1_fusionBN0_drop0p1__wd1e-04trmiss40_trlocglobal,32,0.0001,0.0001,1,32,1,False,0.1,lr1e-04_bs32_modL1_fusion32_fusionL1_fusionBN0_drop0p1__wd1e-04trmiss40_trlocglobal,34,0.48300816118717194,0.6629780828952789,0.6482213438735178,0.6619556794975866,0.5777777777777777,0.0,0.0,0.0,0.0,0.0,0.0,0.0,0.0,0.0,,,,,18473,global,0.4
4,2,lr1e-04_bs32_modL1_fusion32_fusionL1_fusionBN0_drop0p1__wd1e-04trmiss40_trlocglobal,32,0.0001,0.0001,1,32,1,False,0.1,lr1e-04_bs32_modL1_fusion32_fusionL1_fusionBN0_drop0p1__wd1e-04trmiss40_trlocglobal,35,0.4765077531337738,0.663908451795578,0.6403162055335968,0.6657599601477232,0.5555555555555556,0.0,0.0,0.0,0.0,0.0,0.0,0.0,0.0,0.0,,,,,18473,global,0.4
4,2,lr1e-04_bs32_modL1_fusion32_fusionL1_fusionBN0_drop0p1__wd1e-04trmiss40_trlocglobal,32,0.0001,0.0001,1,32,1,False,0.1,lr1e-04_bs32_modL1_fusion32_fusionL1_fusionBN0_drop0p1__wd1e-04trmiss40_trlocglobal,36,0.46776572863260907,0.6651035249233246,0.650197628458498,0.6709304044838825,0.5555555555555556,0.0,0.0,0.0,0.0,0.0,0.0,0.0,0.0,0.0,,,,,18473,global,0.4
4,2,lr1e-04_bs32_modL1_fusion32_fusionL1_fusionBN0_drop0p1__wd1e-04trmiss40_trlocglobal,32,0.0001,0.0001,1,32,1,False,0.1,lr1e-04_bs32_modL1_fusion32_fusionL1_fusionBN0_drop0p1__wd1e-04trmiss40_trlocglobal,37,0.46181246638298035,0.6635687947273254,0.6620553359683795,0.6730779095542003,0.5555555555555556,0.0,0.0,0.0,0.0,0.0,0.0,0.0,0.0,0.0,,,,,18473,global,0.4
4,2,lr1e-04_bs32_modL1_fusion32_fusionL1_fusionBN0_drop0p1__wd1e-04trmiss40_trlocglobal,32,0.0001,0.0001,1,32,1,False,0.1,lr1e-04_bs32_modL1_fusion32_fusionL1_fusionBN0_drop0p1__wd1e-04trmiss40_trlocglobal,38,0.45883383850256604,0.6639735400676727,0.642292490118577,0.6612779426652241,0.5777777777777777,0.0,0.0,0.0,0.0,0.0,0.0,0.0,0.0,0.0,,,,,18473,global,0.4
4,2,lr1e-04_bs32_modL1_fusion32_fusionL1_fusionBN0_drop0p1__wd1e-04trmiss40_trlocglobal,32,0.0001,0.0001,1,32,1,False,0.1,lr1e-04_bs32_modL1_fusion32_fusionL1_fusionBN0_drop0p1__wd1e-04trmiss40_trlocglobal,39,0.4545908321936925,0.6652131378650665,0.6343873517786561,0.6586480382531926,0.5555555555555556,0.0,0.0,0.0,0.0,0.0,0.0,0.0,0.0,0.0,,,,,18473,global,0.4
4,2,lr1e-04_bs32_modL1_fusion32_fusionL1_fusionBN0_drop0p1__wd1e-04trmiss40_trlocglobal,32,0.0001,0.0001,1,32,1,False,0.1,lr1e-04_bs32_modL1_fusion32_fusionL1_fusionBN0_drop0p1__wd1e-04trmiss40_trlocglobal,40,0.4513213634490967,0.6642996966838837,0.6442687747035574,0.6691768580386744,0.5777777777777777,0.0,0.0,0.0,0.0,0.0,0.0,0.0,0.0,0.0,,,,,18473,global,0.4
4,2,lr1e-04_bs32_modL1_fusion32_fusionL1_fusionBN0_drop0p1__wd1e-04trmiss40_trlocglobal,32,0.0001,0.0001,1,32,1,False,0.1,lr1e-04_bs32_modL1_fusion32_fusionL1_fusionBN0_drop0p1__wd1e-04trmiss40_trlocglobal,41,0.44717825949192047,0.662349283695221,0.650197628458498,0.6735591859752604,0.5555555555555556,0.0,0.0,0.0,0.0,0.0,0.0,0.0,0.0,0.0,,,,,18473,global,0.4
4,2,lr1e-04_bs32_modL1_fusion32_fusionL1_fusionBN0_drop0p1__wd1e-04trmiss40_trlocglobal,32,0.0001,0.0001,1,32,1,False,0.1,lr1e-04_bs32_modL1_fusion32_fusionL1_fusionBN0_drop0p1__wd1e-04trmiss40_trlocglobal,42,0.44607900579770404,0.6654658019542694,0.6264822134387351,0.6495265004805745,0.5333333333333333,0.0,0.0,0.0,0.0,0.0,0.0,0.0,0.0,0.0,,,,,18473,global,0.4
4,2,lr1e-04_bs32_modL1_fusion32_fusionL1_fusionBN0_drop0p1__wd1e-04trmiss40_trlocglobal,32,0.0001,0.0001,1,32,1,False,0.1,lr1e-04_bs32_modL1_fusion32_fusionL1_fusionBN0_drop0p1__wd1e-04trmiss40_trlocglobal,43,0.4442724535862605,0.662298709154129,0.6482213438735177,0.6669987600199047,0.6,0.0,0.0,0.0,0.0,0.0,0.0,0.0,0.0,0.0,,,,,18473,global,0.4
4,2,lr1e-04_bs32_modL1_fusion32_fusionL1_fusionBN0_drop0p1__wd1e-04trmiss40_trlocglobal,32,0.0001,0.0001,1,32,1,False,0.1,lr1e-04_bs32_modL1_fusion32_fusionL1_fusionBN0_drop0p1__wd1e-04trmiss40_trlocglobal,44,0.4322775254646937,0.6576344966888428,0.6620553359683794,0.6731865666050126,0.6444444444444445,0.0,0.0,0.0,0.0,0.0,0.0,0.0,0.0,0.0,,,,,18473,global,0.4
4,2,lr5e-05_bs32_modL1_fusion16_fusionL1_fusionBN0_drop0p2__wd1e-04trmiss40_trlocglobal,32,5e-05,0.0001,1,16,1,False,0.2,lr5e-05_bs32_modL1_fusion16_fusionL1_fusionBN0_drop0p2__wd1e-04trmiss40_trlocglobal,1,0.7107597291469574,0.702172726392746,0.47233201581027673,0.5369859540691564,0.5111111111111111,0.0,0.0,0.0,0.0,0.0,0.0,0.0,0.0,0.0,,,,,18473,global,0.4
4,2,lr5e-05_bs32_modL1_fusion16_fusionL1_fusionBN0_drop0p2__wd1e-04trmiss40_trlocglobal,32,5e-05,0.0001,1,16,1,False,0.2,lr5e-05_bs32_modL1_fusion16_fusionL1_fusionBN0_drop0p2__wd1e-04trmiss40_trlocglobal,2,0.6967053810755411,0.7025956213474274,0.4881422924901186,0.5608747731993667,0.5333333333333333,0.0,0.0,0.0,0.0,0.0,0.0,0.0,0.0,0.0,,,,,18473,global,0.4
4,2,lr5e-05_bs32_modL1_fusion16_fusionL1_fusionBN0_drop0p2__wd1e-04trmiss40_trlocglobal,32,5e-05,0.0001,1,16,1,False,0.2,lr5e-05_bs32_modL1_fusion16_fusionL1_fusionBN0_drop0p2__wd1e-04trmiss40_trlocglobal,3,0.6818483769893646,0.703006774187088,0.48023715415019763,0.5646846651247086,0.5333333333333333,0.0,0.0,0.0,0.0,0.0,0.0,0.0,0.0,0.0,,,,,18473,global,0.4
4,2,lr5e-05_bs32_modL1_fusion16_fusionL1_fusionBN0_drop0p2__wd1e-04trmiss40_trlocglobal,32,5e-05,0.0001,1,16,1,False,0.2,lr5e-05_bs32_modL1_fusion16_fusionL1_fusionBN0_drop0p2__wd1e-04trmiss40_trlocglobal,4,0.6726328730583191,0.7024468779563904,0.4782608695652174,0.5747763945315173,0.5555555555555556,0.0,0.0,0.0,0.0,0.0,0.0,0.0,0.0,0.0,,,,,18473,global,0.4
4,2,lr5e-05_bs32_modL1_fusion16_fusionL1_fusionBN0_drop0p2__wd1e-04trmiss40_trlocglobal,32,5e-05,0.0001,1,16,1,False,0.2,lr5e-05_bs32_modL1_fusion16_fusionL1_fusionBN0_drop0p2__wd1e-04trmiss40_trlocglobal,5,0.6722029447555542,0.7014138698577881,0.4762845849802372,0.5744698683771094,0.5555555555555556,0.0,0.0,0.0,0.0,0.0,0.0,0.0,0.0,0.0,,,,,18473,global,0.4
4,2,lr5e-05_bs32_modL1_fusion16_fusionL1_fusionBN0_drop0p2__wd1e-04trmiss40_trlocglobal,32,5e-05,0.0001,1,16,1,False,0.2,lr5e-05_bs32_modL1_fusion16_fusionL1_fusionBN0_drop0p2__wd1e-04trmiss40_trlocglobal,6,0.6626277069250742,0.7019213438034058,0.4782608695652174,0.5788078377692584,0.5555555555555556,0.0,0.0,0.0,0.0,0.0,0.0,0.0,0.0,0.0,,,,,18473,global,0.4
4,2,lr5e-05_bs32_modL1_fusion16_fusionL1_fusionBN0_drop0p2__wd1e-04trmiss40_trlocglobal,32,5e-05,0.0001,1,16,1,False,0.2,lr5e-05_bs32_modL1_fusion16_fusionL1_fusionBN0_drop0p2__wd1e-04trmiss40_trlocglobal,7,0.6559329529603323,0.7024021148681641,0.47826086956521735,0.5793149964957266,0.5555555555555556,0.0,0.0,0.0,0.0,0.0,0.0,0.0,0.0,0.0,,,,,18473,global,0.4
4,2,lr5e-05_bs32_modL1_fusion16_fusionL1_fusionBN0_drop0p2__wd1e-04trmiss40_trlocglobal,32,5e-05,0.0001,1,16,1,False,0.2,lr5e-05_bs32_modL1_fusion16_fusionL1_fusionBN0_drop0p2__wd1e-04trmiss40_trlocglobal,8,0.6586828927199045,0.70242640376091,0.47035573122529645,0.5793256765363298,0.5555555555555556,0.0,0.0,0.0,0.0,0.0,0.0,0.0,0.0,0.0,,,,,18473,global,0.4
4,2,lr5e-05_bs32_modL1_fusion16_fusionL1_fusionBN0_drop0p2__wd1e-04trmiss40_trlocglobal,32,5e-05,0.0001,1,16,1,False,0.2,lr5e-05_bs32_modL1_fusion16_fusionL1_fusionBN0_drop0p2__wd1e-04trmiss40_trlocglobal,9,0.6572369833787283,0.7021254599094391,0.4624505928853755,0.57286959354572,0.5555555555555556,0.0,0.0,0.0,0.0,0.0,0.0,0.0,0.0,0.0,,,,,18473,global,0.4
4,2,lr5e-05_bs32_modL1_fusion16_fusionL1_fusionBN0_drop0p2__wd1e-04trmiss40_trlocglobal,32,5e-05,0.0001,1,16,1,False,0.2,lr5e-05_bs32_modL1_fusion16_fusionL1_fusionBN0_drop0p2__wd1e-04trmiss40_trlocglobal,10,0.6506944497426351,0.7038919925689697,0.4426877470355731,0.5608257745526363,0.5555555555555556,0.0,0.0,0.0,0.0,0.0,0.0,0.0,0.0,0.0,,,,,18473,global,0.4
4,2,lr5e-05_bs32_modL1_fusion16_fusionL1_fusionBN0_drop0p2__wd1e-04trmiss40_trlocglobal,32,5e-05,0.0001,1,16,1,False,0.2,lr5e-05_bs32_modL1_fusion16_fusionL1_fusionBN0_drop0p2__wd1e-04trmiss40_trlocglobal,11,0.6416363517443339,0.7041773498058319,0.44466403162055335,0.5653803700432392,0.5555555555555556,0.0,0.0,0.0,0.0,0.0,0.0,0.0,0.0,0.0,,,,,18473,global,0.4
4,2,lr5e-05_bs32_modL1_fusion16_fusionL1_fusionBN0_drop0p2__wd1e-04trmiss40_trlocglobal,32,5e-05,0.0001,1,16,1,False,0.2,lr5e-05_bs32_modL1_fusion16_fusionL1_fusionBN0_drop0p2__wd1e-04trmiss40_trlocglobal,12,0.6458512743314108,0.70481938123703,0.4486166007905138,0.5669295243776138,0.5555555555555556,0.0,0.0,0.0,0.0,0.0,0.0,0.0,0.0,0.0,,,,,18473,global,0.4
4,2,lr5e-05_bs32_modL1_fusion16_fusionL1_fusionBN0_drop0p2__wd1e-04trmiss40_trlocglobal,32,5e-05,0.0001,1,16,1,False,0.2,lr5e-05_bs32_modL1_fusion16_fusionL1_fusionBN0_drop0p2__wd1e-04trmiss40_trlocglobal,13,0.6324865917364756,0.7052116394042969,0.45059288537549413,0.567288833336667,0.5555555555555556,0.0,0.0,0.0,0.0,0.0,0.0,0.0,0.0,0.0,,,,,18473,global,0.4
4,2,lr5e-05_bs32_modL1_fusion16_fusionL1_fusionBN0_drop0p2__wd1e-04trmiss40_trlocglobal,32,5e-05,0.0001,1,16,1,False,0.2,lr5e-05_bs32_modL1_fusion16_fusionL1_fusionBN0_drop0p2__wd1e-04trmiss40_trlocglobal,14,0.6296887596448263,0.7059400081634521,0.45652173913043476,0.5708979267183999,0.5555555555555556,0.0,0.0,0.0,0.0,0.0,0.0,0.0,0.0,0.0,,,,,18473,global,0.4
4,2,lr5e-05_bs32_modL1_fusion16_fusionL1_fusionBN0_drop0p2__wd1e-04trmiss40_trlocglobal,32,5e-05,0.0001,1,16,1,False,0.2,lr5e-05_bs32_modL1_fusion16_fusionL1_fusionBN0_drop0p2__wd1e-04trmiss40_trlocglobal,15,0.6340460677941641,0.7053054869174957,0.47035573122529645,0.580150171233656,0.5555555555555556,0.0,0.0,0.0,0.0,0.0,0.0,0.0,0.0,0.0,,,,,18473,global,0.4
4,2,lr5e-05_bs32_modL1_fusion16_fusionL1_fusionBN0_drop0p2__wd1e-04trmiss40_trlocglobal,32,5e-05,0.0001,1,16,1,False,0.2,lr5e-05_bs32_modL1_fusion16_fusionL1_fusionBN0_drop0p2__wd1e-04trmiss40_trlocglobal,16,0.6206701894601186,0.7038670182228088,0.49011857707509876,0.592383528210311,0.5555555555555556,0.0,0.0,0.0,0.0,0.0,0.0,0.0,0.0,0.0,,,,,18473,global,0.4
4,2,lr5e-05_bs32_modL1_fusion16_fusionL1_fusionBN0_drop0p2__wd1e-04trmiss40_trlocglobal,32,5e-05,0.0001,1,16,1,False,0.2,lr5e-05_bs32_modL1_fusion16_fusionL1_fusionBN0_drop0p2__wd1e-04trmiss40_trlocglobal,17,0.6303833425045013,0.7027113437652588,0.49999999999999994,0.6045803746433913,0.5555555555555556,0.0,0.0,0.0,0.0,0.0,0.0,0.0,0.0,0.0,,,,,18473,global,0.4
4,2,lr5e-05_bs32_modL1_fusion16_fusionL1_fusionBN0_drop0p2__wd1e-04trmiss40_trlocglobal,32,5e-05,0.0001,1,16,1,False,0.2,lr5e-05_bs32_modL1_fusion16_fusionL1_fusionBN0_drop0p2__wd1e-04trmiss40_trlocglobal,18,0.6134427984555563,0.7021352350711823,0.5098814229249011,0.610253945659972,0.5555555555555556,0.0,0.0,0.0,0.0,0.0,0.0,0.0,0.0,0.0,,,,,18473,global,0.4
4,2,lr5e-05_bs32_modL1_fusion16_fusionL1_fusionBN0_drop0p2__wd1e-04trmiss40_trlocglobal,32,5e-05,0.0001,1,16,1,False,0.2,lr5e-05_bs32_modL1_fusion16_fusionL1_fusionBN0_drop0p2__wd1e-04trmiss40_trlocglobal,19,0.62374547123909,0.7025871574878693,0.5118577075098814,0.6154701542790645,0.5555555555555556,0.0,0.0,0.0,0.0,0.0,0.0,0.0,0.0,0.0,,,,,18473,global,0.4
4,2,lr5e-05_bs32_modL1_fusion16_fusionL1_fusionBN0_drop0p2__wd1e-04trmiss40_trlocglobal,32,5e-05,0.0001,1,16,1,False,0.2,lr5e-05_bs32_modL1_fusion16_fusionL1_fusionBN0_drop0p2__wd1e-04trmiss40_trlocglobal,20,0.612808108329773,0.7028211951255798,0.5039525691699605,0.6090913136943377,0.5777777777777777,0.0,0.0,0.0,0.0,0.0,0.0,0.0,0.0,0.0,,,,,18473,global,0.4
4,2,lr5e-05_bs32_modL1_fusion16_fusionL1_fusionBN0_drop0p2__wd1e-04trmiss40_trlocglobal,32,5e-05,0.0001,1,16,1,False,0.2,lr5e-05_bs32_modL1_fusion16_fusionL1_fusionBN0_drop0p2__wd1e-04trmiss40_trlocglobal,21,0.6039162874221802,0.7033182978630066,0.5118577075098814,0.6222098826978022,0.5777777777777777,0.0,0.0,0.0,0.0,0.0,0.0,0.0,0.0,0.0,,,,,18473,global,0.4
4,2,lr5e-05_bs32_modL1_fusion16_fusionL1_fusionBN0_drop0p2__wd1e-04trmiss40_trlocglobal,32,5e-05,0.0001,1,16,1,False,0.2,lr5e-05_bs32_modL1_fusion16_fusionL1_fusionBN0_drop0p2__wd1e-04trmiss40_trlocglobal,22,0.6120444734891256,0.703536719083786,0.5138339920948616,0.625433602156371,0.5555555555555556,0.0,0.0,0.0,0.0,0.0,0.0,0.0,0.0,0.0,,,,,18473,global,0.4
4,2,lr5e-05_bs32_modL1_fusion16_fusionL1_fusionBN0_drop0p2__wd1e-04trmiss40_trlocglobal,32,5e-05,0.0001,1,16,1,False,0.2,lr5e-05_bs32_modL1_fusion16_fusionL1_fusionBN0_drop0p2__wd1e-04trmiss40_trlocglobal,23,0.6152147253354391,0.7022862136363983,0.5217391304347826,0.6291678027132152,0.5777777777777777,0.0,0.0,0.0,0.0,0.0,0.0,0.0,0.0,0.0,,,,,18473,global,0.4
4,2,lr5e-05_bs32_modL1_fusion16_fusionL1_fusionBN0_drop0p2__wd1e-04trmiss40_trlocglobal,32,5e-05,0.0001,1,16,1,False,0.2,lr5e-05_bs32_modL1_fusion16_fusionL1_fusionBN0_drop0p2__wd1e-04trmiss40_trlocglobal,24,0.6196776926517487,0.7022992372512817,0.5197628458498024,0.6293624102002949,0.5777777777777777,0.0,0.0,0.0,0.0,0.0,0.0,0.0,0.0,0.0,,,,,18473,global,0.4
4,2,lr5e-05_bs32_modL1_fusion16_fusionL1_fusionBN0_drop0p2__wd1e-04trmiss40_trlocglobal,32,5e-05,0.0001,1,16,1,False,0.2,lr5e-05_bs32_modL1_fusion16_fusionL1_fusionBN0_drop0p2__wd1e-04trmiss40_trlocglobal,25,0.6131696999073029,0.7028807401657104,0.5217391304347825,0.6354710148340076,0.5777777777777777,0.0,0.0,0.0,0.0,0.0,0.0,0.0,0.0,0.0,,,,,18473,global,0.4
4,2,lr5e-05_bs32_modL1_fusion16_fusionL1_fusionBN0_drop0p2__wd1e-04trmiss40_trlocglobal,32,5e-05,0.0001,1,16,1,False,0.2,lr5e-05_bs32_modL1_fusion16_fusionL1_fusionBN0_drop0p2__wd1e-04trmiss40_trlocglobal,26,0.6021123826503754,0.702928751707077,0.5276679841897233,0.645549533938906,0.5777777777777777,0.0,0.0,0.0,0.0,0.0,0.0,0.0,0.0,0.0,,,,,18473,global,0.4
4,2,lr5e-05_bs32_modL1_fusion16_fusionL1_fusionBN0_drop0p2__wd1e-04trmiss40_trlocglobal,32,5e-05,0.0001,1,16,1,False,0.2,lr5e-05_bs32_modL1_fusion16_fusionL1_fusionBN0_drop0p2__wd1e-04trmiss40_trlocglobal,27,0.603368322054545,0.7027053236961365,0.5237154150197628,0.6470569167378604,0.5777777777777777,0.0,0.0,0.0,0.0,0.0,0.0,0.0,0.0,0.0,,,,,18473,global,0.4
4,2,lr5e-05_bs32_modL1_fusion16_fusionL1_fusionBN0_drop0p2__wd1e-04trmiss40_trlocglobal,32,5e-05,0.0001,1,16,1,False,0.2,lr5e-05_bs32_modL1_fusion16_fusionL1_fusionBN0_drop0p2__wd1e-04trmiss40_trlocglobal,28,0.6083907783031464,0.7019490599632263,0.5237154150197629,0.6458224024598678,0.5777777777777777,0.0,0.0,0.0,0.0,0.0,0.0,0.0,0.0,0.0,,,,,18473,global,0.4
4,2,lr5e-05_bs32_modL1_fusion16_fusionL1_fusionBN0_drop0p2__wd1e-04trmiss40_trlocglobal,32,5e-05,0.0001,1,16,1,False,0.2,lr5e-05_bs32_modL1_fusion16_fusionL1_fusionBN0_drop0p2__wd1e-04trmiss40_trlocglobal,29,0.5932184954484304,0.7022287845611572,0.5276679841897233,0.6568066955281189,0.5777777777777777,0.0,0.0,0.0,0.0,0.0,0.0,0.0,0.0,0.0,,,,,18473,global,0.4
4,2,lr5e-05_bs32_modL1_fusion16_fusionL1_fusionBN0_drop0p2__wd1e-04trmiss40_trlocglobal,32,5e-05,0.0001,1,16,1,False,0.2,lr5e-05_bs32_modL1_fusion16_fusionL1_fusionBN0_drop0p2__wd1e-04trmiss40_trlocglobal,30,0.6033810873826345,0.7021734118461609,0.5237154150197629,0.6597774823552384,0.5777777777777777,0.0,0.0,0.0,0.0,0.0,0.0,0.0,0.0,0.0,,,,,18473,global,0.4
4,2,lr5e-05_bs32_modL1_fusion16_fusionL1_fusionBN0_drop0p2__wd1e-04trmiss40_trlocglobal,32,5e-05,0.0001,1,16,1,False,0.2,lr5e-05_bs32_modL1_fusion16_fusionL1_fusionBN0_drop0p2__wd1e-04trmiss40_trlocglobal,31,0.600263903538386,0.7015416920185089,0.5316205533596838,0.6669142821105973,0.5777777777777777,0.0,0.0,0.0,0.0,0.0,0.0,0.0,0.0,0.0,,,,,18473,global,0.4
4,2,lr5e-05_bs32_modL1_fusion16_fusionL1_fusionBN0_drop0p2__wd1e-04trmiss40_trlocglobal,32,5e-05,0.0001,1,16,1,False,0.2,lr5e-05_bs32_modL1_fusion16_fusionL1_fusionBN0_drop0p2__wd1e-04trmiss40_trlocglobal,32,0.5920875867207845,0.7021593153476715,0.5395256916996047,0.6729422100541803,0.5777777777777777,0.0,0.0,0.0,0.0,0.0,0.0,0.0,0.0,0.0,,,,,18473,global,0.4
4,2,lr5e-05_bs32_modL1_fusion16_fusionL1_fusionBN0_drop0p2__wd1e-04trmiss40_trlocglobal,32,5e-05,0.0001,1,16,1,False,0.2,lr5e-05_bs32_modL1_fusion16_fusionL1_fusionBN0_drop0p2__wd1e-04trmiss40_trlocglobal,33,0.5845951537291209,0.7035206258296967,0.5296442687747036,0.6686188949822582,0.5777777777777777,0.0,0.0,0.0,0.0,0.0,0.0,0.0,0.0,0.0,,,,,18473,global,0.4
4,2,lr5e-05_bs32_modL1_fusion16_fusionL1_fusionBN0_drop0p2__wd1e-04trmiss40_trlocglobal,32,5e-05,0.0001,1,16,1,False,0.2,lr5e-05_bs32_modL1_fusion16_fusionL1_fusionBN0_drop0p2__wd1e-04trmiss40_trlocglobal,34,0.5861358543237051,0.7041008174419403,0.5335968379446641,0.6693086326186541,0.5777777777777777,0.0,0.0,0.0,0.0,0.0,0.0,0.0,0.0,0.0,,,,,18473,global,0.4
4,2,lr5e-05_bs32_modL1_fusion16_fusionL1_fusionBN0_drop0p2__wd1e-04trmiss40_trlocglobal,32,5e-05,0.0001,1,16,1,False,0.2,lr5e-05_bs32_modL1_fusion16_fusionL1_fusionBN0_drop0p2__wd1e-04trmiss40_trlocglobal,35,0.5807185570398966,0.7038251757621765,0.5355731225296443,0.6710777777368802,0.5777777777777777,0.0,0.0,0.0,0.0,0.0,0.0,0.0,0.0,0.0,,,,,18473,global,0.4
4,2,lr5e-05_bs32_modL1_fusion16_fusionL1_fusionBN0_drop0p2__wd1e-04trmiss40_trlocglobal,32,5e-05,0.0001,1,16,1,False,0.2,lr5e-05_bs32_modL1_fusion16_fusionL1_fusionBN0_drop0p2__wd1e-04trmiss40_trlocglobal,36,0.5870831807454427,0.7032511830329895,0.5375494071146245,0.6720142325863785,0.5777777777777777,0.0,0.0,0.0,0.0,0.0,0.0,0.0,0.0,0.0,,,,,18473,global,0.4
4,2,lr5e-05_bs32_modL1_fusion16_fusionL1_fusionBN0_drop0p2__wd1e-04trmiss40_trlocglobal,32,5e-05,0.0001,1,16,1,False,0.2,lr5e-05_bs32_modL1_fusion16_fusionL1_fusionBN0_drop0p2__wd1e-04trmiss40_trlocglobal,37,0.5938800474007925,0.7036519646644592,0.5355731225296443,0.6699655274141035,0.6,0.0,0.0,0.0,0.0,0.0,0.0,0.0,0.0,0.0,,,,,18473,global,0.4
4,2,lr5e-05_bs32_modL1_fusion16_fusionL1_fusionBN0_drop0p2__wd1e-04trmiss40_trlocglobal,32,5e-05,0.0001,1,16,1,False,0.2,lr5e-05_bs32_modL1_fusion16_fusionL1_fusionBN0_drop0p2__wd1e-04trmiss40_trlocglobal,38,0.5912745893001556,0.7027661502361298,0.5494071146245059,0.6925886446024382,0.6444444444444445,0.0,0.0,0.0,0.0,0.0,0.0,0.0,0.0,0.0,,,,,18473,global,0.4
4,2,lr5e-05_bs32_modL1_fusion16_fusionL1_fusionBN0_drop0p2__wd1e-04trmiss40_trlocglobal,32,5e-05,0.0001,1,16,1,False,0.2,lr5e-05_bs32_modL1_fusion16_fusionL1_fusionBN0_drop0p2__wd1e-04trmiss40_trlocglobal,39,0.5841230650742849,0.7015743851661682,0.5513833992094862,0.6922370501771198,0.6444444444444445,0.0,0.0,0.0,0.0,0.0,0.0,0.0,0.0,0.0,,,,,18473,global,0.4
4,2,lr5e-05_bs32_modL1_fusion16_fusionL1_fusionBN0_drop0p2__wd1e-04trmiss40_trlocglobal,32,5e-05,0.0001,1,16,1,False,0.2,lr5e-05_bs32_modL1_fusion16_fusionL1_fusionBN0_drop0p2__wd1e-04trmiss40_trlocglobal,40,0.5863762696584066,0.7018437683582306,0.5553359683794467,0.6950207916979794,0.6444444444444445,0.0,0.0,0.0,0.0,0.0,0.0,0.0,0.0,0.0,,,,,18473,global,0.4
4,2,lr5e-05_bs32_modL1_fusion16_fusionL1_fusionBN0_drop0p2__wd1e-04trmiss40_trlocglobal,32,5e-05,0.0001,1,16,1,False,0.2,lr5e-05_bs32_modL1_fusion16_fusionL1_fusionBN0_drop0p2__wd1e-04trmiss40_trlocglobal,41,0.5947299698988596,0.7030080556869507,0.5513833992094862,0.6916664407349328,0.6444444444444445,0.0,0.0,0.0,0.0,0.0,0.0,0.0,0.0,0.0,,,,,18473,global,0.4
4,2,lr5e-05_bs32_modL1_fusion16_fusionL1_fusionBN0_drop0p2__wd1e-04trmiss40_trlocglobal,32,5e-05,0.0001,1,16,1,False,0.2,lr5e-05_bs32_modL1_fusion16_fusionL1_fusionBN0_drop0p2__wd1e-04trmiss40_trlocglobal,42,0.5798163115978241,0.704725593328476,0.5395256916996047,0.6908186215847781,0.6444444444444445,0.0,0.0,0.0,0.0,0.0,0.0,0.0,0.0,0.0,,,,,18473,global,0.4
4,2,lr5e-05_bs32_modL1_fusion16_fusionL1_fusionBN0_drop0p2__wd1e-04trmiss40_trlocglobal,32,5e-05,0.0001,1,16,1,False,0.2,lr5e-05_bs32_modL1_fusion16_fusionL1_fusionBN0_drop0p2__wd1e-04trmiss40_trlocglobal,43,0.5744429926077524,0.7055754363536835,0.5434782608695652,0.6883528808266671,0.6444444444444445,0.0,0.0,0.0,0.0,0.0,0.0,0.0,0.0,0.0,,,,,18473,global,0.4
4,2,lr5e-05_bs32_modL1_fusion16_fusionL1_fusionBN0_drop0p2__wd1e-04trmiss40_trlocglobal,32,5e-05,0.0001,1,16,1,False,0.2,lr5e-05_bs32_modL1_fusion16_fusionL1_fusionBN0_drop0p2__wd1e-04trmiss40_trlocglobal,44,0.5802067617575327,0.7052352428436279,0.5434782608695652,0.6777575154018457,0.6,0.0,0.0,0.0,0.0,0.0,0.0,0.0,0.0,0.0,,,,,18473,global,0.4
4,2,lr5e-05_bs32_modL1_fusion16_fusionL1_fusionBN0_drop0p2__wd1e-04trmiss40_trlocglobal,32,5e-05,0.0001,1,16,1,False,0.2,lr5e-05_bs32_modL1_fusion16_fusionL1_fusionBN0_drop0p2__wd1e-04trmiss40_trlocglobal,45,0.5776382982730865,0.7043347954750061,0.5434782608695652,0.677775399677601,0.6222222222222222,0.0,0.0,0.0,0.0,0.0,0.0,0.0,0.0,0.0,,,,,18473,global,0.4
4,2,lr5e-05_bs32_modL1_fusion16_fusionL1_fusionBN0_drop0p2__wd1e-04trmiss40_trlocglobal,32,5e-05,0.0001,1,16,1,False,0.2,lr5e-05_bs32_modL1_fusion16_fusionL1_fusionBN0_drop0p2__wd1e-04trmiss40_trlocglobal,46,0.5645692348480225,0.7041893899440765,0.541501976284585,0.6845747702293346,0.6222222222222222,0.0,0.0,0.0,0.0,0.0,0.0,0.0,0.0,0.0,,,,,18473,global,0.4
4,2,lr5e-05_bs32_modL1_fusion16_fusionL1_fusionBN0_drop0p2__wd1e-04trmiss40_trlocglobal,32,5e-05,0.0001,1,16,1,False,0.2,lr5e-05_bs32_modL1_fusion16_fusionL1_fusionBN0_drop0p2__wd1e-04trmiss40_trlocglobal,47,0.575071652730306,0.70458984375,0.5434782608695652,0.683420539026015,0.6444444444444445,0.0,0.0,0.0,0.0,0.0,0.0,0.0,0.0,0.0,,,,,18473,global,0.4
4,2,lr5e-05_bs32_modL1_fusion16_fusionL1_fusionBN0_drop0p2__wd1e-04trmiss40_trlocglobal,32,5e-05,0.0001,1,16,1,False,0.2,lr5e-05_bs32_modL1_fusion16_fusionL1_fusionBN0_drop0p2__wd1e-04trmiss40_trlocglobal,48,0.5806309183438619,0.704888641834259,0.5474308300395256,0.6854434160412696,0.6444444444444445,0.0,0.0,0.0,0.0,0.0,0.0,0.0,0.0,0.0,,,,,18473,global,0.4
4,2,lr5e-05_bs32_modL1_fusion16_fusionL1_fusionBN0_drop0p2__wd1e-04trmiss40_trlocglobal,32,5e-05,0.0001,1,16,1,False,0.2,lr5e-05_bs32_modL1_fusion16_fusionL1_fusionBN0_drop0p2__wd1e-04trmiss40_trlocglobal,49,0.5767489373683929,0.7052501142024994,0.541501976284585,0.6801496448288448,0.6444444444444445,0.0,0.0,0.0,0.0,0.0,0.0,0.0,0.0,0.0,,,,,18473,global,0.4
4,2,lr5e-05_bs32_modL1_fusion16_fusionL1_fusionBN0_drop0p2__wd1e-04trmiss40_trlocglobal,32,5e-05,0.0001,1,16,1,False,0.2,lr5e-05_bs32_modL1_fusion16_fusionL1_fusionBN0_drop0p2__wd1e-04trmiss40_trlocglobal,50,0.5741059184074402,0.7050384879112244,0.541501976284585,0.6828754957039731,0.6444444444444445,0.0,0.0,0.0,0.0,0.0,0.0,0.0,0.0,0.0,,,,,18473,global,0.4
4,2,lr5e-05_bs32_modL1_fusion16_fusionL1_fusionBN0_drop0p2__wd1e-04trmiss40_trlocglobal,32,5e-05,0.0001,1,16,1,False,0.2,lr5e-05_bs32_modL1_fusion16_fusionL1_fusionBN0_drop0p2__wd1e-04trmiss40_trlocglobal,51,0.5744629800319672,0.7044696509838104,0.5434782608695652,0.6835747054769069,0.6666666666666666,0.0,0.0,0.0,0.0,0.0,0.0,0.0,0.0,0.0,,,,,18473,global,0.4
4,2,lr5e-05_bs32_modL1_fusion16_fusionL1_fusionBN0_drop0p2__wd1e-04trmiss40_trlocglobal,32,5e-05,0.0001,1,16,1,False,0.2,lr5e-05_bs32_modL1_fusion16_fusionL1_fusionBN0_drop0p2__wd1e-04trmiss40_trlocglobal,52,0.5710336665312449,0.7046140134334564,0.5454545454545454,0.6843243306643132,0.6444444444444445,0.0,0.0,0.0,0.0,0.0,0.0,0.0,0.0,0.0,,,,,18473,global,0.4
4,2,lr5e-05_bs32_modL1_fusion16_fusionL1_fusionBN0_drop0p2__wd1e-04trmiss40_trlocglobal,32,5e-05,0.0001,1,16,1,False,0.2,lr5e-05_bs32_modL1_fusion16_fusionL1_fusionBN0_drop0p2__wd1e-04trmiss40_trlocglobal,53,0.5661201477050781,0.7040697634220123,0.5434782608695652,0.6841517978830848,0.6444444444444445,0.0,0.0,0.0,0.0,0.0,0.0,0.0,0.0,0.0,,,,,18473,global,0.4
4,2,lr5e-05_bs32_modL1_fusion16_fusionL1_fusionBN0_drop0p2__wd1e-04trmiss40_trlocglobal,32,5e-05,0.0001,1,16,1,False,0.2,lr5e-05_bs32_modL1_fusion16_fusionL1_fusionBN0_drop0p2__wd1e-04trmiss40_trlocglobal,54,0.5683664878209432,0.7038041055202484,0.5454545454545454,0.6826355502572293,0.6444444444444445,0.0,0.0,0.0,0.0,0.0,0.0,0.0,0.0,0.0,,,,,18473,global,0.4
4,2,lr5e-05_bs32_modL1_fusion16_fusionL1_fusionBN0_drop0p2__wd1e-04trmiss40_trlocglobal,32,5e-05,0.0001,1,16,1,False,0.2,lr5e-05_bs32_modL1_fusion16_fusionL1_fusionBN0_drop0p2__wd1e-04trmiss40_trlocglobal,55,0.5693058669567108,0.703740805387497,0.5434782608695652,0.6821965156076685,0.6444444444444445,0.0,0.0,0.0,0.0,0.0,0.0,0.0,0.0,0.0,,,,,18473,global,0.4
4,2,lr5e-05_bs32_modL1_fusion16_fusionL1_fusionBN0_drop0p2__wd1e-04trmiss40_trlocglobal,32,5e-05,0.0001,1,16,1,False,0.2,lr5e-05_bs32_modL1_fusion16_fusionL1_fusionBN0_drop0p2__wd1e-04trmiss40_trlocglobal,56,0.5723525484402975,0.7027725875377655,0.5454545454545454,0.6878714873929774,0.6222222222222222,0.0,0.0,0.0,0.0,0.0,0.0,0.0,0.0,0.0,,,,,18473,global,0.4
4,2,lr5e-05_bs32_modL1_fusion16_fusionL1_fusionBN0_drop0p2__wd1e-04trmiss40_trlocglobal,32,5e-05,0.0001,1,16,1,False,0.2,lr5e-05_bs32_modL1_fusion16_fusionL1_fusionBN0_drop0p2__wd1e-04trmiss40_trlocglobal,57,0.5757681230703989,0.703364223241806,0.5434782608695652,0.6850488374531253,0.6666666666666666,0.0,0.0,0.0,0.0,0.0,0.0,0.0,0.0,0.0,,,,,18473,global,0.4
4,2,lr5e-05_bs32_modL1_fusion16_fusionL1_fusionBN0_drop0p2__wd1e-04trmiss40_trlocglobal,32,5e-05,0.0001,1,16,1,False,0.2,lr5e-05_bs32_modL1_fusion16_fusionL1_fusionBN0_drop0p2__wd1e-04trmiss40_trlocglobal,58,0.5641116301218668,0.7035880088806152,0.5434782608695652,0.6854094353784957,0.6666666666666666,0.0,0.0,0.0,0.0,0.0,0.0,0.0,0.0,0.0,,,,,18473,global,0.4
4,2,lr5e-05_bs32_modL1_fusion16_fusionL1_fusionBN0_drop0p2__wd1e-04trmiss40_trlocglobal,32,5e-05,0.0001,1,16,1,False,0.2,lr5e-05_bs32_modL1_fusion16_fusionL1_fusionBN0_drop0p2__wd1e-04trmiss40_trlocglobal,59,0.5621550182501475,0.7045432925224304,0.5494071146245059,0.6923708286314492,0.6444444444444445,0.0,0.0,0.0,0.0,0.0,0.0,0.0,0.0,0.0,,,,,18473,global,0.4
4,2,lr5e-05_bs32_modL1_fusion16_fusionL1_fusionBN0_drop0p2__wd1e-04trmiss40_trlocglobal,32,5e-05,0.0001,1,16,1,False,0.2,lr5e-05_bs32_modL1_fusion16_fusionL1_fusionBN0_drop0p2__wd1e-04trmiss40_trlocglobal,60,0.566484659910202,0.704325944185257,0.5454545454545454,0.6908442179871914,0.6444444444444445,0.0,0.0,0.0,0.0,0.0,0.0,0.0,0.0,0.0,,,,,18473,global,0.4
4,2,lr5e-05_bs32_modL1_fusion16_fusionL1_fusionBN0_drop0p1__wd1e-04trmiss40_trlocglobal,32,5e-05,0.0001,1,16,1,False,0.1,lr5e-05_bs32_modL1_fusion16_fusionL1_fusionBN0_drop0p1__wd1e-04trmiss40_trlocglobal,1,0.7109613517920176,0.7010774612426758,0.49999999999999994,0.5503035627263676,0.4888888888888889,0.0,0.0,0.0,0.0,0.0,0.0,0.0,0.0,0.0,,,,,18473,global,0.4
4,2,lr5e-05_bs32_modL1_fusion16_fusionL1_fusionBN0_drop0p1__wd1e-04trmiss40_trlocglobal,32,5e-05,0.0001,1,16,1,False,0.1,lr5e-05_bs32_modL1_fusion16_fusionL1_fusionBN0_drop0p1__wd1e-04trmiss40_trlocglobal,2,0.7023160755634308,0.700836569070816,0.48814229249011865,0.5464484240319011,0.4888888888888889,0.0,0.0,0.0,0.0,0.0,0.0,0.0,0.0,0.0,,,,,18473,global,0.4
4,2,lr5e-05_bs32_modL1_fusion16_fusionL1_fusionBN0_drop0p1__wd1e-04trmiss40_trlocglobal,32,5e-05,0.0001,1,16,1,False,0.1,lr5e-05_bs32_modL1_fusion16_fusionL1_fusionBN0_drop0p1__wd1e-04trmiss40_trlocglobal,3,0.6951978504657745,0.7011582553386688,0.4802371541501976,0.5138465817567613,0.4888888888888889,0.0,0.0,0.0,0.0,0.0,0.0,0.0,0.0,0.0,,,,,18473,global,0.4
4,2,lr5e-05_bs32_modL1_fusion16_fusionL1_fusionBN0_drop0p1__wd1e-04trmiss40_trlocglobal,32,5e-05,0.0001,1,16,1,False,0.1,lr5e-05_bs32_modL1_fusion16_fusionL1_fusionBN0_drop0p1__wd1e-04trmiss40_trlocglobal,4,0.6946905354658762,0.6998308897018433,0.4980237154150198,0.5265770198096325,0.4666666666666667,0.0,0.0,0.0,0.0,0.0,0.0,0.0,0.0,0.0,,,,,18473,global,0.4
4,2,lr5e-05_bs32_modL1_fusion16_fusionL1_fusionBN0_drop0p1__wd1e-04trmiss40_trlocglobal,32,5e-05,0.0001,1,16,1,False,0.1,lr5e-05_bs32_modL1_fusion16_fusionL1_fusionBN0_drop0p1__wd1e-04trmiss40_trlocglobal,5,0.6799081663290659,0.698078453540802,0.5158102766798419,0.5412395425998537,0.4666666666666667,0.0,0.0,0.0,0.0,0.0,0.0,0.0,0.0,0.0,,,,,18473,global,0.4
4,2,lr5e-05_bs32_modL1_fusion16_fusionL1_fusionBN0_drop0p1__wd1e-04trmiss40_trlocglobal,32,5e-05,0.0001,1,16,1,False,0.1,lr5e-05_bs32_modL1_fusion16_fusionL1_fusionBN0_drop0p1__wd1e-04trmiss40_trlocglobal,6,0.6810532510280609,0.6970475912094116,0.5197628458498024,0.5405218181574861,0.4666666666666667,0.0,0.0,0.0,0.0,0.0,0.0,0.0,0.0,0.0,,,,,18473,global,0.4
4,2,lr5e-05_bs32_modL1_fusion16_fusionL1_fusionBN0_drop0p1__wd1e-04trmiss40_trlocglobal,32,5e-05,0.0001,1,16,1,False,0.1,lr5e-05_bs32_modL1_fusion16_fusionL1_fusionBN0_drop0p1__wd1e-04trmiss40_trlocglobal,7,0.6731617748737335,0.6969055235385895,0.5237154150197628,0.5442805643265622,0.4666666666666667,0.0,0.0,0.0,0.0,0.0,0.0,0.0,0.0,0.0,,,,,18473,global,0.4
4,2,lr5e-05_bs32_modL1_fusion16_fusionL1_fusionBN0_drop0p1__wd1e-04trmiss40_trlocglobal,32,5e-05,0.0001,1,16,1,False,0.1,lr5e-05_bs32_modL1_fusion16_fusionL1_fusionBN0_drop0p1__wd1e-04trmiss40_trlocglobal,8,0.6768041749795278,0.6966999173164368,0.5217391304347827,0.5498553270875284,0.4666666666666667,0.0,0.0,0.0,0.0,0.0,0.0,0.0,0.0,0.0,,,,,18473,global,0.4
4,2,lr5e-05_bs32_modL1_fusion16_fusionL1_fusionBN0_drop0p1__wd1e-04trmiss40_trlocglobal,32,5e-05,0.0001,1,16,1,False,0.1,lr5e-05_bs32_modL1_fusion16_fusionL1_fusionBN0_drop0p1__wd1e-04trmiss40_trlocglobal,9,0.666400671005249,0.6962814927101135,0.5158102766798418,0.5534880622979724,0.4888888888888889,0.0,0.0,0.0,0.0,0.0,0.0,0.0,0.0,0.0,,,,,18473,global,0.4
4,2,lr5e-05_bs32_modL1_fusion16_fusionL1_fusionBN0_drop0p1__wd1e-04trmiss40_trlocglobal,32,5e-05,0.0001,1,16,1,False,0.1,lr5e-05_bs32_modL1_fusion16_fusionL1_fusionBN0_drop0p1__wd1e-04trmiss40_trlocglobal,10,0.6672768890857697,0.695937991142273,0.5098814229249011,0.5511025995525592,0.4888888888888889,0.0,0.0,0.0,0.0,0.0,0.0,0.0,0.0,0.0,,,,,18473,global,0.4
4,2,lr5e-05_bs32_modL1_fusion16_fusionL1_fusionBN0_drop0p1__wd1e-04trmiss40_trlocglobal,32,5e-05,0.0001,1,16,1,False,0.1,lr5e-05_bs32_modL1_fusion16_fusionL1_fusionBN0_drop0p1__wd1e-04trmiss40_trlocglobal,11,0.6630408465862274,0.6960468292236328,0.5197628458498024,0.556745285946224,0.4888888888888889,0.0,0.0,0.0,0.0,0.0,0.0,0.0,0.0,0.0,,,,,18473,global,0.4
4,2,lr5e-05_bs32_modL1_fusion16_fusionL1_fusionBN0_drop0p1__wd1e-04trmiss40_trlocglobal,32,5e-05,0.0001,1,16,1,False,0.1,lr5e-05_bs32_modL1_fusion16_fusionL1_fusionBN0_drop0p1__wd1e-04trmiss40_trlocglobal,12,0.6616650919119517,0.6955560743808746,0.5158102766798419,0.5519528363589506,0.5111111111111111,0.0,0.0,0.0,0.0,0.0,0.0,0.0,0.0,0.0,,,,,18473,global,0.4
4,2,lr5e-05_bs32_modL1_fusion16_fusionL1_fusionBN0_drop0p1__wd1e-04trmiss40_trlocglobal,32,5e-05,0.0001,1,16,1,False,0.1,lr5e-05_bs32_modL1_fusion16_fusionL1_fusionBN0_drop0p1__wd1e-04trmiss40_trlocglobal,13,0.6533696055412292,0.6953410804271698,0.5118577075098815,0.5471352334177779,0.5111111111111111,0.0,0.0,0.0,0.0,0.0,0.0,0.0,0.0,0.0,,,,,18473,global,0.4
4,2,lr5e-05_bs32_modL1_fusion16_fusionL1_fusionBN0_drop0p1__wd1e-04trmiss40_trlocglobal,32,5e-05,0.0001,1,16,1,False,0.1,lr5e-05_bs32_modL1_fusion16_fusionL1_fusionBN0_drop0p1__wd1e-04trmiss40_trlocglobal,14,0.6531740228335062,0.6949015557765961,0.5217391304347827,0.5473031250220577,0.5111111111111111,0.0,0.0,0.0,0.0,0.0,0.0,0.0,0.0,0.0,,,,,18473,global,0.4
4,2,lr5e-05_bs32_modL1_fusion16_fusionL1_fusionBN0_drop0p1__wd1e-04trmiss40_trlocglobal,32,5e-05,0.0001,1,16,1,False,0.1,lr5e-05_bs32_modL1_fusion16_fusionL1_fusionBN0_drop0p1__wd1e-04trmiss40_trlocglobal,15,0.6515806217988332,0.6943219602108002,0.5217391304347827,0.5474138860696877,0.5111111111111111,0.0,0.0,0.0,0.0,0.0,0.0,0.0,0.0,0.0,,,,,18473,global,0.4
4,2,lr5e-05_bs32_modL1_fusion16_fusionL1_fusionBN0_drop0p1__wd1e-04trmiss40_trlocglobal,32,5e-05,0.0001,1,16,1,False,0.1,lr5e-05_bs32_modL1_fusion16_fusionL1_fusionBN0_drop0p1__wd1e-04trmiss40_trlocglobal,16,0.6416189869244894,0.6942483186721802,0.5197628458498024,0.5468931389953882,0.5111111111111111,0.0,0.0,0.0,0.0,0.0,0.0,0.0,0.0,0.0,,,,,18473,global,0.4
4,2,lr5e-05_bs32_modL1_fusion16_fusionL1_fusionBN0_drop0p1__wd1e-04trmiss40_trlocglobal,32,5e-05,0.0001,1,16,1,False,0.1,lr5e-05_bs32_modL1_fusion16_fusionL1_fusionBN0_drop0p1__wd1e-04trmiss40_trlocglobal,17,0.6414421498775482,0.6952035427093506,0.5217391304347826,0.550904563369068,0.5111111111111111,0.0,0.0,0.0,0.0,0.0,0.0,0.0,0.0,0.0,,,,,18473,global,0.4
4,2,lr5e-05_bs32_modL1_fusion16_fusionL1_fusionBN0_drop0p1__wd1e-04trmiss40_trlocglobal,32,5e-05,0.0001,1,16,1,False,0.1,lr5e-05_bs32_modL1_fusion16_fusionL1_fusionBN0_drop0p1__wd1e-04trmiss40_trlocglobal,18,0.6385079224904379,0.6951533257961273,0.5276679841897234,0.5477909090273991,0.5111111111111111,0.0,0.0,0.0,0.0,0.0,0.0,0.0,0.0,0.0,,,,,18473,global,0.4
4,2,lr5e-05_bs32_modL1_fusion16_fusionL1_fusionBN0_drop0p1__wd1e-04trmiss40_trlocglobal,32,5e-05,0.0001,1,16,1,False,0.1,lr5e-05_bs32_modL1_fusion16_fusionL1_fusionBN0_drop0p1__wd1e-04trmiss40_trlocglobal,19,0.6342430512110392,0.6943574249744415,0.5335968379446641,0.5508828846585719,0.5111111111111111,0.0,0.0,0.0,0.0,0.0,0.0,0.0,0.0,0.0,,,,,18473,global,0.4
4,2,lr5e-05_bs32_modL1_fusion16_fusionL1_fusionBN0_drop0p1__wd1e-04trmiss40_trlocglobal,32,5e-05,0.0001,1,16,1,False,0.1,lr5e-05_bs32_modL1_fusion16_fusionL1_fusionBN0_drop0p1__wd1e-04trmiss40_trlocglobal,20,0.634195993343989,0.693938285112381,0.5296442687747036,0.551815021033573,0.5111111111111111,0.0,0.0,0.0,0.0,0.0,0.0,0.0,0.0,0.0,,,,,18473,global,0.4
4,2,lr5e-05_bs32_modL1_fusion16_fusionL1_fusionBN0_drop0p1__wd1e-04trmiss40_trlocglobal,32,5e-05,0.0001,1,16,1,False,0.1,lr5e-05_bs32_modL1_fusion16_fusionL1_fusionBN0_drop0p1__wd1e-04trmiss40_trlocglobal,21,0.6373743712902069,0.6940026581287384,0.5355731225296443,0.549239563247727,0.4888888888888889,0.0,0.0,0.0,0.0,0.0,0.0,0.0,0.0,0.0,,,,,18473,global,0.4
4,2,lr5e-05_bs32_modL1_fusion16_fusionL1_fusionBN0_drop0p1__wd1e-04trmiss40_trlocglobal,32,5e-05,0.0001,1,16,1,False,0.1,lr5e-05_bs32_modL1_fusion16_fusionL1_fusionBN0_drop0p1__wd1e-04trmiss40_trlocglobal,22,0.6286909679571787,0.6934311389923096,0.5375494071146245,0.5495476177458236,0.4888888888888889,0.0,0.0,0.0,0.0,0.0,0.0,0.0,0.0,0.0,,,,,18473,global,0.4
4,2,lr5e-05_bs32_modL1_fusion16_fusionL1_fusionBN0_drop0p1__wd1e-04trmiss40_trlocglobal,32,5e-05,0.0001,1,16,1,False,0.1,lr5e-05_bs32_modL1_fusion16_fusionL1_fusionBN0_drop0p1__wd1e-04trmiss40_trlocglobal,23,0.628020445505778,0.6922651529312134,0.5395256916996047,0.5522588329756796,0.4888888888888889,0.0,0.0,0.0,0.0,0.0,0.0,0.0,0.0,0.0,,,,,18473,global,0.4
4,2,lr5e-05_bs32_modL1_fusion16_fusionL1_fusionBN0_drop0p1__wd1e-04trmiss40_trlocglobal,32,5e-05,0.0001,1,16,1,False,0.1,lr5e-05_bs32_modL1_fusion16_fusionL1_fusionBN0_drop0p1__wd1e-04trmiss40_trlocglobal,24,0.6236837605635325,0.6911089420318604,0.5513833992094862,0.5624900269025256,0.4888888888888889,0.0,0.0,0.0,0.0,0.0,0.0,0.0,0.0,0.0,,,,,18473,global,0.4
4,2,lr5e-05_bs32_modL1_fusion16_fusionL1_fusionBN0_drop0p1__wd1e-04trmiss40_trlocglobal,32,5e-05,0.0001,1,16,1,False,0.1,lr5e-05_bs32_modL1_fusion16_fusionL1_fusionBN0_drop0p1__wd1e-04trmiss40_trlocglobal,25,0.6259572406609853,0.6911091208457947,0.5513833992094862,0.5624900269025256,0.4888888888888889,0.0,0.0,0.0,0.0,0.0,0.0,0.0,0.0,0.0,,,,,18473,global,0.4
4,2,lr5e-05_bs32_modL1_fusion16_fusionL1_fusionBN0_drop0p1__wd1e-04trmiss40_trlocglobal,32,5e-05,0.0001,1,16,1,False,0.1,lr5e-05_bs32_modL1_fusion16_fusionL1_fusionBN0_drop0p1__wd1e-04trmiss40_trlocglobal,26,0.6185136636098226,0.691123902797699,0.5513833992094862,0.5547191159222964,0.4888888888888889,0.0,0.0,0.0,0.0,0.0,0.0,0.0,0.0,0.0,,,,,18473,global,0.4
4,2,lr5e-05_bs32_modL1_fusion16_fusionL1_fusionBN0_drop0p1__wd1e-04trmiss40_trlocglobal,32,5e-05,0.0001,1,16,1,False,0.1,lr5e-05_bs32_modL1_fusion16_fusionL1_fusionBN0_drop0p1__wd1e-04trmiss40_trlocglobal,27,0.6155505180358887,0.6913650035858154,0.5494071146245059,0.555594129447969,0.4888888888888889,0.0,0.0,0.0,0.0,0.0,0.0,0.0,0.0,0.0,,,,,18473,global,0.4
4,2,lr5e-05_bs32_modL1_fusion16_fusionL1_fusionBN0_drop0p1__wd1e-04trmiss40_trlocglobal,32,5e-05,0.0001,1,16,1,False,0.1,lr5e-05_bs32_modL1_fusion16_fusionL1_fusionBN0_drop0p1__wd1e-04trmiss40_trlocglobal,28,0.6165571014086405,0.6921951174736023,0.541501976284585,0.5492207069565869,0.4888888888888889,0.0,0.0,0.0,0.0,0.0,0.0,0.0,0.0,0.0,,,,,18473,global,0.4
4,2,lr5e-05_bs32_modL1_fusion16_fusionL1_fusionBN0_drop0p1__wd1e-04trmiss40_trlocglobal,32,5e-05,0.0001,1,16,1,False,0.1,lr5e-05_bs32_modL1_fusion16_fusionL1_fusionBN0_drop0p1__wd1e-04trmiss40_trlocglobal,29,0.6158231794834137,0.6925882995128632,0.5355731225296443,0.5447086562650165,0.4888888888888889,0.0,0.0,0.0,0.0,0.0,0.0,0.0,0.0,0.0,,,,,18473,global,0.4
4,2,lr5e-05_bs32_modL1_fusion16_fusionL1_fusionBN0_drop0p1__wd1e-04trmiss40_trlocglobal,32,5e-05,0.0001,1,16,1,False,0.1,lr5e-05_bs32_modL1_fusion16_fusionL1_fusionBN0_drop0p1__wd1e-04trmiss40_trlocglobal,30,0.6100692053635915,0.6916370093822479,0.5335968379446641,0.5441353939950456,0.4888888888888889,0.0,0.0,0.0,0.0,0.0,0.0,0.0,0.0,0.0,,,,,18473,global,0.4
4,2,lr5e-05_bs32_modL1_fusion16_fusionL1_fusionBN0_drop0p1__wd1e-04trmiss40_trlocglobal,32,5e-05,0.0001,1,16,1,False,0.1,lr5e-05_bs32_modL1_fusion16_fusionL1_fusionBN0_drop0p1__wd1e-04trmiss40_trlocglobal,31,0.6131295263767242,0.6918464601039886,0.525691699604743,0.5389819102651243,0.4666666666666667,0.0,0.0,0.0,0.0,0.0,0.0,0.0,0.0,0.0,,,,,18473,global,0.4
4,2,lr5e-05_bs32_modL1_fusion16_fusionL1_fusionBN0_drop0p1__wd1e-04trmiss40_trlocglobal,32,5e-05,0.0001,1,16,1,False,0.1,lr5e-05_bs32_modL1_fusion16_fusionL1_fusionBN0_drop0p1__wd1e-04trmiss40_trlocglobal,32,0.612654467423757,0.6925700306892395,0.5237154150197628,0.5367068101639372,0.4666666666666667,0.0,0.0,0.0,0.0,0.0,0.0,0.0,0.0,0.0,,,,,18473,global,0.4
4,2,lr5e-05_bs32_modL1_fusion16_fusionL1_fusionBN0_drop0p1__wd1e-04trmiss40_trlocglobal,32,5e-05,0.0001,1,16,1,False,0.1,lr5e-05_bs32_modL1_fusion16_fusionL1_fusionBN0_drop0p1__wd1e-04trmiss40_trlocglobal,33,0.6127863427003225,0.6918316781520844,0.5276679841897233,0.5392118242397788,0.4888888888888889,0.0,0.0,0.0,0.0,0.0,0.0,0.0,0.0,0.0,,,,,18473,global,0.4
4,2,lr5e-05_bs32_modL1_fusion16_fusionL1_fusionBN0_drop0p1__wd1e-04trmiss40_trlocglobal,32,5e-05,0.0001,1,16,1,False,0.1,lr5e-05_bs32_modL1_fusion16_fusionL1_fusionBN0_drop0p1__wd1e-04trmiss40_trlocglobal,34,0.602543036142985,0.691317081451416,0.5237154150197628,0.558766808051772,0.4666666666666667,0.0,0.0,0.0,0.0,0.0,0.0,0.0,0.0,0.0,,,,,18473,global,0.4
4,2,lr5e-05_bs32_modL1_fusion16_fusionL1_fusionBN0_drop0p1__wd1e-04trmiss40_trlocglobal,32,5e-05,0.0001,1,16,1,False,0.1,lr5e-05_bs32_modL1_fusion16_fusionL1_fusionBN0_drop0p1__wd1e-04trmiss40_trlocglobal,35,0.6017538607120514,0.6911557614803314,0.5296442687747035,0.5404931370321056,0.4666666666666667,0.0,0.0,0.0,0.0,0.0,0.0,0.0,0.0,0.0,,,,,18473,global,0.4
4,2,lr5e-05_bs32_modL1_fusion16_fusionL1_fusionBN0_drop0p1__wd1e-04trmiss40_trlocglobal,32,5e-05,0.0001,1,16,1,False,0.1,lr5e-05_bs32_modL1_fusion16_fusionL1_fusionBN0_drop0p1__wd1e-04trmiss40_trlocglobal,36,0.6072185635566711,0.6906837522983551,0.5237154150197629,0.539547219906814,0.4666666666666667,0.0,0.0,0.0,0.0,0.0,0.0,0.0,0.0,0.0,,,,,18473,global,0.4
4,2,lr5e-05_bs32_modL1_fusion16_fusionL1_fusionBN0_drop0p1__wd1e-04trmiss40_trlocglobal,32,5e-05,0.0001,1,16,1,False,0.1,lr5e-05_bs32_modL1_fusion16_fusionL1_fusionBN0_drop0p1__wd1e-04trmiss40_trlocglobal,37,0.6068560381730398,0.6891064643859863,0.5296442687747036,0.5655848405051523,0.4666666666666667,0.0,0.0,0.0,0.0,0.0,0.0,0.0,0.0,0.0,,,,,18473,global,0.4
4,2,lr5e-05_bs32_modL1_fusion16_fusionL1_fusionBN0_drop0p1__wd1e-04trmiss40_trlocglobal,32,5e-05,0.0001,1,16,1,False,0.1,lr5e-05_bs32_modL1_fusion16_fusionL1_fusionBN0_drop0p1__wd1e-04trmiss40_trlocglobal,38,0.6053918798764547,0.6888424456119537,0.5355731225296443,0.5697139792869601,0.4666666666666667,0.0,0.0,0.0,0.0,0.0,0.0,0.0,0.0,0.0,,,,,18473,global,0.4
4,2,lr5e-05_bs32_modL1_fusion16_fusionL1_fusionBN0_drop0p1__wd1e-04trmiss40_trlocglobal,32,5e-05,0.0001,1,16,1,False,0.1,lr5e-05_bs32_modL1_fusion16_fusionL1_fusionBN0_drop0p1__wd1e-04trmiss40_trlocglobal,39,0.5979588329792023,0.6905001401901245,0.517786561264822,0.5640529299355759,0.4888888888888889,0.0,0.0,0.0,0.0,0.0,0.0,0.0,0.0,0.0,,,,,18473,global,0.4
4,2,lr5e-05_bs32_modL1_fusion16_fusionL1_fusionBN0_drop0p1__wd1e-04trmiss40_trlocglobal,32,5e-05,0.0001,1,16,1,False,0.1,lr5e-05_bs32_modL1_fusion16_fusionL1_fusionBN0_drop0p1__wd1e-04trmiss40_trlocglobal,40,0.6008641123771667,0.6907159686088562,0.5118577075098814,0.559381101174179,0.4888888888888889,0.0,0.0,0.0,0.0,0.0,0.0,0.0,0.0,0.0,,,,,18473,global,0.4
4,2,lr5e-05_bs32_modL1_fusion16_fusionL1_fusionBN0_drop0p1__wd1e-04trmiss40_trlocglobal,32,5e-05,0.0001,1,16,1,False,0.1,lr5e-05_bs32_modL1_fusion16_fusionL1_fusionBN0_drop0p1__wd1e-04trmiss40_trlocglobal,41,0.5999831159909567,0.6904693245887756,0.5079051383399209,0.5596655201262957,0.4888888888888889,0.0,0.0,0.0,0.0,0.0,0.0,0.0,0.0,0.0,,,,,18473,global,0.4
4,2,lr5e-05_bs32_modL1_fusion16_fusionL1_fusionBN0_drop0p1__wd1e-04trmiss40_trlocglobal,32,5e-05,0.0001,1,16,1,False,0.1,lr5e-05_bs32_modL1_fusion16_fusionL1_fusionBN0_drop0p1__wd1e-04trmiss40_trlocglobal,42,0.5978099008401235,0.6900268197059631,0.5138339920948616,0.5674880397031125,0.4666666666666667,0.0,0.0,0.0,0.0,0.0,0.0,0.0,0.0,0.0,,,,,18473,global,0.4
4,2,lr5e-05_bs32_modL1_fusion16_fusionL1_fusionBN0_drop0p1__wd1e-04trmiss40_trlocglobal,32,5e-05,0.0001,1,16,1,False,0.1,lr5e-05_bs32_modL1_fusion16_fusionL1_fusionBN0_drop0p1__wd1e-04trmiss40_trlocglobal,43,0.5942622423171997,0.6904042959213257,0.5158102766798419,0.5701500951140875,0.4666666666666667,0.0,0.0,0.0,0.0,0.0,0.0,0.0,0.0,0.0,,,,,18473,global,0.4
4,2,lr5e-05_bs32_modL1_fusion16_fusionL1_fusionBN0_drop0p1__wd1e-04trmiss40_trlocglobal,32,5e-05,0.0001,1,16,1,False,0.1,lr5e-05_bs32_modL1_fusion16_fusionL1_fusionBN0_drop0p1__wd1e-04trmiss40_trlocglobal,44,0.5932499865690867,0.6898120939731598,0.5138339920948617,0.5586335771506046,0.4666666666666667,0.0,0.0,0.0,0.0,0.0,0.0,0.0,0.0,0.0,,,,,18473,global,0.4
4,2,lr5e-05_bs32_modL1_fusion32_fusionL1_fusionBN0_drop0p2__wd1e-04trmiss40_trlocglobal,32,5e-05,0.0001,1,32,1,False,0.2,lr5e-05_bs32_modL1_fusion32_fusionL1_fusionBN0_drop0p2__wd1e-04trmiss40_trlocglobal,1,0.7084597845872244,0.696203738451004,0.3873517786561265,0.4569377623735054,0.4,0.0,0.0,0.0,0.0,0.0,0.0,0.0,0.0,0.0,,,,,18473,global,0.4
4,2,lr5e-05_bs32_modL1_fusion32_fusionL1_fusionBN0_drop0p2__wd1e-04trmiss40_trlocglobal,32,5e-05,0.0001,1,32,1,False,0.2,lr5e-05_bs32_modL1_fusion32_fusionL1_fusionBN0_drop0p2__wd1e-04trmiss40_trlocglobal,2,0.6987170875072479,0.6962594389915466,0.4011857707509881,0.4648018886076943,0.4222222222222222,0.0,0.0,0.0,0.0,0.0,0.0,0.0,0.0,0.0,,,,,18473,global,0.4
4,2,lr5e-05_bs32_modL1_fusion32_fusionL1_fusionBN0_drop0p2__wd1e-04trmiss40_trlocglobal,32,5e-05,0.0001,1,32,1,False,0.2,lr5e-05_bs32_modL1_fusion32_fusionL1_fusionBN0_drop0p2__wd1e-04trmiss40_trlocglobal,3,0.6813797255357107,0.695977658033371,0.41304347826086957,0.46574947280273254,0.4666666666666667,0.0,0.0,0.0,0.0,0.0,0.0,0.0,0.0,0.0,,,,,18473,global,0.4
4,2,lr5e-05_bs32_modL1_fusion32_fusionL1_fusionBN0_drop0p2__wd1e-04trmiss40_trlocglobal,32,5e-05,0.0001,1,32,1,False,0.2,lr5e-05_bs32_modL1_fusion32_fusionL1_fusionBN0_drop0p2__wd1e-04trmiss40_trlocglobal,4,0.6808812916278839,0.6964161098003387,0.4189723320158102,0.467448507406746,0.5111111111111111,0.0,0.0,0.0,0.0,0.0,0.0,0.0,0.0,0.0,,,,,18473,global,0.4
4,2,lr5e-05_bs32_modL1_fusion32_fusionL1_fusionBN0_drop0p2__wd1e-04trmiss40_trlocglobal,32,5e-05,0.0001,1,32,1,False,0.2,lr5e-05_bs32_modL1_fusion32_fusionL1_fusionBN0_drop0p2__wd1e-04trmiss40_trlocglobal,5,0.6640664239724478,0.6968559622764587,0.4169960474308301,0.4644606063000286,0.5111111111111111,0.0,0.0,0.0,0.0,0.0,0.0,0.0,0.0,0.0,,,,,18473,global,0.4
4,2,lr5e-05_bs32_modL1_fusion32_fusionL1_fusionBN0_drop0p2__wd1e-04trmiss40_trlocglobal,32,5e-05,0.0001,1,32,1,False,0.2,lr5e-05_bs32_modL1_fusion32_fusionL1_fusionBN0_drop0p2__wd1e-04trmiss40_trlocglobal,6,0.6629847884178162,0.6976455450057983,0.4051383399209486,0.4586597225509172,0.4666666666666667,0.0,0.0,0.0,0.0,0.0,0.0,0.0,0.0,0.0,,,,,18473,global,0.4
4,2,lr5e-05_bs32_modL1_fusion32_fusionL1_fusionBN0_drop0p2__wd1e-04trmiss40_trlocglobal,32,5e-05,0.0001,1,32,1,False,0.2,lr5e-05_bs32_modL1_fusion32_fusionL1_fusionBN0_drop0p2__wd1e-04trmiss40_trlocglobal,7,0.6606189807256063,0.6981351673603058,0.40118577075098816,0.46737954351139205,0.4666666666666667,0.0,0.0,0.0,0.0,0.0,0.0,0.0,0.0,0.0,,,,,18473,global,0.4
4,2,lr5e-05_bs32_modL1_fusion32_fusionL1_fusionBN0_drop0p2__wd1e-04trmiss40_trlocglobal,32,5e-05,0.0001,1,32,1,False,0.2,lr5e-05_bs32_modL1_fusion32_fusionL1_fusionBN0_drop0p2__wd1e-04trmiss40_trlocglobal,8,0.6494589249293009,0.6975623071193695,0.40711462450592883,0.4671318305948866,0.4666666666666667,0.0,0.0,0.0,0.0,0.0,0.0,0.0,0.0,0.0,,,,,18473,global,0.4
4,2,lr5e-05_bs32_modL1_fusion32_fusionL1_fusionBN0_drop0p2__wd1e-04trmiss40_trlocglobal,32,5e-05,0.0001,1,32,1,False,0.2,lr5e-05_bs32_modL1_fusion32_fusionL1_fusionBN0_drop0p2__wd1e-04trmiss40_trlocglobal,9,0.6491075257460276,0.6960614323616028,0.41897233201581024,0.4638145221657864,0.4666666666666667,0.0,0.0,0.0,0.0,0.0,0.0,0.0,0.0,0.0,,,,,18473,global,0.4
4,2,lr5e-05_bs32_modL1_fusion32_fusionL1_fusionBN0_drop0p2__wd1e-04trmiss40_trlocglobal,32,5e-05,0.0001,1,32,1,False,0.2,lr5e-05_bs32_modL1_fusion32_fusionL1_fusionBN0_drop0p2__wd1e-04trmiss40_trlocglobal,10,0.6445313890775045,0.6953252255916595,0.42292490118577075,0.46497267080826693,0.4666666666666667,0.0,0.0,0.0,0.0,0.0,0.0,0.0,0.0,0.0,,,,,18473,global,0.4
4,2,lr5e-05_bs32_modL1_fusion32_fusionL1_fusionBN0_drop0p2__wd1e-04trmiss40_trlocglobal,32,5e-05,0.0001,1,32,1,False,0.2,lr5e-05_bs32_modL1_fusion32_fusionL1_fusionBN0_drop0p2__wd1e-04trmiss40_trlocglobal,11,0.6331822474797567,0.6943201720714569,0.4288537549407115,0.46559932229224105,0.4666666666666667,0.0,0.0,0.0,0.0,0.0,0.0,0.0,0.0,0.0,,,,,18473,global,0.4
4,2,lr5e-05_bs32_modL1_fusion32_fusionL1_fusionBN0_drop0p2__wd1e-04trmiss40_trlocglobal,32,5e-05,0.0001,1,32,1,False,0.2,lr5e-05_bs32_modL1_fusion32_fusionL1_fusionBN0_drop0p2__wd1e-04trmiss40_trlocglobal,12,0.6364481151103973,0.6942751705646515,0.44071146245059284,0.47690398156033464,0.4444444444444444,0.0,0.0,0.0,0.0,0.0,0.0,0.0,0.0,0.0,,,,,18473,global,0.4
4,2,lr5e-05_bs32_modL1_fusion32_fusionL1_fusionBN0_drop0p2__wd1e-04trmiss40_trlocglobal,32,5e-05,0.0001,1,32,1,False,0.2,lr5e-05_bs32_modL1_fusion32_fusionL1_fusionBN0_drop0p2__wd1e-04trmiss40_trlocglobal,13,0.6362384955088297,0.6941081285476685,0.43873517786561267,0.4726795425532869,0.4666666666666667,0.0,0.0,0.0,0.0,0.0,0.0,0.0,0.0,0.0,,,,,18473,global,0.4
4,2,lr5e-05_bs32_modL1_fusion32_fusionL1_fusionBN0_drop0p2__wd1e-04trmiss40_trlocglobal,32,5e-05,0.0001,1,32,1,False,0.2,lr5e-05_bs32_modL1_fusion32_fusionL1_fusionBN0_drop0p2__wd1e-04trmiss40_trlocglobal,14,0.6301375925540924,0.6955304741859436,0.4110671936758894,0.46575376965684784,0.4666666666666667,0.0,0.0,0.0,0.0,0.0,0.0,0.0,0.0,0.0,,,,,18473,global,0.4
4,2,lr5e-05_bs32_modL1_fusion32_fusionL1_fusionBN0_drop0p2__wd1e-04trmiss40_trlocglobal,32,5e-05,0.0001,1,32,1,False,0.2,lr5e-05_bs32_modL1_fusion32_fusionL1_fusionBN0_drop0p2__wd1e-04trmiss40_trlocglobal,15,0.6222614943981171,0.6953877508640289,0.41501976284584985,0.4673223780295077,0.4888888888888889,0.0,0.0,0.0,0.0,0.0,0.0,0.0,0.0,0.0,,,,,18473,global,0.4
4,2,lr5e-05_bs32_modL1_fusion32_fusionL1_fusionBN0_drop0p2__wd1e-04trmiss40_trlocglobal,32,5e-05,0.0001,1,32,1,False,0.2,lr5e-05_bs32_modL1_fusion32_fusionL1_fusionBN0_drop0p2__wd1e-04trmiss40_trlocglobal,16,0.623088409503301,0.6947436332702637,0.4209486166007905,0.4698996010917823,0.4666666666666667,0.0,0.0,0.0,0.0,0.0,0.0,0.0,0.0,0.0,,,,,18473,global,0.4
4,2,lr5e-05_bs32_modL1_fusion32_fusionL1_fusionBN0_drop0p2__wd1e-04trmiss40_trlocglobal,32,5e-05,0.0001,1,32,1,False,0.2,lr5e-05_bs32_modL1_fusion32_fusionL1_fusionBN0_drop0p2__wd1e-04trmiss40_trlocglobal,17,0.6197183728218079,0.6948416829109192,0.42292490118577075,0.4715106444845665,0.4666666666666667,0.0,0.0,0.0,0.0,0.0,0.0,0.0,0.0,0.0,,,,,18473,global,0.4
4,2,lr5e-05_bs32_modL1_fusion32_fusionL1_fusionBN0_drop0p2__wd1e-04trmiss40_trlocglobal,32,5e-05,0.0001,1,32,1,False,0.2,lr5e-05_bs32_modL1_fusion32_fusionL1_fusionBN0_drop0p2__wd1e-04trmiss40_trlocglobal,18,0.6184706886609396,0.6945950090885162,0.424901185770751,0.4737647760310814,0.4666666666666667,0.0,0.0,0.0,0.0,0.0,0.0,0.0,0.0,0.0,,,,,18473,global,0.4
4,2,lr5e-05_bs32_modL1_fusion32_fusionL1_fusionBN0_drop0p2__wd1e-04trmiss40_trlocglobal,32,5e-05,0.0001,1,32,1,False,0.2,lr5e-05_bs32_modL1_fusion32_fusionL1_fusionBN0_drop0p2__wd1e-04trmiss40_trlocglobal,19,0.6116508444150289,0.6950013935565948,0.41304347826086957,0.4691887667812038,0.4666666666666667,0.0,0.0,0.0,0.0,0.0,0.0,0.0,0.0,0.0,,,,,18473,global,0.4
4,2,lr5e-05_bs32_modL1_fusion32_fusionL1_fusionBN0_drop0p2__wd1e-04trmiss40_trlocglobal,32,5e-05,0.0001,1,32,1,False,0.2,lr5e-05_bs32_modL1_fusion32_fusionL1_fusionBN0_drop0p2__wd1e-04trmiss40_trlocglobal,20,0.5962002376715342,0.6962701380252838,0.4090909090909091,0.47436855920524174,0.4666666666666667,0.0,0.0,0.0,0.0,0.0,0.0,0.0,0.0,0.0,,,,,18473,global,0.4
4,2,lr5e-05_bs32_modL1_fusion32_fusionL1_fusionBN0_drop0p2__wd1e-04trmiss40_trlocglobal,32,5e-05,0.0001,1,32,1,False,0.2,lr5e-05_bs32_modL1_fusion32_fusionL1_fusionBN0_drop0p2__wd1e-04trmiss40_trlocglobal,21,0.6086874802907308,0.6974316537380219,0.4071146245059289,0.4751238560846777,0.4666666666666667,0.0,0.0,0.0,0.0,0.0,0.0,0.0,0.0,0.0,,,,,18473,global,0.4
4,2,lr5e-05_bs32_modL1_fusion32_fusionL1_fusionBN0_drop0p2__wd1e-04trmiss40_trlocglobal,32,5e-05,0.0001,1,32,1,False,0.2,lr5e-05_bs32_modL1_fusion32_fusionL1_fusionBN0_drop0p2__wd1e-04trmiss40_trlocglobal,22,0.5992773373921713,0.697675347328186,0.40909090909090906,0.47660954665628075,0.4666666666666667,0.0,0.0,0.0,0.0,0.0,0.0,0.0,0.0,0.0,,,,,18473,global,0.4
4,2,lr5e-05_bs32_modL1_fusion32_fusionL1_fusionBN0_drop0p2__wd1e-04trmiss40_trlocglobal,32,5e-05,0.0001,1,32,1,False,0.2,lr5e-05_bs32_modL1_fusion32_fusionL1_fusionBN0_drop0p2__wd1e-04trmiss40_trlocglobal,23,0.5942802031834921,0.6968862414360046,0.42292490118577075,0.4850732843205509,0.4888888888888889,0.0,0.0,0.0,0.0,0.0,0.0,0.0,0.0,0.0,,,,,18473,global,0.4
4,2,lr5e-05_bs32_modL1_fusion32_fusionL1_fusionBN0_drop0p2__wd1e-04trmiss40_trlocglobal,32,5e-05,0.0001,1,32,1,False,0.2,lr5e-05_bs32_modL1_fusion32_fusionL1_fusionBN0_drop0p2__wd1e-04trmiss40_trlocglobal,24,0.5955770115057627,0.6952901184558868,0.43478260869565216,0.4893605321580313,0.4888888888888889,0.0,0.0,0.0,0.0,0.0,0.0,0.0,0.0,0.0,,,,,18473,global,0.4
4,2,lr5e-05_bs32_modL1_fusion32_fusionL1_fusionBN0_drop0p2__wd1e-04trmiss40_trlocglobal,32,5e-05,0.0001,1,32,1,False,0.2,lr5e-05_bs32_modL1_fusion32_fusionL1_fusionBN0_drop0p2__wd1e-04trmiss40_trlocglobal,25,0.5957470834255219,0.6943234801292419,0.4288537549407115,0.4812128107084718,0.4666666666666667,0.0,0.0,0.0,0.0,0.0,0.0,0.0,0.0,0.0,,,,,18473,global,0.4
4,2,lr5e-05_bs32_modL1_fusion32_fusionL1_fusionBN0_drop0p2__wd1e-04trmiss40_trlocglobal,32,5e-05,0.0001,1,32,1,False,0.2,lr5e-05_bs32_modL1_fusion32_fusionL1_fusionBN0_drop0p2__wd1e-04trmiss40_trlocglobal,26,0.5902555088202158,0.6941711008548737,0.43873517786561267,0.48605399968009555,0.4666666666666667,0.0,0.0,0.0,0.0,0.0,0.0,0.0,0.0,0.0,,,,,18473,global,0.4
4,2,lr5e-05_bs32_modL1_fusion32_fusionL1_fusionBN0_drop0p2__wd1e-04trmiss40_trlocglobal,32,5e-05,0.0001,1,32,1,False,0.2,lr5e-05_bs32_modL1_fusion32_fusionL1_fusionBN0_drop0p2__wd1e-04trmiss40_trlocglobal,27,0.59040633837382,0.6950386464595795,0.43280632411067194,0.4754407978520035,0.4666666666666667,0.0,0.0,0.0,0.0,0.0,0.0,0.0,0.0,0.0,,,,,18473,global,0.4
4,2,lr5e-05_bs32_modL1_fusion32_fusionL1_fusionBN0_drop0p2__wd1e-04trmiss40_trlocglobal,32,5e-05,0.0001,1,32,1,False,0.2,lr5e-05_bs32_modL1_fusion32_fusionL1_fusionBN0_drop0p2__wd1e-04trmiss40_trlocglobal,28,0.5901250739892324,0.6962401568889618,0.41699604743083,0.4707040069850265,0.4444444444444444,0.0,0.0,0.0,0.0,0.0,0.0,0.0,0.0,0.0,,,,,18473,global,0.4
4,2,lr5e-05_bs32_modL1_fusion32_fusionL1_fusionBN0_drop0p2__wd1e-04trmiss40_trlocglobal,32,5e-05,0.0001,1,32,1,False,0.2,lr5e-05_bs32_modL1_fusion32_fusionL1_fusionBN0_drop0p2__wd1e-04trmiss40_trlocglobal,29,0.5753533244132996,0.6959957182407379,0.43280632411067194,0.4787744478399942,0.4666666666666667,0.0,0.0,0.0,0.0,0.0,0.0,0.0,0.0,0.0,,,,,18473,global,0.4
4,2,lr5e-05_bs32_modL1_fusion32_fusionL1_fusionBN0_drop0p2__wd1e-04trmiss40_trlocglobal,32,5e-05,0.0001,1,32,1,False,0.2,lr5e-05_bs32_modL1_fusion32_fusionL1_fusionBN0_drop0p2__wd1e-04trmiss40_trlocglobal,30,0.5768416225910187,0.6947321593761444,0.4407114624505929,0.4890574166503122,0.4666666666666667,0.0,0.0,0.0,0.0,0.0,0.0,0.0,0.0,0.0,,,,,18473,global,0.4
4,2,lr5e-05_bs32_modL1_fusion32_fusionL1_fusionBN0_drop0p2__wd1e-04trmiss40_trlocglobal,32,5e-05,0.0001,1,32,1,False,0.2,lr5e-05_bs32_modL1_fusion32_fusionL1_fusionBN0_drop0p2__wd1e-04trmiss40_trlocglobal,31,0.578917513291041,0.6936147511005402,0.4545454545454546,0.4996181963484659,0.4666666666666667,0.0,0.0,0.0,0.0,0.0,0.0,0.0,0.0,0.0,,,,,18473,global,0.4
4,2,lr5e-05_bs32_modL1_fusion32_fusionL1_fusionBN0_drop0p2__wd1e-04trmiss40_trlocglobal,32,5e-05,0.0001,1,32,1,False,0.2,lr5e-05_bs32_modL1_fusion32_fusionL1_fusionBN0_drop0p2__wd1e-04trmiss40_trlocglobal,32,0.5724158187707266,0.6935735642910004,0.46442687747035577,0.5028255365123279,0.4666666666666667,0.0,0.0,0.0,0.0,0.0,0.0,0.0,0.0,0.0,,,,,18473,global,0.4
4,2,lr5e-05_bs32_modL1_fusion32_fusionL1_fusionBN0_drop0p2__wd1e-04trmiss40_trlocglobal,32,5e-05,0.0001,1,32,1,False,0.2,lr5e-05_bs32_modL1_fusion32_fusionL1_fusionBN0_drop0p2__wd1e-04trmiss40_trlocglobal,33,0.5682672361532847,0.6951813995838165,0.4486166007905138,0.4957477971987994,0.4666666666666667,0.0,0.0,0.0,0.0,0.0,0.0,0.0,0.0,0.0,,,,,18473,global,0.4
4,2,lr5e-05_bs32_modL1_fusion32_fusionL1_fusionBN0_drop0p2__wd1e-04trmiss40_trlocglobal,32,5e-05,0.0001,1,32,1,False,0.2,lr5e-05_bs32_modL1_fusion32_fusionL1_fusionBN0_drop0p2__wd1e-04trmiss40_trlocglobal,34,0.5681797862052917,0.6962420046329498,0.4486166007905138,0.4956840927872689,0.4666666666666667,0.0,0.0,0.0,0.0,0.0,0.0,0.0,0.0,0.0,,,,,18473,global,0.4
4,2,lr5e-05_bs32_modL1_fusion32_fusionL1_fusionBN0_drop0p2__wd1e-04trmiss40_trlocglobal,32,5e-05,0.0001,1,32,1,False,0.2,lr5e-05_bs32_modL1_fusion32_fusionL1_fusionBN0_drop0p2__wd1e-04trmiss40_trlocglobal,35,0.5622967382272085,0.6954250633716583,0.4525691699604743,0.4970711534654563,0.4666666666666667,0.0,0.0,0.0,0.0,0.0,0.0,0.0,0.0,0.0,,,,,18473,global,0.4
4,2,lr5e-05_bs32_modL1_fusion32_fusionL1_fusionBN0_drop0p2__wd1e-04trmiss40_trlocglobal,32,5e-05,0.0001,1,32,1,False,0.2,lr5e-05_bs32_modL1_fusion32_fusionL1_fusionBN0_drop0p2__wd1e-04trmiss40_trlocglobal,36,0.5653471251328787,0.6946004927158356,0.4525691699604743,0.5179908859069279,0.4666666666666667,0.0,0.0,0.0,0.0,0.0,0.0,0.0,0.0,0.0,,,,,18473,global,0.4
4,2,lr5e-05_bs32_modL1_fusion32_fusionL1_fusionBN0_drop0p2__wd1e-04trmiss40_trlocglobal,32,5e-05,0.0001,1,32,1,False,0.2,lr5e-05_bs32_modL1_fusion32_fusionL1_fusionBN0_drop0p2__wd1e-04trmiss40_trlocglobal,37,0.5648036698500315,0.6951930820941925,0.44861660079051385,0.5171943264532001,0.4666666666666667,0.0,0.0,0.0,0.0,0.0,0.0,0.0,0.0,0.0,,,,,18473,global,0.4
4,2,lr5e-05_bs32_modL1_fusion32_fusionL1_fusionBN0_drop0p2__wd1e-04trmiss40_trlocglobal,32,5e-05,0.0001,1,32,1,False,0.2,lr5e-05_bs32_modL1_fusion32_fusionL1_fusionBN0_drop0p2__wd1e-04trmiss40_trlocglobal,38,0.5649149318536123,0.6959392726421356,0.45652173913043476,0.5228136880222184,0.4888888888888889,0.0,0.0,0.0,0.0,0.0,0.0,0.0,0.0,0.0,,,,,18473,global,0.4
4,2,lr5e-05_bs32_modL1_fusion32_fusionL1_fusionBN0_drop0p2__wd1e-04trmiss40_trlocglobal,32,5e-05,0.0001,1,32,1,False,0.2,lr5e-05_bs32_modL1_fusion32_fusionL1_fusionBN0_drop0p2__wd1e-04trmiss40_trlocglobal,39,0.5632959802945455,0.697024017572403,0.44071146245059284,0.5062333959171887,0.4666666666666667,0.0,0.0,0.0,0.0,0.0,0.0,0.0,0.0,0.0,,,,,18473,global,0.4
4,2,lr5e-05_bs32_modL1_fusion32_fusionL1_fusionBN0_drop0p2__wd1e-04trmiss40_trlocglobal,32,5e-05,0.0001,1,32,1,False,0.2,lr5e-05_bs32_modL1_fusion32_fusionL1_fusionBN0_drop0p2__wd1e-04trmiss40_trlocglobal,40,0.5589473843574524,0.6959260702133179,0.44664031620553357,0.5092445277139277,0.4444444444444444,0.0,0.0,0.0,0.0,0.0,0.0,0.0,0.0,0.0,,,,,18473,global,0.4
4,2,lr5e-05_bs32_modL1_fusion32_fusionL1_fusionBN0_drop0p2__wd1e-04trmiss40_trlocglobal,32,5e-05,0.0001,1,32,1,False,0.2,lr5e-05_bs32_modL1_fusion32_fusionL1_fusionBN0_drop0p2__wd1e-04trmiss40_trlocglobal,41,0.5542574822902679,0.6945750713348389,0.4584980237154151,0.5183397993378034,0.4666666666666667,0.0,0.0,0.0,0.0,0.0,0.0,0.0,0.0,0.0,,,,,18473,global,0.4
4,2,lr5e-05_bs32_modL1_fusion32_fusionL1_fusionBN0_drop0p2__wd1e-04trmiss40_trlocglobal,32,5e-05,0.0001,1,32,1,False,0.2,lr5e-05_bs32_modL1_fusion32_fusionL1_fusionBN0_drop0p2__wd1e-04trmiss40_trlocglobal,42,0.5576601922512054,0.6925187408924103,0.45652173913043476,0.5172292085246954,0.4888888888888889,0.0,0.0,0.0,0.0,0.0,0.0,0.0,0.0,0.0,,,,,18473,global,0.4
4,2,lr5e-05_bs32_modL1_fusion32_fusionL1_fusionBN0_drop0p2__wd1e-04trmiss40_trlocglobal,32,5e-05,0.0001,1,32,1,False,0.2,lr5e-05_bs32_modL1_fusion32_fusionL1_fusionBN0_drop0p2__wd1e-04trmiss40_trlocglobal,43,0.5481494863828024,0.6921458542346954,0.46245059288537554,0.5222301845068402,0.5333333333333333,0.0,0.0,0.0,0.0,0.0,0.0,0.0,0.0,0.0,,,,,18473,global,0.4
4,2,lr5e-05_bs32_modL1_fusion32_fusionL1_fusionBN0_drop0p2__wd1e-04trmiss40_trlocglobal,32,5e-05,0.0001,1,32,1,False,0.2,lr5e-05_bs32_modL1_fusion32_fusionL1_fusionBN0_drop0p2__wd1e-04trmiss40_trlocglobal,44,0.5585362613201141,0.6945332586765289,0.450592885375494,0.5115786266685817,0.5111111111111111,0.0,0.0,0.0,0.0,0.0,0.0,0.0,0.0,0.0,,,,,18473,global,0.4
4,2,lr5e-05_bs32_modL1_fusion32_fusionL1_fusionBN0_drop0p2__wd1e-04trmiss40_trlocglobal,32,5e-05,0.0001,1,32,1,False,0.2,lr5e-05_bs32_modL1_fusion32_fusionL1_fusionBN0_drop0p2__wd1e-04trmiss40_trlocglobal,45,0.5463915169239044,0.6946316659450531,0.4426877470355731,0.505819428694604,0.5111111111111111,0.0,0.0,0.0,0.0,0.0,0.0,0.0,0.0,0.0,,,,,18473,global,0.4
4,2,lr5e-05_bs32_modL1_fusion32_fusionL1_fusionBN0_drop0p2__wd1e-04trmiss40_trlocglobal,32,5e-05,0.0001,1,32,1,False,0.2,lr5e-05_bs32_modL1_fusion32_fusionL1_fusionBN0_drop0p2__wd1e-04trmiss40_trlocglobal,46,0.5524115562438965,0.6937725245952606,0.45256916996047436,0.5132575293228486,0.5333333333333333,0.0,0.0,0.0,0.0,0.0,0.0,0.0,0.0,0.0,,,,,18473,global,0.4
4,2,lr5e-05_bs32_modL1_fusion32_fusionL1_fusionBN0_drop0p2__wd1e-04trmiss40_trlocglobal,32,5e-05,0.0001,1,32,1,False,0.2,lr5e-05_bs32_modL1_fusion32_fusionL1_fusionBN0_drop0p2__wd1e-04trmiss40_trlocglobal,47,0.5375109116236368,0.6939462423324585,0.45652173913043476,0.5214490857185639,0.5333333333333333,0.0,0.0,0.0,0.0,0.0,0.0,0.0,0.0,0.0,,,,,18473,global,0.4
4,2,lr5e-05_bs32_modL1_fusion32_fusionL1_fusionBN0_drop0p2__wd1e-04trmiss40_trlocglobal,32,5e-05,0.0001,1,32,1,False,0.2,lr5e-05_bs32_modL1_fusion32_fusionL1_fusionBN0_drop0p2__wd1e-04trmiss40_trlocglobal,48,0.5434182981650034,0.6938636302947998,0.46047430830039526,0.5192209083326025,0.5333333333333333,0.0,0.0,0.0,0.0,0.0,0.0,0.0,0.0,0.0,,,,,18473,global,0.4
4,2,lr5e-05_bs32_modL1_fusion32_fusionL1_fusionBN0_drop0p2__wd1e-04trmiss40_trlocglobal,32,5e-05,0.0001,1,32,1,False,0.2,lr5e-05_bs32_modL1_fusion32_fusionL1_fusionBN0_drop0p2__wd1e-04trmiss40_trlocglobal,49,0.5471792121728262,0.6940320134162903,0.45849802371541504,0.5174381244045096,0.5333333333333333,0.0,0.0,0.0,0.0,0.0,0.0,0.0,0.0,0.0,,,,,18473,global,0.4
4,2,lr5e-05_bs32_modL1_fusion32_fusionL1_fusionBN0_drop0p2__wd1e-04trmiss40_trlocglobal,32,5e-05,0.0001,1,32,1,False,0.2,lr5e-05_bs32_modL1_fusion32_fusionL1_fusionBN0_drop0p2__wd1e-04trmiss40_trlocglobal,50,0.5493703385194143,0.6954395174980164,0.4545454545454546,0.5164785159841261,0.5333333333333333,0.0,0.0,0.0,0.0,0.0,0.0,0.0,0.0,0.0,,,,,18473,global,0.4
4,2,lr5e-05_bs32_modL1_fusion32_fusionL1_fusionBN0_drop0p2__wd1e-04trmiss40_trlocglobal,32,5e-05,0.0001,1,32,1,False,0.2,lr5e-05_bs32_modL1_fusion32_fusionL1_fusionBN0_drop0p2__wd1e-04trmiss40_trlocglobal,51,0.5355010131994883,0.6958457231521606,0.44466403162055335,0.5159483083115337,0.5111111111111111,0.0,0.0,0.0,0.0,0.0,0.0,0.0,0.0,0.0,,,,,18473,global,0.4
4,2,lr5e-05_bs32_modL1_fusion32_fusionL1_fusionBN0_drop0p2__wd1e-04trmiss40_trlocglobal,32,5e-05,0.0001,1,32,1,False,0.2,lr5e-05_bs32_modL1_fusion32_fusionL1_fusionBN0_drop0p2__wd1e-04trmiss40_trlocglobal,52,0.5413076877593994,0.6943660080432892,0.4545454545454546,0.5225924862225781,0.5111111111111111,0.0,0.0,0.0,0.0,0.0,0.0,0.0,0.0,0.0,,,,,18473,global,0.4
4,2,lr5e-05_bs32_modL1_fusion32_fusionL1_fusionBN0_drop0p1__wd1e-04trmiss40_trlocglobal,32,5e-05,0.0001,1,32,1,False,0.1,lr5e-05_bs32_modL1_fusion32_fusionL1_fusionBN0_drop0p1__wd1e-04trmiss40_trlocglobal,1,0.6974463860193888,0.6928157210350037,0.5197628458498024,0.6001979184692042,0.5333333333333333,0.0,0.0,0.0,0.0,0.0,0.0,0.0,0.0,0.0,,,,,18473,global,0.4
4,2,lr5e-05_bs32_modL1_fusion32_fusionL1_fusionBN0_drop0p1__wd1e-04trmiss40_trlocglobal,32,5e-05,0.0001,1,32,1,False,0.1,lr5e-05_bs32_modL1_fusion32_fusionL1_fusionBN0_drop0p1__wd1e-04trmiss40_trlocglobal,2,0.6846398413181305,0.6897466778755188,0.5573122529644269,0.6118621128778844,0.5333333333333333,0.0,0.0,0.0,0.0,0.0,0.0,0.0,0.0,0.0,,,,,18473,global,0.4
4,2,lr5e-05_bs32_modL1_fusion32_fusionL1_fusionBN0_drop0p1__wd1e-04trmiss40_trlocglobal,32,5e-05,0.0001,1,32,1,False,0.1,lr5e-05_bs32_modL1_fusion32_fusionL1_fusionBN0_drop0p1__wd1e-04trmiss40_trlocglobal,3,0.6725393831729889,0.6882981657981873,0.567193675889328,0.5840444457367654,0.5333333333333333,0.0,0.0,0.0,0.0,0.0,0.0,0.0,0.0,0.0,,,,,18473,global,0.4
4,2,lr5e-05_bs32_modL1_fusion32_fusionL1_fusionBN0_drop0p1__wd1e-04trmiss40_trlocglobal,32,5e-05,0.0001,1,32,1,False,0.1,lr5e-05_bs32_modL1_fusion32_fusionL1_fusionBN0_drop0p1__wd1e-04trmiss40_trlocglobal,4,0.672120213508606,0.6861535906791687,0.5711462450592886,0.6336076322959918,0.5333333333333333,0.0,0.0,0.0,0.0,0.0,0.0,0.0,0.0,0.0,,,,,18473,global,0.4
4,2,lr5e-05_bs32_modL1_fusion32_fusionL1_fusionBN0_drop0p1__wd1e-04trmiss40_trlocglobal,32,5e-05,0.0001,1,32,1,False,0.1,lr5e-05_bs32_modL1_fusion32_fusionL1_fusionBN0_drop0p1__wd1e-04trmiss40_trlocglobal,5,0.6594931582609812,0.6842609345912933,0.5909090909090908,0.6443787493186264,0.5333333333333333,0.0,0.0,0.0,0.0,0.0,0.0,0.0,0.0,0.0,,,,,18473,global,0.4
4,2,lr5e-05_bs32_modL1_fusion32_fusionL1_fusionBN0_drop0p1__wd1e-04trmiss40_trlocglobal,32,5e-05,0.0001,1,32,1,False,0.1,lr5e-05_bs32_modL1_fusion32_fusionL1_fusionBN0_drop0p1__wd1e-04trmiss40_trlocglobal,6,0.6621020436286926,0.6837561130523682,0.5909090909090909,0.6394993700659187,0.5333333333333333,0.0,0.0,0.0,0.0,0.0,0.0,0.0,0.0,0.0,,,,,18473,global,0.4
4,2,lr5e-05_bs32_modL1_fusion32_fusionL1_fusionBN0_drop0p1__wd1e-04trmiss40_trlocglobal,32,5e-05,0.0001,1,32,1,False,0.1,lr5e-05_bs32_modL1_fusion32_fusionL1_fusionBN0_drop0p1__wd1e-04trmiss40_trlocglobal,7,0.6576506992181143,0.6840382814407349,0.5770750988142292,0.6106273223787059,0.5333333333333333,0.0,0.0,0.0,0.0,0.0,0.0,0.0,0.0,0.0,,,,,18473,global,0.4
4,2,lr5e-05_bs32_modL1_fusion32_fusionL1_fusionBN0_drop0p1__wd1e-04trmiss40_trlocglobal,32,5e-05,0.0001,1,32,1,False,0.1,lr5e-05_bs32_modL1_fusion32_fusionL1_fusionBN0_drop0p1__wd1e-04trmiss40_trlocglobal,8,0.6505653957525889,0.6829652488231659,0.5928853754940712,0.6464304763497161,0.5333333333333333,0.0,0.0,0.0,0.0,0.0,0.0,0.0,0.0,0.0,,,,,18473,global,0.4
4,2,lr5e-05_bs32_modL1_fusion32_fusionL1_fusionBN0_drop0p1__wd1e-04trmiss40_trlocglobal,32,5e-05,0.0001,1,32,1,False,0.1,lr5e-05_bs32_modL1_fusion32_fusionL1_fusionBN0_drop0p1__wd1e-04trmiss40_trlocglobal,9,0.6530710359414419,0.6817303895950317,0.6047430830039526,0.6514040484909582,0.5333333333333333,0.0,0.0,0.0,0.0,0.0,0.0,0.0,0.0,0.0,,,,,18473,global,0.4
4,2,lr5e-05_bs32_modL1_fusion32_fusionL1_fusionBN0_drop0p1__wd1e-04trmiss40_trlocglobal,32,5e-05,0.0001,1,32,1,False,0.1,lr5e-05_bs32_modL1_fusion32_fusionL1_fusionBN0_drop0p1__wd1e-04trmiss40_trlocglobal,10,0.6357751488685608,0.6825998723506927,0.5988142292490118,0.6074522594496891,0.5333333333333333,0.0,0.0,0.0,0.0,0.0,0.0,0.0,0.0,0.0,,,,,18473,global,0.4
4,2,lr5e-05_bs32_modL1_fusion32_fusionL1_fusionBN0_drop0p1__wd1e-04trmiss40_trlocglobal,32,5e-05,0.0001,1,32,1,False,0.1,lr5e-05_bs32_modL1_fusion32_fusionL1_fusionBN0_drop0p1__wd1e-04trmiss40_trlocglobal,11,0.6345362265904745,0.6842006742954254,0.5988142292490118,0.6031093989486155,0.5333333333333333,0.0,0.0,0.0,0.0,0.0,0.0,0.0,0.0,0.0,,,,,18473,global,0.4
4,2,lr5e-05_bs32_modL1_fusion32_fusionL1_fusionBN0_drop0p1__wd1e-04trmiss40_trlocglobal,32,5e-05,0.0001,1,32,1,False,0.1,lr5e-05_bs32_modL1_fusion32_fusionL1_fusionBN0_drop0p1__wd1e-04trmiss40_trlocglobal,12,0.6350387036800385,0.6862262487411499,0.5928853754940712,0.5988210951595483,0.5333333333333333,0.0,0.0,0.0,0.0,0.0,0.0,0.0,0.0,0.0,,,,,18473,global,0.4
4,2,lr5e-05_bs32_modL1_fusion32_fusionL1_fusionBN0_drop0p1__wd1e-04trmiss40_trlocglobal,32,5e-05,0.0001,1,32,1,False,0.1,lr5e-05_bs32_modL1_fusion32_fusionL1_fusionBN0_drop0p1__wd1e-04trmiss40_trlocglobal,13,0.6274771591027578,0.6857337057590485,0.5810276679841897,0.5946172774075336,0.5333333333333333,0.0,0.0,0.0,0.0,0.0,0.0,0.0,0.0,0.0,,,,,18473,global,0.4
4,2,lr5e-05_bs32_modL1_fusion32_fusionL1_fusionBN0_drop0p1__wd1e-04trmiss40_trlocglobal,32,5e-05,0.0001,1,32,1,False,0.1,lr5e-05_bs32_modL1_fusion32_fusionL1_fusionBN0_drop0p1__wd1e-04trmiss40_trlocglobal,14,0.62518839041392,0.6853285133838654,0.5830039525691699,0.6199800818710273,0.5333333333333333,0.0,0.0,0.0,0.0,0.0,0.0,0.0,0.0,0.0,,,,,18473,global,0.4
4,2,lr5e-05_bs32_modL1_fusion32_fusionL1_fusionBN0_drop0p1__wd1e-04trmiss40_trlocglobal,32,5e-05,0.0001,1,32,1,False,0.1,lr5e-05_bs32_modL1_fusion32_fusionL1_fusionBN0_drop0p1__wd1e-04trmiss40_trlocglobal,15,0.6246434450149536,0.6842160224914551,0.5948616600790514,0.6243963081198955,0.5333333333333333,0.0,0.0,0.0,0.0,0.0,0.0,0.0,0.0,0.0,,,,,18473,global,0.4
4,2,lr5e-05_bs32_modL1_fusion32_fusionL1_fusionBN0_drop0p1__wd1e-04trmiss40_trlocglobal,32,5e-05,0.0001,1,32,1,False,0.1,lr5e-05_bs32_modL1_fusion32_fusionL1_fusionBN0_drop0p1__wd1e-04trmiss40_trlocglobal,16,0.6211264828840891,0.6837231516838074,0.600790513833992,0.6103697908212248,0.5111111111111111,0.0,0.0,0.0,0.0,0.0,0.0,0.0,0.0,0.0,,,,,18473,global,0.4
4,2,lr5e-05_bs32_modL1_fusion32_fusionL1_fusionBN0_drop0p1__wd1e-04trmiss40_trlocglobal,32,5e-05,0.0001,1,32,1,False,0.1,lr5e-05_bs32_modL1_fusion32_fusionL1_fusionBN0_drop0p1__wd1e-04trmiss40_trlocglobal,17,0.6177105009555817,0.6838759183883667,0.6185770750988142,0.6190999865757106,0.5111111111111111,0.0,0.0,0.0,0.0,0.0,0.0,0.0,0.0,0.0,,,,,18473,global,0.4
4,2,lr5e-05_bs32_modL1_fusion32_fusionL1_fusionBN0_drop0p1__wd1e-04trmiss40_trlocglobal,32,5e-05,0.0001,1,32,1,False,0.1,lr5e-05_bs32_modL1_fusion32_fusionL1_fusionBN0_drop0p1__wd1e-04trmiss40_trlocglobal,18,0.6074374119440714,0.6837098896503448,0.6185770750988142,0.6153738477781489,0.5111111111111111,0.0,0.0,0.0,0.0,0.0,0.0,0.0,0.0,0.0,,,,,18473,global,0.4
4,2,lr5e-05_bs32_modL1_fusion32_fusionL1_fusionBN0_drop0p1__wd1e-04trmiss40_trlocglobal,32,5e-05,0.0001,1,32,1,False,0.1,lr5e-05_bs32_modL1_fusion32_fusionL1_fusionBN0_drop0p1__wd1e-04trmiss40_trlocglobal,19,0.6119262377421061,0.6820145845413208,0.6245059288537549,0.6231800046268537,0.5333333333333333,0.0,0.0,0.0,0.0,0.0,0.0,0.0,0.0,0.0,,,,,18473,global,0.4
4,2,lr5e-05_bs32_modL1_fusion32_fusionL1_fusionBN0_drop0p1__wd1e-04trmiss40_trlocglobal,32,5e-05,0.0001,1,32,1,False,0.1,lr5e-05_bs32_modL1_fusion32_fusionL1_fusionBN0_drop0p1__wd1e-04trmiss40_trlocglobal,20,0.6097735067208608,0.6804750561714172,0.6363636363636364,0.6417532917822691,0.5333333333333333,0.0,0.0,0.0,0.0,0.0,0.0,0.0,0.0,0.0,,,,,18473,global,0.4
4,2,lr5e-05_bs32_modL1_fusion32_fusionL1_fusionBN0_drop0p1__wd1e-04trmiss40_trlocglobal,32,5e-05,0.0001,1,32,1,False,0.1,lr5e-05_bs32_modL1_fusion32_fusionL1_fusionBN0_drop0p1__wd1e-04trmiss40_trlocglobal,21,0.6055050690968832,0.6800467073917389,0.6363636363636364,0.6432950922599278,0.5111111111111111,0.0,0.0,0.0,0.0,0.0,0.0,0.0,0.0,0.0,,,,,18473,global,0.4
4,2,lr5e-05_bs32_modL1_fusion32_fusionL1_fusionBN0_drop0p1__wd1e-04trmiss40_trlocglobal,32,5e-05,0.0001,1,32,1,False,0.1,lr5e-05_bs32_modL1_fusion32_fusionL1_fusionBN0_drop0p1__wd1e-04trmiss40_trlocglobal,22,0.6062480211257935,0.6789366602897644,0.6422924901185771,0.6398994576640786,0.5333333333333333,0.0,0.0,0.0,0.0,0.0,0.0,0.0,0.0,0.0,,,,,18473,global,0.4
4,2,lr5e-05_bs32_modL1_fusion32_fusionL1_fusionBN0_drop0p1__wd1e-04trmiss40_trlocglobal,32,5e-05,0.0001,1,32,1,False,0.1,lr5e-05_bs32_modL1_fusion32_fusionL1_fusionBN0_drop0p1__wd1e-04trmiss40_trlocglobal,23,0.5958206554253896,0.6782745718955994,0.6521739130434783,0.6393331830195854,0.5555555555555556,0.0,0.0,0.0,0.0,0.0,0.0,0.0,0.0,0.0,,,,,18473,global,0.4
4,2,lr5e-05_bs32_modL1_fusion32_fusionL1_fusionBN0_drop0p1__wd1e-04trmiss40_trlocglobal,32,5e-05,0.0001,1,32,1,False,0.1,lr5e-05_bs32_modL1_fusion32_fusionL1_fusionBN0_drop0p1__wd1e-04trmiss40_trlocglobal,24,0.5947970251242319,0.6782790422439575,0.6581027667984191,0.643797435541467,0.5333333333333333,0.0,0.0,0.0,0.0,0.0,0.0,0.0,0.0,0.0,,,,,18473,global,0.4
4,2,lr5e-05_bs32_modL1_fusion32_fusionL1_fusionBN0_drop0p1__wd1e-04trmiss40_trlocglobal,32,5e-05,0.0001,1,32,1,False,0.1,lr5e-05_bs32_modL1_fusion32_fusionL1_fusionBN0_drop0p1__wd1e-04trmiss40_trlocglobal,25,0.5924297968546549,0.6759706437587738,0.6620553359683795,0.6504622839384814,0.5333333333333333,0.0,0.0,0.0,0.0,0.0,0.0,0.0,0.0,0.0,,,,,18473,global,0.4
4,2,lr5e-05_bs32_modL1_fusion32_fusionL1_fusionBN0_drop0p1__wd1e-04trmiss40_trlocglobal,32,5e-05,0.0001,1,32,1,False,0.1,lr5e-05_bs32_modL1_fusion32_fusionL1_fusionBN0_drop0p1__wd1e-04trmiss40_trlocglobal,26,0.5960904757181803,0.6753654479980469,0.658102766798419,0.6690879419313107,0.5333333333333333,0.0,0.0,0.0,0.0,0.0,0.0,0.0,0.0,0.0,,,,,18473,global,0.4
4,2,lr5e-05_bs32_modL1_fusion32_fusionL1_fusionBN0_drop0p1__wd1e-04trmiss40_trlocglobal,32,5e-05,0.0001,1,32,1,False,0.1,lr5e-05_bs32_modL1_fusion32_fusionL1_fusionBN0_drop0p1__wd1e-04trmiss40_trlocglobal,27,0.5881145894527435,0.6742264926433563,0.66600790513834,0.6756653534186481,0.5333333333333333,0.0,0.0,0.0,0.0,0.0,0.0,0.0,0.0,0.0,,,,,18473,global,0.4
4,2,lr5e-05_bs32_modL1_fusion32_fusionL1_fusionBN0_drop0p1__wd1e-04trmiss40_trlocglobal,32,5e-05,0.0001,1,32,1,False,0.1,lr5e-05_bs32_modL1_fusion32_fusionL1_fusionBN0_drop0p1__wd1e-04trmiss40_trlocglobal,28,0.5838285088539124,0.6738087832927704,0.6679841897233202,0.6551377177643171,0.5333333333333333,0.0,0.0,0.0,0.0,0.0,0.0,0.0,0.0,0.0,,,,,18473,global,0.4
4,2,lr5e-05_bs32_modL1_fusion32_fusionL1_fusionBN0_drop0p1__wd1e-04trmiss40_trlocglobal,32,5e-05,0.0001,1,32,1,False,0.1,lr5e-05_bs32_modL1_fusion32_fusionL1_fusionBN0_drop0p1__wd1e-04trmiss40_trlocglobal,29,0.5833958586057028,0.672270655632019,0.6897233201581029,0.6905543929291567,0.5333333333333333,0.0,0.0,0.0,0.0,0.0,0.0,0.0,0.0,0.0,,,,,18473,global,0.4
4,2,lr5e-05_bs32_modL1_fusion32_fusionL1_fusionBN0_drop0p1__wd1e-04trmiss40_trlocglobal,32,5e-05,0.0001,1,32,1,False,0.1,lr5e-05_bs32_modL1_fusion32_fusionL1_fusionBN0_drop0p1__wd1e-04trmiss40_trlocglobal,30,0.5858009258906046,0.672188937664032,0.6837944664031621,0.6659877350773221,0.5333333333333333,0.0,0.0,0.0,0.0,0.0,0.0,0.0,0.0,0.0,,,,,18473,global,0.4
4,2,lr5e-05_bs32_modL1_fusion32_fusionL1_fusionBN0_drop0p1__wd1e-04trmiss40_trlocglobal,32,5e-05,0.0001,1,32,1,False,0.1,lr5e-05_bs32_modL1_fusion32_fusionL1_fusionBN0_drop0p1__wd1e-04trmiss40_trlocglobal,31,0.5726296106974283,0.6696497797966003,0.691699604743083,0.6923317134551915,0.5333333333333333,0.0,0.0,0.0,0.0,0.0,0.0,0.0,0.0,0.0,,,,,18473,global,0.4
4,2,lr5e-05_bs32_modL1_fusion32_fusionL1_fusionBN0_drop0p1__wd1e-04trmiss40_trlocglobal,32,5e-05,0.0001,1,32,1,False,0.1,lr5e-05_bs32_modL1_fusion32_fusionL1_fusionBN0_drop0p1__wd1e-04trmiss40_trlocglobal,32,0.5780765116214752,0.6697056591510773,0.6798418972332017,0.6850396679833386,0.5333333333333333,0.0,0.0,0.0,0.0,0.0,0.0,0.0,0.0,0.0,,,,,18473,global,0.4
4,2,lr5e-05_bs32_modL1_fusion32_fusionL1_fusionBN0_drop0p1__wd1e-04trmiss40_trlocglobal,32,5e-05,0.0001,1,32,1,False,0.1,lr5e-05_bs32_modL1_fusion32_fusionL1_fusionBN0_drop0p1__wd1e-04trmiss40_trlocglobal,33,0.5765871206919352,0.6706955432891846,0.6778656126482214,0.6835793251700699,0.5333333333333333,0.0,0.0,0.0,0.0,0.0,0.0,0.0,0.0,0.0,,,,,18473,global,0.4
4,2,lr5e-05_bs32_modL1_fusion32_fusionL1_fusionBN0_drop0p1__wd1e-04trmiss40_trlocglobal,32,5e-05,0.0001,1,32,1,False,0.1,lr5e-05_bs32_modL1_fusion32_fusionL1_fusionBN0_drop0p1__wd1e-04trmiss40_trlocglobal,34,0.5677252809206644,0.6693058907985687,0.6758893280632412,0.6806724784795712,0.5333333333333333,0.0,0.0,0.0,0.0,0.0,0.0,0.0,0.0,0.0,,,,,18473,global,0.4
4,2,lr5e-05_bs32_modL1_fusion32_fusionL1_fusionBN0_drop0p1__wd1e-04trmiss40_trlocglobal,32,5e-05,0.0001,1,32,1,False,0.1,lr5e-05_bs32_modL1_fusion32_fusionL1_fusionBN0_drop0p1__wd1e-04trmiss40_trlocglobal,35,0.5679232577482859,0.6665736138820648,0.6936758893280632,0.6927454000990847,0.5333333333333333,0.0,0.0,0.0,0.0,0.0,0.0,0.0,0.0,0.0,,,,,18473,global,0.4
4,2,lr5e-05_bs32_modL1_fusion32_fusionL1_fusionBN0_drop0p1__wd1e-04trmiss40_trlocglobal,32,5e-05,0.0001,1,32,1,False,0.1,lr5e-05_bs32_modL1_fusion32_fusionL1_fusionBN0_drop0p1__wd1e-04trmiss40_trlocglobal,36,0.5661731958389282,0.6655739545822144,0.6976284584980237,0.7093921235813798,0.5333333333333333,0.0,0.0,0.0,0.0,0.0,0.0,0.0,0.0,0.0,,,,,18473,global,0.4
4,2,lr5e-05_bs32_modL1_fusion32_fusionL1_fusionBN0_drop0p1__wd1e-04trmiss40_trlocglobal,32,5e-05,0.0001,1,32,1,False,0.1,lr5e-05_bs32_modL1_fusion32_fusionL1_fusionBN0_drop0p1__wd1e-04trmiss40_trlocglobal,37,0.5762461920579275,0.6659480333328247,0.6956521739130435,0.7145076645209856,0.5333333333333333,0.0,0.0,0.0,0.0,0.0,0.0,0.0,0.0,0.0,,,,,18473,global,0.4
4,2,lr5e-05_bs32_modL1_fusion32_fusionL1_fusionBN0_drop0p1__wd1e-04trmiss40_trlocglobal,32,5e-05,0.0001,1,32,1,False,0.1,lr5e-05_bs32_modL1_fusion32_fusionL1_fusionBN0_drop0p1__wd1e-04trmiss40_trlocglobal,38,0.5598649084568024,0.6659235060214996,0.6976284584980237,0.6960746383305477,0.5333333333333333,0.0,0.0,0.0,0.0,0.0,0.0,0.0,0.0,0.0,,,,,18473,global,0.4
4,2,lr5e-05_bs32_modL1_fusion32_fusionL1_fusionBN0_drop0p1__wd1e-04trmiss40_trlocglobal,32,5e-05,0.0001,1,32,1,False,0.1,lr5e-05_bs32_modL1_fusion32_fusionL1_fusionBN0_drop0p1__wd1e-04trmiss40_trlocglobal,39,0.5597841540972391,0.6653758883476257,0.691699604743083,0.6891444388733331,0.5333333333333333,0.0,0.0,0.0,0.0,0.0,0.0,0.0,0.0,0.0,,,,,18473,global,0.4
4,2,lr5e-05_bs32_modL1_fusion32_fusionL1_fusionBN0_drop0p1__wd1e-04trmiss40_trlocglobal,32,5e-05,0.0001,1,32,1,False,0.1,lr5e-05_bs32_modL1_fusion32_fusionL1_fusionBN0_drop0p1__wd1e-04trmiss40_trlocglobal,40,0.5596713026364645,0.6648565828800201,0.6877470355731226,0.6863587921894384,0.5333333333333333,0.0,0.0,0.0,0.0,0.0,0.0,0.0,0.0,0.0,,,,,18473,global,0.4
4,2,lr5e-05_bs32_modL1_fusion32_fusionL1_fusionBN0_drop0p1__wd1e-04trmiss40_trlocglobal,32,5e-05,0.0001,1,32,1,False,0.1,lr5e-05_bs32_modL1_fusion32_fusionL1_fusionBN0_drop0p1__wd1e-04trmiss40_trlocglobal,41,0.5595629513263702,0.6637707650661469,0.6936758893280632,0.6891793725019747,0.5333333333333333,0.0,0.0,0.0,0.0,0.0,0.0,0.0,0.0,0.0,,,,,18473,global,0.4
4,2,lr5e-05_bs32_modL1_fusion32_fusionL1_fusionBN0_drop0p1__wd1e-04trmiss40_trlocglobal,32,5e-05,0.0001,1,32,1,False,0.1,lr5e-05_bs32_modL1_fusion32_fusionL1_fusionBN0_drop0p1__wd1e-04trmiss40_trlocglobal,42,0.5575171311696371,0.6617710590362549,0.7015810276679842,0.7078376758944752,0.5333333333333333,0.0,0.0,0.0,0.0,0.0,0.0,0.0,0.0,0.0,,,,,18473,global,0.4
4,2,lr5e-05_bs32_modL1_fusion32_fusionL1_fusionBN0_drop0p1__wd1e-04trmiss40_trlocglobal,32,5e-05,0.0001,1,32,1,False,0.1,lr5e-05_bs32_modL1_fusion32_fusionL1_fusionBN0_drop0p1__wd1e-04trmiss40_trlocglobal,43,0.5571227769056956,0.6605503261089325,0.6976284584980238,0.7066132356949947,0.5333333333333333,0.0,0.0,0.0,0.0,0.0,0.0,0.0,0.0,0.0,,,,,18473,global,0.4
4,2,lr5e-05_bs32_modL1_fusion32_fusionL1_fusionBN0_drop0p1__wd1e-04trmiss40_trlocglobal,32,5e-05,0.0001,1,32,1,False,0.1,lr5e-05_bs32_modL1_fusion32_fusionL1_fusionBN0_drop0p1__wd1e-04trmiss40_trlocglobal,44,0.5559794505437216,0.6628715991973877,0.6936758893280633,0.6892272091398784,0.5333333333333333,0.0,0.0,0.0,0.0,0.0,0.0,0.0,0.0,0.0,,,,,18473,global,0.4
4,2,lr5e-05_bs32_modL1_fusion32_fusionL1_fusionBN0_drop0p1__wd1e-04trmiss40_trlocglobal,32,5e-05,0.0001,1,32,1,False,0.1,lr5e-05_bs32_modL1_fusion32_fusionL1_fusionBN0_drop0p1__wd1e-04trmiss40_trlocglobal,45,0.5523484647274017,0.6625407934188843,0.6857707509881424,0.6830612926764792,0.5333333333333333,0.0,0.0,0.0,0.0,0.0,0.0,0.0,0.0,0.0,,,,,18473,global,0.4
4,2,lr5e-05_bs32_modL1_fusion32_fusionL1_fusionBN0_drop0p1__wd1e-04trmiss40_trlocglobal,32,5e-05,0.0001,1,32,1,False,0.1,lr5e-05_bs32_modL1_fusion32_fusionL1_fusionBN0_drop0p1__wd1e-04trmiss40_trlocglobal,46,0.5542617042859396,0.6629081666469574,0.6837944664031622,0.6821400851393071,0.5333333333333333,0.0,0.0,0.0,0.0,0.0,0.0,0.0,0.0,0.0,,,,,18473,global,0.4
4,2,lr5e-05_bs32_modL1_fusion32_fusionL1_fusionBN0_drop0p1__wd1e-04trmiss40_trlocglobal,32,5e-05,0.0001,1,32,1,False,0.1,lr5e-05_bs32_modL1_fusion32_fusionL1_fusionBN0_drop0p1__wd1e-04trmiss40_trlocglobal,47,0.5533171395460764,0.6627075672149658,0.6877470355731226,0.6834649178044869,0.5333333333333333,0.0,0.0,0.0,0.0,0.0,0.0,0.0,0.0,0.0,,,,,18473,global,0.4
4,2,lr5e-05_bs32_modL1_fusion32_fusionL1_fusionBN0_drop0p1__wd1e-04trmiss40_trlocglobal,32,5e-05,0.0001,1,32,1,False,0.1,lr5e-05_bs32_modL1_fusion32_fusionL1_fusionBN0_drop0p1__wd1e-04trmiss40_trlocglobal,48,0.5478412806987762,0.6638396084308624,0.6739130434782609,0.6676921340692871,0.5333333333333333,0.0,0.0,0.0,0.0,0.0,0.0,0.0,0.0,0.0,,,,,18473,global,0.4
4,2,lr5e-05_bs32_modL1_fusion32_fusionL1_fusionBN0_drop0p1__wd1e-04trmiss40_trlocglobal,32,5e-05,0.0001,1,32,1,False,0.1,lr5e-05_bs32_modL1_fusion32_fusionL1_fusionBN0_drop0p1__wd1e-04trmiss40_trlocglobal,49,0.5453615387280782,0.6620492041110992,0.683794466403162,0.6796286557778131,0.5333333333333333,0.0,0.0,0.0,0.0,0.0,0.0,0.0,0.0,0.0,,,,,18473,global,0.4
4,2,lr5e-05_bs32_modL1_fusion32_fusionL1_fusionBN0_drop0p1__wd1e-04trmiss40_trlocglobal,32,5e-05,0.0001,1,32,1,False,0.1,lr5e-05_bs32_modL1_fusion32_fusionL1_fusionBN0_drop0p1__wd1e-04trmiss40_trlocglobal,50,0.5377786258856455,0.6603486835956573,0.6936758893280632,0.6846032433338934,0.5333333333333333,0.0,0.0,0.0,0.0,0.0,0.0,0.0,0.0,0.0,,,,,18473,global,0.4
4,2,lr5e-05_bs32_modL1_fusion32_fusionL1_fusionBN0_drop0p1__wd1e-04trmiss40_trlocglobal,32,5e-05,0.0001,1,32,1,False,0.1,lr5e-05_bs32_modL1_fusion32_fusionL1_fusionBN0_drop0p1__wd1e-04trmiss40_trlocglobal,51,0.5446437994639078,0.6598992347717285,0.6936758893280633,0.6855991518952428,0.5333333333333333,0.0,0.0,0.0,0.0,0.0,0.0,0.0,0.0,0.0,,,,,18473,global,0.4
4,2,lr5e-05_bs32_modL1_fusion32_fusionL1_fusionBN0_drop0p1__wd1e-04trmiss40_trlocglobal,32,5e-05,0.0001,1,32,1,False,0.1,lr5e-05_bs32_modL1_fusion32_fusionL1_fusionBN0_drop0p1__wd1e-04trmiss40_trlocglobal,52,0.5423424343268076,0.6595642268657684,0.6956521739130436,0.6908646711056188,0.5333333333333333,0.0,0.0,0.0,0.0,0.0,0.0,0.0,0.0,0.0,,,,,18473,global,0.4
4,2,lr5e-05_bs32_modL1_fusion32_fusionL1_fusionBN0_drop0p1__wd1e-04trmiss40_trlocglobal,32,5e-05,0.0001,1,32,1,False,0.1,lr5e-05_bs32_modL1_fusion32_fusionL1_fusionBN0_drop0p1__wd1e-04trmiss40_trlocglobal,53,0.5411851108074188,0.6607614755630493,0.6857707509881423,0.684600456560163,0.5333333333333333,0.0,0.0,0.0,0.0,0.0,0.0,0.0,0.0,0.0,,,,,18473,global,0.4
4,2,lr5e-05_bs32_modL1_fusion32_fusionL1_fusionBN0_drop0p1__wd1e-04trmiss40_trlocglobal,32,5e-05,0.0001,1,32,1,False,0.1,lr5e-05_bs32_modL1_fusion32_fusionL1_fusionBN0_drop0p1__wd1e-04trmiss40_trlocglobal,54,0.5411319235960642,0.6612833738327026,0.6857707509881423,0.6800045981146438,0.5333333333333333,0.0,0.0,0.0,0.0,0.0,0.0,0.0,0.0,0.0,,,,,18473,global,0.4
4,2,lr5e-05_bs32_modL1_fusion32_fusionL1_fusionBN0_drop0p1__wd1e-04trmiss40_trlocglobal,32,5e-05,0.0001,1,32,1,False,0.1,lr5e-05_bs32_modL1_fusion32_fusionL1_fusionBN0_drop0p1__wd1e-04trmiss40_trlocglobal,55,0.5397117137908936,0.6611570715904236,0.6778656126482214,0.674755075957122,0.5333333333333333,0.0,0.0,0.0,0.0,0.0,0.0,0.0,0.0,0.0,,,,,18473,global,0.4
4,2,lr5e-05_bs32_modL1_fusion32_fusionL1_fusionBN0_drop0p1__wd1e-04trmiss40_trlocglobal,32,5e-05,0.0001,1,32,1,False,0.1,lr5e-05_bs32_modL1_fusion32_fusionL1_fusionBN0_drop0p1__wd1e-04trmiss40_trlocglobal,56,0.5370059112707773,0.6604052484035492,0.6818181818181819,0.6808380357070073,0.5333333333333333,0.0,0.0,0.0,0.0,0.0,0.0,0.0,0.0,0.0,,,,,18473,global,0.4
4,2,lr5e-05_bs32_modL1_fusion32_fusionL1_fusionBN0_drop0p1__wd1e-04trmiss40_trlocglobal,32,5e-05,0.0001,1,32,1,False,0.1,lr5e-05_bs32_modL1_fusion32_fusionL1_fusionBN0_drop0p1__wd1e-04trmiss40_trlocglobal,57,0.539110521475474,0.6609261631965637,0.6857707509881423,0.6792682582100619,0.5333333333333333,0.0,0.0,0.0,0.0,0.0,0.0,0.0,0.0,0.0,,,,,18473,global,0.4
4,2,lr5e-05_bs32_modL1_fusion32_fusionL1_fusionBN0_drop0p1__wd1e-04trmiss40_trlocglobal,32,5e-05,0.0001,1,32,1,False,0.1,lr5e-05_bs32_modL1_fusion32_fusionL1_fusionBN0_drop0p1__wd1e-04trmiss40_trlocglobal,58,0.5348303119341532,0.6607072949409485,0.6798418972332015,0.6888013255904252,0.5333333333333333,0.0,0.0,0.0,0.0,0.0,0.0,0.0,0.0,0.0,,,,,18473,global,0.4
4,2,lr5e-05_bs32_modL1_fusion32_fusionL1_fusionBN0_drop0p1__wd1e-04trmiss40_trlocglobal,32,5e-05,0.0001,1,32,1,False,0.1,lr5e-05_bs32_modL1_fusion32_fusionL1_fusionBN0_drop0p1__wd1e-04trmiss40_trlocglobal,59,0.5310796499252319,0.6608315408229828,0.6857707509881422,0.6915603749943796,0.5333333333333333,0.0,0.0,0.0,0.0,0.0,0.0,0.0,0.0,0.0,,,,,18473,global,0.4
4,2,lr5e-05_bs32_modL1_fusion32_fusionL1_fusionBN0_drop0p1__wd1e-04trmiss40_trlocglobal,32,5e-05,0.0001,1,32,1,False,0.1,lr5e-05_bs32_modL1_fusion32_fusionL1_fusionBN0_drop0p1__wd1e-04trmiss40_trlocglobal,60,0.5360678533713022,0.6602272391319275,0.6897233201581028,0.6958588731046208,0.5555555555555556,0.0,0.0,0.0,0.0,0.0,0.0,0.0,0.0,0.0,,,,,18473,global,0.4
4,2,lr5e-05_bs32_modL1_fusion32_fusionL1_fusionBN0_drop0p1__wd1e-04trmiss40_trlocglobal,32,5e-05,0.0001,1,32,1,False,0.1,lr5e-05_bs32_modL1_fusion32_fusionL1_fusionBN0_drop0p1__wd1e-04trmiss40_trlocglobal,61,0.5340006748835245,0.660301148891449,0.6936758893280632,0.697134683076083,0.5555555555555556,0.0,0.0,0.0,0.0,0.0,0.0,0.0,0.0,0.0,,,,,18473,global,0.4
4,2,lr5e-05_bs32_modL1_fusion32_fusionL1_fusionBN0_drop0p1__wd1e-04trmiss40_trlocglobal,32,5e-05,0.0001,1,32,1,False,0.1,lr5e-05_bs32_modL1_fusion32_fusionL1_fusionBN0_drop0p1__wd1e-04trmiss40_trlocglobal,62,0.5406193335851034,0.6592293083667755,0.6936758893280633,0.6936169131994491,0.5333333333333333,0.0,0.0,0.0,0.0,0.0,0.0,0.0,0.0,0.0,,,,,18473,global,0.4
4,2,lr1e-05_bs32_modL1_fusion16_fusionL1_fusionBN0_drop0p2__wd1e-04trmiss40_trlocglobal,32,1e-05,0.0001,1,16,1,False,0.2,lr1e-05_bs32_modL1_fusion16_fusionL1_fusionBN0_drop0p2__wd1e-04trmiss40_trlocglobal,1,0.7068940699100494,0.7008966207504272,0.48814229249011853,0.5325295970578899,0.5111111111111111,0.0,0.0,0.0,0.0,0.0,0.0,0.0,0.0,0.0,,,,,18473,global,0.4
4,2,lr1e-05_bs32_modL1_fusion16_fusionL1_fusionBN0_drop0p2__wd1e-04trmiss40_trlocglobal,32,1e-05,0.0001,1,16,1,False,0.2,lr1e-05_bs32_modL1_fusion16_fusionL1_fusionBN0_drop0p2__wd1e-04trmiss40_trlocglobal,2,0.7004929482936859,0.7001315355300903,0.492094861660079,0.5340634879272785,0.5111111111111111,0.0,0.0,0.0,0.0,0.0,0.0,0.0,0.0,0.0,,,,,18473,global,0.4
4,2,lr1e-05_bs32_modL1_fusion16_fusionL1_fusionBN0_drop0p2__wd1e-04trmiss40_trlocglobal,32,1e-05,0.0001,1,16,1,False,0.2,lr1e-05_bs32_modL1_fusion16_fusionL1_fusionBN0_drop0p2__wd1e-04trmiss40_trlocglobal,3,0.7021302382151285,0.6998883187770844,0.48221343873517786,0.5278565259127919,0.5333333333333333,0.0,0.0,0.0,0.0,0.0,0.0,0.0,0.0,0.0,,,,,18473,global,0.4
4,2,lr1e-05_bs32_modL1_fusion16_fusionL1_fusionBN0_drop0p2__wd1e-04trmiss40_trlocglobal,32,1e-05,0.0001,1,16,1,False,0.2,lr1e-05_bs32_modL1_fusion16_fusionL1_fusionBN0_drop0p2__wd1e-04trmiss40_trlocglobal,4,0.7017821073532104,0.6999391913414001,0.46245059288537554,0.5161417387814377,0.5333333333333333,0.0,0.0,0.0,0.0,0.0,0.0,0.0,0.0,0.0,,,,,18473,global,0.4
4,2,lr1e-05_bs32_modL1_fusion16_fusionL1_fusionBN0_drop0p2__wd1e-04trmiss40_trlocglobal,32,1e-05,0.0001,1,16,1,False,0.2,lr1e-05_bs32_modL1_fusion16_fusionL1_fusionBN0_drop0p2__wd1e-04trmiss40_trlocglobal,5,0.7044631640116373,0.7000755965709686,0.4565217391304348,0.5130480902296256,0.5333333333333333,0.0,0.0,0.0,0.0,0.0,0.0,0.0,0.0,0.0,,,,,18473,global,0.4
4,2,lr1e-05_bs32_modL1_fusion16_fusionL1_fusionBN0_drop0p2__wd1e-04trmiss40_trlocglobal,32,1e-05,0.0001,1,16,1,False,0.2,lr1e-05_bs32_modL1_fusion16_fusionL1_fusionBN0_drop0p2__wd1e-04trmiss40_trlocglobal,6,0.6901174684365591,0.7002847492694855,0.45849802371541504,0.5122096129622885,0.5333333333333333,0.0,0.0,0.0,0.0,0.0,0.0,0.0,0.0,0.0,,,,,18473,global,0.4
4,2,lr1e-05_bs32_modL1_fusion16_fusionL1_fusionBN0_drop0p2__wd1e-04trmiss40_trlocglobal,32,1e-05,0.0001,1,16,1,False,0.2,lr1e-05_bs32_modL1_fusion16_fusionL1_fusionBN0_drop0p2__wd1e-04trmiss40_trlocglobal,7,0.6979180673758189,0.7002589106559753,0.4545454545454546,0.5073929395766583,0.5333333333333333,0.0,0.0,0.0,0.0,0.0,0.0,0.0,0.0,0.0,,,,,18473,global,0.4
4,2,lr1e-05_bs32_modL1_fusion16_fusionL1_fusionBN0_drop0p2__wd1e-04trmiss40_trlocglobal,32,1e-05,0.0001,1,16,1,False,0.2,lr1e-05_bs32_modL1_fusion16_fusionL1_fusionBN0_drop0p2__wd1e-04trmiss40_trlocglobal,8,0.6908380289872488,0.7001451253890991,0.46047430830039526,0.5089199165166145,0.5333333333333333,0.0,0.0,0.0,0.0,0.0,0.0,0.0,0.0,0.0,,,,,18473,global,0.4
4,2,lr1e-05_bs32_modL1_fusion16_fusionL1_fusionBN0_drop0p2__wd1e-04trmiss40_trlocglobal,32,1e-05,0.0001,1,16,1,False,0.2,lr1e-05_bs32_modL1_fusion16_fusionL1_fusionBN0_drop0p2__wd1e-04trmiss40_trlocglobal,9,0.6806448797384897,0.7001673579216003,0.46047430830039526,0.5078661431516284,0.5333333333333333,0.0,0.0,0.0,0.0,0.0,0.0,0.0,0.0,0.0,,,,,18473,global,0.4
4,2,lr1e-05_bs32_modL1_fusion16_fusionL1_fusionBN0_drop0p2__wd1e-04trmiss40_trlocglobal,32,1e-05,0.0001,1,16,1,False,0.2,lr1e-05_bs32_modL1_fusion16_fusionL1_fusionBN0_drop0p2__wd1e-04trmiss40_trlocglobal,10,0.6890785396099091,0.700283944606781,0.45849802371541504,0.5053086164181664,0.5333333333333333,0.0,0.0,0.0,0.0,0.0,0.0,0.0,0.0,0.0,,,,,18473,global,0.4
4,2,lr1e-05_bs32_modL1_fusion16_fusionL1_fusionBN0_drop0p2__wd1e-04trmiss40_trlocglobal,32,1e-05,0.0001,1,16,1,False,0.2,lr1e-05_bs32_modL1_fusion16_fusionL1_fusionBN0_drop0p2__wd1e-04trmiss40_trlocglobal,11,0.6924177010854086,0.6999199688434601,0.46047430830039526,0.5073713084007667,0.5333333333333333,0.0,0.0,0.0,0.0,0.0,0.0,0.0,0.0,0.0,,,,,18473,global,0.4
4,2,lr1e-05_bs32_modL1_fusion16_fusionL1_fusionBN0_drop0p2__wd1e-04trmiss40_trlocglobal,32,1e-05,0.0001,1,16,1,False,0.2,lr1e-05_bs32_modL1_fusion16_fusionL1_fusionBN0_drop0p2__wd1e-04trmiss40_trlocglobal,12,0.681059330701828,0.6999870538711548,0.45849802371541504,0.5067136540346725,0.5333333333333333,0.0,0.0,0.0,0.0,0.0,0.0,0.0,0.0,0.0,,,,,18473,global,0.4
4,2,lr1e-05_bs32_modL1_fusion16_fusionL1_fusionBN0_drop0p2__wd1e-04trmiss40_trlocglobal,32,1e-05,0.0001,1,16,1,False,0.2,lr1e-05_bs32_modL1_fusion16_fusionL1_fusionBN0_drop0p2__wd1e-04trmiss40_trlocglobal,13,0.6748688817024231,0.7003270387649536,0.4624505928853755,0.5100581356400237,0.5333333333333333,0.0,0.0,0.0,0.0,0.0,0.0,0.0,0.0,0.0,,,,,18473,global,0.4
4,2,lr1e-05_bs32_modL1_fusion16_fusionL1_fusionBN0_drop0p2__wd1e-04trmiss40_trlocglobal,32,1e-05,0.0001,1,16,1,False,0.2,lr1e-05_bs32_modL1_fusion16_fusionL1_fusionBN0_drop0p2__wd1e-04trmiss40_trlocglobal,14,0.6880211532115936,0.7001807391643524,0.4624505928853755,0.5094210915247187,0.5333333333333333,0.0,0.0,0.0,0.0,0.0,0.0,0.0,0.0,0.0,,,,,18473,global,0.4
4,2,lr1e-05_bs32_modL1_fusion16_fusionL1_fusionBN0_drop0p2__wd1e-04trmiss40_trlocglobal,32,1e-05,0.0001,1,16,1,False,0.2,lr1e-05_bs32_modL1_fusion16_fusionL1_fusionBN0_drop0p2__wd1e-04trmiss40_trlocglobal,15,0.6854473352432251,0.700609564781189,0.46047430830039526,0.5097758092707408,0.5333333333333333,0.0,0.0,0.0,0.0,0.0,0.0,0.0,0.0,0.0,,,,,18473,global,0.4
4,2,lr1e-05_bs32_modL1_fusion16_fusionL1_fusionBN0_drop0p2__wd1e-04trmiss40_trlocglobal,32,1e-05,0.0001,1,16,1,False,0.2,lr1e-05_bs32_modL1_fusion16_fusionL1_fusionBN0_drop0p2__wd1e-04trmiss40_trlocglobal,16,0.6839170058568319,0.700751543045044,0.45849802371541504,0.5081035684680651,0.5333333333333333,0.0,0.0,0.0,0.0,0.0,0.0,0.0,0.0,0.0,,,,,18473,global,0.4
4,2,lr1e-05_bs32_modL1_fusion16_fusionL1_fusionBN0_drop0p2__wd1e-04trmiss40_trlocglobal,32,1e-05,0.0001,1,16,1,False,0.2,lr1e-05_bs32_modL1_fusion16_fusionL1_fusionBN0_drop0p2__wd1e-04trmiss40_trlocglobal,17,0.6817282934983572,0.7014275789260864,0.4624505928853755,0.5107209888548617,0.5333333333333333,0.0,0.0,0.0,0.0,0.0,0.0,0.0,0.0,0.0,,,,,18473,global,0.4
4,2,lr1e-05_bs32_modL1_fusion16_fusionL1_fusionBN0_drop0p2__wd1e-04trmiss40_trlocglobal,32,1e-05,0.0001,1,16,1,False,0.2,lr1e-05_bs32_modL1_fusion16_fusionL1_fusionBN0_drop0p2__wd1e-04trmiss40_trlocglobal,18,0.6671658953030905,0.7019306719303131,0.46047430830039526,0.5101342376960283,0.5333333333333333,0.0,0.0,0.0,0.0,0.0,0.0,0.0,0.0,0.0,,,,,18473,global,0.4
4,2,lr1e-05_bs32_modL1_fusion16_fusionL1_fusionBN0_drop0p2__wd1e-04trmiss40_trlocglobal,32,1e-05,0.0001,1,16,1,False,0.2,lr1e-05_bs32_modL1_fusion16_fusionL1_fusionBN0_drop0p2__wd1e-04trmiss40_trlocglobal,19,0.6847345729668936,0.702025443315506,0.46442687747035577,0.5128257490831918,0.5333333333333333,0.0,0.0,0.0,0.0,0.0,0.0,0.0,0.0,0.0,,,,,18473,global,0.4
4,2,lr1e-05_bs32_modL1_fusion16_fusionL1_fusionBN0_drop0p2__wd1e-04trmiss40_trlocglobal,32,1e-05,0.0001,1,16,1,False,0.2,lr1e-05_bs32_modL1_fusion16_fusionL1_fusionBN0_drop0p2__wd1e-04trmiss40_trlocglobal,20,0.6771594484647115,0.7020491361618042,0.4624505928853755,0.511968119964693,0.5333333333333333,0.0,0.0,0.0,0.0,0.0,0.0,0.0,0.0,0.0,,,,,18473,global,0.4
4,2,lr1e-05_bs32_modL1_fusion16_fusionL1_fusionBN0_drop0p2__wd1e-04trmiss40_trlocglobal,32,1e-05,0.0001,1,16,1,False,0.2,lr1e-05_bs32_modL1_fusion16_fusionL1_fusionBN0_drop0p2__wd1e-04trmiss40_trlocglobal,21,0.6733763515949249,0.7017652094364166,0.4624505928853755,0.511968119964693,0.5333333333333333,0.0,0.0,0.0,0.0,0.0,0.0,0.0,0.0,0.0,,,,,18473,global,0.4
4,2,lr1e-05_bs32_modL1_fusion16_fusionL1_fusionBN0_drop0p2__wd1e-04trmiss40_trlocglobal,32,1e-05,0.0001,1,16,1,False,0.2,lr1e-05_bs32_modL1_fusion16_fusionL1_fusionBN0_drop0p2__wd1e-04trmiss40_trlocglobal,22,0.6704929769039154,0.7018130421638489,0.4624505928853755,0.5118790439493411,0.5333333333333333,0.0,0.0,0.0,0.0,0.0,0.0,0.0,0.0,0.0,,,,,18473,global,0.4
4,2,lr1e-05_bs32_modL1_fusion16_fusionL1_fusionBN0_drop0p2__wd1e-04trmiss40_trlocglobal,32,1e-05,0.0001,1,16,1,False,0.2,lr1e-05_bs32_modL1_fusion16_fusionL1_fusionBN0_drop0p2__wd1e-04trmiss40_trlocglobal,23,0.6771779457728068,0.7022974789142609,0.46640316205533605,0.5147685994242114,0.5333333333333333,0.0,0.0,0.0,0.0,0.0,0.0,0.0,0.0,0.0,,,,,18473,global,0.4
4,2,lr1e-05_bs32_modL1_fusion16_fusionL1_fusionBN0_drop0p2__wd1e-04trmiss40_trlocglobal,32,1e-05,0.0001,1,16,1,False,0.2,lr1e-05_bs32_modL1_fusion16_fusionL1_fusionBN0_drop0p2__wd1e-04trmiss40_trlocglobal,24,0.6665685872236887,0.7021328508853912,0.4644268774703557,0.513624434664486,0.5333333333333333,0.0,0.0,0.0,0.0,0.0,0.0,0.0,0.0,0.0,,,,,18473,global,0.4
4,2,lr1e-05_bs32_modL1_fusion16_fusionL1_fusionBN0_drop0p2__wd1e-04trmiss40_trlocglobal,32,1e-05,0.0001,1,16,1,False,0.2,lr1e-05_bs32_modL1_fusion16_fusionL1_fusionBN0_drop0p2__wd1e-04trmiss40_trlocglobal,25,0.6758624215920767,0.7024642527103424,0.46047430830039526,0.5116481500795058,0.5333333333333333,0.0,0.0,0.0,0.0,0.0,0.0,0.0,0.0,0.0,,,,,18473,global,0.4
4,2,lr1e-05_bs32_modL1_fusion16_fusionL1_fusionBN0_drop0p2__wd1e-04trmiss40_trlocglobal,32,1e-05,0.0001,1,16,1,False,0.2,lr1e-05_bs32_modL1_fusion16_fusionL1_fusionBN0_drop0p2__wd1e-04trmiss40_trlocglobal,26,0.6702083647251129,0.7020959258079529,0.4644268774703557,0.513535358649134,0.5333333333333333,0.0,0.0,0.0,0.0,0.0,0.0,0.0,0.0,0.0,,,,,18473,global,0.4
4,2,lr1e-05_bs32_modL1_fusion16_fusionL1_fusionBN0_drop0p2__wd1e-04trmiss40_trlocglobal,32,1e-05,0.0001,1,16,1,False,0.2,lr1e-05_bs32_modL1_fusion16_fusionL1_fusionBN0_drop0p2__wd1e-04trmiss40_trlocglobal,27,0.6633343199888865,0.7019795179367065,0.4703557312252965,0.5162680420106106,0.5333333333333333,0.0,0.0,0.0,0.0,0.0,0.0,0.0,0.0,0.0,,,,,18473,global,0.4
4,2,lr1e-05_bs32_modL1_fusion16_fusionL1_fusionBN0_drop0p2__wd1e-04trmiss40_trlocglobal,32,1e-05,0.0001,1,16,1,False,0.2,lr1e-05_bs32_modL1_fusion16_fusionL1_fusionBN0_drop0p2__wd1e-04trmiss40_trlocglobal,28,0.6728794376055399,0.7017076909542084,0.4723320158102767,0.5172919865600749,0.5333333333333333,0.0,0.0,0.0,0.0,0.0,0.0,0.0,0.0,0.0,,,,,18473,global,0.4
4,2,lr1e-05_bs32_modL1_fusion16_fusionL1_fusionBN0_drop0p2__wd1e-04trmiss40_trlocglobal,32,1e-05,0.0001,1,16,1,False,0.2,lr1e-05_bs32_modL1_fusion16_fusionL1_fusionBN0_drop0p2__wd1e-04trmiss40_trlocglobal,29,0.6629701952139536,0.7006278336048126,0.4723320158102767,0.5172919865600749,0.5333333333333333,0.0,0.0,0.0,0.0,0.0,0.0,0.0,0.0,0.0,,,,,18473,global,0.4
4,2,lr1e-05_bs32_modL1_fusion16_fusionL1_fusionBN0_drop0p2__wd1e-04trmiss40_trlocglobal,32,1e-05,0.0001,1,16,1,False,0.2,lr1e-05_bs32_modL1_fusion16_fusionL1_fusionBN0_drop0p2__wd1e-04trmiss40_trlocglobal,30,0.6670721769332886,0.700037956237793,0.48023715415019763,0.5212603802309858,0.5333333333333333,0.0,0.0,0.0,0.0,0.0,0.0,0.0,0.0,0.0,,,,,18473,global,0.4
4,2,lr1e-05_bs32_modL1_fusion16_fusionL1_fusionBN0_drop0p2__wd1e-04trmiss40_trlocglobal,32,1e-05,0.0001,1,16,1,False,0.2,lr1e-05_bs32_modL1_fusion16_fusionL1_fusionBN0_drop0p2__wd1e-04trmiss40_trlocglobal,31,0.6657031575838724,0.6995487809181213,0.48023715415019763,0.5224145410538003,0.5333333333333333,0.0,0.0,0.0,0.0,0.0,0.0,0.0,0.0,0.0,,,,,18473,global,0.4
4,2,lr1e-05_bs32_modL1_fusion16_fusionL1_fusionBN0_drop0p2__wd1e-04trmiss40_trlocglobal,32,1e-05,0.0001,1,16,1,False,0.2,lr1e-05_bs32_modL1_fusion16_fusionL1_fusionBN0_drop0p2__wd1e-04trmiss40_trlocglobal,32,0.6566300392150879,0.699347048997879,0.48221343873517786,0.5235895727775697,0.5333333333333333,0.0,0.0,0.0,0.0,0.0,0.0,0.0,0.0,0.0,,,,,18473,global,0.4
4,2,lr1e-05_bs32_modL1_fusion16_fusionL1_fusionBN0_drop0p2__wd1e-04trmiss40_trlocglobal,32,1e-05,0.0001,1,16,1,False,0.2,lr1e-05_bs32_modL1_fusion16_fusionL1_fusionBN0_drop0p2__wd1e-04trmiss40_trlocglobal,33,0.6574997504552206,0.6996841430664062,0.4762845849802372,0.5189466321511087,0.5333333333333333,0.0,0.0,0.0,0.0,0.0,0.0,0.0,0.0,0.0,,,,,18473,global,0.4
4,2,lr1e-05_bs32_modL1_fusion16_fusionL1_fusionBN0_drop0p2__wd1e-04trmiss40_trlocglobal,32,1e-05,0.0001,1,16,1,False,0.2,lr1e-05_bs32_modL1_fusion16_fusionL1_fusionBN0_drop0p2__wd1e-04trmiss40_trlocglobal,34,0.6588109532992045,0.6997405886650085,0.4762845849802371,0.5186360731448976,0.5333333333333333,0.0,0.0,0.0,0.0,0.0,0.0,0.0,0.0,0.0,,,,,18473,global,0.4
4,2,lr1e-05_bs32_modL1_fusion16_fusionL1_fusionBN0_drop0p2__wd1e-04trmiss40_trlocglobal,32,1e-05,0.0001,1,16,1,False,0.2,lr1e-05_bs32_modL1_fusion16_fusionL1_fusionBN0_drop0p2__wd1e-04trmiss40_trlocglobal,35,0.6691620151201884,0.6995244324207306,0.4822134387351779,0.5225468161860753,0.5333333333333333,0.0,0.0,0.0,0.0,0.0,0.0,0.0,0.0,0.0,,,,,18473,global,0.4
4,2,lr1e-05_bs32_modL1_fusion16_fusionL1_fusionBN0_drop0p2__wd1e-04trmiss40_trlocglobal,32,1e-05,0.0001,1,16,1,False,0.2,lr1e-05_bs32_modL1_fusion16_fusionL1_fusionBN0_drop0p2__wd1e-04trmiss40_trlocglobal,36,0.6680640876293182,0.6996762752532959,0.48418972332015814,0.523676121663207,0.5111111111111111,0.0,0.0,0.0,0.0,0.0,0.0,0.0,0.0,0.0,,,,,18473,global,0.4
4,2,lr1e-05_bs32_modL1_fusion16_fusionL1_fusionBN0_drop0p2__wd1e-04trmiss40_trlocglobal,32,1e-05,0.0001,1,16,1,False,0.2,lr1e-05_bs32_modL1_fusion16_fusionL1_fusionBN0_drop0p2__wd1e-04trmiss40_trlocglobal,37,0.6584302087624868,0.700027197599411,0.4841897233201581,0.5254185630509572,0.5111111111111111,0.0,0.0,0.0,0.0,0.0,0.0,0.0,0.0,0.0,,,,,18473,global,0.4
4,2,lr1e-05_bs32_modL1_fusion16_fusionL1_fusionBN0_drop0p2__wd1e-04trmiss40_trlocglobal,32,1e-05,0.0001,1,16,1,False,0.2,lr1e-05_bs32_modL1_fusion16_fusionL1_fusionBN0_drop0p2__wd1e-04trmiss40_trlocglobal,38,0.6672380864620209,0.7000454068183899,0.4841897233201581,0.5256659126789655,0.5111111111111111,0.0,0.0,0.0,0.0,0.0,0.0,0.0,0.0,0.0,,,,,18473,global,0.4
4,2,lr1e-05_bs32_modL1_fusion16_fusionL1_fusionBN0_drop0p2__wd1e-04trmiss40_trlocglobal,32,1e-05,0.0001,1,16,1,False,0.2,lr1e-05_bs32_modL1_fusion16_fusionL1_fusionBN0_drop0p2__wd1e-04trmiss40_trlocglobal,39,0.6642905672391256,0.7003351449966431,0.48023715415019763,0.5234525895159856,0.5111111111111111,0.0,0.0,0.0,0.0,0.0,0.0,0.0,0.0,0.0,,,,,18473,global,0.4
4,2,lr1e-05_bs32_modL1_fusion16_fusionL1_fusionBN0_drop0p2__wd1e-04trmiss40_trlocglobal,32,1e-05,0.0001,1,16,1,False,0.2,lr1e-05_bs32_modL1_fusion16_fusionL1_fusionBN0_drop0p2__wd1e-04trmiss40_trlocglobal,40,0.6515419582525889,0.7002086937427521,0.4782608695652174,0.5226474365369196,0.5111111111111111,0.0,0.0,0.0,0.0,0.0,0.0,0.0,0.0,0.0,,,,,18473,global,0.4
4,2,lr1e-05_bs32_modL1_fusion16_fusionL1_fusionBN0_drop0p2__wd1e-04trmiss40_trlocglobal,32,1e-05,0.0001,1,16,1,False,0.2,lr1e-05_bs32_modL1_fusion16_fusionL1_fusionBN0_drop0p2__wd1e-04trmiss40_trlocglobal,41,0.6645247836907705,0.6996544897556305,0.48023715415019763,0.5214928543059852,0.5111111111111111,0.0,0.0,0.0,0.0,0.0,0.0,0.0,0.0,0.0,,,,,18473,global,0.4
4,2,lr1e-05_bs32_modL1_fusion16_fusionL1_fusionBN0_drop0p2__wd1e-04trmiss40_trlocglobal,32,1e-05,0.0001,1,16,1,False,0.2,lr1e-05_bs32_modL1_fusion16_fusionL1_fusionBN0_drop0p2__wd1e-04trmiss40_trlocglobal,42,0.6685156226158142,0.6994265615940094,0.48221343873517786,0.5245366072018339,0.5111111111111111,0.0,0.0,0.0,0.0,0.0,0.0,0.0,0.0,0.0,,,,,18473,global,0.4
4,2,lr1e-05_bs32_modL1_fusion16_fusionL1_fusionBN0_drop0p2__wd1e-04trmiss40_trlocglobal,32,1e-05,0.0001,1,16,1,False,0.2,lr1e-05_bs32_modL1_fusion16_fusionL1_fusionBN0_drop0p2__wd1e-04trmiss40_trlocglobal,43,0.6514428853988647,0.6992272734642029,0.4762845849802372,0.5204602326906768,0.5111111111111111,0.0,0.0,0.0,0.0,0.0,0.0,0.0,0.0,0.0,,,,,18473,global,0.4
4,2,lr1e-05_bs32_modL1_fusion16_fusionL1_fusionBN0_drop0p2__wd1e-04trmiss40_trlocglobal,32,1e-05,0.0001,1,16,1,False,0.2,lr1e-05_bs32_modL1_fusion16_fusionL1_fusionBN0_drop0p2__wd1e-04trmiss40_trlocglobal,44,0.6461766362190247,0.699059247970581,0.4782608695652174,0.5214022616761841,0.5111111111111111,0.0,0.0,0.0,0.0,0.0,0.0,0.0,0.0,0.0,,,,,18473,global,0.4
4,2,lr1e-05_bs32_modL1_fusion16_fusionL1_fusionBN0_drop0p2__wd1e-04trmiss40_trlocglobal,32,1e-05,0.0001,1,16,1,False,0.2,lr1e-05_bs32_modL1_fusion16_fusionL1_fusionBN0_drop0p2__wd1e-04trmiss40_trlocglobal,45,0.6568325459957123,0.6987146139144897,0.48418972332015814,0.5253454199671684,0.5111111111111111,0.0,0.0,0.0,0.0,0.0,0.0,0.0,0.0,0.0,,,,,18473,global,0.4
4,2,lr1e-05_bs32_modL1_fusion16_fusionL1_fusionBN0_drop0p2__wd1e-04trmiss40_trlocglobal,32,1e-05,0.0001,1,16,1,False,0.2,lr1e-05_bs32_modL1_fusion16_fusionL1_fusionBN0_drop0p2__wd1e-04trmiss40_trlocglobal,46,0.6611983974774679,0.6985558569431305,0.4841897233201581,0.5282258413731097,0.5111111111111111,0.0,0.0,0.0,0.0,0.0,0.0,0.0,0.0,0.0,,,,,18473,global,0.4
4,2,lr1e-05_bs32_modL1_fusion16_fusionL1_fusionBN0_drop0p2__wd1e-04trmiss40_trlocglobal,32,1e-05,0.0001,1,16,1,False,0.2,lr1e-05_bs32_modL1_fusion16_fusionL1_fusionBN0_drop0p2__wd1e-04trmiss40_trlocglobal,47,0.6557102004686991,0.6981506049633026,0.48616600790513836,0.5287832549740016,0.5111111111111111,0.0,0.0,0.0,0.0,0.0,0.0,0.0,0.0,0.0,,,,,18473,global,0.4
4,2,lr1e-05_bs32_modL1_fusion16_fusionL1_fusionBN0_drop0p2__wd1e-04trmiss40_trlocglobal,32,1e-05,0.0001,1,16,1,False,0.2,lr1e-05_bs32_modL1_fusion16_fusionL1_fusionBN0_drop0p2__wd1e-04trmiss40_trlocglobal,48,0.6625431974728903,0.6979688405990601,0.48616600790513836,0.5282106833250778,0.5111111111111111,0.0,0.0,0.0,0.0,0.0,0.0,0.0,0.0,0.0,,,,,18473,global,0.4
4,2,lr1e-05_bs32_modL1_fusion16_fusionL1_fusionBN0_drop0p2__wd1e-04trmiss40_trlocglobal,32,1e-05,0.0001,1,16,1,False,0.2,lr1e-05_bs32_modL1_fusion16_fusionL1_fusionBN0_drop0p2__wd1e-04trmiss40_trlocglobal,49,0.6498556733131409,0.6985118985176086,0.4841897233201581,0.5280348278891345,0.5111111111111111,0.0,0.0,0.0,0.0,0.0,0.0,0.0,0.0,0.0,,,,,18473,global,0.4
4,2,lr1e-05_bs32_modL1_fusion16_fusionL1_fusionBN0_drop0p2__wd1e-04trmiss40_trlocglobal,32,1e-05,0.0001,1,16,1,False,0.2,lr1e-05_bs32_modL1_fusion16_fusionL1_fusionBN0_drop0p2__wd1e-04trmiss40_trlocglobal,50,0.6656807561715444,0.6979990601539612,0.4881422924901186,0.5292489950974265,0.5111111111111111,0.0,0.0,0.0,0.0,0.0,0.0,0.0,0.0,0.0,,,,,18473,global,0.4
4,2,lr1e-05_bs32_modL1_fusion16_fusionL1_fusionBN0_drop0p2__wd1e-04trmiss40_trlocglobal,32,1e-05,0.0001,1,16,1,False,0.2,lr1e-05_bs32_modL1_fusion16_fusionL1_fusionBN0_drop0p2__wd1e-04trmiss40_trlocglobal,51,0.6580384174982706,0.6981504559516907,0.48616600790513836,0.526452621817616,0.5111111111111111,0.0,0.0,0.0,0.0,0.0,0.0,0.0,0.0,0.0,,,,,18473,global,0.4
4,2,lr1e-05_bs32_modL1_fusion16_fusionL1_fusionBN0_drop0p2__wd1e-04trmiss40_trlocglobal,32,1e-05,0.0001,1,16,1,False,0.2,lr1e-05_bs32_modL1_fusion16_fusionL1_fusionBN0_drop0p2__wd1e-04trmiss40_trlocglobal,52,0.6532458265622457,0.6980316936969757,0.4861660079051383,0.5258413242984513,0.5111111111111111,0.0,0.0,0.0,0.0,0.0,0.0,0.0,0.0,0.0,,,,,18473,global,0.4
4,2,lr1e-05_bs32_modL1_fusion16_fusionL1_fusionBN0_drop0p2__wd1e-04trmiss40_trlocglobal,32,1e-05,0.0001,1,16,1,False,0.2,lr1e-05_bs32_modL1_fusion16_fusionL1_fusionBN0_drop0p2__wd1e-04trmiss40_trlocglobal,53,0.6405671536922455,0.6979905068874359,0.4841897233201581,0.5269036170431638,0.5111111111111111,0.0,0.0,0.0,0.0,0.0,0.0,0.0,0.0,0.0,,,,,18473,global,0.4
4,2,lr1e-05_bs32_modL1_fusion16_fusionL1_fusionBN0_drop0p2__wd1e-04trmiss40_trlocglobal,32,1e-05,0.0001,1,16,1,False,0.2,lr1e-05_bs32_modL1_fusion16_fusionL1_fusionBN0_drop0p2__wd1e-04trmiss40_trlocglobal,54,0.6537041962146759,0.6977945566177368,0.4841897233201581,0.5270885846194356,0.5111111111111111,0.0,0.0,0.0,0.0,0.0,0.0,0.0,0.0,0.0,,,,,18473,global,0.4
4,2,lr1e-05_bs32_modL1_fusion16_fusionL1_fusionBN0_drop0p2__wd1e-04trmiss40_trlocglobal,32,1e-05,0.0001,1,16,1,False,0.2,lr1e-05_bs32_modL1_fusion16_fusionL1_fusionBN0_drop0p2__wd1e-04trmiss40_trlocglobal,55,0.6564141611258189,0.697685033082962,0.4881422924901186,0.529147388948061,0.5111111111111111,0.0,0.0,0.0,0.0,0.0,0.0,0.0,0.0,0.0,,,,,18473,global,0.4
4,2,lr1e-05_bs32_modL1_fusion16_fusionL1_fusionBN0_drop0p2__wd1e-04trmiss40_trlocglobal,32,1e-05,0.0001,1,16,1,False,0.2,lr1e-05_bs32_modL1_fusion16_fusionL1_fusionBN0_drop0p2__wd1e-04trmiss40_trlocglobal,56,0.6602044304211935,0.6976096630096436,0.48616600790513836,0.5277087700222298,0.5111111111111111,0.0,0.0,0.0,0.0,0.0,0.0,0.0,0.0,0.0,,,,,18473,global,0.4
4,2,lr1e-05_bs32_modL1_fusion16_fusionL1_fusionBN0_drop0p2__wd1e-04trmiss40_trlocglobal,32,1e-05,0.0001,1,16,1,False,0.2,lr1e-05_bs32_modL1_fusion16_fusionL1_fusionBN0_drop0p2__wd1e-04trmiss40_trlocglobal,57,0.6542251110076904,0.6979222893714905,0.48616600790513836,0.5277087700222298,0.5111111111111111,0.0,0.0,0.0,0.0,0.0,0.0,0.0,0.0,0.0,,,,,18473,global,0.4
4,2,lr1e-05_bs32_modL1_fusion16_fusionL1_fusionBN0_drop0p2__wd1e-04trmiss40_trlocglobal,32,1e-05,0.0001,1,16,1,False,0.2,lr1e-05_bs32_modL1_fusion16_fusionL1_fusionBN0_drop0p2__wd1e-04trmiss40_trlocglobal,58,0.6473403175671896,0.6983090341091156,0.4841897233201581,0.5270885846194356,0.5111111111111111,0.0,0.0,0.0,0.0,0.0,0.0,0.0,0.0,0.0,,,,,18473,global,0.4
4,2,lr1e-05_bs32_modL1_fusion16_fusionL1_fusionBN0_drop0p2__wd1e-04trmiss40_trlocglobal,32,1e-05,0.0001,1,16,1,False,0.2,lr1e-05_bs32_modL1_fusion16_fusionL1_fusionBN0_drop0p2__wd1e-04trmiss40_trlocglobal,59,0.6480493942896525,0.6980689465999603,0.48616600790513836,0.5283471658551336,0.5111111111111111,0.0,0.0,0.0,0.0,0.0,0.0,0.0,0.0,0.0,,,,,18473,global,0.4
4,2,lr1e-05_bs32_modL1_fusion16_fusionL1_fusionBN0_drop0p2__wd1e-04trmiss40_trlocglobal,32,1e-05,0.0001,1,16,1,False,0.2,lr1e-05_bs32_modL1_fusion16_fusionL1_fusionBN0_drop0p2__wd1e-04trmiss40_trlocglobal,60,0.6490824123223623,0.6979458928108215,0.48616600790513836,0.5283471658551336,0.5111111111111111,0.0,0.0,0.0,0.0,0.0,0.0,0.0,0.0,0.0,,,,,18473,global,0.4
4,2,lr1e-05_bs32_modL1_fusion16_fusionL1_fusionBN0_drop0p2__wd1e-04trmiss40_trlocglobal,32,1e-05,0.0001,1,16,1,False,0.2,lr1e-05_bs32_modL1_fusion16_fusionL1_fusionBN0_drop0p2__wd1e-04trmiss40_trlocglobal,61,0.6541051765282949,0.6980053186416626,0.48221343873517786,0.5264599572855053,0.5111111111111111,0.0,0.0,0.0,0.0,0.0,0.0,0.0,0.0,0.0,,,,,18473,global,0.4
4,2,lr1e-05_bs32_modL1_fusion16_fusionL1_fusionBN0_drop0p2__wd1e-04trmiss40_trlocglobal,32,1e-05,0.0001,1,16,1,False,0.2,lr1e-05_bs32_modL1_fusion16_fusionL1_fusionBN0_drop0p2__wd1e-04trmiss40_trlocglobal,62,0.6524148086706797,0.6975593566894531,0.48814229249011865,0.5297586864672257,0.5111111111111111,0.0,0.0,0.0,0.0,0.0,0.0,0.0,0.0,0.0,,,,,18473,global,0.4
4,2,lr1e-05_bs32_modL1_fusion16_fusionL1_fusionBN0_drop0p2__wd1e-04trmiss40_trlocglobal,32,1e-05,0.0001,1,16,1,False,0.2,lr1e-05_bs32_modL1_fusion16_fusionL1_fusionBN0_drop0p2__wd1e-04trmiss40_trlocglobal,63,0.6500303049882253,0.6977530717849731,0.4901185770750988,0.5312066429793166,0.5111111111111111,0.0,0.0,0.0,0.0,0.0,0.0,0.0,0.0,0.0,,,,,18473,global,0.4
4,2,lr1e-05_bs32_modL1_fusion16_fusionL1_fusionBN0_drop0p2__wd1e-04trmiss40_trlocglobal,32,1e-05,0.0001,1,16,1,False,0.2,lr1e-05_bs32_modL1_fusion16_fusionL1_fusionBN0_drop0p2__wd1e-04trmiss40_trlocglobal,64,0.640679677327474,0.6976652145385742,0.4881422924901186,0.5297857847809648,0.5111111111111111,0.0,0.0,0.0,0.0,0.0,0.0,0.0,0.0,0.0,,,,,18473,global,0.4
4,2,lr1e-05_bs32_modL1_fusion16_fusionL1_fusionBN0_drop0p2__wd1e-04trmiss40_trlocglobal,32,1e-05,0.0001,1,16,1,False,0.2,lr1e-05_bs32_modL1_fusion16_fusionL1_fusionBN0_drop0p2__wd1e-04trmiss40_trlocglobal,65,0.6596815983454386,0.697441041469574,0.4881422924901186,0.5297857847809648,0.5111111111111111,0.0,0.0,0.0,0.0,0.0,0.0,0.0,0.0,0.0,,,,,18473,global,0.4
4,2,lr1e-05_bs32_modL1_fusion16_fusionL1_fusionBN0_drop0p2__wd1e-04trmiss40_trlocglobal,32,1e-05,0.0001,1,16,1,False,0.2,lr1e-05_bs32_modL1_fusion16_fusionL1_fusionBN0_drop0p2__wd1e-04trmiss40_trlocglobal,66,0.6457482874393463,0.6973336637020111,0.49011857707509887,0.5303154202954334,0.5111111111111111,0.0,0.0,0.0,0.0,0.0,0.0,0.0,0.0,0.0,,,,,18473,global,0.4
4,2,lr1e-05_bs32_modL1_fusion16_fusionL1_fusionBN0_drop0p2__wd1e-04trmiss40_trlocglobal,32,1e-05,0.0001,1,16,1,False,0.2,lr1e-05_bs32_modL1_fusion16_fusionL1_fusionBN0_drop0p2__wd1e-04trmiss40_trlocglobal,67,0.6428402463595072,0.6973376572132111,0.48616600790513836,0.5283471658551336,0.4888888888888889,0.0,0.0,0.0,0.0,0.0,0.0,0.0,0.0,0.0,,,,,18473,global,0.4
4,2,lr1e-05_bs32_modL1_fusion16_fusionL1_fusionBN0_drop0p2__wd1e-04trmiss40_trlocglobal,32,1e-05,0.0001,1,16,1,False,0.2,lr1e-05_bs32_modL1_fusion16_fusionL1_fusionBN0_drop0p2__wd1e-04trmiss40_trlocglobal,68,0.6491310596466064,0.6972444951534271,0.48616600790513836,0.5283471658551336,0.4888888888888889,0.0,0.0,0.0,0.0,0.0,0.0,0.0,0.0,0.0,,,,,18473,global,0.4
4,2,lr1e-05_bs32_modL1_fusion16_fusionL1_fusionBN0_drop0p2__wd1e-04trmiss40_trlocglobal,32,1e-05,0.0001,1,16,1,False,0.2,lr1e-05_bs32_modL1_fusion16_fusionL1_fusionBN0_drop0p2__wd1e-04trmiss40_trlocglobal,69,0.6407385766506195,0.697345107793808,0.49407114624505927,0.5343613140152402,0.5111111111111111,0.0,0.0,0.0,0.0,0.0,0.0,0.0,0.0,0.0,,,,,18473,global,0.4
4,2,lr1e-05_bs32_modL1_fusion16_fusionL1_fusionBN0_drop0p2__wd1e-04trmiss40_trlocglobal,32,1e-05,0.0001,1,16,1,False,0.2,lr1e-05_bs32_modL1_fusion16_fusionL1_fusionBN0_drop0p2__wd1e-04trmiss40_trlocglobal,70,0.6494313379128774,0.6973820626735687,0.4901185770750988,0.5304445463092915,0.5111111111111111,0.0,0.0,0.0,0.0,0.0,0.0,0.0,0.0,0.0,,,,,18473,global,0.4
4,2,lr1e-05_bs32_modL1_fusion16_fusionL1_fusionBN0_drop0p2__wd1e-04trmiss40_trlocglobal,32,1e-05,0.0001,1,16,1,False,0.2,lr1e-05_bs32_modL1_fusion16_fusionL1_fusionBN0_drop0p2__wd1e-04trmiss40_trlocglobal,71,0.6510080993175507,0.6973249018192291,0.4901185770750988,0.5304445463092915,0.5111111111111111,0.0,0.0,0.0,0.0,0.0,0.0,0.0,0.0,0.0,,,,,18473,global,0.4
4,2,lr1e-05_bs32_modL1_fusion16_fusionL1_fusionBN0_drop0p2__wd1e-04trmiss40_trlocglobal,32,1e-05,0.0001,1,16,1,False,0.2,lr1e-05_bs32_modL1_fusion16_fusionL1_fusionBN0_drop0p2__wd1e-04trmiss40_trlocglobal,72,0.6409846345583597,0.69699427485466,0.48616600790513836,0.5283471658551336,0.4888888888888889,0.0,0.0,0.0,0.0,0.0,0.0,0.0,0.0,0.0,,,,,18473,global,0.4
4,2,lr1e-05_bs32_modL1_fusion16_fusionL1_fusionBN0_drop0p2__wd1e-04trmiss40_trlocglobal,32,1e-05,0.0001,1,16,1,False,0.2,lr1e-05_bs32_modL1_fusion16_fusionL1_fusionBN0_drop0p2__wd1e-04trmiss40_trlocglobal,73,0.6556398371855418,0.6972213685512543,0.4881422924901186,0.5290059273834603,0.5111111111111111,0.0,0.0,0.0,0.0,0.0,0.0,0.0,0.0,0.0,,,,,18473,global,0.4
4,2,lr1e-05_bs32_modL1_fusion16_fusionL1_fusionBN0_drop0p2__wd1e-04trmiss40_trlocglobal,32,1e-05,0.0001,1,16,1,False,0.2,lr1e-05_bs32_modL1_fusion16_fusionL1_fusionBN0_drop0p2__wd1e-04trmiss40_trlocglobal,74,0.652462363243103,0.6976344585418701,0.4901185770750988,0.5319179762609824,0.5111111111111111,0.0,0.0,0.0,0.0,0.0,0.0,0.0,0.0,0.0,,,,,18473,global,0.4
4,2,lr1e-05_bs32_modL1_fusion16_fusionL1_fusionBN0_drop0p2__wd1e-04trmiss40_trlocglobal,32,1e-05,0.0001,1,16,1,False,0.2,lr1e-05_bs32_modL1_fusion16_fusionL1_fusionBN0_drop0p2__wd1e-04trmiss40_trlocglobal,75,0.6630245645840963,0.6975433230400085,0.48616600790513836,0.5280638983979531,0.5111111111111111,0.0,0.0,0.0,0.0,0.0,0.0,0.0,0.0,0.0,,,,,18473,global,0.4
4,2,lr1e-05_bs32_modL1_fusion16_fusionL1_fusionBN0_drop0p2__wd1e-04trmiss40_trlocglobal,32,1e-05,0.0001,1,16,1,False,0.2,lr1e-05_bs32_modL1_fusion16_fusionL1_fusionBN0_drop0p2__wd1e-04trmiss40_trlocglobal,76,0.6510922809441885,0.6972743272781372,0.49604743083003955,0.5350771911879318,0.5111111111111111,0.0,0.0,0.0,0.0,0.0,0.0,0.0,0.0,0.0,,,,,18473,global,0.4
4,2,lr1e-05_bs32_modL1_fusion16_fusionL1_fusionBN0_drop0p2__wd1e-04trmiss40_trlocglobal,32,1e-05,0.0001,1,16,1,False,0.2,lr1e-05_bs32_modL1_fusion16_fusionL1_fusionBN0_drop0p2__wd1e-04trmiss40_trlocglobal,77,0.6450937787691752,0.6973115503787994,0.49604743083003955,0.5331913677652025,0.5111111111111111,0.0,0.0,0.0,0.0,0.0,0.0,0.0,0.0,0.0,,,,,18473,global,0.4
4,2,lr1e-05_bs32_modL1_fusion16_fusionL1_fusionBN0_drop0p2__wd1e-04trmiss40_trlocglobal,32,1e-05,0.0001,1,16,1,False,0.2,lr1e-05_bs32_modL1_fusion16_fusionL1_fusionBN0_drop0p2__wd1e-04trmiss40_trlocglobal,78,0.6464648147424062,0.6975976824760437,0.49604743083003955,0.5350771911879318,0.5111111111111111,0.0,0.0,0.0,0.0,0.0,0.0,0.0,0.0,0.0,,,,,18473,global,0.4
4,2,lr1e-05_bs32_modL1_fusion16_fusionL1_fusionBN0_drop0p2__wd1e-04trmiss40_trlocglobal,32,1e-05,0.0001,1,16,1,False,0.2,lr1e-05_bs32_modL1_fusion16_fusionL1_fusionBN0_drop0p2__wd1e-04trmiss40_trlocglobal,79,0.651238371928533,0.6970070600509644,0.492094861660079,0.5320081374794919,0.5111111111111111,0.0,0.0,0.0,0.0,0.0,0.0,0.0,0.0,0.0,,,,,18473,global,0.4
4,2,lr1e-05_bs32_modL1_fusion16_fusionL1_fusionBN0_drop0p2__wd1e-04trmiss40_trlocglobal,32,1e-05,0.0001,1,16,1,False,0.2,lr1e-05_bs32_modL1_fusion16_fusionL1_fusionBN0_drop0p2__wd1e-04trmiss40_trlocglobal,80,0.6499747733275095,0.6972589194774628,0.49209486166007904,0.5314756513101508,0.4888888888888889,0.0,0.0,0.0,0.0,0.0,0.0,0.0,0.0,0.0,,,,,18473,global,0.4
4,2,lr1e-05_bs32_modL1_fusion16_fusionL1_fusionBN0_drop0p1__wd1e-04trmiss40_trlocglobal,32,1e-05,0.0001,1,16,1,False,0.1,lr1e-05_bs32_modL1_fusion16_fusionL1_fusionBN0_drop0p1__wd1e-04trmiss40_trlocglobal,1,0.6893690129121145,0.6919978260993958,0.5335968379446641,0.55322130417022,0.5111111111111111,0.0,0.0,0.0,0.0,0.0,0.0,0.0,0.0,0.0,,,,,18473,global,0.4
4,2,lr1e-05_bs32_modL1_fusion16_fusionL1_fusionBN0_drop0p1__wd1e-04trmiss40_trlocglobal,32,1e-05,0.0001,1,16,1,False,0.1,lr1e-05_bs32_modL1_fusion16_fusionL1_fusionBN0_drop0p1__wd1e-04trmiss40_trlocglobal,2,0.6820031901200613,0.6916117072105408,0.5454545454545455,0.5558696117024922,0.5333333333333333,0.0,0.0,0.0,0.0,0.0,0.0,0.0,0.0,0.0,,,,,18473,global,0.4
4,2,lr1e-05_bs32_modL1_fusion16_fusionL1_fusionBN0_drop0p1__wd1e-04trmiss40_trlocglobal,32,1e-05,0.0001,1,16,1,False,0.1,lr1e-05_bs32_modL1_fusion16_fusionL1_fusionBN0_drop0p1__wd1e-04trmiss40_trlocglobal,3,0.6855957011381785,0.6913939118385315,0.5612648221343873,0.5650660424622221,0.5555555555555556,0.0,0.0,0.0,0.0,0.0,0.0,0.0,0.0,0.0,,,,,18473,global,0.4
4,2,lr1e-05_bs32_modL1_fusion16_fusionL1_fusionBN0_drop0p1__wd1e-04trmiss40_trlocglobal,32,1e-05,0.0001,1,16,1,False,0.1,lr1e-05_bs32_modL1_fusion16_fusionL1_fusionBN0_drop0p1__wd1e-04trmiss40_trlocglobal,4,0.6749896804491679,0.6922872066497803,0.5652173913043479,0.5678570134415685,0.5555555555555556,0.0,0.0,0.0,0.0,0.0,0.0,0.0,0.0,0.0,,,,,18473,global,0.4
4,2,lr1e-05_bs32_modL1_fusion16_fusionL1_fusionBN0_drop0p1__wd1e-04trmiss40_trlocglobal,32,1e-05,0.0001,1,16,1,False,0.1,lr1e-05_bs32_modL1_fusion16_fusionL1_fusionBN0_drop0p1__wd1e-04trmiss40_trlocglobal,5,0.6720147430896759,0.6931324303150177,0.5632411067193677,0.5666865029336404,0.5333333333333333,0.0,0.0,0.0,0.0,0.0,0.0,0.0,0.0,0.0,,,,,18473,global,0.4
4,2,lr1e-05_bs32_modL1_fusion16_fusionL1_fusionBN0_drop0p1__wd1e-04trmiss40_trlocglobal,32,1e-05,0.0001,1,16,1,False,0.1,lr1e-05_bs32_modL1_fusion16_fusionL1_fusionBN0_drop0p1__wd1e-04trmiss40_trlocglobal,6,0.6760514080524445,0.6939401030540466,0.5652173913043479,0.566644192181394,0.5333333333333333,0.0,0.0,0.0,0.0,0.0,0.0,0.0,0.0,0.0,,,,,18473,global,0.4
4,2,lr1e-05_bs32_modL1_fusion16_fusionL1_fusionBN0_drop0p1__wd1e-04trmiss40_trlocglobal,32,1e-05,0.0001,1,16,1,False,0.1,lr1e-05_bs32_modL1_fusion16_fusionL1_fusionBN0_drop0p1__wd1e-04trmiss40_trlocglobal,7,0.6792397499084473,0.693312406539917,0.5691699604743083,0.5661713109365503,0.5555555555555556,0.0,0.0,0.0,0.0,0.0,0.0,0.0,0.0,0.0,,,,,18473,global,0.4
4,2,lr1e-05_bs32_modL1_fusion16_fusionL1_fusionBN0_drop0p1__wd1e-04trmiss40_trlocglobal,32,1e-05,0.0001,1,16,1,False,0.1,lr1e-05_bs32_modL1_fusion16_fusionL1_fusionBN0_drop0p1__wd1e-04trmiss40_trlocglobal,8,0.6689262588818868,0.6932907998561859,0.5691699604743083,0.5654563477334018,0.5555555555555556,0.0,0.0,0.0,0.0,0.0,0.0,0.0,0.0,0.0,,,,,18473,global,0.4
4,2,lr1e-05_bs32_modL1_fusion16_fusionL1_fusionBN0_drop0p1__wd1e-04trmiss40_trlocglobal,32,1e-05,0.0001,1,16,1,False,0.1,lr1e-05_bs32_modL1_fusion16_fusionL1_fusionBN0_drop0p1__wd1e-04trmiss40_trlocglobal,9,0.665953665971756,0.6929226815700531,0.5691699604743083,0.5643934217134973,0.5555555555555556,0.0,0.0,0.0,0.0,0.0,0.0,0.0,0.0,0.0,,,,,18473,global,0.4
4,2,lr1e-05_bs32_modL1_fusion16_fusionL1_fusionBN0_drop0p1__wd1e-04trmiss40_trlocglobal,32,1e-05,0.0001,1,16,1,False,0.1,lr1e-05_bs32_modL1_fusion16_fusionL1_fusionBN0_drop0p1__wd1e-04trmiss40_trlocglobal,10,0.6653624375661215,0.6930446028709412,0.5632411067193676,0.5644035933322341,0.5555555555555556,0.0,0.0,0.0,0.0,0.0,0.0,0.0,0.0,0.0,,,,,18473,global,0.4
4,2,lr1e-05_bs32_modL1_fusion16_fusionL1_fusionBN0_drop0p1__wd1e-04trmiss40_trlocglobal,32,1e-05,0.0001,1,16,1,False,0.1,lr1e-05_bs32_modL1_fusion16_fusionL1_fusionBN0_drop0p1__wd1e-04trmiss40_trlocglobal,11,0.6566756864388784,0.6933157444000244,0.5671936758893281,0.565775330752273,0.5555555555555556,0.0,0.0,0.0,0.0,0.0,0.0,0.0,0.0,0.0,,,,,18473,global,0.4
4,2,lr1e-05_bs32_modL1_fusion16_fusionL1_fusionBN0_drop0p1__wd1e-04trmiss40_trlocglobal,32,1e-05,0.0001,1,16,1,False,0.1,lr1e-05_bs32_modL1_fusion16_fusionL1_fusionBN0_drop0p1__wd1e-04trmiss40_trlocglobal,12,0.6542951663335165,0.6929118633270264,0.5691699604743083,0.5665576100671611,0.5555555555555556,0.0,0.0,0.0,0.0,0.0,0.0,0.0,0.0,0.0,,,,,18473,global,0.4
4,2,lr1e-05_bs32_modL1_fusion16_fusionL1_fusionBN0_drop0p1__wd1e-04trmiss40_trlocglobal,32,1e-05,0.0001,1,16,1,False,0.1,lr1e-05_bs32_modL1_fusion16_fusionL1_fusionBN0_drop0p1__wd1e-04trmiss40_trlocglobal,13,0.6510902345180511,0.6927362978458405,0.5731225296442687,0.5681884904165768,0.5555555555555556,0.0,0.0,0.0,0.0,0.0,0.0,0.0,0.0,0.0,,,,,18473,global,0.4
4,2,lr1e-05_bs32_modL1_fusion16_fusionL1_fusionBN0_drop0p1__wd1e-04trmiss40_trlocglobal,32,1e-05,0.0001,1,16,1,False,0.1,lr1e-05_bs32_modL1_fusion16_fusionL1_fusionBN0_drop0p1__wd1e-04trmiss40_trlocglobal,14,0.6487761239210764,0.6917975544929504,0.575098814229249,0.5697368615301653,0.5555555555555556,0.0,0.0,0.0,0.0,0.0,0.0,0.0,0.0,0.0,,,,,18473,global,0.4
4,2,lr1e-05_bs32_modL1_fusion16_fusionL1_fusionBN0_drop0p1__wd1e-04trmiss40_trlocglobal,32,1e-05,0.0001,1,16,1,False,0.1,lr1e-05_bs32_modL1_fusion16_fusionL1_fusionBN0_drop0p1__wd1e-04trmiss40_trlocglobal,15,0.6572701831658682,0.6921029686927795,0.5711462450592885,0.5672683155833586,0.5555555555555556,0.0,0.0,0.0,0.0,0.0,0.0,0.0,0.0,0.0,,,,,18473,global,0.4
4,2,lr1e-05_bs32_modL1_fusion16_fusionL1_fusionBN0_drop0p1__wd1e-04trmiss40_trlocglobal,32,1e-05,0.0001,1,16,1,False,0.1,lr1e-05_bs32_modL1_fusion16_fusionL1_fusionBN0_drop0p1__wd1e-04trmiss40_trlocglobal,16,0.653692901134491,0.6921186447143555,0.5790513833992095,0.5752506459913183,0.5555555555555556,0.0,0.0,0.0,0.0,0.0,0.0,0.0,0.0,0.0,,,,,18473,global,0.4
4,2,lr1e-05_bs32_modL1_fusion16_fusionL1_fusionBN0_drop0p1__wd1e-04trmiss40_trlocglobal,32,1e-05,0.0001,1,16,1,False,0.1,lr1e-05_bs32_modL1_fusion16_fusionL1_fusionBN0_drop0p1__wd1e-04trmiss40_trlocglobal,17,0.650630533695221,0.6923837959766388,0.5790513833992095,0.5739676758967978,0.5555555555555556,0.0,0.0,0.0,0.0,0.0,0.0,0.0,0.0,0.0,,,,,18473,global,0.4
4,2,lr1e-05_bs32_modL1_fusion16_fusionL1_fusionBN0_drop0p1__wd1e-04trmiss40_trlocglobal,32,1e-05,0.0001,1,16,1,False,0.1,lr1e-05_bs32_modL1_fusion16_fusionL1_fusionBN0_drop0p1__wd1e-04trmiss40_trlocglobal,18,0.6475182871023814,0.6912168562412262,0.5790513833992095,0.5737777295902812,0.5555555555555556,0.0,0.0,0.0,0.0,0.0,0.0,0.0,0.0,0.0,,,,,18473,global,0.4
4,2,lr1e-05_bs32_modL1_fusion16_fusionL1_fusionBN0_drop0p1__wd1e-04trmiss40_trlocglobal,32,1e-05,0.0001,1,16,1,False,0.1,lr1e-05_bs32_modL1_fusion16_fusionL1_fusionBN0_drop0p1__wd1e-04trmiss40_trlocglobal,19,0.6461207767327627,0.6907781958580017,0.5770750988142292,0.5708791788656435,0.5555555555555556,0.0,0.0,0.0,0.0,0.0,0.0,0.0,0.0,0.0,,,,,18473,global,0.4
4,2,lr1e-05_bs32_modL1_fusion16_fusionL1_fusionBN0_drop0p1__wd1e-04trmiss40_trlocglobal,32,1e-05,0.0001,1,16,1,False,0.1,lr1e-05_bs32_modL1_fusion16_fusionL1_fusionBN0_drop0p1__wd1e-04trmiss40_trlocglobal,20,0.646681030591329,0.6900952160358429,0.575098814229249,0.5688014094269034,0.5555555555555556,0.0,0.0,0.0,0.0,0.0,0.0,0.0,0.0,0.0,,,,,18473,global,0.4
4,2,lr1e-05_bs32_modL1_fusion16_fusionL1_fusionBN0_drop0p1__wd1e-04trmiss40_trlocglobal,32,1e-05,0.0001,1,16,1,False,0.1,lr1e-05_bs32_modL1_fusion16_fusionL1_fusionBN0_drop0p1__wd1e-04trmiss40_trlocglobal,21,0.6490549743175507,0.689692348241806,0.5731225296442688,0.5672550021564429,0.5333333333333333,0.0,0.0,0.0,0.0,0.0,0.0,0.0,0.0,0.0,,,,,18473,global,0.4
4,2,lr1e-05_bs32_modL1_fusion16_fusionL1_fusionBN0_drop0p1__wd1e-04trmiss40_trlocglobal,32,1e-05,0.0001,1,16,1,False,0.1,lr1e-05_bs32_modL1_fusion16_fusionL1_fusionBN0_drop0p1__wd1e-04trmiss40_trlocglobal,22,0.6509575247764587,0.688957691192627,0.5612648221343874,0.5606833294076046,0.5333333333333333,0.0,0.0,0.0,0.0,0.0,0.0,0.0,0.0,0.0,,,,,18473,global,0.4
4,2,lr1e-05_bs32_modL1_fusion16_fusionL1_fusionBN0_drop0p1__wd1e-04trmiss40_trlocglobal,32,1e-05,0.0001,1,16,1,False,0.1,lr1e-05_bs32_modL1_fusion16_fusionL1_fusionBN0_drop0p1__wd1e-04trmiss40_trlocglobal,23,0.6417645911375681,0.6887475550174713,0.5632411067193677,0.563020374860644,0.5333333333333333,0.0,0.0,0.0,0.0,0.0,0.0,0.0,0.0,0.0,,,,,18473,global,0.4
4,2,lr1e-05_bs32_modL1_fusion16_fusionL1_fusionBN0_drop0p1__wd1e-04trmiss40_trlocglobal,32,1e-05,0.0001,1,16,1,False,0.1,lr1e-05_bs32_modL1_fusion16_fusionL1_fusionBN0_drop0p1__wd1e-04trmiss40_trlocglobal,24,0.6401735345522562,0.6881439685821533,0.5691699604743083,0.5673756955842512,0.5555555555555556,0.0,0.0,0.0,0.0,0.0,0.0,0.0,0.0,0.0,,,,,18473,global,0.4
4,2,lr1e-05_bs32_modL1_fusion16_fusionL1_fusionBN0_drop0p1__wd1e-04trmiss40_trlocglobal,32,1e-05,0.0001,1,16,1,False,0.1,lr1e-05_bs32_modL1_fusion16_fusionL1_fusionBN0_drop0p1__wd1e-04trmiss40_trlocglobal,25,0.6392903923988342,0.6879522204399109,0.5671936758893281,0.5650700302351076,0.5555555555555556,0.0,0.0,0.0,0.0,0.0,0.0,0.0,0.0,0.0,,,,,18473,global,0.4
4,2,lr1e-05_bs32_modL1_fusion16_fusionL1_fusionBN0_drop0p1__wd1e-04trmiss40_trlocglobal,32,1e-05,0.0001,1,16,1,False,0.1,lr1e-05_bs32_modL1_fusion16_fusionL1_fusionBN0_drop0p1__wd1e-04trmiss40_trlocglobal,26,0.6375819643338522,0.6877549588680267,0.5731225296442688,0.5687035534624523,0.5555555555555556,0.0,0.0,0.0,0.0,0.0,0.0,0.0,0.0,0.0,,,,,18473,global,0.4
4,2,lr1e-05_bs32_modL1_fusion16_fusionL1_fusionBN0_drop0p1__wd1e-04trmiss40_trlocglobal,32,1e-05,0.0001,1,16,1,False,0.1,lr1e-05_bs32_modL1_fusion16_fusionL1_fusionBN0_drop0p1__wd1e-04trmiss40_trlocglobal,27,0.637861450513204,0.6875057518482208,0.5711462450592886,0.5663978881133086,0.5555555555555556,0.0,0.0,0.0,0.0,0.0,0.0,0.0,0.0,0.0,,,,,18473,global,0.4
4,2,lr1e-05_bs32_modL1_fusion16_fusionL1_fusionBN0_drop0p1__wd1e-04trmiss40_trlocglobal,32,1e-05,0.0001,1,16,1,False,0.1,lr1e-05_bs32_modL1_fusion16_fusionL1_fusionBN0_drop0p1__wd1e-04trmiss40_trlocglobal,28,0.6372589369614919,0.6871860921382904,0.5691699604743083,0.5655483129009149,0.5555555555555556,0.0,0.0,0.0,0.0,0.0,0.0,0.0,0.0,0.0,,,,,18473,global,0.4
4,2,lr1e-05_bs32_modL1_fusion16_fusionL1_fusionBN0_drop0p1__wd1e-04trmiss40_trlocglobal,32,1e-05,0.0001,1,16,1,False,0.1,lr1e-05_bs32_modL1_fusion16_fusionL1_fusionBN0_drop0p1__wd1e-04trmiss40_trlocglobal,29,0.6290584007898966,0.6862227916717529,0.5652173913043478,0.5632462925210914,0.5555555555555556,0.0,0.0,0.0,0.0,0.0,0.0,0.0,0.0,0.0,,,,,18473,global,0.4
4,2,lr1e-05_bs32_modL1_fusion16_fusionL1_fusionBN0_drop0p1__wd1e-04trmiss40_trlocglobal,32,1e-05,0.0001,1,16,1,False,0.1,lr1e-05_bs32_modL1_fusion16_fusionL1_fusionBN0_drop0p1__wd1e-04trmiss40_trlocglobal,30,0.6290683845678965,0.6863849759101868,0.5711462450592886,0.5683116692783395,0.5555555555555556,0.0,0.0,0.0,0.0,0.0,0.0,0.0,0.0,0.0,,,,,18473,global,0.4
4,2,lr1e-05_bs32_modL1_fusion16_fusionL1_fusionBN0_drop0p1__wd1e-04trmiss40_trlocglobal,32,1e-05,0.0001,1,16,1,False,0.1,lr1e-05_bs32_modL1_fusion16_fusionL1_fusionBN0_drop0p1__wd1e-04trmiss40_trlocglobal,31,0.6276865899562836,0.6859088838100433,0.5691699604743082,0.5652923456068419,0.5555555555555556,0.0,0.0,0.0,0.0,0.0,0.0,0.0,0.0,0.0,,,,,18473,global,0.4
4,2,lr1e-05_bs32_modL1_fusion16_fusionL1_fusionBN0_drop0p1__wd1e-04trmiss40_trlocglobal,32,1e-05,0.0001,1,16,1,False,0.1,lr1e-05_bs32_modL1_fusion16_fusionL1_fusionBN0_drop0p1__wd1e-04trmiss40_trlocglobal,32,0.6293462713559469,0.6847583949565887,0.5711462450592886,0.565581973520158,0.5555555555555556,0.0,0.0,0.0,0.0,0.0,0.0,0.0,0.0,0.0,,,,,18473,global,0.4
4,2,lr1e-05_bs32_modL1_fusion16_fusionL1_fusionBN0_drop0p1__wd1e-04trmiss40_trlocglobal,32,1e-05,0.0001,1,16,1,False,0.1,lr1e-05_bs32_modL1_fusion16_fusionL1_fusionBN0_drop0p1__wd1e-04trmiss40_trlocglobal,33,0.6320023934046427,0.6844331324100494,0.5731225296442688,0.5663526385356742,0.5555555555555556,0.0,0.0,0.0,0.0,0.0,0.0,0.0,0.0,0.0,,,,,18473,global,0.4
4,2,lr1e-05_bs32_modL1_fusion16_fusionL1_fusionBN0_drop0p1__wd1e-04trmiss40_trlocglobal,32,1e-05,0.0001,1,16,1,False,0.1,lr1e-05_bs32_modL1_fusion16_fusionL1_fusionBN0_drop0p1__wd1e-04trmiss40_trlocglobal,34,0.6327901482582092,0.6843179762363434,0.5711462450592886,0.5648483860468865,0.5333333333333333,0.0,0.0,0.0,0.0,0.0,0.0,0.0,0.0,0.0,,,,,18473,global,0.4
4,2,lr1e-05_bs32_modL1_fusion16_fusionL1_fusionBN0_drop0p1__wd1e-04trmiss40_trlocglobal,32,1e-05,0.0001,1,16,1,False,0.1,lr1e-05_bs32_modL1_fusion16_fusionL1_fusionBN0_drop0p1__wd1e-04trmiss40_trlocglobal,35,0.6257435282071432,0.683822512626648,0.5770750988142292,0.569492157293042,0.5333333333333333,0.0,0.0,0.0,0.0,0.0,0.0,0.0,0.0,0.0,,,,,18473,global,0.4
4,2,lr1e-05_bs32_modL1_fusion16_fusionL1_fusionBN0_drop0p1__wd1e-04trmiss40_trlocglobal,32,1e-05,0.0001,1,16,1,False,0.1,lr1e-05_bs32_modL1_fusion16_fusionL1_fusionBN0_drop0p1__wd1e-04trmiss40_trlocglobal,36,0.6282473603884379,0.6825715899467468,0.5770750988142292,0.5691572103382648,0.5333333333333333,0.0,0.0,0.0,0.0,0.0,0.0,0.0,0.0,0.0,,,,,18473,global,0.4
4,2,lr1e-05_bs32_modL1_fusion16_fusionL1_fusionBN0_drop0p1__wd1e-04trmiss40_trlocglobal,32,1e-05,0.0001,1,16,1,False,0.1,lr1e-05_bs32_modL1_fusion16_fusionL1_fusionBN0_drop0p1__wd1e-04trmiss40_trlocglobal,37,0.6305759151776632,0.6828617751598358,0.575098814229249,0.5670813252039087,0.5333333333333333,0.0,0.0,0.0,0.0,0.0,0.0,0.0,0.0,0.0,,,,,18473,global,0.4
4,2,lr1e-05_bs32_modL1_fusion16_fusionL1_fusionBN0_drop0p1__wd1e-04trmiss40_trlocglobal,32,1e-05,0.0001,1,16,1,False,0.1,lr1e-05_bs32_modL1_fusion16_fusionL1_fusionBN0_drop0p1__wd1e-04trmiss40_trlocglobal,38,0.6275681654612223,0.6826981604099274,0.5810276679841897,0.570784683737135,0.5333333333333333,0.0,0.0,0.0,0.0,0.0,0.0,0.0,0.0,0.0,,,,,18473,global,0.4
4,2,lr1e-05_bs32_modL1_fusion16_fusionL1_fusionBN0_drop0p1__wd1e-04trmiss40_trlocglobal,32,1e-05,0.0001,1,16,1,False,0.1,lr1e-05_bs32_modL1_fusion16_fusionL1_fusionBN0_drop0p1__wd1e-04trmiss40_trlocglobal,39,0.6239362061023712,0.6825745403766632,0.5810276679841897,0.5707384687189706,0.5333333333333333,0.0,0.0,0.0,0.0,0.0,0.0,0.0,0.0,0.0,,,,,18473,global,0.4
4,2,lr1e-05_bs32_modL1_fusion16_fusionL1_fusionBN0_drop0p1__wd1e-04trmiss40_trlocglobal,32,1e-05,0.0001,1,16,1,False,0.1,lr1e-05_bs32_modL1_fusion16_fusionL1_fusionBN0_drop0p1__wd1e-04trmiss40_trlocglobal,40,0.632083664337794,0.6821038722991943,0.5849802371541502,0.5762978671194484,0.5555555555555556,0.0,0.0,0.0,0.0,0.0,0.0,0.0,0.0,0.0,,,,,18473,global,0.4
4,2,lr1e-05_bs32_modL1_fusion16_fusionL1_fusionBN0_drop0p1__wd1e-04trmiss40_trlocglobal,32,1e-05,0.0001,1,16,1,False,0.1,lr1e-05_bs32_modL1_fusion16_fusionL1_fusionBN0_drop0p1__wd1e-04trmiss40_trlocglobal,41,0.6216125388940176,0.6816378831863403,0.5849802371541502,0.5788344207429585,0.5333333333333333,0.0,0.0,0.0,0.0,0.0,0.0,0.0,0.0,0.0,,,,,18473,global,0.4
4,2,lr1e-05_bs32_modL1_fusion16_fusionL1_fusionBN0_drop0p1__wd1e-04trmiss40_trlocglobal,32,1e-05,0.0001,1,16,1,False,0.1,lr1e-05_bs32_modL1_fusion16_fusionL1_fusionBN0_drop0p1__wd1e-04trmiss40_trlocglobal,42,0.6212909619013468,0.6818492412567139,0.5849802371541502,0.5721733282123008,0.5333333333333333,0.0,0.0,0.0,0.0,0.0,0.0,0.0,0.0,0.0,,,,,18473,global,0.4
4,2,lr1e-05_bs32_modL1_fusion16_fusionL1_fusionBN0_drop0p1__wd1e-04trmiss40_trlocglobal,32,1e-05,0.0001,1,16,1,False,0.1,lr1e-05_bs32_modL1_fusion16_fusionL1_fusionBN0_drop0p1__wd1e-04trmiss40_trlocglobal,43,0.6213167707125345,0.6808506846427917,0.5869565217391304,0.5797478153853916,0.5333333333333333,0.0,0.0,0.0,0.0,0.0,0.0,0.0,0.0,0.0,,,,,18473,global,0.4
4,2,lr1e-05_bs32_modL1_fusion16_fusionL1_fusionBN0_drop0p1__wd1e-04trmiss40_trlocglobal,32,1e-05,0.0001,1,16,1,False,0.1,lr1e-05_bs32_modL1_fusion16_fusionL1_fusionBN0_drop0p1__wd1e-04trmiss40_trlocglobal,44,0.6196748713652293,0.6809219419956207,0.5869565217391304,0.5794197050238951,0.5333333333333333,0.0,0.0,0.0,0.0,0.0,0.0,0.0,0.0,0.0,,,,,18473,global,0.4
4,2,lr1e-05_bs32_modL1_fusion16_fusionL1_fusionBN0_drop0p1__wd1e-04trmiss40_trlocglobal,32,1e-05,0.0001,1,16,1,False,0.1,lr1e-05_bs32_modL1_fusion16_fusionL1_fusionBN0_drop0p1__wd1e-04trmiss40_trlocglobal,45,0.624121348063151,0.6813104450702667,0.5810276679841897,0.5687987899912152,0.5333333333333333,0.0,0.0,0.0,0.0,0.0,0.0,0.0,0.0,0.0,,,,,18473,global,0.4
4,2,lr1e-05_bs32_modL1_fusion16_fusionL1_fusionBN0_drop0p1__wd1e-04trmiss40_trlocglobal,32,1e-05,0.0001,1,16,1,False,0.1,lr1e-05_bs32_modL1_fusion16_fusionL1_fusionBN0_drop0p1__wd1e-04trmiss40_trlocglobal,46,0.6224190791447958,0.6810527443885803,0.5810276679841897,0.5704035781666886,0.5333333333333333,0.0,0.0,0.0,0.0,0.0,0.0,0.0,0.0,0.0,,,,,18473,global,0.4
4,2,lr1e-05_bs32_modL1_fusion16_fusionL1_fusionBN0_drop0p1__wd1e-04trmiss40_trlocglobal,32,1e-05,0.0001,1,16,1,False,0.1,lr1e-05_bs32_modL1_fusion16_fusionL1_fusionBN0_drop0p1__wd1e-04trmiss40_trlocglobal,47,0.6188054780165354,0.680161327123642,0.5909090909090909,0.586588471478236,0.5333333333333333,0.0,0.0,0.0,0.0,0.0,0.0,0.0,0.0,0.0,,,,,18473,global,0.4
4,2,lr1e-05_bs32_modL1_fusion16_fusionL1_fusionBN0_drop0p1__wd1e-04trmiss40_trlocglobal,32,1e-05,0.0001,1,16,1,False,0.1,lr1e-05_bs32_modL1_fusion16_fusionL1_fusionBN0_drop0p1__wd1e-04trmiss40_trlocglobal,48,0.6135456760724386,0.6801283061504364,0.5830039525691699,0.5812373831626275,0.5333333333333333,0.0,0.0,0.0,0.0,0.0,0.0,0.0,0.0,0.0,,,,,18473,global,0.4
4,2,lr1e-05_bs32_modL1_fusion16_fusionL1_fusionBN0_drop0p1__wd1e-04trmiss40_trlocglobal,32,1e-05,0.0001,1,16,1,False,0.1,lr1e-05_bs32_modL1_fusion16_fusionL1_fusionBN0_drop0p1__wd1e-04trmiss40_trlocglobal,49,0.61311008532842,0.6795667111873627,0.5889328063241107,0.584706277654513,0.5333333333333333,0.0,0.0,0.0,0.0,0.0,0.0,0.0,0.0,0.0,,,,,18473,global,0.4
4,2,lr1e-05_bs32_modL1_fusion16_fusionL1_fusionBN0_drop0p1__wd1e-04trmiss40_trlocglobal,32,1e-05,0.0001,1,16,1,False,0.1,lr1e-05_bs32_modL1_fusion16_fusionL1_fusionBN0_drop0p1__wd1e-04trmiss40_trlocglobal,50,0.6109579801559448,0.679299384355545,0.5889328063241107,0.5826358842797718,0.5333333333333333,0.0,0.0,0.0,0.0,0.0,0.0,0.0,0.0,0.0,,,,,18473,global,0.4
4,2,lr1e-05_bs32_modL1_fusion16_fusionL1_fusionBN0_drop0p1__wd1e-04trmiss40_trlocglobal,32,1e-05,0.0001,1,16,1,False,0.1,lr1e-05_bs32_modL1_fusion16_fusionL1_fusionBN0_drop0p1__wd1e-04trmiss40_trlocglobal,51,0.6125334799289703,0.6786979734897614,0.5909090909090909,0.5865178718574116,0.5333333333333333,0.0,0.0,0.0,0.0,0.0,0.0,0.0,0.0,0.0,,,,,18473,global,0.4
4,2,lr1e-05_bs32_modL1_fusion16_fusionL1_fusionBN0_drop0p1__wd1e-04trmiss40_trlocglobal,32,1e-05,0.0001,1,16,1,False,0.1,lr1e-05_bs32_modL1_fusion16_fusionL1_fusionBN0_drop0p1__wd1e-04trmiss40_trlocglobal,52,0.6174020767211914,0.6788824498653412,0.5889328063241107,0.5849549278392245,0.5333333333333333,0.0,0.0,0.0,0.0,0.0,0.0,0.0,0.0,0.0,,,,,18473,global,0.4
4,2,lr1e-05_bs32_modL1_fusion16_fusionL1_fusionBN0_drop0p1__wd1e-04trmiss40_trlocglobal,32,1e-05,0.0001,1,16,1,False,0.1,lr1e-05_bs32_modL1_fusion16_fusionL1_fusionBN0_drop0p1__wd1e-04trmiss40_trlocglobal,53,0.6111700932184855,0.6785743832588196,0.5869565217391304,0.5838567024421192,0.5333333333333333,0.0,0.0,0.0,0.0,0.0,0.0,0.0,0.0,0.0,,,,,18473,global,0.4
4,2,lr1e-05_bs32_modL1_fusion16_fusionL1_fusionBN0_drop0p1__wd1e-04trmiss40_trlocglobal,32,1e-05,0.0001,1,16,1,False,0.1,lr1e-05_bs32_modL1_fusion16_fusionL1_fusionBN0_drop0p1__wd1e-04trmiss40_trlocglobal,54,0.6160469849904379,0.6786874830722809,0.5909090909090908,0.5878579626815646,0.5333333333333333,0.0,0.0,0.0,0.0,0.0,0.0,0.0,0.0,0.0,,,,,18473,global,0.4
4,2,lr1e-05_bs32_modL1_fusion16_fusionL1_fusionBN0_drop0p1__wd1e-04trmiss40_trlocglobal,32,1e-05,0.0001,1,16,1,False,0.1,lr1e-05_bs32_modL1_fusion16_fusionL1_fusionBN0_drop0p1__wd1e-04trmiss40_trlocglobal,55,0.6153486669063568,0.6789652705192566,0.5889328063241106,0.5819931150948031,0.5333333333333333,0.0,0.0,0.0,0.0,0.0,0.0,0.0,0.0,0.0,,,,,18473,global,0.4
4,2,lr1e-05_bs32_modL1_fusion16_fusionL1_fusionBN0_drop0p1__wd1e-04trmiss40_trlocglobal,32,1e-05,0.0001,1,16,1,False,0.1,lr1e-05_bs32_modL1_fusion16_fusionL1_fusionBN0_drop0p1__wd1e-04trmiss40_trlocglobal,56,0.6094100077946981,0.678907722234726,0.5889328063241107,0.5849549278392245,0.5333333333333333,0.0,0.0,0.0,0.0,0.0,0.0,0.0,0.0,0.0,,,,,18473,global,0.4
4,2,lr1e-05_bs32_modL1_fusion16_fusionL1_fusionBN0_drop0p1__wd1e-04trmiss40_trlocglobal,32,1e-05,0.0001,1,16,1,False,0.1,lr1e-05_bs32_modL1_fusion16_fusionL1_fusionBN0_drop0p1__wd1e-04trmiss40_trlocglobal,57,0.6188176572322845,0.6785816550254822,0.5889328063241107,0.5826358842797718,0.5333333333333333,0.0,0.0,0.0,0.0,0.0,0.0,0.0,0.0,0.0,,,,,18473,global,0.4
4,2,lr1e-05_bs32_modL1_fusion16_fusionL1_fusionBN0_drop0p1__wd1e-04trmiss40_trlocglobal,32,1e-05,0.0001,1,16,1,False,0.1,lr1e-05_bs32_modL1_fusion16_fusionL1_fusionBN0_drop0p1__wd1e-04trmiss40_trlocglobal,58,0.6151254077752432,0.6787241697311401,0.5849802371541502,0.5832714181611828,0.5333333333333333,0.0,0.0,0.0,0.0,0.0,0.0,0.0,0.0,0.0,,,,,18473,global,0.4
4,2,lr1e-05_bs32_modL1_fusion16_fusionL1_fusionBN0_drop0p1__wd1e-04trmiss40_trlocglobal,32,1e-05,0.0001,1,16,1,False,0.1,lr1e-05_bs32_modL1_fusion16_fusionL1_fusionBN0_drop0p1__wd1e-04trmiss40_trlocglobal,59,0.6113542914390564,0.677907794713974,0.5909090909090909,0.5876048283791506,0.5333333333333333,0.0,0.0,0.0,0.0,0.0,0.0,0.0,0.0,0.0,,,,,18473,global,0.4
4,2,lr1e-05_bs32_modL1_fusion16_fusionL1_fusionBN0_drop0p1__wd1e-04trmiss40_trlocglobal,32,1e-05,0.0001,1,16,1,False,0.1,lr1e-05_bs32_modL1_fusion16_fusionL1_fusionBN0_drop0p1__wd1e-04trmiss40_trlocglobal,60,0.60850856701533,0.6774663627147675,0.5928853754940712,0.5907677822815686,0.5333333333333333,0.0,0.0,0.0,0.0,0.0,0.0,0.0,0.0,0.0,,,,,18473,global,0.4
4,2,lr1e-05_bs32_modL1_fusion16_fusionL1_fusionBN0_drop0p1__wd1e-04trmiss40_trlocglobal,32,1e-05,0.0001,1,16,1,False,0.1,lr1e-05_bs32_modL1_fusion16_fusionL1_fusionBN0_drop0p1__wd1e-04trmiss40_trlocglobal,61,0.6131594280401865,0.6775927543640137,0.5948616600790514,0.5921481916181661,0.5333333333333333,0.0,0.0,0.0,0.0,0.0,0.0,0.0,0.0,0.0,,,,,18473,global,0.4
4,2,lr1e-05_bs32_modL1_fusion16_fusionL1_fusionBN0_drop0p1__wd1e-04trmiss40_trlocglobal,32,1e-05,0.0001,1,16,1,False,0.1,lr1e-05_bs32_modL1_fusion16_fusionL1_fusionBN0_drop0p1__wd1e-04trmiss40_trlocglobal,62,0.6088583469390869,0.6780731678009033,0.5889328063241107,0.5837228408015109,0.5333333333333333,0.0,0.0,0.0,0.0,0.0,0.0,0.0,0.0,0.0,,,,,18473,global,0.4
4,2,lr1e-05_bs32_modL1_fusion16_fusionL1_fusionBN0_drop0p1__wd1e-04trmiss40_trlocglobal,32,1e-05,0.0001,1,16,1,False,0.1,lr1e-05_bs32_modL1_fusion16_fusionL1_fusionBN0_drop0p1__wd1e-04trmiss40_trlocglobal,63,0.6063624521096548,0.6777684390544891,0.5889328063241106,0.5830800716165422,0.5333333333333333,0.0,0.0,0.0,0.0,0.0,0.0,0.0,0.0,0.0,,,,,18473,global,0.4
4,2,lr1e-05_bs32_modL1_fusion16_fusionL1_fusionBN0_drop0p1__wd1e-04trmiss40_trlocglobal,32,1e-05,0.0001,1,16,1,False,0.1,lr1e-05_bs32_modL1_fusion16_fusionL1_fusionBN0_drop0p1__wd1e-04trmiss40_trlocglobal,64,0.6120759348074595,0.6778254806995392,0.5889328063241106,0.5832626062981318,0.5333333333333333,0.0,0.0,0.0,0.0,0.0,0.0,0.0,0.0,0.0,,,,,18473,global,0.4
4,2,lr1e-05_bs32_modL1_fusion16_fusionL1_fusionBN0_drop0p1__wd1e-04trmiss40_trlocglobal,32,1e-05,0.0001,1,16,1,False,0.1,lr1e-05_bs32_modL1_fusion16_fusionL1_fusionBN0_drop0p1__wd1e-04trmiss40_trlocglobal,65,0.6123275756835938,0.6776538193225861,0.5889328063241106,0.5862950186633776,0.5333333333333333,0.0,0.0,0.0,0.0,0.0,0.0,0.0,0.0,0.0,,,,,18473,global,0.4
4,2,lr1e-05_bs32_modL1_fusion16_fusionL1_fusionBN0_drop0p1__wd1e-04trmiss40_trlocglobal,32,1e-05,0.0001,1,16,1,False,0.1,lr1e-05_bs32_modL1_fusion16_fusionL1_fusionBN0_drop0p1__wd1e-04trmiss40_trlocglobal,66,0.611899067958196,0.6774387657642365,0.5889328063241106,0.5860426526563808,0.5333333333333333,0.0,0.0,0.0,0.0,0.0,0.0,0.0,0.0,0.0,,,,,18473,global,0.4
4,2,lr1e-05_bs32_modL1_fusion16_fusionL1_fusionBN0_drop0p1__wd1e-04trmiss40_trlocglobal,32,1e-05,0.0001,1,16,1,False,0.1,lr1e-05_bs32_modL1_fusion16_fusionL1_fusionBN0_drop0p1__wd1e-04trmiss40_trlocglobal,67,0.6105727553367615,0.6773534417152405,0.5909090909090909,0.5868922278687746,0.5333333333333333,0.0,0.0,0.0,0.0,0.0,0.0,0.0,0.0,0.0,,,,,18473,global,0.4
4,2,lr1e-05_bs32_modL1_fusion16_fusionL1_fusionBN0_drop0p1__wd1e-04trmiss40_trlocglobal,32,1e-05,0.0001,1,16,1,False,0.1,lr1e-05_bs32_modL1_fusion16_fusionL1_fusionBN0_drop0p1__wd1e-04trmiss40_trlocglobal,68,0.6051580806573232,0.6777082085609436,0.5889328063241106,0.5860426526563808,0.5333333333333333,0.0,0.0,0.0,0.0,0.0,0.0,0.0,0.0,0.0,,,,,18473,global,0.4
4,2,lr1e-05_bs32_modL1_fusion16_fusionL1_fusionBN0_drop0p1__wd1e-04trmiss40_trlocglobal,32,1e-05,0.0001,1,16,1,False,0.1,lr1e-05_bs32_modL1_fusion16_fusionL1_fusionBN0_drop0p1__wd1e-04trmiss40_trlocglobal,69,0.6103518108526865,0.6774018406867981,0.5948616600790514,0.5912974177960373,0.5333333333333333,0.0,0.0,0.0,0.0,0.0,0.0,0.0,0.0,0.0,,,,,18473,global,0.4
4,2,lr1e-05_bs32_modL1_fusion16_fusionL1_fusionBN0_drop0p1__wd1e-04trmiss40_trlocglobal,32,1e-05,0.0001,1,16,1,False,0.1,lr1e-05_bs32_modL1_fusion16_fusionL1_fusionBN0_drop0p1__wd1e-04trmiss40_trlocglobal,70,0.6024278203646342,0.6771061718463898,0.5928853754940712,0.5909279946644658,0.5333333333333333,0.0,0.0,0.0,0.0,0.0,0.0,0.0,0.0,0.0,,,,,18473,global,0.4
4,2,lr1e-05_bs32_modL1_fusion16_fusionL1_fusionBN0_drop0p1__wd1e-04trmiss40_trlocglobal,32,1e-05,0.0001,1,16,1,False,0.1,lr1e-05_bs32_modL1_fusion16_fusionL1_fusionBN0_drop0p1__wd1e-04trmiss40_trlocglobal,71,0.6010524133841196,0.6769199371337891,0.5968379446640316,0.593822380804729,0.5333333333333333,0.0,0.0,0.0,0.0,0.0,0.0,0.0,0.0,0.0,,,,,18473,global,0.4
4,2,lr1e-05_bs32_modL1_fusion16_fusionL1_fusionBN0_drop0p1__wd1e-04trmiss40_trlocglobal,32,1e-05,0.0001,1,16,1,False,0.1,lr1e-05_bs32_modL1_fusion16_fusionL1_fusionBN0_drop0p1__wd1e-04trmiss40_trlocglobal,72,0.6126896838347117,0.6771411001682281,0.5889328063241106,0.5861420176895833,0.5333333333333333,0.0,0.0,0.0,0.0,0.0,0.0,0.0,0.0,0.0,,,,,18473,global,0.4
4,2,lr1e-05_bs32_modL1_fusion16_fusionL1_fusionBN0_drop0p1__wd1e-04trmiss40_trlocglobal,32,1e-05,0.0001,1,16,1,False,0.1,lr1e-05_bs32_modL1_fusion16_fusionL1_fusionBN0_drop0p1__wd1e-04trmiss40_trlocglobal,73,0.6034284830093384,0.67727330327034,0.5909090909090908,0.5891224369104117,0.5333333333333333,0.0,0.0,0.0,0.0,0.0,0.0,0.0,0.0,0.0,,,,,18473,global,0.4
4,2,lr1e-05_bs32_modL1_fusion16_fusionL1_fusionBN0_drop0p1__wd1e-04trmiss40_trlocglobal,32,1e-05,0.0001,1,16,1,False,0.1,lr1e-05_bs32_modL1_fusion16_fusionL1_fusionBN0_drop0p1__wd1e-04trmiss40_trlocglobal,74,0.6097669998804728,0.6771517395973206,0.5889328063241106,0.5855824181530017,0.5333333333333333,0.0,0.0,0.0,0.0,0.0,0.0,0.0,0.0,0.0,,,,,18473,global,0.4
4,2,lr1e-05_bs32_modL1_fusion16_fusionL1_fusionBN0_drop0p1__wd1e-04trmiss40_trlocglobal,32,1e-05,0.0001,1,16,1,False,0.1,lr1e-05_bs32_modL1_fusion16_fusionL1_fusionBN0_drop0p1__wd1e-04trmiss40_trlocglobal,75,0.6031489968299866,0.6772184371948242,0.5909090909090909,0.5865715198754323,0.5333333333333333,0.0,0.0,0.0,0.0,0.0,0.0,0.0,0.0,0.0,,,,,18473,global,0.4
4,2,lr1e-05_bs32_modL1_fusion16_fusionL1_fusionBN0_drop0p1__wd1e-04trmiss40_trlocglobal,32,1e-05,0.0001,1,16,1,False,0.1,lr1e-05_bs32_modL1_fusion16_fusionL1_fusionBN0_drop0p1__wd1e-04trmiss40_trlocglobal,76,0.6127184132734934,0.6771366596221924,0.5889328063241106,0.5855824181530017,0.5333333333333333,0.0,0.0,0.0,0.0,0.0,0.0,0.0,0.0,0.0,,,,,18473,global,0.4
4,2,lr1e-05_bs32_modL1_fusion16_fusionL1_fusionBN0_drop0p1__wd1e-04trmiss40_trlocglobal,32,1e-05,0.0001,1,16,1,False,0.1,lr1e-05_bs32_modL1_fusion16_fusionL1_fusionBN0_drop0p1__wd1e-04trmiss40_trlocglobal,77,0.6016769210497538,0.6771705150604248,0.5948616600790514,0.5912974177960373,0.5333333333333333,0.0,0.0,0.0,0.0,0.0,0.0,0.0,0.0,0.0,,,,,18473,global,0.4
4,2,lr1e-05_bs32_modL1_fusion16_fusionL1_fusionBN0_drop0p1__wd1e-04trmiss40_trlocglobal,32,1e-05,0.0001,1,16,1,False,0.1,lr1e-05_bs32_modL1_fusion16_fusionL1_fusionBN0_drop0p1__wd1e-04trmiss40_trlocglobal,78,0.6107965310414633,0.6770455837249756,0.5909090909090909,0.5889524722563847,0.5333333333333333,0.0,0.0,0.0,0.0,0.0,0.0,0.0,0.0,0.0,,,,,18473,global,0.4
4,2,lr1e-05_bs32_modL1_fusion16_fusionL1_fusionBN0_drop0p1__wd1e-04trmiss40_trlocglobal,32,1e-05,0.0001,1,16,1,False,0.1,lr1e-05_bs32_modL1_fusion16_fusionL1_fusionBN0_drop0p1__wd1e-04trmiss40_trlocglobal,79,0.6061024963855743,0.6773544251918793,0.5928853754940712,0.5900551817711926,0.5333333333333333,0.0,0.0,0.0,0.0,0.0,0.0,0.0,0.0,0.0,,,,,18473,global,0.4
4,2,lr1e-05_bs32_modL1_fusion16_fusionL1_fusionBN0_drop0p1__wd1e-04trmiss40_trlocglobal,32,1e-05,0.0001,1,16,1,False,0.1,lr1e-05_bs32_modL1_fusion16_fusionL1_fusionBN0_drop0p1__wd1e-04trmiss40_trlocglobal,80,0.6026372412840525,0.6772947907447815,0.5909090909090909,0.5892056065587987,0.5333333333333333,0.0,0.0,0.0,0.0,0.0,0.0,0.0,0.0,0.0,,,,,18473,global,0.4
4,2,lr1e-05_bs32_modL1_fusion32_fusionL1_fusionBN0_drop0p2__wd1e-04trmiss40_trlocglobal,32,1e-05,0.0001,1,32,1,False,0.2,lr1e-05_bs32_modL1_fusion32_fusionL1_fusionBN0_drop0p2__wd1e-04trmiss40_trlocglobal,1,0.6943418383598328,0.7104659974575043,0.30237154150197626,0.4067739738611759,0.4666666666666667,0.0,0.0,0.0,0.0,0.0,0.0,0.0,0.0,0.0,,,,,18473,global,0.4
4,2,lr1e-05_bs32_modL1_fusion32_fusionL1_fusionBN0_drop0p2__wd1e-04trmiss40_trlocglobal,32,1e-05,0.0001,1,32,1,False,0.2,lr1e-05_bs32_modL1_fusion32_fusionL1_fusionBN0_drop0p2__wd1e-04trmiss40_trlocglobal,2,0.6892877121766409,0.7136757671833038,0.316205533596838,0.41113369156465146,0.4444444444444444,0.0,0.0,0.0,0.0,0.0,0.0,0.0,0.0,0.0,,,,,18473,global,0.4
4,2,lr1e-05_bs32_modL1_fusion32_fusionL1_fusionBN0_drop0p2__wd1e-04trmiss40_trlocglobal,32,1e-05,0.0001,1,32,1,False,0.2,lr1e-05_bs32_modL1_fusion32_fusionL1_fusionBN0_drop0p2__wd1e-04trmiss40_trlocglobal,3,0.686624805132548,0.7162952125072479,0.3162055335968379,0.4121941677175768,0.4666666666666667,0.0,0.0,0.0,0.0,0.0,0.0,0.0,0.0,0.0,,,,,18473,global,0.4
4,2,lr1e-05_bs32_modL1_fusion32_fusionL1_fusionBN0_drop0p2__wd1e-04trmiss40_trlocglobal,32,1e-05,0.0001,1,32,1,False,0.2,lr1e-05_bs32_modL1_fusion32_fusionL1_fusionBN0_drop0p2__wd1e-04trmiss40_trlocglobal,4,0.6839914321899414,0.7181853950023651,0.31620553359683795,0.4139770839169689,0.4666666666666667,0.0,0.0,0.0,0.0,0.0,0.0,0.0,0.0,0.0,,,,,18473,global,0.4
4,2,lr1e-05_bs32_modL1_fusion32_fusionL1_fusionBN0_drop0p2__wd1e-04trmiss40_trlocglobal,32,1e-05,0.0001,1,32,1,False,0.2,lr1e-05_bs32_modL1_fusion32_fusionL1_fusionBN0_drop0p2__wd1e-04trmiss40_trlocglobal,5,0.6937943001588186,0.7197593748569489,0.31620553359683795,0.40945397595746946,0.4666666666666667,0.0,0.0,0.0,0.0,0.0,0.0,0.0,0.0,0.0,,,,,18473,global,0.4
4,2,lr1e-05_bs32_modL1_fusion32_fusionL1_fusionBN0_drop0p2__wd1e-04trmiss40_trlocglobal,32,1e-05,0.0001,1,32,1,False,0.2,lr1e-05_bs32_modL1_fusion32_fusionL1_fusionBN0_drop0p2__wd1e-04trmiss40_trlocglobal,6,0.6846771637598673,0.7209089696407318,0.32015810276679846,0.4085938955403933,0.4888888888888889,0.0,0.0,0.0,0.0,0.0,0.0,0.0,0.0,0.0,,,,,18473,global,0.4
4,2,lr1e-05_bs32_modL1_fusion32_fusionL1_fusionBN0_drop0p2__wd1e-04trmiss40_trlocglobal,32,1e-05,0.0001,1,32,1,False,0.2,lr1e-05_bs32_modL1_fusion32_fusionL1_fusionBN0_drop0p2__wd1e-04trmiss40_trlocglobal,7,0.6862777769565582,0.7214182317256927,0.3221343873517787,0.4081967717540573,0.4888888888888889,0.0,0.0,0.0,0.0,0.0,0.0,0.0,0.0,0.0,,,,,18473,global,0.4
4,2,lr1e-05_bs32_modL1_fusion32_fusionL1_fusionBN0_drop0p2__wd1e-04trmiss40_trlocglobal,32,1e-05,0.0001,1,32,1,False,0.2,lr1e-05_bs32_modL1_fusion32_fusionL1_fusionBN0_drop0p2__wd1e-04trmiss40_trlocglobal,8,0.6787363588809967,0.7219449579715729,0.3241106719367589,0.4087627330130591,0.4888888888888889,0.0,0.0,0.0,0.0,0.0,0.0,0.0,0.0,0.0,,,,,18473,global,0.4
4,2,lr1e-05_bs32_modL1_fusion32_fusionL1_fusionBN0_drop0p2__wd1e-04trmiss40_trlocglobal,32,1e-05,0.0001,1,32,1,False,0.2,lr1e-05_bs32_modL1_fusion32_fusionL1_fusionBN0_drop0p2__wd1e-04trmiss40_trlocglobal,9,0.6804548799991608,0.7224170565605164,0.3181818181818182,0.40493657483907486,0.4888888888888889,0.0,0.0,0.0,0.0,0.0,0.0,0.0,0.0,0.0,,,,,18473,global,0.4
4,2,lr1e-05_bs32_modL1_fusion32_fusionL1_fusionBN0_drop0p2__wd1e-04trmiss40_trlocglobal,32,1e-05,0.0001,1,32,1,False,0.2,lr1e-05_bs32_modL1_fusion32_fusionL1_fusionBN0_drop0p2__wd1e-04trmiss40_trlocglobal,10,0.6721015175183614,0.7221527993679047,0.3221343873517787,0.40703581968961844,0.4888888888888889,0.0,0.0,0.0,0.0,0.0,0.0,0.0,0.0,0.0,,,,,18473,global,0.4
4,2,lr1e-05_bs32_modL1_fusion32_fusionL1_fusionBN0_drop0p2__wd1e-04trmiss40_trlocglobal,32,1e-05,0.0001,1,32,1,False,0.2,lr1e-05_bs32_modL1_fusion32_fusionL1_fusionBN0_drop0p2__wd1e-04trmiss40_trlocglobal,11,0.6711144049962362,0.7222263216972351,0.3221343873517787,0.4067120127294238,0.4888888888888889,0.0,0.0,0.0,0.0,0.0,0.0,0.0,0.0,0.0,,,,,18473,global,0.4
4,2,lr1e-05_bs32_modL1_fusion32_fusionL1_fusionBN0_drop0p2__wd1e-04trmiss40_trlocglobal,32,1e-05,0.0001,1,32,1,False,0.2,lr1e-05_bs32_modL1_fusion32_fusionL1_fusionBN0_drop0p2__wd1e-04trmiss40_trlocglobal,12,0.678496261437734,0.722438782453537,0.3221343873517787,0.406659377698999,0.5111111111111111,0.0,0.0,0.0,0.0,0.0,0.0,0.0,0.0,0.0,,,,,18473,global,0.4
4,2,lr1e-05_bs32_modL1_fusion32_fusionL1_fusionBN0_drop0p2__wd1e-04trmiss40_trlocglobal,32,1e-05,0.0001,1,32,1,False,0.2,lr1e-05_bs32_modL1_fusion32_fusionL1_fusionBN0_drop0p2__wd1e-04trmiss40_trlocglobal,13,0.6788696448008219,0.7221858501434326,0.32213438735177863,0.406595677063216,0.5111111111111111,0.0,0.0,0.0,0.0,0.0,0.0,0.0,0.0,0.0,,,,,18473,global,0.4
4,2,lr1e-05_bs32_modL1_fusion32_fusionL1_fusionBN0_drop0p2__wd1e-04trmiss40_trlocglobal,32,1e-05,0.0001,1,32,1,False,0.2,lr1e-05_bs32_modL1_fusion32_fusionL1_fusionBN0_drop0p2__wd1e-04trmiss40_trlocglobal,14,0.6632267733414968,0.7218583822250366,0.3181818181818182,0.40520221583383514,0.5111111111111111,0.0,0.0,0.0,0.0,0.0,0.0,0.0,0.0,0.0,,,,,18473,global,0.4
4,2,lr1e-05_bs32_modL1_fusion32_fusionL1_fusionBN0_drop0p2__wd1e-04trmiss40_trlocglobal,32,1e-05,0.0001,1,32,1,False,0.2,lr1e-05_bs32_modL1_fusion32_fusionL1_fusionBN0_drop0p2__wd1e-04trmiss40_trlocglobal,15,0.672720342874527,0.722307026386261,0.3181818181818182,0.4051305521466108,0.5111111111111111,0.0,0.0,0.0,0.0,0.0,0.0,0.0,0.0,0.0,,,,,18473,global,0.4
4,2,lr1e-05_bs32_modL1_fusion32_fusionL1_fusionBN0_drop0p2__wd1e-04trmiss40_trlocglobal,32,1e-05,0.0001,1,32,1,False,0.2,lr1e-05_bs32_modL1_fusion32_fusionL1_fusionBN0_drop0p2__wd1e-04trmiss40_trlocglobal,16,0.6713369488716125,0.7218955457210541,0.3201581027667984,0.40571583642754727,0.5111111111111111,0.0,0.0,0.0,0.0,0.0,0.0,0.0,0.0,0.0,,,,,18473,global,0.4
4,2,lr1e-05_bs32_modL1_fusion32_fusionL1_fusionBN0_drop0p2__wd1e-04trmiss40_trlocglobal,32,1e-05,0.0001,1,32,1,False,0.2,lr1e-05_bs32_modL1_fusion32_fusionL1_fusionBN0_drop0p2__wd1e-04trmiss40_trlocglobal,17,0.6719322303930918,0.7214230000972748,0.32015810276679846,0.4057367551791162,0.5555555555555556,0.0,0.0,0.0,0.0,0.0,0.0,0.0,0.0,0.0,,,,,18473,global,0.4
4,2,lr1e-05_bs32_modL1_fusion32_fusionL1_fusionBN0_drop0p2__wd1e-04trmiss40_trlocglobal,32,1e-05,0.0001,1,32,1,False,0.2,lr1e-05_bs32_modL1_fusion32_fusionL1_fusionBN0_drop0p2__wd1e-04trmiss40_trlocglobal,18,0.6693704624970754,0.7212182879447937,0.3241106719367589,0.40697131133358083,0.5111111111111111,0.0,0.0,0.0,0.0,0.0,0.0,0.0,0.0,0.0,,,,,18473,global,0.4
4,2,lr1e-05_bs32_modL1_fusion32_fusionL1_fusionBN0_drop0p2__wd1e-04trmiss40_trlocglobal,32,1e-05,0.0001,1,32,1,False,0.2,lr1e-05_bs32_modL1_fusion32_fusionL1_fusionBN0_drop0p2__wd1e-04trmiss40_trlocglobal,19,0.6630986630916595,0.7211679518222809,0.3241106719367589,0.40697131133358083,0.5333333333333333,0.0,0.0,0.0,0.0,0.0,0.0,0.0,0.0,0.0,,,,,18473,global,0.4
4,2,lr1e-05_bs32_modL1_fusion32_fusionL1_fusionBN0_drop0p2__wd1e-04trmiss40_trlocglobal,32,1e-05,0.0001,1,32,1,False,0.2,lr1e-05_bs32_modL1_fusion32_fusionL1_fusionBN0_drop0p2__wd1e-04trmiss40_trlocglobal,20,0.6550513406594595,0.7206150591373444,0.31818181818181823,0.4050132854625115,0.5555555555555556,0.0,0.0,0.0,0.0,0.0,0.0,0.0,0.0,0.0,,,,,18473,global,0.4
4,2,lr1e-05_bs32_modL1_fusion32_fusionL1_fusionBN0_drop0p2__wd1e-04trmiss40_trlocglobal,32,1e-05,0.0001,1,32,1,False,0.2,lr1e-05_bs32_modL1_fusion32_fusionL1_fusionBN0_drop0p2__wd1e-04trmiss40_trlocglobal,21,0.6661533613999685,0.7204885184764862,0.3181818181818182,0.40498003623017753,0.5555555555555556,0.0,0.0,0.0,0.0,0.0,0.0,0.0,0.0,0.0,,,,,18473,global,0.4
4,2,lr1e-05_bs32_modL1_fusion32_fusionL1_fusionBN0_drop0p2__wd1e-04trmiss40_trlocglobal,32,1e-05,0.0001,1,32,1,False,0.2,lr1e-05_bs32_modL1_fusion32_fusionL1_fusionBN0_drop0p2__wd1e-04trmiss40_trlocglobal,22,0.6615306337674459,0.7203541994094849,0.3201581027667984,0.4056821817835817,0.5555555555555556,0.0,0.0,0.0,0.0,0.0,0.0,0.0,0.0,0.0,,,,,18473,global,0.4
4,2,lr1e-05_bs32_modL1_fusion32_fusionL1_fusionBN0_drop0p2__wd1e-04trmiss40_trlocglobal,32,1e-05,0.0001,1,32,1,False,0.2,lr1e-05_bs32_modL1_fusion32_fusionL1_fusionBN0_drop0p2__wd1e-04trmiss40_trlocglobal,23,0.6588657200336456,0.7204783856868744,0.3201581027667984,0.4056821817835817,0.5555555555555556,0.0,0.0,0.0,0.0,0.0,0.0,0.0,0.0,0.0,,,,,18473,global,0.4
4,2,lr1e-05_bs32_modL1_fusion32_fusionL1_fusionBN0_drop0p2__wd1e-04trmiss40_trlocglobal,32,1e-05,0.0001,1,32,1,False,0.2,lr1e-05_bs32_modL1_fusion32_fusionL1_fusionBN0_drop0p2__wd1e-04trmiss40_trlocglobal,24,0.66102201739947,0.7199462354183197,0.32213438735177863,0.4065852854999846,0.5555555555555556,0.0,0.0,0.0,0.0,0.0,0.0,0.0,0.0,0.0,,,,,18473,global,0.4
4,2,lr1e-05_bs32_modL1_fusion32_fusionL1_fusionBN0_drop0p2__wd1e-04trmiss40_trlocglobal,32,1e-05,0.0001,1,32,1,False,0.2,lr1e-05_bs32_modL1_fusion32_fusionL1_fusionBN0_drop0p2__wd1e-04trmiss40_trlocglobal,25,0.6602679888407389,0.7201041579246521,0.3339920948616601,0.41215739992928035,0.5555555555555556,0.0,0.0,0.0,0.0,0.0,0.0,0.0,0.0,0.0,,,,,18473,global,0.4
4,2,lr1e-05_bs32_modL1_fusion32_fusionL1_fusionBN0_drop0p2__wd1e-04trmiss40_trlocglobal,32,1e-05,0.0001,1,32,1,False,0.2,lr1e-05_bs32_modL1_fusion32_fusionL1_fusionBN0_drop0p2__wd1e-04trmiss40_trlocglobal,26,0.6569368441899618,0.720123291015625,0.32806324110671936,0.4104631801229324,0.5555555555555556,0.0,0.0,0.0,0.0,0.0,0.0,0.0,0.0,0.0,,,,,18473,global,0.4
4,2,lr1e-05_bs32_modL1_fusion32_fusionL1_fusionBN0_drop0p2__wd1e-04trmiss40_trlocglobal,32,1e-05,0.0001,1,32,1,False,0.2,lr1e-05_bs32_modL1_fusion32_fusionL1_fusionBN0_drop0p2__wd1e-04trmiss40_trlocglobal,27,0.6596586108207703,0.7196730673313141,0.32608695652173914,0.4098910977430697,0.5555555555555556,0.0,0.0,0.0,0.0,0.0,0.0,0.0,0.0,0.0,,,,,18473,global,0.4
4,2,lr1e-05_bs32_modL1_fusion32_fusionL1_fusionBN0_drop0p2__wd1e-04trmiss40_trlocglobal,32,1e-05,0.0001,1,32,1,False,0.2,lr1e-05_bs32_modL1_fusion32_fusionL1_fusionBN0_drop0p2__wd1e-04trmiss40_trlocglobal,28,0.6552858452002207,0.7194291651248932,0.32608695652173914,0.4098910977430697,0.5555555555555556,0.0,0.0,0.0,0.0,0.0,0.0,0.0,0.0,0.0,,,,,18473,global,0.4
4,2,lr1e-05_bs32_modL1_fusion32_fusionL1_fusionBN0_drop0p2__wd1e-04trmiss40_trlocglobal,32,1e-05,0.0001,1,32,1,False,0.2,lr1e-05_bs32_modL1_fusion32_fusionL1_fusionBN0_drop0p2__wd1e-04trmiss40_trlocglobal,29,0.6556218365828196,0.718917191028595,0.3300395256916996,0.4119614911178109,0.5555555555555556,0.0,0.0,0.0,0.0,0.0,0.0,0.0,0.0,0.0,,,,,18473,global,0.4
4,2,lr1e-05_bs32_modL1_fusion32_fusionL1_fusionBN0_drop0p2__wd1e-04trmiss40_trlocglobal,32,1e-05,0.0001,1,32,1,False,0.2,lr1e-05_bs32_modL1_fusion32_fusionL1_fusionBN0_drop0p2__wd1e-04trmiss40_trlocglobal,30,0.6537851492563883,0.7184714376926422,0.3339920948616601,0.41393118808750784,0.5555555555555556,0.0,0.0,0.0,0.0,0.0,0.0,0.0,0.0,0.0,,,,,18473,global,0.4
4,2,lr1e-05_bs32_modL1_fusion32_fusionL1_fusionBN0_drop0p2__wd1e-04trmiss40_trlocglobal,32,1e-05,0.0001,1,32,1,False,0.2,lr1e-05_bs32_modL1_fusion32_fusionL1_fusionBN0_drop0p2__wd1e-04trmiss40_trlocglobal,31,0.6585759421189626,0.7187744379043579,0.3339920948616601,0.41393118808750784,0.5555555555555556,0.0,0.0,0.0,0.0,0.0,0.0,0.0,0.0,0.0,,,,,18473,global,0.4
4,2,lr1e-05_bs32_modL1_fusion32_fusionL1_fusionBN0_drop0p2__wd1e-04trmiss40_trlocglobal,32,1e-05,0.0001,1,32,1,False,0.2,lr1e-05_bs32_modL1_fusion32_fusionL1_fusionBN0_drop0p2__wd1e-04trmiss40_trlocglobal,32,0.6512262721856436,0.7196190357208252,0.32806324110671936,0.4098985273843666,0.5555555555555556,0.0,0.0,0.0,0.0,0.0,0.0,0.0,0.0,0.0,,,,,18473,global,0.4
4,2,lr1e-05_bs32_modL1_fusion32_fusionL1_fusionBN0_drop0p2__wd1e-04trmiss40_trlocglobal,32,1e-05,0.0001,1,32,1,False,0.2,lr1e-05_bs32_modL1_fusion32_fusionL1_fusionBN0_drop0p2__wd1e-04trmiss40_trlocglobal,33,0.6552131672700247,0.7200285196304321,0.32608695652173914,0.4087837001825829,0.5555555555555556,0.0,0.0,0.0,0.0,0.0,0.0,0.0,0.0,0.0,,,,,18473,global,0.4
4,2,lr1e-05_bs32_modL1_fusion32_fusionL1_fusionBN0_drop0p2__wd1e-04trmiss40_trlocglobal,32,1e-05,0.0001,1,32,1,False,0.2,lr1e-05_bs32_modL1_fusion32_fusionL1_fusionBN0_drop0p2__wd1e-04trmiss40_trlocglobal,34,0.6494416197141012,0.7199068963527679,0.32608695652173914,0.4084195526937712,0.5555555555555556,0.0,0.0,0.0,0.0,0.0,0.0,0.0,0.0,0.0,,,,,18473,global,0.4
4,2,lr1e-05_bs32_modL1_fusion32_fusionL1_fusionBN0_drop0p2__wd1e-04trmiss40_trlocglobal,32,1e-05,0.0001,1,32,1,False,0.2,lr1e-05_bs32_modL1_fusion32_fusionL1_fusionBN0_drop0p2__wd1e-04trmiss40_trlocglobal,35,0.6517125268777212,0.7203978002071381,0.32806324110671936,0.4094021676202723,0.5555555555555556,0.0,0.0,0.0,0.0,0.0,0.0,0.0,0.0,0.0,,,,,18473,global,0.4
4,2,lr1e-05_bs32_modL1_fusion32_fusionL1_fusionBN0_drop0p2__wd1e-04trmiss40_trlocglobal,32,1e-05,0.0001,1,32,1,False,0.2,lr1e-05_bs32_modL1_fusion32_fusionL1_fusionBN0_drop0p2__wd1e-04trmiss40_trlocglobal,36,0.6471282045046488,0.720347672700882,0.32806324110671936,0.4094076949862614,0.5555555555555556,0.0,0.0,0.0,0.0,0.0,0.0,0.0,0.0,0.0,,,,,18473,global,0.4
4,2,lr1e-05_bs32_modL1_fusion32_fusionL1_fusionBN0_drop0p2__wd1e-04trmiss40_trlocglobal,32,1e-05,0.0001,1,32,1,False,0.2,lr1e-05_bs32_modL1_fusion32_fusionL1_fusionBN0_drop0p2__wd1e-04trmiss40_trlocglobal,37,0.6389887630939484,0.7199792861938477,0.3320158102766798,0.41114364020046745,0.5333333333333333,0.0,0.0,0.0,0.0,0.0,0.0,0.0,0.0,0.0,,,,,18473,global,0.4
4,2,lr1e-05_bs32_modL1_fusion32_fusionL1_fusionBN0_drop0p2__wd1e-04trmiss40_trlocglobal,32,1e-05,0.0001,1,32,1,False,0.2,lr1e-05_bs32_modL1_fusion32_fusionL1_fusionBN0_drop0p2__wd1e-04trmiss40_trlocglobal,38,0.6553353369235992,0.7204179763793945,0.3359683794466403,0.4129595306742029,0.5555555555555556,0.0,0.0,0.0,0.0,0.0,0.0,0.0,0.0,0.0,,,,,18473,global,0.4
4,2,lr1e-05_bs32_modL1_fusion32_fusionL1_fusionBN0_drop0p2__wd1e-04trmiss40_trlocglobal,32,1e-05,0.0001,1,32,1,False,0.2,lr1e-05_bs32_modL1_fusion32_fusionL1_fusionBN0_drop0p2__wd1e-04trmiss40_trlocglobal,39,0.6508941849072775,0.7196504771709442,0.33794466403162055,0.41514104481223874,0.5111111111111111,0.0,0.0,0.0,0.0,0.0,0.0,0.0,0.0,0.0,,,,,18473,global,0.4
4,2,lr1e-05_bs32_modL1_fusion32_fusionL1_fusionBN0_drop0p2__wd1e-04trmiss40_trlocglobal,32,1e-05,0.0001,1,32,1,False,0.2,lr1e-05_bs32_modL1_fusion32_fusionL1_fusionBN0_drop0p2__wd1e-04trmiss40_trlocglobal,40,0.6413201789061228,0.719483882188797,0.3320158102766798,0.41259192411567003,0.5111111111111111,0.0,0.0,0.0,0.0,0.0,0.0,0.0,0.0,0.0,,,,,18473,global,0.4
4,2,lr1e-05_bs32_modL1_fusion32_fusionL1_fusionBN0_drop0p2__wd1e-04trmiss40_trlocglobal,32,1e-05,0.0001,1,32,1,False,0.2,lr1e-05_bs32_modL1_fusion32_fusionL1_fusionBN0_drop0p2__wd1e-04trmiss40_trlocglobal,41,0.6401936213175455,0.7196150422096252,0.32806324110671936,0.41067787658662985,0.5111111111111111,0.0,0.0,0.0,0.0,0.0,0.0,0.0,0.0,0.0,,,,,18473,global,0.4
4,2,lr1e-05_bs32_modL1_fusion32_fusionL1_fusionBN0_drop0p2__wd1e-04trmiss40_trlocglobal,32,1e-05,0.0001,1,32,1,False,0.2,lr1e-05_bs32_modL1_fusion32_fusionL1_fusionBN0_drop0p2__wd1e-04trmiss40_trlocglobal,42,0.6460088888804117,0.719352513551712,0.3300395256916996,0.41212450137421575,0.5111111111111111,0.0,0.0,0.0,0.0,0.0,0.0,0.0,0.0,0.0,,,,,18473,global,0.4
4,2,lr1e-05_bs32_modL1_fusion32_fusionL1_fusionBN0_drop0p2__wd1e-04trmiss40_trlocglobal,32,1e-05,0.0001,1,32,1,False,0.2,lr1e-05_bs32_modL1_fusion32_fusionL1_fusionBN0_drop0p2__wd1e-04trmiss40_trlocglobal,43,0.6482418676217397,0.7192695438861847,0.32806324110671936,0.4106752260118969,0.5111111111111111,0.0,0.0,0.0,0.0,0.0,0.0,0.0,0.0,0.0,,,,,18473,global,0.4
4,2,lr1e-05_bs32_modL1_fusion32_fusionL1_fusionBN0_drop0p2__wd1e-04trmiss40_trlocglobal,32,1e-05,0.0001,1,32,1,False,0.2,lr1e-05_bs32_modL1_fusion32_fusionL1_fusionBN0_drop0p2__wd1e-04trmiss40_trlocglobal,44,0.6500253081321716,0.7191178202629089,0.3300395256916996,0.411194485098931,0.5111111111111111,0.0,0.0,0.0,0.0,0.0,0.0,0.0,0.0,0.0,,,,,18473,global,0.4
4,2,lr1e-05_bs32_modL1_fusion32_fusionL1_fusionBN0_drop0p2__wd1e-04trmiss40_trlocglobal,32,1e-05,0.0001,1,32,1,False,0.2,lr1e-05_bs32_modL1_fusion32_fusionL1_fusionBN0_drop0p2__wd1e-04trmiss40_trlocglobal,45,0.6419815222422282,0.7186737060546875,0.33596837944664026,0.41431889691899493,0.5111111111111111,0.0,0.0,0.0,0.0,0.0,0.0,0.0,0.0,0.0,,,,,18473,global,0.4
4,2,lr1e-05_bs32_modL1_fusion32_fusionL1_fusionBN0_drop0p2__wd1e-04trmiss40_trlocglobal,32,1e-05,0.0001,1,32,1,False,0.2,lr1e-05_bs32_modL1_fusion32_fusionL1_fusionBN0_drop0p2__wd1e-04trmiss40_trlocglobal,46,0.6483226319154104,0.7186819314956665,0.33794466403162055,0.41644340284784864,0.5111111111111111,0.0,0.0,0.0,0.0,0.0,0.0,0.0,0.0,0.0,,,,,18473,global,0.4
4,2,lr1e-05_bs32_modL1_fusion32_fusionL1_fusionBN0_drop0p2__wd1e-04trmiss40_trlocglobal,32,1e-05,0.0001,1,32,1,False,0.2,lr1e-05_bs32_modL1_fusion32_fusionL1_fusionBN0_drop0p2__wd1e-04trmiss40_trlocglobal,47,0.642371286948522,0.7187903225421906,0.33992094861660077,0.417349199949298,0.5111111111111111,0.0,0.0,0.0,0.0,0.0,0.0,0.0,0.0,0.0,,,,,18473,global,0.4
4,2,lr1e-05_bs32_modL1_fusion32_fusionL1_fusionBN0_drop0p2__wd1e-04trmiss40_trlocglobal,32,1e-05,0.0001,1,32,1,False,0.2,lr1e-05_bs32_modL1_fusion32_fusionL1_fusionBN0_drop0p2__wd1e-04trmiss40_trlocglobal,48,0.6443150043487549,0.7189688384532928,0.3320158102766798,0.4124300249214273,0.5111111111111111,0.0,0.0,0.0,0.0,0.0,0.0,0.0,0.0,0.0,,,,,18473,global,0.4
4,2,lr1e-05_bs32_modL1_fusion32_fusionL1_fusionBN0_drop0p2__wd1e-04trmiss40_trlocglobal,32,1e-05,0.0001,1,32,1,False,0.2,lr1e-05_bs32_modL1_fusion32_fusionL1_fusionBN0_drop0p2__wd1e-04trmiss40_trlocglobal,49,0.640924205382665,0.7193330824375153,0.3300395256916996,0.41087722989037134,0.5111111111111111,0.0,0.0,0.0,0.0,0.0,0.0,0.0,0.0,0.0,,,,,18473,global,0.4
4,2,lr1e-05_bs32_modL1_fusion32_fusionL1_fusionBN0_drop0p2__wd1e-04trmiss40_trlocglobal,32,1e-05,0.0001,1,32,1,False,0.2,lr1e-05_bs32_modL1_fusion32_fusionL1_fusionBN0_drop0p2__wd1e-04trmiss40_trlocglobal,50,0.6418355206648508,0.7192230522632599,0.33399209486166004,0.41289785419360436,0.5111111111111111,0.0,0.0,0.0,0.0,0.0,0.0,0.0,0.0,0.0,,,,,18473,global,0.4
4,2,lr1e-05_bs32_modL1_fusion32_fusionL1_fusionBN0_drop0p2__wd1e-04trmiss40_trlocglobal,32,1e-05,0.0001,1,32,1,False,0.2,lr1e-05_bs32_modL1_fusion32_fusionL1_fusionBN0_drop0p2__wd1e-04trmiss40_trlocglobal,51,0.6438381175200144,0.7192689180374146,0.33399209486166004,0.4133095801488086,0.5111111111111111,0.0,0.0,0.0,0.0,0.0,0.0,0.0,0.0,0.0,,,,,18473,global,0.4
4,2,lr1e-05_bs32_modL1_fusion32_fusionL1_fusionBN0_drop0p2__wd1e-04trmiss40_trlocglobal,32,1e-05,0.0001,1,32,1,False,0.2,lr1e-05_bs32_modL1_fusion32_fusionL1_fusionBN0_drop0p2__wd1e-04trmiss40_trlocglobal,52,0.6392033795515696,0.7185865044593811,0.33794466403162055,0.4149018761060931,0.5111111111111111,0.0,0.0,0.0,0.0,0.0,0.0,0.0,0.0,0.0,,,,,18473,global,0.4
4,2,lr1e-05_bs32_modL1_fusion32_fusionL1_fusionBN0_drop0p2__wd1e-04trmiss40_trlocglobal,32,1e-05,0.0001,1,32,1,False,0.2,lr1e-05_bs32_modL1_fusion32_fusionL1_fusionBN0_drop0p2__wd1e-04trmiss40_trlocglobal,53,0.6404259006182352,0.7184166014194489,0.3320158102766798,0.41080628634116695,0.5333333333333333,0.0,0.0,0.0,0.0,0.0,0.0,0.0,0.0,0.0,,,,,18473,global,0.4
4,2,lr1e-05_bs32_modL1_fusion32_fusionL1_fusionBN0_drop0p2__wd1e-04trmiss40_trlocglobal,32,1e-05,0.0001,1,32,1,False,0.2,lr1e-05_bs32_modL1_fusion32_fusionL1_fusionBN0_drop0p2__wd1e-04trmiss40_trlocglobal,54,0.6374451120694479,0.7185816764831543,0.33596837944664026,0.4134413324544739,0.5111111111111111,0.0,0.0,0.0,0.0,0.0,0.0,0.0,0.0,0.0,,,,,18473,global,0.4
4,2,lr1e-05_bs32_modL1_fusion32_fusionL1_fusionBN0_drop0p2__wd1e-04trmiss40_trlocglobal,32,1e-05,0.0001,1,32,1,False,0.2,lr1e-05_bs32_modL1_fusion32_fusionL1_fusionBN0_drop0p2__wd1e-04trmiss40_trlocglobal,55,0.6433267990748087,0.718339204788208,0.33399209486166004,0.4126785559479903,0.5111111111111111,0.0,0.0,0.0,0.0,0.0,0.0,0.0,0.0,0.0,,,,,18473,global,0.4
4,2,lr1e-05_bs32_modL1_fusion32_fusionL1_fusionBN0_drop0p2__wd1e-04trmiss40_trlocglobal,32,1e-05,0.0001,1,32,1,False,0.2,lr1e-05_bs32_modL1_fusion32_fusionL1_fusionBN0_drop0p2__wd1e-04trmiss40_trlocglobal,56,0.6409482558568319,0.7183460593223572,0.341897233201581,0.41747837779786273,0.5111111111111111,0.0,0.0,0.0,0.0,0.0,0.0,0.0,0.0,0.0,,,,,18473,global,0.4
4,2,lr1e-05_bs32_modL1_fusion32_fusionL1_fusionBN0_drop0p2__wd1e-04trmiss40_trlocglobal,32,1e-05,0.0001,1,32,1,False,0.2,lr1e-05_bs32_modL1_fusion32_fusionL1_fusionBN0_drop0p2__wd1e-04trmiss40_trlocglobal,57,0.647762248913447,0.7181024551391602,0.3458498023715415,0.4192763509917169,0.5111111111111111,0.0,0.0,0.0,0.0,0.0,0.0,0.0,0.0,0.0,,,,,18473,global,0.4
4,2,lr1e-05_bs32_modL1_fusion32_fusionL1_fusionBN0_drop0p2__wd1e-04trmiss40_trlocglobal,32,1e-05,0.0001,1,32,1,False,0.2,lr1e-05_bs32_modL1_fusion32_fusionL1_fusionBN0_drop0p2__wd1e-04trmiss40_trlocglobal,58,0.6359614729881287,0.7183718979358673,0.3438735177865613,0.4177470831581013,0.5111111111111111,0.0,0.0,0.0,0.0,0.0,0.0,0.0,0.0,0.0,,,,,18473,global,0.4
4,2,lr1e-05_bs32_modL1_fusion32_fusionL1_fusionBN0_drop0p2__wd1e-04trmiss40_trlocglobal,32,1e-05,0.0001,1,32,1,False,0.2,lr1e-05_bs32_modL1_fusion32_fusionL1_fusionBN0_drop0p2__wd1e-04trmiss40_trlocglobal,59,0.6413508752981821,0.7176625430583954,0.3478260869565217,0.421139705028984,0.5111111111111111,0.0,0.0,0.0,0.0,0.0,0.0,0.0,0.0,0.0,,,,,18473,global,0.4
4,2,lr1e-05_bs32_modL1_fusion32_fusionL1_fusionBN0_drop0p2__wd1e-04trmiss40_trlocglobal,32,1e-05,0.0001,1,32,1,False,0.2,lr1e-05_bs32_modL1_fusion32_fusionL1_fusionBN0_drop0p2__wd1e-04trmiss40_trlocglobal,60,0.6343193352222443,0.7179714143276215,0.3438735177865613,0.4177470831581013,0.5333333333333333,0.0,0.0,0.0,0.0,0.0,0.0,0.0,0.0,0.0,,,,,18473,global,0.4
4,2,lr1e-05_bs32_modL1_fusion32_fusionL1_fusionBN0_drop0p2__wd1e-04trmiss40_trlocglobal,32,1e-05,0.0001,1,32,1,False,0.2,lr1e-05_bs32_modL1_fusion32_fusionL1_fusionBN0_drop0p2__wd1e-04trmiss40_trlocglobal,61,0.6446802715460459,0.7175678312778473,0.3517786561264822,0.422593697865163,0.5111111111111111,0.0,0.0,0.0,0.0,0.0,0.0,0.0,0.0,0.0,,,,,18473,global,0.4
4,2,lr1e-05_bs32_modL1_fusion32_fusionL1_fusionBN0_drop0p2__wd1e-04trmiss40_trlocglobal,32,1e-05,0.0001,1,32,1,False,0.2,lr1e-05_bs32_modL1_fusion32_fusionL1_fusionBN0_drop0p2__wd1e-04trmiss40_trlocglobal,62,0.64443372686704,0.7176150679588318,0.34584980237154145,0.4204487709251996,0.5111111111111111,0.0,0.0,0.0,0.0,0.0,0.0,0.0,0.0,0.0,,,,,18473,global,0.4
4,2,lr1e-05_bs32_modL1_fusion32_fusionL1_fusionBN0_drop0p2__wd1e-04trmiss40_trlocglobal,32,1e-05,0.0001,1,32,1,False,0.2,lr1e-05_bs32_modL1_fusion32_fusionL1_fusionBN0_drop0p2__wd1e-04trmiss40_trlocglobal,63,0.6359793047110239,0.7181318700313568,0.3458498023715415,0.4208824896954023,0.5333333333333333,0.0,0.0,0.0,0.0,0.0,0.0,0.0,0.0,0.0,,,,,18473,global,0.4
4,2,lr1e-05_bs32_modL1_fusion32_fusionL1_fusionBN0_drop0p2__wd1e-04trmiss40_trlocglobal,32,1e-05,0.0001,1,32,1,False,0.2,lr1e-05_bs32_modL1_fusion32_fusionL1_fusionBN0_drop0p2__wd1e-04trmiss40_trlocglobal,64,0.639900396267573,0.718042254447937,0.3458498023715415,0.4208824896954023,0.5111111111111111,0.0,0.0,0.0,0.0,0.0,0.0,0.0,0.0,0.0,,,,,18473,global,0.4
4,2,lr1e-05_bs32_modL1_fusion32_fusionL1_fusionBN0_drop0p2__wd1e-04trmiss40_trlocglobal,32,1e-05,0.0001,1,32,1,False,0.2,lr1e-05_bs32_modL1_fusion32_fusionL1_fusionBN0_drop0p2__wd1e-04trmiss40_trlocglobal,65,0.641812394062678,0.7182901799678802,0.34584980237154145,0.420305750330234,0.5111111111111111,0.0,0.0,0.0,0.0,0.0,0.0,0.0,0.0,0.0,,,,,18473,global,0.4
4,2,lr1e-05_bs32_modL1_fusion32_fusionL1_fusionBN0_drop0p2__wd1e-04trmiss40_trlocglobal,32,1e-05,0.0001,1,32,1,False,0.2,lr1e-05_bs32_modL1_fusion32_fusionL1_fusionBN0_drop0p2__wd1e-04trmiss40_trlocglobal,66,0.6397843758265177,0.717915803194046,0.3399209486166007,0.4173604682385983,0.5111111111111111,0.0,0.0,0.0,0.0,0.0,0.0,0.0,0.0,0.0,,,,,18473,global,0.4
4,2,lr1e-05_bs32_modL1_fusion32_fusionL1_fusionBN0_drop0p2__wd1e-04trmiss40_trlocglobal,32,1e-05,0.0001,1,32,1,False,0.2,lr1e-05_bs32_modL1_fusion32_fusionL1_fusionBN0_drop0p2__wd1e-04trmiss40_trlocglobal,67,0.634972482919693,0.7179277241230011,0.3438735177865613,0.4187467154772483,0.5111111111111111,0.0,0.0,0.0,0.0,0.0,0.0,0.0,0.0,0.0,,,,,18473,global,0.4
4,2,lr1e-05_bs32_modL1_fusion32_fusionL1_fusionBN0_drop0p2__wd1e-04trmiss40_trlocglobal,32,1e-05,0.0001,1,32,1,False,0.2,lr1e-05_bs32_modL1_fusion32_fusionL1_fusionBN0_drop0p2__wd1e-04trmiss40_trlocglobal,68,0.6385247608025869,0.7182475328445435,0.3438735177865613,0.4187467154772483,0.5111111111111111,0.0,0.0,0.0,0.0,0.0,0.0,0.0,0.0,0.0,,,,,18473,global,0.4
4,2,lr1e-05_bs32_modL1_fusion32_fusionL1_fusionBN0_drop0p2__wd1e-04trmiss40_trlocglobal,32,1e-05,0.0001,1,32,1,False,0.2,lr1e-05_bs32_modL1_fusion32_fusionL1_fusionBN0_drop0p2__wd1e-04trmiss40_trlocglobal,69,0.6407477657000223,0.717757374048233,0.3438735177865613,0.4187467154772483,0.5111111111111111,0.0,0.0,0.0,0.0,0.0,0.0,0.0,0.0,0.0,,,,,18473,global,0.4
4,2,lr1e-05_bs32_modL1_fusion32_fusionL1_fusionBN0_drop0p2__wd1e-04trmiss40_trlocglobal,32,1e-05,0.0001,1,32,1,False,0.2,lr1e-05_bs32_modL1_fusion32_fusionL1_fusionBN0_drop0p2__wd1e-04trmiss40_trlocglobal,70,0.642783651749293,0.7174724638462067,0.341897233201581,0.41763188827546455,0.5111111111111111,0.0,0.0,0.0,0.0,0.0,0.0,0.0,0.0,0.0,,,,,18473,global,0.4
4,2,lr1e-05_bs32_modL1_fusion32_fusionL1_fusionBN0_drop0p2__wd1e-04trmiss40_trlocglobal,32,1e-05,0.0001,1,32,1,False,0.2,lr1e-05_bs32_modL1_fusion32_fusionL1_fusionBN0_drop0p2__wd1e-04trmiss40_trlocglobal,71,0.6367739041646322,0.7176914215087891,0.3438735177865613,0.4181615237899332,0.5111111111111111,0.0,0.0,0.0,0.0,0.0,0.0,0.0,0.0,0.0,,,,,18473,global,0.4
4,2,lr1e-05_bs32_modL1_fusion32_fusionL1_fusionBN0_drop0p2__wd1e-04trmiss40_trlocglobal,32,1e-05,0.0001,1,32,1,False,0.2,lr1e-05_bs32_modL1_fusion32_fusionL1_fusionBN0_drop0p2__wd1e-04trmiss40_trlocglobal,72,0.6415253281593323,0.7179235219955444,0.341897233201581,0.41763188827546455,0.5111111111111111,0.0,0.0,0.0,0.0,0.0,0.0,0.0,0.0,0.0,,,,,18473,global,0.4
4,2,lr1e-05_bs32_modL1_fusion32_fusionL1_fusionBN0_drop0p2__wd1e-04trmiss40_trlocglobal,32,1e-05,0.0001,1,32,1,False,0.2,lr1e-05_bs32_modL1_fusion32_fusionL1_fusionBN0_drop0p2__wd1e-04trmiss40_trlocglobal,73,0.6350920597712199,0.718086451292038,0.33992094861660077,0.4168637213447267,0.5111111111111111,0.0,0.0,0.0,0.0,0.0,0.0,0.0,0.0,0.0,,,,,18473,global,0.4
4,2,lr1e-05_bs32_modL1_fusion32_fusionL1_fusionBN0_drop0p2__wd1e-04trmiss40_trlocglobal,32,1e-05,0.0001,1,32,1,False,0.2,lr1e-05_bs32_modL1_fusion32_fusionL1_fusionBN0_drop0p2__wd1e-04trmiss40_trlocglobal,74,0.6486813624699911,0.7181532680988312,0.3438735177865612,0.4192164410887508,0.5111111111111111,0.0,0.0,0.0,0.0,0.0,0.0,0.0,0.0,0.0,,,,,18473,global,0.4
4,2,lr1e-05_bs32_modL1_fusion32_fusionL1_fusionBN0_drop0p2__wd1e-04trmiss40_trlocglobal,32,1e-05,0.0001,1,32,1,False,0.2,lr1e-05_bs32_modL1_fusion32_fusionL1_fusionBN0_drop0p2__wd1e-04trmiss40_trlocglobal,75,0.6367620229721069,0.7180192768573761,0.3458498023715415,0.4197460766032195,0.5111111111111111,0.0,0.0,0.0,0.0,0.0,0.0,0.0,0.0,0.0,,,,,18473,global,0.4
4,2,lr1e-05_bs32_modL1_fusion32_fusionL1_fusionBN0_drop0p2__wd1e-04trmiss40_trlocglobal,32,1e-05,0.0001,1,32,1,False,0.2,lr1e-05_bs32_modL1_fusion32_fusionL1_fusionBN0_drop0p2__wd1e-04trmiss40_trlocglobal,76,0.6402788062890371,0.7183018922805786,0.34189723320158094,0.41618863099771897,0.5111111111111111,0.0,0.0,0.0,0.0,0.0,0.0,0.0,0.0,0.0,,,,,18473,global,0.4
4,2,lr1e-05_bs32_modL1_fusion32_fusionL1_fusionBN0_drop0p2__wd1e-04trmiss40_trlocglobal,32,1e-05,0.0001,1,32,1,False,0.2,lr1e-05_bs32_modL1_fusion32_fusionL1_fusionBN0_drop0p2__wd1e-04trmiss40_trlocglobal,77,0.6437638799349467,0.7184145748615265,0.3458498023715415,0.4188426322215142,0.5111111111111111,0.0,0.0,0.0,0.0,0.0,0.0,0.0,0.0,0.0,,,,,18473,global,0.4
4,2,lr1e-05_bs32_modL1_fusion32_fusionL1_fusionBN0_drop0p2__wd1e-04trmiss40_trlocglobal,32,1e-05,0.0001,1,32,1,False,0.2,lr1e-05_bs32_modL1_fusion32_fusionL1_fusionBN0_drop0p2__wd1e-04trmiss40_trlocglobal,78,0.6409577429294586,0.718550443649292,0.34980237154150196,0.42107228662508167,0.5111111111111111,0.0,0.0,0.0,0.0,0.0,0.0,0.0,0.0,0.0,,,,,18473,global,0.4
4,2,lr1e-05_bs32_modL1_fusion32_fusionL1_fusionBN0_drop0p2__wd1e-04trmiss40_trlocglobal,32,1e-05,0.0001,1,32,1,False,0.2,lr1e-05_bs32_modL1_fusion32_fusionL1_fusionBN0_drop0p2__wd1e-04trmiss40_trlocglobal,79,0.6397987504800161,0.7184270024299622,0.34782608695652173,0.4198778289088848,0.5111111111111111,0.0,0.0,0.0,0.0,0.0,0.0,0.0,0.0,0.0,,,,,18473,global,0.4
4,2,lr1e-05_bs32_modL1_fusion32_fusionL1_fusionBN0_drop0p2__wd1e-04trmiss40_trlocglobal,32,1e-05,0.0001,1,32,1,False,0.2,lr1e-05_bs32_modL1_fusion32_fusionL1_fusionBN0_drop0p2__wd1e-04trmiss40_trlocglobal,80,0.6349076529343923,0.7183815538883209,0.3438735177865612,0.4185135744852333,0.5111111111111111,0.0,0.0,0.0,0.0,0.0,0.0,0.0,0.0,0.0,,,,,18473,global,0.4
4,2,lr1e-05_bs32_modL1_fusion32_fusionL1_fusionBN0_drop0p1__wd1e-04trmiss40_trlocglobal,32,1e-05,0.0001,1,32,1,False,0.1,lr1e-05_bs32_modL1_fusion32_fusionL1_fusionBN0_drop0p1__wd1e-04trmiss40_trlocglobal,1,0.7016838689645132,0.6916906535625458,0.5375494071146245,0.6243290317594555,0.5333333333333333,0.0,0.0,0.0,0.0,0.0,0.0,0.0,0.0,0.0,,,,,18473,global,0.4
4,2,lr1e-05_bs32_modL1_fusion32_fusionL1_fusionBN0_drop0p1__wd1e-04trmiss40_trlocglobal,32,1e-05,0.0001,1,32,1,False,0.1,lr1e-05_bs32_modL1_fusion32_fusionL1_fusionBN0_drop0p1__wd1e-04trmiss40_trlocglobal,2,0.6978316207726797,0.6914104521274567,0.5513833992094862,0.6276269021891953,0.5333333333333333,0.0,0.0,0.0,0.0,0.0,0.0,0.0,0.0,0.0,,,,,18473,global,0.4
4,2,lr1e-05_bs32_modL1_fusion32_fusionL1_fusionBN0_drop0p1__wd1e-04trmiss40_trlocglobal,32,1e-05,0.0001,1,32,1,False,0.1,lr1e-05_bs32_modL1_fusion32_fusionL1_fusionBN0_drop0p1__wd1e-04trmiss40_trlocglobal,3,0.6960797806580862,0.6908712387084961,0.5513833992094862,0.6397300289576465,0.5333333333333333,0.0,0.0,0.0,0.0,0.0,0.0,0.0,0.0,0.0,,,,,18473,global,0.4
4,2,lr1e-05_bs32_modL1_fusion32_fusionL1_fusionBN0_drop0p1__wd1e-04trmiss40_trlocglobal,32,1e-05,0.0001,1,32,1,False,0.1,lr1e-05_bs32_modL1_fusion32_fusionL1_fusionBN0_drop0p1__wd1e-04trmiss40_trlocglobal,4,0.6909821927547455,0.6903131008148193,0.5573122529644268,0.642462243124778,0.5111111111111111,0.0,0.0,0.0,0.0,0.0,0.0,0.0,0.0,0.0,,,,,18473,global,0.4
4,2,lr1e-05_bs32_modL1_fusion32_fusionL1_fusionBN0_drop0p1__wd1e-04trmiss40_trlocglobal,32,1e-05,0.0001,1,32,1,False,0.1,lr1e-05_bs32_modL1_fusion32_fusionL1_fusionBN0_drop0p1__wd1e-04trmiss40_trlocglobal,5,0.6905001401901245,0.6898677051067352,0.5632411067193676,0.6564544165914729,0.5111111111111111,0.0,0.0,0.0,0.0,0.0,0.0,0.0,0.0,0.0,,,,,18473,global,0.4
4,2,lr1e-05_bs32_modL1_fusion32_fusionL1_fusionBN0_drop0p1__wd1e-04trmiss40_trlocglobal,32,1e-05,0.0001,1,32,1,False,0.1,lr1e-05_bs32_modL1_fusion32_fusionL1_fusionBN0_drop0p1__wd1e-04trmiss40_trlocglobal,6,0.687936911980311,0.6893148422241211,0.5612648221343873,0.655478927266405,0.5111111111111111,0.0,0.0,0.0,0.0,0.0,0.0,0.0,0.0,0.0,,,,,18473,global,0.4
4,2,lr1e-05_bs32_modL1_fusion32_fusionL1_fusionBN0_drop0p1__wd1e-04trmiss40_trlocglobal,32,1e-05,0.0001,1,32,1,False,0.1,lr1e-05_bs32_modL1_fusion32_fusionL1_fusionBN0_drop0p1__wd1e-04trmiss40_trlocglobal,7,0.6879680057366689,0.6890862584114075,0.5553359683794465,0.652913939918809,0.5111111111111111,0.0,0.0,0.0,0.0,0.0,0.0,0.0,0.0,0.0,,,,,18473,global,0.4
4,2,lr1e-05_bs32_modL1_fusion32_fusionL1_fusionBN0_drop0p1__wd1e-04trmiss40_trlocglobal,32,1e-05,0.0001,1,32,1,False,0.1,lr1e-05_bs32_modL1_fusion32_fusionL1_fusionBN0_drop0p1__wd1e-04trmiss40_trlocglobal,8,0.685471644004186,0.6888522207736969,0.5553359683794467,0.6505220379049788,0.5111111111111111,0.0,0.0,0.0,0.0,0.0,0.0,0.0,0.0,0.0,,,,,18473,global,0.4
4,2,lr1e-05_bs32_modL1_fusion32_fusionL1_fusionBN0_drop0p1__wd1e-04trmiss40_trlocglobal,32,1e-05,0.0001,1,32,1,False,0.1,lr1e-05_bs32_modL1_fusion32_fusionL1_fusionBN0_drop0p1__wd1e-04trmiss40_trlocglobal,9,0.6820801496505737,0.6878992915153503,0.5691699604743082,0.6556523986081628,0.5555555555555556,0.0,0.0,0.0,0.0,0.0,0.0,0.0,0.0,0.0,,,,,18473,global,0.4
4,2,lr1e-05_bs32_modL1_fusion32_fusionL1_fusionBN0_drop0p1__wd1e-04trmiss40_trlocglobal,32,1e-05,0.0001,1,32,1,False,0.1,lr1e-05_bs32_modL1_fusion32_fusionL1_fusionBN0_drop0p1__wd1e-04trmiss40_trlocglobal,10,0.6865001320838928,0.6873098015785217,0.575098814229249,0.664938285582837,0.5555555555555556,0.0,0.0,0.0,0.0,0.0,0.0,0.0,0.0,0.0,,,,,18473,global,0.4
4,2,lr1e-05_bs32_modL1_fusion32_fusionL1_fusionBN0_drop0p1__wd1e-04trmiss40_trlocglobal,32,1e-05,0.0001,1,32,1,False,0.1,lr1e-05_bs32_modL1_fusion32_fusionL1_fusionBN0_drop0p1__wd1e-04trmiss40_trlocglobal,11,0.6839926540851593,0.6870546936988831,0.5770750988142292,0.6729839038482095,0.5555555555555556,0.0,0.0,0.0,0.0,0.0,0.0,0.0,0.0,0.0,,,,,18473,global,0.4
4,2,lr1e-05_bs32_modL1_fusion32_fusionL1_fusionBN0_drop0p1__wd1e-04trmiss40_trlocglobal,32,1e-05,0.0001,1,32,1,False,0.1,lr1e-05_bs32_modL1_fusion32_fusionL1_fusionBN0_drop0p1__wd1e-04trmiss40_trlocglobal,12,0.6788904766241709,0.6861583292484283,0.5849802371541502,0.6789363169096688,0.5555555555555556,0.0,0.0,0.0,0.0,0.0,0.0,0.0,0.0,0.0,,,,,18473,global,0.4
4,2,lr1e-05_bs32_modL1_fusion32_fusionL1_fusionBN0_drop0p1__wd1e-04trmiss40_trlocglobal,32,1e-05,0.0001,1,32,1,False,0.1,lr1e-05_bs32_modL1_fusion32_fusionL1_fusionBN0_drop0p1__wd1e-04trmiss40_trlocglobal,13,0.6797988613446554,0.6862300336360931,0.5869565217391304,0.6874200582322848,0.5555555555555556,0.0,0.0,0.0,0.0,0.0,0.0,0.0,0.0,0.0,,,,,18473,global,0.4
4,2,lr1e-05_bs32_modL1_fusion32_fusionL1_fusionBN0_drop0p1__wd1e-04trmiss40_trlocglobal,32,1e-05,0.0001,1,32,1,False,0.1,lr1e-05_bs32_modL1_fusion32_fusionL1_fusionBN0_drop0p1__wd1e-04trmiss40_trlocglobal,14,0.6770073572794596,0.6860575973987579,0.5869565217391304,0.6874200582322848,0.5555555555555556,0.0,0.0,0.0,0.0,0.0,0.0,0.0,0.0,0.0,,,,,18473,global,0.4
4,2,lr1e-05_bs32_modL1_fusion32_fusionL1_fusionBN0_drop0p1__wd1e-04trmiss40_trlocglobal,32,1e-05,0.0001,1,32,1,False,0.1,lr1e-05_bs32_modL1_fusion32_fusionL1_fusionBN0_drop0p1__wd1e-04trmiss40_trlocglobal,15,0.6785994370778402,0.6862340271472931,0.5849802371541502,0.6818055249962682,0.5333333333333333,0.0,0.0,0.0,0.0,0.0,0.0,0.0,0.0,0.0,,,,,18473,global,0.4
4,2,lr1e-05_bs32_modL1_fusion32_fusionL1_fusionBN0_drop0p1__wd1e-04trmiss40_trlocglobal,32,1e-05,0.0001,1,32,1,False,0.1,lr1e-05_bs32_modL1_fusion32_fusionL1_fusionBN0_drop0p1__wd1e-04trmiss40_trlocglobal,16,0.6753507256507874,0.6859820187091827,0.5909090909090909,0.6928188442475737,0.5333333333333333,0.0,0.0,0.0,0.0,0.0,0.0,0.0,0.0,0.0,,,,,18473,global,0.4
4,2,lr1e-05_bs32_modL1_fusion32_fusionL1_fusionBN0_drop0p1__wd1e-04trmiss40_trlocglobal,32,1e-05,0.0001,1,32,1,False,0.1,lr1e-05_bs32_modL1_fusion32_fusionL1_fusionBN0_drop0p1__wd1e-04trmiss40_trlocglobal,17,0.6705086628595988,0.6855656504631042,0.5909090909090909,0.6929277506864034,0.5555555555555556,0.0,0.0,0.0,0.0,0.0,0.0,0.0,0.0,0.0,,,,,18473,global,0.4
4,2,lr1e-05_bs32_modL1_fusion32_fusionL1_fusionBN0_drop0p1__wd1e-04trmiss40_trlocglobal,32,1e-05,0.0001,1,32,1,False,0.1,lr1e-05_bs32_modL1_fusion32_fusionL1_fusionBN0_drop0p1__wd1e-04trmiss40_trlocglobal,18,0.6685502032438914,0.6851447224617004,0.5948616600790514,0.6940064432362811,0.5555555555555556,0.0,0.0,0.0,0.0,0.0,0.0,0.0,0.0,0.0,,,,,18473,global,0.4
4,2,lr1e-05_bs32_modL1_fusion32_fusionL1_fusionBN0_drop0p1__wd1e-04trmiss40_trlocglobal,32,1e-05,0.0001,1,32,1,False,0.1,lr1e-05_bs32_modL1_fusion32_fusionL1_fusionBN0_drop0p1__wd1e-04trmiss40_trlocglobal,19,0.670357346534729,0.68498295545578,0.5909090909090909,0.6925208008613994,0.5777777777777777,0.0,0.0,0.0,0.0,0.0,0.0,0.0,0.0,0.0,,,,,18473,global,0.4
4,2,lr1e-05_bs32_modL1_fusion32_fusionL1_fusionBN0_drop0p1__wd1e-04trmiss40_trlocglobal,32,1e-05,0.0001,1,32,1,False,0.1,lr1e-05_bs32_modL1_fusion32_fusionL1_fusionBN0_drop0p1__wd1e-04trmiss40_trlocglobal,20,0.6676914592583975,0.6847101151943207,0.5909090909090909,0.6969203867827246,0.5777777777777777,0.0,0.0,0.0,0.0,0.0,0.0,0.0,0.0,0.0,,,,,18473,global,0.4
4,2,lr1e-05_bs32_modL1_fusion32_fusionL1_fusionBN0_drop0p1__wd1e-04trmiss40_trlocglobal,32,1e-05,0.0001,1,32,1,False,0.1,lr1e-05_bs32_modL1_fusion32_fusionL1_fusionBN0_drop0p1__wd1e-04trmiss40_trlocglobal,21,0.6688073972860972,0.6846146285533905,0.5948616600790514,0.7069860453878904,0.5777777777777777,0.0,0.0,0.0,0.0,0.0,0.0,0.0,0.0,0.0,,,,,18473,global,0.4
4,2,lr1e-05_bs32_modL1_fusion32_fusionL1_fusionBN0_drop0p1__wd1e-04trmiss40_trlocglobal,32,1e-05,0.0001,1,32,1,False,0.1,lr1e-05_bs32_modL1_fusion32_fusionL1_fusionBN0_drop0p1__wd1e-04trmiss40_trlocglobal,22,0.6663196583588918,0.6845026314258575,0.5869565217391304,0.6991458424515611,0.5777777777777777,0.0,0.0,0.0,0.0,0.0,0.0,0.0,0.0,0.0,,,,,18473,global,0.4
4,2,lr1e-05_bs32_modL1_fusion32_fusionL1_fusionBN0_drop0p1__wd1e-04trmiss40_trlocglobal,32,1e-05,0.0001,1,32,1,False,0.1,lr1e-05_bs32_modL1_fusion32_fusionL1_fusionBN0_drop0p1__wd1e-04trmiss40_trlocglobal,23,0.665439506371816,0.6842146217823029,0.5948616600790514,0.7069254280643386,0.5777777777777777,0.0,0.0,0.0,0.0,0.0,0.0,0.0,0.0,0.0,,,,,18473,global,0.4
4,2,lr1e-05_bs32_modL1_fusion32_fusionL1_fusionBN0_drop0p1__wd1e-04trmiss40_trlocglobal,32,1e-05,0.0001,1,32,1,False,0.1,lr1e-05_bs32_modL1_fusion32_fusionL1_fusionBN0_drop0p1__wd1e-04trmiss40_trlocglobal,24,0.6637027064959208,0.6841964721679688,0.5948616600790514,0.7035406494238055,0.5777777777777777,0.0,0.0,0.0,0.0,0.0,0.0,0.0,0.0,0.0,,,,,18473,global,0.4
4,2,lr1e-05_bs32_modL1_fusion32_fusionL1_fusionBN0_drop0p1__wd1e-04trmiss40_trlocglobal,32,1e-05,0.0001,1,32,1,False,0.1,lr1e-05_bs32_modL1_fusion32_fusionL1_fusionBN0_drop0p1__wd1e-04trmiss40_trlocglobal,25,0.6666665772596995,0.684268444776535,0.5968379446640317,0.7074261501123751,0.5777777777777777,0.0,0.0,0.0,0.0,0.0,0.0,0.0,0.0,0.0,,,,,18473,global,0.4
4,2,lr1e-05_bs32_modL1_fusion32_fusionL1_fusionBN0_drop0p1__wd1e-04trmiss40_trlocglobal,32,1e-05,0.0001,1,32,1,False,0.1,lr1e-05_bs32_modL1_fusion32_fusionL1_fusionBN0_drop0p1__wd1e-04trmiss40_trlocglobal,26,0.666263997554779,0.6842412948608398,0.5948616600790514,0.7035406494238055,0.5777777777777777,0.0,0.0,0.0,0.0,0.0,0.0,0.0,0.0,0.0,,,,,18473,global,0.4
4,2,lr1e-05_bs32_modL1_fusion32_fusionL1_fusionBN0_drop0p1__wd1e-04trmiss40_trlocglobal,32,1e-05,0.0001,1,32,1,False,0.1,lr1e-05_bs32_modL1_fusion32_fusionL1_fusionBN0_drop0p1__wd1e-04trmiss40_trlocglobal,27,0.662594864765803,0.6845261454582214,0.5968379446640316,0.7066960332885714,0.5555555555555556,0.0,0.0,0.0,0.0,0.0,0.0,0.0,0.0,0.0,,,,,18473,global,0.4
4,2,lr1e-05_bs32_modL1_fusion32_fusionL1_fusionBN0_drop0p1__wd1e-04trmiss40_trlocglobal,32,1e-05,0.0001,1,32,1,False,0.1,lr1e-05_bs32_modL1_fusion32_fusionL1_fusionBN0_drop0p1__wd1e-04trmiss40_trlocglobal,28,0.661961833635966,0.6842373311519623,0.5948616600790515,0.7060136034139913,0.5555555555555556,0.0,0.0,0.0,0.0,0.0,0.0,0.0,0.0,0.0,,,,,18473,global,0.4
4,2,lr1e-05_bs32_modL1_fusion32_fusionL1_fusionBN0_drop0p1__wd1e-04trmiss40_trlocglobal,32,1e-05,0.0001,1,32,1,False,0.1,lr1e-05_bs32_modL1_fusion32_fusionL1_fusionBN0_drop0p1__wd1e-04trmiss40_trlocglobal,29,0.6641855339209238,0.6843090355396271,0.5928853754940712,0.7051440381966,0.5555555555555556,0.0,0.0,0.0,0.0,0.0,0.0,0.0,0.0,0.0,,,,,18473,global,0.4
4,2,lr1e-05_bs32_modL1_fusion32_fusionL1_fusionBN0_drop0p1__wd1e-04trmiss40_trlocglobal,32,1e-05,0.0001,1,32,1,False,0.1,lr1e-05_bs32_modL1_fusion32_fusionL1_fusionBN0_drop0p1__wd1e-04trmiss40_trlocglobal,30,0.6613323092460632,0.6843681633472443,0.5948616600790514,0.7058803010812005,0.5555555555555556,0.0,0.0,0.0,0.0,0.0,0.0,0.0,0.0,0.0,,,,,18473,global,0.4
4,2,lr1e-05_bs32_modL1_fusion32_fusionL1_fusionBN0_drop0p1__wd1e-04trmiss40_trlocglobal,32,1e-05,0.0001,1,32,1,False,0.1,lr1e-05_bs32_modL1_fusion32_fusionL1_fusionBN0_drop0p1__wd1e-04trmiss40_trlocglobal,31,0.6615923444430033,0.6840816736221313,0.5948616600790514,0.7058803010812005,0.5777777777777777,0.0,0.0,0.0,0.0,0.0,0.0,0.0,0.0,0.0,,,,,18473,global,0.4
4,2,lr1e-05_bs32_modL1_fusion32_fusionL1_fusionBN0_drop0p1__wd1e-04trmiss40_trlocglobal,32,1e-05,0.0001,1,32,1,False,0.1,lr1e-05_bs32_modL1_fusion32_fusionL1_fusionBN0_drop0p1__wd1e-04trmiss40_trlocglobal,32,0.6560751597086588,0.6838539242744446,0.5948616600790514,0.7055826760009667,0.5555555555555556,0.0,0.0,0.0,0.0,0.0,0.0,0.0,0.0,0.0,,,,,18473,global,0.4
4,2,lr1e-05_bs32_modL1_fusion32_fusionL1_fusionBN0_drop0p1__wd1e-04trmiss40_trlocglobal,32,1e-05,0.0001,1,32,1,False,0.1,lr1e-05_bs32_modL1_fusion32_fusionL1_fusionBN0_drop0p1__wd1e-04trmiss40_trlocglobal,33,0.6567028264204661,0.6832426190376282,0.5948616600790514,0.6999356979653766,0.5777777777777777,0.0,0.0,0.0,0.0,0.0,0.0,0.0,0.0,0.0,,,,,18473,global,0.4
4,2,lr1e-05_bs32_modL1_fusion32_fusionL1_fusionBN0_drop0p1__wd1e-04trmiss40_trlocglobal,32,1e-05,0.0001,1,32,1,False,0.1,lr1e-05_bs32_modL1_fusion32_fusionL1_fusionBN0_drop0p1__wd1e-04trmiss40_trlocglobal,34,0.6574141184488932,0.6826803088188171,0.5948616600790514,0.7027882399483532,0.5777777777777777,0.0,0.0,0.0,0.0,0.0,0.0,0.0,0.0,0.0,,,,,18473,global,0.4
4,2,lr1e-05_bs32_modL1_fusion32_fusionL1_fusionBN0_drop0p1__wd1e-04trmiss40_trlocglobal,32,1e-05,0.0001,1,32,1,False,0.1,lr1e-05_bs32_modL1_fusion32_fusionL1_fusionBN0_drop0p1__wd1e-04trmiss40_trlocglobal,35,0.6531455516815186,0.6824518740177155,0.5948616600790514,0.6998206761112242,0.6222222222222222,0.0,0.0,0.0,0.0,0.0,0.0,0.0,0.0,0.0,,,,,18473,global,0.4
4,2,lr1e-05_bs32_modL1_fusion32_fusionL1_fusionBN0_drop0p1__wd1e-04trmiss40_trlocglobal,32,1e-05,0.0001,1,32,1,False,0.1,lr1e-05_bs32_modL1_fusion32_fusionL1_fusionBN0_drop0p1__wd1e-04trmiss40_trlocglobal,36,0.6525448262691498,0.6825312077999115,0.5968379446640316,0.6984169268241798,0.6,0.0,0.0,0.0,0.0,0.0,0.0,0.0,0.0,0.0,,,,,18473,global,0.4
4,2,lr1e-05_bs32_modL1_fusion32_fusionL1_fusionBN0_drop0p1__wd1e-04trmiss40_trlocglobal,32,1e-05,0.0001,1,32,1,False,0.1,lr1e-05_bs32_modL1_fusion32_fusionL1_fusionBN0_drop0p1__wd1e-04trmiss40_trlocglobal,37,0.6529005865255991,0.6822884380817413,0.5948616600790514,0.6988716014476523,0.5777777777777777,0.0,0.0,0.0,0.0,0.0,0.0,0.0,0.0,0.0,,,,,18473,global,0.4
4,2,lr1e-05_bs32_modL1_fusion32_fusionL1_fusionBN0_drop0p1__wd1e-04trmiss40_trlocglobal,32,1e-05,0.0001,1,32,1,False,0.1,lr1e-05_bs32_modL1_fusion32_fusionL1_fusionBN0_drop0p1__wd1e-04trmiss40_trlocglobal,38,0.6489951014518738,0.6823851764202118,0.598814229249012,0.7014953943076815,0.5777777777777777,0.0,0.0,0.0,0.0,0.0,0.0,0.0,0.0,0.0,,,,,18473,global,0.4
4,2,lr1e-05_bs32_modL1_fusion32_fusionL1_fusionBN0_drop0p1__wd1e-04trmiss40_trlocglobal,32,1e-05,0.0001,1,32,1,False,0.1,lr1e-05_bs32_modL1_fusion32_fusionL1_fusionBN0_drop0p1__wd1e-04trmiss40_trlocglobal,39,0.646937628587087,0.6823031008243561,0.5928853754940712,0.7023120217931069,0.6,0.0,0.0,0.0,0.0,0.0,0.0,0.0,0.0,0.0,,,,,18473,global,0.4
4,2,lr1e-05_bs32_modL1_fusion32_fusionL1_fusionBN0_drop0p1__wd1e-04trmiss40_trlocglobal,32,1e-05,0.0001,1,32,1,False,0.1,lr1e-05_bs32_modL1_fusion32_fusionL1_fusionBN0_drop0p1__wd1e-04trmiss40_trlocglobal,40,0.6455410619576772,0.6821886003017426,0.5928853754940712,0.6951626293176275,0.6,0.0,0.0,0.0,0.0,0.0,0.0,0.0,0.0,0.0,,,,,18473,global,0.4
4,2,lr1e-05_bs32_modL1_fusion32_fusionL1_fusionBN0_drop0p1__wd1e-04trmiss40_trlocglobal,32,1e-05,0.0001,1,32,1,False,0.1,lr1e-05_bs32_modL1_fusion32_fusionL1_fusionBN0_drop0p1__wd1e-04trmiss40_trlocglobal,41,0.6474197705586752,0.681909829378128,0.5948616600790514,0.6941730817235571,0.6,0.0,0.0,0.0,0.0,0.0,0.0,0.0,0.0,0.0,,,,,18473,global,0.4
4,2,lr1e-05_bs32_modL1_fusion32_fusionL1_fusionBN0_drop0p1__wd1e-04trmiss40_trlocglobal,32,1e-05,0.0001,1,32,1,False,0.1,lr1e-05_bs32_modL1_fusion32_fusionL1_fusionBN0_drop0p1__wd1e-04trmiss40_trlocglobal,42,0.652043879032135,0.6821408271789551,0.5909090909090909,0.6874806871739403,0.6,0.0,0.0,0.0,0.0,0.0,0.0,0.0,0.0,0.0,,,,,18473,global,0.4
4,2,lr1e-05_bs32_modL1_fusion32_fusionL1_fusionBN0_drop0p1__wd1e-04trmiss40_trlocglobal,32,1e-05,0.0001,1,32,1,False,0.1,lr1e-05_bs32_modL1_fusion32_fusionL1_fusionBN0_drop0p1__wd1e-04trmiss40_trlocglobal,43,0.6452610989411672,0.6820071637630463,0.5909090909090908,0.6866484381375325,0.6,0.0,0.0,0.0,0.0,0.0,0.0,0.0,0.0,0.0,,,,,18473,global,0.4
4,2,lr1e-05_bs32_modL1_fusion32_fusionL1_fusionBN0_drop0p1__wd1e-04trmiss40_trlocglobal,32,1e-05,0.0001,1,32,1,False,0.1,lr1e-05_bs32_modL1_fusion32_fusionL1_fusionBN0_drop0p1__wd1e-04trmiss40_trlocglobal,44,0.6470886965592703,0.6816842257976532,0.5909090909090909,0.6846470578752827,0.6,0.0,0.0,0.0,0.0,0.0,0.0,0.0,0.0,0.0,,,,,18473,global,0.4
4,2,lr1e-05_bs32_modL1_fusion32_fusionL1_fusionBN0_drop0p1__wd1e-04trmiss40_trlocglobal,32,1e-05,0.0001,1,32,1,False,0.1,lr1e-05_bs32_modL1_fusion32_fusionL1_fusionBN0_drop0p1__wd1e-04trmiss40_trlocglobal,45,0.6492072840531667,0.6815323531627655,0.5968379446640316,0.6974223260853335,0.6,0.0,0.0,0.0,0.0,0.0,0.0,0.0,0.0,0.0,,,,,18473,global,0.4
4,2,lr1e-05_bs32_modL1_fusion32_fusionL1_fusionBN0_drop0p1__wd1e-04trmiss40_trlocglobal,32,1e-05,0.0001,1,32,1,False,0.1,lr1e-05_bs32_modL1_fusion32_fusionL1_fusionBN0_drop0p1__wd1e-04trmiss40_trlocglobal,46,0.6454995771249136,0.681459367275238,0.5948616600790513,0.6934881765562183,0.6,0.0,0.0,0.0,0.0,0.0,0.0,0.0,0.0,0.0,,,,,18473,global,0.4
4,2,lr1e-05_bs32_modL1_fusion32_fusionL1_fusionBN0_drop0p1__wd1e-04trmiss40_trlocglobal,32,1e-05,0.0001,1,32,1,False,0.1,lr1e-05_bs32_modL1_fusion32_fusionL1_fusionBN0_drop0p1__wd1e-04trmiss40_trlocglobal,47,0.6474283536275228,0.6810745298862457,0.5988142292490118,0.698705302425518,0.6,0.0,0.0,0.0,0.0,0.0,0.0,0.0,0.0,0.0,,,,,18473,global,0.4
4,2,lr1e-05_bs32_modL1_fusion32_fusionL1_fusionBN0_drop0p1__wd1e-04trmiss40_trlocglobal,32,1e-05,0.0001,1,32,1,False,0.1,lr1e-05_bs32_modL1_fusion32_fusionL1_fusionBN0_drop0p1__wd1e-04trmiss40_trlocglobal,48,0.6467717389265696,0.6812772154808044,0.5988142292490118,0.698705302425518,0.6,0.0,0.0,0.0,0.0,0.0,0.0,0.0,0.0,0.0,,,,,18473,global,0.4
4,2,lr1e-05_bs32_modL1_fusion32_fusionL1_fusionBN0_drop0p1__wd1e-04trmiss40_trlocglobal,32,1e-05,0.0001,1,32,1,False,0.1,lr1e-05_bs32_modL1_fusion32_fusionL1_fusionBN0_drop0p1__wd1e-04trmiss40_trlocglobal,49,0.6472787161668142,0.6809490621089935,0.5968379446640316,0.6932705198168223,0.6222222222222222,0.0,0.0,0.0,0.0,0.0,0.0,0.0,0.0,0.0,,,,,18473,global,0.4
4,2,lr1e-05_bs32_modL1_fusion32_fusionL1_fusionBN0_drop0p1__wd1e-04trmiss40_trlocglobal,32,1e-05,0.0001,1,32,1,False,0.1,lr1e-05_bs32_modL1_fusion32_fusionL1_fusionBN0_drop0p1__wd1e-04trmiss40_trlocglobal,50,0.6415705581506094,0.6809687614440918,0.5968379446640316,0.6932705198168223,0.6222222222222222,0.0,0.0,0.0,0.0,0.0,0.0,0.0,0.0,0.0,,,,,18473,global,0.4
4,2,lr1e-05_bs32_modL1_fusion32_fusionL1_fusionBN0_drop0p1__wd1e-04trmiss40_trlocglobal,32,1e-05,0.0001,1,32,1,False,0.1,lr1e-05_bs32_modL1_fusion32_fusionL1_fusionBN0_drop0p1__wd1e-04trmiss40_trlocglobal,51,0.6481536229451498,0.6809151470661163,0.5968379446640316,0.6932705198168223,0.6222222222222222,0.0,0.0,0.0,0.0,0.0,0.0,0.0,0.0,0.0,,,,,18473,global,0.4
4,2,lr1e-05_bs32_modL1_fusion32_fusionL1_fusionBN0_drop0p1__wd1e-04trmiss40_trlocglobal,32,1e-05,0.0001,1,32,1,False,0.1,lr1e-05_bs32_modL1_fusion32_fusionL1_fusionBN0_drop0p1__wd1e-04trmiss40_trlocglobal,52,0.65025066335996,0.6803838312625885,0.5968379446640316,0.6932705198168223,0.6222222222222222,0.0,0.0,0.0,0.0,0.0,0.0,0.0,0.0,0.0,,,,,18473,global,0.4
4,2,lr1e-05_bs32_modL1_fusion32_fusionL1_fusionBN0_drop0p1__wd1e-04trmiss40_trlocglobal,32,1e-05,0.0001,1,32,1,False,0.1,lr1e-05_bs32_modL1_fusion32_fusionL1_fusionBN0_drop0p1__wd1e-04trmiss40_trlocglobal,53,0.6457539200782776,0.6799586415290833,0.5968379446640316,0.6932705198168223,0.6222222222222222,0.0,0.0,0.0,0.0,0.0,0.0,0.0,0.0,0.0,,,,,18473,global,0.4
4,2,lr1e-05_bs32_modL1_fusion32_fusionL1_fusionBN0_drop0p1__wd1e-04trmiss40_trlocglobal,32,1e-05,0.0001,1,32,1,False,0.1,lr1e-05_bs32_modL1_fusion32_fusionL1_fusionBN0_drop0p1__wd1e-04trmiss40_trlocglobal,54,0.6434049705664316,0.6797765791416168,0.6047430830039525,0.7023098701033123,0.6222222222222222,0.0,0.0,0.0,0.0,0.0,0.0,0.0,0.0,0.0,,,,,18473,global,0.4
4,2,lr1e-05_bs32_modL1_fusion32_fusionL1_fusionBN0_drop0p1__wd1e-04trmiss40_trlocglobal,32,1e-05,0.0001,1,32,1,False,0.1,lr1e-05_bs32_modL1_fusion32_fusionL1_fusionBN0_drop0p1__wd1e-04trmiss40_trlocglobal,55,0.6431777079900106,0.6793394088745117,0.6027667984189723,0.6968750874946166,0.6222222222222222,0.0,0.0,0.0,0.0,0.0,0.0,0.0,0.0,0.0,,,,,18473,global,0.4
4,2,lr1e-05_bs32_modL1_fusion32_fusionL1_fusionBN0_drop0p1__wd1e-04trmiss40_trlocglobal,32,1e-05,0.0001,1,32,1,False,0.1,lr1e-05_bs32_modL1_fusion32_fusionL1_fusionBN0_drop0p1__wd1e-04trmiss40_trlocglobal,56,0.6434999803702036,0.6798668801784515,0.6007905138339921,0.6960699345155505,0.6222222222222222,0.0,0.0,0.0,0.0,0.0,0.0,0.0,0.0,0.0,,,,,18473,global,0.4
4,2,lr1e-05_bs32_modL1_fusion32_fusionL1_fusionBN0_drop0p1__wd1e-04trmiss40_trlocglobal,32,1e-05,0.0001,1,32,1,False,0.1,lr1e-05_bs32_modL1_fusion32_fusionL1_fusionBN0_drop0p1__wd1e-04trmiss40_trlocglobal,57,0.6460243364175161,0.6800074279308319,0.6027667984189723,0.6961234872006822,0.6222222222222222,0.0,0.0,0.0,0.0,0.0,0.0,0.0,0.0,0.0,,,,,18473,global,0.4
4,2,lr1e-05_bs32_modL1_fusion32_fusionL1_fusionBN0_drop0p1__wd1e-04trmiss40_trlocglobal,32,1e-05,0.0001,1,32,1,False,0.1,lr1e-05_bs32_modL1_fusion32_fusionL1_fusionBN0_drop0p1__wd1e-04trmiss40_trlocglobal,58,0.6394721766312917,0.6797893047332764,0.6027667984189723,0.6976241202802627,0.6222222222222222,0.0,0.0,0.0,0.0,0.0,0.0,0.0,0.0,0.0,,,,,18473,global,0.4
4,2,lr1e-05_bs32_modL1_fusion32_fusionL1_fusionBN0_drop0p1__wd1e-04trmiss40_trlocglobal,32,1e-05,0.0001,1,32,1,False,0.1,lr1e-05_bs32_modL1_fusion32_fusionL1_fusionBN0_drop0p1__wd1e-04trmiss40_trlocglobal,59,0.6444388230641683,0.6799015998840332,0.5988142292490118,0.6940756727958883,0.6,0.0,0.0,0.0,0.0,0.0,0.0,0.0,0.0,0.0,,,,,18473,global,0.4
4,2,lr1e-05_bs32_modL1_fusion32_fusionL1_fusionBN0_drop0p1__wd1e-04trmiss40_trlocglobal,32,1e-05,0.0001,1,32,1,False,0.1,lr1e-05_bs32_modL1_fusion32_fusionL1_fusionBN0_drop0p1__wd1e-04trmiss40_trlocglobal,60,0.6353218158086141,0.6797610819339752,0.6007905138339921,0.6954740963911084,0.6,0.0,0.0,0.0,0.0,0.0,0.0,0.0,0.0,0.0,,,,,18473,global,0.4
4,2,lr1e-05_bs32_modL1_fusion32_fusionL1_fusionBN0_drop0p1__wd1e-04trmiss40_trlocglobal,32,1e-05,0.0001,1,32,1,False,0.1,lr1e-05_bs32_modL1_fusion32_fusionL1_fusionBN0_drop0p1__wd1e-04trmiss40_trlocglobal,61,0.6403026978174845,0.6794200241565704,0.6007905138339921,0.6962256966850427,0.6222222222222222,0.0,0.0,0.0,0.0,0.0,0.0,0.0,0.0,0.0,,,,,18473,global,0.4
4,2,lr1e-05_bs32_modL1_fusion32_fusionL1_fusionBN0_drop0p1__wd1e-04trmiss40_trlocglobal,32,1e-05,0.0001,1,32,1,False,0.1,lr1e-05_bs32_modL1_fusion32_fusionL1_fusionBN0_drop0p1__wd1e-04trmiss40_trlocglobal,62,0.6393867333730062,0.6798399686813354,0.6027667984189723,0.6955946288228536,0.6222222222222222,0.0,0.0,0.0,0.0,0.0,0.0,0.0,0.0,0.0,,,,,18473,global,0.4
4,2,lr1e-05_bs32_modL1_fusion32_fusionL1_fusionBN0_drop0p1__wd1e-04trmiss40_trlocglobal,32,1e-05,0.0001,1,32,1,False,0.1,lr1e-05_bs32_modL1_fusion32_fusionL1_fusionBN0_drop0p1__wd1e-04trmiss40_trlocglobal,63,0.6446403662363688,0.6793792545795441,0.598814229249012,0.6936569119652283,0.6,0.0,0.0,0.0,0.0,0.0,0.0,0.0,0.0,0.0,,,,,18473,global,0.4
4,2,lr1e-05_bs32_modL1_fusion32_fusionL1_fusionBN0_drop0p1__wd1e-04trmiss40_trlocglobal,32,1e-05,0.0001,1,32,1,False,0.1,lr1e-05_bs32_modL1_fusion32_fusionL1_fusionBN0_drop0p1__wd1e-04trmiss40_trlocglobal,64,0.639637808005015,0.6793695092201233,0.5988142292490118,0.6930636413490743,0.6222222222222222,0.0,0.0,0.0,0.0,0.0,0.0,0.0,0.0,0.0,,,,,18473,global,0.4
4,2,lr1e-05_bs32_modL1_fusion32_fusionL1_fusionBN0_drop0p1__wd1e-04trmiss40_trlocglobal,32,1e-05,0.0001,1,32,1,False,0.1,lr1e-05_bs32_modL1_fusion32_fusionL1_fusionBN0_drop0p1__wd1e-04trmiss40_trlocglobal,65,0.6399190127849579,0.6791300177574158,0.6027667984189723,0.6946694694510661,0.6222222222222222,0.0,0.0,0.0,0.0,0.0,0.0,0.0,0.0,0.0,,,,,18473,global,0.4
4,2,lr1e-05_bs32_modL1_fusion32_fusionL1_fusionBN0_drop0p1__wd1e-04trmiss40_trlocglobal,32,1e-05,0.0001,1,32,1,False,0.1,lr1e-05_bs32_modL1_fusion32_fusionL1_fusionBN0_drop0p1__wd1e-04trmiss40_trlocglobal,66,0.6367789010206858,0.6789962649345398,0.6027667984189723,0.6945306313071129,0.6,0.0,0.0,0.0,0.0,0.0,0.0,0.0,0.0,0.0,,,,,18473,global,0.4
4,2,lr1e-05_bs32_modL1_fusion32_fusionL1_fusionBN0_drop0p1__wd1e-04trmiss40_trlocglobal,32,1e-05,0.0001,1,32,1,False,0.1,lr1e-05_bs32_modL1_fusion32_fusionL1_fusionBN0_drop0p1__wd1e-04trmiss40_trlocglobal,67,0.6410431067148844,0.679500162601471,0.6027667984189723,0.6946694694510661,0.6222222222222222,0.0,0.0,0.0,0.0,0.0,0.0,0.0,0.0,0.0,,,,,18473,global,0.4
4,2,lr1e-05_bs32_modL1_fusion32_fusionL1_fusionBN0_drop0p1__wd1e-04trmiss40_trlocglobal,32,1e-05,0.0001,1,32,1,False,0.1,lr1e-05_bs32_modL1_fusion32_fusionL1_fusionBN0_drop0p1__wd1e-04trmiss40_trlocglobal,68,0.6412064532438914,0.6795448064804077,0.5948616600790514,0.6915683572450946,0.6222222222222222,0.0,0.0,0.0,0.0,0.0,0.0,0.0,0.0,0.0,,,,,18473,global,0.4
4,2,lr1e-05_bs32_modL1_fusion32_fusionL1_fusionBN0_drop0p1__wd1e-04trmiss40_trlocglobal,32,1e-05,0.0001,1,32,1,False,0.1,lr1e-05_bs32_modL1_fusion32_fusionL1_fusionBN0_drop0p1__wd1e-04trmiss40_trlocglobal,69,0.640308290719986,0.6795111298561096,0.6007905138339921,0.6906481824118762,0.6222222222222222,0.0,0.0,0.0,0.0,0.0,0.0,0.0,0.0,0.0,,,,,18473,global,0.4
4,2,lr1e-05_bs32_modL1_fusion32_fusionL1_fusionBN0_drop0p1__wd1e-04trmiss40_trlocglobal,32,1e-05,0.0001,1,32,1,False,0.1,lr1e-05_bs32_modL1_fusion32_fusionL1_fusionBN0_drop0p1__wd1e-04trmiss40_trlocglobal,70,0.6407535473505656,0.6793724596500397,0.5988142292490118,0.6876587490349193,0.6222222222222222,0.0,0.0,0.0,0.0,0.0,0.0,0.0,0.0,0.0,,,,,18473,global,0.4
4,2,lr1e-05_bs32_modL1_fusion32_fusionL1_fusionBN0_drop0p1__wd1e-04trmiss40_trlocglobal,32,1e-05,0.0001,1,32,1,False,0.1,lr1e-05_bs32_modL1_fusion32_fusionL1_fusionBN0_drop0p1__wd1e-04trmiss40_trlocglobal,71,0.6388039986292521,0.6791054606437683,0.6047430830039526,0.6901437777514614,0.6222222222222222,0.0,0.0,0.0,0.0,0.0,0.0,0.0,0.0,0.0,,,,,18473,global,0.4
4,2,lr1e-05_bs32_modL1_fusion32_fusionL1_fusionBN0_drop0p1__wd1e-04trmiss40_trlocglobal,32,1e-05,0.0001,1,32,1,False,0.1,lr1e-05_bs32_modL1_fusion32_fusionL1_fusionBN0_drop0p1__wd1e-04trmiss40_trlocglobal,72,0.6381368339061737,0.6790637373924255,0.6007905138339922,0.6928682087623375,0.6222222222222222,0.0,0.0,0.0,0.0,0.0,0.0,0.0,0.0,0.0,,,,,18473,global,0.4
4,2,lr1e-05_bs32_modL1_fusion32_fusionL1_fusionBN0_drop0p1__wd1e-04trmiss40_trlocglobal,32,1e-05,0.0001,1,32,1,False,0.1,lr1e-05_bs32_modL1_fusion32_fusionL1_fusionBN0_drop0p1__wd1e-04trmiss40_trlocglobal,73,0.6370185315608978,0.6791910529136658,0.5968379446640316,0.6863245109142917,0.6222222222222222,0.0,0.0,0.0,0.0,0.0,0.0,0.0,0.0,0.0,,,,,18473,global,0.4
4,2,lr1e-05_bs32_modL1_fusion32_fusionL1_fusionBN0_drop0p1__wd1e-04trmiss40_trlocglobal,32,1e-05,0.0001,1,32,1,False,0.1,lr1e-05_bs32_modL1_fusion32_fusionL1_fusionBN0_drop0p1__wd1e-04trmiss40_trlocglobal,74,0.6334031323591868,0.679585874080658,0.5889328063241107,0.6834388884378764,0.6222222222222222,0.0,0.0,0.0,0.0,0.0,0.0,0.0,0.0,0.0,,,,,18473,global,0.4
4,2,lr1e-05_bs32_modL1_fusion32_fusionL1_fusionBN0_drop0p1__wd1e-04trmiss40_trlocglobal,32,1e-05,0.0001,1,32,1,False,0.1,lr1e-05_bs32_modL1_fusion32_fusionL1_fusionBN0_drop0p1__wd1e-04trmiss40_trlocglobal,75,0.6363604267438253,0.6791124641895294,0.592885375494071,0.6850026443750339,0.6222222222222222,0.0,0.0,0.0,0.0,0.0,0.0,0.0,0.0,0.0,,,,,18473,global,0.4
4,2,lr1e-05_bs32_modL1_fusion32_fusionL1_fusionBN0_drop0p1__wd1e-04trmiss40_trlocglobal,32,1e-05,0.0001,1,32,1,False,0.1,lr1e-05_bs32_modL1_fusion32_fusionL1_fusionBN0_drop0p1__wd1e-04trmiss40_trlocglobal,76,0.641118327776591,0.6792259514331818,0.5928853754940712,0.6834843559002236,0.6222222222222222,0.0,0.0,0.0,0.0,0.0,0.0,0.0,0.0,0.0,,,,,18473,global,0.4
4,2,lr1e-05_bs32_modL1_fusion32_fusionL1_fusionBN0_drop0p1__wd1e-04trmiss40_trlocglobal,32,1e-05,0.0001,1,32,1,False,0.1,lr1e-05_bs32_modL1_fusion32_fusionL1_fusionBN0_drop0p1__wd1e-04trmiss40_trlocglobal,77,0.6439364651838938,0.6793888807296753,0.5948616600790514,0.688146457084064,0.6,0.0,0.0,0.0,0.0,0.0,0.0,0.0,0.0,0.0,,,,,18473,global,0.4
4,2,lr1e-05_bs32_modL1_fusion32_fusionL1_fusionBN0_drop0p1__wd1e-04trmiss40_trlocglobal,32,1e-05,0.0001,1,32,1,False,0.1,lr1e-05_bs32_modL1_fusion32_fusionL1_fusionBN0_drop0p1__wd1e-04trmiss40_trlocglobal,78,0.6385798454284668,0.6796221435070038,0.592885375494071,0.6847648145719868,0.6222222222222222,0.0,0.0,0.0,0.0,0.0,0.0,0.0,0.0,0.0,,,,,18473,global,0.4
4,2,lr1e-05_bs32_modL1_fusion32_fusionL1_fusionBN0_drop0p1__wd1e-04trmiss40_trlocglobal,32,1e-05,0.0001,1,32,1,False,0.1,lr1e-05_bs32_modL1_fusion32_fusionL1_fusionBN0_drop0p1__wd1e-04trmiss40_trlocglobal,79,0.6381560961405436,0.6794847548007965,0.5948616600790514,0.6880775669895984,0.6222222222222222,0.0,0.0,0.0,0.0,0.0,0.0,0.0,0.0,0.0,,,,,18473,global,0.4
4,2,lr1e-05_bs32_modL1_fusion32_fusionL1_fusionBN0_drop0p1__wd1e-04trmiss40_trlocglobal,32,1e-05,0.0001,1,32,1,False,0.1,lr1e-05_bs32_modL1_fusion32_fusionL1_fusionBN0_drop0p1__wd1e-04trmiss40_trlocglobal,80,0.6358627279599508,0.6794064939022064,0.5968379446640316,0.6890160223014553,0.6222222222222222,0.0,0.0,0.0,0.0,0.0,0.0,0.0,0.0,0.0,,,,,18473,global,0.4
4,3,lr1e-04_bs32_modL1_fusion16_fusionL1_fusionBN0_drop0p2__wd1e-04trmiss40_trlocglobal,32,0.0001,0.0001,1,16,1,False,0.2,lr1e-04_bs32_modL1_fusion16_fusionL1_fusionBN0_drop0p2__wd1e-04trmiss40_trlocglobal,1,0.6986194252967834,0.6937152743339539,0.44047619047619047,0.5482792988125748,0.5111111111111111,0.0,0.0,0.0,0.0,0.0,0.0,0.0,0.0,0.0,,,,,18473,global,0.4
4,3,lr1e-04_bs32_modL1_fusion16_fusionL1_fusionBN0_drop0p2__wd1e-04trmiss40_trlocglobal,32,0.0001,0.0001,1,16,1,False,0.2,lr1e-04_bs32_modL1_fusion16_fusionL1_fusionBN0_drop0p2__wd1e-04trmiss40_trlocglobal,2,0.6886333425839742,0.6890316009521484,0.5099206349206349,0.616891371601442,0.4444444444444444,0.0,0.0,0.0,0.0,0.0,0.0,0.0,0.0,0.0,,,,,18473,global,0.4
4,3,lr1e-04_bs32_modL1_fusion16_fusionL1_fusionBN0_drop0p2__wd1e-04trmiss40_trlocglobal,32,0.0001,0.0001,1,16,1,False,0.2,lr1e-04_bs32_modL1_fusion16_fusionL1_fusionBN0_drop0p2__wd1e-04trmiss40_trlocglobal,3,0.6700515349706014,0.6858043372631073,0.5416666666666666,0.6362771227820058,0.5333333333333333,0.0,0.0,0.0,0.0,0.0,0.0,0.0,0.0,0.0,,,,,18473,global,0.4
4,3,lr1e-04_bs32_modL1_fusion16_fusionL1_fusionBN0_drop0p2__wd1e-04trmiss40_trlocglobal,32,0.0001,0.0001,1,16,1,False,0.2,lr1e-04_bs32_modL1_fusion16_fusionL1_fusionBN0_drop0p2__wd1e-04trmiss40_trlocglobal,4,0.6571778953075409,0.6828033924102783,0.5833333333333334,0.6591061941067102,0.5111111111111111,0.0,0.0,0.0,0.0,0.0,0.0,0.0,0.0,0.0,,,,,18473,global,0.4
4,3,lr1e-04_bs32_modL1_fusion16_fusionL1_fusionBN0_drop0p2__wd1e-04trmiss40_trlocglobal,32,0.0001,0.0001,1,16,1,False,0.2,lr1e-04_bs32_modL1_fusion16_fusionL1_fusionBN0_drop0p2__wd1e-04trmiss40_trlocglobal,5,0.6500111718972524,0.6804060339927673,0.6011904761904762,0.6775834706758515,0.5333333333333333,0.0,0.0,0.0,0.0,0.0,0.0,0.0,0.0,0.0,,,,,18473,global,0.4
4,3,lr1e-04_bs32_modL1_fusion16_fusionL1_fusionBN0_drop0p2__wd1e-04trmiss40_trlocglobal,32,0.0001,0.0001,1,16,1,False,0.2,lr1e-04_bs32_modL1_fusion16_fusionL1_fusionBN0_drop0p2__wd1e-04trmiss40_trlocglobal,6,0.6424164970715841,0.6779026091098785,0.611111111111111,0.6787423005127613,0.5333333333333333,0.0,0.0,0.0,0.0,0.0,0.0,0.0,0.0,0.0,,,,,18473,global,0.4
4,3,lr1e-04_bs32_modL1_fusion16_fusionL1_fusionBN0_drop0p2__wd1e-04trmiss40_trlocglobal,32,0.0001,0.0001,1,16,1,False,0.2,lr1e-04_bs32_modL1_fusion16_fusionL1_fusionBN0_drop0p2__wd1e-04trmiss40_trlocglobal,7,0.6504832903544108,0.6779088079929352,0.6190476190476191,0.6826756976367516,0.5777777777777777,0.0,0.0,0.0,0.0,0.0,0.0,0.0,0.0,0.0,,,,,18473,global,0.4
4,3,lr1e-04_bs32_modL1_fusion16_fusionL1_fusionBN0_drop0p2__wd1e-04trmiss40_trlocglobal,32,0.0001,0.0001,1,16,1,False,0.2,lr1e-04_bs32_modL1_fusion16_fusionL1_fusionBN0_drop0p2__wd1e-04trmiss40_trlocglobal,8,0.6384306848049164,0.6793957352638245,0.5932539682539683,0.6702612065691789,0.5777777777777777,0.0,0.0,0.0,0.0,0.0,0.0,0.0,0.0,0.0,,,,,18473,global,0.4
4,3,lr1e-04_bs32_modL1_fusion16_fusionL1_fusionBN0_drop0p2__wd1e-04trmiss40_trlocglobal,32,0.0001,0.0001,1,16,1,False,0.2,lr1e-04_bs32_modL1_fusion16_fusionL1_fusionBN0_drop0p2__wd1e-04trmiss40_trlocglobal,9,0.6335407495498657,0.6818445026874542,0.5912698412698412,0.6980254704522412,0.5777777777777777,0.0,0.0,0.0,0.0,0.0,0.0,0.0,0.0,0.0,,,,,18473,global,0.4
4,3,lr1e-04_bs32_modL1_fusion16_fusionL1_fusionBN0_drop0p2__wd1e-04trmiss40_trlocglobal,32,0.0001,0.0001,1,16,1,False,0.2,lr1e-04_bs32_modL1_fusion16_fusionL1_fusionBN0_drop0p2__wd1e-04trmiss40_trlocglobal,10,0.6266041199366251,0.6813160181045532,0.6011904761904763,0.712130925548351,0.6222222222222222,0.0,0.0,0.0,0.0,0.0,0.0,0.0,0.0,0.0,,,,,18473,global,0.4
4,3,lr1e-04_bs32_modL1_fusion16_fusionL1_fusionBN0_drop0p2__wd1e-04trmiss40_trlocglobal,32,0.0001,0.0001,1,16,1,False,0.2,lr1e-04_bs32_modL1_fusion16_fusionL1_fusionBN0_drop0p2__wd1e-04trmiss40_trlocglobal,11,0.6252878805001577,0.6786703169345856,0.6051587301587302,0.7072755191414861,0.6222222222222222,0.0,0.0,0.0,0.0,0.0,0.0,0.0,0.0,0.0,,,,,18473,global,0.4
4,3,lr1e-04_bs32_modL1_fusion16_fusionL1_fusionBN0_drop0p2__wd1e-04trmiss40_trlocglobal,32,0.0001,0.0001,1,16,1,False,0.2,lr1e-04_bs32_modL1_fusion16_fusionL1_fusionBN0_drop0p2__wd1e-04trmiss40_trlocglobal,12,0.6240775982538859,0.6756485402584076,0.626984126984127,0.7192797990154451,0.6,0.0,0.0,0.0,0.0,0.0,0.0,0.0,0.0,0.0,,,,,18473,global,0.4
4,3,lr1e-04_bs32_modL1_fusion16_fusionL1_fusionBN0_drop0p2__wd1e-04trmiss40_trlocglobal,32,0.0001,0.0001,1,16,1,False,0.2,lr1e-04_bs32_modL1_fusion16_fusionL1_fusionBN0_drop0p2__wd1e-04trmiss40_trlocglobal,13,0.6215677261352539,0.6766797006130219,0.6150793650793651,0.7154907014282013,0.6,0.0,0.0,0.0,0.0,0.0,0.0,0.0,0.0,0.0,,,,,18473,global,0.4
4,3,lr1e-04_bs32_modL1_fusion16_fusionL1_fusionBN0_drop0p2__wd1e-04trmiss40_trlocglobal,32,0.0001,0.0001,1,16,1,False,0.2,lr1e-04_bs32_modL1_fusion16_fusionL1_fusionBN0_drop0p2__wd1e-04trmiss40_trlocglobal,14,0.6093745032946268,0.6743419170379639,0.6309523809523809,0.7246039004170943,0.5777777777777777,0.0,0.0,0.0,0.0,0.0,0.0,0.0,0.0,0.0,,,,,18473,global,0.4
4,3,lr1e-04_bs32_modL1_fusion16_fusionL1_fusionBN0_drop0p2__wd1e-04trmiss40_trlocglobal,32,0.0001,0.0001,1,16,1,False,0.2,lr1e-04_bs32_modL1_fusion16_fusionL1_fusionBN0_drop0p2__wd1e-04trmiss40_trlocglobal,15,0.6016564667224884,0.6702731549739838,0.6468253968253969,0.7315536583090918,0.5777777777777777,0.0,0.0,0.0,0.0,0.0,0.0,0.0,0.0,0.0,,,,,18473,global,0.4
4,3,lr1e-04_bs32_modL1_fusion16_fusionL1_fusionBN0_drop0p2__wd1e-04trmiss40_trlocglobal,32,0.0001,0.0001,1,16,1,False,0.2,lr1e-04_bs32_modL1_fusion16_fusionL1_fusionBN0_drop0p2__wd1e-04trmiss40_trlocglobal,16,0.60179070631663,0.6701339483261108,0.6488095238095238,0.7338296336260368,0.6222222222222222,0.0,0.0,0.0,0.0,0.0,0.0,0.0,0.0,0.0,,,,,18473,global,0.4
4,3,lr1e-04_bs32_modL1_fusion16_fusionL1_fusionBN0_drop0p2__wd1e-04trmiss40_trlocglobal,32,0.0001,0.0001,1,16,1,False,0.2,lr1e-04_bs32_modL1_fusion16_fusionL1_fusionBN0_drop0p2__wd1e-04trmiss40_trlocglobal,17,0.5985855062802633,0.6744904816150665,0.6130952380952381,0.7166513682846705,0.6,0.0,0.0,0.0,0.0,0.0,0.0,0.0,0.0,0.0,,,,,18473,global,0.4
4,3,lr1e-04_bs32_modL1_fusion16_fusionL1_fusionBN0_drop0p2__wd1e-04trmiss40_trlocglobal,32,0.0001,0.0001,1,16,1,False,0.2,lr1e-04_bs32_modL1_fusion16_fusionL1_fusionBN0_drop0p2__wd1e-04trmiss40_trlocglobal,18,0.5905250211556753,0.6794863641262054,0.5853174603174603,0.7025350730577616,0.5777777777777777,0.0,0.0,0.0,0.0,0.0,0.0,0.0,0.0,0.0,,,,,18473,global,0.4
4,3,lr1e-04_bs32_modL1_fusion16_fusionL1_fusionBN0_drop0p2__wd1e-04trmiss40_trlocglobal,32,0.0001,0.0001,1,16,1,False,0.2,lr1e-04_bs32_modL1_fusion16_fusionL1_fusionBN0_drop0p2__wd1e-04trmiss40_trlocglobal,19,0.5910144944985708,0.6810440421104431,0.5694444444444444,0.6939525079946565,0.5777777777777777,0.0,0.0,0.0,0.0,0.0,0.0,0.0,0.0,0.0,,,,,18473,global,0.4
4,3,lr1e-04_bs32_modL1_fusion16_fusionL1_fusionBN0_drop0p2__wd1e-04trmiss40_trlocglobal,32,0.0001,0.0001,1,16,1,False,0.2,lr1e-04_bs32_modL1_fusion16_fusionL1_fusionBN0_drop0p2__wd1e-04trmiss40_trlocglobal,20,0.5929235021273295,0.6749449074268341,0.5952380952380952,0.7052898908352931,0.5777777777777777,0.0,0.0,0.0,0.0,0.0,0.0,0.0,0.0,0.0,,,,,18473,global,0.4
4,3,lr1e-04_bs32_modL1_fusion16_fusionL1_fusionBN0_drop0p2__wd1e-04trmiss40_trlocglobal,32,0.0001,0.0001,1,16,1,False,0.2,lr1e-04_bs32_modL1_fusion16_fusionL1_fusionBN0_drop0p2__wd1e-04trmiss40_trlocglobal,21,0.5838173429171244,0.6722192764282227,0.5912698412698413,0.7005485766533639,0.6,0.0,0.0,0.0,0.0,0.0,0.0,0.0,0.0,0.0,,,,,18473,global,0.4
4,3,lr1e-04_bs32_modL1_fusion16_fusionL1_fusionBN0_drop0p2__wd1e-04trmiss40_trlocglobal,32,0.0001,0.0001,1,16,1,False,0.2,lr1e-04_bs32_modL1_fusion16_fusionL1_fusionBN0_drop0p2__wd1e-04trmiss40_trlocglobal,22,0.5823500752449036,0.6714440286159515,0.5972222222222222,0.70666338470882,0.6444444444444445,0.0,0.0,0.0,0.0,0.0,0.0,0.0,0.0,0.0,,,,,18473,global,0.4
4,3,lr1e-04_bs32_modL1_fusion16_fusionL1_fusionBN0_drop0p2__wd1e-04trmiss40_trlocglobal,32,0.0001,0.0001,1,16,1,False,0.2,lr1e-04_bs32_modL1_fusion16_fusionL1_fusionBN0_drop0p2__wd1e-04trmiss40_trlocglobal,23,0.5776322185993195,0.6736016273498535,0.5873015873015873,0.7015622735212499,0.6444444444444445,0.0,0.0,0.0,0.0,0.0,0.0,0.0,0.0,0.0,,,,,18473,global,0.4
4,3,lr1e-04_bs32_modL1_fusion16_fusionL1_fusionBN0_drop0p2__wd1e-04trmiss40_trlocglobal,32,0.0001,0.0001,1,16,1,False,0.2,lr1e-04_bs32_modL1_fusion16_fusionL1_fusionBN0_drop0p2__wd1e-04trmiss40_trlocglobal,24,0.5778898994127909,0.672383040189743,0.5912698412698413,0.6916302508014776,0.6444444444444445,0.0,0.0,0.0,0.0,0.0,0.0,0.0,0.0,0.0,,,,,18473,global,0.4
4,3,lr1e-04_bs32_modL1_fusion16_fusionL1_fusionBN0_drop0p2__wd1e-04trmiss40_trlocglobal,32,0.0001,0.0001,1,16,1,False,0.2,lr1e-04_bs32_modL1_fusion16_fusionL1_fusionBN0_drop0p2__wd1e-04trmiss40_trlocglobal,25,0.5581447879473368,0.6716409623622894,0.611111111111111,0.7217144407236655,0.6222222222222222,0.0,0.0,0.0,0.0,0.0,0.0,0.0,0.0,0.0,,,,,18473,global,0.4
4,3,lr1e-04_bs32_modL1_fusion16_fusionL1_fusionBN0_drop0p2__wd1e-04trmiss40_trlocglobal,32,0.0001,0.0001,1,16,1,False,0.2,lr1e-04_bs32_modL1_fusion16_fusionL1_fusionBN0_drop0p2__wd1e-04trmiss40_trlocglobal,26,0.5693442722161611,0.6701602637767792,0.621031746031746,0.729457236446196,0.6,0.0,0.0,0.0,0.0,0.0,0.0,0.0,0.0,0.0,,,,,18473,global,0.4
4,3,lr1e-04_bs32_modL1_fusion16_fusionL1_fusionBN0_drop0p2__wd1e-04trmiss40_trlocglobal,32,0.0001,0.0001,1,16,1,False,0.2,lr1e-04_bs32_modL1_fusion16_fusionL1_fusionBN0_drop0p2__wd1e-04trmiss40_trlocglobal,27,0.5719490051269531,0.6731330156326294,0.6031746031746031,0.7233744653001426,0.6222222222222222,0.0,0.0,0.0,0.0,0.0,0.0,0.0,0.0,0.0,,,,,18473,global,0.4
4,3,lr1e-04_bs32_modL1_fusion16_fusionL1_fusionBN0_drop0p2__wd1e-04trmiss40_trlocglobal,32,0.0001,0.0001,1,16,1,False,0.2,lr1e-04_bs32_modL1_fusion16_fusionL1_fusionBN0_drop0p2__wd1e-04trmiss40_trlocglobal,28,0.5597768425941467,0.6765207648277283,0.5833333333333333,0.7151150340018426,0.6444444444444445,0.0,0.0,0.0,0.0,0.0,0.0,0.0,0.0,0.0,,,,,18473,global,0.4
4,3,lr1e-04_bs32_modL1_fusion16_fusionL1_fusionBN0_drop0p2__wd1e-04trmiss40_trlocglobal,32,0.0001,0.0001,1,16,1,False,0.2,lr1e-04_bs32_modL1_fusion16_fusionL1_fusionBN0_drop0p2__wd1e-04trmiss40_trlocglobal,29,0.5575158298015594,0.6787298023700714,0.5813492063492064,0.71060582787484,0.6222222222222222,0.0,0.0,0.0,0.0,0.0,0.0,0.0,0.0,0.0,,,,,18473,global,0.4
4,3,lr1e-04_bs32_modL1_fusion16_fusionL1_fusionBN0_drop0p2__wd1e-04trmiss40_trlocglobal,32,0.0001,0.0001,1,16,1,False,0.2,lr1e-04_bs32_modL1_fusion16_fusionL1_fusionBN0_drop0p2__wd1e-04trmiss40_trlocglobal,30,0.539710521697998,0.671989381313324,0.6051587301587301,0.7137926154867666,0.5777777777777777,0.0,0.0,0.0,0.0,0.0,0.0,0.0,0.0,0.0,,,,,18473,global,0.4
4,3,lr1e-04_bs32_modL1_fusion16_fusionL1_fusionBN0_drop0p2__wd1e-04trmiss40_trlocglobal,32,0.0001,0.0001,1,16,1,False,0.2,lr1e-04_bs32_modL1_fusion16_fusionL1_fusionBN0_drop0p2__wd1e-04trmiss40_trlocglobal,31,0.5448922912279764,0.6712194085121155,0.6150793650793651,0.7226072500051584,0.6,0.0,0.0,0.0,0.0,0.0,0.0,0.0,0.0,0.0,,,,,18473,global,0.4
4,3,lr1e-04_bs32_modL1_fusion16_fusionL1_fusionBN0_drop0p2__wd1e-04trmiss40_trlocglobal,32,0.0001,0.0001,1,16,1,False,0.2,lr1e-04_bs32_modL1_fusion16_fusionL1_fusionBN0_drop0p2__wd1e-04trmiss40_trlocglobal,32,0.5408030947049459,0.6713387370109558,0.6130952380952381,0.7207631358985274,0.6,0.0,0.0,0.0,0.0,0.0,0.0,0.0,0.0,0.0,,,,,18473,global,0.4
4,3,lr1e-04_bs32_modL1_fusion16_fusionL1_fusionBN0_drop0p2__wd1e-04trmiss40_trlocglobal,32,0.0001,0.0001,1,16,1,False,0.2,lr1e-04_bs32_modL1_fusion16_fusionL1_fusionBN0_drop0p2__wd1e-04trmiss40_trlocglobal,33,0.5451312959194183,0.6784026920795441,0.5714285714285714,0.6944596415820159,0.5777777777777777,0.0,0.0,0.0,0.0,0.0,0.0,0.0,0.0,0.0,,,,,18473,global,0.4
4,3,lr1e-04_bs32_modL1_fusion16_fusionL1_fusionBN0_drop0p2__wd1e-04trmiss40_trlocglobal,32,0.0001,0.0001,1,16,1,False,0.2,lr1e-04_bs32_modL1_fusion16_fusionL1_fusionBN0_drop0p2__wd1e-04trmiss40_trlocglobal,34,0.5222120334704717,0.6739806234836578,0.5853174603174602,0.692822443274125,0.5333333333333333,0.0,0.0,0.0,0.0,0.0,0.0,0.0,0.0,0.0,,,,,18473,global,0.4
4,3,lr1e-04_bs32_modL1_fusion16_fusionL1_fusionBN0_drop0p2__wd1e-04trmiss40_trlocglobal,32,0.0001,0.0001,1,16,1,False,0.2,lr1e-04_bs32_modL1_fusion16_fusionL1_fusionBN0_drop0p2__wd1e-04trmiss40_trlocglobal,35,0.5287744005521139,0.6743775606155396,0.5773809523809524,0.6860134006193692,0.5555555555555556,0.0,0.0,0.0,0.0,0.0,0.0,0.0,0.0,0.0,,,,,18473,global,0.4
4,3,lr1e-04_bs32_modL1_fusion16_fusionL1_fusionBN0_drop0p2__wd1e-04trmiss40_trlocglobal,32,0.0001,0.0001,1,16,1,False,0.2,lr1e-04_bs32_modL1_fusion16_fusionL1_fusionBN0_drop0p2__wd1e-04trmiss40_trlocglobal,36,0.5205796758333842,0.676878809928894,0.5793650793650794,0.6961876488932719,0.5777777777777777,0.0,0.0,0.0,0.0,0.0,0.0,0.0,0.0,0.0,,,,,18473,global,0.4
4,3,lr1e-04_bs32_modL1_fusion16_fusionL1_fusionBN0_drop0p1__wd1e-04trmiss40_trlocglobal,32,0.0001,0.0001,1,16,1,False,0.1,lr1e-04_bs32_modL1_fusion16_fusionL1_fusionBN0_drop0p1__wd1e-04trmiss40_trlocglobal,1,0.7066439886887869,0.6986853778362274,0.4285714285714286,0.4828483686538721,0.4666666666666667,0.0,0.0,0.0,0.0,0.0,0.0,0.0,0.0,0.0,,,,,18473,global,0.4
4,3,lr1e-04_bs32_modL1_fusion16_fusionL1_fusionBN0_drop0p1__wd1e-04trmiss40_trlocglobal,32,0.0001,0.0001,1,16,1,False,0.1,lr1e-04_bs32_modL1_fusion16_fusionL1_fusionBN0_drop0p1__wd1e-04trmiss40_trlocglobal,2,0.6929441889127096,0.698523074388504,0.4444444444444445,0.4992842070329657,0.4666666666666667,0.0,0.0,0.0,0.0,0.0,0.0,0.0,0.0,0.0,,,,,18473,global,0.4
4,3,lr1e-04_bs32_modL1_fusion16_fusionL1_fusionBN0_drop0p1__wd1e-04trmiss40_trlocglobal,32,0.0001,0.0001,1,16,1,False,0.1,lr1e-04_bs32_modL1_fusion16_fusionL1_fusionBN0_drop0p1__wd1e-04trmiss40_trlocglobal,3,0.6833153267701467,0.6975862383842468,0.47023809523809523,0.5519744225098078,0.4666666666666667,0.0,0.0,0.0,0.0,0.0,0.0,0.0,0.0,0.0,,,,,18473,global,0.4
4,3,lr1e-04_bs32_modL1_fusion16_fusionL1_fusionBN0_drop0p1__wd1e-04trmiss40_trlocglobal,32,0.0001,0.0001,1,16,1,False,0.1,lr1e-04_bs32_modL1_fusion16_fusionL1_fusionBN0_drop0p1__wd1e-04trmiss40_trlocglobal,4,0.6674995024998983,0.6964111924171448,0.503968253968254,0.551020989329305,0.4666666666666667,0.0,0.0,0.0,0.0,0.0,0.0,0.0,0.0,0.0,,,,,18473,global,0.4
4,3,lr1e-04_bs32_modL1_fusion16_fusionL1_fusionBN0_drop0p1__wd1e-04trmiss40_trlocglobal,32,0.0001,0.0001,1,16,1,False,0.1,lr1e-04_bs32_modL1_fusion16_fusionL1_fusionBN0_drop0p1__wd1e-04trmiss40_trlocglobal,5,0.6615582207838694,0.6933737695217133,0.5575396825396826,0.6276168648020424,0.4666666666666667,0.0,0.0,0.0,0.0,0.0,0.0,0.0,0.0,0.0,,,,,18473,global,0.4
4,3,lr1e-04_bs32_modL1_fusion16_fusionL1_fusionBN0_drop0p1__wd1e-04trmiss40_trlocglobal,32,0.0001,0.0001,1,16,1,False,0.1,lr1e-04_bs32_modL1_fusion16_fusionL1_fusionBN0_drop0p1__wd1e-04trmiss40_trlocglobal,6,0.6563770771026611,0.688874751329422,0.621031746031746,0.6640303353060745,0.4666666666666667,0.0,0.0,0.0,0.0,0.0,0.0,0.0,0.0,0.0,,,,,18473,global,0.4
4,3,lr1e-04_bs32_modL1_fusion16_fusionL1_fusionBN0_drop0p1__wd1e-04trmiss40_trlocglobal,32,0.0001,0.0001,1,16,1,False,0.1,lr1e-04_bs32_modL1_fusion16_fusionL1_fusionBN0_drop0p1__wd1e-04trmiss40_trlocglobal,7,0.6455238362153372,0.6867144703865051,0.6349206349206349,0.6707696817571209,0.4888888888888889,0.0,0.0,0.0,0.0,0.0,0.0,0.0,0.0,0.0,,,,,18473,global,0.4
4,3,lr1e-04_bs32_modL1_fusion16_fusionL1_fusionBN0_drop0p1__wd1e-04trmiss40_trlocglobal,32,0.0001,0.0001,1,16,1,False,0.1,lr1e-04_bs32_modL1_fusion16_fusionL1_fusionBN0_drop0p1__wd1e-04trmiss40_trlocglobal,8,0.6395525435606638,0.6863660514354706,0.6488095238095238,0.6752408504774967,0.4888888888888889,0.0,0.0,0.0,0.0,0.0,0.0,0.0,0.0,0.0,,,,,18473,global,0.4
4,3,lr1e-04_bs32_modL1_fusion16_fusionL1_fusionBN0_drop0p1__wd1e-04trmiss40_trlocglobal,32,0.0001,0.0001,1,16,1,False,0.1,lr1e-04_bs32_modL1_fusion16_fusionL1_fusionBN0_drop0p1__wd1e-04trmiss40_trlocglobal,9,0.6350828409194946,0.6863886117935181,0.6547619047619048,0.6781539065612351,0.4888888888888889,0.0,0.0,0.0,0.0,0.0,0.0,0.0,0.0,0.0,,,,,18473,global,0.4
4,3,lr1e-04_bs32_modL1_fusion16_fusionL1_fusionBN0_drop0p1__wd1e-04trmiss40_trlocglobal,32,0.0001,0.0001,1,16,1,False,0.1,lr1e-04_bs32_modL1_fusion16_fusionL1_fusionBN0_drop0p1__wd1e-04trmiss40_trlocglobal,10,0.6256189048290253,0.6854220032691956,0.6666666666666667,0.6866754100991083,0.4888888888888889,0.0,0.0,0.0,0.0,0.0,0.0,0.0,0.0,0.0,,,,,18473,global,0.4
4,3,lr1e-04_bs32_modL1_fusion16_fusionL1_fusionBN0_drop0p1__wd1e-04trmiss40_trlocglobal,32,0.0001,0.0001,1,16,1,False,0.1,lr1e-04_bs32_modL1_fusion16_fusionL1_fusionBN0_drop0p1__wd1e-04trmiss40_trlocglobal,11,0.6220696568489075,0.682530552148819,0.6964285714285714,0.6865488357685359,0.4888888888888889,0.0,0.0,0.0,0.0,0.0,0.0,0.0,0.0,0.0,,,,,18473,global,0.4
4,3,lr1e-04_bs32_modL1_fusion16_fusionL1_fusionBN0_drop0p1__wd1e-04trmiss40_trlocglobal,32,0.0001,0.0001,1,16,1,False,0.1,lr1e-04_bs32_modL1_fusion16_fusionL1_fusionBN0_drop0p1__wd1e-04trmiss40_trlocglobal,12,0.6226060489813486,0.6812354028224945,0.7123015873015873,0.7073266858920073,0.4888888888888889,0.0,0.0,0.0,0.0,0.0,0.0,0.0,0.0,0.0,,,,,18473,global,0.4
4,3,lr1e-04_bs32_modL1_fusion16_fusionL1_fusionBN0_drop0p1__wd1e-04trmiss40_trlocglobal,32,0.0001,0.0001,1,16,1,False,0.1,lr1e-04_bs32_modL1_fusion16_fusionL1_fusionBN0_drop0p1__wd1e-04trmiss40_trlocglobal,13,0.6097023487091064,0.6811356544494629,0.7023809523809523,0.706700619165565,0.4888888888888889,0.0,0.0,0.0,0.0,0.0,0.0,0.0,0.0,0.0,,,,,18473,global,0.4
4,3,lr1e-04_bs32_modL1_fusion16_fusionL1_fusionBN0_drop0p1__wd1e-04trmiss40_trlocglobal,32,0.0001,0.0001,1,16,1,False,0.1,lr1e-04_bs32_modL1_fusion16_fusionL1_fusionBN0_drop0p1__wd1e-04trmiss40_trlocglobal,14,0.6027917861938477,0.6808153390884399,0.6706349206349207,0.6941259610062503,0.4888888888888889,0.0,0.0,0.0,0.0,0.0,0.0,0.0,0.0,0.0,,,,,18473,global,0.4
4,3,lr1e-04_bs32_modL1_fusion16_fusionL1_fusionBN0_drop0p1__wd1e-04trmiss40_trlocglobal,32,0.0001,0.0001,1,16,1,False,0.1,lr1e-04_bs32_modL1_fusion16_fusionL1_fusionBN0_drop0p1__wd1e-04trmiss40_trlocglobal,15,0.6028651595115662,0.6815323531627655,0.6706349206349207,0.7003226611383244,0.4888888888888889,0.0,0.0,0.0,0.0,0.0,0.0,0.0,0.0,0.0,,,,,18473,global,0.4
4,3,lr1e-04_bs32_modL1_fusion16_fusionL1_fusionBN0_drop0p1__wd1e-04trmiss40_trlocglobal,32,0.0001,0.0001,1,16,1,False,0.1,lr1e-04_bs32_modL1_fusion16_fusionL1_fusionBN0_drop0p1__wd1e-04trmiss40_trlocglobal,16,0.5943820774555206,0.6821134984493256,0.6805555555555556,0.6835822370735428,0.4888888888888889,0.0,0.0,0.0,0.0,0.0,0.0,0.0,0.0,0.0,,,,,18473,global,0.4
4,3,lr1e-04_bs32_modL1_fusion16_fusionL1_fusionBN0_drop0p1__wd1e-04trmiss40_trlocglobal,32,0.0001,0.0001,1,16,1,False,0.1,lr1e-04_bs32_modL1_fusion16_fusionL1_fusionBN0_drop0p1__wd1e-04trmiss40_trlocglobal,17,0.5867099364598592,0.6821737587451935,0.6964285714285715,0.6923846716175656,0.4888888888888889,0.0,0.0,0.0,0.0,0.0,0.0,0.0,0.0,0.0,,,,,18473,global,0.4
4,3,lr1e-04_bs32_modL1_fusion16_fusionL1_fusionBN0_drop0p1__wd1e-04trmiss40_trlocglobal,32,0.0001,0.0001,1,16,1,False,0.1,lr1e-04_bs32_modL1_fusion16_fusionL1_fusionBN0_drop0p1__wd1e-04trmiss40_trlocglobal,18,0.5887072583039602,0.6779901683330536,0.7202380952380952,0.7387111943069337,0.4888888888888889,0.0,0.0,0.0,0.0,0.0,0.0,0.0,0.0,0.0,,,,,18473,global,0.4
4,3,lr1e-04_bs32_modL1_fusion16_fusionL1_fusionBN0_drop0p1__wd1e-04trmiss40_trlocglobal,32,0.0001,0.0001,1,16,1,False,0.1,lr1e-04_bs32_modL1_fusion16_fusionL1_fusionBN0_drop0p1__wd1e-04trmiss40_trlocglobal,19,0.5788696805636088,0.6761749088764191,0.7162698412698413,0.7593951779729954,0.5111111111111111,0.0,0.0,0.0,0.0,0.0,0.0,0.0,0.0,0.0,,,,,18473,global,0.4
4,3,lr1e-04_bs32_modL1_fusion16_fusionL1_fusionBN0_drop0p1__wd1e-04trmiss40_trlocglobal,32,0.0001,0.0001,1,16,1,False,0.1,lr1e-04_bs32_modL1_fusion16_fusionL1_fusionBN0_drop0p1__wd1e-04trmiss40_trlocglobal,20,0.5765059192975363,0.6755758821964264,0.7162698412698413,0.7688527849631239,0.5111111111111111,0.0,0.0,0.0,0.0,0.0,0.0,0.0,0.0,0.0,,,,,18473,global,0.4
4,3,lr1e-04_bs32_modL1_fusion16_fusionL1_fusionBN0_drop0p1__wd1e-04trmiss40_trlocglobal,32,0.0001,0.0001,1,16,1,False,0.1,lr1e-04_bs32_modL1_fusion16_fusionL1_fusionBN0_drop0p1__wd1e-04trmiss40_trlocglobal,21,0.5709931751092275,0.6772132217884064,0.7202380952380953,0.7745184247941599,0.4888888888888889,0.0,0.0,0.0,0.0,0.0,0.0,0.0,0.0,0.0,,,,,18473,global,0.4
4,3,lr1e-04_bs32_modL1_fusion16_fusionL1_fusionBN0_drop0p1__wd1e-04trmiss40_trlocglobal,32,0.0001,0.0001,1,16,1,False,0.1,lr1e-04_bs32_modL1_fusion16_fusionL1_fusionBN0_drop0p1__wd1e-04trmiss40_trlocglobal,22,0.5678943196932474,0.6732147037982941,0.7222222222222223,0.7558970631645424,0.4888888888888889,0.0,0.0,0.0,0.0,0.0,0.0,0.0,0.0,0.0,,,,,18473,global,0.4
4,3,lr1e-04_bs32_modL1_fusion16_fusionL1_fusionBN0_drop0p1__wd1e-04trmiss40_trlocglobal,32,0.0001,0.0001,1,16,1,False,0.1,lr1e-04_bs32_modL1_fusion16_fusionL1_fusionBN0_drop0p1__wd1e-04trmiss40_trlocglobal,23,0.5566850999991099,0.6723330318927765,0.7142857142857143,0.755235298814323,0.5111111111111111,0.0,0.0,0.0,0.0,0.0,0.0,0.0,0.0,0.0,,,,,18473,global,0.4
4,3,lr1e-04_bs32_modL1_fusion16_fusionL1_fusionBN0_drop0p1__wd1e-04trmiss40_trlocglobal,32,0.0001,0.0001,1,16,1,False,0.1,lr1e-04_bs32_modL1_fusion16_fusionL1_fusionBN0_drop0p1__wd1e-04trmiss40_trlocglobal,24,0.558494488398234,0.6725771427154541,0.7242063492063493,0.7744510322457427,0.5333333333333333,0.0,0.0,0.0,0.0,0.0,0.0,0.0,0.0,0.0,,,,,18473,global,0.4
4,3,lr1e-04_bs32_modL1_fusion16_fusionL1_fusionBN0_drop0p1__wd1e-04trmiss40_trlocglobal,32,0.0001,0.0001,1,16,1,False,0.1,lr1e-04_bs32_modL1_fusion16_fusionL1_fusionBN0_drop0p1__wd1e-04trmiss40_trlocglobal,25,0.5515951812267303,0.6709741353988647,0.7420634920634921,0.8087137993625453,0.5333333333333333,0.0,0.0,0.0,0.0,0.0,0.0,0.0,0.0,0.0,,,,,18473,global,0.4
4,3,lr1e-04_bs32_modL1_fusion16_fusionL1_fusionBN0_drop0p1__wd1e-04trmiss40_trlocglobal,32,0.0001,0.0001,1,16,1,False,0.1,lr1e-04_bs32_modL1_fusion16_fusionL1_fusionBN0_drop0p1__wd1e-04trmiss40_trlocglobal,26,0.5450865924358368,0.6687133014202118,0.7380952380952381,0.7961720784366781,0.5555555555555556,0.0,0.0,0.0,0.0,0.0,0.0,0.0,0.0,0.0,,,,,18473,global,0.4
4,3,lr1e-04_bs32_modL1_fusion16_fusionL1_fusionBN0_drop0p1__wd1e-04trmiss40_trlocglobal,32,0.0001,0.0001,1,16,1,False,0.1,lr1e-04_bs32_modL1_fusion16_fusionL1_fusionBN0_drop0p1__wd1e-04trmiss40_trlocglobal,27,0.539953351020813,0.6705603301525116,0.7281746031746033,0.7970389773258812,0.5333333333333333,0.0,0.0,0.0,0.0,0.0,0.0,0.0,0.0,0.0,,,,,18473,global,0.4
4,3,lr1e-04_bs32_modL1_fusion16_fusionL1_fusionBN0_drop0p1__wd1e-04trmiss40_trlocglobal,32,0.0001,0.0001,1,16,1,False,0.1,lr1e-04_bs32_modL1_fusion16_fusionL1_fusionBN0_drop0p1__wd1e-04trmiss40_trlocglobal,28,0.5357690652211508,0.672985315322876,0.7222222222222223,0.7932971162756677,0.5333333333333333,0.0,0.0,0.0,0.0,0.0,0.0,0.0,0.0,0.0,,,,,18473,global,0.4
4,3,lr1e-04_bs32_modL1_fusion16_fusionL1_fusionBN0_drop0p1__wd1e-04trmiss40_trlocglobal,32,0.0001,0.0001,1,16,1,False,0.1,lr1e-04_bs32_modL1_fusion16_fusionL1_fusionBN0_drop0p1__wd1e-04trmiss40_trlocglobal,29,0.5338399807612101,0.6705833375453949,0.7301587301587302,0.8037932215321921,0.5555555555555556,0.0,0.0,0.0,0.0,0.0,0.0,0.0,0.0,0.0,,,,,18473,global,0.4
4,3,lr1e-04_bs32_modL1_fusion16_fusionL1_fusionBN0_drop0p1__wd1e-04trmiss40_trlocglobal,32,0.0001,0.0001,1,16,1,False,0.1,lr1e-04_bs32_modL1_fusion16_fusionL1_fusionBN0_drop0p1__wd1e-04trmiss40_trlocglobal,30,0.5269174178441366,0.6694287657737732,0.7321428571428572,0.8084094561484265,0.5555555555555556,0.0,0.0,0.0,0.0,0.0,0.0,0.0,0.0,0.0,,,,,18473,global,0.4
4,3,lr1e-04_bs32_modL1_fusion16_fusionL1_fusionBN0_drop0p1__wd1e-04trmiss40_trlocglobal,32,0.0001,0.0001,1,16,1,False,0.1,lr1e-04_bs32_modL1_fusion16_fusionL1_fusionBN0_drop0p1__wd1e-04trmiss40_trlocglobal,31,0.5255359808603922,0.6719270050525665,0.7261904761904763,0.8060835448596844,0.5555555555555556,0.0,0.0,0.0,0.0,0.0,0.0,0.0,0.0,0.0,,,,,18473,global,0.4
4,3,lr1e-04_bs32_modL1_fusion16_fusionL1_fusionBN0_drop0p1__wd1e-04trmiss40_trlocglobal,32,0.0001,0.0001,1,16,1,False,0.1,lr1e-04_bs32_modL1_fusion16_fusionL1_fusionBN0_drop0p1__wd1e-04trmiss40_trlocglobal,32,0.5300476302703222,0.6720422506332397,0.726190476190476,0.8126219683098725,0.5555555555555556,0.0,0.0,0.0,0.0,0.0,0.0,0.0,0.0,0.0,,,,,18473,global,0.4
4,3,lr1e-04_bs32_modL1_fusion16_fusionL1_fusionBN0_drop0p1__wd1e-04trmiss40_trlocglobal,32,0.0001,0.0001,1,16,1,False,0.1,lr1e-04_bs32_modL1_fusion16_fusionL1_fusionBN0_drop0p1__wd1e-04trmiss40_trlocglobal,33,0.5202012161413828,0.668374627828598,0.7222222222222223,0.800981535167874,0.5777777777777777,0.0,0.0,0.0,0.0,0.0,0.0,0.0,0.0,0.0,,,,,18473,global,0.4
4,3,lr1e-04_bs32_modL1_fusion16_fusionL1_fusionBN0_drop0p1__wd1e-04trmiss40_trlocglobal,32,0.0001,0.0001,1,16,1,False,0.1,lr1e-04_bs32_modL1_fusion16_fusionL1_fusionBN0_drop0p1__wd1e-04trmiss40_trlocglobal,34,0.5091508328914642,0.6725597977638245,0.7123015873015872,0.7988381077834743,0.5555555555555556,0.0,0.0,0.0,0.0,0.0,0.0,0.0,0.0,0.0,,,,,18473,global,0.4
4,3,lr1e-04_bs32_modL1_fusion16_fusionL1_fusionBN0_drop0p1__wd1e-04trmiss40_trlocglobal,32,0.0001,0.0001,1,16,1,False,0.1,lr1e-04_bs32_modL1_fusion16_fusionL1_fusionBN0_drop0p1__wd1e-04trmiss40_trlocglobal,35,0.5173179805278778,0.6724896132946014,0.7063492063492063,0.8000235146403876,0.5555555555555556,0.0,0.0,0.0,0.0,0.0,0.0,0.0,0.0,0.0,,,,,18473,global,0.4
4,3,lr1e-04_bs32_modL1_fusion16_fusionL1_fusionBN0_drop0p1__wd1e-04trmiss40_trlocglobal,32,0.0001,0.0001,1,16,1,False,0.1,lr1e-04_bs32_modL1_fusion16_fusionL1_fusionBN0_drop0p1__wd1e-04trmiss40_trlocglobal,36,0.5066470007101694,0.6673937439918518,0.7162698412698412,0.8085115260389382,0.5777777777777777,0.0,0.0,0.0,0.0,0.0,0.0,0.0,0.0,0.0,,,,,18473,global,0.4
4,3,lr1e-04_bs32_modL1_fusion16_fusionL1_fusionBN0_drop0p1__wd1e-04trmiss40_trlocglobal,32,0.0001,0.0001,1,16,1,False,0.1,lr1e-04_bs32_modL1_fusion16_fusionL1_fusionBN0_drop0p1__wd1e-04trmiss40_trlocglobal,37,0.5035289824008942,0.6688809990882874,0.7043650793650793,0.7905184108309107,0.5777777777777777,0.0,0.0,0.0,0.0,0.0,0.0,0.0,0.0,0.0,,,,,18473,global,0.4
4,3,lr1e-04_bs32_modL1_fusion16_fusionL1_fusionBN0_drop0p1__wd1e-04trmiss40_trlocglobal,32,0.0001,0.0001,1,16,1,False,0.1,lr1e-04_bs32_modL1_fusion16_fusionL1_fusionBN0_drop0p1__wd1e-04trmiss40_trlocglobal,38,0.49970342218875885,0.6697073876857758,0.7063492063492063,0.7922051025321823,0.5777777777777777,0.0,0.0,0.0,0.0,0.0,0.0,0.0,0.0,0.0,,,,,18473,global,0.4
4,3,lr1e-04_bs32_modL1_fusion16_fusionL1_fusionBN0_drop0p1__wd1e-04trmiss40_trlocglobal,32,0.0001,0.0001,1,16,1,False,0.1,lr1e-04_bs32_modL1_fusion16_fusionL1_fusionBN0_drop0p1__wd1e-04trmiss40_trlocglobal,39,0.502518023053805,0.6682373285293579,0.7123015873015873,0.7900535029283438,0.5777777777777777,0.0,0.0,0.0,0.0,0.0,0.0,0.0,0.0,0.0,,,,,18473,global,0.4
4,3,lr1e-04_bs32_modL1_fusion16_fusionL1_fusionBN0_drop0p1__wd1e-04trmiss40_trlocglobal,32,0.0001,0.0001,1,16,1,False,0.1,lr1e-04_bs32_modL1_fusion16_fusionL1_fusionBN0_drop0p1__wd1e-04trmiss40_trlocglobal,40,0.4888577212889989,0.6629581153392792,0.7123015873015872,0.7877207280768326,0.6222222222222222,0.0,0.0,0.0,0.0,0.0,0.0,0.0,0.0,0.0,,,,,18473,global,0.4
4,3,lr1e-04_bs32_modL1_fusion16_fusionL1_fusionBN0_drop0p1__wd1e-04trmiss40_trlocglobal,32,0.0001,0.0001,1,16,1,False,0.1,lr1e-04_bs32_modL1_fusion16_fusionL1_fusionBN0_drop0p1__wd1e-04trmiss40_trlocglobal,41,0.48824014763037366,0.6675355732440948,0.7003968253968255,0.7834103930840264,0.6,0.0,0.0,0.0,0.0,0.0,0.0,0.0,0.0,0.0,,,,,18473,global,0.4
4,3,lr1e-04_bs32_modL1_fusion16_fusionL1_fusionBN0_drop0p1__wd1e-04trmiss40_trlocglobal,32,0.0001,0.0001,1,16,1,False,0.1,lr1e-04_bs32_modL1_fusion16_fusionL1_fusionBN0_drop0p1__wd1e-04trmiss40_trlocglobal,42,0.4840767631928126,0.6673401296138763,0.6964285714285714,0.7809391012516012,0.6,0.0,0.0,0.0,0.0,0.0,0.0,0.0,0.0,0.0,,,,,18473,global,0.4
4,3,lr1e-04_bs32_modL1_fusion16_fusionL1_fusionBN0_drop0p1__wd1e-04trmiss40_trlocglobal,32,0.0001,0.0001,1,16,1,False,0.1,lr1e-04_bs32_modL1_fusion16_fusionL1_fusionBN0_drop0p1__wd1e-04trmiss40_trlocglobal,43,0.48433352013429004,0.6645879447460175,0.6904761904761905,0.7763998744937042,0.6,0.0,0.0,0.0,0.0,0.0,0.0,0.0,0.0,0.0,,,,,18473,global,0.4
4,3,lr1e-04_bs32_modL1_fusion16_fusionL1_fusionBN0_drop0p1__wd1e-04trmiss40_trlocglobal,32,0.0001,0.0001,1,16,1,False,0.1,lr1e-04_bs32_modL1_fusion16_fusionL1_fusionBN0_drop0p1__wd1e-04trmiss40_trlocglobal,44,0.4797843595345815,0.6689168810844421,0.6924603174603174,0.7850830971900848,0.5777777777777777,0.0,0.0,0.0,0.0,0.0,0.0,0.0,0.0,0.0,,,,,18473,global,0.4
4,3,lr1e-04_bs32_modL1_fusion16_fusionL1_fusionBN0_drop0p1__wd1e-04trmiss40_trlocglobal,32,0.0001,0.0001,1,16,1,False,0.1,lr1e-04_bs32_modL1_fusion16_fusionL1_fusionBN0_drop0p1__wd1e-04trmiss40_trlocglobal,45,0.4779445280631383,0.6727710366249084,0.6765873015873016,0.7719550035489846,0.6,0.0,0.0,0.0,0.0,0.0,0.0,0.0,0.0,0.0,,,,,18473,global,0.4
4,3,lr1e-04_bs32_modL1_fusion32_fusionL1_fusionBN0_drop0p2__wd1e-04trmiss40_trlocglobal,32,0.0001,0.0001,1,32,1,False,0.2,lr1e-04_bs32_modL1_fusion32_fusionL1_fusionBN0_drop0p2__wd1e-04trmiss40_trlocglobal,1,0.6932530800501505,0.689946711063385,0.5059523809523809,0.6144661686424789,0.4888888888888889,0.0,0.0,0.0,0.0,0.0,0.0,0.0,0.0,0.0,,,,,18473,global,0.4
4,3,lr1e-04_bs32_modL1_fusion32_fusionL1_fusionBN0_drop0p2__wd1e-04trmiss40_trlocglobal,32,0.0001,0.0001,1,32,1,False,0.2,lr1e-04_bs32_modL1_fusion32_fusionL1_fusionBN0_drop0p2__wd1e-04trmiss40_trlocglobal,2,0.6796382069587708,0.6873549818992615,0.5257936507936507,0.6364311023637196,0.4666666666666667,0.0,0.0,0.0,0.0,0.0,0.0,0.0,0.0,0.0,,,,,18473,global,0.4
4,3,lr1e-04_bs32_modL1_fusion32_fusionL1_fusionBN0_drop0p2__wd1e-04trmiss40_trlocglobal,32,0.0001,0.0001,1,32,1,False,0.2,lr1e-04_bs32_modL1_fusion32_fusionL1_fusionBN0_drop0p2__wd1e-04trmiss40_trlocglobal,3,0.6660846471786499,0.6857312619686127,0.5277777777777778,0.6301131839716604,0.5111111111111111,0.0,0.0,0.0,0.0,0.0,0.0,0.0,0.0,0.0,,,,,18473,global,0.4
4,3,lr1e-04_bs32_modL1_fusion32_fusionL1_fusionBN0_drop0p2__wd1e-04trmiss40_trlocglobal,32,0.0001,0.0001,1,32,1,False,0.2,lr1e-04_bs32_modL1_fusion32_fusionL1_fusionBN0_drop0p2__wd1e-04trmiss40_trlocglobal,4,0.655844658613205,0.6870107054710388,0.5317460317460319,0.6226191213698027,0.5111111111111111,0.0,0.0,0.0,0.0,0.0,0.0,0.0,0.0,0.0,,,,,18473,global,0.4
4,3,lr1e-04_bs32_modL1_fusion32_fusionL1_fusionBN0_drop0p2__wd1e-04trmiss40_trlocglobal,32,0.0001,0.0001,1,32,1,False,0.2,lr1e-04_bs32_modL1_fusion32_fusionL1_fusionBN0_drop0p2__wd1e-04trmiss40_trlocglobal,5,0.6455814639727274,0.6862316131591797,0.5396825396825398,0.6322462320018153,0.5777777777777777,0.0,0.0,0.0,0.0,0.0,0.0,0.0,0.0,0.0,,,,,18473,global,0.4
4,3,lr1e-04_bs32_modL1_fusion32_fusionL1_fusionBN0_drop0p2__wd1e-04trmiss40_trlocglobal,32,0.0001,0.0001,1,32,1,False,0.2,lr1e-04_bs32_modL1_fusion32_fusionL1_fusionBN0_drop0p2__wd1e-04trmiss40_trlocglobal,6,0.6404285430908203,0.6863935887813568,0.5476190476190476,0.6254141051413039,0.5555555555555556,0.0,0.0,0.0,0.0,0.0,0.0,0.0,0.0,0.0,,,,,18473,global,0.4
4,3,lr1e-04_bs32_modL1_fusion32_fusionL1_fusionBN0_drop0p2__wd1e-04trmiss40_trlocglobal,32,0.0001,0.0001,1,32,1,False,0.2,lr1e-04_bs32_modL1_fusion32_fusionL1_fusionBN0_drop0p2__wd1e-04trmiss40_trlocglobal,7,0.6369239787260691,0.6865547895431519,0.5535714285714286,0.6267979425208452,0.5555555555555556,0.0,0.0,0.0,0.0,0.0,0.0,0.0,0.0,0.0,,,,,18473,global,0.4
4,3,lr1e-04_bs32_modL1_fusion32_fusionL1_fusionBN0_drop0p2__wd1e-04trmiss40_trlocglobal,32,0.0001,0.0001,1,32,1,False,0.2,lr1e-04_bs32_modL1_fusion32_fusionL1_fusionBN0_drop0p2__wd1e-04trmiss40_trlocglobal,8,0.6251604855060577,0.6860747039318085,0.5654761904761905,0.6471764320851898,0.5777777777777777,0.0,0.0,0.0,0.0,0.0,0.0,0.0,0.0,0.0,,,,,18473,global,0.4
4,3,lr1e-04_bs32_modL1_fusion32_fusionL1_fusionBN0_drop0p2__wd1e-04trmiss40_trlocglobal,32,0.0001,0.0001,1,32,1,False,0.2,lr1e-04_bs32_modL1_fusion32_fusionL1_fusionBN0_drop0p2__wd1e-04trmiss40_trlocglobal,9,0.625503937403361,0.6851794421672821,0.5833333333333334,0.6594612955534621,0.5555555555555556,0.0,0.0,0.0,0.0,0.0,0.0,0.0,0.0,0.0,,,,,18473,global,0.4
4,3,lr1e-04_bs32_modL1_fusion32_fusionL1_fusionBN0_drop0p2__wd1e-04trmiss40_trlocglobal,32,0.0001,0.0001,1,32,1,False,0.2,lr1e-04_bs32_modL1_fusion32_fusionL1_fusionBN0_drop0p2__wd1e-04trmiss40_trlocglobal,10,0.612724095582962,0.6837709248065948,0.5873015873015873,0.6687175183677909,0.5555555555555556,0.0,0.0,0.0,0.0,0.0,0.0,0.0,0.0,0.0,,,,,18473,global,0.4
4,3,lr1e-04_bs32_modL1_fusion32_fusionL1_fusionBN0_drop0p2__wd1e-04trmiss40_trlocglobal,32,0.0001,0.0001,1,32,1,False,0.2,lr1e-04_bs32_modL1_fusion32_fusionL1_fusionBN0_drop0p2__wd1e-04trmiss40_trlocglobal,11,0.6230644186337789,0.681232213973999,0.615079365079365,0.6832279049006115,0.5777777777777777,0.0,0.0,0.0,0.0,0.0,0.0,0.0,0.0,0.0,,,,,18473,global,0.4
4,3,lr1e-04_bs32_modL1_fusion32_fusionL1_fusionBN0_drop0p2__wd1e-04trmiss40_trlocglobal,32,0.0001,0.0001,1,32,1,False,0.2,lr1e-04_bs32_modL1_fusion32_fusionL1_fusionBN0_drop0p2__wd1e-04trmiss40_trlocglobal,12,0.6050729155540466,0.6813312768936157,0.6051587301587301,0.6787946356188225,0.6,0.0,0.0,0.0,0.0,0.0,0.0,0.0,0.0,0.0,,,,,18473,global,0.4
4,3,lr1e-04_bs32_modL1_fusion32_fusionL1_fusionBN0_drop0p2__wd1e-04trmiss40_trlocglobal,32,0.0001,0.0001,1,32,1,False,0.2,lr1e-04_bs32_modL1_fusion32_fusionL1_fusionBN0_drop0p2__wd1e-04trmiss40_trlocglobal,13,0.6052722235520681,0.6813666820526123,0.5952380952380952,0.6849379919121497,0.6222222222222222,0.0,0.0,0.0,0.0,0.0,0.0,0.0,0.0,0.0,,,,,18473,global,0.4
4,3,lr1e-04_bs32_modL1_fusion32_fusionL1_fusionBN0_drop0p2__wd1e-04trmiss40_trlocglobal,32,0.0001,0.0001,1,32,1,False,0.2,lr1e-04_bs32_modL1_fusion32_fusionL1_fusionBN0_drop0p2__wd1e-04trmiss40_trlocglobal,14,0.5959472755591074,0.6798679530620575,0.5873015873015873,0.6847934353879492,0.5777777777777777,0.0,0.0,0.0,0.0,0.0,0.0,0.0,0.0,0.0,,,,,18473,global,0.4
4,3,lr1e-04_bs32_modL1_fusion32_fusionL1_fusionBN0_drop0p2__wd1e-04trmiss40_trlocglobal,32,0.0001,0.0001,1,32,1,False,0.2,lr1e-04_bs32_modL1_fusion32_fusionL1_fusionBN0_drop0p2__wd1e-04trmiss40_trlocglobal,15,0.583098848660787,0.6834774613380432,0.5833333333333333,0.6667146608550242,0.5333333333333333,0.0,0.0,0.0,0.0,0.0,0.0,0.0,0.0,0.0,,,,,18473,global,0.4
4,3,lr1e-04_bs32_modL1_fusion32_fusionL1_fusionBN0_drop0p2__wd1e-04trmiss40_trlocglobal,32,0.0001,0.0001,1,32,1,False,0.2,lr1e-04_bs32_modL1_fusion32_fusionL1_fusionBN0_drop0p2__wd1e-04trmiss40_trlocglobal,16,0.5831638177235922,0.6850022673606873,0.5813492063492063,0.6654311989299733,0.5111111111111111,0.0,0.0,0.0,0.0,0.0,0.0,0.0,0.0,0.0,,,,,18473,global,0.4
4,3,lr1e-04_bs32_modL1_fusion32_fusionL1_fusionBN0_drop0p2__wd1e-04trmiss40_trlocglobal,32,0.0001,0.0001,1,32,1,False,0.2,lr1e-04_bs32_modL1_fusion32_fusionL1_fusionBN0_drop0p2__wd1e-04trmiss40_trlocglobal,17,0.5779975752035776,0.6836742460727692,0.5753968253968255,0.6657250642517276,0.5333333333333333,0.0,0.0,0.0,0.0,0.0,0.0,0.0,0.0,0.0,,,,,18473,global,0.4
4,3,lr1e-04_bs32_modL1_fusion32_fusionL1_fusionBN0_drop0p2__wd1e-04trmiss40_trlocglobal,32,0.0001,0.0001,1,32,1,False,0.2,lr1e-04_bs32_modL1_fusion32_fusionL1_fusionBN0_drop0p2__wd1e-04trmiss40_trlocglobal,18,0.5685515205065409,0.6833338439464569,0.5793650793650793,0.6737403294446636,0.5333333333333333,0.0,0.0,0.0,0.0,0.0,0.0,0.0,0.0,0.0,,,,,18473,global,0.4
4,3,lr1e-04_bs32_modL1_fusion32_fusionL1_fusionBN0_drop0p2__wd1e-04trmiss40_trlocglobal,32,0.0001,0.0001,1,32,1,False,0.2,lr1e-04_bs32_modL1_fusion32_fusionL1_fusionBN0_drop0p2__wd1e-04trmiss40_trlocglobal,19,0.5684903661410013,0.6801120340824127,0.5793650793650793,0.6922395948569615,0.5777777777777777,0.0,0.0,0.0,0.0,0.0,0.0,0.0,0.0,0.0,,,,,18473,global,0.4
4,3,lr1e-04_bs32_modL1_fusion32_fusionL1_fusionBN0_drop0p2__wd1e-04trmiss40_trlocglobal,32,0.0001,0.0001,1,32,1,False,0.2,lr1e-04_bs32_modL1_fusion32_fusionL1_fusionBN0_drop0p2__wd1e-04trmiss40_trlocglobal,20,0.5546862681706747,0.6820596754550934,0.5793650793650793,0.6857831696286218,0.5555555555555556,0.0,0.0,0.0,0.0,0.0,0.0,0.0,0.0,0.0,,,,,18473,global,0.4
4,3,lr1e-04_bs32_modL1_fusion32_fusionL1_fusionBN0_drop0p2__wd1e-04trmiss40_trlocglobal,32,0.0001,0.0001,1,32,1,False,0.2,lr1e-04_bs32_modL1_fusion32_fusionL1_fusionBN0_drop0p2__wd1e-04trmiss40_trlocglobal,21,0.5509189069271088,0.6847734153270721,0.5753968253968254,0.6958244018688096,0.5555555555555556,0.0,0.0,0.0,0.0,0.0,0.0,0.0,0.0,0.0,,,,,18473,global,0.4
4,3,lr1e-04_bs32_modL1_fusion32_fusionL1_fusionBN0_drop0p2__wd1e-04trmiss40_trlocglobal,32,0.0001,0.0001,1,32,1,False,0.2,lr1e-04_bs32_modL1_fusion32_fusionL1_fusionBN0_drop0p2__wd1e-04trmiss40_trlocglobal,22,0.5497661828994751,0.6886606812477112,0.5674603174603174,0.6930760327679042,0.4888888888888889,0.0,0.0,0.0,0.0,0.0,0.0,0.0,0.0,0.0,,,,,18473,global,0.4
4,3,lr1e-04_bs32_modL1_fusion32_fusionL1_fusionBN0_drop0p2__wd1e-04trmiss40_trlocglobal,32,0.0001,0.0001,1,32,1,False,0.2,lr1e-04_bs32_modL1_fusion32_fusionL1_fusionBN0_drop0p2__wd1e-04trmiss40_trlocglobal,23,0.5351788600285848,0.6893441677093506,0.5595238095238095,0.693208403426449,0.5333333333333333,0.0,0.0,0.0,0.0,0.0,0.0,0.0,0.0,0.0,,,,,18473,global,0.4
4,3,lr1e-04_bs32_modL1_fusion32_fusionL1_fusionBN0_drop0p2__wd1e-04trmiss40_trlocglobal,32,0.0001,0.0001,1,32,1,False,0.2,lr1e-04_bs32_modL1_fusion32_fusionL1_fusionBN0_drop0p2__wd1e-04trmiss40_trlocglobal,24,0.5397781630357107,0.6854038536548615,0.5714285714285714,0.6911638549572086,0.5777777777777777,0.0,0.0,0.0,0.0,0.0,0.0,0.0,0.0,0.0,,,,,18473,global,0.4
4,3,lr1e-04_bs32_modL1_fusion32_fusionL1_fusionBN0_drop0p2__wd1e-04trmiss40_trlocglobal,32,0.0001,0.0001,1,32,1,False,0.2,lr1e-04_bs32_modL1_fusion32_fusionL1_fusionBN0_drop0p2__wd1e-04trmiss40_trlocglobal,25,0.5292233924070994,0.6847292482852936,0.5714285714285714,0.7010314498499388,0.5777777777777777,0.0,0.0,0.0,0.0,0.0,0.0,0.0,0.0,0.0,,,,,18473,global,0.4
4,3,lr1e-04_bs32_modL1_fusion32_fusionL1_fusionBN0_drop0p2__wd1e-04trmiss40_trlocglobal,32,0.0001,0.0001,1,32,1,False,0.2,lr1e-04_bs32_modL1_fusion32_fusionL1_fusionBN0_drop0p2__wd1e-04trmiss40_trlocglobal,26,0.5278790096441904,0.6871770918369293,0.5674603174603174,0.7010410979736637,0.5333333333333333,0.0,0.0,0.0,0.0,0.0,0.0,0.0,0.0,0.0,,,,,18473,global,0.4
4,3,lr1e-04_bs32_modL1_fusion32_fusionL1_fusionBN0_drop0p2__wd1e-04trmiss40_trlocglobal,32,0.0001,0.0001,1,32,1,False,0.2,lr1e-04_bs32_modL1_fusion32_fusionL1_fusionBN0_drop0p2__wd1e-04trmiss40_trlocglobal,27,0.5118729919195175,0.6879170536994934,0.5674603174603174,0.6981594663501529,0.5333333333333333,0.0,0.0,0.0,0.0,0.0,0.0,0.0,0.0,0.0,,,,,18473,global,0.4
4,3,lr1e-04_bs32_modL1_fusion32_fusionL1_fusionBN0_drop0p2__wd1e-04trmiss40_trlocglobal,32,0.0001,0.0001,1,32,1,False,0.2,lr1e-04_bs32_modL1_fusion32_fusionL1_fusionBN0_drop0p2__wd1e-04trmiss40_trlocglobal,28,0.5185511807600657,0.6890937685966492,0.5694444444444444,0.7034909629838941,0.5333333333333333,0.0,0.0,0.0,0.0,0.0,0.0,0.0,0.0,0.0,,,,,18473,global,0.4
4,3,lr1e-04_bs32_modL1_fusion32_fusionL1_fusionBN0_drop0p2__wd1e-04trmiss40_trlocglobal,32,0.0001,0.0001,1,32,1,False,0.2,lr1e-04_bs32_modL1_fusion32_fusionL1_fusionBN0_drop0p2__wd1e-04trmiss40_trlocglobal,29,0.5136995911598206,0.6874863505363464,0.5793650793650794,0.7067200518702743,0.5555555555555556,0.0,0.0,0.0,0.0,0.0,0.0,0.0,0.0,0.0,,,,,18473,global,0.4
4,3,lr1e-04_bs32_modL1_fusion32_fusionL1_fusionBN0_drop0p2__wd1e-04trmiss40_trlocglobal,32,0.0001,0.0001,1,32,1,False,0.2,lr1e-04_bs32_modL1_fusion32_fusionL1_fusionBN0_drop0p2__wd1e-04trmiss40_trlocglobal,30,0.5042075514793396,0.6864969432353973,0.5833333333333334,0.7012718959779989,0.5555555555555556,0.0,0.0,0.0,0.0,0.0,0.0,0.0,0.0,0.0,,,,,18473,global,0.4
4,3,lr1e-04_bs32_modL1_fusion32_fusionL1_fusionBN0_drop0p2__wd1e-04trmiss40_trlocglobal,32,0.0001,0.0001,1,32,1,False,0.2,lr1e-04_bs32_modL1_fusion32_fusionL1_fusionBN0_drop0p2__wd1e-04trmiss40_trlocglobal,31,0.49837057292461395,0.6856638491153717,0.5833333333333334,0.7088106030215306,0.5777777777777777,0.0,0.0,0.0,0.0,0.0,0.0,0.0,0.0,0.0,,,,,18473,global,0.4
4,3,lr1e-04_bs32_modL1_fusion32_fusionL1_fusionBN0_drop0p1__wd1e-04trmiss40_trlocglobal,32,0.0001,0.0001,1,32,1,False,0.1,lr1e-04_bs32_modL1_fusion32_fusionL1_fusionBN0_drop0p1__wd1e-04trmiss40_trlocglobal,1,0.7038318117459615,0.6869169771671295,0.5892857142857143,0.6381163505138269,0.4888888888888889,0.0,0.0,0.0,0.0,0.0,0.0,0.0,0.0,0.0,,,,,18473,global,0.4
4,3,lr1e-04_bs32_modL1_fusion32_fusionL1_fusionBN0_drop0p1__wd1e-04trmiss40_trlocglobal,32,0.0001,0.0001,1,32,1,False,0.1,lr1e-04_bs32_modL1_fusion32_fusionL1_fusionBN0_drop0p1__wd1e-04trmiss40_trlocglobal,2,0.6850534876187643,0.6830239295959473,0.6071428571428572,0.660291916341107,0.5111111111111111,0.0,0.0,0.0,0.0,0.0,0.0,0.0,0.0,0.0,,,,,18473,global,0.4
4,3,lr1e-04_bs32_modL1_fusion32_fusionL1_fusionBN0_drop0p1__wd1e-04trmiss40_trlocglobal,32,0.0001,0.0001,1,32,1,False,0.1,lr1e-04_bs32_modL1_fusion32_fusionL1_fusionBN0_drop0p1__wd1e-04trmiss40_trlocglobal,3,0.6720848182837168,0.6803963482379913,0.6190476190476191,0.6747284492165936,0.5333333333333333,0.0,0.0,0.0,0.0,0.0,0.0,0.0,0.0,0.0,,,,,18473,global,0.4
4,3,lr1e-04_bs32_modL1_fusion32_fusionL1_fusionBN0_drop0p1__wd1e-04trmiss40_trlocglobal,32,0.0001,0.0001,1,32,1,False,0.1,lr1e-04_bs32_modL1_fusion32_fusionL1_fusionBN0_drop0p1__wd1e-04trmiss40_trlocglobal,4,0.6595245897769928,0.6801387369632721,0.625,0.6612897619703718,0.5333333333333333,0.0,0.0,0.0,0.0,0.0,0.0,0.0,0.0,0.0,,,,,18473,global,0.4
4,3,lr1e-04_bs32_modL1_fusion32_fusionL1_fusionBN0_drop0p1__wd1e-04trmiss40_trlocglobal,32,0.0001,0.0001,1,32,1,False,0.1,lr1e-04_bs32_modL1_fusion32_fusionL1_fusionBN0_drop0p1__wd1e-04trmiss40_trlocglobal,5,0.6479127506415049,0.6782750189304352,0.6428571428571428,0.6885466906494361,0.5777777777777777,0.0,0.0,0.0,0.0,0.0,0.0,0.0,0.0,0.0,,,,,18473,global,0.4
4,3,lr1e-04_bs32_modL1_fusion32_fusionL1_fusionBN0_drop0p1__wd1e-04trmiss40_trlocglobal,32,0.0001,0.0001,1,32,1,False,0.1,lr1e-04_bs32_modL1_fusion32_fusionL1_fusionBN0_drop0p1__wd1e-04trmiss40_trlocglobal,6,0.6347647110621134,0.677322119474411,0.6468253968253969,0.6926467794486653,0.5777777777777777,0.0,0.0,0.0,0.0,0.0,0.0,0.0,0.0,0.0,,,,,18473,global,0.4
4,3,lr1e-04_bs32_modL1_fusion32_fusionL1_fusionBN0_drop0p1__wd1e-04trmiss40_trlocglobal,32,0.0001,0.0001,1,32,1,False,0.1,lr1e-04_bs32_modL1_fusion32_fusionL1_fusionBN0_drop0p1__wd1e-04trmiss40_trlocglobal,7,0.6268261472384135,0.6773228645324707,0.6567460317460317,0.7131297307365702,0.6222222222222222,0.0,0.0,0.0,0.0,0.0,0.0,0.0,0.0,0.0,,,,,18473,global,0.4
4,3,lr1e-04_bs32_modL1_fusion32_fusionL1_fusionBN0_drop0p1__wd1e-04trmiss40_trlocglobal,32,0.0001,0.0001,1,32,1,False,0.1,lr1e-04_bs32_modL1_fusion32_fusionL1_fusionBN0_drop0p1__wd1e-04trmiss40_trlocglobal,8,0.6191796859105428,0.6777855157852173,0.6289682539682541,0.6936937341529206,0.6,0.0,0.0,0.0,0.0,0.0,0.0,0.0,0.0,0.0,,,,,18473,global,0.4
4,3,lr1e-04_bs32_modL1_fusion32_fusionL1_fusionBN0_drop0p1__wd1e-04trmiss40_trlocglobal,32,0.0001,0.0001,1,32,1,False,0.1,lr1e-04_bs32_modL1_fusion32_fusionL1_fusionBN0_drop0p1__wd1e-04trmiss40_trlocglobal,9,0.6069847941398621,0.6785496175289154,0.6150793650793651,0.7008009959800885,0.5555555555555556,0.0,0.0,0.0,0.0,0.0,0.0,0.0,0.0,0.0,,,,,18473,global,0.4
4,3,lr1e-04_bs32_modL1_fusion32_fusionL1_fusionBN0_drop0p1__wd1e-04trmiss40_trlocglobal,32,0.0001,0.0001,1,32,1,False,0.1,lr1e-04_bs32_modL1_fusion32_fusionL1_fusionBN0_drop0p1__wd1e-04trmiss40_trlocglobal,10,0.605771392583847,0.6770183145999908,0.621031746031746,0.715606977737202,0.5777777777777777,0.0,0.0,0.0,0.0,0.0,0.0,0.0,0.0,0.0,,,,,18473,global,0.4
4,3,lr1e-04_bs32_modL1_fusion32_fusionL1_fusionBN0_drop0p1__wd1e-04trmiss40_trlocglobal,32,0.0001,0.0001,1,32,1,False,0.1,lr1e-04_bs32_modL1_fusion32_fusionL1_fusionBN0_drop0p1__wd1e-04trmiss40_trlocglobal,11,0.5920282602310181,0.6755083501338959,0.6150793650793651,0.7143046065044902,0.5555555555555556,0.0,0.0,0.0,0.0,0.0,0.0,0.0,0.0,0.0,,,,,18473,global,0.4
4,3,lr1e-04_bs32_modL1_fusion32_fusionL1_fusionBN0_drop0p1__wd1e-04trmiss40_trlocglobal,32,0.0001,0.0001,1,32,1,False,0.1,lr1e-04_bs32_modL1_fusion32_fusionL1_fusionBN0_drop0p1__wd1e-04trmiss40_trlocglobal,12,0.5864300827185313,0.67732372879982,0.6130952380952381,0.7175085254442919,0.5555555555555556,0.0,0.0,0.0,0.0,0.0,0.0,0.0,0.0,0.0,,,,,18473,global,0.4
4,3,lr1e-04_bs32_modL1_fusion32_fusionL1_fusionBN0_drop0p1__wd1e-04trmiss40_trlocglobal,32,0.0001,0.0001,1,32,1,False,0.1,lr1e-04_bs32_modL1_fusion32_fusionL1_fusionBN0_drop0p1__wd1e-04trmiss40_trlocglobal,13,0.5818695823351542,0.6772401034832001,0.5952380952380952,0.7118141696463196,0.5555555555555556,0.0,0.0,0.0,0.0,0.0,0.0,0.0,0.0,0.0,,,,,18473,global,0.4
4,3,lr1e-04_bs32_modL1_fusion32_fusionL1_fusionBN0_drop0p1__wd1e-04trmiss40_trlocglobal,32,0.0001,0.0001,1,32,1,False,0.1,lr1e-04_bs32_modL1_fusion32_fusionL1_fusionBN0_drop0p1__wd1e-04trmiss40_trlocglobal,14,0.5709701776504517,0.6757292747497559,0.5952380952380952,0.7123858322613934,0.5777777777777777,0.0,0.0,0.0,0.0,0.0,0.0,0.0,0.0,0.0,,,,,18473,global,0.4
4,3,lr1e-04_bs32_modL1_fusion32_fusionL1_fusionBN0_drop0p1__wd1e-04trmiss40_trlocglobal,32,0.0001,0.0001,1,32,1,False,0.1,lr1e-04_bs32_modL1_fusion32_fusionL1_fusionBN0_drop0p1__wd1e-04trmiss40_trlocglobal,15,0.5659091770648956,0.6750499904155731,0.5972222222222222,0.7122362874882031,0.5777777777777777,0.0,0.0,0.0,0.0,0.0,0.0,0.0,0.0,0.0,,,,,18473,global,0.4
4,3,lr1e-04_bs32_modL1_fusion32_fusionL1_fusionBN0_drop0p1__wd1e-04trmiss40_trlocglobal,32,0.0001,0.0001,1,32,1,False,0.1,lr1e-04_bs32_modL1_fusion32_fusionL1_fusionBN0_drop0p1__wd1e-04trmiss40_trlocglobal,16,0.5591874519983927,0.6790419220924377,0.5615079365079365,0.6872325697480078,0.5333333333333333,0.0,0.0,0.0,0.0,0.0,0.0,0.0,0.0,0.0,,,,,18473,global,0.4
4,3,lr1e-04_bs32_modL1_fusion32_fusionL1_fusionBN0_drop0p1__wd1e-04trmiss40_trlocglobal,32,0.0001,0.0001,1,32,1,False,0.1,lr1e-04_bs32_modL1_fusion32_fusionL1_fusionBN0_drop0p1__wd1e-04trmiss40_trlocglobal,17,0.5451939304669698,0.6805624961853027,0.5674603174603174,0.6949283764534913,0.5333333333333333,0.0,0.0,0.0,0.0,0.0,0.0,0.0,0.0,0.0,,,,,18473,global,0.4
4,3,lr1e-04_bs32_modL1_fusion32_fusionL1_fusionBN0_drop0p1__wd1e-04trmiss40_trlocglobal,32,0.0001,0.0001,1,32,1,False,0.1,lr1e-04_bs32_modL1_fusion32_fusionL1_fusionBN0_drop0p1__wd1e-04trmiss40_trlocglobal,18,0.5401110549767812,0.6822724640369415,0.5555555555555555,0.6829632367001637,0.5333333333333333,0.0,0.0,0.0,0.0,0.0,0.0,0.0,0.0,0.0,,,,,18473,global,0.4
4,3,lr1e-04_bs32_modL1_fusion32_fusionL1_fusionBN0_drop0p1__wd1e-04trmiss40_trlocglobal,32,0.0001,0.0001,1,32,1,False,0.1,lr1e-04_bs32_modL1_fusion32_fusionL1_fusionBN0_drop0p1__wd1e-04trmiss40_trlocglobal,19,0.5312363008658091,0.6811485588550568,0.5595238095238095,0.6882753972186808,0.5555555555555556,0.0,0.0,0.0,0.0,0.0,0.0,0.0,0.0,0.0,,,,,18473,global,0.4
4,3,lr1e-04_bs32_modL1_fusion32_fusionL1_fusionBN0_drop0p1__wd1e-04trmiss40_trlocglobal,32,0.0001,0.0001,1,32,1,False,0.1,lr1e-04_bs32_modL1_fusion32_fusionL1_fusionBN0_drop0p1__wd1e-04trmiss40_trlocglobal,20,0.5213167866071066,0.6765901148319244,0.5873015873015873,0.7012183313534379,0.5555555555555556,0.0,0.0,0.0,0.0,0.0,0.0,0.0,0.0,0.0,,,,,18473,global,0.4
4,3,lr1e-04_bs32_modL1_fusion32_fusionL1_fusionBN0_drop0p1__wd1e-04trmiss40_trlocglobal,32,0.0001,0.0001,1,32,1,False,0.1,lr1e-04_bs32_modL1_fusion32_fusionL1_fusionBN0_drop0p1__wd1e-04trmiss40_trlocglobal,21,0.5215101937452952,0.6754733324050903,0.5873015873015873,0.7091584905190849,0.5555555555555556,0.0,0.0,0.0,0.0,0.0,0.0,0.0,0.0,0.0,,,,,18473,global,0.4
4,3,lr1e-04_bs32_modL1_fusion32_fusionL1_fusionBN0_drop0p1__wd1e-04trmiss40_trlocglobal,32,0.0001,0.0001,1,32,1,False,0.1,lr1e-04_bs32_modL1_fusion32_fusionL1_fusionBN0_drop0p1__wd1e-04trmiss40_trlocglobal,22,0.5124405026435852,0.6772208213806152,0.5833333333333334,0.7080388863529696,0.5777777777777777,0.0,0.0,0.0,0.0,0.0,0.0,0.0,0.0,0.0,,,,,18473,global,0.4
4,3,lr1e-04_bs32_modL1_fusion32_fusionL1_fusionBN0_drop0p1__wd1e-04trmiss40_trlocglobal,32,0.0001,0.0001,1,32,1,False,0.1,lr1e-04_bs32_modL1_fusion32_fusionL1_fusionBN0_drop0p1__wd1e-04trmiss40_trlocglobal,23,0.5087827493747076,0.6757470369338989,0.5714285714285715,0.7014697656460664,0.5777777777777777,0.0,0.0,0.0,0.0,0.0,0.0,0.0,0.0,0.0,,,,,18473,global,0.4
4,3,lr1e-04_bs32_modL1_fusion32_fusionL1_fusionBN0_drop0p1__wd1e-04trmiss40_trlocglobal,32,0.0001,0.0001,1,32,1,False,0.1,lr1e-04_bs32_modL1_fusion32_fusionL1_fusionBN0_drop0p1__wd1e-04trmiss40_trlocglobal,24,0.498102401693662,0.6796908974647522,0.5634920634920635,0.6952902990035688,0.6,0.0,0.0,0.0,0.0,0.0,0.0,0.0,0.0,0.0,,,,,18473,global,0.4
4,3,lr1e-04_bs32_modL1_fusion32_fusionL1_fusionBN0_drop0p1__wd1e-04trmiss40_trlocglobal,32,0.0001,0.0001,1,32,1,False,0.1,lr1e-04_bs32_modL1_fusion32_fusionL1_fusionBN0_drop0p1__wd1e-04trmiss40_trlocglobal,25,0.49615301191806793,0.6777160465717316,0.5714285714285714,0.6976184755018504,0.6,0.0,0.0,0.0,0.0,0.0,0.0,0.0,0.0,0.0,,,,,18473,global,0.4
4,3,lr1e-04_bs32_modL1_fusion32_fusionL1_fusionBN0_drop0p1__wd1e-04trmiss40_trlocglobal,32,0.0001,0.0001,1,32,1,False,0.1,lr1e-04_bs32_modL1_fusion32_fusionL1_fusionBN0_drop0p1__wd1e-04trmiss40_trlocglobal,26,0.48744895060857135,0.6801978945732117,0.5734126984126984,0.7014451514398858,0.6222222222222222,0.0,0.0,0.0,0.0,0.0,0.0,0.0,0.0,0.0,,,,,18473,global,0.4
4,3,lr1e-04_bs32_modL1_fusion32_fusionL1_fusionBN0_drop0p1__wd1e-04trmiss40_trlocglobal,32,0.0001,0.0001,1,32,1,False,0.1,lr1e-04_bs32_modL1_fusion32_fusionL1_fusionBN0_drop0p1__wd1e-04trmiss40_trlocglobal,27,0.48468070725599927,0.6823164522647858,0.5575396825396826,0.6827092386598554,0.6,0.0,0.0,0.0,0.0,0.0,0.0,0.0,0.0,0.0,,,,,18473,global,0.4
4,3,lr5e-05_bs32_modL1_fusion16_fusionL1_fusionBN0_drop0p2__wd1e-04trmiss40_trlocglobal,32,5e-05,0.0001,1,16,1,False,0.2,lr5e-05_bs32_modL1_fusion16_fusionL1_fusionBN0_drop0p2__wd1e-04trmiss40_trlocglobal,1,0.7052553097407023,0.69428351521492,0.625,0.6577896681640304,0.4666666666666667,0.0,0.0,0.0,0.0,0.0,0.0,0.0,0.0,0.0,,,,,18473,global,0.4
4,3,lr5e-05_bs32_modL1_fusion16_fusionL1_fusionBN0_drop0p2__wd1e-04trmiss40_trlocglobal,32,5e-05,0.0001,1,16,1,False,0.2,lr5e-05_bs32_modL1_fusion16_fusionL1_fusionBN0_drop0p2__wd1e-04trmiss40_trlocglobal,2,0.7006083230177561,0.6924986839294434,0.6309523809523809,0.7076127154667404,0.4666666666666667,0.0,0.0,0.0,0.0,0.0,0.0,0.0,0.0,0.0,,,,,18473,global,0.4
4,3,lr5e-05_bs32_modL1_fusion16_fusionL1_fusionBN0_drop0p2__wd1e-04trmiss40_trlocglobal,32,5e-05,0.0001,1,16,1,False,0.2,lr5e-05_bs32_modL1_fusion16_fusionL1_fusionBN0_drop0p2__wd1e-04trmiss40_trlocglobal,3,0.6800530056158701,0.6897577047348022,0.6408730158730158,0.7087850624917977,0.5111111111111111,0.0,0.0,0.0,0.0,0.0,0.0,0.0,0.0,0.0,,,,,18473,global,0.4
4,3,lr5e-05_bs32_modL1_fusion16_fusionL1_fusionBN0_drop0p2__wd1e-04trmiss40_trlocglobal,32,5e-05,0.0001,1,16,1,False,0.2,lr5e-05_bs32_modL1_fusion16_fusionL1_fusionBN0_drop0p2__wd1e-04trmiss40_trlocglobal,4,0.6727654039859772,0.686938464641571,0.6706349206349207,0.7261326643061682,0.5111111111111111,0.0,0.0,0.0,0.0,0.0,0.0,0.0,0.0,0.0,,,,,18473,global,0.4
4,3,lr5e-05_bs32_modL1_fusion16_fusionL1_fusionBN0_drop0p2__wd1e-04trmiss40_trlocglobal,32,5e-05,0.0001,1,16,1,False,0.2,lr5e-05_bs32_modL1_fusion16_fusionL1_fusionBN0_drop0p2__wd1e-04trmiss40_trlocglobal,5,0.6700877547264099,0.6843325793743134,0.6825396825396826,0.7430015219855688,0.5333333333333333,0.0,0.0,0.0,0.0,0.0,0.0,0.0,0.0,0.0,,,,,18473,global,0.4
4,3,lr5e-05_bs32_modL1_fusion16_fusionL1_fusionBN0_drop0p2__wd1e-04trmiss40_trlocglobal,32,5e-05,0.0001,1,16,1,False,0.2,lr5e-05_bs32_modL1_fusion16_fusionL1_fusionBN0_drop0p2__wd1e-04trmiss40_trlocglobal,6,0.6579379638036092,0.6816263198852539,0.6865079365079365,0.7527249698734183,0.6,0.0,0.0,0.0,0.0,0.0,0.0,0.0,0.0,0.0,,,,,18473,global,0.4
4,3,lr5e-05_bs32_modL1_fusion16_fusionL1_fusionBN0_drop0p2__wd1e-04trmiss40_trlocglobal,32,5e-05,0.0001,1,16,1,False,0.2,lr5e-05_bs32_modL1_fusion16_fusionL1_fusionBN0_drop0p2__wd1e-04trmiss40_trlocglobal,7,0.6607985099156698,0.6825525760650635,0.6865079365079366,0.7576089783137845,0.6,0.0,0.0,0.0,0.0,0.0,0.0,0.0,0.0,0.0,,,,,18473,global,0.4
4,3,lr5e-05_bs32_modL1_fusion16_fusionL1_fusionBN0_drop0p2__wd1e-04trmiss40_trlocglobal,32,5e-05,0.0001,1,16,1,False,0.2,lr5e-05_bs32_modL1_fusion16_fusionL1_fusionBN0_drop0p2__wd1e-04trmiss40_trlocglobal,8,0.6526785393555959,0.6815590560436249,0.6805555555555556,0.7634719491245718,0.6222222222222222,0.0,0.0,0.0,0.0,0.0,0.0,0.0,0.0,0.0,,,,,18473,global,0.4
4,3,lr5e-05_bs32_modL1_fusion16_fusionL1_fusionBN0_drop0p2__wd1e-04trmiss40_trlocglobal,32,5e-05,0.0001,1,16,1,False,0.2,lr5e-05_bs32_modL1_fusion16_fusionL1_fusionBN0_drop0p2__wd1e-04trmiss40_trlocglobal,9,0.6492040952046713,0.6787637174129486,0.6904761904761905,0.7715162030545533,0.6,0.0,0.0,0.0,0.0,0.0,0.0,0.0,0.0,0.0,,,,,18473,global,0.4
4,3,lr5e-05_bs32_modL1_fusion16_fusionL1_fusionBN0_drop0p2__wd1e-04trmiss40_trlocglobal,32,5e-05,0.0001,1,16,1,False,0.2,lr5e-05_bs32_modL1_fusion16_fusionL1_fusionBN0_drop0p2__wd1e-04trmiss40_trlocglobal,10,0.6450180808703104,0.6770893931388855,0.7043650793650794,0.7797320827531266,0.6222222222222222,0.0,0.0,0.0,0.0,0.0,0.0,0.0,0.0,0.0,,,,,18473,global,0.4
4,3,lr5e-05_bs32_modL1_fusion16_fusionL1_fusionBN0_drop0p2__wd1e-04trmiss40_trlocglobal,32,5e-05,0.0001,1,16,1,False,0.2,lr5e-05_bs32_modL1_fusion16_fusionL1_fusionBN0_drop0p2__wd1e-04trmiss40_trlocglobal,11,0.6287621657053629,0.6775743365287781,0.7043650793650794,0.7712761806933761,0.6222222222222222,0.0,0.0,0.0,0.0,0.0,0.0,0.0,0.0,0.0,,,,,18473,global,0.4
4,3,lr5e-05_bs32_modL1_fusion16_fusionL1_fusionBN0_drop0p2__wd1e-04trmiss40_trlocglobal,32,5e-05,0.0001,1,16,1,False,0.2,lr5e-05_bs32_modL1_fusion16_fusionL1_fusionBN0_drop0p2__wd1e-04trmiss40_trlocglobal,12,0.6281800170739492,0.6786415576934814,0.7043650793650793,0.7706159185228905,0.6,0.0,0.0,0.0,0.0,0.0,0.0,0.0,0.0,0.0,,,,,18473,global,0.4
4,3,lr5e-05_bs32_modL1_fusion16_fusionL1_fusionBN0_drop0p2__wd1e-04trmiss40_trlocglobal,32,5e-05,0.0001,1,16,1,False,0.2,lr5e-05_bs32_modL1_fusion16_fusionL1_fusionBN0_drop0p2__wd1e-04trmiss40_trlocglobal,13,0.6294285555680593,0.6793405115604401,0.6884920634920635,0.766156176899773,0.6,0.0,0.0,0.0,0.0,0.0,0.0,0.0,0.0,0.0,,,,,18473,global,0.4
4,3,lr5e-05_bs32_modL1_fusion16_fusionL1_fusionBN0_drop0p2__wd1e-04trmiss40_trlocglobal,32,5e-05,0.0001,1,16,1,False,0.2,lr5e-05_bs32_modL1_fusion16_fusionL1_fusionBN0_drop0p2__wd1e-04trmiss40_trlocglobal,14,0.6304642160733541,0.6788725852966309,0.6805555555555557,0.7635074555737262,0.6,0.0,0.0,0.0,0.0,0.0,0.0,0.0,0.0,0.0,,,,,18473,global,0.4
4,3,lr5e-05_bs32_modL1_fusion16_fusionL1_fusionBN0_drop0p2__wd1e-04trmiss40_trlocglobal,32,5e-05,0.0001,1,16,1,False,0.2,lr5e-05_bs32_modL1_fusion16_fusionL1_fusionBN0_drop0p2__wd1e-04trmiss40_trlocglobal,15,0.6247766017913818,0.6767308115959167,0.6904761904761904,0.7695301158573267,0.6,0.0,0.0,0.0,0.0,0.0,0.0,0.0,0.0,0.0,,,,,18473,global,0.4
4,3,lr5e-05_bs32_modL1_fusion16_fusionL1_fusionBN0_drop0p2__wd1e-04trmiss40_trlocglobal,32,5e-05,0.0001,1,16,1,False,0.2,lr5e-05_bs32_modL1_fusion16_fusionL1_fusionBN0_drop0p2__wd1e-04trmiss40_trlocglobal,16,0.619236687819163,0.6767208278179169,0.6865079365079365,0.7632547852833724,0.6,0.0,0.0,0.0,0.0,0.0,0.0,0.0,0.0,0.0,,,,,18473,global,0.4
4,3,lr5e-05_bs32_modL1_fusion16_fusionL1_fusionBN0_drop0p2__wd1e-04trmiss40_trlocglobal,32,5e-05,0.0001,1,16,1,False,0.2,lr5e-05_bs32_modL1_fusion16_fusionL1_fusionBN0_drop0p2__wd1e-04trmiss40_trlocglobal,17,0.6100362439950308,0.6772536933422089,0.6765873015873016,0.7551035567246847,0.6,0.0,0.0,0.0,0.0,0.0,0.0,0.0,0.0,0.0,,,,,18473,global,0.4
4,3,lr5e-05_bs32_modL1_fusion16_fusionL1_fusionBN0_drop0p2__wd1e-04trmiss40_trlocglobal,32,5e-05,0.0001,1,16,1,False,0.2,lr5e-05_bs32_modL1_fusion16_fusionL1_fusionBN0_drop0p2__wd1e-04trmiss40_trlocglobal,18,0.6045608321825663,0.6773297786712646,0.6706349206349207,0.759802596347076,0.6,0.0,0.0,0.0,0.0,0.0,0.0,0.0,0.0,0.0,,,,,18473,global,0.4
4,3,lr5e-05_bs32_modL1_fusion16_fusionL1_fusionBN0_drop0p2__wd1e-04trmiss40_trlocglobal,32,5e-05,0.0001,1,16,1,False,0.2,lr5e-05_bs32_modL1_fusion16_fusionL1_fusionBN0_drop0p2__wd1e-04trmiss40_trlocglobal,19,0.6028469502925873,0.6761000752449036,0.6706349206349206,0.7610018582179854,0.6222222222222222,0.0,0.0,0.0,0.0,0.0,0.0,0.0,0.0,0.0,,,,,18473,global,0.4
4,3,lr5e-05_bs32_modL1_fusion16_fusionL1_fusionBN0_drop0p2__wd1e-04trmiss40_trlocglobal,32,5e-05,0.0001,1,16,1,False,0.2,lr5e-05_bs32_modL1_fusion16_fusionL1_fusionBN0_drop0p2__wd1e-04trmiss40_trlocglobal,20,0.6047536333401998,0.6754756569862366,0.6765873015873016,0.7587919212685204,0.6222222222222222,0.0,0.0,0.0,0.0,0.0,0.0,0.0,0.0,0.0,,,,,18473,global,0.4
4,3,lr5e-05_bs32_modL1_fusion16_fusionL1_fusionBN0_drop0p2__wd1e-04trmiss40_trlocglobal,32,5e-05,0.0001,1,16,1,False,0.2,lr5e-05_bs32_modL1_fusion16_fusionL1_fusionBN0_drop0p2__wd1e-04trmiss40_trlocglobal,21,0.6065153181552887,0.6745092570781708,0.6765873015873016,0.7569915085934087,0.6222222222222222,0.0,0.0,0.0,0.0,0.0,0.0,0.0,0.0,0.0,,,,,18473,global,0.4
4,3,lr5e-05_bs32_modL1_fusion16_fusionL1_fusionBN0_drop0p2__wd1e-04trmiss40_trlocglobal,32,5e-05,0.0001,1,16,1,False,0.2,lr5e-05_bs32_modL1_fusion16_fusionL1_fusionBN0_drop0p2__wd1e-04trmiss40_trlocglobal,22,0.6066043078899384,0.671897828578949,0.6944444444444444,0.7880620281186308,0.6444444444444445,0.0,0.0,0.0,0.0,0.0,0.0,0.0,0.0,0.0,,,,,18473,global,0.4
4,3,lr5e-05_bs32_modL1_fusion16_fusionL1_fusionBN0_drop0p2__wd1e-04trmiss40_trlocglobal,32,5e-05,0.0001,1,16,1,False,0.2,lr5e-05_bs32_modL1_fusion16_fusionL1_fusionBN0_drop0p2__wd1e-04trmiss40_trlocglobal,23,0.5895045300324758,0.671136885881424,0.6944444444444444,0.7884167986500317,0.6222222222222222,0.0,0.0,0.0,0.0,0.0,0.0,0.0,0.0,0.0,,,,,18473,global,0.4
4,3,lr5e-05_bs32_modL1_fusion16_fusionL1_fusionBN0_drop0p2__wd1e-04trmiss40_trlocglobal,32,5e-05,0.0001,1,16,1,False,0.2,lr5e-05_bs32_modL1_fusion16_fusionL1_fusionBN0_drop0p2__wd1e-04trmiss40_trlocglobal,24,0.5965764621893564,0.6712431907653809,0.6904761904761905,0.7862159439491769,0.6222222222222222,0.0,0.0,0.0,0.0,0.0,0.0,0.0,0.0,0.0,,,,,18473,global,0.4
4,3,lr5e-05_bs32_modL1_fusion16_fusionL1_fusionBN0_drop0p2__wd1e-04trmiss40_trlocglobal,32,5e-05,0.0001,1,16,1,False,0.2,lr5e-05_bs32_modL1_fusion16_fusionL1_fusionBN0_drop0p2__wd1e-04trmiss40_trlocglobal,25,0.5923853019873301,0.6725601255893707,0.6746031746031748,0.7711773875641939,0.6,0.0,0.0,0.0,0.0,0.0,0.0,0.0,0.0,0.0,,,,,18473,global,0.4
4,3,lr5e-05_bs32_modL1_fusion16_fusionL1_fusionBN0_drop0p2__wd1e-04trmiss40_trlocglobal,32,5e-05,0.0001,1,16,1,False,0.2,lr5e-05_bs32_modL1_fusion16_fusionL1_fusionBN0_drop0p2__wd1e-04trmiss40_trlocglobal,26,0.5801359117031097,0.6734586656093597,0.6765873015873016,0.7721512211667039,0.6222222222222222,0.0,0.0,0.0,0.0,0.0,0.0,0.0,0.0,0.0,,,,,18473,global,0.4
4,3,lr5e-05_bs32_modL1_fusion16_fusionL1_fusionBN0_drop0p2__wd1e-04trmiss40_trlocglobal,32,5e-05,0.0001,1,16,1,False,0.2,lr5e-05_bs32_modL1_fusion16_fusionL1_fusionBN0_drop0p2__wd1e-04trmiss40_trlocglobal,27,0.590760866800944,0.6736895143985748,0.6726190476190477,0.7712444186269796,0.6222222222222222,0.0,0.0,0.0,0.0,0.0,0.0,0.0,0.0,0.0,,,,,18473,global,0.4
4,3,lr5e-05_bs32_modL1_fusion16_fusionL1_fusionBN0_drop0p2__wd1e-04trmiss40_trlocglobal,32,5e-05,0.0001,1,16,1,False,0.2,lr5e-05_bs32_modL1_fusion16_fusionL1_fusionBN0_drop0p2__wd1e-04trmiss40_trlocglobal,28,0.5758141875267029,0.6723543405532837,0.6865079365079366,0.7931968794027646,0.6222222222222222,0.0,0.0,0.0,0.0,0.0,0.0,0.0,0.0,0.0,,,,,18473,global,0.4
4,3,lr5e-05_bs32_modL1_fusion16_fusionL1_fusionBN0_drop0p2__wd1e-04trmiss40_trlocglobal,32,5e-05,0.0001,1,16,1,False,0.2,lr5e-05_bs32_modL1_fusion16_fusionL1_fusionBN0_drop0p2__wd1e-04trmiss40_trlocglobal,29,0.5824456711610159,0.6724815964698792,0.6746031746031746,0.782602626723099,0.6444444444444445,0.0,0.0,0.0,0.0,0.0,0.0,0.0,0.0,0.0,,,,,18473,global,0.4
4,3,lr5e-05_bs32_modL1_fusion16_fusionL1_fusionBN0_drop0p2__wd1e-04trmiss40_trlocglobal,32,5e-05,0.0001,1,16,1,False,0.2,lr5e-05_bs32_modL1_fusion16_fusionL1_fusionBN0_drop0p2__wd1e-04trmiss40_trlocglobal,30,0.5799195071061453,0.6722590327262878,0.6785714285714286,0.7769100199802628,0.6444444444444445,0.0,0.0,0.0,0.0,0.0,0.0,0.0,0.0,0.0,,,,,18473,global,0.4
4,3,lr5e-05_bs32_modL1_fusion16_fusionL1_fusionBN0_drop0p1__wd1e-04trmiss40_trlocglobal,32,5e-05,0.0001,1,16,1,False,0.1,lr5e-05_bs32_modL1_fusion16_fusionL1_fusionBN0_drop0p1__wd1e-04trmiss40_trlocglobal,1,0.6964147984981537,0.6894450187683105,0.5178571428571429,0.5485103157881558,0.5555555555555556,0.0,0.0,0.0,0.0,0.0,0.0,0.0,0.0,0.0,,,,,18473,global,0.4
4,3,lr5e-05_bs32_modL1_fusion16_fusionL1_fusionBN0_drop0p1__wd1e-04trmiss40_trlocglobal,32,5e-05,0.0001,1,16,1,False,0.1,lr5e-05_bs32_modL1_fusion16_fusionL1_fusionBN0_drop0p1__wd1e-04trmiss40_trlocglobal,2,0.6820471584796906,0.6872450709342957,0.48611111111111116,0.5229180639191507,0.5777777777777777,0.0,0.0,0.0,0.0,0.0,0.0,0.0,0.0,0.0,,,,,18473,global,0.4
4,3,lr5e-05_bs32_modL1_fusion16_fusionL1_fusionBN0_drop0p1__wd1e-04trmiss40_trlocglobal,32,5e-05,0.0001,1,16,1,False,0.1,lr5e-05_bs32_modL1_fusion16_fusionL1_fusionBN0_drop0p1__wd1e-04trmiss40_trlocglobal,3,0.6730084518591563,0.6854451894760132,0.4781746031746032,0.4974681067139739,0.6,0.0,0.0,0.0,0.0,0.0,0.0,0.0,0.0,0.0,,,,,18473,global,0.4
4,3,lr5e-05_bs32_modL1_fusion16_fusionL1_fusionBN0_drop0p1__wd1e-04trmiss40_trlocglobal,32,5e-05,0.0001,1,16,1,False,0.1,lr5e-05_bs32_modL1_fusion16_fusionL1_fusionBN0_drop0p1__wd1e-04trmiss40_trlocglobal,4,0.6741730769475301,0.6838312149047852,0.5,0.5337524297167519,0.6,0.0,0.0,0.0,0.0,0.0,0.0,0.0,0.0,0.0,,,,,18473,global,0.4
4,3,lr5e-05_bs32_modL1_fusion16_fusionL1_fusionBN0_drop0p1__wd1e-04trmiss40_trlocglobal,32,5e-05,0.0001,1,16,1,False,0.1,lr5e-05_bs32_modL1_fusion16_fusionL1_fusionBN0_drop0p1__wd1e-04trmiss40_trlocglobal,5,0.665454496939977,0.68075230717659,0.5178571428571429,0.544465240163502,0.6222222222222222,0.0,0.0,0.0,0.0,0.0,0.0,0.0,0.0,0.0,,,,,18473,global,0.4
4,3,lr5e-05_bs32_modL1_fusion16_fusionL1_fusionBN0_drop0p1__wd1e-04trmiss40_trlocglobal,32,5e-05,0.0001,1,16,1,False,0.1,lr5e-05_bs32_modL1_fusion16_fusionL1_fusionBN0_drop0p1__wd1e-04trmiss40_trlocglobal,6,0.6540631353855133,0.6780083179473877,0.5357142857142857,0.5820758037739272,0.6444444444444445,0.0,0.0,0.0,0.0,0.0,0.0,0.0,0.0,0.0,,,,,18473,global,0.4
4,3,lr5e-05_bs32_modL1_fusion16_fusionL1_fusionBN0_drop0p1__wd1e-04trmiss40_trlocglobal,32,5e-05,0.0001,1,16,1,False,0.1,lr5e-05_bs32_modL1_fusion16_fusionL1_fusionBN0_drop0p1__wd1e-04trmiss40_trlocglobal,7,0.6510324478149414,0.6764493882656097,0.5376984126984127,0.5645143106647555,0.6444444444444445,0.0,0.0,0.0,0.0,0.0,0.0,0.0,0.0,0.0,,,,,18473,global,0.4
4,3,lr5e-05_bs32_modL1_fusion16_fusionL1_fusionBN0_drop0p1__wd1e-04trmiss40_trlocglobal,32,5e-05,0.0001,1,16,1,False,0.1,lr5e-05_bs32_modL1_fusion16_fusionL1_fusionBN0_drop0p1__wd1e-04trmiss40_trlocglobal,8,0.6457058489322662,0.6747772097587585,0.5753968253968255,0.5937919195332899,0.6444444444444445,0.0,0.0,0.0,0.0,0.0,0.0,0.0,0.0,0.0,,,,,18473,global,0.4
4,3,lr5e-05_bs32_modL1_fusion16_fusionL1_fusionBN0_drop0p1__wd1e-04trmiss40_trlocglobal,32,5e-05,0.0001,1,16,1,False,0.1,lr5e-05_bs32_modL1_fusion16_fusionL1_fusionBN0_drop0p1__wd1e-04trmiss40_trlocglobal,9,0.6393316884835561,0.6739567518234253,0.5734126984126984,0.5942515712477834,0.6444444444444445,0.0,0.0,0.0,0.0,0.0,0.0,0.0,0.0,0.0,,,,,18473,global,0.4
4,3,lr5e-05_bs32_modL1_fusion16_fusionL1_fusionBN0_drop0p1__wd1e-04trmiss40_trlocglobal,32,5e-05,0.0001,1,16,1,False,0.1,lr5e-05_bs32_modL1_fusion16_fusionL1_fusionBN0_drop0p1__wd1e-04trmiss40_trlocglobal,10,0.6373832325140635,0.6731524467468262,0.5892857142857143,0.6052485591746595,0.6222222222222222,0.0,0.0,0.0,0.0,0.0,0.0,0.0,0.0,0.0,,,,,18473,global,0.4
4,3,lr5e-05_bs32_modL1_fusion16_fusionL1_fusionBN0_drop0p1__wd1e-04trmiss40_trlocglobal,32,5e-05,0.0001,1,16,1,False,0.1,lr5e-05_bs32_modL1_fusion16_fusionL1_fusionBN0_drop0p1__wd1e-04trmiss40_trlocglobal,11,0.6330142418543497,0.6729171574115753,0.5873015873015873,0.6154916955554366,0.6222222222222222,0.0,0.0,0.0,0.0,0.0,0.0,0.0,0.0,0.0,,,,,18473,global,0.4
4,3,lr5e-05_bs32_modL1_fusion16_fusionL1_fusionBN0_drop0p1__wd1e-04trmiss40_trlocglobal,32,5e-05,0.0001,1,16,1,False,0.1,lr5e-05_bs32_modL1_fusion16_fusionL1_fusionBN0_drop0p1__wd1e-04trmiss40_trlocglobal,12,0.6247516969839731,0.6723962128162384,0.5773809523809523,0.6226376707418395,0.6222222222222222,0.0,0.0,0.0,0.0,0.0,0.0,0.0,0.0,0.0,,,,,18473,global,0.4
4,3,lr5e-05_bs32_modL1_fusion16_fusionL1_fusionBN0_drop0p1__wd1e-04trmiss40_trlocglobal,32,5e-05,0.0001,1,16,1,False,0.1,lr5e-05_bs32_modL1_fusion16_fusionL1_fusionBN0_drop0p1__wd1e-04trmiss40_trlocglobal,13,0.62572713692983,0.670441210269928,0.5853174603174603,0.6418927328519711,0.6222222222222222,0.0,0.0,0.0,0.0,0.0,0.0,0.0,0.0,0.0,,,,,18473,global,0.4
4,3,lr5e-05_bs32_modL1_fusion16_fusionL1_fusionBN0_drop0p1__wd1e-04trmiss40_trlocglobal,32,5e-05,0.0001,1,16,1,False,0.1,lr5e-05_bs32_modL1_fusion16_fusionL1_fusionBN0_drop0p1__wd1e-04trmiss40_trlocglobal,14,0.6313255429267883,0.670041412115097,0.5992063492063493,0.6560375481702546,0.6222222222222222,0.0,0.0,0.0,0.0,0.0,0.0,0.0,0.0,0.0,,,,,18473,global,0.4
4,3,lr5e-05_bs32_modL1_fusion16_fusionL1_fusionBN0_drop0p1__wd1e-04trmiss40_trlocglobal,32,5e-05,0.0001,1,16,1,False,0.1,lr5e-05_bs32_modL1_fusion16_fusionL1_fusionBN0_drop0p1__wd1e-04trmiss40_trlocglobal,15,0.6220569312572479,0.6707299649715424,0.5912698412698413,0.646163417976673,0.6222222222222222,0.0,0.0,0.0,0.0,0.0,0.0,0.0,0.0,0.0,,,,,18473,global,0.4
4,3,lr5e-05_bs32_modL1_fusion16_fusionL1_fusionBN0_drop0p1__wd1e-04trmiss40_trlocglobal,32,5e-05,0.0001,1,16,1,False,0.1,lr5e-05_bs32_modL1_fusion16_fusionL1_fusionBN0_drop0p1__wd1e-04trmiss40_trlocglobal,16,0.610633114973704,0.6698261797428131,0.6051587301587302,0.6588796768991743,0.6222222222222222,0.0,0.0,0.0,0.0,0.0,0.0,0.0,0.0,0.0,,,,,18473,global,0.4
4,3,lr5e-05_bs32_modL1_fusion16_fusionL1_fusionBN0_drop0p1__wd1e-04trmiss40_trlocglobal,32,5e-05,0.0001,1,16,1,False,0.1,lr5e-05_bs32_modL1_fusion16_fusionL1_fusionBN0_drop0p1__wd1e-04trmiss40_trlocglobal,17,0.6173104544480642,0.6690962016582489,0.6071428571428572,0.6735827358290614,0.6,0.0,0.0,0.0,0.0,0.0,0.0,0.0,0.0,0.0,,,,,18473,global,0.4
4,3,lr5e-05_bs32_modL1_fusion16_fusionL1_fusionBN0_drop0p1__wd1e-04trmiss40_trlocglobal,32,5e-05,0.0001,1,16,1,False,0.1,lr5e-05_bs32_modL1_fusion16_fusionL1_fusionBN0_drop0p1__wd1e-04trmiss40_trlocglobal,18,0.6072840889294943,0.6684050261974335,0.5952380952380952,0.6675534528643974,0.6,0.0,0.0,0.0,0.0,0.0,0.0,0.0,0.0,0.0,,,,,18473,global,0.4
4,3,lr5e-05_bs32_modL1_fusion16_fusionL1_fusionBN0_drop0p1__wd1e-04trmiss40_trlocglobal,32,5e-05,0.0001,1,16,1,False,0.1,lr5e-05_bs32_modL1_fusion16_fusionL1_fusionBN0_drop0p1__wd1e-04trmiss40_trlocglobal,19,0.5995258291562399,0.6663861274719238,0.6111111111111112,0.6752829939278763,0.6,0.0,0.0,0.0,0.0,0.0,0.0,0.0,0.0,0.0,,,,,18473,global,0.4
4,3,lr5e-05_bs32_modL1_fusion16_fusionL1_fusionBN0_drop0p1__wd1e-04trmiss40_trlocglobal,32,5e-05,0.0001,1,16,1,False,0.1,lr5e-05_bs32_modL1_fusion16_fusionL1_fusionBN0_drop0p1__wd1e-04trmiss40_trlocglobal,20,0.6027853488922119,0.6659554243087769,0.6051587301587302,0.6689881447947235,0.6,0.0,0.0,0.0,0.0,0.0,0.0,0.0,0.0,0.0,,,,,18473,global,0.4
4,3,lr5e-05_bs32_modL1_fusion16_fusionL1_fusionBN0_drop0p1__wd1e-04trmiss40_trlocglobal,32,5e-05,0.0001,1,16,1,False,0.1,lr5e-05_bs32_modL1_fusion16_fusionL1_fusionBN0_drop0p1__wd1e-04trmiss40_trlocglobal,21,0.6024470925331116,0.6667433977127075,0.5992063492063492,0.6631975702501528,0.6,0.0,0.0,0.0,0.0,0.0,0.0,0.0,0.0,0.0,,,,,18473,global,0.4
4,3,lr5e-05_bs32_modL1_fusion16_fusionL1_fusionBN0_drop0p1__wd1e-04trmiss40_trlocglobal,32,5e-05,0.0001,1,16,1,False,0.1,lr5e-05_bs32_modL1_fusion16_fusionL1_fusionBN0_drop0p1__wd1e-04trmiss40_trlocglobal,22,0.596292624870936,0.6662957966327667,0.6011904761904763,0.6639289820950965,0.6,0.0,0.0,0.0,0.0,0.0,0.0,0.0,0.0,0.0,,,,,18473,global,0.4
4,3,lr5e-05_bs32_modL1_fusion16_fusionL1_fusionBN0_drop0p1__wd1e-04trmiss40_trlocglobal,32,5e-05,0.0001,1,16,1,False,0.1,lr5e-05_bs32_modL1_fusion16_fusionL1_fusionBN0_drop0p1__wd1e-04trmiss40_trlocglobal,23,0.5909368892510732,0.6651044189929962,0.5992063492063493,0.6607240450239342,0.5555555555555556,0.0,0.0,0.0,0.0,0.0,0.0,0.0,0.0,0.0,,,,,18473,global,0.4
4,3,lr5e-05_bs32_modL1_fusion16_fusionL1_fusionBN0_drop0p1__wd1e-04trmiss40_trlocglobal,32,5e-05,0.0001,1,16,1,False,0.1,lr5e-05_bs32_modL1_fusion16_fusionL1_fusionBN0_drop0p1__wd1e-04trmiss40_trlocglobal,24,0.5918277899424235,0.6659837663173676,0.6051587301587301,0.6872490929997535,0.5555555555555556,0.0,0.0,0.0,0.0,0.0,0.0,0.0,0.0,0.0,,,,,18473,global,0.4
4,3,lr5e-05_bs32_modL1_fusion16_fusionL1_fusionBN0_drop0p1__wd1e-04trmiss40_trlocglobal,32,5e-05,0.0001,1,16,1,False,0.1,lr5e-05_bs32_modL1_fusion16_fusionL1_fusionBN0_drop0p1__wd1e-04trmiss40_trlocglobal,25,0.5824959377447764,0.6656591594219208,0.6031746031746031,0.6803126891499027,0.5777777777777777,0.0,0.0,0.0,0.0,0.0,0.0,0.0,0.0,0.0,,,,,18473,global,0.4
4,3,lr5e-05_bs32_modL1_fusion16_fusionL1_fusionBN0_drop0p1__wd1e-04trmiss40_trlocglobal,32,5e-05,0.0001,1,16,1,False,0.1,lr5e-05_bs32_modL1_fusion16_fusionL1_fusionBN0_drop0p1__wd1e-04trmiss40_trlocglobal,26,0.5911077459653219,0.6648301184177399,0.6051587301587302,0.6816303222753161,0.5777777777777777,0.0,0.0,0.0,0.0,0.0,0.0,0.0,0.0,0.0,,,,,18473,global,0.4
4,3,lr5e-05_bs32_modL1_fusion16_fusionL1_fusionBN0_drop0p1__wd1e-04trmiss40_trlocglobal,32,5e-05,0.0001,1,16,1,False,0.1,lr5e-05_bs32_modL1_fusion16_fusionL1_fusionBN0_drop0p1__wd1e-04trmiss40_trlocglobal,27,0.5889904995759329,0.663521945476532,0.6130952380952381,0.6963591749798737,0.5555555555555556,0.0,0.0,0.0,0.0,0.0,0.0,0.0,0.0,0.0,,,,,18473,global,0.4
4,3,lr5e-05_bs32_modL1_fusion16_fusionL1_fusionBN0_drop0p1__wd1e-04trmiss40_trlocglobal,32,5e-05,0.0001,1,16,1,False,0.1,lr5e-05_bs32_modL1_fusion16_fusionL1_fusionBN0_drop0p1__wd1e-04trmiss40_trlocglobal,28,0.5797161857287089,0.6648202836513519,0.6011904761904763,0.6868014602041572,0.5555555555555556,0.0,0.0,0.0,0.0,0.0,0.0,0.0,0.0,0.0,,,,,18473,global,0.4
4,3,lr5e-05_bs32_modL1_fusion16_fusionL1_fusionBN0_drop0p1__wd1e-04trmiss40_trlocglobal,32,5e-05,0.0001,1,16,1,False,0.1,lr5e-05_bs32_modL1_fusion16_fusionL1_fusionBN0_drop0p1__wd1e-04trmiss40_trlocglobal,29,0.5729342401027679,0.6644611358642578,0.6071428571428572,0.685134021891982,0.5555555555555556,0.0,0.0,0.0,0.0,0.0,0.0,0.0,0.0,0.0,,,,,18473,global,0.4
4,3,lr5e-05_bs32_modL1_fusion16_fusionL1_fusionBN0_drop0p1__wd1e-04trmiss40_trlocglobal,32,5e-05,0.0001,1,16,1,False,0.1,lr5e-05_bs32_modL1_fusion16_fusionL1_fusionBN0_drop0p1__wd1e-04trmiss40_trlocglobal,30,0.5768947501977285,0.6645333468914032,0.5992063492063492,0.6818359183991501,0.5555555555555556,0.0,0.0,0.0,0.0,0.0,0.0,0.0,0.0,0.0,,,,,18473,global,0.4
4,3,lr5e-05_bs32_modL1_fusion16_fusionL1_fusionBN0_drop0p1__wd1e-04trmiss40_trlocglobal,32,5e-05,0.0001,1,16,1,False,0.1,lr5e-05_bs32_modL1_fusion16_fusionL1_fusionBN0_drop0p1__wd1e-04trmiss40_trlocglobal,31,0.5807173152764639,0.6646736562252045,0.5873015873015873,0.668059621916762,0.5555555555555556,0.0,0.0,0.0,0.0,0.0,0.0,0.0,0.0,0.0,,,,,18473,global,0.4
4,3,lr5e-05_bs32_modL1_fusion16_fusionL1_fusionBN0_drop0p1__wd1e-04trmiss40_trlocglobal,32,5e-05,0.0001,1,16,1,False,0.1,lr5e-05_bs32_modL1_fusion16_fusionL1_fusionBN0_drop0p1__wd1e-04trmiss40_trlocglobal,32,0.5751188496748606,0.6644454598426819,0.5952380952380952,0.6799238073188779,0.5777777777777777,0.0,0.0,0.0,0.0,0.0,0.0,0.0,0.0,0.0,,,,,18473,global,0.4
4,3,lr5e-05_bs32_modL1_fusion16_fusionL1_fusionBN0_drop0p1__wd1e-04trmiss40_trlocglobal,32,5e-05,0.0001,1,16,1,False,0.1,lr5e-05_bs32_modL1_fusion16_fusionL1_fusionBN0_drop0p1__wd1e-04trmiss40_trlocglobal,33,0.5654646754264832,0.6620210409164429,0.6051587301587301,0.6886115160087793,0.5555555555555556,0.0,0.0,0.0,0.0,0.0,0.0,0.0,0.0,0.0,,,,,18473,global,0.4
4,3,lr5e-05_bs32_modL1_fusion16_fusionL1_fusionBN0_drop0p1__wd1e-04trmiss40_trlocglobal,32,5e-05,0.0001,1,16,1,False,0.1,lr5e-05_bs32_modL1_fusion16_fusionL1_fusionBN0_drop0p1__wd1e-04trmiss40_trlocglobal,34,0.5672873755296072,0.6616323590278625,0.5972222222222223,0.6826246981059743,0.5555555555555556,0.0,0.0,0.0,0.0,0.0,0.0,0.0,0.0,0.0,,,,,18473,global,0.4
4,3,lr5e-05_bs32_modL1_fusion16_fusionL1_fusionBN0_drop0p1__wd1e-04trmiss40_trlocglobal,32,5e-05,0.0001,1,16,1,False,0.1,lr5e-05_bs32_modL1_fusion16_fusionL1_fusionBN0_drop0p1__wd1e-04trmiss40_trlocglobal,35,0.5604450702667236,0.6591963768005371,0.6091269841269842,0.6831550081927359,0.5777777777777777,0.0,0.0,0.0,0.0,0.0,0.0,0.0,0.0,0.0,,,,,18473,global,0.4
4,3,lr5e-05_bs32_modL1_fusion16_fusionL1_fusionBN0_drop0p1__wd1e-04trmiss40_trlocglobal,32,5e-05,0.0001,1,16,1,False,0.1,lr5e-05_bs32_modL1_fusion16_fusionL1_fusionBN0_drop0p1__wd1e-04trmiss40_trlocglobal,36,0.562412808338801,0.6603203415870667,0.5952380952380953,0.6670543200235493,0.5555555555555556,0.0,0.0,0.0,0.0,0.0,0.0,0.0,0.0,0.0,,,,,18473,global,0.4
4,3,lr5e-05_bs32_modL1_fusion16_fusionL1_fusionBN0_drop0p1__wd1e-04trmiss40_trlocglobal,32,5e-05,0.0001,1,16,1,False,0.1,lr5e-05_bs32_modL1_fusion16_fusionL1_fusionBN0_drop0p1__wd1e-04trmiss40_trlocglobal,37,0.5625581443309784,0.6592191457748413,0.6130952380952381,0.6883176815378138,0.5555555555555556,0.0,0.0,0.0,0.0,0.0,0.0,0.0,0.0,0.0,,,,,18473,global,0.4
4,3,lr5e-05_bs32_modL1_fusion16_fusionL1_fusionBN0_drop0p1__wd1e-04trmiss40_trlocglobal,32,5e-05,0.0001,1,16,1,False,0.1,lr5e-05_bs32_modL1_fusion16_fusionL1_fusionBN0_drop0p1__wd1e-04trmiss40_trlocglobal,38,0.5629895329475403,0.6597249507904053,0.6170634920634921,0.6945908759912698,0.5777777777777777,0.0,0.0,0.0,0.0,0.0,0.0,0.0,0.0,0.0,,,,,18473,global,0.4
4,3,lr5e-05_bs32_modL1_fusion16_fusionL1_fusionBN0_drop0p1__wd1e-04trmiss40_trlocglobal,32,5e-05,0.0001,1,16,1,False,0.1,lr5e-05_bs32_modL1_fusion16_fusionL1_fusionBN0_drop0p1__wd1e-04trmiss40_trlocglobal,39,0.5580651064713796,0.6605609953403473,0.6091269841269842,0.6833863154446039,0.5555555555555556,0.0,0.0,0.0,0.0,0.0,0.0,0.0,0.0,0.0,,,,,18473,global,0.4
4,3,lr5e-05_bs32_modL1_fusion16_fusionL1_fusionBN0_drop0p1__wd1e-04trmiss40_trlocglobal,32,5e-05,0.0001,1,16,1,False,0.1,lr5e-05_bs32_modL1_fusion16_fusionL1_fusionBN0_drop0p1__wd1e-04trmiss40_trlocglobal,40,0.558965007464091,0.660272091627121,0.6111111111111112,0.6835064070016155,0.5555555555555556,0.0,0.0,0.0,0.0,0.0,0.0,0.0,0.0,0.0,,,,,18473,global,0.4
4,3,lr5e-05_bs32_modL1_fusion16_fusionL1_fusionBN0_drop0p1__wd1e-04trmiss40_trlocglobal,32,5e-05,0.0001,1,16,1,False,0.1,lr5e-05_bs32_modL1_fusion16_fusionL1_fusionBN0_drop0p1__wd1e-04trmiss40_trlocglobal,41,0.557022382815679,0.6604272425174713,0.6091269841269842,0.6820869930822016,0.5555555555555556,0.0,0.0,0.0,0.0,0.0,0.0,0.0,0.0,0.0,,,,,18473,global,0.4
4,3,lr5e-05_bs32_modL1_fusion16_fusionL1_fusionBN0_drop0p1__wd1e-04trmiss40_trlocglobal,32,5e-05,0.0001,1,16,1,False,0.1,lr5e-05_bs32_modL1_fusion16_fusionL1_fusionBN0_drop0p1__wd1e-04trmiss40_trlocglobal,42,0.5508473118146261,0.6589523553848267,0.6170634920634921,0.6876508158335244,0.5555555555555556,0.0,0.0,0.0,0.0,0.0,0.0,0.0,0.0,0.0,,,,,18473,global,0.4
4,3,lr5e-05_bs32_modL1_fusion16_fusionL1_fusionBN0_drop0p1__wd1e-04trmiss40_trlocglobal,32,5e-05,0.0001,1,16,1,False,0.1,lr5e-05_bs32_modL1_fusion16_fusionL1_fusionBN0_drop0p1__wd1e-04trmiss40_trlocglobal,43,0.5530276199181875,0.6590688228607178,0.6150793650793651,0.6868106206572252,0.5555555555555556,0.0,0.0,0.0,0.0,0.0,0.0,0.0,0.0,0.0,,,,,18473,global,0.4
4,3,lr5e-05_bs32_modL1_fusion16_fusionL1_fusionBN0_drop0p1__wd1e-04trmiss40_trlocglobal,32,5e-05,0.0001,1,16,1,False,0.1,lr5e-05_bs32_modL1_fusion16_fusionL1_fusionBN0_drop0p1__wd1e-04trmiss40_trlocglobal,44,0.5545583566029867,0.6583454012870789,0.6071428571428572,0.6808989623587258,0.5555555555555556,0.0,0.0,0.0,0.0,0.0,0.0,0.0,0.0,0.0,,,,,18473,global,0.4
4,3,lr5e-05_bs32_modL1_fusion16_fusionL1_fusionBN0_drop0p1__wd1e-04trmiss40_trlocglobal,32,5e-05,0.0001,1,16,1,False,0.1,lr5e-05_bs32_modL1_fusion16_fusionL1_fusionBN0_drop0p1__wd1e-04trmiss40_trlocglobal,45,0.5509393612543741,0.6573991179466248,0.6170634920634921,0.6896109131759397,0.5555555555555556,0.0,0.0,0.0,0.0,0.0,0.0,0.0,0.0,0.0,,,,,18473,global,0.4
4,3,lr5e-05_bs32_modL1_fusion16_fusionL1_fusionBN0_drop0p1__wd1e-04trmiss40_trlocglobal,32,5e-05,0.0001,1,16,1,False,0.1,lr5e-05_bs32_modL1_fusion16_fusionL1_fusionBN0_drop0p1__wd1e-04trmiss40_trlocglobal,46,0.5459798276424408,0.6586098074913025,0.6071428571428572,0.6828017836853586,0.5555555555555556,0.0,0.0,0.0,0.0,0.0,0.0,0.0,0.0,0.0,,,,,18473,global,0.4
4,3,lr5e-05_bs32_modL1_fusion16_fusionL1_fusionBN0_drop0p1__wd1e-04trmiss40_trlocglobal,32,5e-05,0.0001,1,16,1,False,0.1,lr5e-05_bs32_modL1_fusion16_fusionL1_fusionBN0_drop0p1__wd1e-04trmiss40_trlocglobal,47,0.5480703711509705,0.6583406329154968,0.6051587301587302,0.6830388221390498,0.5555555555555556,0.0,0.0,0.0,0.0,0.0,0.0,0.0,0.0,0.0,,,,,18473,global,0.4
4,3,lr5e-05_bs32_modL1_fusion16_fusionL1_fusionBN0_drop0p1__wd1e-04trmiss40_trlocglobal,32,5e-05,0.0001,1,16,1,False,0.1,lr5e-05_bs32_modL1_fusion16_fusionL1_fusionBN0_drop0p1__wd1e-04trmiss40_trlocglobal,48,0.5497015317281088,0.6569730341434479,0.6150793650793651,0.6938737280453464,0.5555555555555556,0.0,0.0,0.0,0.0,0.0,0.0,0.0,0.0,0.0,,,,,18473,global,0.4
4,3,lr5e-05_bs32_modL1_fusion16_fusionL1_fusionBN0_drop0p1__wd1e-04trmiss40_trlocglobal,32,5e-05,0.0001,1,16,1,False,0.1,lr5e-05_bs32_modL1_fusion16_fusionL1_fusionBN0_drop0p1__wd1e-04trmiss40_trlocglobal,49,0.5431086520353953,0.6566914618015289,0.6150793650793651,0.690675520787037,0.5555555555555556,0.0,0.0,0.0,0.0,0.0,0.0,0.0,0.0,0.0,,,,,18473,global,0.4
4,3,lr5e-05_bs32_modL1_fusion16_fusionL1_fusionBN0_drop0p1__wd1e-04trmiss40_trlocglobal,32,5e-05,0.0001,1,16,1,False,0.1,lr5e-05_bs32_modL1_fusion16_fusionL1_fusionBN0_drop0p1__wd1e-04trmiss40_trlocglobal,50,0.5434919397036234,0.6568008363246918,0.625,0.7007614996230158,0.5555555555555556,0.0,0.0,0.0,0.0,0.0,0.0,0.0,0.0,0.0,,,,,18473,global,0.4
4,3,lr5e-05_bs32_modL1_fusion16_fusionL1_fusionBN0_drop0p1__wd1e-04trmiss40_trlocglobal,32,5e-05,0.0001,1,16,1,False,0.1,lr5e-05_bs32_modL1_fusion16_fusionL1_fusionBN0_drop0p1__wd1e-04trmiss40_trlocglobal,51,0.5414738555749258,0.657172441482544,0.626984126984127,0.7076395615644844,0.5555555555555556,0.0,0.0,0.0,0.0,0.0,0.0,0.0,0.0,0.0,,,,,18473,global,0.4
4,3,lr5e-05_bs32_modL1_fusion16_fusionL1_fusionBN0_drop0p1__wd1e-04trmiss40_trlocglobal,32,5e-05,0.0001,1,16,1,False,0.1,lr5e-05_bs32_modL1_fusion16_fusionL1_fusionBN0_drop0p1__wd1e-04trmiss40_trlocglobal,52,0.545361210902532,0.6575018763542175,0.623015873015873,0.704916260683274,0.5555555555555556,0.0,0.0,0.0,0.0,0.0,0.0,0.0,0.0,0.0,,,,,18473,global,0.4
4,3,lr5e-05_bs32_modL1_fusion16_fusionL1_fusionBN0_drop0p1__wd1e-04trmiss40_trlocglobal,32,5e-05,0.0001,1,16,1,False,0.1,lr5e-05_bs32_modL1_fusion16_fusionL1_fusionBN0_drop0p1__wd1e-04trmiss40_trlocglobal,53,0.5338602463404337,0.6563869416713715,0.6190476190476191,0.7035636688542388,0.5555555555555556,0.0,0.0,0.0,0.0,0.0,0.0,0.0,0.0,0.0,,,,,18473,global,0.4
4,3,lr5e-05_bs32_modL1_fusion16_fusionL1_fusionBN0_drop0p1__wd1e-04trmiss40_trlocglobal,32,5e-05,0.0001,1,16,1,False,0.1,lr5e-05_bs32_modL1_fusion16_fusionL1_fusionBN0_drop0p1__wd1e-04trmiss40_trlocglobal,54,0.5380023320515951,0.6545082330703735,0.623015873015873,0.705291939463558,0.5555555555555556,0.0,0.0,0.0,0.0,0.0,0.0,0.0,0.0,0.0,,,,,18473,global,0.4
4,3,lr5e-05_bs32_modL1_fusion16_fusionL1_fusionBN0_drop0p1__wd1e-04trmiss40_trlocglobal,32,5e-05,0.0001,1,16,1,False,0.1,lr5e-05_bs32_modL1_fusion16_fusionL1_fusionBN0_drop0p1__wd1e-04trmiss40_trlocglobal,55,0.5323955615361532,0.6538939774036407,0.626984126984127,0.7070676541703071,0.5777777777777777,0.0,0.0,0.0,0.0,0.0,0.0,0.0,0.0,0.0,,,,,18473,global,0.4
4,3,lr5e-05_bs32_modL1_fusion16_fusionL1_fusionBN0_drop0p1__wd1e-04trmiss40_trlocglobal,32,5e-05,0.0001,1,16,1,False,0.1,lr5e-05_bs32_modL1_fusion16_fusionL1_fusionBN0_drop0p1__wd1e-04trmiss40_trlocglobal,56,0.538317451874415,0.6537522077560425,0.628968253968254,0.7103083949110478,0.5777777777777777,0.0,0.0,0.0,0.0,0.0,0.0,0.0,0.0,0.0,,,,,18473,global,0.4
4,3,lr5e-05_bs32_modL1_fusion16_fusionL1_fusionBN0_drop0p1__wd1e-04trmiss40_trlocglobal,32,5e-05,0.0001,1,16,1,False,0.1,lr5e-05_bs32_modL1_fusion16_fusionL1_fusionBN0_drop0p1__wd1e-04trmiss40_trlocglobal,57,0.5377835631370544,0.6541922688484192,0.628968253968254,0.7121101162249643,0.5555555555555556,0.0,0.0,0.0,0.0,0.0,0.0,0.0,0.0,0.0,,,,,18473,global,0.4
4,3,lr5e-05_bs32_modL1_fusion16_fusionL1_fusionBN0_drop0p1__wd1e-04trmiss40_trlocglobal,32,5e-05,0.0001,1,16,1,False,0.1,lr5e-05_bs32_modL1_fusion16_fusionL1_fusionBN0_drop0p1__wd1e-04trmiss40_trlocglobal,58,0.534807006518046,0.6540786325931549,0.625,0.7080551992390127,0.5333333333333333,0.0,0.0,0.0,0.0,0.0,0.0,0.0,0.0,0.0,,,,,18473,global,0.4
4,3,lr5e-05_bs32_modL1_fusion16_fusionL1_fusionBN0_drop0p1__wd1e-04trmiss40_trlocglobal,32,5e-05,0.0001,1,16,1,False,0.1,lr5e-05_bs32_modL1_fusion16_fusionL1_fusionBN0_drop0p1__wd1e-04trmiss40_trlocglobal,59,0.540131280819575,0.6525918841362,0.623015873015873,0.7112866654457699,0.5555555555555556,0.0,0.0,0.0,0.0,0.0,0.0,0.0,0.0,0.0,,,,,18473,global,0.4
4,3,lr5e-05_bs32_modL1_fusion16_fusionL1_fusionBN0_drop0p1__wd1e-04trmiss40_trlocglobal,32,5e-05,0.0001,1,16,1,False,0.1,lr5e-05_bs32_modL1_fusion16_fusionL1_fusionBN0_drop0p1__wd1e-04trmiss40_trlocglobal,60,0.5383940438429514,0.6524415016174316,0.623015873015873,0.7035999655715701,0.5777777777777777,0.0,0.0,0.0,0.0,0.0,0.0,0.0,0.0,0.0,,,,,18473,global,0.4
4,3,lr5e-05_bs32_modL1_fusion16_fusionL1_fusionBN0_drop0p1__wd1e-04trmiss40_trlocglobal,32,5e-05,0.0001,1,16,1,False,0.1,lr5e-05_bs32_modL1_fusion16_fusionL1_fusionBN0_drop0p1__wd1e-04trmiss40_trlocglobal,61,0.5360653797785441,0.6533458530902863,0.625,0.7049432141148325,0.5333333333333333,0.0,0.0,0.0,0.0,0.0,0.0,0.0,0.0,0.0,,,,,18473,global,0.4
4,3,lr5e-05_bs32_modL1_fusion16_fusionL1_fusionBN0_drop0p1__wd1e-04trmiss40_trlocglobal,32,5e-05,0.0001,1,16,1,False,0.1,lr5e-05_bs32_modL1_fusion16_fusionL1_fusionBN0_drop0p1__wd1e-04trmiss40_trlocglobal,62,0.5294709205627441,0.6542472243309021,0.621031746031746,0.7064621195206806,0.5333333333333333,0.0,0.0,0.0,0.0,0.0,0.0,0.0,0.0,0.0,,,,,18473,global,0.4
4,3,lr5e-05_bs32_modL1_fusion16_fusionL1_fusionBN0_drop0p1__wd1e-04trmiss40_trlocglobal,32,5e-05,0.0001,1,16,1,False,0.1,lr5e-05_bs32_modL1_fusion16_fusionL1_fusionBN0_drop0p1__wd1e-04trmiss40_trlocglobal,63,0.5320940415064493,0.6538574695587158,0.623015873015873,0.703501240328462,0.5333333333333333,0.0,0.0,0.0,0.0,0.0,0.0,0.0,0.0,0.0,,,,,18473,global,0.4
4,3,lr5e-05_bs32_modL1_fusion16_fusionL1_fusionBN0_drop0p1__wd1e-04trmiss40_trlocglobal,32,5e-05,0.0001,1,16,1,False,0.1,lr5e-05_bs32_modL1_fusion16_fusionL1_fusionBN0_drop0p1__wd1e-04trmiss40_trlocglobal,64,0.5375692347685496,0.6541857719421387,0.6150793650793651,0.6979256135883412,0.5333333333333333,0.0,0.0,0.0,0.0,0.0,0.0,0.0,0.0,0.0,,,,,18473,global,0.4
4,3,lr5e-05_bs32_modL1_fusion16_fusionL1_fusionBN0_drop0p1__wd1e-04trmiss40_trlocglobal,32,5e-05,0.0001,1,16,1,False,0.1,lr5e-05_bs32_modL1_fusion16_fusionL1_fusionBN0_drop0p1__wd1e-04trmiss40_trlocglobal,65,0.525796373685201,0.6547647714614868,0.621031746031746,0.7031186760277806,0.5333333333333333,0.0,0.0,0.0,0.0,0.0,0.0,0.0,0.0,0.0,,,,,18473,global,0.4
4,3,lr5e-05_bs32_modL1_fusion16_fusionL1_fusionBN0_drop0p1__wd1e-04trmiss40_trlocglobal,32,5e-05,0.0001,1,16,1,False,0.1,lr5e-05_bs32_modL1_fusion16_fusionL1_fusionBN0_drop0p1__wd1e-04trmiss40_trlocglobal,66,0.5290471812089285,0.6533902883529663,0.6170634920634921,0.6986874590965636,0.5555555555555556,0.0,0.0,0.0,0.0,0.0,0.0,0.0,0.0,0.0,,,,,18473,global,0.4
4,3,lr5e-05_bs32_modL1_fusion16_fusionL1_fusionBN0_drop0p1__wd1e-04trmiss40_trlocglobal,32,5e-05,0.0001,1,16,1,False,0.1,lr5e-05_bs32_modL1_fusion16_fusionL1_fusionBN0_drop0p1__wd1e-04trmiss40_trlocglobal,67,0.5298372010389963,0.6544336974620819,0.623015873015873,0.7103537249294962,0.5555555555555556,0.0,0.0,0.0,0.0,0.0,0.0,0.0,0.0,0.0,,,,,18473,global,0.4
4,3,lr5e-05_bs32_modL1_fusion16_fusionL1_fusionBN0_drop0p1__wd1e-04trmiss40_trlocglobal,32,5e-05,0.0001,1,16,1,False,0.1,lr5e-05_bs32_modL1_fusion16_fusionL1_fusionBN0_drop0p1__wd1e-04trmiss40_trlocglobal,68,0.5348538359006246,0.6536732316017151,0.623015873015873,0.7095247436963621,0.5555555555555556,0.0,0.0,0.0,0.0,0.0,0.0,0.0,0.0,0.0,,,,,18473,global,0.4
4,3,lr5e-05_bs32_modL1_fusion16_fusionL1_fusionBN0_drop0p1__wd1e-04trmiss40_trlocglobal,32,5e-05,0.0001,1,16,1,False,0.1,lr5e-05_bs32_modL1_fusion16_fusionL1_fusionBN0_drop0p1__wd1e-04trmiss40_trlocglobal,69,0.5311769346396128,0.6536372303962708,0.626984126984127,0.7119457864173908,0.5555555555555556,0.0,0.0,0.0,0.0,0.0,0.0,0.0,0.0,0.0,,,,,18473,global,0.4
4,3,lr5e-05_bs32_modL1_fusion16_fusionL1_fusionBN0_drop0p1__wd1e-04trmiss40_trlocglobal,32,5e-05,0.0001,1,16,1,False,0.1,lr5e-05_bs32_modL1_fusion16_fusionL1_fusionBN0_drop0p1__wd1e-04trmiss40_trlocglobal,70,0.5322488645712534,0.6527701318264008,0.628968253968254,0.7125529246657196,0.5333333333333333,0.0,0.0,0.0,0.0,0.0,0.0,0.0,0.0,0.0,,,,,18473,global,0.4
4,3,lr5e-05_bs32_modL1_fusion16_fusionL1_fusionBN0_drop0p1__wd1e-04trmiss40_trlocglobal,32,5e-05,0.0001,1,16,1,False,0.1,lr5e-05_bs32_modL1_fusion16_fusionL1_fusionBN0_drop0p1__wd1e-04trmiss40_trlocglobal,71,0.524539977312088,0.6524843871593475,0.626984126984127,0.7119402270798683,0.5333333333333333,0.0,0.0,0.0,0.0,0.0,0.0,0.0,0.0,0.0,,,,,18473,global,0.4
4,3,lr5e-05_bs32_modL1_fusion16_fusionL1_fusionBN0_drop0p1__wd1e-04trmiss40_trlocglobal,32,5e-05,0.0001,1,16,1,False,0.1,lr5e-05_bs32_modL1_fusion16_fusionL1_fusionBN0_drop0p1__wd1e-04trmiss40_trlocglobal,72,0.5306261579195658,0.6535283625125885,0.623015873015873,0.7036799931617397,0.5333333333333333,0.0,0.0,0.0,0.0,0.0,0.0,0.0,0.0,0.0,,,,,18473,global,0.4
4,3,lr5e-05_bs32_modL1_fusion16_fusionL1_fusionBN0_drop0p1__wd1e-04trmiss40_trlocglobal,32,5e-05,0.0001,1,16,1,False,0.1,lr5e-05_bs32_modL1_fusion16_fusionL1_fusionBN0_drop0p1__wd1e-04trmiss40_trlocglobal,73,0.5302762985229492,0.6537075936794281,0.6190476190476191,0.7023044997825698,0.5333333333333333,0.0,0.0,0.0,0.0,0.0,0.0,0.0,0.0,0.0,,,,,18473,global,0.4
4,3,lr5e-05_bs32_modL1_fusion16_fusionL1_fusionBN0_drop0p1__wd1e-04trmiss40_trlocglobal,32,5e-05,0.0001,1,16,1,False,0.1,lr5e-05_bs32_modL1_fusion16_fusionL1_fusionBN0_drop0p1__wd1e-04trmiss40_trlocglobal,74,0.5267084240913391,0.6532872915267944,0.621031746031746,0.7098030849551789,0.5333333333333333,0.0,0.0,0.0,0.0,0.0,0.0,0.0,0.0,0.0,,,,,18473,global,0.4
4,3,lr5e-05_bs32_modL1_fusion16_fusionL1_fusionBN0_drop0p1__wd1e-04trmiss40_trlocglobal,32,5e-05,0.0001,1,16,1,False,0.1,lr5e-05_bs32_modL1_fusion16_fusionL1_fusionBN0_drop0p1__wd1e-04trmiss40_trlocglobal,75,0.5338710844516754,0.653017520904541,0.625,0.711229999807141,0.5555555555555556,0.0,0.0,0.0,0.0,0.0,0.0,0.0,0.0,0.0,,,,,18473,global,0.4
4,3,lr5e-05_bs32_modL1_fusion16_fusionL1_fusionBN0_drop0p1__wd1e-04trmiss40_trlocglobal,32,5e-05,0.0001,1,16,1,False,0.1,lr5e-05_bs32_modL1_fusion16_fusionL1_fusionBN0_drop0p1__wd1e-04trmiss40_trlocglobal,76,0.5250618557135264,0.6523312628269196,0.626984126984127,0.7061682213078626,0.5555555555555556,0.0,0.0,0.0,0.0,0.0,0.0,0.0,0.0,0.0,,,,,18473,global,0.4
4,3,lr5e-05_bs32_modL1_fusion16_fusionL1_fusionBN0_drop0p1__wd1e-04trmiss40_trlocglobal,32,5e-05,0.0001,1,16,1,False,0.1,lr5e-05_bs32_modL1_fusion16_fusionL1_fusionBN0_drop0p1__wd1e-04trmiss40_trlocglobal,77,0.5268813172976176,0.6523112952709198,0.6289682539682541,0.712696275466965,0.5333333333333333,0.0,0.0,0.0,0.0,0.0,0.0,0.0,0.0,0.0,,,,,18473,global,0.4
4,3,lr5e-05_bs32_modL1_fusion16_fusionL1_fusionBN0_drop0p1__wd1e-04trmiss40_trlocglobal,32,5e-05,0.0001,1,16,1,False,0.1,lr5e-05_bs32_modL1_fusion16_fusionL1_fusionBN0_drop0p1__wd1e-04trmiss40_trlocglobal,78,0.5346796214580536,0.6531160771846771,0.6190476190476191,0.6970578124794309,0.5333333333333333,0.0,0.0,0.0,0.0,0.0,0.0,0.0,0.0,0.0,,,,,18473,global,0.4
4,3,lr5e-05_bs32_modL1_fusion16_fusionL1_fusionBN0_drop0p1__wd1e-04trmiss40_trlocglobal,32,5e-05,0.0001,1,16,1,False,0.1,lr5e-05_bs32_modL1_fusion16_fusionL1_fusionBN0_drop0p1__wd1e-04trmiss40_trlocglobal,79,0.5338322520256042,0.6525092422962189,0.626984126984127,0.7094555347262244,0.5333333333333333,0.0,0.0,0.0,0.0,0.0,0.0,0.0,0.0,0.0,,,,,18473,global,0.4
4,3,lr5e-05_bs32_modL1_fusion16_fusionL1_fusionBN0_drop0p1__wd1e-04trmiss40_trlocglobal,32,5e-05,0.0001,1,16,1,False,0.1,lr5e-05_bs32_modL1_fusion16_fusionL1_fusionBN0_drop0p1__wd1e-04trmiss40_trlocglobal,80,0.5280279020468394,0.6522926092147827,0.628968253968254,0.7106279733986631,0.5333333333333333,0.0,0.0,0.0,0.0,0.0,0.0,0.0,0.0,0.0,,,,,18473,global,0.4
4,3,lr5e-05_bs32_modL1_fusion32_fusionL1_fusionBN0_drop0p2__wd1e-04trmiss40_trlocglobal,32,5e-05,0.0001,1,32,1,False,0.2,lr5e-05_bs32_modL1_fusion32_fusionL1_fusionBN0_drop0p2__wd1e-04trmiss40_trlocglobal,1,0.6927739282449087,0.6911636292934418,0.6170634920634921,0.6038120491042841,0.5777777777777777,0.0,0.0,0.0,0.0,0.0,0.0,0.0,0.0,0.0,,,,,18473,global,0.4
4,3,lr5e-05_bs32_modL1_fusion32_fusionL1_fusionBN0_drop0p2__wd1e-04trmiss40_trlocglobal,32,5e-05,0.0001,1,32,1,False,0.2,lr5e-05_bs32_modL1_fusion32_fusionL1_fusionBN0_drop0p2__wd1e-04trmiss40_trlocglobal,2,0.6798332631587982,0.6885994970798492,0.628968253968254,0.6099768151181002,0.6222222222222222,0.0,0.0,0.0,0.0,0.0,0.0,0.0,0.0,0.0,,,,,18473,global,0.4
4,3,lr5e-05_bs32_modL1_fusion32_fusionL1_fusionBN0_drop0p2__wd1e-04trmiss40_trlocglobal,32,5e-05,0.0001,1,32,1,False,0.2,lr5e-05_bs32_modL1_fusion32_fusionL1_fusionBN0_drop0p2__wd1e-04trmiss40_trlocglobal,3,0.6689553658167521,0.6858339011669159,0.6507936507936507,0.6202724606695844,0.6222222222222222,0.0,0.0,0.0,0.0,0.0,0.0,0.0,0.0,0.0,,,,,18473,global,0.4
4,3,lr5e-05_bs32_modL1_fusion32_fusionL1_fusionBN0_drop0p2__wd1e-04trmiss40_trlocglobal,32,5e-05,0.0001,1,32,1,False,0.2,lr5e-05_bs32_modL1_fusion32_fusionL1_fusionBN0_drop0p2__wd1e-04trmiss40_trlocglobal,4,0.6825157999992371,0.6842720210552216,0.6607142857142858,0.6293840503709238,0.6222222222222222,0.0,0.0,0.0,0.0,0.0,0.0,0.0,0.0,0.0,,,,,18473,global,0.4
4,3,lr5e-05_bs32_modL1_fusion32_fusionL1_fusionBN0_drop0p2__wd1e-04trmiss40_trlocglobal,32,5e-05,0.0001,1,32,1,False,0.2,lr5e-05_bs32_modL1_fusion32_fusionL1_fusionBN0_drop0p2__wd1e-04trmiss40_trlocglobal,5,0.6704136431217194,0.6832747161388397,0.6567460317460316,0.6284606604131441,0.6,0.0,0.0,0.0,0.0,0.0,0.0,0.0,0.0,0.0,,,,,18473,global,0.4
4,3,lr5e-05_bs32_modL1_fusion32_fusionL1_fusionBN0_drop0p2__wd1e-04trmiss40_trlocglobal,32,5e-05,0.0001,1,32,1,False,0.2,lr5e-05_bs32_modL1_fusion32_fusionL1_fusionBN0_drop0p2__wd1e-04trmiss40_trlocglobal,6,0.663229505221049,0.6822041869163513,0.6666666666666666,0.6403317698205627,0.5777777777777777,0.0,0.0,0.0,0.0,0.0,0.0,0.0,0.0,0.0,,,,,18473,global,0.4
4,3,lr5e-05_bs32_modL1_fusion32_fusionL1_fusionBN0_drop0p2__wd1e-04trmiss40_trlocglobal,32,5e-05,0.0001,1,32,1,False,0.2,lr5e-05_bs32_modL1_fusion32_fusionL1_fusionBN0_drop0p2__wd1e-04trmiss40_trlocglobal,7,0.6570281982421875,0.6814684867858887,0.6765873015873016,0.660112782585777,0.5333333333333333,0.0,0.0,0.0,0.0,0.0,0.0,0.0,0.0,0.0,,,,,18473,global,0.4
4,3,lr5e-05_bs32_modL1_fusion32_fusionL1_fusionBN0_drop0p2__wd1e-04trmiss40_trlocglobal,32,5e-05,0.0001,1,32,1,False,0.2,lr5e-05_bs32_modL1_fusion32_fusionL1_fusionBN0_drop0p2__wd1e-04trmiss40_trlocglobal,8,0.6571114162604014,0.679908812046051,0.6825396825396826,0.6626833262384607,0.5777777777777777,0.0,0.0,0.0,0.0,0.0,0.0,0.0,0.0,0.0,,,,,18473,global,0.4
4,3,lr5e-05_bs32_modL1_fusion32_fusionL1_fusionBN0_drop0p2__wd1e-04trmiss40_trlocglobal,32,5e-05,0.0001,1,32,1,False,0.2,lr5e-05_bs32_modL1_fusion32_fusionL1_fusionBN0_drop0p2__wd1e-04trmiss40_trlocglobal,9,0.6560618778069814,0.6799860000610352,0.6865079365079365,0.6932141352169878,0.5777777777777777,0.0,0.0,0.0,0.0,0.0,0.0,0.0,0.0,0.0,,,,,18473,global,0.4
4,3,lr5e-05_bs32_modL1_fusion32_fusionL1_fusionBN0_drop0p2__wd1e-04trmiss40_trlocglobal,32,5e-05,0.0001,1,32,1,False,0.2,lr5e-05_bs32_modL1_fusion32_fusionL1_fusionBN0_drop0p2__wd1e-04trmiss40_trlocglobal,10,0.6456756591796875,0.6806166172027588,0.6904761904761906,0.6921061313876107,0.6,0.0,0.0,0.0,0.0,0.0,0.0,0.0,0.0,0.0,,,,,18473,global,0.4
4,3,lr5e-05_bs32_modL1_fusion32_fusionL1_fusionBN0_drop0p2__wd1e-04trmiss40_trlocglobal,32,5e-05,0.0001,1,32,1,False,0.2,lr5e-05_bs32_modL1_fusion32_fusionL1_fusionBN0_drop0p2__wd1e-04trmiss40_trlocglobal,11,0.6366502940654755,0.6812944710254669,0.6964285714285714,0.7117454836185486,0.6222222222222222,0.0,0.0,0.0,0.0,0.0,0.0,0.0,0.0,0.0,,,,,18473,global,0.4
4,3,lr5e-05_bs32_modL1_fusion32_fusionL1_fusionBN0_drop0p2__wd1e-04trmiss40_trlocglobal,32,5e-05,0.0001,1,32,1,False,0.2,lr5e-05_bs32_modL1_fusion32_fusionL1_fusionBN0_drop0p2__wd1e-04trmiss40_trlocglobal,12,0.6361345748106638,0.6786719560623169,0.7182539682539683,0.7038770956992878,0.6222222222222222,0.0,0.0,0.0,0.0,0.0,0.0,0.0,0.0,0.0,,,,,18473,global,0.4
4,3,lr5e-05_bs32_modL1_fusion32_fusionL1_fusionBN0_drop0p2__wd1e-04trmiss40_trlocglobal,32,5e-05,0.0001,1,32,1,False,0.2,lr5e-05_bs32_modL1_fusion32_fusionL1_fusionBN0_drop0p2__wd1e-04trmiss40_trlocglobal,13,0.6348073482513428,0.6767940819263458,0.7261904761904763,0.7263488040984155,0.6444444444444445,0.0,0.0,0.0,0.0,0.0,0.0,0.0,0.0,0.0,,,,,18473,global,0.4
4,3,lr5e-05_bs32_modL1_fusion32_fusionL1_fusionBN0_drop0p2__wd1e-04trmiss40_trlocglobal,32,5e-05,0.0001,1,32,1,False,0.2,lr5e-05_bs32_modL1_fusion32_fusionL1_fusionBN0_drop0p2__wd1e-04trmiss40_trlocglobal,14,0.6319138010342916,0.6770779490470886,0.7202380952380952,0.7269812753752382,0.6444444444444445,0.0,0.0,0.0,0.0,0.0,0.0,0.0,0.0,0.0,,,,,18473,global,0.4
4,3,lr5e-05_bs32_modL1_fusion32_fusionL1_fusionBN0_drop0p2__wd1e-04trmiss40_trlocglobal,32,5e-05,0.0001,1,32,1,False,0.2,lr5e-05_bs32_modL1_fusion32_fusionL1_fusionBN0_drop0p2__wd1e-04trmiss40_trlocglobal,15,0.6332258582115173,0.677545964717865,0.6964285714285715,0.7119400079567756,0.6222222222222222,0.0,0.0,0.0,0.0,0.0,0.0,0.0,0.0,0.0,,,,,18473,global,0.4
4,3,lr5e-05_bs32_modL1_fusion32_fusionL1_fusionBN0_drop0p2__wd1e-04trmiss40_trlocglobal,32,5e-05,0.0001,1,32,1,False,0.2,lr5e-05_bs32_modL1_fusion32_fusionL1_fusionBN0_drop0p2__wd1e-04trmiss40_trlocglobal,16,0.6251780986785889,0.6787052154541016,0.6825396825396826,0.7040349594266364,0.6444444444444445,0.0,0.0,0.0,0.0,0.0,0.0,0.0,0.0,0.0,,,,,18473,global,0.4
4,3,lr5e-05_bs32_modL1_fusion32_fusionL1_fusionBN0_drop0p2__wd1e-04trmiss40_trlocglobal,32,5e-05,0.0001,1,32,1,False,0.2,lr5e-05_bs32_modL1_fusion32_fusionL1_fusionBN0_drop0p2__wd1e-04trmiss40_trlocglobal,17,0.6119444767634074,0.6800170838832855,0.6805555555555556,0.7044257995560534,0.6,0.0,0.0,0.0,0.0,0.0,0.0,0.0,0.0,0.0,,,,,18473,global,0.4
4,3,lr5e-05_bs32_modL1_fusion32_fusionL1_fusionBN0_drop0p2__wd1e-04trmiss40_trlocglobal,32,5e-05,0.0001,1,32,1,False,0.2,lr5e-05_bs32_modL1_fusion32_fusionL1_fusionBN0_drop0p2__wd1e-04trmiss40_trlocglobal,18,0.617337723573049,0.6792404651641846,0.6825396825396826,0.7046677881865225,0.6222222222222222,0.0,0.0,0.0,0.0,0.0,0.0,0.0,0.0,0.0,,,,,18473,global,0.4
4,3,lr5e-05_bs32_modL1_fusion32_fusionL1_fusionBN0_drop0p2__wd1e-04trmiss40_trlocglobal,32,5e-05,0.0001,1,32,1,False,0.2,lr5e-05_bs32_modL1_fusion32_fusionL1_fusionBN0_drop0p2__wd1e-04trmiss40_trlocglobal,19,0.6236226558685303,0.6789097785949707,0.6805555555555556,0.6995028419862369,0.6,0.0,0.0,0.0,0.0,0.0,0.0,0.0,0.0,0.0,,,,,18473,global,0.4
4,3,lr5e-05_bs32_modL1_fusion32_fusionL1_fusionBN0_drop0p2__wd1e-04trmiss40_trlocglobal,32,5e-05,0.0001,1,32,1,False,0.2,lr5e-05_bs32_modL1_fusion32_fusionL1_fusionBN0_drop0p2__wd1e-04trmiss40_trlocglobal,20,0.61309747894605,0.6782199740409851,0.6765873015873016,0.7012965829536614,0.6666666666666666,0.0,0.0,0.0,0.0,0.0,0.0,0.0,0.0,0.0,,,,,18473,global,0.4
4,3,lr5e-05_bs32_modL1_fusion32_fusionL1_fusionBN0_drop0p2__wd1e-04trmiss40_trlocglobal,32,5e-05,0.0001,1,32,1,False,0.2,lr5e-05_bs32_modL1_fusion32_fusionL1_fusionBN0_drop0p2__wd1e-04trmiss40_trlocglobal,21,0.6103168527285258,0.6759908497333527,0.6845238095238095,0.718894815696798,0.6222222222222222,0.0,0.0,0.0,0.0,0.0,0.0,0.0,0.0,0.0,,,,,18473,global,0.4
4,3,lr5e-05_bs32_modL1_fusion32_fusionL1_fusionBN0_drop0p2__wd1e-04trmiss40_trlocglobal,32,5e-05,0.0001,1,32,1,False,0.2,lr5e-05_bs32_modL1_fusion32_fusionL1_fusionBN0_drop0p2__wd1e-04trmiss40_trlocglobal,22,0.5980968276659647,0.6745498776435852,0.6984126984126984,0.7293054347386043,0.6222222222222222,0.0,0.0,0.0,0.0,0.0,0.0,0.0,0.0,0.0,,,,,18473,global,0.4
4,3,lr5e-05_bs32_modL1_fusion32_fusionL1_fusionBN0_drop0p2__wd1e-04trmiss40_trlocglobal,32,5e-05,0.0001,1,32,1,False,0.2,lr5e-05_bs32_modL1_fusion32_fusionL1_fusionBN0_drop0p2__wd1e-04trmiss40_trlocglobal,23,0.600072463353475,0.6749359667301178,0.6944444444444444,0.7300309370266066,0.6222222222222222,0.0,0.0,0.0,0.0,0.0,0.0,0.0,0.0,0.0,,,,,18473,global,0.4
4,3,lr5e-05_bs32_modL1_fusion32_fusionL1_fusionBN0_drop0p2__wd1e-04trmiss40_trlocglobal,32,5e-05,0.0001,1,32,1,False,0.2,lr5e-05_bs32_modL1_fusion32_fusionL1_fusionBN0_drop0p2__wd1e-04trmiss40_trlocglobal,24,0.5995219747225443,0.6746878325939178,0.6924603174603174,0.726880103040858,0.6222222222222222,0.0,0.0,0.0,0.0,0.0,0.0,0.0,0.0,0.0,,,,,18473,global,0.4
4,3,lr5e-05_bs32_modL1_fusion32_fusionL1_fusionBN0_drop0p2__wd1e-04trmiss40_trlocglobal,32,5e-05,0.0001,1,32,1,False,0.2,lr5e-05_bs32_modL1_fusion32_fusionL1_fusionBN0_drop0p2__wd1e-04trmiss40_trlocglobal,25,0.6065176824728647,0.6754507124423981,0.6924603174603174,0.7310167303740797,0.6,0.0,0.0,0.0,0.0,0.0,0.0,0.0,0.0,0.0,,,,,18473,global,0.4
4,3,lr5e-05_bs32_modL1_fusion32_fusionL1_fusionBN0_drop0p2__wd1e-04trmiss40_trlocglobal,32,5e-05,0.0001,1,32,1,False,0.2,lr5e-05_bs32_modL1_fusion32_fusionL1_fusionBN0_drop0p2__wd1e-04trmiss40_trlocglobal,26,0.5981060067812601,0.6752215921878815,0.6865079365079365,0.7254325516153145,0.6222222222222222,0.0,0.0,0.0,0.0,0.0,0.0,0.0,0.0,0.0,,,,,18473,global,0.4
4,3,lr5e-05_bs32_modL1_fusion32_fusionL1_fusionBN0_drop0p2__wd1e-04trmiss40_trlocglobal,32,5e-05,0.0001,1,32,1,False,0.2,lr5e-05_bs32_modL1_fusion32_fusionL1_fusionBN0_drop0p2__wd1e-04trmiss40_trlocglobal,27,0.6000870764255524,0.6751725375652313,0.6845238095238095,0.7359960328098428,0.6,0.0,0.0,0.0,0.0,0.0,0.0,0.0,0.0,0.0,,,,,18473,global,0.4
4,3,lr5e-05_bs32_modL1_fusion32_fusionL1_fusionBN0_drop0p2__wd1e-04trmiss40_trlocglobal,32,5e-05,0.0001,1,32,1,False,0.2,lr5e-05_bs32_modL1_fusion32_fusionL1_fusionBN0_drop0p2__wd1e-04trmiss40_trlocglobal,28,0.5956684152285258,0.6742514073848724,0.6924603174603174,0.741144980072841,0.6,0.0,0.0,0.0,0.0,0.0,0.0,0.0,0.0,0.0,,,,,18473,global,0.4
4,3,lr5e-05_bs32_modL1_fusion32_fusionL1_fusionBN0_drop0p2__wd1e-04trmiss40_trlocglobal,32,5e-05,0.0001,1,32,1,False,0.2,lr5e-05_bs32_modL1_fusion32_fusionL1_fusionBN0_drop0p2__wd1e-04trmiss40_trlocglobal,29,0.5952135920524597,0.6726659834384918,0.6964285714285714,0.7382318913112302,0.6222222222222222,0.0,0.0,0.0,0.0,0.0,0.0,0.0,0.0,0.0,,,,,18473,global,0.4
4,3,lr5e-05_bs32_modL1_fusion32_fusionL1_fusionBN0_drop0p2__wd1e-04trmiss40_trlocglobal,32,5e-05,0.0001,1,32,1,False,0.2,lr5e-05_bs32_modL1_fusion32_fusionL1_fusionBN0_drop0p2__wd1e-04trmiss40_trlocglobal,30,0.5854574739933014,0.6734034717082977,0.6884920634920635,0.7335190071179206,0.6222222222222222,0.0,0.0,0.0,0.0,0.0,0.0,0.0,0.0,0.0,,,,,18473,global,0.4
4,3,lr5e-05_bs32_modL1_fusion32_fusionL1_fusionBN0_drop0p2__wd1e-04trmiss40_trlocglobal,32,5e-05,0.0001,1,32,1,False,0.2,lr5e-05_bs32_modL1_fusion32_fusionL1_fusionBN0_drop0p2__wd1e-04trmiss40_trlocglobal,31,0.5910876293977102,0.6759078204631805,0.6666666666666667,0.716778526582613,0.6,0.0,0.0,0.0,0.0,0.0,0.0,0.0,0.0,0.0,,,,,18473,global,0.4
4,3,lr5e-05_bs32_modL1_fusion32_fusionL1_fusionBN0_drop0p2__wd1e-04trmiss40_trlocglobal,32,5e-05,0.0001,1,32,1,False,0.2,lr5e-05_bs32_modL1_fusion32_fusionL1_fusionBN0_drop0p2__wd1e-04trmiss40_trlocglobal,32,0.5908819139003754,0.6761752068996429,0.6686507936507937,0.7171325612679444,0.6,0.0,0.0,0.0,0.0,0.0,0.0,0.0,0.0,0.0,,,,,18473,global,0.4
4,3,lr5e-05_bs32_modL1_fusion32_fusionL1_fusionBN0_drop0p2__wd1e-04trmiss40_trlocglobal,32,5e-05,0.0001,1,32,1,False,0.2,lr5e-05_bs32_modL1_fusion32_fusionL1_fusionBN0_drop0p2__wd1e-04trmiss40_trlocglobal,33,0.5791245996952057,0.6738410294055939,0.6785714285714286,0.7205409462575667,0.6,0.0,0.0,0.0,0.0,0.0,0.0,0.0,0.0,0.0,,,,,18473,global,0.4
4,3,lr5e-05_bs32_modL1_fusion32_fusionL1_fusionBN0_drop0p1__wd1e-04trmiss40_trlocglobal,32,5e-05,0.0001,1,32,1,False,0.1,lr5e-05_bs32_modL1_fusion32_fusionL1_fusionBN0_drop0p1__wd1e-04trmiss40_trlocglobal,1,0.6953516602516174,0.6879012882709503,0.5992063492063493,0.6447456441251004,0.5555555555555556,0.0,0.0,0.0,0.0,0.0,0.0,0.0,0.0,0.0,,,,,18473,global,0.4
4,3,lr5e-05_bs32_modL1_fusion32_fusionL1_fusionBN0_drop0p1__wd1e-04trmiss40_trlocglobal,32,5e-05,0.0001,1,32,1,False,0.1,lr5e-05_bs32_modL1_fusion32_fusionL1_fusionBN0_drop0p1__wd1e-04trmiss40_trlocglobal,2,0.6765646040439606,0.6855106949806213,0.6071428571428571,0.6612693949910121,0.5555555555555556,0.0,0.0,0.0,0.0,0.0,0.0,0.0,0.0,0.0,,,,,18473,global,0.4
4,3,lr5e-05_bs32_modL1_fusion32_fusionL1_fusionBN0_drop0p1__wd1e-04trmiss40_trlocglobal,32,5e-05,0.0001,1,32,1,False,0.1,lr5e-05_bs32_modL1_fusion32_fusionL1_fusionBN0_drop0p1__wd1e-04trmiss40_trlocglobal,3,0.6696874300638834,0.6847596168518066,0.6011904761904763,0.6856138701782682,0.5777777777777777,0.0,0.0,0.0,0.0,0.0,0.0,0.0,0.0,0.0,,,,,18473,global,0.4
4,3,lr5e-05_bs32_modL1_fusion32_fusionL1_fusionBN0_drop0p1__wd1e-04trmiss40_trlocglobal,32,5e-05,0.0001,1,32,1,False,0.1,lr5e-05_bs32_modL1_fusion32_fusionL1_fusionBN0_drop0p1__wd1e-04trmiss40_trlocglobal,4,0.6687270700931549,0.6838758885860443,0.6111111111111112,0.7010068011082835,0.5333333333333333,0.0,0.0,0.0,0.0,0.0,0.0,0.0,0.0,0.0,,,,,18473,global,0.4
4,3,lr5e-05_bs32_modL1_fusion32_fusionL1_fusionBN0_drop0p1__wd1e-04trmiss40_trlocglobal,32,5e-05,0.0001,1,32,1,False,0.1,lr5e-05_bs32_modL1_fusion32_fusionL1_fusionBN0_drop0p1__wd1e-04trmiss40_trlocglobal,5,0.6602003077665964,0.6839153170585632,0.6071428571428571,0.7142942339328651,0.5333333333333333,0.0,0.0,0.0,0.0,0.0,0.0,0.0,0.0,0.0,,,,,18473,global,0.4
4,3,lr5e-05_bs32_modL1_fusion32_fusionL1_fusionBN0_drop0p1__wd1e-04trmiss40_trlocglobal,32,5e-05,0.0001,1,32,1,False,0.1,lr5e-05_bs32_modL1_fusion32_fusionL1_fusionBN0_drop0p1__wd1e-04trmiss40_trlocglobal,6,0.6502803166707357,0.6840752363204956,0.5972222222222222,0.7133342640980299,0.5333333333333333,0.0,0.0,0.0,0.0,0.0,0.0,0.0,0.0,0.0,,,,,18473,global,0.4
4,3,lr5e-05_bs32_modL1_fusion32_fusionL1_fusionBN0_drop0p1__wd1e-04trmiss40_trlocglobal,32,5e-05,0.0001,1,32,1,False,0.1,lr5e-05_bs32_modL1_fusion32_fusionL1_fusionBN0_drop0p1__wd1e-04trmiss40_trlocglobal,7,0.6455617348353068,0.6843563616275787,0.6091269841269842,0.7239887157130507,0.5555555555555556,0.0,0.0,0.0,0.0,0.0,0.0,0.0,0.0,0.0,,,,,18473,global,0.4
4,3,lr5e-05_bs32_modL1_fusion32_fusionL1_fusionBN0_drop0p1__wd1e-04trmiss40_trlocglobal,32,5e-05,0.0001,1,32,1,False,0.1,lr5e-05_bs32_modL1_fusion32_fusionL1_fusionBN0_drop0p1__wd1e-04trmiss40_trlocglobal,8,0.6395641565322876,0.6819762289524078,0.623015873015873,0.7355391225306116,0.5777777777777777,0.0,0.0,0.0,0.0,0.0,0.0,0.0,0.0,0.0,,,,,18473,global,0.4
4,3,lr5e-05_bs32_modL1_fusion32_fusionL1_fusionBN0_drop0p1__wd1e-04trmiss40_trlocglobal,32,5e-05,0.0001,1,32,1,False,0.1,lr5e-05_bs32_modL1_fusion32_fusionL1_fusionBN0_drop0p1__wd1e-04trmiss40_trlocglobal,9,0.6320794125398,0.6786663830280304,0.6329365079365079,0.7422771135890187,0.5777777777777777,0.0,0.0,0.0,0.0,0.0,0.0,0.0,0.0,0.0,,,,,18473,global,0.4
4,3,lr5e-05_bs32_modL1_fusion32_fusionL1_fusionBN0_drop0p1__wd1e-04trmiss40_trlocglobal,32,5e-05,0.0001,1,32,1,False,0.1,lr5e-05_bs32_modL1_fusion32_fusionL1_fusionBN0_drop0p1__wd1e-04trmiss40_trlocglobal,10,0.6264166037241617,0.6775656938552856,0.6448412698412699,0.7463699821984311,0.5777777777777777,0.0,0.0,0.0,0.0,0.0,0.0,0.0,0.0,0.0,,,,,18473,global,0.4
4,3,lr5e-05_bs32_modL1_fusion32_fusionL1_fusionBN0_drop0p1__wd1e-04trmiss40_trlocglobal,32,5e-05,0.0001,1,32,1,False,0.1,lr5e-05_bs32_modL1_fusion32_fusionL1_fusionBN0_drop0p1__wd1e-04trmiss40_trlocglobal,11,0.625378022591273,0.677486777305603,0.6488095238095237,0.7486176505859834,0.5555555555555556,0.0,0.0,0.0,0.0,0.0,0.0,0.0,0.0,0.0,,,,,18473,global,0.4
4,3,lr5e-05_bs32_modL1_fusion32_fusionL1_fusionBN0_drop0p1__wd1e-04trmiss40_trlocglobal,32,5e-05,0.0001,1,32,1,False,0.1,lr5e-05_bs32_modL1_fusion32_fusionL1_fusionBN0_drop0p1__wd1e-04trmiss40_trlocglobal,12,0.6116881171862284,0.6773028373718262,0.6488095238095237,0.7490803128571943,0.5777777777777777,0.0,0.0,0.0,0.0,0.0,0.0,0.0,0.0,0.0,,,,,18473,global,0.4
4,3,lr5e-05_bs32_modL1_fusion32_fusionL1_fusionBN0_drop0p1__wd1e-04trmiss40_trlocglobal,32,5e-05,0.0001,1,32,1,False,0.1,lr5e-05_bs32_modL1_fusion32_fusionL1_fusionBN0_drop0p1__wd1e-04trmiss40_trlocglobal,13,0.6117240985234579,0.6770701110363007,0.6468253968253969,0.7467160804165249,0.5777777777777777,0.0,0.0,0.0,0.0,0.0,0.0,0.0,0.0,0.0,,,,,18473,global,0.4
4,3,lr5e-05_bs32_modL1_fusion32_fusionL1_fusionBN0_drop0p1__wd1e-04trmiss40_trlocglobal,32,5e-05,0.0001,1,32,1,False,0.1,lr5e-05_bs32_modL1_fusion32_fusionL1_fusionBN0_drop0p1__wd1e-04trmiss40_trlocglobal,14,0.6080093582471212,0.6770683526992798,0.6369047619047619,0.7412634865507848,0.6,0.0,0.0,0.0,0.0,0.0,0.0,0.0,0.0,0.0,,,,,18473,global,0.4
4,3,lr5e-05_bs32_modL1_fusion32_fusionL1_fusionBN0_drop0p1__wd1e-04trmiss40_trlocglobal,32,5e-05,0.0001,1,32,1,False,0.1,lr5e-05_bs32_modL1_fusion32_fusionL1_fusionBN0_drop0p1__wd1e-04trmiss40_trlocglobal,15,0.6077245275179545,0.6769779920578003,0.634920634920635,0.7403468735044991,0.5555555555555556,0.0,0.0,0.0,0.0,0.0,0.0,0.0,0.0,0.0,,,,,18473,global,0.4
4,3,lr5e-05_bs32_modL1_fusion32_fusionL1_fusionBN0_drop0p1__wd1e-04trmiss40_trlocglobal,32,5e-05,0.0001,1,32,1,False,0.1,lr5e-05_bs32_modL1_fusion32_fusionL1_fusionBN0_drop0p1__wd1e-04trmiss40_trlocglobal,16,0.5995750029881796,0.6776294410228729,0.6329365079365079,0.7441450107813492,0.5333333333333333,0.0,0.0,0.0,0.0,0.0,0.0,0.0,0.0,0.0,,,,,18473,global,0.4
4,3,lr5e-05_bs32_modL1_fusion32_fusionL1_fusionBN0_drop0p1__wd1e-04trmiss40_trlocglobal,32,5e-05,0.0001,1,32,1,False,0.1,lr5e-05_bs32_modL1_fusion32_fusionL1_fusionBN0_drop0p1__wd1e-04trmiss40_trlocglobal,17,0.5934505462646484,0.6767672896385193,0.6369047619047619,0.7452979822525581,0.5555555555555556,0.0,0.0,0.0,0.0,0.0,0.0,0.0,0.0,0.0,,,,,18473,global,0.4
4,3,lr5e-05_bs32_modL1_fusion32_fusionL1_fusionBN0_drop0p1__wd1e-04trmiss40_trlocglobal,32,5e-05,0.0001,1,32,1,False,0.1,lr5e-05_bs32_modL1_fusion32_fusionL1_fusionBN0_drop0p1__wd1e-04trmiss40_trlocglobal,18,0.5868562559286753,0.6768096685409546,0.634920634920635,0.746700925055162,0.5333333333333333,0.0,0.0,0.0,0.0,0.0,0.0,0.0,0.0,0.0,,,,,18473,global,0.4
4,3,lr5e-05_bs32_modL1_fusion32_fusionL1_fusionBN0_drop0p1__wd1e-04trmiss40_trlocglobal,32,5e-05,0.0001,1,32,1,False,0.1,lr5e-05_bs32_modL1_fusion32_fusionL1_fusionBN0_drop0p1__wd1e-04trmiss40_trlocglobal,19,0.5908690889676412,0.6750460863113403,0.6428571428571429,0.7479101138214963,0.5333333333333333,0.0,0.0,0.0,0.0,0.0,0.0,0.0,0.0,0.0,,,,,18473,global,0.4
4,3,lr5e-05_bs32_modL1_fusion32_fusionL1_fusionBN0_drop0p1__wd1e-04trmiss40_trlocglobal,32,5e-05,0.0001,1,32,1,False,0.1,lr5e-05_bs32_modL1_fusion32_fusionL1_fusionBN0_drop0p1__wd1e-04trmiss40_trlocglobal,20,0.5828389326731364,0.6744545102119446,0.6408730158730159,0.7475188246168012,0.5555555555555556,0.0,0.0,0.0,0.0,0.0,0.0,0.0,0.0,0.0,,,,,18473,global,0.4
4,3,lr5e-05_bs32_modL1_fusion32_fusionL1_fusionBN0_drop0p1__wd1e-04trmiss40_trlocglobal,32,5e-05,0.0001,1,32,1,False,0.1,lr5e-05_bs32_modL1_fusion32_fusionL1_fusionBN0_drop0p1__wd1e-04trmiss40_trlocglobal,21,0.5822413762410482,0.6721239686012268,0.6547619047619048,0.7547873807578191,0.5777777777777777,0.0,0.0,0.0,0.0,0.0,0.0,0.0,0.0,0.0,,,,,18473,global,0.4
4,3,lr5e-05_bs32_modL1_fusion32_fusionL1_fusionBN0_drop0p1__wd1e-04trmiss40_trlocglobal,32,5e-05,0.0001,1,32,1,False,0.1,lr5e-05_bs32_modL1_fusion32_fusionL1_fusionBN0_drop0p1__wd1e-04trmiss40_trlocglobal,22,0.5731974840164185,0.6708556711673737,0.6527777777777778,0.7532775296227807,0.6,0.0,0.0,0.0,0.0,0.0,0.0,0.0,0.0,0.0,,,,,18473,global,0.4
4,3,lr5e-05_bs32_modL1_fusion32_fusionL1_fusionBN0_drop0p1__wd1e-04trmiss40_trlocglobal,32,5e-05,0.0001,1,32,1,False,0.1,lr5e-05_bs32_modL1_fusion32_fusionL1_fusionBN0_drop0p1__wd1e-04trmiss40_trlocglobal,23,0.5758082866668701,0.6708851754665375,0.6567460317460317,0.7544450790989992,0.5555555555555556,0.0,0.0,0.0,0.0,0.0,0.0,0.0,0.0,0.0,,,,,18473,global,0.4
4,3,lr5e-05_bs32_modL1_fusion32_fusionL1_fusionBN0_drop0p1__wd1e-04trmiss40_trlocglobal,32,5e-05,0.0001,1,32,1,False,0.1,lr5e-05_bs32_modL1_fusion32_fusionL1_fusionBN0_drop0p1__wd1e-04trmiss40_trlocglobal,24,0.5644782682259878,0.6725629270076752,0.6527777777777778,0.7528537714521244,0.5777777777777777,0.0,0.0,0.0,0.0,0.0,0.0,0.0,0.0,0.0,,,,,18473,global,0.4
4,3,lr5e-05_bs32_modL1_fusion32_fusionL1_fusionBN0_drop0p1__wd1e-04trmiss40_trlocglobal,32,5e-05,0.0001,1,32,1,False,0.1,lr5e-05_bs32_modL1_fusion32_fusionL1_fusionBN0_drop0p1__wd1e-04trmiss40_trlocglobal,25,0.5583702027797699,0.6702049672603607,0.6607142857142857,0.7575785428394755,0.5777777777777777,0.0,0.0,0.0,0.0,0.0,0.0,0.0,0.0,0.0,,,,,18473,global,0.4
4,3,lr5e-05_bs32_modL1_fusion32_fusionL1_fusionBN0_drop0p1__wd1e-04trmiss40_trlocglobal,32,5e-05,0.0001,1,32,1,False,0.1,lr5e-05_bs32_modL1_fusion32_fusionL1_fusionBN0_drop0p1__wd1e-04trmiss40_trlocglobal,26,0.5594127376874288,0.6683942377567291,0.6686507936507936,0.7613059705725693,0.6,0.0,0.0,0.0,0.0,0.0,0.0,0.0,0.0,0.0,,,,,18473,global,0.4
4,3,lr5e-05_bs32_modL1_fusion32_fusionL1_fusionBN0_drop0p1__wd1e-04trmiss40_trlocglobal,32,5e-05,0.0001,1,32,1,False,0.1,lr5e-05_bs32_modL1_fusion32_fusionL1_fusionBN0_drop0p1__wd1e-04trmiss40_trlocglobal,27,0.5560389856497446,0.6696824729442596,0.6547619047619048,0.7571050918068891,0.6,0.0,0.0,0.0,0.0,0.0,0.0,0.0,0.0,0.0,,,,,18473,global,0.4
4,3,lr5e-05_bs32_modL1_fusion32_fusionL1_fusionBN0_drop0p1__wd1e-04trmiss40_trlocglobal,32,5e-05,0.0001,1,32,1,False,0.1,lr5e-05_bs32_modL1_fusion32_fusionL1_fusionBN0_drop0p1__wd1e-04trmiss40_trlocglobal,28,0.5498156050841013,0.6727485656738281,0.6349206349206349,0.74801593697205,0.5555555555555556,0.0,0.0,0.0,0.0,0.0,0.0,0.0,0.0,0.0,,,,,18473,global,0.4
4,3,lr5e-05_bs32_modL1_fusion32_fusionL1_fusionBN0_drop0p1__wd1e-04trmiss40_trlocglobal,32,5e-05,0.0001,1,32,1,False,0.1,lr5e-05_bs32_modL1_fusion32_fusionL1_fusionBN0_drop0p1__wd1e-04trmiss40_trlocglobal,29,0.5435748298962911,0.6721177995204926,0.6408730158730159,0.7506674956546355,0.5777777777777777,0.0,0.0,0.0,0.0,0.0,0.0,0.0,0.0,0.0,,,,,18473,global,0.4
4,3,lr5e-05_bs32_modL1_fusion32_fusionL1_fusionBN0_drop0p1__wd1e-04trmiss40_trlocglobal,32,5e-05,0.0001,1,32,1,False,0.1,lr5e-05_bs32_modL1_fusion32_fusionL1_fusionBN0_drop0p1__wd1e-04trmiss40_trlocglobal,30,0.5452002187569936,0.6675194203853607,0.6547619047619049,0.7560298491189774,0.5777777777777777,0.0,0.0,0.0,0.0,0.0,0.0,0.0,0.0,0.0,,,,,18473,global,0.4
4,3,lr5e-05_bs32_modL1_fusion32_fusionL1_fusionBN0_drop0p1__wd1e-04trmiss40_trlocglobal,32,5e-05,0.0001,1,32,1,False,0.1,lr5e-05_bs32_modL1_fusion32_fusionL1_fusionBN0_drop0p1__wd1e-04trmiss40_trlocglobal,31,0.5453556180000305,0.6693257987499237,0.6527777777777778,0.7562849856806615,0.6,0.0,0.0,0.0,0.0,0.0,0.0,0.0,0.0,0.0,,,,,18473,global,0.4
4,3,lr5e-05_bs32_modL1_fusion32_fusionL1_fusionBN0_drop0p1__wd1e-04trmiss40_trlocglobal,32,5e-05,0.0001,1,32,1,False,0.1,lr5e-05_bs32_modL1_fusion32_fusionL1_fusionBN0_drop0p1__wd1e-04trmiss40_trlocglobal,32,0.5391753514607748,0.6697311997413635,0.6527777777777778,0.7547605987714128,0.6,0.0,0.0,0.0,0.0,0.0,0.0,0.0,0.0,0.0,,,,,18473,global,0.4
4,3,lr5e-05_bs32_modL1_fusion32_fusionL1_fusionBN0_drop0p1__wd1e-04trmiss40_trlocglobal,32,5e-05,0.0001,1,32,1,False,0.1,lr5e-05_bs32_modL1_fusion32_fusionL1_fusionBN0_drop0p1__wd1e-04trmiss40_trlocglobal,33,0.5352404316266378,0.6723275780677795,0.6428571428571429,0.7523200069576859,0.5777777777777777,0.0,0.0,0.0,0.0,0.0,0.0,0.0,0.0,0.0,,,,,18473,global,0.4
4,3,lr5e-05_bs32_modL1_fusion32_fusionL1_fusionBN0_drop0p1__wd1e-04trmiss40_trlocglobal,32,5e-05,0.0001,1,32,1,False,0.1,lr5e-05_bs32_modL1_fusion32_fusionL1_fusionBN0_drop0p1__wd1e-04trmiss40_trlocglobal,34,0.5309942364692688,0.673451691865921,0.634920634920635,0.7481128119876232,0.5777777777777777,0.0,0.0,0.0,0.0,0.0,0.0,0.0,0.0,0.0,,,,,18473,global,0.4
4,3,lr5e-05_bs32_modL1_fusion32_fusionL1_fusionBN0_drop0p1__wd1e-04trmiss40_trlocglobal,32,5e-05,0.0001,1,32,1,False,0.1,lr5e-05_bs32_modL1_fusion32_fusionL1_fusionBN0_drop0p1__wd1e-04trmiss40_trlocglobal,35,0.5338126321633657,0.6729222536087036,0.632936507936508,0.7438480224510073,0.5777777777777777,0.0,0.0,0.0,0.0,0.0,0.0,0.0,0.0,0.0,,,,,18473,global,0.4
4,3,lr5e-05_bs32_modL1_fusion32_fusionL1_fusionBN0_drop0p1__wd1e-04trmiss40_trlocglobal,32,5e-05,0.0001,1,32,1,False,0.1,lr5e-05_bs32_modL1_fusion32_fusionL1_fusionBN0_drop0p1__wd1e-04trmiss40_trlocglobal,36,0.5240410168965658,0.6726295053958893,0.636904761904762,0.7459819681671243,0.5555555555555556,0.0,0.0,0.0,0.0,0.0,0.0,0.0,0.0,0.0,,,,,18473,global,0.4
4,3,lr5e-05_bs32_modL1_fusion32_fusionL1_fusionBN0_drop0p1__wd1e-04trmiss40_trlocglobal,32,5e-05,0.0001,1,32,1,False,0.1,lr5e-05_bs32_modL1_fusion32_fusionL1_fusionBN0_drop0p1__wd1e-04trmiss40_trlocglobal,37,0.5231258769830068,0.6697836816310883,0.6448412698412699,0.7506979581956144,0.5777777777777777,0.0,0.0,0.0,0.0,0.0,0.0,0.0,0.0,0.0,,,,,18473,global,0.4
4,3,lr5e-05_bs32_modL1_fusion32_fusionL1_fusionBN0_drop0p1__wd1e-04trmiss40_trlocglobal,32,5e-05,0.0001,1,32,1,False,0.1,lr5e-05_bs32_modL1_fusion32_fusionL1_fusionBN0_drop0p1__wd1e-04trmiss40_trlocglobal,38,0.5258591373761495,0.671056717634201,0.6408730158730158,0.7487249056319196,0.5555555555555556,0.0,0.0,0.0,0.0,0.0,0.0,0.0,0.0,0.0,,,,,18473,global,0.4
4,3,lr5e-05_bs32_modL1_fusion32_fusionL1_fusionBN0_drop0p1__wd1e-04trmiss40_trlocglobal,32,5e-05,0.0001,1,32,1,False,0.1,lr5e-05_bs32_modL1_fusion32_fusionL1_fusionBN0_drop0p1__wd1e-04trmiss40_trlocglobal,39,0.5212635397911072,0.6722191572189331,0.636904761904762,0.7463406236364358,0.5777777777777777,0.0,0.0,0.0,0.0,0.0,0.0,0.0,0.0,0.0,,,,,18473,global,0.4
4,3,lr5e-05_bs32_modL1_fusion32_fusionL1_fusionBN0_drop0p1__wd1e-04trmiss40_trlocglobal,32,5e-05,0.0001,1,32,1,False,0.1,lr5e-05_bs32_modL1_fusion32_fusionL1_fusionBN0_drop0p1__wd1e-04trmiss40_trlocglobal,40,0.5188144445419312,0.671923965215683,0.630952380952381,0.7419104701199315,0.5777777777777777,0.0,0.0,0.0,0.0,0.0,0.0,0.0,0.0,0.0,,,,,18473,global,0.4
4,3,lr5e-05_bs32_modL1_fusion32_fusionL1_fusionBN0_drop0p1__wd1e-04trmiss40_trlocglobal,32,5e-05,0.0001,1,32,1,False,0.1,lr5e-05_bs32_modL1_fusion32_fusionL1_fusionBN0_drop0p1__wd1e-04trmiss40_trlocglobal,41,0.5112999578317007,0.672335684299469,0.6150793650793651,0.7302049775047292,0.5333333333333333,0.0,0.0,0.0,0.0,0.0,0.0,0.0,0.0,0.0,,,,,18473,global,0.4
4,3,lr5e-05_bs32_modL1_fusion32_fusionL1_fusionBN0_drop0p1__wd1e-04trmiss40_trlocglobal,32,5e-05,0.0001,1,32,1,False,0.1,lr5e-05_bs32_modL1_fusion32_fusionL1_fusionBN0_drop0p1__wd1e-04trmiss40_trlocglobal,42,0.5149295528729757,0.6727295219898224,0.6210317460317462,0.734797180359583,0.5555555555555556,0.0,0.0,0.0,0.0,0.0,0.0,0.0,0.0,0.0,,,,,18473,global,0.4
4,3,lr5e-05_bs32_modL1_fusion32_fusionL1_fusionBN0_drop0p1__wd1e-04trmiss40_trlocglobal,32,5e-05,0.0001,1,32,1,False,0.1,lr5e-05_bs32_modL1_fusion32_fusionL1_fusionBN0_drop0p1__wd1e-04trmiss40_trlocglobal,43,0.5178094406922659,0.6714112460613251,0.625,0.7355043196443889,0.5333333333333333,0.0,0.0,0.0,0.0,0.0,0.0,0.0,0.0,0.0,,,,,18473,global,0.4
4,3,lr5e-05_bs32_modL1_fusion32_fusionL1_fusionBN0_drop0p1__wd1e-04trmiss40_trlocglobal,32,5e-05,0.0001,1,32,1,False,0.1,lr5e-05_bs32_modL1_fusion32_fusionL1_fusionBN0_drop0p1__wd1e-04trmiss40_trlocglobal,44,0.50899538397789,0.6694662272930145,0.623015873015873,0.7351127863523867,0.5111111111111111,0.0,0.0,0.0,0.0,0.0,0.0,0.0,0.0,0.0,,,,,18473,global,0.4
4,3,lr5e-05_bs32_modL1_fusion32_fusionL1_fusionBN0_drop0p1__wd1e-04trmiss40_trlocglobal,32,5e-05,0.0001,1,32,1,False,0.1,lr5e-05_bs32_modL1_fusion32_fusionL1_fusionBN0_drop0p1__wd1e-04trmiss40_trlocglobal,45,0.5048134873310725,0.6714682877063751,0.623015873015873,0.7343086453799348,0.5111111111111111,0.0,0.0,0.0,0.0,0.0,0.0,0.0,0.0,0.0,,,,,18473,global,0.4
4,3,lr5e-05_bs32_modL1_fusion32_fusionL1_fusionBN0_drop0p1__wd1e-04trmiss40_trlocglobal,32,5e-05,0.0001,1,32,1,False,0.1,lr5e-05_bs32_modL1_fusion32_fusionL1_fusionBN0_drop0p1__wd1e-04trmiss40_trlocglobal,46,0.510539099574089,0.6725752055644989,0.6130952380952381,0.7296587328363981,0.5111111111111111,0.0,0.0,0.0,0.0,0.0,0.0,0.0,0.0,0.0,,,,,18473,global,0.4
4,3,lr1e-05_bs32_modL1_fusion16_fusionL1_fusionBN0_drop0p2__wd1e-04trmiss40_trlocglobal,32,1e-05,0.0001,1,16,1,False,0.2,lr1e-05_bs32_modL1_fusion16_fusionL1_fusionBN0_drop0p2__wd1e-04trmiss40_trlocglobal,1,0.7020704249540964,0.6964612007141113,0.4186507936507937,0.5231323676172752,0.4444444444444444,0.0,0.0,0.0,0.0,0.0,0.0,0.0,0.0,0.0,,,,,18473,global,0.4
4,3,lr1e-05_bs32_modL1_fusion16_fusionL1_fusionBN0_drop0p2__wd1e-04trmiss40_trlocglobal,32,1e-05,0.0001,1,16,1,False,0.2,lr1e-05_bs32_modL1_fusion16_fusionL1_fusionBN0_drop0p2__wd1e-04trmiss40_trlocglobal,2,0.7082338233788809,0.6963046491146088,0.42460317460317465,0.5231239624809967,0.4888888888888889,0.0,0.0,0.0,0.0,0.0,0.0,0.0,0.0,0.0,,,,,18473,global,0.4
4,3,lr1e-05_bs32_modL1_fusion16_fusionL1_fusionBN0_drop0p2__wd1e-04trmiss40_trlocglobal,32,1e-05,0.0001,1,16,1,False,0.2,lr1e-05_bs32_modL1_fusion16_fusionL1_fusionBN0_drop0p2__wd1e-04trmiss40_trlocglobal,3,0.7050186296304067,0.6959699392318726,0.4345238095238096,0.5334154475983333,0.4888888888888889,0.0,0.0,0.0,0.0,0.0,0.0,0.0,0.0,0.0,,,,,18473,global,0.4
4,3,lr1e-05_bs32_modL1_fusion16_fusionL1_fusionBN0_drop0p2__wd1e-04trmiss40_trlocglobal,32,1e-05,0.0001,1,16,1,False,0.2,lr1e-05_bs32_modL1_fusion16_fusionL1_fusionBN0_drop0p2__wd1e-04trmiss40_trlocglobal,4,0.7056523958841959,0.6952596008777618,0.4424603174603175,0.534010018401714,0.5111111111111111,0.0,0.0,0.0,0.0,0.0,0.0,0.0,0.0,0.0,,,,,18473,global,0.4
4,3,lr1e-05_bs32_modL1_fusion16_fusionL1_fusionBN0_drop0p2__wd1e-04trmiss40_trlocglobal,32,1e-05,0.0001,1,16,1,False,0.2,lr1e-05_bs32_modL1_fusion16_fusionL1_fusionBN0_drop0p2__wd1e-04trmiss40_trlocglobal,5,0.7041682104269663,0.6945316195487976,0.44642857142857145,0.5437247331164288,0.4666666666666667,0.0,0.0,0.0,0.0,0.0,0.0,0.0,0.0,0.0,,,,,18473,global,0.4
4,3,lr1e-05_bs32_modL1_fusion16_fusionL1_fusionBN0_drop0p2__wd1e-04trmiss40_trlocglobal,32,1e-05,0.0001,1,16,1,False,0.2,lr1e-05_bs32_modL1_fusion16_fusionL1_fusionBN0_drop0p2__wd1e-04trmiss40_trlocglobal,6,0.7079484562079111,0.6938035488128662,0.46031746031746035,0.5602928360661107,0.4888888888888889,0.0,0.0,0.0,0.0,0.0,0.0,0.0,0.0,0.0,,,,,18473,global,0.4
4,3,lr1e-05_bs32_modL1_fusion16_fusionL1_fusionBN0_drop0p2__wd1e-04trmiss40_trlocglobal,32,1e-05,0.0001,1,16,1,False,0.2,lr1e-05_bs32_modL1_fusion16_fusionL1_fusionBN0_drop0p2__wd1e-04trmiss40_trlocglobal,7,0.697310874859492,0.6927922666072845,0.47023809523809523,0.5679365690076629,0.4666666666666667,0.0,0.0,0.0,0.0,0.0,0.0,0.0,0.0,0.0,,,,,18473,global,0.4
4,3,lr1e-05_bs32_modL1_fusion16_fusionL1_fusionBN0_drop0p2__wd1e-04trmiss40_trlocglobal,32,1e-05,0.0001,1,16,1,False,0.2,lr1e-05_bs32_modL1_fusion16_fusionL1_fusionBN0_drop0p2__wd1e-04trmiss40_trlocglobal,8,0.6957375009854635,0.6920213103294373,0.4662698412698413,0.5669875302608048,0.4444444444444444,0.0,0.0,0.0,0.0,0.0,0.0,0.0,0.0,0.0,,,,,18473,global,0.4
4,3,lr1e-05_bs32_modL1_fusion16_fusionL1_fusionBN0_drop0p2__wd1e-04trmiss40_trlocglobal,32,1e-05,0.0001,1,16,1,False,0.2,lr1e-05_bs32_modL1_fusion16_fusionL1_fusionBN0_drop0p2__wd1e-04trmiss40_trlocglobal,9,0.6914063096046448,0.6907458901405334,0.48611111111111116,0.5745702725033301,0.4444444444444444,0.0,0.0,0.0,0.0,0.0,0.0,0.0,0.0,0.0,,,,,18473,global,0.4
4,3,lr1e-05_bs32_modL1_fusion16_fusionL1_fusionBN0_drop0p2__wd1e-04trmiss40_trlocglobal,32,1e-05,0.0001,1,16,1,False,0.2,lr1e-05_bs32_modL1_fusion16_fusionL1_fusionBN0_drop0p2__wd1e-04trmiss40_trlocglobal,10,0.6840954522291819,0.6902922987937927,0.48809523809523814,0.5746246414507205,0.4444444444444444,0.0,0.0,0.0,0.0,0.0,0.0,0.0,0.0,0.0,,,,,18473,global,0.4
4,3,lr1e-05_bs32_modL1_fusion16_fusionL1_fusionBN0_drop0p2__wd1e-04trmiss40_trlocglobal,32,1e-05,0.0001,1,16,1,False,0.2,lr1e-05_bs32_modL1_fusion16_fusionL1_fusionBN0_drop0p2__wd1e-04trmiss40_trlocglobal,11,0.683804432551066,0.6894593834877014,0.4920634920634921,0.5762667102100522,0.4444444444444444,0.0,0.0,0.0,0.0,0.0,0.0,0.0,0.0,0.0,,,,,18473,global,0.4
4,3,lr1e-05_bs32_modL1_fusion16_fusionL1_fusionBN0_drop0p2__wd1e-04trmiss40_trlocglobal,32,1e-05,0.0001,1,16,1,False,0.2,lr1e-05_bs32_modL1_fusion16_fusionL1_fusionBN0_drop0p2__wd1e-04trmiss40_trlocglobal,12,0.6893433431784312,0.6891839802265167,0.4920634920634921,0.5799414914067632,0.4444444444444444,0.0,0.0,0.0,0.0,0.0,0.0,0.0,0.0,0.0,,,,,18473,global,0.4
4,3,lr1e-05_bs32_modL1_fusion16_fusionL1_fusionBN0_drop0p2__wd1e-04trmiss40_trlocglobal,32,1e-05,0.0001,1,16,1,False,0.2,lr1e-05_bs32_modL1_fusion16_fusionL1_fusionBN0_drop0p2__wd1e-04trmiss40_trlocglobal,13,0.6819097797075907,0.6890338063240051,0.49404761904761907,0.5906939481555967,0.4444444444444444,0.0,0.0,0.0,0.0,0.0,0.0,0.0,0.0,0.0,,,,,18473,global,0.4
4,3,lr1e-05_bs32_modL1_fusion16_fusionL1_fusionBN0_drop0p2__wd1e-04trmiss40_trlocglobal,32,1e-05,0.0001,1,16,1,False,0.2,lr1e-05_bs32_modL1_fusion16_fusionL1_fusionBN0_drop0p2__wd1e-04trmiss40_trlocglobal,14,0.6841912170251211,0.6886883974075317,0.498015873015873,0.5924307271185079,0.4444444444444444,0.0,0.0,0.0,0.0,0.0,0.0,0.0,0.0,0.0,,,,,18473,global,0.4
4,3,lr1e-05_bs32_modL1_fusion16_fusionL1_fusionBN0_drop0p2__wd1e-04trmiss40_trlocglobal,32,1e-05,0.0001,1,16,1,False,0.2,lr1e-05_bs32_modL1_fusion16_fusionL1_fusionBN0_drop0p2__wd1e-04trmiss40_trlocglobal,15,0.6897991001605988,0.6885944902896881,0.5,0.5887569055245813,0.4444444444444444,0.0,0.0,0.0,0.0,0.0,0.0,0.0,0.0,0.0,,,,,18473,global,0.4
4,3,lr1e-05_bs32_modL1_fusion16_fusionL1_fusionBN0_drop0p2__wd1e-04trmiss40_trlocglobal,32,1e-05,0.0001,1,16,1,False,0.2,lr1e-05_bs32_modL1_fusion16_fusionL1_fusionBN0_drop0p2__wd1e-04trmiss40_trlocglobal,16,0.6834782163302103,0.6887224316596985,0.496031746031746,0.5865479969385059,0.4444444444444444,0.0,0.0,0.0,0.0,0.0,0.0,0.0,0.0,0.0,,,,,18473,global,0.4
4,3,lr1e-05_bs32_modL1_fusion16_fusionL1_fusionBN0_drop0p2__wd1e-04trmiss40_trlocglobal,32,1e-05,0.0001,1,16,1,False,0.2,lr1e-05_bs32_modL1_fusion16_fusionL1_fusionBN0_drop0p2__wd1e-04trmiss40_trlocglobal,17,0.6844266553719839,0.688313364982605,0.5,0.593437682322815,0.4444444444444444,0.0,0.0,0.0,0.0,0.0,0.0,0.0,0.0,0.0,,,,,18473,global,0.4
4,3,lr1e-05_bs32_modL1_fusion16_fusionL1_fusionBN0_drop0p2__wd1e-04trmiss40_trlocglobal,32,1e-05,0.0001,1,16,1,False,0.2,lr1e-05_bs32_modL1_fusion16_fusionL1_fusionBN0_drop0p2__wd1e-04trmiss40_trlocglobal,18,0.6864063243071238,0.6887688338756561,0.49206349206349204,0.5851216981191496,0.4444444444444444,0.0,0.0,0.0,0.0,0.0,0.0,0.0,0.0,0.0,,,,,18473,global,0.4
4,3,lr1e-05_bs32_modL1_fusion16_fusionL1_fusionBN0_drop0p2__wd1e-04trmiss40_trlocglobal,32,1e-05,0.0001,1,16,1,False,0.2,lr1e-05_bs32_modL1_fusion16_fusionL1_fusionBN0_drop0p2__wd1e-04trmiss40_trlocglobal,19,0.6803221503893534,0.6880741119384766,0.49404761904761907,0.5892940128145622,0.4666666666666667,0.0,0.0,0.0,0.0,0.0,0.0,0.0,0.0,0.0,,,,,18473,global,0.4
4,3,lr1e-05_bs32_modL1_fusion16_fusionL1_fusionBN0_drop0p2__wd1e-04trmiss40_trlocglobal,32,1e-05,0.0001,1,16,1,False,0.2,lr1e-05_bs32_modL1_fusion16_fusionL1_fusionBN0_drop0p2__wd1e-04trmiss40_trlocglobal,20,0.6808928648630778,0.6873319745063782,0.5079365079365079,0.5973156285445113,0.4666666666666667,0.0,0.0,0.0,0.0,0.0,0.0,0.0,0.0,0.0,,,,,18473,global,0.4
4,3,lr1e-05_bs32_modL1_fusion16_fusionL1_fusionBN0_drop0p2__wd1e-04trmiss40_trlocglobal,32,1e-05,0.0001,1,16,1,False,0.2,lr1e-05_bs32_modL1_fusion16_fusionL1_fusionBN0_drop0p2__wd1e-04trmiss40_trlocglobal,21,0.6761125922203064,0.686944305896759,0.5198412698412699,0.6105723685487954,0.4666666666666667,0.0,0.0,0.0,0.0,0.0,0.0,0.0,0.0,0.0,,,,,18473,global,0.4
4,3,lr1e-05_bs32_modL1_fusion16_fusionL1_fusionBN0_drop0p2__wd1e-04trmiss40_trlocglobal,32,1e-05,0.0001,1,16,1,False,0.2,lr1e-05_bs32_modL1_fusion16_fusionL1_fusionBN0_drop0p2__wd1e-04trmiss40_trlocglobal,22,0.6806969344615936,0.6869241893291473,0.5158730158730159,0.6077379945294465,0.4888888888888889,0.0,0.0,0.0,0.0,0.0,0.0,0.0,0.0,0.0,,,,,18473,global,0.4
4,3,lr1e-05_bs32_modL1_fusion16_fusionL1_fusionBN0_drop0p2__wd1e-04trmiss40_trlocglobal,32,1e-05,0.0001,1,16,1,False,0.2,lr1e-05_bs32_modL1_fusion16_fusionL1_fusionBN0_drop0p2__wd1e-04trmiss40_trlocglobal,23,0.6731384297211965,0.6867285966873169,0.513888888888889,0.6072201659246504,0.4888888888888889,0.0,0.0,0.0,0.0,0.0,0.0,0.0,0.0,0.0,,,,,18473,global,0.4
4,3,lr1e-05_bs32_modL1_fusion16_fusionL1_fusionBN0_drop0p2__wd1e-04trmiss40_trlocglobal,32,1e-05,0.0001,1,16,1,False,0.2,lr1e-05_bs32_modL1_fusion16_fusionL1_fusionBN0_drop0p2__wd1e-04trmiss40_trlocglobal,24,0.671473761399587,0.6864262819290161,0.5198412698412699,0.6094343680880396,0.4888888888888889,0.0,0.0,0.0,0.0,0.0,0.0,0.0,0.0,0.0,,,,,18473,global,0.4
4,3,lr1e-05_bs32_modL1_fusion16_fusionL1_fusionBN0_drop0p2__wd1e-04trmiss40_trlocglobal,32,1e-05,0.0001,1,16,1,False,0.2,lr1e-05_bs32_modL1_fusion16_fusionL1_fusionBN0_drop0p2__wd1e-04trmiss40_trlocglobal,25,0.6668693919976553,0.6866484582424164,0.5257936507936509,0.610753141052075,0.4666666666666667,0.0,0.0,0.0,0.0,0.0,0.0,0.0,0.0,0.0,,,,,18473,global,0.4
4,3,lr1e-05_bs32_modL1_fusion16_fusionL1_fusionBN0_drop0p2__wd1e-04trmiss40_trlocglobal,32,1e-05,0.0001,1,16,1,False,0.2,lr1e-05_bs32_modL1_fusion16_fusionL1_fusionBN0_drop0p2__wd1e-04trmiss40_trlocglobal,26,0.6804311176141103,0.686271458864212,0.5357142857142858,0.6154087169576509,0.4666666666666667,0.0,0.0,0.0,0.0,0.0,0.0,0.0,0.0,0.0,,,,,18473,global,0.4
4,3,lr1e-05_bs32_modL1_fusion16_fusionL1_fusionBN0_drop0p2__wd1e-04trmiss40_trlocglobal,32,1e-05,0.0001,1,16,1,False,0.2,lr1e-05_bs32_modL1_fusion16_fusionL1_fusionBN0_drop0p2__wd1e-04trmiss40_trlocglobal,27,0.6671599249045054,0.6860822439193726,0.5277777777777779,0.6116434544423884,0.4666666666666667,0.0,0.0,0.0,0.0,0.0,0.0,0.0,0.0,0.0,,,,,18473,global,0.4
4,3,lr1e-05_bs32_modL1_fusion16_fusionL1_fusionBN0_drop0p2__wd1e-04trmiss40_trlocglobal,32,1e-05,0.0001,1,16,1,False,0.2,lr1e-05_bs32_modL1_fusion16_fusionL1_fusionBN0_drop0p2__wd1e-04trmiss40_trlocglobal,28,0.6736452380816141,0.6856289803981781,0.5238095238095238,0.6096133774505441,0.4666666666666667,0.0,0.0,0.0,0.0,0.0,0.0,0.0,0.0,0.0,,,,,18473,global,0.4
4,3,lr1e-05_bs32_modL1_fusion16_fusionL1_fusionBN0_drop0p2__wd1e-04trmiss40_trlocglobal,32,1e-05,0.0001,1,16,1,False,0.2,lr1e-05_bs32_modL1_fusion16_fusionL1_fusionBN0_drop0p2__wd1e-04trmiss40_trlocglobal,29,0.6722796758015951,0.6847367584705353,0.5376984126984128,0.6152952020003859,0.4666666666666667,0.0,0.0,0.0,0.0,0.0,0.0,0.0,0.0,0.0,,,,,18473,global,0.4
4,3,lr1e-05_bs32_modL1_fusion16_fusionL1_fusionBN0_drop0p2__wd1e-04trmiss40_trlocglobal,32,1e-05,0.0001,1,16,1,False,0.2,lr1e-05_bs32_modL1_fusion16_fusionL1_fusionBN0_drop0p2__wd1e-04trmiss40_trlocglobal,30,0.6672872602939606,0.6841572821140289,0.5416666666666667,0.6175064522737191,0.4666666666666667,0.0,0.0,0.0,0.0,0.0,0.0,0.0,0.0,0.0,,,,,18473,global,0.4
4,3,lr1e-05_bs32_modL1_fusion16_fusionL1_fusionBN0_drop0p2__wd1e-04trmiss40_trlocglobal,32,1e-05,0.0001,1,16,1,False,0.2,lr1e-05_bs32_modL1_fusion16_fusionL1_fusionBN0_drop0p2__wd1e-04trmiss40_trlocglobal,31,0.6670693755149841,0.6840660870075226,0.5396825396825398,0.6159387155749341,0.4666666666666667,0.0,0.0,0.0,0.0,0.0,0.0,0.0,0.0,0.0,,,,,18473,global,0.4
4,3,lr1e-05_bs32_modL1_fusion16_fusionL1_fusionBN0_drop0p2__wd1e-04trmiss40_trlocglobal,32,1e-05,0.0001,1,16,1,False,0.2,lr1e-05_bs32_modL1_fusion16_fusionL1_fusionBN0_drop0p2__wd1e-04trmiss40_trlocglobal,32,0.6652705371379852,0.684015303850174,0.5456349206349207,0.6185884131596016,0.4666666666666667,0.0,0.0,0.0,0.0,0.0,0.0,0.0,0.0,0.0,,,,,18473,global,0.4
4,3,lr1e-05_bs32_modL1_fusion16_fusionL1_fusionBN0_drop0p2__wd1e-04trmiss40_trlocglobal,32,1e-05,0.0001,1,16,1,False,0.2,lr1e-05_bs32_modL1_fusion16_fusionL1_fusionBN0_drop0p2__wd1e-04trmiss40_trlocglobal,33,0.6632397472858429,0.6836207807064056,0.5436507936507937,0.6201397090858974,0.4666666666666667,0.0,0.0,0.0,0.0,0.0,0.0,0.0,0.0,0.0,,,,,18473,global,0.4
4,3,lr1e-05_bs32_modL1_fusion16_fusionL1_fusionBN0_drop0p2__wd1e-04trmiss40_trlocglobal,32,1e-05,0.0001,1,16,1,False,0.2,lr1e-05_bs32_modL1_fusion16_fusionL1_fusionBN0_drop0p2__wd1e-04trmiss40_trlocglobal,34,0.6722835203011831,0.683542788028717,0.5476190476190477,0.618555832037692,0.4666666666666667,0.0,0.0,0.0,0.0,0.0,0.0,0.0,0.0,0.0,,,,,18473,global,0.4
4,3,lr1e-05_bs32_modL1_fusion16_fusionL1_fusionBN0_drop0p2__wd1e-04trmiss40_trlocglobal,32,1e-05,0.0001,1,16,1,False,0.2,lr1e-05_bs32_modL1_fusion16_fusionL1_fusionBN0_drop0p2__wd1e-04trmiss40_trlocglobal,35,0.6608180900414785,0.683494508266449,0.5436507936507937,0.6170367989241639,0.4666666666666667,0.0,0.0,0.0,0.0,0.0,0.0,0.0,0.0,0.0,,,,,18473,global,0.4
4,3,lr1e-05_bs32_modL1_fusion16_fusionL1_fusionBN0_drop0p2__wd1e-04trmiss40_trlocglobal,32,1e-05,0.0001,1,16,1,False,0.2,lr1e-05_bs32_modL1_fusion16_fusionL1_fusionBN0_drop0p2__wd1e-04trmiss40_trlocglobal,36,0.6627529859542847,0.6830840706825256,0.5535714285714286,0.6237417055323891,0.4666666666666667,0.0,0.0,0.0,0.0,0.0,0.0,0.0,0.0,0.0,,,,,18473,global,0.4
4,3,lr1e-05_bs32_modL1_fusion16_fusionL1_fusionBN0_drop0p2__wd1e-04trmiss40_trlocglobal,32,1e-05,0.0001,1,16,1,False,0.2,lr1e-05_bs32_modL1_fusion16_fusionL1_fusionBN0_drop0p2__wd1e-04trmiss40_trlocglobal,37,0.6656026343504587,0.6828450858592987,0.5575396825396826,0.6284838889717973,0.4666666666666667,0.0,0.0,0.0,0.0,0.0,0.0,0.0,0.0,0.0,,,,,18473,global,0.4
4,3,lr1e-05_bs32_modL1_fusion16_fusionL1_fusionBN0_drop0p2__wd1e-04trmiss40_trlocglobal,32,1e-05,0.0001,1,16,1,False,0.2,lr1e-05_bs32_modL1_fusion16_fusionL1_fusionBN0_drop0p2__wd1e-04trmiss40_trlocglobal,38,0.6625548303127289,0.6821195483207703,0.5674603174603174,0.6349060808319388,0.4666666666666667,0.0,0.0,0.0,0.0,0.0,0.0,0.0,0.0,0.0,,,,,18473,global,0.4
4,3,lr1e-05_bs32_modL1_fusion16_fusionL1_fusionBN0_drop0p2__wd1e-04trmiss40_trlocglobal,32,1e-05,0.0001,1,16,1,False,0.2,lr1e-05_bs32_modL1_fusion16_fusionL1_fusionBN0_drop0p2__wd1e-04trmiss40_trlocglobal,39,0.6650377810001373,0.6822361648082733,0.5654761904761905,0.6243685942980755,0.4666666666666667,0.0,0.0,0.0,0.0,0.0,0.0,0.0,0.0,0.0,,,,,18473,global,0.4
4,3,lr1e-05_bs32_modL1_fusion16_fusionL1_fusionBN0_drop0p2__wd1e-04trmiss40_trlocglobal,32,1e-05,0.0001,1,16,1,False,0.2,lr1e-05_bs32_modL1_fusion16_fusionL1_fusionBN0_drop0p2__wd1e-04trmiss40_trlocglobal,40,0.6655930777390798,0.6815700232982635,0.5734126984126984,0.6386220195335096,0.4666666666666667,0.0,0.0,0.0,0.0,0.0,0.0,0.0,0.0,0.0,,,,,18473,global,0.4
4,3,lr1e-05_bs32_modL1_fusion16_fusionL1_fusionBN0_drop0p2__wd1e-04trmiss40_trlocglobal,32,1e-05,0.0001,1,16,1,False,0.2,lr1e-05_bs32_modL1_fusion16_fusionL1_fusionBN0_drop0p2__wd1e-04trmiss40_trlocglobal,41,0.6638446152210236,0.6812275052070618,0.5694444444444444,0.6330078420443321,0.5111111111111111,0.0,0.0,0.0,0.0,0.0,0.0,0.0,0.0,0.0,,,,,18473,global,0.4
4,3,lr1e-05_bs32_modL1_fusion16_fusionL1_fusionBN0_drop0p2__wd1e-04trmiss40_trlocglobal,32,1e-05,0.0001,1,16,1,False,0.2,lr1e-05_bs32_modL1_fusion16_fusionL1_fusionBN0_drop0p2__wd1e-04trmiss40_trlocglobal,42,0.6640534400939941,0.6816291213035583,0.5714285714285714,0.6364786926352808,0.4888888888888889,0.0,0.0,0.0,0.0,0.0,0.0,0.0,0.0,0.0,,,,,18473,global,0.4
4,3,lr1e-05_bs32_modL1_fusion16_fusionL1_fusionBN0_drop0p2__wd1e-04trmiss40_trlocglobal,32,1e-05,0.0001,1,16,1,False,0.2,lr1e-05_bs32_modL1_fusion16_fusionL1_fusionBN0_drop0p2__wd1e-04trmiss40_trlocglobal,43,0.655184934536616,0.6815552115440369,0.5714285714285714,0.6367280801395702,0.4888888888888889,0.0,0.0,0.0,0.0,0.0,0.0,0.0,0.0,0.0,,,,,18473,global,0.4
4,3,lr1e-05_bs32_modL1_fusion16_fusionL1_fusionBN0_drop0p2__wd1e-04trmiss40_trlocglobal,32,1e-05,0.0001,1,16,1,False,0.2,lr1e-05_bs32_modL1_fusion16_fusionL1_fusionBN0_drop0p2__wd1e-04trmiss40_trlocglobal,44,0.652900367975235,0.6810746490955353,0.5714285714285715,0.6372601567586034,0.4888888888888889,0.0,0.0,0.0,0.0,0.0,0.0,0.0,0.0,0.0,,,,,18473,global,0.4
4,3,lr1e-05_bs32_modL1_fusion16_fusionL1_fusionBN0_drop0p2__wd1e-04trmiss40_trlocglobal,32,1e-05,0.0001,1,16,1,False,0.2,lr1e-05_bs32_modL1_fusion16_fusionL1_fusionBN0_drop0p2__wd1e-04trmiss40_trlocglobal,45,0.661500612894694,0.6812123656272888,0.5753968253968255,0.6399179458294358,0.4888888888888889,0.0,0.0,0.0,0.0,0.0,0.0,0.0,0.0,0.0,,,,,18473,global,0.4
4,3,lr1e-05_bs32_modL1_fusion16_fusionL1_fusionBN0_drop0p2__wd1e-04trmiss40_trlocglobal,32,1e-05,0.0001,1,16,1,False,0.2,lr1e-05_bs32_modL1_fusion16_fusionL1_fusionBN0_drop0p2__wd1e-04trmiss40_trlocglobal,46,0.6634173293908437,0.6809943914413452,0.5753968253968255,0.6399179458294358,0.4888888888888889,0.0,0.0,0.0,0.0,0.0,0.0,0.0,0.0,0.0,,,,,18473,global,0.4
4,3,lr1e-05_bs32_modL1_fusion16_fusionL1_fusionBN0_drop0p2__wd1e-04trmiss40_trlocglobal,32,1e-05,0.0001,1,16,1,False,0.2,lr1e-05_bs32_modL1_fusion16_fusionL1_fusionBN0_drop0p2__wd1e-04trmiss40_trlocglobal,47,0.6622660557428995,0.6807640492916107,0.5773809523809524,0.6404716556854714,0.4888888888888889,0.0,0.0,0.0,0.0,0.0,0.0,0.0,0.0,0.0,,,,,18473,global,0.4
4,3,lr1e-05_bs32_modL1_fusion16_fusionL1_fusionBN0_drop0p2__wd1e-04trmiss40_trlocglobal,32,1e-05,0.0001,1,16,1,False,0.2,lr1e-05_bs32_modL1_fusion16_fusionL1_fusionBN0_drop0p2__wd1e-04trmiss40_trlocglobal,48,0.6533972223599752,0.6804423630237579,0.5773809523809524,0.639498670337486,0.5111111111111111,0.0,0.0,0.0,0.0,0.0,0.0,0.0,0.0,0.0,,,,,18473,global,0.4
4,3,lr1e-05_bs32_modL1_fusion16_fusionL1_fusionBN0_drop0p2__wd1e-04trmiss40_trlocglobal,32,1e-05,0.0001,1,16,1,False,0.2,lr1e-05_bs32_modL1_fusion16_fusionL1_fusionBN0_drop0p2__wd1e-04trmiss40_trlocglobal,49,0.6686702768007914,0.6804110705852509,0.5793650793650794,0.6379603310196752,0.4888888888888889,0.0,0.0,0.0,0.0,0.0,0.0,0.0,0.0,0.0,,,,,18473,global,0.4
4,3,lr1e-05_bs32_modL1_fusion16_fusionL1_fusionBN0_drop0p2__wd1e-04trmiss40_trlocglobal,32,1e-05,0.0001,1,16,1,False,0.2,lr1e-05_bs32_modL1_fusion16_fusionL1_fusionBN0_drop0p2__wd1e-04trmiss40_trlocglobal,50,0.6672542691230774,0.6800316870212555,0.5853174603174603,0.6430926601103375,0.5111111111111111,0.0,0.0,0.0,0.0,0.0,0.0,0.0,0.0,0.0,,,,,18473,global,0.4
4,3,lr1e-05_bs32_modL1_fusion16_fusionL1_fusionBN0_drop0p2__wd1e-04trmiss40_trlocglobal,32,1e-05,0.0001,1,16,1,False,0.2,lr1e-05_bs32_modL1_fusion16_fusionL1_fusionBN0_drop0p2__wd1e-04trmiss40_trlocglobal,51,0.6652585764726003,0.6801181733608246,0.5873015873015873,0.6468128982055756,0.5111111111111111,0.0,0.0,0.0,0.0,0.0,0.0,0.0,0.0,0.0,,,,,18473,global,0.4
4,3,lr1e-05_bs32_modL1_fusion16_fusionL1_fusionBN0_drop0p2__wd1e-04trmiss40_trlocglobal,32,1e-05,0.0001,1,16,1,False,0.2,lr1e-05_bs32_modL1_fusion16_fusionL1_fusionBN0_drop0p2__wd1e-04trmiss40_trlocglobal,52,0.6627588470776876,0.6803224682807922,0.5853174603174603,0.6458759493519601,0.4888888888888889,0.0,0.0,0.0,0.0,0.0,0.0,0.0,0.0,0.0,,,,,18473,global,0.4
4,3,lr1e-05_bs32_modL1_fusion16_fusionL1_fusionBN0_drop0p2__wd1e-04trmiss40_trlocglobal,32,1e-05,0.0001,1,16,1,False,0.2,lr1e-05_bs32_modL1_fusion16_fusionL1_fusionBN0_drop0p2__wd1e-04trmiss40_trlocglobal,53,0.6570029358069102,0.6798189580440521,0.5793650793650794,0.6401219810979919,0.5111111111111111,0.0,0.0,0.0,0.0,0.0,0.0,0.0,0.0,0.0,,,,,18473,global,0.4
4,3,lr1e-05_bs32_modL1_fusion16_fusionL1_fusionBN0_drop0p2__wd1e-04trmiss40_trlocglobal,32,1e-05,0.0001,1,16,1,False,0.2,lr1e-05_bs32_modL1_fusion16_fusionL1_fusionBN0_drop0p2__wd1e-04trmiss40_trlocglobal,54,0.664682149887085,0.6799109876155853,0.5853174603174603,0.642422930534358,0.4888888888888889,0.0,0.0,0.0,0.0,0.0,0.0,0.0,0.0,0.0,,,,,18473,global,0.4
4,3,lr1e-05_bs32_modL1_fusion16_fusionL1_fusionBN0_drop0p2__wd1e-04trmiss40_trlocglobal,32,1e-05,0.0001,1,16,1,False,0.2,lr1e-05_bs32_modL1_fusion16_fusionL1_fusionBN0_drop0p2__wd1e-04trmiss40_trlocglobal,55,0.6539915104707082,0.6796791553497314,0.5813492063492063,0.6406027587073927,0.5111111111111111,0.0,0.0,0.0,0.0,0.0,0.0,0.0,0.0,0.0,,,,,18473,global,0.4
4,3,lr1e-05_bs32_modL1_fusion16_fusionL1_fusionBN0_drop0p2__wd1e-04trmiss40_trlocglobal,32,1e-05,0.0001,1,16,1,False,0.2,lr1e-05_bs32_modL1_fusion16_fusionL1_fusionBN0_drop0p2__wd1e-04trmiss40_trlocglobal,56,0.6639448503653208,0.6798028647899628,0.5813492063492063,0.6406027587073927,0.4888888888888889,0.0,0.0,0.0,0.0,0.0,0.0,0.0,0.0,0.0,,,,,18473,global,0.4
4,3,lr1e-05_bs32_modL1_fusion16_fusionL1_fusionBN0_drop0p2__wd1e-04trmiss40_trlocglobal,32,1e-05,0.0001,1,16,1,False,0.2,lr1e-05_bs32_modL1_fusion16_fusionL1_fusionBN0_drop0p2__wd1e-04trmiss40_trlocglobal,57,0.654619574546814,0.6794677078723907,0.5853174603174603,0.6427300094759478,0.4888888888888889,0.0,0.0,0.0,0.0,0.0,0.0,0.0,0.0,0.0,,,,,18473,global,0.4
4,3,lr1e-05_bs32_modL1_fusion16_fusionL1_fusionBN0_drop0p2__wd1e-04trmiss40_trlocglobal,32,1e-05,0.0001,1,16,1,False,0.2,lr1e-05_bs32_modL1_fusion16_fusionL1_fusionBN0_drop0p2__wd1e-04trmiss40_trlocglobal,58,0.6602665881315867,0.6799024641513824,0.5853174603174603,0.6436117257988406,0.4888888888888889,0.0,0.0,0.0,0.0,0.0,0.0,0.0,0.0,0.0,,,,,18473,global,0.4
4,3,lr1e-05_bs32_modL1_fusion16_fusionL1_fusionBN0_drop0p2__wd1e-04trmiss40_trlocglobal,32,1e-05,0.0001,1,16,1,False,0.2,lr1e-05_bs32_modL1_fusion16_fusionL1_fusionBN0_drop0p2__wd1e-04trmiss40_trlocglobal,59,0.663405309120814,0.6796579957008362,0.5833333333333334,0.6416196286837458,0.4888888888888889,0.0,0.0,0.0,0.0,0.0,0.0,0.0,0.0,0.0,,,,,18473,global,0.4
4,3,lr1e-05_bs32_modL1_fusion16_fusionL1_fusionBN0_drop0p2__wd1e-04trmiss40_trlocglobal,32,1e-05,0.0001,1,16,1,False,0.2,lr1e-05_bs32_modL1_fusion16_fusionL1_fusionBN0_drop0p2__wd1e-04trmiss40_trlocglobal,60,0.6505207320054373,0.6799704730510712,0.5833333333333334,0.6416196286837458,0.4888888888888889,0.0,0.0,0.0,0.0,0.0,0.0,0.0,0.0,0.0,,,,,18473,global,0.4
4,3,lr1e-05_bs32_modL1_fusion16_fusionL1_fusionBN0_drop0p2__wd1e-04trmiss40_trlocglobal,32,1e-05,0.0001,1,16,1,False,0.2,lr1e-05_bs32_modL1_fusion16_fusionL1_fusionBN0_drop0p2__wd1e-04trmiss40_trlocglobal,61,0.6542809704939524,0.6797911822795868,0.5873015873015873,0.6455549317612057,0.4888888888888889,0.0,0.0,0.0,0.0,0.0,0.0,0.0,0.0,0.0,,,,,18473,global,0.4
4,3,lr1e-05_bs32_modL1_fusion16_fusionL1_fusionBN0_drop0p2__wd1e-04trmiss40_trlocglobal,32,1e-05,0.0001,1,16,1,False,0.2,lr1e-05_bs32_modL1_fusion16_fusionL1_fusionBN0_drop0p2__wd1e-04trmiss40_trlocglobal,62,0.6533672908941904,0.6795211434364319,0.5972222222222222,0.6540985968152875,0.4888888888888889,0.0,0.0,0.0,0.0,0.0,0.0,0.0,0.0,0.0,,,,,18473,global,0.4
4,3,lr1e-05_bs32_modL1_fusion16_fusionL1_fusionBN0_drop0p2__wd1e-04trmiss40_trlocglobal,32,1e-05,0.0001,1,16,1,False,0.2,lr1e-05_bs32_modL1_fusion16_fusionL1_fusionBN0_drop0p2__wd1e-04trmiss40_trlocglobal,63,0.6639886200428009,0.6794516444206238,0.5992063492063492,0.6592853853354093,0.4888888888888889,0.0,0.0,0.0,0.0,0.0,0.0,0.0,0.0,0.0,,,,,18473,global,0.4
4,3,lr1e-05_bs32_modL1_fusion16_fusionL1_fusionBN0_drop0p2__wd1e-04trmiss40_trlocglobal,32,1e-05,0.0001,1,16,1,False,0.2,lr1e-05_bs32_modL1_fusion16_fusionL1_fusionBN0_drop0p2__wd1e-04trmiss40_trlocglobal,64,0.6640036304791769,0.6794233322143555,0.5972222222222223,0.6530298738715644,0.4888888888888889,0.0,0.0,0.0,0.0,0.0,0.0,0.0,0.0,0.0,,,,,18473,global,0.4
4,3,lr1e-05_bs32_modL1_fusion16_fusionL1_fusionBN0_drop0p2__wd1e-04trmiss40_trlocglobal,32,1e-05,0.0001,1,16,1,False,0.2,lr1e-05_bs32_modL1_fusion16_fusionL1_fusionBN0_drop0p2__wd1e-04trmiss40_trlocglobal,65,0.6583263178666433,0.6793638169765472,0.5992063492063493,0.6556858984025891,0.4888888888888889,0.0,0.0,0.0,0.0,0.0,0.0,0.0,0.0,0.0,,,,,18473,global,0.4
4,3,lr1e-05_bs32_modL1_fusion16_fusionL1_fusionBN0_drop0p2__wd1e-04trmiss40_trlocglobal,32,1e-05,0.0001,1,16,1,False,0.2,lr1e-05_bs32_modL1_fusion16_fusionL1_fusionBN0_drop0p2__wd1e-04trmiss40_trlocglobal,66,0.6501835286617279,0.6791630685329437,0.5992063492063493,0.6546946260297377,0.4888888888888889,0.0,0.0,0.0,0.0,0.0,0.0,0.0,0.0,0.0,,,,,18473,global,0.4
4,3,lr1e-05_bs32_modL1_fusion16_fusionL1_fusionBN0_drop0p2__wd1e-04trmiss40_trlocglobal,32,1e-05,0.0001,1,16,1,False,0.2,lr1e-05_bs32_modL1_fusion16_fusionL1_fusionBN0_drop0p2__wd1e-04trmiss40_trlocglobal,67,0.6534322202205658,0.6791726052761078,0.5892857142857143,0.6462234825298708,0.4888888888888889,0.0,0.0,0.0,0.0,0.0,0.0,0.0,0.0,0.0,,,,,18473,global,0.4
4,3,lr1e-05_bs32_modL1_fusion16_fusionL1_fusionBN0_drop0p2__wd1e-04trmiss40_trlocglobal,32,1e-05,0.0001,1,16,1,False,0.2,lr1e-05_bs32_modL1_fusion16_fusionL1_fusionBN0_drop0p2__wd1e-04trmiss40_trlocglobal,68,0.6457598805427551,0.6791574358940125,0.5972222222222222,0.6500373664954758,0.4888888888888889,0.0,0.0,0.0,0.0,0.0,0.0,0.0,0.0,0.0,,,,,18473,global,0.4
4,3,lr1e-05_bs32_modL1_fusion16_fusionL1_fusionBN0_drop0p2__wd1e-04trmiss40_trlocglobal,32,1e-05,0.0001,1,16,1,False,0.2,lr1e-05_bs32_modL1_fusion16_fusionL1_fusionBN0_drop0p2__wd1e-04trmiss40_trlocglobal,69,0.6501007775465647,0.6790355443954468,0.5972222222222222,0.6500373664954758,0.4888888888888889,0.0,0.0,0.0,0.0,0.0,0.0,0.0,0.0,0.0,,,,,18473,global,0.4
4,3,lr1e-05_bs32_modL1_fusion16_fusionL1_fusionBN0_drop0p2__wd1e-04trmiss40_trlocglobal,32,1e-05,0.0001,1,16,1,False,0.2,lr1e-05_bs32_modL1_fusion16_fusionL1_fusionBN0_drop0p2__wd1e-04trmiss40_trlocglobal,70,0.6557890375455221,0.6794884204864502,0.5952380952380952,0.6522109364339915,0.4888888888888889,0.0,0.0,0.0,0.0,0.0,0.0,0.0,0.0,0.0,,,,,18473,global,0.4
4,3,lr1e-05_bs32_modL1_fusion16_fusionL1_fusionBN0_drop0p2__wd1e-04trmiss40_trlocglobal,32,1e-05,0.0001,1,16,1,False,0.2,lr1e-05_bs32_modL1_fusion16_fusionL1_fusionBN0_drop0p2__wd1e-04trmiss40_trlocglobal,71,0.6571633815765381,0.678883820772171,0.6011904761904763,0.6582376270508089,0.4888888888888889,0.0,0.0,0.0,0.0,0.0,0.0,0.0,0.0,0.0,,,,,18473,global,0.4
4,3,lr1e-05_bs32_modL1_fusion16_fusionL1_fusionBN0_drop0p2__wd1e-04trmiss40_trlocglobal,32,1e-05,0.0001,1,16,1,False,0.2,lr1e-05_bs32_modL1_fusion16_fusionL1_fusionBN0_drop0p2__wd1e-04trmiss40_trlocglobal,72,0.6474617421627045,0.678382933139801,0.6071428571428572,0.6617156849406315,0.5111111111111111,0.0,0.0,0.0,0.0,0.0,0.0,0.0,0.0,0.0,,,,,18473,global,0.4
4,3,lr1e-05_bs32_modL1_fusion16_fusionL1_fusionBN0_drop0p2__wd1e-04trmiss40_trlocglobal,32,1e-05,0.0001,1,16,1,False,0.2,lr1e-05_bs32_modL1_fusion16_fusionL1_fusionBN0_drop0p2__wd1e-04trmiss40_trlocglobal,73,0.6600144704182943,0.6785874366760254,0.6071428571428572,0.6605235965257608,0.5111111111111111,0.0,0.0,0.0,0.0,0.0,0.0,0.0,0.0,0.0,,,,,18473,global,0.4
4,3,lr1e-05_bs32_modL1_fusion16_fusionL1_fusionBN0_drop0p2__wd1e-04trmiss40_trlocglobal,32,1e-05,0.0001,1,16,1,False,0.2,lr1e-05_bs32_modL1_fusion16_fusionL1_fusionBN0_drop0p2__wd1e-04trmiss40_trlocglobal,74,0.6449736555417379,0.6781134009361267,0.6071428571428572,0.6583607597184387,0.5111111111111111,0.0,0.0,0.0,0.0,0.0,0.0,0.0,0.0,0.0,,,,,18473,global,0.4
4,3,lr1e-05_bs32_modL1_fusion16_fusionL1_fusionBN0_drop0p2__wd1e-04trmiss40_trlocglobal,32,1e-05,0.0001,1,16,1,False,0.2,lr1e-05_bs32_modL1_fusion16_fusionL1_fusionBN0_drop0p2__wd1e-04trmiss40_trlocglobal,75,0.6483975946903229,0.6779375970363617,0.6051587301587302,0.6564396122671055,0.5111111111111111,0.0,0.0,0.0,0.0,0.0,0.0,0.0,0.0,0.0,,,,,18473,global,0.4
4,3,lr1e-05_bs32_modL1_fusion16_fusionL1_fusionBN0_drop0p2__wd1e-04trmiss40_trlocglobal,32,1e-05,0.0001,1,16,1,False,0.2,lr1e-05_bs32_modL1_fusion16_fusionL1_fusionBN0_drop0p2__wd1e-04trmiss40_trlocglobal,76,0.6555953423182169,0.6782003343105316,0.6011904761904763,0.6521971901151191,0.4888888888888889,0.0,0.0,0.0,0.0,0.0,0.0,0.0,0.0,0.0,,,,,18473,global,0.4
4,3,lr1e-05_bs32_modL1_fusion16_fusionL1_fusionBN0_drop0p2__wd1e-04trmiss40_trlocglobal,32,1e-05,0.0001,1,16,1,False,0.2,lr1e-05_bs32_modL1_fusion16_fusionL1_fusionBN0_drop0p2__wd1e-04trmiss40_trlocglobal,77,0.6542102098464966,0.6785477697849274,0.5972222222222222,0.6490580756874939,0.4888888888888889,0.0,0.0,0.0,0.0,0.0,0.0,0.0,0.0,0.0,,,,,18473,global,0.4
4,3,lr1e-05_bs32_modL1_fusion16_fusionL1_fusionBN0_drop0p2__wd1e-04trmiss40_trlocglobal,32,1e-05,0.0001,1,16,1,False,0.2,lr1e-05_bs32_modL1_fusion16_fusionL1_fusionBN0_drop0p2__wd1e-04trmiss40_trlocglobal,78,0.6495496133963267,0.6786870956420898,0.5952380952380952,0.6476964199140733,0.4888888888888889,0.0,0.0,0.0,0.0,0.0,0.0,0.0,0.0,0.0,,,,,18473,global,0.4
4,3,lr1e-05_bs32_modL1_fusion16_fusionL1_fusionBN0_drop0p2__wd1e-04trmiss40_trlocglobal,32,1e-05,0.0001,1,16,1,False,0.2,lr1e-05_bs32_modL1_fusion16_fusionL1_fusionBN0_drop0p2__wd1e-04trmiss40_trlocglobal,79,0.6469395558039347,0.6782972514629364,0.6031746031746033,0.6519519638359585,0.5111111111111111,0.0,0.0,0.0,0.0,0.0,0.0,0.0,0.0,0.0,,,,,18473,global,0.4
4,3,lr1e-05_bs32_modL1_fusion16_fusionL1_fusionBN0_drop0p2__wd1e-04trmiss40_trlocglobal,32,1e-05,0.0001,1,16,1,False,0.2,lr1e-05_bs32_modL1_fusion16_fusionL1_fusionBN0_drop0p2__wd1e-04trmiss40_trlocglobal,80,0.6610321899255117,0.6778579354286194,0.6051587301587302,0.653845903229898,0.5111111111111111,0.0,0.0,0.0,0.0,0.0,0.0,0.0,0.0,0.0,,,,,18473,global,0.4
4,3,lr1e-05_bs32_modL1_fusion16_fusionL1_fusionBN0_drop0p1__wd1e-04trmiss40_trlocglobal,32,1e-05,0.0001,1,16,1,False,0.1,lr1e-05_bs32_modL1_fusion16_fusionL1_fusionBN0_drop0p1__wd1e-04trmiss40_trlocglobal,1,0.6947978436946869,0.7002261579036713,0.46230158730158727,0.5014568039034013,0.5333333333333333,0.0,0.0,0.0,0.0,0.0,0.0,0.0,0.0,0.0,,,,,18473,global,0.4
4,3,lr1e-05_bs32_modL1_fusion16_fusionL1_fusionBN0_drop0p1__wd1e-04trmiss40_trlocglobal,32,1e-05,0.0001,1,16,1,False,0.1,lr1e-05_bs32_modL1_fusion16_fusionL1_fusionBN0_drop0p1__wd1e-04trmiss40_trlocglobal,2,0.7015664279460907,0.7011517286300659,0.4880952380952381,0.5130049638093808,0.5333333333333333,0.0,0.0,0.0,0.0,0.0,0.0,0.0,0.0,0.0,,,,,18473,global,0.4
4,3,lr1e-05_bs32_modL1_fusion16_fusionL1_fusionBN0_drop0p1__wd1e-04trmiss40_trlocglobal,32,1e-05,0.0001,1,16,1,False,0.1,lr1e-05_bs32_modL1_fusion16_fusionL1_fusionBN0_drop0p1__wd1e-04trmiss40_trlocglobal,3,0.6883279283841451,0.7025128602981567,0.4900793650793651,0.5120732423372836,0.5333333333333333,0.0,0.0,0.0,0.0,0.0,0.0,0.0,0.0,0.0,,,,,18473,global,0.4
4,3,lr1e-05_bs32_modL1_fusion16_fusionL1_fusionBN0_drop0p1__wd1e-04trmiss40_trlocglobal,32,1e-05,0.0001,1,16,1,False,0.1,lr1e-05_bs32_modL1_fusion16_fusionL1_fusionBN0_drop0p1__wd1e-04trmiss40_trlocglobal,4,0.6829141875108083,0.7037382423877716,0.48015873015873023,0.5052350090593376,0.5333333333333333,0.0,0.0,0.0,0.0,0.0,0.0,0.0,0.0,0.0,,,,,18473,global,0.4
4,3,lr1e-05_bs32_modL1_fusion16_fusionL1_fusionBN0_drop0p1__wd1e-04trmiss40_trlocglobal,32,1e-05,0.0001,1,16,1,False,0.1,lr1e-05_bs32_modL1_fusion16_fusionL1_fusionBN0_drop0p1__wd1e-04trmiss40_trlocglobal,5,0.6805487175782522,0.7045876085758209,0.4742063492063492,0.5020886404758041,0.5333333333333333,0.0,0.0,0.0,0.0,0.0,0.0,0.0,0.0,0.0,,,,,18473,global,0.4
4,3,lr1e-05_bs32_modL1_fusion16_fusionL1_fusionBN0_drop0p1__wd1e-04trmiss40_trlocglobal,32,1e-05,0.0001,1,16,1,False,0.1,lr1e-05_bs32_modL1_fusion16_fusionL1_fusionBN0_drop0p1__wd1e-04trmiss40_trlocglobal,6,0.6813921928405762,0.7048943638801575,0.47817460317460314,0.5036588651081116,0.5333333333333333,0.0,0.0,0.0,0.0,0.0,0.0,0.0,0.0,0.0,,,,,18473,global,0.4
4,3,lr1e-05_bs32_modL1_fusion16_fusionL1_fusionBN0_drop0p1__wd1e-04trmiss40_trlocglobal,32,1e-05,0.0001,1,16,1,False,0.1,lr1e-05_bs32_modL1_fusion16_fusionL1_fusionBN0_drop0p1__wd1e-04trmiss40_trlocglobal,7,0.6787294447422028,0.7048315703868866,0.48611111111111116,0.5101743980550963,0.5333333333333333,0.0,0.0,0.0,0.0,0.0,0.0,0.0,0.0,0.0,,,,,18473,global,0.4
4,3,lr1e-05_bs32_modL1_fusion16_fusionL1_fusionBN0_drop0p1__wd1e-04trmiss40_trlocglobal,32,1e-05,0.0001,1,16,1,False,0.1,lr1e-05_bs32_modL1_fusion16_fusionL1_fusionBN0_drop0p1__wd1e-04trmiss40_trlocglobal,8,0.6816022594769796,0.7049169540405273,0.4900793650793651,0.5107194715570382,0.5333333333333333,0.0,0.0,0.0,0.0,0.0,0.0,0.0,0.0,0.0,,,,,18473,global,0.4
4,3,lr1e-05_bs32_modL1_fusion16_fusionL1_fusionBN0_drop0p1__wd1e-04trmiss40_trlocglobal,32,1e-05,0.0001,1,16,1,False,0.1,lr1e-05_bs32_modL1_fusion16_fusionL1_fusionBN0_drop0p1__wd1e-04trmiss40_trlocglobal,9,0.6811273892720541,0.7049969136714935,0.4821428571428572,0.5060686497665126,0.5333333333333333,0.0,0.0,0.0,0.0,0.0,0.0,0.0,0.0,0.0,,,,,18473,global,0.4
4,3,lr1e-05_bs32_modL1_fusion16_fusionL1_fusionBN0_drop0p1__wd1e-04trmiss40_trlocglobal,32,1e-05,0.0001,1,16,1,False,0.1,lr1e-05_bs32_modL1_fusion16_fusionL1_fusionBN0_drop0p1__wd1e-04trmiss40_trlocglobal,10,0.6803340514500936,0.7048983871936798,0.4781746031746032,0.5109847100687518,0.5333333333333333,0.0,0.0,0.0,0.0,0.0,0.0,0.0,0.0,0.0,,,,,18473,global,0.4
4,3,lr1e-05_bs32_modL1_fusion16_fusionL1_fusionBN0_drop0p1__wd1e-04trmiss40_trlocglobal,32,1e-05,0.0001,1,16,1,False,0.1,lr1e-05_bs32_modL1_fusion16_fusionL1_fusionBN0_drop0p1__wd1e-04trmiss40_trlocglobal,11,0.6739033758640289,0.704343169927597,0.48015873015873023,0.5087582687259311,0.5333333333333333,0.0,0.0,0.0,0.0,0.0,0.0,0.0,0.0,0.0,,,,,18473,global,0.4
4,3,lr1e-05_bs32_modL1_fusion16_fusionL1_fusionBN0_drop0p1__wd1e-04trmiss40_trlocglobal,32,1e-05,0.0001,1,16,1,False,0.1,lr1e-05_bs32_modL1_fusion16_fusionL1_fusionBN0_drop0p1__wd1e-04trmiss40_trlocglobal,12,0.6672488351662954,0.7040459513664246,0.48412698412698413,0.5108396568367309,0.5333333333333333,0.0,0.0,0.0,0.0,0.0,0.0,0.0,0.0,0.0,,,,,18473,global,0.4
4,3,lr1e-05_bs32_modL1_fusion16_fusionL1_fusionBN0_drop0p1__wd1e-04trmiss40_trlocglobal,32,1e-05,0.0001,1,16,1,False,0.1,lr1e-05_bs32_modL1_fusion16_fusionL1_fusionBN0_drop0p1__wd1e-04trmiss40_trlocglobal,13,0.6638360520203909,0.7040756344795227,0.4801587301587302,0.5091142888233305,0.5333333333333333,0.0,0.0,0.0,0.0,0.0,0.0,0.0,0.0,0.0,,,,,18473,global,0.4
4,3,lr1e-05_bs32_modL1_fusion16_fusionL1_fusionBN0_drop0p1__wd1e-04trmiss40_trlocglobal,32,1e-05,0.0001,1,16,1,False,0.1,lr1e-05_bs32_modL1_fusion16_fusionL1_fusionBN0_drop0p1__wd1e-04trmiss40_trlocglobal,14,0.6726701060930887,0.7037592232227325,0.48015873015873023,0.5144907307083931,0.5333333333333333,0.0,0.0,0.0,0.0,0.0,0.0,0.0,0.0,0.0,,,,,18473,global,0.4
4,3,lr1e-05_bs32_modL1_fusion16_fusionL1_fusionBN0_drop0p1__wd1e-04trmiss40_trlocglobal,32,1e-05,0.0001,1,16,1,False,0.1,lr1e-05_bs32_modL1_fusion16_fusionL1_fusionBN0_drop0p1__wd1e-04trmiss40_trlocglobal,15,0.6707031726837158,0.703462690114975,0.48809523809523814,0.519736941039439,0.5333333333333333,0.0,0.0,0.0,0.0,0.0,0.0,0.0,0.0,0.0,,,,,18473,global,0.4
4,3,lr1e-05_bs32_modL1_fusion16_fusionL1_fusionBN0_drop0p1__wd1e-04trmiss40_trlocglobal,32,1e-05,0.0001,1,16,1,False,0.1,lr1e-05_bs32_modL1_fusion16_fusionL1_fusionBN0_drop0p1__wd1e-04trmiss40_trlocglobal,16,0.6654392878214518,0.7036504447460175,0.5,0.5261614865661518,0.5333333333333333,0.0,0.0,0.0,0.0,0.0,0.0,0.0,0.0,0.0,,,,,18473,global,0.4
4,3,lr1e-05_bs32_modL1_fusion16_fusionL1_fusionBN0_drop0p1__wd1e-04trmiss40_trlocglobal,32,1e-05,0.0001,1,16,1,False,0.1,lr1e-05_bs32_modL1_fusion16_fusionL1_fusionBN0_drop0p1__wd1e-04trmiss40_trlocglobal,17,0.6710249980290731,0.7033204436302185,0.498015873015873,0.5253367429664721,0.5333333333333333,0.0,0.0,0.0,0.0,0.0,0.0,0.0,0.0,0.0,,,,,18473,global,0.4
4,3,lr1e-05_bs32_modL1_fusion16_fusionL1_fusionBN0_drop0p1__wd1e-04trmiss40_trlocglobal,32,1e-05,0.0001,1,16,1,False,0.1,lr1e-05_bs32_modL1_fusion16_fusionL1_fusionBN0_drop0p1__wd1e-04trmiss40_trlocglobal,18,0.6776894330978394,0.7030057311058044,0.498015873015873,0.5268702955662915,0.5333333333333333,0.0,0.0,0.0,0.0,0.0,0.0,0.0,0.0,0.0,,,,,18473,global,0.4
4,3,lr1e-05_bs32_modL1_fusion16_fusionL1_fusionBN0_drop0p1__wd1e-04trmiss40_trlocglobal,32,1e-05,0.0001,1,16,1,False,0.1,lr1e-05_bs32_modL1_fusion16_fusionL1_fusionBN0_drop0p1__wd1e-04trmiss40_trlocglobal,19,0.6663976609706879,0.702809751033783,0.49404761904761907,0.5249076164177471,0.5333333333333333,0.0,0.0,0.0,0.0,0.0,0.0,0.0,0.0,0.0,,,,,18473,global,0.4
4,3,lr1e-05_bs32_modL1_fusion16_fusionL1_fusionBN0_drop0p1__wd1e-04trmiss40_trlocglobal,32,1e-05,0.0001,1,16,1,False,0.1,lr1e-05_bs32_modL1_fusion16_fusionL1_fusionBN0_drop0p1__wd1e-04trmiss40_trlocglobal,20,0.6643247008323669,0.7027645707130432,0.49603174603174605,0.5248280970410522,0.5333333333333333,0.0,0.0,0.0,0.0,0.0,0.0,0.0,0.0,0.0,,,,,18473,global,0.4
4,3,lr1e-05_bs32_modL1_fusion16_fusionL1_fusionBN0_drop0p1__wd1e-04trmiss40_trlocglobal,32,1e-05,0.0001,1,16,1,False,0.1,lr1e-05_bs32_modL1_fusion16_fusionL1_fusionBN0_drop0p1__wd1e-04trmiss40_trlocglobal,21,0.6661744515101115,0.70279660820961,0.503968253968254,0.5300865216885641,0.5333333333333333,0.0,0.0,0.0,0.0,0.0,0.0,0.0,0.0,0.0,,,,,18473,global,0.4
4,3,lr1e-05_bs32_modL1_fusion16_fusionL1_fusionBN0_drop0p1__wd1e-04trmiss40_trlocglobal,32,1e-05,0.0001,1,16,1,False,0.1,lr1e-05_bs32_modL1_fusion16_fusionL1_fusionBN0_drop0p1__wd1e-04trmiss40_trlocglobal,22,0.6649569471677145,0.7028224766254425,0.5,0.5272410682617154,0.5333333333333333,0.0,0.0,0.0,0.0,0.0,0.0,0.0,0.0,0.0,,,,,18473,global,0.4
4,3,lr1e-05_bs32_modL1_fusion16_fusionL1_fusionBN0_drop0p1__wd1e-04trmiss40_trlocglobal,32,1e-05,0.0001,1,16,1,False,0.1,lr1e-05_bs32_modL1_fusion16_fusionL1_fusionBN0_drop0p1__wd1e-04trmiss40_trlocglobal,23,0.6688228249549866,0.7028785943984985,0.4900793650793651,0.5230190137377446,0.5333333333333333,0.0,0.0,0.0,0.0,0.0,0.0,0.0,0.0,0.0,,,,,18473,global,0.4
4,3,lr1e-05_bs32_modL1_fusion16_fusionL1_fusionBN0_drop0p1__wd1e-04trmiss40_trlocglobal,32,1e-05,0.0001,1,16,1,False,0.1,lr1e-05_bs32_modL1_fusion16_fusionL1_fusionBN0_drop0p1__wd1e-04trmiss40_trlocglobal,24,0.6640606025854746,0.702582597732544,0.5,0.5527801983567664,0.5333333333333333,0.0,0.0,0.0,0.0,0.0,0.0,0.0,0.0,0.0,,,,,18473,global,0.4
4,3,lr1e-05_bs32_modL1_fusion16_fusionL1_fusionBN0_drop0p1__wd1e-04trmiss40_trlocglobal,32,1e-05,0.0001,1,16,1,False,0.1,lr1e-05_bs32_modL1_fusion16_fusionL1_fusionBN0_drop0p1__wd1e-04trmiss40_trlocglobal,25,0.6584900220235189,0.7024886310100555,0.5059523809523809,0.5558829312811219,0.5333333333333333,0.0,0.0,0.0,0.0,0.0,0.0,0.0,0.0,0.0,,,,,18473,global,0.4
4,3,lr1e-05_bs32_modL1_fusion16_fusionL1_fusionBN0_drop0p1__wd1e-04trmiss40_trlocglobal,32,1e-05,0.0001,1,16,1,False,0.1,lr1e-05_bs32_modL1_fusion16_fusionL1_fusionBN0_drop0p1__wd1e-04trmiss40_trlocglobal,26,0.6540497342745463,0.7028324604034424,0.5079365079365079,0.5558982153790397,0.5333333333333333,0.0,0.0,0.0,0.0,0.0,0.0,0.0,0.0,0.0,,,,,18473,global,0.4
4,3,lr1e-05_bs32_modL1_fusion16_fusionL1_fusionBN0_drop0p1__wd1e-04trmiss40_trlocglobal,32,1e-05,0.0001,1,16,1,False,0.1,lr1e-05_bs32_modL1_fusion16_fusionL1_fusionBN0_drop0p1__wd1e-04trmiss40_trlocglobal,27,0.6593520641326904,0.7029967904090881,0.5,0.5516000024351911,0.5333333333333333,0.0,0.0,0.0,0.0,0.0,0.0,0.0,0.0,0.0,,,,,18473,global,0.4
4,3,lr1e-05_bs32_modL1_fusion16_fusionL1_fusionBN0_drop0p1__wd1e-04trmiss40_trlocglobal,32,1e-05,0.0001,1,16,1,False,0.1,lr1e-05_bs32_modL1_fusion16_fusionL1_fusionBN0_drop0p1__wd1e-04trmiss40_trlocglobal,28,0.657780518134435,0.7031043767929077,0.49404761904761907,0.5511283958535707,0.5333333333333333,0.0,0.0,0.0,0.0,0.0,0.0,0.0,0.0,0.0,,,,,18473,global,0.4
4,3,lr1e-05_bs32_modL1_fusion16_fusionL1_fusionBN0_drop0p1__wd1e-04trmiss40_trlocglobal,32,1e-05,0.0001,1,16,1,False,0.1,lr1e-05_bs32_modL1_fusion16_fusionL1_fusionBN0_drop0p1__wd1e-04trmiss40_trlocglobal,29,0.6555434763431549,0.7031923234462738,0.49404761904761907,0.5536689153516131,0.5333333333333333,0.0,0.0,0.0,0.0,0.0,0.0,0.0,0.0,0.0,,,,,18473,global,0.4
4,3,lr1e-05_bs32_modL1_fusion16_fusionL1_fusionBN0_drop0p1__wd1e-04trmiss40_trlocglobal,32,1e-05,0.0001,1,16,1,False,0.1,lr1e-05_bs32_modL1_fusion16_fusionL1_fusionBN0_drop0p1__wd1e-04trmiss40_trlocglobal,30,0.6531676153341929,0.7032442092895508,0.49603174603174605,0.5537342952957118,0.5333333333333333,0.0,0.0,0.0,0.0,0.0,0.0,0.0,0.0,0.0,,,,,18473,global,0.4
4,3,lr1e-05_bs32_modL1_fusion16_fusionL1_fusionBN0_drop0p1__wd1e-04trmiss40_trlocglobal,32,1e-05,0.0001,1,16,1,False,0.1,lr1e-05_bs32_modL1_fusion16_fusionL1_fusionBN0_drop0p1__wd1e-04trmiss40_trlocglobal,31,0.65655584136645,0.7031433880329132,0.498015873015873,0.5552309507687605,0.5333333333333333,0.0,0.0,0.0,0.0,0.0,0.0,0.0,0.0,0.0,,,,,18473,global,0.4
4,3,lr1e-05_bs32_modL1_fusion16_fusionL1_fusionBN0_drop0p1__wd1e-04trmiss40_trlocglobal,32,1e-05,0.0001,1,16,1,False,0.1,lr1e-05_bs32_modL1_fusion16_fusionL1_fusionBN0_drop0p1__wd1e-04trmiss40_trlocglobal,32,0.6496222913265228,0.7028588354587555,0.49603174603174605,0.556487922699606,0.5333333333333333,0.0,0.0,0.0,0.0,0.0,0.0,0.0,0.0,0.0,,,,,18473,global,0.4
4,3,lr1e-05_bs32_modL1_fusion16_fusionL1_fusionBN0_drop0p1__wd1e-04trmiss40_trlocglobal,32,1e-05,0.0001,1,16,1,False,0.1,lr1e-05_bs32_modL1_fusion16_fusionL1_fusionBN0_drop0p1__wd1e-04trmiss40_trlocglobal,33,0.654979000488917,0.7029649317264557,0.501984126984127,0.5607935582116368,0.5333333333333333,0.0,0.0,0.0,0.0,0.0,0.0,0.0,0.0,0.0,,,,,18473,global,0.4
4,3,lr1e-05_bs32_modL1_fusion16_fusionL1_fusionBN0_drop0p1__wd1e-04trmiss40_trlocglobal,32,1e-05,0.0001,1,16,1,False,0.1,lr1e-05_bs32_modL1_fusion16_fusionL1_fusionBN0_drop0p1__wd1e-04trmiss40_trlocglobal,34,0.6538537840048472,0.7029062509536743,0.5059523809523809,0.5655858505039292,0.5333333333333333,0.0,0.0,0.0,0.0,0.0,0.0,0.0,0.0,0.0,,,,,18473,global,0.4
4,3,lr1e-05_bs32_modL1_fusion16_fusionL1_fusionBN0_drop0p1__wd1e-04trmiss40_trlocglobal,32,1e-05,0.0001,1,16,1,False,0.1,lr1e-05_bs32_modL1_fusion16_fusionL1_fusionBN0_drop0p1__wd1e-04trmiss40_trlocglobal,35,0.6521808405717214,0.702522873878479,0.5059523809523809,0.5618334537092378,0.5333333333333333,0.0,0.0,0.0,0.0,0.0,0.0,0.0,0.0,0.0,,,,,18473,global,0.4
4,3,lr1e-05_bs32_modL1_fusion16_fusionL1_fusionBN0_drop0p1__wd1e-04trmiss40_trlocglobal,32,1e-05,0.0001,1,16,1,False,0.1,lr1e-05_bs32_modL1_fusion16_fusionL1_fusionBN0_drop0p1__wd1e-04trmiss40_trlocglobal,36,0.6516653498013815,0.7025969624519348,0.5119047619047619,0.568838097672086,0.5333333333333333,0.0,0.0,0.0,0.0,0.0,0.0,0.0,0.0,0.0,,,,,18473,global,0.4
4,3,lr1e-05_bs32_modL1_fusion16_fusionL1_fusionBN0_drop0p1__wd1e-04trmiss40_trlocglobal,32,1e-05,0.0001,1,16,1,False,0.1,lr1e-05_bs32_modL1_fusion16_fusionL1_fusionBN0_drop0p1__wd1e-04trmiss40_trlocglobal,37,0.6521339317162832,0.7027719914913177,0.5059523809523809,0.5643550729807281,0.5333333333333333,0.0,0.0,0.0,0.0,0.0,0.0,0.0,0.0,0.0,,,,,18473,global,0.4
4,3,lr1e-05_bs32_modL1_fusion16_fusionL1_fusionBN0_drop0p1__wd1e-04trmiss40_trlocglobal,32,1e-05,0.0001,1,16,1,False,0.1,lr1e-05_bs32_modL1_fusion16_fusionL1_fusionBN0_drop0p1__wd1e-04trmiss40_trlocglobal,38,0.6474871834119161,0.7023322284221649,0.498015873015873,0.5659478526465738,0.5333333333333333,0.0,0.0,0.0,0.0,0.0,0.0,0.0,0.0,0.0,,,,,18473,global,0.4
4,3,lr1e-05_bs32_modL1_fusion16_fusionL1_fusionBN0_drop0p1__wd1e-04trmiss40_trlocglobal,32,1e-05,0.0001,1,16,1,False,0.1,lr1e-05_bs32_modL1_fusion16_fusionL1_fusionBN0_drop0p1__wd1e-04trmiss40_trlocglobal,39,0.6541897058486938,0.7024522125720978,0.49404761904761907,0.5621842551329763,0.5333333333333333,0.0,0.0,0.0,0.0,0.0,0.0,0.0,0.0,0.0,,,,,18473,global,0.4
4,3,lr1e-05_bs32_modL1_fusion16_fusionL1_fusionBN0_drop0p1__wd1e-04trmiss40_trlocglobal,32,1e-05,0.0001,1,16,1,False,0.1,lr1e-05_bs32_modL1_fusion16_fusionL1_fusionBN0_drop0p1__wd1e-04trmiss40_trlocglobal,40,0.6490595738093058,0.7022121250629425,0.49603174603174605,0.5627451525688737,0.5333333333333333,0.0,0.0,0.0,0.0,0.0,0.0,0.0,0.0,0.0,,,,,18473,global,0.4
4,3,lr1e-05_bs32_modL1_fusion16_fusionL1_fusionBN0_drop0p1__wd1e-04trmiss40_trlocglobal,32,1e-05,0.0001,1,16,1,False,0.1,lr1e-05_bs32_modL1_fusion16_fusionL1_fusionBN0_drop0p1__wd1e-04trmiss40_trlocglobal,41,0.6445347766081492,0.7023583650588989,0.498015873015873,0.5643985511520968,0.5333333333333333,0.0,0.0,0.0,0.0,0.0,0.0,0.0,0.0,0.0,,,,,18473,global,0.4
4,3,lr1e-05_bs32_modL1_fusion16_fusionL1_fusionBN0_drop0p1__wd1e-04trmiss40_trlocglobal,32,1e-05,0.0001,1,16,1,False,0.1,lr1e-05_bs32_modL1_fusion16_fusionL1_fusionBN0_drop0p1__wd1e-04trmiss40_trlocglobal,42,0.6456790864467621,0.7026146352291107,0.49404761904761907,0.563620042380167,0.5333333333333333,0.0,0.0,0.0,0.0,0.0,0.0,0.0,0.0,0.0,,,,,18473,global,0.4
4,3,lr1e-05_bs32_modL1_fusion16_fusionL1_fusionBN0_drop0p1__wd1e-04trmiss40_trlocglobal,32,1e-05,0.0001,1,16,1,False,0.1,lr1e-05_bs32_modL1_fusion16_fusionL1_fusionBN0_drop0p1__wd1e-04trmiss40_trlocglobal,43,0.6489868561426798,0.7025557458400726,0.49603174603174605,0.5646311300908383,0.5333333333333333,0.0,0.0,0.0,0.0,0.0,0.0,0.0,0.0,0.0,,,,,18473,global,0.4
4,3,lr1e-05_bs32_modL1_fusion16_fusionL1_fusionBN0_drop0p1__wd1e-04trmiss40_trlocglobal,32,1e-05,0.0001,1,16,1,False,0.1,lr1e-05_bs32_modL1_fusion16_fusionL1_fusionBN0_drop0p1__wd1e-04trmiss40_trlocglobal,44,0.6543486515680949,0.7026605308055878,0.5,0.5663544290948169,0.5333333333333333,0.0,0.0,0.0,0.0,0.0,0.0,0.0,0.0,0.0,,,,,18473,global,0.4
4,3,lr1e-05_bs32_modL1_fusion16_fusionL1_fusionBN0_drop0p1__wd1e-04trmiss40_trlocglobal,32,1e-05,0.0001,1,16,1,False,0.1,lr1e-05_bs32_modL1_fusion16_fusionL1_fusionBN0_drop0p1__wd1e-04trmiss40_trlocglobal,45,0.6494185030460358,0.7023604214191437,0.501984126984127,0.5692256867687283,0.5333333333333333,0.0,0.0,0.0,0.0,0.0,0.0,0.0,0.0,0.0,,,,,18473,global,0.4
4,3,lr1e-05_bs32_modL1_fusion16_fusionL1_fusionBN0_drop0p1__wd1e-04trmiss40_trlocglobal,32,1e-05,0.0001,1,16,1,False,0.1,lr1e-05_bs32_modL1_fusion16_fusionL1_fusionBN0_drop0p1__wd1e-04trmiss40_trlocglobal,46,0.6445280313491821,0.7023678421974182,0.501984126984127,0.5700005926906931,0.5333333333333333,0.0,0.0,0.0,0.0,0.0,0.0,0.0,0.0,0.0,,,,,18473,global,0.4
4,3,lr1e-05_bs32_modL1_fusion16_fusionL1_fusionBN0_drop0p1__wd1e-04trmiss40_trlocglobal,32,1e-05,0.0001,1,16,1,False,0.1,lr1e-05_bs32_modL1_fusion16_fusionL1_fusionBN0_drop0p1__wd1e-04trmiss40_trlocglobal,47,0.6450374921162924,0.7020078301429749,0.501984126984127,0.5692256867687283,0.5333333333333333,0.0,0.0,0.0,0.0,0.0,0.0,0.0,0.0,0.0,,,,,18473,global,0.4
4,3,lr1e-05_bs32_modL1_fusion16_fusionL1_fusionBN0_drop0p1__wd1e-04trmiss40_trlocglobal,32,1e-05,0.0001,1,16,1,False,0.1,lr1e-05_bs32_modL1_fusion16_fusionL1_fusionBN0_drop0p1__wd1e-04trmiss40_trlocglobal,48,0.6413560112317404,0.7016766667366028,0.5,0.5700418292515375,0.5333333333333333,0.0,0.0,0.0,0.0,0.0,0.0,0.0,0.0,0.0,,,,,18473,global,0.4
4,3,lr1e-05_bs32_modL1_fusion16_fusionL1_fusionBN0_drop0p1__wd1e-04trmiss40_trlocglobal,32,1e-05,0.0001,1,16,1,False,0.1,lr1e-05_bs32_modL1_fusion16_fusionL1_fusionBN0_drop0p1__wd1e-04trmiss40_trlocglobal,49,0.6459112366040548,0.7017717659473419,0.5,0.5712806331219203,0.5333333333333333,0.0,0.0,0.0,0.0,0.0,0.0,0.0,0.0,0.0,,,,,18473,global,0.4
4,3,lr1e-05_bs32_modL1_fusion16_fusionL1_fusionBN0_drop0p1__wd1e-04trmiss40_trlocglobal,32,1e-05,0.0001,1,16,1,False,0.1,lr1e-05_bs32_modL1_fusion16_fusionL1_fusionBN0_drop0p1__wd1e-04trmiss40_trlocglobal,50,0.6415534516175588,0.7016434073448181,0.49603174603174605,0.5679513099396559,0.5333333333333333,0.0,0.0,0.0,0.0,0.0,0.0,0.0,0.0,0.0,,,,,18473,global,0.4
4,3,lr1e-05_bs32_modL1_fusion16_fusionL1_fusionBN0_drop0p1__wd1e-04trmiss40_trlocglobal,32,1e-05,0.0001,1,16,1,False,0.1,lr1e-05_bs32_modL1_fusion16_fusionL1_fusionBN0_drop0p1__wd1e-04trmiss40_trlocglobal,51,0.6422132253646851,0.7013584971427917,0.503968253968254,0.5740511265174137,0.5333333333333333,0.0,0.0,0.0,0.0,0.0,0.0,0.0,0.0,0.0,,,,,18473,global,0.4
4,3,lr1e-05_bs32_modL1_fusion16_fusionL1_fusionBN0_drop0p1__wd1e-04trmiss40_trlocglobal,32,1e-05,0.0001,1,16,1,False,0.1,lr1e-05_bs32_modL1_fusion16_fusionL1_fusionBN0_drop0p1__wd1e-04trmiss40_trlocglobal,52,0.6496892968813578,0.7012968063354492,0.5099206349206349,0.5800658330255413,0.5333333333333333,0.0,0.0,0.0,0.0,0.0,0.0,0.0,0.0,0.0,,,,,18473,global,0.4
4,3,lr1e-05_bs32_modL1_fusion16_fusionL1_fusionBN0_drop0p1__wd1e-04trmiss40_trlocglobal,32,1e-05,0.0001,1,16,1,False,0.1,lr1e-05_bs32_modL1_fusion16_fusionL1_fusionBN0_drop0p1__wd1e-04trmiss40_trlocglobal,53,0.6499911149342855,0.7015977799892426,0.509920634920635,0.5786310190907273,0.5333333333333333,0.0,0.0,0.0,0.0,0.0,0.0,0.0,0.0,0.0,,,,,18473,global,0.4
4,3,lr1e-05_bs32_modL1_fusion16_fusionL1_fusionBN0_drop0p1__wd1e-04trmiss40_trlocglobal,32,1e-05,0.0001,1,16,1,False,0.1,lr1e-05_bs32_modL1_fusion16_fusionL1_fusionBN0_drop0p1__wd1e-04trmiss40_trlocglobal,54,0.65095454454422,0.7017033398151398,0.5059523809523809,0.5732652402335692,0.5333333333333333,0.0,0.0,0.0,0.0,0.0,0.0,0.0,0.0,0.0,,,,,18473,global,0.4
4,3,lr1e-05_bs32_modL1_fusion16_fusionL1_fusionBN0_drop0p1__wd1e-04trmiss40_trlocglobal,32,1e-05,0.0001,1,16,1,False,0.1,lr1e-05_bs32_modL1_fusion16_fusionL1_fusionBN0_drop0p1__wd1e-04trmiss40_trlocglobal,55,0.6492542624473572,0.7019189894199371,0.501984126984127,0.5715198873852751,0.5333333333333333,0.0,0.0,0.0,0.0,0.0,0.0,0.0,0.0,0.0,,,,,18473,global,0.4
4,3,lr1e-05_bs32_modL1_fusion16_fusionL1_fusionBN0_drop0p1__wd1e-04trmiss40_trlocglobal,32,1e-05,0.0001,1,16,1,False,0.1,lr1e-05_bs32_modL1_fusion16_fusionL1_fusionBN0_drop0p1__wd1e-04trmiss40_trlocglobal,56,0.638992706934611,0.7014746069908142,0.5,0.5717590098941345,0.5333333333333333,0.0,0.0,0.0,0.0,0.0,0.0,0.0,0.0,0.0,,,,,18473,global,0.4
4,3,lr1e-05_bs32_modL1_fusion32_fusionL1_fusionBN0_drop0p2__wd1e-04trmiss40_trlocglobal,32,1e-05,0.0001,1,32,1,False,0.2,lr1e-05_bs32_modL1_fusion32_fusionL1_fusionBN0_drop0p2__wd1e-04trmiss40_trlocglobal,1,0.6940543552239736,0.6967391669750214,0.4464285714285714,0.5044611720911814,0.4222222222222222,0.0,0.0,0.0,0.0,0.0,0.0,0.0,0.0,0.0,,,,,18473,global,0.4
4,3,lr1e-05_bs32_modL1_fusion32_fusionL1_fusionBN0_drop0p2__wd1e-04trmiss40_trlocglobal,32,1e-05,0.0001,1,32,1,False,0.2,lr1e-05_bs32_modL1_fusion32_fusionL1_fusionBN0_drop0p2__wd1e-04trmiss40_trlocglobal,2,0.6977607210477194,0.6964398920536041,0.4662698412698413,0.5163394804970057,0.4666666666666667,0.0,0.0,0.0,0.0,0.0,0.0,0.0,0.0,0.0,,,,,18473,global,0.4
4,3,lr1e-05_bs32_modL1_fusion32_fusionL1_fusionBN0_drop0p2__wd1e-04trmiss40_trlocglobal,32,1e-05,0.0001,1,32,1,False,0.2,lr1e-05_bs32_modL1_fusion32_fusionL1_fusionBN0_drop0p2__wd1e-04trmiss40_trlocglobal,3,0.6927626232306162,0.6967687010765076,0.4742063492063492,0.5167537289876113,0.5333333333333333,0.0,0.0,0.0,0.0,0.0,0.0,0.0,0.0,0.0,,,,,18473,global,0.4
4,3,lr1e-05_bs32_modL1_fusion32_fusionL1_fusionBN0_drop0p2__wd1e-04trmiss40_trlocglobal,32,1e-05,0.0001,1,32,1,False,0.2,lr1e-05_bs32_modL1_fusion32_fusionL1_fusionBN0_drop0p2__wd1e-04trmiss40_trlocglobal,4,0.6877262790997823,0.6970962584018707,0.4742063492063492,0.5237647258882032,0.5555555555555556,0.0,0.0,0.0,0.0,0.0,0.0,0.0,0.0,0.0,,,,,18473,global,0.4
4,3,lr1e-05_bs32_modL1_fusion32_fusionL1_fusionBN0_drop0p2__wd1e-04trmiss40_trlocglobal,32,1e-05,0.0001,1,32,1,False,0.2,lr1e-05_bs32_modL1_fusion32_fusionL1_fusionBN0_drop0p2__wd1e-04trmiss40_trlocglobal,5,0.701679656902949,0.6975546777248383,0.47420634920634924,0.5309382088148955,0.5333333333333333,0.0,0.0,0.0,0.0,0.0,0.0,0.0,0.0,0.0,,,,,18473,global,0.4
4,3,lr1e-05_bs32_modL1_fusion32_fusionL1_fusionBN0_drop0p2__wd1e-04trmiss40_trlocglobal,32,1e-05,0.0001,1,32,1,False,0.2,lr1e-05_bs32_modL1_fusion32_fusionL1_fusionBN0_drop0p2__wd1e-04trmiss40_trlocglobal,6,0.6990702847639719,0.6978872120380402,0.4722222222222222,0.5317667073068717,0.5333333333333333,0.0,0.0,0.0,0.0,0.0,0.0,0.0,0.0,0.0,,,,,18473,global,0.4
4,3,lr1e-05_bs32_modL1_fusion32_fusionL1_fusionBN0_drop0p2__wd1e-04trmiss40_trlocglobal,32,1e-05,0.0001,1,32,1,False,0.2,lr1e-05_bs32_modL1_fusion32_fusionL1_fusionBN0_drop0p2__wd1e-04trmiss40_trlocglobal,7,0.6841929256916046,0.6981289684772491,0.47619047619047616,0.5338063737481609,0.5333333333333333,0.0,0.0,0.0,0.0,0.0,0.0,0.0,0.0,0.0,,,,,18473,global,0.4
4,3,lr1e-05_bs32_modL1_fusion32_fusionL1_fusionBN0_drop0p2__wd1e-04trmiss40_trlocglobal,32,1e-05,0.0001,1,32,1,False,0.2,lr1e-05_bs32_modL1_fusion32_fusionL1_fusionBN0_drop0p2__wd1e-04trmiss40_trlocglobal,8,0.6899641454219818,0.6981270015239716,0.47817460317460325,0.534793215853424,0.5333333333333333,0.0,0.0,0.0,0.0,0.0,0.0,0.0,0.0,0.0,,,,,18473,global,0.4
4,3,lr1e-05_bs32_modL1_fusion32_fusionL1_fusionBN0_drop0p2__wd1e-04trmiss40_trlocglobal,32,1e-05,0.0001,1,32,1,False,0.2,lr1e-05_bs32_modL1_fusion32_fusionL1_fusionBN0_drop0p2__wd1e-04trmiss40_trlocglobal,9,0.6829557220141093,0.6979192197322845,0.4841269841269842,0.5375158200466165,0.5333333333333333,0.0,0.0,0.0,0.0,0.0,0.0,0.0,0.0,0.0,,,,,18473,global,0.4
4,3,lr1e-05_bs32_modL1_fusion32_fusionL1_fusionBN0_drop0p2__wd1e-04trmiss40_trlocglobal,32,1e-05,0.0001,1,32,1,False,0.2,lr1e-05_bs32_modL1_fusion32_fusionL1_fusionBN0_drop0p2__wd1e-04trmiss40_trlocglobal,10,0.6895619630813599,0.697418749332428,0.48809523809523814,0.5398083304946147,0.5333333333333333,0.0,0.0,0.0,0.0,0.0,0.0,0.0,0.0,0.0,,,,,18473,global,0.4
4,3,lr1e-05_bs32_modL1_fusion32_fusionL1_fusionBN0_drop0p2__wd1e-04trmiss40_trlocglobal,32,1e-05,0.0001,1,32,1,False,0.2,lr1e-05_bs32_modL1_fusion32_fusionL1_fusionBN0_drop0p2__wd1e-04trmiss40_trlocglobal,11,0.6747441291809082,0.6971943080425262,0.48809523809523814,0.5397421929284771,0.5333333333333333,0.0,0.0,0.0,0.0,0.0,0.0,0.0,0.0,0.0,,,,,18473,global,0.4
4,3,lr1e-05_bs32_modL1_fusion32_fusionL1_fusionBN0_drop0p2__wd1e-04trmiss40_trlocglobal,32,1e-05,0.0001,1,32,1,False,0.2,lr1e-05_bs32_modL1_fusion32_fusionL1_fusionBN0_drop0p2__wd1e-04trmiss40_trlocglobal,12,0.6827026605606079,0.6970199644565582,0.4841269841269842,0.5375246392403352,0.5333333333333333,0.0,0.0,0.0,0.0,0.0,0.0,0.0,0.0,0.0,,,,,18473,global,0.4
4,3,lr1e-05_bs32_modL1_fusion32_fusionL1_fusionBN0_drop0p2__wd1e-04trmiss40_trlocglobal,32,1e-05,0.0001,1,32,1,False,0.2,lr1e-05_bs32_modL1_fusion32_fusionL1_fusionBN0_drop0p2__wd1e-04trmiss40_trlocglobal,13,0.6853803296883901,0.6968454122543335,0.4880952380952381,0.5388252848666388,0.5333333333333333,0.0,0.0,0.0,0.0,0.0,0.0,0.0,0.0,0.0,,,,,18473,global,0.4
4,3,lr1e-05_bs32_modL1_fusion32_fusionL1_fusionBN0_drop0p2__wd1e-04trmiss40_trlocglobal,32,1e-05,0.0001,1,32,1,False,0.2,lr1e-05_bs32_modL1_fusion32_fusionL1_fusionBN0_drop0p2__wd1e-04trmiss40_trlocglobal,14,0.6750164230664571,0.6962219774723053,0.498015873015873,0.5635698994450129,0.5333333333333333,0.0,0.0,0.0,0.0,0.0,0.0,0.0,0.0,0.0,,,,,18473,global,0.4
4,3,lr1e-05_bs32_modL1_fusion32_fusionL1_fusionBN0_drop0p2__wd1e-04trmiss40_trlocglobal,32,1e-05,0.0001,1,32,1,False,0.2,lr1e-05_bs32_modL1_fusion32_fusionL1_fusionBN0_drop0p2__wd1e-04trmiss40_trlocglobal,15,0.6786034206549326,0.6959793865680695,0.49801587301587313,0.5614540805514059,0.5111111111111111,0.0,0.0,0.0,0.0,0.0,0.0,0.0,0.0,0.0,,,,,18473,global,0.4
4,3,lr1e-05_bs32_modL1_fusion32_fusionL1_fusionBN0_drop0p2__wd1e-04trmiss40_trlocglobal,32,1e-05,0.0001,1,32,1,False,0.2,lr1e-05_bs32_modL1_fusion32_fusionL1_fusionBN0_drop0p2__wd1e-04trmiss40_trlocglobal,16,0.6699303587277731,0.6954053342342377,0.501984126984127,0.5696240151919288,0.5333333333333333,0.0,0.0,0.0,0.0,0.0,0.0,0.0,0.0,0.0,,,,,18473,global,0.4
4,3,lr1e-05_bs32_modL1_fusion32_fusionL1_fusionBN0_drop0p2__wd1e-04trmiss40_trlocglobal,32,1e-05,0.0001,1,32,1,False,0.2,lr1e-05_bs32_modL1_fusion32_fusionL1_fusionBN0_drop0p2__wd1e-04trmiss40_trlocglobal,17,0.6778144836425781,0.6951753795146942,0.509920634920635,0.5733984402187258,0.5555555555555556,0.0,0.0,0.0,0.0,0.0,0.0,0.0,0.0,0.0,,,,,18473,global,0.4
4,3,lr1e-05_bs32_modL1_fusion32_fusionL1_fusionBN0_drop0p2__wd1e-04trmiss40_trlocglobal,32,1e-05,0.0001,1,32,1,False,0.2,lr1e-05_bs32_modL1_fusion32_fusionL1_fusionBN0_drop0p2__wd1e-04trmiss40_trlocglobal,18,0.6736833453178406,0.6952162981033325,0.501984126984127,0.5701831713576768,0.5555555555555556,0.0,0.0,0.0,0.0,0.0,0.0,0.0,0.0,0.0,,,,,18473,global,0.4
4,3,lr1e-05_bs32_modL1_fusion32_fusionL1_fusionBN0_drop0p2__wd1e-04trmiss40_trlocglobal,32,1e-05,0.0001,1,32,1,False,0.2,lr1e-05_bs32_modL1_fusion32_fusionL1_fusionBN0_drop0p2__wd1e-04trmiss40_trlocglobal,19,0.6738609274228414,0.6946398019790649,0.5059523809523809,0.5717915343998634,0.5777777777777777,0.0,0.0,0.0,0.0,0.0,0.0,0.0,0.0,0.0,,,,,18473,global,0.4
4,3,lr1e-05_bs32_modL1_fusion32_fusionL1_fusionBN0_drop0p2__wd1e-04trmiss40_trlocglobal,32,1e-05,0.0001,1,32,1,False,0.2,lr1e-05_bs32_modL1_fusion32_fusionL1_fusionBN0_drop0p2__wd1e-04trmiss40_trlocglobal,20,0.6669529974460602,0.6944802701473236,0.5079365079365079,0.5729142021034392,0.5555555555555556,0.0,0.0,0.0,0.0,0.0,0.0,0.0,0.0,0.0,,,,,18473,global,0.4
4,3,lr1e-05_bs32_modL1_fusion32_fusionL1_fusionBN0_drop0p2__wd1e-04trmiss40_trlocglobal,32,1e-05,0.0001,1,32,1,False,0.2,lr1e-05_bs32_modL1_fusion32_fusionL1_fusionBN0_drop0p2__wd1e-04trmiss40_trlocglobal,21,0.6648618578910828,0.6943767964839935,0.5079365079365079,0.5701364243256615,0.5555555555555556,0.0,0.0,0.0,0.0,0.0,0.0,0.0,0.0,0.0,,,,,18473,global,0.4
4,3,lr1e-05_bs32_modL1_fusion32_fusionL1_fusionBN0_drop0p2__wd1e-04trmiss40_trlocglobal,32,1e-05,0.0001,1,32,1,False,0.2,lr1e-05_bs32_modL1_fusion32_fusionL1_fusionBN0_drop0p2__wd1e-04trmiss40_trlocglobal,22,0.6667866706848145,0.6938821971416473,0.5059523809523809,0.5686028187484101,0.5555555555555556,0.0,0.0,0.0,0.0,0.0,0.0,0.0,0.0,0.0,,,,,18473,global,0.4
4,3,lr1e-05_bs32_modL1_fusion32_fusionL1_fusionBN0_drop0p2__wd1e-04trmiss40_trlocglobal,32,1e-05,0.0001,1,32,1,False,0.2,lr1e-05_bs32_modL1_fusion32_fusionL1_fusionBN0_drop0p2__wd1e-04trmiss40_trlocglobal,23,0.6730709175268809,0.6936273872852325,0.503968253968254,0.5704591163927513,0.5555555555555556,0.0,0.0,0.0,0.0,0.0,0.0,0.0,0.0,0.0,,,,,18473,global,0.4
4,3,lr1e-05_bs32_modL1_fusion32_fusionL1_fusionBN0_drop0p2__wd1e-04trmiss40_trlocglobal,32,1e-05,0.0001,1,32,1,False,0.2,lr1e-05_bs32_modL1_fusion32_fusionL1_fusionBN0_drop0p2__wd1e-04trmiss40_trlocglobal,24,0.6636505921681722,0.6933456361293793,0.503968253968254,0.5676354930437117,0.5555555555555556,0.0,0.0,0.0,0.0,0.0,0.0,0.0,0.0,0.0,,,,,18473,global,0.4
4,3,lr1e-05_bs32_modL1_fusion32_fusionL1_fusionBN0_drop0p2__wd1e-04trmiss40_trlocglobal,32,1e-05,0.0001,1,32,1,False,0.2,lr1e-05_bs32_modL1_fusion32_fusionL1_fusionBN0_drop0p2__wd1e-04trmiss40_trlocglobal,25,0.6632322172323862,0.6931437849998474,0.501984126984127,0.569821705675791,0.5555555555555556,0.0,0.0,0.0,0.0,0.0,0.0,0.0,0.0,0.0,,,,,18473,global,0.4
4,3,lr1e-05_bs32_modL1_fusion32_fusionL1_fusionBN0_drop0p2__wd1e-04trmiss40_trlocglobal,32,1e-05,0.0001,1,32,1,False,0.2,lr1e-05_bs32_modL1_fusion32_fusionL1_fusionBN0_drop0p2__wd1e-04trmiss40_trlocglobal,26,0.6652498046557108,0.6929999887943268,0.5,0.5699032745325616,0.5555555555555556,0.0,0.0,0.0,0.0,0.0,0.0,0.0,0.0,0.0,,,,,18473,global,0.4
4,3,lr1e-05_bs32_modL1_fusion32_fusionL1_fusionBN0_drop0p2__wd1e-04trmiss40_trlocglobal,32,1e-05,0.0001,1,32,1,False,0.2,lr1e-05_bs32_modL1_fusion32_fusionL1_fusionBN0_drop0p2__wd1e-04trmiss40_trlocglobal,27,0.6662610073884329,0.6927335262298584,0.5119047619047619,0.5710857555535718,0.5555555555555556,0.0,0.0,0.0,0.0,0.0,0.0,0.0,0.0,0.0,,,,,18473,global,0.4
4,3,lr1e-05_bs32_modL1_fusion32_fusionL1_fusionBN0_drop0p2__wd1e-04trmiss40_trlocglobal,32,1e-05,0.0001,1,32,1,False,0.2,lr1e-05_bs32_modL1_fusion32_fusionL1_fusionBN0_drop0p2__wd1e-04trmiss40_trlocglobal,28,0.6632504959901174,0.6925942599773407,0.509920634920635,0.5734380405679236,0.5555555555555556,0.0,0.0,0.0,0.0,0.0,0.0,0.0,0.0,0.0,,,,,18473,global,0.4
4,3,lr1e-05_bs32_modL1_fusion32_fusionL1_fusionBN0_drop0p2__wd1e-04trmiss40_trlocglobal,32,1e-05,0.0001,1,32,1,False,0.2,lr1e-05_bs32_modL1_fusion32_fusionL1_fusionBN0_drop0p2__wd1e-04trmiss40_trlocglobal,29,0.6598325669765472,0.6927977204322815,0.5039682539682541,0.5720236382605303,0.5555555555555556,0.0,0.0,0.0,0.0,0.0,0.0,0.0,0.0,0.0,,,,,18473,global,0.4
4,3,lr1e-05_bs32_modL1_fusion32_fusionL1_fusionBN0_drop0p2__wd1e-04trmiss40_trlocglobal,32,1e-05,0.0001,1,32,1,False,0.2,lr1e-05_bs32_modL1_fusion32_fusionL1_fusionBN0_drop0p2__wd1e-04trmiss40_trlocglobal,30,0.6620277166366577,0.6925765573978424,0.503968253968254,0.5846870369533407,0.5555555555555556,0.0,0.0,0.0,0.0,0.0,0.0,0.0,0.0,0.0,,,,,18473,global,0.4
4,3,lr1e-05_bs32_modL1_fusion32_fusionL1_fusionBN0_drop0p2__wd1e-04trmiss40_trlocglobal,32,1e-05,0.0001,1,32,1,False,0.2,lr1e-05_bs32_modL1_fusion32_fusionL1_fusionBN0_drop0p2__wd1e-04trmiss40_trlocglobal,31,0.6546419958273569,0.6924020648002625,0.5158730158730158,0.5897566852055337,0.5555555555555556,0.0,0.0,0.0,0.0,0.0,0.0,0.0,0.0,0.0,,,,,18473,global,0.4
4,3,lr1e-05_bs32_modL1_fusion32_fusionL1_fusionBN0_drop0p2__wd1e-04trmiss40_trlocglobal,32,1e-05,0.0001,1,32,1,False,0.2,lr1e-05_bs32_modL1_fusion32_fusionL1_fusionBN0_drop0p2__wd1e-04trmiss40_trlocglobal,32,0.6596290171146393,0.6927589476108551,0.509920634920635,0.5873835423912144,0.5555555555555556,0.0,0.0,0.0,0.0,0.0,0.0,0.0,0.0,0.0,,,,,18473,global,0.4
4,3,lr1e-05_bs32_modL1_fusion32_fusionL1_fusionBN0_drop0p2__wd1e-04trmiss40_trlocglobal,32,1e-05,0.0001,1,32,1,False,0.2,lr1e-05_bs32_modL1_fusion32_fusionL1_fusionBN0_drop0p2__wd1e-04trmiss40_trlocglobal,33,0.654202957948049,0.6921035647392273,0.5059523809523809,0.585646213810881,0.5555555555555556,0.0,0.0,0.0,0.0,0.0,0.0,0.0,0.0,0.0,,,,,18473,global,0.4
4,3,lr1e-05_bs32_modL1_fusion32_fusionL1_fusionBN0_drop0p2__wd1e-04trmiss40_trlocglobal,32,1e-05,0.0001,1,32,1,False,0.2,lr1e-05_bs32_modL1_fusion32_fusionL1_fusionBN0_drop0p2__wd1e-04trmiss40_trlocglobal,34,0.6561505595842997,0.6923377811908722,0.5099206349206349,0.5875997162263399,0.5555555555555556,0.0,0.0,0.0,0.0,0.0,0.0,0.0,0.0,0.0,,,,,18473,global,0.4
4,3,lr1e-05_bs32_modL1_fusion32_fusionL1_fusionBN0_drop0p2__wd1e-04trmiss40_trlocglobal,32,1e-05,0.0001,1,32,1,False,0.2,lr1e-05_bs32_modL1_fusion32_fusionL1_fusionBN0_drop0p2__wd1e-04trmiss40_trlocglobal,35,0.6664235393206278,0.6924045383930206,0.5079365079365079,0.5871882407074469,0.5555555555555556,0.0,0.0,0.0,0.0,0.0,0.0,0.0,0.0,0.0,,,,,18473,global,0.4
4,3,lr1e-05_bs32_modL1_fusion32_fusionL1_fusionBN0_drop0p2__wd1e-04trmiss40_trlocglobal,32,1e-05,0.0001,1,32,1,False,0.2,lr1e-05_bs32_modL1_fusion32_fusionL1_fusionBN0_drop0p2__wd1e-04trmiss40_trlocglobal,36,0.6535325348377228,0.6926682591438293,0.5059523809523809,0.586322202672317,0.5555555555555556,0.0,0.0,0.0,0.0,0.0,0.0,0.0,0.0,0.0,,,,,18473,global,0.4
4,3,lr1e-05_bs32_modL1_fusion32_fusionL1_fusionBN0_drop0p2__wd1e-04trmiss40_trlocglobal,32,1e-05,0.0001,1,32,1,False,0.2,lr1e-05_bs32_modL1_fusion32_fusionL1_fusionBN0_drop0p2__wd1e-04trmiss40_trlocglobal,37,0.6640894909699758,0.6926887929439545,0.501984126984127,0.5848333551110478,0.5555555555555556,0.0,0.0,0.0,0.0,0.0,0.0,0.0,0.0,0.0,,,,,18473,global,0.4
4,3,lr1e-05_bs32_modL1_fusion32_fusionL1_fusionBN0_drop0p2__wd1e-04trmiss40_trlocglobal,32,1e-05,0.0001,1,32,1,False,0.2,lr1e-05_bs32_modL1_fusion32_fusionL1_fusionBN0_drop0p2__wd1e-04trmiss40_trlocglobal,38,0.6631753345330557,0.6930331587791443,0.503968253968254,0.5858183168749951,0.5333333333333333,0.0,0.0,0.0,0.0,0.0,0.0,0.0,0.0,0.0,,,,,18473,global,0.4
4,3,lr1e-05_bs32_modL1_fusion32_fusionL1_fusionBN0_drop0p2__wd1e-04trmiss40_trlocglobal,32,1e-05,0.0001,1,32,1,False,0.2,lr1e-05_bs32_modL1_fusion32_fusionL1_fusionBN0_drop0p2__wd1e-04trmiss40_trlocglobal,39,0.6488861441612244,0.6934631764888763,0.5059523809523809,0.5862852290080434,0.5333333333333333,0.0,0.0,0.0,0.0,0.0,0.0,0.0,0.0,0.0,,,,,18473,global,0.4
4,3,lr1e-05_bs32_modL1_fusion32_fusionL1_fusionBN0_drop0p2__wd1e-04trmiss40_trlocglobal,32,1e-05,0.0001,1,32,1,False,0.2,lr1e-05_bs32_modL1_fusion32_fusionL1_fusionBN0_drop0p2__wd1e-04trmiss40_trlocglobal,40,0.6484571894009908,0.6934188306331635,0.503968253968254,0.5858183168749951,0.5333333333333333,0.0,0.0,0.0,0.0,0.0,0.0,0.0,0.0,0.0,,,,,18473,global,0.4
4,3,lr1e-05_bs32_modL1_fusion32_fusionL1_fusionBN0_drop0p2__wd1e-04trmiss40_trlocglobal,32,1e-05,0.0001,1,32,1,False,0.2,lr1e-05_bs32_modL1_fusion32_fusionL1_fusionBN0_drop0p2__wd1e-04trmiss40_trlocglobal,41,0.649631013472875,0.693386971950531,0.49999999999999994,0.5842262553871003,0.5333333333333333,0.0,0.0,0.0,0.0,0.0,0.0,0.0,0.0,0.0,,,,,18473,global,0.4
4,3,lr1e-05_bs32_modL1_fusion32_fusionL1_fusionBN0_drop0p2__wd1e-04trmiss40_trlocglobal,32,1e-05,0.0001,1,32,1,False,0.2,lr1e-05_bs32_modL1_fusion32_fusionL1_fusionBN0_drop0p2__wd1e-04trmiss40_trlocglobal,42,0.6556288103262583,0.6929907202720642,0.5079365079365079,0.5896999776860037,0.5333333333333333,0.0,0.0,0.0,0.0,0.0,0.0,0.0,0.0,0.0,,,,,18473,global,0.4
4,3,lr1e-05_bs32_modL1_fusion32_fusionL1_fusionBN0_drop0p2__wd1e-04trmiss40_trlocglobal,32,1e-05,0.0001,1,32,1,False,0.2,lr1e-05_bs32_modL1_fusion32_fusionL1_fusionBN0_drop0p2__wd1e-04trmiss40_trlocglobal,43,0.6536349256833395,0.6929682195186615,0.49801587301587297,0.5846498275937607,0.5333333333333333,0.0,0.0,0.0,0.0,0.0,0.0,0.0,0.0,0.0,,,,,18473,global,0.4
4,3,lr1e-05_bs32_modL1_fusion32_fusionL1_fusionBN0_drop0p2__wd1e-04trmiss40_trlocglobal,32,1e-05,0.0001,1,32,1,False,0.2,lr1e-05_bs32_modL1_fusion32_fusionL1_fusionBN0_drop0p2__wd1e-04trmiss40_trlocglobal,44,0.650574117898941,0.6929984986782074,0.5059523809523809,0.5905148638256448,0.5333333333333333,0.0,0.0,0.0,0.0,0.0,0.0,0.0,0.0,0.0,,,,,18473,global,0.4
4,3,lr1e-05_bs32_modL1_fusion32_fusionL1_fusionBN0_drop0p2__wd1e-04trmiss40_trlocglobal,32,1e-05,0.0001,1,32,1,False,0.2,lr1e-05_bs32_modL1_fusion32_fusionL1_fusionBN0_drop0p2__wd1e-04trmiss40_trlocglobal,45,0.650027871131897,0.6930503249168396,0.5059523809523809,0.5877105199207574,0.5333333333333333,0.0,0.0,0.0,0.0,0.0,0.0,0.0,0.0,0.0,,,,,18473,global,0.4
4,3,lr1e-05_bs32_modL1_fusion32_fusionL1_fusionBN0_drop0p2__wd1e-04trmiss40_trlocglobal,32,1e-05,0.0001,1,32,1,False,0.2,lr1e-05_bs32_modL1_fusion32_fusionL1_fusionBN0_drop0p2__wd1e-04trmiss40_trlocglobal,46,0.6488133569558462,0.6928094327449799,0.503968253968254,0.5866778182547282,0.5333333333333333,0.0,0.0,0.0,0.0,0.0,0.0,0.0,0.0,0.0,,,,,18473,global,0.4
4,3,lr1e-05_bs32_modL1_fusion32_fusionL1_fusionBN0_drop0p2__wd1e-04trmiss40_trlocglobal,32,1e-05,0.0001,1,32,1,False,0.2,lr1e-05_bs32_modL1_fusion32_fusionL1_fusionBN0_drop0p2__wd1e-04trmiss40_trlocglobal,47,0.648960123459498,0.69203320145607,0.5158730158730159,0.5965187870349455,0.5333333333333333,0.0,0.0,0.0,0.0,0.0,0.0,0.0,0.0,0.0,,,,,18473,global,0.4
4,3,lr1e-05_bs32_modL1_fusion32_fusionL1_fusionBN0_drop0p2__wd1e-04trmiss40_trlocglobal,32,1e-05,0.0001,1,32,1,False,0.2,lr1e-05_bs32_modL1_fusion32_fusionL1_fusionBN0_drop0p2__wd1e-04trmiss40_trlocglobal,48,0.6496381461620331,0.6919568777084351,0.5158730158730159,0.5949866107653966,0.5333333333333333,0.0,0.0,0.0,0.0,0.0,0.0,0.0,0.0,0.0,,,,,18473,global,0.4
4,3,lr1e-05_bs32_modL1_fusion32_fusionL1_fusionBN0_drop0p2__wd1e-04trmiss40_trlocglobal,32,1e-05,0.0001,1,32,1,False,0.2,lr1e-05_bs32_modL1_fusion32_fusionL1_fusionBN0_drop0p2__wd1e-04trmiss40_trlocglobal,49,0.6419929563999176,0.6920011937618256,0.5119047619047619,0.5897376930164788,0.5333333333333333,0.0,0.0,0.0,0.0,0.0,0.0,0.0,0.0,0.0,,,,,18473,global,0.4
4,3,lr1e-05_bs32_modL1_fusion32_fusionL1_fusionBN0_drop0p2__wd1e-04trmiss40_trlocglobal,32,1e-05,0.0001,1,32,1,False,0.2,lr1e-05_bs32_modL1_fusion32_fusionL1_fusionBN0_drop0p2__wd1e-04trmiss40_trlocglobal,50,0.6549951533476511,0.6919055283069611,0.5119047619047619,0.5929230794899089,0.5333333333333333,0.0,0.0,0.0,0.0,0.0,0.0,0.0,0.0,0.0,,,,,18473,global,0.4
4,3,lr1e-05_bs32_modL1_fusion32_fusionL1_fusionBN0_drop0p2__wd1e-04trmiss40_trlocglobal,32,1e-05,0.0001,1,32,1,False,0.2,lr1e-05_bs32_modL1_fusion32_fusionL1_fusionBN0_drop0p2__wd1e-04trmiss40_trlocglobal,51,0.6427346467971802,0.6918489038944244,0.511904761904762,0.5931483112960487,0.5333333333333333,0.0,0.0,0.0,0.0,0.0,0.0,0.0,0.0,0.0,,,,,18473,global,0.4
4,3,lr1e-05_bs32_modL1_fusion32_fusionL1_fusionBN0_drop0p2__wd1e-04trmiss40_trlocglobal,32,1e-05,0.0001,1,32,1,False,0.2,lr1e-05_bs32_modL1_fusion32_fusionL1_fusionBN0_drop0p2__wd1e-04trmiss40_trlocglobal,52,0.6560240586598715,0.6914188861846924,0.5178571428571429,0.5976010381171966,0.5333333333333333,0.0,0.0,0.0,0.0,0.0,0.0,0.0,0.0,0.0,,,,,18473,global,0.4
4,3,lr1e-05_bs32_modL1_fusion32_fusionL1_fusionBN0_drop0p2__wd1e-04trmiss40_trlocglobal,32,1e-05,0.0001,1,32,1,False,0.2,lr1e-05_bs32_modL1_fusion32_fusionL1_fusionBN0_drop0p2__wd1e-04trmiss40_trlocglobal,53,0.6506849726041158,0.6912369430065155,0.5198412698412699,0.5985888527481245,0.5333333333333333,0.0,0.0,0.0,0.0,0.0,0.0,0.0,0.0,0.0,,,,,18473,global,0.4
4,3,lr1e-05_bs32_modL1_fusion32_fusionL1_fusionBN0_drop0p2__wd1e-04trmiss40_trlocglobal,32,1e-05,0.0001,1,32,1,False,0.2,lr1e-05_bs32_modL1_fusion32_fusionL1_fusionBN0_drop0p2__wd1e-04trmiss40_trlocglobal,54,0.6378147105375925,0.6915137767791748,0.5158730158730158,0.5944676057718077,0.5333333333333333,0.0,0.0,0.0,0.0,0.0,0.0,0.0,0.0,0.0,,,,,18473,global,0.4
4,3,lr1e-05_bs32_modL1_fusion32_fusionL1_fusionBN0_drop0p2__wd1e-04trmiss40_trlocglobal,32,1e-05,0.0001,1,32,1,False,0.2,lr1e-05_bs32_modL1_fusion32_fusionL1_fusionBN0_drop0p2__wd1e-04trmiss40_trlocglobal,55,0.6461567083994547,0.6915504336357117,0.5178571428571429,0.595846282242396,0.5333333333333333,0.0,0.0,0.0,0.0,0.0,0.0,0.0,0.0,0.0,,,,,18473,global,0.4
4,3,lr1e-05_bs32_modL1_fusion32_fusionL1_fusionBN0_drop0p2__wd1e-04trmiss40_trlocglobal,32,1e-05,0.0001,1,32,1,False,0.2,lr1e-05_bs32_modL1_fusion32_fusionL1_fusionBN0_drop0p2__wd1e-04trmiss40_trlocglobal,56,0.6433921257654825,0.6918578743934631,0.5059523809523809,0.5902206795160745,0.5333333333333333,0.0,0.0,0.0,0.0,0.0,0.0,0.0,0.0,0.0,,,,,18473,global,0.4
4,3,lr1e-05_bs32_modL1_fusion32_fusionL1_fusionBN0_drop0p2__wd1e-04trmiss40_trlocglobal,32,1e-05,0.0001,1,32,1,False,0.2,lr1e-05_bs32_modL1_fusion32_fusionL1_fusionBN0_drop0p2__wd1e-04trmiss40_trlocglobal,57,0.6474283337593079,0.6920997202396393,0.5099206349206349,0.5885179523597183,0.5333333333333333,0.0,0.0,0.0,0.0,0.0,0.0,0.0,0.0,0.0,,,,,18473,global,0.4
4,3,lr1e-05_bs32_modL1_fusion32_fusionL1_fusionBN0_drop0p2__wd1e-04trmiss40_trlocglobal,32,1e-05,0.0001,1,32,1,False,0.2,lr1e-05_bs32_modL1_fusion32_fusionL1_fusionBN0_drop0p2__wd1e-04trmiss40_trlocglobal,58,0.6405004759629568,0.6919384002685547,0.513888888888889,0.593672761318875,0.5333333333333333,0.0,0.0,0.0,0.0,0.0,0.0,0.0,0.0,0.0,,,,,18473,global,0.4
4,3,lr1e-05_bs32_modL1_fusion32_fusionL1_fusionBN0_drop0p2__wd1e-04trmiss40_trlocglobal,32,1e-05,0.0001,1,32,1,False,0.2,lr1e-05_bs32_modL1_fusion32_fusionL1_fusionBN0_drop0p2__wd1e-04trmiss40_trlocglobal,59,0.6422234376271566,0.6920982003211975,0.511904761904762,0.5930471356932494,0.5333333333333333,0.0,0.0,0.0,0.0,0.0,0.0,0.0,0.0,0.0,,,,,18473,global,0.4
4,3,lr1e-05_bs32_modL1_fusion32_fusionL1_fusionBN0_drop0p2__wd1e-04trmiss40_trlocglobal,32,1e-05,0.0001,1,32,1,False,0.2,lr1e-05_bs32_modL1_fusion32_fusionL1_fusionBN0_drop0p2__wd1e-04trmiss40_trlocglobal,60,0.6416651010513306,0.69195356965065,0.5079365079365079,0.591348766128032,0.5333333333333333,0.0,0.0,0.0,0.0,0.0,0.0,0.0,0.0,0.0,,,,,18473,global,0.4
4,3,lr1e-05_bs32_modL1_fusion32_fusionL1_fusionBN0_drop0p2__wd1e-04trmiss40_trlocglobal,32,1e-05,0.0001,1,32,1,False,0.2,lr1e-05_bs32_modL1_fusion32_fusionL1_fusionBN0_drop0p2__wd1e-04trmiss40_trlocglobal,61,0.6369246244430542,0.691614419221878,0.5119047619047619,0.593428178261792,0.5333333333333333,0.0,0.0,0.0,0.0,0.0,0.0,0.0,0.0,0.0,,,,,18473,global,0.4
4,3,lr1e-05_bs32_modL1_fusion32_fusionL1_fusionBN0_drop0p2__wd1e-04trmiss40_trlocglobal,32,1e-05,0.0001,1,32,1,False,0.2,lr1e-05_bs32_modL1_fusion32_fusionL1_fusionBN0_drop0p2__wd1e-04trmiss40_trlocglobal,62,0.6364530126253763,0.6918126046657562,0.5079365079365079,0.5930300526777397,0.5333333333333333,0.0,0.0,0.0,0.0,0.0,0.0,0.0,0.0,0.0,,,,,18473,global,0.4
4,3,lr1e-05_bs32_modL1_fusion32_fusionL1_fusionBN0_drop0p2__wd1e-04trmiss40_trlocglobal,32,1e-05,0.0001,1,32,1,False,0.2,lr1e-05_bs32_modL1_fusion32_fusionL1_fusionBN0_drop0p2__wd1e-04trmiss40_trlocglobal,63,0.6451162894566854,0.6923490762710571,0.5059523809523809,0.5921447765868715,0.5333333333333333,0.0,0.0,0.0,0.0,0.0,0.0,0.0,0.0,0.0,,,,,18473,global,0.4
4,3,lr1e-05_bs32_modL1_fusion32_fusionL1_fusionBN0_drop0p2__wd1e-04trmiss40_trlocglobal,32,1e-05,0.0001,1,32,1,False,0.2,lr1e-05_bs32_modL1_fusion32_fusionL1_fusionBN0_drop0p2__wd1e-04trmiss40_trlocglobal,64,0.6372585594654083,0.6925756931304932,0.5059523809523809,0.5921447765868715,0.5333333333333333,0.0,0.0,0.0,0.0,0.0,0.0,0.0,0.0,0.0,,,,,18473,global,0.4
4,3,lr1e-05_bs32_modL1_fusion32_fusionL1_fusionBN0_drop0p2__wd1e-04trmiss40_trlocglobal,32,1e-05,0.0001,1,32,1,False,0.2,lr1e-05_bs32_modL1_fusion32_fusionL1_fusionBN0_drop0p2__wd1e-04trmiss40_trlocglobal,65,0.6441302001476288,0.6923861801624298,0.5059523809523809,0.5925425005257853,0.5333333333333333,0.0,0.0,0.0,0.0,0.0,0.0,0.0,0.0,0.0,,,,,18473,global,0.4
4,3,lr1e-05_bs32_modL1_fusion32_fusionL1_fusionBN0_drop0p2__wd1e-04trmiss40_trlocglobal,32,1e-05,0.0001,1,32,1,False,0.2,lr1e-05_bs32_modL1_fusion32_fusionL1_fusionBN0_drop0p2__wd1e-04trmiss40_trlocglobal,66,0.6368104219436646,0.6919556558132172,0.5119047619047619,0.5950632647255075,0.5333333333333333,0.0,0.0,0.0,0.0,0.0,0.0,0.0,0.0,0.0,,,,,18473,global,0.4
4,3,lr1e-05_bs32_modL1_fusion32_fusionL1_fusionBN0_drop0p2__wd1e-04trmiss40_trlocglobal,32,1e-05,0.0001,1,32,1,False,0.2,lr1e-05_bs32_modL1_fusion32_fusionL1_fusionBN0_drop0p2__wd1e-04trmiss40_trlocglobal,67,0.6373210748036703,0.6918424367904663,0.5079365079365079,0.5938309039322199,0.5333333333333333,0.0,0.0,0.0,0.0,0.0,0.0,0.0,0.0,0.0,,,,,18473,global,0.4
4,3,lr1e-05_bs32_modL1_fusion32_fusionL1_fusionBN0_drop0p2__wd1e-04trmiss40_trlocglobal,32,1e-05,0.0001,1,32,1,False,0.2,lr1e-05_bs32_modL1_fusion32_fusionL1_fusionBN0_drop0p2__wd1e-04trmiss40_trlocglobal,68,0.6399630308151245,0.6914708316326141,0.5158730158730158,0.5972676045518761,0.5333333333333333,0.0,0.0,0.0,0.0,0.0,0.0,0.0,0.0,0.0,,,,,18473,global,0.4
4,3,lr1e-05_bs32_modL1_fusion32_fusionL1_fusionBN0_drop0p2__wd1e-04trmiss40_trlocglobal,32,1e-05,0.0001,1,32,1,False,0.2,lr1e-05_bs32_modL1_fusion32_fusionL1_fusionBN0_drop0p2__wd1e-04trmiss40_trlocglobal,69,0.6437659859657288,0.6918587982654572,0.5158730158730159,0.5972161830790838,0.5333333333333333,0.0,0.0,0.0,0.0,0.0,0.0,0.0,0.0,0.0,,,,,18473,global,0.4
4,3,lr1e-05_bs32_modL1_fusion32_fusionL1_fusionBN0_drop0p2__wd1e-04trmiss40_trlocglobal,32,1e-05,0.0001,1,32,1,False,0.2,lr1e-05_bs32_modL1_fusion32_fusionL1_fusionBN0_drop0p2__wd1e-04trmiss40_trlocglobal,70,0.639992485443751,0.6919620335102081,0.5099206349206349,0.5936285161282454,0.5333333333333333,0.0,0.0,0.0,0.0,0.0,0.0,0.0,0.0,0.0,,,,,18473,global,0.4
4,3,lr1e-05_bs32_modL1_fusion32_fusionL1_fusionBN0_drop0p2__wd1e-04trmiss40_trlocglobal,32,1e-05,0.0001,1,32,1,False,0.2,lr1e-05_bs32_modL1_fusion32_fusionL1_fusionBN0_drop0p2__wd1e-04trmiss40_trlocglobal,71,0.6279111206531525,0.6917664408683777,0.5079365079365079,0.59336489516029,0.5333333333333333,0.0,0.0,0.0,0.0,0.0,0.0,0.0,0.0,0.0,,,,,18473,global,0.4
4,3,lr1e-05_bs32_modL1_fusion32_fusionL1_fusionBN0_drop0p2__wd1e-04trmiss40_trlocglobal,32,1e-05,0.0001,1,32,1,False,0.2,lr1e-05_bs32_modL1_fusion32_fusionL1_fusionBN0_drop0p2__wd1e-04trmiss40_trlocglobal,72,0.639266848564148,0.6917542517185211,0.5099206349206349,0.5939667734974373,0.5333333333333333,0.0,0.0,0.0,0.0,0.0,0.0,0.0,0.0,0.0,,,,,18473,global,0.4
4,3,lr1e-05_bs32_modL1_fusion32_fusionL1_fusionBN0_drop0p2__wd1e-04trmiss40_trlocglobal,32,1e-05,0.0001,1,32,1,False,0.2,lr1e-05_bs32_modL1_fusion32_fusionL1_fusionBN0_drop0p2__wd1e-04trmiss40_trlocglobal,73,0.648414671421051,0.6917734742164612,0.5099206349206349,0.5904988741199271,0.5333333333333333,0.0,0.0,0.0,0.0,0.0,0.0,0.0,0.0,0.0,,,,,18473,global,0.4
4,3,lr1e-05_bs32_modL1_fusion32_fusionL1_fusionBN0_drop0p1__wd1e-04trmiss40_trlocglobal,32,1e-05,0.0001,1,32,1,False,0.1,lr1e-05_bs32_modL1_fusion32_fusionL1_fusionBN0_drop0p1__wd1e-04trmiss40_trlocglobal,1,0.6926092207431793,0.6996141672134399,0.4662698412698413,0.5126023885888344,0.4444444444444444,0.0,0.0,0.0,0.0,0.0,0.0,0.0,0.0,0.0,,,,,18473,global,0.4
4,3,lr1e-05_bs32_modL1_fusion32_fusionL1_fusionBN0_drop0p1__wd1e-04trmiss40_trlocglobal,32,1e-05,0.0001,1,32,1,False,0.1,lr1e-05_bs32_modL1_fusion32_fusionL1_fusionBN0_drop0p1__wd1e-04trmiss40_trlocglobal,2,0.6891364057858785,0.6984257996082306,0.4682539682539683,0.517488701573739,0.4666666666666667,0.0,0.0,0.0,0.0,0.0,0.0,0.0,0.0,0.0,,,,,18473,global,0.4
4,3,lr1e-05_bs32_modL1_fusion32_fusionL1_fusionBN0_drop0p1__wd1e-04trmiss40_trlocglobal,32,1e-05,0.0001,1,32,1,False,0.1,lr1e-05_bs32_modL1_fusion32_fusionL1_fusionBN0_drop0p1__wd1e-04trmiss40_trlocglobal,3,0.6889027853806814,0.6970456540584564,0.4920634920634921,0.5379389653810062,0.4666666666666667,0.0,0.0,0.0,0.0,0.0,0.0,0.0,0.0,0.0,,,,,18473,global,0.4
4,3,lr1e-05_bs32_modL1_fusion32_fusionL1_fusionBN0_drop0p1__wd1e-04trmiss40_trlocglobal,32,1e-05,0.0001,1,32,1,False,0.1,lr1e-05_bs32_modL1_fusion32_fusionL1_fusionBN0_drop0p1__wd1e-04trmiss40_trlocglobal,4,0.686634490887324,0.695401668548584,0.5238095238095238,0.5663471625487657,0.5111111111111111,0.0,0.0,0.0,0.0,0.0,0.0,0.0,0.0,0.0,,,,,18473,global,0.4
4,3,lr1e-05_bs32_modL1_fusion32_fusionL1_fusionBN0_drop0p1__wd1e-04trmiss40_trlocglobal,32,1e-05,0.0001,1,32,1,False,0.1,lr1e-05_bs32_modL1_fusion32_fusionL1_fusionBN0_drop0p1__wd1e-04trmiss40_trlocglobal,5,0.6851837237675985,0.6942113041877747,0.5357142857142858,0.5777376645642678,0.5111111111111111,0.0,0.0,0.0,0.0,0.0,0.0,0.0,0.0,0.0,,,,,18473,global,0.4
4,3,lr1e-05_bs32_modL1_fusion32_fusionL1_fusionBN0_drop0p1__wd1e-04trmiss40_trlocglobal,32,1e-05,0.0001,1,32,1,False,0.1,lr1e-05_bs32_modL1_fusion32_fusionL1_fusionBN0_drop0p1__wd1e-04trmiss40_trlocglobal,6,0.6797078549861908,0.6930817365646362,0.5436507936507937,0.5877565108252059,0.5333333333333333,0.0,0.0,0.0,0.0,0.0,0.0,0.0,0.0,0.0,,,,,18473,global,0.4
4,3,lr1e-05_bs32_modL1_fusion32_fusionL1_fusionBN0_drop0p1__wd1e-04trmiss40_trlocglobal,32,1e-05,0.0001,1,32,1,False,0.1,lr1e-05_bs32_modL1_fusion32_fusionL1_fusionBN0_drop0p1__wd1e-04trmiss40_trlocglobal,7,0.6749488711357117,0.6920891404151917,0.5535714285714286,0.6195805049828347,0.5333333333333333,0.0,0.0,0.0,0.0,0.0,0.0,0.0,0.0,0.0,,,,,18473,global,0.4
4,3,lr1e-05_bs32_modL1_fusion32_fusionL1_fusionBN0_drop0p1__wd1e-04trmiss40_trlocglobal,32,1e-05,0.0001,1,32,1,False,0.1,lr1e-05_bs32_modL1_fusion32_fusionL1_fusionBN0_drop0p1__wd1e-04trmiss40_trlocglobal,8,0.6765188773473104,0.6911094188690186,0.5634920634920635,0.6247544620989961,0.5333333333333333,0.0,0.0,0.0,0.0,0.0,0.0,0.0,0.0,0.0,,,,,18473,global,0.4
4,3,lr1e-05_bs32_modL1_fusion32_fusionL1_fusionBN0_drop0p1__wd1e-04trmiss40_trlocglobal,32,1e-05,0.0001,1,32,1,False,0.1,lr1e-05_bs32_modL1_fusion32_fusionL1_fusionBN0_drop0p1__wd1e-04trmiss40_trlocglobal,9,0.6770021120707194,0.6904693841934204,0.5793650793650794,0.6430764758131821,0.5777777777777777,0.0,0.0,0.0,0.0,0.0,0.0,0.0,0.0,0.0,,,,,18473,global,0.4
4,3,lr1e-05_bs32_modL1_fusion32_fusionL1_fusionBN0_drop0p1__wd1e-04trmiss40_trlocglobal,32,1e-05,0.0001,1,32,1,False,0.1,lr1e-05_bs32_modL1_fusion32_fusionL1_fusionBN0_drop0p1__wd1e-04trmiss40_trlocglobal,10,0.6736351052920023,0.6899344325065613,0.5853174603174602,0.6513375878886534,0.5777777777777777,0.0,0.0,0.0,0.0,0.0,0.0,0.0,0.0,0.0,,,,,18473,global,0.4
4,3,lr1e-05_bs32_modL1_fusion32_fusionL1_fusionBN0_drop0p1__wd1e-04trmiss40_trlocglobal,32,1e-05,0.0001,1,32,1,False,0.1,lr1e-05_bs32_modL1_fusion32_fusionL1_fusionBN0_drop0p1__wd1e-04trmiss40_trlocglobal,11,0.6739154756069183,0.6896202862262726,0.5773809523809523,0.6487544533179265,0.5777777777777777,0.0,0.0,0.0,0.0,0.0,0.0,0.0,0.0,0.0,,,,,18473,global,0.4
4,3,lr1e-05_bs32_modL1_fusion32_fusionL1_fusionBN0_drop0p1__wd1e-04trmiss40_trlocglobal,32,1e-05,0.0001,1,32,1,False,0.1,lr1e-05_bs32_modL1_fusion32_fusionL1_fusionBN0_drop0p1__wd1e-04trmiss40_trlocglobal,12,0.6710284352302551,0.689263790845871,0.5892857142857142,0.6566216981401561,0.6222222222222222,0.0,0.0,0.0,0.0,0.0,0.0,0.0,0.0,0.0,,,,,18473,global,0.4
4,3,lr1e-05_bs32_modL1_fusion32_fusionL1_fusionBN0_drop0p1__wd1e-04trmiss40_trlocglobal,32,1e-05,0.0001,1,32,1,False,0.1,lr1e-05_bs32_modL1_fusion32_fusionL1_fusionBN0_drop0p1__wd1e-04trmiss40_trlocglobal,13,0.6718317866325378,0.6887039840221405,0.5912698412698413,0.6583034936248383,0.6222222222222222,0.0,0.0,0.0,0.0,0.0,0.0,0.0,0.0,0.0,,,,,18473,global,0.4
4,3,lr1e-05_bs32_modL1_fusion32_fusionL1_fusionBN0_drop0p1__wd1e-04trmiss40_trlocglobal,32,1e-05,0.0001,1,32,1,False,0.1,lr1e-05_bs32_modL1_fusion32_fusionL1_fusionBN0_drop0p1__wd1e-04trmiss40_trlocglobal,14,0.6686688562234243,0.6883383989334106,0.5932539682539683,0.6721923825137271,0.6222222222222222,0.0,0.0,0.0,0.0,0.0,0.0,0.0,0.0,0.0,,,,,18473,global,0.4
4,3,lr1e-05_bs32_modL1_fusion32_fusionL1_fusionBN0_drop0p1__wd1e-04trmiss40_trlocglobal,32,1e-05,0.0001,1,32,1,False,0.1,lr1e-05_bs32_modL1_fusion32_fusionL1_fusionBN0_drop0p1__wd1e-04trmiss40_trlocglobal,15,0.6648681660493215,0.6887724995613098,0.5972222222222222,0.6696823810239295,0.5777777777777777,0.0,0.0,0.0,0.0,0.0,0.0,0.0,0.0,0.0,,,,,18473,global,0.4
4,3,lr1e-05_bs32_modL1_fusion32_fusionL1_fusionBN0_drop0p1__wd1e-04trmiss40_trlocglobal,32,1e-05,0.0001,1,32,1,False,0.1,lr1e-05_bs32_modL1_fusion32_fusionL1_fusionBN0_drop0p1__wd1e-04trmiss40_trlocglobal,16,0.6629994114240011,0.688346803188324,0.6011904761904763,0.6745820755090702,0.5777777777777777,0.0,0.0,0.0,0.0,0.0,0.0,0.0,0.0,0.0,,,,,18473,global,0.4
4,3,lr1e-05_bs32_modL1_fusion32_fusionL1_fusionBN0_drop0p1__wd1e-04trmiss40_trlocglobal,32,1e-05,0.0001,1,32,1,False,0.1,lr1e-05_bs32_modL1_fusion32_fusionL1_fusionBN0_drop0p1__wd1e-04trmiss40_trlocglobal,17,0.6610212127367655,0.6875173151493073,0.6011904761904762,0.6775586547187017,0.6,0.0,0.0,0.0,0.0,0.0,0.0,0.0,0.0,0.0,,,,,18473,global,0.4
4,3,lr1e-05_bs32_modL1_fusion32_fusionL1_fusionBN0_drop0p1__wd1e-04trmiss40_trlocglobal,32,1e-05,0.0001,1,32,1,False,0.1,lr1e-05_bs32_modL1_fusion32_fusionL1_fusionBN0_drop0p1__wd1e-04trmiss40_trlocglobal,18,0.6625463465849558,0.6873152256011963,0.6011904761904762,0.6752205530380334,0.5777777777777777,0.0,0.0,0.0,0.0,0.0,0.0,0.0,0.0,0.0,,,,,18473,global,0.4
4,3,lr1e-05_bs32_modL1_fusion32_fusionL1_fusionBN0_drop0p1__wd1e-04trmiss40_trlocglobal,32,1e-05,0.0001,1,32,1,False,0.1,lr1e-05_bs32_modL1_fusion32_fusionL1_fusionBN0_drop0p1__wd1e-04trmiss40_trlocglobal,19,0.6572720408439636,0.6871823668479919,0.5992063492063492,0.6745377213769408,0.6,0.0,0.0,0.0,0.0,0.0,0.0,0.0,0.0,0.0,,,,,18473,global,0.4
4,3,lr1e-05_bs32_modL1_fusion32_fusionL1_fusionBN0_drop0p1__wd1e-04trmiss40_trlocglobal,32,1e-05,0.0001,1,32,1,False,0.1,lr1e-05_bs32_modL1_fusion32_fusionL1_fusionBN0_drop0p1__wd1e-04trmiss40_trlocglobal,20,0.6609716316064199,0.686805933713913,0.6051587301587302,0.6769678412436549,0.5555555555555556,0.0,0.0,0.0,0.0,0.0,0.0,0.0,0.0,0.0,,,,,18473,global,0.4
4,3,lr1e-05_bs32_modL1_fusion32_fusionL1_fusionBN0_drop0p1__wd1e-04trmiss40_trlocglobal,32,1e-05,0.0001,1,32,1,False,0.1,lr1e-05_bs32_modL1_fusion32_fusionL1_fusionBN0_drop0p1__wd1e-04trmiss40_trlocglobal,21,0.6558373769124349,0.6867794990539551,0.6091269841269842,0.6786964385871715,0.6,0.0,0.0,0.0,0.0,0.0,0.0,0.0,0.0,0.0,,,,,18473,global,0.4
4,3,lr1e-05_bs32_modL1_fusion32_fusionL1_fusionBN0_drop0p1__wd1e-04trmiss40_trlocglobal,32,1e-05,0.0001,1,32,1,False,0.1,lr1e-05_bs32_modL1_fusion32_fusionL1_fusionBN0_drop0p1__wd1e-04trmiss40_trlocglobal,22,0.6591596404711405,0.6868950128555298,0.611111111111111,0.691789363168547,0.6,0.0,0.0,0.0,0.0,0.0,0.0,0.0,0.0,0.0,,,,,18473,global,0.4
4,3,lr1e-05_bs32_modL1_fusion32_fusionL1_fusionBN0_drop0p1__wd1e-04trmiss40_trlocglobal,32,1e-05,0.0001,1,32,1,False,0.1,lr1e-05_bs32_modL1_fusion32_fusionL1_fusionBN0_drop0p1__wd1e-04trmiss40_trlocglobal,23,0.664113054672877,0.6866726577281952,0.6051587301587302,0.6870497040412952,0.5777777777777777,0.0,0.0,0.0,0.0,0.0,0.0,0.0,0.0,0.0,,,,,18473,global,0.4
4,3,lr1e-05_bs32_modL1_fusion32_fusionL1_fusionBN0_drop0p1__wd1e-04trmiss40_trlocglobal,32,1e-05,0.0001,1,32,1,False,0.1,lr1e-05_bs32_modL1_fusion32_fusionL1_fusionBN0_drop0p1__wd1e-04trmiss40_trlocglobal,24,0.6511271893978119,0.6868129372596741,0.6071428571428571,0.6930340264318675,0.6222222222222222,0.0,0.0,0.0,0.0,0.0,0.0,0.0,0.0,0.0,,,,,18473,global,0.4
4,3,lr1e-05_bs32_modL1_fusion32_fusionL1_fusionBN0_drop0p1__wd1e-04trmiss40_trlocglobal,32,1e-05,0.0001,1,32,1,False,0.1,lr1e-05_bs32_modL1_fusion32_fusionL1_fusionBN0_drop0p1__wd1e-04trmiss40_trlocglobal,25,0.6535951097806295,0.6870115697383881,0.6051587301587302,0.6870497040412952,0.5777777777777777,0.0,0.0,0.0,0.0,0.0,0.0,0.0,0.0,0.0,,,,,18473,global,0.4
4,3,lr1e-05_bs32_modL1_fusion32_fusionL1_fusionBN0_drop0p1__wd1e-04trmiss40_trlocglobal,32,1e-05,0.0001,1,32,1,False,0.1,lr1e-05_bs32_modL1_fusion32_fusionL1_fusionBN0_drop0p1__wd1e-04trmiss40_trlocglobal,26,0.6469321151574453,0.6868035793304443,0.6130952380952381,0.6940363182486616,0.5555555555555556,0.0,0.0,0.0,0.0,0.0,0.0,0.0,0.0,0.0,,,,,18473,global,0.4
4,3,lr1e-05_bs32_modL1_fusion32_fusionL1_fusionBN0_drop0p1__wd1e-04trmiss40_trlocglobal,32,1e-05,0.0001,1,32,1,False,0.1,lr1e-05_bs32_modL1_fusion32_fusionL1_fusionBN0_drop0p1__wd1e-04trmiss40_trlocglobal,27,0.6519922812779745,0.6865069568157196,0.6150793650793651,0.6951429713300541,0.5555555555555556,0.0,0.0,0.0,0.0,0.0,0.0,0.0,0.0,0.0,,,,,18473,global,0.4
4,3,lr1e-05_bs32_modL1_fusion32_fusionL1_fusionBN0_drop0p1__wd1e-04trmiss40_trlocglobal,32,1e-05,0.0001,1,32,1,False,0.1,lr1e-05_bs32_modL1_fusion32_fusionL1_fusionBN0_drop0p1__wd1e-04trmiss40_trlocglobal,28,0.6505378981431326,0.6859968602657318,0.621031746031746,0.7031927675377451,0.5777777777777777,0.0,0.0,0.0,0.0,0.0,0.0,0.0,0.0,0.0,,,,,18473,global,0.4
4,3,lr1e-05_bs32_modL1_fusion32_fusionL1_fusionBN0_drop0p1__wd1e-04trmiss40_trlocglobal,32,1e-05,0.0001,1,32,1,False,0.1,lr1e-05_bs32_modL1_fusion32_fusionL1_fusionBN0_drop0p1__wd1e-04trmiss40_trlocglobal,29,0.651968757311503,0.6865226924419403,0.6150793650793651,0.69579685560289,0.5777777777777777,0.0,0.0,0.0,0.0,0.0,0.0,0.0,0.0,0.0,,,,,18473,global,0.4
4,3,lr1e-05_bs32_modL1_fusion32_fusionL1_fusionBN0_drop0p1__wd1e-04trmiss40_trlocglobal,32,1e-05,0.0001,1,32,1,False,0.1,lr1e-05_bs32_modL1_fusion32_fusionL1_fusionBN0_drop0p1__wd1e-04trmiss40_trlocglobal,30,0.6457394659519196,0.6867568790912628,0.6051587301587302,0.6889883517484823,0.5777777777777777,0.0,0.0,0.0,0.0,0.0,0.0,0.0,0.0,0.0,,,,,18473,global,0.4
4,3,lr1e-05_bs32_modL1_fusion32_fusionL1_fusionBN0_drop0p1__wd1e-04trmiss40_trlocglobal,32,1e-05,0.0001,1,32,1,False,0.1,lr1e-05_bs32_modL1_fusion32_fusionL1_fusionBN0_drop0p1__wd1e-04trmiss40_trlocglobal,31,0.6463436683019003,0.6862649321556091,0.623015873015873,0.7055610570936304,0.5555555555555556,0.0,0.0,0.0,0.0,0.0,0.0,0.0,0.0,0.0,,,,,18473,global,0.4
4,3,lr1e-05_bs32_modL1_fusion32_fusionL1_fusionBN0_drop0p1__wd1e-04trmiss40_trlocglobal,32,1e-05,0.0001,1,32,1,False,0.1,lr1e-05_bs32_modL1_fusion32_fusionL1_fusionBN0_drop0p1__wd1e-04trmiss40_trlocglobal,32,0.6474657853444418,0.686252772808075,0.6190476190476191,0.7049787246371874,0.5555555555555556,0.0,0.0,0.0,0.0,0.0,0.0,0.0,0.0,0.0,,,,,18473,global,0.4
4,3,lr1e-05_bs32_modL1_fusion32_fusionL1_fusionBN0_drop0p1__wd1e-04trmiss40_trlocglobal,32,1e-05,0.0001,1,32,1,False,0.1,lr1e-05_bs32_modL1_fusion32_fusionL1_fusionBN0_drop0p1__wd1e-04trmiss40_trlocglobal,33,0.6455794076124827,0.6859880089759827,0.6210317460317462,0.7098539307319056,0.5777777777777777,0.0,0.0,0.0,0.0,0.0,0.0,0.0,0.0,0.0,,,,,18473,global,0.4
4,3,lr1e-05_bs32_modL1_fusion32_fusionL1_fusionBN0_drop0p1__wd1e-04trmiss40_trlocglobal,32,1e-05,0.0001,1,32,1,False,0.1,lr1e-05_bs32_modL1_fusion32_fusionL1_fusionBN0_drop0p1__wd1e-04trmiss40_trlocglobal,34,0.6461942692597707,0.685808926820755,0.623015873015873,0.7106155794774254,0.5777777777777777,0.0,0.0,0.0,0.0,0.0,0.0,0.0,0.0,0.0,,,,,18473,global,0.4
4,3,lr1e-05_bs32_modL1_fusion32_fusionL1_fusionBN0_drop0p1__wd1e-04trmiss40_trlocglobal,32,1e-05,0.0001,1,32,1,False,0.1,lr1e-05_bs32_modL1_fusion32_fusionL1_fusionBN0_drop0p1__wd1e-04trmiss40_trlocglobal,35,0.6427156726519266,0.6850716471672058,0.626984126984127,0.7139894762399169,0.6,0.0,0.0,0.0,0.0,0.0,0.0,0.0,0.0,0.0,,,,,18473,global,0.4
4,3,lr1e-05_bs32_modL1_fusion32_fusionL1_fusionBN0_drop0p1__wd1e-04trmiss40_trlocglobal,32,1e-05,0.0001,1,32,1,False,0.1,lr1e-05_bs32_modL1_fusion32_fusionL1_fusionBN0_drop0p1__wd1e-04trmiss40_trlocglobal,36,0.6419407029946645,0.6846720576286316,0.628968253968254,0.7142247256176378,0.6222222222222222,0.0,0.0,0.0,0.0,0.0,0.0,0.0,0.0,0.0,,,,,18473,global,0.4
4,3,lr1e-05_bs32_modL1_fusion32_fusionL1_fusionBN0_drop0p1__wd1e-04trmiss40_trlocglobal,32,1e-05,0.0001,1,32,1,False,0.1,lr1e-05_bs32_modL1_fusion32_fusionL1_fusionBN0_drop0p1__wd1e-04trmiss40_trlocglobal,37,0.6434715092182159,0.6848751306533813,0.630952380952381,0.7172486531102705,0.6,0.0,0.0,0.0,0.0,0.0,0.0,0.0,0.0,0.0,,,,,18473,global,0.4
4,3,lr1e-05_bs32_modL1_fusion32_fusionL1_fusionBN0_drop0p1__wd1e-04trmiss40_trlocglobal,32,1e-05,0.0001,1,32,1,False,0.1,lr1e-05_bs32_modL1_fusion32_fusionL1_fusionBN0_drop0p1__wd1e-04trmiss40_trlocglobal,38,0.6371800800164541,0.6849938631057739,0.6269841269841271,0.7127226949997536,0.5777777777777777,0.0,0.0,0.0,0.0,0.0,0.0,0.0,0.0,0.0,,,,,18473,global,0.4
4,3,lr1e-05_bs32_modL1_fusion32_fusionL1_fusionBN0_drop0p1__wd1e-04trmiss40_trlocglobal,32,1e-05,0.0001,1,32,1,False,0.1,lr1e-05_bs32_modL1_fusion32_fusionL1_fusionBN0_drop0p1__wd1e-04trmiss40_trlocglobal,39,0.6410043438275655,0.685236245393753,0.626984126984127,0.7119159598220299,0.5777777777777777,0.0,0.0,0.0,0.0,0.0,0.0,0.0,0.0,0.0,,,,,18473,global,0.4
4,3,lr1e-05_bs32_modL1_fusion32_fusionL1_fusionBN0_drop0p1__wd1e-04trmiss40_trlocglobal,32,1e-05,0.0001,1,32,1,False,0.1,lr1e-05_bs32_modL1_fusion32_fusionL1_fusionBN0_drop0p1__wd1e-04trmiss40_trlocglobal,40,0.639064222574234,0.6851913332939148,0.6289682539682541,0.7125382926812049,0.5777777777777777,0.0,0.0,0.0,0.0,0.0,0.0,0.0,0.0,0.0,,,,,18473,global,0.4
4,3,lr1e-05_bs32_modL1_fusion32_fusionL1_fusionBN0_drop0p1__wd1e-04trmiss40_trlocglobal,32,1e-05,0.0001,1,32,1,False,0.1,lr1e-05_bs32_modL1_fusion32_fusionL1_fusionBN0_drop0p1__wd1e-04trmiss40_trlocglobal,41,0.6410844226678213,0.6849595308303833,0.625,0.7094928670047309,0.5777777777777777,0.0,0.0,0.0,0.0,0.0,0.0,0.0,0.0,0.0,,,,,18473,global,0.4
4,3,lr1e-05_bs32_modL1_fusion32_fusionL1_fusionBN0_drop0p1__wd1e-04trmiss40_trlocglobal,32,1e-05,0.0001,1,32,1,False,0.1,lr1e-05_bs32_modL1_fusion32_fusionL1_fusionBN0_drop0p1__wd1e-04trmiss40_trlocglobal,42,0.6338509321212769,0.684790313243866,0.6269841269841271,0.7119506858435981,0.5777777777777777,0.0,0.0,0.0,0.0,0.0,0.0,0.0,0.0,0.0,,,,,18473,global,0.4
4,3,lr1e-05_bs32_modL1_fusion32_fusionL1_fusionBN0_drop0p1__wd1e-04trmiss40_trlocglobal,32,1e-05,0.0001,1,32,1,False,0.1,lr1e-05_bs32_modL1_fusion32_fusionL1_fusionBN0_drop0p1__wd1e-04trmiss40_trlocglobal,43,0.6431309183438619,0.6849227249622345,0.621031746031746,0.709083539950667,0.5777777777777777,0.0,0.0,0.0,0.0,0.0,0.0,0.0,0.0,0.0,,,,,18473,global,0.4
4,3,lr1e-05_bs32_modL1_fusion32_fusionL1_fusionBN0_drop0p1__wd1e-04trmiss40_trlocglobal,32,1e-05,0.0001,1,32,1,False,0.1,lr1e-05_bs32_modL1_fusion32_fusionL1_fusionBN0_drop0p1__wd1e-04trmiss40_trlocglobal,44,0.640518327554067,0.6852639317512512,0.621031746031746,0.709083539950667,0.5777777777777777,0.0,0.0,0.0,0.0,0.0,0.0,0.0,0.0,0.0,,,,,18473,global,0.4
4,3,lr1e-05_bs32_modL1_fusion32_fusionL1_fusionBN0_drop0p1__wd1e-04trmiss40_trlocglobal,32,1e-05,0.0001,1,32,1,False,0.1,lr1e-05_bs32_modL1_fusion32_fusionL1_fusionBN0_drop0p1__wd1e-04trmiss40_trlocglobal,45,0.6420764823754629,0.6848844885826111,0.6309523809523809,0.7130983590267335,0.5777777777777777,0.0,0.0,0.0,0.0,0.0,0.0,0.0,0.0,0.0,,,,,18473,global,0.4
4,3,lr1e-05_bs32_modL1_fusion32_fusionL1_fusionBN0_drop0p1__wd1e-04trmiss40_trlocglobal,32,1e-05,0.0001,1,32,1,False,0.1,lr1e-05_bs32_modL1_fusion32_fusionL1_fusionBN0_drop0p1__wd1e-04trmiss40_trlocglobal,46,0.6366797387599945,0.6852232813835144,0.625,0.7069606188429406,0.5777777777777777,0.0,0.0,0.0,0.0,0.0,0.0,0.0,0.0,0.0,,,,,18473,global,0.4
4,3,lr1e-05_bs32_modL1_fusion32_fusionL1_fusionBN0_drop0p1__wd1e-04trmiss40_trlocglobal,32,1e-05,0.0001,1,32,1,False,0.1,lr1e-05_bs32_modL1_fusion32_fusionL1_fusionBN0_drop0p1__wd1e-04trmiss40_trlocglobal,47,0.6352195044358572,0.6848943531513214,0.625,0.7078017078459359,0.6,0.0,0.0,0.0,0.0,0.0,0.0,0.0,0.0,0.0,,,,,18473,global,0.4
4,3,lr1e-05_bs32_modL1_fusion32_fusionL1_fusionBN0_drop0p1__wd1e-04trmiss40_trlocglobal,32,1e-05,0.0001,1,32,1,False,0.1,lr1e-05_bs32_modL1_fusion32_fusionL1_fusionBN0_drop0p1__wd1e-04trmiss40_trlocglobal,48,0.637745867172877,0.6847786903381348,0.625,0.7096627808692896,0.6,0.0,0.0,0.0,0.0,0.0,0.0,0.0,0.0,0.0,,,,,18473,global,0.4
4,3,lr1e-05_bs32_modL1_fusion32_fusionL1_fusionBN0_drop0p1__wd1e-04trmiss40_trlocglobal,32,1e-05,0.0001,1,32,1,False,0.1,lr1e-05_bs32_modL1_fusion32_fusionL1_fusionBN0_drop0p1__wd1e-04trmiss40_trlocglobal,49,0.6328286627928416,0.6849133968353271,0.626984126984127,0.710624319330828,0.6,0.0,0.0,0.0,0.0,0.0,0.0,0.0,0.0,0.0,,,,,18473,global,0.4
4,3,lr1e-05_bs32_modL1_fusion32_fusionL1_fusionBN0_drop0p1__wd1e-04trmiss40_trlocglobal,32,1e-05,0.0001,1,32,1,False,0.1,lr1e-05_bs32_modL1_fusion32_fusionL1_fusionBN0_drop0p1__wd1e-04trmiss40_trlocglobal,50,0.6369369228680929,0.684685617685318,0.6170634920634921,0.7055164951948696,0.6,0.0,0.0,0.0,0.0,0.0,0.0,0.0,0.0,0.0,,,,,18473,global,0.4
4,3,lr1e-05_bs32_modL1_fusion32_fusionL1_fusionBN0_drop0p1__wd1e-04trmiss40_trlocglobal,32,1e-05,0.0001,1,32,1,False,0.1,lr1e-05_bs32_modL1_fusion32_fusionL1_fusionBN0_drop0p1__wd1e-04trmiss40_trlocglobal,51,0.6383040448029836,0.6850585043430328,0.6309523809523809,0.7093429262415631,0.5777777777777777,0.0,0.0,0.0,0.0,0.0,0.0,0.0,0.0,0.0,,,,,18473,global,0.4
4,3,lr1e-05_bs32_modL1_fusion32_fusionL1_fusionBN0_drop0p1__wd1e-04trmiss40_trlocglobal,32,1e-05,0.0001,1,32,1,False,0.1,lr1e-05_bs32_modL1_fusion32_fusionL1_fusionBN0_drop0p1__wd1e-04trmiss40_trlocglobal,52,0.6295064489046732,0.6848290860652924,0.626984126984127,0.7060898227538406,0.5777777777777777,0.0,0.0,0.0,0.0,0.0,0.0,0.0,0.0,0.0,,,,,18473,global,0.4
4,3,lr1e-05_bs32_modL1_fusion32_fusionL1_fusionBN0_drop0p1__wd1e-04trmiss40_trlocglobal,32,1e-05,0.0001,1,32,1,False,0.1,lr1e-05_bs32_modL1_fusion32_fusionL1_fusionBN0_drop0p1__wd1e-04trmiss40_trlocglobal,53,0.6388750771681467,0.6843513250350952,0.6309523809523809,0.7123239304745658,0.6,0.0,0.0,0.0,0.0,0.0,0.0,0.0,0.0,0.0,,,,,18473,global,0.4
4,3,lr1e-05_bs32_modL1_fusion32_fusionL1_fusionBN0_drop0p1__wd1e-04trmiss40_trlocglobal,32,1e-05,0.0001,1,32,1,False,0.1,lr1e-05_bs32_modL1_fusion32_fusionL1_fusionBN0_drop0p1__wd1e-04trmiss40_trlocglobal,54,0.6352197428544363,0.6845839619636536,0.6309523809523809,0.7115372147578517,0.5777777777777777,0.0,0.0,0.0,0.0,0.0,0.0,0.0,0.0,0.0,,,,,18473,global,0.4
4,3,lr1e-05_bs32_modL1_fusion32_fusionL1_fusionBN0_drop0p1__wd1e-04trmiss40_trlocglobal,32,1e-05,0.0001,1,32,1,False,0.1,lr1e-05_bs32_modL1_fusion32_fusionL1_fusionBN0_drop0p1__wd1e-04trmiss40_trlocglobal,55,0.6369648575782776,0.6840779781341553,0.6329365079365079,0.7090009614539223,0.6,0.0,0.0,0.0,0.0,0.0,0.0,0.0,0.0,0.0,,,,,18473,global,0.4
4,3,lr1e-05_bs32_modL1_fusion32_fusionL1_fusionBN0_drop0p1__wd1e-04trmiss40_trlocglobal,32,1e-05,0.0001,1,32,1,False,0.1,lr1e-05_bs32_modL1_fusion32_fusionL1_fusionBN0_drop0p1__wd1e-04trmiss40_trlocglobal,56,0.6307250062624613,0.6840241849422455,0.628968253968254,0.7032150350950793,0.6,0.0,0.0,0.0,0.0,0.0,0.0,0.0,0.0,0.0,,,,,18473,global,0.4
4,3,lr1e-05_bs32_modL1_fusion32_fusionL1_fusionBN0_drop0p1__wd1e-04trmiss40_trlocglobal,32,1e-05,0.0001,1,32,1,False,0.1,lr1e-05_bs32_modL1_fusion32_fusionL1_fusionBN0_drop0p1__wd1e-04trmiss40_trlocglobal,57,0.6343612968921661,0.6838222146034241,0.6349206349206349,0.7081356306954996,0.6,0.0,0.0,0.0,0.0,0.0,0.0,0.0,0.0,0.0,,,,,18473,global,0.4
4,3,lr1e-05_bs32_modL1_fusion32_fusionL1_fusionBN0_drop0p1__wd1e-04trmiss40_trlocglobal,32,1e-05,0.0001,1,32,1,False,0.1,lr1e-05_bs32_modL1_fusion32_fusionL1_fusionBN0_drop0p1__wd1e-04trmiss40_trlocglobal,58,0.6324916183948517,0.6838034093379974,0.6349206349206349,0.7081356306954996,0.6,0.0,0.0,0.0,0.0,0.0,0.0,0.0,0.0,0.0,,,,,18473,global,0.4
4,3,lr1e-05_bs32_modL1_fusion32_fusionL1_fusionBN0_drop0p1__wd1e-04trmiss40_trlocglobal,32,1e-05,0.0001,1,32,1,False,0.1,lr1e-05_bs32_modL1_fusion32_fusionL1_fusionBN0_drop0p1__wd1e-04trmiss40_trlocglobal,59,0.6273490190505981,0.6836561858654022,0.6369047619047619,0.7131306741773851,0.6,0.0,0.0,0.0,0.0,0.0,0.0,0.0,0.0,0.0,,,,,18473,global,0.4
4,3,lr1e-05_bs32_modL1_fusion32_fusionL1_fusionBN0_drop0p1__wd1e-04trmiss40_trlocglobal,32,1e-05,0.0001,1,32,1,False,0.1,lr1e-05_bs32_modL1_fusion32_fusionL1_fusionBN0_drop0p1__wd1e-04trmiss40_trlocglobal,60,0.632265567779541,0.6836763322353363,0.6468253968253969,0.7210787523886212,0.6,0.0,0.0,0.0,0.0,0.0,0.0,0.0,0.0,0.0,,,,,18473,global,0.4
4,3,lr1e-05_bs32_modL1_fusion32_fusionL1_fusionBN0_drop0p1__wd1e-04trmiss40_trlocglobal,32,1e-05,0.0001,1,32,1,False,0.1,lr1e-05_bs32_modL1_fusion32_fusionL1_fusionBN0_drop0p1__wd1e-04trmiss40_trlocglobal,61,0.6319650808970133,0.6838038861751556,0.6408730158730158,0.7184420680852701,0.6,0.0,0.0,0.0,0.0,0.0,0.0,0.0,0.0,0.0,,,,,18473,global,0.4
4,3,lr1e-05_bs32_modL1_fusion32_fusionL1_fusionBN0_drop0p1__wd1e-04trmiss40_trlocglobal,32,1e-05,0.0001,1,32,1,False,0.1,lr1e-05_bs32_modL1_fusion32_fusionL1_fusionBN0_drop0p1__wd1e-04trmiss40_trlocglobal,62,0.6312288741270701,0.6837699711322784,0.638888888888889,0.7153886278607773,0.6,0.0,0.0,0.0,0.0,0.0,0.0,0.0,0.0,0.0,,,,,18473,global,0.4
4,3,lr1e-05_bs32_modL1_fusion32_fusionL1_fusionBN0_drop0p1__wd1e-04trmiss40_trlocglobal,32,1e-05,0.0001,1,32,1,False,0.1,lr1e-05_bs32_modL1_fusion32_fusionL1_fusionBN0_drop0p1__wd1e-04trmiss40_trlocglobal,63,0.633787085612615,0.6840676367282867,0.6388888888888888,0.7158828280107115,0.6,0.0,0.0,0.0,0.0,0.0,0.0,0.0,0.0,0.0,,,,,18473,global,0.4
4,3,lr1e-05_bs32_modL1_fusion32_fusionL1_fusionBN0_drop0p1__wd1e-04trmiss40_trlocglobal,32,1e-05,0.0001,1,32,1,False,0.1,lr1e-05_bs32_modL1_fusion32_fusionL1_fusionBN0_drop0p1__wd1e-04trmiss40_trlocglobal,64,0.6317262947559357,0.6837710440158844,0.6408730158730158,0.7183537594032116,0.6,0.0,0.0,0.0,0.0,0.0,0.0,0.0,0.0,0.0,,,,,18473,global,0.4
4,3,lr1e-05_bs32_modL1_fusion32_fusionL1_fusionBN0_drop0p1__wd1e-04trmiss40_trlocglobal,32,1e-05,0.0001,1,32,1,False,0.1,lr1e-05_bs32_modL1_fusion32_fusionL1_fusionBN0_drop0p1__wd1e-04trmiss40_trlocglobal,65,0.6264500419298807,0.6836014986038208,0.6428571428571429,0.7182466413759482,0.6,0.0,0.0,0.0,0.0,0.0,0.0,0.0,0.0,0.0,,,,,18473,global,0.4
4,3,lr1e-05_bs32_modL1_fusion32_fusionL1_fusionBN0_drop0p1__wd1e-04trmiss40_trlocglobal,32,1e-05,0.0001,1,32,1,False,0.1,lr1e-05_bs32_modL1_fusion32_fusionL1_fusionBN0_drop0p1__wd1e-04trmiss40_trlocglobal,66,0.6313213606675466,0.683857798576355,0.6428571428571428,0.7211862654293805,0.6,0.0,0.0,0.0,0.0,0.0,0.0,0.0,0.0,0.0,,,,,18473,global,0.4
4,3,lr1e-05_bs32_modL1_fusion32_fusionL1_fusionBN0_drop0p1__wd1e-04trmiss40_trlocglobal,32,1e-05,0.0001,1,32,1,False,0.1,lr1e-05_bs32_modL1_fusion32_fusionL1_fusionBN0_drop0p1__wd1e-04trmiss40_trlocglobal,67,0.6313100854555765,0.6836503446102142,0.6448412698412699,0.7221052933082542,0.6,0.0,0.0,0.0,0.0,0.0,0.0,0.0,0.0,0.0,,,,,18473,global,0.4
4,3,lr1e-05_bs32_modL1_fusion32_fusionL1_fusionBN0_drop0p1__wd1e-04trmiss40_trlocglobal,32,1e-05,0.0001,1,32,1,False,0.1,lr1e-05_bs32_modL1_fusion32_fusionL1_fusionBN0_drop0p1__wd1e-04trmiss40_trlocglobal,68,0.6306333839893341,0.684238851070404,0.6309523809523809,0.714570297355079,0.6,0.0,0.0,0.0,0.0,0.0,0.0,0.0,0.0,0.0,,,,,18473,global,0.4
4,3,lr1e-05_bs32_modL1_fusion32_fusionL1_fusionBN0_drop0p1__wd1e-04trmiss40_trlocglobal,32,1e-05,0.0001,1,32,1,False,0.1,lr1e-05_bs32_modL1_fusion32_fusionL1_fusionBN0_drop0p1__wd1e-04trmiss40_trlocglobal,69,0.636168380578359,0.6843388676643372,0.6309523809523809,0.7143707723903593,0.6,0.0,0.0,0.0,0.0,0.0,0.0,0.0,0.0,0.0,,,,,18473,global,0.4
4,3,lr1e-05_bs32_modL1_fusion32_fusionL1_fusionBN0_drop0p1__wd1e-04trmiss40_trlocglobal,32,1e-05,0.0001,1,32,1,False,0.1,lr1e-05_bs32_modL1_fusion32_fusionL1_fusionBN0_drop0p1__wd1e-04trmiss40_trlocglobal,70,0.6294941902160645,0.6842723488807678,0.638888888888889,0.7185061577757448,0.6,0.0,0.0,0.0,0.0,0.0,0.0,0.0,0.0,0.0,,,,,18473,global,0.4
4,3,lr1e-05_bs32_modL1_fusion32_fusionL1_fusionBN0_drop0p1__wd1e-04trmiss40_trlocglobal,32,1e-05,0.0001,1,32,1,False,0.1,lr1e-05_bs32_modL1_fusion32_fusionL1_fusionBN0_drop0p1__wd1e-04trmiss40_trlocglobal,71,0.6330481866995493,0.6846666038036346,0.626984126984127,0.7084352508298378,0.6,0.0,0.0,0.0,0.0,0.0,0.0,0.0,0.0,0.0,,,,,18473,global,0.4
4,3,lr1e-05_bs32_modL1_fusion32_fusionL1_fusionBN0_drop0p1__wd1e-04trmiss40_trlocglobal,32,1e-05,0.0001,1,32,1,False,0.1,lr1e-05_bs32_modL1_fusion32_fusionL1_fusionBN0_drop0p1__wd1e-04trmiss40_trlocglobal,72,0.6315718690554301,0.6845340728759766,0.630952380952381,0.7115500978398086,0.6,0.0,0.0,0.0,0.0,0.0,0.0,0.0,0.0,0.0,,,,,18473,global,0.4
4,3,lr1e-05_bs32_modL1_fusion32_fusionL1_fusionBN0_drop0p1__wd1e-04trmiss40_trlocglobal,32,1e-05,0.0001,1,32,1,False,0.1,lr1e-05_bs32_modL1_fusion32_fusionL1_fusionBN0_drop0p1__wd1e-04trmiss40_trlocglobal,73,0.6307510038216909,0.6846968829631805,0.632936507936508,0.7143373305612519,0.6,0.0,0.0,0.0,0.0,0.0,0.0,0.0,0.0,0.0,,,,,18473,global,0.4
4,3,lr1e-05_bs32_modL1_fusion32_fusionL1_fusionBN0_drop0p1__wd1e-04trmiss40_trlocglobal,32,1e-05,0.0001,1,32,1,False,0.1,lr1e-05_bs32_modL1_fusion32_fusionL1_fusionBN0_drop0p1__wd1e-04trmiss40_trlocglobal,74,0.6346409817536672,0.684251457452774,0.634920634920635,0.7164583863200785,0.6,0.0,0.0,0.0,0.0,0.0,0.0,0.0,0.0,0.0,,,,,18473,global,0.4
4,3,lr1e-05_bs32_modL1_fusion32_fusionL1_fusionBN0_drop0p1__wd1e-04trmiss40_trlocglobal,32,1e-05,0.0001,1,32,1,False,0.1,lr1e-05_bs32_modL1_fusion32_fusionL1_fusionBN0_drop0p1__wd1e-04trmiss40_trlocglobal,75,0.6232277452945709,0.6838952302932739,0.6329365079365079,0.7157098678084022,0.6,0.0,0.0,0.0,0.0,0.0,0.0,0.0,0.0,0.0,,,,,18473,global,0.4
4,3,lr1e-05_bs32_modL1_fusion32_fusionL1_fusionBN0_drop0p1__wd1e-04trmiss40_trlocglobal,32,1e-05,0.0001,1,32,1,False,0.1,lr1e-05_bs32_modL1_fusion32_fusionL1_fusionBN0_drop0p1__wd1e-04trmiss40_trlocglobal,76,0.626795252164205,0.6841082274913788,0.628968253968254,0.7136651871259505,0.6,0.0,0.0,0.0,0.0,0.0,0.0,0.0,0.0,0.0,,,,,18473,global,0.4
4,3,lr1e-05_bs32_modL1_fusion32_fusionL1_fusionBN0_drop0p1__wd1e-04trmiss40_trlocglobal,32,1e-05,0.0001,1,32,1,False,0.1,lr1e-05_bs32_modL1_fusion32_fusionL1_fusionBN0_drop0p1__wd1e-04trmiss40_trlocglobal,77,0.6319779058297476,0.6844205856323242,0.6309523809523809,0.7138486337103259,0.6,0.0,0.0,0.0,0.0,0.0,0.0,0.0,0.0,0.0,,,,,18473,global,0.4
4,3,lr1e-05_bs32_modL1_fusion32_fusionL1_fusionBN0_drop0p1__wd1e-04trmiss40_trlocglobal,32,1e-05,0.0001,1,32,1,False,0.1,lr1e-05_bs32_modL1_fusion32_fusionL1_fusionBN0_drop0p1__wd1e-04trmiss40_trlocglobal,78,0.6267819702625275,0.6839469373226166,0.636904761904762,0.7170807191792535,0.6,0.0,0.0,0.0,0.0,0.0,0.0,0.0,0.0,0.0,,,,,18473,global,0.4
4,3,lr1e-05_bs32_modL1_fusion32_fusionL1_fusionBN0_drop0p1__wd1e-04trmiss40_trlocglobal,32,1e-05,0.0001,1,32,1,False,0.1,lr1e-05_bs32_modL1_fusion32_fusionL1_fusionBN0_drop0p1__wd1e-04trmiss40_trlocglobal,79,0.6314016481240591,0.6837314069271088,0.638888888888889,0.7173057475621767,0.6,0.0,0.0,0.0,0.0,0.0,0.0,0.0,0.0,0.0,,,,,18473,global,0.4
4,3,lr1e-05_bs32_modL1_fusion32_fusionL1_fusionBN0_drop0p1__wd1e-04trmiss40_trlocglobal,32,1e-05,0.0001,1,32,1,False,0.1,lr1e-05_bs32_modL1_fusion32_fusionL1_fusionBN0_drop0p1__wd1e-04trmiss40_trlocglobal,80,0.6293677886327108,0.6838323473930359,0.636904761904762,0.716644371900801,0.6,0.0,0.0,0.0,0.0,0.0,0.0,0.0,0.0,0.0,,,,,18473,global,0.4
4,4,lr1e-04_bs32_modL1_fusion16_fusionL1_fusionBN0_drop0p2__wd1e-04trmiss40_trlocglobal,32,0.0001,0.0001,1,16,1,False,0.2,lr1e-04_bs32_modL1_fusion16_fusionL1_fusionBN0_drop0p2__wd1e-04trmiss40_trlocglobal,1,0.6838971078395844,0.6894176006317139,0.6031746031746031,0.631401838646692,0.5111111111111111,0.0,0.0,0.0,0.0,0.0,0.0,0.0,0.0,0.0,,,,,18473,global,0.4
4,4,lr1e-04_bs32_modL1_fusion16_fusionL1_fusionBN0_drop0p2__wd1e-04trmiss40_trlocglobal,32,0.0001,0.0001,1,16,1,False,0.2,lr1e-04_bs32_modL1_fusion16_fusionL1_fusionBN0_drop0p2__wd1e-04trmiss40_trlocglobal,2,0.6660963594913483,0.682901918888092,0.628968253968254,0.6628914479188474,0.5111111111111111,0.0,0.0,0.0,0.0,0.0,0.0,0.0,0.0,0.0,,,,,18473,global,0.4
4,4,lr1e-04_bs32_modL1_fusion16_fusionL1_fusionBN0_drop0p2__wd1e-04trmiss40_trlocglobal,32,0.0001,0.0001,1,16,1,False,0.2,lr1e-04_bs32_modL1_fusion16_fusionL1_fusionBN0_drop0p2__wd1e-04trmiss40_trlocglobal,3,0.6572798689206442,0.6789252161979675,0.628968253968254,0.6669380732980598,0.5555555555555556,0.0,0.0,0.0,0.0,0.0,0.0,0.0,0.0,0.0,,,,,18473,global,0.4
4,4,lr1e-04_bs32_modL1_fusion16_fusionL1_fusionBN0_drop0p2__wd1e-04trmiss40_trlocglobal,32,0.0001,0.0001,1,16,1,False,0.2,lr1e-04_bs32_modL1_fusion16_fusionL1_fusionBN0_drop0p2__wd1e-04trmiss40_trlocglobal,4,0.6430547038714091,0.6763248443603516,0.6408730158730159,0.6686029645730359,0.5777777777777777,0.0,0.0,0.0,0.0,0.0,0.0,0.0,0.0,0.0,,,,,18473,global,0.4
4,4,lr1e-04_bs32_modL1_fusion16_fusionL1_fusionBN0_drop0p2__wd1e-04trmiss40_trlocglobal,32,0.0001,0.0001,1,16,1,False,0.2,lr1e-04_bs32_modL1_fusion16_fusionL1_fusionBN0_drop0p2__wd1e-04trmiss40_trlocglobal,5,0.638219396273295,0.6742173731327057,0.6507936507936508,0.6869076376404953,0.5555555555555556,0.0,0.0,0.0,0.0,0.0,0.0,0.0,0.0,0.0,,,,,18473,global,0.4
4,4,lr1e-04_bs32_modL1_fusion16_fusionL1_fusionBN0_drop0p2__wd1e-04trmiss40_trlocglobal,32,0.0001,0.0001,1,16,1,False,0.2,lr1e-04_bs32_modL1_fusion16_fusionL1_fusionBN0_drop0p2__wd1e-04trmiss40_trlocglobal,6,0.6327306628227234,0.6712919771671295,0.6567460317460319,0.6761369993084425,0.5777777777777777,0.0,0.0,0.0,0.0,0.0,0.0,0.0,0.0,0.0,,,,,18473,global,0.4
4,4,lr1e-04_bs32_modL1_fusion16_fusionL1_fusionBN0_drop0p2__wd1e-04trmiss40_trlocglobal,32,0.0001,0.0001,1,16,1,False,0.2,lr1e-04_bs32_modL1_fusion16_fusionL1_fusionBN0_drop0p2__wd1e-04trmiss40_trlocglobal,7,0.6303883592287699,0.6690113842487335,0.6607142857142857,0.6833762562175333,0.5555555555555556,0.0,0.0,0.0,0.0,0.0,0.0,0.0,0.0,0.0,,,,,18473,global,0.4
4,4,lr1e-04_bs32_modL1_fusion16_fusionL1_fusionBN0_drop0p2__wd1e-04trmiss40_trlocglobal,32,0.0001,0.0001,1,16,1,False,0.2,lr1e-04_bs32_modL1_fusion16_fusionL1_fusionBN0_drop0p2__wd1e-04trmiss40_trlocglobal,8,0.6197010576725006,0.667841911315918,0.6666666666666667,0.6951632031866766,0.6222222222222222,0.0,0.0,0.0,0.0,0.0,0.0,0.0,0.0,0.0,,,,,18473,global,0.4
4,4,lr1e-04_bs32_modL1_fusion16_fusionL1_fusionBN0_drop0p2__wd1e-04trmiss40_trlocglobal,32,0.0001,0.0001,1,16,1,False,0.2,lr1e-04_bs32_modL1_fusion16_fusionL1_fusionBN0_drop0p2__wd1e-04trmiss40_trlocglobal,9,0.6189376711845398,0.6673769652843475,0.6765873015873016,0.7006740257820109,0.6444444444444445,0.0,0.0,0.0,0.0,0.0,0.0,0.0,0.0,0.0,,,,,18473,global,0.4
4,4,lr1e-04_bs32_modL1_fusion16_fusionL1_fusionBN0_drop0p2__wd1e-04trmiss40_trlocglobal,32,0.0001,0.0001,1,16,1,False,0.2,lr1e-04_bs32_modL1_fusion16_fusionL1_fusionBN0_drop0p2__wd1e-04trmiss40_trlocglobal,10,0.6106961965560913,0.6670910120010376,0.6825396825396827,0.7036331166124298,0.6222222222222222,0.0,0.0,0.0,0.0,0.0,0.0,0.0,0.0,0.0,,,,,18473,global,0.4
4,4,lr1e-04_bs32_modL1_fusion16_fusionL1_fusionBN0_drop0p2__wd1e-04trmiss40_trlocglobal,32,0.0001,0.0001,1,16,1,False,0.2,lr1e-04_bs32_modL1_fusion16_fusionL1_fusionBN0_drop0p2__wd1e-04trmiss40_trlocglobal,11,0.6018866300582886,0.6681011021137238,0.6607142857142857,0.6920431181418213,0.6444444444444445,0.0,0.0,0.0,0.0,0.0,0.0,0.0,0.0,0.0,,,,,18473,global,0.4
4,4,lr1e-04_bs32_modL1_fusion16_fusionL1_fusionBN0_drop0p2__wd1e-04trmiss40_trlocglobal,32,0.0001,0.0001,1,16,1,False,0.2,lr1e-04_bs32_modL1_fusion16_fusionL1_fusionBN0_drop0p2__wd1e-04trmiss40_trlocglobal,12,0.5935646196206411,0.6687510013580322,0.6607142857142857,0.7140411860723904,0.6222222222222222,0.0,0.0,0.0,0.0,0.0,0.0,0.0,0.0,0.0,,,,,18473,global,0.4
4,4,lr1e-04_bs32_modL1_fusion16_fusionL1_fusionBN0_drop0p2__wd1e-04trmiss40_trlocglobal,32,0.0001,0.0001,1,16,1,False,0.2,lr1e-04_bs32_modL1_fusion16_fusionL1_fusionBN0_drop0p2__wd1e-04trmiss40_trlocglobal,13,0.6019002497196198,0.6693180501461029,0.6507936507936508,0.7034839272232238,0.6,0.0,0.0,0.0,0.0,0.0,0.0,0.0,0.0,0.0,,,,,18473,global,0.4
4,4,lr1e-04_bs32_modL1_fusion16_fusionL1_fusionBN0_drop0p2__wd1e-04trmiss40_trlocglobal,32,0.0001,0.0001,1,16,1,False,0.2,lr1e-04_bs32_modL1_fusion16_fusionL1_fusionBN0_drop0p2__wd1e-04trmiss40_trlocglobal,14,0.5891072750091553,0.6710758805274963,0.6448412698412699,0.7144959632562362,0.5777777777777777,0.0,0.0,0.0,0.0,0.0,0.0,0.0,0.0,0.0,,,,,18473,global,0.4
4,4,lr1e-04_bs32_modL1_fusion16_fusionL1_fusionBN0_drop0p2__wd1e-04trmiss40_trlocglobal,32,0.0001,0.0001,1,16,1,False,0.2,lr1e-04_bs32_modL1_fusion16_fusionL1_fusionBN0_drop0p2__wd1e-04trmiss40_trlocglobal,15,0.5993474026521047,0.6682737767696381,0.6646825396825397,0.7312305905485679,0.5777777777777777,0.0,0.0,0.0,0.0,0.0,0.0,0.0,0.0,0.0,,,,,18473,global,0.4
4,4,lr1e-04_bs32_modL1_fusion16_fusionL1_fusionBN0_drop0p2__wd1e-04trmiss40_trlocglobal,32,0.0001,0.0001,1,16,1,False,0.2,lr1e-04_bs32_modL1_fusion16_fusionL1_fusionBN0_drop0p2__wd1e-04trmiss40_trlocglobal,16,0.5627602736155192,0.6633709967136383,0.6805555555555556,0.7545509602449656,0.6,0.0,0.0,0.0,0.0,0.0,0.0,0.0,0.0,0.0,,,,,18473,global,0.4
4,4,lr1e-04_bs32_modL1_fusion16_fusionL1_fusionBN0_drop0p2__wd1e-04trmiss40_trlocglobal,32,0.0001,0.0001,1,16,1,False,0.2,lr1e-04_bs32_modL1_fusion16_fusionL1_fusionBN0_drop0p2__wd1e-04trmiss40_trlocglobal,17,0.5693121353785197,0.6609793305397034,0.6984126984126984,0.7593372228564828,0.6222222222222222,0.0,0.0,0.0,0.0,0.0,0.0,0.0,0.0,0.0,,,,,18473,global,0.4
4,4,lr1e-04_bs32_modL1_fusion16_fusionL1_fusionBN0_drop0p2__wd1e-04trmiss40_trlocglobal,32,0.0001,0.0001,1,16,1,False,0.2,lr1e-04_bs32_modL1_fusion16_fusionL1_fusionBN0_drop0p2__wd1e-04trmiss40_trlocglobal,18,0.5643201867739359,0.6596663892269135,0.6944444444444444,0.746708839243192,0.6444444444444445,0.0,0.0,0.0,0.0,0.0,0.0,0.0,0.0,0.0,,,,,18473,global,0.4
4,4,lr1e-04_bs32_modL1_fusion16_fusionL1_fusionBN0_drop0p2__wd1e-04trmiss40_trlocglobal,32,0.0001,0.0001,1,16,1,False,0.2,lr1e-04_bs32_modL1_fusion16_fusionL1_fusionBN0_drop0p2__wd1e-04trmiss40_trlocglobal,19,0.5647816558678945,0.659575343132019,0.6924603174603174,0.7568579519293499,0.6222222222222222,0.0,0.0,0.0,0.0,0.0,0.0,0.0,0.0,0.0,,,,,18473,global,0.4
4,4,lr1e-04_bs32_modL1_fusion16_fusionL1_fusionBN0_drop0p2__wd1e-04trmiss40_trlocglobal,32,0.0001,0.0001,1,16,1,False,0.2,lr1e-04_bs32_modL1_fusion16_fusionL1_fusionBN0_drop0p2__wd1e-04trmiss40_trlocglobal,20,0.5555766920248667,0.6602977216243744,0.6865079365079365,0.7556745809402812,0.6222222222222222,0.0,0.0,0.0,0.0,0.0,0.0,0.0,0.0,0.0,,,,,18473,global,0.4
4,4,lr1e-04_bs32_modL1_fusion16_fusionL1_fusionBN0_drop0p2__wd1e-04trmiss40_trlocglobal,32,0.0001,0.0001,1,16,1,False,0.2,lr1e-04_bs32_modL1_fusion16_fusionL1_fusionBN0_drop0p2__wd1e-04trmiss40_trlocglobal,21,0.5488980412483215,0.6597516238689423,0.6865079365079366,0.7490211947577591,0.6,0.0,0.0,0.0,0.0,0.0,0.0,0.0,0.0,0.0,,,,,18473,global,0.4
4,4,lr1e-04_bs32_modL1_fusion16_fusionL1_fusionBN0_drop0p2__wd1e-04trmiss40_trlocglobal,32,0.0001,0.0001,1,16,1,False,0.2,lr1e-04_bs32_modL1_fusion16_fusionL1_fusionBN0_drop0p2__wd1e-04trmiss40_trlocglobal,22,0.543804943561554,0.657499760389328,0.6865079365079365,0.7635193956700252,0.6222222222222222,0.0,0.0,0.0,0.0,0.0,0.0,0.0,0.0,0.0,,,,,18473,global,0.4
4,4,lr1e-04_bs32_modL1_fusion16_fusionL1_fusionBN0_drop0p2__wd1e-04trmiss40_trlocglobal,32,0.0001,0.0001,1,16,1,False,0.2,lr1e-04_bs32_modL1_fusion16_fusionL1_fusionBN0_drop0p2__wd1e-04trmiss40_trlocglobal,23,0.5384004513422648,0.6601177155971527,0.6686507936507936,0.7554035049418355,0.6,0.0,0.0,0.0,0.0,0.0,0.0,0.0,0.0,0.0,,,,,18473,global,0.4
4,4,lr1e-04_bs32_modL1_fusion16_fusionL1_fusionBN0_drop0p2__wd1e-04trmiss40_trlocglobal,32,0.0001,0.0001,1,16,1,False,0.2,lr1e-04_bs32_modL1_fusion16_fusionL1_fusionBN0_drop0p2__wd1e-04trmiss40_trlocglobal,24,0.5390174835920334,0.6603940427303314,0.6666666666666667,0.7333439754057569,0.6444444444444445,0.0,0.0,0.0,0.0,0.0,0.0,0.0,0.0,0.0,,,,,18473,global,0.4
4,4,lr1e-04_bs32_modL1_fusion16_fusionL1_fusionBN0_drop0p2__wd1e-04trmiss40_trlocglobal,32,0.0001,0.0001,1,16,1,False,0.2,lr1e-04_bs32_modL1_fusion16_fusionL1_fusionBN0_drop0p2__wd1e-04trmiss40_trlocglobal,25,0.537663052479426,0.6625123023986816,0.6567460317460317,0.7048945153626268,0.6222222222222222,0.0,0.0,0.0,0.0,0.0,0.0,0.0,0.0,0.0,,,,,18473,global,0.4
4,4,lr1e-04_bs32_modL1_fusion16_fusionL1_fusionBN0_drop0p2__wd1e-04trmiss40_trlocglobal,32,0.0001,0.0001,1,16,1,False,0.2,lr1e-04_bs32_modL1_fusion16_fusionL1_fusionBN0_drop0p2__wd1e-04trmiss40_trlocglobal,26,0.5223680933316549,0.6636455357074738,0.6488095238095238,0.7222784970732752,0.6222222222222222,0.0,0.0,0.0,0.0,0.0,0.0,0.0,0.0,0.0,,,,,18473,global,0.4
4,4,lr1e-04_bs32_modL1_fusion16_fusionL1_fusionBN0_drop0p2__wd1e-04trmiss40_trlocglobal,32,0.0001,0.0001,1,16,1,False,0.2,lr1e-04_bs32_modL1_fusion16_fusionL1_fusionBN0_drop0p2__wd1e-04trmiss40_trlocglobal,27,0.5193529427051544,0.6636925339698792,0.6507936507936508,0.7315005244965254,0.6,0.0,0.0,0.0,0.0,0.0,0.0,0.0,0.0,0.0,,,,,18473,global,0.4
4,4,lr1e-04_bs32_modL1_fusion16_fusionL1_fusionBN0_drop0p2__wd1e-04trmiss40_trlocglobal,32,0.0001,0.0001,1,16,1,False,0.2,lr1e-04_bs32_modL1_fusion16_fusionL1_fusionBN0_drop0p2__wd1e-04trmiss40_trlocglobal,28,0.5130848387877146,0.6691340506076813,0.623015873015873,0.7218590565054546,0.5777777777777777,0.0,0.0,0.0,0.0,0.0,0.0,0.0,0.0,0.0,,,,,18473,global,0.4
4,4,lr1e-04_bs32_modL1_fusion16_fusionL1_fusionBN0_drop0p2__wd1e-04trmiss40_trlocglobal,32,0.0001,0.0001,1,16,1,False,0.2,lr1e-04_bs32_modL1_fusion16_fusionL1_fusionBN0_drop0p2__wd1e-04trmiss40_trlocglobal,29,0.5041473607222239,0.663875013589859,0.6507936507936508,0.7478289738404058,0.6,0.0,0.0,0.0,0.0,0.0,0.0,0.0,0.0,0.0,,,,,18473,global,0.4
4,4,lr1e-04_bs32_modL1_fusion16_fusionL1_fusionBN0_drop0p2__wd1e-04trmiss40_trlocglobal,32,0.0001,0.0001,1,16,1,False,0.2,lr1e-04_bs32_modL1_fusion16_fusionL1_fusionBN0_drop0p2__wd1e-04trmiss40_trlocglobal,30,0.5125192602475485,0.6554430723190308,0.6825396825396826,0.77234382016046,0.6,0.0,0.0,0.0,0.0,0.0,0.0,0.0,0.0,0.0,,,,,18473,global,0.4
4,4,lr1e-04_bs32_modL1_fusion16_fusionL1_fusionBN0_drop0p2__wd1e-04trmiss40_trlocglobal,32,0.0001,0.0001,1,16,1,False,0.2,lr1e-04_bs32_modL1_fusion16_fusionL1_fusionBN0_drop0p2__wd1e-04trmiss40_trlocglobal,31,0.5016943216323853,0.6583122909069061,0.6686507936507936,0.7554178796508499,0.5777777777777777,0.0,0.0,0.0,0.0,0.0,0.0,0.0,0.0,0.0,,,,,18473,global,0.4
4,4,lr1e-04_bs32_modL1_fusion16_fusionL1_fusionBN0_drop0p2__wd1e-04trmiss40_trlocglobal,32,0.0001,0.0001,1,16,1,False,0.2,lr1e-04_bs32_modL1_fusion16_fusionL1_fusionBN0_drop0p2__wd1e-04trmiss40_trlocglobal,32,0.5094811419645945,0.6654090285301208,0.6468253968253969,0.743328019252409,0.6222222222222222,0.0,0.0,0.0,0.0,0.0,0.0,0.0,0.0,0.0,,,,,18473,global,0.4
4,4,lr1e-04_bs32_modL1_fusion16_fusionL1_fusionBN0_drop0p2__wd1e-04trmiss40_trlocglobal,32,0.0001,0.0001,1,16,1,False,0.2,lr1e-04_bs32_modL1_fusion16_fusionL1_fusionBN0_drop0p2__wd1e-04trmiss40_trlocglobal,33,0.5117581983407339,0.6669380366802216,0.634920634920635,0.7293296054035217,0.6444444444444445,0.0,0.0,0.0,0.0,0.0,0.0,0.0,0.0,0.0,,,,,18473,global,0.4
4,4,lr1e-04_bs32_modL1_fusion16_fusionL1_fusionBN0_drop0p2__wd1e-04trmiss40_trlocglobal,32,0.0001,0.0001,1,16,1,False,0.2,lr1e-04_bs32_modL1_fusion16_fusionL1_fusionBN0_drop0p2__wd1e-04trmiss40_trlocglobal,34,0.4995686262845993,0.664837509393692,0.6587301587301587,0.7585231431256161,0.6666666666666666,0.0,0.0,0.0,0.0,0.0,0.0,0.0,0.0,0.0,,,,,18473,global,0.4
4,4,lr1e-04_bs32_modL1_fusion16_fusionL1_fusionBN0_drop0p2__wd1e-04trmiss40_trlocglobal,32,0.0001,0.0001,1,16,1,False,0.2,lr1e-04_bs32_modL1_fusion16_fusionL1_fusionBN0_drop0p2__wd1e-04trmiss40_trlocglobal,35,0.507712592681249,0.6630606651306152,0.6726190476190477,0.7641301758380261,0.6,0.0,0.0,0.0,0.0,0.0,0.0,0.0,0.0,0.0,,,,,18473,global,0.4
4,4,lr1e-04_bs32_modL1_fusion16_fusionL1_fusionBN0_drop0p2__wd1e-04trmiss40_trlocglobal,32,0.0001,0.0001,1,16,1,False,0.2,lr1e-04_bs32_modL1_fusion16_fusionL1_fusionBN0_drop0p2__wd1e-04trmiss40_trlocglobal,36,0.4803302387396495,0.6612257957458496,0.6646825396825397,0.7541868973747843,0.6444444444444445,0.0,0.0,0.0,0.0,0.0,0.0,0.0,0.0,0.0,,,,,18473,global,0.4
4,4,lr1e-04_bs32_modL1_fusion16_fusionL1_fusionBN0_drop0p2__wd1e-04trmiss40_trlocglobal,32,0.0001,0.0001,1,16,1,False,0.2,lr1e-04_bs32_modL1_fusion16_fusionL1_fusionBN0_drop0p2__wd1e-04trmiss40_trlocglobal,37,0.49401767551898956,0.6590237617492676,0.6666666666666667,0.7563519809319081,0.6444444444444445,0.0,0.0,0.0,0.0,0.0,0.0,0.0,0.0,0.0,,,,,18473,global,0.4
4,4,lr1e-04_bs32_modL1_fusion16_fusionL1_fusionBN0_drop0p1__wd1e-04trmiss40_trlocglobal,32,0.0001,0.0001,1,16,1,False,0.1,lr1e-04_bs32_modL1_fusion16_fusionL1_fusionBN0_drop0p1__wd1e-04trmiss40_trlocglobal,1,0.7310245732466379,0.7179675400257111,0.5396825396825397,0.5627066819262835,0.4666666666666667,0.0,0.0,0.0,0.0,0.0,0.0,0.0,0.0,0.0,,,,,18473,global,0.4
4,4,lr1e-04_bs32_modL1_fusion16_fusionL1_fusionBN0_drop0p1__wd1e-04trmiss40_trlocglobal,32,0.0001,0.0001,1,16,1,False,0.1,lr1e-04_bs32_modL1_fusion16_fusionL1_fusionBN0_drop0p1__wd1e-04trmiss40_trlocglobal,2,0.7017978231112162,0.7197794616222382,0.5535714285714286,0.5833045249878338,0.4666666666666667,0.0,0.0,0.0,0.0,0.0,0.0,0.0,0.0,0.0,,,,,18473,global,0.4
4,4,lr1e-04_bs32_modL1_fusion16_fusionL1_fusionBN0_drop0p1__wd1e-04trmiss40_trlocglobal,32,0.0001,0.0001,1,16,1,False,0.1,lr1e-04_bs32_modL1_fusion16_fusionL1_fusionBN0_drop0p1__wd1e-04trmiss40_trlocglobal,3,0.6889578104019165,0.7227611541748047,0.5634920634920635,0.6063245741649361,0.4666666666666667,0.0,0.0,0.0,0.0,0.0,0.0,0.0,0.0,0.0,,,,,18473,global,0.4
4,4,lr1e-04_bs32_modL1_fusion16_fusionL1_fusionBN0_drop0p1__wd1e-04trmiss40_trlocglobal,32,0.0001,0.0001,1,16,1,False,0.1,lr1e-04_bs32_modL1_fusion16_fusionL1_fusionBN0_drop0p1__wd1e-04trmiss40_trlocglobal,4,0.6906745036443075,0.7237319946289062,0.5753968253968255,0.6155353135072766,0.4888888888888889,0.0,0.0,0.0,0.0,0.0,0.0,0.0,0.0,0.0,,,,,18473,global,0.4
4,4,lr1e-04_bs32_modL1_fusion16_fusionL1_fusionBN0_drop0p1__wd1e-04trmiss40_trlocglobal,32,0.0001,0.0001,1,16,1,False,0.1,lr1e-04_bs32_modL1_fusion16_fusionL1_fusionBN0_drop0p1__wd1e-04trmiss40_trlocglobal,5,0.6730733116467794,0.7227062582969666,0.6011904761904763,0.6357403589660295,0.4888888888888889,0.0,0.0,0.0,0.0,0.0,0.0,0.0,0.0,0.0,,,,,18473,global,0.4
4,4,lr1e-04_bs32_modL1_fusion16_fusionL1_fusionBN0_drop0p1__wd1e-04trmiss40_trlocglobal,32,0.0001,0.0001,1,16,1,False,0.1,lr1e-04_bs32_modL1_fusion16_fusionL1_fusionBN0_drop0p1__wd1e-04trmiss40_trlocglobal,6,0.6620590885480245,0.7232125401496887,0.5892857142857143,0.6333486885004914,0.4888888888888889,0.0,0.0,0.0,0.0,0.0,0.0,0.0,0.0,0.0,,,,,18473,global,0.4
4,4,lr1e-04_bs32_modL1_fusion16_fusionL1_fusionBN0_drop0p1__wd1e-04trmiss40_trlocglobal,32,0.0001,0.0001,1,16,1,False,0.1,lr1e-04_bs32_modL1_fusion16_fusionL1_fusionBN0_drop0p1__wd1e-04trmiss40_trlocglobal,7,0.6533636848131815,0.7259067595005035,0.5615079365079365,0.6180573448608871,0.4888888888888889,0.0,0.0,0.0,0.0,0.0,0.0,0.0,0.0,0.0,,,,,18473,global,0.4
4,4,lr1e-04_bs32_modL1_fusion16_fusionL1_fusionBN0_drop0p1__wd1e-04trmiss40_trlocglobal,32,0.0001,0.0001,1,16,1,False,0.1,lr1e-04_bs32_modL1_fusion16_fusionL1_fusionBN0_drop0p1__wd1e-04trmiss40_trlocglobal,8,0.6342059274514517,0.725005179643631,0.5476190476190477,0.6109492295521719,0.4888888888888889,0.0,0.0,0.0,0.0,0.0,0.0,0.0,0.0,0.0,,,,,18473,global,0.4
4,4,lr1e-04_bs32_modL1_fusion16_fusionL1_fusionBN0_drop0p1__wd1e-04trmiss40_trlocglobal,32,0.0001,0.0001,1,16,1,False,0.1,lr1e-04_bs32_modL1_fusion16_fusionL1_fusionBN0_drop0p1__wd1e-04trmiss40_trlocglobal,9,0.6396575669447581,0.7255399823188782,0.5337301587301587,0.6023754837680066,0.4888888888888889,0.0,0.0,0.0,0.0,0.0,0.0,0.0,0.0,0.0,,,,,18473,global,0.4
4,4,lr1e-04_bs32_modL1_fusion16_fusionL1_fusionBN0_drop0p1__wd1e-04trmiss40_trlocglobal,32,0.0001,0.0001,1,16,1,False,0.1,lr1e-04_bs32_modL1_fusion16_fusionL1_fusionBN0_drop0p1__wd1e-04trmiss40_trlocglobal,10,0.625011533498764,0.7248997092247009,0.5535714285714286,0.6210776297301848,0.5111111111111111,0.0,0.0,0.0,0.0,0.0,0.0,0.0,0.0,0.0,,,,,18473,global,0.4
4,4,lr1e-04_bs32_modL1_fusion16_fusionL1_fusionBN0_drop0p1__wd1e-04trmiss40_trlocglobal,32,0.0001,0.0001,1,16,1,False,0.1,lr1e-04_bs32_modL1_fusion16_fusionL1_fusionBN0_drop0p1__wd1e-04trmiss40_trlocglobal,11,0.6235657533009847,0.7221203744411469,0.5654761904761906,0.6352406110529479,0.5111111111111111,0.0,0.0,0.0,0.0,0.0,0.0,0.0,0.0,0.0,,,,,18473,global,0.4
4,4,lr1e-04_bs32_modL1_fusion16_fusionL1_fusionBN0_drop0p1__wd1e-04trmiss40_trlocglobal,32,0.0001,0.0001,1,16,1,False,0.1,lr1e-04_bs32_modL1_fusion16_fusionL1_fusionBN0_drop0p1__wd1e-04trmiss40_trlocglobal,12,0.607067326704661,0.7194934785366058,0.5833333333333334,0.6454946669606934,0.5111111111111111,0.0,0.0,0.0,0.0,0.0,0.0,0.0,0.0,0.0,,,,,18473,global,0.4
4,4,lr1e-04_bs32_modL1_fusion16_fusionL1_fusionBN0_drop0p1__wd1e-04trmiss40_trlocglobal,32,0.0001,0.0001,1,16,1,False,0.1,lr1e-04_bs32_modL1_fusion16_fusionL1_fusionBN0_drop0p1__wd1e-04trmiss40_trlocglobal,13,0.6062668661276499,0.7199249863624573,0.5714285714285714,0.6360679626665354,0.4888888888888889,0.0,0.0,0.0,0.0,0.0,0.0,0.0,0.0,0.0,,,,,18473,global,0.4
4,4,lr1e-04_bs32_modL1_fusion16_fusionL1_fusionBN0_drop0p1__wd1e-04trmiss40_trlocglobal,32,0.0001,0.0001,1,16,1,False,0.1,lr1e-04_bs32_modL1_fusion16_fusionL1_fusionBN0_drop0p1__wd1e-04trmiss40_trlocglobal,14,0.5998719930648804,0.7196961343288422,0.5714285714285715,0.6382398653623701,0.5111111111111111,0.0,0.0,0.0,0.0,0.0,0.0,0.0,0.0,0.0,,,,,18473,global,0.4
4,4,lr1e-04_bs32_modL1_fusion16_fusionL1_fusionBN0_drop0p1__wd1e-04trmiss40_trlocglobal,32,0.0001,0.0001,1,16,1,False,0.1,lr1e-04_bs32_modL1_fusion16_fusionL1_fusionBN0_drop0p1__wd1e-04trmiss40_trlocglobal,15,0.5931761066118876,0.7166752517223358,0.5773809523809524,0.6430769308851775,0.5111111111111111,0.0,0.0,0.0,0.0,0.0,0.0,0.0,0.0,0.0,,,,,18473,global,0.4
4,4,lr1e-04_bs32_modL1_fusion16_fusionL1_fusionBN0_drop0p1__wd1e-04trmiss40_trlocglobal,32,0.0001,0.0001,1,16,1,False,0.1,lr1e-04_bs32_modL1_fusion16_fusionL1_fusionBN0_drop0p1__wd1e-04trmiss40_trlocglobal,16,0.6024392743905386,0.721013605594635,0.5654761904761905,0.626943108164345,0.5111111111111111,0.0,0.0,0.0,0.0,0.0,0.0,0.0,0.0,0.0,,,,,18473,global,0.4
4,4,lr1e-04_bs32_modL1_fusion16_fusionL1_fusionBN0_drop0p1__wd1e-04trmiss40_trlocglobal,32,0.0001,0.0001,1,16,1,False,0.1,lr1e-04_bs32_modL1_fusion16_fusionL1_fusionBN0_drop0p1__wd1e-04trmiss40_trlocglobal,17,0.5871840020020803,0.7199681103229523,0.5674603174603174,0.6255180863690395,0.5111111111111111,0.0,0.0,0.0,0.0,0.0,0.0,0.0,0.0,0.0,,,,,18473,global,0.4
4,4,lr1e-04_bs32_modL1_fusion16_fusionL1_fusionBN0_drop0p1__wd1e-04trmiss40_trlocglobal,32,0.0001,0.0001,1,16,1,False,0.1,lr1e-04_bs32_modL1_fusion16_fusionL1_fusionBN0_drop0p1__wd1e-04trmiss40_trlocglobal,18,0.5807229181130728,0.7182492911815643,0.5952380952380953,0.6555256323547202,0.5333333333333333,0.0,0.0,0.0,0.0,0.0,0.0,0.0,0.0,0.0,,,,,18473,global,0.4
4,4,lr1e-04_bs32_modL1_fusion16_fusionL1_fusionBN0_drop0p1__wd1e-04trmiss40_trlocglobal,32,0.0001,0.0001,1,16,1,False,0.1,lr1e-04_bs32_modL1_fusion16_fusionL1_fusionBN0_drop0p1__wd1e-04trmiss40_trlocglobal,19,0.5734194119771322,0.7184626460075378,0.5833333333333334,0.649333236376264,0.5111111111111111,0.0,0.0,0.0,0.0,0.0,0.0,0.0,0.0,0.0,,,,,18473,global,0.4
4,4,lr1e-04_bs32_modL1_fusion16_fusionL1_fusionBN0_drop0p1__wd1e-04trmiss40_trlocglobal,32,0.0001,0.0001,1,16,1,False,0.1,lr1e-04_bs32_modL1_fusion16_fusionL1_fusionBN0_drop0p1__wd1e-04trmiss40_trlocglobal,20,0.572072317202886,0.7192963063716888,0.5634920634920635,0.6298178104452721,0.5111111111111111,0.0,0.0,0.0,0.0,0.0,0.0,0.0,0.0,0.0,,,,,18473,global,0.4
4,4,lr1e-04_bs32_modL1_fusion16_fusionL1_fusionBN0_drop0p1__wd1e-04trmiss40_trlocglobal,32,0.0001,0.0001,1,16,1,False,0.1,lr1e-04_bs32_modL1_fusion16_fusionL1_fusionBN0_drop0p1__wd1e-04trmiss40_trlocglobal,21,0.5692904889583588,0.7182378172874451,0.5555555555555556,0.6337037572735732,0.5333333333333333,0.0,0.0,0.0,0.0,0.0,0.0,0.0,0.0,0.0,,,,,18473,global,0.4
4,4,lr1e-04_bs32_modL1_fusion16_fusionL1_fusionBN0_drop0p1__wd1e-04trmiss40_trlocglobal,32,0.0001,0.0001,1,16,1,False,0.1,lr1e-04_bs32_modL1_fusion16_fusionL1_fusionBN0_drop0p1__wd1e-04trmiss40_trlocglobal,22,0.560058077176412,0.7183158695697784,0.5654761904761905,0.642858205802824,0.5111111111111111,0.0,0.0,0.0,0.0,0.0,0.0,0.0,0.0,0.0,,,,,18473,global,0.4
4,4,lr1e-04_bs32_modL1_fusion16_fusionL1_fusionBN0_drop0p1__wd1e-04trmiss40_trlocglobal,32,0.0001,0.0001,1,16,1,False,0.1,lr1e-04_bs32_modL1_fusion16_fusionL1_fusionBN0_drop0p1__wd1e-04trmiss40_trlocglobal,23,0.552584578593572,0.7181871831417084,0.5634920634920635,0.6291338612539659,0.4888888888888889,0.0,0.0,0.0,0.0,0.0,0.0,0.0,0.0,0.0,,,,,18473,global,0.4
4,4,lr1e-04_bs32_modL1_fusion16_fusionL1_fusionBN0_drop0p1__wd1e-04trmiss40_trlocglobal,32,0.0001,0.0001,1,16,1,False,0.1,lr1e-04_bs32_modL1_fusion16_fusionL1_fusionBN0_drop0p1__wd1e-04trmiss40_trlocglobal,24,0.5429446001847585,0.7172282040119171,0.5674603174603174,0.6306161028693972,0.5111111111111111,0.0,0.0,0.0,0.0,0.0,0.0,0.0,0.0,0.0,,,,,18473,global,0.4
4,4,lr1e-04_bs32_modL1_fusion16_fusionL1_fusionBN0_drop0p1__wd1e-04trmiss40_trlocglobal,32,0.0001,0.0001,1,16,1,False,0.1,lr1e-04_bs32_modL1_fusion16_fusionL1_fusionBN0_drop0p1__wd1e-04trmiss40_trlocglobal,25,0.5427441298961639,0.7167504727840424,0.5773809523809524,0.6455996247916631,0.5111111111111111,0.0,0.0,0.0,0.0,0.0,0.0,0.0,0.0,0.0,,,,,18473,global,0.4
4,4,lr1e-04_bs32_modL1_fusion32_fusionL1_fusionBN0_drop0p2__wd1e-04trmiss40_trlocglobal,32,0.0001,0.0001,1,32,1,False,0.2,lr1e-04_bs32_modL1_fusion32_fusionL1_fusionBN0_drop0p2__wd1e-04trmiss40_trlocglobal,1,0.6990249752998352,0.6937124729156494,0.49603174603174605,0.5827793394819742,0.4444444444444444,0.0,0.0,0.0,0.0,0.0,0.0,0.0,0.0,0.0,,,,,18473,global,0.4
4,4,lr1e-04_bs32_modL1_fusion32_fusionL1_fusionBN0_drop0p2__wd1e-04trmiss40_trlocglobal,32,0.0001,0.0001,1,32,1,False,0.2,lr1e-04_bs32_modL1_fusion32_fusionL1_fusionBN0_drop0p2__wd1e-04trmiss40_trlocglobal,2,0.6852495570977529,0.6890082955360413,0.5515873015873016,0.6253844437027393,0.4666666666666667,0.0,0.0,0.0,0.0,0.0,0.0,0.0,0.0,0.0,,,,,18473,global,0.4
4,4,lr1e-04_bs32_modL1_fusion32_fusionL1_fusionBN0_drop0p2__wd1e-04trmiss40_trlocglobal,32,0.0001,0.0001,1,32,1,False,0.2,lr1e-04_bs32_modL1_fusion32_fusionL1_fusionBN0_drop0p2__wd1e-04trmiss40_trlocglobal,3,0.6786645551522573,0.6858510673046112,0.5952380952380952,0.6827961800696032,0.6,0.0,0.0,0.0,0.0,0.0,0.0,0.0,0.0,0.0,,,,,18473,global,0.4
4,4,lr1e-04_bs32_modL1_fusion32_fusionL1_fusionBN0_drop0p2__wd1e-04trmiss40_trlocglobal,32,0.0001,0.0001,1,32,1,False,0.2,lr1e-04_bs32_modL1_fusion32_fusionL1_fusionBN0_drop0p2__wd1e-04trmiss40_trlocglobal,4,0.677149216334025,0.6849269866943359,0.5892857142857143,0.6829052276152682,0.5777777777777777,0.0,0.0,0.0,0.0,0.0,0.0,0.0,0.0,0.0,,,,,18473,global,0.4
4,4,lr1e-04_bs32_modL1_fusion32_fusionL1_fusionBN0_drop0p2__wd1e-04trmiss40_trlocglobal,32,0.0001,0.0001,1,32,1,False,0.2,lr1e-04_bs32_modL1_fusion32_fusionL1_fusionBN0_drop0p2__wd1e-04trmiss40_trlocglobal,5,0.6654785474141439,0.6853423714637756,0.5813492063492063,0.6831857953588386,0.5777777777777777,0.0,0.0,0.0,0.0,0.0,0.0,0.0,0.0,0.0,,,,,18473,global,0.4
4,4,lr1e-04_bs32_modL1_fusion32_fusionL1_fusionBN0_drop0p2__wd1e-04trmiss40_trlocglobal,32,0.0001,0.0001,1,32,1,False,0.2,lr1e-04_bs32_modL1_fusion32_fusionL1_fusionBN0_drop0p2__wd1e-04trmiss40_trlocglobal,6,0.6527163585027059,0.685890793800354,0.5833333333333333,0.6516534619490564,0.5777777777777777,0.0,0.0,0.0,0.0,0.0,0.0,0.0,0.0,0.0,,,,,18473,global,0.4
4,4,lr1e-04_bs32_modL1_fusion32_fusionL1_fusionBN0_drop0p2__wd1e-04trmiss40_trlocglobal,32,0.0001,0.0001,1,32,1,False,0.2,lr1e-04_bs32_modL1_fusion32_fusionL1_fusionBN0_drop0p2__wd1e-04trmiss40_trlocglobal,7,0.6522968808809916,0.6856043338775635,0.5972222222222222,0.6628915807318857,0.5777777777777777,0.0,0.0,0.0,0.0,0.0,0.0,0.0,0.0,0.0,,,,,18473,global,0.4
4,4,lr1e-04_bs32_modL1_fusion32_fusionL1_fusionBN0_drop0p2__wd1e-04trmiss40_trlocglobal,32,0.0001,0.0001,1,32,1,False,0.2,lr1e-04_bs32_modL1_fusion32_fusionL1_fusionBN0_drop0p2__wd1e-04trmiss40_trlocglobal,8,0.6418852210044861,0.6859387457370758,0.6091269841269841,0.6734996437768351,0.5777777777777777,0.0,0.0,0.0,0.0,0.0,0.0,0.0,0.0,0.0,,,,,18473,global,0.4
4,4,lr1e-04_bs32_modL1_fusion32_fusionL1_fusionBN0_drop0p2__wd1e-04trmiss40_trlocglobal,32,0.0001,0.0001,1,32,1,False,0.2,lr1e-04_bs32_modL1_fusion32_fusionL1_fusionBN0_drop0p2__wd1e-04trmiss40_trlocglobal,9,0.6348724265893301,0.6870275735855103,0.5753968253968254,0.6549428770650879,0.5555555555555556,0.0,0.0,0.0,0.0,0.0,0.0,0.0,0.0,0.0,,,,,18473,global,0.4
4,4,lr1e-04_bs32_modL1_fusion32_fusionL1_fusionBN0_drop0p2__wd1e-04trmiss40_trlocglobal,32,0.0001,0.0001,1,32,1,False,0.2,lr1e-04_bs32_modL1_fusion32_fusionL1_fusionBN0_drop0p2__wd1e-04trmiss40_trlocglobal,10,0.6371972958246866,0.6882131099700928,0.5674603174603174,0.6683359116295904,0.5777777777777777,0.0,0.0,0.0,0.0,0.0,0.0,0.0,0.0,0.0,,,,,18473,global,0.4
4,4,lr1e-04_bs32_modL1_fusion32_fusionL1_fusionBN0_drop0p2__wd1e-04trmiss40_trlocglobal,32,0.0001,0.0001,1,32,1,False,0.2,lr1e-04_bs32_modL1_fusion32_fusionL1_fusionBN0_drop0p2__wd1e-04trmiss40_trlocglobal,11,0.6319510142008463,0.6891430616378784,0.5575396825396826,0.643087052910337,0.5777777777777777,0.0,0.0,0.0,0.0,0.0,0.0,0.0,0.0,0.0,,,,,18473,global,0.4
4,4,lr1e-04_bs32_modL1_fusion32_fusionL1_fusionBN0_drop0p2__wd1e-04trmiss40_trlocglobal,32,0.0001,0.0001,1,32,1,False,0.2,lr1e-04_bs32_modL1_fusion32_fusionL1_fusionBN0_drop0p2__wd1e-04trmiss40_trlocglobal,12,0.6213313738505045,0.6877556443214417,0.5634920634920635,0.6593030551781685,0.5777777777777777,0.0,0.0,0.0,0.0,0.0,0.0,0.0,0.0,0.0,,,,,18473,global,0.4
4,4,lr1e-04_bs32_modL1_fusion32_fusionL1_fusionBN0_drop0p2__wd1e-04trmiss40_trlocglobal,32,0.0001,0.0001,1,32,1,False,0.2,lr1e-04_bs32_modL1_fusion32_fusionL1_fusionBN0_drop0p2__wd1e-04trmiss40_trlocglobal,13,0.6157670815785726,0.6882446110248566,0.5674603174603174,0.66284802577438,0.5333333333333333,0.0,0.0,0.0,0.0,0.0,0.0,0.0,0.0,0.0,,,,,18473,global,0.4
4,4,lr1e-04_bs32_modL1_fusion32_fusionL1_fusionBN0_drop0p2__wd1e-04trmiss40_trlocglobal,32,0.0001,0.0001,1,32,1,False,0.2,lr1e-04_bs32_modL1_fusion32_fusionL1_fusionBN0_drop0p2__wd1e-04trmiss40_trlocglobal,14,0.6157243251800537,0.6893870532512665,0.5555555555555556,0.6281294471374426,0.5333333333333333,0.0,0.0,0.0,0.0,0.0,0.0,0.0,0.0,0.0,,,,,18473,global,0.4
4,4,lr1e-04_bs32_modL1_fusion32_fusionL1_fusionBN0_drop0p2__wd1e-04trmiss40_trlocglobal,32,0.0001,0.0001,1,32,1,False,0.2,lr1e-04_bs32_modL1_fusion32_fusionL1_fusionBN0_drop0p2__wd1e-04trmiss40_trlocglobal,15,0.6133687794208527,0.6903106570243835,0.5476190476190477,0.6131954173768595,0.5555555555555556,0.0,0.0,0.0,0.0,0.0,0.0,0.0,0.0,0.0,,,,,18473,global,0.4
4,4,lr1e-04_bs32_modL1_fusion32_fusionL1_fusionBN0_drop0p2__wd1e-04trmiss40_trlocglobal,32,0.0001,0.0001,1,32,1,False,0.2,lr1e-04_bs32_modL1_fusion32_fusionL1_fusionBN0_drop0p2__wd1e-04trmiss40_trlocglobal,16,0.5960496465365092,0.6886927485466003,0.5535714285714286,0.623926054359181,0.5333333333333333,0.0,0.0,0.0,0.0,0.0,0.0,0.0,0.0,0.0,,,,,18473,global,0.4
4,4,lr1e-04_bs32_modL1_fusion32_fusionL1_fusionBN0_drop0p2__wd1e-04trmiss40_trlocglobal,32,0.0001,0.0001,1,32,1,False,0.2,lr1e-04_bs32_modL1_fusion32_fusionL1_fusionBN0_drop0p2__wd1e-04trmiss40_trlocglobal,17,0.5974056422710419,0.6926555633544922,0.5456349206349207,0.6149028782038006,0.5555555555555556,0.0,0.0,0.0,0.0,0.0,0.0,0.0,0.0,0.0,,,,,18473,global,0.4
4,4,lr1e-04_bs32_modL1_fusion32_fusionL1_fusionBN0_drop0p2__wd1e-04trmiss40_trlocglobal,32,0.0001,0.0001,1,32,1,False,0.2,lr1e-04_bs32_modL1_fusion32_fusionL1_fusionBN0_drop0p2__wd1e-04trmiss40_trlocglobal,18,0.5908290644486746,0.6952151954174042,0.5357142857142858,0.6109743697803622,0.5555555555555556,0.0,0.0,0.0,0.0,0.0,0.0,0.0,0.0,0.0,,,,,18473,global,0.4
4,4,lr1e-04_bs32_modL1_fusion32_fusionL1_fusionBN0_drop0p2__wd1e-04trmiss40_trlocglobal,32,0.0001,0.0001,1,32,1,False,0.2,lr1e-04_bs32_modL1_fusion32_fusionL1_fusionBN0_drop0p2__wd1e-04trmiss40_trlocglobal,19,0.5844308932622274,0.6896840333938599,0.5694444444444445,0.631475871159418,0.5777777777777777,0.0,0.0,0.0,0.0,0.0,0.0,0.0,0.0,0.0,,,,,18473,global,0.4
4,4,lr1e-04_bs32_modL1_fusion32_fusionL1_fusionBN0_drop0p2__wd1e-04trmiss40_trlocglobal,32,0.0001,0.0001,1,32,1,False,0.2,lr1e-04_bs32_modL1_fusion32_fusionL1_fusionBN0_drop0p2__wd1e-04trmiss40_trlocglobal,20,0.5860716899236044,0.6909260451793671,0.5535714285714285,0.6155428935952809,0.6,0.0,0.0,0.0,0.0,0.0,0.0,0.0,0.0,0.0,,,,,18473,global,0.4
4,4,lr1e-04_bs32_modL1_fusion32_fusionL1_fusionBN0_drop0p2__wd1e-04trmiss40_trlocglobal,32,0.0001,0.0001,1,32,1,False,0.2,lr1e-04_bs32_modL1_fusion32_fusionL1_fusionBN0_drop0p2__wd1e-04trmiss40_trlocglobal,21,0.5793310006459554,0.6892233788967133,0.5595238095238095,0.6240193141312987,0.5777777777777777,0.0,0.0,0.0,0.0,0.0,0.0,0.0,0.0,0.0,,,,,18473,global,0.4
4,4,lr1e-04_bs32_modL1_fusion32_fusionL1_fusionBN0_drop0p2__wd1e-04trmiss40_trlocglobal,32,0.0001,0.0001,1,32,1,False,0.2,lr1e-04_bs32_modL1_fusion32_fusionL1_fusionBN0_drop0p2__wd1e-04trmiss40_trlocglobal,22,0.5794682800769806,0.6871747970581055,0.5793650793650794,0.6401853958907228,0.6,0.0,0.0,0.0,0.0,0.0,0.0,0.0,0.0,0.0,,,,,18473,global,0.4
4,4,lr1e-04_bs32_modL1_fusion32_fusionL1_fusionBN0_drop0p2__wd1e-04trmiss40_trlocglobal,32,0.0001,0.0001,1,32,1,False,0.2,lr1e-04_bs32_modL1_fusion32_fusionL1_fusionBN0_drop0p2__wd1e-04trmiss40_trlocglobal,23,0.5666769941647848,0.6880640685558319,0.5793650793650794,0.6364662909172455,0.6,0.0,0.0,0.0,0.0,0.0,0.0,0.0,0.0,0.0,,,,,18473,global,0.4
4,4,lr1e-04_bs32_modL1_fusion32_fusionL1_fusionBN0_drop0p2__wd1e-04trmiss40_trlocglobal,32,0.0001,0.0001,1,32,1,False,0.2,lr1e-04_bs32_modL1_fusion32_fusionL1_fusionBN0_drop0p2__wd1e-04trmiss40_trlocglobal,24,0.5766087075074514,0.6894637048244476,0.5694444444444445,0.6306069506703174,0.5777777777777777,0.0,0.0,0.0,0.0,0.0,0.0,0.0,0.0,0.0,,,,,18473,global,0.4
4,4,lr1e-04_bs32_modL1_fusion32_fusionL1_fusionBN0_drop0p2__wd1e-04trmiss40_trlocglobal,32,0.0001,0.0001,1,32,1,False,0.2,lr1e-04_bs32_modL1_fusion32_fusionL1_fusionBN0_drop0p2__wd1e-04trmiss40_trlocglobal,25,0.5658757090568542,0.6884863972663879,0.5734126984126985,0.6211543446797213,0.6,0.0,0.0,0.0,0.0,0.0,0.0,0.0,0.0,0.0,,,,,18473,global,0.4
4,4,lr1e-04_bs32_modL1_fusion32_fusionL1_fusionBN0_drop0p2__wd1e-04trmiss40_trlocglobal,32,0.0001,0.0001,1,32,1,False,0.2,lr1e-04_bs32_modL1_fusion32_fusionL1_fusionBN0_drop0p2__wd1e-04trmiss40_trlocglobal,26,0.5519886712233225,0.6890197098255157,0.5873015873015873,0.6632266078449282,0.5777777777777777,0.0,0.0,0.0,0.0,0.0,0.0,0.0,0.0,0.0,,,,,18473,global,0.4
4,4,lr1e-04_bs32_modL1_fusion32_fusionL1_fusionBN0_drop0p2__wd1e-04trmiss40_trlocglobal,32,0.0001,0.0001,1,32,1,False,0.2,lr1e-04_bs32_modL1_fusion32_fusionL1_fusionBN0_drop0p2__wd1e-04trmiss40_trlocglobal,27,0.5589487651983897,0.6863560676574707,0.6011904761904763,0.6634022054258236,0.6444444444444445,0.0,0.0,0.0,0.0,0.0,0.0,0.0,0.0,0.0,,,,,18473,global,0.4
4,4,lr1e-04_bs32_modL1_fusion32_fusionL1_fusionBN0_drop0p2__wd1e-04trmiss40_trlocglobal,32,0.0001,0.0001,1,32,1,False,0.2,lr1e-04_bs32_modL1_fusion32_fusionL1_fusionBN0_drop0p2__wd1e-04trmiss40_trlocglobal,28,0.5615101059277853,0.682882696390152,0.5972222222222223,0.655322640715504,0.6222222222222222,0.0,0.0,0.0,0.0,0.0,0.0,0.0,0.0,0.0,,,,,18473,global,0.4
4,4,lr1e-04_bs32_modL1_fusion32_fusionL1_fusionBN0_drop0p1__wd1e-04trmiss40_trlocglobal,32,0.0001,0.0001,1,32,1,False,0.1,lr1e-04_bs32_modL1_fusion32_fusionL1_fusionBN0_drop0p1__wd1e-04trmiss40_trlocglobal,1,0.7013611594835917,0.6774585545063019,0.7162698412698413,0.7361442275730837,0.6222222222222222,0.0,0.0,0.0,0.0,0.0,0.0,0.0,0.0,0.0,,,,,18473,global,0.4
4,4,lr1e-04_bs32_modL1_fusion32_fusionL1_fusionBN0_drop0p1__wd1e-04trmiss40_trlocglobal,32,0.0001,0.0001,1,32,1,False,0.1,lr1e-04_bs32_modL1_fusion32_fusionL1_fusionBN0_drop0p1__wd1e-04trmiss40_trlocglobal,2,0.6737589140733083,0.6733469367027283,0.7242063492063492,0.7488703888684307,0.6222222222222222,0.0,0.0,0.0,0.0,0.0,0.0,0.0,0.0,0.0,,,,,18473,global,0.4
4,4,lr1e-04_bs32_modL1_fusion32_fusionL1_fusionBN0_drop0p1__wd1e-04trmiss40_trlocglobal,32,0.0001,0.0001,1,32,1,False,0.1,lr1e-04_bs32_modL1_fusion32_fusionL1_fusionBN0_drop0p1__wd1e-04trmiss40_trlocglobal,3,0.665441612402598,0.6732485294342041,0.7242063492063492,0.7548629654967831,0.6222222222222222,0.0,0.0,0.0,0.0,0.0,0.0,0.0,0.0,0.0,,,,,18473,global,0.4
4,4,lr1e-04_bs32_modL1_fusion32_fusionL1_fusionBN0_drop0p1__wd1e-04trmiss40_trlocglobal,32,0.0001,0.0001,1,32,1,False,0.1,lr1e-04_bs32_modL1_fusion32_fusionL1_fusionBN0_drop0p1__wd1e-04trmiss40_trlocglobal,4,0.6577327251434326,0.6742402613162994,0.7063492063492063,0.7569305257914127,0.6222222222222222,0.0,0.0,0.0,0.0,0.0,0.0,0.0,0.0,0.0,,,,,18473,global,0.4
4,4,lr1e-04_bs32_modL1_fusion32_fusionL1_fusionBN0_drop0p1__wd1e-04trmiss40_trlocglobal,32,0.0001,0.0001,1,32,1,False,0.1,lr1e-04_bs32_modL1_fusion32_fusionL1_fusionBN0_drop0p1__wd1e-04trmiss40_trlocglobal,5,0.64246466755867,0.6730547547340393,0.7083333333333333,0.7673808574452803,0.6222222222222222,0.0,0.0,0.0,0.0,0.0,0.0,0.0,0.0,0.0,,,,,18473,global,0.4
4,4,lr1e-04_bs32_modL1_fusion32_fusionL1_fusionBN0_drop0p1__wd1e-04trmiss40_trlocglobal,32,0.0001,0.0001,1,32,1,False,0.1,lr1e-04_bs32_modL1_fusion32_fusionL1_fusionBN0_drop0p1__wd1e-04trmiss40_trlocglobal,6,0.638954093058904,0.6733910441398621,0.6964285714285714,0.7595106387738932,0.6,0.0,0.0,0.0,0.0,0.0,0.0,0.0,0.0,0.0,,,,,18473,global,0.4
4,4,lr1e-04_bs32_modL1_fusion32_fusionL1_fusionBN0_drop0p1__wd1e-04trmiss40_trlocglobal,32,0.0001,0.0001,1,32,1,False,0.1,lr1e-04_bs32_modL1_fusion32_fusionL1_fusionBN0_drop0p1__wd1e-04trmiss40_trlocglobal,7,0.627906729777654,0.6735984683036804,0.6646825396825398,0.7386376164244286,0.6,0.0,0.0,0.0,0.0,0.0,0.0,0.0,0.0,0.0,,,,,18473,global,0.4
4,4,lr1e-04_bs32_modL1_fusion32_fusionL1_fusionBN0_drop0p1__wd1e-04trmiss40_trlocglobal,32,0.0001,0.0001,1,32,1,False,0.1,lr1e-04_bs32_modL1_fusion32_fusionL1_fusionBN0_drop0p1__wd1e-04trmiss40_trlocglobal,8,0.6170127689838409,0.6738993525505066,0.6567460317460317,0.7258044672746704,0.6222222222222222,0.0,0.0,0.0,0.0,0.0,0.0,0.0,0.0,0.0,,,,,18473,global,0.4
4,4,lr1e-04_bs32_modL1_fusion32_fusionL1_fusionBN0_drop0p1__wd1e-04trmiss40_trlocglobal,32,0.0001,0.0001,1,32,1,False,0.1,lr1e-04_bs32_modL1_fusion32_fusionL1_fusionBN0_drop0p1__wd1e-04trmiss40_trlocglobal,9,0.6073386371135712,0.6717388331890106,0.6587301587301587,0.7132195895540767,0.6222222222222222,0.0,0.0,0.0,0.0,0.0,0.0,0.0,0.0,0.0,,,,,18473,global,0.4
4,4,lr1e-04_bs32_modL1_fusion32_fusionL1_fusionBN0_drop0p1__wd1e-04trmiss40_trlocglobal,32,0.0001,0.0001,1,32,1,False,0.1,lr1e-04_bs32_modL1_fusion32_fusionL1_fusionBN0_drop0p1__wd1e-04trmiss40_trlocglobal,10,0.6025544504324595,0.6678574085235596,0.6746031746031746,0.7227144615704865,0.6222222222222222,0.0,0.0,0.0,0.0,0.0,0.0,0.0,0.0,0.0,,,,,18473,global,0.4
4,4,lr1e-04_bs32_modL1_fusion32_fusionL1_fusionBN0_drop0p1__wd1e-04trmiss40_trlocglobal,32,0.0001,0.0001,1,32,1,False,0.1,lr1e-04_bs32_modL1_fusion32_fusionL1_fusionBN0_drop0p1__wd1e-04trmiss40_trlocglobal,11,0.5956080754597982,0.6706666648387909,0.6408730158730159,0.7060723063222207,0.6,0.0,0.0,0.0,0.0,0.0,0.0,0.0,0.0,0.0,,,,,18473,global,0.4
4,4,lr1e-04_bs32_modL1_fusion32_fusionL1_fusionBN0_drop0p1__wd1e-04trmiss40_trlocglobal,32,0.0001,0.0001,1,32,1,False,0.1,lr1e-04_bs32_modL1_fusion32_fusionL1_fusionBN0_drop0p1__wd1e-04trmiss40_trlocglobal,12,0.5913145442803701,0.6710427105426788,0.6250000000000001,0.693448808751445,0.5555555555555556,0.0,0.0,0.0,0.0,0.0,0.0,0.0,0.0,0.0,,,,,18473,global,0.4
4,4,lr1e-04_bs32_modL1_fusion32_fusionL1_fusionBN0_drop0p1__wd1e-04trmiss40_trlocglobal,32,0.0001,0.0001,1,32,1,False,0.1,lr1e-04_bs32_modL1_fusion32_fusionL1_fusionBN0_drop0p1__wd1e-04trmiss40_trlocglobal,13,0.5811838010946909,0.6707645356655121,0.6567460317460317,0.6984627022583005,0.5777777777777777,0.0,0.0,0.0,0.0,0.0,0.0,0.0,0.0,0.0,,,,,18473,global,0.4
4,4,lr1e-04_bs32_modL1_fusion32_fusionL1_fusionBN0_drop0p1__wd1e-04trmiss40_trlocglobal,32,0.0001,0.0001,1,32,1,False,0.1,lr1e-04_bs32_modL1_fusion32_fusionL1_fusionBN0_drop0p1__wd1e-04trmiss40_trlocglobal,14,0.5780223111311594,0.6714594066143036,0.6388888888888888,0.6869534651382607,0.5777777777777777,0.0,0.0,0.0,0.0,0.0,0.0,0.0,0.0,0.0,,,,,18473,global,0.4
4,4,lr1e-04_bs32_modL1_fusion32_fusionL1_fusionBN0_drop0p1__wd1e-04trmiss40_trlocglobal,32,0.0001,0.0001,1,32,1,False,0.1,lr1e-04_bs32_modL1_fusion32_fusionL1_fusionBN0_drop0p1__wd1e-04trmiss40_trlocglobal,15,0.5702662666638693,0.6733785271644592,0.6031746031746031,0.6846484907852253,0.6,0.0,0.0,0.0,0.0,0.0,0.0,0.0,0.0,0.0,,,,,18473,global,0.4
4,4,lr1e-04_bs32_modL1_fusion32_fusionL1_fusionBN0_drop0p1__wd1e-04trmiss40_trlocglobal,32,0.0001,0.0001,1,32,1,False,0.1,lr1e-04_bs32_modL1_fusion32_fusionL1_fusionBN0_drop0p1__wd1e-04trmiss40_trlocglobal,16,0.5618493656317393,0.6694298386573792,0.6408730158730159,0.7088196620371209,0.5777777777777777,0.0,0.0,0.0,0.0,0.0,0.0,0.0,0.0,0.0,,,,,18473,global,0.4
4,4,lr1e-04_bs32_modL1_fusion32_fusionL1_fusionBN0_drop0p1__wd1e-04trmiss40_trlocglobal,32,0.0001,0.0001,1,32,1,False,0.1,lr1e-04_bs32_modL1_fusion32_fusionL1_fusionBN0_drop0p1__wd1e-04trmiss40_trlocglobal,17,0.5615353882312775,0.6696134805679321,0.6349206349206349,0.6996803300712136,0.5555555555555556,0.0,0.0,0.0,0.0,0.0,0.0,0.0,0.0,0.0,,,,,18473,global,0.4
4,4,lr1e-04_bs32_modL1_fusion32_fusionL1_fusionBN0_drop0p1__wd1e-04trmiss40_trlocglobal,32,0.0001,0.0001,1,32,1,False,0.1,lr1e-04_bs32_modL1_fusion32_fusionL1_fusionBN0_drop0p1__wd1e-04trmiss40_trlocglobal,18,0.5488302409648895,0.6718249320983887,0.6111111111111112,0.6795261371481506,0.5777777777777777,0.0,0.0,0.0,0.0,0.0,0.0,0.0,0.0,0.0,,,,,18473,global,0.4
4,4,lr1e-04_bs32_modL1_fusion32_fusionL1_fusionBN0_drop0p1__wd1e-04trmiss40_trlocglobal,32,0.0001,0.0001,1,32,1,False,0.1,lr1e-04_bs32_modL1_fusion32_fusionL1_fusionBN0_drop0p1__wd1e-04trmiss40_trlocglobal,19,0.5393455425898234,0.66997230052948,0.623015873015873,0.6815722574719076,0.6,0.0,0.0,0.0,0.0,0.0,0.0,0.0,0.0,0.0,,,,,18473,global,0.4
4,4,lr1e-04_bs32_modL1_fusion32_fusionL1_fusionBN0_drop0p1__wd1e-04trmiss40_trlocglobal,32,0.0001,0.0001,1,32,1,False,0.1,lr1e-04_bs32_modL1_fusion32_fusionL1_fusionBN0_drop0p1__wd1e-04trmiss40_trlocglobal,20,0.5292852918306986,0.6678110361099243,0.625,0.6726626023218217,0.5777777777777777,0.0,0.0,0.0,0.0,0.0,0.0,0.0,0.0,0.0,,,,,18473,global,0.4
4,4,lr1e-04_bs32_modL1_fusion32_fusionL1_fusionBN0_drop0p1__wd1e-04trmiss40_trlocglobal,32,0.0001,0.0001,1,32,1,False,0.1,lr1e-04_bs32_modL1_fusion32_fusionL1_fusionBN0_drop0p1__wd1e-04trmiss40_trlocglobal,21,0.5372418463230133,0.6691722869873047,0.6130952380952381,0.673355507879704,0.5333333333333333,0.0,0.0,0.0,0.0,0.0,0.0,0.0,0.0,0.0,,,,,18473,global,0.4
4,4,lr1e-04_bs32_modL1_fusion32_fusionL1_fusionBN0_drop0p1__wd1e-04trmiss40_trlocglobal,32,0.0001,0.0001,1,32,1,False,0.1,lr1e-04_bs32_modL1_fusion32_fusionL1_fusionBN0_drop0p1__wd1e-04trmiss40_trlocglobal,22,0.5276036461194357,0.6684352457523346,0.6170634920634921,0.6761768973353982,0.5555555555555556,0.0,0.0,0.0,0.0,0.0,0.0,0.0,0.0,0.0,,,,,18473,global,0.4
4,4,lr1e-04_bs32_modL1_fusion32_fusionL1_fusionBN0_drop0p1__wd1e-04trmiss40_trlocglobal,32,0.0001,0.0001,1,32,1,False,0.1,lr1e-04_bs32_modL1_fusion32_fusionL1_fusionBN0_drop0p1__wd1e-04trmiss40_trlocglobal,23,0.521336833635966,0.6687577068805695,0.628968253968254,0.6764690705270989,0.5777777777777777,0.0,0.0,0.0,0.0,0.0,0.0,0.0,0.0,0.0,,,,,18473,global,0.4
4,4,lr1e-04_bs32_modL1_fusion32_fusionL1_fusionBN0_drop0p1__wd1e-04trmiss40_trlocglobal,32,0.0001,0.0001,1,32,1,False,0.1,lr1e-04_bs32_modL1_fusion32_fusionL1_fusionBN0_drop0p1__wd1e-04trmiss40_trlocglobal,24,0.5083863437175751,0.6696240603923798,0.611111111111111,0.6776547179495803,0.5111111111111111,0.0,0.0,0.0,0.0,0.0,0.0,0.0,0.0,0.0,,,,,18473,global,0.4
4,4,lr1e-04_bs32_modL1_fusion32_fusionL1_fusionBN0_drop0p1__wd1e-04trmiss40_trlocglobal,32,0.0001,0.0001,1,32,1,False,0.1,lr1e-04_bs32_modL1_fusion32_fusionL1_fusionBN0_drop0p1__wd1e-04trmiss40_trlocglobal,25,0.5080998539924622,0.67120561003685,0.6071428571428572,0.6627601199225943,0.5333333333333333,0.0,0.0,0.0,0.0,0.0,0.0,0.0,0.0,0.0,,,,,18473,global,0.4
4,4,lr5e-05_bs32_modL1_fusion16_fusionL1_fusionBN0_drop0p2__wd1e-04trmiss40_trlocglobal,32,5e-05,0.0001,1,16,1,False,0.2,lr5e-05_bs32_modL1_fusion16_fusionL1_fusionBN0_drop0p2__wd1e-04trmiss40_trlocglobal,1,0.6945483783880869,0.6898490786552429,0.5456349206349207,0.6666904600841004,0.4666666666666667,0.0,0.0,0.0,0.0,0.0,0.0,0.0,0.0,0.0,,,,,18473,global,0.4
4,4,lr5e-05_bs32_modL1_fusion16_fusionL1_fusionBN0_drop0p2__wd1e-04trmiss40_trlocglobal,32,5e-05,0.0001,1,16,1,False,0.2,lr5e-05_bs32_modL1_fusion16_fusionL1_fusionBN0_drop0p2__wd1e-04trmiss40_trlocglobal,2,0.6883831222852071,0.6880742311477661,0.5535714285714286,0.6713192043496591,0.5333333333333333,0.0,0.0,0.0,0.0,0.0,0.0,0.0,0.0,0.0,,,,,18473,global,0.4
4,4,lr5e-05_bs32_modL1_fusion16_fusionL1_fusionBN0_drop0p2__wd1e-04trmiss40_trlocglobal,32,5e-05,0.0001,1,16,1,False,0.2,lr5e-05_bs32_modL1_fusion16_fusionL1_fusionBN0_drop0p2__wd1e-04trmiss40_trlocglobal,3,0.6776451667149862,0.6868292987346649,0.5535714285714285,0.6573549114071642,0.5777777777777777,0.0,0.0,0.0,0.0,0.0,0.0,0.0,0.0,0.0,,,,,18473,global,0.4
4,4,lr5e-05_bs32_modL1_fusion16_fusionL1_fusionBN0_drop0p2__wd1e-04trmiss40_trlocglobal,32,5e-05,0.0001,1,16,1,False,0.2,lr5e-05_bs32_modL1_fusion16_fusionL1_fusionBN0_drop0p2__wd1e-04trmiss40_trlocglobal,4,0.6779793401559194,0.6856986284255981,0.5496031746031746,0.6572169047486419,0.6,0.0,0.0,0.0,0.0,0.0,0.0,0.0,0.0,0.0,,,,,18473,global,0.4
4,4,lr5e-05_bs32_modL1_fusion16_fusionL1_fusionBN0_drop0p2__wd1e-04trmiss40_trlocglobal,32,5e-05,0.0001,1,16,1,False,0.2,lr5e-05_bs32_modL1_fusion16_fusionL1_fusionBN0_drop0p2__wd1e-04trmiss40_trlocglobal,5,0.6635161141554514,0.6862800419330597,0.5277777777777779,0.6394459637573028,0.5333333333333333,0.0,0.0,0.0,0.0,0.0,0.0,0.0,0.0,0.0,,,,,18473,global,0.4
4,4,lr5e-05_bs32_modL1_fusion16_fusionL1_fusionBN0_drop0p2__wd1e-04trmiss40_trlocglobal,32,5e-05,0.0001,1,16,1,False,0.2,lr5e-05_bs32_modL1_fusion16_fusionL1_fusionBN0_drop0p2__wd1e-04trmiss40_trlocglobal,6,0.6527927120526632,0.6873616874217987,0.5158730158730158,0.6417137942965704,0.5111111111111111,0.0,0.0,0.0,0.0,0.0,0.0,0.0,0.0,0.0,,,,,18473,global,0.4
4,4,lr5e-05_bs32_modL1_fusion16_fusionL1_fusionBN0_drop0p2__wd1e-04trmiss40_trlocglobal,32,5e-05,0.0001,1,16,1,False,0.2,lr5e-05_bs32_modL1_fusion16_fusionL1_fusionBN0_drop0p2__wd1e-04trmiss40_trlocglobal,7,0.656356930732727,0.6884752511978149,0.511904761904762,0.645427620774083,0.4888888888888889,0.0,0.0,0.0,0.0,0.0,0.0,0.0,0.0,0.0,,,,,18473,global,0.4
4,4,lr5e-05_bs32_modL1_fusion16_fusionL1_fusionBN0_drop0p2__wd1e-04trmiss40_trlocglobal,32,5e-05,0.0001,1,16,1,False,0.2,lr5e-05_bs32_modL1_fusion16_fusionL1_fusionBN0_drop0p2__wd1e-04trmiss40_trlocglobal,8,0.6550501386324564,0.6899034380912781,0.5138888888888888,0.6424237372687237,0.5111111111111111,0.0,0.0,0.0,0.0,0.0,0.0,0.0,0.0,0.0,,,,,18473,global,0.4
4,4,lr5e-05_bs32_modL1_fusion16_fusionL1_fusionBN0_drop0p2__wd1e-04trmiss40_trlocglobal,32,5e-05,0.0001,1,16,1,False,0.2,lr5e-05_bs32_modL1_fusion16_fusionL1_fusionBN0_drop0p2__wd1e-04trmiss40_trlocglobal,9,0.6454710364341736,0.6914349496364594,0.5119047619047619,0.6332911580581535,0.5111111111111111,0.0,0.0,0.0,0.0,0.0,0.0,0.0,0.0,0.0,,,,,18473,global,0.4
4,4,lr5e-05_bs32_modL1_fusion16_fusionL1_fusionBN0_drop0p2__wd1e-04trmiss40_trlocglobal,32,5e-05,0.0001,1,16,1,False,0.2,lr5e-05_bs32_modL1_fusion16_fusionL1_fusionBN0_drop0p2__wd1e-04trmiss40_trlocglobal,10,0.6432885825634003,0.6918538510799408,0.5079365079365079,0.6128819907867252,0.5111111111111111,0.0,0.0,0.0,0.0,0.0,0.0,0.0,0.0,0.0,,,,,18473,global,0.4
4,4,lr5e-05_bs32_modL1_fusion16_fusionL1_fusionBN0_drop0p2__wd1e-04trmiss40_trlocglobal,32,5e-05,0.0001,1,16,1,False,0.2,lr5e-05_bs32_modL1_fusion16_fusionL1_fusionBN0_drop0p2__wd1e-04trmiss40_trlocglobal,11,0.6411123275756836,0.6909456849098206,0.5337301587301588,0.6238772168612856,0.5111111111111111,0.0,0.0,0.0,0.0,0.0,0.0,0.0,0.0,0.0,,,,,18473,global,0.4
4,4,lr5e-05_bs32_modL1_fusion16_fusionL1_fusionBN0_drop0p2__wd1e-04trmiss40_trlocglobal,32,5e-05,0.0001,1,16,1,False,0.2,lr5e-05_bs32_modL1_fusion16_fusionL1_fusionBN0_drop0p2__wd1e-04trmiss40_trlocglobal,12,0.6401439706484476,0.690824031829834,0.5456349206349207,0.6274997858057306,0.5111111111111111,0.0,0.0,0.0,0.0,0.0,0.0,0.0,0.0,0.0,,,,,18473,global,0.4
4,4,lr5e-05_bs32_modL1_fusion16_fusionL1_fusionBN0_drop0p2__wd1e-04trmiss40_trlocglobal,32,5e-05,0.0001,1,16,1,False,0.2,lr5e-05_bs32_modL1_fusion16_fusionL1_fusionBN0_drop0p2__wd1e-04trmiss40_trlocglobal,13,0.6339020530382792,0.6899406313896179,0.5436507936507937,0.6268950342598795,0.4888888888888889,0.0,0.0,0.0,0.0,0.0,0.0,0.0,0.0,0.0,,,,,18473,global,0.4
4,4,lr5e-05_bs32_modL1_fusion16_fusionL1_fusionBN0_drop0p2__wd1e-04trmiss40_trlocglobal,32,5e-05,0.0001,1,16,1,False,0.2,lr5e-05_bs32_modL1_fusion16_fusionL1_fusionBN0_drop0p2__wd1e-04trmiss40_trlocglobal,14,0.6341700752576193,0.6889467239379883,0.5416666666666667,0.632633422621043,0.5333333333333333,0.0,0.0,0.0,0.0,0.0,0.0,0.0,0.0,0.0,,,,,18473,global,0.4
4,4,lr5e-05_bs32_modL1_fusion16_fusionL1_fusionBN0_drop0p2__wd1e-04trmiss40_trlocglobal,32,5e-05,0.0001,1,16,1,False,0.2,lr5e-05_bs32_modL1_fusion16_fusionL1_fusionBN0_drop0p2__wd1e-04trmiss40_trlocglobal,15,0.6308405896027883,0.6880935728549957,0.5337301587301587,0.6260517523985394,0.5555555555555556,0.0,0.0,0.0,0.0,0.0,0.0,0.0,0.0,0.0,,,,,18473,global,0.4
4,4,lr5e-05_bs32_modL1_fusion16_fusionL1_fusionBN0_drop0p2__wd1e-04trmiss40_trlocglobal,32,5e-05,0.0001,1,16,1,False,0.2,lr5e-05_bs32_modL1_fusion16_fusionL1_fusionBN0_drop0p2__wd1e-04trmiss40_trlocglobal,16,0.6347147425015768,0.6878531277179718,0.5317460317460317,0.6292358935125474,0.5555555555555556,0.0,0.0,0.0,0.0,0.0,0.0,0.0,0.0,0.0,,,,,18473,global,0.4
4,4,lr5e-05_bs32_modL1_fusion16_fusionL1_fusionBN0_drop0p2__wd1e-04trmiss40_trlocglobal,32,5e-05,0.0001,1,16,1,False,0.2,lr5e-05_bs32_modL1_fusion16_fusionL1_fusionBN0_drop0p2__wd1e-04trmiss40_trlocglobal,17,0.6261183222134908,0.6873127818107605,0.5535714285714286,0.6426564267547464,0.5555555555555556,0.0,0.0,0.0,0.0,0.0,0.0,0.0,0.0,0.0,,,,,18473,global,0.4
4,4,lr5e-05_bs32_modL1_fusion16_fusionL1_fusionBN0_drop0p2__wd1e-04trmiss40_trlocglobal,32,5e-05,0.0001,1,16,1,False,0.2,lr5e-05_bs32_modL1_fusion16_fusionL1_fusionBN0_drop0p2__wd1e-04trmiss40_trlocglobal,18,0.6207702855269114,0.6865771114826202,0.5496031746031746,0.6385236884317765,0.5555555555555556,0.0,0.0,0.0,0.0,0.0,0.0,0.0,0.0,0.0,,,,,18473,global,0.4
4,4,lr5e-05_bs32_modL1_fusion16_fusionL1_fusionBN0_drop0p2__wd1e-04trmiss40_trlocglobal,32,5e-05,0.0001,1,16,1,False,0.2,lr5e-05_bs32_modL1_fusion16_fusionL1_fusionBN0_drop0p2__wd1e-04trmiss40_trlocglobal,19,0.6206893920898438,0.6859212815761566,0.5595238095238095,0.6472438494660139,0.5111111111111111,0.0,0.0,0.0,0.0,0.0,0.0,0.0,0.0,0.0,,,,,18473,global,0.4
4,4,lr5e-05_bs32_modL1_fusion16_fusionL1_fusionBN0_drop0p2__wd1e-04trmiss40_trlocglobal,32,5e-05,0.0001,1,16,1,False,0.2,lr5e-05_bs32_modL1_fusion16_fusionL1_fusionBN0_drop0p2__wd1e-04trmiss40_trlocglobal,20,0.6126952370007833,0.6848181784152985,0.5515873015873016,0.6421367462517745,0.5555555555555556,0.0,0.0,0.0,0.0,0.0,0.0,0.0,0.0,0.0,,,,,18473,global,0.4
4,4,lr5e-05_bs32_modL1_fusion16_fusionL1_fusionBN0_drop0p2__wd1e-04trmiss40_trlocglobal,32,5e-05,0.0001,1,16,1,False,0.2,lr5e-05_bs32_modL1_fusion16_fusionL1_fusionBN0_drop0p2__wd1e-04trmiss40_trlocglobal,21,0.6115467747052511,0.6850766539573669,0.5654761904761905,0.6605481600295675,0.5555555555555556,0.0,0.0,0.0,0.0,0.0,0.0,0.0,0.0,0.0,,,,,18473,global,0.4
4,4,lr5e-05_bs32_modL1_fusion16_fusionL1_fusionBN0_drop0p2__wd1e-04trmiss40_trlocglobal,32,5e-05,0.0001,1,16,1,False,0.2,lr5e-05_bs32_modL1_fusion16_fusionL1_fusionBN0_drop0p2__wd1e-04trmiss40_trlocglobal,22,0.6109777092933655,0.6865870952606201,0.5496031746031746,0.6444882936964026,0.5555555555555556,0.0,0.0,0.0,0.0,0.0,0.0,0.0,0.0,0.0,,,,,18473,global,0.4
4,4,lr5e-05_bs32_modL1_fusion16_fusionL1_fusionBN0_drop0p2__wd1e-04trmiss40_trlocglobal,32,5e-05,0.0001,1,16,1,False,0.2,lr5e-05_bs32_modL1_fusion16_fusionL1_fusionBN0_drop0p2__wd1e-04trmiss40_trlocglobal,23,0.6112290918827057,0.6880073547363281,0.5436507936507937,0.631554947229313,0.5333333333333333,0.0,0.0,0.0,0.0,0.0,0.0,0.0,0.0,0.0,,,,,18473,global,0.4
4,4,lr5e-05_bs32_modL1_fusion16_fusionL1_fusionBN0_drop0p2__wd1e-04trmiss40_trlocglobal,32,5e-05,0.0001,1,16,1,False,0.2,lr5e-05_bs32_modL1_fusion16_fusionL1_fusionBN0_drop0p2__wd1e-04trmiss40_trlocglobal,24,0.6123523612817129,0.6895964741706848,0.5317460317460317,0.6229826941269698,0.4888888888888889,0.0,0.0,0.0,0.0,0.0,0.0,0.0,0.0,0.0,,,,,18473,global,0.4
4,4,lr5e-05_bs32_modL1_fusion16_fusionL1_fusionBN0_drop0p2__wd1e-04trmiss40_trlocglobal,32,5e-05,0.0001,1,16,1,False,0.2,lr5e-05_bs32_modL1_fusion16_fusionL1_fusionBN0_drop0p2__wd1e-04trmiss40_trlocglobal,25,0.6068256497383118,0.6881714761257172,0.5317460317460317,0.6242848620798045,0.5111111111111111,0.0,0.0,0.0,0.0,0.0,0.0,0.0,0.0,0.0,,,,,18473,global,0.4
4,4,lr5e-05_bs32_modL1_fusion16_fusionL1_fusionBN0_drop0p2__wd1e-04trmiss40_trlocglobal,32,5e-05,0.0001,1,16,1,False,0.2,lr5e-05_bs32_modL1_fusion16_fusionL1_fusionBN0_drop0p2__wd1e-04trmiss40_trlocglobal,26,0.6004498898983002,0.686939150094986,0.5436507936507937,0.6367218938918362,0.5111111111111111,0.0,0.0,0.0,0.0,0.0,0.0,0.0,0.0,0.0,,,,,18473,global,0.4
4,4,lr5e-05_bs32_modL1_fusion16_fusionL1_fusionBN0_drop0p2__wd1e-04trmiss40_trlocglobal,32,5e-05,0.0001,1,16,1,False,0.2,lr5e-05_bs32_modL1_fusion16_fusionL1_fusionBN0_drop0p2__wd1e-04trmiss40_trlocglobal,27,0.603692352771759,0.687995046377182,0.5436507936507937,0.6215811076320984,0.4888888888888889,0.0,0.0,0.0,0.0,0.0,0.0,0.0,0.0,0.0,,,,,18473,global,0.4
4,4,lr5e-05_bs32_modL1_fusion16_fusionL1_fusionBN0_drop0p2__wd1e-04trmiss40_trlocglobal,32,5e-05,0.0001,1,16,1,False,0.2,lr5e-05_bs32_modL1_fusion16_fusionL1_fusionBN0_drop0p2__wd1e-04trmiss40_trlocglobal,28,0.5883631308873495,0.6877434253692627,0.5277777777777778,0.6226363646677961,0.4888888888888889,0.0,0.0,0.0,0.0,0.0,0.0,0.0,0.0,0.0,,,,,18473,global,0.4
4,4,lr5e-05_bs32_modL1_fusion16_fusionL1_fusionBN0_drop0p2__wd1e-04trmiss40_trlocglobal,32,5e-05,0.0001,1,16,1,False,0.2,lr5e-05_bs32_modL1_fusion16_fusionL1_fusionBN0_drop0p2__wd1e-04trmiss40_trlocglobal,29,0.59273694952329,0.6869561970233917,0.5416666666666667,0.6336479648562255,0.5111111111111111,0.0,0.0,0.0,0.0,0.0,0.0,0.0,0.0,0.0,,,,,18473,global,0.4
4,4,lr5e-05_bs32_modL1_fusion16_fusionL1_fusionBN0_drop0p2__wd1e-04trmiss40_trlocglobal,32,5e-05,0.0001,1,16,1,False,0.2,lr5e-05_bs32_modL1_fusion16_fusionL1_fusionBN0_drop0p2__wd1e-04trmiss40_trlocglobal,30,0.5941006541252136,0.6850822567939758,0.5615079365079365,0.6449122631449639,0.5333333333333333,0.0,0.0,0.0,0.0,0.0,0.0,0.0,0.0,0.0,,,,,18473,global,0.4
4,4,lr5e-05_bs32_modL1_fusion16_fusionL1_fusionBN0_drop0p2__wd1e-04trmiss40_trlocglobal,32,5e-05,0.0001,1,16,1,False,0.2,lr5e-05_bs32_modL1_fusion16_fusionL1_fusionBN0_drop0p2__wd1e-04trmiss40_trlocglobal,31,0.5959574480851492,0.685052752494812,0.5555555555555556,0.6414518127766188,0.5555555555555556,0.0,0.0,0.0,0.0,0.0,0.0,0.0,0.0,0.0,,,,,18473,global,0.4
4,4,lr5e-05_bs32_modL1_fusion16_fusionL1_fusionBN0_drop0p2__wd1e-04trmiss40_trlocglobal,32,5e-05,0.0001,1,16,1,False,0.2,lr5e-05_bs32_modL1_fusion16_fusionL1_fusionBN0_drop0p2__wd1e-04trmiss40_trlocglobal,32,0.5930311779181162,0.6869411766529083,0.5456349206349207,0.632795035547388,0.5333333333333333,0.0,0.0,0.0,0.0,0.0,0.0,0.0,0.0,0.0,,,,,18473,global,0.4
4,4,lr5e-05_bs32_modL1_fusion16_fusionL1_fusionBN0_drop0p2__wd1e-04trmiss40_trlocglobal,32,5e-05,0.0001,1,16,1,False,0.2,lr5e-05_bs32_modL1_fusion16_fusionL1_fusionBN0_drop0p2__wd1e-04trmiss40_trlocglobal,33,0.5906871358553568,0.6891290545463562,0.5277777777777778,0.6051872878544351,0.5111111111111111,0.0,0.0,0.0,0.0,0.0,0.0,0.0,0.0,0.0,,,,,18473,global,0.4
4,4,lr5e-05_bs32_modL1_fusion16_fusionL1_fusionBN0_drop0p2__wd1e-04trmiss40_trlocglobal,32,5e-05,0.0001,1,16,1,False,0.2,lr5e-05_bs32_modL1_fusion16_fusionL1_fusionBN0_drop0p2__wd1e-04trmiss40_trlocglobal,34,0.5863218804200491,0.6904549896717072,0.5119047619047619,0.595827593245464,0.5111111111111111,0.0,0.0,0.0,0.0,0.0,0.0,0.0,0.0,0.0,,,,,18473,global,0.4
4,4,lr5e-05_bs32_modL1_fusion16_fusionL1_fusionBN0_drop0p2__wd1e-04trmiss40_trlocglobal,32,5e-05,0.0001,1,16,1,False,0.2,lr5e-05_bs32_modL1_fusion16_fusionL1_fusionBN0_drop0p2__wd1e-04trmiss40_trlocglobal,35,0.5822463432947794,0.6899948120117188,0.5218253968253969,0.6041908838960747,0.5111111111111111,0.0,0.0,0.0,0.0,0.0,0.0,0.0,0.0,0.0,,,,,18473,global,0.4
4,4,lr5e-05_bs32_modL1_fusion16_fusionL1_fusionBN0_drop0p2__wd1e-04trmiss40_trlocglobal,32,5e-05,0.0001,1,16,1,False,0.2,lr5e-05_bs32_modL1_fusion16_fusionL1_fusionBN0_drop0p2__wd1e-04trmiss40_trlocglobal,36,0.5813723603884379,0.687702864408493,0.5436507936507937,0.6341209023361881,0.5333333333333333,0.0,0.0,0.0,0.0,0.0,0.0,0.0,0.0,0.0,,,,,18473,global,0.4
4,4,lr5e-05_bs32_modL1_fusion16_fusionL1_fusionBN0_drop0p2__wd1e-04trmiss40_trlocglobal,32,5e-05,0.0001,1,16,1,False,0.2,lr5e-05_bs32_modL1_fusion16_fusionL1_fusionBN0_drop0p2__wd1e-04trmiss40_trlocglobal,37,0.5851902465025584,0.6873612105846405,0.5416666666666666,0.631158851830533,0.5333333333333333,0.0,0.0,0.0,0.0,0.0,0.0,0.0,0.0,0.0,,,,,18473,global,0.4
4,4,lr5e-05_bs32_modL1_fusion16_fusionL1_fusionBN0_drop0p2__wd1e-04trmiss40_trlocglobal,32,5e-05,0.0001,1,16,1,False,0.2,lr5e-05_bs32_modL1_fusion16_fusionL1_fusionBN0_drop0p2__wd1e-04trmiss40_trlocglobal,38,0.582179973522822,0.6891128718852997,0.5257936507936508,0.6147859751275732,0.4888888888888889,0.0,0.0,0.0,0.0,0.0,0.0,0.0,0.0,0.0,,,,,18473,global,0.4
4,4,lr5e-05_bs32_modL1_fusion16_fusionL1_fusionBN0_drop0p2__wd1e-04trmiss40_trlocglobal,32,5e-05,0.0001,1,16,1,False,0.2,lr5e-05_bs32_modL1_fusion16_fusionL1_fusionBN0_drop0p2__wd1e-04trmiss40_trlocglobal,39,0.5692662298679352,0.690272182226181,0.5238095238095237,0.615860906569883,0.5333333333333333,0.0,0.0,0.0,0.0,0.0,0.0,0.0,0.0,0.0,,,,,18473,global,0.4
4,4,lr5e-05_bs32_modL1_fusion16_fusionL1_fusionBN0_drop0p2__wd1e-04trmiss40_trlocglobal,32,5e-05,0.0001,1,16,1,False,0.2,lr5e-05_bs32_modL1_fusion16_fusionL1_fusionBN0_drop0p2__wd1e-04trmiss40_trlocglobal,40,0.5808973610401154,0.689364492893219,0.5238095238095238,0.6156936021687077,0.5333333333333333,0.0,0.0,0.0,0.0,0.0,0.0,0.0,0.0,0.0,,,,,18473,global,0.4
4,4,lr5e-05_bs32_modL1_fusion16_fusionL1_fusionBN0_drop0p2__wd1e-04trmiss40_trlocglobal,32,5e-05,0.0001,1,16,1,False,0.2,lr5e-05_bs32_modL1_fusion16_fusionL1_fusionBN0_drop0p2__wd1e-04trmiss40_trlocglobal,41,0.5847842395305634,0.6911295056343079,0.5257936507936508,0.6169660243009302,0.5555555555555556,0.0,0.0,0.0,0.0,0.0,0.0,0.0,0.0,0.0,,,,,18473,global,0.4
4,4,lr5e-05_bs32_modL1_fusion16_fusionL1_fusionBN0_drop0p1__wd1e-04trmiss40_trlocglobal,32,5e-05,0.0001,1,16,1,False,0.1,lr5e-05_bs32_modL1_fusion16_fusionL1_fusionBN0_drop0p1__wd1e-04trmiss40_trlocglobal,1,0.68937881787618,0.6965501308441162,0.5099206349206349,0.5334413134411888,0.5333333333333333,0.0,0.0,0.0,0.0,0.0,0.0,0.0,0.0,0.0,,,,,18473,global,0.4
4,4,lr5e-05_bs32_modL1_fusion16_fusionL1_fusionBN0_drop0p1__wd1e-04trmiss40_trlocglobal,32,5e-05,0.0001,1,16,1,False,0.1,lr5e-05_bs32_modL1_fusion16_fusionL1_fusionBN0_drop0p1__wd1e-04trmiss40_trlocglobal,2,0.6746776302655538,0.6948873102664948,0.5456349206349207,0.5674273184172385,0.5777777777777777,0.0,0.0,0.0,0.0,0.0,0.0,0.0,0.0,0.0,,,,,18473,global,0.4
4,4,lr5e-05_bs32_modL1_fusion16_fusionL1_fusionBN0_drop0p1__wd1e-04trmiss40_trlocglobal,32,5e-05,0.0001,1,16,1,False,0.1,lr5e-05_bs32_modL1_fusion16_fusionL1_fusionBN0_drop0p1__wd1e-04trmiss40_trlocglobal,3,0.6646570066610972,0.6917193233966827,0.5753968253968255,0.6089580063727511,0.5777777777777777,0.0,0.0,0.0,0.0,0.0,0.0,0.0,0.0,0.0,,,,,18473,global,0.4
4,4,lr5e-05_bs32_modL1_fusion16_fusionL1_fusionBN0_drop0p1__wd1e-04trmiss40_trlocglobal,32,5e-05,0.0001,1,16,1,False,0.1,lr5e-05_bs32_modL1_fusion16_fusionL1_fusionBN0_drop0p1__wd1e-04trmiss40_trlocglobal,4,0.6512094736099243,0.6888390481472015,0.6111111111111113,0.6404767186650776,0.5777777777777777,0.0,0.0,0.0,0.0,0.0,0.0,0.0,0.0,0.0,,,,,18473,global,0.4
4,4,lr5e-05_bs32_modL1_fusion16_fusionL1_fusionBN0_drop0p1__wd1e-04trmiss40_trlocglobal,32,5e-05,0.0001,1,16,1,False,0.1,lr5e-05_bs32_modL1_fusion16_fusionL1_fusionBN0_drop0p1__wd1e-04trmiss40_trlocglobal,5,0.6395638585090637,0.6855572164058685,0.628968253968254,0.661217726275701,0.5333333333333333,0.0,0.0,0.0,0.0,0.0,0.0,0.0,0.0,0.0,,,,,18473,global,0.4
4,4,lr5e-05_bs32_modL1_fusion16_fusionL1_fusionBN0_drop0p1__wd1e-04trmiss40_trlocglobal,32,5e-05,0.0001,1,16,1,False,0.1,lr5e-05_bs32_modL1_fusion16_fusionL1_fusionBN0_drop0p1__wd1e-04trmiss40_trlocglobal,6,0.6437651415665945,0.6847347617149353,0.623015873015873,0.6675308634305844,0.5777777777777777,0.0,0.0,0.0,0.0,0.0,0.0,0.0,0.0,0.0,,,,,18473,global,0.4
4,4,lr5e-05_bs32_modL1_fusion16_fusionL1_fusionBN0_drop0p1__wd1e-04trmiss40_trlocglobal,32,5e-05,0.0001,1,16,1,False,0.1,lr5e-05_bs32_modL1_fusion16_fusionL1_fusionBN0_drop0p1__wd1e-04trmiss40_trlocglobal,7,0.6375057796637217,0.6843640208244324,0.6289682539682541,0.6720525701900258,0.5777777777777777,0.0,0.0,0.0,0.0,0.0,0.0,0.0,0.0,0.0,,,,,18473,global,0.4
4,4,lr5e-05_bs32_modL1_fusion16_fusionL1_fusionBN0_drop0p1__wd1e-04trmiss40_trlocglobal,32,5e-05,0.0001,1,16,1,False,0.1,lr5e-05_bs32_modL1_fusion16_fusionL1_fusionBN0_drop0p1__wd1e-04trmiss40_trlocglobal,8,0.6277720928192139,0.6833617985248566,0.630952380952381,0.6776882282079862,0.5777777777777777,0.0,0.0,0.0,0.0,0.0,0.0,0.0,0.0,0.0,,,,,18473,global,0.4
4,4,lr5e-05_bs32_modL1_fusion16_fusionL1_fusionBN0_drop0p1__wd1e-04trmiss40_trlocglobal,32,5e-05,0.0001,1,16,1,False,0.1,lr5e-05_bs32_modL1_fusion16_fusionL1_fusionBN0_drop0p1__wd1e-04trmiss40_trlocglobal,9,0.6193536321322123,0.6845608353614807,0.6190476190476191,0.6689302233225304,0.6,0.0,0.0,0.0,0.0,0.0,0.0,0.0,0.0,0.0,,,,,18473,global,0.4
4,4,lr5e-05_bs32_modL1_fusion16_fusionL1_fusionBN0_drop0p1__wd1e-04trmiss40_trlocglobal,32,5e-05,0.0001,1,16,1,False,0.1,lr5e-05_bs32_modL1_fusion16_fusionL1_fusionBN0_drop0p1__wd1e-04trmiss40_trlocglobal,10,0.6200259625911713,0.6847621500492096,0.6071428571428571,0.6575215449389737,0.5555555555555556,0.0,0.0,0.0,0.0,0.0,0.0,0.0,0.0,0.0,,,,,18473,global,0.4
4,4,lr5e-05_bs32_modL1_fusion16_fusionL1_fusionBN0_drop0p1__wd1e-04trmiss40_trlocglobal,32,5e-05,0.0001,1,16,1,False,0.1,lr5e-05_bs32_modL1_fusion16_fusionL1_fusionBN0_drop0p1__wd1e-04trmiss40_trlocglobal,11,0.6095949014027914,0.6848559081554413,0.5972222222222222,0.6660142704018838,0.5777777777777777,0.0,0.0,0.0,0.0,0.0,0.0,0.0,0.0,0.0,,,,,18473,global,0.4
4,4,lr5e-05_bs32_modL1_fusion16_fusionL1_fusionBN0_drop0p1__wd1e-04trmiss40_trlocglobal,32,5e-05,0.0001,1,16,1,False,0.1,lr5e-05_bs32_modL1_fusion16_fusionL1_fusionBN0_drop0p1__wd1e-04trmiss40_trlocglobal,12,0.60819939772288,0.6864141225814819,0.5873015873015873,0.6569988214710593,0.5555555555555556,0.0,0.0,0.0,0.0,0.0,0.0,0.0,0.0,0.0,,,,,18473,global,0.4
4,4,lr5e-05_bs32_modL1_fusion16_fusionL1_fusionBN0_drop0p1__wd1e-04trmiss40_trlocglobal,32,5e-05,0.0001,1,16,1,False,0.1,lr5e-05_bs32_modL1_fusion16_fusionL1_fusionBN0_drop0p1__wd1e-04trmiss40_trlocglobal,13,0.5967379709084829,0.6869901120662689,0.5873015873015873,0.6560111582606137,0.5777777777777777,0.0,0.0,0.0,0.0,0.0,0.0,0.0,0.0,0.0,,,,,18473,global,0.4
4,4,lr5e-05_bs32_modL1_fusion16_fusionL1_fusionBN0_drop0p1__wd1e-04trmiss40_trlocglobal,32,5e-05,0.0001,1,16,1,False,0.1,lr5e-05_bs32_modL1_fusion16_fusionL1_fusionBN0_drop0p1__wd1e-04trmiss40_trlocglobal,14,0.6043029924233755,0.6879330277442932,0.5753968253968255,0.6427073351560161,0.5555555555555556,0.0,0.0,0.0,0.0,0.0,0.0,0.0,0.0,0.0,,,,,18473,global,0.4
4,4,lr5e-05_bs32_modL1_fusion16_fusionL1_fusionBN0_drop0p1__wd1e-04trmiss40_trlocglobal,32,5e-05,0.0001,1,16,1,False,0.1,lr5e-05_bs32_modL1_fusion16_fusionL1_fusionBN0_drop0p1__wd1e-04trmiss40_trlocglobal,15,0.5997365315755209,0.6879759728908539,0.5734126984126984,0.6440215316589033,0.5777777777777777,0.0,0.0,0.0,0.0,0.0,0.0,0.0,0.0,0.0,,,,,18473,global,0.4
4,4,lr5e-05_bs32_modL1_fusion16_fusionL1_fusionBN0_drop0p1__wd1e-04trmiss40_trlocglobal,32,5e-05,0.0001,1,16,1,False,0.1,lr5e-05_bs32_modL1_fusion16_fusionL1_fusionBN0_drop0p1__wd1e-04trmiss40_trlocglobal,16,0.5899212261041006,0.6878686547279358,0.5694444444444445,0.6354584560578171,0.5555555555555556,0.0,0.0,0.0,0.0,0.0,0.0,0.0,0.0,0.0,,,,,18473,global,0.4
4,4,lr5e-05_bs32_modL1_fusion16_fusionL1_fusionBN0_drop0p1__wd1e-04trmiss40_trlocglobal,32,5e-05,0.0001,1,16,1,False,0.1,lr5e-05_bs32_modL1_fusion16_fusionL1_fusionBN0_drop0p1__wd1e-04trmiss40_trlocglobal,17,0.5855975250403086,0.6888988614082336,0.5615079365079365,0.6354377249901815,0.5777777777777777,0.0,0.0,0.0,0.0,0.0,0.0,0.0,0.0,0.0,,,,,18473,global,0.4
4,4,lr5e-05_bs32_modL1_fusion16_fusionL1_fusionBN0_drop0p1__wd1e-04trmiss40_trlocglobal,32,5e-05,0.0001,1,16,1,False,0.1,lr5e-05_bs32_modL1_fusion16_fusionL1_fusionBN0_drop0p1__wd1e-04trmiss40_trlocglobal,18,0.5799124638239542,0.6893040239810944,0.5595238095238095,0.6267192446821854,0.5777777777777777,0.0,0.0,0.0,0.0,0.0,0.0,0.0,0.0,0.0,,,,,18473,global,0.4
4,4,lr5e-05_bs32_modL1_fusion16_fusionL1_fusionBN0_drop0p1__wd1e-04trmiss40_trlocglobal,32,5e-05,0.0001,1,16,1,False,0.1,lr5e-05_bs32_modL1_fusion16_fusionL1_fusionBN0_drop0p1__wd1e-04trmiss40_trlocglobal,19,0.5676570733388265,0.6881689429283142,0.5634920634920635,0.638026587441834,0.5555555555555556,0.0,0.0,0.0,0.0,0.0,0.0,0.0,0.0,0.0,,,,,18473,global,0.4
4,4,lr5e-05_bs32_modL1_fusion16_fusionL1_fusionBN0_drop0p1__wd1e-04trmiss40_trlocglobal,32,5e-05,0.0001,1,16,1,False,0.1,lr5e-05_bs32_modL1_fusion16_fusionL1_fusionBN0_drop0p1__wd1e-04trmiss40_trlocglobal,20,0.5757841269175211,0.6880064606666565,0.5615079365079365,0.6356769513232113,0.5777777777777777,0.0,0.0,0.0,0.0,0.0,0.0,0.0,0.0,0.0,,,,,18473,global,0.4
4,4,lr5e-05_bs32_modL1_fusion16_fusionL1_fusionBN0_drop0p1__wd1e-04trmiss40_trlocglobal,32,5e-05,0.0001,1,16,1,False,0.1,lr5e-05_bs32_modL1_fusion16_fusionL1_fusionBN0_drop0p1__wd1e-04trmiss40_trlocglobal,21,0.5655093789100647,0.6891871392726898,0.5595238095238095,0.6370293920753021,0.5555555555555556,0.0,0.0,0.0,0.0,0.0,0.0,0.0,0.0,0.0,,,,,18473,global,0.4
4,4,lr5e-05_bs32_modL1_fusion16_fusionL1_fusionBN0_drop0p1__wd1e-04trmiss40_trlocglobal,32,5e-05,0.0001,1,16,1,False,0.1,lr5e-05_bs32_modL1_fusion16_fusionL1_fusionBN0_drop0p1__wd1e-04trmiss40_trlocglobal,22,0.5757792095343272,0.6898881196975708,0.5476190476190477,0.6286925675777003,0.5111111111111111,0.0,0.0,0.0,0.0,0.0,0.0,0.0,0.0,0.0,,,,,18473,global,0.4
4,4,lr5e-05_bs32_modL1_fusion16_fusionL1_fusionBN0_drop0p1__wd1e-04trmiss40_trlocglobal,32,5e-05,0.0001,1,16,1,False,0.1,lr5e-05_bs32_modL1_fusion16_fusionL1_fusionBN0_drop0p1__wd1e-04trmiss40_trlocglobal,23,0.5653638144334158,0.6911161839962006,0.5376984126984127,0.6197063248732757,0.5111111111111111,0.0,0.0,0.0,0.0,0.0,0.0,0.0,0.0,0.0,,,,,18473,global,0.4
4,4,lr5e-05_bs32_modL1_fusion16_fusionL1_fusionBN0_drop0p1__wd1e-04trmiss40_trlocglobal,32,5e-05,0.0001,1,16,1,False,0.1,lr5e-05_bs32_modL1_fusion16_fusionL1_fusionBN0_drop0p1__wd1e-04trmiss40_trlocglobal,24,0.5670068760712942,0.6904668211936951,0.5416666666666666,0.6306309872278917,0.5111111111111111,0.0,0.0,0.0,0.0,0.0,0.0,0.0,0.0,0.0,,,,,18473,global,0.4
4,4,lr5e-05_bs32_modL1_fusion16_fusionL1_fusionBN0_drop0p1__wd1e-04trmiss40_trlocglobal,32,5e-05,0.0001,1,16,1,False,0.1,lr5e-05_bs32_modL1_fusion16_fusionL1_fusionBN0_drop0p1__wd1e-04trmiss40_trlocglobal,25,0.5648643871148428,0.6904266774654388,0.5357142857142858,0.6232776260226629,0.5111111111111111,0.0,0.0,0.0,0.0,0.0,0.0,0.0,0.0,0.0,,,,,18473,global,0.4
4,4,lr5e-05_bs32_modL1_fusion16_fusionL1_fusionBN0_drop0p1__wd1e-04trmiss40_trlocglobal,32,5e-05,0.0001,1,16,1,False,0.1,lr5e-05_bs32_modL1_fusion16_fusionL1_fusionBN0_drop0p1__wd1e-04trmiss40_trlocglobal,26,0.5589155356089274,0.6918896436691284,0.5357142857142858,0.6161861079154194,0.4888888888888889,0.0,0.0,0.0,0.0,0.0,0.0,0.0,0.0,0.0,,,,,18473,global,0.4
4,4,lr5e-05_bs32_modL1_fusion16_fusionL1_fusionBN0_drop0p1__wd1e-04trmiss40_trlocglobal,32,5e-05,0.0001,1,16,1,False,0.1,lr5e-05_bs32_modL1_fusion16_fusionL1_fusionBN0_drop0p1__wd1e-04trmiss40_trlocglobal,27,0.5484566787878672,0.6942555010318756,0.5277777777777778,0.609737802950561,0.4666666666666667,0.0,0.0,0.0,0.0,0.0,0.0,0.0,0.0,0.0,,,,,18473,global,0.4
4,4,lr5e-05_bs32_modL1_fusion16_fusionL1_fusionBN0_drop0p1__wd1e-04trmiss40_trlocglobal,32,5e-05,0.0001,1,16,1,False,0.1,lr5e-05_bs32_modL1_fusion16_fusionL1_fusionBN0_drop0p1__wd1e-04trmiss40_trlocglobal,28,0.5595541099707285,0.6935633718967438,0.5297619047619047,0.6116447207899731,0.4666666666666667,0.0,0.0,0.0,0.0,0.0,0.0,0.0,0.0,0.0,,,,,18473,global,0.4
4,4,lr5e-05_bs32_modL1_fusion32_fusionL1_fusionBN0_drop0p2__wd1e-04trmiss40_trlocglobal,32,5e-05,0.0001,1,32,1,False,0.2,lr5e-05_bs32_modL1_fusion32_fusionL1_fusionBN0_drop0p2__wd1e-04trmiss40_trlocglobal,1,0.7197836438814799,0.7020373344421387,0.46825396825396826,0.5025363834841713,0.4666666666666667,0.0,0.0,0.0,0.0,0.0,0.0,0.0,0.0,0.0,,,,,18473,global,0.4
4,4,lr5e-05_bs32_modL1_fusion32_fusionL1_fusionBN0_drop0p2__wd1e-04trmiss40_trlocglobal,32,5e-05,0.0001,1,32,1,False,0.2,lr5e-05_bs32_modL1_fusion32_fusionL1_fusionBN0_drop0p2__wd1e-04trmiss40_trlocglobal,2,0.7018749117851257,0.7001603543758392,0.48214285714285715,0.5098952068071008,0.4666666666666667,0.0,0.0,0.0,0.0,0.0,0.0,0.0,0.0,0.0,,,,,18473,global,0.4
4,4,lr5e-05_bs32_modL1_fusion32_fusionL1_fusionBN0_drop0p2__wd1e-04trmiss40_trlocglobal,32,5e-05,0.0001,1,32,1,False,0.2,lr5e-05_bs32_modL1_fusion32_fusionL1_fusionBN0_drop0p2__wd1e-04trmiss40_trlocglobal,3,0.6900974810123444,0.6989985704421997,0.5059523809523809,0.5331480076443861,0.4666666666666667,0.0,0.0,0.0,0.0,0.0,0.0,0.0,0.0,0.0,,,,,18473,global,0.4
4,4,lr5e-05_bs32_modL1_fusion32_fusionL1_fusionBN0_drop0p2__wd1e-04trmiss40_trlocglobal,32,5e-05,0.0001,1,32,1,False,0.2,lr5e-05_bs32_modL1_fusion32_fusionL1_fusionBN0_drop0p2__wd1e-04trmiss40_trlocglobal,4,0.6944734752178192,0.6985258162021637,0.511904761904762,0.5434381375702847,0.4444444444444444,0.0,0.0,0.0,0.0,0.0,0.0,0.0,0.0,0.0,,,,,18473,global,0.4
4,4,lr5e-05_bs32_modL1_fusion32_fusionL1_fusionBN0_drop0p2__wd1e-04trmiss40_trlocglobal,32,5e-05,0.0001,1,32,1,False,0.2,lr5e-05_bs32_modL1_fusion32_fusionL1_fusionBN0_drop0p2__wd1e-04trmiss40_trlocglobal,5,0.6797676483790079,0.6981170773506165,0.5277777777777778,0.5483599992734202,0.4444444444444444,0.0,0.0,0.0,0.0,0.0,0.0,0.0,0.0,0.0,,,,,18473,global,0.4
4,4,lr5e-05_bs32_modL1_fusion32_fusionL1_fusionBN0_drop0p2__wd1e-04trmiss40_trlocglobal,32,5e-05,0.0001,1,32,1,False,0.2,lr5e-05_bs32_modL1_fusion32_fusionL1_fusionBN0_drop0p2__wd1e-04trmiss40_trlocglobal,6,0.6747290889422098,0.6968778073787689,0.5456349206349207,0.5561912709876389,0.4444444444444444,0.0,0.0,0.0,0.0,0.0,0.0,0.0,0.0,0.0,,,,,18473,global,0.4
4,4,lr5e-05_bs32_modL1_fusion32_fusionL1_fusionBN0_drop0p2__wd1e-04trmiss40_trlocglobal,32,5e-05,0.0001,1,32,1,False,0.2,lr5e-05_bs32_modL1_fusion32_fusionL1_fusionBN0_drop0p2__wd1e-04trmiss40_trlocglobal,7,0.6756987571716309,0.6949610412120819,0.5634920634920635,0.5693996521677541,0.4444444444444444,0.0,0.0,0.0,0.0,0.0,0.0,0.0,0.0,0.0,,,,,18473,global,0.4
4,4,lr5e-05_bs32_modL1_fusion32_fusionL1_fusionBN0_drop0p2__wd1e-04trmiss40_trlocglobal,32,5e-05,0.0001,1,32,1,False,0.2,lr5e-05_bs32_modL1_fusion32_fusionL1_fusionBN0_drop0p2__wd1e-04trmiss40_trlocglobal,8,0.6641146242618561,0.6942297220230103,0.5555555555555556,0.5594055407537266,0.4444444444444444,0.0,0.0,0.0,0.0,0.0,0.0,0.0,0.0,0.0,,,,,18473,global,0.4
4,4,lr5e-05_bs32_modL1_fusion32_fusionL1_fusionBN0_drop0p2__wd1e-04trmiss40_trlocglobal,32,5e-05,0.0001,1,32,1,False,0.2,lr5e-05_bs32_modL1_fusion32_fusionL1_fusionBN0_drop0p2__wd1e-04trmiss40_trlocglobal,9,0.6681572198867798,0.693723052740097,0.5654761904761905,0.5609170794416667,0.4444444444444444,0.0,0.0,0.0,0.0,0.0,0.0,0.0,0.0,0.0,,,,,18473,global,0.4
4,4,lr5e-05_bs32_modL1_fusion32_fusionL1_fusionBN0_drop0p2__wd1e-04trmiss40_trlocglobal,32,5e-05,0.0001,1,32,1,False,0.2,lr5e-05_bs32_modL1_fusion32_fusionL1_fusionBN0_drop0p2__wd1e-04trmiss40_trlocglobal,10,0.6599296232064565,0.6943474411964417,0.5753968253968254,0.5645075080431461,0.4444444444444444,0.0,0.0,0.0,0.0,0.0,0.0,0.0,0.0,0.0,,,,,18473,global,0.4
4,4,lr5e-05_bs32_modL1_fusion32_fusionL1_fusionBN0_drop0p2__wd1e-04trmiss40_trlocglobal,32,5e-05,0.0001,1,32,1,False,0.2,lr5e-05_bs32_modL1_fusion32_fusionL1_fusionBN0_drop0p2__wd1e-04trmiss40_trlocglobal,11,0.6676375269889832,0.6950186789035797,0.5734126984126984,0.5620688255814362,0.4444444444444444,0.0,0.0,0.0,0.0,0.0,0.0,0.0,0.0,0.0,,,,,18473,global,0.4
4,4,lr5e-05_bs32_modL1_fusion32_fusionL1_fusionBN0_drop0p2__wd1e-04trmiss40_trlocglobal,32,5e-05,0.0001,1,32,1,False,0.2,lr5e-05_bs32_modL1_fusion32_fusionL1_fusionBN0_drop0p2__wd1e-04trmiss40_trlocglobal,12,0.651882121960322,0.6953325271606445,0.5634920634920635,0.5564024490741644,0.4666666666666667,0.0,0.0,0.0,0.0,0.0,0.0,0.0,0.0,0.0,,,,,18473,global,0.4
4,4,lr5e-05_bs32_modL1_fusion32_fusionL1_fusionBN0_drop0p2__wd1e-04trmiss40_trlocglobal,32,5e-05,0.0001,1,32,1,False,0.2,lr5e-05_bs32_modL1_fusion32_fusionL1_fusionBN0_drop0p2__wd1e-04trmiss40_trlocglobal,13,0.6441491742928823,0.694387823343277,0.5615079365079365,0.5506048239107656,0.4666666666666667,0.0,0.0,0.0,0.0,0.0,0.0,0.0,0.0,0.0,,,,,18473,global,0.4
4,4,lr5e-05_bs32_modL1_fusion32_fusionL1_fusionBN0_drop0p2__wd1e-04trmiss40_trlocglobal,32,5e-05,0.0001,1,32,1,False,0.2,lr5e-05_bs32_modL1_fusion32_fusionL1_fusionBN0_drop0p2__wd1e-04trmiss40_trlocglobal,14,0.6463117102781931,0.6935536563396454,0.5634920634920635,0.560777915383038,0.4666666666666667,0.0,0.0,0.0,0.0,0.0,0.0,0.0,0.0,0.0,,,,,18473,global,0.4
4,4,lr5e-05_bs32_modL1_fusion32_fusionL1_fusionBN0_drop0p2__wd1e-04trmiss40_trlocglobal,32,5e-05,0.0001,1,32,1,False,0.2,lr5e-05_bs32_modL1_fusion32_fusionL1_fusionBN0_drop0p2__wd1e-04trmiss40_trlocglobal,15,0.6372156540552775,0.6917146146297455,0.5734126984126985,0.5641573088408296,0.4666666666666667,0.0,0.0,0.0,0.0,0.0,0.0,0.0,0.0,0.0,,,,,18473,global,0.4
4,4,lr5e-05_bs32_modL1_fusion32_fusionL1_fusionBN0_drop0p2__wd1e-04trmiss40_trlocglobal,32,5e-05,0.0001,1,32,1,False,0.2,lr5e-05_bs32_modL1_fusion32_fusionL1_fusionBN0_drop0p2__wd1e-04trmiss40_trlocglobal,16,0.6356663703918457,0.6918280720710754,0.5793650793650794,0.5712730384644291,0.4666666666666667,0.0,0.0,0.0,0.0,0.0,0.0,0.0,0.0,0.0,,,,,18473,global,0.4
4,4,lr5e-05_bs32_modL1_fusion32_fusionL1_fusionBN0_drop0p2__wd1e-04trmiss40_trlocglobal,32,5e-05,0.0001,1,32,1,False,0.2,lr5e-05_bs32_modL1_fusion32_fusionL1_fusionBN0_drop0p2__wd1e-04trmiss40_trlocglobal,17,0.6323576668898264,0.692167192697525,0.5753968253968254,0.5646188971297564,0.4666666666666667,0.0,0.0,0.0,0.0,0.0,0.0,0.0,0.0,0.0,,,,,18473,global,0.4
4,4,lr5e-05_bs32_modL1_fusion32_fusionL1_fusionBN0_drop0p2__wd1e-04trmiss40_trlocglobal,32,5e-05,0.0001,1,32,1,False,0.2,lr5e-05_bs32_modL1_fusion32_fusionL1_fusionBN0_drop0p2__wd1e-04trmiss40_trlocglobal,18,0.6268471578756968,0.6914522647857666,0.5813492063492063,0.5644039479428772,0.4666666666666667,0.0,0.0,0.0,0.0,0.0,0.0,0.0,0.0,0.0,,,,,18473,global,0.4
4,4,lr5e-05_bs32_modL1_fusion32_fusionL1_fusionBN0_drop0p2__wd1e-04trmiss40_trlocglobal,32,5e-05,0.0001,1,32,1,False,0.2,lr5e-05_bs32_modL1_fusion32_fusionL1_fusionBN0_drop0p2__wd1e-04trmiss40_trlocglobal,19,0.6270298858483633,0.6911587119102478,0.5833333333333334,0.564317200141437,0.4666666666666667,0.0,0.0,0.0,0.0,0.0,0.0,0.0,0.0,0.0,,,,,18473,global,0.4
4,4,lr5e-05_bs32_modL1_fusion32_fusionL1_fusionBN0_drop0p2__wd1e-04trmiss40_trlocglobal,32,5e-05,0.0001,1,32,1,False,0.2,lr5e-05_bs32_modL1_fusion32_fusionL1_fusionBN0_drop0p2__wd1e-04trmiss40_trlocglobal,20,0.6256312926610311,0.6903190314769745,0.5912698412698413,0.5682420038794835,0.4444444444444444,0.0,0.0,0.0,0.0,0.0,0.0,0.0,0.0,0.0,,,,,18473,global,0.4
4,4,lr5e-05_bs32_modL1_fusion32_fusionL1_fusionBN0_drop0p2__wd1e-04trmiss40_trlocglobal,32,5e-05,0.0001,1,32,1,False,0.2,lr5e-05_bs32_modL1_fusion32_fusionL1_fusionBN0_drop0p2__wd1e-04trmiss40_trlocglobal,21,0.6180144250392914,0.6904185116291046,0.5932539682539683,0.5696305707888129,0.4444444444444444,0.0,0.0,0.0,0.0,0.0,0.0,0.0,0.0,0.0,,,,,18473,global,0.4
4,4,lr5e-05_bs32_modL1_fusion32_fusionL1_fusionBN0_drop0p2__wd1e-04trmiss40_trlocglobal,32,5e-05,0.0001,1,32,1,False,0.2,lr5e-05_bs32_modL1_fusion32_fusionL1_fusionBN0_drop0p2__wd1e-04trmiss40_trlocglobal,22,0.6184793611367544,0.6908566653728485,0.6011904761904763,0.5754232190446964,0.4444444444444444,0.0,0.0,0.0,0.0,0.0,0.0,0.0,0.0,0.0,,,,,18473,global,0.4
4,4,lr5e-05_bs32_modL1_fusion32_fusionL1_fusionBN0_drop0p2__wd1e-04trmiss40_trlocglobal,32,5e-05,0.0001,1,32,1,False,0.2,lr5e-05_bs32_modL1_fusion32_fusionL1_fusionBN0_drop0p2__wd1e-04trmiss40_trlocglobal,23,0.6231203277905782,0.6909376978874207,0.5932539682539683,0.5718364963709536,0.4444444444444444,0.0,0.0,0.0,0.0,0.0,0.0,0.0,0.0,0.0,,,,,18473,global,0.4
4,4,lr5e-05_bs32_modL1_fusion32_fusionL1_fusionBN0_drop0p2__wd1e-04trmiss40_trlocglobal,32,5e-05,0.0001,1,32,1,False,0.2,lr5e-05_bs32_modL1_fusion32_fusionL1_fusionBN0_drop0p2__wd1e-04trmiss40_trlocglobal,24,0.6117144028345743,0.6913218200206757,0.5873015873015873,0.5732861106714694,0.4444444444444444,0.0,0.0,0.0,0.0,0.0,0.0,0.0,0.0,0.0,,,,,18473,global,0.4
4,4,lr5e-05_bs32_modL1_fusion32_fusionL1_fusionBN0_drop0p2__wd1e-04trmiss40_trlocglobal,32,5e-05,0.0001,1,32,1,False,0.2,lr5e-05_bs32_modL1_fusion32_fusionL1_fusionBN0_drop0p2__wd1e-04trmiss40_trlocglobal,25,0.6267564793427786,0.6908696591854095,0.6011904761904762,0.5818560073747683,0.4666666666666667,0.0,0.0,0.0,0.0,0.0,0.0,0.0,0.0,0.0,,,,,18473,global,0.4
4,4,lr5e-05_bs32_modL1_fusion32_fusionL1_fusionBN0_drop0p2__wd1e-04trmiss40_trlocglobal,32,5e-05,0.0001,1,32,1,False,0.2,lr5e-05_bs32_modL1_fusion32_fusionL1_fusionBN0_drop0p2__wd1e-04trmiss40_trlocglobal,26,0.6103026866912842,0.6898782849311829,0.5992063492063493,0.5826147886955749,0.4444444444444444,0.0,0.0,0.0,0.0,0.0,0.0,0.0,0.0,0.0,,,,,18473,global,0.4
4,4,lr5e-05_bs32_modL1_fusion32_fusionL1_fusionBN0_drop0p2__wd1e-04trmiss40_trlocglobal,32,5e-05,0.0001,1,32,1,False,0.2,lr5e-05_bs32_modL1_fusion32_fusionL1_fusionBN0_drop0p2__wd1e-04trmiss40_trlocglobal,27,0.6071310639381409,0.6888259053230286,0.6031746031746033,0.583711818528237,0.4444444444444444,0.0,0.0,0.0,0.0,0.0,0.0,0.0,0.0,0.0,,,,,18473,global,0.4
4,4,lr5e-05_bs32_modL1_fusion32_fusionL1_fusionBN0_drop0p2__wd1e-04trmiss40_trlocglobal,32,5e-05,0.0001,1,32,1,False,0.2,lr5e-05_bs32_modL1_fusion32_fusionL1_fusionBN0_drop0p2__wd1e-04trmiss40_trlocglobal,28,0.5996302465597788,0.687725156545639,0.6051587301587301,0.5858394043688473,0.4444444444444444,0.0,0.0,0.0,0.0,0.0,0.0,0.0,0.0,0.0,,,,,18473,global,0.4
4,4,lr5e-05_bs32_modL1_fusion32_fusionL1_fusionBN0_drop0p2__wd1e-04trmiss40_trlocglobal,32,5e-05,0.0001,1,32,1,False,0.2,lr5e-05_bs32_modL1_fusion32_fusionL1_fusionBN0_drop0p2__wd1e-04trmiss40_trlocglobal,29,0.6107244491577148,0.6880284249782562,0.6150793650793651,0.5954361059764186,0.4666666666666667,0.0,0.0,0.0,0.0,0.0,0.0,0.0,0.0,0.0,,,,,18473,global,0.4
4,4,lr5e-05_bs32_modL1_fusion32_fusionL1_fusionBN0_drop0p2__wd1e-04trmiss40_trlocglobal,32,5e-05,0.0001,1,32,1,False,0.2,lr5e-05_bs32_modL1_fusion32_fusionL1_fusionBN0_drop0p2__wd1e-04trmiss40_trlocglobal,30,0.6063128809134165,0.6873734891414642,0.621031746031746,0.6010173452877932,0.4666666666666667,0.0,0.0,0.0,0.0,0.0,0.0,0.0,0.0,0.0,,,,,18473,global,0.4
4,4,lr5e-05_bs32_modL1_fusion32_fusionL1_fusionBN0_drop0p2__wd1e-04trmiss40_trlocglobal,32,5e-05,0.0001,1,32,1,False,0.2,lr5e-05_bs32_modL1_fusion32_fusionL1_fusionBN0_drop0p2__wd1e-04trmiss40_trlocglobal,31,0.5976343154907227,0.6863828599452972,0.626984126984127,0.6089799044267172,0.4666666666666667,0.0,0.0,0.0,0.0,0.0,0.0,0.0,0.0,0.0,,,,,18473,global,0.4
4,4,lr5e-05_bs32_modL1_fusion32_fusionL1_fusionBN0_drop0p2__wd1e-04trmiss40_trlocglobal,32,5e-05,0.0001,1,32,1,False,0.2,lr5e-05_bs32_modL1_fusion32_fusionL1_fusionBN0_drop0p2__wd1e-04trmiss40_trlocglobal,32,0.5896080036958059,0.6863017380237579,0.6190476190476191,0.6018216469978919,0.4666666666666667,0.0,0.0,0.0,0.0,0.0,0.0,0.0,0.0,0.0,,,,,18473,global,0.4
4,4,lr5e-05_bs32_modL1_fusion32_fusionL1_fusionBN0_drop0p2__wd1e-04trmiss40_trlocglobal,32,5e-05,0.0001,1,32,1,False,0.2,lr5e-05_bs32_modL1_fusion32_fusionL1_fusionBN0_drop0p2__wd1e-04trmiss40_trlocglobal,33,0.5999401311079661,0.686647891998291,0.6150793650793651,0.597014965122259,0.4444444444444444,0.0,0.0,0.0,0.0,0.0,0.0,0.0,0.0,0.0,,,,,18473,global,0.4
4,4,lr5e-05_bs32_modL1_fusion32_fusionL1_fusionBN0_drop0p2__wd1e-04trmiss40_trlocglobal,32,5e-05,0.0001,1,32,1,False,0.2,lr5e-05_bs32_modL1_fusion32_fusionL1_fusionBN0_drop0p2__wd1e-04trmiss40_trlocglobal,34,0.5861453711986542,0.6875781416893005,0.6051587301587301,0.5864473692558938,0.4444444444444444,0.0,0.0,0.0,0.0,0.0,0.0,0.0,0.0,0.0,,,,,18473,global,0.4
4,4,lr5e-05_bs32_modL1_fusion32_fusionL1_fusionBN0_drop0p2__wd1e-04trmiss40_trlocglobal,32,5e-05,0.0001,1,32,1,False,0.2,lr5e-05_bs32_modL1_fusion32_fusionL1_fusionBN0_drop0p2__wd1e-04trmiss40_trlocglobal,35,0.5932362675666809,0.6893120110034943,0.6011904761904762,0.5839071240650988,0.4444444444444444,0.0,0.0,0.0,0.0,0.0,0.0,0.0,0.0,0.0,,,,,18473,global,0.4
4,4,lr5e-05_bs32_modL1_fusion32_fusionL1_fusionBN0_drop0p2__wd1e-04trmiss40_trlocglobal,32,5e-05,0.0001,1,32,1,False,0.2,lr5e-05_bs32_modL1_fusion32_fusionL1_fusionBN0_drop0p2__wd1e-04trmiss40_trlocglobal,36,0.5871091882387797,0.6899766325950623,0.5912698412698413,0.5812636628213421,0.4444444444444444,0.0,0.0,0.0,0.0,0.0,0.0,0.0,0.0,0.0,,,,,18473,global,0.4
4,4,lr5e-05_bs32_modL1_fusion32_fusionL1_fusionBN0_drop0p2__wd1e-04trmiss40_trlocglobal,32,5e-05,0.0001,1,32,1,False,0.2,lr5e-05_bs32_modL1_fusion32_fusionL1_fusionBN0_drop0p2__wd1e-04trmiss40_trlocglobal,37,0.5891342163085938,0.6892485022544861,0.5952380952380952,0.5870230150877735,0.4444444444444444,0.0,0.0,0.0,0.0,0.0,0.0,0.0,0.0,0.0,,,,,18473,global,0.4
4,4,lr5e-05_bs32_modL1_fusion32_fusionL1_fusionBN0_drop0p2__wd1e-04trmiss40_trlocglobal,32,5e-05,0.0001,1,32,1,False,0.2,lr5e-05_bs32_modL1_fusion32_fusionL1_fusionBN0_drop0p2__wd1e-04trmiss40_trlocglobal,38,0.5916429857412974,0.6884860098361969,0.5932539682539683,0.5834894915417361,0.4444444444444444,0.0,0.0,0.0,0.0,0.0,0.0,0.0,0.0,0.0,,,,,18473,global,0.4
4,4,lr5e-05_bs32_modL1_fusion32_fusionL1_fusionBN0_drop0p2__wd1e-04trmiss40_trlocglobal,32,5e-05,0.0001,1,32,1,False,0.2,lr5e-05_bs32_modL1_fusion32_fusionL1_fusionBN0_drop0p2__wd1e-04trmiss40_trlocglobal,39,0.5825411677360535,0.6880923509597778,0.5972222222222223,0.58610469350822,0.4444444444444444,0.0,0.0,0.0,0.0,0.0,0.0,0.0,0.0,0.0,,,,,18473,global,0.4
4,4,lr5e-05_bs32_modL1_fusion32_fusionL1_fusionBN0_drop0p2__wd1e-04trmiss40_trlocglobal,32,5e-05,0.0001,1,32,1,False,0.2,lr5e-05_bs32_modL1_fusion32_fusionL1_fusionBN0_drop0p2__wd1e-04trmiss40_trlocglobal,40,0.5807923773924509,0.6883715391159058,0.6091269841269841,0.5942067591751712,0.4444444444444444,0.0,0.0,0.0,0.0,0.0,0.0,0.0,0.0,0.0,,,,,18473,global,0.4
4,4,lr5e-05_bs32_modL1_fusion32_fusionL1_fusionBN0_drop0p2__wd1e-04trmiss40_trlocglobal,32,5e-05,0.0001,1,32,1,False,0.2,lr5e-05_bs32_modL1_fusion32_fusionL1_fusionBN0_drop0p2__wd1e-04trmiss40_trlocglobal,41,0.5756353636582693,0.6886718571186066,0.6130952380952381,0.6000834179810106,0.4444444444444444,0.0,0.0,0.0,0.0,0.0,0.0,0.0,0.0,0.0,,,,,18473,global,0.4
4,4,lr5e-05_bs32_modL1_fusion32_fusionL1_fusionBN0_drop0p2__wd1e-04trmiss40_trlocglobal,32,5e-05,0.0001,1,32,1,False,0.2,lr5e-05_bs32_modL1_fusion32_fusionL1_fusionBN0_drop0p2__wd1e-04trmiss40_trlocglobal,42,0.5832420686880747,0.6883863508701324,0.6130952380952381,0.5911107720574632,0.4444444444444444,0.0,0.0,0.0,0.0,0.0,0.0,0.0,0.0,0.0,,,,,18473,global,0.4
4,4,lr5e-05_bs32_modL1_fusion32_fusionL1_fusionBN0_drop0p2__wd1e-04trmiss40_trlocglobal,32,5e-05,0.0001,1,32,1,False,0.2,lr5e-05_bs32_modL1_fusion32_fusionL1_fusionBN0_drop0p2__wd1e-04trmiss40_trlocglobal,43,0.5696340699990591,0.6879771947860718,0.6150793650793651,0.5947377804314256,0.4666666666666667,0.0,0.0,0.0,0.0,0.0,0.0,0.0,0.0,0.0,,,,,18473,global,0.4
4,4,lr5e-05_bs32_modL1_fusion32_fusionL1_fusionBN0_drop0p2__wd1e-04trmiss40_trlocglobal,32,5e-05,0.0001,1,32,1,False,0.2,lr5e-05_bs32_modL1_fusion32_fusionL1_fusionBN0_drop0p2__wd1e-04trmiss40_trlocglobal,44,0.5714921156565348,0.6880865395069122,0.6051587301587302,0.5873926359051166,0.4666666666666667,0.0,0.0,0.0,0.0,0.0,0.0,0.0,0.0,0.0,,,,,18473,global,0.4
4,4,lr5e-05_bs32_modL1_fusion32_fusionL1_fusionBN0_drop0p2__wd1e-04trmiss40_trlocglobal,32,5e-05,0.0001,1,32,1,False,0.2,lr5e-05_bs32_modL1_fusion32_fusionL1_fusionBN0_drop0p2__wd1e-04trmiss40_trlocglobal,45,0.574060986439387,0.6888250112533569,0.6071428571428572,0.5868586457488852,0.4666666666666667,0.0,0.0,0.0,0.0,0.0,0.0,0.0,0.0,0.0,,,,,18473,global,0.4
4,4,lr5e-05_bs32_modL1_fusion32_fusionL1_fusionBN0_drop0p2__wd1e-04trmiss40_trlocglobal,32,5e-05,0.0001,1,32,1,False,0.2,lr5e-05_bs32_modL1_fusion32_fusionL1_fusionBN0_drop0p2__wd1e-04trmiss40_trlocglobal,46,0.5745087762673696,0.6893758177757263,0.6011904761904763,0.5863401780936133,0.4666666666666667,0.0,0.0,0.0,0.0,0.0,0.0,0.0,0.0,0.0,,,,,18473,global,0.4
4,4,lr5e-05_bs32_modL1_fusion32_fusionL1_fusionBN0_drop0p2__wd1e-04trmiss40_trlocglobal,32,5e-05,0.0001,1,32,1,False,0.2,lr5e-05_bs32_modL1_fusion32_fusionL1_fusionBN0_drop0p2__wd1e-04trmiss40_trlocglobal,47,0.5695607761542002,0.6893795728683472,0.5992063492063493,0.5851849936050955,0.4666666666666667,0.0,0.0,0.0,0.0,0.0,0.0,0.0,0.0,0.0,,,,,18473,global,0.4
4,4,lr5e-05_bs32_modL1_fusion32_fusionL1_fusionBN0_drop0p2__wd1e-04trmiss40_trlocglobal,32,5e-05,0.0001,1,32,1,False,0.2,lr5e-05_bs32_modL1_fusion32_fusionL1_fusionBN0_drop0p2__wd1e-04trmiss40_trlocglobal,48,0.5653198758761088,0.6885216534137726,0.6011904761904762,0.5906239515975245,0.4666666666666667,0.0,0.0,0.0,0.0,0.0,0.0,0.0,0.0,0.0,,,,,18473,global,0.4
4,4,lr5e-05_bs32_modL1_fusion32_fusionL1_fusionBN0_drop0p2__wd1e-04trmiss40_trlocglobal,32,5e-05,0.0001,1,32,1,False,0.2,lr5e-05_bs32_modL1_fusion32_fusionL1_fusionBN0_drop0p2__wd1e-04trmiss40_trlocglobal,49,0.5629236996173859,0.6869575083255768,0.6011904761904762,0.5886407269427311,0.4888888888888889,0.0,0.0,0.0,0.0,0.0,0.0,0.0,0.0,0.0,,,,,18473,global,0.4
4,4,lr5e-05_bs32_modL1_fusion32_fusionL1_fusionBN0_drop0p2__wd1e-04trmiss40_trlocglobal,32,5e-05,0.0001,1,32,1,False,0.2,lr5e-05_bs32_modL1_fusion32_fusionL1_fusionBN0_drop0p2__wd1e-04trmiss40_trlocglobal,50,0.5678063929080963,0.6867745220661163,0.6051587301587302,0.592560752737757,0.4888888888888889,0.0,0.0,0.0,0.0,0.0,0.0,0.0,0.0,0.0,,,,,18473,global,0.4
4,4,lr5e-05_bs32_modL1_fusion32_fusionL1_fusionBN0_drop0p2__wd1e-04trmiss40_trlocglobal,32,5e-05,0.0001,1,32,1,False,0.2,lr5e-05_bs32_modL1_fusion32_fusionL1_fusionBN0_drop0p2__wd1e-04trmiss40_trlocglobal,51,0.5627626279989878,0.6871675550937653,0.6170634920634921,0.5988873555252142,0.4666666666666667,0.0,0.0,0.0,0.0,0.0,0.0,0.0,0.0,0.0,,,,,18473,global,0.4
4,4,lr5e-05_bs32_modL1_fusion32_fusionL1_fusionBN0_drop0p1__wd1e-04trmiss40_trlocglobal,32,5e-05,0.0001,1,32,1,False,0.1,lr5e-05_bs32_modL1_fusion32_fusionL1_fusionBN0_drop0p1__wd1e-04trmiss40_trlocglobal,1,0.6880716582139333,0.6871564984321594,0.501984126984127,0.5282992368085369,0.5111111111111111,0.0,0.0,0.0,0.0,0.0,0.0,0.0,0.0,0.0,,,,,18473,global,0.4
4,4,lr5e-05_bs32_modL1_fusion32_fusionL1_fusionBN0_drop0p1__wd1e-04trmiss40_trlocglobal,32,5e-05,0.0001,1,32,1,False,0.1,lr5e-05_bs32_modL1_fusion32_fusionL1_fusionBN0_drop0p1__wd1e-04trmiss40_trlocglobal,2,0.6689285039901733,0.6858901679515839,0.5079365079365079,0.5366795391624246,0.5111111111111111,0.0,0.0,0.0,0.0,0.0,0.0,0.0,0.0,0.0,,,,,18473,global,0.4
4,4,lr5e-05_bs32_modL1_fusion32_fusionL1_fusionBN0_drop0p1__wd1e-04trmiss40_trlocglobal,32,5e-05,0.0001,1,32,1,False,0.1,lr5e-05_bs32_modL1_fusion32_fusionL1_fusionBN0_drop0p1__wd1e-04trmiss40_trlocglobal,3,0.6726151704788208,0.6835688650608063,0.5238095238095238,0.5707989575720074,0.5111111111111111,0.0,0.0,0.0,0.0,0.0,0.0,0.0,0.0,0.0,,,,,18473,global,0.4
4,4,lr5e-05_bs32_modL1_fusion32_fusionL1_fusionBN0_drop0p1__wd1e-04trmiss40_trlocglobal,32,5e-05,0.0001,1,32,1,False,0.1,lr5e-05_bs32_modL1_fusion32_fusionL1_fusionBN0_drop0p1__wd1e-04trmiss40_trlocglobal,4,0.6543200314044952,0.682106614112854,0.5317460317460317,0.5752829554126846,0.5111111111111111,0.0,0.0,0.0,0.0,0.0,0.0,0.0,0.0,0.0,,,,,18473,global,0.4
4,4,lr5e-05_bs32_modL1_fusion32_fusionL1_fusionBN0_drop0p1__wd1e-04trmiss40_trlocglobal,32,5e-05,0.0001,1,32,1,False,0.1,lr5e-05_bs32_modL1_fusion32_fusionL1_fusionBN0_drop0p1__wd1e-04trmiss40_trlocglobal,5,0.6441589295864105,0.6805260181427002,0.5376984126984127,0.579302592299826,0.5111111111111111,0.0,0.0,0.0,0.0,0.0,0.0,0.0,0.0,0.0,,,,,18473,global,0.4
4,4,lr5e-05_bs32_modL1_fusion32_fusionL1_fusionBN0_drop0p1__wd1e-04trmiss40_trlocglobal,32,5e-05,0.0001,1,32,1,False,0.1,lr5e-05_bs32_modL1_fusion32_fusionL1_fusionBN0_drop0p1__wd1e-04trmiss40_trlocglobal,6,0.6376604636510214,0.6806562542915344,0.5436507936507937,0.5902746457742865,0.5111111111111111,0.0,0.0,0.0,0.0,0.0,0.0,0.0,0.0,0.0,,,,,18473,global,0.4
4,4,lr5e-05_bs32_modL1_fusion32_fusionL1_fusionBN0_drop0p1__wd1e-04trmiss40_trlocglobal,32,5e-05,0.0001,1,32,1,False,0.1,lr5e-05_bs32_modL1_fusion32_fusionL1_fusionBN0_drop0p1__wd1e-04trmiss40_trlocglobal,7,0.6309601863225301,0.6816164553165436,0.5257936507936508,0.5813619144767229,0.4888888888888889,0.0,0.0,0.0,0.0,0.0,0.0,0.0,0.0,0.0,,,,,18473,global,0.4
4,4,lr5e-05_bs32_modL1_fusion32_fusionL1_fusionBN0_drop0p1__wd1e-04trmiss40_trlocglobal,32,5e-05,0.0001,1,32,1,False,0.1,lr5e-05_bs32_modL1_fusion32_fusionL1_fusionBN0_drop0p1__wd1e-04trmiss40_trlocglobal,8,0.6349157492319742,0.6823031902313232,0.5178571428571428,0.5530987302335366,0.5333333333333333,0.0,0.0,0.0,0.0,0.0,0.0,0.0,0.0,0.0,,,,,18473,global,0.4
4,4,lr5e-05_bs32_modL1_fusion32_fusionL1_fusionBN0_drop0p1__wd1e-04trmiss40_trlocglobal,32,5e-05,0.0001,1,32,1,False,0.1,lr5e-05_bs32_modL1_fusion32_fusionL1_fusionBN0_drop0p1__wd1e-04trmiss40_trlocglobal,9,0.6271998484929403,0.6826598346233368,0.5198412698412699,0.5476989000337263,0.5333333333333333,0.0,0.0,0.0,0.0,0.0,0.0,0.0,0.0,0.0,,,,,18473,global,0.4
4,4,lr5e-05_bs32_modL1_fusion32_fusionL1_fusionBN0_drop0p1__wd1e-04trmiss40_trlocglobal,32,5e-05,0.0001,1,32,1,False,0.1,lr5e-05_bs32_modL1_fusion32_fusionL1_fusionBN0_drop0p1__wd1e-04trmiss40_trlocglobal,10,0.6273548603057861,0.6823031008243561,0.5317460317460317,0.5637959497486994,0.5555555555555556,0.0,0.0,0.0,0.0,0.0,0.0,0.0,0.0,0.0,,,,,18473,global,0.4
4,4,lr5e-05_bs32_modL1_fusion32_fusionL1_fusionBN0_drop0p1__wd1e-04trmiss40_trlocglobal,32,5e-05,0.0001,1,32,1,False,0.1,lr5e-05_bs32_modL1_fusion32_fusionL1_fusionBN0_drop0p1__wd1e-04trmiss40_trlocglobal,11,0.6208780705928802,0.6812433302402496,0.5416666666666667,0.5795933673003416,0.5555555555555556,0.0,0.0,0.0,0.0,0.0,0.0,0.0,0.0,0.0,,,,,18473,global,0.4
4,4,lr5e-05_bs32_modL1_fusion32_fusionL1_fusionBN0_drop0p1__wd1e-04trmiss40_trlocglobal,32,5e-05,0.0001,1,32,1,False,0.1,lr5e-05_bs32_modL1_fusion32_fusionL1_fusionBN0_drop0p1__wd1e-04trmiss40_trlocglobal,12,0.6069078942139944,0.6822917759418488,0.5376984126984127,0.5715980637714193,0.5555555555555556,0.0,0.0,0.0,0.0,0.0,0.0,0.0,0.0,0.0,,,,,18473,global,0.4
4,4,lr5e-05_bs32_modL1_fusion32_fusionL1_fusionBN0_drop0p1__wd1e-04trmiss40_trlocglobal,32,5e-05,0.0001,1,32,1,False,0.1,lr5e-05_bs32_modL1_fusion32_fusionL1_fusionBN0_drop0p1__wd1e-04trmiss40_trlocglobal,13,0.6053596039613088,0.6829043924808502,0.5119047619047619,0.5532194839947925,0.5333333333333333,0.0,0.0,0.0,0.0,0.0,0.0,0.0,0.0,0.0,,,,,18473,global,0.4
4,4,lr5e-05_bs32_modL1_fusion32_fusionL1_fusionBN0_drop0p1__wd1e-04trmiss40_trlocglobal,32,5e-05,0.0001,1,32,1,False,0.1,lr5e-05_bs32_modL1_fusion32_fusionL1_fusionBN0_drop0p1__wd1e-04trmiss40_trlocglobal,14,0.5957114398479462,0.6830976605415344,0.5178571428571429,0.5543501974797149,0.5333333333333333,0.0,0.0,0.0,0.0,0.0,0.0,0.0,0.0,0.0,,,,,18473,global,0.4
4,4,lr5e-05_bs32_modL1_fusion32_fusionL1_fusionBN0_drop0p1__wd1e-04trmiss40_trlocglobal,32,5e-05,0.0001,1,32,1,False,0.1,lr5e-05_bs32_modL1_fusion32_fusionL1_fusionBN0_drop0p1__wd1e-04trmiss40_trlocglobal,15,0.5879392127195994,0.6821821630001068,0.5297619047619048,0.5671199901475151,0.5333333333333333,0.0,0.0,0.0,0.0,0.0,0.0,0.0,0.0,0.0,,,,,18473,global,0.4
4,4,lr5e-05_bs32_modL1_fusion32_fusionL1_fusionBN0_drop0p1__wd1e-04trmiss40_trlocglobal,32,5e-05,0.0001,1,32,1,False,0.1,lr5e-05_bs32_modL1_fusion32_fusionL1_fusionBN0_drop0p1__wd1e-04trmiss40_trlocglobal,16,0.591401090224584,0.6813531219959259,0.5376984126984127,0.5895370475972255,0.5555555555555556,0.0,0.0,0.0,0.0,0.0,0.0,0.0,0.0,0.0,,,,,18473,global,0.4
4,4,lr5e-05_bs32_modL1_fusion32_fusionL1_fusionBN0_drop0p1__wd1e-04trmiss40_trlocglobal,32,5e-05,0.0001,1,32,1,False,0.1,lr5e-05_bs32_modL1_fusion32_fusionL1_fusionBN0_drop0p1__wd1e-04trmiss40_trlocglobal,17,0.5811472634474436,0.6818018853664398,0.5376984126984127,0.5655570681290304,0.5555555555555556,0.0,0.0,0.0,0.0,0.0,0.0,0.0,0.0,0.0,,,,,18473,global,0.4
4,4,lr5e-05_bs32_modL1_fusion32_fusionL1_fusionBN0_drop0p1__wd1e-04trmiss40_trlocglobal,32,5e-05,0.0001,1,32,1,False,0.1,lr5e-05_bs32_modL1_fusion32_fusionL1_fusionBN0_drop0p1__wd1e-04trmiss40_trlocglobal,18,0.5782429774602255,0.682337075471878,0.5436507936507936,0.5669869863323855,0.5555555555555556,0.0,0.0,0.0,0.0,0.0,0.0,0.0,0.0,0.0,,,,,18473,global,0.4
4,4,lr5e-05_bs32_modL1_fusion32_fusionL1_fusionBN0_drop0p1__wd1e-04trmiss40_trlocglobal,32,5e-05,0.0001,1,32,1,False,0.1,lr5e-05_bs32_modL1_fusion32_fusionL1_fusionBN0_drop0p1__wd1e-04trmiss40_trlocglobal,19,0.5679111083348592,0.683946430683136,0.5357142857142857,0.5784042307331315,0.5555555555555556,0.0,0.0,0.0,0.0,0.0,0.0,0.0,0.0,0.0,,,,,18473,global,0.4
4,4,lr5e-05_bs32_modL1_fusion32_fusionL1_fusionBN0_drop0p1__wd1e-04trmiss40_trlocglobal,32,5e-05,0.0001,1,32,1,False,0.1,lr5e-05_bs32_modL1_fusion32_fusionL1_fusionBN0_drop0p1__wd1e-04trmiss40_trlocglobal,20,0.5621301631132761,0.6819160580635071,0.5476190476190477,0.5878081725377218,0.5555555555555556,0.0,0.0,0.0,0.0,0.0,0.0,0.0,0.0,0.0,,,,,18473,global,0.4
4,4,lr5e-05_bs32_modL1_fusion32_fusionL1_fusionBN0_drop0p1__wd1e-04trmiss40_trlocglobal,32,5e-05,0.0001,1,32,1,False,0.1,lr5e-05_bs32_modL1_fusion32_fusionL1_fusionBN0_drop0p1__wd1e-04trmiss40_trlocglobal,21,0.5652902523676554,0.6774702966213226,0.5654761904761905,0.5774446842126009,0.5777777777777777,0.0,0.0,0.0,0.0,0.0,0.0,0.0,0.0,0.0,,,,,18473,global,0.4
4,4,lr5e-05_bs32_modL1_fusion32_fusionL1_fusionBN0_drop0p1__wd1e-04trmiss40_trlocglobal,32,5e-05,0.0001,1,32,1,False,0.1,lr5e-05_bs32_modL1_fusion32_fusionL1_fusionBN0_drop0p1__wd1e-04trmiss40_trlocglobal,22,0.559309591849645,0.6760671138763428,0.5773809523809524,0.5956276273441524,0.5555555555555556,0.0,0.0,0.0,0.0,0.0,0.0,0.0,0.0,0.0,,,,,18473,global,0.4
4,4,lr5e-05_bs32_modL1_fusion32_fusionL1_fusionBN0_drop0p1__wd1e-04trmiss40_trlocglobal,32,5e-05,0.0001,1,32,1,False,0.1,lr5e-05_bs32_modL1_fusion32_fusionL1_fusionBN0_drop0p1__wd1e-04trmiss40_trlocglobal,23,0.5479486485322317,0.6800334453582764,0.5595238095238095,0.5824978761279095,0.5333333333333333,0.0,0.0,0.0,0.0,0.0,0.0,0.0,0.0,0.0,,,,,18473,global,0.4
4,4,lr5e-05_bs32_modL1_fusion32_fusionL1_fusionBN0_drop0p1__wd1e-04trmiss40_trlocglobal,32,5e-05,0.0001,1,32,1,False,0.1,lr5e-05_bs32_modL1_fusion32_fusionL1_fusionBN0_drop0p1__wd1e-04trmiss40_trlocglobal,24,0.5531558593114217,0.6818587183952332,0.5575396825396826,0.5811368994655729,0.5777777777777777,0.0,0.0,0.0,0.0,0.0,0.0,0.0,0.0,0.0,,,,,18473,global,0.4
4,4,lr5e-05_bs32_modL1_fusion32_fusionL1_fusionBN0_drop0p1__wd1e-04trmiss40_trlocglobal,32,5e-05,0.0001,1,32,1,False,0.1,lr5e-05_bs32_modL1_fusion32_fusionL1_fusionBN0_drop0p1__wd1e-04trmiss40_trlocglobal,25,0.5428007344404856,0.6833011209964752,0.5376984126984127,0.5734972402242771,0.5333333333333333,0.0,0.0,0.0,0.0,0.0,0.0,0.0,0.0,0.0,,,,,18473,global,0.4
4,4,lr5e-05_bs32_modL1_fusion32_fusionL1_fusionBN0_drop0p1__wd1e-04trmiss40_trlocglobal,32,5e-05,0.0001,1,32,1,False,0.1,lr5e-05_bs32_modL1_fusion32_fusionL1_fusionBN0_drop0p1__wd1e-04trmiss40_trlocglobal,26,0.5383518040180206,0.681807279586792,0.5496031746031746,0.5780992034843285,0.5333333333333333,0.0,0.0,0.0,0.0,0.0,0.0,0.0,0.0,0.0,,,,,18473,global,0.4
4,4,lr5e-05_bs32_modL1_fusion32_fusionL1_fusionBN0_drop0p1__wd1e-04trmiss40_trlocglobal,32,5e-05,0.0001,1,32,1,False,0.1,lr5e-05_bs32_modL1_fusion32_fusionL1_fusionBN0_drop0p1__wd1e-04trmiss40_trlocglobal,27,0.5405288537343343,0.6806375086307526,0.5654761904761905,0.5900069623646429,0.5777777777777777,0.0,0.0,0.0,0.0,0.0,0.0,0.0,0.0,0.0,,,,,18473,global,0.4
4,4,lr5e-05_bs32_modL1_fusion32_fusionL1_fusionBN0_drop0p1__wd1e-04trmiss40_trlocglobal,32,5e-05,0.0001,1,32,1,False,0.1,lr5e-05_bs32_modL1_fusion32_fusionL1_fusionBN0_drop0p1__wd1e-04trmiss40_trlocglobal,28,0.5356078545252482,0.6820482015609741,0.5674603174603174,0.6071468005730295,0.6,0.0,0.0,0.0,0.0,0.0,0.0,0.0,0.0,0.0,,,,,18473,global,0.4
4,4,lr5e-05_bs32_modL1_fusion32_fusionL1_fusionBN0_drop0p1__wd1e-04trmiss40_trlocglobal,32,5e-05,0.0001,1,32,1,False,0.1,lr5e-05_bs32_modL1_fusion32_fusionL1_fusionBN0_drop0p1__wd1e-04trmiss40_trlocglobal,29,0.5409797628720602,0.6808391809463501,0.5515873015873015,0.5998620414849116,0.5777777777777777,0.0,0.0,0.0,0.0,0.0,0.0,0.0,0.0,0.0,,,,,18473,global,0.4
4,4,lr5e-05_bs32_modL1_fusion32_fusionL1_fusionBN0_drop0p1__wd1e-04trmiss40_trlocglobal,32,5e-05,0.0001,1,32,1,False,0.1,lr5e-05_bs32_modL1_fusion32_fusionL1_fusionBN0_drop0p1__wd1e-04trmiss40_trlocglobal,30,0.5197001099586487,0.6810341775417328,0.5476190476190477,0.5782560277736348,0.6,0.0,0.0,0.0,0.0,0.0,0.0,0.0,0.0,0.0,,,,,18473,global,0.4
4,4,lr5e-05_bs32_modL1_fusion32_fusionL1_fusionBN0_drop0p1__wd1e-04trmiss40_trlocglobal,32,5e-05,0.0001,1,32,1,False,0.1,lr5e-05_bs32_modL1_fusion32_fusionL1_fusionBN0_drop0p1__wd1e-04trmiss40_trlocglobal,31,0.5221308569113413,0.6809227168560028,0.5456349206349206,0.5653830752351121,0.6,0.0,0.0,0.0,0.0,0.0,0.0,0.0,0.0,0.0,,,,,18473,global,0.4
4,4,lr5e-05_bs32_modL1_fusion32_fusionL1_fusionBN0_drop0p1__wd1e-04trmiss40_trlocglobal,32,5e-05,0.0001,1,32,1,False,0.1,lr5e-05_bs32_modL1_fusion32_fusionL1_fusionBN0_drop0p1__wd1e-04trmiss40_trlocglobal,32,0.5254183957974116,0.6807583272457123,0.5555555555555556,0.5754114917949077,0.5555555555555556,0.0,0.0,0.0,0.0,0.0,0.0,0.0,0.0,0.0,,,,,18473,global,0.4
4,4,lr5e-05_bs32_modL1_fusion32_fusionL1_fusionBN0_drop0p1__wd1e-04trmiss40_trlocglobal,32,5e-05,0.0001,1,32,1,False,0.1,lr5e-05_bs32_modL1_fusion32_fusionL1_fusionBN0_drop0p1__wd1e-04trmiss40_trlocglobal,33,0.5172700633605322,0.6828267872333527,0.5515873015873015,0.5918883231542199,0.5777777777777777,0.0,0.0,0.0,0.0,0.0,0.0,0.0,0.0,0.0,,,,,18473,global,0.4
4,4,lr5e-05_bs32_modL1_fusion32_fusionL1_fusionBN0_drop0p1__wd1e-04trmiss40_trlocglobal,32,5e-05,0.0001,1,32,1,False,0.1,lr5e-05_bs32_modL1_fusion32_fusionL1_fusionBN0_drop0p1__wd1e-04trmiss40_trlocglobal,34,0.5152610341707865,0.6824488937854767,0.5555555555555556,0.5980868006026974,0.5555555555555556,0.0,0.0,0.0,0.0,0.0,0.0,0.0,0.0,0.0,,,,,18473,global,0.4
4,4,lr5e-05_bs32_modL1_fusion32_fusionL1_fusionBN0_drop0p1__wd1e-04trmiss40_trlocglobal,32,5e-05,0.0001,1,32,1,False,0.1,lr5e-05_bs32_modL1_fusion32_fusionL1_fusionBN0_drop0p1__wd1e-04trmiss40_trlocglobal,35,0.5202870666980743,0.6806821227073669,0.5615079365079365,0.6062693578922635,0.5555555555555556,0.0,0.0,0.0,0.0,0.0,0.0,0.0,0.0,0.0,,,,,18473,global,0.4
4,4,lr5e-05_bs32_modL1_fusion32_fusionL1_fusionBN0_drop0p1__wd1e-04trmiss40_trlocglobal,32,5e-05,0.0001,1,32,1,False,0.1,lr5e-05_bs32_modL1_fusion32_fusionL1_fusionBN0_drop0p1__wd1e-04trmiss40_trlocglobal,36,0.5164446632067362,0.6798994243144989,0.5535714285714286,0.58301595744893,0.5555555555555556,0.0,0.0,0.0,0.0,0.0,0.0,0.0,0.0,0.0,,,,,18473,global,0.4
4,4,lr5e-05_bs32_modL1_fusion32_fusionL1_fusionBN0_drop0p1__wd1e-04trmiss40_trlocglobal,32,5e-05,0.0001,1,32,1,False,0.1,lr5e-05_bs32_modL1_fusion32_fusionL1_fusionBN0_drop0p1__wd1e-04trmiss40_trlocglobal,37,0.5077869842449824,0.6796629726886749,0.5515873015873016,0.5712346439327658,0.6,0.0,0.0,0.0,0.0,0.0,0.0,0.0,0.0,0.0,,,,,18473,global,0.4
4,4,lr5e-05_bs32_modL1_fusion32_fusionL1_fusionBN0_drop0p1__wd1e-04trmiss40_trlocglobal,32,5e-05,0.0001,1,32,1,False,0.1,lr5e-05_bs32_modL1_fusion32_fusionL1_fusionBN0_drop0p1__wd1e-04trmiss40_trlocglobal,38,0.5064626534779867,0.6802373230457306,0.5476190476190477,0.5600465517291151,0.6,0.0,0.0,0.0,0.0,0.0,0.0,0.0,0.0,0.0,,,,,18473,global,0.4
4,4,lr5e-05_bs32_modL1_fusion32_fusionL1_fusionBN0_drop0p1__wd1e-04trmiss40_trlocglobal,32,5e-05,0.0001,1,32,1,False,0.1,lr5e-05_bs32_modL1_fusion32_fusionL1_fusionBN0_drop0p1__wd1e-04trmiss40_trlocglobal,39,0.49751057227452594,0.6814643740653992,0.5436507936507936,0.5601091754476529,0.5777777777777777,0.0,0.0,0.0,0.0,0.0,0.0,0.0,0.0,0.0,,,,,18473,global,0.4
4,4,lr5e-05_bs32_modL1_fusion32_fusionL1_fusionBN0_drop0p1__wd1e-04trmiss40_trlocglobal,32,5e-05,0.0001,1,32,1,False,0.1,lr5e-05_bs32_modL1_fusion32_fusionL1_fusionBN0_drop0p1__wd1e-04trmiss40_trlocglobal,40,0.4982236474752426,0.6816673874855042,0.5496031746031745,0.563370537834964,0.5777777777777777,0.0,0.0,0.0,0.0,0.0,0.0,0.0,0.0,0.0,,,,,18473,global,0.4
4,4,lr5e-05_bs32_modL1_fusion32_fusionL1_fusionBN0_drop0p1__wd1e-04trmiss40_trlocglobal,32,5e-05,0.0001,1,32,1,False,0.1,lr5e-05_bs32_modL1_fusion32_fusionL1_fusionBN0_drop0p1__wd1e-04trmiss40_trlocglobal,41,0.5028252849976221,0.6812766790390015,0.5496031746031746,0.5632314249507531,0.6,0.0,0.0,0.0,0.0,0.0,0.0,0.0,0.0,0.0,,,,,18473,global,0.4
4,4,lr5e-05_bs32_modL1_fusion32_fusionL1_fusionBN0_drop0p1__wd1e-04trmiss40_trlocglobal,32,5e-05,0.0001,1,32,1,False,0.1,lr5e-05_bs32_modL1_fusion32_fusionL1_fusionBN0_drop0p1__wd1e-04trmiss40_trlocglobal,42,0.48969486355781555,0.6809983253479004,0.5535714285714286,0.5672473320410422,0.6222222222222222,0.0,0.0,0.0,0.0,0.0,0.0,0.0,0.0,0.0,,,,,18473,global,0.4
4,4,lr1e-05_bs32_modL1_fusion16_fusionL1_fusionBN0_drop0p2__wd1e-04trmiss40_trlocglobal,32,1e-05,0.0001,1,16,1,False,0.2,lr1e-05_bs32_modL1_fusion16_fusionL1_fusionBN0_drop0p2__wd1e-04trmiss40_trlocglobal,1,0.7008369465668997,0.689001739025116,0.6507936507936508,0.7014339466058347,0.5333333333333333,0.0,0.0,0.0,0.0,0.0,0.0,0.0,0.0,0.0,,,,,18473,global,0.4
4,4,lr1e-05_bs32_modL1_fusion16_fusionL1_fusionBN0_drop0p2__wd1e-04trmiss40_trlocglobal,32,1e-05,0.0001,1,16,1,False,0.2,lr1e-05_bs32_modL1_fusion16_fusionL1_fusionBN0_drop0p2__wd1e-04trmiss40_trlocglobal,2,0.6964239875475565,0.6876873970031738,0.636904761904762,0.6931686951646484,0.5555555555555556,0.0,0.0,0.0,0.0,0.0,0.0,0.0,0.0,0.0,,,,,18473,global,0.4
4,4,lr1e-05_bs32_modL1_fusion16_fusionL1_fusionBN0_drop0p2__wd1e-04trmiss40_trlocglobal,32,1e-05,0.0001,1,16,1,False,0.2,lr1e-05_bs32_modL1_fusion16_fusionL1_fusionBN0_drop0p2__wd1e-04trmiss40_trlocglobal,3,0.6984422405560812,0.686307430267334,0.6309523809523808,0.6878524029387975,0.5777777777777777,0.0,0.0,0.0,0.0,0.0,0.0,0.0,0.0,0.0,,,,,18473,global,0.4
4,4,lr1e-05_bs32_modL1_fusion16_fusionL1_fusionBN0_drop0p2__wd1e-04trmiss40_trlocglobal,32,1e-05,0.0001,1,16,1,False,0.2,lr1e-05_bs32_modL1_fusion16_fusionL1_fusionBN0_drop0p2__wd1e-04trmiss40_trlocglobal,4,0.6851666867733002,0.6855556666851044,0.6309523809523809,0.684128222019906,0.6222222222222222,0.0,0.0,0.0,0.0,0.0,0.0,0.0,0.0,0.0,,,,,18473,global,0.4
4,4,lr1e-05_bs32_modL1_fusion16_fusionL1_fusionBN0_drop0p2__wd1e-04trmiss40_trlocglobal,32,1e-05,0.0001,1,16,1,False,0.2,lr1e-05_bs32_modL1_fusion16_fusionL1_fusionBN0_drop0p2__wd1e-04trmiss40_trlocglobal,5,0.6946775317192078,0.6848688721656799,0.6329365079365079,0.6856270294131797,0.6222222222222222,0.0,0.0,0.0,0.0,0.0,0.0,0.0,0.0,0.0,,,,,18473,global,0.4
4,4,lr1e-05_bs32_modL1_fusion16_fusionL1_fusionBN0_drop0p2__wd1e-04trmiss40_trlocglobal,32,1e-05,0.0001,1,16,1,False,0.2,lr1e-05_bs32_modL1_fusion16_fusionL1_fusionBN0_drop0p2__wd1e-04trmiss40_trlocglobal,6,0.6919242342313131,0.6842491924762726,0.6329365079365079,0.6840630232439103,0.6222222222222222,0.0,0.0,0.0,0.0,0.0,0.0,0.0,0.0,0.0,,,,,18473,global,0.4
4,4,lr1e-05_bs32_modL1_fusion16_fusionL1_fusionBN0_drop0p2__wd1e-04trmiss40_trlocglobal,32,1e-05,0.0001,1,16,1,False,0.2,lr1e-05_bs32_modL1_fusion16_fusionL1_fusionBN0_drop0p2__wd1e-04trmiss40_trlocglobal,7,0.6806245048840841,0.6834584176540375,0.636904761904762,0.6853845927489338,0.6222222222222222,0.0,0.0,0.0,0.0,0.0,0.0,0.0,0.0,0.0,,,,,18473,global,0.4
4,4,lr1e-05_bs32_modL1_fusion16_fusionL1_fusionBN0_drop0p2__wd1e-04trmiss40_trlocglobal,32,1e-05,0.0001,1,16,1,False,0.2,lr1e-05_bs32_modL1_fusion16_fusionL1_fusionBN0_drop0p2__wd1e-04trmiss40_trlocglobal,8,0.6807272930939993,0.6826396882534027,0.6448412698412699,0.6895394346754031,0.6222222222222222,0.0,0.0,0.0,0.0,0.0,0.0,0.0,0.0,0.0,,,,,18473,global,0.4
4,4,lr1e-05_bs32_modL1_fusion16_fusionL1_fusionBN0_drop0p2__wd1e-04trmiss40_trlocglobal,32,1e-05,0.0001,1,16,1,False,0.2,lr1e-05_bs32_modL1_fusion16_fusionL1_fusionBN0_drop0p2__wd1e-04trmiss40_trlocglobal,9,0.6772772471110026,0.6821377575397491,0.6507936507936508,0.6935171820742032,0.6222222222222222,0.0,0.0,0.0,0.0,0.0,0.0,0.0,0.0,0.0,,,,,18473,global,0.4
4,4,lr1e-05_bs32_modL1_fusion16_fusionL1_fusionBN0_drop0p2__wd1e-04trmiss40_trlocglobal,32,1e-05,0.0001,1,16,1,False,0.2,lr1e-05_bs32_modL1_fusion16_fusionL1_fusionBN0_drop0p2__wd1e-04trmiss40_trlocglobal,10,0.6795683801174164,0.6819013357162476,0.6567460317460317,0.6979130496166225,0.6222222222222222,0.0,0.0,0.0,0.0,0.0,0.0,0.0,0.0,0.0,,,,,18473,global,0.4
4,4,lr1e-05_bs32_modL1_fusion16_fusionL1_fusionBN0_drop0p2__wd1e-04trmiss40_trlocglobal,32,1e-05,0.0001,1,16,1,False,0.2,lr1e-05_bs32_modL1_fusion16_fusionL1_fusionBN0_drop0p2__wd1e-04trmiss40_trlocglobal,11,0.6760052740573883,0.6815220713615417,0.6587301587301587,0.7050423513594111,0.6222222222222222,0.0,0.0,0.0,0.0,0.0,0.0,0.0,0.0,0.0,,,,,18473,global,0.4
4,4,lr1e-05_bs32_modL1_fusion16_fusionL1_fusionBN0_drop0p2__wd1e-04trmiss40_trlocglobal,32,1e-05,0.0001,1,16,1,False,0.2,lr1e-05_bs32_modL1_fusion16_fusionL1_fusionBN0_drop0p2__wd1e-04trmiss40_trlocglobal,12,0.6788353522618612,0.681221216917038,0.6626984126984127,0.7068315046431296,0.6444444444444445,0.0,0.0,0.0,0.0,0.0,0.0,0.0,0.0,0.0,,,,,18473,global,0.4
4,4,lr1e-05_bs32_modL1_fusion16_fusionL1_fusionBN0_drop0p2__wd1e-04trmiss40_trlocglobal,32,1e-05,0.0001,1,16,1,False,0.2,lr1e-05_bs32_modL1_fusion16_fusionL1_fusionBN0_drop0p2__wd1e-04trmiss40_trlocglobal,13,0.6785852710405985,0.6807743310928345,0.6587301587301587,0.706144754796002,0.6666666666666666,0.0,0.0,0.0,0.0,0.0,0.0,0.0,0.0,0.0,,,,,18473,global,0.4
4,4,lr1e-05_bs32_modL1_fusion16_fusionL1_fusionBN0_drop0p2__wd1e-04trmiss40_trlocglobal,32,1e-05,0.0001,1,16,1,False,0.2,lr1e-05_bs32_modL1_fusion16_fusionL1_fusionBN0_drop0p2__wd1e-04trmiss40_trlocglobal,14,0.6812587181727091,0.6802330017089844,0.6646825396825398,0.7088316025857462,0.6666666666666666,0.0,0.0,0.0,0.0,0.0,0.0,0.0,0.0,0.0,,,,,18473,global,0.4
4,4,lr1e-05_bs32_modL1_fusion16_fusionL1_fusionBN0_drop0p2__wd1e-04trmiss40_trlocglobal,32,1e-05,0.0001,1,16,1,False,0.2,lr1e-05_bs32_modL1_fusion16_fusionL1_fusionBN0_drop0p2__wd1e-04trmiss40_trlocglobal,15,0.6693130731582642,0.6796936690807343,0.6607142857142857,0.7076682933382131,0.6666666666666666,0.0,0.0,0.0,0.0,0.0,0.0,0.0,0.0,0.0,,,,,18473,global,0.4
4,4,lr1e-05_bs32_modL1_fusion16_fusionL1_fusionBN0_drop0p2__wd1e-04trmiss40_trlocglobal,32,1e-05,0.0001,1,16,1,False,0.2,lr1e-05_bs32_modL1_fusion16_fusionL1_fusionBN0_drop0p2__wd1e-04trmiss40_trlocglobal,16,0.6636035740375519,0.6794188022613525,0.6607142857142857,0.7062072928640548,0.6222222222222222,0.0,0.0,0.0,0.0,0.0,0.0,0.0,0.0,0.0,,,,,18473,global,0.4
4,4,lr1e-05_bs32_modL1_fusion16_fusionL1_fusionBN0_drop0p2__wd1e-04trmiss40_trlocglobal,32,1e-05,0.0001,1,16,1,False,0.2,lr1e-05_bs32_modL1_fusion16_fusionL1_fusionBN0_drop0p2__wd1e-04trmiss40_trlocglobal,17,0.6638407111167908,0.6790441870689392,0.6646825396825397,0.7119278739135833,0.6444444444444445,0.0,0.0,0.0,0.0,0.0,0.0,0.0,0.0,0.0,,,,,18473,global,0.4
4,4,lr1e-05_bs32_modL1_fusion16_fusionL1_fusionBN0_drop0p2__wd1e-04trmiss40_trlocglobal,32,1e-05,0.0001,1,16,1,False,0.2,lr1e-05_bs32_modL1_fusion16_fusionL1_fusionBN0_drop0p2__wd1e-04trmiss40_trlocglobal,18,0.6682622134685516,0.6786695420742035,0.6686507936507936,0.7228324212031709,0.6444444444444445,0.0,0.0,0.0,0.0,0.0,0.0,0.0,0.0,0.0,,,,,18473,global,0.4
4,4,lr1e-05_bs32_modL1_fusion16_fusionL1_fusionBN0_drop0p2__wd1e-04trmiss40_trlocglobal,32,1e-05,0.0001,1,16,1,False,0.2,lr1e-05_bs32_modL1_fusion16_fusionL1_fusionBN0_drop0p2__wd1e-04trmiss40_trlocglobal,19,0.6676828861236572,0.6785001754760742,0.6666666666666666,0.7232600347773362,0.6222222222222222,0.0,0.0,0.0,0.0,0.0,0.0,0.0,0.0,0.0,,,,,18473,global,0.4
4,4,lr1e-05_bs32_modL1_fusion16_fusionL1_fusionBN0_drop0p2__wd1e-04trmiss40_trlocglobal,32,1e-05,0.0001,1,16,1,False,0.2,lr1e-05_bs32_modL1_fusion16_fusionL1_fusionBN0_drop0p2__wd1e-04trmiss40_trlocglobal,20,0.6631507078806559,0.6778985857963562,0.6765873015873016,0.7310616067625273,0.6666666666666666,0.0,0.0,0.0,0.0,0.0,0.0,0.0,0.0,0.0,,,,,18473,global,0.4
4,4,lr1e-05_bs32_modL1_fusion16_fusionL1_fusionBN0_drop0p2__wd1e-04trmiss40_trlocglobal,32,1e-05,0.0001,1,16,1,False,0.2,lr1e-05_bs32_modL1_fusion16_fusionL1_fusionBN0_drop0p2__wd1e-04trmiss40_trlocglobal,21,0.6667073865731558,0.6777108609676361,0.6746031746031745,0.7291319472670782,0.6666666666666666,0.0,0.0,0.0,0.0,0.0,0.0,0.0,0.0,0.0,,,,,18473,global,0.4
4,4,lr1e-05_bs32_modL1_fusion16_fusionL1_fusionBN0_drop0p2__wd1e-04trmiss40_trlocglobal,32,1e-05,0.0001,1,16,1,False,0.2,lr1e-05_bs32_modL1_fusion16_fusionL1_fusionBN0_drop0p2__wd1e-04trmiss40_trlocglobal,22,0.6647156178951263,0.6773886978626251,0.6746031746031745,0.7291319472670782,0.6444444444444445,0.0,0.0,0.0,0.0,0.0,0.0,0.0,0.0,0.0,,,,,18473,global,0.4
4,4,lr1e-05_bs32_modL1_fusion16_fusionL1_fusionBN0_drop0p2__wd1e-04trmiss40_trlocglobal,32,1e-05,0.0001,1,16,1,False,0.2,lr1e-05_bs32_modL1_fusion16_fusionL1_fusionBN0_drop0p2__wd1e-04trmiss40_trlocglobal,23,0.6611550748348236,0.6769331991672516,0.6785714285714286,0.7341699140428499,0.6666666666666666,0.0,0.0,0.0,0.0,0.0,0.0,0.0,0.0,0.0,,,,,18473,global,0.4
4,4,lr1e-05_bs32_modL1_fusion16_fusionL1_fusionBN0_drop0p2__wd1e-04trmiss40_trlocglobal,32,1e-05,0.0001,1,16,1,False,0.2,lr1e-05_bs32_modL1_fusion16_fusionL1_fusionBN0_drop0p2__wd1e-04trmiss40_trlocglobal,24,0.6579078038533529,0.6769955456256866,0.6726190476190477,0.7323816362855798,0.6666666666666666,0.0,0.0,0.0,0.0,0.0,0.0,0.0,0.0,0.0,,,,,18473,global,0.4
4,4,lr1e-05_bs32_modL1_fusion16_fusionL1_fusionBN0_drop0p2__wd1e-04trmiss40_trlocglobal,32,1e-05,0.0001,1,16,1,False,0.2,lr1e-05_bs32_modL1_fusion16_fusionL1_fusionBN0_drop0p2__wd1e-04trmiss40_trlocglobal,25,0.6615181167920431,0.676797479391098,0.6746031746031746,0.7373419537458973,0.6666666666666666,0.0,0.0,0.0,0.0,0.0,0.0,0.0,0.0,0.0,,,,,18473,global,0.4
4,4,lr1e-05_bs32_modL1_fusion16_fusionL1_fusionBN0_drop0p2__wd1e-04trmiss40_trlocglobal,32,1e-05,0.0001,1,16,1,False,0.2,lr1e-05_bs32_modL1_fusion16_fusionL1_fusionBN0_drop0p2__wd1e-04trmiss40_trlocglobal,26,0.6580962439378103,0.6771665811538696,0.6765873015873016,0.739210727966662,0.6666666666666666,0.0,0.0,0.0,0.0,0.0,0.0,0.0,0.0,0.0,,,,,18473,global,0.4
4,4,lr1e-05_bs32_modL1_fusion16_fusionL1_fusionBN0_drop0p2__wd1e-04trmiss40_trlocglobal,32,1e-05,0.0001,1,16,1,False,0.2,lr1e-05_bs32_modL1_fusion16_fusionL1_fusionBN0_drop0p2__wd1e-04trmiss40_trlocglobal,27,0.669950266679128,0.6769284605979919,0.6726190476190477,0.7339040343293762,0.6888888888888889,0.0,0.0,0.0,0.0,0.0,0.0,0.0,0.0,0.0,,,,,18473,global,0.4
4,4,lr1e-05_bs32_modL1_fusion16_fusionL1_fusionBN0_drop0p2__wd1e-04trmiss40_trlocglobal,32,1e-05,0.0001,1,16,1,False,0.2,lr1e-05_bs32_modL1_fusion16_fusionL1_fusionBN0_drop0p2__wd1e-04trmiss40_trlocglobal,28,0.6671952108542124,0.6766117811203003,0.6785714285714286,0.7423614194687467,0.6666666666666666,0.0,0.0,0.0,0.0,0.0,0.0,0.0,0.0,0.0,,,,,18473,global,0.4
4,4,lr1e-05_bs32_modL1_fusion16_fusionL1_fusionBN0_drop0p2__wd1e-04trmiss40_trlocglobal,32,1e-05,0.0001,1,16,1,False,0.2,lr1e-05_bs32_modL1_fusion16_fusionL1_fusionBN0_drop0p2__wd1e-04trmiss40_trlocglobal,29,0.6614007453123728,0.6765929162502289,0.6706349206349206,0.7381773121136834,0.6666666666666666,0.0,0.0,0.0,0.0,0.0,0.0,0.0,0.0,0.0,,,,,18473,global,0.4
4,4,lr1e-05_bs32_modL1_fusion16_fusionL1_fusionBN0_drop0p2__wd1e-04trmiss40_trlocglobal,32,1e-05,0.0001,1,16,1,False,0.2,lr1e-05_bs32_modL1_fusion16_fusionL1_fusionBN0_drop0p2__wd1e-04trmiss40_trlocglobal,30,0.6632628440856934,0.6766183376312256,0.6726190476190477,0.7388541954767924,0.6666666666666666,0.0,0.0,0.0,0.0,0.0,0.0,0.0,0.0,0.0,,,,,18473,global,0.4
4,4,lr1e-05_bs32_modL1_fusion16_fusionL1_fusionBN0_drop0p2__wd1e-04trmiss40_trlocglobal,32,1e-05,0.0001,1,16,1,False,0.2,lr1e-05_bs32_modL1_fusion16_fusionL1_fusionBN0_drop0p2__wd1e-04trmiss40_trlocglobal,31,0.6595657368501028,0.6767829358577728,0.6706349206349206,0.7352185280253354,0.6888888888888889,0.0,0.0,0.0,0.0,0.0,0.0,0.0,0.0,0.0,,,,,18473,global,0.4
4,4,lr1e-05_bs32_modL1_fusion16_fusionL1_fusionBN0_drop0p2__wd1e-04trmiss40_trlocglobal,32,1e-05,0.0001,1,16,1,False,0.2,lr1e-05_bs32_modL1_fusion16_fusionL1_fusionBN0_drop0p2__wd1e-04trmiss40_trlocglobal,32,0.6544604698816935,0.6767093539237976,0.6765873015873016,0.7439441259242279,0.6888888888888889,0.0,0.0,0.0,0.0,0.0,0.0,0.0,0.0,0.0,,,,,18473,global,0.4
4,4,lr1e-05_bs32_modL1_fusion16_fusionL1_fusionBN0_drop0p2__wd1e-04trmiss40_trlocglobal,32,1e-05,0.0001,1,16,1,False,0.2,lr1e-05_bs32_modL1_fusion16_fusionL1_fusionBN0_drop0p2__wd1e-04trmiss40_trlocglobal,33,0.660213698943456,0.6767237186431885,0.6706349206349206,0.737519409573041,0.6888888888888889,0.0,0.0,0.0,0.0,0.0,0.0,0.0,0.0,0.0,,,,,18473,global,0.4
4,4,lr1e-05_bs32_modL1_fusion16_fusionL1_fusionBN0_drop0p2__wd1e-04trmiss40_trlocglobal,32,1e-05,0.0001,1,16,1,False,0.2,lr1e-05_bs32_modL1_fusion16_fusionL1_fusionBN0_drop0p2__wd1e-04trmiss40_trlocglobal,34,0.6542992889881134,0.6763448417186737,0.6765873015873015,0.7428646674767686,0.6888888888888889,0.0,0.0,0.0,0.0,0.0,0.0,0.0,0.0,0.0,,,,,18473,global,0.4
4,4,lr1e-05_bs32_modL1_fusion16_fusionL1_fusionBN0_drop0p2__wd1e-04trmiss40_trlocglobal,32,1e-05,0.0001,1,16,1,False,0.2,lr1e-05_bs32_modL1_fusion16_fusionL1_fusionBN0_drop0p2__wd1e-04trmiss40_trlocglobal,35,0.6566817164421082,0.676307737827301,0.6785714285714286,0.7442172713437403,0.6888888888888889,0.0,0.0,0.0,0.0,0.0,0.0,0.0,0.0,0.0,,,,,18473,global,0.4
4,4,lr1e-05_bs32_modL1_fusion16_fusionL1_fusionBN0_drop0p2__wd1e-04trmiss40_trlocglobal,32,1e-05,0.0001,1,16,1,False,0.2,lr1e-05_bs32_modL1_fusion16_fusionL1_fusionBN0_drop0p2__wd1e-04trmiss40_trlocglobal,36,0.6521030366420746,0.6768636107444763,0.6746031746031746,0.7489708058449507,0.6666666666666666,0.0,0.0,0.0,0.0,0.0,0.0,0.0,0.0,0.0,,,,,18473,global,0.4
4,4,lr1e-05_bs32_modL1_fusion16_fusionL1_fusionBN0_drop0p2__wd1e-04trmiss40_trlocglobal,32,1e-05,0.0001,1,16,1,False,0.2,lr1e-05_bs32_modL1_fusion16_fusionL1_fusionBN0_drop0p2__wd1e-04trmiss40_trlocglobal,37,0.6634113391240438,0.6768579483032227,0.6765873015873016,0.7526948030324454,0.6888888888888889,0.0,0.0,0.0,0.0,0.0,0.0,0.0,0.0,0.0,,,,,18473,global,0.4
4,4,lr1e-05_bs32_modL1_fusion16_fusionL1_fusionBN0_drop0p2__wd1e-04trmiss40_trlocglobal,32,1e-05,0.0001,1,16,1,False,0.2,lr1e-05_bs32_modL1_fusion16_fusionL1_fusionBN0_drop0p2__wd1e-04trmiss40_trlocglobal,38,0.6560387512048086,0.6765388250350952,0.6785714285714285,0.7525144060873425,0.6444444444444445,0.0,0.0,0.0,0.0,0.0,0.0,0.0,0.0,0.0,,,,,18473,global,0.4
4,4,lr1e-05_bs32_modL1_fusion16_fusionL1_fusionBN0_drop0p2__wd1e-04trmiss40_trlocglobal,32,1e-05,0.0001,1,16,1,False,0.2,lr1e-05_bs32_modL1_fusion16_fusionL1_fusionBN0_drop0p2__wd1e-04trmiss40_trlocglobal,39,0.6571759084860483,0.6763129234313965,0.6785714285714286,0.7550762531191455,0.6444444444444445,0.0,0.0,0.0,0.0,0.0,0.0,0.0,0.0,0.0,,,,,18473,global,0.4
4,4,lr1e-05_bs32_modL1_fusion16_fusionL1_fusionBN0_drop0p2__wd1e-04trmiss40_trlocglobal,32,1e-05,0.0001,1,16,1,False,0.2,lr1e-05_bs32_modL1_fusion16_fusionL1_fusionBN0_drop0p2__wd1e-04trmiss40_trlocglobal,40,0.660766988992691,0.6762690246105194,0.6765873015873015,0.7521916377345299,0.6444444444444445,0.0,0.0,0.0,0.0,0.0,0.0,0.0,0.0,0.0,,,,,18473,global,0.4
4,4,lr1e-05_bs32_modL1_fusion16_fusionL1_fusionBN0_drop0p2__wd1e-04trmiss40_trlocglobal,32,1e-05,0.0001,1,16,1,False,0.2,lr1e-05_bs32_modL1_fusion16_fusionL1_fusionBN0_drop0p2__wd1e-04trmiss40_trlocglobal,41,0.6529856820901235,0.6762088239192963,0.6765873015873016,0.7531360944645904,0.6444444444444445,0.0,0.0,0.0,0.0,0.0,0.0,0.0,0.0,0.0,,,,,18473,global,0.4
4,4,lr1e-05_bs32_modL1_fusion16_fusionL1_fusionBN0_drop0p2__wd1e-04trmiss40_trlocglobal,32,1e-05,0.0001,1,16,1,False,0.2,lr1e-05_bs32_modL1_fusion16_fusionL1_fusionBN0_drop0p2__wd1e-04trmiss40_trlocglobal,42,0.6515599886576334,0.6760774552822113,0.6785714285714286,0.753548616961512,0.6444444444444445,0.0,0.0,0.0,0.0,0.0,0.0,0.0,0.0,0.0,,,,,18473,global,0.4
4,4,lr1e-05_bs32_modL1_fusion16_fusionL1_fusionBN0_drop0p2__wd1e-04trmiss40_trlocglobal,32,1e-05,0.0001,1,16,1,False,0.2,lr1e-05_bs32_modL1_fusion16_fusionL1_fusionBN0_drop0p2__wd1e-04trmiss40_trlocglobal,43,0.6528815527757009,0.6763222813606262,0.6746031746031746,0.7510500661903401,0.6444444444444445,0.0,0.0,0.0,0.0,0.0,0.0,0.0,0.0,0.0,,,,,18473,global,0.4
4,4,lr1e-05_bs32_modL1_fusion16_fusionL1_fusionBN0_drop0p2__wd1e-04trmiss40_trlocglobal,32,1e-05,0.0001,1,16,1,False,0.2,lr1e-05_bs32_modL1_fusion16_fusionL1_fusionBN0_drop0p2__wd1e-04trmiss40_trlocglobal,44,0.6500609616438547,0.6766081154346466,0.6785714285714286,0.7545222884125624,0.6222222222222222,0.0,0.0,0.0,0.0,0.0,0.0,0.0,0.0,0.0,,,,,18473,global,0.4
4,4,lr1e-05_bs32_modL1_fusion16_fusionL1_fusionBN0_drop0p2__wd1e-04trmiss40_trlocglobal,32,1e-05,0.0001,1,16,1,False,0.2,lr1e-05_bs32_modL1_fusion16_fusionL1_fusionBN0_drop0p2__wd1e-04trmiss40_trlocglobal,45,0.6403138240178426,0.6761550605297089,0.6726190476190477,0.7498388173333224,0.6222222222222222,0.0,0.0,0.0,0.0,0.0,0.0,0.0,0.0,0.0,,,,,18473,global,0.4
4,4,lr1e-05_bs32_modL1_fusion16_fusionL1_fusionBN0_drop0p2__wd1e-04trmiss40_trlocglobal,32,1e-05,0.0001,1,16,1,False,0.2,lr1e-05_bs32_modL1_fusion16_fusionL1_fusionBN0_drop0p2__wd1e-04trmiss40_trlocglobal,46,0.6520327428976694,0.6759817898273468,0.6666666666666666,0.7490690119106658,0.6222222222222222,0.0,0.0,0.0,0.0,0.0,0.0,0.0,0.0,0.0,,,,,18473,global,0.4
4,4,lr1e-05_bs32_modL1_fusion16_fusionL1_fusionBN0_drop0p2__wd1e-04trmiss40_trlocglobal,32,1e-05,0.0001,1,16,1,False,0.2,lr1e-05_bs32_modL1_fusion16_fusionL1_fusionBN0_drop0p2__wd1e-04trmiss40_trlocglobal,47,0.6472021043300629,0.6756506860256195,0.6805555555555556,0.755283937158082,0.6444444444444445,0.0,0.0,0.0,0.0,0.0,0.0,0.0,0.0,0.0,,,,,18473,global,0.4
4,4,lr1e-05_bs32_modL1_fusion16_fusionL1_fusionBN0_drop0p2__wd1e-04trmiss40_trlocglobal,32,1e-05,0.0001,1,16,1,False,0.2,lr1e-05_bs32_modL1_fusion16_fusionL1_fusionBN0_drop0p2__wd1e-04trmiss40_trlocglobal,48,0.6480949521064758,0.6753950715065002,0.6746031746031746,0.7517451354161111,0.6222222222222222,0.0,0.0,0.0,0.0,0.0,0.0,0.0,0.0,0.0,,,,,18473,global,0.4
4,4,lr1e-05_bs32_modL1_fusion16_fusionL1_fusionBN0_drop0p2__wd1e-04trmiss40_trlocglobal,32,1e-05,0.0001,1,16,1,False,0.2,lr1e-05_bs32_modL1_fusion16_fusionL1_fusionBN0_drop0p2__wd1e-04trmiss40_trlocglobal,49,0.645437995592753,0.6756402552127838,0.6746031746031746,0.7507884849496567,0.6222222222222222,0.0,0.0,0.0,0.0,0.0,0.0,0.0,0.0,0.0,,,,,18473,global,0.4
4,4,lr1e-05_bs32_modL1_fusion16_fusionL1_fusionBN0_drop0p2__wd1e-04trmiss40_trlocglobal,32,1e-05,0.0001,1,16,1,False,0.2,lr1e-05_bs32_modL1_fusion16_fusionL1_fusionBN0_drop0p2__wd1e-04trmiss40_trlocglobal,50,0.6439676185448965,0.6754843294620514,0.6706349206349206,0.7504994101612394,0.6222222222222222,0.0,0.0,0.0,0.0,0.0,0.0,0.0,0.0,0.0,,,,,18473,global,0.4
4,4,lr1e-05_bs32_modL1_fusion16_fusionL1_fusionBN0_drop0p2__wd1e-04trmiss40_trlocglobal,32,1e-05,0.0001,1,16,1,False,0.2,lr1e-05_bs32_modL1_fusion16_fusionL1_fusionBN0_drop0p2__wd1e-04trmiss40_trlocglobal,51,0.6459647218386332,0.6758401393890381,0.6746031746031746,0.7609160768279062,0.6222222222222222,0.0,0.0,0.0,0.0,0.0,0.0,0.0,0.0,0.0,,,,,18473,global,0.4
4,4,lr1e-05_bs32_modL1_fusion16_fusionL1_fusionBN0_drop0p2__wd1e-04trmiss40_trlocglobal,32,1e-05,0.0001,1,16,1,False,0.2,lr1e-05_bs32_modL1_fusion16_fusionL1_fusionBN0_drop0p2__wd1e-04trmiss40_trlocglobal,52,0.6433682938416799,0.6755294799804688,0.6746031746031745,0.7614174534929785,0.6444444444444445,0.0,0.0,0.0,0.0,0.0,0.0,0.0,0.0,0.0,,,,,18473,global,0.4
4,4,lr1e-05_bs32_modL1_fusion16_fusionL1_fusionBN0_drop0p2__wd1e-04trmiss40_trlocglobal,32,1e-05,0.0001,1,16,1,False,0.2,lr1e-05_bs32_modL1_fusion16_fusionL1_fusionBN0_drop0p2__wd1e-04trmiss40_trlocglobal,53,0.6423894365628561,0.6755548715591431,0.6805555555555556,0.7669415200696765,0.6222222222222222,0.0,0.0,0.0,0.0,0.0,0.0,0.0,0.0,0.0,,,,,18473,global,0.4
4,4,lr1e-05_bs32_modL1_fusion16_fusionL1_fusionBN0_drop0p2__wd1e-04trmiss40_trlocglobal,32,1e-05,0.0001,1,16,1,False,0.2,lr1e-05_bs32_modL1_fusion16_fusionL1_fusionBN0_drop0p2__wd1e-04trmiss40_trlocglobal,54,0.6445572674274445,0.6752681136131287,0.6785714285714286,0.7661735318668692,0.6666666666666666,0.0,0.0,0.0,0.0,0.0,0.0,0.0,0.0,0.0,,,,,18473,global,0.4
4,4,lr1e-05_bs32_modL1_fusion16_fusionL1_fusionBN0_drop0p2__wd1e-04trmiss40_trlocglobal,32,1e-05,0.0001,1,16,1,False,0.2,lr1e-05_bs32_modL1_fusion16_fusionL1_fusionBN0_drop0p2__wd1e-04trmiss40_trlocglobal,55,0.6431432863076528,0.6752606332302094,0.6746031746031746,0.7646649211611038,0.6666666666666666,0.0,0.0,0.0,0.0,0.0,0.0,0.0,0.0,0.0,,,,,18473,global,0.4
4,4,lr1e-05_bs32_modL1_fusion16_fusionL1_fusionBN0_drop0p2__wd1e-04trmiss40_trlocglobal,32,1e-05,0.0001,1,16,1,False,0.2,lr1e-05_bs32_modL1_fusion16_fusionL1_fusionBN0_drop0p2__wd1e-04trmiss40_trlocglobal,56,0.6484124461809794,0.6749626100063324,0.6785714285714286,0.7666402298030792,0.6444444444444445,0.0,0.0,0.0,0.0,0.0,0.0,0.0,0.0,0.0,,,,,18473,global,0.4
4,4,lr1e-05_bs32_modL1_fusion16_fusionL1_fusionBN0_drop0p2__wd1e-04trmiss40_trlocglobal,32,1e-05,0.0001,1,16,1,False,0.2,lr1e-05_bs32_modL1_fusion16_fusionL1_fusionBN0_drop0p2__wd1e-04trmiss40_trlocglobal,57,0.6417064468065897,0.6750112473964691,0.6805555555555556,0.7580004053095963,0.6222222222222222,0.0,0.0,0.0,0.0,0.0,0.0,0.0,0.0,0.0,,,,,18473,global,0.4
4,4,lr1e-05_bs32_modL1_fusion16_fusionL1_fusionBN0_drop0p2__wd1e-04trmiss40_trlocglobal,32,1e-05,0.0001,1,16,1,False,0.2,lr1e-05_bs32_modL1_fusion16_fusionL1_fusionBN0_drop0p2__wd1e-04trmiss40_trlocglobal,58,0.6376530726750692,0.674967497587204,0.6726190476190477,0.7544818867910776,0.6222222222222222,0.0,0.0,0.0,0.0,0.0,0.0,0.0,0.0,0.0,,,,,18473,global,0.4
4,4,lr1e-05_bs32_modL1_fusion16_fusionL1_fusionBN0_drop0p2__wd1e-04trmiss40_trlocglobal,32,1e-05,0.0001,1,16,1,False,0.2,lr1e-05_bs32_modL1_fusion16_fusionL1_fusionBN0_drop0p2__wd1e-04trmiss40_trlocglobal,59,0.6396603087584177,0.6751574277877808,0.6805555555555556,0.7663679945105188,0.6222222222222222,0.0,0.0,0.0,0.0,0.0,0.0,0.0,0.0,0.0,,,,,18473,global,0.4
4,4,lr1e-05_bs32_modL1_fusion16_fusionL1_fusionBN0_drop0p2__wd1e-04trmiss40_trlocglobal,32,1e-05,0.0001,1,16,1,False,0.2,lr1e-05_bs32_modL1_fusion16_fusionL1_fusionBN0_drop0p2__wd1e-04trmiss40_trlocglobal,60,0.6438691218694051,0.6756826937198639,0.6785714285714286,0.756535677437348,0.6222222222222222,0.0,0.0,0.0,0.0,0.0,0.0,0.0,0.0,0.0,,,,,18473,global,0.4
4,4,lr1e-05_bs32_modL1_fusion16_fusionL1_fusionBN0_drop0p2__wd1e-04trmiss40_trlocglobal,32,1e-05,0.0001,1,16,1,False,0.2,lr1e-05_bs32_modL1_fusion16_fusionL1_fusionBN0_drop0p2__wd1e-04trmiss40_trlocglobal,61,0.6446577807267507,0.6755543649196625,0.6726190476190477,0.7548071975838682,0.6222222222222222,0.0,0.0,0.0,0.0,0.0,0.0,0.0,0.0,0.0,,,,,18473,global,0.4
4,4,lr1e-05_bs32_modL1_fusion16_fusionL1_fusionBN0_drop0p2__wd1e-04trmiss40_trlocglobal,32,1e-05,0.0001,1,16,1,False,0.2,lr1e-05_bs32_modL1_fusion16_fusionL1_fusionBN0_drop0p2__wd1e-04trmiss40_trlocglobal,62,0.6467795372009277,0.6755259037017822,0.6746031746031746,0.7553637210062454,0.6222222222222222,0.0,0.0,0.0,0.0,0.0,0.0,0.0,0.0,0.0,,,,,18473,global,0.4
4,4,lr1e-05_bs32_modL1_fusion16_fusionL1_fusionBN0_drop0p2__wd1e-04trmiss40_trlocglobal,32,1e-05,0.0001,1,16,1,False,0.2,lr1e-05_bs32_modL1_fusion16_fusionL1_fusionBN0_drop0p2__wd1e-04trmiss40_trlocglobal,63,0.6466862261295319,0.6757290661334991,0.6746031746031746,0.7589081537173445,0.6222222222222222,0.0,0.0,0.0,0.0,0.0,0.0,0.0,0.0,0.0,,,,,18473,global,0.4
4,4,lr1e-05_bs32_modL1_fusion16_fusionL1_fusionBN0_drop0p2__wd1e-04trmiss40_trlocglobal,32,1e-05,0.0001,1,16,1,False,0.2,lr1e-05_bs32_modL1_fusion16_fusionL1_fusionBN0_drop0p2__wd1e-04trmiss40_trlocglobal,64,0.6419728597005209,0.6757626235485077,0.6746031746031745,0.7550282175965548,0.6222222222222222,0.0,0.0,0.0,0.0,0.0,0.0,0.0,0.0,0.0,,,,,18473,global,0.4
4,4,lr1e-05_bs32_modL1_fusion16_fusionL1_fusionBN0_drop0p2__wd1e-04trmiss40_trlocglobal,32,1e-05,0.0001,1,16,1,False,0.2,lr1e-05_bs32_modL1_fusion16_fusionL1_fusionBN0_drop0p2__wd1e-04trmiss40_trlocglobal,65,0.6390456855297089,0.6754557490348816,0.6726190476190477,0.7583205468797378,0.6666666666666666,0.0,0.0,0.0,0.0,0.0,0.0,0.0,0.0,0.0,,,,,18473,global,0.4
4,4,lr1e-05_bs32_modL1_fusion16_fusionL1_fusionBN0_drop0p2__wd1e-04trmiss40_trlocglobal,32,1e-05,0.0001,1,16,1,False,0.2,lr1e-05_bs32_modL1_fusion16_fusionL1_fusionBN0_drop0p2__wd1e-04trmiss40_trlocglobal,66,0.6321315368016561,0.6754232048988342,0.6746031746031746,0.7589081537173445,0.6444444444444445,0.0,0.0,0.0,0.0,0.0,0.0,0.0,0.0,0.0,,,,,18473,global,0.4
4,4,lr1e-05_bs32_modL1_fusion16_fusionL1_fusionBN0_drop0p2__wd1e-04trmiss40_trlocglobal,32,1e-05,0.0001,1,16,1,False,0.2,lr1e-05_bs32_modL1_fusion16_fusionL1_fusionBN0_drop0p2__wd1e-04trmiss40_trlocglobal,67,0.6479361255963644,0.6749335527420044,0.6746031746031746,0.7589081537173445,0.6444444444444445,0.0,0.0,0.0,0.0,0.0,0.0,0.0,0.0,0.0,,,,,18473,global,0.4
4,4,lr1e-05_bs32_modL1_fusion16_fusionL1_fusionBN0_drop0p2__wd1e-04trmiss40_trlocglobal,32,1e-05,0.0001,1,16,1,False,0.2,lr1e-05_bs32_modL1_fusion16_fusionL1_fusionBN0_drop0p2__wd1e-04trmiss40_trlocglobal,68,0.6388676166534424,0.6750867366790771,0.6726190476190477,0.7583205468797378,0.6222222222222222,0.0,0.0,0.0,0.0,0.0,0.0,0.0,0.0,0.0,,,,,18473,global,0.4
4,4,lr1e-05_bs32_modL1_fusion16_fusionL1_fusionBN0_drop0p2__wd1e-04trmiss40_trlocglobal,32,1e-05,0.0001,1,16,1,False,0.2,lr1e-05_bs32_modL1_fusion16_fusionL1_fusionBN0_drop0p2__wd1e-04trmiss40_trlocglobal,69,0.6449984808762869,0.6750499904155731,0.6765873015873016,0.7650289762192155,0.6444444444444445,0.0,0.0,0.0,0.0,0.0,0.0,0.0,0.0,0.0,,,,,18473,global,0.4
4,4,lr1e-05_bs32_modL1_fusion16_fusionL1_fusionBN0_drop0p2__wd1e-04trmiss40_trlocglobal,32,1e-05,0.0001,1,16,1,False,0.2,lr1e-05_bs32_modL1_fusion16_fusionL1_fusionBN0_drop0p2__wd1e-04trmiss40_trlocglobal,70,0.6362533768018087,0.6749462187290192,0.6805555555555556,0.7668604780507173,0.6666666666666666,0.0,0.0,0.0,0.0,0.0,0.0,0.0,0.0,0.0,,,,,18473,global,0.4
4,4,lr1e-05_bs32_modL1_fusion16_fusionL1_fusionBN0_drop0p2__wd1e-04trmiss40_trlocglobal,32,1e-05,0.0001,1,16,1,False,0.2,lr1e-05_bs32_modL1_fusion16_fusionL1_fusionBN0_drop0p2__wd1e-04trmiss40_trlocglobal,71,0.6454417705535889,0.6747374534606934,0.6805555555555556,0.7668604780507173,0.6666666666666666,0.0,0.0,0.0,0.0,0.0,0.0,0.0,0.0,0.0,,,,,18473,global,0.4
4,4,lr1e-05_bs32_modL1_fusion16_fusionL1_fusionBN0_drop0p2__wd1e-04trmiss40_trlocglobal,32,1e-05,0.0001,1,16,1,False,0.2,lr1e-05_bs32_modL1_fusion16_fusionL1_fusionBN0_drop0p2__wd1e-04trmiss40_trlocglobal,72,0.6408361891905466,0.6750333309173584,0.6765873015873016,0.7601520487112396,0.6444444444444445,0.0,0.0,0.0,0.0,0.0,0.0,0.0,0.0,0.0,,,,,18473,global,0.4
4,4,lr1e-05_bs32_modL1_fusion16_fusionL1_fusionBN0_drop0p2__wd1e-04trmiss40_trlocglobal,32,1e-05,0.0001,1,16,1,False,0.2,lr1e-05_bs32_modL1_fusion16_fusionL1_fusionBN0_drop0p2__wd1e-04trmiss40_trlocglobal,73,0.6428228418032328,0.6746364533901215,0.6765873015873015,0.7651547620472863,0.6222222222222222,0.0,0.0,0.0,0.0,0.0,0.0,0.0,0.0,0.0,,,,,18473,global,0.4
4,4,lr1e-05_bs32_modL1_fusion16_fusionL1_fusionBN0_drop0p2__wd1e-04trmiss40_trlocglobal,32,1e-05,0.0001,1,16,1,False,0.2,lr1e-05_bs32_modL1_fusion16_fusionL1_fusionBN0_drop0p2__wd1e-04trmiss40_trlocglobal,74,0.64351686835289,0.6747331023216248,0.6785714285714285,0.7657423688848932,0.6222222222222222,0.0,0.0,0.0,0.0,0.0,0.0,0.0,0.0,0.0,,,,,18473,global,0.4
4,4,lr1e-05_bs32_modL1_fusion16_fusionL1_fusionBN0_drop0p2__wd1e-04trmiss40_trlocglobal,32,1e-05,0.0001,1,16,1,False,0.2,lr1e-05_bs32_modL1_fusion16_fusionL1_fusionBN0_drop0p2__wd1e-04trmiss40_trlocglobal,75,0.6425844927628835,0.6746172904968262,0.6785714285714285,0.7657423688848932,0.6222222222222222,0.0,0.0,0.0,0.0,0.0,0.0,0.0,0.0,0.0,,,,,18473,global,0.4
4,4,lr1e-05_bs32_modL1_fusion16_fusionL1_fusionBN0_drop0p2__wd1e-04trmiss40_trlocglobal,32,1e-05,0.0001,1,16,1,False,0.2,lr1e-05_bs32_modL1_fusion16_fusionL1_fusionBN0_drop0p2__wd1e-04trmiss40_trlocglobal,76,0.6435445646444956,0.6745648086071014,0.6765873015873015,0.7648605346697257,0.6888888888888889,0.0,0.0,0.0,0.0,0.0,0.0,0.0,0.0,0.0,,,,,18473,global,0.4
4,4,lr1e-05_bs32_modL1_fusion16_fusionL1_fusionBN0_drop0p2__wd1e-04trmiss40_trlocglobal,32,1e-05,0.0001,1,16,1,False,0.2,lr1e-05_bs32_modL1_fusion16_fusionL1_fusionBN0_drop0p2__wd1e-04trmiss40_trlocglobal,77,0.6407062212626139,0.6741302609443665,0.6746031746031746,0.7630330492896087,0.6666666666666666,0.0,0.0,0.0,0.0,0.0,0.0,0.0,0.0,0.0,,,,,18473,global,0.4
4,4,lr1e-05_bs32_modL1_fusion16_fusionL1_fusionBN0_drop0p2__wd1e-04trmiss40_trlocglobal,32,1e-05,0.0001,1,16,1,False,0.2,lr1e-05_bs32_modL1_fusion16_fusionL1_fusionBN0_drop0p2__wd1e-04trmiss40_trlocglobal,78,0.6405280828475952,0.6743375062942505,0.6785714285714286,0.764670931891873,0.6666666666666666,0.0,0.0,0.0,0.0,0.0,0.0,0.0,0.0,0.0,,,,,18473,global,0.4
4,4,lr1e-05_bs32_modL1_fusion16_fusionL1_fusionBN0_drop0p2__wd1e-04trmiss40_trlocglobal,32,1e-05,0.0001,1,16,1,False,0.2,lr1e-05_bs32_modL1_fusion16_fusionL1_fusionBN0_drop0p2__wd1e-04trmiss40_trlocglobal,79,0.6404488881429037,0.6742145717144012,0.6746031746031746,0.7630330492896087,0.6666666666666666,0.0,0.0,0.0,0.0,0.0,0.0,0.0,0.0,0.0,,,,,18473,global,0.4
4,4,lr1e-05_bs32_modL1_fusion16_fusionL1_fusionBN0_drop0p2__wd1e-04trmiss40_trlocglobal,32,1e-05,0.0001,1,16,1,False,0.2,lr1e-05_bs32_modL1_fusion16_fusionL1_fusionBN0_drop0p2__wd1e-04trmiss40_trlocglobal,80,0.6451203227043152,0.6745034754276276,0.6765873015873016,0.7629834585843807,0.6666666666666666,0.0,0.0,0.0,0.0,0.0,0.0,0.0,0.0,0.0,,,,,18473,global,0.4
4,4,lr1e-05_bs32_modL1_fusion16_fusionL1_fusionBN0_drop0p1__wd1e-04trmiss40_trlocglobal,32,1e-05,0.0001,1,16,1,False,0.1,lr1e-05_bs32_modL1_fusion16_fusionL1_fusionBN0_drop0p1__wd1e-04trmiss40_trlocglobal,1,0.7044878900051117,0.6988631784915924,0.6309523809523809,0.5856668697214195,0.4666666666666667,0.0,0.0,0.0,0.0,0.0,0.0,0.0,0.0,0.0,,,,,18473,global,0.4
4,4,lr1e-05_bs32_modL1_fusion16_fusionL1_fusionBN0_drop0p1__wd1e-04trmiss40_trlocglobal,32,1e-05,0.0001,1,16,1,False,0.1,lr1e-05_bs32_modL1_fusion16_fusionL1_fusionBN0_drop0p1__wd1e-04trmiss40_trlocglobal,2,0.7081380387147268,0.6977378726005554,0.6388888888888888,0.5958930704993323,0.4666666666666667,0.0,0.0,0.0,0.0,0.0,0.0,0.0,0.0,0.0,,,,,18473,global,0.4
4,4,lr1e-05_bs32_modL1_fusion16_fusionL1_fusionBN0_drop0p1__wd1e-04trmiss40_trlocglobal,32,1e-05,0.0001,1,16,1,False,0.1,lr1e-05_bs32_modL1_fusion16_fusionL1_fusionBN0_drop0p1__wd1e-04trmiss40_trlocglobal,3,0.7055770456790924,0.6969842314720154,0.6428571428571428,0.6305804197200834,0.4666666666666667,0.0,0.0,0.0,0.0,0.0,0.0,0.0,0.0,0.0,,,,,18473,global,0.4
4,4,lr1e-05_bs32_modL1_fusion16_fusionL1_fusionBN0_drop0p1__wd1e-04trmiss40_trlocglobal,32,1e-05,0.0001,1,16,1,False,0.1,lr1e-05_bs32_modL1_fusion16_fusionL1_fusionBN0_drop0p1__wd1e-04trmiss40_trlocglobal,4,0.6994760533173879,0.696031779050827,0.6547619047619048,0.6643855971720061,0.4666666666666667,0.0,0.0,0.0,0.0,0.0,0.0,0.0,0.0,0.0,,,,,18473,global,0.4
4,4,lr1e-05_bs32_modL1_fusion16_fusionL1_fusionBN0_drop0p1__wd1e-04trmiss40_trlocglobal,32,1e-05,0.0001,1,16,1,False,0.1,lr1e-05_bs32_modL1_fusion16_fusionL1_fusionBN0_drop0p1__wd1e-04trmiss40_trlocglobal,5,0.701879233121872,0.6955285668373108,0.6587301587301587,0.6756694512004252,0.4666666666666667,0.0,0.0,0.0,0.0,0.0,0.0,0.0,0.0,0.0,,,,,18473,global,0.4
4,4,lr1e-05_bs32_modL1_fusion16_fusionL1_fusionBN0_drop0p1__wd1e-04trmiss40_trlocglobal,32,1e-05,0.0001,1,16,1,False,0.1,lr1e-05_bs32_modL1_fusion16_fusionL1_fusionBN0_drop0p1__wd1e-04trmiss40_trlocglobal,6,0.69573442141215,0.6947835087776184,0.6547619047619048,0.6734659562667329,0.4666666666666667,0.0,0.0,0.0,0.0,0.0,0.0,0.0,0.0,0.0,,,,,18473,global,0.4
4,4,lr1e-05_bs32_modL1_fusion16_fusionL1_fusionBN0_drop0p1__wd1e-04trmiss40_trlocglobal,32,1e-05,0.0001,1,16,1,False,0.1,lr1e-05_bs32_modL1_fusion16_fusionL1_fusionBN0_drop0p1__wd1e-04trmiss40_trlocglobal,7,0.6966497699419657,0.6943780481815338,0.6547619047619048,0.676281377560415,0.4666666666666667,0.0,0.0,0.0,0.0,0.0,0.0,0.0,0.0,0.0,,,,,18473,global,0.4
4,4,lr1e-05_bs32_modL1_fusion16_fusionL1_fusionBN0_drop0p1__wd1e-04trmiss40_trlocglobal,32,1e-05,0.0001,1,16,1,False,0.1,lr1e-05_bs32_modL1_fusion16_fusionL1_fusionBN0_drop0p1__wd1e-04trmiss40_trlocglobal,8,0.6968836685021719,0.6940408051013947,0.6547619047619048,0.6767153328189317,0.4666666666666667,0.0,0.0,0.0,0.0,0.0,0.0,0.0,0.0,0.0,,,,,18473,global,0.4
4,4,lr1e-05_bs32_modL1_fusion16_fusionL1_fusionBN0_drop0p1__wd1e-04trmiss40_trlocglobal,32,1e-05,0.0001,1,16,1,False,0.1,lr1e-05_bs32_modL1_fusion16_fusionL1_fusionBN0_drop0p1__wd1e-04trmiss40_trlocglobal,9,0.6942645708719889,0.6935996413230896,0.6507936507936508,0.6752533445148382,0.4666666666666667,0.0,0.0,0.0,0.0,0.0,0.0,0.0,0.0,0.0,,,,,18473,global,0.4
4,4,lr1e-05_bs32_modL1_fusion16_fusionL1_fusionBN0_drop0p1__wd1e-04trmiss40_trlocglobal,32,1e-05,0.0001,1,16,1,False,0.1,lr1e-05_bs32_modL1_fusion16_fusionL1_fusionBN0_drop0p1__wd1e-04trmiss40_trlocglobal,10,0.6893963317076365,0.6934841871261597,0.6527777777777778,0.6810428425531106,0.4666666666666667,0.0,0.0,0.0,0.0,0.0,0.0,0.0,0.0,0.0,,,,,18473,global,0.4
4,4,lr1e-05_bs32_modL1_fusion16_fusionL1_fusionBN0_drop0p1__wd1e-04trmiss40_trlocglobal,32,1e-05,0.0001,1,16,1,False,0.1,lr1e-05_bs32_modL1_fusion16_fusionL1_fusionBN0_drop0p1__wd1e-04trmiss40_trlocglobal,11,0.6888914207617441,0.6935279965400696,0.6527777777777778,0.6791419058461394,0.4666666666666667,0.0,0.0,0.0,0.0,0.0,0.0,0.0,0.0,0.0,,,,,18473,global,0.4
4,4,lr1e-05_bs32_modL1_fusion16_fusionL1_fusionBN0_drop0p1__wd1e-04trmiss40_trlocglobal,32,1e-05,0.0001,1,16,1,False,0.1,lr1e-05_bs32_modL1_fusion16_fusionL1_fusionBN0_drop0p1__wd1e-04trmiss40_trlocglobal,12,0.6948662201563517,0.6934793293476105,0.6567460317460317,0.6840149766159493,0.4666666666666667,0.0,0.0,0.0,0.0,0.0,0.0,0.0,0.0,0.0,,,,,18473,global,0.4
4,4,lr1e-05_bs32_modL1_fusion16_fusionL1_fusionBN0_drop0p1__wd1e-04trmiss40_trlocglobal,32,1e-05,0.0001,1,16,1,False,0.1,lr1e-05_bs32_modL1_fusion16_fusionL1_fusionBN0_drop0p1__wd1e-04trmiss40_trlocglobal,13,0.6891375780105591,0.6931757032871246,0.6587301587301587,0.6875790295221076,0.4666666666666667,0.0,0.0,0.0,0.0,0.0,0.0,0.0,0.0,0.0,,,,,18473,global,0.4
4,4,lr1e-05_bs32_modL1_fusion16_fusionL1_fusionBN0_drop0p1__wd1e-04trmiss40_trlocglobal,32,1e-05,0.0001,1,16,1,False,0.1,lr1e-05_bs32_modL1_fusion16_fusionL1_fusionBN0_drop0p1__wd1e-04trmiss40_trlocglobal,14,0.6826723416646322,0.6933754086494446,0.6547619047619048,0.6857427099774547,0.4666666666666667,0.0,0.0,0.0,0.0,0.0,0.0,0.0,0.0,0.0,,,,,18473,global,0.4
4,4,lr1e-05_bs32_modL1_fusion16_fusionL1_fusionBN0_drop0p1__wd1e-04trmiss40_trlocglobal,32,1e-05,0.0001,1,16,1,False,0.1,lr1e-05_bs32_modL1_fusion16_fusionL1_fusionBN0_drop0p1__wd1e-04trmiss40_trlocglobal,15,0.6819457213083903,0.6931475400924683,0.6527777777777778,0.6799980688161469,0.4666666666666667,0.0,0.0,0.0,0.0,0.0,0.0,0.0,0.0,0.0,,,,,18473,global,0.4
4,4,lr1e-05_bs32_modL1_fusion16_fusionL1_fusionBN0_drop0p1__wd1e-04trmiss40_trlocglobal,32,1e-05,0.0001,1,16,1,False,0.1,lr1e-05_bs32_modL1_fusion16_fusionL1_fusionBN0_drop0p1__wd1e-04trmiss40_trlocglobal,16,0.6838466624418894,0.6933541893959045,0.6527777777777778,0.6802791534722316,0.4666666666666667,0.0,0.0,0.0,0.0,0.0,0.0,0.0,0.0,0.0,,,,,18473,global,0.4
4,4,lr1e-05_bs32_modL1_fusion16_fusionL1_fusionBN0_drop0p1__wd1e-04trmiss40_trlocglobal,32,1e-05,0.0001,1,16,1,False,0.1,lr1e-05_bs32_modL1_fusion16_fusionL1_fusionBN0_drop0p1__wd1e-04trmiss40_trlocglobal,17,0.6807299057642618,0.6931387484073639,0.6547619047619048,0.6806679485914188,0.4666666666666667,0.0,0.0,0.0,0.0,0.0,0.0,0.0,0.0,0.0,,,,,18473,global,0.4
4,4,lr1e-05_bs32_modL1_fusion16_fusionL1_fusionBN0_drop0p1__wd1e-04trmiss40_trlocglobal,32,1e-05,0.0001,1,16,1,False,0.1,lr1e-05_bs32_modL1_fusion16_fusionL1_fusionBN0_drop0p1__wd1e-04trmiss40_trlocglobal,18,0.6760764618714651,0.6934873461723328,0.6527777777777778,0.6797309997378033,0.4666666666666667,0.0,0.0,0.0,0.0,0.0,0.0,0.0,0.0,0.0,,,,,18473,global,0.4
4,4,lr1e-05_bs32_modL1_fusion16_fusionL1_fusionBN0_drop0p1__wd1e-04trmiss40_trlocglobal,32,1e-05,0.0001,1,16,1,False,0.1,lr1e-05_bs32_modL1_fusion16_fusionL1_fusionBN0_drop0p1__wd1e-04trmiss40_trlocglobal,19,0.6794383029143015,0.6936038434505463,0.6507936507936508,0.6799130936264156,0.4666666666666667,0.0,0.0,0.0,0.0,0.0,0.0,0.0,0.0,0.0,,,,,18473,global,0.4
4,4,lr1e-05_bs32_modL1_fusion16_fusionL1_fusionBN0_drop0p1__wd1e-04trmiss40_trlocglobal,32,1e-05,0.0001,1,16,1,False,0.1,lr1e-05_bs32_modL1_fusion16_fusionL1_fusionBN0_drop0p1__wd1e-04trmiss40_trlocglobal,20,0.680013378461202,0.6938511431217194,0.6527777777777779,0.6809376411308482,0.4666666666666667,0.0,0.0,0.0,0.0,0.0,0.0,0.0,0.0,0.0,,,,,18473,global,0.4
4,4,lr1e-05_bs32_modL1_fusion16_fusionL1_fusionBN0_drop0p1__wd1e-04trmiss40_trlocglobal,32,1e-05,0.0001,1,16,1,False,0.1,lr1e-05_bs32_modL1_fusion16_fusionL1_fusionBN0_drop0p1__wd1e-04trmiss40_trlocglobal,21,0.6778446038564047,0.6936722099781036,0.6547619047619048,0.6824742757315864,0.4666666666666667,0.0,0.0,0.0,0.0,0.0,0.0,0.0,0.0,0.0,,,,,18473,global,0.4
4,4,lr1e-05_bs32_modL1_fusion16_fusionL1_fusionBN0_drop0p1__wd1e-04trmiss40_trlocglobal,32,1e-05,0.0001,1,16,1,False,0.1,lr1e-05_bs32_modL1_fusion16_fusionL1_fusionBN0_drop0p1__wd1e-04trmiss40_trlocglobal,22,0.6762715776761373,0.6930501461029053,0.6567460317460317,0.6828413767630321,0.4666666666666667,0.0,0.0,0.0,0.0,0.0,0.0,0.0,0.0,0.0,,,,,18473,global,0.4
4,4,lr1e-05_bs32_modL1_fusion16_fusionL1_fusionBN0_drop0p1__wd1e-04trmiss40_trlocglobal,32,1e-05,0.0001,1,16,1,False,0.1,lr1e-05_bs32_modL1_fusion16_fusionL1_fusionBN0_drop0p1__wd1e-04trmiss40_trlocglobal,23,0.6726071337858835,0.6927167475223541,0.6527777777777778,0.6811341197861672,0.4666666666666667,0.0,0.0,0.0,0.0,0.0,0.0,0.0,0.0,0.0,,,,,18473,global,0.4
4,4,lr1e-05_bs32_modL1_fusion16_fusionL1_fusionBN0_drop0p1__wd1e-04trmiss40_trlocglobal,32,1e-05,0.0001,1,16,1,False,0.1,lr1e-05_bs32_modL1_fusion16_fusionL1_fusionBN0_drop0p1__wd1e-04trmiss40_trlocglobal,24,0.6776022613048553,0.6924528479576111,0.6507936507936508,0.6748786083223225,0.4666666666666667,0.0,0.0,0.0,0.0,0.0,0.0,0.0,0.0,0.0,,,,,18473,global,0.4
4,4,lr1e-05_bs32_modL1_fusion16_fusionL1_fusionBN0_drop0p1__wd1e-04trmiss40_trlocglobal,32,1e-05,0.0001,1,16,1,False,0.1,lr1e-05_bs32_modL1_fusion16_fusionL1_fusionBN0_drop0p1__wd1e-04trmiss40_trlocglobal,25,0.6753916045029958,0.6925748884677887,0.6468253968253969,0.6731824178617458,0.4666666666666667,0.0,0.0,0.0,0.0,0.0,0.0,0.0,0.0,0.0,,,,,18473,global,0.4
4,4,lr1e-05_bs32_modL1_fusion16_fusionL1_fusionBN0_drop0p1__wd1e-04trmiss40_trlocglobal,32,1e-05,0.0001,1,16,1,False,0.1,lr1e-05_bs32_modL1_fusion16_fusionL1_fusionBN0_drop0p1__wd1e-04trmiss40_trlocglobal,26,0.6733231544494629,0.6921606659889221,0.6488095238095238,0.6743170339490293,0.4666666666666667,0.0,0.0,0.0,0.0,0.0,0.0,0.0,0.0,0.0,,,,,18473,global,0.4
4,4,lr1e-05_bs32_modL1_fusion16_fusionL1_fusionBN0_drop0p1__wd1e-04trmiss40_trlocglobal,32,1e-05,0.0001,1,16,1,False,0.1,lr1e-05_bs32_modL1_fusion16_fusionL1_fusionBN0_drop0p1__wd1e-04trmiss40_trlocglobal,27,0.6685285369555155,0.6921405494213104,0.6468253968253969,0.6761046048817151,0.4666666666666667,0.0,0.0,0.0,0.0,0.0,0.0,0.0,0.0,0.0,,,,,18473,global,0.4
4,4,lr1e-05_bs32_modL1_fusion16_fusionL1_fusionBN0_drop0p1__wd1e-04trmiss40_trlocglobal,32,1e-05,0.0001,1,16,1,False,0.1,lr1e-05_bs32_modL1_fusion16_fusionL1_fusionBN0_drop0p1__wd1e-04trmiss40_trlocglobal,28,0.6684840321540833,0.6916494369506836,0.6527777777777778,0.6793987057754537,0.4666666666666667,0.0,0.0,0.0,0.0,0.0,0.0,0.0,0.0,0.0,,,,,18473,global,0.4
4,4,lr1e-05_bs32_modL1_fusion16_fusionL1_fusionBN0_drop0p1__wd1e-04trmiss40_trlocglobal,32,1e-05,0.0001,1,16,1,False,0.1,lr1e-05_bs32_modL1_fusion16_fusionL1_fusionBN0_drop0p1__wd1e-04trmiss40_trlocglobal,29,0.6688986519972483,0.6914684474468231,0.6567460317460317,0.6863195783070242,0.4666666666666667,0.0,0.0,0.0,0.0,0.0,0.0,0.0,0.0,0.0,,,,,18473,global,0.4
4,4,lr1e-05_bs32_modL1_fusion16_fusionL1_fusionBN0_drop0p1__wd1e-04trmiss40_trlocglobal,32,1e-05,0.0001,1,16,1,False,0.1,lr1e-05_bs32_modL1_fusion16_fusionL1_fusionBN0_drop0p1__wd1e-04trmiss40_trlocglobal,30,0.6689432462056478,0.6912651658058167,0.6567460317460317,0.6859199619387376,0.4666666666666667,0.0,0.0,0.0,0.0,0.0,0.0,0.0,0.0,0.0,,,,,18473,global,0.4
4,4,lr1e-05_bs32_modL1_fusion16_fusionL1_fusionBN0_drop0p1__wd1e-04trmiss40_trlocglobal,32,1e-05,0.0001,1,16,1,False,0.1,lr1e-05_bs32_modL1_fusion16_fusionL1_fusionBN0_drop0p1__wd1e-04trmiss40_trlocglobal,31,0.668324867884318,0.6912125647068024,0.6626984126984128,0.6897240423244823,0.4666666666666667,0.0,0.0,0.0,0.0,0.0,0.0,0.0,0.0,0.0,,,,,18473,global,0.4
4,4,lr1e-05_bs32_modL1_fusion16_fusionL1_fusionBN0_drop0p1__wd1e-04trmiss40_trlocglobal,32,1e-05,0.0001,1,16,1,False,0.1,lr1e-05_bs32_modL1_fusion16_fusionL1_fusionBN0_drop0p1__wd1e-04trmiss40_trlocglobal,32,0.6680637300014496,0.6911906003952026,0.6587301587301588,0.6809762045141444,0.4666666666666667,0.0,0.0,0.0,0.0,0.0,0.0,0.0,0.0,0.0,,,,,18473,global,0.4
4,4,lr1e-05_bs32_modL1_fusion16_fusionL1_fusionBN0_drop0p1__wd1e-04trmiss40_trlocglobal,32,1e-05,0.0001,1,16,1,False,0.1,lr1e-05_bs32_modL1_fusion16_fusionL1_fusionBN0_drop0p1__wd1e-04trmiss40_trlocglobal,33,0.6637937128543854,0.691284716129303,0.6587301587301588,0.6818639406814858,0.4666666666666667,0.0,0.0,0.0,0.0,0.0,0.0,0.0,0.0,0.0,,,,,18473,global,0.4
4,4,lr1e-05_bs32_modL1_fusion16_fusionL1_fusionBN0_drop0p1__wd1e-04trmiss40_trlocglobal,32,1e-05,0.0001,1,16,1,False,0.1,lr1e-05_bs32_modL1_fusion16_fusionL1_fusionBN0_drop0p1__wd1e-04trmiss40_trlocglobal,34,0.6660860975583395,0.6910070478916168,0.6607142857142858,0.6830991185470986,0.4666666666666667,0.0,0.0,0.0,0.0,0.0,0.0,0.0,0.0,0.0,,,,,18473,global,0.4
4,4,lr1e-05_bs32_modL1_fusion16_fusionL1_fusionBN0_drop0p1__wd1e-04trmiss40_trlocglobal,32,1e-05,0.0001,1,16,1,False,0.1,lr1e-05_bs32_modL1_fusion16_fusionL1_fusionBN0_drop0p1__wd1e-04trmiss40_trlocglobal,35,0.6648268401622772,0.6909563839435577,0.6567460317460319,0.6829105676656128,0.4666666666666667,0.0,0.0,0.0,0.0,0.0,0.0,0.0,0.0,0.0,,,,,18473,global,0.4
4,4,lr1e-05_bs32_modL1_fusion16_fusionL1_fusionBN0_drop0p1__wd1e-04trmiss40_trlocglobal,32,1e-05,0.0001,1,16,1,False,0.1,lr1e-05_bs32_modL1_fusion16_fusionL1_fusionBN0_drop0p1__wd1e-04trmiss40_trlocglobal,36,0.6662816107273102,0.6908188760280609,0.6567460317460319,0.6829105676656128,0.4666666666666667,0.0,0.0,0.0,0.0,0.0,0.0,0.0,0.0,0.0,,,,,18473,global,0.4
4,4,lr1e-05_bs32_modL1_fusion16_fusionL1_fusionBN0_drop0p1__wd1e-04trmiss40_trlocglobal,32,1e-05,0.0001,1,16,1,False,0.1,lr1e-05_bs32_modL1_fusion16_fusionL1_fusionBN0_drop0p1__wd1e-04trmiss40_trlocglobal,37,0.6638102829456329,0.6907499134540558,0.6507936507936508,0.6794132549111973,0.4666666666666667,0.0,0.0,0.0,0.0,0.0,0.0,0.0,0.0,0.0,,,,,18473,global,0.4
4,4,lr1e-05_bs32_modL1_fusion16_fusionL1_fusionBN0_drop0p1__wd1e-04trmiss40_trlocglobal,32,1e-05,0.0001,1,16,1,False,0.1,lr1e-05_bs32_modL1_fusion16_fusionL1_fusionBN0_drop0p1__wd1e-04trmiss40_trlocglobal,38,0.6644270420074463,0.6908370554447174,0.6527777777777777,0.6783219034031791,0.4666666666666667,0.0,0.0,0.0,0.0,0.0,0.0,0.0,0.0,0.0,,,,,18473,global,0.4
4,4,lr1e-05_bs32_modL1_fusion16_fusionL1_fusionBN0_drop0p1__wd1e-04trmiss40_trlocglobal,32,1e-05,0.0001,1,16,1,False,0.1,lr1e-05_bs32_modL1_fusion16_fusionL1_fusionBN0_drop0p1__wd1e-04trmiss40_trlocglobal,39,0.6605080862840017,0.6910660862922668,0.6527777777777778,0.6806897945755168,0.4666666666666667,0.0,0.0,0.0,0.0,0.0,0.0,0.0,0.0,0.0,,,,,18473,global,0.4
4,4,lr1e-05_bs32_modL1_fusion16_fusionL1_fusionBN0_drop0p1__wd1e-04trmiss40_trlocglobal,32,1e-05,0.0001,1,16,1,False,0.1,lr1e-05_bs32_modL1_fusion16_fusionL1_fusionBN0_drop0p1__wd1e-04trmiss40_trlocglobal,40,0.6651017268498739,0.6910980343818665,0.6468253968253967,0.673643277496105,0.4666666666666667,0.0,0.0,0.0,0.0,0.0,0.0,0.0,0.0,0.0,,,,,18473,global,0.4
4,4,lr1e-05_bs32_modL1_fusion16_fusionL1_fusionBN0_drop0p1__wd1e-04trmiss40_trlocglobal,32,1e-05,0.0001,1,16,1,False,0.1,lr1e-05_bs32_modL1_fusion16_fusionL1_fusionBN0_drop0p1__wd1e-04trmiss40_trlocglobal,41,0.6643716891606649,0.6910358965396881,0.6547619047619048,0.682781708509536,0.4666666666666667,0.0,0.0,0.0,0.0,0.0,0.0,0.0,0.0,0.0,,,,,18473,global,0.4
4,4,lr1e-05_bs32_modL1_fusion16_fusionL1_fusionBN0_drop0p1__wd1e-04trmiss40_trlocglobal,32,1e-05,0.0001,1,16,1,False,0.1,lr1e-05_bs32_modL1_fusion16_fusionL1_fusionBN0_drop0p1__wd1e-04trmiss40_trlocglobal,42,0.6616839865843455,0.6908979713916779,0.6547619047619048,0.6805721125499401,0.4666666666666667,0.0,0.0,0.0,0.0,0.0,0.0,0.0,0.0,0.0,,,,,18473,global,0.4
4,4,lr1e-05_bs32_modL1_fusion16_fusionL1_fusionBN0_drop0p1__wd1e-04trmiss40_trlocglobal,32,1e-05,0.0001,1,16,1,False,0.1,lr1e-05_bs32_modL1_fusion16_fusionL1_fusionBN0_drop0p1__wd1e-04trmiss40_trlocglobal,43,0.6678143739700317,0.690801203250885,0.6488095238095238,0.6760972247889815,0.4666666666666667,0.0,0.0,0.0,0.0,0.0,0.0,0.0,0.0,0.0,,,,,18473,global,0.4
4,4,lr1e-05_bs32_modL1_fusion16_fusionL1_fusionBN0_drop0p1__wd1e-04trmiss40_trlocglobal,32,1e-05,0.0001,1,16,1,False,0.1,lr1e-05_bs32_modL1_fusion16_fusionL1_fusionBN0_drop0p1__wd1e-04trmiss40_trlocglobal,44,0.6640800336996714,0.6905294358730316,0.6527777777777778,0.6816405031798,0.4666666666666667,0.0,0.0,0.0,0.0,0.0,0.0,0.0,0.0,0.0,,,,,18473,global,0.4
4,4,lr1e-05_bs32_modL1_fusion16_fusionL1_fusionBN0_drop0p1__wd1e-04trmiss40_trlocglobal,32,1e-05,0.0001,1,16,1,False,0.1,lr1e-05_bs32_modL1_fusion16_fusionL1_fusionBN0_drop0p1__wd1e-04trmiss40_trlocglobal,45,0.662431667248408,0.6906141936779022,0.6547619047619048,0.6789113110929429,0.4666666666666667,0.0,0.0,0.0,0.0,0.0,0.0,0.0,0.0,0.0,,,,,18473,global,0.4
4,4,lr1e-05_bs32_modL1_fusion16_fusionL1_fusionBN0_drop0p1__wd1e-04trmiss40_trlocglobal,32,1e-05,0.0001,1,16,1,False,0.1,lr1e-05_bs32_modL1_fusion16_fusionL1_fusionBN0_drop0p1__wd1e-04trmiss40_trlocglobal,46,0.6604062815507253,0.6905043125152588,0.6547619047619048,0.6840237102505069,0.4666666666666667,0.0,0.0,0.0,0.0,0.0,0.0,0.0,0.0,0.0,,,,,18473,global,0.4
4,4,lr1e-05_bs32_modL1_fusion16_fusionL1_fusionBN0_drop0p1__wd1e-04trmiss40_trlocglobal,32,1e-05,0.0001,1,16,1,False,0.1,lr1e-05_bs32_modL1_fusion16_fusionL1_fusionBN0_drop0p1__wd1e-04trmiss40_trlocglobal,47,0.6611645023028055,0.6900573968887329,0.6607142857142857,0.685008551824429,0.4666666666666667,0.0,0.0,0.0,0.0,0.0,0.0,0.0,0.0,0.0,,,,,18473,global,0.4
4,4,lr1e-05_bs32_modL1_fusion16_fusionL1_fusionBN0_drop0p1__wd1e-04trmiss40_trlocglobal,32,1e-05,0.0001,1,16,1,False,0.1,lr1e-05_bs32_modL1_fusion16_fusionL1_fusionBN0_drop0p1__wd1e-04trmiss40_trlocglobal,48,0.6693198084831238,0.6903041005134583,0.6666666666666666,0.6893024907561477,0.4666666666666667,0.0,0.0,0.0,0.0,0.0,0.0,0.0,0.0,0.0,,,,,18473,global,0.4
4,4,lr1e-05_bs32_modL1_fusion16_fusionL1_fusionBN0_drop0p1__wd1e-04trmiss40_trlocglobal,32,1e-05,0.0001,1,16,1,False,0.1,lr1e-05_bs32_modL1_fusion16_fusionL1_fusionBN0_drop0p1__wd1e-04trmiss40_trlocglobal,49,0.6614773273468018,0.6900940239429474,0.6587301587301587,0.6849064037376794,0.4666666666666667,0.0,0.0,0.0,0.0,0.0,0.0,0.0,0.0,0.0,,,,,18473,global,0.4
4,4,lr1e-05_bs32_modL1_fusion16_fusionL1_fusionBN0_drop0p1__wd1e-04trmiss40_trlocglobal,32,1e-05,0.0001,1,16,1,False,0.1,lr1e-05_bs32_modL1_fusion16_fusionL1_fusionBN0_drop0p1__wd1e-04trmiss40_trlocglobal,50,0.6550769011179606,0.6904314160346985,0.6567460317460317,0.6835584009528951,0.4666666666666667,0.0,0.0,0.0,0.0,0.0,0.0,0.0,0.0,0.0,,,,,18473,global,0.4
4,4,lr1e-05_bs32_modL1_fusion16_fusionL1_fusionBN0_drop0p1__wd1e-04trmiss40_trlocglobal,32,1e-05,0.0001,1,16,1,False,0.1,lr1e-05_bs32_modL1_fusion16_fusionL1_fusionBN0_drop0p1__wd1e-04trmiss40_trlocglobal,51,0.6572290460268656,0.6905480623245239,0.6587301587301587,0.6851325597609369,0.4666666666666667,0.0,0.0,0.0,0.0,0.0,0.0,0.0,0.0,0.0,,,,,18473,global,0.4
4,4,lr1e-05_bs32_modL1_fusion16_fusionL1_fusionBN0_drop0p1__wd1e-04trmiss40_trlocglobal,32,1e-05,0.0001,1,16,1,False,0.1,lr1e-05_bs32_modL1_fusion16_fusionL1_fusionBN0_drop0p1__wd1e-04trmiss40_trlocglobal,52,0.6585671305656433,0.6907386481761932,0.6547619047619048,0.683476141437852,0.4666666666666667,0.0,0.0,0.0,0.0,0.0,0.0,0.0,0.0,0.0,,,,,18473,global,0.4
4,4,lr1e-05_bs32_modL1_fusion16_fusionL1_fusionBN0_drop0p1__wd1e-04trmiss40_trlocglobal,32,1e-05,0.0001,1,16,1,False,0.1,lr1e-05_bs32_modL1_fusion16_fusionL1_fusionBN0_drop0p1__wd1e-04trmiss40_trlocglobal,53,0.6523926258087158,0.6904641389846802,0.6567460317460317,0.6842704907954197,0.4666666666666667,0.0,0.0,0.0,0.0,0.0,0.0,0.0,0.0,0.0,,,,,18473,global,0.4
4,4,lr1e-05_bs32_modL1_fusion16_fusionL1_fusionBN0_drop0p1__wd1e-04trmiss40_trlocglobal,32,1e-05,0.0001,1,16,1,False,0.1,lr1e-05_bs32_modL1_fusion16_fusionL1_fusionBN0_drop0p1__wd1e-04trmiss40_trlocglobal,54,0.6556066771348318,0.6903801560401917,0.6567460317460317,0.6813981525177577,0.4666666666666667,0.0,0.0,0.0,0.0,0.0,0.0,0.0,0.0,0.0,,,,,18473,global,0.4
4,4,lr1e-05_bs32_modL1_fusion16_fusionL1_fusionBN0_drop0p1__wd1e-04trmiss40_trlocglobal,32,1e-05,0.0001,1,16,1,False,0.1,lr1e-05_bs32_modL1_fusion16_fusionL1_fusionBN0_drop0p1__wd1e-04trmiss40_trlocglobal,55,0.6552950541178385,0.6906343698501587,0.6587301587301587,0.6851478248575302,0.4666666666666667,0.0,0.0,0.0,0.0,0.0,0.0,0.0,0.0,0.0,,,,,18473,global,0.4
4,4,lr1e-05_bs32_modL1_fusion16_fusionL1_fusionBN0_drop0p1__wd1e-04trmiss40_trlocglobal,32,1e-05,0.0001,1,16,1,False,0.1,lr1e-05_bs32_modL1_fusion16_fusionL1_fusionBN0_drop0p1__wd1e-04trmiss40_trlocglobal,56,0.6579606831073761,0.6905286610126495,0.6547619047619048,0.6782826866744572,0.4666666666666667,0.0,0.0,0.0,0.0,0.0,0.0,0.0,0.0,0.0,,,,,18473,global,0.4
4,4,lr1e-05_bs32_modL1_fusion16_fusionL1_fusionBN0_drop0p1__wd1e-04trmiss40_trlocglobal,32,1e-05,0.0001,1,16,1,False,0.1,lr1e-05_bs32_modL1_fusion16_fusionL1_fusionBN0_drop0p1__wd1e-04trmiss40_trlocglobal,57,0.658692459265391,0.690314531326294,0.6587301587301587,0.683238102635308,0.4666666666666667,0.0,0.0,0.0,0.0,0.0,0.0,0.0,0.0,0.0,,,,,18473,global,0.4
4,4,lr1e-05_bs32_modL1_fusion16_fusionL1_fusionBN0_drop0p1__wd1e-04trmiss40_trlocglobal,32,1e-05,0.0001,1,16,1,False,0.1,lr1e-05_bs32_modL1_fusion16_fusionL1_fusionBN0_drop0p1__wd1e-04trmiss40_trlocglobal,58,0.6540686090787252,0.6903314292430878,0.6607142857142857,0.6845950906683129,0.4666666666666667,0.0,0.0,0.0,0.0,0.0,0.0,0.0,0.0,0.0,,,,,18473,global,0.4
4,4,lr1e-05_bs32_modL1_fusion16_fusionL1_fusionBN0_drop0p1__wd1e-04trmiss40_trlocglobal,32,1e-05,0.0001,1,16,1,False,0.1,lr1e-05_bs32_modL1_fusion16_fusionL1_fusionBN0_drop0p1__wd1e-04trmiss40_trlocglobal,59,0.654871016740799,0.6902077198028564,0.6646825396825398,0.6887245059390326,0.4666666666666667,0.0,0.0,0.0,0.0,0.0,0.0,0.0,0.0,0.0,,,,,18473,global,0.4
4,4,lr1e-05_bs32_modL1_fusion16_fusionL1_fusionBN0_drop0p1__wd1e-04trmiss40_trlocglobal,32,1e-05,0.0001,1,16,1,False,0.1,lr1e-05_bs32_modL1_fusion16_fusionL1_fusionBN0_drop0p1__wd1e-04trmiss40_trlocglobal,60,0.6507388651371002,0.6907552182674408,0.6567460317460317,0.6825186331658385,0.4666666666666667,0.0,0.0,0.0,0.0,0.0,0.0,0.0,0.0,0.0,,,,,18473,global,0.4
4,4,lr1e-05_bs32_modL1_fusion16_fusionL1_fusionBN0_drop0p1__wd1e-04trmiss40_trlocglobal,32,1e-05,0.0001,1,16,1,False,0.1,lr1e-05_bs32_modL1_fusion16_fusionL1_fusionBN0_drop0p1__wd1e-04trmiss40_trlocglobal,61,0.6505521535873413,0.6906467080116272,0.6567460317460317,0.6825186331658385,0.4666666666666667,0.0,0.0,0.0,0.0,0.0,0.0,0.0,0.0,0.0,,,,,18473,global,0.4
4,4,lr1e-05_bs32_modL1_fusion16_fusionL1_fusionBN0_drop0p1__wd1e-04trmiss40_trlocglobal,32,1e-05,0.0001,1,16,1,False,0.1,lr1e-05_bs32_modL1_fusion16_fusionL1_fusionBN0_drop0p1__wd1e-04trmiss40_trlocglobal,62,0.658481776714325,0.6906751990318298,0.6527777777777778,0.6802744334578706,0.4666666666666667,0.0,0.0,0.0,0.0,0.0,0.0,0.0,0.0,0.0,,,,,18473,global,0.4
4,4,lr1e-05_bs32_modL1_fusion16_fusionL1_fusionBN0_drop0p1__wd1e-04trmiss40_trlocglobal,32,1e-05,0.0001,1,16,1,False,0.1,lr1e-05_bs32_modL1_fusion16_fusionL1_fusionBN0_drop0p1__wd1e-04trmiss40_trlocglobal,63,0.6562139789263407,0.6905063092708588,0.6547619047619048,0.6812834553002259,0.4666666666666667,0.0,0.0,0.0,0.0,0.0,0.0,0.0,0.0,0.0,,,,,18473,global,0.4
4,4,lr1e-05_bs32_modL1_fusion16_fusionL1_fusionBN0_drop0p1__wd1e-04trmiss40_trlocglobal,32,1e-05,0.0001,1,16,1,False,0.1,lr1e-05_bs32_modL1_fusion16_fusionL1_fusionBN0_drop0p1__wd1e-04trmiss40_trlocglobal,64,0.6551546454429626,0.6902550160884857,0.6567460317460317,0.6830691695859402,0.4666666666666667,0.0,0.0,0.0,0.0,0.0,0.0,0.0,0.0,0.0,,,,,18473,global,0.4
4,4,lr1e-05_bs32_modL1_fusion16_fusionL1_fusionBN0_drop0p1__wd1e-04trmiss40_trlocglobal,32,1e-05,0.0001,1,16,1,False,0.1,lr1e-05_bs32_modL1_fusion16_fusionL1_fusionBN0_drop0p1__wd1e-04trmiss40_trlocglobal,65,0.6579915384451548,0.6902869045734406,0.6567460317460317,0.6830691695859402,0.4666666666666667,0.0,0.0,0.0,0.0,0.0,0.0,0.0,0.0,0.0,,,,,18473,global,0.4
4,4,lr1e-05_bs32_modL1_fusion16_fusionL1_fusionBN0_drop0p1__wd1e-04trmiss40_trlocglobal,32,1e-05,0.0001,1,16,1,False,0.1,lr1e-05_bs32_modL1_fusion16_fusionL1_fusionBN0_drop0p1__wd1e-04trmiss40_trlocglobal,66,0.6527272562185923,0.6901478171348572,0.6626984126984128,0.6863185285330551,0.4666666666666667,0.0,0.0,0.0,0.0,0.0,0.0,0.0,0.0,0.0,,,,,18473,global,0.4
4,4,lr1e-05_bs32_modL1_fusion16_fusionL1_fusionBN0_drop0p1__wd1e-04trmiss40_trlocglobal,32,1e-05,0.0001,1,16,1,False,0.1,lr1e-05_bs32_modL1_fusion16_fusionL1_fusionBN0_drop0p1__wd1e-04trmiss40_trlocglobal,67,0.6559286018212637,0.6900937557220459,0.6607142857142858,0.6875739994443232,0.4666666666666667,0.0,0.0,0.0,0.0,0.0,0.0,0.0,0.0,0.0,,,,,18473,global,0.4
4,4,lr1e-05_bs32_modL1_fusion16_fusionL1_fusionBN0_drop0p1__wd1e-04trmiss40_trlocglobal,32,1e-05,0.0001,1,16,1,False,0.1,lr1e-05_bs32_modL1_fusion16_fusionL1_fusionBN0_drop0p1__wd1e-04trmiss40_trlocglobal,68,0.6525176664193472,0.6898512244224548,0.6666666666666667,0.6889514846861261,0.4666666666666667,0.0,0.0,0.0,0.0,0.0,0.0,0.0,0.0,0.0,,,,,18473,global,0.4
4,4,lr1e-05_bs32_modL1_fusion16_fusionL1_fusionBN0_drop0p1__wd1e-04trmiss40_trlocglobal,32,1e-05,0.0001,1,16,1,False,0.1,lr1e-05_bs32_modL1_fusion16_fusionL1_fusionBN0_drop0p1__wd1e-04trmiss40_trlocglobal,69,0.6502386927604675,0.6898148357868195,0.6686507936507937,0.6924237069083484,0.4666666666666667,0.0,0.0,0.0,0.0,0.0,0.0,0.0,0.0,0.0,,,,,18473,global,0.4
4,4,lr1e-05_bs32_modL1_fusion16_fusionL1_fusionBN0_drop0p1__wd1e-04trmiss40_trlocglobal,32,1e-05,0.0001,1,16,1,False,0.1,lr1e-05_bs32_modL1_fusion16_fusionL1_fusionBN0_drop0p1__wd1e-04trmiss40_trlocglobal,70,0.6582327882448832,0.6896226704120636,0.6726190476190477,0.6943563740709007,0.4666666666666667,0.0,0.0,0.0,0.0,0.0,0.0,0.0,0.0,0.0,,,,,18473,global,0.4
4,4,lr1e-05_bs32_modL1_fusion16_fusionL1_fusionBN0_drop0p1__wd1e-04trmiss40_trlocglobal,32,1e-05,0.0001,1,16,1,False,0.1,lr1e-05_bs32_modL1_fusion16_fusionL1_fusionBN0_drop0p1__wd1e-04trmiss40_trlocglobal,71,0.6543826361497244,0.6898136138916016,0.6686507936507937,0.6926278827590759,0.4666666666666667,0.0,0.0,0.0,0.0,0.0,0.0,0.0,0.0,0.0,,,,,18473,global,0.4
4,4,lr1e-05_bs32_modL1_fusion16_fusionL1_fusionBN0_drop0p1__wd1e-04trmiss40_trlocglobal,32,1e-05,0.0001,1,16,1,False,0.1,lr1e-05_bs32_modL1_fusion16_fusionL1_fusionBN0_drop0p1__wd1e-04trmiss40_trlocglobal,72,0.6599343518416086,0.6897322535514832,0.6666666666666666,0.6891556605368537,0.4666666666666667,0.0,0.0,0.0,0.0,0.0,0.0,0.0,0.0,0.0,,,,,18473,global,0.4
4,4,lr1e-05_bs32_modL1_fusion16_fusionL1_fusionBN0_drop0p1__wd1e-04trmiss40_trlocglobal,32,1e-05,0.0001,1,16,1,False,0.1,lr1e-05_bs32_modL1_fusion16_fusionL1_fusionBN0_drop0p1__wd1e-04trmiss40_trlocglobal,73,0.6577641169230143,0.6896539926528931,0.6686507936507937,0.6899490164026734,0.4666666666666667,0.0,0.0,0.0,0.0,0.0,0.0,0.0,0.0,0.0,,,,,18473,global,0.4
4,4,lr1e-05_bs32_modL1_fusion16_fusionL1_fusionBN0_drop0p1__wd1e-04trmiss40_trlocglobal,32,1e-05,0.0001,1,16,1,False,0.1,lr1e-05_bs32_modL1_fusion16_fusionL1_fusionBN0_drop0p1__wd1e-04trmiss40_trlocglobal,74,0.6528533697128296,0.6897651553153992,0.6587301587301587,0.6845264816198188,0.4666666666666667,0.0,0.0,0.0,0.0,0.0,0.0,0.0,0.0,0.0,,,,,18473,global,0.4
4,4,lr1e-05_bs32_modL1_fusion16_fusionL1_fusionBN0_drop0p1__wd1e-04trmiss40_trlocglobal,32,1e-05,0.0001,1,16,1,False,0.1,lr1e-05_bs32_modL1_fusion16_fusionL1_fusionBN0_drop0p1__wd1e-04trmiss40_trlocglobal,75,0.6571057736873627,0.6896447837352753,0.6666666666666667,0.6905674431986364,0.4666666666666667,0.0,0.0,0.0,0.0,0.0,0.0,0.0,0.0,0.0,,,,,18473,global,0.4
4,4,lr1e-05_bs32_modL1_fusion16_fusionL1_fusionBN0_drop0p1__wd1e-04trmiss40_trlocglobal,32,1e-05,0.0001,1,16,1,False,0.1,lr1e-05_bs32_modL1_fusion16_fusionL1_fusionBN0_drop0p1__wd1e-04trmiss40_trlocglobal,76,0.6535928249359131,0.6897808909416199,0.6607142857142857,0.6857891078824451,0.4666666666666667,0.0,0.0,0.0,0.0,0.0,0.0,0.0,0.0,0.0,,,,,18473,global,0.4
4,4,lr1e-05_bs32_modL1_fusion16_fusionL1_fusionBN0_drop0p1__wd1e-04trmiss40_trlocglobal,32,1e-05,0.0001,1,16,1,False,0.1,lr1e-05_bs32_modL1_fusion16_fusionL1_fusionBN0_drop0p1__wd1e-04trmiss40_trlocglobal,77,0.6547495822111765,0.6894127130508423,0.6686507936507937,0.6899490164026734,0.4666666666666667,0.0,0.0,0.0,0.0,0.0,0.0,0.0,0.0,0.0,,,,,18473,global,0.4
4,4,lr1e-05_bs32_modL1_fusion16_fusionL1_fusionBN0_drop0p1__wd1e-04trmiss40_trlocglobal,32,1e-05,0.0001,1,16,1,False,0.1,lr1e-05_bs32_modL1_fusion16_fusionL1_fusionBN0_drop0p1__wd1e-04trmiss40_trlocglobal,78,0.6509176095326742,0.6896365880966187,0.6646825396825398,0.6880333075904128,0.4666666666666667,0.0,0.0,0.0,0.0,0.0,0.0,0.0,0.0,0.0,,,,,18473,global,0.4
4,4,lr1e-05_bs32_modL1_fusion16_fusionL1_fusionBN0_drop0p1__wd1e-04trmiss40_trlocglobal,32,1e-05,0.0001,1,16,1,False,0.1,lr1e-05_bs32_modL1_fusion16_fusionL1_fusionBN0_drop0p1__wd1e-04trmiss40_trlocglobal,79,0.6498928566773733,0.6896378695964813,0.6607142857142857,0.6857891078824451,0.4666666666666667,0.0,0.0,0.0,0.0,0.0,0.0,0.0,0.0,0.0,,,,,18473,global,0.4
4,4,lr1e-05_bs32_modL1_fusion16_fusionL1_fusionBN0_drop0p1__wd1e-04trmiss40_trlocglobal,32,1e-05,0.0001,1,16,1,False,0.1,lr1e-05_bs32_modL1_fusion16_fusionL1_fusionBN0_drop0p1__wd1e-04trmiss40_trlocglobal,80,0.654271274805069,0.6898093223571777,0.6607142857142857,0.6857891078824451,0.4666666666666667,0.0,0.0,0.0,0.0,0.0,0.0,0.0,0.0,0.0,,,,,18473,global,0.4
4,4,lr1e-05_bs32_modL1_fusion32_fusionL1_fusionBN0_drop0p2__wd1e-04trmiss40_trlocglobal,32,1e-05,0.0001,1,32,1,False,0.2,lr1e-05_bs32_modL1_fusion32_fusionL1_fusionBN0_drop0p2__wd1e-04trmiss40_trlocglobal,1,0.7076657116413116,0.7031690180301666,0.38095238095238093,0.4548055154371316,0.4,0.0,0.0,0.0,0.0,0.0,0.0,0.0,0.0,0.0,,,,,18473,global,0.4
4,4,lr1e-05_bs32_modL1_fusion32_fusionL1_fusionBN0_drop0p2__wd1e-04trmiss40_trlocglobal,32,1e-05,0.0001,1,32,1,False,0.2,lr1e-05_bs32_modL1_fusion32_fusionL1_fusionBN0_drop0p2__wd1e-04trmiss40_trlocglobal,2,0.6917591392993927,0.7030363082885742,0.38095238095238093,0.45079389001350684,0.37777777777777777,0.0,0.0,0.0,0.0,0.0,0.0,0.0,0.0,0.0,,,,,18473,global,0.4
4,4,lr1e-05_bs32_modL1_fusion32_fusionL1_fusionBN0_drop0p2__wd1e-04trmiss40_trlocglobal,32,1e-05,0.0001,1,32,1,False,0.2,lr1e-05_bs32_modL1_fusion32_fusionL1_fusionBN0_drop0p2__wd1e-04trmiss40_trlocglobal,3,0.6916948358217875,0.7027427852153778,0.39682539682539686,0.4577431272173947,0.37777777777777777,0.0,0.0,0.0,0.0,0.0,0.0,0.0,0.0,0.0,,,,,18473,global,0.4
4,4,lr1e-05_bs32_modL1_fusion32_fusionL1_fusionBN0_drop0p2__wd1e-04trmiss40_trlocglobal,32,1e-05,0.0001,1,32,1,False,0.2,lr1e-05_bs32_modL1_fusion32_fusionL1_fusionBN0_drop0p2__wd1e-04trmiss40_trlocglobal,4,0.691272089878718,0.7025159001350403,0.373015873015873,0.4463069087118937,0.4222222222222222,0.0,0.0,0.0,0.0,0.0,0.0,0.0,0.0,0.0,,,,,18473,global,0.4
4,4,lr1e-05_bs32_modL1_fusion32_fusionL1_fusionBN0_drop0p2__wd1e-04trmiss40_trlocglobal,32,1e-05,0.0001,1,32,1,False,0.2,lr1e-05_bs32_modL1_fusion32_fusionL1_fusionBN0_drop0p2__wd1e-04trmiss40_trlocglobal,5,0.7024218440055847,0.7023533284664154,0.376984126984127,0.448572893512002,0.4,0.0,0.0,0.0,0.0,0.0,0.0,0.0,0.0,0.0,,,,,18473,global,0.4
4,4,lr1e-05_bs32_modL1_fusion32_fusionL1_fusionBN0_drop0p2__wd1e-04trmiss40_trlocglobal,32,1e-05,0.0001,1,32,1,False,0.2,lr1e-05_bs32_modL1_fusion32_fusionL1_fusionBN0_drop0p2__wd1e-04trmiss40_trlocglobal,6,0.6954989035924276,0.7024670541286469,0.36309523809523814,0.4428203164568303,0.4,0.0,0.0,0.0,0.0,0.0,0.0,0.0,0.0,0.0,,,,,18473,global,0.4
4,4,lr1e-05_bs32_modL1_fusion32_fusionL1_fusionBN0_drop0p2__wd1e-04trmiss40_trlocglobal,32,1e-05,0.0001,1,32,1,False,0.2,lr1e-05_bs32_modL1_fusion32_fusionL1_fusionBN0_drop0p2__wd1e-04trmiss40_trlocglobal,7,0.6829829116662344,0.7019206583499908,0.3650793650793651,0.443926855108741,0.37777777777777777,0.0,0.0,0.0,0.0,0.0,0.0,0.0,0.0,0.0,,,,,18473,global,0.4
4,4,lr1e-05_bs32_modL1_fusion32_fusionL1_fusionBN0_drop0p2__wd1e-04trmiss40_trlocglobal,32,1e-05,0.0001,1,32,1,False,0.2,lr1e-05_bs32_modL1_fusion32_fusionL1_fusionBN0_drop0p2__wd1e-04trmiss40_trlocglobal,8,0.688403993844986,0.7015389204025269,0.373015873015873,0.4474761040624018,0.37777777777777777,0.0,0.0,0.0,0.0,0.0,0.0,0.0,0.0,0.0,,,,,18473,global,0.4
4,4,lr1e-05_bs32_modL1_fusion32_fusionL1_fusionBN0_drop0p2__wd1e-04trmiss40_trlocglobal,32,1e-05,0.0001,1,32,1,False,0.2,lr1e-05_bs32_modL1_fusion32_fusionL1_fusionBN0_drop0p2__wd1e-04trmiss40_trlocglobal,9,0.6851857999960581,0.7011490166187286,0.373015873015873,0.4481535002457964,0.37777777777777777,0.0,0.0,0.0,0.0,0.0,0.0,0.0,0.0,0.0,,,,,18473,global,0.4
4,4,lr1e-05_bs32_modL1_fusion32_fusionL1_fusionBN0_drop0p2__wd1e-04trmiss40_trlocglobal,32,1e-05,0.0001,1,32,1,False,0.2,lr1e-05_bs32_modL1_fusion32_fusionL1_fusionBN0_drop0p2__wd1e-04trmiss40_trlocglobal,10,0.6846538186073303,0.7008298635482788,0.373015873015873,0.44919125964441137,0.37777777777777777,0.0,0.0,0.0,0.0,0.0,0.0,0.0,0.0,0.0,,,,,18473,global,0.4
4,4,lr1e-05_bs32_modL1_fusion32_fusionL1_fusionBN0_drop0p2__wd1e-04trmiss40_trlocglobal,32,1e-05,0.0001,1,32,1,False,0.2,lr1e-05_bs32_modL1_fusion32_fusionL1_fusionBN0_drop0p2__wd1e-04trmiss40_trlocglobal,11,0.6881812214851379,0.7003374397754669,0.37896825396825395,0.45254424092332796,0.37777777777777777,0.0,0.0,0.0,0.0,0.0,0.0,0.0,0.0,0.0,,,,,18473,global,0.4
4,4,lr1e-05_bs32_modL1_fusion32_fusionL1_fusionBN0_drop0p2__wd1e-04trmiss40_trlocglobal,32,1e-05,0.0001,1,32,1,False,0.2,lr1e-05_bs32_modL1_fusion32_fusionL1_fusionBN0_drop0p2__wd1e-04trmiss40_trlocglobal,12,0.6662774880727133,0.7003180086612701,0.376984126984127,0.4533963693948642,0.37777777777777777,0.0,0.0,0.0,0.0,0.0,0.0,0.0,0.0,0.0,,,,,18473,global,0.4
4,4,lr1e-05_bs32_modL1_fusion32_fusionL1_fusionBN0_drop0p2__wd1e-04trmiss40_trlocglobal,32,1e-05,0.0001,1,32,1,False,0.2,lr1e-05_bs32_modL1_fusion32_fusionL1_fusionBN0_drop0p2__wd1e-04trmiss40_trlocglobal,13,0.6723483999570211,0.7003298699855804,0.376984126984127,0.4551562514480089,0.35555555555555557,0.0,0.0,0.0,0.0,0.0,0.0,0.0,0.0,0.0,,,,,18473,global,0.4
4,4,lr1e-05_bs32_modL1_fusion32_fusionL1_fusionBN0_drop0p2__wd1e-04trmiss40_trlocglobal,32,1e-05,0.0001,1,32,1,False,0.2,lr1e-05_bs32_modL1_fusion32_fusionL1_fusionBN0_drop0p2__wd1e-04trmiss40_trlocglobal,14,0.6816413005193075,0.6996171474456787,0.37896825396825395,0.4579693432065478,0.35555555555555557,0.0,0.0,0.0,0.0,0.0,0.0,0.0,0.0,0.0,,,,,18473,global,0.4
4,4,lr1e-05_bs32_modL1_fusion32_fusionL1_fusionBN0_drop0p2__wd1e-04trmiss40_trlocglobal,32,1e-05,0.0001,1,32,1,False,0.2,lr1e-05_bs32_modL1_fusion32_fusionL1_fusionBN0_drop0p2__wd1e-04trmiss40_trlocglobal,15,0.6718427042166392,0.6997525990009308,0.37896825396825395,0.4589632789238933,0.35555555555555557,0.0,0.0,0.0,0.0,0.0,0.0,0.0,0.0,0.0,,,,,18473,global,0.4
4,4,lr1e-05_bs32_modL1_fusion32_fusionL1_fusionBN0_drop0p2__wd1e-04trmiss40_trlocglobal,32,1e-05,0.0001,1,32,1,False,0.2,lr1e-05_bs32_modL1_fusion32_fusionL1_fusionBN0_drop0p2__wd1e-04trmiss40_trlocglobal,16,0.6664247016112009,0.6993861794471741,0.38095238095238093,0.4707378363649266,0.35555555555555557,0.0,0.0,0.0,0.0,0.0,0.0,0.0,0.0,0.0,,,,,18473,global,0.4
4,4,lr1e-05_bs32_modL1_fusion32_fusionL1_fusionBN0_drop0p2__wd1e-04trmiss40_trlocglobal,32,1e-05,0.0001,1,32,1,False,0.2,lr1e-05_bs32_modL1_fusion32_fusionL1_fusionBN0_drop0p2__wd1e-04trmiss40_trlocglobal,17,0.6678065458933512,0.6988916397094727,0.38690476190476186,0.4727382299771624,0.3333333333333333,0.0,0.0,0.0,0.0,0.0,0.0,0.0,0.0,0.0,,,,,18473,global,0.4
4,4,lr1e-05_bs32_modL1_fusion32_fusionL1_fusionBN0_drop0p2__wd1e-04trmiss40_trlocglobal,32,1e-05,0.0001,1,32,1,False,0.2,lr1e-05_bs32_modL1_fusion32_fusionL1_fusionBN0_drop0p2__wd1e-04trmiss40_trlocglobal,18,0.6660301486651102,0.6984229981899261,0.3829365079365079,0.4702673796444699,0.35555555555555557,0.0,0.0,0.0,0.0,0.0,0.0,0.0,0.0,0.0,,,,,18473,global,0.4
4,4,lr1e-05_bs32_modL1_fusion32_fusionL1_fusionBN0_drop0p2__wd1e-04trmiss40_trlocglobal,32,1e-05,0.0001,1,32,1,False,0.2,lr1e-05_bs32_modL1_fusion32_fusionL1_fusionBN0_drop0p2__wd1e-04trmiss40_trlocglobal,19,0.6651279429594675,0.6977914273738861,0.3908730158730159,0.4731474231495134,0.35555555555555557,0.0,0.0,0.0,0.0,0.0,0.0,0.0,0.0,0.0,,,,,18473,global,0.4
4,4,lr1e-05_bs32_modL1_fusion32_fusionL1_fusionBN0_drop0p2__wd1e-04trmiss40_trlocglobal,32,1e-05,0.0001,1,32,1,False,0.2,lr1e-05_bs32_modL1_fusion32_fusionL1_fusionBN0_drop0p2__wd1e-04trmiss40_trlocglobal,20,0.6683396299680074,0.697294682264328,0.3948412698412698,0.47416514577049695,0.37777777777777777,0.0,0.0,0.0,0.0,0.0,0.0,0.0,0.0,0.0,,,,,18473,global,0.4
4,4,lr1e-05_bs32_modL1_fusion32_fusionL1_fusionBN0_drop0p2__wd1e-04trmiss40_trlocglobal,32,1e-05,0.0001,1,32,1,False,0.2,lr1e-05_bs32_modL1_fusion32_fusionL1_fusionBN0_drop0p2__wd1e-04trmiss40_trlocglobal,21,0.6617441475391388,0.6973813474178314,0.39682539682539686,0.4748706061117083,0.35555555555555557,0.0,0.0,0.0,0.0,0.0,0.0,0.0,0.0,0.0,,,,,18473,global,0.4
4,4,lr1e-05_bs32_modL1_fusion32_fusionL1_fusionBN0_drop0p2__wd1e-04trmiss40_trlocglobal,32,1e-05,0.0001,1,32,1,False,0.2,lr1e-05_bs32_modL1_fusion32_fusionL1_fusionBN0_drop0p2__wd1e-04trmiss40_trlocglobal,22,0.672071099281311,0.6970432996749878,0.3948412698412699,0.4745165011523401,0.37777777777777777,0.0,0.0,0.0,0.0,0.0,0.0,0.0,0.0,0.0,,,,,18473,global,0.4
4,4,lr1e-05_bs32_modL1_fusion32_fusionL1_fusionBN0_drop0p2__wd1e-04trmiss40_trlocglobal,32,1e-05,0.0001,1,32,1,False,0.2,lr1e-05_bs32_modL1_fusion32_fusionL1_fusionBN0_drop0p2__wd1e-04trmiss40_trlocglobal,23,0.6682005027929941,0.696329653263092,0.40476190476190477,0.4828069923375681,0.37777777777777777,0.0,0.0,0.0,0.0,0.0,0.0,0.0,0.0,0.0,,,,,18473,global,0.4
4,4,lr1e-05_bs32_modL1_fusion32_fusionL1_fusionBN0_drop0p2__wd1e-04trmiss40_trlocglobal,32,1e-05,0.0001,1,32,1,False,0.2,lr1e-05_bs32_modL1_fusion32_fusionL1_fusionBN0_drop0p2__wd1e-04trmiss40_trlocglobal,24,0.657568613688151,0.6966311931610107,0.4027777777777778,0.48200808364392256,0.37777777777777777,0.0,0.0,0.0,0.0,0.0,0.0,0.0,0.0,0.0,,,,,18473,global,0.4
4,4,lr1e-05_bs32_modL1_fusion32_fusionL1_fusionBN0_drop0p2__wd1e-04trmiss40_trlocglobal,32,1e-05,0.0001,1,32,1,False,0.2,lr1e-05_bs32_modL1_fusion32_fusionL1_fusionBN0_drop0p2__wd1e-04trmiss40_trlocglobal,25,0.6533922354380289,0.696172446012497,0.40476190476190477,0.48908089376905833,0.35555555555555557,0.0,0.0,0.0,0.0,0.0,0.0,0.0,0.0,0.0,,,,,18473,global,0.4
4,4,lr1e-05_bs32_modL1_fusion32_fusionL1_fusionBN0_drop0p2__wd1e-04trmiss40_trlocglobal,32,1e-05,0.0001,1,32,1,False,0.2,lr1e-05_bs32_modL1_fusion32_fusionL1_fusionBN0_drop0p2__wd1e-04trmiss40_trlocglobal,26,0.663032203912735,0.6957995891571045,0.4007936507936508,0.4875532329390719,0.37777777777777777,0.0,0.0,0.0,0.0,0.0,0.0,0.0,0.0,0.0,,,,,18473,global,0.4
4,4,lr1e-05_bs32_modL1_fusion32_fusionL1_fusionBN0_drop0p2__wd1e-04trmiss40_trlocglobal,32,1e-05,0.0001,1,32,1,False,0.2,lr1e-05_bs32_modL1_fusion32_fusionL1_fusionBN0_drop0p2__wd1e-04trmiss40_trlocglobal,27,0.6561977664629618,0.6955423355102539,0.4027777777777778,0.4881408397766787,0.35555555555555557,0.0,0.0,0.0,0.0,0.0,0.0,0.0,0.0,0.0,,,,,18473,global,0.4
4,4,lr1e-05_bs32_modL1_fusion32_fusionL1_fusionBN0_drop0p2__wd1e-04trmiss40_trlocglobal,32,1e-05,0.0001,1,32,1,False,0.2,lr1e-05_bs32_modL1_fusion32_fusionL1_fusionBN0_drop0p2__wd1e-04trmiss40_trlocglobal,28,0.6540420949459076,0.6956024467945099,0.39285714285714285,0.4835442907150267,0.35555555555555557,0.0,0.0,0.0,0.0,0.0,0.0,0.0,0.0,0.0,,,,,18473,global,0.4
4,4,lr1e-05_bs32_modL1_fusion32_fusionL1_fusionBN0_drop0p2__wd1e-04trmiss40_trlocglobal,32,1e-05,0.0001,1,32,1,False,0.2,lr1e-05_bs32_modL1_fusion32_fusionL1_fusionBN0_drop0p2__wd1e-04trmiss40_trlocglobal,29,0.6543975273768107,0.6961266398429871,0.382936507936508,0.4742287473572556,0.3333333333333333,0.0,0.0,0.0,0.0,0.0,0.0,0.0,0.0,0.0,,,,,18473,global,0.4
4,4,lr1e-05_bs32_modL1_fusion32_fusionL1_fusionBN0_drop0p2__wd1e-04trmiss40_trlocglobal,32,1e-05,0.0001,1,32,1,False,0.2,lr1e-05_bs32_modL1_fusion32_fusionL1_fusionBN0_drop0p2__wd1e-04trmiss40_trlocglobal,30,0.6603103081385294,0.6955795884132385,0.39087301587301587,0.4831664378546024,0.35555555555555557,0.0,0.0,0.0,0.0,0.0,0.0,0.0,0.0,0.0,,,,,18473,global,0.4
4,4,lr1e-05_bs32_modL1_fusion32_fusionL1_fusionBN0_drop0p2__wd1e-04trmiss40_trlocglobal,32,1e-05,0.0001,1,32,1,False,0.2,lr1e-05_bs32_modL1_fusion32_fusionL1_fusionBN0_drop0p2__wd1e-04trmiss40_trlocglobal,31,0.6538072427113851,0.6948767602443695,0.38492063492063494,0.4807028618670366,0.3333333333333333,0.0,0.0,0.0,0.0,0.0,0.0,0.0,0.0,0.0,,,,,18473,global,0.4
4,4,lr1e-05_bs32_modL1_fusion32_fusionL1_fusionBN0_drop0p2__wd1e-04trmiss40_trlocglobal,32,1e-05,0.0001,1,32,1,False,0.2,lr1e-05_bs32_modL1_fusion32_fusionL1_fusionBN0_drop0p2__wd1e-04trmiss40_trlocglobal,32,0.6424016455809275,0.6942009031772614,0.38690476190476186,0.4828124557045716,0.3333333333333333,0.0,0.0,0.0,0.0,0.0,0.0,0.0,0.0,0.0,,,,,18473,global,0.4
4,4,lr1e-05_bs32_modL1_fusion32_fusionL1_fusionBN0_drop0p2__wd1e-04trmiss40_trlocglobal,32,1e-05,0.0001,1,32,1,False,0.2,lr1e-05_bs32_modL1_fusion32_fusionL1_fusionBN0_drop0p2__wd1e-04trmiss40_trlocglobal,33,0.6574672261873881,0.6942552030086517,0.38888888888888884,0.49244283915933945,0.35555555555555557,0.0,0.0,0.0,0.0,0.0,0.0,0.0,0.0,0.0,,,,,18473,global,0.4
4,4,lr1e-05_bs32_modL1_fusion32_fusionL1_fusionBN0_drop0p2__wd1e-04trmiss40_trlocglobal,32,1e-05,0.0001,1,32,1,False,0.2,lr1e-05_bs32_modL1_fusion32_fusionL1_fusionBN0_drop0p2__wd1e-04trmiss40_trlocglobal,34,0.6492467721303304,0.69405397772789,0.39682539682539686,0.5157093466170234,0.3333333333333333,0.0,0.0,0.0,0.0,0.0,0.0,0.0,0.0,0.0,,,,,18473,global,0.4
4,4,lr1e-05_bs32_modL1_fusion32_fusionL1_fusionBN0_drop0p2__wd1e-04trmiss40_trlocglobal,32,1e-05,0.0001,1,32,1,False,0.2,lr1e-05_bs32_modL1_fusion32_fusionL1_fusionBN0_drop0p2__wd1e-04trmiss40_trlocglobal,35,0.6466424266497294,0.6938160359859467,0.3948412698412699,0.5148291334206337,0.3333333333333333,0.0,0.0,0.0,0.0,0.0,0.0,0.0,0.0,0.0,,,,,18473,global,0.4
4,4,lr1e-05_bs32_modL1_fusion32_fusionL1_fusionBN0_drop0p2__wd1e-04trmiss40_trlocglobal,32,1e-05,0.0001,1,32,1,False,0.2,lr1e-05_bs32_modL1_fusion32_fusionL1_fusionBN0_drop0p2__wd1e-04trmiss40_trlocglobal,36,0.6495819588502248,0.693596750497818,0.40277777777777773,0.5191820254622992,0.3333333333333333,0.0,0.0,0.0,0.0,0.0,0.0,0.0,0.0,0.0,,,,,18473,global,0.4
4,4,lr1e-05_bs32_modL1_fusion32_fusionL1_fusionBN0_drop0p2__wd1e-04trmiss40_trlocglobal,32,1e-05,0.0001,1,32,1,False,0.2,lr1e-05_bs32_modL1_fusion32_fusionL1_fusionBN0_drop0p2__wd1e-04trmiss40_trlocglobal,37,0.6490165690581003,0.6939169764518738,0.3928571428571429,0.4939958000873004,0.3333333333333333,0.0,0.0,0.0,0.0,0.0,0.0,0.0,0.0,0.0,,,,,18473,global,0.4
4,4,lr1e-05_bs32_modL1_fusion32_fusionL1_fusionBN0_drop0p2__wd1e-04trmiss40_trlocglobal,32,1e-05,0.0001,1,32,1,False,0.2,lr1e-05_bs32_modL1_fusion32_fusionL1_fusionBN0_drop0p2__wd1e-04trmiss40_trlocglobal,38,0.644366999467214,0.6937537491321564,0.3968253968253968,0.49921584807050623,0.3333333333333333,0.0,0.0,0.0,0.0,0.0,0.0,0.0,0.0,0.0,,,,,18473,global,0.4
4,4,lr1e-05_bs32_modL1_fusion32_fusionL1_fusionBN0_drop0p2__wd1e-04trmiss40_trlocglobal,32,1e-05,0.0001,1,32,1,False,0.2,lr1e-05_bs32_modL1_fusion32_fusionL1_fusionBN0_drop0p2__wd1e-04trmiss40_trlocglobal,39,0.6429191927115122,0.6932416260242462,0.3948412698412699,0.49862542971692997,0.35555555555555557,0.0,0.0,0.0,0.0,0.0,0.0,0.0,0.0,0.0,,,,,18473,global,0.4
4,4,lr1e-05_bs32_modL1_fusion32_fusionL1_fusionBN0_drop0p2__wd1e-04trmiss40_trlocglobal,32,1e-05,0.0001,1,32,1,False,0.2,lr1e-05_bs32_modL1_fusion32_fusionL1_fusionBN0_drop0p2__wd1e-04trmiss40_trlocglobal,40,0.6376154323418936,0.6936852633953094,0.39285714285714285,0.4973709580677215,0.35555555555555557,0.0,0.0,0.0,0.0,0.0,0.0,0.0,0.0,0.0,,,,,18473,global,0.4
4,4,lr1e-05_bs32_modL1_fusion32_fusionL1_fusionBN0_drop0p2__wd1e-04trmiss40_trlocglobal,32,1e-05,0.0001,1,32,1,False,0.2,lr1e-05_bs32_modL1_fusion32_fusionL1_fusionBN0_drop0p2__wd1e-04trmiss40_trlocglobal,41,0.6574211319287618,0.6933712959289551,0.39285714285714285,0.5103586434519527,0.35555555555555557,0.0,0.0,0.0,0.0,0.0,0.0,0.0,0.0,0.0,,,,,18473,global,0.4
4,4,lr1e-05_bs32_modL1_fusion32_fusionL1_fusionBN0_drop0p2__wd1e-04trmiss40_trlocglobal,32,1e-05,0.0001,1,32,1,False,0.2,lr1e-05_bs32_modL1_fusion32_fusionL1_fusionBN0_drop0p2__wd1e-04trmiss40_trlocglobal,42,0.6420910656452179,0.6936687529087067,0.3948412698412699,0.513225609544538,0.35555555555555557,0.0,0.0,0.0,0.0,0.0,0.0,0.0,0.0,0.0,,,,,18473,global,0.4
4,4,lr1e-05_bs32_modL1_fusion32_fusionL1_fusionBN0_drop0p2__wd1e-04trmiss40_trlocglobal,32,1e-05,0.0001,1,32,1,False,0.2,lr1e-05_bs32_modL1_fusion32_fusionL1_fusionBN0_drop0p2__wd1e-04trmiss40_trlocglobal,43,0.649263471364975,0.6931121647357941,0.3908730158730159,0.5093965925576263,0.35555555555555557,0.0,0.0,0.0,0.0,0.0,0.0,0.0,0.0,0.0,,,,,18473,global,0.4
4,4,lr1e-05_bs32_modL1_fusion32_fusionL1_fusionBN0_drop0p2__wd1e-04trmiss40_trlocglobal,32,1e-05,0.0001,1,32,1,False,0.2,lr1e-05_bs32_modL1_fusion32_fusionL1_fusionBN0_drop0p2__wd1e-04trmiss40_trlocglobal,44,0.6389015118281046,0.6928694546222687,0.3948412698412698,0.48958319065971584,0.35555555555555557,0.0,0.0,0.0,0.0,0.0,0.0,0.0,0.0,0.0,,,,,18473,global,0.4
4,4,lr1e-05_bs32_modL1_fusion32_fusionL1_fusionBN0_drop0p2__wd1e-04trmiss40_trlocglobal,32,1e-05,0.0001,1,32,1,False,0.2,lr1e-05_bs32_modL1_fusion32_fusionL1_fusionBN0_drop0p2__wd1e-04trmiss40_trlocglobal,45,0.6442344784736633,0.692240446805954,0.39880952380952384,0.5151657654282251,0.35555555555555557,0.0,0.0,0.0,0.0,0.0,0.0,0.0,0.0,0.0,,,,,18473,global,0.4
4,4,lr1e-05_bs32_modL1_fusion32_fusionL1_fusionBN0_drop0p1__wd1e-04trmiss40_trlocglobal,32,1e-05,0.0001,1,32,1,False,0.1,lr1e-05_bs32_modL1_fusion32_fusionL1_fusionBN0_drop0p1__wd1e-04trmiss40_trlocglobal,1,0.6944620807965597,0.6929537355899811,0.5436507936507937,0.5598627470666822,0.5555555555555556,0.0,0.0,0.0,0.0,0.0,0.0,0.0,0.0,0.0,,,,,18473,global,0.4
4,4,lr1e-05_bs32_modL1_fusion32_fusionL1_fusionBN0_drop0p1__wd1e-04trmiss40_trlocglobal,32,1e-05,0.0001,1,32,1,False,0.1,lr1e-05_bs32_modL1_fusion32_fusionL1_fusionBN0_drop0p1__wd1e-04trmiss40_trlocglobal,2,0.6843984226385752,0.691675454378128,0.5615079365079365,0.5921250331690396,0.5555555555555556,0.0,0.0,0.0,0.0,0.0,0.0,0.0,0.0,0.0,,,,,18473,global,0.4
4,4,lr1e-05_bs32_modL1_fusion32_fusionL1_fusionBN0_drop0p1__wd1e-04trmiss40_trlocglobal,32,1e-05,0.0001,1,32,1,False,0.1,lr1e-05_bs32_modL1_fusion32_fusionL1_fusionBN0_drop0p1__wd1e-04trmiss40_trlocglobal,3,0.6734870572884878,0.6909282207489014,0.5595238095238095,0.5974453983401659,0.5111111111111111,0.0,0.0,0.0,0.0,0.0,0.0,0.0,0.0,0.0,,,,,18473,global,0.4
4,4,lr1e-05_bs32_modL1_fusion32_fusionL1_fusionBN0_drop0p1__wd1e-04trmiss40_trlocglobal,32,1e-05,0.0001,1,32,1,False,0.1,lr1e-05_bs32_modL1_fusion32_fusionL1_fusionBN0_drop0p1__wd1e-04trmiss40_trlocglobal,4,0.6738181908925375,0.6900776028633118,0.5674603174603174,0.6052452892391061,0.5111111111111111,0.0,0.0,0.0,0.0,0.0,0.0,0.0,0.0,0.0,,,,,18473,global,0.4
4,4,lr1e-05_bs32_modL1_fusion32_fusionL1_fusionBN0_drop0p1__wd1e-04trmiss40_trlocglobal,32,1e-05,0.0001,1,32,1,False,0.1,lr1e-05_bs32_modL1_fusion32_fusionL1_fusionBN0_drop0p1__wd1e-04trmiss40_trlocglobal,5,0.6773427426815033,0.6891699731349945,0.5634920634920635,0.6139244458480856,0.4888888888888889,0.0,0.0,0.0,0.0,0.0,0.0,0.0,0.0,0.0,,,,,18473,global,0.4
4,4,lr1e-05_bs32_modL1_fusion32_fusionL1_fusionBN0_drop0p1__wd1e-04trmiss40_trlocglobal,32,1e-05,0.0001,1,32,1,False,0.1,lr1e-05_bs32_modL1_fusion32_fusionL1_fusionBN0_drop0p1__wd1e-04trmiss40_trlocglobal,6,0.6774995426336924,0.6891184151172638,0.5515873015873016,0.6064169439005965,0.4888888888888889,0.0,0.0,0.0,0.0,0.0,0.0,0.0,0.0,0.0,,,,,18473,global,0.4
4,4,lr1e-05_bs32_modL1_fusion32_fusionL1_fusionBN0_drop0p1__wd1e-04trmiss40_trlocglobal,32,1e-05,0.0001,1,32,1,False,0.1,lr1e-05_bs32_modL1_fusion32_fusionL1_fusionBN0_drop0p1__wd1e-04trmiss40_trlocglobal,7,0.6772873600323995,0.6881124079227448,0.5575396825396826,0.6115500774538153,0.4888888888888889,0.0,0.0,0.0,0.0,0.0,0.0,0.0,0.0,0.0,,,,,18473,global,0.4
4,4,lr1e-05_bs32_modL1_fusion32_fusionL1_fusionBN0_drop0p1__wd1e-04trmiss40_trlocglobal,32,1e-05,0.0001,1,32,1,False,0.1,lr1e-05_bs32_modL1_fusion32_fusionL1_fusionBN0_drop0p1__wd1e-04trmiss40_trlocglobal,8,0.6723544398943583,0.6876260340213776,0.5615079365079365,0.6327648505240407,0.4888888888888889,0.0,0.0,0.0,0.0,0.0,0.0,0.0,0.0,0.0,,,,,18473,global,0.4
4,4,lr1e-05_bs32_modL1_fusion32_fusionL1_fusionBN0_drop0p1__wd1e-04trmiss40_trlocglobal,32,1e-05,0.0001,1,32,1,False,0.1,lr1e-05_bs32_modL1_fusion32_fusionL1_fusionBN0_drop0p1__wd1e-04trmiss40_trlocglobal,9,0.6672037839889526,0.6869474947452545,0.5674603174603174,0.6373531855206575,0.5111111111111111,0.0,0.0,0.0,0.0,0.0,0.0,0.0,0.0,0.0,,,,,18473,global,0.4
4,4,lr1e-05_bs32_modL1_fusion32_fusionL1_fusionBN0_drop0p1__wd1e-04trmiss40_trlocglobal,32,1e-05,0.0001,1,32,1,False,0.1,lr1e-05_bs32_modL1_fusion32_fusionL1_fusionBN0_drop0p1__wd1e-04trmiss40_trlocglobal,10,0.6689202785491943,0.6865515410900116,0.5714285714285715,0.6405252603626056,0.5111111111111111,0.0,0.0,0.0,0.0,0.0,0.0,0.0,0.0,0.0,,,,,18473,global,0.4
4,4,lr1e-05_bs32_modL1_fusion32_fusionL1_fusionBN0_drop0p1__wd1e-04trmiss40_trlocglobal,32,1e-05,0.0001,1,32,1,False,0.1,lr1e-05_bs32_modL1_fusion32_fusionL1_fusionBN0_drop0p1__wd1e-04trmiss40_trlocglobal,11,0.6626408298810323,0.6864423453807831,0.5654761904761905,0.6372424320797773,0.4888888888888889,0.0,0.0,0.0,0.0,0.0,0.0,0.0,0.0,0.0,,,,,18473,global,0.4
4,4,lr1e-05_bs32_modL1_fusion32_fusionL1_fusionBN0_drop0p1__wd1e-04trmiss40_trlocglobal,32,1e-05,0.0001,1,32,1,False,0.1,lr1e-05_bs32_modL1_fusion32_fusionL1_fusionBN0_drop0p1__wd1e-04trmiss40_trlocglobal,12,0.6635846197605133,0.6855104863643646,0.5694444444444444,0.6389044566409147,0.5111111111111111,0.0,0.0,0.0,0.0,0.0,0.0,0.0,0.0,0.0,,,,,18473,global,0.4
4,4,lr1e-05_bs32_modL1_fusion32_fusionL1_fusionBN0_drop0p1__wd1e-04trmiss40_trlocglobal,32,1e-05,0.0001,1,32,1,False,0.1,lr1e-05_bs32_modL1_fusion32_fusionL1_fusionBN0_drop0p1__wd1e-04trmiss40_trlocglobal,13,0.6575905581315359,0.6845159232616425,0.5833333333333334,0.6501365807622933,0.5111111111111111,0.0,0.0,0.0,0.0,0.0,0.0,0.0,0.0,0.0,,,,,18473,global,0.4
4,4,lr1e-05_bs32_modL1_fusion32_fusionL1_fusionBN0_drop0p1__wd1e-04trmiss40_trlocglobal,32,1e-05,0.0001,1,32,1,False,0.1,lr1e-05_bs32_modL1_fusion32_fusionL1_fusionBN0_drop0p1__wd1e-04trmiss40_trlocglobal,14,0.6545725166797638,0.68407142162323,0.5853174603174603,0.6518223410578933,0.4888888888888889,0.0,0.0,0.0,0.0,0.0,0.0,0.0,0.0,0.0,,,,,18473,global,0.4
4,4,lr1e-05_bs32_modL1_fusion32_fusionL1_fusionBN0_drop0p1__wd1e-04trmiss40_trlocglobal,32,1e-05,0.0001,1,32,1,False,0.1,lr1e-05_bs32_modL1_fusion32_fusionL1_fusionBN0_drop0p1__wd1e-04trmiss40_trlocglobal,15,0.6584175626436869,0.6837067902088165,0.5793650793650794,0.6433084422850174,0.5111111111111111,0.0,0.0,0.0,0.0,0.0,0.0,0.0,0.0,0.0,,,,,18473,global,0.4
4,4,lr1e-05_bs32_modL1_fusion32_fusionL1_fusionBN0_drop0p1__wd1e-04trmiss40_trlocglobal,32,1e-05,0.0001,1,32,1,False,0.1,lr1e-05_bs32_modL1_fusion32_fusionL1_fusionBN0_drop0p1__wd1e-04trmiss40_trlocglobal,16,0.6478252609570821,0.683227151632309,0.5813492063492063,0.6496731532584246,0.4888888888888889,0.0,0.0,0.0,0.0,0.0,0.0,0.0,0.0,0.0,,,,,18473,global,0.4
4,4,lr1e-05_bs32_modL1_fusion32_fusionL1_fusionBN0_drop0p1__wd1e-04trmiss40_trlocglobal,32,1e-05,0.0001,1,32,1,False,0.1,lr1e-05_bs32_modL1_fusion32_fusionL1_fusionBN0_drop0p1__wd1e-04trmiss40_trlocglobal,17,0.6543283959229788,0.6821887791156769,0.5833333333333334,0.6525916522140424,0.5111111111111111,0.0,0.0,0.0,0.0,0.0,0.0,0.0,0.0,0.0,,,,,18473,global,0.4
4,4,lr1e-05_bs32_modL1_fusion32_fusionL1_fusionBN0_drop0p1__wd1e-04trmiss40_trlocglobal,32,1e-05,0.0001,1,32,1,False,0.1,lr1e-05_bs32_modL1_fusion32_fusionL1_fusionBN0_drop0p1__wd1e-04trmiss40_trlocglobal,18,0.6506941020488739,0.680932492017746,0.5932539682539683,0.6602040352882833,0.5333333333333333,0.0,0.0,0.0,0.0,0.0,0.0,0.0,0.0,0.0,,,,,18473,global,0.4
4,4,lr1e-05_bs32_modL1_fusion32_fusionL1_fusionBN0_drop0p1__wd1e-04trmiss40_trlocglobal,32,1e-05,0.0001,1,32,1,False,0.1,lr1e-05_bs32_modL1_fusion32_fusionL1_fusionBN0_drop0p1__wd1e-04trmiss40_trlocglobal,19,0.6491641799608866,0.6807089745998383,0.5932539682539683,0.65645335739074,0.5333333333333333,0.0,0.0,0.0,0.0,0.0,0.0,0.0,0.0,0.0,,,,,18473,global,0.4
4,4,lr1e-05_bs32_modL1_fusion32_fusionL1_fusionBN0_drop0p1__wd1e-04trmiss40_trlocglobal,32,1e-05,0.0001,1,32,1,False,0.1,lr1e-05_bs32_modL1_fusion32_fusionL1_fusionBN0_drop0p1__wd1e-04trmiss40_trlocglobal,20,0.6513413985570272,0.6799367666244507,0.5912698412698413,0.6585130866403669,0.5333333333333333,0.0,0.0,0.0,0.0,0.0,0.0,0.0,0.0,0.0,,,,,18473,global,0.4
4,4,lr1e-05_bs32_modL1_fusion32_fusionL1_fusionBN0_drop0p1__wd1e-04trmiss40_trlocglobal,32,1e-05,0.0001,1,32,1,False,0.1,lr1e-05_bs32_modL1_fusion32_fusionL1_fusionBN0_drop0p1__wd1e-04trmiss40_trlocglobal,21,0.6477039655049642,0.6792173385620117,0.5892857142857143,0.6540595540618342,0.5333333333333333,0.0,0.0,0.0,0.0,0.0,0.0,0.0,0.0,0.0,,,,,18473,global,0.4
4,4,lr1e-05_bs32_modL1_fusion32_fusionL1_fusionBN0_drop0p1__wd1e-04trmiss40_trlocglobal,32,1e-05,0.0001,1,32,1,False,0.1,lr1e-05_bs32_modL1_fusion32_fusionL1_fusionBN0_drop0p1__wd1e-04trmiss40_trlocglobal,22,0.6446326076984406,0.678668737411499,0.5972222222222222,0.6576154119607509,0.5333333333333333,0.0,0.0,0.0,0.0,0.0,0.0,0.0,0.0,0.0,,,,,18473,global,0.4
4,4,lr1e-05_bs32_modL1_fusion32_fusionL1_fusionBN0_drop0p1__wd1e-04trmiss40_trlocglobal,32,1e-05,0.0001,1,32,1,False,0.1,lr1e-05_bs32_modL1_fusion32_fusionL1_fusionBN0_drop0p1__wd1e-04trmiss40_trlocglobal,23,0.6468673149744669,0.6785131096839905,0.5932539682539683,0.6521141019824055,0.5111111111111111,0.0,0.0,0.0,0.0,0.0,0.0,0.0,0.0,0.0,,,,,18473,global,0.4
4,4,lr1e-05_bs32_modL1_fusion32_fusionL1_fusionBN0_drop0p1__wd1e-04trmiss40_trlocglobal,32,1e-05,0.0001,1,32,1,False,0.1,lr1e-05_bs32_modL1_fusion32_fusionL1_fusionBN0_drop0p1__wd1e-04trmiss40_trlocglobal,24,0.6409340103467306,0.678757905960083,0.6011904761904763,0.6657826502097772,0.5111111111111111,0.0,0.0,0.0,0.0,0.0,0.0,0.0,0.0,0.0,,,,,18473,global,0.4
4,4,lr1e-05_bs32_modL1_fusion32_fusionL1_fusionBN0_drop0p1__wd1e-04trmiss40_trlocglobal,32,1e-05,0.0001,1,32,1,False,0.1,lr1e-05_bs32_modL1_fusion32_fusionL1_fusionBN0_drop0p1__wd1e-04trmiss40_trlocglobal,25,0.6395854552586874,0.6788136661052704,0.6011904761904762,0.6720278900141833,0.5111111111111111,0.0,0.0,0.0,0.0,0.0,0.0,0.0,0.0,0.0,,,,,18473,global,0.4
4,4,lr1e-05_bs32_modL1_fusion32_fusionL1_fusionBN0_drop0p1__wd1e-04trmiss40_trlocglobal,32,1e-05,0.0001,1,32,1,False,0.1,lr1e-05_bs32_modL1_fusion32_fusionL1_fusionBN0_drop0p1__wd1e-04trmiss40_trlocglobal,26,0.644952267408371,0.6783730983734131,0.6051587301587302,0.6836933464164817,0.5111111111111111,0.0,0.0,0.0,0.0,0.0,0.0,0.0,0.0,0.0,,,,,18473,global,0.4
4,4,lr1e-05_bs32_modL1_fusion32_fusionL1_fusionBN0_drop0p1__wd1e-04trmiss40_trlocglobal,32,1e-05,0.0001,1,32,1,False,0.1,lr1e-05_bs32_modL1_fusion32_fusionL1_fusionBN0_drop0p1__wd1e-04trmiss40_trlocglobal,27,0.6418531735738119,0.6781165301799774,0.6031746031746031,0.6810279456053008,0.5111111111111111,0.0,0.0,0.0,0.0,0.0,0.0,0.0,0.0,0.0,,,,,18473,global,0.4
4,4,lr1e-05_bs32_modL1_fusion32_fusionL1_fusionBN0_drop0p1__wd1e-04trmiss40_trlocglobal,32,1e-05,0.0001,1,32,1,False,0.1,lr1e-05_bs32_modL1_fusion32_fusionL1_fusionBN0_drop0p1__wd1e-04trmiss40_trlocglobal,28,0.6364145378271738,0.6779883801937103,0.5992063492063492,0.682014306058573,0.5333333333333333,0.0,0.0,0.0,0.0,0.0,0.0,0.0,0.0,0.0,,,,,18473,global,0.4
4,4,lr1e-05_bs32_modL1_fusion32_fusionL1_fusionBN0_drop0p1__wd1e-04trmiss40_trlocglobal,32,1e-05,0.0001,1,32,1,False,0.1,lr1e-05_bs32_modL1_fusion32_fusionL1_fusionBN0_drop0p1__wd1e-04trmiss40_trlocglobal,29,0.6389580965042114,0.6778169572353363,0.5952380952380953,0.6824755017156976,0.5333333333333333,0.0,0.0,0.0,0.0,0.0,0.0,0.0,0.0,0.0,,,,,18473,global,0.4
4,4,lr1e-05_bs32_modL1_fusion32_fusionL1_fusionBN0_drop0p1__wd1e-04trmiss40_trlocglobal,32,1e-05,0.0001,1,32,1,False,0.1,lr1e-05_bs32_modL1_fusion32_fusionL1_fusionBN0_drop0p1__wd1e-04trmiss40_trlocglobal,30,0.631585935751597,0.6777790486812592,0.5992063492063493,0.6884053799801347,0.5333333333333333,0.0,0.0,0.0,0.0,0.0,0.0,0.0,0.0,0.0,,,,,18473,global,0.4
4,4,lr1e-05_bs32_modL1_fusion32_fusionL1_fusionBN0_drop0p1__wd1e-04trmiss40_trlocglobal,32,1e-05,0.0001,1,32,1,False,0.1,lr1e-05_bs32_modL1_fusion32_fusionL1_fusionBN0_drop0p1__wd1e-04trmiss40_trlocglobal,31,0.6364567975203196,0.6773156523704529,0.5952380952380952,0.6853777833026524,0.5333333333333333,0.0,0.0,0.0,0.0,0.0,0.0,0.0,0.0,0.0,,,,,18473,global,0.4
4,4,lr1e-05_bs32_modL1_fusion32_fusionL1_fusionBN0_drop0p1__wd1e-04trmiss40_trlocglobal,32,1e-05,0.0001,1,32,1,False,0.1,lr1e-05_bs32_modL1_fusion32_fusionL1_fusionBN0_drop0p1__wd1e-04trmiss40_trlocglobal,32,0.6334721247355143,0.6770333051681519,0.6011904761904762,0.6941945406431582,0.5333333333333333,0.0,0.0,0.0,0.0,0.0,0.0,0.0,0.0,0.0,,,,,18473,global,0.4
4,4,lr1e-05_bs32_modL1_fusion32_fusionL1_fusionBN0_drop0p1__wd1e-04trmiss40_trlocglobal,32,1e-05,0.0001,1,32,1,False,0.1,lr1e-05_bs32_modL1_fusion32_fusionL1_fusionBN0_drop0p1__wd1e-04trmiss40_trlocglobal,33,0.6373467942078909,0.6761029660701752,0.6071428571428572,0.6943064456463677,0.5333333333333333,0.0,0.0,0.0,0.0,0.0,0.0,0.0,0.0,0.0,,,,,18473,global,0.4
4,4,lr1e-05_bs32_modL1_fusion32_fusionL1_fusionBN0_drop0p1__wd1e-04trmiss40_trlocglobal,32,1e-05,0.0001,1,32,1,False,0.1,lr1e-05_bs32_modL1_fusion32_fusionL1_fusionBN0_drop0p1__wd1e-04trmiss40_trlocglobal,34,0.6266395250956217,0.6757335364818573,0.621031746031746,0.7073446200508373,0.5333333333333333,0.0,0.0,0.0,0.0,0.0,0.0,0.0,0.0,0.0,,,,,18473,global,0.4
4,4,lr1e-05_bs32_modL1_fusion32_fusionL1_fusionBN0_drop0p1__wd1e-04trmiss40_trlocglobal,32,1e-05,0.0001,1,32,1,False,0.1,lr1e-05_bs32_modL1_fusion32_fusionL1_fusionBN0_drop0p1__wd1e-04trmiss40_trlocglobal,35,0.6343876620133718,0.6750375628471375,0.621031746031746,0.7073446200508373,0.5333333333333333,0.0,0.0,0.0,0.0,0.0,0.0,0.0,0.0,0.0,,,,,18473,global,0.4
4,4,lr1e-05_bs32_modL1_fusion32_fusionL1_fusionBN0_drop0p1__wd1e-04trmiss40_trlocglobal,32,1e-05,0.0001,1,32,1,False,0.1,lr1e-05_bs32_modL1_fusion32_fusionL1_fusionBN0_drop0p1__wd1e-04trmiss40_trlocglobal,36,0.6330615878105164,0.6744722127914429,0.6190476190476191,0.7004001756063929,0.5333333333333333,0.0,0.0,0.0,0.0,0.0,0.0,0.0,0.0,0.0,,,,,18473,global,0.4
4,4,lr1e-05_bs32_modL1_fusion32_fusionL1_fusionBN0_drop0p1__wd1e-04trmiss40_trlocglobal,32,1e-05,0.0001,1,32,1,False,0.1,lr1e-05_bs32_modL1_fusion32_fusionL1_fusionBN0_drop0p1__wd1e-04trmiss40_trlocglobal,37,0.6282277703285217,0.6733567416667938,0.625,0.7073106160646274,0.5333333333333333,0.0,0.0,0.0,0.0,0.0,0.0,0.0,0.0,0.0,,,,,18473,global,0.4
4,4,lr1e-05_bs32_modL1_fusion32_fusionL1_fusionBN0_drop0p1__wd1e-04trmiss40_trlocglobal,32,1e-05,0.0001,1,32,1,False,0.1,lr1e-05_bs32_modL1_fusion32_fusionL1_fusionBN0_drop0p1__wd1e-04trmiss40_trlocglobal,38,0.6289389232794443,0.6727423667907715,0.6269841269841271,0.7083383183224494,0.5333333333333333,0.0,0.0,0.0,0.0,0.0,0.0,0.0,0.0,0.0,,,,,18473,global,0.4
4,4,lr1e-05_bs32_modL1_fusion32_fusionL1_fusionBN0_drop0p1__wd1e-04trmiss40_trlocglobal,32,1e-05,0.0001,1,32,1,False,0.1,lr1e-05_bs32_modL1_fusion32_fusionL1_fusionBN0_drop0p1__wd1e-04trmiss40_trlocglobal,39,0.6277153591314951,0.6728010773658752,0.6269841269841271,0.7077100114441424,0.5333333333333333,0.0,0.0,0.0,0.0,0.0,0.0,0.0,0.0,0.0,,,,,18473,global,0.4
4,4,lr1e-05_bs32_modL1_fusion32_fusionL1_fusionBN0_drop0p1__wd1e-04trmiss40_trlocglobal,32,1e-05,0.0001,1,32,1,False,0.1,lr1e-05_bs32_modL1_fusion32_fusionL1_fusionBN0_drop0p1__wd1e-04trmiss40_trlocglobal,40,0.6241773664951324,0.6726180613040924,0.625,0.7079876842890727,0.5333333333333333,0.0,0.0,0.0,0.0,0.0,0.0,0.0,0.0,0.0,,,,,18473,global,0.4
4,4,lr1e-05_bs32_modL1_fusion32_fusionL1_fusionBN0_drop0p1__wd1e-04trmiss40_trlocglobal,32,1e-05,0.0001,1,32,1,False,0.1,lr1e-05_bs32_modL1_fusion32_fusionL1_fusionBN0_drop0p1__wd1e-04trmiss40_trlocglobal,41,0.6308030386765798,0.6723379194736481,0.6269841269841271,0.712087596995941,0.5555555555555556,0.0,0.0,0.0,0.0,0.0,0.0,0.0,0.0,0.0,,,,,18473,global,0.4
4,4,lr1e-05_bs32_modL1_fusion32_fusionL1_fusionBN0_drop0p1__wd1e-04trmiss40_trlocglobal,32,1e-05,0.0001,1,32,1,False,0.1,lr1e-05_bs32_modL1_fusion32_fusionL1_fusionBN0_drop0p1__wd1e-04trmiss40_trlocglobal,42,0.6265436708927155,0.6721416115760803,0.621031746031746,0.7083728703645478,0.5555555555555556,0.0,0.0,0.0,0.0,0.0,0.0,0.0,0.0,0.0,,,,,18473,global,0.4
4,4,lr1e-05_bs32_modL1_fusion32_fusionL1_fusionBN0_drop0p1__wd1e-04trmiss40_trlocglobal,32,1e-05,0.0001,1,32,1,False,0.1,lr1e-05_bs32_modL1_fusion32_fusionL1_fusionBN0_drop0p1__wd1e-04trmiss40_trlocglobal,43,0.6240603228410085,0.6714839935302734,0.6289682539682541,0.7124429513649839,0.5555555555555556,0.0,0.0,0.0,0.0,0.0,0.0,0.0,0.0,0.0,,,,,18473,global,0.4
4,4,lr1e-05_bs32_modL1_fusion32_fusionL1_fusionBN0_drop0p1__wd1e-04trmiss40_trlocglobal,32,1e-05,0.0001,1,32,1,False,0.1,lr1e-05_bs32_modL1_fusion32_fusionL1_fusionBN0_drop0p1__wd1e-04trmiss40_trlocglobal,44,0.6239691376686096,0.6711068153381348,0.6309523809523809,0.7133713055164919,0.5555555555555556,0.0,0.0,0.0,0.0,0.0,0.0,0.0,0.0,0.0,,,,,18473,global,0.4
4,4,lr1e-05_bs32_modL1_fusion32_fusionL1_fusionBN0_drop0p1__wd1e-04trmiss40_trlocglobal,32,1e-05,0.0001,1,32,1,False,0.1,lr1e-05_bs32_modL1_fusion32_fusionL1_fusionBN0_drop0p1__wd1e-04trmiss40_trlocglobal,45,0.6204062501589457,0.6713115870952606,0.6269841269841271,0.7116066295606394,0.5777777777777777,0.0,0.0,0.0,0.0,0.0,0.0,0.0,0.0,0.0,,,,,18473,global,0.4
4,4,lr1e-05_bs32_modL1_fusion32_fusionL1_fusionBN0_drop0p1__wd1e-04trmiss40_trlocglobal,32,1e-05,0.0001,1,32,1,False,0.1,lr1e-05_bs32_modL1_fusion32_fusionL1_fusionBN0_drop0p1__wd1e-04trmiss40_trlocglobal,46,0.6221240758895874,0.6712425053119659,0.6329365079365079,0.7226963379928275,0.5777777777777777,0.0,0.0,0.0,0.0,0.0,0.0,0.0,0.0,0.0,,,,,18473,global,0.4
4,4,lr1e-05_bs32_modL1_fusion32_fusionL1_fusionBN0_drop0p1__wd1e-04trmiss40_trlocglobal,32,1e-05,0.0001,1,32,1,False,0.1,lr1e-05_bs32_modL1_fusion32_fusionL1_fusionBN0_drop0p1__wd1e-04trmiss40_trlocglobal,47,0.6166692872842153,0.6707950234413147,0.628968253968254,0.717408440235308,0.5777777777777777,0.0,0.0,0.0,0.0,0.0,0.0,0.0,0.0,0.0,,,,,18473,global,0.4
4,4,lr1e-05_bs32_modL1_fusion32_fusionL1_fusionBN0_drop0p1__wd1e-04trmiss40_trlocglobal,32,1e-05,0.0001,1,32,1,False,0.1,lr1e-05_bs32_modL1_fusion32_fusionL1_fusionBN0_drop0p1__wd1e-04trmiss40_trlocglobal,48,0.6261876622835795,0.6708502173423767,0.628968253968254,0.7258424388347477,0.5777777777777777,0.0,0.0,0.0,0.0,0.0,0.0,0.0,0.0,0.0,,,,,18473,global,0.4
4,4,lr1e-05_bs32_modL1_fusion32_fusionL1_fusionBN0_drop0p1__wd1e-04trmiss40_trlocglobal,32,1e-05,0.0001,1,32,1,False,0.1,lr1e-05_bs32_modL1_fusion32_fusionL1_fusionBN0_drop0p1__wd1e-04trmiss40_trlocglobal,49,0.6249502599239349,0.6707309782505035,0.625,0.7234189120691157,0.5777777777777777,0.0,0.0,0.0,0.0,0.0,0.0,0.0,0.0,0.0,,,,,18473,global,0.4
4,4,lr1e-05_bs32_modL1_fusion32_fusionL1_fusionBN0_drop0p1__wd1e-04trmiss40_trlocglobal,32,1e-05,0.0001,1,32,1,False,0.1,lr1e-05_bs32_modL1_fusion32_fusionL1_fusionBN0_drop0p1__wd1e-04trmiss40_trlocglobal,50,0.6206143299738566,0.670465350151062,0.625,0.7207974239836983,0.5777777777777777,0.0,0.0,0.0,0.0,0.0,0.0,0.0,0.0,0.0,,,,,18473,global,0.4
4,4,lr1e-05_bs32_modL1_fusion32_fusionL1_fusionBN0_drop0p1__wd1e-04trmiss40_trlocglobal,32,1e-05,0.0001,1,32,1,False,0.1,lr1e-05_bs32_modL1_fusion32_fusionL1_fusionBN0_drop0p1__wd1e-04trmiss40_trlocglobal,51,0.6209452946980795,0.6696445643901825,0.625,0.7205436258056717,0.5777777777777777,0.0,0.0,0.0,0.0,0.0,0.0,0.0,0.0,0.0,,,,,18473,global,0.4
4,4,lr1e-05_bs32_modL1_fusion32_fusionL1_fusionBN0_drop0p1__wd1e-04trmiss40_trlocglobal,32,1e-05,0.0001,1,32,1,False,0.1,lr1e-05_bs32_modL1_fusion32_fusionL1_fusionBN0_drop0p1__wd1e-04trmiss40_trlocglobal,52,0.6209652523199717,0.669395387172699,0.626984126984127,0.7264492150994186,0.5777777777777777,0.0,0.0,0.0,0.0,0.0,0.0,0.0,0.0,0.0,,,,,18473,global,0.4
4,4,lr1e-05_bs32_modL1_fusion32_fusionL1_fusionBN0_drop0p1__wd1e-04trmiss40_trlocglobal,32,1e-05,0.0001,1,32,1,False,0.1,lr1e-05_bs32_modL1_fusion32_fusionL1_fusionBN0_drop0p1__wd1e-04trmiss40_trlocglobal,53,0.6109636227289835,0.6690144240856171,0.6289682539682541,0.7277388976391013,0.5777777777777777,0.0,0.0,0.0,0.0,0.0,0.0,0.0,0.0,0.0,,,,,18473,global,0.4
4,4,lr1e-05_bs32_modL1_fusion32_fusionL1_fusionBN0_drop0p1__wd1e-04trmiss40_trlocglobal,32,1e-05,0.0001,1,32,1,False,0.1,lr1e-05_bs32_modL1_fusion32_fusionL1_fusionBN0_drop0p1__wd1e-04trmiss40_trlocglobal,54,0.6240939100583395,0.6688272058963776,0.628968253968254,0.7274107535609571,0.5555555555555556,0.0,0.0,0.0,0.0,0.0,0.0,0.0,0.0,0.0,,,,,18473,global,0.4
4,4,lr1e-05_bs32_modL1_fusion32_fusionL1_fusionBN0_drop0p1__wd1e-04trmiss40_trlocglobal,32,1e-05,0.0001,1,32,1,False,0.1,lr1e-05_bs32_modL1_fusion32_fusionL1_fusionBN0_drop0p1__wd1e-04trmiss40_trlocglobal,55,0.6152591506640116,0.6685220897197723,0.6329365079365079,0.7301624244047333,0.5777777777777777,0.0,0.0,0.0,0.0,0.0,0.0,0.0,0.0,0.0,,,,,18473,global,0.4
4,4,lr1e-05_bs32_modL1_fusion32_fusionL1_fusionBN0_drop0p1__wd1e-04trmiss40_trlocglobal,32,1e-05,0.0001,1,32,1,False,0.1,lr1e-05_bs32_modL1_fusion32_fusionL1_fusionBN0_drop0p1__wd1e-04trmiss40_trlocglobal,56,0.6160620252291361,0.6681155860424042,0.638888888888889,0.7334098623088561,0.5777777777777777,0.0,0.0,0.0,0.0,0.0,0.0,0.0,0.0,0.0,,,,,18473,global,0.4
4,4,lr1e-05_bs32_modL1_fusion32_fusionL1_fusionBN0_drop0p1__wd1e-04trmiss40_trlocglobal,32,1e-05,0.0001,1,32,1,False,0.1,lr1e-05_bs32_modL1_fusion32_fusionL1_fusionBN0_drop0p1__wd1e-04trmiss40_trlocglobal,57,0.6229675114154816,0.6680935025215149,0.6408730158730159,0.7347644876218147,0.5777777777777777,0.0,0.0,0.0,0.0,0.0,0.0,0.0,0.0,0.0,,,,,18473,global,0.4
4,4,lr1e-05_bs32_modL1_fusion32_fusionL1_fusionBN0_drop0p1__wd1e-04trmiss40_trlocglobal,32,1e-05,0.0001,1,32,1,False,0.1,lr1e-05_bs32_modL1_fusion32_fusionL1_fusionBN0_drop0p1__wd1e-04trmiss40_trlocglobal,58,0.6157227059205373,0.6684392988681793,0.6388888888888888,0.7350333758217373,0.5777777777777777,0.0,0.0,0.0,0.0,0.0,0.0,0.0,0.0,0.0,,,,,18473,global,0.4
4,4,lr1e-05_bs32_modL1_fusion32_fusionL1_fusionBN0_drop0p1__wd1e-04trmiss40_trlocglobal,32,1e-05,0.0001,1,32,1,False,0.1,lr1e-05_bs32_modL1_fusion32_fusionL1_fusionBN0_drop0p1__wd1e-04trmiss40_trlocglobal,59,0.6155524353186289,0.6686544418334961,0.6309523809523809,0.7320034653082743,0.5777777777777777,0.0,0.0,0.0,0.0,0.0,0.0,0.0,0.0,0.0,,,,,18473,global,0.4
4,4,lr1e-05_bs32_modL1_fusion32_fusionL1_fusionBN0_drop0p1__wd1e-04trmiss40_trlocglobal,32,1e-05,0.0001,1,32,1,False,0.1,lr1e-05_bs32_modL1_fusion32_fusionL1_fusionBN0_drop0p1__wd1e-04trmiss40_trlocglobal,60,0.6178998450438181,0.6682915091514587,0.6309523809523809,0.7340789803981727,0.5555555555555556,0.0,0.0,0.0,0.0,0.0,0.0,0.0,0.0,0.0,,,,,18473,global,0.4
4,4,lr1e-05_bs32_modL1_fusion32_fusionL1_fusionBN0_drop0p1__wd1e-04trmiss40_trlocglobal,32,1e-05,0.0001,1,32,1,False,0.1,lr1e-05_bs32_modL1_fusion32_fusionL1_fusionBN0_drop0p1__wd1e-04trmiss40_trlocglobal,61,0.6189985573291779,0.6677172183990479,0.632936507936508,0.7328247349080681,0.5777777777777777,0.0,0.0,0.0,0.0,0.0,0.0,0.0,0.0,0.0,,,,,18473,global,0.4
4,4,lr1e-05_bs32_modL1_fusion32_fusionL1_fusionBN0_drop0p1__wd1e-04trmiss40_trlocglobal,32,1e-05,0.0001,1,32,1,False,0.1,lr1e-05_bs32_modL1_fusion32_fusionL1_fusionBN0_drop0p1__wd1e-04trmiss40_trlocglobal,62,0.6170943478743235,0.6677374839782715,0.6329365079365079,0.7327084516038678,0.5777777777777777,0.0,0.0,0.0,0.0,0.0,0.0,0.0,0.0,0.0,,,,,18473,global,0.4
4,4,lr1e-05_bs32_modL1_fusion32_fusionL1_fusionBN0_drop0p1__wd1e-04trmiss40_trlocglobal,32,1e-05,0.0001,1,32,1,False,0.1,lr1e-05_bs32_modL1_fusion32_fusionL1_fusionBN0_drop0p1__wd1e-04trmiss40_trlocglobal,63,0.612730344136556,0.6675336360931396,0.634920634920635,0.7343244038777146,0.6,0.0,0.0,0.0,0.0,0.0,0.0,0.0,0.0,0.0,,,,,18473,global,0.4
4,4,lr1e-05_bs32_modL1_fusion32_fusionL1_fusionBN0_drop0p1__wd1e-04trmiss40_trlocglobal,32,1e-05,0.0001,1,32,1,False,0.1,lr1e-05_bs32_modL1_fusion32_fusionL1_fusionBN0_drop0p1__wd1e-04trmiss40_trlocglobal,64,0.615727961063385,0.6677052676677704,0.636904761904762,0.7360198635342312,0.5777777777777777,0.0,0.0,0.0,0.0,0.0,0.0,0.0,0.0,0.0,,,,,18473,global,0.4
4,4,lr1e-05_bs32_modL1_fusion32_fusionL1_fusionBN0_drop0p1__wd1e-04trmiss40_trlocglobal,32,1e-05,0.0001,1,32,1,False,0.1,lr1e-05_bs32_modL1_fusion32_fusionL1_fusionBN0_drop0p1__wd1e-04trmiss40_trlocglobal,65,0.6154221296310425,0.6674967110157013,0.632936507936508,0.7346825191047814,0.5777777777777777,0.0,0.0,0.0,0.0,0.0,0.0,0.0,0.0,0.0,,,,,18473,global,0.4
4,4,lr1e-05_bs32_modL1_fusion32_fusionL1_fusionBN0_drop0p1__wd1e-04trmiss40_trlocglobal,32,1e-05,0.0001,1,32,1,False,0.1,lr1e-05_bs32_modL1_fusion32_fusionL1_fusionBN0_drop0p1__wd1e-04trmiss40_trlocglobal,66,0.6101159254709879,0.6673790514469147,0.632936507936508,0.7330630159227784,0.5777777777777777,0.0,0.0,0.0,0.0,0.0,0.0,0.0,0.0,0.0,,,,,18473,global,0.4
4,4,lr1e-05_bs32_modL1_fusion32_fusionL1_fusionBN0_drop0p1__wd1e-04trmiss40_trlocglobal,32,1e-05,0.0001,1,32,1,False,0.1,lr1e-05_bs32_modL1_fusion32_fusionL1_fusionBN0_drop0p1__wd1e-04trmiss40_trlocglobal,67,0.6123390793800354,0.6675910353660583,0.6309523809523809,0.7301680764324441,0.5777777777777777,0.0,0.0,0.0,0.0,0.0,0.0,0.0,0.0,0.0,,,,,18473,global,0.4
4,4,lr1e-05_bs32_modL1_fusion32_fusionL1_fusionBN0_drop0p1__wd1e-04trmiss40_trlocglobal,32,1e-05,0.0001,1,32,1,False,0.1,lr1e-05_bs32_modL1_fusion32_fusionL1_fusionBN0_drop0p1__wd1e-04trmiss40_trlocglobal,68,0.6118292311827341,0.6676076352596283,0.6388888888888888,0.7345742342886159,0.5777777777777777,0.0,0.0,0.0,0.0,0.0,0.0,0.0,0.0,0.0,,,,,18473,global,0.4
4,4,lr1e-05_bs32_modL1_fusion32_fusionL1_fusionBN0_drop0p1__wd1e-04trmiss40_trlocglobal,32,1e-05,0.0001,1,32,1,False,0.1,lr1e-05_bs32_modL1_fusion32_fusionL1_fusionBN0_drop0p1__wd1e-04trmiss40_trlocglobal,69,0.6185530722141266,0.6667227745056152,0.6408730158730159,0.7364170237334924,0.6,0.0,0.0,0.0,0.0,0.0,0.0,0.0,0.0,0.0,,,,,18473,global,0.4
4,4,lr1e-05_bs32_modL1_fusion32_fusionL1_fusionBN0_drop0p1__wd1e-04trmiss40_trlocglobal,32,1e-05,0.0001,1,32,1,False,0.1,lr1e-05_bs32_modL1_fusion32_fusionL1_fusionBN0_drop0p1__wd1e-04trmiss40_trlocglobal,70,0.6196353534857432,0.6667407751083374,0.6428571428571429,0.7394639767804456,0.5777777777777777,0.0,0.0,0.0,0.0,0.0,0.0,0.0,0.0,0.0,,,,,18473,global,0.4
4,4,lr1e-05_bs32_modL1_fusion32_fusionL1_fusionBN0_drop0p1__wd1e-04trmiss40_trlocglobal,32,1e-05,0.0001,1,32,1,False,0.1,lr1e-05_bs32_modL1_fusion32_fusionL1_fusionBN0_drop0p1__wd1e-04trmiss40_trlocglobal,71,0.6142268081506094,0.6669902801513672,0.638888888888889,0.736002002914268,0.5777777777777777,0.0,0.0,0.0,0.0,0.0,0.0,0.0,0.0,0.0,,,,,18473,global,0.4
4,4,lr1e-05_bs32_modL1_fusion32_fusionL1_fusionBN0_drop0p1__wd1e-04trmiss40_trlocglobal,32,1e-05,0.0001,1,32,1,False,0.1,lr1e-05_bs32_modL1_fusion32_fusionL1_fusionBN0_drop0p1__wd1e-04trmiss40_trlocglobal,72,0.6172169943650564,0.667484849691391,0.6408730158730158,0.7378245668077021,0.5777777777777777,0.0,0.0,0.0,0.0,0.0,0.0,0.0,0.0,0.0,,,,,18473,global,0.4
4,4,lr1e-05_bs32_modL1_fusion32_fusionL1_fusionBN0_drop0p1__wd1e-04trmiss40_trlocglobal,32,1e-05,0.0001,1,32,1,False,0.1,lr1e-05_bs32_modL1_fusion32_fusionL1_fusionBN0_drop0p1__wd1e-04trmiss40_trlocglobal,73,0.6116072436173757,0.6669672727584839,0.6349206349206349,0.7341296377469466,0.5777777777777777,0.0,0.0,0.0,0.0,0.0,0.0,0.0,0.0,0.0,,,,,18473,global,0.4
4,4,lr1e-05_bs32_modL1_fusion32_fusionL1_fusionBN0_drop0p1__wd1e-04trmiss40_trlocglobal,32,1e-05,0.0001,1,32,1,False,0.1,lr1e-05_bs32_modL1_fusion32_fusionL1_fusionBN0_drop0p1__wd1e-04trmiss40_trlocglobal,74,0.6182957788308462,0.6670955717563629,0.6369047619047619,0.7348398650196739,0.5777777777777777,0.0,0.0,0.0,0.0,0.0,0.0,0.0,0.0,0.0,,,,,18473,global,0.4
4,4,lr1e-05_bs32_modL1_fusion32_fusionL1_fusionBN0_drop0p1__wd1e-04trmiss40_trlocglobal,32,1e-05,0.0001,1,32,1,False,0.1,lr1e-05_bs32_modL1_fusion32_fusionL1_fusionBN0_drop0p1__wd1e-04trmiss40_trlocglobal,75,0.6091472804546356,0.6667748987674713,0.6369047619047619,0.7376617345082102,0.5777777777777777,0.0,0.0,0.0,0.0,0.0,0.0,0.0,0.0,0.0,,,,,18473,global,0.4
4,4,lr1e-05_bs32_modL1_fusion32_fusionL1_fusionBN0_drop0p1__wd1e-04trmiss40_trlocglobal,32,1e-05,0.0001,1,32,1,False,0.1,lr1e-05_bs32_modL1_fusion32_fusionL1_fusionBN0_drop0p1__wd1e-04trmiss40_trlocglobal,76,0.6133146782716116,0.6666015386581421,0.6349206349206349,0.7371745679509971,0.5777777777777777,0.0,0.0,0.0,0.0,0.0,0.0,0.0,0.0,0.0,,,,,18473,global,0.4
4,4,lr1e-05_bs32_modL1_fusion32_fusionL1_fusionBN0_drop0p1__wd1e-04trmiss40_trlocglobal,32,1e-05,0.0001,1,32,1,False,0.1,lr1e-05_bs32_modL1_fusion32_fusionL1_fusionBN0_drop0p1__wd1e-04trmiss40_trlocglobal,77,0.6161258220672607,0.6672228872776031,0.6329365079365079,0.7334708642472934,0.5777777777777777,0.0,0.0,0.0,0.0,0.0,0.0,0.0,0.0,0.0,,,,,18473,global,0.4
4,4,lr1e-05_bs32_modL1_fusion32_fusionL1_fusionBN0_drop0p1__wd1e-04trmiss40_trlocglobal,32,1e-05,0.0001,1,32,1,False,0.1,lr1e-05_bs32_modL1_fusion32_fusionL1_fusionBN0_drop0p1__wd1e-04trmiss40_trlocglobal,78,0.6143004099527994,0.6676363348960876,0.634920634920635,0.7319937950146282,0.5777777777777777,0.0,0.0,0.0,0.0,0.0,0.0,0.0,0.0,0.0,,,,,18473,global,0.4
4,4,lr1e-05_bs32_modL1_fusion32_fusionL1_fusionBN0_drop0p1__wd1e-04trmiss40_trlocglobal,32,1e-05,0.0001,1,32,1,False,0.1,lr1e-05_bs32_modL1_fusion32_fusionL1_fusionBN0_drop0p1__wd1e-04trmiss40_trlocglobal,79,0.6086602409680685,0.6674900352954865,0.638888888888889,0.7356609753463956,0.5777777777777777,0.0,0.0,0.0,0.0,0.0,0.0,0.0,0.0,0.0,,,,,18473,global,0.4
4,4,lr1e-05_bs32_modL1_fusion32_fusionL1_fusionBN0_drop0p1__wd1e-04trmiss40_trlocglobal,32,1e-05,0.0001,1,32,1,False,0.1,lr1e-05_bs32_modL1_fusion32_fusionL1_fusionBN0_drop0p1__wd1e-04trmiss40_trlocglobal,80,0.6095029811064402,0.6673451364040375,0.634920634920635,0.733353702534737,0.5777777777777777,0.0,0.0,0.0,0.0,0.0,0.0,0.0,0.0,0.0,,,,,18473,global,0.4
4,5,lr1e-04_bs32_modL1_fusion16_fusionL1_fusionBN0_drop0p2__wd1e-04trmiss40_trlocglobal,32,0.0001,0.0001,1,16,1,False,0.2,lr1e-04_bs32_modL1_fusion16_fusionL1_fusionBN0_drop0p2__wd1e-04trmiss40_trlocglobal,1,0.6889008382956187,0.6812548339366913,0.6904761904761905,0.7319641239271607,0.5333333333333333,0.0,0.0,0.0,0.0,0.0,0.0,0.0,0.0,0.0,,,,,18473,global,0.4
4,5,lr1e-04_bs32_modL1_fusion16_fusionL1_fusionBN0_drop0p2__wd1e-04trmiss40_trlocglobal,32,0.0001,0.0001,1,16,1,False,0.2,lr1e-04_bs32_modL1_fusion16_fusionL1_fusionBN0_drop0p2__wd1e-04trmiss40_trlocglobal,2,0.6740928888320923,0.6778582334518433,0.6507936507936508,0.748063421719394,0.5333333333333333,0.0,0.0,0.0,0.0,0.0,0.0,0.0,0.0,0.0,,,,,18473,global,0.4
4,5,lr1e-04_bs32_modL1_fusion16_fusionL1_fusionBN0_drop0p2__wd1e-04trmiss40_trlocglobal,32,0.0001,0.0001,1,16,1,False,0.2,lr1e-04_bs32_modL1_fusion16_fusionL1_fusionBN0_drop0p2__wd1e-04trmiss40_trlocglobal,3,0.6714154581228892,0.6754245162010193,0.6408730158730159,0.7438127885966381,0.5333333333333333,0.0,0.0,0.0,0.0,0.0,0.0,0.0,0.0,0.0,,,,,18473,global,0.4
4,5,lr1e-04_bs32_modL1_fusion16_fusionL1_fusionBN0_drop0p2__wd1e-04trmiss40_trlocglobal,32,0.0001,0.0001,1,16,1,False,0.2,lr1e-04_bs32_modL1_fusion16_fusionL1_fusionBN0_drop0p2__wd1e-04trmiss40_trlocglobal,4,0.6514065464337667,0.6740133166313171,0.638888888888889,0.7350284439119783,0.5555555555555556,0.0,0.0,0.0,0.0,0.0,0.0,0.0,0.0,0.0,,,,,18473,global,0.4
4,5,lr1e-04_bs32_modL1_fusion16_fusionL1_fusionBN0_drop0p2__wd1e-04trmiss40_trlocglobal,32,0.0001,0.0001,1,16,1,False,0.2,lr1e-04_bs32_modL1_fusion16_fusionL1_fusionBN0_drop0p2__wd1e-04trmiss40_trlocglobal,5,0.6528403162956238,0.6731517016887665,0.6369047619047619,0.7252326589888197,0.5555555555555556,0.0,0.0,0.0,0.0,0.0,0.0,0.0,0.0,0.0,,,,,18473,global,0.4
4,5,lr1e-04_bs32_modL1_fusion16_fusionL1_fusionBN0_drop0p2__wd1e-04trmiss40_trlocglobal,32,0.0001,0.0001,1,16,1,False,0.2,lr1e-04_bs32_modL1_fusion16_fusionL1_fusionBN0_drop0p2__wd1e-04trmiss40_trlocglobal,6,0.6456611355145773,0.6721220910549164,0.636904761904762,0.7093415594964216,0.5555555555555556,0.0,0.0,0.0,0.0,0.0,0.0,0.0,0.0,0.0,,,,,18473,global,0.4
4,5,lr1e-04_bs32_modL1_fusion16_fusionL1_fusionBN0_drop0p2__wd1e-04trmiss40_trlocglobal,32,0.0001,0.0001,1,16,1,False,0.2,lr1e-04_bs32_modL1_fusion16_fusionL1_fusionBN0_drop0p2__wd1e-04trmiss40_trlocglobal,7,0.651354173819224,0.670904129743576,0.6468253968253969,0.7159222471184925,0.5555555555555556,0.0,0.0,0.0,0.0,0.0,0.0,0.0,0.0,0.0,,,,,18473,global,0.4
4,5,lr1e-04_bs32_modL1_fusion16_fusionL1_fusionBN0_drop0p2__wd1e-04trmiss40_trlocglobal,32,0.0001,0.0001,1,16,1,False,0.2,lr1e-04_bs32_modL1_fusion16_fusionL1_fusionBN0_drop0p2__wd1e-04trmiss40_trlocglobal,8,0.6351399819056193,0.667904794216156,0.6626984126984128,0.7208865157757404,0.5555555555555556,0.0,0.0,0.0,0.0,0.0,0.0,0.0,0.0,0.0,,,,,18473,global,0.4
4,5,lr1e-04_bs32_modL1_fusion16_fusionL1_fusionBN0_drop0p2__wd1e-04trmiss40_trlocglobal,32,0.0001,0.0001,1,16,1,False,0.2,lr1e-04_bs32_modL1_fusion16_fusionL1_fusionBN0_drop0p2__wd1e-04trmiss40_trlocglobal,9,0.6259288390477499,0.6667863428592682,0.6706349206349207,0.7274503878551734,0.5555555555555556,0.0,0.0,0.0,0.0,0.0,0.0,0.0,0.0,0.0,,,,,18473,global,0.4
4,5,lr1e-04_bs32_modL1_fusion16_fusionL1_fusionBN0_drop0p2__wd1e-04trmiss40_trlocglobal,32,0.0001,0.0001,1,16,1,False,0.2,lr1e-04_bs32_modL1_fusion16_fusionL1_fusionBN0_drop0p2__wd1e-04trmiss40_trlocglobal,10,0.6233436465263367,0.6684060096740723,0.648809523809524,0.7018631777315063,0.5555555555555556,0.0,0.0,0.0,0.0,0.0,0.0,0.0,0.0,0.0,,,,,18473,global,0.4
4,5,lr1e-04_bs32_modL1_fusion16_fusionL1_fusionBN0_drop0p2__wd1e-04trmiss40_trlocglobal,32,0.0001,0.0001,1,16,1,False,0.2,lr1e-04_bs32_modL1_fusion16_fusionL1_fusionBN0_drop0p2__wd1e-04trmiss40_trlocglobal,11,0.6176039675871531,0.6689023971557617,0.6408730158730159,0.7034910617907146,0.5555555555555556,0.0,0.0,0.0,0.0,0.0,0.0,0.0,0.0,0.0,,,,,18473,global,0.4
4,5,lr1e-04_bs32_modL1_fusion16_fusionL1_fusionBN0_drop0p2__wd1e-04trmiss40_trlocglobal,32,0.0001,0.0001,1,16,1,False,0.2,lr1e-04_bs32_modL1_fusion16_fusionL1_fusionBN0_drop0p2__wd1e-04trmiss40_trlocglobal,12,0.6128200590610504,0.6700442731380463,0.628968253968254,0.6894636759129044,0.5555555555555556,0.0,0.0,0.0,0.0,0.0,0.0,0.0,0.0,0.0,,,,,18473,global,0.4
4,5,lr1e-04_bs32_modL1_fusion16_fusionL1_fusionBN0_drop0p2__wd1e-04trmiss40_trlocglobal,32,0.0001,0.0001,1,16,1,False,0.2,lr1e-04_bs32_modL1_fusion16_fusionL1_fusionBN0_drop0p2__wd1e-04trmiss40_trlocglobal,13,0.6068950295448303,0.6687782406806946,0.630952380952381,0.6960963798675897,0.5555555555555556,0.0,0.0,0.0,0.0,0.0,0.0,0.0,0.0,0.0,,,,,18473,global,0.4
4,5,lr1e-04_bs32_modL1_fusion16_fusionL1_fusionBN0_drop0p2__wd1e-04trmiss40_trlocglobal,32,0.0001,0.0001,1,16,1,False,0.2,lr1e-04_bs32_modL1_fusion16_fusionL1_fusionBN0_drop0p2__wd1e-04trmiss40_trlocglobal,14,0.6056881646315256,0.6686839163303375,0.628968253968254,0.6985645289471089,0.5555555555555556,0.0,0.0,0.0,0.0,0.0,0.0,0.0,0.0,0.0,,,,,18473,global,0.4
4,5,lr1e-04_bs32_modL1_fusion16_fusionL1_fusionBN0_drop0p2__wd1e-04trmiss40_trlocglobal,32,0.0001,0.0001,1,16,1,False,0.2,lr1e-04_bs32_modL1_fusion16_fusionL1_fusionBN0_drop0p2__wd1e-04trmiss40_trlocglobal,15,0.6034902334213257,0.6690637767314911,0.638888888888889,0.7047571384691392,0.5555555555555556,0.0,0.0,0.0,0.0,0.0,0.0,0.0,0.0,0.0,,,,,18473,global,0.4
4,5,lr1e-04_bs32_modL1_fusion16_fusionL1_fusionBN0_drop0p2__wd1e-04trmiss40_trlocglobal,32,0.0001,0.0001,1,16,1,False,0.2,lr1e-04_bs32_modL1_fusion16_fusionL1_fusionBN0_drop0p2__wd1e-04trmiss40_trlocglobal,16,0.5960941712061564,0.6678342521190643,0.636904761904762,0.7021761991886504,0.5555555555555556,0.0,0.0,0.0,0.0,0.0,0.0,0.0,0.0,0.0,,,,,18473,global,0.4
4,5,lr1e-04_bs32_modL1_fusion16_fusionL1_fusionBN0_drop0p2__wd1e-04trmiss40_trlocglobal,32,0.0001,0.0001,1,16,1,False,0.2,lr1e-04_bs32_modL1_fusion16_fusionL1_fusionBN0_drop0p2__wd1e-04trmiss40_trlocglobal,17,0.5944033265113831,0.6668727695941925,0.6468253968253967,0.695654582046057,0.5333333333333333,0.0,0.0,0.0,0.0,0.0,0.0,0.0,0.0,0.0,,,,,18473,global,0.4
4,5,lr1e-04_bs32_modL1_fusion16_fusionL1_fusionBN0_drop0p2__wd1e-04trmiss40_trlocglobal,32,0.0001,0.0001,1,16,1,False,0.2,lr1e-04_bs32_modL1_fusion16_fusionL1_fusionBN0_drop0p2__wd1e-04trmiss40_trlocglobal,18,0.5849283138910929,0.6653526127338409,0.6488095238095238,0.6995008549610631,0.5333333333333333,0.0,0.0,0.0,0.0,0.0,0.0,0.0,0.0,0.0,,,,,18473,global,0.4
4,5,lr1e-04_bs32_modL1_fusion16_fusionL1_fusionBN0_drop0p2__wd1e-04trmiss40_trlocglobal,32,0.0001,0.0001,1,16,1,False,0.2,lr1e-04_bs32_modL1_fusion16_fusionL1_fusionBN0_drop0p2__wd1e-04trmiss40_trlocglobal,19,0.5811022520065308,0.6651369333267212,0.6507936507936508,0.7099556122235678,0.5333333333333333,0.0,0.0,0.0,0.0,0.0,0.0,0.0,0.0,0.0,,,,,18473,global,0.4
4,5,lr1e-04_bs32_modL1_fusion16_fusionL1_fusionBN0_drop0p2__wd1e-04trmiss40_trlocglobal,32,0.0001,0.0001,1,16,1,False,0.2,lr1e-04_bs32_modL1_fusion16_fusionL1_fusionBN0_drop0p2__wd1e-04trmiss40_trlocglobal,20,0.5743507643540701,0.6633692681789398,0.6468253968253969,0.7120176283533495,0.5333333333333333,0.0,0.0,0.0,0.0,0.0,0.0,0.0,0.0,0.0,,,,,18473,global,0.4
4,5,lr1e-04_bs32_modL1_fusion16_fusionL1_fusionBN0_drop0p2__wd1e-04trmiss40_trlocglobal,32,0.0001,0.0001,1,16,1,False,0.2,lr1e-04_bs32_modL1_fusion16_fusionL1_fusionBN0_drop0p2__wd1e-04trmiss40_trlocglobal,21,0.5622116724650065,0.6631149649620056,0.6468253968253969,0.7148383309052004,0.5333333333333333,0.0,0.0,0.0,0.0,0.0,0.0,0.0,0.0,0.0,,,,,18473,global,0.4
4,5,lr1e-04_bs32_modL1_fusion16_fusionL1_fusionBN0_drop0p2__wd1e-04trmiss40_trlocglobal,32,0.0001,0.0001,1,16,1,False,0.2,lr1e-04_bs32_modL1_fusion16_fusionL1_fusionBN0_drop0p2__wd1e-04trmiss40_trlocglobal,22,0.580487976471583,0.6634602844715118,0.6428571428571428,0.715914114587892,0.5333333333333333,0.0,0.0,0.0,0.0,0.0,0.0,0.0,0.0,0.0,,,,,18473,global,0.4
4,5,lr1e-04_bs32_modL1_fusion16_fusionL1_fusionBN0_drop0p2__wd1e-04trmiss40_trlocglobal,32,0.0001,0.0001,1,16,1,False,0.2,lr1e-04_bs32_modL1_fusion16_fusionL1_fusionBN0_drop0p2__wd1e-04trmiss40_trlocglobal,23,0.5662170151869456,0.6624572575092316,0.6527777777777778,0.7208981898788618,0.5333333333333333,0.0,0.0,0.0,0.0,0.0,0.0,0.0,0.0,0.0,,,,,18473,global,0.4
4,5,lr1e-04_bs32_modL1_fusion16_fusionL1_fusionBN0_drop0p2__wd1e-04trmiss40_trlocglobal,32,0.0001,0.0001,1,16,1,False,0.2,lr1e-04_bs32_modL1_fusion16_fusionL1_fusionBN0_drop0p2__wd1e-04trmiss40_trlocglobal,24,0.564584215482076,0.6619546711444855,0.6408730158730158,0.7156318405544029,0.5111111111111111,0.0,0.0,0.0,0.0,0.0,0.0,0.0,0.0,0.0,,,,,18473,global,0.4
4,5,lr1e-04_bs32_modL1_fusion16_fusionL1_fusionBN0_drop0p2__wd1e-04trmiss40_trlocglobal,32,0.0001,0.0001,1,16,1,False,0.2,lr1e-04_bs32_modL1_fusion16_fusionL1_fusionBN0_drop0p2__wd1e-04trmiss40_trlocglobal,25,0.5612197319666544,0.6612058281898499,0.6428571428571428,0.7160486603259053,0.5111111111111111,0.0,0.0,0.0,0.0,0.0,0.0,0.0,0.0,0.0,,,,,18473,global,0.4
4,5,lr1e-04_bs32_modL1_fusion16_fusionL1_fusionBN0_drop0p2__wd1e-04trmiss40_trlocglobal,32,0.0001,0.0001,1,16,1,False,0.2,lr1e-04_bs32_modL1_fusion16_fusionL1_fusionBN0_drop0p2__wd1e-04trmiss40_trlocglobal,26,0.5485836664835612,0.6619373559951782,0.6507936507936508,0.7184445786182365,0.5111111111111111,0.0,0.0,0.0,0.0,0.0,0.0,0.0,0.0,0.0,,,,,18473,global,0.4
4,5,lr1e-04_bs32_modL1_fusion16_fusionL1_fusionBN0_drop0p2__wd1e-04trmiss40_trlocglobal,32,0.0001,0.0001,1,16,1,False,0.2,lr1e-04_bs32_modL1_fusion16_fusionL1_fusionBN0_drop0p2__wd1e-04trmiss40_trlocglobal,27,0.5483181377251943,0.6621133089065552,0.6646825396825397,0.7283046553422561,0.5111111111111111,0.0,0.0,0.0,0.0,0.0,0.0,0.0,0.0,0.0,,,,,18473,global,0.4
4,5,lr1e-04_bs32_modL1_fusion16_fusionL1_fusionBN0_drop0p2__wd1e-04trmiss40_trlocglobal,32,0.0001,0.0001,1,16,1,False,0.2,lr1e-04_bs32_modL1_fusion16_fusionL1_fusionBN0_drop0p2__wd1e-04trmiss40_trlocglobal,28,0.5497549176216125,0.6614053547382355,0.6527777777777777,0.7174984964169022,0.5111111111111111,0.0,0.0,0.0,0.0,0.0,0.0,0.0,0.0,0.0,,,,,18473,global,0.4
4,5,lr1e-04_bs32_modL1_fusion16_fusionL1_fusionBN0_drop0p2__wd1e-04trmiss40_trlocglobal,32,0.0001,0.0001,1,16,1,False,0.2,lr1e-04_bs32_modL1_fusion16_fusionL1_fusionBN0_drop0p2__wd1e-04trmiss40_trlocglobal,29,0.544263963898023,0.6615870296955109,0.6408730158730158,0.7172179362409976,0.5111111111111111,0.0,0.0,0.0,0.0,0.0,0.0,0.0,0.0,0.0,,,,,18473,global,0.4
4,5,lr1e-04_bs32_modL1_fusion16_fusionL1_fusionBN0_drop0p1__wd1e-04trmiss40_trlocglobal,32,0.0001,0.0001,1,16,1,False,0.1,lr1e-04_bs32_modL1_fusion16_fusionL1_fusionBN0_drop0p1__wd1e-04trmiss40_trlocglobal,1,0.6923250555992126,0.6917704939842224,0.48214285714285715,0.5568326117238492,0.4444444444444444,0.0,0.0,0.0,0.0,0.0,0.0,0.0,0.0,0.0,,,,,18473,global,0.4
4,5,lr1e-04_bs32_modL1_fusion16_fusionL1_fusionBN0_drop0p1__wd1e-04trmiss40_trlocglobal,32,0.0001,0.0001,1,16,1,False,0.1,lr1e-04_bs32_modL1_fusion16_fusionL1_fusionBN0_drop0p1__wd1e-04trmiss40_trlocglobal,2,0.6658830940723419,0.69315966963768,0.5,0.5659879524871775,0.4222222222222222,0.0,0.0,0.0,0.0,0.0,0.0,0.0,0.0,0.0,,,,,18473,global,0.4
4,5,lr1e-04_bs32_modL1_fusion16_fusionL1_fusionBN0_drop0p1__wd1e-04trmiss40_trlocglobal,32,0.0001,0.0001,1,16,1,False,0.1,lr1e-04_bs32_modL1_fusion16_fusionL1_fusionBN0_drop0p1__wd1e-04trmiss40_trlocglobal,3,0.6533045073350271,0.6923160552978516,0.5059523809523809,0.5471543090470619,0.4222222222222222,0.0,0.0,0.0,0.0,0.0,0.0,0.0,0.0,0.0,,,,,18473,global,0.4
4,5,lr1e-04_bs32_modL1_fusion16_fusionL1_fusionBN0_drop0p1__wd1e-04trmiss40_trlocglobal,32,0.0001,0.0001,1,16,1,False,0.1,lr1e-04_bs32_modL1_fusion16_fusionL1_fusionBN0_drop0p1__wd1e-04trmiss40_trlocglobal,4,0.6347759962081909,0.691156655550003,0.5178571428571428,0.5579752895174025,0.4444444444444444,0.0,0.0,0.0,0.0,0.0,0.0,0.0,0.0,0.0,,,,,18473,global,0.4
4,5,lr1e-04_bs32_modL1_fusion16_fusionL1_fusionBN0_drop0p1__wd1e-04trmiss40_trlocglobal,32,0.0001,0.0001,1,16,1,False,0.1,lr1e-04_bs32_modL1_fusion16_fusionL1_fusionBN0_drop0p1__wd1e-04trmiss40_trlocglobal,5,0.6303315659364065,0.6898228526115417,0.5257936507936508,0.5607669207710435,0.4888888888888889,0.0,0.0,0.0,0.0,0.0,0.0,0.0,0.0,0.0,,,,,18473,global,0.4
4,5,lr1e-04_bs32_modL1_fusion16_fusionL1_fusionBN0_drop0p1__wd1e-04trmiss40_trlocglobal,32,0.0001,0.0001,1,16,1,False,0.1,lr1e-04_bs32_modL1_fusion16_fusionL1_fusionBN0_drop0p1__wd1e-04trmiss40_trlocglobal,6,0.6158290902773539,0.6891379952430725,0.5277777777777778,0.5523432637768367,0.4666666666666667,0.0,0.0,0.0,0.0,0.0,0.0,0.0,0.0,0.0,,,,,18473,global,0.4
4,5,lr1e-04_bs32_modL1_fusion16_fusionL1_fusionBN0_drop0p1__wd1e-04trmiss40_trlocglobal,32,0.0001,0.0001,1,16,1,False,0.1,lr1e-04_bs32_modL1_fusion16_fusionL1_fusionBN0_drop0p1__wd1e-04trmiss40_trlocglobal,7,0.6084118286768595,0.6881573796272278,0.5416666666666667,0.561215060272188,0.5111111111111111,0.0,0.0,0.0,0.0,0.0,0.0,0.0,0.0,0.0,,,,,18473,global,0.4
4,5,lr1e-04_bs32_modL1_fusion16_fusionL1_fusionBN0_drop0p1__wd1e-04trmiss40_trlocglobal,32,0.0001,0.0001,1,16,1,False,0.1,lr1e-04_bs32_modL1_fusion16_fusionL1_fusionBN0_drop0p1__wd1e-04trmiss40_trlocglobal,8,0.596856693426768,0.6876071691513062,0.5297619047619048,0.5516846600631308,0.5555555555555556,0.0,0.0,0.0,0.0,0.0,0.0,0.0,0.0,0.0,,,,,18473,global,0.4
4,5,lr1e-04_bs32_modL1_fusion16_fusionL1_fusionBN0_drop0p1__wd1e-04trmiss40_trlocglobal,32,0.0001,0.0001,1,16,1,False,0.1,lr1e-04_bs32_modL1_fusion16_fusionL1_fusionBN0_drop0p1__wd1e-04trmiss40_trlocglobal,9,0.5927786032358805,0.6868947744369507,0.5297619047619048,0.56068065574815,0.5333333333333333,0.0,0.0,0.0,0.0,0.0,0.0,0.0,0.0,0.0,,,,,18473,global,0.4
4,5,lr1e-04_bs32_modL1_fusion16_fusionL1_fusionBN0_drop0p1__wd1e-04trmiss40_trlocglobal,32,0.0001,0.0001,1,16,1,False,0.1,lr1e-04_bs32_modL1_fusion16_fusionL1_fusionBN0_drop0p1__wd1e-04trmiss40_trlocglobal,10,0.5875702798366547,0.686421662569046,0.5337301587301587,0.5551766660598183,0.5555555555555556,0.0,0.0,0.0,0.0,0.0,0.0,0.0,0.0,0.0,,,,,18473,global,0.4
4,5,lr1e-04_bs32_modL1_fusion16_fusionL1_fusionBN0_drop0p1__wd1e-04trmiss40_trlocglobal,32,0.0001,0.0001,1,16,1,False,0.1,lr1e-04_bs32_modL1_fusion16_fusionL1_fusionBN0_drop0p1__wd1e-04trmiss40_trlocglobal,11,0.5824939807256063,0.687006026506424,0.5357142857142858,0.561375388838106,0.5333333333333333,0.0,0.0,0.0,0.0,0.0,0.0,0.0,0.0,0.0,,,,,18473,global,0.4
4,5,lr1e-04_bs32_modL1_fusion16_fusionL1_fusionBN0_drop0p1__wd1e-04trmiss40_trlocglobal,32,0.0001,0.0001,1,16,1,False,0.1,lr1e-04_bs32_modL1_fusion16_fusionL1_fusionBN0_drop0p1__wd1e-04trmiss40_trlocglobal,12,0.569043904542923,0.6866161227226257,0.5595238095238095,0.560241341613517,0.5555555555555556,0.0,0.0,0.0,0.0,0.0,0.0,0.0,0.0,0.0,,,,,18473,global,0.4
4,5,lr1e-04_bs32_modL1_fusion16_fusionL1_fusionBN0_drop0p1__wd1e-04trmiss40_trlocglobal,32,0.0001,0.0001,1,16,1,False,0.1,lr1e-04_bs32_modL1_fusion16_fusionL1_fusionBN0_drop0p1__wd1e-04trmiss40_trlocglobal,13,0.5661136408646902,0.6851558983325958,0.5634920634920635,0.5586160572791223,0.5555555555555556,0.0,0.0,0.0,0.0,0.0,0.0,0.0,0.0,0.0,,,,,18473,global,0.4
4,5,lr1e-04_bs32_modL1_fusion16_fusionL1_fusionBN0_drop0p1__wd1e-04trmiss40_trlocglobal,32,0.0001,0.0001,1,16,1,False,0.1,lr1e-04_bs32_modL1_fusion16_fusionL1_fusionBN0_drop0p1__wd1e-04trmiss40_trlocglobal,14,0.5527115265528361,0.6849510371685028,0.5595238095238095,0.5569683814308697,0.5777777777777777,0.0,0.0,0.0,0.0,0.0,0.0,0.0,0.0,0.0,,,,,18473,global,0.4
4,5,lr1e-04_bs32_modL1_fusion16_fusionL1_fusionBN0_drop0p1__wd1e-04trmiss40_trlocglobal,32,0.0001,0.0001,1,16,1,False,0.1,lr1e-04_bs32_modL1_fusion16_fusionL1_fusionBN0_drop0p1__wd1e-04trmiss40_trlocglobal,15,0.5414783358573914,0.6844722628593445,0.5555555555555556,0.5574276826899077,0.6,0.0,0.0,0.0,0.0,0.0,0.0,0.0,0.0,0.0,,,,,18473,global,0.4
4,5,lr1e-04_bs32_modL1_fusion16_fusionL1_fusionBN0_drop0p1__wd1e-04trmiss40_trlocglobal,32,0.0001,0.0001,1,16,1,False,0.1,lr1e-04_bs32_modL1_fusion16_fusionL1_fusionBN0_drop0p1__wd1e-04trmiss40_trlocglobal,16,0.5421000520388285,0.6842106878757477,0.5476190476190477,0.5453305567697572,0.6222222222222222,0.0,0.0,0.0,0.0,0.0,0.0,0.0,0.0,0.0,,,,,18473,global,0.4
4,5,lr1e-04_bs32_modL1_fusion16_fusionL1_fusionBN0_drop0p1__wd1e-04trmiss40_trlocglobal,32,0.0001,0.0001,1,16,1,False,0.1,lr1e-04_bs32_modL1_fusion16_fusionL1_fusionBN0_drop0p1__wd1e-04trmiss40_trlocglobal,17,0.536639928817749,0.6832353174686432,0.5555555555555556,0.549556162072939,0.6222222222222222,0.0,0.0,0.0,0.0,0.0,0.0,0.0,0.0,0.0,,,,,18473,global,0.4
4,5,lr1e-04_bs32_modL1_fusion16_fusionL1_fusionBN0_drop0p1__wd1e-04trmiss40_trlocglobal,32,0.0001,0.0001,1,16,1,False,0.1,lr1e-04_bs32_modL1_fusion16_fusionL1_fusionBN0_drop0p1__wd1e-04trmiss40_trlocglobal,18,0.536393791437149,0.6834892332553864,0.5555555555555556,0.5541342725735744,0.6444444444444445,0.0,0.0,0.0,0.0,0.0,0.0,0.0,0.0,0.0,,,,,18473,global,0.4
4,5,lr1e-04_bs32_modL1_fusion16_fusionL1_fusionBN0_drop0p1__wd1e-04trmiss40_trlocglobal,32,0.0001,0.0001,1,16,1,False,0.1,lr1e-04_bs32_modL1_fusion16_fusionL1_fusionBN0_drop0p1__wd1e-04trmiss40_trlocglobal,19,0.5326076745986938,0.6846840977668762,0.5535714285714286,0.5510732417459504,0.5777777777777777,0.0,0.0,0.0,0.0,0.0,0.0,0.0,0.0,0.0,,,,,18473,global,0.4
4,5,lr1e-04_bs32_modL1_fusion16_fusionL1_fusionBN0_drop0p1__wd1e-04trmiss40_trlocglobal,32,0.0001,0.0001,1,16,1,False,0.1,lr1e-04_bs32_modL1_fusion16_fusionL1_fusionBN0_drop0p1__wd1e-04trmiss40_trlocglobal,20,0.5207879344622294,0.6834514141082764,0.5555555555555556,0.5585833918975923,0.5777777777777777,0.0,0.0,0.0,0.0,0.0,0.0,0.0,0.0,0.0,,,,,18473,global,0.4
4,5,lr1e-04_bs32_modL1_fusion16_fusionL1_fusionBN0_drop0p1__wd1e-04trmiss40_trlocglobal,32,0.0001,0.0001,1,16,1,False,0.1,lr1e-04_bs32_modL1_fusion16_fusionL1_fusionBN0_drop0p1__wd1e-04trmiss40_trlocglobal,21,0.5134777327378591,0.68266561627388,0.5436507936507937,0.5526046089523813,0.6,0.0,0.0,0.0,0.0,0.0,0.0,0.0,0.0,0.0,,,,,18473,global,0.4
4,5,lr1e-04_bs32_modL1_fusion16_fusionL1_fusionBN0_drop0p1__wd1e-04trmiss40_trlocglobal,32,0.0001,0.0001,1,16,1,False,0.1,lr1e-04_bs32_modL1_fusion16_fusionL1_fusionBN0_drop0p1__wd1e-04trmiss40_trlocglobal,22,0.5013990898927053,0.6816485226154327,0.5476190476190477,0.5594359954112242,0.6,0.0,0.0,0.0,0.0,0.0,0.0,0.0,0.0,0.0,,,,,18473,global,0.4
4,5,lr1e-04_bs32_modL1_fusion16_fusionL1_fusionBN0_drop0p1__wd1e-04trmiss40_trlocglobal,32,0.0001,0.0001,1,16,1,False,0.1,lr1e-04_bs32_modL1_fusion16_fusionL1_fusionBN0_drop0p1__wd1e-04trmiss40_trlocglobal,23,0.5003922879695892,0.6790332198143005,0.5575396825396826,0.5712622724494201,0.6,0.0,0.0,0.0,0.0,0.0,0.0,0.0,0.0,0.0,,,,,18473,global,0.4
4,5,lr1e-04_bs32_modL1_fusion16_fusionL1_fusionBN0_drop0p1__wd1e-04trmiss40_trlocglobal,32,0.0001,0.0001,1,16,1,False,0.1,lr1e-04_bs32_modL1_fusion16_fusionL1_fusionBN0_drop0p1__wd1e-04trmiss40_trlocglobal,24,0.4965141216913859,0.67595174908638,0.5714285714285714,0.5770564060313825,0.6,0.0,0.0,0.0,0.0,0.0,0.0,0.0,0.0,0.0,,,,,18473,global,0.4
4,5,lr1e-04_bs32_modL1_fusion16_fusionL1_fusionBN0_drop0p1__wd1e-04trmiss40_trlocglobal,32,0.0001,0.0001,1,16,1,False,0.1,lr1e-04_bs32_modL1_fusion16_fusionL1_fusionBN0_drop0p1__wd1e-04trmiss40_trlocglobal,25,0.4909073164065679,0.6756720244884491,0.5793650793650793,0.6062400517453097,0.6,0.0,0.0,0.0,0.0,0.0,0.0,0.0,0.0,0.0,,,,,18473,global,0.4
4,5,lr1e-04_bs32_modL1_fusion16_fusionL1_fusionBN0_drop0p1__wd1e-04trmiss40_trlocglobal,32,0.0001,0.0001,1,16,1,False,0.1,lr1e-04_bs32_modL1_fusion16_fusionL1_fusionBN0_drop0p1__wd1e-04trmiss40_trlocglobal,26,0.4840533683697383,0.6749295592308044,0.5793650793650794,0.6033575561544807,0.6222222222222222,0.0,0.0,0.0,0.0,0.0,0.0,0.0,0.0,0.0,,,,,18473,global,0.4
4,5,lr1e-04_bs32_modL1_fusion16_fusionL1_fusionBN0_drop0p1__wd1e-04trmiss40_trlocglobal,32,0.0001,0.0001,1,16,1,False,0.1,lr1e-04_bs32_modL1_fusion16_fusionL1_fusionBN0_drop0p1__wd1e-04trmiss40_trlocglobal,27,0.47911947468916577,0.6729921996593475,0.5734126984126984,0.598145931780996,0.6222222222222222,0.0,0.0,0.0,0.0,0.0,0.0,0.0,0.0,0.0,,,,,18473,global,0.4
4,5,lr1e-04_bs32_modL1_fusion16_fusionL1_fusionBN0_drop0p1__wd1e-04trmiss40_trlocglobal,32,0.0001,0.0001,1,16,1,False,0.1,lr1e-04_bs32_modL1_fusion16_fusionL1_fusionBN0_drop0p1__wd1e-04trmiss40_trlocglobal,28,0.468273068467776,0.6727354824542999,0.5714285714285714,0.5965836493976351,0.6222222222222222,0.0,0.0,0.0,0.0,0.0,0.0,0.0,0.0,0.0,,,,,18473,global,0.4
4,5,lr1e-04_bs32_modL1_fusion16_fusionL1_fusionBN0_drop0p1__wd1e-04trmiss40_trlocglobal,32,0.0001,0.0001,1,16,1,False,0.1,lr1e-04_bs32_modL1_fusion16_fusionL1_fusionBN0_drop0p1__wd1e-04trmiss40_trlocglobal,29,0.46131042142709094,0.674587070941925,0.5694444444444444,0.595091621084117,0.6,0.0,0.0,0.0,0.0,0.0,0.0,0.0,0.0,0.0,,,,,18473,global,0.4
4,5,lr1e-04_bs32_modL1_fusion16_fusionL1_fusionBN0_drop0p1__wd1e-04trmiss40_trlocglobal,32,0.0001,0.0001,1,16,1,False,0.1,lr1e-04_bs32_modL1_fusion16_fusionL1_fusionBN0_drop0p1__wd1e-04trmiss40_trlocglobal,30,0.4578071782986323,0.6755322515964508,0.5714285714285714,0.5989755369960745,0.6,0.0,0.0,0.0,0.0,0.0,0.0,0.0,0.0,0.0,,,,,18473,global,0.4
4,5,lr1e-04_bs32_modL1_fusion16_fusionL1_fusionBN0_drop0p1__wd1e-04trmiss40_trlocglobal,32,0.0001,0.0001,1,16,1,False,0.1,lr1e-04_bs32_modL1_fusion16_fusionL1_fusionBN0_drop0p1__wd1e-04trmiss40_trlocglobal,31,0.45984044174353284,0.6750481128692627,0.5654761904761905,0.5939361677281192,0.6222222222222222,0.0,0.0,0.0,0.0,0.0,0.0,0.0,0.0,0.0,,,,,18473,global,0.4
4,5,lr1e-04_bs32_modL1_fusion16_fusionL1_fusionBN0_drop0p1__wd1e-04trmiss40_trlocglobal,32,0.0001,0.0001,1,16,1,False,0.1,lr1e-04_bs32_modL1_fusion16_fusionL1_fusionBN0_drop0p1__wd1e-04trmiss40_trlocglobal,32,0.45101847251256305,0.6764452159404755,0.5555555555555556,0.5882438158991329,0.6222222222222222,0.0,0.0,0.0,0.0,0.0,0.0,0.0,0.0,0.0,,,,,18473,global,0.4
4,5,lr1e-04_bs32_modL1_fusion16_fusionL1_fusionBN0_drop0p1__wd1e-04trmiss40_trlocglobal,32,0.0001,0.0001,1,16,1,False,0.1,lr1e-04_bs32_modL1_fusion16_fusionL1_fusionBN0_drop0p1__wd1e-04trmiss40_trlocglobal,33,0.4486347834269206,0.6761839091777802,0.5575396825396826,0.5898370339644426,0.6444444444444445,0.0,0.0,0.0,0.0,0.0,0.0,0.0,0.0,0.0,,,,,18473,global,0.4
4,5,lr1e-04_bs32_modL1_fusion16_fusionL1_fusionBN0_drop0p1__wd1e-04trmiss40_trlocglobal,32,0.0001,0.0001,1,16,1,False,0.1,lr1e-04_bs32_modL1_fusion16_fusionL1_fusionBN0_drop0p1__wd1e-04trmiss40_trlocglobal,34,0.44552386303742725,0.6728039085865021,0.5654761904761905,0.5920423047343863,0.6222222222222222,0.0,0.0,0.0,0.0,0.0,0.0,0.0,0.0,0.0,,,,,18473,global,0.4
4,5,lr1e-04_bs32_modL1_fusion16_fusionL1_fusionBN0_drop0p1__wd1e-04trmiss40_trlocglobal,32,0.0001,0.0001,1,16,1,False,0.1,lr1e-04_bs32_modL1_fusion16_fusionL1_fusionBN0_drop0p1__wd1e-04trmiss40_trlocglobal,35,0.43373601138591766,0.6723386645317078,0.5654761904761905,0.5920423047343863,0.6222222222222222,0.0,0.0,0.0,0.0,0.0,0.0,0.0,0.0,0.0,,,,,18473,global,0.4
4,5,lr1e-04_bs32_modL1_fusion16_fusionL1_fusionBN0_drop0p1__wd1e-04trmiss40_trlocglobal,32,0.0001,0.0001,1,16,1,False,0.1,lr1e-04_bs32_modL1_fusion16_fusionL1_fusionBN0_drop0p1__wd1e-04trmiss40_trlocglobal,36,0.4383018910884857,0.6737684607505798,0.5734126984126984,0.596408845009938,0.6222222222222222,0.0,0.0,0.0,0.0,0.0,0.0,0.0,0.0,0.0,,,,,18473,global,0.4
4,5,lr1e-04_bs32_modL1_fusion16_fusionL1_fusionBN0_drop0p1__wd1e-04trmiss40_trlocglobal,32,0.0001,0.0001,1,16,1,False,0.1,lr1e-04_bs32_modL1_fusion16_fusionL1_fusionBN0_drop0p1__wd1e-04trmiss40_trlocglobal,37,0.43922947347164154,0.6753770411014557,0.5714285714285714,0.5968270959568183,0.6222222222222222,0.0,0.0,0.0,0.0,0.0,0.0,0.0,0.0,0.0,,,,,18473,global,0.4
4,5,lr1e-04_bs32_modL1_fusion16_fusionL1_fusionBN0_drop0p1__wd1e-04trmiss40_trlocglobal,32,0.0001,0.0001,1,16,1,False,0.1,lr1e-04_bs32_modL1_fusion16_fusionL1_fusionBN0_drop0p1__wd1e-04trmiss40_trlocglobal,38,0.43723644812901813,0.6754718124866486,0.5753968253968254,0.5985429183918283,0.6222222222222222,0.0,0.0,0.0,0.0,0.0,0.0,0.0,0.0,0.0,,,,,18473,global,0.4
4,5,lr1e-04_bs32_modL1_fusion16_fusionL1_fusionBN0_drop0p1__wd1e-04trmiss40_trlocglobal,32,0.0001,0.0001,1,16,1,False,0.1,lr1e-04_bs32_modL1_fusion16_fusionL1_fusionBN0_drop0p1__wd1e-04trmiss40_trlocglobal,39,0.42624837656815845,0.6712939143180847,0.5753968253968254,0.5977458392483674,0.6222222222222222,0.0,0.0,0.0,0.0,0.0,0.0,0.0,0.0,0.0,,,,,18473,global,0.4
4,5,lr1e-04_bs32_modL1_fusion16_fusionL1_fusionBN0_drop0p1__wd1e-04trmiss40_trlocglobal,32,0.0001,0.0001,1,16,1,False,0.1,lr1e-04_bs32_modL1_fusion16_fusionL1_fusionBN0_drop0p1__wd1e-04trmiss40_trlocglobal,40,0.422614445288976,0.6690829396247864,0.5753968253968254,0.5983994340196093,0.6222222222222222,0.0,0.0,0.0,0.0,0.0,0.0,0.0,0.0,0.0,,,,,18473,global,0.4
4,5,lr1e-04_bs32_modL1_fusion16_fusionL1_fusionBN0_drop0p1__wd1e-04trmiss40_trlocglobal,32,0.0001,0.0001,1,16,1,False,0.1,lr1e-04_bs32_modL1_fusion16_fusionL1_fusionBN0_drop0p1__wd1e-04trmiss40_trlocglobal,41,0.42433125774065655,0.6740666925907135,0.5674603174603174,0.5950281295560201,0.6222222222222222,0.0,0.0,0.0,0.0,0.0,0.0,0.0,0.0,0.0,,,,,18473,global,0.4
4,5,lr1e-04_bs32_modL1_fusion16_fusionL1_fusionBN0_drop0p1__wd1e-04trmiss40_trlocglobal,32,0.0001,0.0001,1,16,1,False,0.1,lr1e-04_bs32_modL1_fusion16_fusionL1_fusionBN0_drop0p1__wd1e-04trmiss40_trlocglobal,42,0.4177526036898295,0.6723161935806274,0.5753968253968255,0.5982528939220888,0.6222222222222222,0.0,0.0,0.0,0.0,0.0,0.0,0.0,0.0,0.0,,,,,18473,global,0.4
4,5,lr1e-04_bs32_modL1_fusion16_fusionL1_fusionBN0_drop0p1__wd1e-04trmiss40_trlocglobal,32,0.0001,0.0001,1,16,1,False,0.1,lr1e-04_bs32_modL1_fusion16_fusionL1_fusionBN0_drop0p1__wd1e-04trmiss40_trlocglobal,43,0.4146220038334529,0.6733041107654572,0.5694444444444444,0.5839086467218045,0.6222222222222222,0.0,0.0,0.0,0.0,0.0,0.0,0.0,0.0,0.0,,,,,18473,global,0.4
4,5,lr1e-04_bs32_modL1_fusion16_fusionL1_fusionBN0_drop0p1__wd1e-04trmiss40_trlocglobal,32,0.0001,0.0001,1,16,1,False,0.1,lr1e-04_bs32_modL1_fusion16_fusionL1_fusionBN0_drop0p1__wd1e-04trmiss40_trlocglobal,44,0.40449362993240356,0.6743112504482269,0.5654761904761905,0.5940885325679776,0.6444444444444445,0.0,0.0,0.0,0.0,0.0,0.0,0.0,0.0,0.0,,,,,18473,global,0.4
4,5,lr1e-04_bs32_modL1_fusion16_fusionL1_fusionBN0_drop0p1__wd1e-04trmiss40_trlocglobal,32,0.0001,0.0001,1,16,1,False,0.1,lr1e-04_bs32_modL1_fusion16_fusionL1_fusionBN0_drop0p1__wd1e-04trmiss40_trlocglobal,45,0.41817373037338257,0.673729419708252,0.5714285714285714,0.5858971449648253,0.6444444444444445,0.0,0.0,0.0,0.0,0.0,0.0,0.0,0.0,0.0,,,,,18473,global,0.4
4,5,lr1e-04_bs32_modL1_fusion16_fusionL1_fusionBN0_drop0p1__wd1e-04trmiss40_trlocglobal,32,0.0001,0.0001,1,16,1,False,0.1,lr1e-04_bs32_modL1_fusion16_fusionL1_fusionBN0_drop0p1__wd1e-04trmiss40_trlocglobal,46,0.40701324741045636,0.6744236350059509,0.5714285714285714,0.5838930806921179,0.6444444444444445,0.0,0.0,0.0,0.0,0.0,0.0,0.0,0.0,0.0,,,,,18473,global,0.4
4,5,lr1e-04_bs32_modL1_fusion32_fusionL1_fusionBN0_drop0p2__wd1e-04trmiss40_trlocglobal,32,0.0001,0.0001,1,32,1,False,0.2,lr1e-04_bs32_modL1_fusion32_fusionL1_fusionBN0_drop0p2__wd1e-04trmiss40_trlocglobal,1,0.7099890013535818,0.7062583863735199,0.4543650793650794,0.5315472190620805,0.4666666666666667,0.0,0.0,0.0,0.0,0.0,0.0,0.0,0.0,0.0,,,,,18473,global,0.4
4,5,lr1e-04_bs32_modL1_fusion32_fusionL1_fusionBN0_drop0p2__wd1e-04trmiss40_trlocglobal,32,0.0001,0.0001,1,32,1,False,0.2,lr1e-04_bs32_modL1_fusion32_fusionL1_fusionBN0_drop0p2__wd1e-04trmiss40_trlocglobal,2,0.6864041189352671,0.7045302093029022,0.47023809523809523,0.536425364850952,0.4666666666666667,0.0,0.0,0.0,0.0,0.0,0.0,0.0,0.0,0.0,,,,,18473,global,0.4
4,5,lr1e-04_bs32_modL1_fusion32_fusionL1_fusionBN0_drop0p2__wd1e-04trmiss40_trlocglobal,32,0.0001,0.0001,1,32,1,False,0.2,lr1e-04_bs32_modL1_fusion32_fusionL1_fusionBN0_drop0p2__wd1e-04trmiss40_trlocglobal,3,0.6769468287626902,0.7031187117099762,0.46031746031746035,0.5243163489124527,0.4888888888888889,0.0,0.0,0.0,0.0,0.0,0.0,0.0,0.0,0.0,,,,,18473,global,0.4
4,5,lr1e-04_bs32_modL1_fusion32_fusionL1_fusionBN0_drop0p2__wd1e-04trmiss40_trlocglobal,32,0.0001,0.0001,1,32,1,False,0.2,lr1e-04_bs32_modL1_fusion32_fusionL1_fusionBN0_drop0p2__wd1e-04trmiss40_trlocglobal,4,0.666030208269755,0.7002919912338257,0.49206349206349204,0.5508787266552518,0.4444444444444444,0.0,0.0,0.0,0.0,0.0,0.0,0.0,0.0,0.0,,,,,18473,global,0.4
4,5,lr1e-04_bs32_modL1_fusion32_fusionL1_fusionBN0_drop0p2__wd1e-04trmiss40_trlocglobal,32,0.0001,0.0001,1,32,1,False,0.2,lr1e-04_bs32_modL1_fusion32_fusionL1_fusionBN0_drop0p2__wd1e-04trmiss40_trlocglobal,5,0.6487756470839182,0.6986376047134399,0.501984126984127,0.5530479825874635,0.4444444444444444,0.0,0.0,0.0,0.0,0.0,0.0,0.0,0.0,0.0,,,,,18473,global,0.4
4,5,lr1e-04_bs32_modL1_fusion32_fusionL1_fusionBN0_drop0p2__wd1e-04trmiss40_trlocglobal,32,0.0001,0.0001,1,32,1,False,0.2,lr1e-04_bs32_modL1_fusion32_fusionL1_fusionBN0_drop0p2__wd1e-04trmiss40_trlocglobal,6,0.6523327032725016,0.6953636109828949,0.5079365079365079,0.5704416101752026,0.4666666666666667,0.0,0.0,0.0,0.0,0.0,0.0,0.0,0.0,0.0,,,,,18473,global,0.4
4,5,lr1e-04_bs32_modL1_fusion32_fusionL1_fusionBN0_drop0p2__wd1e-04trmiss40_trlocglobal,32,0.0001,0.0001,1,32,1,False,0.2,lr1e-04_bs32_modL1_fusion32_fusionL1_fusionBN0_drop0p2__wd1e-04trmiss40_trlocglobal,7,0.6400603254636129,0.6929173767566681,0.5476190476190477,0.5855239552435254,0.5111111111111111,0.0,0.0,0.0,0.0,0.0,0.0,0.0,0.0,0.0,,,,,18473,global,0.4
4,5,lr1e-04_bs32_modL1_fusion32_fusionL1_fusionBN0_drop0p2__wd1e-04trmiss40_trlocglobal,32,0.0001,0.0001,1,32,1,False,0.2,lr1e-04_bs32_modL1_fusion32_fusionL1_fusionBN0_drop0p2__wd1e-04trmiss40_trlocglobal,8,0.6378481189409891,0.6907650232315063,0.5456349206349206,0.6017683030743134,0.4888888888888889,0.0,0.0,0.0,0.0,0.0,0.0,0.0,0.0,0.0,,,,,18473,global,0.4
4,5,lr1e-04_bs32_modL1_fusion32_fusionL1_fusionBN0_drop0p2__wd1e-04trmiss40_trlocglobal,32,0.0001,0.0001,1,32,1,False,0.2,lr1e-04_bs32_modL1_fusion32_fusionL1_fusionBN0_drop0p2__wd1e-04trmiss40_trlocglobal,9,0.6222005585829417,0.6884426772594452,0.5456349206349207,0.6182780197538793,0.4888888888888889,0.0,0.0,0.0,0.0,0.0,0.0,0.0,0.0,0.0,,,,,18473,global,0.4
4,5,lr1e-04_bs32_modL1_fusion32_fusionL1_fusionBN0_drop0p2__wd1e-04trmiss40_trlocglobal,32,0.0001,0.0001,1,32,1,False,0.2,lr1e-04_bs32_modL1_fusion32_fusionL1_fusionBN0_drop0p2__wd1e-04trmiss40_trlocglobal,10,0.6251596311728159,0.6875726878643036,0.5496031746031746,0.6129328968506691,0.4888888888888889,0.0,0.0,0.0,0.0,0.0,0.0,0.0,0.0,0.0,,,,,18473,global,0.4
4,5,lr1e-04_bs32_modL1_fusion32_fusionL1_fusionBN0_drop0p2__wd1e-04trmiss40_trlocglobal,32,0.0001,0.0001,1,32,1,False,0.2,lr1e-04_bs32_modL1_fusion32_fusionL1_fusionBN0_drop0p2__wd1e-04trmiss40_trlocglobal,11,0.6030235985914866,0.6874566674232483,0.5535714285714286,0.6155283143759491,0.4666666666666667,0.0,0.0,0.0,0.0,0.0,0.0,0.0,0.0,0.0,,,,,18473,global,0.4
4,5,lr1e-04_bs32_modL1_fusion32_fusionL1_fusionBN0_drop0p2__wd1e-04trmiss40_trlocglobal,32,0.0001,0.0001,1,32,1,False,0.2,lr1e-04_bs32_modL1_fusion32_fusionL1_fusionBN0_drop0p2__wd1e-04trmiss40_trlocglobal,12,0.6108140448729197,0.6872592568397522,0.5436507936507937,0.6073763652739861,0.4444444444444444,0.0,0.0,0.0,0.0,0.0,0.0,0.0,0.0,0.0,,,,,18473,global,0.4
4,5,lr1e-04_bs32_modL1_fusion32_fusionL1_fusionBN0_drop0p2__wd1e-04trmiss40_trlocglobal,32,0.0001,0.0001,1,32,1,False,0.2,lr1e-04_bs32_modL1_fusion32_fusionL1_fusionBN0_drop0p2__wd1e-04trmiss40_trlocglobal,13,0.6002896825472513,0.6858596205711365,0.5615079365079365,0.6152044112482514,0.4444444444444444,0.0,0.0,0.0,0.0,0.0,0.0,0.0,0.0,0.0,,,,,18473,global,0.4
4,5,lr1e-04_bs32_modL1_fusion32_fusionL1_fusionBN0_drop0p2__wd1e-04trmiss40_trlocglobal,32,0.0001,0.0001,1,32,1,False,0.2,lr1e-04_bs32_modL1_fusion32_fusionL1_fusionBN0_drop0p2__wd1e-04trmiss40_trlocglobal,14,0.5925352176030477,0.6836874783039093,0.5555555555555556,0.6108336474298133,0.4666666666666667,0.0,0.0,0.0,0.0,0.0,0.0,0.0,0.0,0.0,,,,,18473,global,0.4
4,5,lr1e-04_bs32_modL1_fusion32_fusionL1_fusionBN0_drop0p2__wd1e-04trmiss40_trlocglobal,32,0.0001,0.0001,1,32,1,False,0.2,lr1e-04_bs32_modL1_fusion32_fusionL1_fusionBN0_drop0p2__wd1e-04trmiss40_trlocglobal,15,0.5791038274765015,0.6835689842700958,0.5654761904761906,0.6155389333934037,0.4666666666666667,0.0,0.0,0.0,0.0,0.0,0.0,0.0,0.0,0.0,,,,,18473,global,0.4
4,5,lr1e-04_bs32_modL1_fusion32_fusionL1_fusionBN0_drop0p2__wd1e-04trmiss40_trlocglobal,32,0.0001,0.0001,1,32,1,False,0.2,lr1e-04_bs32_modL1_fusion32_fusionL1_fusionBN0_drop0p2__wd1e-04trmiss40_trlocglobal,16,0.5757055481274923,0.6817218363285065,0.5634920634920635,0.6143631331550586,0.4888888888888889,0.0,0.0,0.0,0.0,0.0,0.0,0.0,0.0,0.0,,,,,18473,global,0.4
4,5,lr1e-04_bs32_modL1_fusion32_fusionL1_fusionBN0_drop0p2__wd1e-04trmiss40_trlocglobal,32,0.0001,0.0001,1,32,1,False,0.2,lr1e-04_bs32_modL1_fusion32_fusionL1_fusionBN0_drop0p2__wd1e-04trmiss40_trlocglobal,17,0.5774206717809042,0.680217832326889,0.5615079365079365,0.613039605121488,0.4888888888888889,0.0,0.0,0.0,0.0,0.0,0.0,0.0,0.0,0.0,,,,,18473,global,0.4
4,5,lr1e-04_bs32_modL1_fusion32_fusionL1_fusionBN0_drop0p2__wd1e-04trmiss40_trlocglobal,32,0.0001,0.0001,1,32,1,False,0.2,lr1e-04_bs32_modL1_fusion32_fusionL1_fusionBN0_drop0p2__wd1e-04trmiss40_trlocglobal,18,0.5673130651315054,0.6779776513576508,0.5734126984126985,0.6228489658579929,0.4888888888888889,0.0,0.0,0.0,0.0,0.0,0.0,0.0,0.0,0.0,,,,,18473,global,0.4
4,5,lr1e-04_bs32_modL1_fusion32_fusionL1_fusionBN0_drop0p2__wd1e-04trmiss40_trlocglobal,32,0.0001,0.0001,1,32,1,False,0.2,lr1e-04_bs32_modL1_fusion32_fusionL1_fusionBN0_drop0p2__wd1e-04trmiss40_trlocglobal,19,0.5653417706489563,0.6753975450992584,0.5773809523809524,0.6275069513328175,0.4888888888888889,0.0,0.0,0.0,0.0,0.0,0.0,0.0,0.0,0.0,,,,,18473,global,0.4
4,5,lr1e-04_bs32_modL1_fusion32_fusionL1_fusionBN0_drop0p2__wd1e-04trmiss40_trlocglobal,32,0.0001,0.0001,1,32,1,False,0.2,lr1e-04_bs32_modL1_fusion32_fusionL1_fusionBN0_drop0p2__wd1e-04trmiss40_trlocglobal,20,0.5589096248149872,0.6726626455783844,0.5793650793650794,0.6359295860365732,0.5111111111111111,0.0,0.0,0.0,0.0,0.0,0.0,0.0,0.0,0.0,,,,,18473,global,0.4
4,5,lr1e-04_bs32_modL1_fusion32_fusionL1_fusionBN0_drop0p2__wd1e-04trmiss40_trlocglobal,32,0.0001,0.0001,1,32,1,False,0.2,lr1e-04_bs32_modL1_fusion32_fusionL1_fusionBN0_drop0p2__wd1e-04trmiss40_trlocglobal,21,0.5613782306512197,0.6715080142021179,0.5873015873015873,0.6488802299785605,0.5111111111111111,0.0,0.0,0.0,0.0,0.0,0.0,0.0,0.0,0.0,,,,,18473,global,0.4
4,5,lr1e-04_bs32_modL1_fusion32_fusionL1_fusionBN0_drop0p2__wd1e-04trmiss40_trlocglobal,32,0.0001,0.0001,1,32,1,False,0.2,lr1e-04_bs32_modL1_fusion32_fusionL1_fusionBN0_drop0p2__wd1e-04trmiss40_trlocglobal,22,0.5521238247553507,0.6721546053886414,0.5773809523809524,0.6424508644501383,0.5333333333333333,0.0,0.0,0.0,0.0,0.0,0.0,0.0,0.0,0.0,,,,,18473,global,0.4
4,5,lr1e-04_bs32_modL1_fusion32_fusionL1_fusionBN0_drop0p2__wd1e-04trmiss40_trlocglobal,32,0.0001,0.0001,1,32,1,False,0.2,lr1e-04_bs32_modL1_fusion32_fusionL1_fusionBN0_drop0p2__wd1e-04trmiss40_trlocglobal,23,0.5352651178836823,0.6703629791736603,0.5833333333333334,0.6343335093076116,0.5333333333333333,0.0,0.0,0.0,0.0,0.0,0.0,0.0,0.0,0.0,,,,,18473,global,0.4
4,5,lr1e-04_bs32_modL1_fusion32_fusionL1_fusionBN0_drop0p2__wd1e-04trmiss40_trlocglobal,32,0.0001,0.0001,1,32,1,False,0.2,lr1e-04_bs32_modL1_fusion32_fusionL1_fusionBN0_drop0p2__wd1e-04trmiss40_trlocglobal,24,0.540546735127767,0.6704818606376648,0.5813492063492064,0.6255211166883148,0.5777777777777777,0.0,0.0,0.0,0.0,0.0,0.0,0.0,0.0,0.0,,,,,18473,global,0.4
4,5,lr1e-04_bs32_modL1_fusion32_fusionL1_fusionBN0_drop0p2__wd1e-04trmiss40_trlocglobal,32,0.0001,0.0001,1,32,1,False,0.2,lr1e-04_bs32_modL1_fusion32_fusionL1_fusionBN0_drop0p2__wd1e-04trmiss40_trlocglobal,25,0.5314089506864548,0.6688206493854523,0.5793650793650793,0.6213258104420228,0.5777777777777777,0.0,0.0,0.0,0.0,0.0,0.0,0.0,0.0,0.0,,,,,18473,global,0.4
4,5,lr1e-04_bs32_modL1_fusion32_fusionL1_fusionBN0_drop0p2__wd1e-04trmiss40_trlocglobal,32,0.0001,0.0001,1,32,1,False,0.2,lr1e-04_bs32_modL1_fusion32_fusionL1_fusionBN0_drop0p2__wd1e-04trmiss40_trlocglobal,26,0.5213377873102824,0.6689784526824951,0.5773809523809523,0.61862757734952,0.5555555555555556,0.0,0.0,0.0,0.0,0.0,0.0,0.0,0.0,0.0,,,,,18473,global,0.4
4,5,lr1e-04_bs32_modL1_fusion32_fusionL1_fusionBN0_drop0p2__wd1e-04trmiss40_trlocglobal,32,0.0001,0.0001,1,32,1,False,0.2,lr1e-04_bs32_modL1_fusion32_fusionL1_fusionBN0_drop0p2__wd1e-04trmiss40_trlocglobal,27,0.5211701542139053,0.6689057648181915,0.5714285714285714,0.6089858166048181,0.5555555555555556,0.0,0.0,0.0,0.0,0.0,0.0,0.0,0.0,0.0,,,,,18473,global,0.4
4,5,lr1e-04_bs32_modL1_fusion32_fusionL1_fusionBN0_drop0p2__wd1e-04trmiss40_trlocglobal,32,0.0001,0.0001,1,32,1,False,0.2,lr1e-04_bs32_modL1_fusion32_fusionL1_fusionBN0_drop0p2__wd1e-04trmiss40_trlocglobal,28,0.5144435664017996,0.669201672077179,0.5753968253968255,0.609959531737105,0.5777777777777777,0.0,0.0,0.0,0.0,0.0,0.0,0.0,0.0,0.0,,,,,18473,global,0.4
4,5,lr1e-04_bs32_modL1_fusion32_fusionL1_fusionBN0_drop0p2__wd1e-04trmiss40_trlocglobal,32,0.0001,0.0001,1,32,1,False,0.2,lr1e-04_bs32_modL1_fusion32_fusionL1_fusionBN0_drop0p2__wd1e-04trmiss40_trlocglobal,29,0.4964234580596288,0.6704939901828766,0.5773809523809524,0.612629467795199,0.6222222222222222,0.0,0.0,0.0,0.0,0.0,0.0,0.0,0.0,0.0,,,,,18473,global,0.4
4,5,lr1e-04_bs32_modL1_fusion32_fusionL1_fusionBN0_drop0p2__wd1e-04trmiss40_trlocglobal,32,0.0001,0.0001,1,32,1,False,0.2,lr1e-04_bs32_modL1_fusion32_fusionL1_fusionBN0_drop0p2__wd1e-04trmiss40_trlocglobal,30,0.5056512852509817,0.6695184111595154,0.5734126984126985,0.6118035028244971,0.6222222222222222,0.0,0.0,0.0,0.0,0.0,0.0,0.0,0.0,0.0,,,,,18473,global,0.4
4,5,lr1e-04_bs32_modL1_fusion32_fusionL1_fusionBN0_drop0p2__wd1e-04trmiss40_trlocglobal,32,0.0001,0.0001,1,32,1,False,0.2,lr1e-04_bs32_modL1_fusion32_fusionL1_fusionBN0_drop0p2__wd1e-04trmiss40_trlocglobal,31,0.5047879119714102,0.6693228185176849,0.5674603174603174,0.6083298259483604,0.6,0.0,0.0,0.0,0.0,0.0,0.0,0.0,0.0,0.0,,,,,18473,global,0.4
4,5,lr1e-04_bs32_modL1_fusion32_fusionL1_fusionBN0_drop0p2__wd1e-04trmiss40_trlocglobal,32,0.0001,0.0001,1,32,1,False,0.2,lr1e-04_bs32_modL1_fusion32_fusionL1_fusionBN0_drop0p2__wd1e-04trmiss40_trlocglobal,32,0.48616847892602283,0.669465184211731,0.5734126984126985,0.6116913463488238,0.6,0.0,0.0,0.0,0.0,0.0,0.0,0.0,0.0,0.0,,,,,18473,global,0.4
4,5,lr1e-04_bs32_modL1_fusion32_fusionL1_fusionBN0_drop0p2__wd1e-04trmiss40_trlocglobal,32,0.0001,0.0001,1,32,1,False,0.2,lr1e-04_bs32_modL1_fusion32_fusionL1_fusionBN0_drop0p2__wd1e-04trmiss40_trlocglobal,33,0.4996981273094813,0.6692613065242767,0.5734126984126984,0.6094648402160678,0.6,0.0,0.0,0.0,0.0,0.0,0.0,0.0,0.0,0.0,,,,,18473,global,0.4
4,5,lr1e-04_bs32_modL1_fusion32_fusionL1_fusionBN0_drop0p2__wd1e-04trmiss40_trlocglobal,32,0.0001,0.0001,1,32,1,False,0.2,lr1e-04_bs32_modL1_fusion32_fusionL1_fusionBN0_drop0p2__wd1e-04trmiss40_trlocglobal,34,0.4859623561302821,0.6669831871986389,0.5734126984126984,0.6085967704176074,0.6,0.0,0.0,0.0,0.0,0.0,0.0,0.0,0.0,0.0,,,,,18473,global,0.4
4,5,lr1e-04_bs32_modL1_fusion32_fusionL1_fusionBN0_drop0p2__wd1e-04trmiss40_trlocglobal,32,0.0001,0.0001,1,32,1,False,0.2,lr1e-04_bs32_modL1_fusion32_fusionL1_fusionBN0_drop0p2__wd1e-04trmiss40_trlocglobal,35,0.4804305285215378,0.6662064790725708,0.5793650793650794,0.6149432423704051,0.6,0.0,0.0,0.0,0.0,0.0,0.0,0.0,0.0,0.0,,,,,18473,global,0.4
4,5,lr1e-04_bs32_modL1_fusion32_fusionL1_fusionBN0_drop0p2__wd1e-04trmiss40_trlocglobal,32,0.0001,0.0001,1,32,1,False,0.2,lr1e-04_bs32_modL1_fusion32_fusionL1_fusionBN0_drop0p2__wd1e-04trmiss40_trlocglobal,36,0.4731201281150182,0.6671830713748932,0.5813492063492065,0.6183236915760597,0.5777777777777777,0.0,0.0,0.0,0.0,0.0,0.0,0.0,0.0,0.0,,,,,18473,global,0.4
4,5,lr1e-04_bs32_modL1_fusion32_fusionL1_fusionBN0_drop0p2__wd1e-04trmiss40_trlocglobal,32,0.0001,0.0001,1,32,1,False,0.2,lr1e-04_bs32_modL1_fusion32_fusionL1_fusionBN0_drop0p2__wd1e-04trmiss40_trlocglobal,37,0.4690614889065425,0.6693170666694641,0.5694444444444444,0.6091974641351569,0.6,0.0,0.0,0.0,0.0,0.0,0.0,0.0,0.0,0.0,,,,,18473,global,0.4
4,5,lr1e-04_bs32_modL1_fusion32_fusionL1_fusionBN0_drop0p2__wd1e-04trmiss40_trlocglobal,32,0.0001,0.0001,1,32,1,False,0.2,lr1e-04_bs32_modL1_fusion32_fusionL1_fusionBN0_drop0p2__wd1e-04trmiss40_trlocglobal,38,0.4641813039779663,0.6675664186477661,0.5753968253968254,0.6151538349131211,0.5777777777777777,0.0,0.0,0.0,0.0,0.0,0.0,0.0,0.0,0.0,,,,,18473,global,0.4
4,5,lr1e-04_bs32_modL1_fusion32_fusionL1_fusionBN0_drop0p2__wd1e-04trmiss40_trlocglobal,32,0.0001,0.0001,1,32,1,False,0.2,lr1e-04_bs32_modL1_fusion32_fusionL1_fusionBN0_drop0p2__wd1e-04trmiss40_trlocglobal,39,0.4597843786080678,0.666894406080246,0.5833333333333334,0.6225501367621966,0.5777777777777777,0.0,0.0,0.0,0.0,0.0,0.0,0.0,0.0,0.0,,,,,18473,global,0.4
4,5,lr1e-04_bs32_modL1_fusion32_fusionL1_fusionBN0_drop0p2__wd1e-04trmiss40_trlocglobal,32,0.0001,0.0001,1,32,1,False,0.2,lr1e-04_bs32_modL1_fusion32_fusionL1_fusionBN0_drop0p2__wd1e-04trmiss40_trlocglobal,40,0.4605975995461146,0.6671602427959442,0.5813492063492064,0.61838347009553,0.6,0.0,0.0,0.0,0.0,0.0,0.0,0.0,0.0,0.0,,,,,18473,global,0.4
4,5,lr1e-04_bs32_modL1_fusion32_fusionL1_fusionBN0_drop0p2__wd1e-04trmiss40_trlocglobal,32,0.0001,0.0001,1,32,1,False,0.2,lr1e-04_bs32_modL1_fusion32_fusionL1_fusionBN0_drop0p2__wd1e-04trmiss40_trlocglobal,41,0.4476286669572194,0.6652470529079437,0.5833333333333334,0.6216485479295732,0.5777777777777777,0.0,0.0,0.0,0.0,0.0,0.0,0.0,0.0,0.0,,,,,18473,global,0.4
4,5,lr1e-04_bs32_modL1_fusion32_fusionL1_fusionBN0_drop0p1__wd1e-04trmiss40_trlocglobal,32,0.0001,0.0001,1,32,1,False,0.1,lr1e-04_bs32_modL1_fusion32_fusionL1_fusionBN0_drop0p1__wd1e-04trmiss40_trlocglobal,1,0.7032026251157125,0.7059336602687836,0.4265873015873016,0.5081350368198019,0.4222222222222222,0.0,0.0,0.0,0.0,0.0,0.0,0.0,0.0,0.0,,,,,18473,global,0.4
4,5,lr1e-04_bs32_modL1_fusion32_fusionL1_fusionBN0_drop0p1__wd1e-04trmiss40_trlocglobal,32,0.0001,0.0001,1,32,1,False,0.1,lr1e-04_bs32_modL1_fusion32_fusionL1_fusionBN0_drop0p1__wd1e-04trmiss40_trlocglobal,2,0.6736298104127248,0.7072067260742188,0.47817460317460325,0.5447253977171628,0.4444444444444444,0.0,0.0,0.0,0.0,0.0,0.0,0.0,0.0,0.0,,,,,18473,global,0.4
4,5,lr1e-04_bs32_modL1_fusion32_fusionL1_fusionBN0_drop0p1__wd1e-04trmiss40_trlocglobal,32,0.0001,0.0001,1,32,1,False,0.1,lr1e-04_bs32_modL1_fusion32_fusionL1_fusionBN0_drop0p1__wd1e-04trmiss40_trlocglobal,3,0.6536910732587179,0.7091271579265594,0.4920634920634921,0.5496950406019863,0.4444444444444444,0.0,0.0,0.0,0.0,0.0,0.0,0.0,0.0,0.0,,,,,18473,global,0.4
4,5,lr1e-04_bs32_modL1_fusion32_fusionL1_fusionBN0_drop0p1__wd1e-04trmiss40_trlocglobal,32,0.0001,0.0001,1,32,1,False,0.1,lr1e-04_bs32_modL1_fusion32_fusionL1_fusionBN0_drop0p1__wd1e-04trmiss40_trlocglobal,4,0.6454621156056722,0.7103715538978577,0.5,0.5509979773495821,0.4444444444444444,0.0,0.0,0.0,0.0,0.0,0.0,0.0,0.0,0.0,,,,,18473,global,0.4
4,5,lr1e-04_bs32_modL1_fusion32_fusionL1_fusionBN0_drop0p1__wd1e-04trmiss40_trlocglobal,32,0.0001,0.0001,1,32,1,False,0.1,lr1e-04_bs32_modL1_fusion32_fusionL1_fusionBN0_drop0p1__wd1e-04trmiss40_trlocglobal,5,0.6337005198001862,0.7113428711891174,0.5158730158730159,0.5665904170943208,0.4444444444444444,0.0,0.0,0.0,0.0,0.0,0.0,0.0,0.0,0.0,,,,,18473,global,0.4
4,5,lr1e-04_bs32_modL1_fusion32_fusionL1_fusionBN0_drop0p1__wd1e-04trmiss40_trlocglobal,32,0.0001,0.0001,1,32,1,False,0.1,lr1e-04_bs32_modL1_fusion32_fusionL1_fusionBN0_drop0p1__wd1e-04trmiss40_trlocglobal,6,0.6275090972582499,0.7118577063083649,0.5178571428571429,0.5674713095560698,0.4888888888888889,0.0,0.0,0.0,0.0,0.0,0.0,0.0,0.0,0.0,,,,,18473,global,0.4
4,5,lr1e-04_bs32_modL1_fusion32_fusionL1_fusionBN0_drop0p1__wd1e-04trmiss40_trlocglobal,32,0.0001,0.0001,1,32,1,False,0.1,lr1e-04_bs32_modL1_fusion32_fusionL1_fusionBN0_drop0p1__wd1e-04trmiss40_trlocglobal,7,0.6109689871470133,0.7136320471763611,0.5099206349206349,0.5464709420759698,0.5333333333333333,0.0,0.0,0.0,0.0,0.0,0.0,0.0,0.0,0.0,,,,,18473,global,0.4
4,5,lr1e-04_bs32_modL1_fusion32_fusionL1_fusionBN0_drop0p1__wd1e-04trmiss40_trlocglobal,32,0.0001,0.0001,1,32,1,False,0.1,lr1e-04_bs32_modL1_fusion32_fusionL1_fusionBN0_drop0p1__wd1e-04trmiss40_trlocglobal,8,0.5991798539956411,0.7132342457771301,0.5257936507936508,0.5521333725994974,0.5555555555555556,0.0,0.0,0.0,0.0,0.0,0.0,0.0,0.0,0.0,,,,,18473,global,0.4
4,5,lr1e-04_bs32_modL1_fusion32_fusionL1_fusionBN0_drop0p1__wd1e-04trmiss40_trlocglobal,32,0.0001,0.0001,1,32,1,False,0.1,lr1e-04_bs32_modL1_fusion32_fusionL1_fusionBN0_drop0p1__wd1e-04trmiss40_trlocglobal,9,0.595402846733729,0.7134822905063629,0.5376984126984127,0.5642023068983124,0.5555555555555556,0.0,0.0,0.0,0.0,0.0,0.0,0.0,0.0,0.0,,,,,18473,global,0.4
4,5,lr1e-04_bs32_modL1_fusion32_fusionL1_fusionBN0_drop0p1__wd1e-04trmiss40_trlocglobal,32,0.0001,0.0001,1,32,1,False,0.1,lr1e-04_bs32_modL1_fusion32_fusionL1_fusionBN0_drop0p1__wd1e-04trmiss40_trlocglobal,10,0.5813561975955963,0.7129316329956055,0.523809523809524,0.560132070034694,0.5555555555555556,0.0,0.0,0.0,0.0,0.0,0.0,0.0,0.0,0.0,,,,,18473,global,0.4
4,5,lr1e-04_bs32_modL1_fusion32_fusionL1_fusionBN0_drop0p1__wd1e-04trmiss40_trlocglobal,32,0.0001,0.0001,1,32,1,False,0.1,lr1e-04_bs32_modL1_fusion32_fusionL1_fusionBN0_drop0p1__wd1e-04trmiss40_trlocglobal,11,0.5782559712727865,0.7136241495609283,0.5357142857142857,0.587758564313222,0.5555555555555556,0.0,0.0,0.0,0.0,0.0,0.0,0.0,0.0,0.0,,,,,18473,global,0.4
4,5,lr1e-04_bs32_modL1_fusion32_fusionL1_fusionBN0_drop0p1__wd1e-04trmiss40_trlocglobal,32,0.0001,0.0001,1,32,1,False,0.1,lr1e-04_bs32_modL1_fusion32_fusionL1_fusionBN0_drop0p1__wd1e-04trmiss40_trlocglobal,12,0.573231021563212,0.7135710120201111,0.5317460317460317,0.5841705650208884,0.5333333333333333,0.0,0.0,0.0,0.0,0.0,0.0,0.0,0.0,0.0,,,,,18473,global,0.4
4,5,lr1e-04_bs32_modL1_fusion32_fusionL1_fusionBN0_drop0p1__wd1e-04trmiss40_trlocglobal,32,0.0001,0.0001,1,32,1,False,0.1,lr1e-04_bs32_modL1_fusion32_fusionL1_fusionBN0_drop0p1__wd1e-04trmiss40_trlocglobal,13,0.5582977334658304,0.7129135727882385,0.5277777777777778,0.5838723216587043,0.5555555555555556,0.0,0.0,0.0,0.0,0.0,0.0,0.0,0.0,0.0,,,,,18473,global,0.4
4,5,lr1e-04_bs32_modL1_fusion32_fusionL1_fusionBN0_drop0p1__wd1e-04trmiss40_trlocglobal,32,0.0001,0.0001,1,32,1,False,0.1,lr1e-04_bs32_modL1_fusion32_fusionL1_fusionBN0_drop0p1__wd1e-04trmiss40_trlocglobal,14,0.5488799711068472,0.7128202617168427,0.5337301587301587,0.5971494511615829,0.5333333333333333,0.0,0.0,0.0,0.0,0.0,0.0,0.0,0.0,0.0,,,,,18473,global,0.4
4,5,lr1e-04_bs32_modL1_fusion32_fusionL1_fusionBN0_drop0p1__wd1e-04trmiss40_trlocglobal,32,0.0001,0.0001,1,32,1,False,0.1,lr1e-04_bs32_modL1_fusion32_fusionL1_fusionBN0_drop0p1__wd1e-04trmiss40_trlocglobal,15,0.5426310499509176,0.7144406139850616,0.5297619047619048,0.5940550884164849,0.5555555555555556,0.0,0.0,0.0,0.0,0.0,0.0,0.0,0.0,0.0,,,,,18473,global,0.4
4,5,lr1e-04_bs32_modL1_fusion32_fusionL1_fusionBN0_drop0p1__wd1e-04trmiss40_trlocglobal,32,0.0001,0.0001,1,32,1,False,0.1,lr1e-04_bs32_modL1_fusion32_fusionL1_fusionBN0_drop0p1__wd1e-04trmiss40_trlocglobal,16,0.5357967913150787,0.7136304378509521,0.5436507936507937,0.6005268940443266,0.5555555555555556,0.0,0.0,0.0,0.0,0.0,0.0,0.0,0.0,0.0,,,,,18473,global,0.4
4,5,lr1e-04_bs32_modL1_fusion32_fusionL1_fusionBN0_drop0p1__wd1e-04trmiss40_trlocglobal,32,0.0001,0.0001,1,32,1,False,0.1,lr1e-04_bs32_modL1_fusion32_fusionL1_fusionBN0_drop0p1__wd1e-04trmiss40_trlocglobal,17,0.5225536425908407,0.7115832269191742,0.5476190476190477,0.5984995221353581,0.6,0.0,0.0,0.0,0.0,0.0,0.0,0.0,0.0,0.0,,,,,18473,global,0.4
4,5,lr1e-04_bs32_modL1_fusion32_fusionL1_fusionBN0_drop0p1__wd1e-04trmiss40_trlocglobal,32,0.0001,0.0001,1,32,1,False,0.1,lr1e-04_bs32_modL1_fusion32_fusionL1_fusionBN0_drop0p1__wd1e-04trmiss40_trlocglobal,18,0.5245811541875204,0.7092128694057465,0.5753968253968254,0.6166025708657787,0.6222222222222222,0.0,0.0,0.0,0.0,0.0,0.0,0.0,0.0,0.0,,,,,18473,global,0.4
4,5,lr1e-04_bs32_modL1_fusion32_fusionL1_fusionBN0_drop0p1__wd1e-04trmiss40_trlocglobal,32,0.0001,0.0001,1,32,1,False,0.1,lr1e-04_bs32_modL1_fusion32_fusionL1_fusionBN0_drop0p1__wd1e-04trmiss40_trlocglobal,19,0.5175016870101293,0.7039893865585327,0.5853174603174602,0.6165242448127042,0.6222222222222222,0.0,0.0,0.0,0.0,0.0,0.0,0.0,0.0,0.0,,,,,18473,global,0.4
4,5,lr1e-04_bs32_modL1_fusion32_fusionL1_fusionBN0_drop0p1__wd1e-04trmiss40_trlocglobal,32,0.0001,0.0001,1,32,1,False,0.1,lr1e-04_bs32_modL1_fusion32_fusionL1_fusionBN0_drop0p1__wd1e-04trmiss40_trlocglobal,20,0.5138892531394958,0.7030811011791229,0.5813492063492064,0.6032267783902379,0.6222222222222222,0.0,0.0,0.0,0.0,0.0,0.0,0.0,0.0,0.0,,,,,18473,global,0.4
4,5,lr1e-04_bs32_modL1_fusion32_fusionL1_fusionBN0_drop0p1__wd1e-04trmiss40_trlocglobal,32,0.0001,0.0001,1,32,1,False,0.1,lr1e-04_bs32_modL1_fusion32_fusionL1_fusionBN0_drop0p1__wd1e-04trmiss40_trlocglobal,21,0.4967065254847209,0.7051384449005127,0.5873015873015874,0.6110799747280656,0.5777777777777777,0.0,0.0,0.0,0.0,0.0,0.0,0.0,0.0,0.0,,,,,18473,global,0.4
4,5,lr1e-04_bs32_modL1_fusion32_fusionL1_fusionBN0_drop0p1__wd1e-04trmiss40_trlocglobal,32,0.0001,0.0001,1,32,1,False,0.1,lr1e-04_bs32_modL1_fusion32_fusionL1_fusionBN0_drop0p1__wd1e-04trmiss40_trlocglobal,22,0.4888097097476323,0.7060908675193787,0.5694444444444444,0.6051839992770897,0.5555555555555556,0.0,0.0,0.0,0.0,0.0,0.0,0.0,0.0,0.0,,,,,18473,global,0.4
4,5,lr1e-04_bs32_modL1_fusion32_fusionL1_fusionBN0_drop0p1__wd1e-04trmiss40_trlocglobal,32,0.0001,0.0001,1,32,1,False,0.1,lr1e-04_bs32_modL1_fusion32_fusionL1_fusionBN0_drop0p1__wd1e-04trmiss40_trlocglobal,23,0.4819270769755046,0.6989733278751373,0.5892857142857143,0.6171740813660808,0.6,0.0,0.0,0.0,0.0,0.0,0.0,0.0,0.0,0.0,,,,,18473,global,0.4
4,5,lr1e-04_bs32_modL1_fusion32_fusionL1_fusionBN0_drop0p1__wd1e-04trmiss40_trlocglobal,32,0.0001,0.0001,1,32,1,False,0.1,lr1e-04_bs32_modL1_fusion32_fusionL1_fusionBN0_drop0p1__wd1e-04trmiss40_trlocglobal,24,0.47019357482592267,0.6958735287189484,0.6111111111111112,0.6215054494166647,0.5777777777777777,0.0,0.0,0.0,0.0,0.0,0.0,0.0,0.0,0.0,,,,,18473,global,0.4
4,5,lr1e-04_bs32_modL1_fusion32_fusionL1_fusionBN0_drop0p1__wd1e-04trmiss40_trlocglobal,32,0.0001,0.0001,1,32,1,False,0.1,lr1e-04_bs32_modL1_fusion32_fusionL1_fusionBN0_drop0p1__wd1e-04trmiss40_trlocglobal,25,0.47054440279801685,0.6955183446407318,0.5972222222222222,0.6159271823620387,0.6,0.0,0.0,0.0,0.0,0.0,0.0,0.0,0.0,0.0,,,,,18473,global,0.4
4,5,lr1e-04_bs32_modL1_fusion32_fusionL1_fusionBN0_drop0p1__wd1e-04trmiss40_trlocglobal,32,0.0001,0.0001,1,32,1,False,0.1,lr1e-04_bs32_modL1_fusion32_fusionL1_fusionBN0_drop0p1__wd1e-04trmiss40_trlocglobal,26,0.46193637947241467,0.694207102060318,0.6031746031746031,0.6323876827446405,0.6,0.0,0.0,0.0,0.0,0.0,0.0,0.0,0.0,0.0,,,,,18473,global,0.4
4,5,lr1e-04_bs32_modL1_fusion32_fusionL1_fusionBN0_drop0p1__wd1e-04trmiss40_trlocglobal,32,0.0001,0.0001,1,32,1,False,0.1,lr1e-04_bs32_modL1_fusion32_fusionL1_fusionBN0_drop0p1__wd1e-04trmiss40_trlocglobal,27,0.4496977279583613,0.6931346952915192,0.6051587301587301,0.6298069913771845,0.6,0.0,0.0,0.0,0.0,0.0,0.0,0.0,0.0,0.0,,,,,18473,global,0.4
4,5,lr1e-04_bs32_modL1_fusion32_fusionL1_fusionBN0_drop0p1__wd1e-04trmiss40_trlocglobal,32,0.0001,0.0001,1,32,1,False,0.1,lr1e-04_bs32_modL1_fusion32_fusionL1_fusionBN0_drop0p1__wd1e-04trmiss40_trlocglobal,28,0.44561778008937836,0.6954786479473114,0.6051587301587301,0.6282801062807345,0.6,0.0,0.0,0.0,0.0,0.0,0.0,0.0,0.0,0.0,,,,,18473,global,0.4
4,5,lr1e-04_bs32_modL1_fusion32_fusionL1_fusionBN0_drop0p1__wd1e-04trmiss40_trlocglobal,32,0.0001,0.0001,1,32,1,False,0.1,lr1e-04_bs32_modL1_fusion32_fusionL1_fusionBN0_drop0p1__wd1e-04trmiss40_trlocglobal,29,0.44254302481810254,0.6956480443477631,0.5912698412698413,0.620012679326487,0.6,0.0,0.0,0.0,0.0,0.0,0.0,0.0,0.0,0.0,,,,,18473,global,0.4
4,5,lr1e-04_bs32_modL1_fusion32_fusionL1_fusionBN0_drop0p1__wd1e-04trmiss40_trlocglobal,32,0.0001,0.0001,1,32,1,False,0.1,lr1e-04_bs32_modL1_fusion32_fusionL1_fusionBN0_drop0p1__wd1e-04trmiss40_trlocglobal,30,0.4359768082698186,0.6952228546142578,0.5912698412698413,0.6170980570307862,0.6222222222222222,0.0,0.0,0.0,0.0,0.0,0.0,0.0,0.0,0.0,,,,,18473,global,0.4
4,5,lr1e-04_bs32_modL1_fusion32_fusionL1_fusionBN0_drop0p1__wd1e-04trmiss40_trlocglobal,32,0.0001,0.0001,1,32,1,False,0.1,lr1e-04_bs32_modL1_fusion32_fusionL1_fusionBN0_drop0p1__wd1e-04trmiss40_trlocglobal,31,0.4256960650285085,0.697786271572113,0.5912698412698413,0.6227082840849788,0.6,0.0,0.0,0.0,0.0,0.0,0.0,0.0,0.0,0.0,,,,,18473,global,0.4
4,5,lr1e-04_bs32_modL1_fusion32_fusionL1_fusionBN0_drop0p1__wd1e-04trmiss40_trlocglobal,32,0.0001,0.0001,1,32,1,False,0.1,lr1e-04_bs32_modL1_fusion32_fusionL1_fusionBN0_drop0p1__wd1e-04trmiss40_trlocglobal,32,0.4297726054986318,0.6947586238384247,0.6031746031746031,0.6282954890834157,0.6,0.0,0.0,0.0,0.0,0.0,0.0,0.0,0.0,0.0,,,,,18473,global,0.4
4,5,lr1e-04_bs32_modL1_fusion32_fusionL1_fusionBN0_drop0p1__wd1e-04trmiss40_trlocglobal,32,0.0001,0.0001,1,32,1,False,0.1,lr1e-04_bs32_modL1_fusion32_fusionL1_fusionBN0_drop0p1__wd1e-04trmiss40_trlocglobal,33,0.42052167157332104,0.6922315061092377,0.6051587301587301,0.6294001697083159,0.6222222222222222,0.0,0.0,0.0,0.0,0.0,0.0,0.0,0.0,0.0,,,,,18473,global,0.4
4,5,lr1e-04_bs32_modL1_fusion32_fusionL1_fusionBN0_drop0p1__wd1e-04trmiss40_trlocglobal,32,0.0001,0.0001,1,32,1,False,0.1,lr1e-04_bs32_modL1_fusion32_fusionL1_fusionBN0_drop0p1__wd1e-04trmiss40_trlocglobal,34,0.4204049954811732,0.6932577788829803,0.5952380952380953,0.6245903512710281,0.6,0.0,0.0,0.0,0.0,0.0,0.0,0.0,0.0,0.0,,,,,18473,global,0.4
4,5,lr1e-04_bs32_modL1_fusion32_fusionL1_fusionBN0_drop0p1__wd1e-04trmiss40_trlocglobal,32,0.0001,0.0001,1,32,1,False,0.1,lr1e-04_bs32_modL1_fusion32_fusionL1_fusionBN0_drop0p1__wd1e-04trmiss40_trlocglobal,35,0.4043418963750203,0.6925416588783264,0.6051587301587301,0.6307810542559767,0.5555555555555556,0.0,0.0,0.0,0.0,0.0,0.0,0.0,0.0,0.0,,,,,18473,global,0.4
4,5,lr1e-04_bs32_modL1_fusion32_fusionL1_fusionBN0_drop0p1__wd1e-04trmiss40_trlocglobal,32,0.0001,0.0001,1,32,1,False,0.1,lr1e-04_bs32_modL1_fusion32_fusionL1_fusionBN0_drop0p1__wd1e-04trmiss40_trlocglobal,36,0.393034706513087,0.6909881830215454,0.613095238095238,0.6325757884153754,0.5777777777777777,0.0,0.0,0.0,0.0,0.0,0.0,0.0,0.0,0.0,,,,,18473,global,0.4
4,5,lr1e-04_bs32_modL1_fusion32_fusionL1_fusionBN0_drop0p1__wd1e-04trmiss40_trlocglobal,32,0.0001,0.0001,1,32,1,False,0.1,lr1e-04_bs32_modL1_fusion32_fusionL1_fusionBN0_drop0p1__wd1e-04trmiss40_trlocglobal,37,0.38941769301891327,0.6917393207550049,0.6150793650793651,0.6334857501011991,0.5555555555555556,0.0,0.0,0.0,0.0,0.0,0.0,0.0,0.0,0.0,,,,,18473,global,0.4
4,5,lr1e-04_bs32_modL1_fusion32_fusionL1_fusionBN0_drop0p1__wd1e-04trmiss40_trlocglobal,32,0.0001,0.0001,1,32,1,False,0.1,lr1e-04_bs32_modL1_fusion32_fusionL1_fusionBN0_drop0p1__wd1e-04trmiss40_trlocglobal,38,0.38241233428319293,0.6877223253250122,0.6190476190476191,0.6342048818590431,0.5555555555555556,0.0,0.0,0.0,0.0,0.0,0.0,0.0,0.0,0.0,,,,,18473,global,0.4
4,5,lr1e-04_bs32_modL1_fusion32_fusionL1_fusionBN0_drop0p1__wd1e-04trmiss40_trlocglobal,32,0.0001,0.0001,1,32,1,False,0.1,lr1e-04_bs32_modL1_fusion32_fusionL1_fusionBN0_drop0p1__wd1e-04trmiss40_trlocglobal,39,0.381160706281662,0.6888809204101562,0.6091269841269842,0.6344264594018828,0.5333333333333333,0.0,0.0,0.0,0.0,0.0,0.0,0.0,0.0,0.0,,,,,18473,global,0.4
4,5,lr1e-04_bs32_modL1_fusion32_fusionL1_fusionBN0_drop0p1__wd1e-04trmiss40_trlocglobal,32,0.0001,0.0001,1,32,1,False,0.1,lr1e-04_bs32_modL1_fusion32_fusionL1_fusionBN0_drop0p1__wd1e-04trmiss40_trlocglobal,40,0.37274345258871716,0.6892839670181274,0.6150793650793651,0.6367811040262643,0.5555555555555556,0.0,0.0,0.0,0.0,0.0,0.0,0.0,0.0,0.0,,,,,18473,global,0.4
4,5,lr1e-04_bs32_modL1_fusion32_fusionL1_fusionBN0_drop0p1__wd1e-04trmiss40_trlocglobal,32,0.0001,0.0001,1,32,1,False,0.1,lr1e-04_bs32_modL1_fusion32_fusionL1_fusionBN0_drop0p1__wd1e-04trmiss40_trlocglobal,41,0.36778512100378674,0.6896818280220032,0.6150793650793651,0.6363915653537174,0.5777777777777777,0.0,0.0,0.0,0.0,0.0,0.0,0.0,0.0,0.0,,,,,18473,global,0.4
4,5,lr1e-04_bs32_modL1_fusion32_fusionL1_fusionBN0_drop0p1__wd1e-04trmiss40_trlocglobal,32,0.0001,0.0001,1,32,1,False,0.1,lr1e-04_bs32_modL1_fusion32_fusionL1_fusionBN0_drop0p1__wd1e-04trmiss40_trlocglobal,42,0.368887131412824,0.6912868022918701,0.6130952380952381,0.6499978740761919,0.5555555555555556,0.0,0.0,0.0,0.0,0.0,0.0,0.0,0.0,0.0,,,,,18473,global,0.4
4,5,lr1e-04_bs32_modL1_fusion32_fusionL1_fusionBN0_drop0p1__wd1e-04trmiss40_trlocglobal,32,0.0001,0.0001,1,32,1,False,0.1,lr1e-04_bs32_modL1_fusion32_fusionL1_fusionBN0_drop0p1__wd1e-04trmiss40_trlocglobal,43,0.3562619040409724,0.6900735199451447,0.6130952380952381,0.6483692084250012,0.5333333333333333,0.0,0.0,0.0,0.0,0.0,0.0,0.0,0.0,0.0,,,,,18473,global,0.4
4,5,lr1e-04_bs32_modL1_fusion32_fusionL1_fusionBN0_drop0p1__wd1e-04trmiss40_trlocglobal,32,0.0001,0.0001,1,32,1,False,0.1,lr1e-04_bs32_modL1_fusion32_fusionL1_fusionBN0_drop0p1__wd1e-04trmiss40_trlocglobal,44,0.36593034863471985,0.6876729726791382,0.6111111111111112,0.6484942437340135,0.5555555555555556,0.0,0.0,0.0,0.0,0.0,0.0,0.0,0.0,0.0,,,,,18473,global,0.4
4,5,lr1e-04_bs32_modL1_fusion32_fusionL1_fusionBN0_drop0p1__wd1e-04trmiss40_trlocglobal,32,0.0001,0.0001,1,32,1,False,0.1,lr1e-04_bs32_modL1_fusion32_fusionL1_fusionBN0_drop0p1__wd1e-04trmiss40_trlocglobal,45,0.3594270845254262,0.690401554107666,0.6051587301587301,0.6454700244542563,0.5555555555555556,0.0,0.0,0.0,0.0,0.0,0.0,0.0,0.0,0.0,,,,,18473,global,0.4
4,5,lr1e-04_bs32_modL1_fusion32_fusionL1_fusionBN0_drop0p1__wd1e-04trmiss40_trlocglobal,32,0.0001,0.0001,1,32,1,False,0.1,lr1e-04_bs32_modL1_fusion32_fusionL1_fusionBN0_drop0p1__wd1e-04trmiss40_trlocglobal,46,0.3489849766095479,0.692173421382904,0.6051587301587302,0.6449434534523241,0.5777777777777777,0.0,0.0,0.0,0.0,0.0,0.0,0.0,0.0,0.0,,,,,18473,global,0.4
4,5,lr1e-04_bs32_modL1_fusion32_fusionL1_fusionBN0_drop0p1__wd1e-04trmiss40_trlocglobal,32,0.0001,0.0001,1,32,1,False,0.1,lr1e-04_bs32_modL1_fusion32_fusionL1_fusionBN0_drop0p1__wd1e-04trmiss40_trlocglobal,47,0.349315345287323,0.6918548047542572,0.6071428571428572,0.6490736046035354,0.5555555555555556,0.0,0.0,0.0,0.0,0.0,0.0,0.0,0.0,0.0,,,,,18473,global,0.4
4,5,lr1e-04_bs32_modL1_fusion32_fusionL1_fusionBN0_drop0p1__wd1e-04trmiss40_trlocglobal,32,0.0001,0.0001,1,32,1,False,0.1,lr1e-04_bs32_modL1_fusion32_fusionL1_fusionBN0_drop0p1__wd1e-04trmiss40_trlocglobal,48,0.3417835334936778,0.6933467090129852,0.5992063492063493,0.6434449088118727,0.5555555555555556,0.0,0.0,0.0,0.0,0.0,0.0,0.0,0.0,0.0,,,,,18473,global,0.4
4,5,lr1e-04_bs32_modL1_fusion32_fusionL1_fusionBN0_drop0p1__wd1e-04trmiss40_trlocglobal,32,0.0001,0.0001,1,32,1,False,0.1,lr1e-04_bs32_modL1_fusion32_fusionL1_fusionBN0_drop0p1__wd1e-04trmiss40_trlocglobal,49,0.3412896494070689,0.6938707232475281,0.5992063492063492,0.6426529967026643,0.5555555555555556,0.0,0.0,0.0,0.0,0.0,0.0,0.0,0.0,0.0,,,,,18473,global,0.4
4,5,lr1e-04_bs32_modL1_fusion32_fusionL1_fusionBN0_drop0p1__wd1e-04trmiss40_trlocglobal,32,0.0001,0.0001,1,32,1,False,0.1,lr1e-04_bs32_modL1_fusion32_fusionL1_fusionBN0_drop0p1__wd1e-04trmiss40_trlocglobal,50,0.33111829062302905,0.6948906779289246,0.5952380952380952,0.6412471313262106,0.5333333333333333,0.0,0.0,0.0,0.0,0.0,0.0,0.0,0.0,0.0,,,,,18473,global,0.4
4,5,lr1e-04_bs32_modL1_fusion32_fusionL1_fusionBN0_drop0p1__wd1e-04trmiss40_trlocglobal,32,0.0001,0.0001,1,32,1,False,0.1,lr1e-04_bs32_modL1_fusion32_fusionL1_fusionBN0_drop0p1__wd1e-04trmiss40_trlocglobal,51,0.326013907790184,0.6928009986877441,0.5932539682539683,0.6427840427315431,0.5777777777777777,0.0,0.0,0.0,0.0,0.0,0.0,0.0,0.0,0.0,,,,,18473,global,0.4
4,5,lr1e-04_bs32_modL1_fusion32_fusionL1_fusionBN0_drop0p1__wd1e-04trmiss40_trlocglobal,32,0.0001,0.0001,1,32,1,False,0.1,lr1e-04_bs32_modL1_fusion32_fusionL1_fusionBN0_drop0p1__wd1e-04trmiss40_trlocglobal,52,0.32494338353474933,0.6913129389286041,0.5952380952380953,0.643314681343577,0.5777777777777777,0.0,0.0,0.0,0.0,0.0,0.0,0.0,0.0,0.0,,,,,18473,global,0.4
4,5,lr1e-04_bs32_modL1_fusion32_fusionL1_fusionBN0_drop0p1__wd1e-04trmiss40_trlocglobal,32,0.0001,0.0001,1,32,1,False,0.1,lr1e-04_bs32_modL1_fusion32_fusionL1_fusionBN0_drop0p1__wd1e-04trmiss40_trlocglobal,53,0.3253869066635768,0.693949282169342,0.5952380952380953,0.6412667662828179,0.5555555555555556,0.0,0.0,0.0,0.0,0.0,0.0,0.0,0.0,0.0,,,,,18473,global,0.4
4,5,lr1e-04_bs32_modL1_fusion32_fusionL1_fusionBN0_drop0p1__wd1e-04trmiss40_trlocglobal,32,0.0001,0.0001,1,32,1,False,0.1,lr1e-04_bs32_modL1_fusion32_fusionL1_fusionBN0_drop0p1__wd1e-04trmiss40_trlocglobal,54,0.32996538281440735,0.6956781446933746,0.5952380952380952,0.6417972660982147,0.5555555555555556,0.0,0.0,0.0,0.0,0.0,0.0,0.0,0.0,0.0,,,,,18473,global,0.4
4,5,lr1e-04_bs32_modL1_fusion32_fusionL1_fusionBN0_drop0p1__wd1e-04trmiss40_trlocglobal,32,0.0001,0.0001,1,32,1,False,0.1,lr1e-04_bs32_modL1_fusion32_fusionL1_fusionBN0_drop0p1__wd1e-04trmiss40_trlocglobal,55,0.3242522676785787,0.6954929530620575,0.5952380952380952,0.6417972660982147,0.5555555555555556,0.0,0.0,0.0,0.0,0.0,0.0,0.0,0.0,0.0,,,,,18473,global,0.4
4,5,lr1e-04_bs32_modL1_fusion32_fusionL1_fusionBN0_drop0p1__wd1e-04trmiss40_trlocglobal,32,0.0001,0.0001,1,32,1,False,0.1,lr1e-04_bs32_modL1_fusion32_fusionL1_fusionBN0_drop0p1__wd1e-04trmiss40_trlocglobal,56,0.3191334108511607,0.6940335631370544,0.5972222222222222,0.6423279047102487,0.5777777777777777,0.0,0.0,0.0,0.0,0.0,0.0,0.0,0.0,0.0,,,,,18473,global,0.4
4,5,lr1e-04_bs32_modL1_fusion32_fusionL1_fusionBN0_drop0p1__wd1e-04trmiss40_trlocglobal,32,0.0001,0.0001,1,32,1,False,0.1,lr1e-04_bs32_modL1_fusion32_fusionL1_fusionBN0_drop0p1__wd1e-04trmiss40_trlocglobal,57,0.31759897867838544,0.6933713257312775,0.5952380952380952,0.6419645487434446,0.6,0.0,0.0,0.0,0.0,0.0,0.0,0.0,0.0,0.0,,,,,18473,global,0.4
4,5,lr1e-04_bs32_modL1_fusion32_fusionL1_fusionBN0_drop0p1__wd1e-04trmiss40_trlocglobal,32,0.0001,0.0001,1,32,1,False,0.1,lr1e-04_bs32_modL1_fusion32_fusionL1_fusionBN0_drop0p1__wd1e-04trmiss40_trlocglobal,58,0.318318913380305,0.6911354064941406,0.6051587301587301,0.6455724564631943,0.5777777777777777,0.0,0.0,0.0,0.0,0.0,0.0,0.0,0.0,0.0,,,,,18473,global,0.4
4,5,lr5e-05_bs32_modL1_fusion16_fusionL1_fusionBN0_drop0p2__wd1e-04trmiss40_trlocglobal,32,5e-05,0.0001,1,16,1,False,0.2,lr5e-05_bs32_modL1_fusion16_fusionL1_fusionBN0_drop0p2__wd1e-04trmiss40_trlocglobal,1,0.6970595816771189,0.6895761489868164,0.6011904761904763,0.6994436818361993,0.5555555555555556,0.0,0.0,0.0,0.0,0.0,0.0,0.0,0.0,0.0,,,,,18473,global,0.4
4,5,lr5e-05_bs32_modL1_fusion16_fusionL1_fusionBN0_drop0p2__wd1e-04trmiss40_trlocglobal,32,5e-05,0.0001,1,16,1,False,0.2,lr5e-05_bs32_modL1_fusion16_fusionL1_fusionBN0_drop0p2__wd1e-04trmiss40_trlocglobal,2,0.6942729751269022,0.689710795879364,0.5952380952380952,0.6920565513924822,0.5555555555555556,0.0,0.0,0.0,0.0,0.0,0.0,0.0,0.0,0.0,,,,,18473,global,0.4
4,5,lr5e-05_bs32_modL1_fusion16_fusionL1_fusionBN0_drop0p2__wd1e-04trmiss40_trlocglobal,32,5e-05,0.0001,1,16,1,False,0.2,lr5e-05_bs32_modL1_fusion16_fusionL1_fusionBN0_drop0p2__wd1e-04trmiss40_trlocglobal,3,0.6898898482322693,0.6900013089179993,0.5912698412698413,0.689653762048607,0.5333333333333333,0.0,0.0,0.0,0.0,0.0,0.0,0.0,0.0,0.0,,,,,18473,global,0.4
4,5,lr5e-05_bs32_modL1_fusion16_fusionL1_fusionBN0_drop0p2__wd1e-04trmiss40_trlocglobal,32,5e-05,0.0001,1,16,1,False,0.2,lr5e-05_bs32_modL1_fusion16_fusionL1_fusionBN0_drop0p2__wd1e-04trmiss40_trlocglobal,4,0.6790074408054352,0.6894057989120483,0.5952380952380952,0.6857874864584422,0.5333333333333333,0.0,0.0,0.0,0.0,0.0,0.0,0.0,0.0,0.0,,,,,18473,global,0.4
4,5,lr5e-05_bs32_modL1_fusion16_fusionL1_fusionBN0_drop0p2__wd1e-04trmiss40_trlocglobal,32,5e-05,0.0001,1,16,1,False,0.2,lr5e-05_bs32_modL1_fusion16_fusionL1_fusionBN0_drop0p2__wd1e-04trmiss40_trlocglobal,5,0.676999976237615,0.6881957352161407,0.5992063492063492,0.6799986611667245,0.5555555555555556,0.0,0.0,0.0,0.0,0.0,0.0,0.0,0.0,0.0,,,,,18473,global,0.4
4,5,lr5e-05_bs32_modL1_fusion16_fusionL1_fusionBN0_drop0p2__wd1e-04trmiss40_trlocglobal,32,5e-05,0.0001,1,16,1,False,0.2,lr5e-05_bs32_modL1_fusion16_fusionL1_fusionBN0_drop0p2__wd1e-04trmiss40_trlocglobal,6,0.6701972683270773,0.6860156357288361,0.6051587301587301,0.6932503313656563,0.5555555555555556,0.0,0.0,0.0,0.0,0.0,0.0,0.0,0.0,0.0,,,,,18473,global,0.4
4,5,lr5e-05_bs32_modL1_fusion16_fusionL1_fusionBN0_drop0p2__wd1e-04trmiss40_trlocglobal,32,5e-05,0.0001,1,16,1,False,0.2,lr5e-05_bs32_modL1_fusion16_fusionL1_fusionBN0_drop0p2__wd1e-04trmiss40_trlocglobal,7,0.6674657166004181,0.6847650110721588,0.6051587301587301,0.6948080325990239,0.5555555555555556,0.0,0.0,0.0,0.0,0.0,0.0,0.0,0.0,0.0,,,,,18473,global,0.4
4,5,lr5e-05_bs32_modL1_fusion16_fusionL1_fusionBN0_drop0p2__wd1e-04trmiss40_trlocglobal,32,5e-05,0.0001,1,16,1,False,0.2,lr5e-05_bs32_modL1_fusion16_fusionL1_fusionBN0_drop0p2__wd1e-04trmiss40_trlocglobal,8,0.6644201179345449,0.6843644678592682,0.6051587301587302,0.6955521961675212,0.5555555555555556,0.0,0.0,0.0,0.0,0.0,0.0,0.0,0.0,0.0,,,,,18473,global,0.4
4,5,lr5e-05_bs32_modL1_fusion16_fusionL1_fusionBN0_drop0p2__wd1e-04trmiss40_trlocglobal,32,5e-05,0.0001,1,16,1,False,0.2,lr5e-05_bs32_modL1_fusion16_fusionL1_fusionBN0_drop0p2__wd1e-04trmiss40_trlocglobal,9,0.6548434595266978,0.6827796399593353,0.6071428571428572,0.6975136606289857,0.6,0.0,0.0,0.0,0.0,0.0,0.0,0.0,0.0,0.0,,,,,18473,global,0.4
4,5,lr5e-05_bs32_modL1_fusion16_fusionL1_fusionBN0_drop0p2__wd1e-04trmiss40_trlocglobal,32,5e-05,0.0001,1,16,1,False,0.2,lr5e-05_bs32_modL1_fusion16_fusionL1_fusionBN0_drop0p2__wd1e-04trmiss40_trlocglobal,10,0.6499048272768656,0.6818471252918243,0.6091269841269841,0.7007400476491639,0.6222222222222222,0.0,0.0,0.0,0.0,0.0,0.0,0.0,0.0,0.0,,,,,18473,global,0.4
4,5,lr5e-05_bs32_modL1_fusion16_fusionL1_fusionBN0_drop0p2__wd1e-04trmiss40_trlocglobal,32,5e-05,0.0001,1,16,1,False,0.2,lr5e-05_bs32_modL1_fusion16_fusionL1_fusionBN0_drop0p2__wd1e-04trmiss40_trlocglobal,11,0.6545900503794352,0.6811176836490631,0.6011904761904763,0.6961307031391362,0.6444444444444445,0.0,0.0,0.0,0.0,0.0,0.0,0.0,0.0,0.0,,,,,18473,global,0.4
4,5,lr5e-05_bs32_modL1_fusion16_fusionL1_fusionBN0_drop0p2__wd1e-04trmiss40_trlocglobal,32,5e-05,0.0001,1,16,1,False,0.2,lr5e-05_bs32_modL1_fusion16_fusionL1_fusionBN0_drop0p2__wd1e-04trmiss40_trlocglobal,12,0.6386997799078623,0.6807686984539032,0.6051587301587302,0.6985913119549988,0.6444444444444445,0.0,0.0,0.0,0.0,0.0,0.0,0.0,0.0,0.0,,,,,18473,global,0.4
4,5,lr5e-05_bs32_modL1_fusion16_fusionL1_fusionBN0_drop0p2__wd1e-04trmiss40_trlocglobal,32,5e-05,0.0001,1,16,1,False,0.2,lr5e-05_bs32_modL1_fusion16_fusionL1_fusionBN0_drop0p2__wd1e-04trmiss40_trlocglobal,13,0.6464607218901316,0.6801776885986328,0.5992063492063492,0.6936887921986926,0.6444444444444445,0.0,0.0,0.0,0.0,0.0,0.0,0.0,0.0,0.0,,,,,18473,global,0.4
4,5,lr5e-05_bs32_modL1_fusion16_fusionL1_fusionBN0_drop0p2__wd1e-04trmiss40_trlocglobal,32,5e-05,0.0001,1,16,1,False,0.2,lr5e-05_bs32_modL1_fusion16_fusionL1_fusionBN0_drop0p2__wd1e-04trmiss40_trlocglobal,14,0.642697294553121,0.680169552564621,0.5892857142857142,0.6889434527034499,0.6444444444444445,0.0,0.0,0.0,0.0,0.0,0.0,0.0,0.0,0.0,,,,,18473,global,0.4
4,5,lr5e-05_bs32_modL1_fusion16_fusionL1_fusionBN0_drop0p2__wd1e-04trmiss40_trlocglobal,32,5e-05,0.0001,1,16,1,False,0.2,lr5e-05_bs32_modL1_fusion16_fusionL1_fusionBN0_drop0p2__wd1e-04trmiss40_trlocglobal,15,0.6431155105431875,0.6795968115329742,0.5912698412698412,0.6894485032085004,0.6444444444444445,0.0,0.0,0.0,0.0,0.0,0.0,0.0,0.0,0.0,,,,,18473,global,0.4
4,5,lr5e-05_bs32_modL1_fusion16_fusionL1_fusionBN0_drop0p2__wd1e-04trmiss40_trlocglobal,32,5e-05,0.0001,1,16,1,False,0.2,lr5e-05_bs32_modL1_fusion16_fusionL1_fusionBN0_drop0p2__wd1e-04trmiss40_trlocglobal,16,0.6356339255968729,0.6785537898540497,0.5992063492063492,0.6968171311735678,0.6444444444444445,0.0,0.0,0.0,0.0,0.0,0.0,0.0,0.0,0.0,,,,,18473,global,0.4
4,5,lr5e-05_bs32_modL1_fusion16_fusionL1_fusionBN0_drop0p2__wd1e-04trmiss40_trlocglobal,32,5e-05,0.0001,1,16,1,False,0.2,lr5e-05_bs32_modL1_fusion16_fusionL1_fusionBN0_drop0p2__wd1e-04trmiss40_trlocglobal,17,0.6306364337603251,0.6782395541667938,0.6031746031746031,0.7058638865051529,0.6444444444444445,0.0,0.0,0.0,0.0,0.0,0.0,0.0,0.0,0.0,,,,,18473,global,0.4
4,5,lr5e-05_bs32_modL1_fusion16_fusionL1_fusionBN0_drop0p2__wd1e-04trmiss40_trlocglobal,32,5e-05,0.0001,1,16,1,False,0.2,lr5e-05_bs32_modL1_fusion16_fusionL1_fusionBN0_drop0p2__wd1e-04trmiss40_trlocglobal,18,0.6364753643671671,0.6773400902748108,0.6071428571428571,0.7084152880233142,0.6222222222222222,0.0,0.0,0.0,0.0,0.0,0.0,0.0,0.0,0.0,,,,,18473,global,0.4
4,5,lr5e-05_bs32_modL1_fusion16_fusionL1_fusionBN0_drop0p2__wd1e-04trmiss40_trlocglobal,32,5e-05,0.0001,1,16,1,False,0.2,lr5e-05_bs32_modL1_fusion16_fusionL1_fusionBN0_drop0p2__wd1e-04trmiss40_trlocglobal,19,0.6312822103500366,0.6777220368385315,0.5992063492063492,0.7044202385561286,0.6222222222222222,0.0,0.0,0.0,0.0,0.0,0.0,0.0,0.0,0.0,,,,,18473,global,0.4
4,5,lr5e-05_bs32_modL1_fusion16_fusionL1_fusionBN0_drop0p2__wd1e-04trmiss40_trlocglobal,32,5e-05,0.0001,1,16,1,False,0.2,lr5e-05_bs32_modL1_fusion16_fusionL1_fusionBN0_drop0p2__wd1e-04trmiss40_trlocglobal,20,0.6248134970664978,0.676608681678772,0.6091269841269842,0.7144234243097827,0.6222222222222222,0.0,0.0,0.0,0.0,0.0,0.0,0.0,0.0,0.0,,,,,18473,global,0.4
4,5,lr5e-05_bs32_modL1_fusion16_fusionL1_fusionBN0_drop0p2__wd1e-04trmiss40_trlocglobal,32,5e-05,0.0001,1,16,1,False,0.2,lr5e-05_bs32_modL1_fusion16_fusionL1_fusionBN0_drop0p2__wd1e-04trmiss40_trlocglobal,21,0.6226380070050558,0.6762902438640594,0.6051587301587302,0.7144342811642572,0.6222222222222222,0.0,0.0,0.0,0.0,0.0,0.0,0.0,0.0,0.0,,,,,18473,global,0.4
4,5,lr5e-05_bs32_modL1_fusion16_fusionL1_fusionBN0_drop0p2__wd1e-04trmiss40_trlocglobal,32,5e-05,0.0001,1,16,1,False,0.2,lr5e-05_bs32_modL1_fusion16_fusionL1_fusionBN0_drop0p2__wd1e-04trmiss40_trlocglobal,22,0.6205479204654694,0.6752122640609741,0.6190476190476191,0.724471269902407,0.6222222222222222,0.0,0.0,0.0,0.0,0.0,0.0,0.0,0.0,0.0,,,,,18473,global,0.4
4,5,lr5e-05_bs32_modL1_fusion16_fusionL1_fusionBN0_drop0p2__wd1e-04trmiss40_trlocglobal,32,5e-05,0.0001,1,16,1,False,0.2,lr5e-05_bs32_modL1_fusion16_fusionL1_fusionBN0_drop0p2__wd1e-04trmiss40_trlocglobal,23,0.6247273484865824,0.674361377954483,0.6170634920634921,0.7239051148872264,0.6222222222222222,0.0,0.0,0.0,0.0,0.0,0.0,0.0,0.0,0.0,,,,,18473,global,0.4
4,5,lr5e-05_bs32_modL1_fusion16_fusionL1_fusionBN0_drop0p2__wd1e-04trmiss40_trlocglobal,32,5e-05,0.0001,1,16,1,False,0.2,lr5e-05_bs32_modL1_fusion16_fusionL1_fusionBN0_drop0p2__wd1e-04trmiss40_trlocglobal,24,0.6142118573188782,0.6738484799861908,0.6150793650793651,0.7221760480937849,0.6444444444444445,0.0,0.0,0.0,0.0,0.0,0.0,0.0,0.0,0.0,,,,,18473,global,0.4
4,5,lr5e-05_bs32_modL1_fusion16_fusionL1_fusionBN0_drop0p2__wd1e-04trmiss40_trlocglobal,32,5e-05,0.0001,1,16,1,False,0.2,lr5e-05_bs32_modL1_fusion16_fusionL1_fusionBN0_drop0p2__wd1e-04trmiss40_trlocglobal,25,0.6146129866441091,0.6727275848388672,0.623015873015873,0.7268324889916447,0.6444444444444445,0.0,0.0,0.0,0.0,0.0,0.0,0.0,0.0,0.0,,,,,18473,global,0.4
4,5,lr5e-05_bs32_modL1_fusion16_fusionL1_fusionBN0_drop0p2__wd1e-04trmiss40_trlocglobal,32,5e-05,0.0001,1,16,1,False,0.2,lr5e-05_bs32_modL1_fusion16_fusionL1_fusionBN0_drop0p2__wd1e-04trmiss40_trlocglobal,26,0.6123254398504893,0.671629399061203,0.626984126984127,0.7290837375042644,0.6444444444444445,0.0,0.0,0.0,0.0,0.0,0.0,0.0,0.0,0.0,,,,,18473,global,0.4
4,5,lr5e-05_bs32_modL1_fusion16_fusionL1_fusionBN0_drop0p2__wd1e-04trmiss40_trlocglobal,32,5e-05,0.0001,1,16,1,False,0.2,lr5e-05_bs32_modL1_fusion16_fusionL1_fusionBN0_drop0p2__wd1e-04trmiss40_trlocglobal,27,0.611808697382609,0.6712883412837982,0.6309523809523809,0.7309890045411103,0.6444444444444445,0.0,0.0,0.0,0.0,0.0,0.0,0.0,0.0,0.0,,,,,18473,global,0.4
4,5,lr5e-05_bs32_modL1_fusion16_fusionL1_fusionBN0_drop0p2__wd1e-04trmiss40_trlocglobal,32,5e-05,0.0001,1,16,1,False,0.2,lr5e-05_bs32_modL1_fusion16_fusionL1_fusionBN0_drop0p2__wd1e-04trmiss40_trlocglobal,28,0.6073563595612844,0.6710483431816101,0.6349206349206349,0.7313046611067668,0.6444444444444445,0.0,0.0,0.0,0.0,0.0,0.0,0.0,0.0,0.0,,,,,18473,global,0.4
4,5,lr5e-05_bs32_modL1_fusion16_fusionL1_fusionBN0_drop0p2__wd1e-04trmiss40_trlocglobal,32,5e-05,0.0001,1,16,1,False,0.2,lr5e-05_bs32_modL1_fusion16_fusionL1_fusionBN0_drop0p2__wd1e-04trmiss40_trlocglobal,29,0.602800707022349,0.6694672405719757,0.634920634920635,0.7317077759013291,0.6444444444444445,0.0,0.0,0.0,0.0,0.0,0.0,0.0,0.0,0.0,,,,,18473,global,0.4
4,5,lr5e-05_bs32_modL1_fusion16_fusionL1_fusionBN0_drop0p2__wd1e-04trmiss40_trlocglobal,32,5e-05,0.0001,1,16,1,False,0.2,lr5e-05_bs32_modL1_fusion16_fusionL1_fusionBN0_drop0p2__wd1e-04trmiss40_trlocglobal,30,0.600670337677002,0.6673812866210938,0.6369047619047619,0.7317759480661832,0.6666666666666666,0.0,0.0,0.0,0.0,0.0,0.0,0.0,0.0,0.0,,,,,18473,global,0.4
4,5,lr5e-05_bs32_modL1_fusion16_fusionL1_fusionBN0_drop0p2__wd1e-04trmiss40_trlocglobal,32,5e-05,0.0001,1,16,1,False,0.2,lr5e-05_bs32_modL1_fusion16_fusionL1_fusionBN0_drop0p2__wd1e-04trmiss40_trlocglobal,31,0.602543036142985,0.6677976548671722,0.626984126984127,0.7234045462074087,0.6444444444444445,0.0,0.0,0.0,0.0,0.0,0.0,0.0,0.0,0.0,,,,,18473,global,0.4
4,5,lr5e-05_bs32_modL1_fusion16_fusionL1_fusionBN0_drop0p2__wd1e-04trmiss40_trlocglobal,32,5e-05,0.0001,1,16,1,False,0.2,lr5e-05_bs32_modL1_fusion16_fusionL1_fusionBN0_drop0p2__wd1e-04trmiss40_trlocglobal,32,0.5910262763500214,0.6670981347560883,0.626984126984127,0.7231304014413027,0.6666666666666666,0.0,0.0,0.0,0.0,0.0,0.0,0.0,0.0,0.0,,,,,18473,global,0.4
4,5,lr5e-05_bs32_modL1_fusion16_fusionL1_fusionBN0_drop0p2__wd1e-04trmiss40_trlocglobal,32,5e-05,0.0001,1,16,1,False,0.2,lr5e-05_bs32_modL1_fusion16_fusionL1_fusionBN0_drop0p2__wd1e-04trmiss40_trlocglobal,33,0.5995309054851532,0.6667403876781464,0.6309523809523809,0.7330968638460197,0.6666666666666666,0.0,0.0,0.0,0.0,0.0,0.0,0.0,0.0,0.0,,,,,18473,global,0.4
4,5,lr5e-05_bs32_modL1_fusion16_fusionL1_fusionBN0_drop0p2__wd1e-04trmiss40_trlocglobal,32,5e-05,0.0001,1,16,1,False,0.2,lr5e-05_bs32_modL1_fusion16_fusionL1_fusionBN0_drop0p2__wd1e-04trmiss40_trlocglobal,34,0.6039933562278748,0.6675690412521362,0.628968253968254,0.7341846387541213,0.6444444444444445,0.0,0.0,0.0,0.0,0.0,0.0,0.0,0.0,0.0,,,,,18473,global,0.4
4,5,lr5e-05_bs32_modL1_fusion16_fusionL1_fusionBN0_drop0p2__wd1e-04trmiss40_trlocglobal,32,5e-05,0.0001,1,16,1,False,0.2,lr5e-05_bs32_modL1_fusion16_fusionL1_fusionBN0_drop0p2__wd1e-04trmiss40_trlocglobal,35,0.5961589813232422,0.6665968894958496,0.628968253968254,0.7313588876274114,0.6666666666666666,0.0,0.0,0.0,0.0,0.0,0.0,0.0,0.0,0.0,,,,,18473,global,0.4
4,5,lr5e-05_bs32_modL1_fusion16_fusionL1_fusionBN0_drop0p2__wd1e-04trmiss40_trlocglobal,32,5e-05,0.0001,1,16,1,False,0.2,lr5e-05_bs32_modL1_fusion16_fusionL1_fusionBN0_drop0p2__wd1e-04trmiss40_trlocglobal,36,0.590397040049235,0.6647741496562958,0.623015873015873,0.7337469473880625,0.6666666666666666,0.0,0.0,0.0,0.0,0.0,0.0,0.0,0.0,0.0,,,,,18473,global,0.4
4,5,lr5e-05_bs32_modL1_fusion16_fusionL1_fusionBN0_drop0p2__wd1e-04trmiss40_trlocglobal,32,5e-05,0.0001,1,16,1,False,0.2,lr5e-05_bs32_modL1_fusion16_fusionL1_fusionBN0_drop0p2__wd1e-04trmiss40_trlocglobal,37,0.5867162545522054,0.663963258266449,0.628968253968254,0.7366798251308866,0.6666666666666666,0.0,0.0,0.0,0.0,0.0,0.0,0.0,0.0,0.0,,,,,18473,global,0.4
4,5,lr5e-05_bs32_modL1_fusion16_fusionL1_fusionBN0_drop0p2__wd1e-04trmiss40_trlocglobal,32,5e-05,0.0001,1,16,1,False,0.2,lr5e-05_bs32_modL1_fusion16_fusionL1_fusionBN0_drop0p2__wd1e-04trmiss40_trlocglobal,38,0.5822903215885162,0.6639415323734283,0.621031746031746,0.7306384441291728,0.6666666666666666,0.0,0.0,0.0,0.0,0.0,0.0,0.0,0.0,0.0,,,,,18473,global,0.4
4,5,lr5e-05_bs32_modL1_fusion16_fusionL1_fusionBN0_drop0p2__wd1e-04trmiss40_trlocglobal,32,5e-05,0.0001,1,16,1,False,0.2,lr5e-05_bs32_modL1_fusion16_fusionL1_fusionBN0_drop0p2__wd1e-04trmiss40_trlocglobal,39,0.5848575631777445,0.6640889048576355,0.623015873015873,0.7297154876566807,0.6666666666666666,0.0,0.0,0.0,0.0,0.0,0.0,0.0,0.0,0.0,,,,,18473,global,0.4
4,5,lr5e-05_bs32_modL1_fusion16_fusionL1_fusionBN0_drop0p2__wd1e-04trmiss40_trlocglobal,32,5e-05,0.0001,1,16,1,False,0.2,lr5e-05_bs32_modL1_fusion16_fusionL1_fusionBN0_drop0p2__wd1e-04trmiss40_trlocglobal,40,0.583233634630839,0.6626688539981842,0.6309523809523809,0.7295678872713774,0.6666666666666666,0.0,0.0,0.0,0.0,0.0,0.0,0.0,0.0,0.0,,,,,18473,global,0.4
4,5,lr5e-05_bs32_modL1_fusion16_fusionL1_fusionBN0_drop0p2__wd1e-04trmiss40_trlocglobal,32,5e-05,0.0001,1,16,1,False,0.2,lr5e-05_bs32_modL1_fusion16_fusionL1_fusionBN0_drop0p2__wd1e-04trmiss40_trlocglobal,41,0.5811749200026194,0.662354439496994,0.6428571428571429,0.7335314409743755,0.6666666666666666,0.0,0.0,0.0,0.0,0.0,0.0,0.0,0.0,0.0,,,,,18473,global,0.4
4,5,lr5e-05_bs32_modL1_fusion16_fusionL1_fusionBN0_drop0p2__wd1e-04trmiss40_trlocglobal,32,5e-05,0.0001,1,16,1,False,0.2,lr5e-05_bs32_modL1_fusion16_fusionL1_fusionBN0_drop0p2__wd1e-04trmiss40_trlocglobal,42,0.5834236542383829,0.6623782217502594,0.6448412698412699,0.7349508500224611,0.6666666666666666,0.0,0.0,0.0,0.0,0.0,0.0,0.0,0.0,0.0,,,,,18473,global,0.4
4,5,lr5e-05_bs32_modL1_fusion16_fusionL1_fusionBN0_drop0p2__wd1e-04trmiss40_trlocglobal,32,5e-05,0.0001,1,16,1,False,0.2,lr5e-05_bs32_modL1_fusion16_fusionL1_fusionBN0_drop0p2__wd1e-04trmiss40_trlocglobal,43,0.5857996543248495,0.6623101830482483,0.6428571428571429,0.7289364665651399,0.6666666666666666,0.0,0.0,0.0,0.0,0.0,0.0,0.0,0.0,0.0,,,,,18473,global,0.4
4,5,lr5e-05_bs32_modL1_fusion16_fusionL1_fusionBN0_drop0p2__wd1e-04trmiss40_trlocglobal,32,5e-05,0.0001,1,16,1,False,0.2,lr5e-05_bs32_modL1_fusion16_fusionL1_fusionBN0_drop0p2__wd1e-04trmiss40_trlocglobal,44,0.5796588162581126,0.6641707122325897,0.6309523809523809,0.7263469596848245,0.6444444444444445,0.0,0.0,0.0,0.0,0.0,0.0,0.0,0.0,0.0,,,,,18473,global,0.4
4,5,lr5e-05_bs32_modL1_fusion16_fusionL1_fusionBN0_drop0p2__wd1e-04trmiss40_trlocglobal,32,5e-05,0.0001,1,16,1,False,0.2,lr5e-05_bs32_modL1_fusion16_fusionL1_fusionBN0_drop0p2__wd1e-04trmiss40_trlocglobal,45,0.5790272752443949,0.6641596853733063,0.634920634920635,0.7347620249400602,0.6666666666666666,0.0,0.0,0.0,0.0,0.0,0.0,0.0,0.0,0.0,,,,,18473,global,0.4
4,5,lr5e-05_bs32_modL1_fusion16_fusionL1_fusionBN0_drop0p2__wd1e-04trmiss40_trlocglobal,32,5e-05,0.0001,1,16,1,False,0.2,lr5e-05_bs32_modL1_fusion16_fusionL1_fusionBN0_drop0p2__wd1e-04trmiss40_trlocglobal,46,0.583750327428182,0.6631685793399811,0.636904761904762,0.7348440748974283,0.6666666666666666,0.0,0.0,0.0,0.0,0.0,0.0,0.0,0.0,0.0,,,,,18473,global,0.4
4,5,lr5e-05_bs32_modL1_fusion16_fusionL1_fusionBN0_drop0p2__wd1e-04trmiss40_trlocglobal,32,5e-05,0.0001,1,16,1,False,0.2,lr5e-05_bs32_modL1_fusion16_fusionL1_fusionBN0_drop0p2__wd1e-04trmiss40_trlocglobal,47,0.5864317317803701,0.6622470617294312,0.638888888888889,0.7355384422234881,0.6666666666666666,0.0,0.0,0.0,0.0,0.0,0.0,0.0,0.0,0.0,,,,,18473,global,0.4
4,5,lr5e-05_bs32_modL1_fusion16_fusionL1_fusionBN0_drop0p2__wd1e-04trmiss40_trlocglobal,32,5e-05,0.0001,1,16,1,False,0.2,lr5e-05_bs32_modL1_fusion16_fusionL1_fusionBN0_drop0p2__wd1e-04trmiss40_trlocglobal,48,0.5738343993822733,0.6618969738483429,0.6408730158730158,0.7385750875702022,0.6888888888888889,0.0,0.0,0.0,0.0,0.0,0.0,0.0,0.0,0.0,,,,,18473,global,0.4
4,5,lr5e-05_bs32_modL1_fusion16_fusionL1_fusionBN0_drop0p2__wd1e-04trmiss40_trlocglobal,32,5e-05,0.0001,1,16,1,False,0.2,lr5e-05_bs32_modL1_fusion16_fusionL1_fusionBN0_drop0p2__wd1e-04trmiss40_trlocglobal,49,0.5710253218809763,0.6617234945297241,0.6488095238095237,0.7418609254694581,0.6888888888888889,0.0,0.0,0.0,0.0,0.0,0.0,0.0,0.0,0.0,,,,,18473,global,0.4
4,5,lr5e-05_bs32_modL1_fusion16_fusionL1_fusionBN0_drop0p2__wd1e-04trmiss40_trlocglobal,32,5e-05,0.0001,1,16,1,False,0.2,lr5e-05_bs32_modL1_fusion16_fusionL1_fusionBN0_drop0p2__wd1e-04trmiss40_trlocglobal,50,0.5689572890599569,0.6613692939281464,0.6587301587301587,0.7485094963403756,0.6666666666666666,0.0,0.0,0.0,0.0,0.0,0.0,0.0,0.0,0.0,,,,,18473,global,0.4
4,5,lr5e-05_bs32_modL1_fusion16_fusionL1_fusionBN0_drop0p2__wd1e-04trmiss40_trlocglobal,32,5e-05,0.0001,1,16,1,False,0.2,lr5e-05_bs32_modL1_fusion16_fusionL1_fusionBN0_drop0p2__wd1e-04trmiss40_trlocglobal,51,0.5676109691460928,0.66133713722229,0.6587301587301587,0.7485094963403756,0.6666666666666666,0.0,0.0,0.0,0.0,0.0,0.0,0.0,0.0,0.0,,,,,18473,global,0.4
4,5,lr5e-05_bs32_modL1_fusion16_fusionL1_fusionBN0_drop0p2__wd1e-04trmiss40_trlocglobal,32,5e-05,0.0001,1,16,1,False,0.2,lr5e-05_bs32_modL1_fusion16_fusionL1_fusionBN0_drop0p2__wd1e-04trmiss40_trlocglobal,52,0.5709283848603567,0.6614524126052856,0.6587301587301587,0.7484037500723486,0.6666666666666666,0.0,0.0,0.0,0.0,0.0,0.0,0.0,0.0,0.0,,,,,18473,global,0.4
4,5,lr5e-05_bs32_modL1_fusion16_fusionL1_fusionBN0_drop0p2__wd1e-04trmiss40_trlocglobal,32,5e-05,0.0001,1,16,1,False,0.2,lr5e-05_bs32_modL1_fusion16_fusionL1_fusionBN0_drop0p2__wd1e-04trmiss40_trlocglobal,53,0.570175955692927,0.6599079072475433,0.6626984126984128,0.746943921774285,0.6888888888888889,0.0,0.0,0.0,0.0,0.0,0.0,0.0,0.0,0.0,,,,,18473,global,0.4
4,5,lr5e-05_bs32_modL1_fusion16_fusionL1_fusionBN0_drop0p2__wd1e-04trmiss40_trlocglobal,32,5e-05,0.0001,1,16,1,False,0.2,lr5e-05_bs32_modL1_fusion16_fusionL1_fusionBN0_drop0p2__wd1e-04trmiss40_trlocglobal,54,0.5736214518547058,0.6586274206638336,0.6607142857142857,0.7461639374158693,0.6666666666666666,0.0,0.0,0.0,0.0,0.0,0.0,0.0,0.0,0.0,,,,,18473,global,0.4
4,5,lr5e-05_bs32_modL1_fusion16_fusionL1_fusionBN0_drop0p2__wd1e-04trmiss40_trlocglobal,32,5e-05,0.0001,1,16,1,False,0.2,lr5e-05_bs32_modL1_fusion16_fusionL1_fusionBN0_drop0p2__wd1e-04trmiss40_trlocglobal,55,0.5727583269278208,0.6584892570972443,0.6567460317460317,0.7443603789312763,0.6666666666666666,0.0,0.0,0.0,0.0,0.0,0.0,0.0,0.0,0.0,,,,,18473,global,0.4
4,5,lr5e-05_bs32_modL1_fusion16_fusionL1_fusionBN0_drop0p2__wd1e-04trmiss40_trlocglobal,32,5e-05,0.0001,1,16,1,False,0.2,lr5e-05_bs32_modL1_fusion16_fusionL1_fusionBN0_drop0p2__wd1e-04trmiss40_trlocglobal,56,0.5631493727366129,0.6587134301662445,0.6507936507936508,0.742624014196653,0.6444444444444445,0.0,0.0,0.0,0.0,0.0,0.0,0.0,0.0,0.0,,,,,18473,global,0.4
4,5,lr5e-05_bs32_modL1_fusion16_fusionL1_fusionBN0_drop0p2__wd1e-04trmiss40_trlocglobal,32,5e-05,0.0001,1,16,1,False,0.2,lr5e-05_bs32_modL1_fusion16_fusionL1_fusionBN0_drop0p2__wd1e-04trmiss40_trlocglobal,57,0.5703016320864359,0.6587319076061249,0.6527777777777777,0.7438190119623911,0.6444444444444445,0.0,0.0,0.0,0.0,0.0,0.0,0.0,0.0,0.0,,,,,18473,global,0.4
4,5,lr5e-05_bs32_modL1_fusion16_fusionL1_fusionBN0_drop0p2__wd1e-04trmiss40_trlocglobal,32,5e-05,0.0001,1,16,1,False,0.2,lr5e-05_bs32_modL1_fusion16_fusionL1_fusionBN0_drop0p2__wd1e-04trmiss40_trlocglobal,58,0.5679173370202383,0.6592742800712585,0.6507936507936508,0.7440838486282828,0.6444444444444445,0.0,0.0,0.0,0.0,0.0,0.0,0.0,0.0,0.0,,,,,18473,global,0.4
4,5,lr5e-05_bs32_modL1_fusion16_fusionL1_fusionBN0_drop0p2__wd1e-04trmiss40_trlocglobal,32,5e-05,0.0001,1,16,1,False,0.2,lr5e-05_bs32_modL1_fusion16_fusionL1_fusionBN0_drop0p2__wd1e-04trmiss40_trlocglobal,59,0.56202099720637,0.6603650450706482,0.6547619047619047,0.7456014867513315,0.6444444444444445,0.0,0.0,0.0,0.0,0.0,0.0,0.0,0.0,0.0,,,,,18473,global,0.4
4,5,lr5e-05_bs32_modL1_fusion16_fusionL1_fusionBN0_drop0p2__wd1e-04trmiss40_trlocglobal,32,5e-05,0.0001,1,16,1,False,0.2,lr5e-05_bs32_modL1_fusion16_fusionL1_fusionBN0_drop0p2__wd1e-04trmiss40_trlocglobal,60,0.5638056000073751,0.6602078378200531,0.6527777777777777,0.7440176660885636,0.6666666666666666,0.0,0.0,0.0,0.0,0.0,0.0,0.0,0.0,0.0,,,,,18473,global,0.4
4,5,lr5e-05_bs32_modL1_fusion16_fusionL1_fusionBN0_drop0p2__wd1e-04trmiss40_trlocglobal,32,5e-05,0.0001,1,16,1,False,0.2,lr5e-05_bs32_modL1_fusion16_fusionL1_fusionBN0_drop0p2__wd1e-04trmiss40_trlocglobal,61,0.5604599217573801,0.6603025197982788,0.6488095238095238,0.7419639206137654,0.6444444444444445,0.0,0.0,0.0,0.0,0.0,0.0,0.0,0.0,0.0,,,,,18473,global,0.4
4,5,lr5e-05_bs32_modL1_fusion16_fusionL1_fusionBN0_drop0p2__wd1e-04trmiss40_trlocglobal,32,5e-05,0.0001,1,16,1,False,0.2,lr5e-05_bs32_modL1_fusion16_fusionL1_fusionBN0_drop0p2__wd1e-04trmiss40_trlocglobal,62,0.5685116052627563,0.6603078246116638,0.6507936507936508,0.7441008481817275,0.6444444444444445,0.0,0.0,0.0,0.0,0.0,0.0,0.0,0.0,0.0,,,,,18473,global,0.4
4,5,lr5e-05_bs32_modL1_fusion16_fusionL1_fusionBN0_drop0p2__wd1e-04trmiss40_trlocglobal,32,5e-05,0.0001,1,16,1,False,0.2,lr5e-05_bs32_modL1_fusion16_fusionL1_fusionBN0_drop0p2__wd1e-04trmiss40_trlocglobal,63,0.5655652781327566,0.6594594120979309,0.6547619047619048,0.7467433323784711,0.6444444444444445,0.0,0.0,0.0,0.0,0.0,0.0,0.0,0.0,0.0,,,,,18473,global,0.4
4,5,lr5e-05_bs32_modL1_fusion16_fusionL1_fusionBN0_drop0p2__wd1e-04trmiss40_trlocglobal,32,5e-05,0.0001,1,16,1,False,0.2,lr5e-05_bs32_modL1_fusion16_fusionL1_fusionBN0_drop0p2__wd1e-04trmiss40_trlocglobal,64,0.5661301712195078,0.6588654518127441,0.6567460317460317,0.7458376866121142,0.6444444444444445,0.0,0.0,0.0,0.0,0.0,0.0,0.0,0.0,0.0,,,,,18473,global,0.4
4,5,lr5e-05_bs32_modL1_fusion16_fusionL1_fusionBN0_drop0p2__wd1e-04trmiss40_trlocglobal,32,5e-05,0.0001,1,16,1,False,0.2,lr5e-05_bs32_modL1_fusion16_fusionL1_fusionBN0_drop0p2__wd1e-04trmiss40_trlocglobal,65,0.5637588600317637,0.6587165594100952,0.6547619047619047,0.7450816382250175,0.6444444444444445,0.0,0.0,0.0,0.0,0.0,0.0,0.0,0.0,0.0,,,,,18473,global,0.4
4,5,lr5e-05_bs32_modL1_fusion16_fusionL1_fusionBN0_drop0p2__wd1e-04trmiss40_trlocglobal,32,5e-05,0.0001,1,16,1,False,0.2,lr5e-05_bs32_modL1_fusion16_fusionL1_fusionBN0_drop0p2__wd1e-04trmiss40_trlocglobal,66,0.5645249287287394,0.6586964130401611,0.6527777777777777,0.7442674619798068,0.6444444444444445,0.0,0.0,0.0,0.0,0.0,0.0,0.0,0.0,0.0,,,,,18473,global,0.4
4,5,lr5e-05_bs32_modL1_fusion16_fusionL1_fusionBN0_drop0p2__wd1e-04trmiss40_trlocglobal,32,5e-05,0.0001,1,16,1,False,0.2,lr5e-05_bs32_modL1_fusion16_fusionL1_fusionBN0_drop0p2__wd1e-04trmiss40_trlocglobal,67,0.5615663727124532,0.6582229137420654,0.6567460317460317,0.7459539699163147,0.6444444444444445,0.0,0.0,0.0,0.0,0.0,0.0,0.0,0.0,0.0,,,,,18473,global,0.4
4,5,lr5e-05_bs32_modL1_fusion16_fusionL1_fusionBN0_drop0p2__wd1e-04trmiss40_trlocglobal,32,5e-05,0.0001,1,16,1,False,0.2,lr5e-05_bs32_modL1_fusion16_fusionL1_fusionBN0_drop0p2__wd1e-04trmiss40_trlocglobal,68,0.5635498265425364,0.658980131149292,0.6547619047619047,0.743188948832328,0.6444444444444445,0.0,0.0,0.0,0.0,0.0,0.0,0.0,0.0,0.0,,,,,18473,global,0.4
4,5,lr5e-05_bs32_modL1_fusion16_fusionL1_fusionBN0_drop0p2__wd1e-04trmiss40_trlocglobal,32,5e-05,0.0001,1,16,1,False,0.2,lr5e-05_bs32_modL1_fusion16_fusionL1_fusionBN0_drop0p2__wd1e-04trmiss40_trlocglobal,69,0.5609503785769144,0.6581887602806091,0.6547619047619047,0.7450816382250175,0.6666666666666666,0.0,0.0,0.0,0.0,0.0,0.0,0.0,0.0,0.0,,,,,18473,global,0.4
4,5,lr5e-05_bs32_modL1_fusion16_fusionL1_fusionBN0_drop0p2__wd1e-04trmiss40_trlocglobal,32,5e-05,0.0001,1,16,1,False,0.2,lr5e-05_bs32_modL1_fusion16_fusionL1_fusionBN0_drop0p2__wd1e-04trmiss40_trlocglobal,70,0.5568914612134298,0.6589080095291138,0.6607142857142857,0.7490497546931338,0.6666666666666666,0.0,0.0,0.0,0.0,0.0,0.0,0.0,0.0,0.0,,,,,18473,global,0.4
4,5,lr5e-05_bs32_modL1_fusion16_fusionL1_fusionBN0_drop0p2__wd1e-04trmiss40_trlocglobal,32,5e-05,0.0001,1,16,1,False,0.2,lr5e-05_bs32_modL1_fusion16_fusionL1_fusionBN0_drop0p2__wd1e-04trmiss40_trlocglobal,71,0.5570699373881022,0.658049464225769,0.6607142857142857,0.7476343924607078,0.6666666666666666,0.0,0.0,0.0,0.0,0.0,0.0,0.0,0.0,0.0,,,,,18473,global,0.4
4,5,lr5e-05_bs32_modL1_fusion16_fusionL1_fusionBN0_drop0p2__wd1e-04trmiss40_trlocglobal,32,5e-05,0.0001,1,16,1,False,0.2,lr5e-05_bs32_modL1_fusion16_fusionL1_fusionBN0_drop0p2__wd1e-04trmiss40_trlocglobal,72,0.5691202779610952,0.657830536365509,0.6527777777777778,0.7393811518932258,0.6666666666666666,0.0,0.0,0.0,0.0,0.0,0.0,0.0,0.0,0.0,,,,,18473,global,0.4
4,5,lr5e-05_bs32_modL1_fusion16_fusionL1_fusionBN0_drop0p2__wd1e-04trmiss40_trlocglobal,32,5e-05,0.0001,1,16,1,False,0.2,lr5e-05_bs32_modL1_fusion16_fusionL1_fusionBN0_drop0p2__wd1e-04trmiss40_trlocglobal,73,0.5707617600758871,0.6580097079277039,0.6547619047619047,0.7443266421575214,0.6666666666666666,0.0,0.0,0.0,0.0,0.0,0.0,0.0,0.0,0.0,,,,,18473,global,0.4
4,5,lr5e-05_bs32_modL1_fusion16_fusionL1_fusionBN0_drop0p1__wd1e-04trmiss40_trlocglobal,32,5e-05,0.0001,1,16,1,False,0.1,lr5e-05_bs32_modL1_fusion16_fusionL1_fusionBN0_drop0p1__wd1e-04trmiss40_trlocglobal,1,0.7000239690144857,0.6872975528240204,0.5138888888888888,0.5636856773924833,0.4666666666666667,0.0,0.0,0.0,0.0,0.0,0.0,0.0,0.0,0.0,,,,,18473,global,0.4
4,5,lr5e-05_bs32_modL1_fusion16_fusionL1_fusionBN0_drop0p1__wd1e-04trmiss40_trlocglobal,32,5e-05,0.0001,1,16,1,False,0.1,lr5e-05_bs32_modL1_fusion16_fusionL1_fusionBN0_drop0p1__wd1e-04trmiss40_trlocglobal,2,0.681745857000351,0.6844314634799957,0.5317460317460317,0.5977275054166729,0.4666666666666667,0.0,0.0,0.0,0.0,0.0,0.0,0.0,0.0,0.0,,,,,18473,global,0.4
4,5,lr5e-05_bs32_modL1_fusion16_fusionL1_fusionBN0_drop0p1__wd1e-04trmiss40_trlocglobal,32,5e-05,0.0001,1,16,1,False,0.1,lr5e-05_bs32_modL1_fusion16_fusionL1_fusionBN0_drop0p1__wd1e-04trmiss40_trlocglobal,3,0.6666506131490072,0.6812969148159027,0.5634920634920635,0.630637601968785,0.4444444444444444,0.0,0.0,0.0,0.0,0.0,0.0,0.0,0.0,0.0,,,,,18473,global,0.4
4,5,lr5e-05_bs32_modL1_fusion16_fusionL1_fusionBN0_drop0p1__wd1e-04trmiss40_trlocglobal,32,5e-05,0.0001,1,16,1,False,0.1,lr5e-05_bs32_modL1_fusion16_fusionL1_fusionBN0_drop0p1__wd1e-04trmiss40_trlocglobal,4,0.6667732993761698,0.6790354251861572,0.5833333333333334,0.6032789189784247,0.5333333333333333,0.0,0.0,0.0,0.0,0.0,0.0,0.0,0.0,0.0,,,,,18473,global,0.4
4,5,lr5e-05_bs32_modL1_fusion16_fusionL1_fusionBN0_drop0p1__wd1e-04trmiss40_trlocglobal,32,5e-05,0.0001,1,16,1,False,0.1,lr5e-05_bs32_modL1_fusion16_fusionL1_fusionBN0_drop0p1__wd1e-04trmiss40_trlocglobal,5,0.6613278687000275,0.6795364618301392,0.5714285714285714,0.5910600860741665,0.5111111111111111,0.0,0.0,0.0,0.0,0.0,0.0,0.0,0.0,0.0,,,,,18473,global,0.4
4,5,lr5e-05_bs32_modL1_fusion16_fusionL1_fusionBN0_drop0p1__wd1e-04trmiss40_trlocglobal,32,5e-05,0.0001,1,16,1,False,0.1,lr5e-05_bs32_modL1_fusion16_fusionL1_fusionBN0_drop0p1__wd1e-04trmiss40_trlocglobal,6,0.6490375896294912,0.6793308854103088,0.5773809523809523,0.6111343560355623,0.5111111111111111,0.0,0.0,0.0,0.0,0.0,0.0,0.0,0.0,0.0,,,,,18473,global,0.4
4,5,lr5e-05_bs32_modL1_fusion16_fusionL1_fusionBN0_drop0p1__wd1e-04trmiss40_trlocglobal,32,5e-05,0.0001,1,16,1,False,0.1,lr5e-05_bs32_modL1_fusion16_fusionL1_fusionBN0_drop0p1__wd1e-04trmiss40_trlocglobal,7,0.6353173355261484,0.6787233948707581,0.5793650793650794,0.6134454712046497,0.5333333333333333,0.0,0.0,0.0,0.0,0.0,0.0,0.0,0.0,0.0,,,,,18473,global,0.4
4,5,lr5e-05_bs32_modL1_fusion16_fusionL1_fusionBN0_drop0p1__wd1e-04trmiss40_trlocglobal,32,5e-05,0.0001,1,16,1,False,0.1,lr5e-05_bs32_modL1_fusion16_fusionL1_fusionBN0_drop0p1__wd1e-04trmiss40_trlocglobal,8,0.6358161071936289,0.6769539415836334,0.5853174603174603,0.6145060459784597,0.5333333333333333,0.0,0.0,0.0,0.0,0.0,0.0,0.0,0.0,0.0,,,,,18473,global,0.4
4,5,lr5e-05_bs32_modL1_fusion16_fusionL1_fusionBN0_drop0p1__wd1e-04trmiss40_trlocglobal,32,5e-05,0.0001,1,16,1,False,0.1,lr5e-05_bs32_modL1_fusion16_fusionL1_fusionBN0_drop0p1__wd1e-04trmiss40_trlocglobal,9,0.6304633319377899,0.6764533221721649,0.5952380952380952,0.6285482177900662,0.5111111111111111,0.0,0.0,0.0,0.0,0.0,0.0,0.0,0.0,0.0,,,,,18473,global,0.4
4,5,lr5e-05_bs32_modL1_fusion16_fusionL1_fusionBN0_drop0p1__wd1e-04trmiss40_trlocglobal,32,5e-05,0.0001,1,16,1,False,0.1,lr5e-05_bs32_modL1_fusion16_fusionL1_fusionBN0_drop0p1__wd1e-04trmiss40_trlocglobal,10,0.6250385145346323,0.6762105822563171,0.5892857142857143,0.6219034635987463,0.5333333333333333,0.0,0.0,0.0,0.0,0.0,0.0,0.0,0.0,0.0,,,,,18473,global,0.4
4,5,lr5e-05_bs32_modL1_fusion16_fusionL1_fusionBN0_drop0p1__wd1e-04trmiss40_trlocglobal,32,5e-05,0.0001,1,16,1,False,0.1,lr5e-05_bs32_modL1_fusion16_fusionL1_fusionBN0_drop0p1__wd1e-04trmiss40_trlocglobal,11,0.6280945241451263,0.6762948036193848,0.5912698412698413,0.6170804622437328,0.5333333333333333,0.0,0.0,0.0,0.0,0.0,0.0,0.0,0.0,0.0,,,,,18473,global,0.4
4,5,lr5e-05_bs32_modL1_fusion16_fusionL1_fusionBN0_drop0p1__wd1e-04trmiss40_trlocglobal,32,5e-05,0.0001,1,16,1,False,0.1,lr5e-05_bs32_modL1_fusion16_fusionL1_fusionBN0_drop0p1__wd1e-04trmiss40_trlocglobal,12,0.613101601600647,0.6766427457332611,0.5972222222222222,0.6195754118214828,0.5555555555555556,0.0,0.0,0.0,0.0,0.0,0.0,0.0,0.0,0.0,,,,,18473,global,0.4
4,5,lr5e-05_bs32_modL1_fusion16_fusionL1_fusionBN0_drop0p1__wd1e-04trmiss40_trlocglobal,32,5e-05,0.0001,1,16,1,False,0.1,lr5e-05_bs32_modL1_fusion16_fusionL1_fusionBN0_drop0p1__wd1e-04trmiss40_trlocglobal,13,0.6062232851982117,0.6766582429409027,0.5932539682539684,0.6130701589498083,0.5333333333333333,0.0,0.0,0.0,0.0,0.0,0.0,0.0,0.0,0.0,,,,,18473,global,0.4
4,5,lr5e-05_bs32_modL1_fusion16_fusionL1_fusionBN0_drop0p1__wd1e-04trmiss40_trlocglobal,32,5e-05,0.0001,1,16,1,False,0.1,lr5e-05_bs32_modL1_fusion16_fusionL1_fusionBN0_drop0p1__wd1e-04trmiss40_trlocglobal,14,0.602194199959437,0.6761381924152374,0.5932539682539683,0.6108876088362896,0.5555555555555556,0.0,0.0,0.0,0.0,0.0,0.0,0.0,0.0,0.0,,,,,18473,global,0.4
4,5,lr5e-05_bs32_modL1_fusion16_fusionL1_fusionBN0_drop0p1__wd1e-04trmiss40_trlocglobal,32,5e-05,0.0001,1,16,1,False,0.1,lr5e-05_bs32_modL1_fusion16_fusionL1_fusionBN0_drop0p1__wd1e-04trmiss40_trlocglobal,15,0.5963362654050192,0.6751737296581268,0.6091269841269842,0.6221037554472296,0.5777777777777777,0.0,0.0,0.0,0.0,0.0,0.0,0.0,0.0,0.0,,,,,18473,global,0.4
4,5,lr5e-05_bs32_modL1_fusion16_fusionL1_fusionBN0_drop0p1__wd1e-04trmiss40_trlocglobal,32,5e-05,0.0001,1,16,1,False,0.1,lr5e-05_bs32_modL1_fusion16_fusionL1_fusionBN0_drop0p1__wd1e-04trmiss40_trlocglobal,16,0.590027779340744,0.6743994057178497,0.6111111111111112,0.5987469060761814,0.5555555555555556,0.0,0.0,0.0,0.0,0.0,0.0,0.0,0.0,0.0,,,,,18473,global,0.4
4,5,lr5e-05_bs32_modL1_fusion16_fusionL1_fusionBN0_drop0p1__wd1e-04trmiss40_trlocglobal,32,5e-05,0.0001,1,16,1,False,0.1,lr5e-05_bs32_modL1_fusion16_fusionL1_fusionBN0_drop0p1__wd1e-04trmiss40_trlocglobal,17,0.5998722910881042,0.6727989912033081,0.6170634920634921,0.5988031777000574,0.6,0.0,0.0,0.0,0.0,0.0,0.0,0.0,0.0,0.0,,,,,18473,global,0.4
4,5,lr5e-05_bs32_modL1_fusion16_fusionL1_fusionBN0_drop0p1__wd1e-04trmiss40_trlocglobal,32,5e-05,0.0001,1,16,1,False,0.1,lr5e-05_bs32_modL1_fusion16_fusionL1_fusionBN0_drop0p1__wd1e-04trmiss40_trlocglobal,18,0.5899514059225718,0.6733365654945374,0.6150793650793651,0.5955685820941383,0.5777777777777777,0.0,0.0,0.0,0.0,0.0,0.0,0.0,0.0,0.0,,,,,18473,global,0.4
4,5,lr5e-05_bs32_modL1_fusion16_fusionL1_fusionBN0_drop0p1__wd1e-04trmiss40_trlocglobal,32,5e-05,0.0001,1,16,1,False,0.1,lr5e-05_bs32_modL1_fusion16_fusionL1_fusionBN0_drop0p1__wd1e-04trmiss40_trlocglobal,19,0.5920352339744568,0.6745335757732391,0.6031746031746031,0.5879393971198217,0.5777777777777777,0.0,0.0,0.0,0.0,0.0,0.0,0.0,0.0,0.0,,,,,18473,global,0.4
4,5,lr5e-05_bs32_modL1_fusion16_fusionL1_fusionBN0_drop0p1__wd1e-04trmiss40_trlocglobal,32,5e-05,0.0001,1,16,1,False,0.1,lr5e-05_bs32_modL1_fusion16_fusionL1_fusionBN0_drop0p1__wd1e-04trmiss40_trlocglobal,20,0.5821363925933838,0.6737495958805084,0.6011904761904763,0.5898636636596574,0.5777777777777777,0.0,0.0,0.0,0.0,0.0,0.0,0.0,0.0,0.0,,,,,18473,global,0.4
4,5,lr5e-05_bs32_modL1_fusion16_fusionL1_fusionBN0_drop0p1__wd1e-04trmiss40_trlocglobal,32,5e-05,0.0001,1,16,1,False,0.1,lr5e-05_bs32_modL1_fusion16_fusionL1_fusionBN0_drop0p1__wd1e-04trmiss40_trlocglobal,21,0.5809667110443115,0.6744555532932281,0.5992063492063493,0.5921265974850911,0.5555555555555556,0.0,0.0,0.0,0.0,0.0,0.0,0.0,0.0,0.0,,,,,18473,global,0.4
4,5,lr5e-05_bs32_modL1_fusion16_fusionL1_fusionBN0_drop0p1__wd1e-04trmiss40_trlocglobal,32,5e-05,0.0001,1,16,1,False,0.1,lr5e-05_bs32_modL1_fusion16_fusionL1_fusionBN0_drop0p1__wd1e-04trmiss40_trlocglobal,22,0.5779543022314707,0.6742606461048126,0.5992063492063492,0.5941926154539585,0.6,0.0,0.0,0.0,0.0,0.0,0.0,0.0,0.0,0.0,,,,,18473,global,0.4
4,5,lr5e-05_bs32_modL1_fusion16_fusionL1_fusionBN0_drop0p1__wd1e-04trmiss40_trlocglobal,32,5e-05,0.0001,1,16,1,False,0.1,lr5e-05_bs32_modL1_fusion16_fusionL1_fusionBN0_drop0p1__wd1e-04trmiss40_trlocglobal,23,0.5576197604338328,0.6755756437778473,0.6051587301587302,0.6005876093489524,0.6,0.0,0.0,0.0,0.0,0.0,0.0,0.0,0.0,0.0,,,,,18473,global,0.4
4,5,lr5e-05_bs32_modL1_fusion16_fusionL1_fusionBN0_drop0p1__wd1e-04trmiss40_trlocglobal,32,5e-05,0.0001,1,16,1,False,0.1,lr5e-05_bs32_modL1_fusion16_fusionL1_fusionBN0_drop0p1__wd1e-04trmiss40_trlocglobal,24,0.5664354662100474,0.6754002571105957,0.6190476190476191,0.6097183454459308,0.5555555555555556,0.0,0.0,0.0,0.0,0.0,0.0,0.0,0.0,0.0,,,,,18473,global,0.4
4,5,lr5e-05_bs32_modL1_fusion16_fusionL1_fusionBN0_drop0p1__wd1e-04trmiss40_trlocglobal,32,5e-05,0.0001,1,16,1,False,0.1,lr5e-05_bs32_modL1_fusion16_fusionL1_fusionBN0_drop0p1__wd1e-04trmiss40_trlocglobal,25,0.556304415067037,0.6736692786216736,0.6071428571428571,0.5973204719267338,0.5777777777777777,0.0,0.0,0.0,0.0,0.0,0.0,0.0,0.0,0.0,,,,,18473,global,0.4
4,5,lr5e-05_bs32_modL1_fusion16_fusionL1_fusionBN0_drop0p1__wd1e-04trmiss40_trlocglobal,32,5e-05,0.0001,1,16,1,False,0.1,lr5e-05_bs32_modL1_fusion16_fusionL1_fusionBN0_drop0p1__wd1e-04trmiss40_trlocglobal,26,0.5535153945287069,0.6737136840820312,0.6051587301587302,0.6147620891353116,0.6,0.0,0.0,0.0,0.0,0.0,0.0,0.0,0.0,0.0,,,,,18473,global,0.4
4,5,lr5e-05_bs32_modL1_fusion16_fusionL1_fusionBN0_drop0p1__wd1e-04trmiss40_trlocglobal,32,5e-05,0.0001,1,16,1,False,0.1,lr5e-05_bs32_modL1_fusion16_fusionL1_fusionBN0_drop0p1__wd1e-04trmiss40_trlocglobal,27,0.5577851235866547,0.6735228896141052,0.6130952380952381,0.6341886148311283,0.5777777777777777,0.0,0.0,0.0,0.0,0.0,0.0,0.0,0.0,0.0,,,,,18473,global,0.4
4,5,lr5e-05_bs32_modL1_fusion16_fusionL1_fusionBN0_drop0p1__wd1e-04trmiss40_trlocglobal,32,5e-05,0.0001,1,16,1,False,0.1,lr5e-05_bs32_modL1_fusion16_fusionL1_fusionBN0_drop0p1__wd1e-04trmiss40_trlocglobal,28,0.5471049745877584,0.6746409833431244,0.6111111111111112,0.635751570942198,0.6,0.0,0.0,0.0,0.0,0.0,0.0,0.0,0.0,0.0,,,,,18473,global,0.4
4,5,lr5e-05_bs32_modL1_fusion16_fusionL1_fusionBN0_drop0p1__wd1e-04trmiss40_trlocglobal,32,5e-05,0.0001,1,16,1,False,0.1,lr5e-05_bs32_modL1_fusion16_fusionL1_fusionBN0_drop0p1__wd1e-04trmiss40_trlocglobal,29,0.5411521097024282,0.6741742193698883,0.6071428571428572,0.6303982437138709,0.6222222222222222,0.0,0.0,0.0,0.0,0.0,0.0,0.0,0.0,0.0,,,,,18473,global,0.4
4,5,lr5e-05_bs32_modL1_fusion16_fusionL1_fusionBN0_drop0p1__wd1e-04trmiss40_trlocglobal,32,5e-05,0.0001,1,16,1,False,0.1,lr5e-05_bs32_modL1_fusion16_fusionL1_fusionBN0_drop0p1__wd1e-04trmiss40_trlocglobal,30,0.548380563656489,0.6746246814727783,0.6130952380952381,0.6340328420415637,0.6,0.0,0.0,0.0,0.0,0.0,0.0,0.0,0.0,0.0,,,,,18473,global,0.4
4,5,lr5e-05_bs32_modL1_fusion16_fusionL1_fusionBN0_drop0p1__wd1e-04trmiss40_trlocglobal,32,5e-05,0.0001,1,16,1,False,0.1,lr5e-05_bs32_modL1_fusion16_fusionL1_fusionBN0_drop0p1__wd1e-04trmiss40_trlocglobal,31,0.5380215843518575,0.6746748685836792,0.6130952380952381,0.6310893978152248,0.6,0.0,0.0,0.0,0.0,0.0,0.0,0.0,0.0,0.0,,,,,18473,global,0.4
4,5,lr5e-05_bs32_modL1_fusion16_fusionL1_fusionBN0_drop0p1__wd1e-04trmiss40_trlocglobal,32,5e-05,0.0001,1,16,1,False,0.1,lr5e-05_bs32_modL1_fusion16_fusionL1_fusionBN0_drop0p1__wd1e-04trmiss40_trlocglobal,32,0.5359830458958944,0.6735815107822418,0.6190476190476191,0.6321281058240249,0.6222222222222222,0.0,0.0,0.0,0.0,0.0,0.0,0.0,0.0,0.0,,,,,18473,global,0.4
4,5,lr5e-05_bs32_modL1_fusion16_fusionL1_fusionBN0_drop0p1__wd1e-04trmiss40_trlocglobal,32,5e-05,0.0001,1,16,1,False,0.1,lr5e-05_bs32_modL1_fusion16_fusionL1_fusionBN0_drop0p1__wd1e-04trmiss40_trlocglobal,33,0.5356225570042928,0.6725602447986603,0.6150793650793651,0.6275743957169092,0.6,0.0,0.0,0.0,0.0,0.0,0.0,0.0,0.0,0.0,,,,,18473,global,0.4
4,5,lr5e-05_bs32_modL1_fusion16_fusionL1_fusionBN0_drop0p1__wd1e-04trmiss40_trlocglobal,32,5e-05,0.0001,1,16,1,False,0.1,lr5e-05_bs32_modL1_fusion16_fusionL1_fusionBN0_drop0p1__wd1e-04trmiss40_trlocglobal,34,0.5377930700778961,0.671821653842926,0.6150793650793651,0.6275743957169092,0.6,0.0,0.0,0.0,0.0,0.0,0.0,0.0,0.0,0.0,,,,,18473,global,0.4
4,5,lr5e-05_bs32_modL1_fusion16_fusionL1_fusionBN0_drop0p1__wd1e-04trmiss40_trlocglobal,32,5e-05,0.0001,1,16,1,False,0.1,lr5e-05_bs32_modL1_fusion16_fusionL1_fusionBN0_drop0p1__wd1e-04trmiss40_trlocglobal,35,0.5273186266422272,0.6712217330932617,0.6170634920634921,0.6316646681895346,0.6,0.0,0.0,0.0,0.0,0.0,0.0,0.0,0.0,0.0,,,,,18473,global,0.4
4,5,lr5e-05_bs32_modL1_fusion16_fusionL1_fusionBN0_drop0p1__wd1e-04trmiss40_trlocglobal,32,5e-05,0.0001,1,16,1,False,0.1,lr5e-05_bs32_modL1_fusion16_fusionL1_fusionBN0_drop0p1__wd1e-04trmiss40_trlocglobal,36,0.5235648850599924,0.6713018119335175,0.6170634920634921,0.6334056808001125,0.6,0.0,0.0,0.0,0.0,0.0,0.0,0.0,0.0,0.0,,,,,18473,global,0.4
4,5,lr5e-05_bs32_modL1_fusion16_fusionL1_fusionBN0_drop0p1__wd1e-04trmiss40_trlocglobal,32,5e-05,0.0001,1,16,1,False,0.1,lr5e-05_bs32_modL1_fusion16_fusionL1_fusionBN0_drop0p1__wd1e-04trmiss40_trlocglobal,37,0.5266577402750651,0.671449601650238,0.626984126984127,0.6378442306577967,0.6,0.0,0.0,0.0,0.0,0.0,0.0,0.0,0.0,0.0,,,,,18473,global,0.4
4,5,lr5e-05_bs32_modL1_fusion16_fusionL1_fusionBN0_drop0p1__wd1e-04trmiss40_trlocglobal,32,5e-05,0.0001,1,16,1,False,0.1,lr5e-05_bs32_modL1_fusion16_fusionL1_fusionBN0_drop0p1__wd1e-04trmiss40_trlocglobal,38,0.5184390147527059,0.6712786257266998,0.6190476190476191,0.6310140238275899,0.6,0.0,0.0,0.0,0.0,0.0,0.0,0.0,0.0,0.0,,,,,18473,global,0.4
4,5,lr5e-05_bs32_modL1_fusion16_fusionL1_fusionBN0_drop0p1__wd1e-04trmiss40_trlocglobal,32,5e-05,0.0001,1,16,1,False,0.1,lr5e-05_bs32_modL1_fusion16_fusionL1_fusionBN0_drop0p1__wd1e-04trmiss40_trlocglobal,39,0.5296355982621511,0.6707233488559723,0.6170634920634921,0.6295371432202745,0.6,0.0,0.0,0.0,0.0,0.0,0.0,0.0,0.0,0.0,,,,,18473,global,0.4
4,5,lr5e-05_bs32_modL1_fusion16_fusionL1_fusionBN0_drop0p1__wd1e-04trmiss40_trlocglobal,32,5e-05,0.0001,1,16,1,False,0.1,lr5e-05_bs32_modL1_fusion16_fusionL1_fusionBN0_drop0p1__wd1e-04trmiss40_trlocglobal,40,0.5267712672551473,0.6704806983470917,0.625,0.6383540911676573,0.6,0.0,0.0,0.0,0.0,0.0,0.0,0.0,0.0,0.0,,,,,18473,global,0.4
4,5,lr5e-05_bs32_modL1_fusion16_fusionL1_fusionBN0_drop0p1__wd1e-04trmiss40_trlocglobal,32,5e-05,0.0001,1,16,1,False,0.1,lr5e-05_bs32_modL1_fusion16_fusionL1_fusionBN0_drop0p1__wd1e-04trmiss40_trlocglobal,41,0.5150116682052612,0.6702658534049988,0.621031746031746,0.6339890118025779,0.5777777777777777,0.0,0.0,0.0,0.0,0.0,0.0,0.0,0.0,0.0,,,,,18473,global,0.4
4,5,lr5e-05_bs32_modL1_fusion16_fusionL1_fusionBN0_drop0p1__wd1e-04trmiss40_trlocglobal,32,5e-05,0.0001,1,16,1,False,0.1,lr5e-05_bs32_modL1_fusion16_fusionL1_fusionBN0_drop0p1__wd1e-04trmiss40_trlocglobal,42,0.5108679880698522,0.670693427324295,0.6170634920634921,0.6201964361291974,0.5777777777777777,0.0,0.0,0.0,0.0,0.0,0.0,0.0,0.0,0.0,,,,,18473,global,0.4
4,5,lr5e-05_bs32_modL1_fusion16_fusionL1_fusionBN0_drop0p1__wd1e-04trmiss40_trlocglobal,32,5e-05,0.0001,1,16,1,False,0.1,lr5e-05_bs32_modL1_fusion16_fusionL1_fusionBN0_drop0p1__wd1e-04trmiss40_trlocglobal,43,0.513683428366979,0.6704058945178986,0.621031746031746,0.6230838630297821,0.5777777777777777,0.0,0.0,0.0,0.0,0.0,0.0,0.0,0.0,0.0,,,,,18473,global,0.4
4,5,lr5e-05_bs32_modL1_fusion16_fusionL1_fusionBN0_drop0p1__wd1e-04trmiss40_trlocglobal,32,5e-05,0.0001,1,16,1,False,0.1,lr5e-05_bs32_modL1_fusion16_fusionL1_fusionBN0_drop0p1__wd1e-04trmiss40_trlocglobal,44,0.5154416610797247,0.6702485382556915,0.625,0.6247357650493311,0.6,0.0,0.0,0.0,0.0,0.0,0.0,0.0,0.0,0.0,,,,,18473,global,0.4
4,5,lr5e-05_bs32_modL1_fusion16_fusionL1_fusionBN0_drop0p1__wd1e-04trmiss40_trlocglobal,32,5e-05,0.0001,1,16,1,False,0.1,lr5e-05_bs32_modL1_fusion16_fusionL1_fusionBN0_drop0p1__wd1e-04trmiss40_trlocglobal,45,0.5111341625452042,0.6696683764457703,0.628968253968254,0.6338898054533716,0.6,0.0,0.0,0.0,0.0,0.0,0.0,0.0,0.0,0.0,,,,,18473,global,0.4
4,5,lr5e-05_bs32_modL1_fusion16_fusionL1_fusionBN0_drop0p1__wd1e-04trmiss40_trlocglobal,32,5e-05,0.0001,1,16,1,False,0.1,lr5e-05_bs32_modL1_fusion16_fusionL1_fusionBN0_drop0p1__wd1e-04trmiss40_trlocglobal,46,0.5117942094802856,0.6687523722648621,0.6369047619047619,0.6528890163163932,0.5777777777777777,0.0,0.0,0.0,0.0,0.0,0.0,0.0,0.0,0.0,,,,,18473,global,0.4
4,5,lr5e-05_bs32_modL1_fusion16_fusionL1_fusionBN0_drop0p1__wd1e-04trmiss40_trlocglobal,32,5e-05,0.0001,1,16,1,False,0.1,lr5e-05_bs32_modL1_fusion16_fusionL1_fusionBN0_drop0p1__wd1e-04trmiss40_trlocglobal,47,0.5031980375448862,0.66774782538414,0.626984126984127,0.6358311389736525,0.6,0.0,0.0,0.0,0.0,0.0,0.0,0.0,0.0,0.0,,,,,18473,global,0.4
4,5,lr5e-05_bs32_modL1_fusion16_fusionL1_fusionBN0_drop0p1__wd1e-04trmiss40_trlocglobal,32,5e-05,0.0001,1,16,1,False,0.1,lr5e-05_bs32_modL1_fusion16_fusionL1_fusionBN0_drop0p1__wd1e-04trmiss40_trlocglobal,48,0.4947815388441086,0.6664266288280487,0.626984126984127,0.6353869194504855,0.6,0.0,0.0,0.0,0.0,0.0,0.0,0.0,0.0,0.0,,,,,18473,global,0.4
4,5,lr5e-05_bs32_modL1_fusion16_fusionL1_fusionBN0_drop0p1__wd1e-04trmiss40_trlocglobal,32,5e-05,0.0001,1,16,1,False,0.1,lr5e-05_bs32_modL1_fusion16_fusionL1_fusionBN0_drop0p1__wd1e-04trmiss40_trlocglobal,49,0.5011539608240128,0.666033536195755,0.628968253968254,0.6357238524693072,0.6222222222222222,0.0,0.0,0.0,0.0,0.0,0.0,0.0,0.0,0.0,,,,,18473,global,0.4
4,5,lr5e-05_bs32_modL1_fusion16_fusionL1_fusionBN0_drop0p1__wd1e-04trmiss40_trlocglobal,32,5e-05,0.0001,1,16,1,False,0.1,lr5e-05_bs32_modL1_fusion16_fusionL1_fusionBN0_drop0p1__wd1e-04trmiss40_trlocglobal,50,0.5024395833412806,0.665809839963913,0.6329365079365079,0.6385381799546873,0.6222222222222222,0.0,0.0,0.0,0.0,0.0,0.0,0.0,0.0,0.0,,,,,18473,global,0.4
4,5,lr5e-05_bs32_modL1_fusion16_fusionL1_fusionBN0_drop0p1__wd1e-04trmiss40_trlocglobal,32,5e-05,0.0001,1,16,1,False,0.1,lr5e-05_bs32_modL1_fusion16_fusionL1_fusionBN0_drop0p1__wd1e-04trmiss40_trlocglobal,51,0.5008594344059626,0.6662972867488861,0.634920634920635,0.6398909938075011,0.6444444444444445,0.0,0.0,0.0,0.0,0.0,0.0,0.0,0.0,0.0,,,,,18473,global,0.4
4,5,lr5e-05_bs32_modL1_fusion16_fusionL1_fusionBN0_drop0p1__wd1e-04trmiss40_trlocglobal,32,5e-05,0.0001,1,16,1,False,0.1,lr5e-05_bs32_modL1_fusion16_fusionL1_fusionBN0_drop0p1__wd1e-04trmiss40_trlocglobal,52,0.4962460994720459,0.66644287109375,0.6309523809523809,0.6293335181290577,0.6666666666666666,0.0,0.0,0.0,0.0,0.0,0.0,0.0,0.0,0.0,,,,,18473,global,0.4
4,5,lr5e-05_bs32_modL1_fusion16_fusionL1_fusionBN0_drop0p1__wd1e-04trmiss40_trlocglobal,32,5e-05,0.0001,1,16,1,False,0.1,lr5e-05_bs32_modL1_fusion16_fusionL1_fusionBN0_drop0p1__wd1e-04trmiss40_trlocglobal,53,0.5007871985435486,0.6665122509002686,0.626984126984127,0.6353869194504855,0.6222222222222222,0.0,0.0,0.0,0.0,0.0,0.0,0.0,0.0,0.0,,,,,18473,global,0.4
4,5,lr5e-05_bs32_modL1_fusion16_fusionL1_fusionBN0_drop0p1__wd1e-04trmiss40_trlocglobal,32,5e-05,0.0001,1,16,1,False,0.1,lr5e-05_bs32_modL1_fusion16_fusionL1_fusionBN0_drop0p1__wd1e-04trmiss40_trlocglobal,54,0.5023272484540939,0.6662569046020508,0.628968253968254,0.6361572275737348,0.6,0.0,0.0,0.0,0.0,0.0,0.0,0.0,0.0,0.0,,,,,18473,global,0.4
4,5,lr5e-05_bs32_modL1_fusion16_fusionL1_fusionBN0_drop0p1__wd1e-04trmiss40_trlocglobal,32,5e-05,0.0001,1,16,1,False,0.1,lr5e-05_bs32_modL1_fusion16_fusionL1_fusionBN0_drop0p1__wd1e-04trmiss40_trlocglobal,55,0.4966936707496643,0.6657690405845642,0.626984126984127,0.6353662692312891,0.6,0.0,0.0,0.0,0.0,0.0,0.0,0.0,0.0,0.0,,,,,18473,global,0.4
4,5,lr5e-05_bs32_modL1_fusion16_fusionL1_fusionBN0_drop0p1__wd1e-04trmiss40_trlocglobal,32,5e-05,0.0001,1,16,1,False,0.1,lr5e-05_bs32_modL1_fusion16_fusionL1_fusionBN0_drop0p1__wd1e-04trmiss40_trlocglobal,56,0.4954593578974406,0.6661413609981537,0.621031746031746,0.6335081721913036,0.6,0.0,0.0,0.0,0.0,0.0,0.0,0.0,0.0,0.0,,,,,18473,global,0.4
4,5,lr5e-05_bs32_modL1_fusion16_fusionL1_fusionBN0_drop0p1__wd1e-04trmiss40_trlocglobal,32,5e-05,0.0001,1,16,1,False,0.1,lr5e-05_bs32_modL1_fusion16_fusionL1_fusionBN0_drop0p1__wd1e-04trmiss40_trlocglobal,57,0.49378059804439545,0.6664106547832489,0.626984126984127,0.6364566735027202,0.6,0.0,0.0,0.0,0.0,0.0,0.0,0.0,0.0,0.0,,,,,18473,global,0.4
4,5,lr5e-05_bs32_modL1_fusion16_fusionL1_fusionBN0_drop0p1__wd1e-04trmiss40_trlocglobal,32,5e-05,0.0001,1,16,1,False,0.1,lr5e-05_bs32_modL1_fusion16_fusionL1_fusionBN0_drop0p1__wd1e-04trmiss40_trlocglobal,58,0.4907459169626236,0.6667267382144928,0.628968253968254,0.6504179532315193,0.6,0.0,0.0,0.0,0.0,0.0,0.0,0.0,0.0,0.0,,,,,18473,global,0.4
4,5,lr5e-05_bs32_modL1_fusion16_fusionL1_fusionBN0_drop0p1__wd1e-04trmiss40_trlocglobal,32,5e-05,0.0001,1,16,1,False,0.1,lr5e-05_bs32_modL1_fusion16_fusionL1_fusionBN0_drop0p1__wd1e-04trmiss40_trlocglobal,59,0.49014043311278027,0.6653153300285339,0.6309523809523809,0.6501270628196612,0.6,0.0,0.0,0.0,0.0,0.0,0.0,0.0,0.0,0.0,,,,,18473,global,0.4
4,5,lr5e-05_bs32_modL1_fusion16_fusionL1_fusionBN0_drop0p1__wd1e-04trmiss40_trlocglobal,32,5e-05,0.0001,1,16,1,False,0.1,lr5e-05_bs32_modL1_fusion16_fusionL1_fusionBN0_drop0p1__wd1e-04trmiss40_trlocglobal,60,0.4971744765837987,0.6666345000267029,0.6309523809523809,0.6502396033555888,0.6222222222222222,0.0,0.0,0.0,0.0,0.0,0.0,0.0,0.0,0.0,,,,,18473,global,0.4
4,5,lr5e-05_bs32_modL1_fusion16_fusionL1_fusionBN0_drop0p1__wd1e-04trmiss40_trlocglobal,32,5e-05,0.0001,1,16,1,False,0.1,lr5e-05_bs32_modL1_fusion16_fusionL1_fusionBN0_drop0p1__wd1e-04trmiss40_trlocglobal,61,0.49257750312487286,0.6667994558811188,0.6309523809523809,0.6500384539303015,0.6,0.0,0.0,0.0,0.0,0.0,0.0,0.0,0.0,0.0,,,,,18473,global,0.4
4,5,lr5e-05_bs32_modL1_fusion16_fusionL1_fusionBN0_drop0p1__wd1e-04trmiss40_trlocglobal,32,5e-05,0.0001,1,16,1,False,0.1,lr5e-05_bs32_modL1_fusion16_fusionL1_fusionBN0_drop0p1__wd1e-04trmiss40_trlocglobal,62,0.4888171801964442,0.6671052873134613,0.6309523809523809,0.6510680582865187,0.6222222222222222,0.0,0.0,0.0,0.0,0.0,0.0,0.0,0.0,0.0,,,,,18473,global,0.4
4,5,lr5e-05_bs32_modL1_fusion16_fusionL1_fusionBN0_drop0p1__wd1e-04trmiss40_trlocglobal,32,5e-05,0.0001,1,16,1,False,0.1,lr5e-05_bs32_modL1_fusion16_fusionL1_fusionBN0_drop0p1__wd1e-04trmiss40_trlocglobal,63,0.483310470978419,0.6666368842124939,0.626984126984127,0.6353747249765117,0.6,0.0,0.0,0.0,0.0,0.0,0.0,0.0,0.0,0.0,,,,,18473,global,0.4
4,5,lr5e-05_bs32_modL1_fusion16_fusionL1_fusionBN0_drop0p1__wd1e-04trmiss40_trlocglobal,32,5e-05,0.0001,1,16,1,False,0.1,lr5e-05_bs32_modL1_fusion16_fusionL1_fusionBN0_drop0p1__wd1e-04trmiss40_trlocglobal,64,0.4836168885231018,0.6654291152954102,0.6309523809523809,0.6372083319825326,0.6222222222222222,0.0,0.0,0.0,0.0,0.0,0.0,0.0,0.0,0.0,,,,,18473,global,0.4
4,5,lr5e-05_bs32_modL1_fusion16_fusionL1_fusionBN0_drop0p1__wd1e-04trmiss40_trlocglobal,32,5e-05,0.0001,1,16,1,False,0.1,lr5e-05_bs32_modL1_fusion16_fusionL1_fusionBN0_drop0p1__wd1e-04trmiss40_trlocglobal,65,0.48470020790894824,0.6647902131080627,0.628968253968254,0.635652789097722,0.6,0.0,0.0,0.0,0.0,0.0,0.0,0.0,0.0,0.0,,,,,18473,global,0.4
4,5,lr5e-05_bs32_modL1_fusion16_fusionL1_fusionBN0_drop0p1__wd1e-04trmiss40_trlocglobal,32,5e-05,0.0001,1,16,1,False,0.1,lr5e-05_bs32_modL1_fusion16_fusionL1_fusionBN0_drop0p1__wd1e-04trmiss40_trlocglobal,66,0.495926171541214,0.6648732125759125,0.628968253968254,0.6488141647590977,0.6,0.0,0.0,0.0,0.0,0.0,0.0,0.0,0.0,0.0,,,,,18473,global,0.4
4,5,lr5e-05_bs32_modL1_fusion32_fusionL1_fusionBN0_drop0p2__wd1e-04trmiss40_trlocglobal,32,5e-05,0.0001,1,32,1,False,0.2,lr5e-05_bs32_modL1_fusion32_fusionL1_fusionBN0_drop0p2__wd1e-04trmiss40_trlocglobal,1,0.6946022609869639,0.6967237293720245,0.47619047619047616,0.5032551262625493,0.4,0.0,0.0,0.0,0.0,0.0,0.0,0.0,0.0,0.0,,,,,18473,global,0.4
4,5,lr5e-05_bs32_modL1_fusion32_fusionL1_fusionBN0_drop0p2__wd1e-04trmiss40_trlocglobal,32,5e-05,0.0001,1,32,1,False,0.2,lr5e-05_bs32_modL1_fusion32_fusionL1_fusionBN0_drop0p2__wd1e-04trmiss40_trlocglobal,2,0.6899526715278625,0.6964726746082306,0.4960317460317461,0.5083872074745691,0.4444444444444444,0.0,0.0,0.0,0.0,0.0,0.0,0.0,0.0,0.0,,,,,18473,global,0.4
4,5,lr5e-05_bs32_modL1_fusion32_fusionL1_fusionBN0_drop0p2__wd1e-04trmiss40_trlocglobal,32,5e-05,0.0001,1,32,1,False,0.2,lr5e-05_bs32_modL1_fusion32_fusionL1_fusionBN0_drop0p2__wd1e-04trmiss40_trlocglobal,3,0.6832809746265411,0.6958579123020172,0.503968253968254,0.5123738850801363,0.4,0.0,0.0,0.0,0.0,0.0,0.0,0.0,0.0,0.0,,,,,18473,global,0.4
4,5,lr5e-05_bs32_modL1_fusion32_fusionL1_fusionBN0_drop0p2__wd1e-04trmiss40_trlocglobal,32,5e-05,0.0001,1,32,1,False,0.2,lr5e-05_bs32_modL1_fusion32_fusionL1_fusionBN0_drop0p2__wd1e-04trmiss40_trlocglobal,4,0.6915652453899384,0.694537878036499,0.5277777777777778,0.5281626224752359,0.4888888888888889,0.0,0.0,0.0,0.0,0.0,0.0,0.0,0.0,0.0,,,,,18473,global,0.4
4,5,lr5e-05_bs32_modL1_fusion32_fusionL1_fusionBN0_drop0p2__wd1e-04trmiss40_trlocglobal,32,5e-05,0.0001,1,32,1,False,0.2,lr5e-05_bs32_modL1_fusion32_fusionL1_fusionBN0_drop0p2__wd1e-04trmiss40_trlocglobal,5,0.6744240423043569,0.6922983229160309,0.5595238095238095,0.5530336053164513,0.4888888888888889,0.0,0.0,0.0,0.0,0.0,0.0,0.0,0.0,0.0,,,,,18473,global,0.4
4,5,lr5e-05_bs32_modL1_fusion32_fusionL1_fusionBN0_drop0p2__wd1e-04trmiss40_trlocglobal,32,5e-05,0.0001,1,32,1,False,0.2,lr5e-05_bs32_modL1_fusion32_fusionL1_fusionBN0_drop0p2__wd1e-04trmiss40_trlocglobal,6,0.6680107315381368,0.6903349757194519,0.5753968253968255,0.5630452434057285,0.5111111111111111,0.0,0.0,0.0,0.0,0.0,0.0,0.0,0.0,0.0,,,,,18473,global,0.4
4,5,lr5e-05_bs32_modL1_fusion32_fusionL1_fusionBN0_drop0p2__wd1e-04trmiss40_trlocglobal,32,5e-05,0.0001,1,32,1,False,0.2,lr5e-05_bs32_modL1_fusion32_fusionL1_fusionBN0_drop0p2__wd1e-04trmiss40_trlocglobal,7,0.6637831330299377,0.6890998482704163,0.5833333333333334,0.5721089845474668,0.5111111111111111,0.0,0.0,0.0,0.0,0.0,0.0,0.0,0.0,0.0,,,,,18473,global,0.4
4,5,lr5e-05_bs32_modL1_fusion32_fusionL1_fusionBN0_drop0p2__wd1e-04trmiss40_trlocglobal,32,5e-05,0.0001,1,32,1,False,0.2,lr5e-05_bs32_modL1_fusion32_fusionL1_fusionBN0_drop0p2__wd1e-04trmiss40_trlocglobal,8,0.6613495151201884,0.6872228384017944,0.6011904761904762,0.5885824018781642,0.5111111111111111,0.0,0.0,0.0,0.0,0.0,0.0,0.0,0.0,0.0,,,,,18473,global,0.4
4,5,lr5e-05_bs32_modL1_fusion32_fusionL1_fusionBN0_drop0p2__wd1e-04trmiss40_trlocglobal,32,5e-05,0.0001,1,32,1,False,0.2,lr5e-05_bs32_modL1_fusion32_fusionL1_fusionBN0_drop0p2__wd1e-04trmiss40_trlocglobal,9,0.6576135456562042,0.6856587827205658,0.6170634920634921,0.599498070997712,0.5555555555555556,0.0,0.0,0.0,0.0,0.0,0.0,0.0,0.0,0.0,,,,,18473,global,0.4
4,5,lr5e-05_bs32_modL1_fusion32_fusionL1_fusionBN0_drop0p2__wd1e-04trmiss40_trlocglobal,32,5e-05,0.0001,1,32,1,False,0.2,lr5e-05_bs32_modL1_fusion32_fusionL1_fusionBN0_drop0p2__wd1e-04trmiss40_trlocglobal,10,0.6513370176156362,0.6860730648040771,0.6031746031746033,0.59282867675141,0.5555555555555556,0.0,0.0,0.0,0.0,0.0,0.0,0.0,0.0,0.0,,,,,18473,global,0.4
4,5,lr5e-05_bs32_modL1_fusion32_fusionL1_fusionBN0_drop0p2__wd1e-04trmiss40_trlocglobal,32,5e-05,0.0001,1,32,1,False,0.2,lr5e-05_bs32_modL1_fusion32_fusionL1_fusionBN0_drop0p2__wd1e-04trmiss40_trlocglobal,11,0.6521536409854889,0.6854901313781738,0.6051587301587302,0.5939113271462046,0.5777777777777777,0.0,0.0,0.0,0.0,0.0,0.0,0.0,0.0,0.0,,,,,18473,global,0.4
4,5,lr5e-05_bs32_modL1_fusion32_fusionL1_fusionBN0_drop0p2__wd1e-04trmiss40_trlocglobal,32,5e-05,0.0001,1,32,1,False,0.2,lr5e-05_bs32_modL1_fusion32_fusionL1_fusionBN0_drop0p2__wd1e-04trmiss40_trlocglobal,12,0.6491019825140635,0.6842061877250671,0.6071428571428572,0.6042219722847485,0.5777777777777777,0.0,0.0,0.0,0.0,0.0,0.0,0.0,0.0,0.0,,,,,18473,global,0.4
4,5,lr5e-05_bs32_modL1_fusion32_fusionL1_fusionBN0_drop0p2__wd1e-04trmiss40_trlocglobal,32,5e-05,0.0001,1,32,1,False,0.2,lr5e-05_bs32_modL1_fusion32_fusionL1_fusionBN0_drop0p2__wd1e-04trmiss40_trlocglobal,13,0.6447879374027252,0.6837432682514191,0.623015873015873,0.6090781171601231,0.5777777777777777,0.0,0.0,0.0,0.0,0.0,0.0,0.0,0.0,0.0,,,,,18473,global,0.4
4,5,lr5e-05_bs32_modL1_fusion32_fusionL1_fusionBN0_drop0p2__wd1e-04trmiss40_trlocglobal,32,5e-05,0.0001,1,32,1,False,0.2,lr5e-05_bs32_modL1_fusion32_fusionL1_fusionBN0_drop0p2__wd1e-04trmiss40_trlocglobal,14,0.6344083448251089,0.6830196678638458,0.621031746031746,0.608022407821302,0.5555555555555556,0.0,0.0,0.0,0.0,0.0,0.0,0.0,0.0,0.0,,,,,18473,global,0.4
4,5,lr5e-05_bs32_modL1_fusion32_fusionL1_fusionBN0_drop0p2__wd1e-04trmiss40_trlocglobal,32,5e-05,0.0001,1,32,1,False,0.2,lr5e-05_bs32_modL1_fusion32_fusionL1_fusionBN0_drop0p2__wd1e-04trmiss40_trlocglobal,15,0.6436841289202372,0.6834303736686707,0.6170634920634921,0.6064930718029605,0.5555555555555556,0.0,0.0,0.0,0.0,0.0,0.0,0.0,0.0,0.0,,,,,18473,global,0.4
4,5,lr5e-05_bs32_modL1_fusion32_fusionL1_fusionBN0_drop0p2__wd1e-04trmiss40_trlocglobal,32,5e-05,0.0001,1,32,1,False,0.2,lr5e-05_bs32_modL1_fusion32_fusionL1_fusionBN0_drop0p2__wd1e-04trmiss40_trlocglobal,16,0.6319728593031565,0.6834684014320374,0.6130952380952381,0.6085813755253441,0.5777777777777777,0.0,0.0,0.0,0.0,0.0,0.0,0.0,0.0,0.0,,,,,18473,global,0.4
4,5,lr5e-05_bs32_modL1_fusion32_fusionL1_fusionBN0_drop0p2__wd1e-04trmiss40_trlocglobal,32,5e-05,0.0001,1,32,1,False,0.2,lr5e-05_bs32_modL1_fusion32_fusionL1_fusionBN0_drop0p2__wd1e-04trmiss40_trlocglobal,17,0.6321764787038168,0.6831415295600891,0.6170634920634921,0.6123930763783314,0.5777777777777777,0.0,0.0,0.0,0.0,0.0,0.0,0.0,0.0,0.0,,,,,18473,global,0.4
4,5,lr5e-05_bs32_modL1_fusion32_fusionL1_fusionBN0_drop0p2__wd1e-04trmiss40_trlocglobal,32,5e-05,0.0001,1,32,1,False,0.2,lr5e-05_bs32_modL1_fusion32_fusionL1_fusionBN0_drop0p2__wd1e-04trmiss40_trlocglobal,18,0.6293232440948486,0.6826901137828827,0.621031746031746,0.6191751634974418,0.5777777777777777,0.0,0.0,0.0,0.0,0.0,0.0,0.0,0.0,0.0,,,,,18473,global,0.4
4,5,lr5e-05_bs32_modL1_fusion32_fusionL1_fusionBN0_drop0p2__wd1e-04trmiss40_trlocglobal,32,5e-05,0.0001,1,32,1,False,0.2,lr5e-05_bs32_modL1_fusion32_fusionL1_fusionBN0_drop0p2__wd1e-04trmiss40_trlocglobal,19,0.6310124496618906,0.681789368391037,0.626984126984127,0.6238357133234328,0.6,0.0,0.0,0.0,0.0,0.0,0.0,0.0,0.0,0.0,,,,,18473,global,0.4
4,5,lr5e-05_bs32_modL1_fusion32_fusionL1_fusionBN0_drop0p2__wd1e-04trmiss40_trlocglobal,32,5e-05,0.0001,1,32,1,False,0.2,lr5e-05_bs32_modL1_fusion32_fusionL1_fusionBN0_drop0p2__wd1e-04trmiss40_trlocglobal,20,0.6280797521273295,0.6822509169578552,0.623015873015873,0.6204382013480223,0.5777777777777777,0.0,0.0,0.0,0.0,0.0,0.0,0.0,0.0,0.0,,,,,18473,global,0.4
4,5,lr5e-05_bs32_modL1_fusion32_fusionL1_fusionBN0_drop0p2__wd1e-04trmiss40_trlocglobal,32,5e-05,0.0001,1,32,1,False,0.2,lr5e-05_bs32_modL1_fusion32_fusionL1_fusionBN0_drop0p2__wd1e-04trmiss40_trlocglobal,21,0.6271254221598307,0.6812137961387634,0.625,0.6254248394088473,0.6,0.0,0.0,0.0,0.0,0.0,0.0,0.0,0.0,0.0,,,,,18473,global,0.4
4,5,lr5e-05_bs32_modL1_fusion32_fusionL1_fusionBN0_drop0p2__wd1e-04trmiss40_trlocglobal,32,5e-05,0.0001,1,32,1,False,0.2,lr5e-05_bs32_modL1_fusion32_fusionL1_fusionBN0_drop0p2__wd1e-04trmiss40_trlocglobal,22,0.6241573691368103,0.6811196804046631,0.623015873015873,0.6248865115998717,0.6,0.0,0.0,0.0,0.0,0.0,0.0,0.0,0.0,0.0,,,,,18473,global,0.4
4,5,lr5e-05_bs32_modL1_fusion32_fusionL1_fusionBN0_drop0p2__wd1e-04trmiss40_trlocglobal,32,5e-05,0.0001,1,32,1,False,0.2,lr5e-05_bs32_modL1_fusion32_fusionL1_fusionBN0_drop0p2__wd1e-04trmiss40_trlocglobal,23,0.6145920753479004,0.6801749765872955,0.628968253968254,0.6213411880551853,0.6,0.0,0.0,0.0,0.0,0.0,0.0,0.0,0.0,0.0,,,,,18473,global,0.4
4,5,lr5e-05_bs32_modL1_fusion32_fusionL1_fusionBN0_drop0p2__wd1e-04trmiss40_trlocglobal,32,5e-05,0.0001,1,32,1,False,0.2,lr5e-05_bs32_modL1_fusion32_fusionL1_fusionBN0_drop0p2__wd1e-04trmiss40_trlocglobal,24,0.6174258490403494,0.6805154383182526,0.628968253968254,0.6397823552489599,0.6,0.0,0.0,0.0,0.0,0.0,0.0,0.0,0.0,0.0,,,,,18473,global,0.4
4,5,lr5e-05_bs32_modL1_fusion32_fusionL1_fusionBN0_drop0p2__wd1e-04trmiss40_trlocglobal,32,5e-05,0.0001,1,32,1,False,0.2,lr5e-05_bs32_modL1_fusion32_fusionL1_fusionBN0_drop0p2__wd1e-04trmiss40_trlocglobal,25,0.6140489677588145,0.6809967160224915,0.6130952380952381,0.6321085003752445,0.6,0.0,0.0,0.0,0.0,0.0,0.0,0.0,0.0,0.0,,,,,18473,global,0.4
4,5,lr5e-05_bs32_modL1_fusion32_fusionL1_fusionBN0_drop0p2__wd1e-04trmiss40_trlocglobal,32,5e-05,0.0001,1,32,1,False,0.2,lr5e-05_bs32_modL1_fusion32_fusionL1_fusionBN0_drop0p2__wd1e-04trmiss40_trlocglobal,26,0.608868012825648,0.6804444789886475,0.6150793650793651,0.645724070181307,0.6,0.0,0.0,0.0,0.0,0.0,0.0,0.0,0.0,0.0,,,,,18473,global,0.4
4,5,lr5e-05_bs32_modL1_fusion32_fusionL1_fusionBN0_drop0p2__wd1e-04trmiss40_trlocglobal,32,5e-05,0.0001,1,32,1,False,0.2,lr5e-05_bs32_modL1_fusion32_fusionL1_fusionBN0_drop0p2__wd1e-04trmiss40_trlocglobal,27,0.6118257741133372,0.6797662675380707,0.6111111111111112,0.6420650829188457,0.5777777777777777,0.0,0.0,0.0,0.0,0.0,0.0,0.0,0.0,0.0,,,,,18473,global,0.4
4,5,lr5e-05_bs32_modL1_fusion32_fusionL1_fusionBN0_drop0p2__wd1e-04trmiss40_trlocglobal,32,5e-05,0.0001,1,32,1,False,0.2,lr5e-05_bs32_modL1_fusion32_fusionL1_fusionBN0_drop0p2__wd1e-04trmiss40_trlocglobal,28,0.6030411620934805,0.6787046790122986,0.6150793650793651,0.6107400157359355,0.6,0.0,0.0,0.0,0.0,0.0,0.0,0.0,0.0,0.0,,,,,18473,global,0.4
4,5,lr5e-05_bs32_modL1_fusion32_fusionL1_fusionBN0_drop0p2__wd1e-04trmiss40_trlocglobal,32,5e-05,0.0001,1,32,1,False,0.2,lr5e-05_bs32_modL1_fusion32_fusionL1_fusionBN0_drop0p2__wd1e-04trmiss40_trlocglobal,29,0.6045340796311697,0.6776060163974762,0.621031746031746,0.6373637689978258,0.6,0.0,0.0,0.0,0.0,0.0,0.0,0.0,0.0,0.0,,,,,18473,global,0.4
4,5,lr5e-05_bs32_modL1_fusion32_fusionL1_fusionBN0_drop0p2__wd1e-04trmiss40_trlocglobal,32,5e-05,0.0001,1,32,1,False,0.2,lr5e-05_bs32_modL1_fusion32_fusionL1_fusionBN0_drop0p2__wd1e-04trmiss40_trlocglobal,30,0.6079738537470499,0.6752338707447052,0.6309523809523809,0.6441445106575998,0.6,0.0,0.0,0.0,0.0,0.0,0.0,0.0,0.0,0.0,,,,,18473,global,0.4
4,5,lr5e-05_bs32_modL1_fusion32_fusionL1_fusionBN0_drop0p2__wd1e-04trmiss40_trlocglobal,32,5e-05,0.0001,1,32,1,False,0.2,lr5e-05_bs32_modL1_fusion32_fusionL1_fusionBN0_drop0p2__wd1e-04trmiss40_trlocglobal,31,0.5976065794626871,0.6734195053577423,0.636904761904762,0.6557342985262709,0.5777777777777777,0.0,0.0,0.0,0.0,0.0,0.0,0.0,0.0,0.0,,,,,18473,global,0.4
4,5,lr5e-05_bs32_modL1_fusion32_fusionL1_fusionBN0_drop0p2__wd1e-04trmiss40_trlocglobal,32,5e-05,0.0001,1,32,1,False,0.2,lr5e-05_bs32_modL1_fusion32_fusionL1_fusionBN0_drop0p2__wd1e-04trmiss40_trlocglobal,32,0.5918054580688477,0.6737506091594696,0.6309523809523809,0.6499574191280687,0.5777777777777777,0.0,0.0,0.0,0.0,0.0,0.0,0.0,0.0,0.0,,,,,18473,global,0.4
4,5,lr5e-05_bs32_modL1_fusion32_fusionL1_fusionBN0_drop0p2__wd1e-04trmiss40_trlocglobal,32,5e-05,0.0001,1,32,1,False,0.2,lr5e-05_bs32_modL1_fusion32_fusionL1_fusionBN0_drop0p2__wd1e-04trmiss40_trlocglobal,33,0.5939055979251862,0.6735740900039673,0.6309523809523809,0.6540706669913166,0.6,0.0,0.0,0.0,0.0,0.0,0.0,0.0,0.0,0.0,,,,,18473,global,0.4
4,5,lr5e-05_bs32_modL1_fusion32_fusionL1_fusionBN0_drop0p2__wd1e-04trmiss40_trlocglobal,32,5e-05,0.0001,1,32,1,False,0.2,lr5e-05_bs32_modL1_fusion32_fusionL1_fusionBN0_drop0p2__wd1e-04trmiss40_trlocglobal,34,0.5936583677927653,0.673425018787384,0.6329365079365079,0.6523704847784301,0.5777777777777777,0.0,0.0,0.0,0.0,0.0,0.0,0.0,0.0,0.0,,,,,18473,global,0.4
4,5,lr5e-05_bs32_modL1_fusion32_fusionL1_fusionBN0_drop0p2__wd1e-04trmiss40_trlocglobal,32,5e-05,0.0001,1,32,1,False,0.2,lr5e-05_bs32_modL1_fusion32_fusionL1_fusionBN0_drop0p2__wd1e-04trmiss40_trlocglobal,35,0.5942827562491099,0.6729740798473358,0.6329365079365079,0.659463404042402,0.6,0.0,0.0,0.0,0.0,0.0,0.0,0.0,0.0,0.0,,,,,18473,global,0.4
4,5,lr5e-05_bs32_modL1_fusion32_fusionL1_fusionBN0_drop0p2__wd1e-04trmiss40_trlocglobal,32,5e-05,0.0001,1,32,1,False,0.2,lr5e-05_bs32_modL1_fusion32_fusionL1_fusionBN0_drop0p2__wd1e-04trmiss40_trlocglobal,36,0.6002325713634491,0.67275071144104,0.6309523809523809,0.6583950279740259,0.6,0.0,0.0,0.0,0.0,0.0,0.0,0.0,0.0,0.0,,,,,18473,global,0.4
4,5,lr5e-05_bs32_modL1_fusion32_fusionL1_fusionBN0_drop0p2__wd1e-04trmiss40_trlocglobal,32,5e-05,0.0001,1,32,1,False,0.2,lr5e-05_bs32_modL1_fusion32_fusionL1_fusionBN0_drop0p2__wd1e-04trmiss40_trlocglobal,37,0.5824830134709676,0.6723599135875702,0.626984126984127,0.6570644141434121,0.6,0.0,0.0,0.0,0.0,0.0,0.0,0.0,0.0,0.0,,,,,18473,global,0.4
4,5,lr5e-05_bs32_modL1_fusion32_fusionL1_fusionBN0_drop0p2__wd1e-04trmiss40_trlocglobal,32,5e-05,0.0001,1,32,1,False,0.2,lr5e-05_bs32_modL1_fusion32_fusionL1_fusionBN0_drop0p2__wd1e-04trmiss40_trlocglobal,38,0.5883003870646158,0.6722566187381744,0.628968253968254,0.6448840790464104,0.6,0.0,0.0,0.0,0.0,0.0,0.0,0.0,0.0,0.0,,,,,18473,global,0.4
4,5,lr5e-05_bs32_modL1_fusion32_fusionL1_fusionBN0_drop0p2__wd1e-04trmiss40_trlocglobal,32,5e-05,0.0001,1,32,1,False,0.2,lr5e-05_bs32_modL1_fusion32_fusionL1_fusionBN0_drop0p2__wd1e-04trmiss40_trlocglobal,39,0.5851808289686838,0.6719094812870026,0.628968253968254,0.6613253116940383,0.6,0.0,0.0,0.0,0.0,0.0,0.0,0.0,0.0,0.0,,,,,18473,global,0.4
4,5,lr5e-05_bs32_modL1_fusion32_fusionL1_fusionBN0_drop0p2__wd1e-04trmiss40_trlocglobal,32,5e-05,0.0001,1,32,1,False,0.2,lr5e-05_bs32_modL1_fusion32_fusionL1_fusionBN0_drop0p2__wd1e-04trmiss40_trlocglobal,40,0.5864157478014628,0.6721444427967072,0.6309523809523809,0.6625879379566647,0.6222222222222222,0.0,0.0,0.0,0.0,0.0,0.0,0.0,0.0,0.0,,,,,18473,global,0.4
4,5,lr5e-05_bs32_modL1_fusion32_fusionL1_fusionBN0_drop0p2__wd1e-04trmiss40_trlocglobal,32,5e-05,0.0001,1,32,1,False,0.2,lr5e-05_bs32_modL1_fusion32_fusionL1_fusionBN0_drop0p2__wd1e-04trmiss40_trlocglobal,41,0.5866396427154541,0.6718092858791351,0.6309523809523809,0.6500879379566648,0.6222222222222222,0.0,0.0,0.0,0.0,0.0,0.0,0.0,0.0,0.0,,,,,18473,global,0.4
4,5,lr5e-05_bs32_modL1_fusion32_fusionL1_fusionBN0_drop0p2__wd1e-04trmiss40_trlocglobal,32,5e-05,0.0001,1,32,1,False,0.2,lr5e-05_bs32_modL1_fusion32_fusionL1_fusionBN0_drop0p2__wd1e-04trmiss40_trlocglobal,42,0.5866345663865408,0.671227216720581,0.6309523809523809,0.6492160361656453,0.6222222222222222,0.0,0.0,0.0,0.0,0.0,0.0,0.0,0.0,0.0,,,,,18473,global,0.4
4,5,lr5e-05_bs32_modL1_fusion32_fusionL1_fusionBN0_drop0p2__wd1e-04trmiss40_trlocglobal,32,5e-05,0.0001,1,32,1,False,0.2,lr5e-05_bs32_modL1_fusion32_fusionL1_fusionBN0_drop0p2__wd1e-04trmiss40_trlocglobal,43,0.5747227470080057,0.6701322197914124,0.6309523809523809,0.6619417091854359,0.6222222222222222,0.0,0.0,0.0,0.0,0.0,0.0,0.0,0.0,0.0,,,,,18473,global,0.4
4,5,lr5e-05_bs32_modL1_fusion32_fusionL1_fusionBN0_drop0p2__wd1e-04trmiss40_trlocglobal,32,5e-05,0.0001,1,32,1,False,0.2,lr5e-05_bs32_modL1_fusion32_fusionL1_fusionBN0_drop0p2__wd1e-04trmiss40_trlocglobal,44,0.5823309818903605,0.6698440909385681,0.6329365079365079,0.6641513051450318,0.6222222222222222,0.0,0.0,0.0,0.0,0.0,0.0,0.0,0.0,0.0,,,,,18473,global,0.4
4,5,lr5e-05_bs32_modL1_fusion32_fusionL1_fusionBN0_drop0p2__wd1e-04trmiss40_trlocglobal,32,5e-05,0.0001,1,32,1,False,0.2,lr5e-05_bs32_modL1_fusion32_fusionL1_fusionBN0_drop0p2__wd1e-04trmiss40_trlocglobal,45,0.5742453138033549,0.6690589189529419,0.6408730158730159,0.6656537029410343,0.6222222222222222,0.0,0.0,0.0,0.0,0.0,0.0,0.0,0.0,0.0,,,,,18473,global,0.4
4,5,lr5e-05_bs32_modL1_fusion32_fusionL1_fusionBN0_drop0p2__wd1e-04trmiss40_trlocglobal,32,5e-05,0.0001,1,32,1,False,0.2,lr5e-05_bs32_modL1_fusion32_fusionL1_fusionBN0_drop0p2__wd1e-04trmiss40_trlocglobal,46,0.5807049969832102,0.6680815815925598,0.6448412698412699,0.6629619603627828,0.6666666666666666,0.0,0.0,0.0,0.0,0.0,0.0,0.0,0.0,0.0,,,,,18473,global,0.4
4,5,lr5e-05_bs32_modL1_fusion32_fusionL1_fusionBN0_drop0p2__wd1e-04trmiss40_trlocglobal,32,5e-05,0.0001,1,32,1,False,0.2,lr5e-05_bs32_modL1_fusion32_fusionL1_fusionBN0_drop0p2__wd1e-04trmiss40_trlocglobal,47,0.5734358330567678,0.6677939891815186,0.6527777777777777,0.6754197249624911,0.6444444444444445,0.0,0.0,0.0,0.0,0.0,0.0,0.0,0.0,0.0,,,,,18473,global,0.4
4,5,lr5e-05_bs32_modL1_fusion32_fusionL1_fusionBN0_drop0p2__wd1e-04trmiss40_trlocglobal,32,5e-05,0.0001,1,32,1,False,0.2,lr5e-05_bs32_modL1_fusion32_fusionL1_fusionBN0_drop0p2__wd1e-04trmiss40_trlocglobal,48,0.5691345036029816,0.6675457060337067,0.6448412698412699,0.6638338621538021,0.6444444444444445,0.0,0.0,0.0,0.0,0.0,0.0,0.0,0.0,0.0,,,,,18473,global,0.4
4,5,lr5e-05_bs32_modL1_fusion32_fusionL1_fusionBN0_drop0p2__wd1e-04trmiss40_trlocglobal,32,5e-05,0.0001,1,32,1,False,0.2,lr5e-05_bs32_modL1_fusion32_fusionL1_fusionBN0_drop0p2__wd1e-04trmiss40_trlocglobal,49,0.5758734742800394,0.6675480604171753,0.6527777777777778,0.668583387319994,0.6444444444444445,0.0,0.0,0.0,0.0,0.0,0.0,0.0,0.0,0.0,,,,,18473,global,0.4
4,5,lr5e-05_bs32_modL1_fusion32_fusionL1_fusionBN0_drop0p2__wd1e-04trmiss40_trlocglobal,32,5e-05,0.0001,1,32,1,False,0.2,lr5e-05_bs32_modL1_fusion32_fusionL1_fusionBN0_drop0p2__wd1e-04trmiss40_trlocglobal,50,0.5742361744244894,0.6670369207859039,0.6527777777777778,0.6696381658747725,0.7111111111111111,0.0,0.0,0.0,0.0,0.0,0.0,0.0,0.0,0.0,,,,,18473,global,0.4
4,5,lr5e-05_bs32_modL1_fusion32_fusionL1_fusionBN0_drop0p2__wd1e-04trmiss40_trlocglobal,32,5e-05,0.0001,1,32,1,False,0.2,lr5e-05_bs32_modL1_fusion32_fusionL1_fusionBN0_drop0p2__wd1e-04trmiss40_trlocglobal,51,0.5713504950205485,0.666979044675827,0.6507936507936508,0.6641502510118577,0.7111111111111111,0.0,0.0,0.0,0.0,0.0,0.0,0.0,0.0,0.0,,,,,18473,global,0.4
4,5,lr5e-05_bs32_modL1_fusion32_fusionL1_fusionBN0_drop0p2__wd1e-04trmiss40_trlocglobal,32,5e-05,0.0001,1,32,1,False,0.2,lr5e-05_bs32_modL1_fusion32_fusionL1_fusionBN0_drop0p2__wd1e-04trmiss40_trlocglobal,52,0.5673650999863943,0.6656202971935272,0.6607142857142857,0.6715058668147225,0.7111111111111111,0.0,0.0,0.0,0.0,0.0,0.0,0.0,0.0,0.0,,,,,18473,global,0.4
4,5,lr5e-05_bs32_modL1_fusion32_fusionL1_fusionBN0_drop0p2__wd1e-04trmiss40_trlocglobal,32,5e-05,0.0001,1,32,1,False,0.2,lr5e-05_bs32_modL1_fusion32_fusionL1_fusionBN0_drop0p2__wd1e-04trmiss40_trlocglobal,53,0.5770996510982513,0.6651380360126495,0.6626984126984127,0.6780887345189137,0.7111111111111111,0.0,0.0,0.0,0.0,0.0,0.0,0.0,0.0,0.0,,,,,18473,global,0.4
4,5,lr5e-05_bs32_modL1_fusion32_fusionL1_fusionBN0_drop0p2__wd1e-04trmiss40_trlocglobal,32,5e-05,0.0001,1,32,1,False,0.2,lr5e-05_bs32_modL1_fusion32_fusionL1_fusionBN0_drop0p2__wd1e-04trmiss40_trlocglobal,54,0.5683203836282095,0.6648980677127838,0.6706349206349206,0.6839967512532814,0.6888888888888889,0.0,0.0,0.0,0.0,0.0,0.0,0.0,0.0,0.0,,,,,18473,global,0.4
4,5,lr5e-05_bs32_modL1_fusion32_fusionL1_fusionBN0_drop0p2__wd1e-04trmiss40_trlocglobal,32,5e-05,0.0001,1,32,1,False,0.2,lr5e-05_bs32_modL1_fusion32_fusionL1_fusionBN0_drop0p2__wd1e-04trmiss40_trlocglobal,55,0.5666772822539011,0.6642549633979797,0.6726190476190476,0.6827151436489993,0.6666666666666666,0.0,0.0,0.0,0.0,0.0,0.0,0.0,0.0,0.0,,,,,18473,global,0.4
4,5,lr5e-05_bs32_modL1_fusion32_fusionL1_fusionBN0_drop0p2__wd1e-04trmiss40_trlocglobal,32,5e-05,0.0001,1,32,1,False,0.2,lr5e-05_bs32_modL1_fusion32_fusionL1_fusionBN0_drop0p2__wd1e-04trmiss40_trlocglobal,56,0.5658670663833618,0.664379209280014,0.6706349206349206,0.6845878268443569,0.6888888888888889,0.0,0.0,0.0,0.0,0.0,0.0,0.0,0.0,0.0,,,,,18473,global,0.4
4,5,lr5e-05_bs32_modL1_fusion32_fusionL1_fusionBN0_drop0p2__wd1e-04trmiss40_trlocglobal,32,5e-05,0.0001,1,32,1,False,0.2,lr5e-05_bs32_modL1_fusion32_fusionL1_fusionBN0_drop0p2__wd1e-04trmiss40_trlocglobal,57,0.5667011837164561,0.664290577173233,0.6626984126984127,0.6726100170724296,0.6888888888888889,0.0,0.0,0.0,0.0,0.0,0.0,0.0,0.0,0.0,,,,,18473,global,0.4
4,5,lr5e-05_bs32_modL1_fusion32_fusionL1_fusionBN0_drop0p2__wd1e-04trmiss40_trlocglobal,32,5e-05,0.0001,1,32,1,False,0.2,lr5e-05_bs32_modL1_fusion32_fusionL1_fusionBN0_drop0p2__wd1e-04trmiss40_trlocglobal,58,0.5589865843454996,0.6647481620311737,0.6646825396825397,0.6779104838820428,0.6888888888888889,0.0,0.0,0.0,0.0,0.0,0.0,0.0,0.0,0.0,,,,,18473,global,0.4
4,5,lr5e-05_bs32_modL1_fusion32_fusionL1_fusionBN0_drop0p2__wd1e-04trmiss40_trlocglobal,32,5e-05,0.0001,1,32,1,False,0.2,lr5e-05_bs32_modL1_fusion32_fusionL1_fusionBN0_drop0p2__wd1e-04trmiss40_trlocglobal,59,0.5691985189914703,0.664264589548111,0.6646825396825397,0.6792120590363135,0.6888888888888889,0.0,0.0,0.0,0.0,0.0,0.0,0.0,0.0,0.0,,,,,18473,global,0.4
4,5,lr5e-05_bs32_modL1_fusion32_fusionL1_fusionBN0_drop0p2__wd1e-04trmiss40_trlocglobal,32,5e-05,0.0001,1,32,1,False,0.2,lr5e-05_bs32_modL1_fusion32_fusionL1_fusionBN0_drop0p2__wd1e-04trmiss40_trlocglobal,60,0.5672277212142944,0.6634880602359772,0.6686507936507936,0.6848843329263542,0.6888888888888889,0.0,0.0,0.0,0.0,0.0,0.0,0.0,0.0,0.0,,,,,18473,global,0.4
4,5,lr5e-05_bs32_modL1_fusion32_fusionL1_fusionBN0_drop0p2__wd1e-04trmiss40_trlocglobal,32,5e-05,0.0001,1,32,1,False,0.2,lr5e-05_bs32_modL1_fusion32_fusionL1_fusionBN0_drop0p2__wd1e-04trmiss40_trlocglobal,61,0.5663655996322632,0.6629622876644135,0.6765873015873016,0.6936401969453763,0.6666666666666666,0.0,0.0,0.0,0.0,0.0,0.0,0.0,0.0,0.0,,,,,18473,global,0.4
4,5,lr5e-05_bs32_modL1_fusion32_fusionL1_fusionBN0_drop0p2__wd1e-04trmiss40_trlocglobal,32,5e-05,0.0001,1,32,1,False,0.2,lr5e-05_bs32_modL1_fusion32_fusionL1_fusionBN0_drop0p2__wd1e-04trmiss40_trlocglobal,62,0.5688884258270264,0.6628256738185883,0.6746031746031745,0.693083673522999,0.6888888888888889,0.0,0.0,0.0,0.0,0.0,0.0,0.0,0.0,0.0,,,,,18473,global,0.4
4,5,lr5e-05_bs32_modL1_fusion32_fusionL1_fusionBN0_drop0p2__wd1e-04trmiss40_trlocglobal,32,5e-05,0.0001,1,32,1,False,0.2,lr5e-05_bs32_modL1_fusion32_fusionL1_fusionBN0_drop0p2__wd1e-04trmiss40_trlocglobal,63,0.5613182385762533,0.6628000438213348,0.6765873015873016,0.6987699661278963,0.6888888888888889,0.0,0.0,0.0,0.0,0.0,0.0,0.0,0.0,0.0,,,,,18473,global,0.4
4,5,lr5e-05_bs32_modL1_fusion32_fusionL1_fusionBN0_drop0p2__wd1e-04trmiss40_trlocglobal,32,5e-05,0.0001,1,32,1,False,0.2,lr5e-05_bs32_modL1_fusion32_fusionL1_fusionBN0_drop0p2__wd1e-04trmiss40_trlocglobal,64,0.5696542163689932,0.6631011664867401,0.6726190476190477,0.6970529331608634,0.7111111111111111,0.0,0.0,0.0,0.0,0.0,0.0,0.0,0.0,0.0,,,,,18473,global,0.4
4,5,lr5e-05_bs32_modL1_fusion32_fusionL1_fusionBN0_drop0p2__wd1e-04trmiss40_trlocglobal,32,5e-05,0.0001,1,32,1,False,0.2,lr5e-05_bs32_modL1_fusion32_fusionL1_fusionBN0_drop0p2__wd1e-04trmiss40_trlocglobal,65,0.55872909228007,0.6632413566112518,0.6626984126984127,0.6822354589683892,0.7111111111111111,0.0,0.0,0.0,0.0,0.0,0.0,0.0,0.0,0.0,,,,,18473,global,0.4
4,5,lr5e-05_bs32_modL1_fusion32_fusionL1_fusionBN0_drop0p2__wd1e-04trmiss40_trlocglobal,32,5e-05,0.0001,1,32,1,False,0.2,lr5e-05_bs32_modL1_fusion32_fusionL1_fusionBN0_drop0p2__wd1e-04trmiss40_trlocglobal,66,0.5605463484923044,0.6632876098155975,0.6706349206349207,0.6920926157005459,0.6888888888888889,0.0,0.0,0.0,0.0,0.0,0.0,0.0,0.0,0.0,,,,,18473,global,0.4
4,5,lr5e-05_bs32_modL1_fusion32_fusionL1_fusionBN0_drop0p2__wd1e-04trmiss40_trlocglobal,32,5e-05,0.0001,1,32,1,False,0.2,lr5e-05_bs32_modL1_fusion32_fusionL1_fusionBN0_drop0p2__wd1e-04trmiss40_trlocglobal,67,0.5640969276428223,0.663292646408081,0.6607142857142858,0.6772611971191274,0.6888888888888889,0.0,0.0,0.0,0.0,0.0,0.0,0.0,0.0,0.0,,,,,18473,global,0.4
4,5,lr5e-05_bs32_modL1_fusion32_fusionL1_fusionBN0_drop0p2__wd1e-04trmiss40_trlocglobal,32,5e-05,0.0001,1,32,1,False,0.2,lr5e-05_bs32_modL1_fusion32_fusionL1_fusionBN0_drop0p2__wd1e-04trmiss40_trlocglobal,68,0.5583499173323313,0.6631366908550262,0.6726190476190477,0.6976883743776999,0.7111111111111111,0.0,0.0,0.0,0.0,0.0,0.0,0.0,0.0,0.0,,,,,18473,global,0.4
4,5,lr5e-05_bs32_modL1_fusion32_fusionL1_fusionBN0_drop0p2__wd1e-04trmiss40_trlocglobal,32,5e-05,0.0001,1,32,1,False,0.2,lr5e-05_bs32_modL1_fusion32_fusionL1_fusionBN0_drop0p2__wd1e-04trmiss40_trlocglobal,69,0.5649288396040598,0.6628507673740387,0.6686507936507936,0.6946554463883766,0.7111111111111111,0.0,0.0,0.0,0.0,0.0,0.0,0.0,0.0,0.0,,,,,18473,global,0.4
4,5,lr5e-05_bs32_modL1_fusion32_fusionL1_fusionBN0_drop0p2__wd1e-04trmiss40_trlocglobal,32,5e-05,0.0001,1,32,1,False,0.2,lr5e-05_bs32_modL1_fusion32_fusionL1_fusionBN0_drop0p2__wd1e-04trmiss40_trlocglobal,70,0.5628117223580679,0.6625020802021027,0.6785714285714285,0.7024715464744001,0.6888888888888889,0.0,0.0,0.0,0.0,0.0,0.0,0.0,0.0,0.0,,,,,18473,global,0.4
4,5,lr5e-05_bs32_modL1_fusion32_fusionL1_fusionBN0_drop0p2__wd1e-04trmiss40_trlocglobal,32,5e-05,0.0001,1,32,1,False,0.2,lr5e-05_bs32_modL1_fusion32_fusionL1_fusionBN0_drop0p2__wd1e-04trmiss40_trlocglobal,71,0.56097940603892,0.6628468036651611,0.6706349206349206,0.6991197321026623,0.6888888888888889,0.0,0.0,0.0,0.0,0.0,0.0,0.0,0.0,0.0,,,,,18473,global,0.4
4,5,lr5e-05_bs32_modL1_fusion32_fusionL1_fusionBN0_drop0p2__wd1e-04trmiss40_trlocglobal,32,5e-05,0.0001,1,32,1,False,0.2,lr5e-05_bs32_modL1_fusion32_fusionL1_fusionBN0_drop0p2__wd1e-04trmiss40_trlocglobal,72,0.5599886278311411,0.6623348593711853,0.6726190476190476,0.7015235782565085,0.6888888888888889,0.0,0.0,0.0,0.0,0.0,0.0,0.0,0.0,0.0,,,,,18473,global,0.4
4,5,lr5e-05_bs32_modL1_fusion32_fusionL1_fusionBN0_drop0p2__wd1e-04trmiss40_trlocglobal,32,5e-05,0.0001,1,32,1,False,0.2,lr5e-05_bs32_modL1_fusion32_fusionL1_fusionBN0_drop0p2__wd1e-04trmiss40_trlocglobal,73,0.5642736156781515,0.6622301340103149,0.6746031746031746,0.6938195305815306,0.6888888888888889,0.0,0.0,0.0,0.0,0.0,0.0,0.0,0.0,0.0,,,,,18473,global,0.4
4,5,lr5e-05_bs32_modL1_fusion32_fusionL1_fusionBN0_drop0p2__wd1e-04trmiss40_trlocglobal,32,5e-05,0.0001,1,32,1,False,0.2,lr5e-05_bs32_modL1_fusion32_fusionL1_fusionBN0_drop0p2__wd1e-04trmiss40_trlocglobal,74,0.5598145524660746,0.6620893478393555,0.6726190476190477,0.6977206682035985,0.6888888888888889,0.0,0.0,0.0,0.0,0.0,0.0,0.0,0.0,0.0,,,,,18473,global,0.4
4,5,lr5e-05_bs32_modL1_fusion32_fusionL1_fusionBN0_drop0p2__wd1e-04trmiss40_trlocglobal,32,5e-05,0.0001,1,32,1,False,0.2,lr5e-05_bs32_modL1_fusion32_fusionL1_fusionBN0_drop0p2__wd1e-04trmiss40_trlocglobal,75,0.5632181068261465,0.6629974544048309,0.6547619047619048,0.670575706683637,0.6888888888888889,0.0,0.0,0.0,0.0,0.0,0.0,0.0,0.0,0.0,,,,,18473,global,0.4
4,5,lr5e-05_bs32_modL1_fusion32_fusionL1_fusionBN0_drop0p2__wd1e-04trmiss40_trlocglobal,32,5e-05,0.0001,1,32,1,False,0.2,lr5e-05_bs32_modL1_fusion32_fusionL1_fusionBN0_drop0p2__wd1e-04trmiss40_trlocglobal,76,0.562455952167511,0.6624417901039124,0.6746031746031746,0.6861812207364,0.6666666666666666,0.0,0.0,0.0,0.0,0.0,0.0,0.0,0.0,0.0,,,,,18473,global,0.4
4,5,lr5e-05_bs32_modL1_fusion32_fusionL1_fusionBN0_drop0p2__wd1e-04trmiss40_trlocglobal,32,5e-05,0.0001,1,32,1,False,0.2,lr5e-05_bs32_modL1_fusion32_fusionL1_fusionBN0_drop0p2__wd1e-04trmiss40_trlocglobal,77,0.5586312413215637,0.6624564528465271,0.6666666666666666,0.6824481117401331,0.6888888888888889,0.0,0.0,0.0,0.0,0.0,0.0,0.0,0.0,0.0,,,,,18473,global,0.4
4,5,lr5e-05_bs32_modL1_fusion32_fusionL1_fusionBN0_drop0p2__wd1e-04trmiss40_trlocglobal,32,5e-05,0.0001,1,32,1,False,0.2,lr5e-05_bs32_modL1_fusion32_fusionL1_fusionBN0_drop0p2__wd1e-04trmiss40_trlocglobal,78,0.5572446087996165,0.662293940782547,0.6666666666666666,0.6831797874718089,0.6888888888888889,0.0,0.0,0.0,0.0,0.0,0.0,0.0,0.0,0.0,,,,,18473,global,0.4
4,5,lr5e-05_bs32_modL1_fusion32_fusionL1_fusionBN0_drop0p2__wd1e-04trmiss40_trlocglobal,32,5e-05,0.0001,1,32,1,False,0.2,lr5e-05_bs32_modL1_fusion32_fusionL1_fusionBN0_drop0p2__wd1e-04trmiss40_trlocglobal,79,0.5581036607424418,0.6626379191875458,0.6666666666666666,0.6831518052756473,0.6888888888888889,0.0,0.0,0.0,0.0,0.0,0.0,0.0,0.0,0.0,,,,,18473,global,0.4
4,5,lr5e-05_bs32_modL1_fusion32_fusionL1_fusionBN0_drop0p2__wd1e-04trmiss40_trlocglobal,32,5e-05,0.0001,1,32,1,False,0.2,lr5e-05_bs32_modL1_fusion32_fusionL1_fusionBN0_drop0p2__wd1e-04trmiss40_trlocglobal,80,0.5534952680269877,0.6624267995357513,0.6686507936507936,0.6837083286980244,0.6666666666666666,0.0,0.0,0.0,0.0,0.0,0.0,0.0,0.0,0.0,,,,,18473,global,0.4
4,5,lr5e-05_bs32_modL1_fusion32_fusionL1_fusionBN0_drop0p1__wd1e-04trmiss40_trlocglobal,32,5e-05,0.0001,1,32,1,False,0.1,lr5e-05_bs32_modL1_fusion32_fusionL1_fusionBN0_drop0p1__wd1e-04trmiss40_trlocglobal,1,0.7041834791501363,0.6942297220230103,0.5793650793650794,0.677816659204433,0.5111111111111111,0.0,0.0,0.0,0.0,0.0,0.0,0.0,0.0,0.0,,,,,18473,global,0.4
4,5,lr5e-05_bs32_modL1_fusion32_fusionL1_fusionBN0_drop0p1__wd1e-04trmiss40_trlocglobal,32,5e-05,0.0001,1,32,1,False,0.1,lr5e-05_bs32_modL1_fusion32_fusionL1_fusionBN0_drop0p1__wd1e-04trmiss40_trlocglobal,2,0.6945565938949585,0.6941166520118713,0.5793650793650793,0.680814565706741,0.5111111111111111,0.0,0.0,0.0,0.0,0.0,0.0,0.0,0.0,0.0,,,,,18473,global,0.4
4,5,lr5e-05_bs32_modL1_fusion32_fusionL1_fusionBN0_drop0p1__wd1e-04trmiss40_trlocglobal,32,5e-05,0.0001,1,32,1,False,0.1,lr5e-05_bs32_modL1_fusion32_fusionL1_fusionBN0_drop0p1__wd1e-04trmiss40_trlocglobal,3,0.6807419657707214,0.6934599876403809,0.5992063492063492,0.6957971056853278,0.5111111111111111,0.0,0.0,0.0,0.0,0.0,0.0,0.0,0.0,0.0,,,,,18473,global,0.4
4,5,lr5e-05_bs32_modL1_fusion32_fusionL1_fusionBN0_drop0p1__wd1e-04trmiss40_trlocglobal,32,5e-05,0.0001,1,32,1,False,0.1,lr5e-05_bs32_modL1_fusion32_fusionL1_fusionBN0_drop0p1__wd1e-04trmiss40_trlocglobal,4,0.67692431807518,0.6924768686294556,0.6111111111111112,0.7023377251847938,0.5111111111111111,0.0,0.0,0.0,0.0,0.0,0.0,0.0,0.0,0.0,,,,,18473,global,0.4
4,5,lr5e-05_bs32_modL1_fusion32_fusionL1_fusionBN0_drop0p1__wd1e-04trmiss40_trlocglobal,32,5e-05,0.0001,1,32,1,False,0.1,lr5e-05_bs32_modL1_fusion32_fusionL1_fusionBN0_drop0p1__wd1e-04trmiss40_trlocglobal,5,0.6712760825951894,0.6923026442527771,0.6170634920634921,0.7038900193519476,0.5111111111111111,0.0,0.0,0.0,0.0,0.0,0.0,0.0,0.0,0.0,,,,,18473,global,0.4
4,5,lr5e-05_bs32_modL1_fusion32_fusionL1_fusionBN0_drop0p1__wd1e-04trmiss40_trlocglobal,32,5e-05,0.0001,1,32,1,False,0.1,lr5e-05_bs32_modL1_fusion32_fusionL1_fusionBN0_drop0p1__wd1e-04trmiss40_trlocglobal,6,0.6643755932648977,0.6922466158866882,0.6170634920634921,0.7033647160966141,0.5111111111111111,0.0,0.0,0.0,0.0,0.0,0.0,0.0,0.0,0.0,,,,,18473,global,0.4
4,5,lr5e-05_bs32_modL1_fusion32_fusionL1_fusionBN0_drop0p1__wd1e-04trmiss40_trlocglobal,32,5e-05,0.0001,1,32,1,False,0.1,lr5e-05_bs32_modL1_fusion32_fusionL1_fusionBN0_drop0p1__wd1e-04trmiss40_trlocglobal,7,0.656401256720225,0.6916384696960449,0.6170634920634921,0.7139379413162863,0.5111111111111111,0.0,0.0,0.0,0.0,0.0,0.0,0.0,0.0,0.0,,,,,18473,global,0.4
4,5,lr5e-05_bs32_modL1_fusion32_fusionL1_fusionBN0_drop0p1__wd1e-04trmiss40_trlocglobal,32,5e-05,0.0001,1,32,1,False,0.1,lr5e-05_bs32_modL1_fusion32_fusionL1_fusionBN0_drop0p1__wd1e-04trmiss40_trlocglobal,8,0.6537403961022695,0.6905276477336884,0.634920634920635,0.7216466987847692,0.5111111111111111,0.0,0.0,0.0,0.0,0.0,0.0,0.0,0.0,0.0,,,,,18473,global,0.4
4,5,lr5e-05_bs32_modL1_fusion32_fusionL1_fusionBN0_drop0p1__wd1e-04trmiss40_trlocglobal,32,5e-05,0.0001,1,32,1,False,0.1,lr5e-05_bs32_modL1_fusion32_fusionL1_fusionBN0_drop0p1__wd1e-04trmiss40_trlocglobal,9,0.6449759503205618,0.6903588175773621,0.6309523809523809,0.7166023248100046,0.5111111111111111,0.0,0.0,0.0,0.0,0.0,0.0,0.0,0.0,0.0,,,,,18473,global,0.4
4,5,lr5e-05_bs32_modL1_fusion32_fusionL1_fusionBN0_drop0p1__wd1e-04trmiss40_trlocglobal,32,5e-05,0.0001,1,32,1,False,0.1,lr5e-05_bs32_modL1_fusion32_fusionL1_fusionBN0_drop0p1__wd1e-04trmiss40_trlocglobal,10,0.6440038283665975,0.6908015012741089,0.625,0.7135925560391561,0.4888888888888889,0.0,0.0,0.0,0.0,0.0,0.0,0.0,0.0,0.0,,,,,18473,global,0.4
4,5,lr5e-05_bs32_modL1_fusion32_fusionL1_fusionBN0_drop0p1__wd1e-04trmiss40_trlocglobal,32,5e-05,0.0001,1,32,1,False,0.1,lr5e-05_bs32_modL1_fusion32_fusionL1_fusionBN0_drop0p1__wd1e-04trmiss40_trlocglobal,11,0.6430529157320658,0.6899139583110809,0.6408730158730159,0.7257160184291624,0.4888888888888889,0.0,0.0,0.0,0.0,0.0,0.0,0.0,0.0,0.0,,,,,18473,global,0.4
4,5,lr5e-05_bs32_modL1_fusion32_fusionL1_fusionBN0_drop0p1__wd1e-04trmiss40_trlocglobal,32,5e-05,0.0001,1,32,1,False,0.1,lr5e-05_bs32_modL1_fusion32_fusionL1_fusionBN0_drop0p1__wd1e-04trmiss40_trlocglobal,12,0.631027897198995,0.6903008222579956,0.630952380952381,0.7201330143839875,0.4888888888888889,0.0,0.0,0.0,0.0,0.0,0.0,0.0,0.0,0.0,,,,,18473,global,0.4
4,5,lr5e-05_bs32_modL1_fusion32_fusionL1_fusionBN0_drop0p1__wd1e-04trmiss40_trlocglobal,32,5e-05,0.0001,1,32,1,False,0.1,lr5e-05_bs32_modL1_fusion32_fusionL1_fusionBN0_drop0p1__wd1e-04trmiss40_trlocglobal,13,0.6248796979586283,0.6902709901332855,0.6289682539682541,0.7217634721328661,0.4888888888888889,0.0,0.0,0.0,0.0,0.0,0.0,0.0,0.0,0.0,,,,,18473,global,0.4
4,5,lr5e-05_bs32_modL1_fusion32_fusionL1_fusionBN0_drop0p1__wd1e-04trmiss40_trlocglobal,32,5e-05,0.0001,1,32,1,False,0.1,lr5e-05_bs32_modL1_fusion32_fusionL1_fusionBN0_drop0p1__wd1e-04trmiss40_trlocglobal,14,0.6267163753509521,0.6898650527000427,0.625,0.7225732460209786,0.4666666666666667,0.0,0.0,0.0,0.0,0.0,0.0,0.0,0.0,0.0,,,,,18473,global,0.4
4,5,lr5e-05_bs32_modL1_fusion32_fusionL1_fusionBN0_drop0p1__wd1e-04trmiss40_trlocglobal,32,5e-05,0.0001,1,32,1,False,0.1,lr5e-05_bs32_modL1_fusion32_fusionL1_fusionBN0_drop0p1__wd1e-04trmiss40_trlocglobal,15,0.6270347535610199,0.6891091465950012,0.6329365079365079,0.729641095464266,0.4888888888888889,0.0,0.0,0.0,0.0,0.0,0.0,0.0,0.0,0.0,,,,,18473,global,0.4
4,5,lr5e-05_bs32_modL1_fusion32_fusionL1_fusionBN0_drop0p1__wd1e-04trmiss40_trlocglobal,32,5e-05,0.0001,1,32,1,False,0.1,lr5e-05_bs32_modL1_fusion32_fusionL1_fusionBN0_drop0p1__wd1e-04trmiss40_trlocglobal,16,0.6212438941001892,0.6874493956565857,0.6507936507936508,0.7367663394645101,0.4888888888888889,0.0,0.0,0.0,0.0,0.0,0.0,0.0,0.0,0.0,,,,,18473,global,0.4
4,5,lr5e-05_bs32_modL1_fusion32_fusionL1_fusionBN0_drop0p1__wd1e-04trmiss40_trlocglobal,32,5e-05,0.0001,1,32,1,False,0.1,lr5e-05_bs32_modL1_fusion32_fusionL1_fusionBN0_drop0p1__wd1e-04trmiss40_trlocglobal,17,0.6126645108064016,0.6866622865200043,0.6468253968253969,0.7347366586993642,0.4666666666666667,0.0,0.0,0.0,0.0,0.0,0.0,0.0,0.0,0.0,,,,,18473,global,0.4
4,5,lr5e-05_bs32_modL1_fusion32_fusionL1_fusionBN0_drop0p1__wd1e-04trmiss40_trlocglobal,32,5e-05,0.0001,1,32,1,False,0.1,lr5e-05_bs32_modL1_fusion32_fusionL1_fusionBN0_drop0p1__wd1e-04trmiss40_trlocglobal,18,0.6028482913970947,0.685777336359024,0.6527777777777778,0.742513324228113,0.4888888888888889,0.0,0.0,0.0,0.0,0.0,0.0,0.0,0.0,0.0,,,,,18473,global,0.4
4,5,lr5e-05_bs32_modL1_fusion32_fusionL1_fusionBN0_drop0p1__wd1e-04trmiss40_trlocglobal,32,5e-05,0.0001,1,32,1,False,0.1,lr5e-05_bs32_modL1_fusion32_fusionL1_fusionBN0_drop0p1__wd1e-04trmiss40_trlocglobal,19,0.6086499392986298,0.6854248940944672,0.6607142857142858,0.7371726749760578,0.4888888888888889,0.0,0.0,0.0,0.0,0.0,0.0,0.0,0.0,0.0,,,,,18473,global,0.4
4,5,lr5e-05_bs32_modL1_fusion32_fusionL1_fusionBN0_drop0p1__wd1e-04trmiss40_trlocglobal,32,5e-05,0.0001,1,32,1,False,0.1,lr5e-05_bs32_modL1_fusion32_fusionL1_fusionBN0_drop0p1__wd1e-04trmiss40_trlocglobal,20,0.60313347975413,0.6843699216842651,0.6607142857142856,0.7363299908431875,0.4888888888888889,0.0,0.0,0.0,0.0,0.0,0.0,0.0,0.0,0.0,,,,,18473,global,0.4
4,5,lr5e-05_bs32_modL1_fusion32_fusionL1_fusionBN0_drop0p1__wd1e-04trmiss40_trlocglobal,32,5e-05,0.0001,1,32,1,False,0.1,lr5e-05_bs32_modL1_fusion32_fusionL1_fusionBN0_drop0p1__wd1e-04trmiss40_trlocglobal,21,0.6004602909088135,0.6830445826053619,0.6626984126984128,0.7324617884438864,0.4888888888888889,0.0,0.0,0.0,0.0,0.0,0.0,0.0,0.0,0.0,,,,,18473,global,0.4
4,5,lr5e-05_bs32_modL1_fusion32_fusionL1_fusionBN0_drop0p1__wd1e-04trmiss40_trlocglobal,32,5e-05,0.0001,1,32,1,False,0.1,lr5e-05_bs32_modL1_fusion32_fusionL1_fusionBN0_drop0p1__wd1e-04trmiss40_trlocglobal,22,0.5953355530897776,0.6835518777370453,0.6488095238095238,0.7249422729930242,0.5333333333333333,0.0,0.0,0.0,0.0,0.0,0.0,0.0,0.0,0.0,,,,,18473,global,0.4
4,5,lr5e-05_bs32_modL1_fusion32_fusionL1_fusionBN0_drop0p1__wd1e-04trmiss40_trlocglobal,32,5e-05,0.0001,1,32,1,False,0.1,lr5e-05_bs32_modL1_fusion32_fusionL1_fusionBN0_drop0p1__wd1e-04trmiss40_trlocglobal,23,0.595314214626948,0.6837232708930969,0.6349206349206349,0.7168844500561,0.5333333333333333,0.0,0.0,0.0,0.0,0.0,0.0,0.0,0.0,0.0,,,,,18473,global,0.4
4,5,lr5e-05_bs32_modL1_fusion32_fusionL1_fusionBN0_drop0p1__wd1e-04trmiss40_trlocglobal,32,5e-05,0.0001,1,32,1,False,0.1,lr5e-05_bs32_modL1_fusion32_fusionL1_fusionBN0_drop0p1__wd1e-04trmiss40_trlocglobal,24,0.5845860044161478,0.6833719611167908,0.6329365079365079,0.7162215354617338,0.5555555555555556,0.0,0.0,0.0,0.0,0.0,0.0,0.0,0.0,0.0,,,,,18473,global,0.4
4,5,lr5e-05_bs32_modL1_fusion32_fusionL1_fusionBN0_drop0p1__wd1e-04trmiss40_trlocglobal,32,5e-05,0.0001,1,32,1,False,0.1,lr5e-05_bs32_modL1_fusion32_fusionL1_fusionBN0_drop0p1__wd1e-04trmiss40_trlocglobal,25,0.5916205743948618,0.6826512217521667,0.6349206349206349,0.7182160526067427,0.5777777777777777,0.0,0.0,0.0,0.0,0.0,0.0,0.0,0.0,0.0,,,,,18473,global,0.4
4,5,lr5e-05_bs32_modL1_fusion32_fusionL1_fusionBN0_drop0p1__wd1e-04trmiss40_trlocglobal,32,5e-05,0.0001,1,32,1,False,0.1,lr5e-05_bs32_modL1_fusion32_fusionL1_fusionBN0_drop0p1__wd1e-04trmiss40_trlocglobal,26,0.5792554616928101,0.680527925491333,0.6567460317460319,0.7260885894146039,0.5777777777777777,0.0,0.0,0.0,0.0,0.0,0.0,0.0,0.0,0.0,,,,,18473,global,0.4
4,5,lr5e-05_bs32_modL1_fusion32_fusionL1_fusionBN0_drop0p1__wd1e-04trmiss40_trlocglobal,32,5e-05,0.0001,1,32,1,False,0.1,lr5e-05_bs32_modL1_fusion32_fusionL1_fusionBN0_drop0p1__wd1e-04trmiss40_trlocglobal,27,0.5791643957297007,0.6790557503700256,0.6626984126984128,0.7315902067132058,0.5777777777777777,0.0,0.0,0.0,0.0,0.0,0.0,0.0,0.0,0.0,,,,,18473,global,0.4
4,5,lr5e-05_bs32_modL1_fusion32_fusionL1_fusionBN0_drop0p1__wd1e-04trmiss40_trlocglobal,32,5e-05,0.0001,1,32,1,False,0.1,lr5e-05_bs32_modL1_fusion32_fusionL1_fusionBN0_drop0p1__wd1e-04trmiss40_trlocglobal,28,0.5744285881519318,0.6774813532829285,0.6666666666666666,0.7324274106770489,0.6,0.0,0.0,0.0,0.0,0.0,0.0,0.0,0.0,0.0,,,,,18473,global,0.4
4,5,lr5e-05_bs32_modL1_fusion32_fusionL1_fusionBN0_drop0p1__wd1e-04trmiss40_trlocglobal,32,5e-05,0.0001,1,32,1,False,0.1,lr5e-05_bs32_modL1_fusion32_fusionL1_fusionBN0_drop0p1__wd1e-04trmiss40_trlocglobal,29,0.569020539522171,0.6773580014705658,0.6726190476190477,0.7329804533712085,0.6,0.0,0.0,0.0,0.0,0.0,0.0,0.0,0.0,0.0,,,,,18473,global,0.4
4,5,lr5e-05_bs32_modL1_fusion32_fusionL1_fusionBN0_drop0p1__wd1e-04trmiss40_trlocglobal,32,5e-05,0.0001,1,32,1,False,0.1,lr5e-05_bs32_modL1_fusion32_fusionL1_fusionBN0_drop0p1__wd1e-04trmiss40_trlocglobal,30,0.5759032468001047,0.6766880750656128,0.6706349206349207,0.7339332678441379,0.6222222222222222,0.0,0.0,0.0,0.0,0.0,0.0,0.0,0.0,0.0,,,,,18473,global,0.4
4,5,lr5e-05_bs32_modL1_fusion32_fusionL1_fusionBN0_drop0p1__wd1e-04trmiss40_trlocglobal,32,5e-05,0.0001,1,32,1,False,0.1,lr5e-05_bs32_modL1_fusion32_fusionL1_fusionBN0_drop0p1__wd1e-04trmiss40_trlocglobal,31,0.5702376067638397,0.6735439300537109,0.6845238095238095,0.7457970293096151,0.6444444444444445,0.0,0.0,0.0,0.0,0.0,0.0,0.0,0.0,0.0,,,,,18473,global,0.4
4,5,lr5e-05_bs32_modL1_fusion32_fusionL1_fusionBN0_drop0p1__wd1e-04trmiss40_trlocglobal,32,5e-05,0.0001,1,32,1,False,0.1,lr5e-05_bs32_modL1_fusion32_fusionL1_fusionBN0_drop0p1__wd1e-04trmiss40_trlocglobal,32,0.5684258838494619,0.672427773475647,0.6884920634920636,0.7452774418717437,0.6444444444444445,0.0,0.0,0.0,0.0,0.0,0.0,0.0,0.0,0.0,,,,,18473,global,0.4
4,5,lr5e-05_bs32_modL1_fusion32_fusionL1_fusionBN0_drop0p1__wd1e-04trmiss40_trlocglobal,32,5e-05,0.0001,1,32,1,False,0.1,lr5e-05_bs32_modL1_fusion32_fusionL1_fusionBN0_drop0p1__wd1e-04trmiss40_trlocglobal,33,0.5571499367554983,0.6739559769630432,0.6726190476190477,0.7387195428448565,0.6444444444444445,0.0,0.0,0.0,0.0,0.0,0.0,0.0,0.0,0.0,,,,,18473,global,0.4
4,5,lr5e-05_bs32_modL1_fusion32_fusionL1_fusionBN0_drop0p1__wd1e-04trmiss40_trlocglobal,32,5e-05,0.0001,1,32,1,False,0.1,lr5e-05_bs32_modL1_fusion32_fusionL1_fusionBN0_drop0p1__wd1e-04trmiss40_trlocglobal,34,0.5570094088713328,0.6733707785606384,0.6726190476190477,0.737962441758808,0.6444444444444445,0.0,0.0,0.0,0.0,0.0,0.0,0.0,0.0,0.0,,,,,18473,global,0.4
4,5,lr5e-05_bs32_modL1_fusion32_fusionL1_fusionBN0_drop0p1__wd1e-04trmiss40_trlocglobal,32,5e-05,0.0001,1,32,1,False,0.1,lr5e-05_bs32_modL1_fusion32_fusionL1_fusionBN0_drop0p1__wd1e-04trmiss40_trlocglobal,35,0.558108369509379,0.6704066395759583,0.6805555555555556,0.7427890974650548,0.6222222222222222,0.0,0.0,0.0,0.0,0.0,0.0,0.0,0.0,0.0,,,,,18473,global,0.4
4,5,lr5e-05_bs32_modL1_fusion32_fusionL1_fusionBN0_drop0p1__wd1e-04trmiss40_trlocglobal,32,5e-05,0.0001,1,32,1,False,0.1,lr5e-05_bs32_modL1_fusion32_fusionL1_fusionBN0_drop0p1__wd1e-04trmiss40_trlocglobal,36,0.5582570135593414,0.6697116792201996,0.6805555555555556,0.7481543306795528,0.6444444444444445,0.0,0.0,0.0,0.0,0.0,0.0,0.0,0.0,0.0,,,,,18473,global,0.4
4,5,lr5e-05_bs32_modL1_fusion32_fusionL1_fusionBN0_drop0p1__wd1e-04trmiss40_trlocglobal,32,5e-05,0.0001,1,32,1,False,0.1,lr5e-05_bs32_modL1_fusion32_fusionL1_fusionBN0_drop0p1__wd1e-04trmiss40_trlocglobal,37,0.5559119482835134,0.6700408160686493,0.6805555555555556,0.7480370592655075,0.6222222222222222,0.0,0.0,0.0,0.0,0.0,0.0,0.0,0.0,0.0,,,,,18473,global,0.4
4,5,lr5e-05_bs32_modL1_fusion32_fusionL1_fusionBN0_drop0p1__wd1e-04trmiss40_trlocglobal,32,5e-05,0.0001,1,32,1,False,0.1,lr5e-05_bs32_modL1_fusion32_fusionL1_fusionBN0_drop0p1__wd1e-04trmiss40_trlocglobal,38,0.5430236558119456,0.670208215713501,0.6726190476190477,0.7435810636804796,0.6222222222222222,0.0,0.0,0.0,0.0,0.0,0.0,0.0,0.0,0.0,,,,,18473,global,0.4
4,5,lr5e-05_bs32_modL1_fusion32_fusionL1_fusionBN0_drop0p1__wd1e-04trmiss40_trlocglobal,32,5e-05,0.0001,1,32,1,False,0.1,lr5e-05_bs32_modL1_fusion32_fusionL1_fusionBN0_drop0p1__wd1e-04trmiss40_trlocglobal,39,0.545801967382431,0.6690438091754913,0.6726190476190476,0.7408456387024075,0.6222222222222222,0.0,0.0,0.0,0.0,0.0,0.0,0.0,0.0,0.0,,,,,18473,global,0.4
4,5,lr5e-05_bs32_modL1_fusion32_fusionL1_fusionBN0_drop0p1__wd1e-04trmiss40_trlocglobal,32,5e-05,0.0001,1,32,1,False,0.1,lr5e-05_bs32_modL1_fusion32_fusionL1_fusionBN0_drop0p1__wd1e-04trmiss40_trlocglobal,40,0.5482959151268005,0.6686204373836517,0.6765873015873016,0.7493059274072615,0.6222222222222222,0.0,0.0,0.0,0.0,0.0,0.0,0.0,0.0,0.0,,,,,18473,global,0.4
4,5,lr5e-05_bs32_modL1_fusion32_fusionL1_fusionBN0_drop0p1__wd1e-04trmiss40_trlocglobal,32,5e-05,0.0001,1,32,1,False,0.1,lr5e-05_bs32_modL1_fusion32_fusionL1_fusionBN0_drop0p1__wd1e-04trmiss40_trlocglobal,41,0.5438367426395416,0.6681201159954071,0.6825396825396826,0.7598966761774566,0.6222222222222222,0.0,0.0,0.0,0.0,0.0,0.0,0.0,0.0,0.0,,,,,18473,global,0.4
4,5,lr5e-05_bs32_modL1_fusion32_fusionL1_fusionBN0_drop0p1__wd1e-04trmiss40_trlocglobal,32,5e-05,0.0001,1,32,1,False,0.1,lr5e-05_bs32_modL1_fusion32_fusionL1_fusionBN0_drop0p1__wd1e-04trmiss40_trlocglobal,42,0.5404167671998342,0.6674413681030273,0.6825396825396826,0.7538830905297247,0.6222222222222222,0.0,0.0,0.0,0.0,0.0,0.0,0.0,0.0,0.0,,,,,18473,global,0.4
4,5,lr5e-05_bs32_modL1_fusion32_fusionL1_fusionBN0_drop0p1__wd1e-04trmiss40_trlocglobal,32,5e-05,0.0001,1,32,1,False,0.1,lr5e-05_bs32_modL1_fusion32_fusionL1_fusionBN0_drop0p1__wd1e-04trmiss40_trlocglobal,43,0.530162920554479,0.6661275327205658,0.6785714285714286,0.7477069461114159,0.6444444444444445,0.0,0.0,0.0,0.0,0.0,0.0,0.0,0.0,0.0,,,,,18473,global,0.4
4,5,lr5e-05_bs32_modL1_fusion32_fusionL1_fusionBN0_drop0p1__wd1e-04trmiss40_trlocglobal,32,5e-05,0.0001,1,32,1,False,0.1,lr5e-05_bs32_modL1_fusion32_fusionL1_fusionBN0_drop0p1__wd1e-04trmiss40_trlocglobal,44,0.5360394914944967,0.667589396238327,0.6686507936507937,0.7437025743718433,0.6,0.0,0.0,0.0,0.0,0.0,0.0,0.0,0.0,0.0,,,,,18473,global,0.4
4,5,lr5e-05_bs32_modL1_fusion32_fusionL1_fusionBN0_drop0p1__wd1e-04trmiss40_trlocglobal,32,5e-05,0.0001,1,32,1,False,0.1,lr5e-05_bs32_modL1_fusion32_fusionL1_fusionBN0_drop0p1__wd1e-04trmiss40_trlocglobal,45,0.529906709988912,0.666799932718277,0.6686507936507936,0.7430499804875836,0.6,0.0,0.0,0.0,0.0,0.0,0.0,0.0,0.0,0.0,,,,,18473,global,0.4
4,5,lr5e-05_bs32_modL1_fusion32_fusionL1_fusionBN0_drop0p1__wd1e-04trmiss40_trlocglobal,32,5e-05,0.0001,1,32,1,False,0.1,lr5e-05_bs32_modL1_fusion32_fusionL1_fusionBN0_drop0p1__wd1e-04trmiss40_trlocglobal,46,0.5309463838736216,0.6667108833789825,0.6706349206349206,0.7433495592655075,0.6,0.0,0.0,0.0,0.0,0.0,0.0,0.0,0.0,0.0,,,,,18473,global,0.4
4,5,lr5e-05_bs32_modL1_fusion32_fusionL1_fusionBN0_drop0p1__wd1e-04trmiss40_trlocglobal,32,5e-05,0.0001,1,32,1,False,0.1,lr5e-05_bs32_modL1_fusion32_fusionL1_fusionBN0_drop0p1__wd1e-04trmiss40_trlocglobal,47,0.5277449786663055,0.6663918495178223,0.6666666666666666,0.7420790579950061,0.6222222222222222,0.0,0.0,0.0,0.0,0.0,0.0,0.0,0.0,0.0,,,,,18473,global,0.4
4,5,lr5e-05_bs32_modL1_fusion32_fusionL1_fusionBN0_drop0p1__wd1e-04trmiss40_trlocglobal,32,5e-05,0.0001,1,32,1,False,0.1,lr5e-05_bs32_modL1_fusion32_fusionL1_fusionBN0_drop0p1__wd1e-04trmiss40_trlocglobal,48,0.5267339448134104,0.6656441986560822,0.6746031746031746,0.7475132723098659,0.6444444444444445,0.0,0.0,0.0,0.0,0.0,0.0,0.0,0.0,0.0,,,,,18473,global,0.4
4,5,lr5e-05_bs32_modL1_fusion32_fusionL1_fusionBN0_drop0p1__wd1e-04trmiss40_trlocglobal,32,5e-05,0.0001,1,32,1,False,0.1,lr5e-05_bs32_modL1_fusion32_fusionL1_fusionBN0_drop0p1__wd1e-04trmiss40_trlocglobal,49,0.5313805838425955,0.664003312587738,0.6785714285714286,0.743821351233777,0.6222222222222222,0.0,0.0,0.0,0.0,0.0,0.0,0.0,0.0,0.0,,,,,18473,global,0.4
4,5,lr5e-05_bs32_modL1_fusion32_fusionL1_fusionBN0_drop0p1__wd1e-04trmiss40_trlocglobal,32,5e-05,0.0001,1,32,1,False,0.1,lr5e-05_bs32_modL1_fusion32_fusionL1_fusionBN0_drop0p1__wd1e-04trmiss40_trlocglobal,50,0.5324044028917948,0.6640116572380066,0.6765873015873016,0.7428123293914218,0.6222222222222222,0.0,0.0,0.0,0.0,0.0,0.0,0.0,0.0,0.0,,,,,18473,global,0.4
4,5,lr5e-05_bs32_modL1_fusion32_fusionL1_fusionBN0_drop0p1__wd1e-04trmiss40_trlocglobal,32,5e-05,0.0001,1,32,1,False,0.1,lr5e-05_bs32_modL1_fusion32_fusionL1_fusionBN0_drop0p1__wd1e-04trmiss40_trlocglobal,51,0.5185614625612894,0.6647116243839264,0.6726190476190477,0.747105153578167,0.6222222222222222,0.0,0.0,0.0,0.0,0.0,0.0,0.0,0.0,0.0,,,,,18473,global,0.4
4,5,lr5e-05_bs32_modL1_fusion32_fusionL1_fusionBN0_drop0p1__wd1e-04trmiss40_trlocglobal,32,5e-05,0.0001,1,32,1,False,0.1,lr5e-05_bs32_modL1_fusion32_fusionL1_fusionBN0_drop0p1__wd1e-04trmiss40_trlocglobal,52,0.5264683912197748,0.6645413339138031,0.6706349206349207,0.7406252441271199,0.6222222222222222,0.0,0.0,0.0,0.0,0.0,0.0,0.0,0.0,0.0,,,,,18473,global,0.4
4,5,lr1e-05_bs32_modL1_fusion16_fusionL1_fusionBN0_drop0p2__wd1e-04trmiss40_trlocglobal,32,1e-05,0.0001,1,16,1,False,0.2,lr1e-05_bs32_modL1_fusion16_fusionL1_fusionBN0_drop0p2__wd1e-04trmiss40_trlocglobal,1,0.7008076210816702,0.7010036110877991,0.45833333333333337,0.5796529604460646,0.5333333333333333,0.0,0.0,0.0,0.0,0.0,0.0,0.0,0.0,0.0,,,,,18473,global,0.4
4,5,lr1e-05_bs32_modL1_fusion16_fusionL1_fusionBN0_drop0p2__wd1e-04trmiss40_trlocglobal,32,1e-05,0.0001,1,16,1,False,0.2,lr1e-05_bs32_modL1_fusion16_fusionL1_fusionBN0_drop0p2__wd1e-04trmiss40_trlocglobal,2,0.7089358568191528,0.702540934085846,0.45238095238095244,0.574728172891433,0.5333333333333333,0.0,0.0,0.0,0.0,0.0,0.0,0.0,0.0,0.0,,,,,18473,global,0.4
4,5,lr1e-05_bs32_modL1_fusion16_fusionL1_fusionBN0_drop0p2__wd1e-04trmiss40_trlocglobal,32,1e-05,0.0001,1,16,1,False,0.2,lr1e-05_bs32_modL1_fusion16_fusionL1_fusionBN0_drop0p2__wd1e-04trmiss40_trlocglobal,3,0.7023449838161469,0.7038678228855133,0.46031746031746035,0.5812989093326938,0.5111111111111111,0.0,0.0,0.0,0.0,0.0,0.0,0.0,0.0,0.0,,,,,18473,global,0.4
4,5,lr1e-05_bs32_modL1_fusion16_fusionL1_fusionBN0_drop0p2__wd1e-04trmiss40_trlocglobal,32,1e-05,0.0001,1,16,1,False,0.2,lr1e-05_bs32_modL1_fusion16_fusionL1_fusionBN0_drop0p2__wd1e-04trmiss40_trlocglobal,4,0.6961375772953033,0.7048008143901825,0.4662698412698413,0.5861153559697925,0.5111111111111111,0.0,0.0,0.0,0.0,0.0,0.0,0.0,0.0,0.0,,,,,18473,global,0.4
4,5,lr1e-05_bs32_modL1_fusion16_fusionL1_fusionBN0_drop0p2__wd1e-04trmiss40_trlocglobal,32,1e-05,0.0001,1,16,1,False,0.2,lr1e-05_bs32_modL1_fusion16_fusionL1_fusionBN0_drop0p2__wd1e-04trmiss40_trlocglobal,5,0.6959175566832224,0.7056300938129425,0.4662698412698413,0.5868759379803745,0.5333333333333333,0.0,0.0,0.0,0.0,0.0,0.0,0.0,0.0,0.0,,,,,18473,global,0.4
4,5,lr1e-05_bs32_modL1_fusion16_fusionL1_fusionBN0_drop0p2__wd1e-04trmiss40_trlocglobal,32,1e-05,0.0001,1,16,1,False,0.2,lr1e-05_bs32_modL1_fusion16_fusionL1_fusionBN0_drop0p2__wd1e-04trmiss40_trlocglobal,6,0.6974468131860098,0.7061815857887268,0.4662698412698413,0.5784764670809036,0.5333333333333333,0.0,0.0,0.0,0.0,0.0,0.0,0.0,0.0,0.0,,,,,18473,global,0.4
4,5,lr1e-05_bs32_modL1_fusion16_fusionL1_fusionBN0_drop0p2__wd1e-04trmiss40_trlocglobal,32,1e-05,0.0001,1,16,1,False,0.2,lr1e-05_bs32_modL1_fusion16_fusionL1_fusionBN0_drop0p2__wd1e-04trmiss40_trlocglobal,7,0.6894030074278513,0.7066967189311981,0.46825396825396826,0.5824447210491576,0.5333333333333333,0.0,0.0,0.0,0.0,0.0,0.0,0.0,0.0,0.0,,,,,18473,global,0.4
4,5,lr1e-05_bs32_modL1_fusion16_fusionL1_fusionBN0_drop0p2__wd1e-04trmiss40_trlocglobal,32,1e-05,0.0001,1,16,1,False,0.2,lr1e-05_bs32_modL1_fusion16_fusionL1_fusionBN0_drop0p2__wd1e-04trmiss40_trlocglobal,8,0.682154138882955,0.706372857093811,0.46825396825396826,0.5845623950418315,0.5333333333333333,0.0,0.0,0.0,0.0,0.0,0.0,0.0,0.0,0.0,,,,,18473,global,0.4
4,5,lr1e-05_bs32_modL1_fusion16_fusionL1_fusionBN0_drop0p2__wd1e-04trmiss40_trlocglobal,32,1e-05,0.0001,1,16,1,False,0.2,lr1e-05_bs32_modL1_fusion16_fusionL1_fusionBN0_drop0p2__wd1e-04trmiss40_trlocglobal,9,0.686271737019221,0.7061448693275452,0.4722222222222222,0.5880346172640538,0.5333333333333333,0.0,0.0,0.0,0.0,0.0,0.0,0.0,0.0,0.0,,,,,18473,global,0.4
4,5,lr1e-05_bs32_modL1_fusion16_fusionL1_fusionBN0_drop0p2__wd1e-04trmiss40_trlocglobal,32,1e-05,0.0001,1,16,1,False,0.2,lr1e-05_bs32_modL1_fusion16_fusionL1_fusionBN0_drop0p2__wd1e-04trmiss40_trlocglobal,10,0.6876391271750132,0.705986887216568,0.4662698412698413,0.5831735061529427,0.5333333333333333,0.0,0.0,0.0,0.0,0.0,0.0,0.0,0.0,0.0,,,,,18473,global,0.4
4,5,lr1e-05_bs32_modL1_fusion16_fusionL1_fusionBN0_drop0p2__wd1e-04trmiss40_trlocglobal,32,1e-05,0.0001,1,16,1,False,0.2,lr1e-05_bs32_modL1_fusion16_fusionL1_fusionBN0_drop0p2__wd1e-04trmiss40_trlocglobal,11,0.6794483363628387,0.7061544954776764,0.46825396825396826,0.5845623950418315,0.5333333333333333,0.0,0.0,0.0,0.0,0.0,0.0,0.0,0.0,0.0,,,,,18473,global,0.4
4,5,lr1e-05_bs32_modL1_fusion16_fusionL1_fusionBN0_drop0p2__wd1e-04trmiss40_trlocglobal,32,1e-05,0.0001,1,16,1,False,0.2,lr1e-05_bs32_modL1_fusion16_fusionL1_fusionBN0_drop0p2__wd1e-04trmiss40_trlocglobal,12,0.6877381404240926,0.7056086361408234,0.46825396825396826,0.5845623950418315,0.5333333333333333,0.0,0.0,0.0,0.0,0.0,0.0,0.0,0.0,0.0,,,,,18473,global,0.4
4,5,lr1e-05_bs32_modL1_fusion16_fusionL1_fusionBN0_drop0p2__wd1e-04trmiss40_trlocglobal,32,1e-05,0.0001,1,16,1,False,0.2,lr1e-05_bs32_modL1_fusion16_fusionL1_fusionBN0_drop0p2__wd1e-04trmiss40_trlocglobal,13,0.6786715388298035,0.7052390873432159,0.4742063492063492,0.5899200180264963,0.5333333333333333,0.0,0.0,0.0,0.0,0.0,0.0,0.0,0.0,0.0,,,,,18473,global,0.4
4,5,lr1e-05_bs32_modL1_fusion16_fusionL1_fusionBN0_drop0p2__wd1e-04trmiss40_trlocglobal,32,1e-05,0.0001,1,16,1,False,0.2,lr1e-05_bs32_modL1_fusion16_fusionL1_fusionBN0_drop0p2__wd1e-04trmiss40_trlocglobal,14,0.6835908989111582,0.7048627138137817,0.47023809523809523,0.5846055049533626,0.5333333333333333,0.0,0.0,0.0,0.0,0.0,0.0,0.0,0.0,0.0,,,,,18473,global,0.4
4,5,lr1e-05_bs32_modL1_fusion16_fusionL1_fusionBN0_drop0p2__wd1e-04trmiss40_trlocglobal,32,1e-05,0.0001,1,16,1,False,0.2,lr1e-05_bs32_modL1_fusion16_fusionL1_fusionBN0_drop0p2__wd1e-04trmiss40_trlocglobal,15,0.6769223113854727,0.7050510048866272,0.4682539682539683,0.581397290753769,0.5333333333333333,0.0,0.0,0.0,0.0,0.0,0.0,0.0,0.0,0.0,,,,,18473,global,0.4
4,5,lr1e-05_bs32_modL1_fusion16_fusionL1_fusionBN0_drop0p2__wd1e-04trmiss40_trlocglobal,32,1e-05,0.0001,1,16,1,False,0.2,lr1e-05_bs32_modL1_fusion16_fusionL1_fusionBN0_drop0p2__wd1e-04trmiss40_trlocglobal,16,0.6734295189380646,0.7043519616127014,0.4682539682539683,0.581397290753769,0.5555555555555556,0.0,0.0,0.0,0.0,0.0,0.0,0.0,0.0,0.0,,,,,18473,global,0.4
4,5,lr1e-05_bs32_modL1_fusion16_fusionL1_fusionBN0_drop0p2__wd1e-04trmiss40_trlocglobal,32,1e-05,0.0001,1,16,1,False,0.2,lr1e-05_bs32_modL1_fusion16_fusionL1_fusionBN0_drop0p2__wd1e-04trmiss40_trlocglobal,17,0.67540043592453,0.7039687037467957,0.4722222222222223,0.5897836595019799,0.5555555555555556,0.0,0.0,0.0,0.0,0.0,0.0,0.0,0.0,0.0,,,,,18473,global,0.4
4,5,lr1e-05_bs32_modL1_fusion16_fusionL1_fusionBN0_drop0p2__wd1e-04trmiss40_trlocglobal,32,1e-05,0.0001,1,16,1,False,0.2,lr1e-05_bs32_modL1_fusion16_fusionL1_fusionBN0_drop0p2__wd1e-04trmiss40_trlocglobal,18,0.6840175886948904,0.7038234770298004,0.4761904761904763,0.5921027139043676,0.5555555555555556,0.0,0.0,0.0,0.0,0.0,0.0,0.0,0.0,0.0,,,,,18473,global,0.4
4,5,lr1e-05_bs32_modL1_fusion16_fusionL1_fusionBN0_drop0p2__wd1e-04trmiss40_trlocglobal,32,1e-05,0.0001,1,16,1,False,0.2,lr1e-05_bs32_modL1_fusion16_fusionL1_fusionBN0_drop0p2__wd1e-04trmiss40_trlocglobal,19,0.6701549788316091,0.7035438716411591,0.4761904761904763,0.5921027139043676,0.5555555555555556,0.0,0.0,0.0,0.0,0.0,0.0,0.0,0.0,0.0,,,,,18473,global,0.4
4,5,lr1e-05_bs32_modL1_fusion16_fusionL1_fusionBN0_drop0p2__wd1e-04trmiss40_trlocglobal,32,1e-05,0.0001,1,16,1,False,0.2,lr1e-05_bs32_modL1_fusion16_fusionL1_fusionBN0_drop0p2__wd1e-04trmiss40_trlocglobal,20,0.6756426095962524,0.7038981914520264,0.4781746031746032,0.5928743188426392,0.5555555555555556,0.0,0.0,0.0,0.0,0.0,0.0,0.0,0.0,0.0,,,,,18473,global,0.4
4,5,lr1e-05_bs32_modL1_fusion16_fusionL1_fusionBN0_drop0p2__wd1e-04trmiss40_trlocglobal,32,1e-05,0.0001,1,16,1,False,0.2,lr1e-05_bs32_modL1_fusion16_fusionL1_fusionBN0_drop0p2__wd1e-04trmiss40_trlocglobal,21,0.664649655421575,0.7038684189319611,0.4761904761904763,0.5921027139043676,0.5555555555555556,0.0,0.0,0.0,0.0,0.0,0.0,0.0,0.0,0.0,,,,,18473,global,0.4
4,5,lr1e-05_bs32_modL1_fusion16_fusionL1_fusionBN0_drop0p2__wd1e-04trmiss40_trlocglobal,32,1e-05,0.0001,1,16,1,False,0.2,lr1e-05_bs32_modL1_fusion16_fusionL1_fusionBN0_drop0p2__wd1e-04trmiss40_trlocglobal,22,0.6783857742945353,0.7034277021884918,0.47817460317460325,0.5938736393390862,0.5555555555555556,0.0,0.0,0.0,0.0,0.0,0.0,0.0,0.0,0.0,,,,,18473,global,0.4
4,5,lr1e-05_bs32_modL1_fusion16_fusionL1_fusionBN0_drop0p2__wd1e-04trmiss40_trlocglobal,32,1e-05,0.0001,1,16,1,False,0.2,lr1e-05_bs32_modL1_fusion16_fusionL1_fusionBN0_drop0p2__wd1e-04trmiss40_trlocglobal,23,0.6698794960975647,0.7038437128067017,0.47817460317460314,0.5954127372143909,0.5555555555555556,0.0,0.0,0.0,0.0,0.0,0.0,0.0,0.0,0.0,,,,,18473,global,0.4
4,5,lr1e-05_bs32_modL1_fusion16_fusionL1_fusionBN0_drop0p2__wd1e-04trmiss40_trlocglobal,32,1e-05,0.0001,1,16,1,False,0.2,lr1e-05_bs32_modL1_fusion16_fusionL1_fusionBN0_drop0p2__wd1e-04trmiss40_trlocglobal,24,0.6758695940176646,0.7035432159900665,0.4742063492063492,0.5894829031595569,0.5555555555555556,0.0,0.0,0.0,0.0,0.0,0.0,0.0,0.0,0.0,,,,,18473,global,0.4
4,5,lr1e-05_bs32_modL1_fusion16_fusionL1_fusionBN0_drop0p2__wd1e-04trmiss40_trlocglobal,32,1e-05,0.0001,1,16,1,False,0.2,lr1e-05_bs32_modL1_fusion16_fusionL1_fusionBN0_drop0p2__wd1e-04trmiss40_trlocglobal,25,0.6668818493684133,0.7034267485141754,0.4761904761904762,0.5901612692545897,0.5555555555555556,0.0,0.0,0.0,0.0,0.0,0.0,0.0,0.0,0.0,,,,,18473,global,0.4
4,5,lr1e-05_bs32_modL1_fusion16_fusionL1_fusionBN0_drop0p2__wd1e-04trmiss40_trlocglobal,32,1e-05,0.0001,1,16,1,False,0.2,lr1e-05_bs32_modL1_fusion16_fusionL1_fusionBN0_drop0p2__wd1e-04trmiss40_trlocglobal,26,0.6661786139011383,0.7033878564834595,0.4781746031746032,0.5909946025879229,0.5555555555555556,0.0,0.0,0.0,0.0,0.0,0.0,0.0,0.0,0.0,,,,,18473,global,0.4
4,5,lr1e-05_bs32_modL1_fusion16_fusionL1_fusionBN0_drop0p2__wd1e-04trmiss40_trlocglobal,32,1e-05,0.0001,1,16,1,False,0.2,lr1e-05_bs32_modL1_fusion16_fusionL1_fusionBN0_drop0p2__wd1e-04trmiss40_trlocglobal,27,0.6560112436612447,0.7032877206802368,0.4742063492063492,0.5894941920788919,0.5555555555555556,0.0,0.0,0.0,0.0,0.0,0.0,0.0,0.0,0.0,,,,,18473,global,0.4
4,5,lr1e-05_bs32_modL1_fusion16_fusionL1_fusionBN0_drop0p2__wd1e-04trmiss40_trlocglobal,32,1e-05,0.0001,1,16,1,False,0.2,lr1e-05_bs32_modL1_fusion16_fusionL1_fusionBN0_drop0p2__wd1e-04trmiss40_trlocglobal,28,0.6655973692735037,0.7037342190742493,0.4742063492063492,0.5894941920788919,0.5555555555555556,0.0,0.0,0.0,0.0,0.0,0.0,0.0,0.0,0.0,,,,,18473,global,0.4
4,5,lr1e-05_bs32_modL1_fusion16_fusionL1_fusionBN0_drop0p2__wd1e-04trmiss40_trlocglobal,32,1e-05,0.0001,1,16,1,False,0.2,lr1e-05_bs32_modL1_fusion16_fusionL1_fusionBN0_drop0p2__wd1e-04trmiss40_trlocglobal,29,0.6691432495911916,0.7036302089691162,0.47619047619047616,0.5999108587455585,0.5555555555555556,0.0,0.0,0.0,0.0,0.0,0.0,0.0,0.0,0.0,,,,,18473,global,0.4
4,5,lr1e-05_bs32_modL1_fusion16_fusionL1_fusionBN0_drop0p2__wd1e-04trmiss40_trlocglobal,32,1e-05,0.0001,1,16,1,False,0.2,lr1e-05_bs32_modL1_fusion16_fusionL1_fusionBN0_drop0p2__wd1e-04trmiss40_trlocglobal,30,0.6657975018024445,0.7034035921096802,0.47619047619047616,0.5984714648061644,0.5555555555555556,0.0,0.0,0.0,0.0,0.0,0.0,0.0,0.0,0.0,,,,,18473,global,0.4
4,5,lr1e-05_bs32_modL1_fusion16_fusionL1_fusionBN0_drop0p2__wd1e-04trmiss40_trlocglobal,32,1e-05,0.0001,1,16,1,False,0.2,lr1e-05_bs32_modL1_fusion16_fusionL1_fusionBN0_drop0p2__wd1e-04trmiss40_trlocglobal,31,0.6661089460055033,0.7030342817306519,0.47817460317460325,0.5998603536950533,0.5555555555555556,0.0,0.0,0.0,0.0,0.0,0.0,0.0,0.0,0.0,,,,,18473,global,0.4
4,5,lr1e-05_bs32_modL1_fusion16_fusionL1_fusionBN0_drop0p2__wd1e-04trmiss40_trlocglobal,32,1e-05,0.0001,1,16,1,False,0.2,lr1e-05_bs32_modL1_fusion16_fusionL1_fusionBN0_drop0p2__wd1e-04trmiss40_trlocglobal,32,0.6645207305749258,0.7028368413448334,0.4821428571428572,0.6024397187744185,0.5555555555555556,0.0,0.0,0.0,0.0,0.0,0.0,0.0,0.0,0.0,,,,,18473,global,0.4
4,5,lr1e-05_bs32_modL1_fusion16_fusionL1_fusionBN0_drop0p2__wd1e-04trmiss40_trlocglobal,32,1e-05,0.0001,1,16,1,False,0.2,lr1e-05_bs32_modL1_fusion16_fusionL1_fusionBN0_drop0p2__wd1e-04trmiss40_trlocglobal,33,0.6668548285961151,0.702692061662674,0.4761904761904762,0.5993038302726763,0.5555555555555556,0.0,0.0,0.0,0.0,0.0,0.0,0.0,0.0,0.0,,,,,18473,global,0.4
4,5,lr1e-05_bs32_modL1_fusion16_fusionL1_fusionBN0_drop0p2__wd1e-04trmiss40_trlocglobal,32,1e-05,0.0001,1,16,1,False,0.2,lr1e-05_bs32_modL1_fusion16_fusionL1_fusionBN0_drop0p2__wd1e-04trmiss40_trlocglobal,34,0.6579017837842306,0.7024877369403839,0.4821428571428572,0.6017582142885661,0.5555555555555556,0.0,0.0,0.0,0.0,0.0,0.0,0.0,0.0,0.0,,,,,18473,global,0.4
4,5,lr1e-05_bs32_modL1_fusion16_fusionL1_fusionBN0_drop0p2__wd1e-04trmiss40_trlocglobal,32,1e-05,0.0001,1,16,1,False,0.2,lr1e-05_bs32_modL1_fusion16_fusionL1_fusionBN0_drop0p2__wd1e-04trmiss40_trlocglobal,35,0.6552501618862152,0.702351987361908,0.48412698412698413,0.6025852583417106,0.5555555555555556,0.0,0.0,0.0,0.0,0.0,0.0,0.0,0.0,0.0,,,,,18473,global,0.4
4,5,lr1e-05_bs32_modL1_fusion16_fusionL1_fusionBN0_drop0p2__wd1e-04trmiss40_trlocglobal,32,1e-05,0.0001,1,16,1,False,0.2,lr1e-05_bs32_modL1_fusion16_fusionL1_fusionBN0_drop0p2__wd1e-04trmiss40_trlocglobal,36,0.6556226313114166,0.7027458250522614,0.4801587301587302,0.6012213951876738,0.5555555555555556,0.0,0.0,0.0,0.0,0.0,0.0,0.0,0.0,0.0,,,,,18473,global,0.4
4,5,lr1e-05_bs32_modL1_fusion16_fusionL1_fusionBN0_drop0p2__wd1e-04trmiss40_trlocglobal,32,1e-05,0.0001,1,16,1,False,0.2,lr1e-05_bs32_modL1_fusion16_fusionL1_fusionBN0_drop0p2__wd1e-04trmiss40_trlocglobal,37,0.65544922153155,0.702865719795227,0.4821428571428571,0.6028866408615402,0.5555555555555556,0.0,0.0,0.0,0.0,0.0,0.0,0.0,0.0,0.0,,,,,18473,global,0.4
4,5,lr1e-05_bs32_modL1_fusion16_fusionL1_fusionBN0_drop0p2__wd1e-04trmiss40_trlocglobal,32,1e-05,0.0001,1,16,1,False,0.2,lr1e-05_bs32_modL1_fusion16_fusionL1_fusionBN0_drop0p2__wd1e-04trmiss40_trlocglobal,38,0.6507623891035715,0.7024976313114166,0.48611111111111116,0.6044364644946971,0.5555555555555556,0.0,0.0,0.0,0.0,0.0,0.0,0.0,0.0,0.0,,,,,18473,global,0.4
4,5,lr1e-05_bs32_modL1_fusion16_fusionL1_fusionBN0_drop0p2__wd1e-04trmiss40_trlocglobal,32,1e-05,0.0001,1,16,1,False,0.2,lr1e-05_bs32_modL1_fusion16_fusionL1_fusionBN0_drop0p2__wd1e-04trmiss40_trlocglobal,39,0.6541156967480978,0.7021673321723938,0.48809523809523814,0.6058151409652853,0.5555555555555556,0.0,0.0,0.0,0.0,0.0,0.0,0.0,0.0,0.0,,,,,18473,global,0.4
4,5,lr1e-05_bs32_modL1_fusion16_fusionL1_fusionBN0_drop0p2__wd1e-04trmiss40_trlocglobal,32,1e-05,0.0001,1,16,1,False,0.2,lr1e-05_bs32_modL1_fusion16_fusionL1_fusionBN0_drop0p2__wd1e-04trmiss40_trlocglobal,40,0.659663587808609,0.7022859454154968,0.48809523809523814,0.598173034858267,0.5555555555555556,0.0,0.0,0.0,0.0,0.0,0.0,0.0,0.0,0.0,,,,,18473,global,0.4
4,5,lr1e-05_bs32_modL1_fusion16_fusionL1_fusionBN0_drop0p2__wd1e-04trmiss40_trlocglobal,32,1e-05,0.0001,1,16,1,False,0.2,lr1e-05_bs32_modL1_fusion16_fusionL1_fusionBN0_drop0p2__wd1e-04trmiss40_trlocglobal,41,0.6483434637387594,0.702049195766449,0.4920634920634921,0.6093061918247573,0.5555555555555556,0.0,0.0,0.0,0.0,0.0,0.0,0.0,0.0,0.0,,,,,18473,global,0.4
4,5,lr1e-05_bs32_modL1_fusion16_fusionL1_fusionBN0_drop0p2__wd1e-04trmiss40_trlocglobal,32,1e-05,0.0001,1,16,1,False,0.2,lr1e-05_bs32_modL1_fusion16_fusionL1_fusionBN0_drop0p2__wd1e-04trmiss40_trlocglobal,42,0.6562916934490204,0.702877938747406,0.48809523809523814,0.6072110250543454,0.5555555555555556,0.0,0.0,0.0,0.0,0.0,0.0,0.0,0.0,0.0,,,,,18473,global,0.4
4,5,lr1e-05_bs32_modL1_fusion16_fusionL1_fusionBN0_drop0p2__wd1e-04trmiss40_trlocglobal,32,1e-05,0.0001,1,16,1,False,0.2,lr1e-05_bs32_modL1_fusion16_fusionL1_fusionBN0_drop0p2__wd1e-04trmiss40_trlocglobal,43,0.6493933200836182,0.7022921442985535,0.49404761904761907,0.6106678475981778,0.5555555555555556,0.0,0.0,0.0,0.0,0.0,0.0,0.0,0.0,0.0,,,,,18473,global,0.4
4,5,lr1e-05_bs32_modL1_fusion16_fusionL1_fusionBN0_drop0p2__wd1e-04trmiss40_trlocglobal,32,1e-05,0.0001,1,16,1,False,0.2,lr1e-05_bs32_modL1_fusion16_fusionL1_fusionBN0_drop0p2__wd1e-04trmiss40_trlocglobal,44,0.6522413392861685,0.7023055851459503,0.4920634920634921,0.6099513572983541,0.5555555555555556,0.0,0.0,0.0,0.0,0.0,0.0,0.0,0.0,0.0,,,,,18473,global,0.4
4,5,lr1e-05_bs32_modL1_fusion16_fusionL1_fusionBN0_drop0p2__wd1e-04trmiss40_trlocglobal,32,1e-05,0.0001,1,16,1,False,0.2,lr1e-05_bs32_modL1_fusion16_fusionL1_fusionBN0_drop0p2__wd1e-04trmiss40_trlocglobal,45,0.6517788569132487,0.7021280825138092,0.4900793650793651,0.607927515354169,0.5555555555555556,0.0,0.0,0.0,0.0,0.0,0.0,0.0,0.0,0.0,,,,,18473,global,0.4
4,5,lr1e-05_bs32_modL1_fusion16_fusionL1_fusionBN0_drop0p2__wd1e-04trmiss40_trlocglobal,32,1e-05,0.0001,1,16,1,False,0.2,lr1e-05_bs32_modL1_fusion16_fusionL1_fusionBN0_drop0p2__wd1e-04trmiss40_trlocglobal,46,0.6544874807198843,0.7018894255161285,0.4920634920634921,0.6069973291764856,0.5555555555555556,0.0,0.0,0.0,0.0,0.0,0.0,0.0,0.0,0.0,,,,,18473,global,0.4
4,5,lr1e-05_bs32_modL1_fusion16_fusionL1_fusionBN0_drop0p2__wd1e-04trmiss40_trlocglobal,32,1e-05,0.0001,1,16,1,False,0.2,lr1e-05_bs32_modL1_fusion16_fusionL1_fusionBN0_drop0p2__wd1e-04trmiss40_trlocglobal,47,0.6466779112815857,0.7014526724815369,0.5,0.611378881069161,0.5555555555555556,0.0,0.0,0.0,0.0,0.0,0.0,0.0,0.0,0.0,,,,,18473,global,0.4
4,5,lr1e-05_bs32_modL1_fusion16_fusionL1_fusionBN0_drop0p2__wd1e-04trmiss40_trlocglobal,32,1e-05,0.0001,1,16,1,False,0.2,lr1e-05_bs32_modL1_fusion16_fusionL1_fusionBN0_drop0p2__wd1e-04trmiss40_trlocglobal,48,0.6576612691084543,0.7012360095977783,0.498015873015873,0.6108478965614149,0.5555555555555556,0.0,0.0,0.0,0.0,0.0,0.0,0.0,0.0,0.0,,,,,18473,global,0.4
4,5,lr1e-05_bs32_modL1_fusion16_fusionL1_fusionBN0_drop0p2__wd1e-04trmiss40_trlocglobal,32,1e-05,0.0001,1,16,1,False,0.2,lr1e-05_bs32_modL1_fusion16_fusionL1_fusionBN0_drop0p2__wd1e-04trmiss40_trlocglobal,49,0.6471319496631622,0.7011293768882751,0.5,0.611378881069161,0.5555555555555556,0.0,0.0,0.0,0.0,0.0,0.0,0.0,0.0,0.0,,,,,18473,global,0.4
4,5,lr1e-05_bs32_modL1_fusion16_fusionL1_fusionBN0_drop0p2__wd1e-04trmiss40_trlocglobal,32,1e-05,0.0001,1,16,1,False,0.2,lr1e-05_bs32_modL1_fusion16_fusionL1_fusionBN0_drop0p2__wd1e-04trmiss40_trlocglobal,50,0.6363746325174967,0.701283186674118,0.498015873015873,0.6058233255136055,0.5555555555555556,0.0,0.0,0.0,0.0,0.0,0.0,0.0,0.0,0.0,,,,,18473,global,0.4
4,5,lr1e-05_bs32_modL1_fusion16_fusionL1_fusionBN0_drop0p2__wd1e-04trmiss40_trlocglobal,32,1e-05,0.0001,1,16,1,False,0.2,lr1e-05_bs32_modL1_fusion16_fusionL1_fusionBN0_drop0p2__wd1e-04trmiss40_trlocglobal,51,0.6463716228802999,0.700980544090271,0.501984126984127,0.6081077990856429,0.5555555555555556,0.0,0.0,0.0,0.0,0.0,0.0,0.0,0.0,0.0,,,,,18473,global,0.4
4,5,lr1e-05_bs32_modL1_fusion16_fusionL1_fusionBN0_drop0p2__wd1e-04trmiss40_trlocglobal,32,1e-05,0.0001,1,16,1,False,0.2,lr1e-05_bs32_modL1_fusion16_fusionL1_fusionBN0_drop0p2__wd1e-04trmiss40_trlocglobal,52,0.6485830644766489,0.7010234892368317,0.503968253968254,0.6088246449637792,0.5555555555555556,0.0,0.0,0.0,0.0,0.0,0.0,0.0,0.0,0.0,,,,,18473,global,0.4
4,5,lr1e-05_bs32_modL1_fusion16_fusionL1_fusionBN0_drop0p2__wd1e-04trmiss40_trlocglobal,32,1e-05,0.0001,1,16,1,False,0.2,lr1e-05_bs32_modL1_fusion16_fusionL1_fusionBN0_drop0p2__wd1e-04trmiss40_trlocglobal,53,0.6526194016138712,0.700526773929596,0.5079365079365079,0.6117488007371996,0.5555555555555556,0.0,0.0,0.0,0.0,0.0,0.0,0.0,0.0,0.0,,,,,18473,global,0.4
4,5,lr1e-05_bs32_modL1_fusion16_fusionL1_fusionBN0_drop0p2__wd1e-04trmiss40_trlocglobal,32,1e-05,0.0001,1,16,1,False,0.2,lr1e-05_bs32_modL1_fusion16_fusionL1_fusionBN0_drop0p2__wd1e-04trmiss40_trlocglobal,54,0.6423372228940328,0.7000345587730408,0.5059523809523809,0.6069554690343677,0.5555555555555556,0.0,0.0,0.0,0.0,0.0,0.0,0.0,0.0,0.0,,,,,18473,global,0.4
4,5,lr1e-05_bs32_modL1_fusion16_fusionL1_fusionBN0_drop0p2__wd1e-04trmiss40_trlocglobal,32,1e-05,0.0001,1,16,1,False,0.2,lr1e-05_bs32_modL1_fusion16_fusionL1_fusionBN0_drop0p2__wd1e-04trmiss40_trlocglobal,55,0.6449273924032847,0.6998964250087738,0.5099206349206349,0.6086328710740887,0.5555555555555556,0.0,0.0,0.0,0.0,0.0,0.0,0.0,0.0,0.0,,,,,18473,global,0.4
4,5,lr1e-05_bs32_modL1_fusion16_fusionL1_fusionBN0_drop0p2__wd1e-04trmiss40_trlocglobal,32,1e-05,0.0001,1,16,1,False,0.2,lr1e-05_bs32_modL1_fusion16_fusionL1_fusionBN0_drop0p2__wd1e-04trmiss40_trlocglobal,56,0.6368234952290853,0.7004458606243134,0.501984126984127,0.6052308149586588,0.5555555555555556,0.0,0.0,0.0,0.0,0.0,0.0,0.0,0.0,0.0,,,,,18473,global,0.4
4,5,lr1e-05_bs32_modL1_fusion16_fusionL1_fusionBN0_drop0p2__wd1e-04trmiss40_trlocglobal,32,1e-05,0.0001,1,16,1,False,0.2,lr1e-05_bs32_modL1_fusion16_fusionL1_fusionBN0_drop0p2__wd1e-04trmiss40_trlocglobal,57,0.6491794387499491,0.700478732585907,0.503968253968254,0.6064188909955253,0.5555555555555556,0.0,0.0,0.0,0.0,0.0,0.0,0.0,0.0,0.0,,,,,18473,global,0.4
4,5,lr1e-05_bs32_modL1_fusion16_fusionL1_fusionBN0_drop0p2__wd1e-04trmiss40_trlocglobal,32,1e-05,0.0001,1,16,1,False,0.2,lr1e-05_bs32_modL1_fusion16_fusionL1_fusionBN0_drop0p2__wd1e-04trmiss40_trlocglobal,58,0.6525931855042776,0.7004656791687012,0.507936507936508,0.6084513169709659,0.5555555555555556,0.0,0.0,0.0,0.0,0.0,0.0,0.0,0.0,0.0,,,,,18473,global,0.4
4,5,lr1e-05_bs32_modL1_fusion16_fusionL1_fusionBN0_drop0p2__wd1e-04trmiss40_trlocglobal,32,1e-05,0.0001,1,16,1,False,0.2,lr1e-05_bs32_modL1_fusion16_fusionL1_fusionBN0_drop0p2__wd1e-04trmiss40_trlocglobal,59,0.6595601638158163,0.7002260386943817,0.503968253968254,0.6055271611975455,0.5555555555555556,0.0,0.0,0.0,0.0,0.0,0.0,0.0,0.0,0.0,,,,,18473,global,0.4
4,5,lr1e-05_bs32_modL1_fusion16_fusionL1_fusionBN0_drop0p2__wd1e-04trmiss40_trlocglobal,32,1e-05,0.0001,1,16,1,False,0.2,lr1e-05_bs32_modL1_fusion16_fusionL1_fusionBN0_drop0p2__wd1e-04trmiss40_trlocglobal,60,0.6530158619085947,0.7003702521324158,0.503968253968254,0.6055271611975455,0.5555555555555556,0.0,0.0,0.0,0.0,0.0,0.0,0.0,0.0,0.0,,,,,18473,global,0.4
4,5,lr1e-05_bs32_modL1_fusion16_fusionL1_fusionBN0_drop0p2__wd1e-04trmiss40_trlocglobal,32,1e-05,0.0001,1,16,1,False,0.2,lr1e-05_bs32_modL1_fusion16_fusionL1_fusionBN0_drop0p2__wd1e-04trmiss40_trlocglobal,61,0.6481073896090189,0.7007036805152893,0.5059523809523809,0.6062412068964702,0.5555555555555556,0.0,0.0,0.0,0.0,0.0,0.0,0.0,0.0,0.0,,,,,18473,global,0.4
4,5,lr1e-05_bs32_modL1_fusion16_fusionL1_fusionBN0_drop0p2__wd1e-04trmiss40_trlocglobal,32,1e-05,0.0001,1,16,1,False,0.2,lr1e-05_bs32_modL1_fusion16_fusionL1_fusionBN0_drop0p2__wd1e-04trmiss40_trlocglobal,62,0.651985744635264,0.7000001072883606,0.503968253968254,0.6059476608367951,0.5555555555555556,0.0,0.0,0.0,0.0,0.0,0.0,0.0,0.0,0.0,,,,,18473,global,0.4
4,5,lr1e-05_bs32_modL1_fusion16_fusionL1_fusionBN0_drop0p2__wd1e-04trmiss40_trlocglobal,32,1e-05,0.0001,1,16,1,False,0.2,lr1e-05_bs32_modL1_fusion16_fusionL1_fusionBN0_drop0p2__wd1e-04trmiss40_trlocglobal,63,0.6397748092810313,0.6998021602630615,0.503968253968254,0.6067527931878385,0.5555555555555556,0.0,0.0,0.0,0.0,0.0,0.0,0.0,0.0,0.0,,,,,18473,global,0.4
4,5,lr1e-05_bs32_modL1_fusion16_fusionL1_fusionBN0_drop0p2__wd1e-04trmiss40_trlocglobal,32,1e-05,0.0001,1,16,1,False,0.2,lr1e-05_bs32_modL1_fusion16_fusionL1_fusionBN0_drop0p2__wd1e-04trmiss40_trlocglobal,64,0.6483939389387766,0.7005220949649811,0.5079365079365079,0.6088718166102155,0.5555555555555556,0.0,0.0,0.0,0.0,0.0,0.0,0.0,0.0,0.0,,,,,18473,global,0.4
4,5,lr1e-05_bs32_modL1_fusion16_fusionL1_fusionBN0_drop0p2__wd1e-04trmiss40_trlocglobal,32,1e-05,0.0001,1,16,1,False,0.2,lr1e-05_bs32_modL1_fusion16_fusionL1_fusionBN0_drop0p2__wd1e-04trmiss40_trlocglobal,65,0.6417456467946371,0.7006411552429199,0.5059523809523809,0.6077805467689457,0.5555555555555556,0.0,0.0,0.0,0.0,0.0,0.0,0.0,0.0,0.0,,,,,18473,global,0.4
4,5,lr1e-05_bs32_modL1_fusion16_fusionL1_fusionBN0_drop0p2__wd1e-04trmiss40_trlocglobal,32,1e-05,0.0001,1,16,1,False,0.2,lr1e-05_bs32_modL1_fusion16_fusionL1_fusionBN0_drop0p2__wd1e-04trmiss40_trlocglobal,66,0.6432878971099854,0.7006067335605621,0.5079365079365079,0.6088718166102155,0.5555555555555556,0.0,0.0,0.0,0.0,0.0,0.0,0.0,0.0,0.0,,,,,18473,global,0.4
4,5,lr1e-05_bs32_modL1_fusion16_fusionL1_fusionBN0_drop0p2__wd1e-04trmiss40_trlocglobal,32,1e-05,0.0001,1,16,1,False,0.2,lr1e-05_bs32_modL1_fusion16_fusionL1_fusionBN0_drop0p2__wd1e-04trmiss40_trlocglobal,67,0.6505947609742483,0.7001980543136597,0.5079365079365079,0.6088718166102155,0.5555555555555556,0.0,0.0,0.0,0.0,0.0,0.0,0.0,0.0,0.0,,,,,18473,global,0.4
4,5,lr1e-05_bs32_modL1_fusion16_fusionL1_fusionBN0_drop0p2__wd1e-04trmiss40_trlocglobal,32,1e-05,0.0001,1,16,1,False,0.2,lr1e-05_bs32_modL1_fusion16_fusionL1_fusionBN0_drop0p2__wd1e-04trmiss40_trlocglobal,68,0.6522462368011475,0.7002566456794739,0.5059523809523809,0.6083152931878385,0.5555555555555556,0.0,0.0,0.0,0.0,0.0,0.0,0.0,0.0,0.0,,,,,18473,global,0.4
4,5,lr1e-05_bs32_modL1_fusion16_fusionL1_fusionBN0_drop0p2__wd1e-04trmiss40_trlocglobal,32,1e-05,0.0001,1,16,1,False,0.2,lr1e-05_bs32_modL1_fusion16_fusionL1_fusionBN0_drop0p2__wd1e-04trmiss40_trlocglobal,69,0.6352210938930511,0.7003363966941833,0.5079365079365079,0.6082451988622294,0.5555555555555556,0.0,0.0,0.0,0.0,0.0,0.0,0.0,0.0,0.0,,,,,18473,global,0.4
4,5,lr1e-05_bs32_modL1_fusion16_fusionL1_fusionBN0_drop0p2__wd1e-04trmiss40_trlocglobal,32,1e-05,0.0001,1,16,1,False,0.2,lr1e-05_bs32_modL1_fusion16_fusionL1_fusionBN0_drop0p2__wd1e-04trmiss40_trlocglobal,70,0.6410519381364187,0.7002931833267212,0.5039682539682541,0.6070654645270073,0.5555555555555556,0.0,0.0,0.0,0.0,0.0,0.0,0.0,0.0,0.0,,,,,18473,global,0.4
4,5,lr1e-05_bs32_modL1_fusion16_fusionL1_fusionBN0_drop0p2__wd1e-04trmiss40_trlocglobal,32,1e-05,0.0001,1,16,1,False,0.2,lr1e-05_bs32_modL1_fusion16_fusionL1_fusionBN0_drop0p2__wd1e-04trmiss40_trlocglobal,71,0.6407575706640879,0.6999637484550476,0.5059523809523809,0.5961599862972823,0.5555555555555556,0.0,0.0,0.0,0.0,0.0,0.0,0.0,0.0,0.0,,,,,18473,global,0.4
4,5,lr1e-05_bs32_modL1_fusion16_fusionL1_fusionBN0_drop0p2__wd1e-04trmiss40_trlocglobal,32,1e-05,0.0001,1,16,1,False,0.2,lr1e-05_bs32_modL1_fusion16_fusionL1_fusionBN0_drop0p2__wd1e-04trmiss40_trlocglobal,72,0.641661673784256,0.700628936290741,0.5059523809523809,0.6075744286602092,0.5555555555555556,0.0,0.0,0.0,0.0,0.0,0.0,0.0,0.0,0.0,,,,,18473,global,0.4
4,5,lr1e-05_bs32_modL1_fusion16_fusionL1_fusionBN0_drop0p2__wd1e-04trmiss40_trlocglobal,32,1e-05,0.0001,1,16,1,False,0.2,lr1e-05_bs32_modL1_fusion16_fusionL1_fusionBN0_drop0p2__wd1e-04trmiss40_trlocglobal,73,0.6479965448379517,0.7000308036804199,0.5059523809523809,0.6076862557727984,0.5555555555555556,0.0,0.0,0.0,0.0,0.0,0.0,0.0,0.0,0.0,,,,,18473,global,0.4
4,5,lr1e-05_bs32_modL1_fusion16_fusionL1_fusionBN0_drop0p2__wd1e-04trmiss40_trlocglobal,32,1e-05,0.0001,1,16,1,False,0.2,lr1e-05_bs32_modL1_fusion16_fusionL1_fusionBN0_drop0p2__wd1e-04trmiss40_trlocglobal,74,0.6444691022237142,0.6993837058544159,0.5079365079365079,0.598926180596483,0.5333333333333333,0.0,0.0,0.0,0.0,0.0,0.0,0.0,0.0,0.0,,,,,18473,global,0.4
4,5,lr1e-05_bs32_modL1_fusion16_fusionL1_fusionBN0_drop0p2__wd1e-04trmiss40_trlocglobal,32,1e-05,0.0001,1,16,1,False,0.2,lr1e-05_bs32_modL1_fusion16_fusionL1_fusionBN0_drop0p2__wd1e-04trmiss40_trlocglobal,75,0.6421337028344473,0.6999325454235077,0.509920634920635,0.600769708666151,0.5555555555555556,0.0,0.0,0.0,0.0,0.0,0.0,0.0,0.0,0.0,,,,,18473,global,0.4
4,5,lr1e-05_bs32_modL1_fusion16_fusionL1_fusionBN0_drop0p2__wd1e-04trmiss40_trlocglobal,32,1e-05,0.0001,1,16,1,False,0.2,lr1e-05_bs32_modL1_fusion16_fusionL1_fusionBN0_drop0p2__wd1e-04trmiss40_trlocglobal,76,0.6389718552430471,0.699874609708786,0.511904761904762,0.6013262320885281,0.5555555555555556,0.0,0.0,0.0,0.0,0.0,0.0,0.0,0.0,0.0,,,,,18473,global,0.4
4,5,lr1e-05_bs32_modL1_fusion16_fusionL1_fusionBN0_drop0p2__wd1e-04trmiss40_trlocglobal,32,1e-05,0.0001,1,16,1,False,0.2,lr1e-05_bs32_modL1_fusion16_fusionL1_fusionBN0_drop0p2__wd1e-04trmiss40_trlocglobal,77,0.6350755790869395,0.6998445689678192,0.5059523809523809,0.5978285321955628,0.5555555555555556,0.0,0.0,0.0,0.0,0.0,0.0,0.0,0.0,0.0,,,,,18473,global,0.4
4,5,lr1e-05_bs32_modL1_fusion16_fusionL1_fusionBN0_drop0p2__wd1e-04trmiss40_trlocglobal,32,1e-05,0.0001,1,16,1,False,0.2,lr1e-05_bs32_modL1_fusion16_fusionL1_fusionBN0_drop0p2__wd1e-04trmiss40_trlocglobal,78,0.6520544290542603,0.7004196643829346,0.501984126984127,0.5957377263610338,0.5555555555555556,0.0,0.0,0.0,0.0,0.0,0.0,0.0,0.0,0.0,,,,,18473,global,0.4
4,5,lr1e-05_bs32_modL1_fusion16_fusionL1_fusionBN0_drop0p2__wd1e-04trmiss40_trlocglobal,32,1e-05,0.0001,1,16,1,False,0.2,lr1e-05_bs32_modL1_fusion16_fusionL1_fusionBN0_drop0p2__wd1e-04trmiss40_trlocglobal,79,0.649446447690328,0.7000654339790344,0.503968253968254,0.5972695891061318,0.5555555555555556,0.0,0.0,0.0,0.0,0.0,0.0,0.0,0.0,0.0,,,,,18473,global,0.4
4,5,lr1e-05_bs32_modL1_fusion16_fusionL1_fusionBN0_drop0p2__wd1e-04trmiss40_trlocglobal,32,1e-05,0.0001,1,16,1,False,0.2,lr1e-05_bs32_modL1_fusion16_fusionL1_fusionBN0_drop0p2__wd1e-04trmiss40_trlocglobal,80,0.6417831083138784,0.6995972692966461,0.5059523809523809,0.5964759687304967,0.5555555555555556,0.0,0.0,0.0,0.0,0.0,0.0,0.0,0.0,0.0,,,,,18473,global,0.4
4,5,lr1e-05_bs32_modL1_fusion16_fusionL1_fusionBN0_drop0p1__wd1e-04trmiss40_trlocglobal,32,1e-05,0.0001,1,16,1,False,0.1,lr1e-05_bs32_modL1_fusion16_fusionL1_fusionBN0_drop0p1__wd1e-04trmiss40_trlocglobal,1,0.6985872089862823,0.6996970176696777,0.3551587301587302,0.5094478415812354,0.35555555555555557,0.0,0.0,0.0,0.0,0.0,0.0,0.0,0.0,0.0,,,,,18473,global,0.4
4,5,lr1e-05_bs32_modL1_fusion16_fusionL1_fusionBN0_drop0p1__wd1e-04trmiss40_trlocglobal,32,1e-05,0.0001,1,16,1,False,0.1,lr1e-05_bs32_modL1_fusion16_fusionL1_fusionBN0_drop0p1__wd1e-04trmiss40_trlocglobal,2,0.697228322426478,0.701567530632019,0.3412698412698413,0.477481655574101,0.35555555555555557,0.0,0.0,0.0,0.0,0.0,0.0,0.0,0.0,0.0,,,,,18473,global,0.4
4,5,lr1e-05_bs32_modL1_fusion16_fusionL1_fusionBN0_drop0p1__wd1e-04trmiss40_trlocglobal,32,1e-05,0.0001,1,16,1,False,0.1,lr1e-05_bs32_modL1_fusion16_fusionL1_fusionBN0_drop0p1__wd1e-04trmiss40_trlocglobal,3,0.6930930614471436,0.7029280364513397,0.3373015873015873,0.4726244500817329,0.3333333333333333,0.0,0.0,0.0,0.0,0.0,0.0,0.0,0.0,0.0,,,,,18473,global,0.4
4,5,lr1e-05_bs32_modL1_fusion16_fusionL1_fusionBN0_drop0p1__wd1e-04trmiss40_trlocglobal,32,1e-05,0.0001,1,16,1,False,0.1,lr1e-05_bs32_modL1_fusion16_fusionL1_fusionBN0_drop0p1__wd1e-04trmiss40_trlocglobal,4,0.6939403414726257,0.7038024067878723,0.34325396825396826,0.47103393786900943,0.35555555555555557,0.0,0.0,0.0,0.0,0.0,0.0,0.0,0.0,0.0,,,,,18473,global,0.4
4,5,lr1e-05_bs32_modL1_fusion16_fusionL1_fusionBN0_drop0p1__wd1e-04trmiss40_trlocglobal,32,1e-05,0.0001,1,16,1,False,0.1,lr1e-05_bs32_modL1_fusion16_fusionL1_fusionBN0_drop0p1__wd1e-04trmiss40_trlocglobal,5,0.6935268938541412,0.7042250037193298,0.35515873015873023,0.47472623432773176,0.35555555555555557,0.0,0.0,0.0,0.0,0.0,0.0,0.0,0.0,0.0,,,,,18473,global,0.4
4,5,lr1e-05_bs32_modL1_fusion16_fusionL1_fusionBN0_drop0p1__wd1e-04trmiss40_trlocglobal,32,1e-05,0.0001,1,16,1,False,0.1,lr1e-05_bs32_modL1_fusion16_fusionL1_fusionBN0_drop0p1__wd1e-04trmiss40_trlocglobal,6,0.695637971162796,0.7046705782413483,0.3472222222222223,0.4675557814018862,0.35555555555555557,0.0,0.0,0.0,0.0,0.0,0.0,0.0,0.0,0.0,,,,,18473,global,0.4
4,5,lr1e-05_bs32_modL1_fusion16_fusionL1_fusionBN0_drop0p1__wd1e-04trmiss40_trlocglobal,32,1e-05,0.0001,1,16,1,False,0.1,lr1e-05_bs32_modL1_fusion16_fusionL1_fusionBN0_drop0p1__wd1e-04trmiss40_trlocglobal,7,0.686627040306727,0.7050930857658386,0.3511904761904763,0.467218384347368,0.37777777777777777,0.0,0.0,0.0,0.0,0.0,0.0,0.0,0.0,0.0,,,,,18473,global,0.4
4,5,lr1e-05_bs32_modL1_fusion16_fusionL1_fusionBN0_drop0p1__wd1e-04trmiss40_trlocglobal,32,1e-05,0.0001,1,16,1,False,0.1,lr1e-05_bs32_modL1_fusion16_fusionL1_fusionBN0_drop0p1__wd1e-04trmiss40_trlocglobal,8,0.690983792146047,0.7056025266647339,0.3492063492063492,0.4637148402202404,0.37777777777777777,0.0,0.0,0.0,0.0,0.0,0.0,0.0,0.0,0.0,,,,,18473,global,0.4
4,5,lr1e-05_bs32_modL1_fusion16_fusionL1_fusionBN0_drop0p1__wd1e-04trmiss40_trlocglobal,32,1e-05,0.0001,1,16,1,False,0.1,lr1e-05_bs32_modL1_fusion16_fusionL1_fusionBN0_drop0p1__wd1e-04trmiss40_trlocglobal,9,0.6857015291849772,0.7054502665996552,0.35317460317460325,0.4636166845233904,0.37777777777777777,0.0,0.0,0.0,0.0,0.0,0.0,0.0,0.0,0.0,,,,,18473,global,0.4
4,5,lr1e-05_bs32_modL1_fusion16_fusionL1_fusionBN0_drop0p1__wd1e-04trmiss40_trlocglobal,32,1e-05,0.0001,1,16,1,False,0.1,lr1e-05_bs32_modL1_fusion16_fusionL1_fusionBN0_drop0p1__wd1e-04trmiss40_trlocglobal,10,0.6846098303794861,0.7052941024303436,0.35912698412698413,0.46591263935737776,0.37777777777777777,0.0,0.0,0.0,0.0,0.0,0.0,0.0,0.0,0.0,,,,,18473,global,0.4
4,5,lr1e-05_bs32_modL1_fusion16_fusionL1_fusionBN0_drop0p1__wd1e-04trmiss40_trlocglobal,32,1e-05,0.0001,1,16,1,False,0.1,lr1e-05_bs32_modL1_fusion16_fusionL1_fusionBN0_drop0p1__wd1e-04trmiss40_trlocglobal,11,0.6843694547812144,0.7048519849777222,0.36111111111111116,0.46347857855694863,0.4,0.0,0.0,0.0,0.0,0.0,0.0,0.0,0.0,0.0,,,,,18473,global,0.4
4,5,lr1e-05_bs32_modL1_fusion16_fusionL1_fusionBN0_drop0p1__wd1e-04trmiss40_trlocglobal,32,1e-05,0.0001,1,16,1,False,0.1,lr1e-05_bs32_modL1_fusion16_fusionL1_fusionBN0_drop0p1__wd1e-04trmiss40_trlocglobal,12,0.684738427400589,0.7045537233352661,0.36111111111111116,0.46210749593586603,0.4222222222222222,0.0,0.0,0.0,0.0,0.0,0.0,0.0,0.0,0.0,,,,,18473,global,0.4
4,5,lr1e-05_bs32_modL1_fusion16_fusionL1_fusionBN0_drop0p1__wd1e-04trmiss40_trlocglobal,32,1e-05,0.0001,1,16,1,False,0.1,lr1e-05_bs32_modL1_fusion16_fusionL1_fusionBN0_drop0p1__wd1e-04trmiss40_trlocglobal,13,0.6849417885144552,0.7043521404266357,0.3670634920634921,0.466348948927319,0.4222222222222222,0.0,0.0,0.0,0.0,0.0,0.0,0.0,0.0,0.0,,,,,18473,global,0.4
4,5,lr1e-05_bs32_modL1_fusion16_fusionL1_fusionBN0_drop0p1__wd1e-04trmiss40_trlocglobal,32,1e-05,0.0001,1,16,1,False,0.1,lr1e-05_bs32_modL1_fusion16_fusionL1_fusionBN0_drop0p1__wd1e-04trmiss40_trlocglobal,14,0.6827720801035563,0.7038989067077637,0.37103174603174605,0.465829839078499,0.4222222222222222,0.0,0.0,0.0,0.0,0.0,0.0,0.0,0.0,0.0,,,,,18473,global,0.4
4,5,lr1e-05_bs32_modL1_fusion16_fusionL1_fusionBN0_drop0p1__wd1e-04trmiss40_trlocglobal,32,1e-05,0.0001,1,16,1,False,0.1,lr1e-05_bs32_modL1_fusion16_fusionL1_fusionBN0_drop0p1__wd1e-04trmiss40_trlocglobal,15,0.6775599916776022,0.7037072479724884,0.38095238095238093,0.4695195670659959,0.4444444444444444,0.0,0.0,0.0,0.0,0.0,0.0,0.0,0.0,0.0,,,,,18473,global,0.4
4,5,lr1e-05_bs32_modL1_fusion16_fusionL1_fusionBN0_drop0p1__wd1e-04trmiss40_trlocglobal,32,1e-05,0.0001,1,16,1,False,0.1,lr1e-05_bs32_modL1_fusion16_fusionL1_fusionBN0_drop0p1__wd1e-04trmiss40_trlocglobal,16,0.6786246001720428,0.7034099400043488,0.3888888888888889,0.4742934702606261,0.4444444444444444,0.0,0.0,0.0,0.0,0.0,0.0,0.0,0.0,0.0,,,,,18473,global,0.4
4,5,lr1e-05_bs32_modL1_fusion16_fusionL1_fusionBN0_drop0p1__wd1e-04trmiss40_trlocglobal,32,1e-05,0.0001,1,16,1,False,0.1,lr1e-05_bs32_modL1_fusion16_fusionL1_fusionBN0_drop0p1__wd1e-04trmiss40_trlocglobal,17,0.6760738293329874,0.7034615278244019,0.3869047619047619,0.4714452089205169,0.4222222222222222,0.0,0.0,0.0,0.0,0.0,0.0,0.0,0.0,0.0,,,,,18473,global,0.4
4,5,lr1e-05_bs32_modL1_fusion16_fusionL1_fusionBN0_drop0p1__wd1e-04trmiss40_trlocglobal,32,1e-05,0.0001,1,16,1,False,0.1,lr1e-05_bs32_modL1_fusion16_fusionL1_fusionBN0_drop0p1__wd1e-04trmiss40_trlocglobal,18,0.6743670403957367,0.7036868333816528,0.38293650793650796,0.46785724595755396,0.4222222222222222,0.0,0.0,0.0,0.0,0.0,0.0,0.0,0.0,0.0,,,,,18473,global,0.4
4,5,lr1e-05_bs32_modL1_fusion16_fusionL1_fusionBN0_drop0p1__wd1e-04trmiss40_trlocglobal,32,1e-05,0.0001,1,16,1,False,0.1,lr1e-05_bs32_modL1_fusion16_fusionL1_fusionBN0_drop0p1__wd1e-04trmiss40_trlocglobal,19,0.6771534780661265,0.7034419178962708,0.3869047619047619,0.46761945139968164,0.4666666666666667,0.0,0.0,0.0,0.0,0.0,0.0,0.0,0.0,0.0,,,,,18473,global,0.4
4,5,lr1e-05_bs32_modL1_fusion16_fusionL1_fusionBN0_drop0p1__wd1e-04trmiss40_trlocglobal,32,1e-05,0.0001,1,16,1,False,0.1,lr1e-05_bs32_modL1_fusion16_fusionL1_fusionBN0_drop0p1__wd1e-04trmiss40_trlocglobal,20,0.6749594708283743,0.7033489048480988,0.3869047619047619,0.4675686114350485,0.4666666666666667,0.0,0.0,0.0,0.0,0.0,0.0,0.0,0.0,0.0,,,,,18473,global,0.4
4,5,lr1e-05_bs32_modL1_fusion16_fusionL1_fusionBN0_drop0p1__wd1e-04trmiss40_trlocglobal,32,1e-05,0.0001,1,16,1,False,0.1,lr1e-05_bs32_modL1_fusion16_fusionL1_fusionBN0_drop0p1__wd1e-04trmiss40_trlocglobal,21,0.6733347773551941,0.703282505273819,0.39087301587301587,0.4662729400481299,0.4888888888888889,0.0,0.0,0.0,0.0,0.0,0.0,0.0,0.0,0.0,,,,,18473,global,0.4
4,5,lr1e-05_bs32_modL1_fusion16_fusionL1_fusionBN0_drop0p1__wd1e-04trmiss40_trlocglobal,32,1e-05,0.0001,1,16,1,False,0.1,lr1e-05_bs32_modL1_fusion16_fusionL1_fusionBN0_drop0p1__wd1e-04trmiss40_trlocglobal,22,0.6771559019883474,0.70326828956604,0.39285714285714285,0.4671271485636287,0.4888888888888889,0.0,0.0,0.0,0.0,0.0,0.0,0.0,0.0,0.0,,,,,18473,global,0.4
4,5,lr1e-05_bs32_modL1_fusion16_fusionL1_fusionBN0_drop0p1__wd1e-04trmiss40_trlocglobal,32,1e-05,0.0001,1,16,1,False,0.1,lr1e-05_bs32_modL1_fusion16_fusionL1_fusionBN0_drop0p1__wd1e-04trmiss40_trlocglobal,23,0.6698192358016968,0.7031624913215637,0.40277777777777773,0.4735272582746652,0.4888888888888889,0.0,0.0,0.0,0.0,0.0,0.0,0.0,0.0,0.0,,,,,18473,global,0.4
4,5,lr1e-05_bs32_modL1_fusion16_fusionL1_fusionBN0_drop0p1__wd1e-04trmiss40_trlocglobal,32,1e-05,0.0001,1,16,1,False,0.1,lr1e-05_bs32_modL1_fusion16_fusionL1_fusionBN0_drop0p1__wd1e-04trmiss40_trlocglobal,24,0.6739860971768697,0.703436940908432,0.40476190476190477,0.47275648158601924,0.4888888888888889,0.0,0.0,0.0,0.0,0.0,0.0,0.0,0.0,0.0,,,,,18473,global,0.4
4,5,lr1e-05_bs32_modL1_fusion16_fusionL1_fusionBN0_drop0p1__wd1e-04trmiss40_trlocglobal,32,1e-05,0.0001,1,16,1,False,0.1,lr1e-05_bs32_modL1_fusion16_fusionL1_fusionBN0_drop0p1__wd1e-04trmiss40_trlocglobal,25,0.6657929718494415,0.7030242681503296,0.40476190476190477,0.4732365139606668,0.4888888888888889,0.0,0.0,0.0,0.0,0.0,0.0,0.0,0.0,0.0,,,,,18473,global,0.4
4,5,lr1e-05_bs32_modL1_fusion16_fusionL1_fusionBN0_drop0p1__wd1e-04trmiss40_trlocglobal,32,1e-05,0.0001,1,16,1,False,0.1,lr1e-05_bs32_modL1_fusion16_fusionL1_fusionBN0_drop0p1__wd1e-04trmiss40_trlocglobal,26,0.669020414352417,0.7031012773513794,0.3988095238095238,0.4687221102150859,0.4888888888888889,0.0,0.0,0.0,0.0,0.0,0.0,0.0,0.0,0.0,,,,,18473,global,0.4
4,5,lr1e-05_bs32_modL1_fusion16_fusionL1_fusionBN0_drop0p1__wd1e-04trmiss40_trlocglobal,32,1e-05,0.0001,1,16,1,False,0.1,lr1e-05_bs32_modL1_fusion16_fusionL1_fusionBN0_drop0p1__wd1e-04trmiss40_trlocglobal,27,0.6678909063339233,0.7025438547134399,0.4107142857142857,0.474658966886115,0.5111111111111111,0.0,0.0,0.0,0.0,0.0,0.0,0.0,0.0,0.0,,,,,18473,global,0.4
4,5,lr1e-05_bs32_modL1_fusion16_fusionL1_fusionBN0_drop0p1__wd1e-04trmiss40_trlocglobal,32,1e-05,0.0001,1,16,1,False,0.1,lr1e-05_bs32_modL1_fusion16_fusionL1_fusionBN0_drop0p1__wd1e-04trmiss40_trlocglobal,28,0.6658418277899424,0.7025613486766815,0.4087301587301587,0.47409161031385644,0.5111111111111111,0.0,0.0,0.0,0.0,0.0,0.0,0.0,0.0,0.0,,,,,18473,global,0.4
4,5,lr1e-05_bs32_modL1_fusion16_fusionL1_fusionBN0_drop0p1__wd1e-04trmiss40_trlocglobal,32,1e-05,0.0001,1,16,1,False,0.1,lr1e-05_bs32_modL1_fusion16_fusionL1_fusionBN0_drop0p1__wd1e-04trmiss40_trlocglobal,29,0.6678438285986582,0.7020639479160309,0.4206349206349207,0.47912334787971755,0.5111111111111111,0.0,0.0,0.0,0.0,0.0,0.0,0.0,0.0,0.0,,,,,18473,global,0.4
4,5,lr1e-05_bs32_modL1_fusion16_fusionL1_fusionBN0_drop0p1__wd1e-04trmiss40_trlocglobal,32,1e-05,0.0001,1,16,1,False,0.1,lr1e-05_bs32_modL1_fusion16_fusionL1_fusionBN0_drop0p1__wd1e-04trmiss40_trlocglobal,30,0.6691336135069529,0.7018394768238068,0.4265873015873016,0.4818168960600574,0.5111111111111111,0.0,0.0,0.0,0.0,0.0,0.0,0.0,0.0,0.0,,,,,18473,global,0.4
4,5,lr1e-05_bs32_modL1_fusion16_fusionL1_fusionBN0_drop0p1__wd1e-04trmiss40_trlocglobal,32,1e-05,0.0001,1,16,1,False,0.1,lr1e-05_bs32_modL1_fusion16_fusionL1_fusionBN0_drop0p1__wd1e-04trmiss40_trlocglobal,31,0.6662534276644388,0.7019340991973877,0.43253968253968256,0.4838399663256194,0.5111111111111111,0.0,0.0,0.0,0.0,0.0,0.0,0.0,0.0,0.0,,,,,18473,global,0.4
4,5,lr1e-05_bs32_modL1_fusion16_fusionL1_fusionBN0_drop0p1__wd1e-04trmiss40_trlocglobal,32,1e-05,0.0001,1,16,1,False,0.1,lr1e-05_bs32_modL1_fusion16_fusionL1_fusionBN0_drop0p1__wd1e-04trmiss40_trlocglobal,32,0.6630768676598867,0.7017317712306976,0.44246031746031744,0.48925846757745395,0.5111111111111111,0.0,0.0,0.0,0.0,0.0,0.0,0.0,0.0,0.0,,,,,18473,global,0.4
4,5,lr1e-05_bs32_modL1_fusion16_fusionL1_fusionBN0_drop0p1__wd1e-04trmiss40_trlocglobal,32,1e-05,0.0001,1,16,1,False,0.1,lr1e-05_bs32_modL1_fusion16_fusionL1_fusionBN0_drop0p1__wd1e-04trmiss40_trlocglobal,33,0.6647601226965586,0.70189169049263,0.4444444444444444,0.4899157759553505,0.5111111111111111,0.0,0.0,0.0,0.0,0.0,0.0,0.0,0.0,0.0,,,,,18473,global,0.4
4,5,lr1e-05_bs32_modL1_fusion16_fusionL1_fusionBN0_drop0p1__wd1e-04trmiss40_trlocglobal,32,1e-05,0.0001,1,16,1,False,0.1,lr1e-05_bs32_modL1_fusion16_fusionL1_fusionBN0_drop0p1__wd1e-04trmiss40_trlocglobal,34,0.6626361409823099,0.7017375826835632,0.4424603174603175,0.48857054711012177,0.5111111111111111,0.0,0.0,0.0,0.0,0.0,0.0,0.0,0.0,0.0,,,,,18473,global,0.4
4,5,lr1e-05_bs32_modL1_fusion16_fusionL1_fusionBN0_drop0p1__wd1e-04trmiss40_trlocglobal,32,1e-05,0.0001,1,16,1,False,0.1,lr1e-05_bs32_modL1_fusion16_fusionL1_fusionBN0_drop0p1__wd1e-04trmiss40_trlocglobal,35,0.6625504195690155,0.7018959224224091,0.4365079365079365,0.4857331968922568,0.5111111111111111,0.0,0.0,0.0,0.0,0.0,0.0,0.0,0.0,0.0,,,,,18473,global,0.4
4,5,lr1e-05_bs32_modL1_fusion16_fusionL1_fusionBN0_drop0p1__wd1e-04trmiss40_trlocglobal,32,1e-05,0.0001,1,16,1,False,0.1,lr1e-05_bs32_modL1_fusion16_fusionL1_fusionBN0_drop0p1__wd1e-04trmiss40_trlocglobal,36,0.661170244216919,0.7019050121307373,0.4384920634920635,0.48640164609011777,0.5111111111111111,0.0,0.0,0.0,0.0,0.0,0.0,0.0,0.0,0.0,,,,,18473,global,0.4
4,5,lr1e-05_bs32_modL1_fusion16_fusionL1_fusionBN0_drop0p1__wd1e-04trmiss40_trlocglobal,32,1e-05,0.0001,1,16,1,False,0.1,lr1e-05_bs32_modL1_fusion16_fusionL1_fusionBN0_drop0p1__wd1e-04trmiss40_trlocglobal,37,0.65757883588473,0.7021468281745911,0.4384920634920635,0.4862622974213574,0.5333333333333333,0.0,0.0,0.0,0.0,0.0,0.0,0.0,0.0,0.0,,,,,18473,global,0.4
4,5,lr1e-05_bs32_modL1_fusion16_fusionL1_fusionBN0_drop0p1__wd1e-04trmiss40_trlocglobal,32,1e-05,0.0001,1,16,1,False,0.1,lr1e-05_bs32_modL1_fusion16_fusionL1_fusionBN0_drop0p1__wd1e-04trmiss40_trlocglobal,38,0.662327766418457,0.7021248936653137,0.4464285714285714,0.4897469867516349,0.5333333333333333,0.0,0.0,0.0,0.0,0.0,0.0,0.0,0.0,0.0,,,,,18473,global,0.4
4,5,lr1e-05_bs32_modL1_fusion16_fusionL1_fusionBN0_drop0p1__wd1e-04trmiss40_trlocglobal,32,1e-05,0.0001,1,16,1,False,0.1,lr1e-05_bs32_modL1_fusion16_fusionL1_fusionBN0_drop0p1__wd1e-04trmiss40_trlocglobal,39,0.6640592018763224,0.7017939984798431,0.4484126984126984,0.4909194254240736,0.5333333333333333,0.0,0.0,0.0,0.0,0.0,0.0,0.0,0.0,0.0,,,,,18473,global,0.4
4,5,lr1e-05_bs32_modL1_fusion16_fusionL1_fusionBN0_drop0p1__wd1e-04trmiss40_trlocglobal,32,1e-05,0.0001,1,16,1,False,0.1,lr1e-05_bs32_modL1_fusion16_fusionL1_fusionBN0_drop0p1__wd1e-04trmiss40_trlocglobal,40,0.6577605605125427,0.7017436325550079,0.4484126984126984,0.49046103245055966,0.5333333333333333,0.0,0.0,0.0,0.0,0.0,0.0,0.0,0.0,0.0,,,,,18473,global,0.4
4,5,lr1e-05_bs32_modL1_fusion16_fusionL1_fusionBN0_drop0p1__wd1e-04trmiss40_trlocglobal,32,1e-05,0.0001,1,16,1,False,0.1,lr1e-05_bs32_modL1_fusion16_fusionL1_fusionBN0_drop0p1__wd1e-04trmiss40_trlocglobal,41,0.6566508014996847,0.7014320492744446,0.45634920634920634,0.494112152835551,0.5333333333333333,0.0,0.0,0.0,0.0,0.0,0.0,0.0,0.0,0.0,,,,,18473,global,0.4
4,5,lr1e-05_bs32_modL1_fusion16_fusionL1_fusionBN0_drop0p1__wd1e-04trmiss40_trlocglobal,32,1e-05,0.0001,1,16,1,False,0.1,lr1e-05_bs32_modL1_fusion16_fusionL1_fusionBN0_drop0p1__wd1e-04trmiss40_trlocglobal,42,0.6568790475527445,0.7013710141181946,0.4583333333333333,0.49547380860897144,0.5333333333333333,0.0,0.0,0.0,0.0,0.0,0.0,0.0,0.0,0.0,,,,,18473,global,0.4
4,5,lr1e-05_bs32_modL1_fusion16_fusionL1_fusionBN0_drop0p1__wd1e-04trmiss40_trlocglobal,32,1e-05,0.0001,1,16,1,False,0.1,lr1e-05_bs32_modL1_fusion16_fusionL1_fusionBN0_drop0p1__wd1e-04trmiss40_trlocglobal,43,0.6573102573553721,0.7014961540699005,0.45436507936507936,0.49262405759745576,0.5333333333333333,0.0,0.0,0.0,0.0,0.0,0.0,0.0,0.0,0.0,,,,,18473,global,0.4
4,5,lr1e-05_bs32_modL1_fusion16_fusionL1_fusionBN0_drop0p1__wd1e-04trmiss40_trlocglobal,32,1e-05,0.0001,1,16,1,False,0.1,lr1e-05_bs32_modL1_fusion16_fusionL1_fusionBN0_drop0p1__wd1e-04trmiss40_trlocglobal,44,0.6593134601910909,0.7014203667640686,0.45436507936507936,0.4929936498788127,0.5333333333333333,0.0,0.0,0.0,0.0,0.0,0.0,0.0,0.0,0.0,,,,,18473,global,0.4
4,5,lr1e-05_bs32_modL1_fusion16_fusionL1_fusionBN0_drop0p1__wd1e-04trmiss40_trlocglobal,32,1e-05,0.0001,1,16,1,False,0.1,lr1e-05_bs32_modL1_fusion16_fusionL1_fusionBN0_drop0p1__wd1e-04trmiss40_trlocglobal,45,0.6578381260236105,0.7011953294277191,0.4603174603174603,0.4968897537749166,0.5333333333333333,0.0,0.0,0.0,0.0,0.0,0.0,0.0,0.0,0.0,,,,,18473,global,0.4
4,5,lr1e-05_bs32_modL1_fusion16_fusionL1_fusionBN0_drop0p1__wd1e-04trmiss40_trlocglobal,32,1e-05,0.0001,1,16,1,False,0.1,lr1e-05_bs32_modL1_fusion16_fusionL1_fusionBN0_drop0p1__wd1e-04trmiss40_trlocglobal,46,0.6569567819436392,0.7010691463947296,0.4662698412698413,0.4989515888047176,0.5333333333333333,0.0,0.0,0.0,0.0,0.0,0.0,0.0,0.0,0.0,,,,,18473,global,0.4
4,5,lr1e-05_bs32_modL1_fusion16_fusionL1_fusionBN0_drop0p1__wd1e-04trmiss40_trlocglobal,32,1e-05,0.0001,1,16,1,False,0.1,lr1e-05_bs32_modL1_fusion16_fusionL1_fusionBN0_drop0p1__wd1e-04trmiss40_trlocglobal,47,0.6542679369449615,0.7008389830589294,0.46230158730158727,0.4962225439704096,0.5333333333333333,0.0,0.0,0.0,0.0,0.0,0.0,0.0,0.0,0.0,,,,,18473,global,0.4
4,5,lr1e-05_bs32_modL1_fusion16_fusionL1_fusionBN0_drop0p1__wd1e-04trmiss40_trlocglobal,32,1e-05,0.0001,1,16,1,False,0.1,lr1e-05_bs32_modL1_fusion16_fusionL1_fusionBN0_drop0p1__wd1e-04trmiss40_trlocglobal,48,0.6564546525478363,0.7005720436573029,0.46626984126984117,0.4983768761610395,0.5333333333333333,0.0,0.0,0.0,0.0,0.0,0.0,0.0,0.0,0.0,,,,,18473,global,0.4
4,5,lr1e-05_bs32_modL1_fusion16_fusionL1_fusionBN0_drop0p1__wd1e-04trmiss40_trlocglobal,32,1e-05,0.0001,1,16,1,False,0.1,lr1e-05_bs32_modL1_fusion16_fusionL1_fusionBN0_drop0p1__wd1e-04trmiss40_trlocglobal,49,0.6554661293824514,0.7005108892917633,0.4742063492063492,0.5026440545236126,0.5333333333333333,0.0,0.0,0.0,0.0,0.0,0.0,0.0,0.0,0.0,,,,,18473,global,0.4
4,5,lr1e-05_bs32_modL1_fusion16_fusionL1_fusionBN0_drop0p1__wd1e-04trmiss40_trlocglobal,32,1e-05,0.0001,1,16,1,False,0.1,lr1e-05_bs32_modL1_fusion16_fusionL1_fusionBN0_drop0p1__wd1e-04trmiss40_trlocglobal,50,0.6571596761544546,0.7006531357765198,0.4662698412698412,0.49870060214266027,0.5333333333333333,0.0,0.0,0.0,0.0,0.0,0.0,0.0,0.0,0.0,,,,,18473,global,0.4
4,5,lr1e-05_bs32_modL1_fusion16_fusionL1_fusionBN0_drop0p1__wd1e-04trmiss40_trlocglobal,32,1e-05,0.0001,1,16,1,False,0.1,lr1e-05_bs32_modL1_fusion16_fusionL1_fusionBN0_drop0p1__wd1e-04trmiss40_trlocglobal,51,0.6544407606124878,0.7010291218757629,0.4662698412698413,0.4989672391004737,0.5333333333333333,0.0,0.0,0.0,0.0,0.0,0.0,0.0,0.0,0.0,,,,,18473,global,0.4
4,5,lr1e-05_bs32_modL1_fusion16_fusionL1_fusionBN0_drop0p1__wd1e-04trmiss40_trlocglobal,32,1e-05,0.0001,1,16,1,False,0.1,lr1e-05_bs32_modL1_fusion16_fusionL1_fusionBN0_drop0p1__wd1e-04trmiss40_trlocglobal,52,0.6515600681304932,0.7007323503494263,0.46825396825396826,0.49967282436488253,0.5333333333333333,0.0,0.0,0.0,0.0,0.0,0.0,0.0,0.0,0.0,,,,,18473,global,0.4
4,5,lr1e-05_bs32_modL1_fusion16_fusionL1_fusionBN0_drop0p1__wd1e-04trmiss40_trlocglobal,32,1e-05,0.0001,1,16,1,False,0.1,lr1e-05_bs32_modL1_fusion16_fusionL1_fusionBN0_drop0p1__wd1e-04trmiss40_trlocglobal,53,0.6545297900835673,0.7009162306785583,0.46825396825396826,0.49967282436488253,0.5333333333333333,0.0,0.0,0.0,0.0,0.0,0.0,0.0,0.0,0.0,,,,,18473,global,0.4
4,5,lr1e-05_bs32_modL1_fusion16_fusionL1_fusionBN0_drop0p1__wd1e-04trmiss40_trlocglobal,32,1e-05,0.0001,1,16,1,False,0.1,lr1e-05_bs32_modL1_fusion16_fusionL1_fusionBN0_drop0p1__wd1e-04trmiss40_trlocglobal,54,0.6536750396092733,0.7011370360851288,0.46428571428571425,0.497384812668976,0.5333333333333333,0.0,0.0,0.0,0.0,0.0,0.0,0.0,0.0,0.0,,,,,18473,global,0.4
4,5,lr1e-05_bs32_modL1_fusion16_fusionL1_fusionBN0_drop0p1__wd1e-04trmiss40_trlocglobal,32,1e-05,0.0001,1,16,1,False,0.1,lr1e-05_bs32_modL1_fusion16_fusionL1_fusionBN0_drop0p1__wd1e-04trmiss40_trlocglobal,55,0.6514144738515218,0.7009305953979492,0.4682539682539682,0.4995824363578278,0.5333333333333333,0.0,0.0,0.0,0.0,0.0,0.0,0.0,0.0,0.0,,,,,18473,global,0.4
4,5,lr1e-05_bs32_modL1_fusion16_fusionL1_fusionBN0_drop0p1__wd1e-04trmiss40_trlocglobal,32,1e-05,0.0001,1,16,1,False,0.1,lr1e-05_bs32_modL1_fusion16_fusionL1_fusionBN0_drop0p1__wd1e-04trmiss40_trlocglobal,56,0.6557836830615997,0.700713038444519,0.4702380952380952,0.5009713252467166,0.5333333333333333,0.0,0.0,0.0,0.0,0.0,0.0,0.0,0.0,0.0,,,,,18473,global,0.4
4,5,lr1e-05_bs32_modL1_fusion16_fusionL1_fusionBN0_drop0p1__wd1e-04trmiss40_trlocglobal,32,1e-05,0.0001,1,16,1,False,0.1,lr1e-05_bs32_modL1_fusion16_fusionL1_fusionBN0_drop0p1__wd1e-04trmiss40_trlocglobal,57,0.6513501703739166,0.701014906167984,0.46825396825396826,0.4992087322239611,0.5333333333333333,0.0,0.0,0.0,0.0,0.0,0.0,0.0,0.0,0.0,,,,,18473,global,0.4
4,5,lr1e-05_bs32_modL1_fusion16_fusionL1_fusionBN0_drop0p1__wd1e-04trmiss40_trlocglobal,32,1e-05,0.0001,1,16,1,False,0.1,lr1e-05_bs32_modL1_fusion16_fusionL1_fusionBN0_drop0p1__wd1e-04trmiss40_trlocglobal,58,0.650206079085668,0.7010816037654877,0.46428571428571425,0.49788642589744947,0.5333333333333333,0.0,0.0,0.0,0.0,0.0,0.0,0.0,0.0,0.0,,,,,18473,global,0.4
4,5,lr1e-05_bs32_modL1_fusion16_fusionL1_fusionBN0_drop0p1__wd1e-04trmiss40_trlocglobal,32,1e-05,0.0001,1,16,1,False,0.1,lr1e-05_bs32_modL1_fusion16_fusionL1_fusionBN0_drop0p1__wd1e-04trmiss40_trlocglobal,59,0.6516767740249634,0.7008962631225586,0.47023809523809523,0.5010035853956574,0.5333333333333333,0.0,0.0,0.0,0.0,0.0,0.0,0.0,0.0,0.0,,,,,18473,global,0.4
4,5,lr1e-05_bs32_modL1_fusion16_fusionL1_fusionBN0_drop0p1__wd1e-04trmiss40_trlocglobal,32,1e-05,0.0001,1,16,1,False,0.1,lr1e-05_bs32_modL1_fusion16_fusionL1_fusionBN0_drop0p1__wd1e-04trmiss40_trlocglobal,60,0.6508874495824178,0.7010006606578827,0.4722222222222222,0.5021214347157916,0.5333333333333333,0.0,0.0,0.0,0.0,0.0,0.0,0.0,0.0,0.0,,,,,18473,global,0.4
4,5,lr1e-05_bs32_modL1_fusion16_fusionL1_fusionBN0_drop0p1__wd1e-04trmiss40_trlocglobal,32,1e-05,0.0001,1,16,1,False,0.1,lr1e-05_bs32_modL1_fusion16_fusionL1_fusionBN0_drop0p1__wd1e-04trmiss40_trlocglobal,61,0.6520166993141174,0.7011072039604187,0.46825396825396826,0.5003875637480497,0.5333333333333333,0.0,0.0,0.0,0.0,0.0,0.0,0.0,0.0,0.0,,,,,18473,global,0.4
4,5,lr1e-05_bs32_modL1_fusion16_fusionL1_fusionBN0_drop0p1__wd1e-04trmiss40_trlocglobal,32,1e-05,0.0001,1,16,1,False,0.1,lr1e-05_bs32_modL1_fusion16_fusionL1_fusionBN0_drop0p1__wd1e-04trmiss40_trlocglobal,62,0.6517897049585978,0.7008451819419861,0.46230158730158727,0.49712477715192976,0.5333333333333333,0.0,0.0,0.0,0.0,0.0,0.0,0.0,0.0,0.0,,,,,18473,global,0.4
4,5,lr1e-05_bs32_modL1_fusion16_fusionL1_fusionBN0_drop0p1__wd1e-04trmiss40_trlocglobal,32,1e-05,0.0001,1,16,1,False,0.1,lr1e-05_bs32_modL1_fusion16_fusionL1_fusionBN0_drop0p1__wd1e-04trmiss40_trlocglobal,63,0.6493549843629202,0.7010903060436249,0.46825396825396826,0.49974048233483925,0.5333333333333333,0.0,0.0,0.0,0.0,0.0,0.0,0.0,0.0,0.0,,,,,18473,global,0.4
4,5,lr1e-05_bs32_modL1_fusion16_fusionL1_fusionBN0_drop0p1__wd1e-04trmiss40_trlocglobal,32,1e-05,0.0001,1,16,1,False,0.1,lr1e-05_bs32_modL1_fusion16_fusionL1_fusionBN0_drop0p1__wd1e-04trmiss40_trlocglobal,64,0.6530561645825704,0.7007401585578918,0.4662698412698413,0.4990519330045243,0.5333333333333333,0.0,0.0,0.0,0.0,0.0,0.0,0.0,0.0,0.0,,,,,18473,global,0.4
4,5,lr1e-05_bs32_modL1_fusion16_fusionL1_fusionBN0_drop0p1__wd1e-04trmiss40_trlocglobal,32,1e-05,0.0001,1,16,1,False,0.1,lr1e-05_bs32_modL1_fusion16_fusionL1_fusionBN0_drop0p1__wd1e-04trmiss40_trlocglobal,65,0.6540143489837646,0.700544536113739,0.47222222222222215,0.5017477305819249,0.5333333333333333,0.0,0.0,0.0,0.0,0.0,0.0,0.0,0.0,0.0,,,,,18473,global,0.4
4,5,lr1e-05_bs32_modL1_fusion16_fusionL1_fusionBN0_drop0p1__wd1e-04trmiss40_trlocglobal,32,1e-05,0.0001,1,16,1,False,0.1,lr1e-05_bs32_modL1_fusion16_fusionL1_fusionBN0_drop0p1__wd1e-04trmiss40_trlocglobal,66,0.6517374018828074,0.7006945610046387,0.4702380952380952,0.5004235414859967,0.5333333333333333,0.0,0.0,0.0,0.0,0.0,0.0,0.0,0.0,0.0,,,,,18473,global,0.4
4,5,lr1e-05_bs32_modL1_fusion16_fusionL1_fusionBN0_drop0p1__wd1e-04trmiss40_trlocglobal,32,1e-05,0.0001,1,16,1,False,0.1,lr1e-05_bs32_modL1_fusion16_fusionL1_fusionBN0_drop0p1__wd1e-04trmiss40_trlocglobal,67,0.6493461032708486,0.7005724608898163,0.4722222222222222,0.5011730179382468,0.5333333333333333,0.0,0.0,0.0,0.0,0.0,0.0,0.0,0.0,0.0,,,,,18473,global,0.4
4,5,lr1e-05_bs32_modL1_fusion16_fusionL1_fusionBN0_drop0p1__wd1e-04trmiss40_trlocglobal,32,1e-05,0.0001,1,16,1,False,0.1,lr1e-05_bs32_modL1_fusion16_fusionL1_fusionBN0_drop0p1__wd1e-04trmiss40_trlocglobal,68,0.6507832904656728,0.7005375623703003,0.46825396825396826,0.49948145614617917,0.5333333333333333,0.0,0.0,0.0,0.0,0.0,0.0,0.0,0.0,0.0,,,,,18473,global,0.4
4,5,lr1e-05_bs32_modL1_fusion16_fusionL1_fusionBN0_drop0p1__wd1e-04trmiss40_trlocglobal,32,1e-05,0.0001,1,16,1,False,0.1,lr1e-05_bs32_modL1_fusion16_fusionL1_fusionBN0_drop0p1__wd1e-04trmiss40_trlocglobal,69,0.6554029484589895,0.7004850506782532,0.4742063492063492,0.5028774831028884,0.5333333333333333,0.0,0.0,0.0,0.0,0.0,0.0,0.0,0.0,0.0,,,,,18473,global,0.4
4,5,lr1e-05_bs32_modL1_fusion16_fusionL1_fusionBN0_drop0p1__wd1e-04trmiss40_trlocglobal,32,1e-05,0.0001,1,16,1,False,0.1,lr1e-05_bs32_modL1_fusion16_fusionL1_fusionBN0_drop0p1__wd1e-04trmiss40_trlocglobal,70,0.6498778065045675,0.7007291316986084,0.4722222222222222,0.5013903372078478,0.5333333333333333,0.0,0.0,0.0,0.0,0.0,0.0,0.0,0.0,0.0,,,,,18473,global,0.4
4,5,lr1e-05_bs32_modL1_fusion16_fusionL1_fusionBN0_drop0p1__wd1e-04trmiss40_trlocglobal,32,1e-05,0.0001,1,16,1,False,0.1,lr1e-05_bs32_modL1_fusion16_fusionL1_fusionBN0_drop0p1__wd1e-04trmiss40_trlocglobal,71,0.6517457167307535,0.7003885507583618,0.48412698412698413,0.507860045002371,0.5333333333333333,0.0,0.0,0.0,0.0,0.0,0.0,0.0,0.0,0.0,,,,,18473,global,0.4
4,5,lr1e-05_bs32_modL1_fusion16_fusionL1_fusionBN0_drop0p1__wd1e-04trmiss40_trlocglobal,32,1e-05,0.0001,1,16,1,False,0.1,lr1e-05_bs32_modL1_fusion16_fusionL1_fusionBN0_drop0p1__wd1e-04trmiss40_trlocglobal,72,0.6501333713531494,0.7001559436321259,0.48611111111111116,0.5078817382054348,0.5333333333333333,0.0,0.0,0.0,0.0,0.0,0.0,0.0,0.0,0.0,,,,,18473,global,0.4
4,5,lr1e-05_bs32_modL1_fusion16_fusionL1_fusionBN0_drop0p1__wd1e-04trmiss40_trlocglobal,32,1e-05,0.0001,1,16,1,False,0.1,lr1e-05_bs32_modL1_fusion16_fusionL1_fusionBN0_drop0p1__wd1e-04trmiss40_trlocglobal,73,0.6516562501589457,0.6999940276145935,0.48214285714285715,0.5070986450719532,0.5333333333333333,0.0,0.0,0.0,0.0,0.0,0.0,0.0,0.0,0.0,,,,,18473,global,0.4
4,5,lr1e-05_bs32_modL1_fusion16_fusionL1_fusionBN0_drop0p1__wd1e-04trmiss40_trlocglobal,32,1e-05,0.0001,1,16,1,False,0.1,lr1e-05_bs32_modL1_fusion16_fusionL1_fusionBN0_drop0p1__wd1e-04trmiss40_trlocglobal,74,0.648635725180308,0.6998884379863739,0.4841269841269842,0.5076821577555183,0.5333333333333333,0.0,0.0,0.0,0.0,0.0,0.0,0.0,0.0,0.0,,,,,18473,global,0.4
4,5,lr1e-05_bs32_modL1_fusion16_fusionL1_fusionBN0_drop0p1__wd1e-04trmiss40_trlocglobal,32,1e-05,0.0001,1,16,1,False,0.1,lr1e-05_bs32_modL1_fusion16_fusionL1_fusionBN0_drop0p1__wd1e-04trmiss40_trlocglobal,75,0.6509957611560822,0.7000915110111237,0.4861111111111111,0.5089140595221325,0.5333333333333333,0.0,0.0,0.0,0.0,0.0,0.0,0.0,0.0,0.0,,,,,18473,global,0.4
4,5,lr1e-05_bs32_modL1_fusion16_fusionL1_fusionBN0_drop0p1__wd1e-04trmiss40_trlocglobal,32,1e-05,0.0001,1,16,1,False,0.1,lr1e-05_bs32_modL1_fusion16_fusionL1_fusionBN0_drop0p1__wd1e-04trmiss40_trlocglobal,76,0.6485003729661306,0.7003451883792877,0.4781746031746032,0.5052945908098196,0.5333333333333333,0.0,0.0,0.0,0.0,0.0,0.0,0.0,0.0,0.0,,,,,18473,global,0.4
4,5,lr1e-05_bs32_modL1_fusion16_fusionL1_fusionBN0_drop0p1__wd1e-04trmiss40_trlocglobal,32,1e-05,0.0001,1,16,1,False,0.1,lr1e-05_bs32_modL1_fusion16_fusionL1_fusionBN0_drop0p1__wd1e-04trmiss40_trlocglobal,77,0.6507695615291595,0.7005751430988312,0.4742063492063492,0.5037012860239038,0.5333333333333333,0.0,0.0,0.0,0.0,0.0,0.0,0.0,0.0,0.0,,,,,18473,global,0.4
4,5,lr1e-05_bs32_modL1_fusion16_fusionL1_fusionBN0_drop0p1__wd1e-04trmiss40_trlocglobal,32,1e-05,0.0001,1,16,1,False,0.1,lr1e-05_bs32_modL1_fusion16_fusionL1_fusionBN0_drop0p1__wd1e-04trmiss40_trlocglobal,78,0.6512760619322459,0.7002555429935455,0.4781746031746032,0.5056247421343751,0.5333333333333333,0.0,0.0,0.0,0.0,0.0,0.0,0.0,0.0,0.0,,,,,18473,global,0.4
4,5,lr1e-05_bs32_modL1_fusion16_fusionL1_fusionBN0_drop0p1__wd1e-04trmiss40_trlocglobal,32,1e-05,0.0001,1,16,1,False,0.1,lr1e-05_bs32_modL1_fusion16_fusionL1_fusionBN0_drop0p1__wd1e-04trmiss40_trlocglobal,79,0.6488879124323527,0.70033198595047,0.4801587301587302,0.5064389183795859,0.5333333333333333,0.0,0.0,0.0,0.0,0.0,0.0,0.0,0.0,0.0,,,,,18473,global,0.4
4,5,lr1e-05_bs32_modL1_fusion16_fusionL1_fusionBN0_drop0p1__wd1e-04trmiss40_trlocglobal,32,1e-05,0.0001,1,16,1,False,0.1,lr1e-05_bs32_modL1_fusion16_fusionL1_fusionBN0_drop0p1__wd1e-04trmiss40_trlocglobal,80,0.6502563456694285,0.700482040643692,0.4761904761904762,0.5035084408352638,0.5333333333333333,0.0,0.0,0.0,0.0,0.0,0.0,0.0,0.0,0.0,,,,,18473,global,0.4
4,5,lr1e-05_bs32_modL1_fusion32_fusionL1_fusionBN0_drop0p2__wd1e-04trmiss40_trlocglobal,32,1e-05,0.0001,1,32,1,False,0.2,lr1e-05_bs32_modL1_fusion32_fusionL1_fusionBN0_drop0p2__wd1e-04trmiss40_trlocglobal,1,0.7178559104601542,0.6912460029125214,0.5615079365079365,0.5967640451956154,0.4666666666666667,0.0,0.0,0.0,0.0,0.0,0.0,0.0,0.0,0.0,,,,,18473,global,0.4
4,5,lr1e-05_bs32_modL1_fusion32_fusionL1_fusionBN0_drop0p2__wd1e-04trmiss40_trlocglobal,32,1e-05,0.0001,1,32,1,False,0.2,lr1e-05_bs32_modL1_fusion32_fusionL1_fusionBN0_drop0p2__wd1e-04trmiss40_trlocglobal,2,0.7156792978445689,0.6905760169029236,0.5734126984126985,0.6147375030682588,0.4666666666666667,0.0,0.0,0.0,0.0,0.0,0.0,0.0,0.0,0.0,,,,,18473,global,0.4
4,5,lr1e-05_bs32_modL1_fusion32_fusionL1_fusionBN0_drop0p2__wd1e-04trmiss40_trlocglobal,32,1e-05,0.0001,1,32,1,False,0.2,lr1e-05_bs32_modL1_fusion32_fusionL1_fusionBN0_drop0p2__wd1e-04trmiss40_trlocglobal,3,0.7176705102125803,0.6897875070571899,0.5714285714285714,0.595552737800524,0.4666666666666667,0.0,0.0,0.0,0.0,0.0,0.0,0.0,0.0,0.0,,,,,18473,global,0.4
4,5,lr1e-05_bs32_modL1_fusion32_fusionL1_fusionBN0_drop0p2__wd1e-04trmiss40_trlocglobal,32,1e-05,0.0001,1,32,1,False,0.2,lr1e-05_bs32_modL1_fusion32_fusionL1_fusionBN0_drop0p2__wd1e-04trmiss40_trlocglobal,4,0.7104958295822144,0.6891389489173889,0.5793650793650794,0.6074691343636597,0.4888888888888889,0.0,0.0,0.0,0.0,0.0,0.0,0.0,0.0,0.0,,,,,18473,global,0.4
4,5,lr1e-05_bs32_modL1_fusion32_fusionL1_fusionBN0_drop0p2__wd1e-04trmiss40_trlocglobal,32,1e-05,0.0001,1,32,1,False,0.2,lr1e-05_bs32_modL1_fusion32_fusionL1_fusionBN0_drop0p2__wd1e-04trmiss40_trlocglobal,5,0.6996615131696066,0.6886976659297943,0.5714285714285714,0.6045399425944911,0.4888888888888889,0.0,0.0,0.0,0.0,0.0,0.0,0.0,0.0,0.0,,,,,18473,global,0.4
4,5,lr1e-05_bs32_modL1_fusion32_fusionL1_fusionBN0_drop0p2__wd1e-04trmiss40_trlocglobal,32,1e-05,0.0001,1,32,1,False,0.2,lr1e-05_bs32_modL1_fusion32_fusionL1_fusionBN0_drop0p2__wd1e-04trmiss40_trlocglobal,6,0.7066089510917664,0.6885327994823456,0.5634920634920635,0.6018056808667297,0.4888888888888889,0.0,0.0,0.0,0.0,0.0,0.0,0.0,0.0,0.0,,,,,18473,global,0.4
4,5,lr1e-05_bs32_modL1_fusion32_fusionL1_fusionBN0_drop0p2__wd1e-04trmiss40_trlocglobal,32,1e-05,0.0001,1,32,1,False,0.2,lr1e-05_bs32_modL1_fusion32_fusionL1_fusionBN0_drop0p2__wd1e-04trmiss40_trlocglobal,7,0.7055701812108358,0.688674807548523,0.5654761904761905,0.5994302639393292,0.4888888888888889,0.0,0.0,0.0,0.0,0.0,0.0,0.0,0.0,0.0,,,,,18473,global,0.4
4,5,lr1e-05_bs32_modL1_fusion32_fusionL1_fusionBN0_drop0p2__wd1e-04trmiss40_trlocglobal,32,1e-05,0.0001,1,32,1,False,0.2,lr1e-05_bs32_modL1_fusion32_fusionL1_fusionBN0_drop0p2__wd1e-04trmiss40_trlocglobal,8,0.7045768896738688,0.6885859668254852,0.5674603174603174,0.5992007300613145,0.4888888888888889,0.0,0.0,0.0,0.0,0.0,0.0,0.0,0.0,0.0,,,,,18473,global,0.4
4,5,lr1e-05_bs32_modL1_fusion32_fusionL1_fusionBN0_drop0p2__wd1e-04trmiss40_trlocglobal,32,1e-05,0.0001,1,32,1,False,0.2,lr1e-05_bs32_modL1_fusion32_fusionL1_fusionBN0_drop0p2__wd1e-04trmiss40_trlocglobal,9,0.701095849275589,0.6885044872760773,0.5575396825396824,0.5923102990126018,0.4888888888888889,0.0,0.0,0.0,0.0,0.0,0.0,0.0,0.0,0.0,,,,,18473,global,0.4
4,5,lr1e-05_bs32_modL1_fusion32_fusionL1_fusionBN0_drop0p2__wd1e-04trmiss40_trlocglobal,32,1e-05,0.0001,1,32,1,False,0.2,lr1e-05_bs32_modL1_fusion32_fusionL1_fusionBN0_drop0p2__wd1e-04trmiss40_trlocglobal,10,0.6967933773994446,0.6876863837242126,0.5654761904761905,0.6041121238914109,0.4888888888888889,0.0,0.0,0.0,0.0,0.0,0.0,0.0,0.0,0.0,,,,,18473,global,0.4
4,5,lr1e-05_bs32_modL1_fusion32_fusionL1_fusionBN0_drop0p2__wd1e-04trmiss40_trlocglobal,32,1e-05,0.0001,1,32,1,False,0.2,lr1e-05_bs32_modL1_fusion32_fusionL1_fusionBN0_drop0p2__wd1e-04trmiss40_trlocglobal,11,0.6865835686524709,0.6872231662273407,0.5753968253968255,0.6032115339501738,0.4888888888888889,0.0,0.0,0.0,0.0,0.0,0.0,0.0,0.0,0.0,,,,,18473,global,0.4
4,5,lr1e-05_bs32_modL1_fusion32_fusionL1_fusionBN0_drop0p2__wd1e-04trmiss40_trlocglobal,32,1e-05,0.0001,1,32,1,False,0.2,lr1e-05_bs32_modL1_fusion32_fusionL1_fusionBN0_drop0p2__wd1e-04trmiss40_trlocglobal,12,0.6909333368142446,0.6870902478694916,0.5813492063492064,0.6113910450708614,0.4888888888888889,0.0,0.0,0.0,0.0,0.0,0.0,0.0,0.0,0.0,,,,,18473,global,0.4
4,5,lr1e-05_bs32_modL1_fusion32_fusionL1_fusionBN0_drop0p2__wd1e-04trmiss40_trlocglobal,32,1e-05,0.0001,1,32,1,False,0.2,lr1e-05_bs32_modL1_fusion32_fusionL1_fusionBN0_drop0p2__wd1e-04trmiss40_trlocglobal,13,0.6947880585988363,0.6870683431625366,0.5773809523809523,0.6042105900245527,0.4888888888888889,0.0,0.0,0.0,0.0,0.0,0.0,0.0,0.0,0.0,,,,,18473,global,0.4
4,5,lr1e-05_bs32_modL1_fusion32_fusionL1_fusionBN0_drop0p2__wd1e-04trmiss40_trlocglobal,32,1e-05,0.0001,1,32,1,False,0.2,lr1e-05_bs32_modL1_fusion32_fusionL1_fusionBN0_drop0p2__wd1e-04trmiss40_trlocglobal,14,0.6965112090110779,0.6864908635616302,0.5813492063492064,0.6051837001028574,0.4888888888888889,0.0,0.0,0.0,0.0,0.0,0.0,0.0,0.0,0.0,,,,,18473,global,0.4
4,5,lr1e-05_bs32_modL1_fusion32_fusionL1_fusionBN0_drop0p2__wd1e-04trmiss40_trlocglobal,32,1e-05,0.0001,1,32,1,False,0.2,lr1e-05_bs32_modL1_fusion32_fusionL1_fusionBN0_drop0p2__wd1e-04trmiss40_trlocglobal,15,0.6926721930503845,0.6860843896865845,0.5873015873015873,0.6147912846852401,0.4888888888888889,0.0,0.0,0.0,0.0,0.0,0.0,0.0,0.0,0.0,,,,,18473,global,0.4
4,5,lr1e-05_bs32_modL1_fusion32_fusionL1_fusionBN0_drop0p2__wd1e-04trmiss40_trlocglobal,32,1e-05,0.0001,1,32,1,False,0.2,lr1e-05_bs32_modL1_fusion32_fusionL1_fusionBN0_drop0p2__wd1e-04trmiss40_trlocglobal,16,0.6935578385988871,0.6858189404010773,0.5853174603174605,0.6051514617395702,0.4888888888888889,0.0,0.0,0.0,0.0,0.0,0.0,0.0,0.0,0.0,,,,,18473,global,0.4
4,5,lr1e-05_bs32_modL1_fusion32_fusionL1_fusionBN0_drop0p2__wd1e-04trmiss40_trlocglobal,32,1e-05,0.0001,1,32,1,False,0.2,lr1e-05_bs32_modL1_fusion32_fusionL1_fusionBN0_drop0p2__wd1e-04trmiss40_trlocglobal,17,0.6938680708408356,0.6854644119739532,0.5853174603174602,0.6061777840904362,0.4888888888888889,0.0,0.0,0.0,0.0,0.0,0.0,0.0,0.0,0.0,,,,,18473,global,0.4
4,5,lr1e-05_bs32_modL1_fusion32_fusionL1_fusionBN0_drop0p2__wd1e-04trmiss40_trlocglobal,32,1e-05,0.0001,1,32,1,False,0.2,lr1e-05_bs32_modL1_fusion32_fusionL1_fusionBN0_drop0p2__wd1e-04trmiss40_trlocglobal,18,0.686770369609197,0.685592770576477,0.5892857142857143,0.606562359842659,0.4888888888888889,0.0,0.0,0.0,0.0,0.0,0.0,0.0,0.0,0.0,,,,,18473,global,0.4
4,5,lr1e-05_bs32_modL1_fusion32_fusionL1_fusionBN0_drop0p2__wd1e-04trmiss40_trlocglobal,32,1e-05,0.0001,1,32,1,False,0.2,lr1e-05_bs32_modL1_fusion32_fusionL1_fusionBN0_drop0p2__wd1e-04trmiss40_trlocglobal,19,0.6805859804153442,0.6853922307491302,0.5952380952380952,0.6149300316702301,0.4666666666666667,0.0,0.0,0.0,0.0,0.0,0.0,0.0,0.0,0.0,,,,,18473,global,0.4
4,5,lr1e-05_bs32_modL1_fusion32_fusionL1_fusionBN0_drop0p2__wd1e-04trmiss40_trlocglobal,32,1e-05,0.0001,1,32,1,False,0.2,lr1e-05_bs32_modL1_fusion32_fusionL1_fusionBN0_drop0p2__wd1e-04trmiss40_trlocglobal,20,0.683230588833491,0.6852511465549469,0.5972222222222222,0.6153809660358931,0.4666666666666667,0.0,0.0,0.0,0.0,0.0,0.0,0.0,0.0,0.0,,,,,18473,global,0.4
4,5,lr1e-05_bs32_modL1_fusion32_fusionL1_fusionBN0_drop0p2__wd1e-04trmiss40_trlocglobal,32,1e-05,0.0001,1,32,1,False,0.2,lr1e-05_bs32_modL1_fusion32_fusionL1_fusionBN0_drop0p2__wd1e-04trmiss40_trlocglobal,21,0.6758225460847219,0.685424268245697,0.5952380952380952,0.6029503427404442,0.4666666666666667,0.0,0.0,0.0,0.0,0.0,0.0,0.0,0.0,0.0,,,,,18473,global,0.4
4,5,lr1e-05_bs32_modL1_fusion32_fusionL1_fusionBN0_drop0p2__wd1e-04trmiss40_trlocglobal,32,1e-05,0.0001,1,32,1,False,0.2,lr1e-05_bs32_modL1_fusion32_fusionL1_fusionBN0_drop0p2__wd1e-04trmiss40_trlocglobal,22,0.6777710815270742,0.6851731836795807,0.5992063492063492,0.6067468519177104,0.4888888888888889,0.0,0.0,0.0,0.0,0.0,0.0,0.0,0.0,0.0,,,,,18473,global,0.4
4,5,lr1e-05_bs32_modL1_fusion32_fusionL1_fusionBN0_drop0p2__wd1e-04trmiss40_trlocglobal,32,1e-05,0.0001,1,32,1,False,0.2,lr1e-05_bs32_modL1_fusion32_fusionL1_fusionBN0_drop0p2__wd1e-04trmiss40_trlocglobal,23,0.666808952887853,0.6850304007530212,0.6011904761904762,0.6071321771404949,0.4888888888888889,0.0,0.0,0.0,0.0,0.0,0.0,0.0,0.0,0.0,,,,,18473,global,0.4
4,5,lr1e-05_bs32_modL1_fusion32_fusionL1_fusionBN0_drop0p2__wd1e-04trmiss40_trlocglobal,32,1e-05,0.0001,1,32,1,False,0.2,lr1e-05_bs32_modL1_fusion32_fusionL1_fusionBN0_drop0p2__wd1e-04trmiss40_trlocglobal,24,0.6851334472497305,0.6845521330833435,0.6031746031746033,0.6080045088317922,0.4888888888888889,0.0,0.0,0.0,0.0,0.0,0.0,0.0,0.0,0.0,,,,,18473,global,0.4
4,5,lr1e-05_bs32_modL1_fusion32_fusionL1_fusionBN0_drop0p2__wd1e-04trmiss40_trlocglobal,32,1e-05,0.0001,1,32,1,False,0.2,lr1e-05_bs32_modL1_fusion32_fusionL1_fusionBN0_drop0p2__wd1e-04trmiss40_trlocglobal,25,0.6717449923356374,0.6847018003463745,0.6051587301587301,0.6131341612674791,0.4888888888888889,0.0,0.0,0.0,0.0,0.0,0.0,0.0,0.0,0.0,,,,,18473,global,0.4
4,5,lr1e-05_bs32_modL1_fusion32_fusionL1_fusionBN0_drop0p2__wd1e-04trmiss40_trlocglobal,32,1e-05,0.0001,1,32,1,False,0.2,lr1e-05_bs32_modL1_fusion32_fusionL1_fusionBN0_drop0p2__wd1e-04trmiss40_trlocglobal,26,0.6759683986504873,0.6849457621574402,0.6051587301587301,0.6120716662098861,0.4888888888888889,0.0,0.0,0.0,0.0,0.0,0.0,0.0,0.0,0.0,,,,,18473,global,0.4
4,5,lr1e-05_bs32_modL1_fusion32_fusionL1_fusionBN0_drop0p2__wd1e-04trmiss40_trlocglobal,32,1e-05,0.0001,1,32,1,False,0.2,lr1e-05_bs32_modL1_fusion32_fusionL1_fusionBN0_drop0p2__wd1e-04trmiss40_trlocglobal,27,0.6741843620936075,0.6850646138191223,0.6011904761904762,0.6098830038451595,0.4888888888888889,0.0,0.0,0.0,0.0,0.0,0.0,0.0,0.0,0.0,,,,,18473,global,0.4
4,5,lr1e-05_bs32_modL1_fusion32_fusionL1_fusionBN0_drop0p2__wd1e-04trmiss40_trlocglobal,32,1e-05,0.0001,1,32,1,False,0.2,lr1e-05_bs32_modL1_fusion32_fusionL1_fusionBN0_drop0p2__wd1e-04trmiss40_trlocglobal,28,0.6731905142466227,0.6843245625495911,0.6051587301587301,0.6147645234655814,0.5111111111111111,0.0,0.0,0.0,0.0,0.0,0.0,0.0,0.0,0.0,,,,,18473,global,0.4
4,5,lr1e-05_bs32_modL1_fusion32_fusionL1_fusionBN0_drop0p2__wd1e-04trmiss40_trlocglobal,32,1e-05,0.0001,1,32,1,False,0.2,lr1e-05_bs32_modL1_fusion32_fusionL1_fusionBN0_drop0p2__wd1e-04trmiss40_trlocglobal,29,0.6773499846458435,0.6838147640228271,0.6071428571428571,0.615680822013958,0.5111111111111111,0.0,0.0,0.0,0.0,0.0,0.0,0.0,0.0,0.0,,,,,18473,global,0.4
4,5,lr1e-05_bs32_modL1_fusion32_fusionL1_fusionBN0_drop0p2__wd1e-04trmiss40_trlocglobal,32,1e-05,0.0001,1,32,1,False,0.2,lr1e-05_bs32_modL1_fusion32_fusionL1_fusionBN0_drop0p2__wd1e-04trmiss40_trlocglobal,30,0.6700610518455505,0.683894693851471,0.6051587301587301,0.6126976560509317,0.5111111111111111,0.0,0.0,0.0,0.0,0.0,0.0,0.0,0.0,0.0,,,,,18473,global,0.4
4,5,lr1e-05_bs32_modL1_fusion32_fusionL1_fusionBN0_drop0p2__wd1e-04trmiss40_trlocglobal,32,1e-05,0.0001,1,32,1,False,0.2,lr1e-05_bs32_modL1_fusion32_fusionL1_fusionBN0_drop0p2__wd1e-04trmiss40_trlocglobal,31,0.6593601504961649,0.6839595139026642,0.6071428571428572,0.6141760392558955,0.5111111111111111,0.0,0.0,0.0,0.0,0.0,0.0,0.0,0.0,0.0,,,,,18473,global,0.4
4,5,lr1e-05_bs32_modL1_fusion32_fusionL1_fusionBN0_drop0p2__wd1e-04trmiss40_trlocglobal,32,1e-05,0.0001,1,32,1,False,0.2,lr1e-05_bs32_modL1_fusion32_fusionL1_fusionBN0_drop0p2__wd1e-04trmiss40_trlocglobal,32,0.6664867798487345,0.6837268173694611,0.6111111111111112,0.6164714948334934,0.5111111111111111,0.0,0.0,0.0,0.0,0.0,0.0,0.0,0.0,0.0,,,,,18473,global,0.4
4,5,lr1e-05_bs32_modL1_fusion32_fusionL1_fusionBN0_drop0p2__wd1e-04trmiss40_trlocglobal,32,1e-05,0.0001,1,32,1,False,0.2,lr1e-05_bs32_modL1_fusion32_fusionL1_fusionBN0_drop0p2__wd1e-04trmiss40_trlocglobal,33,0.6659308473269144,0.6838879883289337,0.6051587301587302,0.6137948172011787,0.5333333333333333,0.0,0.0,0.0,0.0,0.0,0.0,0.0,0.0,0.0,,,,,18473,global,0.4
4,5,lr1e-05_bs32_modL1_fusion32_fusionL1_fusionBN0_drop0p2__wd1e-04trmiss40_trlocglobal,32,1e-05,0.0001,1,32,1,False,0.2,lr1e-05_bs32_modL1_fusion32_fusionL1_fusionBN0_drop0p2__wd1e-04trmiss40_trlocglobal,34,0.6577220062414805,0.6841967105865479,0.6031746031746033,0.6132358741117478,0.5333333333333333,0.0,0.0,0.0,0.0,0.0,0.0,0.0,0.0,0.0,,,,,18473,global,0.4
4,5,lr1e-05_bs32_modL1_fusion32_fusionL1_fusionBN0_drop0p2__wd1e-04trmiss40_trlocglobal,32,1e-05,0.0001,1,32,1,False,0.2,lr1e-05_bs32_modL1_fusion32_fusionL1_fusionBN0_drop0p2__wd1e-04trmiss40_trlocglobal,35,0.6661295096079508,0.6842672526836395,0.6031746031746031,0.6160465823210629,0.5333333333333333,0.0,0.0,0.0,0.0,0.0,0.0,0.0,0.0,0.0,,,,,18473,global,0.4
4,5,lr1e-05_bs32_modL1_fusion32_fusionL1_fusionBN0_drop0p2__wd1e-04trmiss40_trlocglobal,32,1e-05,0.0001,1,32,1,False,0.2,lr1e-05_bs32_modL1_fusion32_fusionL1_fusionBN0_drop0p2__wd1e-04trmiss40_trlocglobal,36,0.6727381348609924,0.684298038482666,0.6011904761904763,0.6157496103754841,0.5333333333333333,0.0,0.0,0.0,0.0,0.0,0.0,0.0,0.0,0.0,,,,,18473,global,0.4
4,5,lr1e-05_bs32_modL1_fusion32_fusionL1_fusionBN0_drop0p2__wd1e-04trmiss40_trlocglobal,32,1e-05,0.0001,1,32,1,False,0.2,lr1e-05_bs32_modL1_fusion32_fusionL1_fusionBN0_drop0p2__wd1e-04trmiss40_trlocglobal,37,0.6684548954168955,0.6842489242553711,0.6031746031746033,0.6167139320015705,0.5333333333333333,0.0,0.0,0.0,0.0,0.0,0.0,0.0,0.0,0.0,,,,,18473,global,0.4
4,5,lr1e-05_bs32_modL1_fusion32_fusionL1_fusionBN0_drop0p2__wd1e-04trmiss40_trlocglobal,32,1e-05,0.0001,1,32,1,False,0.2,lr1e-05_bs32_modL1_fusion32_fusionL1_fusionBN0_drop0p2__wd1e-04trmiss40_trlocglobal,38,0.667563259601593,0.684383898973465,0.6031746031746033,0.6172110318009958,0.5333333333333333,0.0,0.0,0.0,0.0,0.0,0.0,0.0,0.0,0.0,,,,,18473,global,0.4
4,5,lr1e-05_bs32_modL1_fusion32_fusionL1_fusionBN0_drop0p2__wd1e-04trmiss40_trlocglobal,32,1e-05,0.0001,1,32,1,False,0.2,lr1e-05_bs32_modL1_fusion32_fusionL1_fusionBN0_drop0p2__wd1e-04trmiss40_trlocglobal,39,0.6651530563831329,0.6844850778579712,0.6051587301587301,0.6191730958978382,0.5333333333333333,0.0,0.0,0.0,0.0,0.0,0.0,0.0,0.0,0.0,,,,,18473,global,0.4
4,5,lr1e-05_bs32_modL1_fusion32_fusionL1_fusionBN0_drop0p2__wd1e-04trmiss40_trlocglobal,32,1e-05,0.0001,1,32,1,False,0.2,lr1e-05_bs32_modL1_fusion32_fusionL1_fusionBN0_drop0p2__wd1e-04trmiss40_trlocglobal,40,0.6615015765031179,0.6845601797103882,0.6051587301587302,0.6194006858482103,0.5333333333333333,0.0,0.0,0.0,0.0,0.0,0.0,0.0,0.0,0.0,,,,,18473,global,0.4
4,5,lr1e-05_bs32_modL1_fusion32_fusionL1_fusionBN0_drop0p2__wd1e-04trmiss40_trlocglobal,32,1e-05,0.0001,1,32,1,False,0.2,lr1e-05_bs32_modL1_fusion32_fusionL1_fusionBN0_drop0p2__wd1e-04trmiss40_trlocglobal,41,0.661289264758428,0.6846691370010376,0.6031746031746031,0.6312725056483656,0.5333333333333333,0.0,0.0,0.0,0.0,0.0,0.0,0.0,0.0,0.0,,,,,18473,global,0.4
4,5,lr1e-05_bs32_modL1_fusion32_fusionL1_fusionBN0_drop0p2__wd1e-04trmiss40_trlocglobal,32,1e-05,0.0001,1,32,1,False,0.2,lr1e-05_bs32_modL1_fusion32_fusionL1_fusionBN0_drop0p2__wd1e-04trmiss40_trlocglobal,42,0.6659906903902689,0.6841097176074982,0.6051587301587301,0.6314752521106728,0.5555555555555556,0.0,0.0,0.0,0.0,0.0,0.0,0.0,0.0,0.0,,,,,18473,global,0.4
4,5,lr1e-05_bs32_modL1_fusion32_fusionL1_fusionBN0_drop0p2__wd1e-04trmiss40_trlocglobal,32,1e-05,0.0001,1,32,1,False,0.2,lr1e-05_bs32_modL1_fusion32_fusionL1_fusionBN0_drop0p2__wd1e-04trmiss40_trlocglobal,43,0.6621161699295044,0.683959037065506,0.6130952380952381,0.6365118791569981,0.5555555555555556,0.0,0.0,0.0,0.0,0.0,0.0,0.0,0.0,0.0,,,,,18473,global,0.4
4,5,lr1e-05_bs32_modL1_fusion32_fusionL1_fusionBN0_drop0p2__wd1e-04trmiss40_trlocglobal,32,1e-05,0.0001,1,32,1,False,0.2,lr1e-05_bs32_modL1_fusion32_fusionL1_fusionBN0_drop0p2__wd1e-04trmiss40_trlocglobal,44,0.6656225323677063,0.6837496161460876,0.6150793650793651,0.6383782105702204,0.5555555555555556,0.0,0.0,0.0,0.0,0.0,0.0,0.0,0.0,0.0,,,,,18473,global,0.4
4,5,lr1e-05_bs32_modL1_fusion32_fusionL1_fusionBN0_drop0p2__wd1e-04trmiss40_trlocglobal,32,1e-05,0.0001,1,32,1,False,0.2,lr1e-05_bs32_modL1_fusion32_fusionL1_fusionBN0_drop0p2__wd1e-04trmiss40_trlocglobal,45,0.6488387684027354,0.683417409658432,0.6091269841269842,0.6317045696640988,0.5555555555555556,0.0,0.0,0.0,0.0,0.0,0.0,0.0,0.0,0.0,,,,,18473,global,0.4
4,5,lr1e-05_bs32_modL1_fusion32_fusionL1_fusionBN0_drop0p2__wd1e-04trmiss40_trlocglobal,32,1e-05,0.0001,1,32,1,False,0.2,lr1e-05_bs32_modL1_fusion32_fusionL1_fusionBN0_drop0p2__wd1e-04trmiss40_trlocglobal,46,0.6611072520414988,0.6835728287696838,0.6051587301587302,0.6284851064666886,0.5555555555555556,0.0,0.0,0.0,0.0,0.0,0.0,0.0,0.0,0.0,,,,,18473,global,0.4
4,5,lr1e-05_bs32_modL1_fusion32_fusionL1_fusionBN0_drop0p2__wd1e-04trmiss40_trlocglobal,32,1e-05,0.0001,1,32,1,False,0.2,lr1e-05_bs32_modL1_fusion32_fusionL1_fusionBN0_drop0p2__wd1e-04trmiss40_trlocglobal,47,0.6645929515361786,0.6835333704948425,0.6071428571428572,0.6321209007490346,0.5555555555555556,0.0,0.0,0.0,0.0,0.0,0.0,0.0,0.0,0.0,,,,,18473,global,0.4
4,5,lr1e-05_bs32_modL1_fusion32_fusionL1_fusionBN0_drop0p2__wd1e-04trmiss40_trlocglobal,32,1e-05,0.0001,1,32,1,False,0.2,lr1e-05_bs32_modL1_fusion32_fusionL1_fusionBN0_drop0p2__wd1e-04trmiss40_trlocglobal,48,0.6572256584962209,0.6831629872322083,0.6150793650793651,0.6373684985624463,0.5555555555555556,0.0,0.0,0.0,0.0,0.0,0.0,0.0,0.0,0.0,,,,,18473,global,0.4
4,5,lr1e-05_bs32_modL1_fusion32_fusionL1_fusionBN0_drop0p2__wd1e-04trmiss40_trlocglobal,32,1e-05,0.0001,1,32,1,False,0.2,lr1e-05_bs32_modL1_fusion32_fusionL1_fusionBN0_drop0p2__wd1e-04trmiss40_trlocglobal,49,0.6595933636029562,0.6829631626605988,0.6170634920634921,0.6378600943722795,0.5555555555555556,0.0,0.0,0.0,0.0,0.0,0.0,0.0,0.0,0.0,,,,,18473,global,0.4
4,5,lr1e-05_bs32_modL1_fusion32_fusionL1_fusionBN0_drop0p2__wd1e-04trmiss40_trlocglobal,32,1e-05,0.0001,1,32,1,False,0.2,lr1e-05_bs32_modL1_fusion32_fusionL1_fusionBN0_drop0p2__wd1e-04trmiss40_trlocglobal,50,0.6565820276737213,0.6827448904514313,0.615079365079365,0.6376307682212676,0.5555555555555556,0.0,0.0,0.0,0.0,0.0,0.0,0.0,0.0,0.0,,,,,18473,global,0.4
4,5,lr1e-05_bs32_modL1_fusion32_fusionL1_fusionBN0_drop0p2__wd1e-04trmiss40_trlocglobal,32,1e-05,0.0001,1,32,1,False,0.2,lr1e-05_bs32_modL1_fusion32_fusionL1_fusionBN0_drop0p2__wd1e-04trmiss40_trlocglobal,51,0.6600107252597809,0.6826939582824707,0.6170634920634921,0.6425910856815852,0.5555555555555556,0.0,0.0,0.0,0.0,0.0,0.0,0.0,0.0,0.0,,,,,18473,global,0.4
4,5,lr1e-05_bs32_modL1_fusion32_fusionL1_fusionBN0_drop0p2__wd1e-04trmiss40_trlocglobal,32,1e-05,0.0001,1,32,1,False,0.2,lr1e-05_bs32_modL1_fusion32_fusionL1_fusionBN0_drop0p2__wd1e-04trmiss40_trlocglobal,52,0.6517613132794698,0.6830281019210815,0.6190476190476191,0.6435010473674089,0.5555555555555556,0.0,0.0,0.0,0.0,0.0,0.0,0.0,0.0,0.0,,,,,18473,global,0.4
4,5,lr1e-05_bs32_modL1_fusion32_fusionL1_fusionBN0_drop0p2__wd1e-04trmiss40_trlocglobal,32,1e-05,0.0001,1,32,1,False,0.2,lr1e-05_bs32_modL1_fusion32_fusionL1_fusionBN0_drop0p2__wd1e-04trmiss40_trlocglobal,53,0.6613314549128214,0.6838107407093048,0.613095238095238,0.634059485842514,0.5555555555555556,0.0,0.0,0.0,0.0,0.0,0.0,0.0,0.0,0.0,,,,,18473,global,0.4
4,5,lr1e-05_bs32_modL1_fusion32_fusionL1_fusionBN0_drop0p2__wd1e-04trmiss40_trlocglobal,32,1e-05,0.0001,1,32,1,False,0.2,lr1e-05_bs32_modL1_fusion32_fusionL1_fusionBN0_drop0p2__wd1e-04trmiss40_trlocglobal,54,0.6541625161965688,0.683967798948288,0.6170634920634921,0.6424920255250537,0.5555555555555556,0.0,0.0,0.0,0.0,0.0,0.0,0.0,0.0,0.0,,,,,18473,global,0.4
4,5,lr1e-05_bs32_modL1_fusion32_fusionL1_fusionBN0_drop0p2__wd1e-04trmiss40_trlocglobal,32,1e-05,0.0001,1,32,1,False,0.2,lr1e-05_bs32_modL1_fusion32_fusionL1_fusionBN0_drop0p2__wd1e-04trmiss40_trlocglobal,55,0.6512346069018046,0.683894008398056,0.6170634920634921,0.6424920255250537,0.5555555555555556,0.0,0.0,0.0,0.0,0.0,0.0,0.0,0.0,0.0,,,,,18473,global,0.4
4,5,lr1e-05_bs32_modL1_fusion32_fusionL1_fusionBN0_drop0p2__wd1e-04trmiss40_trlocglobal,32,1e-05,0.0001,1,32,1,False,0.2,lr1e-05_bs32_modL1_fusion32_fusionL1_fusionBN0_drop0p2__wd1e-04trmiss40_trlocglobal,56,0.6431559920310974,0.6833255290985107,0.6130952380952381,0.6404029600559594,0.5555555555555556,0.0,0.0,0.0,0.0,0.0,0.0,0.0,0.0,0.0,,,,,18473,global,0.4
4,5,lr1e-05_bs32_modL1_fusion32_fusionL1_fusionBN0_drop0p2__wd1e-04trmiss40_trlocglobal,32,1e-05,0.0001,1,32,1,False,0.2,lr1e-05_bs32_modL1_fusion32_fusionL1_fusionBN0_drop0p2__wd1e-04trmiss40_trlocglobal,57,0.6537658472855886,0.6833209693431854,0.6111111111111112,0.6395726136095491,0.5555555555555556,0.0,0.0,0.0,0.0,0.0,0.0,0.0,0.0,0.0,,,,,18473,global,0.4
4,5,lr1e-05_bs32_modL1_fusion32_fusionL1_fusionBN0_drop0p2__wd1e-04trmiss40_trlocglobal,32,1e-05,0.0001,1,32,1,False,0.2,lr1e-05_bs32_modL1_fusion32_fusionL1_fusionBN0_drop0p2__wd1e-04trmiss40_trlocglobal,58,0.6555987199147543,0.6836583018302917,0.6111111111111112,0.6397715731475891,0.5555555555555556,0.0,0.0,0.0,0.0,0.0,0.0,0.0,0.0,0.0,,,,,18473,global,0.4
4,5,lr1e-05_bs32_modL1_fusion32_fusionL1_fusionBN0_drop0p2__wd1e-04trmiss40_trlocglobal,32,1e-05,0.0001,1,32,1,False,0.2,lr1e-05_bs32_modL1_fusion32_fusionL1_fusionBN0_drop0p2__wd1e-04trmiss40_trlocglobal,59,0.6529352764288584,0.6835177540779114,0.6150793650793651,0.6413129217417832,0.5555555555555556,0.0,0.0,0.0,0.0,0.0,0.0,0.0,0.0,0.0,,,,,18473,global,0.4
4,5,lr1e-05_bs32_modL1_fusion32_fusionL1_fusionBN0_drop0p2__wd1e-04trmiss40_trlocglobal,32,1e-05,0.0001,1,32,1,False,0.2,lr1e-05_bs32_modL1_fusion32_fusionL1_fusionBN0_drop0p2__wd1e-04trmiss40_trlocglobal,60,0.6592892607053121,0.6826142370700836,0.6170634920634921,0.6425480996073959,0.5555555555555556,0.0,0.0,0.0,0.0,0.0,0.0,0.0,0.0,0.0,,,,,18473,global,0.4
4,5,lr1e-05_bs32_modL1_fusion32_fusionL1_fusionBN0_drop0p2__wd1e-04trmiss40_trlocglobal,32,1e-05,0.0001,1,32,1,False,0.2,lr1e-05_bs32_modL1_fusion32_fusionL1_fusionBN0_drop0p2__wd1e-04trmiss40_trlocglobal,61,0.6576031347115835,0.6828988790512085,0.6170634920634921,0.6426413984811826,0.5555555555555556,0.0,0.0,0.0,0.0,0.0,0.0,0.0,0.0,0.0,,,,,18473,global,0.4
4,5,lr1e-05_bs32_modL1_fusion32_fusionL1_fusionBN0_drop0p2__wd1e-04trmiss40_trlocglobal,32,1e-05,0.0001,1,32,1,False,0.2,lr1e-05_bs32_modL1_fusion32_fusionL1_fusionBN0_drop0p2__wd1e-04trmiss40_trlocglobal,62,0.6549523870150248,0.682843416929245,0.6190476190476191,0.6471056841954683,0.5555555555555556,0.0,0.0,0.0,0.0,0.0,0.0,0.0,0.0,0.0,,,,,18473,global,0.4
4,5,lr1e-05_bs32_modL1_fusion32_fusionL1_fusionBN0_drop0p2__wd1e-04trmiss40_trlocglobal,32,1e-05,0.0001,1,32,1,False,0.2,lr1e-05_bs32_modL1_fusion32_fusionL1_fusionBN0_drop0p2__wd1e-04trmiss40_trlocglobal,63,0.6523854037125906,0.6827764213085175,0.6150793650793651,0.642015772855557,0.5555555555555556,0.0,0.0,0.0,0.0,0.0,0.0,0.0,0.0,0.0,,,,,18473,global,0.4
4,5,lr1e-05_bs32_modL1_fusion32_fusionL1_fusionBN0_drop0p2__wd1e-04trmiss40_trlocglobal,32,1e-05,0.0001,1,32,1,False,0.2,lr1e-05_bs32_modL1_fusion32_fusionL1_fusionBN0_drop0p2__wd1e-04trmiss40_trlocglobal,64,0.6509258051713308,0.6828832030296326,0.6150793650793651,0.642015772855557,0.5555555555555556,0.0,0.0,0.0,0.0,0.0,0.0,0.0,0.0,0.0,,,,,18473,global,0.4
4,5,lr1e-05_bs32_modL1_fusion32_fusionL1_fusionBN0_drop0p2__wd1e-04trmiss40_trlocglobal,32,1e-05,0.0001,1,32,1,False,0.2,lr1e-05_bs32_modL1_fusion32_fusionL1_fusionBN0_drop0p2__wd1e-04trmiss40_trlocglobal,65,0.6619954208532969,0.6829504072666168,0.6170634920634921,0.6431268839666681,0.5555555555555556,0.0,0.0,0.0,0.0,0.0,0.0,0.0,0.0,0.0,,,,,18473,global,0.4
4,5,lr1e-05_bs32_modL1_fusion32_fusionL1_fusionBN0_drop0p2__wd1e-04trmiss40_trlocglobal,32,1e-05,0.0001,1,32,1,False,0.2,lr1e-05_bs32_modL1_fusion32_fusionL1_fusionBN0_drop0p2__wd1e-04trmiss40_trlocglobal,66,0.6501428484916687,0.6830912530422211,0.6170634920634921,0.6431268839666681,0.5555555555555556,0.0,0.0,0.0,0.0,0.0,0.0,0.0,0.0,0.0,,,,,18473,global,0.4
4,5,lr1e-05_bs32_modL1_fusion32_fusionL1_fusionBN0_drop0p2__wd1e-04trmiss40_trlocglobal,32,1e-05,0.0001,1,32,1,False,0.2,lr1e-05_bs32_modL1_fusion32_fusionL1_fusionBN0_drop0p2__wd1e-04trmiss40_trlocglobal,67,0.647502193848292,0.6832724511623383,0.6150793650793651,0.642015772855557,0.5555555555555556,0.0,0.0,0.0,0.0,0.0,0.0,0.0,0.0,0.0,,,,,18473,global,0.4
4,5,lr1e-05_bs32_modL1_fusion32_fusionL1_fusionBN0_drop0p2__wd1e-04trmiss40_trlocglobal,32,1e-05,0.0001,1,32,1,False,0.2,lr1e-05_bs32_modL1_fusion32_fusionL1_fusionBN0_drop0p2__wd1e-04trmiss40_trlocglobal,68,0.6496795117855072,0.6826177537441254,0.6170634920634921,0.6431268839666681,0.5555555555555556,0.0,0.0,0.0,0.0,0.0,0.0,0.0,0.0,0.0,,,,,18473,global,0.4
4,5,lr1e-05_bs32_modL1_fusion32_fusionL1_fusionBN0_drop0p2__wd1e-04trmiss40_trlocglobal,32,1e-05,0.0001,1,32,1,False,0.2,lr1e-05_bs32_modL1_fusion32_fusionL1_fusionBN0_drop0p2__wd1e-04trmiss40_trlocglobal,69,0.6514125565687815,0.6829593479633331,0.6170634920634921,0.6464800585698427,0.5555555555555556,0.0,0.0,0.0,0.0,0.0,0.0,0.0,0.0,0.0,,,,,18473,global,0.4
4,5,lr1e-05_bs32_modL1_fusion32_fusionL1_fusionBN0_drop0p2__wd1e-04trmiss40_trlocglobal,32,1e-05,0.0001,1,32,1,False,0.2,lr1e-05_bs32_modL1_fusion32_fusionL1_fusionBN0_drop0p2__wd1e-04trmiss40_trlocglobal,70,0.6519858737786611,0.682919442653656,0.619047619047619,0.6470123853216816,0.5555555555555556,0.0,0.0,0.0,0.0,0.0,0.0,0.0,0.0,0.0,,,,,18473,global,0.4
4,5,lr1e-05_bs32_modL1_fusion32_fusionL1_fusionBN0_drop0p2__wd1e-04trmiss40_trlocglobal,32,1e-05,0.0001,1,32,1,False,0.2,lr1e-05_bs32_modL1_fusion32_fusionL1_fusionBN0_drop0p2__wd1e-04trmiss40_trlocglobal,71,0.6565592984358469,0.6828499138355255,0.621031746031746,0.6447489543082506,0.5555555555555556,0.0,0.0,0.0,0.0,0.0,0.0,0.0,0.0,0.0,,,,,18473,global,0.4
4,5,lr1e-05_bs32_modL1_fusion32_fusionL1_fusionBN0_drop0p2__wd1e-04trmiss40_trlocglobal,32,1e-05,0.0001,1,32,1,False,0.2,lr1e-05_bs32_modL1_fusion32_fusionL1_fusionBN0_drop0p2__wd1e-04trmiss40_trlocglobal,72,0.6484480996926626,0.682939350605011,0.6170634920634921,0.6425480996073959,0.5555555555555556,0.0,0.0,0.0,0.0,0.0,0.0,0.0,0.0,0.0,,,,,18473,global,0.4
4,5,lr1e-05_bs32_modL1_fusion32_fusionL1_fusionBN0_drop0p2__wd1e-04trmiss40_trlocglobal,32,1e-05,0.0001,1,32,1,False,0.2,lr1e-05_bs32_modL1_fusion32_fusionL1_fusionBN0_drop0p2__wd1e-04trmiss40_trlocglobal,73,0.6547640164693197,0.6825911402702332,0.6190476190476191,0.643659210718507,0.5555555555555556,0.0,0.0,0.0,0.0,0.0,0.0,0.0,0.0,0.0,,,,,18473,global,0.4
4,5,lr1e-05_bs32_modL1_fusion32_fusionL1_fusionBN0_drop0p2__wd1e-04trmiss40_trlocglobal,32,1e-05,0.0001,1,32,1,False,0.2,lr1e-05_bs32_modL1_fusion32_fusionL1_fusionBN0_drop0p2__wd1e-04trmiss40_trlocglobal,74,0.6511881152788798,0.6824614703655243,0.6170634920634921,0.6386988932581895,0.5555555555555556,0.0,0.0,0.0,0.0,0.0,0.0,0.0,0.0,0.0,,,,,18473,global,0.4
4,5,lr1e-05_bs32_modL1_fusion32_fusionL1_fusionBN0_drop0p2__wd1e-04trmiss40_trlocglobal,32,1e-05,0.0001,1,32,1,False,0.2,lr1e-05_bs32_modL1_fusion32_fusionL1_fusionBN0_drop0p2__wd1e-04trmiss40_trlocglobal,75,0.6573457817236582,0.6827000975608826,0.6170634920634921,0.6425480996073959,0.5555555555555556,0.0,0.0,0.0,0.0,0.0,0.0,0.0,0.0,0.0,,,,,18473,global,0.4
4,5,lr1e-05_bs32_modL1_fusion32_fusionL1_fusionBN0_drop0p2__wd1e-04trmiss40_trlocglobal,32,1e-05,0.0001,1,32,1,False,0.2,lr1e-05_bs32_modL1_fusion32_fusionL1_fusionBN0_drop0p2__wd1e-04trmiss40_trlocglobal,76,0.6475852529207865,0.6826888620853424,0.6170634920634921,0.6431268839666681,0.5555555555555556,0.0,0.0,0.0,0.0,0.0,0.0,0.0,0.0,0.0,,,,,18473,global,0.4
4,5,lr1e-05_bs32_modL1_fusion32_fusionL1_fusionBN0_drop0p2__wd1e-04trmiss40_trlocglobal,32,1e-05,0.0001,1,32,1,False,0.2,lr1e-05_bs32_modL1_fusion32_fusionL1_fusionBN0_drop0p2__wd1e-04trmiss40_trlocglobal,77,0.6546576023101807,0.6823886930942535,0.6190476190476191,0.6475911696809539,0.5555555555555556,0.0,0.0,0.0,0.0,0.0,0.0,0.0,0.0,0.0,,,,,18473,global,0.4
4,5,lr1e-05_bs32_modL1_fusion32_fusionL1_fusionBN0_drop0p2__wd1e-04trmiss40_trlocglobal,32,1e-05,0.0001,1,32,1,False,0.2,lr1e-05_bs32_modL1_fusion32_fusionL1_fusionBN0_drop0p2__wd1e-04trmiss40_trlocglobal,78,0.6516708632310232,0.6825778186321259,0.6150793650793651,0.6381665665063506,0.5555555555555556,0.0,0.0,0.0,0.0,0.0,0.0,0.0,0.0,0.0,,,,,18473,global,0.4
4,5,lr1e-05_bs32_modL1_fusion32_fusionL1_fusionBN0_drop0p2__wd1e-04trmiss40_trlocglobal,32,1e-05,0.0001,1,32,1,False,0.2,lr1e-05_bs32_modL1_fusion32_fusionL1_fusionBN0_drop0p2__wd1e-04trmiss40_trlocglobal,79,0.6527089178562164,0.6827836036682129,0.6170634920634921,0.6431268839666681,0.5555555555555556,0.0,0.0,0.0,0.0,0.0,0.0,0.0,0.0,0.0,,,,,18473,global,0.4
4,5,lr1e-05_bs32_modL1_fusion32_fusionL1_fusionBN0_drop0p2__wd1e-04trmiss40_trlocglobal,32,1e-05,0.0001,1,32,1,False,0.2,lr1e-05_bs32_modL1_fusion32_fusionL1_fusionBN0_drop0p2__wd1e-04trmiss40_trlocglobal,80,0.6447460254033407,0.682552695274353,0.6170634920634921,0.6431268839666681,0.5555555555555556,0.0,0.0,0.0,0.0,0.0,0.0,0.0,0.0,0.0,,,,,18473,global,0.4
4,5,lr1e-05_bs32_modL1_fusion32_fusionL1_fusionBN0_drop0p1__wd1e-04trmiss40_trlocglobal,32,1e-05,0.0001,1,32,1,False,0.1,lr1e-05_bs32_modL1_fusion32_fusionL1_fusionBN0_drop0p1__wd1e-04trmiss40_trlocglobal,1,0.691158801317215,0.6845238208770752,0.6031746031746033,0.6821770365204939,0.6,0.0,0.0,0.0,0.0,0.0,0.0,0.0,0.0,0.0,,,,,18473,global,0.4
4,5,lr1e-05_bs32_modL1_fusion32_fusionL1_fusionBN0_drop0p1__wd1e-04trmiss40_trlocglobal,32,1e-05,0.0001,1,32,1,False,0.1,lr1e-05_bs32_modL1_fusion32_fusionL1_fusionBN0_drop0p1__wd1e-04trmiss40_trlocglobal,2,0.693441907564799,0.6835222840309143,0.5972222222222222,0.6759728496145526,0.6222222222222222,0.0,0.0,0.0,0.0,0.0,0.0,0.0,0.0,0.0,,,,,18473,global,0.4
4,5,lr1e-05_bs32_modL1_fusion32_fusionL1_fusionBN0_drop0p1__wd1e-04trmiss40_trlocglobal,32,1e-05,0.0001,1,32,1,False,0.1,lr1e-05_bs32_modL1_fusion32_fusionL1_fusionBN0_drop0p1__wd1e-04trmiss40_trlocglobal,3,0.6865862409273783,0.6822890937328339,0.6031746031746033,0.6976124414567337,0.5777777777777777,0.0,0.0,0.0,0.0,0.0,0.0,0.0,0.0,0.0,,,,,18473,global,0.4
4,5,lr1e-05_bs32_modL1_fusion32_fusionL1_fusionBN0_drop0p1__wd1e-04trmiss40_trlocglobal,32,1e-05,0.0001,1,32,1,False,0.1,lr1e-05_bs32_modL1_fusion32_fusionL1_fusionBN0_drop0p1__wd1e-04trmiss40_trlocglobal,4,0.6871136426925659,0.680452436208725,0.626984126984127,0.7122807180983164,0.5555555555555556,0.0,0.0,0.0,0.0,0.0,0.0,0.0,0.0,0.0,,,,,18473,global,0.4
4,5,lr1e-05_bs32_modL1_fusion32_fusionL1_fusionBN0_drop0p1__wd1e-04trmiss40_trlocglobal,32,1e-05,0.0001,1,32,1,False,0.1,lr1e-05_bs32_modL1_fusion32_fusionL1_fusionBN0_drop0p1__wd1e-04trmiss40_trlocglobal,5,0.6745892961819967,0.6790832281112671,0.632936507936508,0.7248829902868801,0.5333333333333333,0.0,0.0,0.0,0.0,0.0,0.0,0.0,0.0,0.0,,,,,18473,global,0.4
4,5,lr1e-05_bs32_modL1_fusion32_fusionL1_fusionBN0_drop0p1__wd1e-04trmiss40_trlocglobal,32,1e-05,0.0001,1,32,1,False,0.1,lr1e-05_bs32_modL1_fusion32_fusionL1_fusionBN0_drop0p1__wd1e-04trmiss40_trlocglobal,6,0.6775259077548981,0.6778410971164703,0.628968253968254,0.7231067186282343,0.5333333333333333,0.0,0.0,0.0,0.0,0.0,0.0,0.0,0.0,0.0,,,,,18473,global,0.4
4,5,lr1e-05_bs32_modL1_fusion32_fusionL1_fusionBN0_drop0p1__wd1e-04trmiss40_trlocglobal,32,1e-05,0.0001,1,32,1,False,0.1,lr1e-05_bs32_modL1_fusion32_fusionL1_fusionBN0_drop0p1__wd1e-04trmiss40_trlocglobal,7,0.6778925955295563,0.6774195730686188,0.6369047619047619,0.7303926544285857,0.5555555555555556,0.0,0.0,0.0,0.0,0.0,0.0,0.0,0.0,0.0,,,,,18473,global,0.4
4,5,lr1e-05_bs32_modL1_fusion32_fusionL1_fusionBN0_drop0p1__wd1e-04trmiss40_trlocglobal,32,1e-05,0.0001,1,32,1,False,0.1,lr1e-05_bs32_modL1_fusion32_fusionL1_fusionBN0_drop0p1__wd1e-04trmiss40_trlocglobal,8,0.672602524360021,0.6761131584644318,0.6408730158730159,0.7314556197924584,0.5777777777777777,0.0,0.0,0.0,0.0,0.0,0.0,0.0,0.0,0.0,,,,,18473,global,0.4
4,5,lr1e-05_bs32_modL1_fusion32_fusionL1_fusionBN0_drop0p1__wd1e-04trmiss40_trlocglobal,32,1e-05,0.0001,1,32,1,False,0.1,lr1e-05_bs32_modL1_fusion32_fusionL1_fusionBN0_drop0p1__wd1e-04trmiss40_trlocglobal,9,0.679295688867569,0.6755954325199127,0.636904761904762,0.7293137743866982,0.5555555555555556,0.0,0.0,0.0,0.0,0.0,0.0,0.0,0.0,0.0,,,,,18473,global,0.4
4,5,lr1e-05_bs32_modL1_fusion32_fusionL1_fusionBN0_drop0p1__wd1e-04trmiss40_trlocglobal,32,1e-05,0.0001,1,32,1,False,0.1,lr1e-05_bs32_modL1_fusion32_fusionL1_fusionBN0_drop0p1__wd1e-04trmiss40_trlocglobal,10,0.6705814401308695,0.6748273074626923,0.6488095238095238,0.7340544890003118,0.5555555555555556,0.0,0.0,0.0,0.0,0.0,0.0,0.0,0.0,0.0,,,,,18473,global,0.4
4,5,lr1e-05_bs32_modL1_fusion32_fusionL1_fusionBN0_drop0p1__wd1e-04trmiss40_trlocglobal,32,1e-05,0.0001,1,32,1,False,0.1,lr1e-05_bs32_modL1_fusion32_fusionL1_fusionBN0_drop0p1__wd1e-04trmiss40_trlocglobal,11,0.6686395108699799,0.6742188334465027,0.6527777777777778,0.735781374399809,0.5555555555555556,0.0,0.0,0.0,0.0,0.0,0.0,0.0,0.0,0.0,,,,,18473,global,0.4
4,5,lr1e-05_bs32_modL1_fusion32_fusionL1_fusionBN0_drop0p1__wd1e-04trmiss40_trlocglobal,32,1e-05,0.0001,1,32,1,False,0.1,lr1e-05_bs32_modL1_fusion32_fusionL1_fusionBN0_drop0p1__wd1e-04trmiss40_trlocglobal,12,0.6702198882897695,0.6733508110046387,0.6686507936507936,0.7445020095375279,0.5555555555555556,0.0,0.0,0.0,0.0,0.0,0.0,0.0,0.0,0.0,,,,,18473,global,0.4
4,5,lr1e-05_bs32_modL1_fusion32_fusionL1_fusionBN0_drop0p1__wd1e-04trmiss40_trlocglobal,32,1e-05,0.0001,1,32,1,False,0.1,lr1e-05_bs32_modL1_fusion32_fusionL1_fusionBN0_drop0p1__wd1e-04trmiss40_trlocglobal,13,0.6620819171269735,0.6725563406944275,0.6706349206349207,0.7488376699971604,0.5555555555555556,0.0,0.0,0.0,0.0,0.0,0.0,0.0,0.0,0.0,,,,,18473,global,0.4
4,5,lr1e-05_bs32_modL1_fusion32_fusionL1_fusionBN0_drop0p1__wd1e-04trmiss40_trlocglobal,32,1e-05,0.0001,1,32,1,False,0.1,lr1e-05_bs32_modL1_fusion32_fusionL1_fusionBN0_drop0p1__wd1e-04trmiss40_trlocglobal,14,0.6634962658087412,0.6719641983509064,0.6746031746031745,0.7566710436104451,0.5777777777777777,0.0,0.0,0.0,0.0,0.0,0.0,0.0,0.0,0.0,,,,,18473,global,0.4
4,5,lr1e-05_bs32_modL1_fusion32_fusionL1_fusionBN0_drop0p1__wd1e-04trmiss40_trlocglobal,32,1e-05,0.0001,1,32,1,False,0.1,lr1e-05_bs32_modL1_fusion32_fusionL1_fusionBN0_drop0p1__wd1e-04trmiss40_trlocglobal,15,0.6585661272207896,0.6712446510791779,0.6805555555555555,0.7596354871710056,0.5555555555555556,0.0,0.0,0.0,0.0,0.0,0.0,0.0,0.0,0.0,,,,,18473,global,0.4
4,5,lr1e-05_bs32_modL1_fusion32_fusionL1_fusionBN0_drop0p1__wd1e-04trmiss40_trlocglobal,32,1e-05,0.0001,1,32,1,False,0.1,lr1e-05_bs32_modL1_fusion32_fusionL1_fusionBN0_drop0p1__wd1e-04trmiss40_trlocglobal,16,0.6548762619495392,0.6705546677112579,0.6805555555555556,0.7624822564545564,0.5555555555555556,0.0,0.0,0.0,0.0,0.0,0.0,0.0,0.0,0.0,,,,,18473,global,0.4
4,5,lr1e-05_bs32_modL1_fusion32_fusionL1_fusionBN0_drop0p1__wd1e-04trmiss40_trlocglobal,32,1e-05,0.0001,1,32,1,False,0.1,lr1e-05_bs32_modL1_fusion32_fusionL1_fusionBN0_drop0p1__wd1e-04trmiss40_trlocglobal,17,0.6586177150408427,0.6703303456306458,0.6865079365079365,0.7673268046219763,0.5555555555555556,0.0,0.0,0.0,0.0,0.0,0.0,0.0,0.0,0.0,,,,,18473,global,0.4
4,5,lr1e-05_bs32_modL1_fusion32_fusionL1_fusionBN0_drop0p1__wd1e-04trmiss40_trlocglobal,32,1e-05,0.0001,1,32,1,False,0.1,lr1e-05_bs32_modL1_fusion32_fusionL1_fusionBN0_drop0p1__wd1e-04trmiss40_trlocglobal,18,0.6561965644359589,0.6702735424041748,0.6865079365079365,0.7687240840400893,0.5777777777777777,0.0,0.0,0.0,0.0,0.0,0.0,0.0,0.0,0.0,,,,,18473,global,0.4
4,5,lr1e-05_bs32_modL1_fusion32_fusionL1_fusionBN0_drop0p1__wd1e-04trmiss40_trlocglobal,32,1e-05,0.0001,1,32,1,False,0.1,lr1e-05_bs32_modL1_fusion32_fusionL1_fusionBN0_drop0p1__wd1e-04trmiss40_trlocglobal,19,0.658575693766276,0.6693705916404724,0.6924603174603174,0.7733179917814035,0.5777777777777777,0.0,0.0,0.0,0.0,0.0,0.0,0.0,0.0,0.0,,,,,18473,global,0.4
4,5,lr1e-05_bs32_modL1_fusion32_fusionL1_fusionBN0_drop0p1__wd1e-04trmiss40_trlocglobal,32,1e-05,0.0001,1,32,1,False,0.1,lr1e-05_bs32_modL1_fusion32_fusionL1_fusionBN0_drop0p1__wd1e-04trmiss40_trlocglobal,20,0.6482921143372854,0.6685026586055756,0.6964285714285714,0.7761659424418543,0.5777777777777777,0.0,0.0,0.0,0.0,0.0,0.0,0.0,0.0,0.0,,,,,18473,global,0.4
4,5,lr1e-05_bs32_modL1_fusion32_fusionL1_fusionBN0_drop0p1__wd1e-04trmiss40_trlocglobal,32,1e-05,0.0001,1,32,1,False,0.1,lr1e-05_bs32_modL1_fusion32_fusionL1_fusionBN0_drop0p1__wd1e-04trmiss40_trlocglobal,21,0.6489943961302439,0.668357640504837,0.6944444444444444,0.7765987775805718,0.5777777777777777,0.0,0.0,0.0,0.0,0.0,0.0,0.0,0.0,0.0,,,,,18473,global,0.4
4,5,lr1e-05_bs32_modL1_fusion32_fusionL1_fusionBN0_drop0p1__wd1e-04trmiss40_trlocglobal,32,1e-05,0.0001,1,32,1,False,0.1,lr1e-05_bs32_modL1_fusion32_fusionL1_fusionBN0_drop0p1__wd1e-04trmiss40_trlocglobal,22,0.6543872952461243,0.6676442325115204,0.6924603174603174,0.7732200941370664,0.5777777777777777,0.0,0.0,0.0,0.0,0.0,0.0,0.0,0.0,0.0,,,,,18473,global,0.4
4,5,lr1e-05_bs32_modL1_fusion32_fusionL1_fusionBN0_drop0p1__wd1e-04trmiss40_trlocglobal,32,1e-05,0.0001,1,32,1,False,0.1,lr1e-05_bs32_modL1_fusion32_fusionL1_fusionBN0_drop0p1__wd1e-04trmiss40_trlocglobal,23,0.6472828388214111,0.6673650145530701,0.6924603174603174,0.7757197528867252,0.5777777777777777,0.0,0.0,0.0,0.0,0.0,0.0,0.0,0.0,0.0,,,,,18473,global,0.4
4,5,lr1e-05_bs32_modL1_fusion32_fusionL1_fusionBN0_drop0p1__wd1e-04trmiss40_trlocglobal,32,1e-05,0.0001,1,32,1,False,0.1,lr1e-05_bs32_modL1_fusion32_fusionL1_fusionBN0_drop0p1__wd1e-04trmiss40_trlocglobal,24,0.6400209963321686,0.6664880216121674,0.6924603174603174,0.7757197528867252,0.5777777777777777,0.0,0.0,0.0,0.0,0.0,0.0,0.0,0.0,0.0,,,,,18473,global,0.4
4,5,lr1e-05_bs32_modL1_fusion32_fusionL1_fusionBN0_drop0p1__wd1e-04trmiss40_trlocglobal,32,1e-05,0.0001,1,32,1,False,0.1,lr1e-05_bs32_modL1_fusion32_fusionL1_fusionBN0_drop0p1__wd1e-04trmiss40_trlocglobal,25,0.6398749450842539,0.6655662953853607,0.6944444444444444,0.7773035735494931,0.5777777777777777,0.0,0.0,0.0,0.0,0.0,0.0,0.0,0.0,0.0,,,,,18473,global,0.4
4,5,lr1e-05_bs32_modL1_fusion32_fusionL1_fusionBN0_drop0p1__wd1e-04trmiss40_trlocglobal,32,1e-05,0.0001,1,32,1,False,0.1,lr1e-05_bs32_modL1_fusion32_fusionL1_fusionBN0_drop0p1__wd1e-04trmiss40_trlocglobal,26,0.645345558722814,0.6647766530513763,0.7003968253968254,0.7791931683065463,0.5777777777777777,0.0,0.0,0.0,0.0,0.0,0.0,0.0,0.0,0.0,,,,,18473,global,0.4
4,5,lr1e-05_bs32_modL1_fusion32_fusionL1_fusionBN0_drop0p1__wd1e-04trmiss40_trlocglobal,32,1e-05,0.0001,1,32,1,False,0.1,lr1e-05_bs32_modL1_fusion32_fusionL1_fusionBN0_drop0p1__wd1e-04trmiss40_trlocglobal,27,0.6401742895444235,0.6641067266464233,0.6984126984126984,0.7785412005493153,0.5777777777777777,0.0,0.0,0.0,0.0,0.0,0.0,0.0,0.0,0.0,,,,,18473,global,0.4
4,5,lr1e-05_bs32_modL1_fusion32_fusionL1_fusionBN0_drop0p1__wd1e-04trmiss40_trlocglobal,32,1e-05,0.0001,1,32,1,False,0.1,lr1e-05_bs32_modL1_fusion32_fusionL1_fusionBN0_drop0p1__wd1e-04trmiss40_trlocglobal,28,0.6440413296222687,0.663875162601471,0.7023809523809523,0.7799359251058045,0.5777777777777777,0.0,0.0,0.0,0.0,0.0,0.0,0.0,0.0,0.0,,,,,18473,global,0.4
4,5,lr1e-05_bs32_modL1_fusion32_fusionL1_fusionBN0_drop0p1__wd1e-04trmiss40_trlocglobal,32,1e-05,0.0001,1,32,1,False,0.1,lr1e-05_bs32_modL1_fusion32_fusionL1_fusionBN0_drop0p1__wd1e-04trmiss40_trlocglobal,29,0.6383228699366251,0.6634168028831482,0.7103174603174603,0.7827684867256146,0.5777777777777777,0.0,0.0,0.0,0.0,0.0,0.0,0.0,0.0,0.0,,,,,18473,global,0.4
4,5,lr1e-05_bs32_modL1_fusion32_fusionL1_fusionBN0_drop0p1__wd1e-04trmiss40_trlocglobal,32,1e-05,0.0001,1,32,1,False,0.1,lr1e-05_bs32_modL1_fusion32_fusionL1_fusionBN0_drop0p1__wd1e-04trmiss40_trlocglobal,30,0.6356940070788065,0.6626395881175995,0.7103174603174603,0.7828894646039455,0.6,0.0,0.0,0.0,0.0,0.0,0.0,0.0,0.0,0.0,,,,,18473,global,0.4
4,5,lr1e-05_bs32_modL1_fusion32_fusionL1_fusionBN0_drop0p1__wd1e-04trmiss40_trlocglobal,32,1e-05,0.0001,1,32,1,False,0.1,lr1e-05_bs32_modL1_fusion32_fusionL1_fusionBN0_drop0p1__wd1e-04trmiss40_trlocglobal,31,0.6388343373934428,0.6624723970890045,0.7063492063492063,0.7813858540929819,0.6,0.0,0.0,0.0,0.0,0.0,0.0,0.0,0.0,0.0,,,,,18473,global,0.4
4,5,lr1e-05_bs32_modL1_fusion32_fusionL1_fusionBN0_drop0p1__wd1e-04trmiss40_trlocglobal,32,1e-05,0.0001,1,32,1,False,0.1,lr1e-05_bs32_modL1_fusion32_fusionL1_fusionBN0_drop0p1__wd1e-04trmiss40_trlocglobal,32,0.6396304170290629,0.6619786024093628,0.7103174603174602,0.7808226425371234,0.6,0.0,0.0,0.0,0.0,0.0,0.0,0.0,0.0,0.0,,,,,18473,global,0.4
4,5,lr1e-05_bs32_modL1_fusion32_fusionL1_fusionBN0_drop0p1__wd1e-04trmiss40_trlocglobal,32,1e-05,0.0001,1,32,1,False,0.1,lr1e-05_bs32_modL1_fusion32_fusionL1_fusionBN0_drop0p1__wd1e-04trmiss40_trlocglobal,33,0.6396565834681193,0.6617817580699921,0.7043650793650793,0.7771872095286254,0.6,0.0,0.0,0.0,0.0,0.0,0.0,0.0,0.0,0.0,,,,,18473,global,0.4
4,5,lr1e-05_bs32_modL1_fusion32_fusionL1_fusionBN0_drop0p1__wd1e-04trmiss40_trlocglobal,32,1e-05,0.0001,1,32,1,False,0.1,lr1e-05_bs32_modL1_fusion32_fusionL1_fusionBN0_drop0p1__wd1e-04trmiss40_trlocglobal,34,0.6272405882676443,0.661323606967926,0.7083333333333333,0.7795093846449181,0.5777777777777777,0.0,0.0,0.0,0.0,0.0,0.0,0.0,0.0,0.0,,,,,18473,global,0.4
4,5,lr1e-05_bs32_modL1_fusion32_fusionL1_fusionBN0_drop0p1__wd1e-04trmiss40_trlocglobal,32,1e-05,0.0001,1,32,1,False,0.1,lr1e-05_bs32_modL1_fusion32_fusionL1_fusionBN0_drop0p1__wd1e-04trmiss40_trlocglobal,35,0.6316205660502116,0.6607511043548584,0.7083333333333333,0.7802100853456189,0.5777777777777777,0.0,0.0,0.0,0.0,0.0,0.0,0.0,0.0,0.0,,,,,18473,global,0.4
4,5,lr1e-05_bs32_modL1_fusion32_fusionL1_fusionBN0_drop0p1__wd1e-04trmiss40_trlocglobal,32,1e-05,0.0001,1,32,1,False,0.1,lr1e-05_bs32_modL1_fusion32_fusionL1_fusionBN0_drop0p1__wd1e-04trmiss40_trlocglobal,36,0.633590410153071,0.6609530746936798,0.7023809523809523,0.7762390816406755,0.5777777777777777,0.0,0.0,0.0,0.0,0.0,0.0,0.0,0.0,0.0,,,,,18473,global,0.4
4,5,lr1e-05_bs32_modL1_fusion32_fusionL1_fusionBN0_drop0p1__wd1e-04trmiss40_trlocglobal,32,1e-05,0.0001,1,32,1,False,0.1,lr1e-05_bs32_modL1_fusion32_fusionL1_fusionBN0_drop0p1__wd1e-04trmiss40_trlocglobal,37,0.6359921296437582,0.6605397760868073,0.7023809523809524,0.7768935394133729,0.6,0.0,0.0,0.0,0.0,0.0,0.0,0.0,0.0,0.0,,,,,18473,global,0.4
4,5,lr1e-05_bs32_modL1_fusion32_fusionL1_fusionBN0_drop0p1__wd1e-04trmiss40_trlocglobal,32,1e-05,0.0001,1,32,1,False,0.1,lr1e-05_bs32_modL1_fusion32_fusionL1_fusionBN0_drop0p1__wd1e-04trmiss40_trlocglobal,38,0.6331329842408498,0.6605116426944733,0.7063492063492064,0.778126227263519,0.5777777777777777,0.0,0.0,0.0,0.0,0.0,0.0,0.0,0.0,0.0,,,,,18473,global,0.4
4,5,lr1e-05_bs32_modL1_fusion32_fusionL1_fusionBN0_drop0p1__wd1e-04trmiss40_trlocglobal,32,1e-05,0.0001,1,32,1,False,0.1,lr1e-05_bs32_modL1_fusion32_fusionL1_fusionBN0_drop0p1__wd1e-04trmiss40_trlocglobal,39,0.6299731334050497,0.6603317558765411,0.7083333333333334,0.7822928939301856,0.5777777777777777,0.0,0.0,0.0,0.0,0.0,0.0,0.0,0.0,0.0,,,,,18473,global,0.4
4,5,lr1e-05_bs32_modL1_fusion32_fusionL1_fusionBN0_drop0p1__wd1e-04trmiss40_trlocglobal,32,1e-05,0.0001,1,32,1,False,0.1,lr1e-05_bs32_modL1_fusion32_fusionL1_fusionBN0_drop0p1__wd1e-04trmiss40_trlocglobal,40,0.6301337778568268,0.6603017151355743,0.7083333333333334,0.779333956732118,0.5777777777777777,0.0,0.0,0.0,0.0,0.0,0.0,0.0,0.0,0.0,,,,,18473,global,0.4
4,5,lr1e-05_bs32_modL1_fusion32_fusionL1_fusionBN0_drop0p1__wd1e-04trmiss40_trlocglobal,32,1e-05,0.0001,1,32,1,False,0.1,lr1e-05_bs32_modL1_fusion32_fusionL1_fusionBN0_drop0p1__wd1e-04trmiss40_trlocglobal,41,0.6229424774646759,0.6591774225234985,0.7123015873015873,0.7846811789543402,0.6,0.0,0.0,0.0,0.0,0.0,0.0,0.0,0.0,0.0,,,,,18473,global,0.4
4,5,lr1e-05_bs32_modL1_fusion32_fusionL1_fusionBN0_drop0p1__wd1e-04trmiss40_trlocglobal,32,1e-05,0.0001,1,32,1,False,0.1,lr1e-05_bs32_modL1_fusion32_fusionL1_fusionBN0_drop0p1__wd1e-04trmiss40_trlocglobal,42,0.6240866084893545,0.659058004617691,0.7142857142857143,0.7854792300296092,0.6222222222222222,0.0,0.0,0.0,0.0,0.0,0.0,0.0,0.0,0.0,,,,,18473,global,0.4
4,5,lr1e-05_bs32_modL1_fusion32_fusionL1_fusionBN0_drop0p1__wd1e-04trmiss40_trlocglobal,32,1e-05,0.0001,1,32,1,False,0.1,lr1e-05_bs32_modL1_fusion32_fusionL1_fusionBN0_drop0p1__wd1e-04trmiss40_trlocglobal,43,0.6360118488470713,0.6584941446781158,0.7182539682539681,0.7875202320706112,0.6222222222222222,0.0,0.0,0.0,0.0,0.0,0.0,0.0,0.0,0.0,,,,,18473,global,0.4
4,5,lr1e-05_bs32_modL1_fusion32_fusionL1_fusionBN0_drop0p1__wd1e-04trmiss40_trlocglobal,32,1e-05,0.0001,1,32,1,False,0.1,lr1e-05_bs32_modL1_fusion32_fusionL1_fusionBN0_drop0p1__wd1e-04trmiss40_trlocglobal,44,0.6238065759340922,0.6590312123298645,0.7142857142857143,0.7854792300296092,0.6222222222222222,0.0,0.0,0.0,0.0,0.0,0.0,0.0,0.0,0.0,,,,,18473,global,0.4
4,5,lr1e-05_bs32_modL1_fusion32_fusionL1_fusionBN0_drop0p1__wd1e-04trmiss40_trlocglobal,32,1e-05,0.0001,1,32,1,False,0.1,lr1e-05_bs32_modL1_fusion32_fusionL1_fusionBN0_drop0p1__wd1e-04trmiss40_trlocglobal,45,0.6253659725189209,0.6587421596050262,0.7123015873015873,0.7802649714321876,0.6222222222222222,0.0,0.0,0.0,0.0,0.0,0.0,0.0,0.0,0.0,,,,,18473,global,0.4
4,5,lr1e-05_bs32_modL1_fusion32_fusionL1_fusionBN0_drop0p1__wd1e-04trmiss40_trlocglobal,32,1e-05,0.0001,1,32,1,False,0.1,lr1e-05_bs32_modL1_fusion32_fusionL1_fusionBN0_drop0p1__wd1e-04trmiss40_trlocglobal,46,0.6162937184174856,0.658309280872345,0.7142857142857143,0.7770052033096146,0.6444444444444445,0.0,0.0,0.0,0.0,0.0,0.0,0.0,0.0,0.0,,,,,18473,global,0.4
4,5,lr1e-05_bs32_modL1_fusion32_fusionL1_fusionBN0_drop0p1__wd1e-04trmiss40_trlocglobal,32,1e-05,0.0001,1,32,1,False,0.1,lr1e-05_bs32_modL1_fusion32_fusionL1_fusionBN0_drop0p1__wd1e-04trmiss40_trlocglobal,47,0.6234656771024069,0.6583012342453003,0.7142857142857143,0.7771126714048875,0.6222222222222222,0.0,0.0,0.0,0.0,0.0,0.0,0.0,0.0,0.0,,,,,18473,global,0.4
4,5,lr1e-05_bs32_modL1_fusion32_fusionL1_fusionBN0_drop0p1__wd1e-04trmiss40_trlocglobal,32,1e-05,0.0001,1,32,1,False,0.1,lr1e-05_bs32_modL1_fusion32_fusionL1_fusionBN0_drop0p1__wd1e-04trmiss40_trlocglobal,48,0.6197689473628998,0.658575564622879,0.7142857142857143,0.7810541128463291,0.6444444444444445,0.0,0.0,0.0,0.0,0.0,0.0,0.0,0.0,0.0,,,,,18473,global,0.4
4,5,lr1e-05_bs32_modL1_fusion32_fusionL1_fusionBN0_drop0p1__wd1e-04trmiss40_trlocglobal,32,1e-05,0.0001,1,32,1,False,0.1,lr1e-05_bs32_modL1_fusion32_fusionL1_fusionBN0_drop0p1__wd1e-04trmiss40_trlocglobal,49,0.6207656959692637,0.658636063337326,0.7142857142857143,0.7810541128463291,0.6444444444444445,0.0,0.0,0.0,0.0,0.0,0.0,0.0,0.0,0.0,,,,,18473,global,0.4
4,5,lr1e-05_bs32_modL1_fusion32_fusionL1_fusionBN0_drop0p1__wd1e-04trmiss40_trlocglobal,32,1e-05,0.0001,1,32,1,False,0.1,lr1e-05_bs32_modL1_fusion32_fusionL1_fusionBN0_drop0p1__wd1e-04trmiss40_trlocglobal,50,0.6198377013206482,0.6585499942302704,0.7103174603174603,0.7796130036749567,0.6444444444444445,0.0,0.0,0.0,0.0,0.0,0.0,0.0,0.0,0.0,,,,,18473,global,0.4
4,5,lr1e-05_bs32_modL1_fusion32_fusionL1_fusionBN0_drop0p1__wd1e-04trmiss40_trlocglobal,32,1e-05,0.0001,1,32,1,False,0.1,lr1e-05_bs32_modL1_fusion32_fusionL1_fusionBN0_drop0p1__wd1e-04trmiss40_trlocglobal,51,0.6215676565965017,0.657863587141037,0.7142857142857143,0.7773344449025232,0.6444444444444445,0.0,0.0,0.0,0.0,0.0,0.0,0.0,0.0,0.0,,,,,18473,global,0.4
4,5,lr1e-05_bs32_modL1_fusion32_fusionL1_fusionBN0_drop0p1__wd1e-04trmiss40_trlocglobal,32,1e-05,0.0001,1,32,1,False,0.1,lr1e-05_bs32_modL1_fusion32_fusionL1_fusionBN0_drop0p1__wd1e-04trmiss40_trlocglobal,52,0.6210682392120361,0.6576901078224182,0.7182539682539683,0.779702664917802,0.6444444444444445,0.0,0.0,0.0,0.0,0.0,0.0,0.0,0.0,0.0,,,,,18473,global,0.4
4,5,lr1e-05_bs32_modL1_fusion32_fusionL1_fusionBN0_drop0p1__wd1e-04trmiss40_trlocglobal,32,1e-05,0.0001,1,32,1,False,0.1,lr1e-05_bs32_modL1_fusion32_fusionL1_fusionBN0_drop0p1__wd1e-04trmiss40_trlocglobal,53,0.6164626876513163,0.6573217809200287,0.7222222222222222,0.7839518095903337,0.6444444444444445,0.0,0.0,0.0,0.0,0.0,0.0,0.0,0.0,0.0,,,,,18473,global,0.4
4,5,lr1e-05_bs32_modL1_fusion32_fusionL1_fusionBN0_drop0p1__wd1e-04trmiss40_trlocglobal,32,1e-05,0.0001,1,32,1,False,0.1,lr1e-05_bs32_modL1_fusion32_fusionL1_fusionBN0_drop0p1__wd1e-04trmiss40_trlocglobal,54,0.6268444756666819,0.6571539342403412,0.7242063492063492,0.7852693326469873,0.6444444444444445,0.0,0.0,0.0,0.0,0.0,0.0,0.0,0.0,0.0,,,,,18473,global,0.4
4,5,lr1e-05_bs32_modL1_fusion32_fusionL1_fusionBN0_drop0p1__wd1e-04trmiss40_trlocglobal,32,1e-05,0.0001,1,32,1,False,0.1,lr1e-05_bs32_modL1_fusion32_fusionL1_fusionBN0_drop0p1__wd1e-04trmiss40_trlocglobal,55,0.6188098788261414,0.6569829881191254,0.7242063492063492,0.7852693326469873,0.6666666666666666,0.0,0.0,0.0,0.0,0.0,0.0,0.0,0.0,0.0,,,,,18473,global,0.4
4,5,lr1e-05_bs32_modL1_fusion32_fusionL1_fusionBN0_drop0p1__wd1e-04trmiss40_trlocglobal,32,1e-05,0.0001,1,32,1,False,0.1,lr1e-05_bs32_modL1_fusion32_fusionL1_fusionBN0_drop0p1__wd1e-04trmiss40_trlocglobal,56,0.6187630891799927,0.6567201912403107,0.7261904761904763,0.7846952488468006,0.6444444444444445,0.0,0.0,0.0,0.0,0.0,0.0,0.0,0.0,0.0,,,,,18473,global,0.4
4,5,lr1e-05_bs32_modL1_fusion32_fusionL1_fusionBN0_drop0p1__wd1e-04trmiss40_trlocglobal,32,1e-05,0.0001,1,32,1,False,0.1,lr1e-05_bs32_modL1_fusion32_fusionL1_fusionBN0_drop0p1__wd1e-04trmiss40_trlocglobal,57,0.6144875983397166,0.6568470299243927,0.7281746031746033,0.7853834370349888,0.6444444444444445,0.0,0.0,0.0,0.0,0.0,0.0,0.0,0.0,0.0,,,,,18473,global,0.4
4,5,lr1e-05_bs32_modL1_fusion32_fusionL1_fusionBN0_drop0p1__wd1e-04trmiss40_trlocglobal,32,1e-05,0.0001,1,32,1,False,0.1,lr1e-05_bs32_modL1_fusion32_fusionL1_fusionBN0_drop0p1__wd1e-04trmiss40_trlocglobal,58,0.6221321920553843,0.6567791402339935,0.7281746031746031,0.7867373782326799,0.6444444444444445,0.0,0.0,0.0,0.0,0.0,0.0,0.0,0.0,0.0,,,,,18473,global,0.4
4,5,lr1e-05_bs32_modL1_fusion32_fusionL1_fusionBN0_drop0p1__wd1e-04trmiss40_trlocglobal,32,1e-05,0.0001,1,32,1,False,0.1,lr1e-05_bs32_modL1_fusion32_fusionL1_fusionBN0_drop0p1__wd1e-04trmiss40_trlocglobal,59,0.6172478795051575,0.6567944884300232,0.7261904761904762,0.783328287323589,0.6666666666666666,0.0,0.0,0.0,0.0,0.0,0.0,0.0,0.0,0.0,,,,,18473,global,0.4
4,5,lr1e-05_bs32_modL1_fusion32_fusionL1_fusionBN0_drop0p1__wd1e-04trmiss40_trlocglobal,32,1e-05,0.0001,1,32,1,False,0.1,lr1e-05_bs32_modL1_fusion32_fusionL1_fusionBN0_drop0p1__wd1e-04trmiss40_trlocglobal,60,0.6177708605925242,0.6565656661987305,0.7261904761904762,0.7844734753491649,0.6444444444444445,0.0,0.0,0.0,0.0,0.0,0.0,0.0,0.0,0.0,,,,,18473,global,0.4
4,5,lr1e-05_bs32_modL1_fusion32_fusionL1_fusionBN0_drop0p1__wd1e-04trmiss40_trlocglobal,32,1e-05,0.0001,1,32,1,False,0.1,lr1e-05_bs32_modL1_fusion32_fusionL1_fusionBN0_drop0p1__wd1e-04trmiss40_trlocglobal,61,0.6201641857624054,0.656696617603302,0.7202380952380952,0.780558041882101,0.6444444444444445,0.0,0.0,0.0,0.0,0.0,0.0,0.0,0.0,0.0,,,,,18473,global,0.4
4,5,lr1e-05_bs32_modL1_fusion32_fusionL1_fusionBN0_drop0p1__wd1e-04trmiss40_trlocglobal,32,1e-05,0.0001,1,32,1,False,0.1,lr1e-05_bs32_modL1_fusion32_fusionL1_fusionBN0_drop0p1__wd1e-04trmiss40_trlocglobal,62,0.6180799802144369,0.6568106710910797,0.7261904761904763,0.7859678268435164,0.6444444444444445,0.0,0.0,0.0,0.0,0.0,0.0,0.0,0.0,0.0,,,,,18473,global,0.4
4,5,lr1e-05_bs32_modL1_fusion32_fusionL1_fusionBN0_drop0p1__wd1e-04trmiss40_trlocglobal,32,1e-05,0.0001,1,32,1,False,0.1,lr1e-05_bs32_modL1_fusion32_fusionL1_fusionBN0_drop0p1__wd1e-04trmiss40_trlocglobal,63,0.6138527989387512,0.6564207375049591,0.7222222222222222,0.7803761962518858,0.6444444444444445,0.0,0.0,0.0,0.0,0.0,0.0,0.0,0.0,0.0,,,,,18473,global,0.4
4,5,lr1e-05_bs32_modL1_fusion32_fusionL1_fusionBN0_drop0p1__wd1e-04trmiss40_trlocglobal,32,1e-05,0.0001,1,32,1,False,0.1,lr1e-05_bs32_modL1_fusion32_fusionL1_fusionBN0_drop0p1__wd1e-04trmiss40_trlocglobal,64,0.6195225119590759,0.6565621197223663,0.7202380952380952,0.7797242284946551,0.6444444444444445,0.0,0.0,0.0,0.0,0.0,0.0,0.0,0.0,0.0,,,,,18473,global,0.4
4,5,lr1e-05_bs32_modL1_fusion32_fusionL1_fusionBN0_drop0p1__wd1e-04trmiss40_trlocglobal,32,1e-05,0.0001,1,32,1,False,0.1,lr1e-05_bs32_modL1_fusion32_fusionL1_fusionBN0_drop0p1__wd1e-04trmiss40_trlocglobal,65,0.6191072662671407,0.6561234593391418,0.7242063492063492,0.7825587359344255,0.6666666666666666,0.0,0.0,0.0,0.0,0.0,0.0,0.0,0.0,0.0,,,,,18473,global,0.4
4,5,lr1e-05_bs32_modL1_fusion32_fusionL1_fusionBN0_drop0p1__wd1e-04trmiss40_trlocglobal,32,1e-05,0.0001,1,32,1,False,0.1,lr1e-05_bs32_modL1_fusion32_fusionL1_fusionBN0_drop0p1__wd1e-04trmiss40_trlocglobal,66,0.6140149732430776,0.6560797989368439,0.7281746031746031,0.785102684548354,0.6666666666666666,0.0,0.0,0.0,0.0,0.0,0.0,0.0,0.0,0.0,,,,,18473,global,0.4
4,5,lr1e-05_bs32_modL1_fusion32_fusionL1_fusionBN0_drop0p1__wd1e-04trmiss40_trlocglobal,32,1e-05,0.0001,1,32,1,False,0.1,lr1e-05_bs32_modL1_fusion32_fusionL1_fusionBN0_drop0p1__wd1e-04trmiss40_trlocglobal,67,0.6164332826932272,0.6562958359718323,0.7242063492063492,0.7825587359344255,0.6444444444444445,0.0,0.0,0.0,0.0,0.0,0.0,0.0,0.0,0.0,,,,,18473,global,0.4
4,5,lr1e-05_bs32_modL1_fusion32_fusionL1_fusionBN0_drop0p1__wd1e-04trmiss40_trlocglobal,32,1e-05,0.0001,1,32,1,False,0.1,lr1e-05_bs32_modL1_fusion32_fusionL1_fusionBN0_drop0p1__wd1e-04trmiss40_trlocglobal,68,0.6129858096440634,0.6563129425048828,0.7242063492063492,0.7825587359344255,0.6888888888888889,0.0,0.0,0.0,0.0,0.0,0.0,0.0,0.0,0.0,,,,,18473,global,0.4
4,5,lr1e-05_bs32_modL1_fusion32_fusionL1_fusionBN0_drop0p1__wd1e-04trmiss40_trlocglobal,32,1e-05,0.0001,1,32,1,False,0.1,lr1e-05_bs32_modL1_fusion32_fusionL1_fusionBN0_drop0p1__wd1e-04trmiss40_trlocglobal,69,0.620087186495463,0.656202495098114,0.7281746031746031,0.7860309581566478,0.6666666666666666,0.0,0.0,0.0,0.0,0.0,0.0,0.0,0.0,0.0,,,,,18473,global,0.4
4,5,lr1e-05_bs32_modL1_fusion32_fusionL1_fusionBN0_drop0p1__wd1e-04trmiss40_trlocglobal,32,1e-05,0.0001,1,32,1,False,0.1,lr1e-05_bs32_modL1_fusion32_fusionL1_fusionBN0_drop0p1__wd1e-04trmiss40_trlocglobal,70,0.6175656219323477,0.6560272574424744,0.7222222222222222,0.7819067681771947,0.6888888888888889,0.0,0.0,0.0,0.0,0.0,0.0,0.0,0.0,0.0,,,,,18473,global,0.4
4,5,lr1e-05_bs32_modL1_fusion32_fusionL1_fusionBN0_drop0p1__wd1e-04trmiss40_trlocglobal,32,1e-05,0.0001,1,32,1,False,0.1,lr1e-05_bs32_modL1_fusion32_fusionL1_fusionBN0_drop0p1__wd1e-04trmiss40_trlocglobal,71,0.6234945257504781,0.6558611690998077,0.7222222222222222,0.7798370514015955,0.6666666666666666,0.0,0.0,0.0,0.0,0.0,0.0,0.0,0.0,0.0,,,,,18473,global,0.4
4,5,lr1e-05_bs32_modL1_fusion32_fusionL1_fusionBN0_drop0p1__wd1e-04trmiss40_trlocglobal,32,1e-05,0.0001,1,32,1,False,0.1,lr1e-05_bs32_modL1_fusion32_fusionL1_fusionBN0_drop0p1__wd1e-04trmiss40_trlocglobal,72,0.6178494890530905,0.6559566855430603,0.7222222222222222,0.7798370514015955,0.6666666666666666,0.0,0.0,0.0,0.0,0.0,0.0,0.0,0.0,0.0,,,,,18473,global,0.4
4,5,lr1e-05_bs32_modL1_fusion32_fusionL1_fusionBN0_drop0p1__wd1e-04trmiss40_trlocglobal,32,1e-05,0.0001,1,32,1,False,0.1,lr1e-05_bs32_modL1_fusion32_fusionL1_fusionBN0_drop0p1__wd1e-04trmiss40_trlocglobal,73,0.61259925365448,0.6557910442352295,0.7202380952380952,0.778203064473491,0.6666666666666666,0.0,0.0,0.0,0.0,0.0,0.0,0.0,0.0,0.0,,,,,18473,global,0.4
4,5,lr1e-05_bs32_modL1_fusion32_fusionL1_fusionBN0_drop0p1__wd1e-04trmiss40_trlocglobal,32,1e-05,0.0001,1,32,1,False,0.1,lr1e-05_bs32_modL1_fusion32_fusionL1_fusionBN0_drop0p1__wd1e-04trmiss40_trlocglobal,74,0.6172676980495453,0.6558343768119812,0.7202380952380952,0.778203064473491,0.6666666666666666,0.0,0.0,0.0,0.0,0.0,0.0,0.0,0.0,0.0,,,,,18473,global,0.4
4,5,lr1e-05_bs32_modL1_fusion32_fusionL1_fusionBN0_drop0p1__wd1e-04trmiss40_trlocglobal,32,1e-05,0.0001,1,32,1,False,0.1,lr1e-05_bs32_modL1_fusion32_fusionL1_fusionBN0_drop0p1__wd1e-04trmiss40_trlocglobal,75,0.620148777961731,0.6553250253200531,0.7242063492063493,0.7795432204189099,0.6666666666666666,0.0,0.0,0.0,0.0,0.0,0.0,0.0,0.0,0.0,,,,,18473,global,0.4
4,5,lr1e-05_bs32_modL1_fusion32_fusionL1_fusionBN0_drop0p1__wd1e-04trmiss40_trlocglobal,32,1e-05,0.0001,1,32,1,False,0.1,lr1e-05_bs32_modL1_fusion32_fusionL1_fusionBN0_drop0p1__wd1e-04trmiss40_trlocglobal,76,0.6125796933968862,0.6562098860740662,0.7242063492063492,0.7835407551052993,0.6444444444444445,0.0,0.0,0.0,0.0,0.0,0.0,0.0,0.0,0.0,,,,,18473,global,0.4
4,5,lr1e-05_bs32_modL1_fusion32_fusionL1_fusionBN0_drop0p1__wd1e-04trmiss40_trlocglobal,32,1e-05,0.0001,1,32,1,False,0.1,lr1e-05_bs32_modL1_fusion32_fusionL1_fusionBN0_drop0p1__wd1e-04trmiss40_trlocglobal,77,0.613218088944753,0.6560646295547485,0.7242063492063492,0.7844414047723962,0.6666666666666666,0.0,0.0,0.0,0.0,0.0,0.0,0.0,0.0,0.0,,,,,18473,global,0.4
4,0,lr1e-05_bs32_modL1_fusion32_fusionL1_fusionBN0_drop0p1__wd1e-04trmiss40_trlocglobal,32,1e-05,0.0001,1,32,1,False,0.1,lr1e-05_bs32_modL1_fusion32_fusionL1_fusionBN0_drop0p1__wd1e-04trmiss40_trlocglobal,1,0.6947484271866935,,,,,0.0,0.0,0.0,0.0,,,,,,outer_refit,0.48888711224816117,0.5400755322738588,0.5223214285714286,18473,global,0.4
4,0,lr1e-05_bs32_modL1_fusion32_fusionL1_fusionBN0_drop0p1__wd1e-04trmiss40_trlocglobal,32,1e-05,0.0001,1,32,1,False,0.1,lr1e-05_bs32_modL1_fusion32_fusionL1_fusionBN0_drop0p1__wd1e-04trmiss40_trlocglobal,2,0.6909557155200413,,,,,0.0,0.0,0.0,0.0,,,,,,outer_refit,0.5366965142308923,0.5401287983144749,0.5357142857142857,18473,global,0.4
4,0,lr1e-05_bs32_modL1_fusion32_fusionL1_fusionBN0_drop0p1__wd1e-04trmiss40_trlocglobal,32,1e-05,0.0001,1,32,1,False,0.1,lr1e-05_bs32_modL1_fusion32_fusionL1_fusionBN0_drop0p1__wd1e-04trmiss40_trlocglobal,3,0.6865905097552708,,,,,0.0,0.0,0.0,0.0,,,,,,outer_refit,0.5893827950111928,0.5951769835911681,0.5223214285714286,18473,global,0.4
4,0,lr1e-05_bs32_modL1_fusion32_fusionL1_fusionBN0_drop0p1__wd1e-04trmiss40_trlocglobal,32,1e-05,0.0001,1,32,1,False,0.1,lr1e-05_bs32_modL1_fusion32_fusionL1_fusionBN0_drop0p1__wd1e-04trmiss40_trlocglobal,4,0.6866762297494071,,,,,0.0,0.0,0.0,0.0,,,,,,outer_refit,0.5885833066837225,0.5896712270115785,0.5357142857142857,18473,global,0.4
4,0,lr1e-05_bs32_modL1_fusion32_fusionL1_fusionBN0_drop0p1__wd1e-04trmiss40_trlocglobal,32,1e-05,0.0001,1,32,1,False,0.1,lr1e-05_bs32_modL1_fusion32_fusionL1_fusionBN0_drop0p1__wd1e-04trmiss40_trlocglobal,5,0.6801776204790387,,,,,0.0,0.0,0.0,0.0,,,,,,outer_refit,0.6669861810048725,0.667065534094123,0.5357142857142857,18473,global,0.4
4,0,lr1e-05_bs32_modL1_fusion32_fusionL1_fusionBN0_drop0p1__wd1e-04trmiss40_trlocglobal,32,1e-05,0.0001,1,32,1,False,0.1,lr1e-05_bs32_modL1_fusion32_fusionL1_fusionBN0_drop0p1__wd1e-04trmiss40_trlocglobal,6,0.6847186173711505,,,,,0.0,0.0,0.0,0.0,,,,,,outer_refit,0.5948992644707388,0.6120851409018258,0.5401785714285714,18473,global,0.4
4,0,lr1e-05_bs32_modL1_fusion32_fusionL1_fusionBN0_drop0p1__wd1e-04trmiss40_trlocglobal,32,1e-05,0.0001,1,32,1,False,0.1,lr1e-05_bs32_modL1_fusion32_fusionL1_fusionBN0_drop0p1__wd1e-04trmiss40_trlocglobal,7,0.6804405706269401,,,,,0.0,0.0,0.0,0.0,,,,,,outer_refit,0.6450195702532151,0.6704281115594267,0.5357142857142857,18473,global,0.4
4,0,lr1e-05_bs32_modL1_fusion32_fusionL1_fusionBN0_drop0p1__wd1e-04trmiss40_trlocglobal,32,1e-05,0.0001,1,32,1,False,0.1,lr1e-05_bs32_modL1_fusion32_fusionL1_fusionBN0_drop0p1__wd1e-04trmiss40_trlocglobal,8,0.6759059769766671,,,,,0.0,0.0,0.0,0.0,,,,,,outer_refit,0.6858375269590223,0.7144871958330807,0.5625,18473,global,0.4
4,0,lr1e-05_bs32_modL1_fusion32_fusionL1_fusionBN0_drop0p1__wd1e-04trmiss40_trlocglobal,32,1e-05,0.0001,1,32,1,False,0.1,lr1e-05_bs32_modL1_fusion32_fusionL1_fusionBN0_drop0p1__wd1e-04trmiss40_trlocglobal,9,0.6762022801807949,,,,,0.0,0.0,0.0,0.0,,,,,,outer_refit,0.6791277258566978,0.7035270918472872,0.5535714285714286,18473,global,0.4
4,0,lr1e-05_bs32_modL1_fusion32_fusionL1_fusionBN0_drop0p1__wd1e-04trmiss40_trlocglobal,32,1e-05,0.0001,1,32,1,False,0.1,lr1e-05_bs32_modL1_fusion32_fusionL1_fusionBN0_drop0p1__wd1e-04trmiss40_trlocglobal,10,0.6683232528822762,,,,,0.0,0.0,0.0,0.0,,,,,,outer_refit,0.751998720818676,0.7668628656530061,0.5580357142857143,18473,global,0.4
4,0,lr1e-05_bs32_modL1_fusion32_fusionL1_fusionBN0_drop0p1__wd1e-04trmiss40_trlocglobal,32,1e-05,0.0001,1,32,1,False,0.1,lr1e-05_bs32_modL1_fusion32_fusionL1_fusionBN0_drop0p1__wd1e-04trmiss40_trlocglobal,11,0.6745293310710362,,,,,0.0,0.0,0.0,0.0,,,,,,outer_refit,0.6942247783369278,0.6959795712637978,0.5401785714285714,18473,global,0.4
4,0,lr1e-05_bs32_modL1_fusion32_fusionL1_fusionBN0_drop0p1__wd1e-04trmiss40_trlocglobal,32,1e-05,0.0001,1,32,1,False,0.1,lr1e-05_bs32_modL1_fusion32_fusionL1_fusionBN0_drop0p1__wd1e-04trmiss40_trlocglobal,12,0.6742616125515529,,,,,0.0,0.0,0.0,0.0,,,,,,outer_refit,0.6947839284287883,0.7132552576569187,0.5491071428571429,18473,global,0.4
4,0,lr1e-05_bs32_modL1_fusion32_fusionL1_fusionBN0_drop0p1__wd1e-04trmiss40_trlocglobal,32,1e-05,0.0001,1,32,1,False,0.1,lr1e-05_bs32_modL1_fusion32_fusionL1_fusionBN0_drop0p1__wd1e-04trmiss40_trlocglobal,13,0.6718501618930272,,,,,0.0,0.0,0.0,0.0,,,,,,outer_refit,0.7198658039779535,0.7325477849522326,0.5491071428571429,18473,global,0.4
4,0,lr1e-05_bs32_modL1_fusion32_fusionL1_fusionBN0_drop0p1__wd1e-04trmiss40_trlocglobal,32,1e-05,0.0001,1,32,1,False,0.1,lr1e-05_bs32_modL1_fusion32_fusionL1_fusionBN0_drop0p1__wd1e-04trmiss40_trlocglobal,14,0.6730246373585292,,,,,0.0,0.0,0.0,0.0,,,,,,outer_refit,0.702691908299385,0.7181609736611795,0.5446428571428571,18473,global,0.4
4,0,lr1e-05_bs32_modL1_fusion32_fusionL1_fusionBN0_drop0p1__wd1e-04trmiss40_trlocglobal,32,1e-05,0.0001,1,32,1,False,0.1,lr1e-05_bs32_modL1_fusion32_fusionL1_fusionBN0_drop0p1__wd1e-04trmiss40_trlocglobal,15,0.6697290454592023,,,,,0.0,0.0,0.0,0.0,,,,,,outer_refit,0.7240166293572114,0.7710743860187926,0.5491071428571429,18473,global,0.4
4,0,lr1e-05_bs32_modL1_fusion32_fusionL1_fusionBN0_drop0p1__wd1e-04trmiss40_trlocglobal,32,1e-05,0.0001,1,32,1,False,0.1,lr1e-05_bs32_modL1_fusion32_fusionL1_fusionBN0_drop0p1__wd1e-04trmiss40_trlocglobal,16,0.6653431143079486,,,,,0.0,0.0,0.0,0.0,,,,,,outer_refit,0.7794211704509114,0.7954027633545216,0.5580357142857143,18473,global,0.4
4,0,lr1e-05_bs32_modL1_fusion32_fusionL1_fusionBN0_drop0p1__wd1e-04trmiss40_trlocglobal,32,1e-05,0.0001,1,32,1,False,0.1,lr1e-05_bs32_modL1_fusion32_fusionL1_fusionBN0_drop0p1__wd1e-04trmiss40_trlocglobal,17,0.667189964226314,,,,,0.0,0.0,0.0,0.0,,,,,,outer_refit,0.7418324147296109,0.7717973200905683,0.5580357142857143,18473,global,0.4
4,0,lr1e-05_bs32_modL1_fusion32_fusionL1_fusionBN0_drop0p1__wd1e-04trmiss40_trlocglobal,32,1e-05,0.0001,1,32,1,False,0.1,lr1e-05_bs32_modL1_fusion32_fusionL1_fusionBN0_drop0p1__wd1e-04trmiss40_trlocglobal,18,0.6639743021556309,,,,,0.0,0.0,0.0,0.0,,,,,,outer_refit,0.7763031659737767,0.7913055090329723,0.5669642857142857,18473,global,0.4
4,0,lr1e-05_bs32_modL1_fusion32_fusionL1_fusionBN0_drop0p1__wd1e-04trmiss40_trlocglobal,32,1e-05,0.0001,1,32,1,False,0.1,lr1e-05_bs32_modL1_fusion32_fusionL1_fusionBN0_drop0p1__wd1e-04trmiss40_trlocglobal,19,0.6645805835723877,,,,,0.0,0.0,0.0,0.0,,,,,,outer_refit,0.7664694595458906,0.7538069455565964,0.5803571428571429,18473,global,0.4
4,0,lr1e-05_bs32_modL1_fusion32_fusionL1_fusionBN0_drop0p1__wd1e-04trmiss40_trlocglobal,32,1e-05,0.0001,1,32,1,False,0.1,lr1e-05_bs32_modL1_fusion32_fusionL1_fusionBN0_drop0p1__wd1e-04trmiss40_trlocglobal,20,0.6669612782342094,,,,,0.0,0.0,0.0,0.0,,,,,,outer_refit,0.7520568735522007,0.7803306657583914,0.5669642857142857,18473,global,0.4
4,0,lr1e-05_bs32_modL1_fusion32_fusionL1_fusionBN0_drop0p1__wd1e-04trmiss40_trlocglobal,32,1e-05,0.0001,1,32,1,False,0.1,lr1e-05_bs32_modL1_fusion32_fusionL1_fusionBN0_drop0p1__wd1e-04trmiss40_trlocglobal,21,0.6605656402451652,,,,,0.0,0.0,0.0,0.0,,,,,,outer_refit,0.7831296429427271,0.8158563810978912,0.5892857142857143,18473,global,0.4
4,0,lr1e-05_bs32_modL1_fusion32_fusionL1_fusionBN0_drop0p1__wd1e-04trmiss40_trlocglobal,32,1e-05,0.0001,1,32,1,False,0.1,lr1e-05_bs32_modL1_fusion32_fusionL1_fusionBN0_drop0p1__wd1e-04trmiss40_trlocglobal,22,0.6629838858331952,,,,,0.0,0.0,0.0,0.0,,,,,,outer_refit,0.8047767393561785,0.8007359355685297,0.5714285714285714,18473,global,0.4
4,0,lr1e-05_bs32_modL1_fusion32_fusionL1_fusionBN0_drop0p1__wd1e-04trmiss40_trlocglobal,32,1e-05,0.0001,1,32,1,False,0.1,lr1e-05_bs32_modL1_fusion32_fusionL1_fusionBN0_drop0p1__wd1e-04trmiss40_trlocglobal,23,0.6560629861695426,,,,,0.0,0.0,0.0,0.0,,,,,,outer_refit,0.807971882738238,0.8155291937032786,0.5982142857142857,18473,global,0.4
4,0,lr1e-05_bs32_modL1_fusion32_fusionL1_fusionBN0_drop0p1__wd1e-04trmiss40_trlocglobal,32,1e-05,0.0001,1,32,1,False,0.1,lr1e-05_bs32_modL1_fusion32_fusionL1_fusionBN0_drop0p1__wd1e-04trmiss40_trlocglobal,24,0.6587767515863691,,,,,0.0,0.0,0.0,0.0,,,,,,outer_refit,0.8095694544292675,0.8142257854529846,0.5580357142857143,18473,global,0.4
4,0,lr1e-05_bs32_modL1_fusion32_fusionL1_fusionBN0_drop0p1__wd1e-04trmiss40_trlocglobal,32,1e-05,0.0001,1,32,1,False,0.1,lr1e-05_bs32_modL1_fusion32_fusionL1_fusionBN0_drop0p1__wd1e-04trmiss40_trlocglobal,25,0.6582712275641305,,,,,0.0,0.0,0.0,0.0,,,,,,outer_refit,0.8271427430305935,0.8417034298319914,0.5580357142857143,18473,global,0.4
4,0,lr1e-05_bs32_modL1_fusion32_fusionL1_fusionBN0_drop0p1__wd1e-04trmiss40_trlocglobal,32,1e-05,0.0001,1,32,1,False,0.1,lr1e-05_bs32_modL1_fusion32_fusionL1_fusionBN0_drop0p1__wd1e-04trmiss40_trlocglobal,26,0.6557648607662746,,,,,0.0,0.0,0.0,0.0,,,,,,outer_refit,0.8304285257435242,0.851789925018622,0.5714285714285714,18473,global,0.4
4,0,lr1e-05_bs32_modL1_fusion32_fusionL1_fusionBN0_drop0p1__wd1e-04trmiss40_trlocglobal,32,1e-05,0.0001,1,32,1,False,0.1,lr1e-05_bs32_modL1_fusion32_fusionL1_fusionBN0_drop0p1__wd1e-04trmiss40_trlocglobal,27,0.6595561248915536,,,,,0.0,0.0,0.0,0.0,,,,,,outer_refit,0.8045371036025243,0.8216024843611901,0.5758928571428571,18473,global,0.4
4,0,lr1e-05_bs32_modL1_fusion32_fusionL1_fusionBN0_drop0p1__wd1e-04trmiss40_trlocglobal,32,1e-05,0.0001,1,32,1,False,0.1,lr1e-05_bs32_modL1_fusion32_fusionL1_fusionBN0_drop0p1__wd1e-04trmiss40_trlocglobal,28,0.6589659707886832,,,,,0.0,0.0,0.0,0.0,,,,,,outer_refit,0.7914370157360812,0.8062311990827715,0.5848214285714286,18473,global,0.4
4,0,lr1e-05_bs32_modL1_fusion32_fusionL1_fusionBN0_drop0p1__wd1e-04trmiss40_trlocglobal,32,1e-05,0.0001,1,32,1,False,0.1,lr1e-05_bs32_modL1_fusion32_fusionL1_fusionBN0_drop0p1__wd1e-04trmiss40_trlocglobal,29,0.6573739562715802,,,,,0.0,0.0,0.0,0.0,,,,,,outer_refit,0.824272465622002,0.8220626534202575,0.5758928571428571,18473,global,0.4
4,0,lr1e-05_bs32_modL1_fusion32_fusionL1_fusionBN0_drop0p1__wd1e-04trmiss40_trlocglobal,32,1e-05,0.0001,1,32,1,False,0.1,lr1e-05_bs32_modL1_fusion32_fusionL1_fusionBN0_drop0p1__wd1e-04trmiss40_trlocglobal,30,0.6565892951829093,,,,,0.0,0.0,0.0,0.0,,,,,,outer_refit,0.812125569134915,0.8340585762343771,0.5625,18473,global,0.4
4,0,lr1e-05_bs32_modL1_fusion32_fusionL1_fusionBN0_drop0p1__wd1e-04trmiss40_trlocglobal,32,1e-05,0.0001,1,32,1,False,0.1,lr1e-05_bs32_modL1_fusion32_fusionL1_fusionBN0_drop0p1__wd1e-04trmiss40_trlocglobal,31,0.6586271439279828,,,,,0.0,0.0,0.0,0.0,,,,,,outer_refit,0.7938333732726256,0.8008145107040592,0.5803571428571429,18473,global,0.4
4,0,lr1e-05_bs32_modL1_fusion32_fusionL1_fusionBN0_drop0p1__wd1e-04trmiss40_trlocglobal,32,1e-05,0.0001,1,32,1,False,0.1,lr1e-05_bs32_modL1_fusion32_fusionL1_fusionBN0_drop0p1__wd1e-04trmiss40_trlocglobal,32,0.6542515158653259,,,,,0.0,0.0,0.0,0.0,,,,,,outer_refit,0.8432203389830509,0.8656023015303264,0.5848214285714286,18473,global,0.4
4,0,lr1e-05_bs32_modL1_fusion32_fusionL1_fusionBN0_drop0p1__wd1e-04trmiss40_trlocglobal,32,1e-05,0.0001,1,32,1,False,0.1,lr1e-05_bs32_modL1_fusion32_fusionL1_fusionBN0_drop0p1__wd1e-04trmiss40_trlocglobal,33,0.6543312413351876,,,,,0.0,0.0,0.0,0.0,,,,,,outer_refit,0.8326543653646458,0.8471010539020469,0.5803571428571429,18473,global,0.4
4,0,lr1e-05_bs32_modL1_fusion32_fusionL1_fusionBN0_drop0p1__wd1e-04trmiss40_trlocglobal,32,1e-05,0.0001,1,32,1,False,0.1,lr1e-05_bs32_modL1_fusion32_fusionL1_fusionBN0_drop0p1__wd1e-04trmiss40_trlocglobal,34,0.6532682691301618,,,,,0.0,0.0,0.0,0.0,,,,,,outer_refit,0.8334665813879117,0.8483156048567198,0.5892857142857143,18473,global,0.4
4,0,lr1e-05_bs32_modL1_fusion32_fusionL1_fusionBN0_drop0p1__wd1e-04trmiss40_trlocglobal,32,1e-05,0.0001,1,32,1,False,0.1,lr1e-05_bs32_modL1_fusion32_fusionL1_fusionBN0_drop0p1__wd1e-04trmiss40_trlocglobal,35,0.6556554692132133,,,,,0.0,0.0,0.0,0.0,,,,,,outer_refit,0.8294592219825865,0.8350746609771524,0.59375,18473,global,0.4
4,0,lr1e-05_bs32_modL1_fusion32_fusionL1_fusionBN0_drop0p1__wd1e-04trmiss40_trlocglobal,32,1e-05,0.0001,1,32,1,False,0.1,lr1e-05_bs32_modL1_fusion32_fusionL1_fusionBN0_drop0p1__wd1e-04trmiss40_trlocglobal,36,0.6480715359960284,,,,,0.0,0.0,0.0,0.0,,,,,,outer_refit,0.8583306683722418,0.8856936035676545,0.6026785714285714,18473,global,0.4
4,0,lr1e-05_bs32_modL1_fusion32_fusionL1_fusionBN0_drop0p1__wd1e-04trmiss40_trlocglobal,32,1e-05,0.0001,1,32,1,False,0.1,lr1e-05_bs32_modL1_fusion32_fusionL1_fusionBN0_drop0p1__wd1e-04trmiss40_trlocglobal,37,0.6545313085828509,,,,,0.0,0.0,0.0,0.0,,,,,,outer_refit,0.8312280140709946,0.8371494428531104,0.59375,18473,global,0.4
4,0,lr1e-05_bs32_modL1_fusion32_fusionL1_fusionBN0_drop0p1__wd1e-04trmiss40_trlocglobal,32,1e-05,0.0001,1,32,1,False,0.1,lr1e-05_bs32_modL1_fusion32_fusionL1_fusionBN0_drop0p1__wd1e-04trmiss40_trlocglobal,38,0.648618221282959,,,,,0.0,0.0,0.0,0.0,,,,,,outer_refit,0.8559322033898304,0.8783916241508124,0.5848214285714286,18473,global,0.4
4,0,lr1e-05_bs32_modL1_fusion32_fusionL1_fusionBN0_drop0p1__wd1e-04trmiss40_trlocglobal,32,1e-05,0.0001,1,32,1,False,0.1,lr1e-05_bs32_modL1_fusion32_fusionL1_fusionBN0_drop0p1__wd1e-04trmiss40_trlocglobal,39,0.6494580592427935,,,,,0.0,0.0,0.0,0.0,,,,,,outer_refit,0.8332267348896706,0.8520306030501242,0.6026785714285714,18473,global,0.4
4,0,lr1e-05_bs32_modL1_fusion32_fusionL1_fusionBN0_drop0p1__wd1e-04trmiss40_trlocglobal,32,1e-05,0.0001,1,32,1,False,0.1,lr1e-05_bs32_modL1_fusion32_fusionL1_fusionBN0_drop0p1__wd1e-04trmiss40_trlocglobal,40,0.6475517579487392,,,,,0.0,0.0,0.0,0.0,,,,,,outer_refit,0.8545730732331308,0.8730289732843353,0.6026785714285714,18473,global,0.4
4,0,lr1e-05_bs32_modL1_fusion32_fusionL1_fusionBN0_drop0p1__wd1e-04trmiss40_trlocglobal,32,1e-05,0.0001,1,32,1,False,0.1,lr1e-05_bs32_modL1_fusion32_fusionL1_fusionBN0_drop0p1__wd1e-04trmiss40_trlocglobal,41,0.6483328597886222,,,,,0.0,0.0,0.0,0.0,,,,,,outer_refit,0.8631679846633118,0.8791916910111511,0.6116071428571429,18473,global,0.4
4,0,lr1e-05_bs32_modL1_fusion32_fusionL1_fusionBN0_drop0p1__wd1e-04trmiss40_trlocglobal,32,1e-05,0.0001,1,32,1,False,0.1,lr1e-05_bs32_modL1_fusion32_fusionL1_fusionBN0_drop0p1__wd1e-04trmiss40_trlocglobal,42,0.6492703471864972,,,,,0.0,0.0,0.0,0.0,,,,,,outer_refit,0.8519849828261044,0.8688886106783273,0.5982142857142857,18473,global,0.4
4,0,lr1e-05_bs32_modL1_fusion32_fusionL1_fusionBN0_drop0p1__wd1e-04trmiss40_trlocglobal,32,1e-05,0.0001,1,32,1,False,0.1,lr1e-05_bs32_modL1_fusion32_fusionL1_fusionBN0_drop0p1__wd1e-04trmiss40_trlocglobal,43,0.6495226791926793,,,,,0.0,0.0,0.0,0.0,,,,,,outer_refit,0.8338663255516469,0.8499169660417044,0.5982142857142857,18473,global,0.4
4,0,lr1e-05_bs32_modL1_fusion32_fusionL1_fusionBN0_drop0p1__wd1e-04trmiss40_trlocglobal,32,1e-05,0.0001,1,32,1,False,0.1,lr1e-05_bs32_modL1_fusion32_fusionL1_fusionBN0_drop0p1__wd1e-04trmiss40_trlocglobal,44,0.6504379425730024,,,,,0.0,0.0,0.0,0.0,,,,,,outer_refit,0.8586947839284287,0.8514397133296003,0.59375,18473,global,0.4
4,0,lr1e-05_bs32_modL1_fusion32_fusionL1_fusionBN0_drop0p1__wd1e-04trmiss40_trlocglobal,32,1e-05,0.0001,1,32,1,False,0.1,lr1e-05_bs32_modL1_fusion32_fusionL1_fusionBN0_drop0p1__wd1e-04trmiss40_trlocglobal,45,0.647956303187779,,,,,0.0,0.0,0.0,0.0,,,,,,outer_refit,0.8648864726574992,0.874843885202493,0.5892857142857143,18473,global,0.4
4,0,lr1e-05_bs32_modL1_fusion32_fusionL1_fusionBN0_drop0p1__wd1e-04trmiss40_trlocglobal,32,1e-05,0.0001,1,32,1,False,0.1,lr1e-05_bs32_modL1_fusion32_fusionL1_fusionBN0_drop0p1__wd1e-04trmiss40_trlocglobal,46,0.6493353162493024,,,,,0.0,0.0,0.0,0.0,,,,,,outer_refit,0.8658838565380622,0.8870816211301504,0.5892857142857143,18473,global,0.4
4,0,lr1e-05_bs32_modL1_fusion32_fusionL1_fusionBN0_drop0p1__wd1e-04trmiss40_trlocglobal,32,1e-05,0.0001,1,32,1,False,0.1,lr1e-05_bs32_modL1_fusion32_fusionL1_fusionBN0_drop0p1__wd1e-04trmiss40_trlocglobal,47,0.6450365611485073,,,,,0.0,0.0,0.0,0.0,,,,,,outer_refit,0.8697180285965332,0.8715758291577768,0.5982142857142857,18473,global,0.4
4,0,lr1e-05_bs32_modL1_fusion32_fusionL1_fusionBN0_drop0p1__wd1e-04trmiss40_trlocglobal,32,1e-05,0.0001,1,32,1,False,0.1,lr1e-05_bs32_modL1_fusion32_fusionL1_fusionBN0_drop0p1__wd1e-04trmiss40_trlocglobal,48,0.6448557036263602,,,,,0.0,0.0,0.0,0.0,,,,,,outer_refit,0.8860729133354652,0.8980037812358952,0.6116071428571429,18473,global,0.4
4,0,lr1e-05_bs32_modL1_fusion32_fusionL1_fusionBN0_drop0p1__wd1e-04trmiss40_trlocglobal,32,1e-05,0.0001,1,32,1,False,0.1,lr1e-05_bs32_modL1_fusion32_fusionL1_fusionBN0_drop0p1__wd1e-04trmiss40_trlocglobal,49,0.6479421172823224,,,,,0.0,0.0,0.0,0.0,,,,,,outer_refit,0.8808762392069075,0.9032206425098739,0.5714285714285714,18473,global,0.4
4,0,lr1e-05_bs32_modL1_fusion32_fusionL1_fusionBN0_drop0p1__wd1e-04trmiss40_trlocglobal,32,1e-05,0.0001,1,32,1,False,0.1,lr1e-05_bs32_modL1_fusion32_fusionL1_fusionBN0_drop0p1__wd1e-04trmiss40_trlocglobal,50,0.6526913898331779,,,,,0.0,0.0,0.0,0.0,,,,,,outer_refit,0.8421010553245922,0.8724652775354509,0.5982142857142857,18473,global,0.4
4,0,lr1e-05_bs32_modL1_fusion32_fusionL1_fusionBN0_drop0p1__wd1e-04trmiss40_trlocglobal,32,1e-05,0.0001,1,32,1,False,0.1,lr1e-05_bs32_modL1_fusion32_fusionL1_fusionBN0_drop0p1__wd1e-04trmiss40_trlocglobal,51,0.6451001763343811,,,,,0.0,0.0,0.0,0.0,,,,,,outer_refit,0.8677646306363928,0.8875750863214557,0.59375,18473,global,0.4
4,0,lr1e-05_bs32_modL1_fusion32_fusionL1_fusionBN0_drop0p1__wd1e-04trmiss40_trlocglobal,32,1e-05,0.0001,1,32,1,False,0.1,lr1e-05_bs32_modL1_fusion32_fusionL1_fusionBN0_drop0p1__wd1e-04trmiss40_trlocglobal,52,0.6458192041942051,,,,,0.0,0.0,0.0,0.0,,,,,,outer_refit,0.8560921010553245,0.8778530094778334,0.6116071428571429,18473,global,0.4
4,0,lr1e-05_bs32_modL1_fusion32_fusionL1_fusionBN0_drop0p1__wd1e-04trmiss40_trlocglobal,32,1e-05,0.0001,1,32,1,False,0.1,lr1e-05_bs32_modL1_fusion32_fusionL1_fusionBN0_drop0p1__wd1e-04trmiss40_trlocglobal,53,0.6460821202823094,,,,,0.0,0.0,0.0,0.0,,,,,,outer_refit,0.8538535337384073,0.8688692127486055,0.6116071428571429,18473,global,0.4
4,0,lr1e-05_bs32_modL1_fusion32_fusionL1_fusionBN0_drop0p1__wd1e-04trmiss40_trlocglobal,32,1e-05,0.0001,1,32,1,False,0.1,lr1e-05_bs32_modL1_fusion32_fusionL1_fusionBN0_drop0p1__wd1e-04trmiss40_trlocglobal,54,0.6427114861352103,,,,,0.0,0.0,0.0,0.0,,,,,,outer_refit,0.8742404860889031,0.8980414391867119,0.6160714285714286,18473,global,0.4
4,0,lr1e-05_bs32_modL1_fusion32_fusionL1_fusionBN0_drop0p1__wd1e-04trmiss40_trlocglobal,32,1e-05,0.0001,1,32,1,False,0.1,lr1e-05_bs32_modL1_fusion32_fusionL1_fusionBN0_drop0p1__wd1e-04trmiss40_trlocglobal,55,0.6459735035896301,,,,,0.0,0.0,0.0,0.0,,,,,,outer_refit,0.8704029421170452,0.889904424969368,0.5982142857142857,18473,global,0.4
4,0,lr1e-05_bs32_modL1_fusion32_fusionL1_fusionBN0_drop0p1__wd1e-04trmiss40_trlocglobal,32,1e-05,0.0001,1,32,1,False,0.1,lr1e-05_bs32_modL1_fusion32_fusionL1_fusionBN0_drop0p1__wd1e-04trmiss40_trlocglobal,56,0.6474750297410148,,,,,0.0,0.0,0.0,0.0,,,,,,outer_refit,0.8591740554357377,0.8620189506484796,0.6160714285714286,18473,global,0.4
4,0,lr1e-05_bs32_modL1_fusion32_fusionL1_fusionBN0_drop0p1__wd1e-04trmiss40_trlocglobal,32,1e-05,0.0001,1,32,1,False,0.1,lr1e-05_bs32_modL1_fusion32_fusionL1_fusionBN0_drop0p1__wd1e-04trmiss40_trlocglobal,57,0.6484100903783526,,,,,0.0,0.0,0.0,0.0,,,,,,outer_refit,0.8470325105839124,0.8675792899092526,0.5982142857142857,18473,global,0.4
4,0,lr1e-05_bs32_modL1_fusion32_fusionL1_fusionBN0_drop0p1__wd1e-04trmiss40_trlocglobal,32,1e-05,0.0001,1,32,1,False,0.1,lr1e-05_bs32_modL1_fusion32_fusionL1_fusionBN0_drop0p1__wd1e-04trmiss40_trlocglobal,58,0.6459873063223702,,,,,0.0,0.0,0.0,0.0,,,,,,outer_refit,0.8569715382155421,0.8877818975613783,0.59375,18473,global,0.4
4,0,lr1e-05_bs32_modL1_fusion32_fusionL1_fusionBN0_drop0p1__wd1e-04trmiss40_trlocglobal,32,1e-05,0.0001,1,32,1,False,0.1,lr1e-05_bs32_modL1_fusion32_fusionL1_fusionBN0_drop0p1__wd1e-04trmiss40_trlocglobal,59,0.6431787695203509,,,,,0.0,0.0,0.0,0.0,,,,,,outer_refit,0.9032619123760793,0.8954838324831065,0.6071428571428571,18473,global,0.4
4,0,lr1e-05_bs32_modL1_fusion32_fusionL1_fusionBN0_drop0p1__wd1e-04trmiss40_trlocglobal,32,1e-05,0.0001,1,32,1,False,0.1,lr1e-05_bs32_modL1_fusion32_fusionL1_fusionBN0_drop0p1__wd1e-04trmiss40_trlocglobal,60,0.6466905985559736,,,,,0.0,0.0,0.0,0.0,,,,,,outer_refit,0.8610911414649733,0.878684532487966,0.6071428571428571,18473,global,0.4
5,1,lr1e-04_bs32_modL1_fusion16_fusionL1_fusionBN0_drop0p2__wd1e-04trmiss40_trlocglobal,32,0.0001,0.0001,1,16,1,False,0.2,lr1e-04_bs32_modL1_fusion16_fusionL1_fusionBN0_drop0p2__wd1e-04trmiss40_trlocglobal,1,0.6996678213278452,0.6883119642734528,0.5533596837944663,0.5922749540300559,0.5555555555555556,0.0,0.0,0.0,0.0,0.0,0.0,0.0,0.0,0.0,,,,,18473,global,0.4
5,1,lr1e-04_bs32_modL1_fusion16_fusionL1_fusionBN0_drop0p2__wd1e-04trmiss40_trlocglobal,32,0.0001,0.0001,1,16,1,False,0.2,lr1e-04_bs32_modL1_fusion16_fusionL1_fusionBN0_drop0p2__wd1e-04trmiss40_trlocglobal,2,0.6775422791639963,0.6824141442775726,0.6284584980237155,0.6713742251494679,0.5777777777777777,0.0,0.0,0.0,0.0,0.0,0.0,0.0,0.0,0.0,,,,,18473,global,0.4
5,1,lr1e-04_bs32_modL1_fusion16_fusionL1_fusionBN0_drop0p2__wd1e-04trmiss40_trlocglobal,32,0.0001,0.0001,1,16,1,False,0.2,lr1e-04_bs32_modL1_fusion16_fusionL1_fusionBN0_drop0p2__wd1e-04trmiss40_trlocglobal,3,0.6699586510658264,0.6781021952629089,0.6561264822134387,0.694508800520579,0.5555555555555556,0.0,0.0,0.0,0.0,0.0,0.0,0.0,0.0,0.0,,,,,18473,global,0.4
5,1,lr1e-04_bs32_modL1_fusion16_fusionL1_fusionBN0_drop0p2__wd1e-04trmiss40_trlocglobal,32,0.0001,0.0001,1,16,1,False,0.2,lr1e-04_bs32_modL1_fusion16_fusionL1_fusionBN0_drop0p2__wd1e-04trmiss40_trlocglobal,4,0.6617193718751272,0.6756213903427124,0.6640316205533597,0.6912470882932993,0.5777777777777777,0.0,0.0,0.0,0.0,0.0,0.0,0.0,0.0,0.0,,,,,18473,global,0.4
5,1,lr1e-04_bs32_modL1_fusion16_fusionL1_fusionBN0_drop0p2__wd1e-04trmiss40_trlocglobal,32,0.0001,0.0001,1,16,1,False,0.2,lr1e-04_bs32_modL1_fusion16_fusionL1_fusionBN0_drop0p2__wd1e-04trmiss40_trlocglobal,5,0.6568151315053304,0.6740666031837463,0.6660079051383399,0.6976573675382765,0.6,0.0,0.0,0.0,0.0,0.0,0.0,0.0,0.0,0.0,,,,,18473,global,0.4
5,1,lr1e-04_bs32_modL1_fusion16_fusionL1_fusionBN0_drop0p2__wd1e-04trmiss40_trlocglobal,32,0.0001,0.0001,1,16,1,False,0.2,lr1e-04_bs32_modL1_fusion16_fusionL1_fusionBN0_drop0p2__wd1e-04trmiss40_trlocglobal,6,0.6393761038780212,0.6736543476581573,0.6699604743083004,0.6840191870973973,0.5555555555555556,0.0,0.0,0.0,0.0,0.0,0.0,0.0,0.0,0.0,,,,,18473,global,0.4
5,1,lr1e-04_bs32_modL1_fusion16_fusionL1_fusionBN0_drop0p2__wd1e-04trmiss40_trlocglobal,32,0.0001,0.0001,1,16,1,False,0.2,lr1e-04_bs32_modL1_fusion16_fusionL1_fusionBN0_drop0p2__wd1e-04trmiss40_trlocglobal,7,0.6377414266268412,0.6730630695819855,0.6719367588932806,0.6855316383937252,0.5777777777777777,0.0,0.0,0.0,0.0,0.0,0.0,0.0,0.0,0.0,,,,,18473,global,0.4
5,1,lr1e-04_bs32_modL1_fusion16_fusionL1_fusionBN0_drop0p2__wd1e-04trmiss40_trlocglobal,32,0.0001,0.0001,1,16,1,False,0.2,lr1e-04_bs32_modL1_fusion16_fusionL1_fusionBN0_drop0p2__wd1e-04trmiss40_trlocglobal,8,0.6374177833398184,0.6737193167209625,0.6778656126482213,0.6964754632525568,0.5777777777777777,0.0,0.0,0.0,0.0,0.0,0.0,0.0,0.0,0.0,,,,,18473,global,0.4
5,1,lr1e-04_bs32_modL1_fusion16_fusionL1_fusionBN0_drop0p2__wd1e-04trmiss40_trlocglobal,32,0.0001,0.0001,1,16,1,False,0.2,lr1e-04_bs32_modL1_fusion16_fusionL1_fusionBN0_drop0p2__wd1e-04trmiss40_trlocglobal,9,0.6176007886727651,0.6742350161075592,0.6620553359683794,0.6866262811146772,0.5555555555555556,0.0,0.0,0.0,0.0,0.0,0.0,0.0,0.0,0.0,,,,,18473,global,0.4
5,1,lr1e-04_bs32_modL1_fusion16_fusionL1_fusionBN0_drop0p2__wd1e-04trmiss40_trlocglobal,32,0.0001,0.0001,1,16,1,False,0.2,lr1e-04_bs32_modL1_fusion16_fusionL1_fusionBN0_drop0p2__wd1e-04trmiss40_trlocglobal,10,0.6143463949362437,0.6746520400047302,0.6482213438735178,0.68025512947976,0.5555555555555556,0.0,0.0,0.0,0.0,0.0,0.0,0.0,0.0,0.0,,,,,18473,global,0.4
5,1,lr1e-04_bs32_modL1_fusion16_fusionL1_fusionBN0_drop0p2__wd1e-04trmiss40_trlocglobal,32,0.0001,0.0001,1,16,1,False,0.2,lr1e-04_bs32_modL1_fusion16_fusionL1_fusionBN0_drop0p2__wd1e-04trmiss40_trlocglobal,11,0.6081346372763315,0.6758951842784882,0.6482213438735177,0.7014369460839467,0.5555555555555556,0.0,0.0,0.0,0.0,0.0,0.0,0.0,0.0,0.0,,,,,18473,global,0.4
5,1,lr1e-04_bs32_modL1_fusion16_fusionL1_fusionBN0_drop0p2__wd1e-04trmiss40_trlocglobal,32,0.0001,0.0001,1,16,1,False,0.2,lr1e-04_bs32_modL1_fusion16_fusionL1_fusionBN0_drop0p2__wd1e-04trmiss40_trlocglobal,12,0.6175226171811422,0.6778664588928223,0.6343873517786561,0.6861641382756536,0.5555555555555556,0.0,0.0,0.0,0.0,0.0,0.0,0.0,0.0,0.0,,,,,18473,global,0.4
5,1,lr1e-04_bs32_modL1_fusion16_fusionL1_fusionBN0_drop0p2__wd1e-04trmiss40_trlocglobal,32,0.0001,0.0001,1,16,1,False,0.2,lr1e-04_bs32_modL1_fusion16_fusionL1_fusionBN0_drop0p2__wd1e-04trmiss40_trlocglobal,13,0.5991771121819814,0.6772745549678802,0.6363636363636364,0.6585621064402123,0.5555555555555556,0.0,0.0,0.0,0.0,0.0,0.0,0.0,0.0,0.0,,,,,18473,global,0.4
5,1,lr1e-04_bs32_modL1_fusion16_fusionL1_fusionBN0_drop0p2__wd1e-04trmiss40_trlocglobal,32,0.0001,0.0001,1,16,1,False,0.2,lr1e-04_bs32_modL1_fusion16_fusionL1_fusionBN0_drop0p2__wd1e-04trmiss40_trlocglobal,14,0.6013514896233877,0.6757607758045197,0.6383399209486167,0.6507869324671476,0.5777777777777777,0.0,0.0,0.0,0.0,0.0,0.0,0.0,0.0,0.0,,,,,18473,global,0.4
5,1,lr1e-04_bs32_modL1_fusion16_fusionL1_fusionBN0_drop0p2__wd1e-04trmiss40_trlocglobal,32,0.0001,0.0001,1,16,1,False,0.2,lr1e-04_bs32_modL1_fusion16_fusionL1_fusionBN0_drop0p2__wd1e-04trmiss40_trlocglobal,15,0.5953337351481119,0.6780934035778046,0.6264822134387352,0.6319805164615236,0.5777777777777777,0.0,0.0,0.0,0.0,0.0,0.0,0.0,0.0,0.0,,,,,18473,global,0.4
5,1,lr1e-04_bs32_modL1_fusion16_fusionL1_fusionBN0_drop0p2__wd1e-04trmiss40_trlocglobal,32,0.0001,0.0001,1,16,1,False,0.2,lr1e-04_bs32_modL1_fusion16_fusionL1_fusionBN0_drop0p2__wd1e-04trmiss40_trlocglobal,16,0.5957335233688354,0.6777018010616302,0.6284584980237155,0.6430044442520764,0.5555555555555556,0.0,0.0,0.0,0.0,0.0,0.0,0.0,0.0,0.0,,,,,18473,global,0.4
5,1,lr1e-04_bs32_modL1_fusion16_fusionL1_fusionBN0_drop0p2__wd1e-04trmiss40_trlocglobal,32,0.0001,0.0001,1,16,1,False,0.2,lr1e-04_bs32_modL1_fusion16_fusionL1_fusionBN0_drop0p2__wd1e-04trmiss40_trlocglobal,17,0.591308186451594,0.6777740120887756,0.6245059288537549,0.6436862431838907,0.5111111111111111,0.0,0.0,0.0,0.0,0.0,0.0,0.0,0.0,0.0,,,,,18473,global,0.4
5,1,lr1e-04_bs32_modL1_fusion16_fusionL1_fusionBN0_drop0p2__wd1e-04trmiss40_trlocglobal,32,0.0001,0.0001,1,16,1,False,0.2,lr1e-04_bs32_modL1_fusion16_fusionL1_fusionBN0_drop0p2__wd1e-04trmiss40_trlocglobal,18,0.5796242554982504,0.6762170195579529,0.634387351778656,0.6733225685396937,0.5111111111111111,0.0,0.0,0.0,0.0,0.0,0.0,0.0,0.0,0.0,,,,,18473,global,0.4
5,1,lr1e-04_bs32_modL1_fusion16_fusionL1_fusionBN0_drop0p2__wd1e-04trmiss40_trlocglobal,32,0.0001,0.0001,1,16,1,False,0.2,lr1e-04_bs32_modL1_fusion16_fusionL1_fusionBN0_drop0p2__wd1e-04trmiss40_trlocglobal,19,0.5784589747587839,0.68028324842453,0.6205533596837944,0.6371931263232951,0.5333333333333333,0.0,0.0,0.0,0.0,0.0,0.0,0.0,0.0,0.0,,,,,18473,global,0.4
5,1,lr1e-04_bs32_modL1_fusion16_fusionL1_fusionBN0_drop0p2__wd1e-04trmiss40_trlocglobal,32,0.0001,0.0001,1,16,1,False,0.2,lr1e-04_bs32_modL1_fusion16_fusionL1_fusionBN0_drop0p2__wd1e-04trmiss40_trlocglobal,20,0.564900795618693,0.6825425028800964,0.6106719367588932,0.6318012845887231,0.5333333333333333,0.0,0.0,0.0,0.0,0.0,0.0,0.0,0.0,0.0,,,,,18473,global,0.4
5,1,lr1e-04_bs32_modL1_fusion16_fusionL1_fusionBN0_drop0p2__wd1e-04trmiss40_trlocglobal,32,0.0001,0.0001,1,16,1,False,0.2,lr1e-04_bs32_modL1_fusion16_fusionL1_fusionBN0_drop0p2__wd1e-04trmiss40_trlocglobal,21,0.5795955657958984,0.6829082667827606,0.608695652173913,0.6290525244358709,0.5333333333333333,0.0,0.0,0.0,0.0,0.0,0.0,0.0,0.0,0.0,,,,,18473,global,0.4
5,1,lr1e-04_bs32_modL1_fusion16_fusionL1_fusionBN0_drop0p2__wd1e-04trmiss40_trlocglobal,32,0.0001,0.0001,1,16,1,False,0.2,lr1e-04_bs32_modL1_fusion16_fusionL1_fusionBN0_drop0p2__wd1e-04trmiss40_trlocglobal,22,0.5660151143868765,0.6823890507221222,0.6185770750988142,0.6298893097931357,0.5111111111111111,0.0,0.0,0.0,0.0,0.0,0.0,0.0,0.0,0.0,,,,,18473,global,0.4
5,1,lr1e-04_bs32_modL1_fusion16_fusionL1_fusionBN0_drop0p2__wd1e-04trmiss40_trlocglobal,32,0.0001,0.0001,1,16,1,False,0.2,lr1e-04_bs32_modL1_fusion16_fusionL1_fusionBN0_drop0p2__wd1e-04trmiss40_trlocglobal,23,0.5623329182465872,0.6833250224590302,0.608695652173913,0.6199519664840032,0.5111111111111111,0.0,0.0,0.0,0.0,0.0,0.0,0.0,0.0,0.0,,,,,18473,global,0.4
5,1,lr1e-04_bs32_modL1_fusion16_fusionL1_fusionBN0_drop0p2__wd1e-04trmiss40_trlocglobal,32,0.0001,0.0001,1,16,1,False,0.2,lr1e-04_bs32_modL1_fusion16_fusionL1_fusionBN0_drop0p2__wd1e-04trmiss40_trlocglobal,24,0.5553416212399801,0.6829033493995667,0.6106719367588933,0.621382220184078,0.5555555555555556,0.0,0.0,0.0,0.0,0.0,0.0,0.0,0.0,0.0,,,,,18473,global,0.4
5,1,lr1e-04_bs32_modL1_fusion16_fusionL1_fusionBN0_drop0p2__wd1e-04trmiss40_trlocglobal,32,0.0001,0.0001,1,16,1,False,0.2,lr1e-04_bs32_modL1_fusion16_fusionL1_fusionBN0_drop0p2__wd1e-04trmiss40_trlocglobal,25,0.5548000633716583,0.6850963234901428,0.6146245059288536,0.6208251482482561,0.5555555555555556,0.0,0.0,0.0,0.0,0.0,0.0,0.0,0.0,0.0,,,,,18473,global,0.4
5,1,lr1e-04_bs32_modL1_fusion16_fusionL1_fusionBN0_drop0p2__wd1e-04trmiss40_trlocglobal,32,0.0001,0.0001,1,16,1,False,0.2,lr1e-04_bs32_modL1_fusion16_fusionL1_fusionBN0_drop0p2__wd1e-04trmiss40_trlocglobal,26,0.5557053685188293,0.6853885352611542,0.6126482213438735,0.5959260553770583,0.5333333333333333,0.0,0.0,0.0,0.0,0.0,0.0,0.0,0.0,0.0,,,,,18473,global,0.4
5,1,lr1e-04_bs32_modL1_fusion16_fusionL1_fusionBN0_drop0p2__wd1e-04trmiss40_trlocglobal,32,0.0001,0.0001,1,16,1,False,0.2,lr1e-04_bs32_modL1_fusion16_fusionL1_fusionBN0_drop0p2__wd1e-04trmiss40_trlocglobal,27,0.5414635340372721,0.6846908628940582,0.616600790513834,0.6039253249446923,0.5333333333333333,0.0,0.0,0.0,0.0,0.0,0.0,0.0,0.0,0.0,,,,,18473,global,0.4
5,1,lr1e-04_bs32_modL1_fusion16_fusionL1_fusionBN0_drop0p2__wd1e-04trmiss40_trlocglobal,32,0.0001,0.0001,1,16,1,False,0.2,lr1e-04_bs32_modL1_fusion16_fusionL1_fusionBN0_drop0p2__wd1e-04trmiss40_trlocglobal,28,0.5533548792203268,0.6877317428588867,0.6146245059288536,0.6022707517468427,0.5111111111111111,0.0,0.0,0.0,0.0,0.0,0.0,0.0,0.0,0.0,,,,,18473,global,0.4
5,1,lr1e-04_bs32_modL1_fusion16_fusionL1_fusionBN0_drop0p1__wd1e-04trmiss40_trlocglobal,32,0.0001,0.0001,1,16,1,False,0.1,lr1e-04_bs32_modL1_fusion16_fusionL1_fusionBN0_drop0p1__wd1e-04trmiss40_trlocglobal,1,0.6963286598523458,0.687073290348053,0.58300395256917,0.656433361197146,0.5111111111111111,0.0,0.0,0.0,0.0,0.0,0.0,0.0,0.0,0.0,,,,,18473,global,0.4
5,1,lr1e-04_bs32_modL1_fusion16_fusionL1_fusionBN0_drop0p1__wd1e-04trmiss40_trlocglobal,32,0.0001,0.0001,1,16,1,False,0.1,lr1e-04_bs32_modL1_fusion16_fusionL1_fusionBN0_drop0p1__wd1e-04trmiss40_trlocglobal,2,0.6808109482129415,0.6846367716789246,0.6106719367588933,0.6598955087559379,0.5111111111111111,0.0,0.0,0.0,0.0,0.0,0.0,0.0,0.0,0.0,,,,,18473,global,0.4
5,1,lr1e-04_bs32_modL1_fusion16_fusionL1_fusionBN0_drop0p1__wd1e-04trmiss40_trlocglobal,32,0.0001,0.0001,1,16,1,False,0.1,lr1e-04_bs32_modL1_fusion16_fusionL1_fusionBN0_drop0p1__wd1e-04trmiss40_trlocglobal,3,0.6630237499872843,0.6864811182022095,0.567193675889328,0.6088121466640678,0.5111111111111111,0.0,0.0,0.0,0.0,0.0,0.0,0.0,0.0,0.0,,,,,18473,global,0.4
5,1,lr1e-04_bs32_modL1_fusion16_fusionL1_fusionBN0_drop0p1__wd1e-04trmiss40_trlocglobal,32,0.0001,0.0001,1,16,1,False,0.1,lr1e-04_bs32_modL1_fusion16_fusionL1_fusionBN0_drop0p1__wd1e-04trmiss40_trlocglobal,4,0.6603474418322245,0.6872424781322479,0.5612648221343873,0.605176003772453,0.5111111111111111,0.0,0.0,0.0,0.0,0.0,0.0,0.0,0.0,0.0,,,,,18473,global,0.4
5,1,lr1e-04_bs32_modL1_fusion16_fusionL1_fusionBN0_drop0p1__wd1e-04trmiss40_trlocglobal,32,0.0001,0.0001,1,16,1,False,0.1,lr1e-04_bs32_modL1_fusion16_fusionL1_fusionBN0_drop0p1__wd1e-04trmiss40_trlocglobal,5,0.6525777280330658,0.6879132390022278,0.5612648221343873,0.6031254957800828,0.5111111111111111,0.0,0.0,0.0,0.0,0.0,0.0,0.0,0.0,0.0,,,,,18473,global,0.4
5,1,lr1e-04_bs32_modL1_fusion16_fusionL1_fusionBN0_drop0p1__wd1e-04trmiss40_trlocglobal,32,0.0001,0.0001,1,16,1,False,0.1,lr1e-04_bs32_modL1_fusion16_fusionL1_fusionBN0_drop0p1__wd1e-04trmiss40_trlocglobal,6,0.6428332428137461,0.6882062256336212,0.5671936758893281,0.6020602164539339,0.5555555555555556,0.0,0.0,0.0,0.0,0.0,0.0,0.0,0.0,0.0,,,,,18473,global,0.4
5,1,lr1e-04_bs32_modL1_fusion16_fusionL1_fusionBN0_drop0p1__wd1e-04trmiss40_trlocglobal,32,0.0001,0.0001,1,16,1,False,0.1,lr1e-04_bs32_modL1_fusion16_fusionL1_fusionBN0_drop0p1__wd1e-04trmiss40_trlocglobal,7,0.6305131713549296,0.6891595125198364,0.5849802371541502,0.6128063836000431,0.5555555555555556,0.0,0.0,0.0,0.0,0.0,0.0,0.0,0.0,0.0,,,,,18473,global,0.4
5,1,lr1e-04_bs32_modL1_fusion16_fusionL1_fusionBN0_drop0p1__wd1e-04trmiss40_trlocglobal,32,0.0001,0.0001,1,16,1,False,0.1,lr1e-04_bs32_modL1_fusion16_fusionL1_fusionBN0_drop0p1__wd1e-04trmiss40_trlocglobal,8,0.6257086793581644,0.6888577342033386,0.5869565217391304,0.6156424696830481,0.5555555555555556,0.0,0.0,0.0,0.0,0.0,0.0,0.0,0.0,0.0,,,,,18473,global,0.4
5,1,lr1e-04_bs32_modL1_fusion16_fusionL1_fusionBN0_drop0p1__wd1e-04trmiss40_trlocglobal,32,0.0001,0.0001,1,16,1,False,0.1,lr1e-04_bs32_modL1_fusion16_fusionL1_fusionBN0_drop0p1__wd1e-04trmiss40_trlocglobal,9,0.6316892007986704,0.6858766376972198,0.5988142292490118,0.6078636606215587,0.5555555555555556,0.0,0.0,0.0,0.0,0.0,0.0,0.0,0.0,0.0,,,,,18473,global,0.4
5,1,lr1e-04_bs32_modL1_fusion16_fusionL1_fusionBN0_drop0p1__wd1e-04trmiss40_trlocglobal,32,0.0001,0.0001,1,16,1,False,0.1,lr1e-04_bs32_modL1_fusion16_fusionL1_fusionBN0_drop0p1__wd1e-04trmiss40_trlocglobal,10,0.6174139082431793,0.6875948011875153,0.5988142292490118,0.5988710853598425,0.5555555555555556,0.0,0.0,0.0,0.0,0.0,0.0,0.0,0.0,0.0,,,,,18473,global,0.4
5,1,lr1e-04_bs32_modL1_fusion16_fusionL1_fusionBN0_drop0p1__wd1e-04trmiss40_trlocglobal,32,0.0001,0.0001,1,16,1,False,0.1,lr1e-04_bs32_modL1_fusion16_fusionL1_fusionBN0_drop0p1__wd1e-04trmiss40_trlocglobal,11,0.6070317725340525,0.6877571940422058,0.5928853754940712,0.6007011853591092,0.5555555555555556,0.0,0.0,0.0,0.0,0.0,0.0,0.0,0.0,0.0,,,,,18473,global,0.4
5,1,lr1e-04_bs32_modL1_fusion16_fusionL1_fusionBN0_drop0p1__wd1e-04trmiss40_trlocglobal,32,0.0001,0.0001,1,16,1,False,0.1,lr1e-04_bs32_modL1_fusion16_fusionL1_fusionBN0_drop0p1__wd1e-04trmiss40_trlocglobal,12,0.6009245117505392,0.689515084028244,0.5909090909090909,0.5666327739074467,0.5555555555555556,0.0,0.0,0.0,0.0,0.0,0.0,0.0,0.0,0.0,,,,,18473,global,0.4
5,1,lr1e-04_bs32_modL1_fusion16_fusionL1_fusionBN0_drop0p1__wd1e-04trmiss40_trlocglobal,32,0.0001,0.0001,1,16,1,False,0.1,lr1e-04_bs32_modL1_fusion16_fusionL1_fusionBN0_drop0p1__wd1e-04trmiss40_trlocglobal,13,0.5960035920143127,0.6884926855564117,0.5988142292490118,0.5718700891142543,0.5555555555555556,0.0,0.0,0.0,0.0,0.0,0.0,0.0,0.0,0.0,,,,,18473,global,0.4
5,1,lr1e-04_bs32_modL1_fusion16_fusionL1_fusionBN0_drop0p1__wd1e-04trmiss40_trlocglobal,32,0.0001,0.0001,1,16,1,False,0.1,lr1e-04_bs32_modL1_fusion16_fusionL1_fusionBN0_drop0p1__wd1e-04trmiss40_trlocglobal,14,0.5946776568889618,0.6905468702316284,0.5889328063241107,0.5643550409342445,0.5555555555555556,0.0,0.0,0.0,0.0,0.0,0.0,0.0,0.0,0.0,,,,,18473,global,0.4
5,1,lr1e-04_bs32_modL1_fusion16_fusionL1_fusionBN0_drop0p1__wd1e-04trmiss40_trlocglobal,32,0.0001,0.0001,1,16,1,False,0.1,lr1e-04_bs32_modL1_fusion16_fusionL1_fusionBN0_drop0p1__wd1e-04trmiss40_trlocglobal,15,0.5845739444096884,0.6924327611923218,0.5849802371541502,0.5672693099187186,0.5555555555555556,0.0,0.0,0.0,0.0,0.0,0.0,0.0,0.0,0.0,,,,,18473,global,0.4
5,1,lr1e-04_bs32_modL1_fusion16_fusionL1_fusionBN0_drop0p1__wd1e-04trmiss40_trlocglobal,32,0.0001,0.0001,1,16,1,False,0.1,lr1e-04_bs32_modL1_fusion16_fusionL1_fusionBN0_drop0p1__wd1e-04trmiss40_trlocglobal,16,0.5856185456116995,0.6928577721118927,0.5849802371541502,0.5723751963568258,0.6,0.0,0.0,0.0,0.0,0.0,0.0,0.0,0.0,0.0,,,,,18473,global,0.4
5,1,lr1e-04_bs32_modL1_fusion16_fusionL1_fusionBN0_drop0p1__wd1e-04trmiss40_trlocglobal,32,0.0001,0.0001,1,16,1,False,0.1,lr1e-04_bs32_modL1_fusion16_fusionL1_fusionBN0_drop0p1__wd1e-04trmiss40_trlocglobal,17,0.5691676239172617,0.6947214305400848,0.5691699604743083,0.5644813734560823,0.6,0.0,0.0,0.0,0.0,0.0,0.0,0.0,0.0,0.0,,,,,18473,global,0.4
5,1,lr1e-04_bs32_modL1_fusion16_fusionL1_fusionBN0_drop0p1__wd1e-04trmiss40_trlocglobal,32,0.0001,0.0001,1,16,1,False,0.1,lr1e-04_bs32_modL1_fusion16_fusionL1_fusionBN0_drop0p1__wd1e-04trmiss40_trlocglobal,18,0.5762945016225179,0.699104517698288,0.5652173913043479,0.5543708408479487,0.5777777777777777,0.0,0.0,0.0,0.0,0.0,0.0,0.0,0.0,0.0,,,,,18473,global,0.4
5,1,lr1e-04_bs32_modL1_fusion16_fusionL1_fusionBN0_drop0p1__wd1e-04trmiss40_trlocglobal,32,0.0001,0.0001,1,16,1,False,0.1,lr1e-04_bs32_modL1_fusion16_fusionL1_fusionBN0_drop0p1__wd1e-04trmiss40_trlocglobal,19,0.5657847026983897,0.6972943842411041,0.5810276679841897,0.5608892129450046,0.5555555555555556,0.0,0.0,0.0,0.0,0.0,0.0,0.0,0.0,0.0,,,,,18473,global,0.4
5,1,lr1e-04_bs32_modL1_fusion16_fusionL1_fusionBN0_drop0p1__wd1e-04trmiss40_trlocglobal,32,0.0001,0.0001,1,16,1,False,0.1,lr1e-04_bs32_modL1_fusion16_fusionL1_fusionBN0_drop0p1__wd1e-04trmiss40_trlocglobal,20,0.5674743354320526,0.6981147229671478,0.5909090909090909,0.563583600942321,0.5555555555555556,0.0,0.0,0.0,0.0,0.0,0.0,0.0,0.0,0.0,,,,,18473,global,0.4
5,1,lr1e-04_bs32_modL1_fusion16_fusionL1_fusionBN0_drop0p1__wd1e-04trmiss40_trlocglobal,32,0.0001,0.0001,1,16,1,False,0.1,lr1e-04_bs32_modL1_fusion16_fusionL1_fusionBN0_drop0p1__wd1e-04trmiss40_trlocglobal,21,0.5477620462576548,0.6978846490383148,0.5889328063241106,0.5674874213894682,0.5555555555555556,0.0,0.0,0.0,0.0,0.0,0.0,0.0,0.0,0.0,,,,,18473,global,0.4
5,1,lr1e-04_bs32_modL1_fusion16_fusionL1_fusionBN0_drop0p1__wd1e-04trmiss40_trlocglobal,32,0.0001,0.0001,1,16,1,False,0.1,lr1e-04_bs32_modL1_fusion16_fusionL1_fusionBN0_drop0p1__wd1e-04trmiss40_trlocglobal,22,0.5497836470603943,0.7017145454883575,0.5909090909090908,0.5566088387508623,0.5555555555555556,0.0,0.0,0.0,0.0,0.0,0.0,0.0,0.0,0.0,,,,,18473,global,0.4
5,1,lr1e-04_bs32_modL1_fusion16_fusionL1_fusionBN0_drop0p1__wd1e-04trmiss40_trlocglobal,32,0.0001,0.0001,1,16,1,False,0.1,lr1e-04_bs32_modL1_fusion16_fusionL1_fusionBN0_drop0p1__wd1e-04trmiss40_trlocglobal,23,0.541483054558436,0.7010044753551483,0.5909090909090908,0.5594558683029336,0.5555555555555556,0.0,0.0,0.0,0.0,0.0,0.0,0.0,0.0,0.0,,,,,18473,global,0.4
5,1,lr1e-04_bs32_modL1_fusion16_fusionL1_fusionBN0_drop0p1__wd1e-04trmiss40_trlocglobal,32,0.0001,0.0001,1,16,1,False,0.1,lr1e-04_bs32_modL1_fusion16_fusionL1_fusionBN0_drop0p1__wd1e-04trmiss40_trlocglobal,24,0.5425184716780981,0.6999650299549103,0.5968379446640316,0.5664526165636107,0.5555555555555556,0.0,0.0,0.0,0.0,0.0,0.0,0.0,0.0,0.0,,,,,18473,global,0.4
5,1,lr1e-04_bs32_modL1_fusion16_fusionL1_fusionBN0_drop0p1__wd1e-04trmiss40_trlocglobal,32,0.0001,0.0001,1,16,1,False,0.1,lr1e-04_bs32_modL1_fusion16_fusionL1_fusionBN0_drop0p1__wd1e-04trmiss40_trlocglobal,25,0.5371744533379873,0.7039833962917328,0.5889328063241106,0.5572991711705568,0.5555555555555556,0.0,0.0,0.0,0.0,0.0,0.0,0.0,0.0,0.0,,,,,18473,global,0.4
5,1,lr1e-04_bs32_modL1_fusion16_fusionL1_fusionBN0_drop0p1__wd1e-04trmiss40_trlocglobal,32,0.0001,0.0001,1,16,1,False,0.1,lr1e-04_bs32_modL1_fusion16_fusionL1_fusionBN0_drop0p1__wd1e-04trmiss40_trlocglobal,26,0.5266032268603643,0.7028295397758484,0.608695652173913,0.5707479861178042,0.5333333333333333,0.0,0.0,0.0,0.0,0.0,0.0,0.0,0.0,0.0,,,,,18473,global,0.4
5,1,lr1e-04_bs32_modL1_fusion16_fusionL1_fusionBN0_drop0p1__wd1e-04trmiss40_trlocglobal,32,0.0001,0.0001,1,16,1,False,0.1,lr1e-04_bs32_modL1_fusion16_fusionL1_fusionBN0_drop0p1__wd1e-04trmiss40_trlocglobal,27,0.5334861675898234,0.7081976234912872,0.5830039525691699,0.5508410661283556,0.5333333333333333,0.0,0.0,0.0,0.0,0.0,0.0,0.0,0.0,0.0,,,,,18473,global,0.4
5,1,lr1e-04_bs32_modL1_fusion16_fusionL1_fusionBN0_drop0p1__wd1e-04trmiss40_trlocglobal,32,0.0001,0.0001,1,16,1,False,0.1,lr1e-04_bs32_modL1_fusion16_fusionL1_fusionBN0_drop0p1__wd1e-04trmiss40_trlocglobal,28,0.526398703455925,0.7102048993110657,0.5948616600790514,0.5642265808520017,0.5333333333333333,0.0,0.0,0.0,0.0,0.0,0.0,0.0,0.0,0.0,,,,,18473,global,0.4
5,1,lr1e-04_bs32_modL1_fusion16_fusionL1_fusionBN0_drop0p1__wd1e-04trmiss40_trlocglobal,32,0.0001,0.0001,1,16,1,False,0.1,lr1e-04_bs32_modL1_fusion16_fusionL1_fusionBN0_drop0p1__wd1e-04trmiss40_trlocglobal,29,0.5200229038794836,0.71283358335495,0.575098814229249,0.5463613553633464,0.5333333333333333,0.0,0.0,0.0,0.0,0.0,0.0,0.0,0.0,0.0,,,,,18473,global,0.4
5,1,lr1e-04_bs32_modL1_fusion16_fusionL1_fusionBN0_drop0p1__wd1e-04trmiss40_trlocglobal,32,0.0001,0.0001,1,16,1,False,0.1,lr1e-04_bs32_modL1_fusion16_fusionL1_fusionBN0_drop0p1__wd1e-04trmiss40_trlocglobal,30,0.514370878537496,0.7130203545093536,0.5770750988142292,0.5515708398002049,0.5333333333333333,0.0,0.0,0.0,0.0,0.0,0.0,0.0,0.0,0.0,,,,,18473,global,0.4
5,1,lr1e-04_bs32_modL1_fusion16_fusionL1_fusionBN0_drop0p1__wd1e-04trmiss40_trlocglobal,32,0.0001,0.0001,1,16,1,False,0.1,lr1e-04_bs32_modL1_fusion16_fusionL1_fusionBN0_drop0p1__wd1e-04trmiss40_trlocglobal,31,0.5092767824729284,0.7117744982242584,0.5909090909090909,0.563481621429148,0.5333333333333333,0.0,0.0,0.0,0.0,0.0,0.0,0.0,0.0,0.0,,,,,18473,global,0.4
5,1,lr1e-04_bs32_modL1_fusion16_fusionL1_fusionBN0_drop0p1__wd1e-04trmiss40_trlocglobal,32,0.0001,0.0001,1,16,1,False,0.1,lr1e-04_bs32_modL1_fusion16_fusionL1_fusionBN0_drop0p1__wd1e-04trmiss40_trlocglobal,32,0.4983076552549998,0.71241894364357,0.5869565217391305,0.5586676785541953,0.5333333333333333,0.0,0.0,0.0,0.0,0.0,0.0,0.0,0.0,0.0,,,,,18473,global,0.4
5,1,lr1e-04_bs32_modL1_fusion16_fusionL1_fusionBN0_drop0p1__wd1e-04trmiss40_trlocglobal,32,0.0001,0.0001,1,16,1,False,0.1,lr1e-04_bs32_modL1_fusion16_fusionL1_fusionBN0_drop0p1__wd1e-04trmiss40_trlocglobal,33,0.4982330997784932,0.7131564617156982,0.5612648221343873,0.53895546303128,0.5333333333333333,0.0,0.0,0.0,0.0,0.0,0.0,0.0,0.0,0.0,,,,,18473,global,0.4
5,1,lr1e-04_bs32_modL1_fusion16_fusionL1_fusionBN0_drop0p1__wd1e-04trmiss40_trlocglobal,32,0.0001,0.0001,1,16,1,False,0.1,lr1e-04_bs32_modL1_fusion16_fusionL1_fusionBN0_drop0p1__wd1e-04trmiss40_trlocglobal,34,0.4882795463005702,0.7125818133354187,0.5790513833992095,0.5533977505874361,0.5333333333333333,0.0,0.0,0.0,0.0,0.0,0.0,0.0,0.0,0.0,,,,,18473,global,0.4
5,1,lr1e-04_bs32_modL1_fusion16_fusionL1_fusionBN0_drop0p1__wd1e-04trmiss40_trlocglobal,32,0.0001,0.0001,1,16,1,False,0.1,lr1e-04_bs32_modL1_fusion16_fusionL1_fusionBN0_drop0p1__wd1e-04trmiss40_trlocglobal,35,0.48542942106723785,0.713295042514801,0.5711462450592886,0.5471182322785437,0.5333333333333333,0.0,0.0,0.0,0.0,0.0,0.0,0.0,0.0,0.0,,,,,18473,global,0.4
5,1,lr1e-04_bs32_modL1_fusion16_fusionL1_fusionBN0_drop0p1__wd1e-04trmiss40_trlocglobal,32,0.0001,0.0001,1,16,1,False,0.1,lr1e-04_bs32_modL1_fusion16_fusionL1_fusionBN0_drop0p1__wd1e-04trmiss40_trlocglobal,36,0.48990578452746075,0.7127284109592438,0.5849802371541502,0.5560802259953468,0.5111111111111111,0.0,0.0,0.0,0.0,0.0,0.0,0.0,0.0,0.0,,,,,18473,global,0.4
5,1,lr1e-04_bs32_modL1_fusion16_fusionL1_fusionBN0_drop0p1__wd1e-04trmiss40_trlocglobal,32,0.0001,0.0001,1,16,1,False,0.1,lr1e-04_bs32_modL1_fusion16_fusionL1_fusionBN0_drop0p1__wd1e-04trmiss40_trlocglobal,37,0.48318113883336383,0.7137996852397919,0.5849802371541502,0.552936670499006,0.5111111111111111,0.0,0.0,0.0,0.0,0.0,0.0,0.0,0.0,0.0,,,,,18473,global,0.4
5,1,lr1e-04_bs32_modL1_fusion16_fusionL1_fusionBN0_drop0p1__wd1e-04trmiss40_trlocglobal,32,0.0001,0.0001,1,16,1,False,0.1,lr1e-04_bs32_modL1_fusion16_fusionL1_fusionBN0_drop0p1__wd1e-04trmiss40_trlocglobal,38,0.49130051334698993,0.7178603410720825,0.5790513833992095,0.5473498062067429,0.5333333333333333,0.0,0.0,0.0,0.0,0.0,0.0,0.0,0.0,0.0,,,,,18473,global,0.4
5,1,lr1e-04_bs32_modL1_fusion16_fusionL1_fusionBN0_drop0p1__wd1e-04trmiss40_trlocglobal,32,0.0001,0.0001,1,16,1,False,0.1,lr1e-04_bs32_modL1_fusion16_fusionL1_fusionBN0_drop0p1__wd1e-04trmiss40_trlocglobal,39,0.4812981386979421,0.7136780321598053,0.5790513833992095,0.5555784435114671,0.5111111111111111,0.0,0.0,0.0,0.0,0.0,0.0,0.0,0.0,0.0,,,,,18473,global,0.4
5,1,lr1e-04_bs32_modL1_fusion16_fusionL1_fusionBN0_drop0p1__wd1e-04trmiss40_trlocglobal,32,0.0001,0.0001,1,16,1,False,0.1,lr1e-04_bs32_modL1_fusion16_fusionL1_fusionBN0_drop0p1__wd1e-04trmiss40_trlocglobal,40,0.47342584033807117,0.713724821805954,0.5770750988142292,0.5499190518831791,0.5333333333333333,0.0,0.0,0.0,0.0,0.0,0.0,0.0,0.0,0.0,,,,,18473,global,0.4
5,1,lr1e-04_bs32_modL1_fusion16_fusionL1_fusionBN0_drop0p1__wd1e-04trmiss40_trlocglobal,32,0.0001,0.0001,1,16,1,False,0.1,lr1e-04_bs32_modL1_fusion16_fusionL1_fusionBN0_drop0p1__wd1e-04trmiss40_trlocglobal,41,0.46760908762613934,0.71546870470047,0.5770750988142292,0.5510930751948908,0.5333333333333333,0.0,0.0,0.0,0.0,0.0,0.0,0.0,0.0,0.0,,,,,18473,global,0.4
5,1,lr1e-04_bs32_modL1_fusion16_fusionL1_fusionBN0_drop0p1__wd1e-04trmiss40_trlocglobal,32,0.0001,0.0001,1,16,1,False,0.1,lr1e-04_bs32_modL1_fusion16_fusionL1_fusionBN0_drop0p1__wd1e-04trmiss40_trlocglobal,42,0.46838179727395374,0.7184356451034546,0.5790513833992095,0.5557414260627254,0.5111111111111111,0.0,0.0,0.0,0.0,0.0,0.0,0.0,0.0,0.0,,,,,18473,global,0.4
5,1,lr1e-04_bs32_modL1_fusion16_fusionL1_fusionBN0_drop0p1__wd1e-04trmiss40_trlocglobal,32,0.0001,0.0001,1,16,1,False,0.1,lr1e-04_bs32_modL1_fusion16_fusionL1_fusionBN0_drop0p1__wd1e-04trmiss40_trlocglobal,43,0.45776444176832837,0.7163569033145905,0.5830039525691699,0.5548011031275175,0.5333333333333333,0.0,0.0,0.0,0.0,0.0,0.0,0.0,0.0,0.0,,,,,18473,global,0.4
5,1,lr1e-04_bs32_modL1_fusion16_fusionL1_fusionBN0_drop0p1__wd1e-04trmiss40_trlocglobal,32,0.0001,0.0001,1,16,1,False,0.1,lr1e-04_bs32_modL1_fusion16_fusionL1_fusionBN0_drop0p1__wd1e-04trmiss40_trlocglobal,44,0.4586879511674245,0.7183881103992462,0.5790513833992095,0.5539027832932709,0.5555555555555556,0.0,0.0,0.0,0.0,0.0,0.0,0.0,0.0,0.0,,,,,18473,global,0.4
5,1,lr1e-04_bs32_modL1_fusion16_fusionL1_fusionBN0_drop0p1__wd1e-04trmiss40_trlocglobal,32,0.0001,0.0001,1,16,1,False,0.1,lr1e-04_bs32_modL1_fusion16_fusionL1_fusionBN0_drop0p1__wd1e-04trmiss40_trlocglobal,45,0.4664688805739085,0.7192715704441071,0.5711462450592885,0.544313654938158,0.5555555555555556,0.0,0.0,0.0,0.0,0.0,0.0,0.0,0.0,0.0,,,,,18473,global,0.4
5,1,lr1e-04_bs32_modL1_fusion16_fusionL1_fusionBN0_drop0p1__wd1e-04trmiss40_trlocglobal,32,0.0001,0.0001,1,16,1,False,0.1,lr1e-04_bs32_modL1_fusion16_fusionL1_fusionBN0_drop0p1__wd1e-04trmiss40_trlocglobal,46,0.44889430205027264,0.7168881595134735,0.5889328063241106,0.5618928000941397,0.5555555555555556,0.0,0.0,0.0,0.0,0.0,0.0,0.0,0.0,0.0,,,,,18473,global,0.4
5,1,lr1e-04_bs32_modL1_fusion32_fusionL1_fusionBN0_drop0p2__wd1e-04trmiss40_trlocglobal,32,0.0001,0.0001,1,32,1,False,0.2,lr1e-04_bs32_modL1_fusion32_fusionL1_fusionBN0_drop0p2__wd1e-04trmiss40_trlocglobal,1,0.7033740083376566,0.6953108012676239,0.4505928853754941,0.48006476651882035,0.5111111111111111,0.0,0.0,0.0,0.0,0.0,0.0,0.0,0.0,0.0,,,,,18473,global,0.4
5,1,lr1e-04_bs32_modL1_fusion32_fusionL1_fusionBN0_drop0p2__wd1e-04trmiss40_trlocglobal,32,0.0001,0.0001,1,32,1,False,0.2,lr1e-04_bs32_modL1_fusion32_fusionL1_fusionBN0_drop0p2__wd1e-04trmiss40_trlocglobal,2,0.6919057369232178,0.6944538950920105,0.48616600790513836,0.49162256950569255,0.4888888888888889,0.0,0.0,0.0,0.0,0.0,0.0,0.0,0.0,0.0,,,,,18473,global,0.4
5,1,lr1e-04_bs32_modL1_fusion32_fusionL1_fusionBN0_drop0p2__wd1e-04trmiss40_trlocglobal,32,0.0001,0.0001,1,32,1,False,0.2,lr1e-04_bs32_modL1_fusion32_fusionL1_fusionBN0_drop0p2__wd1e-04trmiss40_trlocglobal,3,0.6719178656737009,0.6950339674949646,0.48221343873517786,0.49007567625483667,0.5111111111111111,0.0,0.0,0.0,0.0,0.0,0.0,0.0,0.0,0.0,,,,,18473,global,0.4
5,1,lr1e-04_bs32_modL1_fusion32_fusionL1_fusionBN0_drop0p2__wd1e-04trmiss40_trlocglobal,32,0.0001,0.0001,1,32,1,False,0.2,lr1e-04_bs32_modL1_fusion32_fusionL1_fusionBN0_drop0p2__wd1e-04trmiss40_trlocglobal,4,0.6668960054715475,0.6946832537651062,0.4881422924901186,0.4960432986384267,0.5111111111111111,0.0,0.0,0.0,0.0,0.0,0.0,0.0,0.0,0.0,,,,,18473,global,0.4
5,1,lr1e-04_bs32_modL1_fusion32_fusionL1_fusionBN0_drop0p2__wd1e-04trmiss40_trlocglobal,32,0.0001,0.0001,1,32,1,False,0.2,lr1e-04_bs32_modL1_fusion32_fusionL1_fusionBN0_drop0p2__wd1e-04trmiss40_trlocglobal,5,0.6626119414965311,0.693009614944458,0.5138339920948617,0.5405848698916409,0.5111111111111111,0.0,0.0,0.0,0.0,0.0,0.0,0.0,0.0,0.0,,,,,18473,global,0.4
5,1,lr1e-04_bs32_modL1_fusion32_fusionL1_fusionBN0_drop0p2__wd1e-04trmiss40_trlocglobal,32,0.0001,0.0001,1,32,1,False,0.2,lr1e-04_bs32_modL1_fusion32_fusionL1_fusionBN0_drop0p2__wd1e-04trmiss40_trlocglobal,6,0.6448765099048615,0.6921965777873993,0.5355731225296443,0.5659144640591639,0.5333333333333333,0.0,0.0,0.0,0.0,0.0,0.0,0.0,0.0,0.0,,,,,18473,global,0.4
5,1,lr1e-04_bs32_modL1_fusion32_fusionL1_fusionBN0_drop0p2__wd1e-04trmiss40_trlocglobal,32,0.0001,0.0001,1,32,1,False,0.2,lr1e-04_bs32_modL1_fusion32_fusionL1_fusionBN0_drop0p2__wd1e-04trmiss40_trlocglobal,7,0.644890675942103,0.692299097776413,0.5217391304347826,0.5465595841783756,0.4888888888888889,0.0,0.0,0.0,0.0,0.0,0.0,0.0,0.0,0.0,,,,,18473,global,0.4
5,1,lr1e-04_bs32_modL1_fusion32_fusionL1_fusionBN0_drop0p2__wd1e-04trmiss40_trlocglobal,32,0.0001,0.0001,1,32,1,False,0.2,lr1e-04_bs32_modL1_fusion32_fusionL1_fusionBN0_drop0p2__wd1e-04trmiss40_trlocglobal,8,0.6381074090798696,0.6927276849746704,0.5138339920948616,0.5431041275987102,0.4666666666666667,0.0,0.0,0.0,0.0,0.0,0.0,0.0,0.0,0.0,,,,,18473,global,0.4
5,1,lr1e-04_bs32_modL1_fusion32_fusionL1_fusionBN0_drop0p2__wd1e-04trmiss40_trlocglobal,32,0.0001,0.0001,1,32,1,False,0.2,lr1e-04_bs32_modL1_fusion32_fusionL1_fusionBN0_drop0p2__wd1e-04trmiss40_trlocglobal,9,0.6279937922954559,0.6920459270477295,0.507905138339921,0.5412597784853475,0.4888888888888889,0.0,0.0,0.0,0.0,0.0,0.0,0.0,0.0,0.0,,,,,18473,global,0.4
5,1,lr1e-04_bs32_modL1_fusion32_fusionL1_fusionBN0_drop0p2__wd1e-04trmiss40_trlocglobal,32,0.0001,0.0001,1,32,1,False,0.2,lr1e-04_bs32_modL1_fusion32_fusionL1_fusionBN0_drop0p2__wd1e-04trmiss40_trlocglobal,10,0.6349462966124216,0.6908924579620361,0.5237154150197628,0.5623437743566865,0.4888888888888889,0.0,0.0,0.0,0.0,0.0,0.0,0.0,0.0,0.0,,,,,18473,global,0.4
5,1,lr1e-04_bs32_modL1_fusion32_fusionL1_fusionBN0_drop0p2__wd1e-04trmiss40_trlocglobal,32,0.0001,0.0001,1,32,1,False,0.2,lr1e-04_bs32_modL1_fusion32_fusionL1_fusionBN0_drop0p2__wd1e-04trmiss40_trlocglobal,11,0.6207693815231323,0.6897956728935242,0.5237154150197628,0.5576318212647434,0.4888888888888889,0.0,0.0,0.0,0.0,0.0,0.0,0.0,0.0,0.0,,,,,18473,global,0.4
5,1,lr1e-04_bs32_modL1_fusion32_fusionL1_fusionBN0_drop0p2__wd1e-04trmiss40_trlocglobal,32,0.0001,0.0001,1,32,1,False,0.2,lr1e-04_bs32_modL1_fusion32_fusionL1_fusionBN0_drop0p2__wd1e-04trmiss40_trlocglobal,12,0.6135327617327372,0.6888343989849091,0.5375494071146245,0.56717072092866,0.4888888888888889,0.0,0.0,0.0,0.0,0.0,0.0,0.0,0.0,0.0,,,,,18473,global,0.4
5,1,lr1e-04_bs32_modL1_fusion32_fusionL1_fusionBN0_drop0p2__wd1e-04trmiss40_trlocglobal,32,0.0001,0.0001,1,32,1,False,0.2,lr1e-04_bs32_modL1_fusion32_fusionL1_fusionBN0_drop0p2__wd1e-04trmiss40_trlocglobal,13,0.6135160227616628,0.6898546516895294,0.5316205533596838,0.5553235825597825,0.4888888888888889,0.0,0.0,0.0,0.0,0.0,0.0,0.0,0.0,0.0,,,,,18473,global,0.4
5,1,lr1e-04_bs32_modL1_fusion32_fusionL1_fusionBN0_drop0p2__wd1e-04trmiss40_trlocglobal,32,0.0001,0.0001,1,32,1,False,0.2,lr1e-04_bs32_modL1_fusion32_fusionL1_fusionBN0_drop0p2__wd1e-04trmiss40_trlocglobal,14,0.6183870534102122,0.6878931820392609,0.5533596837944664,0.5854995579512459,0.5333333333333333,0.0,0.0,0.0,0.0,0.0,0.0,0.0,0.0,0.0,,,,,18473,global,0.4
5,1,lr1e-04_bs32_modL1_fusion32_fusionL1_fusionBN0_drop0p2__wd1e-04trmiss40_trlocglobal,32,0.0001,0.0001,1,32,1,False,0.2,lr1e-04_bs32_modL1_fusion32_fusionL1_fusionBN0_drop0p2__wd1e-04trmiss40_trlocglobal,15,0.6057348152001699,0.68607959151268,0.5691699604743083,0.6139367144743998,0.5555555555555556,0.0,0.0,0.0,0.0,0.0,0.0,0.0,0.0,0.0,,,,,18473,global,0.4
5,1,lr1e-04_bs32_modL1_fusion32_fusionL1_fusionBN0_drop0p2__wd1e-04trmiss40_trlocglobal,32,0.0001,0.0001,1,32,1,False,0.2,lr1e-04_bs32_modL1_fusion32_fusionL1_fusionBN0_drop0p2__wd1e-04trmiss40_trlocglobal,16,0.5853780309359232,0.6827592253684998,0.5731225296442687,0.6179481211259825,0.5333333333333333,0.0,0.0,0.0,0.0,0.0,0.0,0.0,0.0,0.0,,,,,18473,global,0.4
5,1,lr1e-04_bs32_modL1_fusion32_fusionL1_fusionBN0_drop0p2__wd1e-04trmiss40_trlocglobal,32,0.0001,0.0001,1,32,1,False,0.2,lr1e-04_bs32_modL1_fusion32_fusionL1_fusionBN0_drop0p2__wd1e-04trmiss40_trlocglobal,17,0.5942532420158386,0.6813910901546478,0.6007905138339921,0.6134936878805878,0.5555555555555556,0.0,0.0,0.0,0.0,0.0,0.0,0.0,0.0,0.0,,,,,18473,global,0.4
5,1,lr1e-04_bs32_modL1_fusion32_fusionL1_fusionBN0_drop0p2__wd1e-04trmiss40_trlocglobal,32,0.0001,0.0001,1,32,1,False,0.2,lr1e-04_bs32_modL1_fusion32_fusionL1_fusionBN0_drop0p2__wd1e-04trmiss40_trlocglobal,18,0.586098293463389,0.682661384344101,0.58300395256917,0.5870335767114746,0.5555555555555556,0.0,0.0,0.0,0.0,0.0,0.0,0.0,0.0,0.0,,,,,18473,global,0.4
5,1,lr1e-04_bs32_modL1_fusion32_fusionL1_fusionBN0_drop0p2__wd1e-04trmiss40_trlocglobal,32,0.0001,0.0001,1,32,1,False,0.2,lr1e-04_bs32_modL1_fusion32_fusionL1_fusionBN0_drop0p2__wd1e-04trmiss40_trlocglobal,19,0.5880806644757589,0.6791053414344788,0.5889328063241106,0.6012202351518943,0.5555555555555556,0.0,0.0,0.0,0.0,0.0,0.0,0.0,0.0,0.0,,,,,18473,global,0.4
5,1,lr1e-04_bs32_modL1_fusion32_fusionL1_fusionBN0_drop0p2__wd1e-04trmiss40_trlocglobal,32,0.0001,0.0001,1,32,1,False,0.2,lr1e-04_bs32_modL1_fusion32_fusionL1_fusionBN0_drop0p2__wd1e-04trmiss40_trlocglobal,20,0.5775308609008789,0.6809223890304565,0.5830039525691699,0.5840099486260925,0.5777777777777777,0.0,0.0,0.0,0.0,0.0,0.0,0.0,0.0,0.0,,,,,18473,global,0.4
5,1,lr1e-04_bs32_modL1_fusion32_fusionL1_fusionBN0_drop0p2__wd1e-04trmiss40_trlocglobal,32,0.0001,0.0001,1,32,1,False,0.2,lr1e-04_bs32_modL1_fusion32_fusionL1_fusionBN0_drop0p2__wd1e-04trmiss40_trlocglobal,21,0.5711984237035116,0.6826585531234741,0.567193675889328,0.5695765492063062,0.5555555555555556,0.0,0.0,0.0,0.0,0.0,0.0,0.0,0.0,0.0,,,,,18473,global,0.4
5,1,lr1e-04_bs32_modL1_fusion32_fusionL1_fusionBN0_drop0p2__wd1e-04trmiss40_trlocglobal,32,0.0001,0.0001,1,32,1,False,0.2,lr1e-04_bs32_modL1_fusion32_fusionL1_fusionBN0_drop0p2__wd1e-04trmiss40_trlocglobal,22,0.5638060967127482,0.6825464963912964,0.575098814229249,0.5877362123725192,0.5555555555555556,0.0,0.0,0.0,0.0,0.0,0.0,0.0,0.0,0.0,,,,,18473,global,0.4
5,1,lr1e-04_bs32_modL1_fusion32_fusionL1_fusionBN0_drop0p2__wd1e-04trmiss40_trlocglobal,32,0.0001,0.0001,1,32,1,False,0.2,lr1e-04_bs32_modL1_fusion32_fusionL1_fusionBN0_drop0p2__wd1e-04trmiss40_trlocglobal,23,0.5611288944880167,0.681463211774826,0.5711462450592886,0.5990039683638602,0.5333333333333333,0.0,0.0,0.0,0.0,0.0,0.0,0.0,0.0,0.0,,,,,18473,global,0.4
5,1,lr1e-04_bs32_modL1_fusion32_fusionL1_fusionBN0_drop0p2__wd1e-04trmiss40_trlocglobal,32,0.0001,0.0001,1,32,1,False,0.2,lr1e-04_bs32_modL1_fusion32_fusionL1_fusionBN0_drop0p2__wd1e-04trmiss40_trlocglobal,24,0.5602411329746246,0.6816104054450989,0.5671936758893281,0.5774719356905821,0.5333333333333333,0.0,0.0,0.0,0.0,0.0,0.0,0.0,0.0,0.0,,,,,18473,global,0.4
5,1,lr1e-04_bs32_modL1_fusion32_fusionL1_fusionBN0_drop0p2__wd1e-04trmiss40_trlocglobal,32,0.0001,0.0001,1,32,1,False,0.2,lr1e-04_bs32_modL1_fusion32_fusionL1_fusionBN0_drop0p2__wd1e-04trmiss40_trlocglobal,25,0.5554848412672678,0.6815048456192017,0.5731225296442688,0.594673327148898,0.5555555555555556,0.0,0.0,0.0,0.0,0.0,0.0,0.0,0.0,0.0,,,,,18473,global,0.4
5,1,lr1e-04_bs32_modL1_fusion32_fusionL1_fusionBN0_drop0p2__wd1e-04trmiss40_trlocglobal,32,0.0001,0.0001,1,32,1,False,0.2,lr1e-04_bs32_modL1_fusion32_fusionL1_fusionBN0_drop0p2__wd1e-04trmiss40_trlocglobal,26,0.5536543826262156,0.683469831943512,0.5632411067193677,0.5944446900757399,0.5333333333333333,0.0,0.0,0.0,0.0,0.0,0.0,0.0,0.0,0.0,,,,,18473,global,0.4
5,1,lr1e-04_bs32_modL1_fusion32_fusionL1_fusionBN0_drop0p2__wd1e-04trmiss40_trlocglobal,32,0.0001,0.0001,1,32,1,False,0.2,lr1e-04_bs32_modL1_fusion32_fusionL1_fusionBN0_drop0p2__wd1e-04trmiss40_trlocglobal,27,0.5410793125629425,0.6828867495059967,0.5632411067193676,0.5760302463693855,0.5333333333333333,0.0,0.0,0.0,0.0,0.0,0.0,0.0,0.0,0.0,,,,,18473,global,0.4
5,1,lr1e-04_bs32_modL1_fusion32_fusionL1_fusionBN0_drop0p2__wd1e-04trmiss40_trlocglobal,32,0.0001,0.0001,1,32,1,False,0.2,lr1e-04_bs32_modL1_fusion32_fusionL1_fusionBN0_drop0p2__wd1e-04trmiss40_trlocglobal,28,0.5402876436710358,0.6817339956760406,0.5652173913043479,0.578562803540331,0.5333333333333333,0.0,0.0,0.0,0.0,0.0,0.0,0.0,0.0,0.0,,,,,18473,global,0.4
5,1,lr1e-04_bs32_modL1_fusion32_fusionL1_fusionBN0_drop0p2__wd1e-04trmiss40_trlocglobal,32,0.0001,0.0001,1,32,1,False,0.2,lr1e-04_bs32_modL1_fusion32_fusionL1_fusionBN0_drop0p2__wd1e-04trmiss40_trlocglobal,29,0.5315689543883005,0.6814368665218353,0.5632411067193676,0.5834847081716733,0.5333333333333333,0.0,0.0,0.0,0.0,0.0,0.0,0.0,0.0,0.0,,,,,18473,global,0.4
5,1,lr1e-04_bs32_modL1_fusion32_fusionL1_fusionBN0_drop0p2__wd1e-04trmiss40_trlocglobal,32,0.0001,0.0001,1,32,1,False,0.2,lr1e-04_bs32_modL1_fusion32_fusionL1_fusionBN0_drop0p2__wd1e-04trmiss40_trlocglobal,30,0.5308811267217001,0.6799314916133881,0.5691699604743082,0.5731637966579483,0.5333333333333333,0.0,0.0,0.0,0.0,0.0,0.0,0.0,0.0,0.0,,,,,18473,global,0.4
5,1,lr1e-04_bs32_modL1_fusion32_fusionL1_fusionBN0_drop0p2__wd1e-04trmiss40_trlocglobal,32,0.0001,0.0001,1,32,1,False,0.2,lr1e-04_bs32_modL1_fusion32_fusionL1_fusionBN0_drop0p2__wd1e-04trmiss40_trlocglobal,31,0.5181558181842169,0.6815842688083649,0.5612648221343873,0.581115006071572,0.5333333333333333,0.0,0.0,0.0,0.0,0.0,0.0,0.0,0.0,0.0,,,,,18473,global,0.4
5,1,lr1e-04_bs32_modL1_fusion32_fusionL1_fusionBN0_drop0p2__wd1e-04trmiss40_trlocglobal,32,0.0001,0.0001,1,32,1,False,0.2,lr1e-04_bs32_modL1_fusion32_fusionL1_fusionBN0_drop0p2__wd1e-04trmiss40_trlocglobal,32,0.5283525486787161,0.6825977563858032,0.5513833992094861,0.5795240693351519,0.5333333333333333,0.0,0.0,0.0,0.0,0.0,0.0,0.0,0.0,0.0,,,,,18473,global,0.4
5,1,lr1e-04_bs32_modL1_fusion32_fusionL1_fusionBN0_drop0p2__wd1e-04trmiss40_trlocglobal,32,0.0001,0.0001,1,32,1,False,0.2,lr1e-04_bs32_modL1_fusion32_fusionL1_fusionBN0_drop0p2__wd1e-04trmiss40_trlocglobal,33,0.5124049882094065,0.6827665865421295,0.5533596837944664,0.5739574385983889,0.5333333333333333,0.0,0.0,0.0,0.0,0.0,0.0,0.0,0.0,0.0,,,,,18473,global,0.4
5,1,lr1e-04_bs32_modL1_fusion32_fusionL1_fusionBN0_drop0p2__wd1e-04trmiss40_trlocglobal,32,0.0001,0.0001,1,32,1,False,0.2,lr1e-04_bs32_modL1_fusion32_fusionL1_fusionBN0_drop0p2__wd1e-04trmiss40_trlocglobal,34,0.5005546808242798,0.6830154657363892,0.5612648221343873,0.5958336871908845,0.5555555555555556,0.0,0.0,0.0,0.0,0.0,0.0,0.0,0.0,0.0,,,,,18473,global,0.4
5,1,lr1e-04_bs32_modL1_fusion32_fusionL1_fusionBN0_drop0p2__wd1e-04trmiss40_trlocglobal,32,0.0001,0.0001,1,32,1,False,0.2,lr1e-04_bs32_modL1_fusion32_fusionL1_fusionBN0_drop0p2__wd1e-04trmiss40_trlocglobal,35,0.492246742049853,0.6846591234207153,0.5612648221343874,0.5785167279402869,0.5333333333333333,0.0,0.0,0.0,0.0,0.0,0.0,0.0,0.0,0.0,,,,,18473,global,0.4
5,1,lr1e-04_bs32_modL1_fusion32_fusionL1_fusionBN0_drop0p2__wd1e-04trmiss40_trlocglobal,32,0.0001,0.0001,1,32,1,False,0.2,lr1e-04_bs32_modL1_fusion32_fusionL1_fusionBN0_drop0p2__wd1e-04trmiss40_trlocglobal,36,0.49911193052927655,0.6862384378910065,0.5612648221343873,0.5799832586974355,0.5111111111111111,0.0,0.0,0.0,0.0,0.0,0.0,0.0,0.0,0.0,,,,,18473,global,0.4
5,1,lr1e-04_bs32_modL1_fusion32_fusionL1_fusionBN0_drop0p2__wd1e-04trmiss40_trlocglobal,32,0.0001,0.0001,1,32,1,False,0.2,lr1e-04_bs32_modL1_fusion32_fusionL1_fusionBN0_drop0p2__wd1e-04trmiss40_trlocglobal,37,0.48726916313171387,0.6864575147628784,0.5553359683794467,0.5764481868313518,0.5111111111111111,0.0,0.0,0.0,0.0,0.0,0.0,0.0,0.0,0.0,,,,,18473,global,0.4
5,1,lr1e-04_bs32_modL1_fusion32_fusionL1_fusionBN0_drop0p1__wd1e-04trmiss40_trlocglobal,32,0.0001,0.0001,1,32,1,False,0.1,lr1e-04_bs32_modL1_fusion32_fusionL1_fusionBN0_drop0p1__wd1e-04trmiss40_trlocglobal,1,0.6947741309801737,0.6918196380138397,0.5316205533596837,0.5963730482825983,0.5111111111111111,0.0,0.0,0.0,0.0,0.0,0.0,0.0,0.0,0.0,,,,,18473,global,0.4
5,1,lr1e-04_bs32_modL1_fusion32_fusionL1_fusionBN0_drop0p1__wd1e-04trmiss40_trlocglobal,32,0.0001,0.0001,1,32,1,False,0.1,lr1e-04_bs32_modL1_fusion32_fusionL1_fusionBN0_drop0p1__wd1e-04trmiss40_trlocglobal,2,0.6846530934174856,0.6867639422416687,0.5790513833992095,0.6429731789842459,0.5111111111111111,0.0,0.0,0.0,0.0,0.0,0.0,0.0,0.0,0.0,,,,,18473,global,0.4
5,1,lr1e-04_bs32_modL1_fusion32_fusionL1_fusionBN0_drop0p1__wd1e-04trmiss40_trlocglobal,32,0.0001,0.0001,1,32,1,False,0.1,lr1e-04_bs32_modL1_fusion32_fusionL1_fusionBN0_drop0p1__wd1e-04trmiss40_trlocglobal,3,0.6737516721089681,0.6806403994560242,0.6343873517786561,0.7063216816195713,0.5555555555555556,0.0,0.0,0.0,0.0,0.0,0.0,0.0,0.0,0.0,,,,,18473,global,0.4
5,1,lr1e-04_bs32_modL1_fusion32_fusionL1_fusionBN0_drop0p1__wd1e-04trmiss40_trlocglobal,32,0.0001,0.0001,1,32,1,False,0.1,lr1e-04_bs32_modL1_fusion32_fusionL1_fusionBN0_drop0p1__wd1e-04trmiss40_trlocglobal,4,0.6703358789285024,0.674544632434845,0.642292490118577,0.7152073351249583,0.6,0.0,0.0,0.0,0.0,0.0,0.0,0.0,0.0,0.0,,,,,18473,global,0.4
5,1,lr1e-04_bs32_modL1_fusion32_fusionL1_fusionBN0_drop0p1__wd1e-04trmiss40_trlocglobal,32,0.0001,0.0001,1,32,1,False,0.1,lr1e-04_bs32_modL1_fusion32_fusionL1_fusionBN0_drop0p1__wd1e-04trmiss40_trlocglobal,5,0.6543659369150797,0.6710331439971924,0.6561264822134387,0.7306278175736095,0.6,0.0,0.0,0.0,0.0,0.0,0.0,0.0,0.0,0.0,,,,,18473,global,0.4
5,1,lr1e-04_bs32_modL1_fusion32_fusionL1_fusionBN0_drop0p1__wd1e-04trmiss40_trlocglobal,32,0.0001,0.0001,1,32,1,False,0.1,lr1e-04_bs32_modL1_fusion32_fusionL1_fusionBN0_drop0p1__wd1e-04trmiss40_trlocglobal,6,0.6521397829055786,0.6696808040142059,0.6620553359683794,0.7358208880271581,0.6,0.0,0.0,0.0,0.0,0.0,0.0,0.0,0.0,0.0,,,,,18473,global,0.4
5,1,lr1e-04_bs32_modL1_fusion32_fusionL1_fusionBN0_drop0p1__wd1e-04trmiss40_trlocglobal,32,0.0001,0.0001,1,32,1,False,0.1,lr1e-04_bs32_modL1_fusion32_fusionL1_fusionBN0_drop0p1__wd1e-04trmiss40_trlocglobal,7,0.6444306373596191,0.6666150987148285,0.6679841897233201,0.7453186597885824,0.6,0.0,0.0,0.0,0.0,0.0,0.0,0.0,0.0,0.0,,,,,18473,global,0.4
5,1,lr1e-04_bs32_modL1_fusion32_fusionL1_fusionBN0_drop0p1__wd1e-04trmiss40_trlocglobal,32,0.0001,0.0001,1,32,1,False,0.1,lr1e-04_bs32_modL1_fusion32_fusionL1_fusionBN0_drop0p1__wd1e-04trmiss40_trlocglobal,8,0.6381884614626566,0.6656388640403748,0.675889328063241,0.7493682659196199,0.6222222222222222,0.0,0.0,0.0,0.0,0.0,0.0,0.0,0.0,0.0,,,,,18473,global,0.4
5,1,lr1e-04_bs32_modL1_fusion32_fusionL1_fusionBN0_drop0p1__wd1e-04trmiss40_trlocglobal,32,0.0001,0.0001,1,32,1,False,0.1,lr1e-04_bs32_modL1_fusion32_fusionL1_fusionBN0_drop0p1__wd1e-04trmiss40_trlocglobal,9,0.6370631456375122,0.664960116147995,0.6956521739130436,0.7630950296711165,0.6222222222222222,0.0,0.0,0.0,0.0,0.0,0.0,0.0,0.0,0.0,,,,,18473,global,0.4
5,1,lr1e-04_bs32_modL1_fusion32_fusionL1_fusionBN0_drop0p1__wd1e-04trmiss40_trlocglobal,32,0.0001,0.0001,1,32,1,False,0.1,lr1e-04_bs32_modL1_fusion32_fusionL1_fusionBN0_drop0p1__wd1e-04trmiss40_trlocglobal,10,0.631039043267568,0.6656024754047394,0.6996047430830039,0.7520960118786204,0.6222222222222222,0.0,0.0,0.0,0.0,0.0,0.0,0.0,0.0,0.0,,,,,18473,global,0.4
5,1,lr1e-04_bs32_modL1_fusion32_fusionL1_fusionBN0_drop0p1__wd1e-04trmiss40_trlocglobal,32,0.0001,0.0001,1,32,1,False,0.1,lr1e-04_bs32_modL1_fusion32_fusionL1_fusionBN0_drop0p1__wd1e-04trmiss40_trlocglobal,11,0.6212369998296102,0.6674557030200958,0.6857707509881423,0.7256747488723618,0.6,0.0,0.0,0.0,0.0,0.0,0.0,0.0,0.0,0.0,,,,,18473,global,0.4
5,1,lr1e-04_bs32_modL1_fusion32_fusionL1_fusionBN0_drop0p1__wd1e-04trmiss40_trlocglobal,32,0.0001,0.0001,1,32,1,False,0.1,lr1e-04_bs32_modL1_fusion32_fusionL1_fusionBN0_drop0p1__wd1e-04trmiss40_trlocglobal,12,0.6247451404730479,0.6692323386669159,0.6857707509881422,0.7279889148685297,0.5777777777777777,0.0,0.0,0.0,0.0,0.0,0.0,0.0,0.0,0.0,,,,,18473,global,0.4
5,1,lr1e-04_bs32_modL1_fusion32_fusionL1_fusionBN0_drop0p1__wd1e-04trmiss40_trlocglobal,32,0.0001,0.0001,1,32,1,False,0.1,lr1e-04_bs32_modL1_fusion32_fusionL1_fusionBN0_drop0p1__wd1e-04trmiss40_trlocglobal,13,0.6164649128913879,0.6709469854831696,0.66600790513834,0.6933940136260311,0.6,0.0,0.0,0.0,0.0,0.0,0.0,0.0,0.0,0.0,,,,,18473,global,0.4
5,1,lr1e-04_bs32_modL1_fusion32_fusionL1_fusionBN0_drop0p1__wd1e-04trmiss40_trlocglobal,32,0.0001,0.0001,1,32,1,False,0.1,lr1e-04_bs32_modL1_fusion32_fusionL1_fusionBN0_drop0p1__wd1e-04trmiss40_trlocglobal,14,0.6027063727378845,0.6692534983158112,0.6739130434782609,0.70839613970872,0.6,0.0,0.0,0.0,0.0,0.0,0.0,0.0,0.0,0.0,,,,,18473,global,0.4
5,1,lr1e-04_bs32_modL1_fusion32_fusionL1_fusionBN0_drop0p1__wd1e-04trmiss40_trlocglobal,32,0.0001,0.0001,1,32,1,False,0.1,lr1e-04_bs32_modL1_fusion32_fusionL1_fusionBN0_drop0p1__wd1e-04trmiss40_trlocglobal,15,0.6020306944847107,0.6691707968711853,0.6640316205533596,0.6976203094466034,0.6,0.0,0.0,0.0,0.0,0.0,0.0,0.0,0.0,0.0,,,,,18473,global,0.4
5,1,lr1e-04_bs32_modL1_fusion32_fusionL1_fusionBN0_drop0p1__wd1e-04trmiss40_trlocglobal,32,0.0001,0.0001,1,32,1,False,0.1,lr1e-04_bs32_modL1_fusion32_fusionL1_fusionBN0_drop0p1__wd1e-04trmiss40_trlocglobal,16,0.5930835405985514,0.667771726846695,0.6897233201581028,0.7158799382942863,0.6,0.0,0.0,0.0,0.0,0.0,0.0,0.0,0.0,0.0,,,,,18473,global,0.4
5,1,lr1e-04_bs32_modL1_fusion32_fusionL1_fusionBN0_drop0p1__wd1e-04trmiss40_trlocglobal,32,0.0001,0.0001,1,32,1,False,0.1,lr1e-04_bs32_modL1_fusion32_fusionL1_fusionBN0_drop0p1__wd1e-04trmiss40_trlocglobal,17,0.5893758833408356,0.6667529940605164,0.66600790513834,0.7085258492228657,0.6222222222222222,0.0,0.0,0.0,0.0,0.0,0.0,0.0,0.0,0.0,,,,,18473,global,0.4
5,1,lr1e-04_bs32_modL1_fusion32_fusionL1_fusionBN0_drop0p1__wd1e-04trmiss40_trlocglobal,32,0.0001,0.0001,1,32,1,False,0.1,lr1e-04_bs32_modL1_fusion32_fusionL1_fusionBN0_drop0p1__wd1e-04trmiss40_trlocglobal,18,0.5857774714628855,0.6640452742576599,0.6877470355731226,0.7186630697100486,0.6444444444444445,0.0,0.0,0.0,0.0,0.0,0.0,0.0,0.0,0.0,,,,,18473,global,0.4
5,1,lr1e-04_bs32_modL1_fusion32_fusionL1_fusionBN0_drop0p1__wd1e-04trmiss40_trlocglobal,32,0.0001,0.0001,1,32,1,False,0.1,lr1e-04_bs32_modL1_fusion32_fusionL1_fusionBN0_drop0p1__wd1e-04trmiss40_trlocglobal,19,0.5734973251819611,0.6633338928222656,0.6778656126482213,0.7107395444793976,0.6444444444444445,0.0,0.0,0.0,0.0,0.0,0.0,0.0,0.0,0.0,,,,,18473,global,0.4
5,1,lr1e-04_bs32_modL1_fusion32_fusionL1_fusionBN0_drop0p1__wd1e-04trmiss40_trlocglobal,32,0.0001,0.0001,1,32,1,False,0.1,lr1e-04_bs32_modL1_fusion32_fusionL1_fusionBN0_drop0p1__wd1e-04trmiss40_trlocglobal,20,0.5875796576340994,0.6649100184440613,0.6699604743083004,0.6826711223545947,0.6,0.0,0.0,0.0,0.0,0.0,0.0,0.0,0.0,0.0,,,,,18473,global,0.4
5,1,lr1e-04_bs32_modL1_fusion32_fusionL1_fusionBN0_drop0p1__wd1e-04trmiss40_trlocglobal,32,0.0001,0.0001,1,32,1,False,0.1,lr1e-04_bs32_modL1_fusion32_fusionL1_fusionBN0_drop0p1__wd1e-04trmiss40_trlocglobal,21,0.5694820980230967,0.664172351360321,0.6857707509881423,0.7027630091379077,0.6222222222222222,0.0,0.0,0.0,0.0,0.0,0.0,0.0,0.0,0.0,,,,,18473,global,0.4
5,1,lr1e-04_bs32_modL1_fusion32_fusionL1_fusionBN0_drop0p1__wd1e-04trmiss40_trlocglobal,32,0.0001,0.0001,1,32,1,False,0.1,lr1e-04_bs32_modL1_fusion32_fusionL1_fusionBN0_drop0p1__wd1e-04trmiss40_trlocglobal,22,0.5739600757757822,0.664879322052002,0.6798418972332015,0.6905382932633908,0.6444444444444445,0.0,0.0,0.0,0.0,0.0,0.0,0.0,0.0,0.0,,,,,18473,global,0.4
5,1,lr1e-04_bs32_modL1_fusion32_fusionL1_fusionBN0_drop0p1__wd1e-04trmiss40_trlocglobal,32,0.0001,0.0001,1,32,1,False,0.1,lr1e-04_bs32_modL1_fusion32_fusionL1_fusionBN0_drop0p1__wd1e-04trmiss40_trlocglobal,23,0.5601675709088644,0.6647650003433228,0.6679841897233201,0.6860081630683327,0.6444444444444445,0.0,0.0,0.0,0.0,0.0,0.0,0.0,0.0,0.0,,,,,18473,global,0.4
5,1,lr1e-04_bs32_modL1_fusion32_fusionL1_fusionBN0_drop0p1__wd1e-04trmiss40_trlocglobal,32,0.0001,0.0001,1,32,1,False,0.1,lr1e-04_bs32_modL1_fusion32_fusionL1_fusionBN0_drop0p1__wd1e-04trmiss40_trlocglobal,24,0.5571756859620413,0.663754403591156,0.6758893280632411,0.685465399415075,0.6,0.0,0.0,0.0,0.0,0.0,0.0,0.0,0.0,0.0,,,,,18473,global,0.4
5,1,lr1e-04_bs32_modL1_fusion32_fusionL1_fusionBN0_drop0p1__wd1e-04trmiss40_trlocglobal,32,0.0001,0.0001,1,32,1,False,0.1,lr1e-04_bs32_modL1_fusion32_fusionL1_fusionBN0_drop0p1__wd1e-04trmiss40_trlocglobal,25,0.5564224620660146,0.6631850898265839,0.6600790513833992,0.6617960117153634,0.6,0.0,0.0,0.0,0.0,0.0,0.0,0.0,0.0,0.0,,,,,18473,global,0.4
5,1,lr1e-04_bs32_modL1_fusion32_fusionL1_fusionBN0_drop0p1__wd1e-04trmiss40_trlocglobal,32,0.0001,0.0001,1,32,1,False,0.1,lr1e-04_bs32_modL1_fusion32_fusionL1_fusionBN0_drop0p1__wd1e-04trmiss40_trlocglobal,26,0.5393887758255005,0.6643771529197693,0.6640316205533596,0.6694684953230648,0.6444444444444445,0.0,0.0,0.0,0.0,0.0,0.0,0.0,0.0,0.0,,,,,18473,global,0.4
5,1,lr1e-04_bs32_modL1_fusion32_fusionL1_fusionBN0_drop0p1__wd1e-04trmiss40_trlocglobal,32,0.0001,0.0001,1,32,1,False,0.1,lr1e-04_bs32_modL1_fusion32_fusionL1_fusionBN0_drop0p1__wd1e-04trmiss40_trlocglobal,27,0.5313441057999929,0.6661327183246613,0.6541501976284585,0.6570011910457416,0.6,0.0,0.0,0.0,0.0,0.0,0.0,0.0,0.0,0.0,,,,,18473,global,0.4
5,1,lr1e-04_bs32_modL1_fusion32_fusionL1_fusionBN0_drop0p1__wd1e-04trmiss40_trlocglobal,32,0.0001,0.0001,1,32,1,False,0.1,lr1e-04_bs32_modL1_fusion32_fusionL1_fusionBN0_drop0p1__wd1e-04trmiss40_trlocglobal,28,0.537018766005834,0.6659025847911835,0.658102766798419,0.6591812980537389,0.6444444444444445,0.0,0.0,0.0,0.0,0.0,0.0,0.0,0.0,0.0,,,,,18473,global,0.4
5,1,lr1e-04_bs32_modL1_fusion32_fusionL1_fusionBN0_drop0p1__wd1e-04trmiss40_trlocglobal,32,0.0001,0.0001,1,32,1,False,0.1,lr1e-04_bs32_modL1_fusion32_fusionL1_fusionBN0_drop0p1__wd1e-04trmiss40_trlocglobal,29,0.5275045732657114,0.667614072561264,0.66600790513834,0.6466699137266866,0.6444444444444445,0.0,0.0,0.0,0.0,0.0,0.0,0.0,0.0,0.0,,,,,18473,global,0.4
5,1,lr1e-04_bs32_modL1_fusion32_fusionL1_fusionBN0_drop0p1__wd1e-04trmiss40_trlocglobal,32,0.0001,0.0001,1,32,1,False,0.1,lr1e-04_bs32_modL1_fusion32_fusionL1_fusionBN0_drop0p1__wd1e-04trmiss40_trlocglobal,30,0.5246208111445109,0.6670918166637421,0.6699604743083003,0.6534713547330839,0.6222222222222222,0.0,0.0,0.0,0.0,0.0,0.0,0.0,0.0,0.0,,,,,18473,global,0.4
5,1,lr5e-05_bs32_modL1_fusion16_fusionL1_fusionBN0_drop0p2__wd1e-04trmiss40_trlocglobal,32,5e-05,0.0001,1,16,1,False,0.2,lr5e-05_bs32_modL1_fusion16_fusionL1_fusionBN0_drop0p2__wd1e-04trmiss40_trlocglobal,1,0.693691482146581,0.7049910128116608,0.46442687747035577,0.4901136027761084,0.4888888888888889,0.0,0.0,0.0,0.0,0.0,0.0,0.0,0.0,0.0,,,,,18473,global,0.4
5,1,lr5e-05_bs32_modL1_fusion16_fusionL1_fusionBN0_drop0p2__wd1e-04trmiss40_trlocglobal,32,5e-05,0.0001,1,16,1,False,0.2,lr5e-05_bs32_modL1_fusion16_fusionL1_fusionBN0_drop0p2__wd1e-04trmiss40_trlocglobal,2,0.6916333138942719,0.7067062854766846,0.49209486166007904,0.5058071246050455,0.4666666666666667,0.0,0.0,0.0,0.0,0.0,0.0,0.0,0.0,0.0,,,,,18473,global,0.4
5,1,lr5e-05_bs32_modL1_fusion16_fusionL1_fusionBN0_drop0p2__wd1e-04trmiss40_trlocglobal,32,5e-05,0.0001,1,16,1,False,0.2,lr5e-05_bs32_modL1_fusion16_fusionL1_fusionBN0_drop0p2__wd1e-04trmiss40_trlocglobal,3,0.6800119976202647,0.7065981030464172,0.4940711462450593,0.5102770439748442,0.4666666666666667,0.0,0.0,0.0,0.0,0.0,0.0,0.0,0.0,0.0,,,,,18473,global,0.4
5,1,lr5e-05_bs32_modL1_fusion16_fusionL1_fusionBN0_drop0p2__wd1e-04trmiss40_trlocglobal,32,5e-05,0.0001,1,16,1,False,0.2,lr5e-05_bs32_modL1_fusion16_fusionL1_fusionBN0_drop0p2__wd1e-04trmiss40_trlocglobal,4,0.676043967405955,0.7059860527515411,0.4980237154150198,0.5340152082927019,0.4888888888888889,0.0,0.0,0.0,0.0,0.0,0.0,0.0,0.0,0.0,,,,,18473,global,0.4
5,1,lr5e-05_bs32_modL1_fusion16_fusionL1_fusionBN0_drop0p2__wd1e-04trmiss40_trlocglobal,32,5e-05,0.0001,1,16,1,False,0.2,lr5e-05_bs32_modL1_fusion16_fusionL1_fusionBN0_drop0p2__wd1e-04trmiss40_trlocglobal,5,0.6665996213754019,0.7050258219242096,0.5237154150197628,0.5510179286133279,0.4888888888888889,0.0,0.0,0.0,0.0,0.0,0.0,0.0,0.0,0.0,,,,,18473,global,0.4
5,1,lr5e-05_bs32_modL1_fusion16_fusionL1_fusionBN0_drop0p2__wd1e-04trmiss40_trlocglobal,32,5e-05,0.0001,1,16,1,False,0.2,lr5e-05_bs32_modL1_fusion16_fusionL1_fusionBN0_drop0p2__wd1e-04trmiss40_trlocglobal,6,0.6606818437576294,0.7041191160678864,0.5296442687747036,0.5532785693650172,0.4888888888888889,0.0,0.0,0.0,0.0,0.0,0.0,0.0,0.0,0.0,,,,,18473,global,0.4
5,1,lr5e-05_bs32_modL1_fusion16_fusionL1_fusionBN0_drop0p2__wd1e-04trmiss40_trlocglobal,32,5e-05,0.0001,1,16,1,False,0.2,lr5e-05_bs32_modL1_fusion16_fusionL1_fusionBN0_drop0p2__wd1e-04trmiss40_trlocglobal,7,0.6625072161356608,0.703718900680542,0.5355731225296443,0.5640373026629592,0.4888888888888889,0.0,0.0,0.0,0.0,0.0,0.0,0.0,0.0,0.0,,,,,18473,global,0.4
5,1,lr5e-05_bs32_modL1_fusion16_fusionL1_fusionBN0_drop0p2__wd1e-04trmiss40_trlocglobal,32,5e-05,0.0001,1,16,1,False,0.2,lr5e-05_bs32_modL1_fusion16_fusionL1_fusionBN0_drop0p2__wd1e-04trmiss40_trlocglobal,8,0.6652941008408865,0.7034338116645813,0.5335968379446641,0.5630619901554332,0.4888888888888889,0.0,0.0,0.0,0.0,0.0,0.0,0.0,0.0,0.0,,,,,18473,global,0.4
5,1,lr5e-05_bs32_modL1_fusion16_fusionL1_fusionBN0_drop0p2__wd1e-04trmiss40_trlocglobal,32,5e-05,0.0001,1,16,1,False,0.2,lr5e-05_bs32_modL1_fusion16_fusionL1_fusionBN0_drop0p2__wd1e-04trmiss40_trlocglobal,9,0.6504984498023987,0.7040118277072906,0.5375494071146245,0.572413437674194,0.4888888888888889,0.0,0.0,0.0,0.0,0.0,0.0,0.0,0.0,0.0,,,,,18473,global,0.4
5,1,lr5e-05_bs32_modL1_fusion16_fusionL1_fusionBN0_drop0p2__wd1e-04trmiss40_trlocglobal,32,5e-05,0.0001,1,16,1,False,0.2,lr5e-05_bs32_modL1_fusion16_fusionL1_fusionBN0_drop0p2__wd1e-04trmiss40_trlocglobal,10,0.6504336694876353,0.7043179869651794,0.541501976284585,0.5867452217763078,0.5111111111111111,0.0,0.0,0.0,0.0,0.0,0.0,0.0,0.0,0.0,,,,,18473,global,0.4
5,1,lr5e-05_bs32_modL1_fusion16_fusionL1_fusionBN0_drop0p2__wd1e-04trmiss40_trlocglobal,32,5e-05,0.0001,1,16,1,False,0.2,lr5e-05_bs32_modL1_fusion16_fusionL1_fusionBN0_drop0p2__wd1e-04trmiss40_trlocglobal,11,0.6415426135063171,0.7039219737052917,0.549407114624506,0.5767294918645477,0.5333333333333333,0.0,0.0,0.0,0.0,0.0,0.0,0.0,0.0,0.0,,,,,18473,global,0.4
5,1,lr5e-05_bs32_modL1_fusion16_fusionL1_fusionBN0_drop0p2__wd1e-04trmiss40_trlocglobal,32,5e-05,0.0001,1,16,1,False,0.2,lr5e-05_bs32_modL1_fusion16_fusionL1_fusionBN0_drop0p2__wd1e-04trmiss40_trlocglobal,12,0.6479718784491221,0.7027210593223572,0.5474308300395256,0.5708182305185038,0.5555555555555556,0.0,0.0,0.0,0.0,0.0,0.0,0.0,0.0,0.0,,,,,18473,global,0.4
5,1,lr5e-05_bs32_modL1_fusion16_fusionL1_fusionBN0_drop0p2__wd1e-04trmiss40_trlocglobal,32,5e-05,0.0001,1,16,1,False,0.2,lr5e-05_bs32_modL1_fusion16_fusionL1_fusionBN0_drop0p2__wd1e-04trmiss40_trlocglobal,13,0.639570951461792,0.7024037539958954,0.5533596837944664,0.5809142246777972,0.5555555555555556,0.0,0.0,0.0,0.0,0.0,0.0,0.0,0.0,0.0,,,,,18473,global,0.4
5,1,lr5e-05_bs32_modL1_fusion16_fusionL1_fusionBN0_drop0p2__wd1e-04trmiss40_trlocglobal,32,5e-05,0.0001,1,16,1,False,0.2,lr5e-05_bs32_modL1_fusion16_fusionL1_fusionBN0_drop0p2__wd1e-04trmiss40_trlocglobal,14,0.6333500146865845,0.7033623158931732,0.5454545454545454,0.5690765070622523,0.5333333333333333,0.0,0.0,0.0,0.0,0.0,0.0,0.0,0.0,0.0,,,,,18473,global,0.4
5,1,lr5e-05_bs32_modL1_fusion16_fusionL1_fusionBN0_drop0p2__wd1e-04trmiss40_trlocglobal,32,5e-05,0.0001,1,16,1,False,0.2,lr5e-05_bs32_modL1_fusion16_fusionL1_fusionBN0_drop0p2__wd1e-04trmiss40_trlocglobal,15,0.6380534668763479,0.703315794467926,0.5434782608695652,0.5699483259748573,0.5333333333333333,0.0,0.0,0.0,0.0,0.0,0.0,0.0,0.0,0.0,,,,,18473,global,0.4
5,1,lr5e-05_bs32_modL1_fusion16_fusionL1_fusionBN0_drop0p2__wd1e-04trmiss40_trlocglobal,32,5e-05,0.0001,1,16,1,False,0.2,lr5e-05_bs32_modL1_fusion16_fusionL1_fusionBN0_drop0p2__wd1e-04trmiss40_trlocglobal,16,0.621360162893931,0.7025115489959717,0.5434782608695652,0.5640727179825445,0.5777777777777777,0.0,0.0,0.0,0.0,0.0,0.0,0.0,0.0,0.0,,,,,18473,global,0.4
5,1,lr5e-05_bs32_modL1_fusion16_fusionL1_fusionBN0_drop0p2__wd1e-04trmiss40_trlocglobal,32,5e-05,0.0001,1,16,1,False,0.2,lr5e-05_bs32_modL1_fusion16_fusionL1_fusionBN0_drop0p2__wd1e-04trmiss40_trlocglobal,17,0.6346173087755839,0.7027485966682434,0.541501976284585,0.5634271647054123,0.5555555555555556,0.0,0.0,0.0,0.0,0.0,0.0,0.0,0.0,0.0,,,,,18473,global,0.4
5,1,lr5e-05_bs32_modL1_fusion16_fusionL1_fusionBN0_drop0p2__wd1e-04trmiss40_trlocglobal,32,5e-05,0.0001,1,16,1,False,0.2,lr5e-05_bs32_modL1_fusion16_fusionL1_fusionBN0_drop0p2__wd1e-04trmiss40_trlocglobal,18,0.6338890890280405,0.7025735378265381,0.549407114624506,0.5811848884303729,0.5555555555555556,0.0,0.0,0.0,0.0,0.0,0.0,0.0,0.0,0.0,,,,,18473,global,0.4
5,1,lr5e-05_bs32_modL1_fusion16_fusionL1_fusionBN0_drop0p2__wd1e-04trmiss40_trlocglobal,32,5e-05,0.0001,1,16,1,False,0.2,lr5e-05_bs32_modL1_fusion16_fusionL1_fusionBN0_drop0p2__wd1e-04trmiss40_trlocglobal,19,0.6331087648868561,0.7023981809616089,0.5533596837944664,0.5802817620497678,0.5555555555555556,0.0,0.0,0.0,0.0,0.0,0.0,0.0,0.0,0.0,,,,,18473,global,0.4
5,1,lr5e-05_bs32_modL1_fusion16_fusionL1_fusionBN0_drop0p2__wd1e-04trmiss40_trlocglobal,32,5e-05,0.0001,1,16,1,False,0.2,lr5e-05_bs32_modL1_fusion16_fusionL1_fusionBN0_drop0p2__wd1e-04trmiss40_trlocglobal,20,0.6262457370758057,0.7019883990287781,0.5513833992094861,0.5681093511109327,0.5333333333333333,0.0,0.0,0.0,0.0,0.0,0.0,0.0,0.0,0.0,,,,,18473,global,0.4
5,1,lr5e-05_bs32_modL1_fusion16_fusionL1_fusionBN0_drop0p2__wd1e-04trmiss40_trlocglobal,32,5e-05,0.0001,1,16,1,False,0.2,lr5e-05_bs32_modL1_fusion16_fusionL1_fusionBN0_drop0p2__wd1e-04trmiss40_trlocglobal,21,0.6309698224067688,0.7022848129272461,0.5513833992094862,0.570455603949806,0.5333333333333333,0.0,0.0,0.0,0.0,0.0,0.0,0.0,0.0,0.0,,,,,18473,global,0.4
5,1,lr5e-05_bs32_modL1_fusion16_fusionL1_fusionBN0_drop0p2__wd1e-04trmiss40_trlocglobal,32,5e-05,0.0001,1,16,1,False,0.2,lr5e-05_bs32_modL1_fusion16_fusionL1_fusionBN0_drop0p2__wd1e-04trmiss40_trlocglobal,22,0.6202389597892761,0.7028798162937164,0.5474308300395256,0.5778525974003402,0.5333333333333333,0.0,0.0,0.0,0.0,0.0,0.0,0.0,0.0,0.0,,,,,18473,global,0.4
5,1,lr5e-05_bs32_modL1_fusion16_fusionL1_fusionBN0_drop0p2__wd1e-04trmiss40_trlocglobal,32,5e-05,0.0001,1,16,1,False,0.2,lr5e-05_bs32_modL1_fusion16_fusionL1_fusionBN0_drop0p2__wd1e-04trmiss40_trlocglobal,23,0.6205682357152303,0.7027287483215332,0.5474308300395256,0.5787470629302511,0.5333333333333333,0.0,0.0,0.0,0.0,0.0,0.0,0.0,0.0,0.0,,,,,18473,global,0.4
5,1,lr5e-05_bs32_modL1_fusion16_fusionL1_fusionBN0_drop0p2__wd1e-04trmiss40_trlocglobal,32,5e-05,0.0001,1,16,1,False,0.2,lr5e-05_bs32_modL1_fusion16_fusionL1_fusionBN0_drop0p2__wd1e-04trmiss40_trlocglobal,24,0.6136216918627421,0.7026678919792175,0.5355731225296443,0.5706352752753885,0.5333333333333333,0.0,0.0,0.0,0.0,0.0,0.0,0.0,0.0,0.0,,,,,18473,global,0.4
5,1,lr5e-05_bs32_modL1_fusion16_fusionL1_fusionBN0_drop0p2__wd1e-04trmiss40_trlocglobal,32,5e-05,0.0001,1,16,1,False,0.2,lr5e-05_bs32_modL1_fusion16_fusionL1_fusionBN0_drop0p2__wd1e-04trmiss40_trlocglobal,25,0.6089498897393545,0.7033581733703613,0.5375494071146245,0.5677354233905214,0.5333333333333333,0.0,0.0,0.0,0.0,0.0,0.0,0.0,0.0,0.0,,,,,18473,global,0.4
5,1,lr5e-05_bs32_modL1_fusion16_fusionL1_fusionBN0_drop0p2__wd1e-04trmiss40_trlocglobal,32,5e-05,0.0001,1,16,1,False,0.2,lr5e-05_bs32_modL1_fusion16_fusionL1_fusionBN0_drop0p2__wd1e-04trmiss40_trlocglobal,26,0.6141953965028127,0.7040168941020966,0.5375494071146245,0.5717533115221568,0.5333333333333333,0.0,0.0,0.0,0.0,0.0,0.0,0.0,0.0,0.0,,,,,18473,global,0.4
5,1,lr5e-05_bs32_modL1_fusion16_fusionL1_fusionBN0_drop0p2__wd1e-04trmiss40_trlocglobal,32,5e-05,0.0001,1,16,1,False,0.2,lr5e-05_bs32_modL1_fusion16_fusionL1_fusionBN0_drop0p2__wd1e-04trmiss40_trlocglobal,27,0.6081160604953766,0.7043321132659912,0.5375494071146245,0.5857438943269402,0.5333333333333333,0.0,0.0,0.0,0.0,0.0,0.0,0.0,0.0,0.0,,,,,18473,global,0.4
5,1,lr5e-05_bs32_modL1_fusion16_fusionL1_fusionBN0_drop0p2__wd1e-04trmiss40_trlocglobal,32,5e-05,0.0001,1,16,1,False,0.2,lr5e-05_bs32_modL1_fusion16_fusionL1_fusionBN0_drop0p2__wd1e-04trmiss40_trlocglobal,28,0.6050260464350382,0.7050162255764008,0.5454545454545454,0.5863785514229446,0.5333333333333333,0.0,0.0,0.0,0.0,0.0,0.0,0.0,0.0,0.0,,,,,18473,global,0.4
5,1,lr5e-05_bs32_modL1_fusion16_fusionL1_fusionBN0_drop0p2__wd1e-04trmiss40_trlocglobal,32,5e-05,0.0001,1,16,1,False,0.2,lr5e-05_bs32_modL1_fusion16_fusionL1_fusionBN0_drop0p2__wd1e-04trmiss40_trlocglobal,29,0.6058410406112671,0.7044201791286469,0.5454545454545454,0.5730237924833156,0.5333333333333333,0.0,0.0,0.0,0.0,0.0,0.0,0.0,0.0,0.0,,,,,18473,global,0.4
5,1,lr5e-05_bs32_modL1_fusion16_fusionL1_fusionBN0_drop0p2__wd1e-04trmiss40_trlocglobal,32,5e-05,0.0001,1,16,1,False,0.2,lr5e-05_bs32_modL1_fusion16_fusionL1_fusionBN0_drop0p2__wd1e-04trmiss40_trlocglobal,30,0.595371296008428,0.7029548585414886,0.5494071146245059,0.5817779235762773,0.5333333333333333,0.0,0.0,0.0,0.0,0.0,0.0,0.0,0.0,0.0,,,,,18473,global,0.4
5,1,lr5e-05_bs32_modL1_fusion16_fusionL1_fusionBN0_drop0p2__wd1e-04trmiss40_trlocglobal,32,5e-05,0.0001,1,16,1,False,0.2,lr5e-05_bs32_modL1_fusion16_fusionL1_fusionBN0_drop0p2__wd1e-04trmiss40_trlocglobal,31,0.6135941247145335,0.7025392651557922,0.5395256916996047,0.5632371070204087,0.5333333333333333,0.0,0.0,0.0,0.0,0.0,0.0,0.0,0.0,0.0,,,,,18473,global,0.4
5,1,lr5e-05_bs32_modL1_fusion16_fusionL1_fusionBN0_drop0p2__wd1e-04trmiss40_trlocglobal,32,5e-05,0.0001,1,16,1,False,0.2,lr5e-05_bs32_modL1_fusion16_fusionL1_fusionBN0_drop0p2__wd1e-04trmiss40_trlocglobal,32,0.5917788048585256,0.7018290758132935,0.5553359683794468,0.5732042057644153,0.5333333333333333,0.0,0.0,0.0,0.0,0.0,0.0,0.0,0.0,0.0,,,,,18473,global,0.4
5,1,lr5e-05_bs32_modL1_fusion16_fusionL1_fusionBN0_drop0p2__wd1e-04trmiss40_trlocglobal,32,5e-05,0.0001,1,16,1,False,0.2,lr5e-05_bs32_modL1_fusion16_fusionL1_fusionBN0_drop0p2__wd1e-04trmiss40_trlocglobal,33,0.6024148166179657,0.7018622159957886,0.549407114624506,0.5727951570420232,0.5333333333333333,0.0,0.0,0.0,0.0,0.0,0.0,0.0,0.0,0.0,,,,,18473,global,0.4
5,1,lr5e-05_bs32_modL1_fusion16_fusionL1_fusionBN0_drop0p2__wd1e-04trmiss40_trlocglobal,32,5e-05,0.0001,1,16,1,False,0.2,lr5e-05_bs32_modL1_fusion16_fusionL1_fusionBN0_drop0p2__wd1e-04trmiss40_trlocglobal,34,0.5942807495594025,0.7015476524829865,0.5454545454545454,0.5692982445682752,0.5333333333333333,0.0,0.0,0.0,0.0,0.0,0.0,0.0,0.0,0.0,,,,,18473,global,0.4
5,1,lr5e-05_bs32_modL1_fusion16_fusionL1_fusionBN0_drop0p2__wd1e-04trmiss40_trlocglobal,32,5e-05,0.0001,1,16,1,False,0.2,lr5e-05_bs32_modL1_fusion16_fusionL1_fusionBN0_drop0p2__wd1e-04trmiss40_trlocglobal,35,0.593134343624115,0.7023163437843323,0.5355731225296443,0.5579140957302526,0.5111111111111111,0.0,0.0,0.0,0.0,0.0,0.0,0.0,0.0,0.0,,,,,18473,global,0.4
5,1,lr5e-05_bs32_modL1_fusion16_fusionL1_fusionBN0_drop0p2__wd1e-04trmiss40_trlocglobal,32,5e-05,0.0001,1,16,1,False,0.2,lr5e-05_bs32_modL1_fusion16_fusionL1_fusionBN0_drop0p2__wd1e-04trmiss40_trlocglobal,36,0.5881118476390839,0.7033932507038116,0.5355731225296443,0.5575639369700852,0.5111111111111111,0.0,0.0,0.0,0.0,0.0,0.0,0.0,0.0,0.0,,,,,18473,global,0.4
5,1,lr5e-05_bs32_modL1_fusion16_fusionL1_fusionBN0_drop0p2__wd1e-04trmiss40_trlocglobal,32,5e-05,0.0001,1,16,1,False,0.2,lr5e-05_bs32_modL1_fusion16_fusionL1_fusionBN0_drop0p2__wd1e-04trmiss40_trlocglobal,37,0.585880974928538,0.7038723230361938,0.5434782608695652,0.5632931131626862,0.4888888888888889,0.0,0.0,0.0,0.0,0.0,0.0,0.0,0.0,0.0,,,,,18473,global,0.4
5,1,lr5e-05_bs32_modL1_fusion16_fusionL1_fusionBN0_drop0p2__wd1e-04trmiss40_trlocglobal,32,5e-05,0.0001,1,16,1,False,0.2,lr5e-05_bs32_modL1_fusion16_fusionL1_fusionBN0_drop0p2__wd1e-04trmiss40_trlocglobal,38,0.5922136704126993,0.7039656639099121,0.5513833992094862,0.5732910016674015,0.5333333333333333,0.0,0.0,0.0,0.0,0.0,0.0,0.0,0.0,0.0,,,,,18473,global,0.4
5,1,lr5e-05_bs32_modL1_fusion16_fusionL1_fusionBN0_drop0p2__wd1e-04trmiss40_trlocglobal,32,5e-05,0.0001,1,16,1,False,0.2,lr5e-05_bs32_modL1_fusion16_fusionL1_fusionBN0_drop0p2__wd1e-04trmiss40_trlocglobal,39,0.5891895492871603,0.7039262056350708,0.5513833992094862,0.5689816047158851,0.5333333333333333,0.0,0.0,0.0,0.0,0.0,0.0,0.0,0.0,0.0,,,,,18473,global,0.4
5,1,lr5e-05_bs32_modL1_fusion16_fusionL1_fusionBN0_drop0p2__wd1e-04trmiss40_trlocglobal,32,5e-05,0.0001,1,16,1,False,0.2,lr5e-05_bs32_modL1_fusion16_fusionL1_fusionBN0_drop0p2__wd1e-04trmiss40_trlocglobal,40,0.5902336438496908,0.7028084993362427,0.5553359683794467,0.5709365841165167,0.5333333333333333,0.0,0.0,0.0,0.0,0.0,0.0,0.0,0.0,0.0,,,,,18473,global,0.4
5,1,lr5e-05_bs32_modL1_fusion16_fusionL1_fusionBN0_drop0p2__wd1e-04trmiss40_trlocglobal,32,5e-05,0.0001,1,16,1,False,0.2,lr5e-05_bs32_modL1_fusion16_fusionL1_fusionBN0_drop0p2__wd1e-04trmiss40_trlocglobal,41,0.5863399704297384,0.7025685906410217,0.5553359683794467,0.5709365841165167,0.5333333333333333,0.0,0.0,0.0,0.0,0.0,0.0,0.0,0.0,0.0,,,,,18473,global,0.4
5,1,lr5e-05_bs32_modL1_fusion16_fusionL1_fusionBN0_drop0p2__wd1e-04trmiss40_trlocglobal,32,5e-05,0.0001,1,16,1,False,0.2,lr5e-05_bs32_modL1_fusion16_fusionL1_fusionBN0_drop0p2__wd1e-04trmiss40_trlocglobal,42,0.5814153452714285,0.7041476666927338,0.5474308300395258,0.5665370962969872,0.5333333333333333,0.0,0.0,0.0,0.0,0.0,0.0,0.0,0.0,0.0,,,,,18473,global,0.4
5,1,lr5e-05_bs32_modL1_fusion16_fusionL1_fusionBN0_drop0p2__wd1e-04trmiss40_trlocglobal,32,5e-05,0.0001,1,16,1,False,0.2,lr5e-05_bs32_modL1_fusion16_fusionL1_fusionBN0_drop0p2__wd1e-04trmiss40_trlocglobal,43,0.5770117441813151,0.7037492990493774,0.5454545454545454,0.5636071479984189,0.5333333333333333,0.0,0.0,0.0,0.0,0.0,0.0,0.0,0.0,0.0,,,,,18473,global,0.4
5,1,lr5e-05_bs32_modL1_fusion16_fusionL1_fusionBN0_drop0p2__wd1e-04trmiss40_trlocglobal,32,5e-05,0.0001,1,16,1,False,0.2,lr5e-05_bs32_modL1_fusion16_fusionL1_fusionBN0_drop0p2__wd1e-04trmiss40_trlocglobal,44,0.5771381855010986,0.7041884362697601,0.541501976284585,0.5592151421361233,0.5333333333333333,0.0,0.0,0.0,0.0,0.0,0.0,0.0,0.0,0.0,,,,,18473,global,0.4
5,1,lr5e-05_bs32_modL1_fusion16_fusionL1_fusionBN0_drop0p2__wd1e-04trmiss40_trlocglobal,32,5e-05,0.0001,1,16,1,False,0.2,lr5e-05_bs32_modL1_fusion16_fusionL1_fusionBN0_drop0p2__wd1e-04trmiss40_trlocglobal,45,0.579852690299352,0.7056147754192352,0.5395256916996047,0.5606494613074836,0.5111111111111111,0.0,0.0,0.0,0.0,0.0,0.0,0.0,0.0,0.0,,,,,18473,global,0.4
5,1,lr5e-05_bs32_modL1_fusion16_fusionL1_fusionBN0_drop0p2__wd1e-04trmiss40_trlocglobal,32,5e-05,0.0001,1,16,1,False,0.2,lr5e-05_bs32_modL1_fusion16_fusionL1_fusionBN0_drop0p2__wd1e-04trmiss40_trlocglobal,46,0.5697731077671051,0.7057504951953888,0.5375494071146245,0.5588828252434056,0.5111111111111111,0.0,0.0,0.0,0.0,0.0,0.0,0.0,0.0,0.0,,,,,18473,global,0.4
5,1,lr5e-05_bs32_modL1_fusion16_fusionL1_fusionBN0_drop0p2__wd1e-04trmiss40_trlocglobal,32,5e-05,0.0001,1,16,1,False,0.2,lr5e-05_bs32_modL1_fusion16_fusionL1_fusionBN0_drop0p2__wd1e-04trmiss40_trlocglobal,47,0.5766681730747223,0.7051937580108643,0.5474308300395258,0.5733555541342931,0.5111111111111111,0.0,0.0,0.0,0.0,0.0,0.0,0.0,0.0,0.0,,,,,18473,global,0.4
5,1,lr5e-05_bs32_modL1_fusion16_fusionL1_fusionBN0_drop0p2__wd1e-04trmiss40_trlocglobal,32,5e-05,0.0001,1,16,1,False,0.2,lr5e-05_bs32_modL1_fusion16_fusionL1_fusionBN0_drop0p2__wd1e-04trmiss40_trlocglobal,48,0.5630666514237722,0.7057230174541473,0.5454545454545454,0.5737877104511814,0.5111111111111111,0.0,0.0,0.0,0.0,0.0,0.0,0.0,0.0,0.0,,,,,18473,global,0.4
5,1,lr5e-05_bs32_modL1_fusion16_fusionL1_fusionBN0_drop0p2__wd1e-04trmiss40_trlocglobal,32,5e-05,0.0001,1,16,1,False,0.2,lr5e-05_bs32_modL1_fusion16_fusionL1_fusionBN0_drop0p2__wd1e-04trmiss40_trlocglobal,49,0.5707273781299591,0.7061424553394318,0.541501976284585,0.5718978107830653,0.5111111111111111,0.0,0.0,0.0,0.0,0.0,0.0,0.0,0.0,0.0,,,,,18473,global,0.4
5,1,lr5e-05_bs32_modL1_fusion16_fusionL1_fusionBN0_drop0p2__wd1e-04trmiss40_trlocglobal,32,5e-05,0.0001,1,16,1,False,0.2,lr5e-05_bs32_modL1_fusion16_fusionL1_fusionBN0_drop0p2__wd1e-04trmiss40_trlocglobal,50,0.5772283474604288,0.7061081230640411,0.5375494071146245,0.5653430142353576,0.5111111111111111,0.0,0.0,0.0,0.0,0.0,0.0,0.0,0.0,0.0,,,,,18473,global,0.4
5,1,lr5e-05_bs32_modL1_fusion16_fusionL1_fusionBN0_drop0p2__wd1e-04trmiss40_trlocglobal,32,5e-05,0.0001,1,16,1,False,0.2,lr5e-05_bs32_modL1_fusion16_fusionL1_fusionBN0_drop0p2__wd1e-04trmiss40_trlocglobal,51,0.5719373126824697,0.7071720957756042,0.5335968379446641,0.5591911209823858,0.5111111111111111,0.0,0.0,0.0,0.0,0.0,0.0,0.0,0.0,0.0,,,,,18473,global,0.4
5,1,lr5e-05_bs32_modL1_fusion16_fusionL1_fusionBN0_drop0p2__wd1e-04trmiss40_trlocglobal,32,5e-05,0.0001,1,16,1,False,0.2,lr5e-05_bs32_modL1_fusion16_fusionL1_fusionBN0_drop0p2__wd1e-04trmiss40_trlocglobal,52,0.5732077658176422,0.7073076963424683,0.541501976284585,0.5641218543699084,0.5111111111111111,0.0,0.0,0.0,0.0,0.0,0.0,0.0,0.0,0.0,,,,,18473,global,0.4
5,1,lr5e-05_bs32_modL1_fusion16_fusionL1_fusionBN0_drop0p1__wd1e-04trmiss40_trlocglobal,32,5e-05,0.0001,1,16,1,False,0.1,lr5e-05_bs32_modL1_fusion16_fusionL1_fusionBN0_drop0p1__wd1e-04trmiss40_trlocglobal,1,0.6949189305305481,0.6808210611343384,0.6027667984189723,0.6503975098269648,0.6,0.0,0.0,0.0,0.0,0.0,0.0,0.0,0.0,0.0,,,,,18473,global,0.4
5,1,lr5e-05_bs32_modL1_fusion16_fusionL1_fusionBN0_drop0p1__wd1e-04trmiss40_trlocglobal,32,5e-05,0.0001,1,16,1,False,0.1,lr5e-05_bs32_modL1_fusion16_fusionL1_fusionBN0_drop0p1__wd1e-04trmiss40_trlocglobal,2,0.6821652253468832,0.6771882474422455,0.6304347826086957,0.6694009767002154,0.6444444444444445,0.0,0.0,0.0,0.0,0.0,0.0,0.0,0.0,0.0,,,,,18473,global,0.4
5,1,lr5e-05_bs32_modL1_fusion16_fusionL1_fusionBN0_drop0p1__wd1e-04trmiss40_trlocglobal,32,5e-05,0.0001,1,16,1,False,0.1,lr5e-05_bs32_modL1_fusion16_fusionL1_fusionBN0_drop0p1__wd1e-04trmiss40_trlocglobal,3,0.676683654387792,0.6738252341747284,0.6403162055335968,0.6993399073379306,0.6666666666666666,0.0,0.0,0.0,0.0,0.0,0.0,0.0,0.0,0.0,,,,,18473,global,0.4
5,1,lr5e-05_bs32_modL1_fusion16_fusionL1_fusionBN0_drop0p1__wd1e-04trmiss40_trlocglobal,32,5e-05,0.0001,1,16,1,False,0.1,lr5e-05_bs32_modL1_fusion16_fusionL1_fusionBN0_drop0p1__wd1e-04trmiss40_trlocglobal,4,0.6598949134349823,0.6692821383476257,0.6541501976284585,0.7133530376212346,0.6666666666666666,0.0,0.0,0.0,0.0,0.0,0.0,0.0,0.0,0.0,,,,,18473,global,0.4
5,1,lr5e-05_bs32_modL1_fusion16_fusionL1_fusionBN0_drop0p1__wd1e-04trmiss40_trlocglobal,32,5e-05,0.0001,1,16,1,False,0.1,lr5e-05_bs32_modL1_fusion16_fusionL1_fusionBN0_drop0p1__wd1e-04trmiss40_trlocglobal,5,0.6606032351652781,0.6660798192024231,0.6699604743083004,0.7275740743684581,0.6444444444444445,0.0,0.0,0.0,0.0,0.0,0.0,0.0,0.0,0.0,,,,,18473,global,0.4
5,1,lr5e-05_bs32_modL1_fusion16_fusionL1_fusionBN0_drop0p1__wd1e-04trmiss40_trlocglobal,32,5e-05,0.0001,1,16,1,False,0.1,lr5e-05_bs32_modL1_fusion16_fusionL1_fusionBN0_drop0p1__wd1e-04trmiss40_trlocglobal,6,0.64546271165212,0.6648794710636139,0.6640316205533597,0.7254544956164488,0.6222222222222222,0.0,0.0,0.0,0.0,0.0,0.0,0.0,0.0,0.0,,,,,18473,global,0.4
5,1,lr5e-05_bs32_modL1_fusion16_fusionL1_fusionBN0_drop0p1__wd1e-04trmiss40_trlocglobal,32,5e-05,0.0001,1,16,1,False,0.1,lr5e-05_bs32_modL1_fusion16_fusionL1_fusionBN0_drop0p1__wd1e-04trmiss40_trlocglobal,7,0.6390211979548136,0.6633805632591248,0.6600790513833993,0.7191246754761188,0.6222222222222222,0.0,0.0,0.0,0.0,0.0,0.0,0.0,0.0,0.0,,,,,18473,global,0.4
5,1,lr5e-05_bs32_modL1_fusion16_fusionL1_fusionBN0_drop0p1__wd1e-04trmiss40_trlocglobal,32,5e-05,0.0001,1,16,1,False,0.1,lr5e-05_bs32_modL1_fusion16_fusionL1_fusionBN0_drop0p1__wd1e-04trmiss40_trlocglobal,8,0.6329066356023153,0.6623280644416809,0.6679841897233202,0.7268575612228333,0.6444444444444445,0.0,0.0,0.0,0.0,0.0,0.0,0.0,0.0,0.0,,,,,18473,global,0.4
5,1,lr5e-05_bs32_modL1_fusion16_fusionL1_fusionBN0_drop0p1__wd1e-04trmiss40_trlocglobal,32,5e-05,0.0001,1,16,1,False,0.1,lr5e-05_bs32_modL1_fusion16_fusionL1_fusionBN0_drop0p1__wd1e-04trmiss40_trlocglobal,9,0.6221854786078135,0.6623777449131012,0.6719367588932808,0.7382653985894898,0.6,0.0,0.0,0.0,0.0,0.0,0.0,0.0,0.0,0.0,,,,,18473,global,0.4
5,1,lr5e-05_bs32_modL1_fusion16_fusionL1_fusionBN0_drop0p1__wd1e-04trmiss40_trlocglobal,32,5e-05,0.0001,1,16,1,False,0.1,lr5e-05_bs32_modL1_fusion16_fusionL1_fusionBN0_drop0p1__wd1e-04trmiss40_trlocglobal,10,0.6237993836402893,0.6606358587741852,0.6818181818181819,0.7461331833490232,0.6222222222222222,0.0,0.0,0.0,0.0,0.0,0.0,0.0,0.0,0.0,,,,,18473,global,0.4
5,1,lr5e-05_bs32_modL1_fusion16_fusionL1_fusionBN0_drop0p1__wd1e-04trmiss40_trlocglobal,32,5e-05,0.0001,1,16,1,False,0.1,lr5e-05_bs32_modL1_fusion16_fusionL1_fusionBN0_drop0p1__wd1e-04trmiss40_trlocglobal,11,0.6091568966706594,0.6598915159702301,0.6818181818181818,0.7442126129629241,0.6444444444444445,0.0,0.0,0.0,0.0,0.0,0.0,0.0,0.0,0.0,,,,,18473,global,0.4
5,1,lr5e-05_bs32_modL1_fusion16_fusionL1_fusionBN0_drop0p1__wd1e-04trmiss40_trlocglobal,32,5e-05,0.0001,1,16,1,False,0.1,lr5e-05_bs32_modL1_fusion16_fusionL1_fusionBN0_drop0p1__wd1e-04trmiss40_trlocglobal,12,0.6123554507891337,0.6590112149715424,0.6877470355731226,0.7503005190508302,0.6666666666666666,0.0,0.0,0.0,0.0,0.0,0.0,0.0,0.0,0.0,,,,,18473,global,0.4
5,1,lr5e-05_bs32_modL1_fusion16_fusionL1_fusionBN0_drop0p1__wd1e-04trmiss40_trlocglobal,32,5e-05,0.0001,1,16,1,False,0.1,lr5e-05_bs32_modL1_fusion16_fusionL1_fusionBN0_drop0p1__wd1e-04trmiss40_trlocglobal,13,0.6132927238941193,0.6574588418006897,0.6936758893280633,0.7515344302190352,0.6666666666666666,0.0,0.0,0.0,0.0,0.0,0.0,0.0,0.0,0.0,,,,,18473,global,0.4
5,1,lr5e-05_bs32_modL1_fusion16_fusionL1_fusionBN0_drop0p1__wd1e-04trmiss40_trlocglobal,32,5e-05,0.0001,1,16,1,False,0.1,lr5e-05_bs32_modL1_fusion16_fusionL1_fusionBN0_drop0p1__wd1e-04trmiss40_trlocglobal,14,0.6069478491942087,0.6569437682628632,0.6818181818181819,0.7439506332390124,0.6444444444444445,0.0,0.0,0.0,0.0,0.0,0.0,0.0,0.0,0.0,,,,,18473,global,0.4
5,1,lr5e-05_bs32_modL1_fusion16_fusionL1_fusionBN0_drop0p1__wd1e-04trmiss40_trlocglobal,32,5e-05,0.0001,1,16,1,False,0.1,lr5e-05_bs32_modL1_fusion16_fusionL1_fusionBN0_drop0p1__wd1e-04trmiss40_trlocglobal,15,0.6045370499293009,0.6577189564704895,0.6877470355731226,0.7545017923335389,0.6222222222222222,0.0,0.0,0.0,0.0,0.0,0.0,0.0,0.0,0.0,,,,,18473,global,0.4
5,1,lr5e-05_bs32_modL1_fusion16_fusionL1_fusionBN0_drop0p1__wd1e-04trmiss40_trlocglobal,32,5e-05,0.0001,1,16,1,False,0.1,lr5e-05_bs32_modL1_fusion16_fusionL1_fusionBN0_drop0p1__wd1e-04trmiss40_trlocglobal,16,0.5994361142317454,0.6563252508640289,0.691699604743083,0.7580705653638644,0.6444444444444445,0.0,0.0,0.0,0.0,0.0,0.0,0.0,0.0,0.0,,,,,18473,global,0.4
5,1,lr5e-05_bs32_modL1_fusion16_fusionL1_fusionBN0_drop0p1__wd1e-04trmiss40_trlocglobal,32,5e-05,0.0001,1,16,1,False,0.1,lr5e-05_bs32_modL1_fusion16_fusionL1_fusionBN0_drop0p1__wd1e-04trmiss40_trlocglobal,17,0.5854876538117727,0.6563466489315033,0.691699604743083,0.7515293252426323,0.6,0.0,0.0,0.0,0.0,0.0,0.0,0.0,0.0,0.0,,,,,18473,global,0.4
5,1,lr5e-05_bs32_modL1_fusion16_fusionL1_fusionBN0_drop0p1__wd1e-04trmiss40_trlocglobal,32,5e-05,0.0001,1,16,1,False,0.1,lr5e-05_bs32_modL1_fusion16_fusionL1_fusionBN0_drop0p1__wd1e-04trmiss40_trlocglobal,18,0.5889996588230133,0.6555473506450653,0.6897233201581028,0.7503681061866764,0.6222222222222222,0.0,0.0,0.0,0.0,0.0,0.0,0.0,0.0,0.0,,,,,18473,global,0.4
5,1,lr5e-05_bs32_modL1_fusion16_fusionL1_fusionBN0_drop0p1__wd1e-04trmiss40_trlocglobal,32,5e-05,0.0001,1,16,1,False,0.1,lr5e-05_bs32_modL1_fusion16_fusionL1_fusionBN0_drop0p1__wd1e-04trmiss40_trlocglobal,19,0.5843504071235657,0.6569618880748749,0.6857707509881423,0.7473322002762952,0.6,0.0,0.0,0.0,0.0,0.0,0.0,0.0,0.0,0.0,,,,,18473,global,0.4
5,1,lr5e-05_bs32_modL1_fusion16_fusionL1_fusionBN0_drop0p1__wd1e-04trmiss40_trlocglobal,32,5e-05,0.0001,1,16,1,False,0.1,lr5e-05_bs32_modL1_fusion16_fusionL1_fusionBN0_drop0p1__wd1e-04trmiss40_trlocglobal,20,0.5890202124913534,0.6561894416809082,0.6897233201581029,0.7506575194583919,0.6888888888888889,0.0,0.0,0.0,0.0,0.0,0.0,0.0,0.0,0.0,,,,,18473,global,0.4
5,1,lr5e-05_bs32_modL1_fusion16_fusionL1_fusionBN0_drop0p1__wd1e-04trmiss40_trlocglobal,32,5e-05,0.0001,1,16,1,False,0.1,lr5e-05_bs32_modL1_fusion16_fusionL1_fusionBN0_drop0p1__wd1e-04trmiss40_trlocglobal,21,0.58468230565389,0.6564538180828094,0.6818181818181819,0.7539622169753449,0.6666666666666666,0.0,0.0,0.0,0.0,0.0,0.0,0.0,0.0,0.0,,,,,18473,global,0.4
5,1,lr5e-05_bs32_modL1_fusion16_fusionL1_fusionBN0_drop0p1__wd1e-04trmiss40_trlocglobal,32,5e-05,0.0001,1,16,1,False,0.1,lr5e-05_bs32_modL1_fusion16_fusionL1_fusionBN0_drop0p1__wd1e-04trmiss40_trlocglobal,22,0.5737369656562805,0.6568482220172882,0.6679841897233202,0.7443197594302597,0.6666666666666666,0.0,0.0,0.0,0.0,0.0,0.0,0.0,0.0,0.0,,,,,18473,global,0.4
5,1,lr5e-05_bs32_modL1_fusion16_fusionL1_fusionBN0_drop0p1__wd1e-04trmiss40_trlocglobal,32,5e-05,0.0001,1,16,1,False,0.1,lr5e-05_bs32_modL1_fusion16_fusionL1_fusionBN0_drop0p1__wd1e-04trmiss40_trlocglobal,23,0.5708132187525431,0.6567942798137665,0.6620553359683795,0.7397716535226169,0.6,0.0,0.0,0.0,0.0,0.0,0.0,0.0,0.0,0.0,,,,,18473,global,0.4
5,1,lr5e-05_bs32_modL1_fusion16_fusionL1_fusionBN0_drop0p1__wd1e-04trmiss40_trlocglobal,32,5e-05,0.0001,1,16,1,False,0.1,lr5e-05_bs32_modL1_fusion16_fusionL1_fusionBN0_drop0p1__wd1e-04trmiss40_trlocglobal,24,0.5753852228323618,0.6554618179798126,0.6679841897233202,0.7429485724110879,0.6,0.0,0.0,0.0,0.0,0.0,0.0,0.0,0.0,0.0,,,,,18473,global,0.4
5,1,lr5e-05_bs32_modL1_fusion16_fusionL1_fusionBN0_drop0p1__wd1e-04trmiss40_trlocglobal,32,5e-05,0.0001,1,16,1,False,0.1,lr5e-05_bs32_modL1_fusion16_fusionL1_fusionBN0_drop0p1__wd1e-04trmiss40_trlocglobal,25,0.5711730023225149,0.6560625731945038,0.6699604743083004,0.7437966767327271,0.6,0.0,0.0,0.0,0.0,0.0,0.0,0.0,0.0,0.0,,,,,18473,global,0.4
5,1,lr5e-05_bs32_modL1_fusion16_fusionL1_fusionBN0_drop0p1__wd1e-04trmiss40_trlocglobal,32,5e-05,0.0001,1,16,1,False,0.1,lr5e-05_bs32_modL1_fusion16_fusionL1_fusionBN0_drop0p1__wd1e-04trmiss40_trlocglobal,26,0.5720463693141937,0.6555064916610718,0.658102766798419,0.7396486118018902,0.6,0.0,0.0,0.0,0.0,0.0,0.0,0.0,0.0,0.0,,,,,18473,global,0.4
5,1,lr5e-05_bs32_modL1_fusion16_fusionL1_fusionBN0_drop0p1__wd1e-04trmiss40_trlocglobal,32,5e-05,0.0001,1,16,1,False,0.1,lr5e-05_bs32_modL1_fusion16_fusionL1_fusionBN0_drop0p1__wd1e-04trmiss40_trlocglobal,27,0.5591955085595449,0.6562170088291168,0.6561264822134388,0.7377299457754298,0.6,0.0,0.0,0.0,0.0,0.0,0.0,0.0,0.0,0.0,,,,,18473,global,0.4
5,1,lr5e-05_bs32_modL1_fusion16_fusionL1_fusionBN0_drop0p1__wd1e-04trmiss40_trlocglobal,32,5e-05,0.0001,1,16,1,False,0.1,lr5e-05_bs32_modL1_fusion16_fusionL1_fusionBN0_drop0p1__wd1e-04trmiss40_trlocglobal,28,0.5695183873176575,0.6570338010787964,0.6501976284584982,0.7324132186437667,0.6,0.0,0.0,0.0,0.0,0.0,0.0,0.0,0.0,0.0,,,,,18473,global,0.4
5,1,lr5e-05_bs32_modL1_fusion16_fusionL1_fusionBN0_drop0p1__wd1e-04trmiss40_trlocglobal,32,5e-05,0.0001,1,16,1,False,0.1,lr5e-05_bs32_modL1_fusion16_fusionL1_fusionBN0_drop0p1__wd1e-04trmiss40_trlocglobal,29,0.5617112020651499,0.6571131348609924,0.650197628458498,0.7319256864454929,0.6222222222222222,0.0,0.0,0.0,0.0,0.0,0.0,0.0,0.0,0.0,,,,,18473,global,0.4
5,1,lr5e-05_bs32_modL1_fusion16_fusionL1_fusionBN0_drop0p1__wd1e-04trmiss40_trlocglobal,32,5e-05,0.0001,1,16,1,False,0.1,lr5e-05_bs32_modL1_fusion16_fusionL1_fusionBN0_drop0p1__wd1e-04trmiss40_trlocglobal,30,0.5547471841176351,0.6581608057022095,0.6403162055335968,0.7197314565279932,0.6222222222222222,0.0,0.0,0.0,0.0,0.0,0.0,0.0,0.0,0.0,,,,,18473,global,0.4
5,1,lr5e-05_bs32_modL1_fusion16_fusionL1_fusionBN0_drop0p1__wd1e-04trmiss40_trlocglobal,32,5e-05,0.0001,1,16,1,False,0.1,lr5e-05_bs32_modL1_fusion16_fusionL1_fusionBN0_drop0p1__wd1e-04trmiss40_trlocglobal,31,0.5604633688926697,0.6573562622070312,0.6403162055335968,0.7200947447835309,0.6,0.0,0.0,0.0,0.0,0.0,0.0,0.0,0.0,0.0,,,,,18473,global,0.4
5,1,lr5e-05_bs32_modL1_fusion16_fusionL1_fusionBN0_drop0p1__wd1e-04trmiss40_trlocglobal,32,5e-05,0.0001,1,16,1,False,0.1,lr5e-05_bs32_modL1_fusion16_fusionL1_fusionBN0_drop0p1__wd1e-04trmiss40_trlocglobal,32,0.5532480080922445,0.6580082774162292,0.6343873517786561,0.71561215177792,0.6,0.0,0.0,0.0,0.0,0.0,0.0,0.0,0.0,0.0,,,,,18473,global,0.4
5,1,lr5e-05_bs32_modL1_fusion16_fusionL1_fusionBN0_drop0p1__wd1e-04trmiss40_trlocglobal,32,5e-05,0.0001,1,16,1,False,0.1,lr5e-05_bs32_modL1_fusion16_fusionL1_fusionBN0_drop0p1__wd1e-04trmiss40_trlocglobal,33,0.5548582077026367,0.6578928232192993,0.6343873517786561,0.7136442857965231,0.6,0.0,0.0,0.0,0.0,0.0,0.0,0.0,0.0,0.0,,,,,18473,global,0.4
5,1,lr5e-05_bs32_modL1_fusion32_fusionL1_fusionBN0_drop0p2__wd1e-04trmiss40_trlocglobal,32,5e-05,0.0001,1,32,1,False,0.2,lr5e-05_bs32_modL1_fusion32_fusionL1_fusionBN0_drop0p2__wd1e-04trmiss40_trlocglobal,1,0.6901531418164571,0.695292204618454,0.541501976284585,0.6224338948833332,0.5111111111111111,0.0,0.0,0.0,0.0,0.0,0.0,0.0,0.0,0.0,,,,,18473,global,0.4
5,1,lr5e-05_bs32_modL1_fusion32_fusionL1_fusionBN0_drop0p2__wd1e-04trmiss40_trlocglobal,32,5e-05,0.0001,1,32,1,False,0.2,lr5e-05_bs32_modL1_fusion32_fusionL1_fusionBN0_drop0p2__wd1e-04trmiss40_trlocglobal,2,0.665380616982778,0.693189412355423,0.5691699604743082,0.6341208687426447,0.5333333333333333,0.0,0.0,0.0,0.0,0.0,0.0,0.0,0.0,0.0,,,,,18473,global,0.4
5,1,lr5e-05_bs32_modL1_fusion32_fusionL1_fusionBN0_drop0p2__wd1e-04trmiss40_trlocglobal,32,5e-05,0.0001,1,32,1,False,0.2,lr5e-05_bs32_modL1_fusion32_fusionL1_fusionBN0_drop0p2__wd1e-04trmiss40_trlocglobal,3,0.6589719156424204,0.6903691589832306,0.5770750988142292,0.6387516643922693,0.5555555555555556,0.0,0.0,0.0,0.0,0.0,0.0,0.0,0.0,0.0,,,,,18473,global,0.4
5,1,lr5e-05_bs32_modL1_fusion32_fusionL1_fusionBN0_drop0p2__wd1e-04trmiss40_trlocglobal,32,5e-05,0.0001,1,32,1,False,0.2,lr5e-05_bs32_modL1_fusion32_fusionL1_fusionBN0_drop0p2__wd1e-04trmiss40_trlocglobal,4,0.6537146468957266,0.6887050569057465,0.5810276679841897,0.6310745616426108,0.5777777777777777,0.0,0.0,0.0,0.0,0.0,0.0,0.0,0.0,0.0,,,,,18473,global,0.4
5,1,lr5e-05_bs32_modL1_fusion32_fusionL1_fusionBN0_drop0p2__wd1e-04trmiss40_trlocglobal,32,5e-05,0.0001,1,32,1,False,0.2,lr5e-05_bs32_modL1_fusion32_fusionL1_fusionBN0_drop0p2__wd1e-04trmiss40_trlocglobal,5,0.6525381902853647,0.6875975430011749,0.58300395256917,0.6324509452377787,0.5555555555555556,0.0,0.0,0.0,0.0,0.0,0.0,0.0,0.0,0.0,,,,,18473,global,0.4
5,1,lr5e-05_bs32_modL1_fusion32_fusionL1_fusionBN0_drop0p2__wd1e-04trmiss40_trlocglobal,32,5e-05,0.0001,1,32,1,False,0.2,lr5e-05_bs32_modL1_fusion32_fusionL1_fusionBN0_drop0p2__wd1e-04trmiss40_trlocglobal,6,0.6393467585245768,0.6871318221092224,0.5988142292490118,0.6401108043077012,0.6,0.0,0.0,0.0,0.0,0.0,0.0,0.0,0.0,0.0,,,,,18473,global,0.4
5,1,lr5e-05_bs32_modL1_fusion32_fusionL1_fusionBN0_drop0p2__wd1e-04trmiss40_trlocglobal,32,5e-05,0.0001,1,32,1,False,0.2,lr5e-05_bs32_modL1_fusion32_fusionL1_fusionBN0_drop0p2__wd1e-04trmiss40_trlocglobal,7,0.6426712175210317,0.6867912113666534,0.5968379446640316,0.6392167324896678,0.6222222222222222,0.0,0.0,0.0,0.0,0.0,0.0,0.0,0.0,0.0,,,,,18473,global,0.4
5,1,lr5e-05_bs32_modL1_fusion32_fusionL1_fusionBN0_drop0p2__wd1e-04trmiss40_trlocglobal,32,5e-05,0.0001,1,32,1,False,0.2,lr5e-05_bs32_modL1_fusion32_fusionL1_fusionBN0_drop0p2__wd1e-04trmiss40_trlocglobal,8,0.6377333501974741,0.6852318644523621,0.6126482213438735,0.6372211191846681,0.6222222222222222,0.0,0.0,0.0,0.0,0.0,0.0,0.0,0.0,0.0,,,,,18473,global,0.4
5,1,lr5e-05_bs32_modL1_fusion32_fusionL1_fusionBN0_drop0p2__wd1e-04trmiss40_trlocglobal,32,5e-05,0.0001,1,32,1,False,0.2,lr5e-05_bs32_modL1_fusion32_fusionL1_fusionBN0_drop0p2__wd1e-04trmiss40_trlocglobal,9,0.6263090670108795,0.686185747385025,0.6205533596837944,0.6438705724048565,0.6222222222222222,0.0,0.0,0.0,0.0,0.0,0.0,0.0,0.0,0.0,,,,,18473,global,0.4
5,1,lr5e-05_bs32_modL1_fusion32_fusionL1_fusionBN0_drop0p2__wd1e-04trmiss40_trlocglobal,32,5e-05,0.0001,1,32,1,False,0.2,lr5e-05_bs32_modL1_fusion32_fusionL1_fusionBN0_drop0p2__wd1e-04trmiss40_trlocglobal,10,0.6276013751824697,0.6853302419185638,0.6264822134387351,0.6451150763254211,0.6222222222222222,0.0,0.0,0.0,0.0,0.0,0.0,0.0,0.0,0.0,,,,,18473,global,0.4
5,1,lr5e-05_bs32_modL1_fusion32_fusionL1_fusionBN0_drop0p2__wd1e-04trmiss40_trlocglobal,32,5e-05,0.0001,1,32,1,False,0.2,lr5e-05_bs32_modL1_fusion32_fusionL1_fusionBN0_drop0p2__wd1e-04trmiss40_trlocglobal,11,0.6121075550715128,0.6856172382831573,0.6264822134387352,0.6494835456610392,0.6222222222222222,0.0,0.0,0.0,0.0,0.0,0.0,0.0,0.0,0.0,,,,,18473,global,0.4
5,1,lr5e-05_bs32_modL1_fusion32_fusionL1_fusionBN0_drop0p2__wd1e-04trmiss40_trlocglobal,32,5e-05,0.0001,1,32,1,False,0.2,lr5e-05_bs32_modL1_fusion32_fusionL1_fusionBN0_drop0p2__wd1e-04trmiss40_trlocglobal,12,0.6205552319685618,0.6846232712268829,0.6304347826086957,0.6541514097985491,0.6222222222222222,0.0,0.0,0.0,0.0,0.0,0.0,0.0,0.0,0.0,,,,,18473,global,0.4
5,1,lr5e-05_bs32_modL1_fusion32_fusionL1_fusionBN0_drop0p2__wd1e-04trmiss40_trlocglobal,32,5e-05,0.0001,1,32,1,False,0.2,lr5e-05_bs32_modL1_fusion32_fusionL1_fusionBN0_drop0p2__wd1e-04trmiss40_trlocglobal,13,0.6152581373850504,0.6836220920085907,0.6343873517786561,0.6541522666341079,0.6222222222222222,0.0,0.0,0.0,0.0,0.0,0.0,0.0,0.0,0.0,,,,,18473,global,0.4
5,1,lr5e-05_bs32_modL1_fusion32_fusionL1_fusionBN0_drop0p2__wd1e-04trmiss40_trlocglobal,32,5e-05,0.0001,1,32,1,False,0.2,lr5e-05_bs32_modL1_fusion32_fusionL1_fusionBN0_drop0p2__wd1e-04trmiss40_trlocglobal,14,0.6065831581751505,0.6842595934867859,0.6343873517786562,0.6547207167448922,0.6444444444444445,0.0,0.0,0.0,0.0,0.0,0.0,0.0,0.0,0.0,,,,,18473,global,0.4
5,1,lr5e-05_bs32_modL1_fusion32_fusionL1_fusionBN0_drop0p2__wd1e-04trmiss40_trlocglobal,32,5e-05,0.0001,1,32,1,False,0.2,lr5e-05_bs32_modL1_fusion32_fusionL1_fusionBN0_drop0p2__wd1e-04trmiss40_trlocglobal,15,0.6048034528891245,0.6849255561828613,0.6383399209486166,0.662749524781591,0.6444444444444445,0.0,0.0,0.0,0.0,0.0,0.0,0.0,0.0,0.0,,,,,18473,global,0.4
5,1,lr5e-05_bs32_modL1_fusion32_fusionL1_fusionBN0_drop0p2__wd1e-04trmiss40_trlocglobal,32,5e-05,0.0001,1,32,1,False,0.2,lr5e-05_bs32_modL1_fusion32_fusionL1_fusionBN0_drop0p2__wd1e-04trmiss40_trlocglobal,16,0.5929335753122965,0.6843058168888092,0.6324110671936759,0.6684218824709635,0.6444444444444445,0.0,0.0,0.0,0.0,0.0,0.0,0.0,0.0,0.0,,,,,18473,global,0.4
5,1,lr5e-05_bs32_modL1_fusion32_fusionL1_fusionBN0_drop0p2__wd1e-04trmiss40_trlocglobal,32,5e-05,0.0001,1,32,1,False,0.2,lr5e-05_bs32_modL1_fusion32_fusionL1_fusionBN0_drop0p2__wd1e-04trmiss40_trlocglobal,17,0.5936437050501505,0.6833873391151428,0.642292490118577,0.6508923984235929,0.6222222222222222,0.0,0.0,0.0,0.0,0.0,0.0,0.0,0.0,0.0,,,,,18473,global,0.4
5,1,lr5e-05_bs32_modL1_fusion32_fusionL1_fusionBN0_drop0p2__wd1e-04trmiss40_trlocglobal,32,5e-05,0.0001,1,32,1,False,0.2,lr5e-05_bs32_modL1_fusion32_fusionL1_fusionBN0_drop0p2__wd1e-04trmiss40_trlocglobal,18,0.5967552165190378,0.6827113628387451,0.6521739130434783,0.6595880505975059,0.6444444444444445,0.0,0.0,0.0,0.0,0.0,0.0,0.0,0.0,0.0,,,,,18473,global,0.4
5,1,lr5e-05_bs32_modL1_fusion32_fusionL1_fusionBN0_drop0p2__wd1e-04trmiss40_trlocglobal,32,5e-05,0.0001,1,32,1,False,0.2,lr5e-05_bs32_modL1_fusion32_fusionL1_fusionBN0_drop0p2__wd1e-04trmiss40_trlocglobal,19,0.588104655345281,0.6829981803894043,0.6541501976284585,0.6802702047450668,0.6222222222222222,0.0,0.0,0.0,0.0,0.0,0.0,0.0,0.0,0.0,,,,,18473,global,0.4
5,1,lr5e-05_bs32_modL1_fusion32_fusionL1_fusionBN0_drop0p2__wd1e-04trmiss40_trlocglobal,32,5e-05,0.0001,1,32,1,False,0.2,lr5e-05_bs32_modL1_fusion32_fusionL1_fusionBN0_drop0p2__wd1e-04trmiss40_trlocglobal,20,0.580241729815801,0.6843684017658234,0.6482213438735178,0.6741789492258936,0.6,0.0,0.0,0.0,0.0,0.0,0.0,0.0,0.0,0.0,,,,,18473,global,0.4
5,1,lr5e-05_bs32_modL1_fusion32_fusionL1_fusionBN0_drop0p2__wd1e-04trmiss40_trlocglobal,32,5e-05,0.0001,1,32,1,False,0.2,lr5e-05_bs32_modL1_fusion32_fusionL1_fusionBN0_drop0p2__wd1e-04trmiss40_trlocglobal,21,0.5875315566857656,0.6845895349979401,0.6541501976284586,0.6724727049555882,0.6222222222222222,0.0,0.0,0.0,0.0,0.0,0.0,0.0,0.0,0.0,,,,,18473,global,0.4
5,1,lr5e-05_bs32_modL1_fusion32_fusionL1_fusionBN0_drop0p2__wd1e-04trmiss40_trlocglobal,32,5e-05,0.0001,1,32,1,False,0.2,lr5e-05_bs32_modL1_fusion32_fusionL1_fusionBN0_drop0p2__wd1e-04trmiss40_trlocglobal,22,0.5851352512836456,0.6840286254882812,0.6383399209486167,0.6554023203704827,0.6222222222222222,0.0,0.0,0.0,0.0,0.0,0.0,0.0,0.0,0.0,,,,,18473,global,0.4
5,1,lr5e-05_bs32_modL1_fusion32_fusionL1_fusionBN0_drop0p2__wd1e-04trmiss40_trlocglobal,32,5e-05,0.0001,1,32,1,False,0.2,lr5e-05_bs32_modL1_fusion32_fusionL1_fusionBN0_drop0p2__wd1e-04trmiss40_trlocglobal,23,0.5765172441800436,0.6828123033046722,0.6383399209486167,0.6538900917188707,0.6222222222222222,0.0,0.0,0.0,0.0,0.0,0.0,0.0,0.0,0.0,,,,,18473,global,0.4
5,1,lr5e-05_bs32_modL1_fusion32_fusionL1_fusionBN0_drop0p2__wd1e-04trmiss40_trlocglobal,32,5e-05,0.0001,1,32,1,False,0.2,lr5e-05_bs32_modL1_fusion32_fusionL1_fusionBN0_drop0p2__wd1e-04trmiss40_trlocglobal,24,0.5660902460416158,0.6819773614406586,0.6343873517786561,0.6471548183283305,0.6222222222222222,0.0,0.0,0.0,0.0,0.0,0.0,0.0,0.0,0.0,,,,,18473,global,0.4
5,1,lr5e-05_bs32_modL1_fusion32_fusionL1_fusionBN0_drop0p2__wd1e-04trmiss40_trlocglobal,32,5e-05,0.0001,1,32,1,False,0.2,lr5e-05_bs32_modL1_fusion32_fusionL1_fusionBN0_drop0p2__wd1e-04trmiss40_trlocglobal,25,0.5693831543127695,0.6838249564170837,0.6304347826086957,0.6454107784088846,0.6222222222222222,0.0,0.0,0.0,0.0,0.0,0.0,0.0,0.0,0.0,,,,,18473,global,0.4
5,1,lr5e-05_bs32_modL1_fusion32_fusionL1_fusionBN0_drop0p2__wd1e-04trmiss40_trlocglobal,32,5e-05,0.0001,1,32,1,False,0.2,lr5e-05_bs32_modL1_fusion32_fusionL1_fusionBN0_drop0p2__wd1e-04trmiss40_trlocglobal,26,0.5645489394664764,0.6828294694423676,0.6304347826086956,0.6495712570939935,0.6222222222222222,0.0,0.0,0.0,0.0,0.0,0.0,0.0,0.0,0.0,,,,,18473,global,0.4
5,1,lr5e-05_bs32_modL1_fusion32_fusionL1_fusionBN0_drop0p2__wd1e-04trmiss40_trlocglobal,32,5e-05,0.0001,1,32,1,False,0.2,lr5e-05_bs32_modL1_fusion32_fusionL1_fusionBN0_drop0p2__wd1e-04trmiss40_trlocglobal,27,0.5560543040434519,0.6829699277877808,0.6225296442687747,0.643644650573373,0.6,0.0,0.0,0.0,0.0,0.0,0.0,0.0,0.0,0.0,,,,,18473,global,0.4
5,1,lr5e-05_bs32_modL1_fusion32_fusionL1_fusionBN0_drop0p2__wd1e-04trmiss40_trlocglobal,32,5e-05,0.0001,1,32,1,False,0.2,lr5e-05_bs32_modL1_fusion32_fusionL1_fusionBN0_drop0p2__wd1e-04trmiss40_trlocglobal,28,0.5580251514911652,0.681860625743866,0.6343873517786561,0.6503023861313643,0.6,0.0,0.0,0.0,0.0,0.0,0.0,0.0,0.0,0.0,,,,,18473,global,0.4
5,1,lr5e-05_bs32_modL1_fusion32_fusionL1_fusionBN0_drop0p2__wd1e-04trmiss40_trlocglobal,32,5e-05,0.0001,1,32,1,False,0.2,lr5e-05_bs32_modL1_fusion32_fusionL1_fusionBN0_drop0p2__wd1e-04trmiss40_trlocglobal,29,0.5512588918209076,0.6799212098121643,0.6324110671936759,0.6495312192476653,0.6222222222222222,0.0,0.0,0.0,0.0,0.0,0.0,0.0,0.0,0.0,,,,,18473,global,0.4
5,1,lr5e-05_bs32_modL1_fusion32_fusionL1_fusionBN0_drop0p2__wd1e-04trmiss40_trlocglobal,32,5e-05,0.0001,1,32,1,False,0.2,lr5e-05_bs32_modL1_fusion32_fusionL1_fusionBN0_drop0p2__wd1e-04trmiss40_trlocglobal,30,0.5544603566328684,0.6801231503486633,0.6324110671936759,0.6425400791901636,0.6222222222222222,0.0,0.0,0.0,0.0,0.0,0.0,0.0,0.0,0.0,,,,,18473,global,0.4
5,1,lr5e-05_bs32_modL1_fusion32_fusionL1_fusionBN0_drop0p2__wd1e-04trmiss40_trlocglobal,32,5e-05,0.0001,1,32,1,False,0.2,lr5e-05_bs32_modL1_fusion32_fusionL1_fusionBN0_drop0p2__wd1e-04trmiss40_trlocglobal,31,0.5507351259390513,0.6795654594898224,0.6343873517786561,0.6449068722959527,0.6222222222222222,0.0,0.0,0.0,0.0,0.0,0.0,0.0,0.0,0.0,,,,,18473,global,0.4
5,1,lr5e-05_bs32_modL1_fusion32_fusionL1_fusionBN0_drop0p2__wd1e-04trmiss40_trlocglobal,32,5e-05,0.0001,1,32,1,False,0.2,lr5e-05_bs32_modL1_fusion32_fusionL1_fusionBN0_drop0p2__wd1e-04trmiss40_trlocglobal,32,0.5464604000250498,0.6797920763492584,0.6304347826086957,0.642818317575819,0.6222222222222222,0.0,0.0,0.0,0.0,0.0,0.0,0.0,0.0,0.0,,,,,18473,global,0.4
5,1,lr5e-05_bs32_modL1_fusion32_fusionL1_fusionBN0_drop0p2__wd1e-04trmiss40_trlocglobal,32,5e-05,0.0001,1,32,1,False,0.2,lr5e-05_bs32_modL1_fusion32_fusionL1_fusionBN0_drop0p2__wd1e-04trmiss40_trlocglobal,33,0.5448660651842753,0.6808033287525177,0.6225296442687747,0.6345060460989224,0.6666666666666666,0.0,0.0,0.0,0.0,0.0,0.0,0.0,0.0,0.0,,,,,18473,global,0.4
5,1,lr5e-05_bs32_modL1_fusion32_fusionL1_fusionBN0_drop0p2__wd1e-04trmiss40_trlocglobal,32,5e-05,0.0001,1,32,1,False,0.2,lr5e-05_bs32_modL1_fusion32_fusionL1_fusionBN0_drop0p2__wd1e-04trmiss40_trlocglobal,34,0.5425322353839874,0.6801814436912537,0.6225296442687747,0.6345060460989224,0.6222222222222222,0.0,0.0,0.0,0.0,0.0,0.0,0.0,0.0,0.0,,,,,18473,global,0.4
5,1,lr5e-05_bs32_modL1_fusion32_fusionL1_fusionBN0_drop0p2__wd1e-04trmiss40_trlocglobal,32,5e-05,0.0001,1,32,1,False,0.2,lr5e-05_bs32_modL1_fusion32_fusionL1_fusionBN0_drop0p2__wd1e-04trmiss40_trlocglobal,35,0.5324148188034693,0.6796474456787109,0.6284584980237155,0.6413837475990495,0.6444444444444445,0.0,0.0,0.0,0.0,0.0,0.0,0.0,0.0,0.0,,,,,18473,global,0.4
5,1,lr5e-05_bs32_modL1_fusion32_fusionL1_fusionBN0_drop0p2__wd1e-04trmiss40_trlocglobal,32,5e-05,0.0001,1,32,1,False,0.2,lr5e-05_bs32_modL1_fusion32_fusionL1_fusionBN0_drop0p2__wd1e-04trmiss40_trlocglobal,36,0.539094090461731,0.6798495352268219,0.6304347826086957,0.6389723482567038,0.6444444444444445,0.0,0.0,0.0,0.0,0.0,0.0,0.0,0.0,0.0,,,,,18473,global,0.4
5,1,lr5e-05_bs32_modL1_fusion32_fusionL1_fusionBN0_drop0p2__wd1e-04trmiss40_trlocglobal,32,5e-05,0.0001,1,32,1,False,0.2,lr5e-05_bs32_modL1_fusion32_fusionL1_fusionBN0_drop0p2__wd1e-04trmiss40_trlocglobal,37,0.5195207397143046,0.6800751984119415,0.6324110671936758,0.6419064133391065,0.6444444444444445,0.0,0.0,0.0,0.0,0.0,0.0,0.0,0.0,0.0,,,,,18473,global,0.4
5,1,lr5e-05_bs32_modL1_fusion32_fusionL1_fusionBN0_drop0p2__wd1e-04trmiss40_trlocglobal,32,5e-05,0.0001,1,32,1,False,0.2,lr5e-05_bs32_modL1_fusion32_fusionL1_fusionBN0_drop0p2__wd1e-04trmiss40_trlocglobal,38,0.5409742991129557,0.6796720027923584,0.6422924901185771,0.650503130631476,0.6444444444444445,0.0,0.0,0.0,0.0,0.0,0.0,0.0,0.0,0.0,,,,,18473,global,0.4
5,1,lr5e-05_bs32_modL1_fusion32_fusionL1_fusionBN0_drop0p2__wd1e-04trmiss40_trlocglobal,32,5e-05,0.0001,1,32,1,False,0.2,lr5e-05_bs32_modL1_fusion32_fusionL1_fusionBN0_drop0p2__wd1e-04trmiss40_trlocglobal,39,0.5272368888060252,0.6802914142608643,0.6442687747035574,0.6504348621075638,0.6444444444444445,0.0,0.0,0.0,0.0,0.0,0.0,0.0,0.0,0.0,,,,,18473,global,0.4
5,1,lr5e-05_bs32_modL1_fusion32_fusionL1_fusionBN0_drop0p2__wd1e-04trmiss40_trlocglobal,32,5e-05,0.0001,1,32,1,False,0.2,lr5e-05_bs32_modL1_fusion32_fusionL1_fusionBN0_drop0p2__wd1e-04trmiss40_trlocglobal,40,0.5186131993929545,0.6799167096614838,0.6422924901185771,0.64974473098265,0.6444444444444445,0.0,0.0,0.0,0.0,0.0,0.0,0.0,0.0,0.0,,,,,18473,global,0.4
5,1,lr5e-05_bs32_modL1_fusion32_fusionL1_fusionBN0_drop0p2__wd1e-04trmiss40_trlocglobal,32,5e-05,0.0001,1,32,1,False,0.2,lr5e-05_bs32_modL1_fusion32_fusionL1_fusionBN0_drop0p2__wd1e-04trmiss40_trlocglobal,41,0.5322956740856171,0.6811101138591766,0.6403162055335969,0.6490084680980496,0.6444444444444445,0.0,0.0,0.0,0.0,0.0,0.0,0.0,0.0,0.0,,,,,18473,global,0.4
5,1,lr5e-05_bs32_modL1_fusion32_fusionL1_fusionBN0_drop0p1__wd1e-04trmiss40_trlocglobal,32,5e-05,0.0001,1,32,1,False,0.1,lr5e-05_bs32_modL1_fusion32_fusionL1_fusionBN0_drop0p1__wd1e-04trmiss40_trlocglobal,1,0.6969769597053528,0.7007046043872833,0.47826086956521735,0.5874478071984626,0.5111111111111111,0.0,0.0,0.0,0.0,0.0,0.0,0.0,0.0,0.0,,,,,18473,global,0.4
5,1,lr5e-05_bs32_modL1_fusion32_fusionL1_fusionBN0_drop0p1__wd1e-04trmiss40_trlocglobal,32,5e-05,0.0001,1,32,1,False,0.1,lr5e-05_bs32_modL1_fusion32_fusionL1_fusionBN0_drop0p1__wd1e-04trmiss40_trlocglobal,2,0.6865524152914683,0.7002528011798859,0.5019762845849802,0.596927725953055,0.5111111111111111,0.0,0.0,0.0,0.0,0.0,0.0,0.0,0.0,0.0,,,,,18473,global,0.4
5,1,lr5e-05_bs32_modL1_fusion32_fusionL1_fusionBN0_drop0p1__wd1e-04trmiss40_trlocglobal,32,5e-05,0.0001,1,32,1,False,0.1,lr5e-05_bs32_modL1_fusion32_fusionL1_fusionBN0_drop0p1__wd1e-04trmiss40_trlocglobal,3,0.6763169169425964,0.6997552514076233,0.5276679841897234,0.5906631855234012,0.4888888888888889,0.0,0.0,0.0,0.0,0.0,0.0,0.0,0.0,0.0,,,,,18473,global,0.4
5,1,lr5e-05_bs32_modL1_fusion32_fusionL1_fusionBN0_drop0p1__wd1e-04trmiss40_trlocglobal,32,5e-05,0.0001,1,32,1,False,0.1,lr5e-05_bs32_modL1_fusion32_fusionL1_fusionBN0_drop0p1__wd1e-04trmiss40_trlocglobal,4,0.674335241317749,0.6985058784484863,0.5316205533596838,0.5953617955268541,0.5111111111111111,0.0,0.0,0.0,0.0,0.0,0.0,0.0,0.0,0.0,,,,,18473,global,0.4
5,1,lr5e-05_bs32_modL1_fusion32_fusionL1_fusionBN0_drop0p1__wd1e-04trmiss40_trlocglobal,32,5e-05,0.0001,1,32,1,False,0.1,lr5e-05_bs32_modL1_fusion32_fusionL1_fusionBN0_drop0p1__wd1e-04trmiss40_trlocglobal,5,0.668085644642512,0.6987664699554443,0.541501976284585,0.5989461719155481,0.5111111111111111,0.0,0.0,0.0,0.0,0.0,0.0,0.0,0.0,0.0,,,,,18473,global,0.4
5,1,lr5e-05_bs32_modL1_fusion32_fusionL1_fusionBN0_drop0p1__wd1e-04trmiss40_trlocglobal,32,5e-05,0.0001,1,32,1,False,0.1,lr5e-05_bs32_modL1_fusion32_fusionL1_fusionBN0_drop0p1__wd1e-04trmiss40_trlocglobal,6,0.6606678863366445,0.6987089216709137,0.549407114624506,0.6051683535623827,0.5111111111111111,0.0,0.0,0.0,0.0,0.0,0.0,0.0,0.0,0.0,,,,,18473,global,0.4
5,1,lr5e-05_bs32_modL1_fusion32_fusionL1_fusionBN0_drop0p1__wd1e-04trmiss40_trlocglobal,32,5e-05,0.0001,1,32,1,False,0.1,lr5e-05_bs32_modL1_fusion32_fusionL1_fusionBN0_drop0p1__wd1e-04trmiss40_trlocglobal,7,0.6587979197502136,0.6993688344955444,0.5434782608695652,0.601423814348736,0.5111111111111111,0.0,0.0,0.0,0.0,0.0,0.0,0.0,0.0,0.0,,,,,18473,global,0.4
5,1,lr5e-05_bs32_modL1_fusion32_fusionL1_fusionBN0_drop0p1__wd1e-04trmiss40_trlocglobal,32,5e-05,0.0001,1,32,1,False,0.1,lr5e-05_bs32_modL1_fusion32_fusionL1_fusionBN0_drop0p1__wd1e-04trmiss40_trlocglobal,8,0.653212974468867,0.6986835598945618,0.5474308300395256,0.6028477527291961,0.5111111111111111,0.0,0.0,0.0,0.0,0.0,0.0,0.0,0.0,0.0,,,,,18473,global,0.4
5,1,lr5e-05_bs32_modL1_fusion32_fusionL1_fusionBN0_drop0p1__wd1e-04trmiss40_trlocglobal,32,5e-05,0.0001,1,32,1,False,0.1,lr5e-05_bs32_modL1_fusion32_fusionL1_fusionBN0_drop0p1__wd1e-04trmiss40_trlocglobal,9,0.6486188868681589,0.698314756155014,0.5494071146245059,0.6071024075085886,0.5111111111111111,0.0,0.0,0.0,0.0,0.0,0.0,0.0,0.0,0.0,,,,,18473,global,0.4
5,1,lr5e-05_bs32_modL1_fusion32_fusionL1_fusionBN0_drop0p1__wd1e-04trmiss40_trlocglobal,32,5e-05,0.0001,1,32,1,False,0.1,lr5e-05_bs32_modL1_fusion32_fusionL1_fusionBN0_drop0p1__wd1e-04trmiss40_trlocglobal,10,0.6482139229774475,0.6981076002120972,0.5395256916996047,0.6013627593014186,0.5333333333333333,0.0,0.0,0.0,0.0,0.0,0.0,0.0,0.0,0.0,,,,,18473,global,0.4
5,1,lr5e-05_bs32_modL1_fusion32_fusionL1_fusionBN0_drop0p1__wd1e-04trmiss40_trlocglobal,32,5e-05,0.0001,1,32,1,False,0.1,lr5e-05_bs32_modL1_fusion32_fusionL1_fusionBN0_drop0p1__wd1e-04trmiss40_trlocglobal,11,0.6413041949272156,0.6983802616596222,0.5316205533596838,0.5955979027773316,0.5111111111111111,0.0,0.0,0.0,0.0,0.0,0.0,0.0,0.0,0.0,,,,,18473,global,0.4
5,1,lr5e-05_bs32_modL1_fusion32_fusionL1_fusionBN0_drop0p1__wd1e-04trmiss40_trlocglobal,32,5e-05,0.0001,1,32,1,False,0.1,lr5e-05_bs32_modL1_fusion32_fusionL1_fusionBN0_drop0p1__wd1e-04trmiss40_trlocglobal,12,0.6437244415283203,0.6972545683383942,0.5335968379446641,0.5944709906109121,0.5333333333333333,0.0,0.0,0.0,0.0,0.0,0.0,0.0,0.0,0.0,,,,,18473,global,0.4
5,1,lr5e-05_bs32_modL1_fusion32_fusionL1_fusionBN0_drop0p1__wd1e-04trmiss40_trlocglobal,32,5e-05,0.0001,1,32,1,False,0.1,lr5e-05_bs32_modL1_fusion32_fusionL1_fusionBN0_drop0p1__wd1e-04trmiss40_trlocglobal,13,0.6353705128033956,0.6970686316490173,0.5375494071146245,0.5946145196183962,0.5333333333333333,0.0,0.0,0.0,0.0,0.0,0.0,0.0,0.0,0.0,,,,,18473,global,0.4
5,1,lr5e-05_bs32_modL1_fusion32_fusionL1_fusionBN0_drop0p1__wd1e-04trmiss40_trlocglobal,32,5e-05,0.0001,1,32,1,False,0.1,lr5e-05_bs32_modL1_fusion32_fusionL1_fusionBN0_drop0p1__wd1e-04trmiss40_trlocglobal,14,0.6351631184418997,0.6974495053291321,0.5434782608695652,0.5955849566598052,0.5333333333333333,0.0,0.0,0.0,0.0,0.0,0.0,0.0,0.0,0.0,,,,,18473,global,0.4
5,1,lr5e-05_bs32_modL1_fusion32_fusionL1_fusionBN0_drop0p1__wd1e-04trmiss40_trlocglobal,32,5e-05,0.0001,1,32,1,False,0.1,lr5e-05_bs32_modL1_fusion32_fusionL1_fusionBN0_drop0p1__wd1e-04trmiss40_trlocglobal,15,0.628253569205602,0.6984005868434906,0.541501976284585,0.5959539129316346,0.5333333333333333,0.0,0.0,0.0,0.0,0.0,0.0,0.0,0.0,0.0,,,,,18473,global,0.4
5,1,lr5e-05_bs32_modL1_fusion32_fusionL1_fusionBN0_drop0p1__wd1e-04trmiss40_trlocglobal,32,5e-05,0.0001,1,32,1,False,0.1,lr5e-05_bs32_modL1_fusion32_fusionL1_fusionBN0_drop0p1__wd1e-04trmiss40_trlocglobal,16,0.6322845220565796,0.6986129581928253,0.5375494071146245,0.5863070428205316,0.5333333333333333,0.0,0.0,0.0,0.0,0.0,0.0,0.0,0.0,0.0,,,,,18473,global,0.4
5,1,lr5e-05_bs32_modL1_fusion32_fusionL1_fusionBN0_drop0p1__wd1e-04trmiss40_trlocglobal,32,5e-05,0.0001,1,32,1,False,0.1,lr5e-05_bs32_modL1_fusion32_fusionL1_fusionBN0_drop0p1__wd1e-04trmiss40_trlocglobal,17,0.6227857569853464,0.697711855173111,0.541501976284585,0.5891510469656088,0.5333333333333333,0.0,0.0,0.0,0.0,0.0,0.0,0.0,0.0,0.0,,,,,18473,global,0.4
5,1,lr5e-05_bs32_modL1_fusion32_fusionL1_fusionBN0_drop0p1__wd1e-04trmiss40_trlocglobal,32,5e-05,0.0001,1,32,1,False,0.1,lr5e-05_bs32_modL1_fusion32_fusionL1_fusionBN0_drop0p1__wd1e-04trmiss40_trlocglobal,18,0.6199180881182352,0.6968186795711517,0.541501976284585,0.6000004140363718,0.5555555555555556,0.0,0.0,0.0,0.0,0.0,0.0,0.0,0.0,0.0,,,,,18473,global,0.4
5,1,lr5e-05_bs32_modL1_fusion32_fusionL1_fusionBN0_drop0p1__wd1e-04trmiss40_trlocglobal,32,5e-05,0.0001,1,32,1,False,0.1,lr5e-05_bs32_modL1_fusion32_fusionL1_fusionBN0_drop0p1__wd1e-04trmiss40_trlocglobal,19,0.6170152723789215,0.6979154944419861,0.5375494071146245,0.5912462696300534,0.5333333333333333,0.0,0.0,0.0,0.0,0.0,0.0,0.0,0.0,0.0,,,,,18473,global,0.4
5,1,lr5e-05_bs32_modL1_fusion32_fusionL1_fusionBN0_drop0p1__wd1e-04trmiss40_trlocglobal,32,5e-05,0.0001,1,32,1,False,0.1,lr5e-05_bs32_modL1_fusion32_fusionL1_fusionBN0_drop0p1__wd1e-04trmiss40_trlocglobal,20,0.6170146564642588,0.6983074247837067,0.5375494071146245,0.5973717110791829,0.5333333333333333,0.0,0.0,0.0,0.0,0.0,0.0,0.0,0.0,0.0,,,,,18473,global,0.4
5,1,lr5e-05_bs32_modL1_fusion32_fusionL1_fusionBN0_drop0p1__wd1e-04trmiss40_trlocglobal,32,5e-05,0.0001,1,32,1,False,0.1,lr5e-05_bs32_modL1_fusion32_fusionL1_fusionBN0_drop0p1__wd1e-04trmiss40_trlocglobal,21,0.613321840763092,0.6985730528831482,0.5434782608695652,0.5979157829497223,0.5555555555555556,0.0,0.0,0.0,0.0,0.0,0.0,0.0,0.0,0.0,,,,,18473,global,0.4
5,1,lr5e-05_bs32_modL1_fusion32_fusionL1_fusionBN0_drop0p1__wd1e-04trmiss40_trlocglobal,32,5e-05,0.0001,1,32,1,False,0.1,lr5e-05_bs32_modL1_fusion32_fusionL1_fusionBN0_drop0p1__wd1e-04trmiss40_trlocglobal,22,0.611756851275762,0.6985569894313812,0.533596837944664,0.5969863411735986,0.5555555555555556,0.0,0.0,0.0,0.0,0.0,0.0,0.0,0.0,0.0,,,,,18473,global,0.4
5,1,lr5e-05_bs32_modL1_fusion32_fusionL1_fusionBN0_drop0p1__wd1e-04trmiss40_trlocglobal,32,5e-05,0.0001,1,32,1,False,0.1,lr5e-05_bs32_modL1_fusion32_fusionL1_fusionBN0_drop0p1__wd1e-04trmiss40_trlocglobal,23,0.6029041409492493,0.6977516412734985,0.5375494071146245,0.591037745173347,0.5555555555555556,0.0,0.0,0.0,0.0,0.0,0.0,0.0,0.0,0.0,,,,,18473,global,0.4
5,1,lr5e-05_bs32_modL1_fusion32_fusionL1_fusionBN0_drop0p1__wd1e-04trmiss40_trlocglobal,32,5e-05,0.0001,1,32,1,False,0.1,lr5e-05_bs32_modL1_fusion32_fusionL1_fusionBN0_drop0p1__wd1e-04trmiss40_trlocglobal,24,0.609043558438619,0.6981584429740906,0.5375494071146245,0.5953844400095211,0.5777777777777777,0.0,0.0,0.0,0.0,0.0,0.0,0.0,0.0,0.0,,,,,18473,global,0.4
5,1,lr5e-05_bs32_modL1_fusion32_fusionL1_fusionBN0_drop0p1__wd1e-04trmiss40_trlocglobal,32,5e-05,0.0001,1,32,1,False,0.1,lr5e-05_bs32_modL1_fusion32_fusionL1_fusionBN0_drop0p1__wd1e-04trmiss40_trlocglobal,25,0.5987783571084341,0.69748455286026,0.5434782608695653,0.6016437365426069,0.5555555555555556,0.0,0.0,0.0,0.0,0.0,0.0,0.0,0.0,0.0,,,,,18473,global,0.4
5,1,lr5e-05_bs32_modL1_fusion32_fusionL1_fusionBN0_drop0p1__wd1e-04trmiss40_trlocglobal,32,5e-05,0.0001,1,32,1,False,0.1,lr5e-05_bs32_modL1_fusion32_fusionL1_fusionBN0_drop0p1__wd1e-04trmiss40_trlocglobal,26,0.5985492169857025,0.6971931159496307,0.541501976284585,0.5942107578889598,0.5555555555555556,0.0,0.0,0.0,0.0,0.0,0.0,0.0,0.0,0.0,,,,,18473,global,0.4
5,1,lr1e-05_bs32_modL1_fusion16_fusionL1_fusionBN0_drop0p2__wd1e-04trmiss40_trlocglobal,32,1e-05,0.0001,1,16,1,False,0.2,lr1e-05_bs32_modL1_fusion16_fusionL1_fusionBN0_drop0p2__wd1e-04trmiss40_trlocglobal,1,0.7039030194282532,0.6962894201278687,0.6324110671936759,0.6446805428728697,0.4888888888888889,0.0,0.0,0.0,0.0,0.0,0.0,0.0,0.0,0.0,,,,,18473,global,0.4
5,1,lr1e-05_bs32_modL1_fusion16_fusionL1_fusionBN0_drop0p2__wd1e-04trmiss40_trlocglobal,32,1e-05,0.0001,1,16,1,False,0.2,lr1e-05_bs32_modL1_fusion16_fusionL1_fusionBN0_drop0p2__wd1e-04trmiss40_trlocglobal,2,0.7023943265279134,0.696118026971817,0.6304347826086957,0.6454658945745924,0.4888888888888889,0.0,0.0,0.0,0.0,0.0,0.0,0.0,0.0,0.0,,,,,18473,global,0.4
5,1,lr1e-05_bs32_modL1_fusion16_fusionL1_fusionBN0_drop0p2__wd1e-04trmiss40_trlocglobal,32,1e-05,0.0001,1,16,1,False,0.2,lr1e-05_bs32_modL1_fusion16_fusionL1_fusionBN0_drop0p2__wd1e-04trmiss40_trlocglobal,3,0.7027161618073782,0.6960586905479431,0.6363636363636364,0.6542350552458402,0.5333333333333333,0.0,0.0,0.0,0.0,0.0,0.0,0.0,0.0,0.0,,,,,18473,global,0.4
5,1,lr1e-05_bs32_modL1_fusion16_fusionL1_fusionBN0_drop0p2__wd1e-04trmiss40_trlocglobal,32,1e-05,0.0001,1,16,1,False,0.2,lr1e-05_bs32_modL1_fusion16_fusionL1_fusionBN0_drop0p2__wd1e-04trmiss40_trlocglobal,4,0.6959494153658549,0.6962425410747528,0.6304347826086957,0.6495236892545021,0.5555555555555556,0.0,0.0,0.0,0.0,0.0,0.0,0.0,0.0,0.0,,,,,18473,global,0.4
5,1,lr1e-05_bs32_modL1_fusion16_fusionL1_fusionBN0_drop0p2__wd1e-04trmiss40_trlocglobal,32,1e-05,0.0001,1,16,1,False,0.2,lr1e-05_bs32_modL1_fusion16_fusionL1_fusionBN0_drop0p2__wd1e-04trmiss40_trlocglobal,5,0.6924995283285776,0.6958030164241791,0.6383399209486166,0.634588913938627,0.5333333333333333,0.0,0.0,0.0,0.0,0.0,0.0,0.0,0.0,0.0,,,,,18473,global,0.4
5,1,lr1e-05_bs32_modL1_fusion16_fusionL1_fusionBN0_drop0p2__wd1e-04trmiss40_trlocglobal,32,1e-05,0.0001,1,16,1,False,0.2,lr1e-05_bs32_modL1_fusion16_fusionL1_fusionBN0_drop0p2__wd1e-04trmiss40_trlocglobal,6,0.6934276024500529,0.6952793002128601,0.6482213438735178,0.6396462569559226,0.5333333333333333,0.0,0.0,0.0,0.0,0.0,0.0,0.0,0.0,0.0,,,,,18473,global,0.4
5,1,lr1e-05_bs32_modL1_fusion16_fusionL1_fusionBN0_drop0p2__wd1e-04trmiss40_trlocglobal,32,1e-05,0.0001,1,16,1,False,0.2,lr1e-05_bs32_modL1_fusion16_fusionL1_fusionBN0_drop0p2__wd1e-04trmiss40_trlocglobal,7,0.6889546811580658,0.6952065825462341,0.6521739130434783,0.6411926858618425,0.5333333333333333,0.0,0.0,0.0,0.0,0.0,0.0,0.0,0.0,0.0,,,,,18473,global,0.4
5,1,lr1e-05_bs32_modL1_fusion16_fusionL1_fusionBN0_drop0p2__wd1e-04trmiss40_trlocglobal,32,1e-05,0.0001,1,16,1,False,0.2,lr1e-05_bs32_modL1_fusion16_fusionL1_fusionBN0_drop0p2__wd1e-04trmiss40_trlocglobal,8,0.6781464318434397,0.694529801607132,0.6541501976284585,0.639924157636398,0.5555555555555556,0.0,0.0,0.0,0.0,0.0,0.0,0.0,0.0,0.0,,,,,18473,global,0.4
5,1,lr1e-05_bs32_modL1_fusion16_fusionL1_fusionBN0_drop0p2__wd1e-04trmiss40_trlocglobal,32,1e-05,0.0001,1,16,1,False,0.2,lr1e-05_bs32_modL1_fusion16_fusionL1_fusionBN0_drop0p2__wd1e-04trmiss40_trlocglobal,9,0.6803926229476929,0.6944741606712341,0.6521739130434783,0.6372150519972357,0.5333333333333333,0.0,0.0,0.0,0.0,0.0,0.0,0.0,0.0,0.0,,,,,18473,global,0.4
5,1,lr1e-05_bs32_modL1_fusion16_fusionL1_fusionBN0_drop0p2__wd1e-04trmiss40_trlocglobal,32,1e-05,0.0001,1,16,1,False,0.2,lr1e-05_bs32_modL1_fusion16_fusionL1_fusionBN0_drop0p2__wd1e-04trmiss40_trlocglobal,10,0.687662144502004,0.693756490945816,0.6482213438735178,0.6278999626221763,0.5333333333333333,0.0,0.0,0.0,0.0,0.0,0.0,0.0,0.0,0.0,,,,,18473,global,0.4
5,1,lr1e-05_bs32_modL1_fusion16_fusionL1_fusionBN0_drop0p2__wd1e-04trmiss40_trlocglobal,32,1e-05,0.0001,1,16,1,False,0.2,lr1e-05_bs32_modL1_fusion16_fusionL1_fusionBN0_drop0p2__wd1e-04trmiss40_trlocglobal,11,0.6807404259840647,0.6931073367595673,0.650197628458498,0.6304216201597046,0.5333333333333333,0.0,0.0,0.0,0.0,0.0,0.0,0.0,0.0,0.0,,,,,18473,global,0.4
5,1,lr1e-05_bs32_modL1_fusion16_fusionL1_fusionBN0_drop0p2__wd1e-04trmiss40_trlocglobal,32,1e-05,0.0001,1,16,1,False,0.2,lr1e-05_bs32_modL1_fusion16_fusionL1_fusionBN0_drop0p2__wd1e-04trmiss40_trlocglobal,12,0.6762721836566925,0.6932534873485565,0.642292490118577,0.6205493785801459,0.5111111111111111,0.0,0.0,0.0,0.0,0.0,0.0,0.0,0.0,0.0,,,,,18473,global,0.4
5,1,lr1e-05_bs32_modL1_fusion16_fusionL1_fusionBN0_drop0p2__wd1e-04trmiss40_trlocglobal,32,1e-05,0.0001,1,16,1,False,0.2,lr1e-05_bs32_modL1_fusion16_fusionL1_fusionBN0_drop0p2__wd1e-04trmiss40_trlocglobal,13,0.6794184247652689,0.6925102472305298,0.6442687747035573,0.6427308203268051,0.5333333333333333,0.0,0.0,0.0,0.0,0.0,0.0,0.0,0.0,0.0,,,,,18473,global,0.4
5,1,lr1e-05_bs32_modL1_fusion16_fusionL1_fusionBN0_drop0p2__wd1e-04trmiss40_trlocglobal,32,1e-05,0.0001,1,16,1,False,0.2,lr1e-05_bs32_modL1_fusion16_fusionL1_fusionBN0_drop0p2__wd1e-04trmiss40_trlocglobal,14,0.6734927197297415,0.6919161677360535,0.6462450592885376,0.6444546246658549,0.5555555555555556,0.0,0.0,0.0,0.0,0.0,0.0,0.0,0.0,0.0,,,,,18473,global,0.4
5,1,lr1e-05_bs32_modL1_fusion16_fusionL1_fusionBN0_drop0p2__wd1e-04trmiss40_trlocglobal,32,1e-05,0.0001,1,16,1,False,0.2,lr1e-05_bs32_modL1_fusion16_fusionL1_fusionBN0_drop0p2__wd1e-04trmiss40_trlocglobal,15,0.6738360722859701,0.691886305809021,0.650197628458498,0.647548903575351,0.5555555555555556,0.0,0.0,0.0,0.0,0.0,0.0,0.0,0.0,0.0,,,,,18473,global,0.4
5,1,lr1e-05_bs32_modL1_fusion16_fusionL1_fusionBN0_drop0p2__wd1e-04trmiss40_trlocglobal,32,1e-05,0.0001,1,16,1,False,0.2,lr1e-05_bs32_modL1_fusion16_fusionL1_fusionBN0_drop0p2__wd1e-04trmiss40_trlocglobal,16,0.6684576769669851,0.6908954977989197,0.650197628458498,0.6480138340173982,0.5555555555555556,0.0,0.0,0.0,0.0,0.0,0.0,0.0,0.0,0.0,,,,,18473,global,0.4
5,1,lr1e-05_bs32_modL1_fusion16_fusionL1_fusionBN0_drop0p2__wd1e-04trmiss40_trlocglobal,32,1e-05,0.0001,1,16,1,False,0.2,lr1e-05_bs32_modL1_fusion16_fusionL1_fusionBN0_drop0p2__wd1e-04trmiss40_trlocglobal,17,0.6751310328642527,0.6912347078323364,0.650197628458498,0.6480138340173982,0.5111111111111111,0.0,0.0,0.0,0.0,0.0,0.0,0.0,0.0,0.0,,,,,18473,global,0.4
5,1,lr1e-05_bs32_modL1_fusion16_fusionL1_fusionBN0_drop0p2__wd1e-04trmiss40_trlocglobal,32,1e-05,0.0001,1,16,1,False,0.2,lr1e-05_bs32_modL1_fusion16_fusionL1_fusionBN0_drop0p2__wd1e-04trmiss40_trlocglobal,18,0.6669531166553497,0.6906541585922241,0.6521739130434783,0.663398030294043,0.5111111111111111,0.0,0.0,0.0,0.0,0.0,0.0,0.0,0.0,0.0,,,,,18473,global,0.4
5,1,lr1e-05_bs32_modL1_fusion16_fusionL1_fusionBN0_drop0p2__wd1e-04trmiss40_trlocglobal,32,1e-05,0.0001,1,16,1,False,0.2,lr1e-05_bs32_modL1_fusion16_fusionL1_fusionBN0_drop0p2__wd1e-04trmiss40_trlocglobal,19,0.672175407409668,0.690669447183609,0.6442687747035573,0.6422805643556052,0.5555555555555556,0.0,0.0,0.0,0.0,0.0,0.0,0.0,0.0,0.0,,,,,18473,global,0.4
5,1,lr1e-05_bs32_modL1_fusion16_fusionL1_fusionBN0_drop0p2__wd1e-04trmiss40_trlocglobal,32,1e-05,0.0001,1,16,1,False,0.2,lr1e-05_bs32_modL1_fusion16_fusionL1_fusionBN0_drop0p2__wd1e-04trmiss40_trlocglobal,20,0.6660483876864115,0.6905710697174072,0.6462450592885375,0.6431260710548063,0.5555555555555556,0.0,0.0,0.0,0.0,0.0,0.0,0.0,0.0,0.0,,,,,18473,global,0.4
5,1,lr1e-05_bs32_modL1_fusion16_fusionL1_fusionBN0_drop0p2__wd1e-04trmiss40_trlocglobal,32,1e-05,0.0001,1,16,1,False,0.2,lr1e-05_bs32_modL1_fusion16_fusionL1_fusionBN0_drop0p2__wd1e-04trmiss40_trlocglobal,21,0.6688611308733622,0.6896942555904388,0.650197628458498,0.646990162799219,0.5333333333333333,0.0,0.0,0.0,0.0,0.0,0.0,0.0,0.0,0.0,,,,,18473,global,0.4
5,1,lr1e-05_bs32_modL1_fusion16_fusionL1_fusionBN0_drop0p2__wd1e-04trmiss40_trlocglobal,32,1e-05,0.0001,1,16,1,False,0.2,lr1e-05_bs32_modL1_fusion16_fusionL1_fusionBN0_drop0p2__wd1e-04trmiss40_trlocglobal,22,0.6703143815199534,0.6899885833263397,0.6521739130434783,0.6497219085515596,0.5555555555555556,0.0,0.0,0.0,0.0,0.0,0.0,0.0,0.0,0.0,,,,,18473,global,0.4
5,1,lr1e-05_bs32_modL1_fusion16_fusionL1_fusionBN0_drop0p2__wd1e-04trmiss40_trlocglobal,32,1e-05,0.0001,1,16,1,False,0.2,lr1e-05_bs32_modL1_fusion16_fusionL1_fusionBN0_drop0p2__wd1e-04trmiss40_trlocglobal,23,0.6661258737246195,0.6900282502174377,0.6561264822134387,0.6530012379178456,0.5777777777777777,0.0,0.0,0.0,0.0,0.0,0.0,0.0,0.0,0.0,,,,,18473,global,0.4
5,1,lr1e-05_bs32_modL1_fusion16_fusionL1_fusionBN0_drop0p2__wd1e-04trmiss40_trlocglobal,32,1e-05,0.0001,1,16,1,False,0.2,lr1e-05_bs32_modL1_fusion16_fusionL1_fusionBN0_drop0p2__wd1e-04trmiss40_trlocglobal,24,0.6655483245849609,0.690112829208374,0.6541501976284585,0.6524602269425148,0.5777777777777777,0.0,0.0,0.0,0.0,0.0,0.0,0.0,0.0,0.0,,,,,18473,global,0.4
5,1,lr1e-05_bs32_modL1_fusion16_fusionL1_fusionBN0_drop0p2__wd1e-04trmiss40_trlocglobal,32,1e-05,0.0001,1,16,1,False,0.2,lr1e-05_bs32_modL1_fusion16_fusionL1_fusionBN0_drop0p2__wd1e-04trmiss40_trlocglobal,25,0.6655463675657908,0.6896705329418182,0.6561264822134387,0.6519682580808668,0.5555555555555556,0.0,0.0,0.0,0.0,0.0,0.0,0.0,0.0,0.0,,,,,18473,global,0.4
5,1,lr1e-05_bs32_modL1_fusion16_fusionL1_fusionBN0_drop0p2__wd1e-04trmiss40_trlocglobal,32,1e-05,0.0001,1,16,1,False,0.2,lr1e-05_bs32_modL1_fusion16_fusionL1_fusionBN0_drop0p2__wd1e-04trmiss40_trlocglobal,26,0.6557356417179108,0.6900838613510132,0.6462450592885376,0.6422585055136767,0.5555555555555556,0.0,0.0,0.0,0.0,0.0,0.0,0.0,0.0,0.0,,,,,18473,global,0.4
5,1,lr1e-05_bs32_modL1_fusion16_fusionL1_fusionBN0_drop0p2__wd1e-04trmiss40_trlocglobal,32,1e-05,0.0001,1,16,1,False,0.2,lr1e-05_bs32_modL1_fusion16_fusionL1_fusionBN0_drop0p2__wd1e-04trmiss40_trlocglobal,27,0.6553702453772227,0.6891908645629883,0.650197628458498,0.6481113483230412,0.5777777777777777,0.0,0.0,0.0,0.0,0.0,0.0,0.0,0.0,0.0,,,,,18473,global,0.4
5,1,lr1e-05_bs32_modL1_fusion16_fusionL1_fusionBN0_drop0p2__wd1e-04trmiss40_trlocglobal,32,1e-05,0.0001,1,16,1,False,0.2,lr1e-05_bs32_modL1_fusion16_fusionL1_fusionBN0_drop0p2__wd1e-04trmiss40_trlocglobal,28,0.6664643287658691,0.6894945502281189,0.6482213438735177,0.6435170867493746,0.5555555555555556,0.0,0.0,0.0,0.0,0.0,0.0,0.0,0.0,0.0,,,,,18473,global,0.4
5,1,lr1e-05_bs32_modL1_fusion16_fusionL1_fusionBN0_drop0p2__wd1e-04trmiss40_trlocglobal,32,1e-05,0.0001,1,16,1,False,0.2,lr1e-05_bs32_modL1_fusion16_fusionL1_fusionBN0_drop0p2__wd1e-04trmiss40_trlocglobal,29,0.6572110255559286,0.6896421611309052,0.650197628458498,0.6584587387304016,0.5333333333333333,0.0,0.0,0.0,0.0,0.0,0.0,0.0,0.0,0.0,,,,,18473,global,0.4
5,1,lr1e-05_bs32_modL1_fusion16_fusionL1_fusionBN0_drop0p2__wd1e-04trmiss40_trlocglobal,32,1e-05,0.0001,1,16,1,False,0.2,lr1e-05_bs32_modL1_fusion16_fusionL1_fusionBN0_drop0p2__wd1e-04trmiss40_trlocglobal,30,0.6565582156181335,0.6889680027961731,0.6482213438735178,0.6568602732572558,0.5333333333333333,0.0,0.0,0.0,0.0,0.0,0.0,0.0,0.0,0.0,,,,,18473,global,0.4
5,1,lr1e-05_bs32_modL1_fusion16_fusionL1_fusionBN0_drop0p2__wd1e-04trmiss40_trlocglobal,32,1e-05,0.0001,1,16,1,False,0.2,lr1e-05_bs32_modL1_fusion16_fusionL1_fusionBN0_drop0p2__wd1e-04trmiss40_trlocglobal,31,0.6547747651735941,0.6890739798545837,0.650197628458498,0.6584587387304016,0.5333333333333333,0.0,0.0,0.0,0.0,0.0,0.0,0.0,0.0,0.0,,,,,18473,global,0.4
5,1,lr1e-05_bs32_modL1_fusion16_fusionL1_fusionBN0_drop0p2__wd1e-04trmiss40_trlocglobal,32,1e-05,0.0001,1,16,1,False,0.2,lr1e-05_bs32_modL1_fusion16_fusionL1_fusionBN0_drop0p2__wd1e-04trmiss40_trlocglobal,32,0.6514095564683279,0.6887695789337158,0.6482213438735178,0.6559568288755506,0.5333333333333333,0.0,0.0,0.0,0.0,0.0,0.0,0.0,0.0,0.0,,,,,18473,global,0.4
5,1,lr1e-05_bs32_modL1_fusion16_fusionL1_fusionBN0_drop0p2__wd1e-04trmiss40_trlocglobal,32,1e-05,0.0001,1,16,1,False,0.2,lr1e-05_bs32_modL1_fusion16_fusionL1_fusionBN0_drop0p2__wd1e-04trmiss40_trlocglobal,33,0.6620588600635529,0.6886710226535797,0.6521739130434783,0.6606898588189593,0.5333333333333333,0.0,0.0,0.0,0.0,0.0,0.0,0.0,0.0,0.0,,,,,18473,global,0.4
5,1,lr1e-05_bs32_modL1_fusion16_fusionL1_fusionBN0_drop0p2__wd1e-04trmiss40_trlocglobal,32,1e-05,0.0001,1,16,1,False,0.2,lr1e-05_bs32_modL1_fusion16_fusionL1_fusionBN0_drop0p2__wd1e-04trmiss40_trlocglobal,34,0.6593313415845236,0.6891002058982849,0.650197628458498,0.6584602044153918,0.5555555555555556,0.0,0.0,0.0,0.0,0.0,0.0,0.0,0.0,0.0,,,,,18473,global,0.4
5,1,lr1e-05_bs32_modL1_fusion16_fusionL1_fusionBN0_drop0p2__wd1e-04trmiss40_trlocglobal,32,1e-05,0.0001,1,16,1,False,0.2,lr1e-05_bs32_modL1_fusion16_fusionL1_fusionBN0_drop0p2__wd1e-04trmiss40_trlocglobal,35,0.6646197934945425,0.689015805721283,0.6442687747035573,0.6530364011655015,0.5333333333333333,0.0,0.0,0.0,0.0,0.0,0.0,0.0,0.0,0.0,,,,,18473,global,0.4
5,1,lr1e-05_bs32_modL1_fusion16_fusionL1_fusionBN0_drop0p2__wd1e-04trmiss40_trlocglobal,32,1e-05,0.0001,1,16,1,False,0.2,lr1e-05_bs32_modL1_fusion16_fusionL1_fusionBN0_drop0p2__wd1e-04trmiss40_trlocglobal,36,0.6514778832594553,0.6888845860958099,0.6442687747035573,0.6530364011655015,0.5555555555555556,0.0,0.0,0.0,0.0,0.0,0.0,0.0,0.0,0.0,,,,,18473,global,0.4
5,1,lr1e-05_bs32_modL1_fusion16_fusionL1_fusionBN0_drop0p2__wd1e-04trmiss40_trlocglobal,32,1e-05,0.0001,1,16,1,False,0.2,lr1e-05_bs32_modL1_fusion16_fusionL1_fusionBN0_drop0p2__wd1e-04trmiss40_trlocglobal,37,0.6501821279525757,0.6891372799873352,0.6403162055335968,0.6492495848962169,0.5333333333333333,0.0,0.0,0.0,0.0,0.0,0.0,0.0,0.0,0.0,,,,,18473,global,0.4
5,1,lr1e-05_bs32_modL1_fusion16_fusionL1_fusionBN0_drop0p2__wd1e-04trmiss40_trlocglobal,32,1e-05,0.0001,1,16,1,False,0.2,lr1e-05_bs32_modL1_fusion16_fusionL1_fusionBN0_drop0p2__wd1e-04trmiss40_trlocglobal,38,0.6536178489526113,0.689434826374054,0.6422924901185771,0.6503666153138143,0.5333333333333333,0.0,0.0,0.0,0.0,0.0,0.0,0.0,0.0,0.0,,,,,18473,global,0.4
5,1,lr1e-05_bs32_modL1_fusion16_fusionL1_fusionBN0_drop0p2__wd1e-04trmiss40_trlocglobal,32,1e-05,0.0001,1,16,1,False,0.2,lr1e-05_bs32_modL1_fusion16_fusionL1_fusionBN0_drop0p2__wd1e-04trmiss40_trlocglobal,39,0.6504550278186798,0.6900108754634857,0.6403162055335968,0.6483091264285438,0.5111111111111111,0.0,0.0,0.0,0.0,0.0,0.0,0.0,0.0,0.0,,,,,18473,global,0.4
5,1,lr1e-05_bs32_modL1_fusion16_fusionL1_fusionBN0_drop0p2__wd1e-04trmiss40_trlocglobal,32,1e-05,0.0001,1,16,1,False,0.2,lr1e-05_bs32_modL1_fusion16_fusionL1_fusionBN0_drop0p2__wd1e-04trmiss40_trlocglobal,40,0.644735207160314,0.6898818612098694,0.6403162055335968,0.6496059707913552,0.5111111111111111,0.0,0.0,0.0,0.0,0.0,0.0,0.0,0.0,0.0,,,,,18473,global,0.4
5,1,lr1e-05_bs32_modL1_fusion16_fusionL1_fusionBN0_drop0p2__wd1e-04trmiss40_trlocglobal,32,1e-05,0.0001,1,16,1,False,0.2,lr1e-05_bs32_modL1_fusion16_fusionL1_fusionBN0_drop0p2__wd1e-04trmiss40_trlocglobal,41,0.6505610247453054,0.6896862387657166,0.6403162055335968,0.6483872619639507,0.5333333333333333,0.0,0.0,0.0,0.0,0.0,0.0,0.0,0.0,0.0,,,,,18473,global,0.4
5,1,lr1e-05_bs32_modL1_fusion16_fusionL1_fusionBN0_drop0p2__wd1e-04trmiss40_trlocglobal,32,1e-05,0.0001,1,16,1,False,0.2,lr1e-05_bs32_modL1_fusion16_fusionL1_fusionBN0_drop0p2__wd1e-04trmiss40_trlocglobal,42,0.6464669505755106,0.6899070739746094,0.6383399209486166,0.6473003054422115,0.5111111111111111,0.0,0.0,0.0,0.0,0.0,0.0,0.0,0.0,0.0,,,,,18473,global,0.4
5,1,lr1e-05_bs32_modL1_fusion16_fusionL1_fusionBN0_drop0p2__wd1e-04trmiss40_trlocglobal,32,1e-05,0.0001,1,16,1,False,0.2,lr1e-05_bs32_modL1_fusion16_fusionL1_fusionBN0_drop0p2__wd1e-04trmiss40_trlocglobal,43,0.6513168116410574,0.6894659698009491,0.6442687747035574,0.6502506160012177,0.5333333333333333,0.0,0.0,0.0,0.0,0.0,0.0,0.0,0.0,0.0,,,,,18473,global,0.4
5,1,lr1e-05_bs32_modL1_fusion16_fusionL1_fusionBN0_drop0p2__wd1e-04trmiss40_trlocglobal,32,1e-05,0.0001,1,16,1,False,0.2,lr1e-05_bs32_modL1_fusion16_fusionL1_fusionBN0_drop0p2__wd1e-04trmiss40_trlocglobal,44,0.640470544497172,0.6898545324802399,0.6403162055335968,0.6471961661622654,0.4888888888888889,0.0,0.0,0.0,0.0,0.0,0.0,0.0,0.0,0.0,,,,,18473,global,0.4
5,1,lr1e-05_bs32_modL1_fusion16_fusionL1_fusionBN0_drop0p2__wd1e-04trmiss40_trlocglobal,32,1e-05,0.0001,1,16,1,False,0.2,lr1e-05_bs32_modL1_fusion16_fusionL1_fusionBN0_drop0p2__wd1e-04trmiss40_trlocglobal,45,0.6524083018302917,0.6897256076335907,0.642292490118577,0.6495677076642417,0.5111111111111111,0.0,0.0,0.0,0.0,0.0,0.0,0.0,0.0,0.0,,,,,18473,global,0.4
5,1,lr1e-05_bs32_modL1_fusion16_fusionL1_fusionBN0_drop0p1__wd1e-04trmiss40_trlocglobal,32,1e-05,0.0001,1,16,1,False,0.1,lr1e-05_bs32_modL1_fusion16_fusionL1_fusionBN0_drop0p1__wd1e-04trmiss40_trlocglobal,1,0.6897672414779663,0.6938087642192841,0.48221343873517786,0.4972055803539647,0.5333333333333333,0.0,0.0,0.0,0.0,0.0,0.0,0.0,0.0,0.0,,,,,18473,global,0.4
5,1,lr1e-05_bs32_modL1_fusion16_fusionL1_fusionBN0_drop0p1__wd1e-04trmiss40_trlocglobal,32,1e-05,0.0001,1,16,1,False,0.1,lr1e-05_bs32_modL1_fusion16_fusionL1_fusionBN0_drop0p1__wd1e-04trmiss40_trlocglobal,2,0.68502343694369,0.6937157213687897,0.4881422924901186,0.5114863818385581,0.4888888888888889,0.0,0.0,0.0,0.0,0.0,0.0,0.0,0.0,0.0,,,,,18473,global,0.4
5,1,lr1e-05_bs32_modL1_fusion16_fusionL1_fusionBN0_drop0p1__wd1e-04trmiss40_trlocglobal,32,1e-05,0.0001,1,16,1,False,0.1,lr1e-05_bs32_modL1_fusion16_fusionL1_fusionBN0_drop0p1__wd1e-04trmiss40_trlocglobal,3,0.6886537969112396,0.6933355033397675,0.4960474308300395,0.5149789825723871,0.5333333333333333,0.0,0.0,0.0,0.0,0.0,0.0,0.0,0.0,0.0,,,,,18473,global,0.4
5,1,lr1e-05_bs32_modL1_fusion16_fusionL1_fusionBN0_drop0p1__wd1e-04trmiss40_trlocglobal,32,1e-05,0.0001,1,16,1,False,0.1,lr1e-05_bs32_modL1_fusion16_fusionL1_fusionBN0_drop0p1__wd1e-04trmiss40_trlocglobal,4,0.6842773954073588,0.6926515102386475,0.5098814229249011,0.531845071273514,0.5333333333333333,0.0,0.0,0.0,0.0,0.0,0.0,0.0,0.0,0.0,,,,,18473,global,0.4
5,1,lr1e-05_bs32_modL1_fusion16_fusionL1_fusionBN0_drop0p1__wd1e-04trmiss40_trlocglobal,32,1e-05,0.0001,1,16,1,False,0.1,lr1e-05_bs32_modL1_fusion16_fusionL1_fusionBN0_drop0p1__wd1e-04trmiss40_trlocglobal,5,0.6860818465550741,0.6918414235115051,0.525691699604743,0.5440213516046604,0.5555555555555556,0.0,0.0,0.0,0.0,0.0,0.0,0.0,0.0,0.0,,,,,18473,global,0.4
5,1,lr1e-05_bs32_modL1_fusion16_fusionL1_fusionBN0_drop0p1__wd1e-04trmiss40_trlocglobal,32,1e-05,0.0001,1,16,1,False,0.1,lr1e-05_bs32_modL1_fusion16_fusionL1_fusionBN0_drop0p1__wd1e-04trmiss40_trlocglobal,6,0.6753603915373484,0.690994530916214,0.5355731225296443,0.5585150896511344,0.5777777777777777,0.0,0.0,0.0,0.0,0.0,0.0,0.0,0.0,0.0,,,,,18473,global,0.4
5,1,lr1e-05_bs32_modL1_fusion16_fusionL1_fusionBN0_drop0p1__wd1e-04trmiss40_trlocglobal,32,1e-05,0.0001,1,16,1,False,0.1,lr1e-05_bs32_modL1_fusion16_fusionL1_fusionBN0_drop0p1__wd1e-04trmiss40_trlocglobal,7,0.6775118112564087,0.6908132433891296,0.5375494071146245,0.5612655606395918,0.5777777777777777,0.0,0.0,0.0,0.0,0.0,0.0,0.0,0.0,0.0,,,,,18473,global,0.4
5,1,lr1e-05_bs32_modL1_fusion16_fusionL1_fusionBN0_drop0p1__wd1e-04trmiss40_trlocglobal,32,1e-05,0.0001,1,16,1,False,0.1,lr1e-05_bs32_modL1_fusion16_fusionL1_fusionBN0_drop0p1__wd1e-04trmiss40_trlocglobal,8,0.6776290933291117,0.6909588873386383,0.5335968379446641,0.5597372338938738,0.5555555555555556,0.0,0.0,0.0,0.0,0.0,0.0,0.0,0.0,0.0,,,,,18473,global,0.4
5,1,lr1e-05_bs32_modL1_fusion16_fusionL1_fusionBN0_drop0p1__wd1e-04trmiss40_trlocglobal,32,1e-05,0.0001,1,16,1,False,0.1,lr1e-05_bs32_modL1_fusion16_fusionL1_fusionBN0_drop0p1__wd1e-04trmiss40_trlocglobal,9,0.6729893386363983,0.691030740737915,0.541501976284585,0.5648369174816816,0.5555555555555556,0.0,0.0,0.0,0.0,0.0,0.0,0.0,0.0,0.0,,,,,18473,global,0.4
5,1,lr1e-05_bs32_modL1_fusion16_fusionL1_fusionBN0_drop0p1__wd1e-04trmiss40_trlocglobal,32,1e-05,0.0001,1,16,1,False,0.1,lr1e-05_bs32_modL1_fusion16_fusionL1_fusionBN0_drop0p1__wd1e-04trmiss40_trlocglobal,10,0.6740163365999857,0.6903184950351715,0.5513833992094861,0.5696230160627895,0.5555555555555556,0.0,0.0,0.0,0.0,0.0,0.0,0.0,0.0,0.0,,,,,18473,global,0.4
5,1,lr1e-05_bs32_modL1_fusion16_fusionL1_fusionBN0_drop0p1__wd1e-04trmiss40_trlocglobal,32,1e-05,0.0001,1,16,1,False,0.1,lr1e-05_bs32_modL1_fusion16_fusionL1_fusionBN0_drop0p1__wd1e-04trmiss40_trlocglobal,11,0.6696695884068807,0.690096914768219,0.559288537549407,0.5727844255541223,0.5777777777777777,0.0,0.0,0.0,0.0,0.0,0.0,0.0,0.0,0.0,,,,,18473,global,0.4
5,1,lr1e-05_bs32_modL1_fusion16_fusionL1_fusionBN0_drop0p1__wd1e-04trmiss40_trlocglobal,32,1e-05,0.0001,1,16,1,False,0.1,lr1e-05_bs32_modL1_fusion16_fusionL1_fusionBN0_drop0p1__wd1e-04trmiss40_trlocglobal,12,0.6673896114031473,0.6898915469646454,0.5612648221343874,0.5719707005843871,0.5777777777777777,0.0,0.0,0.0,0.0,0.0,0.0,0.0,0.0,0.0,,,,,18473,global,0.4
5,1,lr1e-05_bs32_modL1_fusion16_fusionL1_fusionBN0_drop0p1__wd1e-04trmiss40_trlocglobal,32,1e-05,0.0001,1,16,1,False,0.1,lr1e-05_bs32_modL1_fusion16_fusionL1_fusionBN0_drop0p1__wd1e-04trmiss40_trlocglobal,13,0.6695951223373413,0.6900543570518494,0.5592885375494071,0.5794040992696599,0.5777777777777777,0.0,0.0,0.0,0.0,0.0,0.0,0.0,0.0,0.0,,,,,18473,global,0.4
5,1,lr1e-05_bs32_modL1_fusion16_fusionL1_fusionBN0_drop0p1__wd1e-04trmiss40_trlocglobal,32,1e-05,0.0001,1,16,1,False,0.1,lr1e-05_bs32_modL1_fusion16_fusionL1_fusionBN0_drop0p1__wd1e-04trmiss40_trlocglobal,14,0.6699447433153788,0.6899154484272003,0.5612648221343873,0.5729448472107077,0.5777777777777777,0.0,0.0,0.0,0.0,0.0,0.0,0.0,0.0,0.0,,,,,18473,global,0.4
5,1,lr1e-05_bs32_modL1_fusion16_fusionL1_fusionBN0_drop0p1__wd1e-04trmiss40_trlocglobal,32,1e-05,0.0001,1,16,1,False,0.1,lr1e-05_bs32_modL1_fusion16_fusionL1_fusionBN0_drop0p1__wd1e-04trmiss40_trlocglobal,15,0.661365936199824,0.6896686851978302,0.5711462450592886,0.584684091721658,0.5777777777777777,0.0,0.0,0.0,0.0,0.0,0.0,0.0,0.0,0.0,,,,,18473,global,0.4
5,1,lr1e-05_bs32_modL1_fusion16_fusionL1_fusionBN0_drop0p1__wd1e-04trmiss40_trlocglobal,32,1e-05,0.0001,1,16,1,False,0.1,lr1e-05_bs32_modL1_fusion16_fusionL1_fusionBN0_drop0p1__wd1e-04trmiss40_trlocglobal,16,0.6631097296873728,0.6893766522407532,0.5652173913043479,0.579064547931783,0.5777777777777777,0.0,0.0,0.0,0.0,0.0,0.0,0.0,0.0,0.0,,,,,18473,global,0.4
5,1,lr1e-05_bs32_modL1_fusion16_fusionL1_fusionBN0_drop0p1__wd1e-04trmiss40_trlocglobal,32,1e-05,0.0001,1,16,1,False,0.1,lr1e-05_bs32_modL1_fusion16_fusionL1_fusionBN0_drop0p1__wd1e-04trmiss40_trlocglobal,17,0.6617392003536224,0.6895807683467865,0.5691699604743083,0.5808662276635194,0.5777777777777777,0.0,0.0,0.0,0.0,0.0,0.0,0.0,0.0,0.0,,,,,18473,global,0.4
5,1,lr1e-05_bs32_modL1_fusion16_fusionL1_fusionBN0_drop0p1__wd1e-04trmiss40_trlocglobal,32,1e-05,0.0001,1,16,1,False,0.1,lr1e-05_bs32_modL1_fusion16_fusionL1_fusionBN0_drop0p1__wd1e-04trmiss40_trlocglobal,18,0.6655711630980173,0.6889740526676178,0.5711462450592886,0.5822646512587393,0.5777777777777777,0.0,0.0,0.0,0.0,0.0,0.0,0.0,0.0,0.0,,,,,18473,global,0.4
5,1,lr1e-05_bs32_modL1_fusion16_fusionL1_fusionBN0_drop0p1__wd1e-04trmiss40_trlocglobal,32,1e-05,0.0001,1,16,1,False,0.1,lr1e-05_bs32_modL1_fusion16_fusionL1_fusionBN0_drop0p1__wd1e-04trmiss40_trlocglobal,19,0.6603334446748098,0.6883422136306763,0.575098814229249,0.5839236203090127,0.5777777777777777,0.0,0.0,0.0,0.0,0.0,0.0,0.0,0.0,0.0,,,,,18473,global,0.4
5,1,lr1e-05_bs32_modL1_fusion16_fusionL1_fusionBN0_drop0p1__wd1e-04trmiss40_trlocglobal,32,1e-05,0.0001,1,16,1,False,0.1,lr1e-05_bs32_modL1_fusion16_fusionL1_fusionBN0_drop0p1__wd1e-04trmiss40_trlocglobal,20,0.6626325249671936,0.6884677708148956,0.5810276679841897,0.593924757367159,0.5777777777777777,0.0,0.0,0.0,0.0,0.0,0.0,0.0,0.0,0.0,,,,,18473,global,0.4
5,1,lr1e-05_bs32_modL1_fusion16_fusionL1_fusionBN0_drop0p1__wd1e-04trmiss40_trlocglobal,32,1e-05,0.0001,1,16,1,False,0.1,lr1e-05_bs32_modL1_fusion16_fusionL1_fusionBN0_drop0p1__wd1e-04trmiss40_trlocglobal,21,0.6571144362290701,0.6884343326091766,0.5770750988142292,0.5776037387751252,0.5777777777777777,0.0,0.0,0.0,0.0,0.0,0.0,0.0,0.0,0.0,,,,,18473,global,0.4
5,1,lr1e-05_bs32_modL1_fusion16_fusionL1_fusionBN0_drop0p1__wd1e-04trmiss40_trlocglobal,32,1e-05,0.0001,1,16,1,False,0.1,lr1e-05_bs32_modL1_fusion16_fusionL1_fusionBN0_drop0p1__wd1e-04trmiss40_trlocglobal,22,0.6592248578866323,0.6880762279033661,0.5869565217391304,0.5934508148056653,0.5777777777777777,0.0,0.0,0.0,0.0,0.0,0.0,0.0,0.0,0.0,,,,,18473,global,0.4
5,1,lr1e-05_bs32_modL1_fusion16_fusionL1_fusionBN0_drop0p1__wd1e-04trmiss40_trlocglobal,32,1e-05,0.0001,1,16,1,False,0.1,lr1e-05_bs32_modL1_fusion16_fusionL1_fusionBN0_drop0p1__wd1e-04trmiss40_trlocglobal,23,0.654241700967153,0.6880182027816772,0.592885375494071,0.6177877672018744,0.5777777777777777,0.0,0.0,0.0,0.0,0.0,0.0,0.0,0.0,0.0,,,,,18473,global,0.4
5,1,lr1e-05_bs32_modL1_fusion16_fusionL1_fusionBN0_drop0p1__wd1e-04trmiss40_trlocglobal,32,1e-05,0.0001,1,16,1,False,0.1,lr1e-05_bs32_modL1_fusion16_fusionL1_fusionBN0_drop0p1__wd1e-04trmiss40_trlocglobal,24,0.6548749009768168,0.6877487301826477,0.5948616600790514,0.6172547886096392,0.5777777777777777,0.0,0.0,0.0,0.0,0.0,0.0,0.0,0.0,0.0,,,,,18473,global,0.4
5,1,lr1e-05_bs32_modL1_fusion16_fusionL1_fusionBN0_drop0p1__wd1e-04trmiss40_trlocglobal,32,1e-05,0.0001,1,16,1,False,0.1,lr1e-05_bs32_modL1_fusion16_fusionL1_fusionBN0_drop0p1__wd1e-04trmiss40_trlocglobal,25,0.6542628606160482,0.6874905228614807,0.5968379446640316,0.6191639739622691,0.5777777777777777,0.0,0.0,0.0,0.0,0.0,0.0,0.0,0.0,0.0,,,,,18473,global,0.4
5,1,lr1e-05_bs32_modL1_fusion16_fusionL1_fusionBN0_drop0p1__wd1e-04trmiss40_trlocglobal,32,1e-05,0.0001,1,16,1,False,0.1,lr1e-05_bs32_modL1_fusion16_fusionL1_fusionBN0_drop0p1__wd1e-04trmiss40_trlocglobal,26,0.6556809941927592,0.6868948936462402,0.598814229249012,0.6200910287498936,0.6,0.0,0.0,0.0,0.0,0.0,0.0,0.0,0.0,0.0,,,,,18473,global,0.4
5,1,lr1e-05_bs32_modL1_fusion16_fusionL1_fusionBN0_drop0p1__wd1e-04trmiss40_trlocglobal,32,1e-05,0.0001,1,16,1,False,0.1,lr1e-05_bs32_modL1_fusion16_fusionL1_fusionBN0_drop0p1__wd1e-04trmiss40_trlocglobal,27,0.6502886613210043,0.6866814196109772,0.6047430830039526,0.62490634939621,0.6,0.0,0.0,0.0,0.0,0.0,0.0,0.0,0.0,0.0,,,,,18473,global,0.4
5,1,lr1e-05_bs32_modL1_fusion16_fusionL1_fusionBN0_drop0p1__wd1e-04trmiss40_trlocglobal,32,1e-05,0.0001,1,16,1,False,0.1,lr1e-05_bs32_modL1_fusion16_fusionL1_fusionBN0_drop0p1__wd1e-04trmiss40_trlocglobal,28,0.6481466492017111,0.6862516701221466,0.6146245059288538,0.6304764308165243,0.6,0.0,0.0,0.0,0.0,0.0,0.0,0.0,0.0,0.0,,,,,18473,global,0.4
5,1,lr1e-05_bs32_modL1_fusion16_fusionL1_fusionBN0_drop0p1__wd1e-04trmiss40_trlocglobal,32,1e-05,0.0001,1,16,1,False,0.1,lr1e-05_bs32_modL1_fusion16_fusionL1_fusionBN0_drop0p1__wd1e-04trmiss40_trlocglobal,29,0.6459409395853678,0.6862061321735382,0.6126482213438735,0.6298911465355878,0.6,0.0,0.0,0.0,0.0,0.0,0.0,0.0,0.0,0.0,,,,,18473,global,0.4
5,1,lr1e-05_bs32_modL1_fusion16_fusionL1_fusionBN0_drop0p1__wd1e-04trmiss40_trlocglobal,32,1e-05,0.0001,1,16,1,False,0.1,lr1e-05_bs32_modL1_fusion16_fusionL1_fusionBN0_drop0p1__wd1e-04trmiss40_trlocglobal,30,0.6451595425605774,0.686525970697403,0.6146245059288538,0.6310528471538102,0.5777777777777777,0.0,0.0,0.0,0.0,0.0,0.0,0.0,0.0,0.0,,,,,18473,global,0.4
5,1,lr1e-05_bs32_modL1_fusion16_fusionL1_fusionBN0_drop0p1__wd1e-04trmiss40_trlocglobal,32,1e-05,0.0001,1,16,1,False,0.1,lr1e-05_bs32_modL1_fusion16_fusionL1_fusionBN0_drop0p1__wd1e-04trmiss40_trlocglobal,31,0.6493715941905975,0.6865403950214386,0.6067193675889329,0.6276577464946093,0.5777777777777777,0.0,0.0,0.0,0.0,0.0,0.0,0.0,0.0,0.0,,,,,18473,global,0.4
5,1,lr1e-05_bs32_modL1_fusion16_fusionL1_fusionBN0_drop0p1__wd1e-04trmiss40_trlocglobal,32,1e-05,0.0001,1,16,1,False,0.1,lr1e-05_bs32_modL1_fusion16_fusionL1_fusionBN0_drop0p1__wd1e-04trmiss40_trlocglobal,32,0.6444929540157318,0.6863787174224854,0.6146245059288538,0.6322562517908695,0.5777777777777777,0.0,0.0,0.0,0.0,0.0,0.0,0.0,0.0,0.0,,,,,18473,global,0.4
5,1,lr1e-05_bs32_modL1_fusion16_fusionL1_fusionBN0_drop0p1__wd1e-04trmiss40_trlocglobal,32,1e-05,0.0001,1,16,1,False,0.1,lr1e-05_bs32_modL1_fusion16_fusionL1_fusionBN0_drop0p1__wd1e-04trmiss40_trlocglobal,33,0.6435659130414327,0.6865663230419159,0.6106719367588932,0.6302412165277523,0.5777777777777777,0.0,0.0,0.0,0.0,0.0,0.0,0.0,0.0,0.0,,,,,18473,global,0.4
5,1,lr1e-05_bs32_modL1_fusion16_fusionL1_fusionBN0_drop0p1__wd1e-04trmiss40_trlocglobal,32,1e-05,0.0001,1,16,1,False,0.1,lr1e-05_bs32_modL1_fusion16_fusionL1_fusionBN0_drop0p1__wd1e-04trmiss40_trlocglobal,34,0.6419152319431305,0.686529666185379,0.608695652173913,0.6300631961473332,0.5777777777777777,0.0,0.0,0.0,0.0,0.0,0.0,0.0,0.0,0.0,,,,,18473,global,0.4
5,1,lr1e-05_bs32_modL1_fusion16_fusionL1_fusionBN0_drop0p1__wd1e-04trmiss40_trlocglobal,32,1e-05,0.0001,1,16,1,False,0.1,lr1e-05_bs32_modL1_fusion16_fusionL1_fusionBN0_drop0p1__wd1e-04trmiss40_trlocglobal,35,0.6435789366563162,0.6867491900920868,0.6106719367588933,0.6390046524067327,0.5777777777777777,0.0,0.0,0.0,0.0,0.0,0.0,0.0,0.0,0.0,,,,,18473,global,0.4
5,1,lr1e-05_bs32_modL1_fusion16_fusionL1_fusionBN0_drop0p1__wd1e-04trmiss40_trlocglobal,32,1e-05,0.0001,1,16,1,False,0.1,lr1e-05_bs32_modL1_fusion16_fusionL1_fusionBN0_drop0p1__wd1e-04trmiss40_trlocglobal,36,0.6492767035961151,0.6867404580116272,0.6146245059288538,0.6430538689206147,0.5777777777777777,0.0,0.0,0.0,0.0,0.0,0.0,0.0,0.0,0.0,,,,,18473,global,0.4
5,1,lr1e-05_bs32_modL1_fusion16_fusionL1_fusionBN0_drop0p1__wd1e-04trmiss40_trlocglobal,32,1e-05,0.0001,1,16,1,False,0.1,lr1e-05_bs32_modL1_fusion16_fusionL1_fusionBN0_drop0p1__wd1e-04trmiss40_trlocglobal,37,0.6484160125255585,0.6871570646762848,0.6067193675889327,0.6340235162403763,0.5777777777777777,0.0,0.0,0.0,0.0,0.0,0.0,0.0,0.0,0.0,,,,,18473,global,0.4
5,1,lr1e-05_bs32_modL1_fusion16_fusionL1_fusionBN0_drop0p1__wd1e-04trmiss40_trlocglobal,32,1e-05,0.0001,1,16,1,False,0.1,lr1e-05_bs32_modL1_fusion16_fusionL1_fusionBN0_drop0p1__wd1e-04trmiss40_trlocglobal,38,0.645450621843338,0.6871592104434967,0.6126482213438735,0.6369022402314275,0.5777777777777777,0.0,0.0,0.0,0.0,0.0,0.0,0.0,0.0,0.0,,,,,18473,global,0.4
5,1,lr1e-05_bs32_modL1_fusion16_fusionL1_fusionBN0_drop0p1__wd1e-04trmiss40_trlocglobal,32,1e-05,0.0001,1,16,1,False,0.1,lr1e-05_bs32_modL1_fusion16_fusionL1_fusionBN0_drop0p1__wd1e-04trmiss40_trlocglobal,39,0.6422966420650482,0.6873224675655365,0.6007905138339922,0.6328424158626786,0.5777777777777777,0.0,0.0,0.0,0.0,0.0,0.0,0.0,0.0,0.0,,,,,18473,global,0.4
5,1,lr1e-05_bs32_modL1_fusion16_fusionL1_fusionBN0_drop0p1__wd1e-04trmiss40_trlocglobal,32,1e-05,0.0001,1,16,1,False,0.1,lr1e-05_bs32_modL1_fusion16_fusionL1_fusionBN0_drop0p1__wd1e-04trmiss40_trlocglobal,40,0.6463490823904673,0.687017410993576,0.6067193675889327,0.630543705554815,0.5777777777777777,0.0,0.0,0.0,0.0,0.0,0.0,0.0,0.0,0.0,,,,,18473,global,0.4
5,1,lr1e-05_bs32_modL1_fusion16_fusionL1_fusionBN0_drop0p1__wd1e-04trmiss40_trlocglobal,32,1e-05,0.0001,1,16,1,False,0.1,lr1e-05_bs32_modL1_fusion16_fusionL1_fusionBN0_drop0p1__wd1e-04trmiss40_trlocglobal,41,0.6384610931078593,0.6867685317993164,0.6007905138339922,0.6284849735761745,0.5777777777777777,0.0,0.0,0.0,0.0,0.0,0.0,0.0,0.0,0.0,,,,,18473,global,0.4
5,1,lr1e-05_bs32_modL1_fusion16_fusionL1_fusionBN0_drop0p1__wd1e-04trmiss40_trlocglobal,32,1e-05,0.0001,1,16,1,False,0.1,lr1e-05_bs32_modL1_fusion16_fusionL1_fusionBN0_drop0p1__wd1e-04trmiss40_trlocglobal,42,0.6392836074034373,0.6870358288288116,0.6007905138339921,0.6270438856362308,0.5777777777777777,0.0,0.0,0.0,0.0,0.0,0.0,0.0,0.0,0.0,,,,,18473,global,0.4
5,1,lr1e-05_bs32_modL1_fusion16_fusionL1_fusionBN0_drop0p1__wd1e-04trmiss40_trlocglobal,32,1e-05,0.0001,1,16,1,False,0.1,lr1e-05_bs32_modL1_fusion16_fusionL1_fusionBN0_drop0p1__wd1e-04trmiss40_trlocglobal,43,0.6403568685054779,0.6873262524604797,0.6027667984189723,0.6274337021562831,0.5777777777777777,0.0,0.0,0.0,0.0,0.0,0.0,0.0,0.0,0.0,,,,,18473,global,0.4
5,1,lr1e-05_bs32_modL1_fusion16_fusionL1_fusionBN0_drop0p1__wd1e-04trmiss40_trlocglobal,32,1e-05,0.0001,1,16,1,False,0.1,lr1e-05_bs32_modL1_fusion16_fusionL1_fusionBN0_drop0p1__wd1e-04trmiss40_trlocglobal,44,0.6455899973710378,0.6872789859771729,0.5988142292490118,0.624150076972281,0.5777777777777777,0.0,0.0,0.0,0.0,0.0,0.0,0.0,0.0,0.0,,,,,18473,global,0.4
5,1,lr1e-05_bs32_modL1_fusion16_fusionL1_fusionBN0_drop0p1__wd1e-04trmiss40_trlocglobal,32,1e-05,0.0001,1,16,1,False,0.1,lr1e-05_bs32_modL1_fusion16_fusionL1_fusionBN0_drop0p1__wd1e-04trmiss40_trlocglobal,45,0.6355702678362528,0.6870226562023163,0.6086956521739131,0.6331769830089532,0.5777777777777777,0.0,0.0,0.0,0.0,0.0,0.0,0.0,0.0,0.0,,,,,18473,global,0.4
5,1,lr1e-05_bs32_modL1_fusion16_fusionL1_fusionBN0_drop0p1__wd1e-04trmiss40_trlocglobal,32,1e-05,0.0001,1,16,1,False,0.1,lr1e-05_bs32_modL1_fusion16_fusionL1_fusionBN0_drop0p1__wd1e-04trmiss40_trlocglobal,46,0.6382476290067037,0.6871570348739624,0.6047430830039525,0.6293555482507797,0.5777777777777777,0.0,0.0,0.0,0.0,0.0,0.0,0.0,0.0,0.0,,,,,18473,global,0.4
5,1,lr1e-05_bs32_modL1_fusion16_fusionL1_fusionBN0_drop0p1__wd1e-04trmiss40_trlocglobal,32,1e-05,0.0001,1,16,1,False,0.1,lr1e-05_bs32_modL1_fusion16_fusionL1_fusionBN0_drop0p1__wd1e-04trmiss40_trlocglobal,47,0.6428919831911722,0.6871473491191864,0.6047430830039526,0.6285923846625402,0.5777777777777777,0.0,0.0,0.0,0.0,0.0,0.0,0.0,0.0,0.0,,,,,18473,global,0.4
5,1,lr1e-05_bs32_modL1_fusion16_fusionL1_fusionBN0_drop0p1__wd1e-04trmiss40_trlocglobal,32,1e-05,0.0001,1,16,1,False,0.1,lr1e-05_bs32_modL1_fusion16_fusionL1_fusionBN0_drop0p1__wd1e-04trmiss40_trlocglobal,48,0.6390343407789866,0.6873528957366943,0.6007905138339921,0.6279380745688709,0.5777777777777777,0.0,0.0,0.0,0.0,0.0,0.0,0.0,0.0,0.0,,,,,18473,global,0.4
5,1,lr1e-05_bs32_modL1_fusion32_fusionL1_fusionBN0_drop0p2__wd1e-04trmiss40_trlocglobal,32,1e-05,0.0001,1,32,1,False,0.2,lr1e-05_bs32_modL1_fusion32_fusionL1_fusionBN0_drop0p2__wd1e-04trmiss40_trlocglobal,1,0.7063019076983134,0.6827636361122131,0.5494071146245059,0.5517670340806068,0.5111111111111111,0.0,0.0,0.0,0.0,0.0,0.0,0.0,0.0,0.0,,,,,18473,global,0.4
5,1,lr1e-05_bs32_modL1_fusion32_fusionL1_fusionBN0_drop0p2__wd1e-04trmiss40_trlocglobal,32,1e-05,0.0001,1,32,1,False,0.2,lr1e-05_bs32_modL1_fusion32_fusionL1_fusionBN0_drop0p2__wd1e-04trmiss40_trlocglobal,2,0.7027800381183624,0.6817886829376221,0.5474308300395258,0.538882603282909,0.4888888888888889,0.0,0.0,0.0,0.0,0.0,0.0,0.0,0.0,0.0,,,,,18473,global,0.4
5,1,lr1e-05_bs32_modL1_fusion32_fusionL1_fusionBN0_drop0p2__wd1e-04trmiss40_trlocglobal,32,1e-05,0.0001,1,32,1,False,0.2,lr1e-05_bs32_modL1_fusion32_fusionL1_fusionBN0_drop0p2__wd1e-04trmiss40_trlocglobal,3,0.7077125310897827,0.6808156967163086,0.5652173913043478,0.5469571388021237,0.4888888888888889,0.0,0.0,0.0,0.0,0.0,0.0,0.0,0.0,0.0,,,,,18473,global,0.4
5,1,lr1e-05_bs32_modL1_fusion32_fusionL1_fusionBN0_drop0p2__wd1e-04trmiss40_trlocglobal,32,1e-05,0.0001,1,32,1,False,0.2,lr1e-05_bs32_modL1_fusion32_fusionL1_fusionBN0_drop0p2__wd1e-04trmiss40_trlocglobal,4,0.6950004696846008,0.6796603202819824,0.5652173913043479,0.5390936929150072,0.4888888888888889,0.0,0.0,0.0,0.0,0.0,0.0,0.0,0.0,0.0,,,,,18473,global,0.4
5,1,lr1e-05_bs32_modL1_fusion32_fusionL1_fusionBN0_drop0p2__wd1e-04trmiss40_trlocglobal,32,1e-05,0.0001,1,32,1,False,0.2,lr1e-05_bs32_modL1_fusion32_fusionL1_fusionBN0_drop0p2__wd1e-04trmiss40_trlocglobal,5,0.6972919801870981,0.6788549721240997,0.5830039525691699,0.5462715008567713,0.4888888888888889,0.0,0.0,0.0,0.0,0.0,0.0,0.0,0.0,0.0,,,,,18473,global,0.4
5,1,lr1e-05_bs32_modL1_fusion32_fusionL1_fusionBN0_drop0p2__wd1e-04trmiss40_trlocglobal,32,1e-05,0.0001,1,32,1,False,0.2,lr1e-05_bs32_modL1_fusion32_fusionL1_fusionBN0_drop0p2__wd1e-04trmiss40_trlocglobal,6,0.6958788931369781,0.6782684624195099,0.5849802371541502,0.5452372980425444,0.4666666666666667,0.0,0.0,0.0,0.0,0.0,0.0,0.0,0.0,0.0,,,,,18473,global,0.4
5,1,lr1e-05_bs32_modL1_fusion32_fusionL1_fusionBN0_drop0p2__wd1e-04trmiss40_trlocglobal,32,1e-05,0.0001,1,32,1,False,0.2,lr1e-05_bs32_modL1_fusion32_fusionL1_fusionBN0_drop0p2__wd1e-04trmiss40_trlocglobal,7,0.6937661369641622,0.6782860159873962,0.5928853754940712,0.5490887002635119,0.4666666666666667,0.0,0.0,0.0,0.0,0.0,0.0,0.0,0.0,0.0,,,,,18473,global,0.4
5,1,lr1e-05_bs32_modL1_fusion32_fusionL1_fusionBN0_drop0p2__wd1e-04trmiss40_trlocglobal,32,1e-05,0.0001,1,32,1,False,0.2,lr1e-05_bs32_modL1_fusion32_fusionL1_fusionBN0_drop0p2__wd1e-04trmiss40_trlocglobal,8,0.6915300289789835,0.6776054203510284,0.6027667984189723,0.5573950034820456,0.4666666666666667,0.0,0.0,0.0,0.0,0.0,0.0,0.0,0.0,0.0,,,,,18473,global,0.4
5,1,lr1e-05_bs32_modL1_fusion32_fusionL1_fusionBN0_drop0p2__wd1e-04trmiss40_trlocglobal,32,1e-05,0.0001,1,32,1,False,0.2,lr1e-05_bs32_modL1_fusion32_fusionL1_fusionBN0_drop0p2__wd1e-04trmiss40_trlocglobal,9,0.6947771807511648,0.6773762404918671,0.5988142292490118,0.5532925762936071,0.4666666666666667,0.0,0.0,0.0,0.0,0.0,0.0,0.0,0.0,0.0,,,,,18473,global,0.4
5,1,lr1e-05_bs32_modL1_fusion32_fusionL1_fusionBN0_drop0p2__wd1e-04trmiss40_trlocglobal,32,1e-05,0.0001,1,32,1,False,0.2,lr1e-05_bs32_modL1_fusion32_fusionL1_fusionBN0_drop0p2__wd1e-04trmiss40_trlocglobal,10,0.690010686715444,0.6767007112503052,0.6106719367588933,0.5623008744858755,0.5111111111111111,0.0,0.0,0.0,0.0,0.0,0.0,0.0,0.0,0.0,,,,,18473,global,0.4
5,1,lr1e-05_bs32_modL1_fusion32_fusionL1_fusionBN0_drop0p2__wd1e-04trmiss40_trlocglobal,32,1e-05,0.0001,1,32,1,False,0.2,lr1e-05_bs32_modL1_fusion32_fusionL1_fusionBN0_drop0p2__wd1e-04trmiss40_trlocglobal,11,0.6958662271499634,0.6757021248340607,0.6146245059288538,0.5653671843574783,0.5111111111111111,0.0,0.0,0.0,0.0,0.0,0.0,0.0,0.0,0.0,,,,,18473,global,0.4
5,1,lr1e-05_bs32_modL1_fusion32_fusionL1_fusionBN0_drop0p2__wd1e-04trmiss40_trlocglobal,32,1e-05,0.0001,1,32,1,False,0.2,lr1e-05_bs32_modL1_fusion32_fusionL1_fusionBN0_drop0p2__wd1e-04trmiss40_trlocglobal,12,0.6940214931964874,0.6751764714717865,0.6146245059288538,0.5631509381933079,0.5111111111111111,0.0,0.0,0.0,0.0,0.0,0.0,0.0,0.0,0.0,,,,,18473,global,0.4
5,1,lr1e-05_bs32_modL1_fusion32_fusionL1_fusionBN0_drop0p2__wd1e-04trmiss40_trlocglobal,32,1e-05,0.0001,1,32,1,False,0.2,lr1e-05_bs32_modL1_fusion32_fusionL1_fusionBN0_drop0p2__wd1e-04trmiss40_trlocglobal,13,0.6868258913358053,0.6745457649230957,0.6264822134387351,0.5675944339587685,0.5111111111111111,0.0,0.0,0.0,0.0,0.0,0.0,0.0,0.0,0.0,,,,,18473,global,0.4
5,1,lr1e-05_bs32_modL1_fusion32_fusionL1_fusionBN0_drop0p2__wd1e-04trmiss40_trlocglobal,32,1e-05,0.0001,1,32,1,False,0.2,lr1e-05_bs32_modL1_fusion32_fusionL1_fusionBN0_drop0p2__wd1e-04trmiss40_trlocglobal,14,0.6821416219075521,0.6735491752624512,0.6363636363636362,0.5794852819295604,0.5333333333333333,0.0,0.0,0.0,0.0,0.0,0.0,0.0,0.0,0.0,,,,,18473,global,0.4
5,1,lr1e-05_bs32_modL1_fusion32_fusionL1_fusionBN0_drop0p2__wd1e-04trmiss40_trlocglobal,32,1e-05,0.0001,1,32,1,False,0.2,lr1e-05_bs32_modL1_fusion32_fusionL1_fusionBN0_drop0p2__wd1e-04trmiss40_trlocglobal,15,0.6873941024144491,0.672965943813324,0.6343873517786561,0.5763796918674485,0.5555555555555556,0.0,0.0,0.0,0.0,0.0,0.0,0.0,0.0,0.0,,,,,18473,global,0.4
5,1,lr1e-05_bs32_modL1_fusion32_fusionL1_fusionBN0_drop0p2__wd1e-04trmiss40_trlocglobal,32,1e-05,0.0001,1,32,1,False,0.2,lr1e-05_bs32_modL1_fusion32_fusionL1_fusionBN0_drop0p2__wd1e-04trmiss40_trlocglobal,16,0.6805957754453024,0.6726421117782593,0.6363636363636364,0.5753743386881823,0.5555555555555556,0.0,0.0,0.0,0.0,0.0,0.0,0.0,0.0,0.0,,,,,18473,global,0.4
5,1,lr1e-05_bs32_modL1_fusion32_fusionL1_fusionBN0_drop0p2__wd1e-04trmiss40_trlocglobal,32,1e-05,0.0001,1,32,1,False,0.2,lr1e-05_bs32_modL1_fusion32_fusionL1_fusionBN0_drop0p2__wd1e-04trmiss40_trlocglobal,17,0.6758571863174438,0.6718870997428894,0.6422924901185769,0.5783935530628954,0.5555555555555556,0.0,0.0,0.0,0.0,0.0,0.0,0.0,0.0,0.0,,,,,18473,global,0.4
5,1,lr1e-05_bs32_modL1_fusion32_fusionL1_fusionBN0_drop0p2__wd1e-04trmiss40_trlocglobal,32,1e-05,0.0001,1,32,1,False,0.2,lr1e-05_bs32_modL1_fusion32_fusionL1_fusionBN0_drop0p2__wd1e-04trmiss40_trlocglobal,18,0.6737562616666158,0.6711854636669159,0.6462450592885375,0.5810492046955292,0.5333333333333333,0.0,0.0,0.0,0.0,0.0,0.0,0.0,0.0,0.0,,,,,18473,global,0.4
5,1,lr1e-05_bs32_modL1_fusion32_fusionL1_fusionBN0_drop0p2__wd1e-04trmiss40_trlocglobal,32,1e-05,0.0001,1,32,1,False,0.2,lr1e-05_bs32_modL1_fusion32_fusionL1_fusionBN0_drop0p2__wd1e-04trmiss40_trlocglobal,19,0.6779545744260153,0.6709785759449005,0.6442687747035573,0.5799564970810824,0.5555555555555556,0.0,0.0,0.0,0.0,0.0,0.0,0.0,0.0,0.0,,,,,18473,global,0.4
5,1,lr1e-05_bs32_modL1_fusion32_fusionL1_fusionBN0_drop0p2__wd1e-04trmiss40_trlocglobal,32,1e-05,0.0001,1,32,1,False,0.2,lr1e-05_bs32_modL1_fusion32_fusionL1_fusionBN0_drop0p2__wd1e-04trmiss40_trlocglobal,20,0.6715703209241232,0.6708240807056427,0.6462450592885375,0.5809559973309575,0.5777777777777777,0.0,0.0,0.0,0.0,0.0,0.0,0.0,0.0,0.0,,,,,18473,global,0.4
5,1,lr1e-05_bs32_modL1_fusion32_fusionL1_fusionBN0_drop0p2__wd1e-04trmiss40_trlocglobal,32,1e-05,0.0001,1,32,1,False,0.2,lr1e-05_bs32_modL1_fusion32_fusionL1_fusionBN0_drop0p2__wd1e-04trmiss40_trlocglobal,21,0.6658229231834412,0.6705249845981598,0.6462450592885375,0.5809559973309575,0.5777777777777777,0.0,0.0,0.0,0.0,0.0,0.0,0.0,0.0,0.0,,,,,18473,global,0.4
5,1,lr1e-05_bs32_modL1_fusion32_fusionL1_fusionBN0_drop0p2__wd1e-04trmiss40_trlocglobal,32,1e-05,0.0001,1,32,1,False,0.2,lr1e-05_bs32_modL1_fusion32_fusionL1_fusionBN0_drop0p2__wd1e-04trmiss40_trlocglobal,22,0.678223580121994,0.669580489397049,0.6482213438735178,0.5814856328454262,0.5777777777777777,0.0,0.0,0.0,0.0,0.0,0.0,0.0,0.0,0.0,,,,,18473,global,0.4
5,1,lr1e-05_bs32_modL1_fusion32_fusionL1_fusionBN0_drop0p2__wd1e-04trmiss40_trlocglobal,32,1e-05,0.0001,1,32,1,False,0.2,lr1e-05_bs32_modL1_fusion32_fusionL1_fusionBN0_drop0p2__wd1e-04trmiss40_trlocglobal,23,0.6573093434174856,0.6691559255123138,0.6541501976284585,0.5842567292066759,0.6,0.0,0.0,0.0,0.0,0.0,0.0,0.0,0.0,0.0,,,,,18473,global,0.4
5,1,lr1e-05_bs32_modL1_fusion32_fusionL1_fusionBN0_drop0p2__wd1e-04trmiss40_trlocglobal,32,1e-05,0.0001,1,32,1,False,0.2,lr1e-05_bs32_modL1_fusion32_fusionL1_fusionBN0_drop0p2__wd1e-04trmiss40_trlocglobal,24,0.6745219826698303,0.6685997545719147,0.6640316205533596,0.5877966255951937,0.6,0.0,0.0,0.0,0.0,0.0,0.0,0.0,0.0,0.0,,,,,18473,global,0.4
5,1,lr1e-05_bs32_modL1_fusion32_fusionL1_fusionBN0_drop0p2__wd1e-04trmiss40_trlocglobal,32,1e-05,0.0001,1,32,1,False,0.2,lr1e-05_bs32_modL1_fusion32_fusionL1_fusionBN0_drop0p2__wd1e-04trmiss40_trlocglobal,25,0.6637788514296213,0.6684423089027405,0.6640316205533596,0.5880769156924176,0.6,0.0,0.0,0.0,0.0,0.0,0.0,0.0,0.0,0.0,,,,,18473,global,0.4
5,1,lr1e-05_bs32_modL1_fusion32_fusionL1_fusionBN0_drop0p2__wd1e-04trmiss40_trlocglobal,32,1e-05,0.0001,1,32,1,False,0.2,lr1e-05_bs32_modL1_fusion32_fusionL1_fusionBN0_drop0p2__wd1e-04trmiss40_trlocglobal,26,0.6717339158058167,0.6672950088977814,0.6660079051383399,0.5898352277128779,0.5777777777777777,0.0,0.0,0.0,0.0,0.0,0.0,0.0,0.0,0.0,,,,,18473,global,0.4
5,1,lr1e-05_bs32_modL1_fusion32_fusionL1_fusionBN0_drop0p2__wd1e-04trmiss40_trlocglobal,32,1e-05,0.0001,1,32,1,False,0.2,lr1e-05_bs32_modL1_fusion32_fusionL1_fusionBN0_drop0p2__wd1e-04trmiss40_trlocglobal,27,0.6610252062479655,0.667659193277359,0.6640316205533596,0.5887204005110942,0.5777777777777777,0.0,0.0,0.0,0.0,0.0,0.0,0.0,0.0,0.0,,,,,18473,global,0.4
5,1,lr1e-05_bs32_modL1_fusion32_fusionL1_fusionBN0_drop0p2__wd1e-04trmiss40_trlocglobal,32,1e-05,0.0001,1,32,1,False,0.2,lr1e-05_bs32_modL1_fusion32_fusionL1_fusionBN0_drop0p2__wd1e-04trmiss40_trlocglobal,28,0.6613365908463796,0.6675516068935394,0.6640316205533596,0.5913928005747985,0.6,0.0,0.0,0.0,0.0,0.0,0.0,0.0,0.0,0.0,,,,,18473,global,0.4
5,1,lr1e-05_bs32_modL1_fusion32_fusionL1_fusionBN0_drop0p2__wd1e-04trmiss40_trlocglobal,32,1e-05,0.0001,1,32,1,False,0.2,lr1e-05_bs32_modL1_fusion32_fusionL1_fusionBN0_drop0p2__wd1e-04trmiss40_trlocglobal,29,0.6624138255914053,0.6664385497570038,0.6660079051383399,0.5927103236314519,0.6,0.0,0.0,0.0,0.0,0.0,0.0,0.0,0.0,0.0,,,,,18473,global,0.4
5,1,lr1e-05_bs32_modL1_fusion32_fusionL1_fusionBN0_drop0p2__wd1e-04trmiss40_trlocglobal,32,1e-05,0.0001,1,32,1,False,0.2,lr1e-05_bs32_modL1_fusion32_fusionL1_fusionBN0_drop0p2__wd1e-04trmiss40_trlocglobal,30,0.6601946353912354,0.6659248471260071,0.6660079051383399,0.5927103236314519,0.6,0.0,0.0,0.0,0.0,0.0,0.0,0.0,0.0,0.0,,,,,18473,global,0.4
5,1,lr1e-05_bs32_modL1_fusion32_fusionL1_fusionBN0_drop0p2__wd1e-04trmiss40_trlocglobal,32,1e-05,0.0001,1,32,1,False,0.2,lr1e-05_bs32_modL1_fusion32_fusionL1_fusionBN0_drop0p2__wd1e-04trmiss40_trlocglobal,31,0.6643964350223541,0.666231781244278,0.6679841897233201,0.593999204882526,0.6,0.0,0.0,0.0,0.0,0.0,0.0,0.0,0.0,0.0,,,,,18473,global,0.4
5,1,lr1e-05_bs32_modL1_fusion32_fusionL1_fusionBN0_drop0p2__wd1e-04trmiss40_trlocglobal,32,1e-05,0.0001,1,32,1,False,0.2,lr1e-05_bs32_modL1_fusion32_fusionL1_fusionBN0_drop0p2__wd1e-04trmiss40_trlocglobal,32,0.667439877986908,0.6655171811580658,0.6719367588932805,0.5962957489182006,0.6,0.0,0.0,0.0,0.0,0.0,0.0,0.0,0.0,0.0,,,,,18473,global,0.4
5,1,lr1e-05_bs32_modL1_fusion32_fusionL1_fusionBN0_drop0p2__wd1e-04trmiss40_trlocglobal,32,1e-05,0.0001,1,32,1,False,0.2,lr1e-05_bs32_modL1_fusion32_fusionL1_fusionBN0_drop0p2__wd1e-04trmiss40_trlocglobal,33,0.6621523102124532,0.6648164093494415,0.6699604743083003,0.5983470309694825,0.6,0.0,0.0,0.0,0.0,0.0,0.0,0.0,0.0,0.0,,,,,18473,global,0.4
5,1,lr1e-05_bs32_modL1_fusion32_fusionL1_fusionBN0_drop0p2__wd1e-04trmiss40_trlocglobal,32,1e-05,0.0001,1,32,1,False,0.2,lr1e-05_bs32_modL1_fusion32_fusionL1_fusionBN0_drop0p2__wd1e-04trmiss40_trlocglobal,34,0.6647661825021108,0.6656661629676819,0.6719367588932805,0.599354693754083,0.6,0.0,0.0,0.0,0.0,0.0,0.0,0.0,0.0,0.0,,,,,18473,global,0.4
5,1,lr1e-05_bs32_modL1_fusion32_fusionL1_fusionBN0_drop0p2__wd1e-04trmiss40_trlocglobal,32,1e-05,0.0001,1,32,1,False,0.2,lr1e-05_bs32_modL1_fusion32_fusionL1_fusionBN0_drop0p2__wd1e-04trmiss40_trlocglobal,35,0.6562596062819163,0.6653013229370117,0.6699604743083003,0.5982175700082635,0.6,0.0,0.0,0.0,0.0,0.0,0.0,0.0,0.0,0.0,,,,,18473,global,0.4
5,1,lr1e-05_bs32_modL1_fusion32_fusionL1_fusionBN0_drop0p2__wd1e-04trmiss40_trlocglobal,32,1e-05,0.0001,1,32,1,False,0.2,lr1e-05_bs32_modL1_fusion32_fusionL1_fusionBN0_drop0p2__wd1e-04trmiss40_trlocglobal,36,0.6651354134082794,0.6658827364444733,0.6719367588932806,0.5991519978992133,0.6,0.0,0.0,0.0,0.0,0.0,0.0,0.0,0.0,0.0,,,,,18473,global,0.4
5,1,lr1e-05_bs32_modL1_fusion32_fusionL1_fusionBN0_drop0p2__wd1e-04trmiss40_trlocglobal,32,1e-05,0.0001,1,32,1,False,0.2,lr1e-05_bs32_modL1_fusion32_fusionL1_fusionBN0_drop0p2__wd1e-04trmiss40_trlocglobal,37,0.6601106325785319,0.6658647358417511,0.6719367588932805,0.599354693754083,0.6,0.0,0.0,0.0,0.0,0.0,0.0,0.0,0.0,0.0,,,,,18473,global,0.4
5,1,lr1e-05_bs32_modL1_fusion32_fusionL1_fusionBN0_drop0p2__wd1e-04trmiss40_trlocglobal,32,1e-05,0.0001,1,32,1,False,0.2,lr1e-05_bs32_modL1_fusion32_fusionL1_fusionBN0_drop0p2__wd1e-04trmiss40_trlocglobal,38,0.6574532290299734,0.6660485863685608,0.6758893280632411,0.6015346678249409,0.6,0.0,0.0,0.0,0.0,0.0,0.0,0.0,0.0,0.0,,,,,18473,global,0.4
5,1,lr1e-05_bs32_modL1_fusion32_fusionL1_fusionBN0_drop0p2__wd1e-04trmiss40_trlocglobal,32,1e-05,0.0001,1,32,1,False,0.2,lr1e-05_bs32_modL1_fusion32_fusionL1_fusionBN0_drop0p2__wd1e-04trmiss40_trlocglobal,39,0.6599185268084208,0.6658908426761627,0.6739130434782609,0.6004695209558667,0.6,0.0,0.0,0.0,0.0,0.0,0.0,0.0,0.0,0.0,,,,,18473,global,0.4
5,1,lr1e-05_bs32_modL1_fusion32_fusionL1_fusionBN0_drop0p2__wd1e-04trmiss40_trlocglobal,32,1e-05,0.0001,1,32,1,False,0.2,lr1e-05_bs32_modL1_fusion32_fusionL1_fusionBN0_drop0p2__wd1e-04trmiss40_trlocglobal,40,0.6482471426328024,0.6655623316764832,0.6798418972332015,0.603671026546165,0.6,0.0,0.0,0.0,0.0,0.0,0.0,0.0,0.0,0.0,,,,,18473,global,0.4
5,1,lr1e-05_bs32_modL1_fusion32_fusionL1_fusionBN0_drop0p2__wd1e-04trmiss40_trlocglobal,32,1e-05,0.0001,1,32,1,False,0.2,lr1e-05_bs32_modL1_fusion32_fusionL1_fusionBN0_drop0p2__wd1e-04trmiss40_trlocglobal,41,0.6521055400371552,0.6653226912021637,0.6798418972332015,0.6041586747081468,0.6,0.0,0.0,0.0,0.0,0.0,0.0,0.0,0.0,0.0,,,,,18473,global,0.4
5,1,lr1e-05_bs32_modL1_fusion32_fusionL1_fusionBN0_drop0p2__wd1e-04trmiss40_trlocglobal,32,1e-05,0.0001,1,32,1,False,0.2,lr1e-05_bs32_modL1_fusion32_fusionL1_fusionBN0_drop0p2__wd1e-04trmiss40_trlocglobal,42,0.6518737971782684,0.6650594770908356,0.6857707509881422,0.6074964247714221,0.6,0.0,0.0,0.0,0.0,0.0,0.0,0.0,0.0,0.0,,,,,18473,global,0.4
5,1,lr1e-05_bs32_modL1_fusion32_fusionL1_fusionBN0_drop0p2__wd1e-04trmiss40_trlocglobal,32,1e-05,0.0001,1,32,1,False,0.2,lr1e-05_bs32_modL1_fusion32_fusionL1_fusionBN0_drop0p2__wd1e-04trmiss40_trlocglobal,43,0.6566579639911652,0.6649191081523895,0.683794466403162,0.6061789017147686,0.6,0.0,0.0,0.0,0.0,0.0,0.0,0.0,0.0,0.0,,,,,18473,global,0.4
5,1,lr1e-05_bs32_modL1_fusion32_fusionL1_fusionBN0_drop0p2__wd1e-04trmiss40_trlocglobal,32,1e-05,0.0001,1,32,1,False,0.2,lr1e-05_bs32_modL1_fusion32_fusionL1_fusionBN0_drop0p2__wd1e-04trmiss40_trlocglobal,44,0.6428545316060384,0.6644652485847473,0.6818181818181818,0.6055956567518842,0.6,0.0,0.0,0.0,0.0,0.0,0.0,0.0,0.0,0.0,,,,,18473,global,0.4
5,1,lr1e-05_bs32_modL1_fusion32_fusionL1_fusionBN0_drop0p2__wd1e-04trmiss40_trlocglobal,32,1e-05,0.0001,1,32,1,False,0.2,lr1e-05_bs32_modL1_fusion32_fusionL1_fusionBN0_drop0p2__wd1e-04trmiss40_trlocglobal,45,0.6548507114251455,0.663857102394104,0.6798418972332015,0.603890626913862,0.6,0.0,0.0,0.0,0.0,0.0,0.0,0.0,0.0,0.0,,,,,18473,global,0.4
5,1,lr1e-05_bs32_modL1_fusion32_fusionL1_fusionBN0_drop0p2__wd1e-04trmiss40_trlocglobal,32,1e-05,0.0001,1,32,1,False,0.2,lr1e-05_bs32_modL1_fusion32_fusionL1_fusionBN0_drop0p2__wd1e-04trmiss40_trlocglobal,46,0.6582521398862203,0.6637471318244934,0.6798418972332015,0.603890626913862,0.6222222222222222,0.0,0.0,0.0,0.0,0.0,0.0,0.0,0.0,0.0,,,,,18473,global,0.4
5,1,lr1e-05_bs32_modL1_fusion32_fusionL1_fusionBN0_drop0p2__wd1e-04trmiss40_trlocglobal,32,1e-05,0.0001,1,32,1,False,0.2,lr1e-05_bs32_modL1_fusion32_fusionL1_fusionBN0_drop0p2__wd1e-04trmiss40_trlocglobal,47,0.6567370792229971,0.662966251373291,0.6798418972332015,0.603890626913862,0.6222222222222222,0.0,0.0,0.0,0.0,0.0,0.0,0.0,0.0,0.0,,,,,18473,global,0.4
5,1,lr1e-05_bs32_modL1_fusion32_fusionL1_fusionBN0_drop0p2__wd1e-04trmiss40_trlocglobal,32,1e-05,0.0001,1,32,1,False,0.2,lr1e-05_bs32_modL1_fusion32_fusionL1_fusionBN0_drop0p2__wd1e-04trmiss40_trlocglobal,48,0.6522259414196014,0.6631764769554138,0.6818181818181819,0.60630608585106,0.6222222222222222,0.0,0.0,0.0,0.0,0.0,0.0,0.0,0.0,0.0,,,,,18473,global,0.4
5,1,lr1e-05_bs32_modL1_fusion32_fusionL1_fusionBN0_drop0p2__wd1e-04trmiss40_trlocglobal,32,1e-05,0.0001,1,32,1,False,0.2,lr1e-05_bs32_modL1_fusion32_fusionL1_fusionBN0_drop0p2__wd1e-04trmiss40_trlocglobal,49,0.6518848538398743,0.6629919409751892,0.683794466403162,0.6094116759131719,0.6222222222222222,0.0,0.0,0.0,0.0,0.0,0.0,0.0,0.0,0.0,,,,,18473,global,0.4
5,1,lr1e-05_bs32_modL1_fusion32_fusionL1_fusionBN0_drop0p2__wd1e-04trmiss40_trlocglobal,32,1e-05,0.0001,1,32,1,False,0.2,lr1e-05_bs32_modL1_fusion32_fusionL1_fusionBN0_drop0p2__wd1e-04trmiss40_trlocglobal,50,0.6428888738155365,0.6627408266067505,0.6857707509881422,0.6111167057511941,0.6222222222222222,0.0,0.0,0.0,0.0,0.0,0.0,0.0,0.0,0.0,,,,,18473,global,0.4
5,1,lr1e-05_bs32_modL1_fusion32_fusionL1_fusionBN0_drop0p2__wd1e-04trmiss40_trlocglobal,32,1e-05,0.0001,1,32,1,False,0.2,lr1e-05_bs32_modL1_fusion32_fusionL1_fusionBN0_drop0p2__wd1e-04trmiss40_trlocglobal,51,0.6510474681854248,0.6624636352062225,0.6857707509881422,0.6111167057511941,0.6222222222222222,0.0,0.0,0.0,0.0,0.0,0.0,0.0,0.0,0.0,,,,,18473,global,0.4
5,1,lr1e-05_bs32_modL1_fusion32_fusionL1_fusionBN0_drop0p2__wd1e-04trmiss40_trlocglobal,32,1e-05,0.0001,1,32,1,False,0.2,lr1e-05_bs32_modL1_fusion32_fusionL1_fusionBN0_drop0p2__wd1e-04trmiss40_trlocglobal,52,0.6441586514314016,0.6626373827457428,0.6837944664031621,0.6080111156890823,0.6222222222222222,0.0,0.0,0.0,0.0,0.0,0.0,0.0,0.0,0.0,,,,,18473,global,0.4
5,1,lr1e-05_bs32_modL1_fusion32_fusionL1_fusionBN0_drop0p2__wd1e-04trmiss40_trlocglobal,32,1e-05,0.0001,1,32,1,False,0.2,lr1e-05_bs32_modL1_fusion32_fusionL1_fusionBN0_drop0p2__wd1e-04trmiss40_trlocglobal,53,0.6381450792153677,0.6628778874874115,0.6857707509881422,0.6111167057511941,0.6222222222222222,0.0,0.0,0.0,0.0,0.0,0.0,0.0,0.0,0.0,,,,,18473,global,0.4
5,1,lr1e-05_bs32_modL1_fusion32_fusionL1_fusionBN0_drop0p2__wd1e-04trmiss40_trlocglobal,32,1e-05,0.0001,1,32,1,False,0.2,lr1e-05_bs32_modL1_fusion32_fusionL1_fusionBN0_drop0p2__wd1e-04trmiss40_trlocglobal,54,0.6504051983356476,0.6633063554763794,0.6857707509881422,0.6111167057511941,0.6,0.0,0.0,0.0,0.0,0.0,0.0,0.0,0.0,0.0,,,,,18473,global,0.4
5,1,lr1e-05_bs32_modL1_fusion32_fusionL1_fusionBN0_drop0p2__wd1e-04trmiss40_trlocglobal,32,1e-05,0.0001,1,32,1,False,0.2,lr1e-05_bs32_modL1_fusion32_fusionL1_fusionBN0_drop0p2__wd1e-04trmiss40_trlocglobal,55,0.6533160209655762,0.6629729270935059,0.6857707509881422,0.6111167057511941,0.6,0.0,0.0,0.0,0.0,0.0,0.0,0.0,0.0,0.0,,,,,18473,global,0.4
5,1,lr1e-05_bs32_modL1_fusion32_fusionL1_fusionBN0_drop0p2__wd1e-04trmiss40_trlocglobal,32,1e-05,0.0001,1,32,1,False,0.2,lr1e-05_bs32_modL1_fusion32_fusionL1_fusionBN0_drop0p2__wd1e-04trmiss40_trlocglobal,56,0.6571876108646393,0.6631604135036469,0.6837944664031621,0.6080111156890823,0.6,0.0,0.0,0.0,0.0,0.0,0.0,0.0,0.0,0.0,,,,,18473,global,0.4
5,1,lr1e-05_bs32_modL1_fusion32_fusionL1_fusionBN0_drop0p2__wd1e-04trmiss40_trlocglobal,32,1e-05,0.0001,1,32,1,False,0.2,lr1e-05_bs32_modL1_fusion32_fusionL1_fusionBN0_drop0p2__wd1e-04trmiss40_trlocglobal,57,0.6480582058429718,0.6624989211559296,0.6857707509881422,0.6111167057511941,0.6,0.0,0.0,0.0,0.0,0.0,0.0,0.0,0.0,0.0,,,,,18473,global,0.4
5,1,lr1e-05_bs32_modL1_fusion32_fusionL1_fusionBN0_drop0p2__wd1e-04trmiss40_trlocglobal,32,1e-05,0.0001,1,32,1,False,0.2,lr1e-05_bs32_modL1_fusion32_fusionL1_fusionBN0_drop0p2__wd1e-04trmiss40_trlocglobal,58,0.6478114823500315,0.6619177460670471,0.6877470355731224,0.612604119938837,0.6222222222222222,0.0,0.0,0.0,0.0,0.0,0.0,0.0,0.0,0.0,,,,,18473,global,0.4
5,1,lr1e-05_bs32_modL1_fusion32_fusionL1_fusionBN0_drop0p2__wd1e-04trmiss40_trlocglobal,32,1e-05,0.0001,1,32,1,False,0.2,lr1e-05_bs32_modL1_fusion32_fusionL1_fusionBN0_drop0p2__wd1e-04trmiss40_trlocglobal,59,0.650398979584376,0.6620180308818817,0.6857707509881422,0.6111167057511941,0.6222222222222222,0.0,0.0,0.0,0.0,0.0,0.0,0.0,0.0,0.0,,,,,18473,global,0.4
5,1,lr1e-05_bs32_modL1_fusion32_fusionL1_fusionBN0_drop0p2__wd1e-04trmiss40_trlocglobal,32,1e-05,0.0001,1,32,1,False,0.2,lr1e-05_bs32_modL1_fusion32_fusionL1_fusionBN0_drop0p2__wd1e-04trmiss40_trlocglobal,60,0.6444326341152191,0.6624498069286346,0.6857707509881422,0.6111167057511941,0.6,0.0,0.0,0.0,0.0,0.0,0.0,0.0,0.0,0.0,,,,,18473,global,0.4
5,1,lr1e-05_bs32_modL1_fusion32_fusionL1_fusionBN0_drop0p2__wd1e-04trmiss40_trlocglobal,32,1e-05,0.0001,1,32,1,False,0.2,lr1e-05_bs32_modL1_fusion32_fusionL1_fusionBN0_drop0p2__wd1e-04trmiss40_trlocglobal,61,0.6487261950969696,0.6618726849555969,0.6857707509881422,0.6111167057511941,0.6222222222222222,0.0,0.0,0.0,0.0,0.0,0.0,0.0,0.0,0.0,,,,,18473,global,0.4
5,1,lr1e-05_bs32_modL1_fusion32_fusionL1_fusionBN0_drop0p2__wd1e-04trmiss40_trlocglobal,32,1e-05,0.0001,1,32,1,False,0.2,lr1e-05_bs32_modL1_fusion32_fusionL1_fusionBN0_drop0p2__wd1e-04trmiss40_trlocglobal,62,0.6624905169010162,0.6623195707798004,0.6857707509881422,0.6111167057511941,0.6222222222222222,0.0,0.0,0.0,0.0,0.0,0.0,0.0,0.0,0.0,,,,,18473,global,0.4
5,1,lr1e-05_bs32_modL1_fusion32_fusionL1_fusionBN0_drop0p2__wd1e-04trmiss40_trlocglobal,32,1e-05,0.0001,1,32,1,False,0.2,lr1e-05_bs32_modL1_fusion32_fusionL1_fusionBN0_drop0p2__wd1e-04trmiss40_trlocglobal,63,0.6434717277685801,0.6621256470680237,0.6857707509881423,0.6094985298767253,0.6222222222222222,0.0,0.0,0.0,0.0,0.0,0.0,0.0,0.0,0.0,,,,,18473,global,0.4
5,1,lr1e-05_bs32_modL1_fusion32_fusionL1_fusionBN0_drop0p2__wd1e-04trmiss40_trlocglobal,32,1e-05,0.0001,1,32,1,False,0.2,lr1e-05_bs32_modL1_fusion32_fusionL1_fusionBN0_drop0p2__wd1e-04trmiss40_trlocglobal,64,0.644905149936676,0.662856936454773,0.6857707509881423,0.6094985298767253,0.6,0.0,0.0,0.0,0.0,0.0,0.0,0.0,0.0,0.0,,,,,18473,global,0.4
5,1,lr1e-05_bs32_modL1_fusion32_fusionL1_fusionBN0_drop0p2__wd1e-04trmiss40_trlocglobal,32,1e-05,0.0001,1,32,1,False,0.2,lr1e-05_bs32_modL1_fusion32_fusionL1_fusionBN0_drop0p2__wd1e-04trmiss40_trlocglobal,65,0.6565518379211426,0.6623205840587616,0.6897233201581027,0.6142568023695516,0.6,0.0,0.0,0.0,0.0,0.0,0.0,0.0,0.0,0.0,,,,,18473,global,0.4
5,1,lr1e-05_bs32_modL1_fusion32_fusionL1_fusionBN0_drop0p2__wd1e-04trmiss40_trlocglobal,32,1e-05,0.0001,1,32,1,False,0.2,lr1e-05_bs32_modL1_fusion32_fusionL1_fusionBN0_drop0p2__wd1e-04trmiss40_trlocglobal,66,0.6444581151008606,0.662009060382843,0.6857707509881422,0.6111167057511941,0.6222222222222222,0.0,0.0,0.0,0.0,0.0,0.0,0.0,0.0,0.0,,,,,18473,global,0.4
5,1,lr1e-05_bs32_modL1_fusion32_fusionL1_fusionBN0_drop0p2__wd1e-04trmiss40_trlocglobal,32,1e-05,0.0001,1,32,1,False,0.2,lr1e-05_bs32_modL1_fusion32_fusionL1_fusionBN0_drop0p2__wd1e-04trmiss40_trlocglobal,67,0.6484046479066213,0.6617416441440582,0.6897233201581027,0.6142568023695516,0.6222222222222222,0.0,0.0,0.0,0.0,0.0,0.0,0.0,0.0,0.0,,,,,18473,global,0.4
5,1,lr1e-05_bs32_modL1_fusion32_fusionL1_fusionBN0_drop0p2__wd1e-04trmiss40_trlocglobal,32,1e-05,0.0001,1,32,1,False,0.2,lr1e-05_bs32_modL1_fusion32_fusionL1_fusionBN0_drop0p2__wd1e-04trmiss40_trlocglobal,68,0.6478713949521383,0.6612533032894135,0.6897233201581027,0.6142568023695516,0.6,0.0,0.0,0.0,0.0,0.0,0.0,0.0,0.0,0.0,,,,,18473,global,0.4
5,1,lr1e-05_bs32_modL1_fusion32_fusionL1_fusionBN0_drop0p2__wd1e-04trmiss40_trlocglobal,32,1e-05,0.0001,1,32,1,False,0.2,lr1e-05_bs32_modL1_fusion32_fusionL1_fusionBN0_drop0p2__wd1e-04trmiss40_trlocglobal,69,0.6378132502237955,0.6611441373825073,0.6877470355731224,0.612604119938837,0.6222222222222222,0.0,0.0,0.0,0.0,0.0,0.0,0.0,0.0,0.0,,,,,18473,global,0.4
5,1,lr1e-05_bs32_modL1_fusion32_fusionL1_fusionBN0_drop0p2__wd1e-04trmiss40_trlocglobal,32,1e-05,0.0001,1,32,1,False,0.2,lr1e-05_bs32_modL1_fusion32_fusionL1_fusionBN0_drop0p2__wd1e-04trmiss40_trlocglobal,70,0.636528342962265,0.6618021726608276,0.6877470355731224,0.612604119938837,0.6222222222222222,0.0,0.0,0.0,0.0,0.0,0.0,0.0,0.0,0.0,,,,,18473,global,0.4
5,1,lr1e-05_bs32_modL1_fusion32_fusionL1_fusionBN0_drop0p2__wd1e-04trmiss40_trlocglobal,32,1e-05,0.0001,1,32,1,False,0.2,lr1e-05_bs32_modL1_fusion32_fusionL1_fusionBN0_drop0p2__wd1e-04trmiss40_trlocglobal,71,0.6440332929293314,0.6624896824359894,0.6857707509881422,0.6111167057511941,0.6,0.0,0.0,0.0,0.0,0.0,0.0,0.0,0.0,0.0,,,,,18473,global,0.4
5,1,lr1e-05_bs32_modL1_fusion32_fusionL1_fusionBN0_drop0p2__wd1e-04trmiss40_trlocglobal,32,1e-05,0.0001,1,32,1,False,0.2,lr1e-05_bs32_modL1_fusion32_fusionL1_fusionBN0_drop0p2__wd1e-04trmiss40_trlocglobal,72,0.6492222746213278,0.6622983515262604,0.6857707509881422,0.6111167057511941,0.6,0.0,0.0,0.0,0.0,0.0,0.0,0.0,0.0,0.0,,,,,18473,global,0.4
5,1,lr1e-05_bs32_modL1_fusion32_fusionL1_fusionBN0_drop0p2__wd1e-04trmiss40_trlocglobal,32,1e-05,0.0001,1,32,1,False,0.2,lr1e-05_bs32_modL1_fusion32_fusionL1_fusionBN0_drop0p2__wd1e-04trmiss40_trlocglobal,73,0.6442853311697642,0.6619229912757874,0.6857707509881422,0.6111167057511941,0.6222222222222222,0.0,0.0,0.0,0.0,0.0,0.0,0.0,0.0,0.0,,,,,18473,global,0.4
5,1,lr1e-05_bs32_modL1_fusion32_fusionL1_fusionBN0_drop0p2__wd1e-04trmiss40_trlocglobal,32,1e-05,0.0001,1,32,1,False,0.2,lr1e-05_bs32_modL1_fusion32_fusionL1_fusionBN0_drop0p2__wd1e-04trmiss40_trlocglobal,74,0.6449556450049082,0.6619015038013458,0.6877470355731224,0.612604119938837,0.6444444444444445,0.0,0.0,0.0,0.0,0.0,0.0,0.0,0.0,0.0,,,,,18473,global,0.4
5,1,lr1e-05_bs32_modL1_fusion32_fusionL1_fusionBN0_drop0p2__wd1e-04trmiss40_trlocglobal,32,1e-05,0.0001,1,32,1,False,0.2,lr1e-05_bs32_modL1_fusion32_fusionL1_fusionBN0_drop0p2__wd1e-04trmiss40_trlocglobal,75,0.6521938443183899,0.6619004011154175,0.6857707509881422,0.6111167057511941,0.6444444444444445,0.0,0.0,0.0,0.0,0.0,0.0,0.0,0.0,0.0,,,,,18473,global,0.4
5,1,lr1e-05_bs32_modL1_fusion32_fusionL1_fusionBN0_drop0p2__wd1e-04trmiss40_trlocglobal,32,1e-05,0.0001,1,32,1,False,0.2,lr1e-05_bs32_modL1_fusion32_fusionL1_fusionBN0_drop0p2__wd1e-04trmiss40_trlocglobal,76,0.6413989365100861,0.6621609628200531,0.6857707509881422,0.6111167057511941,0.6444444444444445,0.0,0.0,0.0,0.0,0.0,0.0,0.0,0.0,0.0,,,,,18473,global,0.4
5,1,lr1e-05_bs32_modL1_fusion32_fusionL1_fusionBN0_drop0p2__wd1e-04trmiss40_trlocglobal,32,1e-05,0.0001,1,32,1,False,0.2,lr1e-05_bs32_modL1_fusion32_fusionL1_fusionBN0_drop0p2__wd1e-04trmiss40_trlocglobal,77,0.6450095276037852,0.6624533832073212,0.6877470355731224,0.612604119938837,0.6,0.0,0.0,0.0,0.0,0.0,0.0,0.0,0.0,0.0,,,,,18473,global,0.4
5,1,lr1e-05_bs32_modL1_fusion32_fusionL1_fusionBN0_drop0p2__wd1e-04trmiss40_trlocglobal,32,1e-05,0.0001,1,32,1,False,0.2,lr1e-05_bs32_modL1_fusion32_fusionL1_fusionBN0_drop0p2__wd1e-04trmiss40_trlocglobal,78,0.642951120932897,0.6622897684574127,0.6897233201581027,0.6142568023695516,0.6222222222222222,0.0,0.0,0.0,0.0,0.0,0.0,0.0,0.0,0.0,,,,,18473,global,0.4
5,1,lr1e-05_bs32_modL1_fusion32_fusionL1_fusionBN0_drop0p2__wd1e-04trmiss40_trlocglobal,32,1e-05,0.0001,1,32,1,False,0.2,lr1e-05_bs32_modL1_fusion32_fusionL1_fusionBN0_drop0p2__wd1e-04trmiss40_trlocglobal,79,0.6503883898258209,0.6626246869564056,0.6897233201581027,0.6142568023695516,0.6222222222222222,0.0,0.0,0.0,0.0,0.0,0.0,0.0,0.0,0.0,,,,,18473,global,0.4
5,1,lr1e-05_bs32_modL1_fusion32_fusionL1_fusionBN0_drop0p2__wd1e-04trmiss40_trlocglobal,32,1e-05,0.0001,1,32,1,False,0.2,lr1e-05_bs32_modL1_fusion32_fusionL1_fusionBN0_drop0p2__wd1e-04trmiss40_trlocglobal,80,0.6419248680273691,0.6620944142341614,0.6897233201581027,0.6142568023695516,0.6222222222222222,0.0,0.0,0.0,0.0,0.0,0.0,0.0,0.0,0.0,,,,,18473,global,0.4
5,1,lr1e-05_bs32_modL1_fusion32_fusionL1_fusionBN0_drop0p1__wd1e-04trmiss40_trlocglobal,32,1e-05,0.0001,1,32,1,False,0.1,lr1e-05_bs32_modL1_fusion32_fusionL1_fusionBN0_drop0p1__wd1e-04trmiss40_trlocglobal,1,0.6856076021989187,0.7023963034152985,0.43478260869565216,0.47419891515637874,0.4,0.0,0.0,0.0,0.0,0.0,0.0,0.0,0.0,0.0,,,,,18473,global,0.4
5,1,lr1e-05_bs32_modL1_fusion32_fusionL1_fusionBN0_drop0p1__wd1e-04trmiss40_trlocglobal,32,1e-05,0.0001,1,32,1,False,0.1,lr1e-05_bs32_modL1_fusion32_fusionL1_fusionBN0_drop0p1__wd1e-04trmiss40_trlocglobal,2,0.6838934222857157,0.7028921246528625,0.4367588932806324,0.4718432944077076,0.4,0.0,0.0,0.0,0.0,0.0,0.0,0.0,0.0,0.0,,,,,18473,global,0.4
5,1,lr1e-05_bs32_modL1_fusion32_fusionL1_fusionBN0_drop0p1__wd1e-04trmiss40_trlocglobal,32,1e-05,0.0001,1,32,1,False,0.1,lr1e-05_bs32_modL1_fusion32_fusionL1_fusionBN0_drop0p1__wd1e-04trmiss40_trlocglobal,3,0.6797792712847391,0.7031295299530029,0.4407114624505929,0.46816501796522025,0.4444444444444444,0.0,0.0,0.0,0.0,0.0,0.0,0.0,0.0,0.0,,,,,18473,global,0.4
5,1,lr1e-05_bs32_modL1_fusion32_fusionL1_fusionBN0_drop0p1__wd1e-04trmiss40_trlocglobal,32,1e-05,0.0001,1,32,1,False,0.1,lr1e-05_bs32_modL1_fusion32_fusionL1_fusionBN0_drop0p1__wd1e-04trmiss40_trlocglobal,4,0.6835495233535767,0.7032763361930847,0.4446640316205534,0.46910559088852,0.4444444444444444,0.0,0.0,0.0,0.0,0.0,0.0,0.0,0.0,0.0,,,,,18473,global,0.4
5,1,lr1e-05_bs32_modL1_fusion32_fusionL1_fusionBN0_drop0p1__wd1e-04trmiss40_trlocglobal,32,1e-05,0.0001,1,32,1,False,0.1,lr1e-05_bs32_modL1_fusion32_fusionL1_fusionBN0_drop0p1__wd1e-04trmiss40_trlocglobal,5,0.6766189833482107,0.7033198475837708,0.4486166007905138,0.472675407799298,0.4444444444444444,0.0,0.0,0.0,0.0,0.0,0.0,0.0,0.0,0.0,,,,,18473,global,0.4
5,1,lr1e-05_bs32_modL1_fusion32_fusionL1_fusionBN0_drop0p1__wd1e-04trmiss40_trlocglobal,32,1e-05,0.0001,1,32,1,False,0.1,lr1e-05_bs32_modL1_fusion32_fusionL1_fusionBN0_drop0p1__wd1e-04trmiss40_trlocglobal,6,0.6798481643199921,0.7029627561569214,0.45454545454545453,0.47472568086939204,0.4444444444444444,0.0,0.0,0.0,0.0,0.0,0.0,0.0,0.0,0.0,,,,,18473,global,0.4
5,1,lr1e-05_bs32_modL1_fusion32_fusionL1_fusionBN0_drop0p1__wd1e-04trmiss40_trlocglobal,32,1e-05,0.0001,1,32,1,False,0.1,lr1e-05_bs32_modL1_fusion32_fusionL1_fusionBN0_drop0p1__wd1e-04trmiss40_trlocglobal,7,0.6740705668926239,0.702104926109314,0.46047430830039526,0.47932398408325594,0.4444444444444444,0.0,0.0,0.0,0.0,0.0,0.0,0.0,0.0,0.0,,,,,18473,global,0.4
5,1,lr1e-05_bs32_modL1_fusion32_fusionL1_fusionBN0_drop0p1__wd1e-04trmiss40_trlocglobal,32,1e-05,0.0001,1,32,1,False,0.1,lr1e-05_bs32_modL1_fusion32_fusionL1_fusionBN0_drop0p1__wd1e-04trmiss40_trlocglobal,8,0.674524188041687,0.7012668550014496,0.466403162055336,0.4808154019846886,0.4444444444444444,0.0,0.0,0.0,0.0,0.0,0.0,0.0,0.0,0.0,,,,,18473,global,0.4
5,1,lr1e-05_bs32_modL1_fusion32_fusionL1_fusionBN0_drop0p1__wd1e-04trmiss40_trlocglobal,32,1e-05,0.0001,1,32,1,False,0.1,lr1e-05_bs32_modL1_fusion32_fusionL1_fusionBN0_drop0p1__wd1e-04trmiss40_trlocglobal,9,0.6729724109172821,0.7017141282558441,0.4604743083003953,0.47719394788160463,0.4888888888888889,0.0,0.0,0.0,0.0,0.0,0.0,0.0,0.0,0.0,,,,,18473,global,0.4
5,1,lr1e-05_bs32_modL1_fusion32_fusionL1_fusionBN0_drop0p1__wd1e-04trmiss40_trlocglobal,32,1e-05,0.0001,1,32,1,False,0.1,lr1e-05_bs32_modL1_fusion32_fusionL1_fusionBN0_drop0p1__wd1e-04trmiss40_trlocglobal,10,0.6651079654693604,0.7009032368659973,0.47430830039525695,0.48520945373292795,0.4888888888888889,0.0,0.0,0.0,0.0,0.0,0.0,0.0,0.0,0.0,,,,,18473,global,0.4
5,1,lr1e-05_bs32_modL1_fusion32_fusionL1_fusionBN0_drop0p1__wd1e-04trmiss40_trlocglobal,32,1e-05,0.0001,1,32,1,False,0.1,lr1e-05_bs32_modL1_fusion32_fusionL1_fusionBN0_drop0p1__wd1e-04trmiss40_trlocglobal,11,0.6642559965451559,0.700646162033081,0.4782608695652174,0.48853023367164,0.4888888888888889,0.0,0.0,0.0,0.0,0.0,0.0,0.0,0.0,0.0,,,,,18473,global,0.4
5,1,lr1e-05_bs32_modL1_fusion32_fusionL1_fusionBN0_drop0p1__wd1e-04trmiss40_trlocglobal,32,1e-05,0.0001,1,32,1,False,0.1,lr1e-05_bs32_modL1_fusion32_fusionL1_fusionBN0_drop0p1__wd1e-04trmiss40_trlocglobal,12,0.6652209460735321,0.6998893618583679,0.48814229249011865,0.4946962072665089,0.5111111111111111,0.0,0.0,0.0,0.0,0.0,0.0,0.0,0.0,0.0,,,,,18473,global,0.4
5,1,lr1e-05_bs32_modL1_fusion32_fusionL1_fusionBN0_drop0p1__wd1e-04trmiss40_trlocglobal,32,1e-05,0.0001,1,32,1,False,0.1,lr1e-05_bs32_modL1_fusion32_fusionL1_fusionBN0_drop0p1__wd1e-04trmiss40_trlocglobal,13,0.6647762556870779,0.6999342441558838,0.48814229249011853,0.49385869208437694,0.5111111111111111,0.0,0.0,0.0,0.0,0.0,0.0,0.0,0.0,0.0,,,,,18473,global,0.4
5,1,lr1e-05_bs32_modL1_fusion32_fusionL1_fusionBN0_drop0p1__wd1e-04trmiss40_trlocglobal,32,1e-05,0.0001,1,32,1,False,0.1,lr1e-05_bs32_modL1_fusion32_fusionL1_fusionBN0_drop0p1__wd1e-04trmiss40_trlocglobal,14,0.6601711809635162,0.7000337541103363,0.4841897233201581,0.4905495409393417,0.4666666666666667,0.0,0.0,0.0,0.0,0.0,0.0,0.0,0.0,0.0,,,,,18473,global,0.4
5,1,lr1e-05_bs32_modL1_fusion32_fusionL1_fusionBN0_drop0p1__wd1e-04trmiss40_trlocglobal,32,1e-05,0.0001,1,32,1,False,0.1,lr1e-05_bs32_modL1_fusion32_fusionL1_fusionBN0_drop0p1__wd1e-04trmiss40_trlocglobal,15,0.6534188191095988,0.6996735334396362,0.4861660079051383,0.4905864634604859,0.4666666666666667,0.0,0.0,0.0,0.0,0.0,0.0,0.0,0.0,0.0,,,,,18473,global,0.4
5,1,lr1e-05_bs32_modL1_fusion32_fusionL1_fusionBN0_drop0p1__wd1e-04trmiss40_trlocglobal,32,1e-05,0.0001,1,32,1,False,0.1,lr1e-05_bs32_modL1_fusion32_fusionL1_fusionBN0_drop0p1__wd1e-04trmiss40_trlocglobal,16,0.6613638401031494,0.6989566385746002,0.4841897233201581,0.4902390151558588,0.4888888888888889,0.0,0.0,0.0,0.0,0.0,0.0,0.0,0.0,0.0,,,,,18473,global,0.4
5,1,lr1e-05_bs32_modL1_fusion32_fusionL1_fusionBN0_drop0p1__wd1e-04trmiss40_trlocglobal,32,1e-05,0.0001,1,32,1,False,0.1,lr1e-05_bs32_modL1_fusion32_fusionL1_fusionBN0_drop0p1__wd1e-04trmiss40_trlocglobal,17,0.66127148270607,0.6988934278488159,0.48023715415019763,0.48581623329442786,0.4444444444444444,0.0,0.0,0.0,0.0,0.0,0.0,0.0,0.0,0.0,,,,,18473,global,0.4
5,1,lr1e-05_bs32_modL1_fusion32_fusionL1_fusionBN0_drop0p1__wd1e-04trmiss40_trlocglobal,32,1e-05,0.0001,1,32,1,False,0.1,lr1e-05_bs32_modL1_fusion32_fusionL1_fusionBN0_drop0p1__wd1e-04trmiss40_trlocglobal,18,0.6541146437327067,0.6984582841396332,0.4822134387351779,0.48765400495863714,0.4666666666666667,0.0,0.0,0.0,0.0,0.0,0.0,0.0,0.0,0.0,,,,,18473,global,0.4
5,1,lr1e-05_bs32_modL1_fusion32_fusionL1_fusionBN0_drop0p1__wd1e-04trmiss40_trlocglobal,32,1e-05,0.0001,1,32,1,False,0.1,lr1e-05_bs32_modL1_fusion32_fusionL1_fusionBN0_drop0p1__wd1e-04trmiss40_trlocglobal,19,0.6532309850056967,0.6985262632369995,0.4822134387351779,0.48817702973657073,0.4444444444444444,0.0,0.0,0.0,0.0,0.0,0.0,0.0,0.0,0.0,,,,,18473,global,0.4
5,1,lr1e-05_bs32_modL1_fusion32_fusionL1_fusionBN0_drop0p1__wd1e-04trmiss40_trlocglobal,32,1e-05,0.0001,1,32,1,False,0.1,lr1e-05_bs32_modL1_fusion32_fusionL1_fusionBN0_drop0p1__wd1e-04trmiss40_trlocglobal,20,0.6551850636800131,0.6981272995471954,0.49209486166007904,0.49215049070226247,0.4666666666666667,0.0,0.0,0.0,0.0,0.0,0.0,0.0,0.0,0.0,,,,,18473,global,0.4
5,1,lr1e-05_bs32_modL1_fusion32_fusionL1_fusionBN0_drop0p1__wd1e-04trmiss40_trlocglobal,32,1e-05,0.0001,1,32,1,False,0.1,lr1e-05_bs32_modL1_fusion32_fusionL1_fusionBN0_drop0p1__wd1e-04trmiss40_trlocglobal,21,0.6487640142440796,0.6981882154941559,0.49011857707509887,0.49162003283547584,0.4666666666666667,0.0,0.0,0.0,0.0,0.0,0.0,0.0,0.0,0.0,,,,,18473,global,0.4
5,1,lr1e-05_bs32_modL1_fusion32_fusionL1_fusionBN0_drop0p1__wd1e-04trmiss40_trlocglobal,32,1e-05,0.0001,1,32,1,False,0.1,lr1e-05_bs32_modL1_fusion32_fusionL1_fusionBN0_drop0p1__wd1e-04trmiss40_trlocglobal,22,0.6492431263128916,0.698279082775116,0.49011857707509887,0.49162003283547584,0.4444444444444444,0.0,0.0,0.0,0.0,0.0,0.0,0.0,0.0,0.0,,,,,18473,global,0.4
5,1,lr1e-05_bs32_modL1_fusion32_fusionL1_fusionBN0_drop0p1__wd1e-04trmiss40_trlocglobal,32,1e-05,0.0001,1,32,1,False,0.1,lr1e-05_bs32_modL1_fusion32_fusionL1_fusionBN0_drop0p1__wd1e-04trmiss40_trlocglobal,23,0.6540015339851379,0.6974570751190186,0.4920948616600791,0.4923651239995712,0.4444444444444444,0.0,0.0,0.0,0.0,0.0,0.0,0.0,0.0,0.0,,,,,18473,global,0.4
5,1,lr1e-05_bs32_modL1_fusion32_fusionL1_fusionBN0_drop0p1__wd1e-04trmiss40_trlocglobal,32,1e-05,0.0001,1,32,1,False,0.1,lr1e-05_bs32_modL1_fusion32_fusionL1_fusionBN0_drop0p1__wd1e-04trmiss40_trlocglobal,24,0.6459852854410807,0.6968808174133301,0.5,0.4973640691199997,0.4666666666666667,0.0,0.0,0.0,0.0,0.0,0.0,0.0,0.0,0.0,,,,,18473,global,0.4
5,1,lr1e-05_bs32_modL1_fusion32_fusionL1_fusionBN0_drop0p1__wd1e-04trmiss40_trlocglobal,32,1e-05,0.0001,1,32,1,False,0.1,lr1e-05_bs32_modL1_fusion32_fusionL1_fusionBN0_drop0p1__wd1e-04trmiss40_trlocglobal,25,0.6408398350079855,0.6959320604801178,0.5098814229249012,0.502687369008517,0.4666666666666667,0.0,0.0,0.0,0.0,0.0,0.0,0.0,0.0,0.0,,,,,18473,global,0.4
5,1,lr1e-05_bs32_modL1_fusion32_fusionL1_fusionBN0_drop0p1__wd1e-04trmiss40_trlocglobal,32,1e-05,0.0001,1,32,1,False,0.1,lr1e-05_bs32_modL1_fusion32_fusionL1_fusionBN0_drop0p1__wd1e-04trmiss40_trlocglobal,26,0.6445900201797485,0.6962164342403412,0.5059288537549407,0.4997659048394157,0.4666666666666667,0.0,0.0,0.0,0.0,0.0,0.0,0.0,0.0,0.0,,,,,18473,global,0.4
5,1,lr1e-05_bs32_modL1_fusion32_fusionL1_fusionBN0_drop0p1__wd1e-04trmiss40_trlocglobal,32,1e-05,0.0001,1,32,1,False,0.1,lr1e-05_bs32_modL1_fusion32_fusionL1_fusionBN0_drop0p1__wd1e-04trmiss40_trlocglobal,27,0.6519068578879038,0.6966573894023895,0.5039525691699605,0.4988436386997583,0.4666666666666667,0.0,0.0,0.0,0.0,0.0,0.0,0.0,0.0,0.0,,,,,18473,global,0.4
5,1,lr1e-05_bs32_modL1_fusion32_fusionL1_fusionBN0_drop0p1__wd1e-04trmiss40_trlocglobal,32,1e-05,0.0001,1,32,1,False,0.1,lr1e-05_bs32_modL1_fusion32_fusionL1_fusionBN0_drop0p1__wd1e-04trmiss40_trlocglobal,28,0.6444327632586161,0.6970135569572449,0.4980237154150197,0.49457848064603077,0.4666666666666667,0.0,0.0,0.0,0.0,0.0,0.0,0.0,0.0,0.0,,,,,18473,global,0.4
5,1,lr1e-05_bs32_modL1_fusion32_fusionL1_fusionBN0_drop0p1__wd1e-04trmiss40_trlocglobal,32,1e-05,0.0001,1,32,1,False,0.1,lr1e-05_bs32_modL1_fusion32_fusionL1_fusionBN0_drop0p1__wd1e-04trmiss40_trlocglobal,29,0.6456915537516276,0.6968654692173004,0.5,0.49559817135246026,0.4666666666666667,0.0,0.0,0.0,0.0,0.0,0.0,0.0,0.0,0.0,,,,,18473,global,0.4
5,1,lr1e-05_bs32_modL1_fusion32_fusionL1_fusionBN0_drop0p1__wd1e-04trmiss40_trlocglobal,32,1e-05,0.0001,1,32,1,False,0.1,lr1e-05_bs32_modL1_fusion32_fusionL1_fusionBN0_drop0p1__wd1e-04trmiss40_trlocglobal,30,0.6415249407291412,0.696375161409378,0.5059288537549407,0.500695972102435,0.4666666666666667,0.0,0.0,0.0,0.0,0.0,0.0,0.0,0.0,0.0,,,,,18473,global,0.4
5,1,lr1e-05_bs32_modL1_fusion32_fusionL1_fusionBN0_drop0p1__wd1e-04trmiss40_trlocglobal,32,1e-05,0.0001,1,32,1,False,0.1,lr1e-05_bs32_modL1_fusion32_fusionL1_fusionBN0_drop0p1__wd1e-04trmiss40_trlocglobal,31,0.6350521544615427,0.695781946182251,0.5039525691699605,0.49829773690149354,0.4666666666666667,0.0,0.0,0.0,0.0,0.0,0.0,0.0,0.0,0.0,,,,,18473,global,0.4
5,1,lr1e-05_bs32_modL1_fusion32_fusionL1_fusionBN0_drop0p1__wd1e-04trmiss40_trlocglobal,32,1e-05,0.0001,1,32,1,False,0.1,lr1e-05_bs32_modL1_fusion32_fusionL1_fusionBN0_drop0p1__wd1e-04trmiss40_trlocglobal,32,0.6375641723473867,0.6955070793628693,0.5118577075098814,0.503786611955586,0.4666666666666667,0.0,0.0,0.0,0.0,0.0,0.0,0.0,0.0,0.0,,,,,18473,global,0.4
5,1,lr1e-05_bs32_modL1_fusion32_fusionL1_fusionBN0_drop0p1__wd1e-04trmiss40_trlocglobal,32,1e-05,0.0001,1,32,1,False,0.1,lr1e-05_bs32_modL1_fusion32_fusionL1_fusionBN0_drop0p1__wd1e-04trmiss40_trlocglobal,33,0.6412369509538015,0.6959271728992462,0.5079051383399209,0.5004982908182947,0.4666666666666667,0.0,0.0,0.0,0.0,0.0,0.0,0.0,0.0,0.0,,,,,18473,global,0.4
5,1,lr1e-05_bs32_modL1_fusion32_fusionL1_fusionBN0_drop0p1__wd1e-04trmiss40_trlocglobal,32,1e-05,0.0001,1,32,1,False,0.1,lr1e-05_bs32_modL1_fusion32_fusionL1_fusionBN0_drop0p1__wd1e-04trmiss40_trlocglobal,34,0.6419349412123362,0.6958995759487152,0.5158102766798419,0.503606305294898,0.4444444444444444,0.0,0.0,0.0,0.0,0.0,0.0,0.0,0.0,0.0,,,,,18473,global,0.4
5,1,lr1e-05_bs32_modL1_fusion32_fusionL1_fusionBN0_drop0p1__wd1e-04trmiss40_trlocglobal,32,1e-05,0.0001,1,32,1,False,0.1,lr1e-05_bs32_modL1_fusion32_fusionL1_fusionBN0_drop0p1__wd1e-04trmiss40_trlocglobal,35,0.6294656892617544,0.6954045593738556,0.5158102766798419,0.503959591431937,0.4888888888888889,0.0,0.0,0.0,0.0,0.0,0.0,0.0,0.0,0.0,,,,,18473,global,0.4
5,1,lr1e-05_bs32_modL1_fusion32_fusionL1_fusionBN0_drop0p1__wd1e-04trmiss40_trlocglobal,32,1e-05,0.0001,1,32,1,False,0.1,lr1e-05_bs32_modL1_fusion32_fusionL1_fusionBN0_drop0p1__wd1e-04trmiss40_trlocglobal,36,0.6401824951171875,0.6952428817749023,0.5217391304347826,0.5073136286990179,0.4666666666666667,0.0,0.0,0.0,0.0,0.0,0.0,0.0,0.0,0.0,,,,,18473,global,0.4
5,1,lr1e-05_bs32_modL1_fusion32_fusionL1_fusionBN0_drop0p1__wd1e-04trmiss40_trlocglobal,32,1e-05,0.0001,1,32,1,False,0.1,lr1e-05_bs32_modL1_fusion32_fusionL1_fusionBN0_drop0p1__wd1e-04trmiss40_trlocglobal,37,0.6324542959531149,0.6953028738498688,0.5197628458498024,0.5056987218667197,0.4666666666666667,0.0,0.0,0.0,0.0,0.0,0.0,0.0,0.0,0.0,,,,,18473,global,0.4
5,1,lr1e-05_bs32_modL1_fusion32_fusionL1_fusionBN0_drop0p1__wd1e-04trmiss40_trlocglobal,32,1e-05,0.0001,1,32,1,False,0.1,lr1e-05_bs32_modL1_fusion32_fusionL1_fusionBN0_drop0p1__wd1e-04trmiss40_trlocglobal,38,0.6321434080600739,0.6955933570861816,0.5237154150197629,0.5074578655981635,0.4888888888888889,0.0,0.0,0.0,0.0,0.0,0.0,0.0,0.0,0.0,,,,,18473,global,0.4
5,1,lr1e-05_bs32_modL1_fusion32_fusionL1_fusionBN0_drop0p1__wd1e-04trmiss40_trlocglobal,32,1e-05,0.0001,1,32,1,False,0.1,lr1e-05_bs32_modL1_fusion32_fusionL1_fusionBN0_drop0p1__wd1e-04trmiss40_trlocglobal,39,0.6321273843447367,0.6953572332859039,0.5237154150197629,0.5074578655981635,0.4666666666666667,0.0,0.0,0.0,0.0,0.0,0.0,0.0,0.0,0.0,,,,,18473,global,0.4
5,1,lr1e-05_bs32_modL1_fusion32_fusionL1_fusionBN0_drop0p1__wd1e-04trmiss40_trlocglobal,32,1e-05,0.0001,1,32,1,False,0.1,lr1e-05_bs32_modL1_fusion32_fusionL1_fusionBN0_drop0p1__wd1e-04trmiss40_trlocglobal,40,0.630176325639089,0.6952563226222992,0.525691699604743,0.5085188218310105,0.4666666666666667,0.0,0.0,0.0,0.0,0.0,0.0,0.0,0.0,0.0,,,,,18473,global,0.4
5,1,lr1e-05_bs32_modL1_fusion32_fusionL1_fusionBN0_drop0p1__wd1e-04trmiss40_trlocglobal,32,1e-05,0.0001,1,32,1,False,0.1,lr1e-05_bs32_modL1_fusion32_fusionL1_fusionBN0_drop0p1__wd1e-04trmiss40_trlocglobal,41,0.6306796967983246,0.6951862573623657,0.5217391304347827,0.5070955467575838,0.4888888888888889,0.0,0.0,0.0,0.0,0.0,0.0,0.0,0.0,0.0,,,,,18473,global,0.4
5,1,lr1e-05_bs32_modL1_fusion32_fusionL1_fusionBN0_drop0p1__wd1e-04trmiss40_trlocglobal,32,1e-05,0.0001,1,32,1,False,0.1,lr1e-05_bs32_modL1_fusion32_fusionL1_fusionBN0_drop0p1__wd1e-04trmiss40_trlocglobal,42,0.6276032229264578,0.6954942047595978,0.5158102766798419,0.5059040175487814,0.4666666666666667,0.0,0.0,0.0,0.0,0.0,0.0,0.0,0.0,0.0,,,,,18473,global,0.4
5,1,lr1e-05_bs32_modL1_fusion32_fusionL1_fusionBN0_drop0p1__wd1e-04trmiss40_trlocglobal,32,1e-05,0.0001,1,32,1,False,0.1,lr1e-05_bs32_modL1_fusion32_fusionL1_fusionBN0_drop0p1__wd1e-04trmiss40_trlocglobal,43,0.6279728412628174,0.6954980194568634,0.5217391304347826,0.5081370989156829,0.4888888888888889,0.0,0.0,0.0,0.0,0.0,0.0,0.0,0.0,0.0,,,,,18473,global,0.4
5,1,lr1e-05_bs32_modL1_fusion32_fusionL1_fusionBN0_drop0p1__wd1e-04trmiss40_trlocglobal,32,1e-05,0.0001,1,32,1,False,0.1,lr1e-05_bs32_modL1_fusion32_fusionL1_fusionBN0_drop0p1__wd1e-04trmiss40_trlocglobal,44,0.6319006284077963,0.6956296265125275,0.5197628458498024,0.5081013060013293,0.5111111111111111,0.0,0.0,0.0,0.0,0.0,0.0,0.0,0.0,0.0,,,,,18473,global,0.4
5,1,lr1e-05_bs32_modL1_fusion32_fusionL1_fusionBN0_drop0p1__wd1e-04trmiss40_trlocglobal,32,1e-05,0.0001,1,32,1,False,0.1,lr1e-05_bs32_modL1_fusion32_fusionL1_fusionBN0_drop0p1__wd1e-04trmiss40_trlocglobal,45,0.6280096272627512,0.6947708129882812,0.525691699604743,0.5123839621950067,0.4888888888888889,0.0,0.0,0.0,0.0,0.0,0.0,0.0,0.0,0.0,,,,,18473,global,0.4
5,1,lr1e-05_bs32_modL1_fusion32_fusionL1_fusionBN0_drop0p1__wd1e-04trmiss40_trlocglobal,32,1e-05,0.0001,1,32,1,False,0.1,lr1e-05_bs32_modL1_fusion32_fusionL1_fusionBN0_drop0p1__wd1e-04trmiss40_trlocglobal,46,0.6351727545261383,0.6947435736656189,0.525691699604743,0.5115788092159407,0.4888888888888889,0.0,0.0,0.0,0.0,0.0,0.0,0.0,0.0,0.0,,,,,18473,global,0.4
5,1,lr1e-05_bs32_modL1_fusion32_fusionL1_fusionBN0_drop0p1__wd1e-04trmiss40_trlocglobal,32,1e-05,0.0001,1,32,1,False,0.1,lr1e-05_bs32_modL1_fusion32_fusionL1_fusionBN0_drop0p1__wd1e-04trmiss40_trlocglobal,47,0.6214477022488912,0.693975031375885,0.5276679841897234,0.5130280845782595,0.4888888888888889,0.0,0.0,0.0,0.0,0.0,0.0,0.0,0.0,0.0,,,,,18473,global,0.4
5,1,lr1e-05_bs32_modL1_fusion32_fusionL1_fusionBN0_drop0p1__wd1e-04trmiss40_trlocglobal,32,1e-05,0.0001,1,32,1,False,0.1,lr1e-05_bs32_modL1_fusion32_fusionL1_fusionBN0_drop0p1__wd1e-04trmiss40_trlocglobal,48,0.6235569020112356,0.6941474974155426,0.5276679841897234,0.5138332375573256,0.4888888888888889,0.0,0.0,0.0,0.0,0.0,0.0,0.0,0.0,0.0,,,,,18473,global,0.4
5,1,lr1e-05_bs32_modL1_fusion32_fusionL1_fusionBN0_drop0p1__wd1e-04trmiss40_trlocglobal,32,1e-05,0.0001,1,32,1,False,0.1,lr1e-05_bs32_modL1_fusion32_fusionL1_fusionBN0_drop0p1__wd1e-04trmiss40_trlocglobal,49,0.6257550617059072,0.694269984960556,0.5296442687747036,0.5145783287214208,0.5111111111111111,0.0,0.0,0.0,0.0,0.0,0.0,0.0,0.0,0.0,,,,,18473,global,0.4
5,1,lr1e-05_bs32_modL1_fusion32_fusionL1_fusionBN0_drop0p1__wd1e-04trmiss40_trlocglobal,32,1e-05,0.0001,1,32,1,False,0.1,lr1e-05_bs32_modL1_fusion32_fusionL1_fusionBN0_drop0p1__wd1e-04trmiss40_trlocglobal,50,0.6245432992776235,0.6941938996315002,0.5335968379446641,0.5185871984053478,0.4888888888888889,0.0,0.0,0.0,0.0,0.0,0.0,0.0,0.0,0.0,,,,,18473,global,0.4
5,1,lr1e-05_bs32_modL1_fusion32_fusionL1_fusionBN0_drop0p1__wd1e-04trmiss40_trlocglobal,32,1e-05,0.0001,1,32,1,False,0.1,lr1e-05_bs32_modL1_fusion32_fusionL1_fusionBN0_drop0p1__wd1e-04trmiss40_trlocglobal,51,0.6239440441131592,0.6940839290618896,0.5296442687747036,0.5179256003453405,0.4888888888888889,0.0,0.0,0.0,0.0,0.0,0.0,0.0,0.0,0.0,,,,,18473,global,0.4
5,1,lr1e-05_bs32_modL1_fusion32_fusionL1_fusionBN0_drop0p1__wd1e-04trmiss40_trlocglobal,32,1e-05,0.0001,1,32,1,False,0.1,lr1e-05_bs32_modL1_fusion32_fusionL1_fusionBN0_drop0p1__wd1e-04trmiss40_trlocglobal,52,0.6301773289839426,0.6943923532962799,0.5256916996047432,0.5163080220377201,0.5111111111111111,0.0,0.0,0.0,0.0,0.0,0.0,0.0,0.0,0.0,,,,,18473,global,0.4
5,1,lr1e-05_bs32_modL1_fusion32_fusionL1_fusionBN0_drop0p1__wd1e-04trmiss40_trlocglobal,32,1e-05,0.0001,1,32,1,False,0.1,lr1e-05_bs32_modL1_fusion32_fusionL1_fusionBN0_drop0p1__wd1e-04trmiss40_trlocglobal,53,0.6254203716913859,0.6940268576145172,0.5276679841897234,0.5148200102832287,0.5111111111111111,0.0,0.0,0.0,0.0,0.0,0.0,0.0,0.0,0.0,,,,,18473,global,0.4
5,1,lr1e-05_bs32_modL1_fusion32_fusionL1_fusionBN0_drop0p1__wd1e-04trmiss40_trlocglobal,32,1e-05,0.0001,1,32,1,False,0.1,lr1e-05_bs32_modL1_fusion32_fusionL1_fusionBN0_drop0p1__wd1e-04trmiss40_trlocglobal,54,0.6267779469490051,0.6940984427928925,0.5296442687747036,0.5148775212103048,0.4888888888888889,0.0,0.0,0.0,0.0,0.0,0.0,0.0,0.0,0.0,,,,,18473,global,0.4
5,1,lr1e-05_bs32_modL1_fusion32_fusionL1_fusionBN0_drop0p1__wd1e-04trmiss40_trlocglobal,32,1e-05,0.0001,1,32,1,False,0.1,lr1e-05_bs32_modL1_fusion32_fusionL1_fusionBN0_drop0p1__wd1e-04trmiss40_trlocglobal,55,0.6268494526545206,0.6943648457527161,0.5296442687747036,0.5148775212103048,0.4888888888888889,0.0,0.0,0.0,0.0,0.0,0.0,0.0,0.0,0.0,,,,,18473,global,0.4
5,1,lr1e-05_bs32_modL1_fusion32_fusionL1_fusionBN0_drop0p1__wd1e-04trmiss40_trlocglobal,32,1e-05,0.0001,1,32,1,False,0.1,lr1e-05_bs32_modL1_fusion32_fusionL1_fusionBN0_drop0p1__wd1e-04trmiss40_trlocglobal,56,0.6247271200021108,0.6944911777973175,0.5276679841897234,0.5171775872551114,0.5111111111111111,0.0,0.0,0.0,0.0,0.0,0.0,0.0,0.0,0.0,,,,,18473,global,0.4
5,1,lr1e-05_bs32_modL1_fusion32_fusionL1_fusionBN0_drop0p1__wd1e-04trmiss40_trlocglobal,32,1e-05,0.0001,1,32,1,False,0.1,lr1e-05_bs32_modL1_fusion32_fusionL1_fusionBN0_drop0p1__wd1e-04trmiss40_trlocglobal,57,0.6203863024711609,0.6944784820079803,0.5316205533596838,0.5187926881689501,0.5111111111111111,0.0,0.0,0.0,0.0,0.0,0.0,0.0,0.0,0.0,,,,,18473,global,0.4
5,1,lr1e-05_bs32_modL1_fusion32_fusionL1_fusionBN0_drop0p1__wd1e-04trmiss40_trlocglobal,32,1e-05,0.0001,1,32,1,False,0.1,lr1e-05_bs32_modL1_fusion32_fusionL1_fusionBN0_drop0p1__wd1e-04trmiss40_trlocglobal,58,0.6240791281064352,0.6944726407527924,0.5335968379446641,0.518773972047499,0.4888888888888889,0.0,0.0,0.0,0.0,0.0,0.0,0.0,0.0,0.0,,,,,18473,global,0.4
5,1,lr1e-05_bs32_modL1_fusion32_fusionL1_fusionBN0_drop0p1__wd1e-04trmiss40_trlocglobal,32,1e-05,0.0001,1,32,1,False,0.1,lr1e-05_bs32_modL1_fusion32_fusionL1_fusionBN0_drop0p1__wd1e-04trmiss40_trlocglobal,59,0.6193413138389587,0.6941497027873993,0.541501976284585,0.5226802754242285,0.4888888888888889,0.0,0.0,0.0,0.0,0.0,0.0,0.0,0.0,0.0,,,,,18473,global,0.4
5,1,lr1e-05_bs32_modL1_fusion32_fusionL1_fusionBN0_drop0p1__wd1e-04trmiss40_trlocglobal,32,1e-05,0.0001,1,32,1,False,0.1,lr1e-05_bs32_modL1_fusion32_fusionL1_fusionBN0_drop0p1__wd1e-04trmiss40_trlocglobal,60,0.6217035750548044,0.694193959236145,0.5375494071146245,0.5212000434390877,0.4888888888888889,0.0,0.0,0.0,0.0,0.0,0.0,0.0,0.0,0.0,,,,,18473,global,0.4
5,1,lr1e-05_bs32_modL1_fusion32_fusionL1_fusionBN0_drop0p1__wd1e-04trmiss40_trlocglobal,32,1e-05,0.0001,1,32,1,False,0.1,lr1e-05_bs32_modL1_fusion32_fusionL1_fusionBN0_drop0p1__wd1e-04trmiss40_trlocglobal,61,0.620061844587326,0.6945134997367859,0.5316205533596838,0.5187252005452405,0.4888888888888889,0.0,0.0,0.0,0.0,0.0,0.0,0.0,0.0,0.0,,,,,18473,global,0.4
5,1,lr1e-05_bs32_modL1_fusion32_fusionL1_fusionBN0_drop0p1__wd1e-04trmiss40_trlocglobal,32,1e-05,0.0001,1,32,1,False,0.1,lr1e-05_bs32_modL1_fusion32_fusionL1_fusionBN0_drop0p1__wd1e-04trmiss40_trlocglobal,62,0.6259594857692719,0.6937905251979828,0.5296442687747036,0.5150374229444195,0.4666666666666667,0.0,0.0,0.0,0.0,0.0,0.0,0.0,0.0,0.0,,,,,18473,global,0.4
5,1,lr1e-05_bs32_modL1_fusion32_fusionL1_fusionBN0_drop0p1__wd1e-04trmiss40_trlocglobal,32,1e-05,0.0001,1,32,1,False,0.1,lr1e-05_bs32_modL1_fusion32_fusionL1_fusionBN0_drop0p1__wd1e-04trmiss40_trlocglobal,63,0.6257349749406179,0.6935264468193054,0.5355731225296443,0.5197507680767688,0.4888888888888889,0.0,0.0,0.0,0.0,0.0,0.0,0.0,0.0,0.0,,,,,18473,global,0.4
5,1,lr1e-05_bs32_modL1_fusion32_fusionL1_fusionBN0_drop0p1__wd1e-04trmiss40_trlocglobal,32,1e-05,0.0001,1,32,1,False,0.1,lr1e-05_bs32_modL1_fusion32_fusionL1_fusionBN0_drop0p1__wd1e-04trmiss40_trlocglobal,64,0.6159139176209768,0.6939709484577179,0.5355731225296443,0.5179728961902013,0.4888888888888889,0.0,0.0,0.0,0.0,0.0,0.0,0.0,0.0,0.0,,,,,18473,global,0.4
5,1,lr1e-05_bs32_modL1_fusion32_fusionL1_fusionBN0_drop0p1__wd1e-04trmiss40_trlocglobal,32,1e-05,0.0001,1,32,1,False,0.1,lr1e-05_bs32_modL1_fusion32_fusionL1_fusionBN0_drop0p1__wd1e-04trmiss40_trlocglobal,65,0.6152507464090983,0.6938560009002686,0.5355731225296443,0.5196922745962363,0.4888888888888889,0.0,0.0,0.0,0.0,0.0,0.0,0.0,0.0,0.0,,,,,18473,global,0.4
5,1,lr1e-05_bs32_modL1_fusion32_fusionL1_fusionBN0_drop0p1__wd1e-04trmiss40_trlocglobal,32,1e-05,0.0001,1,32,1,False,0.1,lr1e-05_bs32_modL1_fusion32_fusionL1_fusionBN0_drop0p1__wd1e-04trmiss40_trlocglobal,66,0.620218445857366,0.6942196488380432,0.5316205533596838,0.5157825141085148,0.4888888888888889,0.0,0.0,0.0,0.0,0.0,0.0,0.0,0.0,0.0,,,,,18473,global,0.4
5,1,lr1e-05_bs32_modL1_fusion32_fusionL1_fusionBN0_drop0p1__wd1e-04trmiss40_trlocglobal,32,1e-05,0.0001,1,32,1,False,0.1,lr1e-05_bs32_modL1_fusion32_fusionL1_fusionBN0_drop0p1__wd1e-04trmiss40_trlocglobal,67,0.6253419617811838,0.694182276725769,0.5335968379446641,0.5199368529286754,0.4888888888888889,0.0,0.0,0.0,0.0,0.0,0.0,0.0,0.0,0.0,,,,,18473,global,0.4
5,1,lr1e-05_bs32_modL1_fusion32_fusionL1_fusionBN0_drop0p1__wd1e-04trmiss40_trlocglobal,32,1e-05,0.0001,1,32,1,False,0.1,lr1e-05_bs32_modL1_fusion32_fusionL1_fusionBN0_drop0p1__wd1e-04trmiss40_trlocglobal,68,0.6191610793272654,0.6942223310470581,0.5335968379446641,0.518301534647144,0.4888888888888889,0.0,0.0,0.0,0.0,0.0,0.0,0.0,0.0,0.0,,,,,18473,global,0.4
5,1,lr1e-05_bs32_modL1_fusion32_fusionL1_fusionBN0_drop0p1__wd1e-04trmiss40_trlocglobal,32,1e-05,0.0001,1,32,1,False,0.1,lr1e-05_bs32_modL1_fusion32_fusionL1_fusionBN0_drop0p1__wd1e-04trmiss40_trlocglobal,69,0.6230790019035339,0.6941144466400146,0.5316205533596838,0.5181430130065313,0.4888888888888889,0.0,0.0,0.0,0.0,0.0,0.0,0.0,0.0,0.0,,,,,18473,global,0.4
5,1,lr1e-05_bs32_modL1_fusion32_fusionL1_fusionBN0_drop0p1__wd1e-04trmiss40_trlocglobal,32,1e-05,0.0001,1,32,1,False,0.1,lr1e-05_bs32_modL1_fusion32_fusionL1_fusionBN0_drop0p1__wd1e-04trmiss40_trlocglobal,70,0.616590271393458,0.6941702961921692,0.5316205533596838,0.5175719758752236,0.4888888888888889,0.0,0.0,0.0,0.0,0.0,0.0,0.0,0.0,0.0,,,,,18473,global,0.4
5,1,lr1e-05_bs32_modL1_fusion32_fusionL1_fusionBN0_drop0p1__wd1e-04trmiss40_trlocglobal,32,1e-05,0.0001,1,32,1,False,0.1,lr1e-05_bs32_modL1_fusion32_fusionL1_fusionBN0_drop0p1__wd1e-04trmiss40_trlocglobal,71,0.6182712316513062,0.6941750943660736,0.5335968379446641,0.5188881041706267,0.4888888888888889,0.0,0.0,0.0,0.0,0.0,0.0,0.0,0.0,0.0,,,,,18473,global,0.4
5,1,lr1e-05_bs32_modL1_fusion32_fusionL1_fusionBN0_drop0p1__wd1e-04trmiss40_trlocglobal,32,1e-05,0.0001,1,32,1,False,0.1,lr1e-05_bs32_modL1_fusion32_fusionL1_fusionBN0_drop0p1__wd1e-04trmiss40_trlocglobal,72,0.6171811521053314,0.6944498717784882,0.5316205533596838,0.5180559843453718,0.4888888888888889,0.0,0.0,0.0,0.0,0.0,0.0,0.0,0.0,0.0,,,,,18473,global,0.4
5,1,lr1e-05_bs32_modL1_fusion32_fusionL1_fusionBN0_drop0p1__wd1e-04trmiss40_trlocglobal,32,1e-05,0.0001,1,32,1,False,0.1,lr1e-05_bs32_modL1_fusion32_fusionL1_fusionBN0_drop0p1__wd1e-04trmiss40_trlocglobal,73,0.6233800748984019,0.6942993402481079,0.5355731225296443,0.5239311775551586,0.4888888888888889,0.0,0.0,0.0,0.0,0.0,0.0,0.0,0.0,0.0,,,,,18473,global,0.4
5,1,lr1e-05_bs32_modL1_fusion32_fusionL1_fusionBN0_drop0p1__wd1e-04trmiss40_trlocglobal,32,1e-05,0.0001,1,32,1,False,0.1,lr1e-05_bs32_modL1_fusion32_fusionL1_fusionBN0_drop0p1__wd1e-04trmiss40_trlocglobal,74,0.6148201624552408,0.6941929459571838,0.5355731225296443,0.52472934133199,0.5111111111111111,0.0,0.0,0.0,0.0,0.0,0.0,0.0,0.0,0.0,,,,,18473,global,0.4
5,1,lr1e-05_bs32_modL1_fusion32_fusionL1_fusionBN0_drop0p1__wd1e-04trmiss40_trlocglobal,32,1e-05,0.0001,1,32,1,False,0.1,lr1e-05_bs32_modL1_fusion32_fusionL1_fusionBN0_drop0p1__wd1e-04trmiss40_trlocglobal,75,0.6162090996901194,0.6938447952270508,0.5355731225296443,0.52335350299963,0.4888888888888889,0.0,0.0,0.0,0.0,0.0,0.0,0.0,0.0,0.0,,,,,18473,global,0.4
5,1,lr1e-05_bs32_modL1_fusion32_fusionL1_fusionBN0_drop0p1__wd1e-04trmiss40_trlocglobal,32,1e-05,0.0001,1,32,1,False,0.1,lr1e-05_bs32_modL1_fusion32_fusionL1_fusionBN0_drop0p1__wd1e-04trmiss40_trlocglobal,76,0.6212301949659983,0.6936858594417572,0.541501976284585,0.5295905850104073,0.4666666666666667,0.0,0.0,0.0,0.0,0.0,0.0,0.0,0.0,0.0,,,,,18473,global,0.4
5,1,lr1e-05_bs32_modL1_fusion32_fusionL1_fusionBN0_drop0p1__wd1e-04trmiss40_trlocglobal,32,1e-05,0.0001,1,32,1,False,0.1,lr1e-05_bs32_modL1_fusion32_fusionL1_fusionBN0_drop0p1__wd1e-04trmiss40_trlocglobal,77,0.6208540995915731,0.6938893496990204,0.5316205533596838,0.5207640892550076,0.4888888888888889,0.0,0.0,0.0,0.0,0.0,0.0,0.0,0.0,0.0,,,,,18473,global,0.4
5,1,lr1e-05_bs32_modL1_fusion32_fusionL1_fusionBN0_drop0p1__wd1e-04trmiss40_trlocglobal,32,1e-05,0.0001,1,32,1,False,0.1,lr1e-05_bs32_modL1_fusion32_fusionL1_fusionBN0_drop0p1__wd1e-04trmiss40_trlocglobal,78,0.6212563117345175,0.6936765909194946,0.5355731225296443,0.5236350038532133,0.4888888888888889,0.0,0.0,0.0,0.0,0.0,0.0,0.0,0.0,0.0,,,,,18473,global,0.4
5,1,lr1e-05_bs32_modL1_fusion32_fusionL1_fusionBN0_drop0p1__wd1e-04trmiss40_trlocglobal,32,1e-05,0.0001,1,32,1,False,0.1,lr1e-05_bs32_modL1_fusion32_fusionL1_fusionBN0_drop0p1__wd1e-04trmiss40_trlocglobal,79,0.614029735326767,0.6936302185058594,0.5375494071146245,0.5208949328364942,0.4888888888888889,0.0,0.0,0.0,0.0,0.0,0.0,0.0,0.0,0.0,,,,,18473,global,0.4
5,1,lr1e-05_bs32_modL1_fusion32_fusionL1_fusionBN0_drop0p1__wd1e-04trmiss40_trlocglobal,32,1e-05,0.0001,1,32,1,False,0.1,lr1e-05_bs32_modL1_fusion32_fusionL1_fusionBN0_drop0p1__wd1e-04trmiss40_trlocglobal,80,0.6157403687636057,0.6936518251895905,0.541501976284585,0.5224927540557548,0.4888888888888889,0.0,0.0,0.0,0.0,0.0,0.0,0.0,0.0,0.0,,,,,18473,global,0.4
5,2,lr1e-04_bs32_modL1_fusion16_fusionL1_fusionBN0_drop0p2__wd1e-04trmiss40_trlocglobal,32,0.0001,0.0001,1,16,1,False,0.2,lr1e-04_bs32_modL1_fusion16_fusionL1_fusionBN0_drop0p2__wd1e-04trmiss40_trlocglobal,1,0.6938753922780355,0.6926020085811615,0.575098814229249,0.6502190063034363,0.5111111111111111,0.0,0.0,0.0,0.0,0.0,0.0,0.0,0.0,0.0,,,,,18473,global,0.4
5,2,lr1e-04_bs32_modL1_fusion16_fusionL1_fusionBN0_drop0p2__wd1e-04trmiss40_trlocglobal,32,0.0001,0.0001,1,16,1,False,0.2,lr1e-04_bs32_modL1_fusion16_fusionL1_fusionBN0_drop0p2__wd1e-04trmiss40_trlocglobal,2,0.6718902488549551,0.6925916075706482,0.5770750988142292,0.5952715056322789,0.5111111111111111,0.0,0.0,0.0,0.0,0.0,0.0,0.0,0.0,0.0,,,,,18473,global,0.4
5,2,lr1e-04_bs32_modL1_fusion16_fusionL1_fusionBN0_drop0p2__wd1e-04trmiss40_trlocglobal,32,0.0001,0.0001,1,16,1,False,0.2,lr1e-04_bs32_modL1_fusion16_fusionL1_fusionBN0_drop0p2__wd1e-04trmiss40_trlocglobal,3,0.6575937966505686,0.691155731678009,0.6027667984189724,0.6154169357947937,0.5333333333333333,0.0,0.0,0.0,0.0,0.0,0.0,0.0,0.0,0.0,,,,,18473,global,0.4
5,2,lr1e-04_bs32_modL1_fusion16_fusionL1_fusionBN0_drop0p2__wd1e-04trmiss40_trlocglobal,32,0.0001,0.0001,1,16,1,False,0.2,lr1e-04_bs32_modL1_fusion16_fusionL1_fusionBN0_drop0p2__wd1e-04trmiss40_trlocglobal,4,0.6440651714801788,0.6918558180332184,0.6106719367588933,0.6338671775732599,0.6,0.0,0.0,0.0,0.0,0.0,0.0,0.0,0.0,0.0,,,,,18473,global,0.4
5,2,lr1e-04_bs32_modL1_fusion16_fusionL1_fusionBN0_drop0p2__wd1e-04trmiss40_trlocglobal,32,0.0001,0.0001,1,16,1,False,0.2,lr1e-04_bs32_modL1_fusion16_fusionL1_fusionBN0_drop0p2__wd1e-04trmiss40_trlocglobal,5,0.6368243594964346,0.6944715082645416,0.5810276679841897,0.6102574051910683,0.5777777777777777,0.0,0.0,0.0,0.0,0.0,0.0,0.0,0.0,0.0,,,,,18473,global,0.4
5,2,lr1e-04_bs32_modL1_fusion16_fusionL1_fusionBN0_drop0p2__wd1e-04trmiss40_trlocglobal,32,0.0001,0.0001,1,16,1,False,0.2,lr1e-04_bs32_modL1_fusion16_fusionL1_fusionBN0_drop0p2__wd1e-04trmiss40_trlocglobal,6,0.6240536868572235,0.6945701837539673,0.5830039525691699,0.6012775812500736,0.5555555555555556,0.0,0.0,0.0,0.0,0.0,0.0,0.0,0.0,0.0,,,,,18473,global,0.4
5,2,lr1e-04_bs32_modL1_fusion16_fusionL1_fusionBN0_drop0p2__wd1e-04trmiss40_trlocglobal,32,0.0001,0.0001,1,16,1,False,0.2,lr1e-04_bs32_modL1_fusion16_fusionL1_fusionBN0_drop0p2__wd1e-04trmiss40_trlocglobal,7,0.6181697348753611,0.6925204396247864,0.6007905138339922,0.606271344019384,0.5555555555555556,0.0,0.0,0.0,0.0,0.0,0.0,0.0,0.0,0.0,,,,,18473,global,0.4
5,2,lr1e-04_bs32_modL1_fusion16_fusionL1_fusionBN0_drop0p2__wd1e-04trmiss40_trlocglobal,32,0.0001,0.0001,1,16,1,False,0.2,lr1e-04_bs32_modL1_fusion16_fusionL1_fusionBN0_drop0p2__wd1e-04trmiss40_trlocglobal,8,0.6067172785600027,0.6924258470535278,0.6126482213438735,0.6210835880147109,0.5777777777777777,0.0,0.0,0.0,0.0,0.0,0.0,0.0,0.0,0.0,,,,,18473,global,0.4
5,2,lr1e-04_bs32_modL1_fusion16_fusionL1_fusionBN0_drop0p2__wd1e-04trmiss40_trlocglobal,32,0.0001,0.0001,1,16,1,False,0.2,lr1e-04_bs32_modL1_fusion16_fusionL1_fusionBN0_drop0p2__wd1e-04trmiss40_trlocglobal,9,0.5995892286300659,0.6923237442970276,0.6086956521739131,0.6187551193818944,0.6,0.0,0.0,0.0,0.0,0.0,0.0,0.0,0.0,0.0,,,,,18473,global,0.4
5,2,lr1e-04_bs32_modL1_fusion16_fusionL1_fusionBN0_drop0p2__wd1e-04trmiss40_trlocglobal,32,0.0001,0.0001,1,16,1,False,0.2,lr1e-04_bs32_modL1_fusion16_fusionL1_fusionBN0_drop0p2__wd1e-04trmiss40_trlocglobal,10,0.6022806862990061,0.6933589577674866,0.5928853754940713,0.6052761900083128,0.5777777777777777,0.0,0.0,0.0,0.0,0.0,0.0,0.0,0.0,0.0,,,,,18473,global,0.4
5,2,lr1e-04_bs32_modL1_fusion16_fusionL1_fusionBN0_drop0p2__wd1e-04trmiss40_trlocglobal,32,0.0001,0.0001,1,16,1,False,0.2,lr1e-04_bs32_modL1_fusion16_fusionL1_fusionBN0_drop0p2__wd1e-04trmiss40_trlocglobal,11,0.5889215071996053,0.6930194199085236,0.5869565217391305,0.5928105168518107,0.5777777777777777,0.0,0.0,0.0,0.0,0.0,0.0,0.0,0.0,0.0,,,,,18473,global,0.4
5,2,lr1e-04_bs32_modL1_fusion16_fusionL1_fusionBN0_drop0p2__wd1e-04trmiss40_trlocglobal,32,0.0001,0.0001,1,16,1,False,0.2,lr1e-04_bs32_modL1_fusion16_fusionL1_fusionBN0_drop0p2__wd1e-04trmiss40_trlocglobal,12,0.5940914352734884,0.6926908195018768,0.5869565217391304,0.5936441582569809,0.6,0.0,0.0,0.0,0.0,0.0,0.0,0.0,0.0,0.0,,,,,18473,global,0.4
5,2,lr1e-04_bs32_modL1_fusion16_fusionL1_fusionBN0_drop0p2__wd1e-04trmiss40_trlocglobal,32,0.0001,0.0001,1,16,1,False,0.2,lr1e-04_bs32_modL1_fusion16_fusionL1_fusionBN0_drop0p2__wd1e-04trmiss40_trlocglobal,13,0.5907161931196848,0.6919733583927155,0.575098814229249,0.573555954890462,0.6,0.0,0.0,0.0,0.0,0.0,0.0,0.0,0.0,0.0,,,,,18473,global,0.4
5,2,lr1e-04_bs32_modL1_fusion16_fusionL1_fusionBN0_drop0p2__wd1e-04trmiss40_trlocglobal,32,0.0001,0.0001,1,16,1,False,0.2,lr1e-04_bs32_modL1_fusion16_fusionL1_fusionBN0_drop0p2__wd1e-04trmiss40_trlocglobal,14,0.5708523293336233,0.6926119923591614,0.5731225296442687,0.5755145281183457,0.5777777777777777,0.0,0.0,0.0,0.0,0.0,0.0,0.0,0.0,0.0,,,,,18473,global,0.4
5,2,lr1e-04_bs32_modL1_fusion16_fusionL1_fusionBN0_drop0p2__wd1e-04trmiss40_trlocglobal,32,0.0001,0.0001,1,16,1,False,0.2,lr1e-04_bs32_modL1_fusion16_fusionL1_fusionBN0_drop0p2__wd1e-04trmiss40_trlocglobal,15,0.5695192317167918,0.6944210529327393,0.5553359683794465,0.5820492688662963,0.5555555555555556,0.0,0.0,0.0,0.0,0.0,0.0,0.0,0.0,0.0,,,,,18473,global,0.4
5,2,lr1e-04_bs32_modL1_fusion16_fusionL1_fusionBN0_drop0p2__wd1e-04trmiss40_trlocglobal,32,0.0001,0.0001,1,16,1,False,0.2,lr1e-04_bs32_modL1_fusion16_fusionL1_fusionBN0_drop0p2__wd1e-04trmiss40_trlocglobal,16,0.5732249319553375,0.6959157586097717,0.5474308300395256,0.5753241283473848,0.5333333333333333,0.0,0.0,0.0,0.0,0.0,0.0,0.0,0.0,0.0,,,,,18473,global,0.4
5,2,lr1e-04_bs32_modL1_fusion16_fusionL1_fusionBN0_drop0p2__wd1e-04trmiss40_trlocglobal,32,0.0001,0.0001,1,16,1,False,0.2,lr1e-04_bs32_modL1_fusion16_fusionL1_fusionBN0_drop0p2__wd1e-04trmiss40_trlocglobal,17,0.5573823650677999,0.6955499947071075,0.5553359683794465,0.5788055697846752,0.5555555555555556,0.0,0.0,0.0,0.0,0.0,0.0,0.0,0.0,0.0,,,,,18473,global,0.4
5,2,lr1e-04_bs32_modL1_fusion16_fusionL1_fusionBN0_drop0p2__wd1e-04trmiss40_trlocglobal,32,0.0001,0.0001,1,16,1,False,0.2,lr1e-04_bs32_modL1_fusion16_fusionL1_fusionBN0_drop0p2__wd1e-04trmiss40_trlocglobal,18,0.5581258734067281,0.6970857977867126,0.5474308300395258,0.5740443870836283,0.5333333333333333,0.0,0.0,0.0,0.0,0.0,0.0,0.0,0.0,0.0,,,,,18473,global,0.4
5,2,lr1e-04_bs32_modL1_fusion16_fusionL1_fusionBN0_drop0p2__wd1e-04trmiss40_trlocglobal,32,0.0001,0.0001,1,16,1,False,0.2,lr1e-04_bs32_modL1_fusion16_fusionL1_fusionBN0_drop0p2__wd1e-04trmiss40_trlocglobal,19,0.5550982058048248,0.6986545920372009,0.5316205533596838,0.5611683757142006,0.5333333333333333,0.0,0.0,0.0,0.0,0.0,0.0,0.0,0.0,0.0,,,,,18473,global,0.4
5,2,lr1e-04_bs32_modL1_fusion16_fusionL1_fusionBN0_drop0p2__wd1e-04trmiss40_trlocglobal,32,0.0001,0.0001,1,16,1,False,0.2,lr1e-04_bs32_modL1_fusion16_fusionL1_fusionBN0_drop0p2__wd1e-04trmiss40_trlocglobal,20,0.5513009230295817,0.6989047825336456,0.5355731225296443,0.559292755153521,0.5333333333333333,0.0,0.0,0.0,0.0,0.0,0.0,0.0,0.0,0.0,,,,,18473,global,0.4
5,2,lr1e-04_bs32_modL1_fusion16_fusionL1_fusionBN0_drop0p2__wd1e-04trmiss40_trlocglobal,32,0.0001,0.0001,1,16,1,False,0.2,lr1e-04_bs32_modL1_fusion16_fusionL1_fusionBN0_drop0p2__wd1e-04trmiss40_trlocglobal,21,0.5423363347848257,0.6979002058506012,0.5454545454545455,0.5698187630197248,0.5111111111111111,0.0,0.0,0.0,0.0,0.0,0.0,0.0,0.0,0.0,,,,,18473,global,0.4
5,2,lr1e-04_bs32_modL1_fusion16_fusionL1_fusionBN0_drop0p2__wd1e-04trmiss40_trlocglobal,32,0.0001,0.0001,1,16,1,False,0.2,lr1e-04_bs32_modL1_fusion16_fusionL1_fusionBN0_drop0p2__wd1e-04trmiss40_trlocglobal,22,0.5381248593330383,0.7013667523860931,0.5256916996047432,0.5723667220073269,0.5555555555555556,0.0,0.0,0.0,0.0,0.0,0.0,0.0,0.0,0.0,,,,,18473,global,0.4
5,2,lr1e-04_bs32_modL1_fusion16_fusionL1_fusionBN0_drop0p2__wd1e-04trmiss40_trlocglobal,32,0.0001,0.0001,1,16,1,False,0.2,lr1e-04_bs32_modL1_fusion16_fusionL1_fusionBN0_drop0p2__wd1e-04trmiss40_trlocglobal,23,0.5395944913228353,0.7039397060871124,0.5237154150197629,0.5657559065359417,0.5333333333333333,0.0,0.0,0.0,0.0,0.0,0.0,0.0,0.0,0.0,,,,,18473,global,0.4
5,2,lr1e-04_bs32_modL1_fusion16_fusionL1_fusionBN0_drop0p2__wd1e-04trmiss40_trlocglobal,32,0.0001,0.0001,1,16,1,False,0.2,lr1e-04_bs32_modL1_fusion16_fusionL1_fusionBN0_drop0p2__wd1e-04trmiss40_trlocglobal,24,0.532508780558904,0.7023423314094543,0.5375494071146245,0.5515502416628582,0.5777777777777777,0.0,0.0,0.0,0.0,0.0,0.0,0.0,0.0,0.0,,,,,18473,global,0.4
5,2,lr1e-04_bs32_modL1_fusion16_fusionL1_fusionBN0_drop0p2__wd1e-04trmiss40_trlocglobal,32,0.0001,0.0001,1,16,1,False,0.2,lr1e-04_bs32_modL1_fusion16_fusionL1_fusionBN0_drop0p2__wd1e-04trmiss40_trlocglobal,25,0.5283244748910269,0.7029805779457092,0.5217391304347827,0.5402521011074297,0.6,0.0,0.0,0.0,0.0,0.0,0.0,0.0,0.0,0.0,,,,,18473,global,0.4
5,2,lr1e-04_bs32_modL1_fusion16_fusionL1_fusionBN0_drop0p2__wd1e-04trmiss40_trlocglobal,32,0.0001,0.0001,1,16,1,False,0.2,lr1e-04_bs32_modL1_fusion16_fusionL1_fusionBN0_drop0p2__wd1e-04trmiss40_trlocglobal,26,0.5163822174072266,0.7049463987350464,0.5079051383399209,0.5302421107025647,0.5555555555555556,0.0,0.0,0.0,0.0,0.0,0.0,0.0,0.0,0.0,,,,,18473,global,0.4
5,2,lr1e-04_bs32_modL1_fusion16_fusionL1_fusionBN0_drop0p2__wd1e-04trmiss40_trlocglobal,32,0.0001,0.0001,1,16,1,False,0.2,lr1e-04_bs32_modL1_fusion16_fusionL1_fusionBN0_drop0p2__wd1e-04trmiss40_trlocglobal,27,0.5109108885129293,0.704344779253006,0.5019762845849802,0.529935003227826,0.5555555555555556,0.0,0.0,0.0,0.0,0.0,0.0,0.0,0.0,0.0,,,,,18473,global,0.4
5,2,lr1e-04_bs32_modL1_fusion16_fusionL1_fusionBN0_drop0p2__wd1e-04trmiss40_trlocglobal,32,0.0001,0.0001,1,16,1,False,0.2,lr1e-04_bs32_modL1_fusion16_fusionL1_fusionBN0_drop0p2__wd1e-04trmiss40_trlocglobal,28,0.5174173762400945,0.7027730643749237,0.5177865612648221,0.5612155708589334,0.5777777777777777,0.0,0.0,0.0,0.0,0.0,0.0,0.0,0.0,0.0,,,,,18473,global,0.4
5,2,lr1e-04_bs32_modL1_fusion16_fusionL1_fusionBN0_drop0p1__wd1e-04trmiss40_trlocglobal,32,0.0001,0.0001,1,16,1,False,0.1,lr1e-04_bs32_modL1_fusion16_fusionL1_fusionBN0_drop0p1__wd1e-04trmiss40_trlocglobal,1,0.7016318043073019,0.6884900033473969,0.5928853754940712,0.5993738404893477,0.4888888888888889,0.0,0.0,0.0,0.0,0.0,0.0,0.0,0.0,0.0,,,,,18473,global,0.4
5,2,lr1e-04_bs32_modL1_fusion16_fusionL1_fusionBN0_drop0p1__wd1e-04trmiss40_trlocglobal,32,0.0001,0.0001,1,16,1,False,0.1,lr1e-04_bs32_modL1_fusion16_fusionL1_fusionBN0_drop0p1__wd1e-04trmiss40_trlocglobal,2,0.6852061251799265,0.689224123954773,0.5671936758893281,0.5604227436106075,0.5111111111111111,0.0,0.0,0.0,0.0,0.0,0.0,0.0,0.0,0.0,,,,,18473,global,0.4
5,2,lr1e-04_bs32_modL1_fusion16_fusionL1_fusionBN0_drop0p1__wd1e-04trmiss40_trlocglobal,32,0.0001,0.0001,1,16,1,False,0.1,lr1e-04_bs32_modL1_fusion16_fusionL1_fusionBN0_drop0p1__wd1e-04trmiss40_trlocglobal,3,0.6740332941214243,0.6890607476234436,0.5612648221343873,0.5711964739640122,0.5555555555555556,0.0,0.0,0.0,0.0,0.0,0.0,0.0,0.0,0.0,,,,,18473,global,0.4
5,2,lr1e-04_bs32_modL1_fusion16_fusionL1_fusionBN0_drop0p1__wd1e-04trmiss40_trlocglobal,32,0.0001,0.0001,1,16,1,False,0.1,lr1e-04_bs32_modL1_fusion16_fusionL1_fusionBN0_drop0p1__wd1e-04trmiss40_trlocglobal,4,0.665239284435908,0.6892845034599304,0.5434782608695652,0.5572161684739118,0.5333333333333333,0.0,0.0,0.0,0.0,0.0,0.0,0.0,0.0,0.0,,,,,18473,global,0.4
5,2,lr1e-04_bs32_modL1_fusion16_fusionL1_fusionBN0_drop0p1__wd1e-04trmiss40_trlocglobal,32,0.0001,0.0001,1,16,1,False,0.1,lr1e-04_bs32_modL1_fusion16_fusionL1_fusionBN0_drop0p1__wd1e-04trmiss40_trlocglobal,5,0.6610605617364248,0.6891850531101227,0.5296442687747035,0.5427568530304903,0.5333333333333333,0.0,0.0,0.0,0.0,0.0,0.0,0.0,0.0,0.0,,,,,18473,global,0.4
5,2,lr1e-04_bs32_modL1_fusion16_fusionL1_fusionBN0_drop0p1__wd1e-04trmiss40_trlocglobal,32,0.0001,0.0001,1,16,1,False,0.1,lr1e-04_bs32_modL1_fusion16_fusionL1_fusionBN0_drop0p1__wd1e-04trmiss40_trlocglobal,6,0.6512930889924368,0.6887724995613098,0.5375494071146245,0.5577085943119743,0.5555555555555556,0.0,0.0,0.0,0.0,0.0,0.0,0.0,0.0,0.0,,,,,18473,global,0.4
5,2,lr1e-04_bs32_modL1_fusion16_fusionL1_fusionBN0_drop0p1__wd1e-04trmiss40_trlocglobal,32,0.0001,0.0001,1,16,1,False,0.1,lr1e-04_bs32_modL1_fusion16_fusionL1_fusionBN0_drop0p1__wd1e-04trmiss40_trlocglobal,7,0.6506896714369456,0.6876434683799744,0.5395256916996047,0.5592466981468237,0.5111111111111111,0.0,0.0,0.0,0.0,0.0,0.0,0.0,0.0,0.0,,,,,18473,global,0.4
5,2,lr1e-04_bs32_modL1_fusion16_fusionL1_fusionBN0_drop0p1__wd1e-04trmiss40_trlocglobal,32,0.0001,0.0001,1,16,1,False,0.1,lr1e-04_bs32_modL1_fusion16_fusionL1_fusionBN0_drop0p1__wd1e-04trmiss40_trlocglobal,8,0.6418050328890482,0.687229186296463,0.5355731225296443,0.5561673482995786,0.5111111111111111,0.0,0.0,0.0,0.0,0.0,0.0,0.0,0.0,0.0,,,,,18473,global,0.4
5,2,lr1e-04_bs32_modL1_fusion16_fusionL1_fusionBN0_drop0p1__wd1e-04trmiss40_trlocglobal,32,0.0001,0.0001,1,16,1,False,0.1,lr1e-04_bs32_modL1_fusion16_fusionL1_fusionBN0_drop0p1__wd1e-04trmiss40_trlocglobal,9,0.6377307871977488,0.686073511838913,0.5494071146245059,0.5715654841751714,0.5333333333333333,0.0,0.0,0.0,0.0,0.0,0.0,0.0,0.0,0.0,,,,,18473,global,0.4
5,2,lr1e-04_bs32_modL1_fusion16_fusionL1_fusionBN0_drop0p1__wd1e-04trmiss40_trlocglobal,32,0.0001,0.0001,1,16,1,False,0.1,lr1e-04_bs32_modL1_fusion16_fusionL1_fusionBN0_drop0p1__wd1e-04trmiss40_trlocglobal,10,0.6325822571913401,0.685595840215683,0.5474308300395256,0.5664175167740172,0.5111111111111111,0.0,0.0,0.0,0.0,0.0,0.0,0.0,0.0,0.0,,,,,18473,global,0.4
5,2,lr1e-04_bs32_modL1_fusion16_fusionL1_fusionBN0_drop0p1__wd1e-04trmiss40_trlocglobal,32,0.0001,0.0001,1,16,1,False,0.1,lr1e-04_bs32_modL1_fusion16_fusionL1_fusionBN0_drop0p1__wd1e-04trmiss40_trlocglobal,11,0.6354069511095682,0.687023937702179,0.5434782608695652,0.5629296428316365,0.5111111111111111,0.0,0.0,0.0,0.0,0.0,0.0,0.0,0.0,0.0,,,,,18473,global,0.4
5,2,lr1e-04_bs32_modL1_fusion16_fusionL1_fusionBN0_drop0p1__wd1e-04trmiss40_trlocglobal,32,0.0001,0.0001,1,16,1,False,0.1,lr1e-04_bs32_modL1_fusion16_fusionL1_fusionBN0_drop0p1__wd1e-04trmiss40_trlocglobal,12,0.622999389966329,0.6858741939067841,0.5474308300395256,0.5669459493994304,0.4888888888888889,0.0,0.0,0.0,0.0,0.0,0.0,0.0,0.0,0.0,,,,,18473,global,0.4
5,2,lr1e-04_bs32_modL1_fusion16_fusionL1_fusionBN0_drop0p1__wd1e-04trmiss40_trlocglobal,32,0.0001,0.0001,1,16,1,False,0.1,lr1e-04_bs32_modL1_fusion16_fusionL1_fusionBN0_drop0p1__wd1e-04trmiss40_trlocglobal,13,0.6250369548797607,0.6838959157466888,0.541501976284585,0.5741246323827539,0.4888888888888889,0.0,0.0,0.0,0.0,0.0,0.0,0.0,0.0,0.0,,,,,18473,global,0.4
5,2,lr1e-04_bs32_modL1_fusion16_fusionL1_fusionBN0_drop0p1__wd1e-04trmiss40_trlocglobal,32,0.0001,0.0001,1,16,1,False,0.1,lr1e-04_bs32_modL1_fusion16_fusionL1_fusionBN0_drop0p1__wd1e-04trmiss40_trlocglobal,14,0.6154749194780985,0.6840616464614868,0.5316205533596838,0.5755146994375562,0.4888888888888889,0.0,0.0,0.0,0.0,0.0,0.0,0.0,0.0,0.0,,,,,18473,global,0.4
5,2,lr1e-04_bs32_modL1_fusion16_fusionL1_fusionBN0_drop0p1__wd1e-04trmiss40_trlocglobal,32,0.0001,0.0001,1,16,1,False,0.1,lr1e-04_bs32_modL1_fusion16_fusionL1_fusionBN0_drop0p1__wd1e-04trmiss40_trlocglobal,15,0.6155863006909689,0.6851031482219696,0.5355731225296443,0.5704817247052338,0.5111111111111111,0.0,0.0,0.0,0.0,0.0,0.0,0.0,0.0,0.0,,,,,18473,global,0.4
5,2,lr1e-04_bs32_modL1_fusion16_fusionL1_fusionBN0_drop0p1__wd1e-04trmiss40_trlocglobal,32,0.0001,0.0001,1,16,1,False,0.1,lr1e-04_bs32_modL1_fusion16_fusionL1_fusionBN0_drop0p1__wd1e-04trmiss40_trlocglobal,16,0.6035080552101135,0.6840216219425201,0.5197628458498024,0.5597718320670764,0.5111111111111111,0.0,0.0,0.0,0.0,0.0,0.0,0.0,0.0,0.0,,,,,18473,global,0.4
5,2,lr1e-04_bs32_modL1_fusion16_fusionL1_fusionBN0_drop0p1__wd1e-04trmiss40_trlocglobal,32,0.0001,0.0001,1,16,1,False,0.1,lr1e-04_bs32_modL1_fusion16_fusionL1_fusionBN0_drop0p1__wd1e-04trmiss40_trlocglobal,17,0.6047910253206888,0.683924525976181,0.5355731225296443,0.5677802217477788,0.5333333333333333,0.0,0.0,0.0,0.0,0.0,0.0,0.0,0.0,0.0,,,,,18473,global,0.4
5,2,lr1e-04_bs32_modL1_fusion16_fusionL1_fusionBN0_drop0p1__wd1e-04trmiss40_trlocglobal,32,0.0001,0.0001,1,16,1,False,0.1,lr1e-04_bs32_modL1_fusion16_fusionL1_fusionBN0_drop0p1__wd1e-04trmiss40_trlocglobal,18,0.5976975361506144,0.6838621199131012,0.5276679841897234,0.5691238574072425,0.5111111111111111,0.0,0.0,0.0,0.0,0.0,0.0,0.0,0.0,0.0,,,,,18473,global,0.4
5,2,lr1e-04_bs32_modL1_fusion16_fusionL1_fusionBN0_drop0p1__wd1e-04trmiss40_trlocglobal,32,0.0001,0.0001,1,16,1,False,0.1,lr1e-04_bs32_modL1_fusion16_fusionL1_fusionBN0_drop0p1__wd1e-04trmiss40_trlocglobal,19,0.592540313800176,0.6841942965984344,0.5276679841897234,0.569940707836066,0.5555555555555556,0.0,0.0,0.0,0.0,0.0,0.0,0.0,0.0,0.0,,,,,18473,global,0.4
5,2,lr1e-04_bs32_modL1_fusion16_fusionL1_fusionBN0_drop0p1__wd1e-04trmiss40_trlocglobal,32,0.0001,0.0001,1,16,1,False,0.1,lr1e-04_bs32_modL1_fusion16_fusionL1_fusionBN0_drop0p1__wd1e-04trmiss40_trlocglobal,20,0.5890975594520569,0.6864849030971527,0.5079051383399209,0.5499600392783681,0.4666666666666667,0.0,0.0,0.0,0.0,0.0,0.0,0.0,0.0,0.0,,,,,18473,global,0.4
5,2,lr1e-04_bs32_modL1_fusion16_fusionL1_fusionBN0_drop0p1__wd1e-04trmiss40_trlocglobal,32,0.0001,0.0001,1,16,1,False,0.1,lr1e-04_bs32_modL1_fusion16_fusionL1_fusionBN0_drop0p1__wd1e-04trmiss40_trlocglobal,21,0.5787861347198486,0.6886448264122009,0.5059288537549407,0.541694391882286,0.4666666666666667,0.0,0.0,0.0,0.0,0.0,0.0,0.0,0.0,0.0,,,,,18473,global,0.4
5,2,lr1e-04_bs32_modL1_fusion16_fusionL1_fusionBN0_drop0p1__wd1e-04trmiss40_trlocglobal,32,0.0001,0.0001,1,16,1,False,0.1,lr1e-04_bs32_modL1_fusion16_fusionL1_fusionBN0_drop0p1__wd1e-04trmiss40_trlocglobal,22,0.5819277465343475,0.6889996230602264,0.4980237154150198,0.5265987968003242,0.5333333333333333,0.0,0.0,0.0,0.0,0.0,0.0,0.0,0.0,0.0,,,,,18473,global,0.4
5,2,lr1e-04_bs32_modL1_fusion16_fusionL1_fusionBN0_drop0p1__wd1e-04trmiss40_trlocglobal,32,0.0001,0.0001,1,16,1,False,0.1,lr1e-04_bs32_modL1_fusion16_fusionL1_fusionBN0_drop0p1__wd1e-04trmiss40_trlocglobal,23,0.5728611946105957,0.6909012496471405,0.4861660079051384,0.5306104488402574,0.4888888888888889,0.0,0.0,0.0,0.0,0.0,0.0,0.0,0.0,0.0,,,,,18473,global,0.4
5,2,lr1e-04_bs32_modL1_fusion16_fusionL1_fusionBN0_drop0p1__wd1e-04trmiss40_trlocglobal,32,0.0001,0.0001,1,16,1,False,0.1,lr1e-04_bs32_modL1_fusion16_fusionL1_fusionBN0_drop0p1__wd1e-04trmiss40_trlocglobal,24,0.5773963530858358,0.6920948326587677,0.4841897233201581,0.5258263941805826,0.4888888888888889,0.0,0.0,0.0,0.0,0.0,0.0,0.0,0.0,0.0,,,,,18473,global,0.4
5,2,lr1e-04_bs32_modL1_fusion16_fusionL1_fusionBN0_drop0p1__wd1e-04trmiss40_trlocglobal,32,0.0001,0.0001,1,16,1,False,0.1,lr1e-04_bs32_modL1_fusion16_fusionL1_fusionBN0_drop0p1__wd1e-04trmiss40_trlocglobal,25,0.5682323972384135,0.6890600025653839,0.4960474308300395,0.5414249496407435,0.5111111111111111,0.0,0.0,0.0,0.0,0.0,0.0,0.0,0.0,0.0,,,,,18473,global,0.4
5,2,lr1e-04_bs32_modL1_fusion16_fusionL1_fusionBN0_drop0p1__wd1e-04trmiss40_trlocglobal,32,0.0001,0.0001,1,16,1,False,0.1,lr1e-04_bs32_modL1_fusion16_fusionL1_fusionBN0_drop0p1__wd1e-04trmiss40_trlocglobal,26,0.564344068368276,0.6901829838752747,0.4723320158102767,0.5389780506166215,0.5111111111111111,0.0,0.0,0.0,0.0,0.0,0.0,0.0,0.0,0.0,,,,,18473,global,0.4
5,2,lr1e-04_bs32_modL1_fusion16_fusionL1_fusionBN0_drop0p1__wd1e-04trmiss40_trlocglobal,32,0.0001,0.0001,1,16,1,False,0.1,lr1e-04_bs32_modL1_fusion16_fusionL1_fusionBN0_drop0p1__wd1e-04trmiss40_trlocglobal,27,0.5585938692092896,0.6943166553974152,0.46640316205533594,0.5374438254715339,0.4888888888888889,0.0,0.0,0.0,0.0,0.0,0.0,0.0,0.0,0.0,,,,,18473,global,0.4
5,2,lr1e-04_bs32_modL1_fusion16_fusionL1_fusionBN0_drop0p1__wd1e-04trmiss40_trlocglobal,32,0.0001,0.0001,1,16,1,False,0.1,lr1e-04_bs32_modL1_fusion16_fusionL1_fusionBN0_drop0p1__wd1e-04trmiss40_trlocglobal,28,0.5567289491494497,0.689276784658432,0.5,0.5472853474558337,0.4888888888888889,0.0,0.0,0.0,0.0,0.0,0.0,0.0,0.0,0.0,,,,,18473,global,0.4
5,2,lr1e-04_bs32_modL1_fusion16_fusionL1_fusionBN0_drop0p1__wd1e-04trmiss40_trlocglobal,32,0.0001,0.0001,1,16,1,False,0.1,lr1e-04_bs32_modL1_fusion16_fusionL1_fusionBN0_drop0p1__wd1e-04trmiss40_trlocglobal,29,0.5510867834091187,0.6883157789707184,0.4881422924901186,0.558222182089014,0.5111111111111111,0.0,0.0,0.0,0.0,0.0,0.0,0.0,0.0,0.0,,,,,18473,global,0.4
5,2,lr1e-04_bs32_modL1_fusion32_fusionL1_fusionBN0_drop0p2__wd1e-04trmiss40_trlocglobal,32,0.0001,0.0001,1,32,1,False,0.2,lr1e-04_bs32_modL1_fusion32_fusionL1_fusionBN0_drop0p2__wd1e-04trmiss40_trlocglobal,1,0.7042990823586782,0.6996483504772186,0.3952569169960474,0.4696440152801642,0.4888888888888889,0.0,0.0,0.0,0.0,0.0,0.0,0.0,0.0,0.0,,,,,18473,global,0.4
5,2,lr1e-04_bs32_modL1_fusion32_fusionL1_fusionBN0_drop0p2__wd1e-04trmiss40_trlocglobal,32,0.0001,0.0001,1,32,1,False,0.2,lr1e-04_bs32_modL1_fusion32_fusionL1_fusionBN0_drop0p2__wd1e-04trmiss40_trlocglobal,2,0.6789763967196146,0.6996780931949615,0.41699604743083,0.4823560456754963,0.4444444444444444,0.0,0.0,0.0,0.0,0.0,0.0,0.0,0.0,0.0,,,,,18473,global,0.4
5,2,lr1e-04_bs32_modL1_fusion32_fusionL1_fusionBN0_drop0p2__wd1e-04trmiss40_trlocglobal,32,0.0001,0.0001,1,32,1,False,0.2,lr1e-04_bs32_modL1_fusion32_fusionL1_fusionBN0_drop0p2__wd1e-04trmiss40_trlocglobal,3,0.6661484241485596,0.6987654566764832,0.44664031620553357,0.473163170663844,0.4666666666666667,0.0,0.0,0.0,0.0,0.0,0.0,0.0,0.0,0.0,,,,,18473,global,0.4
5,2,lr1e-04_bs32_modL1_fusion32_fusionL1_fusionBN0_drop0p2__wd1e-04trmiss40_trlocglobal,32,0.0001,0.0001,1,32,1,False,0.2,lr1e-04_bs32_modL1_fusion32_fusionL1_fusionBN0_drop0p2__wd1e-04trmiss40_trlocglobal,4,0.6613976856072744,0.6965372562408447,0.4683794466403162,0.5037912749788348,0.4888888888888889,0.0,0.0,0.0,0.0,0.0,0.0,0.0,0.0,0.0,,,,,18473,global,0.4
5,2,lr1e-04_bs32_modL1_fusion32_fusionL1_fusionBN0_drop0p2__wd1e-04trmiss40_trlocglobal,32,0.0001,0.0001,1,32,1,False,0.2,lr1e-04_bs32_modL1_fusion32_fusionL1_fusionBN0_drop0p2__wd1e-04trmiss40_trlocglobal,5,0.6495033502578735,0.6944912374019623,0.49209486166007904,0.529971527104405,0.4444444444444444,0.0,0.0,0.0,0.0,0.0,0.0,0.0,0.0,0.0,,,,,18473,global,0.4
5,2,lr1e-04_bs32_modL1_fusion32_fusionL1_fusionBN0_drop0p2__wd1e-04trmiss40_trlocglobal,32,0.0001,0.0001,1,32,1,False,0.2,lr1e-04_bs32_modL1_fusion32_fusionL1_fusionBN0_drop0p2__wd1e-04trmiss40_trlocglobal,6,0.6418125232060751,0.6935732364654541,0.49209486166007904,0.5198923068502994,0.4444444444444444,0.0,0.0,0.0,0.0,0.0,0.0,0.0,0.0,0.0,,,,,18473,global,0.4
5,2,lr1e-04_bs32_modL1_fusion32_fusionL1_fusionBN0_drop0p2__wd1e-04trmiss40_trlocglobal,32,0.0001,0.0001,1,32,1,False,0.2,lr1e-04_bs32_modL1_fusion32_fusionL1_fusionBN0_drop0p2__wd1e-04trmiss40_trlocglobal,7,0.6333800256252289,0.6926640570163727,0.5019762845849802,0.5242927707908913,0.4888888888888889,0.0,0.0,0.0,0.0,0.0,0.0,0.0,0.0,0.0,,,,,18473,global,0.4
5,2,lr1e-04_bs32_modL1_fusion32_fusionL1_fusionBN0_drop0p2__wd1e-04trmiss40_trlocglobal,32,0.0001,0.0001,1,32,1,False,0.2,lr1e-04_bs32_modL1_fusion32_fusionL1_fusionBN0_drop0p2__wd1e-04trmiss40_trlocglobal,8,0.6326718131701151,0.6930992901325226,0.5019762845849802,0.5235419267319187,0.5111111111111111,0.0,0.0,0.0,0.0,0.0,0.0,0.0,0.0,0.0,,,,,18473,global,0.4
5,2,lr1e-04_bs32_modL1_fusion32_fusionL1_fusionBN0_drop0p2__wd1e-04trmiss40_trlocglobal,32,0.0001,0.0001,1,32,1,False,0.2,lr1e-04_bs32_modL1_fusion32_fusionL1_fusionBN0_drop0p2__wd1e-04trmiss40_trlocglobal,9,0.6206946472326914,0.6943019330501556,0.4960474308300395,0.5232819286645742,0.4666666666666667,0.0,0.0,0.0,0.0,0.0,0.0,0.0,0.0,0.0,,,,,18473,global,0.4
5,2,lr1e-04_bs32_modL1_fusion32_fusionL1_fusionBN0_drop0p2__wd1e-04trmiss40_trlocglobal,32,0.0001,0.0001,1,32,1,False,0.2,lr1e-04_bs32_modL1_fusion32_fusionL1_fusionBN0_drop0p2__wd1e-04trmiss40_trlocglobal,10,0.6303382615248362,0.693782776594162,0.5059288537549407,0.5271897238615505,0.4666666666666667,0.0,0.0,0.0,0.0,0.0,0.0,0.0,0.0,0.0,,,,,18473,global,0.4
5,2,lr1e-04_bs32_modL1_fusion32_fusionL1_fusionBN0_drop0p2__wd1e-04trmiss40_trlocglobal,32,0.0001,0.0001,1,32,1,False,0.2,lr1e-04_bs32_modL1_fusion32_fusionL1_fusionBN0_drop0p2__wd1e-04trmiss40_trlocglobal,11,0.6041178206602732,0.6943315863609314,0.4901185770750988,0.5152027748946876,0.4666666666666667,0.0,0.0,0.0,0.0,0.0,0.0,0.0,0.0,0.0,,,,,18473,global,0.4
5,2,lr1e-04_bs32_modL1_fusion32_fusionL1_fusionBN0_drop0p2__wd1e-04trmiss40_trlocglobal,32,0.0001,0.0001,1,32,1,False,0.2,lr1e-04_bs32_modL1_fusion32_fusionL1_fusionBN0_drop0p2__wd1e-04trmiss40_trlocglobal,12,0.5986023942629496,0.6945109367370605,0.4940711462450593,0.5172645101990769,0.4888888888888889,0.0,0.0,0.0,0.0,0.0,0.0,0.0,0.0,0.0,,,,,18473,global,0.4
5,2,lr1e-04_bs32_modL1_fusion32_fusionL1_fusionBN0_drop0p2__wd1e-04trmiss40_trlocglobal,32,0.0001,0.0001,1,32,1,False,0.2,lr1e-04_bs32_modL1_fusion32_fusionL1_fusionBN0_drop0p2__wd1e-04trmiss40_trlocglobal,13,0.5973463654518127,0.693293958902359,0.4980237154150198,0.5178702891586048,0.5111111111111111,0.0,0.0,0.0,0.0,0.0,0.0,0.0,0.0,0.0,,,,,18473,global,0.4
5,2,lr1e-04_bs32_modL1_fusion32_fusionL1_fusionBN0_drop0p2__wd1e-04trmiss40_trlocglobal,32,0.0001,0.0001,1,32,1,False,0.2,lr1e-04_bs32_modL1_fusion32_fusionL1_fusionBN0_drop0p2__wd1e-04trmiss40_trlocglobal,14,0.5910433232784271,0.691396564245224,0.5079051383399209,0.5290230211610255,0.5333333333333333,0.0,0.0,0.0,0.0,0.0,0.0,0.0,0.0,0.0,,,,,18473,global,0.4
5,2,lr1e-04_bs32_modL1_fusion32_fusionL1_fusionBN0_drop0p2__wd1e-04trmiss40_trlocglobal,32,0.0001,0.0001,1,32,1,False,0.2,lr1e-04_bs32_modL1_fusion32_fusionL1_fusionBN0_drop0p2__wd1e-04trmiss40_trlocglobal,15,0.5714713633060455,0.6895316243171692,0.5039525691699605,0.5262435667323957,0.5333333333333333,0.0,0.0,0.0,0.0,0.0,0.0,0.0,0.0,0.0,,,,,18473,global,0.4
5,2,lr1e-04_bs32_modL1_fusion32_fusionL1_fusionBN0_drop0p2__wd1e-04trmiss40_trlocglobal,32,0.0001,0.0001,1,32,1,False,0.2,lr1e-04_bs32_modL1_fusion32_fusionL1_fusionBN0_drop0p2__wd1e-04trmiss40_trlocglobal,16,0.5758407314618429,0.690389096736908,0.5059288537549407,0.5323450373021247,0.5333333333333333,0.0,0.0,0.0,0.0,0.0,0.0,0.0,0.0,0.0,,,,,18473,global,0.4
5,2,lr1e-04_bs32_modL1_fusion32_fusionL1_fusionBN0_drop0p2__wd1e-04trmiss40_trlocglobal,32,0.0001,0.0001,1,32,1,False,0.2,lr1e-04_bs32_modL1_fusion32_fusionL1_fusionBN0_drop0p2__wd1e-04trmiss40_trlocglobal,17,0.5686824023723602,0.6922281086444855,0.5098814229249011,0.5320727068158909,0.5333333333333333,0.0,0.0,0.0,0.0,0.0,0.0,0.0,0.0,0.0,,,,,18473,global,0.4
5,2,lr1e-04_bs32_modL1_fusion32_fusionL1_fusionBN0_drop0p2__wd1e-04trmiss40_trlocglobal,32,0.0001,0.0001,1,32,1,False,0.2,lr1e-04_bs32_modL1_fusion32_fusionL1_fusionBN0_drop0p2__wd1e-04trmiss40_trlocglobal,18,0.5728596250216166,0.6937445998191833,0.5,0.5275455946737354,0.5111111111111111,0.0,0.0,0.0,0.0,0.0,0.0,0.0,0.0,0.0,,,,,18473,global,0.4
5,2,lr1e-04_bs32_modL1_fusion32_fusionL1_fusionBN0_drop0p2__wd1e-04trmiss40_trlocglobal,32,0.0001,0.0001,1,32,1,False,0.2,lr1e-04_bs32_modL1_fusion32_fusionL1_fusionBN0_drop0p2__wd1e-04trmiss40_trlocglobal,19,0.5555548071861267,0.6945139169692993,0.4940711462450593,0.5250207250883744,0.5111111111111111,0.0,0.0,0.0,0.0,0.0,0.0,0.0,0.0,0.0,,,,,18473,global,0.4
5,2,lr1e-04_bs32_modL1_fusion32_fusionL1_fusionBN0_drop0p2__wd1e-04trmiss40_trlocglobal,32,0.0001,0.0001,1,32,1,False,0.2,lr1e-04_bs32_modL1_fusion32_fusionL1_fusionBN0_drop0p2__wd1e-04trmiss40_trlocglobal,20,0.5544424007336298,0.6945359110832214,0.4940711462450593,0.5252436905287311,0.4888888888888889,0.0,0.0,0.0,0.0,0.0,0.0,0.0,0.0,0.0,,,,,18473,global,0.4
5,2,lr1e-04_bs32_modL1_fusion32_fusionL1_fusionBN0_drop0p2__wd1e-04trmiss40_trlocglobal,32,0.0001,0.0001,1,32,1,False,0.2,lr1e-04_bs32_modL1_fusion32_fusionL1_fusionBN0_drop0p2__wd1e-04trmiss40_trlocglobal,21,0.5562726358572642,0.6944807767868042,0.49209486166007904,0.5249387056585288,0.4888888888888889,0.0,0.0,0.0,0.0,0.0,0.0,0.0,0.0,0.0,,,,,18473,global,0.4
5,2,lr1e-04_bs32_modL1_fusion32_fusionL1_fusionBN0_drop0p2__wd1e-04trmiss40_trlocglobal,32,0.0001,0.0001,1,32,1,False,0.2,lr1e-04_bs32_modL1_fusion32_fusionL1_fusionBN0_drop0p2__wd1e-04trmiss40_trlocglobal,22,0.5255664338668188,0.6928586959838867,0.5059288537549407,0.5320082726262351,0.5111111111111111,0.0,0.0,0.0,0.0,0.0,0.0,0.0,0.0,0.0,,,,,18473,global,0.4
5,2,lr1e-04_bs32_modL1_fusion32_fusionL1_fusionBN0_drop0p2__wd1e-04trmiss40_trlocglobal,32,0.0001,0.0001,1,32,1,False,0.2,lr1e-04_bs32_modL1_fusion32_fusionL1_fusionBN0_drop0p2__wd1e-04trmiss40_trlocglobal,23,0.5307888388633728,0.6920918822288513,0.5158102766798419,0.54369542919997,0.5111111111111111,0.0,0.0,0.0,0.0,0.0,0.0,0.0,0.0,0.0,,,,,18473,global,0.4
5,2,lr1e-04_bs32_modL1_fusion32_fusionL1_fusionBN0_drop0p2__wd1e-04trmiss40_trlocglobal,32,0.0001,0.0001,1,32,1,False,0.2,lr1e-04_bs32_modL1_fusion32_fusionL1_fusionBN0_drop0p2__wd1e-04trmiss40_trlocglobal,24,0.5426622132460276,0.6947065889835358,0.4980237154150197,0.5376087736120752,0.4888888888888889,0.0,0.0,0.0,0.0,0.0,0.0,0.0,0.0,0.0,,,,,18473,global,0.4
5,2,lr1e-04_bs32_modL1_fusion32_fusionL1_fusionBN0_drop0p2__wd1e-04trmiss40_trlocglobal,32,0.0001,0.0001,1,32,1,False,0.2,lr1e-04_bs32_modL1_fusion32_fusionL1_fusionBN0_drop0p2__wd1e-04trmiss40_trlocglobal,25,0.5228199064731598,0.6969906389713287,0.4802371541501976,0.5234156715519815,0.4666666666666667,0.0,0.0,0.0,0.0,0.0,0.0,0.0,0.0,0.0,,,,,18473,global,0.4
5,2,lr1e-04_bs32_modL1_fusion32_fusionL1_fusionBN0_drop0p2__wd1e-04trmiss40_trlocglobal,32,0.0001,0.0001,1,32,1,False,0.2,lr1e-04_bs32_modL1_fusion32_fusionL1_fusionBN0_drop0p2__wd1e-04trmiss40_trlocglobal,26,0.5207329789797465,0.6962769627571106,0.4881422924901186,0.5201896548886087,0.5111111111111111,0.0,0.0,0.0,0.0,0.0,0.0,0.0,0.0,0.0,,,,,18473,global,0.4
5,2,lr1e-04_bs32_modL1_fusion32_fusionL1_fusionBN0_drop0p2__wd1e-04trmiss40_trlocglobal,32,0.0001,0.0001,1,32,1,False,0.2,lr1e-04_bs32_modL1_fusion32_fusionL1_fusionBN0_drop0p2__wd1e-04trmiss40_trlocglobal,27,0.5063538054625193,0.697291761636734,0.4881422924901186,0.5207285515633602,0.4888888888888889,0.0,0.0,0.0,0.0,0.0,0.0,0.0,0.0,0.0,,,,,18473,global,0.4
5,2,lr1e-04_bs32_modL1_fusion32_fusionL1_fusionBN0_drop0p2__wd1e-04trmiss40_trlocglobal,32,0.0001,0.0001,1,32,1,False,0.2,lr1e-04_bs32_modL1_fusion32_fusionL1_fusionBN0_drop0p2__wd1e-04trmiss40_trlocglobal,28,0.4979515125354131,0.699512779712677,0.4802371541501977,0.5178895820321076,0.4888888888888889,0.0,0.0,0.0,0.0,0.0,0.0,0.0,0.0,0.0,,,,,18473,global,0.4
5,2,lr1e-04_bs32_modL1_fusion32_fusionL1_fusionBN0_drop0p2__wd1e-04trmiss40_trlocglobal,32,0.0001,0.0001,1,32,1,False,0.2,lr1e-04_bs32_modL1_fusion32_fusionL1_fusionBN0_drop0p2__wd1e-04trmiss40_trlocglobal,29,0.5096845676501592,0.7006291449069977,0.4822134387351778,0.5168937218124081,0.4888888888888889,0.0,0.0,0.0,0.0,0.0,0.0,0.0,0.0,0.0,,,,,18473,global,0.4
5,2,lr1e-04_bs32_modL1_fusion32_fusionL1_fusionBN0_drop0p2__wd1e-04trmiss40_trlocglobal,32,0.0001,0.0001,1,32,1,False,0.2,lr1e-04_bs32_modL1_fusion32_fusionL1_fusionBN0_drop0p2__wd1e-04trmiss40_trlocglobal,30,0.49974046150843304,0.7004669904708862,0.47826086956521735,0.5163881936888459,0.4666666666666667,0.0,0.0,0.0,0.0,0.0,0.0,0.0,0.0,0.0,,,,,18473,global,0.4
5,2,lr1e-04_bs32_modL1_fusion32_fusionL1_fusionBN0_drop0p2__wd1e-04trmiss40_trlocglobal,32,0.0001,0.0001,1,32,1,False,0.2,lr1e-04_bs32_modL1_fusion32_fusionL1_fusionBN0_drop0p2__wd1e-04trmiss40_trlocglobal,31,0.4867818256219228,0.7007014453411102,0.4743083003952569,0.5340842591636537,0.4666666666666667,0.0,0.0,0.0,0.0,0.0,0.0,0.0,0.0,0.0,,,,,18473,global,0.4
5,2,lr1e-04_bs32_modL1_fusion32_fusionL1_fusionBN0_drop0p2__wd1e-04trmiss40_trlocglobal,32,0.0001,0.0001,1,32,1,False,0.2,lr1e-04_bs32_modL1_fusion32_fusionL1_fusionBN0_drop0p2__wd1e-04trmiss40_trlocglobal,32,0.48818011085192364,0.7019493281841278,0.4723320158102767,0.5339788399676161,0.4888888888888889,0.0,0.0,0.0,0.0,0.0,0.0,0.0,0.0,0.0,,,,,18473,global,0.4
5,2,lr1e-04_bs32_modL1_fusion32_fusionL1_fusionBN0_drop0p2__wd1e-04trmiss40_trlocglobal,32,0.0001,0.0001,1,32,1,False,0.2,lr1e-04_bs32_modL1_fusion32_fusionL1_fusionBN0_drop0p2__wd1e-04trmiss40_trlocglobal,33,0.4816703448692958,0.70450758934021,0.46442687747035577,0.5328102119657799,0.5111111111111111,0.0,0.0,0.0,0.0,0.0,0.0,0.0,0.0,0.0,,,,,18473,global,0.4
5,2,lr1e-04_bs32_modL1_fusion32_fusionL1_fusionBN0_drop0p2__wd1e-04trmiss40_trlocglobal,32,0.0001,0.0001,1,32,1,False,0.2,lr1e-04_bs32_modL1_fusion32_fusionL1_fusionBN0_drop0p2__wd1e-04trmiss40_trlocglobal,34,0.47971942524115246,0.7083529829978943,0.4644268774703557,0.5110496334812379,0.5111111111111111,0.0,0.0,0.0,0.0,0.0,0.0,0.0,0.0,0.0,,,,,18473,global,0.4
5,2,lr1e-04_bs32_modL1_fusion32_fusionL1_fusionBN0_drop0p2__wd1e-04trmiss40_trlocglobal,32,0.0001,0.0001,1,32,1,False,0.2,lr1e-04_bs32_modL1_fusion32_fusionL1_fusionBN0_drop0p2__wd1e-04trmiss40_trlocglobal,35,0.4814353634913762,0.7096326351165771,0.4624505928853755,0.5151045419236585,0.5111111111111111,0.0,0.0,0.0,0.0,0.0,0.0,0.0,0.0,0.0,,,,,18473,global,0.4
5,2,lr1e-04_bs32_modL1_fusion32_fusionL1_fusionBN0_drop0p2__wd1e-04trmiss40_trlocglobal,32,0.0001,0.0001,1,32,1,False,0.2,lr1e-04_bs32_modL1_fusion32_fusionL1_fusionBN0_drop0p2__wd1e-04trmiss40_trlocglobal,36,0.46417202055454254,0.7114667594432831,0.466403162055336,0.5364333003100318,0.4888888888888889,0.0,0.0,0.0,0.0,0.0,0.0,0.0,0.0,0.0,,,,,18473,global,0.4
5,2,lr1e-04_bs32_modL1_fusion32_fusionL1_fusionBN0_drop0p2__wd1e-04trmiss40_trlocglobal,32,0.0001,0.0001,1,32,1,False,0.2,lr1e-04_bs32_modL1_fusion32_fusionL1_fusionBN0_drop0p2__wd1e-04trmiss40_trlocglobal,37,0.46333902577559155,0.7135012447834015,0.46640316205533594,0.5421382948842789,0.4666666666666667,0.0,0.0,0.0,0.0,0.0,0.0,0.0,0.0,0.0,,,,,18473,global,0.4
5,2,lr1e-04_bs32_modL1_fusion32_fusionL1_fusionBN0_drop0p2__wd1e-04trmiss40_trlocglobal,32,0.0001,0.0001,1,32,1,False,0.2,lr1e-04_bs32_modL1_fusion32_fusionL1_fusionBN0_drop0p2__wd1e-04trmiss40_trlocglobal,38,0.4621555556853612,0.7119441032409668,0.45652173913043476,0.5388259957230205,0.4666666666666667,0.0,0.0,0.0,0.0,0.0,0.0,0.0,0.0,0.0,,,,,18473,global,0.4
5,2,lr1e-04_bs32_modL1_fusion32_fusionL1_fusionBN0_drop0p2__wd1e-04trmiss40_trlocglobal,32,0.0001,0.0001,1,32,1,False,0.2,lr1e-04_bs32_modL1_fusion32_fusionL1_fusionBN0_drop0p2__wd1e-04trmiss40_trlocglobal,39,0.4503145565589269,0.7124469578266144,0.4604743083003952,0.5408430404649848,0.4888888888888889,0.0,0.0,0.0,0.0,0.0,0.0,0.0,0.0,0.0,,,,,18473,global,0.4
5,2,lr1e-04_bs32_modL1_fusion32_fusionL1_fusionBN0_drop0p2__wd1e-04trmiss40_trlocglobal,32,0.0001,0.0001,1,32,1,False,0.2,lr1e-04_bs32_modL1_fusion32_fusionL1_fusionBN0_drop0p2__wd1e-04trmiss40_trlocglobal,40,0.442885955174764,0.7144683003425598,0.4545454545454546,0.539266991808552,0.4666666666666667,0.0,0.0,0.0,0.0,0.0,0.0,0.0,0.0,0.0,,,,,18473,global,0.4
5,2,lr1e-04_bs32_modL1_fusion32_fusionL1_fusionBN0_drop0p2__wd1e-04trmiss40_trlocglobal,32,0.0001,0.0001,1,32,1,False,0.2,lr1e-04_bs32_modL1_fusion32_fusionL1_fusionBN0_drop0p2__wd1e-04trmiss40_trlocglobal,41,0.4444882919390996,0.7178743481636047,0.44466403162055335,0.5348005680930904,0.4666666666666667,0.0,0.0,0.0,0.0,0.0,0.0,0.0,0.0,0.0,,,,,18473,global,0.4
5,2,lr1e-04_bs32_modL1_fusion32_fusionL1_fusionBN0_drop0p2__wd1e-04trmiss40_trlocglobal,32,0.0001,0.0001,1,32,1,False,0.2,lr1e-04_bs32_modL1_fusion32_fusionL1_fusionBN0_drop0p2__wd1e-04trmiss40_trlocglobal,42,0.4266927589972814,0.7188128530979156,0.4426877470355731,0.5390535435424114,0.4666666666666667,0.0,0.0,0.0,0.0,0.0,0.0,0.0,0.0,0.0,,,,,18473,global,0.4
5,2,lr1e-04_bs32_modL1_fusion32_fusionL1_fusionBN0_drop0p2__wd1e-04trmiss40_trlocglobal,32,0.0001,0.0001,1,32,1,False,0.2,lr1e-04_bs32_modL1_fusion32_fusionL1_fusionBN0_drop0p2__wd1e-04trmiss40_trlocglobal,43,0.44085004429022473,0.7184922099113464,0.4505928853754941,0.5215106071944777,0.4666666666666667,0.0,0.0,0.0,0.0,0.0,0.0,0.0,0.0,0.0,,,,,18473,global,0.4
5,2,lr1e-04_bs32_modL1_fusion32_fusionL1_fusionBN0_drop0p1__wd1e-04trmiss40_trlocglobal,32,0.0001,0.0001,1,32,1,False,0.1,lr1e-04_bs32_modL1_fusion32_fusionL1_fusionBN0_drop0p1__wd1e-04trmiss40_trlocglobal,1,0.7032089332739512,0.6866414546966553,0.5691699604743083,0.6356694908835056,0.6,0.0,0.0,0.0,0.0,0.0,0.0,0.0,0.0,0.0,,,,,18473,global,0.4
5,2,lr1e-04_bs32_modL1_fusion32_fusionL1_fusionBN0_drop0p1__wd1e-04trmiss40_trlocglobal,32,0.0001,0.0001,1,32,1,False,0.1,lr1e-04_bs32_modL1_fusion32_fusionL1_fusionBN0_drop0p1__wd1e-04trmiss40_trlocglobal,2,0.6844567457834879,0.6836295127868652,0.5750988142292489,0.6150803808883791,0.6,0.0,0.0,0.0,0.0,0.0,0.0,0.0,0.0,0.0,,,,,18473,global,0.4
5,2,lr1e-04_bs32_modL1_fusion32_fusionL1_fusionBN0_drop0p1__wd1e-04trmiss40_trlocglobal,32,0.0001,0.0001,1,32,1,False,0.1,lr1e-04_bs32_modL1_fusion32_fusionL1_fusionBN0_drop0p1__wd1e-04trmiss40_trlocglobal,3,0.6705537537733713,0.6803258955478668,0.5909090909090909,0.5938485004508004,0.5111111111111111,0.0,0.0,0.0,0.0,0.0,0.0,0.0,0.0,0.0,,,,,18473,global,0.4
5,2,lr1e-04_bs32_modL1_fusion32_fusionL1_fusionBN0_drop0p1__wd1e-04trmiss40_trlocglobal,32,0.0001,0.0001,1,32,1,False,0.1,lr1e-04_bs32_modL1_fusion32_fusionL1_fusionBN0_drop0p1__wd1e-04trmiss40_trlocglobal,4,0.6514253516991934,0.6769264340400696,0.6126482213438735,0.606812410168832,0.5333333333333333,0.0,0.0,0.0,0.0,0.0,0.0,0.0,0.0,0.0,,,,,18473,global,0.4
5,2,lr1e-04_bs32_modL1_fusion32_fusionL1_fusionBN0_drop0p1__wd1e-04trmiss40_trlocglobal,32,0.0001,0.0001,1,32,1,False,0.1,lr1e-04_bs32_modL1_fusion32_fusionL1_fusionBN0_drop0p1__wd1e-04trmiss40_trlocglobal,5,0.6391196648279825,0.6748691201210022,0.6185770750988142,0.6109599058573992,0.5333333333333333,0.0,0.0,0.0,0.0,0.0,0.0,0.0,0.0,0.0,,,,,18473,global,0.4
5,2,lr1e-04_bs32_modL1_fusion32_fusionL1_fusionBN0_drop0p1__wd1e-04trmiss40_trlocglobal,32,0.0001,0.0001,1,32,1,False,0.1,lr1e-04_bs32_modL1_fusion32_fusionL1_fusionBN0_drop0p1__wd1e-04trmiss40_trlocglobal,6,0.6268466711044312,0.6753037571907043,0.6146245059288538,0.5985487289547607,0.5111111111111111,0.0,0.0,0.0,0.0,0.0,0.0,0.0,0.0,0.0,,,,,18473,global,0.4
5,2,lr1e-04_bs32_modL1_fusion32_fusionL1_fusionBN0_drop0p1__wd1e-04trmiss40_trlocglobal,32,0.0001,0.0001,1,32,1,False,0.1,lr1e-04_bs32_modL1_fusion32_fusionL1_fusionBN0_drop0p1__wd1e-04trmiss40_trlocglobal,7,0.6220871011416117,0.6757914423942566,0.5968379446640317,0.5894176884419295,0.4888888888888889,0.0,0.0,0.0,0.0,0.0,0.0,0.0,0.0,0.0,,,,,18473,global,0.4
5,2,lr1e-04_bs32_modL1_fusion32_fusionL1_fusionBN0_drop0p1__wd1e-04trmiss40_trlocglobal,32,0.0001,0.0001,1,32,1,False,0.1,lr1e-04_bs32_modL1_fusion32_fusionL1_fusionBN0_drop0p1__wd1e-04trmiss40_trlocglobal,8,0.6162132322788239,0.6736246943473816,0.5968379446640316,0.5947588505114769,0.5777777777777777,0.0,0.0,0.0,0.0,0.0,0.0,0.0,0.0,0.0,,,,,18473,global,0.4
5,2,lr1e-04_bs32_modL1_fusion32_fusionL1_fusionBN0_drop0p1__wd1e-04trmiss40_trlocglobal,32,0.0001,0.0001,1,32,1,False,0.1,lr1e-04_bs32_modL1_fusion32_fusionL1_fusionBN0_drop0p1__wd1e-04trmiss40_trlocglobal,9,0.6128048996130625,0.6731086671352386,0.6106719367588933,0.59751315048476,0.5111111111111111,0.0,0.0,0.0,0.0,0.0,0.0,0.0,0.0,0.0,,,,,18473,global,0.4
5,2,lr1e-04_bs32_modL1_fusion32_fusionL1_fusionBN0_drop0p1__wd1e-04trmiss40_trlocglobal,32,0.0001,0.0001,1,32,1,False,0.1,lr1e-04_bs32_modL1_fusion32_fusionL1_fusionBN0_drop0p1__wd1e-04trmiss40_trlocglobal,10,0.5920118093490601,0.6725750267505646,0.6304347826086956,0.6047035386827663,0.5111111111111111,0.0,0.0,0.0,0.0,0.0,0.0,0.0,0.0,0.0,,,,,18473,global,0.4
5,2,lr1e-04_bs32_modL1_fusion32_fusionL1_fusionBN0_drop0p1__wd1e-04trmiss40_trlocglobal,32,0.0001,0.0001,1,32,1,False,0.1,lr1e-04_bs32_modL1_fusion32_fusionL1_fusionBN0_drop0p1__wd1e-04trmiss40_trlocglobal,11,0.59443927804629,0.6747842133045197,0.6126482213438735,0.59660104636681,0.5333333333333333,0.0,0.0,0.0,0.0,0.0,0.0,0.0,0.0,0.0,,,,,18473,global,0.4
5,2,lr1e-04_bs32_modL1_fusion32_fusionL1_fusionBN0_drop0p1__wd1e-04trmiss40_trlocglobal,32,0.0001,0.0001,1,32,1,False,0.1,lr1e-04_bs32_modL1_fusion32_fusionL1_fusionBN0_drop0p1__wd1e-04trmiss40_trlocglobal,12,0.5815336406230927,0.6760281324386597,0.6126482213438735,0.5913182760139774,0.5333333333333333,0.0,0.0,0.0,0.0,0.0,0.0,0.0,0.0,0.0,,,,,18473,global,0.4
5,2,lr1e-04_bs32_modL1_fusion32_fusionL1_fusionBN0_drop0p1__wd1e-04trmiss40_trlocglobal,32,0.0001,0.0001,1,32,1,False,0.1,lr1e-04_bs32_modL1_fusion32_fusionL1_fusionBN0_drop0p1__wd1e-04trmiss40_trlocglobal,13,0.5794971684614817,0.6764341294765472,0.6185770750988143,0.5901316413992598,0.5333333333333333,0.0,0.0,0.0,0.0,0.0,0.0,0.0,0.0,0.0,,,,,18473,global,0.4
5,2,lr1e-04_bs32_modL1_fusion32_fusionL1_fusionBN0_drop0p1__wd1e-04trmiss40_trlocglobal,32,0.0001,0.0001,1,32,1,False,0.1,lr1e-04_bs32_modL1_fusion32_fusionL1_fusionBN0_drop0p1__wd1e-04trmiss40_trlocglobal,14,0.5619884729385376,0.6774232089519501,0.6146245059288538,0.5930507158608181,0.5333333333333333,0.0,0.0,0.0,0.0,0.0,0.0,0.0,0.0,0.0,,,,,18473,global,0.4
5,2,lr1e-04_bs32_modL1_fusion32_fusionL1_fusionBN0_drop0p1__wd1e-04trmiss40_trlocglobal,32,0.0001,0.0001,1,32,1,False,0.1,lr1e-04_bs32_modL1_fusion32_fusionL1_fusionBN0_drop0p1__wd1e-04trmiss40_trlocglobal,15,0.5543754895528158,0.6780447959899902,0.6106719367588933,0.5909637727101393,0.5555555555555556,0.0,0.0,0.0,0.0,0.0,0.0,0.0,0.0,0.0,,,,,18473,global,0.4
5,2,lr1e-04_bs32_modL1_fusion32_fusionL1_fusionBN0_drop0p1__wd1e-04trmiss40_trlocglobal,32,0.0001,0.0001,1,32,1,False,0.1,lr1e-04_bs32_modL1_fusion32_fusionL1_fusionBN0_drop0p1__wd1e-04trmiss40_trlocglobal,16,0.5461054543654124,0.6779386103153229,0.6067193675889329,0.5898024463657613,0.5777777777777777,0.0,0.0,0.0,0.0,0.0,0.0,0.0,0.0,0.0,,,,,18473,global,0.4
5,2,lr1e-04_bs32_modL1_fusion32_fusionL1_fusionBN0_drop0p1__wd1e-04trmiss40_trlocglobal,32,0.0001,0.0001,1,32,1,False,0.1,lr1e-04_bs32_modL1_fusion32_fusionL1_fusionBN0_drop0p1__wd1e-04trmiss40_trlocglobal,17,0.5382648408412933,0.6807727217674255,0.5790513833992095,0.5769667917357326,0.5777777777777777,0.0,0.0,0.0,0.0,0.0,0.0,0.0,0.0,0.0,,,,,18473,global,0.4
5,2,lr1e-04_bs32_modL1_fusion32_fusionL1_fusionBN0_drop0p1__wd1e-04trmiss40_trlocglobal,32,0.0001,0.0001,1,32,1,False,0.1,lr1e-04_bs32_modL1_fusion32_fusionL1_fusionBN0_drop0p1__wd1e-04trmiss40_trlocglobal,18,0.535722533861796,0.6820174157619476,0.5612648221343873,0.5709265731065541,0.5555555555555556,0.0,0.0,0.0,0.0,0.0,0.0,0.0,0.0,0.0,,,,,18473,global,0.4
5,2,lr1e-04_bs32_modL1_fusion32_fusionL1_fusionBN0_drop0p1__wd1e-04trmiss40_trlocglobal,32,0.0001,0.0001,1,32,1,False,0.1,lr1e-04_bs32_modL1_fusion32_fusionL1_fusionBN0_drop0p1__wd1e-04trmiss40_trlocglobal,19,0.5249786227941513,0.6806639432907104,0.5691699604743082,0.567011431294852,0.5555555555555556,0.0,0.0,0.0,0.0,0.0,0.0,0.0,0.0,0.0,,,,,18473,global,0.4
5,2,lr1e-04_bs32_modL1_fusion32_fusionL1_fusionBN0_drop0p1__wd1e-04trmiss40_trlocglobal,32,0.0001,0.0001,1,32,1,False,0.1,lr1e-04_bs32_modL1_fusion32_fusionL1_fusionBN0_drop0p1__wd1e-04trmiss40_trlocglobal,20,0.525425136089325,0.6782243251800537,0.5711462450592886,0.5674253740428908,0.5777777777777777,0.0,0.0,0.0,0.0,0.0,0.0,0.0,0.0,0.0,,,,,18473,global,0.4
5,2,lr1e-04_bs32_modL1_fusion32_fusionL1_fusionBN0_drop0p1__wd1e-04trmiss40_trlocglobal,32,0.0001,0.0001,1,32,1,False,0.1,lr1e-04_bs32_modL1_fusion32_fusionL1_fusionBN0_drop0p1__wd1e-04trmiss40_trlocglobal,21,0.5223315556844076,0.6784077286720276,0.5652173913043478,0.5671420420231206,0.5555555555555556,0.0,0.0,0.0,0.0,0.0,0.0,0.0,0.0,0.0,,,,,18473,global,0.4
5,2,lr1e-04_bs32_modL1_fusion32_fusionL1_fusionBN0_drop0p1__wd1e-04trmiss40_trlocglobal,32,0.0001,0.0001,1,32,1,False,0.1,lr1e-04_bs32_modL1_fusion32_fusionL1_fusionBN0_drop0p1__wd1e-04trmiss40_trlocglobal,22,0.5128318766752878,0.6775952577590942,0.567193675889328,0.5835288814867766,0.5777777777777777,0.0,0.0,0.0,0.0,0.0,0.0,0.0,0.0,0.0,,,,,18473,global,0.4
5,2,lr1e-04_bs32_modL1_fusion32_fusionL1_fusionBN0_drop0p1__wd1e-04trmiss40_trlocglobal,32,0.0001,0.0001,1,32,1,False,0.1,lr1e-04_bs32_modL1_fusion32_fusionL1_fusionBN0_drop0p1__wd1e-04trmiss40_trlocglobal,23,0.5032459149758021,0.6796311140060425,0.5652173913043478,0.5734119093705866,0.5555555555555556,0.0,0.0,0.0,0.0,0.0,0.0,0.0,0.0,0.0,,,,,18473,global,0.4
5,2,lr1e-04_bs32_modL1_fusion32_fusionL1_fusionBN0_drop0p1__wd1e-04trmiss40_trlocglobal,32,0.0001,0.0001,1,32,1,False,0.1,lr1e-04_bs32_modL1_fusion32_fusionL1_fusionBN0_drop0p1__wd1e-04trmiss40_trlocglobal,24,0.4966108004252116,0.6815320551395416,0.541501976284585,0.5665830561610612,0.5777777777777777,0.0,0.0,0.0,0.0,0.0,0.0,0.0,0.0,0.0,,,,,18473,global,0.4
5,2,lr1e-04_bs32_modL1_fusion32_fusionL1_fusionBN0_drop0p1__wd1e-04trmiss40_trlocglobal,32,0.0001,0.0001,1,32,1,False,0.1,lr1e-04_bs32_modL1_fusion32_fusionL1_fusionBN0_drop0p1__wd1e-04trmiss40_trlocglobal,25,0.49878134330113727,0.6794687211513519,0.5434782608695652,0.5711662138236849,0.5777777777777777,0.0,0.0,0.0,0.0,0.0,0.0,0.0,0.0,0.0,,,,,18473,global,0.4
5,2,lr1e-04_bs32_modL1_fusion32_fusionL1_fusionBN0_drop0p1__wd1e-04trmiss40_trlocglobal,32,0.0001,0.0001,1,32,1,False,0.1,lr1e-04_bs32_modL1_fusion32_fusionL1_fusionBN0_drop0p1__wd1e-04trmiss40_trlocglobal,26,0.48526403307914734,0.6788918972015381,0.5513833992094862,0.576523823135387,0.5777777777777777,0.0,0.0,0.0,0.0,0.0,0.0,0.0,0.0,0.0,,,,,18473,global,0.4
5,2,lr1e-04_bs32_modL1_fusion32_fusionL1_fusionBN0_drop0p1__wd1e-04trmiss40_trlocglobal,32,0.0001,0.0001,1,32,1,False,0.1,lr1e-04_bs32_modL1_fusion32_fusionL1_fusionBN0_drop0p1__wd1e-04trmiss40_trlocglobal,27,0.47552675505479175,0.6799894273281097,0.5513833992094862,0.5757856210744391,0.6,0.0,0.0,0.0,0.0,0.0,0.0,0.0,0.0,0.0,,,,,18473,global,0.4
5,2,lr1e-04_bs32_modL1_fusion32_fusionL1_fusionBN0_drop0p1__wd1e-04trmiss40_trlocglobal,32,0.0001,0.0001,1,32,1,False,0.1,lr1e-04_bs32_modL1_fusion32_fusionL1_fusionBN0_drop0p1__wd1e-04trmiss40_trlocglobal,28,0.476067175467809,0.6817979514598846,0.5375494071146245,0.5632951570381539,0.6,0.0,0.0,0.0,0.0,0.0,0.0,0.0,0.0,0.0,,,,,18473,global,0.4
5,2,lr1e-04_bs32_modL1_fusion32_fusionL1_fusionBN0_drop0p1__wd1e-04trmiss40_trlocglobal,32,0.0001,0.0001,1,32,1,False,0.1,lr1e-04_bs32_modL1_fusion32_fusionL1_fusionBN0_drop0p1__wd1e-04trmiss40_trlocglobal,29,0.4712861677010854,0.6835077106952667,0.5197628458498024,0.5460166009379402,0.5777777777777777,0.0,0.0,0.0,0.0,0.0,0.0,0.0,0.0,0.0,,,,,18473,global,0.4
5,2,lr1e-04_bs32_modL1_fusion32_fusionL1_fusionBN0_drop0p1__wd1e-04trmiss40_trlocglobal,32,0.0001,0.0001,1,32,1,False,0.1,lr1e-04_bs32_modL1_fusion32_fusionL1_fusionBN0_drop0p1__wd1e-04trmiss40_trlocglobal,30,0.46031642456849414,0.680663675069809,0.5573122529644269,0.5804595004947588,0.6,0.0,0.0,0.0,0.0,0.0,0.0,0.0,0.0,0.0,,,,,18473,global,0.4
5,2,lr5e-05_bs32_modL1_fusion16_fusionL1_fusionBN0_drop0p2__wd1e-04trmiss40_trlocglobal,32,5e-05,0.0001,1,16,1,False,0.2,lr5e-05_bs32_modL1_fusion16_fusionL1_fusionBN0_drop0p2__wd1e-04trmiss40_trlocglobal,1,0.6932334005832672,0.6983737051486969,0.46245059288537543,0.5506866426673127,0.4444444444444444,0.0,0.0,0.0,0.0,0.0,0.0,0.0,0.0,0.0,,,,,18473,global,0.4
5,2,lr5e-05_bs32_modL1_fusion16_fusionL1_fusionBN0_drop0p2__wd1e-04trmiss40_trlocglobal,32,5e-05,0.0001,1,16,1,False,0.2,lr5e-05_bs32_modL1_fusion16_fusionL1_fusionBN0_drop0p2__wd1e-04trmiss40_trlocglobal,2,0.689173698425293,0.6986518502235413,0.4723320158102766,0.5550723773239411,0.5333333333333333,0.0,0.0,0.0,0.0,0.0,0.0,0.0,0.0,0.0,,,,,18473,global,0.4
5,2,lr5e-05_bs32_modL1_fusion16_fusionL1_fusionBN0_drop0p2__wd1e-04trmiss40_trlocglobal,32,5e-05,0.0001,1,16,1,False,0.2,lr5e-05_bs32_modL1_fusion16_fusionL1_fusionBN0_drop0p2__wd1e-04trmiss40_trlocglobal,3,0.681487500667572,0.6996100842952728,0.49209486166007904,0.5628752034910731,0.5333333333333333,0.0,0.0,0.0,0.0,0.0,0.0,0.0,0.0,0.0,,,,,18473,global,0.4
5,2,lr5e-05_bs32_modL1_fusion16_fusionL1_fusionBN0_drop0p2__wd1e-04trmiss40_trlocglobal,32,5e-05,0.0001,1,16,1,False,0.2,lr5e-05_bs32_modL1_fusion16_fusionL1_fusionBN0_drop0p2__wd1e-04trmiss40_trlocglobal,4,0.6689442495505015,0.7003382742404938,0.49604743083003955,0.5505308731967934,0.5333333333333333,0.0,0.0,0.0,0.0,0.0,0.0,0.0,0.0,0.0,,,,,18473,global,0.4
5,2,lr5e-05_bs32_modL1_fusion16_fusionL1_fusionBN0_drop0p2__wd1e-04trmiss40_trlocglobal,32,5e-05,0.0001,1,16,1,False,0.2,lr5e-05_bs32_modL1_fusion16_fusionL1_fusionBN0_drop0p2__wd1e-04trmiss40_trlocglobal,5,0.6706758439540863,0.7009309530258179,0.49407114624505927,0.5451108813373209,0.5111111111111111,0.0,0.0,0.0,0.0,0.0,0.0,0.0,0.0,0.0,,,,,18473,global,0.4
5,2,lr5e-05_bs32_modL1_fusion16_fusionL1_fusionBN0_drop0p2__wd1e-04trmiss40_trlocglobal,32,5e-05,0.0001,1,16,1,False,0.2,lr5e-05_bs32_modL1_fusion16_fusionL1_fusionBN0_drop0p2__wd1e-04trmiss40_trlocglobal,6,0.662406196196874,0.7009816467761993,0.49407114624505927,0.5664921197877787,0.5111111111111111,0.0,0.0,0.0,0.0,0.0,0.0,0.0,0.0,0.0,,,,,18473,global,0.4
5,2,lr5e-05_bs32_modL1_fusion16_fusionL1_fusionBN0_drop0p2__wd1e-04trmiss40_trlocglobal,32,5e-05,0.0001,1,16,1,False,0.2,lr5e-05_bs32_modL1_fusion16_fusionL1_fusionBN0_drop0p2__wd1e-04trmiss40_trlocglobal,7,0.6550350685914358,0.7009858787059784,0.49407114624505927,0.5892065386488821,0.5111111111111111,0.0,0.0,0.0,0.0,0.0,0.0,0.0,0.0,0.0,,,,,18473,global,0.4
5,2,lr5e-05_bs32_modL1_fusion16_fusionL1_fusionBN0_drop0p2__wd1e-04trmiss40_trlocglobal,32,5e-05,0.0001,1,16,1,False,0.2,lr5e-05_bs32_modL1_fusion16_fusionL1_fusionBN0_drop0p2__wd1e-04trmiss40_trlocglobal,8,0.6518050829569498,0.6997546851634979,0.5138339920948616,0.60722781134676,0.5111111111111111,0.0,0.0,0.0,0.0,0.0,0.0,0.0,0.0,0.0,,,,,18473,global,0.4
5,2,lr5e-05_bs32_modL1_fusion16_fusionL1_fusionBN0_drop0p2__wd1e-04trmiss40_trlocglobal,32,5e-05,0.0001,1,16,1,False,0.2,lr5e-05_bs32_modL1_fusion16_fusionL1_fusionBN0_drop0p2__wd1e-04trmiss40_trlocglobal,9,0.6549991766611735,0.6988106369972229,0.5177865612648221,0.6160913107462732,0.5111111111111111,0.0,0.0,0.0,0.0,0.0,0.0,0.0,0.0,0.0,,,,,18473,global,0.4
5,2,lr5e-05_bs32_modL1_fusion16_fusionL1_fusionBN0_drop0p2__wd1e-04trmiss40_trlocglobal,32,5e-05,0.0001,1,16,1,False,0.2,lr5e-05_bs32_modL1_fusion16_fusionL1_fusionBN0_drop0p2__wd1e-04trmiss40_trlocglobal,10,0.6498807470003763,0.6986661553382874,0.5237154150197628,0.6156779629861471,0.5111111111111111,0.0,0.0,0.0,0.0,0.0,0.0,0.0,0.0,0.0,,,,,18473,global,0.4
5,2,lr5e-05_bs32_modL1_fusion16_fusionL1_fusionBN0_drop0p2__wd1e-04trmiss40_trlocglobal,32,5e-05,0.0001,1,16,1,False,0.2,lr5e-05_bs32_modL1_fusion16_fusionL1_fusionBN0_drop0p2__wd1e-04trmiss40_trlocglobal,11,0.64605513215065,0.7003489136695862,0.5217391304347826,0.5838826946124289,0.5111111111111111,0.0,0.0,0.0,0.0,0.0,0.0,0.0,0.0,0.0,,,,,18473,global,0.4
5,2,lr5e-05_bs32_modL1_fusion16_fusionL1_fusionBN0_drop0p2__wd1e-04trmiss40_trlocglobal,32,5e-05,0.0001,1,16,1,False,0.2,lr5e-05_bs32_modL1_fusion16_fusionL1_fusionBN0_drop0p2__wd1e-04trmiss40_trlocglobal,12,0.6415556569894155,0.7003737092018127,0.517786561264822,0.5751231835492961,0.5111111111111111,0.0,0.0,0.0,0.0,0.0,0.0,0.0,0.0,0.0,,,,,18473,global,0.4
5,2,lr5e-05_bs32_modL1_fusion16_fusionL1_fusionBN0_drop0p2__wd1e-04trmiss40_trlocglobal,32,5e-05,0.0001,1,16,1,False,0.2,lr5e-05_bs32_modL1_fusion16_fusionL1_fusionBN0_drop0p2__wd1e-04trmiss40_trlocglobal,13,0.6334616839885712,0.7006337344646454,0.5158102766798418,0.5664771351206389,0.5111111111111111,0.0,0.0,0.0,0.0,0.0,0.0,0.0,0.0,0.0,,,,,18473,global,0.4
5,2,lr5e-05_bs32_modL1_fusion16_fusionL1_fusionBN0_drop0p2__wd1e-04trmiss40_trlocglobal,32,5e-05,0.0001,1,16,1,False,0.2,lr5e-05_bs32_modL1_fusion16_fusionL1_fusionBN0_drop0p2__wd1e-04trmiss40_trlocglobal,14,0.6280486782391866,0.7009065747261047,0.5098814229249011,0.5582069492656356,0.4888888888888889,0.0,0.0,0.0,0.0,0.0,0.0,0.0,0.0,0.0,,,,,18473,global,0.4
5,2,lr5e-05_bs32_modL1_fusion16_fusionL1_fusionBN0_drop0p2__wd1e-04trmiss40_trlocglobal,32,5e-05,0.0001,1,16,1,False,0.2,lr5e-05_bs32_modL1_fusion16_fusionL1_fusionBN0_drop0p2__wd1e-04trmiss40_trlocglobal,15,0.6301310360431671,0.7018296122550964,0.4980237154150198,0.5472937854155059,0.4222222222222222,0.0,0.0,0.0,0.0,0.0,0.0,0.0,0.0,0.0,,,,,18473,global,0.4
5,2,lr5e-05_bs32_modL1_fusion16_fusionL1_fusionBN0_drop0p2__wd1e-04trmiss40_trlocglobal,32,5e-05,0.0001,1,16,1,False,0.2,lr5e-05_bs32_modL1_fusion16_fusionL1_fusionBN0_drop0p2__wd1e-04trmiss40_trlocglobal,16,0.6336027880509695,0.70199254155159,0.4901185770750988,0.5359651005326113,0.4666666666666667,0.0,0.0,0.0,0.0,0.0,0.0,0.0,0.0,0.0,,,,,18473,global,0.4
5,2,lr5e-05_bs32_modL1_fusion16_fusionL1_fusionBN0_drop0p2__wd1e-04trmiss40_trlocglobal,32,5e-05,0.0001,1,16,1,False,0.2,lr5e-05_bs32_modL1_fusion16_fusionL1_fusionBN0_drop0p2__wd1e-04trmiss40_trlocglobal,17,0.6273360451062521,0.7028757035732269,0.4980237154150198,0.5397027054143809,0.4666666666666667,0.0,0.0,0.0,0.0,0.0,0.0,0.0,0.0,0.0,,,,,18473,global,0.4
5,2,lr5e-05_bs32_modL1_fusion16_fusionL1_fusionBN0_drop0p2__wd1e-04trmiss40_trlocglobal,32,5e-05,0.0001,1,16,1,False,0.2,lr5e-05_bs32_modL1_fusion16_fusionL1_fusionBN0_drop0p2__wd1e-04trmiss40_trlocglobal,18,0.6244047383467356,0.7015657424926758,0.5059288537549407,0.5721041816844801,0.4666666666666667,0.0,0.0,0.0,0.0,0.0,0.0,0.0,0.0,0.0,,,,,18473,global,0.4
5,2,lr5e-05_bs32_modL1_fusion16_fusionL1_fusionBN0_drop0p2__wd1e-04trmiss40_trlocglobal,32,5e-05,0.0001,1,16,1,False,0.2,lr5e-05_bs32_modL1_fusion16_fusionL1_fusionBN0_drop0p2__wd1e-04trmiss40_trlocglobal,19,0.6184860070546468,0.7003613114356995,0.5098814229249011,0.5862582443459329,0.4888888888888889,0.0,0.0,0.0,0.0,0.0,0.0,0.0,0.0,0.0,,,,,18473,global,0.4
5,2,lr5e-05_bs32_modL1_fusion16_fusionL1_fusionBN0_drop0p2__wd1e-04trmiss40_trlocglobal,32,5e-05,0.0001,1,16,1,False,0.2,lr5e-05_bs32_modL1_fusion16_fusionL1_fusionBN0_drop0p2__wd1e-04trmiss40_trlocglobal,20,0.6143198013305664,0.7005425989627838,0.4960474308300395,0.5719753578290867,0.4888888888888889,0.0,0.0,0.0,0.0,0.0,0.0,0.0,0.0,0.0,,,,,18473,global,0.4
5,2,lr5e-05_bs32_modL1_fusion16_fusionL1_fusionBN0_drop0p2__wd1e-04trmiss40_trlocglobal,32,5e-05,0.0001,1,16,1,False,0.2,lr5e-05_bs32_modL1_fusion16_fusionL1_fusionBN0_drop0p2__wd1e-04trmiss40_trlocglobal,21,0.6147202054659525,0.7014125287532806,0.48023715415019763,0.5553630663127032,0.4444444444444444,0.0,0.0,0.0,0.0,0.0,0.0,0.0,0.0,0.0,,,,,18473,global,0.4
5,2,lr5e-05_bs32_modL1_fusion16_fusionL1_fusionBN0_drop0p2__wd1e-04trmiss40_trlocglobal,32,5e-05,0.0001,1,16,1,False,0.2,lr5e-05_bs32_modL1_fusion16_fusionL1_fusionBN0_drop0p2__wd1e-04trmiss40_trlocglobal,22,0.6060453454653422,0.7037447690963745,0.4743083003952569,0.5334631582171429,0.4666666666666667,0.0,0.0,0.0,0.0,0.0,0.0,0.0,0.0,0.0,,,,,18473,global,0.4
5,2,lr5e-05_bs32_modL1_fusion16_fusionL1_fusionBN0_drop0p2__wd1e-04trmiss40_trlocglobal,32,5e-05,0.0001,1,16,1,False,0.2,lr5e-05_bs32_modL1_fusion16_fusionL1_fusionBN0_drop0p2__wd1e-04trmiss40_trlocglobal,23,0.6024610102176666,0.7047446966171265,0.48023715415019763,0.5369546936779878,0.4666666666666667,0.0,0.0,0.0,0.0,0.0,0.0,0.0,0.0,0.0,,,,,18473,global,0.4
5,2,lr5e-05_bs32_modL1_fusion16_fusionL1_fusionBN0_drop0p2__wd1e-04trmiss40_trlocglobal,32,5e-05,0.0001,1,16,1,False,0.2,lr5e-05_bs32_modL1_fusion16_fusionL1_fusionBN0_drop0p2__wd1e-04trmiss40_trlocglobal,24,0.6059729158878326,0.7051853835582733,0.46245059288537543,0.5103604620323523,0.4888888888888889,0.0,0.0,0.0,0.0,0.0,0.0,0.0,0.0,0.0,,,,,18473,global,0.4
5,2,lr5e-05_bs32_modL1_fusion16_fusionL1_fusionBN0_drop0p2__wd1e-04trmiss40_trlocglobal,32,5e-05,0.0001,1,16,1,False,0.2,lr5e-05_bs32_modL1_fusion16_fusionL1_fusionBN0_drop0p2__wd1e-04trmiss40_trlocglobal,25,0.6120707293351492,0.7049683630466461,0.4762845849802371,0.5169858262844974,0.4888888888888889,0.0,0.0,0.0,0.0,0.0,0.0,0.0,0.0,0.0,,,,,18473,global,0.4
5,2,lr5e-05_bs32_modL1_fusion16_fusionL1_fusionBN0_drop0p2__wd1e-04trmiss40_trlocglobal,32,5e-05,0.0001,1,16,1,False,0.2,lr5e-05_bs32_modL1_fusion16_fusionL1_fusionBN0_drop0p2__wd1e-04trmiss40_trlocglobal,26,0.6042796671390533,0.7051994502544403,0.47233201581027673,0.5256426649507022,0.4666666666666667,0.0,0.0,0.0,0.0,0.0,0.0,0.0,0.0,0.0,,,,,18473,global,0.4
5,2,lr5e-05_bs32_modL1_fusion16_fusionL1_fusionBN0_drop0p2__wd1e-04trmiss40_trlocglobal,32,5e-05,0.0001,1,16,1,False,0.2,lr5e-05_bs32_modL1_fusion16_fusionL1_fusionBN0_drop0p2__wd1e-04trmiss40_trlocglobal,27,0.6043413082758585,0.705369770526886,0.4861660079051383,0.5394135228683725,0.4888888888888889,0.0,0.0,0.0,0.0,0.0,0.0,0.0,0.0,0.0,,,,,18473,global,0.4
5,2,lr5e-05_bs32_modL1_fusion16_fusionL1_fusionBN0_drop0p2__wd1e-04trmiss40_trlocglobal,32,5e-05,0.0001,1,16,1,False,0.2,lr5e-05_bs32_modL1_fusion16_fusionL1_fusionBN0_drop0p2__wd1e-04trmiss40_trlocglobal,28,0.6020381053288778,0.7065158486366272,0.4881422924901186,0.5219296763266184,0.4888888888888889,0.0,0.0,0.0,0.0,0.0,0.0,0.0,0.0,0.0,,,,,18473,global,0.4
5,2,lr5e-05_bs32_modL1_fusion16_fusionL1_fusionBN0_drop0p2__wd1e-04trmiss40_trlocglobal,32,5e-05,0.0001,1,16,1,False,0.2,lr5e-05_bs32_modL1_fusion16_fusionL1_fusionBN0_drop0p2__wd1e-04trmiss40_trlocglobal,29,0.5863325397173563,0.7070259153842926,0.4841897233201581,0.5144285305206799,0.4888888888888889,0.0,0.0,0.0,0.0,0.0,0.0,0.0,0.0,0.0,,,,,18473,global,0.4
5,2,lr5e-05_bs32_modL1_fusion16_fusionL1_fusionBN0_drop0p2__wd1e-04trmiss40_trlocglobal,32,5e-05,0.0001,1,16,1,False,0.2,lr5e-05_bs32_modL1_fusion16_fusionL1_fusionBN0_drop0p2__wd1e-04trmiss40_trlocglobal,30,0.5893154342969259,0.7070961594581604,0.48221343873517786,0.5148045751797781,0.4888888888888889,0.0,0.0,0.0,0.0,0.0,0.0,0.0,0.0,0.0,,,,,18473,global,0.4
5,2,lr5e-05_bs32_modL1_fusion16_fusionL1_fusionBN0_drop0p1__wd1e-04trmiss40_trlocglobal,32,5e-05,0.0001,1,16,1,False,0.1,lr5e-05_bs32_modL1_fusion16_fusionL1_fusionBN0_drop0p1__wd1e-04trmiss40_trlocglobal,1,0.70909383893013,0.699336588382721,0.5256916996047432,0.5000825513466712,0.4888888888888889,0.0,0.0,0.0,0.0,0.0,0.0,0.0,0.0,0.0,,,,,18473,global,0.4
5,2,lr5e-05_bs32_modL1_fusion16_fusionL1_fusionBN0_drop0p1__wd1e-04trmiss40_trlocglobal,32,5e-05,0.0001,1,16,1,False,0.1,lr5e-05_bs32_modL1_fusion16_fusionL1_fusionBN0_drop0p1__wd1e-04trmiss40_trlocglobal,2,0.6936951776345571,0.6999335289001465,0.5256916996047432,0.49991674594905605,0.4888888888888889,0.0,0.0,0.0,0.0,0.0,0.0,0.0,0.0,0.0,,,,,18473,global,0.4
5,2,lr5e-05_bs32_modL1_fusion16_fusionL1_fusionBN0_drop0p1__wd1e-04trmiss40_trlocglobal,32,5e-05,0.0001,1,16,1,False,0.1,lr5e-05_bs32_modL1_fusion16_fusionL1_fusionBN0_drop0p1__wd1e-04trmiss40_trlocglobal,3,0.6837082703908285,0.7005387842655182,0.5197628458498024,0.4956715142937075,0.4888888888888889,0.0,0.0,0.0,0.0,0.0,0.0,0.0,0.0,0.0,,,,,18473,global,0.4
5,2,lr5e-05_bs32_modL1_fusion16_fusionL1_fusionBN0_drop0p1__wd1e-04trmiss40_trlocglobal,32,5e-05,0.0001,1,16,1,False,0.1,lr5e-05_bs32_modL1_fusion16_fusionL1_fusionBN0_drop0p1__wd1e-04trmiss40_trlocglobal,4,0.6805501778920492,0.7014438211917877,0.5158102766798419,0.49641265790566264,0.4888888888888889,0.0,0.0,0.0,0.0,0.0,0.0,0.0,0.0,0.0,,,,,18473,global,0.4
5,2,lr5e-05_bs32_modL1_fusion16_fusionL1_fusionBN0_drop0p1__wd1e-04trmiss40_trlocglobal,32,5e-05,0.0001,1,16,1,False,0.1,lr5e-05_bs32_modL1_fusion16_fusionL1_fusionBN0_drop0p1__wd1e-04trmiss40_trlocglobal,5,0.674525628487269,0.7024275064468384,0.4980237154150197,0.48659025406214745,0.4888888888888889,0.0,0.0,0.0,0.0,0.0,0.0,0.0,0.0,0.0,,,,,18473,global,0.4
5,2,lr5e-05_bs32_modL1_fusion16_fusionL1_fusionBN0_drop0p1__wd1e-04trmiss40_trlocglobal,32,5e-05,0.0001,1,16,1,False,0.1,lr5e-05_bs32_modL1_fusion16_fusionL1_fusionBN0_drop0p1__wd1e-04trmiss40_trlocglobal,6,0.6717552642027537,0.7022708654403687,0.5039525691699605,0.4927699271283463,0.4888888888888889,0.0,0.0,0.0,0.0,0.0,0.0,0.0,0.0,0.0,,,,,18473,global,0.4
5,2,lr5e-05_bs32_modL1_fusion16_fusionL1_fusionBN0_drop0p1__wd1e-04trmiss40_trlocglobal,32,5e-05,0.0001,1,16,1,False,0.1,lr5e-05_bs32_modL1_fusion16_fusionL1_fusionBN0_drop0p1__wd1e-04trmiss40_trlocglobal,7,0.6646181046962738,0.7020004987716675,0.5019762845849802,0.4883374345864352,0.4888888888888889,0.0,0.0,0.0,0.0,0.0,0.0,0.0,0.0,0.0,,,,,18473,global,0.4
5,2,lr5e-05_bs32_modL1_fusion16_fusionL1_fusionBN0_drop0p1__wd1e-04trmiss40_trlocglobal,32,5e-05,0.0001,1,16,1,False,0.1,lr5e-05_bs32_modL1_fusion16_fusionL1_fusionBN0_drop0p1__wd1e-04trmiss40_trlocglobal,8,0.6580882171789805,0.7018170952796936,0.4980237154150198,0.4878660188115837,0.4888888888888889,0.0,0.0,0.0,0.0,0.0,0.0,0.0,0.0,0.0,,,,,18473,global,0.4
5,2,lr5e-05_bs32_modL1_fusion16_fusionL1_fusionBN0_drop0p1__wd1e-04trmiss40_trlocglobal,32,5e-05,0.0001,1,16,1,False,0.1,lr5e-05_bs32_modL1_fusion16_fusionL1_fusionBN0_drop0p1__wd1e-04trmiss40_trlocglobal,9,0.6539207696914673,0.7012434303760529,0.5019762845849802,0.4876256458819261,0.4888888888888889,0.0,0.0,0.0,0.0,0.0,0.0,0.0,0.0,0.0,,,,,18473,global,0.4
5,2,lr5e-05_bs32_modL1_fusion16_fusionL1_fusionBN0_drop0p1__wd1e-04trmiss40_trlocglobal,32,5e-05,0.0001,1,16,1,False,0.1,lr5e-05_bs32_modL1_fusion16_fusionL1_fusionBN0_drop0p1__wd1e-04trmiss40_trlocglobal,10,0.6496331095695496,0.7018442153930664,0.49604743083003955,0.48575499069964356,0.4888888888888889,0.0,0.0,0.0,0.0,0.0,0.0,0.0,0.0,0.0,,,,,18473,global,0.4
5,2,lr5e-05_bs32_modL1_fusion16_fusionL1_fusionBN0_drop0p1__wd1e-04trmiss40_trlocglobal,32,5e-05,0.0001,1,16,1,False,0.1,lr5e-05_bs32_modL1_fusion16_fusionL1_fusionBN0_drop0p1__wd1e-04trmiss40_trlocglobal,11,0.6471448441346487,0.7024534940719604,0.4901185770750988,0.4796856249568536,0.4888888888888889,0.0,0.0,0.0,0.0,0.0,0.0,0.0,0.0,0.0,,,,,18473,global,0.4
5,2,lr5e-05_bs32_modL1_fusion16_fusionL1_fusionBN0_drop0p1__wd1e-04trmiss40_trlocglobal,32,5e-05,0.0001,1,16,1,False,0.1,lr5e-05_bs32_modL1_fusion16_fusionL1_fusionBN0_drop0p1__wd1e-04trmiss40_trlocglobal,12,0.6437018911043803,0.700941801071167,0.49604743083003955,0.48600826959973603,0.4888888888888889,0.0,0.0,0.0,0.0,0.0,0.0,0.0,0.0,0.0,,,,,18473,global,0.4
5,2,lr5e-05_bs32_modL1_fusion16_fusionL1_fusionBN0_drop0p1__wd1e-04trmiss40_trlocglobal,32,5e-05,0.0001,1,16,1,False,0.1,lr5e-05_bs32_modL1_fusion16_fusionL1_fusionBN0_drop0p1__wd1e-04trmiss40_trlocglobal,13,0.6371000409126282,0.6997399926185608,0.5098814229249011,0.49350697616429434,0.4888888888888889,0.0,0.0,0.0,0.0,0.0,0.0,0.0,0.0,0.0,,,,,18473,global,0.4
5,2,lr5e-05_bs32_modL1_fusion16_fusionL1_fusionBN0_drop0p1__wd1e-04trmiss40_trlocglobal,32,5e-05,0.0001,1,16,1,False,0.1,lr5e-05_bs32_modL1_fusion16_fusionL1_fusionBN0_drop0p1__wd1e-04trmiss40_trlocglobal,14,0.6302544176578522,0.7001851499080658,0.5098814229249011,0.49198250601216814,0.4888888888888889,0.0,0.0,0.0,0.0,0.0,0.0,0.0,0.0,0.0,,,,,18473,global,0.4
5,2,lr5e-05_bs32_modL1_fusion16_fusionL1_fusionBN0_drop0p1__wd1e-04trmiss40_trlocglobal,32,5e-05,0.0001,1,16,1,False,0.1,lr5e-05_bs32_modL1_fusion16_fusionL1_fusionBN0_drop0p1__wd1e-04trmiss40_trlocglobal,15,0.6338874896367391,0.7015689313411713,0.5118577075098814,0.49306414632451484,0.4888888888888889,0.0,0.0,0.0,0.0,0.0,0.0,0.0,0.0,0.0,,,,,18473,global,0.4
5,2,lr5e-05_bs32_modL1_fusion16_fusionL1_fusionBN0_drop0p1__wd1e-04trmiss40_trlocglobal,32,5e-05,0.0001,1,16,1,False,0.1,lr5e-05_bs32_modL1_fusion16_fusionL1_fusionBN0_drop0p1__wd1e-04trmiss40_trlocglobal,16,0.6344317098458608,0.7019035518169403,0.5079051383399209,0.4919755746691364,0.4888888888888889,0.0,0.0,0.0,0.0,0.0,0.0,0.0,0.0,0.0,,,,,18473,global,0.4
5,2,lr5e-05_bs32_modL1_fusion16_fusionL1_fusionBN0_drop0p1__wd1e-04trmiss40_trlocglobal,32,5e-05,0.0001,1,16,1,False,0.1,lr5e-05_bs32_modL1_fusion16_fusionL1_fusionBN0_drop0p1__wd1e-04trmiss40_trlocglobal,17,0.6334719161192576,0.702627420425415,0.5019762845849802,0.49056116685240647,0.4888888888888889,0.0,0.0,0.0,0.0,0.0,0.0,0.0,0.0,0.0,,,,,18473,global,0.4
5,2,lr5e-05_bs32_modL1_fusion16_fusionL1_fusionBN0_drop0p1__wd1e-04trmiss40_trlocglobal,32,5e-05,0.0001,1,16,1,False,0.1,lr5e-05_bs32_modL1_fusion16_fusionL1_fusionBN0_drop0p1__wd1e-04trmiss40_trlocglobal,18,0.620822528998057,0.7031873464584351,0.4960474308300395,0.4858329836138702,0.4666666666666667,0.0,0.0,0.0,0.0,0.0,0.0,0.0,0.0,0.0,,,,,18473,global,0.4
5,2,lr5e-05_bs32_modL1_fusion16_fusionL1_fusionBN0_drop0p1__wd1e-04trmiss40_trlocglobal,32,5e-05,0.0001,1,16,1,False,0.1,lr5e-05_bs32_modL1_fusion16_fusionL1_fusionBN0_drop0p1__wd1e-04trmiss40_trlocglobal,19,0.6201409300168356,0.7037109434604645,0.5079051383399209,0.4903758139005539,0.4444444444444444,0.0,0.0,0.0,0.0,0.0,0.0,0.0,0.0,0.0,,,,,18473,global,0.4
5,2,lr5e-05_bs32_modL1_fusion16_fusionL1_fusionBN0_drop0p1__wd1e-04trmiss40_trlocglobal,32,5e-05,0.0001,1,16,1,False,0.1,lr5e-05_bs32_modL1_fusion16_fusionL1_fusionBN0_drop0p1__wd1e-04trmiss40_trlocglobal,20,0.6141449709733328,0.7037463486194611,0.5079051383399209,0.4932280280239675,0.4666666666666667,0.0,0.0,0.0,0.0,0.0,0.0,0.0,0.0,0.0,,,,,18473,global,0.4
5,2,lr5e-05_bs32_modL1_fusion16_fusionL1_fusionBN0_drop0p1__wd1e-04trmiss40_trlocglobal,32,5e-05,0.0001,1,16,1,False,0.1,lr5e-05_bs32_modL1_fusion16_fusionL1_fusionBN0_drop0p1__wd1e-04trmiss40_trlocglobal,21,0.6202439665794373,0.7048086524009705,0.5079051383399209,0.49426716024774403,0.4666666666666667,0.0,0.0,0.0,0.0,0.0,0.0,0.0,0.0,0.0,,,,,18473,global,0.4
5,2,lr5e-05_bs32_modL1_fusion16_fusionL1_fusionBN0_drop0p1__wd1e-04trmiss40_trlocglobal,32,5e-05,0.0001,1,16,1,False,0.1,lr5e-05_bs32_modL1_fusion16_fusionL1_fusionBN0_drop0p1__wd1e-04trmiss40_trlocglobal,22,0.6070896089076996,0.7054791152477264,0.4980237154150198,0.48513262296152176,0.4444444444444444,0.0,0.0,0.0,0.0,0.0,0.0,0.0,0.0,0.0,,,,,18473,global,0.4
5,2,lr5e-05_bs32_modL1_fusion16_fusionL1_fusionBN0_drop0p1__wd1e-04trmiss40_trlocglobal,32,5e-05,0.0001,1,16,1,False,0.1,lr5e-05_bs32_modL1_fusion16_fusionL1_fusionBN0_drop0p1__wd1e-04trmiss40_trlocglobal,23,0.6049326757589976,0.7060533761978149,0.49407114624505927,0.48564454808981516,0.4444444444444444,0.0,0.0,0.0,0.0,0.0,0.0,0.0,0.0,0.0,,,,,18473,global,0.4
5,2,lr5e-05_bs32_modL1_fusion16_fusionL1_fusionBN0_drop0p1__wd1e-04trmiss40_trlocglobal,32,5e-05,0.0001,1,16,1,False,0.1,lr5e-05_bs32_modL1_fusion16_fusionL1_fusionBN0_drop0p1__wd1e-04trmiss40_trlocglobal,24,0.6026394863923391,0.7048599123954773,0.5059288537549407,0.49826881411996704,0.4444444444444444,0.0,0.0,0.0,0.0,0.0,0.0,0.0,0.0,0.0,,,,,18473,global,0.4
5,2,lr5e-05_bs32_modL1_fusion16_fusionL1_fusionBN0_drop0p1__wd1e-04trmiss40_trlocglobal,32,5e-05,0.0001,1,16,1,False,0.1,lr5e-05_bs32_modL1_fusion16_fusionL1_fusionBN0_drop0p1__wd1e-04trmiss40_trlocglobal,25,0.6072138746579488,0.705204576253891,0.492094861660079,0.4918334365620181,0.4444444444444444,0.0,0.0,0.0,0.0,0.0,0.0,0.0,0.0,0.0,,,,,18473,global,0.4
5,2,lr5e-05_bs32_modL1_fusion16_fusionL1_fusionBN0_drop0p1__wd1e-04trmiss40_trlocglobal,32,5e-05,0.0001,1,16,1,False,0.1,lr5e-05_bs32_modL1_fusion16_fusionL1_fusionBN0_drop0p1__wd1e-04trmiss40_trlocglobal,26,0.5969880521297455,0.7047824561595917,0.5,0.4940481706064368,0.4666666666666667,0.0,0.0,0.0,0.0,0.0,0.0,0.0,0.0,0.0,,,,,18473,global,0.4
5,2,lr5e-05_bs32_modL1_fusion16_fusionL1_fusionBN0_drop0p1__wd1e-04trmiss40_trlocglobal,32,5e-05,0.0001,1,16,1,False,0.1,lr5e-05_bs32_modL1_fusion16_fusionL1_fusionBN0_drop0p1__wd1e-04trmiss40_trlocglobal,27,0.5988308489322662,0.7055591642856598,0.49999999999999994,0.4967237805564995,0.4666666666666667,0.0,0.0,0.0,0.0,0.0,0.0,0.0,0.0,0.0,,,,,18473,global,0.4
5,2,lr5e-05_bs32_modL1_fusion16_fusionL1_fusionBN0_drop0p1__wd1e-04trmiss40_trlocglobal,32,5e-05,0.0001,1,16,1,False,0.1,lr5e-05_bs32_modL1_fusion16_fusionL1_fusionBN0_drop0p1__wd1e-04trmiss40_trlocglobal,28,0.5899418294429779,0.705929696559906,0.4980237154150198,0.5219233492493,0.4666666666666667,0.0,0.0,0.0,0.0,0.0,0.0,0.0,0.0,0.0,,,,,18473,global,0.4
5,2,lr5e-05_bs32_modL1_fusion16_fusionL1_fusionBN0_drop0p1__wd1e-04trmiss40_trlocglobal,32,5e-05,0.0001,1,16,1,False,0.1,lr5e-05_bs32_modL1_fusion16_fusionL1_fusionBN0_drop0p1__wd1e-04trmiss40_trlocglobal,29,0.5893204013506571,0.704605907201767,0.5059288537549407,0.5046859685058998,0.4444444444444444,0.0,0.0,0.0,0.0,0.0,0.0,0.0,0.0,0.0,,,,,18473,global,0.4
5,2,lr5e-05_bs32_modL1_fusion16_fusionL1_fusionBN0_drop0p1__wd1e-04trmiss40_trlocglobal,32,5e-05,0.0001,1,16,1,False,0.1,lr5e-05_bs32_modL1_fusion16_fusionL1_fusionBN0_drop0p1__wd1e-04trmiss40_trlocglobal,30,0.5878450274467468,0.7040772140026093,0.5098814229249011,0.5014929718333079,0.4666666666666667,0.0,0.0,0.0,0.0,0.0,0.0,0.0,0.0,0.0,,,,,18473,global,0.4
5,2,lr5e-05_bs32_modL1_fusion16_fusionL1_fusionBN0_drop0p1__wd1e-04trmiss40_trlocglobal,32,5e-05,0.0001,1,16,1,False,0.1,lr5e-05_bs32_modL1_fusion16_fusionL1_fusionBN0_drop0p1__wd1e-04trmiss40_trlocglobal,31,0.5897528926531473,0.7051418721675873,0.5079051383399209,0.4986619423330419,0.4666666666666667,0.0,0.0,0.0,0.0,0.0,0.0,0.0,0.0,0.0,,,,,18473,global,0.4
5,2,lr5e-05_bs32_modL1_fusion16_fusionL1_fusionBN0_drop0p1__wd1e-04trmiss40_trlocglobal,32,5e-05,0.0001,1,16,1,False,0.1,lr5e-05_bs32_modL1_fusion16_fusionL1_fusionBN0_drop0p1__wd1e-04trmiss40_trlocglobal,32,0.5895838141441345,0.7048535346984863,0.5197628458498024,0.5115088546540075,0.4666666666666667,0.0,0.0,0.0,0.0,0.0,0.0,0.0,0.0,0.0,,,,,18473,global,0.4
5,2,lr5e-05_bs32_modL1_fusion16_fusionL1_fusionBN0_drop0p1__wd1e-04trmiss40_trlocglobal,32,5e-05,0.0001,1,16,1,False,0.1,lr5e-05_bs32_modL1_fusion16_fusionL1_fusionBN0_drop0p1__wd1e-04trmiss40_trlocglobal,33,0.5746075312296549,0.7050437927246094,0.5217391304347826,0.5348239895014859,0.4666666666666667,0.0,0.0,0.0,0.0,0.0,0.0,0.0,0.0,0.0,,,,,18473,global,0.4
5,2,lr5e-05_bs32_modL1_fusion16_fusionL1_fusionBN0_drop0p1__wd1e-04trmiss40_trlocglobal,32,5e-05,0.0001,1,16,1,False,0.1,lr5e-05_bs32_modL1_fusion16_fusionL1_fusionBN0_drop0p1__wd1e-04trmiss40_trlocglobal,34,0.5808381736278534,0.7057283520698547,0.5217391304347826,0.5348748094420651,0.4666666666666667,0.0,0.0,0.0,0.0,0.0,0.0,0.0,0.0,0.0,,,,,18473,global,0.4
5,2,lr5e-05_bs32_modL1_fusion16_fusionL1_fusionBN0_drop0p1__wd1e-04trmiss40_trlocglobal,32,5e-05,0.0001,1,16,1,False,0.1,lr5e-05_bs32_modL1_fusion16_fusionL1_fusionBN0_drop0p1__wd1e-04trmiss40_trlocglobal,35,0.5814824799696604,0.7060655653476715,0.5237154150197629,0.5363999855891695,0.4666666666666667,0.0,0.0,0.0,0.0,0.0,0.0,0.0,0.0,0.0,,,,,18473,global,0.4
5,2,lr5e-05_bs32_modL1_fusion16_fusionL1_fusionBN0_drop0p1__wd1e-04trmiss40_trlocglobal,32,5e-05,0.0001,1,16,1,False,0.1,lr5e-05_bs32_modL1_fusion16_fusionL1_fusionBN0_drop0p1__wd1e-04trmiss40_trlocglobal,36,0.5768879354000092,0.7061678767204285,0.5217391304347827,0.5090867191454682,0.4444444444444444,0.0,0.0,0.0,0.0,0.0,0.0,0.0,0.0,0.0,,,,,18473,global,0.4
5,2,lr5e-05_bs32_modL1_fusion16_fusionL1_fusionBN0_drop0p1__wd1e-04trmiss40_trlocglobal,32,5e-05,0.0001,1,16,1,False,0.1,lr5e-05_bs32_modL1_fusion16_fusionL1_fusionBN0_drop0p1__wd1e-04trmiss40_trlocglobal,37,0.5819122393925985,0.7055461704730988,0.5237154150197628,0.5115021780826662,0.4666666666666667,0.0,0.0,0.0,0.0,0.0,0.0,0.0,0.0,0.0,,,,,18473,global,0.4
5,2,lr5e-05_bs32_modL1_fusion16_fusionL1_fusionBN0_drop0p1__wd1e-04trmiss40_trlocglobal,32,5e-05,0.0001,1,16,1,False,0.1,lr5e-05_bs32_modL1_fusion16_fusionL1_fusionBN0_drop0p1__wd1e-04trmiss40_trlocglobal,38,0.5809554060300192,0.7053046226501465,0.5276679841897234,0.5190578727555633,0.4444444444444444,0.0,0.0,0.0,0.0,0.0,0.0,0.0,0.0,0.0,,,,,18473,global,0.4
5,2,lr5e-05_bs32_modL1_fusion16_fusionL1_fusionBN0_drop0p1__wd1e-04trmiss40_trlocglobal,32,5e-05,0.0001,1,16,1,False,0.1,lr5e-05_bs32_modL1_fusion16_fusionL1_fusionBN0_drop0p1__wd1e-04trmiss40_trlocglobal,39,0.5640300412972769,0.7049508988857269,0.5296442687747036,0.5210593254091898,0.4666666666666667,0.0,0.0,0.0,0.0,0.0,0.0,0.0,0.0,0.0,,,,,18473,global,0.4
5,2,lr5e-05_bs32_modL1_fusion16_fusionL1_fusionBN0_drop0p1__wd1e-04trmiss40_trlocglobal,32,5e-05,0.0001,1,16,1,False,0.1,lr5e-05_bs32_modL1_fusion16_fusionL1_fusionBN0_drop0p1__wd1e-04trmiss40_trlocglobal,40,0.5808040897051493,0.7050899863243103,0.5237154150197629,0.5168827773195982,0.4666666666666667,0.0,0.0,0.0,0.0,0.0,0.0,0.0,0.0,0.0,,,,,18473,global,0.4
5,2,lr5e-05_bs32_modL1_fusion16_fusionL1_fusionBN0_drop0p1__wd1e-04trmiss40_trlocglobal,32,5e-05,0.0001,1,16,1,False,0.1,lr5e-05_bs32_modL1_fusion16_fusionL1_fusionBN0_drop0p1__wd1e-04trmiss40_trlocglobal,41,0.563330868879954,0.7044923305511475,0.5158102766798419,0.5319778118273817,0.4444444444444444,0.0,0.0,0.0,0.0,0.0,0.0,0.0,0.0,0.0,,,,,18473,global,0.4
5,2,lr5e-05_bs32_modL1_fusion16_fusionL1_fusionBN0_drop0p1__wd1e-04trmiss40_trlocglobal,32,5e-05,0.0001,1,16,1,False,0.1,lr5e-05_bs32_modL1_fusion16_fusionL1_fusionBN0_drop0p1__wd1e-04trmiss40_trlocglobal,42,0.5596178074677786,0.7044755220413208,0.5217391304347826,0.5344817347578751,0.4444444444444444,0.0,0.0,0.0,0.0,0.0,0.0,0.0,0.0,0.0,,,,,18473,global,0.4
5,2,lr5e-05_bs32_modL1_fusion16_fusionL1_fusionBN0_drop0p1__wd1e-04trmiss40_trlocglobal,32,5e-05,0.0001,1,16,1,False,0.1,lr5e-05_bs32_modL1_fusion16_fusionL1_fusionBN0_drop0p1__wd1e-04trmiss40_trlocglobal,43,0.5650826096534729,0.7043876051902771,0.5316205533596838,0.5417489412356079,0.4222222222222222,0.0,0.0,0.0,0.0,0.0,0.0,0.0,0.0,0.0,,,,,18473,global,0.4
5,2,lr5e-05_bs32_modL1_fusion16_fusionL1_fusionBN0_drop0p1__wd1e-04trmiss40_trlocglobal,32,5e-05,0.0001,1,16,1,False,0.1,lr5e-05_bs32_modL1_fusion16_fusionL1_fusionBN0_drop0p1__wd1e-04trmiss40_trlocglobal,44,0.5648562510808309,0.7051582038402557,0.5276679841897233,0.5385083454021328,0.4222222222222222,0.0,0.0,0.0,0.0,0.0,0.0,0.0,0.0,0.0,,,,,18473,global,0.4
5,2,lr5e-05_bs32_modL1_fusion16_fusionL1_fusionBN0_drop0p1__wd1e-04trmiss40_trlocglobal,32,5e-05,0.0001,1,16,1,False,0.1,lr5e-05_bs32_modL1_fusion16_fusionL1_fusionBN0_drop0p1__wd1e-04trmiss40_trlocglobal,45,0.5700741211573283,0.7042950689792633,0.5316205533596838,0.5422799687773368,0.4222222222222222,0.0,0.0,0.0,0.0,0.0,0.0,0.0,0.0,0.0,,,,,18473,global,0.4
5,2,lr5e-05_bs32_modL1_fusion16_fusionL1_fusionBN0_drop0p1__wd1e-04trmiss40_trlocglobal,32,5e-05,0.0001,1,16,1,False,0.1,lr5e-05_bs32_modL1_fusion16_fusionL1_fusionBN0_drop0p1__wd1e-04trmiss40_trlocglobal,46,0.5697679618994395,0.7037588357925415,0.5296442687747036,0.5421242931811032,0.4222222222222222,0.0,0.0,0.0,0.0,0.0,0.0,0.0,0.0,0.0,,,,,18473,global,0.4
5,2,lr5e-05_bs32_modL1_fusion16_fusionL1_fusionBN0_drop0p1__wd1e-04trmiss40_trlocglobal,32,5e-05,0.0001,1,16,1,False,0.1,lr5e-05_bs32_modL1_fusion16_fusionL1_fusionBN0_drop0p1__wd1e-04trmiss40_trlocglobal,47,0.5621549089749655,0.7040024399757385,0.5296442687747036,0.5440842325552302,0.4444444444444444,0.0,0.0,0.0,0.0,0.0,0.0,0.0,0.0,0.0,,,,,18473,global,0.4
5,2,lr5e-05_bs32_modL1_fusion16_fusionL1_fusionBN0_drop0p1__wd1e-04trmiss40_trlocglobal,32,5e-05,0.0001,1,16,1,False,0.1,lr5e-05_bs32_modL1_fusion16_fusionL1_fusionBN0_drop0p1__wd1e-04trmiss40_trlocglobal,48,0.5606124798456827,0.7037038505077362,0.5237154150197628,0.540585346175909,0.4444444444444444,0.0,0.0,0.0,0.0,0.0,0.0,0.0,0.0,0.0,,,,,18473,global,0.4
5,2,lr5e-05_bs32_modL1_fusion16_fusionL1_fusionBN0_drop0p1__wd1e-04trmiss40_trlocglobal,32,5e-05,0.0001,1,16,1,False,0.1,lr5e-05_bs32_modL1_fusion16_fusionL1_fusionBN0_drop0p1__wd1e-04trmiss40_trlocglobal,49,0.558698813120524,0.7046911418437958,0.5276679841897234,0.5421964119635453,0.4666666666666667,0.0,0.0,0.0,0.0,0.0,0.0,0.0,0.0,0.0,,,,,18473,global,0.4
5,2,lr5e-05_bs32_modL1_fusion16_fusionL1_fusionBN0_drop0p1__wd1e-04trmiss40_trlocglobal,32,5e-05,0.0001,1,16,1,False,0.1,lr5e-05_bs32_modL1_fusion16_fusionL1_fusionBN0_drop0p1__wd1e-04trmiss40_trlocglobal,50,0.5593812763690948,0.705338329076767,0.5237154150197628,0.5432295852606724,0.4888888888888889,0.0,0.0,0.0,0.0,0.0,0.0,0.0,0.0,0.0,,,,,18473,global,0.4
5,2,lr5e-05_bs32_modL1_fusion16_fusionL1_fusionBN0_drop0p1__wd1e-04trmiss40_trlocglobal,32,5e-05,0.0001,1,16,1,False,0.1,lr5e-05_bs32_modL1_fusion16_fusionL1_fusionBN0_drop0p1__wd1e-04trmiss40_trlocglobal,51,0.5657897094885508,0.705944687128067,0.5217391304347826,0.5428340297031967,0.4888888888888889,0.0,0.0,0.0,0.0,0.0,0.0,0.0,0.0,0.0,,,,,18473,global,0.4
5,2,lr5e-05_bs32_modL1_fusion16_fusionL1_fusionBN0_drop0p1__wd1e-04trmiss40_trlocglobal,32,5e-05,0.0001,1,16,1,False,0.1,lr5e-05_bs32_modL1_fusion16_fusionL1_fusionBN0_drop0p1__wd1e-04trmiss40_trlocglobal,52,0.5681716402371725,0.7061435580253601,0.5019762845849802,0.5309046624676191,0.4444444444444444,0.0,0.0,0.0,0.0,0.0,0.0,0.0,0.0,0.0,,,,,18473,global,0.4
5,2,lr5e-05_bs32_modL1_fusion16_fusionL1_fusionBN0_drop0p1__wd1e-04trmiss40_trlocglobal,32,5e-05,0.0001,1,16,1,False,0.1,lr5e-05_bs32_modL1_fusion16_fusionL1_fusionBN0_drop0p1__wd1e-04trmiss40_trlocglobal,53,0.561670204003652,0.70695760846138,0.4980237154150198,0.5281607955446684,0.4444444444444444,0.0,0.0,0.0,0.0,0.0,0.0,0.0,0.0,0.0,,,,,18473,global,0.4
5,2,lr5e-05_bs32_modL1_fusion16_fusionL1_fusionBN0_drop0p1__wd1e-04trmiss40_trlocglobal,32,5e-05,0.0001,1,16,1,False,0.1,lr5e-05_bs32_modL1_fusion16_fusionL1_fusionBN0_drop0p1__wd1e-04trmiss40_trlocglobal,54,0.5561152994632721,0.7064546942710876,0.5,0.5338313476026885,0.4666666666666667,0.0,0.0,0.0,0.0,0.0,0.0,0.0,0.0,0.0,,,,,18473,global,0.4
5,2,lr5e-05_bs32_modL1_fusion16_fusionL1_fusionBN0_drop0p1__wd1e-04trmiss40_trlocglobal,32,5e-05,0.0001,1,16,1,False,0.1,lr5e-05_bs32_modL1_fusion16_fusionL1_fusionBN0_drop0p1__wd1e-04trmiss40_trlocglobal,55,0.5647567609945933,0.7055363953113556,0.5079051383399209,0.5380259239839656,0.4888888888888889,0.0,0.0,0.0,0.0,0.0,0.0,0.0,0.0,0.0,,,,,18473,global,0.4
5,2,lr5e-05_bs32_modL1_fusion16_fusionL1_fusionBN0_drop0p1__wd1e-04trmiss40_trlocglobal,32,5e-05,0.0001,1,16,1,False,0.1,lr5e-05_bs32_modL1_fusion16_fusionL1_fusionBN0_drop0p1__wd1e-04trmiss40_trlocglobal,56,0.5568048556645712,0.7052427530288696,0.5079051383399209,0.5379550207767049,0.4888888888888889,0.0,0.0,0.0,0.0,0.0,0.0,0.0,0.0,0.0,,,,,18473,global,0.4
5,2,lr5e-05_bs32_modL1_fusion16_fusionL1_fusionBN0_drop0p1__wd1e-04trmiss40_trlocglobal,32,5e-05,0.0001,1,16,1,False,0.1,lr5e-05_bs32_modL1_fusion16_fusionL1_fusionBN0_drop0p1__wd1e-04trmiss40_trlocglobal,57,0.5543455084164938,0.7045857608318329,0.5059288537549407,0.5371429145276113,0.4666666666666667,0.0,0.0,0.0,0.0,0.0,0.0,0.0,0.0,0.0,,,,,18473,global,0.4
5,2,lr5e-05_bs32_modL1_fusion16_fusionL1_fusionBN0_drop0p1__wd1e-04trmiss40_trlocglobal,32,5e-05,0.0001,1,16,1,False,0.1,lr5e-05_bs32_modL1_fusion16_fusionL1_fusionBN0_drop0p1__wd1e-04trmiss40_trlocglobal,58,0.5553173124790192,0.7041148543357849,0.5098814229249011,0.5417191517948405,0.4888888888888889,0.0,0.0,0.0,0.0,0.0,0.0,0.0,0.0,0.0,,,,,18473,global,0.4
5,2,lr5e-05_bs32_modL1_fusion16_fusionL1_fusionBN0_drop0p1__wd1e-04trmiss40_trlocglobal,32,5e-05,0.0001,1,16,1,False,0.1,lr5e-05_bs32_modL1_fusion16_fusionL1_fusionBN0_drop0p1__wd1e-04trmiss40_trlocglobal,59,0.5581435064474741,0.7039001286029816,0.5098814229249011,0.5428408742059182,0.4888888888888889,0.0,0.0,0.0,0.0,0.0,0.0,0.0,0.0,0.0,,,,,18473,global,0.4
5,2,lr5e-05_bs32_modL1_fusion16_fusionL1_fusionBN0_drop0p1__wd1e-04trmiss40_trlocglobal,32,5e-05,0.0001,1,16,1,False,0.1,lr5e-05_bs32_modL1_fusion16_fusionL1_fusionBN0_drop0p1__wd1e-04trmiss40_trlocglobal,60,0.5536806881427765,0.7038911581039429,0.5138339920948616,0.5441196465844348,0.4888888888888889,0.0,0.0,0.0,0.0,0.0,0.0,0.0,0.0,0.0,,,,,18473,global,0.4
5,2,lr5e-05_bs32_modL1_fusion16_fusionL1_fusionBN0_drop0p1__wd1e-04trmiss40_trlocglobal,32,5e-05,0.0001,1,16,1,False,0.1,lr5e-05_bs32_modL1_fusion16_fusionL1_fusionBN0_drop0p1__wd1e-04trmiss40_trlocglobal,61,0.549562911192576,0.7039178311824799,0.5138339920948616,0.5458902717732742,0.4888888888888889,0.0,0.0,0.0,0.0,0.0,0.0,0.0,0.0,0.0,,,,,18473,global,0.4
5,2,lr5e-05_bs32_modL1_fusion16_fusionL1_fusionBN0_drop0p1__wd1e-04trmiss40_trlocglobal,32,5e-05,0.0001,1,16,1,False,0.1,lr5e-05_bs32_modL1_fusion16_fusionL1_fusionBN0_drop0p1__wd1e-04trmiss40_trlocglobal,62,0.5565149784088135,0.7043931186199188,0.5138339920948616,0.549381627438543,0.4888888888888889,0.0,0.0,0.0,0.0,0.0,0.0,0.0,0.0,0.0,,,,,18473,global,0.4
5,2,lr5e-05_bs32_modL1_fusion16_fusionL1_fusionBN0_drop0p1__wd1e-04trmiss40_trlocglobal,32,5e-05,0.0001,1,16,1,False,0.1,lr5e-05_bs32_modL1_fusion16_fusionL1_fusionBN0_drop0p1__wd1e-04trmiss40_trlocglobal,63,0.5476294457912445,0.7044661939144135,0.5138339920948617,0.5515288948287986,0.4888888888888889,0.0,0.0,0.0,0.0,0.0,0.0,0.0,0.0,0.0,,,,,18473,global,0.4
5,2,lr5e-05_bs32_modL1_fusion16_fusionL1_fusionBN0_drop0p1__wd1e-04trmiss40_trlocglobal,32,5e-05,0.0001,1,16,1,False,0.1,lr5e-05_bs32_modL1_fusion16_fusionL1_fusionBN0_drop0p1__wd1e-04trmiss40_trlocglobal,64,0.5467942257722219,0.7042144238948822,0.5138339920948617,0.5490115027311966,0.4888888888888889,0.0,0.0,0.0,0.0,0.0,0.0,0.0,0.0,0.0,,,,,18473,global,0.4
5,2,lr5e-05_bs32_modL1_fusion16_fusionL1_fusionBN0_drop0p1__wd1e-04trmiss40_trlocglobal,32,5e-05,0.0001,1,16,1,False,0.1,lr5e-05_bs32_modL1_fusion16_fusionL1_fusionBN0_drop0p1__wd1e-04trmiss40_trlocglobal,65,0.5493664145469666,0.7046936750411987,0.5158102766798419,0.5496691570972908,0.4888888888888889,0.0,0.0,0.0,0.0,0.0,0.0,0.0,0.0,0.0,,,,,18473,global,0.4
5,2,lr5e-05_bs32_modL1_fusion32_fusionL1_fusionBN0_drop0p2__wd1e-04trmiss40_trlocglobal,32,5e-05,0.0001,1,32,1,False,0.2,lr5e-05_bs32_modL1_fusion32_fusionL1_fusionBN0_drop0p2__wd1e-04trmiss40_trlocglobal,1,0.7031045258045197,0.6975330412387848,0.4367588932806324,0.4841338876106007,0.5333333333333333,0.0,0.0,0.0,0.0,0.0,0.0,0.0,0.0,0.0,,,,,18473,global,0.4
5,2,lr5e-05_bs32_modL1_fusion32_fusionL1_fusionBN0_drop0p2__wd1e-04trmiss40_trlocglobal,32,5e-05,0.0001,1,32,1,False,0.2,lr5e-05_bs32_modL1_fusion32_fusionL1_fusionBN0_drop0p2__wd1e-04trmiss40_trlocglobal,2,0.6867276728153229,0.696923166513443,0.44466403162055335,0.48776616997863054,0.5333333333333333,0.0,0.0,0.0,0.0,0.0,0.0,0.0,0.0,0.0,,,,,18473,global,0.4
5,2,lr5e-05_bs32_modL1_fusion32_fusionL1_fusionBN0_drop0p2__wd1e-04trmiss40_trlocglobal,32,5e-05,0.0001,1,32,1,False,0.2,lr5e-05_bs32_modL1_fusion32_fusionL1_fusionBN0_drop0p2__wd1e-04trmiss40_trlocglobal,3,0.6737154920895895,0.6952734291553497,0.4782608695652174,0.500847003194862,0.5111111111111111,0.0,0.0,0.0,0.0,0.0,0.0,0.0,0.0,0.0,,,,,18473,global,0.4
5,2,lr5e-05_bs32_modL1_fusion32_fusionL1_fusionBN0_drop0p2__wd1e-04trmiss40_trlocglobal,32,5e-05,0.0001,1,32,1,False,0.2,lr5e-05_bs32_modL1_fusion32_fusionL1_fusionBN0_drop0p2__wd1e-04trmiss40_trlocglobal,4,0.6642445226510366,0.6939389407634735,0.5098814229249011,0.5092586314347439,0.5111111111111111,0.0,0.0,0.0,0.0,0.0,0.0,0.0,0.0,0.0,,,,,18473,global,0.4
5,2,lr5e-05_bs32_modL1_fusion32_fusionL1_fusionBN0_drop0p2__wd1e-04trmiss40_trlocglobal,32,5e-05,0.0001,1,32,1,False,0.2,lr5e-05_bs32_modL1_fusion32_fusionL1_fusionBN0_drop0p2__wd1e-04trmiss40_trlocglobal,5,0.6627861162026724,0.6941288411617279,0.5118577075098815,0.5062314561178825,0.4888888888888889,0.0,0.0,0.0,0.0,0.0,0.0,0.0,0.0,0.0,,,,,18473,global,0.4
5,2,lr5e-05_bs32_modL1_fusion32_fusionL1_fusionBN0_drop0p2__wd1e-04trmiss40_trlocglobal,32,5e-05,0.0001,1,32,1,False,0.2,lr5e-05_bs32_modL1_fusion32_fusionL1_fusionBN0_drop0p2__wd1e-04trmiss40_trlocglobal,6,0.6567540466785431,0.6939599812030792,0.5118577075098815,0.5101501779872034,0.4888888888888889,0.0,0.0,0.0,0.0,0.0,0.0,0.0,0.0,0.0,,,,,18473,global,0.4
5,2,lr5e-05_bs32_modL1_fusion32_fusionL1_fusionBN0_drop0p2__wd1e-04trmiss40_trlocglobal,32,5e-05,0.0001,1,32,1,False,0.2,lr5e-05_bs32_modL1_fusion32_fusionL1_fusionBN0_drop0p2__wd1e-04trmiss40_trlocglobal,7,0.6448028186957041,0.6934835016727448,0.5177865612648221,0.5125126759291437,0.5111111111111111,0.0,0.0,0.0,0.0,0.0,0.0,0.0,0.0,0.0,,,,,18473,global,0.4
5,2,lr5e-05_bs32_modL1_fusion32_fusionL1_fusionBN0_drop0p2__wd1e-04trmiss40_trlocglobal,32,5e-05,0.0001,1,32,1,False,0.2,lr5e-05_bs32_modL1_fusion32_fusionL1_fusionBN0_drop0p2__wd1e-04trmiss40_trlocglobal,8,0.6520038445790609,0.6934531331062317,0.5177865612648221,0.5146818555721182,0.5111111111111111,0.0,0.0,0.0,0.0,0.0,0.0,0.0,0.0,0.0,,,,,18473,global,0.4
5,2,lr5e-05_bs32_modL1_fusion32_fusionL1_fusionBN0_drop0p2__wd1e-04trmiss40_trlocglobal,32,5e-05,0.0001,1,32,1,False,0.2,lr5e-05_bs32_modL1_fusion32_fusionL1_fusionBN0_drop0p2__wd1e-04trmiss40_trlocglobal,9,0.6481611529986063,0.6937490701675415,0.5079051383399209,0.5072633405771899,0.5111111111111111,0.0,0.0,0.0,0.0,0.0,0.0,0.0,0.0,0.0,,,,,18473,global,0.4
5,2,lr5e-05_bs32_modL1_fusion32_fusionL1_fusionBN0_drop0p2__wd1e-04trmiss40_trlocglobal,32,5e-05,0.0001,1,32,1,False,0.2,lr5e-05_bs32_modL1_fusion32_fusionL1_fusionBN0_drop0p2__wd1e-04trmiss40_trlocglobal,10,0.6363156735897064,0.6932181417942047,0.5158102766798419,0.5092893678583165,0.4888888888888889,0.0,0.0,0.0,0.0,0.0,0.0,0.0,0.0,0.0,,,,,18473,global,0.4
5,2,lr5e-05_bs32_modL1_fusion32_fusionL1_fusionBN0_drop0p2__wd1e-04trmiss40_trlocglobal,32,5e-05,0.0001,1,32,1,False,0.2,lr5e-05_bs32_modL1_fusion32_fusionL1_fusionBN0_drop0p2__wd1e-04trmiss40_trlocglobal,11,0.6394651532173157,0.6929804682731628,0.5177865612648221,0.5115224547367122,0.4888888888888889,0.0,0.0,0.0,0.0,0.0,0.0,0.0,0.0,0.0,,,,,18473,global,0.4
5,2,lr5e-05_bs32_modL1_fusion32_fusionL1_fusionBN0_drop0p2__wd1e-04trmiss40_trlocglobal,32,5e-05,0.0001,1,32,1,False,0.2,lr5e-05_bs32_modL1_fusion32_fusionL1_fusionBN0_drop0p2__wd1e-04trmiss40_trlocglobal,12,0.6380724906921387,0.6925281286239624,0.5217391304347826,0.5111085778821988,0.5111111111111111,0.0,0.0,0.0,0.0,0.0,0.0,0.0,0.0,0.0,,,,,18473,global,0.4
5,2,lr5e-05_bs32_modL1_fusion32_fusionL1_fusionBN0_drop0p2__wd1e-04trmiss40_trlocglobal,32,5e-05,0.0001,1,32,1,False,0.2,lr5e-05_bs32_modL1_fusion32_fusionL1_fusionBN0_drop0p2__wd1e-04trmiss40_trlocglobal,13,0.6351266801357269,0.6919243633747101,0.5375494071146245,0.5244482928908635,0.5111111111111111,0.0,0.0,0.0,0.0,0.0,0.0,0.0,0.0,0.0,,,,,18473,global,0.4
5,2,lr5e-05_bs32_modL1_fusion32_fusionL1_fusionBN0_drop0p2__wd1e-04trmiss40_trlocglobal,32,5e-05,0.0001,1,32,1,False,0.2,lr5e-05_bs32_modL1_fusion32_fusionL1_fusionBN0_drop0p2__wd1e-04trmiss40_trlocglobal,14,0.6242792010307312,0.6921838223934174,0.5217391304347826,0.5154896424776286,0.4666666666666667,0.0,0.0,0.0,0.0,0.0,0.0,0.0,0.0,0.0,,,,,18473,global,0.4
5,2,lr5e-05_bs32_modL1_fusion32_fusionL1_fusionBN0_drop0p2__wd1e-04trmiss40_trlocglobal,32,5e-05,0.0001,1,32,1,False,0.2,lr5e-05_bs32_modL1_fusion32_fusionL1_fusionBN0_drop0p2__wd1e-04trmiss40_trlocglobal,15,0.6398077607154846,0.6925979852676392,0.5158102766798418,0.513892561571549,0.4888888888888889,0.0,0.0,0.0,0.0,0.0,0.0,0.0,0.0,0.0,,,,,18473,global,0.4
5,2,lr5e-05_bs32_modL1_fusion32_fusionL1_fusionBN0_drop0p2__wd1e-04trmiss40_trlocglobal,32,5e-05,0.0001,1,32,1,False,0.2,lr5e-05_bs32_modL1_fusion32_fusionL1_fusionBN0_drop0p2__wd1e-04trmiss40_trlocglobal,16,0.6282632152239481,0.6927394866943359,0.5039525691699605,0.5030288829161083,0.4888888888888889,0.0,0.0,0.0,0.0,0.0,0.0,0.0,0.0,0.0,,,,,18473,global,0.4
5,2,lr5e-05_bs32_modL1_fusion32_fusionL1_fusionBN0_drop0p2__wd1e-04trmiss40_trlocglobal,32,5e-05,0.0001,1,32,1,False,0.2,lr5e-05_bs32_modL1_fusion32_fusionL1_fusionBN0_drop0p2__wd1e-04trmiss40_trlocglobal,17,0.6177728176116943,0.6927229464054108,0.5138339920948616,0.5074414087960255,0.4666666666666667,0.0,0.0,0.0,0.0,0.0,0.0,0.0,0.0,0.0,,,,,18473,global,0.4
5,2,lr5e-05_bs32_modL1_fusion32_fusionL1_fusionBN0_drop0p2__wd1e-04trmiss40_trlocglobal,32,5e-05,0.0001,1,32,1,False,0.2,lr5e-05_bs32_modL1_fusion32_fusionL1_fusionBN0_drop0p2__wd1e-04trmiss40_trlocglobal,18,0.6119290093580881,0.6940233409404755,0.5138339920948617,0.5075251113253803,0.4666666666666667,0.0,0.0,0.0,0.0,0.0,0.0,0.0,0.0,0.0,,,,,18473,global,0.4
5,2,lr5e-05_bs32_modL1_fusion32_fusionL1_fusionBN0_drop0p2__wd1e-04trmiss40_trlocglobal,32,5e-05,0.0001,1,32,1,False,0.2,lr5e-05_bs32_modL1_fusion32_fusionL1_fusionBN0_drop0p2__wd1e-04trmiss40_trlocglobal,19,0.6138031979401907,0.695416122674942,0.5019762845849802,0.5012006079456002,0.4666666666666667,0.0,0.0,0.0,0.0,0.0,0.0,0.0,0.0,0.0,,,,,18473,global,0.4
5,2,lr5e-05_bs32_modL1_fusion32_fusionL1_fusionBN0_drop0p2__wd1e-04trmiss40_trlocglobal,32,5e-05,0.0001,1,32,1,False,0.2,lr5e-05_bs32_modL1_fusion32_fusionL1_fusionBN0_drop0p2__wd1e-04trmiss40_trlocglobal,20,0.6155439714590708,0.6960166990756989,0.5118577075098814,0.5072195865737746,0.4666666666666667,0.0,0.0,0.0,0.0,0.0,0.0,0.0,0.0,0.0,,,,,18473,global,0.4
5,2,lr5e-05_bs32_modL1_fusion32_fusionL1_fusionBN0_drop0p2__wd1e-04trmiss40_trlocglobal,32,5e-05,0.0001,1,32,1,False,0.2,lr5e-05_bs32_modL1_fusion32_fusionL1_fusionBN0_drop0p2__wd1e-04trmiss40_trlocglobal,21,0.6042554477850596,0.6950607001781464,0.5158102766798419,0.5093217544381858,0.4666666666666667,0.0,0.0,0.0,0.0,0.0,0.0,0.0,0.0,0.0,,,,,18473,global,0.4
5,2,lr5e-05_bs32_modL1_fusion32_fusionL1_fusionBN0_drop0p2__wd1e-04trmiss40_trlocglobal,32,5e-05,0.0001,1,32,1,False,0.2,lr5e-05_bs32_modL1_fusion32_fusionL1_fusionBN0_drop0p2__wd1e-04trmiss40_trlocglobal,22,0.5939696033795675,0.6948601007461548,0.5158102766798419,0.5101889299774004,0.4666666666666667,0.0,0.0,0.0,0.0,0.0,0.0,0.0,0.0,0.0,,,,,18473,global,0.4
5,2,lr5e-05_bs32_modL1_fusion32_fusionL1_fusionBN0_drop0p2__wd1e-04trmiss40_trlocglobal,32,5e-05,0.0001,1,32,1,False,0.2,lr5e-05_bs32_modL1_fusion32_fusionL1_fusionBN0_drop0p2__wd1e-04trmiss40_trlocglobal,23,0.6137036581834158,0.6950891613960266,0.5019762845849802,0.4972035536649921,0.4666666666666667,0.0,0.0,0.0,0.0,0.0,0.0,0.0,0.0,0.0,,,,,18473,global,0.4
5,2,lr5e-05_bs32_modL1_fusion32_fusionL1_fusionBN0_drop0p2__wd1e-04trmiss40_trlocglobal,32,5e-05,0.0001,1,32,1,False,0.2,lr5e-05_bs32_modL1_fusion32_fusionL1_fusionBN0_drop0p2__wd1e-04trmiss40_trlocglobal,24,0.5987043877442678,0.6964858174324036,0.48221343873517786,0.4874309688640706,0.4666666666666667,0.0,0.0,0.0,0.0,0.0,0.0,0.0,0.0,0.0,,,,,18473,global,0.4
5,2,lr5e-05_bs32_modL1_fusion32_fusionL1_fusionBN0_drop0p2__wd1e-04trmiss40_trlocglobal,32,5e-05,0.0001,1,32,1,False,0.2,lr5e-05_bs32_modL1_fusion32_fusionL1_fusionBN0_drop0p2__wd1e-04trmiss40_trlocglobal,25,0.5894574522972107,0.6966798901557922,0.48023715415019763,0.4856461170122364,0.4666666666666667,0.0,0.0,0.0,0.0,0.0,0.0,0.0,0.0,0.0,,,,,18473,global,0.4
5,2,lr5e-05_bs32_modL1_fusion32_fusionL1_fusionBN0_drop0p2__wd1e-04trmiss40_trlocglobal,32,5e-05,0.0001,1,32,1,False,0.2,lr5e-05_bs32_modL1_fusion32_fusionL1_fusionBN0_drop0p2__wd1e-04trmiss40_trlocglobal,26,0.5884078542391459,0.6967616379261017,0.49209486166007904,0.4937254028356521,0.4666666666666667,0.0,0.0,0.0,0.0,0.0,0.0,0.0,0.0,0.0,,,,,18473,global,0.4
5,2,lr5e-05_bs32_modL1_fusion32_fusionL1_fusionBN0_drop0p2__wd1e-04trmiss40_trlocglobal,32,5e-05,0.0001,1,32,1,False,0.2,lr5e-05_bs32_modL1_fusion32_fusionL1_fusionBN0_drop0p2__wd1e-04trmiss40_trlocglobal,27,0.5904932220776876,0.697089672088623,0.4822134387351779,0.4890248707778029,0.4666666666666667,0.0,0.0,0.0,0.0,0.0,0.0,0.0,0.0,0.0,,,,,18473,global,0.4
5,2,lr5e-05_bs32_modL1_fusion32_fusionL1_fusionBN0_drop0p2__wd1e-04trmiss40_trlocglobal,32,5e-05,0.0001,1,32,1,False,0.2,lr5e-05_bs32_modL1_fusion32_fusionL1_fusionBN0_drop0p2__wd1e-04trmiss40_trlocglobal,28,0.5933580199877421,0.6974737346172333,0.47430830039525695,0.48456111599467133,0.4666666666666667,0.0,0.0,0.0,0.0,0.0,0.0,0.0,0.0,0.0,,,,,18473,global,0.4
5,2,lr5e-05_bs32_modL1_fusion32_fusionL1_fusionBN0_drop0p2__wd1e-04trmiss40_trlocglobal,32,5e-05,0.0001,1,32,1,False,0.2,lr5e-05_bs32_modL1_fusion32_fusionL1_fusionBN0_drop0p2__wd1e-04trmiss40_trlocglobal,29,0.5865191022555033,0.6979334652423859,0.4683794466403162,0.48206694036794434,0.4666666666666667,0.0,0.0,0.0,0.0,0.0,0.0,0.0,0.0,0.0,,,,,18473,global,0.4
5,2,lr5e-05_bs32_modL1_fusion32_fusionL1_fusionBN0_drop0p2__wd1e-04trmiss40_trlocglobal,32,5e-05,0.0001,1,32,1,False,0.2,lr5e-05_bs32_modL1_fusion32_fusionL1_fusionBN0_drop0p2__wd1e-04trmiss40_trlocglobal,30,0.5859796603520712,0.6976271271705627,0.47233201581027673,0.4852246815263213,0.4888888888888889,0.0,0.0,0.0,0.0,0.0,0.0,0.0,0.0,0.0,,,,,18473,global,0.4
5,2,lr5e-05_bs32_modL1_fusion32_fusionL1_fusionBN0_drop0p2__wd1e-04trmiss40_trlocglobal,32,5e-05,0.0001,1,32,1,False,0.2,lr5e-05_bs32_modL1_fusion32_fusionL1_fusionBN0_drop0p2__wd1e-04trmiss40_trlocglobal,31,0.58334747950236,0.6977138519287109,0.46640316205533594,0.4814635198953455,0.4888888888888889,0.0,0.0,0.0,0.0,0.0,0.0,0.0,0.0,0.0,,,,,18473,global,0.4
5,2,lr5e-05_bs32_modL1_fusion32_fusionL1_fusionBN0_drop0p2__wd1e-04trmiss40_trlocglobal,32,5e-05,0.0001,1,32,1,False,0.2,lr5e-05_bs32_modL1_fusion32_fusionL1_fusionBN0_drop0p2__wd1e-04trmiss40_trlocglobal,32,0.5846276779969534,0.6975075304508209,0.4703557312252964,0.48186643578015664,0.5333333333333333,0.0,0.0,0.0,0.0,0.0,0.0,0.0,0.0,0.0,,,,,18473,global,0.4
5,2,lr5e-05_bs32_modL1_fusion32_fusionL1_fusionBN0_drop0p2__wd1e-04trmiss40_trlocglobal,32,5e-05,0.0001,1,32,1,False,0.2,lr5e-05_bs32_modL1_fusion32_fusionL1_fusionBN0_drop0p2__wd1e-04trmiss40_trlocglobal,33,0.5734682977199554,0.6981176435947418,0.46640316205533594,0.4792506353286379,0.5111111111111111,0.0,0.0,0.0,0.0,0.0,0.0,0.0,0.0,0.0,,,,,18473,global,0.4
5,2,lr5e-05_bs32_modL1_fusion32_fusionL1_fusionBN0_drop0p1__wd1e-04trmiss40_trlocglobal,32,5e-05,0.0001,1,32,1,False,0.1,lr5e-05_bs32_modL1_fusion32_fusionL1_fusionBN0_drop0p1__wd1e-04trmiss40_trlocglobal,1,0.7089818815390269,0.6974865198135376,0.4683794466403162,0.4995897560382709,0.4666666666666667,0.0,0.0,0.0,0.0,0.0,0.0,0.0,0.0,0.0,,,,,18473,global,0.4
5,2,lr5e-05_bs32_modL1_fusion32_fusionL1_fusionBN0_drop0p1__wd1e-04trmiss40_trlocglobal,32,5e-05,0.0001,1,32,1,False,0.1,lr5e-05_bs32_modL1_fusion32_fusionL1_fusionBN0_drop0p1__wd1e-04trmiss40_trlocglobal,2,0.6851215759913126,0.6981393396854401,0.46640316205533594,0.4790249024775765,0.4666666666666667,0.0,0.0,0.0,0.0,0.0,0.0,0.0,0.0,0.0,,,,,18473,global,0.4
5,2,lr5e-05_bs32_modL1_fusion32_fusionL1_fusionBN0_drop0p1__wd1e-04trmiss40_trlocglobal,32,5e-05,0.0001,1,32,1,False,0.1,lr5e-05_bs32_modL1_fusion32_fusionL1_fusionBN0_drop0p1__wd1e-04trmiss40_trlocglobal,3,0.6752978165944418,0.6972717344760895,0.4980237154150198,0.4977280262734389,0.4444444444444444,0.0,0.0,0.0,0.0,0.0,0.0,0.0,0.0,0.0,,,,,18473,global,0.4
5,2,lr5e-05_bs32_modL1_fusion32_fusionL1_fusionBN0_drop0p1__wd1e-04trmiss40_trlocglobal,32,5e-05,0.0001,1,32,1,False,0.1,lr5e-05_bs32_modL1_fusion32_fusionL1_fusionBN0_drop0p1__wd1e-04trmiss40_trlocglobal,4,0.667991707722346,0.6951504349708557,0.5513833992094862,0.5318819185521945,0.4444444444444444,0.0,0.0,0.0,0.0,0.0,0.0,0.0,0.0,0.0,,,,,18473,global,0.4
5,2,lr5e-05_bs32_modL1_fusion32_fusionL1_fusionBN0_drop0p1__wd1e-04trmiss40_trlocglobal,32,5e-05,0.0001,1,32,1,False,0.1,lr5e-05_bs32_modL1_fusion32_fusionL1_fusionBN0_drop0p1__wd1e-04trmiss40_trlocglobal,5,0.6637734075387319,0.6933453679084778,0.5711462450592886,0.5465421216985951,0.4444444444444444,0.0,0.0,0.0,0.0,0.0,0.0,0.0,0.0,0.0,,,,,18473,global,0.4
5,2,lr5e-05_bs32_modL1_fusion32_fusionL1_fusionBN0_drop0p1__wd1e-04trmiss40_trlocglobal,32,5e-05,0.0001,1,32,1,False,0.1,lr5e-05_bs32_modL1_fusion32_fusionL1_fusionBN0_drop0p1__wd1e-04trmiss40_trlocglobal,6,0.653018077214559,0.6924957931041718,0.5691699604743082,0.5485476939583709,0.4666666666666667,0.0,0.0,0.0,0.0,0.0,0.0,0.0,0.0,0.0,,,,,18473,global,0.4
5,2,lr5e-05_bs32_modL1_fusion32_fusionL1_fusionBN0_drop0p1__wd1e-04trmiss40_trlocglobal,32,5e-05,0.0001,1,32,1,False,0.1,lr5e-05_bs32_modL1_fusion32_fusionL1_fusionBN0_drop0p1__wd1e-04trmiss40_trlocglobal,7,0.6503540178140005,0.6924395859241486,0.5711462450592886,0.551301082229662,0.4666666666666667,0.0,0.0,0.0,0.0,0.0,0.0,0.0,0.0,0.0,,,,,18473,global,0.4
5,2,lr5e-05_bs32_modL1_fusion32_fusionL1_fusionBN0_drop0p1__wd1e-04trmiss40_trlocglobal,32,5e-05,0.0001,1,32,1,False,0.1,lr5e-05_bs32_modL1_fusion32_fusionL1_fusionBN0_drop0p1__wd1e-04trmiss40_trlocglobal,8,0.6436359087626139,0.692671000957489,0.5770750988142292,0.556037088522286,0.4666666666666667,0.0,0.0,0.0,0.0,0.0,0.0,0.0,0.0,0.0,,,,,18473,global,0.4
5,2,lr5e-05_bs32_modL1_fusion32_fusionL1_fusionBN0_drop0p1__wd1e-04trmiss40_trlocglobal,32,5e-05,0.0001,1,32,1,False,0.1,lr5e-05_bs32_modL1_fusion32_fusionL1_fusionBN0_drop0p1__wd1e-04trmiss40_trlocglobal,9,0.6407994627952576,0.6924693882465363,0.5632411067193676,0.5478967389720493,0.4444444444444444,0.0,0.0,0.0,0.0,0.0,0.0,0.0,0.0,0.0,,,,,18473,global,0.4
5,2,lr5e-05_bs32_modL1_fusion32_fusionL1_fusionBN0_drop0p1__wd1e-04trmiss40_trlocglobal,32,5e-05,0.0001,1,32,1,False,0.1,lr5e-05_bs32_modL1_fusion32_fusionL1_fusionBN0_drop0p1__wd1e-04trmiss40_trlocglobal,10,0.6311873694260915,0.692235678434372,0.5632411067193677,0.5523807289112423,0.4444444444444444,0.0,0.0,0.0,0.0,0.0,0.0,0.0,0.0,0.0,,,,,18473,global,0.4
5,2,lr5e-05_bs32_modL1_fusion32_fusionL1_fusionBN0_drop0p1__wd1e-04trmiss40_trlocglobal,32,5e-05,0.0001,1,32,1,False,0.1,lr5e-05_bs32_modL1_fusion32_fusionL1_fusionBN0_drop0p1__wd1e-04trmiss40_trlocglobal,11,0.6278795599937439,0.6920136511325836,0.5454545454545454,0.5399727324320616,0.4444444444444444,0.0,0.0,0.0,0.0,0.0,0.0,0.0,0.0,0.0,,,,,18473,global,0.4
5,2,lr5e-05_bs32_modL1_fusion32_fusionL1_fusionBN0_drop0p1__wd1e-04trmiss40_trlocglobal,32,5e-05,0.0001,1,32,1,False,0.1,lr5e-05_bs32_modL1_fusion32_fusionL1_fusionBN0_drop0p1__wd1e-04trmiss40_trlocglobal,12,0.6215100288391113,0.6916970610618591,0.5533596837944664,0.5451862064941995,0.4666666666666667,0.0,0.0,0.0,0.0,0.0,0.0,0.0,0.0,0.0,,,,,18473,global,0.4
5,2,lr5e-05_bs32_modL1_fusion32_fusionL1_fusionBN0_drop0p1__wd1e-04trmiss40_trlocglobal,32,5e-05,0.0001,1,32,1,False,0.1,lr5e-05_bs32_modL1_fusion32_fusionL1_fusionBN0_drop0p1__wd1e-04trmiss40_trlocglobal,13,0.6166447897752126,0.6921286582946777,0.5513833992094862,0.5451469263036905,0.4888888888888889,0.0,0.0,0.0,0.0,0.0,0.0,0.0,0.0,0.0,,,,,18473,global,0.4
5,2,lr5e-05_bs32_modL1_fusion32_fusionL1_fusionBN0_drop0p1__wd1e-04trmiss40_trlocglobal,32,5e-05,0.0001,1,32,1,False,0.1,lr5e-05_bs32_modL1_fusion32_fusionL1_fusionBN0_drop0p1__wd1e-04trmiss40_trlocglobal,14,0.6132564644018809,0.6916242837905884,0.541501976284585,0.5419697535900728,0.4888888888888889,0.0,0.0,0.0,0.0,0.0,0.0,0.0,0.0,0.0,,,,,18473,global,0.4
5,2,lr5e-05_bs32_modL1_fusion32_fusionL1_fusionBN0_drop0p1__wd1e-04trmiss40_trlocglobal,32,5e-05,0.0001,1,32,1,False,0.1,lr5e-05_bs32_modL1_fusion32_fusionL1_fusionBN0_drop0p1__wd1e-04trmiss40_trlocglobal,15,0.6144806444644928,0.6916566491127014,0.5513833992094861,0.5551876538110603,0.5111111111111111,0.0,0.0,0.0,0.0,0.0,0.0,0.0,0.0,0.0,,,,,18473,global,0.4
5,2,lr5e-05_bs32_modL1_fusion32_fusionL1_fusionBN0_drop0p1__wd1e-04trmiss40_trlocglobal,32,5e-05,0.0001,1,32,1,False,0.1,lr5e-05_bs32_modL1_fusion32_fusionL1_fusionBN0_drop0p1__wd1e-04trmiss40_trlocglobal,16,0.6054235994815826,0.6916007399559021,0.5513833992094862,0.5525993243463385,0.5111111111111111,0.0,0.0,0.0,0.0,0.0,0.0,0.0,0.0,0.0,,,,,18473,global,0.4
5,2,lr5e-05_bs32_modL1_fusion32_fusionL1_fusionBN0_drop0p1__wd1e-04trmiss40_trlocglobal,32,5e-05,0.0001,1,32,1,False,0.1,lr5e-05_bs32_modL1_fusion32_fusionL1_fusionBN0_drop0p1__wd1e-04trmiss40_trlocglobal,17,0.5992260078589121,0.6925222277641296,0.5395256916996047,0.5443337642457402,0.5333333333333333,0.0,0.0,0.0,0.0,0.0,0.0,0.0,0.0,0.0,,,,,18473,global,0.4
5,2,lr5e-05_bs32_modL1_fusion32_fusionL1_fusionBN0_drop0p1__wd1e-04trmiss40_trlocglobal,32,5e-05,0.0001,1,32,1,False,0.1,lr5e-05_bs32_modL1_fusion32_fusionL1_fusionBN0_drop0p1__wd1e-04trmiss40_trlocglobal,18,0.594012717405955,0.691573828458786,0.5316205533596838,0.5406455442531725,0.4888888888888889,0.0,0.0,0.0,0.0,0.0,0.0,0.0,0.0,0.0,,,,,18473,global,0.4
5,2,lr5e-05_bs32_modL1_fusion32_fusionL1_fusionBN0_drop0p1__wd1e-04trmiss40_trlocglobal,32,5e-05,0.0001,1,32,1,False,0.1,lr5e-05_bs32_modL1_fusion32_fusionL1_fusionBN0_drop0p1__wd1e-04trmiss40_trlocglobal,19,0.5936805307865143,0.6921660602092743,0.5237154150197628,0.5324579705742574,0.4888888888888889,0.0,0.0,0.0,0.0,0.0,0.0,0.0,0.0,0.0,,,,,18473,global,0.4
5,2,lr5e-05_bs32_modL1_fusion32_fusionL1_fusionBN0_drop0p1__wd1e-04trmiss40_trlocglobal,32,5e-05,0.0001,1,32,1,False,0.1,lr5e-05_bs32_modL1_fusion32_fusionL1_fusionBN0_drop0p1__wd1e-04trmiss40_trlocglobal,20,0.5880495210488638,0.6929507255554199,0.5276679841897234,0.5408757929221394,0.4888888888888889,0.0,0.0,0.0,0.0,0.0,0.0,0.0,0.0,0.0,,,,,18473,global,0.4
5,2,lr5e-05_bs32_modL1_fusion32_fusionL1_fusionBN0_drop0p1__wd1e-04trmiss40_trlocglobal,32,5e-05,0.0001,1,32,1,False,0.1,lr5e-05_bs32_modL1_fusion32_fusionL1_fusionBN0_drop0p1__wd1e-04trmiss40_trlocglobal,21,0.5857358773549398,0.6921674609184265,0.5395256916996047,0.5539315211666548,0.5333333333333333,0.0,0.0,0.0,0.0,0.0,0.0,0.0,0.0,0.0,,,,,18473,global,0.4
5,2,lr5e-05_bs32_modL1_fusion32_fusionL1_fusionBN0_drop0p1__wd1e-04trmiss40_trlocglobal,32,5e-05,0.0001,1,32,1,False,0.1,lr5e-05_bs32_modL1_fusion32_fusionL1_fusionBN0_drop0p1__wd1e-04trmiss40_trlocglobal,22,0.5809025764465332,0.6919528245925903,0.5355731225296443,0.5507839792181868,0.5333333333333333,0.0,0.0,0.0,0.0,0.0,0.0,0.0,0.0,0.0,,,,,18473,global,0.4
5,2,lr5e-05_bs32_modL1_fusion32_fusionL1_fusionBN0_drop0p1__wd1e-04trmiss40_trlocglobal,32,5e-05,0.0001,1,32,1,False,0.1,lr5e-05_bs32_modL1_fusion32_fusionL1_fusionBN0_drop0p1__wd1e-04trmiss40_trlocglobal,23,0.584075411160787,0.6916039884090424,0.525691699604743,0.544537043501444,0.5333333333333333,0.0,0.0,0.0,0.0,0.0,0.0,0.0,0.0,0.0,,,,,18473,global,0.4
5,2,lr5e-05_bs32_modL1_fusion32_fusionL1_fusionBN0_drop0p1__wd1e-04trmiss40_trlocglobal,32,5e-05,0.0001,1,32,1,False,0.1,lr5e-05_bs32_modL1_fusion32_fusionL1_fusionBN0_drop0p1__wd1e-04trmiss40_trlocglobal,24,0.5684197743733724,0.6929356157779694,0.5158102766798419,0.5334069340156737,0.5333333333333333,0.0,0.0,0.0,0.0,0.0,0.0,0.0,0.0,0.0,,,,,18473,global,0.4
5,2,lr5e-05_bs32_modL1_fusion32_fusionL1_fusionBN0_drop0p1__wd1e-04trmiss40_trlocglobal,32,5e-05,0.0001,1,32,1,False,0.1,lr5e-05_bs32_modL1_fusion32_fusionL1_fusionBN0_drop0p1__wd1e-04trmiss40_trlocglobal,25,0.5799978176752726,0.6930631399154663,0.5276679841897234,0.5501569027526424,0.5555555555555556,0.0,0.0,0.0,0.0,0.0,0.0,0.0,0.0,0.0,,,,,18473,global,0.4
5,2,lr5e-05_bs32_modL1_fusion32_fusionL1_fusionBN0_drop0p1__wd1e-04trmiss40_trlocglobal,32,5e-05,0.0001,1,32,1,False,0.1,lr5e-05_bs32_modL1_fusion32_fusionL1_fusionBN0_drop0p1__wd1e-04trmiss40_trlocglobal,26,0.5731015801429749,0.693038821220398,0.5296442687747035,0.5574212222556476,0.5777777777777777,0.0,0.0,0.0,0.0,0.0,0.0,0.0,0.0,0.0,,,,,18473,global,0.4
5,2,lr5e-05_bs32_modL1_fusion32_fusionL1_fusionBN0_drop0p1__wd1e-04trmiss40_trlocglobal,32,5e-05,0.0001,1,32,1,False,0.1,lr5e-05_bs32_modL1_fusion32_fusionL1_fusionBN0_drop0p1__wd1e-04trmiss40_trlocglobal,27,0.5655583043893179,0.6916389465332031,0.5256916996047432,0.5547632023282841,0.5777777777777777,0.0,0.0,0.0,0.0,0.0,0.0,0.0,0.0,0.0,,,,,18473,global,0.4
5,2,lr5e-05_bs32_modL1_fusion32_fusionL1_fusionBN0_drop0p1__wd1e-04trmiss40_trlocglobal,32,5e-05,0.0001,1,32,1,False,0.1,lr5e-05_bs32_modL1_fusion32_fusionL1_fusionBN0_drop0p1__wd1e-04trmiss40_trlocglobal,28,0.5639219284057617,0.6909685432910919,0.5098814229249012,0.5379296120108642,0.5333333333333333,0.0,0.0,0.0,0.0,0.0,0.0,0.0,0.0,0.0,,,,,18473,global,0.4
5,2,lr1e-05_bs32_modL1_fusion16_fusionL1_fusionBN0_drop0p2__wd1e-04trmiss40_trlocglobal,32,1e-05,0.0001,1,16,1,False,0.2,lr1e-05_bs32_modL1_fusion16_fusionL1_fusionBN0_drop0p2__wd1e-04trmiss40_trlocglobal,1,0.7100118299325308,0.7040862739086151,0.43675889328063244,0.49053884931210845,0.5111111111111111,0.0,0.0,0.0,0.0,0.0,0.0,0.0,0.0,0.0,,,,,18473,global,0.4
5,2,lr1e-05_bs32_modL1_fusion16_fusionL1_fusionBN0_drop0p2__wd1e-04trmiss40_trlocglobal,32,1e-05,0.0001,1,16,1,False,0.2,lr1e-05_bs32_modL1_fusion16_fusionL1_fusionBN0_drop0p2__wd1e-04trmiss40_trlocglobal,2,0.6978241304556528,0.7055798470973969,0.4387351778656126,0.48882992970231365,0.5333333333333333,0.0,0.0,0.0,0.0,0.0,0.0,0.0,0.0,0.0,,,,,18473,global,0.4
5,2,lr1e-05_bs32_modL1_fusion16_fusionL1_fusionBN0_drop0p2__wd1e-04trmiss40_trlocglobal,32,1e-05,0.0001,1,16,1,False,0.2,lr1e-05_bs32_modL1_fusion16_fusionL1_fusionBN0_drop0p2__wd1e-04trmiss40_trlocglobal,3,0.6953733960787455,0.7065143287181854,0.44664031620553357,0.48386828072138244,0.4888888888888889,0.0,0.0,0.0,0.0,0.0,0.0,0.0,0.0,0.0,,,,,18473,global,0.4
5,2,lr1e-05_bs32_modL1_fusion16_fusionL1_fusionBN0_drop0p2__wd1e-04trmiss40_trlocglobal,32,1e-05,0.0001,1,16,1,False,0.2,lr1e-05_bs32_modL1_fusion16_fusionL1_fusionBN0_drop0p2__wd1e-04trmiss40_trlocglobal,4,0.7029096881548563,0.7072083353996277,0.4426877470355731,0.4805625328346007,0.5111111111111111,0.0,0.0,0.0,0.0,0.0,0.0,0.0,0.0,0.0,,,,,18473,global,0.4
5,2,lr1e-05_bs32_modL1_fusion16_fusionL1_fusionBN0_drop0p2__wd1e-04trmiss40_trlocglobal,32,1e-05,0.0001,1,16,1,False,0.2,lr1e-05_bs32_modL1_fusion16_fusionL1_fusionBN0_drop0p2__wd1e-04trmiss40_trlocglobal,5,0.6899444659550985,0.7079982161521912,0.4407114624505929,0.4795273361472301,0.5111111111111111,0.0,0.0,0.0,0.0,0.0,0.0,0.0,0.0,0.0,,,,,18473,global,0.4
5,2,lr1e-05_bs32_modL1_fusion16_fusionL1_fusionBN0_drop0p2__wd1e-04trmiss40_trlocglobal,32,1e-05,0.0001,1,16,1,False,0.2,lr1e-05_bs32_modL1_fusion16_fusionL1_fusionBN0_drop0p2__wd1e-04trmiss40_trlocglobal,6,0.6862320204575857,0.7083667814731598,0.4426877470355731,0.47754155367778295,0.5111111111111111,0.0,0.0,0.0,0.0,0.0,0.0,0.0,0.0,0.0,,,,,18473,global,0.4
5,2,lr1e-05_bs32_modL1_fusion16_fusionL1_fusionBN0_drop0p2__wd1e-04trmiss40_trlocglobal,32,1e-05,0.0001,1,16,1,False,0.2,lr1e-05_bs32_modL1_fusion16_fusionL1_fusionBN0_drop0p2__wd1e-04trmiss40_trlocglobal,7,0.6852710644404093,0.7078951895236969,0.4426877470355731,0.4710117630175576,0.5333333333333333,0.0,0.0,0.0,0.0,0.0,0.0,0.0,0.0,0.0,,,,,18473,global,0.4
5,2,lr1e-05_bs32_modL1_fusion16_fusionL1_fusionBN0_drop0p2__wd1e-04trmiss40_trlocglobal,32,1e-05,0.0001,1,16,1,False,0.2,lr1e-05_bs32_modL1_fusion16_fusionL1_fusionBN0_drop0p2__wd1e-04trmiss40_trlocglobal,8,0.6847745279471079,0.7077233493328094,0.44466403162055335,0.471931635161686,0.5333333333333333,0.0,0.0,0.0,0.0,0.0,0.0,0.0,0.0,0.0,,,,,18473,global,0.4
5,2,lr1e-05_bs32_modL1_fusion16_fusionL1_fusionBN0_drop0p2__wd1e-04trmiss40_trlocglobal,32,1e-05,0.0001,1,16,1,False,0.2,lr1e-05_bs32_modL1_fusion16_fusionL1_fusionBN0_drop0p2__wd1e-04trmiss40_trlocglobal,9,0.6872130235036215,0.7076786160469055,0.44664031620553357,0.4749225744078847,0.5333333333333333,0.0,0.0,0.0,0.0,0.0,0.0,0.0,0.0,0.0,,,,,18473,global,0.4
5,2,lr1e-05_bs32_modL1_fusion16_fusionL1_fusionBN0_drop0p2__wd1e-04trmiss40_trlocglobal,32,1e-05,0.0001,1,16,1,False,0.2,lr1e-05_bs32_modL1_fusion16_fusionL1_fusionBN0_drop0p2__wd1e-04trmiss40_trlocglobal,10,0.6827718714872996,0.7071392834186554,0.44466403162055335,0.47511531686449526,0.5333333333333333,0.0,0.0,0.0,0.0,0.0,0.0,0.0,0.0,0.0,,,,,18473,global,0.4
5,2,lr1e-05_bs32_modL1_fusion16_fusionL1_fusionBN0_drop0p2__wd1e-04trmiss40_trlocglobal,32,1e-05,0.0001,1,16,1,False,0.2,lr1e-05_bs32_modL1_fusion16_fusionL1_fusionBN0_drop0p2__wd1e-04trmiss40_trlocglobal,11,0.6871256331602732,0.7063808739185333,0.4387351778656126,0.47012560363679573,0.5333333333333333,0.0,0.0,0.0,0.0,0.0,0.0,0.0,0.0,0.0,,,,,18473,global,0.4
5,2,lr1e-05_bs32_modL1_fusion16_fusionL1_fusionBN0_drop0p2__wd1e-04trmiss40_trlocglobal,32,1e-05,0.0001,1,16,1,False,0.2,lr1e-05_bs32_modL1_fusion16_fusionL1_fusionBN0_drop0p2__wd1e-04trmiss40_trlocglobal,12,0.6800783971945444,0.7060326635837555,0.4407114624505929,0.47065523915126445,0.5333333333333333,0.0,0.0,0.0,0.0,0.0,0.0,0.0,0.0,0.0,,,,,18473,global,0.4
5,2,lr1e-05_bs32_modL1_fusion16_fusionL1_fusionBN0_drop0p2__wd1e-04trmiss40_trlocglobal,32,1e-05,0.0001,1,16,1,False,0.2,lr1e-05_bs32_modL1_fusion16_fusionL1_fusionBN0_drop0p2__wd1e-04trmiss40_trlocglobal,13,0.6810616056124369,0.7058490514755249,0.4387351778656126,0.4696606384124182,0.5333333333333333,0.0,0.0,0.0,0.0,0.0,0.0,0.0,0.0,0.0,,,,,18473,global,0.4
5,2,lr1e-05_bs32_modL1_fusion16_fusionL1_fusionBN0_drop0p2__wd1e-04trmiss40_trlocglobal,32,1e-05,0.0001,1,16,1,False,0.2,lr1e-05_bs32_modL1_fusion16_fusionL1_fusionBN0_drop0p2__wd1e-04trmiss40_trlocglobal,14,0.670070211092631,0.7059262990951538,0.4407114624505929,0.472818800227869,0.5333333333333333,0.0,0.0,0.0,0.0,0.0,0.0,0.0,0.0,0.0,,,,,18473,global,0.4
5,2,lr1e-05_bs32_modL1_fusion16_fusionL1_fusionBN0_drop0p2__wd1e-04trmiss40_trlocglobal,32,1e-05,0.0001,1,16,1,False,0.2,lr1e-05_bs32_modL1_fusion16_fusionL1_fusionBN0_drop0p2__wd1e-04trmiss40_trlocglobal,15,0.6798925300439199,0.7057906985282898,0.4466403162055336,0.47905405780130184,0.5333333333333333,0.0,0.0,0.0,0.0,0.0,0.0,0.0,0.0,0.0,,,,,18473,global,0.4
5,2,lr1e-05_bs32_modL1_fusion16_fusionL1_fusionBN0_drop0p2__wd1e-04trmiss40_trlocglobal,32,1e-05,0.0001,1,16,1,False,0.2,lr1e-05_bs32_modL1_fusion16_fusionL1_fusionBN0_drop0p2__wd1e-04trmiss40_trlocglobal,16,0.6716206967830658,0.7054949104785919,0.4525691699604743,0.4818614934445835,0.5333333333333333,0.0,0.0,0.0,0.0,0.0,0.0,0.0,0.0,0.0,,,,,18473,global,0.4
5,2,lr1e-05_bs32_modL1_fusion16_fusionL1_fusionBN0_drop0p2__wd1e-04trmiss40_trlocglobal,32,1e-05,0.0001,1,16,1,False,0.2,lr1e-05_bs32_modL1_fusion16_fusionL1_fusionBN0_drop0p2__wd1e-04trmiss40_trlocglobal,17,0.6710930168628693,0.7054108083248138,0.45652173913043476,0.48296956411787156,0.5111111111111111,0.0,0.0,0.0,0.0,0.0,0.0,0.0,0.0,0.0,,,,,18473,global,0.4
5,2,lr1e-05_bs32_modL1_fusion16_fusionL1_fusionBN0_drop0p2__wd1e-04trmiss40_trlocglobal,32,1e-05,0.0001,1,16,1,False,0.2,lr1e-05_bs32_modL1_fusion16_fusionL1_fusionBN0_drop0p2__wd1e-04trmiss40_trlocglobal,18,0.6751504838466644,0.7053342163562775,0.4604743083003952,0.4849587785105,0.5111111111111111,0.0,0.0,0.0,0.0,0.0,0.0,0.0,0.0,0.0,,,,,18473,global,0.4
5,2,lr1e-05_bs32_modL1_fusion16_fusionL1_fusionBN0_drop0p2__wd1e-04trmiss40_trlocglobal,32,1e-05,0.0001,1,16,1,False,0.2,lr1e-05_bs32_modL1_fusion16_fusionL1_fusionBN0_drop0p2__wd1e-04trmiss40_trlocglobal,19,0.667897085348765,0.70538529753685,0.4683794466403162,0.4900730666999115,0.5111111111111111,0.0,0.0,0.0,0.0,0.0,0.0,0.0,0.0,0.0,,,,,18473,global,0.4
5,2,lr1e-05_bs32_modL1_fusion16_fusionL1_fusionBN0_drop0p2__wd1e-04trmiss40_trlocglobal,32,1e-05,0.0001,1,16,1,False,0.2,lr1e-05_bs32_modL1_fusion16_fusionL1_fusionBN0_drop0p2__wd1e-04trmiss40_trlocglobal,20,0.6691721975803375,0.7047462463378906,0.47430830039525695,0.49637853361295126,0.5111111111111111,0.0,0.0,0.0,0.0,0.0,0.0,0.0,0.0,0.0,,,,,18473,global,0.4
5,2,lr1e-05_bs32_modL1_fusion16_fusionL1_fusionBN0_drop0p2__wd1e-04trmiss40_trlocglobal,32,1e-05,0.0001,1,16,1,False,0.2,lr1e-05_bs32_modL1_fusion16_fusionL1_fusionBN0_drop0p2__wd1e-04trmiss40_trlocglobal,21,0.6715311904748281,0.7048568725585938,0.4644268774703557,0.4905401346111681,0.5111111111111111,0.0,0.0,0.0,0.0,0.0,0.0,0.0,0.0,0.0,,,,,18473,global,0.4
5,2,lr1e-05_bs32_modL1_fusion16_fusionL1_fusionBN0_drop0p2__wd1e-04trmiss40_trlocglobal,32,1e-05,0.0001,1,16,1,False,0.2,lr1e-05_bs32_modL1_fusion16_fusionL1_fusionBN0_drop0p2__wd1e-04trmiss40_trlocglobal,22,0.662419597307841,0.7051598429679871,0.4624505928853755,0.4850753803987768,0.5111111111111111,0.0,0.0,0.0,0.0,0.0,0.0,0.0,0.0,0.0,,,,,18473,global,0.4
5,2,lr1e-05_bs32_modL1_fusion16_fusionL1_fusionBN0_drop0p2__wd1e-04trmiss40_trlocglobal,32,1e-05,0.0001,1,16,1,False,0.2,lr1e-05_bs32_modL1_fusion16_fusionL1_fusionBN0_drop0p2__wd1e-04trmiss40_trlocglobal,23,0.660047322511673,0.7047331929206848,0.4624505928853755,0.48265788789955727,0.5111111111111111,0.0,0.0,0.0,0.0,0.0,0.0,0.0,0.0,0.0,,,,,18473,global,0.4
5,2,lr1e-05_bs32_modL1_fusion16_fusionL1_fusionBN0_drop0p2__wd1e-04trmiss40_trlocglobal,32,1e-05,0.0001,1,16,1,False,0.2,lr1e-05_bs32_modL1_fusion16_fusionL1_fusionBN0_drop0p2__wd1e-04trmiss40_trlocglobal,24,0.6514522830645243,0.7044056951999664,0.4743083003952569,0.49560618820881425,0.5111111111111111,0.0,0.0,0.0,0.0,0.0,0.0,0.0,0.0,0.0,,,,,18473,global,0.4
5,2,lr1e-05_bs32_modL1_fusion16_fusionL1_fusionBN0_drop0p2__wd1e-04trmiss40_trlocglobal,32,1e-05,0.0001,1,16,1,False,0.2,lr1e-05_bs32_modL1_fusion16_fusionL1_fusionBN0_drop0p2__wd1e-04trmiss40_trlocglobal,25,0.6625773708025614,0.704327255487442,0.46837944664031617,0.49391037779571445,0.5111111111111111,0.0,0.0,0.0,0.0,0.0,0.0,0.0,0.0,0.0,,,,,18473,global,0.4
5,2,lr1e-05_bs32_modL1_fusion16_fusionL1_fusionBN0_drop0p2__wd1e-04trmiss40_trlocglobal,32,1e-05,0.0001,1,16,1,False,0.2,lr1e-05_bs32_modL1_fusion16_fusionL1_fusionBN0_drop0p2__wd1e-04trmiss40_trlocglobal,26,0.6663557589054108,0.7043384909629822,0.47035573122529645,0.48905845593056013,0.5111111111111111,0.0,0.0,0.0,0.0,0.0,0.0,0.0,0.0,0.0,,,,,18473,global,0.4
5,2,lr1e-05_bs32_modL1_fusion16_fusionL1_fusionBN0_drop0p2__wd1e-04trmiss40_trlocglobal,32,1e-05,0.0001,1,16,1,False,0.2,lr1e-05_bs32_modL1_fusion16_fusionL1_fusionBN0_drop0p2__wd1e-04trmiss40_trlocglobal,27,0.6622986892859141,0.7042789161205292,0.4703557312252964,0.4937993567017066,0.5111111111111111,0.0,0.0,0.0,0.0,0.0,0.0,0.0,0.0,0.0,,,,,18473,global,0.4
5,2,lr1e-05_bs32_modL1_fusion16_fusionL1_fusionBN0_drop0p2__wd1e-04trmiss40_trlocglobal,32,1e-05,0.0001,1,16,1,False,0.2,lr1e-05_bs32_modL1_fusion16_fusionL1_fusionBN0_drop0p2__wd1e-04trmiss40_trlocglobal,28,0.6564181248346964,0.7046136856079102,0.47430830039525695,0.4951087157442733,0.5111111111111111,0.0,0.0,0.0,0.0,0.0,0.0,0.0,0.0,0.0,,,,,18473,global,0.4
5,2,lr1e-05_bs32_modL1_fusion16_fusionL1_fusionBN0_drop0p2__wd1e-04trmiss40_trlocglobal,32,1e-05,0.0001,1,16,1,False,0.2,lr1e-05_bs32_modL1_fusion16_fusionL1_fusionBN0_drop0p2__wd1e-04trmiss40_trlocglobal,29,0.6571928759415945,0.7045009732246399,0.4762845849802372,0.49678803481489675,0.5111111111111111,0.0,0.0,0.0,0.0,0.0,0.0,0.0,0.0,0.0,,,,,18473,global,0.4
5,2,lr1e-05_bs32_modL1_fusion16_fusionL1_fusionBN0_drop0p2__wd1e-04trmiss40_trlocglobal,32,1e-05,0.0001,1,16,1,False,0.2,lr1e-05_bs32_modL1_fusion16_fusionL1_fusionBN0_drop0p2__wd1e-04trmiss40_trlocglobal,30,0.6570431490739187,0.7045355141162872,0.47035573122529645,0.49437269622141966,0.5111111111111111,0.0,0.0,0.0,0.0,0.0,0.0,0.0,0.0,0.0,,,,,18473,global,0.4
5,2,lr1e-05_bs32_modL1_fusion16_fusionL1_fusionBN0_drop0p2__wd1e-04trmiss40_trlocglobal,32,1e-05,0.0001,1,16,1,False,0.2,lr1e-05_bs32_modL1_fusion16_fusionL1_fusionBN0_drop0p2__wd1e-04trmiss40_trlocglobal,31,0.6583325763543447,0.7040372788906097,0.4703557312252964,0.4937852500262562,0.5111111111111111,0.0,0.0,0.0,0.0,0.0,0.0,0.0,0.0,0.0,,,,,18473,global,0.4
5,2,lr1e-05_bs32_modL1_fusion16_fusionL1_fusionBN0_drop0p2__wd1e-04trmiss40_trlocglobal,32,1e-05,0.0001,1,16,1,False,0.2,lr1e-05_bs32_modL1_fusion16_fusionL1_fusionBN0_drop0p2__wd1e-04trmiss40_trlocglobal,32,0.6571788291136423,0.7037576735019684,0.46837944664031617,0.49440526087644604,0.5111111111111111,0.0,0.0,0.0,0.0,0.0,0.0,0.0,0.0,0.0,,,,,18473,global,0.4
5,2,lr1e-05_bs32_modL1_fusion16_fusionL1_fusionBN0_drop0p2__wd1e-04trmiss40_trlocglobal,32,1e-05,0.0001,1,16,1,False,0.2,lr1e-05_bs32_modL1_fusion16_fusionL1_fusionBN0_drop0p2__wd1e-04trmiss40_trlocglobal,33,0.6510421733061472,0.7040122449398041,0.48221343873517786,0.5027991467575442,0.5111111111111111,0.0,0.0,0.0,0.0,0.0,0.0,0.0,0.0,0.0,,,,,18473,global,0.4
5,2,lr1e-05_bs32_modL1_fusion16_fusionL1_fusionBN0_drop0p2__wd1e-04trmiss40_trlocglobal,32,1e-05,0.0001,1,16,1,False,0.2,lr1e-05_bs32_modL1_fusion16_fusionL1_fusionBN0_drop0p2__wd1e-04trmiss40_trlocglobal,34,0.6545665363470713,0.7043491005897522,0.4782608695652174,0.4992955406527707,0.5333333333333333,0.0,0.0,0.0,0.0,0.0,0.0,0.0,0.0,0.0,,,,,18473,global,0.4
5,2,lr1e-05_bs32_modL1_fusion16_fusionL1_fusionBN0_drop0p2__wd1e-04trmiss40_trlocglobal,32,1e-05,0.0001,1,16,1,False,0.2,lr1e-05_bs32_modL1_fusion16_fusionL1_fusionBN0_drop0p2__wd1e-04trmiss40_trlocglobal,35,0.6573452750841776,0.7044081389904022,0.47430830039525695,0.4900728792561963,0.5333333333333333,0.0,0.0,0.0,0.0,0.0,0.0,0.0,0.0,0.0,,,,,18473,global,0.4
5,2,lr1e-05_bs32_modL1_fusion16_fusionL1_fusionBN0_drop0p2__wd1e-04trmiss40_trlocglobal,32,1e-05,0.0001,1,16,1,False,0.2,lr1e-05_bs32_modL1_fusion16_fusionL1_fusionBN0_drop0p2__wd1e-04trmiss40_trlocglobal,36,0.647442897160848,0.7043660283088684,0.4782608695652174,0.4922701677087442,0.5333333333333333,0.0,0.0,0.0,0.0,0.0,0.0,0.0,0.0,0.0,,,,,18473,global,0.4
5,2,lr1e-05_bs32_modL1_fusion16_fusionL1_fusionBN0_drop0p2__wd1e-04trmiss40_trlocglobal,32,1e-05,0.0001,1,16,1,False,0.2,lr1e-05_bs32_modL1_fusion16_fusionL1_fusionBN0_drop0p2__wd1e-04trmiss40_trlocglobal,37,0.6483327547709147,0.7040861546993256,0.47430830039525695,0.49118447013760813,0.5333333333333333,0.0,0.0,0.0,0.0,0.0,0.0,0.0,0.0,0.0,,,,,18473,global,0.4
5,2,lr1e-05_bs32_modL1_fusion16_fusionL1_fusionBN0_drop0p2__wd1e-04trmiss40_trlocglobal,32,1e-05,0.0001,1,16,1,False,0.2,lr1e-05_bs32_modL1_fusion16_fusionL1_fusionBN0_drop0p2__wd1e-04trmiss40_trlocglobal,38,0.6566863159338633,0.7041302025318146,0.48221343873517786,0.494558497228195,0.5111111111111111,0.0,0.0,0.0,0.0,0.0,0.0,0.0,0.0,0.0,,,,,18473,global,0.4
5,2,lr1e-05_bs32_modL1_fusion16_fusionL1_fusionBN0_drop0p2__wd1e-04trmiss40_trlocglobal,32,1e-05,0.0001,1,16,1,False,0.2,lr1e-05_bs32_modL1_fusion16_fusionL1_fusionBN0_drop0p2__wd1e-04trmiss40_trlocglobal,39,0.6415603955586752,0.7042434811592102,0.47430830039525695,0.4893921590102586,0.5111111111111111,0.0,0.0,0.0,0.0,0.0,0.0,0.0,0.0,0.0,,,,,18473,global,0.4
5,2,lr1e-05_bs32_modL1_fusion16_fusionL1_fusionBN0_drop0p2__wd1e-04trmiss40_trlocglobal,32,1e-05,0.0001,1,16,1,False,0.2,lr1e-05_bs32_modL1_fusion16_fusionL1_fusionBN0_drop0p2__wd1e-04trmiss40_trlocglobal,40,0.655651867389679,0.7041825652122498,0.4743083003952569,0.48821815376302674,0.5111111111111111,0.0,0.0,0.0,0.0,0.0,0.0,0.0,0.0,0.0,,,,,18473,global,0.4
5,2,lr1e-05_bs32_modL1_fusion16_fusionL1_fusionBN0_drop0p2__wd1e-04trmiss40_trlocglobal,32,1e-05,0.0001,1,16,1,False,0.2,lr1e-05_bs32_modL1_fusion16_fusionL1_fusionBN0_drop0p2__wd1e-04trmiss40_trlocglobal,41,0.6466084520022074,0.7041783034801483,0.4782608695652174,0.4964097101587419,0.5111111111111111,0.0,0.0,0.0,0.0,0.0,0.0,0.0,0.0,0.0,,,,,18473,global,0.4
5,2,lr1e-05_bs32_modL1_fusion16_fusionL1_fusionBN0_drop0p2__wd1e-04trmiss40_trlocglobal,32,1e-05,0.0001,1,16,1,False,0.2,lr1e-05_bs32_modL1_fusion16_fusionL1_fusionBN0_drop0p2__wd1e-04trmiss40_trlocglobal,42,0.6641493141651154,0.704213559627533,0.48023715415019763,0.49744081515960126,0.5111111111111111,0.0,0.0,0.0,0.0,0.0,0.0,0.0,0.0,0.0,,,,,18473,global,0.4
5,2,lr1e-05_bs32_modL1_fusion16_fusionL1_fusionBN0_drop0p2__wd1e-04trmiss40_trlocglobal,32,1e-05,0.0001,1,16,1,False,0.2,lr1e-05_bs32_modL1_fusion16_fusionL1_fusionBN0_drop0p2__wd1e-04trmiss40_trlocglobal,43,0.6462974747021993,0.7043544948101044,0.46837944664031617,0.4855183633073774,0.5111111111111111,0.0,0.0,0.0,0.0,0.0,0.0,0.0,0.0,0.0,,,,,18473,global,0.4
5,2,lr1e-05_bs32_modL1_fusion16_fusionL1_fusionBN0_drop0p2__wd1e-04trmiss40_trlocglobal,32,1e-05,0.0001,1,16,1,False,0.2,lr1e-05_bs32_modL1_fusion16_fusionL1_fusionBN0_drop0p2__wd1e-04trmiss40_trlocglobal,44,0.6402626931667328,0.704220712184906,0.4743083003952569,0.48870985556200064,0.5111111111111111,0.0,0.0,0.0,0.0,0.0,0.0,0.0,0.0,0.0,,,,,18473,global,0.4
5,2,lr1e-05_bs32_modL1_fusion16_fusionL1_fusionBN0_drop0p2__wd1e-04trmiss40_trlocglobal,32,1e-05,0.0001,1,16,1,False,0.2,lr1e-05_bs32_modL1_fusion16_fusionL1_fusionBN0_drop0p2__wd1e-04trmiss40_trlocglobal,45,0.6417796313762665,0.7041582465171814,0.47233201581027673,0.48745390775873826,0.5333333333333333,0.0,0.0,0.0,0.0,0.0,0.0,0.0,0.0,0.0,,,,,18473,global,0.4
5,2,lr1e-05_bs32_modL1_fusion16_fusionL1_fusionBN0_drop0p2__wd1e-04trmiss40_trlocglobal,32,1e-05,0.0001,1,16,1,False,0.2,lr1e-05_bs32_modL1_fusion16_fusionL1_fusionBN0_drop0p2__wd1e-04trmiss40_trlocglobal,46,0.6485028664271036,0.7050976753234863,0.4723320158102767,0.48718171394097975,0.5111111111111111,0.0,0.0,0.0,0.0,0.0,0.0,0.0,0.0,0.0,,,,,18473,global,0.4
5,2,lr1e-05_bs32_modL1_fusion16_fusionL1_fusionBN0_drop0p2__wd1e-04trmiss40_trlocglobal,32,1e-05,0.0001,1,16,1,False,0.2,lr1e-05_bs32_modL1_fusion16_fusionL1_fusionBN0_drop0p2__wd1e-04trmiss40_trlocglobal,47,0.6583975652853647,0.7052792906761169,0.46640316205533594,0.48372767180187853,0.5111111111111111,0.0,0.0,0.0,0.0,0.0,0.0,0.0,0.0,0.0,,,,,18473,global,0.4
5,2,lr1e-05_bs32_modL1_fusion16_fusionL1_fusionBN0_drop0p2__wd1e-04trmiss40_trlocglobal,32,1e-05,0.0001,1,16,1,False,0.2,lr1e-05_bs32_modL1_fusion16_fusionL1_fusionBN0_drop0p2__wd1e-04trmiss40_trlocglobal,48,0.6410179535547892,0.7058495879173279,0.46640316205533594,0.48342541651241094,0.5333333333333333,0.0,0.0,0.0,0.0,0.0,0.0,0.0,0.0,0.0,,,,,18473,global,0.4
5,2,lr1e-05_bs32_modL1_fusion16_fusionL1_fusionBN0_drop0p2__wd1e-04trmiss40_trlocglobal,32,1e-05,0.0001,1,16,1,False,0.2,lr1e-05_bs32_modL1_fusion16_fusionL1_fusionBN0_drop0p2__wd1e-04trmiss40_trlocglobal,49,0.6488657196362814,0.7053272426128387,0.4644268774703557,0.4827254823885638,0.5333333333333333,0.0,0.0,0.0,0.0,0.0,0.0,0.0,0.0,0.0,,,,,18473,global,0.4
5,2,lr1e-05_bs32_modL1_fusion16_fusionL1_fusionBN0_drop0p2__wd1e-04trmiss40_trlocglobal,32,1e-05,0.0001,1,16,1,False,0.2,lr1e-05_bs32_modL1_fusion16_fusionL1_fusionBN0_drop0p2__wd1e-04trmiss40_trlocglobal,50,0.6463742554187775,0.7050900757312775,0.4624505928853755,0.48258092201382435,0.5333333333333333,0.0,0.0,0.0,0.0,0.0,0.0,0.0,0.0,0.0,,,,,18473,global,0.4
5,2,lr1e-05_bs32_modL1_fusion16_fusionL1_fusionBN0_drop0p2__wd1e-04trmiss40_trlocglobal,32,1e-05,0.0001,1,16,1,False,0.2,lr1e-05_bs32_modL1_fusion16_fusionL1_fusionBN0_drop0p2__wd1e-04trmiss40_trlocglobal,51,0.6440121034781138,0.7052100598812103,0.4644268774703557,0.4889366625127874,0.5333333333333333,0.0,0.0,0.0,0.0,0.0,0.0,0.0,0.0,0.0,,,,,18473,global,0.4
5,2,lr1e-05_bs32_modL1_fusion16_fusionL1_fusionBN0_drop0p2__wd1e-04trmiss40_trlocglobal,32,1e-05,0.0001,1,16,1,False,0.2,lr1e-05_bs32_modL1_fusion16_fusionL1_fusionBN0_drop0p2__wd1e-04trmiss40_trlocglobal,52,0.6535380979379019,0.7052943408489227,0.46640316205533594,0.48389903591186156,0.5333333333333333,0.0,0.0,0.0,0.0,0.0,0.0,0.0,0.0,0.0,,,,,18473,global,0.4
5,2,lr1e-05_bs32_modL1_fusion16_fusionL1_fusionBN0_drop0p2__wd1e-04trmiss40_trlocglobal,32,1e-05,0.0001,1,16,1,False,0.2,lr1e-05_bs32_modL1_fusion16_fusionL1_fusionBN0_drop0p2__wd1e-04trmiss40_trlocglobal,53,0.6398457090059916,0.7050777077674866,0.46837944664031617,0.4867356795281153,0.5333333333333333,0.0,0.0,0.0,0.0,0.0,0.0,0.0,0.0,0.0,,,,,18473,global,0.4
5,2,lr1e-05_bs32_modL1_fusion16_fusionL1_fusionBN0_drop0p1__wd1e-04trmiss40_trlocglobal,32,1e-05,0.0001,1,16,1,False,0.1,lr1e-05_bs32_modL1_fusion16_fusionL1_fusionBN0_drop0p1__wd1e-04trmiss40_trlocglobal,1,0.7028162777423859,0.7022456228733063,0.46047430830039526,0.5222805688361878,0.4888888888888889,0.0,0.0,0.0,0.0,0.0,0.0,0.0,0.0,0.0,,,,,18473,global,0.4
5,2,lr1e-05_bs32_modL1_fusion16_fusionL1_fusionBN0_drop0p1__wd1e-04trmiss40_trlocglobal,32,1e-05,0.0001,1,16,1,False,0.1,lr1e-05_bs32_modL1_fusion16_fusionL1_fusionBN0_drop0p1__wd1e-04trmiss40_trlocglobal,2,0.7062431077162424,0.7034196853637695,0.4782608695652174,0.5373124080276963,0.5111111111111111,0.0,0.0,0.0,0.0,0.0,0.0,0.0,0.0,0.0,,,,,18473,global,0.4
5,2,lr1e-05_bs32_modL1_fusion16_fusionL1_fusionBN0_drop0p1__wd1e-04trmiss40_trlocglobal,32,1e-05,0.0001,1,16,1,False,0.1,lr1e-05_bs32_modL1_fusion16_fusionL1_fusionBN0_drop0p1__wd1e-04trmiss40_trlocglobal,3,0.7038712898890177,0.704791247844696,0.48221343873517786,0.5402770415819923,0.5333333333333333,0.0,0.0,0.0,0.0,0.0,0.0,0.0,0.0,0.0,,,,,18473,global,0.4
5,2,lr1e-05_bs32_modL1_fusion16_fusionL1_fusionBN0_drop0p1__wd1e-04trmiss40_trlocglobal,32,1e-05,0.0001,1,16,1,False,0.1,lr1e-05_bs32_modL1_fusion16_fusionL1_fusionBN0_drop0p1__wd1e-04trmiss40_trlocglobal,4,0.701008677482605,0.7063581645488739,0.4802371541501976,0.5338535621943853,0.5333333333333333,0.0,0.0,0.0,0.0,0.0,0.0,0.0,0.0,0.0,,,,,18473,global,0.4
5,2,lr1e-05_bs32_modL1_fusion16_fusionL1_fusionBN0_drop0p1__wd1e-04trmiss40_trlocglobal,32,1e-05,0.0001,1,16,1,False,0.1,lr1e-05_bs32_modL1_fusion16_fusionL1_fusionBN0_drop0p1__wd1e-04trmiss40_trlocglobal,5,0.7011580367883047,0.7073231935501099,0.4782608695652173,0.5331289245132258,0.5333333333333333,0.0,0.0,0.0,0.0,0.0,0.0,0.0,0.0,0.0,,,,,18473,global,0.4
5,2,lr1e-05_bs32_modL1_fusion16_fusionL1_fusionBN0_drop0p1__wd1e-04trmiss40_trlocglobal,32,1e-05,0.0001,1,16,1,False,0.1,lr1e-05_bs32_modL1_fusion16_fusionL1_fusionBN0_drop0p1__wd1e-04trmiss40_trlocglobal,6,0.6970266799132029,0.7077378630638123,0.4841897233201581,0.5362107266116017,0.5111111111111111,0.0,0.0,0.0,0.0,0.0,0.0,0.0,0.0,0.0,,,,,18473,global,0.4
5,2,lr1e-05_bs32_modL1_fusion16_fusionL1_fusionBN0_drop0p1__wd1e-04trmiss40_trlocglobal,32,1e-05,0.0001,1,16,1,False,0.1,lr1e-05_bs32_modL1_fusion16_fusionL1_fusionBN0_drop0p1__wd1e-04trmiss40_trlocglobal,7,0.6941620806852976,0.707805722951889,0.4881422924901186,0.5402105743357057,0.5333333333333333,0.0,0.0,0.0,0.0,0.0,0.0,0.0,0.0,0.0,,,,,18473,global,0.4
5,2,lr1e-05_bs32_modL1_fusion16_fusionL1_fusionBN0_drop0p1__wd1e-04trmiss40_trlocglobal,32,1e-05,0.0001,1,16,1,False,0.1,lr1e-05_bs32_modL1_fusion16_fusionL1_fusionBN0_drop0p1__wd1e-04trmiss40_trlocglobal,8,0.6864871879418691,0.7082341909408569,0.48814229249011853,0.5411006953059183,0.5333333333333333,0.0,0.0,0.0,0.0,0.0,0.0,0.0,0.0,0.0,,,,,18473,global,0.4
5,2,lr1e-05_bs32_modL1_fusion16_fusionL1_fusionBN0_drop0p1__wd1e-04trmiss40_trlocglobal,32,1e-05,0.0001,1,16,1,False,0.1,lr1e-05_bs32_modL1_fusion16_fusionL1_fusionBN0_drop0p1__wd1e-04trmiss40_trlocglobal,9,0.6852017045021057,0.7082293629646301,0.4861660079051383,0.5433009054695151,0.5333333333333333,0.0,0.0,0.0,0.0,0.0,0.0,0.0,0.0,0.0,,,,,18473,global,0.4
5,2,lr1e-05_bs32_modL1_fusion16_fusionL1_fusionBN0_drop0p1__wd1e-04trmiss40_trlocglobal,32,1e-05,0.0001,1,16,1,False,0.1,lr1e-05_bs32_modL1_fusion16_fusionL1_fusionBN0_drop0p1__wd1e-04trmiss40_trlocglobal,10,0.6822664141654968,0.7076205313205719,0.4901185770750988,0.5442573564259661,0.5333333333333333,0.0,0.0,0.0,0.0,0.0,0.0,0.0,0.0,0.0,,,,,18473,global,0.4
5,2,lr1e-05_bs32_modL1_fusion16_fusionL1_fusionBN0_drop0p1__wd1e-04trmiss40_trlocglobal,32,1e-05,0.0001,1,16,1,False,0.1,lr1e-05_bs32_modL1_fusion16_fusionL1_fusionBN0_drop0p1__wd1e-04trmiss40_trlocglobal,11,0.6855484942595164,0.7073108553886414,0.49407114624505927,0.5466579560805703,0.5111111111111111,0.0,0.0,0.0,0.0,0.0,0.0,0.0,0.0,0.0,,,,,18473,global,0.4
5,2,lr1e-05_bs32_modL1_fusion16_fusionL1_fusionBN0_drop0p1__wd1e-04trmiss40_trlocglobal,32,1e-05,0.0001,1,16,1,False,0.1,lr1e-05_bs32_modL1_fusion16_fusionL1_fusionBN0_drop0p1__wd1e-04trmiss40_trlocglobal,12,0.678061177333196,0.7073099315166473,0.49209486166007904,0.5442760956323484,0.5111111111111111,0.0,0.0,0.0,0.0,0.0,0.0,0.0,0.0,0.0,,,,,18473,global,0.4
5,2,lr1e-05_bs32_modL1_fusion16_fusionL1_fusionBN0_drop0p1__wd1e-04trmiss40_trlocglobal,32,1e-05,0.0001,1,16,1,False,0.1,lr1e-05_bs32_modL1_fusion16_fusionL1_fusionBN0_drop0p1__wd1e-04trmiss40_trlocglobal,13,0.672837108373642,0.7070827484130859,0.4980237154150197,0.5445711774331846,0.5111111111111111,0.0,0.0,0.0,0.0,0.0,0.0,0.0,0.0,0.0,,,,,18473,global,0.4
5,2,lr1e-05_bs32_modL1_fusion16_fusionL1_fusionBN0_drop0p1__wd1e-04trmiss40_trlocglobal,32,1e-05,0.0001,1,16,1,False,0.1,lr1e-05_bs32_modL1_fusion16_fusionL1_fusionBN0_drop0p1__wd1e-04trmiss40_trlocglobal,14,0.6792900264263153,0.7076383829116821,0.4960474308300395,0.5454421361845782,0.5111111111111111,0.0,0.0,0.0,0.0,0.0,0.0,0.0,0.0,0.0,,,,,18473,global,0.4
5,2,lr1e-05_bs32_modL1_fusion16_fusionL1_fusionBN0_drop0p1__wd1e-04trmiss40_trlocglobal,32,1e-05,0.0001,1,16,1,False,0.1,lr1e-05_bs32_modL1_fusion16_fusionL1_fusionBN0_drop0p1__wd1e-04trmiss40_trlocglobal,15,0.6758709748586019,0.707673579454422,0.4960474308300395,0.544082046998402,0.5111111111111111,0.0,0.0,0.0,0.0,0.0,0.0,0.0,0.0,0.0,,,,,18473,global,0.4
5,2,lr1e-05_bs32_modL1_fusion16_fusionL1_fusionBN0_drop0p1__wd1e-04trmiss40_trlocglobal,32,1e-05,0.0001,1,16,1,False,0.1,lr1e-05_bs32_modL1_fusion16_fusionL1_fusionBN0_drop0p1__wd1e-04trmiss40_trlocglobal,16,0.6758008897304535,0.7077444791793823,0.4960474308300395,0.5448160955585375,0.5111111111111111,0.0,0.0,0.0,0.0,0.0,0.0,0.0,0.0,0.0,,,,,18473,global,0.4
5,2,lr1e-05_bs32_modL1_fusion16_fusionL1_fusionBN0_drop0p1__wd1e-04trmiss40_trlocglobal,32,1e-05,0.0001,1,16,1,False,0.1,lr1e-05_bs32_modL1_fusion16_fusionL1_fusionBN0_drop0p1__wd1e-04trmiss40_trlocglobal,17,0.6751927733421326,0.7075635492801666,0.5039525691699605,0.5479689066647861,0.5111111111111111,0.0,0.0,0.0,0.0,0.0,0.0,0.0,0.0,0.0,,,,,18473,global,0.4
5,2,lr1e-05_bs32_modL1_fusion16_fusionL1_fusionBN0_drop0p1__wd1e-04trmiss40_trlocglobal,32,1e-05,0.0001,1,16,1,False,0.1,lr1e-05_bs32_modL1_fusion16_fusionL1_fusionBN0_drop0p1__wd1e-04trmiss40_trlocglobal,18,0.6769741972287496,0.7077384889125824,0.5039525691699605,0.5479208276984042,0.5111111111111111,0.0,0.0,0.0,0.0,0.0,0.0,0.0,0.0,0.0,,,,,18473,global,0.4
5,2,lr1e-05_bs32_modL1_fusion16_fusionL1_fusionBN0_drop0p1__wd1e-04trmiss40_trlocglobal,32,1e-05,0.0001,1,16,1,False,0.1,lr1e-05_bs32_modL1_fusion16_fusionL1_fusionBN0_drop0p1__wd1e-04trmiss40_trlocglobal,19,0.6753342350323995,0.7069408297538757,0.5098814229249011,0.552105526391112,0.5111111111111111,0.0,0.0,0.0,0.0,0.0,0.0,0.0,0.0,0.0,,,,,18473,global,0.4
5,2,lr1e-05_bs32_modL1_fusion16_fusionL1_fusionBN0_drop0p1__wd1e-04trmiss40_trlocglobal,32,1e-05,0.0001,1,16,1,False,0.1,lr1e-05_bs32_modL1_fusion16_fusionL1_fusionBN0_drop0p1__wd1e-04trmiss40_trlocglobal,20,0.6666587392489115,0.7073076367378235,0.5118577075098814,0.5584254197247354,0.5111111111111111,0.0,0.0,0.0,0.0,0.0,0.0,0.0,0.0,0.0,,,,,18473,global,0.4
5,2,lr1e-05_bs32_modL1_fusion16_fusionL1_fusionBN0_drop0p1__wd1e-04trmiss40_trlocglobal,32,1e-05,0.0001,1,16,1,False,0.1,lr1e-05_bs32_modL1_fusion16_fusionL1_fusionBN0_drop0p1__wd1e-04trmiss40_trlocglobal,21,0.6654329498608907,0.7064298689365387,0.5079051383399209,0.5569758604134819,0.5111111111111111,0.0,0.0,0.0,0.0,0.0,0.0,0.0,0.0,0.0,,,,,18473,global,0.4
5,2,lr1e-05_bs32_modL1_fusion16_fusionL1_fusionBN0_drop0p1__wd1e-04trmiss40_trlocglobal,32,1e-05,0.0001,1,16,1,False,0.1,lr1e-05_bs32_modL1_fusion16_fusionL1_fusionBN0_drop0p1__wd1e-04trmiss40_trlocglobal,22,0.6676729917526245,0.7062636911869049,0.5158102766798419,0.5616424749072938,0.5111111111111111,0.0,0.0,0.0,0.0,0.0,0.0,0.0,0.0,0.0,,,,,18473,global,0.4
5,2,lr1e-05_bs32_modL1_fusion16_fusionL1_fusionBN0_drop0p1__wd1e-04trmiss40_trlocglobal,32,1e-05,0.0001,1,16,1,False,0.1,lr1e-05_bs32_modL1_fusion16_fusionL1_fusionBN0_drop0p1__wd1e-04trmiss40_trlocglobal,23,0.6674354871114095,0.7064142525196075,0.5158102766798419,0.5616424749072938,0.5111111111111111,0.0,0.0,0.0,0.0,0.0,0.0,0.0,0.0,0.0,,,,,18473,global,0.4
5,2,lr1e-05_bs32_modL1_fusion16_fusionL1_fusionBN0_drop0p1__wd1e-04trmiss40_trlocglobal,32,1e-05,0.0001,1,16,1,False,0.1,lr1e-05_bs32_modL1_fusion16_fusionL1_fusionBN0_drop0p1__wd1e-04trmiss40_trlocglobal,24,0.6624042292435964,0.7062066793441772,0.5177865612648221,0.561654932237967,0.5333333333333333,0.0,0.0,0.0,0.0,0.0,0.0,0.0,0.0,0.0,,,,,18473,global,0.4
5,2,lr1e-05_bs32_modL1_fusion16_fusionL1_fusionBN0_drop0p1__wd1e-04trmiss40_trlocglobal,32,1e-05,0.0001,1,16,1,False,0.1,lr1e-05_bs32_modL1_fusion16_fusionL1_fusionBN0_drop0p1__wd1e-04trmiss40_trlocglobal,25,0.6661882996559143,0.7063139975070953,0.5197628458498024,0.5642929635225621,0.5333333333333333,0.0,0.0,0.0,0.0,0.0,0.0,0.0,0.0,0.0,,,,,18473,global,0.4
5,2,lr1e-05_bs32_modL1_fusion16_fusionL1_fusionBN0_drop0p1__wd1e-04trmiss40_trlocglobal,32,1e-05,0.0001,1,16,1,False,0.1,lr1e-05_bs32_modL1_fusion16_fusionL1_fusionBN0_drop0p1__wd1e-04trmiss40_trlocglobal,26,0.6625567177931467,0.705767810344696,0.5197628458498023,0.5624029453281961,0.5333333333333333,0.0,0.0,0.0,0.0,0.0,0.0,0.0,0.0,0.0,,,,,18473,global,0.4
5,2,lr1e-05_bs32_modL1_fusion16_fusionL1_fusionBN0_drop0p1__wd1e-04trmiss40_trlocglobal,32,1e-05,0.0001,1,16,1,False,0.1,lr1e-05_bs32_modL1_fusion16_fusionL1_fusionBN0_drop0p1__wd1e-04trmiss40_trlocglobal,27,0.6649390558401743,0.7061666250228882,0.5158102766798419,0.5592032464763234,0.5333333333333333,0.0,0.0,0.0,0.0,0.0,0.0,0.0,0.0,0.0,,,,,18473,global,0.4
5,2,lr1e-05_bs32_modL1_fusion16_fusionL1_fusionBN0_drop0p1__wd1e-04trmiss40_trlocglobal,32,1e-05,0.0001,1,16,1,False,0.1,lr1e-05_bs32_modL1_fusion16_fusionL1_fusionBN0_drop0p1__wd1e-04trmiss40_trlocglobal,28,0.6514624655246735,0.7054657936096191,0.5217391304347826,0.5631028794520433,0.5333333333333333,0.0,0.0,0.0,0.0,0.0,0.0,0.0,0.0,0.0,,,,,18473,global,0.4
5,2,lr1e-05_bs32_modL1_fusion16_fusionL1_fusionBN0_drop0p1__wd1e-04trmiss40_trlocglobal,32,1e-05,0.0001,1,16,1,False,0.1,lr1e-05_bs32_modL1_fusion16_fusionL1_fusionBN0_drop0p1__wd1e-04trmiss40_trlocglobal,29,0.6595109005769094,0.705248087644577,0.5197628458498024,0.5633227148648943,0.5333333333333333,0.0,0.0,0.0,0.0,0.0,0.0,0.0,0.0,0.0,,,,,18473,global,0.4
5,2,lr1e-05_bs32_modL1_fusion16_fusionL1_fusionBN0_drop0p1__wd1e-04trmiss40_trlocglobal,32,1e-05,0.0001,1,16,1,False,0.1,lr1e-05_bs32_modL1_fusion16_fusionL1_fusionBN0_drop0p1__wd1e-04trmiss40_trlocglobal,30,0.6551610032717387,0.7057356238365173,0.5177865612648221,0.5603033911933967,0.5333333333333333,0.0,0.0,0.0,0.0,0.0,0.0,0.0,0.0,0.0,,,,,18473,global,0.4
5,2,lr1e-05_bs32_modL1_fusion16_fusionL1_fusionBN0_drop0p1__wd1e-04trmiss40_trlocglobal,32,1e-05,0.0001,1,16,1,False,0.1,lr1e-05_bs32_modL1_fusion16_fusionL1_fusionBN0_drop0p1__wd1e-04trmiss40_trlocglobal,31,0.6555750469366709,0.7053090035915375,0.5197628458498024,0.5617602350415449,0.5333333333333333,0.0,0.0,0.0,0.0,0.0,0.0,0.0,0.0,0.0,,,,,18473,global,0.4
5,2,lr1e-05_bs32_modL1_fusion16_fusionL1_fusionBN0_drop0p1__wd1e-04trmiss40_trlocglobal,32,1e-05,0.0001,1,16,1,False,0.1,lr1e-05_bs32_modL1_fusion16_fusionL1_fusionBN0_drop0p1__wd1e-04trmiss40_trlocglobal,32,0.6564013163248698,0.7052202224731445,0.5197628458498024,0.5620986647278007,0.5333333333333333,0.0,0.0,0.0,0.0,0.0,0.0,0.0,0.0,0.0,,,,,18473,global,0.4
5,2,lr1e-05_bs32_modL1_fusion16_fusionL1_fusionBN0_drop0p1__wd1e-04trmiss40_trlocglobal,32,1e-05,0.0001,1,16,1,False,0.1,lr1e-05_bs32_modL1_fusion16_fusionL1_fusionBN0_drop0p1__wd1e-04trmiss40_trlocglobal,33,0.6532532473405203,0.7052260637283325,0.5177865612648221,0.5577508386408442,0.5555555555555556,0.0,0.0,0.0,0.0,0.0,0.0,0.0,0.0,0.0,,,,,18473,global,0.4
5,2,lr1e-05_bs32_modL1_fusion16_fusionL1_fusionBN0_drop0p1__wd1e-04trmiss40_trlocglobal,32,1e-05,0.0001,1,16,1,False,0.1,lr1e-05_bs32_modL1_fusion16_fusionL1_fusionBN0_drop0p1__wd1e-04trmiss40_trlocglobal,34,0.6521016756693522,0.7048150897026062,0.5158102766798419,0.5570028255506152,0.5555555555555556,0.0,0.0,0.0,0.0,0.0,0.0,0.0,0.0,0.0,,,,,18473,global,0.4
5,2,lr1e-05_bs32_modL1_fusion16_fusionL1_fusionBN0_drop0p1__wd1e-04trmiss40_trlocglobal,32,1e-05,0.0001,1,16,1,False,0.1,lr1e-05_bs32_modL1_fusion16_fusionL1_fusionBN0_drop0p1__wd1e-04trmiss40_trlocglobal,35,0.6487417419751486,0.7040688097476959,0.5138339920948617,0.5562227471671006,0.5555555555555556,0.0,0.0,0.0,0.0,0.0,0.0,0.0,0.0,0.0,,,,,18473,global,0.4
5,2,lr1e-05_bs32_modL1_fusion16_fusionL1_fusionBN0_drop0p1__wd1e-04trmiss40_trlocglobal,32,1e-05,0.0001,1,16,1,False,0.1,lr1e-05_bs32_modL1_fusion16_fusionL1_fusionBN0_drop0p1__wd1e-04trmiss40_trlocglobal,36,0.6539280215899149,0.7039901316165924,0.5158102766798419,0.5591212978917383,0.5555555555555556,0.0,0.0,0.0,0.0,0.0,0.0,0.0,0.0,0.0,,,,,18473,global,0.4
5,2,lr1e-05_bs32_modL1_fusion16_fusionL1_fusionBN0_drop0p1__wd1e-04trmiss40_trlocglobal,32,1e-05,0.0001,1,16,1,False,0.1,lr1e-05_bs32_modL1_fusion16_fusionL1_fusionBN0_drop0p1__wd1e-04trmiss40_trlocglobal,37,0.6543721159299215,0.7045634090900421,0.5098814229249011,0.5517439100316123,0.5777777777777777,0.0,0.0,0.0,0.0,0.0,0.0,0.0,0.0,0.0,,,,,18473,global,0.4
5,2,lr1e-05_bs32_modL1_fusion16_fusionL1_fusionBN0_drop0p1__wd1e-04trmiss40_trlocglobal,32,1e-05,0.0001,1,16,1,False,0.1,lr1e-05_bs32_modL1_fusion16_fusionL1_fusionBN0_drop0p1__wd1e-04trmiss40_trlocglobal,38,0.6512687603632609,0.7042897641658783,0.507905138339921,0.550994284844206,0.5777777777777777,0.0,0.0,0.0,0.0,0.0,0.0,0.0,0.0,0.0,,,,,18473,global,0.4
5,2,lr1e-05_bs32_modL1_fusion16_fusionL1_fusionBN0_drop0p1__wd1e-04trmiss40_trlocglobal,32,1e-05,0.0001,1,16,1,False,0.1,lr1e-05_bs32_modL1_fusion16_fusionL1_fusionBN0_drop0p1__wd1e-04trmiss40_trlocglobal,39,0.6468799014886221,0.7041808664798737,0.507905138339921,0.550994284844206,0.5777777777777777,0.0,0.0,0.0,0.0,0.0,0.0,0.0,0.0,0.0,,,,,18473,global,0.4
5,2,lr1e-05_bs32_modL1_fusion16_fusionL1_fusionBN0_drop0p1__wd1e-04trmiss40_trlocglobal,32,1e-05,0.0001,1,16,1,False,0.1,lr1e-05_bs32_modL1_fusion16_fusionL1_fusionBN0_drop0p1__wd1e-04trmiss40_trlocglobal,40,0.648778647184372,0.70427006483078,0.5098814229249012,0.5516519392103003,0.5777777777777777,0.0,0.0,0.0,0.0,0.0,0.0,0.0,0.0,0.0,,,,,18473,global,0.4
5,2,lr1e-05_bs32_modL1_fusion16_fusionL1_fusionBN0_drop0p1__wd1e-04trmiss40_trlocglobal,32,1e-05,0.0001,1,16,1,False,0.1,lr1e-05_bs32_modL1_fusion16_fusionL1_fusionBN0_drop0p1__wd1e-04trmiss40_trlocglobal,41,0.6477937002976736,0.7043342888355255,0.5079051383399209,0.5500534737371545,0.5777777777777777,0.0,0.0,0.0,0.0,0.0,0.0,0.0,0.0,0.0,,,,,18473,global,0.4
5,2,lr1e-05_bs32_modL1_fusion16_fusionL1_fusionBN0_drop0p1__wd1e-04trmiss40_trlocglobal,32,1e-05,0.0001,1,16,1,False,0.1,lr1e-05_bs32_modL1_fusion16_fusionL1_fusionBN0_drop0p1__wd1e-04trmiss40_trlocglobal,42,0.6495157778263092,0.7045426964759827,0.5059288537549407,0.5486326155388027,0.5777777777777777,0.0,0.0,0.0,0.0,0.0,0.0,0.0,0.0,0.0,,,,,18473,global,0.4
5,2,lr1e-05_bs32_modL1_fusion16_fusionL1_fusionBN0_drop0p1__wd1e-04trmiss40_trlocglobal,32,1e-05,0.0001,1,16,1,False,0.1,lr1e-05_bs32_modL1_fusion16_fusionL1_fusionBN0_drop0p1__wd1e-04trmiss40_trlocglobal,43,0.6417131721973419,0.7038258016109467,0.5098814229249012,0.5516519392103003,0.5777777777777777,0.0,0.0,0.0,0.0,0.0,0.0,0.0,0.0,0.0,,,,,18473,global,0.4
5,2,lr1e-05_bs32_modL1_fusion16_fusionL1_fusionBN0_drop0p1__wd1e-04trmiss40_trlocglobal,32,1e-05,0.0001,1,16,1,False,0.1,lr1e-05_bs32_modL1_fusion16_fusionL1_fusionBN0_drop0p1__wd1e-04trmiss40_trlocglobal,44,0.6439825793107351,0.7037316560745239,0.5059288537549407,0.5486326155388027,0.5777777777777777,0.0,0.0,0.0,0.0,0.0,0.0,0.0,0.0,0.0,,,,,18473,global,0.4
5,2,lr1e-05_bs32_modL1_fusion16_fusionL1_fusionBN0_drop0p1__wd1e-04trmiss40_trlocglobal,32,1e-05,0.0001,1,16,1,False,0.1,lr1e-05_bs32_modL1_fusion16_fusionL1_fusionBN0_drop0p1__wd1e-04trmiss40_trlocglobal,45,0.6528570751349131,0.7039155960083008,0.5098814229249012,0.5516519392103003,0.5777777777777777,0.0,0.0,0.0,0.0,0.0,0.0,0.0,0.0,0.0,,,,,18473,global,0.4
5,2,lr1e-05_bs32_modL1_fusion16_fusionL1_fusionBN0_drop0p1__wd1e-04trmiss40_trlocglobal,32,1e-05,0.0001,1,16,1,False,0.1,lr1e-05_bs32_modL1_fusion16_fusionL1_fusionBN0_drop0p1__wd1e-04trmiss40_trlocglobal,46,0.6518167853355408,0.7039187252521515,0.507905138339921,0.551090072901488,0.5555555555555556,0.0,0.0,0.0,0.0,0.0,0.0,0.0,0.0,0.0,,,,,18473,global,0.4
5,2,lr1e-05_bs32_modL1_fusion16_fusionL1_fusionBN0_drop0p1__wd1e-04trmiss40_trlocglobal,32,1e-05,0.0001,1,16,1,False,0.1,lr1e-05_bs32_modL1_fusion16_fusionL1_fusionBN0_drop0p1__wd1e-04trmiss40_trlocglobal,47,0.6501401364803314,0.7041118144989014,0.507905138339921,0.5504853000999189,0.5555555555555556,0.0,0.0,0.0,0.0,0.0,0.0,0.0,0.0,0.0,,,,,18473,global,0.4
5,2,lr1e-05_bs32_modL1_fusion16_fusionL1_fusionBN0_drop0p1__wd1e-04trmiss40_trlocglobal,32,1e-05,0.0001,1,16,1,False,0.1,lr1e-05_bs32_modL1_fusion16_fusionL1_fusionBN0_drop0p1__wd1e-04trmiss40_trlocglobal,48,0.6414797206719717,0.7045204043388367,0.507905138339921,0.5504853000999189,0.5555555555555556,0.0,0.0,0.0,0.0,0.0,0.0,0.0,0.0,0.0,,,,,18473,global,0.4
5,2,lr1e-05_bs32_modL1_fusion32_fusionL1_fusionBN0_drop0p2__wd1e-04trmiss40_trlocglobal,32,1e-05,0.0001,1,32,1,False,0.2,lr1e-05_bs32_modL1_fusion32_fusionL1_fusionBN0_drop0p2__wd1e-04trmiss40_trlocglobal,1,0.7026161948839823,0.6856083273887634,0.6304347826086957,0.6717610488345489,0.5777777777777777,0.0,0.0,0.0,0.0,0.0,0.0,0.0,0.0,0.0,,,,,18473,global,0.4
5,2,lr1e-05_bs32_modL1_fusion32_fusionL1_fusionBN0_drop0p2__wd1e-04trmiss40_trlocglobal,32,1e-05,0.0001,1,32,1,False,0.2,lr1e-05_bs32_modL1_fusion32_fusionL1_fusionBN0_drop0p2__wd1e-04trmiss40_trlocglobal,2,0.6937529544035593,0.685005784034729,0.6225296442687747,0.6588894301254589,0.5777777777777777,0.0,0.0,0.0,0.0,0.0,0.0,0.0,0.0,0.0,,,,,18473,global,0.4
5,2,lr1e-05_bs32_modL1_fusion32_fusionL1_fusionBN0_drop0p2__wd1e-04trmiss40_trlocglobal,32,1e-05,0.0001,1,32,1,False,0.2,lr1e-05_bs32_modL1_fusion32_fusionL1_fusionBN0_drop0p2__wd1e-04trmiss40_trlocglobal,3,0.6951211392879486,0.6847912669181824,0.6067193675889329,0.6427523921062698,0.6,0.0,0.0,0.0,0.0,0.0,0.0,0.0,0.0,0.0,,,,,18473,global,0.4
5,2,lr1e-05_bs32_modL1_fusion32_fusionL1_fusionBN0_drop0p2__wd1e-04trmiss40_trlocglobal,32,1e-05,0.0001,1,32,1,False,0.2,lr1e-05_bs32_modL1_fusion32_fusionL1_fusionBN0_drop0p2__wd1e-04trmiss40_trlocglobal,4,0.683422307173411,0.6846178770065308,0.6067193675889329,0.6299810115558282,0.5777777777777777,0.0,0.0,0.0,0.0,0.0,0.0,0.0,0.0,0.0,,,,,18473,global,0.4
5,2,lr1e-05_bs32_modL1_fusion32_fusionL1_fusionBN0_drop0p2__wd1e-04trmiss40_trlocglobal,32,1e-05,0.0001,1,32,1,False,0.2,lr1e-05_bs32_modL1_fusion32_fusionL1_fusionBN0_drop0p2__wd1e-04trmiss40_trlocglobal,5,0.6937681237856547,0.684690922498703,0.5988142292490118,0.617869401210795,0.5777777777777777,0.0,0.0,0.0,0.0,0.0,0.0,0.0,0.0,0.0,,,,,18473,global,0.4
5,2,lr1e-05_bs32_modL1_fusion32_fusionL1_fusionBN0_drop0p2__wd1e-04trmiss40_trlocglobal,32,1e-05,0.0001,1,32,1,False,0.2,lr1e-05_bs32_modL1_fusion32_fusionL1_fusionBN0_drop0p2__wd1e-04trmiss40_trlocglobal,6,0.6817759772141775,0.6850475966930389,0.5968379446640315,0.6176859123816052,0.5777777777777777,0.0,0.0,0.0,0.0,0.0,0.0,0.0,0.0,0.0,,,,,18473,global,0.4
5,2,lr1e-05_bs32_modL1_fusion32_fusionL1_fusionBN0_drop0p2__wd1e-04trmiss40_trlocglobal,32,1e-05,0.0001,1,32,1,False,0.2,lr1e-05_bs32_modL1_fusion32_fusionL1_fusionBN0_drop0p2__wd1e-04trmiss40_trlocglobal,7,0.6852096716562907,0.6855831146240234,0.5948616600790514,0.6164290254106263,0.5777777777777777,0.0,0.0,0.0,0.0,0.0,0.0,0.0,0.0,0.0,,,,,18473,global,0.4
5,2,lr1e-05_bs32_modL1_fusion32_fusionL1_fusionBN0_drop0p2__wd1e-04trmiss40_trlocglobal,32,1e-05,0.0001,1,32,1,False,0.2,lr1e-05_bs32_modL1_fusion32_fusionL1_fusionBN0_drop0p2__wd1e-04trmiss40_trlocglobal,8,0.6788333257039388,0.6861510574817657,0.5889328063241107,0.6082245487278887,0.5777777777777777,0.0,0.0,0.0,0.0,0.0,0.0,0.0,0.0,0.0,,,,,18473,global,0.4
5,2,lr1e-05_bs32_modL1_fusion32_fusionL1_fusionBN0_drop0p2__wd1e-04trmiss40_trlocglobal,32,1e-05,0.0001,1,32,1,False,0.2,lr1e-05_bs32_modL1_fusion32_fusionL1_fusionBN0_drop0p2__wd1e-04trmiss40_trlocglobal,9,0.6711018780867258,0.6866218745708466,0.5909090909090909,0.6084807224008866,0.5777777777777777,0.0,0.0,0.0,0.0,0.0,0.0,0.0,0.0,0.0,,,,,18473,global,0.4
5,2,lr1e-05_bs32_modL1_fusion32_fusionL1_fusionBN0_drop0p2__wd1e-04trmiss40_trlocglobal,32,1e-05,0.0001,1,32,1,False,0.2,lr1e-05_bs32_modL1_fusion32_fusionL1_fusionBN0_drop0p2__wd1e-04trmiss40_trlocglobal,10,0.6768259406089783,0.6868394315242767,0.5909090909090909,0.6056875950680211,0.5777777777777777,0.0,0.0,0.0,0.0,0.0,0.0,0.0,0.0,0.0,,,,,18473,global,0.4
5,2,lr1e-05_bs32_modL1_fusion32_fusionL1_fusionBN0_drop0p2__wd1e-04trmiss40_trlocglobal,32,1e-05,0.0001,1,32,1,False,0.2,lr1e-05_bs32_modL1_fusion32_fusionL1_fusionBN0_drop0p2__wd1e-04trmiss40_trlocglobal,11,0.6715047558148702,0.6868858933448792,0.5889328063241107,0.6045351558248445,0.5777777777777777,0.0,0.0,0.0,0.0,0.0,0.0,0.0,0.0,0.0,,,,,18473,global,0.4
5,2,lr1e-05_bs32_modL1_fusion32_fusionL1_fusionBN0_drop0p2__wd1e-04trmiss40_trlocglobal,32,1e-05,0.0001,1,32,1,False,0.2,lr1e-05_bs32_modL1_fusion32_fusionL1_fusionBN0_drop0p2__wd1e-04trmiss40_trlocglobal,12,0.6798566381136576,0.6870274543762207,0.5909090909090909,0.6019565749853941,0.5777777777777777,0.0,0.0,0.0,0.0,0.0,0.0,0.0,0.0,0.0,,,,,18473,global,0.4
5,2,lr1e-05_bs32_modL1_fusion32_fusionL1_fusionBN0_drop0p2__wd1e-04trmiss40_trlocglobal,32,1e-05,0.0001,1,32,1,False,0.2,lr1e-05_bs32_modL1_fusion32_fusionL1_fusionBN0_drop0p2__wd1e-04trmiss40_trlocglobal,13,0.6746590038140615,0.6869999468326569,0.5988142292490118,0.6074170082719144,0.5777777777777777,0.0,0.0,0.0,0.0,0.0,0.0,0.0,0.0,0.0,,,,,18473,global,0.4
5,2,lr1e-05_bs32_modL1_fusion32_fusionL1_fusionBN0_drop0p2__wd1e-04trmiss40_trlocglobal,32,1e-05,0.0001,1,32,1,False,0.2,lr1e-05_bs32_modL1_fusion32_fusionL1_fusionBN0_drop0p2__wd1e-04trmiss40_trlocglobal,14,0.6827104489008585,0.6875098645687103,0.5869565217391304,0.5966823897898067,0.5777777777777777,0.0,0.0,0.0,0.0,0.0,0.0,0.0,0.0,0.0,,,,,18473,global,0.4
5,2,lr1e-05_bs32_modL1_fusion32_fusionL1_fusionBN0_drop0p2__wd1e-04trmiss40_trlocglobal,32,1e-05,0.0001,1,32,1,False,0.2,lr1e-05_bs32_modL1_fusion32_fusionL1_fusionBN0_drop0p2__wd1e-04trmiss40_trlocglobal,15,0.6682025889555613,0.6873821914196014,0.5948616600790514,0.6016055342781685,0.5777777777777777,0.0,0.0,0.0,0.0,0.0,0.0,0.0,0.0,0.0,,,,,18473,global,0.4
5,2,lr1e-05_bs32_modL1_fusion32_fusionL1_fusionBN0_drop0p2__wd1e-04trmiss40_trlocglobal,32,1e-05,0.0001,1,32,1,False,0.2,lr1e-05_bs32_modL1_fusion32_fusionL1_fusionBN0_drop0p2__wd1e-04trmiss40_trlocglobal,16,0.6644465128580729,0.687849760055542,0.5889328063241106,0.6015244168099327,0.5777777777777777,0.0,0.0,0.0,0.0,0.0,0.0,0.0,0.0,0.0,,,,,18473,global,0.4
5,2,lr1e-05_bs32_modL1_fusion32_fusionL1_fusionBN0_drop0p2__wd1e-04trmiss40_trlocglobal,32,1e-05,0.0001,1,32,1,False,0.2,lr1e-05_bs32_modL1_fusion32_fusionL1_fusionBN0_drop0p2__wd1e-04trmiss40_trlocglobal,17,0.6712310115496317,0.6880739629268646,0.592885375494071,0.5983116875102469,0.5777777777777777,0.0,0.0,0.0,0.0,0.0,0.0,0.0,0.0,0.0,,,,,18473,global,0.4
5,2,lr1e-05_bs32_modL1_fusion32_fusionL1_fusionBN0_drop0p2__wd1e-04trmiss40_trlocglobal,32,1e-05,0.0001,1,32,1,False,0.2,lr1e-05_bs32_modL1_fusion32_fusionL1_fusionBN0_drop0p2__wd1e-04trmiss40_trlocglobal,18,0.667814830938975,0.6880691945552826,0.5948616600790514,0.5941768570434433,0.5777777777777777,0.0,0.0,0.0,0.0,0.0,0.0,0.0,0.0,0.0,,,,,18473,global,0.4
5,2,lr1e-05_bs32_modL1_fusion32_fusionL1_fusionBN0_drop0p2__wd1e-04trmiss40_trlocglobal,32,1e-05,0.0001,1,32,1,False,0.2,lr1e-05_bs32_modL1_fusion32_fusionL1_fusionBN0_drop0p2__wd1e-04trmiss40_trlocglobal,19,0.6635490457216898,0.6879923939704895,0.5909090909090909,0.5920888473080382,0.5777777777777777,0.0,0.0,0.0,0.0,0.0,0.0,0.0,0.0,0.0,,,,,18473,global,0.4
5,2,lr1e-05_bs32_modL1_fusion32_fusionL1_fusionBN0_drop0p2__wd1e-04trmiss40_trlocglobal,32,1e-05,0.0001,1,32,1,False,0.2,lr1e-05_bs32_modL1_fusion32_fusionL1_fusionBN0_drop0p2__wd1e-04trmiss40_trlocglobal,20,0.6604072948296865,0.6879486441612244,0.5948616600790514,0.594620515004075,0.5777777777777777,0.0,0.0,0.0,0.0,0.0,0.0,0.0,0.0,0.0,,,,,18473,global,0.4
5,2,lr1e-05_bs32_modL1_fusion32_fusionL1_fusionBN0_drop0p2__wd1e-04trmiss40_trlocglobal,32,1e-05,0.0001,1,32,1,False,0.2,lr1e-05_bs32_modL1_fusion32_fusionL1_fusionBN0_drop0p2__wd1e-04trmiss40_trlocglobal,21,0.6689939598242441,0.6880284249782562,0.5869565217391304,0.5913171434610428,0.5555555555555556,0.0,0.0,0.0,0.0,0.0,0.0,0.0,0.0,0.0,,,,,18473,global,0.4
5,2,lr1e-05_bs32_modL1_fusion32_fusionL1_fusionBN0_drop0p2__wd1e-04trmiss40_trlocglobal,32,1e-05,0.0001,1,32,1,False,0.2,lr1e-05_bs32_modL1_fusion32_fusionL1_fusionBN0_drop0p2__wd1e-04trmiss40_trlocglobal,22,0.6574017604192098,0.6881940960884094,0.5909090909090909,0.5929274494191749,0.5555555555555556,0.0,0.0,0.0,0.0,0.0,0.0,0.0,0.0,0.0,,,,,18473,global,0.4
5,2,lr1e-05_bs32_modL1_fusion32_fusionL1_fusionBN0_drop0p2__wd1e-04trmiss40_trlocglobal,32,1e-05,0.0001,1,32,1,False,0.2,lr1e-05_bs32_modL1_fusion32_fusionL1_fusionBN0_drop0p2__wd1e-04trmiss40_trlocglobal,23,0.6593428254127502,0.6883727014064789,0.5869565217391305,0.5935708349797767,0.5555555555555556,0.0,0.0,0.0,0.0,0.0,0.0,0.0,0.0,0.0,,,,,18473,global,0.4
5,2,lr1e-05_bs32_modL1_fusion32_fusionL1_fusionBN0_drop0p2__wd1e-04trmiss40_trlocglobal,32,1e-05,0.0001,1,32,1,False,0.2,lr1e-05_bs32_modL1_fusion32_fusionL1_fusionBN0_drop0p2__wd1e-04trmiss40_trlocglobal,24,0.6615616281827291,0.6888481676578522,0.5810276679841897,0.5896185875492684,0.5555555555555556,0.0,0.0,0.0,0.0,0.0,0.0,0.0,0.0,0.0,,,,,18473,global,0.4
5,2,lr1e-05_bs32_modL1_fusion32_fusionL1_fusionBN0_drop0p2__wd1e-04trmiss40_trlocglobal,32,1e-05,0.0001,1,32,1,False,0.2,lr1e-05_bs32_modL1_fusion32_fusionL1_fusionBN0_drop0p2__wd1e-04trmiss40_trlocglobal,25,0.6588361958662668,0.6894876062870026,0.5849802371541502,0.5929152104111087,0.5555555555555556,0.0,0.0,0.0,0.0,0.0,0.0,0.0,0.0,0.0,,,,,18473,global,0.4
5,2,lr1e-05_bs32_modL1_fusion32_fusionL1_fusionBN0_drop0p1__wd1e-04trmiss40_trlocglobal,32,1e-05,0.0001,1,32,1,False,0.1,lr1e-05_bs32_modL1_fusion32_fusionL1_fusionBN0_drop0p1__wd1e-04trmiss40_trlocglobal,1,0.6964972416559855,0.6970579028129578,0.48814229249011865,0.5254852837367873,0.4888888888888889,0.0,0.0,0.0,0.0,0.0,0.0,0.0,0.0,0.0,,,,,18473,global,0.4
5,2,lr1e-05_bs32_modL1_fusion32_fusionL1_fusionBN0_drop0p1__wd1e-04trmiss40_trlocglobal,32,1e-05,0.0001,1,32,1,False,0.1,lr1e-05_bs32_modL1_fusion32_fusionL1_fusionBN0_drop0p1__wd1e-04trmiss40_trlocglobal,2,0.6967336634794871,0.6972393095493317,0.49604743083003955,0.5299037972060284,0.4444444444444444,0.0,0.0,0.0,0.0,0.0,0.0,0.0,0.0,0.0,,,,,18473,global,0.4
5,2,lr1e-05_bs32_modL1_fusion32_fusionL1_fusionBN0_drop0p1__wd1e-04trmiss40_trlocglobal,32,1e-05,0.0001,1,32,1,False,0.1,lr1e-05_bs32_modL1_fusion32_fusionL1_fusionBN0_drop0p1__wd1e-04trmiss40_trlocglobal,3,0.6915385921796163,0.6977009177207947,0.4980237154150197,0.5283604906247518,0.4666666666666667,0.0,0.0,0.0,0.0,0.0,0.0,0.0,0.0,0.0,,,,,18473,global,0.4
5,2,lr1e-05_bs32_modL1_fusion32_fusionL1_fusionBN0_drop0p1__wd1e-04trmiss40_trlocglobal,32,1e-05,0.0001,1,32,1,False,0.1,lr1e-05_bs32_modL1_fusion32_fusionL1_fusionBN0_drop0p1__wd1e-04trmiss40_trlocglobal,4,0.6893349488576254,0.6977727115154266,0.4901185770750988,0.5203232565730769,0.4666666666666667,0.0,0.0,0.0,0.0,0.0,0.0,0.0,0.0,0.0,,,,,18473,global,0.4
5,2,lr1e-05_bs32_modL1_fusion32_fusionL1_fusionBN0_drop0p1__wd1e-04trmiss40_trlocglobal,32,1e-05,0.0001,1,32,1,False,0.1,lr1e-05_bs32_modL1_fusion32_fusionL1_fusionBN0_drop0p1__wd1e-04trmiss40_trlocglobal,5,0.6852200527985891,0.6975878775119781,0.49407114624505927,0.5233392302775252,0.4888888888888889,0.0,0.0,0.0,0.0,0.0,0.0,0.0,0.0,0.0,,,,,18473,global,0.4
5,2,lr1e-05_bs32_modL1_fusion32_fusionL1_fusionBN0_drop0p1__wd1e-04trmiss40_trlocglobal,32,1e-05,0.0001,1,32,1,False,0.1,lr1e-05_bs32_modL1_fusion32_fusionL1_fusionBN0_drop0p1__wd1e-04trmiss40_trlocglobal,6,0.6863876779874166,0.6973150074481964,0.4940711462450593,0.5237262599996046,0.4888888888888889,0.0,0.0,0.0,0.0,0.0,0.0,0.0,0.0,0.0,,,,,18473,global,0.4
5,2,lr1e-05_bs32_modL1_fusion32_fusionL1_fusionBN0_drop0p1__wd1e-04trmiss40_trlocglobal,32,1e-05,0.0001,1,32,1,False,0.1,lr1e-05_bs32_modL1_fusion32_fusionL1_fusionBN0_drop0p1__wd1e-04trmiss40_trlocglobal,7,0.6910895009835561,0.6970404982566833,0.5,0.5279986959696271,0.4888888888888889,0.0,0.0,0.0,0.0,0.0,0.0,0.0,0.0,0.0,,,,,18473,global,0.4
5,2,lr1e-05_bs32_modL1_fusion32_fusionL1_fusionBN0_drop0p1__wd1e-04trmiss40_trlocglobal,32,1e-05,0.0001,1,32,1,False,0.1,lr1e-05_bs32_modL1_fusion32_fusionL1_fusionBN0_drop0p1__wd1e-04trmiss40_trlocglobal,8,0.6879400809605917,0.6966390013694763,0.4980237154150198,0.5224812522071501,0.4888888888888889,0.0,0.0,0.0,0.0,0.0,0.0,0.0,0.0,0.0,,,,,18473,global,0.4
5,2,lr1e-05_bs32_modL1_fusion32_fusionL1_fusionBN0_drop0p1__wd1e-04trmiss40_trlocglobal,32,1e-05,0.0001,1,32,1,False,0.1,lr1e-05_bs32_modL1_fusion32_fusionL1_fusionBN0_drop0p1__wd1e-04trmiss40_trlocglobal,9,0.6866074999173483,0.695859283208847,0.5019762845849802,0.5235255352604287,0.5111111111111111,0.0,0.0,0.0,0.0,0.0,0.0,0.0,0.0,0.0,,,,,18473,global,0.4
5,2,lr1e-05_bs32_modL1_fusion32_fusionL1_fusionBN0_drop0p1__wd1e-04trmiss40_trlocglobal,32,1e-05,0.0001,1,32,1,False,0.1,lr1e-05_bs32_modL1_fusion32_fusionL1_fusionBN0_drop0p1__wd1e-04trmiss40_trlocglobal,10,0.6855966945489248,0.695156067609787,0.5039525691699605,0.5200721945616755,0.5111111111111111,0.0,0.0,0.0,0.0,0.0,0.0,0.0,0.0,0.0,,,,,18473,global,0.4
5,2,lr1e-05_bs32_modL1_fusion32_fusionL1_fusionBN0_drop0p1__wd1e-04trmiss40_trlocglobal,32,1e-05,0.0001,1,32,1,False,0.1,lr1e-05_bs32_modL1_fusion32_fusionL1_fusionBN0_drop0p1__wd1e-04trmiss40_trlocglobal,11,0.6776765584945679,0.6952988505363464,0.5019762845849802,0.5159193425827365,0.5111111111111111,0.0,0.0,0.0,0.0,0.0,0.0,0.0,0.0,0.0,,,,,18473,global,0.4
5,2,lr1e-05_bs32_modL1_fusion32_fusionL1_fusionBN0_drop0p1__wd1e-04trmiss40_trlocglobal,32,1e-05,0.0001,1,32,1,False,0.1,lr1e-05_bs32_modL1_fusion32_fusionL1_fusionBN0_drop0p1__wd1e-04trmiss40_trlocglobal,12,0.6728477279345194,0.6953878998756409,0.5039525691699605,0.5141264909657162,0.5111111111111111,0.0,0.0,0.0,0.0,0.0,0.0,0.0,0.0,0.0,,,,,18473,global,0.4
5,2,lr1e-05_bs32_modL1_fusion32_fusionL1_fusionBN0_drop0p1__wd1e-04trmiss40_trlocglobal,32,1e-05,0.0001,1,32,1,False,0.1,lr1e-05_bs32_modL1_fusion32_fusionL1_fusionBN0_drop0p1__wd1e-04trmiss40_trlocglobal,13,0.6735639075438181,0.6952704787254333,0.5059288537549407,0.5135875874376822,0.5111111111111111,0.0,0.0,0.0,0.0,0.0,0.0,0.0,0.0,0.0,,,,,18473,global,0.4
5,2,lr1e-05_bs32_modL1_fusion32_fusionL1_fusionBN0_drop0p1__wd1e-04trmiss40_trlocglobal,32,1e-05,0.0001,1,32,1,False,0.1,lr1e-05_bs32_modL1_fusion32_fusionL1_fusionBN0_drop0p1__wd1e-04trmiss40_trlocglobal,14,0.6694296896457672,0.6951199471950531,0.5059288537549407,0.5136298671954351,0.5111111111111111,0.0,0.0,0.0,0.0,0.0,0.0,0.0,0.0,0.0,,,,,18473,global,0.4
5,2,lr1e-05_bs32_modL1_fusion32_fusionL1_fusionBN0_drop0p1__wd1e-04trmiss40_trlocglobal,32,1e-05,0.0001,1,32,1,False,0.1,lr1e-05_bs32_modL1_fusion32_fusionL1_fusionBN0_drop0p1__wd1e-04trmiss40_trlocglobal,15,0.6682659884293874,0.6951110661029816,0.5079051383399209,0.5143749583595305,0.5111111111111111,0.0,0.0,0.0,0.0,0.0,0.0,0.0,0.0,0.0,,,,,18473,global,0.4
5,2,lr1e-05_bs32_modL1_fusion32_fusionL1_fusionBN0_drop0p1__wd1e-04trmiss40_trlocglobal,32,1e-05,0.0001,1,32,1,False,0.1,lr1e-05_bs32_modL1_fusion32_fusionL1_fusionBN0_drop0p1__wd1e-04trmiss40_trlocglobal,16,0.6651919682820638,0.6952230930328369,0.5019762845849802,0.5103107225719427,0.5111111111111111,0.0,0.0,0.0,0.0,0.0,0.0,0.0,0.0,0.0,,,,,18473,global,0.4
5,2,lr1e-05_bs32_modL1_fusion32_fusionL1_fusionBN0_drop0p1__wd1e-04trmiss40_trlocglobal,32,1e-05,0.0001,1,32,1,False,0.1,lr1e-05_bs32_modL1_fusion32_fusionL1_fusionBN0_drop0p1__wd1e-04trmiss40_trlocglobal,17,0.6722459395726522,0.6953544318675995,0.5,0.5083783554221842,0.4888888888888889,0.0,0.0,0.0,0.0,0.0,0.0,0.0,0.0,0.0,,,,,18473,global,0.4
5,2,lr1e-05_bs32_modL1_fusion32_fusionL1_fusionBN0_drop0p1__wd1e-04trmiss40_trlocglobal,32,1e-05,0.0001,1,32,1,False,0.1,lr1e-05_bs32_modL1_fusion32_fusionL1_fusionBN0_drop0p1__wd1e-04trmiss40_trlocglobal,18,0.6659450729688009,0.6951970756053925,0.5039525691699605,0.5088182448166771,0.4888888888888889,0.0,0.0,0.0,0.0,0.0,0.0,0.0,0.0,0.0,,,,,18473,global,0.4
5,2,lr1e-05_bs32_modL1_fusion32_fusionL1_fusionBN0_drop0p1__wd1e-04trmiss40_trlocglobal,32,1e-05,0.0001,1,32,1,False,0.1,lr1e-05_bs32_modL1_fusion32_fusionL1_fusionBN0_drop0p1__wd1e-04trmiss40_trlocglobal,19,0.6647493441899618,0.6951409578323364,0.5039525691699605,0.5097836028758568,0.4888888888888889,0.0,0.0,0.0,0.0,0.0,0.0,0.0,0.0,0.0,,,,,18473,global,0.4
5,2,lr1e-05_bs32_modL1_fusion32_fusionL1_fusionBN0_drop0p1__wd1e-04trmiss40_trlocglobal,32,1e-05,0.0001,1,32,1,False,0.1,lr1e-05_bs32_modL1_fusion32_fusionL1_fusionBN0_drop0p1__wd1e-04trmiss40_trlocglobal,20,0.6616815229256948,0.695114254951477,0.5059288537549407,0.5124426990132137,0.4888888888888889,0.0,0.0,0.0,0.0,0.0,0.0,0.0,0.0,0.0,,,,,18473,global,0.4
5,2,lr1e-05_bs32_modL1_fusion32_fusionL1_fusionBN0_drop0p1__wd1e-04trmiss40_trlocglobal,32,1e-05,0.0001,1,32,1,False,0.1,lr1e-05_bs32_modL1_fusion32_fusionL1_fusionBN0_drop0p1__wd1e-04trmiss40_trlocglobal,21,0.6628672281901041,0.6950259804725647,0.5118577075098814,0.5182378196294746,0.4888888888888889,0.0,0.0,0.0,0.0,0.0,0.0,0.0,0.0,0.0,,,,,18473,global,0.4
5,2,lr1e-05_bs32_modL1_fusion32_fusionL1_fusionBN0_drop0p1__wd1e-04trmiss40_trlocglobal,32,1e-05,0.0001,1,32,1,False,0.1,lr1e-05_bs32_modL1_fusion32_fusionL1_fusionBN0_drop0p1__wd1e-04trmiss40_trlocglobal,22,0.6571650902430216,0.6946799159049988,0.5098814229249011,0.5164328442375806,0.4888888888888889,0.0,0.0,0.0,0.0,0.0,0.0,0.0,0.0,0.0,,,,,18473,global,0.4
5,2,lr1e-05_bs32_modL1_fusion32_fusionL1_fusionBN0_drop0p1__wd1e-04trmiss40_trlocglobal,32,1e-05,0.0001,1,32,1,False,0.1,lr1e-05_bs32_modL1_fusion32_fusionL1_fusionBN0_drop0p1__wd1e-04trmiss40_trlocglobal,23,0.6652801831563314,0.6948712766170502,0.5079051383399209,0.5147406862856759,0.4888888888888889,0.0,0.0,0.0,0.0,0.0,0.0,0.0,0.0,0.0,,,,,18473,global,0.4
5,2,lr1e-05_bs32_modL1_fusion32_fusionL1_fusionBN0_drop0p1__wd1e-04trmiss40_trlocglobal,32,1e-05,0.0001,1,32,1,False,0.1,lr1e-05_bs32_modL1_fusion32_fusionL1_fusionBN0_drop0p1__wd1e-04trmiss40_trlocglobal,24,0.6550007859865824,0.6949155926704407,0.5059288537549407,0.5128083191359174,0.4888888888888889,0.0,0.0,0.0,0.0,0.0,0.0,0.0,0.0,0.0,,,,,18473,global,0.4
5,2,lr1e-05_bs32_modL1_fusion32_fusionL1_fusionBN0_drop0p1__wd1e-04trmiss40_trlocglobal,32,1e-05,0.0001,1,32,1,False,0.1,lr1e-05_bs32_modL1_fusion32_fusionL1_fusionBN0_drop0p1__wd1e-04trmiss40_trlocglobal,25,0.652832955121994,0.6951514184474945,0.5098814229249012,0.5160959925608907,0.4888888888888889,0.0,0.0,0.0,0.0,0.0,0.0,0.0,0.0,0.0,,,,,18473,global,0.4
5,2,lr1e-05_bs32_modL1_fusion32_fusionL1_fusionBN0_drop0p1__wd1e-04trmiss40_trlocglobal,32,1e-05,0.0001,1,32,1,False,0.1,lr1e-05_bs32_modL1_fusion32_fusionL1_fusionBN0_drop0p1__wd1e-04trmiss40_trlocglobal,26,0.6558462083339691,0.6951313614845276,0.5118577075098814,0.5215453778729762,0.4888888888888889,0.0,0.0,0.0,0.0,0.0,0.0,0.0,0.0,0.0,,,,,18473,global,0.4
5,2,lr1e-05_bs32_modL1_fusion32_fusionL1_fusionBN0_drop0p1__wd1e-04trmiss40_trlocglobal,32,1e-05,0.0001,1,32,1,False,0.1,lr1e-05_bs32_modL1_fusion32_fusionL1_fusionBN0_drop0p1__wd1e-04trmiss40_trlocglobal,27,0.6577910780906677,0.6954018175601959,0.5059288537549407,0.513093782464859,0.4888888888888889,0.0,0.0,0.0,0.0,0.0,0.0,0.0,0.0,0.0,,,,,18473,global,0.4
5,2,lr1e-05_bs32_modL1_fusion32_fusionL1_fusionBN0_drop0p1__wd1e-04trmiss40_trlocglobal,32,1e-05,0.0001,1,32,1,False,0.1,lr1e-05_bs32_modL1_fusion32_fusionL1_fusionBN0_drop0p1__wd1e-04trmiss40_trlocglobal,28,0.6542940239111582,0.695380449295044,0.507905138339921,0.5150586044040676,0.4888888888888889,0.0,0.0,0.0,0.0,0.0,0.0,0.0,0.0,0.0,,,,,18473,global,0.4
5,2,lr1e-05_bs32_modL1_fusion32_fusionL1_fusionBN0_drop0p1__wd1e-04trmiss40_trlocglobal,32,1e-05,0.0001,1,32,1,False,0.1,lr1e-05_bs32_modL1_fusion32_fusionL1_fusionBN0_drop0p1__wd1e-04trmiss40_trlocglobal,29,0.655937393506368,0.6950829029083252,0.5118577075098815,0.5182191545053609,0.4888888888888889,0.0,0.0,0.0,0.0,0.0,0.0,0.0,0.0,0.0,,,,,18473,global,0.4
5,2,lr1e-05_bs32_modL1_fusion32_fusionL1_fusionBN0_drop0p1__wd1e-04trmiss40_trlocglobal,32,1e-05,0.0001,1,32,1,False,0.1,lr1e-05_bs32_modL1_fusion32_fusionL1_fusionBN0_drop0p1__wd1e-04trmiss40_trlocglobal,30,0.6509000658988953,0.6949371993541718,0.5098814229249012,0.5172989796721427,0.4888888888888889,0.0,0.0,0.0,0.0,0.0,0.0,0.0,0.0,0.0,,,,,18473,global,0.4
5,2,lr1e-05_bs32_modL1_fusion32_fusionL1_fusionBN0_drop0p1__wd1e-04trmiss40_trlocglobal,32,1e-05,0.0001,1,32,1,False,0.1,lr1e-05_bs32_modL1_fusion32_fusionL1_fusionBN0_drop0p1__wd1e-04trmiss40_trlocglobal,31,0.6516449848810831,0.6950534582138062,0.5098814229249012,0.515803695568163,0.4888888888888889,0.0,0.0,0.0,0.0,0.0,0.0,0.0,0.0,0.0,,,,,18473,global,0.4
5,2,lr1e-05_bs32_modL1_fusion32_fusionL1_fusionBN0_drop0p1__wd1e-04trmiss40_trlocglobal,32,1e-05,0.0001,1,32,1,False,0.1,lr1e-05_bs32_modL1_fusion32_fusionL1_fusionBN0_drop0p1__wd1e-04trmiss40_trlocglobal,32,0.6522802313168844,0.6949799060821533,0.5059288537549407,0.5145289688895989,0.4888888888888889,0.0,0.0,0.0,0.0,0.0,0.0,0.0,0.0,0.0,,,,,18473,global,0.4
5,2,lr1e-05_bs32_modL1_fusion32_fusionL1_fusionBN0_drop0p1__wd1e-04trmiss40_trlocglobal,32,1e-05,0.0001,1,32,1,False,0.1,lr1e-05_bs32_modL1_fusion32_fusionL1_fusionBN0_drop0p1__wd1e-04trmiss40_trlocglobal,33,0.6542465388774872,0.6952382326126099,0.5079051383399209,0.5158366441229371,0.4888888888888889,0.0,0.0,0.0,0.0,0.0,0.0,0.0,0.0,0.0,,,,,18473,global,0.4
5,2,lr1e-05_bs32_modL1_fusion32_fusionL1_fusionBN0_drop0p1__wd1e-04trmiss40_trlocglobal,32,1e-05,0.0001,1,32,1,False,0.1,lr1e-05_bs32_modL1_fusion32_fusionL1_fusionBN0_drop0p1__wd1e-04trmiss40_trlocglobal,34,0.650985191265742,0.6953387260437012,0.5079051383399209,0.5154713628912714,0.4888888888888889,0.0,0.0,0.0,0.0,0.0,0.0,0.0,0.0,0.0,,,,,18473,global,0.4
5,2,lr1e-05_bs32_modL1_fusion32_fusionL1_fusionBN0_drop0p1__wd1e-04trmiss40_trlocglobal,32,1e-05,0.0001,1,32,1,False,0.1,lr1e-05_bs32_modL1_fusion32_fusionL1_fusionBN0_drop0p1__wd1e-04trmiss40_trlocglobal,35,0.6482657790184021,0.6952528059482574,0.5079051383399209,0.5156385929408428,0.4888888888888889,0.0,0.0,0.0,0.0,0.0,0.0,0.0,0.0,0.0,,,,,18473,global,0.4
5,2,lr1e-05_bs32_modL1_fusion32_fusionL1_fusionBN0_drop0p1__wd1e-04trmiss40_trlocglobal,32,1e-05,0.0001,1,32,1,False,0.1,lr1e-05_bs32_modL1_fusion32_fusionL1_fusionBN0_drop0p1__wd1e-04trmiss40_trlocglobal,36,0.6514052947362264,0.6950789391994476,0.5138339920948617,0.5196304129823125,0.4888888888888889,0.0,0.0,0.0,0.0,0.0,0.0,0.0,0.0,0.0,,,,,18473,global,0.4
5,2,lr1e-05_bs32_modL1_fusion32_fusionL1_fusionBN0_drop0p1__wd1e-04trmiss40_trlocglobal,32,1e-05,0.0001,1,32,1,False,0.1,lr1e-05_bs32_modL1_fusion32_fusionL1_fusionBN0_drop0p1__wd1e-04trmiss40_trlocglobal,37,0.6473869979381561,0.6952007114887238,0.5059288537549407,0.5156994596234414,0.4888888888888889,0.0,0.0,0.0,0.0,0.0,0.0,0.0,0.0,0.0,,,,,18473,global,0.4
5,2,lr1e-05_bs32_modL1_fusion32_fusionL1_fusionBN0_drop0p1__wd1e-04trmiss40_trlocglobal,32,1e-05,0.0001,1,32,1,False,0.1,lr1e-05_bs32_modL1_fusion32_fusionL1_fusionBN0_drop0p1__wd1e-04trmiss40_trlocglobal,38,0.6477777262528738,0.6950332522392273,0.5098814229249012,0.5163410930759951,0.4888888888888889,0.0,0.0,0.0,0.0,0.0,0.0,0.0,0.0,0.0,,,,,18473,global,0.4
5,2,lr1e-05_bs32_modL1_fusion32_fusionL1_fusionBN0_drop0p1__wd1e-04trmiss40_trlocglobal,32,1e-05,0.0001,1,32,1,False,0.1,lr1e-05_bs32_modL1_fusion32_fusionL1_fusionBN0_drop0p1__wd1e-04trmiss40_trlocglobal,39,0.6454210082689921,0.6948042809963226,0.5138339920948617,0.5175607927946161,0.4888888888888889,0.0,0.0,0.0,0.0,0.0,0.0,0.0,0.0,0.0,,,,,18473,global,0.4
5,2,lr1e-05_bs32_modL1_fusion32_fusionL1_fusionBN0_drop0p1__wd1e-04trmiss40_trlocglobal,32,1e-05,0.0001,1,32,1,False,0.1,lr1e-05_bs32_modL1_fusion32_fusionL1_fusionBN0_drop0p1__wd1e-04trmiss40_trlocglobal,40,0.6455952922503153,0.6950047314167023,0.5118577075098815,0.5167910054824292,0.4888888888888889,0.0,0.0,0.0,0.0,0.0,0.0,0.0,0.0,0.0,,,,,18473,global,0.4
5,2,lr1e-05_bs32_modL1_fusion32_fusionL1_fusionBN0_drop0p1__wd1e-04trmiss40_trlocglobal,32,1e-05,0.0001,1,32,1,False,0.1,lr1e-05_bs32_modL1_fusion32_fusionL1_fusionBN0_drop0p1__wd1e-04trmiss40_trlocglobal,41,0.643568883339564,0.6950334012508392,0.5158102766798419,0.5201762956220166,0.5111111111111111,0.0,0.0,0.0,0.0,0.0,0.0,0.0,0.0,0.0,,,,,18473,global,0.4
5,2,lr1e-05_bs32_modL1_fusion32_fusionL1_fusionBN0_drop0p1__wd1e-04trmiss40_trlocglobal,32,1e-05,0.0001,1,32,1,False,0.1,lr1e-05_bs32_modL1_fusion32_fusionL1_fusionBN0_drop0p1__wd1e-04trmiss40_trlocglobal,42,0.6498855551083883,0.6949010789394379,0.5158102766798419,0.5190590273156684,0.5111111111111111,0.0,0.0,0.0,0.0,0.0,0.0,0.0,0.0,0.0,,,,,18473,global,0.4
5,2,lr1e-05_bs32_modL1_fusion32_fusionL1_fusionBN0_drop0p1__wd1e-04trmiss40_trlocglobal,32,1e-05,0.0001,1,32,1,False,0.1,lr1e-05_bs32_modL1_fusion32_fusionL1_fusionBN0_drop0p1__wd1e-04trmiss40_trlocglobal,43,0.6446291506290436,0.6950682103633881,0.5158102766798419,0.5196464222187973,0.4888888888888889,0.0,0.0,0.0,0.0,0.0,0.0,0.0,0.0,0.0,,,,,18473,global,0.4
5,2,lr1e-05_bs32_modL1_fusion32_fusionL1_fusionBN0_drop0p1__wd1e-04trmiss40_trlocglobal,32,1e-05,0.0001,1,32,1,False,0.1,lr1e-05_bs32_modL1_fusion32_fusionL1_fusionBN0_drop0p1__wd1e-04trmiss40_trlocglobal,44,0.6433740655581156,0.6948569118976593,0.5217391304347826,0.5233270511588589,0.4888888888888889,0.0,0.0,0.0,0.0,0.0,0.0,0.0,0.0,0.0,,,,,18473,global,0.4
5,2,lr1e-05_bs32_modL1_fusion32_fusionL1_fusionBN0_drop0p1__wd1e-04trmiss40_trlocglobal,32,1e-05,0.0001,1,32,1,False,0.1,lr1e-05_bs32_modL1_fusion32_fusionL1_fusionBN0_drop0p1__wd1e-04trmiss40_trlocglobal,45,0.6439822117487589,0.6949569880962372,0.5237154150197628,0.524989490033261,0.4888888888888889,0.0,0.0,0.0,0.0,0.0,0.0,0.0,0.0,0.0,,,,,18473,global,0.4
5,2,lr1e-05_bs32_modL1_fusion32_fusionL1_fusionBN0_drop0p1__wd1e-04trmiss40_trlocglobal,32,1e-05,0.0001,1,32,1,False,0.1,lr1e-05_bs32_modL1_fusion32_fusionL1_fusionBN0_drop0p1__wd1e-04trmiss40_trlocglobal,46,0.6407359341780344,0.6948127448558807,0.5276679841897234,0.5253875681856752,0.4888888888888889,0.0,0.0,0.0,0.0,0.0,0.0,0.0,0.0,0.0,,,,,18473,global,0.4
5,2,lr1e-05_bs32_modL1_fusion32_fusionL1_fusionBN0_drop0p1__wd1e-04trmiss40_trlocglobal,32,1e-05,0.0001,1,32,1,False,0.1,lr1e-05_bs32_modL1_fusion32_fusionL1_fusionBN0_drop0p1__wd1e-04trmiss40_trlocglobal,47,0.6375686426957449,0.6945721805095673,0.5276679841897234,0.524605067142517,0.4888888888888889,0.0,0.0,0.0,0.0,0.0,0.0,0.0,0.0,0.0,,,,,18473,global,0.4
5,2,lr1e-05_bs32_modL1_fusion32_fusionL1_fusionBN0_drop0p1__wd1e-04trmiss40_trlocglobal,32,1e-05,0.0001,1,32,1,False,0.1,lr1e-05_bs32_modL1_fusion32_fusionL1_fusionBN0_drop0p1__wd1e-04trmiss40_trlocglobal,48,0.6432376106580099,0.6943123042583466,0.5316205533596838,0.5275196222288955,0.4888888888888889,0.0,0.0,0.0,0.0,0.0,0.0,0.0,0.0,0.0,,,,,18473,global,0.4
5,2,lr1e-05_bs32_modL1_fusion32_fusionL1_fusionBN0_drop0p1__wd1e-04trmiss40_trlocglobal,32,1e-05,0.0001,1,32,1,False,0.1,lr1e-05_bs32_modL1_fusion32_fusionL1_fusionBN0_drop0p1__wd1e-04trmiss40_trlocglobal,49,0.6420260965824127,0.6943691372871399,0.5355731225296443,0.5304987625922353,0.4888888888888889,0.0,0.0,0.0,0.0,0.0,0.0,0.0,0.0,0.0,,,,,18473,global,0.4
5,2,lr1e-05_bs32_modL1_fusion32_fusionL1_fusionBN0_drop0p1__wd1e-04trmiss40_trlocglobal,32,1e-05,0.0001,1,32,1,False,0.1,lr1e-05_bs32_modL1_fusion32_fusionL1_fusionBN0_drop0p1__wd1e-04trmiss40_trlocglobal,50,0.6376319328943888,0.6943300664424896,0.5276679841897233,0.5257492319022423,0.4888888888888889,0.0,0.0,0.0,0.0,0.0,0.0,0.0,0.0,0.0,,,,,18473,global,0.4
5,2,lr1e-05_bs32_modL1_fusion32_fusionL1_fusionBN0_drop0p1__wd1e-04trmiss40_trlocglobal,32,1e-05,0.0001,1,32,1,False,0.1,lr1e-05_bs32_modL1_fusion32_fusionL1_fusionBN0_drop0p1__wd1e-04trmiss40_trlocglobal,51,0.6390593945980072,0.6943975687026978,0.5316205533596838,0.5282791073154129,0.4888888888888889,0.0,0.0,0.0,0.0,0.0,0.0,0.0,0.0,0.0,,,,,18473,global,0.4
5,2,lr1e-05_bs32_modL1_fusion32_fusionL1_fusionBN0_drop0p1__wd1e-04trmiss40_trlocglobal,32,1e-05,0.0001,1,32,1,False,0.1,lr1e-05_bs32_modL1_fusion32_fusionL1_fusionBN0_drop0p1__wd1e-04trmiss40_trlocglobal,52,0.6401360829671224,0.6948875784873962,0.5237154150197628,0.5223559692115377,0.4888888888888889,0.0,0.0,0.0,0.0,0.0,0.0,0.0,0.0,0.0,,,,,18473,global,0.4
5,2,lr1e-05_bs32_modL1_fusion32_fusionL1_fusionBN0_drop0p1__wd1e-04trmiss40_trlocglobal,32,1e-05,0.0001,1,32,1,False,0.1,lr1e-05_bs32_modL1_fusion32_fusionL1_fusionBN0_drop0p1__wd1e-04trmiss40_trlocglobal,53,0.6404276887575785,0.6946114897727966,0.5276679841897234,0.5259178165649072,0.4888888888888889,0.0,0.0,0.0,0.0,0.0,0.0,0.0,0.0,0.0,,,,,18473,global,0.4
5,2,lr1e-05_bs32_modL1_fusion32_fusionL1_fusionBN0_drop0p1__wd1e-04trmiss40_trlocglobal,32,1e-05,0.0001,1,32,1,False,0.1,lr1e-05_bs32_modL1_fusion32_fusionL1_fusionBN0_drop0p1__wd1e-04trmiss40_trlocglobal,54,0.6388529737790426,0.6942337155342102,0.5316205533596838,0.5277656172438103,0.4888888888888889,0.0,0.0,0.0,0.0,0.0,0.0,0.0,0.0,0.0,,,,,18473,global,0.4
5,2,lr1e-05_bs32_modL1_fusion32_fusionL1_fusionBN0_drop0p1__wd1e-04trmiss40_trlocglobal,32,1e-05,0.0001,1,32,1,False,0.1,lr1e-05_bs32_modL1_fusion32_fusionL1_fusionBN0_drop0p1__wd1e-04trmiss40_trlocglobal,55,0.6380770107110342,0.6945979297161102,0.5237154150197628,0.5230121013232084,0.5111111111111111,0.0,0.0,0.0,0.0,0.0,0.0,0.0,0.0,0.0,,,,,18473,global,0.4
5,2,lr1e-05_bs32_modL1_fusion32_fusionL1_fusionBN0_drop0p1__wd1e-04trmiss40_trlocglobal,32,1e-05,0.0001,1,32,1,False,0.1,lr1e-05_bs32_modL1_fusion32_fusionL1_fusionBN0_drop0p1__wd1e-04trmiss40_trlocglobal,56,0.6415144403775533,0.6948365271091461,0.5197628458498024,0.5204477282909414,0.5111111111111111,0.0,0.0,0.0,0.0,0.0,0.0,0.0,0.0,0.0,,,,,18473,global,0.4
5,2,lr1e-05_bs32_modL1_fusion32_fusionL1_fusionBN0_drop0p1__wd1e-04trmiss40_trlocglobal,32,1e-05,0.0001,1,32,1,False,0.1,lr1e-05_bs32_modL1_fusion32_fusionL1_fusionBN0_drop0p1__wd1e-04trmiss40_trlocglobal,57,0.634244829416275,0.6944416463375092,0.5276679841897233,0.5253520079206595,0.5111111111111111,0.0,0.0,0.0,0.0,0.0,0.0,0.0,0.0,0.0,,,,,18473,global,0.4
5,2,lr1e-05_bs32_modL1_fusion32_fusionL1_fusionBN0_drop0p1__wd1e-04trmiss40_trlocglobal,32,1e-05,0.0001,1,32,1,False,0.1,lr1e-05_bs32_modL1_fusion32_fusionL1_fusionBN0_drop0p1__wd1e-04trmiss40_trlocglobal,58,0.6363938252131144,0.694604754447937,0.5217391304347825,0.5187546833784568,0.5111111111111111,0.0,0.0,0.0,0.0,0.0,0.0,0.0,0.0,0.0,,,,,18473,global,0.4
5,2,lr1e-05_bs32_modL1_fusion32_fusionL1_fusionBN0_drop0p1__wd1e-04trmiss40_trlocglobal,32,1e-05,0.0001,1,32,1,False,0.1,lr1e-05_bs32_modL1_fusion32_fusionL1_fusionBN0_drop0p1__wd1e-04trmiss40_trlocglobal,59,0.6325713594754537,0.6946080029010773,0.5335968379446641,0.5257633289142909,0.5111111111111111,0.0,0.0,0.0,0.0,0.0,0.0,0.0,0.0,0.0,,,,,18473,global,0.4
5,2,lr1e-05_bs32_modL1_fusion32_fusionL1_fusionBN0_drop0p1__wd1e-04trmiss40_trlocglobal,32,1e-05,0.0001,1,32,1,False,0.1,lr1e-05_bs32_modL1_fusion32_fusionL1_fusionBN0_drop0p1__wd1e-04trmiss40_trlocglobal,60,0.6358672678470612,0.6945046782493591,0.5375494071146245,0.5280368579446029,0.5111111111111111,0.0,0.0,0.0,0.0,0.0,0.0,0.0,0.0,0.0,,,,,18473,global,0.4
5,2,lr1e-05_bs32_modL1_fusion32_fusionL1_fusionBN0_drop0p1__wd1e-04trmiss40_trlocglobal,32,1e-05,0.0001,1,32,1,False,0.1,lr1e-05_bs32_modL1_fusion32_fusionL1_fusionBN0_drop0p1__wd1e-04trmiss40_trlocglobal,61,0.6379680434862772,0.6945661008358002,0.5355731225296443,0.5272448574542807,0.4888888888888889,0.0,0.0,0.0,0.0,0.0,0.0,0.0,0.0,0.0,,,,,18473,global,0.4
5,2,lr1e-05_bs32_modL1_fusion32_fusionL1_fusionBN0_drop0p1__wd1e-04trmiss40_trlocglobal,32,1e-05,0.0001,1,32,1,False,0.1,lr1e-05_bs32_modL1_fusion32_fusionL1_fusionBN0_drop0p1__wd1e-04trmiss40_trlocglobal,62,0.6344996293385824,0.6945742666721344,0.525691699604743,0.520413491927263,0.4888888888888889,0.0,0.0,0.0,0.0,0.0,0.0,0.0,0.0,0.0,,,,,18473,global,0.4
5,2,lr1e-05_bs32_modL1_fusion32_fusionL1_fusionBN0_drop0p1__wd1e-04trmiss40_trlocglobal,32,1e-05,0.0001,1,32,1,False,0.1,lr1e-05_bs32_modL1_fusion32_fusionL1_fusionBN0_drop0p1__wd1e-04trmiss40_trlocglobal,63,0.6322492559750875,0.6943835616111755,0.5335968379446641,0.5241426338854612,0.4888888888888889,0.0,0.0,0.0,0.0,0.0,0.0,0.0,0.0,0.0,,,,,18473,global,0.4
5,2,lr1e-05_bs32_modL1_fusion32_fusionL1_fusionBN0_drop0p1__wd1e-04trmiss40_trlocglobal,32,1e-05,0.0001,1,32,1,False,0.1,lr1e-05_bs32_modL1_fusion32_fusionL1_fusionBN0_drop0p1__wd1e-04trmiss40_trlocglobal,64,0.6337205668290457,0.6947445869445801,0.5316205533596837,0.5248115093687588,0.5111111111111111,0.0,0.0,0.0,0.0,0.0,0.0,0.0,0.0,0.0,,,,,18473,global,0.4
5,2,lr1e-05_bs32_modL1_fusion32_fusionL1_fusionBN0_drop0p1__wd1e-04trmiss40_trlocglobal,32,1e-05,0.0001,1,32,1,False,0.1,lr1e-05_bs32_modL1_fusion32_fusionL1_fusionBN0_drop0p1__wd1e-04trmiss40_trlocglobal,65,0.639256993929545,0.6952149569988251,0.5197628458498024,0.5100874871375257,0.5111111111111111,0.0,0.0,0.0,0.0,0.0,0.0,0.0,0.0,0.0,,,,,18473,global,0.4
5,2,lr1e-05_bs32_modL1_fusion32_fusionL1_fusionBN0_drop0p1__wd1e-04trmiss40_trlocglobal,32,1e-05,0.0001,1,32,1,False,0.1,lr1e-05_bs32_modL1_fusion32_fusionL1_fusionBN0_drop0p1__wd1e-04trmiss40_trlocglobal,66,0.6341553727785746,0.6947701871395111,0.5237154150197628,0.5157861869316994,0.5111111111111111,0.0,0.0,0.0,0.0,0.0,0.0,0.0,0.0,0.0,,,,,18473,global,0.4
5,2,lr1e-05_bs32_modL1_fusion32_fusionL1_fusionBN0_drop0p1__wd1e-04trmiss40_trlocglobal,32,1e-05,0.0001,1,32,1,False,0.1,lr1e-05_bs32_modL1_fusion32_fusionL1_fusionBN0_drop0p1__wd1e-04trmiss40_trlocglobal,67,0.6343886156876882,0.6946831941604614,0.525691699604743,0.518536987604495,0.5111111111111111,0.0,0.0,0.0,0.0,0.0,0.0,0.0,0.0,0.0,,,,,18473,global,0.4
5,2,lr1e-05_bs32_modL1_fusion32_fusionL1_fusionBN0_drop0p1__wd1e-04trmiss40_trlocglobal,32,1e-05,0.0001,1,32,1,False,0.1,lr1e-05_bs32_modL1_fusion32_fusionL1_fusionBN0_drop0p1__wd1e-04trmiss40_trlocglobal,68,0.6354663074016571,0.6948261260986328,0.5296442687747036,0.5214820820561616,0.5111111111111111,0.0,0.0,0.0,0.0,0.0,0.0,0.0,0.0,0.0,,,,,18473,global,0.4
5,2,lr1e-05_bs32_modL1_fusion32_fusionL1_fusionBN0_drop0p1__wd1e-04trmiss40_trlocglobal,32,1e-05,0.0001,1,32,1,False,0.1,lr1e-05_bs32_modL1_fusion32_fusionL1_fusionBN0_drop0p1__wd1e-04trmiss40_trlocglobal,69,0.6376048922538757,0.6948881447315216,0.5217391304347826,0.5204784427109117,0.4888888888888889,0.0,0.0,0.0,0.0,0.0,0.0,0.0,0.0,0.0,,,,,18473,global,0.4
5,2,lr1e-05_bs32_modL1_fusion32_fusionL1_fusionBN0_drop0p1__wd1e-04trmiss40_trlocglobal,32,1e-05,0.0001,1,32,1,False,0.1,lr1e-05_bs32_modL1_fusion32_fusionL1_fusionBN0_drop0p1__wd1e-04trmiss40_trlocglobal,70,0.6354989012082418,0.6945988237857819,0.5316205533596838,0.5244630173476602,0.4888888888888889,0.0,0.0,0.0,0.0,0.0,0.0,0.0,0.0,0.0,,,,,18473,global,0.4
5,2,lr1e-05_bs32_modL1_fusion32_fusionL1_fusionBN0_drop0p1__wd1e-04trmiss40_trlocglobal,32,1e-05,0.0001,1,32,1,False,0.1,lr1e-05_bs32_modL1_fusion32_fusionL1_fusionBN0_drop0p1__wd1e-04trmiss40_trlocglobal,71,0.6359664797782898,0.6946474313735962,0.5276679841897233,0.5232217139324438,0.4888888888888889,0.0,0.0,0.0,0.0,0.0,0.0,0.0,0.0,0.0,,,,,18473,global,0.4
5,2,lr1e-05_bs32_modL1_fusion32_fusionL1_fusionBN0_drop0p1__wd1e-04trmiss40_trlocglobal,32,1e-05,0.0001,1,32,1,False,0.1,lr1e-05_bs32_modL1_fusion32_fusionL1_fusionBN0_drop0p1__wd1e-04trmiss40_trlocglobal,72,0.6356996297836304,0.694505363702774,0.5316205533596838,0.5252814508706973,0.5111111111111111,0.0,0.0,0.0,0.0,0.0,0.0,0.0,0.0,0.0,,,,,18473,global,0.4
5,2,lr1e-05_bs32_modL1_fusion32_fusionL1_fusionBN0_drop0p1__wd1e-04trmiss40_trlocglobal,32,1e-05,0.0001,1,32,1,False,0.1,lr1e-05_bs32_modL1_fusion32_fusionL1_fusionBN0_drop0p1__wd1e-04trmiss40_trlocglobal,73,0.6409063041210175,0.6944957673549652,0.5316205533596838,0.5216407432720341,0.5111111111111111,0.0,0.0,0.0,0.0,0.0,0.0,0.0,0.0,0.0,,,,,18473,global,0.4
5,2,lr1e-05_bs32_modL1_fusion32_fusionL1_fusionBN0_drop0p1__wd1e-04trmiss40_trlocglobal,32,1e-05,0.0001,1,32,1,False,0.1,lr1e-05_bs32_modL1_fusion32_fusionL1_fusionBN0_drop0p1__wd1e-04trmiss40_trlocglobal,74,0.6331153412659963,0.6943370401859283,0.5296442687747035,0.5203805872741816,0.5111111111111111,0.0,0.0,0.0,0.0,0.0,0.0,0.0,0.0,0.0,,,,,18473,global,0.4
5,2,lr1e-05_bs32_modL1_fusion32_fusionL1_fusionBN0_drop0p1__wd1e-04trmiss40_trlocglobal,32,1e-05,0.0001,1,32,1,False,0.1,lr1e-05_bs32_modL1_fusion32_fusionL1_fusionBN0_drop0p1__wd1e-04trmiss40_trlocglobal,75,0.637290378411611,0.6946786642074585,0.5276679841897233,0.5196865409021796,0.5111111111111111,0.0,0.0,0.0,0.0,0.0,0.0,0.0,0.0,0.0,,,,,18473,global,0.4
5,2,lr1e-05_bs32_modL1_fusion32_fusionL1_fusionBN0_drop0p1__wd1e-04trmiss40_trlocglobal,32,1e-05,0.0001,1,32,1,False,0.1,lr1e-05_bs32_modL1_fusion32_fusionL1_fusionBN0_drop0p1__wd1e-04trmiss40_trlocglobal,76,0.634751170873642,0.6947030425071716,0.5276679841897234,0.5201340130186559,0.5111111111111111,0.0,0.0,0.0,0.0,0.0,0.0,0.0,0.0,0.0,,,,,18473,global,0.4
5,2,lr1e-05_bs32_modL1_fusion32_fusionL1_fusionBN0_drop0p1__wd1e-04trmiss40_trlocglobal,32,1e-05,0.0001,1,32,1,False,0.1,lr1e-05_bs32_modL1_fusion32_fusionL1_fusionBN0_drop0p1__wd1e-04trmiss40_trlocglobal,77,0.6362920006116232,0.6944421529769897,0.5316205533596838,0.5244630173476602,0.5111111111111111,0.0,0.0,0.0,0.0,0.0,0.0,0.0,0.0,0.0,,,,,18473,global,0.4
5,2,lr1e-05_bs32_modL1_fusion32_fusionL1_fusionBN0_drop0p1__wd1e-04trmiss40_trlocglobal,32,1e-05,0.0001,1,32,1,False,0.1,lr1e-05_bs32_modL1_fusion32_fusionL1_fusionBN0_drop0p1__wd1e-04trmiss40_trlocglobal,78,0.6289327045281728,0.694336324930191,0.5296442687747036,0.5232396030807677,0.5111111111111111,0.0,0.0,0.0,0.0,0.0,0.0,0.0,0.0,0.0,,,,,18473,global,0.4
5,2,lr1e-05_bs32_modL1_fusion32_fusionL1_fusionBN0_drop0p1__wd1e-04trmiss40_trlocglobal,32,1e-05,0.0001,1,32,1,False,0.1,lr1e-05_bs32_modL1_fusion32_fusionL1_fusionBN0_drop0p1__wd1e-04trmiss40_trlocglobal,79,0.6354801257451376,0.6941865086555481,0.533596837944664,0.5250114617280456,0.5111111111111111,0.0,0.0,0.0,0.0,0.0,0.0,0.0,0.0,0.0,,,,,18473,global,0.4
5,2,lr1e-05_bs32_modL1_fusion32_fusionL1_fusionBN0_drop0p1__wd1e-04trmiss40_trlocglobal,32,1e-05,0.0001,1,32,1,False,0.1,lr1e-05_bs32_modL1_fusion32_fusionL1_fusionBN0_drop0p1__wd1e-04trmiss40_trlocglobal,80,0.6346679031848907,0.6942099630832672,0.5355731225296442,0.5261929362081968,0.5111111111111111,0.0,0.0,0.0,0.0,0.0,0.0,0.0,0.0,0.0,,,,,18473,global,0.4
5,3,lr1e-04_bs32_modL1_fusion16_fusionL1_fusionBN0_drop0p2__wd1e-04trmiss40_trlocglobal,32,0.0001,0.0001,1,16,1,False,0.2,lr1e-04_bs32_modL1_fusion16_fusionL1_fusionBN0_drop0p2__wd1e-04trmiss40_trlocglobal,1,0.6975649694601694,0.6941198706626892,0.5968379446640316,0.5993525128238558,0.5111111111111111,0.0,0.0,0.0,0.0,0.0,0.0,0.0,0.0,0.0,,,,,18473,global,0.4
5,3,lr1e-04_bs32_modL1_fusion16_fusionL1_fusionBN0_drop0p2__wd1e-04trmiss40_trlocglobal,32,0.0001,0.0001,1,16,1,False,0.2,lr1e-04_bs32_modL1_fusion16_fusionL1_fusionBN0_drop0p2__wd1e-04trmiss40_trlocglobal,2,0.6673115293184916,0.6863466203212738,0.616600790513834,0.6194829017370714,0.5111111111111111,0.0,0.0,0.0,0.0,0.0,0.0,0.0,0.0,0.0,,,,,18473,global,0.4
5,3,lr1e-04_bs32_modL1_fusion16_fusionL1_fusionBN0_drop0p2__wd1e-04trmiss40_trlocglobal,32,0.0001,0.0001,1,16,1,False,0.2,lr1e-04_bs32_modL1_fusion16_fusionL1_fusionBN0_drop0p2__wd1e-04trmiss40_trlocglobal,3,0.6506259143352509,0.6791954636573792,0.6422924901185771,0.6425941865001111,0.5333333333333333,0.0,0.0,0.0,0.0,0.0,0.0,0.0,0.0,0.0,,,,,18473,global,0.4
5,3,lr1e-04_bs32_modL1_fusion16_fusionL1_fusionBN0_drop0p2__wd1e-04trmiss40_trlocglobal,32,0.0001,0.0001,1,16,1,False,0.2,lr1e-04_bs32_modL1_fusion16_fusionL1_fusionBN0_drop0p2__wd1e-04trmiss40_trlocglobal,4,0.6518517732620239,0.6760612428188324,0.6462450592885376,0.6573943215607151,0.5333333333333333,0.0,0.0,0.0,0.0,0.0,0.0,0.0,0.0,0.0,,,,,18473,global,0.4
5,3,lr1e-04_bs32_modL1_fusion16_fusionL1_fusionBN0_drop0p2__wd1e-04trmiss40_trlocglobal,32,0.0001,0.0001,1,16,1,False,0.2,lr1e-04_bs32_modL1_fusion16_fusionL1_fusionBN0_drop0p2__wd1e-04trmiss40_trlocglobal,5,0.6357028484344482,0.6758382022380829,0.6363636363636364,0.6578753890007071,0.5555555555555556,0.0,0.0,0.0,0.0,0.0,0.0,0.0,0.0,0.0,,,,,18473,global,0.4
5,3,lr1e-04_bs32_modL1_fusion16_fusionL1_fusionBN0_drop0p2__wd1e-04trmiss40_trlocglobal,32,0.0001,0.0001,1,16,1,False,0.2,lr1e-04_bs32_modL1_fusion16_fusionL1_fusionBN0_drop0p2__wd1e-04trmiss40_trlocglobal,6,0.621521125237147,0.6742556095123291,0.6383399209486166,0.6566085450471183,0.5555555555555556,0.0,0.0,0.0,0.0,0.0,0.0,0.0,0.0,0.0,,,,,18473,global,0.4
5,3,lr1e-04_bs32_modL1_fusion16_fusionL1_fusionBN0_drop0p2__wd1e-04trmiss40_trlocglobal,32,0.0001,0.0001,1,16,1,False,0.2,lr1e-04_bs32_modL1_fusion16_fusionL1_fusionBN0_drop0p2__wd1e-04trmiss40_trlocglobal,7,0.6199444830417633,0.6723688840866089,0.6383399209486166,0.6588509515515385,0.5333333333333333,0.0,0.0,0.0,0.0,0.0,0.0,0.0,0.0,0.0,,,,,18473,global,0.4
5,3,lr1e-04_bs32_modL1_fusion16_fusionL1_fusionBN0_drop0p2__wd1e-04trmiss40_trlocglobal,32,0.0001,0.0001,1,16,1,False,0.2,lr1e-04_bs32_modL1_fusion16_fusionL1_fusionBN0_drop0p2__wd1e-04trmiss40_trlocglobal,8,0.619166761636734,0.6725099682807922,0.642292490118577,0.6614774676670352,0.5333333333333333,0.0,0.0,0.0,0.0,0.0,0.0,0.0,0.0,0.0,,,,,18473,global,0.4
5,3,lr1e-04_bs32_modL1_fusion16_fusionL1_fusionBN0_drop0p2__wd1e-04trmiss40_trlocglobal,32,0.0001,0.0001,1,16,1,False,0.2,lr1e-04_bs32_modL1_fusion16_fusionL1_fusionBN0_drop0p2__wd1e-04trmiss40_trlocglobal,9,0.601728618144989,0.6741606891155243,0.6462450592885376,0.6613820457992978,0.5555555555555556,0.0,0.0,0.0,0.0,0.0,0.0,0.0,0.0,0.0,,,,,18473,global,0.4
5,3,lr1e-04_bs32_modL1_fusion16_fusionL1_fusionBN0_drop0p2__wd1e-04trmiss40_trlocglobal,32,0.0001,0.0001,1,16,1,False,0.2,lr1e-04_bs32_modL1_fusion16_fusionL1_fusionBN0_drop0p2__wd1e-04trmiss40_trlocglobal,10,0.5800847113132477,0.6740902662277222,0.6304347826086957,0.6454223561801573,0.5555555555555556,0.0,0.0,0.0,0.0,0.0,0.0,0.0,0.0,0.0,,,,,18473,global,0.4
5,3,lr1e-04_bs32_modL1_fusion16_fusionL1_fusionBN0_drop0p2__wd1e-04trmiss40_trlocglobal,32,0.0001,0.0001,1,16,1,False,0.2,lr1e-04_bs32_modL1_fusion16_fusionL1_fusionBN0_drop0p2__wd1e-04trmiss40_trlocglobal,11,0.5889464517434438,0.6744767427444458,0.6086956521739131,0.6287022034365796,0.5555555555555556,0.0,0.0,0.0,0.0,0.0,0.0,0.0,0.0,0.0,,,,,18473,global,0.4
5,3,lr1e-04_bs32_modL1_fusion16_fusionL1_fusionBN0_drop0p2__wd1e-04trmiss40_trlocglobal,32,0.0001,0.0001,1,16,1,False,0.2,lr1e-04_bs32_modL1_fusion16_fusionL1_fusionBN0_drop0p2__wd1e-04trmiss40_trlocglobal,12,0.564970334370931,0.6744043827056885,0.6067193675889329,0.6323695874957529,0.5555555555555556,0.0,0.0,0.0,0.0,0.0,0.0,0.0,0.0,0.0,,,,,18473,global,0.4
5,3,lr1e-04_bs32_modL1_fusion16_fusionL1_fusionBN0_drop0p2__wd1e-04trmiss40_trlocglobal,32,0.0001,0.0001,1,16,1,False,0.2,lr1e-04_bs32_modL1_fusion16_fusionL1_fusionBN0_drop0p2__wd1e-04trmiss40_trlocglobal,13,0.564389685789744,0.6694299876689911,0.6264822134387352,0.6529745954299668,0.5333333333333333,0.0,0.0,0.0,0.0,0.0,0.0,0.0,0.0,0.0,,,,,18473,global,0.4
5,3,lr1e-04_bs32_modL1_fusion16_fusionL1_fusionBN0_drop0p2__wd1e-04trmiss40_trlocglobal,32,0.0001,0.0001,1,16,1,False,0.2,lr1e-04_bs32_modL1_fusion16_fusionL1_fusionBN0_drop0p2__wd1e-04trmiss40_trlocglobal,14,0.5635125835736593,0.670401006937027,0.616600790513834,0.6359749497218813,0.5333333333333333,0.0,0.0,0.0,0.0,0.0,0.0,0.0,0.0,0.0,,,,,18473,global,0.4
5,3,lr1e-04_bs32_modL1_fusion16_fusionL1_fusionBN0_drop0p2__wd1e-04trmiss40_trlocglobal,32,0.0001,0.0001,1,16,1,False,0.2,lr1e-04_bs32_modL1_fusion16_fusionL1_fusionBN0_drop0p2__wd1e-04trmiss40_trlocglobal,15,0.5563227037588755,0.6725027859210968,0.5928853754940712,0.6260316129986879,0.5555555555555556,0.0,0.0,0.0,0.0,0.0,0.0,0.0,0.0,0.0,,,,,18473,global,0.4
5,3,lr1e-04_bs32_modL1_fusion16_fusionL1_fusionBN0_drop0p2__wd1e-04trmiss40_trlocglobal,32,0.0001,0.0001,1,16,1,False,0.2,lr1e-04_bs32_modL1_fusion16_fusionL1_fusionBN0_drop0p2__wd1e-04trmiss40_trlocglobal,16,0.5452656944592794,0.6755869686603546,0.575098814229249,0.6149317023875132,0.5777777777777777,0.0,0.0,0.0,0.0,0.0,0.0,0.0,0.0,0.0,,,,,18473,global,0.4
5,3,lr1e-04_bs32_modL1_fusion16_fusionL1_fusionBN0_drop0p2__wd1e-04trmiss40_trlocglobal,32,0.0001,0.0001,1,16,1,False,0.2,lr1e-04_bs32_modL1_fusion16_fusionL1_fusionBN0_drop0p2__wd1e-04trmiss40_trlocglobal,17,0.5563333729902903,0.6732669174671173,0.5830039525691699,0.6298526720466711,0.5777777777777777,0.0,0.0,0.0,0.0,0.0,0.0,0.0,0.0,0.0,,,,,18473,global,0.4
5,3,lr1e-04_bs32_modL1_fusion16_fusionL1_fusionBN0_drop0p2__wd1e-04trmiss40_trlocglobal,32,0.0001,0.0001,1,16,1,False,0.2,lr1e-04_bs32_modL1_fusion16_fusionL1_fusionBN0_drop0p2__wd1e-04trmiss40_trlocglobal,18,0.5272602240244547,0.6668562293052673,0.6067193675889327,0.6388637257735925,0.6,0.0,0.0,0.0,0.0,0.0,0.0,0.0,0.0,0.0,,,,,18473,global,0.4
5,3,lr1e-04_bs32_modL1_fusion16_fusionL1_fusionBN0_drop0p2__wd1e-04trmiss40_trlocglobal,32,0.0001,0.0001,1,16,1,False,0.2,lr1e-04_bs32_modL1_fusion16_fusionL1_fusionBN0_drop0p2__wd1e-04trmiss40_trlocglobal,19,0.5246662795543671,0.6657018959522247,0.616600790513834,0.6496525826086688,0.6222222222222222,0.0,0.0,0.0,0.0,0.0,0.0,0.0,0.0,0.0,,,,,18473,global,0.4
5,3,lr1e-04_bs32_modL1_fusion16_fusionL1_fusionBN0_drop0p2__wd1e-04trmiss40_trlocglobal,32,0.0001,0.0001,1,16,1,False,0.2,lr1e-04_bs32_modL1_fusion16_fusionL1_fusionBN0_drop0p2__wd1e-04trmiss40_trlocglobal,20,0.5265587468942007,0.6682461202144623,0.6086956521739131,0.6323910761477086,0.6,0.0,0.0,0.0,0.0,0.0,0.0,0.0,0.0,0.0,,,,,18473,global,0.4
5,3,lr1e-04_bs32_modL1_fusion16_fusionL1_fusionBN0_drop0p2__wd1e-04trmiss40_trlocglobal,32,0.0001,0.0001,1,16,1,False,0.2,lr1e-04_bs32_modL1_fusion16_fusionL1_fusionBN0_drop0p2__wd1e-04trmiss40_trlocglobal,21,0.5219711164633433,0.6722520291805267,0.5889328063241106,0.63013461873914,0.6222222222222222,0.0,0.0,0.0,0.0,0.0,0.0,0.0,0.0,0.0,,,,,18473,global,0.4
5,3,lr1e-04_bs32_modL1_fusion16_fusionL1_fusionBN0_drop0p2__wd1e-04trmiss40_trlocglobal,32,0.0001,0.0001,1,16,1,False,0.2,lr1e-04_bs32_modL1_fusion16_fusionL1_fusionBN0_drop0p2__wd1e-04trmiss40_trlocglobal,22,0.5108461678028107,0.6674067080020905,0.5849802371541502,0.6277047368499695,0.6444444444444445,0.0,0.0,0.0,0.0,0.0,0.0,0.0,0.0,0.0,,,,,18473,global,0.4
5,3,lr1e-04_bs32_modL1_fusion16_fusionL1_fusionBN0_drop0p2__wd1e-04trmiss40_trlocglobal,32,0.0001,0.0001,1,16,1,False,0.2,lr1e-04_bs32_modL1_fusion16_fusionL1_fusionBN0_drop0p2__wd1e-04trmiss40_trlocglobal,23,0.5195814073085785,0.6637478470802307,0.5928853754940712,0.6269858329174065,0.6444444444444445,0.0,0.0,0.0,0.0,0.0,0.0,0.0,0.0,0.0,,,,,18473,global,0.4
5,3,lr1e-04_bs32_modL1_fusion16_fusionL1_fusionBN0_drop0p2__wd1e-04trmiss40_trlocglobal,32,0.0001,0.0001,1,16,1,False,0.2,lr1e-04_bs32_modL1_fusion16_fusionL1_fusionBN0_drop0p2__wd1e-04trmiss40_trlocglobal,24,0.4940866380929947,0.6690725982189178,0.5889328063241106,0.6299111777920452,0.6,0.0,0.0,0.0,0.0,0.0,0.0,0.0,0.0,0.0,,,,,18473,global,0.4
5,3,lr1e-04_bs32_modL1_fusion16_fusionL1_fusionBN0_drop0p2__wd1e-04trmiss40_trlocglobal,32,0.0001,0.0001,1,16,1,False,0.2,lr1e-04_bs32_modL1_fusion16_fusionL1_fusionBN0_drop0p2__wd1e-04trmiss40_trlocglobal,25,0.5026814341545105,0.6763343513011932,0.5513833992094862,0.61440800602329,0.5777777777777777,0.0,0.0,0.0,0.0,0.0,0.0,0.0,0.0,0.0,,,,,18473,global,0.4
5,3,lr1e-04_bs32_modL1_fusion16_fusionL1_fusionBN0_drop0p2__wd1e-04trmiss40_trlocglobal,32,0.0001,0.0001,1,16,1,False,0.2,lr1e-04_bs32_modL1_fusion16_fusionL1_fusionBN0_drop0p2__wd1e-04trmiss40_trlocglobal,26,0.5088724891344706,0.6738345324993134,0.5533596837944663,0.6153143272123021,0.5777777777777777,0.0,0.0,0.0,0.0,0.0,0.0,0.0,0.0,0.0,,,,,18473,global,0.4
5,3,lr1e-04_bs32_modL1_fusion16_fusionL1_fusionBN0_drop0p2__wd1e-04trmiss40_trlocglobal,32,0.0001,0.0001,1,16,1,False,0.2,lr1e-04_bs32_modL1_fusion16_fusionL1_fusionBN0_drop0p2__wd1e-04trmiss40_trlocglobal,27,0.49558354914188385,0.6756503880023956,0.5553359683794465,0.6224861475347928,0.5555555555555556,0.0,0.0,0.0,0.0,0.0,0.0,0.0,0.0,0.0,,,,,18473,global,0.4
5,3,lr1e-04_bs32_modL1_fusion16_fusionL1_fusionBN0_drop0p2__wd1e-04trmiss40_trlocglobal,32,0.0001,0.0001,1,16,1,False,0.2,lr1e-04_bs32_modL1_fusion16_fusionL1_fusionBN0_drop0p2__wd1e-04trmiss40_trlocglobal,28,0.4923502157131831,0.6689107418060303,0.5691699604743082,0.6262236350551358,0.6,0.0,0.0,0.0,0.0,0.0,0.0,0.0,0.0,0.0,,,,,18473,global,0.4
5,3,lr1e-04_bs32_modL1_fusion16_fusionL1_fusionBN0_drop0p2__wd1e-04trmiss40_trlocglobal,32,0.0001,0.0001,1,16,1,False,0.2,lr1e-04_bs32_modL1_fusion16_fusionL1_fusionBN0_drop0p2__wd1e-04trmiss40_trlocglobal,29,0.4888522078593572,0.6675243675708771,0.5731225296442688,0.6075276272258706,0.6222222222222222,0.0,0.0,0.0,0.0,0.0,0.0,0.0,0.0,0.0,,,,,18473,global,0.4
5,3,lr1e-04_bs32_modL1_fusion16_fusionL1_fusionBN0_drop0p1__wd1e-04trmiss40_trlocglobal,32,0.0001,0.0001,1,16,1,False,0.1,lr1e-04_bs32_modL1_fusion16_fusionL1_fusionBN0_drop0p1__wd1e-04trmiss40_trlocglobal,1,0.6900803943475088,0.6913820505142212,0.5395256916996047,0.5626914036280405,0.4888888888888889,0.0,0.0,0.0,0.0,0.0,0.0,0.0,0.0,0.0,,,,,18473,global,0.4
5,3,lr1e-04_bs32_modL1_fusion16_fusionL1_fusionBN0_drop0p1__wd1e-04trmiss40_trlocglobal,32,0.0001,0.0001,1,16,1,False,0.1,lr1e-04_bs32_modL1_fusion16_fusionL1_fusionBN0_drop0p1__wd1e-04trmiss40_trlocglobal,2,0.6745166182518005,0.6891776621341705,0.5375494071146245,0.5864076997041765,0.5111111111111111,0.0,0.0,0.0,0.0,0.0,0.0,0.0,0.0,0.0,,,,,18473,global,0.4
5,3,lr1e-04_bs32_modL1_fusion16_fusionL1_fusionBN0_drop0p1__wd1e-04trmiss40_trlocglobal,32,0.0001,0.0001,1,16,1,False,0.1,lr1e-04_bs32_modL1_fusion16_fusionL1_fusionBN0_drop0p1__wd1e-04trmiss40_trlocglobal,3,0.6625367601712545,0.6893930435180664,0.5355731225296443,0.5878017294734922,0.5333333333333333,0.0,0.0,0.0,0.0,0.0,0.0,0.0,0.0,0.0,,,,,18473,global,0.4
5,3,lr1e-04_bs32_modL1_fusion16_fusionL1_fusionBN0_drop0p1__wd1e-04trmiss40_trlocglobal,32,0.0001,0.0001,1,16,1,False,0.1,lr1e-04_bs32_modL1_fusion16_fusionL1_fusionBN0_drop0p1__wd1e-04trmiss40_trlocglobal,4,0.6532768905162811,0.6885432302951813,0.5553359683794467,0.6024735227110494,0.5333333333333333,0.0,0.0,0.0,0.0,0.0,0.0,0.0,0.0,0.0,,,,,18473,global,0.4
5,3,lr1e-04_bs32_modL1_fusion16_fusionL1_fusionBN0_drop0p1__wd1e-04trmiss40_trlocglobal,32,0.0001,0.0001,1,16,1,False,0.1,lr1e-04_bs32_modL1_fusion16_fusionL1_fusionBN0_drop0p1__wd1e-04trmiss40_trlocglobal,5,0.6410350104173025,0.6872956156730652,0.5513833992094862,0.6013499886213849,0.5111111111111111,0.0,0.0,0.0,0.0,0.0,0.0,0.0,0.0,0.0,,,,,18473,global,0.4
5,3,lr1e-04_bs32_modL1_fusion16_fusionL1_fusionBN0_drop0p1__wd1e-04trmiss40_trlocglobal,32,0.0001,0.0001,1,16,1,False,0.1,lr1e-04_bs32_modL1_fusion16_fusionL1_fusionBN0_drop0p1__wd1e-04trmiss40_trlocglobal,6,0.6338026622931162,0.6878577768802643,0.5474308300395256,0.602475571450295,0.5111111111111111,0.0,0.0,0.0,0.0,0.0,0.0,0.0,0.0,0.0,,,,,18473,global,0.4
5,3,lr1e-04_bs32_modL1_fusion16_fusionL1_fusionBN0_drop0p1__wd1e-04trmiss40_trlocglobal,32,0.0001,0.0001,1,16,1,False,0.1,lr1e-04_bs32_modL1_fusion16_fusionL1_fusionBN0_drop0p1__wd1e-04trmiss40_trlocglobal,7,0.6336288154125214,0.6878864169120789,0.5296442687747036,0.5898731538450169,0.5111111111111111,0.0,0.0,0.0,0.0,0.0,0.0,0.0,0.0,0.0,,,,,18473,global,0.4
5,3,lr1e-04_bs32_modL1_fusion16_fusionL1_fusionBN0_drop0p1__wd1e-04trmiss40_trlocglobal,32,0.0001,0.0001,1,16,1,False,0.1,lr1e-04_bs32_modL1_fusion16_fusionL1_fusionBN0_drop0p1__wd1e-04trmiss40_trlocglobal,8,0.6272273262341818,0.6866263449192047,0.5375494071146245,0.5955014552564462,0.4666666666666667,0.0,0.0,0.0,0.0,0.0,0.0,0.0,0.0,0.0,,,,,18473,global,0.4
5,3,lr1e-04_bs32_modL1_fusion16_fusionL1_fusionBN0_drop0p1__wd1e-04trmiss40_trlocglobal,32,0.0001,0.0001,1,16,1,False,0.1,lr1e-04_bs32_modL1_fusion16_fusionL1_fusionBN0_drop0p1__wd1e-04trmiss40_trlocglobal,9,0.6159227788448334,0.6864823400974274,0.5217391304347827,0.5818829274893043,0.4888888888888889,0.0,0.0,0.0,0.0,0.0,0.0,0.0,0.0,0.0,,,,,18473,global,0.4
5,3,lr1e-04_bs32_modL1_fusion16_fusionL1_fusionBN0_drop0p1__wd1e-04trmiss40_trlocglobal,32,0.0001,0.0001,1,16,1,False,0.1,lr1e-04_bs32_modL1_fusion16_fusionL1_fusionBN0_drop0p1__wd1e-04trmiss40_trlocglobal,10,0.6180607279141744,0.6869804263114929,0.5296442687747036,0.593683750692089,0.4888888888888889,0.0,0.0,0.0,0.0,0.0,0.0,0.0,0.0,0.0,,,,,18473,global,0.4
5,3,lr1e-04_bs32_modL1_fusion16_fusionL1_fusionBN0_drop0p1__wd1e-04trmiss40_trlocglobal,32,0.0001,0.0001,1,16,1,False,0.1,lr1e-04_bs32_modL1_fusion16_fusionL1_fusionBN0_drop0p1__wd1e-04trmiss40_trlocglobal,11,0.6025889615217844,0.6861110627651215,0.5355731225296443,0.6017967708552351,0.4888888888888889,0.0,0.0,0.0,0.0,0.0,0.0,0.0,0.0,0.0,,,,,18473,global,0.4
5,3,lr1e-04_bs32_modL1_fusion16_fusionL1_fusionBN0_drop0p1__wd1e-04trmiss40_trlocglobal,32,0.0001,0.0001,1,16,1,False,0.1,lr1e-04_bs32_modL1_fusion16_fusionL1_fusionBN0_drop0p1__wd1e-04trmiss40_trlocglobal,12,0.6063620646794637,0.6860333979129791,0.5118577075098814,0.5822662261115225,0.4666666666666667,0.0,0.0,0.0,0.0,0.0,0.0,0.0,0.0,0.0,,,,,18473,global,0.4
5,3,lr1e-04_bs32_modL1_fusion16_fusionL1_fusionBN0_drop0p1__wd1e-04trmiss40_trlocglobal,32,0.0001,0.0001,1,16,1,False,0.1,lr1e-04_bs32_modL1_fusion16_fusionL1_fusionBN0_drop0p1__wd1e-04trmiss40_trlocglobal,13,0.6013907790184021,0.6855331659317017,0.5158102766798419,0.5872482098872229,0.4444444444444444,0.0,0.0,0.0,0.0,0.0,0.0,0.0,0.0,0.0,,,,,18473,global,0.4
5,3,lr1e-04_bs32_modL1_fusion16_fusionL1_fusionBN0_drop0p1__wd1e-04trmiss40_trlocglobal,32,0.0001,0.0001,1,16,1,False,0.1,lr1e-04_bs32_modL1_fusion16_fusionL1_fusionBN0_drop0p1__wd1e-04trmiss40_trlocglobal,14,0.6016093790531158,0.6869013011455536,0.5138339920948616,0.5987855890366357,0.4444444444444444,0.0,0.0,0.0,0.0,0.0,0.0,0.0,0.0,0.0,,,,,18473,global,0.4
5,3,lr1e-04_bs32_modL1_fusion16_fusionL1_fusionBN0_drop0p1__wd1e-04trmiss40_trlocglobal,32,0.0001,0.0001,1,16,1,False,0.1,lr1e-04_bs32_modL1_fusion16_fusionL1_fusionBN0_drop0p1__wd1e-04trmiss40_trlocglobal,15,0.5867259899775187,0.6871344149112701,0.5118577075098814,0.5972874917046441,0.4666666666666667,0.0,0.0,0.0,0.0,0.0,0.0,0.0,0.0,0.0,,,,,18473,global,0.4
5,3,lr1e-04_bs32_modL1_fusion16_fusionL1_fusionBN0_drop0p1__wd1e-04trmiss40_trlocglobal,32,0.0001,0.0001,1,16,1,False,0.1,lr1e-04_bs32_modL1_fusion16_fusionL1_fusionBN0_drop0p1__wd1e-04trmiss40_trlocglobal,16,0.5846652587254842,0.6878011226654053,0.5158102766798419,0.5946138076266555,0.4888888888888889,0.0,0.0,0.0,0.0,0.0,0.0,0.0,0.0,0.0,,,,,18473,global,0.4
5,3,lr1e-04_bs32_modL1_fusion16_fusionL1_fusionBN0_drop0p1__wd1e-04trmiss40_trlocglobal,32,0.0001,0.0001,1,16,1,False,0.1,lr1e-04_bs32_modL1_fusion16_fusionL1_fusionBN0_drop0p1__wd1e-04trmiss40_trlocglobal,17,0.5799775918324789,0.686758428812027,0.5335968379446641,0.6030902714548197,0.4888888888888889,0.0,0.0,0.0,0.0,0.0,0.0,0.0,0.0,0.0,,,,,18473,global,0.4
5,3,lr1e-04_bs32_modL1_fusion16_fusionL1_fusionBN0_drop0p1__wd1e-04trmiss40_trlocglobal,32,0.0001,0.0001,1,16,1,False,0.1,lr1e-04_bs32_modL1_fusion16_fusionL1_fusionBN0_drop0p1__wd1e-04trmiss40_trlocglobal,18,0.5769828061262766,0.6859872937202454,0.5355731225296443,0.6006783720350415,0.4888888888888889,0.0,0.0,0.0,0.0,0.0,0.0,0.0,0.0,0.0,,,,,18473,global,0.4
5,3,lr1e-04_bs32_modL1_fusion16_fusionL1_fusionBN0_drop0p1__wd1e-04trmiss40_trlocglobal,32,0.0001,0.0001,1,16,1,False,0.1,lr1e-04_bs32_modL1_fusion16_fusionL1_fusionBN0_drop0p1__wd1e-04trmiss40_trlocglobal,19,0.5678643584251404,0.6864688694477081,0.541501976284585,0.5976195582860189,0.5111111111111111,0.0,0.0,0.0,0.0,0.0,0.0,0.0,0.0,0.0,,,,,18473,global,0.4
5,3,lr1e-04_bs32_modL1_fusion16_fusionL1_fusionBN0_drop0p1__wd1e-04trmiss40_trlocglobal,32,0.0001,0.0001,1,16,1,False,0.1,lr1e-04_bs32_modL1_fusion16_fusionL1_fusionBN0_drop0p1__wd1e-04trmiss40_trlocglobal,20,0.5642816623051962,0.6870823800563812,0.5355731225296443,0.5953046262429943,0.5777777777777777,0.0,0.0,0.0,0.0,0.0,0.0,0.0,0.0,0.0,,,,,18473,global,0.4
5,3,lr1e-04_bs32_modL1_fusion16_fusionL1_fusionBN0_drop0p1__wd1e-04trmiss40_trlocglobal,32,0.0001,0.0001,1,16,1,False,0.1,lr1e-04_bs32_modL1_fusion16_fusionL1_fusionBN0_drop0p1__wd1e-04trmiss40_trlocglobal,21,0.5538496275742849,0.6898680627346039,0.5098814229249011,0.5810155034317437,0.5777777777777777,0.0,0.0,0.0,0.0,0.0,0.0,0.0,0.0,0.0,,,,,18473,global,0.4
5,3,lr1e-04_bs32_modL1_fusion16_fusionL1_fusionBN0_drop0p1__wd1e-04trmiss40_trlocglobal,32,0.0001,0.0001,1,16,1,False,0.1,lr1e-04_bs32_modL1_fusion16_fusionL1_fusionBN0_drop0p1__wd1e-04trmiss40_trlocglobal,22,0.5554120937983195,0.6902607679367065,0.5276679841897233,0.5910313001646115,0.5333333333333333,0.0,0.0,0.0,0.0,0.0,0.0,0.0,0.0,0.0,,,,,18473,global,0.4
5,3,lr1e-04_bs32_modL1_fusion16_fusionL1_fusionBN0_drop0p1__wd1e-04trmiss40_trlocglobal,32,0.0001,0.0001,1,16,1,False,0.1,lr1e-04_bs32_modL1_fusion16_fusionL1_fusionBN0_drop0p1__wd1e-04trmiss40_trlocglobal,23,0.5502897600332896,0.6887013912200928,0.5276679841897234,0.5909714233233885,0.5555555555555556,0.0,0.0,0.0,0.0,0.0,0.0,0.0,0.0,0.0,,,,,18473,global,0.4
5,3,lr1e-04_bs32_modL1_fusion16_fusionL1_fusionBN0_drop0p1__wd1e-04trmiss40_trlocglobal,32,0.0001,0.0001,1,16,1,False,0.1,lr1e-04_bs32_modL1_fusion16_fusionL1_fusionBN0_drop0p1__wd1e-04trmiss40_trlocglobal,24,0.5557885666688284,0.6878008842468262,0.5276679841897233,0.5907085019471011,0.5333333333333333,0.0,0.0,0.0,0.0,0.0,0.0,0.0,0.0,0.0,,,,,18473,global,0.4
5,3,lr1e-04_bs32_modL1_fusion16_fusionL1_fusionBN0_drop0p1__wd1e-04trmiss40_trlocglobal,32,0.0001,0.0001,1,16,1,False,0.1,lr1e-04_bs32_modL1_fusion16_fusionL1_fusionBN0_drop0p1__wd1e-04trmiss40_trlocglobal,25,0.5461331804593405,0.6880107820034027,0.5434782608695652,0.6055612785109015,0.5777777777777777,0.0,0.0,0.0,0.0,0.0,0.0,0.0,0.0,0.0,,,,,18473,global,0.4
5,3,lr1e-04_bs32_modL1_fusion32_fusionL1_fusionBN0_drop0p2__wd1e-04trmiss40_trlocglobal,32,0.0001,0.0001,1,32,1,False,0.2,lr1e-04_bs32_modL1_fusion32_fusionL1_fusionBN0_drop0p2__wd1e-04trmiss40_trlocglobal,1,0.7004610200723013,0.6937893629074097,0.4407114624505929,0.498080087126345,0.4222222222222222,0.0,0.0,0.0,0.0,0.0,0.0,0.0,0.0,0.0,,,,,18473,global,0.4
5,3,lr1e-04_bs32_modL1_fusion32_fusionL1_fusionBN0_drop0p2__wd1e-04trmiss40_trlocglobal,32,0.0001,0.0001,1,32,1,False,0.2,lr1e-04_bs32_modL1_fusion32_fusionL1_fusionBN0_drop0p2__wd1e-04trmiss40_trlocglobal,2,0.6836754083633423,0.690920889377594,0.4407114624505929,0.5005895672079012,0.4222222222222222,0.0,0.0,0.0,0.0,0.0,0.0,0.0,0.0,0.0,,,,,18473,global,0.4
5,3,lr1e-04_bs32_modL1_fusion32_fusionL1_fusionBN0_drop0p2__wd1e-04trmiss40_trlocglobal,32,0.0001,0.0001,1,32,1,False,0.2,lr1e-04_bs32_modL1_fusion32_fusionL1_fusionBN0_drop0p2__wd1e-04trmiss40_trlocglobal,3,0.6644086539745331,0.6906476318836212,0.46837944664031617,0.5063527787745017,0.4444444444444444,0.0,0.0,0.0,0.0,0.0,0.0,0.0,0.0,0.0,,,,,18473,global,0.4
5,3,lr1e-04_bs32_modL1_fusion32_fusionL1_fusionBN0_drop0p2__wd1e-04trmiss40_trlocglobal,32,0.0001,0.0001,1,32,1,False,0.2,lr1e-04_bs32_modL1_fusion32_fusionL1_fusionBN0_drop0p2__wd1e-04trmiss40_trlocglobal,4,0.6520731250445048,0.6908269822597504,0.46640316205533594,0.5054100891553316,0.37777777777777777,0.0,0.0,0.0,0.0,0.0,0.0,0.0,0.0,0.0,,,,,18473,global,0.4
5,3,lr1e-04_bs32_modL1_fusion32_fusionL1_fusionBN0_drop0p2__wd1e-04trmiss40_trlocglobal,32,0.0001,0.0001,1,32,1,False,0.2,lr1e-04_bs32_modL1_fusion32_fusionL1_fusionBN0_drop0p2__wd1e-04trmiss40_trlocglobal,5,0.642550547917684,0.6893191337585449,0.4782608695652174,0.5110826243862493,0.4444444444444444,0.0,0.0,0.0,0.0,0.0,0.0,0.0,0.0,0.0,,,,,18473,global,0.4
5,3,lr1e-04_bs32_modL1_fusion32_fusionL1_fusionBN0_drop0p2__wd1e-04trmiss40_trlocglobal,32,0.0001,0.0001,1,32,1,False,0.2,lr1e-04_bs32_modL1_fusion32_fusionL1_fusionBN0_drop0p2__wd1e-04trmiss40_trlocglobal,6,0.6415613492329916,0.6891869306564331,0.4762845849802371,0.510367561739083,0.4666666666666667,0.0,0.0,0.0,0.0,0.0,0.0,0.0,0.0,0.0,,,,,18473,global,0.4
5,3,lr1e-04_bs32_modL1_fusion32_fusionL1_fusionBN0_drop0p2__wd1e-04trmiss40_trlocglobal,32,0.0001,0.0001,1,32,1,False,0.2,lr1e-04_bs32_modL1_fusion32_fusionL1_fusionBN0_drop0p2__wd1e-04trmiss40_trlocglobal,7,0.6246754825115204,0.6901011168956757,0.48221343873517786,0.5094235314582432,0.4666666666666667,0.0,0.0,0.0,0.0,0.0,0.0,0.0,0.0,0.0,,,,,18473,global,0.4
5,3,lr1e-04_bs32_modL1_fusion32_fusionL1_fusionBN0_drop0p2__wd1e-04trmiss40_trlocglobal,32,0.0001,0.0001,1,32,1,False,0.2,lr1e-04_bs32_modL1_fusion32_fusionL1_fusionBN0_drop0p2__wd1e-04trmiss40_trlocglobal,8,0.6179524858792623,0.6913118958473206,0.4683794466403162,0.5012031822736053,0.4888888888888889,0.0,0.0,0.0,0.0,0.0,0.0,0.0,0.0,0.0,,,,,18473,global,0.4
5,3,lr1e-04_bs32_modL1_fusion32_fusionL1_fusionBN0_drop0p2__wd1e-04trmiss40_trlocglobal,32,0.0001,0.0001,1,32,1,False,0.2,lr1e-04_bs32_modL1_fusion32_fusionL1_fusionBN0_drop0p2__wd1e-04trmiss40_trlocglobal,9,0.6142041782538096,0.6917464137077332,0.4505928853754941,0.49402232457816364,0.4444444444444444,0.0,0.0,0.0,0.0,0.0,0.0,0.0,0.0,0.0,,,,,18473,global,0.4
5,3,lr1e-04_bs32_modL1_fusion32_fusionL1_fusionBN0_drop0p2__wd1e-04trmiss40_trlocglobal,32,0.0001,0.0001,1,32,1,False,0.2,lr1e-04_bs32_modL1_fusion32_fusionL1_fusionBN0_drop0p2__wd1e-04trmiss40_trlocglobal,10,0.6051959296067556,0.6900995075702667,0.4565217391304348,0.49974805957337665,0.4222222222222222,0.0,0.0,0.0,0.0,0.0,0.0,0.0,0.0,0.0,,,,,18473,global,0.4
5,3,lr1e-04_bs32_modL1_fusion32_fusionL1_fusionBN0_drop0p2__wd1e-04trmiss40_trlocglobal,32,0.0001,0.0001,1,32,1,False,0.2,lr1e-04_bs32_modL1_fusion32_fusionL1_fusionBN0_drop0p2__wd1e-04trmiss40_trlocglobal,11,0.6012629667917887,0.6910384297370911,0.45849802371541504,0.5020104258580433,0.4444444444444444,0.0,0.0,0.0,0.0,0.0,0.0,0.0,0.0,0.0,,,,,18473,global,0.4
5,3,lr1e-04_bs32_modL1_fusion32_fusionL1_fusionBN0_drop0p2__wd1e-04trmiss40_trlocglobal,32,0.0001,0.0001,1,32,1,False,0.2,lr1e-04_bs32_modL1_fusion32_fusionL1_fusionBN0_drop0p2__wd1e-04trmiss40_trlocglobal,12,0.5922154784202576,0.6913595795631409,0.4703557312252964,0.5077097639163596,0.4444444444444444,0.0,0.0,0.0,0.0,0.0,0.0,0.0,0.0,0.0,,,,,18473,global,0.4
5,3,lr1e-04_bs32_modL1_fusion32_fusionL1_fusionBN0_drop0p2__wd1e-04trmiss40_trlocglobal,32,0.0001,0.0001,1,32,1,False,0.2,lr1e-04_bs32_modL1_fusion32_fusionL1_fusionBN0_drop0p2__wd1e-04trmiss40_trlocglobal,13,0.5873929262161255,0.6944045424461365,0.45849802371541504,0.5032297354430155,0.4444444444444444,0.0,0.0,0.0,0.0,0.0,0.0,0.0,0.0,0.0,,,,,18473,global,0.4
5,3,lr1e-04_bs32_modL1_fusion32_fusionL1_fusionBN0_drop0p2__wd1e-04trmiss40_trlocglobal,32,0.0001,0.0001,1,32,1,False,0.2,lr1e-04_bs32_modL1_fusion32_fusionL1_fusionBN0_drop0p2__wd1e-04trmiss40_trlocglobal,14,0.5821070869763693,0.696790874004364,0.44664031620553357,0.5005524318776724,0.4222222222222222,0.0,0.0,0.0,0.0,0.0,0.0,0.0,0.0,0.0,,,,,18473,global,0.4
5,3,lr1e-04_bs32_modL1_fusion32_fusionL1_fusionBN0_drop0p2__wd1e-04trmiss40_trlocglobal,32,0.0001,0.0001,1,32,1,False,0.2,lr1e-04_bs32_modL1_fusion32_fusionL1_fusionBN0_drop0p2__wd1e-04trmiss40_trlocglobal,15,0.5709902048110962,0.6986376345157623,0.450592885375494,0.5001420019645811,0.4444444444444444,0.0,0.0,0.0,0.0,0.0,0.0,0.0,0.0,0.0,,,,,18473,global,0.4
5,3,lr1e-04_bs32_modL1_fusion32_fusionL1_fusionBN0_drop0p2__wd1e-04trmiss40_trlocglobal,32,0.0001,0.0001,1,32,1,False,0.2,lr1e-04_bs32_modL1_fusion32_fusionL1_fusionBN0_drop0p2__wd1e-04trmiss40_trlocglobal,16,0.573581208785375,0.699125349521637,0.4604743083003952,0.5028816983421042,0.4888888888888889,0.0,0.0,0.0,0.0,0.0,0.0,0.0,0.0,0.0,,,,,18473,global,0.4
5,3,lr1e-04_bs32_modL1_fusion32_fusionL1_fusionBN0_drop0p2__wd1e-04trmiss40_trlocglobal,32,0.0001,0.0001,1,32,1,False,0.2,lr1e-04_bs32_modL1_fusion32_fusionL1_fusionBN0_drop0p2__wd1e-04trmiss40_trlocglobal,17,0.5688617626825968,0.7028090059757233,0.45454545454545453,0.5041494884181954,0.4666666666666667,0.0,0.0,0.0,0.0,0.0,0.0,0.0,0.0,0.0,,,,,18473,global,0.4
5,3,lr1e-04_bs32_modL1_fusion32_fusionL1_fusionBN0_drop0p2__wd1e-04trmiss40_trlocglobal,32,0.0001,0.0001,1,32,1,False,0.2,lr1e-04_bs32_modL1_fusion32_fusionL1_fusionBN0_drop0p2__wd1e-04trmiss40_trlocglobal,18,0.5453348557154337,0.7089884281158447,0.45059288537549397,0.5068090355010864,0.4666666666666667,0.0,0.0,0.0,0.0,0.0,0.0,0.0,0.0,0.0,,,,,18473,global,0.4
5,3,lr1e-04_bs32_modL1_fusion32_fusionL1_fusionBN0_drop0p2__wd1e-04trmiss40_trlocglobal,32,0.0001,0.0001,1,32,1,False,0.2,lr1e-04_bs32_modL1_fusion32_fusionL1_fusionBN0_drop0p2__wd1e-04trmiss40_trlocglobal,19,0.5609049797058105,0.7046707272529602,0.47430830039525695,0.520573321729204,0.4888888888888889,0.0,0.0,0.0,0.0,0.0,0.0,0.0,0.0,0.0,,,,,18473,global,0.4
5,3,lr1e-04_bs32_modL1_fusion32_fusionL1_fusionBN0_drop0p2__wd1e-04trmiss40_trlocglobal,32,0.0001,0.0001,1,32,1,False,0.2,lr1e-04_bs32_modL1_fusion32_fusionL1_fusionBN0_drop0p2__wd1e-04trmiss40_trlocglobal,20,0.5403589904308319,0.7007145285606384,0.4723320158102766,0.5234069768552649,0.4444444444444444,0.0,0.0,0.0,0.0,0.0,0.0,0.0,0.0,0.0,,,,,18473,global,0.4
5,3,lr1e-04_bs32_modL1_fusion32_fusionL1_fusionBN0_drop0p2__wd1e-04trmiss40_trlocglobal,32,0.0001,0.0001,1,32,1,False,0.2,lr1e-04_bs32_modL1_fusion32_fusionL1_fusionBN0_drop0p2__wd1e-04trmiss40_trlocglobal,21,0.5349959234396616,0.7039026021957397,0.48023715415019763,0.5439669625211133,0.4666666666666667,0.0,0.0,0.0,0.0,0.0,0.0,0.0,0.0,0.0,,,,,18473,global,0.4
5,3,lr1e-04_bs32_modL1_fusion32_fusionL1_fusionBN0_drop0p2__wd1e-04trmiss40_trlocglobal,32,0.0001,0.0001,1,32,1,False,0.2,lr1e-04_bs32_modL1_fusion32_fusionL1_fusionBN0_drop0p2__wd1e-04trmiss40_trlocglobal,22,0.5402239859104156,0.7072824537754059,0.4762845849802371,0.5408446486746702,0.4666666666666667,0.0,0.0,0.0,0.0,0.0,0.0,0.0,0.0,0.0,,,,,18473,global,0.4
5,3,lr1e-04_bs32_modL1_fusion32_fusionL1_fusionBN0_drop0p2__wd1e-04trmiss40_trlocglobal,32,0.0001,0.0001,1,32,1,False,0.2,lr1e-04_bs32_modL1_fusion32_fusionL1_fusionBN0_drop0p2__wd1e-04trmiss40_trlocglobal,23,0.5338480273882548,0.7066008448600769,0.466403162055336,0.5385969510197248,0.4444444444444444,0.0,0.0,0.0,0.0,0.0,0.0,0.0,0.0,0.0,,,,,18473,global,0.4
5,3,lr1e-04_bs32_modL1_fusion32_fusionL1_fusionBN0_drop0p2__wd1e-04trmiss40_trlocglobal,32,0.0001,0.0001,1,32,1,False,0.2,lr1e-04_bs32_modL1_fusion32_fusionL1_fusionBN0_drop0p2__wd1e-04trmiss40_trlocglobal,24,0.5281260907649994,0.7071351408958435,0.4644268774703557,0.5311653254357676,0.4888888888888889,0.0,0.0,0.0,0.0,0.0,0.0,0.0,0.0,0.0,,,,,18473,global,0.4
5,3,lr1e-04_bs32_modL1_fusion32_fusionL1_fusionBN0_drop0p2__wd1e-04trmiss40_trlocglobal,32,0.0001,0.0001,1,32,1,False,0.2,lr1e-04_bs32_modL1_fusion32_fusionL1_fusionBN0_drop0p2__wd1e-04trmiss40_trlocglobal,25,0.5148976643880209,0.7029699385166168,0.48616600790513836,0.5462199151888896,0.5333333333333333,0.0,0.0,0.0,0.0,0.0,0.0,0.0,0.0,0.0,,,,,18473,global,0.4
5,3,lr1e-04_bs32_modL1_fusion32_fusionL1_fusionBN0_drop0p2__wd1e-04trmiss40_trlocglobal,32,0.0001,0.0001,1,32,1,False,0.2,lr1e-04_bs32_modL1_fusion32_fusionL1_fusionBN0_drop0p2__wd1e-04trmiss40_trlocglobal,26,0.5123332838217417,0.6968697905540466,0.49011857707509887,0.5423996683413174,0.5555555555555556,0.0,0.0,0.0,0.0,0.0,0.0,0.0,0.0,0.0,,,,,18473,global,0.4
5,3,lr1e-04_bs32_modL1_fusion32_fusionL1_fusionBN0_drop0p2__wd1e-04trmiss40_trlocglobal,32,0.0001,0.0001,1,32,1,False,0.2,lr1e-04_bs32_modL1_fusion32_fusionL1_fusionBN0_drop0p2__wd1e-04trmiss40_trlocglobal,27,0.5082087765137354,0.7018263041973114,0.48616600790513836,0.5426708285890475,0.4888888888888889,0.0,0.0,0.0,0.0,0.0,0.0,0.0,0.0,0.0,,,,,18473,global,0.4
5,3,lr1e-04_bs32_modL1_fusion32_fusionL1_fusionBN0_drop0p2__wd1e-04trmiss40_trlocglobal,32,0.0001,0.0001,1,32,1,False,0.2,lr1e-04_bs32_modL1_fusion32_fusionL1_fusionBN0_drop0p2__wd1e-04trmiss40_trlocglobal,28,0.5045660634835561,0.7046140134334564,0.4723320158102767,0.5345317017522261,0.5111111111111111,0.0,0.0,0.0,0.0,0.0,0.0,0.0,0.0,0.0,,,,,18473,global,0.4
5,3,lr1e-04_bs32_modL1_fusion32_fusionL1_fusionBN0_drop0p2__wd1e-04trmiss40_trlocglobal,32,0.0001,0.0001,1,32,1,False,0.2,lr1e-04_bs32_modL1_fusion32_fusionL1_fusionBN0_drop0p2__wd1e-04trmiss40_trlocglobal,29,0.4894715795914332,0.7118600010871887,0.44664031620553357,0.5194420063453209,0.4444444444444444,0.0,0.0,0.0,0.0,0.0,0.0,0.0,0.0,0.0,,,,,18473,global,0.4
5,3,lr1e-04_bs32_modL1_fusion32_fusionL1_fusionBN0_drop0p2__wd1e-04trmiss40_trlocglobal,32,0.0001,0.0001,1,32,1,False,0.2,lr1e-04_bs32_modL1_fusion32_fusionL1_fusionBN0_drop0p2__wd1e-04trmiss40_trlocglobal,30,0.4961208403110504,0.7182691693305969,0.43675889328063244,0.5157294858692693,0.4444444444444444,0.0,0.0,0.0,0.0,0.0,0.0,0.0,0.0,0.0,,,,,18473,global,0.4
5,3,lr1e-04_bs32_modL1_fusion32_fusionL1_fusionBN0_drop0p2__wd1e-04trmiss40_trlocglobal,32,0.0001,0.0001,1,32,1,False,0.2,lr1e-04_bs32_modL1_fusion32_fusionL1_fusionBN0_drop0p2__wd1e-04trmiss40_trlocglobal,31,0.4810584286848704,0.7161323726177216,0.43675889328063244,0.5027804233419452,0.4666666666666667,0.0,0.0,0.0,0.0,0.0,0.0,0.0,0.0,0.0,,,,,18473,global,0.4
5,3,lr1e-04_bs32_modL1_fusion32_fusionL1_fusionBN0_drop0p2__wd1e-04trmiss40_trlocglobal,32,0.0001,0.0001,1,32,1,False,0.2,lr1e-04_bs32_modL1_fusion32_fusionL1_fusionBN0_drop0p2__wd1e-04trmiss40_trlocglobal,32,0.488979106148084,0.7125820219516754,0.4644268774703557,0.5193011273498614,0.5111111111111111,0.0,0.0,0.0,0.0,0.0,0.0,0.0,0.0,0.0,,,,,18473,global,0.4
5,3,lr1e-04_bs32_modL1_fusion32_fusionL1_fusionBN0_drop0p2__wd1e-04trmiss40_trlocglobal,32,0.0001,0.0001,1,32,1,False,0.2,lr1e-04_bs32_modL1_fusion32_fusionL1_fusionBN0_drop0p2__wd1e-04trmiss40_trlocglobal,33,0.49091335634390515,0.7106373906135559,0.4723320158102767,0.5216854429416548,0.5111111111111111,0.0,0.0,0.0,0.0,0.0,0.0,0.0,0.0,0.0,,,,,18473,global,0.4
5,3,lr1e-04_bs32_modL1_fusion32_fusionL1_fusionBN0_drop0p2__wd1e-04trmiss40_trlocglobal,32,0.0001,0.0001,1,32,1,False,0.2,lr1e-04_bs32_modL1_fusion32_fusionL1_fusionBN0_drop0p2__wd1e-04trmiss40_trlocglobal,34,0.4675416400035222,0.7133196592330933,0.46047430830039526,0.5261915766379627,0.4888888888888889,0.0,0.0,0.0,0.0,0.0,0.0,0.0,0.0,0.0,,,,,18473,global,0.4
5,3,lr1e-04_bs32_modL1_fusion32_fusionL1_fusionBN0_drop0p2__wd1e-04trmiss40_trlocglobal,32,0.0001,0.0001,1,32,1,False,0.2,lr1e-04_bs32_modL1_fusion32_fusionL1_fusionBN0_drop0p2__wd1e-04trmiss40_trlocglobal,35,0.4692206879456838,0.7124252915382385,0.466403162055336,0.5283378646439638,0.4666666666666667,0.0,0.0,0.0,0.0,0.0,0.0,0.0,0.0,0.0,,,,,18473,global,0.4
5,3,lr1e-04_bs32_modL1_fusion32_fusionL1_fusionBN0_drop0p2__wd1e-04trmiss40_trlocglobal,32,0.0001,0.0001,1,32,1,False,0.2,lr1e-04_bs32_modL1_fusion32_fusionL1_fusionBN0_drop0p2__wd1e-04trmiss40_trlocglobal,36,0.4620770215988159,0.7125816643238068,0.47035573122529645,0.5325052946908112,0.4666666666666667,0.0,0.0,0.0,0.0,0.0,0.0,0.0,0.0,0.0,,,,,18473,global,0.4
5,3,lr1e-04_bs32_modL1_fusion32_fusionL1_fusionBN0_drop0p2__wd1e-04trmiss40_trlocglobal,32,0.0001,0.0001,1,32,1,False,0.2,lr1e-04_bs32_modL1_fusion32_fusionL1_fusionBN0_drop0p2__wd1e-04trmiss40_trlocglobal,37,0.4617827981710434,0.7150290012359619,0.46640316205533594,0.5311133618215217,0.4888888888888889,0.0,0.0,0.0,0.0,0.0,0.0,0.0,0.0,0.0,,,,,18473,global,0.4
5,3,lr1e-04_bs32_modL1_fusion32_fusionL1_fusionBN0_drop0p2__wd1e-04trmiss40_trlocglobal,32,0.0001,0.0001,1,32,1,False,0.2,lr1e-04_bs32_modL1_fusion32_fusionL1_fusionBN0_drop0p2__wd1e-04trmiss40_trlocglobal,38,0.4486985703309377,0.7145977020263672,0.4624505928853755,0.5283707684700277,0.4888888888888889,0.0,0.0,0.0,0.0,0.0,0.0,0.0,0.0,0.0,,,,,18473,global,0.4
5,3,lr1e-04_bs32_modL1_fusion32_fusionL1_fusionBN0_drop0p2__wd1e-04trmiss40_trlocglobal,32,0.0001,0.0001,1,32,1,False,0.2,lr1e-04_bs32_modL1_fusion32_fusionL1_fusionBN0_drop0p2__wd1e-04trmiss40_trlocglobal,39,0.44502975543340045,0.7202886641025543,0.45849802371541504,0.5276543182861458,0.4888888888888889,0.0,0.0,0.0,0.0,0.0,0.0,0.0,0.0,0.0,,,,,18473,global,0.4
5,3,lr1e-04_bs32_modL1_fusion32_fusionL1_fusionBN0_drop0p2__wd1e-04trmiss40_trlocglobal,32,0.0001,0.0001,1,32,1,False,0.2,lr1e-04_bs32_modL1_fusion32_fusionL1_fusionBN0_drop0p2__wd1e-04trmiss40_trlocglobal,40,0.44726790487766266,0.7200149297714233,0.4624505928853755,0.5301314870962666,0.4888888888888889,0.0,0.0,0.0,0.0,0.0,0.0,0.0,0.0,0.0,,,,,18473,global,0.4
5,3,lr1e-04_bs32_modL1_fusion32_fusionL1_fusionBN0_drop0p2__wd1e-04trmiss40_trlocglobal,32,0.0001,0.0001,1,32,1,False,0.2,lr1e-04_bs32_modL1_fusion32_fusionL1_fusionBN0_drop0p2__wd1e-04trmiss40_trlocglobal,41,0.4355008800824483,0.7179813086986542,0.466403162055336,0.5319177413402473,0.4666666666666667,0.0,0.0,0.0,0.0,0.0,0.0,0.0,0.0,0.0,,,,,18473,global,0.4
5,3,lr1e-04_bs32_modL1_fusion32_fusionL1_fusionBN0_drop0p2__wd1e-04trmiss40_trlocglobal,32,0.0001,0.0001,1,32,1,False,0.2,lr1e-04_bs32_modL1_fusion32_fusionL1_fusionBN0_drop0p2__wd1e-04trmiss40_trlocglobal,42,0.44080181419849396,0.716526061296463,0.4624505928853755,0.5286176090343605,0.4888888888888889,0.0,0.0,0.0,0.0,0.0,0.0,0.0,0.0,0.0,,,,,18473,global,0.4
5,3,lr1e-04_bs32_modL1_fusion32_fusionL1_fusionBN0_drop0p2__wd1e-04trmiss40_trlocglobal,32,0.0001,0.0001,1,32,1,False,0.2,lr1e-04_bs32_modL1_fusion32_fusionL1_fusionBN0_drop0p2__wd1e-04trmiss40_trlocglobal,43,0.4376813471317291,0.7240864634513855,0.4446640316205533,0.5209550523968843,0.4444444444444444,0.0,0.0,0.0,0.0,0.0,0.0,0.0,0.0,0.0,,,,,18473,global,0.4
5,3,lr1e-04_bs32_modL1_fusion32_fusionL1_fusionBN0_drop0p2__wd1e-04trmiss40_trlocglobal,32,0.0001,0.0001,1,32,1,False,0.2,lr1e-04_bs32_modL1_fusion32_fusionL1_fusionBN0_drop0p2__wd1e-04trmiss40_trlocglobal,44,0.4318310221036275,0.7261345982551575,0.43873517786561267,0.518156785613199,0.4888888888888889,0.0,0.0,0.0,0.0,0.0,0.0,0.0,0.0,0.0,,,,,18473,global,0.4
5,3,lr1e-04_bs32_modL1_fusion32_fusionL1_fusionBN0_drop0p2__wd1e-04trmiss40_trlocglobal,32,0.0001,0.0001,1,32,1,False,0.2,lr1e-04_bs32_modL1_fusion32_fusionL1_fusionBN0_drop0p2__wd1e-04trmiss40_trlocglobal,45,0.4279462645451228,0.722408801317215,0.4367588932806324,0.5168972854762209,0.4666666666666667,0.0,0.0,0.0,0.0,0.0,0.0,0.0,0.0,0.0,,,,,18473,global,0.4
5,3,lr1e-04_bs32_modL1_fusion32_fusionL1_fusionBN0_drop0p2__wd1e-04trmiss40_trlocglobal,32,0.0001,0.0001,1,32,1,False,0.2,lr1e-04_bs32_modL1_fusion32_fusionL1_fusionBN0_drop0p2__wd1e-04trmiss40_trlocglobal,46,0.42629609008630115,0.7189294993877411,0.45849802371541504,0.5264474854098017,0.5111111111111111,0.0,0.0,0.0,0.0,0.0,0.0,0.0,0.0,0.0,,,,,18473,global,0.4
5,3,lr1e-04_bs32_modL1_fusion32_fusionL1_fusionBN0_drop0p1__wd1e-04trmiss40_trlocglobal,32,0.0001,0.0001,1,32,1,False,0.1,lr1e-04_bs32_modL1_fusion32_fusionL1_fusionBN0_drop0p1__wd1e-04trmiss40_trlocglobal,1,0.6917311350504557,0.7004204988479614,0.5296442687747036,0.6455359695446359,0.5111111111111111,0.0,0.0,0.0,0.0,0.0,0.0,0.0,0.0,0.0,,,,,18473,global,0.4
5,3,lr1e-04_bs32_modL1_fusion32_fusionL1_fusionBN0_drop0p1__wd1e-04trmiss40_trlocglobal,32,0.0001,0.0001,1,32,1,False,0.1,lr1e-04_bs32_modL1_fusion32_fusionL1_fusionBN0_drop0p1__wd1e-04trmiss40_trlocglobal,2,0.6615571777025858,0.7021317780017853,0.5039525691699605,0.61423035785875,0.5111111111111111,0.0,0.0,0.0,0.0,0.0,0.0,0.0,0.0,0.0,,,,,18473,global,0.4
5,3,lr1e-04_bs32_modL1_fusion32_fusionL1_fusionBN0_drop0p1__wd1e-04trmiss40_trlocglobal,32,0.0001,0.0001,1,32,1,False,0.1,lr1e-04_bs32_modL1_fusion32_fusionL1_fusionBN0_drop0p1__wd1e-04trmiss40_trlocglobal,3,0.6488490303357443,0.7033583223819733,0.4861660079051383,0.5796464645995595,0.4888888888888889,0.0,0.0,0.0,0.0,0.0,0.0,0.0,0.0,0.0,,,,,18473,global,0.4
5,3,lr1e-04_bs32_modL1_fusion32_fusionL1_fusionBN0_drop0p1__wd1e-04trmiss40_trlocglobal,32,0.0001,0.0001,1,32,1,False,0.1,lr1e-04_bs32_modL1_fusion32_fusionL1_fusionBN0_drop0p1__wd1e-04trmiss40_trlocglobal,4,0.638267308473587,0.7029705047607422,0.48616600790513836,0.5585837950968513,0.4888888888888889,0.0,0.0,0.0,0.0,0.0,0.0,0.0,0.0,0.0,,,,,18473,global,0.4
5,3,lr1e-04_bs32_modL1_fusion32_fusionL1_fusionBN0_drop0p1__wd1e-04trmiss40_trlocglobal,32,0.0001,0.0001,1,32,1,False,0.1,lr1e-04_bs32_modL1_fusion32_fusionL1_fusionBN0_drop0p1__wd1e-04trmiss40_trlocglobal,5,0.6382497847080231,0.7014151811599731,0.4980237154150197,0.5669534011976228,0.4666666666666667,0.0,0.0,0.0,0.0,0.0,0.0,0.0,0.0,0.0,,,,,18473,global,0.4
5,3,lr1e-04_bs32_modL1_fusion32_fusionL1_fusionBN0_drop0p1__wd1e-04trmiss40_trlocglobal,32,0.0001,0.0001,1,32,1,False,0.1,lr1e-04_bs32_modL1_fusion32_fusionL1_fusionBN0_drop0p1__wd1e-04trmiss40_trlocglobal,6,0.6289808551470438,0.6973014175891876,0.5454545454545454,0.5988448122531801,0.4888888888888889,0.0,0.0,0.0,0.0,0.0,0.0,0.0,0.0,0.0,,,,,18473,global,0.4
5,3,lr1e-04_bs32_modL1_fusion32_fusionL1_fusionBN0_drop0p1__wd1e-04trmiss40_trlocglobal,32,0.0001,0.0001,1,32,1,False,0.1,lr1e-04_bs32_modL1_fusion32_fusionL1_fusionBN0_drop0p1__wd1e-04trmiss40_trlocglobal,7,0.620666484038035,0.6963967680931091,0.5652173913043478,0.6134011487085782,0.4888888888888889,0.0,0.0,0.0,0.0,0.0,0.0,0.0,0.0,0.0,,,,,18473,global,0.4
5,3,lr1e-04_bs32_modL1_fusion32_fusionL1_fusionBN0_drop0p1__wd1e-04trmiss40_trlocglobal,32,0.0001,0.0001,1,32,1,False,0.1,lr1e-04_bs32_modL1_fusion32_fusionL1_fusionBN0_drop0p1__wd1e-04trmiss40_trlocglobal,8,0.6158302128314972,0.7008523344993591,0.5454545454545454,0.6028746466289341,0.4888888888888889,0.0,0.0,0.0,0.0,0.0,0.0,0.0,0.0,0.0,,,,,18473,global,0.4
5,3,lr1e-04_bs32_modL1_fusion32_fusionL1_fusionBN0_drop0p1__wd1e-04trmiss40_trlocglobal,32,0.0001,0.0001,1,32,1,False,0.1,lr1e-04_bs32_modL1_fusion32_fusionL1_fusionBN0_drop0p1__wd1e-04trmiss40_trlocglobal,9,0.604621430238088,0.7004491090774536,0.5434782608695652,0.6003423579594865,0.4666666666666667,0.0,0.0,0.0,0.0,0.0,0.0,0.0,0.0,0.0,,,,,18473,global,0.4
5,3,lr1e-04_bs32_modL1_fusion32_fusionL1_fusionBN0_drop0p1__wd1e-04trmiss40_trlocglobal,32,0.0001,0.0001,1,32,1,False,0.1,lr1e-04_bs32_modL1_fusion32_fusionL1_fusionBN0_drop0p1__wd1e-04trmiss40_trlocglobal,10,0.5994176963965098,0.7003021240234375,0.5375494071146244,0.5908008658008658,0.4888888888888889,0.0,0.0,0.0,0.0,0.0,0.0,0.0,0.0,0.0,,,,,18473,global,0.4
5,3,lr1e-04_bs32_modL1_fusion32_fusionL1_fusionBN0_drop0p1__wd1e-04trmiss40_trlocglobal,32,0.0001,0.0001,1,32,1,False,0.1,lr1e-04_bs32_modL1_fusion32_fusionL1_fusionBN0_drop0p1__wd1e-04trmiss40_trlocglobal,11,0.5857638219992319,0.7003353536128998,0.5276679841897234,0.5786871029858407,0.4666666666666667,0.0,0.0,0.0,0.0,0.0,0.0,0.0,0.0,0.0,,,,,18473,global,0.4
5,3,lr1e-04_bs32_modL1_fusion32_fusionL1_fusionBN0_drop0p1__wd1e-04trmiss40_trlocglobal,32,0.0001,0.0001,1,32,1,False,0.1,lr1e-04_bs32_modL1_fusion32_fusionL1_fusionBN0_drop0p1__wd1e-04trmiss40_trlocglobal,12,0.5825430154800415,0.7020822763442993,0.5375494071146245,0.5763662856340201,0.4666666666666667,0.0,0.0,0.0,0.0,0.0,0.0,0.0,0.0,0.0,,,,,18473,global,0.4
5,3,lr1e-04_bs32_modL1_fusion32_fusionL1_fusionBN0_drop0p1__wd1e-04trmiss40_trlocglobal,32,0.0001,0.0001,1,32,1,False,0.1,lr1e-04_bs32_modL1_fusion32_fusionL1_fusionBN0_drop0p1__wd1e-04trmiss40_trlocglobal,13,0.578235944112142,0.7033478617668152,0.5434782608695652,0.5784512264094115,0.4888888888888889,0.0,0.0,0.0,0.0,0.0,0.0,0.0,0.0,0.0,,,,,18473,global,0.4
5,3,lr1e-04_bs32_modL1_fusion32_fusionL1_fusionBN0_drop0p1__wd1e-04trmiss40_trlocglobal,32,0.0001,0.0001,1,32,1,False,0.1,lr1e-04_bs32_modL1_fusion32_fusionL1_fusionBN0_drop0p1__wd1e-04trmiss40_trlocglobal,14,0.5756940841674805,0.7024728655815125,0.5454545454545454,0.574734367091866,0.5111111111111111,0.0,0.0,0.0,0.0,0.0,0.0,0.0,0.0,0.0,,,,,18473,global,0.4
5,3,lr1e-04_bs32_modL1_fusion32_fusionL1_fusionBN0_drop0p1__wd1e-04trmiss40_trlocglobal,32,0.0001,0.0001,1,32,1,False,0.1,lr1e-04_bs32_modL1_fusion32_fusionL1_fusionBN0_drop0p1__wd1e-04trmiss40_trlocglobal,15,0.5668424467245737,0.7034959495067596,0.5375494071146245,0.5666651231165513,0.4888888888888889,0.0,0.0,0.0,0.0,0.0,0.0,0.0,0.0,0.0,,,,,18473,global,0.4
5,3,lr1e-04_bs32_modL1_fusion32_fusionL1_fusionBN0_drop0p1__wd1e-04trmiss40_trlocglobal,32,0.0001,0.0001,1,32,1,False,0.1,lr1e-04_bs32_modL1_fusion32_fusionL1_fusionBN0_drop0p1__wd1e-04trmiss40_trlocglobal,16,0.5597145259380341,0.7021581530570984,0.5375494071146245,0.567277388564723,0.5111111111111111,0.0,0.0,0.0,0.0,0.0,0.0,0.0,0.0,0.0,,,,,18473,global,0.4
5,3,lr1e-04_bs32_modL1_fusion32_fusionL1_fusionBN0_drop0p1__wd1e-04trmiss40_trlocglobal,32,0.0001,0.0001,1,32,1,False,0.1,lr1e-04_bs32_modL1_fusion32_fusionL1_fusionBN0_drop0p1__wd1e-04trmiss40_trlocglobal,17,0.5515784124533335,0.704277366399765,0.5217391304347826,0.5560656763222762,0.5333333333333333,0.0,0.0,0.0,0.0,0.0,0.0,0.0,0.0,0.0,,,,,18473,global,0.4
5,3,lr1e-04_bs32_modL1_fusion32_fusionL1_fusionBN0_drop0p1__wd1e-04trmiss40_trlocglobal,32,0.0001,0.0001,1,32,1,False,0.1,lr1e-04_bs32_modL1_fusion32_fusionL1_fusionBN0_drop0p1__wd1e-04trmiss40_trlocglobal,18,0.5443210105101267,0.7029018104076385,0.5276679841897234,0.5581009445318202,0.5777777777777777,0.0,0.0,0.0,0.0,0.0,0.0,0.0,0.0,0.0,,,,,18473,global,0.4
5,3,lr1e-04_bs32_modL1_fusion32_fusionL1_fusionBN0_drop0p1__wd1e-04trmiss40_trlocglobal,32,0.0001,0.0001,1,32,1,False,0.1,lr1e-04_bs32_modL1_fusion32_fusionL1_fusionBN0_drop0p1__wd1e-04trmiss40_trlocglobal,19,0.5406946341196696,0.7008640468120575,0.5355731225296442,0.5631030407500995,0.5555555555555556,0.0,0.0,0.0,0.0,0.0,0.0,0.0,0.0,0.0,,,,,18473,global,0.4
5,3,lr1e-04_bs32_modL1_fusion32_fusionL1_fusionBN0_drop0p1__wd1e-04trmiss40_trlocglobal,32,0.0001,0.0001,1,32,1,False,0.1,lr1e-04_bs32_modL1_fusion32_fusionL1_fusionBN0_drop0p1__wd1e-04trmiss40_trlocglobal,20,0.5399156014124552,0.6976893246173859,0.5513833992094862,0.5776340722443599,0.5777777777777777,0.0,0.0,0.0,0.0,0.0,0.0,0.0,0.0,0.0,,,,,18473,global,0.4
5,3,lr1e-04_bs32_modL1_fusion32_fusionL1_fusionBN0_drop0p1__wd1e-04trmiss40_trlocglobal,32,0.0001,0.0001,1,32,1,False,0.1,lr1e-04_bs32_modL1_fusion32_fusionL1_fusionBN0_drop0p1__wd1e-04trmiss40_trlocglobal,21,0.5249896943569183,0.6991647779941559,0.5454545454545455,0.5753835465431693,0.5111111111111111,0.0,0.0,0.0,0.0,0.0,0.0,0.0,0.0,0.0,,,,,18473,global,0.4
5,3,lr1e-04_bs32_modL1_fusion32_fusionL1_fusionBN0_drop0p1__wd1e-04trmiss40_trlocglobal,32,0.0001,0.0001,1,32,1,False,0.1,lr1e-04_bs32_modL1_fusion32_fusionL1_fusionBN0_drop0p1__wd1e-04trmiss40_trlocglobal,22,0.5202922224998474,0.6964355707168579,0.5434782608695652,0.5738126900418493,0.5333333333333333,0.0,0.0,0.0,0.0,0.0,0.0,0.0,0.0,0.0,,,,,18473,global,0.4
5,3,lr1e-04_bs32_modL1_fusion32_fusionL1_fusionBN0_drop0p1__wd1e-04trmiss40_trlocglobal,32,0.0001,0.0001,1,32,1,False,0.1,lr1e-04_bs32_modL1_fusion32_fusionL1_fusionBN0_drop0p1__wd1e-04trmiss40_trlocglobal,23,0.5156119217475256,0.6932895481586456,0.5434782608695652,0.5832528269842464,0.5777777777777777,0.0,0.0,0.0,0.0,0.0,0.0,0.0,0.0,0.0,,,,,18473,global,0.4
5,3,lr1e-04_bs32_modL1_fusion32_fusionL1_fusionBN0_drop0p1__wd1e-04trmiss40_trlocglobal,32,0.0001,0.0001,1,32,1,False,0.1,lr1e-04_bs32_modL1_fusion32_fusionL1_fusionBN0_drop0p1__wd1e-04trmiss40_trlocglobal,24,0.5195329884688059,0.6944733560085297,0.5335968379446641,0.5657484081738386,0.5777777777777777,0.0,0.0,0.0,0.0,0.0,0.0,0.0,0.0,0.0,,,,,18473,global,0.4
5,3,lr1e-04_bs32_modL1_fusion32_fusionL1_fusionBN0_drop0p1__wd1e-04trmiss40_trlocglobal,32,0.0001,0.0001,1,32,1,False,0.1,lr1e-04_bs32_modL1_fusion32_fusionL1_fusionBN0_drop0p1__wd1e-04trmiss40_trlocglobal,25,0.5046866834163666,0.6981050968170166,0.533596837944664,0.561931418699586,0.6,0.0,0.0,0.0,0.0,0.0,0.0,0.0,0.0,0.0,,,,,18473,global,0.4
5,3,lr1e-04_bs32_modL1_fusion32_fusionL1_fusionBN0_drop0p1__wd1e-04trmiss40_trlocglobal,32,0.0001,0.0001,1,32,1,False,0.1,lr1e-04_bs32_modL1_fusion32_fusionL1_fusionBN0_drop0p1__wd1e-04trmiss40_trlocglobal,26,0.494634931286176,0.6928530037403107,0.5474308300395256,0.5678077240865926,0.5777777777777777,0.0,0.0,0.0,0.0,0.0,0.0,0.0,0.0,0.0,,,,,18473,global,0.4
5,3,lr1e-04_bs32_modL1_fusion32_fusionL1_fusionBN0_drop0p1__wd1e-04trmiss40_trlocglobal,32,0.0001,0.0001,1,32,1,False,0.1,lr1e-04_bs32_modL1_fusion32_fusionL1_fusionBN0_drop0p1__wd1e-04trmiss40_trlocglobal,27,0.4973062326510747,0.6854102313518524,0.5632411067193677,0.5866288996534484,0.5777777777777777,0.0,0.0,0.0,0.0,0.0,0.0,0.0,0.0,0.0,,,,,18473,global,0.4
5,3,lr5e-05_bs32_modL1_fusion16_fusionL1_fusionBN0_drop0p2__wd1e-04trmiss40_trlocglobal,32,5e-05,0.0001,1,16,1,False,0.2,lr5e-05_bs32_modL1_fusion16_fusionL1_fusionBN0_drop0p2__wd1e-04trmiss40_trlocglobal,1,0.6992419759432474,0.69853276014328,0.4446640316205533,0.5712564395699056,0.4444444444444444,0.0,0.0,0.0,0.0,0.0,0.0,0.0,0.0,0.0,,,,,18473,global,0.4
5,3,lr5e-05_bs32_modL1_fusion16_fusionL1_fusionBN0_drop0p2__wd1e-04trmiss40_trlocglobal,32,5e-05,0.0001,1,16,1,False,0.2,lr5e-05_bs32_modL1_fusion16_fusionL1_fusionBN0_drop0p2__wd1e-04trmiss40_trlocglobal,2,0.6777294178803762,0.6980733275413513,0.46245059288537554,0.576294518422991,0.4666666666666667,0.0,0.0,0.0,0.0,0.0,0.0,0.0,0.0,0.0,,,,,18473,global,0.4
5,3,lr5e-05_bs32_modL1_fusion16_fusionL1_fusionBN0_drop0p2__wd1e-04trmiss40_trlocglobal,32,5e-05,0.0001,1,16,1,False,0.2,lr5e-05_bs32_modL1_fusion16_fusionL1_fusionBN0_drop0p2__wd1e-04trmiss40_trlocglobal,3,0.6737993756930033,0.6976872682571411,0.4683794466403163,0.5704964066650928,0.5111111111111111,0.0,0.0,0.0,0.0,0.0,0.0,0.0,0.0,0.0,,,,,18473,global,0.4
5,3,lr5e-05_bs32_modL1_fusion16_fusionL1_fusionBN0_drop0p2__wd1e-04trmiss40_trlocglobal,32,5e-05,0.0001,1,16,1,False,0.2,lr5e-05_bs32_modL1_fusion16_fusionL1_fusionBN0_drop0p2__wd1e-04trmiss40_trlocglobal,4,0.6662575006484985,0.6966144740581512,0.48616600790513836,0.5645233597300409,0.5111111111111111,0.0,0.0,0.0,0.0,0.0,0.0,0.0,0.0,0.0,,,,,18473,global,0.4
5,3,lr5e-05_bs32_modL1_fusion16_fusionL1_fusionBN0_drop0p2__wd1e-04trmiss40_trlocglobal,32,5e-05,0.0001,1,16,1,False,0.2,lr5e-05_bs32_modL1_fusion16_fusionL1_fusionBN0_drop0p2__wd1e-04trmiss40_trlocglobal,5,0.6622148156166077,0.695507824420929,0.5,0.5657876568860293,0.5555555555555556,0.0,0.0,0.0,0.0,0.0,0.0,0.0,0.0,0.0,,,,,18473,global,0.4
5,3,lr5e-05_bs32_modL1_fusion16_fusionL1_fusionBN0_drop0p2__wd1e-04trmiss40_trlocglobal,32,5e-05,0.0001,1,16,1,False,0.2,lr5e-05_bs32_modL1_fusion16_fusionL1_fusionBN0_drop0p2__wd1e-04trmiss40_trlocglobal,6,0.6512350042661031,0.6944769322872162,0.5158102766798418,0.5705030395742485,0.5333333333333333,0.0,0.0,0.0,0.0,0.0,0.0,0.0,0.0,0.0,,,,,18473,global,0.4
5,3,lr5e-05_bs32_modL1_fusion16_fusionL1_fusionBN0_drop0p2__wd1e-04trmiss40_trlocglobal,32,5e-05,0.0001,1,16,1,False,0.2,lr5e-05_bs32_modL1_fusion16_fusionL1_fusionBN0_drop0p2__wd1e-04trmiss40_trlocglobal,7,0.6484589874744415,0.6943327188491821,0.5118577075098814,0.5566578347536432,0.5333333333333333,0.0,0.0,0.0,0.0,0.0,0.0,0.0,0.0,0.0,,,,,18473,global,0.4
5,3,lr5e-05_bs32_modL1_fusion16_fusionL1_fusionBN0_drop0p2__wd1e-04trmiss40_trlocglobal,32,5e-05,0.0001,1,16,1,False,0.2,lr5e-05_bs32_modL1_fusion16_fusionL1_fusionBN0_drop0p2__wd1e-04trmiss40_trlocglobal,8,0.6400158504645029,0.6927865445613861,0.5098814229249011,0.5625543536936404,0.5333333333333333,0.0,0.0,0.0,0.0,0.0,0.0,0.0,0.0,0.0,,,,,18473,global,0.4
5,3,lr5e-05_bs32_modL1_fusion16_fusionL1_fusionBN0_drop0p2__wd1e-04trmiss40_trlocglobal,32,5e-05,0.0001,1,16,1,False,0.2,lr5e-05_bs32_modL1_fusion16_fusionL1_fusionBN0_drop0p2__wd1e-04trmiss40_trlocglobal,9,0.635433147350947,0.6927053332328796,0.5019762845849802,0.5544828809868241,0.5555555555555556,0.0,0.0,0.0,0.0,0.0,0.0,0.0,0.0,0.0,,,,,18473,global,0.4
5,3,lr5e-05_bs32_modL1_fusion16_fusionL1_fusionBN0_drop0p2__wd1e-04trmiss40_trlocglobal,32,5e-05,0.0001,1,16,1,False,0.2,lr5e-05_bs32_modL1_fusion16_fusionL1_fusionBN0_drop0p2__wd1e-04trmiss40_trlocglobal,10,0.6422345042228699,0.6918613314628601,0.5098814229249012,0.5559920916879063,0.5777777777777777,0.0,0.0,0.0,0.0,0.0,0.0,0.0,0.0,0.0,,,,,18473,global,0.4
5,3,lr5e-05_bs32_modL1_fusion16_fusionL1_fusionBN0_drop0p2__wd1e-04trmiss40_trlocglobal,32,5e-05,0.0001,1,16,1,False,0.2,lr5e-05_bs32_modL1_fusion16_fusionL1_fusionBN0_drop0p2__wd1e-04trmiss40_trlocglobal,11,0.6313561499118805,0.6914234757423401,0.5177865612648221,0.5615833326052342,0.5555555555555556,0.0,0.0,0.0,0.0,0.0,0.0,0.0,0.0,0.0,,,,,18473,global,0.4
5,3,lr5e-05_bs32_modL1_fusion16_fusionL1_fusionBN0_drop0p2__wd1e-04trmiss40_trlocglobal,32,5e-05,0.0001,1,16,1,False,0.2,lr5e-05_bs32_modL1_fusion16_fusionL1_fusionBN0_drop0p2__wd1e-04trmiss40_trlocglobal,12,0.6274760464827219,0.6919229924678802,0.5197628458498024,0.5656867171434012,0.6,0.0,0.0,0.0,0.0,0.0,0.0,0.0,0.0,0.0,,,,,18473,global,0.4
5,3,lr5e-05_bs32_modL1_fusion16_fusionL1_fusionBN0_drop0p2__wd1e-04trmiss40_trlocglobal,32,5e-05,0.0001,1,16,1,False,0.2,lr5e-05_bs32_modL1_fusion16_fusionL1_fusionBN0_drop0p2__wd1e-04trmiss40_trlocglobal,13,0.6304928561051687,0.6930694580078125,0.525691699604743,0.5699024655970176,0.5777777777777777,0.0,0.0,0.0,0.0,0.0,0.0,0.0,0.0,0.0,,,,,18473,global,0.4
5,3,lr5e-05_bs32_modL1_fusion16_fusionL1_fusionBN0_drop0p2__wd1e-04trmiss40_trlocglobal,32,5e-05,0.0001,1,16,1,False,0.2,lr5e-05_bs32_modL1_fusion16_fusionL1_fusionBN0_drop0p2__wd1e-04trmiss40_trlocglobal,14,0.6189025640487671,0.6935212314128876,0.5276679841897234,0.5699356800061086,0.5555555555555556,0.0,0.0,0.0,0.0,0.0,0.0,0.0,0.0,0.0,,,,,18473,global,0.4
5,3,lr5e-05_bs32_modL1_fusion16_fusionL1_fusionBN0_drop0p2__wd1e-04trmiss40_trlocglobal,32,5e-05,0.0001,1,16,1,False,0.2,lr5e-05_bs32_modL1_fusion16_fusionL1_fusionBN0_drop0p2__wd1e-04trmiss40_trlocglobal,15,0.6090231239795685,0.6921376883983612,0.5375494071146245,0.5749650189367597,0.5555555555555556,0.0,0.0,0.0,0.0,0.0,0.0,0.0,0.0,0.0,,,,,18473,global,0.4
5,3,lr5e-05_bs32_modL1_fusion16_fusionL1_fusionBN0_drop0p2__wd1e-04trmiss40_trlocglobal,32,5e-05,0.0001,1,16,1,False,0.2,lr5e-05_bs32_modL1_fusion16_fusionL1_fusionBN0_drop0p2__wd1e-04trmiss40_trlocglobal,16,0.6173974871635437,0.6909437477588654,0.5395256916996047,0.5780706089988714,0.5555555555555556,0.0,0.0,0.0,0.0,0.0,0.0,0.0,0.0,0.0,,,,,18473,global,0.4
5,3,lr5e-05_bs32_modL1_fusion16_fusionL1_fusionBN0_drop0p2__wd1e-04trmiss40_trlocglobal,32,5e-05,0.0001,1,16,1,False,0.2,lr5e-05_bs32_modL1_fusion16_fusionL1_fusionBN0_drop0p2__wd1e-04trmiss40_trlocglobal,17,0.611657957235972,0.6905681490898132,0.5355731225296443,0.579923019563228,0.5555555555555556,0.0,0.0,0.0,0.0,0.0,0.0,0.0,0.0,0.0,,,,,18473,global,0.4
5,3,lr5e-05_bs32_modL1_fusion16_fusionL1_fusionBN0_drop0p2__wd1e-04trmiss40_trlocglobal,32,5e-05,0.0001,1,16,1,False,0.2,lr5e-05_bs32_modL1_fusion16_fusionL1_fusionBN0_drop0p2__wd1e-04trmiss40_trlocglobal,18,0.6072448790073395,0.691207230091095,0.5276679841897233,0.5768360099544794,0.5777777777777777,0.0,0.0,0.0,0.0,0.0,0.0,0.0,0.0,0.0,,,,,18473,global,0.4
5,3,lr5e-05_bs32_modL1_fusion16_fusionL1_fusionBN0_drop0p2__wd1e-04trmiss40_trlocglobal,32,5e-05,0.0001,1,16,1,False,0.2,lr5e-05_bs32_modL1_fusion16_fusionL1_fusionBN0_drop0p2__wd1e-04trmiss40_trlocglobal,19,0.6108731627464294,0.6917808651924133,0.5276679841897233,0.5750080950830861,0.5555555555555556,0.0,0.0,0.0,0.0,0.0,0.0,0.0,0.0,0.0,,,,,18473,global,0.4
5,3,lr5e-05_bs32_modL1_fusion16_fusionL1_fusionBN0_drop0p2__wd1e-04trmiss40_trlocglobal,32,5e-05,0.0001,1,16,1,False,0.2,lr5e-05_bs32_modL1_fusion16_fusionL1_fusionBN0_drop0p2__wd1e-04trmiss40_trlocglobal,20,0.6064629852771759,0.6911197602748871,0.5434782608695652,0.5767081451367168,0.5333333333333333,0.0,0.0,0.0,0.0,0.0,0.0,0.0,0.0,0.0,,,,,18473,global,0.4
5,3,lr5e-05_bs32_modL1_fusion16_fusionL1_fusionBN0_drop0p2__wd1e-04trmiss40_trlocglobal,32,5e-05,0.0001,1,16,1,False,0.2,lr5e-05_bs32_modL1_fusion16_fusionL1_fusionBN0_drop0p2__wd1e-04trmiss40_trlocglobal,21,0.6016388734181722,0.6887486577033997,0.5474308300395256,0.5762615344833193,0.5555555555555556,0.0,0.0,0.0,0.0,0.0,0.0,0.0,0.0,0.0,,,,,18473,global,0.4
5,3,lr5e-05_bs32_modL1_fusion16_fusionL1_fusionBN0_drop0p2__wd1e-04trmiss40_trlocglobal,32,5e-05,0.0001,1,16,1,False,0.2,lr5e-05_bs32_modL1_fusion16_fusionL1_fusionBN0_drop0p2__wd1e-04trmiss40_trlocglobal,22,0.6006924708684286,0.6881893873214722,0.5533596837944663,0.584738895181852,0.5333333333333333,0.0,0.0,0.0,0.0,0.0,0.0,0.0,0.0,0.0,,,,,18473,global,0.4
5,3,lr5e-05_bs32_modL1_fusion16_fusionL1_fusionBN0_drop0p2__wd1e-04trmiss40_trlocglobal,32,5e-05,0.0001,1,16,1,False,0.2,lr5e-05_bs32_modL1_fusion16_fusionL1_fusionBN0_drop0p2__wd1e-04trmiss40_trlocglobal,23,0.5904715160528818,0.6883442103862762,0.5513833992094862,0.5875021554032334,0.5555555555555556,0.0,0.0,0.0,0.0,0.0,0.0,0.0,0.0,0.0,,,,,18473,global,0.4
5,3,lr5e-05_bs32_modL1_fusion16_fusionL1_fusionBN0_drop0p2__wd1e-04trmiss40_trlocglobal,32,5e-05,0.0001,1,16,1,False,0.2,lr5e-05_bs32_modL1_fusion16_fusionL1_fusionBN0_drop0p2__wd1e-04trmiss40_trlocglobal,24,0.594251791636149,0.6886394619941711,0.5454545454545454,0.5859162571142991,0.5333333333333333,0.0,0.0,0.0,0.0,0.0,0.0,0.0,0.0,0.0,,,,,18473,global,0.4
5,3,lr5e-05_bs32_modL1_fusion16_fusionL1_fusionBN0_drop0p2__wd1e-04trmiss40_trlocglobal,32,5e-05,0.0001,1,16,1,False,0.2,lr5e-05_bs32_modL1_fusion16_fusionL1_fusionBN0_drop0p2__wd1e-04trmiss40_trlocglobal,25,0.5899876058101654,0.689171552658081,0.5454545454545454,0.5818954090735027,0.5555555555555556,0.0,0.0,0.0,0.0,0.0,0.0,0.0,0.0,0.0,,,,,18473,global,0.4
5,3,lr5e-05_bs32_modL1_fusion16_fusionL1_fusionBN0_drop0p2__wd1e-04trmiss40_trlocglobal,32,5e-05,0.0001,1,16,1,False,0.2,lr5e-05_bs32_modL1_fusion16_fusionL1_fusionBN0_drop0p2__wd1e-04trmiss40_trlocglobal,26,0.5842660566171011,0.689298003911972,0.541501976284585,0.5776173334537723,0.5555555555555556,0.0,0.0,0.0,0.0,0.0,0.0,0.0,0.0,0.0,,,,,18473,global,0.4
5,3,lr5e-05_bs32_modL1_fusion16_fusionL1_fusionBN0_drop0p2__wd1e-04trmiss40_trlocglobal,32,5e-05,0.0001,1,16,1,False,0.2,lr5e-05_bs32_modL1_fusion16_fusionL1_fusionBN0_drop0p2__wd1e-04trmiss40_trlocglobal,27,0.5936523874600729,0.6899327635765076,0.5296442687747036,0.5712062190364865,0.5555555555555556,0.0,0.0,0.0,0.0,0.0,0.0,0.0,0.0,0.0,,,,,18473,global,0.4
5,3,lr5e-05_bs32_modL1_fusion16_fusionL1_fusionBN0_drop0p2__wd1e-04trmiss40_trlocglobal,32,5e-05,0.0001,1,16,1,False,0.2,lr5e-05_bs32_modL1_fusion16_fusionL1_fusionBN0_drop0p2__wd1e-04trmiss40_trlocglobal,28,0.5909256339073181,0.6895027458667755,0.5256916996047432,0.5688322591566377,0.5555555555555556,0.0,0.0,0.0,0.0,0.0,0.0,0.0,0.0,0.0,,,,,18473,global,0.4
5,3,lr5e-05_bs32_modL1_fusion16_fusionL1_fusionBN0_drop0p2__wd1e-04trmiss40_trlocglobal,32,5e-05,0.0001,1,16,1,False,0.2,lr5e-05_bs32_modL1_fusion16_fusionL1_fusionBN0_drop0p2__wd1e-04trmiss40_trlocglobal,29,0.5835801064968109,0.6887241899967194,0.5237154150197627,0.5658050889661589,0.5333333333333333,0.0,0.0,0.0,0.0,0.0,0.0,0.0,0.0,0.0,,,,,18473,global,0.4
5,3,lr5e-05_bs32_modL1_fusion16_fusionL1_fusionBN0_drop0p2__wd1e-04trmiss40_trlocglobal,32,5e-05,0.0001,1,16,1,False,0.2,lr5e-05_bs32_modL1_fusion16_fusionL1_fusionBN0_drop0p2__wd1e-04trmiss40_trlocglobal,30,0.5869663258393606,0.6871556341648102,0.5316205533596837,0.5770194270195927,0.5555555555555556,0.0,0.0,0.0,0.0,0.0,0.0,0.0,0.0,0.0,,,,,18473,global,0.4
5,3,lr5e-05_bs32_modL1_fusion16_fusionL1_fusionBN0_drop0p2__wd1e-04trmiss40_trlocglobal,32,5e-05,0.0001,1,16,1,False,0.2,lr5e-05_bs32_modL1_fusion16_fusionL1_fusionBN0_drop0p2__wd1e-04trmiss40_trlocglobal,31,0.5824330449104309,0.6866109073162079,0.5276679841897233,0.5680259195168791,0.5333333333333333,0.0,0.0,0.0,0.0,0.0,0.0,0.0,0.0,0.0,,,,,18473,global,0.4
5,3,lr5e-05_bs32_modL1_fusion16_fusionL1_fusionBN0_drop0p2__wd1e-04trmiss40_trlocglobal,32,5e-05,0.0001,1,16,1,False,0.2,lr5e-05_bs32_modL1_fusion16_fusionL1_fusionBN0_drop0p2__wd1e-04trmiss40_trlocglobal,32,0.5877829194068909,0.6865151226520538,0.5197628458498024,0.5632524517858785,0.5111111111111111,0.0,0.0,0.0,0.0,0.0,0.0,0.0,0.0,0.0,,,,,18473,global,0.4
5,3,lr5e-05_bs32_modL1_fusion16_fusionL1_fusionBN0_drop0p2__wd1e-04trmiss40_trlocglobal,32,5e-05,0.0001,1,16,1,False,0.2,lr5e-05_bs32_modL1_fusion16_fusionL1_fusionBN0_drop0p2__wd1e-04trmiss40_trlocglobal,33,0.5704664488633474,0.6856391429901123,0.5177865612648221,0.5639338488621777,0.5333333333333333,0.0,0.0,0.0,0.0,0.0,0.0,0.0,0.0,0.0,,,,,18473,global,0.4
5,3,lr5e-05_bs32_modL1_fusion16_fusionL1_fusionBN0_drop0p2__wd1e-04trmiss40_trlocglobal,32,5e-05,0.0001,1,16,1,False,0.2,lr5e-05_bs32_modL1_fusion16_fusionL1_fusionBN0_drop0p2__wd1e-04trmiss40_trlocglobal,34,0.5741008222103119,0.686080813407898,0.525691699604743,0.5668757524914755,0.5111111111111111,0.0,0.0,0.0,0.0,0.0,0.0,0.0,0.0,0.0,,,,,18473,global,0.4
5,3,lr5e-05_bs32_modL1_fusion16_fusionL1_fusionBN0_drop0p2__wd1e-04trmiss40_trlocglobal,32,5e-05,0.0001,1,16,1,False,0.2,lr5e-05_bs32_modL1_fusion16_fusionL1_fusionBN0_drop0p2__wd1e-04trmiss40_trlocglobal,35,0.5690442820390066,0.6881040334701538,0.5276679841897233,0.5746522198307394,0.5333333333333333,0.0,0.0,0.0,0.0,0.0,0.0,0.0,0.0,0.0,,,,,18473,global,0.4
5,3,lr5e-05_bs32_modL1_fusion16_fusionL1_fusionBN0_drop0p2__wd1e-04trmiss40_trlocglobal,32,5e-05,0.0001,1,16,1,False,0.2,lr5e-05_bs32_modL1_fusion16_fusionL1_fusionBN0_drop0p2__wd1e-04trmiss40_trlocglobal,36,0.5628255903720856,0.6888103187084198,0.5296442687747035,0.5760359435532937,0.5333333333333333,0.0,0.0,0.0,0.0,0.0,0.0,0.0,0.0,0.0,,,,,18473,global,0.4
5,3,lr5e-05_bs32_modL1_fusion16_fusionL1_fusionBN0_drop0p2__wd1e-04trmiss40_trlocglobal,32,5e-05,0.0001,1,16,1,False,0.2,lr5e-05_bs32_modL1_fusion16_fusionL1_fusionBN0_drop0p2__wd1e-04trmiss40_trlocglobal,37,0.5661871631940206,0.6888052225112915,0.5316205533596837,0.5770069049590376,0.5333333333333333,0.0,0.0,0.0,0.0,0.0,0.0,0.0,0.0,0.0,,,,,18473,global,0.4
5,3,lr5e-05_bs32_modL1_fusion16_fusionL1_fusionBN0_drop0p2__wd1e-04trmiss40_trlocglobal,32,5e-05,0.0001,1,16,1,False,0.2,lr5e-05_bs32_modL1_fusion16_fusionL1_fusionBN0_drop0p2__wd1e-04trmiss40_trlocglobal,38,0.5593976775805155,0.6889704763889313,0.5375494071146244,0.5753192121510021,0.5333333333333333,0.0,0.0,0.0,0.0,0.0,0.0,0.0,0.0,0.0,,,,,18473,global,0.4
5,3,lr5e-05_bs32_modL1_fusion16_fusionL1_fusionBN0_drop0p2__wd1e-04trmiss40_trlocglobal,32,5e-05,0.0001,1,16,1,False,0.2,lr5e-05_bs32_modL1_fusion16_fusionL1_fusionBN0_drop0p2__wd1e-04trmiss40_trlocglobal,39,0.5615521967411041,0.6881009340286255,0.5316205533596837,0.571940122387473,0.5333333333333333,0.0,0.0,0.0,0.0,0.0,0.0,0.0,0.0,0.0,,,,,18473,global,0.4
5,3,lr5e-05_bs32_modL1_fusion16_fusionL1_fusionBN0_drop0p2__wd1e-04trmiss40_trlocglobal,32,5e-05,0.0001,1,16,1,False,0.2,lr5e-05_bs32_modL1_fusion16_fusionL1_fusionBN0_drop0p2__wd1e-04trmiss40_trlocglobal,40,0.5514865020910898,0.6881979405879974,0.5355731225296442,0.5731453409839959,0.5333333333333333,0.0,0.0,0.0,0.0,0.0,0.0,0.0,0.0,0.0,,,,,18473,global,0.4
5,3,lr5e-05_bs32_modL1_fusion16_fusionL1_fusionBN0_drop0p2__wd1e-04trmiss40_trlocglobal,32,5e-05,0.0001,1,16,1,False,0.2,lr5e-05_bs32_modL1_fusion16_fusionL1_fusionBN0_drop0p2__wd1e-04trmiss40_trlocglobal,41,0.5624099969863892,0.6876937448978424,0.5355731225296443,0.5739610680450105,0.5333333333333333,0.0,0.0,0.0,0.0,0.0,0.0,0.0,0.0,0.0,,,,,18473,global,0.4
5,3,lr5e-05_bs32_modL1_fusion16_fusionL1_fusionBN0_drop0p2__wd1e-04trmiss40_trlocglobal,32,5e-05,0.0001,1,16,1,False,0.2,lr5e-05_bs32_modL1_fusion16_fusionL1_fusionBN0_drop0p2__wd1e-04trmiss40_trlocglobal,42,0.5626307825247446,0.6882286369800568,0.5375494071146244,0.5752331762736405,0.5333333333333333,0.0,0.0,0.0,0.0,0.0,0.0,0.0,0.0,0.0,,,,,18473,global,0.4
5,3,lr5e-05_bs32_modL1_fusion16_fusionL1_fusionBN0_drop0p1__wd1e-04trmiss40_trlocglobal,32,5e-05,0.0001,1,16,1,False,0.1,lr5e-05_bs32_modL1_fusion16_fusionL1_fusionBN0_drop0p1__wd1e-04trmiss40_trlocglobal,1,0.6998813152313232,0.6944301426410675,0.46640316205533594,0.5236443511559443,0.5111111111111111,0.0,0.0,0.0,0.0,0.0,0.0,0.0,0.0,0.0,,,,,18473,global,0.4
5,3,lr5e-05_bs32_modL1_fusion16_fusionL1_fusionBN0_drop0p1__wd1e-04trmiss40_trlocglobal,32,5e-05,0.0001,1,16,1,False,0.1,lr5e-05_bs32_modL1_fusion16_fusionL1_fusionBN0_drop0p1__wd1e-04trmiss40_trlocglobal,2,0.6878429651260376,0.6941182315349579,0.46640316205533594,0.5321377634317026,0.4888888888888889,0.0,0.0,0.0,0.0,0.0,0.0,0.0,0.0,0.0,,,,,18473,global,0.4
5,3,lr5e-05_bs32_modL1_fusion16_fusionL1_fusionBN0_drop0p1__wd1e-04trmiss40_trlocglobal,32,5e-05,0.0001,1,16,1,False,0.1,lr5e-05_bs32_modL1_fusion16_fusionL1_fusionBN0_drop0p1__wd1e-04trmiss40_trlocglobal,3,0.6776778697967529,0.6972219049930573,0.47035573122529645,0.5326266767208108,0.4666666666666667,0.0,0.0,0.0,0.0,0.0,0.0,0.0,0.0,0.0,,,,,18473,global,0.4
5,3,lr5e-05_bs32_modL1_fusion16_fusionL1_fusionBN0_drop0p1__wd1e-04trmiss40_trlocglobal,32,5e-05,0.0001,1,16,1,False,0.1,lr5e-05_bs32_modL1_fusion16_fusionL1_fusionBN0_drop0p1__wd1e-04trmiss40_trlocglobal,4,0.6593396763006846,0.7003349661827087,0.4683794466403163,0.5345100360521853,0.4888888888888889,0.0,0.0,0.0,0.0,0.0,0.0,0.0,0.0,0.0,,,,,18473,global,0.4
5,3,lr5e-05_bs32_modL1_fusion16_fusionL1_fusionBN0_drop0p1__wd1e-04trmiss40_trlocglobal,32,5e-05,0.0001,1,16,1,False,0.1,lr5e-05_bs32_modL1_fusion16_fusionL1_fusionBN0_drop0p1__wd1e-04trmiss40_trlocglobal,5,0.6535288393497467,0.7028559744358063,0.47035573122529645,0.5382248139179402,0.4444444444444444,0.0,0.0,0.0,0.0,0.0,0.0,0.0,0.0,0.0,,,,,18473,global,0.4
5,3,lr5e-05_bs32_modL1_fusion16_fusionL1_fusionBN0_drop0p1__wd1e-04trmiss40_trlocglobal,32,5e-05,0.0001,1,16,1,False,0.1,lr5e-05_bs32_modL1_fusion16_fusionL1_fusionBN0_drop0p1__wd1e-04trmiss40_trlocglobal,6,0.6383089522520701,0.7035801708698273,0.49209486166007904,0.5531014536811585,0.4666666666666667,0.0,0.0,0.0,0.0,0.0,0.0,0.0,0.0,0.0,,,,,18473,global,0.4
5,3,lr5e-05_bs32_modL1_fusion16_fusionL1_fusionBN0_drop0p1__wd1e-04trmiss40_trlocglobal,32,5e-05,0.0001,1,16,1,False,0.1,lr5e-05_bs32_modL1_fusion16_fusionL1_fusionBN0_drop0p1__wd1e-04trmiss40_trlocglobal,7,0.6342251499493917,0.7046107351779938,0.48418972332015814,0.5280051099586497,0.4888888888888889,0.0,0.0,0.0,0.0,0.0,0.0,0.0,0.0,0.0,,,,,18473,global,0.4
5,3,lr5e-05_bs32_modL1_fusion16_fusionL1_fusionBN0_drop0p1__wd1e-04trmiss40_trlocglobal,32,5e-05,0.0001,1,16,1,False,0.1,lr5e-05_bs32_modL1_fusion16_fusionL1_fusionBN0_drop0p1__wd1e-04trmiss40_trlocglobal,8,0.6336216727892557,0.7030129432678223,0.4881422924901186,0.5296886761098558,0.4888888888888889,0.0,0.0,0.0,0.0,0.0,0.0,0.0,0.0,0.0,,,,,18473,global,0.4
5,3,lr5e-05_bs32_modL1_fusion16_fusionL1_fusionBN0_drop0p1__wd1e-04trmiss40_trlocglobal,32,5e-05,0.0001,1,16,1,False,0.1,lr5e-05_bs32_modL1_fusion16_fusionL1_fusionBN0_drop0p1__wd1e-04trmiss40_trlocglobal,9,0.6163549224535624,0.7022319436073303,0.5138339920948617,0.5463361920011061,0.5111111111111111,0.0,0.0,0.0,0.0,0.0,0.0,0.0,0.0,0.0,,,,,18473,global,0.4
5,3,lr5e-05_bs32_modL1_fusion16_fusionL1_fusionBN0_drop0p1__wd1e-04trmiss40_trlocglobal,32,5e-05,0.0001,1,16,1,False,0.1,lr5e-05_bs32_modL1_fusion16_fusionL1_fusionBN0_drop0p1__wd1e-04trmiss40_trlocglobal,10,0.6222545504570007,0.7053072452545166,0.5138339920948616,0.542566701013779,0.4888888888888889,0.0,0.0,0.0,0.0,0.0,0.0,0.0,0.0,0.0,,,,,18473,global,0.4
5,3,lr5e-05_bs32_modL1_fusion16_fusionL1_fusionBN0_drop0p1__wd1e-04trmiss40_trlocglobal,32,5e-05,0.0001,1,16,1,False,0.1,lr5e-05_bs32_modL1_fusion16_fusionL1_fusionBN0_drop0p1__wd1e-04trmiss40_trlocglobal,11,0.6162877082824707,0.7087653875350952,0.5118577075098814,0.5508891445250097,0.4666666666666667,0.0,0.0,0.0,0.0,0.0,0.0,0.0,0.0,0.0,,,,,18473,global,0.4
5,3,lr5e-05_bs32_modL1_fusion16_fusionL1_fusionBN0_drop0p1__wd1e-04trmiss40_trlocglobal,32,5e-05,0.0001,1,16,1,False,0.1,lr5e-05_bs32_modL1_fusion16_fusionL1_fusionBN0_drop0p1__wd1e-04trmiss40_trlocglobal,12,0.6129532754421234,0.7102857530117035,0.5118577075098815,0.5521003427470775,0.4666666666666667,0.0,0.0,0.0,0.0,0.0,0.0,0.0,0.0,0.0,,,,,18473,global,0.4
5,3,lr5e-05_bs32_modL1_fusion16_fusionL1_fusionBN0_drop0p1__wd1e-04trmiss40_trlocglobal,32,5e-05,0.0001,1,16,1,False,0.1,lr5e-05_bs32_modL1_fusion16_fusionL1_fusionBN0_drop0p1__wd1e-04trmiss40_trlocglobal,13,0.5974628925323486,0.7110105156898499,0.5,0.543284050759871,0.4888888888888889,0.0,0.0,0.0,0.0,0.0,0.0,0.0,0.0,0.0,,,,,18473,global,0.4
5,3,lr5e-05_bs32_modL1_fusion16_fusionL1_fusionBN0_drop0p1__wd1e-04trmiss40_trlocglobal,32,5e-05,0.0001,1,16,1,False,0.1,lr5e-05_bs32_modL1_fusion16_fusionL1_fusionBN0_drop0p1__wd1e-04trmiss40_trlocglobal,14,0.6039346754550934,0.7108703851699829,0.4980237154150198,0.5500772152635919,0.4888888888888889,0.0,0.0,0.0,0.0,0.0,0.0,0.0,0.0,0.0,,,,,18473,global,0.4
5,3,lr5e-05_bs32_modL1_fusion16_fusionL1_fusionBN0_drop0p1__wd1e-04trmiss40_trlocglobal,32,5e-05,0.0001,1,16,1,False,0.1,lr5e-05_bs32_modL1_fusion16_fusionL1_fusionBN0_drop0p1__wd1e-04trmiss40_trlocglobal,15,0.5917216241359711,0.7102944850921631,0.5118577075098814,0.5598231364353444,0.4888888888888889,0.0,0.0,0.0,0.0,0.0,0.0,0.0,0.0,0.0,,,,,18473,global,0.4
5,3,lr5e-05_bs32_modL1_fusion16_fusionL1_fusionBN0_drop0p1__wd1e-04trmiss40_trlocglobal,32,5e-05,0.0001,1,16,1,False,0.1,lr5e-05_bs32_modL1_fusion16_fusionL1_fusionBN0_drop0p1__wd1e-04trmiss40_trlocglobal,16,0.594786673784256,0.7110136449337006,0.5098814229249011,0.5547859805882306,0.4888888888888889,0.0,0.0,0.0,0.0,0.0,0.0,0.0,0.0,0.0,,,,,18473,global,0.4
5,3,lr5e-05_bs32_modL1_fusion16_fusionL1_fusionBN0_drop0p1__wd1e-04trmiss40_trlocglobal,32,5e-05,0.0001,1,16,1,False,0.1,lr5e-05_bs32_modL1_fusion16_fusionL1_fusionBN0_drop0p1__wd1e-04trmiss40_trlocglobal,17,0.5881705284118652,0.7094722390174866,0.5079051383399209,0.5527281931803562,0.4888888888888889,0.0,0.0,0.0,0.0,0.0,0.0,0.0,0.0,0.0,,,,,18473,global,0.4
5,3,lr5e-05_bs32_modL1_fusion16_fusionL1_fusionBN0_drop0p1__wd1e-04trmiss40_trlocglobal,32,5e-05,0.0001,1,16,1,False,0.1,lr5e-05_bs32_modL1_fusion16_fusionL1_fusionBN0_drop0p1__wd1e-04trmiss40_trlocglobal,18,0.5822631220022837,0.7133958041667938,0.5059288537549407,0.5511377862932074,0.4888888888888889,0.0,0.0,0.0,0.0,0.0,0.0,0.0,0.0,0.0,,,,,18473,global,0.4
5,3,lr5e-05_bs32_modL1_fusion16_fusionL1_fusionBN0_drop0p1__wd1e-04trmiss40_trlocglobal,32,5e-05,0.0001,1,16,1,False,0.1,lr5e-05_bs32_modL1_fusion16_fusionL1_fusionBN0_drop0p1__wd1e-04trmiss40_trlocglobal,19,0.5783481995264689,0.7139762043952942,0.49604743083003955,0.5458656610754299,0.5111111111111111,0.0,0.0,0.0,0.0,0.0,0.0,0.0,0.0,0.0,,,,,18473,global,0.4
5,3,lr5e-05_bs32_modL1_fusion16_fusionL1_fusionBN0_drop0p1__wd1e-04trmiss40_trlocglobal,32,5e-05,0.0001,1,16,1,False,0.1,lr5e-05_bs32_modL1_fusion16_fusionL1_fusionBN0_drop0p1__wd1e-04trmiss40_trlocglobal,20,0.5706826051076254,0.7150335013866425,0.4940711462450593,0.543936769314841,0.5111111111111111,0.0,0.0,0.0,0.0,0.0,0.0,0.0,0.0,0.0,,,,,18473,global,0.4
5,3,lr5e-05_bs32_modL1_fusion16_fusionL1_fusionBN0_drop0p1__wd1e-04trmiss40_trlocglobal,32,5e-05,0.0001,1,16,1,False,0.1,lr5e-05_bs32_modL1_fusion16_fusionL1_fusionBN0_drop0p1__wd1e-04trmiss40_trlocglobal,21,0.5663414299488068,0.7192915678024292,0.4782608695652174,0.5318323339180078,0.4888888888888889,0.0,0.0,0.0,0.0,0.0,0.0,0.0,0.0,0.0,,,,,18473,global,0.4
5,3,lr5e-05_bs32_modL1_fusion16_fusionL1_fusionBN0_drop0p1__wd1e-04trmiss40_trlocglobal,32,5e-05,0.0001,1,16,1,False,0.1,lr5e-05_bs32_modL1_fusion16_fusionL1_fusionBN0_drop0p1__wd1e-04trmiss40_trlocglobal,22,0.5596304734547933,0.7188351452350616,0.47430830039525695,0.527567157491706,0.4888888888888889,0.0,0.0,0.0,0.0,0.0,0.0,0.0,0.0,0.0,,,,,18473,global,0.4
5,3,lr5e-05_bs32_modL1_fusion16_fusionL1_fusionBN0_drop0p1__wd1e-04trmiss40_trlocglobal,32,5e-05,0.0001,1,16,1,False,0.1,lr5e-05_bs32_modL1_fusion16_fusionL1_fusionBN0_drop0p1__wd1e-04trmiss40_trlocglobal,23,0.5583701531092325,0.7147480845451355,0.4762845849802371,0.5335885379176234,0.4666666666666667,0.0,0.0,0.0,0.0,0.0,0.0,0.0,0.0,0.0,,,,,18473,global,0.4
5,3,lr5e-05_bs32_modL1_fusion16_fusionL1_fusionBN0_drop0p1__wd1e-04trmiss40_trlocglobal,32,5e-05,0.0001,1,16,1,False,0.1,lr5e-05_bs32_modL1_fusion16_fusionL1_fusionBN0_drop0p1__wd1e-04trmiss40_trlocglobal,24,0.5627540151278178,0.7148599624633789,0.47826086956521735,0.5317665214865408,0.4888888888888889,0.0,0.0,0.0,0.0,0.0,0.0,0.0,0.0,0.0,,,,,18473,global,0.4
5,3,lr5e-05_bs32_modL1_fusion16_fusionL1_fusionBN0_drop0p1__wd1e-04trmiss40_trlocglobal,32,5e-05,0.0001,1,16,1,False,0.1,lr5e-05_bs32_modL1_fusion16_fusionL1_fusionBN0_drop0p1__wd1e-04trmiss40_trlocglobal,25,0.5623514254887899,0.7178270518779755,0.4762845849802371,0.5271008132151355,0.4888888888888889,0.0,0.0,0.0,0.0,0.0,0.0,0.0,0.0,0.0,,,,,18473,global,0.4
5,3,lr5e-05_bs32_modL1_fusion16_fusionL1_fusionBN0_drop0p1__wd1e-04trmiss40_trlocglobal,32,5e-05,0.0001,1,16,1,False,0.1,lr5e-05_bs32_modL1_fusion16_fusionL1_fusionBN0_drop0p1__wd1e-04trmiss40_trlocglobal,26,0.5458249151706696,0.7204381227493286,0.47035573122529645,0.5243179668581202,0.4666666666666667,0.0,0.0,0.0,0.0,0.0,0.0,0.0,0.0,0.0,,,,,18473,global,0.4
5,3,lr5e-05_bs32_modL1_fusion16_fusionL1_fusionBN0_drop0p1__wd1e-04trmiss40_trlocglobal,32,5e-05,0.0001,1,16,1,False,0.1,lr5e-05_bs32_modL1_fusion16_fusionL1_fusionBN0_drop0p1__wd1e-04trmiss40_trlocglobal,27,0.5495630304018656,0.7210778594017029,0.4683794466403162,0.5251555350869929,0.4888888888888889,0.0,0.0,0.0,0.0,0.0,0.0,0.0,0.0,0.0,,,,,18473,global,0.4
5,3,lr5e-05_bs32_modL1_fusion16_fusionL1_fusionBN0_drop0p1__wd1e-04trmiss40_trlocglobal,32,5e-05,0.0001,1,16,1,False,0.1,lr5e-05_bs32_modL1_fusion16_fusionL1_fusionBN0_drop0p1__wd1e-04trmiss40_trlocglobal,28,0.5412566860516866,0.7190265655517578,0.4782608695652174,0.5318705201587555,0.5111111111111111,0.0,0.0,0.0,0.0,0.0,0.0,0.0,0.0,0.0,,,,,18473,global,0.4
5,3,lr5e-05_bs32_modL1_fusion16_fusionL1_fusionBN0_drop0p1__wd1e-04trmiss40_trlocglobal,32,5e-05,0.0001,1,16,1,False,0.1,lr5e-05_bs32_modL1_fusion16_fusionL1_fusionBN0_drop0p1__wd1e-04trmiss40_trlocglobal,29,0.5473123093446096,0.7196358144283295,0.4762845849802371,0.5248601066266028,0.5111111111111111,0.0,0.0,0.0,0.0,0.0,0.0,0.0,0.0,0.0,,,,,18473,global,0.4
5,3,lr5e-05_bs32_modL1_fusion32_fusionL1_fusionBN0_drop0p2__wd1e-04trmiss40_trlocglobal,32,5e-05,0.0001,1,32,1,False,0.2,lr5e-05_bs32_modL1_fusion32_fusionL1_fusionBN0_drop0p2__wd1e-04trmiss40_trlocglobal,1,0.6913334627946218,0.6900635957717896,0.6403162055335969,0.6554863373452859,0.5555555555555556,0.0,0.0,0.0,0.0,0.0,0.0,0.0,0.0,0.0,,,,,18473,global,0.4
5,3,lr5e-05_bs32_modL1_fusion32_fusionL1_fusionBN0_drop0p2__wd1e-04trmiss40_trlocglobal,32,5e-05,0.0001,1,32,1,False,0.2,lr5e-05_bs32_modL1_fusion32_fusionL1_fusionBN0_drop0p2__wd1e-04trmiss40_trlocglobal,2,0.6782669723033905,0.6883960068225861,0.6620553359683794,0.6639755599340906,0.5777777777777777,0.0,0.0,0.0,0.0,0.0,0.0,0.0,0.0,0.0,,,,,18473,global,0.4
5,3,lr5e-05_bs32_modL1_fusion32_fusionL1_fusionBN0_drop0p2__wd1e-04trmiss40_trlocglobal,32,5e-05,0.0001,1,32,1,False,0.2,lr5e-05_bs32_modL1_fusion32_fusionL1_fusionBN0_drop0p2__wd1e-04trmiss40_trlocglobal,3,0.6726989150047302,0.6880481243133545,0.6363636363636364,0.6590589785348839,0.5777777777777777,0.0,0.0,0.0,0.0,0.0,0.0,0.0,0.0,0.0,,,,,18473,global,0.4
5,3,lr5e-05_bs32_modL1_fusion32_fusionL1_fusionBN0_drop0p2__wd1e-04trmiss40_trlocglobal,32,5e-05,0.0001,1,32,1,False,0.2,lr5e-05_bs32_modL1_fusion32_fusionL1_fusionBN0_drop0p2__wd1e-04trmiss40_trlocglobal,4,0.6649066309134165,0.6878924071788788,0.6304347826086956,0.6696874499578603,0.5555555555555556,0.0,0.0,0.0,0.0,0.0,0.0,0.0,0.0,0.0,,,,,18473,global,0.4
5,3,lr5e-05_bs32_modL1_fusion32_fusionL1_fusionBN0_drop0p2__wd1e-04trmiss40_trlocglobal,32,5e-05,0.0001,1,32,1,False,0.2,lr5e-05_bs32_modL1_fusion32_fusionL1_fusionBN0_drop0p2__wd1e-04trmiss40_trlocglobal,5,0.6615074674288431,0.6883767247200012,0.6166007905138341,0.6743991346210579,0.5333333333333333,0.0,0.0,0.0,0.0,0.0,0.0,0.0,0.0,0.0,,,,,18473,global,0.4
5,3,lr5e-05_bs32_modL1_fusion32_fusionL1_fusionBN0_drop0p2__wd1e-04trmiss40_trlocglobal,32,5e-05,0.0001,1,32,1,False,0.2,lr5e-05_bs32_modL1_fusion32_fusionL1_fusionBN0_drop0p2__wd1e-04trmiss40_trlocglobal,6,0.6545026103655497,0.6898937225341797,0.6067193675889329,0.6696009437232664,0.5333333333333333,0.0,0.0,0.0,0.0,0.0,0.0,0.0,0.0,0.0,,,,,18473,global,0.4
5,3,lr5e-05_bs32_modL1_fusion32_fusionL1_fusionBN0_drop0p2__wd1e-04trmiss40_trlocglobal,32,5e-05,0.0001,1,32,1,False,0.2,lr5e-05_bs32_modL1_fusion32_fusionL1_fusionBN0_drop0p2__wd1e-04trmiss40_trlocglobal,7,0.6524270872275034,0.6915392875671387,0.5909090909090909,0.6663344623801954,0.5111111111111111,0.0,0.0,0.0,0.0,0.0,0.0,0.0,0.0,0.0,,,,,18473,global,0.4
5,3,lr5e-05_bs32_modL1_fusion32_fusionL1_fusionBN0_drop0p2__wd1e-04trmiss40_trlocglobal,32,5e-05,0.0001,1,32,1,False,0.2,lr5e-05_bs32_modL1_fusion32_fusionL1_fusionBN0_drop0p2__wd1e-04trmiss40_trlocglobal,8,0.642733762661616,0.6936998069286346,0.5691699604743083,0.66346157497785,0.4666666666666667,0.0,0.0,0.0,0.0,0.0,0.0,0.0,0.0,0.0,,,,,18473,global,0.4
5,3,lr5e-05_bs32_modL1_fusion32_fusionL1_fusionBN0_drop0p2__wd1e-04trmiss40_trlocglobal,32,5e-05,0.0001,1,32,1,False,0.2,lr5e-05_bs32_modL1_fusion32_fusionL1_fusionBN0_drop0p2__wd1e-04trmiss40_trlocglobal,9,0.6430840094884237,0.6943177580833435,0.5612648221343873,0.661714328769114,0.4888888888888889,0.0,0.0,0.0,0.0,0.0,0.0,0.0,0.0,0.0,,,,,18473,global,0.4
5,3,lr5e-05_bs32_modL1_fusion32_fusionL1_fusionBN0_drop0p2__wd1e-04trmiss40_trlocglobal,32,5e-05,0.0001,1,32,1,False,0.2,lr5e-05_bs32_modL1_fusion32_fusionL1_fusionBN0_drop0p2__wd1e-04trmiss40_trlocglobal,10,0.6369862953821818,0.6902791857719421,0.5810276679841897,0.667719398693072,0.4888888888888889,0.0,0.0,0.0,0.0,0.0,0.0,0.0,0.0,0.0,,,,,18473,global,0.4
5,3,lr5e-05_bs32_modL1_fusion32_fusionL1_fusionBN0_drop0p2__wd1e-04trmiss40_trlocglobal,32,5e-05,0.0001,1,32,1,False,0.2,lr5e-05_bs32_modL1_fusion32_fusionL1_fusionBN0_drop0p2__wd1e-04trmiss40_trlocglobal,11,0.633316437403361,0.6904131472110748,0.5810276679841897,0.6573881076291974,0.5111111111111111,0.0,0.0,0.0,0.0,0.0,0.0,0.0,0.0,0.0,,,,,18473,global,0.4
5,3,lr5e-05_bs32_modL1_fusion32_fusionL1_fusionBN0_drop0p2__wd1e-04trmiss40_trlocglobal,32,5e-05,0.0001,1,32,1,False,0.2,lr5e-05_bs32_modL1_fusion32_fusionL1_fusionBN0_drop0p2__wd1e-04trmiss40_trlocglobal,12,0.6307175656159719,0.6882435381412506,0.5948616600790514,0.6706931379078035,0.5555555555555556,0.0,0.0,0.0,0.0,0.0,0.0,0.0,0.0,0.0,,,,,18473,global,0.4
5,3,lr5e-05_bs32_modL1_fusion32_fusionL1_fusionBN0_drop0p2__wd1e-04trmiss40_trlocglobal,32,5e-05,0.0001,1,32,1,False,0.2,lr5e-05_bs32_modL1_fusion32_fusionL1_fusionBN0_drop0p2__wd1e-04trmiss40_trlocglobal,13,0.6198563575744629,0.6903043389320374,0.5711462450592886,0.6510738702239461,0.4888888888888889,0.0,0.0,0.0,0.0,0.0,0.0,0.0,0.0,0.0,,,,,18473,global,0.4
5,3,lr5e-05_bs32_modL1_fusion32_fusionL1_fusionBN0_drop0p2__wd1e-04trmiss40_trlocglobal,32,5e-05,0.0001,1,32,1,False,0.2,lr5e-05_bs32_modL1_fusion32_fusionL1_fusionBN0_drop0p2__wd1e-04trmiss40_trlocglobal,14,0.6145245234171549,0.691941112279892,0.5671936758893281,0.6437370459450851,0.5333333333333333,0.0,0.0,0.0,0.0,0.0,0.0,0.0,0.0,0.0,,,,,18473,global,0.4
5,3,lr5e-05_bs32_modL1_fusion32_fusionL1_fusionBN0_drop0p2__wd1e-04trmiss40_trlocglobal,32,5e-05,0.0001,1,32,1,False,0.2,lr5e-05_bs32_modL1_fusion32_fusionL1_fusionBN0_drop0p2__wd1e-04trmiss40_trlocglobal,15,0.6107348004976908,0.6952811479568481,0.541501976284585,0.634374637853224,0.4888888888888889,0.0,0.0,0.0,0.0,0.0,0.0,0.0,0.0,0.0,,,,,18473,global,0.4
5,3,lr5e-05_bs32_modL1_fusion32_fusionL1_fusionBN0_drop0p2__wd1e-04trmiss40_trlocglobal,32,5e-05,0.0001,1,32,1,False,0.2,lr5e-05_bs32_modL1_fusion32_fusionL1_fusionBN0_drop0p2__wd1e-04trmiss40_trlocglobal,16,0.5999037722746531,0.6940247118473053,0.541501976284585,0.643860774521499,0.5111111111111111,0.0,0.0,0.0,0.0,0.0,0.0,0.0,0.0,0.0,,,,,18473,global,0.4
5,3,lr5e-05_bs32_modL1_fusion32_fusionL1_fusionBN0_drop0p2__wd1e-04trmiss40_trlocglobal,32,5e-05,0.0001,1,32,1,False,0.2,lr5e-05_bs32_modL1_fusion32_fusionL1_fusionBN0_drop0p2__wd1e-04trmiss40_trlocglobal,17,0.596000204483668,0.693034440279007,0.5474308300395256,0.6498492701562961,0.5111111111111111,0.0,0.0,0.0,0.0,0.0,0.0,0.0,0.0,0.0,,,,,18473,global,0.4
5,3,lr5e-05_bs32_modL1_fusion32_fusionL1_fusionBN0_drop0p2__wd1e-04trmiss40_trlocglobal,32,5e-05,0.0001,1,32,1,False,0.2,lr5e-05_bs32_modL1_fusion32_fusionL1_fusionBN0_drop0p2__wd1e-04trmiss40_trlocglobal,18,0.5962774455547333,0.6927428841590881,0.5434782608695652,0.6411606491751868,0.5111111111111111,0.0,0.0,0.0,0.0,0.0,0.0,0.0,0.0,0.0,,,,,18473,global,0.4
5,3,lr5e-05_bs32_modL1_fusion32_fusionL1_fusionBN0_drop0p2__wd1e-04trmiss40_trlocglobal,32,5e-05,0.0001,1,32,1,False,0.2,lr5e-05_bs32_modL1_fusion32_fusionL1_fusionBN0_drop0p2__wd1e-04trmiss40_trlocglobal,19,0.5932618975639343,0.6951508522033691,0.5276679841897233,0.6328983670221856,0.4888888888888889,0.0,0.0,0.0,0.0,0.0,0.0,0.0,0.0,0.0,,,,,18473,global,0.4
5,3,lr5e-05_bs32_modL1_fusion32_fusionL1_fusionBN0_drop0p2__wd1e-04trmiss40_trlocglobal,32,5e-05,0.0001,1,32,1,False,0.2,lr5e-05_bs32_modL1_fusion32_fusionL1_fusionBN0_drop0p2__wd1e-04trmiss40_trlocglobal,20,0.6027928590774536,0.6988097429275513,0.5138339920948617,0.6262939027962494,0.4444444444444444,0.0,0.0,0.0,0.0,0.0,0.0,0.0,0.0,0.0,,,,,18473,global,0.4
5,3,lr5e-05_bs32_modL1_fusion32_fusionL1_fusionBN0_drop0p2__wd1e-04trmiss40_trlocglobal,32,5e-05,0.0001,1,32,1,False,0.2,lr5e-05_bs32_modL1_fusion32_fusionL1_fusionBN0_drop0p2__wd1e-04trmiss40_trlocglobal,21,0.5844977498054504,0.7011471390724182,0.5019762845849802,0.6103989128403118,0.4444444444444444,0.0,0.0,0.0,0.0,0.0,0.0,0.0,0.0,0.0,,,,,18473,global,0.4
5,3,lr5e-05_bs32_modL1_fusion32_fusionL1_fusionBN0_drop0p2__wd1e-04trmiss40_trlocglobal,32,5e-05,0.0001,1,32,1,False,0.2,lr5e-05_bs32_modL1_fusion32_fusionL1_fusionBN0_drop0p2__wd1e-04trmiss40_trlocglobal,22,0.5867757995923361,0.7011231482028961,0.5217391304347825,0.624287957084047,0.4666666666666667,0.0,0.0,0.0,0.0,0.0,0.0,0.0,0.0,0.0,,,,,18473,global,0.4
5,3,lr5e-05_bs32_modL1_fusion32_fusionL1_fusionBN0_drop0p2__wd1e-04trmiss40_trlocglobal,32,5e-05,0.0001,1,32,1,False,0.2,lr5e-05_bs32_modL1_fusion32_fusionL1_fusionBN0_drop0p2__wd1e-04trmiss40_trlocglobal,23,0.580903579791387,0.6998059451580048,0.5197628458498023,0.6225233448846522,0.4666666666666667,0.0,0.0,0.0,0.0,0.0,0.0,0.0,0.0,0.0,,,,,18473,global,0.4
5,3,lr5e-05_bs32_modL1_fusion32_fusionL1_fusionBN0_drop0p2__wd1e-04trmiss40_trlocglobal,32,5e-05,0.0001,1,32,1,False,0.2,lr5e-05_bs32_modL1_fusion32_fusionL1_fusionBN0_drop0p2__wd1e-04trmiss40_trlocglobal,24,0.5879911283651987,0.6999300718307495,0.5177865612648221,0.6137914858034919,0.4666666666666667,0.0,0.0,0.0,0.0,0.0,0.0,0.0,0.0,0.0,,,,,18473,global,0.4
5,3,lr5e-05_bs32_modL1_fusion32_fusionL1_fusionBN0_drop0p2__wd1e-04trmiss40_trlocglobal,32,5e-05,0.0001,1,32,1,False,0.2,lr5e-05_bs32_modL1_fusion32_fusionL1_fusionBN0_drop0p2__wd1e-04trmiss40_trlocglobal,25,0.5712256332238516,0.6995575428009033,0.5098814229249012,0.6083511621975569,0.4444444444444444,0.0,0.0,0.0,0.0,0.0,0.0,0.0,0.0,0.0,,,,,18473,global,0.4
5,3,lr5e-05_bs32_modL1_fusion32_fusionL1_fusionBN0_drop0p1__wd1e-04trmiss40_trlocglobal,32,5e-05,0.0001,1,32,1,False,0.1,lr5e-05_bs32_modL1_fusion32_fusionL1_fusionBN0_drop0p1__wd1e-04trmiss40_trlocglobal,1,0.7059077719847361,0.6878706514835358,0.5276679841897233,0.5600719396286368,0.4888888888888889,0.0,0.0,0.0,0.0,0.0,0.0,0.0,0.0,0.0,,,,,18473,global,0.4
5,3,lr5e-05_bs32_modL1_fusion32_fusionL1_fusionBN0_drop0p1__wd1e-04trmiss40_trlocglobal,32,5e-05,0.0001,1,32,1,False,0.1,lr5e-05_bs32_modL1_fusion32_fusionL1_fusionBN0_drop0p1__wd1e-04trmiss40_trlocglobal,2,0.693527360757192,0.6838034093379974,0.575098814229249,0.5979941925210275,0.5111111111111111,0.0,0.0,0.0,0.0,0.0,0.0,0.0,0.0,0.0,,,,,18473,global,0.4
5,3,lr5e-05_bs32_modL1_fusion32_fusionL1_fusionBN0_drop0p1__wd1e-04trmiss40_trlocglobal,32,5e-05,0.0001,1,32,1,False,0.1,lr5e-05_bs32_modL1_fusion32_fusionL1_fusionBN0_drop0p1__wd1e-04trmiss40_trlocglobal,3,0.6820978224277496,0.6786152720451355,0.616600790513834,0.6174056465681823,0.5333333333333333,0.0,0.0,0.0,0.0,0.0,0.0,0.0,0.0,0.0,,,,,18473,global,0.4
5,3,lr5e-05_bs32_modL1_fusion32_fusionL1_fusionBN0_drop0p1__wd1e-04trmiss40_trlocglobal,32,5e-05,0.0001,1,32,1,False,0.1,lr5e-05_bs32_modL1_fusion32_fusionL1_fusionBN0_drop0p1__wd1e-04trmiss40_trlocglobal,4,0.6654336154460907,0.6772967576980591,0.6482213438735178,0.6435299407549389,0.5333333333333333,0.0,0.0,0.0,0.0,0.0,0.0,0.0,0.0,0.0,,,,,18473,global,0.4
5,3,lr5e-05_bs32_modL1_fusion32_fusionL1_fusionBN0_drop0p1__wd1e-04trmiss40_trlocglobal,32,5e-05,0.0001,1,32,1,False,0.1,lr5e-05_bs32_modL1_fusion32_fusionL1_fusionBN0_drop0p1__wd1e-04trmiss40_trlocglobal,5,0.6578525304794312,0.6750051975250244,0.6541501976284584,0.6529958046646233,0.5333333333333333,0.0,0.0,0.0,0.0,0.0,0.0,0.0,0.0,0.0,,,,,18473,global,0.4
5,3,lr5e-05_bs32_modL1_fusion32_fusionL1_fusionBN0_drop0p1__wd1e-04trmiss40_trlocglobal,32,5e-05,0.0001,1,32,1,False,0.1,lr5e-05_bs32_modL1_fusion32_fusionL1_fusionBN0_drop0p1__wd1e-04trmiss40_trlocglobal,6,0.6511726280053457,0.6730281412601471,0.6521739130434783,0.6484331218682735,0.5333333333333333,0.0,0.0,0.0,0.0,0.0,0.0,0.0,0.0,0.0,,,,,18473,global,0.4
5,3,lr5e-05_bs32_modL1_fusion32_fusionL1_fusionBN0_drop0p1__wd1e-04trmiss40_trlocglobal,32,5e-05,0.0001,1,32,1,False,0.1,lr5e-05_bs32_modL1_fusion32_fusionL1_fusionBN0_drop0p1__wd1e-04trmiss40_trlocglobal,7,0.6487586696942648,0.672492653131485,0.6561264822134388,0.6508767205108315,0.5555555555555556,0.0,0.0,0.0,0.0,0.0,0.0,0.0,0.0,0.0,,,,,18473,global,0.4
5,3,lr5e-05_bs32_modL1_fusion32_fusionL1_fusionBN0_drop0p1__wd1e-04trmiss40_trlocglobal,32,5e-05,0.0001,1,32,1,False,0.1,lr5e-05_bs32_modL1_fusion32_fusionL1_fusionBN0_drop0p1__wd1e-04trmiss40_trlocglobal,8,0.6407260596752167,0.6718861758708954,0.6660079051383399,0.6538005232423258,0.5777777777777777,0.0,0.0,0.0,0.0,0.0,0.0,0.0,0.0,0.0,,,,,18473,global,0.4
5,3,lr5e-05_bs32_modL1_fusion32_fusionL1_fusionBN0_drop0p1__wd1e-04trmiss40_trlocglobal,32,5e-05,0.0001,1,32,1,False,0.1,lr5e-05_bs32_modL1_fusion32_fusionL1_fusionBN0_drop0p1__wd1e-04trmiss40_trlocglobal,9,0.6378030081590017,0.6698395609855652,0.6561264822134387,0.6466848842388296,0.5777777777777777,0.0,0.0,0.0,0.0,0.0,0.0,0.0,0.0,0.0,,,,,18473,global,0.4
5,3,lr5e-05_bs32_modL1_fusion32_fusionL1_fusionBN0_drop0p1__wd1e-04trmiss40_trlocglobal,32,5e-05,0.0001,1,32,1,False,0.1,lr5e-05_bs32_modL1_fusion32_fusionL1_fusionBN0_drop0p1__wd1e-04trmiss40_trlocglobal,10,0.6290019750595093,0.6690082252025604,0.6482213438735177,0.645551033821326,0.5555555555555556,0.0,0.0,0.0,0.0,0.0,0.0,0.0,0.0,0.0,,,,,18473,global,0.4
5,3,lr5e-05_bs32_modL1_fusion32_fusionL1_fusionBN0_drop0p1__wd1e-04trmiss40_trlocglobal,32,5e-05,0.0001,1,32,1,False,0.1,lr5e-05_bs32_modL1_fusion32_fusionL1_fusionBN0_drop0p1__wd1e-04trmiss40_trlocglobal,11,0.6302825311819712,0.6682523190975189,0.6482213438735178,0.6328575754838872,0.5555555555555556,0.0,0.0,0.0,0.0,0.0,0.0,0.0,0.0,0.0,,,,,18473,global,0.4
5,3,lr5e-05_bs32_modL1_fusion32_fusionL1_fusionBN0_drop0p1__wd1e-04trmiss40_trlocglobal,32,5e-05,0.0001,1,32,1,False,0.1,lr5e-05_bs32_modL1_fusion32_fusionL1_fusionBN0_drop0p1__wd1e-04trmiss40_trlocglobal,12,0.6190853118896484,0.6698446571826935,0.6383399209486167,0.6258214429530716,0.5555555555555556,0.0,0.0,0.0,0.0,0.0,0.0,0.0,0.0,0.0,,,,,18473,global,0.4
5,3,lr5e-05_bs32_modL1_fusion32_fusionL1_fusionBN0_drop0p1__wd1e-04trmiss40_trlocglobal,32,5e-05,0.0001,1,32,1,False,0.1,lr5e-05_bs32_modL1_fusion32_fusionL1_fusionBN0_drop0p1__wd1e-04trmiss40_trlocglobal,13,0.618759940067927,0.6694259345531464,0.6363636363636364,0.6226848598191806,0.5555555555555556,0.0,0.0,0.0,0.0,0.0,0.0,0.0,0.0,0.0,,,,,18473,global,0.4
5,3,lr5e-05_bs32_modL1_fusion32_fusionL1_fusionBN0_drop0p1__wd1e-04trmiss40_trlocglobal,32,5e-05,0.0001,1,32,1,False,0.1,lr5e-05_bs32_modL1_fusion32_fusionL1_fusionBN0_drop0p1__wd1e-04trmiss40_trlocglobal,14,0.610022097826004,0.6709803342819214,0.6245059288537549,0.6130362097584507,0.5111111111111111,0.0,0.0,0.0,0.0,0.0,0.0,0.0,0.0,0.0,,,,,18473,global,0.4
5,3,lr5e-05_bs32_modL1_fusion32_fusionL1_fusionBN0_drop0p1__wd1e-04trmiss40_trlocglobal,32,5e-05,0.0001,1,32,1,False,0.1,lr5e-05_bs32_modL1_fusion32_fusionL1_fusionBN0_drop0p1__wd1e-04trmiss40_trlocglobal,15,0.6117650469144186,0.6714263260364532,0.6205533596837945,0.6130472458948065,0.5111111111111111,0.0,0.0,0.0,0.0,0.0,0.0,0.0,0.0,0.0,,,,,18473,global,0.4
5,3,lr5e-05_bs32_modL1_fusion32_fusionL1_fusionBN0_drop0p1__wd1e-04trmiss40_trlocglobal,32,5e-05,0.0001,1,32,1,False,0.1,lr5e-05_bs32_modL1_fusion32_fusionL1_fusionBN0_drop0p1__wd1e-04trmiss40_trlocglobal,16,0.6055010259151459,0.6723590791225433,0.6106719367588933,0.6051720011234576,0.5111111111111111,0.0,0.0,0.0,0.0,0.0,0.0,0.0,0.0,0.0,,,,,18473,global,0.4
5,3,lr5e-05_bs32_modL1_fusion32_fusionL1_fusionBN0_drop0p1__wd1e-04trmiss40_trlocglobal,32,5e-05,0.0001,1,32,1,False,0.1,lr5e-05_bs32_modL1_fusion32_fusionL1_fusionBN0_drop0p1__wd1e-04trmiss40_trlocglobal,17,0.6024581491947174,0.6739212572574615,0.6067193675889329,0.6039293144310643,0.4888888888888889,0.0,0.0,0.0,0.0,0.0,0.0,0.0,0.0,0.0,,,,,18473,global,0.4
5,3,lr5e-05_bs32_modL1_fusion32_fusionL1_fusionBN0_drop0p1__wd1e-04trmiss40_trlocglobal,32,5e-05,0.0001,1,32,1,False,0.1,lr5e-05_bs32_modL1_fusion32_fusionL1_fusionBN0_drop0p1__wd1e-04trmiss40_trlocglobal,18,0.5936635633309683,0.6731642782688141,0.608695652173913,0.6049381293439684,0.4888888888888889,0.0,0.0,0.0,0.0,0.0,0.0,0.0,0.0,0.0,,,,,18473,global,0.4
5,3,lr5e-05_bs32_modL1_fusion32_fusionL1_fusionBN0_drop0p1__wd1e-04trmiss40_trlocglobal,32,5e-05,0.0001,1,32,1,False,0.1,lr5e-05_bs32_modL1_fusion32_fusionL1_fusionBN0_drop0p1__wd1e-04trmiss40_trlocglobal,19,0.5916597545146942,0.6716809570789337,0.6126482213438735,0.609962637000055,0.4888888888888889,0.0,0.0,0.0,0.0,0.0,0.0,0.0,0.0,0.0,,,,,18473,global,0.4
5,3,lr5e-05_bs32_modL1_fusion32_fusionL1_fusionBN0_drop0p1__wd1e-04trmiss40_trlocglobal,32,5e-05,0.0001,1,32,1,False,0.1,lr5e-05_bs32_modL1_fusion32_fusionL1_fusionBN0_drop0p1__wd1e-04trmiss40_trlocglobal,20,0.5839095910390218,0.67341747879982,0.6007905138339921,0.6052420587974531,0.4888888888888889,0.0,0.0,0.0,0.0,0.0,0.0,0.0,0.0,0.0,,,,,18473,global,0.4
5,3,lr5e-05_bs32_modL1_fusion32_fusionL1_fusionBN0_drop0p1__wd1e-04trmiss40_trlocglobal,32,5e-05,0.0001,1,32,1,False,0.1,lr5e-05_bs32_modL1_fusion32_fusionL1_fusionBN0_drop0p1__wd1e-04trmiss40_trlocglobal,21,0.5908891956011454,0.675854504108429,0.5889328063241107,0.5969539672204415,0.4888888888888889,0.0,0.0,0.0,0.0,0.0,0.0,0.0,0.0,0.0,,,,,18473,global,0.4
5,3,lr5e-05_bs32_modL1_fusion32_fusionL1_fusionBN0_drop0p1__wd1e-04trmiss40_trlocglobal,32,5e-05,0.0001,1,32,1,False,0.1,lr5e-05_bs32_modL1_fusion32_fusionL1_fusionBN0_drop0p1__wd1e-04trmiss40_trlocglobal,22,0.5840930342674255,0.6778585910797119,0.5790513833992095,0.5896234304747748,0.5111111111111111,0.0,0.0,0.0,0.0,0.0,0.0,0.0,0.0,0.0,,,,,18473,global,0.4
5,3,lr5e-05_bs32_modL1_fusion32_fusionL1_fusionBN0_drop0p1__wd1e-04trmiss40_trlocglobal,32,5e-05,0.0001,1,32,1,False,0.1,lr5e-05_bs32_modL1_fusion32_fusionL1_fusionBN0_drop0p1__wd1e-04trmiss40_trlocglobal,23,0.5799392759799957,0.6785373687744141,0.5790513833992095,0.589375661647395,0.4666666666666667,0.0,0.0,0.0,0.0,0.0,0.0,0.0,0.0,0.0,,,,,18473,global,0.4
5,3,lr5e-05_bs32_modL1_fusion32_fusionL1_fusionBN0_drop0p1__wd1e-04trmiss40_trlocglobal,32,5e-05,0.0001,1,32,1,False,0.1,lr5e-05_bs32_modL1_fusion32_fusionL1_fusionBN0_drop0p1__wd1e-04trmiss40_trlocglobal,24,0.5763575335343679,0.6767687499523163,0.5909090909090909,0.5973415767178132,0.4888888888888889,0.0,0.0,0.0,0.0,0.0,0.0,0.0,0.0,0.0,,,,,18473,global,0.4
5,3,lr5e-05_bs32_modL1_fusion32_fusionL1_fusionBN0_drop0p1__wd1e-04trmiss40_trlocglobal,32,5e-05,0.0001,1,32,1,False,0.1,lr5e-05_bs32_modL1_fusion32_fusionL1_fusionBN0_drop0p1__wd1e-04trmiss40_trlocglobal,25,0.5732490519682566,0.6749603748321533,0.5909090909090909,0.5996931302037344,0.5111111111111111,0.0,0.0,0.0,0.0,0.0,0.0,0.0,0.0,0.0,,,,,18473,global,0.4
5,3,lr5e-05_bs32_modL1_fusion32_fusionL1_fusionBN0_drop0p1__wd1e-04trmiss40_trlocglobal,32,5e-05,0.0001,1,32,1,False,0.1,lr5e-05_bs32_modL1_fusion32_fusionL1_fusionBN0_drop0p1__wd1e-04trmiss40_trlocglobal,26,0.5685696005821228,0.6767744719982147,0.5928853754940712,0.5981829632360821,0.5111111111111111,0.0,0.0,0.0,0.0,0.0,0.0,0.0,0.0,0.0,,,,,18473,global,0.4
5,3,lr5e-05_bs32_modL1_fusion32_fusionL1_fusionBN0_drop0p1__wd1e-04trmiss40_trlocglobal,32,5e-05,0.0001,1,32,1,False,0.1,lr5e-05_bs32_modL1_fusion32_fusionL1_fusionBN0_drop0p1__wd1e-04trmiss40_trlocglobal,27,0.5624892910321554,0.6772623956203461,0.5988142292490118,0.6009504941556063,0.5111111111111111,0.0,0.0,0.0,0.0,0.0,0.0,0.0,0.0,0.0,,,,,18473,global,0.4
5,3,lr5e-05_bs32_modL1_fusion32_fusionL1_fusionBN0_drop0p1__wd1e-04trmiss40_trlocglobal,32,5e-05,0.0001,1,32,1,False,0.1,lr5e-05_bs32_modL1_fusion32_fusionL1_fusionBN0_drop0p1__wd1e-04trmiss40_trlocglobal,28,0.5618955492973328,0.6794561445713043,0.5810276679841897,0.5887389896717693,0.5111111111111111,0.0,0.0,0.0,0.0,0.0,0.0,0.0,0.0,0.0,,,,,18473,global,0.4
5,3,lr1e-05_bs32_modL1_fusion16_fusionL1_fusionBN0_drop0p2__wd1e-04trmiss40_trlocglobal,32,1e-05,0.0001,1,16,1,False,0.2,lr1e-05_bs32_modL1_fusion16_fusionL1_fusionBN0_drop0p2__wd1e-04trmiss40_trlocglobal,1,0.6930888195832571,0.6883275210857391,0.6758893280632411,0.7404889827931521,0.6222222222222222,0.0,0.0,0.0,0.0,0.0,0.0,0.0,0.0,0.0,,,,,18473,global,0.4
5,3,lr1e-05_bs32_modL1_fusion16_fusionL1_fusionBN0_drop0p2__wd1e-04trmiss40_trlocglobal,32,1e-05,0.0001,1,16,1,False,0.2,lr1e-05_bs32_modL1_fusion16_fusionL1_fusionBN0_drop0p2__wd1e-04trmiss40_trlocglobal,2,0.7060776551564535,0.6869668066501617,0.7035573122529644,0.7697686204754363,0.6444444444444445,0.0,0.0,0.0,0.0,0.0,0.0,0.0,0.0,0.0,,,,,18473,global,0.4
5,3,lr1e-05_bs32_modL1_fusion16_fusionL1_fusionBN0_drop0p2__wd1e-04trmiss40_trlocglobal,32,1e-05,0.0001,1,16,1,False,0.2,lr1e-05_bs32_modL1_fusion16_fusionL1_fusionBN0_drop0p2__wd1e-04trmiss40_trlocglobal,3,0.693088968594869,0.6857307553291321,0.7233201581027668,0.7806159308541438,0.6888888888888889,0.0,0.0,0.0,0.0,0.0,0.0,0.0,0.0,0.0,,,,,18473,global,0.4
5,3,lr1e-05_bs32_modL1_fusion16_fusionL1_fusionBN0_drop0p2__wd1e-04trmiss40_trlocglobal,32,1e-05,0.0001,1,16,1,False,0.2,lr1e-05_bs32_modL1_fusion16_fusionL1_fusionBN0_drop0p2__wd1e-04trmiss40_trlocglobal,4,0.698144773642222,0.6845565736293793,0.7272727272727273,0.7824958701928596,0.6444444444444445,0.0,0.0,0.0,0.0,0.0,0.0,0.0,0.0,0.0,,,,,18473,global,0.4
5,3,lr1e-05_bs32_modL1_fusion16_fusionL1_fusionBN0_drop0p2__wd1e-04trmiss40_trlocglobal,32,1e-05,0.0001,1,16,1,False,0.2,lr1e-05_bs32_modL1_fusion16_fusionL1_fusionBN0_drop0p2__wd1e-04trmiss40_trlocglobal,5,0.6951339940230051,0.6838710904121399,0.7272727272727273,0.7841931426028016,0.6666666666666666,0.0,0.0,0.0,0.0,0.0,0.0,0.0,0.0,0.0,,,,,18473,global,0.4
5,3,lr1e-05_bs32_modL1_fusion16_fusionL1_fusionBN0_drop0p2__wd1e-04trmiss40_trlocglobal,32,1e-05,0.0001,1,16,1,False,0.2,lr1e-05_bs32_modL1_fusion16_fusionL1_fusionBN0_drop0p2__wd1e-04trmiss40_trlocglobal,6,0.6946597993373871,0.6829606294631958,0.7292490118577074,0.7872255129734708,0.6666666666666666,0.0,0.0,0.0,0.0,0.0,0.0,0.0,0.0,0.0,,,,,18473,global,0.4
5,3,lr1e-05_bs32_modL1_fusion16_fusionL1_fusionBN0_drop0p2__wd1e-04trmiss40_trlocglobal,32,1e-05,0.0001,1,16,1,False,0.2,lr1e-05_bs32_modL1_fusion16_fusionL1_fusionBN0_drop0p2__wd1e-04trmiss40_trlocglobal,7,0.6932407120863596,0.6825495958328247,0.7252964426877471,0.7872901012792017,0.6444444444444445,0.0,0.0,0.0,0.0,0.0,0.0,0.0,0.0,0.0,,,,,18473,global,0.4
5,3,lr1e-05_bs32_modL1_fusion16_fusionL1_fusionBN0_drop0p2__wd1e-04trmiss40_trlocglobal,32,1e-05,0.0001,1,16,1,False,0.2,lr1e-05_bs32_modL1_fusion16_fusionL1_fusionBN0_drop0p2__wd1e-04trmiss40_trlocglobal,8,0.6790010531743368,0.6814353466033936,0.7371541501976284,0.798707880935246,0.6222222222222222,0.0,0.0,0.0,0.0,0.0,0.0,0.0,0.0,0.0,,,,,18473,global,0.4
5,3,lr1e-05_bs32_modL1_fusion16_fusionL1_fusionBN0_drop0p2__wd1e-04trmiss40_trlocglobal,32,1e-05,0.0001,1,16,1,False,0.2,lr1e-05_bs32_modL1_fusion16_fusionL1_fusionBN0_drop0p2__wd1e-04trmiss40_trlocglobal,9,0.689334899187088,0.6813217103481293,0.7351778656126482,0.7951928737707479,0.6222222222222222,0.0,0.0,0.0,0.0,0.0,0.0,0.0,0.0,0.0,,,,,18473,global,0.4
5,3,lr1e-05_bs32_modL1_fusion16_fusionL1_fusionBN0_drop0p2__wd1e-04trmiss40_trlocglobal,32,1e-05,0.0001,1,16,1,False,0.2,lr1e-05_bs32_modL1_fusion16_fusionL1_fusionBN0_drop0p2__wd1e-04trmiss40_trlocglobal,10,0.6880851686000824,0.6815576553344727,0.7391304347826086,0.7999216739498067,0.6222222222222222,0.0,0.0,0.0,0.0,0.0,0.0,0.0,0.0,0.0,,,,,18473,global,0.4
5,3,lr1e-05_bs32_modL1_fusion16_fusionL1_fusionBN0_drop0p2__wd1e-04trmiss40_trlocglobal,32,1e-05,0.0001,1,16,1,False,0.2,lr1e-05_bs32_modL1_fusion16_fusionL1_fusionBN0_drop0p2__wd1e-04trmiss40_trlocglobal,11,0.6922370195388794,0.6812193393707275,0.7391304347826086,0.7968070032149988,0.6222222222222222,0.0,0.0,0.0,0.0,0.0,0.0,0.0,0.0,0.0,,,,,18473,global,0.4
5,3,lr1e-05_bs32_modL1_fusion16_fusionL1_fusionBN0_drop0p2__wd1e-04trmiss40_trlocglobal,32,1e-05,0.0001,1,16,1,False,0.2,lr1e-05_bs32_modL1_fusion16_fusionL1_fusionBN0_drop0p2__wd1e-04trmiss40_trlocglobal,12,0.6741718153158823,0.6811314821243286,0.7351778656126482,0.7948080027152487,0.6222222222222222,0.0,0.0,0.0,0.0,0.0,0.0,0.0,0.0,0.0,,,,,18473,global,0.4
5,3,lr1e-05_bs32_modL1_fusion16_fusionL1_fusionBN0_drop0p2__wd1e-04trmiss40_trlocglobal,32,1e-05,0.0001,1,16,1,False,0.2,lr1e-05_bs32_modL1_fusion16_fusionL1_fusionBN0_drop0p2__wd1e-04trmiss40_trlocglobal,13,0.6787273983160654,0.6812690198421478,0.7351778656126482,0.7924779988859945,0.6666666666666666,0.0,0.0,0.0,0.0,0.0,0.0,0.0,0.0,0.0,,,,,18473,global,0.4
5,3,lr1e-05_bs32_modL1_fusion16_fusionL1_fusionBN0_drop0p2__wd1e-04trmiss40_trlocglobal,32,1e-05,0.0001,1,16,1,False,0.2,lr1e-05_bs32_modL1_fusion16_fusionL1_fusionBN0_drop0p2__wd1e-04trmiss40_trlocglobal,14,0.6733963092168173,0.6818398237228394,0.7252964426877471,0.7855066763776781,0.6222222222222222,0.0,0.0,0.0,0.0,0.0,0.0,0.0,0.0,0.0,,,,,18473,global,0.4
5,3,lr1e-05_bs32_modL1_fusion16_fusionL1_fusionBN0_drop0p2__wd1e-04trmiss40_trlocglobal,32,1e-05,0.0001,1,16,1,False,0.2,lr1e-05_bs32_modL1_fusion16_fusionL1_fusionBN0_drop0p2__wd1e-04trmiss40_trlocglobal,15,0.6706196367740631,0.6813236773014069,0.733201581027668,0.7928049458545139,0.6444444444444445,0.0,0.0,0.0,0.0,0.0,0.0,0.0,0.0,0.0,,,,,18473,global,0.4
5,3,lr1e-05_bs32_modL1_fusion16_fusionL1_fusionBN0_drop0p2__wd1e-04trmiss40_trlocglobal,32,1e-05,0.0001,1,16,1,False,0.2,lr1e-05_bs32_modL1_fusion16_fusionL1_fusionBN0_drop0p2__wd1e-04trmiss40_trlocglobal,16,0.6748094956080118,0.6811230182647705,0.7371541501976284,0.7968204870554098,0.6666666666666666,0.0,0.0,0.0,0.0,0.0,0.0,0.0,0.0,0.0,,,,,18473,global,0.4
5,3,lr1e-05_bs32_modL1_fusion16_fusionL1_fusionBN0_drop0p2__wd1e-04trmiss40_trlocglobal,32,1e-05,0.0001,1,16,1,False,0.2,lr1e-05_bs32_modL1_fusion16_fusionL1_fusionBN0_drop0p2__wd1e-04trmiss40_trlocglobal,17,0.6693827509880066,0.6813015639781952,0.7371541501976284,0.7953618008141148,0.6666666666666666,0.0,0.0,0.0,0.0,0.0,0.0,0.0,0.0,0.0,,,,,18473,global,0.4
5,3,lr1e-05_bs32_modL1_fusion16_fusionL1_fusionBN0_drop0p2__wd1e-04trmiss40_trlocglobal,32,1e-05,0.0001,1,16,1,False,0.2,lr1e-05_bs32_modL1_fusion16_fusionL1_fusionBN0_drop0p2__wd1e-04trmiss40_trlocglobal,18,0.6643726527690887,0.6811771392822266,0.733201581027668,0.7915039838505635,0.6666666666666666,0.0,0.0,0.0,0.0,0.0,0.0,0.0,0.0,0.0,,,,,18473,global,0.4
5,3,lr1e-05_bs32_modL1_fusion16_fusionL1_fusionBN0_drop0p2__wd1e-04trmiss40_trlocglobal,32,1e-05,0.0001,1,16,1,False,0.2,lr1e-05_bs32_modL1_fusion16_fusionL1_fusionBN0_drop0p2__wd1e-04trmiss40_trlocglobal,19,0.6811575492223104,0.6811123788356781,0.7312252964426877,0.7881897618406893,0.6444444444444445,0.0,0.0,0.0,0.0,0.0,0.0,0.0,0.0,0.0,,,,,18473,global,0.4
5,3,lr1e-05_bs32_modL1_fusion16_fusionL1_fusionBN0_drop0p2__wd1e-04trmiss40_trlocglobal,32,1e-05,0.0001,1,16,1,False,0.2,lr1e-05_bs32_modL1_fusion16_fusionL1_fusionBN0_drop0p2__wd1e-04trmiss40_trlocglobal,20,0.6751490235328674,0.6805638670921326,0.7312252964426877,0.7899178138547827,0.6222222222222222,0.0,0.0,0.0,0.0,0.0,0.0,0.0,0.0,0.0,,,,,18473,global,0.4
5,3,lr1e-05_bs32_modL1_fusion16_fusionL1_fusionBN0_drop0p2__wd1e-04trmiss40_trlocglobal,32,1e-05,0.0001,1,16,1,False,0.2,lr1e-05_bs32_modL1_fusion16_fusionL1_fusionBN0_drop0p2__wd1e-04trmiss40_trlocglobal,21,0.661846935749054,0.6800627708435059,0.7292490118577075,0.7917692097993622,0.6222222222222222,0.0,0.0,0.0,0.0,0.0,0.0,0.0,0.0,0.0,,,,,18473,global,0.4
5,3,lr1e-05_bs32_modL1_fusion16_fusionL1_fusionBN0_drop0p2__wd1e-04trmiss40_trlocglobal,32,1e-05,0.0001,1,16,1,False,0.2,lr1e-05_bs32_modL1_fusion16_fusionL1_fusionBN0_drop0p2__wd1e-04trmiss40_trlocglobal,22,0.6688486635684967,0.6798408329486847,0.7272727272727273,0.7895952967558839,0.6222222222222222,0.0,0.0,0.0,0.0,0.0,0.0,0.0,0.0,0.0,,,,,18473,global,0.4
5,3,lr1e-05_bs32_modL1_fusion16_fusionL1_fusionBN0_drop0p2__wd1e-04trmiss40_trlocglobal,32,1e-05,0.0001,1,16,1,False,0.2,lr1e-05_bs32_modL1_fusion16_fusionL1_fusionBN0_drop0p2__wd1e-04trmiss40_trlocglobal,23,0.6682933668295542,0.6798502206802368,0.7213438735177866,0.7852248756500674,0.6222222222222222,0.0,0.0,0.0,0.0,0.0,0.0,0.0,0.0,0.0,,,,,18473,global,0.4
5,3,lr1e-05_bs32_modL1_fusion16_fusionL1_fusionBN0_drop0p2__wd1e-04trmiss40_trlocglobal,32,1e-05,0.0001,1,16,1,False,0.2,lr1e-05_bs32_modL1_fusion16_fusionL1_fusionBN0_drop0p2__wd1e-04trmiss40_trlocglobal,24,0.665928304195404,0.6802280247211456,0.7213438735177866,0.7836687091657802,0.6222222222222222,0.0,0.0,0.0,0.0,0.0,0.0,0.0,0.0,0.0,,,,,18473,global,0.4
5,3,lr1e-05_bs32_modL1_fusion16_fusionL1_fusionBN0_drop0p2__wd1e-04trmiss40_trlocglobal,32,1e-05,0.0001,1,16,1,False,0.2,lr1e-05_bs32_modL1_fusion16_fusionL1_fusionBN0_drop0p2__wd1e-04trmiss40_trlocglobal,25,0.6680288712183634,0.6800288259983063,0.7193675889328064,0.7832546849366605,0.6222222222222222,0.0,0.0,0.0,0.0,0.0,0.0,0.0,0.0,0.0,,,,,18473,global,0.4
5,3,lr1e-05_bs32_modL1_fusion16_fusionL1_fusionBN0_drop0p2__wd1e-04trmiss40_trlocglobal,32,1e-05,0.0001,1,16,1,False,0.2,lr1e-05_bs32_modL1_fusion16_fusionL1_fusionBN0_drop0p2__wd1e-04trmiss40_trlocglobal,26,0.6533100008964539,0.6800892651081085,0.7193675889328064,0.7855517577441304,0.6222222222222222,0.0,0.0,0.0,0.0,0.0,0.0,0.0,0.0,0.0,,,,,18473,global,0.4
5,3,lr1e-05_bs32_modL1_fusion16_fusionL1_fusionBN0_drop0p2__wd1e-04trmiss40_trlocglobal,32,1e-05,0.0001,1,16,1,False,0.2,lr1e-05_bs32_modL1_fusion16_fusionL1_fusionBN0_drop0p2__wd1e-04trmiss40_trlocglobal,27,0.6553106109301249,0.6800060570240021,0.7173913043478262,0.7852374267661838,0.6222222222222222,0.0,0.0,0.0,0.0,0.0,0.0,0.0,0.0,0.0,,,,,18473,global,0.4
5,3,lr1e-05_bs32_modL1_fusion16_fusionL1_fusionBN0_drop0p2__wd1e-04trmiss40_trlocglobal,32,1e-05,0.0001,1,16,1,False,0.2,lr1e-05_bs32_modL1_fusion16_fusionL1_fusionBN0_drop0p2__wd1e-04trmiss40_trlocglobal,28,0.6634603043397268,0.6798968315124512,0.7134387351778655,0.7832547310494727,0.6444444444444445,0.0,0.0,0.0,0.0,0.0,0.0,0.0,0.0,0.0,,,,,18473,global,0.4
5,3,lr1e-05_bs32_modL1_fusion16_fusionL1_fusionBN0_drop0p2__wd1e-04trmiss40_trlocglobal,32,1e-05,0.0001,1,16,1,False,0.2,lr1e-05_bs32_modL1_fusion16_fusionL1_fusionBN0_drop0p2__wd1e-04trmiss40_trlocglobal,29,0.6730094949404398,0.6798549294471741,0.7193675889328064,0.7861085845938633,0.6222222222222222,0.0,0.0,0.0,0.0,0.0,0.0,0.0,0.0,0.0,,,,,18473,global,0.4
5,3,lr1e-05_bs32_modL1_fusion16_fusionL1_fusionBN0_drop0p2__wd1e-04trmiss40_trlocglobal,32,1e-05,0.0001,1,16,1,False,0.2,lr1e-05_bs32_modL1_fusion16_fusionL1_fusionBN0_drop0p2__wd1e-04trmiss40_trlocglobal,30,0.6587763528029124,0.6796813607215881,0.7154150197628457,0.7843249651631852,0.6222222222222222,0.0,0.0,0.0,0.0,0.0,0.0,0.0,0.0,0.0,,,,,18473,global,0.4
5,3,lr1e-05_bs32_modL1_fusion16_fusionL1_fusionBN0_drop0p2__wd1e-04trmiss40_trlocglobal,32,1e-05,0.0001,1,16,1,False,0.2,lr1e-05_bs32_modL1_fusion16_fusionL1_fusionBN0_drop0p2__wd1e-04trmiss40_trlocglobal,31,0.6598578294118246,0.6800348162651062,0.7193675889328064,0.7858972069631309,0.6222222222222222,0.0,0.0,0.0,0.0,0.0,0.0,0.0,0.0,0.0,,,,,18473,global,0.4
5,3,lr1e-05_bs32_modL1_fusion16_fusionL1_fusionBN0_drop0p1__wd1e-04trmiss40_trlocglobal,32,1e-05,0.0001,1,16,1,False,0.1,lr1e-05_bs32_modL1_fusion16_fusionL1_fusionBN0_drop0p1__wd1e-04trmiss40_trlocglobal,1,0.6904010971387228,0.6925026476383209,0.5810276679841897,0.5509175480598987,0.5555555555555556,0.0,0.0,0.0,0.0,0.0,0.0,0.0,0.0,0.0,,,,,18473,global,0.4
5,3,lr1e-05_bs32_modL1_fusion16_fusionL1_fusionBN0_drop0p1__wd1e-04trmiss40_trlocglobal,32,1e-05,0.0001,1,16,1,False,0.1,lr1e-05_bs32_modL1_fusion16_fusionL1_fusionBN0_drop0p1__wd1e-04trmiss40_trlocglobal,2,0.6898588836193085,0.6931893527507782,0.5810276679841897,0.585175716153727,0.5777777777777777,0.0,0.0,0.0,0.0,0.0,0.0,0.0,0.0,0.0,,,,,18473,global,0.4
5,3,lr1e-05_bs32_modL1_fusion16_fusionL1_fusionBN0_drop0p1__wd1e-04trmiss40_trlocglobal,32,1e-05,0.0001,1,16,1,False,0.1,lr1e-05_bs32_modL1_fusion16_fusionL1_fusionBN0_drop0p1__wd1e-04trmiss40_trlocglobal,3,0.6800159315268198,0.6942238211631775,0.5671936758893281,0.5688376681355721,0.5777777777777777,0.0,0.0,0.0,0.0,0.0,0.0,0.0,0.0,0.0,,,,,18473,global,0.4
5,3,lr1e-05_bs32_modL1_fusion16_fusionL1_fusionBN0_drop0p1__wd1e-04trmiss40_trlocglobal,32,1e-05,0.0001,1,16,1,False,0.1,lr1e-05_bs32_modL1_fusion16_fusionL1_fusionBN0_drop0p1__wd1e-04trmiss40_trlocglobal,4,0.6746780971686045,0.6960688531398773,0.5632411067193677,0.5667274742437233,0.5333333333333333,0.0,0.0,0.0,0.0,0.0,0.0,0.0,0.0,0.0,,,,,18473,global,0.4
5,3,lr1e-05_bs32_modL1_fusion16_fusionL1_fusionBN0_drop0p1__wd1e-04trmiss40_trlocglobal,32,1e-05,0.0001,1,16,1,False,0.1,lr1e-05_bs32_modL1_fusion16_fusionL1_fusionBN0_drop0p1__wd1e-04trmiss40_trlocglobal,5,0.671472450097402,0.695862740278244,0.5592885375494071,0.5651775296306738,0.5333333333333333,0.0,0.0,0.0,0.0,0.0,0.0,0.0,0.0,0.0,,,,,18473,global,0.4
5,3,lr1e-05_bs32_modL1_fusion16_fusionL1_fusionBN0_drop0p1__wd1e-04trmiss40_trlocglobal,32,1e-05,0.0001,1,16,1,False,0.1,lr1e-05_bs32_modL1_fusion16_fusionL1_fusionBN0_drop0p1__wd1e-04trmiss40_trlocglobal,6,0.6789251168568929,0.6963217854499817,0.5612648221343873,0.5675399438924016,0.5111111111111111,0.0,0.0,0.0,0.0,0.0,0.0,0.0,0.0,0.0,,,,,18473,global,0.4
5,3,lr1e-05_bs32_modL1_fusion16_fusionL1_fusionBN0_drop0p1__wd1e-04trmiss40_trlocglobal,32,1e-05,0.0001,1,16,1,False,0.1,lr1e-05_bs32_modL1_fusion16_fusionL1_fusionBN0_drop0p1__wd1e-04trmiss40_trlocglobal,7,0.672035018603007,0.6963708102703094,0.5592885375494071,0.5655477197815852,0.5111111111111111,0.0,0.0,0.0,0.0,0.0,0.0,0.0,0.0,0.0,,,,,18473,global,0.4
5,3,lr1e-05_bs32_modL1_fusion16_fusionL1_fusionBN0_drop0p1__wd1e-04trmiss40_trlocglobal,32,1e-05,0.0001,1,16,1,False,0.1,lr1e-05_bs32_modL1_fusion16_fusionL1_fusionBN0_drop0p1__wd1e-04trmiss40_trlocglobal,8,0.6578853527704874,0.695395439863205,0.5612648221343874,0.5681690531826332,0.5333333333333333,0.0,0.0,0.0,0.0,0.0,0.0,0.0,0.0,0.0,,,,,18473,global,0.4
5,3,lr1e-05_bs32_modL1_fusion16_fusionL1_fusionBN0_drop0p1__wd1e-04trmiss40_trlocglobal,32,1e-05,0.0001,1,16,1,False,0.1,lr1e-05_bs32_modL1_fusion16_fusionL1_fusionBN0_drop0p1__wd1e-04trmiss40_trlocglobal,9,0.6692980329195658,0.6951787173748016,0.5533596837944663,0.5631499985152411,0.5111111111111111,0.0,0.0,0.0,0.0,0.0,0.0,0.0,0.0,0.0,,,,,18473,global,0.4
5,3,lr1e-05_bs32_modL1_fusion16_fusionL1_fusionBN0_drop0p1__wd1e-04trmiss40_trlocglobal,32,1e-05,0.0001,1,16,1,False,0.1,lr1e-05_bs32_modL1_fusion16_fusionL1_fusionBN0_drop0p1__wd1e-04trmiss40_trlocglobal,10,0.6609084407488505,0.6946398913860321,0.5553359683794467,0.5725263509717671,0.5333333333333333,0.0,0.0,0.0,0.0,0.0,0.0,0.0,0.0,0.0,,,,,18473,global,0.4
5,3,lr1e-05_bs32_modL1_fusion16_fusionL1_fusionBN0_drop0p1__wd1e-04trmiss40_trlocglobal,32,1e-05,0.0001,1,16,1,False,0.1,lr1e-05_bs32_modL1_fusion16_fusionL1_fusionBN0_drop0p1__wd1e-04trmiss40_trlocglobal,11,0.657010426123937,0.6937133073806763,0.5592885375494071,0.584668355028901,0.5555555555555556,0.0,0.0,0.0,0.0,0.0,0.0,0.0,0.0,0.0,,,,,18473,global,0.4
5,3,lr1e-05_bs32_modL1_fusion16_fusionL1_fusionBN0_drop0p1__wd1e-04trmiss40_trlocglobal,32,1e-05,0.0001,1,16,1,False,0.1,lr1e-05_bs32_modL1_fusion16_fusionL1_fusionBN0_drop0p1__wd1e-04trmiss40_trlocglobal,12,0.6606431106726328,0.6930115818977356,0.5632411067193676,0.6008147467551003,0.5555555555555556,0.0,0.0,0.0,0.0,0.0,0.0,0.0,0.0,0.0,,,,,18473,global,0.4
5,3,lr1e-05_bs32_modL1_fusion16_fusionL1_fusionBN0_drop0p1__wd1e-04trmiss40_trlocglobal,32,1e-05,0.0001,1,16,1,False,0.1,lr1e-05_bs32_modL1_fusion16_fusionL1_fusionBN0_drop0p1__wd1e-04trmiss40_trlocglobal,13,0.6505277355511984,0.6927502453327179,0.575098814229249,0.6118013644170712,0.5555555555555556,0.0,0.0,0.0,0.0,0.0,0.0,0.0,0.0,0.0,,,,,18473,global,0.4
5,3,lr1e-05_bs32_modL1_fusion16_fusionL1_fusionBN0_drop0p1__wd1e-04trmiss40_trlocglobal,32,1e-05,0.0001,1,16,1,False,0.1,lr1e-05_bs32_modL1_fusion16_fusionL1_fusionBN0_drop0p1__wd1e-04trmiss40_trlocglobal,14,0.6522732178370158,0.6927827596664429,0.5790513833992095,0.616986921261667,0.5555555555555556,0.0,0.0,0.0,0.0,0.0,0.0,0.0,0.0,0.0,,,,,18473,global,0.4
5,3,lr1e-05_bs32_modL1_fusion16_fusionL1_fusionBN0_drop0p1__wd1e-04trmiss40_trlocglobal,32,1e-05,0.0001,1,16,1,False,0.1,lr1e-05_bs32_modL1_fusion16_fusionL1_fusionBN0_drop0p1__wd1e-04trmiss40_trlocglobal,15,0.6597695549329122,0.6927294731140137,0.5849802371541502,0.6314751904015155,0.5333333333333333,0.0,0.0,0.0,0.0,0.0,0.0,0.0,0.0,0.0,,,,,18473,global,0.4
5,3,lr1e-05_bs32_modL1_fusion16_fusionL1_fusionBN0_drop0p1__wd1e-04trmiss40_trlocglobal,32,1e-05,0.0001,1,16,1,False,0.1,lr1e-05_bs32_modL1_fusion16_fusionL1_fusionBN0_drop0p1__wd1e-04trmiss40_trlocglobal,16,0.647651215394338,0.6928077340126038,0.5810276679841897,0.6279575045586878,0.5333333333333333,0.0,0.0,0.0,0.0,0.0,0.0,0.0,0.0,0.0,,,,,18473,global,0.4
5,3,lr1e-05_bs32_modL1_fusion16_fusionL1_fusionBN0_drop0p1__wd1e-04trmiss40_trlocglobal,32,1e-05,0.0001,1,16,1,False,0.1,lr1e-05_bs32_modL1_fusion16_fusionL1_fusionBN0_drop0p1__wd1e-04trmiss40_trlocglobal,17,0.6484248836835226,0.6924387216567993,0.5790513833992095,0.6274457024747624,0.5333333333333333,0.0,0.0,0.0,0.0,0.0,0.0,0.0,0.0,0.0,,,,,18473,global,0.4
5,3,lr1e-05_bs32_modL1_fusion16_fusionL1_fusionBN0_drop0p1__wd1e-04trmiss40_trlocglobal,32,1e-05,0.0001,1,16,1,False,0.1,lr1e-05_bs32_modL1_fusion16_fusionL1_fusionBN0_drop0p1__wd1e-04trmiss40_trlocglobal,18,0.6465633511543274,0.6930448412895203,0.5731225296442688,0.6211121031785866,0.5333333333333333,0.0,0.0,0.0,0.0,0.0,0.0,0.0,0.0,0.0,,,,,18473,global,0.4
5,3,lr1e-05_bs32_modL1_fusion16_fusionL1_fusionBN0_drop0p1__wd1e-04trmiss40_trlocglobal,32,1e-05,0.0001,1,16,1,False,0.1,lr1e-05_bs32_modL1_fusion16_fusionL1_fusionBN0_drop0p1__wd1e-04trmiss40_trlocglobal,19,0.6437405447165171,0.6927140355110168,0.5711462450592885,0.6201273042246801,0.5333333333333333,0.0,0.0,0.0,0.0,0.0,0.0,0.0,0.0,0.0,,,,,18473,global,0.4
5,3,lr1e-05_bs32_modL1_fusion16_fusionL1_fusionBN0_drop0p1__wd1e-04trmiss40_trlocglobal,32,1e-05,0.0001,1,16,1,False,0.1,lr1e-05_bs32_modL1_fusion16_fusionL1_fusionBN0_drop0p1__wd1e-04trmiss40_trlocglobal,20,0.6468557318051656,0.6926764845848083,0.5691699604743083,0.6175970544855396,0.5333333333333333,0.0,0.0,0.0,0.0,0.0,0.0,0.0,0.0,0.0,,,,,18473,global,0.4
5,3,lr1e-05_bs32_modL1_fusion16_fusionL1_fusionBN0_drop0p1__wd1e-04trmiss40_trlocglobal,32,1e-05,0.0001,1,16,1,False,0.1,lr1e-05_bs32_modL1_fusion16_fusionL1_fusionBN0_drop0p1__wd1e-04trmiss40_trlocglobal,21,0.639812707901001,0.6918015480041504,0.5770750988142292,0.6204504334683171,0.5333333333333333,0.0,0.0,0.0,0.0,0.0,0.0,0.0,0.0,0.0,,,,,18473,global,0.4
5,3,lr1e-05_bs32_modL1_fusion16_fusionL1_fusionBN0_drop0p1__wd1e-04trmiss40_trlocglobal,32,1e-05,0.0001,1,16,1,False,0.1,lr1e-05_bs32_modL1_fusion16_fusionL1_fusionBN0_drop0p1__wd1e-04trmiss40_trlocglobal,22,0.6330105066299438,0.6921075284481049,0.5632411067193676,0.6102351548171615,0.5333333333333333,0.0,0.0,0.0,0.0,0.0,0.0,0.0,0.0,0.0,,,,,18473,global,0.4
5,3,lr1e-05_bs32_modL1_fusion16_fusionL1_fusionBN0_drop0p1__wd1e-04trmiss40_trlocglobal,32,1e-05,0.0001,1,16,1,False,0.1,lr1e-05_bs32_modL1_fusion16_fusionL1_fusionBN0_drop0p1__wd1e-04trmiss40_trlocglobal,23,0.6375986138979594,0.69229656457901,0.5671936758893281,0.611972359964668,0.5333333333333333,0.0,0.0,0.0,0.0,0.0,0.0,0.0,0.0,0.0,,,,,18473,global,0.4
5,3,lr1e-05_bs32_modL1_fusion16_fusionL1_fusionBN0_drop0p1__wd1e-04trmiss40_trlocglobal,32,1e-05,0.0001,1,16,1,False,0.1,lr1e-05_bs32_modL1_fusion16_fusionL1_fusionBN0_drop0p1__wd1e-04trmiss40_trlocglobal,24,0.6371185878912607,0.6931440532207489,0.5553359683794467,0.6045263658978872,0.5111111111111111,0.0,0.0,0.0,0.0,0.0,0.0,0.0,0.0,0.0,,,,,18473,global,0.4
5,3,lr1e-05_bs32_modL1_fusion16_fusionL1_fusionBN0_drop0p1__wd1e-04trmiss40_trlocglobal,32,1e-05,0.0001,1,16,1,False,0.1,lr1e-05_bs32_modL1_fusion16_fusionL1_fusionBN0_drop0p1__wd1e-04trmiss40_trlocglobal,25,0.6302245557308197,0.6933466792106628,0.5573122529644269,0.6024465696768669,0.5333333333333333,0.0,0.0,0.0,0.0,0.0,0.0,0.0,0.0,0.0,,,,,18473,global,0.4
5,3,lr1e-05_bs32_modL1_fusion16_fusionL1_fusionBN0_drop0p1__wd1e-04trmiss40_trlocglobal,32,1e-05,0.0001,1,16,1,False,0.1,lr1e-05_bs32_modL1_fusion16_fusionL1_fusionBN0_drop0p1__wd1e-04trmiss40_trlocglobal,26,0.6269877354303995,0.6940430700778961,0.5533596837944664,0.6016440901351386,0.5333333333333333,0.0,0.0,0.0,0.0,0.0,0.0,0.0,0.0,0.0,,,,,18473,global,0.4
5,3,lr1e-05_bs32_modL1_fusion16_fusionL1_fusionBN0_drop0p1__wd1e-04trmiss40_trlocglobal,32,1e-05,0.0001,1,16,1,False,0.1,lr1e-05_bs32_modL1_fusion16_fusionL1_fusionBN0_drop0p1__wd1e-04trmiss40_trlocglobal,27,0.6346546411514282,0.6939491331577301,0.5553359683794467,0.6041530742597522,0.5333333333333333,0.0,0.0,0.0,0.0,0.0,0.0,0.0,0.0,0.0,,,,,18473,global,0.4
5,3,lr1e-05_bs32_modL1_fusion16_fusionL1_fusionBN0_drop0p1__wd1e-04trmiss40_trlocglobal,32,1e-05,0.0001,1,16,1,False,0.1,lr1e-05_bs32_modL1_fusion16_fusionL1_fusionBN0_drop0p1__wd1e-04trmiss40_trlocglobal,28,0.627410352230072,0.6940930485725403,0.5474308300395258,0.5994086411773487,0.5333333333333333,0.0,0.0,0.0,0.0,0.0,0.0,0.0,0.0,0.0,,,,,18473,global,0.4
5,3,lr1e-05_bs32_modL1_fusion16_fusionL1_fusionBN0_drop0p1__wd1e-04trmiss40_trlocglobal,32,1e-05,0.0001,1,16,1,False,0.1,lr1e-05_bs32_modL1_fusion16_fusionL1_fusionBN0_drop0p1__wd1e-04trmiss40_trlocglobal,29,0.6374586423238119,0.6943790912628174,0.5454545454545454,0.5885262734628031,0.5333333333333333,0.0,0.0,0.0,0.0,0.0,0.0,0.0,0.0,0.0,,,,,18473,global,0.4
5,3,lr1e-05_bs32_modL1_fusion16_fusionL1_fusionBN0_drop0p1__wd1e-04trmiss40_trlocglobal,32,1e-05,0.0001,1,16,1,False,0.1,lr1e-05_bs32_modL1_fusion16_fusionL1_fusionBN0_drop0p1__wd1e-04trmiss40_trlocglobal,30,0.6256201962629954,0.6950862109661102,0.5434782608695652,0.5789582589047538,0.5333333333333333,0.0,0.0,0.0,0.0,0.0,0.0,0.0,0.0,0.0,,,,,18473,global,0.4
5,3,lr1e-05_bs32_modL1_fusion16_fusionL1_fusionBN0_drop0p1__wd1e-04trmiss40_trlocglobal,32,1e-05,0.0001,1,16,1,False,0.1,lr1e-05_bs32_modL1_fusion16_fusionL1_fusionBN0_drop0p1__wd1e-04trmiss40_trlocglobal,31,0.6260961592197418,0.6945812106132507,0.5454545454545454,0.579377845631679,0.5333333333333333,0.0,0.0,0.0,0.0,0.0,0.0,0.0,0.0,0.0,,,,,18473,global,0.4
5,3,lr1e-05_bs32_modL1_fusion16_fusionL1_fusionBN0_drop0p1__wd1e-04trmiss40_trlocglobal,32,1e-05,0.0001,1,16,1,False,0.1,lr1e-05_bs32_modL1_fusion16_fusionL1_fusionBN0_drop0p1__wd1e-04trmiss40_trlocglobal,32,0.6274265150229136,0.6946930289268494,0.5474308300395256,0.596105614816915,0.5333333333333333,0.0,0.0,0.0,0.0,0.0,0.0,0.0,0.0,0.0,,,,,18473,global,0.4
5,3,lr1e-05_bs32_modL1_fusion16_fusionL1_fusionBN0_drop0p1__wd1e-04trmiss40_trlocglobal,32,1e-05,0.0001,1,16,1,False,0.1,lr1e-05_bs32_modL1_fusion16_fusionL1_fusionBN0_drop0p1__wd1e-04trmiss40_trlocglobal,33,0.6328641076882681,0.6941191554069519,0.5395256916996047,0.5800191311945703,0.5333333333333333,0.0,0.0,0.0,0.0,0.0,0.0,0.0,0.0,0.0,,,,,18473,global,0.4
5,3,lr1e-05_bs32_modL1_fusion16_fusionL1_fusionBN0_drop0p1__wd1e-04trmiss40_trlocglobal,32,1e-05,0.0001,1,16,1,False,0.1,lr1e-05_bs32_modL1_fusion16_fusionL1_fusionBN0_drop0p1__wd1e-04trmiss40_trlocglobal,34,0.6242629090944926,0.6944523751735687,0.5434782608695652,0.5792358003984898,0.5333333333333333,0.0,0.0,0.0,0.0,0.0,0.0,0.0,0.0,0.0,,,,,18473,global,0.4
5,3,lr1e-05_bs32_modL1_fusion16_fusionL1_fusionBN0_drop0p1__wd1e-04trmiss40_trlocglobal,32,1e-05,0.0001,1,16,1,False,0.1,lr1e-05_bs32_modL1_fusion16_fusionL1_fusionBN0_drop0p1__wd1e-04trmiss40_trlocglobal,35,0.6199313402175903,0.6943163573741913,0.541501976284585,0.578585781935134,0.5333333333333333,0.0,0.0,0.0,0.0,0.0,0.0,0.0,0.0,0.0,,,,,18473,global,0.4
5,3,lr1e-05_bs32_modL1_fusion32_fusionL1_fusionBN0_drop0p2__wd1e-04trmiss40_trlocglobal,32,1e-05,0.0001,1,32,1,False,0.2,lr1e-05_bs32_modL1_fusion32_fusionL1_fusionBN0_drop0p2__wd1e-04trmiss40_trlocglobal,1,0.6903932392597198,0.7119554281234741,0.46047430830039526,0.5432709507381772,0.5111111111111111,0.0,0.0,0.0,0.0,0.0,0.0,0.0,0.0,0.0,,,,,18473,global,0.4
5,3,lr1e-05_bs32_modL1_fusion32_fusionL1_fusionBN0_drop0p2__wd1e-04trmiss40_trlocglobal,32,1e-05,0.0001,1,32,1,False,0.2,lr1e-05_bs32_modL1_fusion32_fusionL1_fusionBN0_drop0p2__wd1e-04trmiss40_trlocglobal,2,0.6961601773897806,0.7138676345348358,0.47233201581027673,0.5500772340473813,0.5111111111111111,0.0,0.0,0.0,0.0,0.0,0.0,0.0,0.0,0.0,,,,,18473,global,0.4
5,3,lr1e-05_bs32_modL1_fusion32_fusionL1_fusionBN0_drop0p2__wd1e-04trmiss40_trlocglobal,32,1e-05,0.0001,1,32,1,False,0.2,lr1e-05_bs32_modL1_fusion32_fusionL1_fusionBN0_drop0p2__wd1e-04trmiss40_trlocglobal,3,0.6861642499764761,0.7155286073684692,0.4683794466403162,0.5519110052260163,0.5111111111111111,0.0,0.0,0.0,0.0,0.0,0.0,0.0,0.0,0.0,,,,,18473,global,0.4
5,3,lr1e-05_bs32_modL1_fusion32_fusionL1_fusionBN0_drop0p2__wd1e-04trmiss40_trlocglobal,32,1e-05,0.0001,1,32,1,False,0.2,lr1e-05_bs32_modL1_fusion32_fusionL1_fusionBN0_drop0p2__wd1e-04trmiss40_trlocglobal,4,0.6868190666039785,0.716669887304306,0.4703557312252965,0.5534437288759422,0.5111111111111111,0.0,0.0,0.0,0.0,0.0,0.0,0.0,0.0,0.0,,,,,18473,global,0.4
5,3,lr1e-05_bs32_modL1_fusion32_fusionL1_fusionBN0_drop0p2__wd1e-04trmiss40_trlocglobal,32,1e-05,0.0001,1,32,1,False,0.2,lr1e-05_bs32_modL1_fusion32_fusionL1_fusionBN0_drop0p2__wd1e-04trmiss40_trlocglobal,5,0.6959963838259379,0.7175871431827545,0.4762845849802372,0.5594405701988705,0.5111111111111111,0.0,0.0,0.0,0.0,0.0,0.0,0.0,0.0,0.0,,,,,18473,global,0.4
5,3,lr1e-05_bs32_modL1_fusion32_fusionL1_fusionBN0_drop0p2__wd1e-04trmiss40_trlocglobal,32,1e-05,0.0001,1,32,1,False,0.2,lr1e-05_bs32_modL1_fusion32_fusionL1_fusionBN0_drop0p2__wd1e-04trmiss40_trlocglobal,6,0.6901111900806427,0.7176578640937805,0.4743083003952569,0.5600391625653496,0.5111111111111111,0.0,0.0,0.0,0.0,0.0,0.0,0.0,0.0,0.0,,,,,18473,global,0.4
5,3,lr1e-05_bs32_modL1_fusion32_fusionL1_fusionBN0_drop0p2__wd1e-04trmiss40_trlocglobal,32,1e-05,0.0001,1,32,1,False,0.2,lr1e-05_bs32_modL1_fusion32_fusionL1_fusionBN0_drop0p2__wd1e-04trmiss40_trlocglobal,7,0.6753596166769663,0.7176035344600677,0.4762845849802371,0.5594632163372294,0.5111111111111111,0.0,0.0,0.0,0.0,0.0,0.0,0.0,0.0,0.0,,,,,18473,global,0.4
5,3,lr1e-05_bs32_modL1_fusion32_fusionL1_fusionBN0_drop0p2__wd1e-04trmiss40_trlocglobal,32,1e-05,0.0001,1,32,1,False,0.2,lr1e-05_bs32_modL1_fusion32_fusionL1_fusionBN0_drop0p2__wd1e-04trmiss40_trlocglobal,8,0.6739563544591268,0.7173722088336945,0.48221343873517786,0.5635850904023927,0.5111111111111111,0.0,0.0,0.0,0.0,0.0,0.0,0.0,0.0,0.0,,,,,18473,global,0.4
5,3,lr1e-05_bs32_modL1_fusion32_fusionL1_fusionBN0_drop0p2__wd1e-04trmiss40_trlocglobal,32,1e-05,0.0001,1,32,1,False,0.2,lr1e-05_bs32_modL1_fusion32_fusionL1_fusionBN0_drop0p2__wd1e-04trmiss40_trlocglobal,9,0.6812134484450022,0.7169346213340759,0.49209486166007904,0.5675004714215605,0.5111111111111111,0.0,0.0,0.0,0.0,0.0,0.0,0.0,0.0,0.0,,,,,18473,global,0.4
5,3,lr1e-05_bs32_modL1_fusion32_fusionL1_fusionBN0_drop0p2__wd1e-04trmiss40_trlocglobal,32,1e-05,0.0001,1,32,1,False,0.2,lr1e-05_bs32_modL1_fusion32_fusionL1_fusionBN0_drop0p2__wd1e-04trmiss40_trlocglobal,10,0.6772666672865549,0.7166207432746887,0.49209486166007904,0.5687619983592614,0.5111111111111111,0.0,0.0,0.0,0.0,0.0,0.0,0.0,0.0,0.0,,,,,18473,global,0.4
5,3,lr1e-05_bs32_modL1_fusion32_fusionL1_fusionBN0_drop0p2__wd1e-04trmiss40_trlocglobal,32,1e-05,0.0001,1,32,1,False,0.2,lr1e-05_bs32_modL1_fusion32_fusionL1_fusionBN0_drop0p2__wd1e-04trmiss40_trlocglobal,11,0.6746627390384674,0.716717541217804,0.4980237154150198,0.5710045577852483,0.5111111111111111,0.0,0.0,0.0,0.0,0.0,0.0,0.0,0.0,0.0,,,,,18473,global,0.4
5,3,lr1e-05_bs32_modL1_fusion32_fusionL1_fusionBN0_drop0p2__wd1e-04trmiss40_trlocglobal,32,1e-05,0.0001,1,32,1,False,0.2,lr1e-05_bs32_modL1_fusion32_fusionL1_fusionBN0_drop0p2__wd1e-04trmiss40_trlocglobal,12,0.6812036434809366,0.716599851846695,0.49209486166007904,0.5669887387542625,0.4888888888888889,0.0,0.0,0.0,0.0,0.0,0.0,0.0,0.0,0.0,,,,,18473,global,0.4
5,3,lr1e-05_bs32_modL1_fusion32_fusionL1_fusionBN0_drop0p2__wd1e-04trmiss40_trlocglobal,32,1e-05,0.0001,1,32,1,False,0.2,lr1e-05_bs32_modL1_fusion32_fusionL1_fusionBN0_drop0p2__wd1e-04trmiss40_trlocglobal,13,0.6737914880116781,0.7163977324962616,0.49209486166007904,0.568308050303753,0.4888888888888889,0.0,0.0,0.0,0.0,0.0,0.0,0.0,0.0,0.0,,,,,18473,global,0.4
5,3,lr1e-05_bs32_modL1_fusion32_fusionL1_fusionBN0_drop0p2__wd1e-04trmiss40_trlocglobal,32,1e-05,0.0001,1,32,1,False,0.2,lr1e-05_bs32_modL1_fusion32_fusionL1_fusionBN0_drop0p2__wd1e-04trmiss40_trlocglobal,14,0.6729470193386078,0.7164856791496277,0.4980237154150198,0.5729714314912524,0.4888888888888889,0.0,0.0,0.0,0.0,0.0,0.0,0.0,0.0,0.0,,,,,18473,global,0.4
5,3,lr1e-05_bs32_modL1_fusion32_fusionL1_fusionBN0_drop0p2__wd1e-04trmiss40_trlocglobal,32,1e-05,0.0001,1,32,1,False,0.2,lr1e-05_bs32_modL1_fusion32_fusionL1_fusionBN0_drop0p2__wd1e-04trmiss40_trlocglobal,15,0.676625649134318,0.7157418131828308,0.49407114624505927,0.5698876509051088,0.4888888888888889,0.0,0.0,0.0,0.0,0.0,0.0,0.0,0.0,0.0,,,,,18473,global,0.4
5,3,lr1e-05_bs32_modL1_fusion32_fusionL1_fusionBN0_drop0p2__wd1e-04trmiss40_trlocglobal,32,1e-05,0.0001,1,32,1,False,0.2,lr1e-05_bs32_modL1_fusion32_fusionL1_fusionBN0_drop0p2__wd1e-04trmiss40_trlocglobal,16,0.6711703638235728,0.7152555882930756,0.4980237154150198,0.5742099126836273,0.4888888888888889,0.0,0.0,0.0,0.0,0.0,0.0,0.0,0.0,0.0,,,,,18473,global,0.4
5,3,lr1e-05_bs32_modL1_fusion32_fusionL1_fusionBN0_drop0p2__wd1e-04trmiss40_trlocglobal,32,1e-05,0.0001,1,32,1,False,0.2,lr1e-05_bs32_modL1_fusion32_fusionL1_fusionBN0_drop0p2__wd1e-04trmiss40_trlocglobal,17,0.6683671573797861,0.7150903642177582,0.5,0.5738832248201214,0.4888888888888889,0.0,0.0,0.0,0.0,0.0,0.0,0.0,0.0,0.0,,,,,18473,global,0.4
5,3,lr1e-05_bs32_modL1_fusion32_fusionL1_fusionBN0_drop0p2__wd1e-04trmiss40_trlocglobal,32,1e-05,0.0001,1,32,1,False,0.2,lr1e-05_bs32_modL1_fusion32_fusionL1_fusionBN0_drop0p2__wd1e-04trmiss40_trlocglobal,18,0.6673389275868734,0.7149997353553772,0.49604743083003955,0.5743054656227969,0.4888888888888889,0.0,0.0,0.0,0.0,0.0,0.0,0.0,0.0,0.0,,,,,18473,global,0.4
5,3,lr1e-05_bs32_modL1_fusion32_fusionL1_fusionBN0_drop0p2__wd1e-04trmiss40_trlocglobal,32,1e-05,0.0001,1,32,1,False,0.2,lr1e-05_bs32_modL1_fusion32_fusionL1_fusionBN0_drop0p2__wd1e-04trmiss40_trlocglobal,19,0.6697734693686167,0.7151937484741211,0.4980237154150198,0.5763401419946951,0.4888888888888889,0.0,0.0,0.0,0.0,0.0,0.0,0.0,0.0,0.0,,,,,18473,global,0.4
5,3,lr1e-05_bs32_modL1_fusion32_fusionL1_fusionBN0_drop0p2__wd1e-04trmiss40_trlocglobal,32,1e-05,0.0001,1,32,1,False,0.2,lr1e-05_bs32_modL1_fusion32_fusionL1_fusionBN0_drop0p2__wd1e-04trmiss40_trlocglobal,20,0.6599701245625814,0.7148090600967407,0.5,0.581357427446763,0.4888888888888889,0.0,0.0,0.0,0.0,0.0,0.0,0.0,0.0,0.0,,,,,18473,global,0.4
5,3,lr1e-05_bs32_modL1_fusion32_fusionL1_fusionBN0_drop0p2__wd1e-04trmiss40_trlocglobal,32,1e-05,0.0001,1,32,1,False,0.2,lr1e-05_bs32_modL1_fusion32_fusionL1_fusionBN0_drop0p2__wd1e-04trmiss40_trlocglobal,21,0.6602024535338084,0.7145575284957886,0.5,0.5828618811251298,0.4888888888888889,0.0,0.0,0.0,0.0,0.0,0.0,0.0,0.0,0.0,,,,,18473,global,0.4
5,3,lr1e-05_bs32_modL1_fusion32_fusionL1_fusionBN0_drop0p2__wd1e-04trmiss40_trlocglobal,32,1e-05,0.0001,1,32,1,False,0.2,lr1e-05_bs32_modL1_fusion32_fusionL1_fusionBN0_drop0p2__wd1e-04trmiss40_trlocglobal,22,0.6535041431585947,0.7146067321300507,0.5039525691699605,0.5857851354070798,0.4888888888888889,0.0,0.0,0.0,0.0,0.0,0.0,0.0,0.0,0.0,,,,,18473,global,0.4
5,3,lr1e-05_bs32_modL1_fusion32_fusionL1_fusionBN0_drop0p2__wd1e-04trmiss40_trlocglobal,32,1e-05,0.0001,1,32,1,False,0.2,lr1e-05_bs32_modL1_fusion32_fusionL1_fusionBN0_drop0p2__wd1e-04trmiss40_trlocglobal,23,0.6658993860085806,0.7143593430519104,0.5059288537549407,0.595622355254904,0.4888888888888889,0.0,0.0,0.0,0.0,0.0,0.0,0.0,0.0,0.0,,,,,18473,global,0.4
5,3,lr1e-05_bs32_modL1_fusion32_fusionL1_fusionBN0_drop0p2__wd1e-04trmiss40_trlocglobal,32,1e-05,0.0001,1,32,1,False,0.2,lr1e-05_bs32_modL1_fusion32_fusionL1_fusionBN0_drop0p2__wd1e-04trmiss40_trlocglobal,24,0.669237474600474,0.7146022319793701,0.5039525691699605,0.596217686515001,0.4888888888888889,0.0,0.0,0.0,0.0,0.0,0.0,0.0,0.0,0.0,,,,,18473,global,0.4
5,3,lr1e-05_bs32_modL1_fusion32_fusionL1_fusionBN0_drop0p2__wd1e-04trmiss40_trlocglobal,32,1e-05,0.0001,1,32,1,False,0.2,lr1e-05_bs32_modL1_fusion32_fusionL1_fusionBN0_drop0p2__wd1e-04trmiss40_trlocglobal,25,0.6633315682411194,0.7146148085594177,0.5019762845849802,0.5960063297381618,0.4888888888888889,0.0,0.0,0.0,0.0,0.0,0.0,0.0,0.0,0.0,,,,,18473,global,0.4
5,3,lr1e-05_bs32_modL1_fusion32_fusionL1_fusionBN0_drop0p2__wd1e-04trmiss40_trlocglobal,32,1e-05,0.0001,1,32,1,False,0.2,lr1e-05_bs32_modL1_fusion32_fusionL1_fusionBN0_drop0p2__wd1e-04trmiss40_trlocglobal,26,0.6570461690425873,0.7145887911319733,0.507905138339921,0.6011329247589576,0.4888888888888889,0.0,0.0,0.0,0.0,0.0,0.0,0.0,0.0,0.0,,,,,18473,global,0.4
5,3,lr1e-05_bs32_modL1_fusion32_fusionL1_fusionBN0_drop0p2__wd1e-04trmiss40_trlocglobal,32,1e-05,0.0001,1,32,1,False,0.2,lr1e-05_bs32_modL1_fusion32_fusionL1_fusionBN0_drop0p2__wd1e-04trmiss40_trlocglobal,27,0.6560377975304922,0.7143761515617371,0.5039525691699605,0.5987905880795201,0.4888888888888889,0.0,0.0,0.0,0.0,0.0,0.0,0.0,0.0,0.0,,,,,18473,global,0.4
5,3,lr1e-05_bs32_modL1_fusion32_fusionL1_fusionBN0_drop0p2__wd1e-04trmiss40_trlocglobal,32,1e-05,0.0001,1,32,1,False,0.2,lr1e-05_bs32_modL1_fusion32_fusionL1_fusionBN0_drop0p2__wd1e-04trmiss40_trlocglobal,28,0.6583049595355988,0.7140785455703735,0.5019762845849802,0.6001260248881027,0.4888888888888889,0.0,0.0,0.0,0.0,0.0,0.0,0.0,0.0,0.0,,,,,18473,global,0.4
5,3,lr1e-05_bs32_modL1_fusion32_fusionL1_fusionBN0_drop0p2__wd1e-04trmiss40_trlocglobal,32,1e-05,0.0001,1,32,1,False,0.2,lr1e-05_bs32_modL1_fusion32_fusionL1_fusionBN0_drop0p2__wd1e-04trmiss40_trlocglobal,29,0.6668611566225687,0.7140787243843079,0.5039525691699605,0.5994682420693153,0.4888888888888889,0.0,0.0,0.0,0.0,0.0,0.0,0.0,0.0,0.0,,,,,18473,global,0.4
5,3,lr1e-05_bs32_modL1_fusion32_fusionL1_fusionBN0_drop0p2__wd1e-04trmiss40_trlocglobal,32,1e-05,0.0001,1,32,1,False,0.2,lr1e-05_bs32_modL1_fusion32_fusionL1_fusionBN0_drop0p2__wd1e-04trmiss40_trlocglobal,30,0.6597476402918497,0.7144290506839752,0.5098814229249011,0.602342003721681,0.4888888888888889,0.0,0.0,0.0,0.0,0.0,0.0,0.0,0.0,0.0,,,,,18473,global,0.4
5,3,lr1e-05_bs32_modL1_fusion32_fusionL1_fusionBN0_drop0p2__wd1e-04trmiss40_trlocglobal,32,1e-05,0.0001,1,32,1,False,0.2,lr1e-05_bs32_modL1_fusion32_fusionL1_fusionBN0_drop0p2__wd1e-04trmiss40_trlocglobal,31,0.6552924116452535,0.7144877314567566,0.5098814229249011,0.5994757576489133,0.4888888888888889,0.0,0.0,0.0,0.0,0.0,0.0,0.0,0.0,0.0,,,,,18473,global,0.4
5,3,lr1e-05_bs32_modL1_fusion32_fusionL1_fusionBN0_drop0p2__wd1e-04trmiss40_trlocglobal,32,1e-05,0.0001,1,32,1,False,0.2,lr1e-05_bs32_modL1_fusion32_fusionL1_fusionBN0_drop0p2__wd1e-04trmiss40_trlocglobal,32,0.6582368711630503,0.7141381800174713,0.5098814229249011,0.5992336627872532,0.4888888888888889,0.0,0.0,0.0,0.0,0.0,0.0,0.0,0.0,0.0,,,,,18473,global,0.4
5,3,lr1e-05_bs32_modL1_fusion32_fusionL1_fusionBN0_drop0p2__wd1e-04trmiss40_trlocglobal,32,1e-05,0.0001,1,32,1,False,0.2,lr1e-05_bs32_modL1_fusion32_fusionL1_fusionBN0_drop0p2__wd1e-04trmiss40_trlocglobal,33,0.658370445171992,0.7141647040843964,0.5098814229249011,0.6005941485522758,0.4888888888888889,0.0,0.0,0.0,0.0,0.0,0.0,0.0,0.0,0.0,,,,,18473,global,0.4
5,3,lr1e-05_bs32_modL1_fusion32_fusionL1_fusionBN0_drop0p2__wd1e-04trmiss40_trlocglobal,32,1e-05,0.0001,1,32,1,False,0.2,lr1e-05_bs32_modL1_fusion32_fusionL1_fusionBN0_drop0p2__wd1e-04trmiss40_trlocglobal,34,0.6435364981492361,0.7140679359436035,0.5098814229249011,0.6005941485522758,0.4888888888888889,0.0,0.0,0.0,0.0,0.0,0.0,0.0,0.0,0.0,,,,,18473,global,0.4
5,3,lr1e-05_bs32_modL1_fusion32_fusionL1_fusionBN0_drop0p2__wd1e-04trmiss40_trlocglobal,32,1e-05,0.0001,1,32,1,False,0.2,lr1e-05_bs32_modL1_fusion32_fusionL1_fusionBN0_drop0p2__wd1e-04trmiss40_trlocglobal,35,0.6461542745431265,0.7138245105743408,0.5079051383399209,0.5997245833348844,0.4888888888888889,0.0,0.0,0.0,0.0,0.0,0.0,0.0,0.0,0.0,,,,,18473,global,0.4
5,3,lr1e-05_bs32_modL1_fusion32_fusionL1_fusionBN0_drop0p2__wd1e-04trmiss40_trlocglobal,32,1e-05,0.0001,1,32,1,False,0.2,lr1e-05_bs32_modL1_fusion32_fusionL1_fusionBN0_drop0p2__wd1e-04trmiss40_trlocglobal,36,0.6518358290195465,0.7135138511657715,0.5098814229249011,0.6003121274006894,0.4888888888888889,0.0,0.0,0.0,0.0,0.0,0.0,0.0,0.0,0.0,,,,,18473,global,0.4
5,3,lr1e-05_bs32_modL1_fusion32_fusionL1_fusionBN0_drop0p2__wd1e-04trmiss40_trlocglobal,32,1e-05,0.0001,1,32,1,False,0.2,lr1e-05_bs32_modL1_fusion32_fusionL1_fusionBN0_drop0p2__wd1e-04trmiss40_trlocglobal,37,0.6421148081620535,0.7128229737281799,0.5079051383399209,0.5996758976883727,0.4888888888888889,0.0,0.0,0.0,0.0,0.0,0.0,0.0,0.0,0.0,,,,,18473,global,0.4
5,3,lr1e-05_bs32_modL1_fusion32_fusionL1_fusionBN0_drop0p2__wd1e-04trmiss40_trlocglobal,32,1e-05,0.0001,1,32,1,False,0.2,lr1e-05_bs32_modL1_fusion32_fusionL1_fusionBN0_drop0p2__wd1e-04trmiss40_trlocglobal,38,0.6502378284931183,0.7121696472167969,0.5118577075098814,0.6009210961202719,0.4888888888888889,0.0,0.0,0.0,0.0,0.0,0.0,0.0,0.0,0.0,,,,,18473,global,0.4
5,3,lr1e-05_bs32_modL1_fusion32_fusionL1_fusionBN0_drop0p2__wd1e-04trmiss40_trlocglobal,32,1e-05,0.0001,1,32,1,False,0.2,lr1e-05_bs32_modL1_fusion32_fusionL1_fusionBN0_drop0p2__wd1e-04trmiss40_trlocglobal,39,0.6452975273132324,0.7122029662132263,0.5177865612648221,0.6135816799117353,0.4888888888888889,0.0,0.0,0.0,0.0,0.0,0.0,0.0,0.0,0.0,,,,,18473,global,0.4
5,3,lr1e-05_bs32_modL1_fusion32_fusionL1_fusionBN0_drop0p2__wd1e-04trmiss40_trlocglobal,32,1e-05,0.0001,1,32,1,False,0.2,lr1e-05_bs32_modL1_fusion32_fusionL1_fusionBN0_drop0p2__wd1e-04trmiss40_trlocglobal,40,0.6544352571169535,0.712178111076355,0.5079051383399209,0.6009330278041984,0.4888888888888889,0.0,0.0,0.0,0.0,0.0,0.0,0.0,0.0,0.0,,,,,18473,global,0.4
5,3,lr1e-05_bs32_modL1_fusion32_fusionL1_fusionBN0_drop0p2__wd1e-04trmiss40_trlocglobal,32,1e-05,0.0001,1,32,1,False,0.2,lr1e-05_bs32_modL1_fusion32_fusionL1_fusionBN0_drop0p2__wd1e-04trmiss40_trlocglobal,41,0.648942102988561,0.7121152579784393,0.5197628458498025,0.6136095333195787,0.4888888888888889,0.0,0.0,0.0,0.0,0.0,0.0,0.0,0.0,0.0,,,,,18473,global,0.4
5,3,lr1e-05_bs32_modL1_fusion32_fusionL1_fusionBN0_drop0p2__wd1e-04trmiss40_trlocglobal,32,1e-05,0.0001,1,32,1,False,0.2,lr1e-05_bs32_modL1_fusion32_fusionL1_fusionBN0_drop0p2__wd1e-04trmiss40_trlocglobal,42,0.6519240240255991,0.7121880948543549,0.5237154150197629,0.6162489575374528,0.4888888888888889,0.0,0.0,0.0,0.0,0.0,0.0,0.0,0.0,0.0,,,,,18473,global,0.4
5,3,lr1e-05_bs32_modL1_fusion32_fusionL1_fusionBN0_drop0p2__wd1e-04trmiss40_trlocglobal,32,1e-05,0.0001,1,32,1,False,0.2,lr1e-05_bs32_modL1_fusion32_fusionL1_fusionBN0_drop0p2__wd1e-04trmiss40_trlocglobal,43,0.653649260600408,0.7128034830093384,0.525691699604743,0.6195142883986916,0.4888888888888889,0.0,0.0,0.0,0.0,0.0,0.0,0.0,0.0,0.0,,,,,18473,global,0.4
5,3,lr1e-05_bs32_modL1_fusion32_fusionL1_fusionBN0_drop0p2__wd1e-04trmiss40_trlocglobal,32,1e-05,0.0001,1,32,1,False,0.2,lr1e-05_bs32_modL1_fusion32_fusionL1_fusionBN0_drop0p2__wd1e-04trmiss40_trlocglobal,44,0.6433420677979788,0.7125815749168396,0.5158102766798419,0.6132984293695333,0.4888888888888889,0.0,0.0,0.0,0.0,0.0,0.0,0.0,0.0,0.0,,,,,18473,global,0.4
5,3,lr1e-05_bs32_modL1_fusion32_fusionL1_fusionBN0_drop0p2__wd1e-04trmiss40_trlocglobal,32,1e-05,0.0001,1,32,1,False,0.2,lr1e-05_bs32_modL1_fusion32_fusionL1_fusionBN0_drop0p2__wd1e-04trmiss40_trlocglobal,45,0.6500515639781952,0.7124810218811035,0.5177865612648221,0.6140385548023125,0.4888888888888889,0.0,0.0,0.0,0.0,0.0,0.0,0.0,0.0,0.0,,,,,18473,global,0.4
5,3,lr1e-05_bs32_modL1_fusion32_fusionL1_fusionBN0_drop0p2__wd1e-04trmiss40_trlocglobal,32,1e-05,0.0001,1,32,1,False,0.2,lr1e-05_bs32_modL1_fusion32_fusionL1_fusionBN0_drop0p2__wd1e-04trmiss40_trlocglobal,46,0.6424104770024618,0.7120015323162079,0.5158102766798419,0.6133386206784652,0.4888888888888889,0.0,0.0,0.0,0.0,0.0,0.0,0.0,0.0,0.0,,,,,18473,global,0.4
5,3,lr1e-05_bs32_modL1_fusion32_fusionL1_fusionBN0_drop0p2__wd1e-04trmiss40_trlocglobal,32,1e-05,0.0001,1,32,1,False,0.2,lr1e-05_bs32_modL1_fusion32_fusionL1_fusionBN0_drop0p2__wd1e-04trmiss40_trlocglobal,47,0.6426283021767935,0.712171882390976,0.5158102766798419,0.6133386206784652,0.4888888888888889,0.0,0.0,0.0,0.0,0.0,0.0,0.0,0.0,0.0,,,,,18473,global,0.4
5,3,lr1e-05_bs32_modL1_fusion32_fusionL1_fusionBN0_drop0p2__wd1e-04trmiss40_trlocglobal,32,1e-05,0.0001,1,32,1,False,0.2,lr1e-05_bs32_modL1_fusion32_fusionL1_fusionBN0_drop0p2__wd1e-04trmiss40_trlocglobal,48,0.6433002650737762,0.7123200595378876,0.5138339920948616,0.6126254385207113,0.4888888888888889,0.0,0.0,0.0,0.0,0.0,0.0,0.0,0.0,0.0,,,,,18473,global,0.4
5,3,lr1e-05_bs32_modL1_fusion32_fusionL1_fusionBN0_drop0p2__wd1e-04trmiss40_trlocglobal,32,1e-05,0.0001,1,32,1,False,0.2,lr1e-05_bs32_modL1_fusion32_fusionL1_fusionBN0_drop0p2__wd1e-04trmiss40_trlocglobal,49,0.6379439731438955,0.7120778560638428,0.5158102766798418,0.6149201204705657,0.4888888888888889,0.0,0.0,0.0,0.0,0.0,0.0,0.0,0.0,0.0,,,,,18473,global,0.4
5,3,lr1e-05_bs32_modL1_fusion32_fusionL1_fusionBN0_drop0p2__wd1e-04trmiss40_trlocglobal,32,1e-05,0.0001,1,32,1,False,0.2,lr1e-05_bs32_modL1_fusion32_fusionL1_fusionBN0_drop0p2__wd1e-04trmiss40_trlocglobal,50,0.6448377271493276,0.7119713425636292,0.5158102766798419,0.6132772172258317,0.4888888888888889,0.0,0.0,0.0,0.0,0.0,0.0,0.0,0.0,0.0,,,,,18473,global,0.4
5,3,lr1e-05_bs32_modL1_fusion32_fusionL1_fusionBN0_drop0p2__wd1e-04trmiss40_trlocglobal,32,1e-05,0.0001,1,32,1,False,0.2,lr1e-05_bs32_modL1_fusion32_fusionL1_fusionBN0_drop0p2__wd1e-04trmiss40_trlocglobal,51,0.6426154176394144,0.7119426131248474,0.5177865612648221,0.6140173426586109,0.4888888888888889,0.0,0.0,0.0,0.0,0.0,0.0,0.0,0.0,0.0,,,,,18473,global,0.4
5,3,lr1e-05_bs32_modL1_fusion32_fusionL1_fusionBN0_drop0p2__wd1e-04trmiss40_trlocglobal,32,1e-05,0.0001,1,32,1,False,0.2,lr1e-05_bs32_modL1_fusion32_fusionL1_fusionBN0_drop0p2__wd1e-04trmiss40_trlocglobal,52,0.6409733990828196,0.7119568586349487,0.5138339920948616,0.6117180411815298,0.4888888888888889,0.0,0.0,0.0,0.0,0.0,0.0,0.0,0.0,0.0,,,,,18473,global,0.4
5,3,lr1e-05_bs32_modL1_fusion32_fusionL1_fusionBN0_drop0p2__wd1e-04trmiss40_trlocglobal,32,1e-05,0.0001,1,32,1,False,0.2,lr1e-05_bs32_modL1_fusion32_fusionL1_fusionBN0_drop0p2__wd1e-04trmiss40_trlocglobal,53,0.6390646994113922,0.7117637693881989,0.5118577075098815,0.6109281219034862,0.4888888888888889,0.0,0.0,0.0,0.0,0.0,0.0,0.0,0.0,0.0,,,,,18473,global,0.4
5,3,lr1e-05_bs32_modL1_fusion32_fusionL1_fusionBN0_drop0p2__wd1e-04trmiss40_trlocglobal,32,1e-05,0.0001,1,32,1,False,0.2,lr1e-05_bs32_modL1_fusion32_fusionL1_fusionBN0_drop0p2__wd1e-04trmiss40_trlocglobal,54,0.6392244100570679,0.711422473192215,0.5276679841897234,0.6190778970324343,0.4888888888888889,0.0,0.0,0.0,0.0,0.0,0.0,0.0,0.0,0.0,,,,,18473,global,0.4
5,3,lr1e-05_bs32_modL1_fusion32_fusionL1_fusionBN0_drop0p2__wd1e-04trmiss40_trlocglobal,32,1e-05,0.0001,1,32,1,False,0.2,lr1e-05_bs32_modL1_fusion32_fusionL1_fusionBN0_drop0p2__wd1e-04trmiss40_trlocglobal,55,0.6329461137453715,0.7112137079238892,0.5217391304347827,0.6153854352837066,0.4888888888888889,0.0,0.0,0.0,0.0,0.0,0.0,0.0,0.0,0.0,,,,,18473,global,0.4
5,3,lr1e-05_bs32_modL1_fusion32_fusionL1_fusionBN0_drop0p2__wd1e-04trmiss40_trlocglobal,32,1e-05,0.0001,1,32,1,False,0.2,lr1e-05_bs32_modL1_fusion32_fusionL1_fusionBN0_drop0p2__wd1e-04trmiss40_trlocglobal,56,0.6326439281304678,0.7112446427345276,0.5256916996047432,0.61842024266634,0.4888888888888889,0.0,0.0,0.0,0.0,0.0,0.0,0.0,0.0,0.0,,,,,18473,global,0.4
5,3,lr1e-05_bs32_modL1_fusion32_fusionL1_fusionBN0_drop0p2__wd1e-04trmiss40_trlocglobal,32,1e-05,0.0001,1,32,1,False,0.2,lr1e-05_bs32_modL1_fusion32_fusionL1_fusionBN0_drop0p2__wd1e-04trmiss40_trlocglobal,57,0.6380763947963715,0.7107784152030945,0.5237154150197629,0.6160430896498008,0.4888888888888889,0.0,0.0,0.0,0.0,0.0,0.0,0.0,0.0,0.0,,,,,18473,global,0.4
5,3,lr1e-05_bs32_modL1_fusion32_fusionL1_fusionBN0_drop0p2__wd1e-04trmiss40_trlocglobal,32,1e-05,0.0001,1,32,1,False,0.2,lr1e-05_bs32_modL1_fusion32_fusionL1_fusionBN0_drop0p2__wd1e-04trmiss40_trlocglobal,58,0.6336253583431244,0.710981547832489,0.5177865612648221,0.613766244878909,0.4888888888888889,0.0,0.0,0.0,0.0,0.0,0.0,0.0,0.0,0.0,,,,,18473,global,0.4
5,3,lr1e-05_bs32_modL1_fusion32_fusionL1_fusionBN0_drop0p2__wd1e-04trmiss40_trlocglobal,32,1e-05,0.0001,1,32,1,False,0.2,lr1e-05_bs32_modL1_fusion32_fusionL1_fusionBN0_drop0p2__wd1e-04trmiss40_trlocglobal,59,0.6346156597137451,0.7110034823417664,0.5197628458498024,0.6140293596726841,0.4888888888888889,0.0,0.0,0.0,0.0,0.0,0.0,0.0,0.0,0.0,,,,,18473,global,0.4
5,3,lr1e-05_bs32_modL1_fusion32_fusionL1_fusionBN0_drop0p2__wd1e-04trmiss40_trlocglobal,32,1e-05,0.0001,1,32,1,False,0.2,lr1e-05_bs32_modL1_fusion32_fusionL1_fusionBN0_drop0p2__wd1e-04trmiss40_trlocglobal,60,0.6427244047323862,0.7110394537448883,0.5138339920948616,0.6118465291594856,0.4888888888888889,0.0,0.0,0.0,0.0,0.0,0.0,0.0,0.0,0.0,,,,,18473,global,0.4
5,3,lr1e-05_bs32_modL1_fusion32_fusionL1_fusionBN0_drop0p2__wd1e-04trmiss40_trlocglobal,32,1e-05,0.0001,1,32,1,False,0.2,lr1e-05_bs32_modL1_fusion32_fusionL1_fusionBN0_drop0p2__wd1e-04trmiss40_trlocglobal,61,0.6434902946154276,0.711301326751709,0.5118577075098815,0.6097948420909318,0.4888888888888889,0.0,0.0,0.0,0.0,0.0,0.0,0.0,0.0,0.0,,,,,18473,global,0.4
5,3,lr1e-05_bs32_modL1_fusion32_fusionL1_fusionBN0_drop0p2__wd1e-04trmiss40_trlocglobal,32,1e-05,0.0001,1,32,1,False,0.2,lr1e-05_bs32_modL1_fusion32_fusionL1_fusionBN0_drop0p2__wd1e-04trmiss40_trlocglobal,62,0.6417139569918314,0.7111886739730835,0.5118577075098814,0.609795691115883,0.4888888888888889,0.0,0.0,0.0,0.0,0.0,0.0,0.0,0.0,0.0,,,,,18473,global,0.4
5,3,lr1e-05_bs32_modL1_fusion32_fusionL1_fusionBN0_drop0p2__wd1e-04trmiss40_trlocglobal,32,1e-05,0.0001,1,32,1,False,0.2,lr1e-05_bs32_modL1_fusion32_fusionL1_fusionBN0_drop0p2__wd1e-04trmiss40_trlocglobal,63,0.6429542104403178,0.7108524739742279,0.5138339920948617,0.6197437141073843,0.4888888888888889,0.0,0.0,0.0,0.0,0.0,0.0,0.0,0.0,0.0,,,,,18473,global,0.4
5,3,lr1e-05_bs32_modL1_fusion32_fusionL1_fusionBN0_drop0p2__wd1e-04trmiss40_trlocglobal,32,1e-05,0.0001,1,32,1,False,0.2,lr1e-05_bs32_modL1_fusion32_fusionL1_fusionBN0_drop0p2__wd1e-04trmiss40_trlocglobal,64,0.6310682694117228,0.7105900049209595,0.5177865612648221,0.6212720408531023,0.4888888888888889,0.0,0.0,0.0,0.0,0.0,0.0,0.0,0.0,0.0,,,,,18473,global,0.4
5,3,lr1e-05_bs32_modL1_fusion32_fusionL1_fusionBN0_drop0p2__wd1e-04trmiss40_trlocglobal,32,1e-05,0.0001,1,32,1,False,0.2,lr1e-05_bs32_modL1_fusion32_fusionL1_fusionBN0_drop0p2__wd1e-04trmiss40_trlocglobal,65,0.6370973984400431,0.7105550765991211,0.515810276679842,0.6125763886791893,0.4888888888888889,0.0,0.0,0.0,0.0,0.0,0.0,0.0,0.0,0.0,,,,,18473,global,0.4
5,3,lr1e-05_bs32_modL1_fusion32_fusionL1_fusionBN0_drop0p2__wd1e-04trmiss40_trlocglobal,32,1e-05,0.0001,1,32,1,False,0.2,lr1e-05_bs32_modL1_fusion32_fusionL1_fusionBN0_drop0p2__wd1e-04trmiss40_trlocglobal,66,0.6330782274405161,0.7104282081127167,0.5177865612648221,0.6148060430827568,0.4888888888888889,0.0,0.0,0.0,0.0,0.0,0.0,0.0,0.0,0.0,,,,,18473,global,0.4
5,3,lr1e-05_bs32_modL1_fusion32_fusionL1_fusionBN0_drop0p2__wd1e-04trmiss40_trlocglobal,32,1e-05,0.0001,1,32,1,False,0.2,lr1e-05_bs32_modL1_fusion32_fusionL1_fusionBN0_drop0p2__wd1e-04trmiss40_trlocglobal,67,0.6339579621950785,0.7106288373470306,0.5177865612648223,0.6132340430452835,0.4888888888888889,0.0,0.0,0.0,0.0,0.0,0.0,0.0,0.0,0.0,,,,,18473,global,0.4
5,3,lr1e-05_bs32_modL1_fusion32_fusionL1_fusionBN0_drop0p2__wd1e-04trmiss40_trlocglobal,32,1e-05,0.0001,1,32,1,False,0.2,lr1e-05_bs32_modL1_fusion32_fusionL1_fusionBN0_drop0p2__wd1e-04trmiss40_trlocglobal,68,0.6430248518784841,0.7113242745399475,0.507905138339921,0.6093120820973024,0.4888888888888889,0.0,0.0,0.0,0.0,0.0,0.0,0.0,0.0,0.0,,,,,18473,global,0.4
5,3,lr1e-05_bs32_modL1_fusion32_fusionL1_fusionBN0_drop0p2__wd1e-04trmiss40_trlocglobal,32,1e-05,0.0001,1,32,1,False,0.2,lr1e-05_bs32_modL1_fusion32_fusionL1_fusionBN0_drop0p2__wd1e-04trmiss40_trlocglobal,69,0.6372957229614258,0.7107806205749512,0.5138339920948617,0.6107561199923539,0.4888888888888889,0.0,0.0,0.0,0.0,0.0,0.0,0.0,0.0,0.0,,,,,18473,global,0.4
5,3,lr1e-05_bs32_modL1_fusion32_fusionL1_fusionBN0_drop0p2__wd1e-04trmiss40_trlocglobal,32,1e-05,0.0001,1,32,1,False,0.2,lr1e-05_bs32_modL1_fusion32_fusionL1_fusionBN0_drop0p2__wd1e-04trmiss40_trlocglobal,70,0.6329147120316824,0.7106253504753113,0.5158102766798419,0.6194517721662669,0.4888888888888889,0.0,0.0,0.0,0.0,0.0,0.0,0.0,0.0,0.0,,,,,18473,global,0.4
5,3,lr1e-05_bs32_modL1_fusion32_fusionL1_fusionBN0_drop0p2__wd1e-04trmiss40_trlocglobal,32,1e-05,0.0001,1,32,1,False,0.2,lr1e-05_bs32_modL1_fusion32_fusionL1_fusionBN0_drop0p2__wd1e-04trmiss40_trlocglobal,71,0.6351349453131357,0.7103485465049744,0.5177865612648221,0.6201105336945936,0.4888888888888889,0.0,0.0,0.0,0.0,0.0,0.0,0.0,0.0,0.0,,,,,18473,global,0.4
5,3,lr1e-05_bs32_modL1_fusion32_fusionL1_fusionBN0_drop0p2__wd1e-04trmiss40_trlocglobal,32,1e-05,0.0001,1,32,1,False,0.2,lr1e-05_bs32_modL1_fusion32_fusionL1_fusionBN0_drop0p2__wd1e-04trmiss40_trlocglobal,72,0.6359927852948507,0.7103438079357147,0.5138339920948617,0.6107561199923539,0.4888888888888889,0.0,0.0,0.0,0.0,0.0,0.0,0.0,0.0,0.0,,,,,18473,global,0.4
5,3,lr1e-05_bs32_modL1_fusion32_fusionL1_fusionBN0_drop0p2__wd1e-04trmiss40_trlocglobal,32,1e-05,0.0001,1,32,1,False,0.2,lr1e-05_bs32_modL1_fusion32_fusionL1_fusionBN0_drop0p2__wd1e-04trmiss40_trlocglobal,73,0.6314166287581126,0.7102911174297333,0.5177865612648221,0.6119785352680366,0.4888888888888889,0.0,0.0,0.0,0.0,0.0,0.0,0.0,0.0,0.0,,,,,18473,global,0.4
5,3,lr1e-05_bs32_modL1_fusion32_fusionL1_fusionBN0_drop0p2__wd1e-04trmiss40_trlocglobal,32,1e-05,0.0001,1,32,1,False,0.2,lr1e-05_bs32_modL1_fusion32_fusionL1_fusionBN0_drop0p2__wd1e-04trmiss40_trlocglobal,74,0.6312690476576487,0.7104871571063995,0.5138339920948617,0.6110416914923181,0.4888888888888889,0.0,0.0,0.0,0.0,0.0,0.0,0.0,0.0,0.0,,,,,18473,global,0.4
5,3,lr1e-05_bs32_modL1_fusion32_fusionL1_fusionBN0_drop0p1__wd1e-04trmiss40_trlocglobal,32,1e-05,0.0001,1,32,1,False,0.1,lr1e-05_bs32_modL1_fusion32_fusionL1_fusionBN0_drop0p1__wd1e-04trmiss40_trlocglobal,1,0.6952512264251709,0.691887229681015,0.541501976284585,0.5491879382283859,0.4888888888888889,0.0,0.0,0.0,0.0,0.0,0.0,0.0,0.0,0.0,,,,,18473,global,0.4
5,3,lr1e-05_bs32_modL1_fusion32_fusionL1_fusionBN0_drop0p1__wd1e-04trmiss40_trlocglobal,32,1e-05,0.0001,1,32,1,False,0.1,lr1e-05_bs32_modL1_fusion32_fusionL1_fusionBN0_drop0p1__wd1e-04trmiss40_trlocglobal,2,0.6987505157788595,0.6908242106437683,0.5533596837944664,0.5564811011639637,0.4888888888888889,0.0,0.0,0.0,0.0,0.0,0.0,0.0,0.0,0.0,,,,,18473,global,0.4
5,3,lr1e-05_bs32_modL1_fusion32_fusionL1_fusionBN0_drop0p1__wd1e-04trmiss40_trlocglobal,32,1e-05,0.0001,1,32,1,False,0.1,lr1e-05_bs32_modL1_fusion32_fusionL1_fusionBN0_drop0p1__wd1e-04trmiss40_trlocglobal,3,0.6905063688755035,0.6900206506252289,0.5652173913043479,0.5627391933259801,0.5111111111111111,0.0,0.0,0.0,0.0,0.0,0.0,0.0,0.0,0.0,,,,,18473,global,0.4
5,3,lr1e-05_bs32_modL1_fusion32_fusionL1_fusionBN0_drop0p1__wd1e-04trmiss40_trlocglobal,32,1e-05,0.0001,1,32,1,False,0.1,lr1e-05_bs32_modL1_fusion32_fusionL1_fusionBN0_drop0p1__wd1e-04trmiss40_trlocglobal,4,0.6906840403874716,0.6889439821243286,0.5612648221343874,0.5429959679050054,0.5333333333333333,0.0,0.0,0.0,0.0,0.0,0.0,0.0,0.0,0.0,,,,,18473,global,0.4
5,3,lr1e-05_bs32_modL1_fusion32_fusionL1_fusionBN0_drop0p1__wd1e-04trmiss40_trlocglobal,32,1e-05,0.0001,1,32,1,False,0.1,lr1e-05_bs32_modL1_fusion32_fusionL1_fusionBN0_drop0p1__wd1e-04trmiss40_trlocglobal,5,0.6901091535886129,0.6883859932422638,0.5671936758893281,0.5481318593430399,0.5333333333333333,0.0,0.0,0.0,0.0,0.0,0.0,0.0,0.0,0.0,,,,,18473,global,0.4
5,3,lr1e-05_bs32_modL1_fusion32_fusionL1_fusionBN0_drop0p1__wd1e-04trmiss40_trlocglobal,32,1e-05,0.0001,1,32,1,False,0.1,lr1e-05_bs32_modL1_fusion32_fusionL1_fusionBN0_drop0p1__wd1e-04trmiss40_trlocglobal,6,0.687055766582489,0.6883428692817688,0.5711462450592886,0.5518382136560676,0.5333333333333333,0.0,0.0,0.0,0.0,0.0,0.0,0.0,0.0,0.0,,,,,18473,global,0.4
5,3,lr1e-05_bs32_modL1_fusion32_fusionL1_fusionBN0_drop0p1__wd1e-04trmiss40_trlocglobal,32,1e-05,0.0001,1,32,1,False,0.1,lr1e-05_bs32_modL1_fusion32_fusionL1_fusionBN0_drop0p1__wd1e-04trmiss40_trlocglobal,7,0.6847413380940756,0.6886517405509949,0.5711462450592885,0.5529078312754748,0.5333333333333333,0.0,0.0,0.0,0.0,0.0,0.0,0.0,0.0,0.0,,,,,18473,global,0.4
5,3,lr1e-05_bs32_modL1_fusion32_fusionL1_fusionBN0_drop0p1__wd1e-04trmiss40_trlocglobal,32,1e-05,0.0001,1,32,1,False,0.1,lr1e-05_bs32_modL1_fusion32_fusionL1_fusionBN0_drop0p1__wd1e-04trmiss40_trlocglobal,8,0.6847458382447561,0.6882482767105103,0.5671936758893281,0.5480933833731281,0.5555555555555556,0.0,0.0,0.0,0.0,0.0,0.0,0.0,0.0,0.0,,,,,18473,global,0.4
5,3,lr1e-05_bs32_modL1_fusion32_fusionL1_fusionBN0_drop0p1__wd1e-04trmiss40_trlocglobal,32,1e-05,0.0001,1,32,1,False,0.1,lr1e-05_bs32_modL1_fusion32_fusionL1_fusionBN0_drop0p1__wd1e-04trmiss40_trlocglobal,9,0.6833933889865875,0.6878849864006042,0.5691699604743083,0.5500130836564068,0.5555555555555556,0.0,0.0,0.0,0.0,0.0,0.0,0.0,0.0,0.0,,,,,18473,global,0.4
5,3,lr1e-05_bs32_modL1_fusion32_fusionL1_fusionBN0_drop0p1__wd1e-04trmiss40_trlocglobal,32,1e-05,0.0001,1,32,1,False,0.1,lr1e-05_bs32_modL1_fusion32_fusionL1_fusionBN0_drop0p1__wd1e-04trmiss40_trlocglobal,10,0.6782011886437734,0.6883310377597809,0.5711462450592886,0.5507032147813204,0.5333333333333333,0.0,0.0,0.0,0.0,0.0,0.0,0.0,0.0,0.0,,,,,18473,global,0.4
5,3,lr1e-05_bs32_modL1_fusion32_fusionL1_fusionBN0_drop0p1__wd1e-04trmiss40_trlocglobal,32,1e-05,0.0001,1,32,1,False,0.1,lr1e-05_bs32_modL1_fusion32_fusionL1_fusionBN0_drop0p1__wd1e-04trmiss40_trlocglobal,11,0.6748631099859873,0.6874794065952301,0.5790513833992095,0.5556953418642404,0.5333333333333333,0.0,0.0,0.0,0.0,0.0,0.0,0.0,0.0,0.0,,,,,18473,global,0.4
5,3,lr1e-05_bs32_modL1_fusion32_fusionL1_fusionBN0_drop0p1__wd1e-04trmiss40_trlocglobal,32,1e-05,0.0001,1,32,1,False,0.1,lr1e-05_bs32_modL1_fusion32_fusionL1_fusionBN0_drop0p1__wd1e-04trmiss40_trlocglobal,12,0.671013613541921,0.6873098611831665,0.5810276679841897,0.5571462560868937,0.5333333333333333,0.0,0.0,0.0,0.0,0.0,0.0,0.0,0.0,0.0,,,,,18473,global,0.4
5,3,lr1e-05_bs32_modL1_fusion32_fusionL1_fusionBN0_drop0p1__wd1e-04trmiss40_trlocglobal,32,1e-05,0.0001,1,32,1,False,0.1,lr1e-05_bs32_modL1_fusion32_fusionL1_fusionBN0_drop0p1__wd1e-04trmiss40_trlocglobal,13,0.6744901935259501,0.6872768700122833,0.5909090909090908,0.5639939707292309,0.5333333333333333,0.0,0.0,0.0,0.0,0.0,0.0,0.0,0.0,0.0,,,,,18473,global,0.4
5,3,lr1e-05_bs32_modL1_fusion32_fusionL1_fusionBN0_drop0p1__wd1e-04trmiss40_trlocglobal,32,1e-05,0.0001,1,32,1,False,0.1,lr1e-05_bs32_modL1_fusion32_fusionL1_fusionBN0_drop0p1__wd1e-04trmiss40_trlocglobal,14,0.6735499799251556,0.6874603033065796,0.5849802371541502,0.5572015271929309,0.5333333333333333,0.0,0.0,0.0,0.0,0.0,0.0,0.0,0.0,0.0,,,,,18473,global,0.4
5,3,lr1e-05_bs32_modL1_fusion32_fusionL1_fusionBN0_drop0p1__wd1e-04trmiss40_trlocglobal,32,1e-05,0.0001,1,32,1,False,0.1,lr1e-05_bs32_modL1_fusion32_fusionL1_fusionBN0_drop0p1__wd1e-04trmiss40_trlocglobal,15,0.6713755031426748,0.6875362396240234,0.5810276679841897,0.5548212130813416,0.5333333333333333,0.0,0.0,0.0,0.0,0.0,0.0,0.0,0.0,0.0,,,,,18473,global,0.4
5,3,lr1e-05_bs32_modL1_fusion32_fusionL1_fusionBN0_drop0p1__wd1e-04trmiss40_trlocglobal,32,1e-05,0.0001,1,32,1,False,0.1,lr1e-05_bs32_modL1_fusion32_fusionL1_fusionBN0_drop0p1__wd1e-04trmiss40_trlocglobal,16,0.6717925866444906,0.6883520185947418,0.5770750988142291,0.5538104420833775,0.5333333333333333,0.0,0.0,0.0,0.0,0.0,0.0,0.0,0.0,0.0,,,,,18473,global,0.4
5,3,lr1e-05_bs32_modL1_fusion32_fusionL1_fusionBN0_drop0p1__wd1e-04trmiss40_trlocglobal,32,1e-05,0.0001,1,32,1,False,0.1,lr1e-05_bs32_modL1_fusion32_fusionL1_fusionBN0_drop0p1__wd1e-04trmiss40_trlocglobal,17,0.6700305342674255,0.6879107058048248,0.5790513833992095,0.5563305633375141,0.5333333333333333,0.0,0.0,0.0,0.0,0.0,0.0,0.0,0.0,0.0,,,,,18473,global,0.4
5,3,lr1e-05_bs32_modL1_fusion32_fusionL1_fusionBN0_drop0p1__wd1e-04trmiss40_trlocglobal,32,1e-05,0.0001,1,32,1,False,0.1,lr1e-05_bs32_modL1_fusion32_fusionL1_fusionBN0_drop0p1__wd1e-04trmiss40_trlocglobal,18,0.6726968586444855,0.6883257031440735,0.5790513833992095,0.5574668360285048,0.5333333333333333,0.0,0.0,0.0,0.0,0.0,0.0,0.0,0.0,0.0,,,,,18473,global,0.4
5,3,lr1e-05_bs32_modL1_fusion32_fusionL1_fusionBN0_drop0p1__wd1e-04trmiss40_trlocglobal,32,1e-05,0.0001,1,32,1,False,0.1,lr1e-05_bs32_modL1_fusion32_fusionL1_fusionBN0_drop0p1__wd1e-04trmiss40_trlocglobal,19,0.6710788607597351,0.6883344948291779,0.5810276679841897,0.5575045013962954,0.5555555555555556,0.0,0.0,0.0,0.0,0.0,0.0,0.0,0.0,0.0,,,,,18473,global,0.4
5,3,lr1e-05_bs32_modL1_fusion32_fusionL1_fusionBN0_drop0p1__wd1e-04trmiss40_trlocglobal,32,1e-05,0.0001,1,32,1,False,0.1,lr1e-05_bs32_modL1_fusion32_fusionL1_fusionBN0_drop0p1__wd1e-04trmiss40_trlocglobal,20,0.666003147761027,0.6885676085948944,0.5869565217391305,0.564855759977531,0.5555555555555556,0.0,0.0,0.0,0.0,0.0,0.0,0.0,0.0,0.0,,,,,18473,global,0.4
5,3,lr1e-05_bs32_modL1_fusion32_fusionL1_fusionBN0_drop0p1__wd1e-04trmiss40_trlocglobal,32,1e-05,0.0001,1,32,1,False,0.1,lr1e-05_bs32_modL1_fusion32_fusionL1_fusionBN0_drop0p1__wd1e-04trmiss40_trlocglobal,21,0.6658360858758291,0.688240110874176,0.5889328063241107,0.5627437336925368,0.5555555555555556,0.0,0.0,0.0,0.0,0.0,0.0,0.0,0.0,0.0,,,,,18473,global,0.4
5,3,lr1e-05_bs32_modL1_fusion32_fusionL1_fusionBN0_drop0p1__wd1e-04trmiss40_trlocglobal,32,1e-05,0.0001,1,32,1,False,0.1,lr1e-05_bs32_modL1_fusion32_fusionL1_fusionBN0_drop0p1__wd1e-04trmiss40_trlocglobal,22,0.6602950592835745,0.6880992650985718,0.5928853754940713,0.568721994562102,0.5333333333333333,0.0,0.0,0.0,0.0,0.0,0.0,0.0,0.0,0.0,,,,,18473,global,0.4
5,3,lr1e-05_bs32_modL1_fusion32_fusionL1_fusionBN0_drop0p1__wd1e-04trmiss40_trlocglobal,32,1e-05,0.0001,1,32,1,False,0.1,lr1e-05_bs32_modL1_fusion32_fusionL1_fusionBN0_drop0p1__wd1e-04trmiss40_trlocglobal,23,0.6689497431119283,0.6880926191806793,0.5909090909090909,0.5670915597794933,0.5333333333333333,0.0,0.0,0.0,0.0,0.0,0.0,0.0,0.0,0.0,,,,,18473,global,0.4
5,3,lr1e-05_bs32_modL1_fusion32_fusionL1_fusionBN0_drop0p1__wd1e-04trmiss40_trlocglobal,32,1e-05,0.0001,1,32,1,False,0.1,lr1e-05_bs32_modL1_fusion32_fusionL1_fusionBN0_drop0p1__wd1e-04trmiss40_trlocglobal,24,0.6630455454190572,0.6885283887386322,0.5889328063241107,0.5663608327060552,0.5777777777777777,0.0,0.0,0.0,0.0,0.0,0.0,0.0,0.0,0.0,,,,,18473,global,0.4
5,3,lr1e-05_bs32_modL1_fusion32_fusionL1_fusionBN0_drop0p1__wd1e-04trmiss40_trlocglobal,32,1e-05,0.0001,1,32,1,False,0.1,lr1e-05_bs32_modL1_fusion32_fusionL1_fusionBN0_drop0p1__wd1e-04trmiss40_trlocglobal,25,0.6550950209299723,0.688488632440567,0.5869565217391304,0.5683035636917343,0.6,0.0,0.0,0.0,0.0,0.0,0.0,0.0,0.0,0.0,,,,,18473,global,0.4
5,3,lr1e-05_bs32_modL1_fusion32_fusionL1_fusionBN0_drop0p1__wd1e-04trmiss40_trlocglobal,32,1e-05,0.0001,1,32,1,False,0.1,lr1e-05_bs32_modL1_fusion32_fusionL1_fusionBN0_drop0p1__wd1e-04trmiss40_trlocglobal,26,0.6631524364153544,0.6882904171943665,0.58300395256917,0.5646968443241454,0.6222222222222222,0.0,0.0,0.0,0.0,0.0,0.0,0.0,0.0,0.0,,,,,18473,global,0.4
5,3,lr1e-05_bs32_modL1_fusion32_fusionL1_fusionBN0_drop0p1__wd1e-04trmiss40_trlocglobal,32,1e-05,0.0001,1,32,1,False,0.1,lr1e-05_bs32_modL1_fusion32_fusionL1_fusionBN0_drop0p1__wd1e-04trmiss40_trlocglobal,27,0.6610912581284841,0.6875467002391815,0.5849802371541503,0.5620096401258065,0.6,0.0,0.0,0.0,0.0,0.0,0.0,0.0,0.0,0.0,,,,,18473,global,0.4
5,3,lr1e-05_bs32_modL1_fusion32_fusionL1_fusionBN0_drop0p1__wd1e-04trmiss40_trlocglobal,32,1e-05,0.0001,1,32,1,False,0.1,lr1e-05_bs32_modL1_fusion32_fusionL1_fusionBN0_drop0p1__wd1e-04trmiss40_trlocglobal,28,0.6607992847760519,0.6873984336853027,0.5810276679841898,0.5531736893010148,0.6,0.0,0.0,0.0,0.0,0.0,0.0,0.0,0.0,0.0,,,,,18473,global,0.4
5,3,lr1e-05_bs32_modL1_fusion32_fusionL1_fusionBN0_drop0p1__wd1e-04trmiss40_trlocglobal,32,1e-05,0.0001,1,32,1,False,0.1,lr1e-05_bs32_modL1_fusion32_fusionL1_fusionBN0_drop0p1__wd1e-04trmiss40_trlocglobal,29,0.6552031437555949,0.6876282095909119,0.5849802371541503,0.5562217980653921,0.6,0.0,0.0,0.0,0.0,0.0,0.0,0.0,0.0,0.0,,,,,18473,global,0.4
5,3,lr1e-05_bs32_modL1_fusion32_fusionL1_fusionBN0_drop0p1__wd1e-04trmiss40_trlocglobal,32,1e-05,0.0001,1,32,1,False,0.1,lr1e-05_bs32_modL1_fusion32_fusionL1_fusionBN0_drop0p1__wd1e-04trmiss40_trlocglobal,30,0.6567590336004893,0.6876468062400818,0.5810276679841897,0.5559044029487901,0.6222222222222222,0.0,0.0,0.0,0.0,0.0,0.0,0.0,0.0,0.0,,,,,18473,global,0.4
5,3,lr1e-05_bs32_modL1_fusion32_fusionL1_fusionBN0_drop0p1__wd1e-04trmiss40_trlocglobal,32,1e-05,0.0001,1,32,1,False,0.1,lr1e-05_bs32_modL1_fusion32_fusionL1_fusionBN0_drop0p1__wd1e-04trmiss40_trlocglobal,31,0.657451202472051,0.687749594449997,0.5790513833992095,0.5532322365212434,0.6222222222222222,0.0,0.0,0.0,0.0,0.0,0.0,0.0,0.0,0.0,,,,,18473,global,0.4
5,3,lr1e-05_bs32_modL1_fusion32_fusionL1_fusionBN0_drop0p1__wd1e-04trmiss40_trlocglobal,32,1e-05,0.0001,1,32,1,False,0.1,lr1e-05_bs32_modL1_fusion32_fusionL1_fusionBN0_drop0p1__wd1e-04trmiss40_trlocglobal,32,0.6545825799306234,0.6876563131809235,0.5849802371541502,0.5621155830730136,0.6,0.0,0.0,0.0,0.0,0.0,0.0,0.0,0.0,0.0,,,,,18473,global,0.4
5,3,lr1e-05_bs32_modL1_fusion32_fusionL1_fusionBN0_drop0p1__wd1e-04trmiss40_trlocglobal,32,1e-05,0.0001,1,32,1,False,0.1,lr1e-05_bs32_modL1_fusion32_fusionL1_fusionBN0_drop0p1__wd1e-04trmiss40_trlocglobal,33,0.6549473802248637,0.6878544390201569,0.5849802371541502,0.5659616399623425,0.6,0.0,0.0,0.0,0.0,0.0,0.0,0.0,0.0,0.0,,,,,18473,global,0.4
5,3,lr1e-05_bs32_modL1_fusion32_fusionL1_fusionBN0_drop0p1__wd1e-04trmiss40_trlocglobal,32,1e-05,0.0001,1,32,1,False,0.1,lr1e-05_bs32_modL1_fusion32_fusionL1_fusionBN0_drop0p1__wd1e-04trmiss40_trlocglobal,34,0.6565034786860148,0.688072919845581,0.5770750988142292,0.5609516468387449,0.6222222222222222,0.0,0.0,0.0,0.0,0.0,0.0,0.0,0.0,0.0,,,,,18473,global,0.4
5,3,lr1e-05_bs32_modL1_fusion32_fusionL1_fusionBN0_drop0p1__wd1e-04trmiss40_trlocglobal,32,1e-05,0.0001,1,32,1,False,0.1,lr1e-05_bs32_modL1_fusion32_fusionL1_fusionBN0_drop0p1__wd1e-04trmiss40_trlocglobal,35,0.651094784339269,0.6880722939968109,0.5869565217391305,0.5709708546840396,0.6222222222222222,0.0,0.0,0.0,0.0,0.0,0.0,0.0,0.0,0.0,,,,,18473,global,0.4
5,3,lr1e-05_bs32_modL1_fusion32_fusionL1_fusionBN0_drop0p1__wd1e-04trmiss40_trlocglobal,32,1e-05,0.0001,1,32,1,False,0.1,lr1e-05_bs32_modL1_fusion32_fusionL1_fusionBN0_drop0p1__wd1e-04trmiss40_trlocglobal,36,0.6532202959060669,0.6872251331806183,0.5889328063241107,0.5743755015669474,0.6222222222222222,0.0,0.0,0.0,0.0,0.0,0.0,0.0,0.0,0.0,,,,,18473,global,0.4
5,3,lr1e-05_bs32_modL1_fusion32_fusionL1_fusionBN0_drop0p1__wd1e-04trmiss40_trlocglobal,32,1e-05,0.0001,1,32,1,False,0.1,lr1e-05_bs32_modL1_fusion32_fusionL1_fusionBN0_drop0p1__wd1e-04trmiss40_trlocglobal,37,0.6524999737739563,0.6867854297161102,0.5869565217391305,0.5708797691959787,0.6222222222222222,0.0,0.0,0.0,0.0,0.0,0.0,0.0,0.0,0.0,,,,,18473,global,0.4
5,3,lr1e-05_bs32_modL1_fusion32_fusionL1_fusionBN0_drop0p1__wd1e-04trmiss40_trlocglobal,32,1e-05,0.0001,1,32,1,False,0.1,lr1e-05_bs32_modL1_fusion32_fusionL1_fusionBN0_drop0p1__wd1e-04trmiss40_trlocglobal,38,0.6518205006917318,0.6862213909626007,0.5928853754940712,0.5735567660140147,0.6222222222222222,0.0,0.0,0.0,0.0,0.0,0.0,0.0,0.0,0.0,,,,,18473,global,0.4
5,3,lr1e-05_bs32_modL1_fusion32_fusionL1_fusionBN0_drop0p1__wd1e-04trmiss40_trlocglobal,32,1e-05,0.0001,1,32,1,False,0.1,lr1e-05_bs32_modL1_fusion32_fusionL1_fusionBN0_drop0p1__wd1e-04trmiss40_trlocglobal,39,0.6543475488821665,0.6866266429424286,0.5909090909090909,0.5730000321858069,0.6222222222222222,0.0,0.0,0.0,0.0,0.0,0.0,0.0,0.0,0.0,,,,,18473,global,0.4
5,3,lr1e-05_bs32_modL1_fusion32_fusionL1_fusionBN0_drop0p1__wd1e-04trmiss40_trlocglobal,32,1e-05,0.0001,1,32,1,False,0.1,lr1e-05_bs32_modL1_fusion32_fusionL1_fusionBN0_drop0p1__wd1e-04trmiss40_trlocglobal,40,0.6489598552385966,0.6864899396896362,0.592885375494071,0.5733605724096865,0.6444444444444445,0.0,0.0,0.0,0.0,0.0,0.0,0.0,0.0,0.0,,,,,18473,global,0.4
5,3,lr1e-05_bs32_modL1_fusion32_fusionL1_fusionBN0_drop0p1__wd1e-04trmiss40_trlocglobal,32,1e-05,0.0001,1,32,1,False,0.1,lr1e-05_bs32_modL1_fusion32_fusionL1_fusionBN0_drop0p1__wd1e-04trmiss40_trlocglobal,41,0.6566894749800364,0.6866869926452637,0.5869565217391305,0.5691105239484726,0.6222222222222222,0.0,0.0,0.0,0.0,0.0,0.0,0.0,0.0,0.0,,,,,18473,global,0.4
5,3,lr1e-05_bs32_modL1_fusion32_fusionL1_fusionBN0_drop0p1__wd1e-04trmiss40_trlocglobal,32,1e-05,0.0001,1,32,1,False,0.1,lr1e-05_bs32_modL1_fusion32_fusionL1_fusionBN0_drop0p1__wd1e-04trmiss40_trlocglobal,42,0.6528741419315338,0.686729371547699,0.5889328063241107,0.572745214539685,0.6222222222222222,0.0,0.0,0.0,0.0,0.0,0.0,0.0,0.0,0.0,,,,,18473,global,0.4
5,4,lr1e-04_bs32_modL1_fusion16_fusionL1_fusionBN0_drop0p2__wd1e-04trmiss40_trlocglobal,32,0.0001,0.0001,1,16,1,False,0.2,lr1e-04_bs32_modL1_fusion16_fusionL1_fusionBN0_drop0p2__wd1e-04trmiss40_trlocglobal,1,0.705571174621582,0.7003006339073181,0.4484126984126985,0.49583423810819305,0.4666666666666667,0.0,0.0,0.0,0.0,0.0,0.0,0.0,0.0,0.0,,,,,18473,global,0.4
5,4,lr1e-04_bs32_modL1_fusion16_fusionL1_fusionBN0_drop0p2__wd1e-04trmiss40_trlocglobal,32,0.0001,0.0001,1,16,1,False,0.2,lr1e-04_bs32_modL1_fusion16_fusionL1_fusionBN0_drop0p2__wd1e-04trmiss40_trlocglobal,2,0.6861802140871683,0.6974967420101166,0.5,0.5381051106401958,0.4666666666666667,0.0,0.0,0.0,0.0,0.0,0.0,0.0,0.0,0.0,,,,,18473,global,0.4
5,4,lr1e-04_bs32_modL1_fusion16_fusionL1_fusionBN0_drop0p2__wd1e-04trmiss40_trlocglobal,32,0.0001,0.0001,1,16,1,False,0.2,lr1e-04_bs32_modL1_fusion16_fusionL1_fusionBN0_drop0p2__wd1e-04trmiss40_trlocglobal,3,0.6638887524604797,0.6949943602085114,0.5257936507936508,0.5772917971718937,0.4888888888888889,0.0,0.0,0.0,0.0,0.0,0.0,0.0,0.0,0.0,,,,,18473,global,0.4
5,4,lr1e-04_bs32_modL1_fusion16_fusionL1_fusionBN0_drop0p2__wd1e-04trmiss40_trlocglobal,32,0.0001,0.0001,1,16,1,False,0.2,lr1e-04_bs32_modL1_fusion16_fusionL1_fusionBN0_drop0p2__wd1e-04trmiss40_trlocglobal,4,0.6565325458844503,0.6907228231430054,0.5595238095238095,0.6063140791236855,0.4888888888888889,0.0,0.0,0.0,0.0,0.0,0.0,0.0,0.0,0.0,,,,,18473,global,0.4
5,4,lr1e-04_bs32_modL1_fusion16_fusionL1_fusionBN0_drop0p2__wd1e-04trmiss40_trlocglobal,32,0.0001,0.0001,1,16,1,False,0.2,lr1e-04_bs32_modL1_fusion16_fusionL1_fusionBN0_drop0p2__wd1e-04trmiss40_trlocglobal,5,0.6494810779889425,0.6867644190788269,0.6011904761904762,0.6622573602782001,0.5333333333333333,0.0,0.0,0.0,0.0,0.0,0.0,0.0,0.0,0.0,,,,,18473,global,0.4
5,4,lr1e-04_bs32_modL1_fusion16_fusionL1_fusionBN0_drop0p2__wd1e-04trmiss40_trlocglobal,32,0.0001,0.0001,1,16,1,False,0.2,lr1e-04_bs32_modL1_fusion16_fusionL1_fusionBN0_drop0p2__wd1e-04trmiss40_trlocglobal,6,0.6338073511918386,0.6858491599559784,0.6111111111111112,0.6743670353679245,0.5777777777777777,0.0,0.0,0.0,0.0,0.0,0.0,0.0,0.0,0.0,,,,,18473,global,0.4
5,4,lr1e-04_bs32_modL1_fusion16_fusionL1_fusionBN0_drop0p2__wd1e-04trmiss40_trlocglobal,32,0.0001,0.0001,1,16,1,False,0.2,lr1e-04_bs32_modL1_fusion16_fusionL1_fusionBN0_drop0p2__wd1e-04trmiss40_trlocglobal,7,0.6379239757855734,0.6845535039901733,0.6170634920634921,0.6781195443870823,0.5777777777777777,0.0,0.0,0.0,0.0,0.0,0.0,0.0,0.0,0.0,,,,,18473,global,0.4
5,4,lr1e-04_bs32_modL1_fusion16_fusionL1_fusionBN0_drop0p2__wd1e-04trmiss40_trlocglobal,32,0.0001,0.0001,1,16,1,False,0.2,lr1e-04_bs32_modL1_fusion16_fusionL1_fusionBN0_drop0p2__wd1e-04trmiss40_trlocglobal,8,0.6329067250092825,0.684087485074997,0.6091269841269842,0.6749423196976116,0.5777777777777777,0.0,0.0,0.0,0.0,0.0,0.0,0.0,0.0,0.0,,,,,18473,global,0.4
5,4,lr1e-04_bs32_modL1_fusion16_fusionL1_fusionBN0_drop0p2__wd1e-04trmiss40_trlocglobal,32,0.0001,0.0001,1,16,1,False,0.2,lr1e-04_bs32_modL1_fusion16_fusionL1_fusionBN0_drop0p2__wd1e-04trmiss40_trlocglobal,9,0.6224294205506643,0.6843744218349457,0.6130952380952381,0.6804308523613893,0.5777777777777777,0.0,0.0,0.0,0.0,0.0,0.0,0.0,0.0,0.0,,,,,18473,global,0.4
5,4,lr1e-04_bs32_modL1_fusion16_fusionL1_fusionBN0_drop0p2__wd1e-04trmiss40_trlocglobal,32,0.0001,0.0001,1,16,1,False,0.2,lr1e-04_bs32_modL1_fusion16_fusionL1_fusionBN0_drop0p2__wd1e-04trmiss40_trlocglobal,10,0.6092387239138285,0.6844452619552612,0.6150793650793651,0.6819903918480299,0.5777777777777777,0.0,0.0,0.0,0.0,0.0,0.0,0.0,0.0,0.0,,,,,18473,global,0.4
5,4,lr1e-04_bs32_modL1_fusion16_fusionL1_fusionBN0_drop0p2__wd1e-04trmiss40_trlocglobal,32,0.0001,0.0001,1,16,1,False,0.2,lr1e-04_bs32_modL1_fusion16_fusionL1_fusionBN0_drop0p2__wd1e-04trmiss40_trlocglobal,11,0.5993926425774893,0.6831472814083099,0.6150793650793651,0.6808033931424385,0.6222222222222222,0.0,0.0,0.0,0.0,0.0,0.0,0.0,0.0,0.0,,,,,18473,global,0.4
5,4,lr1e-04_bs32_modL1_fusion16_fusionL1_fusionBN0_drop0p2__wd1e-04trmiss40_trlocglobal,32,0.0001,0.0001,1,16,1,False,0.2,lr1e-04_bs32_modL1_fusion16_fusionL1_fusionBN0_drop0p2__wd1e-04trmiss40_trlocglobal,12,0.6118762592474619,0.6830506324768066,0.6111111111111112,0.6798391216030396,0.6222222222222222,0.0,0.0,0.0,0.0,0.0,0.0,0.0,0.0,0.0,,,,,18473,global,0.4
5,4,lr1e-04_bs32_modL1_fusion16_fusionL1_fusionBN0_drop0p2__wd1e-04trmiss40_trlocglobal,32,0.0001,0.0001,1,16,1,False,0.2,lr1e-04_bs32_modL1_fusion16_fusionL1_fusionBN0_drop0p2__wd1e-04trmiss40_trlocglobal,13,0.599527508020401,0.6844275295734406,0.5932539682539684,0.6825226180764185,0.6,0.0,0.0,0.0,0.0,0.0,0.0,0.0,0.0,0.0,,,,,18473,global,0.4
5,4,lr1e-04_bs32_modL1_fusion16_fusionL1_fusionBN0_drop0p2__wd1e-04trmiss40_trlocglobal,32,0.0001,0.0001,1,16,1,False,0.2,lr1e-04_bs32_modL1_fusion16_fusionL1_fusionBN0_drop0p2__wd1e-04trmiss40_trlocglobal,14,0.5941156546274821,0.683944821357727,0.5992063492063492,0.687528071392256,0.6222222222222222,0.0,0.0,0.0,0.0,0.0,0.0,0.0,0.0,0.0,,,,,18473,global,0.4
5,4,lr1e-04_bs32_modL1_fusion16_fusionL1_fusionBN0_drop0p2__wd1e-04trmiss40_trlocglobal,32,0.0001,0.0001,1,16,1,False,0.2,lr1e-04_bs32_modL1_fusion16_fusionL1_fusionBN0_drop0p2__wd1e-04trmiss40_trlocglobal,15,0.5876921514670054,0.6829549968242645,0.619047619047619,0.702418243703739,0.6222222222222222,0.0,0.0,0.0,0.0,0.0,0.0,0.0,0.0,0.0,,,,,18473,global,0.4
5,4,lr1e-04_bs32_modL1_fusion16_fusionL1_fusionBN0_drop0p2__wd1e-04trmiss40_trlocglobal,32,0.0001,0.0001,1,16,1,False,0.2,lr1e-04_bs32_modL1_fusion16_fusionL1_fusionBN0_drop0p2__wd1e-04trmiss40_trlocglobal,16,0.5883997281392416,0.6830621957778931,0.6170634920634921,0.6996272090979175,0.5777777777777777,0.0,0.0,0.0,0.0,0.0,0.0,0.0,0.0,0.0,,,,,18473,global,0.4
5,4,lr1e-04_bs32_modL1_fusion16_fusionL1_fusionBN0_drop0p2__wd1e-04trmiss40_trlocglobal,32,0.0001,0.0001,1,16,1,False,0.2,lr1e-04_bs32_modL1_fusion16_fusionL1_fusionBN0_drop0p2__wd1e-04trmiss40_trlocglobal,17,0.5736946761608124,0.6829708814620972,0.6091269841269842,0.6996825985009885,0.5777777777777777,0.0,0.0,0.0,0.0,0.0,0.0,0.0,0.0,0.0,,,,,18473,global,0.4
5,4,lr1e-04_bs32_modL1_fusion16_fusionL1_fusionBN0_drop0p2__wd1e-04trmiss40_trlocglobal,32,0.0001,0.0001,1,16,1,False,0.2,lr1e-04_bs32_modL1_fusion16_fusionL1_fusionBN0_drop0p2__wd1e-04trmiss40_trlocglobal,18,0.5735249221324921,0.6814125776290894,0.6130952380952381,0.7030035153961911,0.6,0.0,0.0,0.0,0.0,0.0,0.0,0.0,0.0,0.0,,,,,18473,global,0.4
5,4,lr1e-04_bs32_modL1_fusion16_fusionL1_fusionBN0_drop0p2__wd1e-04trmiss40_trlocglobal,32,0.0001,0.0001,1,16,1,False,0.2,lr1e-04_bs32_modL1_fusion16_fusionL1_fusionBN0_drop0p2__wd1e-04trmiss40_trlocglobal,19,0.5717643896738688,0.6813517212867737,0.6091269841269842,0.7012643878294393,0.6,0.0,0.0,0.0,0.0,0.0,0.0,0.0,0.0,0.0,,,,,18473,global,0.4
5,4,lr1e-04_bs32_modL1_fusion16_fusionL1_fusionBN0_drop0p2__wd1e-04trmiss40_trlocglobal,32,0.0001,0.0001,1,16,1,False,0.2,lr1e-04_bs32_modL1_fusion16_fusionL1_fusionBN0_drop0p2__wd1e-04trmiss40_trlocglobal,20,0.5611362556616465,0.6820676922798157,0.5992063492063493,0.6906162156929789,0.5777777777777777,0.0,0.0,0.0,0.0,0.0,0.0,0.0,0.0,0.0,,,,,18473,global,0.4
5,4,lr1e-04_bs32_modL1_fusion16_fusionL1_fusionBN0_drop0p2__wd1e-04trmiss40_trlocglobal,32,0.0001,0.0001,1,16,1,False,0.2,lr1e-04_bs32_modL1_fusion16_fusionL1_fusionBN0_drop0p2__wd1e-04trmiss40_trlocglobal,21,0.5650286575158437,0.6829855144023895,0.6051587301587302,0.6942109899728616,0.5777777777777777,0.0,0.0,0.0,0.0,0.0,0.0,0.0,0.0,0.0,,,,,18473,global,0.4
5,4,lr1e-04_bs32_modL1_fusion16_fusionL1_fusionBN0_drop0p2__wd1e-04trmiss40_trlocglobal,32,0.0001,0.0001,1,16,1,False,0.2,lr1e-04_bs32_modL1_fusion16_fusionL1_fusionBN0_drop0p2__wd1e-04trmiss40_trlocglobal,22,0.5610019862651825,0.6821236312389374,0.6170634920634921,0.7123494491572266,0.5555555555555556,0.0,0.0,0.0,0.0,0.0,0.0,0.0,0.0,0.0,,,,,18473,global,0.4
5,4,lr1e-04_bs32_modL1_fusion16_fusionL1_fusionBN0_drop0p2__wd1e-04trmiss40_trlocglobal,32,0.0001,0.0001,1,16,1,False,0.2,lr1e-04_bs32_modL1_fusion16_fusionL1_fusionBN0_drop0p2__wd1e-04trmiss40_trlocglobal,23,0.5404771069685618,0.6805007755756378,0.621031746031746,0.7165201308063567,0.5555555555555556,0.0,0.0,0.0,0.0,0.0,0.0,0.0,0.0,0.0,,,,,18473,global,0.4
5,4,lr1e-04_bs32_modL1_fusion16_fusionL1_fusionBN0_drop0p2__wd1e-04trmiss40_trlocglobal,32,0.0001,0.0001,1,16,1,False,0.2,lr1e-04_bs32_modL1_fusion16_fusionL1_fusionBN0_drop0p2__wd1e-04trmiss40_trlocglobal,24,0.5511114299297333,0.6815630495548248,0.6091269841269842,0.7066898812393687,0.5555555555555556,0.0,0.0,0.0,0.0,0.0,0.0,0.0,0.0,0.0,,,,,18473,global,0.4
5,4,lr1e-04_bs32_modL1_fusion16_fusionL1_fusionBN0_drop0p2__wd1e-04trmiss40_trlocglobal,32,0.0001,0.0001,1,16,1,False,0.2,lr1e-04_bs32_modL1_fusion16_fusionL1_fusionBN0_drop0p2__wd1e-04trmiss40_trlocglobal,25,0.5303759177525839,0.6820239722728729,0.6130952380952381,0.7094497995009318,0.5555555555555556,0.0,0.0,0.0,0.0,0.0,0.0,0.0,0.0,0.0,,,,,18473,global,0.4
5,4,lr1e-04_bs32_modL1_fusion16_fusionL1_fusionBN0_drop0p2__wd1e-04trmiss40_trlocglobal,32,0.0001,0.0001,1,16,1,False,0.2,lr1e-04_bs32_modL1_fusion16_fusionL1_fusionBN0_drop0p2__wd1e-04trmiss40_trlocglobal,26,0.5330526232719421,0.6835615038871765,0.6150793650793651,0.7123833627332645,0.5333333333333333,0.0,0.0,0.0,0.0,0.0,0.0,0.0,0.0,0.0,,,,,18473,global,0.4
5,4,lr1e-04_bs32_modL1_fusion16_fusionL1_fusionBN0_drop0p2__wd1e-04trmiss40_trlocglobal,32,0.0001,0.0001,1,16,1,False,0.2,lr1e-04_bs32_modL1_fusion16_fusionL1_fusionBN0_drop0p2__wd1e-04trmiss40_trlocglobal,27,0.5292627811431885,0.6826324462890625,0.6190476190476191,0.7137793992219134,0.5777777777777777,0.0,0.0,0.0,0.0,0.0,0.0,0.0,0.0,0.0,,,,,18473,global,0.4
5,4,lr1e-04_bs32_modL1_fusion16_fusionL1_fusionBN0_drop0p2__wd1e-04trmiss40_trlocglobal,32,0.0001,0.0001,1,16,1,False,0.2,lr1e-04_bs32_modL1_fusion16_fusionL1_fusionBN0_drop0p2__wd1e-04trmiss40_trlocglobal,28,0.5329083104928335,0.6816324293613434,0.6150793650793651,0.7042613370246845,0.5777777777777777,0.0,0.0,0.0,0.0,0.0,0.0,0.0,0.0,0.0,,,,,18473,global,0.4
5,4,lr1e-04_bs32_modL1_fusion16_fusionL1_fusionBN0_drop0p2__wd1e-04trmiss40_trlocglobal,32,0.0001,0.0001,1,16,1,False,0.2,lr1e-04_bs32_modL1_fusion16_fusionL1_fusionBN0_drop0p2__wd1e-04trmiss40_trlocglobal,29,0.5224729776382446,0.6838399469852448,0.6190476190476191,0.7057087890210934,0.5777777777777777,0.0,0.0,0.0,0.0,0.0,0.0,0.0,0.0,0.0,,,,,18473,global,0.4
5,4,lr1e-04_bs32_modL1_fusion16_fusionL1_fusionBN0_drop0p2__wd1e-04trmiss40_trlocglobal,32,0.0001,0.0001,1,16,1,False,0.2,lr1e-04_bs32_modL1_fusion16_fusionL1_fusionBN0_drop0p2__wd1e-04trmiss40_trlocglobal,30,0.5195928364992142,0.6846076250076294,0.628968253968254,0.7150500688595656,0.5777777777777777,0.0,0.0,0.0,0.0,0.0,0.0,0.0,0.0,0.0,,,,,18473,global,0.4
5,4,lr1e-04_bs32_modL1_fusion16_fusionL1_fusionBN0_drop0p2__wd1e-04trmiss40_trlocglobal,32,0.0001,0.0001,1,16,1,False,0.2,lr1e-04_bs32_modL1_fusion16_fusionL1_fusionBN0_drop0p2__wd1e-04trmiss40_trlocglobal,31,0.4994796613852183,0.6833666861057281,0.625,0.7104773421493714,0.5777777777777777,0.0,0.0,0.0,0.0,0.0,0.0,0.0,0.0,0.0,,,,,18473,global,0.4
5,4,lr1e-04_bs32_modL1_fusion16_fusionL1_fusionBN0_drop0p2__wd1e-04trmiss40_trlocglobal,32,0.0001,0.0001,1,16,1,False,0.2,lr1e-04_bs32_modL1_fusion16_fusionL1_fusionBN0_drop0p2__wd1e-04trmiss40_trlocglobal,32,0.5028222600618998,0.6815457344055176,0.628968253968254,0.7098358006015,0.5777777777777777,0.0,0.0,0.0,0.0,0.0,0.0,0.0,0.0,0.0,,,,,18473,global,0.4
5,4,lr1e-04_bs32_modL1_fusion16_fusionL1_fusionBN0_drop0p2__wd1e-04trmiss40_trlocglobal,32,0.0001,0.0001,1,16,1,False,0.2,lr1e-04_bs32_modL1_fusion16_fusionL1_fusionBN0_drop0p2__wd1e-04trmiss40_trlocglobal,33,0.5013334999481837,0.6826049983501434,0.634920634920635,0.7138612890019883,0.5555555555555556,0.0,0.0,0.0,0.0,0.0,0.0,0.0,0.0,0.0,,,,,18473,global,0.4
5,4,lr1e-04_bs32_modL1_fusion16_fusionL1_fusionBN0_drop0p2__wd1e-04trmiss40_trlocglobal,32,0.0001,0.0001,1,16,1,False,0.2,lr1e-04_bs32_modL1_fusion16_fusionL1_fusionBN0_drop0p2__wd1e-04trmiss40_trlocglobal,34,0.5035443653663,0.6847987473011017,0.623015873015873,0.7081028943465348,0.5555555555555556,0.0,0.0,0.0,0.0,0.0,0.0,0.0,0.0,0.0,,,,,18473,global,0.4
5,4,lr1e-04_bs32_modL1_fusion16_fusionL1_fusionBN0_drop0p2__wd1e-04trmiss40_trlocglobal,32,0.0001,0.0001,1,16,1,False,0.2,lr1e-04_bs32_modL1_fusion16_fusionL1_fusionBN0_drop0p2__wd1e-04trmiss40_trlocglobal,35,0.49697885910669964,0.6831361353397369,0.6130952380952381,0.7013426271083265,0.5555555555555556,0.0,0.0,0.0,0.0,0.0,0.0,0.0,0.0,0.0,,,,,18473,global,0.4
5,4,lr1e-04_bs32_modL1_fusion16_fusionL1_fusionBN0_drop0p2__wd1e-04trmiss40_trlocglobal,32,0.0001,0.0001,1,16,1,False,0.2,lr1e-04_bs32_modL1_fusion16_fusionL1_fusionBN0_drop0p2__wd1e-04trmiss40_trlocglobal,36,0.49842463433742523,0.6846105754375458,0.623015873015873,0.7111903815372829,0.5555555555555556,0.0,0.0,0.0,0.0,0.0,0.0,0.0,0.0,0.0,,,,,18473,global,0.4
5,4,lr1e-04_bs32_modL1_fusion16_fusionL1_fusionBN0_drop0p2__wd1e-04trmiss40_trlocglobal,32,0.0001,0.0001,1,16,1,False,0.2,lr1e-04_bs32_modL1_fusion16_fusionL1_fusionBN0_drop0p2__wd1e-04trmiss40_trlocglobal,37,0.48242659866809845,0.6846635937690735,0.6309523809523809,0.7128323044292058,0.5777777777777777,0.0,0.0,0.0,0.0,0.0,0.0,0.0,0.0,0.0,,,,,18473,global,0.4
5,4,lr1e-04_bs32_modL1_fusion16_fusionL1_fusionBN0_drop0p2__wd1e-04trmiss40_trlocglobal,32,0.0001,0.0001,1,16,1,False,0.2,lr1e-04_bs32_modL1_fusion16_fusionL1_fusionBN0_drop0p2__wd1e-04trmiss40_trlocglobal,38,0.4772568345069885,0.6830196976661682,0.625,0.7117168161100538,0.5555555555555556,0.0,0.0,0.0,0.0,0.0,0.0,0.0,0.0,0.0,,,,,18473,global,0.4
5,4,lr1e-04_bs32_modL1_fusion16_fusionL1_fusionBN0_drop0p2__wd1e-04trmiss40_trlocglobal,32,0.0001,0.0001,1,16,1,False,0.2,lr1e-04_bs32_modL1_fusion16_fusionL1_fusionBN0_drop0p2__wd1e-04trmiss40_trlocglobal,39,0.48421208063761395,0.683924525976181,0.625,0.7097445108361294,0.5555555555555556,0.0,0.0,0.0,0.0,0.0,0.0,0.0,0.0,0.0,,,,,18473,global,0.4
5,4,lr1e-04_bs32_modL1_fusion16_fusionL1_fusionBN0_drop0p2__wd1e-04trmiss40_trlocglobal,32,0.0001,0.0001,1,16,1,False,0.2,lr1e-04_bs32_modL1_fusion16_fusionL1_fusionBN0_drop0p2__wd1e-04trmiss40_trlocglobal,40,0.47609011828899384,0.6868530213832855,0.6011904761904762,0.6927425221328838,0.5555555555555556,0.0,0.0,0.0,0.0,0.0,0.0,0.0,0.0,0.0,,,,,18473,global,0.4
5,4,lr1e-04_bs32_modL1_fusion16_fusionL1_fusionBN0_drop0p2__wd1e-04trmiss40_trlocglobal,32,0.0001,0.0001,1,16,1,False,0.2,lr1e-04_bs32_modL1_fusion16_fusionL1_fusionBN0_drop0p2__wd1e-04trmiss40_trlocglobal,41,0.47226816415786743,0.6865323781967163,0.5992063492063493,0.6955084157786832,0.5555555555555556,0.0,0.0,0.0,0.0,0.0,0.0,0.0,0.0,0.0,,,,,18473,global,0.4
5,4,lr1e-04_bs32_modL1_fusion16_fusionL1_fusionBN0_drop0p2__wd1e-04trmiss40_trlocglobal,32,0.0001,0.0001,1,16,1,False,0.2,lr1e-04_bs32_modL1_fusion16_fusionL1_fusionBN0_drop0p2__wd1e-04trmiss40_trlocglobal,42,0.4689182937145233,0.684994637966156,0.6031746031746033,0.6971036809668941,0.5555555555555556,0.0,0.0,0.0,0.0,0.0,0.0,0.0,0.0,0.0,,,,,18473,global,0.4
5,4,lr1e-04_bs32_modL1_fusion16_fusionL1_fusionBN0_drop0p2__wd1e-04trmiss40_trlocglobal,32,0.0001,0.0001,1,16,1,False,0.2,lr1e-04_bs32_modL1_fusion16_fusionL1_fusionBN0_drop0p2__wd1e-04trmiss40_trlocglobal,43,0.4686439434687297,0.68288853764534,0.6190476190476191,0.7051086225203059,0.5555555555555556,0.0,0.0,0.0,0.0,0.0,0.0,0.0,0.0,0.0,,,,,18473,global,0.4
5,4,lr1e-04_bs32_modL1_fusion16_fusionL1_fusionBN0_drop0p2__wd1e-04trmiss40_trlocglobal,32,0.0001,0.0001,1,16,1,False,0.2,lr1e-04_bs32_modL1_fusion16_fusionL1_fusionBN0_drop0p2__wd1e-04trmiss40_trlocglobal,44,0.4698709001143773,0.6847183406352997,0.6170634920634921,0.6994100186025327,0.5555555555555556,0.0,0.0,0.0,0.0,0.0,0.0,0.0,0.0,0.0,,,,,18473,global,0.4
5,4,lr1e-04_bs32_modL1_fusion16_fusionL1_fusionBN0_drop0p2__wd1e-04trmiss40_trlocglobal,32,0.0001,0.0001,1,16,1,False,0.2,lr1e-04_bs32_modL1_fusion16_fusionL1_fusionBN0_drop0p2__wd1e-04trmiss40_trlocglobal,45,0.4381736069917679,0.6797289252281189,0.6190476190476191,0.6976902663620291,0.5555555555555556,0.0,0.0,0.0,0.0,0.0,0.0,0.0,0.0,0.0,,,,,18473,global,0.4
5,4,lr1e-04_bs32_modL1_fusion16_fusionL1_fusionBN0_drop0p2__wd1e-04trmiss40_trlocglobal,32,0.0001,0.0001,1,16,1,False,0.2,lr1e-04_bs32_modL1_fusion16_fusionL1_fusionBN0_drop0p2__wd1e-04trmiss40_trlocglobal,46,0.44908004502455395,0.6812143325805664,0.6170634920634921,0.7010553451378994,0.5555555555555556,0.0,0.0,0.0,0.0,0.0,0.0,0.0,0.0,0.0,,,,,18473,global,0.4
5,4,lr1e-04_bs32_modL1_fusion16_fusionL1_fusionBN0_drop0p2__wd1e-04trmiss40_trlocglobal,32,0.0001,0.0001,1,16,1,False,0.2,lr1e-04_bs32_modL1_fusion16_fusionL1_fusionBN0_drop0p2__wd1e-04trmiss40_trlocglobal,47,0.4466866006453832,0.6828274130821228,0.6091269841269842,0.6920327990050836,0.5555555555555556,0.0,0.0,0.0,0.0,0.0,0.0,0.0,0.0,0.0,,,,,18473,global,0.4
5,4,lr1e-04_bs32_modL1_fusion16_fusionL1_fusionBN0_drop0p2__wd1e-04trmiss40_trlocglobal,32,0.0001,0.0001,1,16,1,False,0.2,lr1e-04_bs32_modL1_fusion16_fusionL1_fusionBN0_drop0p2__wd1e-04trmiss40_trlocglobal,48,0.4456956436236699,0.6814439594745636,0.6111111111111112,0.6974133873289408,0.5777777777777777,0.0,0.0,0.0,0.0,0.0,0.0,0.0,0.0,0.0,,,,,18473,global,0.4
5,4,lr1e-04_bs32_modL1_fusion16_fusionL1_fusionBN0_drop0p2__wd1e-04trmiss40_trlocglobal,32,0.0001,0.0001,1,16,1,False,0.2,lr1e-04_bs32_modL1_fusion16_fusionL1_fusionBN0_drop0p2__wd1e-04trmiss40_trlocglobal,49,0.45917893946170807,0.6805994808673859,0.621031746031746,0.7086604124296214,0.5777777777777777,0.0,0.0,0.0,0.0,0.0,0.0,0.0,0.0,0.0,,,,,18473,global,0.4
5,4,lr1e-04_bs32_modL1_fusion16_fusionL1_fusionBN0_drop0p2__wd1e-04trmiss40_trlocglobal,32,0.0001,0.0001,1,16,1,False,0.2,lr1e-04_bs32_modL1_fusion16_fusionL1_fusionBN0_drop0p2__wd1e-04trmiss40_trlocglobal,50,0.44627492626508075,0.6802555620670319,0.6190476190476191,0.7044358514156279,0.5777777777777777,0.0,0.0,0.0,0.0,0.0,0.0,0.0,0.0,0.0,,,,,18473,global,0.4
5,4,lr1e-04_bs32_modL1_fusion16_fusionL1_fusionBN0_drop0p2__wd1e-04trmiss40_trlocglobal,32,0.0001,0.0001,1,16,1,False,0.2,lr1e-04_bs32_modL1_fusion16_fusionL1_fusionBN0_drop0p2__wd1e-04trmiss40_trlocglobal,51,0.44375739991664886,0.6810324192047119,0.6111111111111112,0.7051926615641249,0.5777777777777777,0.0,0.0,0.0,0.0,0.0,0.0,0.0,0.0,0.0,,,,,18473,global,0.4
5,4,lr1e-04_bs32_modL1_fusion16_fusionL1_fusionBN0_drop0p2__wd1e-04trmiss40_trlocglobal,32,0.0001,0.0001,1,16,1,False,0.2,lr1e-04_bs32_modL1_fusion16_fusionL1_fusionBN0_drop0p2__wd1e-04trmiss40_trlocglobal,52,0.439481442173322,0.6806944310665131,0.6190476190476191,0.701027733068999,0.5777777777777777,0.0,0.0,0.0,0.0,0.0,0.0,0.0,0.0,0.0,,,,,18473,global,0.4
5,4,lr1e-04_bs32_modL1_fusion16_fusionL1_fusionBN0_drop0p2__wd1e-04trmiss40_trlocglobal,32,0.0001,0.0001,1,16,1,False,0.2,lr1e-04_bs32_modL1_fusion16_fusionL1_fusionBN0_drop0p2__wd1e-04trmiss40_trlocglobal,53,0.4399410883585612,0.6791833937168121,0.621031746031746,0.6970204096691404,0.5777777777777777,0.0,0.0,0.0,0.0,0.0,0.0,0.0,0.0,0.0,,,,,18473,global,0.4
5,4,lr1e-04_bs32_modL1_fusion16_fusionL1_fusionBN0_drop0p1__wd1e-04trmiss40_trlocglobal,32,0.0001,0.0001,1,16,1,False,0.1,lr1e-04_bs32_modL1_fusion16_fusionL1_fusionBN0_drop0p1__wd1e-04trmiss40_trlocglobal,1,0.7213770349820455,0.7057608067989349,0.4285714285714286,0.4714046467300776,0.4444444444444444,0.0,0.0,0.0,0.0,0.0,0.0,0.0,0.0,0.0,,,,,18473,global,0.4
5,4,lr1e-04_bs32_modL1_fusion16_fusionL1_fusionBN0_drop0p1__wd1e-04trmiss40_trlocglobal,32,0.0001,0.0001,1,16,1,False,0.1,lr1e-04_bs32_modL1_fusion16_fusionL1_fusionBN0_drop0p1__wd1e-04trmiss40_trlocglobal,2,0.6873173515001932,0.7057218551635742,0.4523809523809524,0.47989674927264153,0.4222222222222222,0.0,0.0,0.0,0.0,0.0,0.0,0.0,0.0,0.0,,,,,18473,global,0.4
5,4,lr1e-04_bs32_modL1_fusion16_fusionL1_fusionBN0_drop0p1__wd1e-04trmiss40_trlocglobal,32,0.0001,0.0001,1,16,1,False,0.1,lr1e-04_bs32_modL1_fusion16_fusionL1_fusionBN0_drop0p1__wd1e-04trmiss40_trlocglobal,3,0.6720181107521057,0.705498456954956,0.46031746031746035,0.4821591332075039,0.4222222222222222,0.0,0.0,0.0,0.0,0.0,0.0,0.0,0.0,0.0,,,,,18473,global,0.4
5,4,lr1e-04_bs32_modL1_fusion16_fusionL1_fusionBN0_drop0p1__wd1e-04trmiss40_trlocglobal,32,0.0001,0.0001,1,16,1,False,0.1,lr1e-04_bs32_modL1_fusion16_fusionL1_fusionBN0_drop0p1__wd1e-04trmiss40_trlocglobal,4,0.6601692239443461,0.7047641575336456,0.46825396825396826,0.4910795927895823,0.4222222222222222,0.0,0.0,0.0,0.0,0.0,0.0,0.0,0.0,0.0,,,,,18473,global,0.4
5,4,lr1e-04_bs32_modL1_fusion16_fusionL1_fusionBN0_drop0p1__wd1e-04trmiss40_trlocglobal,32,0.0001,0.0001,1,16,1,False,0.1,lr1e-04_bs32_modL1_fusion16_fusionL1_fusionBN0_drop0p1__wd1e-04trmiss40_trlocglobal,5,0.6451950669288635,0.7050873339176178,0.48015873015873023,0.5086239223340154,0.4,0.0,0.0,0.0,0.0,0.0,0.0,0.0,0.0,0.0,,,,,18473,global,0.4
5,4,lr1e-04_bs32_modL1_fusion16_fusionL1_fusionBN0_drop0p1__wd1e-04trmiss40_trlocglobal,32,0.0001,0.0001,1,16,1,False,0.1,lr1e-04_bs32_modL1_fusion16_fusionL1_fusionBN0_drop0p1__wd1e-04trmiss40_trlocglobal,6,0.645751416683197,0.7058696746826172,0.47817460317460314,0.5074204563608566,0.37777777777777777,0.0,0.0,0.0,0.0,0.0,0.0,0.0,0.0,0.0,,,,,18473,global,0.4
5,4,lr1e-04_bs32_modL1_fusion16_fusionL1_fusionBN0_drop0p1__wd1e-04trmiss40_trlocglobal,32,0.0001,0.0001,1,16,1,False,0.1,lr1e-04_bs32_modL1_fusion16_fusionL1_fusionBN0_drop0p1__wd1e-04trmiss40_trlocglobal,7,0.631760170062383,0.7045692801475525,0.48611111111111105,0.5100475064686378,0.4,0.0,0.0,0.0,0.0,0.0,0.0,0.0,0.0,0.0,,,,,18473,global,0.4
5,4,lr1e-04_bs32_modL1_fusion16_fusionL1_fusionBN0_drop0p1__wd1e-04trmiss40_trlocglobal,32,0.0001,0.0001,1,16,1,False,0.1,lr1e-04_bs32_modL1_fusion16_fusionL1_fusionBN0_drop0p1__wd1e-04trmiss40_trlocglobal,8,0.6182675460974375,0.7037395536899567,0.47023809523809523,0.4987452926582214,0.37777777777777777,0.0,0.0,0.0,0.0,0.0,0.0,0.0,0.0,0.0,,,,,18473,global,0.4
5,4,lr1e-04_bs32_modL1_fusion16_fusionL1_fusionBN0_drop0p1__wd1e-04trmiss40_trlocglobal,32,0.0001,0.0001,1,16,1,False,0.1,lr1e-04_bs32_modL1_fusion16_fusionL1_fusionBN0_drop0p1__wd1e-04trmiss40_trlocglobal,9,0.6127640108267466,0.7035571932792664,0.4781746031746032,0.5094776158905445,0.4222222222222222,0.0,0.0,0.0,0.0,0.0,0.0,0.0,0.0,0.0,,,,,18473,global,0.4
5,4,lr1e-04_bs32_modL1_fusion16_fusionL1_fusionBN0_drop0p1__wd1e-04trmiss40_trlocglobal,32,0.0001,0.0001,1,16,1,False,0.1,lr1e-04_bs32_modL1_fusion16_fusionL1_fusionBN0_drop0p1__wd1e-04trmiss40_trlocglobal,10,0.6085900266965231,0.7028531432151794,0.48214285714285715,0.5084261243605488,0.37777777777777777,0.0,0.0,0.0,0.0,0.0,0.0,0.0,0.0,0.0,,,,,18473,global,0.4
5,4,lr1e-04_bs32_modL1_fusion16_fusionL1_fusionBN0_drop0p1__wd1e-04trmiss40_trlocglobal,32,0.0001,0.0001,1,16,1,False,0.1,lr1e-04_bs32_modL1_fusion16_fusionL1_fusionBN0_drop0p1__wd1e-04trmiss40_trlocglobal,11,0.6018944382667542,0.7017739713191986,0.49404761904761907,0.5156798013927333,0.37777777777777777,0.0,0.0,0.0,0.0,0.0,0.0,0.0,0.0,0.0,,,,,18473,global,0.4
5,4,lr1e-04_bs32_modL1_fusion16_fusionL1_fusionBN0_drop0p1__wd1e-04trmiss40_trlocglobal,32,0.0001,0.0001,1,16,1,False,0.1,lr1e-04_bs32_modL1_fusion16_fusionL1_fusionBN0_drop0p1__wd1e-04trmiss40_trlocglobal,12,0.6003188590208689,0.7015738189220428,0.5099206349206349,0.538740954741197,0.4444444444444444,0.0,0.0,0.0,0.0,0.0,0.0,0.0,0.0,0.0,,,,,18473,global,0.4
5,4,lr1e-04_bs32_modL1_fusion16_fusionL1_fusionBN0_drop0p1__wd1e-04trmiss40_trlocglobal,32,0.0001,0.0001,1,16,1,False,0.1,lr1e-04_bs32_modL1_fusion16_fusionL1_fusionBN0_drop0p1__wd1e-04trmiss40_trlocglobal,13,0.580300529797872,0.7030238807201385,0.503968253968254,0.539609766840702,0.5111111111111111,0.0,0.0,0.0,0.0,0.0,0.0,0.0,0.0,0.0,,,,,18473,global,0.4
5,4,lr1e-04_bs32_modL1_fusion16_fusionL1_fusionBN0_drop0p1__wd1e-04trmiss40_trlocglobal,32,0.0001,0.0001,1,16,1,False,0.1,lr1e-04_bs32_modL1_fusion16_fusionL1_fusionBN0_drop0p1__wd1e-04trmiss40_trlocglobal,14,0.5835043489933014,0.7043357193470001,0.5059523809523809,0.5440708282514255,0.4888888888888889,0.0,0.0,0.0,0.0,0.0,0.0,0.0,0.0,0.0,,,,,18473,global,0.4
5,4,lr1e-04_bs32_modL1_fusion16_fusionL1_fusionBN0_drop0p1__wd1e-04trmiss40_trlocglobal,32,0.0001,0.0001,1,16,1,False,0.1,lr1e-04_bs32_modL1_fusion16_fusionL1_fusionBN0_drop0p1__wd1e-04trmiss40_trlocglobal,15,0.5708511571089426,0.704217791557312,0.501984126984127,0.5440939252190168,0.5111111111111111,0.0,0.0,0.0,0.0,0.0,0.0,0.0,0.0,0.0,,,,,18473,global,0.4
5,4,lr1e-04_bs32_modL1_fusion16_fusionL1_fusionBN0_drop0p1__wd1e-04trmiss40_trlocglobal,32,0.0001,0.0001,1,16,1,False,0.1,lr1e-04_bs32_modL1_fusion16_fusionL1_fusionBN0_drop0p1__wd1e-04trmiss40_trlocglobal,16,0.567030668258667,0.703816831111908,0.5178571428571428,0.5621271952903304,0.5111111111111111,0.0,0.0,0.0,0.0,0.0,0.0,0.0,0.0,0.0,,,,,18473,global,0.4
5,4,lr1e-04_bs32_modL1_fusion16_fusionL1_fusionBN0_drop0p1__wd1e-04trmiss40_trlocglobal,32,0.0001,0.0001,1,16,1,False,0.1,lr1e-04_bs32_modL1_fusion16_fusionL1_fusionBN0_drop0p1__wd1e-04trmiss40_trlocglobal,17,0.5685441295305887,0.7030359208583832,0.5198412698412699,0.5644750788882139,0.5333333333333333,0.0,0.0,0.0,0.0,0.0,0.0,0.0,0.0,0.0,,,,,18473,global,0.4
5,4,lr1e-04_bs32_modL1_fusion16_fusionL1_fusionBN0_drop0p1__wd1e-04trmiss40_trlocglobal,32,0.0001,0.0001,1,16,1,False,0.1,lr1e-04_bs32_modL1_fusion16_fusionL1_fusionBN0_drop0p1__wd1e-04trmiss40_trlocglobal,18,0.5495686630407969,0.7042042911052704,0.5138888888888888,0.5611426809993644,0.5111111111111111,0.0,0.0,0.0,0.0,0.0,0.0,0.0,0.0,0.0,,,,,18473,global,0.4
5,4,lr1e-04_bs32_modL1_fusion16_fusionL1_fusionBN0_drop0p1__wd1e-04trmiss40_trlocglobal,32,0.0001,0.0001,1,16,1,False,0.1,lr1e-04_bs32_modL1_fusion16_fusionL1_fusionBN0_drop0p1__wd1e-04trmiss40_trlocglobal,19,0.5534873902797699,0.7060001492500305,0.5099206349206349,0.5615367872124362,0.5111111111111111,0.0,0.0,0.0,0.0,0.0,0.0,0.0,0.0,0.0,,,,,18473,global,0.4
5,4,lr1e-04_bs32_modL1_fusion16_fusionL1_fusionBN0_drop0p1__wd1e-04trmiss40_trlocglobal,32,0.0001,0.0001,1,16,1,False,0.1,lr1e-04_bs32_modL1_fusion16_fusionL1_fusionBN0_drop0p1__wd1e-04trmiss40_trlocglobal,20,0.5457931756973267,0.7068896591663361,0.5099206349206349,0.5576179873022569,0.4888888888888889,0.0,0.0,0.0,0.0,0.0,0.0,0.0,0.0,0.0,,,,,18473,global,0.4
5,4,lr1e-04_bs32_modL1_fusion16_fusionL1_fusionBN0_drop0p1__wd1e-04trmiss40_trlocglobal,32,0.0001,0.0001,1,16,1,False,0.1,lr1e-04_bs32_modL1_fusion16_fusionL1_fusionBN0_drop0p1__wd1e-04trmiss40_trlocglobal,21,0.5366268356641134,0.7079694271087646,0.501984126984127,0.5650172747655043,0.5333333333333333,0.0,0.0,0.0,0.0,0.0,0.0,0.0,0.0,0.0,,,,,18473,global,0.4
5,4,lr1e-04_bs32_modL1_fusion16_fusionL1_fusionBN0_drop0p1__wd1e-04trmiss40_trlocglobal,32,0.0001,0.0001,1,16,1,False,0.1,lr1e-04_bs32_modL1_fusion16_fusionL1_fusionBN0_drop0p1__wd1e-04trmiss40_trlocglobal,22,0.5358355939388275,0.7077001333236694,0.503968253968254,0.5680056071113438,0.5333333333333333,0.0,0.0,0.0,0.0,0.0,0.0,0.0,0.0,0.0,,,,,18473,global,0.4
5,4,lr1e-04_bs32_modL1_fusion16_fusionL1_fusionBN0_drop0p1__wd1e-04trmiss40_trlocglobal,32,0.0001,0.0001,1,16,1,False,0.1,lr1e-04_bs32_modL1_fusion16_fusionL1_fusionBN0_drop0p1__wd1e-04trmiss40_trlocglobal,23,0.5294662415981293,0.7072338163852692,0.5158730158730159,0.594930599464813,0.5111111111111111,0.0,0.0,0.0,0.0,0.0,0.0,0.0,0.0,0.0,,,,,18473,global,0.4
5,4,lr1e-04_bs32_modL1_fusion16_fusionL1_fusionBN0_drop0p1__wd1e-04trmiss40_trlocglobal,32,0.0001,0.0001,1,16,1,False,0.1,lr1e-04_bs32_modL1_fusion16_fusionL1_fusionBN0_drop0p1__wd1e-04trmiss40_trlocglobal,24,0.5241189400355021,0.7092604637145996,0.5138888888888888,0.5933489719513904,0.5333333333333333,0.0,0.0,0.0,0.0,0.0,0.0,0.0,0.0,0.0,,,,,18473,global,0.4
5,4,lr1e-04_bs32_modL1_fusion16_fusionL1_fusionBN0_drop0p1__wd1e-04trmiss40_trlocglobal,32,0.0001,0.0001,1,16,1,False,0.1,lr1e-04_bs32_modL1_fusion16_fusionL1_fusionBN0_drop0p1__wd1e-04trmiss40_trlocglobal,25,0.5192815363407135,0.7116260826587677,0.5059523809523809,0.5855328440883014,0.5111111111111111,0.0,0.0,0.0,0.0,0.0,0.0,0.0,0.0,0.0,,,,,18473,global,0.4
5,4,lr1e-04_bs32_modL1_fusion16_fusionL1_fusionBN0_drop0p1__wd1e-04trmiss40_trlocglobal,32,0.0001,0.0001,1,16,1,False,0.1,lr1e-04_bs32_modL1_fusion16_fusionL1_fusionBN0_drop0p1__wd1e-04trmiss40_trlocglobal,26,0.5078102747599283,0.7102785110473633,0.5198412698412699,0.5945382104792228,0.4666666666666667,0.0,0.0,0.0,0.0,0.0,0.0,0.0,0.0,0.0,,,,,18473,global,0.4
5,4,lr1e-04_bs32_modL1_fusion16_fusionL1_fusionBN0_drop0p1__wd1e-04trmiss40_trlocglobal,32,0.0001,0.0001,1,16,1,False,0.1,lr1e-04_bs32_modL1_fusion16_fusionL1_fusionBN0_drop0p1__wd1e-04trmiss40_trlocglobal,27,0.5119612962007523,0.7105408608913422,0.5059523809523809,0.5714807795309926,0.4444444444444444,0.0,0.0,0.0,0.0,0.0,0.0,0.0,0.0,0.0,,,,,18473,global,0.4
5,4,lr1e-04_bs32_modL1_fusion16_fusionL1_fusionBN0_drop0p1__wd1e-04trmiss40_trlocglobal,32,0.0001,0.0001,1,16,1,False,0.1,lr1e-04_bs32_modL1_fusion16_fusionL1_fusionBN0_drop0p1__wd1e-04trmiss40_trlocglobal,28,0.5079919050137202,0.7106642127037048,0.507936507936508,0.5734496380935621,0.4444444444444444,0.0,0.0,0.0,0.0,0.0,0.0,0.0,0.0,0.0,,,,,18473,global,0.4
5,4,lr1e-04_bs32_modL1_fusion16_fusionL1_fusionBN0_drop0p1__wd1e-04trmiss40_trlocglobal,32,0.0001,0.0001,1,16,1,False,0.1,lr1e-04_bs32_modL1_fusion16_fusionL1_fusionBN0_drop0p1__wd1e-04trmiss40_trlocglobal,29,0.49514396488666534,0.7100083529949188,0.511904761904762,0.5751066297294235,0.4666666666666667,0.0,0.0,0.0,0.0,0.0,0.0,0.0,0.0,0.0,,,,,18473,global,0.4
5,4,lr1e-04_bs32_modL1_fusion16_fusionL1_fusionBN0_drop0p1__wd1e-04trmiss40_trlocglobal,32,0.0001,0.0001,1,16,1,False,0.1,lr1e-04_bs32_modL1_fusion16_fusionL1_fusionBN0_drop0p1__wd1e-04trmiss40_trlocglobal,30,0.48687616487344104,0.710784375667572,0.5158730158730159,0.5841098913642642,0.4666666666666667,0.0,0.0,0.0,0.0,0.0,0.0,0.0,0.0,0.0,,,,,18473,global,0.4
5,4,lr1e-04_bs32_modL1_fusion16_fusionL1_fusionBN0_drop0p1__wd1e-04trmiss40_trlocglobal,32,0.0001,0.0001,1,16,1,False,0.1,lr1e-04_bs32_modL1_fusion16_fusionL1_fusionBN0_drop0p1__wd1e-04trmiss40_trlocglobal,31,0.4883817434310913,0.7176778018474579,0.501984126984127,0.5865441148721456,0.4666666666666667,0.0,0.0,0.0,0.0,0.0,0.0,0.0,0.0,0.0,,,,,18473,global,0.4
5,4,lr1e-04_bs32_modL1_fusion16_fusionL1_fusionBN0_drop0p1__wd1e-04trmiss40_trlocglobal,32,0.0001,0.0001,1,16,1,False,0.1,lr1e-04_bs32_modL1_fusion16_fusionL1_fusionBN0_drop0p1__wd1e-04trmiss40_trlocglobal,32,0.48798738916714984,0.7171502709388733,0.5099206349206349,0.5902241577290177,0.4888888888888889,0.0,0.0,0.0,0.0,0.0,0.0,0.0,0.0,0.0,,,,,18473,global,0.4
5,4,lr1e-04_bs32_modL1_fusion16_fusionL1_fusionBN0_drop0p1__wd1e-04trmiss40_trlocglobal,32,0.0001,0.0001,1,16,1,False,0.1,lr1e-04_bs32_modL1_fusion16_fusionL1_fusionBN0_drop0p1__wd1e-04trmiss40_trlocglobal,33,0.4777287195126216,0.7125383019447327,0.507936507936508,0.5770642737539106,0.4888888888888889,0.0,0.0,0.0,0.0,0.0,0.0,0.0,0.0,0.0,,,,,18473,global,0.4
5,4,lr1e-04_bs32_modL1_fusion16_fusionL1_fusionBN0_drop0p1__wd1e-04trmiss40_trlocglobal,32,0.0001,0.0001,1,16,1,False,0.1,lr1e-04_bs32_modL1_fusion16_fusionL1_fusionBN0_drop0p1__wd1e-04trmiss40_trlocglobal,34,0.4682930260896683,0.7151685357093811,0.5099206349206349,0.5899141795901959,0.4888888888888889,0.0,0.0,0.0,0.0,0.0,0.0,0.0,0.0,0.0,,,,,18473,global,0.4
5,4,lr1e-04_bs32_modL1_fusion16_fusionL1_fusionBN0_drop0p1__wd1e-04trmiss40_trlocglobal,32,0.0001,0.0001,1,16,1,False,0.1,lr1e-04_bs32_modL1_fusion16_fusionL1_fusionBN0_drop0p1__wd1e-04trmiss40_trlocglobal,35,0.4657657543818156,0.7183441817760468,0.4960317460317461,0.5837972180885536,0.4666666666666667,0.0,0.0,0.0,0.0,0.0,0.0,0.0,0.0,0.0,,,,,18473,global,0.4
5,4,lr1e-04_bs32_modL1_fusion16_fusionL1_fusionBN0_drop0p1__wd1e-04trmiss40_trlocglobal,32,0.0001,0.0001,1,16,1,False,0.1,lr1e-04_bs32_modL1_fusion16_fusionL1_fusionBN0_drop0p1__wd1e-04trmiss40_trlocglobal,36,0.46015796065330505,0.7195746004581451,0.503968253968254,0.5842475630035167,0.4666666666666667,0.0,0.0,0.0,0.0,0.0,0.0,0.0,0.0,0.0,,,,,18473,global,0.4
5,4,lr1e-04_bs32_modL1_fusion16_fusionL1_fusionBN0_drop0p1__wd1e-04trmiss40_trlocglobal,32,0.0001,0.0001,1,16,1,False,0.1,lr1e-04_bs32_modL1_fusion16_fusionL1_fusionBN0_drop0p1__wd1e-04trmiss40_trlocglobal,37,0.45341283082962036,0.7188473641872406,0.503968253968254,0.5905755049811298,0.4444444444444444,0.0,0.0,0.0,0.0,0.0,0.0,0.0,0.0,0.0,,,,,18473,global,0.4
5,4,lr1e-04_bs32_modL1_fusion32_fusionL1_fusionBN0_drop0p2__wd1e-04trmiss40_trlocglobal,32,0.0001,0.0001,1,32,1,False,0.2,lr1e-04_bs32_modL1_fusion32_fusionL1_fusionBN0_drop0p2__wd1e-04trmiss40_trlocglobal,1,0.7021306753158569,0.6895745992660522,0.5972222222222222,0.6998479987036762,0.5555555555555556,0.0,0.0,0.0,0.0,0.0,0.0,0.0,0.0,0.0,,,,,18473,global,0.4
5,4,lr1e-04_bs32_modL1_fusion32_fusionL1_fusionBN0_drop0p2__wd1e-04trmiss40_trlocglobal,32,0.0001,0.0001,1,32,1,False,0.2,lr1e-04_bs32_modL1_fusion32_fusionL1_fusionBN0_drop0p2__wd1e-04trmiss40_trlocglobal,2,0.6893801987171173,0.6873791813850403,0.6468253968253969,0.7280893155400965,0.5555555555555556,0.0,0.0,0.0,0.0,0.0,0.0,0.0,0.0,0.0,,,,,18473,global,0.4
5,4,lr1e-04_bs32_modL1_fusion32_fusionL1_fusionBN0_drop0p2__wd1e-04trmiss40_trlocglobal,32,0.0001,0.0001,1,32,1,False,0.2,lr1e-04_bs32_modL1_fusion32_fusionL1_fusionBN0_drop0p2__wd1e-04trmiss40_trlocglobal,3,0.6688250203927358,0.6866917312145233,0.6646825396825398,0.7489228297575399,0.5555555555555556,0.0,0.0,0.0,0.0,0.0,0.0,0.0,0.0,0.0,,,,,18473,global,0.4
5,4,lr1e-04_bs32_modL1_fusion32_fusionL1_fusionBN0_drop0p2__wd1e-04trmiss40_trlocglobal,32,0.0001,0.0001,1,32,1,False,0.2,lr1e-04_bs32_modL1_fusion32_fusionL1_fusionBN0_drop0p2__wd1e-04trmiss40_trlocglobal,4,0.6639933288097382,0.6858291625976562,0.6825396825396826,0.767162252505007,0.5333333333333333,0.0,0.0,0.0,0.0,0.0,0.0,0.0,0.0,0.0,,,,,18473,global,0.4
5,4,lr1e-04_bs32_modL1_fusion32_fusionL1_fusionBN0_drop0p2__wd1e-04trmiss40_trlocglobal,32,0.0001,0.0001,1,32,1,False,0.2,lr1e-04_bs32_modL1_fusion32_fusionL1_fusionBN0_drop0p2__wd1e-04trmiss40_trlocglobal,5,0.653550535440445,0.6834576427936554,0.7162698412698413,0.7944597899081594,0.5555555555555556,0.0,0.0,0.0,0.0,0.0,0.0,0.0,0.0,0.0,,,,,18473,global,0.4
5,4,lr1e-04_bs32_modL1_fusion32_fusionL1_fusionBN0_drop0p2__wd1e-04trmiss40_trlocglobal,32,0.0001,0.0001,1,32,1,False,0.2,lr1e-04_bs32_modL1_fusion32_fusionL1_fusionBN0_drop0p2__wd1e-04trmiss40_trlocglobal,6,0.6502541800340017,0.6831684410572052,0.7142857142857143,0.7898244901562343,0.5555555555555556,0.0,0.0,0.0,0.0,0.0,0.0,0.0,0.0,0.0,,,,,18473,global,0.4
5,4,lr1e-04_bs32_modL1_fusion32_fusionL1_fusionBN0_drop0p2__wd1e-04trmiss40_trlocglobal,32,0.0001,0.0001,1,32,1,False,0.2,lr1e-04_bs32_modL1_fusion32_fusionL1_fusionBN0_drop0p2__wd1e-04trmiss40_trlocglobal,7,0.6417021850744883,0.6839044988155365,0.7043650793650794,0.7729986862974889,0.5777777777777777,0.0,0.0,0.0,0.0,0.0,0.0,0.0,0.0,0.0,,,,,18473,global,0.4
5,4,lr1e-04_bs32_modL1_fusion32_fusionL1_fusionBN0_drop0p2__wd1e-04trmiss40_trlocglobal,32,0.0001,0.0001,1,32,1,False,0.2,lr1e-04_bs32_modL1_fusion32_fusionL1_fusionBN0_drop0p2__wd1e-04trmiss40_trlocglobal,8,0.634487142165502,0.684984415769577,0.6944444444444445,0.7566642402215522,0.6222222222222222,0.0,0.0,0.0,0.0,0.0,0.0,0.0,0.0,0.0,,,,,18473,global,0.4
5,4,lr1e-04_bs32_modL1_fusion32_fusionL1_fusionBN0_drop0p2__wd1e-04trmiss40_trlocglobal,32,0.0001,0.0001,1,32,1,False,0.2,lr1e-04_bs32_modL1_fusion32_fusionL1_fusionBN0_drop0p2__wd1e-04trmiss40_trlocglobal,9,0.6371582448482513,0.6843710243701935,0.6984126984126984,0.7664645047047878,0.6222222222222222,0.0,0.0,0.0,0.0,0.0,0.0,0.0,0.0,0.0,,,,,18473,global,0.4
5,4,lr1e-04_bs32_modL1_fusion32_fusionL1_fusionBN0_drop0p2__wd1e-04trmiss40_trlocglobal,32,0.0001,0.0001,1,32,1,False,0.2,lr1e-04_bs32_modL1_fusion32_fusionL1_fusionBN0_drop0p2__wd1e-04trmiss40_trlocglobal,10,0.6180508732795715,0.6847575306892395,0.6964285714285714,0.7669897583210274,0.5777777777777777,0.0,0.0,0.0,0.0,0.0,0.0,0.0,0.0,0.0,,,,,18473,global,0.4
5,4,lr1e-04_bs32_modL1_fusion32_fusionL1_fusionBN0_drop0p2__wd1e-04trmiss40_trlocglobal,32,0.0001,0.0001,1,32,1,False,0.2,lr1e-04_bs32_modL1_fusion32_fusionL1_fusionBN0_drop0p2__wd1e-04trmiss40_trlocglobal,11,0.6221016844113668,0.686351478099823,0.6805555555555556,0.7481994661332565,0.5777777777777777,0.0,0.0,0.0,0.0,0.0,0.0,0.0,0.0,0.0,,,,,18473,global,0.4
5,4,lr1e-04_bs32_modL1_fusion32_fusionL1_fusionBN0_drop0p2__wd1e-04trmiss40_trlocglobal,32,0.0001,0.0001,1,32,1,False,0.2,lr1e-04_bs32_modL1_fusion32_fusionL1_fusionBN0_drop0p2__wd1e-04trmiss40_trlocglobal,12,0.6109021206696829,0.6877184510231018,0.6706349206349206,0.7431036614090354,0.5555555555555556,0.0,0.0,0.0,0.0,0.0,0.0,0.0,0.0,0.0,,,,,18473,global,0.4
5,4,lr1e-04_bs32_modL1_fusion32_fusionL1_fusionBN0_drop0p2__wd1e-04trmiss40_trlocglobal,32,0.0001,0.0001,1,32,1,False,0.2,lr1e-04_bs32_modL1_fusion32_fusionL1_fusionBN0_drop0p2__wd1e-04trmiss40_trlocglobal,13,0.6121467252572378,0.6883013546466827,0.6567460317460317,0.7368166770298211,0.6,0.0,0.0,0.0,0.0,0.0,0.0,0.0,0.0,0.0,,,,,18473,global,0.4
5,4,lr1e-04_bs32_modL1_fusion32_fusionL1_fusionBN0_drop0p2__wd1e-04trmiss40_trlocglobal,32,0.0001,0.0001,1,32,1,False,0.2,lr1e-04_bs32_modL1_fusion32_fusionL1_fusionBN0_drop0p2__wd1e-04trmiss40_trlocglobal,14,0.6028292377789816,0.6875679790973663,0.6587301587301587,0.739233094333767,0.6,0.0,0.0,0.0,0.0,0.0,0.0,0.0,0.0,0.0,,,,,18473,global,0.4
5,4,lr1e-04_bs32_modL1_fusion32_fusionL1_fusionBN0_drop0p2__wd1e-04trmiss40_trlocglobal,32,0.0001,0.0001,1,32,1,False,0.2,lr1e-04_bs32_modL1_fusion32_fusionL1_fusionBN0_drop0p2__wd1e-04trmiss40_trlocglobal,15,0.5988532304763794,0.6872285008430481,0.6587301587301588,0.7479617312391336,0.5777777777777777,0.0,0.0,0.0,0.0,0.0,0.0,0.0,0.0,0.0,,,,,18473,global,0.4
5,4,lr1e-04_bs32_modL1_fusion32_fusionL1_fusionBN0_drop0p2__wd1e-04trmiss40_trlocglobal,32,0.0001,0.0001,1,32,1,False,0.2,lr1e-04_bs32_modL1_fusion32_fusionL1_fusionBN0_drop0p2__wd1e-04trmiss40_trlocglobal,16,0.5835911234219869,0.6871145367622375,0.6468253968253969,0.7417079809610503,0.5777777777777777,0.0,0.0,0.0,0.0,0.0,0.0,0.0,0.0,0.0,,,,,18473,global,0.4
5,4,lr1e-04_bs32_modL1_fusion32_fusionL1_fusionBN0_drop0p2__wd1e-04trmiss40_trlocglobal,32,0.0001,0.0001,1,32,1,False,0.2,lr1e-04_bs32_modL1_fusion32_fusionL1_fusionBN0_drop0p2__wd1e-04trmiss40_trlocglobal,17,0.589592178662618,0.6879194676876068,0.6428571428571428,0.7415498747540126,0.5777777777777777,0.0,0.0,0.0,0.0,0.0,0.0,0.0,0.0,0.0,,,,,18473,global,0.4
5,4,lr1e-04_bs32_modL1_fusion32_fusionL1_fusionBN0_drop0p2__wd1e-04trmiss40_trlocglobal,32,0.0001,0.0001,1,32,1,False,0.2,lr1e-04_bs32_modL1_fusion32_fusionL1_fusionBN0_drop0p2__wd1e-04trmiss40_trlocglobal,18,0.5911918381849924,0.6890513300895691,0.6289682539682541,0.7174784391478675,0.5777777777777777,0.0,0.0,0.0,0.0,0.0,0.0,0.0,0.0,0.0,,,,,18473,global,0.4
5,4,lr1e-04_bs32_modL1_fusion32_fusionL1_fusionBN0_drop0p2__wd1e-04trmiss40_trlocglobal,32,0.0001,0.0001,1,32,1,False,0.2,lr1e-04_bs32_modL1_fusion32_fusionL1_fusionBN0_drop0p2__wd1e-04trmiss40_trlocglobal,19,0.5750976502895355,0.689148336648941,0.626984126984127,0.723572075533662,0.5777777777777777,0.0,0.0,0.0,0.0,0.0,0.0,0.0,0.0,0.0,,,,,18473,global,0.4
5,4,lr1e-04_bs32_modL1_fusion32_fusionL1_fusionBN0_drop0p2__wd1e-04trmiss40_trlocglobal,32,0.0001,0.0001,1,32,1,False,0.2,lr1e-04_bs32_modL1_fusion32_fusionL1_fusionBN0_drop0p2__wd1e-04trmiss40_trlocglobal,20,0.5657415290673574,0.688927412033081,0.628968253968254,0.7267789696895215,0.5777777777777777,0.0,0.0,0.0,0.0,0.0,0.0,0.0,0.0,0.0,,,,,18473,global,0.4
5,4,lr1e-04_bs32_modL1_fusion32_fusionL1_fusionBN0_drop0p2__wd1e-04trmiss40_trlocglobal,32,0.0001,0.0001,1,32,1,False,0.2,lr1e-04_bs32_modL1_fusion32_fusionL1_fusionBN0_drop0p2__wd1e-04trmiss40_trlocglobal,21,0.559301346540451,0.6903461813926697,0.6071428571428572,0.7138096814923646,0.5777777777777777,0.0,0.0,0.0,0.0,0.0,0.0,0.0,0.0,0.0,,,,,18473,global,0.4
5,4,lr1e-04_bs32_modL1_fusion32_fusionL1_fusionBN0_drop0p2__wd1e-04trmiss40_trlocglobal,32,0.0001,0.0001,1,32,1,False,0.2,lr1e-04_bs32_modL1_fusion32_fusionL1_fusionBN0_drop0p2__wd1e-04trmiss40_trlocglobal,22,0.5608150462309519,0.6942166686058044,0.5833333333333334,0.6833928764952512,0.5555555555555556,0.0,0.0,0.0,0.0,0.0,0.0,0.0,0.0,0.0,,,,,18473,global,0.4
5,4,lr1e-04_bs32_modL1_fusion32_fusionL1_fusionBN0_drop0p2__wd1e-04trmiss40_trlocglobal,32,0.0001,0.0001,1,32,1,False,0.2,lr1e-04_bs32_modL1_fusion32_fusionL1_fusionBN0_drop0p2__wd1e-04trmiss40_trlocglobal,23,0.5603738327821096,0.694676011800766,0.5813492063492064,0.6814669283648805,0.5333333333333333,0.0,0.0,0.0,0.0,0.0,0.0,0.0,0.0,0.0,,,,,18473,global,0.4
5,4,lr1e-04_bs32_modL1_fusion32_fusionL1_fusionBN0_drop0p2__wd1e-04trmiss40_trlocglobal,32,0.0001,0.0001,1,32,1,False,0.2,lr1e-04_bs32_modL1_fusion32_fusionL1_fusionBN0_drop0p2__wd1e-04trmiss40_trlocglobal,24,0.5518005092938741,0.6901601850986481,0.6071428571428572,0.711656956253161,0.5555555555555556,0.0,0.0,0.0,0.0,0.0,0.0,0.0,0.0,0.0,,,,,18473,global,0.4
5,4,lr1e-04_bs32_modL1_fusion32_fusionL1_fusionBN0_drop0p2__wd1e-04trmiss40_trlocglobal,32,0.0001,0.0001,1,32,1,False,0.2,lr1e-04_bs32_modL1_fusion32_fusionL1_fusionBN0_drop0p2__wd1e-04trmiss40_trlocglobal,25,0.545243630806605,0.689654678106308,0.6051587301587301,0.6971235179825083,0.5555555555555556,0.0,0.0,0.0,0.0,0.0,0.0,0.0,0.0,0.0,,,,,18473,global,0.4
5,4,lr1e-04_bs32_modL1_fusion32_fusionL1_fusionBN0_drop0p1__wd1e-04trmiss40_trlocglobal,32,0.0001,0.0001,1,32,1,False,0.1,lr1e-04_bs32_modL1_fusion32_fusionL1_fusionBN0_drop0p1__wd1e-04trmiss40_trlocglobal,1,0.6890710294246674,0.6960582435131073,0.47817460317460325,0.5571960449692992,0.5555555555555556,0.0,0.0,0.0,0.0,0.0,0.0,0.0,0.0,0.0,,,,,18473,global,0.4
5,4,lr1e-04_bs32_modL1_fusion32_fusionL1_fusionBN0_drop0p1__wd1e-04trmiss40_trlocglobal,32,0.0001,0.0001,1,32,1,False,0.1,lr1e-04_bs32_modL1_fusion32_fusionL1_fusionBN0_drop0p1__wd1e-04trmiss40_trlocglobal,2,0.6637664238611857,0.6934059858322144,0.5059523809523809,0.5724882897926954,0.5777777777777777,0.0,0.0,0.0,0.0,0.0,0.0,0.0,0.0,0.0,,,,,18473,global,0.4
5,4,lr1e-04_bs32_modL1_fusion32_fusionL1_fusionBN0_drop0p1__wd1e-04trmiss40_trlocglobal,32,0.0001,0.0001,1,32,1,False,0.1,lr1e-04_bs32_modL1_fusion32_fusionL1_fusionBN0_drop0p1__wd1e-04trmiss40_trlocglobal,3,0.6436318854490916,0.6916879415512085,0.5238095238095238,0.5865511346719176,0.5555555555555556,0.0,0.0,0.0,0.0,0.0,0.0,0.0,0.0,0.0,,,,,18473,global,0.4
5,4,lr1e-04_bs32_modL1_fusion32_fusionL1_fusionBN0_drop0p1__wd1e-04trmiss40_trlocglobal,32,0.0001,0.0001,1,32,1,False,0.1,lr1e-04_bs32_modL1_fusion32_fusionL1_fusionBN0_drop0p1__wd1e-04trmiss40_trlocglobal,4,0.6306951542695364,0.6885907649993896,0.5297619047619048,0.5878289825740274,0.4888888888888889,0.0,0.0,0.0,0.0,0.0,0.0,0.0,0.0,0.0,,,,,18473,global,0.4
5,4,lr1e-04_bs32_modL1_fusion32_fusionL1_fusionBN0_drop0p1__wd1e-04trmiss40_trlocglobal,32,0.0001,0.0001,1,32,1,False,0.1,lr1e-04_bs32_modL1_fusion32_fusionL1_fusionBN0_drop0p1__wd1e-04trmiss40_trlocglobal,5,0.6185260812441508,0.6846515536308289,0.5793650793650793,0.6127881544723348,0.5333333333333333,0.0,0.0,0.0,0.0,0.0,0.0,0.0,0.0,0.0,,,,,18473,global,0.4
5,4,lr1e-04_bs32_modL1_fusion32_fusionL1_fusionBN0_drop0p1__wd1e-04trmiss40_trlocglobal,32,0.0001,0.0001,1,32,1,False,0.1,lr1e-04_bs32_modL1_fusion32_fusionL1_fusionBN0_drop0p1__wd1e-04trmiss40_trlocglobal,6,0.6093340516090393,0.680922120809555,0.5932539682539683,0.6258005939254184,0.5555555555555556,0.0,0.0,0.0,0.0,0.0,0.0,0.0,0.0,0.0,,,,,18473,global,0.4
5,4,lr1e-04_bs32_modL1_fusion32_fusionL1_fusionBN0_drop0p1__wd1e-04trmiss40_trlocglobal,32,0.0001,0.0001,1,32,1,False,0.1,lr1e-04_bs32_modL1_fusion32_fusionL1_fusionBN0_drop0p1__wd1e-04trmiss40_trlocglobal,7,0.6081632574399313,0.6807505786418915,0.5972222222222223,0.6323001623162728,0.5555555555555556,0.0,0.0,0.0,0.0,0.0,0.0,0.0,0.0,0.0,,,,,18473,global,0.4
5,4,lr1e-04_bs32_modL1_fusion32_fusionL1_fusionBN0_drop0p1__wd1e-04trmiss40_trlocglobal,32,0.0001,0.0001,1,32,1,False,0.1,lr1e-04_bs32_modL1_fusion32_fusionL1_fusionBN0_drop0p1__wd1e-04trmiss40_trlocglobal,8,0.5912781953811646,0.6821148097515106,0.5912698412698413,0.6270847759907409,0.6,0.0,0.0,0.0,0.0,0.0,0.0,0.0,0.0,0.0,,,,,18473,global,0.4
5,4,lr1e-04_bs32_modL1_fusion32_fusionL1_fusionBN0_drop0p1__wd1e-04trmiss40_trlocglobal,32,0.0001,0.0001,1,32,1,False,0.1,lr1e-04_bs32_modL1_fusion32_fusionL1_fusionBN0_drop0p1__wd1e-04trmiss40_trlocglobal,9,0.5840211609999338,0.6840286254882812,0.5892857142857144,0.627177273807692,0.5777777777777777,0.0,0.0,0.0,0.0,0.0,0.0,0.0,0.0,0.0,,,,,18473,global,0.4
5,4,lr1e-04_bs32_modL1_fusion32_fusionL1_fusionBN0_drop0p1__wd1e-04trmiss40_trlocglobal,32,0.0001,0.0001,1,32,1,False,0.1,lr1e-04_bs32_modL1_fusion32_fusionL1_fusionBN0_drop0p1__wd1e-04trmiss40_trlocglobal,10,0.5729929308096567,0.6814808547496796,0.5932539682539683,0.6270740222974986,0.5777777777777777,0.0,0.0,0.0,0.0,0.0,0.0,0.0,0.0,0.0,,,,,18473,global,0.4
5,4,lr1e-04_bs32_modL1_fusion32_fusionL1_fusionBN0_drop0p1__wd1e-04trmiss40_trlocglobal,32,0.0001,0.0001,1,32,1,False,0.1,lr1e-04_bs32_modL1_fusion32_fusionL1_fusionBN0_drop0p1__wd1e-04trmiss40_trlocglobal,11,0.5653016070524851,0.6826132535934448,0.5972222222222222,0.6283548927839319,0.5555555555555556,0.0,0.0,0.0,0.0,0.0,0.0,0.0,0.0,0.0,,,,,18473,global,0.4
5,4,lr1e-04_bs32_modL1_fusion32_fusionL1_fusionBN0_drop0p1__wd1e-04trmiss40_trlocglobal,32,0.0001,0.0001,1,32,1,False,0.1,lr1e-04_bs32_modL1_fusion32_fusionL1_fusionBN0_drop0p1__wd1e-04trmiss40_trlocglobal,12,0.5550843278566996,0.6834760904312134,0.5853174603174603,0.6239511557960008,0.5333333333333333,0.0,0.0,0.0,0.0,0.0,0.0,0.0,0.0,0.0,,,,,18473,global,0.4
5,4,lr1e-04_bs32_modL1_fusion32_fusionL1_fusionBN0_drop0p1__wd1e-04trmiss40_trlocglobal,32,0.0001,0.0001,1,32,1,False,0.1,lr1e-04_bs32_modL1_fusion32_fusionL1_fusionBN0_drop0p1__wd1e-04trmiss40_trlocglobal,13,0.5603348910808563,0.683859795331955,0.5853174603174603,0.6277679693370115,0.5555555555555556,0.0,0.0,0.0,0.0,0.0,0.0,0.0,0.0,0.0,,,,,18473,global,0.4
5,4,lr1e-04_bs32_modL1_fusion32_fusionL1_fusionBN0_drop0p1__wd1e-04trmiss40_trlocglobal,32,0.0001,0.0001,1,32,1,False,0.1,lr1e-04_bs32_modL1_fusion32_fusionL1_fusionBN0_drop0p1__wd1e-04trmiss40_trlocglobal,14,0.536672055721283,0.6842401623725891,0.5972222222222222,0.6398274285378964,0.5333333333333333,0.0,0.0,0.0,0.0,0.0,0.0,0.0,0.0,0.0,,,,,18473,global,0.4
5,4,lr1e-04_bs32_modL1_fusion32_fusionL1_fusionBN0_drop0p1__wd1e-04trmiss40_trlocglobal,32,0.0001,0.0001,1,32,1,False,0.1,lr1e-04_bs32_modL1_fusion32_fusionL1_fusionBN0_drop0p1__wd1e-04trmiss40_trlocglobal,15,0.5339372654755911,0.6853549778461456,0.5873015873015874,0.6321717508538162,0.5333333333333333,0.0,0.0,0.0,0.0,0.0,0.0,0.0,0.0,0.0,,,,,18473,global,0.4
5,4,lr1e-04_bs32_modL1_fusion32_fusionL1_fusionBN0_drop0p1__wd1e-04trmiss40_trlocglobal,32,0.0001,0.0001,1,32,1,False,0.1,lr1e-04_bs32_modL1_fusion32_fusionL1_fusionBN0_drop0p1__wd1e-04trmiss40_trlocglobal,16,0.5268050382534663,0.6869142353534698,0.5813492063492064,0.6306662457494603,0.5555555555555556,0.0,0.0,0.0,0.0,0.0,0.0,0.0,0.0,0.0,,,,,18473,global,0.4
5,4,lr1e-04_bs32_modL1_fusion32_fusionL1_fusionBN0_drop0p1__wd1e-04trmiss40_trlocglobal,32,0.0001,0.0001,1,32,1,False,0.1,lr1e-04_bs32_modL1_fusion32_fusionL1_fusionBN0_drop0p1__wd1e-04trmiss40_trlocglobal,17,0.5080017745494843,0.6871851980686188,0.5734126984126985,0.618673967097112,0.5555555555555556,0.0,0.0,0.0,0.0,0.0,0.0,0.0,0.0,0.0,,,,,18473,global,0.4
5,4,lr1e-04_bs32_modL1_fusion32_fusionL1_fusionBN0_drop0p1__wd1e-04trmiss40_trlocglobal,32,0.0001,0.0001,1,32,1,False,0.1,lr1e-04_bs32_modL1_fusion32_fusionL1_fusionBN0_drop0p1__wd1e-04trmiss40_trlocglobal,18,0.5101289600133896,0.688707709312439,0.5714285714285714,0.6282693317269712,0.5777777777777777,0.0,0.0,0.0,0.0,0.0,0.0,0.0,0.0,0.0,,,,,18473,global,0.4
5,4,lr1e-04_bs32_modL1_fusion32_fusionL1_fusionBN0_drop0p1__wd1e-04trmiss40_trlocglobal,32,0.0001,0.0001,1,32,1,False,0.1,lr1e-04_bs32_modL1_fusion32_fusionL1_fusionBN0_drop0p1__wd1e-04trmiss40_trlocglobal,19,0.49502212802569073,0.6908797919750214,0.5595238095238095,0.6278645070380011,0.5555555555555556,0.0,0.0,0.0,0.0,0.0,0.0,0.0,0.0,0.0,,,,,18473,global,0.4
5,4,lr1e-04_bs32_modL1_fusion32_fusionL1_fusionBN0_drop0p1__wd1e-04trmiss40_trlocglobal,32,0.0001,0.0001,1,32,1,False,0.1,lr1e-04_bs32_modL1_fusion32_fusionL1_fusionBN0_drop0p1__wd1e-04trmiss40_trlocglobal,20,0.48920048773288727,0.6934369206428528,0.5515873015873016,0.6012692927648932,0.5333333333333333,0.0,0.0,0.0,0.0,0.0,0.0,0.0,0.0,0.0,,,,,18473,global,0.4
5,4,lr1e-04_bs32_modL1_fusion32_fusionL1_fusionBN0_drop0p1__wd1e-04trmiss40_trlocglobal,32,0.0001,0.0001,1,32,1,False,0.1,lr1e-04_bs32_modL1_fusion32_fusionL1_fusionBN0_drop0p1__wd1e-04trmiss40_trlocglobal,21,0.48776423931121826,0.697228729724884,0.5535714285714286,0.6238535407093395,0.5333333333333333,0.0,0.0,0.0,0.0,0.0,0.0,0.0,0.0,0.0,,,,,18473,global,0.4
5,4,lr1e-04_bs32_modL1_fusion32_fusionL1_fusionBN0_drop0p1__wd1e-04trmiss40_trlocglobal,32,0.0001,0.0001,1,32,1,False,0.1,lr1e-04_bs32_modL1_fusion32_fusionL1_fusionBN0_drop0p1__wd1e-04trmiss40_trlocglobal,22,0.47882891694704693,0.6988337635993958,0.5654761904761905,0.6314026893964332,0.5333333333333333,0.0,0.0,0.0,0.0,0.0,0.0,0.0,0.0,0.0,,,,,18473,global,0.4
5,4,lr1e-04_bs32_modL1_fusion32_fusionL1_fusionBN0_drop0p1__wd1e-04trmiss40_trlocglobal,32,0.0001,0.0001,1,32,1,False,0.1,lr1e-04_bs32_modL1_fusion32_fusionL1_fusionBN0_drop0p1__wd1e-04trmiss40_trlocglobal,23,0.4786139080921809,0.6997036337852478,0.5615079365079365,0.6260179850766376,0.5333333333333333,0.0,0.0,0.0,0.0,0.0,0.0,0.0,0.0,0.0,,,,,18473,global,0.4
5,4,lr1e-04_bs32_modL1_fusion32_fusionL1_fusionBN0_drop0p1__wd1e-04trmiss40_trlocglobal,32,0.0001,0.0001,1,32,1,False,0.1,lr1e-04_bs32_modL1_fusion32_fusionL1_fusionBN0_drop0p1__wd1e-04trmiss40_trlocglobal,24,0.4728837062915166,0.6957171261310577,0.5753968253968254,0.6361288307225065,0.5555555555555556,0.0,0.0,0.0,0.0,0.0,0.0,0.0,0.0,0.0,,,,,18473,global,0.4
5,4,lr1e-04_bs32_modL1_fusion32_fusionL1_fusionBN0_drop0p1__wd1e-04trmiss40_trlocglobal,32,0.0001,0.0001,1,32,1,False,0.1,lr1e-04_bs32_modL1_fusion32_fusionL1_fusionBN0_drop0p1__wd1e-04trmiss40_trlocglobal,25,0.45144833127657574,0.6953614950180054,0.5654761904761905,0.623498344161099,0.5555555555555556,0.0,0.0,0.0,0.0,0.0,0.0,0.0,0.0,0.0,,,,,18473,global,0.4
5,4,lr1e-04_bs32_modL1_fusion32_fusionL1_fusionBN0_drop0p1__wd1e-04trmiss40_trlocglobal,32,0.0001,0.0001,1,32,1,False,0.1,lr1e-04_bs32_modL1_fusion32_fusionL1_fusionBN0_drop0p1__wd1e-04trmiss40_trlocglobal,26,0.455391859014829,0.6959612667560577,0.5634920634920635,0.629680187550698,0.5555555555555556,0.0,0.0,0.0,0.0,0.0,0.0,0.0,0.0,0.0,,,,,18473,global,0.4
5,4,lr1e-04_bs32_modL1_fusion32_fusionL1_fusionBN0_drop0p1__wd1e-04trmiss40_trlocglobal,32,0.0001,0.0001,1,32,1,False,0.1,lr1e-04_bs32_modL1_fusion32_fusionL1_fusionBN0_drop0p1__wd1e-04trmiss40_trlocglobal,27,0.44202644129594165,0.6980405747890472,0.5575396825396826,0.6286287601751578,0.5555555555555556,0.0,0.0,0.0,0.0,0.0,0.0,0.0,0.0,0.0,,,,,18473,global,0.4
5,4,lr5e-05_bs32_modL1_fusion16_fusionL1_fusionBN0_drop0p2__wd1e-04trmiss40_trlocglobal,32,5e-05,0.0001,1,16,1,False,0.2,lr5e-05_bs32_modL1_fusion16_fusionL1_fusionBN0_drop0p2__wd1e-04trmiss40_trlocglobal,1,0.6970113813877106,0.690861701965332,0.5297619047619048,0.5811490964304237,0.5333333333333333,0.0,0.0,0.0,0.0,0.0,0.0,0.0,0.0,0.0,,,,,18473,global,0.4
5,4,lr5e-05_bs32_modL1_fusion16_fusionL1_fusionBN0_drop0p2__wd1e-04trmiss40_trlocglobal,32,5e-05,0.0001,1,16,1,False,0.2,lr5e-05_bs32_modL1_fusion16_fusionL1_fusionBN0_drop0p2__wd1e-04trmiss40_trlocglobal,2,0.6907254656155905,0.689665287733078,0.5297619047619048,0.5685491504192095,0.5777777777777777,0.0,0.0,0.0,0.0,0.0,0.0,0.0,0.0,0.0,,,,,18473,global,0.4
5,4,lr5e-05_bs32_modL1_fusion16_fusionL1_fusionBN0_drop0p2__wd1e-04trmiss40_trlocglobal,32,5e-05,0.0001,1,16,1,False,0.2,lr5e-05_bs32_modL1_fusion16_fusionL1_fusionBN0_drop0p2__wd1e-04trmiss40_trlocglobal,3,0.6856114367643992,0.688183456659317,0.5515873015873016,0.5823134605896447,0.5777777777777777,0.0,0.0,0.0,0.0,0.0,0.0,0.0,0.0,0.0,,,,,18473,global,0.4
5,4,lr5e-05_bs32_modL1_fusion16_fusionL1_fusionBN0_drop0p2__wd1e-04trmiss40_trlocglobal,32,5e-05,0.0001,1,16,1,False,0.2,lr5e-05_bs32_modL1_fusion16_fusionL1_fusionBN0_drop0p2__wd1e-04trmiss40_trlocglobal,4,0.6832012037436167,0.6862228810787201,0.5654761904761905,0.5734717675204599,0.5777777777777777,0.0,0.0,0.0,0.0,0.0,0.0,0.0,0.0,0.0,,,,,18473,global,0.4
5,4,lr5e-05_bs32_modL1_fusion16_fusionL1_fusionBN0_drop0p2__wd1e-04trmiss40_trlocglobal,32,5e-05,0.0001,1,16,1,False,0.2,lr5e-05_bs32_modL1_fusion16_fusionL1_fusionBN0_drop0p2__wd1e-04trmiss40_trlocglobal,5,0.6765157183011373,0.6848267316818237,0.5734126984126984,0.5809288340603604,0.6,0.0,0.0,0.0,0.0,0.0,0.0,0.0,0.0,0.0,,,,,18473,global,0.4
5,4,lr5e-05_bs32_modL1_fusion16_fusionL1_fusionBN0_drop0p2__wd1e-04trmiss40_trlocglobal,32,5e-05,0.0001,1,16,1,False,0.2,lr5e-05_bs32_modL1_fusion16_fusionL1_fusionBN0_drop0p2__wd1e-04trmiss40_trlocglobal,6,0.6620383759339651,0.6841310262680054,0.5694444444444444,0.5739186847162894,0.6,0.0,0.0,0.0,0.0,0.0,0.0,0.0,0.0,0.0,,,,,18473,global,0.4
5,4,lr5e-05_bs32_modL1_fusion16_fusionL1_fusionBN0_drop0p2__wd1e-04trmiss40_trlocglobal,32,5e-05,0.0001,1,16,1,False,0.2,lr5e-05_bs32_modL1_fusion16_fusionL1_fusionBN0_drop0p2__wd1e-04trmiss40_trlocglobal,7,0.6614700853824615,0.6834600865840912,0.5793650793650794,0.5805764790202531,0.6222222222222222,0.0,0.0,0.0,0.0,0.0,0.0,0.0,0.0,0.0,,,,,18473,global,0.4
5,4,lr5e-05_bs32_modL1_fusion16_fusionL1_fusionBN0_drop0p2__wd1e-04trmiss40_trlocglobal,32,5e-05,0.0001,1,16,1,False,0.2,lr5e-05_bs32_modL1_fusion16_fusionL1_fusionBN0_drop0p2__wd1e-04trmiss40_trlocglobal,8,0.6544132232666016,0.683284193277359,0.5714285714285714,0.5647187574791559,0.6222222222222222,0.0,0.0,0.0,0.0,0.0,0.0,0.0,0.0,0.0,,,,,18473,global,0.4
5,4,lr5e-05_bs32_modL1_fusion16_fusionL1_fusionBN0_drop0p2__wd1e-04trmiss40_trlocglobal,32,5e-05,0.0001,1,16,1,False,0.2,lr5e-05_bs32_modL1_fusion16_fusionL1_fusionBN0_drop0p2__wd1e-04trmiss40_trlocglobal,9,0.652787427107493,0.6837760210037231,0.5674603174603174,0.5618396442154956,0.6222222222222222,0.0,0.0,0.0,0.0,0.0,0.0,0.0,0.0,0.0,,,,,18473,global,0.4
5,4,lr5e-05_bs32_modL1_fusion16_fusionL1_fusionBN0_drop0p2__wd1e-04trmiss40_trlocglobal,32,5e-05,0.0001,1,16,1,False,0.2,lr5e-05_bs32_modL1_fusion16_fusionL1_fusionBN0_drop0p2__wd1e-04trmiss40_trlocglobal,10,0.6539422472318014,0.6838494837284088,0.5793650793650794,0.5733621396437573,0.6222222222222222,0.0,0.0,0.0,0.0,0.0,0.0,0.0,0.0,0.0,,,,,18473,global,0.4
5,4,lr5e-05_bs32_modL1_fusion16_fusionL1_fusionBN0_drop0p2__wd1e-04trmiss40_trlocglobal,32,5e-05,0.0001,1,16,1,False,0.2,lr5e-05_bs32_modL1_fusion16_fusionL1_fusionBN0_drop0p2__wd1e-04trmiss40_trlocglobal,11,0.6480166713396708,0.6847752034664154,0.5674603174603174,0.5592697519947107,0.6222222222222222,0.0,0.0,0.0,0.0,0.0,0.0,0.0,0.0,0.0,,,,,18473,global,0.4
5,4,lr5e-05_bs32_modL1_fusion16_fusionL1_fusionBN0_drop0p2__wd1e-04trmiss40_trlocglobal,32,5e-05,0.0001,1,16,1,False,0.2,lr5e-05_bs32_modL1_fusion16_fusionL1_fusionBN0_drop0p2__wd1e-04trmiss40_trlocglobal,12,0.6440247197945913,0.6856310963630676,0.5634920634920635,0.5557771397560312,0.6444444444444445,0.0,0.0,0.0,0.0,0.0,0.0,0.0,0.0,0.0,,,,,18473,global,0.4
5,4,lr5e-05_bs32_modL1_fusion16_fusionL1_fusionBN0_drop0p2__wd1e-04trmiss40_trlocglobal,32,5e-05,0.0001,1,16,1,False,0.2,lr5e-05_bs32_modL1_fusion16_fusionL1_fusionBN0_drop0p2__wd1e-04trmiss40_trlocglobal,13,0.6390040119489034,0.6862311661243439,0.5753968253968254,0.5621945027523415,0.6444444444444445,0.0,0.0,0.0,0.0,0.0,0.0,0.0,0.0,0.0,,,,,18473,global,0.4
5,4,lr5e-05_bs32_modL1_fusion16_fusionL1_fusionBN0_drop0p2__wd1e-04trmiss40_trlocglobal,32,5e-05,0.0001,1,16,1,False,0.2,lr5e-05_bs32_modL1_fusion16_fusionL1_fusionBN0_drop0p2__wd1e-04trmiss40_trlocglobal,14,0.636264572540919,0.6855867803096771,0.5833333333333334,0.5679418174908843,0.6444444444444445,0.0,0.0,0.0,0.0,0.0,0.0,0.0,0.0,0.0,,,,,18473,global,0.4
5,4,lr5e-05_bs32_modL1_fusion16_fusionL1_fusionBN0_drop0p2__wd1e-04trmiss40_trlocglobal,32,5e-05,0.0001,1,16,1,False,0.2,lr5e-05_bs32_modL1_fusion16_fusionL1_fusionBN0_drop0p2__wd1e-04trmiss40_trlocglobal,15,0.6321321527163187,0.6850838661193848,0.5873015873015873,0.5730907213688776,0.6222222222222222,0.0,0.0,0.0,0.0,0.0,0.0,0.0,0.0,0.0,,,,,18473,global,0.4
5,4,lr5e-05_bs32_modL1_fusion16_fusionL1_fusionBN0_drop0p2__wd1e-04trmiss40_trlocglobal,32,5e-05,0.0001,1,16,1,False,0.2,lr5e-05_bs32_modL1_fusion16_fusionL1_fusionBN0_drop0p2__wd1e-04trmiss40_trlocglobal,16,0.6345023910204569,0.6841346621513367,0.5813492063492063,0.569803940567729,0.6444444444444445,0.0,0.0,0.0,0.0,0.0,0.0,0.0,0.0,0.0,,,,,18473,global,0.4
5,4,lr5e-05_bs32_modL1_fusion16_fusionL1_fusionBN0_drop0p2__wd1e-04trmiss40_trlocglobal,32,5e-05,0.0001,1,16,1,False,0.2,lr5e-05_bs32_modL1_fusion16_fusionL1_fusionBN0_drop0p2__wd1e-04trmiss40_trlocglobal,17,0.6229062477747599,0.6839869618415833,0.5714285714285714,0.5700188485077218,0.6444444444444445,0.0,0.0,0.0,0.0,0.0,0.0,0.0,0.0,0.0,,,,,18473,global,0.4
5,4,lr5e-05_bs32_modL1_fusion16_fusionL1_fusionBN0_drop0p2__wd1e-04trmiss40_trlocglobal,32,5e-05,0.0001,1,16,1,False,0.2,lr5e-05_bs32_modL1_fusion16_fusionL1_fusionBN0_drop0p2__wd1e-04trmiss40_trlocglobal,18,0.6318019727865855,0.6844998002052307,0.5595238095238095,0.5607673059633661,0.6444444444444445,0.0,0.0,0.0,0.0,0.0,0.0,0.0,0.0,0.0,,,,,18473,global,0.4
5,4,lr5e-05_bs32_modL1_fusion16_fusionL1_fusionBN0_drop0p2__wd1e-04trmiss40_trlocglobal,32,5e-05,0.0001,1,16,1,False,0.2,lr5e-05_bs32_modL1_fusion16_fusionL1_fusionBN0_drop0p2__wd1e-04trmiss40_trlocglobal,19,0.6248110830783844,0.6849503517150879,0.5515873015873016,0.5534102770736656,0.6666666666666666,0.0,0.0,0.0,0.0,0.0,0.0,0.0,0.0,0.0,,,,,18473,global,0.4
5,4,lr5e-05_bs32_modL1_fusion16_fusionL1_fusionBN0_drop0p2__wd1e-04trmiss40_trlocglobal,32,5e-05,0.0001,1,16,1,False,0.2,lr5e-05_bs32_modL1_fusion16_fusionL1_fusionBN0_drop0p2__wd1e-04trmiss40_trlocglobal,20,0.6215797960758209,0.684800922870636,0.5396825396825398,0.5507025539682784,0.6666666666666666,0.0,0.0,0.0,0.0,0.0,0.0,0.0,0.0,0.0,,,,,18473,global,0.4
5,4,lr5e-05_bs32_modL1_fusion16_fusionL1_fusionBN0_drop0p2__wd1e-04trmiss40_trlocglobal,32,5e-05,0.0001,1,16,1,False,0.2,lr5e-05_bs32_modL1_fusion16_fusionL1_fusionBN0_drop0p2__wd1e-04trmiss40_trlocglobal,21,0.6286791861057281,0.6853435337543488,0.5317460317460317,0.5429062683785162,0.6666666666666666,0.0,0.0,0.0,0.0,0.0,0.0,0.0,0.0,0.0,,,,,18473,global,0.4
5,4,lr5e-05_bs32_modL1_fusion16_fusionL1_fusionBN0_drop0p2__wd1e-04trmiss40_trlocglobal,32,5e-05,0.0001,1,16,1,False,0.2,lr5e-05_bs32_modL1_fusion16_fusionL1_fusionBN0_drop0p2__wd1e-04trmiss40_trlocglobal,22,0.6120324830214182,0.684822142124176,0.5436507936507937,0.5537372734670296,0.6666666666666666,0.0,0.0,0.0,0.0,0.0,0.0,0.0,0.0,0.0,,,,,18473,global,0.4
5,4,lr5e-05_bs32_modL1_fusion16_fusionL1_fusionBN0_drop0p2__wd1e-04trmiss40_trlocglobal,32,5e-05,0.0001,1,16,1,False,0.2,lr5e-05_bs32_modL1_fusion16_fusionL1_fusionBN0_drop0p2__wd1e-04trmiss40_trlocglobal,23,0.606990655263265,0.6856894195079803,0.5396825396825397,0.5527990991472652,0.6444444444444445,0.0,0.0,0.0,0.0,0.0,0.0,0.0,0.0,0.0,,,,,18473,global,0.4
5,4,lr5e-05_bs32_modL1_fusion16_fusionL1_fusionBN0_drop0p2__wd1e-04trmiss40_trlocglobal,32,5e-05,0.0001,1,16,1,False,0.2,lr5e-05_bs32_modL1_fusion16_fusionL1_fusionBN0_drop0p2__wd1e-04trmiss40_trlocglobal,24,0.6127479275067648,0.6861813366413116,0.5456349206349207,0.5606073355643727,0.6444444444444445,0.0,0.0,0.0,0.0,0.0,0.0,0.0,0.0,0.0,,,,,18473,global,0.4
5,4,lr5e-05_bs32_modL1_fusion16_fusionL1_fusionBN0_drop0p2__wd1e-04trmiss40_trlocglobal,32,5e-05,0.0001,1,16,1,False,0.2,lr5e-05_bs32_modL1_fusion16_fusionL1_fusionBN0_drop0p2__wd1e-04trmiss40_trlocglobal,25,0.6124226748943329,0.6868723928928375,0.5416666666666666,0.5595250401166273,0.6222222222222222,0.0,0.0,0.0,0.0,0.0,0.0,0.0,0.0,0.0,,,,,18473,global,0.4
5,4,lr5e-05_bs32_modL1_fusion16_fusionL1_fusionBN0_drop0p2__wd1e-04trmiss40_trlocglobal,32,5e-05,0.0001,1,16,1,False,0.2,lr5e-05_bs32_modL1_fusion16_fusionL1_fusionBN0_drop0p2__wd1e-04trmiss40_trlocglobal,26,0.6022292872269949,0.6879263520240784,0.5416666666666667,0.5583650222121094,0.6222222222222222,0.0,0.0,0.0,0.0,0.0,0.0,0.0,0.0,0.0,,,,,18473,global,0.4
5,4,lr5e-05_bs32_modL1_fusion16_fusionL1_fusionBN0_drop0p2__wd1e-04trmiss40_trlocglobal,32,5e-05,0.0001,1,16,1,False,0.2,lr5e-05_bs32_modL1_fusion16_fusionL1_fusionBN0_drop0p2__wd1e-04trmiss40_trlocglobal,27,0.6043403049310049,0.6882420182228088,0.5317460317460317,0.550714159041008,0.6,0.0,0.0,0.0,0.0,0.0,0.0,0.0,0.0,0.0,,,,,18473,global,0.4
5,4,lr5e-05_bs32_modL1_fusion16_fusionL1_fusionBN0_drop0p2__wd1e-04trmiss40_trlocglobal,32,5e-05,0.0001,1,16,1,False,0.2,lr5e-05_bs32_modL1_fusion16_fusionL1_fusionBN0_drop0p2__wd1e-04trmiss40_trlocglobal,28,0.6047884623209635,0.6867954730987549,0.5376984126984128,0.5572229935853026,0.6222222222222222,0.0,0.0,0.0,0.0,0.0,0.0,0.0,0.0,0.0,,,,,18473,global,0.4
5,4,lr5e-05_bs32_modL1_fusion16_fusionL1_fusionBN0_drop0p2__wd1e-04trmiss40_trlocglobal,32,5e-05,0.0001,1,16,1,False,0.2,lr5e-05_bs32_modL1_fusion16_fusionL1_fusionBN0_drop0p2__wd1e-04trmiss40_trlocglobal,29,0.5900756319363912,0.6864339411258698,0.5396825396825398,0.5572507457220044,0.6222222222222222,0.0,0.0,0.0,0.0,0.0,0.0,0.0,0.0,0.0,,,,,18473,global,0.4
5,4,lr5e-05_bs32_modL1_fusion16_fusionL1_fusionBN0_drop0p2__wd1e-04trmiss40_trlocglobal,32,5e-05,0.0001,1,16,1,False,0.2,lr5e-05_bs32_modL1_fusion16_fusionL1_fusionBN0_drop0p2__wd1e-04trmiss40_trlocglobal,30,0.5982073843479156,0.6872345507144928,0.5337301587301587,0.5524803313078159,0.6222222222222222,0.0,0.0,0.0,0.0,0.0,0.0,0.0,0.0,0.0,,,,,18473,global,0.4
5,4,lr5e-05_bs32_modL1_fusion16_fusionL1_fusionBN0_drop0p2__wd1e-04trmiss40_trlocglobal,32,5e-05,0.0001,1,16,1,False,0.2,lr5e-05_bs32_modL1_fusion16_fusionL1_fusionBN0_drop0p2__wd1e-04trmiss40_trlocglobal,31,0.5934004882971445,0.6875167787075043,0.5337301587301587,0.5494101558692195,0.6222222222222222,0.0,0.0,0.0,0.0,0.0,0.0,0.0,0.0,0.0,,,,,18473,global,0.4
5,4,lr5e-05_bs32_modL1_fusion16_fusionL1_fusionBN0_drop0p2__wd1e-04trmiss40_trlocglobal,32,5e-05,0.0001,1,16,1,False,0.2,lr5e-05_bs32_modL1_fusion16_fusionL1_fusionBN0_drop0p2__wd1e-04trmiss40_trlocglobal,32,0.5944513579209646,0.6868444681167603,0.5416666666666667,0.5538115494271281,0.6222222222222222,0.0,0.0,0.0,0.0,0.0,0.0,0.0,0.0,0.0,,,,,18473,global,0.4
5,4,lr5e-05_bs32_modL1_fusion16_fusionL1_fusionBN0_drop0p2__wd1e-04trmiss40_trlocglobal,32,5e-05,0.0001,1,16,1,False,0.2,lr5e-05_bs32_modL1_fusion16_fusionL1_fusionBN0_drop0p2__wd1e-04trmiss40_trlocglobal,33,0.5927005807558695,0.6865059733390808,0.5436507936507937,0.5578760109995389,0.6222222222222222,0.0,0.0,0.0,0.0,0.0,0.0,0.0,0.0,0.0,,,,,18473,global,0.4
5,4,lr5e-05_bs32_modL1_fusion16_fusionL1_fusionBN0_drop0p2__wd1e-04trmiss40_trlocglobal,32,5e-05,0.0001,1,16,1,False,0.2,lr5e-05_bs32_modL1_fusion16_fusionL1_fusionBN0_drop0p2__wd1e-04trmiss40_trlocglobal,34,0.5905707677205404,0.6869226694107056,0.5337301587301587,0.5565291098879137,0.6222222222222222,0.0,0.0,0.0,0.0,0.0,0.0,0.0,0.0,0.0,,,,,18473,global,0.4
5,4,lr5e-05_bs32_modL1_fusion16_fusionL1_fusionBN0_drop0p2__wd1e-04trmiss40_trlocglobal,32,5e-05,0.0001,1,16,1,False,0.2,lr5e-05_bs32_modL1_fusion16_fusionL1_fusionBN0_drop0p2__wd1e-04trmiss40_trlocglobal,35,0.5963181257247925,0.6869063377380371,0.5376984126984127,0.5576031791282792,0.6222222222222222,0.0,0.0,0.0,0.0,0.0,0.0,0.0,0.0,0.0,,,,,18473,global,0.4
5,4,lr5e-05_bs32_modL1_fusion16_fusionL1_fusionBN0_drop0p1__wd1e-04trmiss40_trlocglobal,32,5e-05,0.0001,1,16,1,False,0.1,lr5e-05_bs32_modL1_fusion16_fusionL1_fusionBN0_drop0p1__wd1e-04trmiss40_trlocglobal,1,0.6920024355252584,0.6949725151062012,0.5277777777777778,0.5725164117729897,0.4444444444444444,0.0,0.0,0.0,0.0,0.0,0.0,0.0,0.0,0.0,,,,,18473,global,0.4
5,4,lr5e-05_bs32_modL1_fusion16_fusionL1_fusionBN0_drop0p1__wd1e-04trmiss40_trlocglobal,32,5e-05,0.0001,1,16,1,False,0.1,lr5e-05_bs32_modL1_fusion16_fusionL1_fusionBN0_drop0p1__wd1e-04trmiss40_trlocglobal,2,0.6865292092164358,0.692855179309845,0.5476190476190477,0.5905311021662766,0.5111111111111111,0.0,0.0,0.0,0.0,0.0,0.0,0.0,0.0,0.0,,,,,18473,global,0.4
5,4,lr5e-05_bs32_modL1_fusion16_fusionL1_fusionBN0_drop0p1__wd1e-04trmiss40_trlocglobal,32,5e-05,0.0001,1,16,1,False,0.1,lr5e-05_bs32_modL1_fusion16_fusionL1_fusionBN0_drop0p1__wd1e-04trmiss40_trlocglobal,3,0.6708373725414276,0.6909344494342804,0.5833333333333334,0.6138360011643641,0.4888888888888889,0.0,0.0,0.0,0.0,0.0,0.0,0.0,0.0,0.0,,,,,18473,global,0.4
5,4,lr5e-05_bs32_modL1_fusion16_fusionL1_fusionBN0_drop0p1__wd1e-04trmiss40_trlocglobal,32,5e-05,0.0001,1,16,1,False,0.1,lr5e-05_bs32_modL1_fusion16_fusionL1_fusionBN0_drop0p1__wd1e-04trmiss40_trlocglobal,4,0.6599666575590769,0.690382570028305,0.5813492063492063,0.6101399661052931,0.4666666666666667,0.0,0.0,0.0,0.0,0.0,0.0,0.0,0.0,0.0,,,,,18473,global,0.4
5,4,lr5e-05_bs32_modL1_fusion16_fusionL1_fusionBN0_drop0p1__wd1e-04trmiss40_trlocglobal,32,5e-05,0.0001,1,16,1,False,0.1,lr5e-05_bs32_modL1_fusion16_fusionL1_fusionBN0_drop0p1__wd1e-04trmiss40_trlocglobal,5,0.6552329858144125,0.6899182200431824,0.5773809523809523,0.6087019187865257,0.5111111111111111,0.0,0.0,0.0,0.0,0.0,0.0,0.0,0.0,0.0,,,,,18473,global,0.4
5,4,lr5e-05_bs32_modL1_fusion16_fusionL1_fusionBN0_drop0p1__wd1e-04trmiss40_trlocglobal,32,5e-05,0.0001,1,16,1,False,0.1,lr5e-05_bs32_modL1_fusion16_fusionL1_fusionBN0_drop0p1__wd1e-04trmiss40_trlocglobal,6,0.6497736275196075,0.6892645359039307,0.5714285714285714,0.605842789475185,0.5555555555555556,0.0,0.0,0.0,0.0,0.0,0.0,0.0,0.0,0.0,,,,,18473,global,0.4
5,4,lr5e-05_bs32_modL1_fusion16_fusionL1_fusionBN0_drop0p1__wd1e-04trmiss40_trlocglobal,32,5e-05,0.0001,1,16,1,False,0.1,lr5e-05_bs32_modL1_fusion16_fusionL1_fusionBN0_drop0p1__wd1e-04trmiss40_trlocglobal,7,0.644221176703771,0.6882694959640503,0.5694444444444444,0.6049965673256091,0.5555555555555556,0.0,0.0,0.0,0.0,0.0,0.0,0.0,0.0,0.0,,,,,18473,global,0.4
5,4,lr5e-05_bs32_modL1_fusion16_fusionL1_fusionBN0_drop0p1__wd1e-04trmiss40_trlocglobal,32,5e-05,0.0001,1,16,1,False,0.1,lr5e-05_bs32_modL1_fusion16_fusionL1_fusionBN0_drop0p1__wd1e-04trmiss40_trlocglobal,8,0.6412181456883749,0.6887208521366119,0.5674603174603174,0.6112564334557974,0.5333333333333333,0.0,0.0,0.0,0.0,0.0,0.0,0.0,0.0,0.0,,,,,18473,global,0.4
5,4,lr5e-05_bs32_modL1_fusion16_fusionL1_fusionBN0_drop0p1__wd1e-04trmiss40_trlocglobal,32,5e-05,0.0001,1,16,1,False,0.1,lr5e-05_bs32_modL1_fusion16_fusionL1_fusionBN0_drop0p1__wd1e-04trmiss40_trlocglobal,9,0.6345072189966837,0.6880413889884949,0.5773809523809524,0.6431555364828716,0.5555555555555556,0.0,0.0,0.0,0.0,0.0,0.0,0.0,0.0,0.0,,,,,18473,global,0.4
5,4,lr5e-05_bs32_modL1_fusion16_fusionL1_fusionBN0_drop0p1__wd1e-04trmiss40_trlocglobal,32,5e-05,0.0001,1,16,1,False,0.1,lr5e-05_bs32_modL1_fusion16_fusionL1_fusionBN0_drop0p1__wd1e-04trmiss40_trlocglobal,10,0.6306290129820505,0.6872635185718536,0.5773809523809523,0.6459356130043669,0.5555555555555556,0.0,0.0,0.0,0.0,0.0,0.0,0.0,0.0,0.0,,,,,18473,global,0.4
5,4,lr5e-05_bs32_modL1_fusion16_fusionL1_fusionBN0_drop0p1__wd1e-04trmiss40_trlocglobal,32,5e-05,0.0001,1,16,1,False,0.1,lr5e-05_bs32_modL1_fusion16_fusionL1_fusionBN0_drop0p1__wd1e-04trmiss40_trlocglobal,11,0.619422197341919,0.6865417659282684,0.5793650793650794,0.6550468052709987,0.5333333333333333,0.0,0.0,0.0,0.0,0.0,0.0,0.0,0.0,0.0,,,,,18473,global,0.4
5,4,lr5e-05_bs32_modL1_fusion16_fusionL1_fusionBN0_drop0p1__wd1e-04trmiss40_trlocglobal,32,5e-05,0.0001,1,16,1,False,0.1,lr5e-05_bs32_modL1_fusion16_fusionL1_fusionBN0_drop0p1__wd1e-04trmiss40_trlocglobal,12,0.6169718603293101,0.6862212717533112,0.5773809523809524,0.6582482069726403,0.5333333333333333,0.0,0.0,0.0,0.0,0.0,0.0,0.0,0.0,0.0,,,,,18473,global,0.4
5,4,lr5e-05_bs32_modL1_fusion16_fusionL1_fusionBN0_drop0p1__wd1e-04trmiss40_trlocglobal,32,5e-05,0.0001,1,16,1,False,0.1,lr5e-05_bs32_modL1_fusion16_fusionL1_fusionBN0_drop0p1__wd1e-04trmiss40_trlocglobal,13,0.6209693650404612,0.686647355556488,0.5674603174603176,0.6456641645172743,0.5333333333333333,0.0,0.0,0.0,0.0,0.0,0.0,0.0,0.0,0.0,,,,,18473,global,0.4
5,4,lr5e-05_bs32_modL1_fusion16_fusionL1_fusionBN0_drop0p1__wd1e-04trmiss40_trlocglobal,32,5e-05,0.0001,1,16,1,False,0.1,lr5e-05_bs32_modL1_fusion16_fusionL1_fusionBN0_drop0p1__wd1e-04trmiss40_trlocglobal,14,0.6149742702643076,0.6874338090419769,0.5515873015873016,0.6338661132950058,0.4888888888888889,0.0,0.0,0.0,0.0,0.0,0.0,0.0,0.0,0.0,,,,,18473,global,0.4
5,4,lr5e-05_bs32_modL1_fusion16_fusionL1_fusionBN0_drop0p1__wd1e-04trmiss40_trlocglobal,32,5e-05,0.0001,1,16,1,False,0.1,lr5e-05_bs32_modL1_fusion16_fusionL1_fusionBN0_drop0p1__wd1e-04trmiss40_trlocglobal,15,0.6151013771692911,0.6873708069324493,0.5535714285714286,0.6282857005276187,0.4888888888888889,0.0,0.0,0.0,0.0,0.0,0.0,0.0,0.0,0.0,,,,,18473,global,0.4
5,4,lr5e-05_bs32_modL1_fusion16_fusionL1_fusionBN0_drop0p1__wd1e-04trmiss40_trlocglobal,32,5e-05,0.0001,1,16,1,False,0.1,lr5e-05_bs32_modL1_fusion16_fusionL1_fusionBN0_drop0p1__wd1e-04trmiss40_trlocglobal,16,0.6086387634277344,0.6865974366664886,0.5555555555555556,0.6349747871355775,0.4888888888888889,0.0,0.0,0.0,0.0,0.0,0.0,0.0,0.0,0.0,,,,,18473,global,0.4
5,4,lr5e-05_bs32_modL1_fusion16_fusionL1_fusionBN0_drop0p1__wd1e-04trmiss40_trlocglobal,32,5e-05,0.0001,1,16,1,False,0.1,lr5e-05_bs32_modL1_fusion16_fusionL1_fusionBN0_drop0p1__wd1e-04trmiss40_trlocglobal,17,0.6047642429669698,0.6865997910499573,0.5515873015873016,0.6348024479007383,0.4666666666666667,0.0,0.0,0.0,0.0,0.0,0.0,0.0,0.0,0.0,,,,,18473,global,0.4
5,4,lr5e-05_bs32_modL1_fusion16_fusionL1_fusionBN0_drop0p1__wd1e-04trmiss40_trlocglobal,32,5e-05,0.0001,1,16,1,False,0.1,lr5e-05_bs32_modL1_fusion16_fusionL1_fusionBN0_drop0p1__wd1e-04trmiss40_trlocglobal,18,0.6009038090705872,0.6868792176246643,0.5535714285714286,0.6270399482224778,0.4444444444444444,0.0,0.0,0.0,0.0,0.0,0.0,0.0,0.0,0.0,,,,,18473,global,0.4
5,4,lr5e-05_bs32_modL1_fusion16_fusionL1_fusionBN0_drop0p1__wd1e-04trmiss40_trlocglobal,32,5e-05,0.0001,1,16,1,False,0.1,lr5e-05_bs32_modL1_fusion16_fusionL1_fusionBN0_drop0p1__wd1e-04trmiss40_trlocglobal,19,0.5940916140874227,0.6872387826442719,0.5575396825396826,0.6192634824147141,0.4444444444444444,0.0,0.0,0.0,0.0,0.0,0.0,0.0,0.0,0.0,,,,,18473,global,0.4
5,4,lr5e-05_bs32_modL1_fusion16_fusionL1_fusionBN0_drop0p1__wd1e-04trmiss40_trlocglobal,32,5e-05,0.0001,1,16,1,False,0.1,lr5e-05_bs32_modL1_fusion16_fusionL1_fusionBN0_drop0p1__wd1e-04trmiss40_trlocglobal,20,0.5908002853393555,0.6860533356666565,0.5575396825396826,0.6296181960055768,0.4444444444444444,0.0,0.0,0.0,0.0,0.0,0.0,0.0,0.0,0.0,,,,,18473,global,0.4
5,4,lr5e-05_bs32_modL1_fusion16_fusionL1_fusionBN0_drop0p1__wd1e-04trmiss40_trlocglobal,32,5e-05,0.0001,1,16,1,False,0.1,lr5e-05_bs32_modL1_fusion16_fusionL1_fusionBN0_drop0p1__wd1e-04trmiss40_trlocglobal,21,0.5953805843989054,0.6854678094387054,0.5615079365079365,0.6264213206612889,0.4444444444444444,0.0,0.0,0.0,0.0,0.0,0.0,0.0,0.0,0.0,,,,,18473,global,0.4
5,4,lr5e-05_bs32_modL1_fusion16_fusionL1_fusionBN0_drop0p1__wd1e-04trmiss40_trlocglobal,32,5e-05,0.0001,1,16,1,False,0.1,lr5e-05_bs32_modL1_fusion16_fusionL1_fusionBN0_drop0p1__wd1e-04trmiss40_trlocglobal,22,0.5877083241939545,0.6857952773571014,0.5515873015873015,0.6196851774668124,0.4666666666666667,0.0,0.0,0.0,0.0,0.0,0.0,0.0,0.0,0.0,,,,,18473,global,0.4
5,4,lr5e-05_bs32_modL1_fusion16_fusionL1_fusionBN0_drop0p1__wd1e-04trmiss40_trlocglobal,32,5e-05,0.0001,1,16,1,False,0.1,lr5e-05_bs32_modL1_fusion16_fusionL1_fusionBN0_drop0p1__wd1e-04trmiss40_trlocglobal,23,0.5904460450013479,0.6869488954544067,0.5496031746031746,0.617491243785176,0.4666666666666667,0.0,0.0,0.0,0.0,0.0,0.0,0.0,0.0,0.0,,,,,18473,global,0.4
5,4,lr5e-05_bs32_modL1_fusion16_fusionL1_fusionBN0_drop0p1__wd1e-04trmiss40_trlocglobal,32,5e-05,0.0001,1,16,1,False,0.1,lr5e-05_bs32_modL1_fusion16_fusionL1_fusionBN0_drop0p1__wd1e-04trmiss40_trlocglobal,24,0.58405073483785,0.6871079206466675,0.5595238095238095,0.6308827499398398,0.4444444444444444,0.0,0.0,0.0,0.0,0.0,0.0,0.0,0.0,0.0,,,,,18473,global,0.4
5,4,lr5e-05_bs32_modL1_fusion16_fusionL1_fusionBN0_drop0p1__wd1e-04trmiss40_trlocglobal,32,5e-05,0.0001,1,16,1,False,0.1,lr5e-05_bs32_modL1_fusion16_fusionL1_fusionBN0_drop0p1__wd1e-04trmiss40_trlocglobal,25,0.587871660788854,0.6883789300918579,0.5555555555555556,0.6280024279545967,0.4666666666666667,0.0,0.0,0.0,0.0,0.0,0.0,0.0,0.0,0.0,,,,,18473,global,0.4
5,4,lr5e-05_bs32_modL1_fusion16_fusionL1_fusionBN0_drop0p1__wd1e-04trmiss40_trlocglobal,32,5e-05,0.0001,1,16,1,False,0.1,lr5e-05_bs32_modL1_fusion16_fusionL1_fusionBN0_drop0p1__wd1e-04trmiss40_trlocglobal,26,0.5746121903260549,0.6885156631469727,0.5595238095238095,0.6324320101447137,0.4888888888888889,0.0,0.0,0.0,0.0,0.0,0.0,0.0,0.0,0.0,,,,,18473,global,0.4
5,4,lr5e-05_bs32_modL1_fusion16_fusionL1_fusionBN0_drop0p1__wd1e-04trmiss40_trlocglobal,32,5e-05,0.0001,1,16,1,False,0.1,lr5e-05_bs32_modL1_fusion16_fusionL1_fusionBN0_drop0p1__wd1e-04trmiss40_trlocglobal,27,0.575997124115626,0.6892336010932922,0.5476190476190477,0.6141033321959378,0.5111111111111111,0.0,0.0,0.0,0.0,0.0,0.0,0.0,0.0,0.0,,,,,18473,global,0.4
5,4,lr5e-05_bs32_modL1_fusion16_fusionL1_fusionBN0_drop0p1__wd1e-04trmiss40_trlocglobal,32,5e-05,0.0001,1,16,1,False,0.1,lr5e-05_bs32_modL1_fusion16_fusionL1_fusionBN0_drop0p1__wd1e-04trmiss40_trlocglobal,28,0.5676075220108032,0.6898720860481262,0.5436507936507936,0.612317868436077,0.4666666666666667,0.0,0.0,0.0,0.0,0.0,0.0,0.0,0.0,0.0,,,,,18473,global,0.4
5,4,lr5e-05_bs32_modL1_fusion16_fusionL1_fusionBN0_drop0p1__wd1e-04trmiss40_trlocglobal,32,5e-05,0.0001,1,16,1,False,0.1,lr5e-05_bs32_modL1_fusion16_fusionL1_fusionBN0_drop0p1__wd1e-04trmiss40_trlocglobal,29,0.5691248178482056,0.6899328231811523,0.5436507936507937,0.6071334502260558,0.4666666666666667,0.0,0.0,0.0,0.0,0.0,0.0,0.0,0.0,0.0,,,,,18473,global,0.4
5,4,lr5e-05_bs32_modL1_fusion16_fusionL1_fusionBN0_drop0p1__wd1e-04trmiss40_trlocglobal,32,5e-05,0.0001,1,16,1,False,0.1,lr5e-05_bs32_modL1_fusion16_fusionL1_fusionBN0_drop0p1__wd1e-04trmiss40_trlocglobal,30,0.5654253562291464,0.6909355521202087,0.5396825396825398,0.6062490706095596,0.4666666666666667,0.0,0.0,0.0,0.0,0.0,0.0,0.0,0.0,0.0,,,,,18473,global,0.4
5,4,lr5e-05_bs32_modL1_fusion16_fusionL1_fusionBN0_drop0p1__wd1e-04trmiss40_trlocglobal,32,5e-05,0.0001,1,16,1,False,0.1,lr5e-05_bs32_modL1_fusion16_fusionL1_fusionBN0_drop0p1__wd1e-04trmiss40_trlocglobal,31,0.5670198102792104,0.6920835673809052,0.5436507936507937,0.6221448839012061,0.4666666666666667,0.0,0.0,0.0,0.0,0.0,0.0,0.0,0.0,0.0,,,,,18473,global,0.4
5,4,lr5e-05_bs32_modL1_fusion32_fusionL1_fusionBN0_drop0p2__wd1e-04trmiss40_trlocglobal,32,5e-05,0.0001,1,32,1,False,0.2,lr5e-05_bs32_modL1_fusion32_fusionL1_fusionBN0_drop0p2__wd1e-04trmiss40_trlocglobal,1,0.6982395648956299,0.6868705749511719,0.5773809523809523,0.6355599473921146,0.5333333333333333,0.0,0.0,0.0,0.0,0.0,0.0,0.0,0.0,0.0,,,,,18473,global,0.4
5,4,lr5e-05_bs32_modL1_fusion32_fusionL1_fusionBN0_drop0p2__wd1e-04trmiss40_trlocglobal,32,5e-05,0.0001,1,32,1,False,0.2,lr5e-05_bs32_modL1_fusion32_fusionL1_fusionBN0_drop0p2__wd1e-04trmiss40_trlocglobal,2,0.6772940556208292,0.6833246052265167,0.5932539682539683,0.6543746633026307,0.6222222222222222,0.0,0.0,0.0,0.0,0.0,0.0,0.0,0.0,0.0,,,,,18473,global,0.4
5,4,lr5e-05_bs32_modL1_fusion32_fusionL1_fusionBN0_drop0p2__wd1e-04trmiss40_trlocglobal,32,5e-05,0.0001,1,32,1,False,0.2,lr5e-05_bs32_modL1_fusion32_fusionL1_fusionBN0_drop0p2__wd1e-04trmiss40_trlocglobal,3,0.680392990509669,0.6808474361896515,0.6011904761904762,0.6647630502445515,0.5777777777777777,0.0,0.0,0.0,0.0,0.0,0.0,0.0,0.0,0.0,,,,,18473,global,0.4
5,4,lr5e-05_bs32_modL1_fusion32_fusionL1_fusionBN0_drop0p2__wd1e-04trmiss40_trlocglobal,32,5e-05,0.0001,1,32,1,False,0.2,lr5e-05_bs32_modL1_fusion32_fusionL1_fusionBN0_drop0p2__wd1e-04trmiss40_trlocglobal,4,0.6721016267935435,0.6792856752872467,0.6011904761904763,0.6623316646525339,0.6,0.0,0.0,0.0,0.0,0.0,0.0,0.0,0.0,0.0,,,,,18473,global,0.4
5,4,lr5e-05_bs32_modL1_fusion32_fusionL1_fusionBN0_drop0p2__wd1e-04trmiss40_trlocglobal,32,5e-05,0.0001,1,32,1,False,0.2,lr5e-05_bs32_modL1_fusion32_fusionL1_fusionBN0_drop0p2__wd1e-04trmiss40_trlocglobal,5,0.6640122830867767,0.6787188947200775,0.5992063492063492,0.6602051657092299,0.6222222222222222,0.0,0.0,0.0,0.0,0.0,0.0,0.0,0.0,0.0,,,,,18473,global,0.4
5,4,lr5e-05_bs32_modL1_fusion32_fusionL1_fusionBN0_drop0p2__wd1e-04trmiss40_trlocglobal,32,5e-05,0.0001,1,32,1,False,0.2,lr5e-05_bs32_modL1_fusion32_fusionL1_fusionBN0_drop0p2__wd1e-04trmiss40_trlocglobal,6,0.6575610637664795,0.6781445145606995,0.5992063492063492,0.6583832795850182,0.6,0.0,0.0,0.0,0.0,0.0,0.0,0.0,0.0,0.0,,,,,18473,global,0.4
5,4,lr5e-05_bs32_modL1_fusion32_fusionL1_fusionBN0_drop0p2__wd1e-04trmiss40_trlocglobal,32,5e-05,0.0001,1,32,1,False,0.2,lr5e-05_bs32_modL1_fusion32_fusionL1_fusionBN0_drop0p2__wd1e-04trmiss40_trlocglobal,7,0.6568250258763632,0.6779731810092926,0.6011904761904763,0.6522369216687877,0.6666666666666666,0.0,0.0,0.0,0.0,0.0,0.0,0.0,0.0,0.0,,,,,18473,global,0.4
5,4,lr5e-05_bs32_modL1_fusion32_fusionL1_fusionBN0_drop0p2__wd1e-04trmiss40_trlocglobal,32,5e-05,0.0001,1,32,1,False,0.2,lr5e-05_bs32_modL1_fusion32_fusionL1_fusionBN0_drop0p2__wd1e-04trmiss40_trlocglobal,8,0.6540745695432028,0.677390456199646,0.6111111111111112,0.6555729787316674,0.6666666666666666,0.0,0.0,0.0,0.0,0.0,0.0,0.0,0.0,0.0,,,,,18473,global,0.4
5,4,lr5e-05_bs32_modL1_fusion32_fusionL1_fusionBN0_drop0p2__wd1e-04trmiss40_trlocglobal,32,5e-05,0.0001,1,32,1,False,0.2,lr5e-05_bs32_modL1_fusion32_fusionL1_fusionBN0_drop0p2__wd1e-04trmiss40_trlocglobal,9,0.6515007317066193,0.6781778037548065,0.5932539682539684,0.6278310338801757,0.6666666666666666,0.0,0.0,0.0,0.0,0.0,0.0,0.0,0.0,0.0,,,,,18473,global,0.4
5,4,lr5e-05_bs32_modL1_fusion32_fusionL1_fusionBN0_drop0p2__wd1e-04trmiss40_trlocglobal,32,5e-05,0.0001,1,32,1,False,0.2,lr5e-05_bs32_modL1_fusion32_fusionL1_fusionBN0_drop0p2__wd1e-04trmiss40_trlocglobal,10,0.6427536507447561,0.6776350438594818,0.5952380952380952,0.6291213944197622,0.6666666666666666,0.0,0.0,0.0,0.0,0.0,0.0,0.0,0.0,0.0,,,,,18473,global,0.4
5,4,lr5e-05_bs32_modL1_fusion32_fusionL1_fusionBN0_drop0p2__wd1e-04trmiss40_trlocglobal,32,5e-05,0.0001,1,32,1,False,0.2,lr5e-05_bs32_modL1_fusion32_fusionL1_fusionBN0_drop0p2__wd1e-04trmiss40_trlocglobal,11,0.6381288568178812,0.6771084666252136,0.6051587301587301,0.6398133813807245,0.6666666666666666,0.0,0.0,0.0,0.0,0.0,0.0,0.0,0.0,0.0,,,,,18473,global,0.4
5,4,lr5e-05_bs32_modL1_fusion32_fusionL1_fusionBN0_drop0p2__wd1e-04trmiss40_trlocglobal,32,5e-05,0.0001,1,32,1,False,0.2,lr5e-05_bs32_modL1_fusion32_fusionL1_fusionBN0_drop0p2__wd1e-04trmiss40_trlocglobal,12,0.6260571678479513,0.6781791150569916,0.6011904761904763,0.6322083067234864,0.6666666666666666,0.0,0.0,0.0,0.0,0.0,0.0,0.0,0.0,0.0,,,,,18473,global,0.4
5,4,lr5e-05_bs32_modL1_fusion32_fusionL1_fusionBN0_drop0p2__wd1e-04trmiss40_trlocglobal,32,5e-05,0.0001,1,32,1,False,0.2,lr5e-05_bs32_modL1_fusion32_fusionL1_fusionBN0_drop0p2__wd1e-04trmiss40_trlocglobal,13,0.6264143089453379,0.6798323392868042,0.6170634920634921,0.6396764078690497,0.6444444444444445,0.0,0.0,0.0,0.0,0.0,0.0,0.0,0.0,0.0,,,,,18473,global,0.4
5,4,lr5e-05_bs32_modL1_fusion32_fusionL1_fusionBN0_drop0p2__wd1e-04trmiss40_trlocglobal,32,5e-05,0.0001,1,32,1,False,0.2,lr5e-05_bs32_modL1_fusion32_fusionL1_fusionBN0_drop0p2__wd1e-04trmiss40_trlocglobal,14,0.6207242608070374,0.6816824972629547,0.6111111111111112,0.6392184289942304,0.6,0.0,0.0,0.0,0.0,0.0,0.0,0.0,0.0,0.0,,,,,18473,global,0.4
5,4,lr5e-05_bs32_modL1_fusion32_fusionL1_fusionBN0_drop0p2__wd1e-04trmiss40_trlocglobal,32,5e-05,0.0001,1,32,1,False,0.2,lr5e-05_bs32_modL1_fusion32_fusionL1_fusionBN0_drop0p2__wd1e-04trmiss40_trlocglobal,15,0.6329110562801361,0.682976484298706,0.6150793650793651,0.6426827727602983,0.6,0.0,0.0,0.0,0.0,0.0,0.0,0.0,0.0,0.0,,,,,18473,global,0.4
5,4,lr5e-05_bs32_modL1_fusion32_fusionL1_fusionBN0_drop0p2__wd1e-04trmiss40_trlocglobal,32,5e-05,0.0001,1,32,1,False,0.2,lr5e-05_bs32_modL1_fusion32_fusionL1_fusionBN0_drop0p2__wd1e-04trmiss40_trlocglobal,16,0.6180289089679718,0.6839189529418945,0.6051587301587302,0.6384971356005232,0.5777777777777777,0.0,0.0,0.0,0.0,0.0,0.0,0.0,0.0,0.0,,,,,18473,global,0.4
5,4,lr5e-05_bs32_modL1_fusion32_fusionL1_fusionBN0_drop0p2__wd1e-04trmiss40_trlocglobal,32,5e-05,0.0001,1,32,1,False,0.2,lr5e-05_bs32_modL1_fusion32_fusionL1_fusionBN0_drop0p2__wd1e-04trmiss40_trlocglobal,17,0.6156518856684366,0.6857239603996277,0.5952380952380953,0.6398117661828964,0.6,0.0,0.0,0.0,0.0,0.0,0.0,0.0,0.0,0.0,,,,,18473,global,0.4
5,4,lr5e-05_bs32_modL1_fusion32_fusionL1_fusionBN0_drop0p2__wd1e-04trmiss40_trlocglobal,32,5e-05,0.0001,1,32,1,False,0.2,lr5e-05_bs32_modL1_fusion32_fusionL1_fusionBN0_drop0p2__wd1e-04trmiss40_trlocglobal,18,0.6068711082140604,0.6891370713710785,0.5853174603174603,0.6375801053796898,0.5777777777777777,0.0,0.0,0.0,0.0,0.0,0.0,0.0,0.0,0.0,,,,,18473,global,0.4
5,4,lr5e-05_bs32_modL1_fusion32_fusionL1_fusionBN0_drop0p2__wd1e-04trmiss40_trlocglobal,32,5e-05,0.0001,1,32,1,False,0.2,lr5e-05_bs32_modL1_fusion32_fusionL1_fusionBN0_drop0p2__wd1e-04trmiss40_trlocglobal,19,0.6045808096726736,0.6899876296520233,0.5793650793650793,0.6360289594305096,0.5777777777777777,0.0,0.0,0.0,0.0,0.0,0.0,0.0,0.0,0.0,,,,,18473,global,0.4
5,4,lr5e-05_bs32_modL1_fusion32_fusionL1_fusionBN0_drop0p2__wd1e-04trmiss40_trlocglobal,32,5e-05,0.0001,1,32,1,False,0.2,lr5e-05_bs32_modL1_fusion32_fusionL1_fusionBN0_drop0p2__wd1e-04trmiss40_trlocglobal,20,0.6044672131538391,0.6898641586303711,0.5753968253968254,0.6345845181344769,0.5777777777777777,0.0,0.0,0.0,0.0,0.0,0.0,0.0,0.0,0.0,,,,,18473,global,0.4
5,4,lr5e-05_bs32_modL1_fusion32_fusionL1_fusionBN0_drop0p2__wd1e-04trmiss40_trlocglobal,32,5e-05,0.0001,1,32,1,False,0.2,lr5e-05_bs32_modL1_fusion32_fusionL1_fusionBN0_drop0p2__wd1e-04trmiss40_trlocglobal,21,0.6066326797008514,0.6898095309734344,0.5813492063492063,0.6375473691376558,0.5777777777777777,0.0,0.0,0.0,0.0,0.0,0.0,0.0,0.0,0.0,,,,,18473,global,0.4
5,4,lr5e-05_bs32_modL1_fusion32_fusionL1_fusionBN0_drop0p2__wd1e-04trmiss40_trlocglobal,32,5e-05,0.0001,1,32,1,False,0.2,lr5e-05_bs32_modL1_fusion32_fusionL1_fusionBN0_drop0p2__wd1e-04trmiss40_trlocglobal,22,0.5957851310571035,0.6890775859355927,0.5833333333333334,0.6416558429311963,0.5555555555555556,0.0,0.0,0.0,0.0,0.0,0.0,0.0,0.0,0.0,,,,,18473,global,0.4
5,4,lr5e-05_bs32_modL1_fusion32_fusionL1_fusionBN0_drop0p2__wd1e-04trmiss40_trlocglobal,32,5e-05,0.0001,1,32,1,False,0.2,lr5e-05_bs32_modL1_fusion32_fusionL1_fusionBN0_drop0p2__wd1e-04trmiss40_trlocglobal,23,0.5996768474578857,0.6912232339382172,0.5773809523809524,0.644222032415918,0.5555555555555556,0.0,0.0,0.0,0.0,0.0,0.0,0.0,0.0,0.0,,,,,18473,global,0.4
5,4,lr5e-05_bs32_modL1_fusion32_fusionL1_fusionBN0_drop0p2__wd1e-04trmiss40_trlocglobal,32,5e-05,0.0001,1,32,1,False,0.2,lr5e-05_bs32_modL1_fusion32_fusionL1_fusionBN0_drop0p2__wd1e-04trmiss40_trlocglobal,24,0.5890182356039683,0.6922942996025085,0.5773809523809523,0.6458464292561761,0.5555555555555556,0.0,0.0,0.0,0.0,0.0,0.0,0.0,0.0,0.0,,,,,18473,global,0.4
5,4,lr5e-05_bs32_modL1_fusion32_fusionL1_fusionBN0_drop0p2__wd1e-04trmiss40_trlocglobal,32,5e-05,0.0001,1,32,1,False,0.2,lr5e-05_bs32_modL1_fusion32_fusionL1_fusionBN0_drop0p2__wd1e-04trmiss40_trlocglobal,25,0.5829079846541086,0.691267728805542,0.5833333333333334,0.6497241139773567,0.5555555555555556,0.0,0.0,0.0,0.0,0.0,0.0,0.0,0.0,0.0,,,,,18473,global,0.4
5,4,lr5e-05_bs32_modL1_fusion32_fusionL1_fusionBN0_drop0p2__wd1e-04trmiss40_trlocglobal,32,5e-05,0.0001,1,32,1,False,0.2,lr5e-05_bs32_modL1_fusion32_fusionL1_fusionBN0_drop0p2__wd1e-04trmiss40_trlocglobal,26,0.5710836748282114,0.6905144453048706,0.5833333333333334,0.648776934294545,0.5777777777777777,0.0,0.0,0.0,0.0,0.0,0.0,0.0,0.0,0.0,,,,,18473,global,0.4
5,4,lr5e-05_bs32_modL1_fusion32_fusionL1_fusionBN0_drop0p2__wd1e-04trmiss40_trlocglobal,32,5e-05,0.0001,1,32,1,False,0.2,lr5e-05_bs32_modL1_fusion32_fusionL1_fusionBN0_drop0p2__wd1e-04trmiss40_trlocglobal,27,0.5881971816221873,0.6911248564720154,0.5793650793650794,0.644665458654962,0.5555555555555556,0.0,0.0,0.0,0.0,0.0,0.0,0.0,0.0,0.0,,,,,18473,global,0.4
5,4,lr5e-05_bs32_modL1_fusion32_fusionL1_fusionBN0_drop0p2__wd1e-04trmiss40_trlocglobal,32,5e-05,0.0001,1,32,1,False,0.2,lr5e-05_bs32_modL1_fusion32_fusionL1_fusionBN0_drop0p2__wd1e-04trmiss40_trlocglobal,28,0.5739808777968088,0.6923498213291168,0.5853174603174603,0.64584730718003,0.5555555555555556,0.0,0.0,0.0,0.0,0.0,0.0,0.0,0.0,0.0,,,,,18473,global,0.4
5,4,lr5e-05_bs32_modL1_fusion32_fusionL1_fusionBN0_drop0p2__wd1e-04trmiss40_trlocglobal,32,5e-05,0.0001,1,32,1,False,0.2,lr5e-05_bs32_modL1_fusion32_fusionL1_fusionBN0_drop0p2__wd1e-04trmiss40_trlocglobal,29,0.5777489145596822,0.6951694190502167,0.5694444444444445,0.6364934651792739,0.5555555555555556,0.0,0.0,0.0,0.0,0.0,0.0,0.0,0.0,0.0,,,,,18473,global,0.4
5,4,lr5e-05_bs32_modL1_fusion32_fusionL1_fusionBN0_drop0p2__wd1e-04trmiss40_trlocglobal,32,5e-05,0.0001,1,32,1,False,0.2,lr5e-05_bs32_modL1_fusion32_fusionL1_fusionBN0_drop0p2__wd1e-04trmiss40_trlocglobal,30,0.5684081017971039,0.6957209408283234,0.5615079365079365,0.6284676817634075,0.5333333333333333,0.0,0.0,0.0,0.0,0.0,0.0,0.0,0.0,0.0,,,,,18473,global,0.4
5,4,lr5e-05_bs32_modL1_fusion32_fusionL1_fusionBN0_drop0p2__wd1e-04trmiss40_trlocglobal,32,5e-05,0.0001,1,32,1,False,0.2,lr5e-05_bs32_modL1_fusion32_fusionL1_fusionBN0_drop0p2__wd1e-04trmiss40_trlocglobal,31,0.5667978823184967,0.6968446969985962,0.5595238095238095,0.6246718909810548,0.5333333333333333,0.0,0.0,0.0,0.0,0.0,0.0,0.0,0.0,0.0,,,,,18473,global,0.4
5,4,lr5e-05_bs32_modL1_fusion32_fusionL1_fusionBN0_drop0p2__wd1e-04trmiss40_trlocglobal,32,5e-05,0.0001,1,32,1,False,0.2,lr5e-05_bs32_modL1_fusion32_fusionL1_fusionBN0_drop0p2__wd1e-04trmiss40_trlocglobal,32,0.5712297260761261,0.6970487236976624,0.5714285714285714,0.6291357220208642,0.5333333333333333,0.0,0.0,0.0,0.0,0.0,0.0,0.0,0.0,0.0,,,,,18473,global,0.4
5,4,lr5e-05_bs32_modL1_fusion32_fusionL1_fusionBN0_drop0p2__wd1e-04trmiss40_trlocglobal,32,5e-05,0.0001,1,32,1,False,0.2,lr5e-05_bs32_modL1_fusion32_fusionL1_fusionBN0_drop0p2__wd1e-04trmiss40_trlocglobal,33,0.5613355835278829,0.6982474327087402,0.5615079365079365,0.6221875401456801,0.5555555555555556,0.0,0.0,0.0,0.0,0.0,0.0,0.0,0.0,0.0,,,,,18473,global,0.4
5,4,lr5e-05_bs32_modL1_fusion32_fusionL1_fusionBN0_drop0p1__wd1e-04trmiss40_trlocglobal,32,5e-05,0.0001,1,32,1,False,0.1,lr5e-05_bs32_modL1_fusion32_fusionL1_fusionBN0_drop0p1__wd1e-04trmiss40_trlocglobal,1,0.6929475665092468,0.6828767359256744,0.5813492063492064,0.5617332438886554,0.6222222222222222,0.0,0.0,0.0,0.0,0.0,0.0,0.0,0.0,0.0,,,,,18473,global,0.4
5,4,lr5e-05_bs32_modL1_fusion32_fusionL1_fusionBN0_drop0p1__wd1e-04trmiss40_trlocglobal,32,5e-05,0.0001,1,32,1,False,0.1,lr5e-05_bs32_modL1_fusion32_fusionL1_fusionBN0_drop0p1__wd1e-04trmiss40_trlocglobal,2,0.6725395818551382,0.6804790794849396,0.5853174603174603,0.5730316884797028,0.6222222222222222,0.0,0.0,0.0,0.0,0.0,0.0,0.0,0.0,0.0,,,,,18473,global,0.4
5,4,lr5e-05_bs32_modL1_fusion32_fusionL1_fusionBN0_drop0p1__wd1e-04trmiss40_trlocglobal,32,5e-05,0.0001,1,32,1,False,0.1,lr5e-05_bs32_modL1_fusion32_fusionL1_fusionBN0_drop0p1__wd1e-04trmiss40_trlocglobal,3,0.6690633694330851,0.6767023503780365,0.5992063492063493,0.5930233050375281,0.5777777777777777,0.0,0.0,0.0,0.0,0.0,0.0,0.0,0.0,0.0,,,,,18473,global,0.4
5,4,lr5e-05_bs32_modL1_fusion32_fusionL1_fusionBN0_drop0p1__wd1e-04trmiss40_trlocglobal,32,5e-05,0.0001,1,32,1,False,0.1,lr5e-05_bs32_modL1_fusion32_fusionL1_fusionBN0_drop0p1__wd1e-04trmiss40_trlocglobal,4,0.6477002302805582,0.6737419664859772,0.6031746031746033,0.6010313040240801,0.5777777777777777,0.0,0.0,0.0,0.0,0.0,0.0,0.0,0.0,0.0,,,,,18473,global,0.4
5,4,lr5e-05_bs32_modL1_fusion32_fusionL1_fusionBN0_drop0p1__wd1e-04trmiss40_trlocglobal,32,5e-05,0.0001,1,32,1,False,0.1,lr5e-05_bs32_modL1_fusion32_fusionL1_fusionBN0_drop0p1__wd1e-04trmiss40_trlocglobal,5,0.6513829131921133,0.6719057559967041,0.6051587301587302,0.6072416382736117,0.5777777777777777,0.0,0.0,0.0,0.0,0.0,0.0,0.0,0.0,0.0,,,,,18473,global,0.4
5,4,lr5e-05_bs32_modL1_fusion32_fusionL1_fusionBN0_drop0p1__wd1e-04trmiss40_trlocglobal,32,5e-05,0.0001,1,32,1,False,0.1,lr5e-05_bs32_modL1_fusion32_fusionL1_fusionBN0_drop0p1__wd1e-04trmiss40_trlocglobal,6,0.6368749141693115,0.6707050502300262,0.6091269841269842,0.6120694166193392,0.5555555555555556,0.0,0.0,0.0,0.0,0.0,0.0,0.0,0.0,0.0,,,,,18473,global,0.4
5,4,lr5e-05_bs32_modL1_fusion32_fusionL1_fusionBN0_drop0p1__wd1e-04trmiss40_trlocglobal,32,5e-05,0.0001,1,32,1,False,0.1,lr5e-05_bs32_modL1_fusion32_fusionL1_fusionBN0_drop0p1__wd1e-04trmiss40_trlocglobal,7,0.6329718232154846,0.6704068183898926,0.5972222222222223,0.6047148422828569,0.5777777777777777,0.0,0.0,0.0,0.0,0.0,0.0,0.0,0.0,0.0,,,,,18473,global,0.4
5,4,lr5e-05_bs32_modL1_fusion32_fusionL1_fusionBN0_drop0p1__wd1e-04trmiss40_trlocglobal,32,5e-05,0.0001,1,32,1,False,0.1,lr5e-05_bs32_modL1_fusion32_fusionL1_fusionBN0_drop0p1__wd1e-04trmiss40_trlocglobal,8,0.6286086837450663,0.6708088517189026,0.5972222222222223,0.6125311707397629,0.5555555555555556,0.0,0.0,0.0,0.0,0.0,0.0,0.0,0.0,0.0,,,,,18473,global,0.4
5,4,lr5e-05_bs32_modL1_fusion32_fusionL1_fusionBN0_drop0p1__wd1e-04trmiss40_trlocglobal,32,5e-05,0.0001,1,32,1,False,0.1,lr5e-05_bs32_modL1_fusion32_fusionL1_fusionBN0_drop0p1__wd1e-04trmiss40_trlocglobal,9,0.626429925362269,0.6709234118461609,0.6051587301587302,0.6162851601316991,0.5555555555555556,0.0,0.0,0.0,0.0,0.0,0.0,0.0,0.0,0.0,,,,,18473,global,0.4
5,4,lr5e-05_bs32_modL1_fusion32_fusionL1_fusionBN0_drop0p1__wd1e-04trmiss40_trlocglobal,32,5e-05,0.0001,1,32,1,False,0.1,lr5e-05_bs32_modL1_fusion32_fusionL1_fusionBN0_drop0p1__wd1e-04trmiss40_trlocglobal,10,0.6151809593041738,0.6714882254600525,0.6071428571428572,0.6487296682379718,0.5333333333333333,0.0,0.0,0.0,0.0,0.0,0.0,0.0,0.0,0.0,,,,,18473,global,0.4
5,4,lr5e-05_bs32_modL1_fusion32_fusionL1_fusionBN0_drop0p1__wd1e-04trmiss40_trlocglobal,32,5e-05,0.0001,1,32,1,False,0.1,lr5e-05_bs32_modL1_fusion32_fusionL1_fusionBN0_drop0p1__wd1e-04trmiss40_trlocglobal,11,0.6158859928448995,0.6720022857189178,0.6011904761904762,0.6495056338731616,0.5555555555555556,0.0,0.0,0.0,0.0,0.0,0.0,0.0,0.0,0.0,,,,,18473,global,0.4
5,4,lr5e-05_bs32_modL1_fusion32_fusionL1_fusionBN0_drop0p1__wd1e-04trmiss40_trlocglobal,32,5e-05,0.0001,1,32,1,False,0.1,lr5e-05_bs32_modL1_fusion32_fusionL1_fusionBN0_drop0p1__wd1e-04trmiss40_trlocglobal,12,0.5997648139794668,0.6717106103897095,0.6091269841269842,0.6732912575868544,0.5555555555555556,0.0,0.0,0.0,0.0,0.0,0.0,0.0,0.0,0.0,,,,,18473,global,0.4
5,4,lr5e-05_bs32_modL1_fusion32_fusionL1_fusionBN0_drop0p1__wd1e-04trmiss40_trlocglobal,32,5e-05,0.0001,1,32,1,False,0.1,lr5e-05_bs32_modL1_fusion32_fusionL1_fusionBN0_drop0p1__wd1e-04trmiss40_trlocglobal,13,0.6003157595793406,0.6716271340847015,0.6111111111111112,0.6740188478509417,0.5777777777777777,0.0,0.0,0.0,0.0,0.0,0.0,0.0,0.0,0.0,,,,,18473,global,0.4
5,4,lr5e-05_bs32_modL1_fusion32_fusionL1_fusionBN0_drop0p1__wd1e-04trmiss40_trlocglobal,32,5e-05,0.0001,1,32,1,False,0.1,lr5e-05_bs32_modL1_fusion32_fusionL1_fusionBN0_drop0p1__wd1e-04trmiss40_trlocglobal,14,0.5984597404797872,0.670965850353241,0.6170634920634921,0.6785950819584259,0.5777777777777777,0.0,0.0,0.0,0.0,0.0,0.0,0.0,0.0,0.0,,,,,18473,global,0.4
5,4,lr5e-05_bs32_modL1_fusion32_fusionL1_fusionBN0_drop0p1__wd1e-04trmiss40_trlocglobal,32,5e-05,0.0001,1,32,1,False,0.1,lr5e-05_bs32_modL1_fusion32_fusionL1_fusionBN0_drop0p1__wd1e-04trmiss40_trlocglobal,15,0.595263789097468,0.670374184846878,0.623015873015873,0.6952736943225377,0.5777777777777777,0.0,0.0,0.0,0.0,0.0,0.0,0.0,0.0,0.0,,,,,18473,global,0.4
5,4,lr5e-05_bs32_modL1_fusion32_fusionL1_fusionBN0_drop0p1__wd1e-04trmiss40_trlocglobal,32,5e-05,0.0001,1,32,1,False,0.1,lr5e-05_bs32_modL1_fusion32_fusionL1_fusionBN0_drop0p1__wd1e-04trmiss40_trlocglobal,16,0.5848797261714935,0.670900821685791,0.6130952380952381,0.6891147009975396,0.6,0.0,0.0,0.0,0.0,0.0,0.0,0.0,0.0,0.0,,,,,18473,global,0.4
5,4,lr5e-05_bs32_modL1_fusion32_fusionL1_fusionBN0_drop0p1__wd1e-04trmiss40_trlocglobal,32,5e-05,0.0001,1,32,1,False,0.1,lr5e-05_bs32_modL1_fusion32_fusionL1_fusionBN0_drop0p1__wd1e-04trmiss40_trlocglobal,17,0.5846000810464224,0.6712894141674042,0.6091269841269841,0.6870823422877914,0.5777777777777777,0.0,0.0,0.0,0.0,0.0,0.0,0.0,0.0,0.0,,,,,18473,global,0.4
5,4,lr5e-05_bs32_modL1_fusion32_fusionL1_fusionBN0_drop0p1__wd1e-04trmiss40_trlocglobal,32,5e-05,0.0001,1,32,1,False,0.1,lr5e-05_bs32_modL1_fusion32_fusionL1_fusionBN0_drop0p1__wd1e-04trmiss40_trlocglobal,18,0.5720783670743307,0.6718976497650146,0.6111111111111112,0.6878803933630602,0.6,0.0,0.0,0.0,0.0,0.0,0.0,0.0,0.0,0.0,,,,,18473,global,0.4
5,4,lr5e-05_bs32_modL1_fusion32_fusionL1_fusionBN0_drop0p1__wd1e-04trmiss40_trlocglobal,32,5e-05,0.0001,1,32,1,False,0.1,lr5e-05_bs32_modL1_fusion32_fusionL1_fusionBN0_drop0p1__wd1e-04trmiss40_trlocglobal,19,0.5673855543136597,0.6722781658172607,0.6071428571428572,0.6854735626683683,0.5777777777777777,0.0,0.0,0.0,0.0,0.0,0.0,0.0,0.0,0.0,,,,,18473,global,0.4
5,4,lr5e-05_bs32_modL1_fusion32_fusionL1_fusionBN0_drop0p1__wd1e-04trmiss40_trlocglobal,32,5e-05,0.0001,1,32,1,False,0.1,lr5e-05_bs32_modL1_fusion32_fusionL1_fusionBN0_drop0p1__wd1e-04trmiss40_trlocglobal,20,0.5695931414763132,0.6733308732509613,0.6071428571428572,0.6901360785740442,0.5777777777777777,0.0,0.0,0.0,0.0,0.0,0.0,0.0,0.0,0.0,,,,,18473,global,0.4
5,4,lr5e-05_bs32_modL1_fusion32_fusionL1_fusionBN0_drop0p1__wd1e-04trmiss40_trlocglobal,32,5e-05,0.0001,1,32,1,False,0.1,lr5e-05_bs32_modL1_fusion32_fusionL1_fusionBN0_drop0p1__wd1e-04trmiss40_trlocglobal,21,0.5742262899875641,0.6739926934242249,0.6031746031746031,0.6860568244947902,0.5777777777777777,0.0,0.0,0.0,0.0,0.0,0.0,0.0,0.0,0.0,,,,,18473,global,0.4
5,4,lr5e-05_bs32_modL1_fusion32_fusionL1_fusionBN0_drop0p1__wd1e-04trmiss40_trlocglobal,32,5e-05,0.0001,1,32,1,False,0.1,lr5e-05_bs32_modL1_fusion32_fusionL1_fusionBN0_drop0p1__wd1e-04trmiss40_trlocglobal,22,0.5577563941478729,0.6739501059055328,0.6011904761904763,0.6842071147503437,0.6,0.0,0.0,0.0,0.0,0.0,0.0,0.0,0.0,0.0,,,,,18473,global,0.4
5,4,lr5e-05_bs32_modL1_fusion32_fusionL1_fusionBN0_drop0p1__wd1e-04trmiss40_trlocglobal,32,5e-05,0.0001,1,32,1,False,0.1,lr5e-05_bs32_modL1_fusion32_fusionL1_fusionBN0_drop0p1__wd1e-04trmiss40_trlocglobal,23,0.5578019420305887,0.6734710931777954,0.6071428571428571,0.6870547669691258,0.6,0.0,0.0,0.0,0.0,0.0,0.0,0.0,0.0,0.0,,,,,18473,global,0.4
5,4,lr5e-05_bs32_modL1_fusion32_fusionL1_fusionBN0_drop0p1__wd1e-04trmiss40_trlocglobal,32,5e-05,0.0001,1,32,1,False,0.1,lr5e-05_bs32_modL1_fusion32_fusionL1_fusionBN0_drop0p1__wd1e-04trmiss40_trlocglobal,24,0.5532398223876953,0.6739096641540527,0.6031746031746031,0.6839322423912976,0.6222222222222222,0.0,0.0,0.0,0.0,0.0,0.0,0.0,0.0,0.0,,,,,18473,global,0.4
5,4,lr5e-05_bs32_modL1_fusion32_fusionL1_fusionBN0_drop0p1__wd1e-04trmiss40_trlocglobal,32,5e-05,0.0001,1,32,1,False,0.1,lr5e-05_bs32_modL1_fusion32_fusionL1_fusionBN0_drop0p1__wd1e-04trmiss40_trlocglobal,25,0.5593205491701762,0.6746507883071899,0.5952380952380953,0.6849841029528734,0.6222222222222222,0.0,0.0,0.0,0.0,0.0,0.0,0.0,0.0,0.0,,,,,18473,global,0.4
5,4,lr5e-05_bs32_modL1_fusion32_fusionL1_fusionBN0_drop0p1__wd1e-04trmiss40_trlocglobal,32,5e-05,0.0001,1,32,1,False,0.1,lr5e-05_bs32_modL1_fusion32_fusionL1_fusionBN0_drop0p1__wd1e-04trmiss40_trlocglobal,26,0.5528132617473602,0.6751122176647186,0.5952380952380952,0.6851093843950524,0.6,0.0,0.0,0.0,0.0,0.0,0.0,0.0,0.0,0.0,,,,,18473,global,0.4
5,4,lr5e-05_bs32_modL1_fusion32_fusionL1_fusionBN0_drop0p1__wd1e-04trmiss40_trlocglobal,32,5e-05,0.0001,1,32,1,False,0.1,lr5e-05_bs32_modL1_fusion32_fusionL1_fusionBN0_drop0p1__wd1e-04trmiss40_trlocglobal,27,0.5424232880274454,0.6769521534442902,0.5912698412698413,0.6836365626137269,0.5777777777777777,0.0,0.0,0.0,0.0,0.0,0.0,0.0,0.0,0.0,,,,,18473,global,0.4
5,4,lr5e-05_bs32_modL1_fusion32_fusionL1_fusionBN0_drop0p1__wd1e-04trmiss40_trlocglobal,32,5e-05,0.0001,1,32,1,False,0.1,lr5e-05_bs32_modL1_fusion32_fusionL1_fusionBN0_drop0p1__wd1e-04trmiss40_trlocglobal,28,0.5467164516448975,0.678224116563797,0.5892857142857142,0.6824871371500605,0.5777777777777777,0.0,0.0,0.0,0.0,0.0,0.0,0.0,0.0,0.0,,,,,18473,global,0.4
5,4,lr5e-05_bs32_modL1_fusion32_fusionL1_fusionBN0_drop0p1__wd1e-04trmiss40_trlocglobal,32,5e-05,0.0001,1,32,1,False,0.1,lr5e-05_bs32_modL1_fusion32_fusionL1_fusionBN0_drop0p1__wd1e-04trmiss40_trlocglobal,29,0.5354241033395132,0.6798297762870789,0.5853174603174605,0.680167557965305,0.6,0.0,0.0,0.0,0.0,0.0,0.0,0.0,0.0,0.0,,,,,18473,global,0.4
5,4,lr5e-05_bs32_modL1_fusion32_fusionL1_fusionBN0_drop0p1__wd1e-04trmiss40_trlocglobal,32,5e-05,0.0001,1,32,1,False,0.1,lr5e-05_bs32_modL1_fusion32_fusionL1_fusionBN0_drop0p1__wd1e-04trmiss40_trlocglobal,30,0.5353357990582784,0.6805795729160309,0.5793650793650794,0.6762495287671375,0.6222222222222222,0.0,0.0,0.0,0.0,0.0,0.0,0.0,0.0,0.0,,,,,18473,global,0.4
5,4,lr5e-05_bs32_modL1_fusion32_fusionL1_fusionBN0_drop0p1__wd1e-04trmiss40_trlocglobal,32,5e-05,0.0001,1,32,1,False,0.1,lr5e-05_bs32_modL1_fusion32_fusionL1_fusionBN0_drop0p1__wd1e-04trmiss40_trlocglobal,31,0.5256615380446116,0.6813901960849762,0.5793650793650794,0.676849276241885,0.6222222222222222,0.0,0.0,0.0,0.0,0.0,0.0,0.0,0.0,0.0,,,,,18473,global,0.4
5,4,lr5e-05_bs32_modL1_fusion32_fusionL1_fusionBN0_drop0p1__wd1e-04trmiss40_trlocglobal,32,5e-05,0.0001,1,32,1,False,0.1,lr5e-05_bs32_modL1_fusion32_fusionL1_fusionBN0_drop0p1__wd1e-04trmiss40_trlocglobal,32,0.5299724737803141,0.6818380355834961,0.5793650793650793,0.6771686545249298,0.6,0.0,0.0,0.0,0.0,0.0,0.0,0.0,0.0,0.0,,,,,18473,global,0.4
5,4,lr5e-05_bs32_modL1_fusion32_fusionL1_fusionBN0_drop0p1__wd1e-04trmiss40_trlocglobal,32,5e-05,0.0001,1,32,1,False,0.1,lr5e-05_bs32_modL1_fusion32_fusionL1_fusionBN0_drop0p1__wd1e-04trmiss40_trlocglobal,33,0.5249511301517487,0.681841254234314,0.5773809523809523,0.6763346001177442,0.6444444444444445,0.0,0.0,0.0,0.0,0.0,0.0,0.0,0.0,0.0,,,,,18473,global,0.4
5,4,lr5e-05_bs32_modL1_fusion32_fusionL1_fusionBN0_drop0p1__wd1e-04trmiss40_trlocglobal,32,5e-05,0.0001,1,32,1,False,0.1,lr5e-05_bs32_modL1_fusion32_fusionL1_fusionBN0_drop0p1__wd1e-04trmiss40_trlocglobal,34,0.5243311623732249,0.6830472052097321,0.5714285714285714,0.6732690581895104,0.6222222222222222,0.0,0.0,0.0,0.0,0.0,0.0,0.0,0.0,0.0,,,,,18473,global,0.4
5,4,lr5e-05_bs32_modL1_fusion32_fusionL1_fusionBN0_drop0p1__wd1e-04trmiss40_trlocglobal,32,5e-05,0.0001,1,32,1,False,0.1,lr5e-05_bs32_modL1_fusion32_fusionL1_fusionBN0_drop0p1__wd1e-04trmiss40_trlocglobal,35,0.5206186274687449,0.6839123964309692,0.5654761904761905,0.6714236286658246,0.6222222222222222,0.0,0.0,0.0,0.0,0.0,0.0,0.0,0.0,0.0,,,,,18473,global,0.4
5,4,lr1e-05_bs32_modL1_fusion16_fusionL1_fusionBN0_drop0p2__wd1e-04trmiss40_trlocglobal,32,1e-05,0.0001,1,16,1,False,0.2,lr1e-05_bs32_modL1_fusion16_fusionL1_fusionBN0_drop0p2__wd1e-04trmiss40_trlocglobal,1,0.6967431008815765,0.6975618302822113,0.46031746031746035,0.5593067905589383,0.4222222222222222,0.0,0.0,0.0,0.0,0.0,0.0,0.0,0.0,0.0,,,,,18473,global,0.4
5,4,lr1e-05_bs32_modL1_fusion16_fusionL1_fusionBN0_drop0p2__wd1e-04trmiss40_trlocglobal,32,1e-05,0.0001,1,16,1,False,0.2,lr1e-05_bs32_modL1_fusion16_fusionL1_fusionBN0_drop0p2__wd1e-04trmiss40_trlocglobal,2,0.6905510524908701,0.6984521150588989,0.4623015873015873,0.5582656878202835,0.37777777777777777,0.0,0.0,0.0,0.0,0.0,0.0,0.0,0.0,0.0,,,,,18473,global,0.4
5,4,lr1e-05_bs32_modL1_fusion16_fusionL1_fusionBN0_drop0p2__wd1e-04trmiss40_trlocglobal,32,1e-05,0.0001,1,16,1,False,0.2,lr1e-05_bs32_modL1_fusion16_fusionL1_fusionBN0_drop0p2__wd1e-04trmiss40_trlocglobal,3,0.6876835525035858,0.6993608772754669,0.45238095238095244,0.5536935730750885,0.4222222222222222,0.0,0.0,0.0,0.0,0.0,0.0,0.0,0.0,0.0,,,,,18473,global,0.4
5,4,lr1e-05_bs32_modL1_fusion16_fusionL1_fusionBN0_drop0p2__wd1e-04trmiss40_trlocglobal,32,1e-05,0.0001,1,16,1,False,0.2,lr1e-05_bs32_modL1_fusion16_fusionL1_fusionBN0_drop0p2__wd1e-04trmiss40_trlocglobal,4,0.684139758348465,0.7000915706157684,0.4444444444444445,0.5507539973292856,0.4444444444444444,0.0,0.0,0.0,0.0,0.0,0.0,0.0,0.0,0.0,,,,,18473,global,0.4
5,4,lr1e-05_bs32_modL1_fusion16_fusionL1_fusionBN0_drop0p2__wd1e-04trmiss40_trlocglobal,32,1e-05,0.0001,1,16,1,False,0.2,lr1e-05_bs32_modL1_fusion16_fusionL1_fusionBN0_drop0p2__wd1e-04trmiss40_trlocglobal,5,0.6883453627427419,0.7003792822360992,0.4404761904761905,0.5484967864715772,0.4444444444444444,0.0,0.0,0.0,0.0,0.0,0.0,0.0,0.0,0.0,,,,,18473,global,0.4
5,4,lr1e-05_bs32_modL1_fusion16_fusionL1_fusionBN0_drop0p2__wd1e-04trmiss40_trlocglobal,32,1e-05,0.0001,1,16,1,False,0.2,lr1e-05_bs32_modL1_fusion16_fusionL1_fusionBN0_drop0p2__wd1e-04trmiss40_trlocglobal,6,0.6866184870402018,0.7002009749412537,0.4365079365079365,0.5471872426323219,0.4222222222222222,0.0,0.0,0.0,0.0,0.0,0.0,0.0,0.0,0.0,,,,,18473,global,0.4
5,4,lr1e-05_bs32_modL1_fusion16_fusionL1_fusionBN0_drop0p2__wd1e-04trmiss40_trlocglobal,32,1e-05,0.0001,1,16,1,False,0.2,lr1e-05_bs32_modL1_fusion16_fusionL1_fusionBN0_drop0p2__wd1e-04trmiss40_trlocglobal,7,0.6862701674302419,0.7006368637084961,0.4365079365079365,0.5470859873966853,0.37777777777777777,0.0,0.0,0.0,0.0,0.0,0.0,0.0,0.0,0.0,,,,,18473,global,0.4
5,4,lr1e-05_bs32_modL1_fusion16_fusionL1_fusionBN0_drop0p2__wd1e-04trmiss40_trlocglobal,32,1e-05,0.0001,1,16,1,False,0.2,lr1e-05_bs32_modL1_fusion16_fusionL1_fusionBN0_drop0p2__wd1e-04trmiss40_trlocglobal,8,0.6880936423937479,0.7003103196620941,0.43650793650793657,0.5470328626985302,0.4,0.0,0.0,0.0,0.0,0.0,0.0,0.0,0.0,0.0,,,,,18473,global,0.4
5,4,lr1e-05_bs32_modL1_fusion16_fusionL1_fusionBN0_drop0p2__wd1e-04trmiss40_trlocglobal,32,1e-05,0.0001,1,16,1,False,0.2,lr1e-05_bs32_modL1_fusion16_fusionL1_fusionBN0_drop0p2__wd1e-04trmiss40_trlocglobal,9,0.6781005462010702,0.7002392709255219,0.43849206349206354,0.5475635013105642,0.4,0.0,0.0,0.0,0.0,0.0,0.0,0.0,0.0,0.0,,,,,18473,global,0.4
5,4,lr1e-05_bs32_modL1_fusion16_fusionL1_fusionBN0_drop0p2__wd1e-04trmiss40_trlocglobal,32,1e-05,0.0001,1,16,1,False,0.2,lr1e-05_bs32_modL1_fusion16_fusionL1_fusionBN0_drop0p2__wd1e-04trmiss40_trlocglobal,10,0.6754457851250967,0.7004413604736328,0.4424603174603175,0.5490515965486594,0.35555555555555557,0.0,0.0,0.0,0.0,0.0,0.0,0.0,0.0,0.0,,,,,18473,global,0.4
5,4,lr1e-05_bs32_modL1_fusion16_fusionL1_fusionBN0_drop0p2__wd1e-04trmiss40_trlocglobal,32,1e-05,0.0001,1,16,1,False,0.2,lr1e-05_bs32_modL1_fusion16_fusionL1_fusionBN0_drop0p2__wd1e-04trmiss40_trlocglobal,11,0.6757212579250336,0.7000981867313385,0.4444444444444445,0.5513664113634743,0.35555555555555557,0.0,0.0,0.0,0.0,0.0,0.0,0.0,0.0,0.0,,,,,18473,global,0.4
5,4,lr1e-05_bs32_modL1_fusion16_fusionL1_fusionBN0_drop0p2__wd1e-04trmiss40_trlocglobal,32,1e-05,0.0001,1,16,1,False,0.2,lr1e-05_bs32_modL1_fusion16_fusionL1_fusionBN0_drop0p2__wd1e-04trmiss40_trlocglobal,12,0.6786087354024252,0.7000234127044678,0.4444444444444444,0.5514347108503783,0.37777777777777777,0.0,0.0,0.0,0.0,0.0,0.0,0.0,0.0,0.0,,,,,18473,global,0.4
5,4,lr1e-05_bs32_modL1_fusion16_fusionL1_fusionBN0_drop0p2__wd1e-04trmiss40_trlocglobal,32,1e-05,0.0001,1,16,1,False,0.2,lr1e-05_bs32_modL1_fusion16_fusionL1_fusionBN0_drop0p2__wd1e-04trmiss40_trlocglobal,13,0.6758391559123993,0.6998043954372406,0.45238095238095244,0.5551164217835218,0.4,0.0,0.0,0.0,0.0,0.0,0.0,0.0,0.0,0.0,,,,,18473,global,0.4
5,4,lr1e-05_bs32_modL1_fusion16_fusionL1_fusionBN0_drop0p2__wd1e-04trmiss40_trlocglobal,32,1e-05,0.0001,1,16,1,False,0.2,lr1e-05_bs32_modL1_fusion16_fusionL1_fusionBN0_drop0p2__wd1e-04trmiss40_trlocglobal,14,0.6736793716748556,0.6997500360012054,0.45436507936507936,0.5560448763711348,0.37777777777777777,0.0,0.0,0.0,0.0,0.0,0.0,0.0,0.0,0.0,,,,,18473,global,0.4
5,4,lr1e-05_bs32_modL1_fusion16_fusionL1_fusionBN0_drop0p2__wd1e-04trmiss40_trlocglobal,32,1e-05,0.0001,1,16,1,False,0.2,lr1e-05_bs32_modL1_fusion16_fusionL1_fusionBN0_drop0p2__wd1e-04trmiss40_trlocglobal,15,0.6685226559638977,0.6998150050640106,0.4523809523809524,0.5568395681487986,0.37777777777777777,0.0,0.0,0.0,0.0,0.0,0.0,0.0,0.0,0.0,,,,,18473,global,0.4
5,4,lr1e-05_bs32_modL1_fusion16_fusionL1_fusionBN0_drop0p2__wd1e-04trmiss40_trlocglobal,32,1e-05,0.0001,1,16,1,False,0.2,lr1e-05_bs32_modL1_fusion16_fusionL1_fusionBN0_drop0p2__wd1e-04trmiss40_trlocglobal,16,0.6697719792524973,0.6994848847389221,0.4563492063492064,0.5654403739302645,0.37777777777777777,0.0,0.0,0.0,0.0,0.0,0.0,0.0,0.0,0.0,,,,,18473,global,0.4
5,4,lr1e-05_bs32_modL1_fusion16_fusionL1_fusionBN0_drop0p2__wd1e-04trmiss40_trlocglobal,32,1e-05,0.0001,1,16,1,False,0.2,lr1e-05_bs32_modL1_fusion16_fusionL1_fusionBN0_drop0p2__wd1e-04trmiss40_trlocglobal,17,0.6739367743333181,0.6993295848369598,0.4503968253968254,0.5550832310731216,0.4,0.0,0.0,0.0,0.0,0.0,0.0,0.0,0.0,0.0,,,,,18473,global,0.4
5,4,lr1e-05_bs32_modL1_fusion16_fusionL1_fusionBN0_drop0p2__wd1e-04trmiss40_trlocglobal,32,1e-05,0.0001,1,16,1,False,0.2,lr1e-05_bs32_modL1_fusion16_fusionL1_fusionBN0_drop0p2__wd1e-04trmiss40_trlocglobal,18,0.6717452009518942,0.6993155777454376,0.4484126984126984,0.5543717383676274,0.4,0.0,0.0,0.0,0.0,0.0,0.0,0.0,0.0,0.0,,,,,18473,global,0.4
5,4,lr1e-05_bs32_modL1_fusion16_fusionL1_fusionBN0_drop0p2__wd1e-04trmiss40_trlocglobal,32,1e-05,0.0001,1,16,1,False,0.2,lr1e-05_bs32_modL1_fusion16_fusionL1_fusionBN0_drop0p2__wd1e-04trmiss40_trlocglobal,19,0.6732978522777557,0.698944091796875,0.45039682539682535,0.5557086157678462,0.4,0.0,0.0,0.0,0.0,0.0,0.0,0.0,0.0,0.0,,,,,18473,global,0.4
5,4,lr1e-05_bs32_modL1_fusion16_fusionL1_fusionBN0_drop0p2__wd1e-04trmiss40_trlocglobal,32,1e-05,0.0001,1,16,1,False,0.2,lr1e-05_bs32_modL1_fusion16_fusionL1_fusionBN0_drop0p2__wd1e-04trmiss40_trlocglobal,20,0.6666345695654551,0.6988142728805542,0.4543650793650794,0.5599509244862111,0.4,0.0,0.0,0.0,0.0,0.0,0.0,0.0,0.0,0.0,,,,,18473,global,0.4
5,4,lr1e-05_bs32_modL1_fusion16_fusionL1_fusionBN0_drop0p2__wd1e-04trmiss40_trlocglobal,32,1e-05,0.0001,1,16,1,False,0.2,lr1e-05_bs32_modL1_fusion16_fusionL1_fusionBN0_drop0p2__wd1e-04trmiss40_trlocglobal,21,0.6632920106252035,0.6986696720123291,0.4563492063492064,0.5577268530560139,0.4222222222222222,0.0,0.0,0.0,0.0,0.0,0.0,0.0,0.0,0.0,,,,,18473,global,0.4
5,4,lr1e-05_bs32_modL1_fusion16_fusionL1_fusionBN0_drop0p2__wd1e-04trmiss40_trlocglobal,32,1e-05,0.0001,1,16,1,False,0.2,lr1e-05_bs32_modL1_fusion16_fusionL1_fusionBN0_drop0p2__wd1e-04trmiss40_trlocglobal,22,0.6659184594949087,0.6984649300575256,0.4623015873015873,0.5600110314037349,0.4222222222222222,0.0,0.0,0.0,0.0,0.0,0.0,0.0,0.0,0.0,,,,,18473,global,0.4
5,4,lr1e-05_bs32_modL1_fusion16_fusionL1_fusionBN0_drop0p2__wd1e-04trmiss40_trlocglobal,32,1e-05,0.0001,1,16,1,False,0.2,lr1e-05_bs32_modL1_fusion16_fusionL1_fusionBN0_drop0p2__wd1e-04trmiss40_trlocglobal,23,0.6720585624376932,0.6984181106090546,0.46230158730158727,0.5631006165497716,0.4222222222222222,0.0,0.0,0.0,0.0,0.0,0.0,0.0,0.0,0.0,,,,,18473,global,0.4
5,4,lr1e-05_bs32_modL1_fusion16_fusionL1_fusionBN0_drop0p2__wd1e-04trmiss40_trlocglobal,32,1e-05,0.0001,1,16,1,False,0.2,lr1e-05_bs32_modL1_fusion16_fusionL1_fusionBN0_drop0p2__wd1e-04trmiss40_trlocglobal,24,0.6619191666444143,0.6985631883144379,0.4642857142857143,0.5638108438224989,0.4222222222222222,0.0,0.0,0.0,0.0,0.0,0.0,0.0,0.0,0.0,,,,,18473,global,0.4
5,4,lr1e-05_bs32_modL1_fusion16_fusionL1_fusionBN0_drop0p2__wd1e-04trmiss40_trlocglobal,32,1e-05,0.0001,1,16,1,False,0.2,lr1e-05_bs32_modL1_fusion16_fusionL1_fusionBN0_drop0p2__wd1e-04trmiss40_trlocglobal,25,0.6571713189284006,0.6983615756034851,0.4603174603174603,0.5586521136637688,0.4222222222222222,0.0,0.0,0.0,0.0,0.0,0.0,0.0,0.0,0.0,,,,,18473,global,0.4
5,4,lr1e-05_bs32_modL1_fusion16_fusionL1_fusionBN0_drop0p2__wd1e-04trmiss40_trlocglobal,32,1e-05,0.0001,1,16,1,False,0.2,lr1e-05_bs32_modL1_fusion16_fusionL1_fusionBN0_drop0p2__wd1e-04trmiss40_trlocglobal,26,0.6620441774527231,0.6986647844314575,0.4583333333333333,0.5578187803304354,0.4,0.0,0.0,0.0,0.0,0.0,0.0,0.0,0.0,0.0,,,,,18473,global,0.4
5,4,lr1e-05_bs32_modL1_fusion16_fusionL1_fusionBN0_drop0p2__wd1e-04trmiss40_trlocglobal,32,1e-05,0.0001,1,16,1,False,0.2,lr1e-05_bs32_modL1_fusion16_fusionL1_fusionBN0_drop0p2__wd1e-04trmiss40_trlocglobal,27,0.6639057000478109,0.6985509395599365,0.4543650793650794,0.5564638467386598,0.4,0.0,0.0,0.0,0.0,0.0,0.0,0.0,0.0,0.0,,,,,18473,global,0.4
5,4,lr1e-05_bs32_modL1_fusion16_fusionL1_fusionBN0_drop0p2__wd1e-04trmiss40_trlocglobal,32,1e-05,0.0001,1,16,1,False,0.2,lr1e-05_bs32_modL1_fusion16_fusionL1_fusionBN0_drop0p2__wd1e-04trmiss40_trlocglobal,28,0.6621527473131815,0.6983668208122253,0.4563492063492064,0.5604321007069137,0.4,0.0,0.0,0.0,0.0,0.0,0.0,0.0,0.0,0.0,,,,,18473,global,0.4
5,4,lr1e-05_bs32_modL1_fusion16_fusionL1_fusionBN0_drop0p2__wd1e-04trmiss40_trlocglobal,32,1e-05,0.0001,1,16,1,False,0.2,lr1e-05_bs32_modL1_fusion16_fusionL1_fusionBN0_drop0p2__wd1e-04trmiss40_trlocglobal,29,0.6613806188106537,0.6982159614562988,0.4623015873015873,0.5630798965290517,0.4,0.0,0.0,0.0,0.0,0.0,0.0,0.0,0.0,0.0,,,,,18473,global,0.4
5,4,lr1e-05_bs32_modL1_fusion16_fusionL1_fusionBN0_drop0p2__wd1e-04trmiss40_trlocglobal,32,1e-05,0.0001,1,16,1,False,0.2,lr1e-05_bs32_modL1_fusion16_fusionL1_fusionBN0_drop0p2__wd1e-04trmiss40_trlocglobal,30,0.658986916144689,0.6981978118419647,0.4642857142857143,0.564338107554097,0.4222222222222222,0.0,0.0,0.0,0.0,0.0,0.0,0.0,0.0,0.0,,,,,18473,global,0.4
5,4,lr1e-05_bs32_modL1_fusion16_fusionL1_fusionBN0_drop0p2__wd1e-04trmiss40_trlocglobal,32,1e-05,0.0001,1,16,1,False,0.2,lr1e-05_bs32_modL1_fusion16_fusionL1_fusionBN0_drop0p2__wd1e-04trmiss40_trlocglobal,31,0.6614614824453989,0.6979919075965881,0.46825396825396826,0.5657555316025694,0.4,0.0,0.0,0.0,0.0,0.0,0.0,0.0,0.0,0.0,,,,,18473,global,0.4
5,4,lr1e-05_bs32_modL1_fusion16_fusionL1_fusionBN0_drop0p2__wd1e-04trmiss40_trlocglobal,32,1e-05,0.0001,1,16,1,False,0.2,lr1e-05_bs32_modL1_fusion16_fusionL1_fusionBN0_drop0p2__wd1e-04trmiss40_trlocglobal,32,0.6568935116132101,0.6976663172245026,0.47222222222222227,0.5677133345472145,0.4,0.0,0.0,0.0,0.0,0.0,0.0,0.0,0.0,0.0,,,,,18473,global,0.4
5,4,lr1e-05_bs32_modL1_fusion16_fusionL1_fusionBN0_drop0p2__wd1e-04trmiss40_trlocglobal,32,1e-05,0.0001,1,16,1,False,0.2,lr1e-05_bs32_modL1_fusion16_fusionL1_fusionBN0_drop0p2__wd1e-04trmiss40_trlocglobal,33,0.6613725423812866,0.6971379816532135,0.4821428571428572,0.5717376078052339,0.4444444444444444,0.0,0.0,0.0,0.0,0.0,0.0,0.0,0.0,0.0,,,,,18473,global,0.4
5,4,lr1e-05_bs32_modL1_fusion16_fusionL1_fusionBN0_drop0p2__wd1e-04trmiss40_trlocglobal,32,1e-05,0.0001,1,16,1,False,0.2,lr1e-05_bs32_modL1_fusion16_fusionL1_fusionBN0_drop0p2__wd1e-04trmiss40_trlocglobal,34,0.6626514593760172,0.6970265805721283,0.47619047619047616,0.5691784070393269,0.4444444444444444,0.0,0.0,0.0,0.0,0.0,0.0,0.0,0.0,0.0,,,,,18473,global,0.4
5,4,lr1e-05_bs32_modL1_fusion16_fusionL1_fusionBN0_drop0p2__wd1e-04trmiss40_trlocglobal,32,1e-05,0.0001,1,16,1,False,0.2,lr1e-05_bs32_modL1_fusion16_fusionL1_fusionBN0_drop0p2__wd1e-04trmiss40_trlocglobal,35,0.6601444880167643,0.6972212493419647,0.47817460317460325,0.5710744418300985,0.4222222222222222,0.0,0.0,0.0,0.0,0.0,0.0,0.0,0.0,0.0,,,,,18473,global,0.4
5,4,lr1e-05_bs32_modL1_fusion16_fusionL1_fusionBN0_drop0p2__wd1e-04trmiss40_trlocglobal,32,1e-05,0.0001,1,16,1,False,0.2,lr1e-05_bs32_modL1_fusion16_fusionL1_fusionBN0_drop0p2__wd1e-04trmiss40_trlocglobal,36,0.6556628942489624,0.6973068416118622,0.4801587301587301,0.5729683812240379,0.4444444444444444,0.0,0.0,0.0,0.0,0.0,0.0,0.0,0.0,0.0,,,,,18473,global,0.4
5,4,lr1e-05_bs32_modL1_fusion16_fusionL1_fusionBN0_drop0p2__wd1e-04trmiss40_trlocglobal,32,1e-05,0.0001,1,16,1,False,0.2,lr1e-05_bs32_modL1_fusion16_fusionL1_fusionBN0_drop0p2__wd1e-04trmiss40_trlocglobal,37,0.6595830420653025,0.6974692046642303,0.47023809523809523,0.5681205818478792,0.4444444444444444,0.0,0.0,0.0,0.0,0.0,0.0,0.0,0.0,0.0,,,,,18473,global,0.4
5,4,lr1e-05_bs32_modL1_fusion16_fusionL1_fusionBN0_drop0p2__wd1e-04trmiss40_trlocglobal,32,1e-05,0.0001,1,16,1,False,0.2,lr1e-05_bs32_modL1_fusion16_fusionL1_fusionBN0_drop0p2__wd1e-04trmiss40_trlocglobal,38,0.6603197852770487,0.6974087655544281,0.47619047619047616,0.5714067976645828,0.4666666666666667,0.0,0.0,0.0,0.0,0.0,0.0,0.0,0.0,0.0,,,,,18473,global,0.4
5,4,lr1e-05_bs32_modL1_fusion16_fusionL1_fusionBN0_drop0p2__wd1e-04trmiss40_trlocglobal,32,1e-05,0.0001,1,16,1,False,0.2,lr1e-05_bs32_modL1_fusion16_fusionL1_fusionBN0_drop0p2__wd1e-04trmiss40_trlocglobal,39,0.6545939246813456,0.6979098320007324,0.47222222222222227,0.5692793816251001,0.4666666666666667,0.0,0.0,0.0,0.0,0.0,0.0,0.0,0.0,0.0,,,,,18473,global,0.4
5,4,lr1e-05_bs32_modL1_fusion16_fusionL1_fusionBN0_drop0p2__wd1e-04trmiss40_trlocglobal,32,1e-05,0.0001,1,16,1,False,0.2,lr1e-05_bs32_modL1_fusion16_fusionL1_fusionBN0_drop0p2__wd1e-04trmiss40_trlocglobal,40,0.653467039267222,0.6975712776184082,0.47023809523809523,0.568486257615435,0.4444444444444444,0.0,0.0,0.0,0.0,0.0,0.0,0.0,0.0,0.0,,,,,18473,global,0.4
5,4,lr1e-05_bs32_modL1_fusion16_fusionL1_fusionBN0_drop0p2__wd1e-04trmiss40_trlocglobal,32,1e-05,0.0001,1,16,1,False,0.2,lr1e-05_bs32_modL1_fusion16_fusionL1_fusionBN0_drop0p2__wd1e-04trmiss40_trlocglobal,41,0.6599437991778055,0.6974652111530304,0.4742063492063493,0.5702399698530182,0.4444444444444444,0.0,0.0,0.0,0.0,0.0,0.0,0.0,0.0,0.0,,,,,18473,global,0.4
5,4,lr1e-05_bs32_modL1_fusion16_fusionL1_fusionBN0_drop0p2__wd1e-04trmiss40_trlocglobal,32,1e-05,0.0001,1,16,1,False,0.2,lr1e-05_bs32_modL1_fusion16_fusionL1_fusionBN0_drop0p2__wd1e-04trmiss40_trlocglobal,42,0.6563424468040466,0.6974564492702484,0.47817460317460325,0.5723563211604211,0.4666666666666667,0.0,0.0,0.0,0.0,0.0,0.0,0.0,0.0,0.0,,,,,18473,global,0.4
5,4,lr1e-05_bs32_modL1_fusion16_fusionL1_fusionBN0_drop0p2__wd1e-04trmiss40_trlocglobal,32,1e-05,0.0001,1,16,1,False,0.2,lr1e-05_bs32_modL1_fusion16_fusionL1_fusionBN0_drop0p2__wd1e-04trmiss40_trlocglobal,43,0.6561934153238932,0.6973304748535156,0.48611111111111116,0.5757291986819054,0.4666666666666667,0.0,0.0,0.0,0.0,0.0,0.0,0.0,0.0,0.0,,,,,18473,global,0.4
5,4,lr1e-05_bs32_modL1_fusion16_fusionL1_fusionBN0_drop0p2__wd1e-04trmiss40_trlocglobal,32,1e-05,0.0001,1,16,1,False,0.2,lr1e-05_bs32_modL1_fusion16_fusionL1_fusionBN0_drop0p2__wd1e-04trmiss40_trlocglobal,44,0.6537216405073801,0.6972712874412537,0.4841269841269842,0.5743403097930165,0.4444444444444444,0.0,0.0,0.0,0.0,0.0,0.0,0.0,0.0,0.0,,,,,18473,global,0.4
5,4,lr1e-05_bs32_modL1_fusion16_fusionL1_fusionBN0_drop0p2__wd1e-04trmiss40_trlocglobal,32,1e-05,0.0001,1,16,1,False,0.2,lr1e-05_bs32_modL1_fusion16_fusionL1_fusionBN0_drop0p2__wd1e-04trmiss40_trlocglobal,45,0.6506515642007192,0.6973378956317902,0.48611111111111116,0.5757291986819054,0.4666666666666667,0.0,0.0,0.0,0.0,0.0,0.0,0.0,0.0,0.0,,,,,18473,global,0.4
5,4,lr1e-05_bs32_modL1_fusion16_fusionL1_fusionBN0_drop0p2__wd1e-04trmiss40_trlocglobal,32,1e-05,0.0001,1,16,1,False,0.2,lr1e-05_bs32_modL1_fusion16_fusionL1_fusionBN0_drop0p2__wd1e-04trmiss40_trlocglobal,46,0.6515174408753713,0.6973389089107513,0.47817460317460314,0.5719865905275325,0.4444444444444444,0.0,0.0,0.0,0.0,0.0,0.0,0.0,0.0,0.0,,,,,18473,global,0.4
5,4,lr1e-05_bs32_modL1_fusion16_fusionL1_fusionBN0_drop0p2__wd1e-04trmiss40_trlocglobal,32,1e-05,0.0001,1,16,1,False,0.2,lr1e-05_bs32_modL1_fusion16_fusionL1_fusionBN0_drop0p2__wd1e-04trmiss40_trlocglobal,47,0.6599378784497579,0.6974811255931854,0.4821428571428571,0.5737403027651158,0.4666666666666667,0.0,0.0,0.0,0.0,0.0,0.0,0.0,0.0,0.0,,,,,18473,global,0.4
5,4,lr1e-05_bs32_modL1_fusion16_fusionL1_fusionBN0_drop0p2__wd1e-04trmiss40_trlocglobal,32,1e-05,0.0001,1,16,1,False,0.2,lr1e-05_bs32_modL1_fusion16_fusionL1_fusionBN0_drop0p2__wd1e-04trmiss40_trlocglobal,48,0.6463021735350291,0.6970001757144928,0.4861111111111111,0.5754910030452278,0.4666666666666667,0.0,0.0,0.0,0.0,0.0,0.0,0.0,0.0,0.0,,,,,18473,global,0.4
5,4,lr1e-05_bs32_modL1_fusion16_fusionL1_fusionBN0_drop0p2__wd1e-04trmiss40_trlocglobal,32,1e-05,0.0001,1,16,1,False,0.2,lr1e-05_bs32_modL1_fusion16_fusionL1_fusionBN0_drop0p2__wd1e-04trmiss40_trlocglobal,49,0.6498804291089376,0.6973429620265961,0.48611111111111116,0.5762956178204308,0.4666666666666667,0.0,0.0,0.0,0.0,0.0,0.0,0.0,0.0,0.0,,,,,18473,global,0.4
5,4,lr1e-05_bs32_modL1_fusion16_fusionL1_fusionBN0_drop0p2__wd1e-04trmiss40_trlocglobal,32,1e-05,0.0001,1,16,1,False,0.2,lr1e-05_bs32_modL1_fusion16_fusionL1_fusionBN0_drop0p2__wd1e-04trmiss40_trlocglobal,50,0.6472274164358774,0.6972131133079529,0.4841269841269842,0.5755339690749111,0.4666666666666667,0.0,0.0,0.0,0.0,0.0,0.0,0.0,0.0,0.0,,,,,18473,global,0.4
5,4,lr1e-05_bs32_modL1_fusion16_fusionL1_fusionBN0_drop0p2__wd1e-04trmiss40_trlocglobal,32,1e-05,0.0001,1,16,1,False,0.2,lr1e-05_bs32_modL1_fusion16_fusionL1_fusionBN0_drop0p2__wd1e-04trmiss40_trlocglobal,51,0.6489455898602804,0.6969424188137054,0.4900793650793651,0.5783847868213645,0.4444444444444444,0.0,0.0,0.0,0.0,0.0,0.0,0.0,0.0,0.0,,,,,18473,global,0.4
5,4,lr1e-05_bs32_modL1_fusion16_fusionL1_fusionBN0_drop0p2__wd1e-04trmiss40_trlocglobal,32,1e-05,0.0001,1,16,1,False,0.2,lr1e-05_bs32_modL1_fusion16_fusionL1_fusionBN0_drop0p2__wd1e-04trmiss40_trlocglobal,52,0.6486551264921824,0.6967591941356659,0.48809523809523814,0.5759141480117164,0.4666666666666667,0.0,0.0,0.0,0.0,0.0,0.0,0.0,0.0,0.0,,,,,18473,global,0.4
5,4,lr1e-05_bs32_modL1_fusion16_fusionL1_fusionBN0_drop0p2__wd1e-04trmiss40_trlocglobal,32,1e-05,0.0001,1,16,1,False,0.2,lr1e-05_bs32_modL1_fusion16_fusionL1_fusionBN0_drop0p2__wd1e-04trmiss40_trlocglobal,53,0.6445223987102509,0.6970281600952148,0.4841269841269842,0.5743403097930165,0.4666666666666667,0.0,0.0,0.0,0.0,0.0,0.0,0.0,0.0,0.0,,,,,18473,global,0.4
5,4,lr1e-05_bs32_modL1_fusion16_fusionL1_fusionBN0_drop0p2__wd1e-04trmiss40_trlocglobal,32,1e-05,0.0001,1,16,1,False,0.2,lr1e-05_bs32_modL1_fusion16_fusionL1_fusionBN0_drop0p2__wd1e-04trmiss40_trlocglobal,54,0.6508342226346334,0.6969906687736511,0.4841269841269842,0.5743403097930165,0.4444444444444444,0.0,0.0,0.0,0.0,0.0,0.0,0.0,0.0,0.0,,,,,18473,global,0.4
5,4,lr1e-05_bs32_modL1_fusion16_fusionL1_fusionBN0_drop0p2__wd1e-04trmiss40_trlocglobal,32,1e-05,0.0001,1,16,1,False,0.2,lr1e-05_bs32_modL1_fusion16_fusionL1_fusionBN0_drop0p2__wd1e-04trmiss40_trlocglobal,55,0.6502204338709513,0.6968698501586914,0.4841269841269841,0.5745061400139938,0.4444444444444444,0.0,0.0,0.0,0.0,0.0,0.0,0.0,0.0,0.0,,,,,18473,global,0.4
5,4,lr1e-05_bs32_modL1_fusion16_fusionL1_fusionBN0_drop0p2__wd1e-04trmiss40_trlocglobal,32,1e-05,0.0001,1,16,1,False,0.2,lr1e-05_bs32_modL1_fusion16_fusionL1_fusionBN0_drop0p2__wd1e-04trmiss40_trlocglobal,56,0.6438921888669332,0.6969952583312988,0.4821428571428572,0.5738447643526181,0.4444444444444444,0.0,0.0,0.0,0.0,0.0,0.0,0.0,0.0,0.0,,,,,18473,global,0.4
5,4,lr1e-05_bs32_modL1_fusion16_fusionL1_fusionBN0_drop0p2__wd1e-04trmiss40_trlocglobal,32,1e-05,0.0001,1,16,1,False,0.2,lr1e-05_bs32_modL1_fusion16_fusionL1_fusionBN0_drop0p2__wd1e-04trmiss40_trlocglobal,57,0.6542619069417318,0.6967411637306213,0.48809523809523814,0.5713971880998948,0.4444444444444444,0.0,0.0,0.0,0.0,0.0,0.0,0.0,0.0,0.0,,,,,18473,global,0.4
5,4,lr1e-05_bs32_modL1_fusion16_fusionL1_fusionBN0_drop0p2__wd1e-04trmiss40_trlocglobal,32,1e-05,0.0001,1,16,1,False,0.2,lr1e-05_bs32_modL1_fusion16_fusionL1_fusionBN0_drop0p2__wd1e-04trmiss40_trlocglobal,58,0.6530930896600088,0.6971077620983124,0.4761904761904762,0.5659855394466516,0.4444444444444444,0.0,0.0,0.0,0.0,0.0,0.0,0.0,0.0,0.0,,,,,18473,global,0.4
5,4,lr1e-05_bs32_modL1_fusion16_fusionL1_fusionBN0_drop0p2__wd1e-04trmiss40_trlocglobal,32,1e-05,0.0001,1,16,1,False,0.2,lr1e-05_bs32_modL1_fusion16_fusionL1_fusionBN0_drop0p2__wd1e-04trmiss40_trlocglobal,59,0.646341602007548,0.6970584094524384,0.4821428571428572,0.5691826775394253,0.4444444444444444,0.0,0.0,0.0,0.0,0.0,0.0,0.0,0.0,0.0,,,,,18473,global,0.4
5,4,lr1e-05_bs32_modL1_fusion16_fusionL1_fusionBN0_drop0p2__wd1e-04trmiss40_trlocglobal,32,1e-05,0.0001,1,16,1,False,0.2,lr1e-05_bs32_modL1_fusion16_fusionL1_fusionBN0_drop0p2__wd1e-04trmiss40_trlocglobal,60,0.6521112521489462,0.697240948677063,0.48015873015873023,0.5679010973364742,0.4444444444444444,0.0,0.0,0.0,0.0,0.0,0.0,0.0,0.0,0.0,,,,,18473,global,0.4
5,4,lr1e-05_bs32_modL1_fusion16_fusionL1_fusionBN0_drop0p2__wd1e-04trmiss40_trlocglobal,32,1e-05,0.0001,1,16,1,False,0.2,lr1e-05_bs32_modL1_fusion16_fusionL1_fusionBN0_drop0p2__wd1e-04trmiss40_trlocglobal,61,0.6455139219760895,0.6973071396350861,0.48015873015873023,0.5682241384303064,0.4444444444444444,0.0,0.0,0.0,0.0,0.0,0.0,0.0,0.0,0.0,,,,,18473,global,0.4
5,4,lr1e-05_bs32_modL1_fusion16_fusionL1_fusionBN0_drop0p2__wd1e-04trmiss40_trlocglobal,32,1e-05,0.0001,1,16,1,False,0.2,lr1e-05_bs32_modL1_fusion16_fusionL1_fusionBN0_drop0p2__wd1e-04trmiss40_trlocglobal,62,0.6469119290510813,0.6973140239715576,0.47817460317460325,0.5683284730934646,0.4444444444444444,0.0,0.0,0.0,0.0,0.0,0.0,0.0,0.0,0.0,,,,,18473,global,0.4
5,4,lr1e-05_bs32_modL1_fusion16_fusionL1_fusionBN0_drop0p2__wd1e-04trmiss40_trlocglobal,32,1e-05,0.0001,1,16,1,False,0.2,lr1e-05_bs32_modL1_fusion16_fusionL1_fusionBN0_drop0p2__wd1e-04trmiss40_trlocglobal,63,0.6486487686634064,0.6972841620445251,0.48015873015873023,0.5692990111624933,0.4444444444444444,0.0,0.0,0.0,0.0,0.0,0.0,0.0,0.0,0.0,,,,,18473,global,0.4
5,4,lr1e-05_bs32_modL1_fusion16_fusionL1_fusionBN0_drop0p2__wd1e-04trmiss40_trlocglobal,32,1e-05,0.0001,1,16,1,False,0.2,lr1e-05_bs32_modL1_fusion16_fusionL1_fusionBN0_drop0p2__wd1e-04trmiss40_trlocglobal,64,0.6410672763983408,0.6972860097885132,0.48611111111111116,0.5723961459082348,0.4666666666666667,0.0,0.0,0.0,0.0,0.0,0.0,0.0,0.0,0.0,,,,,18473,global,0.4
5,4,lr1e-05_bs32_modL1_fusion16_fusionL1_fusionBN0_drop0p2__wd1e-04trmiss40_trlocglobal,32,1e-05,0.0001,1,16,1,False,0.2,lr1e-05_bs32_modL1_fusion16_fusionL1_fusionBN0_drop0p2__wd1e-04trmiss40_trlocglobal,65,0.6503611902395884,0.6971767544746399,0.4821428571428571,0.5701981109925143,0.4666666666666667,0.0,0.0,0.0,0.0,0.0,0.0,0.0,0.0,0.0,,,,,18473,global,0.4
5,4,lr1e-05_bs32_modL1_fusion16_fusionL1_fusionBN0_drop0p2__wd1e-04trmiss40_trlocglobal,32,1e-05,0.0001,1,16,1,False,0.2,lr1e-05_bs32_modL1_fusion16_fusionL1_fusionBN0_drop0p2__wd1e-04trmiss40_trlocglobal,66,0.6408144533634186,0.6972299516201019,0.47619047619047616,0.567606063479801,0.4444444444444444,0.0,0.0,0.0,0.0,0.0,0.0,0.0,0.0,0.0,,,,,18473,global,0.4
5,4,lr1e-05_bs32_modL1_fusion16_fusionL1_fusionBN0_drop0p2__wd1e-04trmiss40_trlocglobal,32,1e-05,0.0001,1,16,1,False,0.2,lr1e-05_bs32_modL1_fusion16_fusionL1_fusionBN0_drop0p2__wd1e-04trmiss40_trlocglobal,67,0.650699108839035,0.6970539689064026,0.48214285714285715,0.5698552093502705,0.4444444444444444,0.0,0.0,0.0,0.0,0.0,0.0,0.0,0.0,0.0,,,,,18473,global,0.4
5,4,lr1e-05_bs32_modL1_fusion16_fusionL1_fusionBN0_drop0p2__wd1e-04trmiss40_trlocglobal,32,1e-05,0.0001,1,16,1,False,0.2,lr1e-05_bs32_modL1_fusion16_fusionL1_fusionBN0_drop0p2__wd1e-04trmiss40_trlocglobal,68,0.643762876590093,0.6971002817153931,0.4801587301587302,0.5691402810037632,0.4444444444444444,0.0,0.0,0.0,0.0,0.0,0.0,0.0,0.0,0.0,,,,,18473,global,0.4
5,4,lr1e-05_bs32_modL1_fusion16_fusionL1_fusionBN0_drop0p2__wd1e-04trmiss40_trlocglobal,32,1e-05,0.0001,1,16,1,False,0.2,lr1e-05_bs32_modL1_fusion16_fusionL1_fusionBN0_drop0p2__wd1e-04trmiss40_trlocglobal,69,0.6400080323219299,0.6972928047180176,0.47222222222222227,0.5648927680033478,0.4444444444444444,0.0,0.0,0.0,0.0,0.0,0.0,0.0,0.0,0.0,,,,,18473,global,0.4
5,4,lr1e-05_bs32_modL1_fusion16_fusionL1_fusionBN0_drop0p2__wd1e-04trmiss40_trlocglobal,32,1e-05,0.0001,1,16,1,False,0.2,lr1e-05_bs32_modL1_fusion16_fusionL1_fusionBN0_drop0p2__wd1e-04trmiss40_trlocglobal,70,0.6541223029295603,0.6971208453178406,0.4761904761904763,0.5665761784396606,0.4444444444444444,0.0,0.0,0.0,0.0,0.0,0.0,0.0,0.0,0.0,,,,,18473,global,0.4
5,4,lr1e-05_bs32_modL1_fusion16_fusionL1_fusionBN0_drop0p2__wd1e-04trmiss40_trlocglobal,32,1e-05,0.0001,1,16,1,False,0.2,lr1e-05_bs32_modL1_fusion16_fusionL1_fusionBN0_drop0p2__wd1e-04trmiss40_trlocglobal,71,0.653973380724589,0.6970564126968384,0.47222222222222227,0.5651765759709791,0.4444444444444444,0.0,0.0,0.0,0.0,0.0,0.0,0.0,0.0,0.0,,,,,18473,global,0.4
5,4,lr1e-05_bs32_modL1_fusion16_fusionL1_fusionBN0_drop0p1__wd1e-04trmiss40_trlocglobal,32,1e-05,0.0001,1,16,1,False,0.1,lr1e-05_bs32_modL1_fusion16_fusionL1_fusionBN0_drop0p1__wd1e-04trmiss40_trlocglobal,1,0.709119439125061,0.6864794492721558,0.628968253968254,0.67857455699292,0.4666666666666667,0.0,0.0,0.0,0.0,0.0,0.0,0.0,0.0,0.0,,,,,18473,global,0.4
5,4,lr1e-05_bs32_modL1_fusion16_fusionL1_fusionBN0_drop0p1__wd1e-04trmiss40_trlocglobal,32,1e-05,0.0001,1,16,1,False,0.1,lr1e-05_bs32_modL1_fusion16_fusionL1_fusionBN0_drop0p1__wd1e-04trmiss40_trlocglobal,2,0.7037502626578013,0.6858613789081573,0.619047619047619,0.6618517801356771,0.4888888888888889,0.0,0.0,0.0,0.0,0.0,0.0,0.0,0.0,0.0,,,,,18473,global,0.4
5,4,lr1e-05_bs32_modL1_fusion16_fusionL1_fusionBN0_drop0p1__wd1e-04trmiss40_trlocglobal,32,1e-05,0.0001,1,16,1,False,0.1,lr1e-05_bs32_modL1_fusion16_fusionL1_fusionBN0_drop0p1__wd1e-04trmiss40_trlocglobal,3,0.700165331363678,0.6853798031806946,0.628968253968254,0.6605500999922114,0.4888888888888889,0.0,0.0,0.0,0.0,0.0,0.0,0.0,0.0,0.0,,,,,18473,global,0.4
5,4,lr1e-05_bs32_modL1_fusion16_fusionL1_fusionBN0_drop0p1__wd1e-04trmiss40_trlocglobal,32,1e-05,0.0001,1,16,1,False,0.1,lr1e-05_bs32_modL1_fusion16_fusionL1_fusionBN0_drop0p1__wd1e-04trmiss40_trlocglobal,4,0.6944993933041891,0.68525430560112,0.628968253968254,0.6554678483066989,0.4888888888888889,0.0,0.0,0.0,0.0,0.0,0.0,0.0,0.0,0.0,,,,,18473,global,0.4
5,4,lr1e-05_bs32_modL1_fusion16_fusionL1_fusionBN0_drop0p1__wd1e-04trmiss40_trlocglobal,32,1e-05,0.0001,1,16,1,False,0.1,lr1e-05_bs32_modL1_fusion16_fusionL1_fusionBN0_drop0p1__wd1e-04trmiss40_trlocglobal,5,0.6899744967619578,0.6848497986793518,0.6309523809523809,0.6575655889960377,0.5111111111111111,0.0,0.0,0.0,0.0,0.0,0.0,0.0,0.0,0.0,,,,,18473,global,0.4
5,4,lr1e-05_bs32_modL1_fusion16_fusionL1_fusionBN0_drop0p1__wd1e-04trmiss40_trlocglobal,32,1e-05,0.0001,1,16,1,False,0.1,lr1e-05_bs32_modL1_fusion16_fusionL1_fusionBN0_drop0p1__wd1e-04trmiss40_trlocglobal,6,0.6928975681463877,0.6846305429935455,0.6309523809523809,0.6574100056664165,0.5111111111111111,0.0,0.0,0.0,0.0,0.0,0.0,0.0,0.0,0.0,,,,,18473,global,0.4
5,4,lr1e-05_bs32_modL1_fusion16_fusionL1_fusionBN0_drop0p1__wd1e-04trmiss40_trlocglobal,32,1e-05,0.0001,1,16,1,False,0.1,lr1e-05_bs32_modL1_fusion16_fusionL1_fusionBN0_drop0p1__wd1e-04trmiss40_trlocglobal,7,0.6826280554135641,0.6846475303173065,0.6408730158730159,0.6640438885196804,0.5111111111111111,0.0,0.0,0.0,0.0,0.0,0.0,0.0,0.0,0.0,,,,,18473,global,0.4
5,4,lr1e-05_bs32_modL1_fusion16_fusionL1_fusionBN0_drop0p1__wd1e-04trmiss40_trlocglobal,32,1e-05,0.0001,1,16,1,False,0.1,lr1e-05_bs32_modL1_fusion16_fusionL1_fusionBN0_drop0p1__wd1e-04trmiss40_trlocglobal,8,0.6904390851656595,0.684552013874054,0.6369047619047619,0.6623604592289152,0.5111111111111111,0.0,0.0,0.0,0.0,0.0,0.0,0.0,0.0,0.0,,,,,18473,global,0.4
5,4,lr1e-05_bs32_modL1_fusion16_fusionL1_fusionBN0_drop0p1__wd1e-04trmiss40_trlocglobal,32,1e-05,0.0001,1,16,1,False,0.1,lr1e-05_bs32_modL1_fusion16_fusionL1_fusionBN0_drop0p1__wd1e-04trmiss40_trlocglobal,9,0.6816035906473795,0.6846315562725067,0.6369047619047619,0.6632998246114574,0.4888888888888889,0.0,0.0,0.0,0.0,0.0,0.0,0.0,0.0,0.0,,,,,18473,global,0.4
5,4,lr1e-05_bs32_modL1_fusion16_fusionL1_fusionBN0_drop0p1__wd1e-04trmiss40_trlocglobal,32,1e-05,0.0001,1,16,1,False,0.1,lr1e-05_bs32_modL1_fusion16_fusionL1_fusionBN0_drop0p1__wd1e-04trmiss40_trlocglobal,10,0.6856764554977417,0.6848261952400208,0.6408730158730158,0.6663957998436556,0.4888888888888889,0.0,0.0,0.0,0.0,0.0,0.0,0.0,0.0,0.0,,,,,18473,global,0.4
5,4,lr1e-05_bs32_modL1_fusion16_fusionL1_fusionBN0_drop0p1__wd1e-04trmiss40_trlocglobal,32,1e-05,0.0001,1,16,1,False,0.1,lr1e-05_bs32_modL1_fusion16_fusionL1_fusionBN0_drop0p1__wd1e-04trmiss40_trlocglobal,11,0.684086670478185,0.6847038865089417,0.6388888888888888,0.6468250927729486,0.4888888888888889,0.0,0.0,0.0,0.0,0.0,0.0,0.0,0.0,0.0,,,,,18473,global,0.4
5,4,lr1e-05_bs32_modL1_fusion16_fusionL1_fusionBN0_drop0p1__wd1e-04trmiss40_trlocglobal,32,1e-05,0.0001,1,16,1,False,0.1,lr1e-05_bs32_modL1_fusion16_fusionL1_fusionBN0_drop0p1__wd1e-04trmiss40_trlocglobal,12,0.6812006533145905,0.6848283112049103,0.6369047619047619,0.6464553236531795,0.4888888888888889,0.0,0.0,0.0,0.0,0.0,0.0,0.0,0.0,0.0,,,,,18473,global,0.4
5,4,lr1e-05_bs32_modL1_fusion16_fusionL1_fusionBN0_drop0p1__wd1e-04trmiss40_trlocglobal,32,1e-05,0.0001,1,16,1,False,0.1,lr1e-05_bs32_modL1_fusion16_fusionL1_fusionBN0_drop0p1__wd1e-04trmiss40_trlocglobal,13,0.6772586901982626,0.6848999559879303,0.6428571428571428,0.6495907751581962,0.4666666666666667,0.0,0.0,0.0,0.0,0.0,0.0,0.0,0.0,0.0,,,,,18473,global,0.4
5,4,lr1e-05_bs32_modL1_fusion16_fusionL1_fusionBN0_drop0p1__wd1e-04trmiss40_trlocglobal,32,1e-05,0.0001,1,16,1,False,0.1,lr1e-05_bs32_modL1_fusion16_fusionL1_fusionBN0_drop0p1__wd1e-04trmiss40_trlocglobal,14,0.6788511375586191,0.6849286258220673,0.6369047619047619,0.6452343224321784,0.4444444444444444,0.0,0.0,0.0,0.0,0.0,0.0,0.0,0.0,0.0,,,,,18473,global,0.4
5,4,lr1e-05_bs32_modL1_fusion16_fusionL1_fusionBN0_drop0p1__wd1e-04trmiss40_trlocglobal,32,1e-05,0.0001,1,16,1,False,0.1,lr1e-05_bs32_modL1_fusion16_fusionL1_fusionBN0_drop0p1__wd1e-04trmiss40_trlocglobal,15,0.6780305504798889,0.6849137246608734,0.6369047619047619,0.6452343224321784,0.4444444444444444,0.0,0.0,0.0,0.0,0.0,0.0,0.0,0.0,0.0,,,,,18473,global,0.4
5,4,lr1e-05_bs32_modL1_fusion16_fusionL1_fusionBN0_drop0p1__wd1e-04trmiss40_trlocglobal,32,1e-05,0.0001,1,16,1,False,0.1,lr1e-05_bs32_modL1_fusion16_fusionL1_fusionBN0_drop0p1__wd1e-04trmiss40_trlocglobal,16,0.6704889237880707,0.6849484145641327,0.6349206349206349,0.6427074783612166,0.4444444444444444,0.0,0.0,0.0,0.0,0.0,0.0,0.0,0.0,0.0,,,,,18473,global,0.4
5,4,lr1e-05_bs32_modL1_fusion16_fusionL1_fusionBN0_drop0p1__wd1e-04trmiss40_trlocglobal,32,1e-05,0.0001,1,16,1,False,0.1,lr1e-05_bs32_modL1_fusion16_fusionL1_fusionBN0_drop0p1__wd1e-04trmiss40_trlocglobal,17,0.679358035326004,0.6851749420166016,0.6388888888888888,0.6449309680329767,0.4444444444444444,0.0,0.0,0.0,0.0,0.0,0.0,0.0,0.0,0.0,,,,,18473,global,0.4
5,4,lr1e-05_bs32_modL1_fusion16_fusionL1_fusionBN0_drop0p1__wd1e-04trmiss40_trlocglobal,32,1e-05,0.0001,1,16,1,False,0.1,lr1e-05_bs32_modL1_fusion16_fusionL1_fusionBN0_drop0p1__wd1e-04trmiss40_trlocglobal,18,0.6734008193016052,0.6852339506149292,0.6369047619047619,0.6424057155077241,0.4444444444444444,0.0,0.0,0.0,0.0,0.0,0.0,0.0,0.0,0.0,,,,,18473,global,0.4
5,4,lr1e-05_bs32_modL1_fusion16_fusionL1_fusionBN0_drop0p1__wd1e-04trmiss40_trlocglobal,32,1e-05,0.0001,1,16,1,False,0.1,lr1e-05_bs32_modL1_fusion16_fusionL1_fusionBN0_drop0p1__wd1e-04trmiss40_trlocglobal,19,0.6709991693496704,0.6854763329029083,0.6329365079365079,0.6379159650620913,0.4444444444444444,0.0,0.0,0.0,0.0,0.0,0.0,0.0,0.0,0.0,,,,,18473,global,0.4
5,4,lr1e-05_bs32_modL1_fusion16_fusionL1_fusionBN0_drop0p1__wd1e-04trmiss40_trlocglobal,32,1e-05,0.0001,1,16,1,False,0.1,lr1e-05_bs32_modL1_fusion16_fusionL1_fusionBN0_drop0p1__wd1e-04trmiss40_trlocglobal,20,0.6716067592302958,0.6857699751853943,0.6309523809523809,0.6340755570382155,0.4444444444444444,0.0,0.0,0.0,0.0,0.0,0.0,0.0,0.0,0.0,,,,,18473,global,0.4
5,4,lr1e-05_bs32_modL1_fusion16_fusionL1_fusionBN0_drop0p1__wd1e-04trmiss40_trlocglobal,32,1e-05,0.0001,1,16,1,False,0.1,lr1e-05_bs32_modL1_fusion16_fusionL1_fusionBN0_drop0p1__wd1e-04trmiss40_trlocglobal,21,0.6706598301728567,0.6857244074344635,0.6309523809523809,0.6378752299168359,0.4444444444444444,0.0,0.0,0.0,0.0,0.0,0.0,0.0,0.0,0.0,,,,,18473,global,0.4
5,4,lr1e-05_bs32_modL1_fusion16_fusionL1_fusionBN0_drop0p1__wd1e-04trmiss40_trlocglobal,32,1e-05,0.0001,1,16,1,False,0.1,lr1e-05_bs32_modL1_fusion16_fusionL1_fusionBN0_drop0p1__wd1e-04trmiss40_trlocglobal,22,0.6657199660936991,0.6857084035873413,0.6388888888888888,0.6425299501965561,0.4444444444444444,0.0,0.0,0.0,0.0,0.0,0.0,0.0,0.0,0.0,,,,,18473,global,0.4
5,4,lr1e-05_bs32_modL1_fusion16_fusionL1_fusionBN0_drop0p1__wd1e-04trmiss40_trlocglobal,32,1e-05,0.0001,1,16,1,False,0.1,lr1e-05_bs32_modL1_fusion16_fusionL1_fusionBN0_drop0p1__wd1e-04trmiss40_trlocglobal,23,0.6665878593921661,0.6855926513671875,0.6329365079365079,0.6359327279743339,0.4444444444444444,0.0,0.0,0.0,0.0,0.0,0.0,0.0,0.0,0.0,,,,,18473,global,0.4
5,4,lr1e-05_bs32_modL1_fusion16_fusionL1_fusionBN0_drop0p1__wd1e-04trmiss40_trlocglobal,32,1e-05,0.0001,1,16,1,False,0.1,lr1e-05_bs32_modL1_fusion16_fusionL1_fusionBN0_drop0p1__wd1e-04trmiss40_trlocglobal,24,0.6662334203720093,0.6856798827648163,0.6309523809523809,0.6347762577389162,0.4444444444444444,0.0,0.0,0.0,0.0,0.0,0.0,0.0,0.0,0.0,,,,,18473,global,0.4
5,4,lr1e-05_bs32_modL1_fusion16_fusionL1_fusionBN0_drop0p1__wd1e-04trmiss40_trlocglobal,32,1e-05,0.0001,1,16,1,False,0.1,lr1e-05_bs32_modL1_fusion16_fusionL1_fusionBN0_drop0p1__wd1e-04trmiss40_trlocglobal,25,0.6658730010191599,0.68586465716362,0.6329365079365079,0.6382255861882447,0.4444444444444444,0.0,0.0,0.0,0.0,0.0,0.0,0.0,0.0,0.0,,,,,18473,global,0.4
5,4,lr1e-05_bs32_modL1_fusion16_fusionL1_fusionBN0_drop0p1__wd1e-04trmiss40_trlocglobal,32,1e-05,0.0001,1,16,1,False,0.1,lr1e-05_bs32_modL1_fusion16_fusionL1_fusionBN0_drop0p1__wd1e-04trmiss40_trlocglobal,26,0.6632687548796335,0.6861326992511749,0.6309523809523809,0.6353320676697262,0.4444444444444444,0.0,0.0,0.0,0.0,0.0,0.0,0.0,0.0,0.0,,,,,18473,global,0.4
5,4,lr1e-05_bs32_modL1_fusion16_fusionL1_fusionBN0_drop0p1__wd1e-04trmiss40_trlocglobal,32,1e-05,0.0001,1,16,1,False,0.1,lr1e-05_bs32_modL1_fusion16_fusionL1_fusionBN0_drop0p1__wd1e-04trmiss40_trlocglobal,27,0.6646555165449778,0.685914009809494,0.6349206349206349,0.6442800913236322,0.4444444444444444,0.0,0.0,0.0,0.0,0.0,0.0,0.0,0.0,0.0,,,,,18473,global,0.4
5,4,lr1e-05_bs32_modL1_fusion16_fusionL1_fusionBN0_drop0p1__wd1e-04trmiss40_trlocglobal,32,1e-05,0.0001,1,16,1,False,0.1,lr1e-05_bs32_modL1_fusion16_fusionL1_fusionBN0_drop0p1__wd1e-04trmiss40_trlocglobal,28,0.6661544144153595,0.6861329972743988,0.6369047619047619,0.6422095798781208,0.4444444444444444,0.0,0.0,0.0,0.0,0.0,0.0,0.0,0.0,0.0,,,,,18473,global,0.4
5,4,lr1e-05_bs32_modL1_fusion16_fusionL1_fusionBN0_drop0p1__wd1e-04trmiss40_trlocglobal,32,1e-05,0.0001,1,16,1,False,0.1,lr1e-05_bs32_modL1_fusion16_fusionL1_fusionBN0_drop0p1__wd1e-04trmiss40_trlocglobal,29,0.6610223551591238,0.6863490641117096,0.628968253968254,0.640730469720605,0.4444444444444444,0.0,0.0,0.0,0.0,0.0,0.0,0.0,0.0,0.0,,,,,18473,global,0.4
5,4,lr1e-05_bs32_modL1_fusion16_fusionL1_fusionBN0_drop0p1__wd1e-04trmiss40_trlocglobal,32,1e-05,0.0001,1,16,1,False,0.1,lr1e-05_bs32_modL1_fusion16_fusionL1_fusionBN0_drop0p1__wd1e-04trmiss40_trlocglobal,30,0.6576292713483175,0.6863426864147186,0.626984126984127,0.6374948164849518,0.4444444444444444,0.0,0.0,0.0,0.0,0.0,0.0,0.0,0.0,0.0,,,,,18473,global,0.4
5,4,lr1e-05_bs32_modL1_fusion16_fusionL1_fusionBN0_drop0p1__wd1e-04trmiss40_trlocglobal,32,1e-05,0.0001,1,16,1,False,0.1,lr1e-05_bs32_modL1_fusion16_fusionL1_fusionBN0_drop0p1__wd1e-04trmiss40_trlocglobal,31,0.6574750145276388,0.6864827573299408,0.628968253968254,0.6340567033428913,0.4444444444444444,0.0,0.0,0.0,0.0,0.0,0.0,0.0,0.0,0.0,,,,,18473,global,0.4
5,4,lr1e-05_bs32_modL1_fusion16_fusionL1_fusionBN0_drop0p1__wd1e-04trmiss40_trlocglobal,32,1e-05,0.0001,1,16,1,False,0.1,lr1e-05_bs32_modL1_fusion16_fusionL1_fusionBN0_drop0p1__wd1e-04trmiss40_trlocglobal,32,0.6588451067606608,0.6865801811218262,0.623015873015873,0.6273599278961157,0.4444444444444444,0.0,0.0,0.0,0.0,0.0,0.0,0.0,0.0,0.0,,,,,18473,global,0.4
5,4,lr1e-05_bs32_modL1_fusion16_fusionL1_fusionBN0_drop0p1__wd1e-04trmiss40_trlocglobal,32,1e-05,0.0001,1,16,1,False,0.1,lr1e-05_bs32_modL1_fusion16_fusionL1_fusionBN0_drop0p1__wd1e-04trmiss40_trlocglobal,33,0.6538206736246744,0.6868061423301697,0.623015873015873,0.6224186885798765,0.4444444444444444,0.0,0.0,0.0,0.0,0.0,0.0,0.0,0.0,0.0,,,,,18473,global,0.4
5,4,lr1e-05_bs32_modL1_fusion32_fusionL1_fusionBN0_drop0p2__wd1e-04trmiss40_trlocglobal,32,1e-05,0.0001,1,32,1,False,0.2,lr1e-05_bs32_modL1_fusion32_fusionL1_fusionBN0_drop0p2__wd1e-04trmiss40_trlocglobal,1,0.7176754673322042,0.6949222087860107,0.5932539682539683,0.58530394616842,0.4666666666666667,0.0,0.0,0.0,0.0,0.0,0.0,0.0,0.0,0.0,,,,,18473,global,0.4
5,4,lr1e-05_bs32_modL1_fusion32_fusionL1_fusionBN0_drop0p2__wd1e-04trmiss40_trlocglobal,32,1e-05,0.0001,1,32,1,False,0.2,lr1e-05_bs32_modL1_fusion32_fusionL1_fusionBN0_drop0p2__wd1e-04trmiss40_trlocglobal,2,0.7063439389069875,0.6954024434089661,0.5932539682539683,0.603262003360129,0.4444444444444444,0.0,0.0,0.0,0.0,0.0,0.0,0.0,0.0,0.0,,,,,18473,global,0.4
5,4,lr1e-05_bs32_modL1_fusion32_fusionL1_fusionBN0_drop0p2__wd1e-04trmiss40_trlocglobal,32,1e-05,0.0001,1,32,1,False,0.2,lr1e-05_bs32_modL1_fusion32_fusionL1_fusionBN0_drop0p2__wd1e-04trmiss40_trlocglobal,3,0.7025057872136434,0.6956060230731964,0.5853174603174602,0.5938457983393045,0.4888888888888889,0.0,0.0,0.0,0.0,0.0,0.0,0.0,0.0,0.0,,,,,18473,global,0.4
5,4,lr1e-05_bs32_modL1_fusion32_fusionL1_fusionBN0_drop0p2__wd1e-04trmiss40_trlocglobal,32,1e-05,0.0001,1,32,1,False,0.2,lr1e-05_bs32_modL1_fusion32_fusionL1_fusionBN0_drop0p2__wd1e-04trmiss40_trlocglobal,4,0.6954854428768158,0.6957173943519592,0.5734126984126984,0.5744363624938431,0.4888888888888889,0.0,0.0,0.0,0.0,0.0,0.0,0.0,0.0,0.0,,,,,18473,global,0.4
5,4,lr1e-05_bs32_modL1_fusion32_fusionL1_fusionBN0_drop0p2__wd1e-04trmiss40_trlocglobal,32,1e-05,0.0001,1,32,1,False,0.2,lr1e-05_bs32_modL1_fusion32_fusionL1_fusionBN0_drop0p2__wd1e-04trmiss40_trlocglobal,5,0.6916987101236979,0.695591926574707,0.5753968253968255,0.5766402665099167,0.4888888888888889,0.0,0.0,0.0,0.0,0.0,0.0,0.0,0.0,0.0,,,,,18473,global,0.4
5,4,lr1e-05_bs32_modL1_fusion32_fusionL1_fusionBN0_drop0p2__wd1e-04trmiss40_trlocglobal,32,1e-05,0.0001,1,32,1,False,0.2,lr1e-05_bs32_modL1_fusion32_fusionL1_fusionBN0_drop0p2__wd1e-04trmiss40_trlocglobal,6,0.6985723376274109,0.6950352489948273,0.5853174603174603,0.585885232725403,0.4888888888888889,0.0,0.0,0.0,0.0,0.0,0.0,0.0,0.0,0.0,,,,,18473,global,0.4
5,4,lr1e-05_bs32_modL1_fusion32_fusionL1_fusionBN0_drop0p2__wd1e-04trmiss40_trlocglobal,32,1e-05,0.0001,1,32,1,False,0.2,lr1e-05_bs32_modL1_fusion32_fusionL1_fusionBN0_drop0p2__wd1e-04trmiss40_trlocglobal,7,0.6913724541664124,0.694877415895462,0.5853174603174603,0.587890461379353,0.4888888888888889,0.0,0.0,0.0,0.0,0.0,0.0,0.0,0.0,0.0,,,,,18473,global,0.4
5,4,lr1e-05_bs32_modL1_fusion32_fusionL1_fusionBN0_drop0p2__wd1e-04trmiss40_trlocglobal,32,1e-05,0.0001,1,32,1,False,0.2,lr1e-05_bs32_modL1_fusion32_fusionL1_fusionBN0_drop0p2__wd1e-04trmiss40_trlocglobal,8,0.688952644666036,0.6941243410110474,0.5932539682539683,0.5952046918610386,0.4888888888888889,0.0,0.0,0.0,0.0,0.0,0.0,0.0,0.0,0.0,,,,,18473,global,0.4
5,4,lr1e-05_bs32_modL1_fusion32_fusionL1_fusionBN0_drop0p2__wd1e-04trmiss40_trlocglobal,32,1e-05,0.0001,1,32,1,False,0.2,lr1e-05_bs32_modL1_fusion32_fusionL1_fusionBN0_drop0p2__wd1e-04trmiss40_trlocglobal,9,0.6938489675521851,0.6937551200389862,0.5972222222222223,0.5989426571121618,0.4888888888888889,0.0,0.0,0.0,0.0,0.0,0.0,0.0,0.0,0.0,,,,,18473,global,0.4
5,4,lr1e-05_bs32_modL1_fusion32_fusionL1_fusionBN0_drop0p2__wd1e-04trmiss40_trlocglobal,32,1e-05,0.0001,1,32,1,False,0.2,lr1e-05_bs32_modL1_fusion32_fusionL1_fusionBN0_drop0p2__wd1e-04trmiss40_trlocglobal,10,0.6846649944782257,0.6927898824214935,0.5972222222222223,0.5997251918721247,0.5111111111111111,0.0,0.0,0.0,0.0,0.0,0.0,0.0,0.0,0.0,,,,,18473,global,0.4
5,4,lr1e-05_bs32_modL1_fusion32_fusionL1_fusionBN0_drop0p2__wd1e-04trmiss40_trlocglobal,32,1e-05,0.0001,1,32,1,False,0.2,lr1e-05_bs32_modL1_fusion32_fusionL1_fusionBN0_drop0p2__wd1e-04trmiss40_trlocglobal,11,0.6839410861333212,0.6924774050712585,0.5992063492063493,0.6013090125348928,0.5111111111111111,0.0,0.0,0.0,0.0,0.0,0.0,0.0,0.0,0.0,,,,,18473,global,0.4
5,4,lr1e-05_bs32_modL1_fusion32_fusionL1_fusionBN0_drop0p2__wd1e-04trmiss40_trlocglobal,32,1e-05,0.0001,1,32,1,False,0.2,lr1e-05_bs32_modL1_fusion32_fusionL1_fusionBN0_drop0p2__wd1e-04trmiss40_trlocglobal,12,0.6765300234158834,0.6917023062705994,0.6031746031746031,0.6058444426648351,0.5111111111111111,0.0,0.0,0.0,0.0,0.0,0.0,0.0,0.0,0.0,,,,,18473,global,0.4
5,4,lr1e-05_bs32_modL1_fusion32_fusionL1_fusionBN0_drop0p2__wd1e-04trmiss40_trlocglobal,32,1e-05,0.0001,1,32,1,False,0.2,lr1e-05_bs32_modL1_fusion32_fusionL1_fusionBN0_drop0p2__wd1e-04trmiss40_trlocglobal,13,0.6754189829031626,0.6913253366947174,0.6011904761904762,0.6051342153921078,0.5111111111111111,0.0,0.0,0.0,0.0,0.0,0.0,0.0,0.0,0.0,,,,,18473,global,0.4
5,4,lr1e-05_bs32_modL1_fusion32_fusionL1_fusionBN0_drop0p2__wd1e-04trmiss40_trlocglobal,32,1e-05,0.0001,1,32,1,False,0.2,lr1e-05_bs32_modL1_fusion32_fusionL1_fusionBN0_drop0p2__wd1e-04trmiss40_trlocglobal,14,0.6763292749722799,0.6908015608787537,0.6031746031746033,0.6103928707866328,0.5111111111111111,0.0,0.0,0.0,0.0,0.0,0.0,0.0,0.0,0.0,,,,,18473,global,0.4
5,4,lr1e-05_bs32_modL1_fusion32_fusionL1_fusionBN0_drop0p2__wd1e-04trmiss40_trlocglobal,32,1e-05,0.0001,1,32,1,False,0.2,lr1e-05_bs32_modL1_fusion32_fusionL1_fusionBN0_drop0p2__wd1e-04trmiss40_trlocglobal,15,0.6655118862787882,0.6902318000793457,0.6071428571428572,0.6139966165778786,0.5111111111111111,0.0,0.0,0.0,0.0,0.0,0.0,0.0,0.0,0.0,,,,,18473,global,0.4
5,4,lr1e-05_bs32_modL1_fusion32_fusionL1_fusionBN0_drop0p2__wd1e-04trmiss40_trlocglobal,32,1e-05,0.0001,1,32,1,False,0.2,lr1e-05_bs32_modL1_fusion32_fusionL1_fusionBN0_drop0p2__wd1e-04trmiss40_trlocglobal,16,0.6742113928000132,0.6899202466011047,0.6130952380952381,0.6119752987617777,0.5111111111111111,0.0,0.0,0.0,0.0,0.0,0.0,0.0,0.0,0.0,,,,,18473,global,0.4
5,4,lr1e-05_bs32_modL1_fusion32_fusionL1_fusionBN0_drop0p2__wd1e-04trmiss40_trlocglobal,32,1e-05,0.0001,1,32,1,False,0.2,lr1e-05_bs32_modL1_fusion32_fusionL1_fusionBN0_drop0p2__wd1e-04trmiss40_trlocglobal,17,0.675685872634252,0.6892556548118591,0.6130952380952381,0.6121219409367555,0.5111111111111111,0.0,0.0,0.0,0.0,0.0,0.0,0.0,0.0,0.0,,,,,18473,global,0.4
5,4,lr1e-05_bs32_modL1_fusion32_fusionL1_fusionBN0_drop0p2__wd1e-04trmiss40_trlocglobal,32,1e-05,0.0001,1,32,1,False,0.2,lr1e-05_bs32_modL1_fusion32_fusionL1_fusionBN0_drop0p2__wd1e-04trmiss40_trlocglobal,18,0.6662555436293284,0.6889866888523102,0.6130952380952381,0.6129071372415701,0.5111111111111111,0.0,0.0,0.0,0.0,0.0,0.0,0.0,0.0,0.0,,,,,18473,global,0.4
5,4,lr1e-05_bs32_modL1_fusion32_fusionL1_fusionBN0_drop0p2__wd1e-04trmiss40_trlocglobal,32,1e-05,0.0001,1,32,1,False,0.2,lr1e-05_bs32_modL1_fusion32_fusionL1_fusionBN0_drop0p2__wd1e-04trmiss40_trlocglobal,19,0.6785869499047598,0.6885825991630554,0.6150793650793651,0.6137692062070874,0.5111111111111111,0.0,0.0,0.0,0.0,0.0,0.0,0.0,0.0,0.0,,,,,18473,global,0.4
5,4,lr1e-05_bs32_modL1_fusion32_fusionL1_fusionBN0_drop0p2__wd1e-04trmiss40_trlocglobal,32,1e-05,0.0001,1,32,1,False,0.2,lr1e-05_bs32_modL1_fusion32_fusionL1_fusionBN0_drop0p2__wd1e-04trmiss40_trlocglobal,20,0.6568795839945475,0.6880327761173248,0.6170634920634921,0.6162030802433953,0.5111111111111111,0.0,0.0,0.0,0.0,0.0,0.0,0.0,0.0,0.0,,,,,18473,global,0.4
5,4,lr1e-05_bs32_modL1_fusion32_fusionL1_fusionBN0_drop0p2__wd1e-04trmiss40_trlocglobal,32,1e-05,0.0001,1,32,1,False,0.2,lr1e-05_bs32_modL1_fusion32_fusionL1_fusionBN0_drop0p2__wd1e-04trmiss40_trlocglobal,21,0.6636555592219034,0.6878847181797028,0.6150793650793651,0.6150552450519144,0.5111111111111111,0.0,0.0,0.0,0.0,0.0,0.0,0.0,0.0,0.0,,,,,18473,global,0.4
5,4,lr1e-05_bs32_modL1_fusion32_fusionL1_fusionBN0_drop0p2__wd1e-04trmiss40_trlocglobal,32,1e-05,0.0001,1,32,1,False,0.2,lr1e-05_bs32_modL1_fusion32_fusionL1_fusionBN0_drop0p2__wd1e-04trmiss40_trlocglobal,22,0.6625836491584778,0.6877739131450653,0.6190476190476191,0.6430503804212877,0.5111111111111111,0.0,0.0,0.0,0.0,0.0,0.0,0.0,0.0,0.0,,,,,18473,global,0.4
5,4,lr1e-05_bs32_modL1_fusion32_fusionL1_fusionBN0_drop0p2__wd1e-04trmiss40_trlocglobal,32,1e-05,0.0001,1,32,1,False,0.2,lr1e-05_bs32_modL1_fusion32_fusionL1_fusionBN0_drop0p2__wd1e-04trmiss40_trlocglobal,23,0.6579699913660685,0.6869675517082214,0.626984126984127,0.625322411983695,0.5333333333333333,0.0,0.0,0.0,0.0,0.0,0.0,0.0,0.0,0.0,,,,,18473,global,0.4
5,4,lr1e-05_bs32_modL1_fusion32_fusionL1_fusionBN0_drop0p2__wd1e-04trmiss40_trlocglobal,32,1e-05,0.0001,1,32,1,False,0.2,lr1e-05_bs32_modL1_fusion32_fusionL1_fusionBN0_drop0p2__wd1e-04trmiss40_trlocglobal,24,0.6670467158158621,0.6865586638450623,0.6230158730158731,0.6248145309857674,0.5333333333333333,0.0,0.0,0.0,0.0,0.0,0.0,0.0,0.0,0.0,,,,,18473,global,0.4
5,4,lr1e-05_bs32_modL1_fusion32_fusionL1_fusionBN0_drop0p2__wd1e-04trmiss40_trlocglobal,32,1e-05,0.0001,1,32,1,False,0.2,lr1e-05_bs32_modL1_fusion32_fusionL1_fusionBN0_drop0p2__wd1e-04trmiss40_trlocglobal,25,0.6633336742719015,0.6865290999412537,0.621031746031746,0.6162316555278919,0.5333333333333333,0.0,0.0,0.0,0.0,0.0,0.0,0.0,0.0,0.0,,,,,18473,global,0.4
5,4,lr1e-05_bs32_modL1_fusion32_fusionL1_fusionBN0_drop0p2__wd1e-04trmiss40_trlocglobal,32,1e-05,0.0001,1,32,1,False,0.2,lr1e-05_bs32_modL1_fusion32_fusionL1_fusionBN0_drop0p2__wd1e-04trmiss40_trlocglobal,26,0.649719774723053,0.6859973669052124,0.625,0.6253856959319324,0.5333333333333333,0.0,0.0,0.0,0.0,0.0,0.0,0.0,0.0,0.0,,,,,18473,global,0.4
5,4,lr1e-05_bs32_modL1_fusion32_fusionL1_fusionBN0_drop0p2__wd1e-04trmiss40_trlocglobal,32,1e-05,0.0001,1,32,1,False,0.2,lr1e-05_bs32_modL1_fusion32_fusionL1_fusionBN0_drop0p2__wd1e-04trmiss40_trlocglobal,27,0.6515822311242422,0.6855535805225372,0.626984126984127,0.6292585591797956,0.5333333333333333,0.0,0.0,0.0,0.0,0.0,0.0,0.0,0.0,0.0,,,,,18473,global,0.4
5,4,lr1e-05_bs32_modL1_fusion32_fusionL1_fusionBN0_drop0p2__wd1e-04trmiss40_trlocglobal,32,1e-05,0.0001,1,32,1,False,0.2,lr1e-05_bs32_modL1_fusion32_fusionL1_fusionBN0_drop0p2__wd1e-04trmiss40_trlocglobal,28,0.6542186141014099,0.6854162216186523,0.6349206349206349,0.6390540990058232,0.5333333333333333,0.0,0.0,0.0,0.0,0.0,0.0,0.0,0.0,0.0,,,,,18473,global,0.4
5,4,lr1e-05_bs32_modL1_fusion32_fusionL1_fusionBN0_drop0p2__wd1e-04trmiss40_trlocglobal,32,1e-05,0.0001,1,32,1,False,0.2,lr1e-05_bs32_modL1_fusion32_fusionL1_fusionBN0_drop0p2__wd1e-04trmiss40_trlocglobal,29,0.6626409292221069,0.6851580142974854,0.6349206349206349,0.6390540990058232,0.5333333333333333,0.0,0.0,0.0,0.0,0.0,0.0,0.0,0.0,0.0,,,,,18473,global,0.4
5,4,lr1e-05_bs32_modL1_fusion32_fusionL1_fusionBN0_drop0p2__wd1e-04trmiss40_trlocglobal,32,1e-05,0.0001,1,32,1,False,0.2,lr1e-05_bs32_modL1_fusion32_fusionL1_fusionBN0_drop0p2__wd1e-04trmiss40_trlocglobal,30,0.6536672015984853,0.684983491897583,0.6349206349206349,0.6419387143904386,0.5333333333333333,0.0,0.0,0.0,0.0,0.0,0.0,0.0,0.0,0.0,,,,,18473,global,0.4
5,4,lr1e-05_bs32_modL1_fusion32_fusionL1_fusionBN0_drop0p2__wd1e-04trmiss40_trlocglobal,32,1e-05,0.0001,1,32,1,False,0.2,lr1e-05_bs32_modL1_fusion32_fusionL1_fusionBN0_drop0p2__wd1e-04trmiss40_trlocglobal,31,0.6498983105023702,0.6846736073493958,0.6349206349206349,0.6419387143904386,0.5333333333333333,0.0,0.0,0.0,0.0,0.0,0.0,0.0,0.0,0.0,,,,,18473,global,0.4
5,4,lr1e-05_bs32_modL1_fusion32_fusionL1_fusionBN0_drop0p2__wd1e-04trmiss40_trlocglobal,32,1e-05,0.0001,1,32,1,False,0.2,lr1e-05_bs32_modL1_fusion32_fusionL1_fusionBN0_drop0p2__wd1e-04trmiss40_trlocglobal,32,0.6626572906970978,0.6843710541725159,0.638888888888889,0.6629075822418243,0.5333333333333333,0.0,0.0,0.0,0.0,0.0,0.0,0.0,0.0,0.0,,,,,18473,global,0.4
5,4,lr1e-05_bs32_modL1_fusion32_fusionL1_fusionBN0_drop0p2__wd1e-04trmiss40_trlocglobal,32,1e-05,0.0001,1,32,1,False,0.2,lr1e-05_bs32_modL1_fusion32_fusionL1_fusionBN0_drop0p2__wd1e-04trmiss40_trlocglobal,33,0.6443682014942169,0.6841111481189728,0.6369047619047619,0.6432199416660259,0.5555555555555556,0.0,0.0,0.0,0.0,0.0,0.0,0.0,0.0,0.0,,,,,18473,global,0.4
5,4,lr1e-05_bs32_modL1_fusion32_fusionL1_fusionBN0_drop0p2__wd1e-04trmiss40_trlocglobal,32,1e-05,0.0001,1,32,1,False,0.2,lr1e-05_bs32_modL1_fusion32_fusionL1_fusionBN0_drop0p2__wd1e-04trmiss40_trlocglobal,34,0.6550803482532501,0.6838898956775665,0.6388888888888888,0.6383796980973341,0.5555555555555556,0.0,0.0,0.0,0.0,0.0,0.0,0.0,0.0,0.0,,,,,18473,global,0.4
5,4,lr1e-05_bs32_modL1_fusion32_fusionL1_fusionBN0_drop0p2__wd1e-04trmiss40_trlocglobal,32,1e-05,0.0001,1,32,1,False,0.2,lr1e-05_bs32_modL1_fusion32_fusionL1_fusionBN0_drop0p2__wd1e-04trmiss40_trlocglobal,35,0.6500424842039744,0.6840886175632477,0.6388888888888888,0.6594877567053926,0.5333333333333333,0.0,0.0,0.0,0.0,0.0,0.0,0.0,0.0,0.0,,,,,18473,global,0.4
5,4,lr1e-05_bs32_modL1_fusion32_fusionL1_fusionBN0_drop0p2__wd1e-04trmiss40_trlocglobal,32,1e-05,0.0001,1,32,1,False,0.2,lr1e-05_bs32_modL1_fusion32_fusionL1_fusionBN0_drop0p2__wd1e-04trmiss40_trlocglobal,36,0.6427373091379801,0.6837888956069946,0.636904761904762,0.6576625504395447,0.5555555555555556,0.0,0.0,0.0,0.0,0.0,0.0,0.0,0.0,0.0,,,,,18473,global,0.4
5,4,lr1e-05_bs32_modL1_fusion32_fusionL1_fusionBN0_drop0p2__wd1e-04trmiss40_trlocglobal,32,1e-05,0.0001,1,32,1,False,0.2,lr1e-05_bs32_modL1_fusion32_fusionL1_fusionBN0_drop0p2__wd1e-04trmiss40_trlocglobal,37,0.6376672486464182,0.6841497421264648,0.6309523809523809,0.635991660981091,0.5333333333333333,0.0,0.0,0.0,0.0,0.0,0.0,0.0,0.0,0.0,,,,,18473,global,0.4
5,4,lr1e-05_bs32_modL1_fusion32_fusionL1_fusionBN0_drop0p2__wd1e-04trmiss40_trlocglobal,32,1e-05,0.0001,1,32,1,False,0.2,lr1e-05_bs32_modL1_fusion32_fusionL1_fusionBN0_drop0p2__wd1e-04trmiss40_trlocglobal,38,0.6442163487275442,0.6838225424289703,0.6369047619047619,0.6643783305104013,0.5333333333333333,0.0,0.0,0.0,0.0,0.0,0.0,0.0,0.0,0.0,,,,,18473,global,0.4
5,4,lr1e-05_bs32_modL1_fusion32_fusionL1_fusionBN0_drop0p2__wd1e-04trmiss40_trlocglobal,32,1e-05,0.0001,1,32,1,False,0.2,lr1e-05_bs32_modL1_fusion32_fusionL1_fusionBN0_drop0p2__wd1e-04trmiss40_trlocglobal,39,0.6407437423865,0.6841345429420471,0.6329365079365079,0.6405548981184206,0.5555555555555556,0.0,0.0,0.0,0.0,0.0,0.0,0.0,0.0,0.0,,,,,18473,global,0.4
5,4,lr1e-05_bs32_modL1_fusion32_fusionL1_fusionBN0_drop0p2__wd1e-04trmiss40_trlocglobal,32,1e-05,0.0001,1,32,1,False,0.2,lr1e-05_bs32_modL1_fusion32_fusionL1_fusionBN0_drop0p2__wd1e-04trmiss40_trlocglobal,40,0.6418332457542419,0.6840513050556183,0.6329365079365079,0.6444407350551651,0.5555555555555556,0.0,0.0,0.0,0.0,0.0,0.0,0.0,0.0,0.0,,,,,18473,global,0.4
5,4,lr1e-05_bs32_modL1_fusion32_fusionL1_fusionBN0_drop0p2__wd1e-04trmiss40_trlocglobal,32,1e-05,0.0001,1,32,1,False,0.2,lr1e-05_bs32_modL1_fusion32_fusionL1_fusionBN0_drop0p2__wd1e-04trmiss40_trlocglobal,41,0.6513845721880595,0.683221310377121,0.6428571428571429,0.6730227707974116,0.5333333333333333,0.0,0.0,0.0,0.0,0.0,0.0,0.0,0.0,0.0,,,,,18473,global,0.4
5,4,lr1e-05_bs32_modL1_fusion32_fusionL1_fusionBN0_drop0p2__wd1e-04trmiss40_trlocglobal,32,1e-05,0.0001,1,32,1,False,0.2,lr1e-05_bs32_modL1_fusion32_fusionL1_fusionBN0_drop0p2__wd1e-04trmiss40_trlocglobal,42,0.6352904140949249,0.68291836977005,0.6448412698412698,0.6496567352841128,0.5333333333333333,0.0,0.0,0.0,0.0,0.0,0.0,0.0,0.0,0.0,,,,,18473,global,0.4
5,4,lr1e-05_bs32_modL1_fusion32_fusionL1_fusionBN0_drop0p2__wd1e-04trmiss40_trlocglobal,32,1e-05,0.0001,1,32,1,False,0.2,lr1e-05_bs32_modL1_fusion32_fusionL1_fusionBN0_drop0p2__wd1e-04trmiss40_trlocglobal,43,0.6504655083020529,0.6827666461467743,0.6507936507936508,0.6744440169679462,0.5333333333333333,0.0,0.0,0.0,0.0,0.0,0.0,0.0,0.0,0.0,,,,,18473,global,0.4
5,4,lr1e-05_bs32_modL1_fusion32_fusionL1_fusionBN0_drop0p2__wd1e-04trmiss40_trlocglobal,32,1e-05,0.0001,1,32,1,False,0.2,lr1e-05_bs32_modL1_fusion32_fusionL1_fusionBN0_drop0p2__wd1e-04trmiss40_trlocglobal,44,0.6424915691216787,0.6826595366001129,0.6448412698412699,0.6633016870756163,0.5333333333333333,0.0,0.0,0.0,0.0,0.0,0.0,0.0,0.0,0.0,,,,,18473,global,0.4
5,4,lr1e-05_bs32_modL1_fusion32_fusionL1_fusionBN0_drop0p2__wd1e-04trmiss40_trlocglobal,32,1e-05,0.0001,1,32,1,False,0.2,lr1e-05_bs32_modL1_fusion32_fusionL1_fusionBN0_drop0p2__wd1e-04trmiss40_trlocglobal,45,0.6409740845362345,0.6829414069652557,0.648809523809524,0.6659464762295518,0.5333333333333333,0.0,0.0,0.0,0.0,0.0,0.0,0.0,0.0,0.0,,,,,18473,global,0.4
5,4,lr1e-05_bs32_modL1_fusion32_fusionL1_fusionBN0_drop0p2__wd1e-04trmiss40_trlocglobal,32,1e-05,0.0001,1,32,1,False,0.2,lr1e-05_bs32_modL1_fusion32_fusionL1_fusionBN0_drop0p2__wd1e-04trmiss40_trlocglobal,46,0.6310818394025167,0.6831454038619995,0.6448412698412699,0.6655869855893631,0.5111111111111111,0.0,0.0,0.0,0.0,0.0,0.0,0.0,0.0,0.0,,,,,18473,global,0.4
5,4,lr1e-05_bs32_modL1_fusion32_fusionL1_fusionBN0_drop0p2__wd1e-04trmiss40_trlocglobal,32,1e-05,0.0001,1,32,1,False,0.2,lr1e-05_bs32_modL1_fusion32_fusionL1_fusionBN0_drop0p2__wd1e-04trmiss40_trlocglobal,47,0.6400996545950571,0.6836122274398804,0.6388888888888888,0.6392352442591737,0.5777777777777777,0.0,0.0,0.0,0.0,0.0,0.0,0.0,0.0,0.0,,,,,18473,global,0.4
5,4,lr1e-05_bs32_modL1_fusion32_fusionL1_fusionBN0_drop0p2__wd1e-04trmiss40_trlocglobal,32,1e-05,0.0001,1,32,1,False,0.2,lr1e-05_bs32_modL1_fusion32_fusionL1_fusionBN0_drop0p2__wd1e-04trmiss40_trlocglobal,48,0.6377596358458201,0.6836513876914978,0.6408730158730158,0.6405251891848002,0.5777777777777777,0.0,0.0,0.0,0.0,0.0,0.0,0.0,0.0,0.0,,,,,18473,global,0.4
5,4,lr1e-05_bs32_modL1_fusion32_fusionL1_fusionBN0_drop0p2__wd1e-04trmiss40_trlocglobal,32,1e-05,0.0001,1,32,1,False,0.2,lr1e-05_bs32_modL1_fusion32_fusionL1_fusionBN0_drop0p2__wd1e-04trmiss40_trlocglobal,49,0.6412885089715322,0.6832543909549713,0.648809523809524,0.6464738634664979,0.5555555555555556,0.0,0.0,0.0,0.0,0.0,0.0,0.0,0.0,0.0,,,,,18473,global,0.4
5,4,lr1e-05_bs32_modL1_fusion32_fusionL1_fusionBN0_drop0p2__wd1e-04trmiss40_trlocglobal,32,1e-05,0.0001,1,32,1,False,0.2,lr1e-05_bs32_modL1_fusion32_fusionL1_fusionBN0_drop0p2__wd1e-04trmiss40_trlocglobal,50,0.6337312658627828,0.6833174228668213,0.6507936507936508,0.6656473982650326,0.5333333333333333,0.0,0.0,0.0,0.0,0.0,0.0,0.0,0.0,0.0,,,,,18473,global,0.4
5,4,lr1e-05_bs32_modL1_fusion32_fusionL1_fusionBN0_drop0p2__wd1e-04trmiss40_trlocglobal,32,1e-05,0.0001,1,32,1,False,0.2,lr1e-05_bs32_modL1_fusion32_fusionL1_fusionBN0_drop0p2__wd1e-04trmiss40_trlocglobal,51,0.6327312588691711,0.6835123300552368,0.6488095238095238,0.6508656522332866,0.5333333333333333,0.0,0.0,0.0,0.0,0.0,0.0,0.0,0.0,0.0,,,,,18473,global,0.4
5,4,lr1e-05_bs32_modL1_fusion32_fusionL1_fusionBN0_drop0p2__wd1e-04trmiss40_trlocglobal,32,1e-05,0.0001,1,32,1,False,0.2,lr1e-05_bs32_modL1_fusion32_fusionL1_fusionBN0_drop0p2__wd1e-04trmiss40_trlocglobal,52,0.6329211294651031,0.6829191446304321,0.6547619047619049,0.672070560478636,0.5111111111111111,0.0,0.0,0.0,0.0,0.0,0.0,0.0,0.0,0.0,,,,,18473,global,0.4
5,4,lr1e-05_bs32_modL1_fusion32_fusionL1_fusionBN0_drop0p2__wd1e-04trmiss40_trlocglobal,32,1e-05,0.0001,1,32,1,False,0.2,lr1e-05_bs32_modL1_fusion32_fusionL1_fusionBN0_drop0p2__wd1e-04trmiss40_trlocglobal,53,0.6295969386895498,0.6825251579284668,0.6547619047619048,0.672839858582493,0.5555555555555556,0.0,0.0,0.0,0.0,0.0,0.0,0.0,0.0,0.0,,,,,18473,global,0.4
5,4,lr1e-05_bs32_modL1_fusion32_fusionL1_fusionBN0_drop0p2__wd1e-04trmiss40_trlocglobal,32,1e-05,0.0001,1,32,1,False,0.2,lr1e-05_bs32_modL1_fusion32_fusionL1_fusionBN0_drop0p2__wd1e-04trmiss40_trlocglobal,54,0.6367713908354441,0.6822787225246429,0.6587301587301588,0.6949362756517361,0.5555555555555556,0.0,0.0,0.0,0.0,0.0,0.0,0.0,0.0,0.0,,,,,18473,global,0.4
5,4,lr1e-05_bs32_modL1_fusion32_fusionL1_fusionBN0_drop0p2__wd1e-04trmiss40_trlocglobal,32,1e-05,0.0001,1,32,1,False,0.2,lr1e-05_bs32_modL1_fusion32_fusionL1_fusionBN0_drop0p2__wd1e-04trmiss40_trlocglobal,55,0.6299007137616476,0.6833566427230835,0.6488095238095238,0.6797039140756693,0.5333333333333333,0.0,0.0,0.0,0.0,0.0,0.0,0.0,0.0,0.0,,,,,18473,global,0.4
5,4,lr1e-05_bs32_modL1_fusion32_fusionL1_fusionBN0_drop0p2__wd1e-04trmiss40_trlocglobal,32,1e-05,0.0001,1,32,1,False,0.2,lr1e-05_bs32_modL1_fusion32_fusionL1_fusionBN0_drop0p2__wd1e-04trmiss40_trlocglobal,56,0.6314820547898611,0.6833580732345581,0.6507936507936508,0.6856911968092756,0.5333333333333333,0.0,0.0,0.0,0.0,0.0,0.0,0.0,0.0,0.0,,,,,18473,global,0.4
5,4,lr1e-05_bs32_modL1_fusion32_fusionL1_fusionBN0_drop0p2__wd1e-04trmiss40_trlocglobal,32,1e-05,0.0001,1,32,1,False,0.2,lr1e-05_bs32_modL1_fusion32_fusionL1_fusionBN0_drop0p2__wd1e-04trmiss40_trlocglobal,57,0.6392088333765665,0.6831961274147034,0.6567460317460317,0.6588309608312511,0.5333333333333333,0.0,0.0,0.0,0.0,0.0,0.0,0.0,0.0,0.0,,,,,18473,global,0.4
5,4,lr1e-05_bs32_modL1_fusion32_fusionL1_fusionBN0_drop0p2__wd1e-04trmiss40_trlocglobal,32,1e-05,0.0001,1,32,1,False,0.2,lr1e-05_bs32_modL1_fusion32_fusionL1_fusionBN0_drop0p2__wd1e-04trmiss40_trlocglobal,58,0.6230767865975698,0.682688981294632,0.6626984126984128,0.696793923794214,0.5555555555555556,0.0,0.0,0.0,0.0,0.0,0.0,0.0,0.0,0.0,,,,,18473,global,0.4
5,4,lr1e-05_bs32_modL1_fusion32_fusionL1_fusionBN0_drop0p2__wd1e-04trmiss40_trlocglobal,32,1e-05,0.0001,1,32,1,False,0.2,lr1e-05_bs32_modL1_fusion32_fusionL1_fusionBN0_drop0p2__wd1e-04trmiss40_trlocglobal,59,0.6273998916149139,0.6823991537094116,0.6567460317460319,0.6594053506921467,0.5333333333333333,0.0,0.0,0.0,0.0,0.0,0.0,0.0,0.0,0.0,,,,,18473,global,0.4
5,4,lr1e-05_bs32_modL1_fusion32_fusionL1_fusionBN0_drop0p2__wd1e-04trmiss40_trlocglobal,32,1e-05,0.0001,1,32,1,False,0.2,lr1e-05_bs32_modL1_fusion32_fusionL1_fusionBN0_drop0p2__wd1e-04trmiss40_trlocglobal,60,0.6321355501810709,0.6819291710853577,0.6567460317460317,0.6923621388384689,0.5333333333333333,0.0,0.0,0.0,0.0,0.0,0.0,0.0,0.0,0.0,,,,,18473,global,0.4
5,4,lr1e-05_bs32_modL1_fusion32_fusionL1_fusionBN0_drop0p2__wd1e-04trmiss40_trlocglobal,32,1e-05,0.0001,1,32,1,False,0.2,lr1e-05_bs32_modL1_fusion32_fusionL1_fusionBN0_drop0p2__wd1e-04trmiss40_trlocglobal,61,0.6369121770064036,0.682062953710556,0.6527777777777779,0.6579210896915375,0.5555555555555556,0.0,0.0,0.0,0.0,0.0,0.0,0.0,0.0,0.0,,,,,18473,global,0.4
5,4,lr1e-05_bs32_modL1_fusion32_fusionL1_fusionBN0_drop0p2__wd1e-04trmiss40_trlocglobal,32,1e-05,0.0001,1,32,1,False,0.2,lr1e-05_bs32_modL1_fusion32_fusionL1_fusionBN0_drop0p2__wd1e-04trmiss40_trlocglobal,62,0.6278672814369202,0.6824986040592194,0.6468253968253969,0.6529140868904171,0.5333333333333333,0.0,0.0,0.0,0.0,0.0,0.0,0.0,0.0,0.0,,,,,18473,global,0.4
5,4,lr1e-05_bs32_modL1_fusion32_fusionL1_fusionBN0_drop0p2__wd1e-04trmiss40_trlocglobal,32,1e-05,0.0001,1,32,1,False,0.2,lr1e-05_bs32_modL1_fusion32_fusionL1_fusionBN0_drop0p2__wd1e-04trmiss40_trlocglobal,63,0.6246862610181173,0.681846559047699,0.6547619047619049,0.6810259940464418,0.5555555555555556,0.0,0.0,0.0,0.0,0.0,0.0,0.0,0.0,0.0,,,,,18473,global,0.4
5,4,lr1e-05_bs32_modL1_fusion32_fusionL1_fusionBN0_drop0p2__wd1e-04trmiss40_trlocglobal,32,1e-05,0.0001,1,32,1,False,0.2,lr1e-05_bs32_modL1_fusion32_fusionL1_fusionBN0_drop0p2__wd1e-04trmiss40_trlocglobal,64,0.6262840529282888,0.6820073127746582,0.6567460317460317,0.6914572360049014,0.5555555555555556,0.0,0.0,0.0,0.0,0.0,0.0,0.0,0.0,0.0,,,,,18473,global,0.4
5,4,lr1e-05_bs32_modL1_fusion32_fusionL1_fusionBN0_drop0p2__wd1e-04trmiss40_trlocglobal,32,1e-05,0.0001,1,32,1,False,0.2,lr1e-05_bs32_modL1_fusion32_fusionL1_fusionBN0_drop0p2__wd1e-04trmiss40_trlocglobal,65,0.6226036846637726,0.6817398965358734,0.6587301587301588,0.6934320347627885,0.5555555555555556,0.0,0.0,0.0,0.0,0.0,0.0,0.0,0.0,0.0,,,,,18473,global,0.4
5,4,lr1e-05_bs32_modL1_fusion32_fusionL1_fusionBN0_drop0p2__wd1e-04trmiss40_trlocglobal,32,1e-05,0.0001,1,32,1,False,0.2,lr1e-05_bs32_modL1_fusion32_fusionL1_fusionBN0_drop0p2__wd1e-04trmiss40_trlocglobal,66,0.6337474981943766,0.6816343665122986,0.6567460317460319,0.7017956074645963,0.5555555555555556,0.0,0.0,0.0,0.0,0.0,0.0,0.0,0.0,0.0,,,,,18473,global,0.4
5,4,lr1e-05_bs32_modL1_fusion32_fusionL1_fusionBN0_drop0p2__wd1e-04trmiss40_trlocglobal,32,1e-05,0.0001,1,32,1,False,0.2,lr1e-05_bs32_modL1_fusion32_fusionL1_fusionBN0_drop0p2__wd1e-04trmiss40_trlocglobal,67,0.6197024583816528,0.6820359528064728,0.6587301587301588,0.6957129340105994,0.5777777777777777,0.0,0.0,0.0,0.0,0.0,0.0,0.0,0.0,0.0,,,,,18473,global,0.4
5,4,lr1e-05_bs32_modL1_fusion32_fusionL1_fusionBN0_drop0p2__wd1e-04trmiss40_trlocglobal,32,1e-05,0.0001,1,32,1,False,0.2,lr1e-05_bs32_modL1_fusion32_fusionL1_fusionBN0_drop0p2__wd1e-04trmiss40_trlocglobal,68,0.6251819431781769,0.6823234260082245,0.6547619047619048,0.6602597992518633,0.5555555555555556,0.0,0.0,0.0,0.0,0.0,0.0,0.0,0.0,0.0,,,,,18473,global,0.4
5,4,lr1e-05_bs32_modL1_fusion32_fusionL1_fusionBN0_drop0p2__wd1e-04trmiss40_trlocglobal,32,1e-05,0.0001,1,32,1,False,0.2,lr1e-05_bs32_modL1_fusion32_fusionL1_fusionBN0_drop0p2__wd1e-04trmiss40_trlocglobal,69,0.6322503884633383,0.681551605463028,0.6646825396825398,0.7052253970883839,0.5555555555555556,0.0,0.0,0.0,0.0,0.0,0.0,0.0,0.0,0.0,,,,,18473,global,0.4
5,4,lr1e-05_bs32_modL1_fusion32_fusionL1_fusionBN0_drop0p2__wd1e-04trmiss40_trlocglobal,32,1e-05,0.0001,1,32,1,False,0.2,lr1e-05_bs32_modL1_fusion32_fusionL1_fusionBN0_drop0p2__wd1e-04trmiss40_trlocglobal,70,0.6316665609677633,0.6817821264266968,0.6567460317460317,0.6995881164124036,0.5555555555555556,0.0,0.0,0.0,0.0,0.0,0.0,0.0,0.0,0.0,,,,,18473,global,0.4
5,4,lr1e-05_bs32_modL1_fusion32_fusionL1_fusionBN0_drop0p2__wd1e-04trmiss40_trlocglobal,32,1e-05,0.0001,1,32,1,False,0.2,lr1e-05_bs32_modL1_fusion32_fusionL1_fusionBN0_drop0p2__wd1e-04trmiss40_trlocglobal,71,0.6264724433422089,0.6818268597126007,0.6567460317460317,0.69824713325202,0.5333333333333333,0.0,0.0,0.0,0.0,0.0,0.0,0.0,0.0,0.0,,,,,18473,global,0.4
5,4,lr1e-05_bs32_modL1_fusion32_fusionL1_fusionBN0_drop0p2__wd1e-04trmiss40_trlocglobal,32,1e-05,0.0001,1,32,1,False,0.2,lr1e-05_bs32_modL1_fusion32_fusionL1_fusionBN0_drop0p2__wd1e-04trmiss40_trlocglobal,72,0.633811742067337,0.6812304258346558,0.6547619047619049,0.6962876330760105,0.5333333333333333,0.0,0.0,0.0,0.0,0.0,0.0,0.0,0.0,0.0,,,,,18473,global,0.4
5,4,lr1e-05_bs32_modL1_fusion32_fusionL1_fusionBN0_drop0p2__wd1e-04trmiss40_trlocglobal,32,1e-05,0.0001,1,32,1,False,0.2,lr1e-05_bs32_modL1_fusion32_fusionL1_fusionBN0_drop0p2__wd1e-04trmiss40_trlocglobal,73,0.6320933302243551,0.6810948848724365,0.6547619047619049,0.7005685580356001,0.5555555555555556,0.0,0.0,0.0,0.0,0.0,0.0,0.0,0.0,0.0,,,,,18473,global,0.4
5,4,lr1e-05_bs32_modL1_fusion32_fusionL1_fusionBN0_drop0p2__wd1e-04trmiss40_trlocglobal,32,1e-05,0.0001,1,32,1,False,0.2,lr1e-05_bs32_modL1_fusion32_fusionL1_fusionBN0_drop0p2__wd1e-04trmiss40_trlocglobal,74,0.6282680630683899,0.6817013919353485,0.6507936507936508,0.6978684729970862,0.5333333333333333,0.0,0.0,0.0,0.0,0.0,0.0,0.0,0.0,0.0,,,,,18473,global,0.4
5,4,lr1e-05_bs32_modL1_fusion32_fusionL1_fusionBN0_drop0p2__wd1e-04trmiss40_trlocglobal,32,1e-05,0.0001,1,32,1,False,0.2,lr1e-05_bs32_modL1_fusion32_fusionL1_fusionBN0_drop0p2__wd1e-04trmiss40_trlocglobal,75,0.6345816155274709,0.6817379593849182,0.6507936507936508,0.6966694004193371,0.5333333333333333,0.0,0.0,0.0,0.0,0.0,0.0,0.0,0.0,0.0,,,,,18473,global,0.4
5,4,lr1e-05_bs32_modL1_fusion32_fusionL1_fusionBN0_drop0p2__wd1e-04trmiss40_trlocglobal,32,1e-05,0.0001,1,32,1,False,0.2,lr1e-05_bs32_modL1_fusion32_fusionL1_fusionBN0_drop0p2__wd1e-04trmiss40_trlocglobal,76,0.6295164922873179,0.6821054816246033,0.6567460317460317,0.7036023223543357,0.5555555555555556,0.0,0.0,0.0,0.0,0.0,0.0,0.0,0.0,0.0,,,,,18473,global,0.4
5,4,lr1e-05_bs32_modL1_fusion32_fusionL1_fusionBN0_drop0p2__wd1e-04trmiss40_trlocglobal,32,1e-05,0.0001,1,32,1,False,0.2,lr1e-05_bs32_modL1_fusion32_fusionL1_fusionBN0_drop0p2__wd1e-04trmiss40_trlocglobal,77,0.6272408068180084,0.6823009848594666,0.6547619047619048,0.6966196580771532,0.5555555555555556,0.0,0.0,0.0,0.0,0.0,0.0,0.0,0.0,0.0,,,,,18473,global,0.4
5,4,lr1e-05_bs32_modL1_fusion32_fusionL1_fusionBN0_drop0p2__wd1e-04trmiss40_trlocglobal,32,1e-05,0.0001,1,32,1,False,0.2,lr1e-05_bs32_modL1_fusion32_fusionL1_fusionBN0_drop0p2__wd1e-04trmiss40_trlocglobal,78,0.6276876429716746,0.6818227469921112,0.6547619047619048,0.6903579308982434,0.5555555555555556,0.0,0.0,0.0,0.0,0.0,0.0,0.0,0.0,0.0,,,,,18473,global,0.4
5,4,lr1e-05_bs32_modL1_fusion32_fusionL1_fusionBN0_drop0p2__wd1e-04trmiss40_trlocglobal,32,1e-05,0.0001,1,32,1,False,0.2,lr1e-05_bs32_modL1_fusion32_fusionL1_fusionBN0_drop0p2__wd1e-04trmiss40_trlocglobal,79,0.6243963042894999,0.6813621520996094,0.6547619047619048,0.6909166192858791,0.5555555555555556,0.0,0.0,0.0,0.0,0.0,0.0,0.0,0.0,0.0,,,,,18473,global,0.4
5,4,lr1e-05_bs32_modL1_fusion32_fusionL1_fusionBN0_drop0p2__wd1e-04trmiss40_trlocglobal,32,1e-05,0.0001,1,32,1,False,0.2,lr1e-05_bs32_modL1_fusion32_fusionL1_fusionBN0_drop0p2__wd1e-04trmiss40_trlocglobal,80,0.6216188768545786,0.6812794804573059,0.6607142857142857,0.695065741541619,0.5555555555555556,0.0,0.0,0.0,0.0,0.0,0.0,0.0,0.0,0.0,,,,,18473,global,0.4
5,4,lr1e-05_bs32_modL1_fusion32_fusionL1_fusionBN0_drop0p1__wd1e-04trmiss40_trlocglobal,32,1e-05,0.0001,1,32,1,False,0.1,lr1e-05_bs32_modL1_fusion32_fusionL1_fusionBN0_drop0p1__wd1e-04trmiss40_trlocglobal,1,0.6883334815502167,0.6920916736125946,0.5615079365079365,0.6530294212547877,0.5333333333333333,0.0,0.0,0.0,0.0,0.0,0.0,0.0,0.0,0.0,,,,,18473,global,0.4
5,4,lr1e-05_bs32_modL1_fusion32_fusionL1_fusionBN0_drop0p1__wd1e-04trmiss40_trlocglobal,32,1e-05,0.0001,1,32,1,False,0.1,lr1e-05_bs32_modL1_fusion32_fusionL1_fusionBN0_drop0p1__wd1e-04trmiss40_trlocglobal,2,0.6868038773536682,0.6910889744758606,0.5694444444444445,0.6559198374710834,0.5333333333333333,0.0,0.0,0.0,0.0,0.0,0.0,0.0,0.0,0.0,,,,,18473,global,0.4
5,4,lr1e-05_bs32_modL1_fusion32_fusionL1_fusionBN0_drop0p1__wd1e-04trmiss40_trlocglobal,32,1e-05,0.0001,1,32,1,False,0.1,lr1e-05_bs32_modL1_fusion32_fusionL1_fusionBN0_drop0p1__wd1e-04trmiss40_trlocglobal,3,0.6866716841856638,0.6907590627670288,0.5615079365079365,0.6504072898943911,0.5333333333333333,0.0,0.0,0.0,0.0,0.0,0.0,0.0,0.0,0.0,,,,,18473,global,0.4
5,4,lr1e-05_bs32_modL1_fusion32_fusionL1_fusionBN0_drop0p1__wd1e-04trmiss40_trlocglobal,32,1e-05,0.0001,1,32,1,False,0.1,lr1e-05_bs32_modL1_fusion32_fusionL1_fusionBN0_drop0p1__wd1e-04trmiss40_trlocglobal,4,0.6860388219356537,0.6905570924282074,0.5674603174603174,0.6540979672044583,0.5555555555555556,0.0,0.0,0.0,0.0,0.0,0.0,0.0,0.0,0.0,,,,,18473,global,0.4
5,4,lr1e-05_bs32_modL1_fusion32_fusionL1_fusionBN0_drop0p1__wd1e-04trmiss40_trlocglobal,32,1e-05,0.0001,1,32,1,False,0.1,lr1e-05_bs32_modL1_fusion32_fusionL1_fusionBN0_drop0p1__wd1e-04trmiss40_trlocglobal,5,0.6818869610627493,0.6909356415271759,0.5634920634920635,0.6479141047705959,0.5555555555555556,0.0,0.0,0.0,0.0,0.0,0.0,0.0,0.0,0.0,,,,,18473,global,0.4
5,4,lr1e-05_bs32_modL1_fusion32_fusionL1_fusionBN0_drop0p1__wd1e-04trmiss40_trlocglobal,32,1e-05,0.0001,1,32,1,False,0.1,lr1e-05_bs32_modL1_fusion32_fusionL1_fusionBN0_drop0p1__wd1e-04trmiss40_trlocglobal,6,0.6775138278802236,0.6910485923290253,0.5674603174603174,0.6496311377376288,0.5555555555555556,0.0,0.0,0.0,0.0,0.0,0.0,0.0,0.0,0.0,,,,,18473,global,0.4
5,4,lr1e-05_bs32_modL1_fusion32_fusionL1_fusionBN0_drop0p1__wd1e-04trmiss40_trlocglobal,32,1e-05,0.0001,1,32,1,False,0.1,lr1e-05_bs32_modL1_fusion32_fusionL1_fusionBN0_drop0p1__wd1e-04trmiss40_trlocglobal,7,0.6784747838973999,0.6912453174591064,0.5654761904761905,0.6480346652529985,0.5555555555555556,0.0,0.0,0.0,0.0,0.0,0.0,0.0,0.0,0.0,,,,,18473,global,0.4
5,4,lr1e-05_bs32_modL1_fusion32_fusionL1_fusionBN0_drop0p1__wd1e-04trmiss40_trlocglobal,32,1e-05,0.0001,1,32,1,False,0.1,lr1e-05_bs32_modL1_fusion32_fusionL1_fusionBN0_drop0p1__wd1e-04trmiss40_trlocglobal,8,0.6690868039925894,0.6912015378475189,0.5634920634920635,0.648251426461139,0.5555555555555556,0.0,0.0,0.0,0.0,0.0,0.0,0.0,0.0,0.0,,,,,18473,global,0.4
5,4,lr1e-05_bs32_modL1_fusion32_fusionL1_fusionBN0_drop0p1__wd1e-04trmiss40_trlocglobal,32,1e-05,0.0001,1,32,1,False,0.1,lr1e-05_bs32_modL1_fusion32_fusionL1_fusionBN0_drop0p1__wd1e-04trmiss40_trlocglobal,9,0.6741146345933279,0.6910536289215088,0.5634920634920635,0.6481277991157904,0.5555555555555556,0.0,0.0,0.0,0.0,0.0,0.0,0.0,0.0,0.0,,,,,18473,global,0.4
5,4,lr1e-05_bs32_modL1_fusion32_fusionL1_fusionBN0_drop0p1__wd1e-04trmiss40_trlocglobal,32,1e-05,0.0001,1,32,1,False,0.1,lr1e-05_bs32_modL1_fusion32_fusionL1_fusionBN0_drop0p1__wd1e-04trmiss40_trlocglobal,10,0.6673930784066519,0.6910433173179626,0.5615079365079365,0.647488984081939,0.5555555555555556,0.0,0.0,0.0,0.0,0.0,0.0,0.0,0.0,0.0,,,,,18473,global,0.4
5,4,lr1e-05_bs32_modL1_fusion32_fusionL1_fusionBN0_drop0p1__wd1e-04trmiss40_trlocglobal,32,1e-05,0.0001,1,32,1,False,0.1,lr1e-05_bs32_modL1_fusion32_fusionL1_fusionBN0_drop0p1__wd1e-04trmiss40_trlocglobal,11,0.6682933767636617,0.6904304623603821,0.5634920634920635,0.6500411474203927,0.5555555555555556,0.0,0.0,0.0,0.0,0.0,0.0,0.0,0.0,0.0,,,,,18473,global,0.4
5,4,lr1e-05_bs32_modL1_fusion32_fusionL1_fusionBN0_drop0p1__wd1e-04trmiss40_trlocglobal,32,1e-05,0.0001,1,32,1,False,0.1,lr1e-05_bs32_modL1_fusion32_fusionL1_fusionBN0_drop0p1__wd1e-04trmiss40_trlocglobal,12,0.668728639682134,0.6909314095973969,0.5634920634920635,0.6507699325241778,0.5555555555555556,0.0,0.0,0.0,0.0,0.0,0.0,0.0,0.0,0.0,,,,,18473,global,0.4
5,4,lr1e-05_bs32_modL1_fusion32_fusionL1_fusionBN0_drop0p1__wd1e-04trmiss40_trlocglobal,32,1e-05,0.0001,1,32,1,False,0.1,lr1e-05_bs32_modL1_fusion32_fusionL1_fusionBN0_drop0p1__wd1e-04trmiss40_trlocglobal,13,0.6732953687508901,0.6909481287002563,0.5634920634920635,0.6588752336575268,0.5555555555555556,0.0,0.0,0.0,0.0,0.0,0.0,0.0,0.0,0.0,,,,,18473,global,0.4
5,4,lr1e-05_bs32_modL1_fusion32_fusionL1_fusionBN0_drop0p1__wd1e-04trmiss40_trlocglobal,32,1e-05,0.0001,1,32,1,False,0.1,lr1e-05_bs32_modL1_fusion32_fusionL1_fusionBN0_drop0p1__wd1e-04trmiss40_trlocglobal,14,0.6663928131262461,0.6906554102897644,0.5714285714285714,0.6569970372342664,0.5555555555555556,0.0,0.0,0.0,0.0,0.0,0.0,0.0,0.0,0.0,,,,,18473,global,0.4
5,4,lr1e-05_bs32_modL1_fusion32_fusionL1_fusionBN0_drop0p1__wd1e-04trmiss40_trlocglobal,32,1e-05,0.0001,1,32,1,False,0.1,lr1e-05_bs32_modL1_fusion32_fusionL1_fusionBN0_drop0p1__wd1e-04trmiss40_trlocglobal,15,0.6624761521816254,0.6905582845211029,0.5734126984126984,0.6576678074362866,0.5555555555555556,0.0,0.0,0.0,0.0,0.0,0.0,0.0,0.0,0.0,,,,,18473,global,0.4
5,4,lr1e-05_bs32_modL1_fusion32_fusionL1_fusionBN0_drop0p1__wd1e-04trmiss40_trlocglobal,32,1e-05,0.0001,1,32,1,False,0.1,lr1e-05_bs32_modL1_fusion32_fusionL1_fusionBN0_drop0p1__wd1e-04trmiss40_trlocglobal,16,0.6638720631599426,0.6900332868099213,0.5753968253968254,0.664094106831336,0.5555555555555556,0.0,0.0,0.0,0.0,0.0,0.0,0.0,0.0,0.0,,,,,18473,global,0.4
5,4,lr1e-05_bs32_modL1_fusion32_fusionL1_fusionBN0_drop0p1__wd1e-04trmiss40_trlocglobal,32,1e-05,0.0001,1,32,1,False,0.1,lr1e-05_bs32_modL1_fusion32_fusionL1_fusionBN0_drop0p1__wd1e-04trmiss40_trlocglobal,17,0.6659619510173798,0.6898624897003174,0.5753968253968255,0.6601889537793174,0.5777777777777777,0.0,0.0,0.0,0.0,0.0,0.0,0.0,0.0,0.0,,,,,18473,global,0.4
5,4,lr1e-05_bs32_modL1_fusion32_fusionL1_fusionBN0_drop0p1__wd1e-04trmiss40_trlocglobal,32,1e-05,0.0001,1,32,1,False,0.1,lr1e-05_bs32_modL1_fusion32_fusionL1_fusionBN0_drop0p1__wd1e-04trmiss40_trlocglobal,18,0.6647543708483378,0.689651221036911,0.5773809523809523,0.6673394421798059,0.6,0.0,0.0,0.0,0.0,0.0,0.0,0.0,0.0,0.0,,,,,18473,global,0.4
5,4,lr1e-05_bs32_modL1_fusion32_fusionL1_fusionBN0_drop0p1__wd1e-04trmiss40_trlocglobal,32,1e-05,0.0001,1,32,1,False,0.1,lr1e-05_bs32_modL1_fusion32_fusionL1_fusionBN0_drop0p1__wd1e-04trmiss40_trlocglobal,19,0.6595247785250345,0.6897684037685394,0.5813492063492063,0.6719439107788396,0.6,0.0,0.0,0.0,0.0,0.0,0.0,0.0,0.0,0.0,,,,,18473,global,0.4
5,4,lr1e-05_bs32_modL1_fusion32_fusionL1_fusionBN0_drop0p1__wd1e-04trmiss40_trlocglobal,32,1e-05,0.0001,1,32,1,False,0.1,lr1e-05_bs32_modL1_fusion32_fusionL1_fusionBN0_drop0p1__wd1e-04trmiss40_trlocglobal,20,0.6590482791264852,0.6897523999214172,0.5833333333333334,0.6725315176164466,0.6,0.0,0.0,0.0,0.0,0.0,0.0,0.0,0.0,0.0,,,,,18473,global,0.4
5,4,lr1e-05_bs32_modL1_fusion32_fusionL1_fusionBN0_drop0p1__wd1e-04trmiss40_trlocglobal,32,1e-05,0.0001,1,32,1,False,0.1,lr1e-05_bs32_modL1_fusion32_fusionL1_fusionBN0_drop0p1__wd1e-04trmiss40_trlocglobal,21,0.6582106252511343,0.6903374195098877,0.5813492063492064,0.6752759501163138,0.6,0.0,0.0,0.0,0.0,0.0,0.0,0.0,0.0,0.0,,,,,18473,global,0.4
5,4,lr1e-05_bs32_modL1_fusion32_fusionL1_fusionBN0_drop0p1__wd1e-04trmiss40_trlocglobal,32,1e-05,0.0001,1,32,1,False,0.1,lr1e-05_bs32_modL1_fusion32_fusionL1_fusionBN0_drop0p1__wd1e-04trmiss40_trlocglobal,22,0.6616264084974924,0.6896586418151855,0.5873015873015873,0.6797736712298885,0.6,0.0,0.0,0.0,0.0,0.0,0.0,0.0,0.0,0.0,,,,,18473,global,0.4
5,4,lr1e-05_bs32_modL1_fusion32_fusionL1_fusionBN0_drop0p1__wd1e-04trmiss40_trlocglobal,32,1e-05,0.0001,1,32,1,False,0.1,lr1e-05_bs32_modL1_fusion32_fusionL1_fusionBN0_drop0p1__wd1e-04trmiss40_trlocglobal,23,0.660932312409083,0.6894906461238861,0.5892857142857143,0.6809059176067002,0.6,0.0,0.0,0.0,0.0,0.0,0.0,0.0,0.0,0.0,,,,,18473,global,0.4
5,4,lr1e-05_bs32_modL1_fusion32_fusionL1_fusionBN0_drop0p1__wd1e-04trmiss40_trlocglobal,32,1e-05,0.0001,1,32,1,False,0.1,lr1e-05_bs32_modL1_fusion32_fusionL1_fusionBN0_drop0p1__wd1e-04trmiss40_trlocglobal,24,0.6539872686068217,0.6888375878334045,0.5932539682539683,0.6847342651850478,0.6,0.0,0.0,0.0,0.0,0.0,0.0,0.0,0.0,0.0,,,,,18473,global,0.4
5,4,lr1e-05_bs32_modL1_fusion32_fusionL1_fusionBN0_drop0p1__wd1e-04trmiss40_trlocglobal,32,1e-05,0.0001,1,32,1,False,0.1,lr1e-05_bs32_modL1_fusion32_fusionL1_fusionBN0_drop0p1__wd1e-04trmiss40_trlocglobal,25,0.6556837459405264,0.6894644796848297,0.5952380952380952,0.6853186147785437,0.6,0.0,0.0,0.0,0.0,0.0,0.0,0.0,0.0,0.0,,,,,18473,global,0.4
5,4,lr1e-05_bs32_modL1_fusion32_fusionL1_fusionBN0_drop0p1__wd1e-04trmiss40_trlocglobal,32,1e-05,0.0001,1,32,1,False,0.1,lr1e-05_bs32_modL1_fusion32_fusionL1_fusionBN0_drop0p1__wd1e-04trmiss40_trlocglobal,26,0.6525311966737112,0.6891883015632629,0.5932539682539683,0.687652944734162,0.5777777777777777,0.0,0.0,0.0,0.0,0.0,0.0,0.0,0.0,0.0,,,,,18473,global,0.4
5,4,lr1e-05_bs32_modL1_fusion32_fusionL1_fusionBN0_drop0p1__wd1e-04trmiss40_trlocglobal,32,1e-05,0.0001,1,32,1,False,0.1,lr1e-05_bs32_modL1_fusion32_fusionL1_fusionBN0_drop0p1__wd1e-04trmiss40_trlocglobal,27,0.6504706044991811,0.6892653703689575,0.5892857142857143,0.6852104295199077,0.5777777777777777,0.0,0.0,0.0,0.0,0.0,0.0,0.0,0.0,0.0,,,,,18473,global,0.4
5,4,lr1e-05_bs32_modL1_fusion32_fusionL1_fusionBN0_drop0p1__wd1e-04trmiss40_trlocglobal,32,1e-05,0.0001,1,32,1,False,0.1,lr1e-05_bs32_modL1_fusion32_fusionL1_fusionBN0_drop0p1__wd1e-04trmiss40_trlocglobal,28,0.6493068734804789,0.6891615986824036,0.5932539682539683,0.6861005421909059,0.6,0.0,0.0,0.0,0.0,0.0,0.0,0.0,0.0,0.0,,,,,18473,global,0.4
5,4,lr1e-05_bs32_modL1_fusion32_fusionL1_fusionBN0_drop0p1__wd1e-04trmiss40_trlocglobal,32,1e-05,0.0001,1,32,1,False,0.1,lr1e-05_bs32_modL1_fusion32_fusionL1_fusionBN0_drop0p1__wd1e-04trmiss40_trlocglobal,29,0.6459077298641205,0.6891881227493286,0.5972222222222223,0.6901011711915348,0.6,0.0,0.0,0.0,0.0,0.0,0.0,0.0,0.0,0.0,,,,,18473,global,0.4
5,4,lr1e-05_bs32_modL1_fusion32_fusionL1_fusionBN0_drop0p1__wd1e-04trmiss40_trlocglobal,32,1e-05,0.0001,1,32,1,False,0.1,lr1e-05_bs32_modL1_fusion32_fusionL1_fusionBN0_drop0p1__wd1e-04trmiss40_trlocglobal,30,0.6481765906016032,0.6888562440872192,0.5932539682539683,0.6865610626383079,0.5777777777777777,0.0,0.0,0.0,0.0,0.0,0.0,0.0,0.0,0.0,,,,,18473,global,0.4
5,4,lr1e-05_bs32_modL1_fusion32_fusionL1_fusionBN0_drop0p1__wd1e-04trmiss40_trlocglobal,32,1e-05,0.0001,1,32,1,False,0.1,lr1e-05_bs32_modL1_fusion32_fusionL1_fusionBN0_drop0p1__wd1e-04trmiss40_trlocglobal,31,0.6509879926840464,0.6891228258609772,0.5912698412698413,0.6849468910752872,0.5777777777777777,0.0,0.0,0.0,0.0,0.0,0.0,0.0,0.0,0.0,,,,,18473,global,0.4
5,4,lr1e-05_bs32_modL1_fusion32_fusionL1_fusionBN0_drop0p1__wd1e-04trmiss40_trlocglobal,32,1e-05,0.0001,1,32,1,False,0.1,lr1e-05_bs32_modL1_fusion32_fusionL1_fusionBN0_drop0p1__wd1e-04trmiss40_trlocglobal,32,0.6444444159666697,0.6888502240180969,0.5952380952380952,0.6868668257158101,0.6,0.0,0.0,0.0,0.0,0.0,0.0,0.0,0.0,0.0,,,,,18473,global,0.4
5,4,lr1e-05_bs32_modL1_fusion32_fusionL1_fusionBN0_drop0p1__wd1e-04trmiss40_trlocglobal,32,1e-05,0.0001,1,32,1,False,0.1,lr1e-05_bs32_modL1_fusion32_fusionL1_fusionBN0_drop0p1__wd1e-04trmiss40_trlocglobal,33,0.6488739748795828,0.6891521513462067,0.5972222222222222,0.687495132594117,0.6,0.0,0.0,0.0,0.0,0.0,0.0,0.0,0.0,0.0,,,,,18473,global,0.4
5,4,lr1e-05_bs32_modL1_fusion32_fusionL1_fusionBN0_drop0p1__wd1e-04trmiss40_trlocglobal,32,1e-05,0.0001,1,32,1,False,0.1,lr1e-05_bs32_modL1_fusion32_fusionL1_fusionBN0_drop0p1__wd1e-04trmiss40_trlocglobal,34,0.6452295382817587,0.6889908313751221,0.5952380952380952,0.6946565094963475,0.5777777777777777,0.0,0.0,0.0,0.0,0.0,0.0,0.0,0.0,0.0,,,,,18473,global,0.4
5,4,lr1e-05_bs32_modL1_fusion32_fusionL1_fusionBN0_drop0p1__wd1e-04trmiss40_trlocglobal,32,1e-05,0.0001,1,32,1,False,0.1,lr1e-05_bs32_modL1_fusion32_fusionL1_fusionBN0_drop0p1__wd1e-04trmiss40_trlocglobal,35,0.6402191321055094,0.6887422204017639,0.5992063492063491,0.6973808684707065,0.5777777777777777,0.0,0.0,0.0,0.0,0.0,0.0,0.0,0.0,0.0,,,,,18473,global,0.4
5,4,lr1e-05_bs32_modL1_fusion32_fusionL1_fusionBN0_drop0p1__wd1e-04trmiss40_trlocglobal,32,1e-05,0.0001,1,32,1,False,0.1,lr1e-05_bs32_modL1_fusion32_fusionL1_fusionBN0_drop0p1__wd1e-04trmiss40_trlocglobal,36,0.6456038852532705,0.6886445581912994,0.5992063492063491,0.6973808684707065,0.5777777777777777,0.0,0.0,0.0,0.0,0.0,0.0,0.0,0.0,0.0,,,,,18473,global,0.4
5,4,lr1e-05_bs32_modL1_fusion32_fusionL1_fusionBN0_drop0p1__wd1e-04trmiss40_trlocglobal,32,1e-05,0.0001,1,32,1,False,0.1,lr1e-05_bs32_modL1_fusion32_fusionL1_fusionBN0_drop0p1__wd1e-04trmiss40_trlocglobal,37,0.6327991386254629,0.6884423196315765,0.5992063492063492,0.6968123853896305,0.5777777777777777,0.0,0.0,0.0,0.0,0.0,0.0,0.0,0.0,0.0,,,,,18473,global,0.4
5,4,lr1e-05_bs32_modL1_fusion32_fusionL1_fusionBN0_drop0p1__wd1e-04trmiss40_trlocglobal,32,1e-05,0.0001,1,32,1,False,0.1,lr1e-05_bs32_modL1_fusion32_fusionL1_fusionBN0_drop0p1__wd1e-04trmiss40_trlocglobal,38,0.6413738131523132,0.688342273235321,0.5952380952380952,0.6946158094556474,0.5777777777777777,0.0,0.0,0.0,0.0,0.0,0.0,0.0,0.0,0.0,,,,,18473,global,0.4
5,4,lr1e-05_bs32_modL1_fusion32_fusionL1_fusionBN0_drop0p1__wd1e-04trmiss40_trlocglobal,32,1e-05,0.0001,1,32,1,False,0.1,lr1e-05_bs32_modL1_fusion32_fusionL1_fusionBN0_drop0p1__wd1e-04trmiss40_trlocglobal,39,0.6433455248673757,0.6887190937995911,0.5932539682539683,0.6872663955844944,0.6,0.0,0.0,0.0,0.0,0.0,0.0,0.0,0.0,0.0,,,,,18473,global,0.4
5,4,lr1e-05_bs32_modL1_fusion32_fusionL1_fusionBN0_drop0p1__wd1e-04trmiss40_trlocglobal,32,1e-05,0.0001,1,32,1,False,0.1,lr1e-05_bs32_modL1_fusion32_fusionL1_fusionBN0_drop0p1__wd1e-04trmiss40_trlocglobal,40,0.6469298998514811,0.688788652420044,0.5932539682539683,0.6872663955844944,0.6,0.0,0.0,0.0,0.0,0.0,0.0,0.0,0.0,0.0,,,,,18473,global,0.4
5,4,lr1e-05_bs32_modL1_fusion32_fusionL1_fusionBN0_drop0p1__wd1e-04trmiss40_trlocglobal,32,1e-05,0.0001,1,32,1,False,0.1,lr1e-05_bs32_modL1_fusion32_fusionL1_fusionBN0_drop0p1__wd1e-04trmiss40_trlocglobal,41,0.6389758984247843,0.688480943441391,0.5912698412698413,0.6926966932561714,0.6,0.0,0.0,0.0,0.0,0.0,0.0,0.0,0.0,0.0,,,,,18473,global,0.4
5,4,lr1e-05_bs32_modL1_fusion32_fusionL1_fusionBN0_drop0p1__wd1e-04trmiss40_trlocglobal,32,1e-05,0.0001,1,32,1,False,0.1,lr1e-05_bs32_modL1_fusion32_fusionL1_fusionBN0_drop0p1__wd1e-04trmiss40_trlocglobal,42,0.6434913575649261,0.6886315941810608,0.5932539682539683,0.6932810428496674,0.6,0.0,0.0,0.0,0.0,0.0,0.0,0.0,0.0,0.0,,,,,18473,global,0.4
5,4,lr1e-05_bs32_modL1_fusion32_fusionL1_fusionBN0_drop0p1__wd1e-04trmiss40_trlocglobal,32,1e-05,0.0001,1,32,1,False,0.1,lr1e-05_bs32_modL1_fusion32_fusionL1_fusionBN0_drop0p1__wd1e-04trmiss40_trlocglobal,43,0.6416233976682028,0.6890782117843628,0.5952380952380952,0.6954177949864195,0.6,0.0,0.0,0.0,0.0,0.0,0.0,0.0,0.0,0.0,,,,,18473,global,0.4
5,4,lr1e-05_bs32_modL1_fusion32_fusionL1_fusionBN0_drop0p1__wd1e-04trmiss40_trlocglobal,32,1e-05,0.0001,1,32,1,False,0.1,lr1e-05_bs32_modL1_fusion32_fusionL1_fusionBN0_drop0p1__wd1e-04trmiss40_trlocglobal,44,0.6331183115641276,0.6888759136199951,0.5912698412698413,0.6942031932920832,0.6,0.0,0.0,0.0,0.0,0.0,0.0,0.0,0.0,0.0,,,,,18473,global,0.4
5,4,lr1e-05_bs32_modL1_fusion32_fusionL1_fusionBN0_drop0p1__wd1e-04trmiss40_trlocglobal,32,1e-05,0.0001,1,32,1,False,0.1,lr1e-05_bs32_modL1_fusion32_fusionL1_fusionBN0_drop0p1__wd1e-04trmiss40_trlocglobal,45,0.6392357647418976,0.6890129745006561,0.5892857142857143,0.6843633599228381,0.6,0.0,0.0,0.0,0.0,0.0,0.0,0.0,0.0,0.0,,,,,18473,global,0.4
5,4,lr1e-05_bs32_modL1_fusion32_fusionL1_fusionBN0_drop0p1__wd1e-04trmiss40_trlocglobal,32,1e-05,0.0001,1,32,1,False,0.1,lr1e-05_bs32_modL1_fusion32_fusionL1_fusionBN0_drop0p1__wd1e-04trmiss40_trlocglobal,46,0.6410233875115713,0.6892262101173401,0.5912698412698413,0.6865001120595903,0.6,0.0,0.0,0.0,0.0,0.0,0.0,0.0,0.0,0.0,,,,,18473,global,0.4
5,4,lr1e-05_bs32_modL1_fusion32_fusionL1_fusionBN0_drop0p1__wd1e-04trmiss40_trlocglobal,32,1e-05,0.0001,1,32,1,False,0.1,lr1e-05_bs32_modL1_fusion32_fusionL1_fusionBN0_drop0p1__wd1e-04trmiss40_trlocglobal,47,0.6361161371072134,0.6891650557518005,0.5912698412698413,0.6926966932561714,0.6,0.0,0.0,0.0,0.0,0.0,0.0,0.0,0.0,0.0,,,,,18473,global,0.4
5,4,lr1e-05_bs32_modL1_fusion32_fusionL1_fusionBN0_drop0p1__wd1e-04trmiss40_trlocglobal,32,1e-05,0.0001,1,32,1,False,0.1,lr1e-05_bs32_modL1_fusion32_fusionL1_fusionBN0_drop0p1__wd1e-04trmiss40_trlocglobal,48,0.6318881511688232,0.6888832747936249,0.5873015873015873,0.6914788343177243,0.6,0.0,0.0,0.0,0.0,0.0,0.0,0.0,0.0,0.0,,,,,18473,global,0.4
5,4,lr1e-05_bs32_modL1_fusion32_fusionL1_fusionBN0_drop0p1__wd1e-04trmiss40_trlocglobal,32,1e-05,0.0001,1,32,1,False,0.1,lr1e-05_bs32_modL1_fusion32_fusionL1_fusionBN0_drop0p1__wd1e-04trmiss40_trlocglobal,49,0.6416910489400228,0.6885087192058563,0.5912698412698413,0.6865001120595903,0.6,0.0,0.0,0.0,0.0,0.0,0.0,0.0,0.0,0.0,,,,,18473,global,0.4
5,4,lr1e-05_bs32_modL1_fusion32_fusionL1_fusionBN0_drop0p1__wd1e-04trmiss40_trlocglobal,32,1e-05,0.0001,1,32,1,False,0.1,lr1e-05_bs32_modL1_fusion32_fusionL1_fusionBN0_drop0p1__wd1e-04trmiss40_trlocglobal,50,0.640627384185791,0.6886275112628937,0.5892857142857143,0.6849285857598031,0.6,0.0,0.0,0.0,0.0,0.0,0.0,0.0,0.0,0.0,,,,,18473,global,0.4
5,4,lr1e-05_bs32_modL1_fusion32_fusionL1_fusionBN0_drop0p1__wd1e-04trmiss40_trlocglobal,32,1e-05,0.0001,1,32,1,False,0.1,lr1e-05_bs32_modL1_fusion32_fusionL1_fusionBN0_drop0p1__wd1e-04trmiss40_trlocglobal,51,0.6322448154290518,0.6883600056171417,0.5912698412698413,0.6947684191290482,0.6,0.0,0.0,0.0,0.0,0.0,0.0,0.0,0.0,0.0,,,,,18473,global,0.4
5,4,lr1e-05_bs32_modL1_fusion32_fusionL1_fusionBN0_drop0p1__wd1e-04trmiss40_trlocglobal,32,1e-05,0.0001,1,32,1,False,0.1,lr1e-05_bs32_modL1_fusion32_fusionL1_fusionBN0_drop0p1__wd1e-04trmiss40_trlocglobal,52,0.6420954863230387,0.6882668733596802,0.5932539682539683,0.695356025966655,0.6,0.0,0.0,0.0,0.0,0.0,0.0,0.0,0.0,0.0,,,,,18473,global,0.4
5,4,lr1e-05_bs32_modL1_fusion32_fusionL1_fusionBN0_drop0p1__wd1e-04trmiss40_trlocglobal,32,1e-05,0.0001,1,32,1,False,0.1,lr1e-05_bs32_modL1_fusion32_fusionL1_fusionBN0_drop0p1__wd1e-04trmiss40_trlocglobal,53,0.633510539929072,0.6883522272109985,0.5932539682539683,0.695356025966655,0.6,0.0,0.0,0.0,0.0,0.0,0.0,0.0,0.0,0.0,,,,,18473,global,0.4
5,4,lr1e-05_bs32_modL1_fusion32_fusionL1_fusionBN0_drop0p1__wd1e-04trmiss40_trlocglobal,32,1e-05,0.0001,1,32,1,False,0.1,lr1e-05_bs32_modL1_fusion32_fusionL1_fusionBN0_drop0p1__wd1e-04trmiss40_trlocglobal,54,0.6338068544864655,0.6890590488910675,0.5892857142857143,0.6936155864544764,0.6,0.0,0.0,0.0,0.0,0.0,0.0,0.0,0.0,0.0,,,,,18473,global,0.4
5,4,lr1e-05_bs32_modL1_fusion32_fusionL1_fusionBN0_drop0p1__wd1e-04trmiss40_trlocglobal,32,1e-05,0.0001,1,32,1,False,0.1,lr1e-05_bs32_modL1_fusion32_fusionL1_fusionBN0_drop0p1__wd1e-04trmiss40_trlocglobal,55,0.6297688186168671,0.6890267133712769,0.5873015873015873,0.6852385468274368,0.6,0.0,0.0,0.0,0.0,0.0,0.0,0.0,0.0,0.0,,,,,18473,global,0.4
5,4,lr1e-05_bs32_modL1_fusion32_fusionL1_fusionBN0_drop0p1__wd1e-04trmiss40_trlocglobal,32,1e-05,0.0001,1,32,1,False,0.1,lr1e-05_bs32_modL1_fusion32_fusionL1_fusionBN0_drop0p1__wd1e-04trmiss40_trlocglobal,56,0.63581383228302,0.6889632940292358,0.5873015873015873,0.6852385468274368,0.6,0.0,0.0,0.0,0.0,0.0,0.0,0.0,0.0,0.0,,,,,18473,global,0.4
5,4,lr1e-05_bs32_modL1_fusion32_fusionL1_fusionBN0_drop0p1__wd1e-04trmiss40_trlocglobal,32,1e-05,0.0001,1,32,1,False,0.1,lr1e-05_bs32_modL1_fusion32_fusionL1_fusionBN0_drop0p1__wd1e-04trmiss40_trlocglobal,57,0.6358194947242737,0.689500093460083,0.5853174603174603,0.68465093998983,0.6,0.0,0.0,0.0,0.0,0.0,0.0,0.0,0.0,0.0,,,,,18473,global,0.4
5,5,lr1e-04_bs32_modL1_fusion16_fusionL1_fusionBN0_drop0p2__wd1e-04trmiss40_trlocglobal,32,0.0001,0.0001,1,16,1,False,0.2,lr1e-04_bs32_modL1_fusion16_fusionL1_fusionBN0_drop0p2__wd1e-04trmiss40_trlocglobal,1,0.6954644322395325,0.701024740934372,0.4285714285714286,0.4893018704910432,0.5111111111111111,0.0,0.0,0.0,0.0,0.0,0.0,0.0,0.0,0.0,,,,,18473,global,0.4
5,5,lr1e-04_bs32_modL1_fusion16_fusionL1_fusionBN0_drop0p2__wd1e-04trmiss40_trlocglobal,32,0.0001,0.0001,1,16,1,False,0.2,lr1e-04_bs32_modL1_fusion16_fusionL1_fusionBN0_drop0p2__wd1e-04trmiss40_trlocglobal,2,0.6714920202891032,0.7019655406475067,0.46031746031746035,0.5041099695211267,0.5111111111111111,0.0,0.0,0.0,0.0,0.0,0.0,0.0,0.0,0.0,,,,,18473,global,0.4
5,5,lr1e-04_bs32_modL1_fusion16_fusionL1_fusionBN0_drop0p2__wd1e-04trmiss40_trlocglobal,32,0.0001,0.0001,1,16,1,False,0.2,lr1e-04_bs32_modL1_fusion16_fusionL1_fusionBN0_drop0p2__wd1e-04trmiss40_trlocglobal,3,0.6641480028629303,0.7036872804164886,0.4781746031746032,0.5060581479196079,0.5333333333333333,0.0,0.0,0.0,0.0,0.0,0.0,0.0,0.0,0.0,,,,,18473,global,0.4
5,5,lr1e-04_bs32_modL1_fusion16_fusionL1_fusionBN0_drop0p2__wd1e-04trmiss40_trlocglobal,32,0.0001,0.0001,1,16,1,False,0.2,lr1e-04_bs32_modL1_fusion16_fusionL1_fusionBN0_drop0p2__wd1e-04trmiss40_trlocglobal,4,0.6549492081006368,0.7036891281604767,0.48611111111111116,0.515253785984743,0.5777777777777777,0.0,0.0,0.0,0.0,0.0,0.0,0.0,0.0,0.0,,,,,18473,global,0.4
5,5,lr1e-04_bs32_modL1_fusion16_fusionL1_fusionBN0_drop0p2__wd1e-04trmiss40_trlocglobal,32,0.0001,0.0001,1,16,1,False,0.2,lr1e-04_bs32_modL1_fusion16_fusionL1_fusionBN0_drop0p2__wd1e-04trmiss40_trlocglobal,5,0.6438210010528564,0.7028094530105591,0.5158730158730159,0.526985835249666,0.6,0.0,0.0,0.0,0.0,0.0,0.0,0.0,0.0,0.0,,,,,18473,global,0.4
5,5,lr1e-04_bs32_modL1_fusion16_fusionL1_fusionBN0_drop0p2__wd1e-04trmiss40_trlocglobal,32,0.0001,0.0001,1,16,1,False,0.2,lr1e-04_bs32_modL1_fusion16_fusionL1_fusionBN0_drop0p2__wd1e-04trmiss40_trlocglobal,6,0.641892264286677,0.7018729746341705,0.5238095238095238,0.5273130481871473,0.6,0.0,0.0,0.0,0.0,0.0,0.0,0.0,0.0,0.0,,,,,18473,global,0.4
5,5,lr1e-04_bs32_modL1_fusion16_fusionL1_fusionBN0_drop0p2__wd1e-04trmiss40_trlocglobal,32,0.0001,0.0001,1,16,1,False,0.2,lr1e-04_bs32_modL1_fusion16_fusionL1_fusionBN0_drop0p2__wd1e-04trmiss40_trlocglobal,7,0.6373233795166016,0.7009320855140686,0.5218253968253969,0.5257414775934333,0.6,0.0,0.0,0.0,0.0,0.0,0.0,0.0,0.0,0.0,,,,,18473,global,0.4
5,5,lr1e-04_bs32_modL1_fusion16_fusionL1_fusionBN0_drop0p2__wd1e-04trmiss40_trlocglobal,32,0.0001,0.0001,1,16,1,False,0.2,lr1e-04_bs32_modL1_fusion16_fusionL1_fusionBN0_drop0p2__wd1e-04trmiss40_trlocglobal,8,0.6316412687301636,0.7019900977611542,0.5059523809523809,0.5185874949100358,0.5555555555555556,0.0,0.0,0.0,0.0,0.0,0.0,0.0,0.0,0.0,,,,,18473,global,0.4
5,5,lr1e-04_bs32_modL1_fusion16_fusionL1_fusionBN0_drop0p2__wd1e-04trmiss40_trlocglobal,32,0.0001,0.0001,1,16,1,False,0.2,lr1e-04_bs32_modL1_fusion16_fusionL1_fusionBN0_drop0p2__wd1e-04trmiss40_trlocglobal,9,0.6314771374066671,0.7022426724433899,0.5119047619047619,0.5234862887802019,0.5333333333333333,0.0,0.0,0.0,0.0,0.0,0.0,0.0,0.0,0.0,,,,,18473,global,0.4
5,5,lr1e-04_bs32_modL1_fusion16_fusionL1_fusionBN0_drop0p2__wd1e-04trmiss40_trlocglobal,32,0.0001,0.0001,1,16,1,False,0.2,lr1e-04_bs32_modL1_fusion16_fusionL1_fusionBN0_drop0p2__wd1e-04trmiss40_trlocglobal,10,0.6178393363952637,0.7027212083339691,0.5138888888888888,0.5263634392977743,0.5111111111111111,0.0,0.0,0.0,0.0,0.0,0.0,0.0,0.0,0.0,,,,,18473,global,0.4
5,5,lr1e-04_bs32_modL1_fusion16_fusionL1_fusionBN0_drop0p2__wd1e-04trmiss40_trlocglobal,32,0.0001,0.0001,1,16,1,False,0.2,lr1e-04_bs32_modL1_fusion16_fusionL1_fusionBN0_drop0p2__wd1e-04trmiss40_trlocglobal,11,0.6193097134431204,0.7022205889225006,0.5198412698412698,0.5314133318419294,0.5333333333333333,0.0,0.0,0.0,0.0,0.0,0.0,0.0,0.0,0.0,,,,,18473,global,0.4
5,5,lr1e-04_bs32_modL1_fusion16_fusionL1_fusionBN0_drop0p2__wd1e-04trmiss40_trlocglobal,32,0.0001,0.0001,1,16,1,False,0.2,lr1e-04_bs32_modL1_fusion16_fusionL1_fusionBN0_drop0p2__wd1e-04trmiss40_trlocglobal,12,0.6195559600989023,0.7025944590568542,0.5178571428571429,0.5296286287664653,0.5333333333333333,0.0,0.0,0.0,0.0,0.0,0.0,0.0,0.0,0.0,,,,,18473,global,0.4
5,5,lr1e-04_bs32_modL1_fusion16_fusionL1_fusionBN0_drop0p2__wd1e-04trmiss40_trlocglobal,32,0.0001,0.0001,1,16,1,False,0.2,lr1e-04_bs32_modL1_fusion16_fusionL1_fusionBN0_drop0p2__wd1e-04trmiss40_trlocglobal,13,0.6175682743390402,0.7033021152019501,0.5198412698412699,0.5318966641168061,0.5111111111111111,0.0,0.0,0.0,0.0,0.0,0.0,0.0,0.0,0.0,,,,,18473,global,0.4
5,5,lr1e-04_bs32_modL1_fusion16_fusionL1_fusionBN0_drop0p2__wd1e-04trmiss40_trlocglobal,32,0.0001,0.0001,1,16,1,False,0.2,lr1e-04_bs32_modL1_fusion16_fusionL1_fusionBN0_drop0p2__wd1e-04trmiss40_trlocglobal,14,0.6078280011812845,0.7023299932479858,0.5218253968253969,0.5347126478049959,0.5333333333333333,0.0,0.0,0.0,0.0,0.0,0.0,0.0,0.0,0.0,,,,,18473,global,0.4
5,5,lr1e-04_bs32_modL1_fusion16_fusionL1_fusionBN0_drop0p2__wd1e-04trmiss40_trlocglobal,32,0.0001,0.0001,1,16,1,False,0.2,lr1e-04_bs32_modL1_fusion16_fusionL1_fusionBN0_drop0p2__wd1e-04trmiss40_trlocglobal,15,0.6076033512751261,0.7011085152626038,0.5257936507936508,0.5424061509058706,0.5333333333333333,0.0,0.0,0.0,0.0,0.0,0.0,0.0,0.0,0.0,,,,,18473,global,0.4
5,5,lr1e-04_bs32_modL1_fusion16_fusionL1_fusionBN0_drop0p2__wd1e-04trmiss40_trlocglobal,32,0.0001,0.0001,1,16,1,False,0.2,lr1e-04_bs32_modL1_fusion16_fusionL1_fusionBN0_drop0p2__wd1e-04trmiss40_trlocglobal,16,0.5940859814484915,0.7024933695793152,0.5119047619047619,0.5328602554959144,0.5111111111111111,0.0,0.0,0.0,0.0,0.0,0.0,0.0,0.0,0.0,,,,,18473,global,0.4
5,5,lr1e-04_bs32_modL1_fusion16_fusionL1_fusionBN0_drop0p2__wd1e-04trmiss40_trlocglobal,32,0.0001,0.0001,1,16,1,False,0.2,lr1e-04_bs32_modL1_fusion16_fusionL1_fusionBN0_drop0p2__wd1e-04trmiss40_trlocglobal,17,0.5952809949715933,0.7022647857666016,0.509920634920635,0.5328649490064544,0.4888888888888889,0.0,0.0,0.0,0.0,0.0,0.0,0.0,0.0,0.0,,,,,18473,global,0.4
5,5,lr1e-04_bs32_modL1_fusion16_fusionL1_fusionBN0_drop0p2__wd1e-04trmiss40_trlocglobal,32,0.0001,0.0001,1,16,1,False,0.2,lr1e-04_bs32_modL1_fusion16_fusionL1_fusionBN0_drop0p2__wd1e-04trmiss40_trlocglobal,18,0.5844203531742096,0.7034041583538055,0.511904761904762,0.5354899473048468,0.4888888888888889,0.0,0.0,0.0,0.0,0.0,0.0,0.0,0.0,0.0,,,,,18473,global,0.4
5,5,lr1e-04_bs32_modL1_fusion16_fusionL1_fusionBN0_drop0p2__wd1e-04trmiss40_trlocglobal,32,0.0001,0.0001,1,16,1,False,0.2,lr1e-04_bs32_modL1_fusion16_fusionL1_fusionBN0_drop0p2__wd1e-04trmiss40_trlocglobal,19,0.5878649751345316,0.704213559627533,0.5099206349206349,0.5321179018014041,0.5333333333333333,0.0,0.0,0.0,0.0,0.0,0.0,0.0,0.0,0.0,,,,,18473,global,0.4
5,5,lr1e-04_bs32_modL1_fusion16_fusionL1_fusionBN0_drop0p2__wd1e-04trmiss40_trlocglobal,32,0.0001,0.0001,1,16,1,False,0.2,lr1e-04_bs32_modL1_fusion16_fusionL1_fusionBN0_drop0p2__wd1e-04trmiss40_trlocglobal,20,0.585472842057546,0.7054668068885803,0.501984126984127,0.5290165754532037,0.5111111111111111,0.0,0.0,0.0,0.0,0.0,0.0,0.0,0.0,0.0,,,,,18473,global,0.4
5,5,lr1e-04_bs32_modL1_fusion16_fusionL1_fusionBN0_drop0p2__wd1e-04trmiss40_trlocglobal,32,0.0001,0.0001,1,16,1,False,0.2,lr1e-04_bs32_modL1_fusion16_fusionL1_fusionBN0_drop0p2__wd1e-04trmiss40_trlocglobal,21,0.5719683070977529,0.7057138979434967,0.4900793650793651,0.5238570689327581,0.5111111111111111,0.0,0.0,0.0,0.0,0.0,0.0,0.0,0.0,0.0,,,,,18473,global,0.4
5,5,lr1e-04_bs32_modL1_fusion16_fusionL1_fusionBN0_drop0p2__wd1e-04trmiss40_trlocglobal,32,0.0001,0.0001,1,16,1,False,0.2,lr1e-04_bs32_modL1_fusion16_fusionL1_fusionBN0_drop0p2__wd1e-04trmiss40_trlocglobal,22,0.5790923039118449,0.7038218080997467,0.501984126984127,0.5327544324435873,0.5111111111111111,0.0,0.0,0.0,0.0,0.0,0.0,0.0,0.0,0.0,,,,,18473,global,0.4
5,5,lr1e-04_bs32_modL1_fusion16_fusionL1_fusionBN0_drop0p2__wd1e-04trmiss40_trlocglobal,32,0.0001,0.0001,1,16,1,False,0.2,lr1e-04_bs32_modL1_fusion16_fusionL1_fusionBN0_drop0p2__wd1e-04trmiss40_trlocglobal,23,0.5680559476216634,0.7029376327991486,0.5138888888888888,0.539514752204613,0.5333333333333333,0.0,0.0,0.0,0.0,0.0,0.0,0.0,0.0,0.0,,,,,18473,global,0.4
5,5,lr1e-04_bs32_modL1_fusion16_fusionL1_fusionBN0_drop0p2__wd1e-04trmiss40_trlocglobal,32,0.0001,0.0001,1,16,1,False,0.2,lr1e-04_bs32_modL1_fusion16_fusionL1_fusionBN0_drop0p2__wd1e-04trmiss40_trlocglobal,24,0.561527838309606,0.7021654844284058,0.5099206349206349,0.538424726414055,0.5111111111111111,0.0,0.0,0.0,0.0,0.0,0.0,0.0,0.0,0.0,,,,,18473,global,0.4
5,5,lr1e-04_bs32_modL1_fusion16_fusionL1_fusionBN0_drop0p2__wd1e-04trmiss40_trlocglobal,32,0.0001,0.0001,1,16,1,False,0.2,lr1e-04_bs32_modL1_fusion16_fusionL1_fusionBN0_drop0p2__wd1e-04trmiss40_trlocglobal,25,0.5664690037568411,0.7045751214027405,0.498015873015873,0.5324422670682336,0.5555555555555556,0.0,0.0,0.0,0.0,0.0,0.0,0.0,0.0,0.0,,,,,18473,global,0.4
5,5,lr1e-04_bs32_modL1_fusion16_fusionL1_fusionBN0_drop0p2__wd1e-04trmiss40_trlocglobal,32,0.0001,0.0001,1,16,1,False,0.2,lr1e-04_bs32_modL1_fusion16_fusionL1_fusionBN0_drop0p2__wd1e-04trmiss40_trlocglobal,26,0.5607072313626608,0.7036990523338318,0.503968253968254,0.5339807769718349,0.5555555555555556,0.0,0.0,0.0,0.0,0.0,0.0,0.0,0.0,0.0,,,,,18473,global,0.4
5,5,lr1e-04_bs32_modL1_fusion16_fusionL1_fusionBN0_drop0p2__wd1e-04trmiss40_trlocglobal,32,0.0001,0.0001,1,16,1,False,0.2,lr1e-04_bs32_modL1_fusion16_fusionL1_fusionBN0_drop0p2__wd1e-04trmiss40_trlocglobal,27,0.5516842703024546,0.6996116638183594,0.5218253968253969,0.5501219348307872,0.5555555555555556,0.0,0.0,0.0,0.0,0.0,0.0,0.0,0.0,0.0,,,,,18473,global,0.4
5,5,lr1e-04_bs32_modL1_fusion16_fusionL1_fusionBN0_drop0p2__wd1e-04trmiss40_trlocglobal,32,0.0001,0.0001,1,16,1,False,0.2,lr1e-04_bs32_modL1_fusion16_fusionL1_fusionBN0_drop0p2__wd1e-04trmiss40_trlocglobal,28,0.5513164103031158,0.7015825510025024,0.5158730158730158,0.5448414510455416,0.5555555555555556,0.0,0.0,0.0,0.0,0.0,0.0,0.0,0.0,0.0,,,,,18473,global,0.4
5,5,lr1e-04_bs32_modL1_fusion16_fusionL1_fusionBN0_drop0p2__wd1e-04trmiss40_trlocglobal,32,0.0001,0.0001,1,16,1,False,0.2,lr1e-04_bs32_modL1_fusion16_fusionL1_fusionBN0_drop0p2__wd1e-04trmiss40_trlocglobal,29,0.5568650364875793,0.7002540528774261,0.5297619047619048,0.5606781698539339,0.5555555555555556,0.0,0.0,0.0,0.0,0.0,0.0,0.0,0.0,0.0,,,,,18473,global,0.4
5,5,lr1e-04_bs32_modL1_fusion16_fusionL1_fusionBN0_drop0p2__wd1e-04trmiss40_trlocglobal,32,0.0001,0.0001,1,16,1,False,0.2,lr1e-04_bs32_modL1_fusion16_fusionL1_fusionBN0_drop0p2__wd1e-04trmiss40_trlocglobal,30,0.5505105406045914,0.7022794187068939,0.5238095238095238,0.5530130304453735,0.5555555555555556,0.0,0.0,0.0,0.0,0.0,0.0,0.0,0.0,0.0,,,,,18473,global,0.4
5,5,lr1e-04_bs32_modL1_fusion16_fusionL1_fusionBN0_drop0p2__wd1e-04trmiss40_trlocglobal,32,0.0001,0.0001,1,16,1,False,0.2,lr1e-04_bs32_modL1_fusion16_fusionL1_fusionBN0_drop0p2__wd1e-04trmiss40_trlocglobal,31,0.5375654846429825,0.705244243144989,0.507936507936508,0.5347930247253678,0.5555555555555556,0.0,0.0,0.0,0.0,0.0,0.0,0.0,0.0,0.0,,,,,18473,global,0.4
5,5,lr1e-04_bs32_modL1_fusion16_fusionL1_fusionBN0_drop0p2__wd1e-04trmiss40_trlocglobal,32,0.0001,0.0001,1,16,1,False,0.2,lr1e-04_bs32_modL1_fusion16_fusionL1_fusionBN0_drop0p2__wd1e-04trmiss40_trlocglobal,32,0.544763187567393,0.7041581571102142,0.509920634920635,0.5517813604637035,0.5333333333333333,0.0,0.0,0.0,0.0,0.0,0.0,0.0,0.0,0.0,,,,,18473,global,0.4
5,5,lr1e-04_bs32_modL1_fusion16_fusionL1_fusionBN0_drop0p2__wd1e-04trmiss40_trlocglobal,32,0.0001,0.0001,1,16,1,False,0.2,lr1e-04_bs32_modL1_fusion16_fusionL1_fusionBN0_drop0p2__wd1e-04trmiss40_trlocglobal,33,0.5303147832552592,0.7004988789558411,0.513888888888889,0.5536510185833616,0.5333333333333333,0.0,0.0,0.0,0.0,0.0,0.0,0.0,0.0,0.0,,,,,18473,global,0.4
5,5,lr1e-04_bs32_modL1_fusion16_fusionL1_fusionBN0_drop0p2__wd1e-04trmiss40_trlocglobal,32,0.0001,0.0001,1,16,1,False,0.2,lr1e-04_bs32_modL1_fusion16_fusionL1_fusionBN0_drop0p2__wd1e-04trmiss40_trlocglobal,34,0.5265607635180155,0.7001703679561615,0.5238095238095238,0.5533387603906688,0.5333333333333333,0.0,0.0,0.0,0.0,0.0,0.0,0.0,0.0,0.0,,,,,18473,global,0.4
5,5,lr1e-04_bs32_modL1_fusion16_fusionL1_fusionBN0_drop0p2__wd1e-04trmiss40_trlocglobal,32,0.0001,0.0001,1,16,1,False,0.2,lr1e-04_bs32_modL1_fusion16_fusionL1_fusionBN0_drop0p2__wd1e-04trmiss40_trlocglobal,35,0.5234371225039164,0.7023969888687134,0.511904761904762,0.5471276808100239,0.5333333333333333,0.0,0.0,0.0,0.0,0.0,0.0,0.0,0.0,0.0,,,,,18473,global,0.4
5,5,lr1e-04_bs32_modL1_fusion16_fusionL1_fusionBN0_drop0p2__wd1e-04trmiss40_trlocglobal,32,0.0001,0.0001,1,16,1,False,0.2,lr1e-04_bs32_modL1_fusion16_fusionL1_fusionBN0_drop0p2__wd1e-04trmiss40_trlocglobal,36,0.5265651742617289,0.7041127383708954,0.507936507936508,0.545379610040214,0.5333333333333333,0.0,0.0,0.0,0.0,0.0,0.0,0.0,0.0,0.0,,,,,18473,global,0.4
5,5,lr1e-04_bs32_modL1_fusion16_fusionL1_fusionBN0_drop0p2__wd1e-04trmiss40_trlocglobal,32,0.0001,0.0001,1,16,1,False,0.2,lr1e-04_bs32_modL1_fusion16_fusionL1_fusionBN0_drop0p2__wd1e-04trmiss40_trlocglobal,37,0.5253965457280477,0.703864723443985,0.5198412698412699,0.5537893062216492,0.5333333333333333,0.0,0.0,0.0,0.0,0.0,0.0,0.0,0.0,0.0,,,,,18473,global,0.4
5,5,lr1e-04_bs32_modL1_fusion16_fusionL1_fusionBN0_drop0p2__wd1e-04trmiss40_trlocglobal,32,0.0001,0.0001,1,16,1,False,0.2,lr1e-04_bs32_modL1_fusion16_fusionL1_fusionBN0_drop0p2__wd1e-04trmiss40_trlocglobal,38,0.5069706290960312,0.7056393027305603,0.509920634920635,0.5471998308821739,0.5333333333333333,0.0,0.0,0.0,0.0,0.0,0.0,0.0,0.0,0.0,,,,,18473,global,0.4
5,5,lr1e-04_bs32_modL1_fusion16_fusionL1_fusionBN0_drop0p2__wd1e-04trmiss40_trlocglobal,32,0.0001,0.0001,1,16,1,False,0.2,lr1e-04_bs32_modL1_fusion16_fusionL1_fusionBN0_drop0p2__wd1e-04trmiss40_trlocglobal,39,0.5121644486983618,0.7067223191261292,0.5119047619047619,0.547879012811356,0.5333333333333333,0.0,0.0,0.0,0.0,0.0,0.0,0.0,0.0,0.0,,,,,18473,global,0.4
5,5,lr1e-04_bs32_modL1_fusion16_fusionL1_fusionBN0_drop0p2__wd1e-04trmiss40_trlocglobal,32,0.0001,0.0001,1,16,1,False,0.2,lr1e-04_bs32_modL1_fusion16_fusionL1_fusionBN0_drop0p2__wd1e-04trmiss40_trlocglobal,40,0.5095836222171783,0.7096719145774841,0.49603174603174605,0.5355458454650701,0.5111111111111111,0.0,0.0,0.0,0.0,0.0,0.0,0.0,0.0,0.0,,,,,18473,global,0.4
5,5,lr1e-04_bs32_modL1_fusion16_fusionL1_fusionBN0_drop0p2__wd1e-04trmiss40_trlocglobal,32,0.0001,0.0001,1,16,1,False,0.2,lr1e-04_bs32_modL1_fusion16_fusionL1_fusionBN0_drop0p2__wd1e-04trmiss40_trlocglobal,41,0.5041018724441528,0.708602100610733,0.5,0.5394826936287463,0.5555555555555556,0.0,0.0,0.0,0.0,0.0,0.0,0.0,0.0,0.0,,,,,18473,global,0.4
5,5,lr1e-04_bs32_modL1_fusion16_fusionL1_fusionBN0_drop0p2__wd1e-04trmiss40_trlocglobal,32,0.0001,0.0001,1,16,1,False,0.2,lr1e-04_bs32_modL1_fusion16_fusionL1_fusionBN0_drop0p2__wd1e-04trmiss40_trlocglobal,42,0.49875841041405994,0.7070894837379456,0.509920634920635,0.5482876319699751,0.5333333333333333,0.0,0.0,0.0,0.0,0.0,0.0,0.0,0.0,0.0,,,,,18473,global,0.4
5,5,lr1e-04_bs32_modL1_fusion16_fusionL1_fusionBN0_drop0p2__wd1e-04trmiss40_trlocglobal,32,0.0001,0.0001,1,16,1,False,0.2,lr1e-04_bs32_modL1_fusion16_fusionL1_fusionBN0_drop0p2__wd1e-04trmiss40_trlocglobal,43,0.5082733730475107,0.7058564126491547,0.5138888888888888,0.5599491186314617,0.5333333333333333,0.0,0.0,0.0,0.0,0.0,0.0,0.0,0.0,0.0,,,,,18473,global,0.4
5,5,lr1e-04_bs32_modL1_fusion16_fusionL1_fusionBN0_drop0p2__wd1e-04trmiss40_trlocglobal,32,0.0001,0.0001,1,16,1,False,0.2,lr1e-04_bs32_modL1_fusion16_fusionL1_fusionBN0_drop0p2__wd1e-04trmiss40_trlocglobal,44,0.49869412183761597,0.7060600817203522,0.5158730158730159,0.5623357725267363,0.5111111111111111,0.0,0.0,0.0,0.0,0.0,0.0,0.0,0.0,0.0,,,,,18473,global,0.4
5,5,lr1e-04_bs32_modL1_fusion16_fusionL1_fusionBN0_drop0p2__wd1e-04trmiss40_trlocglobal,32,0.0001,0.0001,1,16,1,False,0.2,lr1e-04_bs32_modL1_fusion16_fusionL1_fusionBN0_drop0p2__wd1e-04trmiss40_trlocglobal,45,0.4902927627166112,0.7097082436084747,0.5059523809523809,0.5474189763599402,0.5333333333333333,0.0,0.0,0.0,0.0,0.0,0.0,0.0,0.0,0.0,,,,,18473,global,0.4
5,5,lr1e-04_bs32_modL1_fusion16_fusionL1_fusionBN0_drop0p2__wd1e-04trmiss40_trlocglobal,32,0.0001,0.0001,1,16,1,False,0.2,lr1e-04_bs32_modL1_fusion16_fusionL1_fusionBN0_drop0p2__wd1e-04trmiss40_trlocglobal,46,0.4909093677997589,0.7088943123817444,0.503968253968254,0.5471696886106524,0.5333333333333333,0.0,0.0,0.0,0.0,0.0,0.0,0.0,0.0,0.0,,,,,18473,global,0.4
5,5,lr1e-04_bs32_modL1_fusion16_fusionL1_fusionBN0_drop0p2__wd1e-04trmiss40_trlocglobal,32,0.0001,0.0001,1,16,1,False,0.2,lr1e-04_bs32_modL1_fusion16_fusionL1_fusionBN0_drop0p2__wd1e-04trmiss40_trlocglobal,47,0.48593011995156604,0.7070831656455994,0.505952380952381,0.5506121592945024,0.5333333333333333,0.0,0.0,0.0,0.0,0.0,0.0,0.0,0.0,0.0,,,,,18473,global,0.4
5,5,lr1e-04_bs32_modL1_fusion16_fusionL1_fusionBN0_drop0p2__wd1e-04trmiss40_trlocglobal,32,0.0001,0.0001,1,16,1,False,0.2,lr1e-04_bs32_modL1_fusion16_fusionL1_fusionBN0_drop0p2__wd1e-04trmiss40_trlocglobal,48,0.4875556329886119,0.7053343653678894,0.501984126984127,0.5506031405354836,0.5555555555555556,0.0,0.0,0.0,0.0,0.0,0.0,0.0,0.0,0.0,,,,,18473,global,0.4
5,5,lr1e-04_bs32_modL1_fusion16_fusionL1_fusionBN0_drop0p2__wd1e-04trmiss40_trlocglobal,32,0.0001,0.0001,1,16,1,False,0.2,lr1e-04_bs32_modL1_fusion16_fusionL1_fusionBN0_drop0p2__wd1e-04trmiss40_trlocglobal,49,0.4901702105998993,0.705877959728241,0.501984126984127,0.5506031405354836,0.5555555555555556,0.0,0.0,0.0,0.0,0.0,0.0,0.0,0.0,0.0,,,,,18473,global,0.4
5,5,lr1e-04_bs32_modL1_fusion16_fusionL1_fusionBN0_drop0p1__wd1e-04trmiss40_trlocglobal,32,0.0001,0.0001,1,16,1,False,0.1,lr1e-04_bs32_modL1_fusion16_fusionL1_fusionBN0_drop0p1__wd1e-04trmiss40_trlocglobal,1,0.6994734505812327,0.6776565313339233,0.7361111111111112,0.7242593048100793,0.6,0.0,0.0,0.0,0.0,0.0,0.0,0.0,0.0,0.0,,,,,18473,global,0.4
5,5,lr1e-04_bs32_modL1_fusion16_fusionL1_fusionBN0_drop0p1__wd1e-04trmiss40_trlocglobal,32,0.0001,0.0001,1,16,1,False,0.1,lr1e-04_bs32_modL1_fusion16_fusionL1_fusionBN0_drop0p1__wd1e-04trmiss40_trlocglobal,2,0.6749943892161051,0.6777446269989014,0.7123015873015873,0.6982831518773006,0.6,0.0,0.0,0.0,0.0,0.0,0.0,0.0,0.0,0.0,,,,,18473,global,0.4
5,5,lr1e-04_bs32_modL1_fusion16_fusionL1_fusionBN0_drop0p1__wd1e-04trmiss40_trlocglobal,32,0.0001,0.0001,1,16,1,False,0.1,lr1e-04_bs32_modL1_fusion16_fusionL1_fusionBN0_drop0p1__wd1e-04trmiss40_trlocglobal,3,0.6562869946161906,0.677288681268692,0.6884920634920635,0.6628973521087566,0.6,0.0,0.0,0.0,0.0,0.0,0.0,0.0,0.0,0.0,,,,,18473,global,0.4
5,5,lr1e-04_bs32_modL1_fusion16_fusionL1_fusionBN0_drop0p1__wd1e-04trmiss40_trlocglobal,32,0.0001,0.0001,1,16,1,False,0.1,lr1e-04_bs32_modL1_fusion16_fusionL1_fusionBN0_drop0p1__wd1e-04trmiss40_trlocglobal,4,0.6465349396069845,0.6767622530460358,0.6626984126984127,0.66491692243049,0.6,0.0,0.0,0.0,0.0,0.0,0.0,0.0,0.0,0.0,,,,,18473,global,0.4
5,5,lr1e-04_bs32_modL1_fusion16_fusionL1_fusionBN0_drop0p1__wd1e-04trmiss40_trlocglobal,32,0.0001,0.0001,1,16,1,False,0.1,lr1e-04_bs32_modL1_fusion16_fusionL1_fusionBN0_drop0p1__wd1e-04trmiss40_trlocglobal,5,0.6435117522875468,0.6768653392791748,0.6468253968253969,0.6587617134640591,0.5555555555555556,0.0,0.0,0.0,0.0,0.0,0.0,0.0,0.0,0.0,,,,,18473,global,0.4
5,5,lr1e-04_bs32_modL1_fusion16_fusionL1_fusionBN0_drop0p1__wd1e-04trmiss40_trlocglobal,32,0.0001,0.0001,1,16,1,False,0.1,lr1e-04_bs32_modL1_fusion16_fusionL1_fusionBN0_drop0p1__wd1e-04trmiss40_trlocglobal,6,0.6243682603041331,0.6760421097278595,0.6527777777777779,0.6768705490505298,0.5555555555555556,0.0,0.0,0.0,0.0,0.0,0.0,0.0,0.0,0.0,,,,,18473,global,0.4
5,5,lr1e-04_bs32_modL1_fusion16_fusionL1_fusionBN0_drop0p1__wd1e-04trmiss40_trlocglobal,32,0.0001,0.0001,1,16,1,False,0.1,lr1e-04_bs32_modL1_fusion16_fusionL1_fusionBN0_drop0p1__wd1e-04trmiss40_trlocglobal,7,0.6267654697100321,0.6747311651706696,0.6567460317460317,0.6846342505142792,0.5777777777777777,0.0,0.0,0.0,0.0,0.0,0.0,0.0,0.0,0.0,,,,,18473,global,0.4
5,5,lr1e-04_bs32_modL1_fusion16_fusionL1_fusionBN0_drop0p1__wd1e-04trmiss40_trlocglobal,32,0.0001,0.0001,1,16,1,False,0.1,lr1e-04_bs32_modL1_fusion16_fusionL1_fusionBN0_drop0p1__wd1e-04trmiss40_trlocglobal,8,0.6204008559385935,0.6737473905086517,0.6587301587301587,0.6836436016007158,0.6,0.0,0.0,0.0,0.0,0.0,0.0,0.0,0.0,0.0,,,,,18473,global,0.4
5,5,lr1e-04_bs32_modL1_fusion16_fusionL1_fusionBN0_drop0p1__wd1e-04trmiss40_trlocglobal,32,0.0001,0.0001,1,16,1,False,0.1,lr1e-04_bs32_modL1_fusion16_fusionL1_fusionBN0_drop0p1__wd1e-04trmiss40_trlocglobal,9,0.6070334812005361,0.6733130514621735,0.6666666666666666,0.6947618476016848,0.6222222222222222,0.0,0.0,0.0,0.0,0.0,0.0,0.0,0.0,0.0,,,,,18473,global,0.4
5,5,lr1e-04_bs32_modL1_fusion16_fusionL1_fusionBN0_drop0p1__wd1e-04trmiss40_trlocglobal,32,0.0001,0.0001,1,16,1,False,0.1,lr1e-04_bs32_modL1_fusion16_fusionL1_fusionBN0_drop0p1__wd1e-04trmiss40_trlocglobal,10,0.6025359133879343,0.6710372269153595,0.6765873015873015,0.7064218626451556,0.6,0.0,0.0,0.0,0.0,0.0,0.0,0.0,0.0,0.0,,,,,18473,global,0.4
5,5,lr1e-04_bs32_modL1_fusion16_fusionL1_fusionBN0_drop0p1__wd1e-04trmiss40_trlocglobal,32,0.0001,0.0001,1,16,1,False,0.1,lr1e-04_bs32_modL1_fusion16_fusionL1_fusionBN0_drop0p1__wd1e-04trmiss40_trlocglobal,11,0.591140886147817,0.668001264333725,0.6785714285714286,0.7102049771893072,0.6,0.0,0.0,0.0,0.0,0.0,0.0,0.0,0.0,0.0,,,,,18473,global,0.4
5,5,lr1e-04_bs32_modL1_fusion16_fusionL1_fusionBN0_drop0p1__wd1e-04trmiss40_trlocglobal,32,0.0001,0.0001,1,16,1,False,0.1,lr1e-04_bs32_modL1_fusion16_fusionL1_fusionBN0_drop0p1__wd1e-04trmiss40_trlocglobal,12,0.5914466381072998,0.6695065498352051,0.6765873015873015,0.7073921423654355,0.6,0.0,0.0,0.0,0.0,0.0,0.0,0.0,0.0,0.0,,,,,18473,global,0.4
5,5,lr1e-04_bs32_modL1_fusion16_fusionL1_fusionBN0_drop0p1__wd1e-04trmiss40_trlocglobal,32,0.0001,0.0001,1,16,1,False,0.1,lr1e-04_bs32_modL1_fusion16_fusionL1_fusionBN0_drop0p1__wd1e-04trmiss40_trlocglobal,13,0.5813713471094767,0.6702339053153992,0.6686507936507937,0.6893491931865935,0.6222222222222222,0.0,0.0,0.0,0.0,0.0,0.0,0.0,0.0,0.0,,,,,18473,global,0.4
5,5,lr1e-04_bs32_modL1_fusion16_fusionL1_fusionBN0_drop0p1__wd1e-04trmiss40_trlocglobal,32,0.0001,0.0001,1,16,1,False,0.1,lr1e-04_bs32_modL1_fusion16_fusionL1_fusionBN0_drop0p1__wd1e-04trmiss40_trlocglobal,14,0.5767367879549662,0.6725707352161407,0.6507936507936508,0.6776277247081623,0.6666666666666666,0.0,0.0,0.0,0.0,0.0,0.0,0.0,0.0,0.0,,,,,18473,global,0.4
5,5,lr1e-04_bs32_modL1_fusion16_fusionL1_fusionBN0_drop0p1__wd1e-04trmiss40_trlocglobal,32,0.0001,0.0001,1,16,1,False,0.1,lr1e-04_bs32_modL1_fusion16_fusionL1_fusionBN0_drop0p1__wd1e-04trmiss40_trlocglobal,15,0.5642399291197459,0.6715318858623505,0.6488095238095238,0.6748463462152718,0.6444444444444445,0.0,0.0,0.0,0.0,0.0,0.0,0.0,0.0,0.0,,,,,18473,global,0.4
5,5,lr1e-04_bs32_modL1_fusion16_fusionL1_fusionBN0_drop0p1__wd1e-04trmiss40_trlocglobal,32,0.0001,0.0001,1,16,1,False,0.1,lr1e-04_bs32_modL1_fusion16_fusionL1_fusionBN0_drop0p1__wd1e-04trmiss40_trlocglobal,16,0.5678409536679586,0.6707637012004852,0.6587301587301588,0.6946191479892087,0.6444444444444445,0.0,0.0,0.0,0.0,0.0,0.0,0.0,0.0,0.0,,,,,18473,global,0.4
5,5,lr1e-04_bs32_modL1_fusion16_fusionL1_fusionBN0_drop0p1__wd1e-04trmiss40_trlocglobal,32,0.0001,0.0001,1,16,1,False,0.1,lr1e-04_bs32_modL1_fusion16_fusionL1_fusionBN0_drop0p1__wd1e-04trmiss40_trlocglobal,17,0.557927817106247,0.6709749400615692,0.6666666666666667,0.7090773920241118,0.6222222222222222,0.0,0.0,0.0,0.0,0.0,0.0,0.0,0.0,0.0,,,,,18473,global,0.4
5,5,lr1e-04_bs32_modL1_fusion16_fusionL1_fusionBN0_drop0p1__wd1e-04trmiss40_trlocglobal,32,0.0001,0.0001,1,16,1,False,0.1,lr1e-04_bs32_modL1_fusion16_fusionL1_fusionBN0_drop0p1__wd1e-04trmiss40_trlocglobal,18,0.5502292414506277,0.6701968610286713,0.6587301587301587,0.7300726139764075,0.6,0.0,0.0,0.0,0.0,0.0,0.0,0.0,0.0,0.0,,,,,18473,global,0.4
5,5,lr1e-04_bs32_modL1_fusion16_fusionL1_fusionBN0_drop0p1__wd1e-04trmiss40_trlocglobal,32,0.0001,0.0001,1,16,1,False,0.1,lr1e-04_bs32_modL1_fusion16_fusionL1_fusionBN0_drop0p1__wd1e-04trmiss40_trlocglobal,19,0.5346043209234873,0.6727874279022217,0.626984126984127,0.7052649877410992,0.6,0.0,0.0,0.0,0.0,0.0,0.0,0.0,0.0,0.0,,,,,18473,global,0.4
5,5,lr1e-04_bs32_modL1_fusion16_fusionL1_fusionBN0_drop0p1__wd1e-04trmiss40_trlocglobal,32,0.0001,0.0001,1,16,1,False,0.1,lr1e-04_bs32_modL1_fusion16_fusionL1_fusionBN0_drop0p1__wd1e-04trmiss40_trlocglobal,20,0.5407218436400095,0.6729068458080292,0.6388888888888888,0.7159651705920174,0.6,0.0,0.0,0.0,0.0,0.0,0.0,0.0,0.0,0.0,,,,,18473,global,0.4
5,5,lr1e-04_bs32_modL1_fusion16_fusionL1_fusionBN0_drop0p1__wd1e-04trmiss40_trlocglobal,32,0.0001,0.0001,1,16,1,False,0.1,lr1e-04_bs32_modL1_fusion16_fusionL1_fusionBN0_drop0p1__wd1e-04trmiss40_trlocglobal,21,0.5281628568967184,0.6735906004905701,0.6309523809523809,0.7049150733867344,0.6,0.0,0.0,0.0,0.0,0.0,0.0,0.0,0.0,0.0,,,,,18473,global,0.4
5,5,lr1e-04_bs32_modL1_fusion16_fusionL1_fusionBN0_drop0p1__wd1e-04trmiss40_trlocglobal,32,0.0001,0.0001,1,16,1,False,0.1,lr1e-04_bs32_modL1_fusion16_fusionL1_fusionBN0_drop0p1__wd1e-04trmiss40_trlocglobal,22,0.5257753332455953,0.6721046566963196,0.6369047619047619,0.7046222384348311,0.5777777777777777,0.0,0.0,0.0,0.0,0.0,0.0,0.0,0.0,0.0,,,,,18473,global,0.4
5,5,lr1e-04_bs32_modL1_fusion16_fusionL1_fusionBN0_drop0p1__wd1e-04trmiss40_trlocglobal,32,0.0001,0.0001,1,16,1,False,0.1,lr1e-04_bs32_modL1_fusion16_fusionL1_fusionBN0_drop0p1__wd1e-04trmiss40_trlocglobal,23,0.5207436382770538,0.6719239056110382,0.6309523809523809,0.7001171545403608,0.5777777777777777,0.0,0.0,0.0,0.0,0.0,0.0,0.0,0.0,0.0,,,,,18473,global,0.4
5,5,lr1e-04_bs32_modL1_fusion16_fusionL1_fusionBN0_drop0p1__wd1e-04trmiss40_trlocglobal,32,0.0001,0.0001,1,16,1,False,0.1,lr1e-04_bs32_modL1_fusion16_fusionL1_fusionBN0_drop0p1__wd1e-04trmiss40_trlocglobal,24,0.5167153676350912,0.6744228005409241,0.623015873015873,0.7023494663304612,0.6222222222222222,0.0,0.0,0.0,0.0,0.0,0.0,0.0,0.0,0.0,,,,,18473,global,0.4
5,5,lr1e-04_bs32_modL1_fusion16_fusionL1_fusionBN0_drop0p1__wd1e-04trmiss40_trlocglobal,32,0.0001,0.0001,1,16,1,False,0.1,lr1e-04_bs32_modL1_fusion16_fusionL1_fusionBN0_drop0p1__wd1e-04trmiss40_trlocglobal,25,0.5139618168274561,0.6802646219730377,0.5972222222222223,0.6663474157943787,0.6,0.0,0.0,0.0,0.0,0.0,0.0,0.0,0.0,0.0,,,,,18473,global,0.4
5,5,lr1e-04_bs32_modL1_fusion16_fusionL1_fusionBN0_drop0p1__wd1e-04trmiss40_trlocglobal,32,0.0001,0.0001,1,16,1,False,0.1,lr1e-04_bs32_modL1_fusion16_fusionL1_fusionBN0_drop0p1__wd1e-04trmiss40_trlocglobal,26,0.4968697875738144,0.6838029623031616,0.5833333333333334,0.6112969643583369,0.6,0.0,0.0,0.0,0.0,0.0,0.0,0.0,0.0,0.0,,,,,18473,global,0.4
5,5,lr1e-04_bs32_modL1_fusion16_fusionL1_fusionBN0_drop0p1__wd1e-04trmiss40_trlocglobal,32,0.0001,0.0001,1,16,1,False,0.1,lr1e-04_bs32_modL1_fusion16_fusionL1_fusionBN0_drop0p1__wd1e-04trmiss40_trlocglobal,27,0.5046239793300629,0.6801402270793915,0.5873015873015873,0.6668039521395903,0.6,0.0,0.0,0.0,0.0,0.0,0.0,0.0,0.0,0.0,,,,,18473,global,0.4
5,5,lr1e-04_bs32_modL1_fusion16_fusionL1_fusionBN0_drop0p1__wd1e-04trmiss40_trlocglobal,32,0.0001,0.0001,1,16,1,False,0.1,lr1e-04_bs32_modL1_fusion16_fusionL1_fusionBN0_drop0p1__wd1e-04trmiss40_trlocglobal,28,0.4933498551448186,0.6756567656993866,0.5972222222222222,0.6887951273169846,0.5777777777777777,0.0,0.0,0.0,0.0,0.0,0.0,0.0,0.0,0.0,,,,,18473,global,0.4
5,5,lr1e-04_bs32_modL1_fusion16_fusionL1_fusionBN0_drop0p1__wd1e-04trmiss40_trlocglobal,32,0.0001,0.0001,1,16,1,False,0.1,lr1e-04_bs32_modL1_fusion16_fusionL1_fusionBN0_drop0p1__wd1e-04trmiss40_trlocglobal,29,0.4860436071952184,0.6744627356529236,0.6051587301587302,0.6897258783296358,0.5777777777777777,0.0,0.0,0.0,0.0,0.0,0.0,0.0,0.0,0.0,,,,,18473,global,0.4
5,5,lr1e-04_bs32_modL1_fusion16_fusionL1_fusionBN0_drop0p1__wd1e-04trmiss40_trlocglobal,32,0.0001,0.0001,1,16,1,False,0.1,lr1e-04_bs32_modL1_fusion16_fusionL1_fusionBN0_drop0p1__wd1e-04trmiss40_trlocglobal,30,0.4815501769383748,0.6764688491821289,0.6051587301587302,0.6954838821363554,0.5777777777777777,0.0,0.0,0.0,0.0,0.0,0.0,0.0,0.0,0.0,,,,,18473,global,0.4
5,5,lr1e-04_bs32_modL1_fusion16_fusionL1_fusionBN0_drop0p1__wd1e-04trmiss40_trlocglobal,32,0.0001,0.0001,1,16,1,False,0.1,lr1e-04_bs32_modL1_fusion16_fusionL1_fusionBN0_drop0p1__wd1e-04trmiss40_trlocglobal,31,0.47291343410809833,0.6808528900146484,0.5912698412698413,0.6535968515356225,0.5555555555555556,0.0,0.0,0.0,0.0,0.0,0.0,0.0,0.0,0.0,,,,,18473,global,0.4
5,5,lr1e-04_bs32_modL1_fusion32_fusionL1_fusionBN0_drop0p2__wd1e-04trmiss40_trlocglobal,32,0.0001,0.0001,1,32,1,False,0.2,lr1e-04_bs32_modL1_fusion32_fusionL1_fusionBN0_drop0p2__wd1e-04trmiss40_trlocglobal,1,0.6951003869374593,0.6912674903869629,0.5297619047619048,0.5336229415329452,0.4444444444444444,0.0,0.0,0.0,0.0,0.0,0.0,0.0,0.0,0.0,,,,,18473,global,0.4
5,5,lr1e-04_bs32_modL1_fusion32_fusionL1_fusionBN0_drop0p2__wd1e-04trmiss40_trlocglobal,32,0.0001,0.0001,1,32,1,False,0.2,lr1e-04_bs32_modL1_fusion32_fusionL1_fusionBN0_drop0p2__wd1e-04trmiss40_trlocglobal,2,0.683627595504125,0.6915214657783508,0.5456349206349207,0.5494651836772049,0.4222222222222222,0.0,0.0,0.0,0.0,0.0,0.0,0.0,0.0,0.0,,,,,18473,global,0.4
5,5,lr1e-04_bs32_modL1_fusion32_fusionL1_fusionBN0_drop0p2__wd1e-04trmiss40_trlocglobal,32,0.0001,0.0001,1,32,1,False,0.2,lr1e-04_bs32_modL1_fusion32_fusionL1_fusionBN0_drop0p2__wd1e-04trmiss40_trlocglobal,3,0.678175667921702,0.6925985217094421,0.5436507936507936,0.5568025646430554,0.4222222222222222,0.0,0.0,0.0,0.0,0.0,0.0,0.0,0.0,0.0,,,,,18473,global,0.4
5,5,lr1e-04_bs32_modL1_fusion32_fusionL1_fusionBN0_drop0p2__wd1e-04trmiss40_trlocglobal,32,0.0001,0.0001,1,32,1,False,0.2,lr1e-04_bs32_modL1_fusion32_fusionL1_fusionBN0_drop0p2__wd1e-04trmiss40_trlocglobal,4,0.6611229777336121,0.6939618587493896,0.5436507936507937,0.560203923274058,0.4222222222222222,0.0,0.0,0.0,0.0,0.0,0.0,0.0,0.0,0.0,,,,,18473,global,0.4
5,5,lr1e-04_bs32_modL1_fusion32_fusionL1_fusionBN0_drop0p2__wd1e-04trmiss40_trlocglobal,32,0.0001,0.0001,1,32,1,False,0.2,lr1e-04_bs32_modL1_fusion32_fusionL1_fusionBN0_drop0p2__wd1e-04trmiss40_trlocglobal,5,0.6456926862398783,0.6946352422237396,0.5396825396825397,0.5586591781831173,0.4444444444444444,0.0,0.0,0.0,0.0,0.0,0.0,0.0,0.0,0.0,,,,,18473,global,0.4
5,5,lr1e-04_bs32_modL1_fusion32_fusionL1_fusionBN0_drop0p2__wd1e-04trmiss40_trlocglobal,32,0.0001,0.0001,1,32,1,False,0.2,lr1e-04_bs32_modL1_fusion32_fusionL1_fusionBN0_drop0p2__wd1e-04trmiss40_trlocglobal,6,0.6537512838840485,0.6932354867458344,0.5496031746031746,0.5644912703542188,0.4888888888888889,0.0,0.0,0.0,0.0,0.0,0.0,0.0,0.0,0.0,,,,,18473,global,0.4
5,5,lr1e-04_bs32_modL1_fusion32_fusionL1_fusionBN0_drop0p2__wd1e-04trmiss40_trlocglobal,32,0.0001,0.0001,1,32,1,False,0.2,lr1e-04_bs32_modL1_fusion32_fusionL1_fusionBN0_drop0p2__wd1e-04trmiss40_trlocglobal,7,0.6440061529477438,0.6934679746627808,0.5555555555555556,0.5695731918874911,0.4666666666666667,0.0,0.0,0.0,0.0,0.0,0.0,0.0,0.0,0.0,,,,,18473,global,0.4
5,5,lr1e-04_bs32_modL1_fusion32_fusionL1_fusionBN0_drop0p2__wd1e-04trmiss40_trlocglobal,32,0.0001,0.0001,1,32,1,False,0.2,lr1e-04_bs32_modL1_fusion32_fusionL1_fusionBN0_drop0p2__wd1e-04trmiss40_trlocglobal,8,0.6378044386704763,0.6933672726154327,0.5813492063492064,0.5916731468263098,0.4888888888888889,0.0,0.0,0.0,0.0,0.0,0.0,0.0,0.0,0.0,,,,,18473,global,0.4
5,5,lr1e-04_bs32_modL1_fusion32_fusionL1_fusionBN0_drop0p2__wd1e-04trmiss40_trlocglobal,32,0.0001,0.0001,1,32,1,False,0.2,lr1e-04_bs32_modL1_fusion32_fusionL1_fusionBN0_drop0p2__wd1e-04trmiss40_trlocglobal,9,0.6396789252758026,0.6946284174919128,0.5833333333333334,0.5961047775271173,0.4888888888888889,0.0,0.0,0.0,0.0,0.0,0.0,0.0,0.0,0.0,,,,,18473,global,0.4
5,5,lr1e-04_bs32_modL1_fusion32_fusionL1_fusionBN0_drop0p2__wd1e-04trmiss40_trlocglobal,32,0.0001,0.0001,1,32,1,False,0.2,lr1e-04_bs32_modL1_fusion32_fusionL1_fusionBN0_drop0p2__wd1e-04trmiss40_trlocglobal,10,0.6278569499651591,0.6948007047176361,0.5833333333333334,0.591966804711819,0.5111111111111111,0.0,0.0,0.0,0.0,0.0,0.0,0.0,0.0,0.0,,,,,18473,global,0.4
5,5,lr1e-04_bs32_modL1_fusion32_fusionL1_fusionBN0_drop0p2__wd1e-04trmiss40_trlocglobal,32,0.0001,0.0001,1,32,1,False,0.2,lr1e-04_bs32_modL1_fusion32_fusionL1_fusionBN0_drop0p2__wd1e-04trmiss40_trlocglobal,11,0.6207600434621176,0.6955243349075317,0.5892857142857143,0.6024743480962494,0.5111111111111111,0.0,0.0,0.0,0.0,0.0,0.0,0.0,0.0,0.0,,,,,18473,global,0.4
5,5,lr1e-04_bs32_modL1_fusion32_fusionL1_fusionBN0_drop0p2__wd1e-04trmiss40_trlocglobal,32,0.0001,0.0001,1,32,1,False,0.2,lr1e-04_bs32_modL1_fusion32_fusionL1_fusionBN0_drop0p2__wd1e-04trmiss40_trlocglobal,12,0.6238135496775309,0.6954697966575623,0.5853174603174603,0.6039768107031719,0.5111111111111111,0.0,0.0,0.0,0.0,0.0,0.0,0.0,0.0,0.0,,,,,18473,global,0.4
5,5,lr1e-04_bs32_modL1_fusion32_fusionL1_fusionBN0_drop0p2__wd1e-04trmiss40_trlocglobal,32,0.0001,0.0001,1,32,1,False,0.2,lr1e-04_bs32_modL1_fusion32_fusionL1_fusionBN0_drop0p2__wd1e-04trmiss40_trlocglobal,13,0.612519750992457,0.6955907940864563,0.5853174603174603,0.604731906899998,0.5333333333333333,0.0,0.0,0.0,0.0,0.0,0.0,0.0,0.0,0.0,,,,,18473,global,0.4
5,5,lr1e-04_bs32_modL1_fusion32_fusionL1_fusionBN0_drop0p2__wd1e-04trmiss40_trlocglobal,32,0.0001,0.0001,1,32,1,False,0.2,lr1e-04_bs32_modL1_fusion32_fusionL1_fusionBN0_drop0p2__wd1e-04trmiss40_trlocglobal,14,0.6096131304899851,0.6940792500972748,0.5892857142857143,0.6220381055987161,0.5333333333333333,0.0,0.0,0.0,0.0,0.0,0.0,0.0,0.0,0.0,,,,,18473,global,0.4
5,5,lr1e-04_bs32_modL1_fusion32_fusionL1_fusionBN0_drop0p2__wd1e-04trmiss40_trlocglobal,32,0.0001,0.0001,1,32,1,False,0.2,lr1e-04_bs32_modL1_fusion32_fusionL1_fusionBN0_drop0p2__wd1e-04trmiss40_trlocglobal,15,0.6126590073108673,0.6958054304122925,0.5833333333333334,0.5933731025600447,0.5111111111111111,0.0,0.0,0.0,0.0,0.0,0.0,0.0,0.0,0.0,,,,,18473,global,0.4
5,5,lr1e-04_bs32_modL1_fusion32_fusionL1_fusionBN0_drop0p2__wd1e-04trmiss40_trlocglobal,32,0.0001,0.0001,1,32,1,False,0.2,lr1e-04_bs32_modL1_fusion32_fusionL1_fusionBN0_drop0p2__wd1e-04trmiss40_trlocglobal,16,0.5936349928379059,0.698409229516983,0.5833333333333334,0.6024219083324223,0.5333333333333333,0.0,0.0,0.0,0.0,0.0,0.0,0.0,0.0,0.0,,,,,18473,global,0.4
5,5,lr1e-04_bs32_modL1_fusion32_fusionL1_fusionBN0_drop0p2__wd1e-04trmiss40_trlocglobal,32,0.0001,0.0001,1,32,1,False,0.2,lr1e-04_bs32_modL1_fusion32_fusionL1_fusionBN0_drop0p2__wd1e-04trmiss40_trlocglobal,17,0.5931353569030762,0.6961809992790222,0.5853174603174603,0.600320712404727,0.5111111111111111,0.0,0.0,0.0,0.0,0.0,0.0,0.0,0.0,0.0,,,,,18473,global,0.4
5,5,lr1e-04_bs32_modL1_fusion32_fusionL1_fusionBN0_drop0p2__wd1e-04trmiss40_trlocglobal,32,0.0001,0.0001,1,32,1,False,0.2,lr1e-04_bs32_modL1_fusion32_fusionL1_fusionBN0_drop0p2__wd1e-04trmiss40_trlocglobal,18,0.5856269299983978,0.6965940594673157,0.5853174603174603,0.6369013030415752,0.5111111111111111,0.0,0.0,0.0,0.0,0.0,0.0,0.0,0.0,0.0,,,,,18473,global,0.4
5,5,lr1e-04_bs32_modL1_fusion32_fusionL1_fusionBN0_drop0p2__wd1e-04trmiss40_trlocglobal,32,0.0001,0.0001,1,32,1,False,0.2,lr1e-04_bs32_modL1_fusion32_fusionL1_fusionBN0_drop0p2__wd1e-04trmiss40_trlocglobal,19,0.5808550914128622,0.6943342983722687,0.5793650793650794,0.6352689745321872,0.5333333333333333,0.0,0.0,0.0,0.0,0.0,0.0,0.0,0.0,0.0,,,,,18473,global,0.4
5,5,lr1e-04_bs32_modL1_fusion32_fusionL1_fusionBN0_drop0p2__wd1e-04trmiss40_trlocglobal,32,0.0001,0.0001,1,32,1,False,0.2,lr1e-04_bs32_modL1_fusion32_fusionL1_fusionBN0_drop0p2__wd1e-04trmiss40_trlocglobal,20,0.5699367821216583,0.6979208588600159,0.5694444444444444,0.631426884982891,0.5555555555555556,0.0,0.0,0.0,0.0,0.0,0.0,0.0,0.0,0.0,,,,,18473,global,0.4
5,5,lr1e-04_bs32_modL1_fusion32_fusionL1_fusionBN0_drop0p2__wd1e-04trmiss40_trlocglobal,32,0.0001,0.0001,1,32,1,False,0.2,lr1e-04_bs32_modL1_fusion32_fusionL1_fusionBN0_drop0p2__wd1e-04trmiss40_trlocglobal,21,0.5701362689336141,0.6993983685970306,0.5773809523809523,0.6252891900350708,0.5333333333333333,0.0,0.0,0.0,0.0,0.0,0.0,0.0,0.0,0.0,,,,,18473,global,0.4
5,5,lr1e-04_bs32_modL1_fusion32_fusionL1_fusionBN0_drop0p2__wd1e-04trmiss40_trlocglobal,32,0.0001,0.0001,1,32,1,False,0.2,lr1e-04_bs32_modL1_fusion32_fusionL1_fusionBN0_drop0p2__wd1e-04trmiss40_trlocglobal,22,0.5682334899902344,0.6980367302894592,0.5833333333333334,0.6308274629927781,0.5333333333333333,0.0,0.0,0.0,0.0,0.0,0.0,0.0,0.0,0.0,,,,,18473,global,0.4
5,5,lr1e-04_bs32_modL1_fusion32_fusionL1_fusionBN0_drop0p2__wd1e-04trmiss40_trlocglobal,32,0.0001,0.0001,1,32,1,False,0.2,lr1e-04_bs32_modL1_fusion32_fusionL1_fusionBN0_drop0p2__wd1e-04trmiss40_trlocglobal,23,0.5596291025479635,0.6950921714305878,0.5892857142857143,0.6323162990816705,0.5333333333333333,0.0,0.0,0.0,0.0,0.0,0.0,0.0,0.0,0.0,,,,,18473,global,0.4
5,5,lr1e-04_bs32_modL1_fusion32_fusionL1_fusionBN0_drop0p2__wd1e-04trmiss40_trlocglobal,32,0.0001,0.0001,1,32,1,False,0.2,lr1e-04_bs32_modL1_fusion32_fusionL1_fusionBN0_drop0p2__wd1e-04trmiss40_trlocglobal,24,0.5674975514411926,0.694957971572876,0.5853174603174603,0.6207333941046465,0.5333333333333333,0.0,0.0,0.0,0.0,0.0,0.0,0.0,0.0,0.0,,,,,18473,global,0.4
5,5,lr1e-04_bs32_modL1_fusion32_fusionL1_fusionBN0_drop0p2__wd1e-04trmiss40_trlocglobal,32,0.0001,0.0001,1,32,1,False,0.2,lr1e-04_bs32_modL1_fusion32_fusionL1_fusionBN0_drop0p2__wd1e-04trmiss40_trlocglobal,25,0.558744341135025,0.6945606172084808,0.5833333333333334,0.6268873931219856,0.5111111111111111,0.0,0.0,0.0,0.0,0.0,0.0,0.0,0.0,0.0,,,,,18473,global,0.4
5,5,lr1e-04_bs32_modL1_fusion32_fusionL1_fusionBN0_drop0p2__wd1e-04trmiss40_trlocglobal,32,0.0001,0.0001,1,32,1,False,0.2,lr1e-04_bs32_modL1_fusion32_fusionL1_fusionBN0_drop0p2__wd1e-04trmiss40_trlocglobal,26,0.5437086125214895,0.6961856484413147,0.5753968253968254,0.62374141258102,0.5333333333333333,0.0,0.0,0.0,0.0,0.0,0.0,0.0,0.0,0.0,,,,,18473,global,0.4
5,5,lr1e-04_bs32_modL1_fusion32_fusionL1_fusionBN0_drop0p2__wd1e-04trmiss40_trlocglobal,32,0.0001,0.0001,1,32,1,False,0.2,lr1e-04_bs32_modL1_fusion32_fusionL1_fusionBN0_drop0p2__wd1e-04trmiss40_trlocglobal,27,0.5405340492725372,0.6971000730991364,0.5753968253968254,0.6254286720807796,0.5333333333333333,0.0,0.0,0.0,0.0,0.0,0.0,0.0,0.0,0.0,,,,,18473,global,0.4
5,5,lr1e-04_bs32_modL1_fusion32_fusionL1_fusionBN0_drop0p2__wd1e-04trmiss40_trlocglobal,32,0.0001,0.0001,1,32,1,False,0.2,lr1e-04_bs32_modL1_fusion32_fusionL1_fusionBN0_drop0p2__wd1e-04trmiss40_trlocglobal,28,0.5319787164529165,0.6970937848091125,0.5753968253968255,0.614508454381493,0.5555555555555556,0.0,0.0,0.0,0.0,0.0,0.0,0.0,0.0,0.0,,,,,18473,global,0.4
5,5,lr1e-04_bs32_modL1_fusion32_fusionL1_fusionBN0_drop0p2__wd1e-04trmiss40_trlocglobal,32,0.0001,0.0001,1,32,1,False,0.2,lr1e-04_bs32_modL1_fusion32_fusionL1_fusionBN0_drop0p2__wd1e-04trmiss40_trlocglobal,29,0.527348130941391,0.698726087808609,0.5813492063492064,0.6159844767496068,0.5333333333333333,0.0,0.0,0.0,0.0,0.0,0.0,0.0,0.0,0.0,,,,,18473,global,0.4
5,5,lr1e-04_bs32_modL1_fusion32_fusionL1_fusionBN0_drop0p2__wd1e-04trmiss40_trlocglobal,32,0.0001,0.0001,1,32,1,False,0.2,lr1e-04_bs32_modL1_fusion32_fusionL1_fusionBN0_drop0p2__wd1e-04trmiss40_trlocglobal,30,0.5312058428923289,0.7014543414115906,0.5694444444444445,0.6166688978820395,0.5555555555555556,0.0,0.0,0.0,0.0,0.0,0.0,0.0,0.0,0.0,,,,,18473,global,0.4
5,5,lr1e-04_bs32_modL1_fusion32_fusionL1_fusionBN0_drop0p2__wd1e-04trmiss40_trlocglobal,32,0.0001,0.0001,1,32,1,False,0.2,lr1e-04_bs32_modL1_fusion32_fusionL1_fusionBN0_drop0p2__wd1e-04trmiss40_trlocglobal,31,0.5225602785746256,0.702146053314209,0.5773809523809523,0.6196604661406356,0.5555555555555556,0.0,0.0,0.0,0.0,0.0,0.0,0.0,0.0,0.0,,,,,18473,global,0.4
5,5,lr1e-04_bs32_modL1_fusion32_fusionL1_fusionBN0_drop0p2__wd1e-04trmiss40_trlocglobal,32,0.0001,0.0001,1,32,1,False,0.2,lr1e-04_bs32_modL1_fusion32_fusionL1_fusionBN0_drop0p2__wd1e-04trmiss40_trlocglobal,32,0.5100162923336029,0.7051806449890137,0.5674603174603174,0.6168774855906272,0.5777777777777777,0.0,0.0,0.0,0.0,0.0,0.0,0.0,0.0,0.0,,,,,18473,global,0.4
5,5,lr1e-04_bs32_modL1_fusion32_fusionL1_fusionBN0_drop0p2__wd1e-04trmiss40_trlocglobal,32,0.0001,0.0001,1,32,1,False,0.2,lr1e-04_bs32_modL1_fusion32_fusionL1_fusionBN0_drop0p2__wd1e-04trmiss40_trlocglobal,33,0.5201125393311182,0.7050304114818573,0.5654761904761905,0.6134742231892147,0.5555555555555556,0.0,0.0,0.0,0.0,0.0,0.0,0.0,0.0,0.0,,,,,18473,global,0.4
5,5,lr1e-04_bs32_modL1_fusion32_fusionL1_fusionBN0_drop0p2__wd1e-04trmiss40_trlocglobal,32,0.0001,0.0001,1,32,1,False,0.2,lr1e-04_bs32_modL1_fusion32_fusionL1_fusionBN0_drop0p2__wd1e-04trmiss40_trlocglobal,34,0.5109908680121104,0.7045317590236664,0.5654761904761905,0.6022479251208115,0.5777777777777777,0.0,0.0,0.0,0.0,0.0,0.0,0.0,0.0,0.0,,,,,18473,global,0.4
5,5,lr1e-04_bs32_modL1_fusion32_fusionL1_fusionBN0_drop0p1__wd1e-04trmiss40_trlocglobal,32,0.0001,0.0001,1,32,1,False,0.1,lr1e-04_bs32_modL1_fusion32_fusionL1_fusionBN0_drop0p1__wd1e-04trmiss40_trlocglobal,1,0.6923012932141622,0.6796539425849915,0.6091269841269841,0.683896959708852,0.5555555555555556,0.0,0.0,0.0,0.0,0.0,0.0,0.0,0.0,0.0,,,,,18473,global,0.4
5,5,lr1e-04_bs32_modL1_fusion32_fusionL1_fusionBN0_drop0p1__wd1e-04trmiss40_trlocglobal,32,0.0001,0.0001,1,32,1,False,0.1,lr1e-04_bs32_modL1_fusion32_fusionL1_fusionBN0_drop0p1__wd1e-04trmiss40_trlocglobal,2,0.6735666195551554,0.6769172847270966,0.628968253968254,0.7040748608144288,0.5555555555555556,0.0,0.0,0.0,0.0,0.0,0.0,0.0,0.0,0.0,,,,,18473,global,0.4
5,5,lr1e-04_bs32_modL1_fusion32_fusionL1_fusionBN0_drop0p1__wd1e-04trmiss40_trlocglobal,32,0.0001,0.0001,1,32,1,False,0.1,lr1e-04_bs32_modL1_fusion32_fusionL1_fusionBN0_drop0p1__wd1e-04trmiss40_trlocglobal,3,0.6633595923582712,0.6763066053390503,0.6130952380952381,0.6881762477960223,0.5555555555555556,0.0,0.0,0.0,0.0,0.0,0.0,0.0,0.0,0.0,,,,,18473,global,0.4
5,5,lr1e-04_bs32_modL1_fusion32_fusionL1_fusionBN0_drop0p1__wd1e-04trmiss40_trlocglobal,32,0.0001,0.0001,1,32,1,False,0.1,lr1e-04_bs32_modL1_fusion32_fusionL1_fusionBN0_drop0p1__wd1e-04trmiss40_trlocglobal,4,0.6515842278798422,0.6766346991062164,0.6031746031746031,0.6834501012645353,0.5111111111111111,0.0,0.0,0.0,0.0,0.0,0.0,0.0,0.0,0.0,,,,,18473,global,0.4
5,5,lr1e-04_bs32_modL1_fusion32_fusionL1_fusionBN0_drop0p1__wd1e-04trmiss40_trlocglobal,32,0.0001,0.0001,1,32,1,False,0.1,lr1e-04_bs32_modL1_fusion32_fusionL1_fusionBN0_drop0p1__wd1e-04trmiss40_trlocglobal,5,0.6425742308298746,0.6776825189590454,0.5892857142857144,0.6715414860192024,0.4888888888888889,0.0,0.0,0.0,0.0,0.0,0.0,0.0,0.0,0.0,,,,,18473,global,0.4
5,5,lr1e-04_bs32_modL1_fusion32_fusionL1_fusionBN0_drop0p1__wd1e-04trmiss40_trlocglobal,32,0.0001,0.0001,1,32,1,False,0.1,lr1e-04_bs32_modL1_fusion32_fusionL1_fusionBN0_drop0p1__wd1e-04trmiss40_trlocglobal,6,0.643781433502833,0.678735226392746,0.5813492063492063,0.6701271339662467,0.5111111111111111,0.0,0.0,0.0,0.0,0.0,0.0,0.0,0.0,0.0,,,,,18473,global,0.4
5,5,lr1e-04_bs32_modL1_fusion32_fusionL1_fusionBN0_drop0p1__wd1e-04trmiss40_trlocglobal,32,0.0001,0.0001,1,32,1,False,0.1,lr1e-04_bs32_modL1_fusion32_fusionL1_fusionBN0_drop0p1__wd1e-04trmiss40_trlocglobal,7,0.6331390341122946,0.678945004940033,0.5833333333333334,0.6804905843942527,0.5333333333333333,0.0,0.0,0.0,0.0,0.0,0.0,0.0,0.0,0.0,,,,,18473,global,0.4
5,5,lr1e-04_bs32_modL1_fusion32_fusionL1_fusionBN0_drop0p1__wd1e-04trmiss40_trlocglobal,32,0.0001,0.0001,1,32,1,False,0.1,lr1e-04_bs32_modL1_fusion32_fusionL1_fusionBN0_drop0p1__wd1e-04trmiss40_trlocglobal,8,0.6280244092146555,0.676080048084259,0.5952380952380952,0.701036908984695,0.5555555555555556,0.0,0.0,0.0,0.0,0.0,0.0,0.0,0.0,0.0,,,,,18473,global,0.4
5,5,lr1e-04_bs32_modL1_fusion32_fusionL1_fusionBN0_drop0p1__wd1e-04trmiss40_trlocglobal,32,0.0001,0.0001,1,32,1,False,0.1,lr1e-04_bs32_modL1_fusion32_fusionL1_fusionBN0_drop0p1__wd1e-04trmiss40_trlocglobal,9,0.614622970422109,0.6751629114151001,0.5992063492063492,0.7071192513316551,0.5555555555555556,0.0,0.0,0.0,0.0,0.0,0.0,0.0,0.0,0.0,,,,,18473,global,0.4
5,5,lr1e-04_bs32_modL1_fusion32_fusionL1_fusionBN0_drop0p1__wd1e-04trmiss40_trlocglobal,32,0.0001,0.0001,1,32,1,False,0.1,lr1e-04_bs32_modL1_fusion32_fusionL1_fusionBN0_drop0p1__wd1e-04trmiss40_trlocglobal,10,0.6170501708984375,0.6750196516513824,0.5992063492063493,0.7075182708082957,0.5555555555555556,0.0,0.0,0.0,0.0,0.0,0.0,0.0,0.0,0.0,,,,,18473,global,0.4
5,5,lr1e-04_bs32_modL1_fusion32_fusionL1_fusionBN0_drop0p1__wd1e-04trmiss40_trlocglobal,32,0.0001,0.0001,1,32,1,False,0.1,lr1e-04_bs32_modL1_fusion32_fusionL1_fusionBN0_drop0p1__wd1e-04trmiss40_trlocglobal,11,0.6093392272790273,0.6757224202156067,0.5912698412698413,0.6952283293738982,0.5777777777777777,0.0,0.0,0.0,0.0,0.0,0.0,0.0,0.0,0.0,,,,,18473,global,0.4
5,5,lr1e-04_bs32_modL1_fusion32_fusionL1_fusionBN0_drop0p1__wd1e-04trmiss40_trlocglobal,32,0.0001,0.0001,1,32,1,False,0.1,lr1e-04_bs32_modL1_fusion32_fusionL1_fusionBN0_drop0p1__wd1e-04trmiss40_trlocglobal,12,0.6036768754323324,0.675289660692215,0.5793650793650793,0.6837215670698549,0.5777777777777777,0.0,0.0,0.0,0.0,0.0,0.0,0.0,0.0,0.0,,,,,18473,global,0.4
5,5,lr1e-04_bs32_modL1_fusion32_fusionL1_fusionBN0_drop0p1__wd1e-04trmiss40_trlocglobal,32,0.0001,0.0001,1,32,1,False,0.1,lr1e-04_bs32_modL1_fusion32_fusionL1_fusionBN0_drop0p1__wd1e-04trmiss40_trlocglobal,13,0.5980848371982574,0.6775989234447479,0.5595238095238095,0.650570431658725,0.6,0.0,0.0,0.0,0.0,0.0,0.0,0.0,0.0,0.0,,,,,18473,global,0.4
5,5,lr1e-04_bs32_modL1_fusion32_fusionL1_fusionBN0_drop0p1__wd1e-04trmiss40_trlocglobal,32,0.0001,0.0001,1,32,1,False,0.1,lr1e-04_bs32_modL1_fusion32_fusionL1_fusionBN0_drop0p1__wd1e-04trmiss40_trlocglobal,14,0.5930322408676147,0.6764516234397888,0.5773809523809524,0.6822878189374358,0.5777777777777777,0.0,0.0,0.0,0.0,0.0,0.0,0.0,0.0,0.0,,,,,18473,global,0.4
5,5,lr1e-04_bs32_modL1_fusion32_fusionL1_fusionBN0_drop0p1__wd1e-04trmiss40_trlocglobal,32,0.0001,0.0001,1,32,1,False,0.1,lr1e-04_bs32_modL1_fusion32_fusionL1_fusionBN0_drop0p1__wd1e-04trmiss40_trlocglobal,15,0.5867387354373932,0.6758276224136353,0.5853174603174603,0.6974522049899798,0.5777777777777777,0.0,0.0,0.0,0.0,0.0,0.0,0.0,0.0,0.0,,,,,18473,global,0.4
5,5,lr1e-04_bs32_modL1_fusion32_fusionL1_fusionBN0_drop0p1__wd1e-04trmiss40_trlocglobal,32,0.0001,0.0001,1,32,1,False,0.1,lr1e-04_bs32_modL1_fusion32_fusionL1_fusionBN0_drop0p1__wd1e-04trmiss40_trlocglobal,16,0.5835218826929728,0.6776107847690582,0.5654761904761905,0.6673539025571185,0.5777777777777777,0.0,0.0,0.0,0.0,0.0,0.0,0.0,0.0,0.0,,,,,18473,global,0.4
5,5,lr1e-04_bs32_modL1_fusion32_fusionL1_fusionBN0_drop0p1__wd1e-04trmiss40_trlocglobal,32,0.0001,0.0001,1,32,1,False,0.1,lr1e-04_bs32_modL1_fusion32_fusionL1_fusionBN0_drop0p1__wd1e-04trmiss40_trlocglobal,17,0.5765063365300497,0.680981308221817,0.5436507936507937,0.637110116976535,0.5111111111111111,0.0,0.0,0.0,0.0,0.0,0.0,0.0,0.0,0.0,,,,,18473,global,0.4
5,5,lr1e-04_bs32_modL1_fusion32_fusionL1_fusionBN0_drop0p1__wd1e-04trmiss40_trlocglobal,32,0.0001,0.0001,1,32,1,False,0.1,lr1e-04_bs32_modL1_fusion32_fusionL1_fusionBN0_drop0p1__wd1e-04trmiss40_trlocglobal,18,0.578341523806254,0.67698734998703,0.5734126984126985,0.665811886146975,0.5555555555555556,0.0,0.0,0.0,0.0,0.0,0.0,0.0,0.0,0.0,,,,,18473,global,0.4
5,5,lr1e-04_bs32_modL1_fusion32_fusionL1_fusionBN0_drop0p1__wd1e-04trmiss40_trlocglobal,32,0.0001,0.0001,1,32,1,False,0.1,lr1e-04_bs32_modL1_fusion32_fusionL1_fusionBN0_drop0p1__wd1e-04trmiss40_trlocglobal,19,0.5633301138877869,0.6760782599449158,0.5734126984126985,0.67415095138516,0.5555555555555556,0.0,0.0,0.0,0.0,0.0,0.0,0.0,0.0,0.0,,,,,18473,global,0.4
5,5,lr1e-04_bs32_modL1_fusion32_fusionL1_fusionBN0_drop0p1__wd1e-04trmiss40_trlocglobal,32,0.0001,0.0001,1,32,1,False,0.1,lr1e-04_bs32_modL1_fusion32_fusionL1_fusionBN0_drop0p1__wd1e-04trmiss40_trlocglobal,20,0.5693330864111582,0.6786516010761261,0.5496031746031746,0.6393061199323564,0.5333333333333333,0.0,0.0,0.0,0.0,0.0,0.0,0.0,0.0,0.0,,,,,18473,global,0.4
5,5,lr1e-04_bs32_modL1_fusion32_fusionL1_fusionBN0_drop0p1__wd1e-04trmiss40_trlocglobal,32,0.0001,0.0001,1,32,1,False,0.1,lr1e-04_bs32_modL1_fusion32_fusionL1_fusionBN0_drop0p1__wd1e-04trmiss40_trlocglobal,21,0.559105803569158,0.6795974969863892,0.5436507936507937,0.5987902252108991,0.5111111111111111,0.0,0.0,0.0,0.0,0.0,0.0,0.0,0.0,0.0,,,,,18473,global,0.4
5,5,lr1e-04_bs32_modL1_fusion32_fusionL1_fusionBN0_drop0p1__wd1e-04trmiss40_trlocglobal,32,0.0001,0.0001,1,32,1,False,0.1,lr1e-04_bs32_modL1_fusion32_fusionL1_fusionBN0_drop0p1__wd1e-04trmiss40_trlocglobal,22,0.5522388219833374,0.6802734136581421,0.5416666666666667,0.5978135617342356,0.5111111111111111,0.0,0.0,0.0,0.0,0.0,0.0,0.0,0.0,0.0,,,,,18473,global,0.4
5,5,lr1e-04_bs32_modL1_fusion32_fusionL1_fusionBN0_drop0p1__wd1e-04trmiss40_trlocglobal,32,0.0001,0.0001,1,32,1,False,0.1,lr1e-04_bs32_modL1_fusion32_fusionL1_fusionBN0_drop0p1__wd1e-04trmiss40_trlocglobal,23,0.5446977019309998,0.6791427731513977,0.5416666666666667,0.6093597945108377,0.5333333333333333,0.0,0.0,0.0,0.0,0.0,0.0,0.0,0.0,0.0,,,,,18473,global,0.4
5,5,lr1e-04_bs32_modL1_fusion32_fusionL1_fusionBN0_drop0p1__wd1e-04trmiss40_trlocglobal,32,0.0001,0.0001,1,32,1,False,0.1,lr1e-04_bs32_modL1_fusion32_fusionL1_fusionBN0_drop0p1__wd1e-04trmiss40_trlocglobal,24,0.5416511793931326,0.6817297339439392,0.5436507936507937,0.6159584618016208,0.5111111111111111,0.0,0.0,0.0,0.0,0.0,0.0,0.0,0.0,0.0,,,,,18473,global,0.4
5,5,lr1e-04_bs32_modL1_fusion32_fusionL1_fusionBN0_drop0p1__wd1e-04trmiss40_trlocglobal,32,0.0001,0.0001,1,32,1,False,0.1,lr1e-04_bs32_modL1_fusion32_fusionL1_fusionBN0_drop0p1__wd1e-04trmiss40_trlocglobal,25,0.5321300427118937,0.6817453801631927,0.5376984126984127,0.5884677719711048,0.5111111111111111,0.0,0.0,0.0,0.0,0.0,0.0,0.0,0.0,0.0,,,,,18473,global,0.4
5,5,lr1e-04_bs32_modL1_fusion32_fusionL1_fusionBN0_drop0p1__wd1e-04trmiss40_trlocglobal,32,0.0001,0.0001,1,32,1,False,0.1,lr1e-04_bs32_modL1_fusion32_fusionL1_fusionBN0_drop0p1__wd1e-04trmiss40_trlocglobal,26,0.5308271447817484,0.6780514121055603,0.5575396825396826,0.6069666728992281,0.5333333333333333,0.0,0.0,0.0,0.0,0.0,0.0,0.0,0.0,0.0,,,,,18473,global,0.4
5,5,lr1e-04_bs32_modL1_fusion32_fusionL1_fusionBN0_drop0p1__wd1e-04trmiss40_trlocglobal,32,0.0001,0.0001,1,32,1,False,0.1,lr1e-04_bs32_modL1_fusion32_fusionL1_fusionBN0_drop0p1__wd1e-04trmiss40_trlocglobal,27,0.5191648105780283,0.6775715053081512,0.5555555555555556,0.6101568634631399,0.5333333333333333,0.0,0.0,0.0,0.0,0.0,0.0,0.0,0.0,0.0,,,,,18473,global,0.4
5,5,lr1e-04_bs32_modL1_fusion32_fusionL1_fusionBN0_drop0p1__wd1e-04trmiss40_trlocglobal,32,0.0001,0.0001,1,32,1,False,0.1,lr1e-04_bs32_modL1_fusion32_fusionL1_fusionBN0_drop0p1__wd1e-04trmiss40_trlocglobal,28,0.5197280248006185,0.6780064702033997,0.5496031746031745,0.6167151378909951,0.5333333333333333,0.0,0.0,0.0,0.0,0.0,0.0,0.0,0.0,0.0,,,,,18473,global,0.4
5,5,lr1e-04_bs32_modL1_fusion32_fusionL1_fusionBN0_drop0p1__wd1e-04trmiss40_trlocglobal,32,0.0001,0.0001,1,32,1,False,0.1,lr1e-04_bs32_modL1_fusion32_fusionL1_fusionBN0_drop0p1__wd1e-04trmiss40_trlocglobal,29,0.5145230442285538,0.6753560304641724,0.5575396825396826,0.6103315460953374,0.5555555555555556,0.0,0.0,0.0,0.0,0.0,0.0,0.0,0.0,0.0,,,,,18473,global,0.4
5,5,lr1e-04_bs32_modL1_fusion32_fusionL1_fusionBN0_drop0p1__wd1e-04trmiss40_trlocglobal,32,0.0001,0.0001,1,32,1,False,0.1,lr1e-04_bs32_modL1_fusion32_fusionL1_fusionBN0_drop0p1__wd1e-04trmiss40_trlocglobal,30,0.5133026738961538,0.6762655675411224,0.5634920634920635,0.6297856149776809,0.5333333333333333,0.0,0.0,0.0,0.0,0.0,0.0,0.0,0.0,0.0,,,,,18473,global,0.4
5,5,lr5e-05_bs32_modL1_fusion16_fusionL1_fusionBN0_drop0p2__wd1e-04trmiss40_trlocglobal,32,5e-05,0.0001,1,16,1,False,0.2,lr5e-05_bs32_modL1_fusion16_fusionL1_fusionBN0_drop0p2__wd1e-04trmiss40_trlocglobal,1,0.700114240248998,0.6878995299339294,0.5456349206349207,0.581983662396641,0.4888888888888889,0.0,0.0,0.0,0.0,0.0,0.0,0.0,0.0,0.0,,,,,18473,global,0.4
5,5,lr5e-05_bs32_modL1_fusion16_fusionL1_fusionBN0_drop0p2__wd1e-04trmiss40_trlocglobal,32,5e-05,0.0001,1,16,1,False,0.2,lr5e-05_bs32_modL1_fusion16_fusionL1_fusionBN0_drop0p2__wd1e-04trmiss40_trlocglobal,2,0.7028985718886057,0.6883971393108368,0.5456349206349207,0.6202675383803301,0.5111111111111111,0.0,0.0,0.0,0.0,0.0,0.0,0.0,0.0,0.0,,,,,18473,global,0.4
5,5,lr5e-05_bs32_modL1_fusion16_fusionL1_fusionBN0_drop0p2__wd1e-04trmiss40_trlocglobal,32,5e-05,0.0001,1,16,1,False,0.2,lr5e-05_bs32_modL1_fusion16_fusionL1_fusionBN0_drop0p2__wd1e-04trmiss40_trlocglobal,3,0.6915662288665771,0.6895379722118378,0.5357142857142858,0.6165929737786093,0.5555555555555556,0.0,0.0,0.0,0.0,0.0,0.0,0.0,0.0,0.0,,,,,18473,global,0.4
5,5,lr5e-05_bs32_modL1_fusion16_fusionL1_fusionBN0_drop0p2__wd1e-04trmiss40_trlocglobal,32,5e-05,0.0001,1,16,1,False,0.2,lr5e-05_bs32_modL1_fusion16_fusionL1_fusionBN0_drop0p2__wd1e-04trmiss40_trlocglobal,4,0.6905641754468282,0.689858078956604,0.5218253968253969,0.6129465263432401,0.5555555555555556,0.0,0.0,0.0,0.0,0.0,0.0,0.0,0.0,0.0,,,,,18473,global,0.4
5,5,lr5e-05_bs32_modL1_fusion16_fusionL1_fusionBN0_drop0p2__wd1e-04trmiss40_trlocglobal,32,5e-05,0.0001,1,16,1,False,0.2,lr5e-05_bs32_modL1_fusion16_fusionL1_fusionBN0_drop0p2__wd1e-04trmiss40_trlocglobal,5,0.6818380455176035,0.6891491711139679,0.5436507936507937,0.6226758042869959,0.5777777777777777,0.0,0.0,0.0,0.0,0.0,0.0,0.0,0.0,0.0,,,,,18473,global,0.4
5,5,lr5e-05_bs32_modL1_fusion16_fusionL1_fusionBN0_drop0p2__wd1e-04trmiss40_trlocglobal,32,5e-05,0.0001,1,16,1,False,0.2,lr5e-05_bs32_modL1_fusion16_fusionL1_fusionBN0_drop0p2__wd1e-04trmiss40_trlocglobal,6,0.6792831023534139,0.6883176565170288,0.5456349206349207,0.624531501837353,0.5777777777777777,0.0,0.0,0.0,0.0,0.0,0.0,0.0,0.0,0.0,,,,,18473,global,0.4
5,5,lr5e-05_bs32_modL1_fusion16_fusionL1_fusionBN0_drop0p2__wd1e-04trmiss40_trlocglobal,32,5e-05,0.0001,1,16,1,False,0.2,lr5e-05_bs32_modL1_fusion16_fusionL1_fusionBN0_drop0p2__wd1e-04trmiss40_trlocglobal,7,0.6743940810362498,0.686986118555069,0.5714285714285714,0.6351312570272905,0.5555555555555556,0.0,0.0,0.0,0.0,0.0,0.0,0.0,0.0,0.0,,,,,18473,global,0.4
5,5,lr5e-05_bs32_modL1_fusion16_fusionL1_fusionBN0_drop0p2__wd1e-04trmiss40_trlocglobal,32,5e-05,0.0001,1,16,1,False,0.2,lr5e-05_bs32_modL1_fusion16_fusionL1_fusionBN0_drop0p2__wd1e-04trmiss40_trlocglobal,8,0.671825627485911,0.6865212619304657,0.5753968253968254,0.6378901738456371,0.5333333333333333,0.0,0.0,0.0,0.0,0.0,0.0,0.0,0.0,0.0,,,,,18473,global,0.4
5,5,lr5e-05_bs32_modL1_fusion16_fusionL1_fusionBN0_drop0p2__wd1e-04trmiss40_trlocglobal,32,5e-05,0.0001,1,16,1,False,0.2,lr5e-05_bs32_modL1_fusion16_fusionL1_fusionBN0_drop0p2__wd1e-04trmiss40_trlocglobal,9,0.6669194797674814,0.6864720582962036,0.5793650793650793,0.64148587868897,0.5333333333333333,0.0,0.0,0.0,0.0,0.0,0.0,0.0,0.0,0.0,,,,,18473,global,0.4
5,5,lr5e-05_bs32_modL1_fusion16_fusionL1_fusionBN0_drop0p2__wd1e-04trmiss40_trlocglobal,32,5e-05,0.0001,1,16,1,False,0.2,lr5e-05_bs32_modL1_fusion16_fusionL1_fusionBN0_drop0p2__wd1e-04trmiss40_trlocglobal,10,0.6662674347559611,0.6858923137187958,0.5734126984126984,0.638401214154365,0.5333333333333333,0.0,0.0,0.0,0.0,0.0,0.0,0.0,0.0,0.0,,,,,18473,global,0.4
5,5,lr5e-05_bs32_modL1_fusion16_fusionL1_fusionBN0_drop0p2__wd1e-04trmiss40_trlocglobal,32,5e-05,0.0001,1,16,1,False,0.2,lr5e-05_bs32_modL1_fusion16_fusionL1_fusionBN0_drop0p2__wd1e-04trmiss40_trlocglobal,11,0.663114974896113,0.6857534945011139,0.5753968253968255,0.6388433183464691,0.5333333333333333,0.0,0.0,0.0,0.0,0.0,0.0,0.0,0.0,0.0,,,,,18473,global,0.4
5,5,lr5e-05_bs32_modL1_fusion16_fusionL1_fusionBN0_drop0p2__wd1e-04trmiss40_trlocglobal,32,5e-05,0.0001,1,16,1,False,0.2,lr5e-05_bs32_modL1_fusion16_fusionL1_fusionBN0_drop0p2__wd1e-04trmiss40_trlocglobal,12,0.6473321815331777,0.6869458258152008,0.5535714285714286,0.626941492080748,0.5333333333333333,0.0,0.0,0.0,0.0,0.0,0.0,0.0,0.0,0.0,,,,,18473,global,0.4
5,5,lr5e-05_bs32_modL1_fusion16_fusionL1_fusionBN0_drop0p2__wd1e-04trmiss40_trlocglobal,32,5e-05,0.0001,1,16,1,False,0.2,lr5e-05_bs32_modL1_fusion16_fusionL1_fusionBN0_drop0p2__wd1e-04trmiss40_trlocglobal,13,0.6499868631362915,0.6875306069850922,0.5496031746031746,0.6257761455069781,0.5333333333333333,0.0,0.0,0.0,0.0,0.0,0.0,0.0,0.0,0.0,,,,,18473,global,0.4
5,5,lr5e-05_bs32_modL1_fusion16_fusionL1_fusionBN0_drop0p2__wd1e-04trmiss40_trlocglobal,32,5e-05,0.0001,1,16,1,False,0.2,lr5e-05_bs32_modL1_fusion16_fusionL1_fusionBN0_drop0p2__wd1e-04trmiss40_trlocglobal,14,0.644503116607666,0.687591165304184,0.5476190476190477,0.6198884812072363,0.5333333333333333,0.0,0.0,0.0,0.0,0.0,0.0,0.0,0.0,0.0,,,,,18473,global,0.4
5,5,lr5e-05_bs32_modL1_fusion16_fusionL1_fusionBN0_drop0p2__wd1e-04trmiss40_trlocglobal,32,5e-05,0.0001,1,16,1,False,0.2,lr5e-05_bs32_modL1_fusion16_fusionL1_fusionBN0_drop0p2__wd1e-04trmiss40_trlocglobal,15,0.6489138901233673,0.6870509386062622,0.5575396825396826,0.6385753104924428,0.5333333333333333,0.0,0.0,0.0,0.0,0.0,0.0,0.0,0.0,0.0,,,,,18473,global,0.4
5,5,lr5e-05_bs32_modL1_fusion16_fusionL1_fusionBN0_drop0p2__wd1e-04trmiss40_trlocglobal,32,5e-05,0.0001,1,16,1,False,0.2,lr5e-05_bs32_modL1_fusion16_fusionL1_fusionBN0_drop0p2__wd1e-04trmiss40_trlocglobal,16,0.6414333979288737,0.6864376664161682,0.5615079365079365,0.6553608741432432,0.5333333333333333,0.0,0.0,0.0,0.0,0.0,0.0,0.0,0.0,0.0,,,,,18473,global,0.4
5,5,lr5e-05_bs32_modL1_fusion16_fusionL1_fusionBN0_drop0p2__wd1e-04trmiss40_trlocglobal,32,5e-05,0.0001,1,16,1,False,0.2,lr5e-05_bs32_modL1_fusion16_fusionL1_fusionBN0_drop0p2__wd1e-04trmiss40_trlocglobal,17,0.646132081747055,0.6864415109157562,0.5615079365079365,0.6556848572573999,0.5333333333333333,0.0,0.0,0.0,0.0,0.0,0.0,0.0,0.0,0.0,,,,,18473,global,0.4
5,5,lr5e-05_bs32_modL1_fusion16_fusionL1_fusionBN0_drop0p2__wd1e-04trmiss40_trlocglobal,32,5e-05,0.0001,1,16,1,False,0.2,lr5e-05_bs32_modL1_fusion16_fusionL1_fusionBN0_drop0p2__wd1e-04trmiss40_trlocglobal,18,0.6417164206504822,0.6862761378288269,0.5714285714285714,0.6660097155530018,0.5333333333333333,0.0,0.0,0.0,0.0,0.0,0.0,0.0,0.0,0.0,,,,,18473,global,0.4
5,5,lr5e-05_bs32_modL1_fusion16_fusionL1_fusionBN0_drop0p2__wd1e-04trmiss40_trlocglobal,32,5e-05,0.0001,1,16,1,False,0.2,lr5e-05_bs32_modL1_fusion16_fusionL1_fusionBN0_drop0p2__wd1e-04trmiss40_trlocglobal,19,0.6342864533265432,0.6857370734214783,0.5674603174603176,0.6648582041912221,0.5555555555555556,0.0,0.0,0.0,0.0,0.0,0.0,0.0,0.0,0.0,,,,,18473,global,0.4
5,5,lr5e-05_bs32_modL1_fusion16_fusionL1_fusionBN0_drop0p2__wd1e-04trmiss40_trlocglobal,32,5e-05,0.0001,1,16,1,False,0.2,lr5e-05_bs32_modL1_fusion16_fusionL1_fusionBN0_drop0p2__wd1e-04trmiss40_trlocglobal,20,0.6369618078072866,0.6859219372272491,0.5634920634920635,0.6641202368444152,0.5555555555555556,0.0,0.0,0.0,0.0,0.0,0.0,0.0,0.0,0.0,,,,,18473,global,0.4
5,5,lr5e-05_bs32_modL1_fusion16_fusionL1_fusionBN0_drop0p2__wd1e-04trmiss40_trlocglobal,32,5e-05,0.0001,1,16,1,False,0.2,lr5e-05_bs32_modL1_fusion16_fusionL1_fusionBN0_drop0p2__wd1e-04trmiss40_trlocglobal,21,0.6307887335618337,0.6841442584991455,0.5793650793650793,0.6691178579369175,0.5555555555555556,0.0,0.0,0.0,0.0,0.0,0.0,0.0,0.0,0.0,,,,,18473,global,0.4
5,5,lr5e-05_bs32_modL1_fusion16_fusionL1_fusionBN0_drop0p2__wd1e-04trmiss40_trlocglobal,32,5e-05,0.0001,1,16,1,False,0.2,lr5e-05_bs32_modL1_fusion16_fusionL1_fusionBN0_drop0p2__wd1e-04trmiss40_trlocglobal,22,0.6314145823319753,0.6825480759143829,0.5873015873015873,0.6729735555969664,0.5555555555555556,0.0,0.0,0.0,0.0,0.0,0.0,0.0,0.0,0.0,,,,,18473,global,0.4
5,5,lr5e-05_bs32_modL1_fusion16_fusionL1_fusionBN0_drop0p2__wd1e-04trmiss40_trlocglobal,32,5e-05,0.0001,1,16,1,False,0.2,lr5e-05_bs32_modL1_fusion16_fusionL1_fusionBN0_drop0p2__wd1e-04trmiss40_trlocglobal,23,0.6279752453168234,0.682551234960556,0.5853174603174603,0.6689658558851651,0.5777777777777777,0.0,0.0,0.0,0.0,0.0,0.0,0.0,0.0,0.0,,,,,18473,global,0.4
5,5,lr5e-05_bs32_modL1_fusion16_fusionL1_fusionBN0_drop0p2__wd1e-04trmiss40_trlocglobal,32,5e-05,0.0001,1,16,1,False,0.2,lr5e-05_bs32_modL1_fusion16_fusionL1_fusionBN0_drop0p2__wd1e-04trmiss40_trlocglobal,24,0.6260354419549307,0.682670921087265,0.5813492063492064,0.6704838023961546,0.5333333333333333,0.0,0.0,0.0,0.0,0.0,0.0,0.0,0.0,0.0,,,,,18473,global,0.4
5,5,lr5e-05_bs32_modL1_fusion16_fusionL1_fusionBN0_drop0p2__wd1e-04trmiss40_trlocglobal,32,5e-05,0.0001,1,16,1,False,0.2,lr5e-05_bs32_modL1_fusion16_fusionL1_fusionBN0_drop0p2__wd1e-04trmiss40_trlocglobal,25,0.6253847479820251,0.6836158633232117,0.5654761904761905,0.6577132953214876,0.5555555555555556,0.0,0.0,0.0,0.0,0.0,0.0,0.0,0.0,0.0,,,,,18473,global,0.4
5,5,lr5e-05_bs32_modL1_fusion16_fusionL1_fusionBN0_drop0p2__wd1e-04trmiss40_trlocglobal,32,5e-05,0.0001,1,16,1,False,0.2,lr5e-05_bs32_modL1_fusion16_fusionL1_fusionBN0_drop0p2__wd1e-04trmiss40_trlocglobal,26,0.6237134238084158,0.6848712861537933,0.5496031746031746,0.6505887199961568,0.5111111111111111,0.0,0.0,0.0,0.0,0.0,0.0,0.0,0.0,0.0,,,,,18473,global,0.4
5,5,lr5e-05_bs32_modL1_fusion16_fusionL1_fusionBN0_drop0p2__wd1e-04trmiss40_trlocglobal,32,5e-05,0.0001,1,16,1,False,0.2,lr5e-05_bs32_modL1_fusion16_fusionL1_fusionBN0_drop0p2__wd1e-04trmiss40_trlocglobal,27,0.6228054066499075,0.686006486415863,0.5535714285714286,0.6537184424886243,0.5111111111111111,0.0,0.0,0.0,0.0,0.0,0.0,0.0,0.0,0.0,,,,,18473,global,0.4
5,5,lr5e-05_bs32_modL1_fusion16_fusionL1_fusionBN0_drop0p2__wd1e-04trmiss40_trlocglobal,32,5e-05,0.0001,1,16,1,False,0.2,lr5e-05_bs32_modL1_fusion16_fusionL1_fusionBN0_drop0p2__wd1e-04trmiss40_trlocglobal,28,0.6127501428127289,0.6868307590484619,0.5476190476190477,0.6480404399356218,0.5111111111111111,0.0,0.0,0.0,0.0,0.0,0.0,0.0,0.0,0.0,,,,,18473,global,0.4
5,5,lr5e-05_bs32_modL1_fusion16_fusionL1_fusionBN0_drop0p2__wd1e-04trmiss40_trlocglobal,32,5e-05,0.0001,1,16,1,False,0.2,lr5e-05_bs32_modL1_fusion16_fusionL1_fusionBN0_drop0p2__wd1e-04trmiss40_trlocglobal,29,0.6159401933352152,0.686888188123703,0.5515873015873016,0.6537486206438025,0.5111111111111111,0.0,0.0,0.0,0.0,0.0,0.0,0.0,0.0,0.0,,,,,18473,global,0.4
5,5,lr5e-05_bs32_modL1_fusion16_fusionL1_fusionBN0_drop0p2__wd1e-04trmiss40_trlocglobal,32,5e-05,0.0001,1,16,1,False,0.2,lr5e-05_bs32_modL1_fusion16_fusionL1_fusionBN0_drop0p2__wd1e-04trmiss40_trlocglobal,30,0.6140088438987732,0.6868971288204193,0.5416666666666666,0.6474659730153731,0.5555555555555556,0.0,0.0,0.0,0.0,0.0,0.0,0.0,0.0,0.0,,,,,18473,global,0.4
5,5,lr5e-05_bs32_modL1_fusion16_fusionL1_fusionBN0_drop0p2__wd1e-04trmiss40_trlocglobal,32,5e-05,0.0001,1,16,1,False,0.2,lr5e-05_bs32_modL1_fusion16_fusionL1_fusionBN0_drop0p2__wd1e-04trmiss40_trlocglobal,31,0.6116669078667959,0.6879478991031647,0.5436507936507937,0.65005956389924,0.5777777777777777,0.0,0.0,0.0,0.0,0.0,0.0,0.0,0.0,0.0,,,,,18473,global,0.4
5,5,lr5e-05_bs32_modL1_fusion16_fusionL1_fusionBN0_drop0p2__wd1e-04trmiss40_trlocglobal,32,5e-05,0.0001,1,16,1,False,0.2,lr5e-05_bs32_modL1_fusion16_fusionL1_fusionBN0_drop0p2__wd1e-04trmiss40_trlocglobal,32,0.611452172199885,0.6890046894550323,0.5416666666666666,0.6464740190326353,0.5555555555555556,0.0,0.0,0.0,0.0,0.0,0.0,0.0,0.0,0.0,,,,,18473,global,0.4
5,5,lr5e-05_bs32_modL1_fusion16_fusionL1_fusionBN0_drop0p2__wd1e-04trmiss40_trlocglobal,32,5e-05,0.0001,1,16,1,False,0.2,lr5e-05_bs32_modL1_fusion16_fusionL1_fusionBN0_drop0p2__wd1e-04trmiss40_trlocglobal,33,0.6011647482713064,0.6893649995326996,0.5257936507936508,0.6338971827425638,0.5333333333333333,0.0,0.0,0.0,0.0,0.0,0.0,0.0,0.0,0.0,,,,,18473,global,0.4
5,5,lr5e-05_bs32_modL1_fusion16_fusionL1_fusionBN0_drop0p2__wd1e-04trmiss40_trlocglobal,32,5e-05,0.0001,1,16,1,False,0.2,lr5e-05_bs32_modL1_fusion16_fusionL1_fusionBN0_drop0p2__wd1e-04trmiss40_trlocglobal,34,0.6057001153628031,0.6887706220149994,0.5257936507936507,0.6355996515091772,0.5333333333333333,0.0,0.0,0.0,0.0,0.0,0.0,0.0,0.0,0.0,,,,,18473,global,0.4
5,5,lr5e-05_bs32_modL1_fusion16_fusionL1_fusionBN0_drop0p2__wd1e-04trmiss40_trlocglobal,32,5e-05,0.0001,1,16,1,False,0.2,lr5e-05_bs32_modL1_fusion16_fusionL1_fusionBN0_drop0p2__wd1e-04trmiss40_trlocglobal,35,0.6133416791756948,0.6885035932064056,0.5317460317460317,0.6383676867075531,0.5555555555555556,0.0,0.0,0.0,0.0,0.0,0.0,0.0,0.0,0.0,,,,,18473,global,0.4
5,5,lr5e-05_bs32_modL1_fusion16_fusionL1_fusionBN0_drop0p2__wd1e-04trmiss40_trlocglobal,32,5e-05,0.0001,1,16,1,False,0.2,lr5e-05_bs32_modL1_fusion16_fusionL1_fusionBN0_drop0p2__wd1e-04trmiss40_trlocglobal,36,0.6064895391464233,0.6888424456119537,0.5257936507936508,0.6320458835107498,0.5555555555555556,0.0,0.0,0.0,0.0,0.0,0.0,0.0,0.0,0.0,,,,,18473,global,0.4
5,5,lr5e-05_bs32_modL1_fusion16_fusionL1_fusionBN0_drop0p2__wd1e-04trmiss40_trlocglobal,32,5e-05,0.0001,1,16,1,False,0.2,lr5e-05_bs32_modL1_fusion16_fusionL1_fusionBN0_drop0p2__wd1e-04trmiss40_trlocglobal,37,0.605697919925054,0.6909387409687042,0.5218253968253969,0.633433632903058,0.5555555555555556,0.0,0.0,0.0,0.0,0.0,0.0,0.0,0.0,0.0,,,,,18473,global,0.4
5,5,lr5e-05_bs32_modL1_fusion16_fusionL1_fusionBN0_drop0p2__wd1e-04trmiss40_trlocglobal,32,5e-05,0.0001,1,16,1,False,0.2,lr5e-05_bs32_modL1_fusion16_fusionL1_fusionBN0_drop0p2__wd1e-04trmiss40_trlocglobal,38,0.6071545481681824,0.6916918754577637,0.5198412698412699,0.631711670604975,0.5333333333333333,0.0,0.0,0.0,0.0,0.0,0.0,0.0,0.0,0.0,,,,,18473,global,0.4
5,5,lr5e-05_bs32_modL1_fusion16_fusionL1_fusionBN0_drop0p2__wd1e-04trmiss40_trlocglobal,32,5e-05,0.0001,1,16,1,False,0.2,lr5e-05_bs32_modL1_fusion16_fusionL1_fusionBN0_drop0p2__wd1e-04trmiss40_trlocglobal,39,0.5928228497505188,0.690635621547699,0.5337301587301587,0.64104754831335,0.5555555555555556,0.0,0.0,0.0,0.0,0.0,0.0,0.0,0.0,0.0,,,,,18473,global,0.4
5,5,lr5e-05_bs32_modL1_fusion16_fusionL1_fusionBN0_drop0p2__wd1e-04trmiss40_trlocglobal,32,5e-05,0.0001,1,16,1,False,0.2,lr5e-05_bs32_modL1_fusion16_fusionL1_fusionBN0_drop0p2__wd1e-04trmiss40_trlocglobal,40,0.5904674430688223,0.6896877884864807,0.5416666666666667,0.6470266301357624,0.5555555555555556,0.0,0.0,0.0,0.0,0.0,0.0,0.0,0.0,0.0,,,,,18473,global,0.4
5,5,lr5e-05_bs32_modL1_fusion16_fusionL1_fusionBN0_drop0p2__wd1e-04trmiss40_trlocglobal,32,5e-05,0.0001,1,16,1,False,0.2,lr5e-05_bs32_modL1_fusion16_fusionL1_fusionBN0_drop0p2__wd1e-04trmiss40_trlocglobal,41,0.593757708867391,0.6888645887374878,0.5357142857142857,0.6534432643728592,0.5555555555555556,0.0,0.0,0.0,0.0,0.0,0.0,0.0,0.0,0.0,,,,,18473,global,0.4
5,5,lr5e-05_bs32_modL1_fusion16_fusionL1_fusionBN0_drop0p2__wd1e-04trmiss40_trlocglobal,32,5e-05,0.0001,1,16,1,False,0.2,lr5e-05_bs32_modL1_fusion16_fusionL1_fusionBN0_drop0p2__wd1e-04trmiss40_trlocglobal,42,0.583538830280304,0.689987063407898,0.5218253968253969,0.6305798296535193,0.5333333333333333,0.0,0.0,0.0,0.0,0.0,0.0,0.0,0.0,0.0,,,,,18473,global,0.4
5,5,lr5e-05_bs32_modL1_fusion16_fusionL1_fusionBN0_drop0p1__wd1e-04trmiss40_trlocglobal,32,5e-05,0.0001,1,16,1,False,0.1,lr5e-05_bs32_modL1_fusion16_fusionL1_fusionBN0_drop0p1__wd1e-04trmiss40_trlocglobal,1,0.7032371362050375,0.6998318731784821,0.5099206349206349,0.5593585568211625,0.5111111111111111,0.0,0.0,0.0,0.0,0.0,0.0,0.0,0.0,0.0,,,,,18473,global,0.4
5,5,lr5e-05_bs32_modL1_fusion16_fusionL1_fusionBN0_drop0p1__wd1e-04trmiss40_trlocglobal,32,5e-05,0.0001,1,16,1,False,0.1,lr5e-05_bs32_modL1_fusion16_fusionL1_fusionBN0_drop0p1__wd1e-04trmiss40_trlocglobal,2,0.676138699054718,0.6999910771846771,0.5416666666666667,0.5791626201242173,0.5777777777777777,0.0,0.0,0.0,0.0,0.0,0.0,0.0,0.0,0.0,,,,,18473,global,0.4
5,5,lr5e-05_bs32_modL1_fusion16_fusionL1_fusionBN0_drop0p1__wd1e-04trmiss40_trlocglobal,32,5e-05,0.0001,1,16,1,False,0.1,lr5e-05_bs32_modL1_fusion16_fusionL1_fusionBN0_drop0p1__wd1e-04trmiss40_trlocglobal,3,0.6659425993760427,0.7005481421947479,0.5297619047619049,0.5692045691233043,0.5555555555555556,0.0,0.0,0.0,0.0,0.0,0.0,0.0,0.0,0.0,,,,,18473,global,0.4
5,5,lr5e-05_bs32_modL1_fusion16_fusionL1_fusionBN0_drop0p1__wd1e-04trmiss40_trlocglobal,32,5e-05,0.0001,1,16,1,False,0.1,lr5e-05_bs32_modL1_fusion16_fusionL1_fusionBN0_drop0p1__wd1e-04trmiss40_trlocglobal,4,0.6485366324583689,0.6995846033096313,0.5515873015873016,0.5878523273578592,0.5777777777777777,0.0,0.0,0.0,0.0,0.0,0.0,0.0,0.0,0.0,,,,,18473,global,0.4
5,5,lr5e-05_bs32_modL1_fusion16_fusionL1_fusionBN0_drop0p1__wd1e-04trmiss40_trlocglobal,32,5e-05,0.0001,1,16,1,False,0.1,lr5e-05_bs32_modL1_fusion16_fusionL1_fusionBN0_drop0p1__wd1e-04trmiss40_trlocglobal,5,0.6535161236921946,0.6994664669036865,0.5575396825396826,0.5937229972371497,0.6,0.0,0.0,0.0,0.0,0.0,0.0,0.0,0.0,0.0,,,,,18473,global,0.4
5,5,lr5e-05_bs32_modL1_fusion16_fusionL1_fusionBN0_drop0p1__wd1e-04trmiss40_trlocglobal,32,5e-05,0.0001,1,16,1,False,0.1,lr5e-05_bs32_modL1_fusion16_fusionL1_fusionBN0_drop0p1__wd1e-04trmiss40_trlocglobal,6,0.6320588191350301,0.6983530819416046,0.5654761904761905,0.5980597331535004,0.6,0.0,0.0,0.0,0.0,0.0,0.0,0.0,0.0,0.0,,,,,18473,global,0.4
5,5,lr5e-05_bs32_modL1_fusion16_fusionL1_fusionBN0_drop0p1__wd1e-04trmiss40_trlocglobal,32,5e-05,0.0001,1,16,1,False,0.1,lr5e-05_bs32_modL1_fusion16_fusionL1_fusionBN0_drop0p1__wd1e-04trmiss40_trlocglobal,7,0.6321732799212137,0.6963942050933838,0.5833333333333333,0.6259520400782329,0.6222222222222222,0.0,0.0,0.0,0.0,0.0,0.0,0.0,0.0,0.0,,,,,18473,global,0.4
5,5,lr5e-05_bs32_modL1_fusion16_fusionL1_fusionBN0_drop0p1__wd1e-04trmiss40_trlocglobal,32,5e-05,0.0001,1,16,1,False,0.1,lr5e-05_bs32_modL1_fusion16_fusionL1_fusionBN0_drop0p1__wd1e-04trmiss40_trlocglobal,8,0.6252773006757101,0.6941733360290527,0.5873015873015872,0.6256032171642131,0.6222222222222222,0.0,0.0,0.0,0.0,0.0,0.0,0.0,0.0,0.0,,,,,18473,global,0.4
5,5,lr5e-05_bs32_modL1_fusion16_fusionL1_fusionBN0_drop0p1__wd1e-04trmiss40_trlocglobal,32,5e-05,0.0001,1,16,1,False,0.1,lr5e-05_bs32_modL1_fusion16_fusionL1_fusionBN0_drop0p1__wd1e-04trmiss40_trlocglobal,9,0.6293628215789795,0.6939316093921661,0.5773809523809523,0.6161427698457936,0.6222222222222222,0.0,0.0,0.0,0.0,0.0,0.0,0.0,0.0,0.0,,,,,18473,global,0.4
5,5,lr5e-05_bs32_modL1_fusion16_fusionL1_fusionBN0_drop0p1__wd1e-04trmiss40_trlocglobal,32,5e-05,0.0001,1,16,1,False,0.1,lr5e-05_bs32_modL1_fusion16_fusionL1_fusionBN0_drop0p1__wd1e-04trmiss40_trlocglobal,10,0.6107470194498698,0.6951859593391418,0.5813492063492063,0.6146077262598347,0.6222222222222222,0.0,0.0,0.0,0.0,0.0,0.0,0.0,0.0,0.0,,,,,18473,global,0.4
5,5,lr5e-05_bs32_modL1_fusion16_fusionL1_fusionBN0_drop0p1__wd1e-04trmiss40_trlocglobal,32,5e-05,0.0001,1,16,1,False,0.1,lr5e-05_bs32_modL1_fusion16_fusionL1_fusionBN0_drop0p1__wd1e-04trmiss40_trlocglobal,11,0.6081899503866831,0.696995198726654,0.5773809523809524,0.5874974958247962,0.6444444444444445,0.0,0.0,0.0,0.0,0.0,0.0,0.0,0.0,0.0,,,,,18473,global,0.4
5,5,lr5e-05_bs32_modL1_fusion16_fusionL1_fusionBN0_drop0p1__wd1e-04trmiss40_trlocglobal,32,5e-05,0.0001,1,16,1,False,0.1,lr5e-05_bs32_modL1_fusion16_fusionL1_fusionBN0_drop0p1__wd1e-04trmiss40_trlocglobal,12,0.6003110011418661,0.6966809928417206,0.5773809523809523,0.5870150098803536,0.6444444444444445,0.0,0.0,0.0,0.0,0.0,0.0,0.0,0.0,0.0,,,,,18473,global,0.4
5,5,lr5e-05_bs32_modL1_fusion16_fusionL1_fusionBN0_drop0p1__wd1e-04trmiss40_trlocglobal,32,5e-05,0.0001,1,16,1,False,0.1,lr5e-05_bs32_modL1_fusion16_fusionL1_fusionBN0_drop0p1__wd1e-04trmiss40_trlocglobal,13,0.5983904600143433,0.6965048015117645,0.5734126984126984,0.5837616235237889,0.6222222222222222,0.0,0.0,0.0,0.0,0.0,0.0,0.0,0.0,0.0,,,,,18473,global,0.4
5,5,lr5e-05_bs32_modL1_fusion16_fusionL1_fusionBN0_drop0p1__wd1e-04trmiss40_trlocglobal,32,5e-05,0.0001,1,16,1,False,0.1,lr5e-05_bs32_modL1_fusion16_fusionL1_fusionBN0_drop0p1__wd1e-04trmiss40_trlocglobal,14,0.5966851512591044,0.6965220272541046,0.5753968253968254,0.5846002987374641,0.5777777777777777,0.0,0.0,0.0,0.0,0.0,0.0,0.0,0.0,0.0,,,,,18473,global,0.4
5,5,lr5e-05_bs32_modL1_fusion16_fusionL1_fusionBN0_drop0p1__wd1e-04trmiss40_trlocglobal,32,5e-05,0.0001,1,16,1,False,0.1,lr5e-05_bs32_modL1_fusion16_fusionL1_fusionBN0_drop0p1__wd1e-04trmiss40_trlocglobal,15,0.5930812954902649,0.6971251666545868,0.5793650793650793,0.6140783438405092,0.5777777777777777,0.0,0.0,0.0,0.0,0.0,0.0,0.0,0.0,0.0,,,,,18473,global,0.4
5,5,lr5e-05_bs32_modL1_fusion16_fusionL1_fusionBN0_drop0p1__wd1e-04trmiss40_trlocglobal,32,5e-05,0.0001,1,16,1,False,0.1,lr5e-05_bs32_modL1_fusion16_fusionL1_fusionBN0_drop0p1__wd1e-04trmiss40_trlocglobal,16,0.5886627833048502,0.6975832879543304,0.5873015873015872,0.6242596126919655,0.5555555555555556,0.0,0.0,0.0,0.0,0.0,0.0,0.0,0.0,0.0,,,,,18473,global,0.4
5,5,lr5e-05_bs32_modL1_fusion16_fusionL1_fusionBN0_drop0p1__wd1e-04trmiss40_trlocglobal,32,5e-05,0.0001,1,16,1,False,0.1,lr5e-05_bs32_modL1_fusion16_fusionL1_fusionBN0_drop0p1__wd1e-04trmiss40_trlocglobal,17,0.584818442662557,0.6999005973339081,0.5654761904761905,0.6094269728629175,0.5333333333333333,0.0,0.0,0.0,0.0,0.0,0.0,0.0,0.0,0.0,,,,,18473,global,0.4
5,5,lr5e-05_bs32_modL1_fusion16_fusionL1_fusionBN0_drop0p1__wd1e-04trmiss40_trlocglobal,32,5e-05,0.0001,1,16,1,False,0.1,lr5e-05_bs32_modL1_fusion16_fusionL1_fusionBN0_drop0p1__wd1e-04trmiss40_trlocglobal,18,0.5755235056082407,0.7020969688892365,0.5476190476190477,0.5826867945769336,0.5555555555555556,0.0,0.0,0.0,0.0,0.0,0.0,0.0,0.0,0.0,,,,,18473,global,0.4
5,5,lr5e-05_bs32_modL1_fusion16_fusionL1_fusionBN0_drop0p1__wd1e-04trmiss40_trlocglobal,32,5e-05,0.0001,1,16,1,False,0.1,lr5e-05_bs32_modL1_fusion16_fusionL1_fusionBN0_drop0p1__wd1e-04trmiss40_trlocglobal,19,0.5745566089948019,0.7028363347053528,0.5555555555555555,0.5866000591672815,0.6,0.0,0.0,0.0,0.0,0.0,0.0,0.0,0.0,0.0,,,,,18473,global,0.4
5,5,lr5e-05_bs32_modL1_fusion16_fusionL1_fusionBN0_drop0p1__wd1e-04trmiss40_trlocglobal,32,5e-05,0.0001,1,16,1,False,0.1,lr5e-05_bs32_modL1_fusion16_fusionL1_fusionBN0_drop0p1__wd1e-04trmiss40_trlocglobal,20,0.5665898124376932,0.7018952071666718,0.5496031746031746,0.5916416891084368,0.5777777777777777,0.0,0.0,0.0,0.0,0.0,0.0,0.0,0.0,0.0,,,,,18473,global,0.4
5,5,lr5e-05_bs32_modL1_fusion16_fusionL1_fusionBN0_drop0p1__wd1e-04trmiss40_trlocglobal,32,5e-05,0.0001,1,16,1,False,0.1,lr5e-05_bs32_modL1_fusion16_fusionL1_fusionBN0_drop0p1__wd1e-04trmiss40_trlocglobal,21,0.5621390044689178,0.7006664574146271,0.5615079365079365,0.6154618299512697,0.5777777777777777,0.0,0.0,0.0,0.0,0.0,0.0,0.0,0.0,0.0,,,,,18473,global,0.4
5,5,lr5e-05_bs32_modL1_fusion16_fusionL1_fusionBN0_drop0p1__wd1e-04trmiss40_trlocglobal,32,5e-05,0.0001,1,16,1,False,0.1,lr5e-05_bs32_modL1_fusion16_fusionL1_fusionBN0_drop0p1__wd1e-04trmiss40_trlocglobal,22,0.5599782764911652,0.6997586786746979,0.5734126984126984,0.6255002088332078,0.5777777777777777,0.0,0.0,0.0,0.0,0.0,0.0,0.0,0.0,0.0,,,,,18473,global,0.4
5,5,lr5e-05_bs32_modL1_fusion16_fusionL1_fusionBN0_drop0p1__wd1e-04trmiss40_trlocglobal,32,5e-05,0.0001,1,16,1,False,0.1,lr5e-05_bs32_modL1_fusion16_fusionL1_fusionBN0_drop0p1__wd1e-04trmiss40_trlocglobal,23,0.5615278979142507,0.6987989842891693,0.5833333333333334,0.6274036059723468,0.5777777777777777,0.0,0.0,0.0,0.0,0.0,0.0,0.0,0.0,0.0,,,,,18473,global,0.4
5,5,lr5e-05_bs32_modL1_fusion16_fusionL1_fusionBN0_drop0p1__wd1e-04trmiss40_trlocglobal,32,5e-05,0.0001,1,16,1,False,0.1,lr5e-05_bs32_modL1_fusion16_fusionL1_fusionBN0_drop0p1__wd1e-04trmiss40_trlocglobal,24,0.5620246032873789,0.7019744217395782,0.5734126984126985,0.6198252379679982,0.6222222222222222,0.0,0.0,0.0,0.0,0.0,0.0,0.0,0.0,0.0,,,,,18473,global,0.4
5,5,lr5e-05_bs32_modL1_fusion16_fusionL1_fusionBN0_drop0p1__wd1e-04trmiss40_trlocglobal,32,5e-05,0.0001,1,16,1,False,0.1,lr5e-05_bs32_modL1_fusion16_fusionL1_fusionBN0_drop0p1__wd1e-04trmiss40_trlocglobal,25,0.5569384197394053,0.7038028240203857,0.5575396825396826,0.6125920393067807,0.6222222222222222,0.0,0.0,0.0,0.0,0.0,0.0,0.0,0.0,0.0,,,,,18473,global,0.4
5,5,lr5e-05_bs32_modL1_fusion16_fusionL1_fusionBN0_drop0p1__wd1e-04trmiss40_trlocglobal,32,5e-05,0.0001,1,16,1,False,0.1,lr5e-05_bs32_modL1_fusion16_fusionL1_fusionBN0_drop0p1__wd1e-04trmiss40_trlocglobal,26,0.5446147819360098,0.704254537820816,0.5555555555555556,0.617536226685776,0.6222222222222222,0.0,0.0,0.0,0.0,0.0,0.0,0.0,0.0,0.0,,,,,18473,global,0.4
5,5,lr5e-05_bs32_modL1_fusion16_fusionL1_fusionBN0_drop0p1__wd1e-04trmiss40_trlocglobal,32,5e-05,0.0001,1,16,1,False,0.1,lr5e-05_bs32_modL1_fusion16_fusionL1_fusionBN0_drop0p1__wd1e-04trmiss40_trlocglobal,27,0.5386372705300649,0.7010819017887115,0.5932539682539683,0.6397766684057913,0.6222222222222222,0.0,0.0,0.0,0.0,0.0,0.0,0.0,0.0,0.0,,,,,18473,global,0.4
5,5,lr5e-05_bs32_modL1_fusion16_fusionL1_fusionBN0_drop0p1__wd1e-04trmiss40_trlocglobal,32,5e-05,0.0001,1,16,1,False,0.1,lr5e-05_bs32_modL1_fusion16_fusionL1_fusionBN0_drop0p1__wd1e-04trmiss40_trlocglobal,28,0.5378056963284811,0.6999523341655731,0.5892857142857144,0.6349180974287992,0.6444444444444445,0.0,0.0,0.0,0.0,0.0,0.0,0.0,0.0,0.0,,,,,18473,global,0.4
5,5,lr5e-05_bs32_modL1_fusion16_fusionL1_fusionBN0_drop0p1__wd1e-04trmiss40_trlocglobal,32,5e-05,0.0001,1,16,1,False,0.1,lr5e-05_bs32_modL1_fusion16_fusionL1_fusionBN0_drop0p1__wd1e-04trmiss40_trlocglobal,29,0.5384854674339294,0.7010418474674225,0.5615079365079365,0.6105877922422774,0.6222222222222222,0.0,0.0,0.0,0.0,0.0,0.0,0.0,0.0,0.0,,,,,18473,global,0.4
5,5,lr5e-05_bs32_modL1_fusion16_fusionL1_fusionBN0_drop0p1__wd1e-04trmiss40_trlocglobal,32,5e-05,0.0001,1,16,1,False,0.1,lr5e-05_bs32_modL1_fusion16_fusionL1_fusionBN0_drop0p1__wd1e-04trmiss40_trlocglobal,30,0.5368378162384033,0.7017747163772583,0.5734126984126984,0.6206206178281721,0.6,0.0,0.0,0.0,0.0,0.0,0.0,0.0,0.0,0.0,,,,,18473,global,0.4
5,5,lr5e-05_bs32_modL1_fusion16_fusionL1_fusionBN0_drop0p1__wd1e-04trmiss40_trlocglobal,32,5e-05,0.0001,1,16,1,False,0.1,lr5e-05_bs32_modL1_fusion16_fusionL1_fusionBN0_drop0p1__wd1e-04trmiss40_trlocglobal,31,0.5326554278532664,0.7023750245571136,0.5773809523809524,0.6306547837465314,0.6,0.0,0.0,0.0,0.0,0.0,0.0,0.0,0.0,0.0,,,,,18473,global,0.4
5,5,lr5e-05_bs32_modL1_fusion16_fusionL1_fusionBN0_drop0p1__wd1e-04trmiss40_trlocglobal,32,5e-05,0.0001,1,16,1,False,0.1,lr5e-05_bs32_modL1_fusion16_fusionL1_fusionBN0_drop0p1__wd1e-04trmiss40_trlocglobal,32,0.5260942677656809,0.7012695074081421,0.5793650793650793,0.6330850961492702,0.6,0.0,0.0,0.0,0.0,0.0,0.0,0.0,0.0,0.0,,,,,18473,global,0.4
5,5,lr5e-05_bs32_modL1_fusion16_fusionL1_fusionBN0_drop0p1__wd1e-04trmiss40_trlocglobal,32,5e-05,0.0001,1,16,1,False,0.1,lr5e-05_bs32_modL1_fusion16_fusionL1_fusionBN0_drop0p1__wd1e-04trmiss40_trlocglobal,33,0.5364338556925455,0.6985363960266113,0.5773809523809524,0.6263794083672435,0.6,0.0,0.0,0.0,0.0,0.0,0.0,0.0,0.0,0.0,,,,,18473,global,0.4
5,5,lr5e-05_bs32_modL1_fusion16_fusionL1_fusionBN0_drop0p1__wd1e-04trmiss40_trlocglobal,32,5e-05,0.0001,1,16,1,False,0.1,lr5e-05_bs32_modL1_fusion16_fusionL1_fusionBN0_drop0p1__wd1e-04trmiss40_trlocglobal,34,0.5270118514696757,0.7015112936496735,0.5674603174603176,0.6155830354659855,0.5777777777777777,0.0,0.0,0.0,0.0,0.0,0.0,0.0,0.0,0.0,,,,,18473,global,0.4
5,5,lr5e-05_bs32_modL1_fusion16_fusionL1_fusionBN0_drop0p1__wd1e-04trmiss40_trlocglobal,32,5e-05,0.0001,1,16,1,False,0.1,lr5e-05_bs32_modL1_fusion16_fusionL1_fusionBN0_drop0p1__wd1e-04trmiss40_trlocglobal,35,0.5225296864906946,0.7005981504917145,0.5753968253968254,0.6236042264212336,0.5777777777777777,0.0,0.0,0.0,0.0,0.0,0.0,0.0,0.0,0.0,,,,,18473,global,0.4
5,5,lr5e-05_bs32_modL1_fusion16_fusionL1_fusionBN0_drop0p1__wd1e-04trmiss40_trlocglobal,32,5e-05,0.0001,1,16,1,False,0.1,lr5e-05_bs32_modL1_fusion16_fusionL1_fusionBN0_drop0p1__wd1e-04trmiss40_trlocglobal,36,0.5188534359137217,0.7002090811729431,0.5714285714285714,0.6207120110703224,0.5777777777777777,0.0,0.0,0.0,0.0,0.0,0.0,0.0,0.0,0.0,,,,,18473,global,0.4
5,5,lr5e-05_bs32_modL1_fusion16_fusionL1_fusionBN0_drop0p1__wd1e-04trmiss40_trlocglobal,32,5e-05,0.0001,1,16,1,False,0.1,lr5e-05_bs32_modL1_fusion16_fusionL1_fusionBN0_drop0p1__wd1e-04trmiss40_trlocglobal,37,0.5191037903229395,0.699429988861084,0.5674603174603174,0.6154844231124711,0.5777777777777777,0.0,0.0,0.0,0.0,0.0,0.0,0.0,0.0,0.0,,,,,18473,global,0.4
5,5,lr5e-05_bs32_modL1_fusion16_fusionL1_fusionBN0_drop0p1__wd1e-04trmiss40_trlocglobal,32,5e-05,0.0001,1,16,1,False,0.1,lr5e-05_bs32_modL1_fusion16_fusionL1_fusionBN0_drop0p1__wd1e-04trmiss40_trlocglobal,38,0.5188008745511373,0.7022262811660767,0.5555555555555555,0.6113643232822685,0.5777777777777777,0.0,0.0,0.0,0.0,0.0,0.0,0.0,0.0,0.0,,,,,18473,global,0.4
5,5,lr5e-05_bs32_modL1_fusion16_fusionL1_fusionBN0_drop0p1__wd1e-04trmiss40_trlocglobal,32,5e-05,0.0001,1,16,1,False,0.1,lr5e-05_bs32_modL1_fusion16_fusionL1_fusionBN0_drop0p1__wd1e-04trmiss40_trlocglobal,39,0.5103790412346522,0.7024778723716736,0.5595238095238095,0.6159405501874106,0.5777777777777777,0.0,0.0,0.0,0.0,0.0,0.0,0.0,0.0,0.0,,,,,18473,global,0.4
5,5,lr5e-05_bs32_modL1_fusion16_fusionL1_fusionBN0_drop0p1__wd1e-04trmiss40_trlocglobal,32,5e-05,0.0001,1,16,1,False,0.1,lr5e-05_bs32_modL1_fusion16_fusionL1_fusionBN0_drop0p1__wd1e-04trmiss40_trlocglobal,40,0.5124864230553309,0.7014032304286957,0.5615079365079365,0.6162889895998325,0.5777777777777777,0.0,0.0,0.0,0.0,0.0,0.0,0.0,0.0,0.0,,,,,18473,global,0.4
5,5,lr5e-05_bs32_modL1_fusion16_fusionL1_fusionBN0_drop0p1__wd1e-04trmiss40_trlocglobal,32,5e-05,0.0001,1,16,1,False,0.1,lr5e-05_bs32_modL1_fusion16_fusionL1_fusionBN0_drop0p1__wd1e-04trmiss40_trlocglobal,41,0.5057715326547623,0.702392041683197,0.5634920634920635,0.6181380094773944,0.5777777777777777,0.0,0.0,0.0,0.0,0.0,0.0,0.0,0.0,0.0,,,,,18473,global,0.4
5,5,lr5e-05_bs32_modL1_fusion16_fusionL1_fusionBN0_drop0p1__wd1e-04trmiss40_trlocglobal,32,5e-05,0.0001,1,16,1,False,0.1,lr5e-05_bs32_modL1_fusion16_fusionL1_fusionBN0_drop0p1__wd1e-04trmiss40_trlocglobal,42,0.5122492710749308,0.7027356028556824,0.5634920634920635,0.6177224392088829,0.5777777777777777,0.0,0.0,0.0,0.0,0.0,0.0,0.0,0.0,0.0,,,,,18473,global,0.4
5,5,lr5e-05_bs32_modL1_fusion16_fusionL1_fusionBN0_drop0p1__wd1e-04trmiss40_trlocglobal,32,5e-05,0.0001,1,16,1,False,0.1,lr5e-05_bs32_modL1_fusion16_fusionL1_fusionBN0_drop0p1__wd1e-04trmiss40_trlocglobal,43,0.5072526733080546,0.7029774188995361,0.5654761904761905,0.6183585596637771,0.5777777777777777,0.0,0.0,0.0,0.0,0.0,0.0,0.0,0.0,0.0,,,,,18473,global,0.4
5,5,lr5e-05_bs32_modL1_fusion16_fusionL1_fusionBN0_drop0p1__wd1e-04trmiss40_trlocglobal,32,5e-05,0.0001,1,16,1,False,0.1,lr5e-05_bs32_modL1_fusion16_fusionL1_fusionBN0_drop0p1__wd1e-04trmiss40_trlocglobal,44,0.5002202242612839,0.7038208246231079,0.5615079365079365,0.6184578414875749,0.5777777777777777,0.0,0.0,0.0,0.0,0.0,0.0,0.0,0.0,0.0,,,,,18473,global,0.4
5,5,lr5e-05_bs32_modL1_fusion16_fusionL1_fusionBN0_drop0p1__wd1e-04trmiss40_trlocglobal,32,5e-05,0.0001,1,16,1,False,0.1,lr5e-05_bs32_modL1_fusion16_fusionL1_fusionBN0_drop0p1__wd1e-04trmiss40_trlocglobal,45,0.5003490348656973,0.7040219604969025,0.5654761904761905,0.6204531455662123,0.5777777777777777,0.0,0.0,0.0,0.0,0.0,0.0,0.0,0.0,0.0,,,,,18473,global,0.4
5,5,lr5e-05_bs32_modL1_fusion16_fusionL1_fusionBN0_drop0p1__wd1e-04trmiss40_trlocglobal,32,5e-05,0.0001,1,16,1,False,0.1,lr5e-05_bs32_modL1_fusion16_fusionL1_fusionBN0_drop0p1__wd1e-04trmiss40_trlocglobal,46,0.4968408743540446,0.704734206199646,0.5654761904761905,0.6209022608521623,0.5777777777777777,0.0,0.0,0.0,0.0,0.0,0.0,0.0,0.0,0.0,,,,,18473,global,0.4
5,5,lr5e-05_bs32_modL1_fusion16_fusionL1_fusionBN0_drop0p1__wd1e-04trmiss40_trlocglobal,32,5e-05,0.0001,1,16,1,False,0.1,lr5e-05_bs32_modL1_fusion16_fusionL1_fusionBN0_drop0p1__wd1e-04trmiss40_trlocglobal,47,0.5000735272963842,0.7036168277263641,0.5674603174603174,0.6238993836143106,0.5777777777777777,0.0,0.0,0.0,0.0,0.0,0.0,0.0,0.0,0.0,,,,,18473,global,0.4
5,5,lr5e-05_bs32_modL1_fusion32_fusionL1_fusionBN0_drop0p2__wd1e-04trmiss40_trlocglobal,32,5e-05,0.0001,1,32,1,False,0.2,lr5e-05_bs32_modL1_fusion32_fusionL1_fusionBN0_drop0p2__wd1e-04trmiss40_trlocglobal,1,0.7058359583218893,0.6940279304981232,0.4166666666666667,0.46323526037639334,0.4222222222222222,0.0,0.0,0.0,0.0,0.0,0.0,0.0,0.0,0.0,,,,,18473,global,0.4
5,5,lr5e-05_bs32_modL1_fusion32_fusionL1_fusionBN0_drop0p2__wd1e-04trmiss40_trlocglobal,32,5e-05,0.0001,1,32,1,False,0.2,lr5e-05_bs32_modL1_fusion32_fusionL1_fusionBN0_drop0p2__wd1e-04trmiss40_trlocglobal,2,0.6939619680245718,0.6955777406692505,0.376984126984127,0.4458830244883834,0.37777777777777777,0.0,0.0,0.0,0.0,0.0,0.0,0.0,0.0,0.0,,,,,18473,global,0.4
5,5,lr5e-05_bs32_modL1_fusion32_fusionL1_fusionBN0_drop0p2__wd1e-04trmiss40_trlocglobal,32,5e-05,0.0001,1,32,1,False,0.2,lr5e-05_bs32_modL1_fusion32_fusionL1_fusionBN0_drop0p2__wd1e-04trmiss40_trlocglobal,3,0.6839942733446757,0.6963840126991272,0.39682539682539686,0.4534752940985166,0.37777777777777777,0.0,0.0,0.0,0.0,0.0,0.0,0.0,0.0,0.0,,,,,18473,global,0.4
5,5,lr5e-05_bs32_modL1_fusion32_fusionL1_fusionBN0_drop0p2__wd1e-04trmiss40_trlocglobal,32,5e-05,0.0001,1,32,1,False,0.2,lr5e-05_bs32_modL1_fusion32_fusionL1_fusionBN0_drop0p2__wd1e-04trmiss40_trlocglobal,4,0.6752689977486929,0.6977807581424713,0.4007936507936508,0.454699841546373,0.35555555555555557,0.0,0.0,0.0,0.0,0.0,0.0,0.0,0.0,0.0,,,,,18473,global,0.4
5,5,lr5e-05_bs32_modL1_fusion32_fusionL1_fusionBN0_drop0p2__wd1e-04trmiss40_trlocglobal,32,5e-05,0.0001,1,32,1,False,0.2,lr5e-05_bs32_modL1_fusion32_fusionL1_fusionBN0_drop0p2__wd1e-04trmiss40_trlocglobal,5,0.6740350524584452,0.6988168060779572,0.40476190476190477,0.4554477973731865,0.37777777777777777,0.0,0.0,0.0,0.0,0.0,0.0,0.0,0.0,0.0,,,,,18473,global,0.4
5,5,lr5e-05_bs32_modL1_fusion32_fusionL1_fusionBN0_drop0p2__wd1e-04trmiss40_trlocglobal,32,5e-05,0.0001,1,32,1,False,0.2,lr5e-05_bs32_modL1_fusion32_fusionL1_fusionBN0_drop0p2__wd1e-04trmiss40_trlocglobal,6,0.6599167883396149,0.6994375884532928,0.40674603174603174,0.45581480339276603,0.37777777777777777,0.0,0.0,0.0,0.0,0.0,0.0,0.0,0.0,0.0,,,,,18473,global,0.4
5,5,lr5e-05_bs32_modL1_fusion32_fusionL1_fusionBN0_drop0p2__wd1e-04trmiss40_trlocglobal,32,5e-05,0.0001,1,32,1,False,0.2,lr5e-05_bs32_modL1_fusion32_fusionL1_fusionBN0_drop0p2__wd1e-04trmiss40_trlocglobal,7,0.6603638331095377,0.698912501335144,0.40674603174603174,0.4557114805759696,0.35555555555555557,0.0,0.0,0.0,0.0,0.0,0.0,0.0,0.0,0.0,,,,,18473,global,0.4
5,5,lr5e-05_bs32_modL1_fusion32_fusionL1_fusionBN0_drop0p2__wd1e-04trmiss40_trlocglobal,32,5e-05,0.0001,1,32,1,False,0.2,lr5e-05_bs32_modL1_fusion32_fusionL1_fusionBN0_drop0p2__wd1e-04trmiss40_trlocglobal,8,0.6547612051169077,0.6991026997566223,0.41269841269841273,0.4585705258871709,0.35555555555555557,0.0,0.0,0.0,0.0,0.0,0.0,0.0,0.0,0.0,,,,,18473,global,0.4
5,5,lr5e-05_bs32_modL1_fusion32_fusionL1_fusionBN0_drop0p2__wd1e-04trmiss40_trlocglobal,32,5e-05,0.0001,1,32,1,False,0.2,lr5e-05_bs32_modL1_fusion32_fusionL1_fusionBN0_drop0p2__wd1e-04trmiss40_trlocglobal,9,0.6528300344944,0.700046956539154,0.4146825396825397,0.46021388978543676,0.35555555555555557,0.0,0.0,0.0,0.0,0.0,0.0,0.0,0.0,0.0,,,,,18473,global,0.4
5,5,lr5e-05_bs32_modL1_fusion32_fusionL1_fusionBN0_drop0p2__wd1e-04trmiss40_trlocglobal,32,5e-05,0.0001,1,32,1,False,0.2,lr5e-05_bs32_modL1_fusion32_fusionL1_fusionBN0_drop0p2__wd1e-04trmiss40_trlocglobal,10,0.6446335812409719,0.7002520561218262,0.4146825396825397,0.4607083628595667,0.35555555555555557,0.0,0.0,0.0,0.0,0.0,0.0,0.0,0.0,0.0,,,,,18473,global,0.4
5,5,lr5e-05_bs32_modL1_fusion32_fusionL1_fusionBN0_drop0p2__wd1e-04trmiss40_trlocglobal,32,5e-05,0.0001,1,32,1,False,0.2,lr5e-05_bs32_modL1_fusion32_fusionL1_fusionBN0_drop0p2__wd1e-04trmiss40_trlocglobal,11,0.6397824088732401,0.7008229196071625,0.4087301587301587,0.45771526500759785,0.35555555555555557,0.0,0.0,0.0,0.0,0.0,0.0,0.0,0.0,0.0,,,,,18473,global,0.4
5,5,lr5e-05_bs32_modL1_fusion32_fusionL1_fusionBN0_drop0p2__wd1e-04trmiss40_trlocglobal,32,5e-05,0.0001,1,32,1,False,0.2,lr5e-05_bs32_modL1_fusion32_fusionL1_fusionBN0_drop0p2__wd1e-04trmiss40_trlocglobal,12,0.6386838058630625,0.700429230928421,0.4107142857142857,0.4582203155126483,0.35555555555555557,0.0,0.0,0.0,0.0,0.0,0.0,0.0,0.0,0.0,,,,,18473,global,0.4
5,5,lr5e-05_bs32_modL1_fusion32_fusionL1_fusionBN0_drop0p2__wd1e-04trmiss40_trlocglobal,32,5e-05,0.0001,1,32,1,False,0.2,lr5e-05_bs32_modL1_fusion32_fusionL1_fusionBN0_drop0p2__wd1e-04trmiss40_trlocglobal,13,0.6367408931255341,0.7009005844593048,0.40674603174603174,0.45686243608364824,0.35555555555555557,0.0,0.0,0.0,0.0,0.0,0.0,0.0,0.0,0.0,,,,,18473,global,0.4
5,5,lr5e-05_bs32_modL1_fusion32_fusionL1_fusionBN0_drop0p2__wd1e-04trmiss40_trlocglobal,32,5e-05,0.0001,1,32,1,False,0.2,lr5e-05_bs32_modL1_fusion32_fusionL1_fusionBN0_drop0p2__wd1e-04trmiss40_trlocglobal,14,0.6275801956653595,0.7009336054325104,0.4087301587301587,0.45762871960855245,0.37777777777777777,0.0,0.0,0.0,0.0,0.0,0.0,0.0,0.0,0.0,,,,,18473,global,0.4
5,5,lr5e-05_bs32_modL1_fusion32_fusionL1_fusionBN0_drop0p2__wd1e-04trmiss40_trlocglobal,32,5e-05,0.0001,1,32,1,False,0.2,lr5e-05_bs32_modL1_fusion32_fusionL1_fusionBN0_drop0p2__wd1e-04trmiss40_trlocglobal,15,0.6316581964492798,0.7016949653625488,0.41071428571428575,0.458034255463672,0.35555555555555557,0.0,0.0,0.0,0.0,0.0,0.0,0.0,0.0,0.0,,,,,18473,global,0.4
5,5,lr5e-05_bs32_modL1_fusion32_fusionL1_fusionBN0_drop0p2__wd1e-04trmiss40_trlocglobal,32,5e-05,0.0001,1,32,1,False,0.2,lr5e-05_bs32_modL1_fusion32_fusionL1_fusionBN0_drop0p2__wd1e-04trmiss40_trlocglobal,16,0.6274851361910502,0.7010539174079895,0.4087301587301587,0.45748930191574727,0.35555555555555557,0.0,0.0,0.0,0.0,0.0,0.0,0.0,0.0,0.0,,,,,18473,global,0.4
5,5,lr5e-05_bs32_modL1_fusion32_fusionL1_fusionBN0_drop0p2__wd1e-04trmiss40_trlocglobal,32,5e-05,0.0001,1,32,1,False,0.2,lr5e-05_bs32_modL1_fusion32_fusionL1_fusionBN0_drop0p2__wd1e-04trmiss40_trlocglobal,17,0.6250700851281484,0.7009188234806061,0.41666666666666663,0.46167970384997403,0.35555555555555557,0.0,0.0,0.0,0.0,0.0,0.0,0.0,0.0,0.0,,,,,18473,global,0.4
5,5,lr5e-05_bs32_modL1_fusion32_fusionL1_fusionBN0_drop0p2__wd1e-04trmiss40_trlocglobal,32,5e-05,0.0001,1,32,1,False,0.2,lr5e-05_bs32_modL1_fusion32_fusionL1_fusionBN0_drop0p2__wd1e-04trmiss40_trlocglobal,18,0.6253051360448202,0.7003570199012756,0.42063492063492064,0.4631348994110385,0.35555555555555557,0.0,0.0,0.0,0.0,0.0,0.0,0.0,0.0,0.0,,,,,18473,global,0.4
5,5,lr5e-05_bs32_modL1_fusion32_fusionL1_fusionBN0_drop0p2__wd1e-04trmiss40_trlocglobal,32,5e-05,0.0001,1,32,1,False,0.2,lr5e-05_bs32_modL1_fusion32_fusionL1_fusionBN0_drop0p2__wd1e-04trmiss40_trlocglobal,19,0.6082801620165507,0.7007244825363159,0.4206349206349207,0.46317941657211886,0.35555555555555557,0.0,0.0,0.0,0.0,0.0,0.0,0.0,0.0,0.0,,,,,18473,global,0.4
5,5,lr5e-05_bs32_modL1_fusion32_fusionL1_fusionBN0_drop0p2__wd1e-04trmiss40_trlocglobal,32,5e-05,0.0001,1,32,1,False,0.2,lr5e-05_bs32_modL1_fusion32_fusionL1_fusionBN0_drop0p2__wd1e-04trmiss40_trlocglobal,20,0.614531010389328,0.7010450661182404,0.42063492063492064,0.4640159734211652,0.35555555555555557,0.0,0.0,0.0,0.0,0.0,0.0,0.0,0.0,0.0,,,,,18473,global,0.4
5,5,lr5e-05_bs32_modL1_fusion32_fusionL1_fusionBN0_drop0p2__wd1e-04trmiss40_trlocglobal,32,5e-05,0.0001,1,32,1,False,0.2,lr5e-05_bs32_modL1_fusion32_fusionL1_fusionBN0_drop0p2__wd1e-04trmiss40_trlocglobal,21,0.6011361181735992,0.7003307342529297,0.42658730158730157,0.4667769088646564,0.35555555555555557,0.0,0.0,0.0,0.0,0.0,0.0,0.0,0.0,0.0,,,,,18473,global,0.4
5,5,lr5e-05_bs32_modL1_fusion32_fusionL1_fusionBN0_drop0p2__wd1e-04trmiss40_trlocglobal,32,5e-05,0.0001,1,32,1,False,0.2,lr5e-05_bs32_modL1_fusion32_fusionL1_fusionBN0_drop0p2__wd1e-04trmiss40_trlocglobal,22,0.6088758011658987,0.7011055946350098,0.41865079365079366,0.46407161269829317,0.37777777777777777,0.0,0.0,0.0,0.0,0.0,0.0,0.0,0.0,0.0,,,,,18473,global,0.4
5,5,lr5e-05_bs32_modL1_fusion32_fusionL1_fusionBN0_drop0p2__wd1e-04trmiss40_trlocglobal,32,5e-05,0.0001,1,32,1,False,0.2,lr5e-05_bs32_modL1_fusion32_fusionL1_fusionBN0_drop0p2__wd1e-04trmiss40_trlocglobal,23,0.6057687004407247,0.7025081217288971,0.41666666666666674,0.46417562146329266,0.37777777777777777,0.0,0.0,0.0,0.0,0.0,0.0,0.0,0.0,0.0,,,,,18473,global,0.4
5,5,lr5e-05_bs32_modL1_fusion32_fusionL1_fusionBN0_drop0p2__wd1e-04trmiss40_trlocglobal,32,5e-05,0.0001,1,32,1,False,0.2,lr5e-05_bs32_modL1_fusion32_fusionL1_fusionBN0_drop0p2__wd1e-04trmiss40_trlocglobal,24,0.6046773195266724,0.7030498087406158,0.4206349206349207,0.4667425712451547,0.37777777777777777,0.0,0.0,0.0,0.0,0.0,0.0,0.0,0.0,0.0,,,,,18473,global,0.4
5,5,lr5e-05_bs32_modL1_fusion32_fusionL1_fusionBN0_drop0p2__wd1e-04trmiss40_trlocglobal,32,5e-05,0.0001,1,32,1,False,0.2,lr5e-05_bs32_modL1_fusion32_fusionL1_fusionBN0_drop0p2__wd1e-04trmiss40_trlocglobal,25,0.5972814162572225,0.7026396989822388,0.4305555555555555,0.4705678652922046,0.35555555555555557,0.0,0.0,0.0,0.0,0.0,0.0,0.0,0.0,0.0,,,,,18473,global,0.4
5,5,lr5e-05_bs32_modL1_fusion32_fusionL1_fusionBN0_drop0p2__wd1e-04trmiss40_trlocglobal,32,5e-05,0.0001,1,32,1,False,0.2,lr5e-05_bs32_modL1_fusion32_fusionL1_fusionBN0_drop0p2__wd1e-04trmiss40_trlocglobal,26,0.6015835305054983,0.7028130292892456,0.4365079365079365,0.4725078176297288,0.35555555555555557,0.0,0.0,0.0,0.0,0.0,0.0,0.0,0.0,0.0,,,,,18473,global,0.4
5,5,lr5e-05_bs32_modL1_fusion32_fusionL1_fusionBN0_drop0p2__wd1e-04trmiss40_trlocglobal,32,5e-05,0.0001,1,32,1,False,0.2,lr5e-05_bs32_modL1_fusion32_fusionL1_fusionBN0_drop0p2__wd1e-04trmiss40_trlocglobal,27,0.5923194885253906,0.7041931748390198,0.4206349206349207,0.46606472783830233,0.3333333333333333,0.0,0.0,0.0,0.0,0.0,0.0,0.0,0.0,0.0,,,,,18473,global,0.4
5,5,lr5e-05_bs32_modL1_fusion32_fusionL1_fusionBN0_drop0p2__wd1e-04trmiss40_trlocglobal,32,5e-05,0.0001,1,32,1,False,0.2,lr5e-05_bs32_modL1_fusion32_fusionL1_fusionBN0_drop0p2__wd1e-04trmiss40_trlocglobal,28,0.5834007461865743,0.7051824629306793,0.39880952380952384,0.4556156394058037,0.35555555555555557,0.0,0.0,0.0,0.0,0.0,0.0,0.0,0.0,0.0,,,,,18473,global,0.4
5,5,lr5e-05_bs32_modL1_fusion32_fusionL1_fusionBN0_drop0p2__wd1e-04trmiss40_trlocglobal,32,5e-05,0.0001,1,32,1,False,0.2,lr5e-05_bs32_modL1_fusion32_fusionL1_fusionBN0_drop0p2__wd1e-04trmiss40_trlocglobal,29,0.5890648464361826,0.704975426197052,0.4107142857142858,0.4606011085077113,0.3333333333333333,0.0,0.0,0.0,0.0,0.0,0.0,0.0,0.0,0.0,,,,,18473,global,0.4
5,5,lr5e-05_bs32_modL1_fusion32_fusionL1_fusionBN0_drop0p2__wd1e-04trmiss40_trlocglobal,32,5e-05,0.0001,1,32,1,False,0.2,lr5e-05_bs32_modL1_fusion32_fusionL1_fusionBN0_drop0p2__wd1e-04trmiss40_trlocglobal,30,0.589957058429718,0.7048444747924805,0.4206349206349207,0.46653473268248385,0.3333333333333333,0.0,0.0,0.0,0.0,0.0,0.0,0.0,0.0,0.0,,,,,18473,global,0.4
5,5,lr5e-05_bs32_modL1_fusion32_fusionL1_fusionBN0_drop0p2__wd1e-04trmiss40_trlocglobal,32,5e-05,0.0001,1,32,1,False,0.2,lr5e-05_bs32_modL1_fusion32_fusionL1_fusionBN0_drop0p2__wd1e-04trmiss40_trlocglobal,31,0.5768943130970001,0.7038862705230713,0.4305555555555556,0.47230194326921376,0.3333333333333333,0.0,0.0,0.0,0.0,0.0,0.0,0.0,0.0,0.0,,,,,18473,global,0.4
5,5,lr5e-05_bs32_modL1_fusion32_fusionL1_fusionBN0_drop0p2__wd1e-04trmiss40_trlocglobal,32,5e-05,0.0001,1,32,1,False,0.2,lr5e-05_bs32_modL1_fusion32_fusionL1_fusionBN0_drop0p2__wd1e-04trmiss40_trlocglobal,32,0.5802250305811564,0.7046248614788055,0.4305555555555556,0.47209212449321847,0.3333333333333333,0.0,0.0,0.0,0.0,0.0,0.0,0.0,0.0,0.0,,,,,18473,global,0.4
5,5,lr5e-05_bs32_modL1_fusion32_fusionL1_fusionBN0_drop0p2__wd1e-04trmiss40_trlocglobal,32,5e-05,0.0001,1,32,1,False,0.2,lr5e-05_bs32_modL1_fusion32_fusionL1_fusionBN0_drop0p2__wd1e-04trmiss40_trlocglobal,33,0.5736122528711954,0.7050584256649017,0.4365079365079365,0.4745002026924434,0.35555555555555557,0.0,0.0,0.0,0.0,0.0,0.0,0.0,0.0,0.0,,,,,18473,global,0.4
5,5,lr5e-05_bs32_modL1_fusion32_fusionL1_fusionBN0_drop0p2__wd1e-04trmiss40_trlocglobal,32,5e-05,0.0001,1,32,1,False,0.2,lr5e-05_bs32_modL1_fusion32_fusionL1_fusionBN0_drop0p2__wd1e-04trmiss40_trlocglobal,34,0.5753282209237417,0.7052001953125,0.4226190476190476,0.46724248357935505,0.3333333333333333,0.0,0.0,0.0,0.0,0.0,0.0,0.0,0.0,0.0,,,,,18473,global,0.4
5,5,lr5e-05_bs32_modL1_fusion32_fusionL1_fusionBN0_drop0p2__wd1e-04trmiss40_trlocglobal,32,5e-05,0.0001,1,32,1,False,0.2,lr5e-05_bs32_modL1_fusion32_fusionL1_fusionBN0_drop0p2__wd1e-04trmiss40_trlocglobal,35,0.5804756383101145,0.7055826187133789,0.41865079365079366,0.46528005249437127,0.3333333333333333,0.0,0.0,0.0,0.0,0.0,0.0,0.0,0.0,0.0,,,,,18473,global,0.4
5,5,lr5e-05_bs32_modL1_fusion32_fusionL1_fusionBN0_drop0p2__wd1e-04trmiss40_trlocglobal,32,5e-05,0.0001,1,32,1,False,0.2,lr5e-05_bs32_modL1_fusion32_fusionL1_fusionBN0_drop0p2__wd1e-04trmiss40_trlocglobal,36,0.5688596169153849,0.7053525745868683,0.41865079365079366,0.46509260860242846,0.35555555555555557,0.0,0.0,0.0,0.0,0.0,0.0,0.0,0.0,0.0,,,,,18473,global,0.4
5,5,lr5e-05_bs32_modL1_fusion32_fusionL1_fusionBN0_drop0p2__wd1e-04trmiss40_trlocglobal,32,5e-05,0.0001,1,32,1,False,0.2,lr5e-05_bs32_modL1_fusion32_fusionL1_fusionBN0_drop0p2__wd1e-04trmiss40_trlocglobal,37,0.5740214288234711,0.7061912417411804,0.42261904761904767,0.4666872561179772,0.35555555555555557,0.0,0.0,0.0,0.0,0.0,0.0,0.0,0.0,0.0,,,,,18473,global,0.4
5,5,lr5e-05_bs32_modL1_fusion32_fusionL1_fusionBN0_drop0p2__wd1e-04trmiss40_trlocglobal,32,5e-05,0.0001,1,32,1,False,0.2,lr5e-05_bs32_modL1_fusion32_fusionL1_fusionBN0_drop0p2__wd1e-04trmiss40_trlocglobal,38,0.573429544766744,0.7058380842208862,0.4246031746031746,0.46971188127701263,0.35555555555555557,0.0,0.0,0.0,0.0,0.0,0.0,0.0,0.0,0.0,,,,,18473,global,0.4
5,5,lr5e-05_bs32_modL1_fusion32_fusionL1_fusionBN0_drop0p2__wd1e-04trmiss40_trlocglobal,32,5e-05,0.0001,1,32,1,False,0.2,lr5e-05_bs32_modL1_fusion32_fusionL1_fusionBN0_drop0p2__wd1e-04trmiss40_trlocglobal,39,0.5551119844118754,0.7061173319816589,0.4206349206349207,0.46840568402216953,0.35555555555555557,0.0,0.0,0.0,0.0,0.0,0.0,0.0,0.0,0.0,,,,,18473,global,0.4
5,5,lr5e-05_bs32_modL1_fusion32_fusionL1_fusionBN0_drop0p2__wd1e-04trmiss40_trlocglobal,32,5e-05,0.0001,1,32,1,False,0.2,lr5e-05_bs32_modL1_fusion32_fusionL1_fusionBN0_drop0p2__wd1e-04trmiss40_trlocglobal,40,0.5710410674413046,0.7063571214675903,0.42261904761904767,0.46910609486153515,0.3333333333333333,0.0,0.0,0.0,0.0,0.0,0.0,0.0,0.0,0.0,,,,,18473,global,0.4
5,5,lr5e-05_bs32_modL1_fusion32_fusionL1_fusionBN0_drop0p2__wd1e-04trmiss40_trlocglobal,32,5e-05,0.0001,1,32,1,False,0.2,lr5e-05_bs32_modL1_fusion32_fusionL1_fusionBN0_drop0p2__wd1e-04trmiss40_trlocglobal,41,0.5663927495479584,0.706600159406662,0.4166666666666667,0.4657241989796393,0.3333333333333333,0.0,0.0,0.0,0.0,0.0,0.0,0.0,0.0,0.0,,,,,18473,global,0.4
5,5,lr5e-05_bs32_modL1_fusion32_fusionL1_fusionBN0_drop0p2__wd1e-04trmiss40_trlocglobal,32,5e-05,0.0001,1,32,1,False,0.2,lr5e-05_bs32_modL1_fusion32_fusionL1_fusionBN0_drop0p2__wd1e-04trmiss40_trlocglobal,42,0.5546304782231649,0.7070091962814331,0.42460317460317465,0.4729210260526689,0.3333333333333333,0.0,0.0,0.0,0.0,0.0,0.0,0.0,0.0,0.0,,,,,18473,global,0.4
5,5,lr5e-05_bs32_modL1_fusion32_fusionL1_fusionBN0_drop0p2__wd1e-04trmiss40_trlocglobal,32,5e-05,0.0001,1,32,1,False,0.2,lr5e-05_bs32_modL1_fusion32_fusionL1_fusionBN0_drop0p2__wd1e-04trmiss40_trlocglobal,43,0.5510128637154897,0.7076613008975983,0.42261904761904767,0.4721575027232639,0.3333333333333333,0.0,0.0,0.0,0.0,0.0,0.0,0.0,0.0,0.0,,,,,18473,global,0.4
5,5,lr5e-05_bs32_modL1_fusion32_fusionL1_fusionBN0_drop0p2__wd1e-04trmiss40_trlocglobal,32,5e-05,0.0001,1,32,1,False,0.2,lr5e-05_bs32_modL1_fusion32_fusionL1_fusionBN0_drop0p2__wd1e-04trmiss40_trlocglobal,44,0.5619309147198995,0.7075828909873962,0.40476190476190477,0.46321612915318494,0.3333333333333333,0.0,0.0,0.0,0.0,0.0,0.0,0.0,0.0,0.0,,,,,18473,global,0.4
5,5,lr5e-05_bs32_modL1_fusion32_fusionL1_fusionBN0_drop0p2__wd1e-04trmiss40_trlocglobal,32,5e-05,0.0001,1,32,1,False,0.2,lr5e-05_bs32_modL1_fusion32_fusionL1_fusionBN0_drop0p2__wd1e-04trmiss40_trlocglobal,45,0.5565844277540842,0.7072117030620575,0.41468253968253965,0.46819813299290775,0.35555555555555557,0.0,0.0,0.0,0.0,0.0,0.0,0.0,0.0,0.0,,,,,18473,global,0.4
5,5,lr5e-05_bs32_modL1_fusion32_fusionL1_fusionBN0_drop0p2__wd1e-04trmiss40_trlocglobal,32,5e-05,0.0001,1,32,1,False,0.2,lr5e-05_bs32_modL1_fusion32_fusionL1_fusionBN0_drop0p2__wd1e-04trmiss40_trlocglobal,46,0.5570716460545858,0.7063108682632446,0.41666666666666663,0.4690593612617839,0.35555555555555557,0.0,0.0,0.0,0.0,0.0,0.0,0.0,0.0,0.0,,,,,18473,global,0.4
5,5,lr5e-05_bs32_modL1_fusion32_fusionL1_fusionBN0_drop0p1__wd1e-04trmiss40_trlocglobal,32,5e-05,0.0001,1,32,1,False,0.1,lr5e-05_bs32_modL1_fusion32_fusionL1_fusionBN0_drop0p1__wd1e-04trmiss40_trlocglobal,1,0.6940463682015737,0.7032572329044342,0.4503968253968254,0.5347129044344132,0.5111111111111111,0.0,0.0,0.0,0.0,0.0,0.0,0.0,0.0,0.0,,,,,18473,global,0.4
5,5,lr5e-05_bs32_modL1_fusion32_fusionL1_fusionBN0_drop0p1__wd1e-04trmiss40_trlocglobal,32,5e-05,0.0001,1,32,1,False,0.1,lr5e-05_bs32_modL1_fusion32_fusionL1_fusionBN0_drop0p1__wd1e-04trmiss40_trlocglobal,2,0.680257777372996,0.7052455246448517,0.44841269841269843,0.5455156134215022,0.5555555555555556,0.0,0.0,0.0,0.0,0.0,0.0,0.0,0.0,0.0,,,,,18473,global,0.4
5,5,lr5e-05_bs32_modL1_fusion32_fusionL1_fusionBN0_drop0p1__wd1e-04trmiss40_trlocglobal,32,5e-05,0.0001,1,32,1,False,0.1,lr5e-05_bs32_modL1_fusion32_fusionL1_fusionBN0_drop0p1__wd1e-04trmiss40_trlocglobal,3,0.6765461067358652,0.7073641419410706,0.4484126984126985,0.5270470016684967,0.5333333333333333,0.0,0.0,0.0,0.0,0.0,0.0,0.0,0.0,0.0,,,,,18473,global,0.4
5,5,lr5e-05_bs32_modL1_fusion32_fusionL1_fusionBN0_drop0p1__wd1e-04trmiss40_trlocglobal,32,5e-05,0.0001,1,32,1,False,0.1,lr5e-05_bs32_modL1_fusion32_fusionL1_fusionBN0_drop0p1__wd1e-04trmiss40_trlocglobal,4,0.662900298833847,0.708105057477951,0.4563492063492064,0.526371559797376,0.5333333333333333,0.0,0.0,0.0,0.0,0.0,0.0,0.0,0.0,0.0,,,,,18473,global,0.4
5,5,lr5e-05_bs32_modL1_fusion32_fusionL1_fusionBN0_drop0p1__wd1e-04trmiss40_trlocglobal,32,5e-05,0.0001,1,32,1,False,0.1,lr5e-05_bs32_modL1_fusion32_fusionL1_fusionBN0_drop0p1__wd1e-04trmiss40_trlocglobal,5,0.6635705331961314,0.707656055688858,0.4623015873015873,0.5214532045822232,0.5555555555555556,0.0,0.0,0.0,0.0,0.0,0.0,0.0,0.0,0.0,,,,,18473,global,0.4
5,5,lr5e-05_bs32_modL1_fusion32_fusionL1_fusionBN0_drop0p1__wd1e-04trmiss40_trlocglobal,32,5e-05,0.0001,1,32,1,False,0.1,lr5e-05_bs32_modL1_fusion32_fusionL1_fusionBN0_drop0p1__wd1e-04trmiss40_trlocglobal,6,0.6644761562347412,0.7075447738170624,0.4702380952380953,0.5251589175120074,0.5111111111111111,0.0,0.0,0.0,0.0,0.0,0.0,0.0,0.0,0.0,,,,,18473,global,0.4
5,5,lr5e-05_bs32_modL1_fusion32_fusionL1_fusionBN0_drop0p1__wd1e-04trmiss40_trlocglobal,32,5e-05,0.0001,1,32,1,False,0.1,lr5e-05_bs32_modL1_fusion32_fusionL1_fusionBN0_drop0p1__wd1e-04trmiss40_trlocglobal,7,0.6493325531482697,0.7080268859863281,0.46825396825396826,0.5248629412927434,0.5111111111111111,0.0,0.0,0.0,0.0,0.0,0.0,0.0,0.0,0.0,,,,,18473,global,0.4
5,5,lr5e-05_bs32_modL1_fusion32_fusionL1_fusionBN0_drop0p1__wd1e-04trmiss40_trlocglobal,32,5e-05,0.0001,1,32,1,False,0.1,lr5e-05_bs32_modL1_fusion32_fusionL1_fusionBN0_drop0p1__wd1e-04trmiss40_trlocglobal,8,0.6506673594315847,0.7077187299728394,0.4662698412698413,0.522915505541954,0.5333333333333333,0.0,0.0,0.0,0.0,0.0,0.0,0.0,0.0,0.0,,,,,18473,global,0.4
5,5,lr5e-05_bs32_modL1_fusion32_fusionL1_fusionBN0_drop0p1__wd1e-04trmiss40_trlocglobal,32,5e-05,0.0001,1,32,1,False,0.1,lr5e-05_bs32_modL1_fusion32_fusionL1_fusionBN0_drop0p1__wd1e-04trmiss40_trlocglobal,9,0.6351095537344614,0.7057276666164398,0.4801587301587301,0.5316077639918191,0.5333333333333333,0.0,0.0,0.0,0.0,0.0,0.0,0.0,0.0,0.0,,,,,18473,global,0.4
5,5,lr5e-05_bs32_modL1_fusion32_fusionL1_fusionBN0_drop0p1__wd1e-04trmiss40_trlocglobal,32,5e-05,0.0001,1,32,1,False,0.1,lr5e-05_bs32_modL1_fusion32_fusionL1_fusionBN0_drop0p1__wd1e-04trmiss40_trlocglobal,10,0.6352298657099406,0.7053793966770172,0.49206349206349204,0.5393449308282506,0.5333333333333333,0.0,0.0,0.0,0.0,0.0,0.0,0.0,0.0,0.0,,,,,18473,global,0.4
5,5,lr5e-05_bs32_modL1_fusion32_fusionL1_fusionBN0_drop0p1__wd1e-04trmiss40_trlocglobal,32,5e-05,0.0001,1,32,1,False,0.1,lr5e-05_bs32_modL1_fusion32_fusionL1_fusionBN0_drop0p1__wd1e-04trmiss40_trlocglobal,11,0.6298435429732004,0.7045696377754211,0.49007936507936506,0.5386796647218081,0.5111111111111111,0.0,0.0,0.0,0.0,0.0,0.0,0.0,0.0,0.0,,,,,18473,global,0.4
5,5,lr5e-05_bs32_modL1_fusion32_fusionL1_fusionBN0_drop0p1__wd1e-04trmiss40_trlocglobal,32,5e-05,0.0001,1,32,1,False,0.1,lr5e-05_bs32_modL1_fusion32_fusionL1_fusionBN0_drop0p1__wd1e-04trmiss40_trlocglobal,12,0.6219965120156606,0.7030215263366699,0.4920634920634921,0.5393019975809831,0.5333333333333333,0.0,0.0,0.0,0.0,0.0,0.0,0.0,0.0,0.0,,,,,18473,global,0.4
5,5,lr5e-05_bs32_modL1_fusion32_fusionL1_fusionBN0_drop0p1__wd1e-04trmiss40_trlocglobal,32,5e-05,0.0001,1,32,1,False,0.1,lr5e-05_bs32_modL1_fusion32_fusionL1_fusionBN0_drop0p1__wd1e-04trmiss40_trlocglobal,13,0.6216822663942972,0.7026727199554443,0.5,0.541957400134799,0.5333333333333333,0.0,0.0,0.0,0.0,0.0,0.0,0.0,0.0,0.0,,,,,18473,global,0.4
5,5,lr5e-05_bs32_modL1_fusion32_fusionL1_fusionBN0_drop0p1__wd1e-04trmiss40_trlocglobal,32,5e-05,0.0001,1,32,1,False,0.1,lr5e-05_bs32_modL1_fusion32_fusionL1_fusionBN0_drop0p1__wd1e-04trmiss40_trlocglobal,14,0.6195098459720612,0.7019778788089752,0.503968253968254,0.5432036090019142,0.5777777777777777,0.0,0.0,0.0,0.0,0.0,0.0,0.0,0.0,0.0,,,,,18473,global,0.4
5,5,lr5e-05_bs32_modL1_fusion32_fusionL1_fusionBN0_drop0p1__wd1e-04trmiss40_trlocglobal,32,5e-05,0.0001,1,32,1,False,0.1,lr5e-05_bs32_modL1_fusion32_fusionL1_fusionBN0_drop0p1__wd1e-04trmiss40_trlocglobal,15,0.6065354545911154,0.7010862529277802,0.5119047619047619,0.5476329974614385,0.5777777777777777,0.0,0.0,0.0,0.0,0.0,0.0,0.0,0.0,0.0,,,,,18473,global,0.4
5,5,lr5e-05_bs32_modL1_fusion32_fusionL1_fusionBN0_drop0p1__wd1e-04trmiss40_trlocglobal,32,5e-05,0.0001,1,32,1,False,0.1,lr5e-05_bs32_modL1_fusion32_fusionL1_fusionBN0_drop0p1__wd1e-04trmiss40_trlocglobal,16,0.6073111395041147,0.7005530297756195,0.5099206349206349,0.5483313383461829,0.5777777777777777,0.0,0.0,0.0,0.0,0.0,0.0,0.0,0.0,0.0,,,,,18473,global,0.4
5,5,lr5e-05_bs32_modL1_fusion32_fusionL1_fusionBN0_drop0p1__wd1e-04trmiss40_trlocglobal,32,5e-05,0.0001,1,32,1,False,0.1,lr5e-05_bs32_modL1_fusion32_fusionL1_fusionBN0_drop0p1__wd1e-04trmiss40_trlocglobal,17,0.6043513317902883,0.7001906037330627,0.503968253968254,0.5479866388261766,0.6,0.0,0.0,0.0,0.0,0.0,0.0,0.0,0.0,0.0,,,,,18473,global,0.4
5,5,lr5e-05_bs32_modL1_fusion32_fusionL1_fusionBN0_drop0p1__wd1e-04trmiss40_trlocglobal,32,5e-05,0.0001,1,32,1,False,0.1,lr5e-05_bs32_modL1_fusion32_fusionL1_fusionBN0_drop0p1__wd1e-04trmiss40_trlocglobal,18,0.6047666569550832,0.7007546126842499,0.5099206349206349,0.5527583169531181,0.5777777777777777,0.0,0.0,0.0,0.0,0.0,0.0,0.0,0.0,0.0,,,,,18473,global,0.4
5,5,lr5e-05_bs32_modL1_fusion32_fusionL1_fusionBN0_drop0p1__wd1e-04trmiss40_trlocglobal,32,5e-05,0.0001,1,32,1,False,0.1,lr5e-05_bs32_modL1_fusion32_fusionL1_fusionBN0_drop0p1__wd1e-04trmiss40_trlocglobal,19,0.6019885043303171,0.7027593553066254,0.5099206349206349,0.5593915904594763,0.5555555555555556,0.0,0.0,0.0,0.0,0.0,0.0,0.0,0.0,0.0,,,,,18473,global,0.4
5,5,lr5e-05_bs32_modL1_fusion32_fusionL1_fusionBN0_drop0p1__wd1e-04trmiss40_trlocglobal,32,5e-05,0.0001,1,32,1,False,0.1,lr5e-05_bs32_modL1_fusion32_fusionL1_fusionBN0_drop0p1__wd1e-04trmiss40_trlocglobal,20,0.5916296343008677,0.7037391066551208,0.503968253968254,0.5579570479065127,0.5555555555555556,0.0,0.0,0.0,0.0,0.0,0.0,0.0,0.0,0.0,,,,,18473,global,0.4
5,5,lr5e-05_bs32_modL1_fusion32_fusionL1_fusionBN0_drop0p1__wd1e-04trmiss40_trlocglobal,32,5e-05,0.0001,1,32,1,False,0.1,lr5e-05_bs32_modL1_fusion32_fusionL1_fusionBN0_drop0p1__wd1e-04trmiss40_trlocglobal,21,0.5861391425132751,0.7031532227993011,0.4920634920634921,0.5511763921615456,0.5555555555555556,0.0,0.0,0.0,0.0,0.0,0.0,0.0,0.0,0.0,,,,,18473,global,0.4
5,5,lr5e-05_bs32_modL1_fusion32_fusionL1_fusionBN0_drop0p1__wd1e-04trmiss40_trlocglobal,32,5e-05,0.0001,1,32,1,False,0.1,lr5e-05_bs32_modL1_fusion32_fusionL1_fusionBN0_drop0p1__wd1e-04trmiss40_trlocglobal,22,0.5859544376532236,0.70449498295784,0.4861111111111111,0.5490868530834511,0.5333333333333333,0.0,0.0,0.0,0.0,0.0,0.0,0.0,0.0,0.0,,,,,18473,global,0.4
5,5,lr5e-05_bs32_modL1_fusion32_fusionL1_fusionBN0_drop0p1__wd1e-04trmiss40_trlocglobal,32,5e-05,0.0001,1,32,1,False,0.1,lr5e-05_bs32_modL1_fusion32_fusionL1_fusionBN0_drop0p1__wd1e-04trmiss40_trlocglobal,23,0.5838911036650339,0.7047342956066132,0.4781746031746032,0.5461142564201523,0.5333333333333333,0.0,0.0,0.0,0.0,0.0,0.0,0.0,0.0,0.0,,,,,18473,global,0.4
5,5,lr5e-05_bs32_modL1_fusion32_fusionL1_fusionBN0_drop0p1__wd1e-04trmiss40_trlocglobal,32,5e-05,0.0001,1,32,1,False,0.1,lr5e-05_bs32_modL1_fusion32_fusionL1_fusionBN0_drop0p1__wd1e-04trmiss40_trlocglobal,24,0.5759257475535074,0.7054387629032135,0.4900793650793651,0.560792381943866,0.5333333333333333,0.0,0.0,0.0,0.0,0.0,0.0,0.0,0.0,0.0,,,,,18473,global,0.4
5,5,lr5e-05_bs32_modL1_fusion32_fusionL1_fusionBN0_drop0p1__wd1e-04trmiss40_trlocglobal,32,5e-05,0.0001,1,32,1,False,0.1,lr5e-05_bs32_modL1_fusion32_fusionL1_fusionBN0_drop0p1__wd1e-04trmiss40_trlocglobal,25,0.5857504904270172,0.7054006159305573,0.498015873015873,0.566587413684306,0.5333333333333333,0.0,0.0,0.0,0.0,0.0,0.0,0.0,0.0,0.0,,,,,18473,global,0.4
5,5,lr5e-05_bs32_modL1_fusion32_fusionL1_fusionBN0_drop0p1__wd1e-04trmiss40_trlocglobal,32,5e-05,0.0001,1,32,1,False,0.1,lr5e-05_bs32_modL1_fusion32_fusionL1_fusionBN0_drop0p1__wd1e-04trmiss40_trlocglobal,26,0.5751315057277679,0.7048076093196869,0.501984126984127,0.5914811079351016,0.5333333333333333,0.0,0.0,0.0,0.0,0.0,0.0,0.0,0.0,0.0,,,,,18473,global,0.4
5,5,lr5e-05_bs32_modL1_fusion32_fusionL1_fusionBN0_drop0p1__wd1e-04trmiss40_trlocglobal,32,5e-05,0.0001,1,32,1,False,0.1,lr5e-05_bs32_modL1_fusion32_fusionL1_fusionBN0_drop0p1__wd1e-04trmiss40_trlocglobal,27,0.5758027533690134,0.7051532566547394,0.503968253968254,0.5928007948551521,0.5333333333333333,0.0,0.0,0.0,0.0,0.0,0.0,0.0,0.0,0.0,,,,,18473,global,0.4
5,5,lr5e-05_bs32_modL1_fusion32_fusionL1_fusionBN0_drop0p1__wd1e-04trmiss40_trlocglobal,32,5e-05,0.0001,1,32,1,False,0.1,lr5e-05_bs32_modL1_fusion32_fusionL1_fusionBN0_drop0p1__wd1e-04trmiss40_trlocglobal,28,0.5681603848934174,0.7065260410308838,0.49404761904761907,0.5888348774044957,0.5333333333333333,0.0,0.0,0.0,0.0,0.0,0.0,0.0,0.0,0.0,,,,,18473,global,0.4
5,5,lr5e-05_bs32_modL1_fusion32_fusionL1_fusionBN0_drop0p1__wd1e-04trmiss40_trlocglobal,32,5e-05,0.0001,1,32,1,False,0.1,lr5e-05_bs32_modL1_fusion32_fusionL1_fusionBN0_drop0p1__wd1e-04trmiss40_trlocglobal,29,0.5637574891249338,0.7077759802341461,0.49206349206349204,0.5768117466313649,0.5111111111111111,0.0,0.0,0.0,0.0,0.0,0.0,0.0,0.0,0.0,,,,,18473,global,0.4
5,5,lr5e-05_bs32_modL1_fusion32_fusionL1_fusionBN0_drop0p1__wd1e-04trmiss40_trlocglobal,32,5e-05,0.0001,1,32,1,False,0.1,lr5e-05_bs32_modL1_fusion32_fusionL1_fusionBN0_drop0p1__wd1e-04trmiss40_trlocglobal,30,0.5624081889788309,0.7084596753120422,0.4821428571428572,0.5666897702593886,0.4888888888888889,0.0,0.0,0.0,0.0,0.0,0.0,0.0,0.0,0.0,,,,,18473,global,0.4
5,5,lr5e-05_bs32_modL1_fusion32_fusionL1_fusionBN0_drop0p1__wd1e-04trmiss40_trlocglobal,32,5e-05,0.0001,1,32,1,False,0.1,lr5e-05_bs32_modL1_fusion32_fusionL1_fusionBN0_drop0p1__wd1e-04trmiss40_trlocglobal,31,0.555875559647878,0.7070307731628418,0.4900793650793651,0.5710121291870107,0.4888888888888889,0.0,0.0,0.0,0.0,0.0,0.0,0.0,0.0,0.0,,,,,18473,global,0.4
5,5,lr5e-05_bs32_modL1_fusion32_fusionL1_fusionBN0_drop0p1__wd1e-04trmiss40_trlocglobal,32,5e-05,0.0001,1,32,1,False,0.1,lr5e-05_bs32_modL1_fusion32_fusionL1_fusionBN0_drop0p1__wd1e-04trmiss40_trlocglobal,32,0.5577755073706309,0.7075438499450684,0.5,0.592442357492239,0.4888888888888889,0.0,0.0,0.0,0.0,0.0,0.0,0.0,0.0,0.0,,,,,18473,global,0.4
5,5,lr5e-05_bs32_modL1_fusion32_fusionL1_fusionBN0_drop0p1__wd1e-04trmiss40_trlocglobal,32,5e-05,0.0001,1,32,1,False,0.1,lr5e-05_bs32_modL1_fusion32_fusionL1_fusionBN0_drop0p1__wd1e-04trmiss40_trlocglobal,33,0.5507968068122864,0.7086839079856873,0.49603174603174605,0.5908423371422187,0.4888888888888889,0.0,0.0,0.0,0.0,0.0,0.0,0.0,0.0,0.0,,,,,18473,global,0.4
5,5,lr5e-05_bs32_modL1_fusion32_fusionL1_fusionBN0_drop0p1__wd1e-04trmiss40_trlocglobal,32,5e-05,0.0001,1,32,1,False,0.1,lr5e-05_bs32_modL1_fusion32_fusionL1_fusionBN0_drop0p1__wd1e-04trmiss40_trlocglobal,34,0.5496649543444315,0.711727499961853,0.4821428571428572,0.5655169256162493,0.4888888888888889,0.0,0.0,0.0,0.0,0.0,0.0,0.0,0.0,0.0,,,,,18473,global,0.4
5,5,lr5e-05_bs32_modL1_fusion32_fusionL1_fusionBN0_drop0p1__wd1e-04trmiss40_trlocglobal,32,5e-05,0.0001,1,32,1,False,0.1,lr5e-05_bs32_modL1_fusion32_fusionL1_fusionBN0_drop0p1__wd1e-04trmiss40_trlocglobal,35,0.5576306184132894,0.7148488163948059,0.4761904761904762,0.5636012755886197,0.4888888888888889,0.0,0.0,0.0,0.0,0.0,0.0,0.0,0.0,0.0,,,,,18473,global,0.4
5,5,lr1e-05_bs32_modL1_fusion16_fusionL1_fusionBN0_drop0p2__wd1e-04trmiss40_trlocglobal,32,1e-05,0.0001,1,16,1,False,0.2,lr1e-05_bs32_modL1_fusion16_fusionL1_fusionBN0_drop0p2__wd1e-04trmiss40_trlocglobal,1,0.6931358973185221,0.6982773542404175,0.498015873015873,0.5526077005187492,0.5555555555555556,0.0,0.0,0.0,0.0,0.0,0.0,0.0,0.0,0.0,,,,,18473,global,0.4
5,5,lr1e-05_bs32_modL1_fusion16_fusionL1_fusionBN0_drop0p2__wd1e-04trmiss40_trlocglobal,32,1e-05,0.0001,1,16,1,False,0.2,lr1e-05_bs32_modL1_fusion16_fusionL1_fusionBN0_drop0p2__wd1e-04trmiss40_trlocglobal,2,0.6862859825293223,0.6978708505630493,0.5,0.5942805144593051,0.5333333333333333,0.0,0.0,0.0,0.0,0.0,0.0,0.0,0.0,0.0,,,,,18473,global,0.4
5,5,lr1e-05_bs32_modL1_fusion16_fusionL1_fusionBN0_drop0p2__wd1e-04trmiss40_trlocglobal,32,1e-05,0.0001,1,16,1,False,0.2,lr1e-05_bs32_modL1_fusion16_fusionL1_fusionBN0_drop0p2__wd1e-04trmiss40_trlocglobal,3,0.6785969038804373,0.6977667808532715,0.503968253968254,0.595524017016237,0.5333333333333333,0.0,0.0,0.0,0.0,0.0,0.0,0.0,0.0,0.0,,,,,18473,global,0.4
5,5,lr1e-05_bs32_modL1_fusion16_fusionL1_fusionBN0_drop0p2__wd1e-04trmiss40_trlocglobal,32,1e-05,0.0001,1,16,1,False,0.2,lr1e-05_bs32_modL1_fusion16_fusionL1_fusionBN0_drop0p2__wd1e-04trmiss40_trlocglobal,4,0.6730563044548035,0.6972412765026093,0.5198412698412698,0.6043991324483385,0.4888888888888889,0.0,0.0,0.0,0.0,0.0,0.0,0.0,0.0,0.0,,,,,18473,global,0.4
5,5,lr1e-05_bs32_modL1_fusion16_fusionL1_fusionBN0_drop0p2__wd1e-04trmiss40_trlocglobal,32,1e-05,0.0001,1,16,1,False,0.2,lr1e-05_bs32_modL1_fusion16_fusionL1_fusionBN0_drop0p2__wd1e-04trmiss40_trlocglobal,5,0.676030178864797,0.6965729892253876,0.5376984126984127,0.6130445917387941,0.5333333333333333,0.0,0.0,0.0,0.0,0.0,0.0,0.0,0.0,0.0,,,,,18473,global,0.4
5,5,lr1e-05_bs32_modL1_fusion16_fusionL1_fusionBN0_drop0p2__wd1e-04trmiss40_trlocglobal,32,1e-05,0.0001,1,16,1,False,0.2,lr1e-05_bs32_modL1_fusion16_fusionL1_fusionBN0_drop0p2__wd1e-04trmiss40_trlocglobal,6,0.6743241747220358,0.6959112882614136,0.5436507936507936,0.6165564658058671,0.5777777777777777,0.0,0.0,0.0,0.0,0.0,0.0,0.0,0.0,0.0,,,,,18473,global,0.4
5,5,lr1e-05_bs32_modL1_fusion16_fusionL1_fusionBN0_drop0p2__wd1e-04trmiss40_trlocglobal,32,1e-05,0.0001,1,16,1,False,0.2,lr1e-05_bs32_modL1_fusion16_fusionL1_fusionBN0_drop0p2__wd1e-04trmiss40_trlocglobal,7,0.674282431602478,0.6956995129585266,0.5436507936507937,0.6164184891592698,0.6,0.0,0.0,0.0,0.0,0.0,0.0,0.0,0.0,0.0,,,,,18473,global,0.4
5,5,lr1e-05_bs32_modL1_fusion16_fusionL1_fusionBN0_drop0p2__wd1e-04trmiss40_trlocglobal,32,1e-05,0.0001,1,16,1,False,0.2,lr1e-05_bs32_modL1_fusion16_fusionL1_fusionBN0_drop0p2__wd1e-04trmiss40_trlocglobal,8,0.6709235409895579,0.6954907774925232,0.5496031746031746,0.618857300348081,0.6,0.0,0.0,0.0,0.0,0.0,0.0,0.0,0.0,0.0,,,,,18473,global,0.4
5,5,lr1e-05_bs32_modL1_fusion16_fusionL1_fusionBN0_drop0p2__wd1e-04trmiss40_trlocglobal,32,1e-05,0.0001,1,16,1,False,0.2,lr1e-05_bs32_modL1_fusion16_fusionL1_fusionBN0_drop0p2__wd1e-04trmiss40_trlocglobal,9,0.6739095151424408,0.6951068639755249,0.5535714285714286,0.6182827939535539,0.5777777777777777,0.0,0.0,0.0,0.0,0.0,0.0,0.0,0.0,0.0,,,,,18473,global,0.4
5,5,lr1e-05_bs32_modL1_fusion16_fusionL1_fusionBN0_drop0p2__wd1e-04trmiss40_trlocglobal,32,1e-05,0.0001,1,16,1,False,0.2,lr1e-05_bs32_modL1_fusion16_fusionL1_fusionBN0_drop0p2__wd1e-04trmiss40_trlocglobal,10,0.6736545264720917,0.6953967809677124,0.5436507936507937,0.6115405894182115,0.5777777777777777,0.0,0.0,0.0,0.0,0.0,0.0,0.0,0.0,0.0,,,,,18473,global,0.4
5,5,lr1e-05_bs32_modL1_fusion16_fusionL1_fusionBN0_drop0p2__wd1e-04trmiss40_trlocglobal,32,1e-05,0.0001,1,16,1,False,0.2,lr1e-05_bs32_modL1_fusion16_fusionL1_fusionBN0_drop0p2__wd1e-04trmiss40_trlocglobal,11,0.6694508592287699,0.6955932080745697,0.5357142857142858,0.6063357860116774,0.5777777777777777,0.0,0.0,0.0,0.0,0.0,0.0,0.0,0.0,0.0,,,,,18473,global,0.4
5,5,lr1e-05_bs32_modL1_fusion16_fusionL1_fusionBN0_drop0p2__wd1e-04trmiss40_trlocglobal,32,1e-05,0.0001,1,16,1,False,0.2,lr1e-05_bs32_modL1_fusion16_fusionL1_fusionBN0_drop0p2__wd1e-04trmiss40_trlocglobal,12,0.6654766499996185,0.6960329115390778,0.5317460317460319,0.6036406366067685,0.5555555555555556,0.0,0.0,0.0,0.0,0.0,0.0,0.0,0.0,0.0,,,,,18473,global,0.4
5,5,lr1e-05_bs32_modL1_fusion16_fusionL1_fusionBN0_drop0p2__wd1e-04trmiss40_trlocglobal,32,1e-05,0.0001,1,16,1,False,0.2,lr1e-05_bs32_modL1_fusion16_fusionL1_fusionBN0_drop0p2__wd1e-04trmiss40_trlocglobal,13,0.6578632195790609,0.6957069933414459,0.5476190476190477,0.6143535448567005,0.5777777777777777,0.0,0.0,0.0,0.0,0.0,0.0,0.0,0.0,0.0,,,,,18473,global,0.4
5,5,lr1e-05_bs32_modL1_fusion16_fusionL1_fusionBN0_drop0p2__wd1e-04trmiss40_trlocglobal,32,1e-05,0.0001,1,16,1,False,0.2,lr1e-05_bs32_modL1_fusion16_fusionL1_fusionBN0_drop0p2__wd1e-04trmiss40_trlocglobal,14,0.6653149326642355,0.6960182189941406,0.5555555555555556,0.6205399581633493,0.5777777777777777,0.0,0.0,0.0,0.0,0.0,0.0,0.0,0.0,0.0,,,,,18473,global,0.4
5,5,lr1e-05_bs32_modL1_fusion16_fusionL1_fusionBN0_drop0p2__wd1e-04trmiss40_trlocglobal,32,1e-05,0.0001,1,16,1,False,0.2,lr1e-05_bs32_modL1_fusion16_fusionL1_fusionBN0_drop0p2__wd1e-04trmiss40_trlocglobal,15,0.6665038069089254,0.6959838569164276,0.5575396825396826,0.6147317981247388,0.5555555555555556,0.0,0.0,0.0,0.0,0.0,0.0,0.0,0.0,0.0,,,,,18473,global,0.4
5,5,lr1e-05_bs32_modL1_fusion16_fusionL1_fusionBN0_drop0p2__wd1e-04trmiss40_trlocglobal,32,1e-05,0.0001,1,16,1,False,0.2,lr1e-05_bs32_modL1_fusion16_fusionL1_fusionBN0_drop0p2__wd1e-04trmiss40_trlocglobal,16,0.656816303730011,0.6958712637424469,0.5634920634920635,0.6188120883320312,0.5777777777777777,0.0,0.0,0.0,0.0,0.0,0.0,0.0,0.0,0.0,,,,,18473,global,0.4
5,5,lr1e-05_bs32_modL1_fusion16_fusionL1_fusionBN0_drop0p2__wd1e-04trmiss40_trlocglobal,32,1e-05,0.0001,1,16,1,False,0.2,lr1e-05_bs32_modL1_fusion16_fusionL1_fusionBN0_drop0p2__wd1e-04trmiss40_trlocglobal,17,0.659937451283137,0.6955198049545288,0.5535714285714286,0.6045135441564847,0.5777777777777777,0.0,0.0,0.0,0.0,0.0,0.0,0.0,0.0,0.0,,,,,18473,global,0.4
5,5,lr1e-05_bs32_modL1_fusion16_fusionL1_fusionBN0_drop0p2__wd1e-04trmiss40_trlocglobal,32,1e-05,0.0001,1,16,1,False,0.2,lr1e-05_bs32_modL1_fusion16_fusionL1_fusionBN0_drop0p2__wd1e-04trmiss40_trlocglobal,18,0.6493992904822031,0.6955403387546539,0.5496031746031746,0.6022282430628672,0.5555555555555556,0.0,0.0,0.0,0.0,0.0,0.0,0.0,0.0,0.0,,,,,18473,global,0.4
5,5,lr1e-05_bs32_modL1_fusion16_fusionL1_fusionBN0_drop0p2__wd1e-04trmiss40_trlocglobal,32,1e-05,0.0001,1,16,1,False,0.2,lr1e-05_bs32_modL1_fusion16_fusionL1_fusionBN0_drop0p2__wd1e-04trmiss40_trlocglobal,19,0.6583061913649241,0.6953338384628296,0.5476190476190477,0.5992520525866767,0.5555555555555556,0.0,0.0,0.0,0.0,0.0,0.0,0.0,0.0,0.0,,,,,18473,global,0.4
5,5,lr1e-05_bs32_modL1_fusion16_fusionL1_fusionBN0_drop0p2__wd1e-04trmiss40_trlocglobal,32,1e-05,0.0001,1,16,1,False,0.2,lr1e-05_bs32_modL1_fusion16_fusionL1_fusionBN0_drop0p2__wd1e-04trmiss40_trlocglobal,20,0.6640476584434509,0.6959532201290131,0.5476190476190477,0.6001726522165155,0.5333333333333333,0.0,0.0,0.0,0.0,0.0,0.0,0.0,0.0,0.0,,,,,18473,global,0.4
5,5,lr1e-05_bs32_modL1_fusion16_fusionL1_fusionBN0_drop0p2__wd1e-04trmiss40_trlocglobal,32,1e-05,0.0001,1,16,1,False,0.2,lr1e-05_bs32_modL1_fusion16_fusionL1_fusionBN0_drop0p2__wd1e-04trmiss40_trlocglobal,21,0.6562381982803345,0.6961676180362701,0.5436507936507936,0.5956231228338434,0.5111111111111111,0.0,0.0,0.0,0.0,0.0,0.0,0.0,0.0,0.0,,,,,18473,global,0.4
5,5,lr1e-05_bs32_modL1_fusion16_fusionL1_fusionBN0_drop0p2__wd1e-04trmiss40_trlocglobal,32,1e-05,0.0001,1,16,1,False,0.2,lr1e-05_bs32_modL1_fusion16_fusionL1_fusionBN0_drop0p2__wd1e-04trmiss40_trlocglobal,22,0.6579190393288931,0.6957358717918396,0.5416666666666667,0.5931980197959953,0.5333333333333333,0.0,0.0,0.0,0.0,0.0,0.0,0.0,0.0,0.0,,,,,18473,global,0.4
5,5,lr1e-05_bs32_modL1_fusion16_fusionL1_fusionBN0_drop0p2__wd1e-04trmiss40_trlocglobal,32,1e-05,0.0001,1,16,1,False,0.2,lr1e-05_bs32_modL1_fusion16_fusionL1_fusionBN0_drop0p2__wd1e-04trmiss40_trlocglobal,23,0.6527781089146932,0.6964559555053711,0.5436507936507937,0.5934769846582936,0.5333333333333333,0.0,0.0,0.0,0.0,0.0,0.0,0.0,0.0,0.0,,,,,18473,global,0.4
5,5,lr1e-05_bs32_modL1_fusion16_fusionL1_fusionBN0_drop0p2__wd1e-04trmiss40_trlocglobal,32,1e-05,0.0001,1,16,1,False,0.2,lr1e-05_bs32_modL1_fusion16_fusionL1_fusionBN0_drop0p2__wd1e-04trmiss40_trlocglobal,24,0.6488292018572489,0.6971997320652008,0.5317460317460317,0.5880644517049258,0.5333333333333333,0.0,0.0,0.0,0.0,0.0,0.0,0.0,0.0,0.0,,,,,18473,global,0.4
5,5,lr1e-05_bs32_modL1_fusion16_fusionL1_fusionBN0_drop0p2__wd1e-04trmiss40_trlocglobal,32,1e-05,0.0001,1,16,1,False,0.2,lr1e-05_bs32_modL1_fusion16_fusionL1_fusionBN0_drop0p2__wd1e-04trmiss40_trlocglobal,25,0.6446577906608582,0.6977641582489014,0.5277777777777778,0.5860275454072382,0.4888888888888889,0.0,0.0,0.0,0.0,0.0,0.0,0.0,0.0,0.0,,,,,18473,global,0.4
5,5,lr1e-05_bs32_modL1_fusion16_fusionL1_fusionBN0_drop0p2__wd1e-04trmiss40_trlocglobal,32,1e-05,0.0001,1,16,1,False,0.2,lr1e-05_bs32_modL1_fusion16_fusionL1_fusionBN0_drop0p2__wd1e-04trmiss40_trlocglobal,26,0.648155520359675,0.6984462440013885,0.5198412698412699,0.5818428650324745,0.5111111111111111,0.0,0.0,0.0,0.0,0.0,0.0,0.0,0.0,0.0,,,,,18473,global,0.4
5,5,lr1e-05_bs32_modL1_fusion16_fusionL1_fusionBN0_drop0p2__wd1e-04trmiss40_trlocglobal,32,1e-05,0.0001,1,16,1,False,0.2,lr1e-05_bs32_modL1_fusion16_fusionL1_fusionBN0_drop0p2__wd1e-04trmiss40_trlocglobal,27,0.6467950840791067,0.6988612711429596,0.5079365079365079,0.5752339825674293,0.4666666666666667,0.0,0.0,0.0,0.0,0.0,0.0,0.0,0.0,0.0,,,,,18473,global,0.4
5,5,lr1e-05_bs32_modL1_fusion16_fusionL1_fusionBN0_drop0p2__wd1e-04trmiss40_trlocglobal,32,1e-05,0.0001,1,16,1,False,0.2,lr1e-05_bs32_modL1_fusion16_fusionL1_fusionBN0_drop0p2__wd1e-04trmiss40_trlocglobal,28,0.6508619884649912,0.698003739118576,0.5178571428571429,0.5860733285378236,0.4666666666666667,0.0,0.0,0.0,0.0,0.0,0.0,0.0,0.0,0.0,,,,,18473,global,0.4
5,5,lr1e-05_bs32_modL1_fusion16_fusionL1_fusionBN0_drop0p2__wd1e-04trmiss40_trlocglobal,32,1e-05,0.0001,1,16,1,False,0.2,lr1e-05_bs32_modL1_fusion16_fusionL1_fusionBN0_drop0p2__wd1e-04trmiss40_trlocglobal,29,0.6542316774527231,0.6980866193771362,0.5138888888888888,0.5820311676111279,0.4444444444444444,0.0,0.0,0.0,0.0,0.0,0.0,0.0,0.0,0.0,,,,,18473,global,0.4
5,5,lr1e-05_bs32_modL1_fusion16_fusionL1_fusionBN0_drop0p2__wd1e-04trmiss40_trlocglobal,32,1e-05,0.0001,1,16,1,False,0.2,lr1e-05_bs32_modL1_fusion16_fusionL1_fusionBN0_drop0p2__wd1e-04trmiss40_trlocglobal,30,0.6525130967299143,0.6982516050338745,0.513888888888889,0.5819473233153272,0.4444444444444444,0.0,0.0,0.0,0.0,0.0,0.0,0.0,0.0,0.0,,,,,18473,global,0.4
5,5,lr1e-05_bs32_modL1_fusion16_fusionL1_fusionBN0_drop0p2__wd1e-04trmiss40_trlocglobal,32,1e-05,0.0001,1,16,1,False,0.2,lr1e-05_bs32_modL1_fusion16_fusionL1_fusionBN0_drop0p2__wd1e-04trmiss40_trlocglobal,31,0.6359979708989462,0.6984647512435913,0.5138888888888888,0.5820311676111279,0.4444444444444444,0.0,0.0,0.0,0.0,0.0,0.0,0.0,0.0,0.0,,,,,18473,global,0.4
5,5,lr1e-05_bs32_modL1_fusion16_fusionL1_fusionBN0_drop0p2__wd1e-04trmiss40_trlocglobal,32,1e-05,0.0001,1,16,1,False,0.2,lr1e-05_bs32_modL1_fusion16_fusionL1_fusionBN0_drop0p2__wd1e-04trmiss40_trlocglobal,32,0.6383017102877299,0.6987311840057373,0.507936507936508,0.577861875379753,0.4666666666666667,0.0,0.0,0.0,0.0,0.0,0.0,0.0,0.0,0.0,,,,,18473,global,0.4
5,5,lr1e-05_bs32_modL1_fusion16_fusionL1_fusionBN0_drop0p2__wd1e-04trmiss40_trlocglobal,32,1e-05,0.0001,1,16,1,False,0.2,lr1e-05_bs32_modL1_fusion16_fusionL1_fusionBN0_drop0p2__wd1e-04trmiss40_trlocglobal,33,0.6437935034434,0.6995895206928253,0.501984126984127,0.57569214786043,0.4444444444444444,0.0,0.0,0.0,0.0,0.0,0.0,0.0,0.0,0.0,,,,,18473,global,0.4
5,5,lr1e-05_bs32_modL1_fusion16_fusionL1_fusionBN0_drop0p2__wd1e-04trmiss40_trlocglobal,32,1e-05,0.0001,1,16,1,False,0.2,lr1e-05_bs32_modL1_fusion16_fusionL1_fusionBN0_drop0p2__wd1e-04trmiss40_trlocglobal,34,0.6448518534501394,0.6996903121471405,0.49404761904761907,0.571803258971541,0.4444444444444444,0.0,0.0,0.0,0.0,0.0,0.0,0.0,0.0,0.0,,,,,18473,global,0.4
5,5,lr1e-05_bs32_modL1_fusion16_fusionL1_fusionBN0_drop0p2__wd1e-04trmiss40_trlocglobal,32,1e-05,0.0001,1,16,1,False,0.2,lr1e-05_bs32_modL1_fusion16_fusionL1_fusionBN0_drop0p2__wd1e-04trmiss40_trlocglobal,35,0.6385786533355713,0.6993624567985535,0.501984126984127,0.574943692776642,0.4666666666666667,0.0,0.0,0.0,0.0,0.0,0.0,0.0,0.0,0.0,,,,,18473,global,0.4
5,5,lr1e-05_bs32_modL1_fusion16_fusionL1_fusionBN0_drop0p2__wd1e-04trmiss40_trlocglobal,32,1e-05,0.0001,1,16,1,False,0.2,lr1e-05_bs32_modL1_fusion16_fusionL1_fusionBN0_drop0p2__wd1e-04trmiss40_trlocglobal,36,0.6361399590969086,0.6990585029125214,0.511904761904762,0.5804743380385247,0.4666666666666667,0.0,0.0,0.0,0.0,0.0,0.0,0.0,0.0,0.0,,,,,18473,global,0.4
5,5,lr1e-05_bs32_modL1_fusion16_fusionL1_fusionBN0_drop0p1__wd1e-04trmiss40_trlocglobal,32,1e-05,0.0001,1,16,1,False,0.1,lr1e-05_bs32_modL1_fusion16_fusionL1_fusionBN0_drop0p1__wd1e-04trmiss40_trlocglobal,1,0.7004099786281586,0.6920422911643982,0.4980158730158731,0.5317184410823541,0.4222222222222222,0.0,0.0,0.0,0.0,0.0,0.0,0.0,0.0,0.0,,,,,18473,global,0.4
5,5,lr1e-05_bs32_modL1_fusion16_fusionL1_fusionBN0_drop0p1__wd1e-04trmiss40_trlocglobal,32,1e-05,0.0001,1,16,1,False,0.1,lr1e-05_bs32_modL1_fusion16_fusionL1_fusionBN0_drop0p1__wd1e-04trmiss40_trlocglobal,2,0.7010959287484487,0.692120760679245,0.49404761904761907,0.5348347635075217,0.4222222222222222,0.0,0.0,0.0,0.0,0.0,0.0,0.0,0.0,0.0,,,,,18473,global,0.4
5,5,lr1e-05_bs32_modL1_fusion16_fusionL1_fusionBN0_drop0p1__wd1e-04trmiss40_trlocglobal,32,1e-05,0.0001,1,16,1,False,0.1,lr1e-05_bs32_modL1_fusion16_fusionL1_fusionBN0_drop0p1__wd1e-04trmiss40_trlocglobal,3,0.6972946524620056,0.6923595070838928,0.49603174603174605,0.5393468308819079,0.4222222222222222,0.0,0.0,0.0,0.0,0.0,0.0,0.0,0.0,0.0,,,,,18473,global,0.4
5,5,lr1e-05_bs32_modL1_fusion16_fusionL1_fusionBN0_drop0p1__wd1e-04trmiss40_trlocglobal,32,1e-05,0.0001,1,16,1,False,0.1,lr1e-05_bs32_modL1_fusion16_fusionL1_fusionBN0_drop0p1__wd1e-04trmiss40_trlocglobal,4,0.6928224762280782,0.6923900842666626,0.49404761904761907,0.5376551015585996,0.4222222222222222,0.0,0.0,0.0,0.0,0.0,0.0,0.0,0.0,0.0,,,,,18473,global,0.4
5,5,lr1e-05_bs32_modL1_fusion16_fusionL1_fusionBN0_drop0p1__wd1e-04trmiss40_trlocglobal,32,1e-05,0.0001,1,16,1,False,0.1,lr1e-05_bs32_modL1_fusion16_fusionL1_fusionBN0_drop0p1__wd1e-04trmiss40_trlocglobal,5,0.6936859985192617,0.692875325679779,0.501984126984127,0.5421576604021249,0.4444444444444444,0.0,0.0,0.0,0.0,0.0,0.0,0.0,0.0,0.0,,,,,18473,global,0.4
5,5,lr1e-05_bs32_modL1_fusion16_fusionL1_fusionBN0_drop0p1__wd1e-04trmiss40_trlocglobal,32,1e-05,0.0001,1,16,1,False,0.1,lr1e-05_bs32_modL1_fusion16_fusionL1_fusionBN0_drop0p1__wd1e-04trmiss40_trlocglobal,6,0.694199800491333,0.6926278173923492,0.5039682539682541,0.5474797990123069,0.4444444444444444,0.0,0.0,0.0,0.0,0.0,0.0,0.0,0.0,0.0,,,,,18473,global,0.4
5,5,lr1e-05_bs32_modL1_fusion16_fusionL1_fusionBN0_drop0p1__wd1e-04trmiss40_trlocglobal,32,1e-05,0.0001,1,16,1,False,0.1,lr1e-05_bs32_modL1_fusion16_fusionL1_fusionBN0_drop0p1__wd1e-04trmiss40_trlocglobal,7,0.6860999763011932,0.69230917096138,0.5059523809523809,0.547808602542811,0.4444444444444444,0.0,0.0,0.0,0.0,0.0,0.0,0.0,0.0,0.0,,,,,18473,global,0.4
5,5,lr1e-05_bs32_modL1_fusion16_fusionL1_fusionBN0_drop0p1__wd1e-04trmiss40_trlocglobal,32,1e-05,0.0001,1,16,1,False,0.1,lr1e-05_bs32_modL1_fusion16_fusionL1_fusionBN0_drop0p1__wd1e-04trmiss40_trlocglobal,8,0.6828300456206003,0.6921389698982239,0.5099206349206349,0.5505319574043238,0.4444444444444444,0.0,0.0,0.0,0.0,0.0,0.0,0.0,0.0,0.0,,,,,18473,global,0.4
5,5,lr1e-05_bs32_modL1_fusion16_fusionL1_fusionBN0_drop0p1__wd1e-04trmiss40_trlocglobal,32,1e-05,0.0001,1,16,1,False,0.1,lr1e-05_bs32_modL1_fusion16_fusionL1_fusionBN0_drop0p1__wd1e-04trmiss40_trlocglobal,9,0.6722823182741801,0.6919892132282257,0.5158730158730158,0.5513952249465129,0.4444444444444444,0.0,0.0,0.0,0.0,0.0,0.0,0.0,0.0,0.0,,,,,18473,global,0.4
5,5,lr1e-05_bs32_modL1_fusion16_fusionL1_fusionBN0_drop0p1__wd1e-04trmiss40_trlocglobal,32,1e-05,0.0001,1,16,1,False,0.1,lr1e-05_bs32_modL1_fusion16_fusionL1_fusionBN0_drop0p1__wd1e-04trmiss40_trlocglobal,10,0.6846343874931335,0.6919398605823517,0.5158730158730158,0.5505272875218804,0.4666666666666667,0.0,0.0,0.0,0.0,0.0,0.0,0.0,0.0,0.0,,,,,18473,global,0.4
5,5,lr1e-05_bs32_modL1_fusion16_fusionL1_fusionBN0_drop0p1__wd1e-04trmiss40_trlocglobal,32,1e-05,0.0001,1,16,1,False,0.1,lr1e-05_bs32_modL1_fusion16_fusionL1_fusionBN0_drop0p1__wd1e-04trmiss40_trlocglobal,11,0.6649734675884247,0.6914473176002502,0.5178571428571429,0.5526640396586325,0.4666666666666667,0.0,0.0,0.0,0.0,0.0,0.0,0.0,0.0,0.0,,,,,18473,global,0.4
5,5,lr1e-05_bs32_modL1_fusion16_fusionL1_fusionBN0_drop0p1__wd1e-04trmiss40_trlocglobal,32,1e-05,0.0001,1,16,1,False,0.1,lr1e-05_bs32_modL1_fusion16_fusionL1_fusionBN0_drop0p1__wd1e-04trmiss40_trlocglobal,12,0.6698228518168131,0.6912969350814819,0.5198412698412698,0.5531589304748992,0.4666666666666667,0.0,0.0,0.0,0.0,0.0,0.0,0.0,0.0,0.0,,,,,18473,global,0.4
5,5,lr1e-05_bs32_modL1_fusion16_fusionL1_fusionBN0_drop0p1__wd1e-04trmiss40_trlocglobal,32,1e-05,0.0001,1,16,1,False,0.1,lr1e-05_bs32_modL1_fusion16_fusionL1_fusionBN0_drop0p1__wd1e-04trmiss40_trlocglobal,13,0.6714444557825724,0.6914330720901489,0.5277777777777778,0.5567624928083276,0.4666666666666667,0.0,0.0,0.0,0.0,0.0,0.0,0.0,0.0,0.0,,,,,18473,global,0.4
5,5,lr1e-05_bs32_modL1_fusion16_fusionL1_fusionBN0_drop0p1__wd1e-04trmiss40_trlocglobal,32,1e-05,0.0001,1,16,1,False,0.1,lr1e-05_bs32_modL1_fusion16_fusionL1_fusionBN0_drop0p1__wd1e-04trmiss40_trlocglobal,14,0.6736699044704437,0.692104309797287,0.5218253968253967,0.5522297345628179,0.4666666666666667,0.0,0.0,0.0,0.0,0.0,0.0,0.0,0.0,0.0,,,,,18473,global,0.4
5,5,lr1e-05_bs32_modL1_fusion16_fusionL1_fusionBN0_drop0p1__wd1e-04trmiss40_trlocglobal,32,1e-05,0.0001,1,16,1,False,0.1,lr1e-05_bs32_modL1_fusion16_fusionL1_fusionBN0_drop0p1__wd1e-04trmiss40_trlocglobal,15,0.663366953531901,0.6921367645263672,0.5238095238095237,0.5518520740289072,0.4666666666666667,0.0,0.0,0.0,0.0,0.0,0.0,0.0,0.0,0.0,,,,,18473,global,0.4
5,5,lr1e-05_bs32_modL1_fusion16_fusionL1_fusionBN0_drop0p1__wd1e-04trmiss40_trlocglobal,32,1e-05,0.0001,1,16,1,False,0.1,lr1e-05_bs32_modL1_fusion16_fusionL1_fusionBN0_drop0p1__wd1e-04trmiss40_trlocglobal,16,0.6730770468711853,0.69224414229393,0.5198412698412698,0.5491995541350081,0.4666666666666667,0.0,0.0,0.0,0.0,0.0,0.0,0.0,0.0,0.0,,,,,18473,global,0.4
5,5,lr1e-05_bs32_modL1_fusion16_fusionL1_fusionBN0_drop0p1__wd1e-04trmiss40_trlocglobal,32,1e-05,0.0001,1,16,1,False,0.1,lr1e-05_bs32_modL1_fusion16_fusionL1_fusionBN0_drop0p1__wd1e-04trmiss40_trlocglobal,17,0.6619609296321869,0.692694902420044,0.5178571428571429,0.5484498697915737,0.4666666666666667,0.0,0.0,0.0,0.0,0.0,0.0,0.0,0.0,0.0,,,,,18473,global,0.4
5,5,lr1e-05_bs32_modL1_fusion16_fusionL1_fusionBN0_drop0p1__wd1e-04trmiss40_trlocglobal,32,1e-05,0.0001,1,16,1,False,0.1,lr1e-05_bs32_modL1_fusion16_fusionL1_fusionBN0_drop0p1__wd1e-04trmiss40_trlocglobal,18,0.6640143593152364,0.6923451125621796,0.5158730158730159,0.5465418534816301,0.4666666666666667,0.0,0.0,0.0,0.0,0.0,0.0,0.0,0.0,0.0,,,,,18473,global,0.4
5,5,lr1e-05_bs32_modL1_fusion16_fusionL1_fusionBN0_drop0p1__wd1e-04trmiss40_trlocglobal,32,1e-05,0.0001,1,16,1,False,0.1,lr1e-05_bs32_modL1_fusion16_fusionL1_fusionBN0_drop0p1__wd1e-04trmiss40_trlocglobal,19,0.6627796590328217,0.6925898194313049,0.5119047619047619,0.5452458498636451,0.4666666666666667,0.0,0.0,0.0,0.0,0.0,0.0,0.0,0.0,0.0,,,,,18473,global,0.4
5,5,lr1e-05_bs32_modL1_fusion16_fusionL1_fusionBN0_drop0p1__wd1e-04trmiss40_trlocglobal,32,1e-05,0.0001,1,16,1,False,0.1,lr1e-05_bs32_modL1_fusion16_fusionL1_fusionBN0_drop0p1__wd1e-04trmiss40_trlocglobal,20,0.653971920410792,0.6923572421073914,0.5158730158730158,0.5469574620062917,0.4666666666666667,0.0,0.0,0.0,0.0,0.0,0.0,0.0,0.0,0.0,,,,,18473,global,0.4
5,5,lr1e-05_bs32_modL1_fusion16_fusionL1_fusionBN0_drop0p1__wd1e-04trmiss40_trlocglobal,32,1e-05,0.0001,1,16,1,False,0.1,lr1e-05_bs32_modL1_fusion16_fusionL1_fusionBN0_drop0p1__wd1e-04trmiss40_trlocglobal,21,0.6559249659379324,0.6924978196620941,0.5138888888888888,0.5476326077443546,0.4666666666666667,0.0,0.0,0.0,0.0,0.0,0.0,0.0,0.0,0.0,,,,,18473,global,0.4
5,5,lr1e-05_bs32_modL1_fusion16_fusionL1_fusionBN0_drop0p1__wd1e-04trmiss40_trlocglobal,32,1e-05,0.0001,1,16,1,False,0.1,lr1e-05_bs32_modL1_fusion16_fusionL1_fusionBN0_drop0p1__wd1e-04trmiss40_trlocglobal,22,0.6663030584653219,0.6925366520881653,0.521825396825397,0.5579222622150436,0.4666666666666667,0.0,0.0,0.0,0.0,0.0,0.0,0.0,0.0,0.0,,,,,18473,global,0.4
5,5,lr1e-05_bs32_modL1_fusion16_fusionL1_fusionBN0_drop0p1__wd1e-04trmiss40_trlocglobal,32,1e-05,0.0001,1,16,1,False,0.1,lr1e-05_bs32_modL1_fusion16_fusionL1_fusionBN0_drop0p1__wd1e-04trmiss40_trlocglobal,23,0.6582443217436472,0.6927683055400848,0.5178571428571428,0.5612292858571617,0.4666666666666667,0.0,0.0,0.0,0.0,0.0,0.0,0.0,0.0,0.0,,,,,18473,global,0.4
5,5,lr1e-05_bs32_modL1_fusion16_fusionL1_fusionBN0_drop0p1__wd1e-04trmiss40_trlocglobal,32,1e-05,0.0001,1,16,1,False,0.1,lr1e-05_bs32_modL1_fusion16_fusionL1_fusionBN0_drop0p1__wd1e-04trmiss40_trlocglobal,24,0.6570712029933929,0.6925235092639923,0.5198412698412699,0.5585623426050105,0.4666666666666667,0.0,0.0,0.0,0.0,0.0,0.0,0.0,0.0,0.0,,,,,18473,global,0.4
5,5,lr1e-05_bs32_modL1_fusion16_fusionL1_fusionBN0_drop0p1__wd1e-04trmiss40_trlocglobal,32,1e-05,0.0001,1,16,1,False,0.1,lr1e-05_bs32_modL1_fusion16_fusionL1_fusionBN0_drop0p1__wd1e-04trmiss40_trlocglobal,25,0.6581548849741617,0.6922686994075775,0.5198412698412698,0.5582990737038083,0.4666666666666667,0.0,0.0,0.0,0.0,0.0,0.0,0.0,0.0,0.0,,,,,18473,global,0.4
5,5,lr1e-05_bs32_modL1_fusion16_fusionL1_fusionBN0_drop0p1__wd1e-04trmiss40_trlocglobal,32,1e-05,0.0001,1,16,1,False,0.1,lr1e-05_bs32_modL1_fusion16_fusionL1_fusionBN0_drop0p1__wd1e-04trmiss40_trlocglobal,26,0.6576383809248606,0.6930020153522491,0.5218253968253969,0.5575404707672554,0.4666666666666667,0.0,0.0,0.0,0.0,0.0,0.0,0.0,0.0,0.0,,,,,18473,global,0.4
5,5,lr1e-05_bs32_modL1_fusion16_fusionL1_fusionBN0_drop0p1__wd1e-04trmiss40_trlocglobal,32,1e-05,0.0001,1,16,1,False,0.1,lr1e-05_bs32_modL1_fusion16_fusionL1_fusionBN0_drop0p1__wd1e-04trmiss40_trlocglobal,27,0.6509095231691996,0.6931014955043793,0.5198412698412699,0.5523246943836667,0.4666666666666667,0.0,0.0,0.0,0.0,0.0,0.0,0.0,0.0,0.0,,,,,18473,global,0.4
5,5,lr1e-05_bs32_modL1_fusion16_fusionL1_fusionBN0_drop0p1__wd1e-04trmiss40_trlocglobal,32,1e-05,0.0001,1,16,1,False,0.1,lr1e-05_bs32_modL1_fusion16_fusionL1_fusionBN0_drop0p1__wd1e-04trmiss40_trlocglobal,28,0.6450540721416473,0.6931437253952026,0.5178571428571429,0.5570193336711657,0.4444444444444444,0.0,0.0,0.0,0.0,0.0,0.0,0.0,0.0,0.0,,,,,18473,global,0.4
5,5,lr1e-05_bs32_modL1_fusion16_fusionL1_fusionBN0_drop0p1__wd1e-04trmiss40_trlocglobal,32,1e-05,0.0001,1,16,1,False,0.1,lr1e-05_bs32_modL1_fusion16_fusionL1_fusionBN0_drop0p1__wd1e-04trmiss40_trlocglobal,29,0.6466034253438314,0.6931452751159668,0.5238095238095238,0.5601032553694645,0.4666666666666667,0.0,0.0,0.0,0.0,0.0,0.0,0.0,0.0,0.0,,,,,18473,global,0.4
5,5,lr1e-05_bs32_modL1_fusion16_fusionL1_fusionBN0_drop0p1__wd1e-04trmiss40_trlocglobal,32,1e-05,0.0001,1,16,1,False,0.1,lr1e-05_bs32_modL1_fusion16_fusionL1_fusionBN0_drop0p1__wd1e-04trmiss40_trlocglobal,30,0.6455369194348654,0.6928927004337311,0.5198412698412698,0.5573190025852117,0.4444444444444444,0.0,0.0,0.0,0.0,0.0,0.0,0.0,0.0,0.0,,,,,18473,global,0.4
5,5,lr1e-05_bs32_modL1_fusion16_fusionL1_fusionBN0_drop0p1__wd1e-04trmiss40_trlocglobal,32,1e-05,0.0001,1,16,1,False,0.1,lr1e-05_bs32_modL1_fusion16_fusionL1_fusionBN0_drop0p1__wd1e-04trmiss40_trlocglobal,31,0.6480326056480408,0.6929680705070496,0.5198412698412699,0.5582254740220429,0.4444444444444444,0.0,0.0,0.0,0.0,0.0,0.0,0.0,0.0,0.0,,,,,18473,global,0.4
5,5,lr1e-05_bs32_modL1_fusion16_fusionL1_fusionBN0_drop0p1__wd1e-04trmiss40_trlocglobal,32,1e-05,0.0001,1,16,1,False,0.1,lr1e-05_bs32_modL1_fusion16_fusionL1_fusionBN0_drop0p1__wd1e-04trmiss40_trlocglobal,32,0.6440711617469788,0.6933169662952423,0.5198412698412699,0.5553733526556908,0.4444444444444444,0.0,0.0,0.0,0.0,0.0,0.0,0.0,0.0,0.0,,,,,18473,global,0.4
5,5,lr1e-05_bs32_modL1_fusion16_fusionL1_fusionBN0_drop0p1__wd1e-04trmiss40_trlocglobal,32,1e-05,0.0001,1,16,1,False,0.1,lr1e-05_bs32_modL1_fusion16_fusionL1_fusionBN0_drop0p1__wd1e-04trmiss40_trlocglobal,33,0.6501842439174652,0.6930534541606903,0.5158730158730159,0.5532806304861778,0.4444444444444444,0.0,0.0,0.0,0.0,0.0,0.0,0.0,0.0,0.0,,,,,18473,global,0.4
5,5,lr1e-05_bs32_modL1_fusion32_fusionL1_fusionBN0_drop0p2__wd1e-04trmiss40_trlocglobal,32,1e-05,0.0001,1,32,1,False,0.2,lr1e-05_bs32_modL1_fusion32_fusionL1_fusionBN0_drop0p2__wd1e-04trmiss40_trlocglobal,1,0.6961105068524679,0.7209441959857941,0.3829365079365079,0.46743385747236993,0.5333333333333333,0.0,0.0,0.0,0.0,0.0,0.0,0.0,0.0,0.0,,,,,18473,global,0.4
5,5,lr1e-05_bs32_modL1_fusion32_fusionL1_fusionBN0_drop0p2__wd1e-04trmiss40_trlocglobal,32,1e-05,0.0001,1,32,1,False,0.2,lr1e-05_bs32_modL1_fusion32_fusionL1_fusionBN0_drop0p2__wd1e-04trmiss40_trlocglobal,2,0.7029932936032613,0.7243097126483917,0.3869047619047619,0.4722899474018123,0.5333333333333333,0.0,0.0,0.0,0.0,0.0,0.0,0.0,0.0,0.0,,,,,18473,global,0.4
5,5,lr1e-05_bs32_modL1_fusion32_fusionL1_fusionBN0_drop0p2__wd1e-04trmiss40_trlocglobal,32,1e-05,0.0001,1,32,1,False,0.2,lr1e-05_bs32_modL1_fusion32_fusionL1_fusionBN0_drop0p2__wd1e-04trmiss40_trlocglobal,3,0.7038704951604208,0.7281708717346191,0.3948412698412699,0.47157544586938194,0.5111111111111111,0.0,0.0,0.0,0.0,0.0,0.0,0.0,0.0,0.0,,,,,18473,global,0.4
5,5,lr1e-05_bs32_modL1_fusion32_fusionL1_fusionBN0_drop0p2__wd1e-04trmiss40_trlocglobal,32,1e-05,0.0001,1,32,1,False,0.2,lr1e-05_bs32_modL1_fusion32_fusionL1_fusionBN0_drop0p2__wd1e-04trmiss40_trlocglobal,4,0.7016515632470449,0.7304851710796356,0.3948412698412699,0.47258344588652834,0.5111111111111111,0.0,0.0,0.0,0.0,0.0,0.0,0.0,0.0,0.0,,,,,18473,global,0.4
5,5,lr1e-05_bs32_modL1_fusion32_fusionL1_fusionBN0_drop0p2__wd1e-04trmiss40_trlocglobal,32,1e-05,0.0001,1,32,1,False,0.2,lr1e-05_bs32_modL1_fusion32_fusionL1_fusionBN0_drop0p2__wd1e-04trmiss40_trlocglobal,5,0.6826099455356598,0.7323900759220123,0.39682539682539686,0.47293550248858496,0.5111111111111111,0.0,0.0,0.0,0.0,0.0,0.0,0.0,0.0,0.0,,,,,18473,global,0.4
5,5,lr1e-05_bs32_modL1_fusion32_fusionL1_fusionBN0_drop0p2__wd1e-04trmiss40_trlocglobal,32,1e-05,0.0001,1,32,1,False,0.2,lr1e-05_bs32_modL1_fusion32_fusionL1_fusionBN0_drop0p2__wd1e-04trmiss40_trlocglobal,6,0.6903383235136668,0.73370760679245,0.3908730158730159,0.4685125527531352,0.5111111111111111,0.0,0.0,0.0,0.0,0.0,0.0,0.0,0.0,0.0,,,,,18473,global,0.4
5,5,lr1e-05_bs32_modL1_fusion32_fusionL1_fusionBN0_drop0p2__wd1e-04trmiss40_trlocglobal,32,1e-05,0.0001,1,32,1,False,0.2,lr1e-05_bs32_modL1_fusion32_fusionL1_fusionBN0_drop0p2__wd1e-04trmiss40_trlocglobal,7,0.6840538680553436,0.7344672679901123,0.3869047619047619,0.4670072552717055,0.5111111111111111,0.0,0.0,0.0,0.0,0.0,0.0,0.0,0.0,0.0,,,,,18473,global,0.4
5,5,lr1e-05_bs32_modL1_fusion32_fusionL1_fusionBN0_drop0p2__wd1e-04trmiss40_trlocglobal,32,1e-05,0.0001,1,32,1,False,0.2,lr1e-05_bs32_modL1_fusion32_fusionL1_fusionBN0_drop0p2__wd1e-04trmiss40_trlocglobal,8,0.6866093675295512,0.7341753244400024,0.3908730158730159,0.46884486590865826,0.5111111111111111,0.0,0.0,0.0,0.0,0.0,0.0,0.0,0.0,0.0,,,,,18473,global,0.4
5,5,lr1e-05_bs32_modL1_fusion32_fusionL1_fusionBN0_drop0p2__wd1e-04trmiss40_trlocglobal,32,1e-05,0.0001,1,32,1,False,0.2,lr1e-05_bs32_modL1_fusion32_fusionL1_fusionBN0_drop0p2__wd1e-04trmiss40_trlocglobal,9,0.6769339938958486,0.7344590425491333,0.3908730158730159,0.46954595575448493,0.5111111111111111,0.0,0.0,0.0,0.0,0.0,0.0,0.0,0.0,0.0,,,,,18473,global,0.4
5,5,lr1e-05_bs32_modL1_fusion32_fusionL1_fusionBN0_drop0p2__wd1e-04trmiss40_trlocglobal,32,1e-05,0.0001,1,32,1,False,0.2,lr1e-05_bs32_modL1_fusion32_fusionL1_fusionBN0_drop0p2__wd1e-04trmiss40_trlocglobal,10,0.6808767020702362,0.7349949181079865,0.386904761904762,0.4660985351195643,0.5111111111111111,0.0,0.0,0.0,0.0,0.0,0.0,0.0,0.0,0.0,,,,,18473,global,0.4
5,5,lr1e-05_bs32_modL1_fusion32_fusionL1_fusionBN0_drop0p2__wd1e-04trmiss40_trlocglobal,32,1e-05,0.0001,1,32,1,False,0.2,lr1e-05_bs32_modL1_fusion32_fusionL1_fusionBN0_drop0p2__wd1e-04trmiss40_trlocglobal,11,0.6847794155279795,0.7357644140720367,0.380952380952381,0.4604226024084324,0.5111111111111111,0.0,0.0,0.0,0.0,0.0,0.0,0.0,0.0,0.0,,,,,18473,global,0.4
5,5,lr1e-05_bs32_modL1_fusion32_fusionL1_fusionBN0_drop0p2__wd1e-04trmiss40_trlocglobal,32,1e-05,0.0001,1,32,1,False,0.2,lr1e-05_bs32_modL1_fusion32_fusionL1_fusionBN0_drop0p2__wd1e-04trmiss40_trlocglobal,12,0.6845269600550333,0.7351173460483551,0.382936507936508,0.461494906330001,0.5111111111111111,0.0,0.0,0.0,0.0,0.0,0.0,0.0,0.0,0.0,,,,,18473,global,0.4
5,5,lr1e-05_bs32_modL1_fusion32_fusionL1_fusionBN0_drop0p2__wd1e-04trmiss40_trlocglobal,32,1e-05,0.0001,1,32,1,False,0.2,lr1e-05_bs32_modL1_fusion32_fusionL1_fusionBN0_drop0p2__wd1e-04trmiss40_trlocglobal,13,0.6873678763707479,0.7357960641384125,0.38095238095238104,0.46005423868867545,0.5111111111111111,0.0,0.0,0.0,0.0,0.0,0.0,0.0,0.0,0.0,,,,,18473,global,0.4
5,5,lr1e-05_bs32_modL1_fusion32_fusionL1_fusionBN0_drop0p2__wd1e-04trmiss40_trlocglobal,32,1e-05,0.0001,1,32,1,False,0.2,lr1e-05_bs32_modL1_fusion32_fusionL1_fusionBN0_drop0p2__wd1e-04trmiss40_trlocglobal,14,0.6780853867530823,0.7355107665061951,0.384920634920635,0.46230969927746934,0.5111111111111111,0.0,0.0,0.0,0.0,0.0,0.0,0.0,0.0,0.0,,,,,18473,global,0.4
5,5,lr1e-05_bs32_modL1_fusion32_fusionL1_fusionBN0_drop0p2__wd1e-04trmiss40_trlocglobal,32,1e-05,0.0001,1,32,1,False,0.2,lr1e-05_bs32_modL1_fusion32_fusionL1_fusionBN0_drop0p2__wd1e-04trmiss40_trlocglobal,15,0.6797497967878977,0.7349197566509247,0.3908730158730159,0.46502772989184143,0.5111111111111111,0.0,0.0,0.0,0.0,0.0,0.0,0.0,0.0,0.0,,,,,18473,global,0.4
5,5,lr1e-05_bs32_modL1_fusion32_fusionL1_fusionBN0_drop0p2__wd1e-04trmiss40_trlocglobal,32,1e-05,0.0001,1,32,1,False,0.2,lr1e-05_bs32_modL1_fusion32_fusionL1_fusionBN0_drop0p2__wd1e-04trmiss40_trlocglobal,16,0.678542971611023,0.7349272072315216,0.3948412698412699,0.4689629150770266,0.5111111111111111,0.0,0.0,0.0,0.0,0.0,0.0,0.0,0.0,0.0,,,,,18473,global,0.4
5,5,lr1e-05_bs32_modL1_fusion32_fusionL1_fusionBN0_drop0p2__wd1e-04trmiss40_trlocglobal,32,1e-05,0.0001,1,32,1,False,0.2,lr1e-05_bs32_modL1_fusion32_fusionL1_fusionBN0_drop0p2__wd1e-04trmiss40_trlocglobal,17,0.6733568608760834,0.7349299788475037,0.386904761904762,0.46290433245594403,0.5111111111111111,0.0,0.0,0.0,0.0,0.0,0.0,0.0,0.0,0.0,,,,,18473,global,0.4
5,5,lr1e-05_bs32_modL1_fusion32_fusionL1_fusionBN0_drop0p2__wd1e-04trmiss40_trlocglobal,32,1e-05,0.0001,1,32,1,False,0.2,lr1e-05_bs32_modL1_fusion32_fusionL1_fusionBN0_drop0p2__wd1e-04trmiss40_trlocglobal,18,0.6740132371584574,0.7343497276306152,0.384920634920635,0.46130176835337994,0.5111111111111111,0.0,0.0,0.0,0.0,0.0,0.0,0.0,0.0,0.0,,,,,18473,global,0.4
5,5,lr1e-05_bs32_modL1_fusion32_fusionL1_fusionBN0_drop0p2__wd1e-04trmiss40_trlocglobal,32,1e-05,0.0001,1,32,1,False,0.2,lr1e-05_bs32_modL1_fusion32_fusionL1_fusionBN0_drop0p2__wd1e-04trmiss40_trlocglobal,19,0.6695947845776876,0.7338209748268127,0.38293650793650796,0.4609367063929232,0.5111111111111111,0.0,0.0,0.0,0.0,0.0,0.0,0.0,0.0,0.0,,,,,18473,global,0.4
5,5,lr1e-05_bs32_modL1_fusion32_fusionL1_fusionBN0_drop0p2__wd1e-04trmiss40_trlocglobal,32,1e-05,0.0001,1,32,1,False,0.2,lr1e-05_bs32_modL1_fusion32_fusionL1_fusionBN0_drop0p2__wd1e-04trmiss40_trlocglobal,20,0.6658245225747427,0.7344750463962555,0.378968253968254,0.4585283311186943,0.5111111111111111,0.0,0.0,0.0,0.0,0.0,0.0,0.0,0.0,0.0,,,,,18473,global,0.4
5,5,lr1e-05_bs32_modL1_fusion32_fusionL1_fusionBN0_drop0p2__wd1e-04trmiss40_trlocglobal,32,1e-05,0.0001,1,32,1,False,0.2,lr1e-05_bs32_modL1_fusion32_fusionL1_fusionBN0_drop0p2__wd1e-04trmiss40_trlocglobal,21,0.6739275852839152,0.7334806621074677,0.380952380952381,0.46130610889647206,0.5111111111111111,0.0,0.0,0.0,0.0,0.0,0.0,0.0,0.0,0.0,,,,,18473,global,0.4
5,5,lr1e-05_bs32_modL1_fusion32_fusionL1_fusionBN0_drop0p2__wd1e-04trmiss40_trlocglobal,32,1e-05,0.0001,1,32,1,False,0.2,lr1e-05_bs32_modL1_fusion32_fusionL1_fusionBN0_drop0p2__wd1e-04trmiss40_trlocglobal,22,0.6758932371934255,0.7340263724327087,0.380952380952381,0.46189377086184297,0.5111111111111111,0.0,0.0,0.0,0.0,0.0,0.0,0.0,0.0,0.0,,,,,18473,global,0.4
5,5,lr1e-05_bs32_modL1_fusion32_fusionL1_fusionBN0_drop0p2__wd1e-04trmiss40_trlocglobal,32,1e-05,0.0001,1,32,1,False,0.2,lr1e-05_bs32_modL1_fusion32_fusionL1_fusionBN0_drop0p2__wd1e-04trmiss40_trlocglobal,23,0.6727042198181152,0.7332899272441864,0.37698412698412703,0.4570326597507319,0.5111111111111111,0.0,0.0,0.0,0.0,0.0,0.0,0.0,0.0,0.0,,,,,18473,global,0.4
5,5,lr1e-05_bs32_modL1_fusion32_fusionL1_fusionBN0_drop0p2__wd1e-04trmiss40_trlocglobal,32,1e-05,0.0001,1,32,1,False,0.2,lr1e-05_bs32_modL1_fusion32_fusionL1_fusionBN0_drop0p2__wd1e-04trmiss40_trlocglobal,24,0.6683365305264791,0.7323599457740784,0.38095238095238104,0.4614599906905535,0.5111111111111111,0.0,0.0,0.0,0.0,0.0,0.0,0.0,0.0,0.0,,,,,18473,global,0.4
5,5,lr1e-05_bs32_modL1_fusion32_fusionL1_fusionBN0_drop0p2__wd1e-04trmiss40_trlocglobal,32,1e-05,0.0001,1,32,1,False,0.2,lr1e-05_bs32_modL1_fusion32_fusionL1_fusionBN0_drop0p2__wd1e-04trmiss40_trlocglobal,25,0.6656783123811086,0.7322620749473572,0.380952380952381,0.4620433250200178,0.5111111111111111,0.0,0.0,0.0,0.0,0.0,0.0,0.0,0.0,0.0,,,,,18473,global,0.4
5,5,lr1e-05_bs32_modL1_fusion32_fusionL1_fusionBN0_drop0p1__wd1e-04trmiss40_trlocglobal,32,1e-05,0.0001,1,32,1,False,0.1,lr1e-05_bs32_modL1_fusion32_fusionL1_fusionBN0_drop0p1__wd1e-04trmiss40_trlocglobal,1,0.6944938600063324,0.7070416212081909,0.4821428571428571,0.5063181476443225,0.5111111111111111,0.0,0.0,0.0,0.0,0.0,0.0,0.0,0.0,0.0,,,,,18473,global,0.4
5,5,lr1e-05_bs32_modL1_fusion32_fusionL1_fusionBN0_drop0p1__wd1e-04trmiss40_trlocglobal,32,1e-05,0.0001,1,32,1,False,0.1,lr1e-05_bs32_modL1_fusion32_fusionL1_fusionBN0_drop0p1__wd1e-04trmiss40_trlocglobal,2,0.6947979927062988,0.7088121771812439,0.4861111111111111,0.5078488056833277,0.5111111111111111,0.0,0.0,0.0,0.0,0.0,0.0,0.0,0.0,0.0,,,,,18473,global,0.4
5,5,lr1e-05_bs32_modL1_fusion32_fusionL1_fusionBN0_drop0p1__wd1e-04trmiss40_trlocglobal,32,1e-05,0.0001,1,32,1,False,0.1,lr1e-05_bs32_modL1_fusion32_fusionL1_fusionBN0_drop0p1__wd1e-04trmiss40_trlocglobal,3,0.693367063999176,0.7107979953289032,0.49404761904761907,0.5117903010354162,0.5111111111111111,0.0,0.0,0.0,0.0,0.0,0.0,0.0,0.0,0.0,,,,,18473,global,0.4
5,5,lr1e-05_bs32_modL1_fusion32_fusionL1_fusionBN0_drop0p1__wd1e-04trmiss40_trlocglobal,32,1e-05,0.0001,1,32,1,False,0.1,lr1e-05_bs32_modL1_fusion32_fusionL1_fusionBN0_drop0p1__wd1e-04trmiss40_trlocglobal,4,0.6911765237649282,0.7121537923812866,0.503968253968254,0.5177881948125338,0.5111111111111111,0.0,0.0,0.0,0.0,0.0,0.0,0.0,0.0,0.0,,,,,18473,global,0.4
5,5,lr1e-05_bs32_modL1_fusion32_fusionL1_fusionBN0_drop0p1__wd1e-04trmiss40_trlocglobal,32,1e-05,0.0001,1,32,1,False,0.1,lr1e-05_bs32_modL1_fusion32_fusionL1_fusionBN0_drop0p1__wd1e-04trmiss40_trlocglobal,5,0.6853631436824799,0.7131375968456268,0.505952380952381,0.5224491837689834,0.5111111111111111,0.0,0.0,0.0,0.0,0.0,0.0,0.0,0.0,0.0,,,,,18473,global,0.4
5,5,lr1e-05_bs32_modL1_fusion32_fusionL1_fusionBN0_drop0p1__wd1e-04trmiss40_trlocglobal,32,1e-05,0.0001,1,32,1,False,0.1,lr1e-05_bs32_modL1_fusion32_fusionL1_fusionBN0_drop0p1__wd1e-04trmiss40_trlocglobal,6,0.6852221091588339,0.7132939100265503,0.501984126984127,0.5200046339560125,0.5111111111111111,0.0,0.0,0.0,0.0,0.0,0.0,0.0,0.0,0.0,,,,,18473,global,0.4
5,5,lr1e-05_bs32_modL1_fusion32_fusionL1_fusionBN0_drop0p1__wd1e-04trmiss40_trlocglobal,32,1e-05,0.0001,1,32,1,False,0.1,lr1e-05_bs32_modL1_fusion32_fusionL1_fusionBN0_drop0p1__wd1e-04trmiss40_trlocglobal,7,0.6811331311861674,0.7135577499866486,0.501984126984127,0.5190821804019801,0.5111111111111111,0.0,0.0,0.0,0.0,0.0,0.0,0.0,0.0,0.0,,,,,18473,global,0.4
5,5,lr1e-05_bs32_modL1_fusion32_fusionL1_fusionBN0_drop0p1__wd1e-04trmiss40_trlocglobal,32,1e-05,0.0001,1,32,1,False,0.1,lr1e-05_bs32_modL1_fusion32_fusionL1_fusionBN0_drop0p1__wd1e-04trmiss40_trlocglobal,8,0.683470090230306,0.7135419845581055,0.5158730158730159,0.5267151995302795,0.5111111111111111,0.0,0.0,0.0,0.0,0.0,0.0,0.0,0.0,0.0,,,,,18473,global,0.4
5,5,lr1e-05_bs32_modL1_fusion32_fusionL1_fusionBN0_drop0p1__wd1e-04trmiss40_trlocglobal,32,1e-05,0.0001,1,32,1,False,0.1,lr1e-05_bs32_modL1_fusion32_fusionL1_fusionBN0_drop0p1__wd1e-04trmiss40_trlocglobal,9,0.6799057225386301,0.7127578854560852,0.5178571428571428,0.5295342062923447,0.5111111111111111,0.0,0.0,0.0,0.0,0.0,0.0,0.0,0.0,0.0,,,,,18473,global,0.4
5,5,lr1e-05_bs32_modL1_fusion32_fusionL1_fusionBN0_drop0p1__wd1e-04trmiss40_trlocglobal,32,1e-05,0.0001,1,32,1,False,0.1,lr1e-05_bs32_modL1_fusion32_fusionL1_fusionBN0_drop0p1__wd1e-04trmiss40_trlocglobal,10,0.676727424065272,0.7126712799072266,0.5138888888888888,0.5321747435013805,0.5111111111111111,0.0,0.0,0.0,0.0,0.0,0.0,0.0,0.0,0.0,,,,,18473,global,0.4
5,5,lr1e-05_bs32_modL1_fusion32_fusionL1_fusionBN0_drop0p1__wd1e-04trmiss40_trlocglobal,32,1e-05,0.0001,1,32,1,False,0.1,lr1e-05_bs32_modL1_fusion32_fusionL1_fusionBN0_drop0p1__wd1e-04trmiss40_trlocglobal,11,0.6754244367281595,0.7124055624008179,0.5178571428571428,0.5344376471372818,0.5111111111111111,0.0,0.0,0.0,0.0,0.0,0.0,0.0,0.0,0.0,,,,,18473,global,0.4
5,5,lr1e-05_bs32_modL1_fusion32_fusionL1_fusionBN0_drop0p1__wd1e-04trmiss40_trlocglobal,32,1e-05,0.0001,1,32,1,False,0.1,lr1e-05_bs32_modL1_fusion32_fusionL1_fusionBN0_drop0p1__wd1e-04trmiss40_trlocglobal,12,0.6748298505942026,0.7123006582260132,0.5198412698412699,0.5311144075322556,0.5111111111111111,0.0,0.0,0.0,0.0,0.0,0.0,0.0,0.0,0.0,,,,,18473,global,0.4
5,5,lr1e-05_bs32_modL1_fusion32_fusionL1_fusionBN0_drop0p1__wd1e-04trmiss40_trlocglobal,32,1e-05,0.0001,1,32,1,False,0.1,lr1e-05_bs32_modL1_fusion32_fusionL1_fusionBN0_drop0p1__wd1e-04trmiss40_trlocglobal,13,0.6773640016714731,0.7121650576591492,0.5158730158730159,0.5280253217699844,0.5111111111111111,0.0,0.0,0.0,0.0,0.0,0.0,0.0,0.0,0.0,,,,,18473,global,0.4
5,5,lr1e-05_bs32_modL1_fusion32_fusionL1_fusionBN0_drop0p1__wd1e-04trmiss40_trlocglobal,32,1e-05,0.0001,1,32,1,False,0.1,lr1e-05_bs32_modL1_fusion32_fusionL1_fusionBN0_drop0p1__wd1e-04trmiss40_trlocglobal,14,0.667389859755834,0.7113420367240906,0.5119047619047619,0.526254603792871,0.5111111111111111,0.0,0.0,0.0,0.0,0.0,0.0,0.0,0.0,0.0,,,,,18473,global,0.4
5,5,lr1e-05_bs32_modL1_fusion32_fusionL1_fusionBN0_drop0p1__wd1e-04trmiss40_trlocglobal,32,1e-05,0.0001,1,32,1,False,0.1,lr1e-05_bs32_modL1_fusion32_fusionL1_fusionBN0_drop0p1__wd1e-04trmiss40_trlocglobal,15,0.6654266814390818,0.7114712297916412,0.5119047619047619,0.5303951193700451,0.5111111111111111,0.0,0.0,0.0,0.0,0.0,0.0,0.0,0.0,0.0,,,,,18473,global,0.4
5,5,lr1e-05_bs32_modL1_fusion32_fusionL1_fusionBN0_drop0p1__wd1e-04trmiss40_trlocglobal,32,1e-05,0.0001,1,32,1,False,0.1,lr1e-05_bs32_modL1_fusion32_fusionL1_fusionBN0_drop0p1__wd1e-04trmiss40_trlocglobal,16,0.671186606089274,0.7112178802490234,0.513888888888889,0.5324635918332544,0.5111111111111111,0.0,0.0,0.0,0.0,0.0,0.0,0.0,0.0,0.0,,,,,18473,global,0.4
5,5,lr1e-05_bs32_modL1_fusion32_fusionL1_fusionBN0_drop0p1__wd1e-04trmiss40_trlocglobal,32,1e-05,0.0001,1,32,1,False,0.1,lr1e-05_bs32_modL1_fusion32_fusionL1_fusionBN0_drop0p1__wd1e-04trmiss40_trlocglobal,17,0.6743219296137491,0.7112724483013153,0.503968253968254,0.5294474296848694,0.5111111111111111,0.0,0.0,0.0,0.0,0.0,0.0,0.0,0.0,0.0,,,,,18473,global,0.4
5,5,lr1e-05_bs32_modL1_fusion32_fusionL1_fusionBN0_drop0p1__wd1e-04trmiss40_trlocglobal,32,1e-05,0.0001,1,32,1,False,0.1,lr1e-05_bs32_modL1_fusion32_fusionL1_fusionBN0_drop0p1__wd1e-04trmiss40_trlocglobal,18,0.6625989278157552,0.7115378975868225,0.501984126984127,0.5239375530273634,0.5111111111111111,0.0,0.0,0.0,0.0,0.0,0.0,0.0,0.0,0.0,,,,,18473,global,0.4
5,5,lr1e-05_bs32_modL1_fusion32_fusionL1_fusionBN0_drop0p1__wd1e-04trmiss40_trlocglobal,32,1e-05,0.0001,1,32,1,False,0.1,lr1e-05_bs32_modL1_fusion32_fusionL1_fusionBN0_drop0p1__wd1e-04trmiss40_trlocglobal,19,0.6674916545550028,0.7115449607372284,0.505952380952381,0.5256953195265093,0.5111111111111111,0.0,0.0,0.0,0.0,0.0,0.0,0.0,0.0,0.0,,,,,18473,global,0.4
5,5,lr1e-05_bs32_modL1_fusion32_fusionL1_fusionBN0_drop0p1__wd1e-04trmiss40_trlocglobal,32,1e-05,0.0001,1,32,1,False,0.1,lr1e-05_bs32_modL1_fusion32_fusionL1_fusionBN0_drop0p1__wd1e-04trmiss40_trlocglobal,20,0.6652427812417349,0.7114288806915283,0.503968253968254,0.5259959402420007,0.4888888888888889,0.0,0.0,0.0,0.0,0.0,0.0,0.0,0.0,0.0,,,,,18473,global,0.4
5,5,lr1e-05_bs32_modL1_fusion32_fusionL1_fusionBN0_drop0p1__wd1e-04trmiss40_trlocglobal,32,1e-05,0.0001,1,32,1,False,0.1,lr1e-05_bs32_modL1_fusion32_fusionL1_fusionBN0_drop0p1__wd1e-04trmiss40_trlocglobal,21,0.664832760890325,0.7107628583908081,0.5119047619047619,0.5341743371771911,0.4888888888888889,0.0,0.0,0.0,0.0,0.0,0.0,0.0,0.0,0.0,,,,,18473,global,0.4
5,5,lr1e-05_bs32_modL1_fusion32_fusionL1_fusionBN0_drop0p1__wd1e-04trmiss40_trlocglobal,32,1e-05,0.0001,1,32,1,False,0.1,lr1e-05_bs32_modL1_fusion32_fusionL1_fusionBN0_drop0p1__wd1e-04trmiss40_trlocglobal,22,0.660255640745163,0.7107763290405273,0.5138888888888888,0.5346315986258319,0.4888888888888889,0.0,0.0,0.0,0.0,0.0,0.0,0.0,0.0,0.0,,,,,18473,global,0.4
5,5,lr1e-05_bs32_modL1_fusion32_fusionL1_fusionBN0_drop0p1__wd1e-04trmiss40_trlocglobal,32,1e-05,0.0001,1,32,1,False,0.1,lr1e-05_bs32_modL1_fusion32_fusionL1_fusionBN0_drop0p1__wd1e-04trmiss40_trlocglobal,23,0.660207062959671,0.7113619148731232,0.501984126984127,0.5252822122667595,0.4888888888888889,0.0,0.0,0.0,0.0,0.0,0.0,0.0,0.0,0.0,,,,,18473,global,0.4
5,5,lr1e-05_bs32_modL1_fusion32_fusionL1_fusionBN0_drop0p1__wd1e-04trmiss40_trlocglobal,32,1e-05,0.0001,1,32,1,False,0.1,lr1e-05_bs32_modL1_fusion32_fusionL1_fusionBN0_drop0p1__wd1e-04trmiss40_trlocglobal,24,0.6573387881120046,0.7113340795040131,0.49603174603174593,0.5233864066428837,0.4888888888888889,0.0,0.0,0.0,0.0,0.0,0.0,0.0,0.0,0.0,,,,,18473,global,0.4
5,5,lr1e-05_bs32_modL1_fusion32_fusionL1_fusionBN0_drop0p1__wd1e-04trmiss40_trlocglobal,32,1e-05,0.0001,1,32,1,False,0.1,lr1e-05_bs32_modL1_fusion32_fusionL1_fusionBN0_drop0p1__wd1e-04trmiss40_trlocglobal,25,0.659339427947998,0.7113703489303589,0.5079365079365079,0.5305529060651303,0.4888888888888889,0.0,0.0,0.0,0.0,0.0,0.0,0.0,0.0,0.0,,,,,18473,global,0.4
5,5,lr1e-05_bs32_modL1_fusion32_fusionL1_fusionBN0_drop0p1__wd1e-04trmiss40_trlocglobal,32,1e-05,0.0001,1,32,1,False,0.1,lr1e-05_bs32_modL1_fusion32_fusionL1_fusionBN0_drop0p1__wd1e-04trmiss40_trlocglobal,26,0.6615913013617197,0.7111386656761169,0.509920634920635,0.5292840854180224,0.4888888888888889,0.0,0.0,0.0,0.0,0.0,0.0,0.0,0.0,0.0,,,,,18473,global,0.4
5,5,lr1e-05_bs32_modL1_fusion32_fusionL1_fusionBN0_drop0p1__wd1e-04trmiss40_trlocglobal,32,1e-05,0.0001,1,32,1,False,0.1,lr1e-05_bs32_modL1_fusion32_fusionL1_fusionBN0_drop0p1__wd1e-04trmiss40_trlocglobal,27,0.6515290141105652,0.7109017968177795,0.5158730158730158,0.5349326035665406,0.4888888888888889,0.0,0.0,0.0,0.0,0.0,0.0,0.0,0.0,0.0,,,,,18473,global,0.4
5,5,lr1e-05_bs32_modL1_fusion32_fusionL1_fusionBN0_drop0p1__wd1e-04trmiss40_trlocglobal,32,1e-05,0.0001,1,32,1,False,0.1,lr1e-05_bs32_modL1_fusion32_fusionL1_fusionBN0_drop0p1__wd1e-04trmiss40_trlocglobal,28,0.656091312567393,0.7105938196182251,0.5178571428571428,0.5355549364257156,0.4888888888888889,0.0,0.0,0.0,0.0,0.0,0.0,0.0,0.0,0.0,,,,,18473,global,0.4
5,5,lr1e-05_bs32_modL1_fusion32_fusionL1_fusionBN0_drop0p1__wd1e-04trmiss40_trlocglobal,32,1e-05,0.0001,1,32,1,False,0.1,lr1e-05_bs32_modL1_fusion32_fusionL1_fusionBN0_drop0p1__wd1e-04trmiss40_trlocglobal,29,0.6590988139311472,0.7102548480033875,0.5238095238095238,0.5411922232941482,0.4888888888888889,0.0,0.0,0.0,0.0,0.0,0.0,0.0,0.0,0.0,,,,,18473,global,0.4
5,5,lr1e-05_bs32_modL1_fusion32_fusionL1_fusionBN0_drop0p1__wd1e-04trmiss40_trlocglobal,32,1e-05,0.0001,1,32,1,False,0.1,lr1e-05_bs32_modL1_fusion32_fusionL1_fusionBN0_drop0p1__wd1e-04trmiss40_trlocglobal,30,0.6532497107982635,0.7108639478683472,0.5218253968253967,0.5407776328604921,0.4888888888888889,0.0,0.0,0.0,0.0,0.0,0.0,0.0,0.0,0.0,,,,,18473,global,0.4
5,5,lr1e-05_bs32_modL1_fusion32_fusionL1_fusionBN0_drop0p1__wd1e-04trmiss40_trlocglobal,32,1e-05,0.0001,1,32,1,False,0.1,lr1e-05_bs32_modL1_fusion32_fusionL1_fusionBN0_drop0p1__wd1e-04trmiss40_trlocglobal,31,0.6508054435253143,0.7106033861637115,0.5178571428571428,0.5380105388433981,0.4888888888888889,0.0,0.0,0.0,0.0,0.0,0.0,0.0,0.0,0.0,,,,,18473,global,0.4
5,5,lr1e-05_bs32_modL1_fusion32_fusionL1_fusionBN0_drop0p1__wd1e-04trmiss40_trlocglobal,32,1e-05,0.0001,1,32,1,False,0.1,lr1e-05_bs32_modL1_fusion32_fusionL1_fusionBN0_drop0p1__wd1e-04trmiss40_trlocglobal,32,0.6524749199549357,0.7106937170028687,0.5198412698412698,0.5420763457217049,0.4888888888888889,0.0,0.0,0.0,0.0,0.0,0.0,0.0,0.0,0.0,,,,,18473,global,0.4
5,5,lr1e-05_bs32_modL1_fusion32_fusionL1_fusionBN0_drop0p1__wd1e-04trmiss40_trlocglobal,32,1e-05,0.0001,1,32,1,False,0.1,lr1e-05_bs32_modL1_fusion32_fusionL1_fusionBN0_drop0p1__wd1e-04trmiss40_trlocglobal,33,0.6536098420619965,0.7103866338729858,0.5238095238095237,0.546422743468838,0.4888888888888889,0.0,0.0,0.0,0.0,0.0,0.0,0.0,0.0,0.0,,,,,18473,global,0.4
5,5,lr1e-05_bs32_modL1_fusion32_fusionL1_fusionBN0_drop0p1__wd1e-04trmiss40_trlocglobal,32,1e-05,0.0001,1,32,1,False,0.1,lr1e-05_bs32_modL1_fusion32_fusionL1_fusionBN0_drop0p1__wd1e-04trmiss40_trlocglobal,34,0.6542132198810577,0.7098519802093506,0.5297619047619048,0.5504381690835283,0.4888888888888889,0.0,0.0,0.0,0.0,0.0,0.0,0.0,0.0,0.0,,,,,18473,global,0.4
5,5,lr1e-05_bs32_modL1_fusion32_fusionL1_fusionBN0_drop0p1__wd1e-04trmiss40_trlocglobal,32,1e-05,0.0001,1,32,1,False,0.1,lr1e-05_bs32_modL1_fusion32_fusionL1_fusionBN0_drop0p1__wd1e-04trmiss40_trlocglobal,35,0.6488122244675955,0.7097440361976624,0.5277777777777778,0.5482653758372557,0.4888888888888889,0.0,0.0,0.0,0.0,0.0,0.0,0.0,0.0,0.0,,,,,18473,global,0.4
5,5,lr1e-05_bs32_modL1_fusion32_fusionL1_fusionBN0_drop0p1__wd1e-04trmiss40_trlocglobal,32,1e-05,0.0001,1,32,1,False,0.1,lr1e-05_bs32_modL1_fusion32_fusionL1_fusionBN0_drop0p1__wd1e-04trmiss40_trlocglobal,36,0.6496352056662241,0.7088248133659363,0.5376984126984127,0.5563829187782781,0.4888888888888889,0.0,0.0,0.0,0.0,0.0,0.0,0.0,0.0,0.0,,,,,18473,global,0.4
5,5,lr1e-05_bs32_modL1_fusion32_fusionL1_fusionBN0_drop0p1__wd1e-04trmiss40_trlocglobal,32,1e-05,0.0001,1,32,1,False,0.1,lr1e-05_bs32_modL1_fusion32_fusionL1_fusionBN0_drop0p1__wd1e-04trmiss40_trlocglobal,37,0.6456824342409769,0.7081640660762787,0.5416666666666667,0.5634725193508507,0.4888888888888889,0.0,0.0,0.0,0.0,0.0,0.0,0.0,0.0,0.0,,,,,18473,global,0.4
5,5,lr1e-05_bs32_modL1_fusion32_fusionL1_fusionBN0_drop0p1__wd1e-04trmiss40_trlocglobal,32,1e-05,0.0001,1,32,1,False,0.1,lr1e-05_bs32_modL1_fusion32_fusionL1_fusionBN0_drop0p1__wd1e-04trmiss40_trlocglobal,38,0.6492417454719543,0.7088305056095123,0.5416666666666667,0.5632545212924637,0.4888888888888889,0.0,0.0,0.0,0.0,0.0,0.0,0.0,0.0,0.0,,,,,18473,global,0.4
5,5,lr1e-05_bs32_modL1_fusion32_fusionL1_fusionBN0_drop0p1__wd1e-04trmiss40_trlocglobal,32,1e-05,0.0001,1,32,1,False,0.1,lr1e-05_bs32_modL1_fusion32_fusionL1_fusionBN0_drop0p1__wd1e-04trmiss40_trlocglobal,39,0.6505168080329895,0.7095166742801666,0.5297619047619048,0.5488927488056912,0.4888888888888889,0.0,0.0,0.0,0.0,0.0,0.0,0.0,0.0,0.0,,,,,18473,global,0.4
5,5,lr1e-05_bs32_modL1_fusion32_fusionL1_fusionBN0_drop0p1__wd1e-04trmiss40_trlocglobal,32,1e-05,0.0001,1,32,1,False,0.1,lr1e-05_bs32_modL1_fusion32_fusionL1_fusionBN0_drop0p1__wd1e-04trmiss40_trlocglobal,40,0.6435265938440958,0.7096570134162903,0.5257936507936508,0.5484625971380535,0.4888888888888889,0.0,0.0,0.0,0.0,0.0,0.0,0.0,0.0,0.0,,,,,18473,global,0.4
5,5,lr1e-05_bs32_modL1_fusion32_fusionL1_fusionBN0_drop0p1__wd1e-04trmiss40_trlocglobal,32,1e-05,0.0001,1,32,1,False,0.1,lr1e-05_bs32_modL1_fusion32_fusionL1_fusionBN0_drop0p1__wd1e-04trmiss40_trlocglobal,41,0.6396274864673615,0.7091297805309296,0.5376984126984127,0.5586114082397396,0.4888888888888889,0.0,0.0,0.0,0.0,0.0,0.0,0.0,0.0,0.0,,,,,18473,global,0.4
5,5,lr1e-05_bs32_modL1_fusion32_fusionL1_fusionBN0_drop0p1__wd1e-04trmiss40_trlocglobal,32,1e-05,0.0001,1,32,1,False,0.1,lr1e-05_bs32_modL1_fusion32_fusionL1_fusionBN0_drop0p1__wd1e-04trmiss40_trlocglobal,42,0.6489086151123047,0.7092324495315552,0.5396825396825397,0.5585882048522385,0.4888888888888889,0.0,0.0,0.0,0.0,0.0,0.0,0.0,0.0,0.0,,,,,18473,global,0.4
5,5,lr1e-05_bs32_modL1_fusion32_fusionL1_fusionBN0_drop0p1__wd1e-04trmiss40_trlocglobal,32,1e-05,0.0001,1,32,1,False,0.1,lr1e-05_bs32_modL1_fusion32_fusionL1_fusionBN0_drop0p1__wd1e-04trmiss40_trlocglobal,43,0.6411378383636475,0.7087379992008209,0.5456349206349206,0.5640107432822578,0.4888888888888889,0.0,0.0,0.0,0.0,0.0,0.0,0.0,0.0,0.0,,,,,18473,global,0.4
5,5,lr1e-05_bs32_modL1_fusion32_fusionL1_fusionBN0_drop0p1__wd1e-04trmiss40_trlocglobal,32,1e-05,0.0001,1,32,1,False,0.1,lr1e-05_bs32_modL1_fusion32_fusionL1_fusionBN0_drop0p1__wd1e-04trmiss40_trlocglobal,44,0.6444887121518453,0.7083617746829987,0.5396825396825397,0.5591797703048317,0.4888888888888889,0.0,0.0,0.0,0.0,0.0,0.0,0.0,0.0,0.0,,,,,18473,global,0.4
5,5,lr1e-05_bs32_modL1_fusion32_fusionL1_fusionBN0_drop0p1__wd1e-04trmiss40_trlocglobal,32,1e-05,0.0001,1,32,1,False,0.1,lr1e-05_bs32_modL1_fusion32_fusionL1_fusionBN0_drop0p1__wd1e-04trmiss40_trlocglobal,45,0.6427708665529887,0.7089829444885254,0.5396825396825398,0.5593698615220529,0.4888888888888889,0.0,0.0,0.0,0.0,0.0,0.0,0.0,0.0,0.0,,,,,18473,global,0.4
5,5,lr1e-05_bs32_modL1_fusion32_fusionL1_fusionBN0_drop0p1__wd1e-04trmiss40_trlocglobal,32,1e-05,0.0001,1,32,1,False,0.1,lr1e-05_bs32_modL1_fusion32_fusionL1_fusionBN0_drop0p1__wd1e-04trmiss40_trlocglobal,46,0.6416189074516296,0.7087939381599426,0.5436507936507937,0.5607012266339059,0.4888888888888889,0.0,0.0,0.0,0.0,0.0,0.0,0.0,0.0,0.0,,,,,18473,global,0.4
5,5,lr1e-05_bs32_modL1_fusion32_fusionL1_fusionBN0_drop0p1__wd1e-04trmiss40_trlocglobal,32,1e-05,0.0001,1,32,1,False,0.1,lr1e-05_bs32_modL1_fusion32_fusionL1_fusionBN0_drop0p1__wd1e-04trmiss40_trlocglobal,47,0.6505240003267924,0.7087904214859009,0.5476190476190477,0.5641403800730592,0.4888888888888889,0.0,0.0,0.0,0.0,0.0,0.0,0.0,0.0,0.0,,,,,18473,global,0.4
5,5,lr1e-05_bs32_modL1_fusion32_fusionL1_fusionBN0_drop0p1__wd1e-04trmiss40_trlocglobal,32,1e-05,0.0001,1,32,1,False,0.1,lr1e-05_bs32_modL1_fusion32_fusionL1_fusionBN0_drop0p1__wd1e-04trmiss40_trlocglobal,48,0.6412765483061472,0.7082614302635193,0.5496031746031746,0.5650378159704952,0.4888888888888889,0.0,0.0,0.0,0.0,0.0,0.0,0.0,0.0,0.0,,,,,18473,global,0.4
5,5,lr1e-05_bs32_modL1_fusion32_fusionL1_fusionBN0_drop0p1__wd1e-04trmiss40_trlocglobal,32,1e-05,0.0001,1,32,1,False,0.1,lr1e-05_bs32_modL1_fusion32_fusionL1_fusionBN0_drop0p1__wd1e-04trmiss40_trlocglobal,49,0.6397596597671509,0.7087632715702057,0.5456349206349207,0.5621668443495236,0.4888888888888889,0.0,0.0,0.0,0.0,0.0,0.0,0.0,0.0,0.0,,,,,18473,global,0.4
5,5,lr1e-05_bs32_modL1_fusion32_fusionL1_fusionBN0_drop0p1__wd1e-04trmiss40_trlocglobal,32,1e-05,0.0001,1,32,1,False,0.1,lr1e-05_bs32_modL1_fusion32_fusionL1_fusionBN0_drop0p1__wd1e-04trmiss40_trlocglobal,50,0.6437597175439199,0.7091644406318665,0.5436507936507937,0.5539853683190675,0.4888888888888889,0.0,0.0,0.0,0.0,0.0,0.0,0.0,0.0,0.0,,,,,18473,global,0.4
5,5,lr1e-05_bs32_modL1_fusion32_fusionL1_fusionBN0_drop0p1__wd1e-04trmiss40_trlocglobal,32,1e-05,0.0001,1,32,1,False,0.1,lr1e-05_bs32_modL1_fusion32_fusionL1_fusionBN0_drop0p1__wd1e-04trmiss40_trlocglobal,51,0.6445987522602081,0.7088447511196136,0.5515873015873016,0.5595051702608163,0.4888888888888889,0.0,0.0,0.0,0.0,0.0,0.0,0.0,0.0,0.0,,,,,18473,global,0.4
5,5,lr1e-05_bs32_modL1_fusion32_fusionL1_fusionBN0_drop0p1__wd1e-04trmiss40_trlocglobal,32,1e-05,0.0001,1,32,1,False,0.1,lr1e-05_bs32_modL1_fusion32_fusionL1_fusionBN0_drop0p1__wd1e-04trmiss40_trlocglobal,52,0.643804003794988,0.7088086307048798,0.5496031746031746,0.5622404600557013,0.4888888888888889,0.0,0.0,0.0,0.0,0.0,0.0,0.0,0.0,0.0,,,,,18473,global,0.4
5,5,lr1e-05_bs32_modL1_fusion32_fusionL1_fusionBN0_drop0p1__wd1e-04trmiss40_trlocglobal,32,1e-05,0.0001,1,32,1,False,0.1,lr1e-05_bs32_modL1_fusion32_fusionL1_fusionBN0_drop0p1__wd1e-04trmiss40_trlocglobal,53,0.6390501161416372,0.708805114030838,0.5496031746031746,0.5619557352020109,0.4888888888888889,0.0,0.0,0.0,0.0,0.0,0.0,0.0,0.0,0.0,,,,,18473,global,0.4
5,5,lr1e-05_bs32_modL1_fusion32_fusionL1_fusionBN0_drop0p1__wd1e-04trmiss40_trlocglobal,32,1e-05,0.0001,1,32,1,False,0.1,lr1e-05_bs32_modL1_fusion32_fusionL1_fusionBN0_drop0p1__wd1e-04trmiss40_trlocglobal,54,0.6431985894838969,0.7084429860115051,0.5476190476190477,0.5639748691683164,0.4888888888888889,0.0,0.0,0.0,0.0,0.0,0.0,0.0,0.0,0.0,,,,,18473,global,0.4
5,5,lr1e-05_bs32_modL1_fusion32_fusionL1_fusionBN0_drop0p1__wd1e-04trmiss40_trlocglobal,32,1e-05,0.0001,1,32,1,False,0.1,lr1e-05_bs32_modL1_fusion32_fusionL1_fusionBN0_drop0p1__wd1e-04trmiss40_trlocglobal,55,0.6414797902107239,0.7087354063987732,0.5456349206349207,0.5612318174121068,0.4888888888888889,0.0,0.0,0.0,0.0,0.0,0.0,0.0,0.0,0.0,,,,,18473,global,0.4
5,5,lr1e-05_bs32_modL1_fusion32_fusionL1_fusionBN0_drop0p1__wd1e-04trmiss40_trlocglobal,32,1e-05,0.0001,1,32,1,False,0.1,lr1e-05_bs32_modL1_fusion32_fusionL1_fusionBN0_drop0p1__wd1e-04trmiss40_trlocglobal,56,0.6384681463241577,0.7086271941661835,0.5396825396825397,0.5538597192346182,0.4888888888888889,0.0,0.0,0.0,0.0,0.0,0.0,0.0,0.0,0.0,,,,,18473,global,0.4
5,5,lr1e-05_bs32_modL1_fusion32_fusionL1_fusionBN0_drop0p1__wd1e-04trmiss40_trlocglobal,32,1e-05,0.0001,1,32,1,False,0.1,lr1e-05_bs32_modL1_fusion32_fusionL1_fusionBN0_drop0p1__wd1e-04trmiss40_trlocglobal,57,0.6396792829036713,0.7087714672088623,0.5436507936507937,0.5559476313225302,0.4888888888888889,0.0,0.0,0.0,0.0,0.0,0.0,0.0,0.0,0.0,,,,,18473,global,0.4
5,5,lr1e-05_bs32_modL1_fusion32_fusionL1_fusionBN0_drop0p1__wd1e-04trmiss40_trlocglobal,32,1e-05,0.0001,1,32,1,False,0.1,lr1e-05_bs32_modL1_fusion32_fusionL1_fusionBN0_drop0p1__wd1e-04trmiss40_trlocglobal,58,0.6377002596855164,0.7087709605693817,0.5416666666666666,0.5601026534680075,0.5111111111111111,0.0,0.0,0.0,0.0,0.0,0.0,0.0,0.0,0.0,,,,,18473,global,0.4
5,5,lr1e-05_bs32_modL1_fusion32_fusionL1_fusionBN0_drop0p1__wd1e-04trmiss40_trlocglobal,32,1e-05,0.0001,1,32,1,False,0.1,lr1e-05_bs32_modL1_fusion32_fusionL1_fusionBN0_drop0p1__wd1e-04trmiss40_trlocglobal,59,0.6325269242127737,0.7085507214069366,0.5436507936507937,0.5582510591038992,0.5111111111111111,0.0,0.0,0.0,0.0,0.0,0.0,0.0,0.0,0.0,,,,,18473,global,0.4
5,5,lr1e-05_bs32_modL1_fusion32_fusionL1_fusionBN0_drop0p1__wd1e-04trmiss40_trlocglobal,32,1e-05,0.0001,1,32,1,False,0.1,lr1e-05_bs32_modL1_fusion32_fusionL1_fusionBN0_drop0p1__wd1e-04trmiss40_trlocglobal,60,0.6377277672290802,0.7083505392074585,0.5456349206349207,0.5621120766965086,0.5111111111111111,0.0,0.0,0.0,0.0,0.0,0.0,0.0,0.0,0.0,,,,,18473,global,0.4
5,5,lr1e-05_bs32_modL1_fusion32_fusionL1_fusionBN0_drop0p1__wd1e-04trmiss40_trlocglobal,32,1e-05,0.0001,1,32,1,False,0.1,lr1e-05_bs32_modL1_fusion32_fusionL1_fusionBN0_drop0p1__wd1e-04trmiss40_trlocglobal,61,0.636873741944631,0.7082267701625824,0.5496031746031746,0.5659540680385,0.5111111111111111,0.0,0.0,0.0,0.0,0.0,0.0,0.0,0.0,0.0,,,,,18473,global,0.4
5,5,lr1e-05_bs32_modL1_fusion32_fusionL1_fusionBN0_drop0p1__wd1e-04trmiss40_trlocglobal,32,1e-05,0.0001,1,32,1,False,0.1,lr1e-05_bs32_modL1_fusion32_fusionL1_fusionBN0_drop0p1__wd1e-04trmiss40_trlocglobal,62,0.6425120234489441,0.7086193263530731,0.5476190476190477,0.5620076685309172,0.5111111111111111,0.0,0.0,0.0,0.0,0.0,0.0,0.0,0.0,0.0,,,,,18473,global,0.4
5,5,lr1e-05_bs32_modL1_fusion32_fusionL1_fusionBN0_drop0p1__wd1e-04trmiss40_trlocglobal,32,1e-05,0.0001,1,32,1,False,0.1,lr1e-05_bs32_modL1_fusion32_fusionL1_fusionBN0_drop0p1__wd1e-04trmiss40_trlocglobal,63,0.6408992906411489,0.7086956202983856,0.5456349206349207,0.5609119128802458,0.5111111111111111,0.0,0.0,0.0,0.0,0.0,0.0,0.0,0.0,0.0,,,,,18473,global,0.4
5,5,lr1e-05_bs32_modL1_fusion32_fusionL1_fusionBN0_drop0p1__wd1e-04trmiss40_trlocglobal,32,1e-05,0.0001,1,32,1,False,0.1,lr1e-05_bs32_modL1_fusion32_fusionL1_fusionBN0_drop0p1__wd1e-04trmiss40_trlocglobal,64,0.6423130830128988,0.707553893327713,0.5496031746031746,0.5658802992147312,0.5111111111111111,0.0,0.0,0.0,0.0,0.0,0.0,0.0,0.0,0.0,,,,,18473,global,0.4
5,5,lr1e-05_bs32_modL1_fusion32_fusionL1_fusionBN0_drop0p1__wd1e-04trmiss40_trlocglobal,32,1e-05,0.0001,1,32,1,False,0.1,lr1e-05_bs32_modL1_fusion32_fusionL1_fusionBN0_drop0p1__wd1e-04trmiss40_trlocglobal,65,0.6407705247402191,0.7083556950092316,0.5416666666666666,0.5603291796296359,0.5111111111111111,0.0,0.0,0.0,0.0,0.0,0.0,0.0,0.0,0.0,,,,,18473,global,0.4
5,5,lr1e-05_bs32_modL1_fusion32_fusionL1_fusionBN0_drop0p1__wd1e-04trmiss40_trlocglobal,32,1e-05,0.0001,1,32,1,False,0.1,lr1e-05_bs32_modL1_fusion32_fusionL1_fusionBN0_drop0p1__wd1e-04trmiss40_trlocglobal,66,0.6417110164960226,0.7086522579193115,0.5396825396825398,0.5557155813616149,0.5111111111111111,0.0,0.0,0.0,0.0,0.0,0.0,0.0,0.0,0.0,,,,,18473,global,0.4
5,5,lr1e-05_bs32_modL1_fusion32_fusionL1_fusionBN0_drop0p1__wd1e-04trmiss40_trlocglobal,32,1e-05,0.0001,1,32,1,False,0.1,lr1e-05_bs32_modL1_fusion32_fusionL1_fusionBN0_drop0p1__wd1e-04trmiss40_trlocglobal,67,0.6415350536505381,0.708407074213028,0.5476190476190477,0.5659215560617956,0.5111111111111111,0.0,0.0,0.0,0.0,0.0,0.0,0.0,0.0,0.0,,,,,18473,global,0.4
5,5,lr1e-05_bs32_modL1_fusion32_fusionL1_fusionBN0_drop0p1__wd1e-04trmiss40_trlocglobal,32,1e-05,0.0001,1,32,1,False,0.1,lr1e-05_bs32_modL1_fusion32_fusionL1_fusionBN0_drop0p1__wd1e-04trmiss40_trlocglobal,68,0.6344098548094431,0.7075108885765076,0.5515873015873016,0.5690032228809485,0.5111111111111111,0.0,0.0,0.0,0.0,0.0,0.0,0.0,0.0,0.0,,,,,18473,global,0.4
5,5,lr1e-05_bs32_modL1_fusion32_fusionL1_fusionBN0_drop0p1__wd1e-04trmiss40_trlocglobal,32,1e-05,0.0001,1,32,1,False,0.1,lr1e-05_bs32_modL1_fusion32_fusionL1_fusionBN0_drop0p1__wd1e-04trmiss40_trlocglobal,69,0.6391347547372183,0.7079101204872131,0.5496031746031746,0.5669777413967322,0.5111111111111111,0.0,0.0,0.0,0.0,0.0,0.0,0.0,0.0,0.0,,,,,18473,global,0.4
5,5,lr1e-05_bs32_modL1_fusion32_fusionL1_fusionBN0_drop0p1__wd1e-04trmiss40_trlocglobal,32,1e-05,0.0001,1,32,1,False,0.1,lr1e-05_bs32_modL1_fusion32_fusionL1_fusionBN0_drop0p1__wd1e-04trmiss40_trlocglobal,70,0.634001632531484,0.7078814506530762,0.5535714285714286,0.5700486231198972,0.5111111111111111,0.0,0.0,0.0,0.0,0.0,0.0,0.0,0.0,0.0,,,,,18473,global,0.4
5,5,lr1e-05_bs32_modL1_fusion32_fusionL1_fusionBN0_drop0p1__wd1e-04trmiss40_trlocglobal,32,1e-05,0.0001,1,32,1,False,0.1,lr1e-05_bs32_modL1_fusion32_fusionL1_fusionBN0_drop0p1__wd1e-04trmiss40_trlocglobal,71,0.6397484242916107,0.70853391289711,0.5476190476190477,0.56743419719661,0.5111111111111111,0.0,0.0,0.0,0.0,0.0,0.0,0.0,0.0,0.0,,,,,18473,global,0.4
5,5,lr1e-05_bs32_modL1_fusion32_fusionL1_fusionBN0_drop0p1__wd1e-04trmiss40_trlocglobal,32,1e-05,0.0001,1,32,1,False,0.1,lr1e-05_bs32_modL1_fusion32_fusionL1_fusionBN0_drop0p1__wd1e-04trmiss40_trlocglobal,72,0.6325683494408926,0.7086093127727509,0.5456349206349207,0.5642086945961075,0.5111111111111111,0.0,0.0,0.0,0.0,0.0,0.0,0.0,0.0,0.0,,,,,18473,global,0.4
5,5,lr1e-05_bs32_modL1_fusion32_fusionL1_fusionBN0_drop0p1__wd1e-04trmiss40_trlocglobal,32,1e-05,0.0001,1,32,1,False,0.1,lr1e-05_bs32_modL1_fusion32_fusionL1_fusionBN0_drop0p1__wd1e-04trmiss40_trlocglobal,73,0.6400518119335175,0.7087707817554474,0.5396825396825398,0.5559725003685339,0.5111111111111111,0.0,0.0,0.0,0.0,0.0,0.0,0.0,0.0,0.0,,,,,18473,global,0.4
5,5,lr1e-05_bs32_modL1_fusion32_fusionL1_fusionBN0_drop0p1__wd1e-04trmiss40_trlocglobal,32,1e-05,0.0001,1,32,1,False,0.1,lr1e-05_bs32_modL1_fusion32_fusionL1_fusionBN0_drop0p1__wd1e-04trmiss40_trlocglobal,74,0.6403105656305949,0.7086078524589539,0.5515873015873016,0.5666539974032523,0.5111111111111111,0.0,0.0,0.0,0.0,0.0,0.0,0.0,0.0,0.0,,,,,18473,global,0.4
5,5,lr1e-05_bs32_modL1_fusion32_fusionL1_fusionBN0_drop0p1__wd1e-04trmiss40_trlocglobal,32,1e-05,0.0001,1,32,1,False,0.1,lr1e-05_bs32_modL1_fusion32_fusionL1_fusionBN0_drop0p1__wd1e-04trmiss40_trlocglobal,75,0.6377464731534322,0.7080322802066803,0.5515873015873016,0.5678002721524683,0.5111111111111111,0.0,0.0,0.0,0.0,0.0,0.0,0.0,0.0,0.0,,,,,18473,global,0.4
5,5,lr1e-05_bs32_modL1_fusion32_fusionL1_fusionBN0_drop0p1__wd1e-04trmiss40_trlocglobal,32,1e-05,0.0001,1,32,1,False,0.1,lr1e-05_bs32_modL1_fusion32_fusionL1_fusionBN0_drop0p1__wd1e-04trmiss40_trlocglobal,76,0.6396129727363586,0.7080725133419037,0.5535714285714286,0.5681672934096201,0.5111111111111111,0.0,0.0,0.0,0.0,0.0,0.0,0.0,0.0,0.0,,,,,18473,global,0.4
5,5,lr1e-05_bs32_modL1_fusion32_fusionL1_fusionBN0_drop0p1__wd1e-04trmiss40_trlocglobal,32,1e-05,0.0001,1,32,1,False,0.1,lr1e-05_bs32_modL1_fusion32_fusionL1_fusionBN0_drop0p1__wd1e-04trmiss40_trlocglobal,77,0.6367170512676239,0.7081765830516815,0.5456349206349207,0.5644627775132338,0.5111111111111111,0.0,0.0,0.0,0.0,0.0,0.0,0.0,0.0,0.0,,,,,18473,global,0.4
5,5,lr1e-05_bs32_modL1_fusion32_fusionL1_fusionBN0_drop0p1__wd1e-04trmiss40_trlocglobal,32,1e-05,0.0001,1,32,1,False,0.1,lr1e-05_bs32_modL1_fusion32_fusionL1_fusionBN0_drop0p1__wd1e-04trmiss40_trlocglobal,78,0.6348411639531454,0.7083862721920013,0.5535714285714286,0.5675138926854102,0.5111111111111111,0.0,0.0,0.0,0.0,0.0,0.0,0.0,0.0,0.0,,,,,18473,global,0.4
5,5,lr1e-05_bs32_modL1_fusion32_fusionL1_fusionBN0_drop0p1__wd1e-04trmiss40_trlocglobal,32,1e-05,0.0001,1,32,1,False,0.1,lr1e-05_bs32_modL1_fusion32_fusionL1_fusionBN0_drop0p1__wd1e-04trmiss40_trlocglobal,79,0.6356782019138336,0.7092262506484985,0.5396825396825397,0.5540532881234812,0.5111111111111111,0.0,0.0,0.0,0.0,0.0,0.0,0.0,0.0,0.0,,,,,18473,global,0.4
5,5,lr1e-05_bs32_modL1_fusion32_fusionL1_fusionBN0_drop0p1__wd1e-04trmiss40_trlocglobal,32,1e-05,0.0001,1,32,1,False,0.1,lr1e-05_bs32_modL1_fusion32_fusionL1_fusionBN0_drop0p1__wd1e-04trmiss40_trlocglobal,80,0.6352859338124593,0.708656519651413,0.5357142857142857,0.5528967509472072,0.5111111111111111,0.0,0.0,0.0,0.0,0.0,0.0,0.0,0.0,0.0,,,,,18473,global,0.4
5,0,lr1e-04_bs32_modL1_fusion32_fusionL1_fusionBN0_drop0p1__wd1e-04trmiss40_trlocglobal,32,0.0001,0.0001,1,32,1,False,0.1,lr1e-04_bs32_modL1_fusion32_fusionL1_fusionBN0_drop0p1__wd1e-04trmiss40_trlocglobal,1,0.6960305145808628,,,,,0.0,0.0,0.0,0.0,,,,,,outer_refit,0.48786717752235,0.5344175318262602,0.5,18473,global,0.4
5,0,lr1e-04_bs32_modL1_fusion32_fusionL1_fusionBN0_drop0p1__wd1e-04trmiss40_trlocglobal,32,0.0001,0.0001,1,32,1,False,0.1,lr1e-04_bs32_modL1_fusion32_fusionL1_fusionBN0_drop0p1__wd1e-04trmiss40_trlocglobal,2,0.6738453677722386,,,,,0.0,0.0,0.0,0.0,,,,,,outer_refit,0.6523786717752235,0.6774889174499842,0.6160714285714286,18473,global,0.4
5,0,lr1e-04_bs32_modL1_fusion32_fusionL1_fusionBN0_drop0p1__wd1e-04trmiss40_trlocglobal,32,0.0001,0.0001,1,32,1,False,0.1,lr1e-04_bs32_modL1_fusion32_fusionL1_fusionBN0_drop0p1__wd1e-04trmiss40_trlocglobal,3,0.6615955999919346,,,,,0.0,0.0,0.0,0.0,,,,,,outer_refit,0.7244572158365262,0.7573505643666211,0.6428571428571429,18473,global,0.4
5,0,lr1e-04_bs32_modL1_fusion32_fusionL1_fusionBN0_drop0p1__wd1e-04trmiss40_trlocglobal,32,0.0001,0.0001,1,32,1,False,0.1,lr1e-04_bs32_modL1_fusion32_fusionL1_fusionBN0_drop0p1__wd1e-04trmiss40_trlocglobal,4,0.6472026365143912,,,,,0.0,0.0,0.0,0.0,,,,,,outer_refit,0.811806054796709,0.8344357334468034,0.7455357142857143,18473,global,0.4
5,0,lr1e-04_bs32_modL1_fusion32_fusionL1_fusionBN0_drop0p1__wd1e-04trmiss40_trlocglobal,32,0.0001,0.0001,1,32,1,False,0.1,lr1e-04_bs32_modL1_fusion32_fusionL1_fusionBN0_drop0p1__wd1e-04trmiss40_trlocglobal,5,0.6418155261448452,,,,,0.0,0.0,0.0,0.0,,,,,,outer_refit,0.8239475996485343,0.8466932878960358,0.7723214285714286,18473,global,0.4
5,0,lr1e-04_bs32_modL1_fusion32_fusionL1_fusionBN0_drop0p1__wd1e-04trmiss40_trlocglobal,32,0.0001,0.0001,1,32,1,False,0.1,lr1e-04_bs32_modL1_fusion32_fusionL1_fusionBN0_drop0p1__wd1e-04trmiss40_trlocglobal,6,0.6331904445375715,,,,,0.0,0.0,0.0,0.0,,,,,,outer_refit,0.8470325105839125,0.8793615979695855,0.7589285714285714,18473,global,0.4
5,0,lr1e-04_bs32_modL1_fusion32_fusionL1_fusionBN0_drop0p1__wd1e-04trmiss40_trlocglobal,32,0.0001,0.0001,1,32,1,False,0.1,lr1e-04_bs32_modL1_fusion32_fusionL1_fusionBN0_drop0p1__wd1e-04trmiss40_trlocglobal,7,0.6332078916685921,,,,,0.0,0.0,0.0,0.0,,,,,,outer_refit,0.8511063183960379,0.8734640345322832,0.7633928571428571,18473,global,0.4
5,0,lr1e-04_bs32_modL1_fusion32_fusionL1_fusionBN0_drop0p1__wd1e-04trmiss40_trlocglobal,32,0.0001,0.0001,1,32,1,False,0.1,lr1e-04_bs32_modL1_fusion32_fusionL1_fusionBN0_drop0p1__wd1e-04trmiss40_trlocglobal,8,0.6268150721277509,,,,,0.0,0.0,0.0,0.0,,,,,,outer_refit,0.8895274584929758,0.9042931739522727,0.7946428571428571,18473,global,0.4
5,0,lr1e-04_bs32_modL1_fusion32_fusionL1_fusionBN0_drop0p1__wd1e-04trmiss40_trlocglobal,32,0.0001,0.0001,1,32,1,False,0.1,lr1e-04_bs32_modL1_fusion32_fusionL1_fusionBN0_drop0p1__wd1e-04trmiss40_trlocglobal,9,0.6266702924455915,,,,,0.0,0.0,0.0,0.0,,,,,,outer_refit,0.8873711957824106,0.9042771652800469,0.7901785714285714,18473,global,0.4
5,0,lr1e-04_bs32_modL1_fusion32_fusionL1_fusionBN0_drop0p1__wd1e-04trmiss40_trlocglobal,32,0.0001,0.0001,1,32,1,False,0.1,lr1e-04_bs32_modL1_fusion32_fusionL1_fusionBN0_drop0p1__wd1e-04trmiss40_trlocglobal,10,0.6255221962928772,,,,,0.0,0.0,0.0,0.0,,,,,,outer_refit,0.8891283524904214,0.9045643627483626,0.7991071428571429,18473,global,0.4
