outer_fold,inner_fold,hp_name,batch_size,learning_rate,modality_hidden_layers,fusion_hidden_dim,fusion_hidden_layers,dropout,name,epoch,train_loss,val_loss,val_auc,val_aucpr,val_acc,teacher_loss,student_survival_loss,student_repr_loss,student_feature_loss,seed,train_missing_location,train_missing_prob
1,1,lr5e-05_bs16_modL1_fusion32_fusionL1_drop0p2_trmiss80_trlocclin,16,5e-05,1,32,1,0.2,lr5e-05_bs16_modL1_fusion32_fusionL1_drop0p2_trmiss80_trlocclin,1,0.7069496512413025,0.6746510664621989,0.5651260504201681,0.677163852738285,0.5333333333333333,0.0,0.0,0.0,0.0,2002,clin,0.8
1,1,lr5e-05_bs16_modL1_fusion32_fusionL1_drop0p2_trmiss80_trlocclin,16,5e-05,1,32,1,0.2,lr5e-05_bs16_modL1_fusion32_fusionL1_drop0p2_trmiss80_trlocclin,2,0.6523959189653397,0.6659143765767416,0.6050420168067226,0.7235152310202525,0.5777777777777777,0.0,0.0,0.0,0.0,2002,clin,0.8
1,1,lr5e-05_bs16_modL1_fusion32_fusionL1_drop0p2_trmiss80_trlocclin,16,5e-05,1,32,1,0.2,lr5e-05_bs16_modL1_fusion32_fusionL1_drop0p2_trmiss80_trlocclin,3,0.6359392205874125,0.6598443587621053,0.6071428571428572,0.7195046051868941,0.5777777777777777,0.0,0.0,0.0,0.0,2002,clin,0.8
1,1,lr5e-05_bs16_modL1_fusion32_fusionL1_drop0p2_trmiss80_trlocclin,16,5e-05,1,32,1,0.2,lr5e-05_bs16_modL1_fusion32_fusionL1_drop0p2_trmiss80_trlocclin,4,0.593976025780042,0.6597174207369486,0.6050420168067226,0.7085307709746093,0.6,0.0,0.0,0.0,0.0,2002,clin,0.8
1,1,lr5e-05_bs16_modL1_fusion32_fusionL1_drop0p2_trmiss80_trlocclin,16,5e-05,1,32,1,0.2,lr5e-05_bs16_modL1_fusion32_fusionL1_drop0p2_trmiss80_trlocclin,5,0.6119294067223867,0.6616804401079813,0.5924369747899159,0.7011318065390216,0.5777777777777777,0.0,0.0,0.0,0.0,2002,clin,0.8
1,1,lr5e-05_bs16_modL1_fusion32_fusionL1_drop0p2_trmiss80_trlocclin,16,5e-05,1,32,1,0.2,lr5e-05_bs16_modL1_fusion32_fusionL1_drop0p2_trmiss80_trlocclin,6,0.5714930991331736,0.6644510428110758,0.5882352941176472,0.7013338478764478,0.5111111111111111,0.0,0.0,0.0,0.0,2002,clin,0.8
1,1,lr5e-05_bs16_modL1_fusion32_fusionL1_drop0p2_trmiss80_trlocclin,16,5e-05,1,32,1,0.2,lr5e-05_bs16_modL1_fusion32_fusionL1_drop0p2_trmiss80_trlocclin,7,0.5832227965195974,0.6641019980112711,0.5945378151260505,0.7065162827470737,0.5333333333333333,0.0,0.0,0.0,0.0,2002,clin,0.8
1,1,lr5e-05_bs16_modL1_fusion32_fusionL1_drop0p2_trmiss80_trlocclin,16,5e-05,1,32,1,0.2,lr5e-05_bs16_modL1_fusion32_fusionL1_drop0p2_trmiss80_trlocclin,8,0.5690681586662928,0.6640370488166809,0.5819327731092437,0.6911361171816561,0.6,0.0,0.0,0.0,0.0,2002,clin,0.8
1,1,lr5e-05_bs16_modL1_fusion32_fusionL1_drop0p2_trmiss80_trlocclin,16,5e-05,1,32,1,0.2,lr5e-05_bs16_modL1_fusion32_fusionL1_drop0p2_trmiss80_trlocclin,9,0.5487271100282669,0.6604166825612386,0.611344537815126,0.7094230075023906,0.6222222222222222,0.0,0.0,0.0,0.0,2002,clin,0.8
1,1,lr5e-05_bs16_modL1_fusion32_fusionL1_drop0p2_trmiss80_trlocclin,16,5e-05,1,32,1,0.2,lr5e-05_bs16_modL1_fusion32_fusionL1_drop0p2_trmiss80_trlocclin,10,0.5377462059259415,0.6554971138636271,0.5882352941176471,0.7289906551880363,0.5555555555555556,0.0,0.0,0.0,0.0,2002,clin,0.8
1,1,lr5e-05_bs16_modL1_fusion32_fusionL1_drop0p2_trmiss80_trlocclin,16,5e-05,1,32,1,0.2,lr5e-05_bs16_modL1_fusion32_fusionL1_drop0p2_trmiss80_trlocclin,11,0.5261181717117628,0.6561779379844666,0.5903361344537815,0.7142047329005905,0.5555555555555556,0.0,0.0,0.0,0.0,2002,clin,0.8
1,1,lr5e-05_bs16_modL1_fusion32_fusionL1_drop0p2_trmiss80_trlocclin,16,5e-05,1,32,1,0.2,lr5e-05_bs16_modL1_fusion32_fusionL1_drop0p2_trmiss80_trlocclin,12,0.5254616762200991,0.6547890504201254,0.6113445378151261,0.7149644687437536,0.6,0.0,0.0,0.0,0.0,2002,clin,0.8
1,1,lr5e-05_bs16_modL1_fusion32_fusionL1_drop0p2_trmiss80_trlocclin,16,5e-05,1,32,1,0.2,lr5e-05_bs16_modL1_fusion32_fusionL1_drop0p2_trmiss80_trlocclin,13,0.504346157113711,0.6597124735514323,0.5903361344537815,0.6908908563590342,0.6,0.0,0.0,0.0,0.0,2002,clin,0.8
1,1,lr5e-05_bs16_modL1_fusion32_fusionL1_drop0p2_trmiss80_trlocclin,16,5e-05,1,32,1,0.2,lr5e-05_bs16_modL1_fusion32_fusionL1_drop0p2_trmiss80_trlocclin,14,0.505533941090107,0.6527005632718405,0.6176470588235294,0.706987729109118,0.6,0.0,0.0,0.0,0.0,2002,clin,0.8
1,1,lr5e-05_bs16_modL1_fusion32_fusionL1_drop0p2_trmiss80_trlocclin,16,5e-05,1,32,1,0.2,lr5e-05_bs16_modL1_fusion32_fusionL1_drop0p2_trmiss80_trlocclin,15,0.5074124162395796,0.6537230412165324,0.638655462184874,0.7332073620650785,0.6222222222222222,0.0,0.0,0.0,0.0,2002,clin,0.8
1,1,lr5e-05_bs16_modL1_fusion32_fusionL1_drop0p2_trmiss80_trlocclin,16,5e-05,1,32,1,0.2,lr5e-05_bs16_modL1_fusion32_fusionL1_drop0p2_trmiss80_trlocclin,16,0.5057385563850403,0.6445941726366679,0.6512605042016806,0.7363498521366965,0.6222222222222222,0.0,0.0,0.0,0.0,2002,clin,0.8
1,1,lr5e-05_bs16_modL1_fusion32_fusionL1_drop0p2_trmiss80_trlocclin,16,5e-05,1,32,1,0.2,lr5e-05_bs16_modL1_fusion32_fusionL1_drop0p2_trmiss80_trlocclin,17,0.49413320670525235,0.6454755067825317,0.6491596638655462,0.7489862625531627,0.6444444444444445,0.0,0.0,0.0,0.0,2002,clin,0.8
1,1,lr5e-05_bs16_modL1_fusion32_fusionL1_drop0p2_trmiss80_trlocclin,16,5e-05,1,32,1,0.2,lr5e-05_bs16_modL1_fusion32_fusionL1_drop0p2_trmiss80_trlocclin,18,0.46429042021433514,0.6498586932818095,0.6407563025210083,0.7319306966142058,0.6444444444444445,0.0,0.0,0.0,0.0,2002,clin,0.8
1,1,lr5e-05_bs16_modL1_fusion32_fusionL1_drop0p2_trmiss80_trlocclin,16,5e-05,1,32,1,0.2,lr5e-05_bs16_modL1_fusion32_fusionL1_drop0p2_trmiss80_trlocclin,19,0.44710936148961383,0.6488625407218933,0.6428571428571428,0.7156990992847965,0.6666666666666666,0.0,0.0,0.0,0.0,2002,clin,0.8
1,1,lr5e-05_bs16_modL1_fusion32_fusionL1_drop0p2_trmiss80_trlocclin,16,5e-05,1,32,1,0.2,lr5e-05_bs16_modL1_fusion32_fusionL1_drop0p2_trmiss80_trlocclin,20,0.4656780958175659,0.6444677114486694,0.653361344537815,0.7414560439848172,0.6444444444444445,0.0,0.0,0.0,0.0,2002,clin,0.8
1,1,lr5e-05_bs16_modL1_fusion32_fusionL1_drop0p2_trmiss80_trlocclin,16,5e-05,1,32,1,0.2,lr5e-05_bs16_modL1_fusion32_fusionL1_drop0p2_trmiss80_trlocclin,21,0.47356365869442624,0.6394604643185934,0.6701680672268908,0.7316282772367767,0.6444444444444445,0.0,0.0,0.0,0.0,2002,clin,0.8
1,1,lr5e-05_bs16_modL1_fusion32_fusionL1_drop0p2_trmiss80_trlocclin,16,5e-05,1,32,1,0.2,lr5e-05_bs16_modL1_fusion32_fusionL1_drop0p2_trmiss80_trlocclin,22,0.45381907373666763,0.6472811301549276,0.6554621848739495,0.7233032335677094,0.6444444444444445,0.0,0.0,0.0,0.0,2002,clin,0.8
1,1,lr5e-05_bs16_modL1_fusion32_fusionL1_drop0p2_trmiss80_trlocclin,16,5e-05,1,32,1,0.2,lr5e-05_bs16_modL1_fusion32_fusionL1_drop0p2_trmiss80_trlocclin,23,0.45830246806144714,0.6454894542694092,0.6596638655462185,0.7273030130741552,0.6666666666666666,0.0,0.0,0.0,0.0,2002,clin,0.8
1,1,lr5e-05_bs16_modL1_fusion32_fusionL1_drop0p2_trmiss80_trlocclin,16,5e-05,1,32,1,0.2,lr5e-05_bs16_modL1_fusion32_fusionL1_drop0p2_trmiss80_trlocclin,24,0.45599211007356644,0.6412128011385599,0.6680672268907564,0.745037023527539,0.6666666666666666,0.0,0.0,0.0,0.0,2002,clin,0.8
1,1,lr5e-05_bs16_modL1_fusion32_fusionL1_drop0p2_trmiss80_trlocclin,16,5e-05,1,32,1,0.2,lr5e-05_bs16_modL1_fusion32_fusionL1_drop0p2_trmiss80_trlocclin,25,0.45127658049265545,0.647279699643453,0.6701680672268908,0.7545563482065171,0.6222222222222222,0.0,0.0,0.0,0.0,2002,clin,0.8
1,1,lr5e-05_bs16_modL1_fusion32_fusionL1_drop0p2_trmiss80_trlocclin,16,5e-05,1,32,1,0.2,lr5e-05_bs16_modL1_fusion32_fusionL1_drop0p2_trmiss80_trlocclin,26,0.45149121185143787,0.6424214839935303,0.6554621848739496,0.7378390869254963,0.6222222222222222,0.0,0.0,0.0,0.0,2002,clin,0.8
1,1,lr5e-05_bs16_modL1_fusion32_fusionL1_drop0p2_trmiss80_trlocclin,16,5e-05,1,32,1,0.2,lr5e-05_bs16_modL1_fusion32_fusionL1_drop0p2_trmiss80_trlocclin,27,0.42307798316081363,0.6368018190066019,0.6764705882352942,0.7519607731298499,0.6666666666666666,0.0,0.0,0.0,0.0,2002,clin,0.8
1,1,lr5e-05_bs16_modL1_fusion32_fusionL1_drop0p2_trmiss80_trlocclin,16,5e-05,1,32,1,0.2,lr5e-05_bs16_modL1_fusion32_fusionL1_drop0p2_trmiss80_trlocclin,28,0.4157969405253728,0.6376683115959167,0.6596638655462185,0.7429309685099881,0.6444444444444445,0.0,0.0,0.0,0.0,2002,clin,0.8
1,1,lr5e-05_bs16_modL1_fusion32_fusionL1_drop0p2_trmiss80_trlocclin,16,5e-05,1,32,1,0.2,lr5e-05_bs16_modL1_fusion32_fusionL1_drop0p2_trmiss80_trlocclin,29,0.3943656111756961,0.63758518298467,0.680672268907563,0.7561799246227658,0.6666666666666666,0.0,0.0,0.0,0.0,2002,clin,0.8
1,1,lr5e-05_bs16_modL1_fusion32_fusionL1_drop0p2_trmiss80_trlocclin,16,5e-05,1,32,1,0.2,lr5e-05_bs16_modL1_fusion32_fusionL1_drop0p2_trmiss80_trlocclin,30,0.41677186141411465,0.6418231924374899,0.680672268907563,0.7370129600390173,0.6444444444444445,0.0,0.0,0.0,0.0,2002,clin,0.8
1,1,lr5e-05_bs16_modL1_fusion32_fusionL1_drop0p2_trmiss80_trlocclin,16,5e-05,1,32,1,0.2,lr5e-05_bs16_modL1_fusion32_fusionL1_drop0p2_trmiss80_trlocclin,31,0.41378361731767654,0.6442385911941528,0.6659663865546218,0.7305768591927264,0.6888888888888889,0.0,0.0,0.0,0.0,2002,clin,0.8
1,1,lr5e-05_bs16_modL1_fusion32_fusionL1_drop0p2_trmiss80_trlocclin,16,5e-05,1,32,1,0.2,lr5e-05_bs16_modL1_fusion32_fusionL1_drop0p2_trmiss80_trlocclin,32,0.402171495060126,0.6450456579526266,0.6659663865546219,0.7451705868566004,0.6666666666666666,0.0,0.0,0.0,0.0,2002,clin,0.8
1,1,lr5e-05_bs16_modL1_fusion32_fusionL1_drop0p2_trmiss80_trlocclin,16,5e-05,1,32,1,0.2,lr5e-05_bs16_modL1_fusion32_fusionL1_drop0p2_trmiss80_trlocclin,33,0.3949415435393651,0.6553734540939331,0.6428571428571428,0.7174904149273899,0.6666666666666666,0.0,0.0,0.0,0.0,2002,clin,0.8
1,1,lr5e-05_bs16_modL1_fusion32_fusionL1_drop0p2_trmiss80_trlocclin,16,5e-05,1,32,1,0.2,lr5e-05_bs16_modL1_fusion32_fusionL1_drop0p2_trmiss80_trlocclin,34,0.3863401859998703,0.6547388633092245,0.6407563025210083,0.7108405291874856,0.6444444444444445,0.0,0.0,0.0,0.0,2002,clin,0.8
1,1,lr5e-05_bs16_modL1_fusion32_fusionL1_drop0p2_trmiss80_trlocclin,16,5e-05,1,32,1,0.2,lr5e-05_bs16_modL1_fusion32_fusionL1_drop0p2_trmiss80_trlocclin,35,0.3748224352796872,0.6615715225537618,0.6302521008403361,0.7080942912416679,0.6444444444444445,0.0,0.0,0.0,0.0,2002,clin,0.8
1,1,lr5e-05_bs16_modL1_fusion32_fusionL1_drop0p2_trmiss80_trlocclin,16,5e-05,1,32,1,0.2,lr5e-05_bs16_modL1_fusion32_fusionL1_drop0p2_trmiss80_trlocclin,36,0.3598415528734525,0.6568377415339152,0.6449579831932772,0.7118369077064961,0.6666666666666666,0.0,0.0,0.0,0.0,2002,clin,0.8
1,1,lr5e-05_bs16_modL1_fusion32_fusionL1_drop0p2_trmiss80_trlocclin,16,5e-05,1,32,1,0.2,lr5e-05_bs16_modL1_fusion32_fusionL1_drop0p2_trmiss80_trlocclin,37,0.40034281959136325,0.6558142105738322,0.6386554621848739,0.7258731324522136,0.6444444444444445,0.0,0.0,0.0,0.0,2002,clin,0.8
1,1,lr5e-05_bs16_modL1_fusion32_fusionL1_drop0p2_trmiss80_trlocclin,16,5e-05,1,32,1,0.2,lr5e-05_bs16_modL1_fusion32_fusionL1_drop0p2_trmiss80_trlocclin,38,0.3712020268042882,0.6616242726643881,0.6344537815126051,0.7483039441275424,0.6444444444444445,0.0,0.0,0.0,0.0,2002,clin,0.8
1,1,lr5e-05_bs16_modL1_fusion32_fusionL1_drop0p2_trmiss80_trlocclin,16,5e-05,1,32,1,0.2,lr5e-05_bs16_modL1_fusion32_fusionL1_drop0p2_trmiss80_trlocclin,39,0.3972644905249278,0.6711601217587789,0.6197478991596639,0.7279352974120744,0.6444444444444445,0.0,0.0,0.0,0.0,2002,clin,0.8
1,1,lr5e-05_bs16_modL1_fusion32_fusionL1_drop0p2_trmiss80_trlocclin,16,5e-05,1,32,1,0.2,lr5e-05_bs16_modL1_fusion32_fusionL1_drop0p2_trmiss80_trlocclin,40,0.3797515705227852,0.6704519391059875,0.6281512605042017,0.7378228635496406,0.6222222222222222,0.0,0.0,0.0,0.0,2002,clin,0.8
1,1,lr5e-05_bs16_modL1_fusion32_fusionL1_drop0p2_trmiss80_trlocclin,16,5e-05,1,32,1,0.2,lr5e-05_bs16_modL1_fusion32_fusionL1_drop0p2_trmiss80_trlocclin,41,0.37464651465415955,0.6727684140205383,0.6260504201680672,0.7132026323957961,0.6444444444444445,0.0,0.0,0.0,0.0,2002,clin,0.8
1,1,lr5e-05_bs16_modL1_fusion32_fusionL1_drop0p2_trmiss80_trlocclin,16,5e-05,1,32,1,0.2,lr5e-05_bs16_modL1_fusion32_fusionL1_drop0p2_trmiss80_trlocclin,42,0.34501709540685016,0.6684328317642212,0.6176470588235294,0.7066812389763812,0.6666666666666666,0.0,0.0,0.0,0.0,2002,clin,0.8
1,1,lr5e-05_bs16_modL1_fusion32_fusionL1_drop0p2_trmiss80_trlocclin,16,5e-05,1,32,1,0.2,lr5e-05_bs16_modL1_fusion32_fusionL1_drop0p2_trmiss80_trlocclin,43,0.385318545003732,0.6684316794077555,0.6218487394957983,0.715085915266396,0.6222222222222222,0.0,0.0,0.0,0.0,2002,clin,0.8
1,1,lr5e-05_bs16_modL1_fusion32_fusionL1_drop0p2_trmiss80_trlocclin,16,5e-05,1,32,1,0.2,lr5e-05_bs16_modL1_fusion32_fusionL1_drop0p2_trmiss80_trlocclin,44,0.34781502683957416,0.6598180532455444,0.615546218487395,0.7192476309177732,0.6666666666666666,0.0,0.0,0.0,0.0,2002,clin,0.8
1,1,lr5e-05_bs16_modL1_fusion32_fusionL1_drop0p2_trmiss80_trlocclin,16,5e-05,1,32,1,0.2,lr5e-05_bs16_modL1_fusion32_fusionL1_drop0p2_trmiss80_trlocclin,45,0.36283596853415173,0.6669371326764425,0.6113445378151261,0.714167971399849,0.6444444444444445,0.0,0.0,0.0,0.0,2002,clin,0.8
1,1,lr5e-05_bs16_modL1_fusion32_fusionL1_drop0p2_trmiss80_trlocclin,16,5e-05,1,32,1,0.2,lr5e-05_bs16_modL1_fusion32_fusionL1_drop0p2_trmiss80_trlocclin,46,0.3556523521741231,0.6638904611269633,0.6302521008403361,0.7328813359951036,0.6444444444444445,0.0,0.0,0.0,0.0,2002,clin,0.8
1,1,lr5e-05_bs16_modL1_fusion32_fusionL1_drop0p2_trmiss80_trlocclin,16,5e-05,1,32,1,0.2,lr5e-05_bs16_modL1_fusion32_fusionL1_drop0p2_trmiss80_trlocclin,47,0.3699282382925351,0.6622117956479391,0.6260504201680672,0.7347041089430814,0.6222222222222222,0.0,0.0,0.0,0.0,2002,clin,0.8
1,1,lr5e-05_bs16_modL1_fusion32_fusionL1_drop0p2_trmiss80_trlocclin,16,5e-05,1,32,1,0.2,lr5e-05_bs16_modL1_fusion32_fusionL1_drop0p2_trmiss80_trlocclin,48,0.37386486182610196,0.6596833070119222,0.6260504201680672,0.7383737447934988,0.6222222222222222,0.0,0.0,0.0,0.0,2002,clin,0.8
1,1,lr5e-05_bs16_modL1_fusion32_fusionL1_drop0p2_trmiss80_trlocclin,16,5e-05,1,32,1,0.2,lr5e-05_bs16_modL1_fusion32_fusionL1_drop0p2_trmiss80_trlocclin,49,0.35205283264319104,0.6562129259109497,0.638655462184874,0.7408986883041364,0.6222222222222222,0.0,0.0,0.0,0.0,2002,clin,0.8
1,1,lr5e-05_bs16_modL1_fusion32_fusionL1_drop0p1_trmiss80_trlocclin,16,5e-05,1,32,1,0.1,lr5e-05_bs16_modL1_fusion32_fusionL1_drop0p1_trmiss80_trlocclin,1,0.8579517404238383,0.7212365667025248,0.546218487394958,0.661247815880868,0.37777777777777777,0.0,0.0,0.0,0.0,2002,clin,0.8
1,1,lr5e-05_bs16_modL1_fusion32_fusionL1_drop0p1_trmiss80_trlocclin,16,5e-05,1,32,1,0.1,lr5e-05_bs16_modL1_fusion32_fusionL1_drop0p1_trmiss80_trlocclin,2,0.817094067732493,0.7333675622940063,0.6092436974789917,0.7186252744031556,0.4222222222222222,0.0,0.0,0.0,0.0,2002,clin,0.8
1,1,lr5e-05_bs16_modL1_fusion32_fusionL1_drop0p1_trmiss80_trlocclin,16,5e-05,1,32,1,0.1,lr5e-05_bs16_modL1_fusion32_fusionL1_drop0p1_trmiss80_trlocclin,3,0.7696924606959025,0.7423758705457052,0.6071428571428572,0.7105475768799693,0.4222222222222222,0.0,0.0,0.0,0.0,2002,clin,0.8
1,1,lr5e-05_bs16_modL1_fusion32_fusionL1_drop0p1_trmiss80_trlocclin,16,5e-05,1,32,1,0.1,lr5e-05_bs16_modL1_fusion32_fusionL1_drop0p1_trmiss80_trlocclin,4,0.7785170525312424,0.7471044063568115,0.615546218487395,0.6942033189316983,0.4,0.0,0.0,0.0,0.0,2002,clin,0.8
1,1,lr5e-05_bs16_modL1_fusion32_fusionL1_drop0p1_trmiss80_trlocclin,16,5e-05,1,32,1,0.1,lr5e-05_bs16_modL1_fusion32_fusionL1_drop0p1_trmiss80_trlocclin,5,0.7494054486354192,0.7539828817049662,0.615546218487395,0.7013432987692666,0.4222222222222222,0.0,0.0,0.0,0.0,2002,clin,0.8
1,1,lr5e-05_bs16_modL1_fusion32_fusionL1_drop0p1_trmiss80_trlocclin,16,5e-05,1,32,1,0.1,lr5e-05_bs16_modL1_fusion32_fusionL1_drop0p1_trmiss80_trlocclin,6,0.7253856460253397,0.732060710589091,0.6239495798319328,0.6929533319847061,0.4222222222222222,0.0,0.0,0.0,0.0,2002,clin,0.8
1,1,lr5e-05_bs16_modL1_fusion32_fusionL1_drop0p1_trmiss80_trlocclin,16,5e-05,1,32,1,0.1,lr5e-05_bs16_modL1_fusion32_fusionL1_drop0p1_trmiss80_trlocclin,7,0.7167792618274689,0.7312078475952148,0.6512605042016807,0.7138067893103148,0.4222222222222222,0.0,0.0,0.0,0.0,2002,clin,0.8
1,1,lr5e-05_bs16_modL1_fusion32_fusionL1_drop0p1_trmiss80_trlocclin,16,5e-05,1,32,1,0.1,lr5e-05_bs16_modL1_fusion32_fusionL1_drop0p1_trmiss80_trlocclin,8,0.6864852507909139,0.7217672268549601,0.6638655462184875,0.7183597785008489,0.4666666666666667,0.0,0.0,0.0,0.0,2002,clin,0.8
1,1,lr5e-05_bs16_modL1_fusion32_fusionL1_drop0p1_trmiss80_trlocclin,16,5e-05,1,32,1,0.1,lr5e-05_bs16_modL1_fusion32_fusionL1_drop0p1_trmiss80_trlocclin,9,0.7129857291777929,0.7280922929445902,0.6659663865546218,0.7289511894409045,0.4666666666666667,0.0,0.0,0.0,0.0,2002,clin,0.8
1,1,lr5e-05_bs16_modL1_fusion32_fusionL1_drop0p1_trmiss80_trlocclin,16,5e-05,1,32,1,0.1,lr5e-05_bs16_modL1_fusion32_fusionL1_drop0p1_trmiss80_trlocclin,10,0.6760568618774414,0.7309739589691162,0.6617647058823529,0.7294554758045404,0.4222222222222222,0.0,0.0,0.0,0.0,2002,clin,0.8
1,1,lr5e-05_bs16_modL1_fusion32_fusionL1_drop0p1_trmiss80_trlocclin,16,5e-05,1,32,1,0.1,lr5e-05_bs16_modL1_fusion32_fusionL1_drop0p1_trmiss80_trlocclin,11,0.6630767186482748,0.7238473494847616,0.6554621848739497,0.7288033436673204,0.4444444444444444,0.0,0.0,0.0,0.0,2002,clin,0.8
1,1,lr5e-05_bs16_modL1_fusion32_fusionL1_drop0p1_trmiss80_trlocclin,16,5e-05,1,32,1,0.1,lr5e-05_bs16_modL1_fusion32_fusionL1_drop0p1_trmiss80_trlocclin,12,0.6858903268973032,0.729706863562266,0.6512605042016808,0.721446083756537,0.4,0.0,0.0,0.0,0.0,2002,clin,0.8
1,1,lr5e-05_bs16_modL1_fusion32_fusionL1_drop0p1_trmiss80_trlocclin,16,5e-05,1,32,1,0.1,lr5e-05_bs16_modL1_fusion32_fusionL1_drop0p1_trmiss80_trlocclin,13,0.6799090206623077,0.7294139464696249,0.6491596638655462,0.6928835744434596,0.4,0.0,0.0,0.0,0.0,2002,clin,0.8
1,1,lr5e-05_bs16_modL1_fusion32_fusionL1_drop0p1_trmiss80_trlocclin,16,5e-05,1,32,1,0.1,lr5e-05_bs16_modL1_fusion32_fusionL1_drop0p1_trmiss80_trlocclin,14,0.6560613562663397,0.7328554590543112,0.6512605042016807,0.6926508552950934,0.4,0.0,0.0,0.0,0.0,2002,clin,0.8
1,1,lr5e-05_bs16_modL1_fusion32_fusionL1_drop0p1_trmiss80_trlocclin,16,5e-05,1,32,1,0.1,lr5e-05_bs16_modL1_fusion32_fusionL1_drop0p1_trmiss80_trlocclin,15,0.6364069680372874,0.7142681280771891,0.657563025210084,0.712204558637402,0.4444444444444444,0.0,0.0,0.0,0.0,2002,clin,0.8
1,1,lr5e-05_bs16_modL1_fusion32_fusionL1_drop0p1_trmiss80_trlocclin,16,5e-05,1,32,1,0.1,lr5e-05_bs16_modL1_fusion32_fusionL1_drop0p1_trmiss80_trlocclin,16,0.6466908355553945,0.7321222225824991,0.6449579831932774,0.708756150471087,0.4,0.0,0.0,0.0,0.0,2002,clin,0.8
1,1,lr5e-05_bs16_modL1_fusion32_fusionL1_drop0p1_trmiss80_trlocclin,16,5e-05,1,32,1,0.1,lr5e-05_bs16_modL1_fusion32_fusionL1_drop0p1_trmiss80_trlocclin,17,0.6439489126205444,0.7217096090316772,0.6722689075630253,0.7288360996110482,0.4222222222222222,0.0,0.0,0.0,0.0,2002,clin,0.8
1,1,lr5e-05_bs16_modL1_fusion32_fusionL1_drop0p1_trmiss80_trlocclin,16,5e-05,1,32,1,0.1,lr5e-05_bs16_modL1_fusion32_fusionL1_drop0p1_trmiss80_trlocclin,18,0.6444816812872887,0.7253447969754537,0.6512605042016807,0.7151005352529717,0.4222222222222222,0.0,0.0,0.0,0.0,2002,clin,0.8
1,1,lr5e-05_bs16_modL1_fusion32_fusionL1_drop0p1_trmiss80_trlocclin,16,5e-05,1,32,1,0.1,lr5e-05_bs16_modL1_fusion32_fusionL1_drop0p1_trmiss80_trlocclin,19,0.6609185586373011,0.7310815652211508,0.6533613445378151,0.7121495404150905,0.4,0.0,0.0,0.0,0.0,2002,clin,0.8
1,1,lr5e-05_bs16_modL1_fusion32_fusionL1_drop0p1_trmiss80_trlocclin,16,5e-05,1,32,1,0.1,lr5e-05_bs16_modL1_fusion32_fusionL1_drop0p1_trmiss80_trlocclin,20,0.6490554710229238,0.7305669188499451,0.6470588235294118,0.7089355692665771,0.4,0.0,0.0,0.0,0.0,2002,clin,0.8
1,1,lr5e-05_bs16_modL1_fusion32_fusionL1_drop0p1_trmiss80_trlocclin,16,5e-05,1,32,1,0.1,lr5e-05_bs16_modL1_fusion32_fusionL1_drop0p1_trmiss80_trlocclin,21,0.629648228486379,0.7354928652445475,0.6428571428571428,0.7065396522622961,0.4,0.0,0.0,0.0,0.0,2002,clin,0.8
1,1,lr5e-05_bs16_modL1_fusion32_fusionL1_drop0p1_trmiss80_trlocclin,16,5e-05,1,32,1,0.1,lr5e-05_bs16_modL1_fusion32_fusionL1_drop0p1_trmiss80_trlocclin,22,0.6058693528175354,0.7178634405136108,0.6491596638655462,0.7083795872885436,0.4222222222222222,0.0,0.0,0.0,0.0,2002,clin,0.8
1,1,lr5e-05_bs16_modL1_fusion32_fusionL1_drop0p1_trmiss80_trlocclin,16,5e-05,1,32,1,0.1,lr5e-05_bs16_modL1_fusion32_fusionL1_drop0p1_trmiss80_trlocclin,23,0.6290712803602219,0.7146331270535787,0.6596638655462185,0.7186763485726998,0.4444444444444444,0.0,0.0,0.0,0.0,2002,clin,0.8
1,1,lr5e-05_bs16_modL1_fusion32_fusionL1_drop0p1_trmiss80_trlocclin,16,5e-05,1,32,1,0.1,lr5e-05_bs16_modL1_fusion32_fusionL1_drop0p1_trmiss80_trlocclin,24,0.6411047900716463,0.7230766415596008,0.6680672268907564,0.7059243436604324,0.4222222222222222,0.0,0.0,0.0,0.0,2002,clin,0.8
1,1,lr5e-05_bs16_modL1_fusion32_fusionL1_drop0p1_trmiss80_trlocclin,16,5e-05,1,32,1,0.1,lr5e-05_bs16_modL1_fusion32_fusionL1_drop0p1_trmiss80_trlocclin,25,0.6177400598923365,0.722338855266571,0.6533613445378151,0.7151011366798187,0.4222222222222222,0.0,0.0,0.0,0.0,2002,clin,0.8
1,1,lr5e-05_bs16_modL1_fusion32_fusionL1_drop0p1_trmiss80_trlocclin,16,5e-05,1,32,1,0.1,lr5e-05_bs16_modL1_fusion32_fusionL1_drop0p1_trmiss80_trlocclin,26,0.6163224925597509,0.7229730288187662,0.6491596638655462,0.7103891068219502,0.4,0.0,0.0,0.0,0.0,2002,clin,0.8
1,1,lr5e-05_bs16_modL1_fusion32_fusionL1_drop0p1_trmiss80_trlocclin,16,5e-05,1,32,1,0.1,lr5e-05_bs16_modL1_fusion32_fusionL1_drop0p1_trmiss80_trlocclin,27,0.6252489164471626,0.7315400640169779,0.6512605042016807,0.7106932179792751,0.4,0.0,0.0,0.0,0.0,2002,clin,0.8
1,1,lr5e-05_bs16_modL1_fusion32_fusionL1_drop0p1_trmiss80_trlocclin,16,5e-05,1,32,1,0.1,lr5e-05_bs16_modL1_fusion32_fusionL1_drop0p1_trmiss80_trlocclin,28,0.6473294595877329,0.7282034357388815,0.6617647058823529,0.7177433940489669,0.4,0.0,0.0,0.0,0.0,2002,clin,0.8
1,1,lr5e-05_bs16_modL1_fusion32_fusionL1_drop0p1_trmiss80_trlocclin,16,5e-05,1,32,1,0.1,lr5e-05_bs16_modL1_fusion32_fusionL1_drop0p1_trmiss80_trlocclin,29,0.6300837049881617,0.7283432086308798,0.6638655462184874,0.7025607825428261,0.4222222222222222,0.0,0.0,0.0,0.0,2002,clin,0.8
1,1,lr5e-05_bs16_modL1_fusion32_fusionL1_drop0p1_trmiss80_trlocclin,16,5e-05,1,32,1,0.1,lr5e-05_bs16_modL1_fusion32_fusionL1_drop0p1_trmiss80_trlocclin,30,0.6078401903311411,0.7225232720375061,0.6659663865546218,0.7208327064538477,0.4,0.0,0.0,0.0,0.0,2002,clin,0.8
1,1,lr5e-05_bs16_modL1_fusion32_fusionL1_drop0p1_trmiss80_trlocclin,16,5e-05,1,32,1,0.1,lr5e-05_bs16_modL1_fusion32_fusionL1_drop0p1_trmiss80_trlocclin,31,0.6431297312180201,0.7298317154248556,0.6659663865546218,0.7203198859410271,0.4,0.0,0.0,0.0,0.0,2002,clin,0.8
1,1,lr5e-05_bs16_modL1_fusion32_fusionL1_drop0p1_trmiss80_trlocclin,16,5e-05,1,32,1,0.1,lr5e-05_bs16_modL1_fusion32_fusionL1_drop0p1_trmiss80_trlocclin,32,0.6158984526991844,0.7269802490870158,0.657563025210084,0.7137617409679108,0.4222222222222222,0.0,0.0,0.0,0.0,2002,clin,0.8
1,1,lr5e-05_bs16_modL1_fusion32_fusionL1_drop0p1_trmiss80_trlocclin,16,5e-05,1,32,1,0.1,lr5e-05_bs16_modL1_fusion32_fusionL1_drop0p1_trmiss80_trlocclin,33,0.6148858517408371,0.7312796711921692,0.661764705882353,0.6995338955951075,0.4222222222222222,0.0,0.0,0.0,0.0,2002,clin,0.8
1,1,lr5e-05_bs16_modL1_fusion32_fusionL1_drop0p1_trmiss80_trlocclin,16,5e-05,1,32,1,0.1,lr5e-05_bs16_modL1_fusion32_fusionL1_drop0p1_trmiss80_trlocclin,34,0.5963080152869225,0.7158196171124777,0.661764705882353,0.7167341616846924,0.4222222222222222,0.0,0.0,0.0,0.0,2002,clin,0.8
1,1,lr5e-05_bs16_modL1_fusion32_fusionL1_drop0p1_trmiss80_trlocclin,16,5e-05,1,32,1,0.1,lr5e-05_bs16_modL1_fusion32_fusionL1_drop0p1_trmiss80_trlocclin,35,0.6106389487783114,0.711826225121816,0.661764705882353,0.7058042546807072,0.4444444444444444,0.0,0.0,0.0,0.0,2002,clin,0.8
1,1,lr5e-05_bs16_modL1_fusion32_fusionL1_drop0p1_trmiss80_trlocclin,16,5e-05,1,32,1,0.1,lr5e-05_bs16_modL1_fusion32_fusionL1_drop0p1_trmiss80_trlocclin,36,0.6237635066111883,0.7262323300043741,0.6533613445378152,0.7139112407865627,0.37777777777777777,0.0,0.0,0.0,0.0,2002,clin,0.8
1,1,lr5e-05_bs16_modL1_fusion32_fusionL1_drop0p1_trmiss80_trlocclin,16,5e-05,1,32,1,0.1,lr5e-05_bs16_modL1_fusion32_fusionL1_drop0p1_trmiss80_trlocclin,37,0.607572021583716,0.7191760738690695,0.6554621848739496,0.7187983823360379,0.4222222222222222,0.0,0.0,0.0,0.0,2002,clin,0.8
1,1,lr5e-05_bs16_modL1_fusion64_fusionL1_drop0p2_trmiss80_trlocclin,16,5e-05,1,64,1,0.2,lr5e-05_bs16_modL1_fusion64_fusionL1_drop0p2_trmiss80_trlocclin,1,0.7360998193422953,0.6848724087079366,0.5840336134453782,0.6825454414929982,0.5777777777777777,0.0,0.0,0.0,0.0,2002,clin,0.8
1,1,lr5e-05_bs16_modL1_fusion64_fusionL1_drop0p2_trmiss80_trlocclin,16,5e-05,1,64,1,0.2,lr5e-05_bs16_modL1_fusion64_fusionL1_drop0p2_trmiss80_trlocclin,2,0.7298676570256551,0.6897310813268026,0.6176470588235294,0.7034880094109932,0.6,0.0,0.0,0.0,0.0,2002,clin,0.8
1,1,lr5e-05_bs16_modL1_fusion64_fusionL1_drop0p2_trmiss80_trlocclin,16,5e-05,1,64,1,0.2,lr5e-05_bs16_modL1_fusion64_fusionL1_drop0p2_trmiss80_trlocclin,3,0.7004322012265524,0.6907166441281637,0.6281512605042017,0.7026273792023775,0.6,0.0,0.0,0.0,0.0,2002,clin,0.8
1,1,lr5e-05_bs16_modL1_fusion64_fusionL1_drop0p2_trmiss80_trlocclin,16,5e-05,1,64,1,0.2,lr5e-05_bs16_modL1_fusion64_fusionL1_drop0p2_trmiss80_trlocclin,4,0.688036655386289,0.6870653629302979,0.6239495798319328,0.6943661423904994,0.5555555555555556,0.0,0.0,0.0,0.0,2002,clin,0.8
1,1,lr5e-05_bs16_modL1_fusion64_fusionL1_drop0p2_trmiss80_trlocclin,16,5e-05,1,64,1,0.2,lr5e-05_bs16_modL1_fusion64_fusionL1_drop0p2_trmiss80_trlocclin,5,0.672068585952123,0.6893326044082642,0.6407563025210083,0.730435435609102,0.5555555555555556,0.0,0.0,0.0,0.0,2002,clin,0.8
1,1,lr5e-05_bs16_modL1_fusion64_fusionL1_drop0p2_trmiss80_trlocclin,16,5e-05,1,64,1,0.2,lr5e-05_bs16_modL1_fusion64_fusionL1_drop0p2_trmiss80_trlocclin,6,0.6577769617239634,0.678851584593455,0.657563025210084,0.7163059679876627,0.6444444444444445,0.0,0.0,0.0,0.0,2002,clin,0.8
1,1,lr5e-05_bs16_modL1_fusion64_fusionL1_drop0p2_trmiss80_trlocclin,16,5e-05,1,64,1,0.2,lr5e-05_bs16_modL1_fusion64_fusionL1_drop0p2_trmiss80_trlocclin,7,0.6275638143221537,0.6740058064460754,0.6701680672268908,0.7292771305478721,0.6222222222222222,0.0,0.0,0.0,0.0,2002,clin,0.8
1,1,lr5e-05_bs16_modL1_fusion64_fusionL1_drop0p2_trmiss80_trlocclin,16,5e-05,1,64,1,0.2,lr5e-05_bs16_modL1_fusion64_fusionL1_drop0p2_trmiss80_trlocclin,8,0.6271884391705195,0.6720569531122843,0.6659663865546218,0.7277075280557103,0.6,0.0,0.0,0.0,0.0,2002,clin,0.8
1,1,lr5e-05_bs16_modL1_fusion64_fusionL1_drop0p2_trmiss80_trlocclin,16,5e-05,1,64,1,0.2,lr5e-05_bs16_modL1_fusion64_fusionL1_drop0p2_trmiss80_trlocclin,9,0.6143946995337805,0.6692342956860861,0.680672268907563,0.7564624860591025,0.6222222222222222,0.0,0.0,0.0,0.0,2002,clin,0.8
1,1,lr5e-05_bs16_modL1_fusion64_fusionL1_drop0p2_trmiss80_trlocclin,16,5e-05,1,64,1,0.2,lr5e-05_bs16_modL1_fusion64_fusionL1_drop0p2_trmiss80_trlocclin,10,0.6190135677655538,0.671891987323761,0.6701680672268907,0.748249266560777,0.5555555555555556,0.0,0.0,0.0,0.0,2002,clin,0.8
1,1,lr5e-05_bs16_modL1_fusion64_fusionL1_drop0p2_trmiss80_trlocclin,16,5e-05,1,64,1,0.2,lr5e-05_bs16_modL1_fusion64_fusionL1_drop0p2_trmiss80_trlocclin,11,0.6164590318997701,0.6739871501922607,0.6512605042016807,0.7361106974316506,0.6,0.0,0.0,0.0,0.0,2002,clin,0.8
1,1,lr5e-05_bs16_modL1_fusion64_fusionL1_drop0p2_trmiss80_trlocclin,16,5e-05,1,64,1,0.2,lr5e-05_bs16_modL1_fusion64_fusionL1_drop0p2_trmiss80_trlocclin,12,0.58234836657842,0.6654832363128662,0.6596638655462184,0.7333328052906182,0.6,0.0,0.0,0.0,0.0,2002,clin,0.8
1,1,lr5e-05_bs16_modL1_fusion64_fusionL1_drop0p2_trmiss80_trlocclin,16,5e-05,1,64,1,0.2,lr5e-05_bs16_modL1_fusion64_fusionL1_drop0p2_trmiss80_trlocclin,13,0.5886362592379252,0.6659926970799764,0.6491596638655462,0.7303079533889321,0.5777777777777777,0.0,0.0,0.0,0.0,2002,clin,0.8
1,1,lr5e-05_bs16_modL1_fusion64_fusionL1_drop0p2_trmiss80_trlocclin,16,5e-05,1,64,1,0.2,lr5e-05_bs16_modL1_fusion64_fusionL1_drop0p2_trmiss80_trlocclin,14,0.562462160984675,0.6664957801500956,0.6533613445378151,0.7372770896968558,0.6,0.0,0.0,0.0,0.0,2002,clin,0.8
1,1,lr5e-05_bs16_modL1_fusion64_fusionL1_drop0p2_trmiss80_trlocclin,16,5e-05,1,64,1,0.2,lr5e-05_bs16_modL1_fusion64_fusionL1_drop0p2_trmiss80_trlocclin,15,0.5407734314600626,0.6679454644521078,0.6596638655462185,0.7447069315979601,0.6444444444444445,0.0,0.0,0.0,0.0,2002,clin,0.8
1,1,lr5e-05_bs16_modL1_fusion64_fusionL1_drop0p2_trmiss80_trlocclin,16,5e-05,1,64,1,0.2,lr5e-05_bs16_modL1_fusion64_fusionL1_drop0p2_trmiss80_trlocclin,16,0.5604343513647715,0.6728135546048483,0.6554621848739496,0.7234835538803296,0.6222222222222222,0.0,0.0,0.0,0.0,2002,clin,0.8
1,1,lr5e-05_bs16_modL1_fusion64_fusionL1_drop0p2_trmiss80_trlocclin,16,5e-05,1,64,1,0.2,lr5e-05_bs16_modL1_fusion64_fusionL1_drop0p2_trmiss80_trlocclin,17,0.5398277714848518,0.6679595311482748,0.653361344537815,0.7334808940443779,0.6222222222222222,0.0,0.0,0.0,0.0,2002,clin,0.8
1,1,lr5e-05_bs16_modL1_fusion64_fusionL1_drop0p2_trmiss80_trlocclin,16,5e-05,1,64,1,0.2,lr5e-05_bs16_modL1_fusion64_fusionL1_drop0p2_trmiss80_trlocclin,18,0.515605553984642,0.6695489684740702,0.6407563025210083,0.6977129078292396,0.6222222222222222,0.0,0.0,0.0,0.0,2002,clin,0.8
1,1,lr5e-05_bs16_modL1_fusion64_fusionL1_drop0p2_trmiss80_trlocclin,16,5e-05,1,64,1,0.2,lr5e-05_bs16_modL1_fusion64_fusionL1_drop0p2_trmiss80_trlocclin,19,0.5365474397937456,0.6685794790585836,0.6659663865546219,0.7432727363984396,0.6222222222222222,0.0,0.0,0.0,0.0,2002,clin,0.8
1,1,lr5e-05_bs16_modL1_fusion64_fusionL1_drop0p2_trmiss80_trlocclin,16,5e-05,1,64,1,0.2,lr5e-05_bs16_modL1_fusion64_fusionL1_drop0p2_trmiss80_trlocclin,20,0.5215327441692352,0.6658521890640259,0.6533613445378151,0.751139560835127,0.5777777777777777,0.0,0.0,0.0,0.0,2002,clin,0.8
1,1,lr5e-05_bs16_modL1_fusion64_fusionL1_drop0p2_trmiss80_trlocclin,16,5e-05,1,64,1,0.2,lr5e-05_bs16_modL1_fusion64_fusionL1_drop0p2_trmiss80_trlocclin,21,0.5136847520867983,0.6659829219182333,0.6365546218487395,0.7349619026107823,0.5555555555555556,0.0,0.0,0.0,0.0,2002,clin,0.8
1,1,lr5e-05_bs16_modL1_fusion64_fusionL1_drop0p2_trmiss80_trlocclin,16,5e-05,1,64,1,0.2,lr5e-05_bs16_modL1_fusion64_fusionL1_drop0p2_trmiss80_trlocclin,22,0.5116879194974899,0.6598105430603027,0.6281512605042017,0.72390105316659,0.5777777777777777,0.0,0.0,0.0,0.0,2002,clin,0.8
1,1,lr5e-05_bs16_modL1_fusion64_fusionL1_drop0p2_trmiss80_trlocclin,16,5e-05,1,64,1,0.2,lr5e-05_bs16_modL1_fusion64_fusionL1_drop0p2_trmiss80_trlocclin,23,0.503681369125843,0.6619729399681091,0.6428571428571429,0.7268345079579374,0.6,0.0,0.0,0.0,0.0,2002,clin,0.8
1,1,lr5e-05_bs16_modL1_fusion64_fusionL1_drop0p2_trmiss80_trlocclin,16,5e-05,1,64,1,0.2,lr5e-05_bs16_modL1_fusion64_fusionL1_drop0p2_trmiss80_trlocclin,24,0.5077988107999166,0.6727334062258402,0.6281512605042017,0.7162568461911013,0.5555555555555556,0.0,0.0,0.0,0.0,2002,clin,0.8
1,1,lr5e-05_bs16_modL1_fusion64_fusionL1_drop0p2_trmiss80_trlocclin,16,5e-05,1,64,1,0.2,lr5e-05_bs16_modL1_fusion64_fusionL1_drop0p2_trmiss80_trlocclin,25,0.4995595912138621,0.6599233349164327,0.6407563025210083,0.7304056730366425,0.6,0.0,0.0,0.0,0.0,2002,clin,0.8
1,1,lr5e-05_bs16_modL1_fusion64_fusionL1_drop0p2_trmiss80_trlocclin,16,5e-05,1,64,1,0.2,lr5e-05_bs16_modL1_fusion64_fusionL1_drop0p2_trmiss80_trlocclin,26,0.4919723719358444,0.6659967303276062,0.638655462184874,0.7125794172259896,0.5777777777777777,0.0,0.0,0.0,0.0,2002,clin,0.8
1,1,lr5e-05_bs16_modL1_fusion64_fusionL1_drop0p2_trmiss80_trlocclin,16,5e-05,1,64,1,0.2,lr5e-05_bs16_modL1_fusion64_fusionL1_drop0p2_trmiss80_trlocclin,27,0.512768362959226,0.6703814466794332,0.6260504201680672,0.6868251231601595,0.5555555555555556,0.0,0.0,0.0,0.0,2002,clin,0.8
1,1,lr5e-05_bs16_modL1_fusion64_fusionL1_drop0p2_trmiss80_trlocclin,16,5e-05,1,64,1,0.2,lr5e-05_bs16_modL1_fusion64_fusionL1_drop0p2_trmiss80_trlocclin,28,0.49736467252175015,0.6623521248499552,0.6281512605042017,0.6960841529072785,0.6,0.0,0.0,0.0,0.0,2002,clin,0.8
1,1,lr5e-05_bs16_modL1_fusion64_fusionL1_drop0p2_trmiss80_trlocclin,16,5e-05,1,64,1,0.2,lr5e-05_bs16_modL1_fusion64_fusionL1_drop0p2_trmiss80_trlocclin,29,0.5001222267746925,0.667936384677887,0.6281512605042017,0.7123002172682456,0.5777777777777777,0.0,0.0,0.0,0.0,2002,clin,0.8
1,1,lr5e-05_bs16_modL1_fusion64_fusionL1_drop0p1_trmiss80_trlocclin,16,5e-05,1,64,1,0.1,lr5e-05_bs16_modL1_fusion64_fusionL1_drop0p1_trmiss80_trlocclin,1,0.7581781794627508,0.7352447509765625,0.5210084033613446,0.6342151616481857,0.3333333333333333,0.0,0.0,0.0,0.0,2002,clin,0.8
1,1,lr5e-05_bs16_modL1_fusion64_fusionL1_drop0p1_trmiss80_trlocclin,16,5e-05,1,64,1,0.1,lr5e-05_bs16_modL1_fusion64_fusionL1_drop0p1_trmiss80_trlocclin,2,0.6947113275527954,0.748267650604248,0.5336134453781513,0.6334916359356726,0.37777777777777777,0.0,0.0,0.0,0.0,2002,clin,0.8
1,1,lr5e-05_bs16_modL1_fusion64_fusionL1_drop0p1_trmiss80_trlocclin,16,5e-05,1,64,1,0.1,lr5e-05_bs16_modL1_fusion64_fusionL1_drop0p1_trmiss80_trlocclin,3,0.6700805425643921,0.7377136945724487,0.5861344537815126,0.671094211958425,0.4444444444444444,0.0,0.0,0.0,0.0,2002,clin,0.8
1,1,lr5e-05_bs16_modL1_fusion64_fusionL1_drop0p1_trmiss80_trlocclin,16,5e-05,1,64,1,0.1,lr5e-05_bs16_modL1_fusion64_fusionL1_drop0p1_trmiss80_trlocclin,4,0.6609833985567093,0.728733758131663,0.5945378151260505,0.6794917667520795,0.4666666666666667,0.0,0.0,0.0,0.0,2002,clin,0.8
1,1,lr5e-05_bs16_modL1_fusion64_fusionL1_drop0p1_trmiss80_trlocclin,16,5e-05,1,64,1,0.1,lr5e-05_bs16_modL1_fusion64_fusionL1_drop0p1_trmiss80_trlocclin,5,0.6481642872095108,0.713916540145874,0.6323529411764707,0.692249089102734,0.4888888888888889,0.0,0.0,0.0,0.0,2002,clin,0.8
1,1,lr5e-05_bs16_modL1_fusion64_fusionL1_drop0p1_trmiss80_trlocclin,16,5e-05,1,64,1,0.1,lr5e-05_bs16_modL1_fusion64_fusionL1_drop0p1_trmiss80_trlocclin,6,0.6203538527091345,0.7183203101158142,0.6260504201680672,0.6902493060762471,0.4888888888888889,0.0,0.0,0.0,0.0,2002,clin,0.8
1,1,lr5e-05_bs16_modL1_fusion64_fusionL1_drop0p1_trmiss80_trlocclin,16,5e-05,1,64,1,0.1,lr5e-05_bs16_modL1_fusion64_fusionL1_drop0p1_trmiss80_trlocclin,7,0.6007447838783264,0.7222529053688049,0.615546218487395,0.6889313196212827,0.4888888888888889,0.0,0.0,0.0,0.0,2002,clin,0.8
1,1,lr5e-05_bs16_modL1_fusion64_fusionL1_drop0p1_trmiss80_trlocclin,16,5e-05,1,64,1,0.1,lr5e-05_bs16_modL1_fusion64_fusionL1_drop0p1_trmiss80_trlocclin,8,0.5979549139738083,0.7102537751197815,0.638655462184874,0.6977405186860952,0.5111111111111111,0.0,0.0,0.0,0.0,2002,clin,0.8
1,1,lr5e-05_bs16_modL1_fusion64_fusionL1_drop0p1_trmiss80_trlocclin,16,5e-05,1,64,1,0.1,lr5e-05_bs16_modL1_fusion64_fusionL1_drop0p1_trmiss80_trlocclin,9,0.5683456659317017,0.7209375898043314,0.6239495798319328,0.68830935681983,0.5555555555555556,0.0,0.0,0.0,0.0,2002,clin,0.8
1,1,lr5e-05_bs16_modL1_fusion64_fusionL1_drop0p1_trmiss80_trlocclin,16,5e-05,1,64,1,0.1,lr5e-05_bs16_modL1_fusion64_fusionL1_drop0p1_trmiss80_trlocclin,10,0.5748206675052643,0.7203667958577474,0.6260504201680672,0.698954977505306,0.5555555555555556,0.0,0.0,0.0,0.0,2002,clin,0.8
1,1,lr5e-05_bs16_modL1_fusion64_fusionL1_drop0p1_trmiss80_trlocclin,16,5e-05,1,64,1,0.1,lr5e-05_bs16_modL1_fusion64_fusionL1_drop0p1_trmiss80_trlocclin,11,0.5843563973903656,0.7136010924975077,0.6134453781512605,0.692653189412323,0.6,0.0,0.0,0.0,0.0,2002,clin,0.8
1,1,lr5e-05_bs16_modL1_fusion64_fusionL1_drop0p1_trmiss80_trlocclin,16,5e-05,1,64,1,0.1,lr5e-05_bs16_modL1_fusion64_fusionL1_drop0p1_trmiss80_trlocclin,12,0.544239342212677,0.69833372036616,0.6197478991596639,0.6945114337646442,0.6,0.0,0.0,0.0,0.0,2002,clin,0.8
1,1,lr5e-05_bs16_modL1_fusion64_fusionL1_drop0p1_trmiss80_trlocclin,16,5e-05,1,64,1,0.1,lr5e-05_bs16_modL1_fusion64_fusionL1_drop0p1_trmiss80_trlocclin,13,0.5503533656398455,0.6949904759724935,0.5882352941176471,0.6639278568363456,0.5555555555555556,0.0,0.0,0.0,0.0,2002,clin,0.8
1,1,lr5e-05_bs16_modL1_fusion64_fusionL1_drop0p1_trmiss80_trlocclin,16,5e-05,1,64,1,0.1,lr5e-05_bs16_modL1_fusion64_fusionL1_drop0p1_trmiss80_trlocclin,14,0.5280901988347372,0.7093871831893921,0.5840336134453782,0.6652793996628893,0.5333333333333333,0.0,0.0,0.0,0.0,2002,clin,0.8
1,1,lr5e-05_bs16_modL1_fusion64_fusionL1_drop0p1_trmiss80_trlocclin,16,5e-05,1,64,1,0.1,lr5e-05_bs16_modL1_fusion64_fusionL1_drop0p1_trmiss80_trlocclin,15,0.5325205996632576,0.7130434910456339,0.5861344537815125,0.6580924901953281,0.5111111111111111,0.0,0.0,0.0,0.0,2002,clin,0.8
1,1,lr5e-05_bs16_modL1_fusion64_fusionL1_drop0p1_trmiss80_trlocclin,16,5e-05,1,64,1,0.1,lr5e-05_bs16_modL1_fusion64_fusionL1_drop0p1_trmiss80_trlocclin,16,0.4978795275092125,0.7144861419995626,0.5588235294117647,0.6461816374373138,0.5111111111111111,0.0,0.0,0.0,0.0,2002,clin,0.8
1,1,lr5e-05_bs16_modL1_fusion64_fusionL1_drop0p1_trmiss80_trlocclin,16,5e-05,1,64,1,0.1,lr5e-05_bs16_modL1_fusion64_fusionL1_drop0p1_trmiss80_trlocclin,17,0.5083490585287412,0.7115642428398132,0.5861344537815126,0.6606814125284732,0.5333333333333333,0.0,0.0,0.0,0.0,2002,clin,0.8
1,1,lr5e-05_bs16_modL1_fusion64_fusionL1_drop0p1_trmiss80_trlocclin,16,5e-05,1,64,1,0.1,lr5e-05_bs16_modL1_fusion64_fusionL1_drop0p1_trmiss80_trlocclin,18,0.518124577899774,0.7168353001276652,0.5861344537815126,0.6713501595745585,0.5333333333333333,0.0,0.0,0.0,0.0,2002,clin,0.8
1,1,lr5e-05_bs16_modL1_fusion64_fusionL1_drop0p1_trmiss80_trlocclin,16,5e-05,1,64,1,0.1,lr5e-05_bs16_modL1_fusion64_fusionL1_drop0p1_trmiss80_trlocclin,19,0.48443277676900226,0.7137580315272013,0.5882352941176471,0.6751972027134332,0.5111111111111111,0.0,0.0,0.0,0.0,2002,clin,0.8
1,1,lr5e-05_bs16_modL1_fusion64_fusionL1_drop0p1_trmiss80_trlocclin,16,5e-05,1,64,1,0.1,lr5e-05_bs16_modL1_fusion64_fusionL1_drop0p1_trmiss80_trlocclin,20,0.48855570207039517,0.7170852621396383,0.588235294117647,0.6762812292687564,0.5111111111111111,0.0,0.0,0.0,0.0,2002,clin,0.8
1,1,lr5e-05_bs16_modL1_fusion64_fusionL1_drop0p1_trmiss80_trlocclin,16,5e-05,1,64,1,0.1,lr5e-05_bs16_modL1_fusion64_fusionL1_drop0p1_trmiss80_trlocclin,21,0.4860889712969462,0.7131976286570231,0.5945378151260504,0.6678853765862761,0.5111111111111111,0.0,0.0,0.0,0.0,2002,clin,0.8
1,1,lr5e-05_bs16_modL1_fusion64_fusionL1_drop0p1_trmiss80_trlocclin,16,5e-05,1,64,1,0.1,lr5e-05_bs16_modL1_fusion64_fusionL1_drop0p1_trmiss80_trlocclin,22,0.4835822408397992,0.7148043910662333,0.5903361344537815,0.6697030016296045,0.5111111111111111,0.0,0.0,0.0,0.0,2002,clin,0.8
1,1,lr5e-05_bs16_modL1_fusion64_fusionL1_drop0p1_trmiss80_trlocclin,16,5e-05,1,64,1,0.1,lr5e-05_bs16_modL1_fusion64_fusionL1_drop0p1_trmiss80_trlocclin,23,0.4733114292224248,0.7039999763170878,0.592436974789916,0.6631394398743952,0.5111111111111111,0.0,0.0,0.0,0.0,2002,clin,0.8
1,1,lr5e-05_bs16_modL1_fusion64_fusionL1_drop0p1_trmiss80_trlocclin,16,5e-05,1,64,1,0.1,lr5e-05_bs16_modL1_fusion64_fusionL1_drop0p1_trmiss80_trlocclin,24,0.47491014500459033,0.6957533359527588,0.5987394957983192,0.6625065573916674,0.5555555555555556,0.0,0.0,0.0,0.0,2002,clin,0.8
1,1,lr5e-05_bs16_modL1_fusion64_fusionL1_drop0p1_trmiss80_trlocclin,16,5e-05,1,64,1,0.1,lr5e-05_bs16_modL1_fusion64_fusionL1_drop0p1_trmiss80_trlocclin,25,0.447234570980072,0.6927739779154459,0.592436974789916,0.6693010520040524,0.5777777777777777,0.0,0.0,0.0,0.0,2002,clin,0.8
1,1,lr5e-05_bs16_modL1_fusion64_fusionL1_drop0p1_trmiss80_trlocclin,16,5e-05,1,64,1,0.1,lr5e-05_bs16_modL1_fusion64_fusionL1_drop0p1_trmiss80_trlocclin,26,0.4695172930757205,0.7082494099934896,0.5756302521008403,0.6718712815178259,0.5111111111111111,0.0,0.0,0.0,0.0,2002,clin,0.8
1,1,lr5e-05_bs16_modL1_fusion64_fusionL1_drop0p1_trmiss80_trlocclin,16,5e-05,1,64,1,0.1,lr5e-05_bs16_modL1_fusion64_fusionL1_drop0p1_trmiss80_trlocclin,27,0.4379783396919568,0.699739952882131,0.5903361344537814,0.6812336270187985,0.5555555555555556,0.0,0.0,0.0,0.0,2002,clin,0.8
1,1,lr5e-05_bs16_modL1_fusion64_fusionL1_drop0p1_trmiss80_trlocclin,16,5e-05,1,64,1,0.1,lr5e-05_bs16_modL1_fusion64_fusionL1_drop0p1_trmiss80_trlocclin,28,0.4347976744174957,0.6995813051859537,0.5798319327731092,0.6701624000898033,0.5777777777777777,0.0,0.0,0.0,0.0,2002,clin,0.8
1,1,lr1e-04_bs16_modL1_fusion32_fusionL1_drop0p2_trmiss80_trlocclin,16,0.0001,1,32,1,0.2,lr1e-04_bs16_modL1_fusion32_fusionL1_drop0p2_trmiss80_trlocclin,1,0.6911649703979492,0.6839685042699178,0.48109243697478987,0.6522705214727871,0.5777777777777777,0.0,0.0,0.0,0.0,2002,clin,0.8
1,1,lr1e-04_bs16_modL1_fusion32_fusionL1_drop0p2_trmiss80_trlocclin,16,0.0001,1,32,1,0.2,lr1e-04_bs16_modL1_fusion32_fusionL1_drop0p2_trmiss80_trlocclin,2,0.6634087065855662,0.6714088122049967,0.5420168067226891,0.7093372204413518,0.5555555555555556,0.0,0.0,0.0,0.0,2002,clin,0.8
1,1,lr1e-04_bs16_modL1_fusion32_fusionL1_drop0p2_trmiss80_trlocclin,16,0.0001,1,32,1,0.2,lr1e-04_bs16_modL1_fusion32_fusionL1_drop0p2_trmiss80_trlocclin,3,0.6122926051417986,0.6724887092908224,0.523109243697479,0.7078013478033165,0.5777777777777777,0.0,0.0,0.0,0.0,2002,clin,0.8
1,1,lr1e-04_bs16_modL1_fusion32_fusionL1_drop0p2_trmiss80_trlocclin,16,0.0001,1,32,1,0.2,lr1e-04_bs16_modL1_fusion32_fusionL1_drop0p2_trmiss80_trlocclin,4,0.6285356928904852,0.6698295672734579,0.51890756302521,0.6959263389330483,0.5555555555555556,0.0,0.0,0.0,0.0,2002,clin,0.8
1,1,lr1e-04_bs16_modL1_fusion32_fusionL1_drop0p2_trmiss80_trlocclin,16,0.0001,1,32,1,0.2,lr1e-04_bs16_modL1_fusion32_fusionL1_drop0p2_trmiss80_trlocclin,5,0.5704473207394282,0.6706403493881226,0.5273109243697479,0.6845497228692956,0.5555555555555556,0.0,0.0,0.0,0.0,2002,clin,0.8
1,1,lr1e-04_bs16_modL1_fusion32_fusionL1_drop0p2_trmiss80_trlocclin,16,0.0001,1,32,1,0.2,lr1e-04_bs16_modL1_fusion32_fusionL1_drop0p2_trmiss80_trlocclin,6,0.554982416331768,0.6751131216684977,0.5168067226890756,0.6579688400149314,0.5777777777777777,0.0,0.0,0.0,0.0,2002,clin,0.8
1,1,lr1e-04_bs16_modL1_fusion32_fusionL1_drop0p2_trmiss80_trlocclin,16,0.0001,1,32,1,0.2,lr1e-04_bs16_modL1_fusion32_fusionL1_drop0p2_trmiss80_trlocclin,7,0.5639751305182775,0.6701891422271729,0.542016806722689,0.6738497599740618,0.6,0.0,0.0,0.0,0.0,2002,clin,0.8
1,1,lr1e-04_bs16_modL1_fusion32_fusionL1_drop0p2_trmiss80_trlocclin,16,0.0001,1,32,1,0.2,lr1e-04_bs16_modL1_fusion32_fusionL1_drop0p2_trmiss80_trlocclin,8,0.5477777197957039,0.666119396686554,0.5630252100840336,0.6819795010870606,0.6,0.0,0.0,0.0,0.0,2002,clin,0.8
1,1,lr1e-04_bs16_modL1_fusion32_fusionL1_drop0p2_trmiss80_trlocclin,16,0.0001,1,32,1,0.2,lr1e-04_bs16_modL1_fusion32_fusionL1_drop0p2_trmiss80_trlocclin,9,0.5451570898294449,0.66058748960495,0.5756302521008403,0.7057583078801859,0.6222222222222222,0.0,0.0,0.0,0.0,2002,clin,0.8
1,1,lr1e-04_bs16_modL1_fusion32_fusionL1_drop0p2_trmiss80_trlocclin,16,0.0001,1,32,1,0.2,lr1e-04_bs16_modL1_fusion32_fusionL1_drop0p2_trmiss80_trlocclin,10,0.5339658459027609,0.6578447818756104,0.6029411764705882,0.7068258211765971,0.6222222222222222,0.0,0.0,0.0,0.0,2002,clin,0.8
1,1,lr1e-04_bs16_modL1_fusion32_fusionL1_drop0p2_trmiss80_trlocclin,16,0.0001,1,32,1,0.2,lr1e-04_bs16_modL1_fusion32_fusionL1_drop0p2_trmiss80_trlocclin,11,0.5247653971115748,0.6580452919006348,0.6050420168067226,0.7035354327743196,0.6222222222222222,0.0,0.0,0.0,0.0,2002,clin,0.8
1,1,lr1e-04_bs16_modL1_fusion32_fusionL1_drop0p2_trmiss80_trlocclin,16,0.0001,1,32,1,0.2,lr1e-04_bs16_modL1_fusion32_fusionL1_drop0p2_trmiss80_trlocclin,12,0.5130250106255213,0.6465770602226257,0.6050420168067226,0.7093058949564869,0.6444444444444445,0.0,0.0,0.0,0.0,2002,clin,0.8
1,1,lr1e-04_bs16_modL1_fusion32_fusionL1_drop0p2_trmiss80_trlocclin,16,0.0001,1,32,1,0.2,lr1e-04_bs16_modL1_fusion32_fusionL1_drop0p2_trmiss80_trlocclin,13,0.5009799053271612,0.6546477278073629,0.6029411764705882,0.704333981536213,0.6,0.0,0.0,0.0,0.0,2002,clin,0.8
1,1,lr1e-04_bs16_modL1_fusion32_fusionL1_drop0p2_trmiss80_trlocclin,16,0.0001,1,32,1,0.2,lr1e-04_bs16_modL1_fusion32_fusionL1_drop0p2_trmiss80_trlocclin,14,0.4803263967235883,0.6532508333524069,0.5903361344537815,0.7095545785939474,0.6222222222222222,0.0,0.0,0.0,0.0,2002,clin,0.8
1,1,lr1e-04_bs16_modL1_fusion32_fusionL1_drop0p2_trmiss80_trlocclin,16,0.0001,1,32,1,0.2,lr1e-04_bs16_modL1_fusion32_fusionL1_drop0p2_trmiss80_trlocclin,15,0.49054528027772903,0.6589722633361816,0.5756302521008403,0.6959335317988983,0.6222222222222222,0.0,0.0,0.0,0.0,2002,clin,0.8
1,1,lr1e-04_bs16_modL1_fusion32_fusionL1_drop0p2_trmiss80_trlocclin,16,0.0001,1,32,1,0.2,lr1e-04_bs16_modL1_fusion32_fusionL1_drop0p2_trmiss80_trlocclin,16,0.47293296207984287,0.6570157408714294,0.5903361344537815,0.7013265269392367,0.6444444444444445,0.0,0.0,0.0,0.0,2002,clin,0.8
1,1,lr1e-04_bs16_modL1_fusion32_fusionL1_drop0p2_trmiss80_trlocclin,16,0.0001,1,32,1,0.2,lr1e-04_bs16_modL1_fusion32_fusionL1_drop0p2_trmiss80_trlocclin,17,0.4494746004541715,0.6560720801353455,0.5756302521008403,0.6974043517589515,0.6222222222222222,0.0,0.0,0.0,0.0,2002,clin,0.8
1,1,lr1e-04_bs16_modL1_fusion32_fusionL1_drop0p2_trmiss80_trlocclin,16,0.0001,1,32,1,0.2,lr1e-04_bs16_modL1_fusion32_fusionL1_drop0p2_trmiss80_trlocclin,18,0.4460155591368675,0.6555191874504089,0.5672268907563025,0.6958604033746891,0.6444444444444445,0.0,0.0,0.0,0.0,2002,clin,0.8
1,1,lr1e-04_bs16_modL1_fusion32_fusionL1_drop0p2_trmiss80_trlocclin,16,0.0001,1,32,1,0.2,lr1e-04_bs16_modL1_fusion32_fusionL1_drop0p2_trmiss80_trlocclin,19,0.45949587225914,0.6564611991246542,0.5609243697478992,0.6916530917815804,0.6222222222222222,0.0,0.0,0.0,0.0,2002,clin,0.8
1,1,lr1e-04_bs16_modL1_fusion32_fusionL1_drop0p2_trmiss80_trlocclin,16,0.0001,1,32,1,0.2,lr1e-04_bs16_modL1_fusion32_fusionL1_drop0p2_trmiss80_trlocclin,20,0.44453517844279605,0.6586006879806519,0.5441176470588236,0.6771907226945476,0.6222222222222222,0.0,0.0,0.0,0.0,2002,clin,0.8
1,1,lr1e-04_bs16_modL1_fusion32_fusionL1_drop0p2_trmiss80_trlocclin,16,0.0001,1,32,1,0.2,lr1e-04_bs16_modL1_fusion32_fusionL1_drop0p2_trmiss80_trlocclin,21,0.43162107716004056,0.6645181576410929,0.5315126050420169,0.6825649782644494,0.5777777777777777,0.0,0.0,0.0,0.0,2002,clin,0.8
1,1,lr1e-04_bs16_modL1_fusion32_fusionL1_drop0p2_trmiss80_trlocclin,16,0.0001,1,32,1,0.2,lr1e-04_bs16_modL1_fusion32_fusionL1_drop0p2_trmiss80_trlocclin,22,0.4125174929698308,0.6646932562192281,0.51890756302521,0.6750858799378351,0.5777777777777777,0.0,0.0,0.0,0.0,2002,clin,0.8
1,1,lr1e-04_bs16_modL1_fusion32_fusionL1_drop0p2_trmiss80_trlocclin,16,0.0001,1,32,1,0.2,lr1e-04_bs16_modL1_fusion32_fusionL1_drop0p2_trmiss80_trlocclin,23,0.42181255171696347,0.669267992178599,0.523109243697479,0.6672702985448276,0.6,0.0,0.0,0.0,0.0,2002,clin,0.8
1,1,lr1e-04_bs16_modL1_fusion32_fusionL1_drop0p2_trmiss80_trlocclin,16,0.0001,1,32,1,0.2,lr1e-04_bs16_modL1_fusion32_fusionL1_drop0p2_trmiss80_trlocclin,24,0.4179433807730675,0.6723872025807699,0.5252100840336135,0.6702025048259291,0.5555555555555556,0.0,0.0,0.0,0.0,2002,clin,0.8
1,1,lr1e-04_bs16_modL1_fusion32_fusionL1_drop0p2_trmiss80_trlocclin,16,0.0001,1,32,1,0.2,lr1e-04_bs16_modL1_fusion32_fusionL1_drop0p2_trmiss80_trlocclin,25,0.4240812882781029,0.6723164518674215,0.5378151260504201,0.6805472133266472,0.5555555555555556,0.0,0.0,0.0,0.0,2002,clin,0.8
1,1,lr1e-04_bs16_modL1_fusion32_fusionL1_drop0p2_trmiss80_trlocclin,16,0.0001,1,32,1,0.2,lr1e-04_bs16_modL1_fusion32_fusionL1_drop0p2_trmiss80_trlocclin,26,0.4026181399822235,0.6654588580131531,0.5315126050420168,0.6841945777345733,0.6444444444444445,0.0,0.0,0.0,0.0,2002,clin,0.8
1,1,lr1e-04_bs16_modL1_fusion32_fusionL1_drop0p2_trmiss80_trlocclin,16,0.0001,1,32,1,0.2,lr1e-04_bs16_modL1_fusion32_fusionL1_drop0p2_trmiss80_trlocclin,27,0.3867597033580144,0.6690084338188171,0.5315126050420168,0.6720857922390278,0.6,0.0,0.0,0.0,0.0,2002,clin,0.8
1,1,lr1e-04_bs16_modL1_fusion32_fusionL1_drop0p2_trmiss80_trlocclin,16,0.0001,1,32,1,0.2,lr1e-04_bs16_modL1_fusion32_fusionL1_drop0p2_trmiss80_trlocclin,28,0.4019174302617709,0.6655569275220236,0.5168067226890756,0.6801410229163084,0.6,0.0,0.0,0.0,0.0,2002,clin,0.8
1,1,lr1e-04_bs16_modL1_fusion32_fusionL1_drop0p2_trmiss80_trlocclin,16,0.0001,1,32,1,0.2,lr1e-04_bs16_modL1_fusion32_fusionL1_drop0p2_trmiss80_trlocclin,29,0.4057987332344055,0.6636870503425598,0.5315126050420168,0.6737142548375977,0.5777777777777777,0.0,0.0,0.0,0.0,2002,clin,0.8
1,1,lr1e-04_bs16_modL1_fusion32_fusionL1_drop0p2_trmiss80_trlocclin,16,0.0001,1,32,1,0.2,lr1e-04_bs16_modL1_fusion32_fusionL1_drop0p2_trmiss80_trlocclin,30,0.4008864238858223,0.6637280583381653,0.546218487394958,0.6906791982571443,0.5777777777777777,0.0,0.0,0.0,0.0,2002,clin,0.8
1,1,lr1e-04_bs16_modL1_fusion32_fusionL1_drop0p2_trmiss80_trlocclin,16,0.0001,1,32,1,0.2,lr1e-04_bs16_modL1_fusion32_fusionL1_drop0p2_trmiss80_trlocclin,31,0.3765239069859187,0.6651450991630554,0.5336134453781513,0.6840611129949113,0.5777777777777777,0.0,0.0,0.0,0.0,2002,clin,0.8
1,1,lr1e-04_bs16_modL1_fusion32_fusionL1_drop0p2_trmiss80_trlocclin,16,0.0001,1,32,1,0.2,lr1e-04_bs16_modL1_fusion32_fusionL1_drop0p2_trmiss80_trlocclin,32,0.39222510407368344,0.6649511257807413,0.5294117647058824,0.6732795835058095,0.6,0.0,0.0,0.0,0.0,2002,clin,0.8
1,1,lr1e-04_bs16_modL1_fusion32_fusionL1_drop0p1_trmiss80_trlocclin,16,0.0001,1,32,1,0.1,lr1e-04_bs16_modL1_fusion32_fusionL1_drop0p1_trmiss80_trlocclin,1,0.7122598538796107,0.6889001528422037,0.5903361344537814,0.7166466272806871,0.4888888888888889,0.0,0.0,0.0,0.0,2002,clin,0.8
1,1,lr1e-04_bs16_modL1_fusion32_fusionL1_drop0p1_trmiss80_trlocclin,16,0.0001,1,32,1,0.1,lr1e-04_bs16_modL1_fusion32_fusionL1_drop0p1_trmiss80_trlocclin,2,0.6677570790052414,0.6854224801063538,0.5945378151260504,0.7276282041685826,0.5111111111111111,0.0,0.0,0.0,0.0,2002,clin,0.8
1,1,lr1e-04_bs16_modL1_fusion32_fusionL1_drop0p1_trmiss80_trlocclin,16,0.0001,1,32,1,0.1,lr1e-04_bs16_modL1_fusion32_fusionL1_drop0p1_trmiss80_trlocclin,3,0.6405875335137049,0.6833213369051615,0.6176470588235294,0.7431716647158967,0.4888888888888889,0.0,0.0,0.0,0.0,2002,clin,0.8
1,1,lr1e-04_bs16_modL1_fusion32_fusionL1_drop0p1_trmiss80_trlocclin,16,0.0001,1,32,1,0.1,lr1e-04_bs16_modL1_fusion32_fusionL1_drop0p1_trmiss80_trlocclin,4,0.6239240119854609,0.687121589978536,0.569327731092437,0.7245455254529829,0.4888888888888889,0.0,0.0,0.0,0.0,2002,clin,0.8
1,1,lr1e-04_bs16_modL1_fusion32_fusionL1_drop0p1_trmiss80_trlocclin,16,0.0001,1,32,1,0.1,lr1e-04_bs16_modL1_fusion32_fusionL1_drop0p1_trmiss80_trlocclin,5,0.6141117612520853,0.6947661638259888,0.5483193277310925,0.7167745546036123,0.4222222222222222,0.0,0.0,0.0,0.0,2002,clin,0.8
1,1,lr1e-04_bs16_modL1_fusion32_fusionL1_drop0p1_trmiss80_trlocclin,16,0.0001,1,32,1,0.1,lr1e-04_bs16_modL1_fusion32_fusionL1_drop0p1_trmiss80_trlocclin,6,0.5987820128599802,0.6855172316233317,0.5567226890756303,0.7373587549339905,0.5111111111111111,0.0,0.0,0.0,0.0,2002,clin,0.8
1,1,lr1e-04_bs16_modL1_fusion32_fusionL1_drop0p1_trmiss80_trlocclin,16,0.0001,1,32,1,0.1,lr1e-04_bs16_modL1_fusion32_fusionL1_drop0p1_trmiss80_trlocclin,7,0.5657538523276647,0.6829733848571777,0.5672268907563025,0.7256027345658664,0.5111111111111111,0.0,0.0,0.0,0.0,2002,clin,0.8
1,1,lr1e-04_bs16_modL1_fusion32_fusionL1_drop0p1_trmiss80_trlocclin,16,0.0001,1,32,1,0.1,lr1e-04_bs16_modL1_fusion32_fusionL1_drop0p1_trmiss80_trlocclin,8,0.5522798846165339,0.6726840734481812,0.5903361344537815,0.7436452588551474,0.5333333333333333,0.0,0.0,0.0,0.0,2002,clin,0.8
1,1,lr1e-04_bs16_modL1_fusion32_fusionL1_drop0p1_trmiss80_trlocclin,16,0.0001,1,32,1,0.1,lr1e-04_bs16_modL1_fusion32_fusionL1_drop0p1_trmiss80_trlocclin,9,0.5264337038000425,0.6809667746225992,0.5777310924369748,0.7433406080086072,0.5333333333333333,0.0,0.0,0.0,0.0,2002,clin,0.8
1,1,lr1e-04_bs16_modL1_fusion32_fusionL1_drop0p1_trmiss80_trlocclin,16,0.0001,1,32,1,0.1,lr1e-04_bs16_modL1_fusion32_fusionL1_drop0p1_trmiss80_trlocclin,10,0.5246958807110786,0.6839800874392191,0.5735294117647058,0.7400625169582854,0.5555555555555556,0.0,0.0,0.0,0.0,2002,clin,0.8
1,1,lr1e-04_bs16_modL1_fusion32_fusionL1_drop0p1_trmiss80_trlocclin,16,0.0001,1,32,1,0.1,lr1e-04_bs16_modL1_fusion32_fusionL1_drop0p1_trmiss80_trlocclin,11,0.5165824120243391,0.6941662629445394,0.5504201680672269,0.7074550810211299,0.5111111111111111,0.0,0.0,0.0,0.0,2002,clin,0.8
1,1,lr1e-04_bs16_modL1_fusion32_fusionL1_drop0p1_trmiss80_trlocclin,16,0.0001,1,32,1,0.1,lr1e-04_bs16_modL1_fusion32_fusionL1_drop0p1_trmiss80_trlocclin,12,0.5089532236258189,0.6898502707481384,0.5714285714285714,0.7203811414905162,0.5555555555555556,0.0,0.0,0.0,0.0,2002,clin,0.8
1,1,lr1e-04_bs16_modL1_fusion32_fusionL1_drop0p1_trmiss80_trlocclin,16,0.0001,1,32,1,0.1,lr1e-04_bs16_modL1_fusion32_fusionL1_drop0p1_trmiss80_trlocclin,13,0.4881822541356087,0.6823662320772806,0.5504201680672269,0.7030876030280324,0.4888888888888889,0.0,0.0,0.0,0.0,2002,clin,0.8
1,1,lr1e-04_bs16_modL1_fusion32_fusionL1_drop0p1_trmiss80_trlocclin,16,0.0001,1,32,1,0.1,lr1e-04_bs16_modL1_fusion32_fusionL1_drop0p1_trmiss80_trlocclin,14,0.4882189904650052,0.673365851243337,0.5819327731092436,0.7202620797570439,0.5111111111111111,0.0,0.0,0.0,0.0,2002,clin,0.8
1,1,lr1e-04_bs16_modL1_fusion32_fusionL1_drop0p1_trmiss80_trlocclin,16,0.0001,1,32,1,0.1,lr1e-04_bs16_modL1_fusion32_fusionL1_drop0p1_trmiss80_trlocclin,15,0.4800397530198097,0.678286075592041,0.5903361344537815,0.7353204413402255,0.5111111111111111,0.0,0.0,0.0,0.0,2002,clin,0.8
1,1,lr1e-04_bs16_modL1_fusion32_fusionL1_drop0p1_trmiss80_trlocclin,16,0.0001,1,32,1,0.1,lr1e-04_bs16_modL1_fusion32_fusionL1_drop0p1_trmiss80_trlocclin,16,0.4608674670259158,0.6775765617688497,0.5798319327731093,0.7287679789790967,0.4888888888888889,0.0,0.0,0.0,0.0,2002,clin,0.8
1,1,lr1e-04_bs16_modL1_fusion32_fusionL1_drop0p1_trmiss80_trlocclin,16,0.0001,1,32,1,0.1,lr1e-04_bs16_modL1_fusion32_fusionL1_drop0p1_trmiss80_trlocclin,17,0.45599378893772763,0.6724339524904887,0.5945378151260504,0.7438061559155571,0.4888888888888889,0.0,0.0,0.0,0.0,2002,clin,0.8
1,1,lr1e-04_bs16_modL1_fusion32_fusionL1_drop0p1_trmiss80_trlocclin,16,0.0001,1,32,1,0.1,lr1e-04_bs16_modL1_fusion32_fusionL1_drop0p1_trmiss80_trlocclin,18,0.4661761149764061,0.6777174274126688,0.5735294117647058,0.7190139999740306,0.5555555555555556,0.0,0.0,0.0,0.0,2002,clin,0.8
1,1,lr1e-04_bs16_modL1_fusion32_fusionL1_drop0p1_trmiss80_trlocclin,16,0.0001,1,32,1,0.1,lr1e-04_bs16_modL1_fusion32_fusionL1_drop0p1_trmiss80_trlocclin,19,0.4524785156051318,0.676692267258962,0.5798319327731092,0.7252513134258178,0.5333333333333333,0.0,0.0,0.0,0.0,2002,clin,0.8
1,1,lr1e-04_bs16_modL1_fusion32_fusionL1_drop0p1_trmiss80_trlocclin,16,0.0001,1,32,1,0.1,lr1e-04_bs16_modL1_fusion32_fusionL1_drop0p1_trmiss80_trlocclin,20,0.45736629764238995,0.6799822449684143,0.5777310924369747,0.7176753847644866,0.5555555555555556,0.0,0.0,0.0,0.0,2002,clin,0.8
1,1,lr1e-04_bs16_modL1_fusion32_fusionL1_drop0p1_trmiss80_trlocclin,16,0.0001,1,32,1,0.1,lr1e-04_bs16_modL1_fusion32_fusionL1_drop0p1_trmiss80_trlocclin,21,0.44586682071288425,0.6886046131451925,0.5777310924369747,0.7045983863297135,0.5111111111111111,0.0,0.0,0.0,0.0,2002,clin,0.8
1,1,lr1e-04_bs16_modL1_fusion32_fusionL1_drop0p1_trmiss80_trlocclin,16,0.0001,1,32,1,0.1,lr1e-04_bs16_modL1_fusion32_fusionL1_drop0p1_trmiss80_trlocclin,22,0.4214493955175082,0.682255764802297,0.5630252100840336,0.6982340601487407,0.5333333333333333,0.0,0.0,0.0,0.0,2002,clin,0.8
1,1,lr1e-04_bs16_modL1_fusion32_fusionL1_drop0p1_trmiss80_trlocclin,16,0.0001,1,32,1,0.1,lr1e-04_bs16_modL1_fusion32_fusionL1_drop0p1_trmiss80_trlocclin,23,0.4445449784398079,0.6930042505264282,0.5651260504201681,0.697603717253128,0.5111111111111111,0.0,0.0,0.0,0.0,2002,clin,0.8
1,1,lr1e-04_bs16_modL1_fusion64_fusionL1_drop0p2_trmiss80_trlocclin,16,0.0001,1,64,1,0.2,lr1e-04_bs16_modL1_fusion64_fusionL1_drop0p2_trmiss80_trlocclin,1,0.7464798043171564,0.6995842655499777,0.5861344537815125,0.752481927411199,0.5111111111111111,0.0,0.0,0.0,0.0,2002,clin,0.8
1,1,lr1e-04_bs16_modL1_fusion64_fusionL1_drop0p2_trmiss80_trlocclin,16,0.0001,1,64,1,0.2,lr1e-04_bs16_modL1_fusion64_fusionL1_drop0p2_trmiss80_trlocclin,2,0.7043784558773041,0.6964553793271383,0.611344537815126,0.7397782340270068,0.5777777777777777,0.0,0.0,0.0,0.0,2002,clin,0.8
1,1,lr1e-04_bs16_modL1_fusion64_fusionL1_drop0p2_trmiss80_trlocclin,16,0.0001,1,64,1,0.2,lr1e-04_bs16_modL1_fusion64_fusionL1_drop0p2_trmiss80_trlocclin,3,0.6765963286161423,0.7029808561007181,0.5966386554621849,0.7297890743354783,0.5777777777777777,0.0,0.0,0.0,0.0,2002,clin,0.8
1,1,lr1e-04_bs16_modL1_fusion64_fusionL1_drop0p2_trmiss80_trlocclin,16,0.0001,1,64,1,0.2,lr1e-04_bs16_modL1_fusion64_fusionL1_drop0p2_trmiss80_trlocclin,4,0.6488340198993683,0.7006791234016418,0.5966386554621849,0.7456740725323263,0.5555555555555556,0.0,0.0,0.0,0.0,2002,clin,0.8
1,1,lr1e-04_bs16_modL1_fusion64_fusionL1_drop0p2_trmiss80_trlocclin,16,0.0001,1,64,1,0.2,lr1e-04_bs16_modL1_fusion64_fusionL1_drop0p2_trmiss80_trlocclin,5,0.6322059432665507,0.6962991754213969,0.6302521008403361,0.7823308170237063,0.5333333333333333,0.0,0.0,0.0,0.0,2002,clin,0.8
1,1,lr1e-04_bs16_modL1_fusion64_fusionL1_drop0p2_trmiss80_trlocclin,16,0.0001,1,64,1,0.2,lr1e-04_bs16_modL1_fusion64_fusionL1_drop0p2_trmiss80_trlocclin,6,0.6275848746299744,0.6937653422355652,0.6113445378151261,0.7682914020717678,0.6,0.0,0.0,0.0,0.0,2002,clin,0.8
1,1,lr1e-04_bs16_modL1_fusion64_fusionL1_drop0p2_trmiss80_trlocclin,16,0.0001,1,64,1,0.2,lr1e-04_bs16_modL1_fusion64_fusionL1_drop0p2_trmiss80_trlocclin,7,0.5933457985520363,0.6890960534413656,0.6071428571428572,0.7549219968610092,0.6222222222222222,0.0,0.0,0.0,0.0,2002,clin,0.8
1,1,lr1e-04_bs16_modL1_fusion64_fusionL1_drop0p2_trmiss80_trlocclin,16,0.0001,1,64,1,0.2,lr1e-04_bs16_modL1_fusion64_fusionL1_drop0p2_trmiss80_trlocclin,8,0.5896143764257431,0.6885126233100891,0.6428571428571428,0.7880827764443473,0.5555555555555556,0.0,0.0,0.0,0.0,2002,clin,0.8
1,1,lr1e-04_bs16_modL1_fusion64_fusionL1_drop0p2_trmiss80_trlocclin,16,0.0001,1,64,1,0.2,lr1e-04_bs16_modL1_fusion64_fusionL1_drop0p2_trmiss80_trlocclin,9,0.5721398045619329,0.6781968474388123,0.6407563025210083,0.7692941092657225,0.5333333333333333,0.0,0.0,0.0,0.0,2002,clin,0.8
1,1,lr1e-04_bs16_modL1_fusion64_fusionL1_drop0p2_trmiss80_trlocclin,16,0.0001,1,64,1,0.2,lr1e-04_bs16_modL1_fusion64_fusionL1_drop0p2_trmiss80_trlocclin,10,0.55926447113355,0.6679448882738749,0.657563025210084,0.791157471992398,0.5555555555555556,0.0,0.0,0.0,0.0,2002,clin,0.8
1,1,lr1e-04_bs16_modL1_fusion64_fusionL1_drop0p2_trmiss80_trlocclin,16,0.0001,1,64,1,0.2,lr1e-04_bs16_modL1_fusion64_fusionL1_drop0p2_trmiss80_trlocclin,11,0.5365543489654859,0.6699557503064474,0.6785714285714286,0.8118818920898366,0.5555555555555556,0.0,0.0,0.0,0.0,2002,clin,0.8
1,1,lr1e-04_bs16_modL1_fusion64_fusionL1_drop0p2_trmiss80_trlocclin,16,0.0001,1,64,1,0.2,lr1e-04_bs16_modL1_fusion64_fusionL1_drop0p2_trmiss80_trlocclin,12,0.513549454510212,0.667184313138326,0.6533613445378151,0.7803682025596188,0.5555555555555556,0.0,0.0,0.0,0.0,2002,clin,0.8
1,1,lr1e-04_bs16_modL1_fusion64_fusionL1_drop0p2_trmiss80_trlocclin,16,0.0001,1,64,1,0.2,lr1e-04_bs16_modL1_fusion64_fusionL1_drop0p2_trmiss80_trlocclin,13,0.49599065631628036,0.663902759552002,0.6386554621848739,0.7763167981134412,0.5333333333333333,0.0,0.0,0.0,0.0,2002,clin,0.8
1,1,lr1e-04_bs16_modL1_fusion64_fusionL1_drop0p2_trmiss80_trlocclin,16,0.0001,1,64,1,0.2,lr1e-04_bs16_modL1_fusion64_fusionL1_drop0p2_trmiss80_trlocclin,14,0.4647017444173495,0.658928116162618,0.6428571428571428,0.7758382280338508,0.6222222222222222,0.0,0.0,0.0,0.0,2002,clin,0.8
1,1,lr1e-04_bs16_modL1_fusion64_fusionL1_drop0p2_trmiss80_trlocclin,16,0.0001,1,64,1,0.2,lr1e-04_bs16_modL1_fusion64_fusionL1_drop0p2_trmiss80_trlocclin,15,0.491012083987395,0.6614061196645101,0.657563025210084,0.7633885440093949,0.5555555555555556,0.0,0.0,0.0,0.0,2002,clin,0.8
1,1,lr1e-04_bs16_modL1_fusion64_fusionL1_drop0p2_trmiss80_trlocclin,16,0.0001,1,64,1,0.2,lr1e-04_bs16_modL1_fusion64_fusionL1_drop0p2_trmiss80_trlocclin,16,0.46843360861142475,0.6597480177879333,0.6554621848739496,0.7655272220112399,0.6222222222222222,0.0,0.0,0.0,0.0,2002,clin,0.8
1,1,lr1e-04_bs16_modL1_fusion64_fusionL1_drop0p2_trmiss80_trlocclin,16,0.0001,1,64,1,0.2,lr1e-04_bs16_modL1_fusion64_fusionL1_drop0p2_trmiss80_trlocclin,17,0.4511670122543971,0.6581421295801798,0.6554621848739496,0.7669154151579194,0.6,0.0,0.0,0.0,0.0,2002,clin,0.8
1,1,lr1e-04_bs16_modL1_fusion64_fusionL1_drop0p2_trmiss80_trlocclin,16,0.0001,1,64,1,0.2,lr1e-04_bs16_modL1_fusion64_fusionL1_drop0p2_trmiss80_trlocclin,18,0.44880837698777515,0.6556580662727356,0.6386554621848739,0.7500592014700325,0.6222222222222222,0.0,0.0,0.0,0.0,2002,clin,0.8
1,1,lr1e-04_bs16_modL1_fusion64_fusionL1_drop0p2_trmiss80_trlocclin,16,0.0001,1,64,1,0.2,lr1e-04_bs16_modL1_fusion64_fusionL1_drop0p2_trmiss80_trlocclin,19,0.42814006904761,0.666056235631307,0.6176470588235294,0.7260905180248949,0.5777777777777777,0.0,0.0,0.0,0.0,2002,clin,0.8
1,1,lr1e-04_bs16_modL1_fusion64_fusionL1_drop0p2_trmiss80_trlocclin,16,0.0001,1,64,1,0.2,lr1e-04_bs16_modL1_fusion64_fusionL1_drop0p2_trmiss80_trlocclin,20,0.45678573350111645,0.6774630943934122,0.6113445378151261,0.7020492845351659,0.6,0.0,0.0,0.0,0.0,2002,clin,0.8
1,1,lr1e-04_bs16_modL1_fusion64_fusionL1_drop0p2_trmiss80_trlocclin,16,0.0001,1,64,1,0.2,lr1e-04_bs16_modL1_fusion64_fusionL1_drop0p2_trmiss80_trlocclin,21,0.4224909693002701,0.6732919216156006,0.6050420168067226,0.6736609873594768,0.6,0.0,0.0,0.0,0.0,2002,clin,0.8
1,1,lr1e-04_bs16_modL1_fusion64_fusionL1_drop0p2_trmiss80_trlocclin,16,0.0001,1,64,1,0.2,lr1e-04_bs16_modL1_fusion64_fusionL1_drop0p2_trmiss80_trlocclin,22,0.4337167888879776,0.6659385164578756,0.6365546218487395,0.7080817906838659,0.5777777777777777,0.0,0.0,0.0,0.0,2002,clin,0.8
1,1,lr1e-04_bs16_modL1_fusion64_fusionL1_drop0p2_trmiss80_trlocclin,16,0.0001,1,64,1,0.2,lr1e-04_bs16_modL1_fusion64_fusionL1_drop0p2_trmiss80_trlocclin,23,0.3961840594808261,0.6519963145256042,0.6512605042016807,0.7280830964479313,0.6222222222222222,0.0,0.0,0.0,0.0,2002,clin,0.8
1,1,lr1e-04_bs16_modL1_fusion64_fusionL1_drop0p2_trmiss80_trlocclin,16,0.0001,1,64,1,0.2,lr1e-04_bs16_modL1_fusion64_fusionL1_drop0p2_trmiss80_trlocclin,24,0.39435651898384094,0.657074511051178,0.6491596638655462,0.7233650427020804,0.6444444444444445,0.0,0.0,0.0,0.0,2002,clin,0.8
1,1,lr1e-04_bs16_modL1_fusion64_fusionL1_drop0p2_trmiss80_trlocclin,16,0.0001,1,64,1,0.2,lr1e-04_bs16_modL1_fusion64_fusionL1_drop0p2_trmiss80_trlocclin,25,0.3706017732620239,0.6520964701970419,0.6281512605042017,0.7033056369475894,0.6222222222222222,0.0,0.0,0.0,0.0,2002,clin,0.8
1,1,lr1e-04_bs16_modL1_fusion64_fusionL1_drop0p2_trmiss80_trlocclin,16,0.0001,1,64,1,0.2,lr1e-04_bs16_modL1_fusion64_fusionL1_drop0p2_trmiss80_trlocclin,26,0.37846963107585907,0.6648042996724447,0.6050420168067228,0.6799510932667219,0.6222222222222222,0.0,0.0,0.0,0.0,2002,clin,0.8
1,1,lr1e-04_bs16_modL1_fusion64_fusionL1_drop0p2_trmiss80_trlocclin,16,0.0001,1,64,1,0.2,lr1e-04_bs16_modL1_fusion64_fusionL1_drop0p2_trmiss80_trlocclin,27,0.36596765617529553,0.6659621000289917,0.6008403361344539,0.6837345677975546,0.6222222222222222,0.0,0.0,0.0,0.0,2002,clin,0.8
1,1,lr1e-04_bs16_modL1_fusion64_fusionL1_drop0p2_trmiss80_trlocclin,16,0.0001,1,64,1,0.2,lr1e-04_bs16_modL1_fusion64_fusionL1_drop0p2_trmiss80_trlocclin,28,0.34413375457127887,0.6595906813939413,0.611344537815126,0.6934096590036056,0.6444444444444445,0.0,0.0,0.0,0.0,2002,clin,0.8
1,1,lr1e-04_bs16_modL1_fusion64_fusionL1_drop0p2_trmiss80_trlocclin,16,0.0001,1,64,1,0.2,lr1e-04_bs16_modL1_fusion64_fusionL1_drop0p2_trmiss80_trlocclin,29,0.3309200083216031,0.6697366635004679,0.6029411764705882,0.6808780941218571,0.6666666666666666,0.0,0.0,0.0,0.0,2002,clin,0.8
1,1,lr1e-04_bs16_modL1_fusion64_fusionL1_drop0p2_trmiss80_trlocclin,16,0.0001,1,64,1,0.2,lr1e-04_bs16_modL1_fusion64_fusionL1_drop0p2_trmiss80_trlocclin,30,0.33381131539742154,0.66532035668691,0.6050420168067228,0.6811050673897967,0.6444444444444445,0.0,0.0,0.0,0.0,2002,clin,0.8
1,1,lr1e-04_bs16_modL1_fusion64_fusionL1_drop0p2_trmiss80_trlocclin,16,0.0001,1,64,1,0.2,lr1e-04_bs16_modL1_fusion64_fusionL1_drop0p2_trmiss80_trlocclin,31,0.3025054708123207,0.662855327129364,0.6050420168067226,0.6812561475863834,0.6666666666666666,0.0,0.0,0.0,0.0,2002,clin,0.8
1,1,lr1e-04_bs16_modL1_fusion64_fusionL1_drop0p1_trmiss80_trlocclin,16,0.0001,1,64,1,0.1,lr1e-04_bs16_modL1_fusion64_fusionL1_drop0p1_trmiss80_trlocclin,1,0.6729112913211187,0.6739388902982076,0.5567226890756303,0.7012456569943597,0.6,0.0,0.0,0.0,0.0,2002,clin,0.8
1,1,lr1e-04_bs16_modL1_fusion64_fusionL1_drop0p1_trmiss80_trlocclin,16,0.0001,1,64,1,0.1,lr1e-04_bs16_modL1_fusion64_fusionL1_drop0p1_trmiss80_trlocclin,2,0.6334305206934611,0.6605886816978455,0.5861344537815126,0.7273057004966752,0.6222222222222222,0.0,0.0,0.0,0.0,2002,clin,0.8
1,1,lr1e-04_bs16_modL1_fusion64_fusionL1_drop0p1_trmiss80_trlocclin,16,0.0001,1,64,1,0.1,lr1e-04_bs16_modL1_fusion64_fusionL1_drop0p1_trmiss80_trlocclin,3,0.5907112161318461,0.6534822781880697,0.6176470588235294,0.7434000792225823,0.6444444444444445,0.0,0.0,0.0,0.0,2002,clin,0.8
1,1,lr1e-04_bs16_modL1_fusion64_fusionL1_drop0p1_trmiss80_trlocclin,16,0.0001,1,64,1,0.1,lr1e-04_bs16_modL1_fusion64_fusionL1_drop0p1_trmiss80_trlocclin,4,0.5742720166842142,0.6446507374445597,0.6701680672268907,0.7630827271409985,0.6666666666666666,0.0,0.0,0.0,0.0,2002,clin,0.8
1,1,lr1e-04_bs16_modL1_fusion64_fusionL1_drop0p1_trmiss80_trlocclin,16,0.0001,1,64,1,0.1,lr1e-04_bs16_modL1_fusion64_fusionL1_drop0p1_trmiss80_trlocclin,5,0.5480703264474869,0.6441895365715027,0.6533613445378151,0.7432634568765786,0.6444444444444445,0.0,0.0,0.0,0.0,2002,clin,0.8
1,1,lr1e-04_bs16_modL1_fusion64_fusionL1_drop0p1_trmiss80_trlocclin,16,0.0001,1,64,1,0.1,lr1e-04_bs16_modL1_fusion64_fusionL1_drop0p1_trmiss80_trlocclin,6,0.5287874887386957,0.6436108549435934,0.6470588235294118,0.746896291157766,0.6,0.0,0.0,0.0,0.0,2002,clin,0.8
1,1,lr1e-04_bs16_modL1_fusion64_fusionL1_drop0p1_trmiss80_trlocclin,16,0.0001,1,64,1,0.1,lr1e-04_bs16_modL1_fusion64_fusionL1_drop0p1_trmiss80_trlocclin,7,0.5254534582297007,0.6434574921925863,0.6218487394957983,0.7262430779259593,0.6,0.0,0.0,0.0,0.0,2002,clin,0.8
1,1,lr1e-04_bs16_modL1_fusion64_fusionL1_drop0p1_trmiss80_trlocclin,16,0.0001,1,64,1,0.1,lr1e-04_bs16_modL1_fusion64_fusionL1_drop0p1_trmiss80_trlocclin,8,0.5148098592956861,0.6378824512163798,0.6491596638655462,0.7340964641566977,0.6444444444444445,0.0,0.0,0.0,0.0,2002,clin,0.8
1,1,lr1e-04_bs16_modL1_fusion64_fusionL1_drop0p1_trmiss80_trlocclin,16,0.0001,1,64,1,0.1,lr1e-04_bs16_modL1_fusion64_fusionL1_drop0p1_trmiss80_trlocclin,9,0.4816841458280881,0.6572654445966085,0.5924369747899161,0.6797918353869766,0.6,0.0,0.0,0.0,0.0,2002,clin,0.8
1,1,lr1e-04_bs16_modL1_fusion64_fusionL1_drop0p1_trmiss80_trlocclin,16,0.0001,1,64,1,0.1,lr1e-04_bs16_modL1_fusion64_fusionL1_drop0p1_trmiss80_trlocclin,10,0.45012055585781735,0.654680093129476,0.5840336134453781,0.6685811583046466,0.6666666666666666,0.0,0.0,0.0,0.0,2002,clin,0.8
1,1,lr1e-04_bs16_modL1_fusion64_fusionL1_drop0p1_trmiss80_trlocclin,16,0.0001,1,64,1,0.1,lr1e-04_bs16_modL1_fusion64_fusionL1_drop0p1_trmiss80_trlocclin,11,0.4659157445033391,0.6515247623125712,0.6092436974789917,0.68153047654121,0.6666666666666666,0.0,0.0,0.0,0.0,2002,clin,0.8
1,1,lr1e-04_bs16_modL1_fusion64_fusionL1_drop0p1_trmiss80_trlocclin,16,0.0001,1,64,1,0.1,lr1e-04_bs16_modL1_fusion64_fusionL1_drop0p1_trmiss80_trlocclin,12,0.4406510343154271,0.6586576302846273,0.6050420168067226,0.6923059329116883,0.6,0.0,0.0,0.0,0.0,2002,clin,0.8
1,1,lr1e-04_bs16_modL1_fusion64_fusionL1_drop0p1_trmiss80_trlocclin,16,0.0001,1,64,1,0.1,lr1e-04_bs16_modL1_fusion64_fusionL1_drop0p1_trmiss80_trlocclin,13,0.4178858771920204,0.6584199070930481,0.6113445378151261,0.6983290565561516,0.5777777777777777,0.0,0.0,0.0,0.0,2002,clin,0.8
1,1,lr1e-04_bs16_modL1_fusion64_fusionL1_drop0p1_trmiss80_trlocclin,16,0.0001,1,64,1,0.1,lr1e-04_bs16_modL1_fusion64_fusionL1_drop0p1_trmiss80_trlocclin,14,0.3912663012742996,0.665100634098053,0.5924369747899159,0.6782292429773303,0.5555555555555556,0.0,0.0,0.0,0.0,2002,clin,0.8
1,1,lr1e-04_bs16_modL1_fusion64_fusionL1_drop0p1_trmiss80_trlocclin,16,0.0001,1,64,1,0.1,lr1e-04_bs16_modL1_fusion64_fusionL1_drop0p1_trmiss80_trlocclin,15,0.3807114437222481,0.6594318350156149,0.6302521008403361,0.7063177611827236,0.6,0.0,0.0,0.0,0.0,2002,clin,0.8
1,1,lr1e-04_bs16_modL1_fusion64_fusionL1_drop0p1_trmiss80_trlocclin,16,0.0001,1,64,1,0.1,lr1e-04_bs16_modL1_fusion64_fusionL1_drop0p1_trmiss80_trlocclin,16,0.3751177291075389,0.6526410977045695,0.6050420168067228,0.7093362478295939,0.6222222222222222,0.0,0.0,0.0,0.0,2002,clin,0.8
1,1,lr1e-04_bs16_modL1_fusion64_fusionL1_drop0p1_trmiss80_trlocclin,16,0.0001,1,64,1,0.1,lr1e-04_bs16_modL1_fusion64_fusionL1_drop0p1_trmiss80_trlocclin,17,0.3810448919733365,0.6577229499816895,0.6092436974789915,0.6917973484681441,0.6,0.0,0.0,0.0,0.0,2002,clin,0.8
1,1,lr1e-04_bs16_modL1_fusion64_fusionL1_drop0p1_trmiss80_trlocclin,16,0.0001,1,64,1,0.1,lr1e-04_bs16_modL1_fusion64_fusionL1_drop0p1_trmiss80_trlocclin,18,0.3937247445185979,0.6632663011550903,0.615546218487395,0.6988832937161081,0.6222222222222222,0.0,0.0,0.0,0.0,2002,clin,0.8
1,1,lr1e-04_bs16_modL1_fusion64_fusionL1_drop0p1_trmiss80_trlocclin,16,0.0001,1,64,1,0.1,lr1e-04_bs16_modL1_fusion64_fusionL1_drop0p1_trmiss80_trlocclin,19,0.3510430504878362,0.6691719094912211,0.5840336134453782,0.6804191458968185,0.5777777777777777,0.0,0.0,0.0,0.0,2002,clin,0.8
1,1,lr1e-04_bs16_modL1_fusion64_fusionL1_drop0p1_trmiss80_trlocclin,16,0.0001,1,64,1,0.1,lr1e-04_bs16_modL1_fusion64_fusionL1_drop0p1_trmiss80_trlocclin,20,0.39202845344940823,0.6662940780321757,0.5672268907563025,0.6868247995870492,0.5777777777777777,0.0,0.0,0.0,0.0,2002,clin,0.8
1,1,lr1e-04_bs16_modL1_fusion64_fusionL1_drop0p1_trmiss80_trlocclin,16,0.0001,1,64,1,0.1,lr1e-04_bs16_modL1_fusion64_fusionL1_drop0p1_trmiss80_trlocclin,21,0.3757343888282776,0.6665657758712769,0.5777310924369748,0.6811047835787003,0.5777777777777777,0.0,0.0,0.0,0.0,2002,clin,0.8
1,1,lr1e-04_bs16_modL1_fusion64_fusionL1_drop0p1_trmiss80_trlocclin,16,0.0001,1,64,1,0.1,lr1e-04_bs16_modL1_fusion64_fusionL1_drop0p1_trmiss80_trlocclin,22,0.3465505267182986,0.6748062968254089,0.5651260504201682,0.6828949114236641,0.6,0.0,0.0,0.0,0.0,2002,clin,0.8
1,1,lr1e-04_bs16_modL1_fusion64_fusionL1_drop0p1_trmiss80_trlocclin,16,0.0001,1,64,1,0.1,lr1e-04_bs16_modL1_fusion64_fusionL1_drop0p1_trmiss80_trlocclin,23,0.34080202877521515,0.6852556467056274,0.5546218487394958,0.6731354040557145,0.6222222222222222,0.0,0.0,0.0,0.0,2002,clin,0.8
1,1,lr1e-04_bs16_modL1_fusion64_fusionL1_drop0p1_trmiss80_trlocclin,16,0.0001,1,64,1,0.1,lr1e-04_bs16_modL1_fusion64_fusionL1_drop0p1_trmiss80_trlocclin,24,0.33790039271116257,0.684806744257609,0.5525210084033614,0.662514595721177,0.6,0.0,0.0,0.0,0.0,2002,clin,0.8
1,1,lr5e-05_bs32_modL1_fusion32_fusionL1_drop0p2_trmiss80_trlocclin,32,5e-05,1,32,1,0.2,lr5e-05_bs32_modL1_fusion32_fusionL1_drop0p2_trmiss80_trlocclin,1,0.6949790219465891,0.6709842085838318,0.5903361344537815,0.7384214546437261,0.6444444444444445,0.0,0.0,0.0,0.0,2002,clin,0.8
1,1,lr5e-05_bs32_modL1_fusion32_fusionL1_drop0p2_trmiss80_trlocclin,32,5e-05,1,32,1,0.2,lr5e-05_bs32_modL1_fusion32_fusionL1_drop0p2_trmiss80_trlocclin,2,0.6685003240903219,0.6638823449611664,0.5945378151260503,0.7387462289768183,0.5555555555555556,0.0,0.0,0.0,0.0,2002,clin,0.8
1,1,lr5e-05_bs32_modL1_fusion32_fusionL1_drop0p2_trmiss80_trlocclin,32,5e-05,1,32,1,0.2,lr5e-05_bs32_modL1_fusion32_fusionL1_drop0p2_trmiss80_trlocclin,3,0.6596022645632426,0.6571521461009979,0.6008403361344538,0.7337657645229717,0.6222222222222222,0.0,0.0,0.0,0.0,2002,clin,0.8
1,1,lr5e-05_bs32_modL1_fusion32_fusionL1_drop0p2_trmiss80_trlocclin,32,5e-05,1,32,1,0.2,lr5e-05_bs32_modL1_fusion32_fusionL1_drop0p2_trmiss80_trlocclin,4,0.6497357288996378,0.6520711779594421,0.596638655462185,0.7176857431493315,0.5777777777777777,0.0,0.0,0.0,0.0,2002,clin,0.8
1,1,lr5e-05_bs32_modL1_fusion32_fusionL1_drop0p2_trmiss80_trlocclin,32,5e-05,1,32,1,0.2,lr5e-05_bs32_modL1_fusion32_fusionL1_drop0p2_trmiss80_trlocclin,5,0.6127990285555521,0.6466764509677887,0.6176470588235294,0.7479928579015966,0.6,0.0,0.0,0.0,0.0,2002,clin,0.8
1,1,lr5e-05_bs32_modL1_fusion32_fusionL1_drop0p2_trmiss80_trlocclin,32,5e-05,1,32,1,0.2,lr5e-05_bs32_modL1_fusion32_fusionL1_drop0p2_trmiss80_trlocclin,6,0.6165762344996134,0.64335036277771,0.634453781512605,0.7198738280737125,0.6,0.0,0.0,0.0,0.0,2002,clin,0.8
1,1,lr5e-05_bs32_modL1_fusion32_fusionL1_drop0p2_trmiss80_trlocclin,32,5e-05,1,32,1,0.2,lr5e-05_bs32_modL1_fusion32_fusionL1_drop0p2_trmiss80_trlocclin,7,0.612387994925181,0.6419643461704254,0.6239495798319328,0.7130335963511241,0.5777777777777777,0.0,0.0,0.0,0.0,2002,clin,0.8
1,1,lr5e-05_bs32_modL1_fusion32_fusionL1_drop0p2_trmiss80_trlocclin,32,5e-05,1,32,1,0.2,lr5e-05_bs32_modL1_fusion32_fusionL1_drop0p2_trmiss80_trlocclin,8,0.5933932960033417,0.6438107490539551,0.6302521008403361,0.7124246006974451,0.6222222222222222,0.0,0.0,0.0,0.0,2002,clin,0.8
1,1,lr5e-05_bs32_modL1_fusion32_fusionL1_drop0p2_trmiss80_trlocclin,32,5e-05,1,32,1,0.2,lr5e-05_bs32_modL1_fusion32_fusionL1_drop0p2_trmiss80_trlocclin,9,0.5855802098910013,0.6447822749614716,0.6428571428571429,0.7225979193744037,0.6222222222222222,0.0,0.0,0.0,0.0,2002,clin,0.8
1,1,lr5e-05_bs32_modL1_fusion32_fusionL1_drop0p2_trmiss80_trlocclin,32,5e-05,1,32,1,0.2,lr5e-05_bs32_modL1_fusion32_fusionL1_drop0p2_trmiss80_trlocclin,10,0.5705530742804209,0.6443698406219482,0.6470588235294117,0.723655732009433,0.6444444444444445,0.0,0.0,0.0,0.0,2002,clin,0.8
1,1,lr5e-05_bs32_modL1_fusion32_fusionL1_drop0p2_trmiss80_trlocclin,32,5e-05,1,32,1,0.2,lr5e-05_bs32_modL1_fusion32_fusionL1_drop0p2_trmiss80_trlocclin,11,0.5601358215014139,0.6438933312892914,0.6554621848739496,0.7337386126901777,0.6444444444444445,0.0,0.0,0.0,0.0,2002,clin,0.8
1,1,lr5e-05_bs32_modL1_fusion32_fusionL1_drop0p2_trmiss80_trlocclin,32,5e-05,1,32,1,0.2,lr5e-05_bs32_modL1_fusion32_fusionL1_drop0p2_trmiss80_trlocclin,12,0.557762990395228,0.6427226662635803,0.6428571428571428,0.7215599093461791,0.6444444444444445,0.0,0.0,0.0,0.0,2002,clin,0.8
1,1,lr5e-05_bs32_modL1_fusion32_fusionL1_drop0p2_trmiss80_trlocclin,32,5e-05,1,32,1,0.2,lr5e-05_bs32_modL1_fusion32_fusionL1_drop0p2_trmiss80_trlocclin,13,0.541703924536705,0.64018914103508,0.6407563025210083,0.7358840481203557,0.5777777777777777,0.0,0.0,0.0,0.0,2002,clin,0.8
1,1,lr5e-05_bs32_modL1_fusion32_fusionL1_drop0p2_trmiss80_trlocclin,32,5e-05,1,32,1,0.2,lr5e-05_bs32_modL1_fusion32_fusionL1_drop0p2_trmiss80_trlocclin,14,0.5662068724632263,0.6387795805931091,0.634453781512605,0.7188675643748267,0.5777777777777777,0.0,0.0,0.0,0.0,2002,clin,0.8
1,1,lr5e-05_bs32_modL1_fusion32_fusionL1_drop0p2_trmiss80_trlocclin,32,5e-05,1,32,1,0.2,lr5e-05_bs32_modL1_fusion32_fusionL1_drop0p2_trmiss80_trlocclin,15,0.5247692068417867,0.6370386779308319,0.6491596638655462,0.7298954923155855,0.5777777777777777,0.0,0.0,0.0,0.0,2002,clin,0.8
1,1,lr5e-05_bs32_modL1_fusion32_fusionL1_drop0p2_trmiss80_trlocclin,32,5e-05,1,32,1,0.2,lr5e-05_bs32_modL1_fusion32_fusionL1_drop0p2_trmiss80_trlocclin,16,0.5263430078824362,0.6380010843276978,0.6596638655462185,0.7231073817457433,0.6,0.0,0.0,0.0,0.0,2002,clin,0.8
1,1,lr5e-05_bs32_modL1_fusion32_fusionL1_drop0p2_trmiss80_trlocclin,32,5e-05,1,32,1,0.2,lr5e-05_bs32_modL1_fusion32_fusionL1_drop0p2_trmiss80_trlocclin,17,0.5213546852270762,0.6379976272583008,0.6701680672268908,0.7223477343645333,0.6,0.0,0.0,0.0,0.0,2002,clin,0.8
1,1,lr5e-05_bs32_modL1_fusion32_fusionL1_drop0p2_trmiss80_trlocclin,32,5e-05,1,32,1,0.2,lr5e-05_bs32_modL1_fusion32_fusionL1_drop0p2_trmiss80_trlocclin,18,0.5163348317146301,0.6374011039733887,0.6533613445378151,0.7262058908824018,0.5777777777777777,0.0,0.0,0.0,0.0,2002,clin,0.8
1,1,lr5e-05_bs32_modL1_fusion32_fusionL1_drop0p2_trmiss80_trlocclin,32,5e-05,1,32,1,0.2,lr5e-05_bs32_modL1_fusion32_fusionL1_drop0p2_trmiss80_trlocclin,19,0.4997064918279648,0.6371358931064606,0.6449579831932774,0.7181587956142111,0.5777777777777777,0.0,0.0,0.0,0.0,2002,clin,0.8
1,1,lr5e-05_bs32_modL1_fusion32_fusionL1_drop0p2_trmiss80_trlocclin,32,5e-05,1,32,1,0.2,lr5e-05_bs32_modL1_fusion32_fusionL1_drop0p2_trmiss80_trlocclin,20,0.5028054614861807,0.6360172629356384,0.6323529411764707,0.6939644468981693,0.6,0.0,0.0,0.0,0.0,2002,clin,0.8
1,1,lr5e-05_bs32_modL1_fusion32_fusionL1_drop0p2_trmiss80_trlocclin,32,5e-05,1,32,1,0.2,lr5e-05_bs32_modL1_fusion32_fusionL1_drop0p2_trmiss80_trlocclin,21,0.47580233712991077,0.6338308453559875,0.6386554621848739,0.6947806202852224,0.5777777777777777,0.0,0.0,0.0,0.0,2002,clin,0.8
1,1,lr5e-05_bs32_modL1_fusion32_fusionL1_drop0p2_trmiss80_trlocclin,32,5e-05,1,32,1,0.2,lr5e-05_bs32_modL1_fusion32_fusionL1_drop0p2_trmiss80_trlocclin,22,0.4901108294725418,0.6328403055667877,0.6218487394957983,0.7025018324950457,0.5777777777777777,0.0,0.0,0.0,0.0,2002,clin,0.8
1,1,lr5e-05_bs32_modL1_fusion32_fusionL1_drop0p2_trmiss80_trlocclin,32,5e-05,1,32,1,0.2,lr5e-05_bs32_modL1_fusion32_fusionL1_drop0p2_trmiss80_trlocclin,23,0.4856898635625839,0.6354148685932159,0.615546218487395,0.683612591239042,0.5777777777777777,0.0,0.0,0.0,0.0,2002,clin,0.8
1,1,lr5e-05_bs32_modL1_fusion32_fusionL1_drop0p2_trmiss80_trlocclin,32,5e-05,1,32,1,0.2,lr5e-05_bs32_modL1_fusion32_fusionL1_drop0p2_trmiss80_trlocclin,24,0.4504394332567851,0.635612428188324,0.611344537815126,0.680233684157505,0.6,0.0,0.0,0.0,0.0,2002,clin,0.8
1,1,lr5e-05_bs32_modL1_fusion32_fusionL1_drop0p2_trmiss80_trlocclin,32,5e-05,1,32,1,0.2,lr5e-05_bs32_modL1_fusion32_fusionL1_drop0p2_trmiss80_trlocclin,25,0.4713568240404129,0.6389798223972321,0.5945378151260504,0.6682196919325153,0.5333333333333333,0.0,0.0,0.0,0.0,2002,clin,0.8
1,1,lr5e-05_bs32_modL1_fusion32_fusionL1_drop0p2_trmiss80_trlocclin,32,5e-05,1,32,1,0.2,lr5e-05_bs32_modL1_fusion32_fusionL1_drop0p2_trmiss80_trlocclin,26,0.46143821875254315,0.635836273431778,0.5987394957983194,0.6875941083657552,0.5555555555555556,0.0,0.0,0.0,0.0,2002,clin,0.8
1,1,lr5e-05_bs32_modL1_fusion32_fusionL1_drop0p2_trmiss80_trlocclin,32,5e-05,1,32,1,0.2,lr5e-05_bs32_modL1_fusion32_fusionL1_drop0p2_trmiss80_trlocclin,27,0.4744086017211278,0.6315052211284637,0.6071428571428572,0.6934815116078475,0.5777777777777777,0.0,0.0,0.0,0.0,2002,clin,0.8
1,1,lr5e-05_bs32_modL1_fusion32_fusionL1_drop0p2_trmiss80_trlocclin,32,5e-05,1,32,1,0.2,lr5e-05_bs32_modL1_fusion32_fusionL1_drop0p2_trmiss80_trlocclin,28,0.45748040080070496,0.6313104331493378,0.6113445378151261,0.6941273728291342,0.5555555555555556,0.0,0.0,0.0,0.0,2002,clin,0.8
1,1,lr5e-05_bs32_modL1_fusion32_fusionL1_drop0p2_trmiss80_trlocclin,32,5e-05,1,32,1,0.2,lr5e-05_bs32_modL1_fusion32_fusionL1_drop0p2_trmiss80_trlocclin,29,0.4482322384913762,0.6306515038013458,0.6218487394957983,0.7016885887610913,0.5555555555555556,0.0,0.0,0.0,0.0,2002,clin,0.8
1,1,lr5e-05_bs32_modL1_fusion32_fusionL1_drop0p2_trmiss80_trlocclin,32,5e-05,1,32,1,0.2,lr5e-05_bs32_modL1_fusion32_fusionL1_drop0p2_trmiss80_trlocclin,30,0.44077835480372113,0.6291826963424683,0.6092436974789915,0.7111934904262717,0.6,0.0,0.0,0.0,0.0,2002,clin,0.8
1,1,lr5e-05_bs32_modL1_fusion32_fusionL1_drop0p2_trmiss80_trlocclin,32,5e-05,1,32,1,0.2,lr5e-05_bs32_modL1_fusion32_fusionL1_drop0p2_trmiss80_trlocclin,31,0.4257649431626002,0.6301442384719849,0.6008403361344538,0.7020631707268795,0.5777777777777777,0.0,0.0,0.0,0.0,2002,clin,0.8
1,1,lr5e-05_bs32_modL1_fusion32_fusionL1_drop0p2_trmiss80_trlocclin,32,5e-05,1,32,1,0.2,lr5e-05_bs32_modL1_fusion32_fusionL1_drop0p2_trmiss80_trlocclin,32,0.433208425839742,0.6289286017417908,0.5987394957983192,0.7012082577089369,0.6,0.0,0.0,0.0,0.0,2002,clin,0.8
1,1,lr5e-05_bs32_modL1_fusion32_fusionL1_drop0p2_trmiss80_trlocclin,32,5e-05,1,32,1,0.2,lr5e-05_bs32_modL1_fusion32_fusionL1_drop0p2_trmiss80_trlocclin,33,0.4371512134869893,0.6317300498485565,0.5861344537815126,0.6814611076516365,0.5555555555555556,0.0,0.0,0.0,0.0,2002,clin,0.8
1,1,lr5e-05_bs32_modL1_fusion32_fusionL1_drop0p2_trmiss80_trlocclin,32,5e-05,1,32,1,0.2,lr5e-05_bs32_modL1_fusion32_fusionL1_drop0p2_trmiss80_trlocclin,34,0.42473385234673816,0.6311594843864441,0.5945378151260505,0.681678687884973,0.6,0.0,0.0,0.0,0.0,2002,clin,0.8
1,1,lr5e-05_bs32_modL1_fusion32_fusionL1_drop0p2_trmiss80_trlocclin,32,5e-05,1,32,1,0.2,lr5e-05_bs32_modL1_fusion32_fusionL1_drop0p2_trmiss80_trlocclin,35,0.4223916133244832,0.6319358050823212,0.592436974789916,0.6799265316266858,0.6222222222222222,0.0,0.0,0.0,0.0,2002,clin,0.8
1,1,lr5e-05_bs32_modL1_fusion32_fusionL1_drop0p2_trmiss80_trlocclin,32,5e-05,1,32,1,0.2,lr5e-05_bs32_modL1_fusion32_fusionL1_drop0p2_trmiss80_trlocclin,36,0.4056258201599121,0.6324873268604279,0.5945378151260505,0.6812218658167569,0.6222222222222222,0.0,0.0,0.0,0.0,2002,clin,0.8
1,1,lr5e-05_bs32_modL1_fusion32_fusionL1_drop0p2_trmiss80_trlocclin,32,5e-05,1,32,1,0.2,lr5e-05_bs32_modL1_fusion32_fusionL1_drop0p2_trmiss80_trlocclin,37,0.42381328841050464,0.6318190395832062,0.5903361344537815,0.6832052728159203,0.5777777777777777,0.0,0.0,0.0,0.0,2002,clin,0.8
1,1,lr5e-05_bs32_modL1_fusion32_fusionL1_drop0p1_trmiss80_trlocclin,32,5e-05,1,32,1,0.1,lr5e-05_bs32_modL1_fusion32_fusionL1_drop0p1_trmiss80_trlocclin,1,0.7546022534370422,0.70859494805336,0.546218487394958,0.6986139458144465,0.4,0.0,0.0,0.0,0.0,2002,clin,0.8
1,1,lr5e-05_bs32_modL1_fusion32_fusionL1_drop0p1_trmiss80_trlocclin,32,5e-05,1,32,1,0.1,lr5e-05_bs32_modL1_fusion32_fusionL1_drop0p1_trmiss80_trlocclin,2,0.7278927763303121,0.7149130702018738,0.5336134453781513,0.6913680741683259,0.37777777777777777,0.0,0.0,0.0,0.0,2002,clin,0.8
1,1,lr5e-05_bs32_modL1_fusion32_fusionL1_drop0p1_trmiss80_trlocclin,32,5e-05,1,32,1,0.1,lr5e-05_bs32_modL1_fusion32_fusionL1_drop0p1_trmiss80_trlocclin,3,0.7043002446492513,0.7190492451190948,0.5378151260504201,0.7266627854656146,0.4888888888888889,0.0,0.0,0.0,0.0,2002,clin,0.8
1,1,lr5e-05_bs32_modL1_fusion32_fusionL1_drop0p1_trmiss80_trlocclin,32,5e-05,1,32,1,0.1,lr5e-05_bs32_modL1_fusion32_fusionL1_drop0p1_trmiss80_trlocclin,4,0.6734367907047272,0.7200526595115662,0.542016806722689,0.7344040405930783,0.4888888888888889,0.0,0.0,0.0,0.0,2002,clin,0.8
1,1,lr5e-05_bs32_modL1_fusion32_fusionL1_drop0p1_trmiss80_trlocclin,32,5e-05,1,32,1,0.1,lr5e-05_bs32_modL1_fusion32_fusionL1_drop0p1_trmiss80_trlocclin,5,0.6807065506776174,0.7187938094139099,0.5525210084033613,0.7331611293343906,0.4888888888888889,0.0,0.0,0.0,0.0,2002,clin,0.8
1,1,lr5e-05_bs32_modL1_fusion32_fusionL1_drop0p1_trmiss80_trlocclin,32,5e-05,1,32,1,0.1,lr5e-05_bs32_modL1_fusion32_fusionL1_drop0p1_trmiss80_trlocclin,6,0.6543036897977194,0.7146876752376556,0.5609243697478992,0.7354245674599383,0.5111111111111111,0.0,0.0,0.0,0.0,2002,clin,0.8
1,1,lr5e-05_bs32_modL1_fusion32_fusionL1_drop0p1_trmiss80_trlocclin,32,5e-05,1,32,1,0.1,lr5e-05_bs32_modL1_fusion32_fusionL1_drop0p1_trmiss80_trlocclin,7,0.6434840857982635,0.7118179500102997,0.5798319327731093,0.7421711392153105,0.4666666666666667,0.0,0.0,0.0,0.0,2002,clin,0.8
1,1,lr5e-05_bs32_modL1_fusion32_fusionL1_drop0p1_trmiss80_trlocclin,32,5e-05,1,32,1,0.1,lr5e-05_bs32_modL1_fusion32_fusionL1_drop0p1_trmiss80_trlocclin,8,0.6336724062760671,0.7143983244895935,0.5735294117647058,0.7293548956250205,0.4666666666666667,0.0,0.0,0.0,0.0,2002,clin,0.8
1,1,lr5e-05_bs32_modL1_fusion32_fusionL1_drop0p1_trmiss80_trlocclin,32,5e-05,1,32,1,0.1,lr5e-05_bs32_modL1_fusion32_fusionL1_drop0p1_trmiss80_trlocclin,9,0.6394782165686289,0.7115173637866974,0.5798319327731092,0.7297657345823018,0.4666666666666667,0.0,0.0,0.0,0.0,2002,clin,0.8
1,1,lr5e-05_bs32_modL1_fusion32_fusionL1_drop0p1_trmiss80_trlocclin,32,5e-05,1,32,1,0.1,lr5e-05_bs32_modL1_fusion32_fusionL1_drop0p1_trmiss80_trlocclin,10,0.6168374220530192,0.7109315991401672,0.5840336134453782,0.7359512088107363,0.4666666666666667,0.0,0.0,0.0,0.0,2002,clin,0.8
1,1,lr5e-05_bs32_modL1_fusion32_fusionL1_drop0p1_trmiss80_trlocclin,32,5e-05,1,32,1,0.1,lr5e-05_bs32_modL1_fusion32_fusionL1_drop0p1_trmiss80_trlocclin,11,0.6043186783790588,0.7063309848308563,0.5945378151260504,0.7394209193966592,0.4888888888888889,0.0,0.0,0.0,0.0,2002,clin,0.8
1,1,lr5e-05_bs32_modL1_fusion32_fusionL1_drop0p1_trmiss80_trlocclin,32,5e-05,1,32,1,0.1,lr5e-05_bs32_modL1_fusion32_fusionL1_drop0p1_trmiss80_trlocclin,12,0.6013183097044627,0.7066484987735748,0.5945378151260504,0.7334992992266355,0.4666666666666667,0.0,0.0,0.0,0.0,2002,clin,0.8
1,1,lr5e-05_bs32_modL1_fusion32_fusionL1_drop0p1_trmiss80_trlocclin,32,5e-05,1,32,1,0.1,lr5e-05_bs32_modL1_fusion32_fusionL1_drop0p1_trmiss80_trlocclin,13,0.5900668700536092,0.7081615030765533,0.592436974789916,0.7295062684478906,0.4666666666666667,0.0,0.0,0.0,0.0,2002,clin,0.8
1,1,lr5e-05_bs32_modL1_fusion32_fusionL1_drop0p1_trmiss80_trlocclin,32,5e-05,1,32,1,0.1,lr5e-05_bs32_modL1_fusion32_fusionL1_drop0p1_trmiss80_trlocclin,14,0.6125435133775076,0.7090299129486084,0.5798319327731092,0.7157481538660254,0.4888888888888889,0.0,0.0,0.0,0.0,2002,clin,0.8
1,1,lr5e-05_bs32_modL1_fusion32_fusionL1_drop0p1_trmiss80_trlocclin,32,5e-05,1,32,1,0.1,lr5e-05_bs32_modL1_fusion32_fusionL1_drop0p1_trmiss80_trlocclin,15,0.5955970088640848,0.706826776266098,0.5882352941176471,0.7115870620998916,0.4666666666666667,0.0,0.0,0.0,0.0,2002,clin,0.8
1,1,lr5e-05_bs32_modL1_fusion32_fusionL1_drop0p1_trmiss80_trlocclin,32,5e-05,1,32,1,0.1,lr5e-05_bs32_modL1_fusion32_fusionL1_drop0p1_trmiss80_trlocclin,16,0.5954332451025645,0.7004379332065582,0.5987394957983192,0.7239580276589482,0.4666666666666667,0.0,0.0,0.0,0.0,2002,clin,0.8
1,1,lr5e-05_bs32_modL1_fusion32_fusionL1_drop0p1_trmiss80_trlocclin,32,5e-05,1,32,1,0.1,lr5e-05_bs32_modL1_fusion32_fusionL1_drop0p1_trmiss80_trlocclin,17,0.578177938858668,0.7017658352851868,0.6113445378151261,0.7314162907710439,0.4666666666666667,0.0,0.0,0.0,0.0,2002,clin,0.8
1,1,lr5e-05_bs32_modL1_fusion32_fusionL1_drop0p1_trmiss80_trlocclin,32,5e-05,1,32,1,0.1,lr5e-05_bs32_modL1_fusion32_fusionL1_drop0p1_trmiss80_trlocclin,18,0.5695666074752808,0.7021157443523407,0.6029411764705883,0.7209719887414012,0.4666666666666667,0.0,0.0,0.0,0.0,2002,clin,0.8
1,1,lr5e-05_bs32_modL1_fusion32_fusionL1_drop0p1_trmiss80_trlocclin,32,5e-05,1,32,1,0.1,lr5e-05_bs32_modL1_fusion32_fusionL1_drop0p1_trmiss80_trlocclin,19,0.5758346915245056,0.7013665735721588,0.6008403361344539,0.7188780171814855,0.4444444444444444,0.0,0.0,0.0,0.0,2002,clin,0.8
1,1,lr5e-05_bs32_modL1_fusion32_fusionL1_drop0p1_trmiss80_trlocclin,32,5e-05,1,32,1,0.1,lr5e-05_bs32_modL1_fusion32_fusionL1_drop0p1_trmiss80_trlocclin,20,0.5645569463570913,0.6984064877033234,0.6113445378151261,0.7246491303138087,0.4444444444444444,0.0,0.0,0.0,0.0,2002,clin,0.8
1,1,lr5e-05_bs32_modL1_fusion32_fusionL1_drop0p1_trmiss80_trlocclin,32,5e-05,1,32,1,0.1,lr5e-05_bs32_modL1_fusion32_fusionL1_drop0p1_trmiss80_trlocclin,21,0.5578920443852743,0.6989338099956512,0.6092436974789917,0.7215638332500571,0.4444444444444444,0.0,0.0,0.0,0.0,2002,clin,0.8
1,1,lr5e-05_bs32_modL1_fusion32_fusionL1_drop0p1_trmiss80_trlocclin,32,5e-05,1,32,1,0.1,lr5e-05_bs32_modL1_fusion32_fusionL1_drop0p1_trmiss80_trlocclin,22,0.5574305554231008,0.7024610042572021,0.6092436974789915,0.7243343302771811,0.4444444444444444,0.0,0.0,0.0,0.0,2002,clin,0.8
1,1,lr5e-05_bs32_modL1_fusion32_fusionL1_drop0p1_trmiss80_trlocclin,32,5e-05,1,32,1,0.1,lr5e-05_bs32_modL1_fusion32_fusionL1_drop0p1_trmiss80_trlocclin,23,0.567313532034556,0.7019813060760498,0.6113445378151261,0.7274331803518376,0.4222222222222222,0.0,0.0,0.0,0.0,2002,clin,0.8
1,1,lr5e-05_bs32_modL1_fusion32_fusionL1_drop0p1_trmiss80_trlocclin,32,5e-05,1,32,1,0.1,lr5e-05_bs32_modL1_fusion32_fusionL1_drop0p1_trmiss80_trlocclin,24,0.5479152500629425,0.6993851363658905,0.6092436974789917,0.7126948875247815,0.4222222222222222,0.0,0.0,0.0,0.0,2002,clin,0.8
1,1,lr5e-05_bs32_modL1_fusion32_fusionL1_drop0p1_trmiss80_trlocclin,32,5e-05,1,32,1,0.1,lr5e-05_bs32_modL1_fusion32_fusionL1_drop0p1_trmiss80_trlocclin,25,0.5474339226881663,0.6976735889911652,0.615546218487395,0.724727756377043,0.4222222222222222,0.0,0.0,0.0,0.0,2002,clin,0.8
1,1,lr5e-05_bs32_modL1_fusion32_fusionL1_drop0p1_trmiss80_trlocclin,32,5e-05,1,32,1,0.1,lr5e-05_bs32_modL1_fusion32_fusionL1_drop0p1_trmiss80_trlocclin,26,0.5263983209927877,0.6971118152141571,0.6176470588235294,0.7166294422583499,0.4,0.0,0.0,0.0,0.0,2002,clin,0.8
1,1,lr5e-05_bs32_modL1_fusion32_fusionL1_drop0p1_trmiss80_trlocclin,32,5e-05,1,32,1,0.1,lr5e-05_bs32_modL1_fusion32_fusionL1_drop0p1_trmiss80_trlocclin,27,0.5303816397984823,0.6980030238628387,0.6050420168067228,0.7061551930060159,0.37777777777777777,0.0,0.0,0.0,0.0,2002,clin,0.8
1,1,lr5e-05_bs32_modL1_fusion32_fusionL1_drop0p1_trmiss80_trlocclin,32,5e-05,1,32,1,0.1,lr5e-05_bs32_modL1_fusion32_fusionL1_drop0p1_trmiss80_trlocclin,28,0.5257822970549265,0.6963735520839691,0.6092436974789917,0.7079009877230319,0.4222222222222222,0.0,0.0,0.0,0.0,2002,clin,0.8
1,1,lr5e-05_bs32_modL1_fusion32_fusionL1_drop0p1_trmiss80_trlocclin,32,5e-05,1,32,1,0.1,lr5e-05_bs32_modL1_fusion32_fusionL1_drop0p1_trmiss80_trlocclin,29,0.5250612696011862,0.6945481896400452,0.6029411764705883,0.703788536524299,0.4,0.0,0.0,0.0,0.0,2002,clin,0.8
1,1,lr5e-05_bs32_modL1_fusion32_fusionL1_drop0p1_trmiss80_trlocclin,32,5e-05,1,32,1,0.1,lr5e-05_bs32_modL1_fusion32_fusionL1_drop0p1_trmiss80_trlocclin,30,0.5177919069925944,0.6943467557430267,0.6071428571428572,0.7023462473849728,0.4222222222222222,0.0,0.0,0.0,0.0,2002,clin,0.8
1,1,lr5e-05_bs32_modL1_fusion32_fusionL1_drop0p1_trmiss80_trlocclin,32,5e-05,1,32,1,0.1,lr5e-05_bs32_modL1_fusion32_fusionL1_drop0p1_trmiss80_trlocclin,31,0.5211673229932785,0.6987814903259277,0.5882352941176471,0.6924178292326497,0.4444444444444444,0.0,0.0,0.0,0.0,2002,clin,0.8
1,1,lr5e-05_bs32_modL1_fusion32_fusionL1_drop0p1_trmiss80_trlocclin,32,5e-05,1,32,1,0.1,lr5e-05_bs32_modL1_fusion32_fusionL1_drop0p1_trmiss80_trlocclin,32,0.5047241697708765,0.6979664266109467,0.5945378151260503,0.6986250374484011,0.4222222222222222,0.0,0.0,0.0,0.0,2002,clin,0.8
1,1,lr5e-05_bs32_modL1_fusion32_fusionL1_drop0p1_trmiss80_trlocclin,32,5e-05,1,32,1,0.1,lr5e-05_bs32_modL1_fusion32_fusionL1_drop0p1_trmiss80_trlocclin,33,0.5110509345928828,0.6986685395240784,0.5945378151260504,0.6990015741599002,0.4,0.0,0.0,0.0,0.0,2002,clin,0.8
1,1,lr5e-05_bs32_modL1_fusion32_fusionL1_drop0p1_trmiss80_trlocclin,32,5e-05,1,32,1,0.1,lr5e-05_bs32_modL1_fusion32_fusionL1_drop0p1_trmiss80_trlocclin,34,0.536128302415212,0.701045036315918,0.6029411764705882,0.7051441529513468,0.4,0.0,0.0,0.0,0.0,2002,clin,0.8
1,1,lr5e-05_bs32_modL1_fusion32_fusionL1_drop0p1_trmiss80_trlocclin,32,5e-05,1,32,1,0.1,lr5e-05_bs32_modL1_fusion32_fusionL1_drop0p1_trmiss80_trlocclin,35,0.5057873775561651,0.6983771026134491,0.6071428571428571,0.702537393258403,0.4,0.0,0.0,0.0,0.0,2002,clin,0.8
1,1,lr5e-05_bs32_modL1_fusion32_fusionL1_drop0p1_trmiss80_trlocclin,32,5e-05,1,32,1,0.1,lr5e-05_bs32_modL1_fusion32_fusionL1_drop0p1_trmiss80_trlocclin,36,0.4962059905131658,0.7030728757381439,0.6029411764705882,0.7037239285967242,0.4222222222222222,0.0,0.0,0.0,0.0,2002,clin,0.8
1,1,lr5e-05_bs32_modL1_fusion32_fusionL1_drop0p1_trmiss80_trlocclin,32,5e-05,1,32,1,0.1,lr5e-05_bs32_modL1_fusion32_fusionL1_drop0p1_trmiss80_trlocclin,37,0.501412163178126,0.7011944353580475,0.6029411764705882,0.7093375252631859,0.4222222222222222,0.0,0.0,0.0,0.0,2002,clin,0.8
1,1,lr5e-05_bs32_modL1_fusion32_fusionL1_drop0p1_trmiss80_trlocclin,32,5e-05,1,32,1,0.1,lr5e-05_bs32_modL1_fusion32_fusionL1_drop0p1_trmiss80_trlocclin,38,0.498452623685201,0.6991859376430511,0.5987394957983193,0.7072708666812472,0.4222222222222222,0.0,0.0,0.0,0.0,2002,clin,0.8
1,1,lr5e-05_bs32_modL1_fusion32_fusionL1_drop0p1_trmiss80_trlocclin,32,5e-05,1,32,1,0.1,lr5e-05_bs32_modL1_fusion32_fusionL1_drop0p1_trmiss80_trlocclin,39,0.4856453786293666,0.7024410367012024,0.592436974789916,0.7031950131663489,0.4222222222222222,0.0,0.0,0.0,0.0,2002,clin,0.8
1,1,lr5e-05_bs32_modL1_fusion32_fusionL1_drop0p1_trmiss80_trlocclin,32,5e-05,1,32,1,0.1,lr5e-05_bs32_modL1_fusion32_fusionL1_drop0p1_trmiss80_trlocclin,40,0.494236355026563,0.7021738588809967,0.5903361344537816,0.7018557274520633,0.4222222222222222,0.0,0.0,0.0,0.0,2002,clin,0.8
1,1,lr5e-05_bs32_modL1_fusion32_fusionL1_drop0p1_trmiss80_trlocclin,32,5e-05,1,32,1,0.1,lr5e-05_bs32_modL1_fusion32_fusionL1_drop0p1_trmiss80_trlocclin,41,0.4919453412294388,0.700670063495636,0.5819327731092436,0.6950016226034684,0.4222222222222222,0.0,0.0,0.0,0.0,2002,clin,0.8
1,1,lr5e-05_bs32_modL1_fusion32_fusionL1_drop0p1_trmiss80_trlocclin,32,5e-05,1,32,1,0.1,lr5e-05_bs32_modL1_fusion32_fusionL1_drop0p1_trmiss80_trlocclin,42,0.49329420427481335,0.7042884528636932,0.5756302521008403,0.6870786240819796,0.4222222222222222,0.0,0.0,0.0,0.0,2002,clin,0.8
1,1,lr5e-05_bs32_modL1_fusion32_fusionL1_drop0p1_trmiss80_trlocclin,32,5e-05,1,32,1,0.1,lr5e-05_bs32_modL1_fusion32_fusionL1_drop0p1_trmiss80_trlocclin,43,0.4832172890504201,0.7034980356693268,0.5714285714285714,0.6842636444963043,0.4222222222222222,0.0,0.0,0.0,0.0,2002,clin,0.8
1,1,lr5e-05_bs32_modL1_fusion32_fusionL1_drop0p1_trmiss80_trlocclin,32,5e-05,1,32,1,0.1,lr5e-05_bs32_modL1_fusion32_fusionL1_drop0p1_trmiss80_trlocclin,44,0.48913923899332684,0.7008344829082489,0.5735294117647058,0.687868060400597,0.4222222222222222,0.0,0.0,0.0,0.0,2002,clin,0.8
1,1,lr5e-05_bs32_modL1_fusion32_fusionL1_drop0p1_trmiss80_trlocclin,32,5e-05,1,32,1,0.1,lr5e-05_bs32_modL1_fusion32_fusionL1_drop0p1_trmiss80_trlocclin,45,0.5026236375172933,0.7027024030685425,0.5777310924369747,0.690350862464512,0.4,0.0,0.0,0.0,0.0,2002,clin,0.8
1,1,lr5e-05_bs32_modL1_fusion32_fusionL1_drop0p1_trmiss80_trlocclin,32,5e-05,1,32,1,0.1,lr5e-05_bs32_modL1_fusion32_fusionL1_drop0p1_trmiss80_trlocclin,46,0.4780045847098033,0.7053293585777283,0.5735294117647058,0.6916309204397176,0.4444444444444444,0.0,0.0,0.0,0.0,2002,clin,0.8
1,1,lr5e-05_bs32_modL1_fusion64_fusionL1_drop0p2_trmiss80_trlocclin,32,5e-05,1,64,1,0.2,lr5e-05_bs32_modL1_fusion64_fusionL1_drop0p2_trmiss80_trlocclin,1,0.7782719135284424,0.7072845697402954,0.5126050420168067,0.6852582017030431,0.4,0.0,0.0,0.0,0.0,2002,clin,0.8
1,1,lr5e-05_bs32_modL1_fusion64_fusionL1_drop0p2_trmiss80_trlocclin,32,5e-05,1,64,1,0.2,lr5e-05_bs32_modL1_fusion64_fusionL1_drop0p2_trmiss80_trlocclin,2,0.7526396711667379,0.7121242880821228,0.5378151260504201,0.6872049794747671,0.4444444444444444,0.0,0.0,0.0,0.0,2002,clin,0.8
1,1,lr5e-05_bs32_modL1_fusion64_fusionL1_drop0p2_trmiss80_trlocclin,32,5e-05,1,64,1,0.2,lr5e-05_bs32_modL1_fusion64_fusionL1_drop0p2_trmiss80_trlocclin,3,0.7224292159080505,0.7145154774188995,0.5378151260504203,0.6897256507359131,0.4666666666666667,0.0,0.0,0.0,0.0,2002,clin,0.8
1,1,lr5e-05_bs32_modL1_fusion64_fusionL1_drop0p2_trmiss80_trlocclin,32,5e-05,1,64,1,0.2,lr5e-05_bs32_modL1_fusion64_fusionL1_drop0p2_trmiss80_trlocclin,4,0.7078101138273875,0.7170257568359375,0.569327731092437,0.709233242662455,0.4888888888888889,0.0,0.0,0.0,0.0,2002,clin,0.8
1,1,lr5e-05_bs32_modL1_fusion64_fusionL1_drop0p2_trmiss80_trlocclin,32,5e-05,1,64,1,0.2,lr5e-05_bs32_modL1_fusion64_fusionL1_drop0p2_trmiss80_trlocclin,5,0.7112292846043905,0.7167401611804962,0.5630252100840336,0.7021139993594426,0.5111111111111111,0.0,0.0,0.0,0.0,2002,clin,0.8
1,1,lr5e-05_bs32_modL1_fusion64_fusionL1_drop0p2_trmiss80_trlocclin,32,5e-05,1,64,1,0.2,lr5e-05_bs32_modL1_fusion64_fusionL1_drop0p2_trmiss80_trlocclin,6,0.6724052230517069,0.7172108292579651,0.5777310924369747,0.7053494800994338,0.5111111111111111,0.0,0.0,0.0,0.0,2002,clin,0.8
1,1,lr5e-05_bs32_modL1_fusion64_fusionL1_drop0p2_trmiss80_trlocclin,32,5e-05,1,64,1,0.2,lr5e-05_bs32_modL1_fusion64_fusionL1_drop0p2_trmiss80_trlocclin,7,0.6785890559355418,0.7177125811576843,0.5840336134453782,0.7064870703916961,0.5111111111111111,0.0,0.0,0.0,0.0,2002,clin,0.8
1,1,lr5e-05_bs32_modL1_fusion64_fusionL1_drop0p2_trmiss80_trlocclin,32,5e-05,1,64,1,0.2,lr5e-05_bs32_modL1_fusion64_fusionL1_drop0p2_trmiss80_trlocclin,8,0.6653663416703542,0.7161475718021393,0.5945378151260504,0.7134554351756756,0.5111111111111111,0.0,0.0,0.0,0.0,2002,clin,0.8
1,1,lr5e-05_bs32_modL1_fusion64_fusionL1_drop0p2_trmiss80_trlocclin,32,5e-05,1,64,1,0.2,lr5e-05_bs32_modL1_fusion64_fusionL1_drop0p2_trmiss80_trlocclin,9,0.645322451988856,0.7161069810390472,0.6050420168067226,0.7170201116952364,0.5111111111111111,0.0,0.0,0.0,0.0,2002,clin,0.8
1,1,lr5e-05_bs32_modL1_fusion64_fusionL1_drop0p2_trmiss80_trlocclin,32,5e-05,1,64,1,0.2,lr5e-05_bs32_modL1_fusion64_fusionL1_drop0p2_trmiss80_trlocclin,10,0.6463713745276133,0.71197709441185,0.6134453781512605,0.7227463921021602,0.5555555555555556,0.0,0.0,0.0,0.0,2002,clin,0.8
1,1,lr5e-05_bs32_modL1_fusion64_fusionL1_drop0p2_trmiss80_trlocclin,32,5e-05,1,64,1,0.2,lr5e-05_bs32_modL1_fusion64_fusionL1_drop0p2_trmiss80_trlocclin,11,0.6615568598111471,0.7085684537887573,0.615546218487395,0.7216118600698676,0.5333333333333333,0.0,0.0,0.0,0.0,2002,clin,0.8
1,1,lr5e-05_bs32_modL1_fusion64_fusionL1_drop0p2_trmiss80_trlocclin,32,5e-05,1,64,1,0.2,lr5e-05_bs32_modL1_fusion64_fusionL1_drop0p2_trmiss80_trlocclin,12,0.6552157600720724,0.709050178527832,0.6092436974789917,0.7177256480440272,0.5111111111111111,0.0,0.0,0.0,0.0,2002,clin,0.8
1,1,lr5e-05_bs32_modL1_fusion64_fusionL1_drop0p2_trmiss80_trlocclin,32,5e-05,1,64,1,0.2,lr5e-05_bs32_modL1_fusion64_fusionL1_drop0p2_trmiss80_trlocclin,13,0.6449968914190928,0.7090860307216644,0.6176470588235294,0.7206291486904054,0.5111111111111111,0.0,0.0,0.0,0.0,2002,clin,0.8
1,1,lr5e-05_bs32_modL1_fusion64_fusionL1_drop0p2_trmiss80_trlocclin,32,5e-05,1,64,1,0.2,lr5e-05_bs32_modL1_fusion64_fusionL1_drop0p2_trmiss80_trlocclin,14,0.625584085782369,0.7074607908725739,0.6134453781512605,0.7156388023339563,0.5111111111111111,0.0,0.0,0.0,0.0,2002,clin,0.8
1,1,lr5e-05_bs32_modL1_fusion64_fusionL1_drop0p2_trmiss80_trlocclin,32,5e-05,1,64,1,0.2,lr5e-05_bs32_modL1_fusion64_fusionL1_drop0p2_trmiss80_trlocclin,15,0.6435533364613851,0.7086637318134308,0.6071428571428572,0.7076243766054622,0.5111111111111111,0.0,0.0,0.0,0.0,2002,clin,0.8
1,1,lr5e-05_bs32_modL1_fusion64_fusionL1_drop0p2_trmiss80_trlocclin,32,5e-05,1,64,1,0.2,lr5e-05_bs32_modL1_fusion64_fusionL1_drop0p2_trmiss80_trlocclin,16,0.610552191734314,0.7088095247745514,0.6176470588235294,0.7076962614959283,0.5111111111111111,0.0,0.0,0.0,0.0,2002,clin,0.8
1,1,lr5e-05_bs32_modL1_fusion64_fusionL1_drop0p2_trmiss80_trlocclin,32,5e-05,1,64,1,0.2,lr5e-05_bs32_modL1_fusion64_fusionL1_drop0p2_trmiss80_trlocclin,17,0.6176495651404063,0.7065410017967224,0.6239495798319327,0.7152870157720327,0.5111111111111111,0.0,0.0,0.0,0.0,2002,clin,0.8
1,1,lr5e-05_bs32_modL1_fusion64_fusionL1_drop0p2_trmiss80_trlocclin,32,5e-05,1,64,1,0.2,lr5e-05_bs32_modL1_fusion64_fusionL1_drop0p2_trmiss80_trlocclin,18,0.6207048892974854,0.7044799029827118,0.6218487394957982,0.7115979628894313,0.4888888888888889,0.0,0.0,0.0,0.0,2002,clin,0.8
1,1,lr5e-05_bs32_modL1_fusion64_fusionL1_drop0p2_trmiss80_trlocclin,32,5e-05,1,64,1,0.2,lr5e-05_bs32_modL1_fusion64_fusionL1_drop0p2_trmiss80_trlocclin,19,0.6385451356569926,0.7079075872898102,0.6134453781512604,0.7118741791921792,0.4666666666666667,0.0,0.0,0.0,0.0,2002,clin,0.8
1,1,lr5e-05_bs32_modL1_fusion64_fusionL1_drop0p2_trmiss80_trlocclin,32,5e-05,1,64,1,0.2,lr5e-05_bs32_modL1_fusion64_fusionL1_drop0p2_trmiss80_trlocclin,20,0.6289927065372467,0.7074739038944244,0.6092436974789915,0.7086313270115192,0.4888888888888889,0.0,0.0,0.0,0.0,2002,clin,0.8
1,1,lr5e-05_bs32_modL1_fusion64_fusionL1_drop0p2_trmiss80_trlocclin,32,5e-05,1,64,1,0.2,lr5e-05_bs32_modL1_fusion64_fusionL1_drop0p2_trmiss80_trlocclin,21,0.5993643899758657,0.7076014578342438,0.6050420168067226,0.7052219989888544,0.4888888888888889,0.0,0.0,0.0,0.0,2002,clin,0.8
1,1,lr5e-05_bs32_modL1_fusion64_fusionL1_drop0p2_trmiss80_trlocclin,32,5e-05,1,64,1,0.2,lr5e-05_bs32_modL1_fusion64_fusionL1_drop0p2_trmiss80_trlocclin,22,0.6161444385846456,0.7083432972431183,0.6008403361344538,0.6999876491513586,0.4888888888888889,0.0,0.0,0.0,0.0,2002,clin,0.8
1,1,lr5e-05_bs32_modL1_fusion64_fusionL1_drop0p2_trmiss80_trlocclin,32,5e-05,1,64,1,0.2,lr5e-05_bs32_modL1_fusion64_fusionL1_drop0p2_trmiss80_trlocclin,23,0.6134161651134491,0.7058119773864746,0.6071428571428571,0.7018080573610981,0.4666666666666667,0.0,0.0,0.0,0.0,2002,clin,0.8
1,1,lr5e-05_bs32_modL1_fusion64_fusionL1_drop0p2_trmiss80_trlocclin,32,5e-05,1,64,1,0.2,lr5e-05_bs32_modL1_fusion64_fusionL1_drop0p2_trmiss80_trlocclin,24,0.6312613785266876,0.705246239900589,0.6008403361344538,0.6974230601189582,0.4666666666666667,0.0,0.0,0.0,0.0,2002,clin,0.8
1,1,lr5e-05_bs32_modL1_fusion64_fusionL1_drop0p2_trmiss80_trlocclin,32,5e-05,1,64,1,0.2,lr5e-05_bs32_modL1_fusion64_fusionL1_drop0p2_trmiss80_trlocclin,25,0.6153375009695689,0.702845573425293,0.5966386554621849,0.6957810239941633,0.5111111111111111,0.0,0.0,0.0,0.0,2002,clin,0.8
1,1,lr5e-05_bs32_modL1_fusion64_fusionL1_drop0p2_trmiss80_trlocclin,32,5e-05,1,64,1,0.2,lr5e-05_bs32_modL1_fusion64_fusionL1_drop0p2_trmiss80_trlocclin,26,0.6041482388973236,0.7021740674972534,0.6071428571428571,0.7070713431225042,0.4888888888888889,0.0,0.0,0.0,0.0,2002,clin,0.8
1,1,lr5e-05_bs32_modL1_fusion64_fusionL1_drop0p2_trmiss80_trlocclin,32,5e-05,1,64,1,0.2,lr5e-05_bs32_modL1_fusion64_fusionL1_drop0p2_trmiss80_trlocclin,27,0.6174069344997406,0.7003657817840576,0.6113445378151261,0.7081756712173786,0.5333333333333333,0.0,0.0,0.0,0.0,2002,clin,0.8
1,1,lr5e-05_bs32_modL1_fusion64_fusionL1_drop0p2_trmiss80_trlocclin,32,5e-05,1,64,1,0.2,lr5e-05_bs32_modL1_fusion64_fusionL1_drop0p2_trmiss80_trlocclin,28,0.6116688052813212,0.6999812126159668,0.6218487394957983,0.7148619315801095,0.5333333333333333,0.0,0.0,0.0,0.0,2002,clin,0.8
1,1,lr5e-05_bs32_modL1_fusion64_fusionL1_drop0p2_trmiss80_trlocclin,32,5e-05,1,64,1,0.2,lr5e-05_bs32_modL1_fusion64_fusionL1_drop0p2_trmiss80_trlocclin,29,0.6029869417349497,0.7013651132583618,0.6134453781512605,0.7060398240991844,0.4888888888888889,0.0,0.0,0.0,0.0,2002,clin,0.8
1,1,lr5e-05_bs32_modL1_fusion64_fusionL1_drop0p2_trmiss80_trlocclin,32,5e-05,1,64,1,0.2,lr5e-05_bs32_modL1_fusion64_fusionL1_drop0p2_trmiss80_trlocclin,30,0.604617695013682,0.702484667301178,0.596638655462185,0.690109124865743,0.4888888888888889,0.0,0.0,0.0,0.0,2002,clin,0.8
1,1,lr5e-05_bs32_modL1_fusion64_fusionL1_drop0p2_trmiss80_trlocclin,32,5e-05,1,64,1,0.2,lr5e-05_bs32_modL1_fusion64_fusionL1_drop0p2_trmiss80_trlocclin,31,0.6069677273432413,0.7016498446464539,0.5945378151260503,0.6895501195403306,0.5111111111111111,0.0,0.0,0.0,0.0,2002,clin,0.8
1,1,lr5e-05_bs32_modL1_fusion64_fusionL1_drop0p2_trmiss80_trlocclin,32,5e-05,1,64,1,0.2,lr5e-05_bs32_modL1_fusion64_fusionL1_drop0p2_trmiss80_trlocclin,32,0.6063818037509918,0.7005163431167603,0.6008403361344538,0.6917606640452139,0.5111111111111111,0.0,0.0,0.0,0.0,2002,clin,0.8
1,1,lr5e-05_bs32_modL1_fusion64_fusionL1_drop0p2_trmiss80_trlocclin,32,5e-05,1,64,1,0.2,lr5e-05_bs32_modL1_fusion64_fusionL1_drop0p2_trmiss80_trlocclin,33,0.5988538463910421,0.7020240128040314,0.592436974789916,0.6884904517707837,0.4666666666666667,0.0,0.0,0.0,0.0,2002,clin,0.8
1,1,lr5e-05_bs32_modL1_fusion64_fusionL1_drop0p2_trmiss80_trlocclin,32,5e-05,1,64,1,0.2,lr5e-05_bs32_modL1_fusion64_fusionL1_drop0p2_trmiss80_trlocclin,34,0.5998027424017588,0.7024577260017395,0.6071428571428572,0.6967603400670574,0.4666666666666667,0.0,0.0,0.0,0.0,2002,clin,0.8
1,1,lr5e-05_bs32_modL1_fusion64_fusionL1_drop0p2_trmiss80_trlocclin,32,5e-05,1,64,1,0.2,lr5e-05_bs32_modL1_fusion64_fusionL1_drop0p2_trmiss80_trlocclin,35,0.594663272301356,0.7017740607261658,0.6134453781512605,0.7018822987604447,0.4888888888888889,0.0,0.0,0.0,0.0,2002,clin,0.8
1,1,lr5e-05_bs32_modL1_fusion64_fusionL1_drop0p2_trmiss80_trlocclin,32,5e-05,1,64,1,0.2,lr5e-05_bs32_modL1_fusion64_fusionL1_drop0p2_trmiss80_trlocclin,36,0.5910207331180573,0.7027853429317474,0.6008403361344539,0.6939805729878119,0.4888888888888889,0.0,0.0,0.0,0.0,2002,clin,0.8
1,1,lr5e-05_bs32_modL1_fusion64_fusionL1_drop0p2_trmiss80_trlocclin,32,5e-05,1,64,1,0.2,lr5e-05_bs32_modL1_fusion64_fusionL1_drop0p2_trmiss80_trlocclin,37,0.6001362105210623,0.7012686431407928,0.5987394957983193,0.6895301564575634,0.4666666666666667,0.0,0.0,0.0,0.0,2002,clin,0.8
1,1,lr5e-05_bs32_modL1_fusion64_fusionL1_drop0p1_trmiss80_trlocclin,32,5e-05,1,64,1,0.1,lr5e-05_bs32_modL1_fusion64_fusionL1_drop0p1_trmiss80_trlocclin,1,0.7949962913990021,0.7180886566638947,0.5084033613445378,0.6201993536283562,0.35555555555555557,0.0,0.0,0.0,0.0,2002,clin,0.8
1,1,lr5e-05_bs32_modL1_fusion64_fusionL1_drop0p1_trmiss80_trlocclin,32,5e-05,1,64,1,0.1,lr5e-05_bs32_modL1_fusion64_fusionL1_drop0p1_trmiss80_trlocclin,2,0.7664755384127299,0.7224562168121338,0.546218487394958,0.6397475957109532,0.35555555555555557,0.0,0.0,0.0,0.0,2002,clin,0.8
1,1,lr5e-05_bs32_modL1_fusion64_fusionL1_drop0p1_trmiss80_trlocclin,32,5e-05,1,64,1,0.1,lr5e-05_bs32_modL1_fusion64_fusionL1_drop0p1_trmiss80_trlocclin,3,0.7243637641270956,0.7255384027957916,0.5777310924369747,0.6604169113775514,0.35555555555555557,0.0,0.0,0.0,0.0,2002,clin,0.8
1,1,lr5e-05_bs32_modL1_fusion64_fusionL1_drop0p1_trmiss80_trlocclin,32,5e-05,1,64,1,0.1,lr5e-05_bs32_modL1_fusion64_fusionL1_drop0p1_trmiss80_trlocclin,4,0.6982820630073547,0.7287541329860687,0.6176470588235294,0.6887011053551307,0.35555555555555557,0.0,0.0,0.0,0.0,2002,clin,0.8
1,1,lr5e-05_bs32_modL1_fusion64_fusionL1_drop0p1_trmiss80_trlocclin,32,5e-05,1,64,1,0.1,lr5e-05_bs32_modL1_fusion64_fusionL1_drop0p1_trmiss80_trlocclin,5,0.6867257654666901,0.7309592068195343,0.6365546218487395,0.6982067407166191,0.37777777777777777,0.0,0.0,0.0,0.0,2002,clin,0.8
1,1,lr5e-05_bs32_modL1_fusion64_fusionL1_drop0p1_trmiss80_trlocclin,32,5e-05,1,64,1,0.1,lr5e-05_bs32_modL1_fusion64_fusionL1_drop0p1_trmiss80_trlocclin,6,0.6881136298179626,0.7347808182239532,0.615546218487395,0.6891571185092953,0.4222222222222222,0.0,0.0,0.0,0.0,2002,clin,0.8
1,1,lr5e-05_bs32_modL1_fusion64_fusionL1_drop0p1_trmiss80_trlocclin,32,5e-05,1,64,1,0.1,lr5e-05_bs32_modL1_fusion64_fusionL1_drop0p1_trmiss80_trlocclin,7,0.6567458212375641,0.7353569865226746,0.6197478991596639,0.705115266607109,0.4222222222222222,0.0,0.0,0.0,0.0,2002,clin,0.8
1,1,lr5e-05_bs32_modL1_fusion64_fusionL1_drop0p1_trmiss80_trlocclin,32,5e-05,1,64,1,0.1,lr5e-05_bs32_modL1_fusion64_fusionL1_drop0p1_trmiss80_trlocclin,8,0.6490561862786611,0.7368379235267639,0.6155462184873949,0.7012887359948641,0.4444444444444444,0.0,0.0,0.0,0.0,2002,clin,0.8
1,1,lr5e-05_bs32_modL1_fusion64_fusionL1_drop0p1_trmiss80_trlocclin,32,5e-05,1,64,1,0.1,lr5e-05_bs32_modL1_fusion64_fusionL1_drop0p1_trmiss80_trlocclin,9,0.64450736840566,0.7391607761383057,0.6176470588235294,0.6956406595987477,0.4444444444444444,0.0,0.0,0.0,0.0,2002,clin,0.8
1,1,lr5e-05_bs32_modL1_fusion64_fusionL1_drop0p1_trmiss80_trlocclin,32,5e-05,1,64,1,0.1,lr5e-05_bs32_modL1_fusion64_fusionL1_drop0p1_trmiss80_trlocclin,10,0.6373766760031382,0.7374613583087921,0.611344537815126,0.6963492149988542,0.4444444444444444,0.0,0.0,0.0,0.0,2002,clin,0.8
1,1,lr5e-05_bs32_modL1_fusion64_fusionL1_drop0p1_trmiss80_trlocclin,32,5e-05,1,64,1,0.1,lr5e-05_bs32_modL1_fusion64_fusionL1_drop0p1_trmiss80_trlocclin,11,0.617369681596756,0.738938570022583,0.6029411764705882,0.6914898077457632,0.4444444444444444,0.0,0.0,0.0,0.0,2002,clin,0.8
1,1,lr5e-05_bs32_modL1_fusion64_fusionL1_drop0p1_trmiss80_trlocclin,32,5e-05,1,64,1,0.1,lr5e-05_bs32_modL1_fusion64_fusionL1_drop0p1_trmiss80_trlocclin,12,0.6153486867745718,0.7371448874473572,0.5987394957983194,0.6895265390600085,0.4444444444444444,0.0,0.0,0.0,0.0,2002,clin,0.8
1,1,lr5e-05_bs32_modL1_fusion64_fusionL1_drop0p1_trmiss80_trlocclin,32,5e-05,1,64,1,0.1,lr5e-05_bs32_modL1_fusion64_fusionL1_drop0p1_trmiss80_trlocclin,13,0.6171542505423228,0.7396835684776306,0.5840336134453781,0.6826226011515186,0.4444444444444444,0.0,0.0,0.0,0.0,2002,clin,0.8
1,1,lr5e-05_bs32_modL1_fusion64_fusionL1_drop0p1_trmiss80_trlocclin,32,5e-05,1,64,1,0.1,lr5e-05_bs32_modL1_fusion64_fusionL1_drop0p1_trmiss80_trlocclin,14,0.6158655087153116,0.7387441396713257,0.5819327731092436,0.6783805475487734,0.4444444444444444,0.0,0.0,0.0,0.0,2002,clin,0.8
1,1,lr5e-05_bs32_modL1_fusion64_fusionL1_drop0p1_trmiss80_trlocclin,32,5e-05,1,64,1,0.1,lr5e-05_bs32_modL1_fusion64_fusionL1_drop0p1_trmiss80_trlocclin,15,0.6034866372744242,0.7386026978492737,0.5861344537815126,0.6817024472620956,0.4444444444444444,0.0,0.0,0.0,0.0,2002,clin,0.8
1,1,lr5e-05_bs32_modL1_fusion64_fusionL1_drop0p1_trmiss80_trlocclin,32,5e-05,1,64,1,0.1,lr5e-05_bs32_modL1_fusion64_fusionL1_drop0p1_trmiss80_trlocclin,16,0.6047837535540262,0.7375985980033875,0.5882352941176471,0.6786464736866372,0.4444444444444444,0.0,0.0,0.0,0.0,2002,clin,0.8
1,1,lr5e-05_bs32_modL1_fusion64_fusionL1_drop0p1_trmiss80_trlocclin,32,5e-05,1,64,1,0.1,lr5e-05_bs32_modL1_fusion64_fusionL1_drop0p1_trmiss80_trlocclin,17,0.5954707662264506,0.740055114030838,0.5840336134453782,0.6772874604639438,0.4444444444444444,0.0,0.0,0.0,0.0,2002,clin,0.8
1,1,lr5e-05_bs32_modL1_fusion64_fusionL1_drop0p1_trmiss80_trlocclin,32,5e-05,1,64,1,0.1,lr5e-05_bs32_modL1_fusion64_fusionL1_drop0p1_trmiss80_trlocclin,18,0.5890146593252817,0.7389055490493774,0.5819327731092436,0.6762734310894976,0.4444444444444444,0.0,0.0,0.0,0.0,2002,clin,0.8
1,1,lr5e-05_bs32_modL1_fusion64_fusionL1_drop0p1_trmiss80_trlocclin,32,5e-05,1,64,1,0.1,lr5e-05_bs32_modL1_fusion64_fusionL1_drop0p1_trmiss80_trlocclin,19,0.6035270790259043,0.7405576407909393,0.5777310924369748,0.6672581835011693,0.4222222222222222,0.0,0.0,0.0,0.0,2002,clin,0.8
1,1,lr5e-05_bs32_modL1_fusion64_fusionL1_drop0p1_trmiss80_trlocclin,32,5e-05,1,64,1,0.1,lr5e-05_bs32_modL1_fusion64_fusionL1_drop0p1_trmiss80_trlocclin,20,0.5880637466907501,0.7411017715930939,0.5756302521008404,0.6558675807484402,0.4222222222222222,0.0,0.0,0.0,0.0,2002,clin,0.8
1,1,lr5e-05_bs32_modL1_fusion64_fusionL1_drop0p1_trmiss80_trlocclin,32,5e-05,1,64,1,0.1,lr5e-05_bs32_modL1_fusion64_fusionL1_drop0p1_trmiss80_trlocclin,21,0.5879597266515096,0.7425755262374878,0.5714285714285714,0.651886754546992,0.4222222222222222,0.0,0.0,0.0,0.0,2002,clin,0.8
1,1,lr5e-05_bs32_modL1_fusion64_fusionL1_drop0p1_trmiss80_trlocclin,32,5e-05,1,64,1,0.1,lr5e-05_bs32_modL1_fusion64_fusionL1_drop0p1_trmiss80_trlocclin,22,0.5769088963667551,0.7401683032512665,0.573529411764706,0.6518797372985954,0.4222222222222222,0.0,0.0,0.0,0.0,2002,clin,0.8
1,1,lr5e-05_bs32_modL1_fusion64_fusionL1_drop0p1_trmiss80_trlocclin,32,5e-05,1,64,1,0.1,lr5e-05_bs32_modL1_fusion64_fusionL1_drop0p1_trmiss80_trlocclin,23,0.5832792818546295,0.7393428087234497,0.5735294117647058,0.6532467487433717,0.4222222222222222,0.0,0.0,0.0,0.0,2002,clin,0.8
1,1,lr5e-05_bs32_modL1_fusion64_fusionL1_drop0p1_trmiss80_trlocclin,32,5e-05,1,64,1,0.1,lr5e-05_bs32_modL1_fusion64_fusionL1_drop0p1_trmiss80_trlocclin,24,0.6012191375096639,0.7416745126247406,0.573529411764706,0.6540245567648434,0.4222222222222222,0.0,0.0,0.0,0.0,2002,clin,0.8
1,1,lr5e-05_bs32_modL1_fusion64_fusionL1_drop0p1_trmiss80_trlocclin,32,5e-05,1,64,1,0.1,lr5e-05_bs32_modL1_fusion64_fusionL1_drop0p1_trmiss80_trlocclin,25,0.5841620067755381,0.7402957379817963,0.5714285714285714,0.6529921228729824,0.4222222222222222,0.0,0.0,0.0,0.0,2002,clin,0.8
1,1,lr1e-04_bs32_modL1_fusion32_fusionL1_drop0p2_trmiss80_trlocclin,32,0.0001,1,32,1,0.2,lr1e-04_bs32_modL1_fusion32_fusionL1_drop0p2_trmiss80_trlocclin,1,0.6664094924926758,0.6918183863162994,0.46428571428571425,0.6931290523001996,0.4,0.0,0.0,0.0,0.0,2002,clin,0.8
1,1,lr1e-04_bs32_modL1_fusion32_fusionL1_drop0p2_trmiss80_trlocclin,32,0.0001,1,32,1,0.2,lr1e-04_bs32_modL1_fusion32_fusionL1_drop0p2_trmiss80_trlocclin,2,0.6333321134249369,0.6850036978721619,0.49369747899159666,0.6725667609858904,0.4888888888888889,0.0,0.0,0.0,0.0,2002,clin,0.8
1,1,lr1e-04_bs32_modL1_fusion32_fusionL1_drop0p2_trmiss80_trlocclin,32,0.0001,1,32,1,0.2,lr1e-04_bs32_modL1_fusion32_fusionL1_drop0p2_trmiss80_trlocclin,3,0.619403729836146,0.6825607717037201,0.4894957983193277,0.666653940230605,0.4666666666666667,0.0,0.0,0.0,0.0,2002,clin,0.8
1,1,lr1e-04_bs32_modL1_fusion32_fusionL1_drop0p2_trmiss80_trlocclin,32,0.0001,1,32,1,0.2,lr1e-04_bs32_modL1_fusion32_fusionL1_drop0p2_trmiss80_trlocclin,4,0.631473571062088,0.6812404990196228,0.476890756302521,0.6496765043456061,0.4666666666666667,0.0,0.0,0.0,0.0,2002,clin,0.8
1,1,lr1e-04_bs32_modL1_fusion32_fusionL1_drop0p2_trmiss80_trlocclin,32,0.0001,1,32,1,0.2,lr1e-04_bs32_modL1_fusion32_fusionL1_drop0p2_trmiss80_trlocclin,5,0.5946715176105499,0.6781706511974335,0.4894957983193277,0.6734985626976434,0.4888888888888889,0.0,0.0,0.0,0.0,2002,clin,0.8
1,1,lr1e-04_bs32_modL1_fusion32_fusionL1_drop0p2_trmiss80_trlocclin,32,0.0001,1,32,1,0.2,lr1e-04_bs32_modL1_fusion32_fusionL1_drop0p2_trmiss80_trlocclin,6,0.5844034850597382,0.6737881898880005,0.5,0.6822179502787166,0.4444444444444444,0.0,0.0,0.0,0.0,2002,clin,0.8
1,1,lr1e-04_bs32_modL1_fusion32_fusionL1_drop0p2_trmiss80_trlocclin,32,0.0001,1,32,1,0.2,lr1e-04_bs32_modL1_fusion32_fusionL1_drop0p2_trmiss80_trlocclin,7,0.5570757687091827,0.674080491065979,0.5042016806722689,0.6851549305142522,0.4666666666666667,0.0,0.0,0.0,0.0,2002,clin,0.8
1,1,lr1e-04_bs32_modL1_fusion32_fusionL1_drop0p2_trmiss80_trlocclin,32,0.0001,1,32,1,0.2,lr1e-04_bs32_modL1_fusion32_fusionL1_drop0p2_trmiss80_trlocclin,8,0.5577035844326019,0.6715043783187866,0.5273109243697478,0.6931658174218837,0.4666666666666667,0.0,0.0,0.0,0.0,2002,clin,0.8
1,1,lr1e-04_bs32_modL1_fusion32_fusionL1_drop0p2_trmiss80_trlocclin,32,0.0001,1,32,1,0.2,lr1e-04_bs32_modL1_fusion32_fusionL1_drop0p2_trmiss80_trlocclin,9,0.5281881789366404,0.6726349294185638,0.5189075630252101,0.6837059107263973,0.5333333333333333,0.0,0.0,0.0,0.0,2002,clin,0.8
1,1,lr1e-04_bs32_modL1_fusion32_fusionL1_drop0p2_trmiss80_trlocclin,32,0.0001,1,32,1,0.2,lr1e-04_bs32_modL1_fusion32_fusionL1_drop0p2_trmiss80_trlocclin,10,0.511787345012029,0.6721423268318176,0.5252100840336135,0.6739680405864109,0.5333333333333333,0.0,0.0,0.0,0.0,2002,clin,0.8
1,1,lr1e-04_bs32_modL1_fusion32_fusionL1_drop0p2_trmiss80_trlocclin,32,0.0001,1,32,1,0.2,lr1e-04_bs32_modL1_fusion32_fusionL1_drop0p2_trmiss80_trlocclin,11,0.5134314546982447,0.6693272292613983,0.542016806722689,0.681808244025258,0.5333333333333333,0.0,0.0,0.0,0.0,2002,clin,0.8
1,1,lr1e-04_bs32_modL1_fusion32_fusionL1_drop0p2_trmiss80_trlocclin,32,0.0001,1,32,1,0.2,lr1e-04_bs32_modL1_fusion32_fusionL1_drop0p2_trmiss80_trlocclin,12,0.5129791994889578,0.6720489263534546,0.5273109243697479,0.6711816869068125,0.5111111111111111,0.0,0.0,0.0,0.0,2002,clin,0.8
1,1,lr1e-04_bs32_modL1_fusion32_fusionL1_drop0p2_trmiss80_trlocclin,32,0.0001,1,32,1,0.2,lr1e-04_bs32_modL1_fusion32_fusionL1_drop0p2_trmiss80_trlocclin,13,0.4962986061970393,0.6672797203063965,0.5483193277310925,0.683957873849186,0.5111111111111111,0.0,0.0,0.0,0.0,2002,clin,0.8
1,1,lr1e-04_bs32_modL1_fusion32_fusionL1_drop0p2_trmiss80_trlocclin,32,0.0001,1,32,1,0.2,lr1e-04_bs32_modL1_fusion32_fusionL1_drop0p2_trmiss80_trlocclin,14,0.4803862124681473,0.6629081964492798,0.5651260504201681,0.6870769279222707,0.5777777777777777,0.0,0.0,0.0,0.0,2002,clin,0.8
1,1,lr1e-04_bs32_modL1_fusion32_fusionL1_drop0p2_trmiss80_trlocclin,32,0.0001,1,32,1,0.2,lr1e-04_bs32_modL1_fusion32_fusionL1_drop0p2_trmiss80_trlocclin,15,0.47821178038914997,0.6643887758255005,0.5588235294117647,0.7009768322813066,0.5555555555555556,0.0,0.0,0.0,0.0,2002,clin,0.8
1,1,lr1e-04_bs32_modL1_fusion32_fusionL1_drop0p2_trmiss80_trlocclin,32,0.0001,1,32,1,0.2,lr1e-04_bs32_modL1_fusion32_fusionL1_drop0p2_trmiss80_trlocclin,16,0.47980507214864093,0.6685160994529724,0.5483193277310925,0.6934479803557734,0.5555555555555556,0.0,0.0,0.0,0.0,2002,clin,0.8
1,1,lr1e-04_bs32_modL1_fusion32_fusionL1_drop0p2_trmiss80_trlocclin,32,0.0001,1,32,1,0.2,lr1e-04_bs32_modL1_fusion32_fusionL1_drop0p2_trmiss80_trlocclin,17,0.46056580046812695,0.66440549492836,0.5525210084033614,0.6961225668799934,0.6,0.0,0.0,0.0,0.0,2002,clin,0.8
1,1,lr1e-04_bs32_modL1_fusion32_fusionL1_drop0p2_trmiss80_trlocclin,32,0.0001,1,32,1,0.2,lr1e-04_bs32_modL1_fusion32_fusionL1_drop0p2_trmiss80_trlocclin,18,0.4593575249115626,0.6688756346702576,0.5336134453781513,0.6680489699608491,0.6,0.0,0.0,0.0,0.0,2002,clin,0.8
1,1,lr1e-04_bs32_modL1_fusion32_fusionL1_drop0p2_trmiss80_trlocclin,32,0.0001,1,32,1,0.2,lr1e-04_bs32_modL1_fusion32_fusionL1_drop0p2_trmiss80_trlocclin,19,0.46767936646938324,0.6714348793029785,0.5378151260504203,0.663389564359701,0.6,0.0,0.0,0.0,0.0,2002,clin,0.8
1,1,lr1e-04_bs32_modL1_fusion32_fusionL1_drop0p2_trmiss80_trlocclin,32,0.0001,1,32,1,0.2,lr1e-04_bs32_modL1_fusion32_fusionL1_drop0p2_trmiss80_trlocclin,20,0.43774346510569256,0.6688494384288788,0.542016806722689,0.6702295543105931,0.5777777777777777,0.0,0.0,0.0,0.0,2002,clin,0.8
1,1,lr1e-04_bs32_modL1_fusion32_fusionL1_drop0p2_trmiss80_trlocclin,32,0.0001,1,32,1,0.2,lr1e-04_bs32_modL1_fusion32_fusionL1_drop0p2_trmiss80_trlocclin,21,0.44261490801970166,0.6682984828948975,0.5462184873949579,0.6686160865731758,0.6,0.0,0.0,0.0,0.0,2002,clin,0.8
1,1,lr1e-04_bs32_modL1_fusion32_fusionL1_drop0p2_trmiss80_trlocclin,32,0.0001,1,32,1,0.2,lr1e-04_bs32_modL1_fusion32_fusionL1_drop0p2_trmiss80_trlocclin,22,0.44981172184149426,0.6658349931240082,0.5567226890756303,0.6731746211123828,0.5777777777777777,0.0,0.0,0.0,0.0,2002,clin,0.8
1,1,lr1e-04_bs32_modL1_fusion32_fusionL1_drop0p2_trmiss80_trlocclin,32,0.0001,1,32,1,0.2,lr1e-04_bs32_modL1_fusion32_fusionL1_drop0p2_trmiss80_trlocclin,23,0.43943669895331067,0.6656167209148407,0.5630252100840336,0.6752083751734478,0.6,0.0,0.0,0.0,0.0,2002,clin,0.8
1,1,lr1e-04_bs32_modL1_fusion32_fusionL1_drop0p2_trmiss80_trlocclin,32,0.0001,1,32,1,0.2,lr1e-04_bs32_modL1_fusion32_fusionL1_drop0p2_trmiss80_trlocclin,24,0.42766448855400085,0.6658802628517151,0.5588235294117647,0.6727192045319951,0.6,0.0,0.0,0.0,0.0,2002,clin,0.8
1,1,lr1e-04_bs32_modL1_fusion32_fusionL1_drop0p2_trmiss80_trlocclin,32,0.0001,1,32,1,0.2,lr1e-04_bs32_modL1_fusion32_fusionL1_drop0p2_trmiss80_trlocclin,25,0.4232669373353322,0.6671337485313416,0.5609243697478992,0.6702701451217735,0.6,0.0,0.0,0.0,0.0,2002,clin,0.8
1,1,lr1e-04_bs32_modL1_fusion32_fusionL1_drop0p2_trmiss80_trlocclin,32,0.0001,1,32,1,0.2,lr1e-04_bs32_modL1_fusion32_fusionL1_drop0p2_trmiss80_trlocclin,26,0.41627323627471924,0.6656629741191864,0.5672268907563025,0.6769011901935122,0.6,0.0,0.0,0.0,0.0,2002,clin,0.8
1,1,lr1e-04_bs32_modL1_fusion32_fusionL1_drop0p2_trmiss80_trlocclin,32,0.0001,1,32,1,0.2,lr1e-04_bs32_modL1_fusion32_fusionL1_drop0p2_trmiss80_trlocclin,27,0.42260874311129254,0.6629325449466705,0.5819327731092437,0.6886944955868126,0.6,0.0,0.0,0.0,0.0,2002,clin,0.8
1,1,lr1e-04_bs32_modL1_fusion32_fusionL1_drop0p2_trmiss80_trlocclin,32,0.0001,1,32,1,0.2,lr1e-04_bs32_modL1_fusion32_fusionL1_drop0p2_trmiss80_trlocclin,28,0.4142096887032191,0.6627327501773834,0.5840336134453782,0.6915113040926137,0.5777777777777777,0.0,0.0,0.0,0.0,2002,clin,0.8
1,1,lr1e-04_bs32_modL1_fusion32_fusionL1_drop0p2_trmiss80_trlocclin,32,0.0001,1,32,1,0.2,lr1e-04_bs32_modL1_fusion32_fusionL1_drop0p2_trmiss80_trlocclin,29,0.4134760946035385,0.6619850099086761,0.5861344537815125,0.6887867617887667,0.6,0.0,0.0,0.0,0.0,2002,clin,0.8
1,1,lr1e-04_bs32_modL1_fusion32_fusionL1_drop0p2_trmiss80_trlocclin,32,0.0001,1,32,1,0.2,lr1e-04_bs32_modL1_fusion32_fusionL1_drop0p2_trmiss80_trlocclin,30,0.40863888959089917,0.6615283787250519,0.5861344537815126,0.6901740936062436,0.5777777777777777,0.0,0.0,0.0,0.0,2002,clin,0.8
1,1,lr1e-04_bs32_modL1_fusion32_fusionL1_drop0p2_trmiss80_trlocclin,32,0.0001,1,32,1,0.2,lr1e-04_bs32_modL1_fusion32_fusionL1_drop0p2_trmiss80_trlocclin,31,0.41123896837234497,0.6604192852973938,0.5903361344537815,0.6927991133221266,0.6,0.0,0.0,0.0,0.0,2002,clin,0.8
1,1,lr1e-04_bs32_modL1_fusion32_fusionL1_drop0p2_trmiss80_trlocclin,32,0.0001,1,32,1,0.2,lr1e-04_bs32_modL1_fusion32_fusionL1_drop0p2_trmiss80_trlocclin,32,0.3944746752580007,0.6596629619598389,0.5987394957983194,0.6972618054454528,0.6,0.0,0.0,0.0,0.0,2002,clin,0.8
1,1,lr1e-04_bs32_modL1_fusion32_fusionL1_drop0p2_trmiss80_trlocclin,32,0.0001,1,32,1,0.2,lr1e-04_bs32_modL1_fusion32_fusionL1_drop0p2_trmiss80_trlocclin,33,0.40946733951568604,0.6609258651733398,0.5861344537815126,0.6901204498642476,0.6,0.0,0.0,0.0,0.0,2002,clin,0.8
1,1,lr1e-04_bs32_modL1_fusion32_fusionL1_drop0p2_trmiss80_trlocclin,32,0.0001,1,32,1,0.2,lr1e-04_bs32_modL1_fusion32_fusionL1_drop0p2_trmiss80_trlocclin,34,0.41286516686280567,0.6626200675964355,0.5756302521008403,0.6767548230510265,0.6,0.0,0.0,0.0,0.0,2002,clin,0.8
1,1,lr1e-04_bs32_modL1_fusion32_fusionL1_drop0p2_trmiss80_trlocclin,32,0.0001,1,32,1,0.2,lr1e-04_bs32_modL1_fusion32_fusionL1_drop0p2_trmiss80_trlocclin,35,0.39572587112585705,0.6631639301776886,0.5882352941176472,0.6820130094928929,0.5777777777777777,0.0,0.0,0.0,0.0,2002,clin,0.8
1,1,lr1e-04_bs32_modL1_fusion32_fusionL1_drop0p2_trmiss80_trlocclin,32,0.0001,1,32,1,0.2,lr1e-04_bs32_modL1_fusion32_fusionL1_drop0p2_trmiss80_trlocclin,36,0.4043928037087123,0.6658591032028198,0.5735294117647058,0.673366191090966,0.5777777777777777,0.0,0.0,0.0,0.0,2002,clin,0.8
1,1,lr1e-04_bs32_modL1_fusion32_fusionL1_drop0p2_trmiss80_trlocclin,32,0.0001,1,32,1,0.2,lr1e-04_bs32_modL1_fusion32_fusionL1_drop0p2_trmiss80_trlocclin,37,0.40803676346937817,0.6670189797878265,0.5777310924369747,0.679269249330955,0.5777777777777777,0.0,0.0,0.0,0.0,2002,clin,0.8
1,1,lr1e-04_bs32_modL1_fusion32_fusionL1_drop0p2_trmiss80_trlocclin,32,0.0001,1,32,1,0.2,lr1e-04_bs32_modL1_fusion32_fusionL1_drop0p2_trmiss80_trlocclin,38,0.40239286919434863,0.6668202579021454,0.5861344537815126,0.6835395900674612,0.5777777777777777,0.0,0.0,0.0,0.0,2002,clin,0.8
1,1,lr1e-04_bs32_modL1_fusion32_fusionL1_drop0p2_trmiss80_trlocclin,32,0.0001,1,32,1,0.2,lr1e-04_bs32_modL1_fusion32_fusionL1_drop0p2_trmiss80_trlocclin,39,0.397107258439064,0.667064905166626,0.5819327731092436,0.6829322719347118,0.5777777777777777,0.0,0.0,0.0,0.0,2002,clin,0.8
1,1,lr1e-04_bs32_modL1_fusion32_fusionL1_drop0p2_trmiss80_trlocclin,32,0.0001,1,32,1,0.2,lr1e-04_bs32_modL1_fusion32_fusionL1_drop0p2_trmiss80_trlocclin,40,0.40501804153124493,0.6665739417076111,0.5777310924369747,0.6819386069248483,0.6,0.0,0.0,0.0,0.0,2002,clin,0.8
1,1,lr1e-04_bs32_modL1_fusion32_fusionL1_drop0p2_trmiss80_trlocclin,32,0.0001,1,32,1,0.2,lr1e-04_bs32_modL1_fusion32_fusionL1_drop0p2_trmiss80_trlocclin,41,0.40456310907999676,0.6677185297012329,0.5672268907563025,0.6714898656711311,0.6,0.0,0.0,0.0,0.0,2002,clin,0.8
1,1,lr1e-04_bs32_modL1_fusion32_fusionL1_drop0p2_trmiss80_trlocclin,32,0.0001,1,32,1,0.2,lr1e-04_bs32_modL1_fusion32_fusionL1_drop0p2_trmiss80_trlocclin,42,0.37409500777721405,0.6677556335926056,0.5735294117647058,0.6748661801697365,0.5777777777777777,0.0,0.0,0.0,0.0,2002,clin,0.8
1,1,lr1e-04_bs32_modL1_fusion32_fusionL1_drop0p2_trmiss80_trlocclin,32,0.0001,1,32,1,0.2,lr1e-04_bs32_modL1_fusion32_fusionL1_drop0p2_trmiss80_trlocclin,43,0.38235892355442047,0.6679064333438873,0.5672268907563025,0.6705853591081993,0.6,0.0,0.0,0.0,0.0,2002,clin,0.8
1,1,lr1e-04_bs32_modL1_fusion32_fusionL1_drop0p2_trmiss80_trlocclin,32,0.0001,1,32,1,0.2,lr1e-04_bs32_modL1_fusion32_fusionL1_drop0p2_trmiss80_trlocclin,44,0.39519354701042175,0.6678690016269684,0.5714285714285714,0.6704456931019366,0.6,0.0,0.0,0.0,0.0,2002,clin,0.8
1,1,lr1e-04_bs32_modL1_fusion32_fusionL1_drop0p2_trmiss80_trlocclin,32,0.0001,1,32,1,0.2,lr1e-04_bs32_modL1_fusion32_fusionL1_drop0p2_trmiss80_trlocclin,45,0.4039945105711619,0.6677010357379913,0.5735294117647058,0.6739465254768844,0.5777777777777777,0.0,0.0,0.0,0.0,2002,clin,0.8
1,1,lr1e-04_bs32_modL1_fusion32_fusionL1_drop0p2_trmiss80_trlocclin,32,0.0001,1,32,1,0.2,lr1e-04_bs32_modL1_fusion32_fusionL1_drop0p2_trmiss80_trlocclin,46,0.3939656565586726,0.666586309671402,0.5798319327731092,0.6772944555580078,0.6,0.0,0.0,0.0,0.0,2002,clin,0.8
1,1,lr1e-04_bs32_modL1_fusion32_fusionL1_drop0p2_trmiss80_trlocclin,32,0.0001,1,32,1,0.2,lr1e-04_bs32_modL1_fusion32_fusionL1_drop0p2_trmiss80_trlocclin,47,0.387150118748347,0.6666066646575928,0.5735294117647058,0.6747812210193973,0.5777777777777777,0.0,0.0,0.0,0.0,2002,clin,0.8
1,1,lr1e-04_bs32_modL1_fusion32_fusionL1_drop0p2_trmiss80_trlocclin,32,0.0001,1,32,1,0.2,lr1e-04_bs32_modL1_fusion32_fusionL1_drop0p2_trmiss80_trlocclin,48,0.39663228889306384,0.6656326055526733,0.5735294117647058,0.6735201804726424,0.6,0.0,0.0,0.0,0.0,2002,clin,0.8
1,1,lr1e-04_bs32_modL1_fusion32_fusionL1_drop0p2_trmiss80_trlocclin,32,0.0001,1,32,1,0.2,lr1e-04_bs32_modL1_fusion32_fusionL1_drop0p2_trmiss80_trlocclin,49,0.3805576910575231,0.665280282497406,0.5714285714285714,0.6723297042821662,0.5777777777777777,0.0,0.0,0.0,0.0,2002,clin,0.8
1,1,lr1e-04_bs32_modL1_fusion32_fusionL1_drop0p2_trmiss80_trlocclin,32,0.0001,1,32,1,0.2,lr1e-04_bs32_modL1_fusion32_fusionL1_drop0p2_trmiss80_trlocclin,50,0.40031200150648755,0.6658906936645508,0.5777310924369747,0.6792004450026969,0.5777777777777777,0.0,0.0,0.0,0.0,2002,clin,0.8
1,1,lr1e-04_bs32_modL1_fusion32_fusionL1_drop0p2_trmiss80_trlocclin,32,0.0001,1,32,1,0.2,lr1e-04_bs32_modL1_fusion32_fusionL1_drop0p2_trmiss80_trlocclin,51,0.3850509524345398,0.6686493754386902,0.569327731092437,0.6748436818541711,0.5777777777777777,0.0,0.0,0.0,0.0,2002,clin,0.8
1,1,lr1e-04_bs32_modL1_fusion32_fusionL1_drop0p2_trmiss80_trlocclin,32,0.0001,1,32,1,0.2,lr1e-04_bs32_modL1_fusion32_fusionL1_drop0p2_trmiss80_trlocclin,52,0.39244239032268524,0.667256087064743,0.5777310924369747,0.6802224884354546,0.5777777777777777,0.0,0.0,0.0,0.0,2002,clin,0.8
1,1,lr1e-04_bs32_modL1_fusion32_fusionL1_drop0p1_trmiss80_trlocclin,32,0.0001,1,32,1,0.1,lr1e-04_bs32_modL1_fusion32_fusionL1_drop0p1_trmiss80_trlocclin,1,0.69948677221934,0.7061581313610077,0.3592436974789916,0.5460540622243273,0.37777777777777777,0.0,0.0,0.0,0.0,2002,clin,0.8
1,1,lr1e-04_bs32_modL1_fusion32_fusionL1_drop0p1_trmiss80_trlocclin,32,0.0001,1,32,1,0.1,lr1e-04_bs32_modL1_fusion32_fusionL1_drop0p1_trmiss80_trlocclin,2,0.6709967851638794,0.7059128880500793,0.43067226890756305,0.5849131526820803,0.4444444444444444,0.0,0.0,0.0,0.0,2002,clin,0.8
1,1,lr1e-04_bs32_modL1_fusion32_fusionL1_drop0p1_trmiss80_trlocclin,32,0.0001,1,32,1,0.1,lr1e-04_bs32_modL1_fusion32_fusionL1_drop0p1_trmiss80_trlocclin,3,0.6472092767556509,0.705578088760376,0.4642857142857143,0.6081675919718479,0.4888888888888889,0.0,0.0,0.0,0.0,2002,clin,0.8
1,1,lr1e-04_bs32_modL1_fusion32_fusionL1_drop0p1_trmiss80_trlocclin,32,0.0001,1,32,1,0.1,lr1e-04_bs32_modL1_fusion32_fusionL1_drop0p1_trmiss80_trlocclin,4,0.6173086166381836,0.7045587599277496,0.49369747899159666,0.6226868198171163,0.5111111111111111,0.0,0.0,0.0,0.0,2002,clin,0.8
1,1,lr1e-04_bs32_modL1_fusion32_fusionL1_drop0p1_trmiss80_trlocclin,32,0.0001,1,32,1,0.1,lr1e-04_bs32_modL1_fusion32_fusionL1_drop0p1_trmiss80_trlocclin,5,0.5814736684163412,0.7050833106040955,0.46638655462184875,0.5973412684170218,0.5333333333333333,0.0,0.0,0.0,0.0,2002,clin,0.8
1,1,lr1e-04_bs32_modL1_fusion32_fusionL1_drop0p1_trmiss80_trlocclin,32,0.0001,1,32,1,0.1,lr1e-04_bs32_modL1_fusion32_fusionL1_drop0p1_trmiss80_trlocclin,6,0.5790579517682394,0.7054440081119537,0.46218487394957974,0.5872431235460873,0.5111111111111111,0.0,0.0,0.0,0.0,2002,clin,0.8
1,1,lr1e-04_bs32_modL1_fusion32_fusionL1_drop0p1_trmiss80_trlocclin,32,0.0001,1,32,1,0.1,lr1e-04_bs32_modL1_fusion32_fusionL1_drop0p1_trmiss80_trlocclin,7,0.5541450579961141,0.7089022099971771,0.4474789915966386,0.5784942205745597,0.5111111111111111,0.0,0.0,0.0,0.0,2002,clin,0.8
1,1,lr1e-04_bs32_modL1_fusion32_fusionL1_drop0p1_trmiss80_trlocclin,32,0.0001,1,32,1,0.1,lr1e-04_bs32_modL1_fusion32_fusionL1_drop0p1_trmiss80_trlocclin,8,0.5379229684670767,0.7119259238243103,0.4369747899159664,0.5688539984783618,0.5111111111111111,0.0,0.0,0.0,0.0,2002,clin,0.8
1,1,lr1e-04_bs32_modL1_fusion32_fusionL1_drop0p1_trmiss80_trlocclin,32,0.0001,1,32,1,0.1,lr1e-04_bs32_modL1_fusion32_fusionL1_drop0p1_trmiss80_trlocclin,9,0.5486011803150177,0.715723067522049,0.4075630252100841,0.5601389056763463,0.4666666666666667,0.0,0.0,0.0,0.0,2002,clin,0.8
1,1,lr1e-04_bs32_modL1_fusion32_fusionL1_drop0p1_trmiss80_trlocclin,32,0.0001,1,32,1,0.1,lr1e-04_bs32_modL1_fusion32_fusionL1_drop0p1_trmiss80_trlocclin,10,0.5277660091718038,0.7178331017494202,0.3970588235294118,0.5531940498282668,0.4444444444444444,0.0,0.0,0.0,0.0,2002,clin,0.8
1,1,lr1e-04_bs32_modL1_fusion32_fusionL1_drop0p1_trmiss80_trlocclin,32,0.0001,1,32,1,0.1,lr1e-04_bs32_modL1_fusion32_fusionL1_drop0p1_trmiss80_trlocclin,11,0.5139567156632742,0.7152137458324432,0.3970588235294118,0.5503653909507575,0.4444444444444444,0.0,0.0,0.0,0.0,2002,clin,0.8
1,1,lr1e-04_bs32_modL1_fusion32_fusionL1_drop0p1_trmiss80_trlocclin,32,0.0001,1,32,1,0.1,lr1e-04_bs32_modL1_fusion32_fusionL1_drop0p1_trmiss80_trlocclin,12,0.5033676773309708,0.7135423719882965,0.39915966386554624,0.5518016203809057,0.4666666666666667,0.0,0.0,0.0,0.0,2002,clin,0.8
1,1,lr1e-04_bs32_modL1_fusion32_fusionL1_drop0p1_trmiss80_trlocclin,32,0.0001,1,32,1,0.1,lr1e-04_bs32_modL1_fusion32_fusionL1_drop0p1_trmiss80_trlocclin,13,0.5009864568710327,0.7120672464370728,0.4075630252100841,0.556680062250603,0.4888888888888889,0.0,0.0,0.0,0.0,2002,clin,0.8
1,1,lr1e-04_bs32_modL1_fusion32_fusionL1_drop0p1_trmiss80_trlocclin,32,0.0001,1,32,1,0.1,lr1e-04_bs32_modL1_fusion32_fusionL1_drop0p1_trmiss80_trlocclin,14,0.49549726645151776,0.714069277048111,0.40336134453781514,0.5556556283030488,0.4666666666666667,0.0,0.0,0.0,0.0,2002,clin,0.8
1,1,lr1e-04_bs32_modL1_fusion32_fusionL1_drop0p1_trmiss80_trlocclin,32,0.0001,1,32,1,0.1,lr1e-04_bs32_modL1_fusion32_fusionL1_drop0p1_trmiss80_trlocclin,15,0.4914824863274892,0.7168504297733307,0.411764705882353,0.5599053443789952,0.4666666666666667,0.0,0.0,0.0,0.0,2002,clin,0.8
1,1,lr1e-04_bs32_modL1_fusion32_fusionL1_drop0p1_trmiss80_trlocclin,32,0.0001,1,32,1,0.1,lr1e-04_bs32_modL1_fusion32_fusionL1_drop0p1_trmiss80_trlocclin,16,0.48152893284956616,0.7165350914001465,0.40336134453781514,0.5550910223843565,0.4888888888888889,0.0,0.0,0.0,0.0,2002,clin,0.8
1,1,lr1e-04_bs32_modL1_fusion32_fusionL1_drop0p1_trmiss80_trlocclin,32,0.0001,1,32,1,0.1,lr1e-04_bs32_modL1_fusion32_fusionL1_drop0p1_trmiss80_trlocclin,17,0.48557740449905396,0.7166407108306885,0.40336134453781514,0.5541034096588475,0.4666666666666667,0.0,0.0,0.0,0.0,2002,clin,0.8
1,1,lr1e-04_bs32_modL1_fusion32_fusionL1_drop0p1_trmiss80_trlocclin,32,0.0001,1,32,1,0.1,lr1e-04_bs32_modL1_fusion32_fusionL1_drop0p1_trmiss80_trlocclin,18,0.48585158089796704,0.7175718545913696,0.4075630252100841,0.5602791937038339,0.4666666666666667,0.0,0.0,0.0,0.0,2002,clin,0.8
1,1,lr1e-04_bs32_modL1_fusion32_fusionL1_drop0p1_trmiss80_trlocclin,32,0.0001,1,32,1,0.1,lr1e-04_bs32_modL1_fusion32_fusionL1_drop0p1_trmiss80_trlocclin,19,0.47136295835177106,0.7179760634899139,0.4054621848739496,0.5595814019922174,0.4444444444444444,0.0,0.0,0.0,0.0,2002,clin,0.8
1,1,lr1e-04_bs32_modL1_fusion32_fusionL1_drop0p1_trmiss80_trlocclin,32,0.0001,1,32,1,0.1,lr1e-04_bs32_modL1_fusion32_fusionL1_drop0p1_trmiss80_trlocclin,20,0.4740801850954692,0.7184208333492279,0.4138655462184874,0.5669127611092908,0.4444444444444444,0.0,0.0,0.0,0.0,2002,clin,0.8
1,1,lr1e-04_bs32_modL1_fusion32_fusionL1_drop0p1_trmiss80_trlocclin,32,0.0001,1,32,1,0.1,lr1e-04_bs32_modL1_fusion32_fusionL1_drop0p1_trmiss80_trlocclin,21,0.4649151861667633,0.7172719836235046,0.40756302521008403,0.565748137459575,0.4444444444444444,0.0,0.0,0.0,0.0,2002,clin,0.8
1,1,lr1e-04_bs32_modL1_fusion32_fusionL1_drop0p1_trmiss80_trlocclin,32,0.0001,1,32,1,0.1,lr1e-04_bs32_modL1_fusion32_fusionL1_drop0p1_trmiss80_trlocclin,22,0.46665499607721966,0.7139221727848053,0.3970588235294118,0.5566926592076682,0.4444444444444444,0.0,0.0,0.0,0.0,2002,clin,0.8
1,1,lr1e-04_bs32_modL1_fusion32_fusionL1_drop0p1_trmiss80_trlocclin,32,0.0001,1,32,1,0.1,lr1e-04_bs32_modL1_fusion32_fusionL1_drop0p1_trmiss80_trlocclin,23,0.46091445287068683,0.7139427363872528,0.40336134453781514,0.5637601417101579,0.4666666666666667,0.0,0.0,0.0,0.0,2002,clin,0.8
1,1,lr1e-04_bs32_modL1_fusion32_fusionL1_drop0p1_trmiss80_trlocclin,32,0.0001,1,32,1,0.1,lr1e-04_bs32_modL1_fusion32_fusionL1_drop0p1_trmiss80_trlocclin,24,0.46653851866722107,0.7158504128456116,0.39915966386554624,0.560105017379724,0.4222222222222222,0.0,0.0,0.0,0.0,2002,clin,0.8
1,1,lr1e-04_bs32_modL1_fusion64_fusionL1_drop0p2_trmiss80_trlocclin,32,0.0001,1,64,1,0.2,lr1e-04_bs32_modL1_fusion64_fusionL1_drop0p2_trmiss80_trlocclin,1,0.7536845008532206,0.7042622268199921,0.5756302521008403,0.6914108075817729,0.37777777777777777,0.0,0.0,0.0,0.0,2002,clin,0.8
1,1,lr1e-04_bs32_modL1_fusion64_fusionL1_drop0p2_trmiss80_trlocclin,32,0.0001,1,64,1,0.2,lr1e-04_bs32_modL1_fusion64_fusionL1_drop0p2_trmiss80_trlocclin,2,0.7222416599591573,0.695587694644928,0.5651260504201681,0.6731705000512912,0.4222222222222222,0.0,0.0,0.0,0.0,2002,clin,0.8
1,1,lr1e-04_bs32_modL1_fusion64_fusionL1_drop0p2_trmiss80_trlocclin,32,0.0001,1,64,1,0.2,lr1e-04_bs32_modL1_fusion64_fusionL1_drop0p2_trmiss80_trlocclin,3,0.6764749586582184,0.6865481734275818,0.5567226890756303,0.6636672794306103,0.4222222222222222,0.0,0.0,0.0,0.0,2002,clin,0.8
1,1,lr1e-04_bs32_modL1_fusion64_fusionL1_drop0p2_trmiss80_trlocclin,32,0.0001,1,64,1,0.2,lr1e-04_bs32_modL1_fusion64_fusionL1_drop0p2_trmiss80_trlocclin,4,0.6660345991452535,0.6780372858047485,0.5672268907563025,0.6747966106512167,0.5111111111111111,0.0,0.0,0.0,0.0,2002,clin,0.8
1,1,lr1e-04_bs32_modL1_fusion64_fusionL1_drop0p2_trmiss80_trlocclin,32,0.0001,1,64,1,0.2,lr1e-04_bs32_modL1_fusion64_fusionL1_drop0p2_trmiss80_trlocclin,5,0.630923350652059,0.6716278493404388,0.5714285714285714,0.6843616866816288,0.5111111111111111,0.0,0.0,0.0,0.0,2002,clin,0.8
1,1,lr1e-04_bs32_modL1_fusion64_fusionL1_drop0p2_trmiss80_trlocclin,32,0.0001,1,64,1,0.2,lr1e-04_bs32_modL1_fusion64_fusionL1_drop0p2_trmiss80_trlocclin,6,0.6175075173377991,0.6665160953998566,0.5756302521008403,0.6881158987265162,0.5111111111111111,0.0,0.0,0.0,0.0,2002,clin,0.8
1,1,lr1e-04_bs32_modL1_fusion64_fusionL1_drop0p2_trmiss80_trlocclin,32,0.0001,1,64,1,0.2,lr1e-04_bs32_modL1_fusion64_fusionL1_drop0p2_trmiss80_trlocclin,7,0.6034058531125387,0.6625137627124786,0.5651260504201681,0.6815243227231946,0.4666666666666667,0.0,0.0,0.0,0.0,2002,clin,0.8
1,1,lr1e-04_bs32_modL1_fusion64_fusionL1_drop0p2_trmiss80_trlocclin,32,0.0001,1,64,1,0.2,lr1e-04_bs32_modL1_fusion64_fusionL1_drop0p2_trmiss80_trlocclin,8,0.5687192579110464,0.6577925086021423,0.5798319327731093,0.6722540263946276,0.5333333333333333,0.0,0.0,0.0,0.0,2002,clin,0.8
1,1,lr1e-04_bs32_modL1_fusion64_fusionL1_drop0p2_trmiss80_trlocclin,32,0.0001,1,64,1,0.2,lr1e-04_bs32_modL1_fusion64_fusionL1_drop0p2_trmiss80_trlocclin,9,0.5580007632573446,0.6559248864650726,0.592436974789916,0.6799510436629745,0.5555555555555556,0.0,0.0,0.0,0.0,2002,clin,0.8
1,1,lr1e-04_bs32_modL1_fusion64_fusionL1_drop0p2_trmiss80_trlocclin,32,0.0001,1,64,1,0.2,lr1e-04_bs32_modL1_fusion64_fusionL1_drop0p2_trmiss80_trlocclin,10,0.5580034255981445,0.6505887508392334,0.6050420168067228,0.6936228242802438,0.5777777777777777,0.0,0.0,0.0,0.0,2002,clin,0.8
1,1,lr1e-04_bs32_modL1_fusion64_fusionL1_drop0p2_trmiss80_trlocclin,32,0.0001,1,64,1,0.2,lr1e-04_bs32_modL1_fusion64_fusionL1_drop0p2_trmiss80_trlocclin,11,0.5328822980324427,0.6448700129985809,0.6260504201680672,0.7248267985330188,0.5555555555555556,0.0,0.0,0.0,0.0,2002,clin,0.8
1,1,lr1e-04_bs32_modL1_fusion64_fusionL1_drop0p2_trmiss80_trlocclin,32,0.0001,1,64,1,0.2,lr1e-04_bs32_modL1_fusion64_fusionL1_drop0p2_trmiss80_trlocclin,12,0.5444094041983286,0.643935889005661,0.6197478991596639,0.7187761560538048,0.5555555555555556,0.0,0.0,0.0,0.0,2002,clin,0.8
1,1,lr1e-04_bs32_modL1_fusion64_fusionL1_drop0p2_trmiss80_trlocclin,32,0.0001,1,64,1,0.2,lr1e-04_bs32_modL1_fusion64_fusionL1_drop0p2_trmiss80_trlocclin,13,0.5195291439692179,0.6427749693393707,0.6197478991596639,0.7110528413481337,0.5555555555555556,0.0,0.0,0.0,0.0,2002,clin,0.8
1,1,lr1e-04_bs32_modL1_fusion64_fusionL1_drop0p2_trmiss80_trlocclin,32,0.0001,1,64,1,0.2,lr1e-04_bs32_modL1_fusion64_fusionL1_drop0p2_trmiss80_trlocclin,14,0.5089934170246124,0.6408705711364746,0.634453781512605,0.6930576318498096,0.5777777777777777,0.0,0.0,0.0,0.0,2002,clin,0.8
1,1,lr1e-04_bs32_modL1_fusion64_fusionL1_drop0p2_trmiss80_trlocclin,32,0.0001,1,64,1,0.2,lr1e-04_bs32_modL1_fusion64_fusionL1_drop0p2_trmiss80_trlocclin,15,0.5102373212575912,0.6357800662517548,0.6449579831932774,0.7030808177009815,0.5777777777777777,0.0,0.0,0.0,0.0,2002,clin,0.8
1,1,lr1e-04_bs32_modL1_fusion64_fusionL1_drop0p2_trmiss80_trlocclin,32,0.0001,1,64,1,0.2,lr1e-04_bs32_modL1_fusion64_fusionL1_drop0p2_trmiss80_trlocclin,16,0.48410913348197937,0.637252539396286,0.634453781512605,0.7116681468310204,0.5777777777777777,0.0,0.0,0.0,0.0,2002,clin,0.8
1,1,lr1e-04_bs32_modL1_fusion64_fusionL1_drop0p2_trmiss80_trlocclin,32,0.0001,1,64,1,0.2,lr1e-04_bs32_modL1_fusion64_fusionL1_drop0p2_trmiss80_trlocclin,17,0.4741434355576833,0.6399994790554047,0.6302521008403361,0.7073826035395321,0.5777777777777777,0.0,0.0,0.0,0.0,2002,clin,0.8
1,1,lr1e-04_bs32_modL1_fusion64_fusionL1_drop0p2_trmiss80_trlocclin,32,0.0001,1,64,1,0.2,lr1e-04_bs32_modL1_fusion64_fusionL1_drop0p2_trmiss80_trlocclin,18,0.46675047775109607,0.6385772824287415,0.6365546218487395,0.7117354317442517,0.6,0.0,0.0,0.0,0.0,2002,clin,0.8
1,1,lr1e-04_bs32_modL1_fusion64_fusionL1_drop0p2_trmiss80_trlocclin,32,0.0001,1,64,1,0.2,lr1e-04_bs32_modL1_fusion64_fusionL1_drop0p2_trmiss80_trlocclin,19,0.4623974760373433,0.6385041773319244,0.6239495798319328,0.7066789674564354,0.6,0.0,0.0,0.0,0.0,2002,clin,0.8
1,1,lr1e-04_bs32_modL1_fusion64_fusionL1_drop0p2_trmiss80_trlocclin,32,0.0001,1,64,1,0.2,lr1e-04_bs32_modL1_fusion64_fusionL1_drop0p2_trmiss80_trlocclin,20,0.44641979535420734,0.6403243839740753,0.6176470588235294,0.7033368104866633,0.6,0.0,0.0,0.0,0.0,2002,clin,0.8
1,1,lr1e-04_bs32_modL1_fusion64_fusionL1_drop0p2_trmiss80_trlocclin,32,0.0001,1,64,1,0.2,lr1e-04_bs32_modL1_fusion64_fusionL1_drop0p2_trmiss80_trlocclin,21,0.4399177034695943,0.648373007774353,0.6050420168067228,0.6951335341681393,0.5777777777777777,0.0,0.0,0.0,0.0,2002,clin,0.8
1,1,lr1e-04_bs32_modL1_fusion64_fusionL1_drop0p2_trmiss80_trlocclin,32,0.0001,1,64,1,0.2,lr1e-04_bs32_modL1_fusion64_fusionL1_drop0p2_trmiss80_trlocclin,22,0.41279830535252887,0.6451626121997833,0.615546218487395,0.7028481520665807,0.5777777777777777,0.0,0.0,0.0,0.0,2002,clin,0.8
1,1,lr1e-04_bs32_modL1_fusion64_fusionL1_drop0p2_trmiss80_trlocclin,32,0.0001,1,64,1,0.2,lr1e-04_bs32_modL1_fusion64_fusionL1_drop0p2_trmiss80_trlocclin,23,0.41658007105191547,0.6432330310344696,0.6113445378151261,0.698355066618805,0.5777777777777777,0.0,0.0,0.0,0.0,2002,clin,0.8
1,1,lr1e-04_bs32_modL1_fusion64_fusionL1_drop0p2_trmiss80_trlocclin,32,0.0001,1,64,1,0.2,lr1e-04_bs32_modL1_fusion64_fusionL1_drop0p2_trmiss80_trlocclin,24,0.41625874241193134,0.6414745151996613,0.6134453781512605,0.6991999206894655,0.6,0.0,0.0,0.0,0.0,2002,clin,0.8
1,1,lr1e-04_bs32_modL1_fusion64_fusionL1_drop0p2_trmiss80_trlocclin,32,0.0001,1,64,1,0.2,lr1e-04_bs32_modL1_fusion64_fusionL1_drop0p2_trmiss80_trlocclin,25,0.41902559002240497,0.6408912837505341,0.6260504201680672,0.712999865954928,0.6444444444444445,0.0,0.0,0.0,0.0,2002,clin,0.8
1,1,lr1e-04_bs32_modL1_fusion64_fusionL1_drop0p2_trmiss80_trlocclin,32,0.0001,1,64,1,0.2,lr1e-04_bs32_modL1_fusion64_fusionL1_drop0p2_trmiss80_trlocclin,26,0.40611974398295086,0.6401925981044769,0.6218487394957983,0.7104826990940181,0.6444444444444445,0.0,0.0,0.0,0.0,2002,clin,0.8
1,1,lr1e-04_bs32_modL1_fusion64_fusionL1_drop0p2_trmiss80_trlocclin,32,0.0001,1,64,1,0.2,lr1e-04_bs32_modL1_fusion64_fusionL1_drop0p2_trmiss80_trlocclin,27,0.39539413650830585,0.6407522559165955,0.6134453781512605,0.7056565942679879,0.6444444444444445,0.0,0.0,0.0,0.0,2002,clin,0.8
1,1,lr1e-04_bs32_modL1_fusion64_fusionL1_drop0p2_trmiss80_trlocclin,32,0.0001,1,64,1,0.2,lr1e-04_bs32_modL1_fusion64_fusionL1_drop0p2_trmiss80_trlocclin,28,0.3865540971358617,0.641440361738205,0.6134453781512605,0.7054283391770325,0.6444444444444445,0.0,0.0,0.0,0.0,2002,clin,0.8
1,1,lr1e-04_bs32_modL1_fusion64_fusionL1_drop0p2_trmiss80_trlocclin,32,0.0001,1,64,1,0.2,lr1e-04_bs32_modL1_fusion64_fusionL1_drop0p2_trmiss80_trlocclin,29,0.3997618059317271,0.6415605843067169,0.6134453781512605,0.6981623465689082,0.6444444444444445,0.0,0.0,0.0,0.0,2002,clin,0.8
1,1,lr1e-04_bs32_modL1_fusion64_fusionL1_drop0p2_trmiss80_trlocclin,32,0.0001,1,64,1,0.2,lr1e-04_bs32_modL1_fusion64_fusionL1_drop0p2_trmiss80_trlocclin,30,0.3833974649508794,0.6407481729984283,0.6134453781512605,0.709803797472476,0.6444444444444445,0.0,0.0,0.0,0.0,2002,clin,0.8
1,1,lr1e-04_bs32_modL1_fusion64_fusionL1_drop0p2_trmiss80_trlocclin,32,0.0001,1,64,1,0.2,lr1e-04_bs32_modL1_fusion64_fusionL1_drop0p2_trmiss80_trlocclin,31,0.3824905107418696,0.642602801322937,0.615546218487395,0.6992510663485552,0.6444444444444445,0.0,0.0,0.0,0.0,2002,clin,0.8
1,1,lr1e-04_bs32_modL1_fusion64_fusionL1_drop0p2_trmiss80_trlocclin,32,0.0001,1,64,1,0.2,lr1e-04_bs32_modL1_fusion64_fusionL1_drop0p2_trmiss80_trlocclin,32,0.399188756942749,0.6460919380187988,0.6239495798319328,0.7047122580716212,0.6444444444444445,0.0,0.0,0.0,0.0,2002,clin,0.8
1,1,lr1e-04_bs32_modL1_fusion64_fusionL1_drop0p2_trmiss80_trlocclin,32,0.0001,1,64,1,0.2,lr1e-04_bs32_modL1_fusion64_fusionL1_drop0p2_trmiss80_trlocclin,33,0.39999713997046155,0.6466650664806366,0.6239495798319329,0.7053340308225321,0.6444444444444445,0.0,0.0,0.0,0.0,2002,clin,0.8
1,1,lr1e-04_bs32_modL1_fusion64_fusionL1_drop0p2_trmiss80_trlocclin,32,0.0001,1,64,1,0.2,lr1e-04_bs32_modL1_fusion64_fusionL1_drop0p2_trmiss80_trlocclin,34,0.3788451900084813,0.6470940709114075,0.6239495798319328,0.704860713290391,0.6444444444444445,0.0,0.0,0.0,0.0,2002,clin,0.8
1,1,lr1e-04_bs32_modL1_fusion64_fusionL1_drop0p2_trmiss80_trlocclin,32,0.0001,1,64,1,0.2,lr1e-04_bs32_modL1_fusion64_fusionL1_drop0p2_trmiss80_trlocclin,35,0.3874744027853012,0.6472687721252441,0.6197478991596639,0.7018766702107937,0.6444444444444445,0.0,0.0,0.0,0.0,2002,clin,0.8
1,1,lr1e-04_bs32_modL1_fusion64_fusionL1_drop0p1_trmiss80_trlocclin,32,0.0001,1,64,1,0.1,lr1e-04_bs32_modL1_fusion64_fusionL1_drop0p1_trmiss80_trlocclin,1,0.7226408819357554,0.716271698474884,0.4558823529411764,0.6106473396323074,0.4444444444444444,0.0,0.0,0.0,0.0,2002,clin,0.8
1,1,lr1e-04_bs32_modL1_fusion64_fusionL1_drop0p1_trmiss80_trlocclin,32,0.0001,1,64,1,0.1,lr1e-04_bs32_modL1_fusion64_fusionL1_drop0p1_trmiss80_trlocclin,2,0.6623040934403738,0.7175196707248688,0.51890756302521,0.6430668938761351,0.4444444444444444,0.0,0.0,0.0,0.0,2002,clin,0.8
1,1,lr1e-04_bs32_modL1_fusion64_fusionL1_drop0p1_trmiss80_trlocclin,32,0.0001,1,64,1,0.1,lr1e-04_bs32_modL1_fusion64_fusionL1_drop0p1_trmiss80_trlocclin,3,0.6321314771970113,0.7196315824985504,0.5567226890756303,0.6575357585748046,0.4666666666666667,0.0,0.0,0.0,0.0,2002,clin,0.8
1,1,lr1e-04_bs32_modL1_fusion64_fusionL1_drop0p1_trmiss80_trlocclin,32,0.0001,1,64,1,0.1,lr1e-04_bs32_modL1_fusion64_fusionL1_drop0p1_trmiss80_trlocclin,4,0.598869393269221,0.7197529673576355,0.5672268907563025,0.6533036331345089,0.5111111111111111,0.0,0.0,0.0,0.0,2002,clin,0.8
1,1,lr1e-04_bs32_modL1_fusion64_fusionL1_drop0p1_trmiss80_trlocclin,32,0.0001,1,64,1,0.1,lr1e-04_bs32_modL1_fusion64_fusionL1_drop0p1_trmiss80_trlocclin,5,0.5659328599770864,0.724805623292923,0.5525210084033614,0.6406823379821579,0.5333333333333333,0.0,0.0,0.0,0.0,2002,clin,0.8
1,1,lr1e-04_bs32_modL1_fusion64_fusionL1_drop0p1_trmiss80_trlocclin,32,0.0001,1,64,1,0.1,lr1e-04_bs32_modL1_fusion64_fusionL1_drop0p1_trmiss80_trlocclin,6,0.5454390545686086,0.7285632491111755,0.546218487394958,0.6267326873819568,0.5555555555555556,0.0,0.0,0.0,0.0,2002,clin,0.8
1,1,lr1e-04_bs32_modL1_fusion64_fusionL1_drop0p1_trmiss80_trlocclin,32,0.0001,1,64,1,0.1,lr1e-04_bs32_modL1_fusion64_fusionL1_drop0p1_trmiss80_trlocclin,7,0.5177245338757833,0.7290160953998566,0.5378151260504201,0.6228914801741237,0.5777777777777777,0.0,0.0,0.0,0.0,2002,clin,0.8
1,1,lr1e-04_bs32_modL1_fusion64_fusionL1_drop0p1_trmiss80_trlocclin,32,0.0001,1,64,1,0.1,lr1e-04_bs32_modL1_fusion64_fusionL1_drop0p1_trmiss80_trlocclin,8,0.5176917761564255,0.7290778756141663,0.5399159663865547,0.6263846541383854,0.6,0.0,0.0,0.0,0.0,2002,clin,0.8
1,1,lr1e-04_bs32_modL1_fusion64_fusionL1_drop0p1_trmiss80_trlocclin,32,0.0001,1,64,1,0.1,lr1e-04_bs32_modL1_fusion64_fusionL1_drop0p1_trmiss80_trlocclin,9,0.5137600898742676,0.7285321652889252,0.5336134453781513,0.621577787452763,0.6222222222222222,0.0,0.0,0.0,0.0,2002,clin,0.8
1,1,lr1e-04_bs32_modL1_fusion64_fusionL1_drop0p1_trmiss80_trlocclin,32,0.0001,1,64,1,0.1,lr1e-04_bs32_modL1_fusion64_fusionL1_drop0p1_trmiss80_trlocclin,10,0.4887462556362152,0.728476345539093,0.5315126050420168,0.615215358348774,0.6444444444444445,0.0,0.0,0.0,0.0,2002,clin,0.8
1,1,lr1e-04_bs32_modL1_fusion64_fusionL1_drop0p1_trmiss80_trlocclin,32,0.0001,1,64,1,0.1,lr1e-04_bs32_modL1_fusion64_fusionL1_drop0p1_trmiss80_trlocclin,11,0.4882144133249919,0.731139749288559,0.5147058823529412,0.6037194300980037,0.6666666666666666,0.0,0.0,0.0,0.0,2002,clin,0.8
1,1,lr1e-04_bs32_modL1_fusion64_fusionL1_drop0p1_trmiss80_trlocclin,32,0.0001,1,64,1,0.1,lr1e-04_bs32_modL1_fusion64_fusionL1_drop0p1_trmiss80_trlocclin,12,0.47059105336666107,0.7328913509845734,0.5063025210084033,0.6001946250980545,0.6222222222222222,0.0,0.0,0.0,0.0,2002,clin,0.8
1,1,lr1e-04_bs32_modL1_fusion64_fusionL1_drop0p1_trmiss80_trlocclin,32,0.0001,1,64,1,0.1,lr1e-04_bs32_modL1_fusion64_fusionL1_drop0p1_trmiss80_trlocclin,13,0.46404801805814105,0.7298834323883057,0.523109243697479,0.604766453678546,0.6,0.0,0.0,0.0,0.0,2002,clin,0.8
1,1,lr1e-04_bs32_modL1_fusion64_fusionL1_drop0p1_trmiss80_trlocclin,32,0.0001,1,64,1,0.1,lr1e-04_bs32_modL1_fusion64_fusionL1_drop0p1_trmiss80_trlocclin,14,0.46858078241348267,0.7258389294147491,0.5336134453781513,0.6109959683770227,0.6222222222222222,0.0,0.0,0.0,0.0,2002,clin,0.8
1,1,lr1e-04_bs32_modL1_fusion64_fusionL1_drop0p1_trmiss80_trlocclin,32,0.0001,1,64,1,0.1,lr1e-04_bs32_modL1_fusion64_fusionL1_drop0p1_trmiss80_trlocclin,15,0.46836339433987934,0.7288421392440796,0.5336134453781513,0.6104639980930875,0.6,0.0,0.0,0.0,0.0,2002,clin,0.8
1,1,lr1e-04_bs32_modL1_fusion64_fusionL1_drop0p1_trmiss80_trlocclin,32,0.0001,1,64,1,0.1,lr1e-04_bs32_modL1_fusion64_fusionL1_drop0p1_trmiss80_trlocclin,16,0.450896476705869,0.7262791097164154,0.5336134453781513,0.6104301675445511,0.6,0.0,0.0,0.0,0.0,2002,clin,0.8
1,1,lr1e-04_bs32_modL1_fusion64_fusionL1_drop0p1_trmiss80_trlocclin,32,0.0001,1,64,1,0.1,lr1e-04_bs32_modL1_fusion64_fusionL1_drop0p1_trmiss80_trlocclin,17,0.45032699902852374,0.7289460599422455,0.5273109243697479,0.6034960575265881,0.6,0.0,0.0,0.0,0.0,2002,clin,0.8
1,1,lr1e-04_bs32_modL1_fusion64_fusionL1_drop0p1_trmiss80_trlocclin,32,0.0001,1,64,1,0.1,lr1e-04_bs32_modL1_fusion64_fusionL1_drop0p1_trmiss80_trlocclin,18,0.4543207287788391,0.7228260040283203,0.5294117647058824,0.6098568874943436,0.6,0.0,0.0,0.0,0.0,2002,clin,0.8
1,1,lr1e-04_bs32_modL1_fusion64_fusionL1_drop0p1_trmiss80_trlocclin,32,0.0001,1,64,1,0.1,lr1e-04_bs32_modL1_fusion64_fusionL1_drop0p1_trmiss80_trlocclin,19,0.4308055241902669,0.7256546318531036,0.5273109243697479,0.6042304691418308,0.6,0.0,0.0,0.0,0.0,2002,clin,0.8
1,1,lr1e-04_bs32_modL1_fusion64_fusionL1_drop0p1_trmiss80_trlocclin,32,0.0001,1,64,1,0.1,lr1e-04_bs32_modL1_fusion64_fusionL1_drop0p1_trmiss80_trlocclin,20,0.43523669242858887,0.7270490229129791,0.51890756302521,0.5980445063846349,0.6,0.0,0.0,0.0,0.0,2002,clin,0.8
1,1,lr1e-04_bs32_modL1_fusion64_fusionL1_drop0p1_trmiss80_trlocclin,32,0.0001,1,64,1,0.1,lr1e-04_bs32_modL1_fusion64_fusionL1_drop0p1_trmiss80_trlocclin,21,0.4421313752730687,0.7284278273582458,0.523109243697479,0.5999561600474496,0.6222222222222222,0.0,0.0,0.0,0.0,2002,clin,0.8
1,1,lr1e-04_bs32_modL1_fusion64_fusionL1_drop0p1_trmiss80_trlocclin,32,0.0001,1,64,1,0.1,lr1e-04_bs32_modL1_fusion64_fusionL1_drop0p1_trmiss80_trlocclin,22,0.4238291879494985,0.7271873652935028,0.523109243697479,0.6008146765309661,0.6222222222222222,0.0,0.0,0.0,0.0,2002,clin,0.8
1,1,lr1e-04_bs32_modL1_fusion64_fusionL1_drop0p1_trmiss80_trlocclin,32,0.0001,1,64,1,0.1,lr1e-04_bs32_modL1_fusion64_fusionL1_drop0p1_trmiss80_trlocclin,23,0.4317050675551097,0.7273463010787964,0.5315126050420168,0.6046226024018619,0.6,0.0,0.0,0.0,0.0,2002,clin,0.8
1,1,lr1e-04_bs32_modL1_fusion64_fusionL1_drop0p1_trmiss80_trlocclin,32,0.0001,1,64,1,0.1,lr1e-04_bs32_modL1_fusion64_fusionL1_drop0p1_trmiss80_trlocclin,24,0.412239670753479,0.7271196246147156,0.5294117647058824,0.6037424495458392,0.6,0.0,0.0,0.0,0.0,2002,clin,0.8
1,2,lr5e-05_bs16_modL1_fusion32_fusionL1_drop0p2_trmiss80_trlocclin,16,5e-05,1,32,1,0.2,lr5e-05_bs16_modL1_fusion32_fusionL1_drop0p2_trmiss80_trlocclin,1,0.7538042416175207,0.7009775837262472,0.5399159663865547,0.6826414235144738,0.6,0.0,0.0,0.0,0.0,2002,clin,0.8
1,2,lr5e-05_bs16_modL1_fusion32_fusionL1_drop0p2_trmiss80_trlocclin,16,5e-05,1,32,1,0.2,lr5e-05_bs16_modL1_fusion32_fusionL1_drop0p2_trmiss80_trlocclin,2,0.6982231189807256,0.7182748913764954,0.5630252100840336,0.7033530892196646,0.4888888888888889,0.0,0.0,0.0,0.0,2002,clin,0.8
1,2,lr5e-05_bs16_modL1_fusion32_fusionL1_drop0p2_trmiss80_trlocclin,16,5e-05,1,32,1,0.2,lr5e-05_bs16_modL1_fusion32_fusionL1_drop0p2_trmiss80_trlocclin,3,0.7004023691018423,0.7354205648104349,0.5567226890756303,0.7024840732492131,0.4888888888888889,0.0,0.0,0.0,0.0,2002,clin,0.8
1,2,lr5e-05_bs16_modL1_fusion32_fusionL1_drop0p2_trmiss80_trlocclin,16,5e-05,1,32,1,0.2,lr5e-05_bs16_modL1_fusion32_fusionL1_drop0p2_trmiss80_trlocclin,4,0.6616329252719879,0.7334935665130615,0.5399159663865545,0.6918253544721406,0.4666666666666667,0.0,0.0,0.0,0.0,2002,clin,0.8
1,2,lr5e-05_bs16_modL1_fusion32_fusionL1_drop0p2_trmiss80_trlocclin,16,5e-05,1,32,1,0.2,lr5e-05_bs16_modL1_fusion32_fusionL1_drop0p2_trmiss80_trlocclin,5,0.6597204357385635,0.741044302781423,0.5357142857142857,0.6706294694503429,0.4888888888888889,0.0,0.0,0.0,0.0,2002,clin,0.8
1,2,lr5e-05_bs16_modL1_fusion32_fusionL1_drop0p2_trmiss80_trlocclin,16,5e-05,1,32,1,0.2,lr5e-05_bs16_modL1_fusion32_fusionL1_drop0p2_trmiss80_trlocclin,6,0.6432082255681356,0.7368252277374268,0.5420168067226891,0.681443778661659,0.4666666666666667,0.0,0.0,0.0,0.0,2002,clin,0.8
1,2,lr5e-05_bs16_modL1_fusion32_fusionL1_drop0p2_trmiss80_trlocclin,16,5e-05,1,32,1,0.2,lr5e-05_bs16_modL1_fusion32_fusionL1_drop0p2_trmiss80_trlocclin,7,0.6088135292132696,0.7390676538149515,0.5441176470588236,0.6742839171315819,0.4666666666666667,0.0,0.0,0.0,0.0,2002,clin,0.8
1,2,lr5e-05_bs16_modL1_fusion32_fusionL1_drop0p2_trmiss80_trlocclin,16,5e-05,1,32,1,0.2,lr5e-05_bs16_modL1_fusion32_fusionL1_drop0p2_trmiss80_trlocclin,8,0.626417855421702,0.7429440418879191,0.5273109243697479,0.6671093636629885,0.5111111111111111,0.0,0.0,0.0,0.0,2002,clin,0.8
1,2,lr5e-05_bs16_modL1_fusion32_fusionL1_drop0p2_trmiss80_trlocclin,16,5e-05,1,32,1,0.2,lr5e-05_bs16_modL1_fusion32_fusionL1_drop0p2_trmiss80_trlocclin,9,0.6188906679550806,0.755781888961792,0.5189075630252101,0.6628340591769389,0.4666666666666667,0.0,0.0,0.0,0.0,2002,clin,0.8
1,2,lr5e-05_bs16_modL1_fusion32_fusionL1_drop0p2_trmiss80_trlocclin,16,5e-05,1,32,1,0.2,lr5e-05_bs16_modL1_fusion32_fusionL1_drop0p2_trmiss80_trlocclin,10,0.6209825227657954,0.7415132721265157,0.5357142857142858,0.667948910170979,0.4666666666666667,0.0,0.0,0.0,0.0,2002,clin,0.8
1,2,lr5e-05_bs16_modL1_fusion32_fusionL1_drop0p2_trmiss80_trlocclin,16,5e-05,1,32,1,0.2,lr5e-05_bs16_modL1_fusion32_fusionL1_drop0p2_trmiss80_trlocclin,11,0.6109214077393214,0.7334392666816711,0.5357142857142857,0.6705157555175106,0.4888888888888889,0.0,0.0,0.0,0.0,2002,clin,0.8
1,2,lr5e-05_bs16_modL1_fusion32_fusionL1_drop0p2_trmiss80_trlocclin,16,5e-05,1,32,1,0.2,lr5e-05_bs16_modL1_fusion32_fusionL1_drop0p2_trmiss80_trlocclin,12,0.607581709822019,0.7539536754290262,0.5189075630252101,0.6601838664780951,0.4444444444444444,0.0,0.0,0.0,0.0,2002,clin,0.8
1,2,lr5e-05_bs16_modL1_fusion32_fusionL1_drop0p2_trmiss80_trlocclin,16,5e-05,1,32,1,0.2,lr5e-05_bs16_modL1_fusion32_fusionL1_drop0p2_trmiss80_trlocclin,13,0.5983327453335127,0.7526832421620687,0.5,0.6487398940269409,0.4666666666666667,0.0,0.0,0.0,0.0,2002,clin,0.8
1,2,lr5e-05_bs16_modL1_fusion32_fusionL1_drop0p2_trmiss80_trlocclin,16,5e-05,1,32,1,0.2,lr5e-05_bs16_modL1_fusion32_fusionL1_drop0p2_trmiss80_trlocclin,14,0.5848273808757464,0.7461774547894796,0.5378151260504201,0.6689876449686102,0.5111111111111111,0.0,0.0,0.0,0.0,2002,clin,0.8
1,2,lr5e-05_bs16_modL1_fusion32_fusionL1_drop0p2_trmiss80_trlocclin,16,5e-05,1,32,1,0.2,lr5e-05_bs16_modL1_fusion32_fusionL1_drop0p2_trmiss80_trlocclin,15,0.598266527056694,0.7389422456423441,0.5357142857142857,0.6623071689849543,0.5111111111111111,0.0,0.0,0.0,0.0,2002,clin,0.8
1,2,lr5e-05_bs16_modL1_fusion32_fusionL1_drop0p2_trmiss80_trlocclin,16,5e-05,1,32,1,0.2,lr5e-05_bs16_modL1_fusion32_fusionL1_drop0p2_trmiss80_trlocclin,16,0.5710204740365347,0.7489313880602518,0.5399159663865547,0.6718970798339301,0.4888888888888889,0.0,0.0,0.0,0.0,2002,clin,0.8
1,2,lr5e-05_bs16_modL1_fusion32_fusionL1_drop0p2_trmiss80_trlocclin,16,5e-05,1,32,1,0.2,lr5e-05_bs16_modL1_fusion32_fusionL1_drop0p2_trmiss80_trlocclin,17,0.5783275639017423,0.7450583775838217,0.523109243697479,0.6662656254552399,0.4888888888888889,0.0,0.0,0.0,0.0,2002,clin,0.8
1,2,lr5e-05_bs16_modL1_fusion32_fusionL1_drop0p2_trmiss80_trlocclin,16,5e-05,1,32,1,0.2,lr5e-05_bs16_modL1_fusion32_fusionL1_drop0p2_trmiss80_trlocclin,18,0.5696260283390681,0.738149623076121,0.5420168067226891,0.666772673603383,0.4888888888888889,0.0,0.0,0.0,0.0,2002,clin,0.8
1,2,lr5e-05_bs16_modL1_fusion32_fusionL1_drop0p2_trmiss80_trlocclin,16,5e-05,1,32,1,0.2,lr5e-05_bs16_modL1_fusion32_fusionL1_drop0p2_trmiss80_trlocclin,19,0.588900069395701,0.7391890486081442,0.5441176470588236,0.6606482055849344,0.4444444444444444,0.0,0.0,0.0,0.0,2002,clin,0.8
1,2,lr5e-05_bs16_modL1_fusion32_fusionL1_drop0p2_trmiss80_trlocclin,16,5e-05,1,32,1,0.2,lr5e-05_bs16_modL1_fusion32_fusionL1_drop0p2_trmiss80_trlocclin,20,0.5857397889097532,0.754277249177297,0.5168067226890757,0.6456757704722341,0.4666666666666667,0.0,0.0,0.0,0.0,2002,clin,0.8
1,2,lr5e-05_bs16_modL1_fusion32_fusionL1_drop0p2_trmiss80_trlocclin,16,5e-05,1,32,1,0.2,lr5e-05_bs16_modL1_fusion32_fusionL1_drop0p2_trmiss80_trlocclin,21,0.5875050351023674,0.7439962029457092,0.5252100840336134,0.6556323570704622,0.4444444444444444,0.0,0.0,0.0,0.0,2002,clin,0.8
1,2,lr5e-05_bs16_modL1_fusion32_fusionL1_drop0p2_trmiss80_trlocclin,16,5e-05,1,32,1,0.2,lr5e-05_bs16_modL1_fusion32_fusionL1_drop0p2_trmiss80_trlocclin,22,0.5818975269794464,0.745113730430603,0.5231092436974789,0.6591018143933004,0.4666666666666667,0.0,0.0,0.0,0.0,2002,clin,0.8
1,2,lr5e-05_bs16_modL1_fusion32_fusionL1_drop0p1_trmiss80_trlocclin,16,5e-05,1,32,1,0.1,lr5e-05_bs16_modL1_fusion32_fusionL1_drop0p1_trmiss80_trlocclin,1,0.6956693927447001,0.6614568630854288,0.5966386554621849,0.7587859208887516,0.6,0.0,0.0,0.0,0.0,2002,clin,0.8
1,2,lr5e-05_bs16_modL1_fusion32_fusionL1_drop0p1_trmiss80_trlocclin,16,5e-05,1,32,1,0.1,lr5e-05_bs16_modL1_fusion32_fusionL1_drop0p1_trmiss80_trlocclin,2,0.6821711113055547,0.6597784360249838,0.5882352941176471,0.7502312844575366,0.5777777777777777,0.0,0.0,0.0,0.0,2002,clin,0.8
1,2,lr5e-05_bs16_modL1_fusion32_fusionL1_drop0p1_trmiss80_trlocclin,16,5e-05,1,32,1,0.1,lr5e-05_bs16_modL1_fusion32_fusionL1_drop0p1_trmiss80_trlocclin,3,0.6273779720067978,0.6561602354049683,0.5777310924369748,0.753059018672077,0.5555555555555556,0.0,0.0,0.0,0.0,2002,clin,0.8
1,2,lr5e-05_bs16_modL1_fusion32_fusionL1_drop0p1_trmiss80_trlocclin,16,5e-05,1,32,1,0.1,lr5e-05_bs16_modL1_fusion32_fusionL1_drop0p1_trmiss80_trlocclin,4,0.6179003218809763,0.660222073396047,0.5609243697478992,0.7514120207185208,0.4888888888888889,0.0,0.0,0.0,0.0,2002,clin,0.8
1,2,lr5e-05_bs16_modL1_fusion32_fusionL1_drop0p1_trmiss80_trlocclin,16,5e-05,1,32,1,0.1,lr5e-05_bs16_modL1_fusion32_fusionL1_drop0p1_trmiss80_trlocclin,5,0.6007739901542664,0.6592052181561788,0.6092436974789915,0.7632817418582104,0.5555555555555556,0.0,0.0,0.0,0.0,2002,clin,0.8
1,2,lr5e-05_bs16_modL1_fusion32_fusionL1_drop0p1_trmiss80_trlocclin,16,5e-05,1,32,1,0.1,lr5e-05_bs16_modL1_fusion32_fusionL1_drop0p1_trmiss80_trlocclin,6,0.5983114937941233,0.6520717144012451,0.6281512605042017,0.7829858367078951,0.6,0.0,0.0,0.0,0.0,2002,clin,0.8
1,2,lr5e-05_bs16_modL1_fusion32_fusionL1_drop0p1_trmiss80_trlocclin,16,5e-05,1,32,1,0.1,lr5e-05_bs16_modL1_fusion32_fusionL1_drop0p1_trmiss80_trlocclin,7,0.5714151163895925,0.6538413564364115,0.6281512605042017,0.7645972121292245,0.6,0.0,0.0,0.0,0.0,2002,clin,0.8
1,2,lr5e-05_bs16_modL1_fusion32_fusionL1_drop0p1_trmiss80_trlocclin,16,5e-05,1,32,1,0.1,lr5e-05_bs16_modL1_fusion32_fusionL1_drop0p1_trmiss80_trlocclin,8,0.5731264452139536,0.6534443497657776,0.6071428571428571,0.7570655073682211,0.5777777777777777,0.0,0.0,0.0,0.0,2002,clin,0.8
1,2,lr5e-05_bs16_modL1_fusion32_fusionL1_drop0p1_trmiss80_trlocclin,16,5e-05,1,32,1,0.1,lr5e-05_bs16_modL1_fusion32_fusionL1_drop0p1_trmiss80_trlocclin,9,0.5567313631375631,0.6571870446205139,0.6197478991596639,0.7373717750311943,0.5777777777777777,0.0,0.0,0.0,0.0,2002,clin,0.8
1,2,lr5e-05_bs16_modL1_fusion32_fusionL1_drop0p1_trmiss80_trlocclin,16,5e-05,1,32,1,0.1,lr5e-05_bs16_modL1_fusion32_fusionL1_drop0p1_trmiss80_trlocclin,10,0.5394137849410375,0.6660088896751404,0.5861344537815126,0.7433979259248403,0.5777777777777777,0.0,0.0,0.0,0.0,2002,clin,0.8
1,2,lr5e-05_bs16_modL1_fusion32_fusionL1_drop0p1_trmiss80_trlocclin,16,5e-05,1,32,1,0.1,lr5e-05_bs16_modL1_fusion32_fusionL1_drop0p1_trmiss80_trlocclin,11,0.5381365319093069,0.6680153409639994,0.5840336134453781,0.719333134355665,0.5555555555555556,0.0,0.0,0.0,0.0,2002,clin,0.8
1,2,lr5e-05_bs16_modL1_fusion32_fusionL1_drop0p1_trmiss80_trlocclin,16,5e-05,1,32,1,0.1,lr5e-05_bs16_modL1_fusion32_fusionL1_drop0p1_trmiss80_trlocclin,12,0.5340254977345467,0.6707910299301147,0.5756302521008404,0.7214892052159854,0.5777777777777777,0.0,0.0,0.0,0.0,2002,clin,0.8
1,2,lr5e-05_bs16_modL1_fusion32_fusionL1_drop0p1_trmiss80_trlocclin,16,5e-05,1,32,1,0.1,lr5e-05_bs16_modL1_fusion32_fusionL1_drop0p1_trmiss80_trlocclin,13,0.5233968297640482,0.6752878824869791,0.569327731092437,0.715329897819432,0.5333333333333333,0.0,0.0,0.0,0.0,2002,clin,0.8
1,2,lr5e-05_bs16_modL1_fusion32_fusionL1_drop0p1_trmiss80_trlocclin,16,5e-05,1,32,1,0.1,lr5e-05_bs16_modL1_fusion32_fusionL1_drop0p1_trmiss80_trlocclin,14,0.49968719979127246,0.670399030049642,0.5861344537815125,0.7171195412295959,0.5333333333333333,0.0,0.0,0.0,0.0,2002,clin,0.8
1,2,lr5e-05_bs16_modL1_fusion32_fusionL1_drop0p1_trmiss80_trlocclin,16,5e-05,1,32,1,0.1,lr5e-05_bs16_modL1_fusion32_fusionL1_drop0p1_trmiss80_trlocclin,15,0.5160906439026197,0.6782937248547872,0.5630252100840336,0.6969946092934155,0.5555555555555556,0.0,0.0,0.0,0.0,2002,clin,0.8
1,2,lr5e-05_bs16_modL1_fusion32_fusionL1_drop0p1_trmiss80_trlocclin,16,5e-05,1,32,1,0.1,lr5e-05_bs16_modL1_fusion32_fusionL1_drop0p1_trmiss80_trlocclin,16,0.5279836058616638,0.6718751986821493,0.5840336134453781,0.7168448642460468,0.6,0.0,0.0,0.0,0.0,2002,clin,0.8
1,2,lr5e-05_bs16_modL1_fusion32_fusionL1_drop0p1_trmiss80_trlocclin,16,5e-05,1,32,1,0.1,lr5e-05_bs16_modL1_fusion32_fusionL1_drop0p1_trmiss80_trlocclin,17,0.5265696172912916,0.6682613492012024,0.611344537815126,0.7447867941996646,0.6,0.0,0.0,0.0,0.0,2002,clin,0.8
1,2,lr5e-05_bs16_modL1_fusion32_fusionL1_drop0p1_trmiss80_trlocclin,16,5e-05,1,32,1,0.1,lr5e-05_bs16_modL1_fusion32_fusionL1_drop0p1_trmiss80_trlocclin,18,0.49305093785127,0.6685630083084106,0.6050420168067228,0.7311195846677934,0.5777777777777777,0.0,0.0,0.0,0.0,2002,clin,0.8
1,2,lr5e-05_bs16_modL1_fusion32_fusionL1_drop0p1_trmiss80_trlocclin,16,5e-05,1,32,1,0.1,lr5e-05_bs16_modL1_fusion32_fusionL1_drop0p1_trmiss80_trlocclin,19,0.5036113187670708,0.6662631630897522,0.5903361344537816,0.7448734721350201,0.5555555555555556,0.0,0.0,0.0,0.0,2002,clin,0.8
1,2,lr5e-05_bs16_modL1_fusion32_fusionL1_drop0p1_trmiss80_trlocclin,16,5e-05,1,32,1,0.1,lr5e-05_bs16_modL1_fusion32_fusionL1_drop0p1_trmiss80_trlocclin,20,0.4958561758200328,0.6669016679128011,0.5861344537815126,0.7354969079237896,0.5333333333333333,0.0,0.0,0.0,0.0,2002,clin,0.8
1,2,lr5e-05_bs16_modL1_fusion32_fusionL1_drop0p1_trmiss80_trlocclin,16,5e-05,1,32,1,0.1,lr5e-05_bs16_modL1_fusion32_fusionL1_drop0p1_trmiss80_trlocclin,21,0.5000936736663183,0.6680527130762736,0.5987394957983194,0.7306905745827152,0.6222222222222222,0.0,0.0,0.0,0.0,2002,clin,0.8
1,2,lr5e-05_bs16_modL1_fusion32_fusionL1_drop0p1_trmiss80_trlocclin,16,5e-05,1,32,1,0.1,lr5e-05_bs16_modL1_fusion32_fusionL1_drop0p1_trmiss80_trlocclin,22,0.48204053441683453,0.6697970032691956,0.5966386554621849,0.735998707952381,0.5777777777777777,0.0,0.0,0.0,0.0,2002,clin,0.8
1,2,lr5e-05_bs16_modL1_fusion32_fusionL1_drop0p1_trmiss80_trlocclin,16,5e-05,1,32,1,0.1,lr5e-05_bs16_modL1_fusion32_fusionL1_drop0p1_trmiss80_trlocclin,23,0.49133829524119693,0.6725154916445414,0.5987394957983193,0.7374894010675717,0.6,0.0,0.0,0.0,0.0,2002,clin,0.8
1,2,lr5e-05_bs16_modL1_fusion32_fusionL1_drop0p1_trmiss80_trlocclin,16,5e-05,1,32,1,0.1,lr5e-05_bs16_modL1_fusion32_fusionL1_drop0p1_trmiss80_trlocclin,24,0.49210968365271884,0.6705406506856283,0.5882352941176471,0.7196829306340596,0.6,0.0,0.0,0.0,0.0,2002,clin,0.8
1,2,lr5e-05_bs16_modL1_fusion32_fusionL1_drop0p1_trmiss80_trlocclin,16,5e-05,1,32,1,0.1,lr5e-05_bs16_modL1_fusion32_fusionL1_drop0p1_trmiss80_trlocclin,25,0.4839978963136673,0.668634831905365,0.596638655462185,0.7293622591583002,0.5777777777777777,0.0,0.0,0.0,0.0,2002,clin,0.8
1,2,lr5e-05_bs16_modL1_fusion32_fusionL1_drop0p1_trmiss80_trlocclin,16,5e-05,1,32,1,0.1,lr5e-05_bs16_modL1_fusion32_fusionL1_drop0p1_trmiss80_trlocclin,26,0.4736555938919385,0.6691959102948507,0.5840336134453782,0.7237129281187271,0.5555555555555556,0.0,0.0,0.0,0.0,2002,clin,0.8
1,2,lr5e-05_bs16_modL1_fusion64_fusionL1_drop0p2_trmiss80_trlocclin,16,5e-05,1,64,1,0.2,lr5e-05_bs16_modL1_fusion64_fusionL1_drop0p2_trmiss80_trlocclin,1,0.7278448790311813,0.7338488698005676,0.3403361344537815,0.5373396842357494,0.3333333333333333,0.0,0.0,0.0,0.0,2002,clin,0.8
1,2,lr5e-05_bs16_modL1_fusion64_fusionL1_drop0p2_trmiss80_trlocclin,16,5e-05,1,64,1,0.2,lr5e-05_bs16_modL1_fusion64_fusionL1_drop0p2_trmiss80_trlocclin,2,0.6970334698756536,0.7601266304651896,0.31302521008403367,0.559886685126842,0.3111111111111111,0.0,0.0,0.0,0.0,2002,clin,0.8
1,2,lr5e-05_bs16_modL1_fusion64_fusionL1_drop0p2_trmiss80_trlocclin,16,5e-05,1,64,1,0.2,lr5e-05_bs16_modL1_fusion64_fusionL1_drop0p2_trmiss80_trlocclin,3,0.6710634082555771,0.7714458306630453,0.32563025210084034,0.5639250849523871,0.35555555555555557,0.0,0.0,0.0,0.0,2002,clin,0.8
1,2,lr5e-05_bs16_modL1_fusion64_fusionL1_drop0p2_trmiss80_trlocclin,16,5e-05,1,64,1,0.2,lr5e-05_bs16_modL1_fusion64_fusionL1_drop0p2_trmiss80_trlocclin,4,0.6955402791500092,0.7698334058125814,0.3445378151260504,0.5604522951810066,0.35555555555555557,0.0,0.0,0.0,0.0,2002,clin,0.8
1,2,lr5e-05_bs16_modL1_fusion64_fusionL1_drop0p2_trmiss80_trlocclin,16,5e-05,1,64,1,0.2,lr5e-05_bs16_modL1_fusion64_fusionL1_drop0p2_trmiss80_trlocclin,5,0.6502154966195425,0.763294537862142,0.3676470588235294,0.5824133626616602,0.37777777777777777,0.0,0.0,0.0,0.0,2002,clin,0.8
1,2,lr5e-05_bs16_modL1_fusion64_fusionL1_drop0p2_trmiss80_trlocclin,16,5e-05,1,64,1,0.2,lr5e-05_bs16_modL1_fusion64_fusionL1_drop0p2_trmiss80_trlocclin,6,0.654900978008906,0.7616877555847168,0.37815126050420167,0.6001034847064222,0.37777777777777777,0.0,0.0,0.0,0.0,2002,clin,0.8
1,2,lr5e-05_bs16_modL1_fusion64_fusionL1_drop0p2_trmiss80_trlocclin,16,5e-05,1,64,1,0.2,lr5e-05_bs16_modL1_fusion64_fusionL1_drop0p2_trmiss80_trlocclin,7,0.6269989212354025,0.7707536220550537,0.40126050420168063,0.6144203371241667,0.4,0.0,0.0,0.0,0.0,2002,clin,0.8
1,2,lr5e-05_bs16_modL1_fusion64_fusionL1_drop0p2_trmiss80_trlocclin,16,5e-05,1,64,1,0.2,lr5e-05_bs16_modL1_fusion64_fusionL1_drop0p2_trmiss80_trlocclin,8,0.6105869362751642,0.7594828208287557,0.3949579831932773,0.6109791208757455,0.4222222222222222,0.0,0.0,0.0,0.0,2002,clin,0.8
1,2,lr5e-05_bs16_modL1_fusion64_fusionL1_drop0p2_trmiss80_trlocclin,16,5e-05,1,64,1,0.2,lr5e-05_bs16_modL1_fusion64_fusionL1_drop0p2_trmiss80_trlocclin,9,0.6059648195902506,0.7555689414342245,0.39915966386554624,0.6208290698206925,0.4,0.0,0.0,0.0,0.0,2002,clin,0.8
1,2,lr5e-05_bs16_modL1_fusion64_fusionL1_drop0p2_trmiss80_trlocclin,16,5e-05,1,64,1,0.2,lr5e-05_bs16_modL1_fusion64_fusionL1_drop0p2_trmiss80_trlocclin,10,0.6390061229467392,0.7605634927749634,0.4033613445378151,0.6188103895332792,0.4444444444444444,0.0,0.0,0.0,0.0,2002,clin,0.8
1,2,lr5e-05_bs16_modL1_fusion64_fusionL1_drop0p2_trmiss80_trlocclin,16,5e-05,1,64,1,0.2,lr5e-05_bs16_modL1_fusion64_fusionL1_drop0p2_trmiss80_trlocclin,11,0.6206313868363699,0.7624061902364095,0.38235294117647056,0.5984691664098819,0.3333333333333333,0.0,0.0,0.0,0.0,2002,clin,0.8
1,2,lr5e-05_bs16_modL1_fusion64_fusionL1_drop0p2_trmiss80_trlocclin,16,5e-05,1,64,1,0.2,lr5e-05_bs16_modL1_fusion64_fusionL1_drop0p2_trmiss80_trlocclin,12,0.6055973023176193,0.7617253462473551,0.3907563025210084,0.6094422158930924,0.4,0.0,0.0,0.0,0.0,2002,clin,0.8
1,2,lr5e-05_bs16_modL1_fusion64_fusionL1_drop0p2_trmiss80_trlocclin,16,5e-05,1,64,1,0.2,lr5e-05_bs16_modL1_fusion64_fusionL1_drop0p2_trmiss80_trlocclin,13,0.5996936708688736,0.7616309722264608,0.3949579831932773,0.609505489811793,0.37777777777777777,0.0,0.0,0.0,0.0,2002,clin,0.8
1,2,lr5e-05_bs16_modL1_fusion64_fusionL1_drop0p2_trmiss80_trlocclin,16,5e-05,1,64,1,0.2,lr5e-05_bs16_modL1_fusion64_fusionL1_drop0p2_trmiss80_trlocclin,14,0.5890333652496338,0.7609710892041525,0.38445378151260506,0.6048535974147224,0.4,0.0,0.0,0.0,0.0,2002,clin,0.8
1,2,lr5e-05_bs16_modL1_fusion64_fusionL1_drop0p2_trmiss80_trlocclin,16,5e-05,1,64,1,0.2,lr5e-05_bs16_modL1_fusion64_fusionL1_drop0p2_trmiss80_trlocclin,15,0.6173767149448395,0.7676928242047628,0.384453781512605,0.592848711462468,0.4,0.0,0.0,0.0,0.0,2002,clin,0.8
1,2,lr5e-05_bs16_modL1_fusion64_fusionL1_drop0p2_trmiss80_trlocclin,16,5e-05,1,64,1,0.2,lr5e-05_bs16_modL1_fusion64_fusionL1_drop0p2_trmiss80_trlocclin,16,0.5723861654599508,0.7654865582784017,0.39705882352941174,0.6039327994488021,0.4,0.0,0.0,0.0,0.0,2002,clin,0.8
1,2,lr5e-05_bs16_modL1_fusion64_fusionL1_drop0p2_trmiss80_trlocclin,16,5e-05,1,64,1,0.2,lr5e-05_bs16_modL1_fusion64_fusionL1_drop0p2_trmiss80_trlocclin,17,0.5792099982500076,0.7635889450709025,0.39075630252100835,0.609784461589284,0.4,0.0,0.0,0.0,0.0,2002,clin,0.8
1,2,lr5e-05_bs16_modL1_fusion64_fusionL1_drop0p2_trmiss80_trlocclin,16,5e-05,1,64,1,0.2,lr5e-05_bs16_modL1_fusion64_fusionL1_drop0p2_trmiss80_trlocclin,18,0.5792455424865087,0.7672755519549052,0.407563025210084,0.6168192918384,0.4,0.0,0.0,0.0,0.0,2002,clin,0.8
1,2,lr5e-05_bs16_modL1_fusion64_fusionL1_drop0p2_trmiss80_trlocclin,16,5e-05,1,64,1,0.2,lr5e-05_bs16_modL1_fusion64_fusionL1_drop0p2_trmiss80_trlocclin,19,0.575248509645462,0.7668255567550659,0.4054621848739496,0.6135974587983354,0.37777777777777777,0.0,0.0,0.0,0.0,2002,clin,0.8
1,2,lr5e-05_bs16_modL1_fusion64_fusionL1_drop0p2_trmiss80_trlocclin,16,5e-05,1,64,1,0.2,lr5e-05_bs16_modL1_fusion64_fusionL1_drop0p2_trmiss80_trlocclin,20,0.5770214150349299,0.7684833208719889,0.40756302521008403,0.6158347756364925,0.4,0.0,0.0,0.0,0.0,2002,clin,0.8
1,2,lr5e-05_bs16_modL1_fusion64_fusionL1_drop0p2_trmiss80_trlocclin,16,5e-05,1,64,1,0.2,lr5e-05_bs16_modL1_fusion64_fusionL1_drop0p2_trmiss80_trlocclin,21,0.5898457566897074,0.7695136666297913,0.39495798319327735,0.6088739817922496,0.4,0.0,0.0,0.0,0.0,2002,clin,0.8
1,2,lr5e-05_bs16_modL1_fusion64_fusionL1_drop0p2_trmiss80_trlocclin,16,5e-05,1,64,1,0.2,lr5e-05_bs16_modL1_fusion64_fusionL1_drop0p2_trmiss80_trlocclin,22,0.5794056802988052,0.755120317141215,0.40336134453781514,0.6148407591487786,0.4222222222222222,0.0,0.0,0.0,0.0,2002,clin,0.8
1,2,lr5e-05_bs16_modL1_fusion64_fusionL1_drop0p2_trmiss80_trlocclin,16,5e-05,1,64,1,0.2,lr5e-05_bs16_modL1_fusion64_fusionL1_drop0p2_trmiss80_trlocclin,23,0.5947696765263876,0.7643373409907023,0.4096638655462185,0.6165326629803426,0.4222222222222222,0.0,0.0,0.0,0.0,2002,clin,0.8
1,2,lr5e-05_bs16_modL1_fusion64_fusionL1_drop0p2_trmiss80_trlocclin,16,5e-05,1,64,1,0.2,lr5e-05_bs16_modL1_fusion64_fusionL1_drop0p2_trmiss80_trlocclin,24,0.5525152832269669,0.7608891924222311,0.41386554621848737,0.6186434518812566,0.4,0.0,0.0,0.0,0.0,2002,clin,0.8
1,2,lr5e-05_bs16_modL1_fusion64_fusionL1_drop0p2_trmiss80_trlocclin,16,5e-05,1,64,1,0.2,lr5e-05_bs16_modL1_fusion64_fusionL1_drop0p2_trmiss80_trlocclin,25,0.5929165283838908,0.7641520500183105,0.4159663865546218,0.619404407973095,0.4,0.0,0.0,0.0,0.0,2002,clin,0.8
1,2,lr5e-05_bs16_modL1_fusion64_fusionL1_drop0p2_trmiss80_trlocclin,16,5e-05,1,64,1,0.2,lr5e-05_bs16_modL1_fusion64_fusionL1_drop0p2_trmiss80_trlocclin,26,0.5887351085742315,0.7619823614756266,0.4117647058823529,0.609365066540733,0.4444444444444444,0.0,0.0,0.0,0.0,2002,clin,0.8
1,2,lr5e-05_bs16_modL1_fusion64_fusionL1_drop0p2_trmiss80_trlocclin,16,5e-05,1,64,1,0.2,lr5e-05_bs16_modL1_fusion64_fusionL1_drop0p2_trmiss80_trlocclin,27,0.5846418589353561,0.7663051088651022,0.41386554621848737,0.6201180964585226,0.37777777777777777,0.0,0.0,0.0,0.0,2002,clin,0.8
1,2,lr5e-05_bs16_modL1_fusion64_fusionL1_drop0p2_trmiss80_trlocclin,16,5e-05,1,64,1,0.2,lr5e-05_bs16_modL1_fusion64_fusionL1_drop0p2_trmiss80_trlocclin,28,0.5917245994011561,0.7627130548159281,0.41806722689075626,0.6219391688714276,0.4,0.0,0.0,0.0,0.0,2002,clin,0.8
1,2,lr5e-05_bs16_modL1_fusion64_fusionL1_drop0p2_trmiss80_trlocclin,16,5e-05,1,64,1,0.2,lr5e-05_bs16_modL1_fusion64_fusionL1_drop0p2_trmiss80_trlocclin,29,0.5691499362389246,0.77119114001592,0.4201680672268907,0.62126452101189,0.35555555555555557,0.0,0.0,0.0,0.0,2002,clin,0.8
1,2,lr5e-05_bs16_modL1_fusion64_fusionL1_drop0p2_trmiss80_trlocclin,16,5e-05,1,64,1,0.2,lr5e-05_bs16_modL1_fusion64_fusionL1_drop0p2_trmiss80_trlocclin,30,0.5607988685369492,0.7745205760002136,0.42016806722689076,0.6206852939323889,0.4,0.0,0.0,0.0,0.0,2002,clin,0.8
1,2,lr5e-05_bs16_modL1_fusion64_fusionL1_drop0p2_trmiss80_trlocclin,16,5e-05,1,64,1,0.2,lr5e-05_bs16_modL1_fusion64_fusionL1_drop0p2_trmiss80_trlocclin,31,0.5663849165042242,0.770745038986206,0.4264705882352941,0.6265565614370598,0.4,0.0,0.0,0.0,0.0,2002,clin,0.8
1,2,lr5e-05_bs16_modL1_fusion64_fusionL1_drop0p2_trmiss80_trlocclin,16,5e-05,1,64,1,0.2,lr5e-05_bs16_modL1_fusion64_fusionL1_drop0p2_trmiss80_trlocclin,32,0.5566077157855034,0.7705346743265787,0.4159663865546218,0.6112857542319449,0.37777777777777777,0.0,0.0,0.0,0.0,2002,clin,0.8
1,2,lr5e-05_bs16_modL1_fusion64_fusionL1_drop0p2_trmiss80_trlocclin,16,5e-05,1,64,1,0.2,lr5e-05_bs16_modL1_fusion64_fusionL1_drop0p2_trmiss80_trlocclin,33,0.572525312503179,0.7680237690607706,0.4117647058823529,0.6131671479606922,0.4,0.0,0.0,0.0,0.0,2002,clin,0.8
1,2,lr5e-05_bs16_modL1_fusion64_fusionL1_drop0p2_trmiss80_trlocclin,16,5e-05,1,64,1,0.2,lr5e-05_bs16_modL1_fusion64_fusionL1_drop0p2_trmiss80_trlocclin,34,0.5760997980833054,0.7570565342903137,0.39705882352941174,0.5974302335141481,0.4444444444444444,0.0,0.0,0.0,0.0,2002,clin,0.8
1,2,lr5e-05_bs16_modL1_fusion64_fusionL1_drop0p2_trmiss80_trlocclin,16,5e-05,1,64,1,0.2,lr5e-05_bs16_modL1_fusion64_fusionL1_drop0p2_trmiss80_trlocclin,35,0.5604138970375061,0.7565619548161825,0.4117647058823529,0.5997304434607318,0.4444444444444444,0.0,0.0,0.0,0.0,2002,clin,0.8
1,2,lr5e-05_bs16_modL1_fusion64_fusionL1_drop0p2_trmiss80_trlocclin,16,5e-05,1,64,1,0.2,lr5e-05_bs16_modL1_fusion64_fusionL1_drop0p2_trmiss80_trlocclin,36,0.5707776645819346,0.7456636230150858,0.42857142857142855,0.618712366066604,0.5111111111111111,0.0,0.0,0.0,0.0,2002,clin,0.8
1,2,lr5e-05_bs16_modL1_fusion64_fusionL1_drop0p2_trmiss80_trlocclin,16,5e-05,1,64,1,0.2,lr5e-05_bs16_modL1_fusion64_fusionL1_drop0p2_trmiss80_trlocclin,37,0.5331030686696371,0.755722721417745,0.42857142857142855,0.6278233654121209,0.4222222222222222,0.0,0.0,0.0,0.0,2002,clin,0.8
1,2,lr5e-05_bs16_modL1_fusion64_fusionL1_drop0p2_trmiss80_trlocclin,16,5e-05,1,64,1,0.2,lr5e-05_bs16_modL1_fusion64_fusionL1_drop0p2_trmiss80_trlocclin,38,0.5895129591226578,0.7566280364990234,0.4243697478991596,0.6266422944584408,0.4888888888888889,0.0,0.0,0.0,0.0,2002,clin,0.8
1,2,lr5e-05_bs16_modL1_fusion64_fusionL1_drop0p2_trmiss80_trlocclin,16,5e-05,1,64,1,0.2,lr5e-05_bs16_modL1_fusion64_fusionL1_drop0p2_trmiss80_trlocclin,39,0.5761390725771586,0.7622188329696655,0.4201680672268907,0.6246185925736251,0.4222222222222222,0.0,0.0,0.0,0.0,2002,clin,0.8
1,2,lr5e-05_bs16_modL1_fusion64_fusionL1_drop0p2_trmiss80_trlocclin,16,5e-05,1,64,1,0.2,lr5e-05_bs16_modL1_fusion64_fusionL1_drop0p2_trmiss80_trlocclin,40,0.5490189045667648,0.7655677795410156,0.4201680672268907,0.6237068424896518,0.37777777777777777,0.0,0.0,0.0,0.0,2002,clin,0.8
1,2,lr5e-05_bs16_modL1_fusion64_fusionL1_drop0p2_trmiss80_trlocclin,16,5e-05,1,64,1,0.2,lr5e-05_bs16_modL1_fusion64_fusionL1_drop0p2_trmiss80_trlocclin,41,0.5673685620228449,0.762221117814382,0.4264705882352941,0.6274110611623578,0.4444444444444444,0.0,0.0,0.0,0.0,2002,clin,0.8
1,2,lr5e-05_bs16_modL1_fusion64_fusionL1_drop0p2_trmiss80_trlocclin,16,5e-05,1,64,1,0.2,lr5e-05_bs16_modL1_fusion64_fusionL1_drop0p2_trmiss80_trlocclin,42,0.5323001990715662,0.7639458974202474,0.41806722689075626,0.6210378306854097,0.4222222222222222,0.0,0.0,0.0,0.0,2002,clin,0.8
1,2,lr5e-05_bs16_modL1_fusion64_fusionL1_drop0p2_trmiss80_trlocclin,16,5e-05,1,64,1,0.2,lr5e-05_bs16_modL1_fusion64_fusionL1_drop0p2_trmiss80_trlocclin,43,0.5671784927447637,0.7633232474327087,0.43067226890756305,0.6302599279818129,0.4222222222222222,0.0,0.0,0.0,0.0,2002,clin,0.8
1,2,lr5e-05_bs16_modL1_fusion64_fusionL1_drop0p2_trmiss80_trlocclin,16,5e-05,1,64,1,0.2,lr5e-05_bs16_modL1_fusion64_fusionL1_drop0p2_trmiss80_trlocclin,44,0.5615792001287142,0.7626204888025919,0.4096638655462185,0.6175264157735108,0.37777777777777777,0.0,0.0,0.0,0.0,2002,clin,0.8
1,2,lr5e-05_bs16_modL1_fusion64_fusionL1_drop0p2_trmiss80_trlocclin,16,5e-05,1,64,1,0.2,lr5e-05_bs16_modL1_fusion64_fusionL1_drop0p2_trmiss80_trlocclin,45,0.568426325917244,0.7657975355784098,0.4222689075630252,0.6229879217058948,0.35555555555555557,0.0,0.0,0.0,0.0,2002,clin,0.8
1,2,lr5e-05_bs16_modL1_fusion64_fusionL1_drop0p2_trmiss80_trlocclin,16,5e-05,1,64,1,0.2,lr5e-05_bs16_modL1_fusion64_fusionL1_drop0p2_trmiss80_trlocclin,46,0.5773105273644129,0.7631563345591227,0.40756302521008403,0.6164282066576753,0.4,0.0,0.0,0.0,0.0,2002,clin,0.8
1,2,lr5e-05_bs16_modL1_fusion64_fusionL1_drop0p2_trmiss80_trlocclin,16,5e-05,1,64,1,0.2,lr5e-05_bs16_modL1_fusion64_fusionL1_drop0p2_trmiss80_trlocclin,47,0.5674605965614319,0.7613076766331991,0.4117647058823529,0.6098465065296893,0.4,0.0,0.0,0.0,0.0,2002,clin,0.8
1,2,lr5e-05_bs16_modL1_fusion64_fusionL1_drop0p2_trmiss80_trlocclin,16,5e-05,1,64,1,0.2,lr5e-05_bs16_modL1_fusion64_fusionL1_drop0p2_trmiss80_trlocclin,48,0.5606362521648407,0.7656357884407043,0.4117647058823529,0.6086759959282325,0.4,0.0,0.0,0.0,0.0,2002,clin,0.8
1,2,lr5e-05_bs16_modL1_fusion64_fusionL1_drop0p2_trmiss80_trlocclin,16,5e-05,1,64,1,0.2,lr5e-05_bs16_modL1_fusion64_fusionL1_drop0p2_trmiss80_trlocclin,49,0.5525434936086336,0.7514163851737976,0.39285714285714285,0.5822182971073324,0.4222222222222222,0.0,0.0,0.0,0.0,2002,clin,0.8
1,2,lr5e-05_bs16_modL1_fusion64_fusionL1_drop0p2_trmiss80_trlocclin,16,5e-05,1,64,1,0.2,lr5e-05_bs16_modL1_fusion64_fusionL1_drop0p2_trmiss80_trlocclin,50,0.5796862145264944,0.7600793043772379,0.4201680672268907,0.6113676274718653,0.4,0.0,0.0,0.0,0.0,2002,clin,0.8
1,2,lr5e-05_bs16_modL1_fusion64_fusionL1_drop0p2_trmiss80_trlocclin,16,5e-05,1,64,1,0.2,lr5e-05_bs16_modL1_fusion64_fusionL1_drop0p2_trmiss80_trlocclin,51,0.5470239818096161,0.7585476040840149,0.40126050420168063,0.5995926813011873,0.4,0.0,0.0,0.0,0.0,2002,clin,0.8
1,2,lr5e-05_bs16_modL1_fusion64_fusionL1_drop0p2_trmiss80_trlocclin,16,5e-05,1,64,1,0.2,lr5e-05_bs16_modL1_fusion64_fusionL1_drop0p2_trmiss80_trlocclin,52,0.5738508204619089,0.7466089725494385,0.39915966386554624,0.5978875135610382,0.4444444444444444,0.0,0.0,0.0,0.0,2002,clin,0.8
1,2,lr5e-05_bs16_modL1_fusion64_fusionL1_drop0p2_trmiss80_trlocclin,16,5e-05,1,64,1,0.2,lr5e-05_bs16_modL1_fusion64_fusionL1_drop0p2_trmiss80_trlocclin,53,0.5570513308048248,0.7538950641949972,0.4096638655462184,0.6085245122238084,0.37777777777777777,0.0,0.0,0.0,0.0,2002,clin,0.8
1,2,lr5e-05_bs16_modL1_fusion64_fusionL1_drop0p2_trmiss80_trlocclin,16,5e-05,1,64,1,0.2,lr5e-05_bs16_modL1_fusion64_fusionL1_drop0p2_trmiss80_trlocclin,54,0.5690339853366216,0.7639321287473043,0.4159663865546218,0.6171470692019373,0.4222222222222222,0.0,0.0,0.0,0.0,2002,clin,0.8
1,2,lr5e-05_bs16_modL1_fusion64_fusionL1_drop0p2_trmiss80_trlocclin,16,5e-05,1,64,1,0.2,lr5e-05_bs16_modL1_fusion64_fusionL1_drop0p2_trmiss80_trlocclin,55,0.5561970348159472,0.758239726225535,0.42226890756302515,0.6084763278714217,0.4,0.0,0.0,0.0,0.0,2002,clin,0.8
1,2,lr5e-05_bs16_modL1_fusion64_fusionL1_drop0p2_trmiss80_trlocclin,16,5e-05,1,64,1,0.2,lr5e-05_bs16_modL1_fusion64_fusionL1_drop0p2_trmiss80_trlocclin,56,0.5867311904827753,0.7652293642361959,0.4222689075630252,0.6182088021701829,0.4,0.0,0.0,0.0,0.0,2002,clin,0.8
1,2,lr5e-05_bs16_modL1_fusion64_fusionL1_drop0p2_trmiss80_trlocclin,16,5e-05,1,64,1,0.2,lr5e-05_bs16_modL1_fusion64_fusionL1_drop0p2_trmiss80_trlocclin,57,0.5715158358216286,0.7589539090792338,0.39915966386554624,0.6119135045363965,0.4,0.0,0.0,0.0,0.0,2002,clin,0.8
1,2,lr5e-05_bs16_modL1_fusion64_fusionL1_drop0p2_trmiss80_trlocclin,16,5e-05,1,64,1,0.2,lr5e-05_bs16_modL1_fusion64_fusionL1_drop0p2_trmiss80_trlocclin,58,0.5841729367772738,0.7581487695376078,0.4117647058823529,0.606196233576976,0.4444444444444444,0.0,0.0,0.0,0.0,2002,clin,0.8
1,2,lr5e-05_bs16_modL1_fusion64_fusionL1_drop0p2_trmiss80_trlocclin,16,5e-05,1,64,1,0.2,lr5e-05_bs16_modL1_fusion64_fusionL1_drop0p2_trmiss80_trlocclin,59,0.5541625618934631,0.7632447679837545,0.42857142857142855,0.6182670800099709,0.4,0.0,0.0,0.0,0.0,2002,clin,0.8
1,2,lr5e-05_bs16_modL1_fusion64_fusionL1_drop0p2_trmiss80_trlocclin,16,5e-05,1,64,1,0.2,lr5e-05_bs16_modL1_fusion64_fusionL1_drop0p2_trmiss80_trlocclin,60,0.5516477227210999,0.7591848969459534,0.4264705882352941,0.6195344058889178,0.4,0.0,0.0,0.0,0.0,2002,clin,0.8
1,2,lr5e-05_bs16_modL1_fusion64_fusionL1_drop0p2_trmiss80_trlocclin,16,5e-05,1,64,1,0.2,lr5e-05_bs16_modL1_fusion64_fusionL1_drop0p2_trmiss80_trlocclin,61,0.5646154507994652,0.7582063873608907,0.42857142857142855,0.6269999118541497,0.4222222222222222,0.0,0.0,0.0,0.0,2002,clin,0.8
1,2,lr5e-05_bs16_modL1_fusion64_fusionL1_drop0p2_trmiss80_trlocclin,16,5e-05,1,64,1,0.2,lr5e-05_bs16_modL1_fusion64_fusionL1_drop0p2_trmiss80_trlocclin,62,0.5479053780436516,0.7610042492548624,0.43907563025210083,0.6329812435434126,0.4444444444444444,0.0,0.0,0.0,0.0,2002,clin,0.8
1,2,lr5e-05_bs16_modL1_fusion64_fusionL1_drop0p2_trmiss80_trlocclin,16,5e-05,1,64,1,0.2,lr5e-05_bs16_modL1_fusion64_fusionL1_drop0p2_trmiss80_trlocclin,63,0.5694322933753332,0.7666620413462321,0.4285714285714286,0.6180416288074645,0.4222222222222222,0.0,0.0,0.0,0.0,2002,clin,0.8
1,2,lr5e-05_bs16_modL1_fusion64_fusionL1_drop0p2_trmiss80_trlocclin,16,5e-05,1,64,1,0.2,lr5e-05_bs16_modL1_fusion64_fusionL1_drop0p2_trmiss80_trlocclin,64,0.5671800350149473,0.7610451777776083,0.42226890756302515,0.596792582459085,0.4,0.0,0.0,0.0,0.0,2002,clin,0.8
1,2,lr5e-05_bs16_modL1_fusion64_fusionL1_drop0p2_trmiss80_trlocclin,16,5e-05,1,64,1,0.2,lr5e-05_bs16_modL1_fusion64_fusionL1_drop0p2_trmiss80_trlocclin,65,0.5522455150882403,0.7619312802950541,0.40336134453781514,0.6026165865707479,0.37777777777777777,0.0,0.0,0.0,0.0,2002,clin,0.8
1,2,lr5e-05_bs16_modL1_fusion64_fusionL1_drop0p2_trmiss80_trlocclin,16,5e-05,1,64,1,0.2,lr5e-05_bs16_modL1_fusion64_fusionL1_drop0p2_trmiss80_trlocclin,66,0.5748261213302612,0.7600972056388855,0.41806722689075626,0.6146350214535451,0.4444444444444444,0.0,0.0,0.0,0.0,2002,clin,0.8
1,2,lr5e-05_bs16_modL1_fusion64_fusionL1_drop0p2_trmiss80_trlocclin,16,5e-05,1,64,1,0.2,lr5e-05_bs16_modL1_fusion64_fusionL1_drop0p2_trmiss80_trlocclin,67,0.5568047910928726,0.7607636253039042,0.41806722689075626,0.6209300629659779,0.4222222222222222,0.0,0.0,0.0,0.0,2002,clin,0.8
1,2,lr5e-05_bs16_modL1_fusion64_fusionL1_drop0p2_trmiss80_trlocclin,16,5e-05,1,64,1,0.2,lr5e-05_bs16_modL1_fusion64_fusionL1_drop0p2_trmiss80_trlocclin,68,0.5818669497966766,0.767462690671285,0.42016806722689076,0.6059067513964936,0.4222222222222222,0.0,0.0,0.0,0.0,2002,clin,0.8
1,2,lr5e-05_bs16_modL1_fusion64_fusionL1_drop0p2_trmiss80_trlocclin,16,5e-05,1,64,1,0.2,lr5e-05_bs16_modL1_fusion64_fusionL1_drop0p2_trmiss80_trlocclin,69,0.5527249624331793,0.7627609372138977,0.41806722689075626,0.6129179435967613,0.4222222222222222,0.0,0.0,0.0,0.0,2002,clin,0.8
1,2,lr5e-05_bs16_modL1_fusion64_fusionL1_drop0p2_trmiss80_trlocclin,16,5e-05,1,64,1,0.2,lr5e-05_bs16_modL1_fusion64_fusionL1_drop0p2_trmiss80_trlocclin,70,0.5786409204204878,0.7693005998929342,0.41806722689075626,0.6089996150495052,0.37777777777777777,0.0,0.0,0.0,0.0,2002,clin,0.8
1,2,lr5e-05_bs16_modL1_fusion64_fusionL1_drop0p2_trmiss80_trlocclin,16,5e-05,1,64,1,0.2,lr5e-05_bs16_modL1_fusion64_fusionL1_drop0p2_trmiss80_trlocclin,71,0.5776373744010925,0.7651691834131876,0.42857142857142855,0.6206451998568546,0.37777777777777777,0.0,0.0,0.0,0.0,2002,clin,0.8
1,2,lr5e-05_bs16_modL1_fusion64_fusionL1_drop0p2_trmiss80_trlocclin,16,5e-05,1,64,1,0.2,lr5e-05_bs16_modL1_fusion64_fusionL1_drop0p2_trmiss80_trlocclin,72,0.5524633700648943,0.7627614935239156,0.430672268907563,0.6292991726618139,0.4444444444444444,0.0,0.0,0.0,0.0,2002,clin,0.8
1,2,lr5e-05_bs16_modL1_fusion64_fusionL1_drop0p2_trmiss80_trlocclin,16,5e-05,1,64,1,0.2,lr5e-05_bs16_modL1_fusion64_fusionL1_drop0p2_trmiss80_trlocclin,73,0.5800608098506927,0.7617457509040833,0.40756302521008403,0.6159602979467326,0.4222222222222222,0.0,0.0,0.0,0.0,2002,clin,0.8
1,2,lr5e-05_bs16_modL1_fusion64_fusionL1_drop0p2_trmiss80_trlocclin,16,5e-05,1,64,1,0.2,lr5e-05_bs16_modL1_fusion64_fusionL1_drop0p2_trmiss80_trlocclin,74,0.5397585332393646,0.7598336935043335,0.4159663865546218,0.6031768396959936,0.4222222222222222,0.0,0.0,0.0,0.0,2002,clin,0.8
1,2,lr5e-05_bs16_modL1_fusion64_fusionL1_drop0p2_trmiss80_trlocclin,16,5e-05,1,64,1,0.2,lr5e-05_bs16_modL1_fusion64_fusionL1_drop0p2_trmiss80_trlocclin,75,0.5306098138292631,0.7587716976801554,0.4033613445378151,0.5942818032431839,0.4666666666666667,0.0,0.0,0.0,0.0,2002,clin,0.8
1,2,lr5e-05_bs16_modL1_fusion64_fusionL1_drop0p2_trmiss80_trlocclin,16,5e-05,1,64,1,0.2,lr5e-05_bs16_modL1_fusion64_fusionL1_drop0p2_trmiss80_trlocclin,76,0.558817928036054,0.7570094068845113,0.4012605042016807,0.6128405179016428,0.4,0.0,0.0,0.0,0.0,2002,clin,0.8
1,2,lr5e-05_bs16_modL1_fusion64_fusionL1_drop0p2_trmiss80_trlocclin,16,5e-05,1,64,1,0.2,lr5e-05_bs16_modL1_fusion64_fusionL1_drop0p2_trmiss80_trlocclin,77,0.5595973630746206,0.7659680843353271,0.4159663865546218,0.620657147475671,0.37777777777777777,0.0,0.0,0.0,0.0,2002,clin,0.8
1,2,lr5e-05_bs16_modL1_fusion64_fusionL1_drop0p2_trmiss80_trlocclin,16,5e-05,1,64,1,0.2,lr5e-05_bs16_modL1_fusion64_fusionL1_drop0p2_trmiss80_trlocclin,78,0.5514262616634369,0.7651493151982626,0.4243697478991596,0.6250534207882005,0.4,0.0,0.0,0.0,0.0,2002,clin,0.8
1,2,lr5e-05_bs16_modL1_fusion64_fusionL1_drop0p2_trmiss80_trlocclin,16,5e-05,1,64,1,0.2,lr5e-05_bs16_modL1_fusion64_fusionL1_drop0p2_trmiss80_trlocclin,79,0.5521505077679952,0.7611424724260966,0.4117647058823529,0.5970106582286313,0.4222222222222222,0.0,0.0,0.0,0.0,2002,clin,0.8
1,2,lr5e-05_bs16_modL1_fusion64_fusionL1_drop0p2_trmiss80_trlocclin,16,5e-05,1,64,1,0.2,lr5e-05_bs16_modL1_fusion64_fusionL1_drop0p2_trmiss80_trlocclin,80,0.5688773592313131,0.758597731590271,0.43067226890756305,0.6205264215763117,0.4444444444444444,0.0,0.0,0.0,0.0,2002,clin,0.8
1,2,lr5e-05_bs16_modL1_fusion64_fusionL1_drop0p1_trmiss80_trlocclin,16,5e-05,1,64,1,0.1,lr5e-05_bs16_modL1_fusion64_fusionL1_drop0p1_trmiss80_trlocclin,1,0.6776472975810369,0.6999457478523254,0.5105042016806722,0.667925389869123,0.5111111111111111,0.0,0.0,0.0,0.0,2002,clin,0.8
1,2,lr5e-05_bs16_modL1_fusion64_fusionL1_drop0p1_trmiss80_trlocclin,16,5e-05,1,64,1,0.1,lr5e-05_bs16_modL1_fusion64_fusionL1_drop0p1_trmiss80_trlocclin,2,0.6679413765668869,0.706355611483256,0.5168067226890756,0.6736528524319922,0.4666666666666667,0.0,0.0,0.0,0.0,2002,clin,0.8
1,2,lr5e-05_bs16_modL1_fusion64_fusionL1_drop0p1_trmiss80_trlocclin,16,5e-05,1,64,1,0.1,lr5e-05_bs16_modL1_fusion64_fusionL1_drop0p1_trmiss80_trlocclin,3,0.6361913482348124,0.7043312986691793,0.5525210084033614,0.6900809703143378,0.4888888888888889,0.0,0.0,0.0,0.0,2002,clin,0.8
1,2,lr5e-05_bs16_modL1_fusion64_fusionL1_drop0p1_trmiss80_trlocclin,16,5e-05,1,64,1,0.1,lr5e-05_bs16_modL1_fusion64_fusionL1_drop0p1_trmiss80_trlocclin,4,0.6171132226785024,0.6975497603416443,0.5798319327731092,0.6962613855510978,0.5777777777777777,0.0,0.0,0.0,0.0,2002,clin,0.8
1,2,lr5e-05_bs16_modL1_fusion64_fusionL1_drop0p1_trmiss80_trlocclin,16,5e-05,1,64,1,0.1,lr5e-05_bs16_modL1_fusion64_fusionL1_drop0p1_trmiss80_trlocclin,5,0.5895904997984568,0.6871990958849589,0.6239495798319328,0.7133837994207692,0.5777777777777777,0.0,0.0,0.0,0.0,2002,clin,0.8
1,2,lr5e-05_bs16_modL1_fusion64_fusionL1_drop0p1_trmiss80_trlocclin,16,5e-05,1,64,1,0.1,lr5e-05_bs16_modL1_fusion64_fusionL1_drop0p1_trmiss80_trlocclin,6,0.5955271571874619,0.6901978651682535,0.6050420168067228,0.6874565189046231,0.5777777777777777,0.0,0.0,0.0,0.0,2002,clin,0.8
1,2,lr5e-05_bs16_modL1_fusion64_fusionL1_drop0p1_trmiss80_trlocclin,16,5e-05,1,64,1,0.1,lr5e-05_bs16_modL1_fusion64_fusionL1_drop0p1_trmiss80_trlocclin,7,0.5752170657118162,0.6882372697194418,0.6302521008403362,0.7139530074819118,0.6,0.0,0.0,0.0,0.0,2002,clin,0.8
1,2,lr5e-05_bs16_modL1_fusion64_fusionL1_drop0p1_trmiss80_trlocclin,16,5e-05,1,64,1,0.1,lr5e-05_bs16_modL1_fusion64_fusionL1_drop0p1_trmiss80_trlocclin,8,0.5645842254161835,0.680780311425527,0.6596638655462185,0.7276684340001249,0.5777777777777777,0.0,0.0,0.0,0.0,2002,clin,0.8
1,2,lr5e-05_bs16_modL1_fusion64_fusionL1_drop0p1_trmiss80_trlocclin,16,5e-05,1,64,1,0.1,lr5e-05_bs16_modL1_fusion64_fusionL1_drop0p1_trmiss80_trlocclin,9,0.5549171964327494,0.6734594901402792,0.6386554621848739,0.7198523181566778,0.6444444444444445,0.0,0.0,0.0,0.0,2002,clin,0.8
1,2,lr5e-05_bs16_modL1_fusion64_fusionL1_drop0p1_trmiss80_trlocclin,16,5e-05,1,64,1,0.1,lr5e-05_bs16_modL1_fusion64_fusionL1_drop0p1_trmiss80_trlocclin,10,0.5458506122231483,0.6783921122550964,0.6428571428571429,0.7179319034285658,0.6,0.0,0.0,0.0,0.0,2002,clin,0.8
1,2,lr5e-05_bs16_modL1_fusion64_fusionL1_drop0p1_trmiss80_trlocclin,16,5e-05,1,64,1,0.1,lr5e-05_bs16_modL1_fusion64_fusionL1_drop0p1_trmiss80_trlocclin,11,0.550644631187121,0.6680774887402853,0.6365546218487395,0.7257587215726781,0.6444444444444445,0.0,0.0,0.0,0.0,2002,clin,0.8
1,2,lr5e-05_bs16_modL1_fusion64_fusionL1_drop0p1_trmiss80_trlocclin,16,5e-05,1,64,1,0.1,lr5e-05_bs16_modL1_fusion64_fusionL1_drop0p1_trmiss80_trlocclin,12,0.5171575620770454,0.6717268625895182,0.6533613445378151,0.7335200742614061,0.6444444444444445,0.0,0.0,0.0,0.0,2002,clin,0.8
1,2,lr5e-05_bs16_modL1_fusion64_fusionL1_drop0p1_trmiss80_trlocclin,16,5e-05,1,64,1,0.1,lr5e-05_bs16_modL1_fusion64_fusionL1_drop0p1_trmiss80_trlocclin,13,0.5196380193034807,0.6772722800572714,0.6407563025210085,0.7249902039701179,0.6222222222222222,0.0,0.0,0.0,0.0,2002,clin,0.8
1,2,lr5e-05_bs16_modL1_fusion64_fusionL1_drop0p1_trmiss80_trlocclin,16,5e-05,1,64,1,0.1,lr5e-05_bs16_modL1_fusion64_fusionL1_drop0p1_trmiss80_trlocclin,14,0.5118864501516024,0.6661147673924764,0.657563025210084,0.7496905657080707,0.5555555555555556,0.0,0.0,0.0,0.0,2002,clin,0.8
1,2,lr5e-05_bs16_modL1_fusion64_fusionL1_drop0p1_trmiss80_trlocclin,16,5e-05,1,64,1,0.1,lr5e-05_bs16_modL1_fusion64_fusionL1_drop0p1_trmiss80_trlocclin,15,0.5117155040303866,0.6768380999565125,0.6050420168067226,0.7259518440116378,0.5111111111111111,0.0,0.0,0.0,0.0,2002,clin,0.8
1,2,lr5e-05_bs16_modL1_fusion64_fusionL1_drop0p1_trmiss80_trlocclin,16,5e-05,1,64,1,0.1,lr5e-05_bs16_modL1_fusion64_fusionL1_drop0p1_trmiss80_trlocclin,16,0.5133520687619845,0.6607394615809122,0.657563025210084,0.746826754147216,0.6444444444444445,0.0,0.0,0.0,0.0,2002,clin,0.8
1,2,lr5e-05_bs16_modL1_fusion64_fusionL1_drop0p1_trmiss80_trlocclin,16,5e-05,1,64,1,0.1,lr5e-05_bs16_modL1_fusion64_fusionL1_drop0p1_trmiss80_trlocclin,17,0.46346710125605267,0.663273294766744,0.6533613445378151,0.7496060082710287,0.5777777777777777,0.0,0.0,0.0,0.0,2002,clin,0.8
1,2,lr5e-05_bs16_modL1_fusion64_fusionL1_drop0p1_trmiss80_trlocclin,16,5e-05,1,64,1,0.1,lr5e-05_bs16_modL1_fusion64_fusionL1_drop0p1_trmiss80_trlocclin,18,0.46381043642759323,0.6661969423294067,0.6323529411764706,0.7405184170485222,0.5777777777777777,0.0,0.0,0.0,0.0,2002,clin,0.8
1,2,lr5e-05_bs16_modL1_fusion64_fusionL1_drop0p1_trmiss80_trlocclin,16,5e-05,1,64,1,0.1,lr5e-05_bs16_modL1_fusion64_fusionL1_drop0p1_trmiss80_trlocclin,19,0.47460027784109116,0.6687606573104858,0.615546218487395,0.7264907819722637,0.6,0.0,0.0,0.0,0.0,2002,clin,0.8
1,2,lr5e-05_bs16_modL1_fusion64_fusionL1_drop0p1_trmiss80_trlocclin,16,5e-05,1,64,1,0.1,lr5e-05_bs16_modL1_fusion64_fusionL1_drop0p1_trmiss80_trlocclin,20,0.43441246449947357,0.6850505272547404,0.5798319327731092,0.6881534306007845,0.5555555555555556,0.0,0.0,0.0,0.0,2002,clin,0.8
1,2,lr5e-05_bs16_modL1_fusion64_fusionL1_drop0p1_trmiss80_trlocclin,16,5e-05,1,64,1,0.1,lr5e-05_bs16_modL1_fusion64_fusionL1_drop0p1_trmiss80_trlocclin,21,0.439909261961778,0.6830888787905375,0.6029411764705882,0.7089007007879488,0.5111111111111111,0.0,0.0,0.0,0.0,2002,clin,0.8
1,2,lr5e-05_bs16_modL1_fusion64_fusionL1_drop0p1_trmiss80_trlocclin,16,5e-05,1,64,1,0.1,lr5e-05_bs16_modL1_fusion64_fusionL1_drop0p1_trmiss80_trlocclin,22,0.4381583482027054,0.6839086413383484,0.6029411764705883,0.7002813875620847,0.5111111111111111,0.0,0.0,0.0,0.0,2002,clin,0.8
1,2,lr5e-05_bs16_modL1_fusion64_fusionL1_drop0p1_trmiss80_trlocclin,16,5e-05,1,64,1,0.1,lr5e-05_bs16_modL1_fusion64_fusionL1_drop0p1_trmiss80_trlocclin,23,0.43448267380396527,0.6885126233100891,0.5861344537815125,0.6997265087089766,0.5111111111111111,0.0,0.0,0.0,0.0,2002,clin,0.8
1,2,lr5e-05_bs16_modL1_fusion64_fusionL1_drop0p1_trmiss80_trlocclin,16,5e-05,1,64,1,0.1,lr5e-05_bs16_modL1_fusion64_fusionL1_drop0p1_trmiss80_trlocclin,24,0.41164592653512955,0.6890692909558614,0.6092436974789917,0.7077357282655441,0.5333333333333333,0.0,0.0,0.0,0.0,2002,clin,0.8
1,2,lr5e-05_bs16_modL1_fusion64_fusionL1_drop0p1_trmiss80_trlocclin,16,5e-05,1,64,1,0.1,lr5e-05_bs16_modL1_fusion64_fusionL1_drop0p1_trmiss80_trlocclin,25,0.43186300496260327,0.6890337268511454,0.5987394957983193,0.7064758739673874,0.5333333333333333,0.0,0.0,0.0,0.0,2002,clin,0.8
1,2,lr5e-05_bs16_modL1_fusion64_fusionL1_drop0p1_trmiss80_trlocclin,16,5e-05,1,64,1,0.1,lr5e-05_bs16_modL1_fusion64_fusionL1_drop0p1_trmiss80_trlocclin,26,0.40004077057043713,0.6906231840451559,0.6008403361344539,0.7020623095758991,0.5777777777777777,0.0,0.0,0.0,0.0,2002,clin,0.8
1,2,lr5e-05_bs16_modL1_fusion64_fusionL1_drop0p1_trmiss80_trlocclin,16,5e-05,1,64,1,0.1,lr5e-05_bs16_modL1_fusion64_fusionL1_drop0p1_trmiss80_trlocclin,27,0.39933615922927856,0.6917819182078043,0.5945378151260505,0.7027439377795189,0.5333333333333333,0.0,0.0,0.0,0.0,2002,clin,0.8
1,2,lr5e-05_bs16_modL1_fusion64_fusionL1_drop0p1_trmiss80_trlocclin,16,5e-05,1,64,1,0.1,lr5e-05_bs16_modL1_fusion64_fusionL1_drop0p1_trmiss80_trlocclin,28,0.415151871740818,0.685839037100474,0.5903361344537816,0.698686979575365,0.5555555555555556,0.0,0.0,0.0,0.0,2002,clin,0.8
1,2,lr1e-04_bs16_modL1_fusion32_fusionL1_drop0p2_trmiss80_trlocclin,16,0.0001,1,32,1,0.2,lr1e-04_bs16_modL1_fusion32_fusionL1_drop0p2_trmiss80_trlocclin,1,0.6755736519893011,0.6645853320757548,0.6260504201680672,0.7562929838423001,0.6444444444444445,0.0,0.0,0.0,0.0,2002,clin,0.8
1,2,lr1e-04_bs16_modL1_fusion32_fusionL1_drop0p2_trmiss80_trlocclin,16,0.0001,1,32,1,0.2,lr1e-04_bs16_modL1_fusion32_fusionL1_drop0p2_trmiss80_trlocclin,2,0.6209190239508947,0.656140665213267,0.6113445378151261,0.7503788576094157,0.6222222222222222,0.0,0.0,0.0,0.0,2002,clin,0.8
1,2,lr1e-04_bs16_modL1_fusion32_fusionL1_drop0p2_trmiss80_trlocclin,16,0.0001,1,32,1,0.2,lr1e-04_bs16_modL1_fusion32_fusionL1_drop0p2_trmiss80_trlocclin,3,0.5868000338474909,0.6525891621907552,0.6008403361344538,0.7492903286594319,0.5555555555555556,0.0,0.0,0.0,0.0,2002,clin,0.8
1,2,lr1e-04_bs16_modL1_fusion32_fusionL1_drop0p2_trmiss80_trlocclin,16,0.0001,1,32,1,0.2,lr1e-04_bs16_modL1_fusion32_fusionL1_drop0p2_trmiss80_trlocclin,4,0.6119941622018814,0.6418186028798422,0.6176470588235294,0.7549544935734597,0.6,0.0,0.0,0.0,0.0,2002,clin,0.8
1,2,lr1e-04_bs16_modL1_fusion32_fusionL1_drop0p2_trmiss80_trlocclin,16,0.0001,1,32,1,0.2,lr1e-04_bs16_modL1_fusion32_fusionL1_drop0p2_trmiss80_trlocclin,5,0.5769116977850596,0.6420200864473978,0.6092436974789917,0.7563498068764427,0.5555555555555556,0.0,0.0,0.0,0.0,2002,clin,0.8
1,2,lr1e-04_bs16_modL1_fusion32_fusionL1_drop0p2_trmiss80_trlocclin,16,0.0001,1,32,1,0.2,lr1e-04_bs16_modL1_fusion32_fusionL1_drop0p2_trmiss80_trlocclin,6,0.5532467762629191,0.6399006644884745,0.6323529411764706,0.7664563893707302,0.6,0.0,0.0,0.0,0.0,2002,clin,0.8
1,2,lr1e-04_bs16_modL1_fusion32_fusionL1_drop0p2_trmiss80_trlocclin,16,0.0001,1,32,1,0.2,lr1e-04_bs16_modL1_fusion32_fusionL1_drop0p2_trmiss80_trlocclin,7,0.5573190351327261,0.6433894832928976,0.6134453781512605,0.7742804347708135,0.5333333333333333,0.0,0.0,0.0,0.0,2002,clin,0.8
1,2,lr1e-04_bs16_modL1_fusion32_fusionL1_drop0p2_trmiss80_trlocclin,16,0.0001,1,32,1,0.2,lr1e-04_bs16_modL1_fusion32_fusionL1_drop0p2_trmiss80_trlocclin,8,0.5430936689178149,0.6493950684865316,0.6092436974789915,0.7645118970824776,0.5333333333333333,0.0,0.0,0.0,0.0,2002,clin,0.8
1,2,lr1e-04_bs16_modL1_fusion32_fusionL1_drop0p2_trmiss80_trlocclin,16,0.0001,1,32,1,0.2,lr1e-04_bs16_modL1_fusion32_fusionL1_drop0p2_trmiss80_trlocclin,9,0.5446753775080045,0.6433185140291849,0.6134453781512605,0.7790065095973366,0.5555555555555556,0.0,0.0,0.0,0.0,2002,clin,0.8
1,2,lr1e-04_bs16_modL1_fusion32_fusionL1_drop0p2_trmiss80_trlocclin,16,0.0001,1,32,1,0.2,lr1e-04_bs16_modL1_fusion32_fusionL1_drop0p2_trmiss80_trlocclin,10,0.515694851676623,0.6466582417488098,0.6134453781512605,0.7816461045008015,0.5333333333333333,0.0,0.0,0.0,0.0,2002,clin,0.8
1,2,lr1e-04_bs16_modL1_fusion32_fusionL1_drop0p2_trmiss80_trlocclin,16,0.0001,1,32,1,0.2,lr1e-04_bs16_modL1_fusion32_fusionL1_drop0p2_trmiss80_trlocclin,11,0.5271724238991737,0.6417596141497294,0.634453781512605,0.7940462346511711,0.5777777777777777,0.0,0.0,0.0,0.0,2002,clin,0.8
1,2,lr1e-04_bs16_modL1_fusion32_fusionL1_drop0p2_trmiss80_trlocclin,16,0.0001,1,32,1,0.2,lr1e-04_bs16_modL1_fusion32_fusionL1_drop0p2_trmiss80_trlocclin,12,0.4930463458100955,0.6458895802497864,0.6092436974789917,0.7817611896503308,0.5555555555555556,0.0,0.0,0.0,0.0,2002,clin,0.8
1,2,lr1e-04_bs16_modL1_fusion32_fusionL1_drop0p2_trmiss80_trlocclin,16,0.0001,1,32,1,0.2,lr1e-04_bs16_modL1_fusion32_fusionL1_drop0p2_trmiss80_trlocclin,13,0.48111047347386676,0.6442545453707377,0.592436974789916,0.7781161721409834,0.5777777777777777,0.0,0.0,0.0,0.0,2002,clin,0.8
1,2,lr1e-04_bs16_modL1_fusion32_fusionL1_drop0p2_trmiss80_trlocclin,16,0.0001,1,32,1,0.2,lr1e-04_bs16_modL1_fusion32_fusionL1_drop0p2_trmiss80_trlocclin,14,0.4804107074936231,0.6482438047726949,0.5882352941176471,0.7758613645086169,0.5333333333333333,0.0,0.0,0.0,0.0,2002,clin,0.8
1,2,lr1e-04_bs16_modL1_fusion32_fusionL1_drop0p2_trmiss80_trlocclin,16,0.0001,1,32,1,0.2,lr1e-04_bs16_modL1_fusion32_fusionL1_drop0p2_trmiss80_trlocclin,15,0.4852018803358078,0.6459731658299764,0.6071428571428571,0.7857377796164455,0.5333333333333333,0.0,0.0,0.0,0.0,2002,clin,0.8
1,2,lr1e-04_bs16_modL1_fusion32_fusionL1_drop0p2_trmiss80_trlocclin,16,0.0001,1,32,1,0.2,lr1e-04_bs16_modL1_fusion32_fusionL1_drop0p2_trmiss80_trlocclin,16,0.4667726109425227,0.6435054341952006,0.6008403361344539,0.7842984784382655,0.5333333333333333,0.0,0.0,0.0,0.0,2002,clin,0.8
1,2,lr1e-04_bs16_modL1_fusion32_fusionL1_drop0p2_trmiss80_trlocclin,16,0.0001,1,32,1,0.2,lr1e-04_bs16_modL1_fusion32_fusionL1_drop0p2_trmiss80_trlocclin,17,0.49142152816057205,0.6409184535344442,0.6092436974789917,0.7859273515907405,0.5333333333333333,0.0,0.0,0.0,0.0,2002,clin,0.8
1,2,lr1e-04_bs16_modL1_fusion32_fusionL1_drop0p2_trmiss80_trlocclin,16,0.0001,1,32,1,0.2,lr1e-04_bs16_modL1_fusion32_fusionL1_drop0p2_trmiss80_trlocclin,18,0.47102267295122147,0.6456318696339926,0.5987394957983193,0.778456887875138,0.5555555555555556,0.0,0.0,0.0,0.0,2002,clin,0.8
1,2,lr1e-04_bs16_modL1_fusion32_fusionL1_drop0p2_trmiss80_trlocclin,16,0.0001,1,32,1,0.2,lr1e-04_bs16_modL1_fusion32_fusionL1_drop0p2_trmiss80_trlocclin,19,0.4680181220173836,0.6478497982025146,0.6092436974789915,0.7809466671384818,0.5333333333333333,0.0,0.0,0.0,0.0,2002,clin,0.8
1,2,lr1e-04_bs16_modL1_fusion32_fusionL1_drop0p2_trmiss80_trlocclin,16,0.0001,1,32,1,0.2,lr1e-04_bs16_modL1_fusion32_fusionL1_drop0p2_trmiss80_trlocclin,20,0.4767984946568807,0.6479197939236959,0.6008403361344538,0.7766935231952053,0.5333333333333333,0.0,0.0,0.0,0.0,2002,clin,0.8
1,2,lr1e-04_bs16_modL1_fusion32_fusionL1_drop0p2_trmiss80_trlocclin,16,0.0001,1,32,1,0.2,lr1e-04_bs16_modL1_fusion32_fusionL1_drop0p2_trmiss80_trlocclin,21,0.45254039019346237,0.6452361146608988,0.592436974789916,0.769764919822261,0.5333333333333333,0.0,0.0,0.0,0.0,2002,clin,0.8
1,2,lr1e-04_bs16_modL1_fusion32_fusionL1_drop0p2_trmiss80_trlocclin,16,0.0001,1,32,1,0.2,lr1e-04_bs16_modL1_fusion32_fusionL1_drop0p2_trmiss80_trlocclin,22,0.4606748918692271,0.6504672169685364,0.5882352941176472,0.7735586222683404,0.5111111111111111,0.0,0.0,0.0,0.0,2002,clin,0.8
1,2,lr1e-04_bs16_modL1_fusion32_fusionL1_drop0p2_trmiss80_trlocclin,16,0.0001,1,32,1,0.2,lr1e-04_bs16_modL1_fusion32_fusionL1_drop0p2_trmiss80_trlocclin,23,0.47781433661778766,0.6478114724159241,0.5945378151260504,0.7734658446366313,0.5111111111111111,0.0,0.0,0.0,0.0,2002,clin,0.8
1,2,lr1e-04_bs16_modL1_fusion32_fusionL1_drop0p2_trmiss80_trlocclin,16,0.0001,1,32,1,0.2,lr1e-04_bs16_modL1_fusion32_fusionL1_drop0p2_trmiss80_trlocclin,24,0.4273516833782196,0.6453426480293274,0.6071428571428571,0.7861505356539064,0.5333333333333333,0.0,0.0,0.0,0.0,2002,clin,0.8
1,2,lr1e-04_bs16_modL1_fusion32_fusionL1_drop0p2_trmiss80_trlocclin,16,0.0001,1,32,1,0.2,lr1e-04_bs16_modL1_fusion32_fusionL1_drop0p2_trmiss80_trlocclin,25,0.45595895250638324,0.6480138500531515,0.5987394957983194,0.7734501916470421,0.5111111111111111,0.0,0.0,0.0,0.0,2002,clin,0.8
1,2,lr1e-04_bs16_modL1_fusion32_fusionL1_drop0p2_trmiss80_trlocclin,16,0.0001,1,32,1,0.2,lr1e-04_bs16_modL1_fusion32_fusionL1_drop0p2_trmiss80_trlocclin,26,0.4261353462934494,0.6477027932802836,0.6071428571428571,0.7849836009486422,0.5111111111111111,0.0,0.0,0.0,0.0,2002,clin,0.8
1,2,lr1e-04_bs16_modL1_fusion32_fusionL1_drop0p2_trmiss80_trlocclin,16,0.0001,1,32,1,0.2,lr1e-04_bs16_modL1_fusion32_fusionL1_drop0p2_trmiss80_trlocclin,27,0.4360090121626854,0.6470034321149191,0.6029411764705882,0.7788844037667104,0.5111111111111111,0.0,0.0,0.0,0.0,2002,clin,0.8
1,2,lr1e-04_bs16_modL1_fusion32_fusionL1_drop0p2_trmiss80_trlocclin,16,0.0001,1,32,1,0.2,lr1e-04_bs16_modL1_fusion32_fusionL1_drop0p2_trmiss80_trlocclin,28,0.427639476954937,0.6494301557540894,0.592436974789916,0.7689993942413238,0.5111111111111111,0.0,0.0,0.0,0.0,2002,clin,0.8
1,2,lr1e-04_bs16_modL1_fusion32_fusionL1_drop0p2_trmiss80_trlocclin,16,0.0001,1,32,1,0.2,lr1e-04_bs16_modL1_fusion32_fusionL1_drop0p2_trmiss80_trlocclin,29,0.41501477857430774,0.6482371687889099,0.5987394957983193,0.7737287491769126,0.5111111111111111,0.0,0.0,0.0,0.0,2002,clin,0.8
1,2,lr1e-04_bs16_modL1_fusion32_fusionL1_drop0p2_trmiss80_trlocclin,16,0.0001,1,32,1,0.2,lr1e-04_bs16_modL1_fusion32_fusionL1_drop0p2_trmiss80_trlocclin,30,0.4209398180246353,0.6463364561398824,0.611344537815126,0.7800950991955468,0.5111111111111111,0.0,0.0,0.0,0.0,2002,clin,0.8
1,2,lr1e-04_bs16_modL1_fusion32_fusionL1_drop0p2_trmiss80_trlocclin,16,0.0001,1,32,1,0.2,lr1e-04_bs16_modL1_fusion32_fusionL1_drop0p2_trmiss80_trlocclin,31,0.41125259548425674,0.6438297033309937,0.6029411764705882,0.776969670997002,0.5111111111111111,0.0,0.0,0.0,0.0,2002,clin,0.8
1,2,lr1e-04_bs16_modL1_fusion32_fusionL1_drop0p1_trmiss80_trlocclin,16,0.0001,1,32,1,0.1,lr1e-04_bs16_modL1_fusion32_fusionL1_drop0p1_trmiss80_trlocclin,1,0.7451760570208231,0.7326900760332743,0.31722689075630256,0.5823675896859681,0.4,0.0,0.0,0.0,0.0,2002,clin,0.8
1,2,lr1e-04_bs16_modL1_fusion32_fusionL1_drop0p1_trmiss80_trlocclin,16,0.0001,1,32,1,0.1,lr1e-04_bs16_modL1_fusion32_fusionL1_drop0p1_trmiss80_trlocclin,2,0.6904756625493368,0.7555816173553467,0.41386554621848737,0.6284217732967811,0.4,0.0,0.0,0.0,0.0,2002,clin,0.8
1,2,lr1e-04_bs16_modL1_fusion32_fusionL1_drop0p1_trmiss80_trlocclin,16,0.0001,1,32,1,0.1,lr1e-04_bs16_modL1_fusion32_fusionL1_drop0p1_trmiss80_trlocclin,3,0.6630996912717819,0.7703275283177694,0.453781512605042,0.6490516089688153,0.4444444444444444,0.0,0.0,0.0,0.0,2002,clin,0.8
1,2,lr1e-04_bs16_modL1_fusion32_fusionL1_drop0p1_trmiss80_trlocclin,16,0.0001,1,32,1,0.1,lr1e-04_bs16_modL1_fusion32_fusionL1_drop0p1_trmiss80_trlocclin,4,0.655100961526235,0.7592133482297262,0.48949579831932777,0.6857576902141062,0.4666666666666667,0.0,0.0,0.0,0.0,2002,clin,0.8
1,2,lr1e-04_bs16_modL1_fusion32_fusionL1_drop0p1_trmiss80_trlocclin,16,0.0001,1,32,1,0.1,lr1e-04_bs16_modL1_fusion32_fusionL1_drop0p1_trmiss80_trlocclin,5,0.639362225929896,0.7497749328613281,0.5168067226890756,0.7086303779454034,0.4444444444444444,0.0,0.0,0.0,0.0,2002,clin,0.8
1,2,lr1e-04_bs16_modL1_fusion32_fusionL1_drop0p1_trmiss80_trlocclin,16,0.0001,1,32,1,0.1,lr1e-04_bs16_modL1_fusion32_fusionL1_drop0p1_trmiss80_trlocclin,6,0.6066408852736155,0.7389394640922546,0.5147058823529412,0.7085441094621704,0.4222222222222222,0.0,0.0,0.0,0.0,2002,clin,0.8
1,2,lr1e-04_bs16_modL1_fusion32_fusionL1_drop0p1_trmiss80_trlocclin,16,0.0001,1,32,1,0.1,lr1e-04_bs16_modL1_fusion32_fusionL1_drop0p1_trmiss80_trlocclin,7,0.5908523499965668,0.7293698787689209,0.5441176470588235,0.7281927981291033,0.5111111111111111,0.0,0.0,0.0,0.0,2002,clin,0.8
1,2,lr1e-04_bs16_modL1_fusion32_fusionL1_drop0p1_trmiss80_trlocclin,16,0.0001,1,32,1,0.1,lr1e-04_bs16_modL1_fusion32_fusionL1_drop0p1_trmiss80_trlocclin,8,0.5839427063862482,0.7446923653284708,0.5357142857142857,0.7104940952976243,0.4666666666666667,0.0,0.0,0.0,0.0,2002,clin,0.8
1,2,lr1e-04_bs16_modL1_fusion32_fusionL1_drop0p1_trmiss80_trlocclin,16,0.0001,1,32,1,0.1,lr1e-04_bs16_modL1_fusion32_fusionL1_drop0p1_trmiss80_trlocclin,9,0.5482644240061442,0.7368613084157308,0.542016806722689,0.7073511208563592,0.4888888888888889,0.0,0.0,0.0,0.0,2002,clin,0.8
1,2,lr1e-04_bs16_modL1_fusion32_fusionL1_drop0p1_trmiss80_trlocclin,16,0.0001,1,32,1,0.1,lr1e-04_bs16_modL1_fusion32_fusionL1_drop0p1_trmiss80_trlocclin,10,0.5333432282010714,0.7055203119913737,0.5714285714285714,0.7177354893898034,0.4666666666666667,0.0,0.0,0.0,0.0,2002,clin,0.8
1,2,lr1e-04_bs16_modL1_fusion32_fusionL1_drop0p1_trmiss80_trlocclin,16,0.0001,1,32,1,0.1,lr1e-04_bs16_modL1_fusion32_fusionL1_drop0p1_trmiss80_trlocclin,11,0.5473390047748884,0.7407702207565308,0.5357142857142857,0.6879797775451486,0.4666666666666667,0.0,0.0,0.0,0.0,2002,clin,0.8
1,2,lr1e-04_bs16_modL1_fusion32_fusionL1_drop0p1_trmiss80_trlocclin,16,0.0001,1,32,1,0.1,lr1e-04_bs16_modL1_fusion32_fusionL1_drop0p1_trmiss80_trlocclin,12,0.5239772895971934,0.7348305781682333,0.5483193277310925,0.6890548642170399,0.4888888888888889,0.0,0.0,0.0,0.0,2002,clin,0.8
1,2,lr1e-04_bs16_modL1_fusion32_fusionL1_drop0p1_trmiss80_trlocclin,16,0.0001,1,32,1,0.1,lr1e-04_bs16_modL1_fusion32_fusionL1_drop0p1_trmiss80_trlocclin,13,0.540922482808431,0.7167486548423767,0.5819327731092437,0.7183144760465925,0.4888888888888889,0.0,0.0,0.0,0.0,2002,clin,0.8
1,2,lr1e-04_bs16_modL1_fusion32_fusionL1_drop0p1_trmiss80_trlocclin,16,0.0001,1,32,1,0.1,lr1e-04_bs16_modL1_fusion32_fusionL1_drop0p1_trmiss80_trlocclin,14,0.5060416956742605,0.7080394426981608,0.5798319327731093,0.7207675957572224,0.5111111111111111,0.0,0.0,0.0,0.0,2002,clin,0.8
1,2,lr1e-04_bs16_modL1_fusion32_fusionL1_drop0p1_trmiss80_trlocclin,16,0.0001,1,32,1,0.1,lr1e-04_bs16_modL1_fusion32_fusionL1_drop0p1_trmiss80_trlocclin,15,0.4790000369151433,0.711955726146698,0.5609243697478992,0.7025925422784193,0.4888888888888889,0.0,0.0,0.0,0.0,2002,clin,0.8
1,2,lr1e-04_bs16_modL1_fusion32_fusionL1_drop0p1_trmiss80_trlocclin,16,0.0001,1,32,1,0.1,lr1e-04_bs16_modL1_fusion32_fusionL1_drop0p1_trmiss80_trlocclin,16,0.49537593126296997,0.7208356658617655,0.5672268907563025,0.702804924227709,0.5111111111111111,0.0,0.0,0.0,0.0,2002,clin,0.8
1,2,lr1e-04_bs16_modL1_fusion32_fusionL1_drop0p1_trmiss80_trlocclin,16,0.0001,1,32,1,0.1,lr1e-04_bs16_modL1_fusion32_fusionL1_drop0p1_trmiss80_trlocclin,17,0.46039683868487674,0.7155659397443136,0.5945378151260504,0.7054866085040523,0.5111111111111111,0.0,0.0,0.0,0.0,2002,clin,0.8
1,2,lr1e-04_bs16_modL1_fusion32_fusionL1_drop0p1_trmiss80_trlocclin,16,0.0001,1,32,1,0.1,lr1e-04_bs16_modL1_fusion32_fusionL1_drop0p1_trmiss80_trlocclin,18,0.4875641067822774,0.7298579613367716,0.5735294117647058,0.693638752508721,0.5111111111111111,0.0,0.0,0.0,0.0,2002,clin,0.8
1,2,lr1e-04_bs16_modL1_fusion32_fusionL1_drop0p1_trmiss80_trlocclin,16,0.0001,1,32,1,0.1,lr1e-04_bs16_modL1_fusion32_fusionL1_drop0p1_trmiss80_trlocclin,19,0.46136779089768726,0.7154325048128763,0.6029411764705882,0.7120464692181314,0.5555555555555556,0.0,0.0,0.0,0.0,2002,clin,0.8
1,2,lr1e-04_bs16_modL1_fusion32_fusionL1_drop0p1_trmiss80_trlocclin,16,0.0001,1,32,1,0.1,lr1e-04_bs16_modL1_fusion32_fusionL1_drop0p1_trmiss80_trlocclin,20,0.4452035923798879,0.7123019695281982,0.5735294117647058,0.6933767216626163,0.5555555555555556,0.0,0.0,0.0,0.0,2002,clin,0.8
1,2,lr1e-04_bs16_modL1_fusion32_fusionL1_drop0p1_trmiss80_trlocclin,16,0.0001,1,32,1,0.1,lr1e-04_bs16_modL1_fusion32_fusionL1_drop0p1_trmiss80_trlocclin,21,0.46078652143478394,0.7224501371383667,0.6008403361344538,0.708526490642537,0.5111111111111111,0.0,0.0,0.0,0.0,2002,clin,0.8
1,2,lr1e-04_bs16_modL1_fusion32_fusionL1_drop0p1_trmiss80_trlocclin,16,0.0001,1,32,1,0.1,lr1e-04_bs16_modL1_fusion32_fusionL1_drop0p1_trmiss80_trlocclin,22,0.4263017649451892,0.699243446191152,0.6113445378151261,0.7120002350025711,0.5555555555555556,0.0,0.0,0.0,0.0,2002,clin,0.8
1,2,lr1e-04_bs16_modL1_fusion32_fusionL1_drop0p1_trmiss80_trlocclin,16,0.0001,1,32,1,0.1,lr1e-04_bs16_modL1_fusion32_fusionL1_drop0p1_trmiss80_trlocclin,23,0.4198633134365082,0.6918375293413798,0.6176470588235294,0.7171527384956872,0.5555555555555556,0.0,0.0,0.0,0.0,2002,clin,0.8
1,2,lr1e-04_bs16_modL1_fusion32_fusionL1_drop0p1_trmiss80_trlocclin,16,0.0001,1,32,1,0.1,lr1e-04_bs16_modL1_fusion32_fusionL1_drop0p1_trmiss80_trlocclin,24,0.41936882336934406,0.6954950491587321,0.6029411764705882,0.7061934099563094,0.5111111111111111,0.0,0.0,0.0,0.0,2002,clin,0.8
1,2,lr1e-04_bs16_modL1_fusion32_fusionL1_drop0p1_trmiss80_trlocclin,16,0.0001,1,32,1,0.1,lr1e-04_bs16_modL1_fusion32_fusionL1_drop0p1_trmiss80_trlocclin,25,0.4147539908687274,0.7119962175687155,0.6008403361344538,0.7070923697951852,0.5777777777777777,0.0,0.0,0.0,0.0,2002,clin,0.8
1,2,lr1e-04_bs16_modL1_fusion32_fusionL1_drop0p1_trmiss80_trlocclin,16,0.0001,1,32,1,0.1,lr1e-04_bs16_modL1_fusion32_fusionL1_drop0p1_trmiss80_trlocclin,26,0.4323299005627632,0.7144665519396464,0.6092436974789915,0.7050748290130607,0.5111111111111111,0.0,0.0,0.0,0.0,2002,clin,0.8
1,2,lr1e-04_bs16_modL1_fusion32_fusionL1_drop0p1_trmiss80_trlocclin,16,0.0001,1,32,1,0.1,lr1e-04_bs16_modL1_fusion32_fusionL1_drop0p1_trmiss80_trlocclin,27,0.42094968259334564,0.7024149298667908,0.6029411764705882,0.6927370509561503,0.5555555555555556,0.0,0.0,0.0,0.0,2002,clin,0.8
1,2,lr1e-04_bs16_modL1_fusion32_fusionL1_drop0p1_trmiss80_trlocclin,16,0.0001,1,32,1,0.1,lr1e-04_bs16_modL1_fusion32_fusionL1_drop0p1_trmiss80_trlocclin,28,0.4006126970052719,0.7095730106035868,0.6092436974789915,0.7056165416763629,0.6,0.0,0.0,0.0,0.0,2002,clin,0.8
1,2,lr1e-04_bs16_modL1_fusion32_fusionL1_drop0p1_trmiss80_trlocclin,16,0.0001,1,32,1,0.1,lr1e-04_bs16_modL1_fusion32_fusionL1_drop0p1_trmiss80_trlocclin,29,0.409261296192805,0.7156081597010294,0.5903361344537814,0.7003112705167565,0.6,0.0,0.0,0.0,0.0,2002,clin,0.8
1,2,lr1e-04_bs16_modL1_fusion32_fusionL1_drop0p1_trmiss80_trlocclin,16,0.0001,1,32,1,0.1,lr1e-04_bs16_modL1_fusion32_fusionL1_drop0p1_trmiss80_trlocclin,30,0.4262794479727745,0.7147759000460306,0.6260504201680672,0.7172308463008665,0.6222222222222222,0.0,0.0,0.0,0.0,2002,clin,0.8
1,2,lr1e-04_bs16_modL1_fusion32_fusionL1_drop0p1_trmiss80_trlocclin,16,0.0001,1,32,1,0.1,lr1e-04_bs16_modL1_fusion32_fusionL1_drop0p1_trmiss80_trlocclin,31,0.42216093341509503,0.7137287656466166,0.6029411764705882,0.7014908498005052,0.5555555555555556,0.0,0.0,0.0,0.0,2002,clin,0.8
1,2,lr1e-04_bs16_modL1_fusion32_fusionL1_drop0p1_trmiss80_trlocclin,16,0.0001,1,32,1,0.1,lr1e-04_bs16_modL1_fusion32_fusionL1_drop0p1_trmiss80_trlocclin,32,0.38922514269749325,0.7083342472712199,0.6029411764705882,0.7006841636113436,0.6,0.0,0.0,0.0,0.0,2002,clin,0.8
1,2,lr1e-04_bs16_modL1_fusion32_fusionL1_drop0p1_trmiss80_trlocclin,16,0.0001,1,32,1,0.1,lr1e-04_bs16_modL1_fusion32_fusionL1_drop0p1_trmiss80_trlocclin,33,0.3994140028953552,0.7014899452527364,0.6092436974789915,0.7132051816134817,0.5777777777777777,0.0,0.0,0.0,0.0,2002,clin,0.8
1,2,lr1e-04_bs16_modL1_fusion32_fusionL1_drop0p1_trmiss80_trlocclin,16,0.0001,1,32,1,0.1,lr1e-04_bs16_modL1_fusion32_fusionL1_drop0p1_trmiss80_trlocclin,34,0.3960661341746648,0.7119960188865662,0.6071428571428571,0.6998464900779602,0.5111111111111111,0.0,0.0,0.0,0.0,2002,clin,0.8
1,2,lr1e-04_bs16_modL1_fusion32_fusionL1_drop0p1_trmiss80_trlocclin,16,0.0001,1,32,1,0.1,lr1e-04_bs16_modL1_fusion32_fusionL1_drop0p1_trmiss80_trlocclin,35,0.4032274857163429,0.6972943147023519,0.6029411764705882,0.6985374662488413,0.5777777777777777,0.0,0.0,0.0,0.0,2002,clin,0.8
1,2,lr1e-04_bs16_modL1_fusion32_fusionL1_drop0p1_trmiss80_trlocclin,16,0.0001,1,32,1,0.1,lr1e-04_bs16_modL1_fusion32_fusionL1_drop0p1_trmiss80_trlocclin,36,0.38692954182624817,0.7034404277801514,0.6050420168067228,0.6918825009458027,0.5777777777777777,0.0,0.0,0.0,0.0,2002,clin,0.8
1,2,lr1e-04_bs16_modL1_fusion32_fusionL1_drop0p1_trmiss80_trlocclin,16,0.0001,1,32,1,0.1,lr1e-04_bs16_modL1_fusion32_fusionL1_drop0p1_trmiss80_trlocclin,37,0.38747474799553555,0.7106306354204813,0.6050420168067226,0.6962837001108464,0.5555555555555556,0.0,0.0,0.0,0.0,2002,clin,0.8
1,2,lr1e-04_bs16_modL1_fusion32_fusionL1_drop0p1_trmiss80_trlocclin,16,0.0001,1,32,1,0.1,lr1e-04_bs16_modL1_fusion32_fusionL1_drop0p1_trmiss80_trlocclin,38,0.4175582801302274,0.7143956422805786,0.6281512605042017,0.714403735395216,0.5555555555555556,0.0,0.0,0.0,0.0,2002,clin,0.8
1,2,lr1e-04_bs16_modL1_fusion32_fusionL1_drop0p1_trmiss80_trlocclin,16,0.0001,1,32,1,0.1,lr1e-04_bs16_modL1_fusion32_fusionL1_drop0p1_trmiss80_trlocclin,39,0.3715550899505615,0.7133126457532247,0.6092436974789917,0.7062666166395392,0.5333333333333333,0.0,0.0,0.0,0.0,2002,clin,0.8
1,2,lr1e-04_bs16_modL1_fusion32_fusionL1_drop0p1_trmiss80_trlocclin,16,0.0001,1,32,1,0.1,lr1e-04_bs16_modL1_fusion32_fusionL1_drop0p1_trmiss80_trlocclin,40,0.36210111776987713,0.7083265781402588,0.6008403361344538,0.6951905976792033,0.5777777777777777,0.0,0.0,0.0,0.0,2002,clin,0.8
1,2,lr1e-04_bs16_modL1_fusion32_fusionL1_drop0p1_trmiss80_trlocclin,16,0.0001,1,32,1,0.1,lr1e-04_bs16_modL1_fusion32_fusionL1_drop0p1_trmiss80_trlocclin,41,0.39134973535935086,0.7166782021522522,0.6260504201680672,0.7134228695424247,0.5777777777777777,0.0,0.0,0.0,0.0,2002,clin,0.8
1,2,lr1e-04_bs16_modL1_fusion32_fusionL1_drop0p1_trmiss80_trlocclin,16,0.0001,1,32,1,0.1,lr1e-04_bs16_modL1_fusion32_fusionL1_drop0p1_trmiss80_trlocclin,42,0.3722134952743848,0.7052908738454183,0.6008403361344539,0.6951574779759495,0.5777777777777777,0.0,0.0,0.0,0.0,2002,clin,0.8
1,2,lr1e-04_bs16_modL1_fusion32_fusionL1_drop0p1_trmiss80_trlocclin,16,0.0001,1,32,1,0.1,lr1e-04_bs16_modL1_fusion32_fusionL1_drop0p1_trmiss80_trlocclin,43,0.3703206678231557,0.7132877508799235,0.5882352941176471,0.6830330897591244,0.5777777777777777,0.0,0.0,0.0,0.0,2002,clin,0.8
1,2,lr1e-04_bs16_modL1_fusion32_fusionL1_drop0p1_trmiss80_trlocclin,16,0.0001,1,32,1,0.1,lr1e-04_bs16_modL1_fusion32_fusionL1_drop0p1_trmiss80_trlocclin,44,0.37153509507576626,0.7006822625796,0.6008403361344538,0.6935813040281095,0.6222222222222222,0.0,0.0,0.0,0.0,2002,clin,0.8
1,2,lr1e-04_bs16_modL1_fusion32_fusionL1_drop0p1_trmiss80_trlocclin,16,0.0001,1,32,1,0.1,lr1e-04_bs16_modL1_fusion32_fusionL1_drop0p1_trmiss80_trlocclin,45,0.39186694473028183,0.7127619981765747,0.615546218487395,0.7065643070348131,0.5555555555555556,0.0,0.0,0.0,0.0,2002,clin,0.8
1,2,lr1e-04_bs16_modL1_fusion32_fusionL1_drop0p1_trmiss80_trlocclin,16,0.0001,1,32,1,0.1,lr1e-04_bs16_modL1_fusion32_fusionL1_drop0p1_trmiss80_trlocclin,46,0.3808353841304779,0.7160343527793884,0.6050420168067226,0.7002278042867882,0.5555555555555556,0.0,0.0,0.0,0.0,2002,clin,0.8
1,2,lr1e-04_bs16_modL1_fusion32_fusionL1_drop0p1_trmiss80_trlocclin,16,0.0001,1,32,1,0.1,lr1e-04_bs16_modL1_fusion32_fusionL1_drop0p1_trmiss80_trlocclin,47,0.38740117351214093,0.7100959618886312,0.6050420168067226,0.6940573245156507,0.5333333333333333,0.0,0.0,0.0,0.0,2002,clin,0.8
1,2,lr1e-04_bs16_modL1_fusion32_fusionL1_drop0p1_trmiss80_trlocclin,16,0.0001,1,32,1,0.1,lr1e-04_bs16_modL1_fusion32_fusionL1_drop0p1_trmiss80_trlocclin,48,0.3819105426470439,0.7120952606201172,0.5966386554621849,0.6886831374690121,0.5555555555555556,0.0,0.0,0.0,0.0,2002,clin,0.8
1,2,lr1e-04_bs16_modL1_fusion32_fusionL1_drop0p1_trmiss80_trlocclin,16,0.0001,1,32,1,0.1,lr1e-04_bs16_modL1_fusion32_fusionL1_drop0p1_trmiss80_trlocclin,49,0.3631240949034691,0.7107183933258057,0.5966386554621849,0.6885641751599236,0.5555555555555556,0.0,0.0,0.0,0.0,2002,clin,0.8
1,2,lr1e-04_bs16_modL1_fusion32_fusionL1_drop0p1_trmiss80_trlocclin,16,0.0001,1,32,1,0.1,lr1e-04_bs16_modL1_fusion32_fusionL1_drop0p1_trmiss80_trlocclin,50,0.3856589471300443,0.6983000040054321,0.6029411764705882,0.6977723584752499,0.6,0.0,0.0,0.0,0.0,2002,clin,0.8
1,2,lr1e-04_bs16_modL1_fusion32_fusionL1_drop0p1_trmiss80_trlocclin,16,0.0001,1,32,1,0.1,lr1e-04_bs16_modL1_fusion32_fusionL1_drop0p1_trmiss80_trlocclin,51,0.38330231855312985,0.7017579873402914,0.6050420168067226,0.694946147799432,0.6222222222222222,0.0,0.0,0.0,0.0,2002,clin,0.8
1,2,lr1e-04_bs16_modL1_fusion32_fusionL1_drop0p1_trmiss80_trlocclin,16,0.0001,1,32,1,0.1,lr1e-04_bs16_modL1_fusion32_fusionL1_drop0p1_trmiss80_trlocclin,52,0.36035118500391644,0.7069535454114279,0.5987394957983193,0.6897397730552421,0.6,0.0,0.0,0.0,0.0,2002,clin,0.8
1,2,lr1e-04_bs16_modL1_fusion32_fusionL1_drop0p1_trmiss80_trlocclin,16,0.0001,1,32,1,0.1,lr1e-04_bs16_modL1_fusion32_fusionL1_drop0p1_trmiss80_trlocclin,53,0.3760606174667676,0.7091862956682841,0.592436974789916,0.689610105161599,0.5777777777777777,0.0,0.0,0.0,0.0,2002,clin,0.8
1,2,lr1e-04_bs16_modL1_fusion32_fusionL1_drop0p1_trmiss80_trlocclin,16,0.0001,1,32,1,0.1,lr1e-04_bs16_modL1_fusion32_fusionL1_drop0p1_trmiss80_trlocclin,54,0.364022600154082,0.7011918425559998,0.5966386554621849,0.6898480766128059,0.5555555555555556,0.0,0.0,0.0,0.0,2002,clin,0.8
1,2,lr1e-04_bs16_modL1_fusion32_fusionL1_drop0p1_trmiss80_trlocclin,16,0.0001,1,32,1,0.1,lr1e-04_bs16_modL1_fusion32_fusionL1_drop0p1_trmiss80_trlocclin,55,0.37788201371828717,0.70269642273585,0.5945378151260504,0.6924964745754165,0.6,0.0,0.0,0.0,0.0,2002,clin,0.8
1,2,lr1e-04_bs16_modL1_fusion32_fusionL1_drop0p1_trmiss80_trlocclin,16,0.0001,1,32,1,0.1,lr1e-04_bs16_modL1_fusion32_fusionL1_drop0p1_trmiss80_trlocclin,56,0.37172141919533414,0.707799474398295,0.592436974789916,0.6843073655984924,0.6,0.0,0.0,0.0,0.0,2002,clin,0.8
1,2,lr1e-04_bs16_modL1_fusion32_fusionL1_drop0p1_trmiss80_trlocclin,16,0.0001,1,32,1,0.1,lr1e-04_bs16_modL1_fusion32_fusionL1_drop0p1_trmiss80_trlocclin,57,0.393906906247139,0.7184732556343079,0.6008403361344538,0.6885264172797627,0.5333333333333333,0.0,0.0,0.0,0.0,2002,clin,0.8
1,2,lr1e-04_bs16_modL1_fusion32_fusionL1_drop0p1_trmiss80_trlocclin,16,0.0001,1,32,1,0.1,lr1e-04_bs16_modL1_fusion32_fusionL1_drop0p1_trmiss80_trlocclin,58,0.4006684472163518,0.7199317614237467,0.6029411764705882,0.6889854470455152,0.5333333333333333,0.0,0.0,0.0,0.0,2002,clin,0.8
1,2,lr1e-04_bs16_modL1_fusion64_fusionL1_drop0p2_trmiss80_trlocclin,16,0.0001,1,64,1,0.2,lr1e-04_bs16_modL1_fusion64_fusionL1_drop0p2_trmiss80_trlocclin,1,0.7848582019408544,0.7388718922932943,0.35504201680672265,0.6204594619001554,0.4,0.0,0.0,0.0,0.0,2002,clin,0.8
1,2,lr1e-04_bs16_modL1_fusion64_fusionL1_drop0p2_trmiss80_trlocclin,16,0.0001,1,64,1,0.2,lr1e-04_bs16_modL1_fusion64_fusionL1_drop0p2_trmiss80_trlocclin,2,0.7069312383731207,0.7587723731994629,0.3403361344537815,0.5809510026834894,0.37777777777777777,0.0,0.0,0.0,0.0,2002,clin,0.8
1,2,lr1e-04_bs16_modL1_fusion64_fusionL1_drop0p2_trmiss80_trlocclin,16,0.0001,1,64,1,0.2,lr1e-04_bs16_modL1_fusion64_fusionL1_drop0p2_trmiss80_trlocclin,3,0.6809305101633072,0.7748614549636841,0.32983193277310924,0.5663853169491172,0.4222222222222222,0.0,0.0,0.0,0.0,2002,clin,0.8
1,2,lr1e-04_bs16_modL1_fusion64_fusionL1_drop0p2_trmiss80_trlocclin,16,0.0001,1,64,1,0.2,lr1e-04_bs16_modL1_fusion64_fusionL1_drop0p2_trmiss80_trlocclin,4,0.6625848909219106,0.7823982834815979,0.3529411764705882,0.5733476784752778,0.4444444444444444,0.0,0.0,0.0,0.0,2002,clin,0.8
1,2,lr1e-04_bs16_modL1_fusion64_fusionL1_drop0p2_trmiss80_trlocclin,16,0.0001,1,64,1,0.2,lr1e-04_bs16_modL1_fusion64_fusionL1_drop0p2_trmiss80_trlocclin,5,0.6339772815505663,0.786178449789683,0.33403361344537813,0.5559298138935477,0.4,0.0,0.0,0.0,0.0,2002,clin,0.8
1,2,lr1e-04_bs16_modL1_fusion64_fusionL1_drop0p2_trmiss80_trlocclin,16,0.0001,1,64,1,0.2,lr1e-04_bs16_modL1_fusion64_fusionL1_drop0p2_trmiss80_trlocclin,6,0.6314454277356466,0.7826864719390869,0.31932773109243695,0.554381442435147,0.37777777777777777,0.0,0.0,0.0,0.0,2002,clin,0.8
1,2,lr1e-04_bs16_modL1_fusion64_fusionL1_drop0p2_trmiss80_trlocclin,16,0.0001,1,64,1,0.2,lr1e-04_bs16_modL1_fusion64_fusionL1_drop0p2_trmiss80_trlocclin,7,0.5968160281578699,0.772888203461965,0.3277310924369748,0.5624814932262144,0.35555555555555557,0.0,0.0,0.0,0.0,2002,clin,0.8
1,2,lr1e-04_bs16_modL1_fusion64_fusionL1_drop0p2_trmiss80_trlocclin,16,0.0001,1,64,1,0.2,lr1e-04_bs16_modL1_fusion64_fusionL1_drop0p2_trmiss80_trlocclin,8,0.560650979479154,0.7602545817693075,0.3466386554621849,0.5822079075843597,0.4,0.0,0.0,0.0,0.0,2002,clin,0.8
1,2,lr1e-04_bs16_modL1_fusion64_fusionL1_drop0p2_trmiss80_trlocclin,16,0.0001,1,64,1,0.2,lr1e-04_bs16_modL1_fusion64_fusionL1_drop0p2_trmiss80_trlocclin,9,0.5597038095196089,0.762397289276123,0.3760504201680672,0.6019192805356401,0.4666666666666667,0.0,0.0,0.0,0.0,2002,clin,0.8
1,2,lr1e-04_bs16_modL1_fusion64_fusionL1_drop0p2_trmiss80_trlocclin,16,0.0001,1,64,1,0.2,lr1e-04_bs16_modL1_fusion64_fusionL1_drop0p2_trmiss80_trlocclin,10,0.5768271932999293,0.762182871500651,0.37394957983193283,0.5999353364203047,0.4666666666666667,0.0,0.0,0.0,0.0,2002,clin,0.8
1,2,lr1e-04_bs16_modL1_fusion64_fusionL1_drop0p2_trmiss80_trlocclin,16,0.0001,1,64,1,0.2,lr1e-04_bs16_modL1_fusion64_fusionL1_drop0p2_trmiss80_trlocclin,11,0.5468276664614677,0.7516070008277893,0.39705882352941174,0.6116620421278324,0.4666666666666667,0.0,0.0,0.0,0.0,2002,clin,0.8
1,2,lr1e-04_bs16_modL1_fusion64_fusionL1_drop0p2_trmiss80_trlocclin,16,0.0001,1,64,1,0.2,lr1e-04_bs16_modL1_fusion64_fusionL1_drop0p2_trmiss80_trlocclin,12,0.5575916171073914,0.7418273687362671,0.4012605042016807,0.6002566663861564,0.4888888888888889,0.0,0.0,0.0,0.0,2002,clin,0.8
1,2,lr1e-04_bs16_modL1_fusion64_fusionL1_drop0p2_trmiss80_trlocclin,16,0.0001,1,64,1,0.2,lr1e-04_bs16_modL1_fusion64_fusionL1_drop0p2_trmiss80_trlocclin,13,0.5452008644739786,0.7531416813532511,0.39915966386554624,0.6288090201424936,0.4444444444444444,0.0,0.0,0.0,0.0,2002,clin,0.8
1,2,lr1e-04_bs16_modL1_fusion64_fusionL1_drop0p2_trmiss80_trlocclin,16,0.0001,1,64,1,0.2,lr1e-04_bs16_modL1_fusion64_fusionL1_drop0p2_trmiss80_trlocclin,14,0.5274402971069018,0.7544106046358744,0.39915966386554624,0.6262631767348662,0.4444444444444444,0.0,0.0,0.0,0.0,2002,clin,0.8
1,2,lr1e-04_bs16_modL1_fusion64_fusionL1_drop0p2_trmiss80_trlocclin,16,0.0001,1,64,1,0.2,lr1e-04_bs16_modL1_fusion64_fusionL1_drop0p2_trmiss80_trlocclin,15,0.5482854917645454,0.7545925180117289,0.39915966386554624,0.626148142237275,0.4444444444444444,0.0,0.0,0.0,0.0,2002,clin,0.8
1,2,lr1e-04_bs16_modL1_fusion64_fusionL1_drop0p2_trmiss80_trlocclin,16,0.0001,1,64,1,0.2,lr1e-04_bs16_modL1_fusion64_fusionL1_drop0p2_trmiss80_trlocclin,16,0.5242304603258768,0.7584086259206136,0.4159663865546218,0.6263468554805313,0.4222222222222222,0.0,0.0,0.0,0.0,2002,clin,0.8
1,2,lr1e-04_bs16_modL1_fusion64_fusionL1_drop0p2_trmiss80_trlocclin,16,0.0001,1,64,1,0.2,lr1e-04_bs16_modL1_fusion64_fusionL1_drop0p2_trmiss80_trlocclin,17,0.5376693656047186,0.7558080752690634,0.4012605042016807,0.6190561546445543,0.4444444444444444,0.0,0.0,0.0,0.0,2002,clin,0.8
1,2,lr1e-04_bs16_modL1_fusion64_fusionL1_drop0p2_trmiss80_trlocclin,16,0.0001,1,64,1,0.2,lr1e-04_bs16_modL1_fusion64_fusionL1_drop0p2_trmiss80_trlocclin,18,0.5151693671941757,0.7530942360560099,0.4222689075630252,0.6412816561849868,0.4666666666666667,0.0,0.0,0.0,0.0,2002,clin,0.8
1,2,lr1e-04_bs16_modL1_fusion64_fusionL1_drop0p2_trmiss80_trlocclin,16,0.0001,1,64,1,0.2,lr1e-04_bs16_modL1_fusion64_fusionL1_drop0p2_trmiss80_trlocclin,19,0.49524183571338654,0.7472096482912699,0.43067226890756305,0.6381565411964627,0.4666666666666667,0.0,0.0,0.0,0.0,2002,clin,0.8
1,2,lr1e-04_bs16_modL1_fusion64_fusionL1_drop0p2_trmiss80_trlocclin,16,0.0001,1,64,1,0.2,lr1e-04_bs16_modL1_fusion64_fusionL1_drop0p2_trmiss80_trlocclin,20,0.5209499796231588,0.7397537032763163,0.41596638655462187,0.6115574738450832,0.5333333333333333,0.0,0.0,0.0,0.0,2002,clin,0.8
1,2,lr1e-04_bs16_modL1_fusion64_fusionL1_drop0p2_trmiss80_trlocclin,16,0.0001,1,64,1,0.2,lr1e-04_bs16_modL1_fusion64_fusionL1_drop0p2_trmiss80_trlocclin,21,0.4965022802352905,0.7330777446428934,0.43907563025210083,0.6377157580785374,0.5111111111111111,0.0,0.0,0.0,0.0,2002,clin,0.8
1,2,lr1e-04_bs16_modL1_fusion64_fusionL1_drop0p2_trmiss80_trlocclin,16,0.0001,1,64,1,0.2,lr1e-04_bs16_modL1_fusion64_fusionL1_drop0p2_trmiss80_trlocclin,22,0.5117691705624262,0.7401773730913798,0.4285714285714286,0.6328683923781029,0.5111111111111111,0.0,0.0,0.0,0.0,2002,clin,0.8
1,2,lr1e-04_bs16_modL1_fusion64_fusionL1_drop0p2_trmiss80_trlocclin,16,0.0001,1,64,1,0.2,lr1e-04_bs16_modL1_fusion64_fusionL1_drop0p2_trmiss80_trlocclin,23,0.49336884419123334,0.742673913637797,0.4285714285714286,0.6534951632416931,0.4888888888888889,0.0,0.0,0.0,0.0,2002,clin,0.8
1,2,lr1e-04_bs16_modL1_fusion64_fusionL1_drop0p2_trmiss80_trlocclin,16,0.0001,1,64,1,0.2,lr1e-04_bs16_modL1_fusion64_fusionL1_drop0p2_trmiss80_trlocclin,24,0.4846209188302358,0.7439344127972921,0.42226890756302515,0.650397797647241,0.4888888888888889,0.0,0.0,0.0,0.0,2002,clin,0.8
1,2,lr1e-04_bs16_modL1_fusion64_fusionL1_drop0p2_trmiss80_trlocclin,16,0.0001,1,64,1,0.2,lr1e-04_bs16_modL1_fusion64_fusionL1_drop0p2_trmiss80_trlocclin,25,0.5149455666542053,0.7360478838284811,0.42226890756302515,0.6350599078979903,0.4888888888888889,0.0,0.0,0.0,0.0,2002,clin,0.8
1,2,lr1e-04_bs16_modL1_fusion64_fusionL1_drop0p2_trmiss80_trlocclin,16,0.0001,1,64,1,0.2,lr1e-04_bs16_modL1_fusion64_fusionL1_drop0p2_trmiss80_trlocclin,26,0.4912021532654762,0.7534773747126261,0.4222689075630252,0.6297362956595727,0.4666666666666667,0.0,0.0,0.0,0.0,2002,clin,0.8
1,2,lr1e-04_bs16_modL1_fusion64_fusionL1_drop0p2_trmiss80_trlocclin,16,0.0001,1,64,1,0.2,lr1e-04_bs16_modL1_fusion64_fusionL1_drop0p2_trmiss80_trlocclin,27,0.4913725256919861,0.7388489643732706,0.4348739495798319,0.6411318912280803,0.4888888888888889,0.0,0.0,0.0,0.0,2002,clin,0.8
1,2,lr1e-04_bs16_modL1_fusion64_fusionL1_drop0p2_trmiss80_trlocclin,16,0.0001,1,64,1,0.2,lr1e-04_bs16_modL1_fusion64_fusionL1_drop0p2_trmiss80_trlocclin,28,0.5041368653376898,0.7359703381856283,0.43277310924369744,0.6420268635679344,0.4888888888888889,0.0,0.0,0.0,0.0,2002,clin,0.8
1,2,lr1e-04_bs16_modL1_fusion64_fusionL1_drop0p2_trmiss80_trlocclin,16,0.0001,1,64,1,0.2,lr1e-04_bs16_modL1_fusion64_fusionL1_drop0p2_trmiss80_trlocclin,29,0.4805937061707179,0.7452839811642965,0.4264705882352941,0.6377228339570715,0.4666666666666667,0.0,0.0,0.0,0.0,2002,clin,0.8
1,2,lr1e-04_bs16_modL1_fusion64_fusionL1_drop0p2_trmiss80_trlocclin,16,0.0001,1,64,1,0.2,lr1e-04_bs16_modL1_fusion64_fusionL1_drop0p2_trmiss80_trlocclin,30,0.49067671100298565,0.7427235841751099,0.4180672268907563,0.6187912559444417,0.4888888888888889,0.0,0.0,0.0,0.0,2002,clin,0.8
1,2,lr1e-04_bs16_modL1_fusion64_fusionL1_drop0p2_trmiss80_trlocclin,16,0.0001,1,64,1,0.2,lr1e-04_bs16_modL1_fusion64_fusionL1_drop0p2_trmiss80_trlocclin,31,0.48954707632462185,0.7428661783536276,0.4264705882352941,0.6524253497716684,0.4888888888888889,0.0,0.0,0.0,0.0,2002,clin,0.8
1,2,lr1e-04_bs16_modL1_fusion64_fusionL1_drop0p2_trmiss80_trlocclin,16,0.0001,1,64,1,0.2,lr1e-04_bs16_modL1_fusion64_fusionL1_drop0p2_trmiss80_trlocclin,32,0.49402980754772824,0.7438445289929708,0.4348739495798319,0.6595144916985493,0.4666666666666667,0.0,0.0,0.0,0.0,2002,clin,0.8
1,2,lr1e-04_bs16_modL1_fusion64_fusionL1_drop0p2_trmiss80_trlocclin,16,0.0001,1,64,1,0.2,lr1e-04_bs16_modL1_fusion64_fusionL1_drop0p2_trmiss80_trlocclin,33,0.47400444000959396,0.7355202436447144,0.4474789915966386,0.6597012650494534,0.4666666666666667,0.0,0.0,0.0,0.0,2002,clin,0.8
1,2,lr1e-04_bs16_modL1_fusion64_fusionL1_drop0p2_trmiss80_trlocclin,16,0.0001,1,64,1,0.2,lr1e-04_bs16_modL1_fusion64_fusionL1_drop0p2_trmiss80_trlocclin,34,0.49470774332682294,0.7401487628618876,0.4600840336134454,0.6672893072269289,0.4666666666666667,0.0,0.0,0.0,0.0,2002,clin,0.8
1,2,lr1e-04_bs16_modL1_fusion64_fusionL1_drop0p2_trmiss80_trlocclin,16,0.0001,1,64,1,0.2,lr1e-04_bs16_modL1_fusion64_fusionL1_drop0p2_trmiss80_trlocclin,35,0.49108121544122696,0.7324279944101969,0.45168067226890757,0.6493951180964631,0.4666666666666667,0.0,0.0,0.0,0.0,2002,clin,0.8
1,2,lr1e-04_bs16_modL1_fusion64_fusionL1_drop0p2_trmiss80_trlocclin,16,0.0001,1,64,1,0.2,lr1e-04_bs16_modL1_fusion64_fusionL1_drop0p2_trmiss80_trlocclin,36,0.49466831733783084,0.7243712345759074,0.46218487394957986,0.6615180915820259,0.4888888888888889,0.0,0.0,0.0,0.0,2002,clin,0.8
1,2,lr1e-04_bs16_modL1_fusion64_fusionL1_drop0p2_trmiss80_trlocclin,16,0.0001,1,64,1,0.2,lr1e-04_bs16_modL1_fusion64_fusionL1_drop0p2_trmiss80_trlocclin,37,0.4775099381804466,0.7243640025456747,0.4495798319327731,0.6603157712535035,0.4666666666666667,0.0,0.0,0.0,0.0,2002,clin,0.8
1,2,lr1e-04_bs16_modL1_fusion64_fusionL1_drop0p2_trmiss80_trlocclin,16,0.0001,1,64,1,0.2,lr1e-04_bs16_modL1_fusion64_fusionL1_drop0p2_trmiss80_trlocclin,38,0.47547367711861926,0.7395573258399963,0.45168067226890757,0.6782264942492677,0.4888888888888889,0.0,0.0,0.0,0.0,2002,clin,0.8
1,2,lr1e-04_bs16_modL1_fusion64_fusionL1_drop0p2_trmiss80_trlocclin,16,0.0001,1,64,1,0.2,lr1e-04_bs16_modL1_fusion64_fusionL1_drop0p2_trmiss80_trlocclin,39,0.5019687761863073,0.7448494831720988,0.4495798319327732,0.6653114211334009,0.4666666666666667,0.0,0.0,0.0,0.0,2002,clin,0.8
1,2,lr1e-04_bs16_modL1_fusion64_fusionL1_drop0p2_trmiss80_trlocclin,16,0.0001,1,64,1,0.2,lr1e-04_bs16_modL1_fusion64_fusionL1_drop0p2_trmiss80_trlocclin,40,0.45477193345626193,0.7283701101938883,0.4600840336134454,0.6693962408667169,0.4888888888888889,0.0,0.0,0.0,0.0,2002,clin,0.8
1,2,lr1e-04_bs16_modL1_fusion64_fusionL1_drop0p2_trmiss80_trlocclin,16,0.0001,1,64,1,0.2,lr1e-04_bs16_modL1_fusion64_fusionL1_drop0p2_trmiss80_trlocclin,41,0.4714008743564288,0.7304020325342814,0.4600840336134454,0.6544041958925695,0.4888888888888889,0.0,0.0,0.0,0.0,2002,clin,0.8
1,2,lr1e-04_bs16_modL1_fusion64_fusionL1_drop0p2_trmiss80_trlocclin,16,0.0001,1,64,1,0.2,lr1e-04_bs16_modL1_fusion64_fusionL1_drop0p2_trmiss80_trlocclin,42,0.47640132655700046,0.7332294384638468,0.4579831932773109,0.6785647221687106,0.4888888888888889,0.0,0.0,0.0,0.0,2002,clin,0.8
1,2,lr1e-04_bs16_modL1_fusion64_fusionL1_drop0p2_trmiss80_trlocclin,16,0.0001,1,64,1,0.2,lr1e-04_bs16_modL1_fusion64_fusionL1_drop0p2_trmiss80_trlocclin,43,0.4816694036126137,0.7271818916002909,0.4663865546218487,0.6836931875658434,0.4888888888888889,0.0,0.0,0.0,0.0,2002,clin,0.8
1,2,lr1e-04_bs16_modL1_fusion64_fusionL1_drop0p2_trmiss80_trlocclin,16,0.0001,1,64,1,0.2,lr1e-04_bs16_modL1_fusion64_fusionL1_drop0p2_trmiss80_trlocclin,44,0.47369340310494107,0.7313014268875122,0.4432773109243697,0.660922433354927,0.4888888888888889,0.0,0.0,0.0,0.0,2002,clin,0.8
1,2,lr1e-04_bs16_modL1_fusion64_fusionL1_drop0p2_trmiss80_trlocclin,16,0.0001,1,64,1,0.2,lr1e-04_bs16_modL1_fusion64_fusionL1_drop0p2_trmiss80_trlocclin,45,0.48997706919908524,0.7413109540939331,0.4411764705882353,0.6672694653228635,0.4888888888888889,0.0,0.0,0.0,0.0,2002,clin,0.8
1,2,lr1e-04_bs16_modL1_fusion64_fusionL1_drop0p2_trmiss80_trlocclin,16,0.0001,1,64,1,0.2,lr1e-04_bs16_modL1_fusion64_fusionL1_drop0p2_trmiss80_trlocclin,46,0.4846998527646065,0.7409254511197408,0.4558823529411764,0.6822872937229378,0.4888888888888889,0.0,0.0,0.0,0.0,2002,clin,0.8
1,2,lr1e-04_bs16_modL1_fusion64_fusionL1_drop0p2_trmiss80_trlocclin,16,0.0001,1,64,1,0.2,lr1e-04_bs16_modL1_fusion64_fusionL1_drop0p2_trmiss80_trlocclin,47,0.49417682488759357,0.7299460172653198,0.4558823529411764,0.6716747066419317,0.4666666666666667,0.0,0.0,0.0,0.0,2002,clin,0.8
1,2,lr1e-04_bs16_modL1_fusion64_fusionL1_drop0p2_trmiss80_trlocclin,16,0.0001,1,64,1,0.2,lr1e-04_bs16_modL1_fusion64_fusionL1_drop0p2_trmiss80_trlocclin,48,0.4897158493598302,0.7362513144810995,0.4432773109243697,0.6647211990527928,0.4888888888888889,0.0,0.0,0.0,0.0,2002,clin,0.8
1,2,lr1e-04_bs16_modL1_fusion64_fusionL1_drop0p2_trmiss80_trlocclin,16,0.0001,1,64,1,0.2,lr1e-04_bs16_modL1_fusion64_fusionL1_drop0p2_trmiss80_trlocclin,49,0.4873376364509265,0.7377944787343343,0.4474789915966386,0.6722056320617147,0.4888888888888889,0.0,0.0,0.0,0.0,2002,clin,0.8
1,2,lr1e-04_bs16_modL1_fusion64_fusionL1_drop0p2_trmiss80_trlocclin,16,0.0001,1,64,1,0.2,lr1e-04_bs16_modL1_fusion64_fusionL1_drop0p2_trmiss80_trlocclin,50,0.5137886106967926,0.743977427482605,0.4453781512605041,0.6593807790275021,0.4666666666666667,0.0,0.0,0.0,0.0,2002,clin,0.8
1,2,lr1e-04_bs16_modL1_fusion64_fusionL1_drop0p2_trmiss80_trlocclin,16,0.0001,1,64,1,0.2,lr1e-04_bs16_modL1_fusion64_fusionL1_drop0p2_trmiss80_trlocclin,51,0.47258470952510834,0.7422861854235331,0.43907563025210083,0.6556959405520233,0.4666666666666667,0.0,0.0,0.0,0.0,2002,clin,0.8
1,2,lr1e-04_bs16_modL1_fusion64_fusionL1_drop0p2_trmiss80_trlocclin,16,0.0001,1,64,1,0.2,lr1e-04_bs16_modL1_fusion64_fusionL1_drop0p2_trmiss80_trlocclin,52,0.47678300241629284,0.7324105103810629,0.44957983193277307,0.6560325256772057,0.4888888888888889,0.0,0.0,0.0,0.0,2002,clin,0.8
1,2,lr1e-04_bs16_modL1_fusion64_fusionL1_drop0p2_trmiss80_trlocclin,16,0.0001,1,64,1,0.2,lr1e-04_bs16_modL1_fusion64_fusionL1_drop0p2_trmiss80_trlocclin,53,0.4898601472377777,0.7394809524218241,0.453781512605042,0.6737422911237171,0.4888888888888889,0.0,0.0,0.0,0.0,2002,clin,0.8
1,2,lr1e-04_bs16_modL1_fusion64_fusionL1_drop0p2_trmiss80_trlocclin,16,0.0001,1,64,1,0.2,lr1e-04_bs16_modL1_fusion64_fusionL1_drop0p2_trmiss80_trlocclin,54,0.46402837087710697,0.7447301944096884,0.4558823529411764,0.6738835818806083,0.4666666666666667,0.0,0.0,0.0,0.0,2002,clin,0.8
1,2,lr1e-04_bs16_modL1_fusion64_fusionL1_drop0p2_trmiss80_trlocclin,16,0.0001,1,64,1,0.2,lr1e-04_bs16_modL1_fusion64_fusionL1_drop0p2_trmiss80_trlocclin,55,0.49050729473431903,0.7362200220425924,0.46428571428571425,0.6798741743723483,0.5111111111111111,0.0,0.0,0.0,0.0,2002,clin,0.8
1,2,lr1e-04_bs16_modL1_fusion64_fusionL1_drop0p2_trmiss80_trlocclin,16,0.0001,1,64,1,0.2,lr1e-04_bs16_modL1_fusion64_fusionL1_drop0p2_trmiss80_trlocclin,56,0.48033545911312103,0.7429376641909281,0.4474789915966386,0.6699197902127069,0.4666666666666667,0.0,0.0,0.0,0.0,2002,clin,0.8
1,2,lr1e-04_bs16_modL1_fusion64_fusionL1_drop0p2_trmiss80_trlocclin,16,0.0001,1,64,1,0.2,lr1e-04_bs16_modL1_fusion64_fusionL1_drop0p2_trmiss80_trlocclin,57,0.4771125341455142,0.7380133668581644,0.4453781512605042,0.6704911368608424,0.4666666666666667,0.0,0.0,0.0,0.0,2002,clin,0.8
1,2,lr1e-04_bs16_modL1_fusion64_fusionL1_drop0p2_trmiss80_trlocclin,16,0.0001,1,64,1,0.2,lr1e-04_bs16_modL1_fusion64_fusionL1_drop0p2_trmiss80_trlocclin,58,0.4761370172103246,0.738742729028066,0.4495798319327731,0.665112176301206,0.4666666666666667,0.0,0.0,0.0,0.0,2002,clin,0.8
1,2,lr1e-04_bs16_modL1_fusion64_fusionL1_drop0p2_trmiss80_trlocclin,16,0.0001,1,64,1,0.2,lr1e-04_bs16_modL1_fusion64_fusionL1_drop0p2_trmiss80_trlocclin,59,0.5035855745275816,0.7424215078353882,0.4495798319327732,0.6659361325066115,0.4444444444444444,0.0,0.0,0.0,0.0,2002,clin,0.8
1,2,lr1e-04_bs16_modL1_fusion64_fusionL1_drop0p2_trmiss80_trlocclin,16,0.0001,1,64,1,0.2,lr1e-04_bs16_modL1_fusion64_fusionL1_drop0p2_trmiss80_trlocclin,60,0.49263331790765125,0.7457841634750366,0.46218487394957986,0.6623406645050947,0.4666666666666667,0.0,0.0,0.0,0.0,2002,clin,0.8
1,2,lr1e-04_bs16_modL1_fusion64_fusionL1_drop0p2_trmiss80_trlocclin,16,0.0001,1,64,1,0.2,lr1e-04_bs16_modL1_fusion64_fusionL1_drop0p2_trmiss80_trlocclin,61,0.47929099202156067,0.7447133660316467,0.4495798319327732,0.6480381426848658,0.4444444444444444,0.0,0.0,0.0,0.0,2002,clin,0.8
1,2,lr1e-04_bs16_modL1_fusion64_fusionL1_drop0p2_trmiss80_trlocclin,16,0.0001,1,64,1,0.2,lr1e-04_bs16_modL1_fusion64_fusionL1_drop0p2_trmiss80_trlocclin,62,0.46343303968509036,0.7399692932764689,0.4432773109243697,0.656551798091489,0.4666666666666667,0.0,0.0,0.0,0.0,2002,clin,0.8
1,2,lr1e-04_bs16_modL1_fusion64_fusionL1_drop0p2_trmiss80_trlocclin,16,0.0001,1,64,1,0.2,lr1e-04_bs16_modL1_fusion64_fusionL1_drop0p2_trmiss80_trlocclin,63,0.479312298198541,0.7344579497973124,0.46008403361344535,0.6779522308675874,0.4888888888888889,0.0,0.0,0.0,0.0,2002,clin,0.8
1,2,lr1e-04_bs16_modL1_fusion64_fusionL1_drop0p1_trmiss80_trlocclin,16,0.0001,1,64,1,0.1,lr1e-04_bs16_modL1_fusion64_fusionL1_drop0p1_trmiss80_trlocclin,1,0.6897823264201483,0.6794629295667013,0.5903361344537814,0.7340829493662044,0.6222222222222222,0.0,0.0,0.0,0.0,2002,clin,0.8
1,2,lr1e-04_bs16_modL1_fusion64_fusionL1_drop0p1_trmiss80_trlocclin,16,0.0001,1,64,1,0.1,lr1e-04_bs16_modL1_fusion64_fusionL1_drop0p1_trmiss80_trlocclin,2,0.646779403090477,0.6867347160975138,0.5483193277310925,0.6854685988622057,0.5555555555555556,0.0,0.0,0.0,0.0,2002,clin,0.8
1,2,lr1e-04_bs16_modL1_fusion64_fusionL1_drop0p1_trmiss80_trlocclin,16,0.0001,1,64,1,0.1,lr1e-04_bs16_modL1_fusion64_fusionL1_drop0p1_trmiss80_trlocclin,3,0.6067528625329336,0.6789517402648926,0.5630252100840336,0.6942606802051494,0.5777777777777777,0.0,0.0,0.0,0.0,2002,clin,0.8
1,2,lr1e-04_bs16_modL1_fusion64_fusionL1_drop0p1_trmiss80_trlocclin,16,0.0001,1,64,1,0.1,lr1e-04_bs16_modL1_fusion64_fusionL1_drop0p1_trmiss80_trlocclin,4,0.5727853129307429,0.6763435204823812,0.5609243697478992,0.6801486798117393,0.6,0.0,0.0,0.0,0.0,2002,clin,0.8
1,2,lr1e-04_bs16_modL1_fusion64_fusionL1_drop0p1_trmiss80_trlocclin,16,0.0001,1,64,1,0.1,lr1e-04_bs16_modL1_fusion64_fusionL1_drop0p1_trmiss80_trlocclin,5,0.5655121058225632,0.6833211779594421,0.5651260504201681,0.6869373459378165,0.5555555555555556,0.0,0.0,0.0,0.0,2002,clin,0.8
1,2,lr1e-04_bs16_modL1_fusion64_fusionL1_drop0p1_trmiss80_trlocclin,16,0.0001,1,64,1,0.1,lr1e-04_bs16_modL1_fusion64_fusionL1_drop0p1_trmiss80_trlocclin,6,0.5363112986087799,0.6883383989334106,0.5504201680672269,0.6687394357600928,0.5111111111111111,0.0,0.0,0.0,0.0,2002,clin,0.8
1,2,lr1e-04_bs16_modL1_fusion64_fusionL1_drop0p1_trmiss80_trlocclin,16,0.0001,1,64,1,0.1,lr1e-04_bs16_modL1_fusion64_fusionL1_drop0p1_trmiss80_trlocclin,7,0.5161175429821014,0.680772622426351,0.5483193277310925,0.6690597101880056,0.5333333333333333,0.0,0.0,0.0,0.0,2002,clin,0.8
1,2,lr1e-04_bs16_modL1_fusion64_fusionL1_drop0p1_trmiss80_trlocclin,16,0.0001,1,64,1,0.1,lr1e-04_bs16_modL1_fusion64_fusionL1_drop0p1_trmiss80_trlocclin,8,0.5000666156411171,0.6849966446558634,0.5567226890756303,0.688530313223504,0.5777777777777777,0.0,0.0,0.0,0.0,2002,clin,0.8
1,2,lr1e-04_bs16_modL1_fusion64_fusionL1_drop0p1_trmiss80_trlocclin,16,0.0001,1,64,1,0.1,lr1e-04_bs16_modL1_fusion64_fusionL1_drop0p1_trmiss80_trlocclin,9,0.48659642537434894,0.6809545556704203,0.573529411764706,0.684644555002704,0.5777777777777777,0.0,0.0,0.0,0.0,2002,clin,0.8
1,2,lr1e-04_bs16_modL1_fusion64_fusionL1_drop0p1_trmiss80_trlocclin,16,0.0001,1,64,1,0.1,lr1e-04_bs16_modL1_fusion64_fusionL1_drop0p1_trmiss80_trlocclin,10,0.47911015897989273,0.6858267585436503,0.5462184873949579,0.6811301172051114,0.5777777777777777,0.0,0.0,0.0,0.0,2002,clin,0.8
1,2,lr1e-04_bs16_modL1_fusion64_fusionL1_drop0p1_trmiss80_trlocclin,16,0.0001,1,64,1,0.1,lr1e-04_bs16_modL1_fusion64_fusionL1_drop0p1_trmiss80_trlocclin,11,0.45967866977055866,0.6922010978062948,0.5546218487394957,0.6979491644052893,0.5777777777777777,0.0,0.0,0.0,0.0,2002,clin,0.8
1,2,lr1e-04_bs16_modL1_fusion64_fusionL1_drop0p1_trmiss80_trlocclin,16,0.0001,1,64,1,0.1,lr1e-04_bs16_modL1_fusion64_fusionL1_drop0p1_trmiss80_trlocclin,12,0.4480669250090917,0.6984531084696451,0.542016806722689,0.6820733610327028,0.5333333333333333,0.0,0.0,0.0,0.0,2002,clin,0.8
1,2,lr1e-04_bs16_modL1_fusion64_fusionL1_drop0p1_trmiss80_trlocclin,16,0.0001,1,64,1,0.1,lr1e-04_bs16_modL1_fusion64_fusionL1_drop0p1_trmiss80_trlocclin,13,0.4469250937302907,0.6979897419611613,0.5525210084033614,0.6751643633901441,0.5111111111111111,0.0,0.0,0.0,0.0,2002,clin,0.8
1,2,lr1e-04_bs16_modL1_fusion64_fusionL1_drop0p1_trmiss80_trlocclin,16,0.0001,1,64,1,0.1,lr1e-04_bs16_modL1_fusion64_fusionL1_drop0p1_trmiss80_trlocclin,14,0.43345176925261814,0.6930718620618185,0.5609243697478992,0.6731108185961711,0.5333333333333333,0.0,0.0,0.0,0.0,2002,clin,0.8
1,2,lr1e-04_bs16_modL1_fusion64_fusionL1_drop0p1_trmiss80_trlocclin,16,0.0001,1,64,1,0.1,lr1e-04_bs16_modL1_fusion64_fusionL1_drop0p1_trmiss80_trlocclin,15,0.452045775949955,0.6862669785817465,0.569327731092437,0.6798441496502179,0.5555555555555556,0.0,0.0,0.0,0.0,2002,clin,0.8
1,2,lr1e-04_bs16_modL1_fusion64_fusionL1_drop0p1_trmiss80_trlocclin,16,0.0001,1,64,1,0.1,lr1e-04_bs16_modL1_fusion64_fusionL1_drop0p1_trmiss80_trlocclin,16,0.4230521892507871,0.6859407822291056,0.5567226890756303,0.6707646458814852,0.5777777777777777,0.0,0.0,0.0,0.0,2002,clin,0.8
1,2,lr1e-04_bs16_modL1_fusion64_fusionL1_drop0p1_trmiss80_trlocclin,16,0.0001,1,64,1,0.1,lr1e-04_bs16_modL1_fusion64_fusionL1_drop0p1_trmiss80_trlocclin,17,0.3957030201951663,0.6890785892804464,0.5609243697478992,0.6755653213560882,0.5777777777777777,0.0,0.0,0.0,0.0,2002,clin,0.8
1,2,lr1e-04_bs16_modL1_fusion64_fusionL1_drop0p1_trmiss80_trlocclin,16,0.0001,1,64,1,0.1,lr1e-04_bs16_modL1_fusion64_fusionL1_drop0p1_trmiss80_trlocclin,18,0.40389179438352585,0.6934475104014078,0.5483193277310925,0.6720298151140074,0.5555555555555556,0.0,0.0,0.0,0.0,2002,clin,0.8
1,2,lr1e-04_bs16_modL1_fusion64_fusionL1_drop0p1_trmiss80_trlocclin,16,0.0001,1,64,1,0.1,lr1e-04_bs16_modL1_fusion64_fusionL1_drop0p1_trmiss80_trlocclin,19,0.4054529592394829,0.693658689657847,0.5399159663865546,0.6658204021934124,0.5555555555555556,0.0,0.0,0.0,0.0,2002,clin,0.8
1,2,lr1e-04_bs16_modL1_fusion64_fusionL1_drop0p1_trmiss80_trlocclin,16,0.0001,1,64,1,0.1,lr1e-04_bs16_modL1_fusion64_fusionL1_drop0p1_trmiss80_trlocclin,20,0.382265068590641,0.6871111194292704,0.5588235294117647,0.6765816986371949,0.5777777777777777,0.0,0.0,0.0,0.0,2002,clin,0.8
1,2,lr1e-04_bs16_modL1_fusion64_fusionL1_drop0p1_trmiss80_trlocclin,16,0.0001,1,64,1,0.1,lr1e-04_bs16_modL1_fusion64_fusionL1_drop0p1_trmiss80_trlocclin,21,0.3834644854068756,0.6944512128829956,0.546218487394958,0.6491496797692137,0.5777777777777777,0.0,0.0,0.0,0.0,2002,clin,0.8
1,2,lr5e-05_bs32_modL1_fusion32_fusionL1_drop0p2_trmiss80_trlocclin,32,5e-05,1,32,1,0.2,lr5e-05_bs32_modL1_fusion32_fusionL1_drop0p2_trmiss80_trlocclin,1,0.7630903820196787,0.7158850133419037,0.34243697478991597,0.5374580623625153,0.37777777777777777,0.0,0.0,0.0,0.0,2002,clin,0.8
1,2,lr5e-05_bs32_modL1_fusion32_fusionL1_drop0p2_trmiss80_trlocclin,32,5e-05,1,32,1,0.2,lr5e-05_bs32_modL1_fusion32_fusionL1_drop0p2_trmiss80_trlocclin,2,0.7197385728359222,0.7237553298473358,0.32563025210084034,0.5434158720406165,0.3333333333333333,0.0,0.0,0.0,0.0,2002,clin,0.8
1,2,lr5e-05_bs32_modL1_fusion32_fusionL1_drop0p2_trmiss80_trlocclin,32,5e-05,1,32,1,0.2,lr5e-05_bs32_modL1_fusion32_fusionL1_drop0p2_trmiss80_trlocclin,3,0.7214878896872202,0.7337201237678528,0.3172268907563025,0.5397540751007398,0.3111111111111111,0.0,0.0,0.0,0.0,2002,clin,0.8
1,2,lr5e-05_bs32_modL1_fusion32_fusionL1_drop0p2_trmiss80_trlocclin,32,5e-05,1,32,1,0.2,lr5e-05_bs32_modL1_fusion32_fusionL1_drop0p2_trmiss80_trlocclin,4,0.6811138689517975,0.7424550950527191,0.3109243697478991,0.5218100794071607,0.28888888888888886,0.0,0.0,0.0,0.0,2002,clin,0.8
1,2,lr5e-05_bs32_modL1_fusion32_fusionL1_drop0p2_trmiss80_trlocclin,32,5e-05,1,32,1,0.2,lr5e-05_bs32_modL1_fusion32_fusionL1_drop0p2_trmiss80_trlocclin,5,0.6992780665556589,0.7516445517539978,0.33403361344537813,0.5301371954690627,0.3111111111111111,0.0,0.0,0.0,0.0,2002,clin,0.8
1,2,lr5e-05_bs32_modL1_fusion32_fusionL1_drop0p2_trmiss80_trlocclin,32,5e-05,1,32,1,0.2,lr5e-05_bs32_modL1_fusion32_fusionL1_drop0p2_trmiss80_trlocclin,6,0.6744462549686432,0.7565300464630127,0.3340336134453782,0.5290536144640544,0.3333333333333333,0.0,0.0,0.0,0.0,2002,clin,0.8
1,2,lr5e-05_bs32_modL1_fusion32_fusionL1_drop0p2_trmiss80_trlocclin,32,5e-05,1,32,1,0.2,lr5e-05_bs32_modL1_fusion32_fusionL1_drop0p2_trmiss80_trlocclin,7,0.657015879948934,0.7551277875900269,0.32563025210084034,0.5351133593169028,0.28888888888888886,0.0,0.0,0.0,0.0,2002,clin,0.8
1,2,lr5e-05_bs32_modL1_fusion32_fusionL1_drop0p2_trmiss80_trlocclin,32,5e-05,1,32,1,0.2,lr5e-05_bs32_modL1_fusion32_fusionL1_drop0p2_trmiss80_trlocclin,8,0.6627378861109415,0.7605675756931305,0.3382352941176471,0.5391329168404055,0.3111111111111111,0.0,0.0,0.0,0.0,2002,clin,0.8
1,2,lr5e-05_bs32_modL1_fusion32_fusionL1_drop0p2_trmiss80_trlocclin,32,5e-05,1,32,1,0.2,lr5e-05_bs32_modL1_fusion32_fusionL1_drop0p2_trmiss80_trlocclin,9,0.6739469567934672,0.761344850063324,0.3382352941176471,0.5285426388440672,0.3111111111111111,0.0,0.0,0.0,0.0,2002,clin,0.8
1,2,lr5e-05_bs32_modL1_fusion32_fusionL1_drop0p2_trmiss80_trlocclin,32,5e-05,1,32,1,0.2,lr5e-05_bs32_modL1_fusion32_fusionL1_drop0p2_trmiss80_trlocclin,10,0.6431732177734375,0.7597135901451111,0.3445378151260504,0.532725231421328,0.3111111111111111,0.0,0.0,0.0,0.0,2002,clin,0.8
1,2,lr5e-05_bs32_modL1_fusion32_fusionL1_drop0p2_trmiss80_trlocclin,32,5e-05,1,32,1,0.2,lr5e-05_bs32_modL1_fusion32_fusionL1_drop0p2_trmiss80_trlocclin,11,0.6309811174869537,0.7585873901844025,0.35294117647058826,0.5340147507163664,0.26666666666666666,0.0,0.0,0.0,0.0,2002,clin,0.8
1,2,lr5e-05_bs32_modL1_fusion32_fusionL1_drop0p2_trmiss80_trlocclin,32,5e-05,1,32,1,0.2,lr5e-05_bs32_modL1_fusion32_fusionL1_drop0p2_trmiss80_trlocclin,12,0.6502849062283834,0.7587342858314514,0.3550420168067227,0.5357077195705747,0.26666666666666666,0.0,0.0,0.0,0.0,2002,clin,0.8
1,2,lr5e-05_bs32_modL1_fusion32_fusionL1_drop0p2_trmiss80_trlocclin,32,5e-05,1,32,1,0.2,lr5e-05_bs32_modL1_fusion32_fusionL1_drop0p2_trmiss80_trlocclin,13,0.6154909829298655,0.7604637145996094,0.3445378151260504,0.530636470884616,0.28888888888888886,0.0,0.0,0.0,0.0,2002,clin,0.8
1,2,lr5e-05_bs32_modL1_fusion32_fusionL1_drop0p2_trmiss80_trlocclin,32,5e-05,1,32,1,0.2,lr5e-05_bs32_modL1_fusion32_fusionL1_drop0p2_trmiss80_trlocclin,14,0.620686541001002,0.758906364440918,0.34663865546218486,0.5329286278004326,0.3111111111111111,0.0,0.0,0.0,0.0,2002,clin,0.8
1,2,lr5e-05_bs32_modL1_fusion32_fusionL1_drop0p2_trmiss80_trlocclin,32,5e-05,1,32,1,0.2,lr5e-05_bs32_modL1_fusion32_fusionL1_drop0p2_trmiss80_trlocclin,15,0.6285988291104635,0.758791595697403,0.35084033613445376,0.5343158666876714,0.3111111111111111,0.0,0.0,0.0,0.0,2002,clin,0.8
1,2,lr5e-05_bs32_modL1_fusion32_fusionL1_drop0p2_trmiss80_trlocclin,32,5e-05,1,32,1,0.2,lr5e-05_bs32_modL1_fusion32_fusionL1_drop0p2_trmiss80_trlocclin,16,0.6229212085405985,0.7577836513519287,0.36134453781512604,0.5383643612906773,0.3111111111111111,0.0,0.0,0.0,0.0,2002,clin,0.8
1,2,lr5e-05_bs32_modL1_fusion32_fusionL1_drop0p2_trmiss80_trlocclin,32,5e-05,1,32,1,0.2,lr5e-05_bs32_modL1_fusion32_fusionL1_drop0p2_trmiss80_trlocclin,17,0.6285557846228281,0.7567100524902344,0.3592436974789916,0.5321984891473615,0.3111111111111111,0.0,0.0,0.0,0.0,2002,clin,0.8
1,2,lr5e-05_bs32_modL1_fusion32_fusionL1_drop0p2_trmiss80_trlocclin,32,5e-05,1,32,1,0.2,lr5e-05_bs32_modL1_fusion32_fusionL1_drop0p2_trmiss80_trlocclin,18,0.627527097860972,0.7529547810554504,0.3802521008403361,0.5487215437173592,0.3111111111111111,0.0,0.0,0.0,0.0,2002,clin,0.8
1,2,lr5e-05_bs32_modL1_fusion32_fusionL1_drop0p2_trmiss80_trlocclin,32,5e-05,1,32,1,0.2,lr5e-05_bs32_modL1_fusion32_fusionL1_drop0p2_trmiss80_trlocclin,19,0.6042849818865458,0.7536708116531372,0.38235294117647056,0.5469741029434206,0.3333333333333333,0.0,0.0,0.0,0.0,2002,clin,0.8
1,2,lr5e-05_bs32_modL1_fusion32_fusionL1_drop0p2_trmiss80_trlocclin,32,5e-05,1,32,1,0.2,lr5e-05_bs32_modL1_fusion32_fusionL1_drop0p2_trmiss80_trlocclin,20,0.6149211327234904,0.7533637881278992,0.37815126050420167,0.5448541676702422,0.3333333333333333,0.0,0.0,0.0,0.0,2002,clin,0.8
1,2,lr5e-05_bs32_modL1_fusion32_fusionL1_drop0p2_trmiss80_trlocclin,32,5e-05,1,32,1,0.2,lr5e-05_bs32_modL1_fusion32_fusionL1_drop0p2_trmiss80_trlocclin,21,0.6085323691368103,0.7542619407176971,0.384453781512605,0.5487580019312194,0.37777777777777777,0.0,0.0,0.0,0.0,2002,clin,0.8
1,2,lr5e-05_bs32_modL1_fusion32_fusionL1_drop0p2_trmiss80_trlocclin,32,5e-05,1,32,1,0.2,lr5e-05_bs32_modL1_fusion32_fusionL1_drop0p2_trmiss80_trlocclin,22,0.6236518422762553,0.7542764842510223,0.39705882352941174,0.5526646470748598,0.35555555555555557,0.0,0.0,0.0,0.0,2002,clin,0.8
1,2,lr5e-05_bs32_modL1_fusion32_fusionL1_drop0p2_trmiss80_trlocclin,32,5e-05,1,32,1,0.2,lr5e-05_bs32_modL1_fusion32_fusionL1_drop0p2_trmiss80_trlocclin,23,0.61023810505867,0.7499817907810211,0.3949579831932773,0.5528032053431173,0.3111111111111111,0.0,0.0,0.0,0.0,2002,clin,0.8
1,2,lr5e-05_bs32_modL1_fusion32_fusionL1_drop0p2_trmiss80_trlocclin,32,5e-05,1,32,1,0.2,lr5e-05_bs32_modL1_fusion32_fusionL1_drop0p2_trmiss80_trlocclin,24,0.6168472468852997,0.7519941926002502,0.38235294117647056,0.545977416433434,0.3111111111111111,0.0,0.0,0.0,0.0,2002,clin,0.8
1,2,lr5e-05_bs32_modL1_fusion32_fusionL1_drop0p2_trmiss80_trlocclin,32,5e-05,1,32,1,0.2,lr5e-05_bs32_modL1_fusion32_fusionL1_drop0p2_trmiss80_trlocclin,25,0.6004292468229929,0.7516742050647736,0.39495798319327735,0.5496934299011453,0.35555555555555557,0.0,0.0,0.0,0.0,2002,clin,0.8
1,2,lr5e-05_bs32_modL1_fusion32_fusionL1_drop0p2_trmiss80_trlocclin,32,5e-05,1,32,1,0.2,lr5e-05_bs32_modL1_fusion32_fusionL1_drop0p2_trmiss80_trlocclin,26,0.5951830645402273,0.7523457705974579,0.39705882352941174,0.552334530507748,0.3333333333333333,0.0,0.0,0.0,0.0,2002,clin,0.8
1,2,lr5e-05_bs32_modL1_fusion32_fusionL1_drop0p2_trmiss80_trlocclin,32,5e-05,1,32,1,0.2,lr5e-05_bs32_modL1_fusion32_fusionL1_drop0p2_trmiss80_trlocclin,27,0.6079672475655874,0.7516818940639496,0.3949579831932773,0.5518618176217757,0.3333333333333333,0.0,0.0,0.0,0.0,2002,clin,0.8
1,2,lr5e-05_bs32_modL1_fusion32_fusionL1_drop0p2_trmiss80_trlocclin,32,5e-05,1,32,1,0.2,lr5e-05_bs32_modL1_fusion32_fusionL1_drop0p2_trmiss80_trlocclin,28,0.5981709162394205,0.7497945129871368,0.39285714285714285,0.5493107972136125,0.3333333333333333,0.0,0.0,0.0,0.0,2002,clin,0.8
1,2,lr5e-05_bs32_modL1_fusion32_fusionL1_drop0p2_trmiss80_trlocclin,32,5e-05,1,32,1,0.2,lr5e-05_bs32_modL1_fusion32_fusionL1_drop0p2_trmiss80_trlocclin,29,0.6075767079989115,0.7505316734313965,0.39705882352941174,0.5524460484691645,0.3333333333333333,0.0,0.0,0.0,0.0,2002,clin,0.8
1,2,lr5e-05_bs32_modL1_fusion32_fusionL1_drop0p2_trmiss80_trlocclin,32,5e-05,1,32,1,0.2,lr5e-05_bs32_modL1_fusion32_fusionL1_drop0p2_trmiss80_trlocclin,30,0.5941005349159241,0.7548509538173676,0.3949579831932773,0.5520343949740195,0.37777777777777777,0.0,0.0,0.0,0.0,2002,clin,0.8
1,2,lr5e-05_bs32_modL1_fusion32_fusionL1_drop0p2_trmiss80_trlocclin,32,5e-05,1,32,1,0.2,lr5e-05_bs32_modL1_fusion32_fusionL1_drop0p2_trmiss80_trlocclin,31,0.6217016180356344,0.7551195919513702,0.3949579831932773,0.5518965979197139,0.35555555555555557,0.0,0.0,0.0,0.0,2002,clin,0.8
1,2,lr5e-05_bs32_modL1_fusion32_fusionL1_drop0p2_trmiss80_trlocclin,32,5e-05,1,32,1,0.2,lr5e-05_bs32_modL1_fusion32_fusionL1_drop0p2_trmiss80_trlocclin,32,0.645592192808787,0.7532389461994171,0.4012605042016807,0.553243628667497,0.3333333333333333,0.0,0.0,0.0,0.0,2002,clin,0.8
1,2,lr5e-05_bs32_modL1_fusion32_fusionL1_drop0p2_trmiss80_trlocclin,32,5e-05,1,32,1,0.2,lr5e-05_bs32_modL1_fusion32_fusionL1_drop0p2_trmiss80_trlocclin,33,0.6083889802296957,0.7520837187767029,0.3991596638655462,0.5521059124147427,0.3333333333333333,0.0,0.0,0.0,0.0,2002,clin,0.8
1,2,lr5e-05_bs32_modL1_fusion32_fusionL1_drop0p2_trmiss80_trlocclin,32,5e-05,1,32,1,0.2,lr5e-05_bs32_modL1_fusion32_fusionL1_drop0p2_trmiss80_trlocclin,34,0.5911885400613149,0.7520446181297302,0.39705882352941174,0.5512807314884469,0.3333333333333333,0.0,0.0,0.0,0.0,2002,clin,0.8
1,2,lr5e-05_bs32_modL1_fusion32_fusionL1_drop0p2_trmiss80_trlocclin,32,5e-05,1,32,1,0.2,lr5e-05_bs32_modL1_fusion32_fusionL1_drop0p2_trmiss80_trlocclin,35,0.6000895500183105,0.7536902725696564,0.38655462184873945,0.5471159175719352,0.3333333333333333,0.0,0.0,0.0,0.0,2002,clin,0.8
1,2,lr5e-05_bs32_modL1_fusion32_fusionL1_drop0p2_trmiss80_trlocclin,32,5e-05,1,32,1,0.2,lr5e-05_bs32_modL1_fusion32_fusionL1_drop0p2_trmiss80_trlocclin,36,0.603470504283905,0.7556697130203247,0.3949579831932773,0.5506141711272805,0.35555555555555557,0.0,0.0,0.0,0.0,2002,clin,0.8
1,2,lr5e-05_bs32_modL1_fusion32_fusionL1_drop0p2_trmiss80_trlocclin,32,5e-05,1,32,1,0.2,lr5e-05_bs32_modL1_fusion32_fusionL1_drop0p2_trmiss80_trlocclin,37,0.6076049109299978,0.7532047927379608,0.3991596638655462,0.5529279541520767,0.3333333333333333,0.0,0.0,0.0,0.0,2002,clin,0.8
1,2,lr5e-05_bs32_modL1_fusion32_fusionL1_drop0p2_trmiss80_trlocclin,32,5e-05,1,32,1,0.2,lr5e-05_bs32_modL1_fusion32_fusionL1_drop0p2_trmiss80_trlocclin,38,0.5965691208839417,0.7540628910064697,0.39285714285714285,0.5492491141950412,0.3333333333333333,0.0,0.0,0.0,0.0,2002,clin,0.8
1,2,lr5e-05_bs32_modL1_fusion32_fusionL1_drop0p2_trmiss80_trlocclin,32,5e-05,1,32,1,0.2,lr5e-05_bs32_modL1_fusion32_fusionL1_drop0p2_trmiss80_trlocclin,39,0.5936404267946879,0.7518730759620667,0.39495798319327735,0.5527638534240662,0.3333333333333333,0.0,0.0,0.0,0.0,2002,clin,0.8
1,2,lr5e-05_bs32_modL1_fusion32_fusionL1_drop0p2_trmiss80_trlocclin,32,5e-05,1,32,1,0.2,lr5e-05_bs32_modL1_fusion32_fusionL1_drop0p2_trmiss80_trlocclin,40,0.5928802986939748,0.753215491771698,0.39285714285714285,0.5491891931187131,0.3333333333333333,0.0,0.0,0.0,0.0,2002,clin,0.8
1,2,lr5e-05_bs32_modL1_fusion32_fusionL1_drop0p2_trmiss80_trlocclin,32,5e-05,1,32,1,0.2,lr5e-05_bs32_modL1_fusion32_fusionL1_drop0p2_trmiss80_trlocclin,41,0.6072317957878113,0.7526938319206238,0.3907563025210084,0.5484691470357638,0.3333333333333333,0.0,0.0,0.0,0.0,2002,clin,0.8
1,2,lr5e-05_bs32_modL1_fusion32_fusionL1_drop0p2_trmiss80_trlocclin,32,5e-05,1,32,1,0.2,lr5e-05_bs32_modL1_fusion32_fusionL1_drop0p2_trmiss80_trlocclin,42,0.5979146162668864,0.7546206116676331,0.3928571428571428,0.5501838702813838,0.3333333333333333,0.0,0.0,0.0,0.0,2002,clin,0.8
1,2,lr5e-05_bs32_modL1_fusion32_fusionL1_drop0p2_trmiss80_trlocclin,32,5e-05,1,32,1,0.2,lr5e-05_bs32_modL1_fusion32_fusionL1_drop0p2_trmiss80_trlocclin,43,0.5874817967414856,0.7510033547878265,0.4012605042016807,0.5558753252855381,0.3333333333333333,0.0,0.0,0.0,0.0,2002,clin,0.8
1,2,lr5e-05_bs32_modL1_fusion32_fusionL1_drop0p2_trmiss80_trlocclin,32,5e-05,1,32,1,0.2,lr5e-05_bs32_modL1_fusion32_fusionL1_drop0p2_trmiss80_trlocclin,44,0.5970058441162109,0.7495248019695282,0.4054621848739496,0.5550757071926868,0.3333333333333333,0.0,0.0,0.0,0.0,2002,clin,0.8
1,2,lr5e-05_bs32_modL1_fusion32_fusionL1_drop0p2_trmiss80_trlocclin,32,5e-05,1,32,1,0.2,lr5e-05_bs32_modL1_fusion32_fusionL1_drop0p2_trmiss80_trlocclin,45,0.6003407935301462,0.7537518739700317,0.3970588235294118,0.5517404787844945,0.3333333333333333,0.0,0.0,0.0,0.0,2002,clin,0.8
1,2,lr5e-05_bs32_modL1_fusion32_fusionL1_drop0p2_trmiss80_trlocclin,32,5e-05,1,32,1,0.2,lr5e-05_bs32_modL1_fusion32_fusionL1_drop0p2_trmiss80_trlocclin,46,0.5998259782791138,0.7528928220272064,0.40336134453781514,0.5551809973438192,0.35555555555555557,0.0,0.0,0.0,0.0,2002,clin,0.8
1,2,lr5e-05_bs32_modL1_fusion32_fusionL1_drop0p2_trmiss80_trlocclin,32,5e-05,1,32,1,0.2,lr5e-05_bs32_modL1_fusion32_fusionL1_drop0p2_trmiss80_trlocclin,47,0.6087602078914642,0.7524816989898682,0.40756302521008403,0.5570125488229717,0.3333333333333333,0.0,0.0,0.0,0.0,2002,clin,0.8
1,2,lr5e-05_bs32_modL1_fusion32_fusionL1_drop0p2_trmiss80_trlocclin,32,5e-05,1,32,1,0.2,lr5e-05_bs32_modL1_fusion32_fusionL1_drop0p2_trmiss80_trlocclin,48,0.5937928259372711,0.7529935240745544,0.3991596638655462,0.5537974399355939,0.3333333333333333,0.0,0.0,0.0,0.0,2002,clin,0.8
1,2,lr5e-05_bs32_modL1_fusion32_fusionL1_drop0p2_trmiss80_trlocclin,32,5e-05,1,32,1,0.2,lr5e-05_bs32_modL1_fusion32_fusionL1_drop0p2_trmiss80_trlocclin,49,0.5996538003285726,0.7535934746265411,0.3928571428571429,0.5486404003357852,0.3111111111111111,0.0,0.0,0.0,0.0,2002,clin,0.8
1,2,lr5e-05_bs32_modL1_fusion32_fusionL1_drop0p2_trmiss80_trlocclin,32,5e-05,1,32,1,0.2,lr5e-05_bs32_modL1_fusion32_fusionL1_drop0p2_trmiss80_trlocclin,50,0.608503003915151,0.7522719204425812,0.39705882352941174,0.5525650471175748,0.3111111111111111,0.0,0.0,0.0,0.0,2002,clin,0.8
1,2,lr5e-05_bs32_modL1_fusion32_fusionL1_drop0p2_trmiss80_trlocclin,32,5e-05,1,32,1,0.2,lr5e-05_bs32_modL1_fusion32_fusionL1_drop0p2_trmiss80_trlocclin,51,0.6091298758983612,0.748224526643753,0.4096638655462185,0.5583670876112922,0.3111111111111111,0.0,0.0,0.0,0.0,2002,clin,0.8
1,2,lr5e-05_bs32_modL1_fusion32_fusionL1_drop0p2_trmiss80_trlocclin,32,5e-05,1,32,1,0.2,lr5e-05_bs32_modL1_fusion32_fusionL1_drop0p2_trmiss80_trlocclin,52,0.6014852225780487,0.7524637877941132,0.3949579831932773,0.5513514503987152,0.3111111111111111,0.0,0.0,0.0,0.0,2002,clin,0.8
1,2,lr5e-05_bs32_modL1_fusion32_fusionL1_drop0p2_trmiss80_trlocclin,32,5e-05,1,32,1,0.2,lr5e-05_bs32_modL1_fusion32_fusionL1_drop0p2_trmiss80_trlocclin,53,0.5802826980749766,0.7526666224002838,0.384453781512605,0.5443354199956327,0.3111111111111111,0.0,0.0,0.0,0.0,2002,clin,0.8
1,2,lr5e-05_bs32_modL1_fusion32_fusionL1_drop0p2_trmiss80_trlocclin,32,5e-05,1,32,1,0.2,lr5e-05_bs32_modL1_fusion32_fusionL1_drop0p2_trmiss80_trlocclin,54,0.6141065657138824,0.7527853548526764,0.38655462184873945,0.5456882338484467,0.3333333333333333,0.0,0.0,0.0,0.0,2002,clin,0.8
1,2,lr5e-05_bs32_modL1_fusion32_fusionL1_drop0p2_trmiss80_trlocclin,32,5e-05,1,32,1,0.2,lr5e-05_bs32_modL1_fusion32_fusionL1_drop0p2_trmiss80_trlocclin,55,0.6000631153583527,0.7525477707386017,0.4012605042016807,0.5523742390763028,0.3111111111111111,0.0,0.0,0.0,0.0,2002,clin,0.8
1,2,lr5e-05_bs32_modL1_fusion32_fusionL1_drop0p2_trmiss80_trlocclin,32,5e-05,1,32,1,0.2,lr5e-05_bs32_modL1_fusion32_fusionL1_drop0p2_trmiss80_trlocclin,56,0.6190425852934519,0.7531464397907257,0.40126050420168063,0.551211699468385,0.3333333333333333,0.0,0.0,0.0,0.0,2002,clin,0.8
1,2,lr5e-05_bs32_modL1_fusion32_fusionL1_drop0p2_trmiss80_trlocclin,32,5e-05,1,32,1,0.2,lr5e-05_bs32_modL1_fusion32_fusionL1_drop0p2_trmiss80_trlocclin,57,0.597101628780365,0.7531532943248749,0.39285714285714285,0.549894139524896,0.3333333333333333,0.0,0.0,0.0,0.0,2002,clin,0.8
1,2,lr5e-05_bs32_modL1_fusion32_fusionL1_drop0p2_trmiss80_trlocclin,32,5e-05,1,32,1,0.2,lr5e-05_bs32_modL1_fusion32_fusionL1_drop0p2_trmiss80_trlocclin,58,0.5962134202321371,0.7537863254547119,0.4012605042016807,0.5534541527598318,0.35555555555555557,0.0,0.0,0.0,0.0,2002,clin,0.8
1,2,lr5e-05_bs32_modL1_fusion32_fusionL1_drop0p2_trmiss80_trlocclin,32,5e-05,1,32,1,0.2,lr5e-05_bs32_modL1_fusion32_fusionL1_drop0p2_trmiss80_trlocclin,59,0.5923010408878326,0.7522164583206177,0.3970588235294118,0.5525562557222289,0.3333333333333333,0.0,0.0,0.0,0.0,2002,clin,0.8
1,2,lr5e-05_bs32_modL1_fusion32_fusionL1_drop0p2_trmiss80_trlocclin,32,5e-05,1,32,1,0.2,lr5e-05_bs32_modL1_fusion32_fusionL1_drop0p2_trmiss80_trlocclin,60,0.5931171278158823,0.755350649356842,0.3970588235294118,0.5503769337439134,0.3333333333333333,0.0,0.0,0.0,0.0,2002,clin,0.8
1,2,lr5e-05_bs32_modL1_fusion32_fusionL1_drop0p2_trmiss80_trlocclin,32,5e-05,1,32,1,0.2,lr5e-05_bs32_modL1_fusion32_fusionL1_drop0p2_trmiss80_trlocclin,61,0.6143254538377126,0.7553676664829254,0.39285714285714285,0.5492491141950412,0.3333333333333333,0.0,0.0,0.0,0.0,2002,clin,0.8
1,2,lr5e-05_bs32_modL1_fusion32_fusionL1_drop0p2_trmiss80_trlocclin,32,5e-05,1,32,1,0.2,lr5e-05_bs32_modL1_fusion32_fusionL1_drop0p2_trmiss80_trlocclin,62,0.6082140703996023,0.7565475404262543,0.39705882352941174,0.5511468050895809,0.3333333333333333,0.0,0.0,0.0,0.0,2002,clin,0.8
1,2,lr5e-05_bs32_modL1_fusion32_fusionL1_drop0p2_trmiss80_trlocclin,32,5e-05,1,32,1,0.2,lr5e-05_bs32_modL1_fusion32_fusionL1_drop0p2_trmiss80_trlocclin,63,0.5901790062586466,0.7561600506305695,0.39495798319327735,0.5503668379303034,0.3333333333333333,0.0,0.0,0.0,0.0,2002,clin,0.8
1,2,lr5e-05_bs32_modL1_fusion32_fusionL1_drop0p2_trmiss80_trlocclin,32,5e-05,1,32,1,0.2,lr5e-05_bs32_modL1_fusion32_fusionL1_drop0p2_trmiss80_trlocclin,64,0.5978895227114359,0.7546083033084869,0.39285714285714285,0.5492650178919433,0.3333333333333333,0.0,0.0,0.0,0.0,2002,clin,0.8
1,2,lr5e-05_bs32_modL1_fusion32_fusionL1_drop0p2_trmiss80_trlocclin,32,5e-05,1,32,1,0.2,lr5e-05_bs32_modL1_fusion32_fusionL1_drop0p2_trmiss80_trlocclin,65,0.6020679473876953,0.7520439028739929,0.4012605042016807,0.5530555229277044,0.3333333333333333,0.0,0.0,0.0,0.0,2002,clin,0.8
1,2,lr5e-05_bs32_modL1_fusion32_fusionL1_drop0p2_trmiss80_trlocclin,32,5e-05,1,32,1,0.2,lr5e-05_bs32_modL1_fusion32_fusionL1_drop0p2_trmiss80_trlocclin,66,0.5707471867402395,0.7520811259746552,0.3928571428571428,0.550993383969557,0.3111111111111111,0.0,0.0,0.0,0.0,2002,clin,0.8
1,2,lr5e-05_bs32_modL1_fusion32_fusionL1_drop0p2_trmiss80_trlocclin,32,5e-05,1,32,1,0.2,lr5e-05_bs32_modL1_fusion32_fusionL1_drop0p2_trmiss80_trlocclin,67,0.6197628676891327,0.7533242702484131,0.39285714285714285,0.5511094025992311,0.3333333333333333,0.0,0.0,0.0,0.0,2002,clin,0.8
1,2,lr5e-05_bs32_modL1_fusion32_fusionL1_drop0p2_trmiss80_trlocclin,32,5e-05,1,32,1,0.2,lr5e-05_bs32_modL1_fusion32_fusionL1_drop0p2_trmiss80_trlocclin,68,0.5912786920865377,0.752680778503418,0.3949579831932773,0.5518965979197139,0.3333333333333333,0.0,0.0,0.0,0.0,2002,clin,0.8
1,2,lr5e-05_bs32_modL1_fusion32_fusionL1_drop0p2_trmiss80_trlocclin,32,5e-05,1,32,1,0.2,lr5e-05_bs32_modL1_fusion32_fusionL1_drop0p2_trmiss80_trlocclin,69,0.5992235342661539,0.7491787374019623,0.40126050420168063,0.5558578824109522,0.3333333333333333,0.0,0.0,0.0,0.0,2002,clin,0.8
1,2,lr5e-05_bs32_modL1_fusion32_fusionL1_drop0p2_trmiss80_trlocclin,32,5e-05,1,32,1,0.2,lr5e-05_bs32_modL1_fusion32_fusionL1_drop0p2_trmiss80_trlocclin,70,0.5997635622819265,0.7496525943279266,0.4054621848739496,0.556980676497482,0.3333333333333333,0.0,0.0,0.0,0.0,2002,clin,0.8
1,2,lr5e-05_bs32_modL1_fusion32_fusionL1_drop0p2_trmiss80_trlocclin,32,5e-05,1,32,1,0.2,lr5e-05_bs32_modL1_fusion32_fusionL1_drop0p2_trmiss80_trlocclin,71,0.6029789845148722,0.7478682398796082,0.4096638655462185,0.5586559271594614,0.3333333333333333,0.0,0.0,0.0,0.0,2002,clin,0.8
1,2,lr5e-05_bs32_modL1_fusion32_fusionL1_drop0p2_trmiss80_trlocclin,32,5e-05,1,32,1,0.2,lr5e-05_bs32_modL1_fusion32_fusionL1_drop0p2_trmiss80_trlocclin,72,0.6177736620108286,0.7497348189353943,0.4096638655462185,0.5561661389007487,0.3333333333333333,0.0,0.0,0.0,0.0,2002,clin,0.8
1,2,lr5e-05_bs32_modL1_fusion32_fusionL1_drop0p2_trmiss80_trlocclin,32,5e-05,1,32,1,0.2,lr5e-05_bs32_modL1_fusion32_fusionL1_drop0p2_trmiss80_trlocclin,73,0.6066223283608755,0.7521569132804871,0.40336134453781514,0.552244627114216,0.3333333333333333,0.0,0.0,0.0,0.0,2002,clin,0.8
1,2,lr5e-05_bs32_modL1_fusion32_fusionL1_drop0p2_trmiss80_trlocclin,32,5e-05,1,32,1,0.2,lr5e-05_bs32_modL1_fusion32_fusionL1_drop0p2_trmiss80_trlocclin,74,0.5926926930745443,0.7531152069568634,0.39705882352941174,0.5481267362454404,0.3333333333333333,0.0,0.0,0.0,0.0,2002,clin,0.8
1,2,lr5e-05_bs32_modL1_fusion32_fusionL1_drop0p2_trmiss80_trlocclin,32,5e-05,1,32,1,0.2,lr5e-05_bs32_modL1_fusion32_fusionL1_drop0p2_trmiss80_trlocclin,75,0.6000371972719828,0.7499009072780609,0.40336134453781514,0.5545301246465622,0.3333333333333333,0.0,0.0,0.0,0.0,2002,clin,0.8
1,2,lr5e-05_bs32_modL1_fusion32_fusionL1_drop0p2_trmiss80_trlocclin,32,5e-05,1,32,1,0.2,lr5e-05_bs32_modL1_fusion32_fusionL1_drop0p2_trmiss80_trlocclin,76,0.5991306801637014,0.7495416700839996,0.4054621848739496,0.5545222048119617,0.3333333333333333,0.0,0.0,0.0,0.0,2002,clin,0.8
1,2,lr5e-05_bs32_modL1_fusion32_fusionL1_drop0p2_trmiss80_trlocclin,32,5e-05,1,32,1,0.2,lr5e-05_bs32_modL1_fusion32_fusionL1_drop0p2_trmiss80_trlocclin,77,0.61297407746315,0.7505913972854614,0.3991596638655462,0.5501335262636192,0.3333333333333333,0.0,0.0,0.0,0.0,2002,clin,0.8
1,2,lr5e-05_bs32_modL1_fusion32_fusionL1_drop0p2_trmiss80_trlocclin,32,5e-05,1,32,1,0.2,lr5e-05_bs32_modL1_fusion32_fusionL1_drop0p2_trmiss80_trlocclin,78,0.5999321341514587,0.7508882880210876,0.39915966386554624,0.5513315264140081,0.3333333333333333,0.0,0.0,0.0,0.0,2002,clin,0.8
1,2,lr5e-05_bs32_modL1_fusion32_fusionL1_drop0p2_trmiss80_trlocclin,32,5e-05,1,32,1,0.2,lr5e-05_bs32_modL1_fusion32_fusionL1_drop0p2_trmiss80_trlocclin,79,0.5884884297847748,0.7506442964076996,0.4033613445378151,0.5554249819780519,0.3333333333333333,0.0,0.0,0.0,0.0,2002,clin,0.8
1,2,lr5e-05_bs32_modL1_fusion32_fusionL1_drop0p2_trmiss80_trlocclin,32,5e-05,1,32,1,0.2,lr5e-05_bs32_modL1_fusion32_fusionL1_drop0p2_trmiss80_trlocclin,80,0.6037196616331736,0.7515124082565308,0.4096638655462185,0.5573793622149951,0.3333333333333333,0.0,0.0,0.0,0.0,2002,clin,0.8
1,2,lr5e-05_bs32_modL1_fusion32_fusionL1_drop0p1_trmiss80_trlocclin,32,5e-05,1,32,1,0.1,lr5e-05_bs32_modL1_fusion32_fusionL1_drop0p1_trmiss80_trlocclin,1,0.7072052359580994,0.6864639222621918,0.638655462184874,0.7711291239360041,0.6444444444444445,0.0,0.0,0.0,0.0,2002,clin,0.8
1,2,lr5e-05_bs32_modL1_fusion32_fusionL1_drop0p1_trmiss80_trlocclin,32,5e-05,1,32,1,0.1,lr5e-05_bs32_modL1_fusion32_fusionL1_drop0p1_trmiss80_trlocclin,2,0.6753497024377187,0.6876190602779388,0.638655462184874,0.7773763170557125,0.5333333333333333,0.0,0.0,0.0,0.0,2002,clin,0.8
1,2,lr5e-05_bs32_modL1_fusion32_fusionL1_drop0p1_trmiss80_trlocclin,32,5e-05,1,32,1,0.1,lr5e-05_bs32_modL1_fusion32_fusionL1_drop0p1_trmiss80_trlocclin,3,0.6388277411460876,0.6879658699035645,0.634453781512605,0.7772421513458238,0.5333333333333333,0.0,0.0,0.0,0.0,2002,clin,0.8
1,2,lr5e-05_bs32_modL1_fusion32_fusionL1_drop0p1_trmiss80_trlocclin,32,5e-05,1,32,1,0.1,lr5e-05_bs32_modL1_fusion32_fusionL1_drop0p1_trmiss80_trlocclin,4,0.6266173819700877,0.6861813962459564,0.6239495798319328,0.7726647487832509,0.5555555555555556,0.0,0.0,0.0,0.0,2002,clin,0.8
1,2,lr5e-05_bs32_modL1_fusion32_fusionL1_drop0p1_trmiss80_trlocclin,32,5e-05,1,32,1,0.1,lr5e-05_bs32_modL1_fusion32_fusionL1_drop0p1_trmiss80_trlocclin,5,0.606611947218577,0.6878601014614105,0.6239495798319328,0.7714884839053852,0.5333333333333333,0.0,0.0,0.0,0.0,2002,clin,0.8
1,2,lr5e-05_bs32_modL1_fusion32_fusionL1_drop0p1_trmiss80_trlocclin,32,5e-05,1,32,1,0.1,lr5e-05_bs32_modL1_fusion32_fusionL1_drop0p1_trmiss80_trlocclin,6,0.6047501862049103,0.6876731216907501,0.6092436974789917,0.7697942717377596,0.5333333333333333,0.0,0.0,0.0,0.0,2002,clin,0.8
1,2,lr5e-05_bs32_modL1_fusion32_fusionL1_drop0p1_trmiss80_trlocclin,32,5e-05,1,32,1,0.1,lr5e-05_bs32_modL1_fusion32_fusionL1_drop0p1_trmiss80_trlocclin,7,0.6020769874254862,0.6897652447223663,0.6050420168067228,0.7735146361394005,0.4888888888888889,0.0,0.0,0.0,0.0,2002,clin,0.8
1,2,lr5e-05_bs32_modL1_fusion32_fusionL1_drop0p1_trmiss80_trlocclin,32,5e-05,1,32,1,0.1,lr5e-05_bs32_modL1_fusion32_fusionL1_drop0p1_trmiss80_trlocclin,8,0.5871577064196268,0.690416008234024,0.6029411764705882,0.7715466960350575,0.5555555555555556,0.0,0.0,0.0,0.0,2002,clin,0.8
1,2,lr5e-05_bs32_modL1_fusion32_fusionL1_drop0p1_trmiss80_trlocclin,32,5e-05,1,32,1,0.1,lr5e-05_bs32_modL1_fusion32_fusionL1_drop0p1_trmiss80_trlocclin,9,0.5790182252724966,0.6894265115261078,0.6029411764705882,0.7702546375207361,0.5555555555555556,0.0,0.0,0.0,0.0,2002,clin,0.8
1,2,lr5e-05_bs32_modL1_fusion32_fusionL1_drop0p1_trmiss80_trlocclin,32,5e-05,1,32,1,0.1,lr5e-05_bs32_modL1_fusion32_fusionL1_drop0p1_trmiss80_trlocclin,10,0.5728995899359385,0.6857688128948212,0.6197478991596639,0.7769454623731972,0.5333333333333333,0.0,0.0,0.0,0.0,2002,clin,0.8
1,2,lr5e-05_bs32_modL1_fusion32_fusionL1_drop0p1_trmiss80_trlocclin,32,5e-05,1,32,1,0.1,lr5e-05_bs32_modL1_fusion32_fusionL1_drop0p1_trmiss80_trlocclin,11,0.5540054043134054,0.6852404475212097,0.6197478991596639,0.7803312614717245,0.5111111111111111,0.0,0.0,0.0,0.0,2002,clin,0.8
1,2,lr5e-05_bs32_modL1_fusion32_fusionL1_drop0p1_trmiss80_trlocclin,32,5e-05,1,32,1,0.1,lr5e-05_bs32_modL1_fusion32_fusionL1_drop0p1_trmiss80_trlocclin,12,0.549700935681661,0.6814015209674835,0.6176470588235294,0.7728582597545687,0.5333333333333333,0.0,0.0,0.0,0.0,2002,clin,0.8
1,2,lr5e-05_bs32_modL1_fusion32_fusionL1_drop0p1_trmiss80_trlocclin,32,5e-05,1,32,1,0.1,lr5e-05_bs32_modL1_fusion32_fusionL1_drop0p1_trmiss80_trlocclin,13,0.5376913795868555,0.6797914505004883,0.6239495798319328,0.7795001705511454,0.5333333333333333,0.0,0.0,0.0,0.0,2002,clin,0.8
1,2,lr5e-05_bs32_modL1_fusion32_fusionL1_drop0p1_trmiss80_trlocclin,32,5e-05,1,32,1,0.1,lr5e-05_bs32_modL1_fusion32_fusionL1_drop0p1_trmiss80_trlocclin,14,0.536473423242569,0.682483434677124,0.615546218487395,0.7729966502066807,0.5555555555555556,0.0,0.0,0.0,0.0,2002,clin,0.8
1,2,lr5e-05_bs32_modL1_fusion32_fusionL1_drop0p1_trmiss80_trlocclin,32,5e-05,1,32,1,0.1,lr5e-05_bs32_modL1_fusion32_fusionL1_drop0p1_trmiss80_trlocclin,15,0.5339202036460241,0.6773749887943268,0.6176470588235294,0.7767916107307364,0.5555555555555556,0.0,0.0,0.0,0.0,2002,clin,0.8
1,2,lr5e-05_bs32_modL1_fusion32_fusionL1_drop0p1_trmiss80_trlocclin,32,5e-05,1,32,1,0.1,lr5e-05_bs32_modL1_fusion32_fusionL1_drop0p1_trmiss80_trlocclin,16,0.5100538581609726,0.6772627532482147,0.6113445378151261,0.7586716928934659,0.5555555555555556,0.0,0.0,0.0,0.0,2002,clin,0.8
1,2,lr5e-05_bs32_modL1_fusion32_fusionL1_drop0p1_trmiss80_trlocclin,32,5e-05,1,32,1,0.1,lr5e-05_bs32_modL1_fusion32_fusionL1_drop0p1_trmiss80_trlocclin,17,0.525579035282135,0.677181214094162,0.6197478991596639,0.7638822587251498,0.5555555555555556,0.0,0.0,0.0,0.0,2002,clin,0.8
1,2,lr5e-05_bs32_modL1_fusion32_fusionL1_drop0p1_trmiss80_trlocclin,32,5e-05,1,32,1,0.1,lr5e-05_bs32_modL1_fusion32_fusionL1_drop0p1_trmiss80_trlocclin,18,0.49663809935251874,0.6717932820320129,0.6260504201680672,0.767184077175294,0.5777777777777777,0.0,0.0,0.0,0.0,2002,clin,0.8
1,2,lr5e-05_bs32_modL1_fusion32_fusionL1_drop0p1_trmiss80_trlocclin,32,5e-05,1,32,1,0.1,lr5e-05_bs32_modL1_fusion32_fusionL1_drop0p1_trmiss80_trlocclin,19,0.49592115978399914,0.6663167178630829,0.6407563025210085,0.7796218713028825,0.5777777777777777,0.0,0.0,0.0,0.0,2002,clin,0.8
1,2,lr5e-05_bs32_modL1_fusion32_fusionL1_drop0p1_trmiss80_trlocclin,32,5e-05,1,32,1,0.1,lr5e-05_bs32_modL1_fusion32_fusionL1_drop0p1_trmiss80_trlocclin,20,0.4906138132015864,0.668540358543396,0.6449579831932774,0.7861430071016521,0.5777777777777777,0.0,0.0,0.0,0.0,2002,clin,0.8
1,2,lr5e-05_bs32_modL1_fusion32_fusionL1_drop0p1_trmiss80_trlocclin,32,5e-05,1,32,1,0.1,lr5e-05_bs32_modL1_fusion32_fusionL1_drop0p1_trmiss80_trlocclin,21,0.4879220873117447,0.6645717322826385,0.6533613445378151,0.7924092093955876,0.6222222222222222,0.0,0.0,0.0,0.0,2002,clin,0.8
1,2,lr5e-05_bs32_modL1_fusion32_fusionL1_drop0p1_trmiss80_trlocclin,32,5e-05,1,32,1,0.1,lr5e-05_bs32_modL1_fusion32_fusionL1_drop0p1_trmiss80_trlocclin,22,0.47683554887771606,0.6645388007164001,0.6491596638655462,0.7898813481965921,0.6,0.0,0.0,0.0,0.0,2002,clin,0.8
1,2,lr5e-05_bs32_modL1_fusion32_fusionL1_drop0p1_trmiss80_trlocclin,32,5e-05,1,32,1,0.1,lr5e-05_bs32_modL1_fusion32_fusionL1_drop0p1_trmiss80_trlocclin,23,0.4672444711128871,0.6649803519248962,0.6344537815126051,0.7737704510879778,0.5555555555555556,0.0,0.0,0.0,0.0,2002,clin,0.8
1,2,lr5e-05_bs32_modL1_fusion32_fusionL1_drop0p1_trmiss80_trlocclin,32,5e-05,1,32,1,0.1,lr5e-05_bs32_modL1_fusion32_fusionL1_drop0p1_trmiss80_trlocclin,24,0.4572253127892812,0.6686319410800934,0.6281512605042017,0.7664693002824859,0.5333333333333333,0.0,0.0,0.0,0.0,2002,clin,0.8
1,2,lr5e-05_bs32_modL1_fusion32_fusionL1_drop0p1_trmiss80_trlocclin,32,5e-05,1,32,1,0.1,lr5e-05_bs32_modL1_fusion32_fusionL1_drop0p1_trmiss80_trlocclin,25,0.4671960075696309,0.6695498824119568,0.6239495798319328,0.7686257330310239,0.5333333333333333,0.0,0.0,0.0,0.0,2002,clin,0.8
1,2,lr5e-05_bs32_modL1_fusion32_fusionL1_drop0p1_trmiss80_trlocclin,32,5e-05,1,32,1,0.1,lr5e-05_bs32_modL1_fusion32_fusionL1_drop0p1_trmiss80_trlocclin,26,0.4565671930710475,0.6681875288486481,0.6260504201680672,0.7690216688801498,0.5555555555555556,0.0,0.0,0.0,0.0,2002,clin,0.8
1,2,lr5e-05_bs32_modL1_fusion32_fusionL1_drop0p1_trmiss80_trlocclin,32,5e-05,1,32,1,0.1,lr5e-05_bs32_modL1_fusion32_fusionL1_drop0p1_trmiss80_trlocclin,27,0.4391556680202484,0.6665835678577423,0.6260504201680672,0.7675023385839169,0.5777777777777777,0.0,0.0,0.0,0.0,2002,clin,0.8
1,2,lr5e-05_bs32_modL1_fusion32_fusionL1_drop0p1_trmiss80_trlocclin,32,5e-05,1,32,1,0.1,lr5e-05_bs32_modL1_fusion32_fusionL1_drop0p1_trmiss80_trlocclin,28,0.45254355669021606,0.6646651029586792,0.6302521008403361,0.7753396268647536,0.6,0.0,0.0,0.0,0.0,2002,clin,0.8
1,2,lr5e-05_bs32_modL1_fusion32_fusionL1_drop0p1_trmiss80_trlocclin,32,5e-05,1,32,1,0.1,lr5e-05_bs32_modL1_fusion32_fusionL1_drop0p1_trmiss80_trlocclin,29,0.44479649762312573,0.6633296608924866,0.6344537815126051,0.7721100354486136,0.6222222222222222,0.0,0.0,0.0,0.0,2002,clin,0.8
1,2,lr5e-05_bs32_modL1_fusion32_fusionL1_drop0p1_trmiss80_trlocclin,32,5e-05,1,32,1,0.1,lr5e-05_bs32_modL1_fusion32_fusionL1_drop0p1_trmiss80_trlocclin,30,0.4513695140679677,0.6636158227920532,0.6407563025210083,0.774651930080197,0.6,0.0,0.0,0.0,0.0,2002,clin,0.8
1,2,lr5e-05_bs32_modL1_fusion32_fusionL1_drop0p1_trmiss80_trlocclin,32,5e-05,1,32,1,0.1,lr5e-05_bs32_modL1_fusion32_fusionL1_drop0p1_trmiss80_trlocclin,31,0.4291093895832698,0.6644766628742218,0.6365546218487395,0.7719655397345851,0.5555555555555556,0.0,0.0,0.0,0.0,2002,clin,0.8
1,2,lr5e-05_bs32_modL1_fusion32_fusionL1_drop0p1_trmiss80_trlocclin,32,5e-05,1,32,1,0.1,lr5e-05_bs32_modL1_fusion32_fusionL1_drop0p1_trmiss80_trlocclin,32,0.4476156532764435,0.6674101948738098,0.6365546218487396,0.7756518130945037,0.6,0.0,0.0,0.0,0.0,2002,clin,0.8
1,2,lr5e-05_bs32_modL1_fusion32_fusionL1_drop0p1_trmiss80_trlocclin,32,5e-05,1,32,1,0.1,lr5e-05_bs32_modL1_fusion32_fusionL1_drop0p1_trmiss80_trlocclin,33,0.4342944622039795,0.6667376756668091,0.6365546218487396,0.7777372964106372,0.6,0.0,0.0,0.0,0.0,2002,clin,0.8
1,2,lr5e-05_bs32_modL1_fusion32_fusionL1_drop0p1_trmiss80_trlocclin,32,5e-05,1,32,1,0.1,lr5e-05_bs32_modL1_fusion32_fusionL1_drop0p1_trmiss80_trlocclin,34,0.429195115963618,0.6654490232467651,0.6323529411764706,0.7775449301071314,0.5777777777777777,0.0,0.0,0.0,0.0,2002,clin,0.8
1,2,lr5e-05_bs32_modL1_fusion32_fusionL1_drop0p1_trmiss80_trlocclin,32,5e-05,1,32,1,0.1,lr5e-05_bs32_modL1_fusion32_fusionL1_drop0p1_trmiss80_trlocclin,35,0.4264095028241475,0.6643170714378357,0.6302521008403361,0.7685676016227482,0.5555555555555556,0.0,0.0,0.0,0.0,2002,clin,0.8
1,2,lr5e-05_bs32_modL1_fusion32_fusionL1_drop0p1_trmiss80_trlocclin,32,5e-05,1,32,1,0.1,lr5e-05_bs32_modL1_fusion32_fusionL1_drop0p1_trmiss80_trlocclin,36,0.42814411222934723,0.6645744442939758,0.6302521008403361,0.76704608392476,0.5555555555555556,0.0,0.0,0.0,0.0,2002,clin,0.8
1,2,lr5e-05_bs32_modL1_fusion32_fusionL1_drop0p1_trmiss80_trlocclin,32,5e-05,1,32,1,0.1,lr5e-05_bs32_modL1_fusion32_fusionL1_drop0p1_trmiss80_trlocclin,37,0.43080568810304004,0.6638745665550232,0.6281512605042017,0.7664110503949896,0.5777777777777777,0.0,0.0,0.0,0.0,2002,clin,0.8
1,2,lr5e-05_bs32_modL1_fusion32_fusionL1_drop0p1_trmiss80_trlocclin,32,5e-05,1,32,1,0.1,lr5e-05_bs32_modL1_fusion32_fusionL1_drop0p1_trmiss80_trlocclin,38,0.42829138537247974,0.6619688868522644,0.6281512605042017,0.7703504721224276,0.5777777777777777,0.0,0.0,0.0,0.0,2002,clin,0.8
1,2,lr5e-05_bs32_modL1_fusion32_fusionL1_drop0p1_trmiss80_trlocclin,32,5e-05,1,32,1,0.1,lr5e-05_bs32_modL1_fusion32_fusionL1_drop0p1_trmiss80_trlocclin,39,0.41081810494263965,0.663022369146347,0.6260504201680672,0.7625425716342972,0.5777777777777777,0.0,0.0,0.0,0.0,2002,clin,0.8
1,2,lr5e-05_bs32_modL1_fusion32_fusionL1_drop0p1_trmiss80_trlocclin,32,5e-05,1,32,1,0.1,lr5e-05_bs32_modL1_fusion32_fusionL1_drop0p1_trmiss80_trlocclin,40,0.42148788770039874,0.6622568666934967,0.6323529411764706,0.7688230151144472,0.5777777777777777,0.0,0.0,0.0,0.0,2002,clin,0.8
1,2,lr5e-05_bs32_modL1_fusion32_fusionL1_drop0p1_trmiss80_trlocclin,32,5e-05,1,32,1,0.1,lr5e-05_bs32_modL1_fusion32_fusionL1_drop0p1_trmiss80_trlocclin,41,0.41751693189144135,0.6616796553134918,0.6365546218487395,0.7745778695037554,0.5777777777777777,0.0,0.0,0.0,0.0,2002,clin,0.8
1,2,lr5e-05_bs32_modL1_fusion64_fusionL1_drop0p2_trmiss80_trlocclin,32,5e-05,1,64,1,0.2,lr5e-05_bs32_modL1_fusion64_fusionL1_drop0p2_trmiss80_trlocclin,1,0.676035612821579,0.6845933198928833,0.5483193277310925,0.6862606574858727,0.6222222222222222,0.0,0.0,0.0,0.0,2002,clin,0.8
1,2,lr5e-05_bs32_modL1_fusion64_fusionL1_drop0p2_trmiss80_trlocclin,32,5e-05,1,64,1,0.2,lr5e-05_bs32_modL1_fusion64_fusionL1_drop0p2_trmiss80_trlocclin,2,0.6615116695562998,0.6897706985473633,0.523109243697479,0.6802894480498147,0.5777777777777777,0.0,0.0,0.0,0.0,2002,clin,0.8
1,2,lr5e-05_bs32_modL1_fusion64_fusionL1_drop0p2_trmiss80_trlocclin,32,5e-05,1,64,1,0.2,lr5e-05_bs32_modL1_fusion64_fusionL1_drop0p2_trmiss80_trlocclin,3,0.6531669398148855,0.6945682764053345,0.5147058823529412,0.6845723892557325,0.5111111111111111,0.0,0.0,0.0,0.0,2002,clin,0.8
1,2,lr5e-05_bs32_modL1_fusion64_fusionL1_drop0p2_trmiss80_trlocclin,32,5e-05,1,64,1,0.2,lr5e-05_bs32_modL1_fusion64_fusionL1_drop0p2_trmiss80_trlocclin,4,0.6247527698675791,0.6994796097278595,0.5084033613445378,0.6769300263968409,0.5333333333333333,0.0,0.0,0.0,0.0,2002,clin,0.8
1,2,lr5e-05_bs32_modL1_fusion64_fusionL1_drop0p2_trmiss80_trlocclin,32,5e-05,1,64,1,0.2,lr5e-05_bs32_modL1_fusion64_fusionL1_drop0p2_trmiss80_trlocclin,5,0.6217307249704996,0.7026616930961609,0.5084033613445378,0.6638842439506273,0.5111111111111111,0.0,0.0,0.0,0.0,2002,clin,0.8
1,2,lr5e-05_bs32_modL1_fusion64_fusionL1_drop0p2_trmiss80_trlocclin,32,5e-05,1,64,1,0.2,lr5e-05_bs32_modL1_fusion64_fusionL1_drop0p2_trmiss80_trlocclin,6,0.617857446273168,0.7027088701725006,0.523109243697479,0.6612268002884545,0.5111111111111111,0.0,0.0,0.0,0.0,2002,clin,0.8
1,2,lr5e-05_bs32_modL1_fusion64_fusionL1_drop0p2_trmiss80_trlocclin,32,5e-05,1,64,1,0.2,lr5e-05_bs32_modL1_fusion64_fusionL1_drop0p2_trmiss80_trlocclin,7,0.6162218451499939,0.7000351250171661,0.5315126050420168,0.6627802120447053,0.5555555555555556,0.0,0.0,0.0,0.0,2002,clin,0.8
1,2,lr5e-05_bs32_modL1_fusion64_fusionL1_drop0p2_trmiss80_trlocclin,32,5e-05,1,64,1,0.2,lr5e-05_bs32_modL1_fusion64_fusionL1_drop0p2_trmiss80_trlocclin,8,0.587380439043045,0.697551965713501,0.5483193277310925,0.6721287904965565,0.5333333333333333,0.0,0.0,0.0,0.0,2002,clin,0.8
1,2,lr5e-05_bs32_modL1_fusion64_fusionL1_drop0p2_trmiss80_trlocclin,32,5e-05,1,64,1,0.2,lr5e-05_bs32_modL1_fusion64_fusionL1_drop0p2_trmiss80_trlocclin,9,0.5917435884475708,0.693867564201355,0.5525210084033614,0.6926717115903793,0.4888888888888889,0.0,0.0,0.0,0.0,2002,clin,0.8
1,2,lr5e-05_bs32_modL1_fusion64_fusionL1_drop0p2_trmiss80_trlocclin,32,5e-05,1,64,1,0.2,lr5e-05_bs32_modL1_fusion64_fusionL1_drop0p2_trmiss80_trlocclin,10,0.573757121960322,0.6896584630012512,0.5588235294117647,0.688568690431669,0.5333333333333333,0.0,0.0,0.0,0.0,2002,clin,0.8
1,2,lr5e-05_bs32_modL1_fusion64_fusionL1_drop0p2_trmiss80_trlocclin,32,5e-05,1,64,1,0.2,lr5e-05_bs32_modL1_fusion64_fusionL1_drop0p2_trmiss80_trlocclin,11,0.5618495941162109,0.688220351934433,0.5588235294117647,0.6920518144505073,0.5111111111111111,0.0,0.0,0.0,0.0,2002,clin,0.8
1,2,lr5e-05_bs32_modL1_fusion64_fusionL1_drop0p2_trmiss80_trlocclin,32,5e-05,1,64,1,0.2,lr5e-05_bs32_modL1_fusion64_fusionL1_drop0p2_trmiss80_trlocclin,12,0.5788551966349283,0.6886091232299805,0.5672268907563025,0.7087577146150541,0.5111111111111111,0.0,0.0,0.0,0.0,2002,clin,0.8
1,2,lr5e-05_bs32_modL1_fusion64_fusionL1_drop0p2_trmiss80_trlocclin,32,5e-05,1,64,1,0.2,lr5e-05_bs32_modL1_fusion64_fusionL1_drop0p2_trmiss80_trlocclin,13,0.5766536792119344,0.6870332956314087,0.5672268907563025,0.7123370767581048,0.5333333333333333,0.0,0.0,0.0,0.0,2002,clin,0.8
1,2,lr5e-05_bs32_modL1_fusion64_fusionL1_drop0p2_trmiss80_trlocclin,32,5e-05,1,64,1,0.2,lr5e-05_bs32_modL1_fusion64_fusionL1_drop0p2_trmiss80_trlocclin,14,0.5719727178414663,0.6866613328456879,0.5588235294117647,0.7064932570167695,0.5333333333333333,0.0,0.0,0.0,0.0,2002,clin,0.8
1,2,lr5e-05_bs32_modL1_fusion64_fusionL1_drop0p2_trmiss80_trlocclin,32,5e-05,1,64,1,0.2,lr5e-05_bs32_modL1_fusion64_fusionL1_drop0p2_trmiss80_trlocclin,15,0.5781379540761312,0.6846394836902618,0.5630252100840336,0.7096199587568739,0.5333333333333333,0.0,0.0,0.0,0.0,2002,clin,0.8
1,2,lr5e-05_bs32_modL1_fusion64_fusionL1_drop0p2_trmiss80_trlocclin,32,5e-05,1,64,1,0.2,lr5e-05_bs32_modL1_fusion64_fusionL1_drop0p2_trmiss80_trlocclin,16,0.5493602355321249,0.6859425902366638,0.5546218487394958,0.7027527130590435,0.5555555555555556,0.0,0.0,0.0,0.0,2002,clin,0.8
1,2,lr5e-05_bs32_modL1_fusion64_fusionL1_drop0p2_trmiss80_trlocclin,32,5e-05,1,64,1,0.2,lr5e-05_bs32_modL1_fusion64_fusionL1_drop0p2_trmiss80_trlocclin,17,0.5539317826430002,0.6828701496124268,0.5588235294117647,0.6919912587728292,0.5555555555555556,0.0,0.0,0.0,0.0,2002,clin,0.8
1,2,lr5e-05_bs32_modL1_fusion64_fusionL1_drop0p2_trmiss80_trlocclin,32,5e-05,1,64,1,0.2,lr5e-05_bs32_modL1_fusion64_fusionL1_drop0p2_trmiss80_trlocclin,18,0.552646259466807,0.6828821301460266,0.5756302521008403,0.7171822046764021,0.5555555555555556,0.0,0.0,0.0,0.0,2002,clin,0.8
1,2,lr5e-05_bs32_modL1_fusion64_fusionL1_drop0p2_trmiss80_trlocclin,32,5e-05,1,64,1,0.2,lr5e-05_bs32_modL1_fusion64_fusionL1_drop0p2_trmiss80_trlocclin,19,0.5561108191808065,0.6814263164997101,0.5798319327731093,0.7276442644580925,0.6,0.0,0.0,0.0,0.0,2002,clin,0.8
1,2,lr5e-05_bs32_modL1_fusion64_fusionL1_drop0p2_trmiss80_trlocclin,32,5e-05,1,64,1,0.2,lr5e-05_bs32_modL1_fusion64_fusionL1_drop0p2_trmiss80_trlocclin,20,0.5500828127066294,0.6782204806804657,0.5903361344537815,0.7329214975904323,0.5555555555555556,0.0,0.0,0.0,0.0,2002,clin,0.8
1,2,lr5e-05_bs32_modL1_fusion64_fusionL1_drop0p2_trmiss80_trlocclin,32,5e-05,1,64,1,0.2,lr5e-05_bs32_modL1_fusion64_fusionL1_drop0p2_trmiss80_trlocclin,21,0.5381340185801188,0.6769587099552155,0.5945378151260504,0.7347081618029232,0.5555555555555556,0.0,0.0,0.0,0.0,2002,clin,0.8
1,2,lr5e-05_bs32_modL1_fusion64_fusionL1_drop0p2_trmiss80_trlocclin,32,5e-05,1,64,1,0.2,lr5e-05_bs32_modL1_fusion64_fusionL1_drop0p2_trmiss80_trlocclin,22,0.5291616717974345,0.6779900789260864,0.592436974789916,0.726005337996716,0.5555555555555556,0.0,0.0,0.0,0.0,2002,clin,0.8
1,2,lr5e-05_bs32_modL1_fusion64_fusionL1_drop0p2_trmiss80_trlocclin,32,5e-05,1,64,1,0.2,lr5e-05_bs32_modL1_fusion64_fusionL1_drop0p2_trmiss80_trlocclin,23,0.5648585259914398,0.6824442744255066,0.5756302521008403,0.7127188109272942,0.5555555555555556,0.0,0.0,0.0,0.0,2002,clin,0.8
1,2,lr5e-05_bs32_modL1_fusion64_fusionL1_drop0p2_trmiss80_trlocclin,32,5e-05,1,64,1,0.2,lr5e-05_bs32_modL1_fusion64_fusionL1_drop0p2_trmiss80_trlocclin,24,0.5511113305886587,0.6801162958145142,0.5861344537815126,0.7192706234113917,0.5555555555555556,0.0,0.0,0.0,0.0,2002,clin,0.8
1,2,lr5e-05_bs32_modL1_fusion64_fusionL1_drop0p2_trmiss80_trlocclin,32,5e-05,1,64,1,0.2,lr5e-05_bs32_modL1_fusion64_fusionL1_drop0p2_trmiss80_trlocclin,25,0.5371938447157542,0.6790629923343658,0.5882352941176471,0.7206960301300025,0.5555555555555556,0.0,0.0,0.0,0.0,2002,clin,0.8
1,2,lr5e-05_bs32_modL1_fusion64_fusionL1_drop0p2_trmiss80_trlocclin,32,5e-05,1,64,1,0.2,lr5e-05_bs32_modL1_fusion64_fusionL1_drop0p2_trmiss80_trlocclin,26,0.5414201120535532,0.681665688753128,0.5819327731092437,0.7144846918397458,0.5555555555555556,0.0,0.0,0.0,0.0,2002,clin,0.8
1,2,lr5e-05_bs32_modL1_fusion64_fusionL1_drop0p2_trmiss80_trlocclin,32,5e-05,1,64,1,0.2,lr5e-05_bs32_modL1_fusion64_fusionL1_drop0p2_trmiss80_trlocclin,27,0.5322939058144888,0.6824391186237335,0.5861344537815126,0.7255030385723782,0.5555555555555556,0.0,0.0,0.0,0.0,2002,clin,0.8
1,2,lr5e-05_bs32_modL1_fusion64_fusionL1_drop0p2_trmiss80_trlocclin,32,5e-05,1,64,1,0.2,lr5e-05_bs32_modL1_fusion64_fusionL1_drop0p2_trmiss80_trlocclin,28,0.5237166186173757,0.6809836030006409,0.5840336134453782,0.7237512293105147,0.5555555555555556,0.0,0.0,0.0,0.0,2002,clin,0.8
1,2,lr5e-05_bs32_modL1_fusion64_fusionL1_drop0p2_trmiss80_trlocclin,32,5e-05,1,64,1,0.2,lr5e-05_bs32_modL1_fusion64_fusionL1_drop0p2_trmiss80_trlocclin,29,0.5381515026092529,0.67899489402771,0.5798319327731092,0.7181321907082829,0.5555555555555556,0.0,0.0,0.0,0.0,2002,clin,0.8
1,2,lr5e-05_bs32_modL1_fusion64_fusionL1_drop0p2_trmiss80_trlocclin,32,5e-05,1,64,1,0.2,lr5e-05_bs32_modL1_fusion64_fusionL1_drop0p2_trmiss80_trlocclin,30,0.5247108886639277,0.6771685779094696,0.5903361344537815,0.7238886940904757,0.5555555555555556,0.0,0.0,0.0,0.0,2002,clin,0.8
1,2,lr5e-05_bs32_modL1_fusion64_fusionL1_drop0p2_trmiss80_trlocclin,32,5e-05,1,64,1,0.2,lr5e-05_bs32_modL1_fusion64_fusionL1_drop0p2_trmiss80_trlocclin,31,0.5302033871412277,0.6805887520313263,0.5798319327731092,0.7181278183299609,0.5555555555555556,0.0,0.0,0.0,0.0,2002,clin,0.8
1,2,lr5e-05_bs32_modL1_fusion64_fusionL1_drop0p2_trmiss80_trlocclin,32,5e-05,1,64,1,0.2,lr5e-05_bs32_modL1_fusion64_fusionL1_drop0p2_trmiss80_trlocclin,32,0.5199036300182343,0.681412398815155,0.5777310924369747,0.7170934133727054,0.5555555555555556,0.0,0.0,0.0,0.0,2002,clin,0.8
1,2,lr5e-05_bs32_modL1_fusion64_fusionL1_drop0p2_trmiss80_trlocclin,32,5e-05,1,64,1,0.2,lr5e-05_bs32_modL1_fusion64_fusionL1_drop0p2_trmiss80_trlocclin,33,0.5315245389938354,0.6794634461402893,0.5798319327731092,0.7215332195982258,0.5555555555555556,0.0,0.0,0.0,0.0,2002,clin,0.8
1,2,lr5e-05_bs32_modL1_fusion64_fusionL1_drop0p2_trmiss80_trlocclin,32,5e-05,1,64,1,0.2,lr5e-05_bs32_modL1_fusion64_fusionL1_drop0p2_trmiss80_trlocclin,34,0.5019698490699133,0.6814662218093872,0.5798319327731092,0.7218851295929929,0.5555555555555556,0.0,0.0,0.0,0.0,2002,clin,0.8
1,2,lr5e-05_bs32_modL1_fusion64_fusionL1_drop0p2_trmiss80_trlocclin,32,5e-05,1,64,1,0.2,lr5e-05_bs32_modL1_fusion64_fusionL1_drop0p2_trmiss80_trlocclin,35,0.540701667467753,0.6813351511955261,0.5756302521008403,0.7184837690487753,0.5777777777777777,0.0,0.0,0.0,0.0,2002,clin,0.8
1,2,lr5e-05_bs32_modL1_fusion64_fusionL1_drop0p2_trmiss80_trlocclin,32,5e-05,1,64,1,0.2,lr5e-05_bs32_modL1_fusion64_fusionL1_drop0p2_trmiss80_trlocclin,36,0.5134411205848058,0.6803011000156403,0.5777310924369747,0.706425509847659,0.5777777777777777,0.0,0.0,0.0,0.0,2002,clin,0.8
1,2,lr5e-05_bs32_modL1_fusion64_fusionL1_drop0p2_trmiss80_trlocclin,32,5e-05,1,64,1,0.2,lr5e-05_bs32_modL1_fusion64_fusionL1_drop0p2_trmiss80_trlocclin,37,0.530540943145752,0.6776966154575348,0.5882352941176471,0.7217835461913142,0.6,0.0,0.0,0.0,0.0,2002,clin,0.8
1,2,lr5e-05_bs32_modL1_fusion64_fusionL1_drop0p2_trmiss80_trlocclin,32,5e-05,1,64,1,0.2,lr5e-05_bs32_modL1_fusion64_fusionL1_drop0p2_trmiss80_trlocclin,38,0.5294867753982544,0.6804787814617157,0.5840336134453782,0.7230543836193899,0.5555555555555556,0.0,0.0,0.0,0.0,2002,clin,0.8
1,2,lr5e-05_bs32_modL1_fusion64_fusionL1_drop0p2_trmiss80_trlocclin,32,5e-05,1,64,1,0.2,lr5e-05_bs32_modL1_fusion64_fusionL1_drop0p2_trmiss80_trlocclin,39,0.521655261516571,0.6806452870368958,0.5819327731092437,0.7224308008529499,0.5555555555555556,0.0,0.0,0.0,0.0,2002,clin,0.8
1,2,lr5e-05_bs32_modL1_fusion64_fusionL1_drop0p2_trmiss80_trlocclin,32,5e-05,1,64,1,0.2,lr5e-05_bs32_modL1_fusion64_fusionL1_drop0p2_trmiss80_trlocclin,40,0.5095334152380625,0.6804285645484924,0.5798319327731093,0.718238842018134,0.5555555555555556,0.0,0.0,0.0,0.0,2002,clin,0.8
1,2,lr5e-05_bs32_modL1_fusion64_fusionL1_drop0p2_trmiss80_trlocclin,32,5e-05,1,64,1,0.2,lr5e-05_bs32_modL1_fusion64_fusionL1_drop0p2_trmiss80_trlocclin,41,0.5194785247246424,0.6814028918743134,0.5777310924369747,0.7173412607634099,0.5777777777777777,0.0,0.0,0.0,0.0,2002,clin,0.8
1,2,lr5e-05_bs32_modL1_fusion64_fusionL1_drop0p1_trmiss80_trlocclin,32,5e-05,1,64,1,0.1,lr5e-05_bs32_modL1_fusion64_fusionL1_drop0p1_trmiss80_trlocclin,1,0.7607402006785074,0.6983069479465485,0.7373949579831932,0.8596743221762875,0.4666666666666667,0.0,0.0,0.0,0.0,2002,clin,0.8
1,2,lr5e-05_bs32_modL1_fusion64_fusionL1_drop0p1_trmiss80_trlocclin,32,5e-05,1,64,1,0.1,lr5e-05_bs32_modL1_fusion64_fusionL1_drop0p1_trmiss80_trlocclin,2,0.7313799262046814,0.7081564366817474,0.6743697478991597,0.8247287974558181,0.4444444444444444,0.0,0.0,0.0,0.0,2002,clin,0.8
1,2,lr5e-05_bs32_modL1_fusion64_fusionL1_drop0p1_trmiss80_trlocclin,32,5e-05,1,64,1,0.1,lr5e-05_bs32_modL1_fusion64_fusionL1_drop0p1_trmiss80_trlocclin,3,0.7187184194723765,0.7212686538696289,0.6638655462184874,0.8159589416785832,0.4222222222222222,0.0,0.0,0.0,0.0,2002,clin,0.8
1,2,lr5e-05_bs32_modL1_fusion64_fusionL1_drop0p1_trmiss80_trlocclin,32,5e-05,1,64,1,0.1,lr5e-05_bs32_modL1_fusion64_fusionL1_drop0p1_trmiss80_trlocclin,4,0.6914508740107218,0.7322165369987488,0.6512605042016808,0.8045894820202422,0.4222222222222222,0.0,0.0,0.0,0.0,2002,clin,0.8
1,2,lr5e-05_bs32_modL1_fusion64_fusionL1_drop0p1_trmiss80_trlocclin,32,5e-05,1,64,1,0.1,lr5e-05_bs32_modL1_fusion64_fusionL1_drop0p1_trmiss80_trlocclin,5,0.6830391387144724,0.7403097152709961,0.6596638655462186,0.8076509756120581,0.4666666666666667,0.0,0.0,0.0,0.0,2002,clin,0.8
1,2,lr5e-05_bs32_modL1_fusion64_fusionL1_drop0p1_trmiss80_trlocclin,32,5e-05,1,64,1,0.1,lr5e-05_bs32_modL1_fusion64_fusionL1_drop0p1_trmiss80_trlocclin,6,0.6527797977129618,0.746663361787796,0.642857142857143,0.8011740321264403,0.4666666666666667,0.0,0.0,0.0,0.0,2002,clin,0.8
1,2,lr5e-05_bs32_modL1_fusion64_fusionL1_drop0p1_trmiss80_trlocclin,32,5e-05,1,64,1,0.1,lr5e-05_bs32_modL1_fusion64_fusionL1_drop0p1_trmiss80_trlocclin,7,0.6567520598570505,0.7488799393177032,0.6239495798319329,0.7917007847994273,0.4666666666666667,0.0,0.0,0.0,0.0,2002,clin,0.8
1,2,lr5e-05_bs32_modL1_fusion64_fusionL1_drop0p1_trmiss80_trlocclin,32,5e-05,1,64,1,0.1,lr5e-05_bs32_modL1_fusion64_fusionL1_drop0p1_trmiss80_trlocclin,8,0.6550850172837576,0.7553805410861969,0.5987394957983194,0.7734154953103131,0.4666666666666667,0.0,0.0,0.0,0.0,2002,clin,0.8
1,2,lr5e-05_bs32_modL1_fusion64_fusionL1_drop0p1_trmiss80_trlocclin,32,5e-05,1,64,1,0.1,lr5e-05_bs32_modL1_fusion64_fusionL1_drop0p1_trmiss80_trlocclin,9,0.6358861227830251,0.7541249096393585,0.5987394957983194,0.7699821564461756,0.4666666666666667,0.0,0.0,0.0,0.0,2002,clin,0.8
1,2,lr5e-05_bs32_modL1_fusion64_fusionL1_drop0p1_trmiss80_trlocclin,32,5e-05,1,64,1,0.1,lr5e-05_bs32_modL1_fusion64_fusionL1_drop0p1_trmiss80_trlocclin,10,0.6308533251285553,0.7552615702152252,0.6176470588235294,0.7833715317303273,0.4666666666666667,0.0,0.0,0.0,0.0,2002,clin,0.8
1,2,lr5e-05_bs32_modL1_fusion64_fusionL1_drop0p1_trmiss80_trlocclin,32,5e-05,1,64,1,0.1,lr5e-05_bs32_modL1_fusion64_fusionL1_drop0p1_trmiss80_trlocclin,11,0.6381513377030691,0.7570548057556152,0.6260504201680672,0.788657215808581,0.4666666666666667,0.0,0.0,0.0,0.0,2002,clin,0.8
1,2,lr5e-05_bs32_modL1_fusion64_fusionL1_drop0p1_trmiss80_trlocclin,32,5e-05,1,64,1,0.1,lr5e-05_bs32_modL1_fusion64_fusionL1_drop0p1_trmiss80_trlocclin,12,0.6273415982723236,0.7552013099193573,0.6197478991596639,0.781537915257375,0.4666666666666667,0.0,0.0,0.0,0.0,2002,clin,0.8
1,2,lr5e-05_bs32_modL1_fusion64_fusionL1_drop0p1_trmiss80_trlocclin,32,5e-05,1,64,1,0.1,lr5e-05_bs32_modL1_fusion64_fusionL1_drop0p1_trmiss80_trlocclin,13,0.6159395674864451,0.7568614482879639,0.6092436974789917,0.7754331602240486,0.4666666666666667,0.0,0.0,0.0,0.0,2002,clin,0.8
1,2,lr5e-05_bs32_modL1_fusion64_fusionL1_drop0p1_trmiss80_trlocclin,32,5e-05,1,64,1,0.1,lr5e-05_bs32_modL1_fusion64_fusionL1_drop0p1_trmiss80_trlocclin,14,0.605944961309433,0.754671186208725,0.6092436974789917,0.7773675461969889,0.4666666666666667,0.0,0.0,0.0,0.0,2002,clin,0.8
1,2,lr5e-05_bs32_modL1_fusion64_fusionL1_drop0p1_trmiss80_trlocclin,32,5e-05,1,64,1,0.1,lr5e-05_bs32_modL1_fusion64_fusionL1_drop0p1_trmiss80_trlocclin,15,0.5986388127009074,0.7517553269863129,0.5945378151260504,0.7677627968065539,0.4666666666666667,0.0,0.0,0.0,0.0,2002,clin,0.8
1,2,lr5e-05_bs32_modL1_fusion64_fusionL1_drop0p1_trmiss80_trlocclin,32,5e-05,1,64,1,0.1,lr5e-05_bs32_modL1_fusion64_fusionL1_drop0p1_trmiss80_trlocclin,16,0.6020437180995941,0.7512884736061096,0.6113445378151261,0.7753306854055119,0.4666666666666667,0.0,0.0,0.0,0.0,2002,clin,0.8
1,2,lr5e-05_bs32_modL1_fusion64_fusionL1_drop0p1_trmiss80_trlocclin,32,5e-05,1,64,1,0.1,lr5e-05_bs32_modL1_fusion64_fusionL1_drop0p1_trmiss80_trlocclin,17,0.5962368150552114,0.7537679076194763,0.6071428571428572,0.7757798270071331,0.4666666666666667,0.0,0.0,0.0,0.0,2002,clin,0.8
1,2,lr5e-05_bs32_modL1_fusion64_fusionL1_drop0p1_trmiss80_trlocclin,32,5e-05,1,64,1,0.1,lr5e-05_bs32_modL1_fusion64_fusionL1_drop0p1_trmiss80_trlocclin,18,0.5997973680496216,0.7496035993099213,0.6113445378151261,0.7771811708202129,0.4666666666666667,0.0,0.0,0.0,0.0,2002,clin,0.8
1,2,lr5e-05_bs32_modL1_fusion64_fusionL1_drop0p1_trmiss80_trlocclin,32,5e-05,1,64,1,0.1,lr5e-05_bs32_modL1_fusion64_fusionL1_drop0p1_trmiss80_trlocclin,19,0.5910039941469828,0.7462252378463745,0.6176470588235294,0.7840621596136336,0.4666666666666667,0.0,0.0,0.0,0.0,2002,clin,0.8
1,2,lr5e-05_bs32_modL1_fusion64_fusionL1_drop0p1_trmiss80_trlocclin,32,5e-05,1,64,1,0.1,lr5e-05_bs32_modL1_fusion64_fusionL1_drop0p1_trmiss80_trlocclin,20,0.5792052646478018,0.7474634349346161,0.6218487394957983,0.7863419537824833,0.4666666666666667,0.0,0.0,0.0,0.0,2002,clin,0.8
1,2,lr5e-05_bs32_modL1_fusion64_fusionL1_drop0p1_trmiss80_trlocclin,32,5e-05,1,64,1,0.1,lr5e-05_bs32_modL1_fusion64_fusionL1_drop0p1_trmiss80_trlocclin,21,0.5885061621665955,0.7468477487564087,0.6302521008403361,0.7912790177984946,0.4666666666666667,0.0,0.0,0.0,0.0,2002,clin,0.8
1,2,lr1e-04_bs32_modL1_fusion32_fusionL1_drop0p2_trmiss80_trlocclin,32,0.0001,1,32,1,0.2,lr1e-04_bs32_modL1_fusion32_fusionL1_drop0p2_trmiss80_trlocclin,1,0.7683644592761993,0.7355499863624573,0.3382352941176471,0.5551920846483722,0.37777777777777777,0.0,0.0,0.0,0.0,2002,clin,0.8
1,2,lr1e-04_bs32_modL1_fusion32_fusionL1_drop0p2_trmiss80_trlocclin,32,0.0001,1,32,1,0.2,lr1e-04_bs32_modL1_fusion32_fusionL1_drop0p2_trmiss80_trlocclin,2,0.7299790879090627,0.7419689893722534,0.4222689075630252,0.5798331353096542,0.4,0.0,0.0,0.0,0.0,2002,clin,0.8
1,2,lr1e-04_bs32_modL1_fusion32_fusionL1_drop0p2_trmiss80_trlocclin,32,0.0001,1,32,1,0.2,lr1e-04_bs32_modL1_fusion32_fusionL1_drop0p2_trmiss80_trlocclin,3,0.7166909972826639,0.7447834312915802,0.42226890756302526,0.5751109187206325,0.4,0.0,0.0,0.0,0.0,2002,clin,0.8
1,2,lr1e-04_bs32_modL1_fusion32_fusionL1_drop0p2_trmiss80_trlocclin,32,0.0001,1,32,1,0.2,lr1e-04_bs32_modL1_fusion32_fusionL1_drop0p2_trmiss80_trlocclin,4,0.6820704440275828,0.7472623884677887,0.4432773109243697,0.6032346608645043,0.35555555555555557,0.0,0.0,0.0,0.0,2002,clin,0.8
1,2,lr1e-04_bs32_modL1_fusion32_fusionL1_drop0p2_trmiss80_trlocclin,32,0.0001,1,32,1,0.2,lr1e-04_bs32_modL1_fusion32_fusionL1_drop0p2_trmiss80_trlocclin,5,0.6653865774472555,0.742390900850296,0.4579831932773109,0.6151584738753194,0.37777777777777777,0.0,0.0,0.0,0.0,2002,clin,0.8
1,2,lr1e-04_bs32_modL1_fusion32_fusionL1_drop0p2_trmiss80_trlocclin,32,0.0001,1,32,1,0.2,lr1e-04_bs32_modL1_fusion32_fusionL1_drop0p2_trmiss80_trlocclin,6,0.63887158036232,0.7410406172275543,0.4621848739495798,0.6155002853259787,0.4,0.0,0.0,0.0,0.0,2002,clin,0.8
1,2,lr1e-04_bs32_modL1_fusion32_fusionL1_drop0p2_trmiss80_trlocclin,32,0.0001,1,32,1,0.2,lr1e-04_bs32_modL1_fusion32_fusionL1_drop0p2_trmiss80_trlocclin,7,0.6217380960782369,0.7380194664001465,0.4600840336134454,0.5941575123932953,0.4,0.0,0.0,0.0,0.0,2002,clin,0.8
1,2,lr1e-04_bs32_modL1_fusion32_fusionL1_drop0p2_trmiss80_trlocclin,32,0.0001,1,32,1,0.2,lr1e-04_bs32_modL1_fusion32_fusionL1_drop0p2_trmiss80_trlocclin,8,0.6118577321370443,0.7398312091827393,0.4684873949579832,0.600098914206345,0.37777777777777777,0.0,0.0,0.0,0.0,2002,clin,0.8
1,2,lr1e-04_bs32_modL1_fusion32_fusionL1_drop0p2_trmiss80_trlocclin,32,0.0001,1,32,1,0.2,lr1e-04_bs32_modL1_fusion32_fusionL1_drop0p2_trmiss80_trlocclin,9,0.6164417564868927,0.7452862858772278,0.46638655462184875,0.6143611551479772,0.37777777777777777,0.0,0.0,0.0,0.0,2002,clin,0.8
1,2,lr1e-04_bs32_modL1_fusion32_fusionL1_drop0p2_trmiss80_trlocclin,32,0.0001,1,32,1,0.2,lr1e-04_bs32_modL1_fusion32_fusionL1_drop0p2_trmiss80_trlocclin,10,0.6127207378546397,0.7415389716625214,0.47268907563025214,0.6282374212906504,0.37777777777777777,0.0,0.0,0.0,0.0,2002,clin,0.8
1,2,lr1e-04_bs32_modL1_fusion32_fusionL1_drop0p2_trmiss80_trlocclin,32,0.0001,1,32,1,0.2,lr1e-04_bs32_modL1_fusion32_fusionL1_drop0p2_trmiss80_trlocclin,11,0.596105307340622,0.7389695346355438,0.47478991596638653,0.6354592089905174,0.4,0.0,0.0,0.0,0.0,2002,clin,0.8
1,2,lr1e-04_bs32_modL1_fusion32_fusionL1_drop0p2_trmiss80_trlocclin,32,0.0001,1,32,1,0.2,lr1e-04_bs32_modL1_fusion32_fusionL1_drop0p2_trmiss80_trlocclin,12,0.5750661790370941,0.7420875132083893,0.47478991596638653,0.6265199258848477,0.4222222222222222,0.0,0.0,0.0,0.0,2002,clin,0.8
1,2,lr1e-04_bs32_modL1_fusion32_fusionL1_drop0p2_trmiss80_trlocclin,32,0.0001,1,32,1,0.2,lr1e-04_bs32_modL1_fusion32_fusionL1_drop0p2_trmiss80_trlocclin,13,0.5855283041795095,0.7446887791156769,0.4726890756302521,0.6266560310336112,0.4222222222222222,0.0,0.0,0.0,0.0,2002,clin,0.8
1,2,lr1e-04_bs32_modL1_fusion32_fusionL1_drop0p2_trmiss80_trlocclin,32,0.0001,1,32,1,0.2,lr1e-04_bs32_modL1_fusion32_fusionL1_drop0p2_trmiss80_trlocclin,14,0.5886801779270172,0.7482115924358368,0.4747899159663866,0.6262387403562703,0.4,0.0,0.0,0.0,0.0,2002,clin,0.8
1,2,lr1e-04_bs32_modL1_fusion32_fusionL1_drop0p2_trmiss80_trlocclin,32,0.0001,1,32,1,0.2,lr1e-04_bs32_modL1_fusion32_fusionL1_drop0p2_trmiss80_trlocclin,15,0.5646583586931229,0.744860053062439,0.47058823529411764,0.6253756268341447,0.4222222222222222,0.0,0.0,0.0,0.0,2002,clin,0.8
1,2,lr1e-04_bs32_modL1_fusion32_fusionL1_drop0p2_trmiss80_trlocclin,32,0.0001,1,32,1,0.2,lr1e-04_bs32_modL1_fusion32_fusionL1_drop0p2_trmiss80_trlocclin,16,0.5751335322856903,0.7466329634189606,0.47478991596638653,0.6345651995657245,0.37777777777777777,0.0,0.0,0.0,0.0,2002,clin,0.8
1,2,lr1e-04_bs32_modL1_fusion32_fusionL1_drop0p2_trmiss80_trlocclin,32,0.0001,1,32,1,0.2,lr1e-04_bs32_modL1_fusion32_fusionL1_drop0p2_trmiss80_trlocclin,17,0.5769497752189636,0.7415461540222168,0.4684873949579832,0.6324402215326376,0.4222222222222222,0.0,0.0,0.0,0.0,2002,clin,0.8
1,2,lr1e-04_bs32_modL1_fusion32_fusionL1_drop0p2_trmiss80_trlocclin,32,0.0001,1,32,1,0.2,lr1e-04_bs32_modL1_fusion32_fusionL1_drop0p2_trmiss80_trlocclin,18,0.5736263990402222,0.7412812113761902,0.47478991596638653,0.6300178258252236,0.4,0.0,0.0,0.0,0.0,2002,clin,0.8
1,2,lr1e-04_bs32_modL1_fusion32_fusionL1_drop0p2_trmiss80_trlocclin,32,0.0001,1,32,1,0.2,lr1e-04_bs32_modL1_fusion32_fusionL1_drop0p2_trmiss80_trlocclin,19,0.56172975897789,0.7453997433185577,0.46218487394957986,0.6217075130637554,0.35555555555555557,0.0,0.0,0.0,0.0,2002,clin,0.8
1,2,lr1e-04_bs32_modL1_fusion32_fusionL1_drop0p2_trmiss80_trlocclin,32,0.0001,1,32,1,0.2,lr1e-04_bs32_modL1_fusion32_fusionL1_drop0p2_trmiss80_trlocclin,20,0.5583769778410593,0.7469184696674347,0.46218487394957986,0.6199978140326277,0.37777777777777777,0.0,0.0,0.0,0.0,2002,clin,0.8
1,2,lr1e-04_bs32_modL1_fusion32_fusionL1_drop0p2_trmiss80_trlocclin,32,0.0001,1,32,1,0.2,lr1e-04_bs32_modL1_fusion32_fusionL1_drop0p2_trmiss80_trlocclin,21,0.5628424684206644,0.746331512928009,0.45588235294117646,0.6176168616516753,0.35555555555555557,0.0,0.0,0.0,0.0,2002,clin,0.8
1,2,lr1e-04_bs32_modL1_fusion32_fusionL1_drop0p2_trmiss80_trlocclin,32,0.0001,1,32,1,0.2,lr1e-04_bs32_modL1_fusion32_fusionL1_drop0p2_trmiss80_trlocclin,22,0.5466266721487045,0.7445261180400848,0.4642857142857143,0.6368124797816253,0.35555555555555557,0.0,0.0,0.0,0.0,2002,clin,0.8
1,2,lr1e-04_bs32_modL1_fusion32_fusionL1_drop0p2_trmiss80_trlocclin,32,0.0001,1,32,1,0.2,lr1e-04_bs32_modL1_fusion32_fusionL1_drop0p2_trmiss80_trlocclin,23,0.5553146104017893,0.744620144367218,0.4684873949579832,0.6385940424502847,0.35555555555555557,0.0,0.0,0.0,0.0,2002,clin,0.8
1,2,lr1e-04_bs32_modL1_fusion32_fusionL1_drop0p2_trmiss80_trlocclin,32,0.0001,1,32,1,0.2,lr1e-04_bs32_modL1_fusion32_fusionL1_drop0p2_trmiss80_trlocclin,24,0.5590195953845978,0.7440178990364075,0.4684873949579832,0.6366934011167624,0.35555555555555557,0.0,0.0,0.0,0.0,2002,clin,0.8
1,2,lr1e-04_bs32_modL1_fusion32_fusionL1_drop0p2_trmiss80_trlocclin,32,0.0001,1,32,1,0.2,lr1e-04_bs32_modL1_fusion32_fusionL1_drop0p2_trmiss80_trlocclin,25,0.5491458177566528,0.7454541921615601,0.46638655462184875,0.6230753705814386,0.37777777777777777,0.0,0.0,0.0,0.0,2002,clin,0.8
1,2,lr1e-04_bs32_modL1_fusion32_fusionL1_drop0p2_trmiss80_trlocclin,32,0.0001,1,32,1,0.2,lr1e-04_bs32_modL1_fusion32_fusionL1_drop0p2_trmiss80_trlocclin,26,0.5482112069924673,0.7446683645248413,0.47058823529411764,0.6365590096511017,0.37777777777777777,0.0,0.0,0.0,0.0,2002,clin,0.8
1,2,lr1e-04_bs32_modL1_fusion32_fusionL1_drop0p2_trmiss80_trlocclin,32,0.0001,1,32,1,0.2,lr1e-04_bs32_modL1_fusion32_fusionL1_drop0p2_trmiss80_trlocclin,27,0.5523617168267568,0.7437921762466431,0.47058823529411764,0.6365590096511017,0.37777777777777777,0.0,0.0,0.0,0.0,2002,clin,0.8
1,2,lr1e-04_bs32_modL1_fusion32_fusionL1_drop0p2_trmiss80_trlocclin,32,0.0001,1,32,1,0.2,lr1e-04_bs32_modL1_fusion32_fusionL1_drop0p2_trmiss80_trlocclin,28,0.5602942804495493,0.7469454705715179,0.4726890756302521,0.6375928442375678,0.37777777777777777,0.0,0.0,0.0,0.0,2002,clin,0.8
1,2,lr1e-04_bs32_modL1_fusion32_fusionL1_drop0p2_trmiss80_trlocclin,32,0.0001,1,32,1,0.2,lr1e-04_bs32_modL1_fusion32_fusionL1_drop0p2_trmiss80_trlocclin,29,0.5484928985436758,0.7461804747581482,0.47689075630252103,0.6414089014522425,0.35555555555555557,0.0,0.0,0.0,0.0,2002,clin,0.8
1,2,lr1e-04_bs32_modL1_fusion32_fusionL1_drop0p2_trmiss80_trlocclin,32,0.0001,1,32,1,0.2,lr1e-04_bs32_modL1_fusion32_fusionL1_drop0p2_trmiss80_trlocclin,30,0.5387107928593954,0.745306670665741,0.47478991596638653,0.6310258432606289,0.37777777777777777,0.0,0.0,0.0,0.0,2002,clin,0.8
1,2,lr1e-04_bs32_modL1_fusion32_fusionL1_drop0p2_trmiss80_trlocclin,32,0.0001,1,32,1,0.2,lr1e-04_bs32_modL1_fusion32_fusionL1_drop0p2_trmiss80_trlocclin,31,0.5436370174090067,0.7435334026813507,0.47058823529411764,0.637945952878107,0.35555555555555557,0.0,0.0,0.0,0.0,2002,clin,0.8
1,2,lr1e-04_bs32_modL1_fusion32_fusionL1_drop0p2_trmiss80_trlocclin,32,0.0001,1,32,1,0.2,lr1e-04_bs32_modL1_fusion32_fusionL1_drop0p2_trmiss80_trlocclin,32,0.5499928941329321,0.743998795747757,0.4642857142857143,0.6350174251810562,0.37777777777777777,0.0,0.0,0.0,0.0,2002,clin,0.8
1,2,lr1e-04_bs32_modL1_fusion32_fusionL1_drop0p2_trmiss80_trlocclin,32,0.0001,1,32,1,0.2,lr1e-04_bs32_modL1_fusion32_fusionL1_drop0p2_trmiss80_trlocclin,33,0.5537034571170807,0.7444624900817871,0.47058823529411764,0.6284511261672783,0.37777777777777777,0.0,0.0,0.0,0.0,2002,clin,0.8
1,2,lr1e-04_bs32_modL1_fusion32_fusionL1_drop0p2_trmiss80_trlocclin,32,0.0001,1,32,1,0.2,lr1e-04_bs32_modL1_fusion32_fusionL1_drop0p2_trmiss80_trlocclin,34,0.5398194193840027,0.7439507246017456,0.4726890756302521,0.6378766734687654,0.37777777777777777,0.0,0.0,0.0,0.0,2002,clin,0.8
1,2,lr1e-04_bs32_modL1_fusion32_fusionL1_drop0p2_trmiss80_trlocclin,32,0.0001,1,32,1,0.2,lr1e-04_bs32_modL1_fusion32_fusionL1_drop0p2_trmiss80_trlocclin,35,0.5519578953584036,0.7485206723213196,0.47478991596638653,0.6382445734607255,0.37777777777777777,0.0,0.0,0.0,0.0,2002,clin,0.8
1,2,lr1e-04_bs32_modL1_fusion32_fusionL1_drop0p2_trmiss80_trlocclin,32,0.0001,1,32,1,0.2,lr1e-04_bs32_modL1_fusion32_fusionL1_drop0p2_trmiss80_trlocclin,36,0.5372822284698486,0.7458444535732269,0.4789915966386555,0.6407669049304254,0.35555555555555557,0.0,0.0,0.0,0.0,2002,clin,0.8
1,2,lr1e-04_bs32_modL1_fusion32_fusionL1_drop0p2_trmiss80_trlocclin,32,0.0001,1,32,1,0.2,lr1e-04_bs32_modL1_fusion32_fusionL1_drop0p2_trmiss80_trlocclin,37,0.5353725850582123,0.7465632855892181,0.4726890756302521,0.6298247525409046,0.37777777777777777,0.0,0.0,0.0,0.0,2002,clin,0.8
1,2,lr1e-04_bs32_modL1_fusion32_fusionL1_drop0p2_trmiss80_trlocclin,32,0.0001,1,32,1,0.2,lr1e-04_bs32_modL1_fusion32_fusionL1_drop0p2_trmiss80_trlocclin,38,0.5403686463832855,0.7423032522201538,0.47058823529411764,0.6244676096837618,0.3333333333333333,0.0,0.0,0.0,0.0,2002,clin,0.8
1,2,lr1e-04_bs32_modL1_fusion32_fusionL1_drop0p2_trmiss80_trlocclin,32,0.0001,1,32,1,0.2,lr1e-04_bs32_modL1_fusion32_fusionL1_drop0p2_trmiss80_trlocclin,39,0.5466533948977789,0.7431464791297913,0.46638655462184875,0.6171981960401246,0.3333333333333333,0.0,0.0,0.0,0.0,2002,clin,0.8
1,2,lr1e-04_bs32_modL1_fusion32_fusionL1_drop0p2_trmiss80_trlocclin,32,0.0001,1,32,1,0.2,lr1e-04_bs32_modL1_fusion32_fusionL1_drop0p2_trmiss80_trlocclin,40,0.5295451134443283,0.7413700222969055,0.4747899159663866,0.6392478294639815,0.3111111111111111,0.0,0.0,0.0,0.0,2002,clin,0.8
1,2,lr1e-04_bs32_modL1_fusion32_fusionL1_drop0p2_trmiss80_trlocclin,32,0.0001,1,32,1,0.2,lr1e-04_bs32_modL1_fusion32_fusionL1_drop0p2_trmiss80_trlocclin,41,0.5316485563913981,0.7425873279571533,0.47689075630252103,0.6407312303520679,0.35555555555555557,0.0,0.0,0.0,0.0,2002,clin,0.8
1,2,lr1e-04_bs32_modL1_fusion32_fusionL1_drop0p2_trmiss80_trlocclin,32,0.0001,1,32,1,0.2,lr1e-04_bs32_modL1_fusion32_fusionL1_drop0p2_trmiss80_trlocclin,42,0.5402462681134542,0.7439882159233093,0.4789915966386554,0.634400044103425,0.35555555555555557,0.0,0.0,0.0,0.0,2002,clin,0.8
1,2,lr1e-04_bs32_modL1_fusion32_fusionL1_drop0p2_trmiss80_trlocclin,32,0.0001,1,32,1,0.2,lr1e-04_bs32_modL1_fusion32_fusionL1_drop0p2_trmiss80_trlocclin,43,0.5432402193546295,0.7431202232837677,0.4705882352941176,0.6301535530168718,0.35555555555555557,0.0,0.0,0.0,0.0,2002,clin,0.8
1,2,lr1e-04_bs32_modL1_fusion32_fusionL1_drop0p2_trmiss80_trlocclin,32,0.0001,1,32,1,0.2,lr1e-04_bs32_modL1_fusion32_fusionL1_drop0p2_trmiss80_trlocclin,44,0.5397854844729105,0.745184063911438,0.46638655462184875,0.6284729563624275,0.35555555555555557,0.0,0.0,0.0,0.0,2002,clin,0.8
1,2,lr1e-04_bs32_modL1_fusion32_fusionL1_drop0p2_trmiss80_trlocclin,32,0.0001,1,32,1,0.2,lr1e-04_bs32_modL1_fusion32_fusionL1_drop0p2_trmiss80_trlocclin,45,0.5576407661040624,0.748347282409668,0.476890756302521,0.6331567997701185,0.37777777777777777,0.0,0.0,0.0,0.0,2002,clin,0.8
1,2,lr1e-04_bs32_modL1_fusion32_fusionL1_drop0p2_trmiss80_trlocclin,32,0.0001,1,32,1,0.2,lr1e-04_bs32_modL1_fusion32_fusionL1_drop0p2_trmiss80_trlocclin,46,0.5320892184972763,0.7460266649723053,0.4726890756302521,0.6309235380443756,0.35555555555555557,0.0,0.0,0.0,0.0,2002,clin,0.8
1,2,lr1e-04_bs32_modL1_fusion32_fusionL1_drop0p2_trmiss80_trlocclin,32,0.0001,1,32,1,0.2,lr1e-04_bs32_modL1_fusion32_fusionL1_drop0p2_trmiss80_trlocclin,47,0.554359644651413,0.748064398765564,0.4642857142857143,0.635949991465513,0.37777777777777777,0.0,0.0,0.0,0.0,2002,clin,0.8
1,2,lr1e-04_bs32_modL1_fusion32_fusionL1_drop0p2_trmiss80_trlocclin,32,0.0001,1,32,1,0.2,lr1e-04_bs32_modL1_fusion32_fusionL1_drop0p2_trmiss80_trlocclin,48,0.5475035607814789,0.7469971776008606,0.4726890756302521,0.6315058921981583,0.37777777777777777,0.0,0.0,0.0,0.0,2002,clin,0.8
1,2,lr1e-04_bs32_modL1_fusion32_fusionL1_drop0p2_trmiss80_trlocclin,32,0.0001,1,32,1,0.2,lr1e-04_bs32_modL1_fusion32_fusionL1_drop0p2_trmiss80_trlocclin,49,0.538127472003301,0.7441598773002625,0.4726890756302521,0.6395557788194736,0.35555555555555557,0.0,0.0,0.0,0.0,2002,clin,0.8
1,2,lr1e-04_bs32_modL1_fusion32_fusionL1_drop0p2_trmiss80_trlocclin,32,0.0001,1,32,1,0.2,lr1e-04_bs32_modL1_fusion32_fusionL1_drop0p2_trmiss80_trlocclin,50,0.548933724562327,0.7489679753780365,0.4684873949579832,0.6282753800202777,0.37777777777777777,0.0,0.0,0.0,0.0,2002,clin,0.8
1,2,lr1e-04_bs32_modL1_fusion32_fusionL1_drop0p2_trmiss80_trlocclin,32,0.0001,1,32,1,0.2,lr1e-04_bs32_modL1_fusion32_fusionL1_drop0p2_trmiss80_trlocclin,51,0.5433746079603831,0.7490108907222748,0.4600840336134454,0.6201256527634077,0.37777777777777777,0.0,0.0,0.0,0.0,2002,clin,0.8
1,2,lr1e-04_bs32_modL1_fusion32_fusionL1_drop0p2_trmiss80_trlocclin,32,0.0001,1,32,1,0.2,lr1e-04_bs32_modL1_fusion32_fusionL1_drop0p2_trmiss80_trlocclin,52,0.5473535060882568,0.7501394748687744,0.4579831932773109,0.6234574400237664,0.37777777777777777,0.0,0.0,0.0,0.0,2002,clin,0.8
1,2,lr1e-04_bs32_modL1_fusion32_fusionL1_drop0p2_trmiss80_trlocclin,32,0.0001,1,32,1,0.2,lr1e-04_bs32_modL1_fusion32_fusionL1_drop0p2_trmiss80_trlocclin,53,0.539729913075765,0.7447905838489532,0.4600840336134454,0.6248310663973927,0.3333333333333333,0.0,0.0,0.0,0.0,2002,clin,0.8
1,2,lr1e-04_bs32_modL1_fusion32_fusionL1_drop0p2_trmiss80_trlocclin,32,0.0001,1,32,1,0.2,lr1e-04_bs32_modL1_fusion32_fusionL1_drop0p2_trmiss80_trlocclin,54,0.5415852169195811,0.7419012486934662,0.4705882352941176,0.6302407287901378,0.37777777777777777,0.0,0.0,0.0,0.0,2002,clin,0.8
1,2,lr1e-04_bs32_modL1_fusion32_fusionL1_drop0p2_trmiss80_trlocclin,32,0.0001,1,32,1,0.2,lr1e-04_bs32_modL1_fusion32_fusionL1_drop0p2_trmiss80_trlocclin,55,0.544449915488561,0.7439814507961273,0.4726890756302521,0.6305519046652235,0.37777777777777777,0.0,0.0,0.0,0.0,2002,clin,0.8
1,2,lr1e-04_bs32_modL1_fusion32_fusionL1_drop0p2_trmiss80_trlocclin,32,0.0001,1,32,1,0.2,lr1e-04_bs32_modL1_fusion32_fusionL1_drop0p2_trmiss80_trlocclin,56,0.5273841023445129,0.7408134639263153,0.476890756302521,0.6335128326261514,0.37777777777777777,0.0,0.0,0.0,0.0,2002,clin,0.8
1,2,lr1e-04_bs32_modL1_fusion32_fusionL1_drop0p1_trmiss80_trlocclin,32,0.0001,1,32,1,0.1,lr1e-04_bs32_modL1_fusion32_fusionL1_drop0p1_trmiss80_trlocclin,1,0.6765637397766113,0.6995700001716614,0.48739495798319327,0.7146161132498854,0.4666666666666667,0.0,0.0,0.0,0.0,2002,clin,0.8
1,2,lr1e-04_bs32_modL1_fusion32_fusionL1_drop0p1_trmiss80_trlocclin,32,0.0001,1,32,1,0.1,lr1e-04_bs32_modL1_fusion32_fusionL1_drop0p1_trmiss80_trlocclin,2,0.6302181581656138,0.7005596458911896,0.5378151260504201,0.742098417880285,0.5333333333333333,0.0,0.0,0.0,0.0,2002,clin,0.8
1,2,lr1e-04_bs32_modL1_fusion32_fusionL1_drop0p1_trmiss80_trlocclin,32,0.0001,1,32,1,0.1,lr1e-04_bs32_modL1_fusion32_fusionL1_drop0p1_trmiss80_trlocclin,3,0.585374136765798,0.6987750828266144,0.5252100840336135,0.7261765550737875,0.5111111111111111,0.0,0.0,0.0,0.0,2002,clin,0.8
1,2,lr1e-04_bs32_modL1_fusion32_fusionL1_drop0p1_trmiss80_trlocclin,32,0.0001,1,32,1,0.1,lr1e-04_bs32_modL1_fusion32_fusionL1_drop0p1_trmiss80_trlocclin,4,0.5586918791135153,0.7016850709915161,0.5273109243697479,0.705605704759748,0.4888888888888889,0.0,0.0,0.0,0.0,2002,clin,0.8
1,2,lr1e-04_bs32_modL1_fusion32_fusionL1_drop0p1_trmiss80_trlocclin,32,0.0001,1,32,1,0.1,lr1e-04_bs32_modL1_fusion32_fusionL1_drop0p1_trmiss80_trlocclin,5,0.5412381688753763,0.7000935673713684,0.5504201680672269,0.6896769384857233,0.5333333333333333,0.0,0.0,0.0,0.0,2002,clin,0.8
1,2,lr1e-04_bs32_modL1_fusion32_fusionL1_drop0p1_trmiss80_trlocclin,32,0.0001,1,32,1,0.1,lr1e-04_bs32_modL1_fusion32_fusionL1_drop0p1_trmiss80_trlocclin,6,0.5201975554227829,0.7030239403247833,0.5462184873949579,0.6982257388933353,0.5555555555555556,0.0,0.0,0.0,0.0,2002,clin,0.8
1,2,lr1e-04_bs32_modL1_fusion32_fusionL1_drop0p1_trmiss80_trlocclin,32,0.0001,1,32,1,0.1,lr1e-04_bs32_modL1_fusion32_fusionL1_drop0p1_trmiss80_trlocclin,7,0.4987788200378418,0.7016701698303223,0.5651260504201681,0.7050829036752764,0.5555555555555556,0.0,0.0,0.0,0.0,2002,clin,0.8
1,2,lr1e-04_bs32_modL1_fusion32_fusionL1_drop0p1_trmiss80_trlocclin,32,0.0001,1,32,1,0.1,lr1e-04_bs32_modL1_fusion32_fusionL1_drop0p1_trmiss80_trlocclin,8,0.49213673174381256,0.7001809179782867,0.5861344537815126,0.7146504494761086,0.5555555555555556,0.0,0.0,0.0,0.0,2002,clin,0.8
1,2,lr1e-04_bs32_modL1_fusion32_fusionL1_drop0p1_trmiss80_trlocclin,32,0.0001,1,32,1,0.1,lr1e-04_bs32_modL1_fusion32_fusionL1_drop0p1_trmiss80_trlocclin,9,0.4642050911982854,0.6960038244724274,0.6071428571428572,0.7223191600437023,0.6222222222222222,0.0,0.0,0.0,0.0,2002,clin,0.8
1,2,lr1e-04_bs32_modL1_fusion32_fusionL1_drop0p1_trmiss80_trlocclin,32,0.0001,1,32,1,0.1,lr1e-04_bs32_modL1_fusion32_fusionL1_drop0p1_trmiss80_trlocclin,10,0.45540645718574524,0.6921582520008087,0.6197478991596639,0.7092975515416953,0.6,0.0,0.0,0.0,0.0,2002,clin,0.8
1,2,lr1e-04_bs32_modL1_fusion32_fusionL1_drop0p1_trmiss80_trlocclin,32,0.0001,1,32,1,0.1,lr1e-04_bs32_modL1_fusion32_fusionL1_drop0p1_trmiss80_trlocclin,11,0.44628827770551044,0.6908302903175354,0.6197478991596639,0.7073845497524746,0.6,0.0,0.0,0.0,0.0,2002,clin,0.8
1,2,lr1e-04_bs32_modL1_fusion32_fusionL1_drop0p1_trmiss80_trlocclin,32,0.0001,1,32,1,0.1,lr1e-04_bs32_modL1_fusion32_fusionL1_drop0p1_trmiss80_trlocclin,12,0.4296266535917918,0.6905051469802856,0.5987394957983193,0.7014867846052516,0.6,0.0,0.0,0.0,0.0,2002,clin,0.8
1,2,lr1e-04_bs32_modL1_fusion32_fusionL1_drop0p1_trmiss80_trlocclin,32,0.0001,1,32,1,0.1,lr1e-04_bs32_modL1_fusion32_fusionL1_drop0p1_trmiss80_trlocclin,13,0.42007625102996826,0.6915473341941833,0.5987394957983193,0.7182401795210784,0.6222222222222222,0.0,0.0,0.0,0.0,2002,clin,0.8
1,2,lr1e-04_bs32_modL1_fusion32_fusionL1_drop0p1_trmiss80_trlocclin,32,0.0001,1,32,1,0.1,lr1e-04_bs32_modL1_fusion32_fusionL1_drop0p1_trmiss80_trlocclin,14,0.42132194836934406,0.6946673095226288,0.5945378151260504,0.6944637599476206,0.6,0.0,0.0,0.0,0.0,2002,clin,0.8
1,2,lr1e-04_bs32_modL1_fusion32_fusionL1_drop0p1_trmiss80_trlocclin,32,0.0001,1,32,1,0.1,lr1e-04_bs32_modL1_fusion32_fusionL1_drop0p1_trmiss80_trlocclin,15,0.4107740471760432,0.6969404220581055,0.5903361344537814,0.6915739024227234,0.5777777777777777,0.0,0.0,0.0,0.0,2002,clin,0.8
1,2,lr1e-04_bs32_modL1_fusion32_fusionL1_drop0p1_trmiss80_trlocclin,32,0.0001,1,32,1,0.1,lr1e-04_bs32_modL1_fusion32_fusionL1_drop0p1_trmiss80_trlocclin,16,0.38892799615859985,0.6967447400093079,0.596638655462185,0.6959129092063608,0.5777777777777777,0.0,0.0,0.0,0.0,2002,clin,0.8
1,2,lr1e-04_bs32_modL1_fusion32_fusionL1_drop0p1_trmiss80_trlocclin,32,0.0001,1,32,1,0.1,lr1e-04_bs32_modL1_fusion32_fusionL1_drop0p1_trmiss80_trlocclin,17,0.3891013065973918,0.7058870792388916,0.5756302521008404,0.6836735722885077,0.5555555555555556,0.0,0.0,0.0,0.0,2002,clin,0.8
1,2,lr1e-04_bs32_modL1_fusion32_fusionL1_drop0p1_trmiss80_trlocclin,32,0.0001,1,32,1,0.1,lr1e-04_bs32_modL1_fusion32_fusionL1_drop0p1_trmiss80_trlocclin,18,0.3854934324820836,0.705209493637085,0.5819327731092437,0.6908604342998658,0.5777777777777777,0.0,0.0,0.0,0.0,2002,clin,0.8
1,2,lr1e-04_bs32_modL1_fusion32_fusionL1_drop0p1_trmiss80_trlocclin,32,0.0001,1,32,1,0.1,lr1e-04_bs32_modL1_fusion32_fusionL1_drop0p1_trmiss80_trlocclin,19,0.37123620013395947,0.7036853134632111,0.5861344537815126,0.6940718216221362,0.5777777777777777,0.0,0.0,0.0,0.0,2002,clin,0.8
1,2,lr1e-04_bs32_modL1_fusion32_fusionL1_drop0p1_trmiss80_trlocclin,32,0.0001,1,32,1,0.1,lr1e-04_bs32_modL1_fusion32_fusionL1_drop0p1_trmiss80_trlocclin,20,0.36071524520715076,0.700488269329071,0.6050420168067226,0.7034189053241515,0.5777777777777777,0.0,0.0,0.0,0.0,2002,clin,0.8
1,2,lr1e-04_bs32_modL1_fusion32_fusionL1_drop0p1_trmiss80_trlocclin,32,0.0001,1,32,1,0.1,lr1e-04_bs32_modL1_fusion32_fusionL1_drop0p1_trmiss80_trlocclin,21,0.3603641390800476,0.7000561952590942,0.6029411764705883,0.7024927153743639,0.5777777777777777,0.0,0.0,0.0,0.0,2002,clin,0.8
1,2,lr1e-04_bs32_modL1_fusion32_fusionL1_drop0p1_trmiss80_trlocclin,32,0.0001,1,32,1,0.1,lr1e-04_bs32_modL1_fusion32_fusionL1_drop0p1_trmiss80_trlocclin,22,0.3646923104921977,0.6971182823181152,0.6029411764705883,0.6985938990119714,0.6,0.0,0.0,0.0,0.0,2002,clin,0.8
1,2,lr1e-04_bs32_modL1_fusion32_fusionL1_drop0p1_trmiss80_trlocclin,32,0.0001,1,32,1,0.1,lr1e-04_bs32_modL1_fusion32_fusionL1_drop0p1_trmiss80_trlocclin,23,0.34089575211207074,0.6986300349235535,0.6029411764705882,0.6963706978883943,0.6444444444444445,0.0,0.0,0.0,0.0,2002,clin,0.8
1,2,lr1e-04_bs32_modL1_fusion32_fusionL1_drop0p1_trmiss80_trlocclin,32,0.0001,1,32,1,0.1,lr1e-04_bs32_modL1_fusion32_fusionL1_drop0p1_trmiss80_trlocclin,24,0.34909751017888385,0.6956514418125153,0.6092436974789917,0.6995376464860152,0.5777777777777777,0.0,0.0,0.0,0.0,2002,clin,0.8
1,2,lr1e-04_bs32_modL1_fusion32_fusionL1_drop0p1_trmiss80_trlocclin,32,0.0001,1,32,1,0.1,lr1e-04_bs32_modL1_fusion32_fusionL1_drop0p1_trmiss80_trlocclin,25,0.34027349452177685,0.6973661780357361,0.6029411764705883,0.6977893486271005,0.5777777777777777,0.0,0.0,0.0,0.0,2002,clin,0.8
1,2,lr1e-04_bs32_modL1_fusion32_fusionL1_drop0p1_trmiss80_trlocclin,32,0.0001,1,32,1,0.1,lr1e-04_bs32_modL1_fusion32_fusionL1_drop0p1_trmiss80_trlocclin,26,0.35392547647158307,0.7007696628570557,0.5966386554621849,0.695527492835833,0.5555555555555556,0.0,0.0,0.0,0.0,2002,clin,0.8
1,2,lr1e-04_bs32_modL1_fusion32_fusionL1_drop0p1_trmiss80_trlocclin,32,0.0001,1,32,1,0.1,lr1e-04_bs32_modL1_fusion32_fusionL1_drop0p1_trmiss80_trlocclin,27,0.34762194752693176,0.7031082808971405,0.5924369747899161,0.6926178289702868,0.5777777777777777,0.0,0.0,0.0,0.0,2002,clin,0.8
1,2,lr1e-04_bs32_modL1_fusion32_fusionL1_drop0p1_trmiss80_trlocclin,32,0.0001,1,32,1,0.1,lr1e-04_bs32_modL1_fusion32_fusionL1_drop0p1_trmiss80_trlocclin,28,0.3384433388710022,0.7043918967247009,0.5882352941176471,0.6905513065233295,0.6222222222222222,0.0,0.0,0.0,0.0,2002,clin,0.8
1,2,lr1e-04_bs32_modL1_fusion32_fusionL1_drop0p1_trmiss80_trlocclin,32,0.0001,1,32,1,0.1,lr1e-04_bs32_modL1_fusion32_fusionL1_drop0p1_trmiss80_trlocclin,29,0.3229733159144719,0.7043375968933105,0.5882352941176471,0.6905513065233295,0.6222222222222222,0.0,0.0,0.0,0.0,2002,clin,0.8
1,2,lr1e-04_bs32_modL1_fusion32_fusionL1_drop0p1_trmiss80_trlocclin,32,0.0001,1,32,1,0.1,lr1e-04_bs32_modL1_fusion32_fusionL1_drop0p1_trmiss80_trlocclin,30,0.3424978405237198,0.7071899771690369,0.5840336134453782,0.6884087867751971,0.6222222222222222,0.0,0.0,0.0,0.0,2002,clin,0.8
1,2,lr1e-04_bs32_modL1_fusion32_fusionL1_drop0p1_trmiss80_trlocclin,32,0.0001,1,32,1,0.1,lr1e-04_bs32_modL1_fusion32_fusionL1_drop0p1_trmiss80_trlocclin,31,0.32790030539035797,0.7092420160770416,0.5840336134453781,0.6881782701653703,0.6222222222222222,0.0,0.0,0.0,0.0,2002,clin,0.8
1,2,lr1e-04_bs32_modL1_fusion64_fusionL1_drop0p2_trmiss80_trlocclin,32,0.0001,1,64,1,0.2,lr1e-04_bs32_modL1_fusion64_fusionL1_drop0p2_trmiss80_trlocclin,1,0.7252968847751617,0.7065517902374268,0.38445378151260506,0.5934781157749073,0.37777777777777777,0.0,0.0,0.0,0.0,2002,clin,0.8
1,2,lr1e-04_bs32_modL1_fusion64_fusionL1_drop0p2_trmiss80_trlocclin,32,0.0001,1,64,1,0.2,lr1e-04_bs32_modL1_fusion64_fusionL1_drop0p2_trmiss80_trlocclin,2,0.6957218647003174,0.7141099572181702,0.4012605042016807,0.5943896395940129,0.35555555555555557,0.0,0.0,0.0,0.0,2002,clin,0.8
1,2,lr1e-04_bs32_modL1_fusion64_fusionL1_drop0p2_trmiss80_trlocclin,32,0.0001,1,64,1,0.2,lr1e-04_bs32_modL1_fusion64_fusionL1_drop0p2_trmiss80_trlocclin,3,0.6841819187005361,0.7218703627586365,0.39285714285714285,0.5826312522091992,0.4,0.0,0.0,0.0,0.0,2002,clin,0.8
1,2,lr1e-04_bs32_modL1_fusion64_fusionL1_drop0p2_trmiss80_trlocclin,32,0.0001,1,64,1,0.2,lr1e-04_bs32_modL1_fusion64_fusionL1_drop0p2_trmiss80_trlocclin,4,0.6696358521779379,0.7268558442592621,0.4222689075630252,0.6019787731510302,0.4,0.0,0.0,0.0,0.0,2002,clin,0.8
1,2,lr1e-04_bs32_modL1_fusion64_fusionL1_drop0p2_trmiss80_trlocclin,32,0.0001,1,64,1,0.2,lr1e-04_bs32_modL1_fusion64_fusionL1_drop0p2_trmiss80_trlocclin,5,0.6427812079588572,0.7250505089759827,0.44117647058823534,0.6145129250395925,0.4,0.0,0.0,0.0,0.0,2002,clin,0.8
1,2,lr1e-04_bs32_modL1_fusion64_fusionL1_drop0p2_trmiss80_trlocclin,32,0.0001,1,64,1,0.2,lr1e-04_bs32_modL1_fusion64_fusionL1_drop0p2_trmiss80_trlocclin,6,0.6183504561583201,0.720463901758194,0.4474789915966386,0.630688125049082,0.4222222222222222,0.0,0.0,0.0,0.0,2002,clin,0.8
1,2,lr1e-04_bs32_modL1_fusion64_fusionL1_drop0p2_trmiss80_trlocclin,32,0.0001,1,64,1,0.2,lr1e-04_bs32_modL1_fusion64_fusionL1_drop0p2_trmiss80_trlocclin,7,0.6045621832211813,0.7242708206176758,0.4411764705882353,0.6307018576015898,0.4,0.0,0.0,0.0,0.0,2002,clin,0.8
1,2,lr1e-04_bs32_modL1_fusion64_fusionL1_drop0p2_trmiss80_trlocclin,32,0.0001,1,64,1,0.2,lr1e-04_bs32_modL1_fusion64_fusionL1_drop0p2_trmiss80_trlocclin,8,0.5884174704551697,0.7256216108798981,0.43907563025210083,0.6280904380226419,0.3333333333333333,0.0,0.0,0.0,0.0,2002,clin,0.8
1,2,lr1e-04_bs32_modL1_fusion64_fusionL1_drop0p2_trmiss80_trlocclin,32,0.0001,1,64,1,0.2,lr1e-04_bs32_modL1_fusion64_fusionL1_drop0p2_trmiss80_trlocclin,9,0.579535037279129,0.7262640297412872,0.43487394957983194,0.621989389863323,0.3333333333333333,0.0,0.0,0.0,0.0,2002,clin,0.8
1,2,lr1e-04_bs32_modL1_fusion64_fusionL1_drop0p2_trmiss80_trlocclin,32,0.0001,1,64,1,0.2,lr1e-04_bs32_modL1_fusion64_fusionL1_drop0p2_trmiss80_trlocclin,10,0.5822046299775442,0.7278115749359131,0.42436974789915966,0.6188576271351018,0.37777777777777777,0.0,0.0,0.0,0.0,2002,clin,0.8
1,2,lr1e-04_bs32_modL1_fusion64_fusionL1_drop0p2_trmiss80_trlocclin,32,0.0001,1,64,1,0.2,lr1e-04_bs32_modL1_fusion64_fusionL1_drop0p2_trmiss80_trlocclin,11,0.5662709474563599,0.7254932522773743,0.4369747899159664,0.6242022180212151,0.4222222222222222,0.0,0.0,0.0,0.0,2002,clin,0.8
1,2,lr1e-04_bs32_modL1_fusion64_fusionL1_drop0p2_trmiss80_trlocclin,32,0.0001,1,64,1,0.2,lr1e-04_bs32_modL1_fusion64_fusionL1_drop0p2_trmiss80_trlocclin,12,0.5517482062180837,0.7238801121711731,0.43487394957983194,0.6078350680406197,0.4444444444444444,0.0,0.0,0.0,0.0,2002,clin,0.8
1,2,lr1e-04_bs32_modL1_fusion64_fusionL1_drop0p2_trmiss80_trlocclin,32,0.0001,1,64,1,0.2,lr1e-04_bs32_modL1_fusion64_fusionL1_drop0p2_trmiss80_trlocclin,13,0.5540580054124197,0.7219656705856323,0.4516806722689075,0.6277775103176209,0.4444444444444444,0.0,0.0,0.0,0.0,2002,clin,0.8
1,2,lr1e-04_bs32_modL1_fusion64_fusionL1_drop0p2_trmiss80_trlocclin,32,0.0001,1,64,1,0.2,lr1e-04_bs32_modL1_fusion64_fusionL1_drop0p2_trmiss80_trlocclin,14,0.5474700133005778,0.7243892550468445,0.4642857142857143,0.6345350965953189,0.4222222222222222,0.0,0.0,0.0,0.0,2002,clin,0.8
1,2,lr1e-04_bs32_modL1_fusion64_fusionL1_drop0p2_trmiss80_trlocclin,32,0.0001,1,64,1,0.2,lr1e-04_bs32_modL1_fusion64_fusionL1_drop0p2_trmiss80_trlocclin,15,0.5388393501440684,0.7262146472930908,0.45798319327731096,0.6317227964615902,0.4,0.0,0.0,0.0,0.0,2002,clin,0.8
1,2,lr1e-04_bs32_modL1_fusion64_fusionL1_drop0p2_trmiss80_trlocclin,32,0.0001,1,64,1,0.2,lr1e-04_bs32_modL1_fusion64_fusionL1_drop0p2_trmiss80_trlocclin,16,0.5472525656223297,0.7243310213088989,0.45378151260504196,0.626241708261987,0.4444444444444444,0.0,0.0,0.0,0.0,2002,clin,0.8
1,2,lr1e-04_bs32_modL1_fusion64_fusionL1_drop0p2_trmiss80_trlocclin,32,0.0001,1,64,1,0.2,lr1e-04_bs32_modL1_fusion64_fusionL1_drop0p2_trmiss80_trlocclin,17,0.5358398854732513,0.7214442789554596,0.45798319327731096,0.6245758907576602,0.4444444444444444,0.0,0.0,0.0,0.0,2002,clin,0.8
1,2,lr1e-04_bs32_modL1_fusion64_fusionL1_drop0p2_trmiss80_trlocclin,32,0.0001,1,64,1,0.2,lr1e-04_bs32_modL1_fusion64_fusionL1_drop0p2_trmiss80_trlocclin,18,0.5306548674901327,0.7217994928359985,0.4558823529411765,0.62940947860605,0.4444444444444444,0.0,0.0,0.0,0.0,2002,clin,0.8
1,2,lr1e-04_bs32_modL1_fusion64_fusionL1_drop0p2_trmiss80_trlocclin,32,0.0001,1,64,1,0.2,lr1e-04_bs32_modL1_fusion64_fusionL1_drop0p2_trmiss80_trlocclin,19,0.5183697044849396,0.7227781414985657,0.46218487394957986,0.6323389216409917,0.4444444444444444,0.0,0.0,0.0,0.0,2002,clin,0.8
1,2,lr1e-04_bs32_modL1_fusion64_fusionL1_drop0p2_trmiss80_trlocclin,32,0.0001,1,64,1,0.2,lr1e-04_bs32_modL1_fusion64_fusionL1_drop0p2_trmiss80_trlocclin,20,0.5277606149514517,0.7200906872749329,0.45378151260504207,0.6184281592008175,0.4444444444444444,0.0,0.0,0.0,0.0,2002,clin,0.8
1,2,lr1e-04_bs32_modL1_fusion64_fusionL1_drop0p2_trmiss80_trlocclin,32,0.0001,1,64,1,0.2,lr1e-04_bs32_modL1_fusion64_fusionL1_drop0p2_trmiss80_trlocclin,21,0.5252854774395624,0.7221839427947998,0.45378151260504196,0.6142284126456866,0.4444444444444444,0.0,0.0,0.0,0.0,2002,clin,0.8
1,2,lr1e-04_bs32_modL1_fusion64_fusionL1_drop0p2_trmiss80_trlocclin,32,0.0001,1,64,1,0.2,lr1e-04_bs32_modL1_fusion64_fusionL1_drop0p2_trmiss80_trlocclin,22,0.506002868215243,0.7217929065227509,0.46638655462184875,0.637351710900867,0.4444444444444444,0.0,0.0,0.0,0.0,2002,clin,0.8
1,2,lr1e-04_bs32_modL1_fusion64_fusionL1_drop0p2_trmiss80_trlocclin,32,0.0001,1,64,1,0.2,lr1e-04_bs32_modL1_fusion64_fusionL1_drop0p2_trmiss80_trlocclin,23,0.5070997178554535,0.7230205833911896,0.46008403361344535,0.6349231216204497,0.4666666666666667,0.0,0.0,0.0,0.0,2002,clin,0.8
1,2,lr1e-04_bs32_modL1_fusion64_fusionL1_drop0p2_trmiss80_trlocclin,32,0.0001,1,64,1,0.2,lr1e-04_bs32_modL1_fusion64_fusionL1_drop0p2_trmiss80_trlocclin,24,0.5057935963074366,0.7253556549549103,0.4579831932773109,0.630230189023706,0.4222222222222222,0.0,0.0,0.0,0.0,2002,clin,0.8
1,2,lr1e-04_bs32_modL1_fusion64_fusionL1_drop0p2_trmiss80_trlocclin,32,0.0001,1,64,1,0.2,lr1e-04_bs32_modL1_fusion64_fusionL1_drop0p2_trmiss80_trlocclin,25,0.510849247376124,0.7274974286556244,0.4600840336134454,0.6154873169742611,0.4222222222222222,0.0,0.0,0.0,0.0,2002,clin,0.8
1,2,lr1e-04_bs32_modL1_fusion64_fusionL1_drop0p2_trmiss80_trlocclin,32,0.0001,1,64,1,0.2,lr1e-04_bs32_modL1_fusion64_fusionL1_drop0p2_trmiss80_trlocclin,26,0.4928077558676402,0.7231633365154266,0.4621848739495798,0.6166472681342123,0.4222222222222222,0.0,0.0,0.0,0.0,2002,clin,0.8
1,2,lr1e-04_bs32_modL1_fusion64_fusionL1_drop0p2_trmiss80_trlocclin,32,0.0001,1,64,1,0.2,lr1e-04_bs32_modL1_fusion64_fusionL1_drop0p2_trmiss80_trlocclin,27,0.5266454915205637,0.7281420826911926,0.4621848739495798,0.6189779439942998,0.4222222222222222,0.0,0.0,0.0,0.0,2002,clin,0.8
1,2,lr1e-04_bs32_modL1_fusion64_fusionL1_drop0p2_trmiss80_trlocclin,32,0.0001,1,64,1,0.2,lr1e-04_bs32_modL1_fusion64_fusionL1_drop0p2_trmiss80_trlocclin,28,0.510781466960907,0.7285949289798737,0.453781512605042,0.6158526070661822,0.4222222222222222,0.0,0.0,0.0,0.0,2002,clin,0.8
1,2,lr1e-04_bs32_modL1_fusion64_fusionL1_drop0p2_trmiss80_trlocclin,32,0.0001,1,64,1,0.2,lr1e-04_bs32_modL1_fusion64_fusionL1_drop0p2_trmiss80_trlocclin,29,0.504870335261027,0.7266454994678497,0.46008403361344535,0.6155453356618183,0.4222222222222222,0.0,0.0,0.0,0.0,2002,clin,0.8
1,2,lr1e-04_bs32_modL1_fusion64_fusionL1_drop0p2_trmiss80_trlocclin,32,0.0001,1,64,1,0.2,lr1e-04_bs32_modL1_fusion64_fusionL1_drop0p2_trmiss80_trlocclin,30,0.49802028636137646,0.7260635495185852,0.4642857142857143,0.6167131084078649,0.4444444444444444,0.0,0.0,0.0,0.0,2002,clin,0.8
1,2,lr1e-04_bs32_modL1_fusion64_fusionL1_drop0p2_trmiss80_trlocclin,32,0.0001,1,64,1,0.2,lr1e-04_bs32_modL1_fusion64_fusionL1_drop0p2_trmiss80_trlocclin,31,0.5066034297148386,0.7266219854354858,0.45588235294117646,0.6136699641277252,0.4222222222222222,0.0,0.0,0.0,0.0,2002,clin,0.8
1,2,lr1e-04_bs32_modL1_fusion64_fusionL1_drop0p2_trmiss80_trlocclin,32,0.0001,1,64,1,0.2,lr1e-04_bs32_modL1_fusion64_fusionL1_drop0p2_trmiss80_trlocclin,32,0.5056777397791544,0.7243947088718414,0.46218487394957986,0.6172820565556071,0.4222222222222222,0.0,0.0,0.0,0.0,2002,clin,0.8
1,2,lr1e-04_bs32_modL1_fusion64_fusionL1_drop0p2_trmiss80_trlocclin,32,0.0001,1,64,1,0.2,lr1e-04_bs32_modL1_fusion64_fusionL1_drop0p2_trmiss80_trlocclin,33,0.497617835799853,0.7247987985610962,0.4558823529411765,0.6149862517836464,0.4222222222222222,0.0,0.0,0.0,0.0,2002,clin,0.8
1,2,lr1e-04_bs32_modL1_fusion64_fusionL1_drop0p2_trmiss80_trlocclin,32,0.0001,1,64,1,0.2,lr1e-04_bs32_modL1_fusion64_fusionL1_drop0p2_trmiss80_trlocclin,34,0.5111430486043295,0.7238127589225769,0.4516806722689076,0.6139632768651881,0.4444444444444444,0.0,0.0,0.0,0.0,2002,clin,0.8
1,2,lr1e-04_bs32_modL1_fusion64_fusionL1_drop0p2_trmiss80_trlocclin,32,0.0001,1,64,1,0.2,lr1e-04_bs32_modL1_fusion64_fusionL1_drop0p2_trmiss80_trlocclin,35,0.5089522351821264,0.7245522439479828,0.45588235294117646,0.6157033293508187,0.4222222222222222,0.0,0.0,0.0,0.0,2002,clin,0.8
1,2,lr1e-04_bs32_modL1_fusion64_fusionL1_drop0p2_trmiss80_trlocclin,32,0.0001,1,64,1,0.2,lr1e-04_bs32_modL1_fusion64_fusionL1_drop0p2_trmiss80_trlocclin,36,0.514273206392924,0.7258626520633698,0.45588235294117646,0.6156316794450278,0.4444444444444444,0.0,0.0,0.0,0.0,2002,clin,0.8
1,2,lr1e-04_bs32_modL1_fusion64_fusionL1_drop0p2_trmiss80_trlocclin,32,0.0001,1,64,1,0.2,lr1e-04_bs32_modL1_fusion64_fusionL1_drop0p2_trmiss80_trlocclin,37,0.5012372632821401,0.7248900234699249,0.44537815126050423,0.6117662721346067,0.4222222222222222,0.0,0.0,0.0,0.0,2002,clin,0.8
1,2,lr1e-04_bs32_modL1_fusion64_fusionL1_drop0p2_trmiss80_trlocclin,32,0.0001,1,64,1,0.2,lr1e-04_bs32_modL1_fusion64_fusionL1_drop0p2_trmiss80_trlocclin,38,0.5047173152367274,0.722737729549408,0.45588235294117646,0.6294310716472927,0.4666666666666667,0.0,0.0,0.0,0.0,2002,clin,0.8
1,2,lr1e-04_bs32_modL1_fusion64_fusionL1_drop0p2_trmiss80_trlocclin,32,0.0001,1,64,1,0.2,lr1e-04_bs32_modL1_fusion64_fusionL1_drop0p2_trmiss80_trlocclin,39,0.5003165354331335,0.7206930816173553,0.453781512605042,0.6283748081530806,0.4666666666666667,0.0,0.0,0.0,0.0,2002,clin,0.8
1,2,lr1e-04_bs32_modL1_fusion64_fusionL1_drop0p2_trmiss80_trlocclin,32,0.0001,1,64,1,0.2,lr1e-04_bs32_modL1_fusion64_fusionL1_drop0p2_trmiss80_trlocclin,40,0.5132213731606802,0.7217500805854797,0.4579831932773109,0.6169821785398847,0.4666666666666667,0.0,0.0,0.0,0.0,2002,clin,0.8
1,2,lr1e-04_bs32_modL1_fusion64_fusionL1_drop0p2_trmiss80_trlocclin,32,0.0001,1,64,1,0.2,lr1e-04_bs32_modL1_fusion64_fusionL1_drop0p2_trmiss80_trlocclin,41,0.5069476415713629,0.7239494919776917,0.46008403361344535,0.6187167024963911,0.4444444444444444,0.0,0.0,0.0,0.0,2002,clin,0.8
1,2,lr1e-04_bs32_modL1_fusion64_fusionL1_drop0p2_trmiss80_trlocclin,32,0.0001,1,64,1,0.2,lr1e-04_bs32_modL1_fusion64_fusionL1_drop0p2_trmiss80_trlocclin,42,0.49698981642723083,0.7247024774551392,0.4474789915966386,0.6140133262650013,0.4222222222222222,0.0,0.0,0.0,0.0,2002,clin,0.8
1,2,lr1e-04_bs32_modL1_fusion64_fusionL1_drop0p1_trmiss80_trlocclin,32,0.0001,1,64,1,0.1,lr1e-04_bs32_modL1_fusion64_fusionL1_drop0p1_trmiss80_trlocclin,1,0.7388289173444113,0.7168822288513184,0.5588235294117647,0.6995325575677604,0.4,0.0,0.0,0.0,0.0,2002,clin,0.8
1,2,lr1e-04_bs32_modL1_fusion64_fusionL1_drop0p1_trmiss80_trlocclin,32,0.0001,1,64,1,0.1,lr1e-04_bs32_modL1_fusion64_fusionL1_drop0p1_trmiss80_trlocclin,2,0.6738499104976654,0.7114247977733612,0.5546218487394958,0.6950202634603245,0.4222222222222222,0.0,0.0,0.0,0.0,2002,clin,0.8
1,2,lr1e-04_bs32_modL1_fusion64_fusionL1_drop0p1_trmiss80_trlocclin,32,0.0001,1,64,1,0.1,lr1e-04_bs32_modL1_fusion64_fusionL1_drop0p1_trmiss80_trlocclin,3,0.6511946618556976,0.7092512249946594,0.5315126050420168,0.6725510593820601,0.4222222222222222,0.0,0.0,0.0,0.0,2002,clin,0.8
1,2,lr1e-04_bs32_modL1_fusion64_fusionL1_drop0p1_trmiss80_trlocclin,32,0.0001,1,64,1,0.1,lr1e-04_bs32_modL1_fusion64_fusionL1_drop0p1_trmiss80_trlocclin,4,0.6112396816412607,0.710313230752945,0.5231092436974789,0.6708943985148934,0.4222222222222222,0.0,0.0,0.0,0.0,2002,clin,0.8
1,2,lr1e-04_bs32_modL1_fusion64_fusionL1_drop0p1_trmiss80_trlocclin,32,0.0001,1,64,1,0.1,lr1e-04_bs32_modL1_fusion64_fusionL1_drop0p1_trmiss80_trlocclin,5,0.5999601185321808,0.708497166633606,0.5336134453781513,0.6795088482927135,0.37777777777777777,0.0,0.0,0.0,0.0,2002,clin,0.8
1,2,lr1e-04_bs32_modL1_fusion64_fusionL1_drop0p1_trmiss80_trlocclin,32,0.0001,1,64,1,0.1,lr1e-04_bs32_modL1_fusion64_fusionL1_drop0p1_trmiss80_trlocclin,6,0.5840213199456533,0.6990448832511902,0.5588235294117647,0.703847630343791,0.4222222222222222,0.0,0.0,0.0,0.0,2002,clin,0.8
1,2,lr1e-04_bs32_modL1_fusion64_fusionL1_drop0p1_trmiss80_trlocclin,32,0.0001,1,64,1,0.1,lr1e-04_bs32_modL1_fusion64_fusionL1_drop0p1_trmiss80_trlocclin,7,0.5339745382467905,0.6848131716251373,0.592436974789916,0.7246775458453427,0.4666666666666667,0.0,0.0,0.0,0.0,2002,clin,0.8
1,2,lr1e-04_bs32_modL1_fusion64_fusionL1_drop0p1_trmiss80_trlocclin,32,0.0001,1,64,1,0.1,lr1e-04_bs32_modL1_fusion64_fusionL1_drop0p1_trmiss80_trlocclin,8,0.5228145519892374,0.6750631034374237,0.6176470588235294,0.7392203733611673,0.4666666666666667,0.0,0.0,0.0,0.0,2002,clin,0.8
1,2,lr1e-04_bs32_modL1_fusion64_fusionL1_drop0p1_trmiss80_trlocclin,32,0.0001,1,64,1,0.1,lr1e-04_bs32_modL1_fusion64_fusionL1_drop0p1_trmiss80_trlocclin,9,0.505839521686236,0.6687659919261932,0.6512605042016807,0.7532044615503493,0.5111111111111111,0.0,0.0,0.0,0.0,2002,clin,0.8
1,2,lr1e-04_bs32_modL1_fusion64_fusionL1_drop0p1_trmiss80_trlocclin,32,0.0001,1,64,1,0.1,lr1e-04_bs32_modL1_fusion64_fusionL1_drop0p1_trmiss80_trlocclin,10,0.49428747594356537,0.6669641435146332,0.6428571428571429,0.752072724259657,0.5333333333333333,0.0,0.0,0.0,0.0,2002,clin,0.8
1,2,lr1e-04_bs32_modL1_fusion64_fusionL1_drop0p1_trmiss80_trlocclin,32,0.0001,1,64,1,0.1,lr1e-04_bs32_modL1_fusion64_fusionL1_drop0p1_trmiss80_trlocclin,11,0.47743388017018634,0.6645987033843994,0.6386554621848739,0.7507069560268665,0.5555555555555556,0.0,0.0,0.0,0.0,2002,clin,0.8
1,2,lr1e-04_bs32_modL1_fusion64_fusionL1_drop0p1_trmiss80_trlocclin,32,0.0001,1,64,1,0.1,lr1e-04_bs32_modL1_fusion64_fusionL1_drop0p1_trmiss80_trlocclin,12,0.45049721995989483,0.6646436452865601,0.6470588235294117,0.7565659961332467,0.5555555555555556,0.0,0.0,0.0,0.0,2002,clin,0.8
1,2,lr1e-04_bs32_modL1_fusion64_fusionL1_drop0p1_trmiss80_trlocclin,32,0.0001,1,64,1,0.1,lr1e-04_bs32_modL1_fusion64_fusionL1_drop0p1_trmiss80_trlocclin,13,0.4607987900575002,0.6626456677913666,0.6596638655462186,0.7532599764862087,0.5333333333333333,0.0,0.0,0.0,0.0,2002,clin,0.8
1,2,lr1e-04_bs32_modL1_fusion64_fusionL1_drop0p1_trmiss80_trlocclin,32,0.0001,1,64,1,0.1,lr1e-04_bs32_modL1_fusion64_fusionL1_drop0p1_trmiss80_trlocclin,14,0.44253972669442493,0.6630468666553497,0.6638655462184874,0.7617797668966463,0.5333333333333333,0.0,0.0,0.0,0.0,2002,clin,0.8
1,2,lr1e-04_bs32_modL1_fusion64_fusionL1_drop0p1_trmiss80_trlocclin,32,0.0001,1,64,1,0.1,lr1e-04_bs32_modL1_fusion64_fusionL1_drop0p1_trmiss80_trlocclin,15,0.4100987066825231,0.6637493371963501,0.6680672268907564,0.7582479256955619,0.5555555555555556,0.0,0.0,0.0,0.0,2002,clin,0.8
1,2,lr1e-04_bs32_modL1_fusion64_fusionL1_drop0p1_trmiss80_trlocclin,32,0.0001,1,64,1,0.1,lr1e-04_bs32_modL1_fusion64_fusionL1_drop0p1_trmiss80_trlocclin,16,0.39706145723660785,0.6567883193492889,0.6638655462184875,0.7322039783907369,0.6,0.0,0.0,0.0,0.0,2002,clin,0.8
1,2,lr1e-04_bs32_modL1_fusion64_fusionL1_drop0p1_trmiss80_trlocclin,32,0.0001,1,64,1,0.1,lr1e-04_bs32_modL1_fusion64_fusionL1_drop0p1_trmiss80_trlocclin,17,0.3989255676666896,0.6516395509243011,0.676470588235294,0.755237405197659,0.6,0.0,0.0,0.0,0.0,2002,clin,0.8
1,2,lr1e-04_bs32_modL1_fusion64_fusionL1_drop0p1_trmiss80_trlocclin,32,0.0001,1,64,1,0.1,lr1e-04_bs32_modL1_fusion64_fusionL1_drop0p1_trmiss80_trlocclin,18,0.36349637309710187,0.6510487198829651,0.6638655462184875,0.7560095509162477,0.6,0.0,0.0,0.0,0.0,2002,clin,0.8
1,2,lr1e-04_bs32_modL1_fusion64_fusionL1_drop0p1_trmiss80_trlocclin,32,0.0001,1,64,1,0.1,lr1e-04_bs32_modL1_fusion64_fusionL1_drop0p1_trmiss80_trlocclin,19,0.37211698790391284,0.6567681133747101,0.6722689075630253,0.7545298032990924,0.5777777777777777,0.0,0.0,0.0,0.0,2002,clin,0.8
1,2,lr1e-04_bs32_modL1_fusion64_fusionL1_drop0p1_trmiss80_trlocclin,32,0.0001,1,64,1,0.1,lr1e-04_bs32_modL1_fusion64_fusionL1_drop0p1_trmiss80_trlocclin,20,0.3644654452800751,0.6568003594875336,0.6596638655462185,0.7374214398749394,0.6444444444444445,0.0,0.0,0.0,0.0,2002,clin,0.8
1,2,lr1e-04_bs32_modL1_fusion64_fusionL1_drop0p1_trmiss80_trlocclin,32,0.0001,1,64,1,0.1,lr1e-04_bs32_modL1_fusion64_fusionL1_drop0p1_trmiss80_trlocclin,21,0.34042668839295703,0.6499485671520233,0.6743697478991597,0.7585482889951296,0.6222222222222222,0.0,0.0,0.0,0.0,2002,clin,0.8
1,2,lr1e-04_bs32_modL1_fusion64_fusionL1_drop0p1_trmiss80_trlocclin,32,0.0001,1,64,1,0.1,lr1e-04_bs32_modL1_fusion64_fusionL1_drop0p1_trmiss80_trlocclin,22,0.3486204445362091,0.6466183960437775,0.680672268907563,0.7456196892312437,0.6222222222222222,0.0,0.0,0.0,0.0,2002,clin,0.8
1,2,lr1e-04_bs32_modL1_fusion64_fusionL1_drop0p1_trmiss80_trlocclin,32,0.0001,1,64,1,0.1,lr1e-04_bs32_modL1_fusion64_fusionL1_drop0p1_trmiss80_trlocclin,23,0.3309992204109828,0.6497803330421448,0.676470588235294,0.7471255366611869,0.6,0.0,0.0,0.0,0.0,2002,clin,0.8
1,2,lr1e-04_bs32_modL1_fusion64_fusionL1_drop0p1_trmiss80_trlocclin,32,0.0001,1,64,1,0.1,lr1e-04_bs32_modL1_fusion64_fusionL1_drop0p1_trmiss80_trlocclin,24,0.32996449371178943,0.6487208604812622,0.6533613445378151,0.7242470291975954,0.6,0.0,0.0,0.0,0.0,2002,clin,0.8
1,2,lr1e-04_bs32_modL1_fusion64_fusionL1_drop0p1_trmiss80_trlocclin,32,0.0001,1,64,1,0.1,lr1e-04_bs32_modL1_fusion64_fusionL1_drop0p1_trmiss80_trlocclin,25,0.31131573518117267,0.6459727883338928,0.6512605042016807,0.7171297273087599,0.6222222222222222,0.0,0.0,0.0,0.0,2002,clin,0.8
1,2,lr1e-04_bs32_modL1_fusion64_fusionL1_drop0p1_trmiss80_trlocclin,32,0.0001,1,64,1,0.1,lr1e-04_bs32_modL1_fusion64_fusionL1_drop0p1_trmiss80_trlocclin,26,0.30011793971061707,0.6463145017623901,0.6617647058823529,0.7234083785701774,0.6222222222222222,0.0,0.0,0.0,0.0,2002,clin,0.8
1,2,lr1e-04_bs32_modL1_fusion64_fusionL1_drop0p1_trmiss80_trlocclin,32,0.0001,1,64,1,0.1,lr1e-04_bs32_modL1_fusion64_fusionL1_drop0p1_trmiss80_trlocclin,27,0.28283164898554486,0.6412907838821411,0.6680672268907564,0.7463613140536579,0.6222222222222222,0.0,0.0,0.0,0.0,2002,clin,0.8
1,2,lr1e-04_bs32_modL1_fusion64_fusionL1_drop0p1_trmiss80_trlocclin,32,0.0001,1,64,1,0.1,lr1e-04_bs32_modL1_fusion64_fusionL1_drop0p1_trmiss80_trlocclin,28,0.2813034902016322,0.6338997185230255,0.6785714285714286,0.7521583609221334,0.6222222222222222,0.0,0.0,0.0,0.0,2002,clin,0.8
1,2,lr1e-04_bs32_modL1_fusion64_fusionL1_drop0p1_trmiss80_trlocclin,32,0.0001,1,64,1,0.1,lr1e-04_bs32_modL1_fusion64_fusionL1_drop0p1_trmiss80_trlocclin,29,0.2756740003824234,0.6415515244007111,0.6659663865546219,0.7455513078678329,0.6222222222222222,0.0,0.0,0.0,0.0,2002,clin,0.8
1,2,lr1e-04_bs32_modL1_fusion64_fusionL1_drop0p1_trmiss80_trlocclin,32,0.0001,1,64,1,0.1,lr1e-04_bs32_modL1_fusion64_fusionL1_drop0p1_trmiss80_trlocclin,30,0.2713758746782939,0.6508360207080841,0.6512605042016807,0.7368980141343593,0.6,0.0,0.0,0.0,0.0,2002,clin,0.8
1,2,lr1e-04_bs32_modL1_fusion64_fusionL1_drop0p1_trmiss80_trlocclin,32,0.0001,1,64,1,0.1,lr1e-04_bs32_modL1_fusion64_fusionL1_drop0p1_trmiss80_trlocclin,31,0.26384296268224716,0.6539649367332458,0.6281512605042017,0.71592548415807,0.6,0.0,0.0,0.0,0.0,2002,clin,0.8
1,2,lr1e-04_bs32_modL1_fusion64_fusionL1_drop0p1_trmiss80_trlocclin,32,0.0001,1,64,1,0.1,lr1e-04_bs32_modL1_fusion64_fusionL1_drop0p1_trmiss80_trlocclin,32,0.2694120605786641,0.660568118095398,0.6449579831932772,0.7249354422353913,0.6222222222222222,0.0,0.0,0.0,0.0,2002,clin,0.8
1,2,lr1e-04_bs32_modL1_fusion64_fusionL1_drop0p1_trmiss80_trlocclin,32,0.0001,1,64,1,0.1,lr1e-04_bs32_modL1_fusion64_fusionL1_drop0p1_trmiss80_trlocclin,33,0.2417391762137413,0.6497455537319183,0.6428571428571428,0.7266570747398632,0.6222222222222222,0.0,0.0,0.0,0.0,2002,clin,0.8
1,2,lr1e-04_bs32_modL1_fusion64_fusionL1_drop0p1_trmiss80_trlocclin,32,0.0001,1,64,1,0.1,lr1e-04_bs32_modL1_fusion64_fusionL1_drop0p1_trmiss80_trlocclin,34,0.24940720945596695,0.645256370306015,0.6470588235294118,0.7260274590524665,0.6222222222222222,0.0,0.0,0.0,0.0,2002,clin,0.8
1,2,lr1e-04_bs32_modL1_fusion64_fusionL1_drop0p1_trmiss80_trlocclin,32,0.0001,1,64,1,0.1,lr1e-04_bs32_modL1_fusion64_fusionL1_drop0p1_trmiss80_trlocclin,35,0.23725402851899466,0.6481358706951141,0.6470588235294118,0.7266437337881672,0.6,0.0,0.0,0.0,0.0,2002,clin,0.8
1,2,lr1e-04_bs32_modL1_fusion64_fusionL1_drop0p1_trmiss80_trlocclin,32,0.0001,1,64,1,0.1,lr1e-04_bs32_modL1_fusion64_fusionL1_drop0p1_trmiss80_trlocclin,36,0.23856834322214127,0.6465508341789246,0.6449579831932774,0.7264291584685498,0.6,0.0,0.0,0.0,0.0,2002,clin,0.8
1,2,lr1e-04_bs32_modL1_fusion64_fusionL1_drop0p1_trmiss80_trlocclin,32,0.0001,1,64,1,0.1,lr1e-04_bs32_modL1_fusion64_fusionL1_drop0p1_trmiss80_trlocclin,37,0.22659002244472504,0.6432999968528748,0.6470588235294117,0.7304788935379984,0.6222222222222222,0.0,0.0,0.0,0.0,2002,clin,0.8
1,2,lr1e-04_bs32_modL1_fusion64_fusionL1_drop0p1_trmiss80_trlocclin,32,0.0001,1,64,1,0.1,lr1e-04_bs32_modL1_fusion64_fusionL1_drop0p1_trmiss80_trlocclin,38,0.22445534418026605,0.6420764029026031,0.6449579831932772,0.7293119080686874,0.6444444444444445,0.0,0.0,0.0,0.0,2002,clin,0.8
1,2,lr1e-04_bs32_modL1_fusion64_fusionL1_drop0p1_trmiss80_trlocclin,32,0.0001,1,64,1,0.1,lr1e-04_bs32_modL1_fusion64_fusionL1_drop0p1_trmiss80_trlocclin,39,0.23022250831127167,0.648092120885849,0.6365546218487396,0.7208717469631342,0.6222222222222222,0.0,0.0,0.0,0.0,2002,clin,0.8
1,2,lr1e-04_bs32_modL1_fusion64_fusionL1_drop0p1_trmiss80_trlocclin,32,0.0001,1,64,1,0.1,lr1e-04_bs32_modL1_fusion64_fusionL1_drop0p1_trmiss80_trlocclin,40,0.22129515558481216,0.653632640838623,0.6302521008403361,0.7179712876341033,0.6222222222222222,0.0,0.0,0.0,0.0,2002,clin,0.8
1,2,lr1e-04_bs32_modL1_fusion64_fusionL1_drop0p1_trmiss80_trlocclin,32,0.0001,1,64,1,0.1,lr1e-04_bs32_modL1_fusion64_fusionL1_drop0p1_trmiss80_trlocclin,41,0.20892556260029474,0.6527844667434692,0.6281512605042017,0.7156985603613761,0.6222222222222222,0.0,0.0,0.0,0.0,2002,clin,0.8
1,2,lr1e-04_bs32_modL1_fusion64_fusionL1_drop0p1_trmiss80_trlocclin,32,0.0001,1,64,1,0.1,lr1e-04_bs32_modL1_fusion64_fusionL1_drop0p1_trmiss80_trlocclin,42,0.22553931921720505,0.6501170992851257,0.6323529411764706,0.7186408450778544,0.6222222222222222,0.0,0.0,0.0,0.0,2002,clin,0.8
1,3,lr5e-05_bs16_modL1_fusion32_fusionL1_drop0p2_trmiss80_trlocclin,16,5e-05,1,32,1,0.2,lr5e-05_bs16_modL1_fusion32_fusionL1_drop0p2_trmiss80_trlocclin,1,0.7362689872582754,0.6944464246431986,0.46120689655172414,0.6391588634910759,0.4888888888888889,0.0,0.0,0.0,0.0,2002,clin,0.8
1,3,lr5e-05_bs16_modL1_fusion32_fusionL1_drop0p2_trmiss80_trlocclin,16,5e-05,1,32,1,0.2,lr5e-05_bs16_modL1_fusion32_fusionL1_drop0p2_trmiss80_trlocclin,2,0.7202874571084976,0.6981936891873678,0.5086206896551724,0.6865457185407042,0.4888888888888889,0.0,0.0,0.0,0.0,2002,clin,0.8
1,3,lr5e-05_bs16_modL1_fusion32_fusionL1_drop0p2_trmiss80_trlocclin,16,5e-05,1,32,1,0.2,lr5e-05_bs16_modL1_fusion32_fusionL1_drop0p2_trmiss80_trlocclin,3,0.7007064471642176,0.6960373719533285,0.5237068965517242,0.7055824706787721,0.4888888888888889,0.0,0.0,0.0,0.0,2002,clin,0.8
1,3,lr5e-05_bs16_modL1_fusion32_fusionL1_drop0p2_trmiss80_trlocclin,16,5e-05,1,32,1,0.2,lr5e-05_bs16_modL1_fusion32_fusionL1_drop0p2_trmiss80_trlocclin,4,0.679496149222056,0.7068241437276205,0.5452586206896552,0.6903005059201754,0.5555555555555556,0.0,0.0,0.0,0.0,2002,clin,0.8
1,3,lr5e-05_bs16_modL1_fusion32_fusionL1_drop0p2_trmiss80_trlocclin,16,5e-05,1,32,1,0.2,lr5e-05_bs16_modL1_fusion32_fusionL1_drop0p2_trmiss80_trlocclin,5,0.671297570069631,0.7010407447814941,0.5625,0.6974423172928523,0.6,0.0,0.0,0.0,0.0,2002,clin,0.8
1,3,lr5e-05_bs16_modL1_fusion32_fusionL1_drop0p2_trmiss80_trlocclin,16,5e-05,1,32,1,0.2,lr5e-05_bs16_modL1_fusion32_fusionL1_drop0p2_trmiss80_trlocclin,6,0.6547623376051585,0.70441202322642,0.5366379310344827,0.6908212854551711,0.5555555555555556,0.0,0.0,0.0,0.0,2002,clin,0.8
1,3,lr5e-05_bs16_modL1_fusion32_fusionL1_drop0p2_trmiss80_trlocclin,16,5e-05,1,32,1,0.2,lr5e-05_bs16_modL1_fusion32_fusionL1_drop0p2_trmiss80_trlocclin,7,0.6405856211980184,0.7140567501386007,0.5387931034482758,0.6904375223083768,0.4888888888888889,0.0,0.0,0.0,0.0,2002,clin,0.8
1,3,lr5e-05_bs16_modL1_fusion32_fusionL1_drop0p2_trmiss80_trlocclin,16,5e-05,1,32,1,0.2,lr5e-05_bs16_modL1_fusion32_fusionL1_drop0p2_trmiss80_trlocclin,8,0.6318909426530203,0.7091452280680338,0.5452586206896551,0.6935283070605687,0.5333333333333333,0.0,0.0,0.0,0.0,2002,clin,0.8
1,3,lr5e-05_bs16_modL1_fusion32_fusionL1_drop0p2_trmiss80_trlocclin,16,5e-05,1,32,1,0.2,lr5e-05_bs16_modL1_fusion32_fusionL1_drop0p2_trmiss80_trlocclin,9,0.6269693622986475,0.7044841647148132,0.5581896551724138,0.696173093224433,0.5111111111111111,0.0,0.0,0.0,0.0,2002,clin,0.8
1,3,lr5e-05_bs16_modL1_fusion32_fusionL1_drop0p2_trmiss80_trlocclin,16,5e-05,1,32,1,0.2,lr5e-05_bs16_modL1_fusion32_fusionL1_drop0p2_trmiss80_trlocclin,10,0.6319904079039892,0.6998912890752157,0.564655172413793,0.7034132833940563,0.5333333333333333,0.0,0.0,0.0,0.0,2002,clin,0.8
1,3,lr5e-05_bs16_modL1_fusion32_fusionL1_drop0p2_trmiss80_trlocclin,16,5e-05,1,32,1,0.2,lr5e-05_bs16_modL1_fusion32_fusionL1_drop0p2_trmiss80_trlocclin,11,0.6271587361892065,0.6939647595087687,0.5689655172413792,0.7216301186708473,0.5333333333333333,0.0,0.0,0.0,0.0,2002,clin,0.8
1,3,lr5e-05_bs16_modL1_fusion32_fusionL1_drop0p2_trmiss80_trlocclin,16,5e-05,1,32,1,0.2,lr5e-05_bs16_modL1_fusion32_fusionL1_drop0p2_trmiss80_trlocclin,12,0.6123954753081003,0.6948177218437195,0.5797413793103449,0.737035856966898,0.5111111111111111,0.0,0.0,0.0,0.0,2002,clin,0.8
1,3,lr5e-05_bs16_modL1_fusion32_fusionL1_drop0p2_trmiss80_trlocclin,16,5e-05,1,32,1,0.2,lr5e-05_bs16_modL1_fusion32_fusionL1_drop0p2_trmiss80_trlocclin,13,0.6316765596469244,0.7107007503509521,0.5366379310344828,0.7111200268078699,0.5111111111111111,0.0,0.0,0.0,0.0,2002,clin,0.8
1,3,lr5e-05_bs16_modL1_fusion32_fusionL1_drop0p2_trmiss80_trlocclin,16,5e-05,1,32,1,0.2,lr5e-05_bs16_modL1_fusion32_fusionL1_drop0p2_trmiss80_trlocclin,14,0.5817799965540568,0.7047383785247803,0.5560344827586207,0.7219984557486805,0.4888888888888889,0.0,0.0,0.0,0.0,2002,clin,0.8
1,3,lr5e-05_bs16_modL1_fusion32_fusionL1_drop0p2_trmiss80_trlocclin,16,5e-05,1,32,1,0.2,lr5e-05_bs16_modL1_fusion32_fusionL1_drop0p2_trmiss80_trlocclin,15,0.6030623018741608,0.7029203176498413,0.5689655172413792,0.7293945835985172,0.4888888888888889,0.0,0.0,0.0,0.0,2002,clin,0.8
1,3,lr5e-05_bs16_modL1_fusion32_fusionL1_drop0p2_trmiss80_trlocclin,16,5e-05,1,32,1,0.2,lr5e-05_bs16_modL1_fusion32_fusionL1_drop0p2_trmiss80_trlocclin,16,0.6088776836792628,0.7053838570912679,0.5560344827586208,0.7113062078876488,0.5111111111111111,0.0,0.0,0.0,0.0,2002,clin,0.8
1,3,lr5e-05_bs16_modL1_fusion32_fusionL1_drop0p2_trmiss80_trlocclin,16,5e-05,1,32,1,0.2,lr5e-05_bs16_modL1_fusion32_fusionL1_drop0p2_trmiss80_trlocclin,17,0.5938517649968466,0.7073411544164022,0.5431034482758621,0.6991145974965759,0.4888888888888889,0.0,0.0,0.0,0.0,2002,clin,0.8
1,3,lr5e-05_bs16_modL1_fusion32_fusionL1_drop0p2_trmiss80_trlocclin,16,5e-05,1,32,1,0.2,lr5e-05_bs16_modL1_fusion32_fusionL1_drop0p2_trmiss80_trlocclin,18,0.5878643492857615,0.7064459323883057,0.5474137931034483,0.702441706330715,0.5111111111111111,0.0,0.0,0.0,0.0,2002,clin,0.8
1,3,lr5e-05_bs16_modL1_fusion32_fusionL1_drop0p2_trmiss80_trlocclin,16,5e-05,1,32,1,0.2,lr5e-05_bs16_modL1_fusion32_fusionL1_drop0p2_trmiss80_trlocclin,19,0.587691972653071,0.7051820953687032,0.5625,0.7096343936670929,0.5111111111111111,0.0,0.0,0.0,0.0,2002,clin,0.8
1,3,lr5e-05_bs16_modL1_fusion32_fusionL1_drop0p2_trmiss80_trlocclin,16,5e-05,1,32,1,0.2,lr5e-05_bs16_modL1_fusion32_fusionL1_drop0p2_trmiss80_trlocclin,20,0.5866491595904032,0.7081445058186849,0.540948275862069,0.6993883968897846,0.4888888888888889,0.0,0.0,0.0,0.0,2002,clin,0.8
1,3,lr5e-05_bs16_modL1_fusion32_fusionL1_drop0p2_trmiss80_trlocclin,16,5e-05,1,32,1,0.2,lr5e-05_bs16_modL1_fusion32_fusionL1_drop0p2_trmiss80_trlocclin,21,0.5936954716841379,0.7016223271687826,0.5603448275862069,0.711084546954656,0.5111111111111111,0.0,0.0,0.0,0.0,2002,clin,0.8
1,3,lr5e-05_bs16_modL1_fusion32_fusionL1_drop0p2_trmiss80_trlocclin,16,5e-05,1,32,1,0.2,lr5e-05_bs16_modL1_fusion32_fusionL1_drop0p2_trmiss80_trlocclin,22,0.5884119818607966,0.7009471853574117,0.5711206896551724,0.7233399432114561,0.5333333333333333,0.0,0.0,0.0,0.0,2002,clin,0.8
1,3,lr5e-05_bs16_modL1_fusion32_fusionL1_drop0p2_trmiss80_trlocclin,16,5e-05,1,32,1,0.2,lr5e-05_bs16_modL1_fusion32_fusionL1_drop0p2_trmiss80_trlocclin,23,0.595761184891065,0.70949653784434,0.5495689655172413,0.7077555183212484,0.5111111111111111,0.0,0.0,0.0,0.0,2002,clin,0.8
1,3,lr5e-05_bs16_modL1_fusion32_fusionL1_drop0p2_trmiss80_trlocclin,16,5e-05,1,32,1,0.2,lr5e-05_bs16_modL1_fusion32_fusionL1_drop0p2_trmiss80_trlocclin,24,0.599842349688212,0.7064055601755778,0.5452586206896551,0.7004528235153168,0.5111111111111111,0.0,0.0,0.0,0.0,2002,clin,0.8
1,3,lr5e-05_bs16_modL1_fusion32_fusionL1_drop0p2_trmiss80_trlocclin,16,5e-05,1,32,1,0.2,lr5e-05_bs16_modL1_fusion32_fusionL1_drop0p2_trmiss80_trlocclin,25,0.5955304751793543,0.6974724928538004,0.5625,0.719091268157564,0.5111111111111111,0.0,0.0,0.0,0.0,2002,clin,0.8
1,3,lr5e-05_bs16_modL1_fusion32_fusionL1_drop0p2_trmiss80_trlocclin,16,5e-05,1,32,1,0.2,lr5e-05_bs16_modL1_fusion32_fusionL1_drop0p2_trmiss80_trlocclin,26,0.5896910826365153,0.7051204442977905,0.5474137931034483,0.7131654476118249,0.5111111111111111,0.0,0.0,0.0,0.0,2002,clin,0.8
1,3,lr5e-05_bs16_modL1_fusion32_fusionL1_drop0p2_trmiss80_trlocclin,16,5e-05,1,32,1,0.2,lr5e-05_bs16_modL1_fusion32_fusionL1_drop0p2_trmiss80_trlocclin,27,0.5862385978301367,0.7016628185907999,0.5366379310344828,0.7124906608530924,0.5555555555555556,0.0,0.0,0.0,0.0,2002,clin,0.8
1,3,lr5e-05_bs16_modL1_fusion32_fusionL1_drop0p2_trmiss80_trlocclin,16,5e-05,1,32,1,0.2,lr5e-05_bs16_modL1_fusion32_fusionL1_drop0p2_trmiss80_trlocclin,28,0.5726906731724739,0.704127848148346,0.5387931034482759,0.6937112079141775,0.5333333333333333,0.0,0.0,0.0,0.0,2002,clin,0.8
1,3,lr5e-05_bs16_modL1_fusion32_fusionL1_drop0p2_trmiss80_trlocclin,16,5e-05,1,32,1,0.2,lr5e-05_bs16_modL1_fusion32_fusionL1_drop0p2_trmiss80_trlocclin,29,0.5943623930215836,0.7056740721066793,0.5474137931034483,0.7075507048495161,0.5111111111111111,0.0,0.0,0.0,0.0,2002,clin,0.8
1,3,lr5e-05_bs16_modL1_fusion32_fusionL1_drop0p2_trmiss80_trlocclin,16,5e-05,1,32,1,0.2,lr5e-05_bs16_modL1_fusion32_fusionL1_drop0p2_trmiss80_trlocclin,30,0.5794341266155243,0.708657423655192,0.5474137931034483,0.7086096511227823,0.5111111111111111,0.0,0.0,0.0,0.0,2002,clin,0.8
1,3,lr5e-05_bs16_modL1_fusion32_fusionL1_drop0p2_trmiss80_trlocclin,16,5e-05,1,32,1,0.2,lr5e-05_bs16_modL1_fusion32_fusionL1_drop0p2_trmiss80_trlocclin,31,0.5766457617282867,0.7052339514096578,0.5581896551724138,0.7102717017440628,0.5333333333333333,0.0,0.0,0.0,0.0,2002,clin,0.8
1,3,lr5e-05_bs16_modL1_fusion32_fusionL1_drop0p2_trmiss80_trlocclin,16,5e-05,1,32,1,0.2,lr5e-05_bs16_modL1_fusion32_fusionL1_drop0p2_trmiss80_trlocclin,32,0.5657627905408541,0.7035987774531046,0.5603448275862069,0.7203074872242706,0.5333333333333333,0.0,0.0,0.0,0.0,2002,clin,0.8
1,3,lr5e-05_bs16_modL1_fusion32_fusionL1_drop0p1_trmiss80_trlocclin,16,5e-05,1,32,1,0.1,lr5e-05_bs16_modL1_fusion32_fusionL1_drop0p1_trmiss80_trlocclin,1,0.6557199607292811,0.6900109251340231,0.49353448275862066,0.6922098846086108,0.5777777777777777,0.0,0.0,0.0,0.0,2002,clin,0.8
1,3,lr5e-05_bs16_modL1_fusion32_fusionL1_drop0p1_trmiss80_trlocclin,16,5e-05,1,32,1,0.1,lr5e-05_bs16_modL1_fusion32_fusionL1_drop0p1_trmiss80_trlocclin,2,0.6334768533706665,0.6859699090321859,0.5043103448275862,0.6941831336413017,0.6,0.0,0.0,0.0,0.0,2002,clin,0.8
1,3,lr5e-05_bs16_modL1_fusion32_fusionL1_drop0p1_trmiss80_trlocclin,16,5e-05,1,32,1,0.1,lr5e-05_bs16_modL1_fusion32_fusionL1_drop0p1_trmiss80_trlocclin,3,0.6258767396211624,0.684452215830485,0.5129310344827587,0.6911410317994554,0.5111111111111111,0.0,0.0,0.0,0.0,2002,clin,0.8
1,3,lr5e-05_bs16_modL1_fusion32_fusionL1_drop0p1_trmiss80_trlocclin,16,5e-05,1,32,1,0.1,lr5e-05_bs16_modL1_fusion32_fusionL1_drop0p1_trmiss80_trlocclin,4,0.5948198139667511,0.6858037710189819,0.4892241379310345,0.6701238298711458,0.5111111111111111,0.0,0.0,0.0,0.0,2002,clin,0.8
1,3,lr5e-05_bs16_modL1_fusion32_fusionL1_drop0p1_trmiss80_trlocclin,16,5e-05,1,32,1,0.1,lr5e-05_bs16_modL1_fusion32_fusionL1_drop0p1_trmiss80_trlocclin,5,0.6059281975030899,0.6814966400464376,0.5043103448275862,0.686056506936637,0.5777777777777777,0.0,0.0,0.0,0.0,2002,clin,0.8
1,3,lr5e-05_bs16_modL1_fusion32_fusionL1_drop0p1_trmiss80_trlocclin,16,5e-05,1,32,1,0.1,lr5e-05_bs16_modL1_fusion32_fusionL1_drop0p1_trmiss80_trlocclin,6,0.5861055751641592,0.6807952324549357,0.5150862068965517,0.6914733889600632,0.5777777777777777,0.0,0.0,0.0,0.0,2002,clin,0.8
1,3,lr5e-05_bs16_modL1_fusion32_fusionL1_drop0p1_trmiss80_trlocclin,16,5e-05,1,32,1,0.1,lr5e-05_bs16_modL1_fusion32_fusionL1_drop0p1_trmiss80_trlocclin,7,0.5811909586191177,0.6819270650545756,0.5193965517241379,0.6976248693485548,0.5111111111111111,0.0,0.0,0.0,0.0,2002,clin,0.8
1,3,lr5e-05_bs16_modL1_fusion32_fusionL1_drop0p1_trmiss80_trlocclin,16,5e-05,1,32,1,0.1,lr5e-05_bs16_modL1_fusion32_fusionL1_drop0p1_trmiss80_trlocclin,8,0.5569795767466227,0.6706989407539368,0.5258620689655173,0.7137177651597844,0.5333333333333333,0.0,0.0,0.0,0.0,2002,clin,0.8
1,3,lr5e-05_bs16_modL1_fusion32_fusionL1_drop0p1_trmiss80_trlocclin,16,5e-05,1,32,1,0.1,lr5e-05_bs16_modL1_fusion32_fusionL1_drop0p1_trmiss80_trlocclin,9,0.5710952977339426,0.6693155368169149,0.5431034482758621,0.7277721955051024,0.5555555555555556,0.0,0.0,0.0,0.0,2002,clin,0.8
1,3,lr5e-05_bs16_modL1_fusion32_fusionL1_drop0p1_trmiss80_trlocclin,16,5e-05,1,32,1,0.1,lr5e-05_bs16_modL1_fusion32_fusionL1_drop0p1_trmiss80_trlocclin,10,0.5492736399173737,0.6757463018099467,0.5474137931034483,0.7062118337150588,0.5333333333333333,0.0,0.0,0.0,0.0,2002,clin,0.8
1,3,lr5e-05_bs16_modL1_fusion32_fusionL1_drop0p1_trmiss80_trlocclin,16,5e-05,1,32,1,0.1,lr5e-05_bs16_modL1_fusion32_fusionL1_drop0p1_trmiss80_trlocclin,11,0.532272088030974,0.6673989295959473,0.5581896551724138,0.7013225347430678,0.6222222222222222,0.0,0.0,0.0,0.0,2002,clin,0.8
1,3,lr5e-05_bs16_modL1_fusion32_fusionL1_drop0p1_trmiss80_trlocclin,16,5e-05,1,32,1,0.1,lr5e-05_bs16_modL1_fusion32_fusionL1_drop0p1_trmiss80_trlocclin,12,0.5218253508210182,0.6725550889968872,0.5560344827586208,0.7057277308352189,0.5333333333333333,0.0,0.0,0.0,0.0,2002,clin,0.8
1,3,lr5e-05_bs16_modL1_fusion32_fusionL1_drop0p1_trmiss80_trlocclin,16,5e-05,1,32,1,0.1,lr5e-05_bs16_modL1_fusion32_fusionL1_drop0p1_trmiss80_trlocclin,13,0.5122388874491056,0.6765135725339254,0.5258620689655172,0.7036752988228004,0.5333333333333333,0.0,0.0,0.0,0.0,2002,clin,0.8
1,3,lr5e-05_bs16_modL1_fusion32_fusionL1_drop0p1_trmiss80_trlocclin,16,5e-05,1,32,1,0.1,lr5e-05_bs16_modL1_fusion32_fusionL1_drop0p1_trmiss80_trlocclin,14,0.5061348726352056,0.6721595724423727,0.5150862068965518,0.7051029396255698,0.5555555555555556,0.0,0.0,0.0,0.0,2002,clin,0.8
1,3,lr5e-05_bs16_modL1_fusion32_fusionL1_drop0p1_trmiss80_trlocclin,16,5e-05,1,32,1,0.1,lr5e-05_bs16_modL1_fusion32_fusionL1_drop0p1_trmiss80_trlocclin,15,0.5147168238957723,0.6770217021306356,0.5172413793103448,0.7022208282776327,0.5333333333333333,0.0,0.0,0.0,0.0,2002,clin,0.8
1,3,lr5e-05_bs16_modL1_fusion32_fusionL1_drop0p1_trmiss80_trlocclin,16,5e-05,1,32,1,0.1,lr5e-05_bs16_modL1_fusion32_fusionL1_drop0p1_trmiss80_trlocclin,16,0.5110508774717649,0.6715589364369711,0.5237068965517242,0.7020367251413976,0.5777777777777777,0.0,0.0,0.0,0.0,2002,clin,0.8
1,3,lr5e-05_bs16_modL1_fusion32_fusionL1_drop0p1_trmiss80_trlocclin,16,5e-05,1,32,1,0.1,lr5e-05_bs16_modL1_fusion32_fusionL1_drop0p1_trmiss80_trlocclin,17,0.49094244837760925,0.6683208545049032,0.5344827586206897,0.7015771627113879,0.6,0.0,0.0,0.0,0.0,2002,clin,0.8
1,3,lr5e-05_bs16_modL1_fusion32_fusionL1_drop0p1_trmiss80_trlocclin,16,5e-05,1,32,1,0.1,lr5e-05_bs16_modL1_fusion32_fusionL1_drop0p1_trmiss80_trlocclin,18,0.49835744748512906,0.6744120717048645,0.5323275862068966,0.7007935971878639,0.5333333333333333,0.0,0.0,0.0,0.0,2002,clin,0.8
1,3,lr5e-05_bs16_modL1_fusion32_fusionL1_drop0p1_trmiss80_trlocclin,16,5e-05,1,32,1,0.1,lr5e-05_bs16_modL1_fusion32_fusionL1_drop0p1_trmiss80_trlocclin,19,0.48504332453012466,0.6789029439290365,0.5172413793103449,0.679329856149711,0.5555555555555556,0.0,0.0,0.0,0.0,2002,clin,0.8
1,3,lr5e-05_bs16_modL1_fusion32_fusionL1_drop0p1_trmiss80_trlocclin,16,5e-05,1,32,1,0.1,lr5e-05_bs16_modL1_fusion32_fusionL1_drop0p1_trmiss80_trlocclin,20,0.4703143661220868,0.6752692063649496,0.5021551724137931,0.6733504515829902,0.5333333333333333,0.0,0.0,0.0,0.0,2002,clin,0.8
1,3,lr5e-05_bs16_modL1_fusion32_fusionL1_drop0p1_trmiss80_trlocclin,16,5e-05,1,32,1,0.1,lr5e-05_bs16_modL1_fusion32_fusionL1_drop0p1_trmiss80_trlocclin,21,0.4671801875034968,0.6715241273244222,0.5129310344827587,0.6827327150292233,0.6,0.0,0.0,0.0,0.0,2002,clin,0.8
1,3,lr5e-05_bs16_modL1_fusion32_fusionL1_drop0p1_trmiss80_trlocclin,16,5e-05,1,32,1,0.1,lr5e-05_bs16_modL1_fusion32_fusionL1_drop0p1_trmiss80_trlocclin,22,0.47069183240334195,0.6761773228645325,0.521551724137931,0.6858022206560823,0.5555555555555556,0.0,0.0,0.0,0.0,2002,clin,0.8
1,3,lr5e-05_bs16_modL1_fusion32_fusionL1_drop0p1_trmiss80_trlocclin,16,5e-05,1,32,1,0.1,lr5e-05_bs16_modL1_fusion32_fusionL1_drop0p1_trmiss80_trlocclin,23,0.4718409354488055,0.6763055523236593,0.5344827586206897,0.711114336302017,0.5333333333333333,0.0,0.0,0.0,0.0,2002,clin,0.8
1,3,lr5e-05_bs16_modL1_fusion32_fusionL1_drop0p1_trmiss80_trlocclin,16,5e-05,1,32,1,0.1,lr5e-05_bs16_modL1_fusion32_fusionL1_drop0p1_trmiss80_trlocclin,24,0.477102297047774,0.6692567666371664,0.5344827586206896,0.7116991916173455,0.5555555555555556,0.0,0.0,0.0,0.0,2002,clin,0.8
1,3,lr5e-05_bs16_modL1_fusion32_fusionL1_drop0p1_trmiss80_trlocclin,16,5e-05,1,32,1,0.1,lr5e-05_bs16_modL1_fusion32_fusionL1_drop0p1_trmiss80_trlocclin,25,0.4557594060897827,0.6754072109858195,0.5323275862068966,0.7048084323029181,0.5777777777777777,0.0,0.0,0.0,0.0,2002,clin,0.8
1,3,lr5e-05_bs16_modL1_fusion32_fusionL1_drop0p1_trmiss80_trlocclin,16,5e-05,1,32,1,0.1,lr5e-05_bs16_modL1_fusion32_fusionL1_drop0p1_trmiss80_trlocclin,26,0.4675140728553136,0.6678705414136251,0.5366379310344828,0.714306017882136,0.5555555555555556,0.0,0.0,0.0,0.0,2002,clin,0.8
1,3,lr5e-05_bs16_modL1_fusion32_fusionL1_drop0p1_trmiss80_trlocclin,16,5e-05,1,32,1,0.1,lr5e-05_bs16_modL1_fusion32_fusionL1_drop0p1_trmiss80_trlocclin,27,0.46646592517693836,0.6694694558779398,0.5387931034482759,0.7054959082855993,0.5555555555555556,0.0,0.0,0.0,0.0,2002,clin,0.8
1,3,lr5e-05_bs16_modL1_fusion32_fusionL1_drop0p1_trmiss80_trlocclin,16,5e-05,1,32,1,0.1,lr5e-05_bs16_modL1_fusion32_fusionL1_drop0p1_trmiss80_trlocclin,28,0.48611773798863095,0.6730862855911255,0.5474137931034483,0.7078333161686069,0.5555555555555556,0.0,0.0,0.0,0.0,2002,clin,0.8
1,3,lr5e-05_bs16_modL1_fusion32_fusionL1_drop0p1_trmiss80_trlocclin,16,5e-05,1,32,1,0.1,lr5e-05_bs16_modL1_fusion32_fusionL1_drop0p1_trmiss80_trlocclin,29,0.4732433383663495,0.6764979759852091,0.5258620689655172,0.6929275938785785,0.5333333333333333,0.0,0.0,0.0,0.0,2002,clin,0.8
1,3,lr5e-05_bs16_modL1_fusion32_fusionL1_drop0p1_trmiss80_trlocclin,16,5e-05,1,32,1,0.1,lr5e-05_bs16_modL1_fusion32_fusionL1_drop0p1_trmiss80_trlocclin,30,0.4688732400536537,0.6711985468864441,0.5193965517241379,0.6951193815055473,0.6,0.0,0.0,0.0,0.0,2002,clin,0.8
1,3,lr5e-05_bs16_modL1_fusion32_fusionL1_drop0p1_trmiss80_trlocclin,16,5e-05,1,32,1,0.1,lr5e-05_bs16_modL1_fusion32_fusionL1_drop0p1_trmiss80_trlocclin,31,0.45857416838407516,0.6715050538380941,0.5237068965517241,0.7090881459705626,0.6,0.0,0.0,0.0,0.0,2002,clin,0.8
1,3,lr5e-05_bs16_modL1_fusion64_fusionL1_drop0p2_trmiss80_trlocclin,16,5e-05,1,64,1,0.2,lr5e-05_bs16_modL1_fusion64_fusionL1_drop0p2_trmiss80_trlocclin,1,0.7243529558181763,0.6795322100321451,0.521551724137931,0.7351785350650133,0.4888888888888889,0.0,0.0,0.0,0.0,2002,clin,0.8
1,3,lr5e-05_bs16_modL1_fusion64_fusionL1_drop0p2_trmiss80_trlocclin,16,5e-05,1,64,1,0.2,lr5e-05_bs16_modL1_fusion64_fusionL1_drop0p2_trmiss80_trlocclin,2,0.7242864271004995,0.6896777947743734,0.5797413793103448,0.7456467746916314,0.5777777777777777,0.0,0.0,0.0,0.0,2002,clin,0.8
1,3,lr5e-05_bs16_modL1_fusion64_fusionL1_drop0p2_trmiss80_trlocclin,16,5e-05,1,64,1,0.2,lr5e-05_bs16_modL1_fusion64_fusionL1_drop0p2_trmiss80_trlocclin,3,0.6809455454349518,0.6924261053403219,0.625,0.7587217940444426,0.5555555555555556,0.0,0.0,0.0,0.0,2002,clin,0.8
1,3,lr5e-05_bs16_modL1_fusion64_fusionL1_drop0p2_trmiss80_trlocclin,16,5e-05,1,64,1,0.2,lr5e-05_bs16_modL1_fusion64_fusionL1_drop0p2_trmiss80_trlocclin,4,0.6653099954128265,0.7001720865567526,0.6012931034482758,0.7705250292401682,0.5777777777777777,0.0,0.0,0.0,0.0,2002,clin,0.8
1,3,lr5e-05_bs16_modL1_fusion64_fusionL1_drop0p2_trmiss80_trlocclin,16,5e-05,1,64,1,0.2,lr5e-05_bs16_modL1_fusion64_fusionL1_drop0p2_trmiss80_trlocclin,5,0.6540395220120748,0.6907409429550171,0.6293103448275861,0.7880737367415298,0.5777777777777777,0.0,0.0,0.0,0.0,2002,clin,0.8
1,3,lr5e-05_bs16_modL1_fusion64_fusionL1_drop0p2_trmiss80_trlocclin,16,5e-05,1,64,1,0.2,lr5e-05_bs16_modL1_fusion64_fusionL1_drop0p2_trmiss80_trlocclin,6,0.6492656817038854,0.687617023785909,0.6314655172413792,0.7818860887855763,0.5777777777777777,0.0,0.0,0.0,0.0,2002,clin,0.8
1,3,lr5e-05_bs16_modL1_fusion64_fusionL1_drop0p2_trmiss80_trlocclin,16,5e-05,1,64,1,0.2,lr5e-05_bs16_modL1_fusion64_fusionL1_drop0p2_trmiss80_trlocclin,7,0.6198568195104599,0.6832422216733297,0.6573275862068966,0.8066392435807122,0.6,0.0,0.0,0.0,0.0,2002,clin,0.8
1,3,lr5e-05_bs16_modL1_fusion64_fusionL1_drop0p2_trmiss80_trlocclin,16,5e-05,1,64,1,0.2,lr5e-05_bs16_modL1_fusion64_fusionL1_drop0p2_trmiss80_trlocclin,8,0.6017171417673429,0.6975449919700623,0.625,0.7748073848046095,0.5333333333333333,0.0,0.0,0.0,0.0,2002,clin,0.8
1,3,lr5e-05_bs16_modL1_fusion64_fusionL1_drop0p2_trmiss80_trlocclin,16,5e-05,1,64,1,0.2,lr5e-05_bs16_modL1_fusion64_fusionL1_drop0p2_trmiss80_trlocclin,9,0.6049855897823969,0.6954508423805237,0.6077586206896552,0.7444715893782194,0.5333333333333333,0.0,0.0,0.0,0.0,2002,clin,0.8
1,3,lr5e-05_bs16_modL1_fusion64_fusionL1_drop0p2_trmiss80_trlocclin,16,5e-05,1,64,1,0.2,lr5e-05_bs16_modL1_fusion64_fusionL1_drop0p2_trmiss80_trlocclin,10,0.6062095761299133,0.6950811545054117,0.6314655172413793,0.7584689274523473,0.5777777777777777,0.0,0.0,0.0,0.0,2002,clin,0.8
1,3,lr5e-05_bs16_modL1_fusion64_fusionL1_drop0p2_trmiss80_trlocclin,16,5e-05,1,64,1,0.2,lr5e-05_bs16_modL1_fusion64_fusionL1_drop0p2_trmiss80_trlocclin,11,0.585074578722318,0.6854070623715719,0.646551724137931,0.7877786006357749,0.5555555555555556,0.0,0.0,0.0,0.0,2002,clin,0.8
1,3,lr5e-05_bs16_modL1_fusion64_fusionL1_drop0p2_trmiss80_trlocclin,16,5e-05,1,64,1,0.2,lr5e-05_bs16_modL1_fusion64_fusionL1_drop0p2_trmiss80_trlocclin,12,0.5906725227832794,0.6933384537696838,0.6637931034482758,0.8038635796151633,0.6,0.0,0.0,0.0,0.0,2002,clin,0.8
1,3,lr5e-05_bs16_modL1_fusion64_fusionL1_drop0p2_trmiss80_trlocclin,16,5e-05,1,64,1,0.2,lr5e-05_bs16_modL1_fusion64_fusionL1_drop0p2_trmiss80_trlocclin,13,0.5652230754494667,0.6879032452901205,0.6551724137931034,0.7925147330724454,0.5555555555555556,0.0,0.0,0.0,0.0,2002,clin,0.8
1,3,lr5e-05_bs16_modL1_fusion64_fusionL1_drop0p2_trmiss80_trlocclin,16,5e-05,1,64,1,0.2,lr5e-05_bs16_modL1_fusion64_fusionL1_drop0p2_trmiss80_trlocclin,14,0.5924321264028549,0.6836246053377787,0.6487068965517242,0.7817232337872982,0.5777777777777777,0.0,0.0,0.0,0.0,2002,clin,0.8
1,3,lr5e-05_bs16_modL1_fusion64_fusionL1_drop0p2_trmiss80_trlocclin,16,5e-05,1,64,1,0.2,lr5e-05_bs16_modL1_fusion64_fusionL1_drop0p2_trmiss80_trlocclin,15,0.5796136756738027,0.6915398240089417,0.6422413793103448,0.7835633518008622,0.5333333333333333,0.0,0.0,0.0,0.0,2002,clin,0.8
1,3,lr5e-05_bs16_modL1_fusion64_fusionL1_drop0p2_trmiss80_trlocclin,16,5e-05,1,64,1,0.2,lr5e-05_bs16_modL1_fusion64_fusionL1_drop0p2_trmiss80_trlocclin,16,0.5607989579439163,0.6891194581985474,0.6357758620689655,0.7817987950413863,0.5333333333333333,0.0,0.0,0.0,0.0,2002,clin,0.8
1,3,lr5e-05_bs16_modL1_fusion64_fusionL1_drop0p2_trmiss80_trlocclin,16,5e-05,1,64,1,0.2,lr5e-05_bs16_modL1_fusion64_fusionL1_drop0p2_trmiss80_trlocclin,17,0.557665154337883,0.685310979684194,0.6379310344827587,0.7935148541213168,0.5333333333333333,0.0,0.0,0.0,0.0,2002,clin,0.8
1,3,lr5e-05_bs16_modL1_fusion64_fusionL1_drop0p2_trmiss80_trlocclin,16,5e-05,1,64,1,0.2,lr5e-05_bs16_modL1_fusion64_fusionL1_drop0p2_trmiss80_trlocclin,18,0.5792643005649248,0.6835295955340067,0.6400862068965517,0.7853272717535025,0.6222222222222222,0.0,0.0,0.0,0.0,2002,clin,0.8
1,3,lr5e-05_bs16_modL1_fusion64_fusionL1_drop0p2_trmiss80_trlocclin,16,5e-05,1,64,1,0.2,lr5e-05_bs16_modL1_fusion64_fusionL1_drop0p2_trmiss80_trlocclin,19,0.5489054024219513,0.6935024460156759,0.6487068965517242,0.7935713346073656,0.5333333333333333,0.0,0.0,0.0,0.0,2002,clin,0.8
1,3,lr5e-05_bs16_modL1_fusion64_fusionL1_drop0p2_trmiss80_trlocclin,16,5e-05,1,64,1,0.2,lr5e-05_bs16_modL1_fusion64_fusionL1_drop0p2_trmiss80_trlocclin,20,0.5413040071725845,0.6848708987236023,0.6508620689655172,0.7916292236646143,0.5333333333333333,0.0,0.0,0.0,0.0,2002,clin,0.8
1,3,lr5e-05_bs16_modL1_fusion64_fusionL1_drop0p2_trmiss80_trlocclin,16,5e-05,1,64,1,0.2,lr5e-05_bs16_modL1_fusion64_fusionL1_drop0p2_trmiss80_trlocclin,21,0.5678000648816427,0.6753860712051392,0.6487068965517242,0.7903846780170126,0.6222222222222222,0.0,0.0,0.0,0.0,2002,clin,0.8
1,3,lr5e-05_bs16_modL1_fusion64_fusionL1_drop0p2_trmiss80_trlocclin,16,5e-05,1,64,1,0.2,lr5e-05_bs16_modL1_fusion64_fusionL1_drop0p2_trmiss80_trlocclin,22,0.5372907047470411,0.6860353549321493,0.6573275862068966,0.8018017594479925,0.5777777777777777,0.0,0.0,0.0,0.0,2002,clin,0.8
1,3,lr5e-05_bs16_modL1_fusion64_fusionL1_drop0p2_trmiss80_trlocclin,16,5e-05,1,64,1,0.2,lr5e-05_bs16_modL1_fusion64_fusionL1_drop0p2_trmiss80_trlocclin,23,0.5590586289763451,0.685433566570282,0.6594827586206896,0.8024891876691191,0.6222222222222222,0.0,0.0,0.0,0.0,2002,clin,0.8
1,3,lr5e-05_bs16_modL1_fusion64_fusionL1_drop0p2_trmiss80_trlocclin,16,5e-05,1,64,1,0.2,lr5e-05_bs16_modL1_fusion64_fusionL1_drop0p2_trmiss80_trlocclin,24,0.5626468360424042,0.6874937415122986,0.665948275862069,0.8101147706778928,0.5777777777777777,0.0,0.0,0.0,0.0,2002,clin,0.8
1,3,lr5e-05_bs16_modL1_fusion64_fusionL1_drop0p2_trmiss80_trlocclin,16,5e-05,1,64,1,0.2,lr5e-05_bs16_modL1_fusion64_fusionL1_drop0p2_trmiss80_trlocclin,25,0.5535598769783974,0.6830706397692362,0.6637931034482758,0.7962713802748628,0.5777777777777777,0.0,0.0,0.0,0.0,2002,clin,0.8
1,3,lr5e-05_bs16_modL1_fusion64_fusionL1_drop0p2_trmiss80_trlocclin,16,5e-05,1,64,1,0.2,lr5e-05_bs16_modL1_fusion64_fusionL1_drop0p2_trmiss80_trlocclin,26,0.5587741533915201,0.6909908652305603,0.6702586206896551,0.8098593681152462,0.5777777777777777,0.0,0.0,0.0,0.0,2002,clin,0.8
1,3,lr5e-05_bs16_modL1_fusion64_fusionL1_drop0p2_trmiss80_trlocclin,16,5e-05,1,64,1,0.2,lr5e-05_bs16_modL1_fusion64_fusionL1_drop0p2_trmiss80_trlocclin,27,0.5595981975396475,0.6873857975006104,0.6637931034482758,0.8048920990759689,0.5555555555555556,0.0,0.0,0.0,0.0,2002,clin,0.8
1,3,lr5e-05_bs16_modL1_fusion64_fusionL1_drop0p2_trmiss80_trlocclin,16,5e-05,1,64,1,0.2,lr5e-05_bs16_modL1_fusion64_fusionL1_drop0p2_trmiss80_trlocclin,28,0.5249394749601682,0.6808491547902426,0.6508620689655172,0.7883663324498013,0.6222222222222222,0.0,0.0,0.0,0.0,2002,clin,0.8
1,3,lr5e-05_bs16_modL1_fusion64_fusionL1_drop0p2_trmiss80_trlocclin,16,5e-05,1,64,1,0.2,lr5e-05_bs16_modL1_fusion64_fusionL1_drop0p2_trmiss80_trlocclin,29,0.5320487742622694,0.6728284358978271,0.6551724137931034,0.7958327388162367,0.5777777777777777,0.0,0.0,0.0,0.0,2002,clin,0.8
1,3,lr5e-05_bs16_modL1_fusion64_fusionL1_drop0p2_trmiss80_trlocclin,16,5e-05,1,64,1,0.2,lr5e-05_bs16_modL1_fusion64_fusionL1_drop0p2_trmiss80_trlocclin,30,0.5356715222199758,0.6843611598014832,0.6594827586206896,0.805455343494712,0.6,0.0,0.0,0.0,0.0,2002,clin,0.8
1,3,lr5e-05_bs16_modL1_fusion64_fusionL1_drop0p2_trmiss80_trlocclin,16,5e-05,1,64,1,0.2,lr5e-05_bs16_modL1_fusion64_fusionL1_drop0p2_trmiss80_trlocclin,31,0.5580370674530665,0.6850707332293192,0.6465517241379309,0.7934637796539041,0.5777777777777777,0.0,0.0,0.0,0.0,2002,clin,0.8
1,3,lr5e-05_bs16_modL1_fusion64_fusionL1_drop0p2_trmiss80_trlocclin,16,5e-05,1,64,1,0.2,lr5e-05_bs16_modL1_fusion64_fusionL1_drop0p2_trmiss80_trlocclin,32,0.5533815622329712,0.6936432719230652,0.6530172413793103,0.7965540671380071,0.5555555555555556,0.0,0.0,0.0,0.0,2002,clin,0.8
1,3,lr5e-05_bs16_modL1_fusion64_fusionL1_drop0p2_trmiss80_trlocclin,16,5e-05,1,64,1,0.2,lr5e-05_bs16_modL1_fusion64_fusionL1_drop0p2_trmiss80_trlocclin,33,0.5367092415690422,0.691387931505839,0.646551724137931,0.7915411338306079,0.5777777777777777,0.0,0.0,0.0,0.0,2002,clin,0.8
1,3,lr5e-05_bs16_modL1_fusion64_fusionL1_drop0p2_trmiss80_trlocclin,16,5e-05,1,64,1,0.2,lr5e-05_bs16_modL1_fusion64_fusionL1_drop0p2_trmiss80_trlocclin,34,0.5593280072013537,0.691091001033783,0.6551724137931034,0.7976498785608315,0.5555555555555556,0.0,0.0,0.0,0.0,2002,clin,0.8
1,3,lr5e-05_bs16_modL1_fusion64_fusionL1_drop0p2_trmiss80_trlocclin,16,5e-05,1,64,1,0.2,lr5e-05_bs16_modL1_fusion64_fusionL1_drop0p2_trmiss80_trlocclin,35,0.5318025102217993,0.6866485873858134,0.6508620689655172,0.7907811784672462,0.5555555555555556,0.0,0.0,0.0,0.0,2002,clin,0.8
1,3,lr5e-05_bs16_modL1_fusion64_fusionL1_drop0p2_trmiss80_trlocclin,16,5e-05,1,64,1,0.2,lr5e-05_bs16_modL1_fusion64_fusionL1_drop0p2_trmiss80_trlocclin,36,0.5618631541728973,0.687075138092041,0.6551724137931034,0.7976540855902333,0.5333333333333333,0.0,0.0,0.0,0.0,2002,clin,0.8
1,3,lr5e-05_bs16_modL1_fusion64_fusionL1_drop0p2_trmiss80_trlocclin,16,5e-05,1,64,1,0.2,lr5e-05_bs16_modL1_fusion64_fusionL1_drop0p2_trmiss80_trlocclin,37,0.5377522384126981,0.6787747939427694,0.6508620689655172,0.797499030162681,0.6444444444444445,0.0,0.0,0.0,0.0,2002,clin,0.8
1,3,lr5e-05_bs16_modL1_fusion64_fusionL1_drop0p2_trmiss80_trlocclin,16,5e-05,1,64,1,0.2,lr5e-05_bs16_modL1_fusion64_fusionL1_drop0p2_trmiss80_trlocclin,38,0.5410124361515045,0.6840459108352661,0.6487068965517241,0.7943120050406807,0.6222222222222222,0.0,0.0,0.0,0.0,2002,clin,0.8
1,3,lr5e-05_bs16_modL1_fusion64_fusionL1_drop0p2_trmiss80_trlocclin,16,5e-05,1,64,1,0.2,lr5e-05_bs16_modL1_fusion64_fusionL1_drop0p2_trmiss80_trlocclin,39,0.5151596665382385,0.6857131918271383,0.6573275862068966,0.7992248385288201,0.5777777777777777,0.0,0.0,0.0,0.0,2002,clin,0.8
1,3,lr5e-05_bs16_modL1_fusion64_fusionL1_drop0p2_trmiss80_trlocclin,16,5e-05,1,64,1,0.2,lr5e-05_bs16_modL1_fusion64_fusionL1_drop0p2_trmiss80_trlocclin,40,0.5167747537295023,0.676155706246694,0.665948275862069,0.8087027759646903,0.6444444444444445,0.0,0.0,0.0,0.0,2002,clin,0.8
1,3,lr5e-05_bs16_modL1_fusion64_fusionL1_drop0p2_trmiss80_trlocclin,16,5e-05,1,64,1,0.2,lr5e-05_bs16_modL1_fusion64_fusionL1_drop0p2_trmiss80_trlocclin,41,0.5306211560964584,0.6788726449012756,0.6594827586206896,0.7974476654105487,0.5333333333333333,0.0,0.0,0.0,0.0,2002,clin,0.8
1,3,lr5e-05_bs16_modL1_fusion64_fusionL1_drop0p2_trmiss80_trlocclin,16,5e-05,1,64,1,0.2,lr5e-05_bs16_modL1_fusion64_fusionL1_drop0p2_trmiss80_trlocclin,42,0.5585557123025259,0.6723912755648295,0.6551724137931034,0.7983626296218218,0.6444444444444445,0.0,0.0,0.0,0.0,2002,clin,0.8
1,3,lr5e-05_bs16_modL1_fusion64_fusionL1_drop0p2_trmiss80_trlocclin,16,5e-05,1,64,1,0.2,lr5e-05_bs16_modL1_fusion64_fusionL1_drop0p2_trmiss80_trlocclin,43,0.5555048709114393,0.6809912522633871,0.6637931034482758,0.8046112925932789,0.6,0.0,0.0,0.0,0.0,2002,clin,0.8
1,3,lr5e-05_bs16_modL1_fusion64_fusionL1_drop0p2_trmiss80_trlocclin,16,5e-05,1,64,1,0.2,lr5e-05_bs16_modL1_fusion64_fusionL1_drop0p2_trmiss80_trlocclin,44,0.5482294633984566,0.6804586052894592,0.6616379310344827,0.8137599256071681,0.5777777777777777,0.0,0.0,0.0,0.0,2002,clin,0.8
1,3,lr5e-05_bs16_modL1_fusion64_fusionL1_drop0p2_trmiss80_trlocclin,16,5e-05,1,64,1,0.2,lr5e-05_bs16_modL1_fusion64_fusionL1_drop0p2_trmiss80_trlocclin,45,0.5658164074023565,0.6900630990664164,0.6508620689655172,0.8013756899233067,0.5555555555555556,0.0,0.0,0.0,0.0,2002,clin,0.8
1,3,lr5e-05_bs16_modL1_fusion64_fusionL1_drop0p2_trmiss80_trlocclin,16,5e-05,1,64,1,0.2,lr5e-05_bs16_modL1_fusion64_fusionL1_drop0p2_trmiss80_trlocclin,46,0.5631651257475218,0.6972846587498983,0.6573275862068966,0.7994362799629072,0.5555555555555556,0.0,0.0,0.0,0.0,2002,clin,0.8
1,3,lr5e-05_bs16_modL1_fusion64_fusionL1_drop0p1_trmiss80_trlocclin,16,5e-05,1,64,1,0.1,lr5e-05_bs16_modL1_fusion64_fusionL1_drop0p1_trmiss80_trlocclin,1,0.6898813645044962,0.6838139692942301,0.47629310344827586,0.6389085125834832,0.5555555555555556,0.0,0.0,0.0,0.0,2002,clin,0.8
1,3,lr5e-05_bs16_modL1_fusion64_fusionL1_drop0p1_trmiss80_trlocclin,16,5e-05,1,64,1,0.1,lr5e-05_bs16_modL1_fusion64_fusionL1_drop0p1_trmiss80_trlocclin,2,0.654708594083786,0.6858708063761393,0.4978448275862069,0.6505260652081547,0.4666666666666667,0.0,0.0,0.0,0.0,2002,clin,0.8
1,3,lr5e-05_bs16_modL1_fusion64_fusionL1_drop0p1_trmiss80_trlocclin,16,5e-05,1,64,1,0.1,lr5e-05_bs16_modL1_fusion64_fusionL1_drop0p1_trmiss80_trlocclin,3,0.6513225932916006,0.6856318116188049,0.5495689655172414,0.6690840097924273,0.5333333333333333,0.0,0.0,0.0,0.0,2002,clin,0.8
1,3,lr5e-05_bs16_modL1_fusion64_fusionL1_drop0p1_trmiss80_trlocclin,16,5e-05,1,64,1,0.1,lr5e-05_bs16_modL1_fusion64_fusionL1_drop0p1_trmiss80_trlocclin,4,0.6085731734832128,0.6819115877151489,0.5387931034482758,0.6478313045319912,0.5333333333333333,0.0,0.0,0.0,0.0,2002,clin,0.8
1,3,lr5e-05_bs16_modL1_fusion64_fusionL1_drop0p1_trmiss80_trlocclin,16,5e-05,1,64,1,0.1,lr5e-05_bs16_modL1_fusion64_fusionL1_drop0p1_trmiss80_trlocclin,5,0.6122443874677023,0.6727240880330404,0.5818965517241379,0.6743165111612671,0.5555555555555556,0.0,0.0,0.0,0.0,2002,clin,0.8
1,3,lr5e-05_bs16_modL1_fusion64_fusionL1_drop0p1_trmiss80_trlocclin,16,5e-05,1,64,1,0.1,lr5e-05_bs16_modL1_fusion64_fusionL1_drop0p1_trmiss80_trlocclin,6,0.6006955802440643,0.6624082724253336,0.5969827586206897,0.6877526128264722,0.5777777777777777,0.0,0.0,0.0,0.0,2002,clin,0.8
1,3,lr5e-05_bs16_modL1_fusion64_fusionL1_drop0p1_trmiss80_trlocclin,16,5e-05,1,64,1,0.1,lr5e-05_bs16_modL1_fusion64_fusionL1_drop0p1_trmiss80_trlocclin,7,0.56648222108682,0.6654468178749084,0.5883620689655172,0.6741546812691896,0.6,0.0,0.0,0.0,0.0,2002,clin,0.8
1,3,lr5e-05_bs16_modL1_fusion64_fusionL1_drop0p1_trmiss80_trlocclin,16,5e-05,1,64,1,0.1,lr5e-05_bs16_modL1_fusion64_fusionL1_drop0p1_trmiss80_trlocclin,8,0.5614740823705991,0.6628111402193705,0.5905172413793103,0.6711973234583046,0.6222222222222222,0.0,0.0,0.0,0.0,2002,clin,0.8
1,3,lr5e-05_bs16_modL1_fusion64_fusionL1_drop0p1_trmiss80_trlocclin,16,5e-05,1,64,1,0.1,lr5e-05_bs16_modL1_fusion64_fusionL1_drop0p1_trmiss80_trlocclin,9,0.5591870819528898,0.6650099356969198,0.6163793103448276,0.6909641258431878,0.6,0.0,0.0,0.0,0.0,2002,clin,0.8
1,3,lr5e-05_bs16_modL1_fusion64_fusionL1_drop0p1_trmiss80_trlocclin,16,5e-05,1,64,1,0.1,lr5e-05_bs16_modL1_fusion64_fusionL1_drop0p1_trmiss80_trlocclin,10,0.5421352634827296,0.6647854050000509,0.6206896551724137,0.6940396778356775,0.6222222222222222,0.0,0.0,0.0,0.0,2002,clin,0.8
1,3,lr5e-05_bs16_modL1_fusion64_fusionL1_drop0p1_trmiss80_trlocclin,16,5e-05,1,64,1,0.1,lr5e-05_bs16_modL1_fusion64_fusionL1_drop0p1_trmiss80_trlocclin,11,0.5195146948099136,0.6634457111358643,0.6185344827586207,0.6959754834115573,0.6222222222222222,0.0,0.0,0.0,0.0,2002,clin,0.8
1,3,lr5e-05_bs16_modL1_fusion64_fusionL1_drop0p1_trmiss80_trlocclin,16,5e-05,1,64,1,0.1,lr5e-05_bs16_modL1_fusion64_fusionL1_drop0p1_trmiss80_trlocclin,12,0.5251841197411219,0.6773419380187988,0.6206896551724138,0.7009604286155655,0.6,0.0,0.0,0.0,0.0,2002,clin,0.8
1,3,lr5e-05_bs16_modL1_fusion64_fusionL1_drop0p1_trmiss80_trlocclin,16,5e-05,1,64,1,0.1,lr5e-05_bs16_modL1_fusion64_fusionL1_drop0p1_trmiss80_trlocclin,13,0.4937000672022502,0.6837846835454305,0.6056034482758621,0.685798590931938,0.6444444444444445,0.0,0.0,0.0,0.0,2002,clin,0.8
1,3,lr5e-05_bs16_modL1_fusion64_fusionL1_drop0p1_trmiss80_trlocclin,16,5e-05,1,64,1,0.1,lr5e-05_bs16_modL1_fusion64_fusionL1_drop0p1_trmiss80_trlocclin,14,0.5200480123360952,0.6811529596646627,0.5991379310344828,0.6769500599231477,0.6444444444444445,0.0,0.0,0.0,0.0,2002,clin,0.8
1,3,lr5e-05_bs16_modL1_fusion64_fusionL1_drop0p1_trmiss80_trlocclin,16,5e-05,1,64,1,0.1,lr5e-05_bs16_modL1_fusion64_fusionL1_drop0p1_trmiss80_trlocclin,15,0.5033499747514725,0.6735905210177103,0.5991379310344828,0.6856990924008824,0.5777777777777777,0.0,0.0,0.0,0.0,2002,clin,0.8
1,3,lr5e-05_bs16_modL1_fusion64_fusionL1_drop0p1_trmiss80_trlocclin,16,5e-05,1,64,1,0.1,lr5e-05_bs16_modL1_fusion64_fusionL1_drop0p1_trmiss80_trlocclin,16,0.491255484521389,0.6695418159166971,0.6012931034482758,0.6819305605302253,0.6666666666666666,0.0,0.0,0.0,0.0,2002,clin,0.8
1,3,lr5e-05_bs16_modL1_fusion64_fusionL1_drop0p1_trmiss80_trlocclin,16,5e-05,1,64,1,0.1,lr5e-05_bs16_modL1_fusion64_fusionL1_drop0p1_trmiss80_trlocclin,17,0.48926698168118793,0.6699922680854797,0.6185344827586208,0.6995097282177591,0.7333333333333333,0.0,0.0,0.0,0.0,2002,clin,0.8
1,3,lr5e-05_bs16_modL1_fusion64_fusionL1_drop0p1_trmiss80_trlocclin,16,5e-05,1,64,1,0.1,lr5e-05_bs16_modL1_fusion64_fusionL1_drop0p1_trmiss80_trlocclin,18,0.4616638074318568,0.6685082117716471,0.6185344827586207,0.6999067685246407,0.7111111111111111,0.0,0.0,0.0,0.0,2002,clin,0.8
1,3,lr5e-05_bs16_modL1_fusion64_fusionL1_drop0p1_trmiss80_trlocclin,16,5e-05,1,64,1,0.1,lr5e-05_bs16_modL1_fusion64_fusionL1_drop0p1_trmiss80_trlocclin,19,0.4833810155590375,0.6605290373166403,0.6228448275862069,0.7093951565364953,0.7111111111111111,0.0,0.0,0.0,0.0,2002,clin,0.8
1,3,lr5e-05_bs16_modL1_fusion64_fusionL1_drop0p1_trmiss80_trlocclin,16,5e-05,1,64,1,0.1,lr5e-05_bs16_modL1_fusion64_fusionL1_drop0p1_trmiss80_trlocclin,20,0.5146580412983894,0.6684450308481852,0.6314655172413792,0.7062645525305906,0.6888888888888889,0.0,0.0,0.0,0.0,2002,clin,0.8
1,3,lr5e-05_bs16_modL1_fusion64_fusionL1_drop0p1_trmiss80_trlocclin,16,5e-05,1,64,1,0.1,lr5e-05_bs16_modL1_fusion64_fusionL1_drop0p1_trmiss80_trlocclin,21,0.4672916879256566,0.670231302579244,0.6185344827586207,0.6970719827528753,0.7111111111111111,0.0,0.0,0.0,0.0,2002,clin,0.8
1,3,lr5e-05_bs16_modL1_fusion64_fusionL1_drop0p1_trmiss80_trlocclin,16,5e-05,1,64,1,0.1,lr5e-05_bs16_modL1_fusion64_fusionL1_drop0p1_trmiss80_trlocclin,22,0.47576215614875156,0.6622298161188761,0.625,0.7056488408701309,0.6888888888888889,0.0,0.0,0.0,0.0,2002,clin,0.8
1,3,lr5e-05_bs16_modL1_fusion64_fusionL1_drop0p1_trmiss80_trlocclin,16,5e-05,1,64,1,0.1,lr5e-05_bs16_modL1_fusion64_fusionL1_drop0p1_trmiss80_trlocclin,23,0.47165678689877194,0.6624999245007833,0.6185344827586207,0.7055873313850316,0.6888888888888889,0.0,0.0,0.0,0.0,2002,clin,0.8
1,3,lr5e-05_bs16_modL1_fusion64_fusionL1_drop0p1_trmiss80_trlocclin,16,5e-05,1,64,1,0.1,lr5e-05_bs16_modL1_fusion64_fusionL1_drop0p1_trmiss80_trlocclin,24,0.481330747405688,0.6748040715853373,0.5991379310344828,0.6896003452415118,0.6666666666666666,0.0,0.0,0.0,0.0,2002,clin,0.8
1,3,lr5e-05_bs16_modL1_fusion64_fusionL1_drop0p1_trmiss80_trlocclin,16,5e-05,1,64,1,0.1,lr5e-05_bs16_modL1_fusion64_fusionL1_drop0p1_trmiss80_trlocclin,25,0.46011606603860855,0.6689826250076294,0.5969827586206896,0.6916008811536523,0.6888888888888889,0.0,0.0,0.0,0.0,2002,clin,0.8
1,3,lr5e-05_bs16_modL1_fusion64_fusionL1_drop0p1_trmiss80_trlocclin,16,5e-05,1,64,1,0.1,lr5e-05_bs16_modL1_fusion64_fusionL1_drop0p1_trmiss80_trlocclin,26,0.4756157671411832,0.6702898740768433,0.6163793103448276,0.7003769879603774,0.6666666666666666,0.0,0.0,0.0,0.0,2002,clin,0.8
1,3,lr5e-05_bs16_modL1_fusion64_fusionL1_drop0p1_trmiss80_trlocclin,16,5e-05,1,64,1,0.1,lr5e-05_bs16_modL1_fusion64_fusionL1_drop0p1_trmiss80_trlocclin,27,0.4538866902391116,0.6680614352226257,0.6056034482758621,0.6870306830564031,0.7111111111111111,0.0,0.0,0.0,0.0,2002,clin,0.8
1,3,lr5e-05_bs16_modL1_fusion64_fusionL1_drop0p1_trmiss80_trlocclin,16,5e-05,1,64,1,0.1,lr5e-05_bs16_modL1_fusion64_fusionL1_drop0p1_trmiss80_trlocclin,28,0.4520732859770457,0.6679073373476664,0.6077586206896551,0.6960631988840509,0.6888888888888889,0.0,0.0,0.0,0.0,2002,clin,0.8
1,3,lr5e-05_bs16_modL1_fusion64_fusionL1_drop0p1_trmiss80_trlocclin,16,5e-05,1,64,1,0.1,lr5e-05_bs16_modL1_fusion64_fusionL1_drop0p1_trmiss80_trlocclin,29,0.4664827858408292,0.6797864039738973,0.603448275862069,0.6832515972308446,0.6444444444444445,0.0,0.0,0.0,0.0,2002,clin,0.8
1,3,lr5e-05_bs16_modL1_fusion64_fusionL1_drop0p1_trmiss80_trlocclin,16,5e-05,1,64,1,0.1,lr5e-05_bs16_modL1_fusion64_fusionL1_drop0p1_trmiss80_trlocclin,30,0.44962092240651447,0.6718395749727885,0.6142241379310345,0.6841368741426885,0.6666666666666666,0.0,0.0,0.0,0.0,2002,clin,0.8
1,3,lr5e-05_bs16_modL1_fusion64_fusionL1_drop0p1_trmiss80_trlocclin,16,5e-05,1,64,1,0.1,lr5e-05_bs16_modL1_fusion64_fusionL1_drop0p1_trmiss80_trlocclin,31,0.47083810965220135,0.670629103978475,0.6099137931034483,0.6905434897522839,0.7111111111111111,0.0,0.0,0.0,0.0,2002,clin,0.8
1,3,lr5e-05_bs16_modL1_fusion64_fusionL1_drop0p1_trmiss80_trlocclin,16,5e-05,1,64,1,0.1,lr5e-05_bs16_modL1_fusion64_fusionL1_drop0p1_trmiss80_trlocclin,32,0.445668821533521,0.6693086822827657,0.603448275862069,0.6831673209471796,0.7111111111111111,0.0,0.0,0.0,0.0,2002,clin,0.8
1,3,lr5e-05_bs16_modL1_fusion64_fusionL1_drop0p1_trmiss80_trlocclin,16,5e-05,1,64,1,0.1,lr5e-05_bs16_modL1_fusion64_fusionL1_drop0p1_trmiss80_trlocclin,33,0.4615788534283638,0.663053015867869,0.6056034482758621,0.693481678510832,0.6888888888888889,0.0,0.0,0.0,0.0,2002,clin,0.8
1,3,lr5e-05_bs16_modL1_fusion64_fusionL1_drop0p1_trmiss80_trlocclin,16,5e-05,1,64,1,0.1,lr5e-05_bs16_modL1_fusion64_fusionL1_drop0p1_trmiss80_trlocclin,34,0.4446231971184413,0.669520099957784,0.6120689655172413,0.6964934373467435,0.7111111111111111,0.0,0.0,0.0,0.0,2002,clin,0.8
1,3,lr5e-05_bs16_modL1_fusion64_fusionL1_drop0p1_trmiss80_trlocclin,16,5e-05,1,64,1,0.1,lr5e-05_bs16_modL1_fusion64_fusionL1_drop0p1_trmiss80_trlocclin,35,0.4521329303582509,0.6659909089406332,0.6142241379310345,0.6984856347078627,0.7111111111111111,0.0,0.0,0.0,0.0,2002,clin,0.8
1,3,lr5e-05_bs16_modL1_fusion64_fusionL1_drop0p1_trmiss80_trlocclin,16,5e-05,1,64,1,0.1,lr5e-05_bs16_modL1_fusion64_fusionL1_drop0p1_trmiss80_trlocclin,36,0.43219585220019024,0.669034500916799,0.6163793103448276,0.6944450074012368,0.7111111111111111,0.0,0.0,0.0,0.0,2002,clin,0.8
1,3,lr5e-05_bs16_modL1_fusion64_fusionL1_drop0p1_trmiss80_trlocclin,16,5e-05,1,64,1,0.1,lr5e-05_bs16_modL1_fusion64_fusionL1_drop0p1_trmiss80_trlocclin,37,0.46285269657770794,0.665419360001882,0.6185344827586207,0.6963036019135045,0.6888888888888889,0.0,0.0,0.0,0.0,2002,clin,0.8
1,3,lr5e-05_bs16_modL1_fusion64_fusionL1_drop0p1_trmiss80_trlocclin,16,5e-05,1,64,1,0.1,lr5e-05_bs16_modL1_fusion64_fusionL1_drop0p1_trmiss80_trlocclin,38,0.4467299357056618,0.6724103093147278,0.603448275862069,0.6887164086847667,0.7111111111111111,0.0,0.0,0.0,0.0,2002,clin,0.8
1,3,lr5e-05_bs16_modL1_fusion64_fusionL1_drop0p1_trmiss80_trlocclin,16,5e-05,1,64,1,0.1,lr5e-05_bs16_modL1_fusion64_fusionL1_drop0p1_trmiss80_trlocclin,39,0.44153786947329837,0.6731583476066589,0.6077586206896551,0.6908185579395604,0.6888888888888889,0.0,0.0,0.0,0.0,2002,clin,0.8
1,3,lr5e-05_bs16_modL1_fusion64_fusionL1_drop0p1_trmiss80_trlocclin,16,5e-05,1,64,1,0.1,lr5e-05_bs16_modL1_fusion64_fusionL1_drop0p1_trmiss80_trlocclin,40,0.4700019334753354,0.6700128714243571,0.6185344827586207,0.6946937341574008,0.7111111111111111,0.0,0.0,0.0,0.0,2002,clin,0.8
1,3,lr1e-04_bs16_modL1_fusion32_fusionL1_drop0p2_trmiss80_trlocclin,16,0.0001,1,32,1,0.2,lr1e-04_bs16_modL1_fusion32_fusionL1_drop0p2_trmiss80_trlocclin,1,0.6884912351767222,0.701047937075297,0.46551724137931033,0.6648618053172212,0.4666666666666667,0.0,0.0,0.0,0.0,2002,clin,0.8
1,3,lr1e-04_bs16_modL1_fusion32_fusionL1_drop0p2_trmiss80_trlocclin,16,0.0001,1,32,1,0.2,lr1e-04_bs16_modL1_fusion32_fusionL1_drop0p2_trmiss80_trlocclin,2,0.652214507261912,0.7066841125488281,0.4504310344827586,0.6560126697627329,0.4444444444444444,0.0,0.0,0.0,0.0,2002,clin,0.8
1,3,lr1e-04_bs16_modL1_fusion32_fusionL1_drop0p2_trmiss80_trlocclin,16,0.0001,1,32,1,0.2,lr1e-04_bs16_modL1_fusion32_fusionL1_drop0p2_trmiss80_trlocclin,3,0.6395769516626993,0.6983298659324646,0.4849137931034483,0.6718014161432544,0.4888888888888889,0.0,0.0,0.0,0.0,2002,clin,0.8
1,3,lr1e-04_bs16_modL1_fusion32_fusionL1_drop0p2_trmiss80_trlocclin,16,0.0001,1,32,1,0.2,lr1e-04_bs16_modL1_fusion32_fusionL1_drop0p2_trmiss80_trlocclin,4,0.6104979564746221,0.7001563310623169,0.5150862068965517,0.696068003288677,0.5111111111111111,0.0,0.0,0.0,0.0,2002,clin,0.8
1,3,lr1e-04_bs16_modL1_fusion32_fusionL1_drop0p2_trmiss80_trlocclin,16,0.0001,1,32,1,0.2,lr1e-04_bs16_modL1_fusion32_fusionL1_drop0p2_trmiss80_trlocclin,5,0.5742349823315939,0.687502404054006,0.5366379310344829,0.7121352770299008,0.5111111111111111,0.0,0.0,0.0,0.0,2002,clin,0.8
1,3,lr1e-04_bs16_modL1_fusion32_fusionL1_drop0p2_trmiss80_trlocclin,16,0.0001,1,32,1,0.2,lr1e-04_bs16_modL1_fusion32_fusionL1_drop0p2_trmiss80_trlocclin,6,0.5745428279042244,0.6758475303649902,0.5366379310344828,0.7122906236108417,0.5777777777777777,0.0,0.0,0.0,0.0,2002,clin,0.8
1,3,lr1e-04_bs16_modL1_fusion32_fusionL1_drop0p2_trmiss80_trlocclin,16,0.0001,1,32,1,0.2,lr1e-04_bs16_modL1_fusion32_fusionL1_drop0p2_trmiss80_trlocclin,7,0.5739733477433523,0.6743708252906799,0.5344827586206897,0.7014558371652528,0.5777777777777777,0.0,0.0,0.0,0.0,2002,clin,0.8
1,3,lr1e-04_bs16_modL1_fusion32_fusionL1_drop0p2_trmiss80_trlocclin,16,0.0001,1,32,1,0.2,lr1e-04_bs16_modL1_fusion32_fusionL1_drop0p2_trmiss80_trlocclin,8,0.5681146681308746,0.6825368801752726,0.5258620689655172,0.6748848564967781,0.5555555555555556,0.0,0.0,0.0,0.0,2002,clin,0.8
1,3,lr1e-04_bs16_modL1_fusion32_fusionL1_drop0p2_trmiss80_trlocclin,16,0.0001,1,32,1,0.2,lr1e-04_bs16_modL1_fusion32_fusionL1_drop0p2_trmiss80_trlocclin,9,0.5430670728286108,0.6852553288141886,0.5517241379310345,0.6881717211781967,0.5333333333333333,0.0,0.0,0.0,0.0,2002,clin,0.8
1,3,lr1e-04_bs16_modL1_fusion32_fusionL1_drop0p2_trmiss80_trlocclin,16,0.0001,1,32,1,0.2,lr1e-04_bs16_modL1_fusion32_fusionL1_drop0p2_trmiss80_trlocclin,10,0.5382804522911707,0.6851672132809957,0.5581896551724137,0.7070195057636568,0.5555555555555556,0.0,0.0,0.0,0.0,2002,clin,0.8
1,3,lr1e-04_bs16_modL1_fusion32_fusionL1_drop0p2_trmiss80_trlocclin,16,0.0001,1,32,1,0.2,lr1e-04_bs16_modL1_fusion32_fusionL1_drop0p2_trmiss80_trlocclin,11,0.5177738790710767,0.6847695509592692,0.5258620689655172,0.7125602863867802,0.5777777777777777,0.0,0.0,0.0,0.0,2002,clin,0.8
1,3,lr1e-04_bs16_modL1_fusion32_fusionL1_drop0p2_trmiss80_trlocclin,16,0.0001,1,32,1,0.2,lr1e-04_bs16_modL1_fusion32_fusionL1_drop0p2_trmiss80_trlocclin,12,0.517338993648688,0.6816678444544474,0.540948275862069,0.7084608181727289,0.5555555555555556,0.0,0.0,0.0,0.0,2002,clin,0.8
1,3,lr1e-04_bs16_modL1_fusion32_fusionL1_drop0p2_trmiss80_trlocclin,16,0.0001,1,32,1,0.2,lr1e-04_bs16_modL1_fusion32_fusionL1_drop0p2_trmiss80_trlocclin,13,0.4971691941221555,0.6814000407854716,0.5517241379310345,0.7167977199580701,0.5555555555555556,0.0,0.0,0.0,0.0,2002,clin,0.8
1,3,lr1e-04_bs16_modL1_fusion32_fusionL1_drop0p2_trmiss80_trlocclin,16,0.0001,1,32,1,0.2,lr1e-04_bs16_modL1_fusion32_fusionL1_drop0p2_trmiss80_trlocclin,14,0.476986159880956,0.6769652565320333,0.5538793103448276,0.7230855465619211,0.5333333333333333,0.0,0.0,0.0,0.0,2002,clin,0.8
1,3,lr1e-04_bs16_modL1_fusion32_fusionL1_drop0p2_trmiss80_trlocclin,16,0.0001,1,32,1,0.2,lr1e-04_bs16_modL1_fusion32_fusionL1_drop0p2_trmiss80_trlocclin,15,0.476916640996933,0.6834177374839783,0.5431034482758621,0.7068452866914546,0.5333333333333333,0.0,0.0,0.0,0.0,2002,clin,0.8
1,3,lr1e-04_bs16_modL1_fusion32_fusionL1_drop0p2_trmiss80_trlocclin,16,0.0001,1,32,1,0.2,lr1e-04_bs16_modL1_fusion32_fusionL1_drop0p2_trmiss80_trlocclin,16,0.4637484947840373,0.6848567724227905,0.5474137931034483,0.7126593539898031,0.5333333333333333,0.0,0.0,0.0,0.0,2002,clin,0.8
1,3,lr1e-04_bs16_modL1_fusion32_fusionL1_drop0p2_trmiss80_trlocclin,16,0.0001,1,32,1,0.2,lr1e-04_bs16_modL1_fusion32_fusionL1_drop0p2_trmiss80_trlocclin,17,0.5020775670806567,0.6949066917101542,0.540948275862069,0.7091948902015152,0.5333333333333333,0.0,0.0,0.0,0.0,2002,clin,0.8
1,3,lr1e-04_bs16_modL1_fusion32_fusionL1_drop0p2_trmiss80_trlocclin,16,0.0001,1,32,1,0.2,lr1e-04_bs16_modL1_fusion32_fusionL1_drop0p2_trmiss80_trlocclin,18,0.47073084612687427,0.6871456503868103,0.5538793103448275,0.7163238730493374,0.5111111111111111,0.0,0.0,0.0,0.0,2002,clin,0.8
1,3,lr1e-04_bs16_modL1_fusion32_fusionL1_drop0p2_trmiss80_trlocclin,16,0.0001,1,32,1,0.2,lr1e-04_bs16_modL1_fusion32_fusionL1_drop0p2_trmiss80_trlocclin,19,0.44337605436642963,0.6825008591016134,0.5732758620689655,0.7308299967344823,0.5555555555555556,0.0,0.0,0.0,0.0,2002,clin,0.8
1,3,lr1e-04_bs16_modL1_fusion32_fusionL1_drop0p2_trmiss80_trlocclin,16,0.0001,1,32,1,0.2,lr1e-04_bs16_modL1_fusion32_fusionL1_drop0p2_trmiss80_trlocclin,20,0.45483752340078354,0.680753747622172,0.5668103448275863,0.7263338346959786,0.5111111111111111,0.0,0.0,0.0,0.0,2002,clin,0.8
1,3,lr1e-04_bs16_modL1_fusion32_fusionL1_drop0p2_trmiss80_trlocclin,16,0.0001,1,32,1,0.2,lr1e-04_bs16_modL1_fusion32_fusionL1_drop0p2_trmiss80_trlocclin,21,0.4456438422203064,0.6775519450505575,0.5668103448275862,0.7227902332576402,0.5111111111111111,0.0,0.0,0.0,0.0,2002,clin,0.8
1,3,lr1e-04_bs16_modL1_fusion32_fusionL1_drop0p2_trmiss80_trlocclin,16,0.0001,1,32,1,0.2,lr1e-04_bs16_modL1_fusion32_fusionL1_drop0p2_trmiss80_trlocclin,22,0.4755912820498149,0.6729583740234375,0.5646551724137931,0.7271881097013534,0.5333333333333333,0.0,0.0,0.0,0.0,2002,clin,0.8
1,3,lr1e-04_bs16_modL1_fusion32_fusionL1_drop0p2_trmiss80_trlocclin,16,0.0001,1,32,1,0.2,lr1e-04_bs16_modL1_fusion32_fusionL1_drop0p2_trmiss80_trlocclin,23,0.47579768548409146,0.6802749633789062,0.5603448275862069,0.7171299731611523,0.5333333333333333,0.0,0.0,0.0,0.0,2002,clin,0.8
1,3,lr1e-04_bs16_modL1_fusion32_fusionL1_drop0p2_trmiss80_trlocclin,16,0.0001,1,32,1,0.2,lr1e-04_bs16_modL1_fusion32_fusionL1_drop0p2_trmiss80_trlocclin,24,0.4410104379057884,0.6787195801734924,0.5775862068965517,0.7297406207798068,0.4888888888888889,0.0,0.0,0.0,0.0,2002,clin,0.8
1,3,lr1e-04_bs16_modL1_fusion32_fusionL1_drop0p2_trmiss80_trlocclin,16,0.0001,1,32,1,0.2,lr1e-04_bs16_modL1_fusion32_fusionL1_drop0p2_trmiss80_trlocclin,25,0.45539984355370206,0.6868631442387899,0.5883620689655172,0.7328689962632692,0.5111111111111111,0.0,0.0,0.0,0.0,2002,clin,0.8
1,3,lr1e-04_bs16_modL1_fusion32_fusionL1_drop0p2_trmiss80_trlocclin,16,0.0001,1,32,1,0.2,lr1e-04_bs16_modL1_fusion32_fusionL1_drop0p2_trmiss80_trlocclin,26,0.46882377316554386,0.6879236698150635,0.5754310344827586,0.7199443382308565,0.5555555555555556,0.0,0.0,0.0,0.0,2002,clin,0.8
1,3,lr1e-04_bs16_modL1_fusion32_fusionL1_drop0p2_trmiss80_trlocclin,16,0.0001,1,32,1,0.2,lr1e-04_bs16_modL1_fusion32_fusionL1_drop0p2_trmiss80_trlocclin,27,0.4525706544518471,0.6925157705942789,0.584051724137931,0.7272636798741544,0.5333333333333333,0.0,0.0,0.0,0.0,2002,clin,0.8
1,3,lr1e-04_bs16_modL1_fusion32_fusionL1_drop0p2_trmiss80_trlocclin,16,0.0001,1,32,1,0.2,lr1e-04_bs16_modL1_fusion32_fusionL1_drop0p2_trmiss80_trlocclin,28,0.4580719967683156,0.6840026179949442,0.5711206896551724,0.723604084632676,0.5333333333333333,0.0,0.0,0.0,0.0,2002,clin,0.8
1,3,lr1e-04_bs16_modL1_fusion32_fusionL1_drop0p2_trmiss80_trlocclin,16,0.0001,1,32,1,0.2,lr1e-04_bs16_modL1_fusion32_fusionL1_drop0p2_trmiss80_trlocclin,29,0.4344125762581825,0.6778136094411215,0.5775862068965518,0.7274711799238386,0.5333333333333333,0.0,0.0,0.0,0.0,2002,clin,0.8
1,3,lr1e-04_bs16_modL1_fusion32_fusionL1_drop0p2_trmiss80_trlocclin,16,0.0001,1,32,1,0.2,lr1e-04_bs16_modL1_fusion32_fusionL1_drop0p2_trmiss80_trlocclin,30,0.42630457133054733,0.6796703139940897,0.5754310344827586,0.7297231802808887,0.5111111111111111,0.0,0.0,0.0,0.0,2002,clin,0.8
1,3,lr1e-04_bs16_modL1_fusion32_fusionL1_drop0p2_trmiss80_trlocclin,16,0.0001,1,32,1,0.2,lr1e-04_bs16_modL1_fusion32_fusionL1_drop0p2_trmiss80_trlocclin,31,0.4460230345527331,0.6868592898050944,0.5797413793103448,0.7312147310181046,0.5555555555555556,0.0,0.0,0.0,0.0,2002,clin,0.8
1,3,lr1e-04_bs16_modL1_fusion32_fusionL1_drop0p2_trmiss80_trlocclin,16,0.0001,1,32,1,0.2,lr1e-04_bs16_modL1_fusion32_fusionL1_drop0p2_trmiss80_trlocclin,32,0.46274294952551526,0.6718216935793558,0.5818965517241379,0.7357220764962147,0.5333333333333333,0.0,0.0,0.0,0.0,2002,clin,0.8
1,3,lr1e-04_bs16_modL1_fusion32_fusionL1_drop0p2_trmiss80_trlocclin,16,0.0001,1,32,1,0.2,lr1e-04_bs16_modL1_fusion32_fusionL1_drop0p2_trmiss80_trlocclin,33,0.4188116192817688,0.6857467492421468,0.5732758620689655,0.7222355851741676,0.5111111111111111,0.0,0.0,0.0,0.0,2002,clin,0.8
1,3,lr1e-04_bs16_modL1_fusion32_fusionL1_drop0p2_trmiss80_trlocclin,16,0.0001,1,32,1,0.2,lr1e-04_bs16_modL1_fusion32_fusionL1_drop0p2_trmiss80_trlocclin,34,0.4402342488368352,0.6860440572102865,0.584051724137931,0.7284289308419035,0.5555555555555556,0.0,0.0,0.0,0.0,2002,clin,0.8
1,3,lr1e-04_bs16_modL1_fusion32_fusionL1_drop0p2_trmiss80_trlocclin,16,0.0001,1,32,1,0.2,lr1e-04_bs16_modL1_fusion32_fusionL1_drop0p2_trmiss80_trlocclin,35,0.43672963480154675,0.6842899123827616,0.5775862068965517,0.722972078860017,0.5777777777777777,0.0,0.0,0.0,0.0,2002,clin,0.8
1,3,lr1e-04_bs16_modL1_fusion32_fusionL1_drop0p2_trmiss80_trlocclin,16,0.0001,1,32,1,0.2,lr1e-04_bs16_modL1_fusion32_fusionL1_drop0p2_trmiss80_trlocclin,36,0.46156827360391617,0.6851662596066793,0.5862068965517241,0.7357608360338493,0.5777777777777777,0.0,0.0,0.0,0.0,2002,clin,0.8
1,3,lr1e-04_bs16_modL1_fusion32_fusionL1_drop0p2_trmiss80_trlocclin,16,0.0001,1,32,1,0.2,lr1e-04_bs16_modL1_fusion32_fusionL1_drop0p2_trmiss80_trlocclin,37,0.4398479238152504,0.6848021348317465,0.581896551724138,0.722845648003685,0.5555555555555556,0.0,0.0,0.0,0.0,2002,clin,0.8
1,3,lr1e-04_bs16_modL1_fusion32_fusionL1_drop0p2_trmiss80_trlocclin,16,0.0001,1,32,1,0.2,lr1e-04_bs16_modL1_fusion32_fusionL1_drop0p2_trmiss80_trlocclin,38,0.4409742256005605,0.6921949783960978,0.5883620689655172,0.7262002343242023,0.5777777777777777,0.0,0.0,0.0,0.0,2002,clin,0.8
1,3,lr1e-04_bs16_modL1_fusion32_fusionL1_drop0p2_trmiss80_trlocclin,16,0.0001,1,32,1,0.2,lr1e-04_bs16_modL1_fusion32_fusionL1_drop0p2_trmiss80_trlocclin,39,0.4156540135542552,0.6858989199002584,0.5905172413793104,0.7299662359387794,0.5777777777777777,0.0,0.0,0.0,0.0,2002,clin,0.8
1,3,lr1e-04_bs16_modL1_fusion32_fusionL1_drop0p2_trmiss80_trlocclin,16,0.0001,1,32,1,0.2,lr1e-04_bs16_modL1_fusion32_fusionL1_drop0p2_trmiss80_trlocclin,40,0.4357944205403328,0.6718093554178873,0.5775862068965517,0.7214461459040521,0.5555555555555556,0.0,0.0,0.0,0.0,2002,clin,0.8
1,3,lr1e-04_bs16_modL1_fusion32_fusionL1_drop0p2_trmiss80_trlocclin,16,0.0001,1,32,1,0.2,lr1e-04_bs16_modL1_fusion32_fusionL1_drop0p2_trmiss80_trlocclin,41,0.4427075957258542,0.6714596748352051,0.5818965517241379,0.7328732103394807,0.5333333333333333,0.0,0.0,0.0,0.0,2002,clin,0.8
1,3,lr1e-04_bs16_modL1_fusion32_fusionL1_drop0p2_trmiss80_trlocclin,16,0.0001,1,32,1,0.2,lr1e-04_bs16_modL1_fusion32_fusionL1_drop0p2_trmiss80_trlocclin,42,0.4238500197728475,0.6733768781026205,0.5775862068965517,0.7180421720963223,0.5555555555555556,0.0,0.0,0.0,0.0,2002,clin,0.8
1,3,lr1e-04_bs16_modL1_fusion32_fusionL1_drop0p2_trmiss80_trlocclin,16,0.0001,1,32,1,0.2,lr1e-04_bs16_modL1_fusion32_fusionL1_drop0p2_trmiss80_trlocclin,43,0.4322895010312398,0.6816989382108053,0.5754310344827586,0.7194509200818272,0.5555555555555556,0.0,0.0,0.0,0.0,2002,clin,0.8
1,3,lr1e-04_bs16_modL1_fusion32_fusionL1_drop0p2_trmiss80_trlocclin,16,0.0001,1,32,1,0.2,lr1e-04_bs16_modL1_fusion32_fusionL1_drop0p2_trmiss80_trlocclin,44,0.4273114005724589,0.6921198566754659,0.5732758620689655,0.7382458081761958,0.5555555555555556,0.0,0.0,0.0,0.0,2002,clin,0.8
1,3,lr1e-04_bs16_modL1_fusion32_fusionL1_drop0p2_trmiss80_trlocclin,16,0.0001,1,32,1,0.2,lr1e-04_bs16_modL1_fusion32_fusionL1_drop0p2_trmiss80_trlocclin,45,0.4529251034061114,0.6825399398803711,0.5775862068965517,0.723108681449646,0.5333333333333333,0.0,0.0,0.0,0.0,2002,clin,0.8
1,3,lr1e-04_bs16_modL1_fusion32_fusionL1_drop0p2_trmiss80_trlocclin,16,0.0001,1,32,1,0.2,lr1e-04_bs16_modL1_fusion32_fusionL1_drop0p2_trmiss80_trlocclin,46,0.42624150961637497,0.6788516839345297,0.5883620689655172,0.7353020515478138,0.5333333333333333,0.0,0.0,0.0,0.0,2002,clin,0.8
1,3,lr1e-04_bs16_modL1_fusion32_fusionL1_drop0p2_trmiss80_trlocclin,16,0.0001,1,32,1,0.2,lr1e-04_bs16_modL1_fusion32_fusionL1_drop0p2_trmiss80_trlocclin,47,0.42123858133951825,0.6807101368904114,0.5711206896551724,0.7189892028008878,0.5333333333333333,0.0,0.0,0.0,0.0,2002,clin,0.8
1,3,lr1e-04_bs16_modL1_fusion32_fusionL1_drop0p2_trmiss80_trlocclin,16,0.0001,1,32,1,0.2,lr1e-04_bs16_modL1_fusion32_fusionL1_drop0p2_trmiss80_trlocclin,48,0.40724661697944003,0.6821876764297485,0.5732758620689655,0.7213235238776025,0.5555555555555556,0.0,0.0,0.0,0.0,2002,clin,0.8
1,3,lr1e-04_bs16_modL1_fusion32_fusionL1_drop0p2_trmiss80_trlocclin,16,0.0001,1,32,1,0.2,lr1e-04_bs16_modL1_fusion32_fusionL1_drop0p2_trmiss80_trlocclin,49,0.4198889310161273,0.6807061235109965,0.5862068965517241,0.737644799899423,0.5333333333333333,0.0,0.0,0.0,0.0,2002,clin,0.8
1,3,lr1e-04_bs16_modL1_fusion32_fusionL1_drop0p2_trmiss80_trlocclin,16,0.0001,1,32,1,0.2,lr1e-04_bs16_modL1_fusion32_fusionL1_drop0p2_trmiss80_trlocclin,50,0.4105742375055949,0.6860399047533671,0.5948275862068965,0.7360400407224051,0.5555555555555556,0.0,0.0,0.0,0.0,2002,clin,0.8
1,3,lr1e-04_bs16_modL1_fusion32_fusionL1_drop0p2_trmiss80_trlocclin,16,0.0001,1,32,1,0.2,lr1e-04_bs16_modL1_fusion32_fusionL1_drop0p2_trmiss80_trlocclin,51,0.43110471467177075,0.6841505368550619,0.584051724137931,0.730924196213757,0.5111111111111111,0.0,0.0,0.0,0.0,2002,clin,0.8
1,3,lr1e-04_bs16_modL1_fusion32_fusionL1_drop0p2_trmiss80_trlocclin,16,0.0001,1,32,1,0.2,lr1e-04_bs16_modL1_fusion32_fusionL1_drop0p2_trmiss80_trlocclin,52,0.4276700144012769,0.6754266222318014,0.5926724137931034,0.7337371267273108,0.5333333333333333,0.0,0.0,0.0,0.0,2002,clin,0.8
1,3,lr1e-04_bs16_modL1_fusion32_fusionL1_drop0p2_trmiss80_trlocclin,16,0.0001,1,32,1,0.2,lr1e-04_bs16_modL1_fusion32_fusionL1_drop0p2_trmiss80_trlocclin,53,0.41994217534859973,0.6827354431152344,0.584051724137931,0.7289448892031422,0.5333333333333333,0.0,0.0,0.0,0.0,2002,clin,0.8
1,3,lr1e-04_bs16_modL1_fusion32_fusionL1_drop0p2_trmiss80_trlocclin,16,0.0001,1,32,1,0.2,lr1e-04_bs16_modL1_fusion32_fusionL1_drop0p2_trmiss80_trlocclin,54,0.41439761966466904,0.6812894145647684,0.5991379310344828,0.7449895213665597,0.5333333333333333,0.0,0.0,0.0,0.0,2002,clin,0.8
1,3,lr1e-04_bs16_modL1_fusion32_fusionL1_drop0p2_trmiss80_trlocclin,16,0.0001,1,32,1,0.2,lr1e-04_bs16_modL1_fusion32_fusionL1_drop0p2_trmiss80_trlocclin,55,0.4191739186644554,0.6846910715103149,0.5926724137931034,0.7345564459106418,0.5111111111111111,0.0,0.0,0.0,0.0,2002,clin,0.8
1,3,lr1e-04_bs16_modL1_fusion32_fusionL1_drop0p2_trmiss80_trlocclin,16,0.0001,1,32,1,0.2,lr1e-04_bs16_modL1_fusion32_fusionL1_drop0p2_trmiss80_trlocclin,56,0.40518080443143845,0.6882695357004801,0.5948275862068966,0.7450726687854724,0.5333333333333333,0.0,0.0,0.0,0.0,2002,clin,0.8
1,3,lr1e-04_bs16_modL1_fusion32_fusionL1_drop0p2_trmiss80_trlocclin,16,0.0001,1,32,1,0.2,lr1e-04_bs16_modL1_fusion32_fusionL1_drop0p2_trmiss80_trlocclin,57,0.4130432878931363,0.6791589657465616,0.5948275862068966,0.7491219546033097,0.5333333333333333,0.0,0.0,0.0,0.0,2002,clin,0.8
1,3,lr1e-04_bs16_modL1_fusion32_fusionL1_drop0p2_trmiss80_trlocclin,16,0.0001,1,32,1,0.2,lr1e-04_bs16_modL1_fusion32_fusionL1_drop0p2_trmiss80_trlocclin,58,0.43664755920569104,0.6736990412076315,0.5775862068965517,0.72354481869238,0.5555555555555556,0.0,0.0,0.0,0.0,2002,clin,0.8
1,3,lr1e-04_bs16_modL1_fusion32_fusionL1_drop0p2_trmiss80_trlocclin,16,0.0001,1,32,1,0.2,lr1e-04_bs16_modL1_fusion32_fusionL1_drop0p2_trmiss80_trlocclin,59,0.4233614032467206,0.6807898680369059,0.5926724137931034,0.7491228611783809,0.5111111111111111,0.0,0.0,0.0,0.0,2002,clin,0.8
1,3,lr1e-04_bs16_modL1_fusion32_fusionL1_drop0p2_trmiss80_trlocclin,16,0.0001,1,32,1,0.2,lr1e-04_bs16_modL1_fusion32_fusionL1_drop0p2_trmiss80_trlocclin,60,0.4107793519894282,0.6800319155057272,0.5862068965517242,0.7357504908065072,0.5111111111111111,0.0,0.0,0.0,0.0,2002,clin,0.8
1,3,lr1e-04_bs16_modL1_fusion32_fusionL1_drop0p2_trmiss80_trlocclin,16,0.0001,1,32,1,0.2,lr1e-04_bs16_modL1_fusion32_fusionL1_drop0p2_trmiss80_trlocclin,61,0.4363253712654114,0.6807788610458374,0.5905172413793103,0.7405613581522682,0.5111111111111111,0.0,0.0,0.0,0.0,2002,clin,0.8
1,3,lr1e-04_bs16_modL1_fusion32_fusionL1_drop0p2_trmiss80_trlocclin,16,0.0001,1,32,1,0.2,lr1e-04_bs16_modL1_fusion32_fusionL1_drop0p2_trmiss80_trlocclin,62,0.4212252547343572,0.6846476793289185,0.5797413793103448,0.7277226705404408,0.5555555555555556,0.0,0.0,0.0,0.0,2002,clin,0.8
1,3,lr1e-04_bs16_modL1_fusion32_fusionL1_drop0p2_trmiss80_trlocclin,16,0.0001,1,32,1,0.2,lr1e-04_bs16_modL1_fusion32_fusionL1_drop0p2_trmiss80_trlocclin,63,0.414343240360419,0.6772589683532715,0.603448275862069,0.7465205008398886,0.5333333333333333,0.0,0.0,0.0,0.0,2002,clin,0.8
1,3,lr1e-04_bs16_modL1_fusion32_fusionL1_drop0p2_trmiss80_trlocclin,16,0.0001,1,32,1,0.2,lr1e-04_bs16_modL1_fusion32_fusionL1_drop0p2_trmiss80_trlocclin,64,0.43760740756988525,0.6784258286158243,0.5905172413793103,0.7454611129108258,0.5333333333333333,0.0,0.0,0.0,0.0,2002,clin,0.8
1,3,lr1e-04_bs16_modL1_fusion32_fusionL1_drop0p2_trmiss80_trlocclin,16,0.0001,1,32,1,0.2,lr1e-04_bs16_modL1_fusion32_fusionL1_drop0p2_trmiss80_trlocclin,65,0.40473420172929764,0.6751409371693929,0.6012931034482759,0.7507173434102623,0.5777777777777777,0.0,0.0,0.0,0.0,2002,clin,0.8
1,3,lr1e-04_bs16_modL1_fusion32_fusionL1_drop0p2_trmiss80_trlocclin,16,0.0001,1,32,1,0.2,lr1e-04_bs16_modL1_fusion32_fusionL1_drop0p2_trmiss80_trlocclin,66,0.43086519589026767,0.6903066833813986,0.5948275862068966,0.7434428246856412,0.5555555555555556,0.0,0.0,0.0,0.0,2002,clin,0.8
1,3,lr1e-04_bs16_modL1_fusion32_fusionL1_drop0p2_trmiss80_trlocclin,16,0.0001,1,32,1,0.2,lr1e-04_bs16_modL1_fusion32_fusionL1_drop0p2_trmiss80_trlocclin,67,0.41492661585410434,0.672401229540507,0.603448275862069,0.7541792904130324,0.5555555555555556,0.0,0.0,0.0,0.0,2002,clin,0.8
1,3,lr1e-04_bs16_modL1_fusion32_fusionL1_drop0p2_trmiss80_trlocclin,16,0.0001,1,32,1,0.2,lr1e-04_bs16_modL1_fusion32_fusionL1_drop0p2_trmiss80_trlocclin,68,0.42911867052316666,0.6803775429725647,0.5991379310344828,0.7450705260184342,0.5777777777777777,0.0,0.0,0.0,0.0,2002,clin,0.8
1,3,lr1e-04_bs16_modL1_fusion32_fusionL1_drop0p2_trmiss80_trlocclin,16,0.0001,1,32,1,0.2,lr1e-04_bs16_modL1_fusion32_fusionL1_drop0p2_trmiss80_trlocclin,69,0.4295309657851855,0.6876727143923441,0.603448275862069,0.7555006425017159,0.5777777777777777,0.0,0.0,0.0,0.0,2002,clin,0.8
1,3,lr1e-04_bs16_modL1_fusion32_fusionL1_drop0p2_trmiss80_trlocclin,16,0.0001,1,32,1,0.2,lr1e-04_bs16_modL1_fusion32_fusionL1_drop0p2_trmiss80_trlocclin,70,0.410657877723376,0.6844583749771118,0.584051724137931,0.7268111963340246,0.5777777777777777,0.0,0.0,0.0,0.0,2002,clin,0.8
1,3,lr1e-04_bs16_modL1_fusion32_fusionL1_drop0p2_trmiss80_trlocclin,16,0.0001,1,32,1,0.2,lr1e-04_bs16_modL1_fusion32_fusionL1_drop0p2_trmiss80_trlocclin,71,0.38866082827250165,0.676261305809021,0.5905172413793104,0.7297604748060681,0.5777777777777777,0.0,0.0,0.0,0.0,2002,clin,0.8
1,3,lr1e-04_bs16_modL1_fusion32_fusionL1_drop0p2_trmiss80_trlocclin,16,0.0001,1,32,1,0.2,lr1e-04_bs16_modL1_fusion32_fusionL1_drop0p2_trmiss80_trlocclin,72,0.3827485019961993,0.6688899199167887,0.5948275862068966,0.7395412564719249,0.5777777777777777,0.0,0.0,0.0,0.0,2002,clin,0.8
1,3,lr1e-04_bs16_modL1_fusion32_fusionL1_drop0p2_trmiss80_trlocclin,16,0.0001,1,32,1,0.2,lr1e-04_bs16_modL1_fusion32_fusionL1_drop0p2_trmiss80_trlocclin,73,0.4251922393838565,0.6775332093238831,0.5862068965517242,0.7311288154983101,0.5555555555555556,0.0,0.0,0.0,0.0,2002,clin,0.8
1,3,lr1e-04_bs16_modL1_fusion32_fusionL1_drop0p2_trmiss80_trlocclin,16,0.0001,1,32,1,0.2,lr1e-04_bs16_modL1_fusion32_fusionL1_drop0p2_trmiss80_trlocclin,74,0.41927244514226913,0.6838973164558411,0.5926724137931034,0.7382497630588228,0.5333333333333333,0.0,0.0,0.0,0.0,2002,clin,0.8
1,3,lr1e-04_bs16_modL1_fusion32_fusionL1_drop0p2_trmiss80_trlocclin,16,0.0001,1,32,1,0.2,lr1e-04_bs16_modL1_fusion32_fusionL1_drop0p2_trmiss80_trlocclin,75,0.40296607464551926,0.6828843553860983,0.5775862068965518,0.727199012551388,0.5333333333333333,0.0,0.0,0.0,0.0,2002,clin,0.8
1,3,lr1e-04_bs16_modL1_fusion32_fusionL1_drop0p2_trmiss80_trlocclin,16,0.0001,1,32,1,0.2,lr1e-04_bs16_modL1_fusion32_fusionL1_drop0p2_trmiss80_trlocclin,76,0.42548809697230655,0.6903903683026632,0.5862068965517242,0.7330696234479789,0.5555555555555556,0.0,0.0,0.0,0.0,2002,clin,0.8
1,3,lr1e-04_bs16_modL1_fusion32_fusionL1_drop0p2_trmiss80_trlocclin,16,0.0001,1,32,1,0.2,lr1e-04_bs16_modL1_fusion32_fusionL1_drop0p2_trmiss80_trlocclin,77,0.4197416454553604,0.6831095019976298,0.6012931034482759,0.7558983802219688,0.5777777777777777,0.0,0.0,0.0,0.0,2002,clin,0.8
1,3,lr1e-04_bs16_modL1_fusion32_fusionL1_drop0p2_trmiss80_trlocclin,16,0.0001,1,32,1,0.2,lr1e-04_bs16_modL1_fusion32_fusionL1_drop0p2_trmiss80_trlocclin,78,0.41861360023419064,0.6806432207425436,0.584051724137931,0.7318057241857877,0.5777777777777777,0.0,0.0,0.0,0.0,2002,clin,0.8
1,3,lr1e-04_bs16_modL1_fusion32_fusionL1_drop0p2_trmiss80_trlocclin,16,0.0001,1,32,1,0.2,lr1e-04_bs16_modL1_fusion32_fusionL1_drop0p2_trmiss80_trlocclin,79,0.4056991661588351,0.6830411752065023,0.5883620689655172,0.7299901689876679,0.5555555555555556,0.0,0.0,0.0,0.0,2002,clin,0.8
1,3,lr1e-04_bs16_modL1_fusion32_fusionL1_drop0p2_trmiss80_trlocclin,16,0.0001,1,32,1,0.2,lr1e-04_bs16_modL1_fusion32_fusionL1_drop0p2_trmiss80_trlocclin,80,0.410821000734965,0.6795340180397034,0.5926724137931034,0.740378624851744,0.5555555555555556,0.0,0.0,0.0,0.0,2002,clin,0.8
1,3,lr1e-04_bs16_modL1_fusion32_fusionL1_drop0p1_trmiss80_trlocclin,16,0.0001,1,32,1,0.1,lr1e-04_bs16_modL1_fusion32_fusionL1_drop0p1_trmiss80_trlocclin,1,0.746434157093366,0.6828384399414062,0.5991379310344828,0.6644353176842549,0.6,0.0,0.0,0.0,0.0,2002,clin,0.8
1,3,lr1e-04_bs16_modL1_fusion32_fusionL1_drop0p1_trmiss80_trlocclin,16,0.0001,1,32,1,0.1,lr1e-04_bs16_modL1_fusion32_fusionL1_drop0p1_trmiss80_trlocclin,2,0.6898343712091446,0.6710448861122131,0.5991379310344828,0.6774216268458322,0.5777777777777777,0.0,0.0,0.0,0.0,2002,clin,0.8
1,3,lr1e-04_bs16_modL1_fusion32_fusionL1_drop0p1_trmiss80_trlocclin,16,0.0001,1,32,1,0.1,lr1e-04_bs16_modL1_fusion32_fusionL1_drop0p1_trmiss80_trlocclin,3,0.6534689317146937,0.6628260016441345,0.6551724137931034,0.7935825253155984,0.5555555555555556,0.0,0.0,0.0,0.0,2002,clin,0.8
1,3,lr1e-04_bs16_modL1_fusion32_fusionL1_drop0p1_trmiss80_trlocclin,16,0.0001,1,32,1,0.1,lr1e-04_bs16_modL1_fusion32_fusionL1_drop0p1_trmiss80_trlocclin,4,0.617870365579923,0.6581164201100668,0.6594827586206896,0.8135524340148901,0.6,0.0,0.0,0.0,0.0,2002,clin,0.8
1,3,lr1e-04_bs16_modL1_fusion32_fusionL1_drop0p1_trmiss80_trlocclin,16,0.0001,1,32,1,0.1,lr1e-04_bs16_modL1_fusion32_fusionL1_drop0p1_trmiss80_trlocclin,5,0.6090545058250427,0.6637428601582845,0.6788793103448275,0.8207719963337718,0.6,0.0,0.0,0.0,0.0,2002,clin,0.8
1,3,lr1e-04_bs16_modL1_fusion32_fusionL1_drop0p1_trmiss80_trlocclin,16,0.0001,1,32,1,0.1,lr1e-04_bs16_modL1_fusion32_fusionL1_drop0p1_trmiss80_trlocclin,6,0.5774068633715311,0.6551884412765503,0.6616379310344828,0.7985900120601475,0.5555555555555556,0.0,0.0,0.0,0.0,2002,clin,0.8
1,3,lr1e-04_bs16_modL1_fusion32_fusionL1_drop0p1_trmiss80_trlocclin,16,0.0001,1,32,1,0.1,lr1e-04_bs16_modL1_fusion32_fusionL1_drop0p1_trmiss80_trlocclin,7,0.5429215530554453,0.6608443260192871,0.6831896551724138,0.8144764944268958,0.5777777777777777,0.0,0.0,0.0,0.0,2002,clin,0.8
1,3,lr1e-04_bs16_modL1_fusion32_fusionL1_drop0p1_trmiss80_trlocclin,16,0.0001,1,32,1,0.1,lr1e-04_bs16_modL1_fusion32_fusionL1_drop0p1_trmiss80_trlocclin,8,0.5417917221784592,0.6677281856536865,0.6594827586206896,0.7914075604402977,0.5777777777777777,0.0,0.0,0.0,0.0,2002,clin,0.8
1,3,lr1e-04_bs16_modL1_fusion32_fusionL1_drop0p1_trmiss80_trlocclin,16,0.0001,1,32,1,0.1,lr1e-04_bs16_modL1_fusion32_fusionL1_drop0p1_trmiss80_trlocclin,9,0.5240103105703989,0.6631081302960714,0.6681034482758621,0.7972938024205034,0.5777777777777777,0.0,0.0,0.0,0.0,2002,clin,0.8
1,3,lr1e-04_bs16_modL1_fusion32_fusionL1_drop0p1_trmiss80_trlocclin,16,0.0001,1,32,1,0.1,lr1e-04_bs16_modL1_fusion32_fusionL1_drop0p1_trmiss80_trlocclin,10,0.5259579668442408,0.6644388238588969,0.6853448275862069,0.8221293452358005,0.5333333333333333,0.0,0.0,0.0,0.0,2002,clin,0.8
1,3,lr1e-04_bs16_modL1_fusion32_fusionL1_drop0p1_trmiss80_trlocclin,16,0.0001,1,32,1,0.1,lr1e-04_bs16_modL1_fusion32_fusionL1_drop0p1_trmiss80_trlocclin,11,0.5161155586441358,0.6677522659301758,0.668103448275862,0.8141322230639156,0.5111111111111111,0.0,0.0,0.0,0.0,2002,clin,0.8
1,3,lr1e-04_bs16_modL1_fusion32_fusionL1_drop0p1_trmiss80_trlocclin,16,0.0001,1,32,1,0.1,lr1e-04_bs16_modL1_fusion32_fusionL1_drop0p1_trmiss80_trlocclin,12,0.47955819964408875,0.6576816042264303,0.665948275862069,0.8124608108296347,0.5333333333333333,0.0,0.0,0.0,0.0,2002,clin,0.8
1,3,lr1e-04_bs16_modL1_fusion32_fusionL1_drop0p1_trmiss80_trlocclin,16,0.0001,1,32,1,0.1,lr1e-04_bs16_modL1_fusion32_fusionL1_drop0p1_trmiss80_trlocclin,13,0.44878361870845157,0.6642539898554484,0.6637931034482758,0.8109883354743694,0.5333333333333333,0.0,0.0,0.0,0.0,2002,clin,0.8
1,3,lr1e-04_bs16_modL1_fusion32_fusionL1_drop0p1_trmiss80_trlocclin,16,0.0001,1,32,1,0.1,lr1e-04_bs16_modL1_fusion32_fusionL1_drop0p1_trmiss80_trlocclin,14,0.4411267141501109,0.6591164867083231,0.6594827586206897,0.801841663903254,0.5333333333333333,0.0,0.0,0.0,0.0,2002,clin,0.8
1,3,lr1e-04_bs16_modL1_fusion32_fusionL1_drop0p1_trmiss80_trlocclin,16,0.0001,1,32,1,0.1,lr1e-04_bs16_modL1_fusion32_fusionL1_drop0p1_trmiss80_trlocclin,15,0.44019730637470883,0.6507659753163656,0.6745689655172413,0.8092476648349185,0.5777777777777777,0.0,0.0,0.0,0.0,2002,clin,0.8
1,3,lr1e-04_bs16_modL1_fusion32_fusionL1_drop0p1_trmiss80_trlocclin,16,0.0001,1,32,1,0.1,lr1e-04_bs16_modL1_fusion32_fusionL1_drop0p1_trmiss80_trlocclin,16,0.43697239210208255,0.6533832748730978,0.665948275862069,0.8028795057143585,0.6,0.0,0.0,0.0,0.0,2002,clin,0.8
1,3,lr1e-04_bs16_modL1_fusion32_fusionL1_drop0p1_trmiss80_trlocclin,16,0.0001,1,32,1,0.1,lr1e-04_bs16_modL1_fusion32_fusionL1_drop0p1_trmiss80_trlocclin,17,0.45789799839258194,0.657274047533671,0.6422413793103449,0.7899456762763439,0.5555555555555556,0.0,0.0,0.0,0.0,2002,clin,0.8
1,3,lr1e-04_bs16_modL1_fusion32_fusionL1_drop0p1_trmiss80_trlocclin,16,0.0001,1,32,1,0.1,lr1e-04_bs16_modL1_fusion32_fusionL1_drop0p1_trmiss80_trlocclin,18,0.4357912590106328,0.663110355536143,0.6400862068965517,0.7931344642838682,0.5333333333333333,0.0,0.0,0.0,0.0,2002,clin,0.8
1,3,lr1e-04_bs16_modL1_fusion32_fusionL1_drop0p1_trmiss80_trlocclin,16,0.0001,1,32,1,0.1,lr1e-04_bs16_modL1_fusion32_fusionL1_drop0p1_trmiss80_trlocclin,19,0.4445352852344513,0.6785761713981628,0.6120689655172413,0.7760559224680366,0.5111111111111111,0.0,0.0,0.0,0.0,2002,clin,0.8
1,3,lr1e-04_bs16_modL1_fusion32_fusionL1_drop0p1_trmiss80_trlocclin,16,0.0001,1,32,1,0.1,lr1e-04_bs16_modL1_fusion32_fusionL1_drop0p1_trmiss80_trlocclin,20,0.4319976518551509,0.6732636491457621,0.5991379310344829,0.7727652050423024,0.5333333333333333,0.0,0.0,0.0,0.0,2002,clin,0.8
1,3,lr1e-04_bs16_modL1_fusion32_fusionL1_drop0p1_trmiss80_trlocclin,16,0.0001,1,32,1,0.1,lr1e-04_bs16_modL1_fusion32_fusionL1_drop0p1_trmiss80_trlocclin,21,0.40773500750462216,0.6830617785453796,0.605603448275862,0.7821078205995589,0.4888888888888889,0.0,0.0,0.0,0.0,2002,clin,0.8
1,3,lr1e-04_bs16_modL1_fusion32_fusionL1_drop0p1_trmiss80_trlocclin,16,0.0001,1,32,1,0.1,lr1e-04_bs16_modL1_fusion32_fusionL1_drop0p1_trmiss80_trlocclin,22,0.4256349131464958,0.6704497138659159,0.5948275862068965,0.7713719783552533,0.5555555555555556,0.0,0.0,0.0,0.0,2002,clin,0.8
1,3,lr1e-04_bs16_modL1_fusion32_fusionL1_drop0p1_trmiss80_trlocclin,16,0.0001,1,32,1,0.1,lr1e-04_bs16_modL1_fusion32_fusionL1_drop0p1_trmiss80_trlocclin,23,0.40167348086833954,0.6871618231137594,0.5862068965517242,0.7669888036212413,0.5333333333333333,0.0,0.0,0.0,0.0,2002,clin,0.8
1,3,lr1e-04_bs16_modL1_fusion32_fusionL1_drop0p1_trmiss80_trlocclin,16,0.0001,1,32,1,0.1,lr1e-04_bs16_modL1_fusion32_fusionL1_drop0p1_trmiss80_trlocclin,24,0.4105658407012622,0.6687619090080261,0.6142241379310345,0.7903468482926521,0.5333333333333333,0.0,0.0,0.0,0.0,2002,clin,0.8
1,3,lr1e-04_bs16_modL1_fusion32_fusionL1_drop0p1_trmiss80_trlocclin,16,0.0001,1,32,1,0.1,lr1e-04_bs16_modL1_fusion32_fusionL1_drop0p1_trmiss80_trlocclin,25,0.38279958814382553,0.6790035367012024,0.6120689655172413,0.7866696890025329,0.5555555555555556,0.0,0.0,0.0,0.0,2002,clin,0.8
1,3,lr1e-04_bs16_modL1_fusion32_fusionL1_drop0p1_trmiss80_trlocclin,16,0.0001,1,32,1,0.1,lr1e-04_bs16_modL1_fusion32_fusionL1_drop0p1_trmiss80_trlocclin,26,0.3976570988694827,0.678384264310201,0.6120689655172413,0.7891998214808909,0.5555555555555556,0.0,0.0,0.0,0.0,2002,clin,0.8
1,3,lr1e-04_bs16_modL1_fusion32_fusionL1_drop0p1_trmiss80_trlocclin,16,0.0001,1,32,1,0.1,lr1e-04_bs16_modL1_fusion32_fusionL1_drop0p1_trmiss80_trlocclin,27,0.42040135711431503,0.6731269558270773,0.6314655172413793,0.7985833368718178,0.6,0.0,0.0,0.0,0.0,2002,clin,0.8
1,3,lr1e-04_bs16_modL1_fusion32_fusionL1_drop0p1_trmiss80_trlocclin,16,0.0001,1,32,1,0.1,lr1e-04_bs16_modL1_fusion32_fusionL1_drop0p1_trmiss80_trlocclin,28,0.3814928779999415,0.6726468801498413,0.6163793103448276,0.7838688254741688,0.5333333333333333,0.0,0.0,0.0,0.0,2002,clin,0.8
1,3,lr1e-04_bs16_modL1_fusion32_fusionL1_drop0p1_trmiss80_trlocclin,16,0.0001,1,32,1,0.1,lr1e-04_bs16_modL1_fusion32_fusionL1_drop0p1_trmiss80_trlocclin,29,0.41916550944248837,0.6838251749674479,0.6120689655172413,0.7890759167263344,0.5555555555555556,0.0,0.0,0.0,0.0,2002,clin,0.8
1,3,lr1e-04_bs16_modL1_fusion32_fusionL1_drop0p1_trmiss80_trlocclin,16,0.0001,1,32,1,0.1,lr1e-04_bs16_modL1_fusion32_fusionL1_drop0p1_trmiss80_trlocclin,30,0.3786969482898712,0.6855603059132894,0.603448275862069,0.7861985063008017,0.5333333333333333,0.0,0.0,0.0,0.0,2002,clin,0.8
1,3,lr1e-04_bs16_modL1_fusion64_fusionL1_drop0p2_trmiss80_trlocclin,16,0.0001,1,64,1,0.2,lr1e-04_bs16_modL1_fusion64_fusionL1_drop0p2_trmiss80_trlocclin,1,0.699634795387586,0.6965437332789103,0.4008620689655173,0.638444327283009,0.4,0.0,0.0,0.0,0.0,2002,clin,0.8
1,3,lr1e-04_bs16_modL1_fusion64_fusionL1_drop0p2_trmiss80_trlocclin,16,0.0001,1,64,1,0.2,lr1e-04_bs16_modL1_fusion64_fusionL1_drop0p2_trmiss80_trlocclin,2,0.6414693494637808,0.7014285524686178,0.4375,0.6283670502190647,0.4444444444444444,0.0,0.0,0.0,0.0,2002,clin,0.8
1,3,lr1e-04_bs16_modL1_fusion64_fusionL1_drop0p2_trmiss80_trlocclin,16,0.0001,1,64,1,0.2,lr1e-04_bs16_modL1_fusion64_fusionL1_drop0p2_trmiss80_trlocclin,3,0.6101018786430359,0.7024785876274109,0.44396551724137934,0.6202793304722248,0.5111111111111111,0.0,0.0,0.0,0.0,2002,clin,0.8
1,3,lr1e-04_bs16_modL1_fusion64_fusionL1_drop0p2_trmiss80_trlocclin,16,0.0001,1,64,1,0.2,lr1e-04_bs16_modL1_fusion64_fusionL1_drop0p2_trmiss80_trlocclin,4,0.5990274796883265,0.7026049296061198,0.47413793103448276,0.6511822466882213,0.5333333333333333,0.0,0.0,0.0,0.0,2002,clin,0.8
1,3,lr1e-04_bs16_modL1_fusion64_fusionL1_drop0p2_trmiss80_trlocclin,16,0.0001,1,64,1,0.2,lr1e-04_bs16_modL1_fusion64_fusionL1_drop0p2_trmiss80_trlocclin,5,0.589079350233078,0.6987054347991943,0.48060344827586204,0.6678080024239403,0.5333333333333333,0.0,0.0,0.0,0.0,2002,clin,0.8
1,3,lr1e-04_bs16_modL1_fusion64_fusionL1_drop0p2_trmiss80_trlocclin,16,0.0001,1,64,1,0.2,lr1e-04_bs16_modL1_fusion64_fusionL1_drop0p2_trmiss80_trlocclin,6,0.5641383032004038,0.7008038957913717,0.4698275862068965,0.6758617464223127,0.5111111111111111,0.0,0.0,0.0,0.0,2002,clin,0.8
1,3,lr1e-04_bs16_modL1_fusion64_fusionL1_drop0p2_trmiss80_trlocclin,16,0.0001,1,64,1,0.2,lr1e-04_bs16_modL1_fusion64_fusionL1_drop0p2_trmiss80_trlocclin,7,0.5690557931860288,0.6923290888468424,0.4913793103448276,0.6802274152418255,0.5333333333333333,0.0,0.0,0.0,0.0,2002,clin,0.8
1,3,lr1e-04_bs16_modL1_fusion64_fusionL1_drop0p2_trmiss80_trlocclin,16,0.0001,1,64,1,0.2,lr1e-04_bs16_modL1_fusion64_fusionL1_drop0p2_trmiss80_trlocclin,8,0.5556386187672615,0.6844566067059835,0.5237068965517241,0.6959169722959762,0.6,0.0,0.0,0.0,0.0,2002,clin,0.8
1,3,lr1e-04_bs16_modL1_fusion64_fusionL1_drop0p2_trmiss80_trlocclin,16,0.0001,1,64,1,0.2,lr1e-04_bs16_modL1_fusion64_fusionL1_drop0p2_trmiss80_trlocclin,9,0.5319388061761856,0.6875617504119873,0.5258620689655172,0.6913922062966678,0.6,0.0,0.0,0.0,0.0,2002,clin,0.8
1,3,lr1e-04_bs16_modL1_fusion64_fusionL1_drop0p2_trmiss80_trlocclin,16,0.0001,1,64,1,0.2,lr1e-04_bs16_modL1_fusion64_fusionL1_drop0p2_trmiss80_trlocclin,10,0.5098768621683121,0.6841643253962199,0.5,0.6735529784364718,0.6,0.0,0.0,0.0,0.0,2002,clin,0.8
1,3,lr1e-04_bs16_modL1_fusion64_fusionL1_drop0p2_trmiss80_trlocclin,16,0.0001,1,64,1,0.2,lr1e-04_bs16_modL1_fusion64_fusionL1_drop0p2_trmiss80_trlocclin,11,0.506791261335214,0.6836510101954142,0.4870689655172414,0.6701687325861159,0.5333333333333333,0.0,0.0,0.0,0.0,2002,clin,0.8
1,3,lr1e-04_bs16_modL1_fusion64_fusionL1_drop0p2_trmiss80_trlocclin,16,0.0001,1,64,1,0.2,lr1e-04_bs16_modL1_fusion64_fusionL1_drop0p2_trmiss80_trlocclin,12,0.4917057827115059,0.6889073053995768,0.48275862068965514,0.6515131358900795,0.6,0.0,0.0,0.0,0.0,2002,clin,0.8
1,3,lr1e-04_bs16_modL1_fusion64_fusionL1_drop0p2_trmiss80_trlocclin,16,0.0001,1,64,1,0.2,lr1e-04_bs16_modL1_fusion64_fusionL1_drop0p2_trmiss80_trlocclin,13,0.46503736823797226,0.689647396405538,0.49568965517241376,0.6636500738860744,0.5555555555555556,0.0,0.0,0.0,0.0,2002,clin,0.8
1,3,lr1e-04_bs16_modL1_fusion64_fusionL1_drop0p2_trmiss80_trlocclin,16,0.0001,1,64,1,0.2,lr1e-04_bs16_modL1_fusion64_fusionL1_drop0p2_trmiss80_trlocclin,14,0.4633167162537575,0.6868662436803182,0.5193965517241379,0.7186696748809159,0.5333333333333333,0.0,0.0,0.0,0.0,2002,clin,0.8
1,3,lr1e-04_bs16_modL1_fusion64_fusionL1_drop0p2_trmiss80_trlocclin,16,0.0001,1,64,1,0.2,lr1e-04_bs16_modL1_fusion64_fusionL1_drop0p2_trmiss80_trlocclin,15,0.4587390919526418,0.6869277954101562,0.5086206896551725,0.6875612349073636,0.5777777777777777,0.0,0.0,0.0,0.0,2002,clin,0.8
1,3,lr1e-04_bs16_modL1_fusion64_fusionL1_drop0p2_trmiss80_trlocclin,16,0.0001,1,64,1,0.2,lr1e-04_bs16_modL1_fusion64_fusionL1_drop0p2_trmiss80_trlocclin,16,0.4165357102950414,0.6858632365862528,0.5129310344827587,0.6929468405717242,0.5555555555555556,0.0,0.0,0.0,0.0,2002,clin,0.8
1,3,lr1e-04_bs16_modL1_fusion64_fusionL1_drop0p2_trmiss80_trlocclin,16,0.0001,1,64,1,0.2,lr1e-04_bs16_modL1_fusion64_fusionL1_drop0p2_trmiss80_trlocclin,17,0.44915638864040375,0.6787593563397726,0.5258620689655172,0.6776452854959599,0.5555555555555556,0.0,0.0,0.0,0.0,2002,clin,0.8
1,3,lr1e-04_bs16_modL1_fusion64_fusionL1_drop0p2_trmiss80_trlocclin,16,0.0001,1,64,1,0.2,lr1e-04_bs16_modL1_fusion64_fusionL1_drop0p2_trmiss80_trlocclin,18,0.4078321357568105,0.6715072989463806,0.540948275862069,0.70697564463366,0.5555555555555556,0.0,0.0,0.0,0.0,2002,clin,0.8
1,3,lr1e-04_bs16_modL1_fusion64_fusionL1_drop0p2_trmiss80_trlocclin,16,0.0001,1,64,1,0.2,lr1e-04_bs16_modL1_fusion64_fusionL1_drop0p2_trmiss80_trlocclin,19,0.4190624977151553,0.6750244895617167,0.5560344827586207,0.7169769367295048,0.6,0.0,0.0,0.0,0.0,2002,clin,0.8
1,3,lr1e-04_bs16_modL1_fusion64_fusionL1_drop0p2_trmiss80_trlocclin,16,0.0001,1,64,1,0.2,lr1e-04_bs16_modL1_fusion64_fusionL1_drop0p2_trmiss80_trlocclin,20,0.40098675588766736,0.6774782538414001,0.5625,0.7210547255689354,0.5555555555555556,0.0,0.0,0.0,0.0,2002,clin,0.8
1,3,lr1e-04_bs16_modL1_fusion64_fusionL1_drop0p2_trmiss80_trlocclin,16,0.0001,1,64,1,0.2,lr1e-04_bs16_modL1_fusion64_fusionL1_drop0p2_trmiss80_trlocclin,21,0.37927716970443726,0.6733624140421549,0.560344827586207,0.7155439285601576,0.5777777777777777,0.0,0.0,0.0,0.0,2002,clin,0.8
1,3,lr1e-04_bs16_modL1_fusion64_fusionL1_drop0p2_trmiss80_trlocclin,16,0.0001,1,64,1,0.2,lr1e-04_bs16_modL1_fusion64_fusionL1_drop0p2_trmiss80_trlocclin,22,0.3722269708911578,0.6758795380592346,0.5560344827586207,0.7153000984155179,0.5777777777777777,0.0,0.0,0.0,0.0,2002,clin,0.8
1,3,lr1e-04_bs16_modL1_fusion64_fusionL1_drop0p2_trmiss80_trlocclin,16,0.0001,1,64,1,0.2,lr1e-04_bs16_modL1_fusion64_fusionL1_drop0p2_trmiss80_trlocclin,23,0.3615171139438947,0.6729692419370016,0.5452586206896552,0.7086225512463612,0.5333333333333333,0.0,0.0,0.0,0.0,2002,clin,0.8
1,3,lr1e-04_bs16_modL1_fusion64_fusionL1_drop0p2_trmiss80_trlocclin,16,0.0001,1,64,1,0.2,lr1e-04_bs16_modL1_fusion64_fusionL1_drop0p2_trmiss80_trlocclin,24,0.3374418492118518,0.6905218164126078,0.5387931034482759,0.7092095156400534,0.5333333333333333,0.0,0.0,0.0,0.0,2002,clin,0.8
1,3,lr1e-04_bs16_modL1_fusion64_fusionL1_drop0p2_trmiss80_trlocclin,16,0.0001,1,64,1,0.2,lr1e-04_bs16_modL1_fusion64_fusionL1_drop0p2_trmiss80_trlocclin,25,0.3419264182448387,0.7007872859636942,0.5258620689655172,0.6853553932161751,0.5333333333333333,0.0,0.0,0.0,0.0,2002,clin,0.8
1,3,lr1e-04_bs16_modL1_fusion64_fusionL1_drop0p2_trmiss80_trlocclin,16,0.0001,1,64,1,0.2,lr1e-04_bs16_modL1_fusion64_fusionL1_drop0p2_trmiss80_trlocclin,26,0.33283106486002606,0.6838841040929159,0.5129310344827587,0.6750878435102263,0.5111111111111111,0.0,0.0,0.0,0.0,2002,clin,0.8
1,3,lr1e-04_bs16_modL1_fusion64_fusionL1_drop0p2_trmiss80_trlocclin,16,0.0001,1,64,1,0.2,lr1e-04_bs16_modL1_fusion64_fusionL1_drop0p2_trmiss80_trlocclin,27,0.31717950105667114,0.6916359663009644,0.5366379310344828,0.6950287638725825,0.5333333333333333,0.0,0.0,0.0,0.0,2002,clin,0.8
1,3,lr1e-04_bs16_modL1_fusion64_fusionL1_drop0p2_trmiss80_trlocclin,16,0.0001,1,64,1,0.2,lr1e-04_bs16_modL1_fusion64_fusionL1_drop0p2_trmiss80_trlocclin,28,0.305631419022878,0.6794010798136393,0.5452586206896552,0.6947895391480958,0.5777777777777777,0.0,0.0,0.0,0.0,2002,clin,0.8
1,3,lr1e-04_bs16_modL1_fusion64_fusionL1_drop0p2_trmiss80_trlocclin,16,0.0001,1,64,1,0.2,lr1e-04_bs16_modL1_fusion64_fusionL1_drop0p2_trmiss80_trlocclin,29,0.31015239655971527,0.681125263373057,0.5387931034482759,0.7041118873413647,0.5777777777777777,0.0,0.0,0.0,0.0,2002,clin,0.8
1,3,lr1e-04_bs16_modL1_fusion64_fusionL1_drop0p2_trmiss80_trlocclin,16,0.0001,1,64,1,0.2,lr1e-04_bs16_modL1_fusion64_fusionL1_drop0p2_trmiss80_trlocclin,30,0.3387484053770701,0.6993489861488342,0.5258620689655172,0.7056383339050952,0.5777777777777777,0.0,0.0,0.0,0.0,2002,clin,0.8
1,3,lr1e-04_bs16_modL1_fusion64_fusionL1_drop0p2_trmiss80_trlocclin,16,0.0001,1,64,1,0.2,lr1e-04_bs16_modL1_fusion64_fusionL1_drop0p2_trmiss80_trlocclin,31,0.33708231151103973,0.6981677412986755,0.540948275862069,0.7205988189019027,0.5777777777777777,0.0,0.0,0.0,0.0,2002,clin,0.8
1,3,lr1e-04_bs16_modL1_fusion64_fusionL1_drop0p2_trmiss80_trlocclin,16,0.0001,1,64,1,0.2,lr1e-04_bs16_modL1_fusion64_fusionL1_drop0p2_trmiss80_trlocclin,32,0.33012591550747555,0.7002115050951639,0.5301724137931034,0.6806139854746436,0.6,0.0,0.0,0.0,0.0,2002,clin,0.8
1,3,lr1e-04_bs16_modL1_fusion64_fusionL1_drop0p2_trmiss80_trlocclin,16,0.0001,1,64,1,0.2,lr1e-04_bs16_modL1_fusion64_fusionL1_drop0p2_trmiss80_trlocclin,33,0.31562188391884166,0.7059460083643595,0.5193965517241379,0.6880449106316033,0.5777777777777777,0.0,0.0,0.0,0.0,2002,clin,0.8
1,3,lr1e-04_bs16_modL1_fusion64_fusionL1_drop0p2_trmiss80_trlocclin,16,0.0001,1,64,1,0.2,lr1e-04_bs16_modL1_fusion64_fusionL1_drop0p2_trmiss80_trlocclin,34,0.3192008485396703,0.6890978217124939,0.5280172413793104,0.7079857053380688,0.6,0.0,0.0,0.0,0.0,2002,clin,0.8
1,3,lr1e-04_bs16_modL1_fusion64_fusionL1_drop0p2_trmiss80_trlocclin,16,0.0001,1,64,1,0.2,lr1e-04_bs16_modL1_fusion64_fusionL1_drop0p2_trmiss80_trlocclin,35,0.30757299313942593,0.6793862183888754,0.5344827586206897,0.7120084011457544,0.6222222222222222,0.0,0.0,0.0,0.0,2002,clin,0.8
1,3,lr1e-04_bs16_modL1_fusion64_fusionL1_drop0p2_trmiss80_trlocclin,16,0.0001,1,64,1,0.2,lr1e-04_bs16_modL1_fusion64_fusionL1_drop0p2_trmiss80_trlocclin,36,0.2911754213273525,0.6811732451121012,0.5323275862068966,0.70990842792094,0.6222222222222222,0.0,0.0,0.0,0.0,2002,clin,0.8
1,3,lr1e-04_bs16_modL1_fusion64_fusionL1_drop0p2_trmiss80_trlocclin,16,0.0001,1,64,1,0.2,lr1e-04_bs16_modL1_fusion64_fusionL1_drop0p2_trmiss80_trlocclin,37,0.2722632773220539,0.6970846056938171,0.5366379310344828,0.7143679618089518,0.6,0.0,0.0,0.0,0.0,2002,clin,0.8
1,3,lr1e-04_bs16_modL1_fusion64_fusionL1_drop0p2_trmiss80_trlocclin,16,0.0001,1,64,1,0.2,lr1e-04_bs16_modL1_fusion64_fusionL1_drop0p2_trmiss80_trlocclin,38,0.3091229523221652,0.6915632685025533,0.5495689655172414,0.7240185619293347,0.5777777777777777,0.0,0.0,0.0,0.0,2002,clin,0.8
1,3,lr1e-04_bs16_modL1_fusion64_fusionL1_drop0p2_trmiss80_trlocclin,16,0.0001,1,64,1,0.2,lr1e-04_bs16_modL1_fusion64_fusionL1_drop0p2_trmiss80_trlocclin,39,0.3084508453806241,0.6843585968017578,0.5452586206896552,0.7122941263957573,0.6222222222222222,0.0,0.0,0.0,0.0,2002,clin,0.8
1,3,lr1e-04_bs16_modL1_fusion64_fusionL1_drop0p2_trmiss80_trlocclin,16,0.0001,1,64,1,0.2,lr1e-04_bs16_modL1_fusion64_fusionL1_drop0p2_trmiss80_trlocclin,40,0.2925037145614624,0.687371551990509,0.5431034482758621,0.7174078181732316,0.6,0.0,0.0,0.0,0.0,2002,clin,0.8
1,3,lr1e-04_bs16_modL1_fusion64_fusionL1_drop0p1_trmiss80_trlocclin,16,0.0001,1,64,1,0.1,lr1e-04_bs16_modL1_fusion64_fusionL1_drop0p1_trmiss80_trlocclin,1,0.7358924796183904,0.6973781784375509,0.5452586206896552,0.7062276098193926,0.4888888888888889,0.0,0.0,0.0,0.0,2002,clin,0.8
1,3,lr1e-04_bs16_modL1_fusion64_fusionL1_drop0p1_trmiss80_trlocclin,16,0.0001,1,64,1,0.1,lr1e-04_bs16_modL1_fusion64_fusionL1_drop0p1_trmiss80_trlocclin,2,0.6678718576828638,0.6891303857167562,0.6077586206896552,0.7593130367819627,0.5333333333333333,0.0,0.0,0.0,0.0,2002,clin,0.8
1,3,lr1e-04_bs16_modL1_fusion64_fusionL1_drop0p1_trmiss80_trlocclin,16,0.0001,1,64,1,0.1,lr1e-04_bs16_modL1_fusion64_fusionL1_drop0p1_trmiss80_trlocclin,3,0.6259735574324926,0.6891608238220215,0.6293103448275862,0.7631993507634584,0.5333333333333333,0.0,0.0,0.0,0.0,2002,clin,0.8
1,3,lr1e-04_bs16_modL1_fusion64_fusionL1_drop0p1_trmiss80_trlocclin,16,0.0001,1,64,1,0.1,lr1e-04_bs16_modL1_fusion64_fusionL1_drop0p1_trmiss80_trlocclin,4,0.6133535653352737,0.6805219054222107,0.6551724137931034,0.7940149359777405,0.5777777777777777,0.0,0.0,0.0,0.0,2002,clin,0.8
1,3,lr1e-04_bs16_modL1_fusion64_fusionL1_drop0p1_trmiss80_trlocclin,16,0.0001,1,64,1,0.1,lr1e-04_bs16_modL1_fusion64_fusionL1_drop0p1_trmiss80_trlocclin,5,0.599524882932504,0.6859727700551351,0.6379310344827587,0.7806672682065238,0.5777777777777777,0.0,0.0,0.0,0.0,2002,clin,0.8
1,3,lr1e-04_bs16_modL1_fusion64_fusionL1_drop0p1_trmiss80_trlocclin,16,0.0001,1,64,1,0.1,lr1e-04_bs16_modL1_fusion64_fusionL1_drop0p1_trmiss80_trlocclin,6,0.5802678962548574,0.6823388536771139,0.6530172413793104,0.789054557027672,0.6222222222222222,0.0,0.0,0.0,0.0,2002,clin,0.8
1,3,lr1e-04_bs16_modL1_fusion64_fusionL1_drop0p1_trmiss80_trlocclin,16,0.0001,1,64,1,0.1,lr1e-04_bs16_modL1_fusion64_fusionL1_drop0p1_trmiss80_trlocclin,7,0.5368853807449341,0.6867145895957947,0.6422413793103448,0.7814740224658997,0.5777777777777777,0.0,0.0,0.0,0.0,2002,clin,0.8
1,3,lr1e-04_bs16_modL1_fusion64_fusionL1_drop0p1_trmiss80_trlocclin,16,0.0001,1,64,1,0.1,lr1e-04_bs16_modL1_fusion64_fusionL1_drop0p1_trmiss80_trlocclin,8,0.544037364423275,0.6844642361005148,0.6293103448275862,0.7629580259538453,0.6222222222222222,0.0,0.0,0.0,0.0,2002,clin,0.8
1,3,lr1e-04_bs16_modL1_fusion64_fusionL1_drop0p1_trmiss80_trlocclin,16,0.0001,1,64,1,0.1,lr1e-04_bs16_modL1_fusion64_fusionL1_drop0p1_trmiss80_trlocclin,9,0.5052681043744087,0.6821601589520773,0.6163793103448276,0.7579056800738317,0.6,0.0,0.0,0.0,0.0,2002,clin,0.8
1,3,lr1e-04_bs16_modL1_fusion64_fusionL1_drop0p1_trmiss80_trlocclin,16,0.0001,1,64,1,0.1,lr1e-04_bs16_modL1_fusion64_fusionL1_drop0p1_trmiss80_trlocclin,10,0.5247122322519621,0.6918756167093912,0.6163793103448275,0.7537421867734035,0.6222222222222222,0.0,0.0,0.0,0.0,2002,clin,0.8
1,3,lr1e-04_bs16_modL1_fusion64_fusionL1_drop0p1_trmiss80_trlocclin,16,0.0001,1,64,1,0.1,lr1e-04_bs16_modL1_fusion64_fusionL1_drop0p1_trmiss80_trlocclin,11,0.496174452205499,0.6923828125,0.6228448275862069,0.7580189301730798,0.6222222222222222,0.0,0.0,0.0,0.0,2002,clin,0.8
1,3,lr1e-04_bs16_modL1_fusion64_fusionL1_drop0p1_trmiss80_trlocclin,16,0.0001,1,64,1,0.1,lr1e-04_bs16_modL1_fusion64_fusionL1_drop0p1_trmiss80_trlocclin,12,0.48946189632018405,0.6852234403292338,0.5905172413793103,0.7391460609628395,0.6,0.0,0.0,0.0,0.0,2002,clin,0.8
1,3,lr1e-04_bs16_modL1_fusion64_fusionL1_drop0p1_trmiss80_trlocclin,16,0.0001,1,64,1,0.1,lr1e-04_bs16_modL1_fusion64_fusionL1_drop0p1_trmiss80_trlocclin,13,0.4859023094177246,0.680474579334259,0.603448275862069,0.7491988023894631,0.6,0.0,0.0,0.0,0.0,2002,clin,0.8
1,3,lr1e-04_bs16_modL1_fusion64_fusionL1_drop0p1_trmiss80_trlocclin,16,0.0001,1,64,1,0.1,lr1e-04_bs16_modL1_fusion64_fusionL1_drop0p1_trmiss80_trlocclin,14,0.45492181678613025,0.6882714033126831,0.584051724137931,0.7340404650827905,0.5777777777777777,0.0,0.0,0.0,0.0,2002,clin,0.8
1,3,lr1e-04_bs16_modL1_fusion64_fusionL1_drop0p1_trmiss80_trlocclin,16,0.0001,1,64,1,0.1,lr1e-04_bs16_modL1_fusion64_fusionL1_drop0p1_trmiss80_trlocclin,15,0.45017805447181064,0.6897886196772257,0.6206896551724137,0.7593996976539463,0.5777777777777777,0.0,0.0,0.0,0.0,2002,clin,0.8
1,3,lr1e-04_bs16_modL1_fusion64_fusionL1_drop0p1_trmiss80_trlocclin,16,0.0001,1,64,1,0.1,lr1e-04_bs16_modL1_fusion64_fusionL1_drop0p1_trmiss80_trlocclin,16,0.4513016740481059,0.6866441766421,0.6056034482758621,0.7492017441839651,0.5777777777777777,0.0,0.0,0.0,0.0,2002,clin,0.8
1,3,lr1e-04_bs16_modL1_fusion64_fusionL1_drop0p1_trmiss80_trlocclin,16,0.0001,1,64,1,0.1,lr1e-04_bs16_modL1_fusion64_fusionL1_drop0p1_trmiss80_trlocclin,17,0.4656590272982915,0.6817813515663147,0.5905172413793103,0.7405345453346581,0.6,0.0,0.0,0.0,0.0,2002,clin,0.8
1,3,lr1e-04_bs16_modL1_fusion64_fusionL1_drop0p1_trmiss80_trlocclin,16,0.0001,1,64,1,0.1,lr1e-04_bs16_modL1_fusion64_fusionL1_drop0p1_trmiss80_trlocclin,18,0.4306109497944514,0.6857163906097412,0.6293103448275862,0.7636408087340691,0.5777777777777777,0.0,0.0,0.0,0.0,2002,clin,0.8
1,3,lr1e-04_bs16_modL1_fusion64_fusionL1_drop0p1_trmiss80_trlocclin,16,0.0001,1,64,1,0.1,lr1e-04_bs16_modL1_fusion64_fusionL1_drop0p1_trmiss80_trlocclin,19,0.4353533734877904,0.680680493513743,0.5883620689655172,0.7367043322831732,0.6222222222222222,0.0,0.0,0.0,0.0,2002,clin,0.8
1,3,lr1e-04_bs16_modL1_fusion64_fusionL1_drop0p1_trmiss80_trlocclin,16,0.0001,1,64,1,0.1,lr1e-04_bs16_modL1_fusion64_fusionL1_drop0p1_trmiss80_trlocclin,20,0.4323713431755702,0.6805768410364786,0.5926724137931034,0.7418498840968153,0.6222222222222222,0.0,0.0,0.0,0.0,2002,clin,0.8
1,3,lr1e-04_bs16_modL1_fusion64_fusionL1_drop0p1_trmiss80_trlocclin,16,0.0001,1,64,1,0.1,lr1e-04_bs16_modL1_fusion64_fusionL1_drop0p1_trmiss80_trlocclin,21,0.40595729400714237,0.6832980116208395,0.5732758620689655,0.7300869810882071,0.6222222222222222,0.0,0.0,0.0,0.0,2002,clin,0.8
1,3,lr1e-04_bs16_modL1_fusion64_fusionL1_drop0p1_trmiss80_trlocclin,16,0.0001,1,64,1,0.1,lr1e-04_bs16_modL1_fusion64_fusionL1_drop0p1_trmiss80_trlocclin,22,0.4089669908086459,0.6801912983258566,0.603448275862069,0.7467696453664812,0.6222222222222222,0.0,0.0,0.0,0.0,2002,clin,0.8
1,3,lr1e-04_bs16_modL1_fusion64_fusionL1_drop0p1_trmiss80_trlocclin,16,0.0001,1,64,1,0.1,lr1e-04_bs16_modL1_fusion64_fusionL1_drop0p1_trmiss80_trlocclin,23,0.4127306466301282,0.6836512088775635,0.5969827586206897,0.7403920566128126,0.6,0.0,0.0,0.0,0.0,2002,clin,0.8
1,3,lr1e-04_bs16_modL1_fusion64_fusionL1_drop0p1_trmiss80_trlocclin,16,0.0001,1,64,1,0.1,lr1e-04_bs16_modL1_fusion64_fusionL1_drop0p1_trmiss80_trlocclin,24,0.41719170411427814,0.6890413363774618,0.5948275862068966,0.743751779258025,0.6,0.0,0.0,0.0,0.0,2002,clin,0.8
1,3,lr5e-05_bs32_modL1_fusion32_fusionL1_drop0p2_trmiss80_trlocclin,32,5e-05,1,32,1,0.2,lr5e-05_bs32_modL1_fusion32_fusionL1_drop0p2_trmiss80_trlocclin,1,0.6949642499287924,0.685757964849472,0.6293103448275862,0.7536199241453181,0.6,0.0,0.0,0.0,0.0,2002,clin,0.8
1,3,lr5e-05_bs32_modL1_fusion32_fusionL1_drop0p2_trmiss80_trlocclin,32,5e-05,1,32,1,0.2,lr5e-05_bs32_modL1_fusion32_fusionL1_drop0p2_trmiss80_trlocclin,2,0.6659266650676727,0.6808304190635681,0.6336206896551724,0.76707363579052,0.6222222222222222,0.0,0.0,0.0,0.0,2002,clin,0.8
1,3,lr5e-05_bs32_modL1_fusion32_fusionL1_drop0p2_trmiss80_trlocclin,32,5e-05,1,32,1,0.2,lr5e-05_bs32_modL1_fusion32_fusionL1_drop0p2_trmiss80_trlocclin,3,0.6327982544898987,0.6795864701271057,0.622844827586207,0.7694997351866276,0.6,0.0,0.0,0.0,0.0,2002,clin,0.8
1,3,lr5e-05_bs32_modL1_fusion32_fusionL1_drop0p2_trmiss80_trlocclin,32,5e-05,1,32,1,0.2,lr5e-05_bs32_modL1_fusion32_fusionL1_drop0p2_trmiss80_trlocclin,4,0.6154659489790598,0.678244948387146,0.6099137931034483,0.7649900998654725,0.6222222222222222,0.0,0.0,0.0,0.0,2002,clin,0.8
1,3,lr5e-05_bs32_modL1_fusion32_fusionL1_drop0p2_trmiss80_trlocclin,32,5e-05,1,32,1,0.2,lr5e-05_bs32_modL1_fusion32_fusionL1_drop0p2_trmiss80_trlocclin,5,0.6336174805959066,0.6805182099342346,0.5969827586206897,0.75499961061973,0.6,0.0,0.0,0.0,0.0,2002,clin,0.8
1,3,lr5e-05_bs32_modL1_fusion32_fusionL1_drop0p2_trmiss80_trlocclin,32,5e-05,1,32,1,0.2,lr5e-05_bs32_modL1_fusion32_fusionL1_drop0p2_trmiss80_trlocclin,6,0.6215254664421082,0.6807723939418793,0.5883620689655172,0.7385450874383733,0.6,0.0,0.0,0.0,0.0,2002,clin,0.8
1,3,lr5e-05_bs32_modL1_fusion32_fusionL1_drop0p2_trmiss80_trlocclin,32,5e-05,1,32,1,0.2,lr5e-05_bs32_modL1_fusion32_fusionL1_drop0p2_trmiss80_trlocclin,7,0.593337893486023,0.6803144812583923,0.579741379310345,0.7366087240773275,0.5111111111111111,0.0,0.0,0.0,0.0,2002,clin,0.8
1,3,lr5e-05_bs32_modL1_fusion32_fusionL1_drop0p2_trmiss80_trlocclin,32,5e-05,1,32,1,0.2,lr5e-05_bs32_modL1_fusion32_fusionL1_drop0p2_trmiss80_trlocclin,8,0.5893873274326324,0.6812931001186371,0.5905172413793103,0.7312109420825703,0.5555555555555556,0.0,0.0,0.0,0.0,2002,clin,0.8
1,3,lr5e-05_bs32_modL1_fusion32_fusionL1_drop0p2_trmiss80_trlocclin,32,5e-05,1,32,1,0.2,lr5e-05_bs32_modL1_fusion32_fusionL1_drop0p2_trmiss80_trlocclin,9,0.5851300557454427,0.6842269897460938,0.5754310344827586,0.7045672851110337,0.5333333333333333,0.0,0.0,0.0,0.0,2002,clin,0.8
1,3,lr5e-05_bs32_modL1_fusion32_fusionL1_drop0p2_trmiss80_trlocclin,32,5e-05,1,32,1,0.2,lr5e-05_bs32_modL1_fusion32_fusionL1_drop0p2_trmiss80_trlocclin,10,0.5658146242300669,0.6830969154834747,0.5775862068965517,0.6860847862725837,0.5777777777777777,0.0,0.0,0.0,0.0,2002,clin,0.8
1,3,lr5e-05_bs32_modL1_fusion32_fusionL1_drop0p2_trmiss80_trlocclin,32,5e-05,1,32,1,0.2,lr5e-05_bs32_modL1_fusion32_fusionL1_drop0p2_trmiss80_trlocclin,11,0.5726854205131531,0.6820931434631348,0.5883620689655171,0.7054663338817644,0.5777777777777777,0.0,0.0,0.0,0.0,2002,clin,0.8
1,3,lr5e-05_bs32_modL1_fusion32_fusionL1_drop0p2_trmiss80_trlocclin,32,5e-05,1,32,1,0.2,lr5e-05_bs32_modL1_fusion32_fusionL1_drop0p2_trmiss80_trlocclin,12,0.5549774169921875,0.6821735501289368,0.584051724137931,0.6898389303327697,0.5777777777777777,0.0,0.0,0.0,0.0,2002,clin,0.8
1,3,lr5e-05_bs32_modL1_fusion32_fusionL1_drop0p2_trmiss80_trlocclin,32,5e-05,1,32,1,0.2,lr5e-05_bs32_modL1_fusion32_fusionL1_drop0p2_trmiss80_trlocclin,13,0.5365684727827708,0.6803193092346191,0.5926724137931034,0.70125478600417,0.5777777777777777,0.0,0.0,0.0,0.0,2002,clin,0.8
1,3,lr5e-05_bs32_modL1_fusion32_fusionL1_drop0p2_trmiss80_trlocclin,32,5e-05,1,32,1,0.2,lr5e-05_bs32_modL1_fusion32_fusionL1_drop0p2_trmiss80_trlocclin,14,0.5397727241118749,0.678582638502121,0.5883620689655172,0.6992117752514818,0.5777777777777777,0.0,0.0,0.0,0.0,2002,clin,0.8
1,3,lr5e-05_bs32_modL1_fusion32_fusionL1_drop0p2_trmiss80_trlocclin,32,5e-05,1,32,1,0.2,lr5e-05_bs32_modL1_fusion32_fusionL1_drop0p2_trmiss80_trlocclin,15,0.5582238435745239,0.6772420406341553,0.5926724137931034,0.7006116425045,0.5777777777777777,0.0,0.0,0.0,0.0,2002,clin,0.8
1,3,lr5e-05_bs32_modL1_fusion32_fusionL1_drop0p2_trmiss80_trlocclin,32,5e-05,1,32,1,0.2,lr5e-05_bs32_modL1_fusion32_fusionL1_drop0p2_trmiss80_trlocclin,16,0.5449105699857076,0.6802509427070618,0.5905172413793103,0.6988009504441053,0.6222222222222222,0.0,0.0,0.0,0.0,2002,clin,0.8
1,3,lr5e-05_bs32_modL1_fusion32_fusionL1_drop0p2_trmiss80_trlocclin,32,5e-05,1,32,1,0.2,lr5e-05_bs32_modL1_fusion32_fusionL1_drop0p2_trmiss80_trlocclin,17,0.5453661183516184,0.6784896850585938,0.5905172413793104,0.6953406299794194,0.6222222222222222,0.0,0.0,0.0,0.0,2002,clin,0.8
1,3,lr5e-05_bs32_modL1_fusion32_fusionL1_drop0p2_trmiss80_trlocclin,32,5e-05,1,32,1,0.2,lr5e-05_bs32_modL1_fusion32_fusionL1_drop0p2_trmiss80_trlocclin,18,0.5362200140953064,0.6808946132659912,0.5905172413793103,0.6931892178680313,0.6,0.0,0.0,0.0,0.0,2002,clin,0.8
1,3,lr5e-05_bs32_modL1_fusion32_fusionL1_drop0p2_trmiss80_trlocclin,32,5e-05,1,32,1,0.2,lr5e-05_bs32_modL1_fusion32_fusionL1_drop0p2_trmiss80_trlocclin,19,0.5308722058931986,0.6799814999103546,0.5775862068965517,0.6943654638753433,0.6,0.0,0.0,0.0,0.0,2002,clin,0.8
1,3,lr5e-05_bs32_modL1_fusion32_fusionL1_drop0p2_trmiss80_trlocclin,32,5e-05,1,32,1,0.2,lr5e-05_bs32_modL1_fusion32_fusionL1_drop0p2_trmiss80_trlocclin,20,0.5168142120043436,0.6786328554153442,0.5732758620689655,0.6901775025316017,0.6,0.0,0.0,0.0,0.0,2002,clin,0.8
1,3,lr5e-05_bs32_modL1_fusion32_fusionL1_drop0p2_trmiss80_trlocclin,32,5e-05,1,32,1,0.2,lr5e-05_bs32_modL1_fusion32_fusionL1_drop0p2_trmiss80_trlocclin,21,0.5211647649606069,0.68194979429245,0.5818965517241379,0.6968972271369795,0.6,0.0,0.0,0.0,0.0,2002,clin,0.8
1,3,lr5e-05_bs32_modL1_fusion32_fusionL1_drop0p2_trmiss80_trlocclin,32,5e-05,1,32,1,0.2,lr5e-05_bs32_modL1_fusion32_fusionL1_drop0p2_trmiss80_trlocclin,22,0.523518294095993,0.6817697286605835,0.5862068965517242,0.711532194265993,0.6,0.0,0.0,0.0,0.0,2002,clin,0.8
1,3,lr5e-05_bs32_modL1_fusion32_fusionL1_drop0p1_trmiss80_trlocclin,32,5e-05,1,32,1,0.1,lr5e-05_bs32_modL1_fusion32_fusionL1_drop0p1_trmiss80_trlocclin,1,0.7424619098504385,0.6970902979373932,0.5754310344827587,0.6872192415340536,0.4,0.0,0.0,0.0,0.0,2002,clin,0.8
1,3,lr5e-05_bs32_modL1_fusion32_fusionL1_drop0p1_trmiss80_trlocclin,32,5e-05,1,32,1,0.1,lr5e-05_bs32_modL1_fusion32_fusionL1_drop0p1_trmiss80_trlocclin,2,0.7175586223602295,0.7016987800598145,0.5474137931034483,0.6889466850911335,0.4,0.0,0.0,0.0,0.0,2002,clin,0.8
1,3,lr5e-05_bs32_modL1_fusion32_fusionL1_drop0p1_trmiss80_trlocclin,32,5e-05,1,32,1,0.1,lr5e-05_bs32_modL1_fusion32_fusionL1_drop0p1_trmiss80_trlocclin,3,0.7024355431397756,0.7089162170886993,0.5323275862068966,0.6650998728415138,0.37777777777777777,0.0,0.0,0.0,0.0,2002,clin,0.8
1,3,lr5e-05_bs32_modL1_fusion32_fusionL1_drop0p1_trmiss80_trlocclin,32,5e-05,1,32,1,0.1,lr5e-05_bs32_modL1_fusion32_fusionL1_drop0p1_trmiss80_trlocclin,4,0.6970188220342001,0.7143343389034271,0.5258620689655172,0.6496076446655942,0.4,0.0,0.0,0.0,0.0,2002,clin,0.8
1,3,lr5e-05_bs32_modL1_fusion32_fusionL1_drop0p1_trmiss80_trlocclin,32,5e-05,1,32,1,0.1,lr5e-05_bs32_modL1_fusion32_fusionL1_drop0p1_trmiss80_trlocclin,5,0.6741273999214172,0.7186435461044312,0.5387931034482759,0.6652545505676928,0.4444444444444444,0.0,0.0,0.0,0.0,2002,clin,0.8
1,3,lr5e-05_bs32_modL1_fusion32_fusionL1_drop0p1_trmiss80_trlocclin,32,5e-05,1,32,1,0.1,lr5e-05_bs32_modL1_fusion32_fusionL1_drop0p1_trmiss80_trlocclin,6,0.665614386399587,0.7200978994369507,0.5517241379310345,0.6763574753582096,0.4666666666666667,0.0,0.0,0.0,0.0,2002,clin,0.8
1,3,lr5e-05_bs32_modL1_fusion32_fusionL1_drop0p1_trmiss80_trlocclin,32,5e-05,1,32,1,0.1,lr5e-05_bs32_modL1_fusion32_fusionL1_drop0p1_trmiss80_trlocclin,7,0.6448546846707662,0.7227910161018372,0.5732758620689655,0.689796906363445,0.4666666666666667,0.0,0.0,0.0,0.0,2002,clin,0.8
1,3,lr5e-05_bs32_modL1_fusion32_fusionL1_drop0p1_trmiss80_trlocclin,32,5e-05,1,32,1,0.1,lr5e-05_bs32_modL1_fusion32_fusionL1_drop0p1_trmiss80_trlocclin,8,0.6389649113019308,0.722985029220581,0.5711206896551724,0.6886615155728819,0.4444444444444444,0.0,0.0,0.0,0.0,2002,clin,0.8
1,3,lr5e-05_bs32_modL1_fusion32_fusionL1_drop0p1_trmiss80_trlocclin,32,5e-05,1,32,1,0.1,lr5e-05_bs32_modL1_fusion32_fusionL1_drop0p1_trmiss80_trlocclin,9,0.6254576543966929,0.7224111258983612,0.5732758620689655,0.688937236731721,0.4444444444444444,0.0,0.0,0.0,0.0,2002,clin,0.8
1,3,lr5e-05_bs32_modL1_fusion32_fusionL1_drop0p1_trmiss80_trlocclin,32,5e-05,1,32,1,0.1,lr5e-05_bs32_modL1_fusion32_fusionL1_drop0p1_trmiss80_trlocclin,10,0.6114184757073721,0.7197218835353851,0.5797413793103449,0.6901109332667926,0.4888888888888889,0.0,0.0,0.0,0.0,2002,clin,0.8
1,3,lr5e-05_bs32_modL1_fusion32_fusionL1_drop0p1_trmiss80_trlocclin,32,5e-05,1,32,1,0.1,lr5e-05_bs32_modL1_fusion32_fusionL1_drop0p1_trmiss80_trlocclin,11,0.6276006599267324,0.718289315700531,0.5754310344827586,0.6829117318097997,0.4888888888888889,0.0,0.0,0.0,0.0,2002,clin,0.8
1,3,lr5e-05_bs32_modL1_fusion32_fusionL1_drop0p1_trmiss80_trlocclin,32,5e-05,1,32,1,0.1,lr5e-05_bs32_modL1_fusion32_fusionL1_drop0p1_trmiss80_trlocclin,12,0.6147417426109314,0.7113707661628723,0.5797413793103448,0.6864559975863704,0.4888888888888889,0.0,0.0,0.0,0.0,2002,clin,0.8
1,3,lr5e-05_bs32_modL1_fusion32_fusionL1_drop0p1_trmiss80_trlocclin,32,5e-05,1,32,1,0.1,lr5e-05_bs32_modL1_fusion32_fusionL1_drop0p1_trmiss80_trlocclin,13,0.6173661748568217,0.7128934264183044,0.5818965517241379,0.6880829380694926,0.4888888888888889,0.0,0.0,0.0,0.0,2002,clin,0.8
1,3,lr5e-05_bs32_modL1_fusion32_fusionL1_drop0p1_trmiss80_trlocclin,32,5e-05,1,32,1,0.1,lr5e-05_bs32_modL1_fusion32_fusionL1_drop0p1_trmiss80_trlocclin,14,0.6001509726047516,0.7136551737785339,0.5797413793103448,0.6845296880138839,0.4888888888888889,0.0,0.0,0.0,0.0,2002,clin,0.8
1,3,lr5e-05_bs32_modL1_fusion32_fusionL1_drop0p1_trmiss80_trlocclin,32,5e-05,1,32,1,0.1,lr5e-05_bs32_modL1_fusion32_fusionL1_drop0p1_trmiss80_trlocclin,15,0.6101458768049876,0.7115954458713531,0.5732758620689655,0.6803673752308815,0.4888888888888889,0.0,0.0,0.0,0.0,2002,clin,0.8
1,3,lr5e-05_bs32_modL1_fusion32_fusionL1_drop0p1_trmiss80_trlocclin,32,5e-05,1,32,1,0.1,lr5e-05_bs32_modL1_fusion32_fusionL1_drop0p1_trmiss80_trlocclin,16,0.6006738742192587,0.7127270400524139,0.5732758620689655,0.68423843376808,0.4888888888888889,0.0,0.0,0.0,0.0,2002,clin,0.8
1,3,lr5e-05_bs32_modL1_fusion32_fusionL1_drop0p1_trmiss80_trlocclin,32,5e-05,1,32,1,0.1,lr5e-05_bs32_modL1_fusion32_fusionL1_drop0p1_trmiss80_trlocclin,17,0.6007808049519857,0.7117559015750885,0.5797413793103448,0.6863653359040565,0.4888888888888889,0.0,0.0,0.0,0.0,2002,clin,0.8
1,3,lr5e-05_bs32_modL1_fusion32_fusionL1_drop0p1_trmiss80_trlocclin,32,5e-05,1,32,1,0.1,lr5e-05_bs32_modL1_fusion32_fusionL1_drop0p1_trmiss80_trlocclin,18,0.5962155262629191,0.7161063551902771,0.5948275862068966,0.6977614755579095,0.5333333333333333,0.0,0.0,0.0,0.0,2002,clin,0.8
1,3,lr5e-05_bs32_modL1_fusion32_fusionL1_drop0p1_trmiss80_trlocclin,32,5e-05,1,32,1,0.1,lr5e-05_bs32_modL1_fusion32_fusionL1_drop0p1_trmiss80_trlocclin,19,0.6065058211485544,0.7146584391593933,0.5991379310344828,0.7003967130165181,0.5333333333333333,0.0,0.0,0.0,0.0,2002,clin,0.8
1,3,lr5e-05_bs32_modL1_fusion32_fusionL1_drop0p1_trmiss80_trlocclin,32,5e-05,1,32,1,0.1,lr5e-05_bs32_modL1_fusion32_fusionL1_drop0p1_trmiss80_trlocclin,20,0.5893513957659403,0.7138769626617432,0.5905172413793104,0.6951070670505064,0.5333333333333333,0.0,0.0,0.0,0.0,2002,clin,0.8
1,3,lr5e-05_bs32_modL1_fusion32_fusionL1_drop0p1_trmiss80_trlocclin,32,5e-05,1,32,1,0.1,lr5e-05_bs32_modL1_fusion32_fusionL1_drop0p1_trmiss80_trlocclin,21,0.6010162432988485,0.7117884755134583,0.5969827586206896,0.6986252977492644,0.5333333333333333,0.0,0.0,0.0,0.0,2002,clin,0.8
1,3,lr5e-05_bs32_modL1_fusion32_fusionL1_drop0p1_trmiss80_trlocclin,32,5e-05,1,32,1,0.1,lr5e-05_bs32_modL1_fusion32_fusionL1_drop0p1_trmiss80_trlocclin,22,0.5952313045660654,0.7089798450469971,0.5991379310344829,0.7012029674558696,0.5333333333333333,0.0,0.0,0.0,0.0,2002,clin,0.8
1,3,lr5e-05_bs32_modL1_fusion32_fusionL1_drop0p1_trmiss80_trlocclin,32,5e-05,1,32,1,0.1,lr5e-05_bs32_modL1_fusion32_fusionL1_drop0p1_trmiss80_trlocclin,23,0.5868748923142751,0.7099995613098145,0.5883620689655172,0.6930565466243053,0.5333333333333333,0.0,0.0,0.0,0.0,2002,clin,0.8
1,3,lr5e-05_bs32_modL1_fusion32_fusionL1_drop0p1_trmiss80_trlocclin,32,5e-05,1,32,1,0.1,lr5e-05_bs32_modL1_fusion32_fusionL1_drop0p1_trmiss80_trlocclin,24,0.5908355414867401,0.7121256291866302,0.5905172413793103,0.6942487108473225,0.4888888888888889,0.0,0.0,0.0,0.0,2002,clin,0.8
1,3,lr5e-05_bs32_modL1_fusion32_fusionL1_drop0p1_trmiss80_trlocclin,32,5e-05,1,32,1,0.1,lr5e-05_bs32_modL1_fusion32_fusionL1_drop0p1_trmiss80_trlocclin,25,0.5893062253793081,0.7104828953742981,0.5926724137931034,0.6952257223415754,0.4888888888888889,0.0,0.0,0.0,0.0,2002,clin,0.8
1,3,lr5e-05_bs32_modL1_fusion32_fusionL1_drop0p1_trmiss80_trlocclin,32,5e-05,1,32,1,0.1,lr5e-05_bs32_modL1_fusion32_fusionL1_drop0p1_trmiss80_trlocclin,26,0.5859496593475342,0.7098488807678223,0.5991379310344827,0.6987651351368867,0.4888888888888889,0.0,0.0,0.0,0.0,2002,clin,0.8
1,3,lr5e-05_bs32_modL1_fusion32_fusionL1_drop0p1_trmiss80_trlocclin,32,5e-05,1,32,1,0.1,lr5e-05_bs32_modL1_fusion32_fusionL1_drop0p1_trmiss80_trlocclin,27,0.5798487563927969,0.7084671854972839,0.5991379310344827,0.702115431293366,0.5111111111111111,0.0,0.0,0.0,0.0,2002,clin,0.8
1,3,lr5e-05_bs32_modL1_fusion32_fusionL1_drop0p1_trmiss80_trlocclin,32,5e-05,1,32,1,0.1,lr5e-05_bs32_modL1_fusion32_fusionL1_drop0p1_trmiss80_trlocclin,28,0.589818278948466,0.7106641829013824,0.5905172413793103,0.6989067179030843,0.4888888888888889,0.0,0.0,0.0,0.0,2002,clin,0.8
1,3,lr5e-05_bs32_modL1_fusion32_fusionL1_drop0p1_trmiss80_trlocclin,32,5e-05,1,32,1,0.1,lr5e-05_bs32_modL1_fusion32_fusionL1_drop0p1_trmiss80_trlocclin,29,0.5833496451377869,0.7089971601963043,0.5926724137931034,0.6978277180470195,0.5111111111111111,0.0,0.0,0.0,0.0,2002,clin,0.8
1,3,lr5e-05_bs32_modL1_fusion32_fusionL1_drop0p1_trmiss80_trlocclin,32,5e-05,1,32,1,0.1,lr5e-05_bs32_modL1_fusion32_fusionL1_drop0p1_trmiss80_trlocclin,30,0.5787818829218546,0.7083483338356018,0.5926724137931034,0.6989980824772075,0.5111111111111111,0.0,0.0,0.0,0.0,2002,clin,0.8
1,3,lr5e-05_bs32_modL1_fusion32_fusionL1_drop0p1_trmiss80_trlocclin,32,5e-05,1,32,1,0.1,lr5e-05_bs32_modL1_fusion32_fusionL1_drop0p1_trmiss80_trlocclin,31,0.5871115525563558,0.7093692719936371,0.5905172413793103,0.6946403712229445,0.5111111111111111,0.0,0.0,0.0,0.0,2002,clin,0.8
1,3,lr5e-05_bs32_modL1_fusion32_fusionL1_drop0p1_trmiss80_trlocclin,32,5e-05,1,32,1,0.1,lr5e-05_bs32_modL1_fusion32_fusionL1_drop0p1_trmiss80_trlocclin,32,0.5769719481468201,0.7105100750923157,0.5991379310344828,0.7039057283584842,0.5111111111111111,0.0,0.0,0.0,0.0,2002,clin,0.8
1,3,lr5e-05_bs32_modL1_fusion32_fusionL1_drop0p1_trmiss80_trlocclin,32,5e-05,1,32,1,0.1,lr5e-05_bs32_modL1_fusion32_fusionL1_drop0p1_trmiss80_trlocclin,33,0.5912532210350037,0.709450900554657,0.5969827586206895,0.6991923518094079,0.5333333333333333,0.0,0.0,0.0,0.0,2002,clin,0.8
1,3,lr5e-05_bs32_modL1_fusion32_fusionL1_drop0p1_trmiss80_trlocclin,32,5e-05,1,32,1,0.1,lr5e-05_bs32_modL1_fusion32_fusionL1_drop0p1_trmiss80_trlocclin,34,0.5947857797145844,0.7113334834575653,0.5969827586206895,0.7005664374938383,0.5111111111111111,0.0,0.0,0.0,0.0,2002,clin,0.8
1,3,lr5e-05_bs32_modL1_fusion32_fusionL1_drop0p1_trmiss80_trlocclin,32,5e-05,1,32,1,0.1,lr5e-05_bs32_modL1_fusion32_fusionL1_drop0p1_trmiss80_trlocclin,35,0.568318635225296,0.7120278179645538,0.603448275862069,0.7114242700625193,0.4888888888888889,0.0,0.0,0.0,0.0,2002,clin,0.8
1,3,lr5e-05_bs32_modL1_fusion32_fusionL1_drop0p1_trmiss80_trlocclin,32,5e-05,1,32,1,0.1,lr5e-05_bs32_modL1_fusion32_fusionL1_drop0p1_trmiss80_trlocclin,36,0.5895320375760397,0.7127378284931183,0.5948275862068966,0.702275842606706,0.5333333333333333,0.0,0.0,0.0,0.0,2002,clin,0.8
1,3,lr5e-05_bs32_modL1_fusion32_fusionL1_drop0p1_trmiss80_trlocclin,32,5e-05,1,32,1,0.1,lr5e-05_bs32_modL1_fusion32_fusionL1_drop0p1_trmiss80_trlocclin,37,0.5743537644545237,0.7116084694862366,0.6012931034482758,0.7109912651152318,0.5111111111111111,0.0,0.0,0.0,0.0,2002,clin,0.8
1,3,lr5e-05_bs32_modL1_fusion32_fusionL1_drop0p1_trmiss80_trlocclin,32,5e-05,1,32,1,0.1,lr5e-05_bs32_modL1_fusion32_fusionL1_drop0p1_trmiss80_trlocclin,38,0.5889386137326559,0.7125063240528107,0.603448275862069,0.7067314658393942,0.4666666666666667,0.0,0.0,0.0,0.0,2002,clin,0.8
1,3,lr5e-05_bs32_modL1_fusion32_fusionL1_drop0p1_trmiss80_trlocclin,32,5e-05,1,32,1,0.1,lr5e-05_bs32_modL1_fusion32_fusionL1_drop0p1_trmiss80_trlocclin,39,0.570882777372996,0.7114487886428833,0.5969827586206896,0.7014598983264473,0.4666666666666667,0.0,0.0,0.0,0.0,2002,clin,0.8
1,3,lr5e-05_bs32_modL1_fusion32_fusionL1_drop0p1_trmiss80_trlocclin,32,5e-05,1,32,1,0.1,lr5e-05_bs32_modL1_fusion32_fusionL1_drop0p1_trmiss80_trlocclin,40,0.5688739021619161,0.7103463411331177,0.5969827586206897,0.7006891183537368,0.5111111111111111,0.0,0.0,0.0,0.0,2002,clin,0.8
1,3,lr5e-05_bs32_modL1_fusion32_fusionL1_drop0p1_trmiss80_trlocclin,32,5e-05,1,32,1,0.1,lr5e-05_bs32_modL1_fusion32_fusionL1_drop0p1_trmiss80_trlocclin,41,0.5647994677225748,0.7086627185344696,0.5991379310344827,0.7035930208519597,0.5333333333333333,0.0,0.0,0.0,0.0,2002,clin,0.8
1,3,lr5e-05_bs32_modL1_fusion32_fusionL1_drop0p1_trmiss80_trlocclin,32,5e-05,1,32,1,0.1,lr5e-05_bs32_modL1_fusion32_fusionL1_drop0p1_trmiss80_trlocclin,42,0.5818385481834412,0.7115709185600281,0.5948275862068966,0.7067498404256102,0.5333333333333333,0.0,0.0,0.0,0.0,2002,clin,0.8
1,3,lr5e-05_bs32_modL1_fusion32_fusionL1_drop0p1_trmiss80_trlocclin,32,5e-05,1,32,1,0.1,lr5e-05_bs32_modL1_fusion32_fusionL1_drop0p1_trmiss80_trlocclin,43,0.5865615904331207,0.7146078050136566,0.6012931034482758,0.7055544627658393,0.5111111111111111,0.0,0.0,0.0,0.0,2002,clin,0.8
1,3,lr5e-05_bs32_modL1_fusion32_fusionL1_drop0p1_trmiss80_trlocclin,32,5e-05,1,32,1,0.1,lr5e-05_bs32_modL1_fusion32_fusionL1_drop0p1_trmiss80_trlocclin,44,0.5837533473968506,0.7150267064571381,0.5991379310344829,0.7039768202145659,0.4888888888888889,0.0,0.0,0.0,0.0,2002,clin,0.8
1,3,lr5e-05_bs32_modL1_fusion32_fusionL1_drop0p1_trmiss80_trlocclin,32,5e-05,1,32,1,0.1,lr5e-05_bs32_modL1_fusion32_fusionL1_drop0p1_trmiss80_trlocclin,45,0.5912554661432902,0.714760810136795,0.5991379310344827,0.7037422483738234,0.4888888888888889,0.0,0.0,0.0,0.0,2002,clin,0.8
1,3,lr5e-05_bs32_modL1_fusion32_fusionL1_drop0p1_trmiss80_trlocclin,32,5e-05,1,32,1,0.1,lr5e-05_bs32_modL1_fusion32_fusionL1_drop0p1_trmiss80_trlocclin,46,0.5714633713165919,0.7144109606742859,0.5948275862068966,0.7012085157221235,0.5111111111111111,0.0,0.0,0.0,0.0,2002,clin,0.8
1,3,lr5e-05_bs32_modL1_fusion32_fusionL1_drop0p1_trmiss80_trlocclin,32,5e-05,1,32,1,0.1,lr5e-05_bs32_modL1_fusion32_fusionL1_drop0p1_trmiss80_trlocclin,47,0.5735994577407837,0.710850864648819,0.5948275862068966,0.6957127718896656,0.5111111111111111,0.0,0.0,0.0,0.0,2002,clin,0.8
1,3,lr5e-05_bs32_modL1_fusion32_fusionL1_drop0p1_trmiss80_trlocclin,32,5e-05,1,32,1,0.1,lr5e-05_bs32_modL1_fusion32_fusionL1_drop0p1_trmiss80_trlocclin,48,0.575721820195516,0.7111483514308929,0.5991379310344828,0.6970700404883134,0.5111111111111111,0.0,0.0,0.0,0.0,2002,clin,0.8
1,3,lr5e-05_bs32_modL1_fusion32_fusionL1_drop0p1_trmiss80_trlocclin,32,5e-05,1,32,1,0.1,lr5e-05_bs32_modL1_fusion32_fusionL1_drop0p1_trmiss80_trlocclin,49,0.5738377571105957,0.710138738155365,0.6012931034482758,0.7094174580081448,0.5333333333333333,0.0,0.0,0.0,0.0,2002,clin,0.8
1,3,lr5e-05_bs32_modL1_fusion32_fusionL1_drop0p1_trmiss80_trlocclin,32,5e-05,1,32,1,0.1,lr5e-05_bs32_modL1_fusion32_fusionL1_drop0p1_trmiss80_trlocclin,50,0.5827699402968088,0.7107710242271423,0.5969827586206895,0.7072419458934845,0.5111111111111111,0.0,0.0,0.0,0.0,2002,clin,0.8
1,3,lr5e-05_bs32_modL1_fusion32_fusionL1_drop0p1_trmiss80_trlocclin,32,5e-05,1,32,1,0.1,lr5e-05_bs32_modL1_fusion32_fusionL1_drop0p1_trmiss80_trlocclin,51,0.5903829137484232,0.7133814692497253,0.5969827586206897,0.7032926384959014,0.5333333333333333,0.0,0.0,0.0,0.0,2002,clin,0.8
1,3,lr5e-05_bs32_modL1_fusion32_fusionL1_drop0p1_trmiss80_trlocclin,32,5e-05,1,32,1,0.1,lr5e-05_bs32_modL1_fusion32_fusionL1_drop0p1_trmiss80_trlocclin,52,0.5793947378794352,0.71280837059021,0.5969827586206897,0.7027861582733969,0.5333333333333333,0.0,0.0,0.0,0.0,2002,clin,0.8
1,3,lr5e-05_bs32_modL1_fusion32_fusionL1_drop0p1_trmiss80_trlocclin,32,5e-05,1,32,1,0.1,lr5e-05_bs32_modL1_fusion32_fusionL1_drop0p1_trmiss80_trlocclin,53,0.5733313858509064,0.7099843919277191,0.5969827586206897,0.7027861582733969,0.5333333333333333,0.0,0.0,0.0,0.0,2002,clin,0.8
1,3,lr5e-05_bs32_modL1_fusion32_fusionL1_drop0p1_trmiss80_trlocclin,32,5e-05,1,32,1,0.1,lr5e-05_bs32_modL1_fusion32_fusionL1_drop0p1_trmiss80_trlocclin,54,0.5930095911026001,0.7104343771934509,0.5905172413793103,0.6983337337184848,0.5111111111111111,0.0,0.0,0.0,0.0,2002,clin,0.8
1,3,lr5e-05_bs32_modL1_fusion32_fusionL1_drop0p1_trmiss80_trlocclin,32,5e-05,1,32,1,0.1,lr5e-05_bs32_modL1_fusion32_fusionL1_drop0p1_trmiss80_trlocclin,55,0.5832334359486898,0.7115626037120819,0.5948275862068965,0.7048851117091431,0.5333333333333333,0.0,0.0,0.0,0.0,2002,clin,0.8
1,3,lr5e-05_bs32_modL1_fusion64_fusionL1_drop0p2_trmiss80_trlocclin,32,5e-05,1,64,1,0.2,lr5e-05_bs32_modL1_fusion64_fusionL1_drop0p2_trmiss80_trlocclin,1,0.6716115772724152,0.6973563432693481,0.5517241379310345,0.6657833919765013,0.5333333333333333,0.0,0.0,0.0,0.0,2002,clin,0.8
1,3,lr5e-05_bs32_modL1_fusion64_fusionL1_drop0p2_trmiss80_trlocclin,32,5e-05,1,64,1,0.2,lr5e-05_bs32_modL1_fusion64_fusionL1_drop0p2_trmiss80_trlocclin,2,0.6487125555674235,0.6892313957214355,0.5732758620689655,0.6864242139706297,0.5333333333333333,0.0,0.0,0.0,0.0,2002,clin,0.8
1,3,lr5e-05_bs32_modL1_fusion64_fusionL1_drop0p2_trmiss80_trlocclin,32,5e-05,1,64,1,0.2,lr5e-05_bs32_modL1_fusion64_fusionL1_drop0p2_trmiss80_trlocclin,3,0.6308946410814921,0.6799504160881042,0.5689655172413792,0.6932589070227242,0.6222222222222222,0.0,0.0,0.0,0.0,2002,clin,0.8
1,3,lr5e-05_bs32_modL1_fusion64_fusionL1_drop0p2_trmiss80_trlocclin,32,5e-05,1,64,1,0.2,lr5e-05_bs32_modL1_fusion64_fusionL1_drop0p2_trmiss80_trlocclin,4,0.6150873204072317,0.674504280090332,0.5689655172413792,0.6867658358928964,0.6444444444444445,0.0,0.0,0.0,0.0,2002,clin,0.8
1,3,lr5e-05_bs32_modL1_fusion64_fusionL1_drop0p2_trmiss80_trlocclin,32,5e-05,1,64,1,0.2,lr5e-05_bs32_modL1_fusion64_fusionL1_drop0p2_trmiss80_trlocclin,5,0.6028974850972494,0.6722603440284729,0.5668103448275862,0.683307985753827,0.6,0.0,0.0,0.0,0.0,2002,clin,0.8
1,3,lr5e-05_bs32_modL1_fusion64_fusionL1_drop0p2_trmiss80_trlocclin,32,5e-05,1,64,1,0.2,lr5e-05_bs32_modL1_fusion64_fusionL1_drop0p2_trmiss80_trlocclin,6,0.5752377013365427,0.673281341791153,0.5668103448275863,0.6835338721194422,0.6,0.0,0.0,0.0,0.0,2002,clin,0.8
1,3,lr5e-05_bs32_modL1_fusion64_fusionL1_drop0p2_trmiss80_trlocclin,32,5e-05,1,64,1,0.2,lr5e-05_bs32_modL1_fusion64_fusionL1_drop0p2_trmiss80_trlocclin,7,0.5905988415082296,0.6680384576320648,0.5732758620689655,0.682454724073477,0.6444444444444445,0.0,0.0,0.0,0.0,2002,clin,0.8
1,3,lr5e-05_bs32_modL1_fusion64_fusionL1_drop0p2_trmiss80_trlocclin,32,5e-05,1,64,1,0.2,lr5e-05_bs32_modL1_fusion64_fusionL1_drop0p2_trmiss80_trlocclin,8,0.5645009279251099,0.6706739366054535,0.5818965517241379,0.6894787779730228,0.6222222222222222,0.0,0.0,0.0,0.0,2002,clin,0.8
1,3,lr5e-05_bs32_modL1_fusion64_fusionL1_drop0p2_trmiss80_trlocclin,32,5e-05,1,64,1,0.2,lr5e-05_bs32_modL1_fusion64_fusionL1_drop0p2_trmiss80_trlocclin,9,0.5611681540807089,0.6690356433391571,0.5862068965517241,0.6893324532264811,0.6666666666666666,0.0,0.0,0.0,0.0,2002,clin,0.8
1,3,lr5e-05_bs32_modL1_fusion64_fusionL1_drop0p2_trmiss80_trlocclin,32,5e-05,1,64,1,0.2,lr5e-05_bs32_modL1_fusion64_fusionL1_drop0p2_trmiss80_trlocclin,10,0.5312853554884592,0.6693249940872192,0.5883620689655172,0.6847178045831707,0.6444444444444445,0.0,0.0,0.0,0.0,2002,clin,0.8
1,3,lr5e-05_bs32_modL1_fusion64_fusionL1_drop0p2_trmiss80_trlocclin,32,5e-05,1,64,1,0.2,lr5e-05_bs32_modL1_fusion64_fusionL1_drop0p2_trmiss80_trlocclin,11,0.5476817687352499,0.6672668159008026,0.6012931034482758,0.6920018062544524,0.6666666666666666,0.0,0.0,0.0,0.0,2002,clin,0.8
1,3,lr5e-05_bs32_modL1_fusion64_fusionL1_drop0p2_trmiss80_trlocclin,32,5e-05,1,64,1,0.2,lr5e-05_bs32_modL1_fusion64_fusionL1_drop0p2_trmiss80_trlocclin,12,0.528063952922821,0.6660286784172058,0.6012931034482758,0.6996538236498996,0.6444444444444445,0.0,0.0,0.0,0.0,2002,clin,0.8
1,3,lr5e-05_bs32_modL1_fusion64_fusionL1_drop0p2_trmiss80_trlocclin,32,5e-05,1,64,1,0.2,lr5e-05_bs32_modL1_fusion64_fusionL1_drop0p2_trmiss80_trlocclin,13,0.5266965379317602,0.6661052107810974,0.5905172413793104,0.6932110784929821,0.6444444444444445,0.0,0.0,0.0,0.0,2002,clin,0.8
1,3,lr5e-05_bs32_modL1_fusion64_fusionL1_drop0p2_trmiss80_trlocclin,32,5e-05,1,64,1,0.2,lr5e-05_bs32_modL1_fusion64_fusionL1_drop0p2_trmiss80_trlocclin,14,0.539684663216273,0.6597772538661957,0.6163793103448275,0.7094987391225507,0.6444444444444445,0.0,0.0,0.0,0.0,2002,clin,0.8
1,3,lr5e-05_bs32_modL1_fusion64_fusionL1_drop0p2_trmiss80_trlocclin,32,5e-05,1,64,1,0.2,lr5e-05_bs32_modL1_fusion64_fusionL1_drop0p2_trmiss80_trlocclin,15,0.5104096680879593,0.6603541970252991,0.6142241379310345,0.7100604141858005,0.6,0.0,0.0,0.0,0.0,2002,clin,0.8
1,3,lr5e-05_bs32_modL1_fusion64_fusionL1_drop0p2_trmiss80_trlocclin,32,5e-05,1,64,1,0.2,lr5e-05_bs32_modL1_fusion64_fusionL1_drop0p2_trmiss80_trlocclin,16,0.5256361812353134,0.659309983253479,0.6077586206896551,0.7073216796173862,0.6222222222222222,0.0,0.0,0.0,0.0,2002,clin,0.8
1,3,lr5e-05_bs32_modL1_fusion64_fusionL1_drop0p2_trmiss80_trlocclin,32,5e-05,1,64,1,0.2,lr5e-05_bs32_modL1_fusion64_fusionL1_drop0p2_trmiss80_trlocclin,17,0.5116831411918005,0.6546470522880554,0.6120689655172413,0.7073869448306684,0.6444444444444445,0.0,0.0,0.0,0.0,2002,clin,0.8
1,3,lr5e-05_bs32_modL1_fusion64_fusionL1_drop0p2_trmiss80_trlocclin,32,5e-05,1,64,1,0.2,lr5e-05_bs32_modL1_fusion64_fusionL1_drop0p2_trmiss80_trlocclin,18,0.49548489848772687,0.6594013869762421,0.5991379310344828,0.6992999364475206,0.6444444444444445,0.0,0.0,0.0,0.0,2002,clin,0.8
1,3,lr5e-05_bs32_modL1_fusion64_fusionL1_drop0p2_trmiss80_trlocclin,32,5e-05,1,64,1,0.2,lr5e-05_bs32_modL1_fusion64_fusionL1_drop0p2_trmiss80_trlocclin,19,0.49370069801807404,0.6600507199764252,0.6142241379310345,0.7116218982784324,0.6444444444444445,0.0,0.0,0.0,0.0,2002,clin,0.8
1,3,lr5e-05_bs32_modL1_fusion64_fusionL1_drop0p2_trmiss80_trlocclin,32,5e-05,1,64,1,0.2,lr5e-05_bs32_modL1_fusion64_fusionL1_drop0p2_trmiss80_trlocclin,20,0.4869873474041621,0.657556414604187,0.6336206896551724,0.7239126038134369,0.6444444444444445,0.0,0.0,0.0,0.0,2002,clin,0.8
1,3,lr5e-05_bs32_modL1_fusion64_fusionL1_drop0p2_trmiss80_trlocclin,32,5e-05,1,64,1,0.2,lr5e-05_bs32_modL1_fusion64_fusionL1_drop0p2_trmiss80_trlocclin,21,0.47457800805568695,0.6562083661556244,0.6314655172413793,0.733607764590682,0.6666666666666666,0.0,0.0,0.0,0.0,2002,clin,0.8
1,3,lr5e-05_bs32_modL1_fusion64_fusionL1_drop0p2_trmiss80_trlocclin,32,5e-05,1,64,1,0.2,lr5e-05_bs32_modL1_fusion64_fusionL1_drop0p2_trmiss80_trlocclin,22,0.45349758863449097,0.6579141914844513,0.6293103448275862,0.7403611402848383,0.6444444444444445,0.0,0.0,0.0,0.0,2002,clin,0.8
1,3,lr5e-05_bs32_modL1_fusion64_fusionL1_drop0p2_trmiss80_trlocclin,32,5e-05,1,64,1,0.2,lr5e-05_bs32_modL1_fusion64_fusionL1_drop0p2_trmiss80_trlocclin,23,0.4672540028889974,0.6590231359004974,0.6293103448275862,0.7479933262004826,0.6444444444444445,0.0,0.0,0.0,0.0,2002,clin,0.8
1,3,lr5e-05_bs32_modL1_fusion64_fusionL1_drop0p2_trmiss80_trlocclin,32,5e-05,1,64,1,0.2,lr5e-05_bs32_modL1_fusion64_fusionL1_drop0p2_trmiss80_trlocclin,24,0.45442910492420197,0.6608844101428986,0.6293103448275862,0.7459106760940183,0.6222222222222222,0.0,0.0,0.0,0.0,2002,clin,0.8
1,3,lr5e-05_bs32_modL1_fusion64_fusionL1_drop0p2_trmiss80_trlocclin,32,5e-05,1,64,1,0.2,lr5e-05_bs32_modL1_fusion64_fusionL1_drop0p2_trmiss80_trlocclin,25,0.4640454798936844,0.6619023978710175,0.6271551724137931,0.745989295177574,0.5777777777777777,0.0,0.0,0.0,0.0,2002,clin,0.8
1,3,lr5e-05_bs32_modL1_fusion64_fusionL1_drop0p2_trmiss80_trlocclin,32,5e-05,1,64,1,0.2,lr5e-05_bs32_modL1_fusion64_fusionL1_drop0p2_trmiss80_trlocclin,26,0.44589916865030926,0.6639746427536011,0.6314655172413793,0.7476865542251053,0.5777777777777777,0.0,0.0,0.0,0.0,2002,clin,0.8
1,3,lr5e-05_bs32_modL1_fusion64_fusionL1_drop0p2_trmiss80_trlocclin,32,5e-05,1,64,1,0.2,lr5e-05_bs32_modL1_fusion64_fusionL1_drop0p2_trmiss80_trlocclin,27,0.444624404112498,0.6637812554836273,0.6314655172413793,0.7462845797627861,0.5777777777777777,0.0,0.0,0.0,0.0,2002,clin,0.8
1,3,lr5e-05_bs32_modL1_fusion64_fusionL1_drop0p2_trmiss80_trlocclin,32,5e-05,1,64,1,0.2,lr5e-05_bs32_modL1_fusion64_fusionL1_drop0p2_trmiss80_trlocclin,28,0.45157845815022785,0.6584874391555786,0.6379310344827587,0.7540467980331712,0.5777777777777777,0.0,0.0,0.0,0.0,2002,clin,0.8
1,3,lr5e-05_bs32_modL1_fusion64_fusionL1_drop0p2_trmiss80_trlocclin,32,5e-05,1,64,1,0.2,lr5e-05_bs32_modL1_fusion64_fusionL1_drop0p2_trmiss80_trlocclin,29,0.44831383228302,0.6591215133666992,0.6314655172413792,0.7418941511284302,0.6222222222222222,0.0,0.0,0.0,0.0,2002,clin,0.8
1,3,lr5e-05_bs32_modL1_fusion64_fusionL1_drop0p2_trmiss80_trlocclin,32,5e-05,1,64,1,0.2,lr5e-05_bs32_modL1_fusion64_fusionL1_drop0p2_trmiss80_trlocclin,30,0.44782348970572156,0.6590229272842407,0.6400862068965516,0.745034089508997,0.6222222222222222,0.0,0.0,0.0,0.0,2002,clin,0.8
1,3,lr5e-05_bs32_modL1_fusion64_fusionL1_drop0p2_trmiss80_trlocclin,32,5e-05,1,64,1,0.2,lr5e-05_bs32_modL1_fusion64_fusionL1_drop0p2_trmiss80_trlocclin,31,0.4256128817796707,0.6614562571048737,0.6400862068965517,0.7474507205553921,0.6222222222222222,0.0,0.0,0.0,0.0,2002,clin,0.8
1,3,lr5e-05_bs32_modL1_fusion64_fusionL1_drop0p2_trmiss80_trlocclin,32,5e-05,1,64,1,0.2,lr5e-05_bs32_modL1_fusion64_fusionL1_drop0p2_trmiss80_trlocclin,32,0.4423838257789612,0.6608626544475555,0.6379310344827587,0.7467345401840394,0.6222222222222222,0.0,0.0,0.0,0.0,2002,clin,0.8
1,3,lr5e-05_bs32_modL1_fusion64_fusionL1_drop0p2_trmiss80_trlocclin,32,5e-05,1,64,1,0.2,lr5e-05_bs32_modL1_fusion64_fusionL1_drop0p2_trmiss80_trlocclin,33,0.441643754641215,0.6624821424484253,0.6357758620689655,0.7455801668536849,0.6444444444444445,0.0,0.0,0.0,0.0,2002,clin,0.8
1,3,lr5e-05_bs32_modL1_fusion64_fusionL1_drop0p2_trmiss80_trlocclin,32,5e-05,1,64,1,0.2,lr5e-05_bs32_modL1_fusion64_fusionL1_drop0p2_trmiss80_trlocclin,34,0.4340466509262721,0.663157045841217,0.6314655172413793,0.7409060629052578,0.6444444444444445,0.0,0.0,0.0,0.0,2002,clin,0.8
1,3,lr5e-05_bs32_modL1_fusion64_fusionL1_drop0p2_trmiss80_trlocclin,32,5e-05,1,64,1,0.2,lr5e-05_bs32_modL1_fusion64_fusionL1_drop0p2_trmiss80_trlocclin,35,0.4221428881088893,0.6595692336559296,0.646551724137931,0.753763058610235,0.6444444444444445,0.0,0.0,0.0,0.0,2002,clin,0.8
1,3,lr5e-05_bs32_modL1_fusion64_fusionL1_drop0p2_trmiss80_trlocclin,32,5e-05,1,64,1,0.2,lr5e-05_bs32_modL1_fusion64_fusionL1_drop0p2_trmiss80_trlocclin,36,0.42332138617833454,0.6613809466362,0.6379310344827586,0.7468937957535208,0.6222222222222222,0.0,0.0,0.0,0.0,2002,clin,0.8
1,3,lr5e-05_bs32_modL1_fusion64_fusionL1_drop0p2_trmiss80_trlocclin,32,5e-05,1,64,1,0.2,lr5e-05_bs32_modL1_fusion64_fusionL1_drop0p2_trmiss80_trlocclin,37,0.4231995145479838,0.6594430804252625,0.6379310344827586,0.7477757890474296,0.6444444444444445,0.0,0.0,0.0,0.0,2002,clin,0.8
1,3,lr5e-05_bs32_modL1_fusion64_fusionL1_drop0p2_trmiss80_trlocclin,32,5e-05,1,64,1,0.2,lr5e-05_bs32_modL1_fusion64_fusionL1_drop0p2_trmiss80_trlocclin,38,0.42915091415246326,0.6610026955604553,0.6400862068965517,0.7491971493617119,0.6666666666666666,0.0,0.0,0.0,0.0,2002,clin,0.8
1,3,lr5e-05_bs32_modL1_fusion64_fusionL1_drop0p2_trmiss80_trlocclin,32,5e-05,1,64,1,0.2,lr5e-05_bs32_modL1_fusion64_fusionL1_drop0p2_trmiss80_trlocclin,39,0.44079914192358655,0.6610440611839294,0.6293103448275862,0.7425815921130564,0.6444444444444445,0.0,0.0,0.0,0.0,2002,clin,0.8
1,3,lr5e-05_bs32_modL1_fusion64_fusionL1_drop0p2_trmiss80_trlocclin,32,5e-05,1,64,1,0.2,lr5e-05_bs32_modL1_fusion64_fusionL1_drop0p2_trmiss80_trlocclin,40,0.43891483048597973,0.6617001891136169,0.6293103448275863,0.7466167865035213,0.6444444444444445,0.0,0.0,0.0,0.0,2002,clin,0.8
1,3,lr5e-05_bs32_modL1_fusion64_fusionL1_drop0p2_trmiss80_trlocclin,32,5e-05,1,64,1,0.2,lr5e-05_bs32_modL1_fusion64_fusionL1_drop0p2_trmiss80_trlocclin,41,0.4434153586626053,0.6595180332660675,0.6422413793103449,0.7546554488302334,0.6666666666666666,0.0,0.0,0.0,0.0,2002,clin,0.8
1,3,lr5e-05_bs32_modL1_fusion64_fusionL1_drop0p2_trmiss80_trlocclin,32,5e-05,1,64,1,0.2,lr5e-05_bs32_modL1_fusion64_fusionL1_drop0p2_trmiss80_trlocclin,42,0.4336488793293635,0.658603847026825,0.6400862068965518,0.7545578650463679,0.6888888888888889,0.0,0.0,0.0,0.0,2002,clin,0.8
1,3,lr5e-05_bs32_modL1_fusion64_fusionL1_drop0p2_trmiss80_trlocclin,32,5e-05,1,64,1,0.2,lr5e-05_bs32_modL1_fusion64_fusionL1_drop0p2_trmiss80_trlocclin,43,0.4209822714328766,0.6589114964008331,0.6336206896551725,0.747980634181281,0.6444444444444445,0.0,0.0,0.0,0.0,2002,clin,0.8
1,3,lr5e-05_bs32_modL1_fusion64_fusionL1_drop0p2_trmiss80_trlocclin,32,5e-05,1,64,1,0.2,lr5e-05_bs32_modL1_fusion64_fusionL1_drop0p2_trmiss80_trlocclin,44,0.4236305505037308,0.659132719039917,0.6443965517241379,0.7558820449081843,0.6666666666666666,0.0,0.0,0.0,0.0,2002,clin,0.8
1,3,lr5e-05_bs32_modL1_fusion64_fusionL1_drop0p2_trmiss80_trlocclin,32,5e-05,1,64,1,0.2,lr5e-05_bs32_modL1_fusion64_fusionL1_drop0p2_trmiss80_trlocclin,45,0.4243088761965434,0.6626411378383636,0.644396551724138,0.7558139604834978,0.6888888888888889,0.0,0.0,0.0,0.0,2002,clin,0.8
1,3,lr5e-05_bs32_modL1_fusion64_fusionL1_drop0p2_trmiss80_trlocclin,32,5e-05,1,64,1,0.2,lr5e-05_bs32_modL1_fusion64_fusionL1_drop0p2_trmiss80_trlocclin,46,0.42897333204746246,0.6605002582073212,0.6379310344827586,0.7535060235428771,0.6888888888888889,0.0,0.0,0.0,0.0,2002,clin,0.8
1,3,lr5e-05_bs32_modL1_fusion64_fusionL1_drop0p2_trmiss80_trlocclin,32,5e-05,1,64,1,0.2,lr5e-05_bs32_modL1_fusion64_fusionL1_drop0p2_trmiss80_trlocclin,47,0.4327634920676549,0.6608703434467316,0.6336206896551724,0.7518883123768151,0.6444444444444445,0.0,0.0,0.0,0.0,2002,clin,0.8
1,3,lr5e-05_bs32_modL1_fusion64_fusionL1_drop0p2_trmiss80_trlocclin,32,5e-05,1,64,1,0.2,lr5e-05_bs32_modL1_fusion64_fusionL1_drop0p2_trmiss80_trlocclin,48,0.41098898152510327,0.6604533493518829,0.6336206896551724,0.7506245477764305,0.6444444444444445,0.0,0.0,0.0,0.0,2002,clin,0.8
1,3,lr5e-05_bs32_modL1_fusion64_fusionL1_drop0p2_trmiss80_trlocclin,32,5e-05,1,64,1,0.2,lr5e-05_bs32_modL1_fusion64_fusionL1_drop0p2_trmiss80_trlocclin,49,0.421991561849912,0.6630024909973145,0.6379310344827587,0.7474628426602482,0.6444444444444445,0.0,0.0,0.0,0.0,2002,clin,0.8
1,3,lr5e-05_bs32_modL1_fusion64_fusionL1_drop0p2_trmiss80_trlocclin,32,5e-05,1,64,1,0.2,lr5e-05_bs32_modL1_fusion64_fusionL1_drop0p2_trmiss80_trlocclin,50,0.4201083580652873,0.660364955663681,0.6379310344827587,0.7538028503968298,0.6444444444444445,0.0,0.0,0.0,0.0,2002,clin,0.8
1,3,lr5e-05_bs32_modL1_fusion64_fusionL1_drop0p2_trmiss80_trlocclin,32,5e-05,1,64,1,0.2,lr5e-05_bs32_modL1_fusion64_fusionL1_drop0p2_trmiss80_trlocclin,51,0.4172417422135671,0.6592182219028473,0.6422413793103448,0.7542935725286369,0.6666666666666666,0.0,0.0,0.0,0.0,2002,clin,0.8
1,3,lr5e-05_bs32_modL1_fusion64_fusionL1_drop0p2_trmiss80_trlocclin,32,5e-05,1,64,1,0.2,lr5e-05_bs32_modL1_fusion64_fusionL1_drop0p2_trmiss80_trlocclin,52,0.4224817007780075,0.6618697941303253,0.6379310344827587,0.7534769563209357,0.6444444444444445,0.0,0.0,0.0,0.0,2002,clin,0.8
1,3,lr5e-05_bs32_modL1_fusion64_fusionL1_drop0p2_trmiss80_trlocclin,32,5e-05,1,64,1,0.2,lr5e-05_bs32_modL1_fusion64_fusionL1_drop0p2_trmiss80_trlocclin,53,0.429927463332812,0.6607363522052765,0.6357758620689655,0.7432766427737663,0.6222222222222222,0.0,0.0,0.0,0.0,2002,clin,0.8
1,3,lr5e-05_bs32_modL1_fusion64_fusionL1_drop0p2_trmiss80_trlocclin,32,5e-05,1,64,1,0.2,lr5e-05_bs32_modL1_fusion64_fusionL1_drop0p2_trmiss80_trlocclin,54,0.43021956582864124,0.6612847149372101,0.6400862068965517,0.7535919044522997,0.6444444444444445,0.0,0.0,0.0,0.0,2002,clin,0.8
1,3,lr5e-05_bs32_modL1_fusion64_fusionL1_drop0p2_trmiss80_trlocclin,32,5e-05,1,64,1,0.2,lr5e-05_bs32_modL1_fusion64_fusionL1_drop0p2_trmiss80_trlocclin,55,0.4098459680875142,0.6645221710205078,0.6379310344827587,0.7542600432892853,0.6444444444444445,0.0,0.0,0.0,0.0,2002,clin,0.8
1,3,lr5e-05_bs32_modL1_fusion64_fusionL1_drop0p1_trmiss80_trlocclin,32,5e-05,1,64,1,0.1,lr5e-05_bs32_modL1_fusion64_fusionL1_drop0p1_trmiss80_trlocclin,1,0.6596887409687042,0.6823400855064392,0.5387931034482758,0.7480118661017039,0.6444444444444445,0.0,0.0,0.0,0.0,2002,clin,0.8
1,3,lr5e-05_bs32_modL1_fusion64_fusionL1_drop0p1_trmiss80_trlocclin,32,5e-05,1,64,1,0.1,lr5e-05_bs32_modL1_fusion64_fusionL1_drop0p1_trmiss80_trlocclin,2,0.6180332601070404,0.6747874617576599,0.5280172413793103,0.743415349741319,0.6666666666666666,0.0,0.0,0.0,0.0,2002,clin,0.8
1,3,lr5e-05_bs32_modL1_fusion64_fusionL1_drop0p1_trmiss80_trlocclin,32,5e-05,1,64,1,0.1,lr5e-05_bs32_modL1_fusion64_fusionL1_drop0p1_trmiss80_trlocclin,3,0.6154451072216034,0.6689781844615936,0.5431034482758621,0.7247391299795102,0.6666666666666666,0.0,0.0,0.0,0.0,2002,clin,0.8
1,3,lr5e-05_bs32_modL1_fusion64_fusionL1_drop0p1_trmiss80_trlocclin,32,5e-05,1,64,1,0.1,lr5e-05_bs32_modL1_fusion64_fusionL1_drop0p1_trmiss80_trlocclin,4,0.6076062719027201,0.6623627841472626,0.5818965517241379,0.743178807604726,0.6666666666666666,0.0,0.0,0.0,0.0,2002,clin,0.8
1,3,lr5e-05_bs32_modL1_fusion64_fusionL1_drop0p1_trmiss80_trlocclin,32,5e-05,1,64,1,0.1,lr5e-05_bs32_modL1_fusion64_fusionL1_drop0p1_trmiss80_trlocclin,5,0.5919786294301351,0.6581799387931824,0.6056034482758621,0.7426083442808771,0.6666666666666666,0.0,0.0,0.0,0.0,2002,clin,0.8
1,3,lr5e-05_bs32_modL1_fusion64_fusionL1_drop0p1_trmiss80_trlocclin,32,5e-05,1,64,1,0.1,lr5e-05_bs32_modL1_fusion64_fusionL1_drop0p1_trmiss80_trlocclin,6,0.566652238368988,0.6571498513221741,0.5969827586206897,0.7411749046288242,0.6666666666666666,0.0,0.0,0.0,0.0,2002,clin,0.8
1,3,lr5e-05_bs32_modL1_fusion64_fusionL1_drop0p1_trmiss80_trlocclin,32,5e-05,1,64,1,0.1,lr5e-05_bs32_modL1_fusion64_fusionL1_drop0p1_trmiss80_trlocclin,7,0.5566843549410502,0.6561866700649261,0.5754310344827587,0.7198319789647208,0.6888888888888889,0.0,0.0,0.0,0.0,2002,clin,0.8
1,3,lr5e-05_bs32_modL1_fusion64_fusionL1_drop0p1_trmiss80_trlocclin,32,5e-05,1,64,1,0.1,lr5e-05_bs32_modL1_fusion64_fusionL1_drop0p1_trmiss80_trlocclin,8,0.5449118365844091,0.6539957523345947,0.5689655172413793,0.7027865470826284,0.6888888888888889,0.0,0.0,0.0,0.0,2002,clin,0.8
1,3,lr5e-05_bs32_modL1_fusion64_fusionL1_drop0p1_trmiss80_trlocclin,32,5e-05,1,64,1,0.1,lr5e-05_bs32_modL1_fusion64_fusionL1_drop0p1_trmiss80_trlocclin,9,0.5358478824297587,0.6522759199142456,0.5948275862068966,0.7286496701333945,0.6888888888888889,0.0,0.0,0.0,0.0,2002,clin,0.8
1,3,lr5e-05_bs32_modL1_fusion64_fusionL1_drop0p1_trmiss80_trlocclin,32,5e-05,1,64,1,0.1,lr5e-05_bs32_modL1_fusion64_fusionL1_drop0p1_trmiss80_trlocclin,10,0.5343511005242666,0.6473940908908844,0.6012931034482758,0.7152203035222845,0.6888888888888889,0.0,0.0,0.0,0.0,2002,clin,0.8
1,3,lr5e-05_bs32_modL1_fusion64_fusionL1_drop0p1_trmiss80_trlocclin,32,5e-05,1,64,1,0.1,lr5e-05_bs32_modL1_fusion64_fusionL1_drop0p1_trmiss80_trlocclin,11,0.5179754843314489,0.640746146440506,0.6530172413793103,0.7470159029951364,0.6666666666666666,0.0,0.0,0.0,0.0,2002,clin,0.8
1,3,lr5e-05_bs32_modL1_fusion64_fusionL1_drop0p1_trmiss80_trlocclin,32,5e-05,1,64,1,0.1,lr5e-05_bs32_modL1_fusion64_fusionL1_drop0p1_trmiss80_trlocclin,12,0.5041284958521525,0.6356078088283539,0.6939655172413793,0.7664151883385142,0.6888888888888889,0.0,0.0,0.0,0.0,2002,clin,0.8
1,3,lr5e-05_bs32_modL1_fusion64_fusionL1_drop0p1_trmiss80_trlocclin,32,5e-05,1,64,1,0.1,lr5e-05_bs32_modL1_fusion64_fusionL1_drop0p1_trmiss80_trlocclin,13,0.5044020712375641,0.6376868784427643,0.7025862068965518,0.7709390687186475,0.6888888888888889,0.0,0.0,0.0,0.0,2002,clin,0.8
1,3,lr5e-05_bs32_modL1_fusion64_fusionL1_drop0p1_trmiss80_trlocclin,32,5e-05,1,64,1,0.1,lr5e-05_bs32_modL1_fusion64_fusionL1_drop0p1_trmiss80_trlocclin,14,0.4906998376051585,0.6445295214653015,0.6831896551724138,0.7652187021839985,0.6888888888888889,0.0,0.0,0.0,0.0,2002,clin,0.8
1,3,lr5e-05_bs32_modL1_fusion64_fusionL1_drop0p1_trmiss80_trlocclin,32,5e-05,1,64,1,0.1,lr5e-05_bs32_modL1_fusion64_fusionL1_drop0p1_trmiss80_trlocclin,15,0.4848434279362361,0.6453006267547607,0.6616379310344829,0.7356175363649204,0.7111111111111111,0.0,0.0,0.0,0.0,2002,clin,0.8
1,3,lr5e-05_bs32_modL1_fusion64_fusionL1_drop0p1_trmiss80_trlocclin,32,5e-05,1,64,1,0.1,lr5e-05_bs32_modL1_fusion64_fusionL1_drop0p1_trmiss80_trlocclin,16,0.4705242762962977,0.6482606828212738,0.6530172413793103,0.7307351346279447,0.7111111111111111,0.0,0.0,0.0,0.0,2002,clin,0.8
1,3,lr5e-05_bs32_modL1_fusion64_fusionL1_drop0p1_trmiss80_trlocclin,32,5e-05,1,64,1,0.1,lr5e-05_bs32_modL1_fusion64_fusionL1_drop0p1_trmiss80_trlocclin,17,0.46984387934207916,0.6496187150478363,0.6681034482758621,0.7382874050445152,0.6888888888888889,0.0,0.0,0.0,0.0,2002,clin,0.8
1,3,lr5e-05_bs32_modL1_fusion64_fusionL1_drop0p1_trmiss80_trlocclin,32,5e-05,1,64,1,0.1,lr5e-05_bs32_modL1_fusion64_fusionL1_drop0p1_trmiss80_trlocclin,18,0.4647782842318217,0.6487209796905518,0.6767241379310345,0.7382237559313543,0.7111111111111111,0.0,0.0,0.0,0.0,2002,clin,0.8
1,3,lr5e-05_bs32_modL1_fusion64_fusionL1_drop0p1_trmiss80_trlocclin,32,5e-05,1,64,1,0.1,lr5e-05_bs32_modL1_fusion64_fusionL1_drop0p1_trmiss80_trlocclin,19,0.4524100025494893,0.6476834416389465,0.6853448275862069,0.7576661155814497,0.7333333333333333,0.0,0.0,0.0,0.0,2002,clin,0.8
1,3,lr5e-05_bs32_modL1_fusion64_fusionL1_drop0p1_trmiss80_trlocclin,32,5e-05,1,64,1,0.1,lr5e-05_bs32_modL1_fusion64_fusionL1_drop0p1_trmiss80_trlocclin,20,0.46458854774634045,0.6470119059085846,0.6745689655172414,0.7347029110835087,0.7111111111111111,0.0,0.0,0.0,0.0,2002,clin,0.8
1,3,lr5e-05_bs32_modL1_fusion64_fusionL1_drop0p1_trmiss80_trlocclin,32,5e-05,1,64,1,0.1,lr5e-05_bs32_modL1_fusion64_fusionL1_drop0p1_trmiss80_trlocclin,21,0.44632454713185626,0.6470629274845123,0.6745689655172414,0.7335256487685693,0.7111111111111111,0.0,0.0,0.0,0.0,2002,clin,0.8
1,3,lr5e-05_bs32_modL1_fusion64_fusionL1_drop0p1_trmiss80_trlocclin,32,5e-05,1,64,1,0.1,lr5e-05_bs32_modL1_fusion64_fusionL1_drop0p1_trmiss80_trlocclin,22,0.43784697353839874,0.6516590714454651,0.6681034482758621,0.7207371971870142,0.6888888888888889,0.0,0.0,0.0,0.0,2002,clin,0.8
1,3,lr5e-05_bs32_modL1_fusion64_fusionL1_drop0p1_trmiss80_trlocclin,32,5e-05,1,64,1,0.1,lr5e-05_bs32_modL1_fusion64_fusionL1_drop0p1_trmiss80_trlocclin,23,0.46137353281180066,0.6491113305091858,0.6745689655172413,0.7266826354600386,0.7111111111111111,0.0,0.0,0.0,0.0,2002,clin,0.8
1,3,lr5e-05_bs32_modL1_fusion64_fusionL1_drop0p1_trmiss80_trlocclin,32,5e-05,1,64,1,0.1,lr5e-05_bs32_modL1_fusion64_fusionL1_drop0p1_trmiss80_trlocclin,24,0.4328535298506419,0.647579163312912,0.6810344827586207,0.7357250298472606,0.7111111111111111,0.0,0.0,0.0,0.0,2002,clin,0.8
1,3,lr5e-05_bs32_modL1_fusion64_fusionL1_drop0p1_trmiss80_trlocclin,32,5e-05,1,64,1,0.1,lr5e-05_bs32_modL1_fusion64_fusionL1_drop0p1_trmiss80_trlocclin,25,0.4362916946411133,0.6476652920246124,0.6831896551724137,0.7361355388784593,0.6888888888888889,0.0,0.0,0.0,0.0,2002,clin,0.8
1,3,lr5e-05_bs32_modL1_fusion64_fusionL1_drop0p1_trmiss80_trlocclin,32,5e-05,1,64,1,0.1,lr5e-05_bs32_modL1_fusion64_fusionL1_drop0p1_trmiss80_trlocclin,26,0.42409372329711914,0.6488681137561798,0.6788793103448276,0.7354947096126228,0.6888888888888889,0.0,0.0,0.0,0.0,2002,clin,0.8
1,3,lr5e-05_bs32_modL1_fusion64_fusionL1_drop0p1_trmiss80_trlocclin,32,5e-05,1,64,1,0.1,lr5e-05_bs32_modL1_fusion64_fusionL1_drop0p1_trmiss80_trlocclin,27,0.44333793222904205,0.6483780741691589,0.6767241379310345,0.732319455449681,0.6888888888888889,0.0,0.0,0.0,0.0,2002,clin,0.8
1,3,lr5e-05_bs32_modL1_fusion64_fusionL1_drop0p1_trmiss80_trlocclin,32,5e-05,1,64,1,0.1,lr5e-05_bs32_modL1_fusion64_fusionL1_drop0p1_trmiss80_trlocclin,28,0.43232887983322144,0.6518130302429199,0.6939655172413792,0.7407002677594783,0.6666666666666666,0.0,0.0,0.0,0.0,2002,clin,0.8
1,3,lr5e-05_bs32_modL1_fusion64_fusionL1_drop0p1_trmiss80_trlocclin,32,5e-05,1,64,1,0.1,lr5e-05_bs32_modL1_fusion64_fusionL1_drop0p1_trmiss80_trlocclin,29,0.4235665301481883,0.6501686871051788,0.6745689655172413,0.7328328826313766,0.6666666666666666,0.0,0.0,0.0,0.0,2002,clin,0.8
1,3,lr5e-05_bs32_modL1_fusion64_fusionL1_drop0p1_trmiss80_trlocclin,32,5e-05,1,64,1,0.1,lr5e-05_bs32_modL1_fusion64_fusionL1_drop0p1_trmiss80_trlocclin,30,0.4243747691313426,0.6520121693611145,0.6788793103448276,0.7344481032468753,0.6666666666666666,0.0,0.0,0.0,0.0,2002,clin,0.8
1,3,lr5e-05_bs32_modL1_fusion64_fusionL1_drop0p1_trmiss80_trlocclin,32,5e-05,1,64,1,0.1,lr5e-05_bs32_modL1_fusion64_fusionL1_drop0p1_trmiss80_trlocclin,31,0.42751683791478473,0.654928982257843,0.6810344827586207,0.7322615153923668,0.6666666666666666,0.0,0.0,0.0,0.0,2002,clin,0.8
1,3,lr5e-05_bs32_modL1_fusion64_fusionL1_drop0p1_trmiss80_trlocclin,32,5e-05,1,64,1,0.1,lr5e-05_bs32_modL1_fusion64_fusionL1_drop0p1_trmiss80_trlocclin,32,0.41540930171807605,0.6549888253211975,0.6788793103448276,0.7331712315584351,0.6666666666666666,0.0,0.0,0.0,0.0,2002,clin,0.8
1,3,lr5e-05_bs32_modL1_fusion64_fusionL1_drop0p1_trmiss80_trlocclin,32,5e-05,1,64,1,0.1,lr5e-05_bs32_modL1_fusion64_fusionL1_drop0p1_trmiss80_trlocclin,33,0.4166183223327001,0.6561662554740906,0.6767241379310345,0.7322369696253622,0.6666666666666666,0.0,0.0,0.0,0.0,2002,clin,0.8
1,3,lr1e-04_bs32_modL1_fusion32_fusionL1_drop0p2_trmiss80_trlocclin,32,0.0001,1,32,1,0.2,lr1e-04_bs32_modL1_fusion32_fusionL1_drop0p2_trmiss80_trlocclin,1,0.7732370793819427,0.7168130278587341,0.5603448275862069,0.7001234770983111,0.37777777777777777,0.0,0.0,0.0,0.0,2002,clin,0.8
1,3,lr1e-04_bs32_modL1_fusion32_fusionL1_drop0p2_trmiss80_trlocclin,32,0.0001,1,32,1,0.2,lr1e-04_bs32_modL1_fusion32_fusionL1_drop0p2_trmiss80_trlocclin,2,0.7131355802218119,0.7186238467693329,0.6012931034482758,0.7368289546024959,0.4222222222222222,0.0,0.0,0.0,0.0,2002,clin,0.8
1,3,lr1e-04_bs32_modL1_fusion32_fusionL1_drop0p2_trmiss80_trlocclin,32,0.0001,1,32,1,0.2,lr1e-04_bs32_modL1_fusion32_fusionL1_drop0p2_trmiss80_trlocclin,3,0.7099511524041494,0.7182032465934753,0.6336206896551724,0.7543047847226145,0.4222222222222222,0.0,0.0,0.0,0.0,2002,clin,0.8
1,3,lr1e-04_bs32_modL1_fusion32_fusionL1_drop0p2_trmiss80_trlocclin,32,0.0001,1,32,1,0.2,lr1e-04_bs32_modL1_fusion32_fusionL1_drop0p2_trmiss80_trlocclin,4,0.6808381577332815,0.7230974733829498,0.6487068965517241,0.7635010454332543,0.4444444444444444,0.0,0.0,0.0,0.0,2002,clin,0.8
1,3,lr1e-04_bs32_modL1_fusion32_fusionL1_drop0p2_trmiss80_trlocclin,32,0.0001,1,32,1,0.2,lr1e-04_bs32_modL1_fusion32_fusionL1_drop0p2_trmiss80_trlocclin,5,0.6673812170823415,0.7218004167079926,0.6422413793103448,0.7583390728346051,0.4666666666666667,0.0,0.0,0.0,0.0,2002,clin,0.8
1,3,lr1e-04_bs32_modL1_fusion32_fusionL1_drop0p2_trmiss80_trlocclin,32,0.0001,1,32,1,0.2,lr1e-04_bs32_modL1_fusion32_fusionL1_drop0p2_trmiss80_trlocclin,6,0.6474273304144541,0.718760758638382,0.6422413793103449,0.7623985401565201,0.5333333333333333,0.0,0.0,0.0,0.0,2002,clin,0.8
1,3,lr1e-04_bs32_modL1_fusion32_fusionL1_drop0p2_trmiss80_trlocclin,32,0.0001,1,32,1,0.2,lr1e-04_bs32_modL1_fusion32_fusionL1_drop0p2_trmiss80_trlocclin,7,0.6215926011403402,0.7178764641284943,0.6400862068965517,0.7626062518996837,0.5777777777777777,0.0,0.0,0.0,0.0,2002,clin,0.8
1,3,lr1e-04_bs32_modL1_fusion32_fusionL1_drop0p2_trmiss80_trlocclin,32,0.0001,1,32,1,0.2,lr1e-04_bs32_modL1_fusion32_fusionL1_drop0p2_trmiss80_trlocclin,8,0.6116232474644979,0.7182528972625732,0.6379310344827587,0.7618424380024367,0.5777777777777777,0.0,0.0,0.0,0.0,2002,clin,0.8
1,3,lr1e-04_bs32_modL1_fusion32_fusionL1_drop0p2_trmiss80_trlocclin,32,0.0001,1,32,1,0.2,lr1e-04_bs32_modL1_fusion32_fusionL1_drop0p2_trmiss80_trlocclin,9,0.6269000569979349,0.7196584641933441,0.6422413793103448,0.748289712765422,0.5777777777777777,0.0,0.0,0.0,0.0,2002,clin,0.8
1,3,lr1e-04_bs32_modL1_fusion32_fusionL1_drop0p2_trmiss80_trlocclin,32,0.0001,1,32,1,0.2,lr1e-04_bs32_modL1_fusion32_fusionL1_drop0p2_trmiss80_trlocclin,10,0.6106600860754648,0.7211753129959106,0.6487068965517242,0.7536468953745785,0.5777777777777777,0.0,0.0,0.0,0.0,2002,clin,0.8
1,3,lr1e-04_bs32_modL1_fusion32_fusionL1_drop0p2_trmiss80_trlocclin,32,0.0001,1,32,1,0.2,lr1e-04_bs32_modL1_fusion32_fusionL1_drop0p2_trmiss80_trlocclin,11,0.587868720293045,0.723834365606308,0.644396551724138,0.7518639951429498,0.5777777777777777,0.0,0.0,0.0,0.0,2002,clin,0.8
1,3,lr1e-04_bs32_modL1_fusion32_fusionL1_drop0p2_trmiss80_trlocclin,32,0.0001,1,32,1,0.2,lr1e-04_bs32_modL1_fusion32_fusionL1_drop0p2_trmiss80_trlocclin,12,0.5824269652366638,0.723097413778305,0.6551724137931034,0.7561308481887608,0.5777777777777777,0.0,0.0,0.0,0.0,2002,clin,0.8
1,3,lr1e-04_bs32_modL1_fusion32_fusionL1_drop0p2_trmiss80_trlocclin,32,0.0001,1,32,1,0.2,lr1e-04_bs32_modL1_fusion32_fusionL1_drop0p2_trmiss80_trlocclin,13,0.5887312591075897,0.7231135070323944,0.6530172413793103,0.7549881196577506,0.5777777777777777,0.0,0.0,0.0,0.0,2002,clin,0.8
1,3,lr1e-04_bs32_modL1_fusion32_fusionL1_drop0p2_trmiss80_trlocclin,32,0.0001,1,32,1,0.2,lr1e-04_bs32_modL1_fusion32_fusionL1_drop0p2_trmiss80_trlocclin,14,0.5720234910647074,0.7243627905845642,0.6530172413793103,0.7555499423404897,0.5777777777777777,0.0,0.0,0.0,0.0,2002,clin,0.8
1,3,lr1e-04_bs32_modL1_fusion32_fusionL1_drop0p2_trmiss80_trlocclin,32,0.0001,1,32,1,0.2,lr1e-04_bs32_modL1_fusion32_fusionL1_drop0p2_trmiss80_trlocclin,15,0.5606288413206736,0.7279254496097565,0.6616379310344828,0.7581789104056451,0.5333333333333333,0.0,0.0,0.0,0.0,2002,clin,0.8
1,3,lr1e-04_bs32_modL1_fusion32_fusionL1_drop0p2_trmiss80_trlocclin,32,0.0001,1,32,1,0.2,lr1e-04_bs32_modL1_fusion32_fusionL1_drop0p2_trmiss80_trlocclin,16,0.5680123666922251,0.7265083193778992,0.6594827586206896,0.7581245936548873,0.5555555555555556,0.0,0.0,0.0,0.0,2002,clin,0.8
1,3,lr1e-04_bs32_modL1_fusion32_fusionL1_drop0p2_trmiss80_trlocclin,32,0.0001,1,32,1,0.2,lr1e-04_bs32_modL1_fusion32_fusionL1_drop0p2_trmiss80_trlocclin,17,0.5588890214761099,0.7244874536991119,0.6616379310344828,0.7588621927697683,0.5777777777777777,0.0,0.0,0.0,0.0,2002,clin,0.8
1,3,lr1e-04_bs32_modL1_fusion32_fusionL1_drop0p2_trmiss80_trlocclin,32,0.0001,1,32,1,0.2,lr1e-04_bs32_modL1_fusion32_fusionL1_drop0p2_trmiss80_trlocclin,18,0.5492263784011205,0.7238060235977173,0.6594827586206895,0.7594846190633577,0.5777777777777777,0.0,0.0,0.0,0.0,2002,clin,0.8
1,3,lr1e-04_bs32_modL1_fusion32_fusionL1_drop0p2_trmiss80_trlocclin,32,0.0001,1,32,1,0.2,lr1e-04_bs32_modL1_fusion32_fusionL1_drop0p2_trmiss80_trlocclin,19,0.5431352158387502,0.719547837972641,0.6573275862068966,0.7595133161993834,0.5777777777777777,0.0,0.0,0.0,0.0,2002,clin,0.8
1,3,lr1e-04_bs32_modL1_fusion32_fusionL1_drop0p2_trmiss80_trlocclin,32,0.0001,1,32,1,0.2,lr1e-04_bs32_modL1_fusion32_fusionL1_drop0p2_trmiss80_trlocclin,20,0.5571290254592896,0.7196555435657501,0.6594827586206896,0.7597553445064971,0.5777777777777777,0.0,0.0,0.0,0.0,2002,clin,0.8
1,3,lr1e-04_bs32_modL1_fusion32_fusionL1_drop0p2_trmiss80_trlocclin,32,0.0001,1,32,1,0.2,lr1e-04_bs32_modL1_fusion32_fusionL1_drop0p2_trmiss80_trlocclin,21,0.5345558921496073,0.7193546891212463,0.6637931034482758,0.7606219519936996,0.5777777777777777,0.0,0.0,0.0,0.0,2002,clin,0.8
1,3,lr1e-04_bs32_modL1_fusion32_fusionL1_drop0p2_trmiss80_trlocclin,32,0.0001,1,32,1,0.2,lr1e-04_bs32_modL1_fusion32_fusionL1_drop0p2_trmiss80_trlocclin,22,0.5382191836833954,0.7169471383094788,0.6594827586206896,0.7596337378098601,0.5555555555555556,0.0,0.0,0.0,0.0,2002,clin,0.8
1,3,lr1e-04_bs32_modL1_fusion32_fusionL1_drop0p2_trmiss80_trlocclin,32,0.0001,1,32,1,0.2,lr1e-04_bs32_modL1_fusion32_fusionL1_drop0p2_trmiss80_trlocclin,23,0.5463884373505911,0.7195588052272797,0.6637931034482758,0.7605732475742613,0.5555555555555556,0.0,0.0,0.0,0.0,2002,clin,0.8
1,3,lr1e-04_bs32_modL1_fusion32_fusionL1_drop0p2_trmiss80_trlocclin,32,0.0001,1,32,1,0.2,lr1e-04_bs32_modL1_fusion32_fusionL1_drop0p2_trmiss80_trlocclin,24,0.5419066548347473,0.7214454114437103,0.6573275862068966,0.7578998814278841,0.5555555555555556,0.0,0.0,0.0,0.0,2002,clin,0.8
1,3,lr1e-04_bs32_modL1_fusion32_fusionL1_drop0p2_trmiss80_trlocclin,32,0.0001,1,32,1,0.2,lr1e-04_bs32_modL1_fusion32_fusionL1_drop0p2_trmiss80_trlocclin,25,0.5541324317455292,0.7235616445541382,0.6573275862068966,0.7574170879189466,0.5555555555555556,0.0,0.0,0.0,0.0,2002,clin,0.8
1,3,lr1e-04_bs32_modL1_fusion32_fusionL1_drop0p2_trmiss80_trlocclin,32,0.0001,1,32,1,0.2,lr1e-04_bs32_modL1_fusion32_fusionL1_drop0p2_trmiss80_trlocclin,26,0.5526801099379858,0.721856415271759,0.6530172413793103,0.7552522667886081,0.5555555555555556,0.0,0.0,0.0,0.0,2002,clin,0.8
1,3,lr1e-04_bs32_modL1_fusion32_fusionL1_drop0p2_trmiss80_trlocclin,32,0.0001,1,32,1,0.2,lr1e-04_bs32_modL1_fusion32_fusionL1_drop0p2_trmiss80_trlocclin,27,0.5248191704352697,0.7187606394290924,0.6487068965517242,0.7541492544077053,0.5555555555555556,0.0,0.0,0.0,0.0,2002,clin,0.8
1,3,lr1e-04_bs32_modL1_fusion32_fusionL1_drop0p2_trmiss80_trlocclin,32,0.0001,1,32,1,0.2,lr1e-04_bs32_modL1_fusion32_fusionL1_drop0p2_trmiss80_trlocclin,28,0.5607138723134995,0.720611959695816,0.6616379310344827,0.7580345289336126,0.5555555555555556,0.0,0.0,0.0,0.0,2002,clin,0.8
1,3,lr1e-04_bs32_modL1_fusion32_fusionL1_drop0p2_trmiss80_trlocclin,32,0.0001,1,32,1,0.2,lr1e-04_bs32_modL1_fusion32_fusionL1_drop0p2_trmiss80_trlocclin,29,0.5345674455165863,0.7205567955970764,0.6616379310344828,0.75828822173248,0.5555555555555556,0.0,0.0,0.0,0.0,2002,clin,0.8
1,3,lr1e-04_bs32_modL1_fusion32_fusionL1_drop0p2_trmiss80_trlocclin,32,0.0001,1,32,1,0.2,lr1e-04_bs32_modL1_fusion32_fusionL1_drop0p2_trmiss80_trlocclin,30,0.5368686417738596,0.7247853577136993,0.6573275862068966,0.7566096748493456,0.5555555555555556,0.0,0.0,0.0,0.0,2002,clin,0.8
1,3,lr1e-04_bs32_modL1_fusion32_fusionL1_drop0p2_trmiss80_trlocclin,32,0.0001,1,32,1,0.2,lr1e-04_bs32_modL1_fusion32_fusionL1_drop0p2_trmiss80_trlocclin,31,0.5308339446783066,0.7237037122249603,0.6594827586206897,0.7572938565680101,0.5555555555555556,0.0,0.0,0.0,0.0,2002,clin,0.8
1,3,lr1e-04_bs32_modL1_fusion32_fusionL1_drop0p2_trmiss80_trlocclin,32,0.0001,1,32,1,0.2,lr1e-04_bs32_modL1_fusion32_fusionL1_drop0p2_trmiss80_trlocclin,32,0.5264632701873779,0.7208904027938843,0.6637931034482758,0.760634941066676,0.5555555555555556,0.0,0.0,0.0,0.0,2002,clin,0.8
1,3,lr1e-04_bs32_modL1_fusion32_fusionL1_drop0p2_trmiss80_trlocclin,32,0.0001,1,32,1,0.2,lr1e-04_bs32_modL1_fusion32_fusionL1_drop0p2_trmiss80_trlocclin,33,0.5500420530637106,0.7228915095329285,0.665948275862069,0.760440487377783,0.5555555555555556,0.0,0.0,0.0,0.0,2002,clin,0.8
1,3,lr1e-04_bs32_modL1_fusion32_fusionL1_drop0p2_trmiss80_trlocclin,32,0.0001,1,32,1,0.2,lr1e-04_bs32_modL1_fusion32_fusionL1_drop0p2_trmiss80_trlocclin,34,0.5354424665371577,0.7210343778133392,0.6594827586206897,0.7571242984899063,0.5555555555555556,0.0,0.0,0.0,0.0,2002,clin,0.8
1,3,lr1e-04_bs32_modL1_fusion32_fusionL1_drop0p2_trmiss80_trlocclin,32,0.0001,1,32,1,0.2,lr1e-04_bs32_modL1_fusion32_fusionL1_drop0p2_trmiss80_trlocclin,35,0.536766474445661,0.7197485268115997,0.6551724137931034,0.7543215126906875,0.5555555555555556,0.0,0.0,0.0,0.0,2002,clin,0.8
1,3,lr1e-04_bs32_modL1_fusion32_fusionL1_drop0p2_trmiss80_trlocclin,32,0.0001,1,32,1,0.2,lr1e-04_bs32_modL1_fusion32_fusionL1_drop0p2_trmiss80_trlocclin,36,0.5378870020310084,0.7137676179409027,0.6594827586206896,0.7574724592581479,0.5555555555555556,0.0,0.0,0.0,0.0,2002,clin,0.8
1,3,lr1e-04_bs32_modL1_fusion32_fusionL1_drop0p2_trmiss80_trlocclin,32,0.0001,1,32,1,0.2,lr1e-04_bs32_modL1_fusion32_fusionL1_drop0p2_trmiss80_trlocclin,37,0.540604849656423,0.7176439762115479,0.665948275862069,0.7613450430490729,0.5555555555555556,0.0,0.0,0.0,0.0,2002,clin,0.8
1,3,lr1e-04_bs32_modL1_fusion32_fusionL1_drop0p2_trmiss80_trlocclin,32,0.0001,1,32,1,0.2,lr1e-04_bs32_modL1_fusion32_fusionL1_drop0p2_trmiss80_trlocclin,38,0.5317221581935883,0.718882143497467,0.665948275862069,0.7611857874795915,0.5555555555555556,0.0,0.0,0.0,0.0,2002,clin,0.8
1,3,lr1e-04_bs32_modL1_fusion32_fusionL1_drop0p2_trmiss80_trlocclin,32,0.0001,1,32,1,0.2,lr1e-04_bs32_modL1_fusion32_fusionL1_drop0p2_trmiss80_trlocclin,39,0.528026799360911,0.7209579348564148,0.6594827586206896,0.7574739043887113,0.5555555555555556,0.0,0.0,0.0,0.0,2002,clin,0.8
1,3,lr1e-04_bs32_modL1_fusion32_fusionL1_drop0p2_trmiss80_trlocclin,32,0.0001,1,32,1,0.2,lr1e-04_bs32_modL1_fusion32_fusionL1_drop0p2_trmiss80_trlocclin,40,0.5555454691251119,0.7220908999443054,0.6637931034482758,0.7587357212939259,0.5555555555555556,0.0,0.0,0.0,0.0,2002,clin,0.8
1,3,lr1e-04_bs32_modL1_fusion32_fusionL1_drop0p2_trmiss80_trlocclin,32,0.0001,1,32,1,0.2,lr1e-04_bs32_modL1_fusion32_fusionL1_drop0p2_trmiss80_trlocclin,41,0.5294060160716375,0.7225814461708069,0.6616379310344828,0.7599116690469527,0.5555555555555556,0.0,0.0,0.0,0.0,2002,clin,0.8
1,3,lr1e-04_bs32_modL1_fusion32_fusionL1_drop0p2_trmiss80_trlocclin,32,0.0001,1,32,1,0.2,lr1e-04_bs32_modL1_fusion32_fusionL1_drop0p2_trmiss80_trlocclin,42,0.5373030652602514,0.7210305035114288,0.6573275862068966,0.7564662104037254,0.5555555555555556,0.0,0.0,0.0,0.0,2002,clin,0.8
1,3,lr1e-04_bs32_modL1_fusion32_fusionL1_drop0p2_trmiss80_trlocclin,32,0.0001,1,32,1,0.2,lr1e-04_bs32_modL1_fusion32_fusionL1_drop0p2_trmiss80_trlocclin,43,0.5499326090017954,0.7185736298561096,0.6616379310344828,0.7580476209122899,0.5555555555555556,0.0,0.0,0.0,0.0,2002,clin,0.8
1,3,lr1e-04_bs32_modL1_fusion32_fusionL1_drop0p2_trmiss80_trlocclin,32,0.0001,1,32,1,0.2,lr1e-04_bs32_modL1_fusion32_fusionL1_drop0p2_trmiss80_trlocclin,44,0.5475034962097803,0.7196508347988129,0.6573275862068966,0.757710875252239,0.5555555555555556,0.0,0.0,0.0,0.0,2002,clin,0.8
1,3,lr1e-04_bs32_modL1_fusion32_fusionL1_drop0p2_trmiss80_trlocclin,32,0.0001,1,32,1,0.2,lr1e-04_bs32_modL1_fusion32_fusionL1_drop0p2_trmiss80_trlocclin,45,0.5420741538206736,0.718829482793808,0.6637931034482759,0.7598705605689338,0.5555555555555556,0.0,0.0,0.0,0.0,2002,clin,0.8
1,3,lr1e-04_bs32_modL1_fusion32_fusionL1_drop0p2_trmiss80_trlocclin,32,0.0001,1,32,1,0.2,lr1e-04_bs32_modL1_fusion32_fusionL1_drop0p2_trmiss80_trlocclin,46,0.5293381611506144,0.7182397544384003,0.6594827586206897,0.7581725279337486,0.5555555555555556,0.0,0.0,0.0,0.0,2002,clin,0.8
1,3,lr1e-04_bs32_modL1_fusion32_fusionL1_drop0p2_trmiss80_trlocclin,32,0.0001,1,32,1,0.2,lr1e-04_bs32_modL1_fusion32_fusionL1_drop0p2_trmiss80_trlocclin,47,0.5168763597806295,0.7187997996807098,0.6616379310344828,0.7577969571480458,0.5555555555555556,0.0,0.0,0.0,0.0,2002,clin,0.8
1,3,lr1e-04_bs32_modL1_fusion32_fusionL1_drop0p2_trmiss80_trlocclin,32,0.0001,1,32,1,0.2,lr1e-04_bs32_modL1_fusion32_fusionL1_drop0p2_trmiss80_trlocclin,48,0.5457600653171539,0.7250773310661316,0.6594827586206897,0.7568374911659972,0.5555555555555556,0.0,0.0,0.0,0.0,2002,clin,0.8
1,3,lr1e-04_bs32_modL1_fusion32_fusionL1_drop0p2_trmiss80_trlocclin,32,0.0001,1,32,1,0.2,lr1e-04_bs32_modL1_fusion32_fusionL1_drop0p2_trmiss80_trlocclin,49,0.5611648460229238,0.7298299074172974,0.6573275862068966,0.756248761140766,0.5555555555555556,0.0,0.0,0.0,0.0,2002,clin,0.8
1,3,lr1e-04_bs32_modL1_fusion32_fusionL1_drop0p2_trmiss80_trlocclin,32,0.0001,1,32,1,0.2,lr1e-04_bs32_modL1_fusion32_fusionL1_drop0p2_trmiss80_trlocclin,50,0.5355489005645117,0.7206860780715942,0.6637931034482758,0.7593745996993191,0.5555555555555556,0.0,0.0,0.0,0.0,2002,clin,0.8
1,3,lr1e-04_bs32_modL1_fusion32_fusionL1_drop0p2_trmiss80_trlocclin,32,0.0001,1,32,1,0.2,lr1e-04_bs32_modL1_fusion32_fusionL1_drop0p2_trmiss80_trlocclin,51,0.539409950375557,0.7255612313747406,0.6594827586206897,0.7582174969515256,0.5555555555555556,0.0,0.0,0.0,0.0,2002,clin,0.8
1,3,lr1e-04_bs32_modL1_fusion32_fusionL1_drop0p2_trmiss80_trlocclin,32,0.0001,1,32,1,0.2,lr1e-04_bs32_modL1_fusion32_fusionL1_drop0p2_trmiss80_trlocclin,52,0.5362552603085836,0.7227311730384827,0.6594827586206896,0.7586441692889812,0.5555555555555556,0.0,0.0,0.0,0.0,2002,clin,0.8
1,3,lr1e-04_bs32_modL1_fusion32_fusionL1_drop0p2_trmiss80_trlocclin,32,0.0001,1,32,1,0.2,lr1e-04_bs32_modL1_fusion32_fusionL1_drop0p2_trmiss80_trlocclin,53,0.5300685365994772,0.7226390540599823,0.6551724137931034,0.7556133545587636,0.5555555555555556,0.0,0.0,0.0,0.0,2002,clin,0.8
1,3,lr1e-04_bs32_modL1_fusion32_fusionL1_drop0p2_trmiss80_trlocclin,32,0.0001,1,32,1,0.2,lr1e-04_bs32_modL1_fusion32_fusionL1_drop0p2_trmiss80_trlocclin,54,0.5269035299619039,0.7207485139369965,0.6616379310344828,0.7586665410890521,0.5555555555555556,0.0,0.0,0.0,0.0,2002,clin,0.8
1,3,lr1e-04_bs32_modL1_fusion32_fusionL1_drop0p2_trmiss80_trlocclin,32,0.0001,1,32,1,0.2,lr1e-04_bs32_modL1_fusion32_fusionL1_drop0p2_trmiss80_trlocclin,55,0.5448066691557566,0.7224988043308258,0.6551724137931034,0.7547240513666258,0.5555555555555556,0.0,0.0,0.0,0.0,2002,clin,0.8
1,3,lr1e-04_bs32_modL1_fusion32_fusionL1_drop0p2_trmiss80_trlocclin,32,0.0001,1,32,1,0.2,lr1e-04_bs32_modL1_fusion32_fusionL1_drop0p2_trmiss80_trlocclin,56,0.5251447757085165,0.7247912585735321,0.6681034482758621,0.7623386598911379,0.5555555555555556,0.0,0.0,0.0,0.0,2002,clin,0.8
1,3,lr1e-04_bs32_modL1_fusion32_fusionL1_drop0p2_trmiss80_trlocclin,32,0.0001,1,32,1,0.2,lr1e-04_bs32_modL1_fusion32_fusionL1_drop0p2_trmiss80_trlocclin,57,0.5293722997109095,0.7232379019260406,0.6594827586206896,0.7560165401207424,0.5555555555555556,0.0,0.0,0.0,0.0,2002,clin,0.8
1,3,lr1e-04_bs32_modL1_fusion32_fusionL1_drop0p2_trmiss80_trlocclin,32,0.0001,1,32,1,0.2,lr1e-04_bs32_modL1_fusion32_fusionL1_drop0p2_trmiss80_trlocclin,58,0.5353201876084009,0.7256147265434265,0.6573275862068966,0.7540993975096046,0.5555555555555556,0.0,0.0,0.0,0.0,2002,clin,0.8
1,3,lr1e-04_bs32_modL1_fusion32_fusionL1_drop0p2_trmiss80_trlocclin,32,0.0001,1,32,1,0.2,lr1e-04_bs32_modL1_fusion32_fusionL1_drop0p2_trmiss80_trlocclin,59,0.5425772567590078,0.7253544330596924,0.6551724137931034,0.754671775627183,0.5555555555555556,0.0,0.0,0.0,0.0,2002,clin,0.8
1,3,lr1e-04_bs32_modL1_fusion32_fusionL1_drop0p2_trmiss80_trlocclin,32,0.0001,1,32,1,0.2,lr1e-04_bs32_modL1_fusion32_fusionL1_drop0p2_trmiss80_trlocclin,60,0.5252978205680847,0.7209883630275726,0.6594827586206897,0.7571127754293814,0.5555555555555556,0.0,0.0,0.0,0.0,2002,clin,0.8
1,3,lr1e-04_bs32_modL1_fusion32_fusionL1_drop0p2_trmiss80_trlocclin,32,0.0001,1,32,1,0.2,lr1e-04_bs32_modL1_fusion32_fusionL1_drop0p2_trmiss80_trlocclin,61,0.5278932352860769,0.7231508791446686,0.6616379310344828,0.7572385169344331,0.5555555555555556,0.0,0.0,0.0,0.0,2002,clin,0.8
1,3,lr1e-04_bs32_modL1_fusion32_fusionL1_drop0p2_trmiss80_trlocclin,32,0.0001,1,32,1,0.2,lr1e-04_bs32_modL1_fusion32_fusionL1_drop0p2_trmiss80_trlocclin,62,0.5309383273124695,0.7230091392993927,0.668103448275862,0.7606759149752262,0.5555555555555556,0.0,0.0,0.0,0.0,2002,clin,0.8
1,3,lr1e-04_bs32_modL1_fusion32_fusionL1_drop0p2_trmiss80_trlocclin,32,0.0001,1,32,1,0.2,lr1e-04_bs32_modL1_fusion32_fusionL1_drop0p2_trmiss80_trlocclin,63,0.5473277320464452,0.7233971953392029,0.665948275862069,0.7600476865793027,0.5555555555555556,0.0,0.0,0.0,0.0,2002,clin,0.8
1,3,lr1e-04_bs32_modL1_fusion32_fusionL1_drop0p2_trmiss80_trlocclin,32,0.0001,1,32,1,0.2,lr1e-04_bs32_modL1_fusion32_fusionL1_drop0p2_trmiss80_trlocclin,64,0.515969047943751,0.7196235954761505,0.6616379310344828,0.7579955689126132,0.5555555555555556,0.0,0.0,0.0,0.0,2002,clin,0.8
1,3,lr1e-04_bs32_modL1_fusion32_fusionL1_drop0p2_trmiss80_trlocclin,32,0.0001,1,32,1,0.2,lr1e-04_bs32_modL1_fusion32_fusionL1_drop0p2_trmiss80_trlocclin,65,0.5248516400655111,0.7216865718364716,0.6637931034482758,0.7589078112041658,0.5555555555555556,0.0,0.0,0.0,0.0,2002,clin,0.8
1,3,lr1e-04_bs32_modL1_fusion32_fusionL1_drop0p2_trmiss80_trlocclin,32,0.0001,1,32,1,0.2,lr1e-04_bs32_modL1_fusion32_fusionL1_drop0p2_trmiss80_trlocclin,66,0.5232389867305756,0.7211495935916901,0.6616379310344828,0.758807934515751,0.5555555555555556,0.0,0.0,0.0,0.0,2002,clin,0.8
1,3,lr1e-04_bs32_modL1_fusion32_fusionL1_drop0p2_trmiss80_trlocclin,32,0.0001,1,32,1,0.2,lr1e-04_bs32_modL1_fusion32_fusionL1_drop0p2_trmiss80_trlocclin,67,0.532279759645462,0.7199743986129761,0.6594827586206896,0.7560921910641889,0.5555555555555556,0.0,0.0,0.0,0.0,2002,clin,0.8
1,3,lr1e-04_bs32_modL1_fusion32_fusionL1_drop0p2_trmiss80_trlocclin,32,0.0001,1,32,1,0.2,lr1e-04_bs32_modL1_fusion32_fusionL1_drop0p2_trmiss80_trlocclin,68,0.5419916609923044,0.723073273897171,0.6637931034482759,0.7598699035312433,0.5555555555555556,0.0,0.0,0.0,0.0,2002,clin,0.8
1,3,lr1e-04_bs32_modL1_fusion32_fusionL1_drop0p2_trmiss80_trlocclin,32,0.0001,1,32,1,0.2,lr1e-04_bs32_modL1_fusion32_fusionL1_drop0p2_trmiss80_trlocclin,69,0.539505143960317,0.7201209366321564,0.6681034482758621,0.7598891427583399,0.5555555555555556,0.0,0.0,0.0,0.0,2002,clin,0.8
1,3,lr1e-04_bs32_modL1_fusion32_fusionL1_drop0p2_trmiss80_trlocclin,32,0.0001,1,32,1,0.2,lr1e-04_bs32_modL1_fusion32_fusionL1_drop0p2_trmiss80_trlocclin,70,0.5425391048192978,0.720424473285675,0.6637931034482759,0.7588566404762105,0.5555555555555556,0.0,0.0,0.0,0.0,2002,clin,0.8
1,3,lr1e-04_bs32_modL1_fusion32_fusionL1_drop0p2_trmiss80_trlocclin,32,0.0001,1,32,1,0.2,lr1e-04_bs32_modL1_fusion32_fusionL1_drop0p2_trmiss80_trlocclin,71,0.5277984390656153,0.7200107872486115,0.6616379310344828,0.7579036457637685,0.5555555555555556,0.0,0.0,0.0,0.0,2002,clin,0.8
1,3,lr1e-04_bs32_modL1_fusion32_fusionL1_drop0p2_trmiss80_trlocclin,32,0.0001,1,32,1,0.2,lr1e-04_bs32_modL1_fusion32_fusionL1_drop0p2_trmiss80_trlocclin,72,0.5462581713994344,0.7188883721828461,0.6637931034482758,0.759508419712503,0.5555555555555556,0.0,0.0,0.0,0.0,2002,clin,0.8
1,3,lr1e-04_bs32_modL1_fusion32_fusionL1_drop0p2_trmiss80_trlocclin,32,0.0001,1,32,1,0.2,lr1e-04_bs32_modL1_fusion32_fusionL1_drop0p2_trmiss80_trlocclin,73,0.5361779630184174,0.7199734151363373,0.6616379310344828,0.7577015054546126,0.5555555555555556,0.0,0.0,0.0,0.0,2002,clin,0.8
1,3,lr1e-04_bs32_modL1_fusion32_fusionL1_drop0p2_trmiss80_trlocclin,32,0.0001,1,32,1,0.2,lr1e-04_bs32_modL1_fusion32_fusionL1_drop0p2_trmiss80_trlocclin,74,0.5411897401014963,0.7235550880432129,0.6594827586206897,0.7571127754293814,0.5555555555555556,0.0,0.0,0.0,0.0,2002,clin,0.8
1,3,lr1e-04_bs32_modL1_fusion32_fusionL1_drop0p2_trmiss80_trlocclin,32,0.0001,1,32,1,0.2,lr1e-04_bs32_modL1_fusion32_fusionL1_drop0p2_trmiss80_trlocclin,75,0.5298599650462469,0.7250123620033264,0.6594827586206896,0.7567356832737049,0.5555555555555556,0.0,0.0,0.0,0.0,2002,clin,0.8
1,3,lr1e-04_bs32_modL1_fusion32_fusionL1_drop0p2_trmiss80_trlocclin,32,0.0001,1,32,1,0.2,lr1e-04_bs32_modL1_fusion32_fusionL1_drop0p2_trmiss80_trlocclin,76,0.5221478094657263,0.7229812741279602,0.6637931034482758,0.7584278225520509,0.5555555555555556,0.0,0.0,0.0,0.0,2002,clin,0.8
1,3,lr1e-04_bs32_modL1_fusion32_fusionL1_drop0p2_trmiss80_trlocclin,32,0.0001,1,32,1,0.2,lr1e-04_bs32_modL1_fusion32_fusionL1_drop0p2_trmiss80_trlocclin,77,0.5286970933278402,0.7225839793682098,0.665948275862069,0.7610915469198871,0.5555555555555556,0.0,0.0,0.0,0.0,2002,clin,0.8
1,3,lr1e-04_bs32_modL1_fusion32_fusionL1_drop0p2_trmiss80_trlocclin,32,0.0001,1,32,1,0.2,lr1e-04_bs32_modL1_fusion32_fusionL1_drop0p2_trmiss80_trlocclin,78,0.5223261763652166,0.7219270765781403,0.6702586206896551,0.763581431762713,0.5555555555555556,0.0,0.0,0.0,0.0,2002,clin,0.8
1,3,lr1e-04_bs32_modL1_fusion32_fusionL1_drop0p2_trmiss80_trlocclin,32,0.0001,1,32,1,0.2,lr1e-04_bs32_modL1_fusion32_fusionL1_drop0p2_trmiss80_trlocclin,79,0.5366754035154978,0.7229602336883545,0.6573275862068966,0.7561535611289067,0.5555555555555556,0.0,0.0,0.0,0.0,2002,clin,0.8
1,3,lr1e-04_bs32_modL1_fusion32_fusionL1_drop0p2_trmiss80_trlocclin,32,0.0001,1,32,1,0.2,lr1e-04_bs32_modL1_fusion32_fusionL1_drop0p2_trmiss80_trlocclin,80,0.5243445088466009,0.7196245491504669,0.6616379310344828,0.7579990974572015,0.5555555555555556,0.0,0.0,0.0,0.0,2002,clin,0.8
1,3,lr1e-04_bs32_modL1_fusion32_fusionL1_drop0p1_trmiss80_trlocclin,32,0.0001,1,32,1,0.1,lr1e-04_bs32_modL1_fusion32_fusionL1_drop0p1_trmiss80_trlocclin,1,0.6991424262523651,0.6964639127254486,0.4806034482758621,0.6301180599342853,0.4444444444444444,0.0,0.0,0.0,0.0,2002,clin,0.8
1,3,lr1e-04_bs32_modL1_fusion32_fusionL1_drop0p1_trmiss80_trlocclin,32,0.0001,1,32,1,0.1,lr1e-04_bs32_modL1_fusion32_fusionL1_drop0p1_trmiss80_trlocclin,2,0.6438755691051483,0.6951361894607544,0.45474137931034486,0.6394753172804892,0.4888888888888889,0.0,0.0,0.0,0.0,2002,clin,0.8
1,3,lr1e-04_bs32_modL1_fusion32_fusionL1_drop0p1_trmiss80_trlocclin,32,0.0001,1,32,1,0.1,lr1e-04_bs32_modL1_fusion32_fusionL1_drop0p1_trmiss80_trlocclin,3,0.6384517550468445,0.6975869238376617,0.4698275862068966,0.6433879747786027,0.4888888888888889,0.0,0.0,0.0,0.0,2002,clin,0.8
1,3,lr1e-04_bs32_modL1_fusion32_fusionL1_drop0p1_trmiss80_trlocclin,32,0.0001,1,32,1,0.1,lr1e-04_bs32_modL1_fusion32_fusionL1_drop0p1_trmiss80_trlocclin,4,0.6033201316992441,0.6977825164794922,0.4698275862068965,0.6784821946851816,0.4888888888888889,0.0,0.0,0.0,0.0,2002,clin,0.8
1,3,lr1e-04_bs32_modL1_fusion32_fusionL1_drop0p1_trmiss80_trlocclin,32,0.0001,1,32,1,0.1,lr1e-04_bs32_modL1_fusion32_fusionL1_drop0p1_trmiss80_trlocclin,5,0.5739081005255381,0.6951940953731537,0.5086206896551725,0.716137959156316,0.5333333333333333,0.0,0.0,0.0,0.0,2002,clin,0.8
1,3,lr1e-04_bs32_modL1_fusion32_fusionL1_drop0p1_trmiss80_trlocclin,32,0.0001,1,32,1,0.1,lr1e-04_bs32_modL1_fusion32_fusionL1_drop0p1_trmiss80_trlocclin,6,0.5692035059134165,0.6914355158805847,0.5323275862068966,0.7135853811491798,0.5555555555555556,0.0,0.0,0.0,0.0,2002,clin,0.8
1,3,lr1e-04_bs32_modL1_fusion32_fusionL1_drop0p1_trmiss80_trlocclin,32,0.0001,1,32,1,0.1,lr1e-04_bs32_modL1_fusion32_fusionL1_drop0p1_trmiss80_trlocclin,7,0.5551900366942087,0.6906867623329163,0.5517241379310345,0.7128391743566267,0.5555555555555556,0.0,0.0,0.0,0.0,2002,clin,0.8
1,3,lr1e-04_bs32_modL1_fusion32_fusionL1_drop0p1_trmiss80_trlocclin,32,0.0001,1,32,1,0.1,lr1e-04_bs32_modL1_fusion32_fusionL1_drop0p1_trmiss80_trlocclin,8,0.5296889344851176,0.685041606426239,0.5775862068965517,0.7223158212800689,0.5777777777777777,0.0,0.0,0.0,0.0,2002,clin,0.8
1,3,lr1e-04_bs32_modL1_fusion32_fusionL1_drop0p1_trmiss80_trlocclin,32,0.0001,1,32,1,0.1,lr1e-04_bs32_modL1_fusion32_fusionL1_drop0p1_trmiss80_trlocclin,9,0.5076828996340433,0.681406170129776,0.5754310344827587,0.724962677077972,0.5555555555555556,0.0,0.0,0.0,0.0,2002,clin,0.8
1,3,lr1e-04_bs32_modL1_fusion32_fusionL1_drop0p1_trmiss80_trlocclin,32,0.0001,1,32,1,0.1,lr1e-04_bs32_modL1_fusion32_fusionL1_drop0p1_trmiss80_trlocclin,10,0.5032719274361929,0.6820948123931885,0.5625,0.7201197771863423,0.5555555555555556,0.0,0.0,0.0,0.0,2002,clin,0.8
1,3,lr1e-04_bs32_modL1_fusion32_fusionL1_drop0p1_trmiss80_trlocclin,32,0.0001,1,32,1,0.1,lr1e-04_bs32_modL1_fusion32_fusionL1_drop0p1_trmiss80_trlocclin,11,0.507708211739858,0.6812455058097839,0.5818965517241379,0.7317502977894902,0.5333333333333333,0.0,0.0,0.0,0.0,2002,clin,0.8
1,3,lr1e-04_bs32_modL1_fusion32_fusionL1_drop0p1_trmiss80_trlocclin,32,0.0001,1,32,1,0.1,lr1e-04_bs32_modL1_fusion32_fusionL1_drop0p1_trmiss80_trlocclin,12,0.4714242120583852,0.6785057485103607,0.5991379310344828,0.7497817152106449,0.5777777777777777,0.0,0.0,0.0,0.0,2002,clin,0.8
1,3,lr1e-04_bs32_modL1_fusion32_fusionL1_drop0p1_trmiss80_trlocclin,32,0.0001,1,32,1,0.1,lr1e-04_bs32_modL1_fusion32_fusionL1_drop0p1_trmiss80_trlocclin,13,0.46873869995276135,0.6836915612220764,0.5948275862068965,0.7552392993039643,0.5777777777777777,0.0,0.0,0.0,0.0,2002,clin,0.8
1,3,lr1e-04_bs32_modL1_fusion32_fusionL1_drop0p1_trmiss80_trlocclin,32,0.0001,1,32,1,0.1,lr1e-04_bs32_modL1_fusion32_fusionL1_drop0p1_trmiss80_trlocclin,14,0.4615836242834727,0.6890389323234558,0.5818965517241379,0.7457788341798304,0.5777777777777777,0.0,0.0,0.0,0.0,2002,clin,0.8
1,3,lr1e-04_bs32_modL1_fusion32_fusionL1_drop0p1_trmiss80_trlocclin,32,0.0001,1,32,1,0.1,lr1e-04_bs32_modL1_fusion32_fusionL1_drop0p1_trmiss80_trlocclin,15,0.4388885796070099,0.6901333332061768,0.5775862068965517,0.7406696498648156,0.6,0.0,0.0,0.0,0.0,2002,clin,0.8
1,3,lr1e-04_bs32_modL1_fusion32_fusionL1_drop0p1_trmiss80_trlocclin,32,0.0001,1,32,1,0.1,lr1e-04_bs32_modL1_fusion32_fusionL1_drop0p1_trmiss80_trlocclin,16,0.4347923994064331,0.6883386671543121,0.5905172413793104,0.7471557067654678,0.6,0.0,0.0,0.0,0.0,2002,clin,0.8
1,3,lr1e-04_bs32_modL1_fusion32_fusionL1_drop0p1_trmiss80_trlocclin,32,0.0001,1,32,1,0.1,lr1e-04_bs32_modL1_fusion32_fusionL1_drop0p1_trmiss80_trlocclin,17,0.43451933562755585,0.6921922266483307,0.564655172413793,0.7285933919946387,0.5555555555555556,0.0,0.0,0.0,0.0,2002,clin,0.8
1,3,lr1e-04_bs32_modL1_fusion32_fusionL1_drop0p1_trmiss80_trlocclin,32,0.0001,1,32,1,0.1,lr1e-04_bs32_modL1_fusion32_fusionL1_drop0p1_trmiss80_trlocclin,18,0.4245709975560506,0.69719198346138,0.5495689655172413,0.7198253533627704,0.5555555555555556,0.0,0.0,0.0,0.0,2002,clin,0.8
1,3,lr1e-04_bs32_modL1_fusion32_fusionL1_drop0p1_trmiss80_trlocclin,32,0.0001,1,32,1,0.1,lr1e-04_bs32_modL1_fusion32_fusionL1_drop0p1_trmiss80_trlocclin,19,0.4125915964444478,0.69480299949646,0.5560344827586207,0.7275960653538721,0.5555555555555556,0.0,0.0,0.0,0.0,2002,clin,0.8
1,3,lr1e-04_bs32_modL1_fusion32_fusionL1_drop0p1_trmiss80_trlocclin,32,0.0001,1,32,1,0.1,lr1e-04_bs32_modL1_fusion32_fusionL1_drop0p1_trmiss80_trlocclin,20,0.4143159439166387,0.6980661451816559,0.5625,0.7272144542845295,0.5777777777777777,0.0,0.0,0.0,0.0,2002,clin,0.8
1,3,lr1e-04_bs32_modL1_fusion32_fusionL1_drop0p1_trmiss80_trlocclin,32,0.0001,1,32,1,0.1,lr1e-04_bs32_modL1_fusion32_fusionL1_drop0p1_trmiss80_trlocclin,21,0.409856915473938,0.6976272761821747,0.5581896551724138,0.7220515173793938,0.6,0.0,0.0,0.0,0.0,2002,clin,0.8
1,3,lr1e-04_bs32_modL1_fusion32_fusionL1_drop0p1_trmiss80_trlocclin,32,0.0001,1,32,1,0.1,lr1e-04_bs32_modL1_fusion32_fusionL1_drop0p1_trmiss80_trlocclin,22,0.4022039969762166,0.696241557598114,0.564655172413793,0.7251881820471564,0.6,0.0,0.0,0.0,0.0,2002,clin,0.8
1,3,lr1e-04_bs32_modL1_fusion32_fusionL1_drop0p1_trmiss80_trlocclin,32,0.0001,1,32,1,0.1,lr1e-04_bs32_modL1_fusion32_fusionL1_drop0p1_trmiss80_trlocclin,23,0.3999961366256078,0.6971929371356964,0.5581896551724137,0.7216543858308963,0.5777777777777777,0.0,0.0,0.0,0.0,2002,clin,0.8
1,3,lr1e-04_bs32_modL1_fusion32_fusionL1_drop0p1_trmiss80_trlocclin,32,0.0001,1,32,1,0.1,lr1e-04_bs32_modL1_fusion32_fusionL1_drop0p1_trmiss80_trlocclin,24,0.3916230946779251,0.6963820457458496,0.560344827586207,0.7211573481361581,0.5555555555555556,0.0,0.0,0.0,0.0,2002,clin,0.8
1,3,lr1e-04_bs32_modL1_fusion32_fusionL1_drop0p1_trmiss80_trlocclin,32,0.0001,1,32,1,0.1,lr1e-04_bs32_modL1_fusion32_fusionL1_drop0p1_trmiss80_trlocclin,25,0.3853139728307724,0.6943892240524292,0.5560344827586207,0.7176029926154809,0.5555555555555556,0.0,0.0,0.0,0.0,2002,clin,0.8
1,3,lr1e-04_bs32_modL1_fusion32_fusionL1_drop0p1_trmiss80_trlocclin,32,0.0001,1,32,1,0.1,lr1e-04_bs32_modL1_fusion32_fusionL1_drop0p1_trmiss80_trlocclin,26,0.3931629459063212,0.6942724287509918,0.564655172413793,0.7209835496551159,0.5555555555555556,0.0,0.0,0.0,0.0,2002,clin,0.8
1,3,lr1e-04_bs32_modL1_fusion32_fusionL1_drop0p1_trmiss80_trlocclin,32,0.0001,1,32,1,0.1,lr1e-04_bs32_modL1_fusion32_fusionL1_drop0p1_trmiss80_trlocclin,27,0.39193757871786755,0.6925352513790131,0.5646551724137931,0.7207065812654441,0.5555555555555556,0.0,0.0,0.0,0.0,2002,clin,0.8
1,3,lr1e-04_bs32_modL1_fusion32_fusionL1_drop0p1_trmiss80_trlocclin,32,0.0001,1,32,1,0.1,lr1e-04_bs32_modL1_fusion32_fusionL1_drop0p1_trmiss80_trlocclin,28,0.39249086876710254,0.6948941349983215,0.5668103448275863,0.7240185930646984,0.5777777777777777,0.0,0.0,0.0,0.0,2002,clin,0.8
1,3,lr1e-04_bs32_modL1_fusion32_fusionL1_drop0p1_trmiss80_trlocclin,32,0.0001,1,32,1,0.1,lr1e-04_bs32_modL1_fusion32_fusionL1_drop0p1_trmiss80_trlocclin,29,0.38145353893438977,0.6909603178501129,0.5797413793103449,0.7329792963171434,0.5777777777777777,0.0,0.0,0.0,0.0,2002,clin,0.8
1,3,lr1e-04_bs32_modL1_fusion32_fusionL1_drop0p1_trmiss80_trlocclin,32,0.0001,1,32,1,0.1,lr1e-04_bs32_modL1_fusion32_fusionL1_drop0p1_trmiss80_trlocclin,30,0.39463160932064056,0.6857759356498718,0.584051724137931,0.7326321408842791,0.5777777777777777,0.0,0.0,0.0,0.0,2002,clin,0.8
1,3,lr1e-04_bs32_modL1_fusion32_fusionL1_drop0p1_trmiss80_trlocclin,32,0.0001,1,32,1,0.1,lr1e-04_bs32_modL1_fusion32_fusionL1_drop0p1_trmiss80_trlocclin,31,0.38032953937848407,0.6867782175540924,0.5862068965517241,0.7334316403281055,0.5777777777777777,0.0,0.0,0.0,0.0,2002,clin,0.8
1,3,lr1e-04_bs32_modL1_fusion32_fusionL1_drop0p1_trmiss80_trlocclin,32,0.0001,1,32,1,0.1,lr1e-04_bs32_modL1_fusion32_fusionL1_drop0p1_trmiss80_trlocclin,32,0.36812666555245716,0.6862412095069885,0.5883620689655172,0.7360593623586871,0.5777777777777777,0.0,0.0,0.0,0.0,2002,clin,0.8
1,3,lr1e-04_bs32_modL1_fusion64_fusionL1_drop0p2_trmiss80_trlocclin,32,0.0001,1,64,1,0.2,lr1e-04_bs32_modL1_fusion64_fusionL1_drop0p2_trmiss80_trlocclin,1,0.6924282014369965,0.6757137477397919,0.4913793103448276,0.6593745465521571,0.4888888888888889,0.0,0.0,0.0,0.0,2002,clin,0.8
1,3,lr1e-04_bs32_modL1_fusion64_fusionL1_drop0p2_trmiss80_trlocclin,32,0.0001,1,64,1,0.2,lr1e-04_bs32_modL1_fusion64_fusionL1_drop0p2_trmiss80_trlocclin,2,0.643898069858551,0.6737100780010223,0.519396551724138,0.6803523565839129,0.5333333333333333,0.0,0.0,0.0,0.0,2002,clin,0.8
1,3,lr1e-04_bs32_modL1_fusion64_fusionL1_drop0p2_trmiss80_trlocclin,32,0.0001,1,64,1,0.2,lr1e-04_bs32_modL1_fusion64_fusionL1_drop0p2_trmiss80_trlocclin,3,0.613500307003657,0.6677249073982239,0.5646551724137931,0.7060906489818308,0.6,0.0,0.0,0.0,0.0,2002,clin,0.8
1,3,lr1e-04_bs32_modL1_fusion64_fusionL1_drop0p2_trmiss80_trlocclin,32,0.0001,1,64,1,0.2,lr1e-04_bs32_modL1_fusion64_fusionL1_drop0p2_trmiss80_trlocclin,4,0.582255224386851,0.6633890867233276,0.5732758620689655,0.7131997206315257,0.5777777777777777,0.0,0.0,0.0,0.0,2002,clin,0.8
1,3,lr1e-04_bs32_modL1_fusion64_fusionL1_drop0p2_trmiss80_trlocclin,32,0.0001,1,64,1,0.2,lr1e-04_bs32_modL1_fusion64_fusionL1_drop0p2_trmiss80_trlocclin,5,0.5705596407254537,0.6661104261875153,0.5474137931034482,0.6944235011668578,0.6,0.0,0.0,0.0,0.0,2002,clin,0.8
1,3,lr1e-04_bs32_modL1_fusion64_fusionL1_drop0p2_trmiss80_trlocclin,32,0.0001,1,64,1,0.2,lr1e-04_bs32_modL1_fusion64_fusionL1_drop0p2_trmiss80_trlocclin,6,0.5361032982667288,0.6669257581233978,0.5193965517241379,0.6800619000787681,0.5777777777777777,0.0,0.0,0.0,0.0,2002,clin,0.8
1,3,lr1e-04_bs32_modL1_fusion64_fusionL1_drop0p2_trmiss80_trlocclin,32,0.0001,1,64,1,0.2,lr1e-04_bs32_modL1_fusion64_fusionL1_drop0p2_trmiss80_trlocclin,7,0.518803079922994,0.6697057485580444,0.5064655172413793,0.6796810395637785,0.5555555555555556,0.0,0.0,0.0,0.0,2002,clin,0.8
1,3,lr1e-04_bs32_modL1_fusion64_fusionL1_drop0p2_trmiss80_trlocclin,32,0.0001,1,64,1,0.2,lr1e-04_bs32_modL1_fusion64_fusionL1_drop0p2_trmiss80_trlocclin,8,0.4977315217256546,0.6670515835285187,0.5172413793103448,0.6864426494234988,0.5333333333333333,0.0,0.0,0.0,0.0,2002,clin,0.8
1,3,lr1e-04_bs32_modL1_fusion64_fusionL1_drop0p2_trmiss80_trlocclin,32,0.0001,1,64,1,0.2,lr1e-04_bs32_modL1_fusion64_fusionL1_drop0p2_trmiss80_trlocclin,9,0.5104428827762604,0.666569858789444,0.5258620689655172,0.69547005405311,0.5777777777777777,0.0,0.0,0.0,0.0,2002,clin,0.8
1,3,lr1e-04_bs32_modL1_fusion64_fusionL1_drop0p2_trmiss80_trlocclin,32,0.0001,1,64,1,0.2,lr1e-04_bs32_modL1_fusion64_fusionL1_drop0p2_trmiss80_trlocclin,10,0.49493028223514557,0.6644991934299469,0.5258620689655172,0.693171457292284,0.6222222222222222,0.0,0.0,0.0,0.0,2002,clin,0.8
1,3,lr1e-04_bs32_modL1_fusion64_fusionL1_drop0p2_trmiss80_trlocclin,32,0.0001,1,64,1,0.2,lr1e-04_bs32_modL1_fusion64_fusionL1_drop0p2_trmiss80_trlocclin,11,0.4690611312786738,0.6689883470535278,0.5237068965517241,0.6893697640238458,0.6,0.0,0.0,0.0,0.0,2002,clin,0.8
1,3,lr1e-04_bs32_modL1_fusion64_fusionL1_drop0p2_trmiss80_trlocclin,32,0.0001,1,64,1,0.2,lr1e-04_bs32_modL1_fusion64_fusionL1_drop0p2_trmiss80_trlocclin,12,0.4697737048069636,0.6676956117153168,0.5129310344827586,0.684186657784567,0.5777777777777777,0.0,0.0,0.0,0.0,2002,clin,0.8
1,3,lr1e-04_bs32_modL1_fusion64_fusionL1_drop0p2_trmiss80_trlocclin,32,0.0001,1,64,1,0.2,lr1e-04_bs32_modL1_fusion64_fusionL1_drop0p2_trmiss80_trlocclin,13,0.46690629919370014,0.6723267138004303,0.5064655172413792,0.6795363517829698,0.6,0.0,0.0,0.0,0.0,2002,clin,0.8
1,3,lr1e-04_bs32_modL1_fusion64_fusionL1_drop0p2_trmiss80_trlocclin,32,0.0001,1,64,1,0.2,lr1e-04_bs32_modL1_fusion64_fusionL1_drop0p2_trmiss80_trlocclin,14,0.46490729848543805,0.6744301319122314,0.4913793103448276,0.6719611309019018,0.6,0.0,0.0,0.0,0.0,2002,clin,0.8
1,3,lr1e-04_bs32_modL1_fusion64_fusionL1_drop0p2_trmiss80_trlocclin,32,0.0001,1,64,1,0.2,lr1e-04_bs32_modL1_fusion64_fusionL1_drop0p2_trmiss80_trlocclin,15,0.44113363822301227,0.6744330823421478,0.49353448275862066,0.67019430301023,0.6,0.0,0.0,0.0,0.0,2002,clin,0.8
1,3,lr1e-04_bs32_modL1_fusion64_fusionL1_drop0p2_trmiss80_trlocclin,32,0.0001,1,64,1,0.2,lr1e-04_bs32_modL1_fusion64_fusionL1_drop0p2_trmiss80_trlocclin,16,0.4467074026664098,0.675445556640625,0.4870689655172414,0.6640810081170603,0.6222222222222222,0.0,0.0,0.0,0.0,2002,clin,0.8
1,3,lr1e-04_bs32_modL1_fusion64_fusionL1_drop0p2_trmiss80_trlocclin,32,0.0001,1,64,1,0.2,lr1e-04_bs32_modL1_fusion64_fusionL1_drop0p2_trmiss80_trlocclin,17,0.4409702916940053,0.6742044687271118,0.49137931034482757,0.6659967169293208,0.6222222222222222,0.0,0.0,0.0,0.0,2002,clin,0.8
1,3,lr1e-04_bs32_modL1_fusion64_fusionL1_drop0p2_trmiss80_trlocclin,32,0.0001,1,64,1,0.2,lr1e-04_bs32_modL1_fusion64_fusionL1_drop0p2_trmiss80_trlocclin,18,0.4344566414753596,0.6734620630741119,0.4935344827586207,0.6665343127629026,0.6,0.0,0.0,0.0,0.0,2002,clin,0.8
1,3,lr1e-04_bs32_modL1_fusion64_fusionL1_drop0p2_trmiss80_trlocclin,32,0.0001,1,64,1,0.2,lr1e-04_bs32_modL1_fusion64_fusionL1_drop0p2_trmiss80_trlocclin,19,0.4356131851673126,0.6726948022842407,0.4913793103448276,0.6647692510213277,0.6,0.0,0.0,0.0,0.0,2002,clin,0.8
1,3,lr1e-04_bs32_modL1_fusion64_fusionL1_drop0p2_trmiss80_trlocclin,32,0.0001,1,64,1,0.2,lr1e-04_bs32_modL1_fusion64_fusionL1_drop0p2_trmiss80_trlocclin,20,0.43790065745512646,0.6729131937026978,0.4892241379310345,0.6648022702260109,0.6,0.0,0.0,0.0,0.0,2002,clin,0.8
1,3,lr1e-04_bs32_modL1_fusion64_fusionL1_drop0p2_trmiss80_trlocclin,32,0.0001,1,64,1,0.2,lr1e-04_bs32_modL1_fusion64_fusionL1_drop0p2_trmiss80_trlocclin,21,0.43506795664628345,0.6729415059089661,0.4978448275862069,0.6695571040189573,0.6222222222222222,0.0,0.0,0.0,0.0,2002,clin,0.8
1,3,lr1e-04_bs32_modL1_fusion64_fusionL1_drop0p2_trmiss80_trlocclin,32,0.0001,1,64,1,0.2,lr1e-04_bs32_modL1_fusion64_fusionL1_drop0p2_trmiss80_trlocclin,22,0.4323411335547765,0.6747891902923584,0.5,0.6702139184688751,0.6444444444444445,0.0,0.0,0.0,0.0,2002,clin,0.8
1,3,lr1e-04_bs32_modL1_fusion64_fusionL1_drop0p2_trmiss80_trlocclin,32,0.0001,1,64,1,0.2,lr1e-04_bs32_modL1_fusion64_fusionL1_drop0p2_trmiss80_trlocclin,23,0.4376132736603419,0.6753441393375397,0.49568965517241387,0.668089338270346,0.6444444444444445,0.0,0.0,0.0,0.0,2002,clin,0.8
1,3,lr1e-04_bs32_modL1_fusion64_fusionL1_drop0p2_trmiss80_trlocclin,32,0.0001,1,64,1,0.2,lr1e-04_bs32_modL1_fusion64_fusionL1_drop0p2_trmiss80_trlocclin,24,0.42303621768951416,0.6763560473918915,0.49568965517241387,0.6707165960700177,0.6222222222222222,0.0,0.0,0.0,0.0,2002,clin,0.8
1,3,lr1e-04_bs32_modL1_fusion64_fusionL1_drop0p1_trmiss80_trlocclin,32,0.0001,1,64,1,0.1,lr1e-04_bs32_modL1_fusion64_fusionL1_drop0p1_trmiss80_trlocclin,1,0.6805084943771362,0.694893479347229,0.4482758620689655,0.5942063988501617,0.5555555555555556,0.0,0.0,0.0,0.0,2002,clin,0.8
1,3,lr1e-04_bs32_modL1_fusion64_fusionL1_drop0p1_trmiss80_trlocclin,32,0.0001,1,64,1,0.1,lr1e-04_bs32_modL1_fusion64_fusionL1_drop0p1_trmiss80_trlocclin,2,0.6343102355798086,0.700973242521286,0.46120689655172414,0.6093842641771615,0.5111111111111111,0.0,0.0,0.0,0.0,2002,clin,0.8
1,3,lr1e-04_bs32_modL1_fusion64_fusionL1_drop0p1_trmiss80_trlocclin,32,0.0001,1,64,1,0.1,lr1e-04_bs32_modL1_fusion64_fusionL1_drop0p1_trmiss80_trlocclin,3,0.6038706600666046,0.7056681513786316,0.5086206896551724,0.6626488204552998,0.4666666666666667,0.0,0.0,0.0,0.0,2002,clin,0.8
1,3,lr1e-04_bs32_modL1_fusion64_fusionL1_drop0p1_trmiss80_trlocclin,32,0.0001,1,64,1,0.1,lr1e-04_bs32_modL1_fusion64_fusionL1_drop0p1_trmiss80_trlocclin,4,0.5760064820448557,0.7100159823894501,0.5107758620689655,0.6704368832370077,0.4666666666666667,0.0,0.0,0.0,0.0,2002,clin,0.8
1,3,lr1e-04_bs32_modL1_fusion64_fusionL1_drop0p1_trmiss80_trlocclin,32,0.0001,1,64,1,0.1,lr1e-04_bs32_modL1_fusion64_fusionL1_drop0p1_trmiss80_trlocclin,5,0.5698403318723043,0.7139846086502075,0.5043103448275862,0.6504850028758078,0.4444444444444444,0.0,0.0,0.0,0.0,2002,clin,0.8
1,3,lr1e-04_bs32_modL1_fusion64_fusionL1_drop0p1_trmiss80_trlocclin,32,0.0001,1,64,1,0.1,lr1e-04_bs32_modL1_fusion64_fusionL1_drop0p1_trmiss80_trlocclin,6,0.53765536348025,0.7122959792613983,0.5193965517241379,0.6671672336498253,0.4444444444444444,0.0,0.0,0.0,0.0,2002,clin,0.8
1,3,lr1e-04_bs32_modL1_fusion64_fusionL1_drop0p1_trmiss80_trlocclin,32,0.0001,1,64,1,0.1,lr1e-04_bs32_modL1_fusion64_fusionL1_drop0p1_trmiss80_trlocclin,7,0.5200174500544866,0.714603453874588,0.521551724137931,0.6724471788024073,0.4666666666666667,0.0,0.0,0.0,0.0,2002,clin,0.8
1,3,lr1e-04_bs32_modL1_fusion64_fusionL1_drop0p1_trmiss80_trlocclin,32,0.0001,1,64,1,0.1,lr1e-04_bs32_modL1_fusion64_fusionL1_drop0p1_trmiss80_trlocclin,8,0.5115711142619451,0.7163577675819397,0.5086206896551724,0.6568199079010267,0.4888888888888889,0.0,0.0,0.0,0.0,2002,clin,0.8
1,3,lr1e-04_bs32_modL1_fusion64_fusionL1_drop0p1_trmiss80_trlocclin,32,0.0001,1,64,1,0.1,lr1e-04_bs32_modL1_fusion64_fusionL1_drop0p1_trmiss80_trlocclin,9,0.5055691599845886,0.7163236439228058,0.5086206896551724,0.6565743514501717,0.5111111111111111,0.0,0.0,0.0,0.0,2002,clin,0.8
1,3,lr1e-04_bs32_modL1_fusion64_fusionL1_drop0p1_trmiss80_trlocclin,32,0.0001,1,64,1,0.1,lr1e-04_bs32_modL1_fusion64_fusionL1_drop0p1_trmiss80_trlocclin,10,0.48993927240371704,0.7189792692661285,0.5,0.6447005873386382,0.4666666666666667,0.0,0.0,0.0,0.0,2002,clin,0.8
1,3,lr1e-04_bs32_modL1_fusion64_fusionL1_drop0p1_trmiss80_trlocclin,32,0.0001,1,64,1,0.1,lr1e-04_bs32_modL1_fusion64_fusionL1_drop0p1_trmiss80_trlocclin,11,0.4745160788297653,0.719904899597168,0.4913793103448275,0.6440876085594229,0.4666666666666667,0.0,0.0,0.0,0.0,2002,clin,0.8
1,3,lr1e-04_bs32_modL1_fusion64_fusionL1_drop0p1_trmiss80_trlocclin,32,0.0001,1,64,1,0.1,lr1e-04_bs32_modL1_fusion64_fusionL1_drop0p1_trmiss80_trlocclin,12,0.4771219988663991,0.7196950018405914,0.49353448275862066,0.645518072058852,0.4888888888888889,0.0,0.0,0.0,0.0,2002,clin,0.8
1,3,lr1e-04_bs32_modL1_fusion64_fusionL1_drop0p1_trmiss80_trlocclin,32,0.0001,1,64,1,0.1,lr1e-04_bs32_modL1_fusion64_fusionL1_drop0p1_trmiss80_trlocclin,13,0.4679039617379506,0.7198974788188934,0.4913793103448276,0.6474106712037733,0.4888888888888889,0.0,0.0,0.0,0.0,2002,clin,0.8
1,3,lr1e-04_bs32_modL1_fusion64_fusionL1_drop0p1_trmiss80_trlocclin,32,0.0001,1,64,1,0.1,lr1e-04_bs32_modL1_fusion64_fusionL1_drop0p1_trmiss80_trlocclin,14,0.4566622277100881,0.722089946269989,0.5,0.6577418995423463,0.5111111111111111,0.0,0.0,0.0,0.0,2002,clin,0.8
1,3,lr1e-04_bs32_modL1_fusion64_fusionL1_drop0p1_trmiss80_trlocclin,32,0.0001,1,64,1,0.1,lr1e-04_bs32_modL1_fusion64_fusionL1_drop0p1_trmiss80_trlocclin,15,0.459310586253802,0.7246204912662506,0.4978448275862069,0.6606435879839743,0.5111111111111111,0.0,0.0,0.0,0.0,2002,clin,0.8
1,3,lr1e-04_bs32_modL1_fusion64_fusionL1_drop0p1_trmiss80_trlocclin,32,0.0001,1,64,1,0.1,lr1e-04_bs32_modL1_fusion64_fusionL1_drop0p1_trmiss80_trlocclin,16,0.45941755175590515,0.726731151342392,0.5,0.6759587326094636,0.4888888888888889,0.0,0.0,0.0,0.0,2002,clin,0.8
1,3,lr1e-04_bs32_modL1_fusion64_fusionL1_drop0p1_trmiss80_trlocclin,32,0.0001,1,64,1,0.1,lr1e-04_bs32_modL1_fusion64_fusionL1_drop0p1_trmiss80_trlocclin,17,0.4558691730101903,0.7264499962329865,0.5043103448275862,0.6882111350828547,0.4444444444444444,0.0,0.0,0.0,0.0,2002,clin,0.8
1,3,lr1e-04_bs32_modL1_fusion64_fusionL1_drop0p1_trmiss80_trlocclin,32,0.0001,1,64,1,0.1,lr1e-04_bs32_modL1_fusion64_fusionL1_drop0p1_trmiss80_trlocclin,18,0.45003652075926465,0.7235891819000244,0.5064655172413793,0.68968896759517,0.4444444444444444,0.0,0.0,0.0,0.0,2002,clin,0.8
1,3,lr1e-04_bs32_modL1_fusion64_fusionL1_drop0p1_trmiss80_trlocclin,32,0.0001,1,64,1,0.1,lr1e-04_bs32_modL1_fusion64_fusionL1_drop0p1_trmiss80_trlocclin,19,0.45454304416974384,0.7220941483974457,0.5107758620689655,0.6903273101119155,0.4666666666666667,0.0,0.0,0.0,0.0,2002,clin,0.8
1,3,lr1e-04_bs32_modL1_fusion64_fusionL1_drop0p1_trmiss80_trlocclin,32,0.0001,1,64,1,0.1,lr1e-04_bs32_modL1_fusion64_fusionL1_drop0p1_trmiss80_trlocclin,20,0.4468209793170293,0.7187303304672241,0.5086206896551724,0.6868735372374727,0.4666666666666667,0.0,0.0,0.0,0.0,2002,clin,0.8
1,3,lr1e-04_bs32_modL1_fusion64_fusionL1_drop0p1_trmiss80_trlocclin,32,0.0001,1,64,1,0.1,lr1e-04_bs32_modL1_fusion64_fusionL1_drop0p1_trmiss80_trlocclin,21,0.4488493750492732,0.7203980982303619,0.5107758620689655,0.6897471004558634,0.5111111111111111,0.0,0.0,0.0,0.0,2002,clin,0.8
1,3,lr1e-04_bs32_modL1_fusion64_fusionL1_drop0p1_trmiss80_trlocclin,32,0.0001,1,64,1,0.1,lr1e-04_bs32_modL1_fusion64_fusionL1_drop0p1_trmiss80_trlocclin,22,0.4378425528605779,0.7192718088626862,0.5086206896551725,0.6891339646340161,0.4888888888888889,0.0,0.0,0.0,0.0,2002,clin,0.8
1,3,lr1e-04_bs32_modL1_fusion64_fusionL1_drop0p1_trmiss80_trlocclin,32,0.0001,1,64,1,0.1,lr1e-04_bs32_modL1_fusion64_fusionL1_drop0p1_trmiss80_trlocclin,23,0.4280676394701004,0.7206138372421265,0.5086206896551724,0.6778294372160965,0.5111111111111111,0.0,0.0,0.0,0.0,2002,clin,0.8
1,3,lr1e-04_bs32_modL1_fusion64_fusionL1_drop0p1_trmiss80_trlocclin,32,0.0001,1,64,1,0.1,lr1e-04_bs32_modL1_fusion64_fusionL1_drop0p1_trmiss80_trlocclin,24,0.4254187246163686,0.7211906909942627,0.5064655172413792,0.6789014311923443,0.4888888888888889,0.0,0.0,0.0,0.0,2002,clin,0.8
1,3,lr1e-04_bs32_modL1_fusion64_fusionL1_drop0p1_trmiss80_trlocclin,32,0.0001,1,64,1,0.1,lr1e-04_bs32_modL1_fusion64_fusionL1_drop0p1_trmiss80_trlocclin,25,0.4470699727535248,0.7254005670547485,0.5021551724137931,0.6780462575966988,0.4888888888888889,0.0,0.0,0.0,0.0,2002,clin,0.8
1,3,lr1e-04_bs32_modL1_fusion64_fusionL1_drop0p1_trmiss80_trlocclin,32,0.0001,1,64,1,0.1,lr1e-04_bs32_modL1_fusion64_fusionL1_drop0p1_trmiss80_trlocclin,26,0.4293602257966995,0.7250493764877319,0.4956896551724138,0.6569321873147127,0.4888888888888889,0.0,0.0,0.0,0.0,2002,clin,0.8
1,3,lr1e-04_bs32_modL1_fusion64_fusionL1_drop0p1_trmiss80_trlocclin,32,0.0001,1,64,1,0.1,lr1e-04_bs32_modL1_fusion64_fusionL1_drop0p1_trmiss80_trlocclin,27,0.4299902717272441,0.7235327064990997,0.5064655172413793,0.6626537385744158,0.4888888888888889,0.0,0.0,0.0,0.0,2002,clin,0.8
1,4,lr5e-05_bs16_modL1_fusion32_fusionL1_drop0p2_trmiss80_trlocclin,16,5e-05,1,32,1,0.2,lr5e-05_bs16_modL1_fusion32_fusionL1_drop0p2_trmiss80_trlocclin,1,0.7214796791474024,0.6927868922551473,0.5086206896551724,0.6706899023101496,0.5111111111111111,0.0,0.0,0.0,0.0,2002,clin,0.8
1,4,lr5e-05_bs16_modL1_fusion32_fusionL1_drop0p2_trmiss80_trlocclin,16,5e-05,1,32,1,0.2,lr5e-05_bs16_modL1_fusion32_fusionL1_drop0p2_trmiss80_trlocclin,2,0.6810283412535986,0.6893676916758219,0.5280172413793104,0.707468015392164,0.4888888888888889,0.0,0.0,0.0,0.0,2002,clin,0.8
1,4,lr5e-05_bs16_modL1_fusion32_fusionL1_drop0p2_trmiss80_trlocclin,16,5e-05,1,32,1,0.2,lr5e-05_bs16_modL1_fusion32_fusionL1_drop0p2_trmiss80_trlocclin,3,0.7073588122924169,0.6800252993901571,0.603448275862069,0.7479005139618249,0.5555555555555556,0.0,0.0,0.0,0.0,2002,clin,0.8
1,4,lr5e-05_bs16_modL1_fusion32_fusionL1_drop0p2_trmiss80_trlocclin,16,5e-05,1,32,1,0.2,lr5e-05_bs16_modL1_fusion32_fusionL1_drop0p2_trmiss80_trlocclin,4,0.6596793234348297,0.67974986632665,0.6077586206896552,0.7559673628645288,0.5555555555555556,0.0,0.0,0.0,0.0,2002,clin,0.8
1,4,lr5e-05_bs16_modL1_fusion32_fusionL1_drop0p2_trmiss80_trlocclin,16,5e-05,1,32,1,0.2,lr5e-05_bs16_modL1_fusion32_fusionL1_drop0p2_trmiss80_trlocclin,5,0.6320619930823644,0.6666049957275391,0.6422413793103449,0.7766843598705618,0.6666666666666666,0.0,0.0,0.0,0.0,2002,clin,0.8
1,4,lr5e-05_bs16_modL1_fusion32_fusionL1_drop0p2_trmiss80_trlocclin,16,5e-05,1,32,1,0.2,lr5e-05_bs16_modL1_fusion32_fusionL1_drop0p2_trmiss80_trlocclin,6,0.6446130772431692,0.6636850039164225,0.6314655172413793,0.7842078059046245,0.6222222222222222,0.0,0.0,0.0,0.0,2002,clin,0.8
1,4,lr5e-05_bs16_modL1_fusion32_fusionL1_drop0p2_trmiss80_trlocclin,16,5e-05,1,32,1,0.2,lr5e-05_bs16_modL1_fusion32_fusionL1_drop0p2_trmiss80_trlocclin,7,0.6001779039700826,0.6670565207799276,0.625,0.7683538488040697,0.5777777777777777,0.0,0.0,0.0,0.0,2002,clin,0.8
1,4,lr5e-05_bs16_modL1_fusion32_fusionL1_drop0p2_trmiss80_trlocclin,16,5e-05,1,32,1,0.2,lr5e-05_bs16_modL1_fusion32_fusionL1_drop0p2_trmiss80_trlocclin,8,0.6118313173453013,0.6696187456448873,0.603448275862069,0.74106239955495,0.6666666666666666,0.0,0.0,0.0,0.0,2002,clin,0.8
1,4,lr5e-05_bs16_modL1_fusion32_fusionL1_drop0p2_trmiss80_trlocclin,16,5e-05,1,32,1,0.2,lr5e-05_bs16_modL1_fusion32_fusionL1_drop0p2_trmiss80_trlocclin,9,0.5787627796332041,0.6653426885604858,0.6228448275862069,0.7771121971812928,0.6222222222222222,0.0,0.0,0.0,0.0,2002,clin,0.8
1,4,lr5e-05_bs16_modL1_fusion32_fusionL1_drop0p2_trmiss80_trlocclin,16,5e-05,1,32,1,0.2,lr5e-05_bs16_modL1_fusion32_fusionL1_drop0p2_trmiss80_trlocclin,10,0.5853807081778845,0.669492264588674,0.6077586206896551,0.7661167002026479,0.5777777777777777,0.0,0.0,0.0,0.0,2002,clin,0.8
1,4,lr5e-05_bs16_modL1_fusion32_fusionL1_drop0p2_trmiss80_trlocclin,16,5e-05,1,32,1,0.2,lr5e-05_bs16_modL1_fusion32_fusionL1_drop0p2_trmiss80_trlocclin,11,0.5590797265370687,0.6606831550598145,0.6120689655172413,0.761761145899138,0.6,0.0,0.0,0.0,0.0,2002,clin,0.8
1,4,lr5e-05_bs16_modL1_fusion32_fusionL1_drop0p2_trmiss80_trlocclin,16,5e-05,1,32,1,0.2,lr5e-05_bs16_modL1_fusion32_fusionL1_drop0p2_trmiss80_trlocclin,12,0.5517997865875562,0.6625490387280782,0.6185344827586208,0.7551841873793862,0.6222222222222222,0.0,0.0,0.0,0.0,2002,clin,0.8
1,4,lr5e-05_bs16_modL1_fusion32_fusionL1_drop0p2_trmiss80_trlocclin,16,5e-05,1,32,1,0.2,lr5e-05_bs16_modL1_fusion32_fusionL1_drop0p2_trmiss80_trlocclin,13,0.561511459449927,0.6741767724355062,0.603448275862069,0.7483163974181245,0.5777777777777777,0.0,0.0,0.0,0.0,2002,clin,0.8
1,4,lr5e-05_bs16_modL1_fusion32_fusionL1_drop0p2_trmiss80_trlocclin,16,5e-05,1,32,1,0.2,lr5e-05_bs16_modL1_fusion32_fusionL1_drop0p2_trmiss80_trlocclin,14,0.5474607050418854,0.6619144280751547,0.6142241379310345,0.7584982661203925,0.6222222222222222,0.0,0.0,0.0,0.0,2002,clin,0.8
1,4,lr5e-05_bs16_modL1_fusion32_fusionL1_drop0p2_trmiss80_trlocclin,16,5e-05,1,32,1,0.2,lr5e-05_bs16_modL1_fusion32_fusionL1_drop0p2_trmiss80_trlocclin,15,0.5520858392119408,0.659147044022878,0.6185344827586207,0.7443719380531281,0.6222222222222222,0.0,0.0,0.0,0.0,2002,clin,0.8
1,4,lr5e-05_bs16_modL1_fusion32_fusionL1_drop0p2_trmiss80_trlocclin,16,5e-05,1,32,1,0.2,lr5e-05_bs16_modL1_fusion32_fusionL1_drop0p2_trmiss80_trlocclin,16,0.5531757151087126,0.6606997847557068,0.6077586206896551,0.7465481694473839,0.6222222222222222,0.0,0.0,0.0,0.0,2002,clin,0.8
1,4,lr5e-05_bs16_modL1_fusion32_fusionL1_drop0p2_trmiss80_trlocclin,16,5e-05,1,32,1,0.2,lr5e-05_bs16_modL1_fusion32_fusionL1_drop0p2_trmiss80_trlocclin,17,0.5566555807987849,0.6597975691159567,0.6077586206896551,0.7549556206145056,0.6222222222222222,0.0,0.0,0.0,0.0,2002,clin,0.8
1,4,lr5e-05_bs16_modL1_fusion32_fusionL1_drop0p2_trmiss80_trlocclin,16,5e-05,1,32,1,0.2,lr5e-05_bs16_modL1_fusion32_fusionL1_drop0p2_trmiss80_trlocclin,18,0.5688249543309212,0.6604676842689514,0.6120689655172413,0.770287475217295,0.6444444444444445,0.0,0.0,0.0,0.0,2002,clin,0.8
1,4,lr5e-05_bs16_modL1_fusion32_fusionL1_drop0p2_trmiss80_trlocclin,16,5e-05,1,32,1,0.2,lr5e-05_bs16_modL1_fusion32_fusionL1_drop0p2_trmiss80_trlocclin,19,0.5232691715161005,0.6539395650227865,0.6314655172413792,0.7784713593424886,0.6444444444444445,0.0,0.0,0.0,0.0,2002,clin,0.8
1,4,lr5e-05_bs16_modL1_fusion32_fusionL1_drop0p2_trmiss80_trlocclin,16,5e-05,1,32,1,0.2,lr5e-05_bs16_modL1_fusion32_fusionL1_drop0p2_trmiss80_trlocclin,20,0.5021875376502672,0.6622209350268046,0.6185344827586207,0.7712052145029535,0.6222222222222222,0.0,0.0,0.0,0.0,2002,clin,0.8
1,4,lr5e-05_bs16_modL1_fusion32_fusionL1_drop0p2_trmiss80_trlocclin,16,5e-05,1,32,1,0.2,lr5e-05_bs16_modL1_fusion32_fusionL1_drop0p2_trmiss80_trlocclin,21,0.4956148813168208,0.6564981937408447,0.6228448275862069,0.7722793512965498,0.6222222222222222,0.0,0.0,0.0,0.0,2002,clin,0.8
1,4,lr5e-05_bs16_modL1_fusion32_fusionL1_drop0p2_trmiss80_trlocclin,16,5e-05,1,32,1,0.2,lr5e-05_bs16_modL1_fusion32_fusionL1_drop0p2_trmiss80_trlocclin,22,0.49897770086924237,0.6648311217625936,0.6185344827586208,0.7513606453323508,0.6,0.0,0.0,0.0,0.0,2002,clin,0.8
1,4,lr5e-05_bs16_modL1_fusion32_fusionL1_drop0p2_trmiss80_trlocclin,16,5e-05,1,32,1,0.2,lr5e-05_bs16_modL1_fusion32_fusionL1_drop0p2_trmiss80_trlocclin,23,0.5009650066494942,0.6644185781478882,0.6142241379310345,0.7583551889793495,0.6222222222222222,0.0,0.0,0.0,0.0,2002,clin,0.8
1,4,lr5e-05_bs16_modL1_fusion32_fusionL1_drop0p2_trmiss80_trlocclin,16,5e-05,1,32,1,0.2,lr5e-05_bs16_modL1_fusion32_fusionL1_drop0p2_trmiss80_trlocclin,24,0.483591931561629,0.6741446852684021,0.5797413793103449,0.7301638480765967,0.5777777777777777,0.0,0.0,0.0,0.0,2002,clin,0.8
1,4,lr5e-05_bs16_modL1_fusion32_fusionL1_drop0p2_trmiss80_trlocclin,16,5e-05,1,32,1,0.2,lr5e-05_bs16_modL1_fusion32_fusionL1_drop0p2_trmiss80_trlocclin,25,0.5123485674460729,0.6756154696146647,0.5797413793103449,0.730248284240664,0.6,0.0,0.0,0.0,0.0,2002,clin,0.8
1,4,lr5e-05_bs16_modL1_fusion32_fusionL1_drop0p1_trmiss80_trlocclin,16,5e-05,1,32,1,0.1,lr5e-05_bs16_modL1_fusion32_fusionL1_drop0p1_trmiss80_trlocclin,1,0.6967181911071142,0.6577600638071696,0.5969827586206896,0.7445850579668577,0.6222222222222222,0.0,0.0,0.0,0.0,2002,clin,0.8
1,4,lr5e-05_bs16_modL1_fusion32_fusionL1_drop0p1_trmiss80_trlocclin,16,5e-05,1,32,1,0.1,lr5e-05_bs16_modL1_fusion32_fusionL1_drop0p1_trmiss80_trlocclin,2,0.6722610543171564,0.6554053425788879,0.5624999999999999,0.7134781788587439,0.6,0.0,0.0,0.0,0.0,2002,clin,0.8
1,4,lr5e-05_bs16_modL1_fusion32_fusionL1_drop0p1_trmiss80_trlocclin,16,5e-05,1,32,1,0.1,lr5e-05_bs16_modL1_fusion32_fusionL1_drop0p1_trmiss80_trlocclin,3,0.6286838004986445,0.6612234115600586,0.5840517241379309,0.7236377249983263,0.6222222222222222,0.0,0.0,0.0,0.0,2002,clin,0.8
1,4,lr5e-05_bs16_modL1_fusion32_fusionL1_drop0p1_trmiss80_trlocclin,16,5e-05,1,32,1,0.1,lr5e-05_bs16_modL1_fusion32_fusionL1_drop0p1_trmiss80_trlocclin,4,0.6196457693974177,0.6623990138371786,0.5668103448275862,0.7072242572627756,0.6,0.0,0.0,0.0,0.0,2002,clin,0.8
1,4,lr5e-05_bs16_modL1_fusion32_fusionL1_drop0p1_trmiss80_trlocclin,16,5e-05,1,32,1,0.1,lr5e-05_bs16_modL1_fusion32_fusionL1_drop0p1_trmiss80_trlocclin,5,0.6128019938866297,0.6643389264742533,0.5344827586206896,0.6737396792847781,0.6,0.0,0.0,0.0,0.0,2002,clin,0.8
1,4,lr5e-05_bs16_modL1_fusion32_fusionL1_drop0p1_trmiss80_trlocclin,16,5e-05,1,32,1,0.1,lr5e-05_bs16_modL1_fusion32_fusionL1_drop0p1_trmiss80_trlocclin,6,0.5931885987520218,0.6688339511553446,0.5495689655172413,0.6987483296707551,0.6888888888888889,0.0,0.0,0.0,0.0,2002,clin,0.8
1,4,lr5e-05_bs16_modL1_fusion32_fusionL1_drop0p1_trmiss80_trlocclin,16,5e-05,1,32,1,0.1,lr5e-05_bs16_modL1_fusion32_fusionL1_drop0p1_trmiss80_trlocclin,7,0.5860774392882983,0.6610995531082153,0.5474137931034483,0.7013007107948366,0.6222222222222222,0.0,0.0,0.0,0.0,2002,clin,0.8
1,4,lr5e-05_bs16_modL1_fusion32_fusionL1_drop0p1_trmiss80_trlocclin,16,5e-05,1,32,1,0.1,lr5e-05_bs16_modL1_fusion32_fusionL1_drop0p1_trmiss80_trlocclin,8,0.5715163399775823,0.6613565484682719,0.5668103448275862,0.7148726264915095,0.6444444444444445,0.0,0.0,0.0,0.0,2002,clin,0.8
1,4,lr5e-05_bs16_modL1_fusion32_fusionL1_drop0p1_trmiss80_trlocclin,16,5e-05,1,32,1,0.1,lr5e-05_bs16_modL1_fusion32_fusionL1_drop0p1_trmiss80_trlocclin,9,0.5612831115722656,0.6541765133539835,0.5969827586206896,0.7303655731063874,0.6222222222222222,0.0,0.0,0.0,0.0,2002,clin,0.8
1,4,lr5e-05_bs16_modL1_fusion32_fusionL1_drop0p1_trmiss80_trlocclin,16,5e-05,1,32,1,0.1,lr5e-05_bs16_modL1_fusion32_fusionL1_drop0p1_trmiss80_trlocclin,10,0.5570735260844231,0.6539645393689474,0.5818965517241379,0.7183569396143563,0.6222222222222222,0.0,0.0,0.0,0.0,2002,clin,0.8
1,4,lr5e-05_bs16_modL1_fusion32_fusionL1_drop0p1_trmiss80_trlocclin,16,5e-05,1,32,1,0.1,lr5e-05_bs16_modL1_fusion32_fusionL1_drop0p1_trmiss80_trlocclin,11,0.5679049889246622,0.6559712688128153,0.603448275862069,0.7330232648766337,0.6222222222222222,0.0,0.0,0.0,0.0,2002,clin,0.8
1,4,lr5e-05_bs16_modL1_fusion32_fusionL1_drop0p1_trmiss80_trlocclin,16,5e-05,1,32,1,0.1,lr5e-05_bs16_modL1_fusion32_fusionL1_drop0p1_trmiss80_trlocclin,12,0.5475124170382818,0.6480678915977478,0.6142241379310345,0.7345606976538324,0.6444444444444445,0.0,0.0,0.0,0.0,2002,clin,0.8
1,4,lr5e-05_bs16_modL1_fusion32_fusionL1_drop0p1_trmiss80_trlocclin,16,5e-05,1,32,1,0.1,lr5e-05_bs16_modL1_fusion32_fusionL1_drop0p1_trmiss80_trlocclin,13,0.5514586145679156,0.6381145715713501,0.6357758620689655,0.7438695902671315,0.6666666666666666,0.0,0.0,0.0,0.0,2002,clin,0.8
1,4,lr5e-05_bs16_modL1_fusion32_fusionL1_drop0p1_trmiss80_trlocclin,16,5e-05,1,32,1,0.1,lr5e-05_bs16_modL1_fusion32_fusionL1_drop0p1_trmiss80_trlocclin,14,0.5626965562502543,0.6389251550038656,0.6314655172413793,0.7501090934377201,0.6222222222222222,0.0,0.0,0.0,0.0,2002,clin,0.8
1,4,lr5e-05_bs16_modL1_fusion32_fusionL1_drop0p1_trmiss80_trlocclin,16,5e-05,1,32,1,0.1,lr5e-05_bs16_modL1_fusion32_fusionL1_drop0p1_trmiss80_trlocclin,15,0.5302157575885454,0.6433197458585104,0.6228448275862067,0.7504149098342654,0.6222222222222222,0.0,0.0,0.0,0.0,2002,clin,0.8
1,4,lr5e-05_bs16_modL1_fusion32_fusionL1_drop0p1_trmiss80_trlocclin,16,5e-05,1,32,1,0.1,lr5e-05_bs16_modL1_fusion32_fusionL1_drop0p1_trmiss80_trlocclin,16,0.5322842026750246,0.6389952103296915,0.6422413793103449,0.7615133392124789,0.6444444444444445,0.0,0.0,0.0,0.0,2002,clin,0.8
1,4,lr5e-05_bs16_modL1_fusion32_fusionL1_drop0p1_trmiss80_trlocclin,16,5e-05,1,32,1,0.1,lr5e-05_bs16_modL1_fusion32_fusionL1_drop0p1_trmiss80_trlocclin,17,0.5336896777153015,0.6407280166943868,0.6357758620689655,0.7597265457613187,0.6222222222222222,0.0,0.0,0.0,0.0,2002,clin,0.8
1,4,lr5e-05_bs16_modL1_fusion32_fusionL1_drop0p1_trmiss80_trlocclin,16,5e-05,1,32,1,0.1,lr5e-05_bs16_modL1_fusion32_fusionL1_drop0p1_trmiss80_trlocclin,18,0.5308661883076032,0.6391634941101074,0.6336206896551725,0.7566529933778787,0.6222222222222222,0.0,0.0,0.0,0.0,2002,clin,0.8
1,4,lr5e-05_bs16_modL1_fusion32_fusionL1_drop0p1_trmiss80_trlocclin,16,5e-05,1,32,1,0.1,lr5e-05_bs16_modL1_fusion32_fusionL1_drop0p1_trmiss80_trlocclin,19,0.5086613595485687,0.6408120592435201,0.6271551724137931,0.7547155140255237,0.6444444444444445,0.0,0.0,0.0,0.0,2002,clin,0.8
1,4,lr5e-05_bs16_modL1_fusion32_fusionL1_drop0p1_trmiss80_trlocclin,16,5e-05,1,32,1,0.1,lr5e-05_bs16_modL1_fusion32_fusionL1_drop0p1_trmiss80_trlocclin,20,0.5004282395044962,0.6417900125185648,0.6206896551724138,0.7518848969970406,0.6222222222222222,0.0,0.0,0.0,0.0,2002,clin,0.8
1,4,lr5e-05_bs16_modL1_fusion32_fusionL1_drop0p1_trmiss80_trlocclin,16,5e-05,1,32,1,0.1,lr5e-05_bs16_modL1_fusion32_fusionL1_drop0p1_trmiss80_trlocclin,21,0.5101338078578314,0.6395698388417562,0.627155172413793,0.7554927512154084,0.6,0.0,0.0,0.0,0.0,2002,clin,0.8
1,4,lr5e-05_bs16_modL1_fusion32_fusionL1_drop0p1_trmiss80_trlocclin,16,5e-05,1,32,1,0.1,lr5e-05_bs16_modL1_fusion32_fusionL1_drop0p1_trmiss80_trlocclin,22,0.5156937291224798,0.6427242358525594,0.622844827586207,0.7494135104497686,0.6,0.0,0.0,0.0,0.0,2002,clin,0.8
1,4,lr5e-05_bs16_modL1_fusion32_fusionL1_drop0p1_trmiss80_trlocclin,16,5e-05,1,32,1,0.1,lr5e-05_bs16_modL1_fusion32_fusionL1_drop0p1_trmiss80_trlocclin,23,0.49645625799894333,0.6412836114565531,0.6206896551724137,0.7511043410562319,0.6,0.0,0.0,0.0,0.0,2002,clin,0.8
1,4,lr5e-05_bs16_modL1_fusion32_fusionL1_drop0p1_trmiss80_trlocclin,16,5e-05,1,32,1,0.1,lr5e-05_bs16_modL1_fusion32_fusionL1_drop0p1_trmiss80_trlocclin,24,0.5017980684836706,0.6421024401982626,0.6163793103448275,0.7500243404599949,0.6,0.0,0.0,0.0,0.0,2002,clin,0.8
1,4,lr5e-05_bs16_modL1_fusion32_fusionL1_drop0p1_trmiss80_trlocclin,16,5e-05,1,32,1,0.1,lr5e-05_bs16_modL1_fusion32_fusionL1_drop0p1_trmiss80_trlocclin,25,0.48557784656683606,0.6403201222419739,0.6336206896551724,0.7593331735771445,0.6444444444444445,0.0,0.0,0.0,0.0,2002,clin,0.8
1,4,lr5e-05_bs16_modL1_fusion32_fusionL1_drop0p1_trmiss80_trlocclin,16,5e-05,1,32,1,0.1,lr5e-05_bs16_modL1_fusion32_fusionL1_drop0p1_trmiss80_trlocclin,26,0.5174259369572004,0.63624640305837,0.6293103448275862,0.7541751221551971,0.6222222222222222,0.0,0.0,0.0,0.0,2002,clin,0.8
1,4,lr5e-05_bs16_modL1_fusion32_fusionL1_drop0p1_trmiss80_trlocclin,16,5e-05,1,32,1,0.1,lr5e-05_bs16_modL1_fusion32_fusionL1_drop0p1_trmiss80_trlocclin,27,0.504825363556544,0.6385478774706522,0.6293103448275863,0.7553384715944085,0.6222222222222222,0.0,0.0,0.0,0.0,2002,clin,0.8
1,4,lr5e-05_bs16_modL1_fusion32_fusionL1_drop0p1_trmiss80_trlocclin,16,5e-05,1,32,1,0.1,lr5e-05_bs16_modL1_fusion32_fusionL1_drop0p1_trmiss80_trlocclin,28,0.497773935397466,0.6392305095990499,0.6185344827586207,0.7450790080454712,0.6222222222222222,0.0,0.0,0.0,0.0,2002,clin,0.8
1,4,lr5e-05_bs16_modL1_fusion32_fusionL1_drop0p1_trmiss80_trlocclin,16,5e-05,1,32,1,0.1,lr5e-05_bs16_modL1_fusion32_fusionL1_drop0p1_trmiss80_trlocclin,29,0.4959135875105858,0.6414086620012919,0.625,0.745636513433207,0.6,0.0,0.0,0.0,0.0,2002,clin,0.8
1,4,lr5e-05_bs16_modL1_fusion32_fusionL1_drop0p1_trmiss80_trlocclin,16,5e-05,1,32,1,0.1,lr5e-05_bs16_modL1_fusion32_fusionL1_drop0p1_trmiss80_trlocclin,30,0.494875172773997,0.6413119435310364,0.6271551724137931,0.7499473982773717,0.6222222222222222,0.0,0.0,0.0,0.0,2002,clin,0.8
1,4,lr5e-05_bs16_modL1_fusion32_fusionL1_drop0p1_trmiss80_trlocclin,16,5e-05,1,32,1,0.1,lr5e-05_bs16_modL1_fusion32_fusionL1_drop0p1_trmiss80_trlocclin,31,0.5171852111816406,0.6371106306711832,0.6400862068965516,0.7612940181627199,0.6222222222222222,0.0,0.0,0.0,0.0,2002,clin,0.8
1,4,lr5e-05_bs16_modL1_fusion32_fusionL1_drop0p1_trmiss80_trlocclin,16,5e-05,1,32,1,0.1,lr5e-05_bs16_modL1_fusion32_fusionL1_drop0p1_trmiss80_trlocclin,32,0.478557529548804,0.6396551529566447,0.6314655172413793,0.7510838452693662,0.6444444444444445,0.0,0.0,0.0,0.0,2002,clin,0.8
1,4,lr5e-05_bs16_modL1_fusion32_fusionL1_drop0p1_trmiss80_trlocclin,16,5e-05,1,32,1,0.1,lr5e-05_bs16_modL1_fusion32_fusionL1_drop0p1_trmiss80_trlocclin,33,0.4928767482439677,0.6404537558555603,0.6379310344827586,0.7581417861816113,0.6222222222222222,0.0,0.0,0.0,0.0,2002,clin,0.8
1,4,lr5e-05_bs16_modL1_fusion32_fusionL1_drop0p1_trmiss80_trlocclin,16,5e-05,1,32,1,0.1,lr5e-05_bs16_modL1_fusion32_fusionL1_drop0p1_trmiss80_trlocclin,34,0.46994685133298236,0.6389875610669454,0.6314655172413793,0.753024760776525,0.6444444444444445,0.0,0.0,0.0,0.0,2002,clin,0.8
1,4,lr5e-05_bs16_modL1_fusion32_fusionL1_drop0p1_trmiss80_trlocclin,16,5e-05,1,32,1,0.1,lr5e-05_bs16_modL1_fusion32_fusionL1_drop0p1_trmiss80_trlocclin,35,0.47093165169159573,0.638913114865621,0.6314655172413793,0.7552995369305351,0.6444444444444445,0.0,0.0,0.0,0.0,2002,clin,0.8
1,4,lr5e-05_bs16_modL1_fusion32_fusionL1_drop0p1_trmiss80_trlocclin,16,5e-05,1,32,1,0.1,lr5e-05_bs16_modL1_fusion32_fusionL1_drop0p1_trmiss80_trlocclin,36,0.46398824950059253,0.6384790937105814,0.625,0.7514301734168332,0.6222222222222222,0.0,0.0,0.0,0.0,2002,clin,0.8
1,4,lr5e-05_bs16_modL1_fusion64_fusionL1_drop0p2_trmiss80_trlocclin,16,5e-05,1,64,1,0.2,lr5e-05_bs16_modL1_fusion64_fusionL1_drop0p2_trmiss80_trlocclin,1,0.699190154671669,0.7037089467048645,0.3556034482758621,0.5961493686299209,0.4666666666666667,0.0,0.0,0.0,0.0,2002,clin,0.8
1,4,lr5e-05_bs16_modL1_fusion64_fusionL1_drop0p2_trmiss80_trlocclin,16,5e-05,1,64,1,0.2,lr5e-05_bs16_modL1_fusion64_fusionL1_drop0p2_trmiss80_trlocclin,2,0.6710250129302343,0.7088718016942342,0.3879310344827586,0.5968450830471544,0.4222222222222222,0.0,0.0,0.0,0.0,2002,clin,0.8
1,4,lr5e-05_bs16_modL1_fusion64_fusionL1_drop0p2_trmiss80_trlocclin,16,5e-05,1,64,1,0.2,lr5e-05_bs16_modL1_fusion64_fusionL1_drop0p2_trmiss80_trlocclin,3,0.6579539924860001,0.7053741614023844,0.4245689655172414,0.6230222994448358,0.4222222222222222,0.0,0.0,0.0,0.0,2002,clin,0.8
1,4,lr5e-05_bs16_modL1_fusion64_fusionL1_drop0p2_trmiss80_trlocclin,16,5e-05,1,64,1,0.2,lr5e-05_bs16_modL1_fusion64_fusionL1_drop0p2_trmiss80_trlocclin,4,0.641070028146108,0.7072958548863729,0.41594827586206895,0.5984742388540171,0.4444444444444444,0.0,0.0,0.0,0.0,2002,clin,0.8
1,4,lr5e-05_bs16_modL1_fusion64_fusionL1_drop0p2_trmiss80_trlocclin,16,5e-05,1,64,1,0.2,lr5e-05_bs16_modL1_fusion64_fusionL1_drop0p2_trmiss80_trlocclin,5,0.6412462045749029,0.7088125745455424,0.4245689655172413,0.6120386401749749,0.4666666666666667,0.0,0.0,0.0,0.0,2002,clin,0.8
1,4,lr5e-05_bs16_modL1_fusion64_fusionL1_drop0p2_trmiss80_trlocclin,16,5e-05,1,64,1,0.2,lr5e-05_bs16_modL1_fusion64_fusionL1_drop0p2_trmiss80_trlocclin,6,0.6263065685828527,0.7053955992062887,0.4353448275862069,0.5961108221178616,0.5111111111111111,0.0,0.0,0.0,0.0,2002,clin,0.8
1,4,lr5e-05_bs16_modL1_fusion64_fusionL1_drop0p2_trmiss80_trlocclin,16,5e-05,1,64,1,0.2,lr5e-05_bs16_modL1_fusion64_fusionL1_drop0p2_trmiss80_trlocclin,7,0.5992971956729889,0.7025381326675415,0.45905172413793105,0.5993394387715779,0.5333333333333333,0.0,0.0,0.0,0.0,2002,clin,0.8
1,4,lr5e-05_bs16_modL1_fusion64_fusionL1_drop0p2_trmiss80_trlocclin,16,5e-05,1,64,1,0.2,lr5e-05_bs16_modL1_fusion64_fusionL1_drop0p2_trmiss80_trlocclin,8,0.6133407106002172,0.7054823637008667,0.45905172413793105,0.6020092510601353,0.4666666666666667,0.0,0.0,0.0,0.0,2002,clin,0.8
1,4,lr5e-05_bs16_modL1_fusion64_fusionL1_drop0p2_trmiss80_trlocclin,16,5e-05,1,64,1,0.2,lr5e-05_bs16_modL1_fusion64_fusionL1_drop0p2_trmiss80_trlocclin,9,0.6061634222666422,0.7105711102485657,0.44612068965517243,0.596380565864184,0.5111111111111111,0.0,0.0,0.0,0.0,2002,clin,0.8
1,4,lr5e-05_bs16_modL1_fusion64_fusionL1_drop0p2_trmiss80_trlocclin,16,5e-05,1,64,1,0.2,lr5e-05_bs16_modL1_fusion64_fusionL1_drop0p2_trmiss80_trlocclin,10,0.5927892675002416,0.7070612708727518,0.43965517241379315,0.5960727913140029,0.5333333333333333,0.0,0.0,0.0,0.0,2002,clin,0.8
1,4,lr5e-05_bs16_modL1_fusion64_fusionL1_drop0p2_trmiss80_trlocclin,16,5e-05,1,64,1,0.2,lr5e-05_bs16_modL1_fusion64_fusionL1_drop0p2_trmiss80_trlocclin,11,0.5531596690416336,0.7023312648137411,0.4525862068965517,0.5943147451695072,0.6222222222222222,0.0,0.0,0.0,0.0,2002,clin,0.8
1,4,lr5e-05_bs16_modL1_fusion64_fusionL1_drop0p2_trmiss80_trlocclin,16,5e-05,1,64,1,0.2,lr5e-05_bs16_modL1_fusion64_fusionL1_drop0p2_trmiss80_trlocclin,12,0.566538984576861,0.7061273455619812,0.44181034482758624,0.5891055177754557,0.5555555555555556,0.0,0.0,0.0,0.0,2002,clin,0.8
1,4,lr5e-05_bs16_modL1_fusion64_fusionL1_drop0p2_trmiss80_trlocclin,16,5e-05,1,64,1,0.2,lr5e-05_bs16_modL1_fusion64_fusionL1_drop0p2_trmiss80_trlocclin,13,0.5428782204786936,0.7024219632148743,0.4482758620689655,0.5992663029230453,0.5333333333333333,0.0,0.0,0.0,0.0,2002,clin,0.8
1,4,lr5e-05_bs16_modL1_fusion64_fusionL1_drop0p2_trmiss80_trlocclin,16,5e-05,1,64,1,0.2,lr5e-05_bs16_modL1_fusion64_fusionL1_drop0p2_trmiss80_trlocclin,14,0.539755716919899,0.7070054014523824,0.415948275862069,0.5921470913970778,0.5333333333333333,0.0,0.0,0.0,0.0,2002,clin,0.8
1,4,lr5e-05_bs16_modL1_fusion64_fusionL1_drop0p2_trmiss80_trlocclin,16,5e-05,1,64,1,0.2,lr5e-05_bs16_modL1_fusion64_fusionL1_drop0p2_trmiss80_trlocclin,15,0.5276467924316725,0.7027266025543213,0.44612068965517243,0.5992243331765182,0.5333333333333333,0.0,0.0,0.0,0.0,2002,clin,0.8
1,4,lr5e-05_bs16_modL1_fusion64_fusionL1_drop0p2_trmiss80_trlocclin,16,5e-05,1,64,1,0.2,lr5e-05_bs16_modL1_fusion64_fusionL1_drop0p2_trmiss80_trlocclin,16,0.5453378111124039,0.7009328206380209,0.45474137931034486,0.6171503914188895,0.5555555555555556,0.0,0.0,0.0,0.0,2002,clin,0.8
1,4,lr5e-05_bs16_modL1_fusion64_fusionL1_drop0p2_trmiss80_trlocclin,16,5e-05,1,64,1,0.2,lr5e-05_bs16_modL1_fusion64_fusionL1_drop0p2_trmiss80_trlocclin,17,0.514992227156957,0.7033259073893229,0.45905172413793105,0.6081832106507892,0.5777777777777777,0.0,0.0,0.0,0.0,2002,clin,0.8
1,4,lr5e-05_bs16_modL1_fusion64_fusionL1_drop0p2_trmiss80_trlocclin,16,5e-05,1,64,1,0.2,lr5e-05_bs16_modL1_fusion64_fusionL1_drop0p2_trmiss80_trlocclin,18,0.496051661670208,0.7116061846415201,0.4482758620689655,0.5948713491037613,0.5555555555555556,0.0,0.0,0.0,0.0,2002,clin,0.8
1,4,lr5e-05_bs16_modL1_fusion64_fusionL1_drop0p2_trmiss80_trlocclin,16,5e-05,1,64,1,0.2,lr5e-05_bs16_modL1_fusion64_fusionL1_drop0p2_trmiss80_trlocclin,19,0.5008665323257446,0.7070903182029724,0.46336206896551724,0.5956236812321869,0.4888888888888889,0.0,0.0,0.0,0.0,2002,clin,0.8
1,4,lr5e-05_bs16_modL1_fusion64_fusionL1_drop0p2_trmiss80_trlocclin,16,5e-05,1,64,1,0.2,lr5e-05_bs16_modL1_fusion64_fusionL1_drop0p2_trmiss80_trlocclin,20,0.4914468601346016,0.7041486104329427,0.46336206896551724,0.6031971546373034,0.4888888888888889,0.0,0.0,0.0,0.0,2002,clin,0.8
1,4,lr5e-05_bs16_modL1_fusion64_fusionL1_drop0p2_trmiss80_trlocclin,16,5e-05,1,64,1,0.2,lr5e-05_bs16_modL1_fusion64_fusionL1_drop0p2_trmiss80_trlocclin,21,0.4929351980487506,0.6993574301401774,0.4806034482758621,0.6151585515603654,0.5333333333333333,0.0,0.0,0.0,0.0,2002,clin,0.8
1,4,lr5e-05_bs16_modL1_fusion64_fusionL1_drop0p2_trmiss80_trlocclin,16,5e-05,1,64,1,0.2,lr5e-05_bs16_modL1_fusion64_fusionL1_drop0p2_trmiss80_trlocclin,22,0.48583746949831647,0.6946184237798055,0.47629310344827586,0.6097071166423625,0.5777777777777777,0.0,0.0,0.0,0.0,2002,clin,0.8
1,4,lr5e-05_bs16_modL1_fusion64_fusionL1_drop0p2_trmiss80_trlocclin,16,5e-05,1,64,1,0.2,lr5e-05_bs16_modL1_fusion64_fusionL1_drop0p2_trmiss80_trlocclin,23,0.4551571011543274,0.6977401773134867,0.48275862068965514,0.6128563199724706,0.5777777777777777,0.0,0.0,0.0,0.0,2002,clin,0.8
1,4,lr5e-05_bs16_modL1_fusion64_fusionL1_drop0p2_trmiss80_trlocclin,16,5e-05,1,64,1,0.2,lr5e-05_bs16_modL1_fusion64_fusionL1_drop0p2_trmiss80_trlocclin,24,0.4949672967195511,0.6970373789469401,0.4892241379310345,0.6180046967129004,0.5777777777777777,0.0,0.0,0.0,0.0,2002,clin,0.8
1,4,lr5e-05_bs16_modL1_fusion64_fusionL1_drop0p2_trmiss80_trlocclin,16,5e-05,1,64,1,0.2,lr5e-05_bs16_modL1_fusion64_fusionL1_drop0p2_trmiss80_trlocclin,25,0.4624420627951622,0.6983369588851929,0.4849137931034483,0.6249856724210003,0.5333333333333333,0.0,0.0,0.0,0.0,2002,clin,0.8
1,4,lr5e-05_bs16_modL1_fusion64_fusionL1_drop0p2_trmiss80_trlocclin,16,5e-05,1,64,1,0.2,lr5e-05_bs16_modL1_fusion64_fusionL1_drop0p2_trmiss80_trlocclin,26,0.43758947898944217,0.6997560262680054,0.4849137931034483,0.6254497189182245,0.5333333333333333,0.0,0.0,0.0,0.0,2002,clin,0.8
1,4,lr5e-05_bs16_modL1_fusion64_fusionL1_drop0p2_trmiss80_trlocclin,16,5e-05,1,64,1,0.2,lr5e-05_bs16_modL1_fusion64_fusionL1_drop0p2_trmiss80_trlocclin,27,0.43815629680951435,0.7011775970458984,0.4612068965517242,0.6144818660544205,0.5555555555555556,0.0,0.0,0.0,0.0,2002,clin,0.8
1,4,lr5e-05_bs16_modL1_fusion64_fusionL1_drop0p2_trmiss80_trlocclin,16,5e-05,1,64,1,0.2,lr5e-05_bs16_modL1_fusion64_fusionL1_drop0p2_trmiss80_trlocclin,28,0.43721160540978116,0.7052380442619324,0.4482758620689655,0.6030230936295883,0.5333333333333333,0.0,0.0,0.0,0.0,2002,clin,0.8
1,4,lr5e-05_bs16_modL1_fusion64_fusionL1_drop0p2_trmiss80_trlocclin,16,5e-05,1,64,1,0.2,lr5e-05_bs16_modL1_fusion64_fusionL1_drop0p2_trmiss80_trlocclin,29,0.43071115761995316,0.7069291671117147,0.45689655172413796,0.6109182699730403,0.5111111111111111,0.0,0.0,0.0,0.0,2002,clin,0.8
1,4,lr5e-05_bs16_modL1_fusion64_fusionL1_drop0p2_trmiss80_trlocclin,16,5e-05,1,64,1,0.2,lr5e-05_bs16_modL1_fusion64_fusionL1_drop0p2_trmiss80_trlocclin,30,0.45740645627180737,0.709455688794454,0.45474137931034486,0.6102108928299537,0.5333333333333333,0.0,0.0,0.0,0.0,2002,clin,0.8
1,4,lr5e-05_bs16_modL1_fusion64_fusionL1_drop0p2_trmiss80_trlocclin,16,5e-05,1,64,1,0.2,lr5e-05_bs16_modL1_fusion64_fusionL1_drop0p2_trmiss80_trlocclin,31,0.4289704958597819,0.710536777973175,0.4418103448275862,0.608850888387215,0.5777777777777777,0.0,0.0,0.0,0.0,2002,clin,0.8
1,4,lr5e-05_bs16_modL1_fusion64_fusionL1_drop0p2_trmiss80_trlocclin,16,5e-05,1,64,1,0.2,lr5e-05_bs16_modL1_fusion64_fusionL1_drop0p2_trmiss80_trlocclin,32,0.40981821715831757,0.6976147095362345,0.45905172413793105,0.6190839779899258,0.6222222222222222,0.0,0.0,0.0,0.0,2002,clin,0.8
1,4,lr5e-05_bs16_modL1_fusion64_fusionL1_drop0p2_trmiss80_trlocclin,16,5e-05,1,64,1,0.2,lr5e-05_bs16_modL1_fusion64_fusionL1_drop0p2_trmiss80_trlocclin,33,0.4109003593524297,0.6966391205787659,0.46336206896551724,0.6136727277931543,0.6222222222222222,0.0,0.0,0.0,0.0,2002,clin,0.8
1,4,lr5e-05_bs16_modL1_fusion64_fusionL1_drop0p2_trmiss80_trlocclin,16,5e-05,1,64,1,0.2,lr5e-05_bs16_modL1_fusion64_fusionL1_drop0p2_trmiss80_trlocclin,34,0.42046210418144864,0.7041483322779337,0.45905172413793105,0.6105366918911936,0.5777777777777777,0.0,0.0,0.0,0.0,2002,clin,0.8
1,4,lr5e-05_bs16_modL1_fusion64_fusionL1_drop0p2_trmiss80_trlocclin,16,5e-05,1,64,1,0.2,lr5e-05_bs16_modL1_fusion64_fusionL1_drop0p2_trmiss80_trlocclin,35,0.40435176839431125,0.7051076889038086,0.4676724137931035,0.6150739700389415,0.5555555555555556,0.0,0.0,0.0,0.0,2002,clin,0.8
1,4,lr5e-05_bs16_modL1_fusion64_fusionL1_drop0p2_trmiss80_trlocclin,16,5e-05,1,64,1,0.2,lr5e-05_bs16_modL1_fusion64_fusionL1_drop0p2_trmiss80_trlocclin,36,0.41630565126736957,0.7038838664690653,0.4525862068965517,0.6032114994391484,0.5333333333333333,0.0,0.0,0.0,0.0,2002,clin,0.8
1,4,lr5e-05_bs16_modL1_fusion64_fusionL1_drop0p2_trmiss80_trlocclin,16,5e-05,1,64,1,0.2,lr5e-05_bs16_modL1_fusion64_fusionL1_drop0p2_trmiss80_trlocclin,37,0.4113856057325999,0.6990823745727539,0.4762931034482759,0.6384902359831403,0.5555555555555556,0.0,0.0,0.0,0.0,2002,clin,0.8
1,4,lr5e-05_bs16_modL1_fusion64_fusionL1_drop0p2_trmiss80_trlocclin,16,5e-05,1,64,1,0.2,lr5e-05_bs16_modL1_fusion64_fusionL1_drop0p2_trmiss80_trlocclin,38,0.4141826058427493,0.6981141169865926,0.47844827586206895,0.6228947831066078,0.5777777777777777,0.0,0.0,0.0,0.0,2002,clin,0.8
1,4,lr5e-05_bs16_modL1_fusion64_fusionL1_drop0p2_trmiss80_trlocclin,16,5e-05,1,64,1,0.2,lr5e-05_bs16_modL1_fusion64_fusionL1_drop0p2_trmiss80_trlocclin,39,0.4233115315437317,0.70230766137441,0.48060344827586204,0.6340441798776921,0.5777777777777777,0.0,0.0,0.0,0.0,2002,clin,0.8
1,4,lr5e-05_bs16_modL1_fusion64_fusionL1_drop0p2_trmiss80_trlocclin,16,5e-05,1,64,1,0.2,lr5e-05_bs16_modL1_fusion64_fusionL1_drop0p2_trmiss80_trlocclin,40,0.407463975250721,0.7011659741401672,0.4870689655172413,0.6248359744454537,0.5555555555555556,0.0,0.0,0.0,0.0,2002,clin,0.8
1,4,lr5e-05_bs16_modL1_fusion64_fusionL1_drop0p2_trmiss80_trlocclin,16,5e-05,1,64,1,0.2,lr5e-05_bs16_modL1_fusion64_fusionL1_drop0p2_trmiss80_trlocclin,41,0.3993363007903099,0.7036196986834208,0.4827586206896552,0.6145650178881212,0.5555555555555556,0.0,0.0,0.0,0.0,2002,clin,0.8
1,4,lr5e-05_bs16_modL1_fusion64_fusionL1_drop0p2_trmiss80_trlocclin,16,5e-05,1,64,1,0.2,lr5e-05_bs16_modL1_fusion64_fusionL1_drop0p2_trmiss80_trlocclin,42,0.4235442827145259,0.7027696569760641,0.47413793103448276,0.6163620780331457,0.5555555555555556,0.0,0.0,0.0,0.0,2002,clin,0.8
1,4,lr5e-05_bs16_modL1_fusion64_fusionL1_drop0p2_trmiss80_trlocclin,16,5e-05,1,64,1,0.2,lr5e-05_bs16_modL1_fusion64_fusionL1_drop0p2_trmiss80_trlocclin,43,0.39224513123432797,0.7053393125534058,0.47629310344827586,0.6201380358603865,0.5555555555555556,0.0,0.0,0.0,0.0,2002,clin,0.8
1,4,lr5e-05_bs16_modL1_fusion64_fusionL1_drop0p2_trmiss80_trlocclin,16,5e-05,1,64,1,0.2,lr5e-05_bs16_modL1_fusion64_fusionL1_drop0p2_trmiss80_trlocclin,44,0.40186414619286853,0.6995789806048075,0.4719827586206897,0.6200748287184077,0.6,0.0,0.0,0.0,0.0,2002,clin,0.8
1,4,lr5e-05_bs16_modL1_fusion64_fusionL1_drop0p1_trmiss80_trlocclin,16,5e-05,1,64,1,0.1,lr5e-05_bs16_modL1_fusion64_fusionL1_drop0p1_trmiss80_trlocclin,1,0.795131673415502,0.7409971157709757,0.37068965517241387,0.5855847979328913,0.3333333333333333,0.0,0.0,0.0,0.0,2002,clin,0.8
1,4,lr5e-05_bs16_modL1_fusion64_fusionL1_drop0p1_trmiss80_trlocclin,16,5e-05,1,64,1,0.1,lr5e-05_bs16_modL1_fusion64_fusionL1_drop0p1_trmiss80_trlocclin,2,0.7337581515312195,0.7630653381347656,0.41379310344827586,0.6199368756978355,0.35555555555555557,0.0,0.0,0.0,0.0,2002,clin,0.8
1,4,lr5e-05_bs16_modL1_fusion64_fusionL1_drop0p1_trmiss80_trlocclin,16,5e-05,1,64,1,0.1,lr5e-05_bs16_modL1_fusion64_fusionL1_drop0p1_trmiss80_trlocclin,3,0.7109148701032003,0.760185956954956,0.47413793103448276,0.659376208527931,0.4,0.0,0.0,0.0,0.0,2002,clin,0.8
1,4,lr5e-05_bs16_modL1_fusion64_fusionL1_drop0p1_trmiss80_trlocclin,16,5e-05,1,64,1,0.1,lr5e-05_bs16_modL1_fusion64_fusionL1_drop0p1_trmiss80_trlocclin,4,0.6929652740557989,0.7685851454734802,0.4870689655172414,0.643566187548566,0.37777777777777777,0.0,0.0,0.0,0.0,2002,clin,0.8
1,4,lr5e-05_bs16_modL1_fusion64_fusionL1_drop0p1_trmiss80_trlocclin,16,5e-05,1,64,1,0.1,lr5e-05_bs16_modL1_fusion64_fusionL1_drop0p1_trmiss80_trlocclin,5,0.6676050573587418,0.7628140449523926,0.5086206896551724,0.6570161354207844,0.4,0.0,0.0,0.0,0.0,2002,clin,0.8
1,4,lr5e-05_bs16_modL1_fusion64_fusionL1_drop0p1_trmiss80_trlocclin,16,5e-05,1,64,1,0.1,lr5e-05_bs16_modL1_fusion64_fusionL1_drop0p1_trmiss80_trlocclin,6,0.659338116645813,0.7630540132522583,0.4698275862068966,0.634486159908242,0.4444444444444444,0.0,0.0,0.0,0.0,2002,clin,0.8
1,4,lr5e-05_bs16_modL1_fusion64_fusionL1_drop0p1_trmiss80_trlocclin,16,5e-05,1,64,1,0.1,lr5e-05_bs16_modL1_fusion64_fusionL1_drop0p1_trmiss80_trlocclin,7,0.6342016855875651,0.7606903513272604,0.4892241379310344,0.6494138553161585,0.4444444444444444,0.0,0.0,0.0,0.0,2002,clin,0.8
1,4,lr5e-05_bs16_modL1_fusion64_fusionL1_drop0p1_trmiss80_trlocclin,16,5e-05,1,64,1,0.1,lr5e-05_bs16_modL1_fusion64_fusionL1_drop0p1_trmiss80_trlocclin,8,0.6135483533143997,0.7570140361785889,0.5021551724137931,0.6488444850011253,0.4,0.0,0.0,0.0,0.0,2002,clin,0.8
1,4,lr5e-05_bs16_modL1_fusion64_fusionL1_drop0p1_trmiss80_trlocclin,16,5e-05,1,64,1,0.1,lr5e-05_bs16_modL1_fusion64_fusionL1_drop0p1_trmiss80_trlocclin,9,0.6165647655725479,0.7596214016278585,0.4978448275862069,0.6521627611067704,0.4,0.0,0.0,0.0,0.0,2002,clin,0.8
1,4,lr5e-05_bs16_modL1_fusion64_fusionL1_drop0p1_trmiss80_trlocclin,16,5e-05,1,64,1,0.1,lr5e-05_bs16_modL1_fusion64_fusionL1_drop0p1_trmiss80_trlocclin,10,0.6071956058343252,0.7525041699409485,0.5086206896551724,0.6512622602687569,0.4444444444444444,0.0,0.0,0.0,0.0,2002,clin,0.8
1,4,lr5e-05_bs16_modL1_fusion64_fusionL1_drop0p1_trmiss80_trlocclin,16,5e-05,1,64,1,0.1,lr5e-05_bs16_modL1_fusion64_fusionL1_drop0p1_trmiss80_trlocclin,11,0.59820440163215,0.7435155312220255,0.5172413793103449,0.6604702881103998,0.4666666666666667,0.0,0.0,0.0,0.0,2002,clin,0.8
1,4,lr5e-05_bs16_modL1_fusion64_fusionL1_drop0p1_trmiss80_trlocclin,16,5e-05,1,64,1,0.1,lr5e-05_bs16_modL1_fusion64_fusionL1_drop0p1_trmiss80_trlocclin,12,0.5827529206871986,0.7392329772313436,0.5495689655172413,0.6856516186959931,0.4666666666666667,0.0,0.0,0.0,0.0,2002,clin,0.8
1,4,lr5e-05_bs16_modL1_fusion64_fusionL1_drop0p1_trmiss80_trlocclin,16,5e-05,1,64,1,0.1,lr5e-05_bs16_modL1_fusion64_fusionL1_drop0p1_trmiss80_trlocclin,13,0.5854257593552271,0.7240646282831827,0.5581896551724138,0.6924165852729249,0.4888888888888889,0.0,0.0,0.0,0.0,2002,clin,0.8
1,4,lr5e-05_bs16_modL1_fusion64_fusionL1_drop0p1_trmiss80_trlocclin,16,5e-05,1,64,1,0.1,lr5e-05_bs16_modL1_fusion64_fusionL1_drop0p1_trmiss80_trlocclin,14,0.5820609380801519,0.7404332558314005,0.5603448275862069,0.6845790961514069,0.4222222222222222,0.0,0.0,0.0,0.0,2002,clin,0.8
1,4,lr5e-05_bs16_modL1_fusion64_fusionL1_drop0p1_trmiss80_trlocclin,16,5e-05,1,64,1,0.1,lr5e-05_bs16_modL1_fusion64_fusionL1_drop0p1_trmiss80_trlocclin,15,0.5611864030361176,0.7367321650187174,0.5495689655172413,0.6807226214874821,0.4666666666666667,0.0,0.0,0.0,0.0,2002,clin,0.8
1,4,lr5e-05_bs16_modL1_fusion64_fusionL1_drop0p1_trmiss80_trlocclin,16,5e-05,1,64,1,0.1,lr5e-05_bs16_modL1_fusion64_fusionL1_drop0p1_trmiss80_trlocclin,16,0.5565116902192434,0.7301311691602071,0.5581896551724138,0.6807138187796684,0.4888888888888889,0.0,0.0,0.0,0.0,2002,clin,0.8
1,4,lr5e-05_bs16_modL1_fusion64_fusionL1_drop0p1_trmiss80_trlocclin,16,5e-05,1,64,1,0.1,lr5e-05_bs16_modL1_fusion64_fusionL1_drop0p1_trmiss80_trlocclin,17,0.566853920618693,0.7383711139361063,0.5431034482758621,0.682568118140565,0.4666666666666667,0.0,0.0,0.0,0.0,2002,clin,0.8
1,4,lr5e-05_bs16_modL1_fusion64_fusionL1_drop0p1_trmiss80_trlocclin,16,5e-05,1,64,1,0.1,lr5e-05_bs16_modL1_fusion64_fusionL1_drop0p1_trmiss80_trlocclin,18,0.5348511685927709,0.7294654647509257,0.5560344827586207,0.7015194558923628,0.4888888888888889,0.0,0.0,0.0,0.0,2002,clin,0.8
1,4,lr5e-05_bs16_modL1_fusion64_fusionL1_drop0p1_trmiss80_trlocclin,16,5e-05,1,64,1,0.1,lr5e-05_bs16_modL1_fusion64_fusionL1_drop0p1_trmiss80_trlocclin,19,0.5543966193993887,0.7339237928390503,0.5538793103448276,0.6954878247594469,0.5111111111111111,0.0,0.0,0.0,0.0,2002,clin,0.8
1,4,lr5e-05_bs16_modL1_fusion64_fusionL1_drop0p1_trmiss80_trlocclin,16,5e-05,1,64,1,0.1,lr5e-05_bs16_modL1_fusion64_fusionL1_drop0p1_trmiss80_trlocclin,20,0.5298935274283091,0.7267435391743978,0.5581896551724138,0.7064643171368739,0.5555555555555556,0.0,0.0,0.0,0.0,2002,clin,0.8
1,4,lr5e-05_bs16_modL1_fusion64_fusionL1_drop0p1_trmiss80_trlocclin,16,5e-05,1,64,1,0.1,lr5e-05_bs16_modL1_fusion64_fusionL1_drop0p1_trmiss80_trlocclin,21,0.5141956234971682,0.7277756929397583,0.5495689655172414,0.6813773467113884,0.5555555555555556,0.0,0.0,0.0,0.0,2002,clin,0.8
1,4,lr5e-05_bs16_modL1_fusion64_fusionL1_drop0p1_trmiss80_trlocclin,16,5e-05,1,64,1,0.1,lr5e-05_bs16_modL1_fusion64_fusionL1_drop0p1_trmiss80_trlocclin,22,0.5313909674684206,0.7341209848721822,0.5560344827586207,0.6987532529508029,0.5111111111111111,0.0,0.0,0.0,0.0,2002,clin,0.8
1,4,lr5e-05_bs16_modL1_fusion64_fusionL1_drop0p1_trmiss80_trlocclin,16,5e-05,1,64,1,0.1,lr5e-05_bs16_modL1_fusion64_fusionL1_drop0p1_trmiss80_trlocclin,23,0.5198291217287382,0.7185001571973165,0.5668103448275862,0.6999220146514735,0.5333333333333333,0.0,0.0,0.0,0.0,2002,clin,0.8
1,4,lr5e-05_bs16_modL1_fusion64_fusionL1_drop0p1_trmiss80_trlocclin,16,5e-05,1,64,1,0.1,lr5e-05_bs16_modL1_fusion64_fusionL1_drop0p1_trmiss80_trlocclin,24,0.5292928144335747,0.7158207496007284,0.5711206896551724,0.7079737653712108,0.5555555555555556,0.0,0.0,0.0,0.0,2002,clin,0.8
1,4,lr5e-05_bs16_modL1_fusion64_fusionL1_drop0p1_trmiss80_trlocclin,16,5e-05,1,64,1,0.1,lr5e-05_bs16_modL1_fusion64_fusionL1_drop0p1_trmiss80_trlocclin,25,0.5224509586890539,0.7220464944839478,0.5732758620689655,0.7060197347030437,0.5555555555555556,0.0,0.0,0.0,0.0,2002,clin,0.8
1,4,lr5e-05_bs16_modL1_fusion64_fusionL1_drop0p1_trmiss80_trlocclin,16,5e-05,1,64,1,0.1,lr5e-05_bs16_modL1_fusion64_fusionL1_drop0p1_trmiss80_trlocclin,26,0.5371015866597494,0.7285264929135641,0.5711206896551724,0.6968066877177643,0.5111111111111111,0.0,0.0,0.0,0.0,2002,clin,0.8
1,4,lr5e-05_bs16_modL1_fusion64_fusionL1_drop0p1_trmiss80_trlocclin,16,5e-05,1,64,1,0.1,lr5e-05_bs16_modL1_fusion64_fusionL1_drop0p1_trmiss80_trlocclin,27,0.5156323090195656,0.7329616149266561,0.5560344827586207,0.6865879274487274,0.5111111111111111,0.0,0.0,0.0,0.0,2002,clin,0.8
1,4,lr5e-05_bs16_modL1_fusion64_fusionL1_drop0p1_trmiss80_trlocclin,16,5e-05,1,64,1,0.1,lr5e-05_bs16_modL1_fusion64_fusionL1_drop0p1_trmiss80_trlocclin,28,0.5292209759354591,0.740502138932546,0.5344827586206896,0.6793170464046552,0.5111111111111111,0.0,0.0,0.0,0.0,2002,clin,0.8
1,4,lr5e-05_bs16_modL1_fusion64_fusionL1_drop0p1_trmiss80_trlocclin,16,5e-05,1,64,1,0.1,lr5e-05_bs16_modL1_fusion64_fusionL1_drop0p1_trmiss80_trlocclin,29,0.5269836733738581,0.7427327632904053,0.5452586206896551,0.6838202251845731,0.4666666666666667,0.0,0.0,0.0,0.0,2002,clin,0.8
1,4,lr5e-05_bs16_modL1_fusion64_fusionL1_drop0p1_trmiss80_trlocclin,16,5e-05,1,64,1,0.1,lr5e-05_bs16_modL1_fusion64_fusionL1_drop0p1_trmiss80_trlocclin,30,0.5274791444341341,0.7404366532961527,0.5538793103448276,0.6926295508660123,0.5111111111111111,0.0,0.0,0.0,0.0,2002,clin,0.8
1,4,lr5e-05_bs16_modL1_fusion64_fusionL1_drop0p1_trmiss80_trlocclin,16,5e-05,1,64,1,0.1,lr5e-05_bs16_modL1_fusion64_fusionL1_drop0p1_trmiss80_trlocclin,31,0.5080100322763125,0.7316521008809408,0.543103448275862,0.6826631490716258,0.5333333333333333,0.0,0.0,0.0,0.0,2002,clin,0.8
1,4,lr5e-05_bs16_modL1_fusion64_fusionL1_drop0p1_trmiss80_trlocclin,16,5e-05,1,64,1,0.1,lr5e-05_bs16_modL1_fusion64_fusionL1_drop0p1_trmiss80_trlocclin,32,0.5185990581909815,0.7233060995737711,0.5517241379310345,0.6930380469442394,0.4888888888888889,0.0,0.0,0.0,0.0,2002,clin,0.8
1,4,lr5e-05_bs16_modL1_fusion64_fusionL1_drop0p1_trmiss80_trlocclin,16,5e-05,1,64,1,0.1,lr5e-05_bs16_modL1_fusion64_fusionL1_drop0p1_trmiss80_trlocclin,33,0.519136960307757,0.7362926006317139,0.5517241379310345,0.6949198046440268,0.4888888888888889,0.0,0.0,0.0,0.0,2002,clin,0.8
1,4,lr5e-05_bs16_modL1_fusion64_fusionL1_drop0p1_trmiss80_trlocclin,16,5e-05,1,64,1,0.1,lr5e-05_bs16_modL1_fusion64_fusionL1_drop0p1_trmiss80_trlocclin,34,0.5091526582837105,0.7319198846817017,0.5474137931034483,0.6821141038922542,0.5111111111111111,0.0,0.0,0.0,0.0,2002,clin,0.8
1,4,lr5e-05_bs16_modL1_fusion64_fusionL1_drop0p1_trmiss80_trlocclin,16,5e-05,1,64,1,0.1,lr5e-05_bs16_modL1_fusion64_fusionL1_drop0p1_trmiss80_trlocclin,35,0.4906174565354983,0.7254040439923605,0.540948275862069,0.6830798332582185,0.5333333333333333,0.0,0.0,0.0,0.0,2002,clin,0.8
1,4,lr5e-05_bs16_modL1_fusion64_fusionL1_drop0p1_trmiss80_trlocclin,16,5e-05,1,64,1,0.1,lr5e-05_bs16_modL1_fusion64_fusionL1_drop0p1_trmiss80_trlocclin,36,0.4976092651486397,0.7299959262212118,0.543103448275862,0.6883850049255731,0.4888888888888889,0.0,0.0,0.0,0.0,2002,clin,0.8
1,4,lr5e-05_bs16_modL1_fusion64_fusionL1_drop0p1_trmiss80_trlocclin,16,5e-05,1,64,1,0.1,lr5e-05_bs16_modL1_fusion64_fusionL1_drop0p1_trmiss80_trlocclin,37,0.5052280823389689,0.7203073700269064,0.5517241379310345,0.6920107745855799,0.5111111111111111,0.0,0.0,0.0,0.0,2002,clin,0.8
1,4,lr5e-05_bs16_modL1_fusion64_fusionL1_drop0p1_trmiss80_trlocclin,16,5e-05,1,64,1,0.1,lr5e-05_bs16_modL1_fusion64_fusionL1_drop0p1_trmiss80_trlocclin,38,0.5054608508944511,0.7234826683998108,0.540948275862069,0.6823209145373736,0.5555555555555556,0.0,0.0,0.0,0.0,2002,clin,0.8
1,4,lr5e-05_bs16_modL1_fusion64_fusionL1_drop0p1_trmiss80_trlocclin,16,5e-05,1,64,1,0.1,lr5e-05_bs16_modL1_fusion64_fusionL1_drop0p1_trmiss80_trlocclin,39,0.49430227279663086,0.7322246034940084,0.5344827586206897,0.6764337082284061,0.4888888888888889,0.0,0.0,0.0,0.0,2002,clin,0.8
1,4,lr5e-05_bs16_modL1_fusion64_fusionL1_drop0p1_trmiss80_trlocclin,16,5e-05,1,64,1,0.1,lr5e-05_bs16_modL1_fusion64_fusionL1_drop0p1_trmiss80_trlocclin,40,0.5080496370792389,0.7286110321680704,0.5409482758620691,0.6756630951292855,0.5111111111111111,0.0,0.0,0.0,0.0,2002,clin,0.8
1,4,lr5e-05_bs16_modL1_fusion64_fusionL1_drop0p1_trmiss80_trlocclin,16,5e-05,1,64,1,0.1,lr5e-05_bs16_modL1_fusion64_fusionL1_drop0p1_trmiss80_trlocclin,41,0.4938451126217842,0.7338826656341553,0.5495689655172413,0.6846054569310415,0.4888888888888889,0.0,0.0,0.0,0.0,2002,clin,0.8
1,4,lr5e-05_bs16_modL1_fusion64_fusionL1_drop0p1_trmiss80_trlocclin,16,5e-05,1,64,1,0.1,lr5e-05_bs16_modL1_fusion64_fusionL1_drop0p1_trmiss80_trlocclin,42,0.5062188332279524,0.7365425030390421,0.5323275862068966,0.6727039804368121,0.5333333333333333,0.0,0.0,0.0,0.0,2002,clin,0.8
1,4,lr5e-05_bs16_modL1_fusion64_fusionL1_drop0p1_trmiss80_trlocclin,16,5e-05,1,64,1,0.1,lr5e-05_bs16_modL1_fusion64_fusionL1_drop0p1_trmiss80_trlocclin,43,0.4919435332218806,0.733834981918335,0.5366379310344828,0.6757860914304743,0.5333333333333333,0.0,0.0,0.0,0.0,2002,clin,0.8
1,4,lr5e-05_bs16_modL1_fusion64_fusionL1_drop0p1_trmiss80_trlocclin,16,5e-05,1,64,1,0.1,lr5e-05_bs16_modL1_fusion64_fusionL1_drop0p1_trmiss80_trlocclin,44,0.4973274767398834,0.7273202538490295,0.5431034482758621,0.6831083234327927,0.5111111111111111,0.0,0.0,0.0,0.0,2002,clin,0.8
1,4,lr5e-05_bs16_modL1_fusion64_fusionL1_drop0p1_trmiss80_trlocclin,16,5e-05,1,64,1,0.1,lr5e-05_bs16_modL1_fusion64_fusionL1_drop0p1_trmiss80_trlocclin,45,0.5009574542442957,0.7199232776959738,0.5495689655172414,0.6905351465104785,0.4888888888888889,0.0,0.0,0.0,0.0,2002,clin,0.8
1,4,lr1e-04_bs16_modL1_fusion32_fusionL1_drop0p2_trmiss80_trlocclin,16,0.0001,1,32,1,0.2,lr1e-04_bs16_modL1_fusion32_fusionL1_drop0p2_trmiss80_trlocclin,1,0.7218052397171656,0.6919115980466207,0.45905172413793105,0.637762609522978,0.5111111111111111,0.0,0.0,0.0,0.0,2002,clin,0.8
1,4,lr1e-04_bs16_modL1_fusion32_fusionL1_drop0p2_trmiss80_trlocclin,16,0.0001,1,32,1,0.2,lr1e-04_bs16_modL1_fusion32_fusionL1_drop0p2_trmiss80_trlocclin,2,0.6511689970890681,0.6968002716700236,0.4353448275862069,0.5977850207604,0.5555555555555556,0.0,0.0,0.0,0.0,2002,clin,0.8
1,4,lr1e-04_bs16_modL1_fusion32_fusionL1_drop0p2_trmiss80_trlocclin,16,0.0001,1,32,1,0.2,lr1e-04_bs16_modL1_fusion32_fusionL1_drop0p2_trmiss80_trlocclin,3,0.6421381831169128,0.6923803289731344,0.4892241379310345,0.6320170819191445,0.5111111111111111,0.0,0.0,0.0,0.0,2002,clin,0.8
1,4,lr1e-04_bs16_modL1_fusion32_fusionL1_drop0p2_trmiss80_trlocclin,16,0.0001,1,32,1,0.2,lr1e-04_bs16_modL1_fusion32_fusionL1_drop0p2_trmiss80_trlocclin,4,0.5778234700361887,0.6820646127065023,0.5495689655172413,0.6888181335735639,0.5777777777777777,0.0,0.0,0.0,0.0,2002,clin,0.8
1,4,lr1e-04_bs16_modL1_fusion32_fusionL1_drop0p2_trmiss80_trlocclin,16,0.0001,1,32,1,0.2,lr1e-04_bs16_modL1_fusion32_fusionL1_drop0p2_trmiss80_trlocclin,5,0.5844026058912277,0.6774869163831075,0.5495689655172413,0.6929096317276313,0.6222222222222222,0.0,0.0,0.0,0.0,2002,clin,0.8
1,4,lr1e-04_bs16_modL1_fusion32_fusionL1_drop0p2_trmiss80_trlocclin,16,0.0001,1,32,1,0.2,lr1e-04_bs16_modL1_fusion32_fusionL1_drop0p2_trmiss80_trlocclin,6,0.5693228195110956,0.6737648248672485,0.5668103448275862,0.7237474714840859,0.6222222222222222,0.0,0.0,0.0,0.0,2002,clin,0.8
1,4,lr1e-04_bs16_modL1_fusion32_fusionL1_drop0p2_trmiss80_trlocclin,16,0.0001,1,32,1,0.2,lr1e-04_bs16_modL1_fusion32_fusionL1_drop0p2_trmiss80_trlocclin,7,0.5745566189289093,0.679846445719401,0.5560344827586207,0.6874904647361104,0.5777777777777777,0.0,0.0,0.0,0.0,2002,clin,0.8
1,4,lr1e-04_bs16_modL1_fusion32_fusionL1_drop0p2_trmiss80_trlocclin,16,0.0001,1,32,1,0.2,lr1e-04_bs16_modL1_fusion32_fusionL1_drop0p2_trmiss80_trlocclin,8,0.5362650354703268,0.6806618769963583,0.5560344827586208,0.685303314176124,0.5777777777777777,0.0,0.0,0.0,0.0,2002,clin,0.8
1,4,lr1e-04_bs16_modL1_fusion32_fusionL1_drop0p2_trmiss80_trlocclin,16,0.0001,1,32,1,0.2,lr1e-04_bs16_modL1_fusion32_fusionL1_drop0p2_trmiss80_trlocclin,9,0.5225449775656065,0.668346623579661,0.5905172413793103,0.6938856980206353,0.6222222222222222,0.0,0.0,0.0,0.0,2002,clin,0.8
1,4,lr1e-04_bs16_modL1_fusion32_fusionL1_drop0p2_trmiss80_trlocclin,16,0.0001,1,32,1,0.2,lr1e-04_bs16_modL1_fusion32_fusionL1_drop0p2_trmiss80_trlocclin,10,0.5277743563055992,0.6742249528566996,0.584051724137931,0.7003871883743851,0.6222222222222222,0.0,0.0,0.0,0.0,2002,clin,0.8
1,4,lr1e-04_bs16_modL1_fusion32_fusionL1_drop0p2_trmiss80_trlocclin,16,0.0001,1,32,1,0.2,lr1e-04_bs16_modL1_fusion32_fusionL1_drop0p2_trmiss80_trlocclin,11,0.5308115556836128,0.6778441270192465,0.5797413793103448,0.7116134495705371,0.5555555555555556,0.0,0.0,0.0,0.0,2002,clin,0.8
1,4,lr1e-04_bs16_modL1_fusion32_fusionL1_drop0p2_trmiss80_trlocclin,16,0.0001,1,32,1,0.2,lr1e-04_bs16_modL1_fusion32_fusionL1_drop0p2_trmiss80_trlocclin,12,0.476126750310262,0.6733327706654867,0.5625,0.696400501377797,0.5777777777777777,0.0,0.0,0.0,0.0,2002,clin,0.8
1,4,lr1e-04_bs16_modL1_fusion32_fusionL1_drop0p2_trmiss80_trlocclin,16,0.0001,1,32,1,0.2,lr1e-04_bs16_modL1_fusion32_fusionL1_drop0p2_trmiss80_trlocclin,13,0.476697713136673,0.6684457461039225,0.5431034482758621,0.6918000533460816,0.6,0.0,0.0,0.0,0.0,2002,clin,0.8
1,4,lr1e-04_bs16_modL1_fusion32_fusionL1_drop0p2_trmiss80_trlocclin,16,0.0001,1,32,1,0.2,lr1e-04_bs16_modL1_fusion32_fusionL1_drop0p2_trmiss80_trlocclin,14,0.4476751834154129,0.6767159501711527,0.5366379310344828,0.6872860585786414,0.5777777777777777,0.0,0.0,0.0,0.0,2002,clin,0.8
1,4,lr1e-04_bs16_modL1_fusion32_fusionL1_drop0p2_trmiss80_trlocclin,16,0.0001,1,32,1,0.2,lr1e-04_bs16_modL1_fusion32_fusionL1_drop0p2_trmiss80_trlocclin,15,0.47242990384499234,0.6764698624610901,0.5301724137931034,0.6775488817241481,0.6,0.0,0.0,0.0,0.0,2002,clin,0.8
1,4,lr1e-04_bs16_modL1_fusion32_fusionL1_drop0p2_trmiss80_trlocclin,16,0.0001,1,32,1,0.2,lr1e-04_bs16_modL1_fusion32_fusionL1_drop0p2_trmiss80_trlocclin,16,0.42971600343783695,0.6785698731740316,0.5323275862068966,0.667795686811403,0.5777777777777777,0.0,0.0,0.0,0.0,2002,clin,0.8
1,4,lr1e-04_bs16_modL1_fusion32_fusionL1_drop0p2_trmiss80_trlocclin,16,0.0001,1,32,1,0.2,lr1e-04_bs16_modL1_fusion32_fusionL1_drop0p2_trmiss80_trlocclin,17,0.4316312645872434,0.6775792241096497,0.540948275862069,0.6699577186269965,0.5333333333333333,0.0,0.0,0.0,0.0,2002,clin,0.8
1,4,lr1e-04_bs16_modL1_fusion32_fusionL1_drop0p2_trmiss80_trlocclin,16,0.0001,1,32,1,0.2,lr1e-04_bs16_modL1_fusion32_fusionL1_drop0p2_trmiss80_trlocclin,18,0.44535010556379956,0.6839050054550171,0.5517241379310345,0.6953414863548661,0.5777777777777777,0.0,0.0,0.0,0.0,2002,clin,0.8
1,4,lr1e-04_bs16_modL1_fusion32_fusionL1_drop0p2_trmiss80_trlocclin,16,0.0001,1,32,1,0.2,lr1e-04_bs16_modL1_fusion32_fusionL1_drop0p2_trmiss80_trlocclin,19,0.4326317111651103,0.6845943729082743,0.5387931034482758,0.6650102616800272,0.5777777777777777,0.0,0.0,0.0,0.0,2002,clin,0.8
1,4,lr1e-04_bs16_modL1_fusion32_fusionL1_drop0p2_trmiss80_trlocclin,16,0.0001,1,32,1,0.2,lr1e-04_bs16_modL1_fusion32_fusionL1_drop0p2_trmiss80_trlocclin,20,0.4350540265440941,0.6896007061004639,0.5387931034482758,0.675090135949047,0.5555555555555556,0.0,0.0,0.0,0.0,2002,clin,0.8
1,4,lr1e-04_bs16_modL1_fusion32_fusionL1_drop0p2_trmiss80_trlocclin,16,0.0001,1,32,1,0.2,lr1e-04_bs16_modL1_fusion32_fusionL1_drop0p2_trmiss80_trlocclin,21,0.4362284044424693,0.6962926387786865,0.5064655172413793,0.6399644360504227,0.5555555555555556,0.0,0.0,0.0,0.0,2002,clin,0.8
1,4,lr1e-04_bs16_modL1_fusion32_fusionL1_drop0p2_trmiss80_trlocclin,16,0.0001,1,32,1,0.2,lr1e-04_bs16_modL1_fusion32_fusionL1_drop0p2_trmiss80_trlocclin,22,0.4116993919014931,0.6938913464546204,0.521551724137931,0.6663115597673651,0.5555555555555556,0.0,0.0,0.0,0.0,2002,clin,0.8
1,4,lr1e-04_bs16_modL1_fusion32_fusionL1_drop0p2_trmiss80_trlocclin,16,0.0001,1,32,1,0.2,lr1e-04_bs16_modL1_fusion32_fusionL1_drop0p2_trmiss80_trlocclin,23,0.40490055332581204,0.6911251743634542,0.5172413793103448,0.6692917854146235,0.5555555555555556,0.0,0.0,0.0,0.0,2002,clin,0.8
1,4,lr1e-04_bs16_modL1_fusion32_fusionL1_drop0p2_trmiss80_trlocclin,16,0.0001,1,32,1,0.2,lr1e-04_bs16_modL1_fusion32_fusionL1_drop0p2_trmiss80_trlocclin,24,0.4100356077154477,0.6976238091786703,0.5237068965517241,0.6610193548549386,0.5555555555555556,0.0,0.0,0.0,0.0,2002,clin,0.8
1,4,lr1e-04_bs16_modL1_fusion32_fusionL1_drop0p2_trmiss80_trlocclin,16,0.0001,1,32,1,0.2,lr1e-04_bs16_modL1_fusion32_fusionL1_drop0p2_trmiss80_trlocclin,25,0.4087147464354833,0.6966668566068014,0.521551724137931,0.6649761354423933,0.5555555555555556,0.0,0.0,0.0,0.0,2002,clin,0.8
1,4,lr1e-04_bs16_modL1_fusion32_fusionL1_drop0p2_trmiss80_trlocclin,16,0.0001,1,32,1,0.2,lr1e-04_bs16_modL1_fusion32_fusionL1_drop0p2_trmiss80_trlocclin,26,0.3983631879091263,0.6925805409749349,0.5258620689655172,0.6712459922666744,0.5555555555555556,0.0,0.0,0.0,0.0,2002,clin,0.8
1,4,lr1e-04_bs16_modL1_fusion32_fusionL1_drop0p2_trmiss80_trlocclin,16,0.0001,1,32,1,0.2,lr1e-04_bs16_modL1_fusion32_fusionL1_drop0p2_trmiss80_trlocclin,27,0.3903331483403842,0.6968184113502502,0.5258620689655172,0.6710854139318361,0.5555555555555556,0.0,0.0,0.0,0.0,2002,clin,0.8
1,4,lr1e-04_bs16_modL1_fusion32_fusionL1_drop0p2_trmiss80_trlocclin,16,0.0001,1,32,1,0.2,lr1e-04_bs16_modL1_fusion32_fusionL1_drop0p2_trmiss80_trlocclin,28,0.4207707221309344,0.6934676567713419,0.5086206896551724,0.664267723331684,0.5777777777777777,0.0,0.0,0.0,0.0,2002,clin,0.8
1,4,lr1e-04_bs16_modL1_fusion32_fusionL1_drop0p2_trmiss80_trlocclin,16,0.0001,1,32,1,0.2,lr1e-04_bs16_modL1_fusion32_fusionL1_drop0p2_trmiss80_trlocclin,29,0.40018004179000854,0.6960723002751669,0.5086206896551724,0.6566816674511049,0.5555555555555556,0.0,0.0,0.0,0.0,2002,clin,0.8
1,4,lr1e-04_bs16_modL1_fusion32_fusionL1_drop0p1_trmiss80_trlocclin,16,0.0001,1,32,1,0.1,lr1e-04_bs16_modL1_fusion32_fusionL1_drop0p1_trmiss80_trlocclin,1,0.6930817166964213,0.6698306004206339,0.5603448275862069,0.7080388460629158,0.6888888888888889,0.0,0.0,0.0,0.0,2002,clin,0.8
1,4,lr1e-04_bs16_modL1_fusion32_fusionL1_drop0p1_trmiss80_trlocclin,16,0.0001,1,32,1,0.1,lr1e-04_bs16_modL1_fusion32_fusionL1_drop0p1_trmiss80_trlocclin,2,0.6224523186683655,0.6648918986320496,0.5581896551724139,0.7106430710615531,0.6888888888888889,0.0,0.0,0.0,0.0,2002,clin,0.8
1,4,lr1e-04_bs16_modL1_fusion32_fusionL1_drop0p1_trmiss80_trlocclin,16,0.0001,1,32,1,0.1,lr1e-04_bs16_modL1_fusion32_fusionL1_drop0p1_trmiss80_trlocclin,3,0.6175565272569656,0.6593333681424459,0.5969827586206896,0.7413405686825109,0.6222222222222222,0.0,0.0,0.0,0.0,2002,clin,0.8
1,4,lr1e-04_bs16_modL1_fusion32_fusionL1_drop0p1_trmiss80_trlocclin,16,0.0001,1,32,1,0.1,lr1e-04_bs16_modL1_fusion32_fusionL1_drop0p1_trmiss80_trlocclin,4,0.5847541491190592,0.650483230749766,0.5991379310344828,0.7494902920305982,0.6888888888888889,0.0,0.0,0.0,0.0,2002,clin,0.8
1,4,lr1e-04_bs16_modL1_fusion32_fusionL1_drop0p1_trmiss80_trlocclin,16,0.0001,1,32,1,0.1,lr1e-04_bs16_modL1_fusion32_fusionL1_drop0p1_trmiss80_trlocclin,5,0.5843143910169601,0.6489056944847107,0.603448275862069,0.7616335068966749,0.6888888888888889,0.0,0.0,0.0,0.0,2002,clin,0.8
1,4,lr1e-04_bs16_modL1_fusion32_fusionL1_drop0p1_trmiss80_trlocclin,16,0.0001,1,32,1,0.1,lr1e-04_bs16_modL1_fusion32_fusionL1_drop0p1_trmiss80_trlocclin,6,0.5666195452213287,0.6570750673611959,0.5581896551724138,0.7433491641019059,0.6888888888888889,0.0,0.0,0.0,0.0,2002,clin,0.8
1,4,lr1e-04_bs16_modL1_fusion32_fusionL1_drop0p1_trmiss80_trlocclin,16,0.0001,1,32,1,0.1,lr1e-04_bs16_modL1_fusion32_fusionL1_drop0p1_trmiss80_trlocclin,7,0.5300838847955068,0.6536656816800436,0.603448275862069,0.764120763009679,0.6444444444444445,0.0,0.0,0.0,0.0,2002,clin,0.8
1,4,lr1e-04_bs16_modL1_fusion32_fusionL1_drop0p1_trmiss80_trlocclin,16,0.0001,1,32,1,0.1,lr1e-04_bs16_modL1_fusion32_fusionL1_drop0p1_trmiss80_trlocclin,8,0.5196528434753418,0.6623521447181702,0.5603448275862069,0.7211911350791436,0.6222222222222222,0.0,0.0,0.0,0.0,2002,clin,0.8
1,4,lr1e-04_bs16_modL1_fusion32_fusionL1_drop0p1_trmiss80_trlocclin,16,0.0001,1,32,1,0.1,lr1e-04_bs16_modL1_fusion32_fusionL1_drop0p1_trmiss80_trlocclin,9,0.5070828571915627,0.6643685499827067,0.5474137931034483,0.7003460080042723,0.6222222222222222,0.0,0.0,0.0,0.0,2002,clin,0.8
1,4,lr1e-04_bs16_modL1_fusion32_fusionL1_drop0p1_trmiss80_trlocclin,16,0.0001,1,32,1,0.1,lr1e-04_bs16_modL1_fusion32_fusionL1_drop0p1_trmiss80_trlocclin,10,0.4787285005052884,0.6674686074256897,0.540948275862069,0.6926113647268364,0.6444444444444445,0.0,0.0,0.0,0.0,2002,clin,0.8
1,4,lr1e-04_bs16_modL1_fusion32_fusionL1_drop0p1_trmiss80_trlocclin,16,0.0001,1,32,1,0.1,lr1e-04_bs16_modL1_fusion32_fusionL1_drop0p1_trmiss80_trlocclin,11,0.4750770777463913,0.653624415397644,0.5581896551724137,0.740856196671333,0.6444444444444445,0.0,0.0,0.0,0.0,2002,clin,0.8
1,4,lr1e-04_bs16_modL1_fusion32_fusionL1_drop0p1_trmiss80_trlocclin,16,0.0001,1,32,1,0.1,lr1e-04_bs16_modL1_fusion32_fusionL1_drop0p1_trmiss80_trlocclin,12,0.46723510573307675,0.653723140557607,0.5689655172413792,0.7415339571342869,0.6444444444444445,0.0,0.0,0.0,0.0,2002,clin,0.8
1,4,lr1e-04_bs16_modL1_fusion32_fusionL1_drop0p1_trmiss80_trlocclin,16,0.0001,1,32,1,0.1,lr1e-04_bs16_modL1_fusion32_fusionL1_drop0p1_trmiss80_trlocclin,13,0.46449972689151764,0.654144287109375,0.5668103448275862,0.7330428432682686,0.6222222222222222,0.0,0.0,0.0,0.0,2002,clin,0.8
1,4,lr1e-04_bs16_modL1_fusion32_fusionL1_drop0p1_trmiss80_trlocclin,16,0.0001,1,32,1,0.1,lr1e-04_bs16_modL1_fusion32_fusionL1_drop0p1_trmiss80_trlocclin,14,0.4393199508388837,0.6618166963259379,0.5495689655172413,0.7258255802227792,0.6222222222222222,0.0,0.0,0.0,0.0,2002,clin,0.8
1,4,lr1e-04_bs16_modL1_fusion32_fusionL1_drop0p1_trmiss80_trlocclin,16,0.0001,1,32,1,0.1,lr1e-04_bs16_modL1_fusion32_fusionL1_drop0p1_trmiss80_trlocclin,15,0.43581710507472354,0.6556517680486044,0.5581896551724138,0.7449230704612182,0.6222222222222222,0.0,0.0,0.0,0.0,2002,clin,0.8
1,4,lr1e-04_bs16_modL1_fusion32_fusionL1_drop0p1_trmiss80_trlocclin,16,0.0001,1,32,1,0.1,lr1e-04_bs16_modL1_fusion32_fusionL1_drop0p1_trmiss80_trlocclin,16,0.4235886136690776,0.6525963942209879,0.5603448275862069,0.7253212383551407,0.6444444444444445,0.0,0.0,0.0,0.0,2002,clin,0.8
1,4,lr1e-04_bs16_modL1_fusion32_fusionL1_drop0p1_trmiss80_trlocclin,16,0.0001,1,32,1,0.1,lr1e-04_bs16_modL1_fusion32_fusionL1_drop0p1_trmiss80_trlocclin,17,0.42799263695875805,0.6486506263415018,0.5754310344827586,0.7483600259705003,0.6666666666666666,0.0,0.0,0.0,0.0,2002,clin,0.8
1,4,lr1e-04_bs16_modL1_fusion32_fusionL1_drop0p1_trmiss80_trlocclin,16,0.0001,1,32,1,0.1,lr1e-04_bs16_modL1_fusion32_fusionL1_drop0p1_trmiss80_trlocclin,18,0.4405505855878194,0.6588547031084696,0.5517241379310345,0.7026784024400582,0.6666666666666666,0.0,0.0,0.0,0.0,2002,clin,0.8
1,4,lr1e-04_bs16_modL1_fusion32_fusionL1_drop0p1_trmiss80_trlocclin,16,0.0001,1,32,1,0.1,lr1e-04_bs16_modL1_fusion32_fusionL1_drop0p1_trmiss80_trlocclin,19,0.41164349764585495,0.663906474908193,0.5581896551724137,0.70174674515254,0.6444444444444445,0.0,0.0,0.0,0.0,2002,clin,0.8
1,4,lr1e-04_bs16_modL1_fusion32_fusionL1_drop0p1_trmiss80_trlocclin,16,0.0001,1,32,1,0.1,lr1e-04_bs16_modL1_fusion32_fusionL1_drop0p1_trmiss80_trlocclin,20,0.40983862926562625,0.6590442856152853,0.5689655172413792,0.7181884940932463,0.6888888888888889,0.0,0.0,0.0,0.0,2002,clin,0.8
1,4,lr1e-04_bs16_modL1_fusion32_fusionL1_drop0p1_trmiss80_trlocclin,16,0.0001,1,32,1,0.1,lr1e-04_bs16_modL1_fusion32_fusionL1_drop0p1_trmiss80_trlocclin,21,0.3876444051663081,0.661756694316864,0.5603448275862069,0.7200668870785996,0.6666666666666666,0.0,0.0,0.0,0.0,2002,clin,0.8
1,4,lr1e-04_bs16_modL1_fusion32_fusionL1_drop0p1_trmiss80_trlocclin,16,0.0001,1,32,1,0.1,lr1e-04_bs16_modL1_fusion32_fusionL1_drop0p1_trmiss80_trlocclin,22,0.3851044028997421,0.6662248969078064,0.5689655172413792,0.7240761043749813,0.6666666666666666,0.0,0.0,0.0,0.0,2002,clin,0.8
1,4,lr1e-04_bs16_modL1_fusion32_fusionL1_drop0p1_trmiss80_trlocclin,16,0.0001,1,32,1,0.1,lr1e-04_bs16_modL1_fusion32_fusionL1_drop0p1_trmiss80_trlocclin,23,0.3998202954729398,0.656106968720754,0.5775862068965517,0.7450655558281618,0.6666666666666666,0.0,0.0,0.0,0.0,2002,clin,0.8
1,4,lr1e-04_bs16_modL1_fusion32_fusionL1_drop0p1_trmiss80_trlocclin,16,0.0001,1,32,1,0.1,lr1e-04_bs16_modL1_fusion32_fusionL1_drop0p1_trmiss80_trlocclin,24,0.38179392615954083,0.6610393524169922,0.5732758620689654,0.7399161842801301,0.6666666666666666,0.0,0.0,0.0,0.0,2002,clin,0.8
1,4,lr1e-04_bs16_modL1_fusion32_fusionL1_drop0p1_trmiss80_trlocclin,16,0.0001,1,32,1,0.1,lr1e-04_bs16_modL1_fusion32_fusionL1_drop0p1_trmiss80_trlocclin,25,0.3840932920575142,0.6632806658744812,0.5560344827586208,0.7137132527140025,0.6666666666666666,0.0,0.0,0.0,0.0,2002,clin,0.8
1,4,lr1e-04_bs16_modL1_fusion64_fusionL1_drop0p2_trmiss80_trlocclin,16,0.0001,1,64,1,0.2,lr1e-04_bs16_modL1_fusion64_fusionL1_drop0p2_trmiss80_trlocclin,1,0.7139978210131327,0.7313261230786642,0.39224137931034486,0.6084323150375637,0.3333333333333333,0.0,0.0,0.0,0.0,2002,clin,0.8
1,4,lr1e-04_bs16_modL1_fusion64_fusionL1_drop0p2_trmiss80_trlocclin,16,0.0001,1,64,1,0.2,lr1e-04_bs16_modL1_fusion64_fusionL1_drop0p2_trmiss80_trlocclin,2,0.6706937501827875,0.7305827538172404,0.4030172413793104,0.6114466989179999,0.3111111111111111,0.0,0.0,0.0,0.0,2002,clin,0.8
1,4,lr1e-04_bs16_modL1_fusion64_fusionL1_drop0p2_trmiss80_trlocclin,16,0.0001,1,64,1,0.2,lr1e-04_bs16_modL1_fusion64_fusionL1_drop0p2_trmiss80_trlocclin,3,0.6274441033601761,0.7225879430770874,0.4525862068965517,0.6088774014174965,0.4444444444444444,0.0,0.0,0.0,0.0,2002,clin,0.8
1,4,lr1e-04_bs16_modL1_fusion64_fusionL1_drop0p2_trmiss80_trlocclin,16,0.0001,1,64,1,0.2,lr1e-04_bs16_modL1_fusion64_fusionL1_drop0p2_trmiss80_trlocclin,4,0.6480665057897568,0.7110234300295512,0.5021551724137931,0.6354024193499179,0.5555555555555556,0.0,0.0,0.0,0.0,2002,clin,0.8
1,4,lr1e-04_bs16_modL1_fusion64_fusionL1_drop0p2_trmiss80_trlocclin,16,0.0001,1,64,1,0.2,lr1e-04_bs16_modL1_fusion64_fusionL1_drop0p2_trmiss80_trlocclin,5,0.5917302171389262,0.6989267468452454,0.5387931034482759,0.6686065793172201,0.4888888888888889,0.0,0.0,0.0,0.0,2002,clin,0.8
1,4,lr1e-04_bs16_modL1_fusion64_fusionL1_drop0p2_trmiss80_trlocclin,16,0.0001,1,64,1,0.2,lr1e-04_bs16_modL1_fusion64_fusionL1_drop0p2_trmiss80_trlocclin,6,0.5815744896729788,0.6864068508148193,0.5603448275862069,0.7091003513928742,0.5555555555555556,0.0,0.0,0.0,0.0,2002,clin,0.8
1,4,lr1e-04_bs16_modL1_fusion64_fusionL1_drop0p2_trmiss80_trlocclin,16,0.0001,1,64,1,0.2,lr1e-04_bs16_modL1_fusion64_fusionL1_drop0p2_trmiss80_trlocclin,7,0.5626406321922938,0.6775585611661276,0.5775862068965517,0.7407098914197632,0.6,0.0,0.0,0.0,0.0,2002,clin,0.8
1,4,lr1e-04_bs16_modL1_fusion64_fusionL1_drop0p2_trmiss80_trlocclin,16,0.0001,1,64,1,0.2,lr1e-04_bs16_modL1_fusion64_fusionL1_drop0p2_trmiss80_trlocclin,8,0.5359184518456459,0.6765675147374471,0.5862068965517242,0.7377739328550016,0.5777777777777777,0.0,0.0,0.0,0.0,2002,clin,0.8
1,4,lr1e-04_bs16_modL1_fusion64_fusionL1_drop0p2_trmiss80_trlocclin,16,0.0001,1,64,1,0.2,lr1e-04_bs16_modL1_fusion64_fusionL1_drop0p2_trmiss80_trlocclin,9,0.5294710795084635,0.6762316823005676,0.5969827586206897,0.7151661396006144,0.6,0.0,0.0,0.0,0.0,2002,clin,0.8
1,4,lr1e-04_bs16_modL1_fusion64_fusionL1_drop0p2_trmiss80_trlocclin,16,0.0001,1,64,1,0.2,lr1e-04_bs16_modL1_fusion64_fusionL1_drop0p2_trmiss80_trlocclin,10,0.5159432316819826,0.6750995715459188,0.5905172413793104,0.7018640494229387,0.6222222222222222,0.0,0.0,0.0,0.0,2002,clin,0.8
1,4,lr1e-04_bs16_modL1_fusion64_fusionL1_drop0p2_trmiss80_trlocclin,16,0.0001,1,64,1,0.2,lr1e-04_bs16_modL1_fusion64_fusionL1_drop0p2_trmiss80_trlocclin,11,0.4789878924687703,0.6760845383008321,0.5818965517241379,0.7003960320510552,0.5777777777777777,0.0,0.0,0.0,0.0,2002,clin,0.8
1,4,lr1e-04_bs16_modL1_fusion64_fusionL1_drop0p2_trmiss80_trlocclin,16,0.0001,1,64,1,0.2,lr1e-04_bs16_modL1_fusion64_fusionL1_drop0p2_trmiss80_trlocclin,12,0.49629661440849304,0.6868782639503479,0.5668103448275863,0.7053041226130812,0.5555555555555556,0.0,0.0,0.0,0.0,2002,clin,0.8
1,4,lr1e-04_bs16_modL1_fusion64_fusionL1_drop0p2_trmiss80_trlocclin,16,0.0001,1,64,1,0.2,lr1e-04_bs16_modL1_fusion64_fusionL1_drop0p2_trmiss80_trlocclin,13,0.46994831164677936,0.6807171702384949,0.5818965517241379,0.713262592588759,0.5555555555555556,0.0,0.0,0.0,0.0,2002,clin,0.8
1,4,lr1e-04_bs16_modL1_fusion64_fusionL1_drop0p2_trmiss80_trlocclin,16,0.0001,1,64,1,0.2,lr1e-04_bs16_modL1_fusion64_fusionL1_drop0p2_trmiss80_trlocclin,14,0.4398995166023572,0.6804708242416382,0.5517241379310345,0.6728011146966522,0.5777777777777777,0.0,0.0,0.0,0.0,2002,clin,0.8
1,4,lr1e-04_bs16_modL1_fusion64_fusionL1_drop0p2_trmiss80_trlocclin,16,0.0001,1,64,1,0.2,lr1e-04_bs16_modL1_fusion64_fusionL1_drop0p2_trmiss80_trlocclin,15,0.469438632329305,0.6632785201072693,0.5732758620689655,0.681810634585077,0.6,0.0,0.0,0.0,0.0,2002,clin,0.8
1,4,lr1e-04_bs16_modL1_fusion64_fusionL1_drop0p2_trmiss80_trlocclin,16,0.0001,1,64,1,0.2,lr1e-04_bs16_modL1_fusion64_fusionL1_drop0p2_trmiss80_trlocclin,16,0.43126598248879117,0.6693127155303955,0.5775862068965517,0.6973333009017031,0.5777777777777777,0.0,0.0,0.0,0.0,2002,clin,0.8
1,4,lr1e-04_bs16_modL1_fusion64_fusionL1_drop0p2_trmiss80_trlocclin,16,0.0001,1,64,1,0.2,lr1e-04_bs16_modL1_fusion64_fusionL1_drop0p2_trmiss80_trlocclin,17,0.4115016460418701,0.6876339117685953,0.5689655172413792,0.7063860341141832,0.5555555555555556,0.0,0.0,0.0,0.0,2002,clin,0.8
1,4,lr1e-04_bs16_modL1_fusion64_fusionL1_drop0p2_trmiss80_trlocclin,16,0.0001,1,64,1,0.2,lr1e-04_bs16_modL1_fusion64_fusionL1_drop0p2_trmiss80_trlocclin,18,0.41973299781481427,0.6871827443440756,0.5474137931034483,0.6858194606724375,0.5777777777777777,0.0,0.0,0.0,0.0,2002,clin,0.8
1,4,lr1e-04_bs16_modL1_fusion64_fusionL1_drop0p2_trmiss80_trlocclin,16,0.0001,1,64,1,0.2,lr1e-04_bs16_modL1_fusion64_fusionL1_drop0p2_trmiss80_trlocclin,19,0.397795873383681,0.6898834109306335,0.5431034482758621,0.6977764752493182,0.6222222222222222,0.0,0.0,0.0,0.0,2002,clin,0.8
1,4,lr1e-04_bs16_modL1_fusion64_fusionL1_drop0p2_trmiss80_trlocclin,16,0.0001,1,64,1,0.2,lr1e-04_bs16_modL1_fusion64_fusionL1_drop0p2_trmiss80_trlocclin,20,0.40793587267398834,0.692229171593984,0.5495689655172414,0.7036959046264893,0.5777777777777777,0.0,0.0,0.0,0.0,2002,clin,0.8
1,4,lr1e-04_bs16_modL1_fusion64_fusionL1_drop0p2_trmiss80_trlocclin,16,0.0001,1,64,1,0.2,lr1e-04_bs16_modL1_fusion64_fusionL1_drop0p2_trmiss80_trlocclin,21,0.3762279227375984,0.6900427341461182,0.5625,0.7024562596148768,0.6,0.0,0.0,0.0,0.0,2002,clin,0.8
1,4,lr1e-04_bs16_modL1_fusion64_fusionL1_drop0p2_trmiss80_trlocclin,16,0.0001,1,64,1,0.2,lr1e-04_bs16_modL1_fusion64_fusionL1_drop0p2_trmiss80_trlocclin,22,0.3545297086238861,0.6925931175549825,0.540948275862069,0.6910920634459614,0.6,0.0,0.0,0.0,0.0,2002,clin,0.8
1,4,lr1e-04_bs16_modL1_fusion64_fusionL1_drop0p2_trmiss80_trlocclin,16,0.0001,1,64,1,0.2,lr1e-04_bs16_modL1_fusion64_fusionL1_drop0p2_trmiss80_trlocclin,23,0.3731556907296181,0.6983001629511515,0.5452586206896551,0.6903933626053395,0.6,0.0,0.0,0.0,0.0,2002,clin,0.8
1,4,lr1e-04_bs16_modL1_fusion64_fusionL1_drop0p2_trmiss80_trlocclin,16,0.0001,1,64,1,0.2,lr1e-04_bs16_modL1_fusion64_fusionL1_drop0p2_trmiss80_trlocclin,24,0.3755738014976184,0.6856142083803812,0.5495689655172413,0.6838132400977766,0.6222222222222222,0.0,0.0,0.0,0.0,2002,clin,0.8
1,4,lr1e-04_bs16_modL1_fusion64_fusionL1_drop0p2_trmiss80_trlocclin,16,0.0001,1,64,1,0.2,lr1e-04_bs16_modL1_fusion64_fusionL1_drop0p2_trmiss80_trlocclin,25,0.3483644301692645,0.6893904407819113,0.521551724137931,0.6719740139658941,0.6222222222222222,0.0,0.0,0.0,0.0,2002,clin,0.8
1,4,lr1e-04_bs16_modL1_fusion64_fusionL1_drop0p2_trmiss80_trlocclin,16,0.0001,1,64,1,0.2,lr1e-04_bs16_modL1_fusion64_fusionL1_drop0p2_trmiss80_trlocclin,26,0.34896862010161084,0.6875639955202738,0.5366379310344828,0.6770457196576033,0.6222222222222222,0.0,0.0,0.0,0.0,2002,clin,0.8
1,4,lr1e-04_bs16_modL1_fusion64_fusionL1_drop0p2_trmiss80_trlocclin,16,0.0001,1,64,1,0.2,lr1e-04_bs16_modL1_fusion64_fusionL1_drop0p2_trmiss80_trlocclin,27,0.34337976823250455,0.6849904457728068,0.5495689655172413,0.6843476531973374,0.6222222222222222,0.0,0.0,0.0,0.0,2002,clin,0.8
1,4,lr1e-04_bs16_modL1_fusion64_fusionL1_drop0p2_trmiss80_trlocclin,16,0.0001,1,64,1,0.2,lr1e-04_bs16_modL1_fusion64_fusionL1_drop0p2_trmiss80_trlocclin,28,0.337541160484155,0.6847637494405111,0.5560344827586207,0.6902597629947852,0.6,0.0,0.0,0.0,0.0,2002,clin,0.8
1,4,lr1e-04_bs16_modL1_fusion64_fusionL1_drop0p2_trmiss80_trlocclin,16,0.0001,1,64,1,0.2,lr1e-04_bs16_modL1_fusion64_fusionL1_drop0p2_trmiss80_trlocclin,29,0.33923643082380295,0.7002439101537069,0.5387931034482758,0.6719563818130455,0.6222222222222222,0.0,0.0,0.0,0.0,2002,clin,0.8
1,4,lr1e-04_bs16_modL1_fusion64_fusionL1_drop0p1_trmiss80_trlocclin,16,0.0001,1,64,1,0.1,lr1e-04_bs16_modL1_fusion64_fusionL1_drop0p1_trmiss80_trlocclin,1,0.7014296501874924,0.6828539967536926,0.5991379310344827,0.7410555960890227,0.6,0.0,0.0,0.0,0.0,2002,clin,0.8
1,4,lr1e-04_bs16_modL1_fusion64_fusionL1_drop0p1_trmiss80_trlocclin,16,0.0001,1,64,1,0.1,lr1e-04_bs16_modL1_fusion64_fusionL1_drop0p1_trmiss80_trlocclin,2,0.6253801882266998,0.6860938866933187,0.5862068965517242,0.7142620470019461,0.5777777777777777,0.0,0.0,0.0,0.0,2002,clin,0.8
1,4,lr1e-04_bs16_modL1_fusion64_fusionL1_drop0p1_trmiss80_trlocclin,16,0.0001,1,64,1,0.1,lr1e-04_bs16_modL1_fusion64_fusionL1_drop0p1_trmiss80_trlocclin,3,0.6052428285280863,0.6927460432052612,0.584051724137931,0.7129647218620443,0.5555555555555556,0.0,0.0,0.0,0.0,2002,clin,0.8
1,4,lr1e-04_bs16_modL1_fusion64_fusionL1_drop0p1_trmiss80_trlocclin,16,0.0001,1,64,1,0.1,lr1e-04_bs16_modL1_fusion64_fusionL1_drop0p1_trmiss80_trlocclin,4,0.5799938837687174,0.6853596965471903,0.6142241379310345,0.7440502062571341,0.6,0.0,0.0,0.0,0.0,2002,clin,0.8
1,4,lr1e-04_bs16_modL1_fusion64_fusionL1_drop0p1_trmiss80_trlocclin,16,0.0001,1,64,1,0.1,lr1e-04_bs16_modL1_fusion64_fusionL1_drop0p1_trmiss80_trlocclin,5,0.578187828262647,0.6753937204678854,0.6314655172413792,0.746805237679975,0.6444444444444445,0.0,0.0,0.0,0.0,2002,clin,0.8
1,4,lr1e-04_bs16_modL1_fusion64_fusionL1_drop0p1_trmiss80_trlocclin,16,0.0001,1,64,1,0.1,lr1e-04_bs16_modL1_fusion64_fusionL1_drop0p1_trmiss80_trlocclin,6,0.5420677016178767,0.6752079923947653,0.6206896551724138,0.7298901591331712,0.6222222222222222,0.0,0.0,0.0,0.0,2002,clin,0.8
1,4,lr1e-04_bs16_modL1_fusion64_fusionL1_drop0p1_trmiss80_trlocclin,16,0.0001,1,64,1,0.1,lr1e-04_bs16_modL1_fusion64_fusionL1_drop0p1_trmiss80_trlocclin,7,0.5284899771213531,0.6762984196345011,0.6185344827586207,0.7407499787001997,0.6,0.0,0.0,0.0,0.0,2002,clin,0.8
1,4,lr1e-04_bs16_modL1_fusion64_fusionL1_drop0p1_trmiss80_trlocclin,16,0.0001,1,64,1,0.1,lr1e-04_bs16_modL1_fusion64_fusionL1_drop0p1_trmiss80_trlocclin,8,0.48585355778535205,0.6712103684743246,0.6228448275862069,0.7348946623740684,0.5777777777777777,0.0,0.0,0.0,0.0,2002,clin,0.8
1,4,lr1e-04_bs16_modL1_fusion64_fusionL1_drop0p1_trmiss80_trlocclin,16,0.0001,1,64,1,0.1,lr1e-04_bs16_modL1_fusion64_fusionL1_drop0p1_trmiss80_trlocclin,9,0.4864177281657855,0.6706401507059733,0.6142241379310345,0.7385728875218616,0.5555555555555556,0.0,0.0,0.0,0.0,2002,clin,0.8
1,4,lr1e-04_bs16_modL1_fusion64_fusionL1_drop0p1_trmiss80_trlocclin,16,0.0001,1,64,1,0.1,lr1e-04_bs16_modL1_fusion64_fusionL1_drop0p1_trmiss80_trlocclin,10,0.4763335237900416,0.6514555811882019,0.6379310344827586,0.7597439933260257,0.6444444444444445,0.0,0.0,0.0,0.0,2002,clin,0.8
1,4,lr1e-04_bs16_modL1_fusion64_fusionL1_drop0p1_trmiss80_trlocclin,16,0.0001,1,64,1,0.1,lr1e-04_bs16_modL1_fusion64_fusionL1_drop0p1_trmiss80_trlocclin,11,0.4601232906182607,0.6505078673362732,0.6422413793103449,0.7831266937842719,0.6444444444444445,0.0,0.0,0.0,0.0,2002,clin,0.8
1,4,lr1e-04_bs16_modL1_fusion64_fusionL1_drop0p1_trmiss80_trlocclin,16,0.0001,1,64,1,0.1,lr1e-04_bs16_modL1_fusion64_fusionL1_drop0p1_trmiss80_trlocclin,12,0.4509820764263471,0.6634972294171652,0.6142241379310345,0.7523199742936161,0.5555555555555556,0.0,0.0,0.0,0.0,2002,clin,0.8
1,4,lr1e-04_bs16_modL1_fusion64_fusionL1_drop0p1_trmiss80_trlocclin,16,0.0001,1,64,1,0.1,lr1e-04_bs16_modL1_fusion64_fusionL1_drop0p1_trmiss80_trlocclin,13,0.41234582165877026,0.6630433003107706,0.6314655172413793,0.7809142146490231,0.5555555555555556,0.0,0.0,0.0,0.0,2002,clin,0.8
1,4,lr1e-04_bs16_modL1_fusion64_fusionL1_drop0p1_trmiss80_trlocclin,16,0.0001,1,64,1,0.1,lr1e-04_bs16_modL1_fusion64_fusionL1_drop0p1_trmiss80_trlocclin,14,0.4177100832263629,0.653211255868276,0.6142241379310345,0.7595341993510674,0.6,0.0,0.0,0.0,0.0,2002,clin,0.8
1,4,lr1e-04_bs16_modL1_fusion64_fusionL1_drop0p1_trmiss80_trlocclin,16,0.0001,1,64,1,0.1,lr1e-04_bs16_modL1_fusion64_fusionL1_drop0p1_trmiss80_trlocclin,15,0.4108085160454114,0.6491593917210897,0.6357758620689655,0.7876003627072201,0.5555555555555556,0.0,0.0,0.0,0.0,2002,clin,0.8
1,4,lr1e-04_bs16_modL1_fusion64_fusionL1_drop0p1_trmiss80_trlocclin,16,0.0001,1,64,1,0.1,lr1e-04_bs16_modL1_fusion64_fusionL1_drop0p1_trmiss80_trlocclin,16,0.38485918939113617,0.6597797473271688,0.6120689655172413,0.7655778149253576,0.5555555555555556,0.0,0.0,0.0,0.0,2002,clin,0.8
1,4,lr1e-04_bs16_modL1_fusion64_fusionL1_drop0p1_trmiss80_trlocclin,16,0.0001,1,64,1,0.1,lr1e-04_bs16_modL1_fusion64_fusionL1_drop0p1_trmiss80_trlocclin,17,0.3576040913661321,0.6442962686220804,0.6142241379310345,0.7673845301729809,0.6444444444444445,0.0,0.0,0.0,0.0,2002,clin,0.8
1,4,lr1e-04_bs16_modL1_fusion64_fusionL1_drop0p1_trmiss80_trlocclin,16,0.0001,1,64,1,0.1,lr1e-04_bs16_modL1_fusion64_fusionL1_drop0p1_trmiss80_trlocclin,18,0.37658671538035077,0.6405054728190104,0.6163793103448275,0.791634627172519,0.6444444444444445,0.0,0.0,0.0,0.0,2002,clin,0.8
1,4,lr1e-04_bs16_modL1_fusion64_fusionL1_drop0p1_trmiss80_trlocclin,16,0.0001,1,64,1,0.1,lr1e-04_bs16_modL1_fusion64_fusionL1_drop0p1_trmiss80_trlocclin,19,0.3451686625679334,0.6441165407498678,0.5991379310344828,0.7623456545928864,0.6444444444444445,0.0,0.0,0.0,0.0,2002,clin,0.8
1,4,lr1e-04_bs16_modL1_fusion64_fusionL1_drop0p1_trmiss80_trlocclin,16,0.0001,1,64,1,0.1,lr1e-04_bs16_modL1_fusion64_fusionL1_drop0p1_trmiss80_trlocclin,20,0.3864681323369344,0.6410374045372009,0.5948275862068965,0.7621796648848429,0.6888888888888889,0.0,0.0,0.0,0.0,2002,clin,0.8
1,4,lr1e-04_bs16_modL1_fusion64_fusionL1_drop0p1_trmiss80_trlocclin,16,0.0001,1,64,1,0.1,lr1e-04_bs16_modL1_fusion64_fusionL1_drop0p1_trmiss80_trlocclin,21,0.35066018998622894,0.6471001108487447,0.5775862068965517,0.7519048644555,0.6888888888888889,0.0,0.0,0.0,0.0,2002,clin,0.8
1,4,lr1e-04_bs16_modL1_fusion64_fusionL1_drop0p1_trmiss80_trlocclin,16,0.0001,1,64,1,0.1,lr1e-04_bs16_modL1_fusion64_fusionL1_drop0p1_trmiss80_trlocclin,22,0.3188890516757965,0.6538137396176656,0.5775862068965517,0.7598661339298491,0.6666666666666666,0.0,0.0,0.0,0.0,2002,clin,0.8
1,4,lr1e-04_bs16_modL1_fusion64_fusionL1_drop0p1_trmiss80_trlocclin,16,0.0001,1,64,1,0.1,lr1e-04_bs16_modL1_fusion64_fusionL1_drop0p1_trmiss80_trlocclin,23,0.3081112901369731,0.6554264426231384,0.5797413793103449,0.7607190812481572,0.6666666666666666,0.0,0.0,0.0,0.0,2002,clin,0.8
1,4,lr1e-04_bs16_modL1_fusion64_fusionL1_drop0p1_trmiss80_trlocclin,16,0.0001,1,64,1,0.1,lr1e-04_bs16_modL1_fusion64_fusionL1_drop0p1_trmiss80_trlocclin,24,0.32313991089661914,0.6654796799023946,0.5732758620689654,0.7551460054792689,0.6444444444444445,0.0,0.0,0.0,0.0,2002,clin,0.8
1,4,lr1e-04_bs16_modL1_fusion64_fusionL1_drop0p1_trmiss80_trlocclin,16,0.0001,1,64,1,0.1,lr1e-04_bs16_modL1_fusion64_fusionL1_drop0p1_trmiss80_trlocclin,25,0.28816737482945126,0.6763675212860107,0.5452586206896551,0.7263911030583048,0.6222222222222222,0.0,0.0,0.0,0.0,2002,clin,0.8
1,4,lr1e-04_bs16_modL1_fusion64_fusionL1_drop0p1_trmiss80_trlocclin,16,0.0001,1,64,1,0.1,lr1e-04_bs16_modL1_fusion64_fusionL1_drop0p1_trmiss80_trlocclin,26,0.27609336500366527,0.6722078323364258,0.5560344827586207,0.7386305902297339,0.6444444444444445,0.0,0.0,0.0,0.0,2002,clin,0.8
1,4,lr1e-04_bs16_modL1_fusion64_fusionL1_drop0p1_trmiss80_trlocclin,16,0.0001,1,64,1,0.1,lr1e-04_bs16_modL1_fusion64_fusionL1_drop0p1_trmiss80_trlocclin,27,0.2743227643271287,0.6767993569374084,0.5581896551724137,0.7435492449929517,0.6,0.0,0.0,0.0,0.0,2002,clin,0.8
1,4,lr1e-04_bs16_modL1_fusion64_fusionL1_drop0p1_trmiss80_trlocclin,16,0.0001,1,64,1,0.1,lr1e-04_bs16_modL1_fusion64_fusionL1_drop0p1_trmiss80_trlocclin,28,0.2852165127793948,0.6657507220904032,0.5517241379310344,0.7375193478072393,0.6444444444444445,0.0,0.0,0.0,0.0,2002,clin,0.8
1,4,lr1e-04_bs16_modL1_fusion64_fusionL1_drop0p1_trmiss80_trlocclin,16,0.0001,1,64,1,0.1,lr1e-04_bs16_modL1_fusion64_fusionL1_drop0p1_trmiss80_trlocclin,29,0.27909522503614426,0.6654290755589803,0.5538793103448275,0.7328746420081107,0.6666666666666666,0.0,0.0,0.0,0.0,2002,clin,0.8
1,4,lr1e-04_bs16_modL1_fusion64_fusionL1_drop0p1_trmiss80_trlocclin,16,0.0001,1,64,1,0.1,lr1e-04_bs16_modL1_fusion64_fusionL1_drop0p1_trmiss80_trlocclin,30,0.288620059688886,0.6682809988657633,0.5840517241379309,0.7605775738622109,0.6222222222222222,0.0,0.0,0.0,0.0,2002,clin,0.8
1,4,lr1e-04_bs16_modL1_fusion64_fusionL1_drop0p1_trmiss80_trlocclin,16,0.0001,1,64,1,0.1,lr1e-04_bs16_modL1_fusion64_fusionL1_drop0p1_trmiss80_trlocclin,31,0.24714837844173113,0.6697884400685629,0.5775862068965517,0.7556667557027539,0.6222222222222222,0.0,0.0,0.0,0.0,2002,clin,0.8
1,4,lr5e-05_bs32_modL1_fusion32_fusionL1_drop0p2_trmiss80_trlocclin,32,5e-05,1,32,1,0.2,lr5e-05_bs32_modL1_fusion32_fusionL1_drop0p2_trmiss80_trlocclin,1,0.7065204878648123,0.6878803968429565,0.46120689655172414,0.640499082410924,0.6444444444444445,0.0,0.0,0.0,0.0,2002,clin,0.8
1,4,lr5e-05_bs32_modL1_fusion32_fusionL1_drop0p2_trmiss80_trlocclin,32,5e-05,1,32,1,0.2,lr5e-05_bs32_modL1_fusion32_fusionL1_drop0p2_trmiss80_trlocclin,2,0.6872327824433645,0.6931191384792328,0.47413793103448276,0.6422053609208191,0.6444444444444445,0.0,0.0,0.0,0.0,2002,clin,0.8
1,4,lr5e-05_bs32_modL1_fusion32_fusionL1_drop0p2_trmiss80_trlocclin,32,5e-05,1,32,1,0.2,lr5e-05_bs32_modL1_fusion32_fusionL1_drop0p2_trmiss80_trlocclin,3,0.6646702686945597,0.6985484957695007,0.48060344827586204,0.6429976601820568,0.6,0.0,0.0,0.0,0.0,2002,clin,0.8
1,4,lr5e-05_bs32_modL1_fusion32_fusionL1_drop0p2_trmiss80_trlocclin,32,5e-05,1,32,1,0.2,lr5e-05_bs32_modL1_fusion32_fusionL1_drop0p2_trmiss80_trlocclin,4,0.6316803991794586,0.7010265290737152,0.47198275862068967,0.6505619539549559,0.6222222222222222,0.0,0.0,0.0,0.0,2002,clin,0.8
1,4,lr5e-05_bs32_modL1_fusion32_fusionL1_drop0p2_trmiss80_trlocclin,32,5e-05,1,32,1,0.2,lr5e-05_bs32_modL1_fusion32_fusionL1_drop0p2_trmiss80_trlocclin,5,0.6395131349563599,0.7036934494972229,0.4676724137931034,0.6460191024733972,0.5777777777777777,0.0,0.0,0.0,0.0,2002,clin,0.8
1,4,lr5e-05_bs32_modL1_fusion32_fusionL1_drop0p2_trmiss80_trlocclin,32,5e-05,1,32,1,0.2,lr5e-05_bs32_modL1_fusion32_fusionL1_drop0p2_trmiss80_trlocclin,6,0.6132791539033254,0.7075982391834259,0.4504310344827586,0.6295370893103498,0.5777777777777777,0.0,0.0,0.0,0.0,2002,clin,0.8
1,4,lr5e-05_bs32_modL1_fusion32_fusionL1_drop0p2_trmiss80_trlocclin,32,5e-05,1,32,1,0.2,lr5e-05_bs32_modL1_fusion32_fusionL1_drop0p2_trmiss80_trlocclin,7,0.5942132671674093,0.7121447622776031,0.44612068965517243,0.6266089737881397,0.5777777777777777,0.0,0.0,0.0,0.0,2002,clin,0.8
1,4,lr5e-05_bs32_modL1_fusion32_fusionL1_drop0p2_trmiss80_trlocclin,32,5e-05,1,32,1,0.2,lr5e-05_bs32_modL1_fusion32_fusionL1_drop0p2_trmiss80_trlocclin,8,0.6119864185651144,0.7161498367786407,0.43750000000000006,0.6115963527964308,0.5777777777777777,0.0,0.0,0.0,0.0,2002,clin,0.8
1,4,lr5e-05_bs32_modL1_fusion32_fusionL1_drop0p2_trmiss80_trlocclin,32,5e-05,1,32,1,0.2,lr5e-05_bs32_modL1_fusion32_fusionL1_drop0p2_trmiss80_trlocclin,9,0.5979219973087311,0.7162580192089081,0.4375,0.6074486041765563,0.5555555555555556,0.0,0.0,0.0,0.0,2002,clin,0.8
1,4,lr5e-05_bs32_modL1_fusion32_fusionL1_drop0p2_trmiss80_trlocclin,32,5e-05,1,32,1,0.2,lr5e-05_bs32_modL1_fusion32_fusionL1_drop0p2_trmiss80_trlocclin,10,0.5999696552753448,0.7194694578647614,0.4353448275862069,0.6062814042217242,0.5555555555555556,0.0,0.0,0.0,0.0,2002,clin,0.8
1,4,lr5e-05_bs32_modL1_fusion32_fusionL1_drop0p2_trmiss80_trlocclin,32,5e-05,1,32,1,0.2,lr5e-05_bs32_modL1_fusion32_fusionL1_drop0p2_trmiss80_trlocclin,11,0.5780130525430044,0.7250093221664429,0.4288793103448276,0.598952131034281,0.5555555555555556,0.0,0.0,0.0,0.0,2002,clin,0.8
1,4,lr5e-05_bs32_modL1_fusion32_fusionL1_drop0p2_trmiss80_trlocclin,32,5e-05,1,32,1,0.2,lr5e-05_bs32_modL1_fusion32_fusionL1_drop0p2_trmiss80_trlocclin,12,0.5905105968316396,0.7266687750816345,0.4331896551724138,0.5940626211374103,0.5555555555555556,0.0,0.0,0.0,0.0,2002,clin,0.8
1,4,lr5e-05_bs32_modL1_fusion32_fusionL1_drop0p2_trmiss80_trlocclin,32,5e-05,1,32,1,0.2,lr5e-05_bs32_modL1_fusion32_fusionL1_drop0p2_trmiss80_trlocclin,13,0.5652732153733572,0.7259690463542938,0.4331896551724138,0.6005221274676062,0.5555555555555556,0.0,0.0,0.0,0.0,2002,clin,0.8
1,4,lr5e-05_bs32_modL1_fusion32_fusionL1_drop0p2_trmiss80_trlocclin,32,5e-05,1,32,1,0.2,lr5e-05_bs32_modL1_fusion32_fusionL1_drop0p2_trmiss80_trlocclin,14,0.5715022285779318,0.7292414605617523,0.4375,0.6027567321664278,0.5555555555555556,0.0,0.0,0.0,0.0,2002,clin,0.8
1,4,lr5e-05_bs32_modL1_fusion32_fusionL1_drop0p2_trmiss80_trlocclin,32,5e-05,1,32,1,0.2,lr5e-05_bs32_modL1_fusion32_fusionL1_drop0p2_trmiss80_trlocclin,15,0.568731039762497,0.7272921800613403,0.4418103448275862,0.6038293881228585,0.5777777777777777,0.0,0.0,0.0,0.0,2002,clin,0.8
1,4,lr5e-05_bs32_modL1_fusion32_fusionL1_drop0p2_trmiss80_trlocclin,32,5e-05,1,32,1,0.2,lr5e-05_bs32_modL1_fusion32_fusionL1_drop0p2_trmiss80_trlocclin,16,0.5626929601033529,0.7282934486865997,0.43750000000000006,0.5933117765924562,0.5777777777777777,0.0,0.0,0.0,0.0,2002,clin,0.8
1,4,lr5e-05_bs32_modL1_fusion32_fusionL1_drop0p2_trmiss80_trlocclin,32,5e-05,1,32,1,0.2,lr5e-05_bs32_modL1_fusion32_fusionL1_drop0p2_trmiss80_trlocclin,17,0.5540643731753031,0.7275749742984772,0.4267241379310345,0.5858213466321422,0.5777777777777777,0.0,0.0,0.0,0.0,2002,clin,0.8
1,4,lr5e-05_bs32_modL1_fusion32_fusionL1_drop0p2_trmiss80_trlocclin,32,5e-05,1,32,1,0.2,lr5e-05_bs32_modL1_fusion32_fusionL1_drop0p2_trmiss80_trlocclin,18,0.5702703595161438,0.7290717959403992,0.4202586206896552,0.5864980534544152,0.5777777777777777,0.0,0.0,0.0,0.0,2002,clin,0.8
1,4,lr5e-05_bs32_modL1_fusion32_fusionL1_drop0p2_trmiss80_trlocclin,32,5e-05,1,32,1,0.2,lr5e-05_bs32_modL1_fusion32_fusionL1_drop0p2_trmiss80_trlocclin,19,0.5476083854834238,0.7273368537425995,0.4181034482758621,0.5849297518460174,0.5777777777777777,0.0,0.0,0.0,0.0,2002,clin,0.8
1,4,lr5e-05_bs32_modL1_fusion32_fusionL1_drop0p2_trmiss80_trlocclin,32,5e-05,1,32,1,0.2,lr5e-05_bs32_modL1_fusion32_fusionL1_drop0p2_trmiss80_trlocclin,20,0.5526028672854105,0.7274177372455597,0.42025862068965514,0.5902221071784689,0.5777777777777777,0.0,0.0,0.0,0.0,2002,clin,0.8
1,4,lr5e-05_bs32_modL1_fusion32_fusionL1_drop0p2_trmiss80_trlocclin,32,5e-05,1,32,1,0.2,lr5e-05_bs32_modL1_fusion32_fusionL1_drop0p2_trmiss80_trlocclin,21,0.5382647713025411,0.7294676005840302,0.4137931034482759,0.5837019280281525,0.5555555555555556,0.0,0.0,0.0,0.0,2002,clin,0.8
1,4,lr5e-05_bs32_modL1_fusion32_fusionL1_drop0p2_trmiss80_trlocclin,32,5e-05,1,32,1,0.2,lr5e-05_bs32_modL1_fusion32_fusionL1_drop0p2_trmiss80_trlocclin,22,0.5535949071248373,0.7282201945781708,0.4181034482758621,0.5821827554912042,0.6,0.0,0.0,0.0,0.0,2002,clin,0.8
1,4,lr5e-05_bs32_modL1_fusion32_fusionL1_drop0p2_trmiss80_trlocclin,32,5e-05,1,32,1,0.2,lr5e-05_bs32_modL1_fusion32_fusionL1_drop0p2_trmiss80_trlocclin,23,0.5678164660930634,0.7297564148902893,0.41379310344827586,0.5833619322400408,0.6,0.0,0.0,0.0,0.0,2002,clin,0.8
1,4,lr5e-05_bs32_modL1_fusion32_fusionL1_drop0p1_trmiss80_trlocclin,32,5e-05,1,32,1,0.1,lr5e-05_bs32_modL1_fusion32_fusionL1_drop0p1_trmiss80_trlocclin,1,0.6772398253281912,0.6930330991744995,0.5237068965517241,0.6970338603946447,0.5333333333333333,0.0,0.0,0.0,0.0,2002,clin,0.8
1,4,lr5e-05_bs32_modL1_fusion32_fusionL1_drop0p1_trmiss80_trlocclin,32,5e-05,1,32,1,0.1,lr5e-05_bs32_modL1_fusion32_fusionL1_drop0p1_trmiss80_trlocclin,2,0.6405413051446279,0.6905054748058319,0.5366379310344828,0.7008194081962862,0.6,0.0,0.0,0.0,0.0,2002,clin,0.8
1,4,lr5e-05_bs32_modL1_fusion32_fusionL1_drop0p1_trmiss80_trlocclin,32,5e-05,1,32,1,0.1,lr5e-05_bs32_modL1_fusion32_fusionL1_drop0p1_trmiss80_trlocclin,3,0.6274116436640421,0.6909718215465546,0.5495689655172413,0.7022024321437867,0.6,0.0,0.0,0.0,0.0,2002,clin,0.8
1,4,lr5e-05_bs32_modL1_fusion32_fusionL1_drop0p1_trmiss80_trlocclin,32,5e-05,1,32,1,0.1,lr5e-05_bs32_modL1_fusion32_fusionL1_drop0p1_trmiss80_trlocclin,4,0.6180225710074106,0.6893736720085144,0.5538793103448276,0.6954963798655501,0.6,0.0,0.0,0.0,0.0,2002,clin,0.8
1,4,lr5e-05_bs32_modL1_fusion32_fusionL1_drop0p1_trmiss80_trlocclin,32,5e-05,1,32,1,0.1,lr5e-05_bs32_modL1_fusion32_fusionL1_drop0p1_trmiss80_trlocclin,5,0.6042989591757456,0.6882927715778351,0.5603448275862069,0.6991455456049382,0.5777777777777777,0.0,0.0,0.0,0.0,2002,clin,0.8
1,4,lr5e-05_bs32_modL1_fusion32_fusionL1_drop0p1_trmiss80_trlocclin,32,5e-05,1,32,1,0.1,lr5e-05_bs32_modL1_fusion32_fusionL1_drop0p1_trmiss80_trlocclin,6,0.5883497993151346,0.6839605569839478,0.5646551724137931,0.7047214794834007,0.6,0.0,0.0,0.0,0.0,2002,clin,0.8
1,4,lr5e-05_bs32_modL1_fusion32_fusionL1_drop0p1_trmiss80_trlocclin,32,5e-05,1,32,1,0.1,lr5e-05_bs32_modL1_fusion32_fusionL1_drop0p1_trmiss80_trlocclin,7,0.572573333978653,0.6817097663879395,0.5560344827586207,0.7073102720279997,0.6222222222222222,0.0,0.0,0.0,0.0,2002,clin,0.8
1,4,lr5e-05_bs32_modL1_fusion32_fusionL1_drop0p1_trmiss80_trlocclin,32,5e-05,1,32,1,0.1,lr5e-05_bs32_modL1_fusion32_fusionL1_drop0p1_trmiss80_trlocclin,8,0.5661581059296926,0.6828948259353638,0.5474137931034483,0.7057395096346969,0.5777777777777777,0.0,0.0,0.0,0.0,2002,clin,0.8
1,4,lr5e-05_bs32_modL1_fusion32_fusionL1_drop0p1_trmiss80_trlocclin,32,5e-05,1,32,1,0.1,lr5e-05_bs32_modL1_fusion32_fusionL1_drop0p1_trmiss80_trlocclin,9,0.5662562549114227,0.6852407157421112,0.5431034482758621,0.7028659952673687,0.5777777777777777,0.0,0.0,0.0,0.0,2002,clin,0.8
1,4,lr5e-05_bs32_modL1_fusion32_fusionL1_drop0p1_trmiss80_trlocclin,32,5e-05,1,32,1,0.1,lr5e-05_bs32_modL1_fusion32_fusionL1_drop0p1_trmiss80_trlocclin,10,0.5523237188657125,0.6885251700878143,0.5517241379310345,0.6968610320668724,0.6222222222222222,0.0,0.0,0.0,0.0,2002,clin,0.8
1,4,lr5e-05_bs32_modL1_fusion32_fusionL1_drop0p1_trmiss80_trlocclin,32,5e-05,1,32,1,0.1,lr5e-05_bs32_modL1_fusion32_fusionL1_drop0p1_trmiss80_trlocclin,11,0.5444576342900594,0.6923462748527527,0.543103448275862,0.6918473916273578,0.5777777777777777,0.0,0.0,0.0,0.0,2002,clin,0.8
1,4,lr5e-05_bs32_modL1_fusion32_fusionL1_drop0p1_trmiss80_trlocclin,32,5e-05,1,32,1,0.1,lr5e-05_bs32_modL1_fusion32_fusionL1_drop0p1_trmiss80_trlocclin,12,0.534385601679484,0.6890559196472168,0.5560344827586207,0.6988949227009027,0.5777777777777777,0.0,0.0,0.0,0.0,2002,clin,0.8
1,4,lr5e-05_bs32_modL1_fusion32_fusionL1_drop0p1_trmiss80_trlocclin,32,5e-05,1,32,1,0.1,lr5e-05_bs32_modL1_fusion32_fusionL1_drop0p1_trmiss80_trlocclin,13,0.5168080826600393,0.6883617639541626,0.5668103448275863,0.7005520196550439,0.6,0.0,0.0,0.0,0.0,2002,clin,0.8
1,4,lr5e-05_bs32_modL1_fusion32_fusionL1_drop0p1_trmiss80_trlocclin,32,5e-05,1,32,1,0.1,lr5e-05_bs32_modL1_fusion32_fusionL1_drop0p1_trmiss80_trlocclin,14,0.5327595770359039,0.6888329982757568,0.5775862068965517,0.7058150210279871,0.6222222222222222,0.0,0.0,0.0,0.0,2002,clin,0.8
1,4,lr5e-05_bs32_modL1_fusion32_fusionL1_drop0p1_trmiss80_trlocclin,32,5e-05,1,32,1,0.1,lr5e-05_bs32_modL1_fusion32_fusionL1_drop0p1_trmiss80_trlocclin,15,0.5199015686909357,0.6905898451805115,0.560344827586207,0.7112767462287258,0.5777777777777777,0.0,0.0,0.0,0.0,2002,clin,0.8
1,4,lr5e-05_bs32_modL1_fusion32_fusionL1_drop0p1_trmiss80_trlocclin,32,5e-05,1,32,1,0.1,lr5e-05_bs32_modL1_fusion32_fusionL1_drop0p1_trmiss80_trlocclin,16,0.5247196157773336,0.6937017142772675,0.5517241379310345,0.7084168400470732,0.6,0.0,0.0,0.0,0.0,2002,clin,0.8
1,4,lr5e-05_bs32_modL1_fusion32_fusionL1_drop0p1_trmiss80_trlocclin,32,5e-05,1,32,1,0.1,lr5e-05_bs32_modL1_fusion32_fusionL1_drop0p1_trmiss80_trlocclin,17,0.5199095358451208,0.6977215707302094,0.5387931034482758,0.7009831842905052,0.5777777777777777,0.0,0.0,0.0,0.0,2002,clin,0.8
1,4,lr5e-05_bs32_modL1_fusion32_fusionL1_drop0p1_trmiss80_trlocclin,32,5e-05,1,32,1,0.1,lr5e-05_bs32_modL1_fusion32_fusionL1_drop0p1_trmiss80_trlocclin,18,0.5207260648409525,0.699190080165863,0.5323275862068966,0.7006525625620771,0.5555555555555556,0.0,0.0,0.0,0.0,2002,clin,0.8
1,4,lr5e-05_bs32_modL1_fusion32_fusionL1_drop0p1_trmiss80_trlocclin,32,5e-05,1,32,1,0.1,lr5e-05_bs32_modL1_fusion32_fusionL1_drop0p1_trmiss80_trlocclin,19,0.5072060177723566,0.6992723047733307,0.5387931034482758,0.7053413260263935,0.6,0.0,0.0,0.0,0.0,2002,clin,0.8
1,4,lr5e-05_bs32_modL1_fusion32_fusionL1_drop0p1_trmiss80_trlocclin,32,5e-05,1,32,1,0.1,lr5e-05_bs32_modL1_fusion32_fusionL1_drop0p1_trmiss80_trlocclin,20,0.5060706635316213,0.698638916015625,0.540948275862069,0.7080326396256604,0.5777777777777777,0.0,0.0,0.0,0.0,2002,clin,0.8
1,4,lr5e-05_bs32_modL1_fusion32_fusionL1_drop0p1_trmiss80_trlocclin,32,5e-05,1,32,1,0.1,lr5e-05_bs32_modL1_fusion32_fusionL1_drop0p1_trmiss80_trlocclin,21,0.49289876222610474,0.7032604813575745,0.5387931034482759,0.7045000015245476,0.5555555555555556,0.0,0.0,0.0,0.0,2002,clin,0.8
1,4,lr5e-05_bs32_modL1_fusion32_fusionL1_drop0p1_trmiss80_trlocclin,32,5e-05,1,32,1,0.1,lr5e-05_bs32_modL1_fusion32_fusionL1_drop0p1_trmiss80_trlocclin,22,0.49602964520454407,0.7047840058803558,0.5431034482758621,0.7071937534553466,0.5777777777777777,0.0,0.0,0.0,0.0,2002,clin,0.8
1,4,lr5e-05_bs32_modL1_fusion32_fusionL1_drop0p1_trmiss80_trlocclin,32,5e-05,1,32,1,0.1,lr5e-05_bs32_modL1_fusion32_fusionL1_drop0p1_trmiss80_trlocclin,23,0.4971361756324768,0.7023224234580994,0.540948275862069,0.7040662409451609,0.5777777777777777,0.0,0.0,0.0,0.0,2002,clin,0.8
1,4,lr5e-05_bs32_modL1_fusion32_fusionL1_drop0p1_trmiss80_trlocclin,32,5e-05,1,32,1,0.1,lr5e-05_bs32_modL1_fusion32_fusionL1_drop0p1_trmiss80_trlocclin,24,0.49361368517080945,0.7024538218975067,0.543103448275862,0.7005079782030829,0.5777777777777777,0.0,0.0,0.0,0.0,2002,clin,0.8
1,4,lr5e-05_bs32_modL1_fusion32_fusionL1_drop0p1_trmiss80_trlocclin,32,5e-05,1,32,1,0.1,lr5e-05_bs32_modL1_fusion32_fusionL1_drop0p1_trmiss80_trlocclin,25,0.49608059724171955,0.7023605108261108,0.540948275862069,0.6978933916664384,0.6,0.0,0.0,0.0,0.0,2002,clin,0.8
1,4,lr5e-05_bs32_modL1_fusion32_fusionL1_drop0p1_trmiss80_trlocclin,32,5e-05,1,32,1,0.1,lr5e-05_bs32_modL1_fusion32_fusionL1_drop0p1_trmiss80_trlocclin,26,0.502585435907046,0.70356485247612,0.5366379310344828,0.695373863581516,0.5777777777777777,0.0,0.0,0.0,0.0,2002,clin,0.8
1,4,lr5e-05_bs32_modL1_fusion32_fusionL1_drop0p1_trmiss80_trlocclin,32,5e-05,1,32,1,0.1,lr5e-05_bs32_modL1_fusion32_fusionL1_drop0p1_trmiss80_trlocclin,27,0.4907533625761668,0.7012119293212891,0.5474137931034483,0.7019175252595375,0.5777777777777777,0.0,0.0,0.0,0.0,2002,clin,0.8
1,4,lr5e-05_bs32_modL1_fusion32_fusionL1_drop0p1_trmiss80_trlocclin,32,5e-05,1,32,1,0.1,lr5e-05_bs32_modL1_fusion32_fusionL1_drop0p1_trmiss80_trlocclin,28,0.4923482338587443,0.7009444832801819,0.5452586206896551,0.7013257496223898,0.5777777777777777,0.0,0.0,0.0,0.0,2002,clin,0.8
1,4,lr5e-05_bs32_modL1_fusion32_fusionL1_drop0p1_trmiss80_trlocclin,32,5e-05,1,32,1,0.1,lr5e-05_bs32_modL1_fusion32_fusionL1_drop0p1_trmiss80_trlocclin,29,0.4850189834833145,0.7036018967628479,0.5344827586206897,0.6963697250669738,0.5777777777777777,0.0,0.0,0.0,0.0,2002,clin,0.8
1,4,lr5e-05_bs32_modL1_fusion32_fusionL1_drop0p1_trmiss80_trlocclin,32,5e-05,1,32,1,0.1,lr5e-05_bs32_modL1_fusion32_fusionL1_drop0p1_trmiss80_trlocclin,30,0.4895949562390645,0.7058195173740387,0.521551724137931,0.6871917377690137,0.5555555555555556,0.0,0.0,0.0,0.0,2002,clin,0.8
1,4,lr5e-05_bs32_modL1_fusion32_fusionL1_drop0p1_trmiss80_trlocclin,32,5e-05,1,32,1,0.1,lr5e-05_bs32_modL1_fusion32_fusionL1_drop0p1_trmiss80_trlocclin,31,0.48707159360249835,0.7057493031024933,0.5280172413793103,0.6914891729234468,0.5777777777777777,0.0,0.0,0.0,0.0,2002,clin,0.8
1,4,lr5e-05_bs32_modL1_fusion32_fusionL1_drop0p1_trmiss80_trlocclin,32,5e-05,1,32,1,0.1,lr5e-05_bs32_modL1_fusion32_fusionL1_drop0p1_trmiss80_trlocclin,32,0.49206054707368213,0.7056505382061005,0.5280172413793103,0.6927721745037135,0.6,0.0,0.0,0.0,0.0,2002,clin,0.8
1,4,lr5e-05_bs32_modL1_fusion32_fusionL1_drop0p1_trmiss80_trlocclin,32,5e-05,1,32,1,0.1,lr5e-05_bs32_modL1_fusion32_fusionL1_drop0p1_trmiss80_trlocclin,33,0.49573128422101337,0.707905650138855,0.5280172413793104,0.6938148833426874,0.5555555555555556,0.0,0.0,0.0,0.0,2002,clin,0.8
1,4,lr5e-05_bs32_modL1_fusion32_fusionL1_drop0p1_trmiss80_trlocclin,32,5e-05,1,32,1,0.1,lr5e-05_bs32_modL1_fusion32_fusionL1_drop0p1_trmiss80_trlocclin,34,0.480491042137146,0.7050513029098511,0.5280172413793104,0.6911344164127275,0.5333333333333333,0.0,0.0,0.0,0.0,2002,clin,0.8
1,4,lr5e-05_bs32_modL1_fusion64_fusionL1_drop0p2_trmiss80_trlocclin,32,5e-05,1,64,1,0.2,lr5e-05_bs32_modL1_fusion64_fusionL1_drop0p2_trmiss80_trlocclin,1,0.7796817719936371,0.7048032283782959,0.5862068965517242,0.7092966729067618,0.4,0.0,0.0,0.0,0.0,2002,clin,0.8
1,4,lr5e-05_bs32_modL1_fusion64_fusionL1_drop0p2_trmiss80_trlocclin,32,5e-05,1,64,1,0.2,lr5e-05_bs32_modL1_fusion64_fusionL1_drop0p2_trmiss80_trlocclin,2,0.7538465559482574,0.7187332510948181,0.5258620689655172,0.6746390605841441,0.4222222222222222,0.0,0.0,0.0,0.0,2002,clin,0.8
1,4,lr5e-05_bs32_modL1_fusion64_fusionL1_drop0p2_trmiss80_trlocclin,32,5e-05,1,64,1,0.2,lr5e-05_bs32_modL1_fusion64_fusionL1_drop0p2_trmiss80_trlocclin,3,0.7471234202384949,0.7320239543914795,0.5538793103448276,0.6838183042625468,0.4,0.0,0.0,0.0,0.0,2002,clin,0.8
1,4,lr5e-05_bs32_modL1_fusion64_fusionL1_drop0p2_trmiss80_trlocclin,32,5e-05,1,64,1,0.2,lr5e-05_bs32_modL1_fusion64_fusionL1_drop0p2_trmiss80_trlocclin,4,0.7222782969474792,0.7464012801647186,0.5517241379310345,0.6697038098083209,0.4,0.0,0.0,0.0,0.0,2002,clin,0.8
1,4,lr5e-05_bs32_modL1_fusion64_fusionL1_drop0p2_trmiss80_trlocclin,32,5e-05,1,64,1,0.2,lr5e-05_bs32_modL1_fusion64_fusionL1_drop0p2_trmiss80_trlocclin,5,0.7006716827551523,0.7574969232082367,0.5625,0.6772353583389675,0.4,0.0,0.0,0.0,0.0,2002,clin,0.8
1,4,lr5e-05_bs32_modL1_fusion64_fusionL1_drop0p2_trmiss80_trlocclin,32,5e-05,1,64,1,0.2,lr5e-05_bs32_modL1_fusion64_fusionL1_drop0p2_trmiss80_trlocclin,6,0.672312339146932,0.7619658410549164,0.5560344827586208,0.6734828127500211,0.4,0.0,0.0,0.0,0.0,2002,clin,0.8
1,4,lr5e-05_bs32_modL1_fusion64_fusionL1_drop0p2_trmiss80_trlocclin,32,5e-05,1,64,1,0.2,lr5e-05_bs32_modL1_fusion64_fusionL1_drop0p2_trmiss80_trlocclin,7,0.6792764365673065,0.7611609995365143,0.5711206896551724,0.6818413986993733,0.4222222222222222,0.0,0.0,0.0,0.0,2002,clin,0.8
1,4,lr5e-05_bs32_modL1_fusion64_fusionL1_drop0p2_trmiss80_trlocclin,32,5e-05,1,64,1,0.2,lr5e-05_bs32_modL1_fusion64_fusionL1_drop0p2_trmiss80_trlocclin,8,0.6773603061834971,0.761599063873291,0.5603448275862069,0.672132652826493,0.4222222222222222,0.0,0.0,0.0,0.0,2002,clin,0.8
1,4,lr5e-05_bs32_modL1_fusion64_fusionL1_drop0p2_trmiss80_trlocclin,32,5e-05,1,64,1,0.2,lr5e-05_bs32_modL1_fusion64_fusionL1_drop0p2_trmiss80_trlocclin,9,0.6500203013420105,0.7680509686470032,0.564655172413793,0.6771212466081904,0.4222222222222222,0.0,0.0,0.0,0.0,2002,clin,0.8
1,4,lr5e-05_bs32_modL1_fusion64_fusionL1_drop0p2_trmiss80_trlocclin,32,5e-05,1,64,1,0.2,lr5e-05_bs32_modL1_fusion64_fusionL1_drop0p2_trmiss80_trlocclin,10,0.6412749489148458,0.7682524621486664,0.564655172413793,0.6782018745554685,0.4,0.0,0.0,0.0,0.0,2002,clin,0.8
1,4,lr5e-05_bs32_modL1_fusion64_fusionL1_drop0p2_trmiss80_trlocclin,32,5e-05,1,64,1,0.2,lr5e-05_bs32_modL1_fusion64_fusionL1_drop0p2_trmiss80_trlocclin,11,0.6455150445302328,0.7672189474105835,0.5625,0.6749852394059841,0.4,0.0,0.0,0.0,0.0,2002,clin,0.8
1,4,lr5e-05_bs32_modL1_fusion64_fusionL1_drop0p2_trmiss80_trlocclin,32,5e-05,1,64,1,0.2,lr5e-05_bs32_modL1_fusion64_fusionL1_drop0p2_trmiss80_trlocclin,12,0.6596749921639761,0.7679452896118164,0.5625,0.6740822499122063,0.4444444444444444,0.0,0.0,0.0,0.0,2002,clin,0.8
1,4,lr5e-05_bs32_modL1_fusion64_fusionL1_drop0p2_trmiss80_trlocclin,32,5e-05,1,64,1,0.2,lr5e-05_bs32_modL1_fusion64_fusionL1_drop0p2_trmiss80_trlocclin,13,0.6500942011674246,0.7702659070491791,0.5625,0.6742951809781319,0.4222222222222222,0.0,0.0,0.0,0.0,2002,clin,0.8
1,4,lr5e-05_bs32_modL1_fusion64_fusionL1_drop0p2_trmiss80_trlocclin,32,5e-05,1,64,1,0.2,lr5e-05_bs32_modL1_fusion64_fusionL1_drop0p2_trmiss80_trlocclin,14,0.6264378031094869,0.7744608521461487,0.5668103448275862,0.6738871964677133,0.4222222222222222,0.0,0.0,0.0,0.0,2002,clin,0.8
1,4,lr5e-05_bs32_modL1_fusion64_fusionL1_drop0p2_trmiss80_trlocclin,32,5e-05,1,64,1,0.2,lr5e-05_bs32_modL1_fusion64_fusionL1_drop0p2_trmiss80_trlocclin,15,0.6283782521883646,0.7728338837623596,0.5689655172413793,0.6862430229454323,0.4222222222222222,0.0,0.0,0.0,0.0,2002,clin,0.8
1,4,lr5e-05_bs32_modL1_fusion64_fusionL1_drop0p2_trmiss80_trlocclin,32,5e-05,1,64,1,0.2,lr5e-05_bs32_modL1_fusion64_fusionL1_drop0p2_trmiss80_trlocclin,16,0.6256460845470428,0.7733176648616791,0.5668103448275862,0.683891925766749,0.4222222222222222,0.0,0.0,0.0,0.0,2002,clin,0.8
1,4,lr5e-05_bs32_modL1_fusion64_fusionL1_drop0p2_trmiss80_trlocclin,32,5e-05,1,64,1,0.2,lr5e-05_bs32_modL1_fusion64_fusionL1_drop0p2_trmiss80_trlocclin,17,0.6357306440671285,0.7746598422527313,0.5581896551724137,0.6713371278206838,0.4444444444444444,0.0,0.0,0.0,0.0,2002,clin,0.8
1,4,lr5e-05_bs32_modL1_fusion64_fusionL1_drop0p2_trmiss80_trlocclin,32,5e-05,1,64,1,0.2,lr5e-05_bs32_modL1_fusion64_fusionL1_drop0p2_trmiss80_trlocclin,18,0.6318375368913015,0.7737831771373749,0.5668103448275862,0.6749481323991806,0.4222222222222222,0.0,0.0,0.0,0.0,2002,clin,0.8
1,4,lr5e-05_bs32_modL1_fusion64_fusionL1_drop0p2_trmiss80_trlocclin,32,5e-05,1,64,1,0.2,lr5e-05_bs32_modL1_fusion64_fusionL1_drop0p2_trmiss80_trlocclin,19,0.6147239605585734,0.7764240801334381,0.5625,0.6734369606334777,0.4222222222222222,0.0,0.0,0.0,0.0,2002,clin,0.8
1,4,lr5e-05_bs32_modL1_fusion64_fusionL1_drop0p2_trmiss80_trlocclin,32,5e-05,1,64,1,0.2,lr5e-05_bs32_modL1_fusion64_fusionL1_drop0p2_trmiss80_trlocclin,20,0.6350288192431132,0.7774707973003387,0.564655172413793,0.6734912500666177,0.4222222222222222,0.0,0.0,0.0,0.0,2002,clin,0.8
1,4,lr5e-05_bs32_modL1_fusion64_fusionL1_drop0p2_trmiss80_trlocclin,32,5e-05,1,64,1,0.2,lr5e-05_bs32_modL1_fusion64_fusionL1_drop0p2_trmiss80_trlocclin,21,0.6083534856637319,0.7744414806365967,0.5560344827586207,0.6682981322542842,0.4222222222222222,0.0,0.0,0.0,0.0,2002,clin,0.8
1,4,lr5e-05_bs32_modL1_fusion64_fusionL1_drop0p1_trmiss80_trlocclin,32,5e-05,1,64,1,0.1,lr5e-05_bs32_modL1_fusion64_fusionL1_drop0p1_trmiss80_trlocclin,1,0.7124621768792471,0.699596494436264,0.5603448275862069,0.7188848878333791,0.5555555555555556,0.0,0.0,0.0,0.0,2002,clin,0.8
1,4,lr5e-05_bs32_modL1_fusion64_fusionL1_drop0p1_trmiss80_trlocclin,32,5e-05,1,64,1,0.1,lr5e-05_bs32_modL1_fusion64_fusionL1_drop0p1_trmiss80_trlocclin,2,0.6721083124478658,0.7049064338207245,0.5431034482758621,0.6974006601656504,0.5777777777777777,0.0,0.0,0.0,0.0,2002,clin,0.8
1,4,lr5e-05_bs32_modL1_fusion64_fusionL1_drop0p1_trmiss80_trlocclin,32,5e-05,1,64,1,0.1,lr5e-05_bs32_modL1_fusion64_fusionL1_drop0p1_trmiss80_trlocclin,3,0.6509126623471578,0.7088448107242584,0.540948275862069,0.6901382000047827,0.5555555555555556,0.0,0.0,0.0,0.0,2002,clin,0.8
1,4,lr5e-05_bs32_modL1_fusion64_fusionL1_drop0p1_trmiss80_trlocclin,32,5e-05,1,64,1,0.1,lr5e-05_bs32_modL1_fusion64_fusionL1_drop0p1_trmiss80_trlocclin,4,0.6433128714561462,0.7134698033332825,0.5474137931034483,0.6958474070985474,0.5111111111111111,0.0,0.0,0.0,0.0,2002,clin,0.8
1,4,lr5e-05_bs32_modL1_fusion64_fusionL1_drop0p1_trmiss80_trlocclin,32,5e-05,1,64,1,0.1,lr5e-05_bs32_modL1_fusion64_fusionL1_drop0p1_trmiss80_trlocclin,5,0.6208066244920095,0.7171750962734222,0.5431034482758621,0.697917326552868,0.5333333333333333,0.0,0.0,0.0,0.0,2002,clin,0.8
1,4,lr5e-05_bs32_modL1_fusion64_fusionL1_drop0p1_trmiss80_trlocclin,32,5e-05,1,64,1,0.1,lr5e-05_bs32_modL1_fusion64_fusionL1_drop0p1_trmiss80_trlocclin,6,0.5947897831598917,0.7157860100269318,0.5495689655172414,0.6976615677778394,0.5555555555555556,0.0,0.0,0.0,0.0,2002,clin,0.8
1,4,lr5e-05_bs32_modL1_fusion64_fusionL1_drop0p1_trmiss80_trlocclin,32,5e-05,1,64,1,0.1,lr5e-05_bs32_modL1_fusion64_fusionL1_drop0p1_trmiss80_trlocclin,7,0.5741545756657919,0.7193999588489532,0.5452586206896551,0.7005544775883807,0.5111111111111111,0.0,0.0,0.0,0.0,2002,clin,0.8
1,4,lr5e-05_bs32_modL1_fusion64_fusionL1_drop0p1_trmiss80_trlocclin,32,5e-05,1,64,1,0.1,lr5e-05_bs32_modL1_fusion64_fusionL1_drop0p1_trmiss80_trlocclin,8,0.5675431589285532,0.7190624177455902,0.5538793103448276,0.7031926185146508,0.5111111111111111,0.0,0.0,0.0,0.0,2002,clin,0.8
1,4,lr5e-05_bs32_modL1_fusion64_fusionL1_drop0p1_trmiss80_trlocclin,32,5e-05,1,64,1,0.1,lr5e-05_bs32_modL1_fusion64_fusionL1_drop0p1_trmiss80_trlocclin,9,0.559449315071106,0.7228558361530304,0.5538793103448276,0.6916057998791506,0.5111111111111111,0.0,0.0,0.0,0.0,2002,clin,0.8
1,4,lr5e-05_bs32_modL1_fusion64_fusionL1_drop0p1_trmiss80_trlocclin,32,5e-05,1,64,1,0.1,lr5e-05_bs32_modL1_fusion64_fusionL1_drop0p1_trmiss80_trlocclin,10,0.5452286899089813,0.7245827615261078,0.5474137931034482,0.6886488529728054,0.5333333333333333,0.0,0.0,0.0,0.0,2002,clin,0.8
1,4,lr5e-05_bs32_modL1_fusion64_fusionL1_drop0p1_trmiss80_trlocclin,32,5e-05,1,64,1,0.1,lr5e-05_bs32_modL1_fusion64_fusionL1_drop0p1_trmiss80_trlocclin,11,0.5650669038295746,0.7296051979064941,0.540948275862069,0.6793469085795831,0.5111111111111111,0.0,0.0,0.0,0.0,2002,clin,0.8
1,4,lr5e-05_bs32_modL1_fusion64_fusionL1_drop0p1_trmiss80_trlocclin,32,5e-05,1,64,1,0.1,lr5e-05_bs32_modL1_fusion64_fusionL1_drop0p1_trmiss80_trlocclin,12,0.5441797176996866,0.7318049371242523,0.5301724137931034,0.6879478468304246,0.5333333333333333,0.0,0.0,0.0,0.0,2002,clin,0.8
1,4,lr5e-05_bs32_modL1_fusion64_fusionL1_drop0p1_trmiss80_trlocclin,32,5e-05,1,64,1,0.1,lr5e-05_bs32_modL1_fusion64_fusionL1_drop0p1_trmiss80_trlocclin,13,0.5298184752464294,0.7330407202243805,0.5258620689655172,0.6863573209421633,0.5333333333333333,0.0,0.0,0.0,0.0,2002,clin,0.8
1,4,lr5e-05_bs32_modL1_fusion64_fusionL1_drop0p1_trmiss80_trlocclin,32,5e-05,1,64,1,0.1,lr5e-05_bs32_modL1_fusion64_fusionL1_drop0p1_trmiss80_trlocclin,14,0.535061851143837,0.73345547914505,0.5043103448275862,0.6754973019314834,0.4444444444444444,0.0,0.0,0.0,0.0,2002,clin,0.8
1,4,lr5e-05_bs32_modL1_fusion64_fusionL1_drop0p1_trmiss80_trlocclin,32,5e-05,1,64,1,0.1,lr5e-05_bs32_modL1_fusion64_fusionL1_drop0p1_trmiss80_trlocclin,15,0.5419298609097799,0.7311781346797943,0.5129310344827587,0.6784903051393265,0.4444444444444444,0.0,0.0,0.0,0.0,2002,clin,0.8
1,4,lr5e-05_bs32_modL1_fusion64_fusionL1_drop0p1_trmiss80_trlocclin,32,5e-05,1,64,1,0.1,lr5e-05_bs32_modL1_fusion64_fusionL1_drop0p1_trmiss80_trlocclin,16,0.5257453322410583,0.7338670492172241,0.5129310344827587,0.6823561952468095,0.4666666666666667,0.0,0.0,0.0,0.0,2002,clin,0.8
1,4,lr5e-05_bs32_modL1_fusion64_fusionL1_drop0p1_trmiss80_trlocclin,32,5e-05,1,64,1,0.1,lr5e-05_bs32_modL1_fusion64_fusionL1_drop0p1_trmiss80_trlocclin,17,0.502017597357432,0.7350433766841888,0.5064655172413793,0.6761117369962616,0.4666666666666667,0.0,0.0,0.0,0.0,2002,clin,0.8
1,4,lr5e-05_bs32_modL1_fusion64_fusionL1_drop0p1_trmiss80_trlocclin,32,5e-05,1,64,1,0.1,lr5e-05_bs32_modL1_fusion64_fusionL1_drop0p1_trmiss80_trlocclin,18,0.5161727716525396,0.7366445064544678,0.5064655172413792,0.6749185555796472,0.4444444444444444,0.0,0.0,0.0,0.0,2002,clin,0.8
1,4,lr5e-05_bs32_modL1_fusion64_fusionL1_drop0p1_trmiss80_trlocclin,32,5e-05,1,64,1,0.1,lr5e-05_bs32_modL1_fusion64_fusionL1_drop0p1_trmiss80_trlocclin,19,0.5024659583965937,0.7347678244113922,0.5064655172413793,0.6739945441298851,0.4888888888888889,0.0,0.0,0.0,0.0,2002,clin,0.8
1,4,lr5e-05_bs32_modL1_fusion64_fusionL1_drop0p1_trmiss80_trlocclin,32,5e-05,1,64,1,0.1,lr5e-05_bs32_modL1_fusion64_fusionL1_drop0p1_trmiss80_trlocclin,20,0.5249876727660497,0.7372938990592957,0.521551724137931,0.680707996867451,0.5111111111111111,0.0,0.0,0.0,0.0,2002,clin,0.8
1,4,lr5e-05_bs32_modL1_fusion64_fusionL1_drop0p1_trmiss80_trlocclin,32,5e-05,1,64,1,0.1,lr5e-05_bs32_modL1_fusion64_fusionL1_drop0p1_trmiss80_trlocclin,21,0.5151751687129339,0.7361868917942047,0.5064655172413793,0.6738964581646278,0.4888888888888889,0.0,0.0,0.0,0.0,2002,clin,0.8
1,4,lr1e-04_bs32_modL1_fusion32_fusionL1_drop0p2_trmiss80_trlocclin,32,0.0001,1,32,1,0.2,lr1e-04_bs32_modL1_fusion32_fusionL1_drop0p2_trmiss80_trlocclin,1,0.7117578585942587,0.702695906162262,0.4676724137931034,0.6571410006899839,0.4888888888888889,0.0,0.0,0.0,0.0,2002,clin,0.8
1,4,lr1e-04_bs32_modL1_fusion32_fusionL1_drop0p2_trmiss80_trlocclin,32,0.0001,1,32,1,0.2,lr1e-04_bs32_modL1_fusion32_fusionL1_drop0p2_trmiss80_trlocclin,2,0.6774623990058899,0.6960477232933044,0.5129310344827587,0.6903217318979775,0.5111111111111111,0.0,0.0,0.0,0.0,2002,clin,0.8
1,4,lr1e-04_bs32_modL1_fusion32_fusionL1_drop0p2_trmiss80_trlocclin,32,0.0001,1,32,1,0.2,lr1e-04_bs32_modL1_fusion32_fusionL1_drop0p2_trmiss80_trlocclin,3,0.6483134031295776,0.6879262924194336,0.5258620689655172,0.7037662554202558,0.5333333333333333,0.0,0.0,0.0,0.0,2002,clin,0.8
1,4,lr1e-04_bs32_modL1_fusion32_fusionL1_drop0p2_trmiss80_trlocclin,32,0.0001,1,32,1,0.2,lr1e-04_bs32_modL1_fusion32_fusionL1_drop0p2_trmiss80_trlocclin,4,0.6408068835735321,0.6843408644199371,0.5431034482758621,0.6975877194340809,0.5777777777777777,0.0,0.0,0.0,0.0,2002,clin,0.8
1,4,lr1e-04_bs32_modL1_fusion32_fusionL1_drop0p2_trmiss80_trlocclin,32,0.0001,1,32,1,0.2,lr1e-04_bs32_modL1_fusion32_fusionL1_drop0p2_trmiss80_trlocclin,5,0.6056728263696035,0.6856170892715454,0.5258620689655172,0.6752490448459507,0.5777777777777777,0.0,0.0,0.0,0.0,2002,clin,0.8
1,4,lr1e-04_bs32_modL1_fusion32_fusionL1_drop0p2_trmiss80_trlocclin,32,0.0001,1,32,1,0.2,lr1e-04_bs32_modL1_fusion32_fusionL1_drop0p2_trmiss80_trlocclin,6,0.5827829639116923,0.684966653585434,0.5301724137931034,0.6789097835341631,0.5777777777777777,0.0,0.0,0.0,0.0,2002,clin,0.8
1,4,lr1e-04_bs32_modL1_fusion32_fusionL1_drop0p2_trmiss80_trlocclin,32,0.0001,1,32,1,0.2,lr1e-04_bs32_modL1_fusion32_fusionL1_drop0p2_trmiss80_trlocclin,7,0.5734542806943258,0.6822676658630371,0.540948275862069,0.6917979058362563,0.5111111111111111,0.0,0.0,0.0,0.0,2002,clin,0.8
1,4,lr1e-04_bs32_modL1_fusion32_fusionL1_drop0p2_trmiss80_trlocclin,32,0.0001,1,32,1,0.2,lr1e-04_bs32_modL1_fusion32_fusionL1_drop0p2_trmiss80_trlocclin,8,0.58379199107488,0.6805059909820557,0.5258620689655172,0.6912243987450789,0.5333333333333333,0.0,0.0,0.0,0.0,2002,clin,0.8
1,4,lr1e-04_bs32_modL1_fusion32_fusionL1_drop0p2_trmiss80_trlocclin,32,0.0001,1,32,1,0.2,lr1e-04_bs32_modL1_fusion32_fusionL1_drop0p2_trmiss80_trlocclin,9,0.568631778160731,0.680318295955658,0.5495689655172414,0.7161257684468116,0.5333333333333333,0.0,0.0,0.0,0.0,2002,clin,0.8
1,4,lr1e-04_bs32_modL1_fusion32_fusionL1_drop0p2_trmiss80_trlocclin,32,0.0001,1,32,1,0.2,lr1e-04_bs32_modL1_fusion32_fusionL1_drop0p2_trmiss80_trlocclin,10,0.5461449126402537,0.6841003596782684,0.5452586206896551,0.7074310305685467,0.5333333333333333,0.0,0.0,0.0,0.0,2002,clin,0.8
1,4,lr1e-04_bs32_modL1_fusion32_fusionL1_drop0p2_trmiss80_trlocclin,32,0.0001,1,32,1,0.2,lr1e-04_bs32_modL1_fusion32_fusionL1_drop0p2_trmiss80_trlocclin,11,0.5253577530384064,0.6856180131435394,0.5495689655172413,0.7022861825326976,0.5555555555555556,0.0,0.0,0.0,0.0,2002,clin,0.8
1,4,lr1e-04_bs32_modL1_fusion32_fusionL1_drop0p2_trmiss80_trlocclin,32,0.0001,1,32,1,0.2,lr1e-04_bs32_modL1_fusion32_fusionL1_drop0p2_trmiss80_trlocclin,12,0.5342791179815928,0.6897841095924377,0.5431034482758621,0.689455215744325,0.5555555555555556,0.0,0.0,0.0,0.0,2002,clin,0.8
1,4,lr1e-04_bs32_modL1_fusion32_fusionL1_drop0p2_trmiss80_trlocclin,32,0.0001,1,32,1,0.2,lr1e-04_bs32_modL1_fusion32_fusionL1_drop0p2_trmiss80_trlocclin,13,0.5177135914564133,0.6944864690303802,0.5301724137931034,0.6761883391207174,0.5555555555555556,0.0,0.0,0.0,0.0,2002,clin,0.8
1,4,lr1e-04_bs32_modL1_fusion32_fusionL1_drop0p2_trmiss80_trlocclin,32,0.0001,1,32,1,0.2,lr1e-04_bs32_modL1_fusion32_fusionL1_drop0p2_trmiss80_trlocclin,14,0.4962399999300639,0.6973647177219391,0.5172413793103448,0.6705593864231222,0.5777777777777777,0.0,0.0,0.0,0.0,2002,clin,0.8
1,4,lr1e-04_bs32_modL1_fusion32_fusionL1_drop0p2_trmiss80_trlocclin,32,0.0001,1,32,1,0.2,lr1e-04_bs32_modL1_fusion32_fusionL1_drop0p2_trmiss80_trlocclin,15,0.5080933719873428,0.6981234848499298,0.5150862068965517,0.6699367712981087,0.5777777777777777,0.0,0.0,0.0,0.0,2002,clin,0.8
1,4,lr1e-04_bs32_modL1_fusion32_fusionL1_drop0p2_trmiss80_trlocclin,32,0.0001,1,32,1,0.2,lr1e-04_bs32_modL1_fusion32_fusionL1_drop0p2_trmiss80_trlocclin,16,0.49088649948438007,0.6985864639282227,0.5064655172413793,0.6799853680476251,0.5333333333333333,0.0,0.0,0.0,0.0,2002,clin,0.8
1,4,lr1e-04_bs32_modL1_fusion32_fusionL1_drop0p2_trmiss80_trlocclin,32,0.0001,1,32,1,0.2,lr1e-04_bs32_modL1_fusion32_fusionL1_drop0p2_trmiss80_trlocclin,17,0.4814755618572235,0.6975313425064087,0.5064655172413793,0.6788689017837779,0.5333333333333333,0.0,0.0,0.0,0.0,2002,clin,0.8
1,4,lr1e-04_bs32_modL1_fusion32_fusionL1_drop0p2_trmiss80_trlocclin,32,0.0001,1,32,1,0.2,lr1e-04_bs32_modL1_fusion32_fusionL1_drop0p2_trmiss80_trlocclin,18,0.47542838752269745,0.6989378333091736,0.5021551724137931,0.6799452667794028,0.5333333333333333,0.0,0.0,0.0,0.0,2002,clin,0.8
1,4,lr1e-04_bs32_modL1_fusion32_fusionL1_drop0p2_trmiss80_trlocclin,32,0.0001,1,32,1,0.2,lr1e-04_bs32_modL1_fusion32_fusionL1_drop0p2_trmiss80_trlocclin,19,0.49200208981831867,0.6954451203346252,0.5043103448275863,0.6797245370934919,0.5333333333333333,0.0,0.0,0.0,0.0,2002,clin,0.8
1,4,lr1e-04_bs32_modL1_fusion32_fusionL1_drop0p2_trmiss80_trlocclin,32,0.0001,1,32,1,0.2,lr1e-04_bs32_modL1_fusion32_fusionL1_drop0p2_trmiss80_trlocclin,20,0.48412367701530457,0.6979663670063019,0.5064655172413793,0.680696147311846,0.5333333333333333,0.0,0.0,0.0,0.0,2002,clin,0.8
1,4,lr1e-04_bs32_modL1_fusion32_fusionL1_drop0p2_trmiss80_trlocclin,32,0.0001,1,32,1,0.2,lr1e-04_bs32_modL1_fusion32_fusionL1_drop0p2_trmiss80_trlocclin,21,0.4714137613773346,0.7009429633617401,0.5129310344827587,0.6825505783316791,0.5555555555555556,0.0,0.0,0.0,0.0,2002,clin,0.8
1,4,lr1e-04_bs32_modL1_fusion32_fusionL1_drop0p2_trmiss80_trlocclin,32,0.0001,1,32,1,0.2,lr1e-04_bs32_modL1_fusion32_fusionL1_drop0p2_trmiss80_trlocclin,22,0.4648294498523076,0.7017923295497894,0.5150862068965517,0.6847525452722358,0.5555555555555556,0.0,0.0,0.0,0.0,2002,clin,0.8
1,4,lr1e-04_bs32_modL1_fusion32_fusionL1_drop0p2_trmiss80_trlocclin,32,0.0001,1,32,1,0.2,lr1e-04_bs32_modL1_fusion32_fusionL1_drop0p2_trmiss80_trlocclin,23,0.4536360055208206,0.7012074291706085,0.5107758620689655,0.6806487989277545,0.5555555555555556,0.0,0.0,0.0,0.0,2002,clin,0.8
1,4,lr1e-04_bs32_modL1_fusion32_fusionL1_drop0p2_trmiss80_trlocclin,32,0.0001,1,32,1,0.2,lr1e-04_bs32_modL1_fusion32_fusionL1_drop0p2_trmiss80_trlocclin,24,0.4612910995880763,0.7031486630439758,0.5,0.6698292825130635,0.5555555555555556,0.0,0.0,0.0,0.0,2002,clin,0.8
1,4,lr1e-04_bs32_modL1_fusion32_fusionL1_drop0p2_trmiss80_trlocclin,32,0.0001,1,32,1,0.2,lr1e-04_bs32_modL1_fusion32_fusionL1_drop0p2_trmiss80_trlocclin,25,0.4589668810367584,0.7037440538406372,0.4978448275862069,0.6679576564002638,0.5555555555555556,0.0,0.0,0.0,0.0,2002,clin,0.8
1,4,lr1e-04_bs32_modL1_fusion32_fusionL1_drop0p2_trmiss80_trlocclin,32,0.0001,1,32,1,0.2,lr1e-04_bs32_modL1_fusion32_fusionL1_drop0p2_trmiss80_trlocclin,26,0.45403553545475006,0.7024759352207184,0.4956896551724138,0.6699906578802494,0.5555555555555556,0.0,0.0,0.0,0.0,2002,clin,0.8
1,4,lr1e-04_bs32_modL1_fusion32_fusionL1_drop0p2_trmiss80_trlocclin,32,0.0001,1,32,1,0.2,lr1e-04_bs32_modL1_fusion32_fusionL1_drop0p2_trmiss80_trlocclin,27,0.4541253050168355,0.6993091702461243,0.5043103448275863,0.677950165471434,0.5777777777777777,0.0,0.0,0.0,0.0,2002,clin,0.8
1,4,lr1e-04_bs32_modL1_fusion32_fusionL1_drop0p2_trmiss80_trlocclin,32,0.0001,1,32,1,0.2,lr1e-04_bs32_modL1_fusion32_fusionL1_drop0p2_trmiss80_trlocclin,28,0.46016262471675873,0.7014083564281464,0.5,0.6708707206951416,0.5777777777777777,0.0,0.0,0.0,0.0,2002,clin,0.8
1,4,lr1e-04_bs32_modL1_fusion32_fusionL1_drop0p2_trmiss80_trlocclin,32,0.0001,1,32,1,0.2,lr1e-04_bs32_modL1_fusion32_fusionL1_drop0p2_trmiss80_trlocclin,29,0.4563634941975276,0.7035523355007172,0.49353448275862066,0.6707615708530079,0.5777777777777777,0.0,0.0,0.0,0.0,2002,clin,0.8
1,4,lr1e-04_bs32_modL1_fusion32_fusionL1_drop0p1_trmiss80_trlocclin,32,0.0001,1,32,1,0.1,lr1e-04_bs32_modL1_fusion32_fusionL1_drop0p1_trmiss80_trlocclin,1,0.7290245691935221,0.7121070027351379,0.6099137931034483,0.7200777101015534,0.35555555555555557,0.0,0.0,0.0,0.0,2002,clin,0.8
1,4,lr1e-04_bs32_modL1_fusion32_fusionL1_drop0p1_trmiss80_trlocclin,32,0.0001,1,32,1,0.1,lr1e-04_bs32_modL1_fusion32_fusionL1_drop0p1_trmiss80_trlocclin,2,0.6609847247600555,0.6934688687324524,0.6551724137931034,0.7860787773108314,0.4888888888888889,0.0,0.0,0.0,0.0,2002,clin,0.8
1,4,lr1e-04_bs32_modL1_fusion32_fusionL1_drop0p1_trmiss80_trlocclin,32,0.0001,1,32,1,0.1,lr1e-04_bs32_modL1_fusion32_fusionL1_drop0p1_trmiss80_trlocclin,3,0.6407769421736399,0.6812132000923157,0.6702586206896552,0.8135935817143061,0.5333333333333333,0.0,0.0,0.0,0.0,2002,clin,0.8
1,4,lr1e-04_bs32_modL1_fusion32_fusionL1_drop0p1_trmiss80_trlocclin,32,0.0001,1,32,1,0.1,lr1e-04_bs32_modL1_fusion32_fusionL1_drop0p1_trmiss80_trlocclin,4,0.6031593382358551,0.6720384657382965,0.6594827586206897,0.8134637789592187,0.5333333333333333,0.0,0.0,0.0,0.0,2002,clin,0.8
1,4,lr1e-04_bs32_modL1_fusion32_fusionL1_drop0p1_trmiss80_trlocclin,32,0.0001,1,32,1,0.1,lr1e-04_bs32_modL1_fusion32_fusionL1_drop0p1_trmiss80_trlocclin,5,0.5928476055463155,0.6651508808135986,0.6724137931034483,0.8224227761483287,0.5555555555555556,0.0,0.0,0.0,0.0,2002,clin,0.8
1,4,lr1e-04_bs32_modL1_fusion32_fusionL1_drop0p1_trmiss80_trlocclin,32,0.0001,1,32,1,0.1,lr1e-04_bs32_modL1_fusion32_fusionL1_drop0p1_trmiss80_trlocclin,6,0.5655467708905538,0.6612938046455383,0.6681034482758621,0.8150083107351063,0.5555555555555556,0.0,0.0,0.0,0.0,2002,clin,0.8
1,4,lr1e-04_bs32_modL1_fusion32_fusionL1_drop0p1_trmiss80_trlocclin,32,0.0001,1,32,1,0.1,lr1e-04_bs32_modL1_fusion32_fusionL1_drop0p1_trmiss80_trlocclin,7,0.5420522292455038,0.6649954319000244,0.6422413793103448,0.8008129048477624,0.5333333333333333,0.0,0.0,0.0,0.0,2002,clin,0.8
1,4,lr1e-04_bs32_modL1_fusion32_fusionL1_drop0p1_trmiss80_trlocclin,32,0.0001,1,32,1,0.1,lr1e-04_bs32_modL1_fusion32_fusionL1_drop0p1_trmiss80_trlocclin,8,0.5312834282716116,0.6637724041938782,0.6443965517241379,0.8027384209020099,0.5555555555555556,0.0,0.0,0.0,0.0,2002,clin,0.8
1,4,lr1e-04_bs32_modL1_fusion32_fusionL1_drop0p1_trmiss80_trlocclin,32,0.0001,1,32,1,0.1,lr1e-04_bs32_modL1_fusion32_fusionL1_drop0p1_trmiss80_trlocclin,9,0.5229823638995489,0.6594923734664917,0.6637931034482759,0.8106873707793913,0.5555555555555556,0.0,0.0,0.0,0.0,2002,clin,0.8
1,4,lr1e-04_bs32_modL1_fusion32_fusionL1_drop0p1_trmiss80_trlocclin,32,0.0001,1,32,1,0.1,lr1e-04_bs32_modL1_fusion32_fusionL1_drop0p1_trmiss80_trlocclin,10,0.5230046808719635,0.6603197753429413,0.6594827586206897,0.8076215329585625,0.5777777777777777,0.0,0.0,0.0,0.0,2002,clin,0.8
1,4,lr1e-04_bs32_modL1_fusion32_fusionL1_drop0p1_trmiss80_trlocclin,32,0.0001,1,32,1,0.1,lr1e-04_bs32_modL1_fusion32_fusionL1_drop0p1_trmiss80_trlocclin,11,0.500821848710378,0.6603882014751434,0.6422413793103448,0.789599862431522,0.5777777777777777,0.0,0.0,0.0,0.0,2002,clin,0.8
1,4,lr1e-04_bs32_modL1_fusion32_fusionL1_drop0p1_trmiss80_trlocclin,32,0.0001,1,32,1,0.1,lr1e-04_bs32_modL1_fusion32_fusionL1_drop0p1_trmiss80_trlocclin,12,0.4799860765536626,0.6659729778766632,0.6443965517241379,0.7912408651897754,0.5777777777777777,0.0,0.0,0.0,0.0,2002,clin,0.8
1,4,lr1e-04_bs32_modL1_fusion32_fusionL1_drop0p1_trmiss80_trlocclin,32,0.0001,1,32,1,0.1,lr1e-04_bs32_modL1_fusion32_fusionL1_drop0p1_trmiss80_trlocclin,13,0.47227958341439563,0.6635036170482635,0.6487068965517241,0.7881558082602137,0.5777777777777777,0.0,0.0,0.0,0.0,2002,clin,0.8
1,4,lr1e-04_bs32_modL1_fusion32_fusionL1_drop0p1_trmiss80_trlocclin,32,0.0001,1,32,1,0.1,lr1e-04_bs32_modL1_fusion32_fusionL1_drop0p1_trmiss80_trlocclin,14,0.4621163258949916,0.662997841835022,0.6573275862068966,0.7908214808812352,0.6222222222222222,0.0,0.0,0.0,0.0,2002,clin,0.8
1,4,lr1e-04_bs32_modL1_fusion32_fusionL1_drop0p1_trmiss80_trlocclin,32,0.0001,1,32,1,0.1,lr1e-04_bs32_modL1_fusion32_fusionL1_drop0p1_trmiss80_trlocclin,15,0.44995802144209546,0.6666545271873474,0.6422413793103448,0.7861908382572332,0.6222222222222222,0.0,0.0,0.0,0.0,2002,clin,0.8
1,4,lr1e-04_bs32_modL1_fusion32_fusionL1_drop0p1_trmiss80_trlocclin,32,0.0001,1,32,1,0.1,lr1e-04_bs32_modL1_fusion32_fusionL1_drop0p1_trmiss80_trlocclin,16,0.4386504391829173,0.6667895019054413,0.6379310344827587,0.785156127071741,0.6222222222222222,0.0,0.0,0.0,0.0,2002,clin,0.8
1,4,lr1e-04_bs32_modL1_fusion32_fusionL1_drop0p1_trmiss80_trlocclin,32,0.0001,1,32,1,0.1,lr1e-04_bs32_modL1_fusion32_fusionL1_drop0p1_trmiss80_trlocclin,17,0.4208821803331375,0.6694211065769196,0.6400862068965517,0.7812666504392248,0.6,0.0,0.0,0.0,0.0,2002,clin,0.8
1,4,lr1e-04_bs32_modL1_fusion32_fusionL1_drop0p1_trmiss80_trlocclin,32,0.0001,1,32,1,0.1,lr1e-04_bs32_modL1_fusion32_fusionL1_drop0p1_trmiss80_trlocclin,18,0.4409504334131877,0.6647416651248932,0.6487068965517242,0.7913834508163017,0.6,0.0,0.0,0.0,0.0,2002,clin,0.8
1,4,lr1e-04_bs32_modL1_fusion32_fusionL1_drop0p1_trmiss80_trlocclin,32,0.0001,1,32,1,0.1,lr1e-04_bs32_modL1_fusion32_fusionL1_drop0p1_trmiss80_trlocclin,19,0.4310018370548884,0.661667674779892,0.6616379310344828,0.7969882374919609,0.6,0.0,0.0,0.0,0.0,2002,clin,0.8
1,4,lr1e-04_bs32_modL1_fusion32_fusionL1_drop0p1_trmiss80_trlocclin,32,0.0001,1,32,1,0.1,lr1e-04_bs32_modL1_fusion32_fusionL1_drop0p1_trmiss80_trlocclin,20,0.416873296101888,0.6616248190402985,0.6551724137931034,0.7900200156720213,0.6,0.0,0.0,0.0,0.0,2002,clin,0.8
1,4,lr1e-04_bs32_modL1_fusion32_fusionL1_drop0p1_trmiss80_trlocclin,32,0.0001,1,32,1,0.1,lr1e-04_bs32_modL1_fusion32_fusionL1_drop0p1_trmiss80_trlocclin,21,0.43574335674444836,0.6636547148227692,0.6487068965517241,0.7867934834948435,0.6,0.0,0.0,0.0,0.0,2002,clin,0.8
1,4,lr1e-04_bs32_modL1_fusion32_fusionL1_drop0p1_trmiss80_trlocclin,32,0.0001,1,32,1,0.1,lr1e-04_bs32_modL1_fusion32_fusionL1_drop0p1_trmiss80_trlocclin,22,0.41711221138636273,0.6678392887115479,0.6422413793103448,0.7843248277411715,0.5777777777777777,0.0,0.0,0.0,0.0,2002,clin,0.8
1,4,lr1e-04_bs32_modL1_fusion32_fusionL1_drop0p1_trmiss80_trlocclin,32,0.0001,1,32,1,0.1,lr1e-04_bs32_modL1_fusion32_fusionL1_drop0p1_trmiss80_trlocclin,23,0.40719474852085114,0.6693163812160492,0.6530172413793103,0.7839781669794735,0.5777777777777777,0.0,0.0,0.0,0.0,2002,clin,0.8
1,4,lr1e-04_bs32_modL1_fusion32_fusionL1_drop0p1_trmiss80_trlocclin,32,0.0001,1,32,1,0.1,lr1e-04_bs32_modL1_fusion32_fusionL1_drop0p1_trmiss80_trlocclin,24,0.40436700979868573,0.6672664284706116,0.6573275862068966,0.7865654221829984,0.5777777777777777,0.0,0.0,0.0,0.0,2002,clin,0.8
1,4,lr1e-04_bs32_modL1_fusion32_fusionL1_drop0p1_trmiss80_trlocclin,32,0.0001,1,32,1,0.1,lr1e-04_bs32_modL1_fusion32_fusionL1_drop0p1_trmiss80_trlocclin,25,0.4119379172722499,0.6715061068534851,0.6379310344827586,0.7778302807475318,0.5777777777777777,0.0,0.0,0.0,0.0,2002,clin,0.8
1,4,lr1e-04_bs32_modL1_fusion64_fusionL1_drop0p2_trmiss80_trlocclin,32,0.0001,1,64,1,0.2,lr1e-04_bs32_modL1_fusion64_fusionL1_drop0p2_trmiss80_trlocclin,1,0.6894601186116537,0.6786269843578339,0.5452586206896551,0.7410931943395771,0.6,0.0,0.0,0.0,0.0,2002,clin,0.8
1,4,lr1e-04_bs32_modL1_fusion64_fusionL1_drop0p2_trmiss80_trlocclin,32,0.0001,1,64,1,0.2,lr1e-04_bs32_modL1_fusion64_fusionL1_drop0p2_trmiss80_trlocclin,2,0.6785712540149689,0.6684302985668182,0.6142241379310345,0.7678353236393007,0.6666666666666666,0.0,0.0,0.0,0.0,2002,clin,0.8
1,4,lr1e-04_bs32_modL1_fusion64_fusionL1_drop0p2_trmiss80_trlocclin,32,0.0001,1,64,1,0.2,lr1e-04_bs32_modL1_fusion64_fusionL1_drop0p2_trmiss80_trlocclin,3,0.6271537144978842,0.6588243842124939,0.6185344827586208,0.782048878250406,0.6666666666666666,0.0,0.0,0.0,0.0,2002,clin,0.8
1,4,lr1e-04_bs32_modL1_fusion64_fusionL1_drop0p2_trmiss80_trlocclin,32,0.0001,1,64,1,0.2,lr1e-04_bs32_modL1_fusion64_fusionL1_drop0p2_trmiss80_trlocclin,4,0.5909190277258555,0.6508134305477142,0.6185344827586208,0.771286444639594,0.6888888888888889,0.0,0.0,0.0,0.0,2002,clin,0.8
1,4,lr1e-04_bs32_modL1_fusion64_fusionL1_drop0p2_trmiss80_trlocclin,32,0.0001,1,64,1,0.2,lr1e-04_bs32_modL1_fusion64_fusionL1_drop0p2_trmiss80_trlocclin,5,0.5948864420255026,0.6476868093013763,0.627155172413793,0.7667492349541173,0.6666666666666666,0.0,0.0,0.0,0.0,2002,clin,0.8
1,4,lr1e-04_bs32_modL1_fusion64_fusionL1_drop0p2_trmiss80_trlocclin,32,0.0001,1,64,1,0.2,lr1e-04_bs32_modL1_fusion64_fusionL1_drop0p2_trmiss80_trlocclin,6,0.560808539390564,0.6456473469734192,0.6271551724137931,0.7578290375017057,0.6666666666666666,0.0,0.0,0.0,0.0,2002,clin,0.8
1,4,lr1e-04_bs32_modL1_fusion64_fusionL1_drop0p2_trmiss80_trlocclin,32,0.0001,1,64,1,0.2,lr1e-04_bs32_modL1_fusion64_fusionL1_drop0p2_trmiss80_trlocclin,7,0.552407756447792,0.6407071352005005,0.665948275862069,0.7882497631646229,0.7111111111111111,0.0,0.0,0.0,0.0,2002,clin,0.8
1,4,lr1e-04_bs32_modL1_fusion64_fusionL1_drop0p2_trmiss80_trlocclin,32,0.0001,1,64,1,0.2,lr1e-04_bs32_modL1_fusion64_fusionL1_drop0p2_trmiss80_trlocclin,8,0.5328780313332876,0.638309895992279,0.6681034482758621,0.7906157087575449,0.7111111111111111,0.0,0.0,0.0,0.0,2002,clin,0.8
1,4,lr1e-04_bs32_modL1_fusion64_fusionL1_drop0p2_trmiss80_trlocclin,32,0.0001,1,64,1,0.2,lr1e-04_bs32_modL1_fusion64_fusionL1_drop0p2_trmiss80_trlocclin,9,0.5130492697159449,0.6393190026283264,0.665948275862069,0.7899305098024225,0.7111111111111111,0.0,0.0,0.0,0.0,2002,clin,0.8
1,4,lr1e-04_bs32_modL1_fusion64_fusionL1_drop0p2_trmiss80_trlocclin,32,0.0001,1,64,1,0.2,lr1e-04_bs32_modL1_fusion64_fusionL1_drop0p2_trmiss80_trlocclin,10,0.4935121883948644,0.6382555365562439,0.6594827586206896,0.8007360643966117,0.7111111111111111,0.0,0.0,0.0,0.0,2002,clin,0.8
1,4,lr1e-04_bs32_modL1_fusion64_fusionL1_drop0p2_trmiss80_trlocclin,32,0.0001,1,64,1,0.2,lr1e-04_bs32_modL1_fusion64_fusionL1_drop0p2_trmiss80_trlocclin,11,0.48811833560466766,0.6445939242839813,0.6508620689655172,0.7982572880933403,0.6888888888888889,0.0,0.0,0.0,0.0,2002,clin,0.8
1,4,lr1e-04_bs32_modL1_fusion64_fusionL1_drop0p2_trmiss80_trlocclin,32,0.0001,1,64,1,0.2,lr1e-04_bs32_modL1_fusion64_fusionL1_drop0p2_trmiss80_trlocclin,12,0.47621989746888477,0.6501681208610535,0.6336206896551724,0.7872889011374871,0.6666666666666666,0.0,0.0,0.0,0.0,2002,clin,0.8
1,4,lr1e-04_bs32_modL1_fusion64_fusionL1_drop0p2_trmiss80_trlocclin,32,0.0001,1,64,1,0.2,lr1e-04_bs32_modL1_fusion64_fusionL1_drop0p2_trmiss80_trlocclin,13,0.4814868022998174,0.6539206504821777,0.6336206896551725,0.7887752842202287,0.6444444444444445,0.0,0.0,0.0,0.0,2002,clin,0.8
1,4,lr1e-04_bs32_modL1_fusion64_fusionL1_drop0p2_trmiss80_trlocclin,32,0.0001,1,64,1,0.2,lr1e-04_bs32_modL1_fusion64_fusionL1_drop0p2_trmiss80_trlocclin,14,0.45389417310555774,0.6550287306308746,0.6206896551724137,0.7827284191818782,0.6444444444444445,0.0,0.0,0.0,0.0,2002,clin,0.8
1,4,lr1e-04_bs32_modL1_fusion64_fusionL1_drop0p2_trmiss80_trlocclin,32,0.0001,1,64,1,0.2,lr1e-04_bs32_modL1_fusion64_fusionL1_drop0p2_trmiss80_trlocclin,15,0.43354953328768414,0.6556657552719116,0.603448275862069,0.7816076756500596,0.6666666666666666,0.0,0.0,0.0,0.0,2002,clin,0.8
1,4,lr1e-04_bs32_modL1_fusion64_fusionL1_drop0p2_trmiss80_trlocclin,32,0.0001,1,64,1,0.2,lr1e-04_bs32_modL1_fusion64_fusionL1_drop0p2_trmiss80_trlocclin,16,0.43355628351370495,0.656095027923584,0.5883620689655172,0.7682153297228334,0.6444444444444445,0.0,0.0,0.0,0.0,2002,clin,0.8
1,4,lr1e-04_bs32_modL1_fusion64_fusionL1_drop0p2_trmiss80_trlocclin,32,0.0001,1,64,1,0.2,lr1e-04_bs32_modL1_fusion64_fusionL1_drop0p2_trmiss80_trlocclin,17,0.4245020200808843,0.657317191362381,0.5818965517241379,0.7666861547321013,0.6222222222222222,0.0,0.0,0.0,0.0,2002,clin,0.8
1,4,lr1e-04_bs32_modL1_fusion64_fusionL1_drop0p2_trmiss80_trlocclin,32,0.0001,1,64,1,0.2,lr1e-04_bs32_modL1_fusion64_fusionL1_drop0p2_trmiss80_trlocclin,18,0.4208292414744695,0.6564589142799377,0.5754310344827586,0.7619412641858472,0.6,0.0,0.0,0.0,0.0,2002,clin,0.8
1,4,lr1e-04_bs32_modL1_fusion64_fusionL1_drop0p2_trmiss80_trlocclin,32,0.0001,1,64,1,0.2,lr1e-04_bs32_modL1_fusion64_fusionL1_drop0p2_trmiss80_trlocclin,19,0.41993190348148346,0.6549209654331207,0.584051724137931,0.7642907940741015,0.6444444444444445,0.0,0.0,0.0,0.0,2002,clin,0.8
1,4,lr1e-04_bs32_modL1_fusion64_fusionL1_drop0p2_trmiss80_trlocclin,32,0.0001,1,64,1,0.2,lr1e-04_bs32_modL1_fusion64_fusionL1_drop0p2_trmiss80_trlocclin,20,0.42268072565396625,0.6588734686374664,0.5926724137931034,0.7702808448917384,0.6444444444444445,0.0,0.0,0.0,0.0,2002,clin,0.8
1,4,lr1e-04_bs32_modL1_fusion64_fusionL1_drop0p2_trmiss80_trlocclin,32,0.0001,1,64,1,0.2,lr1e-04_bs32_modL1_fusion64_fusionL1_drop0p2_trmiss80_trlocclin,21,0.42101188997427624,0.6602370738983154,0.5883620689655172,0.7669658815909206,0.6444444444444445,0.0,0.0,0.0,0.0,2002,clin,0.8
1,4,lr1e-04_bs32_modL1_fusion64_fusionL1_drop0p2_trmiss80_trlocclin,32,0.0001,1,64,1,0.2,lr1e-04_bs32_modL1_fusion64_fusionL1_drop0p2_trmiss80_trlocclin,22,0.39439692596594494,0.6594812572002411,0.5862068965517242,0.7663981776380191,0.6222222222222222,0.0,0.0,0.0,0.0,2002,clin,0.8
1,4,lr1e-04_bs32_modL1_fusion64_fusionL1_drop0p2_trmiss80_trlocclin,32,0.0001,1,64,1,0.2,lr1e-04_bs32_modL1_fusion64_fusionL1_drop0p2_trmiss80_trlocclin,23,0.4140838881333669,0.6605347096920013,0.5905172413793104,0.768690019521955,0.6222222222222222,0.0,0.0,0.0,0.0,2002,clin,0.8
1,4,lr1e-04_bs32_modL1_fusion64_fusionL1_drop0p2_trmiss80_trlocclin,32,0.0001,1,64,1,0.2,lr1e-04_bs32_modL1_fusion64_fusionL1_drop0p2_trmiss80_trlocclin,24,0.4065602322419484,0.6629337072372437,0.5840517241379309,0.7667294243692779,0.6,0.0,0.0,0.0,0.0,2002,clin,0.8
1,4,lr1e-04_bs32_modL1_fusion64_fusionL1_drop0p2_trmiss80_trlocclin,32,0.0001,1,64,1,0.2,lr1e-04_bs32_modL1_fusion64_fusionL1_drop0p2_trmiss80_trlocclin,25,0.3976401885350545,0.662769615650177,0.5775862068965517,0.7591327928880635,0.6,0.0,0.0,0.0,0.0,2002,clin,0.8
1,4,lr1e-04_bs32_modL1_fusion64_fusionL1_drop0p2_trmiss80_trlocclin,32,0.0001,1,64,1,0.2,lr1e-04_bs32_modL1_fusion64_fusionL1_drop0p2_trmiss80_trlocclin,26,0.3919457246859868,0.6615554094314575,0.5818965517241379,0.760528523594139,0.6222222222222222,0.0,0.0,0.0,0.0,2002,clin,0.8
1,4,lr1e-04_bs32_modL1_fusion64_fusionL1_drop0p2_trmiss80_trlocclin,32,0.0001,1,64,1,0.2,lr1e-04_bs32_modL1_fusion64_fusionL1_drop0p2_trmiss80_trlocclin,27,0.38809268673261005,0.6622959077358246,0.5797413793103449,0.7599502616050428,0.6,0.0,0.0,0.0,0.0,2002,clin,0.8
1,4,lr1e-04_bs32_modL1_fusion64_fusionL1_drop0p2_trmiss80_trlocclin,32,0.0001,1,64,1,0.2,lr1e-04_bs32_modL1_fusion64_fusionL1_drop0p2_trmiss80_trlocclin,28,0.39295171201229095,0.6629700064659119,0.5818965517241379,0.7605552222825986,0.6,0.0,0.0,0.0,0.0,2002,clin,0.8
1,4,lr1e-04_bs32_modL1_fusion64_fusionL1_drop0p1_trmiss80_trlocclin,32,0.0001,1,64,1,0.1,lr1e-04_bs32_modL1_fusion64_fusionL1_drop0p1_trmiss80_trlocclin,1,0.7430744369824728,0.7026449143886566,0.4913793103448276,0.6664634191226889,0.4,0.0,0.0,0.0,0.0,2002,clin,0.8
1,4,lr1e-04_bs32_modL1_fusion64_fusionL1_drop0p1_trmiss80_trlocclin,32,0.0001,1,64,1,0.1,lr1e-04_bs32_modL1_fusion64_fusionL1_drop0p1_trmiss80_trlocclin,2,0.6636651953061422,0.711173802614212,0.5301724137931034,0.6924798414213473,0.4444444444444444,0.0,0.0,0.0,0.0,2002,clin,0.8
1,4,lr1e-04_bs32_modL1_fusion64_fusionL1_drop0p1_trmiss80_trlocclin,32,0.0001,1,64,1,0.1,lr1e-04_bs32_modL1_fusion64_fusionL1_drop0p1_trmiss80_trlocclin,3,0.6438242296377817,0.7145197689533234,0.5452586206896552,0.709496939342758,0.4444444444444444,0.0,0.0,0.0,0.0,2002,clin,0.8
1,4,lr1e-04_bs32_modL1_fusion64_fusionL1_drop0p1_trmiss80_trlocclin,32,0.0001,1,64,1,0.1,lr1e-04_bs32_modL1_fusion64_fusionL1_drop0p1_trmiss80_trlocclin,4,0.6028835674126943,0.7134488523006439,0.5711206896551724,0.7347826125008369,0.4666666666666667,0.0,0.0,0.0,0.0,2002,clin,0.8
1,4,lr1e-04_bs32_modL1_fusion64_fusionL1_drop0p1_trmiss80_trlocclin,32,0.0001,1,64,1,0.1,lr1e-04_bs32_modL1_fusion64_fusionL1_drop0p1_trmiss80_trlocclin,5,0.5929812689622244,0.7106978595256805,0.603448275862069,0.7599787604529364,0.5111111111111111,0.0,0.0,0.0,0.0,2002,clin,0.8
1,4,lr1e-04_bs32_modL1_fusion64_fusionL1_drop0p1_trmiss80_trlocclin,32,0.0001,1,64,1,0.1,lr1e-04_bs32_modL1_fusion64_fusionL1_drop0p1_trmiss80_trlocclin,6,0.5524578889211019,0.7044916450977325,0.6206896551724138,0.7671944434961777,0.5555555555555556,0.0,0.0,0.0,0.0,2002,clin,0.8
1,4,lr1e-04_bs32_modL1_fusion64_fusionL1_drop0p1_trmiss80_trlocclin,32,0.0001,1,64,1,0.1,lr1e-04_bs32_modL1_fusion64_fusionL1_drop0p1_trmiss80_trlocclin,7,0.5326650689045588,0.6996850669384003,0.6314655172413793,0.7679416343679164,0.5333333333333333,0.0,0.0,0.0,0.0,2002,clin,0.8
1,4,lr1e-04_bs32_modL1_fusion64_fusionL1_drop0p1_trmiss80_trlocclin,32,0.0001,1,64,1,0.1,lr1e-04_bs32_modL1_fusion64_fusionL1_drop0p1_trmiss80_trlocclin,8,0.5266441901524862,0.7026879191398621,0.6314655172413793,0.7678987201513074,0.5555555555555556,0.0,0.0,0.0,0.0,2002,clin,0.8
1,4,lr1e-04_bs32_modL1_fusion64_fusionL1_drop0p1_trmiss80_trlocclin,32,0.0001,1,64,1,0.1,lr1e-04_bs32_modL1_fusion64_fusionL1_drop0p1_trmiss80_trlocclin,9,0.5102818856636683,0.6991200149059296,0.6443965517241379,0.7560385518786236,0.6,0.0,0.0,0.0,0.0,2002,clin,0.8
1,4,lr1e-04_bs32_modL1_fusion64_fusionL1_drop0p1_trmiss80_trlocclin,32,0.0001,1,64,1,0.1,lr1e-04_bs32_modL1_fusion64_fusionL1_drop0p1_trmiss80_trlocclin,10,0.49235905210177106,0.6927685439586639,0.646551724137931,0.7808808665050901,0.6222222222222222,0.0,0.0,0.0,0.0,2002,clin,0.8
1,4,lr1e-04_bs32_modL1_fusion64_fusionL1_drop0p1_trmiss80_trlocclin,32,0.0001,1,64,1,0.1,lr1e-04_bs32_modL1_fusion64_fusionL1_drop0p1_trmiss80_trlocclin,11,0.46623246371746063,0.6891754567623138,0.6487068965517242,0.7865727513792105,0.5777777777777777,0.0,0.0,0.0,0.0,2002,clin,0.8
1,4,lr1e-04_bs32_modL1_fusion64_fusionL1_drop0p1_trmiss80_trlocclin,32,0.0001,1,64,1,0.1,lr1e-04_bs32_modL1_fusion64_fusionL1_drop0p1_trmiss80_trlocclin,12,0.4559333225091298,0.6869195699691772,0.6422413793103448,0.7819056321516573,0.5777777777777777,0.0,0.0,0.0,0.0,2002,clin,0.8
1,4,lr1e-04_bs32_modL1_fusion64_fusionL1_drop0p1_trmiss80_trlocclin,32,0.0001,1,64,1,0.1,lr1e-04_bs32_modL1_fusion64_fusionL1_drop0p1_trmiss80_trlocclin,13,0.4391912619272868,0.6859849095344543,0.6206896551724138,0.7640697765295885,0.5777777777777777,0.0,0.0,0.0,0.0,2002,clin,0.8
1,4,lr1e-04_bs32_modL1_fusion64_fusionL1_drop0p1_trmiss80_trlocclin,32,0.0001,1,64,1,0.1,lr1e-04_bs32_modL1_fusion64_fusionL1_drop0p1_trmiss80_trlocclin,14,0.4347803344329198,0.6865097880363464,0.6206896551724138,0.7663159838818343,0.5777777777777777,0.0,0.0,0.0,0.0,2002,clin,0.8
1,4,lr1e-04_bs32_modL1_fusion64_fusionL1_drop0p1_trmiss80_trlocclin,32,0.0001,1,64,1,0.1,lr1e-04_bs32_modL1_fusion64_fusionL1_drop0p1_trmiss80_trlocclin,15,0.4112112621466319,0.6995041072368622,0.6163793103448276,0.7502065196049225,0.5555555555555556,0.0,0.0,0.0,0.0,2002,clin,0.8
1,4,lr1e-04_bs32_modL1_fusion64_fusionL1_drop0p1_trmiss80_trlocclin,32,0.0001,1,64,1,0.1,lr1e-04_bs32_modL1_fusion64_fusionL1_drop0p1_trmiss80_trlocclin,16,0.4052976071834564,0.7096613347530365,0.5883620689655172,0.7366561968002213,0.5333333333333333,0.0,0.0,0.0,0.0,2002,clin,0.8
1,4,lr1e-04_bs32_modL1_fusion64_fusionL1_drop0p1_trmiss80_trlocclin,32,0.0001,1,64,1,0.1,lr1e-04_bs32_modL1_fusion64_fusionL1_drop0p1_trmiss80_trlocclin,17,0.3950554430484772,0.7059747278690338,0.5862068965517242,0.7235202223097765,0.5333333333333333,0.0,0.0,0.0,0.0,2002,clin,0.8
1,4,lr1e-04_bs32_modL1_fusion64_fusionL1_drop0p1_trmiss80_trlocclin,32,0.0001,1,64,1,0.1,lr1e-04_bs32_modL1_fusion64_fusionL1_drop0p1_trmiss80_trlocclin,18,0.366346741716067,0.702119767665863,0.5926724137931034,0.7245147675093246,0.5333333333333333,0.0,0.0,0.0,0.0,2002,clin,0.8
1,4,lr1e-04_bs32_modL1_fusion64_fusionL1_drop0p1_trmiss80_trlocclin,32,0.0001,1,64,1,0.1,lr1e-04_bs32_modL1_fusion64_fusionL1_drop0p1_trmiss80_trlocclin,19,0.39048848549524945,0.704028308391571,0.5926724137931034,0.7239548130424726,0.5333333333333333,0.0,0.0,0.0,0.0,2002,clin,0.8
1,4,lr1e-04_bs32_modL1_fusion64_fusionL1_drop0p1_trmiss80_trlocclin,32,0.0001,1,64,1,0.1,lr1e-04_bs32_modL1_fusion64_fusionL1_drop0p1_trmiss80_trlocclin,20,0.34915288786093396,0.7054497599601746,0.5862068965517242,0.721718009994929,0.5333333333333333,0.0,0.0,0.0,0.0,2002,clin,0.8
1,4,lr1e-04_bs32_modL1_fusion64_fusionL1_drop0p1_trmiss80_trlocclin,32,0.0001,1,64,1,0.1,lr1e-04_bs32_modL1_fusion64_fusionL1_drop0p1_trmiss80_trlocclin,21,0.35648272931575775,0.7058714330196381,0.5905172413793103,0.7230563916725765,0.5555555555555556,0.0,0.0,0.0,0.0,2002,clin,0.8
1,4,lr1e-04_bs32_modL1_fusion64_fusionL1_drop0p1_trmiss80_trlocclin,32,0.0001,1,64,1,0.1,lr1e-04_bs32_modL1_fusion64_fusionL1_drop0p1_trmiss80_trlocclin,22,0.34825881322224933,0.7067809104919434,0.5883620689655172,0.7106711062709469,0.5333333333333333,0.0,0.0,0.0,0.0,2002,clin,0.8
1,4,lr1e-04_bs32_modL1_fusion64_fusionL1_drop0p1_trmiss80_trlocclin,32,0.0001,1,64,1,0.1,lr1e-04_bs32_modL1_fusion64_fusionL1_drop0p1_trmiss80_trlocclin,23,0.3476470112800598,0.7123050689697266,0.5818965517241379,0.7136321388005386,0.5111111111111111,0.0,0.0,0.0,0.0,2002,clin,0.8
1,4,lr1e-04_bs32_modL1_fusion64_fusionL1_drop0p1_trmiss80_trlocclin,32,0.0001,1,64,1,0.1,lr1e-04_bs32_modL1_fusion64_fusionL1_drop0p1_trmiss80_trlocclin,24,0.3387812276681264,0.7158054411411285,0.5775862068965517,0.7111017871373269,0.5333333333333333,0.0,0.0,0.0,0.0,2002,clin,0.8
1,4,lr1e-04_bs32_modL1_fusion64_fusionL1_drop0p1_trmiss80_trlocclin,32,0.0001,1,64,1,0.1,lr1e-04_bs32_modL1_fusion64_fusionL1_drop0p1_trmiss80_trlocclin,25,0.3320816904306412,0.7145624458789825,0.5862068965517242,0.7136324584696422,0.5333333333333333,0.0,0.0,0.0,0.0,2002,clin,0.8
1,4,lr1e-04_bs32_modL1_fusion64_fusionL1_drop0p1_trmiss80_trlocclin,32,0.0001,1,64,1,0.1,lr1e-04_bs32_modL1_fusion64_fusionL1_drop0p1_trmiss80_trlocclin,26,0.31978177030881244,0.719988077878952,0.5797413793103449,0.709245753220868,0.5333333333333333,0.0,0.0,0.0,0.0,2002,clin,0.8
1,4,lr1e-04_bs32_modL1_fusion64_fusionL1_drop0p1_trmiss80_trlocclin,32,0.0001,1,64,1,0.1,lr1e-04_bs32_modL1_fusion64_fusionL1_drop0p1_trmiss80_trlocclin,27,0.3316742181777954,0.7200772762298584,0.5732758620689655,0.7054177890731091,0.5555555555555556,0.0,0.0,0.0,0.0,2002,clin,0.8
1,4,lr1e-04_bs32_modL1_fusion64_fusionL1_drop0p1_trmiss80_trlocclin,32,0.0001,1,64,1,0.1,lr1e-04_bs32_modL1_fusion64_fusionL1_drop0p1_trmiss80_trlocclin,28,0.32195982336997986,0.7155349552631378,0.5775862068965517,0.7088862276889286,0.5333333333333333,0.0,0.0,0.0,0.0,2002,clin,0.8
1,4,lr1e-04_bs32_modL1_fusion64_fusionL1_drop0p1_trmiss80_trlocclin,32,0.0001,1,64,1,0.1,lr1e-04_bs32_modL1_fusion64_fusionL1_drop0p1_trmiss80_trlocclin,29,0.320518692334493,0.720156192779541,0.5754310344827586,0.708432058752634,0.5555555555555556,0.0,0.0,0.0,0.0,2002,clin,0.8
1,4,lr1e-04_bs32_modL1_fusion64_fusionL1_drop0p1_trmiss80_trlocclin,32,0.0001,1,64,1,0.1,lr1e-04_bs32_modL1_fusion64_fusionL1_drop0p1_trmiss80_trlocclin,30,0.3179084112246831,0.725739985704422,0.5711206896551724,0.7070413257579209,0.5555555555555556,0.0,0.0,0.0,0.0,2002,clin,0.8
1,4,lr1e-04_bs32_modL1_fusion64_fusionL1_drop0p1_trmiss80_trlocclin,32,0.0001,1,64,1,0.1,lr1e-04_bs32_modL1_fusion64_fusionL1_drop0p1_trmiss80_trlocclin,31,0.3252133975426356,0.7274853885173798,0.5689655172413793,0.7043593334207562,0.5555555555555556,0.0,0.0,0.0,0.0,2002,clin,0.8
1,5,lr5e-05_bs16_modL1_fusion32_fusionL1_drop0p2_trmiss80_trlocclin,16,5e-05,1,32,1,0.2,lr5e-05_bs16_modL1_fusion32_fusionL1_drop0p2_trmiss80_trlocclin,1,0.7714351465304693,0.7448979218800863,0.46120689655172414,0.6133408569267339,0.35555555555555557,0.0,0.0,0.0,0.0,2002,clin,0.8
1,5,lr5e-05_bs16_modL1_fusion32_fusionL1_drop0p2_trmiss80_trlocclin,16,5e-05,1,32,1,0.2,lr5e-05_bs16_modL1_fusion32_fusionL1_drop0p2_trmiss80_trlocclin,2,0.7567107230424881,0.7500310142834982,0.4525862068965517,0.6028037101355821,0.3333333333333333,0.0,0.0,0.0,0.0,2002,clin,0.8
1,5,lr5e-05_bs16_modL1_fusion32_fusionL1_drop0p2_trmiss80_trlocclin,16,5e-05,1,32,1,0.2,lr5e-05_bs16_modL1_fusion32_fusionL1_drop0p2_trmiss80_trlocclin,3,0.7369344929854075,0.7593838373819987,0.4676724137931035,0.6164265793742979,0.35555555555555557,0.0,0.0,0.0,0.0,2002,clin,0.8
1,5,lr5e-05_bs16_modL1_fusion32_fusionL1_drop0p2_trmiss80_trlocclin,16,5e-05,1,32,1,0.2,lr5e-05_bs16_modL1_fusion32_fusionL1_drop0p2_trmiss80_trlocclin,4,0.7163678308327993,0.7528890172640482,0.4698275862068965,0.6090048733799118,0.3333333333333333,0.0,0.0,0.0,0.0,2002,clin,0.8
1,5,lr5e-05_bs16_modL1_fusion32_fusionL1_drop0p2_trmiss80_trlocclin,16,5e-05,1,32,1,0.2,lr5e-05_bs16_modL1_fusion32_fusionL1_drop0p2_trmiss80_trlocclin,5,0.7000169257322947,0.7488994598388672,0.47844827586206895,0.611203089216122,0.37777777777777777,0.0,0.0,0.0,0.0,2002,clin,0.8
1,5,lr5e-05_bs16_modL1_fusion32_fusionL1_drop0p2_trmiss80_trlocclin,16,5e-05,1,32,1,0.2,lr5e-05_bs16_modL1_fusion32_fusionL1_drop0p2_trmiss80_trlocclin,6,0.6881403923034668,0.7337888479232788,0.5150862068965517,0.6304707378878567,0.35555555555555557,0.0,0.0,0.0,0.0,2002,clin,0.8
1,5,lr5e-05_bs16_modL1_fusion32_fusionL1_drop0p2_trmiss80_trlocclin,16,5e-05,1,32,1,0.2,lr5e-05_bs16_modL1_fusion32_fusionL1_drop0p2_trmiss80_trlocclin,7,0.6673968185981115,0.7264772057533264,0.5517241379310345,0.6627558628059405,0.37777777777777777,0.0,0.0,0.0,0.0,2002,clin,0.8
1,5,lr5e-05_bs16_modL1_fusion32_fusionL1_drop0p2_trmiss80_trlocclin,16,5e-05,1,32,1,0.2,lr5e-05_bs16_modL1_fusion32_fusionL1_drop0p2_trmiss80_trlocclin,8,0.6477506558100382,0.72355584303538,0.5754310344827587,0.6709232306404784,0.4,0.0,0.0,0.0,0.0,2002,clin,0.8
1,5,lr5e-05_bs16_modL1_fusion32_fusionL1_drop0p2_trmiss80_trlocclin,16,5e-05,1,32,1,0.2,lr5e-05_bs16_modL1_fusion32_fusionL1_drop0p2_trmiss80_trlocclin,9,0.6632104615370432,0.716053287188212,0.584051724137931,0.6760978719766443,0.4,0.0,0.0,0.0,0.0,2002,clin,0.8
1,5,lr5e-05_bs16_modL1_fusion32_fusionL1_drop0p2_trmiss80_trlocclin,16,5e-05,1,32,1,0.2,lr5e-05_bs16_modL1_fusion32_fusionL1_drop0p2_trmiss80_trlocclin,10,0.6255992899338404,0.7149643699328104,0.5775862068965517,0.6821330680933351,0.37777777777777777,0.0,0.0,0.0,0.0,2002,clin,0.8
1,5,lr5e-05_bs16_modL1_fusion32_fusionL1_drop0p2_trmiss80_trlocclin,16,5e-05,1,32,1,0.2,lr5e-05_bs16_modL1_fusion32_fusionL1_drop0p2_trmiss80_trlocclin,11,0.6398448596398035,0.7119489312171936,0.5732758620689655,0.6750423263585523,0.37777777777777777,0.0,0.0,0.0,0.0,2002,clin,0.8
1,5,lr5e-05_bs16_modL1_fusion32_fusionL1_drop0p2_trmiss80_trlocclin,16,5e-05,1,32,1,0.2,lr5e-05_bs16_modL1_fusion32_fusionL1_drop0p2_trmiss80_trlocclin,12,0.6217206170161566,0.7115577856699625,0.5754310344827587,0.6797003482082005,0.37777777777777777,0.0,0.0,0.0,0.0,2002,clin,0.8
1,5,lr5e-05_bs16_modL1_fusion32_fusionL1_drop0p2_trmiss80_trlocclin,16,5e-05,1,32,1,0.2,lr5e-05_bs16_modL1_fusion32_fusionL1_drop0p2_trmiss80_trlocclin,13,0.6337438424428304,0.7081621885299683,0.5862068965517242,0.6851134179557345,0.4666666666666667,0.0,0.0,0.0,0.0,2002,clin,0.8
1,5,lr5e-05_bs16_modL1_fusion32_fusionL1_drop0p2_trmiss80_trlocclin,16,5e-05,1,32,1,0.2,lr5e-05_bs16_modL1_fusion32_fusionL1_drop0p2_trmiss80_trlocclin,14,0.6052429328362147,0.7021022439002991,0.5991379310344828,0.6966989228609368,0.4666666666666667,0.0,0.0,0.0,0.0,2002,clin,0.8
1,5,lr5e-05_bs16_modL1_fusion32_fusionL1_drop0p2_trmiss80_trlocclin,16,5e-05,1,32,1,0.2,lr5e-05_bs16_modL1_fusion32_fusionL1_drop0p2_trmiss80_trlocclin,15,0.5872405444582304,0.7049732009569804,0.5862068965517242,0.6864169562505553,0.4,0.0,0.0,0.0,0.0,2002,clin,0.8
1,5,lr5e-05_bs16_modL1_fusion32_fusionL1_drop0p2_trmiss80_trlocclin,16,5e-05,1,32,1,0.2,lr5e-05_bs16_modL1_fusion32_fusionL1_drop0p2_trmiss80_trlocclin,16,0.577677438656489,0.7051789363225301,0.5905172413793103,0.6906549717845165,0.4,0.0,0.0,0.0,0.0,2002,clin,0.8
1,5,lr5e-05_bs16_modL1_fusion32_fusionL1_drop0p2_trmiss80_trlocclin,16,5e-05,1,32,1,0.2,lr5e-05_bs16_modL1_fusion32_fusionL1_drop0p2_trmiss80_trlocclin,17,0.5647285034259161,0.696554958820343,0.5948275862068966,0.6889951848411311,0.4666666666666667,0.0,0.0,0.0,0.0,2002,clin,0.8
1,5,lr5e-05_bs16_modL1_fusion32_fusionL1_drop0p2_trmiss80_trlocclin,16,5e-05,1,32,1,0.2,lr5e-05_bs16_modL1_fusion32_fusionL1_drop0p2_trmiss80_trlocclin,18,0.5732246885697047,0.6929556528727213,0.6206896551724137,0.7122274038112443,0.5333333333333333,0.0,0.0,0.0,0.0,2002,clin,0.8
1,5,lr5e-05_bs16_modL1_fusion32_fusionL1_drop0p2_trmiss80_trlocclin,16,5e-05,1,32,1,0.2,lr5e-05_bs16_modL1_fusion32_fusionL1_drop0p2_trmiss80_trlocclin,19,0.550874742368857,0.6903575658798218,0.6099137931034483,0.6916845601993973,0.4666666666666667,0.0,0.0,0.0,0.0,2002,clin,0.8
1,5,lr5e-05_bs16_modL1_fusion32_fusionL1_drop0p2_trmiss80_trlocclin,16,5e-05,1,32,1,0.2,lr5e-05_bs16_modL1_fusion32_fusionL1_drop0p2_trmiss80_trlocclin,20,0.5469737177093824,0.6915245453516642,0.5926724137931034,0.6813992127572928,0.4666666666666667,0.0,0.0,0.0,0.0,2002,clin,0.8
1,5,lr5e-05_bs16_modL1_fusion32_fusionL1_drop0p2_trmiss80_trlocclin,16,5e-05,1,32,1,0.2,lr5e-05_bs16_modL1_fusion32_fusionL1_drop0p2_trmiss80_trlocclin,21,0.5594226196408272,0.6881245772043864,0.5862068965517242,0.6852450914068857,0.4222222222222222,0.0,0.0,0.0,0.0,2002,clin,0.8
1,5,lr5e-05_bs16_modL1_fusion32_fusionL1_drop0p2_trmiss80_trlocclin,16,5e-05,1,32,1,0.2,lr5e-05_bs16_modL1_fusion32_fusionL1_drop0p2_trmiss80_trlocclin,22,0.5420690650741259,0.6864247719446818,0.6336206896551724,0.7176011921657617,0.4666666666666667,0.0,0.0,0.0,0.0,2002,clin,0.8
1,5,lr5e-05_bs16_modL1_fusion32_fusionL1_drop0p2_trmiss80_trlocclin,16,5e-05,1,32,1,0.2,lr5e-05_bs16_modL1_fusion32_fusionL1_drop0p2_trmiss80_trlocclin,23,0.5480664471785227,0.6878491838773092,0.6206896551724138,0.712249131880275,0.4666666666666667,0.0,0.0,0.0,0.0,2002,clin,0.8
1,5,lr5e-05_bs16_modL1_fusion32_fusionL1_drop0p2_trmiss80_trlocclin,16,5e-05,1,32,1,0.2,lr5e-05_bs16_modL1_fusion32_fusionL1_drop0p2_trmiss80_trlocclin,24,0.5309981976946195,0.6885002652804056,0.5926724137931034,0.6936317374126111,0.4888888888888889,0.0,0.0,0.0,0.0,2002,clin,0.8
1,5,lr5e-05_bs16_modL1_fusion32_fusionL1_drop0p2_trmiss80_trlocclin,16,5e-05,1,32,1,0.2,lr5e-05_bs16_modL1_fusion32_fusionL1_drop0p2_trmiss80_trlocclin,25,0.5514847238858541,0.6898937225341797,0.6012931034482759,0.7048795492143383,0.4222222222222222,0.0,0.0,0.0,0.0,2002,clin,0.8
1,5,lr5e-05_bs16_modL1_fusion32_fusionL1_drop0p2_trmiss80_trlocclin,16,5e-05,1,32,1,0.2,lr5e-05_bs16_modL1_fusion32_fusionL1_drop0p2_trmiss80_trlocclin,26,0.5458044956127802,0.685519794623057,0.6056034482758621,0.7084137553304053,0.4666666666666667,0.0,0.0,0.0,0.0,2002,clin,0.8
1,5,lr5e-05_bs16_modL1_fusion32_fusionL1_drop0p2_trmiss80_trlocclin,16,5e-05,1,32,1,0.2,lr5e-05_bs16_modL1_fusion32_fusionL1_drop0p2_trmiss80_trlocclin,27,0.5134517177939415,0.6777297854423523,0.6120689655172413,0.7060598147958783,0.5111111111111111,0.0,0.0,0.0,0.0,2002,clin,0.8
1,5,lr5e-05_bs16_modL1_fusion32_fusionL1_drop0p2_trmiss80_trlocclin,16,5e-05,1,32,1,0.2,lr5e-05_bs16_modL1_fusion32_fusionL1_drop0p2_trmiss80_trlocclin,28,0.5140094185868899,0.6777643362681071,0.6443965517241379,0.7330988902400248,0.5111111111111111,0.0,0.0,0.0,0.0,2002,clin,0.8
1,5,lr5e-05_bs16_modL1_fusion32_fusionL1_drop0p2_trmiss80_trlocclin,16,5e-05,1,32,1,0.2,lr5e-05_bs16_modL1_fusion32_fusionL1_drop0p2_trmiss80_trlocclin,29,0.4967024251818657,0.6757128437360128,0.646551724137931,0.7294301178061613,0.5333333333333333,0.0,0.0,0.0,0.0,2002,clin,0.8
1,5,lr5e-05_bs16_modL1_fusion32_fusionL1_drop0p2_trmiss80_trlocclin,16,5e-05,1,32,1,0.2,lr5e-05_bs16_modL1_fusion32_fusionL1_drop0p2_trmiss80_trlocclin,30,0.5223045274615288,0.6849125027656555,0.6422413793103449,0.7317290035552717,0.5333333333333333,0.0,0.0,0.0,0.0,2002,clin,0.8
1,5,lr5e-05_bs16_modL1_fusion32_fusionL1_drop0p2_trmiss80_trlocclin,16,5e-05,1,32,1,0.2,lr5e-05_bs16_modL1_fusion32_fusionL1_drop0p2_trmiss80_trlocclin,31,0.510864607989788,0.6854915022850037,0.6508620689655172,0.7414897207302158,0.5111111111111111,0.0,0.0,0.0,0.0,2002,clin,0.8
1,5,lr5e-05_bs16_modL1_fusion32_fusionL1_drop0p2_trmiss80_trlocclin,16,5e-05,1,32,1,0.2,lr5e-05_bs16_modL1_fusion32_fusionL1_drop0p2_trmiss80_trlocclin,32,0.49332314481337863,0.6688965757687887,0.6616379310344828,0.7414211576268201,0.5777777777777777,0.0,0.0,0.0,0.0,2002,clin,0.8
1,5,lr5e-05_bs16_modL1_fusion32_fusionL1_drop0p2_trmiss80_trlocclin,16,5e-05,1,32,1,0.2,lr5e-05_bs16_modL1_fusion32_fusionL1_drop0p2_trmiss80_trlocclin,33,0.4814666137099266,0.6754473050435384,0.6551724137931034,0.7342499053827702,0.5333333333333333,0.0,0.0,0.0,0.0,2002,clin,0.8
1,5,lr5e-05_bs16_modL1_fusion32_fusionL1_drop0p2_trmiss80_trlocclin,16,5e-05,1,32,1,0.2,lr5e-05_bs16_modL1_fusion32_fusionL1_drop0p2_trmiss80_trlocclin,34,0.4891367182135582,0.6700935363769531,0.6573275862068966,0.7397393039593763,0.5333333333333333,0.0,0.0,0.0,0.0,2002,clin,0.8
1,5,lr5e-05_bs16_modL1_fusion32_fusionL1_drop0p2_trmiss80_trlocclin,16,5e-05,1,32,1,0.2,lr5e-05_bs16_modL1_fusion32_fusionL1_drop0p2_trmiss80_trlocclin,35,0.46901970605055493,0.6795103351275126,0.6379310344827587,0.7256231381171196,0.5555555555555556,0.0,0.0,0.0,0.0,2002,clin,0.8
1,5,lr5e-05_bs16_modL1_fusion32_fusionL1_drop0p2_trmiss80_trlocclin,16,5e-05,1,32,1,0.2,lr5e-05_bs16_modL1_fusion32_fusionL1_drop0p2_trmiss80_trlocclin,36,0.487380546828111,0.6844867666562399,0.644396551724138,0.7352626069327577,0.5333333333333333,0.0,0.0,0.0,0.0,2002,clin,0.8
1,5,lr5e-05_bs16_modL1_fusion32_fusionL1_drop0p2_trmiss80_trlocclin,16,5e-05,1,32,1,0.2,lr5e-05_bs16_modL1_fusion32_fusionL1_drop0p2_trmiss80_trlocclin,37,0.48798688997824985,0.6821078260739645,0.646551724137931,0.7388768164494381,0.5333333333333333,0.0,0.0,0.0,0.0,2002,clin,0.8
1,5,lr5e-05_bs16_modL1_fusion32_fusionL1_drop0p2_trmiss80_trlocclin,16,5e-05,1,32,1,0.2,lr5e-05_bs16_modL1_fusion32_fusionL1_drop0p2_trmiss80_trlocclin,38,0.4684336632490158,0.6784882148106893,0.6314655172413792,0.7287033161906014,0.5777777777777777,0.0,0.0,0.0,0.0,2002,clin,0.8
1,5,lr5e-05_bs16_modL1_fusion32_fusionL1_drop0p2_trmiss80_trlocclin,16,5e-05,1,32,1,0.2,lr5e-05_bs16_modL1_fusion32_fusionL1_drop0p2_trmiss80_trlocclin,39,0.46492428084214527,0.6828779180844625,0.6206896551724138,0.7220514207693256,0.5111111111111111,0.0,0.0,0.0,0.0,2002,clin,0.8
1,5,lr5e-05_bs16_modL1_fusion32_fusionL1_drop0p2_trmiss80_trlocclin,16,5e-05,1,32,1,0.2,lr5e-05_bs16_modL1_fusion32_fusionL1_drop0p2_trmiss80_trlocclin,40,0.45234037935733795,0.6839801867802938,0.6120689655172414,0.7198723588808742,0.5333333333333333,0.0,0.0,0.0,0.0,2002,clin,0.8
1,5,lr5e-05_bs16_modL1_fusion32_fusionL1_drop0p2_trmiss80_trlocclin,16,5e-05,1,32,1,0.2,lr5e-05_bs16_modL1_fusion32_fusionL1_drop0p2_trmiss80_trlocclin,41,0.4416445444027583,0.677856981754303,0.6206896551724137,0.7255042150431044,0.5555555555555556,0.0,0.0,0.0,0.0,2002,clin,0.8
1,5,lr5e-05_bs16_modL1_fusion32_fusionL1_drop0p2_trmiss80_trlocclin,16,5e-05,1,32,1,0.2,lr5e-05_bs16_modL1_fusion32_fusionL1_drop0p2_trmiss80_trlocclin,42,0.4574090242385864,0.6698979338010153,0.6228448275862069,0.7275023422696336,0.6,0.0,0.0,0.0,0.0,2002,clin,0.8
1,5,lr5e-05_bs16_modL1_fusion32_fusionL1_drop0p2_trmiss80_trlocclin,16,5e-05,1,32,1,0.2,lr5e-05_bs16_modL1_fusion32_fusionL1_drop0p2_trmiss80_trlocclin,43,0.4656079262495041,0.6859385967254639,0.625,0.7314050490769306,0.5555555555555556,0.0,0.0,0.0,0.0,2002,clin,0.8
1,5,lr5e-05_bs16_modL1_fusion32_fusionL1_drop0p2_trmiss80_trlocclin,16,5e-05,1,32,1,0.2,lr5e-05_bs16_modL1_fusion32_fusionL1_drop0p2_trmiss80_trlocclin,44,0.4448138624429703,0.6895734469095866,0.6120689655172413,0.7234433297282423,0.5333333333333333,0.0,0.0,0.0,0.0,2002,clin,0.8
1,5,lr5e-05_bs16_modL1_fusion32_fusionL1_drop0p2_trmiss80_trlocclin,16,5e-05,1,32,1,0.2,lr5e-05_bs16_modL1_fusion32_fusionL1_drop0p2_trmiss80_trlocclin,45,0.45046519488096237,0.6772248943646749,0.625,0.7301636237961049,0.5777777777777777,0.0,0.0,0.0,0.0,2002,clin,0.8
1,5,lr5e-05_bs16_modL1_fusion32_fusionL1_drop0p2_trmiss80_trlocclin,16,5e-05,1,32,1,0.2,lr5e-05_bs16_modL1_fusion32_fusionL1_drop0p2_trmiss80_trlocclin,46,0.45521053423484165,0.6815624237060547,0.6056034482758621,0.7138276659239375,0.5777777777777777,0.0,0.0,0.0,0.0,2002,clin,0.8
1,5,lr5e-05_bs16_modL1_fusion32_fusionL1_drop0p2_trmiss80_trlocclin,16,5e-05,1,32,1,0.2,lr5e-05_bs16_modL1_fusion32_fusionL1_drop0p2_trmiss80_trlocclin,47,0.4549852708975474,0.6825212836265564,0.603448275862069,0.7126832533044907,0.5555555555555556,0.0,0.0,0.0,0.0,2002,clin,0.8
1,5,lr5e-05_bs16_modL1_fusion32_fusionL1_drop0p2_trmiss80_trlocclin,16,5e-05,1,32,1,0.2,lr5e-05_bs16_modL1_fusion32_fusionL1_drop0p2_trmiss80_trlocclin,48,0.4664910485347112,0.6945704619089762,0.5991379310344828,0.7106869451597606,0.5111111111111111,0.0,0.0,0.0,0.0,2002,clin,0.8
1,5,lr5e-05_bs16_modL1_fusion32_fusionL1_drop0p2_trmiss80_trlocclin,16,5e-05,1,32,1,0.2,lr5e-05_bs16_modL1_fusion32_fusionL1_drop0p2_trmiss80_trlocclin,49,0.4623658210039139,0.6908473173777262,0.5969827586206896,0.7060944164801617,0.5333333333333333,0.0,0.0,0.0,0.0,2002,clin,0.8
1,5,lr5e-05_bs16_modL1_fusion32_fusionL1_drop0p2_trmiss80_trlocclin,16,5e-05,1,32,1,0.2,lr5e-05_bs16_modL1_fusion32_fusionL1_drop0p2_trmiss80_trlocclin,50,0.42924511184295017,0.6848741173744202,0.5948275862068966,0.7031297967752146,0.5333333333333333,0.0,0.0,0.0,0.0,2002,clin,0.8
1,5,lr5e-05_bs16_modL1_fusion32_fusionL1_drop0p2_trmiss80_trlocclin,16,5e-05,1,32,1,0.2,lr5e-05_bs16_modL1_fusion32_fusionL1_drop0p2_trmiss80_trlocclin,51,0.4408194124698639,0.6855160593986511,0.5905172413793103,0.6901435875350692,0.5333333333333333,0.0,0.0,0.0,0.0,2002,clin,0.8
1,5,lr5e-05_bs16_modL1_fusion32_fusionL1_drop0p2_trmiss80_trlocclin,16,5e-05,1,32,1,0.2,lr5e-05_bs16_modL1_fusion32_fusionL1_drop0p2_trmiss80_trlocclin,52,0.4392494931817055,0.6830935875574747,0.6120689655172413,0.7157253056757711,0.5333333333333333,0.0,0.0,0.0,0.0,2002,clin,0.8
1,5,lr5e-05_bs16_modL1_fusion32_fusionL1_drop0p1_trmiss80_trlocclin,16,5e-05,1,32,1,0.1,lr5e-05_bs16_modL1_fusion32_fusionL1_drop0p1_trmiss80_trlocclin,1,0.6794347614049911,0.6849437355995178,0.5344827586206896,0.6910582731373992,0.5555555555555556,0.0,0.0,0.0,0.0,2002,clin,0.8
1,5,lr5e-05_bs16_modL1_fusion32_fusionL1_drop0p1_trmiss80_trlocclin,16,5e-05,1,32,1,0.1,lr5e-05_bs16_modL1_fusion32_fusionL1_drop0p1_trmiss80_trlocclin,2,0.6380918969710668,0.6898316740989685,0.48706896551724144,0.6772931423673174,0.5555555555555556,0.0,0.0,0.0,0.0,2002,clin,0.8
1,5,lr5e-05_bs16_modL1_fusion32_fusionL1_drop0p1_trmiss80_trlocclin,16,5e-05,1,32,1,0.1,lr5e-05_bs16_modL1_fusion32_fusionL1_drop0p1_trmiss80_trlocclin,3,0.6426012367010117,0.6903174718221029,0.5086206896551724,0.6750907769789931,0.5777777777777777,0.0,0.0,0.0,0.0,2002,clin,0.8
1,5,lr5e-05_bs16_modL1_fusion32_fusionL1_drop0p1_trmiss80_trlocclin,16,5e-05,1,32,1,0.1,lr5e-05_bs16_modL1_fusion32_fusionL1_drop0p1_trmiss80_trlocclin,4,0.6305731435616811,0.6913880705833435,0.5150862068965517,0.6764721482819605,0.5777777777777777,0.0,0.0,0.0,0.0,2002,clin,0.8
1,5,lr5e-05_bs16_modL1_fusion32_fusionL1_drop0p1_trmiss80_trlocclin,16,5e-05,1,32,1,0.1,lr5e-05_bs16_modL1_fusion32_fusionL1_drop0p1_trmiss80_trlocclin,5,0.6232335915168127,0.6865542332331339,0.5064655172413793,0.6754027567570979,0.6,0.0,0.0,0.0,0.0,2002,clin,0.8
1,5,lr5e-05_bs16_modL1_fusion32_fusionL1_drop0p1_trmiss80_trlocclin,16,5e-05,1,32,1,0.1,lr5e-05_bs16_modL1_fusion32_fusionL1_drop0p1_trmiss80_trlocclin,6,0.5901240607102712,0.678565522034963,0.5452586206896552,0.7174851180641704,0.5777777777777777,0.0,0.0,0.0,0.0,2002,clin,0.8
1,5,lr5e-05_bs16_modL1_fusion32_fusionL1_drop0p1_trmiss80_trlocclin,16,5e-05,1,32,1,0.1,lr5e-05_bs16_modL1_fusion32_fusionL1_drop0p1_trmiss80_trlocclin,7,0.5983768353859583,0.6799168388048807,0.5366379310344828,0.6939457254072154,0.5777777777777777,0.0,0.0,0.0,0.0,2002,clin,0.8
1,5,lr5e-05_bs16_modL1_fusion32_fusionL1_drop0p1_trmiss80_trlocclin,16,5e-05,1,32,1,0.1,lr5e-05_bs16_modL1_fusion32_fusionL1_drop0p1_trmiss80_trlocclin,8,0.5915676405032476,0.6737691164016724,0.5625,0.722505108327653,0.5777777777777777,0.0,0.0,0.0,0.0,2002,clin,0.8
1,5,lr5e-05_bs16_modL1_fusion32_fusionL1_drop0p1_trmiss80_trlocclin,16,5e-05,1,32,1,0.1,lr5e-05_bs16_modL1_fusion32_fusionL1_drop0p1_trmiss80_trlocclin,9,0.5788629750410715,0.6754152774810791,0.5387931034482758,0.7250209067983121,0.6,0.0,0.0,0.0,0.0,2002,clin,0.8
1,5,lr5e-05_bs16_modL1_fusion32_fusionL1_drop0p1_trmiss80_trlocclin,16,5e-05,1,32,1,0.1,lr5e-05_bs16_modL1_fusion32_fusionL1_drop0p1_trmiss80_trlocclin,10,0.5519446631272634,0.673543373743693,0.5431034482758621,0.718825306553074,0.5777777777777777,0.0,0.0,0.0,0.0,2002,clin,0.8
1,5,lr5e-05_bs16_modL1_fusion32_fusionL1_drop0p1_trmiss80_trlocclin,16,5e-05,1,32,1,0.1,lr5e-05_bs16_modL1_fusion32_fusionL1_drop0p1_trmiss80_trlocclin,11,0.5362232600649198,0.6644535064697266,0.5538793103448276,0.7321119661050476,0.6,0.0,0.0,0.0,0.0,2002,clin,0.8
1,5,lr5e-05_bs16_modL1_fusion32_fusionL1_drop0p1_trmiss80_trlocclin,16,5e-05,1,32,1,0.1,lr5e-05_bs16_modL1_fusion32_fusionL1_drop0p1_trmiss80_trlocclin,12,0.5423150782783827,0.6601315339406332,0.5646551724137931,0.7358992725692267,0.6,0.0,0.0,0.0,0.0,2002,clin,0.8
1,5,lr5e-05_bs16_modL1_fusion32_fusionL1_drop0p1_trmiss80_trlocclin,16,5e-05,1,32,1,0.1,lr5e-05_bs16_modL1_fusion32_fusionL1_drop0p1_trmiss80_trlocclin,13,0.5227979123592377,0.6619643966356913,0.5668103448275862,0.7457820070293611,0.6222222222222222,0.0,0.0,0.0,0.0,2002,clin,0.8
1,5,lr5e-05_bs16_modL1_fusion32_fusionL1_drop0p1_trmiss80_trlocclin,16,5e-05,1,32,1,0.1,lr5e-05_bs16_modL1_fusion32_fusionL1_drop0p1_trmiss80_trlocclin,14,0.5571834916869799,0.661221424738566,0.5689655172413793,0.7482418512171097,0.6,0.0,0.0,0.0,0.0,2002,clin,0.8
1,5,lr5e-05_bs16_modL1_fusion32_fusionL1_drop0p1_trmiss80_trlocclin,16,5e-05,1,32,1,0.1,lr5e-05_bs16_modL1_fusion32_fusionL1_drop0p1_trmiss80_trlocclin,15,0.5197460527221361,0.6574776570002238,0.5969827586206896,0.7458836808243228,0.5777777777777777,0.0,0.0,0.0,0.0,2002,clin,0.8
1,5,lr5e-05_bs16_modL1_fusion32_fusionL1_drop0p1_trmiss80_trlocclin,16,5e-05,1,32,1,0.1,lr5e-05_bs16_modL1_fusion32_fusionL1_drop0p1_trmiss80_trlocclin,16,0.5063632875680923,0.6540176669756571,0.5969827586206896,0.7521248734446903,0.6,0.0,0.0,0.0,0.0,2002,clin,0.8
1,5,lr5e-05_bs16_modL1_fusion32_fusionL1_drop0p1_trmiss80_trlocclin,16,5e-05,1,32,1,0.1,lr5e-05_bs16_modL1_fusion32_fusionL1_drop0p1_trmiss80_trlocclin,17,0.5023346692323685,0.6520196199417114,0.6357758620689655,0.7723631101698166,0.6,0.0,0.0,0.0,0.0,2002,clin,0.8
1,5,lr5e-05_bs16_modL1_fusion32_fusionL1_drop0p1_trmiss80_trlocclin,16,5e-05,1,32,1,0.1,lr5e-05_bs16_modL1_fusion32_fusionL1_drop0p1_trmiss80_trlocclin,18,0.4979899947841962,0.6556477745374044,0.6099137931034483,0.746299133113681,0.6,0.0,0.0,0.0,0.0,2002,clin,0.8
1,5,lr5e-05_bs16_modL1_fusion32_fusionL1_drop0p1_trmiss80_trlocclin,16,5e-05,1,32,1,0.1,lr5e-05_bs16_modL1_fusion32_fusionL1_drop0p1_trmiss80_trlocclin,19,0.47976453602313995,0.6553222139676412,0.6120689655172413,0.7418589402117219,0.5777777777777777,0.0,0.0,0.0,0.0,2002,clin,0.8
1,5,lr5e-05_bs16_modL1_fusion32_fusionL1_drop0p1_trmiss80_trlocclin,16,5e-05,1,32,1,0.1,lr5e-05_bs16_modL1_fusion32_fusionL1_drop0p1_trmiss80_trlocclin,20,0.4937119409441948,0.6533681948979696,0.6357758620689655,0.7438726265621074,0.6666666666666666,0.0,0.0,0.0,0.0,2002,clin,0.8
1,5,lr5e-05_bs16_modL1_fusion32_fusionL1_drop0p1_trmiss80_trlocclin,16,5e-05,1,32,1,0.1,lr5e-05_bs16_modL1_fusion32_fusionL1_drop0p1_trmiss80_trlocclin,21,0.47200019160906476,0.6507344047228495,0.6120689655172413,0.7419532108756793,0.6666666666666666,0.0,0.0,0.0,0.0,2002,clin,0.8
1,5,lr5e-05_bs16_modL1_fusion32_fusionL1_drop0p1_trmiss80_trlocclin,16,5e-05,1,32,1,0.1,lr5e-05_bs16_modL1_fusion32_fusionL1_drop0p1_trmiss80_trlocclin,22,0.46179214616616565,0.6546275814374288,0.6293103448275862,0.7506075027248954,0.6666666666666666,0.0,0.0,0.0,0.0,2002,clin,0.8
1,5,lr5e-05_bs16_modL1_fusion32_fusionL1_drop0p1_trmiss80_trlocclin,16,5e-05,1,32,1,0.1,lr5e-05_bs16_modL1_fusion32_fusionL1_drop0p1_trmiss80_trlocclin,23,0.46734925359487534,0.6526941657066345,0.6400862068965517,0.7513112747294247,0.6444444444444445,0.0,0.0,0.0,0.0,2002,clin,0.8
1,5,lr5e-05_bs16_modL1_fusion32_fusionL1_drop0p1_trmiss80_trlocclin,16,5e-05,1,32,1,0.1,lr5e-05_bs16_modL1_fusion32_fusionL1_drop0p1_trmiss80_trlocclin,24,0.46236906200647354,0.6468117237091064,0.6379310344827587,0.7533235557451974,0.6,0.0,0.0,0.0,0.0,2002,clin,0.8
1,5,lr5e-05_bs16_modL1_fusion32_fusionL1_drop0p1_trmiss80_trlocclin,16,5e-05,1,32,1,0.1,lr5e-05_bs16_modL1_fusion32_fusionL1_drop0p1_trmiss80_trlocclin,25,0.45858752727508545,0.6462504863739014,0.6551724137931034,0.7584051146763823,0.6666666666666666,0.0,0.0,0.0,0.0,2002,clin,0.8
1,5,lr5e-05_bs16_modL1_fusion32_fusionL1_drop0p1_trmiss80_trlocclin,16,5e-05,1,32,1,0.1,lr5e-05_bs16_modL1_fusion32_fusionL1_drop0p1_trmiss80_trlocclin,26,0.47739655524492264,0.6466745535532633,0.6422413793103449,0.7491452007919832,0.6666666666666666,0.0,0.0,0.0,0.0,2002,clin,0.8
1,5,lr5e-05_bs16_modL1_fusion32_fusionL1_drop0p1_trmiss80_trlocclin,16,5e-05,1,32,1,0.1,lr5e-05_bs16_modL1_fusion32_fusionL1_drop0p1_trmiss80_trlocclin,27,0.44239350656668347,0.652094562848409,0.6508620689655171,0.751880902259515,0.6444444444444445,0.0,0.0,0.0,0.0,2002,clin,0.8
1,5,lr5e-05_bs16_modL1_fusion32_fusionL1_drop0p1_trmiss80_trlocclin,16,5e-05,1,32,1,0.1,lr5e-05_bs16_modL1_fusion32_fusionL1_drop0p1_trmiss80_trlocclin,28,0.4272119601567586,0.6516646146774292,0.627155172413793,0.7500998352346501,0.6222222222222222,0.0,0.0,0.0,0.0,2002,clin,0.8
1,5,lr5e-05_bs16_modL1_fusion32_fusionL1_drop0p1_trmiss80_trlocclin,16,5e-05,1,32,1,0.1,lr5e-05_bs16_modL1_fusion32_fusionL1_drop0p1_trmiss80_trlocclin,29,0.4243181496858597,0.6518521507581075,0.6163793103448275,0.7427812409867738,0.6222222222222222,0.0,0.0,0.0,0.0,2002,clin,0.8
1,5,lr5e-05_bs16_modL1_fusion32_fusionL1_drop0p1_trmiss80_trlocclin,16,5e-05,1,32,1,0.1,lr5e-05_bs16_modL1_fusion32_fusionL1_drop0p1_trmiss80_trlocclin,30,0.46093544612328213,0.6483334104220072,0.6465517241379309,0.7567598236368805,0.6444444444444445,0.0,0.0,0.0,0.0,2002,clin,0.8
1,5,lr5e-05_bs16_modL1_fusion32_fusionL1_drop0p1_trmiss80_trlocclin,16,5e-05,1,32,1,0.1,lr5e-05_bs16_modL1_fusion32_fusionL1_drop0p1_trmiss80_trlocclin,31,0.421804703772068,0.6541305780410767,0.6120689655172414,0.7433165734577379,0.6222222222222222,0.0,0.0,0.0,0.0,2002,clin,0.8
1,5,lr5e-05_bs16_modL1_fusion32_fusionL1_drop0p1_trmiss80_trlocclin,16,5e-05,1,32,1,0.1,lr5e-05_bs16_modL1_fusion32_fusionL1_drop0p1_trmiss80_trlocclin,32,0.4180464694897334,0.6467342972755432,0.6271551724137931,0.7454354322984663,0.6222222222222222,0.0,0.0,0.0,0.0,2002,clin,0.8
1,5,lr5e-05_bs16_modL1_fusion32_fusionL1_drop0p1_trmiss80_trlocclin,16,5e-05,1,32,1,0.1,lr5e-05_bs16_modL1_fusion32_fusionL1_drop0p1_trmiss80_trlocclin,33,0.4309309472640355,0.6487592458724976,0.6206896551724138,0.741384987194021,0.6444444444444445,0.0,0.0,0.0,0.0,2002,clin,0.8
1,5,lr5e-05_bs16_modL1_fusion32_fusionL1_drop0p1_trmiss80_trlocclin,16,5e-05,1,32,1,0.1,lr5e-05_bs16_modL1_fusion32_fusionL1_drop0p1_trmiss80_trlocclin,34,0.42228248218695325,0.6414038340250651,0.6637931034482759,0.7616868544505594,0.6888888888888889,0.0,0.0,0.0,0.0,2002,clin,0.8
1,5,lr5e-05_bs16_modL1_fusion32_fusionL1_drop0p1_trmiss80_trlocclin,16,5e-05,1,32,1,0.1,lr5e-05_bs16_modL1_fusion32_fusionL1_drop0p1_trmiss80_trlocclin,35,0.41123675803343457,0.6425571242968241,0.6616379310344828,0.7615572991561892,0.6666666666666666,0.0,0.0,0.0,0.0,2002,clin,0.8
1,5,lr5e-05_bs16_modL1_fusion32_fusionL1_drop0p1_trmiss80_trlocclin,16,5e-05,1,32,1,0.1,lr5e-05_bs16_modL1_fusion32_fusionL1_drop0p1_trmiss80_trlocclin,36,0.40282990286747616,0.645196775595347,0.646551724137931,0.7515148177871539,0.6888888888888889,0.0,0.0,0.0,0.0,2002,clin,0.8
1,5,lr5e-05_bs16_modL1_fusion32_fusionL1_drop0p1_trmiss80_trlocclin,16,5e-05,1,32,1,0.1,lr5e-05_bs16_modL1_fusion32_fusionL1_drop0p1_trmiss80_trlocclin,37,0.39887090275684994,0.6460390289624532,0.646551724137931,0.752202136121275,0.6888888888888889,0.0,0.0,0.0,0.0,2002,clin,0.8
1,5,lr5e-05_bs16_modL1_fusion32_fusionL1_drop0p1_trmiss80_trlocclin,16,5e-05,1,32,1,0.1,lr5e-05_bs16_modL1_fusion32_fusionL1_drop0p1_trmiss80_trlocclin,38,0.3935253868500392,0.6447461446126302,0.6314655172413792,0.745366273117454,0.6444444444444445,0.0,0.0,0.0,0.0,2002,clin,0.8
1,5,lr5e-05_bs16_modL1_fusion32_fusionL1_drop0p1_trmiss80_trlocclin,16,5e-05,1,32,1,0.1,lr5e-05_bs16_modL1_fusion32_fusionL1_drop0p1_trmiss80_trlocclin,39,0.42781708389520645,0.6434112191200256,0.6293103448275862,0.743968570829401,0.6444444444444445,0.0,0.0,0.0,0.0,2002,clin,0.8
1,5,lr5e-05_bs16_modL1_fusion32_fusionL1_drop0p1_trmiss80_trlocclin,16,5e-05,1,32,1,0.1,lr5e-05_bs16_modL1_fusion32_fusionL1_drop0p1_trmiss80_trlocclin,40,0.4136892730991046,0.6447864373524984,0.6379310344827586,0.7460737053465143,0.6222222222222222,0.0,0.0,0.0,0.0,2002,clin,0.8
1,5,lr5e-05_bs16_modL1_fusion32_fusionL1_drop0p1_trmiss80_trlocclin,16,5e-05,1,32,1,0.1,lr5e-05_bs16_modL1_fusion32_fusionL1_drop0p1_trmiss80_trlocclin,41,0.4008954092860222,0.646565834681193,0.6271551724137931,0.7460466705324842,0.6222222222222222,0.0,0.0,0.0,0.0,2002,clin,0.8
1,5,lr5e-05_bs16_modL1_fusion32_fusionL1_drop0p1_trmiss80_trlocclin,16,5e-05,1,32,1,0.1,lr5e-05_bs16_modL1_fusion32_fusionL1_drop0p1_trmiss80_trlocclin,42,0.39495157947142917,0.639642059803009,0.6314655172413793,0.7493820539301874,0.6666666666666666,0.0,0.0,0.0,0.0,2002,clin,0.8
1,5,lr5e-05_bs16_modL1_fusion32_fusionL1_drop0p1_trmiss80_trlocclin,16,5e-05,1,32,1,0.1,lr5e-05_bs16_modL1_fusion32_fusionL1_drop0p1_trmiss80_trlocclin,43,0.38258500397205353,0.6369528571764628,0.627155172413793,0.7473779327904039,0.6444444444444445,0.0,0.0,0.0,0.0,2002,clin,0.8
1,5,lr5e-05_bs16_modL1_fusion32_fusionL1_drop0p1_trmiss80_trlocclin,16,5e-05,1,32,1,0.1,lr5e-05_bs16_modL1_fusion32_fusionL1_drop0p1_trmiss80_trlocclin,44,0.3883878191312154,0.637804905573527,0.6293103448275862,0.7444446257294555,0.6444444444444445,0.0,0.0,0.0,0.0,2002,clin,0.8
1,5,lr5e-05_bs16_modL1_fusion32_fusionL1_drop0p1_trmiss80_trlocclin,16,5e-05,1,32,1,0.1,lr5e-05_bs16_modL1_fusion32_fusionL1_drop0p1_trmiss80_trlocclin,45,0.3980559582511584,0.6390620668729147,0.6271551724137931,0.756332761979524,0.6222222222222222,0.0,0.0,0.0,0.0,2002,clin,0.8
1,5,lr5e-05_bs16_modL1_fusion32_fusionL1_drop0p1_trmiss80_trlocclin,16,5e-05,1,32,1,0.1,lr5e-05_bs16_modL1_fusion32_fusionL1_drop0p1_trmiss80_trlocclin,46,0.3813251107931137,0.633908192316691,0.6336206896551724,0.7629474131048243,0.6666666666666666,0.0,0.0,0.0,0.0,2002,clin,0.8
1,5,lr5e-05_bs16_modL1_fusion32_fusionL1_drop0p1_trmiss80_trlocclin,16,5e-05,1,32,1,0.1,lr5e-05_bs16_modL1_fusion32_fusionL1_drop0p1_trmiss80_trlocclin,47,0.3855434333284696,0.6356877485911051,0.6336206896551724,0.7503055386442624,0.6888888888888889,0.0,0.0,0.0,0.0,2002,clin,0.8
1,5,lr5e-05_bs16_modL1_fusion32_fusionL1_drop0p1_trmiss80_trlocclin,16,5e-05,1,32,1,0.1,lr5e-05_bs16_modL1_fusion32_fusionL1_drop0p1_trmiss80_trlocclin,48,0.3843536153435707,0.6359934210777283,0.6293103448275862,0.7476429641836072,0.6444444444444445,0.0,0.0,0.0,0.0,2002,clin,0.8
1,5,lr5e-05_bs16_modL1_fusion32_fusionL1_drop0p1_trmiss80_trlocclin,16,5e-05,1,32,1,0.1,lr5e-05_bs16_modL1_fusion32_fusionL1_drop0p1_trmiss80_trlocclin,49,0.3810908670226733,0.6380573113759359,0.6336206896551724,0.7421696615523454,0.6666666666666666,0.0,0.0,0.0,0.0,2002,clin,0.8
1,5,lr5e-05_bs16_modL1_fusion32_fusionL1_drop0p1_trmiss80_trlocclin,16,5e-05,1,32,1,0.1,lr5e-05_bs16_modL1_fusion32_fusionL1_drop0p1_trmiss80_trlocclin,50,0.38511234273513156,0.6373475392659506,0.6336206896551724,0.7507674988274292,0.6666666666666666,0.0,0.0,0.0,0.0,2002,clin,0.8
1,5,lr5e-05_bs16_modL1_fusion32_fusionL1_drop0p1_trmiss80_trlocclin,16,5e-05,1,32,1,0.1,lr5e-05_bs16_modL1_fusion32_fusionL1_drop0p1_trmiss80_trlocclin,51,0.3858824173609416,0.6442155838012695,0.627155172413793,0.7564565616274163,0.6444444444444445,0.0,0.0,0.0,0.0,2002,clin,0.8
1,5,lr5e-05_bs16_modL1_fusion32_fusionL1_drop0p1_trmiss80_trlocclin,16,5e-05,1,32,1,0.1,lr5e-05_bs16_modL1_fusion32_fusionL1_drop0p1_trmiss80_trlocclin,52,0.3707692598303159,0.6371124982833862,0.6379310344827586,0.7499247808886808,0.6222222222222222,0.0,0.0,0.0,0.0,2002,clin,0.8
1,5,lr5e-05_bs16_modL1_fusion32_fusionL1_drop0p1_trmiss80_trlocclin,16,5e-05,1,32,1,0.1,lr5e-05_bs16_modL1_fusion32_fusionL1_drop0p1_trmiss80_trlocclin,53,0.3595879425605138,0.6392920215924581,0.6314655172413793,0.7460580677628186,0.6444444444444445,0.0,0.0,0.0,0.0,2002,clin,0.8
1,5,lr5e-05_bs16_modL1_fusion32_fusionL1_drop0p1_trmiss80_trlocclin,16,5e-05,1,32,1,0.1,lr5e-05_bs16_modL1_fusion32_fusionL1_drop0p1_trmiss80_trlocclin,54,0.3797576079765956,0.638245145479838,0.6249999999999999,0.7441736749371172,0.6888888888888889,0.0,0.0,0.0,0.0,2002,clin,0.8
1,5,lr5e-05_bs16_modL1_fusion64_fusionL1_drop0p2_trmiss80_trlocclin,16,5e-05,1,64,1,0.2,lr5e-05_bs16_modL1_fusion64_fusionL1_drop0p2_trmiss80_trlocclin,1,0.7349257171154022,0.7029845714569092,0.39655172413793105,0.6715661964962748,0.4666666666666667,0.0,0.0,0.0,0.0,2002,clin,0.8
1,5,lr5e-05_bs16_modL1_fusion64_fusionL1_drop0p2_trmiss80_trlocclin,16,5e-05,1,64,1,0.2,lr5e-05_bs16_modL1_fusion64_fusionL1_drop0p2_trmiss80_trlocclin,2,0.7013680587212244,0.7181490858395895,0.4396551724137931,0.6917373172317005,0.4222222222222222,0.0,0.0,0.0,0.0,2002,clin,0.8
1,5,lr5e-05_bs16_modL1_fusion64_fusionL1_drop0p2_trmiss80_trlocclin,16,5e-05,1,64,1,0.2,lr5e-05_bs16_modL1_fusion64_fusionL1_drop0p2_trmiss80_trlocclin,3,0.684557909766833,0.7156123121579488,0.49137931034482757,0.720418346305312,0.4666666666666667,0.0,0.0,0.0,0.0,2002,clin,0.8
1,5,lr5e-05_bs16_modL1_fusion64_fusionL1_drop0p2_trmiss80_trlocclin,16,5e-05,1,64,1,0.2,lr5e-05_bs16_modL1_fusion64_fusionL1_drop0p2_trmiss80_trlocclin,4,0.6600519716739655,0.7109766602516174,0.4806034482758621,0.708902352796414,0.4444444444444444,0.0,0.0,0.0,0.0,2002,clin,0.8
1,5,lr5e-05_bs16_modL1_fusion64_fusionL1_drop0p2_trmiss80_trlocclin,16,5e-05,1,64,1,0.2,lr5e-05_bs16_modL1_fusion64_fusionL1_drop0p2_trmiss80_trlocclin,5,0.658041387796402,0.7124144832293192,0.5043103448275862,0.7099392156690545,0.4666666666666667,0.0,0.0,0.0,0.0,2002,clin,0.8
1,5,lr5e-05_bs16_modL1_fusion64_fusionL1_drop0p2_trmiss80_trlocclin,16,5e-05,1,64,1,0.2,lr5e-05_bs16_modL1_fusion64_fusionL1_drop0p2_trmiss80_trlocclin,6,0.6369430422782898,0.7052188714345297,0.5495689655172414,0.7357376704274647,0.4888888888888889,0.0,0.0,0.0,0.0,2002,clin,0.8
1,5,lr5e-05_bs16_modL1_fusion64_fusionL1_drop0p2_trmiss80_trlocclin,16,5e-05,1,64,1,0.2,lr5e-05_bs16_modL1_fusion64_fusionL1_drop0p2_trmiss80_trlocclin,7,0.643713653087616,0.699926475683848,0.5495689655172413,0.729739445243699,0.5333333333333333,0.0,0.0,0.0,0.0,2002,clin,0.8
1,5,lr5e-05_bs16_modL1_fusion64_fusionL1_drop0p2_trmiss80_trlocclin,16,5e-05,1,64,1,0.2,lr5e-05_bs16_modL1_fusion64_fusionL1_drop0p2_trmiss80_trlocclin,8,0.5955342799425125,0.6991921861966451,0.5668103448275862,0.7329657785134575,0.5333333333333333,0.0,0.0,0.0,0.0,2002,clin,0.8
1,5,lr5e-05_bs16_modL1_fusion64_fusionL1_drop0p2_trmiss80_trlocclin,16,5e-05,1,64,1,0.2,lr5e-05_bs16_modL1_fusion64_fusionL1_drop0p2_trmiss80_trlocclin,9,0.5698538074890772,0.693525234858195,0.5732758620689655,0.7477239952797877,0.5555555555555556,0.0,0.0,0.0,0.0,2002,clin,0.8
1,5,lr5e-05_bs16_modL1_fusion64_fusionL1_drop0p2_trmiss80_trlocclin,16,5e-05,1,64,1,0.2,lr5e-05_bs16_modL1_fusion64_fusionL1_drop0p2_trmiss80_trlocclin,10,0.5918219437201818,0.6910110116004944,0.5711206896551725,0.7503027975413321,0.6,0.0,0.0,0.0,0.0,2002,clin,0.8
1,5,lr5e-05_bs16_modL1_fusion64_fusionL1_drop0p2_trmiss80_trlocclin,16,5e-05,1,64,1,0.2,lr5e-05_bs16_modL1_fusion64_fusionL1_drop0p2_trmiss80_trlocclin,11,0.5729831655820211,0.6893700162569681,0.5775862068965517,0.7435832399393218,0.6222222222222222,0.0,0.0,0.0,0.0,2002,clin,0.8
1,5,lr5e-05_bs16_modL1_fusion64_fusionL1_drop0p2_trmiss80_trlocclin,16,5e-05,1,64,1,0.2,lr5e-05_bs16_modL1_fusion64_fusionL1_drop0p2_trmiss80_trlocclin,12,0.5648930494983991,0.6809346477190653,0.5969827586206896,0.7538145482595635,0.6222222222222222,0.0,0.0,0.0,0.0,2002,clin,0.8
1,5,lr5e-05_bs16_modL1_fusion64_fusionL1_drop0p2_trmiss80_trlocclin,16,5e-05,1,64,1,0.2,lr5e-05_bs16_modL1_fusion64_fusionL1_drop0p2_trmiss80_trlocclin,13,0.5442979410290718,0.6856943368911743,0.6056034482758621,0.7503299870574236,0.6444444444444445,0.0,0.0,0.0,0.0,2002,clin,0.8
1,5,lr5e-05_bs16_modL1_fusion64_fusionL1_drop0p2_trmiss80_trlocclin,16,5e-05,1,64,1,0.2,lr5e-05_bs16_modL1_fusion64_fusionL1_drop0p2_trmiss80_trlocclin,14,0.554543117682139,0.67921115954717,0.5905172413793103,0.7474702779274544,0.6222222222222222,0.0,0.0,0.0,0.0,2002,clin,0.8
1,5,lr5e-05_bs16_modL1_fusion64_fusionL1_drop0p2_trmiss80_trlocclin,16,5e-05,1,64,1,0.2,lr5e-05_bs16_modL1_fusion64_fusionL1_drop0p2_trmiss80_trlocclin,15,0.5267481903235117,0.684658408164978,0.5883620689655172,0.7412304594864667,0.6,0.0,0.0,0.0,0.0,2002,clin,0.8
1,5,lr5e-05_bs16_modL1_fusion64_fusionL1_drop0p2_trmiss80_trlocclin,16,5e-05,1,64,1,0.2,lr5e-05_bs16_modL1_fusion64_fusionL1_drop0p2_trmiss80_trlocclin,16,0.5341014862060547,0.6789729396502177,0.5775862068965517,0.7206950047426898,0.6222222222222222,0.0,0.0,0.0,0.0,2002,clin,0.8
1,5,lr5e-05_bs16_modL1_fusion64_fusionL1_drop0p2_trmiss80_trlocclin,16,5e-05,1,64,1,0.2,lr5e-05_bs16_modL1_fusion64_fusionL1_drop0p2_trmiss80_trlocclin,17,0.5133228053649267,0.6642528772354126,0.6594827586206896,0.7757539924512243,0.7111111111111111,0.0,0.0,0.0,0.0,2002,clin,0.8
1,5,lr5e-05_bs16_modL1_fusion64_fusionL1_drop0p2_trmiss80_trlocclin,16,5e-05,1,64,1,0.2,lr5e-05_bs16_modL1_fusion64_fusionL1_drop0p2_trmiss80_trlocclin,18,0.5195784668127695,0.6654172738393148,0.6530172413793103,0.7733018756121524,0.6888888888888889,0.0,0.0,0.0,0.0,2002,clin,0.8
1,5,lr5e-05_bs16_modL1_fusion64_fusionL1_drop0p2_trmiss80_trlocclin,16,5e-05,1,64,1,0.2,lr5e-05_bs16_modL1_fusion64_fusionL1_drop0p2_trmiss80_trlocclin,19,0.5070845733086268,0.6757147312164307,0.6530172413793103,0.7648088724205585,0.6888888888888889,0.0,0.0,0.0,0.0,2002,clin,0.8
1,5,lr5e-05_bs16_modL1_fusion64_fusionL1_drop0p2_trmiss80_trlocclin,16,5e-05,1,64,1,0.2,lr5e-05_bs16_modL1_fusion64_fusionL1_drop0p2_trmiss80_trlocclin,20,0.4763553515076637,0.658780833085378,0.689655172413793,0.7893350725130278,0.7111111111111111,0.0,0.0,0.0,0.0,2002,clin,0.8
1,5,lr5e-05_bs16_modL1_fusion64_fusionL1_drop0p2_trmiss80_trlocclin,16,5e-05,1,64,1,0.2,lr5e-05_bs16_modL1_fusion64_fusionL1_drop0p2_trmiss80_trlocclin,21,0.49925699084997177,0.6716745694478353,0.6487068965517241,0.7597580211380183,0.6222222222222222,0.0,0.0,0.0,0.0,2002,clin,0.8
1,5,lr5e-05_bs16_modL1_fusion64_fusionL1_drop0p2_trmiss80_trlocclin,16,5e-05,1,64,1,0.2,lr5e-05_bs16_modL1_fusion64_fusionL1_drop0p2_trmiss80_trlocclin,22,0.48609456419944763,0.6656147042910258,0.6853448275862069,0.787846844024154,0.6666666666666666,0.0,0.0,0.0,0.0,2002,clin,0.8
1,5,lr5e-05_bs16_modL1_fusion64_fusionL1_drop0p2_trmiss80_trlocclin,16,5e-05,1,64,1,0.2,lr5e-05_bs16_modL1_fusion64_fusionL1_drop0p2_trmiss80_trlocclin,23,0.4729272350668907,0.6495307087898254,0.6745689655172413,0.7739151145334672,0.7111111111111111,0.0,0.0,0.0,0.0,2002,clin,0.8
1,5,lr5e-05_bs16_modL1_fusion64_fusionL1_drop0p2_trmiss80_trlocclin,16,5e-05,1,64,1,0.2,lr5e-05_bs16_modL1_fusion64_fusionL1_drop0p2_trmiss80_trlocclin,24,0.47245855381091434,0.6517459352811178,0.6637931034482758,0.7712344731856965,0.6888888888888889,0.0,0.0,0.0,0.0,2002,clin,0.8
1,5,lr5e-05_bs16_modL1_fusion64_fusionL1_drop0p2_trmiss80_trlocclin,16,5e-05,1,64,1,0.2,lr5e-05_bs16_modL1_fusion64_fusionL1_drop0p2_trmiss80_trlocclin,25,0.47522901246945065,0.6618422667185465,0.6594827586206896,0.7705113064863784,0.6888888888888889,0.0,0.0,0.0,0.0,2002,clin,0.8
1,5,lr5e-05_bs16_modL1_fusion64_fusionL1_drop0p2_trmiss80_trlocclin,16,5e-05,1,64,1,0.2,lr5e-05_bs16_modL1_fusion64_fusionL1_drop0p2_trmiss80_trlocclin,26,0.4789201368888219,0.6662265658378601,0.6400862068965517,0.7473907971828447,0.6888888888888889,0.0,0.0,0.0,0.0,2002,clin,0.8
1,5,lr5e-05_bs16_modL1_fusion64_fusionL1_drop0p2_trmiss80_trlocclin,16,5e-05,1,64,1,0.2,lr5e-05_bs16_modL1_fusion64_fusionL1_drop0p2_trmiss80_trlocclin,27,0.4676091596484184,0.6516842246055603,0.6918103448275862,0.7945734393957828,0.7333333333333333,0.0,0.0,0.0,0.0,2002,clin,0.8
1,5,lr5e-05_bs16_modL1_fusion64_fusionL1_drop0p2_trmiss80_trlocclin,16,5e-05,1,64,1,0.2,lr5e-05_bs16_modL1_fusion64_fusionL1_drop0p2_trmiss80_trlocclin,28,0.428585410118103,0.6473666032155355,0.6982758620689655,0.790950634585597,0.7333333333333333,0.0,0.0,0.0,0.0,2002,clin,0.8
1,5,lr5e-05_bs16_modL1_fusion64_fusionL1_drop0p2_trmiss80_trlocclin,16,5e-05,1,64,1,0.2,lr5e-05_bs16_modL1_fusion64_fusionL1_drop0p2_trmiss80_trlocclin,29,0.4715419163306554,0.6464760104815165,0.685344827586207,0.7795363815183588,0.6888888888888889,0.0,0.0,0.0,0.0,2002,clin,0.8
1,5,lr5e-05_bs16_modL1_fusion64_fusionL1_drop0p2_trmiss80_trlocclin,16,5e-05,1,64,1,0.2,lr5e-05_bs16_modL1_fusion64_fusionL1_drop0p2_trmiss80_trlocclin,30,0.4561809500058492,0.6514275670051575,0.6853448275862069,0.7771178923655565,0.6888888888888889,0.0,0.0,0.0,0.0,2002,clin,0.8
1,5,lr5e-05_bs16_modL1_fusion64_fusionL1_drop0p2_trmiss80_trlocclin,16,5e-05,1,64,1,0.2,lr5e-05_bs16_modL1_fusion64_fusionL1_drop0p2_trmiss80_trlocclin,31,0.42520129928986233,0.6540490587552389,0.6702586206896552,0.7883932870458439,0.6888888888888889,0.0,0.0,0.0,0.0,2002,clin,0.8
1,5,lr5e-05_bs16_modL1_fusion64_fusionL1_drop0p2_trmiss80_trlocclin,16,5e-05,1,64,1,0.2,lr5e-05_bs16_modL1_fusion64_fusionL1_drop0p2_trmiss80_trlocclin,32,0.42160197844107944,0.6505781412124634,0.6508620689655171,0.7682072966595563,0.6888888888888889,0.0,0.0,0.0,0.0,2002,clin,0.8
1,5,lr5e-05_bs16_modL1_fusion64_fusionL1_drop0p2_trmiss80_trlocclin,16,5e-05,1,64,1,0.2,lr5e-05_bs16_modL1_fusion64_fusionL1_drop0p2_trmiss80_trlocclin,33,0.41310644894838333,0.6490599115689596,0.6637931034482758,0.763205033258382,0.7555555555555555,0.0,0.0,0.0,0.0,2002,clin,0.8
1,5,lr5e-05_bs16_modL1_fusion64_fusionL1_drop0p2_trmiss80_trlocclin,16,5e-05,1,64,1,0.2,lr5e-05_bs16_modL1_fusion64_fusionL1_drop0p2_trmiss80_trlocclin,34,0.41490834951400757,0.6481240590413412,0.6853448275862069,0.784180717192909,0.6888888888888889,0.0,0.0,0.0,0.0,2002,clin,0.8
1,5,lr5e-05_bs16_modL1_fusion64_fusionL1_drop0p2_trmiss80_trlocclin,16,5e-05,1,64,1,0.2,lr5e-05_bs16_modL1_fusion64_fusionL1_drop0p2_trmiss80_trlocclin,35,0.38993535687526065,0.6534269650777181,0.6530172413793103,0.7570147836463423,0.6888888888888889,0.0,0.0,0.0,0.0,2002,clin,0.8
1,5,lr5e-05_bs16_modL1_fusion64_fusionL1_drop0p2_trmiss80_trlocclin,16,5e-05,1,64,1,0.2,lr5e-05_bs16_modL1_fusion64_fusionL1_drop0p2_trmiss80_trlocclin,36,0.4160407210389773,0.6536323428153992,0.6508620689655171,0.7577777532602633,0.7111111111111111,0.0,0.0,0.0,0.0,2002,clin,0.8
1,5,lr5e-05_bs16_modL1_fusion64_fusionL1_drop0p2_trmiss80_trlocclin,16,5e-05,1,64,1,0.2,lr5e-05_bs16_modL1_fusion64_fusionL1_drop0p2_trmiss80_trlocclin,37,0.394354206820329,0.6519601543744405,0.6573275862068966,0.760890460868232,0.7111111111111111,0.0,0.0,0.0,0.0,2002,clin,0.8
1,5,lr5e-05_bs16_modL1_fusion64_fusionL1_drop0p2_trmiss80_trlocclin,16,5e-05,1,64,1,0.2,lr5e-05_bs16_modL1_fusion64_fusionL1_drop0p2_trmiss80_trlocclin,38,0.3799932276209195,0.6507966915766398,0.668103448275862,0.7677734828002988,0.7111111111111111,0.0,0.0,0.0,0.0,2002,clin,0.8
1,5,lr5e-05_bs16_modL1_fusion64_fusionL1_drop0p2_trmiss80_trlocclin,16,5e-05,1,64,1,0.2,lr5e-05_bs16_modL1_fusion64_fusionL1_drop0p2_trmiss80_trlocclin,39,0.38136372963587445,0.6426664789517721,0.685344827586207,0.7860811650082228,0.7333333333333333,0.0,0.0,0.0,0.0,2002,clin,0.8
1,5,lr5e-05_bs16_modL1_fusion64_fusionL1_drop0p2_trmiss80_trlocclin,16,5e-05,1,64,1,0.2,lr5e-05_bs16_modL1_fusion64_fusionL1_drop0p2_trmiss80_trlocclin,40,0.38816502193609875,0.6368850668271383,0.6681034482758621,0.7719081683608481,0.7555555555555555,0.0,0.0,0.0,0.0,2002,clin,0.8
1,5,lr5e-05_bs16_modL1_fusion64_fusionL1_drop0p2_trmiss80_trlocclin,16,5e-05,1,64,1,0.2,lr5e-05_bs16_modL1_fusion64_fusionL1_drop0p2_trmiss80_trlocclin,41,0.3655228291948636,0.6322750051816305,0.6918103448275861,0.7914884639569567,0.7777777777777778,0.0,0.0,0.0,0.0,2002,clin,0.8
1,5,lr5e-05_bs16_modL1_fusion64_fusionL1_drop0p2_trmiss80_trlocclin,16,5e-05,1,64,1,0.2,lr5e-05_bs16_modL1_fusion64_fusionL1_drop0p2_trmiss80_trlocclin,42,0.3553471714258194,0.6307294567426046,0.7112068965517242,0.8094624326783386,0.7555555555555555,0.0,0.0,0.0,0.0,2002,clin,0.8
1,5,lr5e-05_bs16_modL1_fusion64_fusionL1_drop0p2_trmiss80_trlocclin,16,5e-05,1,64,1,0.2,lr5e-05_bs16_modL1_fusion64_fusionL1_drop0p2_trmiss80_trlocclin,43,0.35504895200332004,0.6334078510602316,0.6724137931034482,0.7796110985903343,0.7333333333333333,0.0,0.0,0.0,0.0,2002,clin,0.8
1,5,lr5e-05_bs16_modL1_fusion64_fusionL1_drop0p2_trmiss80_trlocclin,16,5e-05,1,64,1,0.2,lr5e-05_bs16_modL1_fusion64_fusionL1_drop0p2_trmiss80_trlocclin,44,0.3743060305714607,0.6316768725713094,0.6939655172413793,0.7785247347825829,0.7777777777777778,0.0,0.0,0.0,0.0,2002,clin,0.8
1,5,lr5e-05_bs16_modL1_fusion64_fusionL1_drop0p2_trmiss80_trlocclin,16,5e-05,1,64,1,0.2,lr5e-05_bs16_modL1_fusion64_fusionL1_drop0p2_trmiss80_trlocclin,45,0.34776126344998676,0.632437507311503,0.6875,0.7904768478684081,0.7555555555555555,0.0,0.0,0.0,0.0,2002,clin,0.8
1,5,lr5e-05_bs16_modL1_fusion64_fusionL1_drop0p2_trmiss80_trlocclin,16,5e-05,1,64,1,0.2,lr5e-05_bs16_modL1_fusion64_fusionL1_drop0p2_trmiss80_trlocclin,46,0.3598378226161003,0.6375009218851725,0.689655172413793,0.7879760160922946,0.7555555555555555,0.0,0.0,0.0,0.0,2002,clin,0.8
1,5,lr5e-05_bs16_modL1_fusion64_fusionL1_drop0p2_trmiss80_trlocclin,16,5e-05,1,64,1,0.2,lr5e-05_bs16_modL1_fusion64_fusionL1_drop0p2_trmiss80_trlocclin,47,0.3626224026083946,0.6424282590548197,0.6637931034482758,0.7630742950595107,0.7333333333333333,0.0,0.0,0.0,0.0,2002,clin,0.8
1,5,lr5e-05_bs16_modL1_fusion64_fusionL1_drop0p2_trmiss80_trlocclin,16,5e-05,1,64,1,0.2,lr5e-05_bs16_modL1_fusion64_fusionL1_drop0p2_trmiss80_trlocclin,48,0.3358462577064832,0.63524862130483,0.6831896551724137,0.7849375817159426,0.7333333333333333,0.0,0.0,0.0,0.0,2002,clin,0.8
1,5,lr5e-05_bs16_modL1_fusion64_fusionL1_drop0p2_trmiss80_trlocclin,16,5e-05,1,64,1,0.2,lr5e-05_bs16_modL1_fusion64_fusionL1_drop0p2_trmiss80_trlocclin,49,0.39044754455486935,0.6391757329305013,0.689655172413793,0.7769606372953444,0.7333333333333333,0.0,0.0,0.0,0.0,2002,clin,0.8
1,5,lr5e-05_bs16_modL1_fusion64_fusionL1_drop0p2_trmiss80_trlocclin,16,5e-05,1,64,1,0.2,lr5e-05_bs16_modL1_fusion64_fusionL1_drop0p2_trmiss80_trlocclin,50,0.3295874247948329,0.6350067853927612,0.6939655172413792,0.7832750229691235,0.7555555555555555,0.0,0.0,0.0,0.0,2002,clin,0.8
1,5,lr5e-05_bs16_modL1_fusion64_fusionL1_drop0p2_trmiss80_trlocclin,16,5e-05,1,64,1,0.2,lr5e-05_bs16_modL1_fusion64_fusionL1_drop0p2_trmiss80_trlocclin,51,0.3585110381245613,0.6325641671816508,0.6702586206896552,0.7674344226926163,0.7111111111111111,0.0,0.0,0.0,0.0,2002,clin,0.8
1,5,lr5e-05_bs16_modL1_fusion64_fusionL1_drop0p2_trmiss80_trlocclin,16,5e-05,1,64,1,0.2,lr5e-05_bs16_modL1_fusion64_fusionL1_drop0p2_trmiss80_trlocclin,52,0.3378661299745242,0.6371145447095236,0.6594827586206896,0.7575683876028502,0.7333333333333333,0.0,0.0,0.0,0.0,2002,clin,0.8
1,5,lr5e-05_bs16_modL1_fusion64_fusionL1_drop0p2_trmiss80_trlocclin,16,5e-05,1,64,1,0.2,lr5e-05_bs16_modL1_fusion64_fusionL1_drop0p2_trmiss80_trlocclin,53,0.3562146723270416,0.6427002350489298,0.6681034482758621,0.7674625026319115,0.7333333333333333,0.0,0.0,0.0,0.0,2002,clin,0.8
1,5,lr5e-05_bs16_modL1_fusion64_fusionL1_drop0p2_trmiss80_trlocclin,16,5e-05,1,64,1,0.2,lr5e-05_bs16_modL1_fusion64_fusionL1_drop0p2_trmiss80_trlocclin,54,0.3530181248982747,0.6425060629844666,0.6573275862068966,0.7407987694395829,0.7333333333333333,0.0,0.0,0.0,0.0,2002,clin,0.8
1,5,lr5e-05_bs16_modL1_fusion64_fusionL1_drop0p2_trmiss80_trlocclin,16,5e-05,1,64,1,0.2,lr5e-05_bs16_modL1_fusion64_fusionL1_drop0p2_trmiss80_trlocclin,55,0.3530305549502373,0.6352416475613912,0.6573275862068966,0.7435170197491111,0.7333333333333333,0.0,0.0,0.0,0.0,2002,clin,0.8
1,5,lr5e-05_bs16_modL1_fusion64_fusionL1_drop0p2_trmiss80_trlocclin,16,5e-05,1,64,1,0.2,lr5e-05_bs16_modL1_fusion64_fusionL1_drop0p2_trmiss80_trlocclin,56,0.32428719103336334,0.6350066860516866,0.6530172413793104,0.7502610026087125,0.7333333333333333,0.0,0.0,0.0,0.0,2002,clin,0.8
1,5,lr5e-05_bs16_modL1_fusion64_fusionL1_drop0p2_trmiss80_trlocclin,16,5e-05,1,64,1,0.2,lr5e-05_bs16_modL1_fusion64_fusionL1_drop0p2_trmiss80_trlocclin,57,0.33997279902299243,0.6319233973821005,0.6530172413793104,0.7539152347112206,0.6888888888888889,0.0,0.0,0.0,0.0,2002,clin,0.8
1,5,lr5e-05_bs16_modL1_fusion64_fusionL1_drop0p2_trmiss80_trlocclin,16,5e-05,1,64,1,0.2,lr5e-05_bs16_modL1_fusion64_fusionL1_drop0p2_trmiss80_trlocclin,58,0.34950923422972363,0.6356161236763,0.6530172413793103,0.7492764826586754,0.7333333333333333,0.0,0.0,0.0,0.0,2002,clin,0.8
1,5,lr5e-05_bs16_modL1_fusion64_fusionL1_drop0p2_trmiss80_trlocclin,16,5e-05,1,64,1,0.2,lr5e-05_bs16_modL1_fusion64_fusionL1_drop0p2_trmiss80_trlocclin,59,0.34188303103049594,0.6415449182192484,0.6637931034482758,0.763750426189414,0.7111111111111111,0.0,0.0,0.0,0.0,2002,clin,0.8
1,5,lr5e-05_bs16_modL1_fusion64_fusionL1_drop0p2_trmiss80_trlocclin,16,5e-05,1,64,1,0.2,lr5e-05_bs16_modL1_fusion64_fusionL1_drop0p2_trmiss80_trlocclin,60,0.35647821923096973,0.6300190885861715,0.6637931034482758,0.7631288818559022,0.7111111111111111,0.0,0.0,0.0,0.0,2002,clin,0.8
1,5,lr5e-05_bs16_modL1_fusion64_fusionL1_drop0p2_trmiss80_trlocclin,16,5e-05,1,64,1,0.2,lr5e-05_bs16_modL1_fusion64_fusionL1_drop0p2_trmiss80_trlocclin,61,0.3404586265484492,0.6383411685625712,0.6616379310344828,0.7614868457311074,0.7333333333333333,0.0,0.0,0.0,0.0,2002,clin,0.8
1,5,lr5e-05_bs16_modL1_fusion64_fusionL1_drop0p2_trmiss80_trlocclin,16,5e-05,1,64,1,0.2,lr5e-05_bs16_modL1_fusion64_fusionL1_drop0p2_trmiss80_trlocclin,62,0.33868762602408725,0.6364133556683859,0.6637931034482758,0.7598773672191319,0.7333333333333333,0.0,0.0,0.0,0.0,2002,clin,0.8
1,5,lr5e-05_bs16_modL1_fusion64_fusionL1_drop0p1_trmiss80_trlocclin,16,5e-05,1,64,1,0.1,lr5e-05_bs16_modL1_fusion64_fusionL1_drop0p1_trmiss80_trlocclin,1,0.7551371057828268,0.7332987785339355,0.49353448275862066,0.6598573785833675,0.37777777777777777,0.0,0.0,0.0,0.0,2002,clin,0.8
1,5,lr5e-05_bs16_modL1_fusion64_fusionL1_drop0p1_trmiss80_trlocclin,16,5e-05,1,64,1,0.1,lr5e-05_bs16_modL1_fusion64_fusionL1_drop0p1_trmiss80_trlocclin,2,0.7383466015259424,0.7454754908879598,0.49353448275862066,0.6475614183496553,0.37777777777777777,0.0,0.0,0.0,0.0,2002,clin,0.8
1,5,lr5e-05_bs16_modL1_fusion64_fusionL1_drop0p1_trmiss80_trlocclin,16,5e-05,1,64,1,0.1,lr5e-05_bs16_modL1_fusion64_fusionL1_drop0p1_trmiss80_trlocclin,3,0.707775299747785,0.7500971754391988,0.5280172413793103,0.6687649245782497,0.4,0.0,0.0,0.0,0.0,2002,clin,0.8
1,5,lr5e-05_bs16_modL1_fusion64_fusionL1_drop0p1_trmiss80_trlocclin,16,5e-05,1,64,1,0.1,lr5e-05_bs16_modL1_fusion64_fusionL1_drop0p1_trmiss80_trlocclin,4,0.709768349925677,0.7537689208984375,0.5280172413793103,0.6811115728164967,0.4,0.0,0.0,0.0,0.0,2002,clin,0.8
1,5,lr5e-05_bs16_modL1_fusion64_fusionL1_drop0p1_trmiss80_trlocclin,16,5e-05,1,64,1,0.1,lr5e-05_bs16_modL1_fusion64_fusionL1_drop0p1_trmiss80_trlocclin,5,0.6868658314148585,0.7467710971832275,0.5452586206896551,0.6855528901701795,0.4,0.0,0.0,0.0,0.0,2002,clin,0.8
1,5,lr5e-05_bs16_modL1_fusion64_fusionL1_drop0p1_trmiss80_trlocclin,16,5e-05,1,64,1,0.1,lr5e-05_bs16_modL1_fusion64_fusionL1_drop0p1_trmiss80_trlocclin,6,0.6805487523476282,0.7418889800707499,0.5323275862068966,0.6845189746915901,0.37777777777777777,0.0,0.0,0.0,0.0,2002,clin,0.8
1,5,lr5e-05_bs16_modL1_fusion64_fusionL1_drop0p1_trmiss80_trlocclin,16,5e-05,1,64,1,0.1,lr5e-05_bs16_modL1_fusion64_fusionL1_drop0p1_trmiss80_trlocclin,7,0.6431245456139246,0.7332653601964315,0.5754310344827587,0.7124960413046231,0.4444444444444444,0.0,0.0,0.0,0.0,2002,clin,0.8
1,5,lr5e-05_bs16_modL1_fusion64_fusionL1_drop0p1_trmiss80_trlocclin,16,5e-05,1,64,1,0.1,lr5e-05_bs16_modL1_fusion64_fusionL1_drop0p1_trmiss80_trlocclin,8,0.6245404531558355,0.7357191642125448,0.560344827586207,0.7169558854027871,0.4444444444444444,0.0,0.0,0.0,0.0,2002,clin,0.8
1,5,lr5e-05_bs16_modL1_fusion64_fusionL1_drop0p1_trmiss80_trlocclin,16,5e-05,1,64,1,0.1,lr5e-05_bs16_modL1_fusion64_fusionL1_drop0p1_trmiss80_trlocclin,9,0.6377839495738348,0.7343764305114746,0.5581896551724138,0.7092811004770596,0.4222222222222222,0.0,0.0,0.0,0.0,2002,clin,0.8
1,5,lr5e-05_bs16_modL1_fusion64_fusionL1_drop0p1_trmiss80_trlocclin,16,5e-05,1,64,1,0.1,lr5e-05_bs16_modL1_fusion64_fusionL1_drop0p1_trmiss80_trlocclin,10,0.6190939495960871,0.7193470994631449,0.5581896551724138,0.7027521919977419,0.4444444444444444,0.0,0.0,0.0,0.0,2002,clin,0.8
1,5,lr5e-05_bs16_modL1_fusion64_fusionL1_drop0p1_trmiss80_trlocclin,16,5e-05,1,64,1,0.1,lr5e-05_bs16_modL1_fusion64_fusionL1_drop0p1_trmiss80_trlocclin,11,0.6139598141113917,0.7254003683725992,0.5754310344827587,0.7146931506354588,0.4666666666666667,0.0,0.0,0.0,0.0,2002,clin,0.8
1,5,lr5e-05_bs16_modL1_fusion64_fusionL1_drop0p1_trmiss80_trlocclin,16,5e-05,1,64,1,0.1,lr5e-05_bs16_modL1_fusion64_fusionL1_drop0p1_trmiss80_trlocclin,12,0.6207707524299622,0.7244793971379598,0.560344827586207,0.7129536416908682,0.4666666666666667,0.0,0.0,0.0,0.0,2002,clin,0.8
1,5,lr5e-05_bs16_modL1_fusion64_fusionL1_drop0p1_trmiss80_trlocclin,16,5e-05,1,64,1,0.1,lr5e-05_bs16_modL1_fusion64_fusionL1_drop0p1_trmiss80_trlocclin,13,0.6128570884466171,0.714793841044108,0.5754310344827587,0.7006419434028012,0.4888888888888889,0.0,0.0,0.0,0.0,2002,clin,0.8
1,5,lr5e-05_bs16_modL1_fusion64_fusionL1_drop0p1_trmiss80_trlocclin,16,5e-05,1,64,1,0.1,lr5e-05_bs16_modL1_fusion64_fusionL1_drop0p1_trmiss80_trlocclin,14,0.5996112997333208,0.7168908715248108,0.5689655172413793,0.6939662623956907,0.4666666666666667,0.0,0.0,0.0,0.0,2002,clin,0.8
1,5,lr5e-05_bs16_modL1_fusion64_fusionL1_drop0p1_trmiss80_trlocclin,16,5e-05,1,64,1,0.1,lr5e-05_bs16_modL1_fusion64_fusionL1_drop0p1_trmiss80_trlocclin,15,0.6135694334904352,0.7180173397064209,0.5775862068965517,0.6921837943383329,0.4666666666666667,0.0,0.0,0.0,0.0,2002,clin,0.8
1,5,lr5e-05_bs16_modL1_fusion64_fusionL1_drop0p1_trmiss80_trlocclin,16,5e-05,1,64,1,0.1,lr5e-05_bs16_modL1_fusion64_fusionL1_drop0p1_trmiss80_trlocclin,16,0.5922874634464582,0.71566770474116,0.5754310344827586,0.6981950733164349,0.4444444444444444,0.0,0.0,0.0,0.0,2002,clin,0.8
1,5,lr5e-05_bs16_modL1_fusion64_fusionL1_drop0p1_trmiss80_trlocclin,16,5e-05,1,64,1,0.1,lr5e-05_bs16_modL1_fusion64_fusionL1_drop0p1_trmiss80_trlocclin,17,0.595848798751831,0.7098941802978516,0.5991379310344829,0.7181840792364256,0.4666666666666667,0.0,0.0,0.0,0.0,2002,clin,0.8
1,5,lr5e-05_bs16_modL1_fusion64_fusionL1_drop0p1_trmiss80_trlocclin,16,5e-05,1,64,1,0.1,lr5e-05_bs16_modL1_fusion64_fusionL1_drop0p1_trmiss80_trlocclin,18,0.5769112706184387,0.704852283000946,0.603448275862069,0.7225411708825009,0.4888888888888889,0.0,0.0,0.0,0.0,2002,clin,0.8
1,5,lr5e-05_bs16_modL1_fusion64_fusionL1_drop0p1_trmiss80_trlocclin,16,5e-05,1,64,1,0.1,lr5e-05_bs16_modL1_fusion64_fusionL1_drop0p1_trmiss80_trlocclin,19,0.5524299318591753,0.7062267263730367,0.5948275862068966,0.7077373497049891,0.4666666666666667,0.0,0.0,0.0,0.0,2002,clin,0.8
1,5,lr5e-05_bs16_modL1_fusion64_fusionL1_drop0p1_trmiss80_trlocclin,16,5e-05,1,64,1,0.1,lr5e-05_bs16_modL1_fusion64_fusionL1_drop0p1_trmiss80_trlocclin,20,0.5593254268169403,0.7041874726613363,0.6120689655172413,0.7284688498010832,0.5111111111111111,0.0,0.0,0.0,0.0,2002,clin,0.8
1,5,lr5e-05_bs16_modL1_fusion64_fusionL1_drop0p1_trmiss80_trlocclin,16,5e-05,1,64,1,0.1,lr5e-05_bs16_modL1_fusion64_fusionL1_drop0p1_trmiss80_trlocclin,21,0.5772311588128408,0.7011372248331705,0.6163793103448276,0.7207352478517994,0.5333333333333333,0.0,0.0,0.0,0.0,2002,clin,0.8
1,5,lr5e-05_bs16_modL1_fusion64_fusionL1_drop0p1_trmiss80_trlocclin,16,5e-05,1,64,1,0.1,lr5e-05_bs16_modL1_fusion64_fusionL1_drop0p1_trmiss80_trlocclin,22,0.5667901188135147,0.6975484291712443,0.6271551724137931,0.7388582535865302,0.5555555555555556,0.0,0.0,0.0,0.0,2002,clin,0.8
1,5,lr5e-05_bs16_modL1_fusion64_fusionL1_drop0p1_trmiss80_trlocclin,16,5e-05,1,64,1,0.1,lr5e-05_bs16_modL1_fusion64_fusionL1_drop0p1_trmiss80_trlocclin,23,0.5516963476936022,0.703984280427297,0.625,0.7345858145039227,0.5555555555555556,0.0,0.0,0.0,0.0,2002,clin,0.8
1,5,lr5e-05_bs16_modL1_fusion64_fusionL1_drop0p1_trmiss80_trlocclin,16,5e-05,1,64,1,0.1,lr5e-05_bs16_modL1_fusion64_fusionL1_drop0p1_trmiss80_trlocclin,24,0.542581799129645,0.6965932647387186,0.6120689655172413,0.7241037292783321,0.5333333333333333,0.0,0.0,0.0,0.0,2002,clin,0.8
1,5,lr5e-05_bs16_modL1_fusion64_fusionL1_drop0p1_trmiss80_trlocclin,16,5e-05,1,64,1,0.1,lr5e-05_bs16_modL1_fusion64_fusionL1_drop0p1_trmiss80_trlocclin,25,0.5467832336823145,0.6957306067148844,0.6314655172413792,0.7459265627441677,0.5555555555555556,0.0,0.0,0.0,0.0,2002,clin,0.8
1,5,lr5e-05_bs16_modL1_fusion64_fusionL1_drop0p1_trmiss80_trlocclin,16,5e-05,1,64,1,0.1,lr5e-05_bs16_modL1_fusion64_fusionL1_drop0p1_trmiss80_trlocclin,26,0.5240910922487577,0.6928616762161255,0.6379310344827587,0.7501369569774452,0.6,0.0,0.0,0.0,0.0,2002,clin,0.8
1,5,lr5e-05_bs16_modL1_fusion64_fusionL1_drop0p1_trmiss80_trlocclin,16,5e-05,1,64,1,0.1,lr5e-05_bs16_modL1_fusion64_fusionL1_drop0p1_trmiss80_trlocclin,27,0.5475446209311485,0.6937187115351359,0.646551724137931,0.7425544793386437,0.5555555555555556,0.0,0.0,0.0,0.0,2002,clin,0.8
1,5,lr5e-05_bs16_modL1_fusion64_fusionL1_drop0p1_trmiss80_trlocclin,16,5e-05,1,64,1,0.1,lr5e-05_bs16_modL1_fusion64_fusionL1_drop0p1_trmiss80_trlocclin,28,0.5335996275146803,0.6851811607678732,0.6357758620689655,0.7291097570917436,0.6222222222222222,0.0,0.0,0.0,0.0,2002,clin,0.8
1,5,lr5e-05_bs16_modL1_fusion64_fusionL1_drop0p1_trmiss80_trlocclin,16,5e-05,1,64,1,0.1,lr5e-05_bs16_modL1_fusion64_fusionL1_drop0p1_trmiss80_trlocclin,29,0.5161977584163348,0.6904563109079996,0.6422413793103448,0.7480974413397288,0.5777777777777777,0.0,0.0,0.0,0.0,2002,clin,0.8
1,5,lr5e-05_bs16_modL1_fusion64_fusionL1_drop0p1_trmiss80_trlocclin,16,5e-05,1,64,1,0.1,lr5e-05_bs16_modL1_fusion64_fusionL1_drop0p1_trmiss80_trlocclin,30,0.5067381436626116,0.6833322048187256,0.6487068965517242,0.7504557487825627,0.6,0.0,0.0,0.0,0.0,2002,clin,0.8
1,5,lr5e-05_bs16_modL1_fusion64_fusionL1_drop0p1_trmiss80_trlocclin,16,5e-05,1,64,1,0.1,lr5e-05_bs16_modL1_fusion64_fusionL1_drop0p1_trmiss80_trlocclin,31,0.5401753410696983,0.6896172761917114,0.646551724137931,0.7509993038353686,0.6,0.0,0.0,0.0,0.0,2002,clin,0.8
1,5,lr5e-05_bs16_modL1_fusion64_fusionL1_drop0p1_trmiss80_trlocclin,16,5e-05,1,64,1,0.1,lr5e-05_bs16_modL1_fusion64_fusionL1_drop0p1_trmiss80_trlocclin,32,0.52415631711483,0.6797765294710795,0.6594827586206896,0.7644411959870235,0.5777777777777777,0.0,0.0,0.0,0.0,2002,clin,0.8
1,5,lr5e-05_bs16_modL1_fusion64_fusionL1_drop0p1_trmiss80_trlocclin,16,5e-05,1,64,1,0.1,lr5e-05_bs16_modL1_fusion64_fusionL1_drop0p1_trmiss80_trlocclin,33,0.5072125171621641,0.6768693725268046,0.6551724137931034,0.7595753740907634,0.5777777777777777,0.0,0.0,0.0,0.0,2002,clin,0.8
1,5,lr5e-05_bs16_modL1_fusion64_fusionL1_drop0p1_trmiss80_trlocclin,16,5e-05,1,64,1,0.1,lr5e-05_bs16_modL1_fusion64_fusionL1_drop0p1_trmiss80_trlocclin,34,0.4968379611770312,0.680324653784434,0.6616379310344828,0.7556513965169931,0.6222222222222222,0.0,0.0,0.0,0.0,2002,clin,0.8
1,5,lr5e-05_bs16_modL1_fusion64_fusionL1_drop0p1_trmiss80_trlocclin,16,5e-05,1,64,1,0.1,lr5e-05_bs16_modL1_fusion64_fusionL1_drop0p1_trmiss80_trlocclin,35,0.49983737121025723,0.6817919015884399,0.6443965517241379,0.7505642660810316,0.5777777777777777,0.0,0.0,0.0,0.0,2002,clin,0.8
1,5,lr5e-05_bs16_modL1_fusion64_fusionL1_drop0p1_trmiss80_trlocclin,16,5e-05,1,64,1,0.1,lr5e-05_bs16_modL1_fusion64_fusionL1_drop0p1_trmiss80_trlocclin,36,0.4849653939406077,0.680023193359375,0.6336206896551725,0.7432611440613266,0.6,0.0,0.0,0.0,0.0,2002,clin,0.8
1,5,lr5e-05_bs16_modL1_fusion64_fusionL1_drop0p1_trmiss80_trlocclin,16,5e-05,1,64,1,0.1,lr5e-05_bs16_modL1_fusion64_fusionL1_drop0p1_trmiss80_trlocclin,37,0.48571355392535526,0.6788894534111023,0.646551724137931,0.7548354469221715,0.6222222222222222,0.0,0.0,0.0,0.0,2002,clin,0.8
1,5,lr5e-05_bs16_modL1_fusion64_fusionL1_drop0p1_trmiss80_trlocclin,16,5e-05,1,64,1,0.1,lr5e-05_bs16_modL1_fusion64_fusionL1_drop0p1_trmiss80_trlocclin,38,0.4806419337789218,0.6776757637659708,0.668103448275862,0.7535043760705519,0.6,0.0,0.0,0.0,0.0,2002,clin,0.8
1,5,lr5e-05_bs16_modL1_fusion64_fusionL1_drop0p1_trmiss80_trlocclin,16,5e-05,1,64,1,0.1,lr5e-05_bs16_modL1_fusion64_fusionL1_drop0p1_trmiss80_trlocclin,39,0.46796363840500516,0.6744772990544637,0.6573275862068966,0.7425240029631304,0.6,0.0,0.0,0.0,0.0,2002,clin,0.8
1,5,lr5e-05_bs16_modL1_fusion64_fusionL1_drop0p1_trmiss80_trlocclin,16,5e-05,1,64,1,0.1,lr5e-05_bs16_modL1_fusion64_fusionL1_drop0p1_trmiss80_trlocclin,40,0.473954218129317,0.6605468988418579,0.6702586206896551,0.7577079223500873,0.6444444444444445,0.0,0.0,0.0,0.0,2002,clin,0.8
1,5,lr5e-05_bs16_modL1_fusion64_fusionL1_drop0p1_trmiss80_trlocclin,16,5e-05,1,64,1,0.1,lr5e-05_bs16_modL1_fusion64_fusionL1_drop0p1_trmiss80_trlocclin,41,0.4563283498088519,0.670750617980957,0.6551724137931034,0.7431086638377605,0.6444444444444445,0.0,0.0,0.0,0.0,2002,clin,0.8
1,5,lr5e-05_bs16_modL1_fusion64_fusionL1_drop0p1_trmiss80_trlocclin,16,5e-05,1,64,1,0.1,lr5e-05_bs16_modL1_fusion64_fusionL1_drop0p1_trmiss80_trlocclin,42,0.47789090623458225,0.6715232531229655,0.646551724137931,0.7413941708890889,0.6222222222222222,0.0,0.0,0.0,0.0,2002,clin,0.8
1,5,lr5e-05_bs16_modL1_fusion64_fusionL1_drop0p1_trmiss80_trlocclin,16,5e-05,1,64,1,0.1,lr5e-05_bs16_modL1_fusion64_fusionL1_drop0p1_trmiss80_trlocclin,43,0.472959170738856,0.6683380206425985,0.6616379310344828,0.7584636920006472,0.6,0.0,0.0,0.0,0.0,2002,clin,0.8
1,5,lr5e-05_bs16_modL1_fusion64_fusionL1_drop0p1_trmiss80_trlocclin,16,5e-05,1,64,1,0.1,lr5e-05_bs16_modL1_fusion64_fusionL1_drop0p1_trmiss80_trlocclin,44,0.4481894125541051,0.6736941734949747,0.6573275862068966,0.7605340291446349,0.5555555555555556,0.0,0.0,0.0,0.0,2002,clin,0.8
1,5,lr5e-05_bs16_modL1_fusion64_fusionL1_drop0p1_trmiss80_trlocclin,16,5e-05,1,64,1,0.1,lr5e-05_bs16_modL1_fusion64_fusionL1_drop0p1_trmiss80_trlocclin,45,0.45570892840623856,0.6612733801205953,0.6551724137931034,0.7505649198107341,0.6666666666666666,0.0,0.0,0.0,0.0,2002,clin,0.8
1,5,lr5e-05_bs16_modL1_fusion64_fusionL1_drop0p1_trmiss80_trlocclin,16,5e-05,1,64,1,0.1,lr5e-05_bs16_modL1_fusion64_fusionL1_drop0p1_trmiss80_trlocclin,46,0.4573642735679944,0.6658037106196085,0.6594827586206896,0.7631128848871226,0.6,0.0,0.0,0.0,0.0,2002,clin,0.8
1,5,lr5e-05_bs16_modL1_fusion64_fusionL1_drop0p1_trmiss80_trlocclin,16,5e-05,1,64,1,0.1,lr5e-05_bs16_modL1_fusion64_fusionL1_drop0p1_trmiss80_trlocclin,47,0.46285547067721683,0.6612482269605001,0.6573275862068966,0.763447351105402,0.6444444444444445,0.0,0.0,0.0,0.0,2002,clin,0.8
1,5,lr5e-05_bs16_modL1_fusion64_fusionL1_drop0p1_trmiss80_trlocclin,16,5e-05,1,64,1,0.1,lr5e-05_bs16_modL1_fusion64_fusionL1_drop0p1_trmiss80_trlocclin,48,0.45930390308300656,0.6651029586791992,0.6616379310344827,0.772061214487476,0.6444444444444445,0.0,0.0,0.0,0.0,2002,clin,0.8
1,5,lr5e-05_bs16_modL1_fusion64_fusionL1_drop0p1_trmiss80_trlocclin,16,5e-05,1,64,1,0.1,lr5e-05_bs16_modL1_fusion64_fusionL1_drop0p1_trmiss80_trlocclin,49,0.45112552493810654,0.6537244121233622,0.6573275862068966,0.7584803372126763,0.6888888888888889,0.0,0.0,0.0,0.0,2002,clin,0.8
1,5,lr5e-05_bs16_modL1_fusion64_fusionL1_drop0p1_trmiss80_trlocclin,16,5e-05,1,64,1,0.1,lr5e-05_bs16_modL1_fusion64_fusionL1_drop0p1_trmiss80_trlocclin,50,0.44743825246890384,0.6620702346165975,0.6594827586206896,0.7598131679414464,0.6222222222222222,0.0,0.0,0.0,0.0,2002,clin,0.8
1,5,lr5e-05_bs16_modL1_fusion64_fusionL1_drop0p1_trmiss80_trlocclin,16,5e-05,1,64,1,0.1,lr5e-05_bs16_modL1_fusion64_fusionL1_drop0p1_trmiss80_trlocclin,51,0.4537724753220876,0.6641425887743632,0.6616379310344827,0.7658261021034743,0.6,0.0,0.0,0.0,0.0,2002,clin,0.8
1,5,lr5e-05_bs16_modL1_fusion64_fusionL1_drop0p1_trmiss80_trlocclin,16,5e-05,1,64,1,0.1,lr5e-05_bs16_modL1_fusion64_fusionL1_drop0p1_trmiss80_trlocclin,52,0.4421442449092865,0.6654112736384074,0.6551724137931034,0.7614745394991783,0.6222222222222222,0.0,0.0,0.0,0.0,2002,clin,0.8
1,5,lr5e-05_bs16_modL1_fusion64_fusionL1_drop0p1_trmiss80_trlocclin,16,5e-05,1,64,1,0.1,lr5e-05_bs16_modL1_fusion64_fusionL1_drop0p1_trmiss80_trlocclin,53,0.44196266184250516,0.6686139504114786,0.6530172413793103,0.7557515912493324,0.6,0.0,0.0,0.0,0.0,2002,clin,0.8
1,5,lr5e-05_bs16_modL1_fusion64_fusionL1_drop0p1_trmiss80_trlocclin,16,5e-05,1,64,1,0.1,lr5e-05_bs16_modL1_fusion64_fusionL1_drop0p1_trmiss80_trlocclin,54,0.4350358198086421,0.6644260883331299,0.6530172413793103,0.7580324103021546,0.5777777777777777,0.0,0.0,0.0,0.0,2002,clin,0.8
1,5,lr5e-05_bs16_modL1_fusion64_fusionL1_drop0p1_trmiss80_trlocclin,16,5e-05,1,64,1,0.1,lr5e-05_bs16_modL1_fusion64_fusionL1_drop0p1_trmiss80_trlocclin,55,0.42672046770652133,0.6634283860524496,0.6573275862068966,0.7657078352710033,0.6444444444444445,0.0,0.0,0.0,0.0,2002,clin,0.8
1,5,lr5e-05_bs16_modL1_fusion64_fusionL1_drop0p1_trmiss80_trlocclin,16,5e-05,1,64,1,0.1,lr5e-05_bs16_modL1_fusion64_fusionL1_drop0p1_trmiss80_trlocclin,56,0.43389299511909485,0.6631977756818136,0.6530172413793103,0.7592523159791971,0.6444444444444445,0.0,0.0,0.0,0.0,2002,clin,0.8
1,5,lr5e-05_bs16_modL1_fusion64_fusionL1_drop0p1_trmiss80_trlocclin,16,5e-05,1,64,1,0.1,lr5e-05_bs16_modL1_fusion64_fusionL1_drop0p1_trmiss80_trlocclin,57,0.43907149136066437,0.6585658589998881,0.6530172413793104,0.7398265544464774,0.6444444444444445,0.0,0.0,0.0,0.0,2002,clin,0.8
1,5,lr5e-05_bs16_modL1_fusion64_fusionL1_drop0p1_trmiss80_trlocclin,16,5e-05,1,64,1,0.1,lr5e-05_bs16_modL1_fusion64_fusionL1_drop0p1_trmiss80_trlocclin,58,0.43727517624696094,0.6556151310602824,0.665948275862069,0.7688055915802753,0.6444444444444445,0.0,0.0,0.0,0.0,2002,clin,0.8
1,5,lr5e-05_bs16_modL1_fusion64_fusionL1_drop0p1_trmiss80_trlocclin,16,5e-05,1,64,1,0.1,lr5e-05_bs16_modL1_fusion64_fusionL1_drop0p1_trmiss80_trlocclin,59,0.44509343306223553,0.6528383692105612,0.6594827586206896,0.7556673596550861,0.6444444444444445,0.0,0.0,0.0,0.0,2002,clin,0.8
1,5,lr5e-05_bs16_modL1_fusion64_fusionL1_drop0p1_trmiss80_trlocclin,16,5e-05,1,64,1,0.1,lr5e-05_bs16_modL1_fusion64_fusionL1_drop0p1_trmiss80_trlocclin,60,0.42906443774700165,0.6566252112388611,0.6551724137931034,0.7520591383744512,0.6444444444444445,0.0,0.0,0.0,0.0,2002,clin,0.8
1,5,lr1e-04_bs16_modL1_fusion32_fusionL1_drop0p2_trmiss80_trlocclin,16,0.0001,1,32,1,0.2,lr1e-04_bs16_modL1_fusion32_fusionL1_drop0p2_trmiss80_trlocclin,1,0.7449432412783304,0.6851066549619039,0.6120689655172414,0.743478772113351,0.5555555555555556,0.0,0.0,0.0,0.0,2002,clin,0.8
1,5,lr1e-04_bs16_modL1_fusion32_fusionL1_drop0p2_trmiss80_trlocclin,16,0.0001,1,32,1,0.2,lr1e-04_bs16_modL1_fusion32_fusionL1_drop0p2_trmiss80_trlocclin,2,0.7087109039227167,0.6932642857233683,0.6163793103448276,0.76401780584591,0.5333333333333333,0.0,0.0,0.0,0.0,2002,clin,0.8
1,5,lr1e-04_bs16_modL1_fusion32_fusionL1_drop0p2_trmiss80_trlocclin,16,0.0001,1,32,1,0.2,lr1e-04_bs16_modL1_fusion32_fusionL1_drop0p2_trmiss80_trlocclin,3,0.6581656982501348,0.6899947722752889,0.603448275862069,0.7634428034213746,0.5333333333333333,0.0,0.0,0.0,0.0,2002,clin,0.8
1,5,lr1e-04_bs16_modL1_fusion32_fusionL1_drop0p2_trmiss80_trlocclin,16,0.0001,1,32,1,0.2,lr1e-04_bs16_modL1_fusion32_fusionL1_drop0p2_trmiss80_trlocclin,4,0.6707059244314829,0.6923582156499227,0.6142241379310345,0.7612986960121814,0.5555555555555556,0.0,0.0,0.0,0.0,2002,clin,0.8
1,5,lr1e-04_bs16_modL1_fusion32_fusionL1_drop0p2_trmiss80_trlocclin,16,0.0001,1,32,1,0.2,lr1e-04_bs16_modL1_fusion32_fusionL1_drop0p2_trmiss80_trlocclin,5,0.6387735803922018,0.6770397822062174,0.6594827586206896,0.7931575200818272,0.5333333333333333,0.0,0.0,0.0,0.0,2002,clin,0.8
1,5,lr1e-04_bs16_modL1_fusion32_fusionL1_drop0p2_trmiss80_trlocclin,16,0.0001,1,32,1,0.2,lr1e-04_bs16_modL1_fusion32_fusionL1_drop0p2_trmiss80_trlocclin,6,0.6239562779664993,0.6865357756614685,0.6379310344827587,0.7954340618462541,0.5111111111111111,0.0,0.0,0.0,0.0,2002,clin,0.8
1,5,lr1e-04_bs16_modL1_fusion32_fusionL1_drop0p2_trmiss80_trlocclin,16,0.0001,1,32,1,0.2,lr1e-04_bs16_modL1_fusion32_fusionL1_drop0p2_trmiss80_trlocclin,7,0.5893371750911077,0.6839990218480428,0.6012931034482759,0.7659671123111065,0.5111111111111111,0.0,0.0,0.0,0.0,2002,clin,0.8
1,5,lr1e-04_bs16_modL1_fusion32_fusionL1_drop0p2_trmiss80_trlocclin,16,0.0001,1,32,1,0.2,lr1e-04_bs16_modL1_fusion32_fusionL1_drop0p2_trmiss80_trlocclin,8,0.6174929390350977,0.6860071619351705,0.5948275862068966,0.7662200838933979,0.4888888888888889,0.0,0.0,0.0,0.0,2002,clin,0.8
1,5,lr1e-04_bs16_modL1_fusion32_fusionL1_drop0p2_trmiss80_trlocclin,16,0.0001,1,32,1,0.2,lr1e-04_bs16_modL1_fusion32_fusionL1_drop0p2_trmiss80_trlocclin,9,0.6155321101347605,0.6895708044370016,0.6120689655172413,0.7735402564053007,0.4888888888888889,0.0,0.0,0.0,0.0,2002,clin,0.8
1,5,lr1e-04_bs16_modL1_fusion32_fusionL1_drop0p2_trmiss80_trlocclin,16,0.0001,1,32,1,0.2,lr1e-04_bs16_modL1_fusion32_fusionL1_drop0p2_trmiss80_trlocclin,10,0.604965016245842,0.6873468557993571,0.6185344827586207,0.7731873278635426,0.5333333333333333,0.0,0.0,0.0,0.0,2002,clin,0.8
1,5,lr1e-04_bs16_modL1_fusion32_fusionL1_drop0p2_trmiss80_trlocclin,16,0.0001,1,32,1,0.2,lr1e-04_bs16_modL1_fusion32_fusionL1_drop0p2_trmiss80_trlocclin,11,0.5667422463496526,0.6828521688779196,0.5862068965517241,0.7399326492352528,0.5333333333333333,0.0,0.0,0.0,0.0,2002,clin,0.8
1,5,lr1e-04_bs16_modL1_fusion32_fusionL1_drop0p2_trmiss80_trlocclin,16,0.0001,1,32,1,0.2,lr1e-04_bs16_modL1_fusion32_fusionL1_drop0p2_trmiss80_trlocclin,12,0.5626317709684372,0.6852665742238363,0.5991379310344828,0.7448845982630391,0.5111111111111111,0.0,0.0,0.0,0.0,2002,clin,0.8
1,5,lr1e-04_bs16_modL1_fusion32_fusionL1_drop0p2_trmiss80_trlocclin,16,0.0001,1,32,1,0.2,lr1e-04_bs16_modL1_fusion32_fusionL1_drop0p2_trmiss80_trlocclin,13,0.5444183548291525,0.6763349175453186,0.6228448275862069,0.7606422394842643,0.5333333333333333,0.0,0.0,0.0,0.0,2002,clin,0.8
1,5,lr1e-04_bs16_modL1_fusion32_fusionL1_drop0p2_trmiss80_trlocclin,16,0.0001,1,32,1,0.2,lr1e-04_bs16_modL1_fusion32_fusionL1_drop0p2_trmiss80_trlocclin,14,0.5230804135402044,0.6754269003868103,0.6077586206896551,0.7584219002116633,0.5555555555555556,0.0,0.0,0.0,0.0,2002,clin,0.8
1,5,lr1e-04_bs16_modL1_fusion32_fusionL1_drop0p2_trmiss80_trlocclin,16,0.0001,1,32,1,0.2,lr1e-04_bs16_modL1_fusion32_fusionL1_drop0p2_trmiss80_trlocclin,15,0.5159758776426315,0.6754893859227499,0.6185344827586207,0.7557338480182187,0.5333333333333333,0.0,0.0,0.0,0.0,2002,clin,0.8
1,5,lr1e-04_bs16_modL1_fusion32_fusionL1_drop0p2_trmiss80_trlocclin,16,0.0001,1,32,1,0.2,lr1e-04_bs16_modL1_fusion32_fusionL1_drop0p2_trmiss80_trlocclin,16,0.5316051840782166,0.6740487813949585,0.5969827586206896,0.7424328751713155,0.5333333333333333,0.0,0.0,0.0,0.0,2002,clin,0.8
1,5,lr1e-04_bs16_modL1_fusion32_fusionL1_drop0p2_trmiss80_trlocclin,16,0.0001,1,32,1,0.2,lr1e-04_bs16_modL1_fusion32_fusionL1_drop0p2_trmiss80_trlocclin,17,0.49839194615681964,0.6799901127815247,0.5797413793103448,0.7220971263304935,0.5555555555555556,0.0,0.0,0.0,0.0,2002,clin,0.8
1,5,lr1e-04_bs16_modL1_fusion32_fusionL1_drop0p2_trmiss80_trlocclin,16,0.0001,1,32,1,0.2,lr1e-04_bs16_modL1_fusion32_fusionL1_drop0p2_trmiss80_trlocclin,18,0.5090509404738744,0.6754613717397054,0.5668103448275863,0.7000836215415771,0.5555555555555556,0.0,0.0,0.0,0.0,2002,clin,0.8
1,5,lr1e-04_bs16_modL1_fusion32_fusionL1_drop0p2_trmiss80_trlocclin,16,0.0001,1,32,1,0.2,lr1e-04_bs16_modL1_fusion32_fusionL1_drop0p2_trmiss80_trlocclin,19,0.5025662283102671,0.6631343960762024,0.6271551724137931,0.7736799246771084,0.5777777777777777,0.0,0.0,0.0,0.0,2002,clin,0.8
1,5,lr1e-04_bs16_modL1_fusion32_fusionL1_drop0p2_trmiss80_trlocclin,16,0.0001,1,32,1,0.2,lr1e-04_bs16_modL1_fusion32_fusionL1_drop0p2_trmiss80_trlocclin,20,0.5232863749066988,0.6690341830253601,0.625,0.7597695201051048,0.5777777777777777,0.0,0.0,0.0,0.0,2002,clin,0.8
1,5,lr1e-04_bs16_modL1_fusion32_fusionL1_drop0p2_trmiss80_trlocclin,16,0.0001,1,32,1,0.2,lr1e-04_bs16_modL1_fusion32_fusionL1_drop0p2_trmiss80_trlocclin,21,0.5160098051031431,0.6756160855293274,0.6077586206896551,0.7539361350611058,0.5555555555555556,0.0,0.0,0.0,0.0,2002,clin,0.8
1,5,lr1e-04_bs16_modL1_fusion32_fusionL1_drop0p2_trmiss80_trlocclin,16,0.0001,1,32,1,0.2,lr1e-04_bs16_modL1_fusion32_fusionL1_drop0p2_trmiss80_trlocclin,22,0.5011242628097534,0.6704193751017252,0.5948275862068966,0.7386932297980725,0.5777777777777777,0.0,0.0,0.0,0.0,2002,clin,0.8
1,5,lr1e-04_bs16_modL1_fusion32_fusionL1_drop0p2_trmiss80_trlocclin,16,0.0001,1,32,1,0.2,lr1e-04_bs16_modL1_fusion32_fusionL1_drop0p2_trmiss80_trlocclin,23,0.49288373440504074,0.6763206322987875,0.6120689655172413,0.7672092192619473,0.5777777777777777,0.0,0.0,0.0,0.0,2002,clin,0.8
1,5,lr1e-04_bs16_modL1_fusion32_fusionL1_drop0p2_trmiss80_trlocclin,16,0.0001,1,32,1,0.2,lr1e-04_bs16_modL1_fusion32_fusionL1_drop0p2_trmiss80_trlocclin,24,0.4968097185095151,0.6642264127731323,0.6163793103448275,0.7719715032628829,0.5333333333333333,0.0,0.0,0.0,0.0,2002,clin,0.8
1,5,lr1e-04_bs16_modL1_fusion32_fusionL1_drop0p2_trmiss80_trlocclin,16,0.0001,1,32,1,0.2,lr1e-04_bs16_modL1_fusion32_fusionL1_drop0p2_trmiss80_trlocclin,25,0.4989096795519193,0.6769627134005228,0.6293103448275862,0.7697387491449064,0.5777777777777777,0.0,0.0,0.0,0.0,2002,clin,0.8
1,5,lr1e-04_bs16_modL1_fusion32_fusionL1_drop0p1_trmiss80_trlocclin,16,0.0001,1,32,1,0.1,lr1e-04_bs16_modL1_fusion32_fusionL1_drop0p1_trmiss80_trlocclin,1,0.6924041956663132,0.7045372923215231,0.4202586206896552,0.6580269348172781,0.4,0.0,0.0,0.0,0.0,2002,clin,0.8
1,5,lr1e-04_bs16_modL1_fusion32_fusionL1_drop0p1_trmiss80_trlocclin,16,0.0001,1,32,1,0.1,lr1e-04_bs16_modL1_fusion32_fusionL1_drop0p1_trmiss80_trlocclin,2,0.6490949938694636,0.6971617142359415,0.46551724137931033,0.7155354822829652,0.4,0.0,0.0,0.0,0.0,2002,clin,0.8
1,5,lr1e-04_bs16_modL1_fusion32_fusionL1_drop0p1_trmiss80_trlocclin,16,0.0001,1,32,1,0.1,lr1e-04_bs16_modL1_fusion32_fusionL1_drop0p1_trmiss80_trlocclin,3,0.6212630073229471,0.6850911378860474,0.4935344827586207,0.7273281595673051,0.4444444444444444,0.0,0.0,0.0,0.0,2002,clin,0.8
1,5,lr1e-04_bs16_modL1_fusion32_fusionL1_drop0p1_trmiss80_trlocclin,16,0.0001,1,32,1,0.1,lr1e-04_bs16_modL1_fusion32_fusionL1_drop0p1_trmiss80_trlocclin,4,0.6091761589050293,0.6770227551460266,0.521551724137931,0.7415758127238363,0.4888888888888889,0.0,0.0,0.0,0.0,2002,clin,0.8
1,5,lr1e-04_bs16_modL1_fusion32_fusionL1_drop0p1_trmiss80_trlocclin,16,0.0001,1,32,1,0.1,lr1e-04_bs16_modL1_fusion32_fusionL1_drop0p1_trmiss80_trlocclin,5,0.6085101763407389,0.6748912533124288,0.5366379310344828,0.739990618214465,0.4444444444444444,0.0,0.0,0.0,0.0,2002,clin,0.8
1,5,lr1e-04_bs16_modL1_fusion32_fusionL1_drop0p1_trmiss80_trlocclin,16,0.0001,1,32,1,0.1,lr1e-04_bs16_modL1_fusion32_fusionL1_drop0p1_trmiss80_trlocclin,6,0.5855389734109243,0.6680485804875692,0.5495689655172413,0.7611994564168674,0.5333333333333333,0.0,0.0,0.0,0.0,2002,clin,0.8
1,5,lr1e-04_bs16_modL1_fusion32_fusionL1_drop0p1_trmiss80_trlocclin,16,0.0001,1,32,1,0.1,lr1e-04_bs16_modL1_fusion32_fusionL1_drop0p1_trmiss80_trlocclin,7,0.5774670590957006,0.6631995439529419,0.5969827586206896,0.7768158874442497,0.5777777777777777,0.0,0.0,0.0,0.0,2002,clin,0.8
1,5,lr1e-04_bs16_modL1_fusion32_fusionL1_drop0p1_trmiss80_trlocclin,16,0.0001,1,32,1,0.1,lr1e-04_bs16_modL1_fusion32_fusionL1_drop0p1_trmiss80_trlocclin,8,0.5541797031958898,0.656354029973348,0.6185344827586207,0.7804244137662268,0.5777777777777777,0.0,0.0,0.0,0.0,2002,clin,0.8
1,5,lr1e-04_bs16_modL1_fusion32_fusionL1_drop0p1_trmiss80_trlocclin,16,0.0001,1,32,1,0.1,lr1e-04_bs16_modL1_fusion32_fusionL1_drop0p1_trmiss80_trlocclin,9,0.5653914709885915,0.6563406785329183,0.6012931034482758,0.7431394689428336,0.6222222222222222,0.0,0.0,0.0,0.0,2002,clin,0.8
1,5,lr1e-04_bs16_modL1_fusion32_fusionL1_drop0p1_trmiss80_trlocclin,16,0.0001,1,32,1,0.1,lr1e-04_bs16_modL1_fusion32_fusionL1_drop0p1_trmiss80_trlocclin,10,0.5393548458814621,0.6607291102409363,0.5926724137931034,0.7463839942939257,0.5555555555555556,0.0,0.0,0.0,0.0,2002,clin,0.8
1,5,lr1e-04_bs16_modL1_fusion32_fusionL1_drop0p1_trmiss80_trlocclin,16,0.0001,1,32,1,0.1,lr1e-04_bs16_modL1_fusion32_fusionL1_drop0p1_trmiss80_trlocclin,11,0.5214080885052681,0.6531697312990824,0.6056034482758621,0.764015593612574,0.6222222222222222,0.0,0.0,0.0,0.0,2002,clin,0.8
1,5,lr1e-04_bs16_modL1_fusion32_fusionL1_drop0p1_trmiss80_trlocclin,16,0.0001,1,32,1,0.1,lr1e-04_bs16_modL1_fusion32_fusionL1_drop0p1_trmiss80_trlocclin,12,0.520250658194224,0.6475131313006083,0.6142241379310345,0.7719102478166793,0.5777777777777777,0.0,0.0,0.0,0.0,2002,clin,0.8
1,5,lr1e-04_bs16_modL1_fusion32_fusionL1_drop0p1_trmiss80_trlocclin,16,0.0001,1,32,1,0.1,lr1e-04_bs16_modL1_fusion32_fusionL1_drop0p1_trmiss80_trlocclin,13,0.49132250746091205,0.6495892405509949,0.6099137931034483,0.7715084802693891,0.5555555555555556,0.0,0.0,0.0,0.0,2002,clin,0.8
1,5,lr1e-04_bs16_modL1_fusion32_fusionL1_drop0p1_trmiss80_trlocclin,16,0.0001,1,32,1,0.1,lr1e-04_bs16_modL1_fusion32_fusionL1_drop0p1_trmiss80_trlocclin,14,0.490846611559391,0.6511198878288269,0.6293103448275862,0.7595857036778714,0.5777777777777777,0.0,0.0,0.0,0.0,2002,clin,0.8
1,5,lr1e-04_bs16_modL1_fusion32_fusionL1_drop0p1_trmiss80_trlocclin,16,0.0001,1,32,1,0.1,lr1e-04_bs16_modL1_fusion32_fusionL1_drop0p1_trmiss80_trlocclin,15,0.48602619022130966,0.6449497938156128,0.6465517241379309,0.7543070140282873,0.6666666666666666,0.0,0.0,0.0,0.0,2002,clin,0.8
1,5,lr1e-04_bs16_modL1_fusion32_fusionL1_drop0p1_trmiss80_trlocclin,16,0.0001,1,32,1,0.1,lr1e-04_bs16_modL1_fusion32_fusionL1_drop0p1_trmiss80_trlocclin,16,0.48019855469465256,0.6415629982948303,0.6594827586206896,0.748621839784972,0.7333333333333333,0.0,0.0,0.0,0.0,2002,clin,0.8
1,5,lr1e-04_bs16_modL1_fusion32_fusionL1_drop0p1_trmiss80_trlocclin,16,0.0001,1,32,1,0.1,lr1e-04_bs16_modL1_fusion32_fusionL1_drop0p1_trmiss80_trlocclin,17,0.4547057971358299,0.6384041508038839,0.646551724137931,0.7534486721935016,0.7111111111111111,0.0,0.0,0.0,0.0,2002,clin,0.8
1,5,lr1e-04_bs16_modL1_fusion32_fusionL1_drop0p1_trmiss80_trlocclin,16,0.0001,1,32,1,0.1,lr1e-04_bs16_modL1_fusion32_fusionL1_drop0p1_trmiss80_trlocclin,18,0.45661160598198575,0.6424491008122762,0.6400862068965517,0.7410361469538491,0.6888888888888889,0.0,0.0,0.0,0.0,2002,clin,0.8
1,5,lr1e-04_bs16_modL1_fusion32_fusionL1_drop0p1_trmiss80_trlocclin,16,0.0001,1,32,1,0.1,lr1e-04_bs16_modL1_fusion32_fusionL1_drop0p1_trmiss80_trlocclin,19,0.433619682987531,0.6392646431922913,0.6487068965517242,0.7412397303668232,0.6888888888888889,0.0,0.0,0.0,0.0,2002,clin,0.8
1,5,lr1e-04_bs16_modL1_fusion32_fusionL1_drop0p1_trmiss80_trlocclin,16,0.0001,1,32,1,0.1,lr1e-04_bs16_modL1_fusion32_fusionL1_drop0p1_trmiss80_trlocclin,20,0.42634041359027225,0.6364736954371134,0.6745689655172414,0.7522883547663675,0.6444444444444445,0.0,0.0,0.0,0.0,2002,clin,0.8
1,5,lr1e-04_bs16_modL1_fusion32_fusionL1_drop0p1_trmiss80_trlocclin,16,0.0001,1,32,1,0.1,lr1e-04_bs16_modL1_fusion32_fusionL1_drop0p1_trmiss80_trlocclin,21,0.4182085270682971,0.635586659113566,0.6616379310344828,0.7269365260601981,0.7111111111111111,0.0,0.0,0.0,0.0,2002,clin,0.8
1,5,lr1e-04_bs16_modL1_fusion32_fusionL1_drop0p1_trmiss80_trlocclin,16,0.0001,1,32,1,0.1,lr1e-04_bs16_modL1_fusion32_fusionL1_drop0p1_trmiss80_trlocclin,22,0.42211462557315826,0.6406041582425436,0.665948275862069,0.7321835931997448,0.7111111111111111,0.0,0.0,0.0,0.0,2002,clin,0.8
1,5,lr1e-04_bs16_modL1_fusion32_fusionL1_drop0p1_trmiss80_trlocclin,16,0.0001,1,32,1,0.1,lr1e-04_bs16_modL1_fusion32_fusionL1_drop0p1_trmiss80_trlocclin,23,0.4177371213833491,0.6451056798299154,0.6788793103448276,0.7363993149583956,0.7333333333333333,0.0,0.0,0.0,0.0,2002,clin,0.8
1,5,lr1e-04_bs16_modL1_fusion32_fusionL1_drop0p1_trmiss80_trlocclin,16,0.0001,1,32,1,0.1,lr1e-04_bs16_modL1_fusion32_fusionL1_drop0p1_trmiss80_trlocclin,24,0.38838889449834824,0.6366674105326334,0.665948275862069,0.7267142667429045,0.7111111111111111,0.0,0.0,0.0,0.0,2002,clin,0.8
1,5,lr1e-04_bs16_modL1_fusion32_fusionL1_drop0p1_trmiss80_trlocclin,16,0.0001,1,32,1,0.1,lr1e-04_bs16_modL1_fusion32_fusionL1_drop0p1_trmiss80_trlocclin,25,0.3776697888970375,0.6278591752052307,0.6745689655172413,0.7557427613972645,0.7111111111111111,0.0,0.0,0.0,0.0,2002,clin,0.8
1,5,lr1e-04_bs16_modL1_fusion32_fusionL1_drop0p1_trmiss80_trlocclin,16,0.0001,1,32,1,0.1,lr1e-04_bs16_modL1_fusion32_fusionL1_drop0p1_trmiss80_trlocclin,26,0.3660675386587779,0.6233213543891907,0.6875,0.7431955937874427,0.7111111111111111,0.0,0.0,0.0,0.0,2002,clin,0.8
1,5,lr1e-04_bs16_modL1_fusion32_fusionL1_drop0p1_trmiss80_trlocclin,16,0.0001,1,32,1,0.1,lr1e-04_bs16_modL1_fusion32_fusionL1_drop0p1_trmiss80_trlocclin,27,0.36463530858357746,0.6218445301055908,0.6875,0.7456662924148699,0.7555555555555555,0.0,0.0,0.0,0.0,2002,clin,0.8
1,5,lr1e-04_bs16_modL1_fusion32_fusionL1_drop0p1_trmiss80_trlocclin,16,0.0001,1,32,1,0.1,lr1e-04_bs16_modL1_fusion32_fusionL1_drop0p1_trmiss80_trlocclin,28,0.3546762391924858,0.6195560097694397,0.6853448275862069,0.7483183511577809,0.7555555555555555,0.0,0.0,0.0,0.0,2002,clin,0.8
1,5,lr1e-04_bs16_modL1_fusion32_fusionL1_drop0p1_trmiss80_trlocclin,16,0.0001,1,32,1,0.1,lr1e-04_bs16_modL1_fusion32_fusionL1_drop0p1_trmiss80_trlocclin,29,0.3470532223582268,0.6207173268000284,0.6918103448275863,0.7513236057566648,0.7111111111111111,0.0,0.0,0.0,0.0,2002,clin,0.8
1,5,lr1e-04_bs16_modL1_fusion32_fusionL1_drop0p1_trmiss80_trlocclin,16,0.0001,1,32,1,0.1,lr1e-04_bs16_modL1_fusion32_fusionL1_drop0p1_trmiss80_trlocclin,30,0.34716329723596573,0.6340730985005697,0.6487068965517241,0.7214447677698058,0.7111111111111111,0.0,0.0,0.0,0.0,2002,clin,0.8
1,5,lr1e-04_bs16_modL1_fusion32_fusionL1_drop0p1_trmiss80_trlocclin,16,0.0001,1,32,1,0.1,lr1e-04_bs16_modL1_fusion32_fusionL1_drop0p1_trmiss80_trlocclin,31,0.3372141445676486,0.6242342392603556,0.6681034482758621,0.7350945435178358,0.7555555555555555,0.0,0.0,0.0,0.0,2002,clin,0.8
1,5,lr1e-04_bs16_modL1_fusion32_fusionL1_drop0p1_trmiss80_trlocclin,16,0.0001,1,32,1,0.1,lr1e-04_bs16_modL1_fusion32_fusionL1_drop0p1_trmiss80_trlocclin,32,0.34479111681381863,0.6137527227401733,0.6767241379310345,0.7510328532049595,0.6666666666666666,0.0,0.0,0.0,0.0,2002,clin,0.8
1,5,lr1e-04_bs16_modL1_fusion32_fusionL1_drop0p1_trmiss80_trlocclin,16,0.0001,1,32,1,0.1,lr1e-04_bs16_modL1_fusion32_fusionL1_drop0p1_trmiss80_trlocclin,33,0.3253002588947614,0.6103333632151285,0.6831896551724138,0.7917105992840564,0.6666666666666666,0.0,0.0,0.0,0.0,2002,clin,0.8
1,5,lr1e-04_bs16_modL1_fusion32_fusionL1_drop0p1_trmiss80_trlocclin,16,0.0001,1,32,1,0.1,lr1e-04_bs16_modL1_fusion32_fusionL1_drop0p1_trmiss80_trlocclin,34,0.3653319478034973,0.6271370450655619,0.6487068965517242,0.7374644483890052,0.6888888888888889,0.0,0.0,0.0,0.0,2002,clin,0.8
1,5,lr1e-04_bs16_modL1_fusion32_fusionL1_drop0p1_trmiss80_trlocclin,16,0.0001,1,32,1,0.1,lr1e-04_bs16_modL1_fusion32_fusionL1_drop0p1_trmiss80_trlocclin,35,0.33912495026985806,0.6206043362617493,0.6637931034482758,0.7456700333052244,0.7333333333333333,0.0,0.0,0.0,0.0,2002,clin,0.8
1,5,lr1e-04_bs16_modL1_fusion32_fusionL1_drop0p1_trmiss80_trlocclin,16,0.0001,1,32,1,0.1,lr1e-04_bs16_modL1_fusion32_fusionL1_drop0p1_trmiss80_trlocclin,36,0.31646783898274106,0.6242946982383728,0.6681034482758621,0.7444283407150005,0.6888888888888889,0.0,0.0,0.0,0.0,2002,clin,0.8
1,5,lr1e-04_bs16_modL1_fusion32_fusionL1_drop0p1_trmiss80_trlocclin,16,0.0001,1,32,1,0.1,lr1e-04_bs16_modL1_fusion32_fusionL1_drop0p1_trmiss80_trlocclin,37,0.3370101700226466,0.6337291797002157,0.6551724137931034,0.738800122725896,0.7111111111111111,0.0,0.0,0.0,0.0,2002,clin,0.8
1,5,lr1e-04_bs16_modL1_fusion32_fusionL1_drop0p1_trmiss80_trlocclin,16,0.0001,1,32,1,0.1,lr1e-04_bs16_modL1_fusion32_fusionL1_drop0p1_trmiss80_trlocclin,38,0.2804611772298813,0.6172880331675211,0.6616379310344828,0.780133194008243,0.6444444444444445,0.0,0.0,0.0,0.0,2002,clin,0.8
1,5,lr1e-04_bs16_modL1_fusion32_fusionL1_drop0p1_trmiss80_trlocclin,16,0.0001,1,32,1,0.1,lr1e-04_bs16_modL1_fusion32_fusionL1_drop0p1_trmiss80_trlocclin,39,0.29913636793692905,0.6215486923853556,0.6443965517241379,0.732031761938178,0.6444444444444445,0.0,0.0,0.0,0.0,2002,clin,0.8
1,5,lr1e-04_bs16_modL1_fusion32_fusionL1_drop0p1_trmiss80_trlocclin,16,0.0001,1,32,1,0.1,lr1e-04_bs16_modL1_fusion32_fusionL1_drop0p1_trmiss80_trlocclin,40,0.291735311349233,0.6201106707255045,0.6487068965517242,0.7320784445358398,0.6666666666666666,0.0,0.0,0.0,0.0,2002,clin,0.8
1,5,lr1e-04_bs16_modL1_fusion32_fusionL1_drop0p1_trmiss80_trlocclin,16,0.0001,1,32,1,0.1,lr1e-04_bs16_modL1_fusion32_fusionL1_drop0p1_trmiss80_trlocclin,41,0.30121368169784546,0.6243379712104797,0.6443965517241379,0.7217234804015787,0.6888888888888889,0.0,0.0,0.0,0.0,2002,clin,0.8
1,5,lr1e-04_bs16_modL1_fusion32_fusionL1_drop0p1_trmiss80_trlocclin,16,0.0001,1,32,1,0.1,lr1e-04_bs16_modL1_fusion32_fusionL1_drop0p1_trmiss80_trlocclin,42,0.2769060420493285,0.6213115453720093,0.6530172413793103,0.7351352843801969,0.6888888888888889,0.0,0.0,0.0,0.0,2002,clin,0.8
1,5,lr1e-04_bs16_modL1_fusion32_fusionL1_drop0p1_trmiss80_trlocclin,16,0.0001,1,32,1,0.1,lr1e-04_bs16_modL1_fusion32_fusionL1_drop0p1_trmiss80_trlocclin,43,0.3037836452325185,0.6250134507815043,0.6487068965517242,0.7402215838538575,0.6888888888888889,0.0,0.0,0.0,0.0,2002,clin,0.8
1,5,lr1e-04_bs16_modL1_fusion32_fusionL1_drop0p1_trmiss80_trlocclin,16,0.0001,1,32,1,0.1,lr1e-04_bs16_modL1_fusion32_fusionL1_drop0p1_trmiss80_trlocclin,44,0.27104487518469494,0.6199400822321574,0.6530172413793103,0.7630165093374773,0.6444444444444445,0.0,0.0,0.0,0.0,2002,clin,0.8
1,5,lr1e-04_bs16_modL1_fusion32_fusionL1_drop0p1_trmiss80_trlocclin,16,0.0001,1,32,1,0.1,lr1e-04_bs16_modL1_fusion32_fusionL1_drop0p1_trmiss80_trlocclin,45,0.29866546640793484,0.6256858110427856,0.6422413793103449,0.7510761293822059,0.6444444444444445,0.0,0.0,0.0,0.0,2002,clin,0.8
1,5,lr1e-04_bs16_modL1_fusion32_fusionL1_drop0p1_trmiss80_trlocclin,16,0.0001,1,32,1,0.1,lr1e-04_bs16_modL1_fusion32_fusionL1_drop0p1_trmiss80_trlocclin,46,0.2608448825776577,0.6302618980407715,0.6422413793103449,0.7432681332007978,0.6444444444444445,0.0,0.0,0.0,0.0,2002,clin,0.8
1,5,lr1e-04_bs16_modL1_fusion32_fusionL1_drop0p1_trmiss80_trlocclin,16,0.0001,1,32,1,0.1,lr1e-04_bs16_modL1_fusion32_fusionL1_drop0p1_trmiss80_trlocclin,47,0.2974939060707887,0.624087393283844,0.646551724137931,0.747080947279103,0.7111111111111111,0.0,0.0,0.0,0.0,2002,clin,0.8
1,5,lr1e-04_bs16_modL1_fusion32_fusionL1_drop0p1_trmiss80_trlocclin,16,0.0001,1,32,1,0.1,lr1e-04_bs16_modL1_fusion32_fusionL1_drop0p1_trmiss80_trlocclin,48,0.3165154407421748,0.6185944676399231,0.6551724137931034,0.76598964064439,0.6888888888888889,0.0,0.0,0.0,0.0,2002,clin,0.8
1,5,lr1e-04_bs16_modL1_fusion32_fusionL1_drop0p1_trmiss80_trlocclin,16,0.0001,1,32,1,0.1,lr1e-04_bs16_modL1_fusion32_fusionL1_drop0p1_trmiss80_trlocclin,49,0.26806386436025303,0.6143762270609537,0.6788793103448276,0.7767007202089675,0.7111111111111111,0.0,0.0,0.0,0.0,2002,clin,0.8
1,5,lr1e-04_bs16_modL1_fusion64_fusionL1_drop0p2_trmiss80_trlocclin,16,0.0001,1,64,1,0.2,lr1e-04_bs16_modL1_fusion64_fusionL1_drop0p2_trmiss80_trlocclin,1,0.694496288895607,0.6862546801567078,0.5646551724137931,0.7157101764495023,0.5777777777777777,0.0,0.0,0.0,0.0,2002,clin,0.8
1,5,lr1e-04_bs16_modL1_fusion64_fusionL1_drop0p2_trmiss80_trlocclin,16,0.0001,1,64,1,0.2,lr1e-04_bs16_modL1_fusion64_fusionL1_drop0p2_trmiss80_trlocclin,2,0.6726465870936712,0.6736573974291483,0.5883620689655172,0.7283039122077842,0.6888888888888889,0.0,0.0,0.0,0.0,2002,clin,0.8
1,5,lr1e-04_bs16_modL1_fusion64_fusionL1_drop0p2_trmiss80_trlocclin,16,0.0001,1,64,1,0.2,lr1e-04_bs16_modL1_fusion64_fusionL1_drop0p2_trmiss80_trlocclin,3,0.6102839310963949,0.6652189691861471,0.605603448275862,0.7526913074957788,0.7111111111111111,0.0,0.0,0.0,0.0,2002,clin,0.8
1,5,lr1e-04_bs16_modL1_fusion64_fusionL1_drop0p2_trmiss80_trlocclin,16,0.0001,1,64,1,0.2,lr1e-04_bs16_modL1_fusion64_fusionL1_drop0p2_trmiss80_trlocclin,4,0.592475563287735,0.6554226477940878,0.6293103448275862,0.777378850001514,0.6888888888888889,0.0,0.0,0.0,0.0,2002,clin,0.8
1,5,lr1e-04_bs16_modL1_fusion64_fusionL1_drop0p2_trmiss80_trlocclin,16,0.0001,1,64,1,0.2,lr1e-04_bs16_modL1_fusion64_fusionL1_drop0p2_trmiss80_trlocclin,5,0.5984878167510033,0.6471255620320638,0.668103448275862,0.7985821391033825,0.6666666666666666,0.0,0.0,0.0,0.0,2002,clin,0.8
1,5,lr1e-04_bs16_modL1_fusion64_fusionL1_drop0p2_trmiss80_trlocclin,16,0.0001,1,64,1,0.2,lr1e-04_bs16_modL1_fusion64_fusionL1_drop0p2_trmiss80_trlocclin,6,0.553502082824707,0.6520075798034668,0.665948275862069,0.8082717894799207,0.6,0.0,0.0,0.0,0.0,2002,clin,0.8
1,5,lr1e-04_bs16_modL1_fusion64_fusionL1_drop0p2_trmiss80_trlocclin,16,0.0001,1,64,1,0.2,lr1e-04_bs16_modL1_fusion64_fusionL1_drop0p2_trmiss80_trlocclin,7,0.5448716382185618,0.6457976897557577,0.6810344827586207,0.8088395811754783,0.6666666666666666,0.0,0.0,0.0,0.0,2002,clin,0.8
1,5,lr1e-04_bs16_modL1_fusion64_fusionL1_drop0p2_trmiss80_trlocclin,16,0.0001,1,64,1,0.2,lr1e-04_bs16_modL1_fusion64_fusionL1_drop0p2_trmiss80_trlocclin,8,0.5164985284209251,0.635798970858256,0.6724137931034483,0.806917764452411,0.6222222222222222,0.0,0.0,0.0,0.0,2002,clin,0.8
1,5,lr1e-04_bs16_modL1_fusion64_fusionL1_drop0p2_trmiss80_trlocclin,16,0.0001,1,64,1,0.2,lr1e-04_bs16_modL1_fusion64_fusionL1_drop0p2_trmiss80_trlocclin,9,0.5191145713130633,0.625384509563446,0.6961206896551724,0.8259373203498275,0.6444444444444445,0.0,0.0,0.0,0.0,2002,clin,0.8
1,5,lr1e-04_bs16_modL1_fusion64_fusionL1_drop0p2_trmiss80_trlocclin,16,0.0001,1,64,1,0.2,lr1e-04_bs16_modL1_fusion64_fusionL1_drop0p2_trmiss80_trlocclin,10,0.4866255720456441,0.6180259585380554,0.7241379310344828,0.8388448292135464,0.6222222222222222,0.0,0.0,0.0,0.0,2002,clin,0.8
1,5,lr1e-04_bs16_modL1_fusion64_fusionL1_drop0p2_trmiss80_trlocclin,16,0.0001,1,64,1,0.2,lr1e-04_bs16_modL1_fusion64_fusionL1_drop0p2_trmiss80_trlocclin,11,0.49207034210364026,0.625737210114797,0.7176724137931034,0.8333037270300041,0.6444444444444445,0.0,0.0,0.0,0.0,2002,clin,0.8
1,5,lr1e-04_bs16_modL1_fusion64_fusionL1_drop0p2_trmiss80_trlocclin,16,0.0001,1,64,1,0.2,lr1e-04_bs16_modL1_fusion64_fusionL1_drop0p2_trmiss80_trlocclin,12,0.46370599667231244,0.6209441423416138,0.7349137931034484,0.8389300178614381,0.6444444444444445,0.0,0.0,0.0,0.0,2002,clin,0.8
1,5,lr1e-04_bs16_modL1_fusion64_fusionL1_drop0p2_trmiss80_trlocclin,16,0.0001,1,64,1,0.2,lr1e-04_bs16_modL1_fusion64_fusionL1_drop0p2_trmiss80_trlocclin,13,0.468379740913709,0.6088139414787292,0.7327586206896552,0.8415447092706909,0.6888888888888889,0.0,0.0,0.0,0.0,2002,clin,0.8
1,5,lr1e-04_bs16_modL1_fusion64_fusionL1_drop0p2_trmiss80_trlocclin,16,0.0001,1,64,1,0.2,lr1e-04_bs16_modL1_fusion64_fusionL1_drop0p2_trmiss80_trlocclin,14,0.4611775279045105,0.6089591781298319,0.7241379310344828,0.8326315708538607,0.6888888888888889,0.0,0.0,0.0,0.0,2002,clin,0.8
1,5,lr1e-04_bs16_modL1_fusion64_fusionL1_drop0p2_trmiss80_trlocclin,16,0.0001,1,64,1,0.2,lr1e-04_bs16_modL1_fusion64_fusionL1_drop0p2_trmiss80_trlocclin,15,0.4166118452946345,0.6029507120450338,0.7133620689655172,0.8283796192396398,0.7111111111111111,0.0,0.0,0.0,0.0,2002,clin,0.8
1,5,lr1e-04_bs16_modL1_fusion64_fusionL1_drop0p2_trmiss80_trlocclin,16,0.0001,1,64,1,0.2,lr1e-04_bs16_modL1_fusion64_fusionL1_drop0p2_trmiss80_trlocclin,16,0.4265180726846059,0.6050525705019633,0.6961206896551724,0.8174507967281162,0.6666666666666666,0.0,0.0,0.0,0.0,2002,clin,0.8
1,5,lr1e-04_bs16_modL1_fusion64_fusionL1_drop0p2_trmiss80_trlocclin,16,0.0001,1,64,1,0.2,lr1e-04_bs16_modL1_fusion64_fusionL1_drop0p2_trmiss80_trlocclin,17,0.4028792877991994,0.6129922866821289,0.6831896551724137,0.8067931211136774,0.6444444444444445,0.0,0.0,0.0,0.0,2002,clin,0.8
1,5,lr1e-04_bs16_modL1_fusion64_fusionL1_drop0p2_trmiss80_trlocclin,16,0.0001,1,64,1,0.2,lr1e-04_bs16_modL1_fusion64_fusionL1_drop0p2_trmiss80_trlocclin,18,0.4032954201102257,0.6112987001736959,0.6702586206896552,0.8087874617612805,0.6,0.0,0.0,0.0,0.0,2002,clin,0.8
1,5,lr1e-04_bs16_modL1_fusion64_fusionL1_drop0p2_trmiss80_trlocclin,16,0.0001,1,64,1,0.2,lr1e-04_bs16_modL1_fusion64_fusionL1_drop0p2_trmiss80_trlocclin,19,0.4389956220984459,0.60659259557724,0.6594827586206897,0.7975502187392425,0.7111111111111111,0.0,0.0,0.0,0.0,2002,clin,0.8
1,5,lr1e-04_bs16_modL1_fusion64_fusionL1_drop0p2_trmiss80_trlocclin,16,0.0001,1,64,1,0.2,lr1e-04_bs16_modL1_fusion64_fusionL1_drop0p2_trmiss80_trlocclin,20,0.356289304792881,0.6011861364046732,0.6767241379310345,0.8103264774186618,0.6888888888888889,0.0,0.0,0.0,0.0,2002,clin,0.8
1,5,lr1e-04_bs16_modL1_fusion64_fusionL1_drop0p2_trmiss80_trlocclin,16,0.0001,1,64,1,0.2,lr1e-04_bs16_modL1_fusion64_fusionL1_drop0p2_trmiss80_trlocclin,21,0.37383201469977695,0.5999951759974161,0.6982758620689655,0.8208213435431548,0.6222222222222222,0.0,0.0,0.0,0.0,2002,clin,0.8
1,5,lr1e-04_bs16_modL1_fusion64_fusionL1_drop0p2_trmiss80_trlocclin,16,0.0001,1,64,1,0.2,lr1e-04_bs16_modL1_fusion64_fusionL1_drop0p2_trmiss80_trlocclin,22,0.35457392533620197,0.5898549358050028,0.7068965517241379,0.8250629701241872,0.7111111111111111,0.0,0.0,0.0,0.0,2002,clin,0.8
1,5,lr1e-04_bs16_modL1_fusion64_fusionL1_drop0p2_trmiss80_trlocclin,16,0.0001,1,64,1,0.2,lr1e-04_bs16_modL1_fusion64_fusionL1_drop0p2_trmiss80_trlocclin,23,0.3552122587958972,0.592854897181193,0.7176724137931034,0.8270645962797307,0.7777777777777778,0.0,0.0,0.0,0.0,2002,clin,0.8
1,5,lr1e-04_bs16_modL1_fusion64_fusionL1_drop0p2_trmiss80_trlocclin,16,0.0001,1,64,1,0.2,lr1e-04_bs16_modL1_fusion64_fusionL1_drop0p2_trmiss80_trlocclin,24,0.3363424340883891,0.5785471002260844,0.7198275862068966,0.8389729999440694,0.7555555555555555,0.0,0.0,0.0,0.0,2002,clin,0.8
1,5,lr1e-04_bs16_modL1_fusion64_fusionL1_drop0p2_trmiss80_trlocclin,16,0.0001,1,64,1,0.2,lr1e-04_bs16_modL1_fusion64_fusionL1_drop0p2_trmiss80_trlocclin,25,0.3447714000940323,0.5924323201179504,0.709051724137931,0.8304856467955215,0.6888888888888889,0.0,0.0,0.0,0.0,2002,clin,0.8
1,5,lr1e-04_bs16_modL1_fusion64_fusionL1_drop0p2_trmiss80_trlocclin,16,0.0001,1,64,1,0.2,lr1e-04_bs16_modL1_fusion64_fusionL1_drop0p2_trmiss80_trlocclin,26,0.3250426724553108,0.5990956624348959,0.6939655172413793,0.8174437420611229,0.7555555555555555,0.0,0.0,0.0,0.0,2002,clin,0.8
1,5,lr1e-04_bs16_modL1_fusion64_fusionL1_drop0p2_trmiss80_trlocclin,16,0.0001,1,64,1,0.2,lr1e-04_bs16_modL1_fusion64_fusionL1_drop0p2_trmiss80_trlocclin,27,0.3032843644420306,0.5969315965970358,0.6853448275862069,0.7985346023520195,0.7777777777777778,0.0,0.0,0.0,0.0,2002,clin,0.8
1,5,lr1e-04_bs16_modL1_fusion64_fusionL1_drop0p2_trmiss80_trlocclin,16,0.0001,1,64,1,0.2,lr1e-04_bs16_modL1_fusion64_fusionL1_drop0p2_trmiss80_trlocclin,28,0.28646279995640117,0.6065101226170858,0.6788793103448276,0.7880390448086623,0.7555555555555555,0.0,0.0,0.0,0.0,2002,clin,0.8
1,5,lr1e-04_bs16_modL1_fusion64_fusionL1_drop0p2_trmiss80_trlocclin,16,0.0001,1,64,1,0.2,lr1e-04_bs16_modL1_fusion64_fusionL1_drop0p2_trmiss80_trlocclin,29,0.2989399805665016,0.6004319985707601,0.6853448275862069,0.7931244518183931,0.7333333333333333,0.0,0.0,0.0,0.0,2002,clin,0.8
1,5,lr1e-04_bs16_modL1_fusion64_fusionL1_drop0p2_trmiss80_trlocclin,16,0.0001,1,64,1,0.2,lr1e-04_bs16_modL1_fusion64_fusionL1_drop0p2_trmiss80_trlocclin,30,0.32285862416028976,0.6097038586934408,0.6724137931034483,0.803279606766806,0.6666666666666666,0.0,0.0,0.0,0.0,2002,clin,0.8
1,5,lr1e-04_bs16_modL1_fusion64_fusionL1_drop0p2_trmiss80_trlocclin,16,0.0001,1,64,1,0.2,lr1e-04_bs16_modL1_fusion64_fusionL1_drop0p2_trmiss80_trlocclin,31,0.28199372192223865,0.6089812318483988,0.6788793103448276,0.8039575956321987,0.7333333333333333,0.0,0.0,0.0,0.0,2002,clin,0.8
1,5,lr1e-04_bs16_modL1_fusion64_fusionL1_drop0p2_trmiss80_trlocclin,16,0.0001,1,64,1,0.2,lr1e-04_bs16_modL1_fusion64_fusionL1_drop0p2_trmiss80_trlocclin,32,0.28368838503956795,0.614646852016449,0.6702586206896552,0.7996433352750312,0.7333333333333333,0.0,0.0,0.0,0.0,2002,clin,0.8
1,5,lr1e-04_bs16_modL1_fusion64_fusionL1_drop0p1_trmiss80_trlocclin,16,0.0001,1,64,1,0.1,lr1e-04_bs16_modL1_fusion64_fusionL1_drop0p1_trmiss80_trlocclin,1,0.7173828383286794,0.6901374657948812,0.5323275862068966,0.670025274227683,0.5333333333333333,0.0,0.0,0.0,0.0,2002,clin,0.8
1,5,lr1e-04_bs16_modL1_fusion64_fusionL1_drop0p1_trmiss80_trlocclin,16,0.0001,1,64,1,0.1,lr1e-04_bs16_modL1_fusion64_fusionL1_drop0p1_trmiss80_trlocclin,2,0.6622134447097778,0.6977308392524719,0.5280172413793104,0.6620435163629661,0.5111111111111111,0.0,0.0,0.0,0.0,2002,clin,0.8
1,5,lr1e-04_bs16_modL1_fusion64_fusionL1_drop0p1_trmiss80_trlocclin,16,0.0001,1,64,1,0.1,lr1e-04_bs16_modL1_fusion64_fusionL1_drop0p1_trmiss80_trlocclin,3,0.6405242681503296,0.703824778397878,0.5258620689655172,0.6589038549249538,0.5111111111111111,0.0,0.0,0.0,0.0,2002,clin,0.8
1,5,lr1e-04_bs16_modL1_fusion64_fusionL1_drop0p1_trmiss80_trlocclin,16,0.0001,1,64,1,0.1,lr1e-04_bs16_modL1_fusion64_fusionL1_drop0p1_trmiss80_trlocclin,4,0.6302691449721655,0.7058789531389872,0.5172413793103448,0.6382883365886769,0.5111111111111111,0.0,0.0,0.0,0.0,2002,clin,0.8
1,5,lr1e-04_bs16_modL1_fusion64_fusionL1_drop0p1_trmiss80_trlocclin,16,0.0001,1,64,1,0.1,lr1e-04_bs16_modL1_fusion64_fusionL1_drop0p1_trmiss80_trlocclin,5,0.5986976449688276,0.6928335030873617,0.5517241379310345,0.6566500683250962,0.5555555555555556,0.0,0.0,0.0,0.0,2002,clin,0.8
1,5,lr1e-04_bs16_modL1_fusion64_fusionL1_drop0p1_trmiss80_trlocclin,16,0.0001,1,64,1,0.1,lr1e-04_bs16_modL1_fusion64_fusionL1_drop0p1_trmiss80_trlocclin,6,0.5661544452110926,0.6843649943669637,0.5754310344827587,0.6784309236018911,0.5333333333333333,0.0,0.0,0.0,0.0,2002,clin,0.8
1,5,lr1e-04_bs16_modL1_fusion64_fusionL1_drop0p1_trmiss80_trlocclin,16,0.0001,1,64,1,0.1,lr1e-04_bs16_modL1_fusion64_fusionL1_drop0p1_trmiss80_trlocclin,7,0.5716499835252762,0.6704830725987753,0.6077586206896552,0.6759056646032513,0.6,0.0,0.0,0.0,0.0,2002,clin,0.8
1,5,lr1e-04_bs16_modL1_fusion64_fusionL1_drop0p1_trmiss80_trlocclin,16,0.0001,1,64,1,0.1,lr1e-04_bs16_modL1_fusion64_fusionL1_drop0p1_trmiss80_trlocclin,8,0.5464344372351965,0.6673910816510519,0.5926724137931034,0.665978001072044,0.6222222222222222,0.0,0.0,0.0,0.0,2002,clin,0.8
1,5,lr1e-04_bs16_modL1_fusion64_fusionL1_drop0p1_trmiss80_trlocclin,16,0.0001,1,64,1,0.1,lr1e-04_bs16_modL1_fusion64_fusionL1_drop0p1_trmiss80_trlocclin,9,0.5251680562893549,0.663148045539856,0.603448275862069,0.6942104110948698,0.6666666666666666,0.0,0.0,0.0,0.0,2002,clin,0.8
1,5,lr1e-04_bs16_modL1_fusion64_fusionL1_drop0p1_trmiss80_trlocclin,16,0.0001,1,64,1,0.1,lr1e-04_bs16_modL1_fusion64_fusionL1_drop0p1_trmiss80_trlocclin,10,0.5143439099192619,0.6592641075452169,0.6206896551724138,0.6778951511440519,0.6666666666666666,0.0,0.0,0.0,0.0,2002,clin,0.8
1,5,lr1e-04_bs16_modL1_fusion64_fusionL1_drop0p1_trmiss80_trlocclin,16,0.0001,1,64,1,0.1,lr1e-04_bs16_modL1_fusion64_fusionL1_drop0p1_trmiss80_trlocclin,11,0.490299716591835,0.6533505519231161,0.6357758620689655,0.7082377239249029,0.6888888888888889,0.0,0.0,0.0,0.0,2002,clin,0.8
1,5,lr1e-04_bs16_modL1_fusion64_fusionL1_drop0p1_trmiss80_trlocclin,16,0.0001,1,64,1,0.1,lr1e-04_bs16_modL1_fusion64_fusionL1_drop0p1_trmiss80_trlocclin,12,0.4892158657312393,0.652577261130015,0.622844827586207,0.6996739058288619,0.7333333333333333,0.0,0.0,0.0,0.0,2002,clin,0.8
1,5,lr1e-04_bs16_modL1_fusion64_fusionL1_drop0p1_trmiss80_trlocclin,16,0.0001,1,64,1,0.1,lr1e-04_bs16_modL1_fusion64_fusionL1_drop0p1_trmiss80_trlocclin,13,0.4840390558044116,0.6394062836964926,0.6573275862068966,0.7242576679930803,0.7111111111111111,0.0,0.0,0.0,0.0,2002,clin,0.8
1,5,lr1e-04_bs16_modL1_fusion64_fusionL1_drop0p1_trmiss80_trlocclin,16,0.0001,1,64,1,0.1,lr1e-04_bs16_modL1_fusion64_fusionL1_drop0p1_trmiss80_trlocclin,14,0.4468234032392502,0.6378503839174906,0.6573275862068966,0.7365693250926576,0.7111111111111111,0.0,0.0,0.0,0.0,2002,clin,0.8
1,5,lr1e-04_bs16_modL1_fusion64_fusionL1_drop0p1_trmiss80_trlocclin,16,0.0001,1,64,1,0.1,lr1e-04_bs16_modL1_fusion64_fusionL1_drop0p1_trmiss80_trlocclin,15,0.4330742334326108,0.6411016583442688,0.6551724137931034,0.7290446001690857,0.6666666666666666,0.0,0.0,0.0,0.0,2002,clin,0.8
1,5,lr1e-04_bs16_modL1_fusion64_fusionL1_drop0p1_trmiss80_trlocclin,16,0.0001,1,64,1,0.1,lr1e-04_bs16_modL1_fusion64_fusionL1_drop0p1_trmiss80_trlocclin,16,0.43378431846698123,0.641512135664622,0.6508620689655172,0.7312621974438903,0.6888888888888889,0.0,0.0,0.0,0.0,2002,clin,0.8
1,5,lr1e-04_bs16_modL1_fusion64_fusionL1_drop0p1_trmiss80_trlocclin,16,0.0001,1,64,1,0.1,lr1e-04_bs16_modL1_fusion64_fusionL1_drop0p1_trmiss80_trlocclin,17,0.4155101974805196,0.6374803781509399,0.6573275862068966,0.7298344524602192,0.6888888888888889,0.0,0.0,0.0,0.0,2002,clin,0.8
1,5,lr1e-04_bs16_modL1_fusion64_fusionL1_drop0p1_trmiss80_trlocclin,16,0.0001,1,64,1,0.1,lr1e-04_bs16_modL1_fusion64_fusionL1_drop0p1_trmiss80_trlocclin,18,0.40228943278392154,0.6356340249379476,0.6681034482758621,0.7423190708322246,0.7333333333333333,0.0,0.0,0.0,0.0,2002,clin,0.8
1,5,lr1e-04_bs16_modL1_fusion64_fusionL1_drop0p1_trmiss80_trlocclin,16,0.0001,1,64,1,0.1,lr1e-04_bs16_modL1_fusion64_fusionL1_drop0p1_trmiss80_trlocclin,19,0.4026965523759524,0.6399558583895365,0.6508620689655172,0.7288571854606969,0.7111111111111111,0.0,0.0,0.0,0.0,2002,clin,0.8
1,5,lr1e-04_bs16_modL1_fusion64_fusionL1_drop0p1_trmiss80_trlocclin,16,0.0001,1,64,1,0.1,lr1e-04_bs16_modL1_fusion64_fusionL1_drop0p1_trmiss80_trlocclin,20,0.3863651578625043,0.6433085203170776,0.6293103448275862,0.7182299590706656,0.6666666666666666,0.0,0.0,0.0,0.0,2002,clin,0.8
1,5,lr1e-04_bs16_modL1_fusion64_fusionL1_drop0p1_trmiss80_trlocclin,16,0.0001,1,64,1,0.1,lr1e-04_bs16_modL1_fusion64_fusionL1_drop0p1_trmiss80_trlocclin,21,0.3951474030812581,0.6407641371091207,0.6573275862068966,0.7503922258091246,0.7111111111111111,0.0,0.0,0.0,0.0,2002,clin,0.8
1,5,lr1e-04_bs16_modL1_fusion64_fusionL1_drop0p1_trmiss80_trlocclin,16,0.0001,1,64,1,0.1,lr1e-04_bs16_modL1_fusion64_fusionL1_drop0p1_trmiss80_trlocclin,22,0.36718330532312393,0.6290925542513529,0.6487068965517242,0.7398126403481745,0.7333333333333333,0.0,0.0,0.0,0.0,2002,clin,0.8
1,5,lr1e-04_bs16_modL1_fusion64_fusionL1_drop0p1_trmiss80_trlocclin,16,0.0001,1,64,1,0.1,lr1e-04_bs16_modL1_fusion64_fusionL1_drop0p1_trmiss80_trlocclin,23,0.34929987291495007,0.6254822413126627,0.6508620689655173,0.7448872292630501,0.7333333333333333,0.0,0.0,0.0,0.0,2002,clin,0.8
1,5,lr1e-04_bs16_modL1_fusion64_fusionL1_drop0p1_trmiss80_trlocclin,16,0.0001,1,64,1,0.1,lr1e-04_bs16_modL1_fusion64_fusionL1_drop0p1_trmiss80_trlocclin,24,0.3281841998298963,0.6297299861907959,0.6400862068965518,0.738780332100743,0.6888888888888889,0.0,0.0,0.0,0.0,2002,clin,0.8
1,5,lr1e-04_bs16_modL1_fusion64_fusionL1_drop0p1_trmiss80_trlocclin,16,0.0001,1,64,1,0.1,lr1e-04_bs16_modL1_fusion64_fusionL1_drop0p1_trmiss80_trlocclin,25,0.317266767223676,0.626042644182841,0.6508620689655172,0.7471480829735649,0.7111111111111111,0.0,0.0,0.0,0.0,2002,clin,0.8
1,5,lr1e-04_bs16_modL1_fusion64_fusionL1_drop0p1_trmiss80_trlocclin,16,0.0001,1,64,1,0.1,lr1e-04_bs16_modL1_fusion64_fusionL1_drop0p1_trmiss80_trlocclin,26,0.3263457417488098,0.6307937502861023,0.6357758620689655,0.7238685460824128,0.7333333333333333,0.0,0.0,0.0,0.0,2002,clin,0.8
1,5,lr1e-04_bs16_modL1_fusion64_fusionL1_drop0p1_trmiss80_trlocclin,16,0.0001,1,64,1,0.1,lr1e-04_bs16_modL1_fusion64_fusionL1_drop0p1_trmiss80_trlocclin,27,0.3097490668296814,0.6307587226231893,0.6400862068965517,0.7071408441317472,0.7555555555555555,0.0,0.0,0.0,0.0,2002,clin,0.8
1,5,lr1e-04_bs16_modL1_fusion64_fusionL1_drop0p1_trmiss80_trlocclin,16,0.0001,1,64,1,0.1,lr1e-04_bs16_modL1_fusion64_fusionL1_drop0p1_trmiss80_trlocclin,28,0.29590905209382373,0.6342573960622152,0.625,0.7015668916130684,0.7333333333333333,0.0,0.0,0.0,0.0,2002,clin,0.8
1,5,lr1e-04_bs16_modL1_fusion64_fusionL1_drop0p1_trmiss80_trlocclin,16,0.0001,1,64,1,0.1,lr1e-04_bs16_modL1_fusion64_fusionL1_drop0p1_trmiss80_trlocclin,29,0.31025970354676247,0.6323171456654867,0.6336206896551724,0.7095419226002698,0.7111111111111111,0.0,0.0,0.0,0.0,2002,clin,0.8
1,5,lr1e-04_bs16_modL1_fusion64_fusionL1_drop0p1_trmiss80_trlocclin,16,0.0001,1,64,1,0.1,lr1e-04_bs16_modL1_fusion64_fusionL1_drop0p1_trmiss80_trlocclin,30,0.2888981103897095,0.6247348586718241,0.6443965517241379,0.7249024447057383,0.6666666666666666,0.0,0.0,0.0,0.0,2002,clin,0.8
1,5,lr1e-04_bs16_modL1_fusion64_fusionL1_drop0p1_trmiss80_trlocclin,16,0.0001,1,64,1,0.1,lr1e-04_bs16_modL1_fusion64_fusionL1_drop0p1_trmiss80_trlocclin,31,0.28316796322663623,0.626307487487793,0.6487068965517242,0.7288152009938549,0.6888888888888889,0.0,0.0,0.0,0.0,2002,clin,0.8
1,5,lr1e-04_bs16_modL1_fusion64_fusionL1_drop0p1_trmiss80_trlocclin,16,0.0001,1,64,1,0.1,lr1e-04_bs16_modL1_fusion64_fusionL1_drop0p1_trmiss80_trlocclin,32,0.29618601376811665,0.6262286901473999,0.6530172413793103,0.7444088729849859,0.6888888888888889,0.0,0.0,0.0,0.0,2002,clin,0.8
1,5,lr1e-04_bs16_modL1_fusion64_fusionL1_drop0p1_trmiss80_trlocclin,16,0.0001,1,64,1,0.1,lr1e-04_bs16_modL1_fusion64_fusionL1_drop0p1_trmiss80_trlocclin,33,0.3010893687605858,0.6313541928927103,0.6379310344827587,0.7263207128778709,0.6888888888888889,0.0,0.0,0.0,0.0,2002,clin,0.8
1,5,lr1e-04_bs16_modL1_fusion64_fusionL1_drop0p1_trmiss80_trlocclin,16,0.0001,1,64,1,0.1,lr1e-04_bs16_modL1_fusion64_fusionL1_drop0p1_trmiss80_trlocclin,34,0.27935178205370903,0.6224567492802938,0.646551724137931,0.7266502014577481,0.6888888888888889,0.0,0.0,0.0,0.0,2002,clin,0.8
1,5,lr1e-04_bs16_modL1_fusion64_fusionL1_drop0p1_trmiss80_trlocclin,16,0.0001,1,64,1,0.1,lr1e-04_bs16_modL1_fusion64_fusionL1_drop0p1_trmiss80_trlocclin,35,0.2712206169962883,0.6228969891866049,0.6422413793103448,0.7229534065097005,0.7111111111111111,0.0,0.0,0.0,0.0,2002,clin,0.8
1,5,lr1e-04_bs16_modL1_fusion64_fusionL1_drop0p1_trmiss80_trlocclin,16,0.0001,1,64,1,0.1,lr1e-04_bs16_modL1_fusion64_fusionL1_drop0p1_trmiss80_trlocclin,36,0.2836451530456543,0.6185736060142517,0.6443965517241379,0.7239293458188288,0.7555555555555555,0.0,0.0,0.0,0.0,2002,clin,0.8
1,5,lr1e-04_bs16_modL1_fusion64_fusionL1_drop0p1_trmiss80_trlocclin,16,0.0001,1,64,1,0.1,lr1e-04_bs16_modL1_fusion64_fusionL1_drop0p1_trmiss80_trlocclin,37,0.2507813312113285,0.6232173442840576,0.6422413793103449,0.7221954247732401,0.7777777777777778,0.0,0.0,0.0,0.0,2002,clin,0.8
1,5,lr1e-04_bs16_modL1_fusion64_fusionL1_drop0p1_trmiss80_trlocclin,16,0.0001,1,64,1,0.1,lr1e-04_bs16_modL1_fusion64_fusionL1_drop0p1_trmiss80_trlocclin,38,0.2505758839348952,0.6235132416089376,0.6508620689655172,0.7257779959798275,0.7333333333333333,0.0,0.0,0.0,0.0,2002,clin,0.8
1,5,lr5e-05_bs32_modL1_fusion32_fusionL1_drop0p2_trmiss80_trlocclin,32,5e-05,1,32,1,0.2,lr5e-05_bs32_modL1_fusion32_fusionL1_drop0p2_trmiss80_trlocclin,1,0.679561565319697,0.6750217080116272,0.5517241379310345,0.7000100675691447,0.6444444444444445,0.0,0.0,0.0,0.0,2002,clin,0.8
1,5,lr5e-05_bs32_modL1_fusion32_fusionL1_drop0p2_trmiss80_trlocclin,32,5e-05,1,32,1,0.2,lr5e-05_bs32_modL1_fusion32_fusionL1_drop0p2_trmiss80_trlocclin,2,0.6291749874750773,0.6699930727481842,0.584051724137931,0.726725541483774,0.6444444444444445,0.0,0.0,0.0,0.0,2002,clin,0.8
1,5,lr5e-05_bs32_modL1_fusion32_fusionL1_drop0p2_trmiss80_trlocclin,32,5e-05,1,32,1,0.2,lr5e-05_bs32_modL1_fusion32_fusionL1_drop0p2_trmiss80_trlocclin,3,0.6221969326337179,0.6662727892398834,0.5926724137931034,0.7382287387913206,0.6222222222222222,0.0,0.0,0.0,0.0,2002,clin,0.8
1,5,lr5e-05_bs32_modL1_fusion32_fusionL1_drop0p2_trmiss80_trlocclin,32,5e-05,1,32,1,0.2,lr5e-05_bs32_modL1_fusion32_fusionL1_drop0p2_trmiss80_trlocclin,4,0.5934550563494364,0.6618773639202118,0.5689655172413793,0.7324376258835378,0.6444444444444445,0.0,0.0,0.0,0.0,2002,clin,0.8
1,5,lr5e-05_bs32_modL1_fusion32_fusionL1_drop0p2_trmiss80_trlocclin,32,5e-05,1,32,1,0.2,lr5e-05_bs32_modL1_fusion32_fusionL1_drop0p2_trmiss80_trlocclin,5,0.6050389210383097,0.6594758033752441,0.584051724137931,0.737430612581204,0.6666666666666666,0.0,0.0,0.0,0.0,2002,clin,0.8
1,5,lr5e-05_bs32_modL1_fusion32_fusionL1_drop0p2_trmiss80_trlocclin,32,5e-05,1,32,1,0.2,lr5e-05_bs32_modL1_fusion32_fusionL1_drop0p2_trmiss80_trlocclin,6,0.5733688473701477,0.6583797037601471,0.5862068965517242,0.7360187702707606,0.6666666666666666,0.0,0.0,0.0,0.0,2002,clin,0.8
1,5,lr5e-05_bs32_modL1_fusion32_fusionL1_drop0p2_trmiss80_trlocclin,32,5e-05,1,32,1,0.2,lr5e-05_bs32_modL1_fusion32_fusionL1_drop0p2_trmiss80_trlocclin,7,0.5849185685316721,0.6579535007476807,0.5905172413793104,0.7435315893160717,0.6888888888888889,0.0,0.0,0.0,0.0,2002,clin,0.8
1,5,lr5e-05_bs32_modL1_fusion32_fusionL1_drop0p2_trmiss80_trlocclin,32,5e-05,1,32,1,0.2,lr5e-05_bs32_modL1_fusion32_fusionL1_drop0p2_trmiss80_trlocclin,8,0.5539765407641729,0.6535741090774536,0.5991379310344827,0.7494200580992524,0.6888888888888889,0.0,0.0,0.0,0.0,2002,clin,0.8
1,5,lr5e-05_bs32_modL1_fusion32_fusionL1_drop0p2_trmiss80_trlocclin,32,5e-05,1,32,1,0.2,lr5e-05_bs32_modL1_fusion32_fusionL1_drop0p2_trmiss80_trlocclin,9,0.5518285632133484,0.6521133184432983,0.5948275862068966,0.7427262033008808,0.6666666666666666,0.0,0.0,0.0,0.0,2002,clin,0.8
1,5,lr5e-05_bs32_modL1_fusion32_fusionL1_drop0p2_trmiss80_trlocclin,32,5e-05,1,32,1,0.2,lr5e-05_bs32_modL1_fusion32_fusionL1_drop0p2_trmiss80_trlocclin,10,0.5488719046115875,0.6489802002906799,0.5862068965517242,0.7350530502116974,0.6666666666666666,0.0,0.0,0.0,0.0,2002,clin,0.8
1,5,lr5e-05_bs32_modL1_fusion32_fusionL1_drop0p2_trmiss80_trlocclin,32,5e-05,1,32,1,0.2,lr5e-05_bs32_modL1_fusion32_fusionL1_drop0p2_trmiss80_trlocclin,11,0.5400751829147339,0.6483542323112488,0.5862068965517242,0.7453512650968319,0.6888888888888889,0.0,0.0,0.0,0.0,2002,clin,0.8
1,5,lr5e-05_bs32_modL1_fusion32_fusionL1_drop0p2_trmiss80_trlocclin,32,5e-05,1,32,1,0.2,lr5e-05_bs32_modL1_fusion32_fusionL1_drop0p2_trmiss80_trlocclin,12,0.5297566403945287,0.6490239799022675,0.5905172413793104,0.7462822049695206,0.6888888888888889,0.0,0.0,0.0,0.0,2002,clin,0.8
1,5,lr5e-05_bs32_modL1_fusion32_fusionL1_drop0p2_trmiss80_trlocclin,32,5e-05,1,32,1,0.2,lr5e-05_bs32_modL1_fusion32_fusionL1_drop0p2_trmiss80_trlocclin,13,0.524248535434405,0.6488300859928131,0.5797413793103448,0.7429788665837234,0.6666666666666666,0.0,0.0,0.0,0.0,2002,clin,0.8
1,5,lr5e-05_bs32_modL1_fusion32_fusionL1_drop0p2_trmiss80_trlocclin,32,5e-05,1,32,1,0.2,lr5e-05_bs32_modL1_fusion32_fusionL1_drop0p2_trmiss80_trlocclin,14,0.5162570029497147,0.6482374668121338,0.5732758620689655,0.7366846818412629,0.6666666666666666,0.0,0.0,0.0,0.0,2002,clin,0.8
1,5,lr5e-05_bs32_modL1_fusion32_fusionL1_drop0p2_trmiss80_trlocclin,32,5e-05,1,32,1,0.2,lr5e-05_bs32_modL1_fusion32_fusionL1_drop0p2_trmiss80_trlocclin,15,0.5293115625778834,0.6474206149578094,0.5754310344827587,0.7367178561474292,0.6666666666666666,0.0,0.0,0.0,0.0,2002,clin,0.8
1,5,lr5e-05_bs32_modL1_fusion32_fusionL1_drop0p2_trmiss80_trlocclin,32,5e-05,1,32,1,0.2,lr5e-05_bs32_modL1_fusion32_fusionL1_drop0p2_trmiss80_trlocclin,16,0.5126078526178995,0.6470122933387756,0.5818965517241379,0.7431832572680026,0.6666666666666666,0.0,0.0,0.0,0.0,2002,clin,0.8
1,5,lr5e-05_bs32_modL1_fusion32_fusionL1_drop0p2_trmiss80_trlocclin,32,5e-05,1,32,1,0.2,lr5e-05_bs32_modL1_fusion32_fusionL1_drop0p2_trmiss80_trlocclin,17,0.4986995706955592,0.6452408730983734,0.6056034482758621,0.7585319160570028,0.6666666666666666,0.0,0.0,0.0,0.0,2002,clin,0.8
1,5,lr5e-05_bs32_modL1_fusion32_fusionL1_drop0p2_trmiss80_trlocclin,32,5e-05,1,32,1,0.2,lr5e-05_bs32_modL1_fusion32_fusionL1_drop0p2_trmiss80_trlocclin,18,0.4859427163998286,0.6460352838039398,0.6077586206896551,0.7530949977962287,0.6444444444444445,0.0,0.0,0.0,0.0,2002,clin,0.8
1,5,lr5e-05_bs32_modL1_fusion32_fusionL1_drop0p2_trmiss80_trlocclin,32,5e-05,1,32,1,0.2,lr5e-05_bs32_modL1_fusion32_fusionL1_drop0p2_trmiss80_trlocclin,19,0.49537456035614014,0.6470989882946014,0.5883620689655172,0.7423256255606219,0.6888888888888889,0.0,0.0,0.0,0.0,2002,clin,0.8
1,5,lr5e-05_bs32_modL1_fusion32_fusionL1_drop0p2_trmiss80_trlocclin,32,5e-05,1,32,1,0.2,lr5e-05_bs32_modL1_fusion32_fusionL1_drop0p2_trmiss80_trlocclin,20,0.5012766619523367,0.6460632979869843,0.5883620689655172,0.7401555082849374,0.6888888888888889,0.0,0.0,0.0,0.0,2002,clin,0.8
1,5,lr5e-05_bs32_modL1_fusion32_fusionL1_drop0p2_trmiss80_trlocclin,32,5e-05,1,32,1,0.2,lr5e-05_bs32_modL1_fusion32_fusionL1_drop0p2_trmiss80_trlocclin,21,0.5020125210285187,0.6476315557956696,0.5862068965517242,0.7369682495569814,0.7111111111111111,0.0,0.0,0.0,0.0,2002,clin,0.8
1,5,lr5e-05_bs32_modL1_fusion32_fusionL1_drop0p2_trmiss80_trlocclin,32,5e-05,1,32,1,0.2,lr5e-05_bs32_modL1_fusion32_fusionL1_drop0p2_trmiss80_trlocclin,22,0.47648046910762787,0.6485908329486847,0.584051724137931,0.7340910069952078,0.6888888888888889,0.0,0.0,0.0,0.0,2002,clin,0.8
1,5,lr5e-05_bs32_modL1_fusion32_fusionL1_drop0p2_trmiss80_trlocclin,32,5e-05,1,32,1,0.2,lr5e-05_bs32_modL1_fusion32_fusionL1_drop0p2_trmiss80_trlocclin,23,0.48589210708936054,0.649008721113205,0.5991379310344828,0.7428342325918036,0.6888888888888889,0.0,0.0,0.0,0.0,2002,clin,0.8
1,5,lr5e-05_bs32_modL1_fusion32_fusionL1_drop0p2_trmiss80_trlocclin,32,5e-05,1,32,1,0.2,lr5e-05_bs32_modL1_fusion32_fusionL1_drop0p2_trmiss80_trlocclin,24,0.4689619888861974,0.6493656933307648,0.5991379310344828,0.7430043883536734,0.7111111111111111,0.0,0.0,0.0,0.0,2002,clin,0.8
1,5,lr5e-05_bs32_modL1_fusion32_fusionL1_drop0p2_trmiss80_trlocclin,32,5e-05,1,32,1,0.2,lr5e-05_bs32_modL1_fusion32_fusionL1_drop0p2_trmiss80_trlocclin,25,0.46015774210294086,0.6466659903526306,0.6012931034482758,0.7472349875390019,0.6888888888888889,0.0,0.0,0.0,0.0,2002,clin,0.8
1,5,lr5e-05_bs32_modL1_fusion32_fusionL1_drop0p2_trmiss80_trlocclin,32,5e-05,1,32,1,0.2,lr5e-05_bs32_modL1_fusion32_fusionL1_drop0p2_trmiss80_trlocclin,26,0.4537544896205266,0.644904226064682,0.5991379310344828,0.749561446319954,0.6888888888888889,0.0,0.0,0.0,0.0,2002,clin,0.8
1,5,lr5e-05_bs32_modL1_fusion32_fusionL1_drop0p2_trmiss80_trlocclin,32,5e-05,1,32,1,0.2,lr5e-05_bs32_modL1_fusion32_fusionL1_drop0p2_trmiss80_trlocclin,27,0.4646273006995519,0.6421189606189728,0.6099137931034483,0.7551941347263766,0.6888888888888889,0.0,0.0,0.0,0.0,2002,clin,0.8
1,5,lr5e-05_bs32_modL1_fusion32_fusionL1_drop0p2_trmiss80_trlocclin,32,5e-05,1,32,1,0.2,lr5e-05_bs32_modL1_fusion32_fusionL1_drop0p2_trmiss80_trlocclin,28,0.46303264300028485,0.6454805433750153,0.603448275862069,0.7470840428963808,0.6888888888888889,0.0,0.0,0.0,0.0,2002,clin,0.8
1,5,lr5e-05_bs32_modL1_fusion32_fusionL1_drop0p2_trmiss80_trlocclin,32,5e-05,1,32,1,0.2,lr5e-05_bs32_modL1_fusion32_fusionL1_drop0p2_trmiss80_trlocclin,29,0.45888320604960126,0.6442171335220337,0.6120689655172413,0.7491502670065087,0.6888888888888889,0.0,0.0,0.0,0.0,2002,clin,0.8
1,5,lr5e-05_bs32_modL1_fusion32_fusionL1_drop0p2_trmiss80_trlocclin,32,5e-05,1,32,1,0.2,lr5e-05_bs32_modL1_fusion32_fusionL1_drop0p2_trmiss80_trlocclin,30,0.4670741061369578,0.6460896134376526,0.6056034482758621,0.7462687741261149,0.6888888888888889,0.0,0.0,0.0,0.0,2002,clin,0.8
1,5,lr5e-05_bs32_modL1_fusion32_fusionL1_drop0p2_trmiss80_trlocclin,32,5e-05,1,32,1,0.2,lr5e-05_bs32_modL1_fusion32_fusionL1_drop0p2_trmiss80_trlocclin,31,0.43787765006224316,0.6457827985286713,0.6099137931034483,0.7512570090306312,0.6888888888888889,0.0,0.0,0.0,0.0,2002,clin,0.8
1,5,lr5e-05_bs32_modL1_fusion32_fusionL1_drop0p2_trmiss80_trlocclin,32,5e-05,1,32,1,0.2,lr5e-05_bs32_modL1_fusion32_fusionL1_drop0p2_trmiss80_trlocclin,32,0.4445576270421346,0.6464233696460724,0.6099137931034482,0.7506391655314428,0.6888888888888889,0.0,0.0,0.0,0.0,2002,clin,0.8
1,5,lr5e-05_bs32_modL1_fusion32_fusionL1_drop0p2_trmiss80_trlocclin,32,5e-05,1,32,1,0.2,lr5e-05_bs32_modL1_fusion32_fusionL1_drop0p2_trmiss80_trlocclin,33,0.44160980979601544,0.6459212303161621,0.6077586206896552,0.750212775338271,0.6888888888888889,0.0,0.0,0.0,0.0,2002,clin,0.8
1,5,lr5e-05_bs32_modL1_fusion32_fusionL1_drop0p2_trmiss80_trlocclin,32,5e-05,1,32,1,0.2,lr5e-05_bs32_modL1_fusion32_fusionL1_drop0p2_trmiss80_trlocclin,34,0.4552323818206787,0.6454026401042938,0.6142241379310345,0.7564567236132858,0.6888888888888889,0.0,0.0,0.0,0.0,2002,clin,0.8
1,5,lr5e-05_bs32_modL1_fusion32_fusionL1_drop0p2_trmiss80_trlocclin,32,5e-05,1,32,1,0.2,lr5e-05_bs32_modL1_fusion32_fusionL1_drop0p2_trmiss80_trlocclin,35,0.4560955266157786,0.647880494594574,0.6099137931034483,0.7515905054356224,0.6888888888888889,0.0,0.0,0.0,0.0,2002,clin,0.8
1,5,lr5e-05_bs32_modL1_fusion32_fusionL1_drop0p2_trmiss80_trlocclin,32,5e-05,1,32,1,0.2,lr5e-05_bs32_modL1_fusion32_fusionL1_drop0p2_trmiss80_trlocclin,36,0.4480315645535787,0.6464883089065552,0.6120689655172413,0.751672058432997,0.6888888888888889,0.0,0.0,0.0,0.0,2002,clin,0.8
1,5,lr5e-05_bs32_modL1_fusion32_fusionL1_drop0p2_trmiss80_trlocclin,32,5e-05,1,32,1,0.2,lr5e-05_bs32_modL1_fusion32_fusionL1_drop0p2_trmiss80_trlocclin,37,0.4373105714718501,0.6457867324352264,0.6099137931034483,0.7487984952146063,0.6888888888888889,0.0,0.0,0.0,0.0,2002,clin,0.8
1,5,lr5e-05_bs32_modL1_fusion32_fusionL1_drop0p2_trmiss80_trlocclin,32,5e-05,1,32,1,0.2,lr5e-05_bs32_modL1_fusion32_fusionL1_drop0p2_trmiss80_trlocclin,38,0.440719669063886,0.6461135149002075,0.6163793103448276,0.7531446170691525,0.6888888888888889,0.0,0.0,0.0,0.0,2002,clin,0.8
1,5,lr5e-05_bs32_modL1_fusion32_fusionL1_drop0p2_trmiss80_trlocclin,32,5e-05,1,32,1,0.2,lr5e-05_bs32_modL1_fusion32_fusionL1_drop0p2_trmiss80_trlocclin,39,0.44459393123785657,0.6473777294158936,0.6077586206896552,0.7499660029506052,0.6888888888888889,0.0,0.0,0.0,0.0,2002,clin,0.8
1,5,lr5e-05_bs32_modL1_fusion32_fusionL1_drop0p2_trmiss80_trlocclin,32,5e-05,1,32,1,0.2,lr5e-05_bs32_modL1_fusion32_fusionL1_drop0p2_trmiss80_trlocclin,40,0.43209431568781537,0.6475001871585846,0.6099137931034483,0.7512566302423964,0.6888888888888889,0.0,0.0,0.0,0.0,2002,clin,0.8
1,5,lr5e-05_bs32_modL1_fusion32_fusionL1_drop0p2_trmiss80_trlocclin,32,5e-05,1,32,1,0.2,lr5e-05_bs32_modL1_fusion32_fusionL1_drop0p2_trmiss80_trlocclin,41,0.43099178870519,0.646742582321167,0.6142241379310345,0.7529046938635335,0.6888888888888889,0.0,0.0,0.0,0.0,2002,clin,0.8
1,5,lr5e-05_bs32_modL1_fusion32_fusionL1_drop0p2_trmiss80_trlocclin,32,5e-05,1,32,1,0.2,lr5e-05_bs32_modL1_fusion32_fusionL1_drop0p2_trmiss80_trlocclin,42,0.44953567783037823,0.6468403041362762,0.6163793103448276,0.7540379299478117,0.6888888888888889,0.0,0.0,0.0,0.0,2002,clin,0.8
1,5,lr5e-05_bs32_modL1_fusion32_fusionL1_drop0p2_trmiss80_trlocclin,32,5e-05,1,32,1,0.2,lr5e-05_bs32_modL1_fusion32_fusionL1_drop0p2_trmiss80_trlocclin,43,0.45221659541130066,0.647326797246933,0.6163793103448276,0.7542154419982381,0.6888888888888889,0.0,0.0,0.0,0.0,2002,clin,0.8
1,5,lr5e-05_bs32_modL1_fusion32_fusionL1_drop0p2_trmiss80_trlocclin,32,5e-05,1,32,1,0.2,lr5e-05_bs32_modL1_fusion32_fusionL1_drop0p2_trmiss80_trlocclin,44,0.43242935836315155,0.6465683281421661,0.6185344827586208,0.7550149414420646,0.6888888888888889,0.0,0.0,0.0,0.0,2002,clin,0.8
1,5,lr5e-05_bs32_modL1_fusion32_fusionL1_drop0p2_trmiss80_trlocclin,32,5e-05,1,32,1,0.2,lr5e-05_bs32_modL1_fusion32_fusionL1_drop0p2_trmiss80_trlocclin,45,0.4309359888235728,0.6461857557296753,0.6206896551724138,0.7578885046604553,0.6888888888888889,0.0,0.0,0.0,0.0,2002,clin,0.8
1,5,lr5e-05_bs32_modL1_fusion32_fusionL1_drop0p2_trmiss80_trlocclin,32,5e-05,1,32,1,0.2,lr5e-05_bs32_modL1_fusion32_fusionL1_drop0p2_trmiss80_trlocclin,46,0.4176822652419408,0.647119402885437,0.6120689655172413,0.7524873855719059,0.6888888888888889,0.0,0.0,0.0,0.0,2002,clin,0.8
1,5,lr5e-05_bs32_modL1_fusion32_fusionL1_drop0p2_trmiss80_trlocclin,32,5e-05,1,32,1,0.2,lr5e-05_bs32_modL1_fusion32_fusionL1_drop0p2_trmiss80_trlocclin,47,0.42289042969544727,0.647760272026062,0.6099137931034483,0.7516716644002337,0.6888888888888889,0.0,0.0,0.0,0.0,2002,clin,0.8
1,5,lr5e-05_bs32_modL1_fusion32_fusionL1_drop0p2_trmiss80_trlocclin,32,5e-05,1,32,1,0.2,lr5e-05_bs32_modL1_fusion32_fusionL1_drop0p2_trmiss80_trlocclin,48,0.4294007172187169,0.6468389928340912,0.6120689655172413,0.7524873855719059,0.6888888888888889,0.0,0.0,0.0,0.0,2002,clin,0.8
1,5,lr5e-05_bs32_modL1_fusion32_fusionL1_drop0p2_trmiss80_trlocclin,32,5e-05,1,32,1,0.2,lr5e-05_bs32_modL1_fusion32_fusionL1_drop0p2_trmiss80_trlocclin,49,0.4361060907443364,0.6470550894737244,0.6120689655172413,0.7533804553504244,0.6888888888888889,0.0,0.0,0.0,0.0,2002,clin,0.8
1,5,lr5e-05_bs32_modL1_fusion32_fusionL1_drop0p2_trmiss80_trlocclin,32,5e-05,1,32,1,0.2,lr5e-05_bs32_modL1_fusion32_fusionL1_drop0p2_trmiss80_trlocclin,50,0.43530478080113727,0.6462251543998718,0.6163793103448276,0.7544081081558949,0.6888888888888889,0.0,0.0,0.0,0.0,2002,clin,0.8
1,5,lr5e-05_bs32_modL1_fusion32_fusionL1_drop0p2_trmiss80_trlocclin,32,5e-05,1,32,1,0.2,lr5e-05_bs32_modL1_fusion32_fusionL1_drop0p2_trmiss80_trlocclin,51,0.4227777073780696,0.6460858583450317,0.6206896551724138,0.7582261614830956,0.6888888888888889,0.0,0.0,0.0,0.0,2002,clin,0.8
1,5,lr5e-05_bs32_modL1_fusion32_fusionL1_drop0p2_trmiss80_trlocclin,32,5e-05,1,32,1,0.2,lr5e-05_bs32_modL1_fusion32_fusionL1_drop0p2_trmiss80_trlocclin,52,0.4350881775220235,0.6454597413539886,0.6142241379310345,0.7553704129117509,0.6888888888888889,0.0,0.0,0.0,0.0,2002,clin,0.8
1,5,lr5e-05_bs32_modL1_fusion32_fusionL1_drop0p2_trmiss80_trlocclin,32,5e-05,1,32,1,0.2,lr5e-05_bs32_modL1_fusion32_fusionL1_drop0p2_trmiss80_trlocclin,53,0.4425230224927266,0.6468058824539185,0.6142241379310345,0.7554837653264526,0.6888888888888889,0.0,0.0,0.0,0.0,2002,clin,0.8
1,5,lr5e-05_bs32_modL1_fusion32_fusionL1_drop0p2_trmiss80_trlocclin,32,5e-05,1,32,1,0.2,lr5e-05_bs32_modL1_fusion32_fusionL1_drop0p2_trmiss80_trlocclin,54,0.426024466753006,0.6471177935600281,0.6163793103448276,0.7540379299478117,0.6888888888888889,0.0,0.0,0.0,0.0,2002,clin,0.8
1,5,lr5e-05_bs32_modL1_fusion32_fusionL1_drop0p2_trmiss80_trlocclin,32,5e-05,1,32,1,0.2,lr5e-05_bs32_modL1_fusion32_fusionL1_drop0p2_trmiss80_trlocclin,55,0.429151251912117,0.6460554301738739,0.6206896551724138,0.7578885046604553,0.6888888888888889,0.0,0.0,0.0,0.0,2002,clin,0.8
1,5,lr5e-05_bs32_modL1_fusion32_fusionL1_drop0p2_trmiss80_trlocclin,32,5e-05,1,32,1,0.2,lr5e-05_bs32_modL1_fusion32_fusionL1_drop0p2_trmiss80_trlocclin,56,0.4253208835919698,0.6470870077610016,0.6163793103448276,0.7563253200735545,0.6888888888888889,0.0,0.0,0.0,0.0,2002,clin,0.8
1,5,lr5e-05_bs32_modL1_fusion32_fusionL1_drop0p2_trmiss80_trlocclin,32,5e-05,1,32,1,0.2,lr5e-05_bs32_modL1_fusion32_fusionL1_drop0p2_trmiss80_trlocclin,57,0.4388817846775055,0.6463395655155182,0.6163793103448276,0.7561699123555774,0.6888888888888889,0.0,0.0,0.0,0.0,2002,clin,0.8
1,5,lr5e-05_bs32_modL1_fusion32_fusionL1_drop0p2_trmiss80_trlocclin,32,5e-05,1,32,1,0.2,lr5e-05_bs32_modL1_fusion32_fusionL1_drop0p2_trmiss80_trlocclin,58,0.4384925266106923,0.6468155682086945,0.6185344827586208,0.757260276264532,0.6888888888888889,0.0,0.0,0.0,0.0,2002,clin,0.8
1,5,lr5e-05_bs32_modL1_fusion32_fusionL1_drop0p2_trmiss80_trlocclin,32,5e-05,1,32,1,0.2,lr5e-05_bs32_modL1_fusion32_fusionL1_drop0p2_trmiss80_trlocclin,59,0.4205467651287715,0.6479990482330322,0.6099137931034482,0.7516811285216878,0.6888888888888889,0.0,0.0,0.0,0.0,2002,clin,0.8
1,5,lr5e-05_bs32_modL1_fusion32_fusionL1_drop0p2_trmiss80_trlocclin,32,5e-05,1,32,1,0.2,lr5e-05_bs32_modL1_fusion32_fusionL1_drop0p2_trmiss80_trlocclin,60,0.4238813171784083,0.6468310654163361,0.6163793103448276,0.7578320210231657,0.6666666666666666,0.0,0.0,0.0,0.0,2002,clin,0.8
1,5,lr5e-05_bs32_modL1_fusion32_fusionL1_drop0p2_trmiss80_trlocclin,32,5e-05,1,32,1,0.2,lr5e-05_bs32_modL1_fusion32_fusionL1_drop0p2_trmiss80_trlocclin,61,0.4304559826850891,0.6466079950332642,0.6120689655172413,0.754050200655592,0.6666666666666666,0.0,0.0,0.0,0.0,2002,clin,0.8
1,5,lr5e-05_bs32_modL1_fusion32_fusionL1_drop0p2_trmiss80_trlocclin,32,5e-05,1,32,1,0.2,lr5e-05_bs32_modL1_fusion32_fusionL1_drop0p2_trmiss80_trlocclin,62,0.4391925136248271,0.6470307111740112,0.6142241379310345,0.7564797559792169,0.6666666666666666,0.0,0.0,0.0,0.0,2002,clin,0.8
1,5,lr5e-05_bs32_modL1_fusion32_fusionL1_drop0p2_trmiss80_trlocclin,32,5e-05,1,32,1,0.2,lr5e-05_bs32_modL1_fusion32_fusionL1_drop0p2_trmiss80_trlocclin,63,0.42838992675145465,0.6460349857807159,0.6142241379310345,0.7534097015518881,0.6666666666666666,0.0,0.0,0.0,0.0,2002,clin,0.8
1,5,lr5e-05_bs32_modL1_fusion32_fusionL1_drop0p2_trmiss80_trlocclin,32,5e-05,1,32,1,0.2,lr5e-05_bs32_modL1_fusion32_fusionL1_drop0p2_trmiss80_trlocclin,64,0.4191071391105652,0.647107869386673,0.6142241379310345,0.7532384305039852,0.6666666666666666,0.0,0.0,0.0,0.0,2002,clin,0.8
1,5,lr5e-05_bs32_modL1_fusion32_fusionL1_drop0p2_trmiss80_trlocclin,32,5e-05,1,32,1,0.2,lr5e-05_bs32_modL1_fusion32_fusionL1_drop0p2_trmiss80_trlocclin,65,0.44657694300015766,0.6468572020530701,0.6163793103448276,0.7563379602845495,0.6666666666666666,0.0,0.0,0.0,0.0,2002,clin,0.8
1,5,lr5e-05_bs32_modL1_fusion32_fusionL1_drop0p2_trmiss80_trlocclin,32,5e-05,1,32,1,0.2,lr5e-05_bs32_modL1_fusion32_fusionL1_drop0p2_trmiss80_trlocclin,66,0.4275179107983907,0.6467936038970947,0.6142241379310345,0.7534643970661588,0.6666666666666666,0.0,0.0,0.0,0.0,2002,clin,0.8
1,5,lr5e-05_bs32_modL1_fusion32_fusionL1_drop0p2_trmiss80_trlocclin,32,5e-05,1,32,1,0.2,lr5e-05_bs32_modL1_fusion32_fusionL1_drop0p2_trmiss80_trlocclin,67,0.4313773661851883,0.6467970907688141,0.6185344827586208,0.7593466313875945,0.6666666666666666,0.0,0.0,0.0,0.0,2002,clin,0.8
1,5,lr5e-05_bs32_modL1_fusion32_fusionL1_drop0p2_trmiss80_trlocclin,32,5e-05,1,32,1,0.2,lr5e-05_bs32_modL1_fusion32_fusionL1_drop0p2_trmiss80_trlocclin,68,0.42616534729798633,0.6464880406856537,0.6163793103448276,0.7540799852510871,0.6666666666666666,0.0,0.0,0.0,0.0,2002,clin,0.8
1,5,lr5e-05_bs32_modL1_fusion32_fusionL1_drop0p2_trmiss80_trlocclin,32,5e-05,1,32,1,0.2,lr5e-05_bs32_modL1_fusion32_fusionL1_drop0p2_trmiss80_trlocclin,69,0.4466191828250885,0.6457347571849823,0.6163793103448276,0.7562832647702791,0.6666666666666666,0.0,0.0,0.0,0.0,2002,clin,0.8
1,5,lr5e-05_bs32_modL1_fusion32_fusionL1_drop0p2_trmiss80_trlocclin,32,5e-05,1,32,1,0.2,lr5e-05_bs32_modL1_fusion32_fusionL1_drop0p2_trmiss80_trlocclin,70,0.4335183650255203,0.6465823948383331,0.6120689655172413,0.7521480665950306,0.6666666666666666,0.0,0.0,0.0,0.0,2002,clin,0.8
1,5,lr5e-05_bs32_modL1_fusion32_fusionL1_drop0p2_trmiss80_trlocclin,32,5e-05,1,32,1,0.2,lr5e-05_bs32_modL1_fusion32_fusionL1_drop0p2_trmiss80_trlocclin,71,0.43581625322500867,0.6468385756015778,0.6120689655172413,0.7523193376429336,0.6888888888888889,0.0,0.0,0.0,0.0,2002,clin,0.8
1,5,lr5e-05_bs32_modL1_fusion32_fusionL1_drop0p2_trmiss80_trlocclin,32,5e-05,1,32,1,0.2,lr5e-05_bs32_modL1_fusion32_fusionL1_drop0p2_trmiss80_trlocclin,72,0.413749431570371,0.6472810506820679,0.6142241379310345,0.7529475660388572,0.6888888888888889,0.0,0.0,0.0,0.0,2002,clin,0.8
1,5,lr5e-05_bs32_modL1_fusion32_fusionL1_drop0p2_trmiss80_trlocclin,32,5e-05,1,32,1,0.2,lr5e-05_bs32_modL1_fusion32_fusionL1_drop0p2_trmiss80_trlocclin,73,0.4334004471699397,0.6472426652908325,0.6120689655172413,0.7519276823692806,0.6666666666666666,0.0,0.0,0.0,0.0,2002,clin,0.8
1,5,lr5e-05_bs32_modL1_fusion32_fusionL1_drop0p2_trmiss80_trlocclin,32,5e-05,1,32,1,0.2,lr5e-05_bs32_modL1_fusion32_fusionL1_drop0p2_trmiss80_trlocclin,74,0.4301432619492213,0.6467576324939728,0.6099137931034483,0.7513323454233585,0.6888888888888889,0.0,0.0,0.0,0.0,2002,clin,0.8
1,5,lr5e-05_bs32_modL1_fusion32_fusionL1_drop0p2_trmiss80_trlocclin,32,5e-05,1,32,1,0.2,lr5e-05_bs32_modL1_fusion32_fusionL1_drop0p2_trmiss80_trlocclin,75,0.41699062784512836,0.647119790315628,0.6142241379310345,0.7532963491371865,0.6888888888888889,0.0,0.0,0.0,0.0,2002,clin,0.8
1,5,lr5e-05_bs32_modL1_fusion32_fusionL1_drop0p1_trmiss80_trlocclin,32,5e-05,1,32,1,0.1,lr5e-05_bs32_modL1_fusion32_fusionL1_drop0p1_trmiss80_trlocclin,1,0.6883820494016012,0.6847579181194305,0.5689655172413793,0.7640634314800137,0.5555555555555556,0.0,0.0,0.0,0.0,2002,clin,0.8
1,5,lr5e-05_bs32_modL1_fusion32_fusionL1_drop0p1_trmiss80_trlocclin,32,5e-05,1,32,1,0.1,lr5e-05_bs32_modL1_fusion32_fusionL1_drop0p1_trmiss80_trlocclin,2,0.637883057196935,0.6885790824890137,0.5818965517241379,0.7507536540866722,0.5555555555555556,0.0,0.0,0.0,0.0,2002,clin,0.8
1,5,lr5e-05_bs32_modL1_fusion32_fusionL1_drop0p1_trmiss80_trlocclin,32,5e-05,1,32,1,0.1,lr5e-05_bs32_modL1_fusion32_fusionL1_drop0p1_trmiss80_trlocclin,3,0.6179555753866831,0.6895987689495087,0.5797413793103449,0.7586554028068204,0.6,0.0,0.0,0.0,0.0,2002,clin,0.8
1,5,lr5e-05_bs32_modL1_fusion32_fusionL1_drop0p1_trmiss80_trlocclin,32,5e-05,1,32,1,0.1,lr5e-05_bs32_modL1_fusion32_fusionL1_drop0p1_trmiss80_trlocclin,4,0.5869489113489786,0.6882278025150299,0.584051724137931,0.796281656944476,0.5555555555555556,0.0,0.0,0.0,0.0,2002,clin,0.8
1,5,lr5e-05_bs32_modL1_fusion32_fusionL1_drop0p1_trmiss80_trlocclin,32,5e-05,1,32,1,0.1,lr5e-05_bs32_modL1_fusion32_fusionL1_drop0p1_trmiss80_trlocclin,5,0.5924181143442789,0.687077134847641,0.5625,0.783094767316111,0.6,0.0,0.0,0.0,0.0,2002,clin,0.8
1,5,lr5e-05_bs32_modL1_fusion32_fusionL1_drop0p1_trmiss80_trlocclin,32,5e-05,1,32,1,0.1,lr5e-05_bs32_modL1_fusion32_fusionL1_drop0p1_trmiss80_trlocclin,6,0.5642681618531545,0.6849738657474518,0.5689655172413793,0.7902172882753322,0.5777777777777777,0.0,0.0,0.0,0.0,2002,clin,0.8
1,5,lr5e-05_bs32_modL1_fusion32_fusionL1_drop0p1_trmiss80_trlocclin,32,5e-05,1,32,1,0.1,lr5e-05_bs32_modL1_fusion32_fusionL1_drop0p1_trmiss80_trlocclin,7,0.5407439917325974,0.681745171546936,0.5883620689655172,0.7964228378343059,0.5777777777777777,0.0,0.0,0.0,0.0,2002,clin,0.8
1,5,lr5e-05_bs32_modL1_fusion32_fusionL1_drop0p1_trmiss80_trlocclin,32,5e-05,1,32,1,0.1,lr5e-05_bs32_modL1_fusion32_fusionL1_drop0p1_trmiss80_trlocclin,8,0.5283345381418864,0.6784758269786835,0.5818965517241379,0.775256267807375,0.6,0.0,0.0,0.0,0.0,2002,clin,0.8
1,5,lr5e-05_bs32_modL1_fusion32_fusionL1_drop0p1_trmiss80_trlocclin,32,5e-05,1,32,1,0.1,lr5e-05_bs32_modL1_fusion32_fusionL1_drop0p1_trmiss80_trlocclin,9,0.539508193731308,0.67503422498703,0.5862068965517242,0.7752732190668794,0.6222222222222222,0.0,0.0,0.0,0.0,2002,clin,0.8
1,5,lr5e-05_bs32_modL1_fusion32_fusionL1_drop0p1_trmiss80_trlocclin,32,5e-05,1,32,1,0.1,lr5e-05_bs32_modL1_fusion32_fusionL1_drop0p1_trmiss80_trlocclin,10,0.5123595396677653,0.6746992468833923,0.5991379310344828,0.7825813523883374,0.6,0.0,0.0,0.0,0.0,2002,clin,0.8
1,5,lr5e-05_bs32_modL1_fusion32_fusionL1_drop0p1_trmiss80_trlocclin,32,5e-05,1,32,1,0.1,lr5e-05_bs32_modL1_fusion32_fusionL1_drop0p1_trmiss80_trlocclin,11,0.5120607117811838,0.6735524237155914,0.603448275862069,0.7780464545390469,0.6444444444444445,0.0,0.0,0.0,0.0,2002,clin,0.8
1,5,lr5e-05_bs32_modL1_fusion32_fusionL1_drop0p1_trmiss80_trlocclin,32,5e-05,1,32,1,0.1,lr5e-05_bs32_modL1_fusion32_fusionL1_drop0p1_trmiss80_trlocclin,12,0.4951446404059728,0.6744635999202728,0.6142241379310345,0.778025520558539,0.6444444444444445,0.0,0.0,0.0,0.0,2002,clin,0.8
1,5,lr5e-05_bs32_modL1_fusion32_fusionL1_drop0p1_trmiss80_trlocclin,32,5e-05,1,32,1,0.1,lr5e-05_bs32_modL1_fusion32_fusionL1_drop0p1_trmiss80_trlocclin,13,0.48199112216631573,0.6725486814975739,0.625,0.8021360078375253,0.6444444444444445,0.0,0.0,0.0,0.0,2002,clin,0.8
1,5,lr5e-05_bs32_modL1_fusion32_fusionL1_drop0p1_trmiss80_trlocclin,32,5e-05,1,32,1,0.1,lr5e-05_bs32_modL1_fusion32_fusionL1_drop0p1_trmiss80_trlocclin,14,0.4778061658143997,0.6713846921920776,0.625,0.7864005266551424,0.6666666666666666,0.0,0.0,0.0,0.0,2002,clin,0.8
1,5,lr5e-05_bs32_modL1_fusion32_fusionL1_drop0p1_trmiss80_trlocclin,32,5e-05,1,32,1,0.1,lr5e-05_bs32_modL1_fusion32_fusionL1_drop0p1_trmiss80_trlocclin,15,0.4715644071499507,0.6698674857616425,0.6206896551724138,0.7790446316718282,0.6666666666666666,0.0,0.0,0.0,0.0,2002,clin,0.8
1,5,lr5e-05_bs32_modL1_fusion32_fusionL1_drop0p1_trmiss80_trlocclin,32,5e-05,1,32,1,0.1,lr5e-05_bs32_modL1_fusion32_fusionL1_drop0p1_trmiss80_trlocclin,16,0.449585884809494,0.6695489585399628,0.6163793103448275,0.7776330338667095,0.6444444444444445,0.0,0.0,0.0,0.0,2002,clin,0.8
1,5,lr5e-05_bs32_modL1_fusion32_fusionL1_drop0p1_trmiss80_trlocclin,32,5e-05,1,32,1,0.1,lr5e-05_bs32_modL1_fusion32_fusionL1_drop0p1_trmiss80_trlocclin,17,0.4644286135832469,0.6709680557250977,0.603448275862069,0.7639662518208907,0.6666666666666666,0.0,0.0,0.0,0.0,2002,clin,0.8
1,5,lr5e-05_bs32_modL1_fusion32_fusionL1_drop0p1_trmiss80_trlocclin,32,5e-05,1,32,1,0.1,lr5e-05_bs32_modL1_fusion32_fusionL1_drop0p1_trmiss80_trlocclin,18,0.4481640011072159,0.668563961982727,0.6056034482758621,0.7560457547071863,0.6888888888888889,0.0,0.0,0.0,0.0,2002,clin,0.8
1,5,lr5e-05_bs32_modL1_fusion32_fusionL1_drop0p1_trmiss80_trlocclin,32,5e-05,1,32,1,0.1,lr5e-05_bs32_modL1_fusion32_fusionL1_drop0p1_trmiss80_trlocclin,19,0.4386466095844905,0.6676013171672821,0.6077586206896552,0.7520740335089532,0.6888888888888889,0.0,0.0,0.0,0.0,2002,clin,0.8
1,5,lr5e-05_bs32_modL1_fusion32_fusionL1_drop0p1_trmiss80_trlocclin,32,5e-05,1,32,1,0.1,lr5e-05_bs32_modL1_fusion32_fusionL1_drop0p1_trmiss80_trlocclin,20,0.43265024324258167,0.6683544814586639,0.6099137931034482,0.7486169385993892,0.6444444444444445,0.0,0.0,0.0,0.0,2002,clin,0.8
1,5,lr5e-05_bs32_modL1_fusion32_fusionL1_drop0p1_trmiss80_trlocclin,32,5e-05,1,32,1,0.1,lr5e-05_bs32_modL1_fusion32_fusionL1_drop0p1_trmiss80_trlocclin,21,0.4166766156752904,0.666168600320816,0.625,0.7584228500072486,0.6444444444444445,0.0,0.0,0.0,0.0,2002,clin,0.8
1,5,lr5e-05_bs32_modL1_fusion32_fusionL1_drop0p1_trmiss80_trlocclin,32,5e-05,1,32,1,0.1,lr5e-05_bs32_modL1_fusion32_fusionL1_drop0p1_trmiss80_trlocclin,22,0.4157349367936452,0.6672236025333405,0.6142241379310345,0.7477472149704371,0.6222222222222222,0.0,0.0,0.0,0.0,2002,clin,0.8
1,5,lr5e-05_bs32_modL1_fusion32_fusionL1_drop0p1_trmiss80_trlocclin,32,5e-05,1,32,1,0.1,lr5e-05_bs32_modL1_fusion32_fusionL1_drop0p1_trmiss80_trlocclin,23,0.42167993386586505,0.6636059284210205,0.6314655172413793,0.768569525032098,0.6222222222222222,0.0,0.0,0.0,0.0,2002,clin,0.8
1,5,lr5e-05_bs32_modL1_fusion32_fusionL1_drop0p1_trmiss80_trlocclin,32,5e-05,1,32,1,0.1,lr5e-05_bs32_modL1_fusion32_fusionL1_drop0p1_trmiss80_trlocclin,24,0.4099396864573161,0.6618030667304993,0.6163793103448276,0.760908721338465,0.6444444444444445,0.0,0.0,0.0,0.0,2002,clin,0.8
1,5,lr5e-05_bs32_modL1_fusion32_fusionL1_drop0p1_trmiss80_trlocclin,32,5e-05,1,32,1,0.1,lr5e-05_bs32_modL1_fusion32_fusionL1_drop0p1_trmiss80_trlocclin,25,0.40422142048676807,0.6592705845832825,0.6142241379310345,0.7613341084287588,0.6444444444444445,0.0,0.0,0.0,0.0,2002,clin,0.8
1,5,lr5e-05_bs32_modL1_fusion32_fusionL1_drop0p1_trmiss80_trlocclin,32,5e-05,1,32,1,0.1,lr5e-05_bs32_modL1_fusion32_fusionL1_drop0p1_trmiss80_trlocclin,26,0.39885643124580383,0.6601744294166565,0.6228448275862069,0.7618421931410965,0.6222222222222222,0.0,0.0,0.0,0.0,2002,clin,0.8
1,5,lr5e-05_bs32_modL1_fusion32_fusionL1_drop0p1_trmiss80_trlocclin,32,5e-05,1,32,1,0.1,lr5e-05_bs32_modL1_fusion32_fusionL1_drop0p1_trmiss80_trlocclin,27,0.39123786985874176,0.6610872745513916,0.6185344827586208,0.7547235006937522,0.6666666666666666,0.0,0.0,0.0,0.0,2002,clin,0.8
1,5,lr5e-05_bs32_modL1_fusion32_fusionL1_drop0p1_trmiss80_trlocclin,32,5e-05,1,32,1,0.1,lr5e-05_bs32_modL1_fusion32_fusionL1_drop0p1_trmiss80_trlocclin,28,0.3826497842868169,0.6643677353858948,0.6142241379310345,0.7512368771852468,0.6444444444444445,0.0,0.0,0.0,0.0,2002,clin,0.8
1,5,lr5e-05_bs32_modL1_fusion32_fusionL1_drop0p1_trmiss80_trlocclin,32,5e-05,1,32,1,0.1,lr5e-05_bs32_modL1_fusion32_fusionL1_drop0p1_trmiss80_trlocclin,29,0.39917464057604474,0.6620484888553619,0.625,0.7638869658348457,0.6222222222222222,0.0,0.0,0.0,0.0,2002,clin,0.8
1,5,lr5e-05_bs32_modL1_fusion32_fusionL1_drop0p1_trmiss80_trlocclin,32,5e-05,1,32,1,0.1,lr5e-05_bs32_modL1_fusion32_fusionL1_drop0p1_trmiss80_trlocclin,30,0.3826465954383214,0.6587762832641602,0.6336206896551724,0.7642795001703672,0.6444444444444445,0.0,0.0,0.0,0.0,2002,clin,0.8
1,5,lr5e-05_bs32_modL1_fusion32_fusionL1_drop0p1_trmiss80_trlocclin,32,5e-05,1,32,1,0.1,lr5e-05_bs32_modL1_fusion32_fusionL1_drop0p1_trmiss80_trlocclin,31,0.3817925304174423,0.6534696221351624,0.6443965517241379,0.770480972867163,0.6222222222222222,0.0,0.0,0.0,0.0,2002,clin,0.8
1,5,lr5e-05_bs32_modL1_fusion32_fusionL1_drop0p1_trmiss80_trlocclin,32,5e-05,1,32,1,0.1,lr5e-05_bs32_modL1_fusion32_fusionL1_drop0p1_trmiss80_trlocclin,32,0.36603949467341107,0.6515215635299683,0.6530172413793104,0.776206413126615,0.6222222222222222,0.0,0.0,0.0,0.0,2002,clin,0.8
1,5,lr5e-05_bs32_modL1_fusion32_fusionL1_drop0p1_trmiss80_trlocclin,32,5e-05,1,32,1,0.1,lr5e-05_bs32_modL1_fusion32_fusionL1_drop0p1_trmiss80_trlocclin,33,0.3540779302517573,0.6552825272083282,0.6400862068965518,0.7691517129673201,0.6222222222222222,0.0,0.0,0.0,0.0,2002,clin,0.8
1,5,lr5e-05_bs32_modL1_fusion32_fusionL1_drop0p1_trmiss80_trlocclin,32,5e-05,1,32,1,0.1,lr5e-05_bs32_modL1_fusion32_fusionL1_drop0p1_trmiss80_trlocclin,34,0.3513131042321523,0.6610446274280548,0.6314655172413793,0.7745070256546824,0.6222222222222222,0.0,0.0,0.0,0.0,2002,clin,0.8
1,5,lr5e-05_bs32_modL1_fusion32_fusionL1_drop0p1_trmiss80_trlocclin,32,5e-05,1,32,1,0.1,lr5e-05_bs32_modL1_fusion32_fusionL1_drop0p1_trmiss80_trlocclin,35,0.3500366012255351,0.6643794775009155,0.6185344827586208,0.7396992280882628,0.6222222222222222,0.0,0.0,0.0,0.0,2002,clin,0.8
1,5,lr5e-05_bs32_modL1_fusion32_fusionL1_drop0p1_trmiss80_trlocclin,32,5e-05,1,32,1,0.1,lr5e-05_bs32_modL1_fusion32_fusionL1_drop0p1_trmiss80_trlocclin,36,0.3509683658679326,0.6561033725738525,0.6228448275862069,0.7396669733448755,0.6444444444444445,0.0,0.0,0.0,0.0,2002,clin,0.8
1,5,lr5e-05_bs32_modL1_fusion32_fusionL1_drop0p1_trmiss80_trlocclin,32,5e-05,1,32,1,0.1,lr5e-05_bs32_modL1_fusion32_fusionL1_drop0p1_trmiss80_trlocclin,37,0.363535871108373,0.6543972790241241,0.6336206896551724,0.7446217636694703,0.6222222222222222,0.0,0.0,0.0,0.0,2002,clin,0.8
1,5,lr5e-05_bs32_modL1_fusion32_fusionL1_drop0p1_trmiss80_trlocclin,32,5e-05,1,32,1,0.1,lr5e-05_bs32_modL1_fusion32_fusionL1_drop0p1_trmiss80_trlocclin,38,0.350949689745903,0.6517120599746704,0.6487068965517242,0.7811136965410368,0.6222222222222222,0.0,0.0,0.0,0.0,2002,clin,0.8
1,5,lr5e-05_bs32_modL1_fusion32_fusionL1_drop0p1_trmiss80_trlocclin,32,5e-05,1,32,1,0.1,lr5e-05_bs32_modL1_fusion32_fusionL1_drop0p1_trmiss80_trlocclin,39,0.3425118674834569,0.6533711850643158,0.6508620689655172,0.7839133177077977,0.6444444444444445,0.0,0.0,0.0,0.0,2002,clin,0.8
1,5,lr5e-05_bs32_modL1_fusion32_fusionL1_drop0p1_trmiss80_trlocclin,32,5e-05,1,32,1,0.1,lr5e-05_bs32_modL1_fusion32_fusionL1_drop0p1_trmiss80_trlocclin,40,0.3342766761779785,0.6558574736118317,0.6422413793103448,0.7641963620514843,0.6444444444444445,0.0,0.0,0.0,0.0,2002,clin,0.8
1,5,lr5e-05_bs32_modL1_fusion32_fusionL1_drop0p1_trmiss80_trlocclin,32,5e-05,1,32,1,0.1,lr5e-05_bs32_modL1_fusion32_fusionL1_drop0p1_trmiss80_trlocclin,41,0.3323403249184291,0.6567601561546326,0.6400862068965517,0.755420960829631,0.6222222222222222,0.0,0.0,0.0,0.0,2002,clin,0.8
1,5,lr5e-05_bs32_modL1_fusion32_fusionL1_drop0p1_trmiss80_trlocclin,32,5e-05,1,32,1,0.1,lr5e-05_bs32_modL1_fusion32_fusionL1_drop0p1_trmiss80_trlocclin,42,0.34059064586957294,0.6548230648040771,0.6336206896551724,0.750144540752314,0.6222222222222222,0.0,0.0,0.0,0.0,2002,clin,0.8
1,5,lr5e-05_bs32_modL1_fusion32_fusionL1_drop0p1_trmiss80_trlocclin,32,5e-05,1,32,1,0.1,lr5e-05_bs32_modL1_fusion32_fusionL1_drop0p1_trmiss80_trlocclin,43,0.3583294153213501,0.6520361304283142,0.6422413793103449,0.7699739306501393,0.6222222222222222,0.0,0.0,0.0,0.0,2002,clin,0.8
1,5,lr5e-05_bs32_modL1_fusion32_fusionL1_drop0p1_trmiss80_trlocclin,32,5e-05,1,32,1,0.1,lr5e-05_bs32_modL1_fusion32_fusionL1_drop0p1_trmiss80_trlocclin,44,0.3270384768644969,0.6519044637680054,0.6443965517241379,0.7705619183348372,0.6222222222222222,0.0,0.0,0.0,0.0,2002,clin,0.8
1,5,lr5e-05_bs32_modL1_fusion32_fusionL1_drop0p1_trmiss80_trlocclin,32,5e-05,1,32,1,0.1,lr5e-05_bs32_modL1_fusion32_fusionL1_drop0p1_trmiss80_trlocclin,45,0.33272137741247815,0.6501205861568451,0.6443965517241379,0.7734436056261663,0.6222222222222222,0.0,0.0,0.0,0.0,2002,clin,0.8
1,5,lr5e-05_bs32_modL1_fusion32_fusionL1_drop0p1_trmiss80_trlocclin,32,5e-05,1,32,1,0.1,lr5e-05_bs32_modL1_fusion32_fusionL1_drop0p1_trmiss80_trlocclin,46,0.33272290229797363,0.6504093110561371,0.646551724137931,0.7742222485627627,0.6222222222222222,0.0,0.0,0.0,0.0,2002,clin,0.8
1,5,lr5e-05_bs32_modL1_fusion32_fusionL1_drop0p1_trmiss80_trlocclin,32,5e-05,1,32,1,0.1,lr5e-05_bs32_modL1_fusion32_fusionL1_drop0p1_trmiss80_trlocclin,47,0.3363061845302582,0.6508188843727112,0.6379310344827586,0.763303971437589,0.6222222222222222,0.0,0.0,0.0,0.0,2002,clin,0.8
1,5,lr5e-05_bs32_modL1_fusion32_fusionL1_drop0p1_trmiss80_trlocclin,32,5e-05,1,32,1,0.1,lr5e-05_bs32_modL1_fusion32_fusionL1_drop0p1_trmiss80_trlocclin,48,0.3180642823378245,0.6491110920906067,0.6336206896551724,0.7610422884517093,0.6222222222222222,0.0,0.0,0.0,0.0,2002,clin,0.8
1,5,lr5e-05_bs32_modL1_fusion32_fusionL1_drop0p1_trmiss80_trlocclin,32,5e-05,1,32,1,0.1,lr5e-05_bs32_modL1_fusion32_fusionL1_drop0p1_trmiss80_trlocclin,49,0.33418512841065723,0.6492918431758881,0.6379310344827586,0.7673578120086123,0.6222222222222222,0.0,0.0,0.0,0.0,2002,clin,0.8
1,5,lr5e-05_bs32_modL1_fusion32_fusionL1_drop0p1_trmiss80_trlocclin,32,5e-05,1,32,1,0.1,lr5e-05_bs32_modL1_fusion32_fusionL1_drop0p1_trmiss80_trlocclin,50,0.3217633565266927,0.6492526531219482,0.6443965517241379,0.7683884591510312,0.6222222222222222,0.0,0.0,0.0,0.0,2002,clin,0.8
1,5,lr5e-05_bs32_modL1_fusion32_fusionL1_drop0p1_trmiss80_trlocclin,32,5e-05,1,32,1,0.1,lr5e-05_bs32_modL1_fusion32_fusionL1_drop0p1_trmiss80_trlocclin,51,0.3138792763153712,0.6503812372684479,0.6379310344827587,0.7612591847803775,0.6222222222222222,0.0,0.0,0.0,0.0,2002,clin,0.8
1,5,lr5e-05_bs32_modL1_fusion32_fusionL1_drop0p1_trmiss80_trlocclin,32,5e-05,1,32,1,0.1,lr5e-05_bs32_modL1_fusion32_fusionL1_drop0p1_trmiss80_trlocclin,52,0.33055586119492847,0.6515110731124878,0.6336206896551724,0.7582145817764528,0.6222222222222222,0.0,0.0,0.0,0.0,2002,clin,0.8
1,5,lr5e-05_bs32_modL1_fusion64_fusionL1_drop0p2_trmiss80_trlocclin,32,5e-05,1,64,1,0.2,lr5e-05_bs32_modL1_fusion64_fusionL1_drop0p2_trmiss80_trlocclin,1,0.7458172937234243,0.7095816433429718,0.5129310344827587,0.6578950726282075,0.3333333333333333,0.0,0.0,0.0,0.0,2002,clin,0.8
1,5,lr5e-05_bs32_modL1_fusion64_fusionL1_drop0p2_trmiss80_trlocclin,32,5e-05,1,64,1,0.2,lr5e-05_bs32_modL1_fusion64_fusionL1_drop0p2_trmiss80_trlocclin,2,0.706359734137853,0.705540120601654,0.5452586206896552,0.651834492196862,0.35555555555555557,0.0,0.0,0.0,0.0,2002,clin,0.8
1,5,lr5e-05_bs32_modL1_fusion64_fusionL1_drop0p2_trmiss80_trlocclin,32,5e-05,1,64,1,0.2,lr5e-05_bs32_modL1_fusion64_fusionL1_drop0p2_trmiss80_trlocclin,3,0.7064997553825378,0.7021484673023224,0.5646551724137931,0.6599219489595394,0.4888888888888889,0.0,0.0,0.0,0.0,2002,clin,0.8
1,5,lr5e-05_bs32_modL1_fusion64_fusionL1_drop0p2_trmiss80_trlocclin,32,5e-05,1,64,1,0.2,lr5e-05_bs32_modL1_fusion64_fusionL1_drop0p2_trmiss80_trlocclin,4,0.6697086691856384,0.69798144698143,0.5905172413793103,0.6737107743606638,0.5111111111111111,0.0,0.0,0.0,0.0,2002,clin,0.8
1,5,lr5e-05_bs32_modL1_fusion64_fusionL1_drop0p2_trmiss80_trlocclin,32,5e-05,1,64,1,0.2,lr5e-05_bs32_modL1_fusion64_fusionL1_drop0p2_trmiss80_trlocclin,5,0.6677608688672384,0.6963101029396057,0.5969827586206896,0.6794301307242411,0.4888888888888889,0.0,0.0,0.0,0.0,2002,clin,0.8
1,5,lr5e-05_bs32_modL1_fusion64_fusionL1_drop0p2_trmiss80_trlocclin,32,5e-05,1,64,1,0.2,lr5e-05_bs32_modL1_fusion64_fusionL1_drop0p2_trmiss80_trlocclin,6,0.6550901134808859,0.6944320797920227,0.6185344827586207,0.7004360860093726,0.5111111111111111,0.0,0.0,0.0,0.0,2002,clin,0.8
1,5,lr5e-05_bs32_modL1_fusion64_fusionL1_drop0p2_trmiss80_trlocclin,32,5e-05,1,64,1,0.2,lr5e-05_bs32_modL1_fusion64_fusionL1_drop0p2_trmiss80_trlocclin,7,0.6679516235987345,0.6896145045757294,0.6271551724137931,0.7055416920837134,0.5111111111111111,0.0,0.0,0.0,0.0,2002,clin,0.8
1,5,lr5e-05_bs32_modL1_fusion64_fusionL1_drop0p2_trmiss80_trlocclin,32,5e-05,1,64,1,0.2,lr5e-05_bs32_modL1_fusion64_fusionL1_drop0p2_trmiss80_trlocclin,8,0.6409305930137634,0.6879326403141022,0.6206896551724138,0.7021254028547665,0.5555555555555556,0.0,0.0,0.0,0.0,2002,clin,0.8
1,5,lr5e-05_bs32_modL1_fusion64_fusionL1_drop0p2_trmiss80_trlocclin,32,5e-05,1,64,1,0.2,lr5e-05_bs32_modL1_fusion64_fusionL1_drop0p2_trmiss80_trlocclin,9,0.6289941171805064,0.6872914731502533,0.625,0.7235288368838191,0.5333333333333333,0.0,0.0,0.0,0.0,2002,clin,0.8
1,5,lr5e-05_bs32_modL1_fusion64_fusionL1_drop0p2_trmiss80_trlocclin,32,5e-05,1,64,1,0.2,lr5e-05_bs32_modL1_fusion64_fusionL1_drop0p2_trmiss80_trlocclin,10,0.6479809482892355,0.6858062744140625,0.6314655172413793,0.727588833400712,0.5777777777777777,0.0,0.0,0.0,0.0,2002,clin,0.8
1,5,lr5e-05_bs32_modL1_fusion64_fusionL1_drop0p2_trmiss80_trlocclin,32,5e-05,1,64,1,0.2,lr5e-05_bs32_modL1_fusion64_fusionL1_drop0p2_trmiss80_trlocclin,11,0.6145040988922119,0.6853037178516388,0.6314655172413792,0.7339965113346505,0.5555555555555556,0.0,0.0,0.0,0.0,2002,clin,0.8
1,5,lr5e-05_bs32_modL1_fusion64_fusionL1_drop0p2_trmiss80_trlocclin,32,5e-05,1,64,1,0.2,lr5e-05_bs32_modL1_fusion64_fusionL1_drop0p2_trmiss80_trlocclin,12,0.6068733632564545,0.6825714409351349,0.625,0.726599946124356,0.5777777777777777,0.0,0.0,0.0,0.0,2002,clin,0.8
1,5,lr5e-05_bs32_modL1_fusion64_fusionL1_drop0p2_trmiss80_trlocclin,32,5e-05,1,64,1,0.2,lr5e-05_bs32_modL1_fusion64_fusionL1_drop0p2_trmiss80_trlocclin,13,0.601214071114858,0.6814331710338593,0.6314655172413792,0.7133533459792614,0.5777777777777777,0.0,0.0,0.0,0.0,2002,clin,0.8
1,5,lr5e-05_bs32_modL1_fusion64_fusionL1_drop0p2_trmiss80_trlocclin,32,5e-05,1,64,1,0.2,lr5e-05_bs32_modL1_fusion64_fusionL1_drop0p2_trmiss80_trlocclin,14,0.6000336706638336,0.6797842085361481,0.6357758620689655,0.7322968732303107,0.6222222222222222,0.0,0.0,0.0,0.0,2002,clin,0.8
1,5,lr5e-05_bs32_modL1_fusion64_fusionL1_drop0p2_trmiss80_trlocclin,32,5e-05,1,64,1,0.2,lr5e-05_bs32_modL1_fusion64_fusionL1_drop0p2_trmiss80_trlocclin,15,0.5925655861695608,0.6789216697216034,0.6293103448275862,0.7296551466202005,0.6222222222222222,0.0,0.0,0.0,0.0,2002,clin,0.8
1,5,lr5e-05_bs32_modL1_fusion64_fusionL1_drop0p2_trmiss80_trlocclin,32,5e-05,1,64,1,0.2,lr5e-05_bs32_modL1_fusion64_fusionL1_drop0p2_trmiss80_trlocclin,16,0.587987999121348,0.6801393926143646,0.6271551724137931,0.7262897615126713,0.6222222222222222,0.0,0.0,0.0,0.0,2002,clin,0.8
1,5,lr5e-05_bs32_modL1_fusion64_fusionL1_drop0p2_trmiss80_trlocclin,32,5e-05,1,64,1,0.2,lr5e-05_bs32_modL1_fusion64_fusionL1_drop0p2_trmiss80_trlocclin,17,0.5912195940812429,0.6795939207077026,0.6357758620689655,0.7347150323314894,0.6,0.0,0.0,0.0,0.0,2002,clin,0.8
1,5,lr5e-05_bs32_modL1_fusion64_fusionL1_drop0p2_trmiss80_trlocclin,32,5e-05,1,64,1,0.2,lr5e-05_bs32_modL1_fusion64_fusionL1_drop0p2_trmiss80_trlocclin,18,0.5786161025365194,0.6793116331100464,0.6185344827586207,0.730540906465882,0.6,0.0,0.0,0.0,0.0,2002,clin,0.8
1,5,lr5e-05_bs32_modL1_fusion64_fusionL1_drop0p2_trmiss80_trlocclin,32,5e-05,1,64,1,0.2,lr5e-05_bs32_modL1_fusion64_fusionL1_drop0p2_trmiss80_trlocclin,19,0.5601681371529897,0.6764357089996338,0.6271551724137931,0.7307075588734867,0.6,0.0,0.0,0.0,0.0,2002,clin,0.8
1,5,lr5e-05_bs32_modL1_fusion64_fusionL1_drop0p2_trmiss80_trlocclin,32,5e-05,1,64,1,0.2,lr5e-05_bs32_modL1_fusion64_fusionL1_drop0p2_trmiss80_trlocclin,20,0.5615306297938029,0.6730677783489227,0.6206896551724138,0.7204156933259488,0.6,0.0,0.0,0.0,0.0,2002,clin,0.8
1,5,lr5e-05_bs32_modL1_fusion64_fusionL1_drop0p2_trmiss80_trlocclin,32,5e-05,1,64,1,0.2,lr5e-05_bs32_modL1_fusion64_fusionL1_drop0p2_trmiss80_trlocclin,21,0.5364581048488617,0.6708664000034332,0.622844827586207,0.7187935329331737,0.6,0.0,0.0,0.0,0.0,2002,clin,0.8
1,5,lr5e-05_bs32_modL1_fusion64_fusionL1_drop0p2_trmiss80_trlocclin,32,5e-05,1,64,1,0.2,lr5e-05_bs32_modL1_fusion64_fusionL1_drop0p2_trmiss80_trlocclin,22,0.5544886986414591,0.6707646548748016,0.627155172413793,0.7390545448958349,0.6,0.0,0.0,0.0,0.0,2002,clin,0.8
1,5,lr5e-05_bs32_modL1_fusion64_fusionL1_drop0p2_trmiss80_trlocclin,32,5e-05,1,64,1,0.2,lr5e-05_bs32_modL1_fusion64_fusionL1_drop0p2_trmiss80_trlocclin,23,0.5497657308975855,0.6730173230171204,0.6163793103448276,0.7279095936507244,0.6222222222222222,0.0,0.0,0.0,0.0,2002,clin,0.8
1,5,lr5e-05_bs32_modL1_fusion64_fusionL1_drop0p2_trmiss80_trlocclin,32,5e-05,1,64,1,0.2,lr5e-05_bs32_modL1_fusion64_fusionL1_drop0p2_trmiss80_trlocclin,24,0.5446596443653107,0.6718311607837677,0.6314655172413793,0.7351578686370693,0.5777777777777777,0.0,0.0,0.0,0.0,2002,clin,0.8
1,5,lr5e-05_bs32_modL1_fusion64_fusionL1_drop0p2_trmiss80_trlocclin,32,5e-05,1,64,1,0.2,lr5e-05_bs32_modL1_fusion64_fusionL1_drop0p2_trmiss80_trlocclin,25,0.5516631205876669,0.6712209284305573,0.6379310344827587,0.73577176348402,0.6,0.0,0.0,0.0,0.0,2002,clin,0.8
1,5,lr5e-05_bs32_modL1_fusion64_fusionL1_drop0p2_trmiss80_trlocclin,32,5e-05,1,64,1,0.2,lr5e-05_bs32_modL1_fusion64_fusionL1_drop0p2_trmiss80_trlocclin,26,0.5271547933419546,0.669480562210083,0.6206896551724138,0.7251075186870717,0.6,0.0,0.0,0.0,0.0,2002,clin,0.8
1,5,lr5e-05_bs32_modL1_fusion64_fusionL1_drop0p2_trmiss80_trlocclin,32,5e-05,1,64,1,0.2,lr5e-05_bs32_modL1_fusion64_fusionL1_drop0p2_trmiss80_trlocclin,27,0.5238646566867828,0.6671684682369232,0.6185344827586207,0.7244233369684072,0.6,0.0,0.0,0.0,0.0,2002,clin,0.8
1,5,lr5e-05_bs32_modL1_fusion64_fusionL1_drop0p2_trmiss80_trlocclin,32,5e-05,1,64,1,0.2,lr5e-05_bs32_modL1_fusion64_fusionL1_drop0p2_trmiss80_trlocclin,28,0.5378850996494293,0.6606583297252655,0.6293103448275863,0.7430900227131992,0.5555555555555556,0.0,0.0,0.0,0.0,2002,clin,0.8
1,5,lr5e-05_bs32_modL1_fusion64_fusionL1_drop0p2_trmiss80_trlocclin,32,5e-05,1,64,1,0.2,lr5e-05_bs32_modL1_fusion64_fusionL1_drop0p2_trmiss80_trlocclin,29,0.5043393274148306,0.6602984368801117,0.6293103448275862,0.7465342639995328,0.5555555555555556,0.0,0.0,0.0,0.0,2002,clin,0.8
1,5,lr5e-05_bs32_modL1_fusion64_fusionL1_drop0p2_trmiss80_trlocclin,32,5e-05,1,64,1,0.2,lr5e-05_bs32_modL1_fusion64_fusionL1_drop0p2_trmiss80_trlocclin,30,0.525026316444079,0.6590656638145447,0.6336206896551724,0.7534747127592442,0.5777777777777777,0.0,0.0,0.0,0.0,2002,clin,0.8
1,5,lr5e-05_bs32_modL1_fusion64_fusionL1_drop0p2_trmiss80_trlocclin,32,5e-05,1,64,1,0.2,lr5e-05_bs32_modL1_fusion64_fusionL1_drop0p2_trmiss80_trlocclin,31,0.5019465933243433,0.6618934869766235,0.6357758620689655,0.7534126815058809,0.5555555555555556,0.0,0.0,0.0,0.0,2002,clin,0.8
1,5,lr5e-05_bs32_modL1_fusion64_fusionL1_drop0p2_trmiss80_trlocclin,32,5e-05,1,64,1,0.2,lr5e-05_bs32_modL1_fusion64_fusionL1_drop0p2_trmiss80_trlocclin,32,0.5136184791723887,0.6630476117134094,0.625,0.7341213633545499,0.5555555555555556,0.0,0.0,0.0,0.0,2002,clin,0.8
1,5,lr5e-05_bs32_modL1_fusion64_fusionL1_drop0p2_trmiss80_trlocclin,32,5e-05,1,64,1,0.2,lr5e-05_bs32_modL1_fusion64_fusionL1_drop0p2_trmiss80_trlocclin,33,0.5079512298107147,0.6619987487792969,0.6314655172413793,0.7397365210858181,0.5555555555555556,0.0,0.0,0.0,0.0,2002,clin,0.8
1,5,lr5e-05_bs32_modL1_fusion64_fusionL1_drop0p2_trmiss80_trlocclin,32,5e-05,1,64,1,0.2,lr5e-05_bs32_modL1_fusion64_fusionL1_drop0p2_trmiss80_trlocclin,34,0.49805065989494324,0.659180074930191,0.6163793103448276,0.7252887962235681,0.5555555555555556,0.0,0.0,0.0,0.0,2002,clin,0.8
1,5,lr5e-05_bs32_modL1_fusion64_fusionL1_drop0p2_trmiss80_trlocclin,32,5e-05,1,64,1,0.2,lr5e-05_bs32_modL1_fusion64_fusionL1_drop0p2_trmiss80_trlocclin,35,0.49347299337387085,0.6584097146987915,0.625,0.7351790910131798,0.6,0.0,0.0,0.0,0.0,2002,clin,0.8
1,5,lr5e-05_bs32_modL1_fusion64_fusionL1_drop0p2_trmiss80_trlocclin,32,5e-05,1,64,1,0.2,lr5e-05_bs32_modL1_fusion64_fusionL1_drop0p2_trmiss80_trlocclin,36,0.4993341366449992,0.6583573818206787,0.6271551724137931,0.7379126397872638,0.6,0.0,0.0,0.0,0.0,2002,clin,0.8
1,5,lr5e-05_bs32_modL1_fusion64_fusionL1_drop0p2_trmiss80_trlocclin,32,5e-05,1,64,1,0.2,lr5e-05_bs32_modL1_fusion64_fusionL1_drop0p2_trmiss80_trlocclin,37,0.4804198493560155,0.6567056775093079,0.6314655172413793,0.740194450023746,0.6,0.0,0.0,0.0,0.0,2002,clin,0.8
1,5,lr5e-05_bs32_modL1_fusion64_fusionL1_drop0p2_trmiss80_trlocclin,32,5e-05,1,64,1,0.2,lr5e-05_bs32_modL1_fusion64_fusionL1_drop0p2_trmiss80_trlocclin,38,0.4823973774909973,0.6528869271278381,0.6400862068965517,0.7439814212664276,0.6,0.0,0.0,0.0,0.0,2002,clin,0.8
1,5,lr5e-05_bs32_modL1_fusion64_fusionL1_drop0p2_trmiss80_trlocclin,32,5e-05,1,64,1,0.2,lr5e-05_bs32_modL1_fusion64_fusionL1_drop0p2_trmiss80_trlocclin,39,0.4715048372745514,0.6493157148361206,0.6508620689655172,0.7366870314718529,0.5777777777777777,0.0,0.0,0.0,0.0,2002,clin,0.8
1,5,lr5e-05_bs32_modL1_fusion64_fusionL1_drop0p2_trmiss80_trlocclin,32,5e-05,1,64,1,0.2,lr5e-05_bs32_modL1_fusion64_fusionL1_drop0p2_trmiss80_trlocclin,40,0.4609751949707667,0.6475517153739929,0.6357758620689654,0.7331875617464553,0.6444444444444445,0.0,0.0,0.0,0.0,2002,clin,0.8
1,5,lr5e-05_bs32_modL1_fusion64_fusionL1_drop0p2_trmiss80_trlocclin,32,5e-05,1,64,1,0.2,lr5e-05_bs32_modL1_fusion64_fusionL1_drop0p2_trmiss80_trlocclin,41,0.47590672969818115,0.6483212113380432,0.6487068965517241,0.7552708303885746,0.5777777777777777,0.0,0.0,0.0,0.0,2002,clin,0.8
1,5,lr5e-05_bs32_modL1_fusion64_fusionL1_drop0p2_trmiss80_trlocclin,32,5e-05,1,64,1,0.2,lr5e-05_bs32_modL1_fusion64_fusionL1_drop0p2_trmiss80_trlocclin,42,0.45720503230889636,0.6460312604904175,0.6551724137931034,0.7584284697333953,0.6444444444444445,0.0,0.0,0.0,0.0,2002,clin,0.8
1,5,lr5e-05_bs32_modL1_fusion64_fusionL1_drop0p2_trmiss80_trlocclin,32,5e-05,1,64,1,0.2,lr5e-05_bs32_modL1_fusion64_fusionL1_drop0p2_trmiss80_trlocclin,43,0.46365947524706524,0.6496715545654297,0.6400862068965517,0.7400911888296228,0.6222222222222222,0.0,0.0,0.0,0.0,2002,clin,0.8
1,5,lr5e-05_bs32_modL1_fusion64_fusionL1_drop0p2_trmiss80_trlocclin,32,5e-05,1,64,1,0.2,lr5e-05_bs32_modL1_fusion64_fusionL1_drop0p2_trmiss80_trlocclin,44,0.4457128594319026,0.6471517384052277,0.6271551724137931,0.7393985155120336,0.6,0.0,0.0,0.0,0.0,2002,clin,0.8
1,5,lr5e-05_bs32_modL1_fusion64_fusionL1_drop0p2_trmiss80_trlocclin,32,5e-05,1,64,1,0.2,lr5e-05_bs32_modL1_fusion64_fusionL1_drop0p2_trmiss80_trlocclin,45,0.4511008908351262,0.6451972126960754,0.6422413793103449,0.748470007157645,0.6,0.0,0.0,0.0,0.0,2002,clin,0.8
1,5,lr5e-05_bs32_modL1_fusion64_fusionL1_drop0p2_trmiss80_trlocclin,32,5e-05,1,64,1,0.2,lr5e-05_bs32_modL1_fusion64_fusionL1_drop0p2_trmiss80_trlocclin,46,0.4271679222583771,0.648352324962616,0.6400862068965517,0.7358173615618535,0.6444444444444445,0.0,0.0,0.0,0.0,2002,clin,0.8
1,5,lr5e-05_bs32_modL1_fusion64_fusionL1_drop0p2_trmiss80_trlocclin,32,5e-05,1,64,1,0.2,lr5e-05_bs32_modL1_fusion64_fusionL1_drop0p2_trmiss80_trlocclin,47,0.42234043776988983,0.6498529314994812,0.6487068965517242,0.7498919027477722,0.6222222222222222,0.0,0.0,0.0,0.0,2002,clin,0.8
1,5,lr5e-05_bs32_modL1_fusion64_fusionL1_drop0p2_trmiss80_trlocclin,32,5e-05,1,64,1,0.2,lr5e-05_bs32_modL1_fusion64_fusionL1_drop0p2_trmiss80_trlocclin,48,0.4284295439720154,0.6477577090263367,0.6637931034482759,0.7670925078788872,0.6222222222222222,0.0,0.0,0.0,0.0,2002,clin,0.8
1,5,lr5e-05_bs32_modL1_fusion64_fusionL1_drop0p2_trmiss80_trlocclin,32,5e-05,1,64,1,0.2,lr5e-05_bs32_modL1_fusion64_fusionL1_drop0p2_trmiss80_trlocclin,49,0.4219980190197627,0.6425613760948181,0.6745689655172413,0.7755370572687642,0.6,0.0,0.0,0.0,0.0,2002,clin,0.8
1,5,lr5e-05_bs32_modL1_fusion64_fusionL1_drop0p2_trmiss80_trlocclin,32,5e-05,1,64,1,0.2,lr5e-05_bs32_modL1_fusion64_fusionL1_drop0p2_trmiss80_trlocclin,50,0.4145495444536209,0.6378744840621948,0.6594827586206896,0.7604204921225165,0.6222222222222222,0.0,0.0,0.0,0.0,2002,clin,0.8
1,5,lr5e-05_bs32_modL1_fusion64_fusionL1_drop0p2_trmiss80_trlocclin,32,5e-05,1,64,1,0.2,lr5e-05_bs32_modL1_fusion64_fusionL1_drop0p2_trmiss80_trlocclin,51,0.41554099321365356,0.637802243232727,0.6681034482758621,0.7655185484576764,0.6222222222222222,0.0,0.0,0.0,0.0,2002,clin,0.8
1,5,lr5e-05_bs32_modL1_fusion64_fusionL1_drop0p2_trmiss80_trlocclin,32,5e-05,1,64,1,0.2,lr5e-05_bs32_modL1_fusion64_fusionL1_drop0p2_trmiss80_trlocclin,52,0.40402380625406903,0.6433082222938538,0.6551724137931034,0.7532807014343207,0.6444444444444445,0.0,0.0,0.0,0.0,2002,clin,0.8
1,5,lr5e-05_bs32_modL1_fusion64_fusionL1_drop0p2_trmiss80_trlocclin,32,5e-05,1,64,1,0.2,lr5e-05_bs32_modL1_fusion64_fusionL1_drop0p2_trmiss80_trlocclin,53,0.4137522528568904,0.6414783596992493,0.6594827586206897,0.7461653141209897,0.6444444444444445,0.0,0.0,0.0,0.0,2002,clin,0.8
1,5,lr5e-05_bs32_modL1_fusion64_fusionL1_drop0p2_trmiss80_trlocclin,32,5e-05,1,64,1,0.2,lr5e-05_bs32_modL1_fusion64_fusionL1_drop0p2_trmiss80_trlocclin,54,0.39793460071086884,0.6366752982139587,0.6745689655172413,0.766502883804576,0.6,0.0,0.0,0.0,0.0,2002,clin,0.8
1,5,lr5e-05_bs32_modL1_fusion64_fusionL1_drop0p2_trmiss80_trlocclin,32,5e-05,1,64,1,0.2,lr5e-05_bs32_modL1_fusion64_fusionL1_drop0p2_trmiss80_trlocclin,55,0.39387547473112744,0.6385567486286163,0.6616379310344828,0.7636055847402489,0.6,0.0,0.0,0.0,0.0,2002,clin,0.8
1,5,lr5e-05_bs32_modL1_fusion64_fusionL1_drop0p2_trmiss80_trlocclin,32,5e-05,1,64,1,0.2,lr5e-05_bs32_modL1_fusion64_fusionL1_drop0p2_trmiss80_trlocclin,56,0.37649545073509216,0.6392284333705902,0.6594827586206896,0.7621835095330894,0.5777777777777777,0.0,0.0,0.0,0.0,2002,clin,0.8
1,5,lr5e-05_bs32_modL1_fusion64_fusionL1_drop0p2_trmiss80_trlocclin,32,5e-05,1,64,1,0.2,lr5e-05_bs32_modL1_fusion64_fusionL1_drop0p2_trmiss80_trlocclin,57,0.39860249559084576,0.6455692648887634,0.6379310344827587,0.7244223122586256,0.5777777777777777,0.0,0.0,0.0,0.0,2002,clin,0.8
1,5,lr5e-05_bs32_modL1_fusion64_fusionL1_drop0p2_trmiss80_trlocclin,32,5e-05,1,64,1,0.2,lr5e-05_bs32_modL1_fusion64_fusionL1_drop0p2_trmiss80_trlocclin,58,0.38459772368272144,0.6460075080394745,0.6400862068965517,0.7285089819058613,0.6666666666666666,0.0,0.0,0.0,0.0,2002,clin,0.8
1,5,lr5e-05_bs32_modL1_fusion64_fusionL1_drop0p2_trmiss80_trlocclin,32,5e-05,1,64,1,0.2,lr5e-05_bs32_modL1_fusion64_fusionL1_drop0p2_trmiss80_trlocclin,59,0.38966187834739685,0.6459325551986694,0.6336206896551724,0.7402344240345132,0.6222222222222222,0.0,0.0,0.0,0.0,2002,clin,0.8
1,5,lr5e-05_bs32_modL1_fusion64_fusionL1_drop0p2_trmiss80_trlocclin,32,5e-05,1,64,1,0.2,lr5e-05_bs32_modL1_fusion64_fusionL1_drop0p2_trmiss80_trlocclin,60,0.38448981444040936,0.6441973745822906,0.6271551724137931,0.7526221845997529,0.6222222222222222,0.0,0.0,0.0,0.0,2002,clin,0.8
1,5,lr5e-05_bs32_modL1_fusion64_fusionL1_drop0p2_trmiss80_trlocclin,32,5e-05,1,64,1,0.2,lr5e-05_bs32_modL1_fusion64_fusionL1_drop0p2_trmiss80_trlocclin,61,0.3678097277879715,0.6434042155742645,0.625,0.7494449086029876,0.6,0.0,0.0,0.0,0.0,2002,clin,0.8
1,5,lr5e-05_bs32_modL1_fusion64_fusionL1_drop0p2_trmiss80_trlocclin,32,5e-05,1,64,1,0.2,lr5e-05_bs32_modL1_fusion64_fusionL1_drop0p2_trmiss80_trlocclin,62,0.3648872971534729,0.6387633681297302,0.6379310344827587,0.7608298210335044,0.6,0.0,0.0,0.0,0.0,2002,clin,0.8
1,5,lr5e-05_bs32_modL1_fusion64_fusionL1_drop0p2_trmiss80_trlocclin,32,5e-05,1,64,1,0.2,lr5e-05_bs32_modL1_fusion64_fusionL1_drop0p2_trmiss80_trlocclin,63,0.3661654492219289,0.6357373595237732,0.6422413793103449,0.757938969012294,0.6222222222222222,0.0,0.0,0.0,0.0,2002,clin,0.8
1,5,lr5e-05_bs32_modL1_fusion64_fusionL1_drop0p2_trmiss80_trlocclin,32,5e-05,1,64,1,0.2,lr5e-05_bs32_modL1_fusion64_fusionL1_drop0p2_trmiss80_trlocclin,64,0.3599410206079483,0.6323570907115936,0.6594827586206897,0.7696820118359456,0.6444444444444445,0.0,0.0,0.0,0.0,2002,clin,0.8
1,5,lr5e-05_bs32_modL1_fusion64_fusionL1_drop0p2_trmiss80_trlocclin,32,5e-05,1,64,1,0.2,lr5e-05_bs32_modL1_fusion64_fusionL1_drop0p2_trmiss80_trlocclin,65,0.36401329437891644,0.6311924457550049,0.6616379310344828,0.7723982751759412,0.6888888888888889,0.0,0.0,0.0,0.0,2002,clin,0.8
1,5,lr5e-05_bs32_modL1_fusion64_fusionL1_drop0p2_trmiss80_trlocclin,32,5e-05,1,64,1,0.2,lr5e-05_bs32_modL1_fusion64_fusionL1_drop0p2_trmiss80_trlocclin,66,0.3630079428354899,0.6322726607322693,0.6594827586206897,0.765127305632543,0.6888888888888889,0.0,0.0,0.0,0.0,2002,clin,0.8
1,5,lr5e-05_bs32_modL1_fusion64_fusionL1_drop0p2_trmiss80_trlocclin,32,5e-05,1,64,1,0.2,lr5e-05_bs32_modL1_fusion64_fusionL1_drop0p2_trmiss80_trlocclin,67,0.3665047436952591,0.6372928023338318,0.6551724137931034,0.7567619149681067,0.6444444444444445,0.0,0.0,0.0,0.0,2002,clin,0.8
1,5,lr5e-05_bs32_modL1_fusion64_fusionL1_drop0p2_trmiss80_trlocclin,32,5e-05,1,64,1,0.2,lr5e-05_bs32_modL1_fusion64_fusionL1_drop0p2_trmiss80_trlocclin,68,0.3534504721562068,0.6359042525291443,0.6508620689655173,0.7554090307551818,0.6888888888888889,0.0,0.0,0.0,0.0,2002,clin,0.8
1,5,lr5e-05_bs32_modL1_fusion64_fusionL1_drop0p2_trmiss80_trlocclin,32,5e-05,1,64,1,0.2,lr5e-05_bs32_modL1_fusion64_fusionL1_drop0p2_trmiss80_trlocclin,69,0.3678169747193654,0.635150134563446,0.6487068965517242,0.7438415078397782,0.6666666666666666,0.0,0.0,0.0,0.0,2002,clin,0.8
1,5,lr5e-05_bs32_modL1_fusion64_fusionL1_drop0p2_trmiss80_trlocclin,32,5e-05,1,64,1,0.2,lr5e-05_bs32_modL1_fusion64_fusionL1_drop0p2_trmiss80_trlocclin,70,0.3614273965358734,0.6321537494659424,0.6551724137931034,0.7648521064365836,0.6666666666666666,0.0,0.0,0.0,0.0,2002,clin,0.8
1,5,lr5e-05_bs32_modL1_fusion64_fusionL1_drop0p2_trmiss80_trlocclin,32,5e-05,1,64,1,0.2,lr5e-05_bs32_modL1_fusion64_fusionL1_drop0p2_trmiss80_trlocclin,71,0.3424249142408371,0.6311531960964203,0.665948275862069,0.7763476361442573,0.6444444444444445,0.0,0.0,0.0,0.0,2002,clin,0.8
1,5,lr5e-05_bs32_modL1_fusion64_fusionL1_drop0p2_trmiss80_trlocclin,32,5e-05,1,64,1,0.2,lr5e-05_bs32_modL1_fusion64_fusionL1_drop0p2_trmiss80_trlocclin,72,0.3402717411518097,0.6301498115062714,0.665948275862069,0.7743195152954732,0.6666666666666666,0.0,0.0,0.0,0.0,2002,clin,0.8
1,5,lr5e-05_bs32_modL1_fusion64_fusionL1_drop0p2_trmiss80_trlocclin,32,5e-05,1,64,1,0.2,lr5e-05_bs32_modL1_fusion64_fusionL1_drop0p2_trmiss80_trlocclin,73,0.344767505923907,0.6314031779766083,0.665948275862069,0.772239313171019,0.6444444444444445,0.0,0.0,0.0,0.0,2002,clin,0.8
1,5,lr5e-05_bs32_modL1_fusion64_fusionL1_drop0p2_trmiss80_trlocclin,32,5e-05,1,64,1,0.2,lr5e-05_bs32_modL1_fusion64_fusionL1_drop0p2_trmiss80_trlocclin,74,0.3529854416847229,0.6335910260677338,0.6637931034482758,0.7669898674761438,0.6222222222222222,0.0,0.0,0.0,0.0,2002,clin,0.8
1,5,lr5e-05_bs32_modL1_fusion64_fusionL1_drop0p1_trmiss80_trlocclin,32,5e-05,1,64,1,0.1,lr5e-05_bs32_modL1_fusion64_fusionL1_drop0p1_trmiss80_trlocclin,1,0.6832186182339987,0.6827779114246368,0.5193965517241379,0.6535325419961734,0.6444444444444445,0.0,0.0,0.0,0.0,2002,clin,0.8
1,5,lr5e-05_bs32_modL1_fusion64_fusionL1_drop0p1_trmiss80_trlocclin,32,5e-05,1,64,1,0.1,lr5e-05_bs32_modL1_fusion64_fusionL1_drop0p1_trmiss80_trlocclin,2,0.6546864112218221,0.6802742779254913,0.5495689655172413,0.6629744748424075,0.6,0.0,0.0,0.0,0.0,2002,clin,0.8
1,5,lr5e-05_bs32_modL1_fusion64_fusionL1_drop0p1_trmiss80_trlocclin,32,5e-05,1,64,1,0.1,lr5e-05_bs32_modL1_fusion64_fusionL1_drop0p1_trmiss80_trlocclin,3,0.6410858233769735,0.6768087148666382,0.5732758620689655,0.6895930863574707,0.6222222222222222,0.0,0.0,0.0,0.0,2002,clin,0.8
1,5,lr5e-05_bs32_modL1_fusion64_fusionL1_drop0p1_trmiss80_trlocclin,32,5e-05,1,64,1,0.1,lr5e-05_bs32_modL1_fusion64_fusionL1_drop0p1_trmiss80_trlocclin,4,0.6118842959403992,0.6743038594722748,0.5926724137931035,0.7248190943723223,0.6444444444444445,0.0,0.0,0.0,0.0,2002,clin,0.8
1,5,lr5e-05_bs32_modL1_fusion64_fusionL1_drop0p1_trmiss80_trlocclin,32,5e-05,1,64,1,0.1,lr5e-05_bs32_modL1_fusion64_fusionL1_drop0p1_trmiss80_trlocclin,5,0.6241998473803202,0.6716589331626892,0.5969827586206895,0.7154892291777639,0.6444444444444445,0.0,0.0,0.0,0.0,2002,clin,0.8
1,5,lr5e-05_bs32_modL1_fusion64_fusionL1_drop0p1_trmiss80_trlocclin,32,5e-05,1,64,1,0.1,lr5e-05_bs32_modL1_fusion64_fusionL1_drop0p1_trmiss80_trlocclin,6,0.5936069985230764,0.6683375239372253,0.605603448275862,0.7269345253039046,0.6444444444444445,0.0,0.0,0.0,0.0,2002,clin,0.8
1,5,lr5e-05_bs32_modL1_fusion64_fusionL1_drop0p1_trmiss80_trlocclin,32,5e-05,1,64,1,0.1,lr5e-05_bs32_modL1_fusion64_fusionL1_drop0p1_trmiss80_trlocclin,7,0.594807634751002,0.6644559800624847,0.6077586206896552,0.725816207725396,0.6444444444444445,0.0,0.0,0.0,0.0,2002,clin,0.8
1,5,lr5e-05_bs32_modL1_fusion64_fusionL1_drop0p1_trmiss80_trlocclin,32,5e-05,1,64,1,0.1,lr5e-05_bs32_modL1_fusion64_fusionL1_drop0p1_trmiss80_trlocclin,8,0.572993646065394,0.6607883870601654,0.6206896551724138,0.7379631261340487,0.6444444444444445,0.0,0.0,0.0,0.0,2002,clin,0.8
1,5,lr5e-05_bs32_modL1_fusion64_fusionL1_drop0p1_trmiss80_trlocclin,32,5e-05,1,64,1,0.1,lr5e-05_bs32_modL1_fusion64_fusionL1_drop0p1_trmiss80_trlocclin,9,0.5640700062115988,0.6599221229553223,0.625,0.7512975617384664,0.6444444444444445,0.0,0.0,0.0,0.0,2002,clin,0.8
1,5,lr5e-05_bs32_modL1_fusion64_fusionL1_drop0p1_trmiss80_trlocclin,32,5e-05,1,64,1,0.1,lr5e-05_bs32_modL1_fusion64_fusionL1_drop0p1_trmiss80_trlocclin,10,0.5467372934023539,0.6576587557792664,0.6357758620689655,0.7542956806401694,0.6444444444444445,0.0,0.0,0.0,0.0,2002,clin,0.8
1,5,lr5e-05_bs32_modL1_fusion64_fusionL1_drop0p1_trmiss80_trlocclin,32,5e-05,1,64,1,0.1,lr5e-05_bs32_modL1_fusion64_fusionL1_drop0p1_trmiss80_trlocclin,11,0.5419145772854487,0.6566528081893921,0.6142241379310345,0.7331388518515138,0.6444444444444445,0.0,0.0,0.0,0.0,2002,clin,0.8
1,5,lr5e-05_bs32_modL1_fusion64_fusionL1_drop0p1_trmiss80_trlocclin,32,5e-05,1,64,1,0.1,lr5e-05_bs32_modL1_fusion64_fusionL1_drop0p1_trmiss80_trlocclin,12,0.5480930308500925,0.6542250216007233,0.6228448275862069,0.7413040075740519,0.6444444444444445,0.0,0.0,0.0,0.0,2002,clin,0.8
1,5,lr5e-05_bs32_modL1_fusion64_fusionL1_drop0p1_trmiss80_trlocclin,32,5e-05,1,64,1,0.1,lr5e-05_bs32_modL1_fusion64_fusionL1_drop0p1_trmiss80_trlocclin,13,0.5300857226053873,0.6511839032173157,0.6422413793103449,0.752374612588153,0.6444444444444445,0.0,0.0,0.0,0.0,2002,clin,0.8
1,5,lr5e-05_bs32_modL1_fusion64_fusionL1_drop0p1_trmiss80_trlocclin,32,5e-05,1,64,1,0.1,lr5e-05_bs32_modL1_fusion64_fusionL1_drop0p1_trmiss80_trlocclin,14,0.5179675618807474,0.6485584676265717,0.6745689655172413,0.7769051329676645,0.6666666666666666,0.0,0.0,0.0,0.0,2002,clin,0.8
1,5,lr5e-05_bs32_modL1_fusion64_fusionL1_drop0p1_trmiss80_trlocclin,32,5e-05,1,64,1,0.1,lr5e-05_bs32_modL1_fusion64_fusionL1_drop0p1_trmiss80_trlocclin,15,0.5276710987091064,0.6470588147640228,0.6745689655172413,0.7810407961550517,0.6666666666666666,0.0,0.0,0.0,0.0,2002,clin,0.8
1,5,lr5e-05_bs32_modL1_fusion64_fusionL1_drop0p1_trmiss80_trlocclin,32,5e-05,1,64,1,0.1,lr5e-05_bs32_modL1_fusion64_fusionL1_drop0p1_trmiss80_trlocclin,16,0.5003349830706915,0.6453754305839539,0.6918103448275862,0.801848556424489,0.6666666666666666,0.0,0.0,0.0,0.0,2002,clin,0.8
1,5,lr5e-05_bs32_modL1_fusion64_fusionL1_drop0p1_trmiss80_trlocclin,32,5e-05,1,64,1,0.1,lr5e-05_bs32_modL1_fusion64_fusionL1_drop0p1_trmiss80_trlocclin,17,0.4976661552985509,0.6417059004306793,0.6939655172413793,0.8017774374914187,0.6444444444444445,0.0,0.0,0.0,0.0,2002,clin,0.8
1,5,lr5e-05_bs32_modL1_fusion64_fusionL1_drop0p1_trmiss80_trlocclin,32,5e-05,1,64,1,0.1,lr5e-05_bs32_modL1_fusion64_fusionL1_drop0p1_trmiss80_trlocclin,18,0.4830024689435959,0.6397670209407806,0.6939655172413793,0.8051531204393187,0.6666666666666666,0.0,0.0,0.0,0.0,2002,clin,0.8
1,5,lr5e-05_bs32_modL1_fusion64_fusionL1_drop0p1_trmiss80_trlocclin,32,5e-05,1,64,1,0.1,lr5e-05_bs32_modL1_fusion64_fusionL1_drop0p1_trmiss80_trlocclin,19,0.47546859085559845,0.6387837529182434,0.6982758620689655,0.8028619206029862,0.6888888888888889,0.0,0.0,0.0,0.0,2002,clin,0.8
1,5,lr5e-05_bs32_modL1_fusion64_fusionL1_drop0p1_trmiss80_trlocclin,32,5e-05,1,64,1,0.1,lr5e-05_bs32_modL1_fusion64_fusionL1_drop0p1_trmiss80_trlocclin,20,0.46881231665611267,0.6377854943275452,0.6961206896551725,0.8069820389931484,0.6666666666666666,0.0,0.0,0.0,0.0,2002,clin,0.8
1,5,lr5e-05_bs32_modL1_fusion64_fusionL1_drop0p1_trmiss80_trlocclin,32,5e-05,1,64,1,0.1,lr5e-05_bs32_modL1_fusion64_fusionL1_drop0p1_trmiss80_trlocclin,21,0.46764955917994183,0.6358548998832703,0.7004310344827586,0.8055566292632701,0.6666666666666666,0.0,0.0,0.0,0.0,2002,clin,0.8
1,5,lr5e-05_bs32_modL1_fusion64_fusionL1_drop0p1_trmiss80_trlocclin,32,5e-05,1,64,1,0.1,lr5e-05_bs32_modL1_fusion64_fusionL1_drop0p1_trmiss80_trlocclin,22,0.45434901614983875,0.6325131952762604,0.7047413793103448,0.8196985349798596,0.6888888888888889,0.0,0.0,0.0,0.0,2002,clin,0.8
1,5,lr5e-05_bs32_modL1_fusion64_fusionL1_drop0p1_trmiss80_trlocclin,32,5e-05,1,64,1,0.1,lr5e-05_bs32_modL1_fusion64_fusionL1_drop0p1_trmiss80_trlocclin,23,0.4533577760060628,0.6325271129608154,0.7068965517241379,0.823387069978915,0.6888888888888889,0.0,0.0,0.0,0.0,2002,clin,0.8
1,5,lr5e-05_bs32_modL1_fusion64_fusionL1_drop0p1_trmiss80_trlocclin,32,5e-05,1,64,1,0.1,lr5e-05_bs32_modL1_fusion64_fusionL1_drop0p1_trmiss80_trlocclin,24,0.44977640608946484,0.6356859505176544,0.6961206896551724,0.8179105875506163,0.6888888888888889,0.0,0.0,0.0,0.0,2002,clin,0.8
1,5,lr5e-05_bs32_modL1_fusion64_fusionL1_drop0p1_trmiss80_trlocclin,32,5e-05,1,64,1,0.1,lr5e-05_bs32_modL1_fusion64_fusionL1_drop0p1_trmiss80_trlocclin,25,0.4437783757845561,0.6356694996356964,0.6831896551724138,0.8090233519640915,0.6666666666666666,0.0,0.0,0.0,0.0,2002,clin,0.8
1,5,lr5e-05_bs32_modL1_fusion64_fusionL1_drop0p1_trmiss80_trlocclin,32,5e-05,1,64,1,0.1,lr5e-05_bs32_modL1_fusion64_fusionL1_drop0p1_trmiss80_trlocclin,26,0.4310518850882848,0.6366360485553741,0.6767241379310345,0.798586638956909,0.6666666666666666,0.0,0.0,0.0,0.0,2002,clin,0.8
1,5,lr5e-05_bs32_modL1_fusion64_fusionL1_drop0p1_trmiss80_trlocclin,32,5e-05,1,64,1,0.1,lr5e-05_bs32_modL1_fusion64_fusionL1_drop0p1_trmiss80_trlocclin,27,0.4315032164255778,0.6384005844593048,0.6745689655172414,0.7803726778721224,0.6888888888888889,0.0,0.0,0.0,0.0,2002,clin,0.8
1,5,lr5e-05_bs32_modL1_fusion64_fusionL1_drop0p1_trmiss80_trlocclin,32,5e-05,1,64,1,0.1,lr5e-05_bs32_modL1_fusion64_fusionL1_drop0p1_trmiss80_trlocclin,28,0.4294986327489217,0.6394060254096985,0.6810344827586207,0.7867461732884614,0.6888888888888889,0.0,0.0,0.0,0.0,2002,clin,0.8
1,5,lr5e-05_bs32_modL1_fusion64_fusionL1_drop0p1_trmiss80_trlocclin,32,5e-05,1,64,1,0.1,lr5e-05_bs32_modL1_fusion64_fusionL1_drop0p1_trmiss80_trlocclin,29,0.41723210612932843,0.6377153992652893,0.6896551724137931,0.8007120525128077,0.7111111111111111,0.0,0.0,0.0,0.0,2002,clin,0.8
1,5,lr5e-05_bs32_modL1_fusion64_fusionL1_drop0p1_trmiss80_trlocclin,32,5e-05,1,64,1,0.1,lr5e-05_bs32_modL1_fusion64_fusionL1_drop0p1_trmiss80_trlocclin,30,0.4265832155942917,0.6335102021694183,0.6961206896551724,0.8059358081520949,0.6666666666666666,0.0,0.0,0.0,0.0,2002,clin,0.8
1,5,lr5e-05_bs32_modL1_fusion64_fusionL1_drop0p1_trmiss80_trlocclin,32,5e-05,1,64,1,0.1,lr5e-05_bs32_modL1_fusion64_fusionL1_drop0p1_trmiss80_trlocclin,31,0.4264421761035919,0.6319116055965424,0.6918103448275862,0.8002898208325048,0.6666666666666666,0.0,0.0,0.0,0.0,2002,clin,0.8
1,5,lr5e-05_bs32_modL1_fusion64_fusionL1_drop0p1_trmiss80_trlocclin,32,5e-05,1,64,1,0.1,lr5e-05_bs32_modL1_fusion64_fusionL1_drop0p1_trmiss80_trlocclin,32,0.4071806271870931,0.6354049146175385,0.6788793103448276,0.7864830714572629,0.6888888888888889,0.0,0.0,0.0,0.0,2002,clin,0.8
1,5,lr5e-05_bs32_modL1_fusion64_fusionL1_drop0p1_trmiss80_trlocclin,32,5e-05,1,64,1,0.1,lr5e-05_bs32_modL1_fusion64_fusionL1_drop0p1_trmiss80_trlocclin,33,0.41309528549512226,0.6388615369796753,0.6745689655172414,0.7825355146660381,0.6888888888888889,0.0,0.0,0.0,0.0,2002,clin,0.8
1,5,lr5e-05_bs32_modL1_fusion64_fusionL1_drop0p1_trmiss80_trlocclin,32,5e-05,1,64,1,0.1,lr5e-05_bs32_modL1_fusion64_fusionL1_drop0p1_trmiss80_trlocclin,34,0.40774476031462353,0.6382573544979095,0.6702586206896551,0.7769571607328091,0.6666666666666666,0.0,0.0,0.0,0.0,2002,clin,0.8
1,5,lr5e-05_bs32_modL1_fusion64_fusionL1_drop0p1_trmiss80_trlocclin,32,5e-05,1,64,1,0.1,lr5e-05_bs32_modL1_fusion64_fusionL1_drop0p1_trmiss80_trlocclin,35,0.40317384401957196,0.6353166401386261,0.6788793103448276,0.7818021579713154,0.6666666666666666,0.0,0.0,0.0,0.0,2002,clin,0.8
1,5,lr5e-05_bs32_modL1_fusion64_fusionL1_drop0p1_trmiss80_trlocclin,32,5e-05,1,64,1,0.1,lr5e-05_bs32_modL1_fusion64_fusionL1_drop0p1_trmiss80_trlocclin,36,0.40046823024749756,0.6326692402362823,0.6982758620689655,0.8006901346179126,0.6666666666666666,0.0,0.0,0.0,0.0,2002,clin,0.8
1,5,lr5e-05_bs32_modL1_fusion64_fusionL1_drop0p1_trmiss80_trlocclin,32,5e-05,1,64,1,0.1,lr5e-05_bs32_modL1_fusion64_fusionL1_drop0p1_trmiss80_trlocclin,37,0.3895283490419388,0.6334637999534607,0.7004310344827586,0.797752435544694,0.6666666666666666,0.0,0.0,0.0,0.0,2002,clin,0.8
1,5,lr5e-05_bs32_modL1_fusion64_fusionL1_drop0p1_trmiss80_trlocclin,32,5e-05,1,64,1,0.1,lr5e-05_bs32_modL1_fusion64_fusionL1_drop0p1_trmiss80_trlocclin,38,0.39411372939745587,0.6325989067554474,0.6874999999999999,0.7992765666759979,0.6444444444444445,0.0,0.0,0.0,0.0,2002,clin,0.8
1,5,lr5e-05_bs32_modL1_fusion64_fusionL1_drop0p1_trmiss80_trlocclin,32,5e-05,1,64,1,0.1,lr5e-05_bs32_modL1_fusion64_fusionL1_drop0p1_trmiss80_trlocclin,39,0.38423465689023334,0.630634069442749,0.6982758620689655,0.8062509694308001,0.6666666666666666,0.0,0.0,0.0,0.0,2002,clin,0.8
1,5,lr5e-05_bs32_modL1_fusion64_fusionL1_drop0p1_trmiss80_trlocclin,32,5e-05,1,64,1,0.1,lr5e-05_bs32_modL1_fusion64_fusionL1_drop0p1_trmiss80_trlocclin,40,0.38508035739262897,0.6314702332019806,0.7025862068965517,0.8061332454733995,0.6888888888888889,0.0,0.0,0.0,0.0,2002,clin,0.8
1,5,lr5e-05_bs32_modL1_fusion64_fusionL1_drop0p1_trmiss80_trlocclin,32,5e-05,1,64,1,0.1,lr5e-05_bs32_modL1_fusion64_fusionL1_drop0p1_trmiss80_trlocclin,41,0.3925122221310933,0.6334008872509003,0.7004310344827586,0.8055690523436706,0.6444444444444445,0.0,0.0,0.0,0.0,2002,clin,0.8
1,5,lr5e-05_bs32_modL1_fusion64_fusionL1_drop0p1_trmiss80_trlocclin,32,5e-05,1,64,1,0.1,lr5e-05_bs32_modL1_fusion64_fusionL1_drop0p1_trmiss80_trlocclin,42,0.3666499654452006,0.6324951946735382,0.6982758620689655,0.8044455464975261,0.6666666666666666,0.0,0.0,0.0,0.0,2002,clin,0.8
1,5,lr5e-05_bs32_modL1_fusion64_fusionL1_drop0p1_trmiss80_trlocclin,32,5e-05,1,64,1,0.1,lr5e-05_bs32_modL1_fusion64_fusionL1_drop0p1_trmiss80_trlocclin,43,0.37817735473314923,0.630328506231308,0.6982758620689655,0.7966405780140259,0.6666666666666666,0.0,0.0,0.0,0.0,2002,clin,0.8
1,5,lr1e-04_bs32_modL1_fusion32_fusionL1_drop0p2_trmiss80_trlocclin,32,0.0001,1,32,1,0.2,lr1e-04_bs32_modL1_fusion32_fusionL1_drop0p2_trmiss80_trlocclin,1,0.7127881050109863,0.693795919418335,0.5323275862068966,0.7320977906269709,0.4444444444444444,0.0,0.0,0.0,0.0,2002,clin,0.8
1,5,lr1e-04_bs32_modL1_fusion32_fusionL1_drop0p2_trmiss80_trlocclin,32,0.0001,1,32,1,0.2,lr1e-04_bs32_modL1_fusion32_fusionL1_drop0p2_trmiss80_trlocclin,2,0.6887430747350057,0.6885759234428406,0.5581896551724138,0.7465196166755277,0.4666666666666667,0.0,0.0,0.0,0.0,2002,clin,0.8
1,5,lr1e-04_bs32_modL1_fusion32_fusionL1_drop0p2_trmiss80_trlocclin,32,0.0001,1,32,1,0.2,lr1e-04_bs32_modL1_fusion32_fusionL1_drop0p2_trmiss80_trlocclin,3,0.6508463223775228,0.6819017827510834,0.5840517241379309,0.757984520341682,0.4888888888888889,0.0,0.0,0.0,0.0,2002,clin,0.8
1,5,lr1e-04_bs32_modL1_fusion32_fusionL1_drop0p2_trmiss80_trlocclin,32,0.0001,1,32,1,0.2,lr1e-04_bs32_modL1_fusion32_fusionL1_drop0p2_trmiss80_trlocclin,4,0.6469259262084961,0.6746523976325989,0.5969827586206896,0.7618337972702697,0.4888888888888889,0.0,0.0,0.0,0.0,2002,clin,0.8
1,5,lr1e-04_bs32_modL1_fusion32_fusionL1_drop0p2_trmiss80_trlocclin,32,0.0001,1,32,1,0.2,lr1e-04_bs32_modL1_fusion32_fusionL1_drop0p2_trmiss80_trlocclin,5,0.6258649428685507,0.6735028624534607,0.5862068965517242,0.7523260607534287,0.5111111111111111,0.0,0.0,0.0,0.0,2002,clin,0.8
1,5,lr1e-04_bs32_modL1_fusion32_fusionL1_drop0p2_trmiss80_trlocclin,32,0.0001,1,32,1,0.2,lr1e-04_bs32_modL1_fusion32_fusionL1_drop0p2_trmiss80_trlocclin,6,0.606919139623642,0.6730610430240631,0.5646551724137931,0.7401155930831481,0.5111111111111111,0.0,0.0,0.0,0.0,2002,clin,0.8
1,5,lr1e-04_bs32_modL1_fusion32_fusionL1_drop0p2_trmiss80_trlocclin,32,0.0001,1,32,1,0.2,lr1e-04_bs32_modL1_fusion32_fusionL1_drop0p2_trmiss80_trlocclin,7,0.5842593014240265,0.6704571843147278,0.5581896551724138,0.7416621896978294,0.5333333333333333,0.0,0.0,0.0,0.0,2002,clin,0.8
1,5,lr1e-04_bs32_modL1_fusion32_fusionL1_drop0p2_trmiss80_trlocclin,32,0.0001,1,32,1,0.2,lr1e-04_bs32_modL1_fusion32_fusionL1_drop0p2_trmiss80_trlocclin,8,0.5778678854306539,0.6686733365058899,0.5883620689655172,0.7522742348907715,0.5777777777777777,0.0,0.0,0.0,0.0,2002,clin,0.8
1,5,lr1e-04_bs32_modL1_fusion32_fusionL1_drop0p2_trmiss80_trlocclin,32,0.0001,1,32,1,0.2,lr1e-04_bs32_modL1_fusion32_fusionL1_drop0p2_trmiss80_trlocclin,9,0.5796948571999868,0.6666541695594788,0.6099137931034482,0.7623014135816931,0.5777777777777777,0.0,0.0,0.0,0.0,2002,clin,0.8
1,5,lr1e-04_bs32_modL1_fusion32_fusionL1_drop0p2_trmiss80_trlocclin,32,0.0001,1,32,1,0.2,lr1e-04_bs32_modL1_fusion32_fusionL1_drop0p2_trmiss80_trlocclin,10,0.5690419872601827,0.6664411127567291,0.584051724137931,0.7423741150892046,0.5111111111111111,0.0,0.0,0.0,0.0,2002,clin,0.8
1,5,lr1e-04_bs32_modL1_fusion32_fusionL1_drop0p2_trmiss80_trlocclin,32,0.0001,1,32,1,0.2,lr1e-04_bs32_modL1_fusion32_fusionL1_drop0p2_trmiss80_trlocclin,11,0.5562264323234558,0.6646367609500885,0.5991379310344828,0.7502981401485599,0.5111111111111111,0.0,0.0,0.0,0.0,2002,clin,0.8
1,5,lr1e-04_bs32_modL1_fusion32_fusionL1_drop0p2_trmiss80_trlocclin,32,0.0001,1,32,1,0.2,lr1e-04_bs32_modL1_fusion32_fusionL1_drop0p2_trmiss80_trlocclin,12,0.5496836006641388,0.663703978061676,0.6099137931034483,0.7561540340986422,0.5111111111111111,0.0,0.0,0.0,0.0,2002,clin,0.8
1,5,lr1e-04_bs32_modL1_fusion32_fusionL1_drop0p2_trmiss80_trlocclin,32,0.0001,1,32,1,0.2,lr1e-04_bs32_modL1_fusion32_fusionL1_drop0p2_trmiss80_trlocclin,13,0.5322734713554382,0.6601832509040833,0.6206896551724138,0.7601528263075018,0.5777777777777777,0.0,0.0,0.0,0.0,2002,clin,0.8
1,5,lr1e-04_bs32_modL1_fusion32_fusionL1_drop0p2_trmiss80_trlocclin,32,0.0001,1,32,1,0.2,lr1e-04_bs32_modL1_fusion32_fusionL1_drop0p2_trmiss80_trlocclin,14,0.5324435830116272,0.6587886810302734,0.6142241379310345,0.7554506441167795,0.6,0.0,0.0,0.0,0.0,2002,clin,0.8
1,5,lr1e-04_bs32_modL1_fusion32_fusionL1_drop0p2_trmiss80_trlocclin,32,0.0001,1,32,1,0.2,lr1e-04_bs32_modL1_fusion32_fusionL1_drop0p2_trmiss80_trlocclin,15,0.5212151805559794,0.6564247608184814,0.6357758620689654,0.7645952385447471,0.5777777777777777,0.0,0.0,0.0,0.0,2002,clin,0.8
1,5,lr1e-04_bs32_modL1_fusion32_fusionL1_drop0p2_trmiss80_trlocclin,32,0.0001,1,32,1,0.2,lr1e-04_bs32_modL1_fusion32_fusionL1_drop0p2_trmiss80_trlocclin,16,0.5156995554765066,0.6565309464931488,0.6379310344827587,0.7801328916795895,0.6,0.0,0.0,0.0,0.0,2002,clin,0.8
1,5,lr1e-04_bs32_modL1_fusion32_fusionL1_drop0p2_trmiss80_trlocclin,32,0.0001,1,32,1,0.2,lr1e-04_bs32_modL1_fusion32_fusionL1_drop0p2_trmiss80_trlocclin,17,0.5079101075728735,0.6595355868339539,0.6012931034482759,0.7497365787966321,0.5555555555555556,0.0,0.0,0.0,0.0,2002,clin,0.8
1,5,lr1e-04_bs32_modL1_fusion32_fusionL1_drop0p2_trmiss80_trlocclin,32,0.0001,1,32,1,0.2,lr1e-04_bs32_modL1_fusion32_fusionL1_drop0p2_trmiss80_trlocclin,18,0.49972280363241833,0.6577686071395874,0.6314655172413793,0.7723778602965536,0.6666666666666666,0.0,0.0,0.0,0.0,2002,clin,0.8
1,5,lr1e-04_bs32_modL1_fusion32_fusionL1_drop0p2_trmiss80_trlocclin,32,0.0001,1,32,1,0.2,lr1e-04_bs32_modL1_fusion32_fusionL1_drop0p2_trmiss80_trlocclin,19,0.48031199475129444,0.6545563638210297,0.6530172413793103,0.7854407475406502,0.6666666666666666,0.0,0.0,0.0,0.0,2002,clin,0.8
1,5,lr1e-04_bs32_modL1_fusion32_fusionL1_drop0p2_trmiss80_trlocclin,32,0.0001,1,32,1,0.2,lr1e-04_bs32_modL1_fusion32_fusionL1_drop0p2_trmiss80_trlocclin,20,0.4757591982682546,0.6539365351200104,0.6594827586206896,0.7904231333704554,0.6,0.0,0.0,0.0,0.0,2002,clin,0.8
1,5,lr1e-04_bs32_modL1_fusion32_fusionL1_drop0p2_trmiss80_trlocclin,32,0.0001,1,32,1,0.2,lr1e-04_bs32_modL1_fusion32_fusionL1_drop0p2_trmiss80_trlocclin,21,0.479811355471611,0.653078019618988,0.6422413793103449,0.7791213404830428,0.6444444444444445,0.0,0.0,0.0,0.0,2002,clin,0.8
1,5,lr1e-04_bs32_modL1_fusion32_fusionL1_drop0p2_trmiss80_trlocclin,32,0.0001,1,32,1,0.2,lr1e-04_bs32_modL1_fusion32_fusionL1_drop0p2_trmiss80_trlocclin,22,0.4778275191783905,0.6546957194805145,0.6422413793103449,0.7791952103697612,0.6222222222222222,0.0,0.0,0.0,0.0,2002,clin,0.8
1,5,lr1e-04_bs32_modL1_fusion32_fusionL1_drop0p2_trmiss80_trlocclin,32,0.0001,1,32,1,0.2,lr1e-04_bs32_modL1_fusion32_fusionL1_drop0p2_trmiss80_trlocclin,23,0.46696196993192035,0.6564472019672394,0.6508620689655172,0.783332388373305,0.6222222222222222,0.0,0.0,0.0,0.0,2002,clin,0.8
1,5,lr1e-04_bs32_modL1_fusion32_fusionL1_drop0p2_trmiss80_trlocclin,32,0.0001,1,32,1,0.2,lr1e-04_bs32_modL1_fusion32_fusionL1_drop0p2_trmiss80_trlocclin,24,0.46117297808329266,0.6528648138046265,0.6573275862068966,0.7854744054023488,0.6222222222222222,0.0,0.0,0.0,0.0,2002,clin,0.8
1,5,lr1e-04_bs32_modL1_fusion32_fusionL1_drop0p2_trmiss80_trlocclin,32,0.0001,1,32,1,0.2,lr1e-04_bs32_modL1_fusion32_fusionL1_drop0p2_trmiss80_trlocclin,25,0.4520636647939682,0.6490347981452942,0.6810344827586207,0.7900220328330352,0.6444444444444445,0.0,0.0,0.0,0.0,2002,clin,0.8
1,5,lr1e-04_bs32_modL1_fusion32_fusionL1_drop0p2_trmiss80_trlocclin,32,0.0001,1,32,1,0.2,lr1e-04_bs32_modL1_fusion32_fusionL1_drop0p2_trmiss80_trlocclin,26,0.4348008433977763,0.6481721997261047,0.6357758620689655,0.747047879382145,0.6444444444444445,0.0,0.0,0.0,0.0,2002,clin,0.8
1,5,lr1e-04_bs32_modL1_fusion32_fusionL1_drop0p2_trmiss80_trlocclin,32,0.0001,1,32,1,0.2,lr1e-04_bs32_modL1_fusion32_fusionL1_drop0p2_trmiss80_trlocclin,27,0.45290308197339374,0.6455219984054565,0.6681034482758621,0.767812564812168,0.6666666666666666,0.0,0.0,0.0,0.0,2002,clin,0.8
1,5,lr1e-04_bs32_modL1_fusion32_fusionL1_drop0p2_trmiss80_trlocclin,32,0.0001,1,32,1,0.2,lr1e-04_bs32_modL1_fusion32_fusionL1_drop0p2_trmiss80_trlocclin,28,0.43712223569552106,0.6423134505748749,0.6616379310344828,0.7647634162572142,0.6666666666666666,0.0,0.0,0.0,0.0,2002,clin,0.8
1,5,lr1e-04_bs32_modL1_fusion32_fusionL1_drop0p2_trmiss80_trlocclin,32,0.0001,1,32,1,0.2,lr1e-04_bs32_modL1_fusion32_fusionL1_drop0p2_trmiss80_trlocclin,29,0.43536238372325897,0.6430477201938629,0.6702586206896552,0.7731712407867436,0.6444444444444445,0.0,0.0,0.0,0.0,2002,clin,0.8
1,5,lr1e-04_bs32_modL1_fusion32_fusionL1_drop0p2_trmiss80_trlocclin,32,0.0001,1,32,1,0.2,lr1e-04_bs32_modL1_fusion32_fusionL1_drop0p2_trmiss80_trlocclin,30,0.4292829434076945,0.6433417201042175,0.6724137931034483,0.7732831222889985,0.6666666666666666,0.0,0.0,0.0,0.0,2002,clin,0.8
1,5,lr1e-04_bs32_modL1_fusion32_fusionL1_drop0p2_trmiss80_trlocclin,32,0.0001,1,32,1,0.2,lr1e-04_bs32_modL1_fusion32_fusionL1_drop0p2_trmiss80_trlocclin,31,0.4186996916929881,0.6444412767887115,0.6508620689655172,0.7670637660451384,0.6444444444444445,0.0,0.0,0.0,0.0,2002,clin,0.8
1,5,lr1e-04_bs32_modL1_fusion32_fusionL1_drop0p2_trmiss80_trlocclin,32,0.0001,1,32,1,0.2,lr1e-04_bs32_modL1_fusion32_fusionL1_drop0p2_trmiss80_trlocclin,32,0.41692405939102173,0.6502682268619537,0.6271551724137931,0.748017460325816,0.6222222222222222,0.0,0.0,0.0,0.0,2002,clin,0.8
1,5,lr1e-04_bs32_modL1_fusion32_fusionL1_drop0p2_trmiss80_trlocclin,32,0.0001,1,32,1,0.2,lr1e-04_bs32_modL1_fusion32_fusionL1_drop0p2_trmiss80_trlocclin,33,0.4065028876066208,0.651619166135788,0.6271551724137931,0.7494348783008785,0.6444444444444445,0.0,0.0,0.0,0.0,2002,clin,0.8
1,5,lr1e-04_bs32_modL1_fusion32_fusionL1_drop0p2_trmiss80_trlocclin,32,0.0001,1,32,1,0.2,lr1e-04_bs32_modL1_fusion32_fusionL1_drop0p2_trmiss80_trlocclin,34,0.40671177705128986,0.6507944464683533,0.6400862068965517,0.7565965874245376,0.6444444444444445,0.0,0.0,0.0,0.0,2002,clin,0.8
1,5,lr1e-04_bs32_modL1_fusion32_fusionL1_drop0p2_trmiss80_trlocclin,32,0.0001,1,32,1,0.2,lr1e-04_bs32_modL1_fusion32_fusionL1_drop0p2_trmiss80_trlocclin,35,0.3936934471130371,0.6516523957252502,0.6293103448275862,0.7560245826093592,0.6444444444444445,0.0,0.0,0.0,0.0,2002,clin,0.8
1,5,lr1e-04_bs32_modL1_fusion32_fusionL1_drop0p2_trmiss80_trlocclin,32,0.0001,1,32,1,0.2,lr1e-04_bs32_modL1_fusion32_fusionL1_drop0p2_trmiss80_trlocclin,36,0.4021150122086207,0.6493274569511414,0.627155172413793,0.7513992020589996,0.6222222222222222,0.0,0.0,0.0,0.0,2002,clin,0.8
1,5,lr1e-04_bs32_modL1_fusion32_fusionL1_drop0p2_trmiss80_trlocclin,32,0.0001,1,32,1,0.2,lr1e-04_bs32_modL1_fusion32_fusionL1_drop0p2_trmiss80_trlocclin,37,0.39207518597443897,0.6473606824874878,0.646551724137931,0.7684173392661617,0.6444444444444445,0.0,0.0,0.0,0.0,2002,clin,0.8
1,5,lr1e-04_bs32_modL1_fusion32_fusionL1_drop0p2_trmiss80_trlocclin,32,0.0001,1,32,1,0.2,lr1e-04_bs32_modL1_fusion32_fusionL1_drop0p2_trmiss80_trlocclin,38,0.38264991839726764,0.6482217907905579,0.6508620689655172,0.769858960250538,0.6444444444444445,0.0,0.0,0.0,0.0,2002,clin,0.8
1,5,lr1e-04_bs32_modL1_fusion32_fusionL1_drop0p2_trmiss80_trlocclin,32,0.0001,1,32,1,0.2,lr1e-04_bs32_modL1_fusion32_fusionL1_drop0p2_trmiss80_trlocclin,39,0.38574692110220593,0.6505984663963318,0.6530172413793104,0.7680906572099402,0.6444444444444445,0.0,0.0,0.0,0.0,2002,clin,0.8
1,5,lr1e-04_bs32_modL1_fusion32_fusionL1_drop0p2_trmiss80_trlocclin,32,0.0001,1,32,1,0.2,lr1e-04_bs32_modL1_fusion32_fusionL1_drop0p2_trmiss80_trlocclin,40,0.3895331968863805,0.6503031849861145,0.6443965517241379,0.7568726768180073,0.6222222222222222,0.0,0.0,0.0,0.0,2002,clin,0.8
1,5,lr1e-04_bs32_modL1_fusion32_fusionL1_drop0p2_trmiss80_trlocclin,32,0.0001,1,32,1,0.2,lr1e-04_bs32_modL1_fusion32_fusionL1_drop0p2_trmiss80_trlocclin,41,0.3856420964002609,0.6509122252464294,0.6379310344827586,0.7548487304927906,0.6222222222222222,0.0,0.0,0.0,0.0,2002,clin,0.8
1,5,lr1e-04_bs32_modL1_fusion32_fusionL1_drop0p2_trmiss80_trlocclin,32,0.0001,1,32,1,0.2,lr1e-04_bs32_modL1_fusion32_fusionL1_drop0p2_trmiss80_trlocclin,42,0.39151803652445477,0.6485579609870911,0.668103448275862,0.7741203060140094,0.6444444444444445,0.0,0.0,0.0,0.0,2002,clin,0.8
1,5,lr1e-04_bs32_modL1_fusion32_fusionL1_drop0p2_trmiss80_trlocclin,32,0.0001,1,32,1,0.2,lr1e-04_bs32_modL1_fusion32_fusionL1_drop0p2_trmiss80_trlocclin,43,0.3691726376612981,0.6472082436084747,0.6745689655172413,0.7795396645057472,0.6888888888888889,0.0,0.0,0.0,0.0,2002,clin,0.8
1,5,lr1e-04_bs32_modL1_fusion32_fusionL1_drop0p2_trmiss80_trlocclin,32,0.0001,1,32,1,0.2,lr1e-04_bs32_modL1_fusion32_fusionL1_drop0p2_trmiss80_trlocclin,44,0.3837549885114034,0.6474786102771759,0.6637931034482758,0.7711865385383495,0.6666666666666666,0.0,0.0,0.0,0.0,2002,clin,0.8
1,5,lr1e-04_bs32_modL1_fusion32_fusionL1_drop0p2_trmiss80_trlocclin,32,0.0001,1,32,1,0.2,lr1e-04_bs32_modL1_fusion32_fusionL1_drop0p2_trmiss80_trlocclin,45,0.37995199859142303,0.6485603153705597,0.646551724137931,0.7583707556257852,0.6666666666666666,0.0,0.0,0.0,0.0,2002,clin,0.8
1,5,lr1e-04_bs32_modL1_fusion32_fusionL1_drop0p1_trmiss80_trlocclin,32,0.0001,1,32,1,0.1,lr1e-04_bs32_modL1_fusion32_fusionL1_drop0p1_trmiss80_trlocclin,1,0.7142720818519592,0.6931135356426239,0.5237068965517241,0.6335272470451445,0.5333333333333333,0.0,0.0,0.0,0.0,2002,clin,0.8
1,5,lr1e-04_bs32_modL1_fusion32_fusionL1_drop0p1_trmiss80_trlocclin,32,0.0001,1,32,1,0.1,lr1e-04_bs32_modL1_fusion32_fusionL1_drop0p1_trmiss80_trlocclin,2,0.6481907367706299,0.6822490692138672,0.5732758620689654,0.7067569113756943,0.5777777777777777,0.0,0.0,0.0,0.0,2002,clin,0.8
1,5,lr1e-04_bs32_modL1_fusion32_fusionL1_drop0p1_trmiss80_trlocclin,32,0.0001,1,32,1,0.1,lr1e-04_bs32_modL1_fusion32_fusionL1_drop0p1_trmiss80_trlocclin,3,0.6153868436813354,0.672733873128891,0.6314655172413793,0.7646824267347607,0.6222222222222222,0.0,0.0,0.0,0.0,2002,clin,0.8
1,5,lr1e-04_bs32_modL1_fusion32_fusionL1_drop0p1_trmiss80_trlocclin,32,0.0001,1,32,1,0.1,lr1e-04_bs32_modL1_fusion32_fusionL1_drop0p1_trmiss80_trlocclin,4,0.5981576442718506,0.6629319489002228,0.6573275862068966,0.7972553992859768,0.6444444444444445,0.0,0.0,0.0,0.0,2002,clin,0.8
1,5,lr1e-04_bs32_modL1_fusion32_fusionL1_drop0p1_trmiss80_trlocclin,32,0.0001,1,32,1,0.1,lr1e-04_bs32_modL1_fusion32_fusionL1_drop0p1_trmiss80_trlocclin,5,0.5725274781386057,0.6509380638599396,0.6961206896551724,0.8294735052804354,0.6444444444444445,0.0,0.0,0.0,0.0,2002,clin,0.8
1,5,lr1e-04_bs32_modL1_fusion32_fusionL1_drop0p1_trmiss80_trlocclin,32,0.0001,1,32,1,0.1,lr1e-04_bs32_modL1_fusion32_fusionL1_drop0p1_trmiss80_trlocclin,6,0.5469265381495158,0.641776829957962,0.7090517241379309,0.8389804339706672,0.6444444444444445,0.0,0.0,0.0,0.0,2002,clin,0.8
1,5,lr1e-04_bs32_modL1_fusion32_fusionL1_drop0p1_trmiss80_trlocclin,32,0.0001,1,32,1,0.1,lr1e-04_bs32_modL1_fusion32_fusionL1_drop0p1_trmiss80_trlocclin,7,0.5412754913171133,0.637436717748642,0.709051724137931,0.839078492747066,0.6222222222222222,0.0,0.0,0.0,0.0,2002,clin,0.8
1,5,lr1e-04_bs32_modL1_fusion32_fusionL1_drop0p1_trmiss80_trlocclin,32,0.0001,1,32,1,0.1,lr1e-04_bs32_modL1_fusion32_fusionL1_drop0p1_trmiss80_trlocclin,8,0.522373785575231,0.6299565732479095,0.7133620689655172,0.8457319645980779,0.5777777777777777,0.0,0.0,0.0,0.0,2002,clin,0.8
1,5,lr1e-04_bs32_modL1_fusion32_fusionL1_drop0p1_trmiss80_trlocclin,32,0.0001,1,32,1,0.1,lr1e-04_bs32_modL1_fusion32_fusionL1_drop0p1_trmiss80_trlocclin,9,0.5139821916818619,0.6242800354957581,0.7413793103448276,0.8643852476425238,0.6,0.0,0.0,0.0,0.0,2002,clin,0.8
1,5,lr1e-04_bs32_modL1_fusion32_fusionL1_drop0p1_trmiss80_trlocclin,32,0.0001,1,32,1,0.1,lr1e-04_bs32_modL1_fusion32_fusionL1_drop0p1_trmiss80_trlocclin,10,0.4937700827916463,0.6174994707107544,0.7349137931034483,0.8656299578377313,0.6,0.0,0.0,0.0,0.0,2002,clin,0.8
1,5,lr1e-04_bs32_modL1_fusion32_fusionL1_drop0p1_trmiss80_trlocclin,32,0.0001,1,32,1,0.1,lr1e-04_bs32_modL1_fusion32_fusionL1_drop0p1_trmiss80_trlocclin,11,0.4812876532475154,0.6136495471000671,0.7456896551724138,0.8699355863138405,0.6666666666666666,0.0,0.0,0.0,0.0,2002,clin,0.8
1,5,lr1e-04_bs32_modL1_fusion32_fusionL1_drop0p1_trmiss80_trlocclin,32,0.0001,1,32,1,0.1,lr1e-04_bs32_modL1_fusion32_fusionL1_drop0p1_trmiss80_trlocclin,12,0.46566090484460193,0.6118601858615875,0.7543103448275862,0.8731290422669846,0.6444444444444445,0.0,0.0,0.0,0.0,2002,clin,0.8
1,5,lr1e-04_bs32_modL1_fusion32_fusionL1_drop0p1_trmiss80_trlocclin,32,0.0001,1,32,1,0.1,lr1e-04_bs32_modL1_fusion32_fusionL1_drop0p1_trmiss80_trlocclin,13,0.46704792479674023,0.6097888350486755,0.7521551724137931,0.8686665221258132,0.6222222222222222,0.0,0.0,0.0,0.0,2002,clin,0.8
1,5,lr1e-04_bs32_modL1_fusion32_fusionL1_drop0p1_trmiss80_trlocclin,32,0.0001,1,32,1,0.1,lr1e-04_bs32_modL1_fusion32_fusionL1_drop0p1_trmiss80_trlocclin,14,0.44451703627904254,0.6111193895339966,0.7586206896551724,0.8689973180903652,0.6666666666666666,0.0,0.0,0.0,0.0,2002,clin,0.8
1,5,lr1e-04_bs32_modL1_fusion32_fusionL1_drop0p1_trmiss80_trlocclin,32,0.0001,1,32,1,0.1,lr1e-04_bs32_modL1_fusion32_fusionL1_drop0p1_trmiss80_trlocclin,15,0.4383181730906169,0.609246701002121,0.7650862068965517,0.8710512599114242,0.7333333333333333,0.0,0.0,0.0,0.0,2002,clin,0.8
1,5,lr1e-04_bs32_modL1_fusion32_fusionL1_drop0p1_trmiss80_trlocclin,32,0.0001,1,32,1,0.1,lr1e-04_bs32_modL1_fusion32_fusionL1_drop0p1_trmiss80_trlocclin,16,0.43532004952430725,0.6115463376045227,0.7456896551724138,0.8547753598213359,0.7555555555555555,0.0,0.0,0.0,0.0,2002,clin,0.8
1,5,lr1e-04_bs32_modL1_fusion32_fusionL1_drop0p1_trmiss80_trlocclin,32,0.0001,1,32,1,0.1,lr1e-04_bs32_modL1_fusion32_fusionL1_drop0p1_trmiss80_trlocclin,17,0.4253093898296356,0.6097812950611115,0.7262931034482759,0.8433675618852521,0.7333333333333333,0.0,0.0,0.0,0.0,2002,clin,0.8
1,5,lr1e-04_bs32_modL1_fusion32_fusionL1_drop0p1_trmiss80_trlocclin,32,0.0001,1,32,1,0.1,lr1e-04_bs32_modL1_fusion32_fusionL1_drop0p1_trmiss80_trlocclin,18,0.41811662912368774,0.6086573898792267,0.7435344827586207,0.8527408315930503,0.7111111111111111,0.0,0.0,0.0,0.0,2002,clin,0.8
1,5,lr1e-04_bs32_modL1_fusion32_fusionL1_drop0p1_trmiss80_trlocclin,32,0.0001,1,32,1,0.1,lr1e-04_bs32_modL1_fusion32_fusionL1_drop0p1_trmiss80_trlocclin,19,0.4049275467793147,0.6120658218860626,0.747844827586207,0.8567770733217352,0.7111111111111111,0.0,0.0,0.0,0.0,2002,clin,0.8
1,5,lr1e-04_bs32_modL1_fusion32_fusionL1_drop0p1_trmiss80_trlocclin,32,0.0001,1,32,1,0.1,lr1e-04_bs32_modL1_fusion32_fusionL1_drop0p1_trmiss80_trlocclin,20,0.38910195728143054,0.6100720465183258,0.752155172413793,0.8634805052939796,0.7333333333333333,0.0,0.0,0.0,0.0,2002,clin,0.8
1,5,lr1e-04_bs32_modL1_fusion32_fusionL1_drop0p1_trmiss80_trlocclin,32,0.0001,1,32,1,0.1,lr1e-04_bs32_modL1_fusion32_fusionL1_drop0p1_trmiss80_trlocclin,21,0.3883691231409709,0.61171093583107,0.7456896551724137,0.8580718669480543,0.6888888888888889,0.0,0.0,0.0,0.0,2002,clin,0.8
1,5,lr1e-04_bs32_modL1_fusion32_fusionL1_drop0p1_trmiss80_trlocclin,32,0.0001,1,32,1,0.1,lr1e-04_bs32_modL1_fusion32_fusionL1_drop0p1_trmiss80_trlocclin,22,0.37869155903657276,0.6129979491233826,0.7262931034482758,0.8394032361581372,0.6666666666666666,0.0,0.0,0.0,0.0,2002,clin,0.8
1,5,lr1e-04_bs32_modL1_fusion32_fusionL1_drop0p1_trmiss80_trlocclin,32,0.0001,1,32,1,0.1,lr1e-04_bs32_modL1_fusion32_fusionL1_drop0p1_trmiss80_trlocclin,23,0.36917439103126526,0.6117042899131775,0.7176724137931034,0.831337319326718,0.7333333333333333,0.0,0.0,0.0,0.0,2002,clin,0.8
1,5,lr1e-04_bs32_modL1_fusion32_fusionL1_drop0p1_trmiss80_trlocclin,32,0.0001,1,32,1,0.1,lr1e-04_bs32_modL1_fusion32_fusionL1_drop0p1_trmiss80_trlocclin,24,0.37328800062338513,0.6013692617416382,0.7262931034482759,0.8340848182150704,0.7333333333333333,0.0,0.0,0.0,0.0,2002,clin,0.8
1,5,lr1e-04_bs32_modL1_fusion32_fusionL1_drop0p1_trmiss80_trlocclin,32,0.0001,1,32,1,0.1,lr1e-04_bs32_modL1_fusion32_fusionL1_drop0p1_trmiss80_trlocclin,25,0.3706184873978297,0.5953853130340576,0.7327586206896552,0.835158576608884,0.7333333333333333,0.0,0.0,0.0,0.0,2002,clin,0.8
1,5,lr1e-04_bs32_modL1_fusion32_fusionL1_drop0p1_trmiss80_trlocclin,32,0.0001,1,32,1,0.1,lr1e-04_bs32_modL1_fusion32_fusionL1_drop0p1_trmiss80_trlocclin,26,0.35851718485355377,0.5972531735897064,0.7219827586206896,0.8284662475031299,0.7333333333333333,0.0,0.0,0.0,0.0,2002,clin,0.8
1,5,lr1e-04_bs32_modL1_fusion32_fusionL1_drop0p1_trmiss80_trlocclin,32,0.0001,1,32,1,0.1,lr1e-04_bs32_modL1_fusion32_fusionL1_drop0p1_trmiss80_trlocclin,27,0.34893953800201416,0.5994880795478821,0.7349137931034483,0.8343954364495236,0.7555555555555555,0.0,0.0,0.0,0.0,2002,clin,0.8
1,5,lr1e-04_bs32_modL1_fusion32_fusionL1_drop0p1_trmiss80_trlocclin,32,0.0001,1,32,1,0.1,lr1e-04_bs32_modL1_fusion32_fusionL1_drop0p1_trmiss80_trlocclin,28,0.3428588757912318,0.6123918890953064,0.709051724137931,0.8164668804968152,0.6666666666666666,0.0,0.0,0.0,0.0,2002,clin,0.8
1,5,lr1e-04_bs32_modL1_fusion32_fusionL1_drop0p1_trmiss80_trlocclin,32,0.0001,1,32,1,0.1,lr1e-04_bs32_modL1_fusion32_fusionL1_drop0p1_trmiss80_trlocclin,29,0.3359556595484416,0.605722188949585,0.728448275862069,0.826476938070557,0.6888888888888889,0.0,0.0,0.0,0.0,2002,clin,0.8
1,5,lr1e-04_bs32_modL1_fusion32_fusionL1_drop0p1_trmiss80_trlocclin,32,0.0001,1,32,1,0.1,lr1e-04_bs32_modL1_fusion32_fusionL1_drop0p1_trmiss80_trlocclin,30,0.3431204954783122,0.6038795113563538,0.747844827586207,0.8392466059077375,0.6666666666666666,0.0,0.0,0.0,0.0,2002,clin,0.8
1,5,lr1e-04_bs32_modL1_fusion32_fusionL1_drop0p1_trmiss80_trlocclin,32,0.0001,1,32,1,0.1,lr1e-04_bs32_modL1_fusion32_fusionL1_drop0p1_trmiss80_trlocclin,31,0.3230402320623398,0.601058304309845,0.752155172413793,0.8459045261983436,0.7333333333333333,0.0,0.0,0.0,0.0,2002,clin,0.8
1,5,lr1e-04_bs32_modL1_fusion32_fusionL1_drop0p1_trmiss80_trlocclin,32,0.0001,1,32,1,0.1,lr1e-04_bs32_modL1_fusion32_fusionL1_drop0p1_trmiss80_trlocclin,32,0.3136754383643468,0.5998150706291199,0.7456896551724138,0.8411909197622145,0.7111111111111111,0.0,0.0,0.0,0.0,2002,clin,0.8
1,5,lr1e-04_bs32_modL1_fusion32_fusionL1_drop0p1_trmiss80_trlocclin,32,0.0001,1,32,1,0.1,lr1e-04_bs32_modL1_fusion32_fusionL1_drop0p1_trmiss80_trlocclin,33,0.3173081378142039,0.6035153269767761,0.7262931034482759,0.834361137849974,0.7111111111111111,0.0,0.0,0.0,0.0,2002,clin,0.8
1,5,lr1e-04_bs32_modL1_fusion32_fusionL1_drop0p1_trmiss80_trlocclin,32,0.0001,1,32,1,0.1,lr1e-04_bs32_modL1_fusion32_fusionL1_drop0p1_trmiss80_trlocclin,34,0.30904053648312885,0.6029442250728607,0.7262931034482758,0.829810797192607,0.7111111111111111,0.0,0.0,0.0,0.0,2002,clin,0.8
1,5,lr1e-04_bs32_modL1_fusion32_fusionL1_drop0p1_trmiss80_trlocclin,32,0.0001,1,32,1,0.1,lr1e-04_bs32_modL1_fusion32_fusionL1_drop0p1_trmiss80_trlocclin,35,0.3104803015788396,0.6050237119197845,0.7327586206896551,0.8326901548335266,0.7111111111111111,0.0,0.0,0.0,0.0,2002,clin,0.8
1,5,lr1e-04_bs32_modL1_fusion64_fusionL1_drop0p2_trmiss80_trlocclin,32,0.0001,1,64,1,0.2,lr1e-04_bs32_modL1_fusion64_fusionL1_drop0p2_trmiss80_trlocclin,1,0.8309940298398336,0.7168424427509308,0.5452586206896552,0.745859938439912,0.35555555555555557,0.0,0.0,0.0,0.0,2002,clin,0.8
1,5,lr1e-04_bs32_modL1_fusion64_fusionL1_drop0p2_trmiss80_trlocclin,32,0.0001,1,64,1,0.2,lr1e-04_bs32_modL1_fusion64_fusionL1_drop0p2_trmiss80_trlocclin,2,0.7653536895910898,0.721141517162323,0.5387931034482758,0.7307630559096712,0.37777777777777777,0.0,0.0,0.0,0.0,2002,clin,0.8
1,5,lr1e-04_bs32_modL1_fusion64_fusionL1_drop0p2_trmiss80_trlocclin,32,0.0001,1,64,1,0.2,lr1e-04_bs32_modL1_fusion64_fusionL1_drop0p2_trmiss80_trlocclin,3,0.7355919480323792,0.720890462398529,0.5689655172413792,0.7347317586270081,0.4222222222222222,0.0,0.0,0.0,0.0,2002,clin,0.8
1,5,lr1e-04_bs32_modL1_fusion64_fusionL1_drop0p2_trmiss80_trlocclin,32,0.0001,1,64,1,0.2,lr1e-04_bs32_modL1_fusion64_fusionL1_drop0p2_trmiss80_trlocclin,4,0.6916638215382894,0.7176680266857147,0.5991379310344828,0.7486441357447756,0.4222222222222222,0.0,0.0,0.0,0.0,2002,clin,0.8
1,5,lr1e-04_bs32_modL1_fusion64_fusionL1_drop0p2_trmiss80_trlocclin,32,0.0001,1,64,1,0.2,lr1e-04_bs32_modL1_fusion64_fusionL1_drop0p2_trmiss80_trlocclin,5,0.6800275246302286,0.7160018384456635,0.5948275862068966,0.7400885116387091,0.4,0.0,0.0,0.0,0.0,2002,clin,0.8
1,5,lr1e-04_bs32_modL1_fusion64_fusionL1_drop0p2_trmiss80_trlocclin,32,0.0001,1,64,1,0.2,lr1e-04_bs32_modL1_fusion64_fusionL1_drop0p2_trmiss80_trlocclin,6,0.6582725942134857,0.7149639427661896,0.6077586206896552,0.7484584308180442,0.4,0.0,0.0,0.0,0.0,2002,clin,0.8
1,5,lr1e-04_bs32_modL1_fusion64_fusionL1_drop0p2_trmiss80_trlocclin,32,0.0001,1,64,1,0.2,lr1e-04_bs32_modL1_fusion64_fusionL1_drop0p2_trmiss80_trlocclin,7,0.6345375776290894,0.7139360010623932,0.5969827586206897,0.7401381859043191,0.4444444444444444,0.0,0.0,0.0,0.0,2002,clin,0.8
1,5,lr1e-04_bs32_modL1_fusion64_fusionL1_drop0p2_trmiss80_trlocclin,32,0.0001,1,64,1,0.2,lr1e-04_bs32_modL1_fusion64_fusionL1_drop0p2_trmiss80_trlocclin,8,0.6430643399556478,0.7126336097717285,0.584051724137931,0.7254737482263881,0.4,0.0,0.0,0.0,0.0,2002,clin,0.8
1,5,lr1e-04_bs32_modL1_fusion64_fusionL1_drop0p2_trmiss80_trlocclin,32,0.0001,1,64,1,0.2,lr1e-04_bs32_modL1_fusion64_fusionL1_drop0p2_trmiss80_trlocclin,9,0.609723428885142,0.7085545361042023,0.5969827586206897,0.7404648631137822,0.4222222222222222,0.0,0.0,0.0,0.0,2002,clin,0.8
1,5,lr1e-04_bs32_modL1_fusion64_fusionL1_drop0p2_trmiss80_trlocclin,32,0.0001,1,64,1,0.2,lr1e-04_bs32_modL1_fusion64_fusionL1_drop0p2_trmiss80_trlocclin,10,0.5949710309505463,0.7075152397155762,0.5905172413793104,0.7454537640139158,0.4222222222222222,0.0,0.0,0.0,0.0,2002,clin,0.8
1,5,lr1e-04_bs32_modL1_fusion64_fusionL1_drop0p2_trmiss80_trlocclin,32,0.0001,1,64,1,0.2,lr1e-04_bs32_modL1_fusion64_fusionL1_drop0p2_trmiss80_trlocclin,11,0.5663815339406332,0.705955982208252,0.6012931034482759,0.7484358344656592,0.4444444444444444,0.0,0.0,0.0,0.0,2002,clin,0.8
1,5,lr1e-04_bs32_modL1_fusion64_fusionL1_drop0p2_trmiss80_trlocclin,32,0.0001,1,64,1,0.2,lr1e-04_bs32_modL1_fusion64_fusionL1_drop0p2_trmiss80_trlocclin,12,0.5481047679980596,0.7037555873394012,0.6185344827586207,0.7686490527328913,0.4888888888888889,0.0,0.0,0.0,0.0,2002,clin,0.8
1,5,lr1e-04_bs32_modL1_fusion64_fusionL1_drop0p2_trmiss80_trlocclin,32,0.0001,1,64,1,0.2,lr1e-04_bs32_modL1_fusion64_fusionL1_drop0p2_trmiss80_trlocclin,13,0.5697344938913981,0.7046816349029541,0.5905172413793104,0.7621894834574028,0.4888888888888889,0.0,0.0,0.0,0.0,2002,clin,0.8
1,5,lr1e-04_bs32_modL1_fusion64_fusionL1_drop0p2_trmiss80_trlocclin,32,0.0001,1,64,1,0.2,lr1e-04_bs32_modL1_fusion64_fusionL1_drop0p2_trmiss80_trlocclin,14,0.53020508090655,0.7020105123519897,0.5905172413793103,0.7668237759578076,0.4666666666666667,0.0,0.0,0.0,0.0,2002,clin,0.8
1,5,lr1e-04_bs32_modL1_fusion64_fusionL1_drop0p2_trmiss80_trlocclin,32,0.0001,1,64,1,0.2,lr1e-04_bs32_modL1_fusion64_fusionL1_drop0p2_trmiss80_trlocclin,15,0.5135282278060913,0.6988779902458191,0.5732758620689655,0.7490874707407831,0.4888888888888889,0.0,0.0,0.0,0.0,2002,clin,0.8
1,5,lr1e-04_bs32_modL1_fusion64_fusionL1_drop0p2_trmiss80_trlocclin,32,0.0001,1,64,1,0.2,lr1e-04_bs32_modL1_fusion64_fusionL1_drop0p2_trmiss80_trlocclin,16,0.5144421259562174,0.6935606896877289,0.5862068965517242,0.7469302497458752,0.4666666666666667,0.0,0.0,0.0,0.0,2002,clin,0.8
1,5,lr1e-04_bs32_modL1_fusion64_fusionL1_drop0p2_trmiss80_trlocclin,32,0.0001,1,64,1,0.2,lr1e-04_bs32_modL1_fusion64_fusionL1_drop0p2_trmiss80_trlocclin,17,0.5021565059820811,0.6860330700874329,0.6206896551724138,0.7744919998926112,0.4666666666666667,0.0,0.0,0.0,0.0,2002,clin,0.8
1,5,lr1e-04_bs32_modL1_fusion64_fusionL1_drop0p2_trmiss80_trlocclin,32,0.0001,1,64,1,0.2,lr1e-04_bs32_modL1_fusion64_fusionL1_drop0p2_trmiss80_trlocclin,18,0.5062279452880224,0.6827978491783142,0.6120689655172413,0.7694597169033317,0.4666666666666667,0.0,0.0,0.0,0.0,2002,clin,0.8
1,5,lr1e-04_bs32_modL1_fusion64_fusionL1_drop0p2_trmiss80_trlocclin,32,0.0001,1,64,1,0.2,lr1e-04_bs32_modL1_fusion64_fusionL1_drop0p2_trmiss80_trlocclin,19,0.45956967274347943,0.6850607693195343,0.5991379310344828,0.7660519752535966,0.4444444444444444,0.0,0.0,0.0,0.0,2002,clin,0.8
1,5,lr1e-04_bs32_modL1_fusion64_fusionL1_drop0p2_trmiss80_trlocclin,32,0.0001,1,64,1,0.2,lr1e-04_bs32_modL1_fusion64_fusionL1_drop0p2_trmiss80_trlocclin,20,0.44865948955218,0.6791163682937622,0.6012931034482758,0.7673037307177657,0.4222222222222222,0.0,0.0,0.0,0.0,2002,clin,0.8
1,5,lr1e-04_bs32_modL1_fusion64_fusionL1_drop0p2_trmiss80_trlocclin,32,0.0001,1,64,1,0.2,lr1e-04_bs32_modL1_fusion64_fusionL1_drop0p2_trmiss80_trlocclin,21,0.4599308470884959,0.6818341016769409,0.6056034482758621,0.7738836112479583,0.4666666666666667,0.0,0.0,0.0,0.0,2002,clin,0.8
1,5,lr1e-04_bs32_modL1_fusion64_fusionL1_drop0p2_trmiss80_trlocclin,32,0.0001,1,64,1,0.2,lr1e-04_bs32_modL1_fusion64_fusionL1_drop0p2_trmiss80_trlocclin,22,0.44787553946177167,0.6756635010242462,0.6077586206896551,0.7732103145366083,0.4666666666666667,0.0,0.0,0.0,0.0,2002,clin,0.8
1,5,lr1e-04_bs32_modL1_fusion64_fusionL1_drop0p2_trmiss80_trlocclin,32,0.0001,1,64,1,0.2,lr1e-04_bs32_modL1_fusion64_fusionL1_drop0p2_trmiss80_trlocclin,23,0.43224582076072693,0.6752398312091827,0.5948275862068966,0.7709642091588493,0.4666666666666667,0.0,0.0,0.0,0.0,2002,clin,0.8
1,5,lr1e-04_bs32_modL1_fusion64_fusionL1_drop0p2_trmiss80_trlocclin,32,0.0001,1,64,1,0.2,lr1e-04_bs32_modL1_fusion64_fusionL1_drop0p2_trmiss80_trlocclin,24,0.42265970011552173,0.6775278449058533,0.6012931034482758,0.7750056883349632,0.4444444444444444,0.0,0.0,0.0,0.0,2002,clin,0.8
1,5,lr1e-04_bs32_modL1_fusion64_fusionL1_drop0p2_trmiss80_trlocclin,32,0.0001,1,64,1,0.2,lr1e-04_bs32_modL1_fusion64_fusionL1_drop0p2_trmiss80_trlocclin,25,0.4147574802239736,0.6839110851287842,0.5969827586206897,0.770728472076821,0.4666666666666667,0.0,0.0,0.0,0.0,2002,clin,0.8
1,5,lr1e-04_bs32_modL1_fusion64_fusionL1_drop0p2_trmiss80_trlocclin,32,0.0001,1,64,1,0.2,lr1e-04_bs32_modL1_fusion64_fusionL1_drop0p2_trmiss80_trlocclin,26,0.40299373865127563,0.6857351660728455,0.5862068965517241,0.7536213917280088,0.4888888888888889,0.0,0.0,0.0,0.0,2002,clin,0.8
1,5,lr1e-04_bs32_modL1_fusion64_fusionL1_drop0p2_trmiss80_trlocclin,32,0.0001,1,64,1,0.2,lr1e-04_bs32_modL1_fusion64_fusionL1_drop0p2_trmiss80_trlocclin,27,0.3796870559453964,0.6840333342552185,0.5754310344827587,0.7473441178683748,0.4888888888888889,0.0,0.0,0.0,0.0,2002,clin,0.8
1,5,lr1e-04_bs32_modL1_fusion64_fusionL1_drop0p2_trmiss80_trlocclin,32,0.0001,1,64,1,0.2,lr1e-04_bs32_modL1_fusion64_fusionL1_drop0p2_trmiss80_trlocclin,28,0.3894353111584981,0.6760372817516327,0.5926724137931034,0.7589839857762823,0.4666666666666667,0.0,0.0,0.0,0.0,2002,clin,0.8
1,5,lr1e-04_bs32_modL1_fusion64_fusionL1_drop0p2_trmiss80_trlocclin,32,0.0001,1,64,1,0.2,lr1e-04_bs32_modL1_fusion64_fusionL1_drop0p2_trmiss80_trlocclin,29,0.37591439485549927,0.6720937192440033,0.6012931034482758,0.76405820936738,0.4444444444444444,0.0,0.0,0.0,0.0,2002,clin,0.8
1,5,lr1e-04_bs32_modL1_fusion64_fusionL1_drop0p2_trmiss80_trlocclin,32,0.0001,1,64,1,0.2,lr1e-04_bs32_modL1_fusion64_fusionL1_drop0p2_trmiss80_trlocclin,30,0.3679760793844859,0.678451806306839,0.5905172413793103,0.7567774540146093,0.4888888888888889,0.0,0.0,0.0,0.0,2002,clin,0.8
1,5,lr1e-04_bs32_modL1_fusion64_fusionL1_drop0p2_trmiss80_trlocclin,32,0.0001,1,64,1,0.2,lr1e-04_bs32_modL1_fusion64_fusionL1_drop0p2_trmiss80_trlocclin,31,0.37002333005269367,0.6711815893650055,0.603448275862069,0.7657656453790753,0.4888888888888889,0.0,0.0,0.0,0.0,2002,clin,0.8
1,5,lr1e-04_bs32_modL1_fusion64_fusionL1_drop0p2_trmiss80_trlocclin,32,0.0001,1,64,1,0.2,lr1e-04_bs32_modL1_fusion64_fusionL1_drop0p2_trmiss80_trlocclin,32,0.3432282457749049,0.6678160429000854,0.6163793103448276,0.77003196259752,0.5111111111111111,0.0,0.0,0.0,0.0,2002,clin,0.8
1,5,lr1e-04_bs32_modL1_fusion64_fusionL1_drop0p2_trmiss80_trlocclin,32,0.0001,1,64,1,0.2,lr1e-04_bs32_modL1_fusion64_fusionL1_drop0p2_trmiss80_trlocclin,33,0.3724317451318105,0.6728604435920715,0.603448275862069,0.7633408600432807,0.4888888888888889,0.0,0.0,0.0,0.0,2002,clin,0.8
1,5,lr1e-04_bs32_modL1_fusion64_fusionL1_drop0p2_trmiss80_trlocclin,32,0.0001,1,64,1,0.2,lr1e-04_bs32_modL1_fusion64_fusionL1_drop0p2_trmiss80_trlocclin,34,0.32888758679231006,0.6716691553592682,0.5926724137931034,0.7556636337556852,0.5333333333333333,0.0,0.0,0.0,0.0,2002,clin,0.8
1,5,lr1e-04_bs32_modL1_fusion64_fusionL1_drop0p2_trmiss80_trlocclin,32,0.0001,1,64,1,0.2,lr1e-04_bs32_modL1_fusion64_fusionL1_drop0p2_trmiss80_trlocclin,35,0.33926476041475934,0.670423686504364,0.6012931034482758,0.7555454221142368,0.5333333333333333,0.0,0.0,0.0,0.0,2002,clin,0.8
1,5,lr1e-04_bs32_modL1_fusion64_fusionL1_drop0p2_trmiss80_trlocclin,32,0.0001,1,64,1,0.2,lr1e-04_bs32_modL1_fusion64_fusionL1_drop0p2_trmiss80_trlocclin,36,0.32267600297927856,0.6747614741325378,0.5991379310344827,0.7559107773555771,0.5111111111111111,0.0,0.0,0.0,0.0,2002,clin,0.8
1,5,lr1e-04_bs32_modL1_fusion64_fusionL1_drop0p2_trmiss80_trlocclin,32,0.0001,1,64,1,0.2,lr1e-04_bs32_modL1_fusion64_fusionL1_drop0p2_trmiss80_trlocclin,37,0.33312660455703735,0.6729846298694611,0.603448275862069,0.765446824183021,0.5333333333333333,0.0,0.0,0.0,0.0,2002,clin,0.8
1,5,lr1e-04_bs32_modL1_fusion64_fusionL1_drop0p1_trmiss80_trlocclin,32,0.0001,1,64,1,0.1,lr1e-04_bs32_modL1_fusion64_fusionL1_drop0p1_trmiss80_trlocclin,1,0.718323677778244,0.6868700087070465,0.6314655172413793,0.7436938397089475,0.6222222222222222,0.0,0.0,0.0,0.0,2002,clin,0.8
1,5,lr1e-04_bs32_modL1_fusion64_fusionL1_drop0p1_trmiss80_trlocclin,32,0.0001,1,64,1,0.1,lr1e-04_bs32_modL1_fusion64_fusionL1_drop0p1_trmiss80_trlocclin,2,0.6646758417288462,0.676112562417984,0.6508620689655171,0.7695051409309952,0.6666666666666666,0.0,0.0,0.0,0.0,2002,clin,0.8
1,5,lr1e-04_bs32_modL1_fusion64_fusionL1_drop0p1_trmiss80_trlocclin,32,0.0001,1,64,1,0.1,lr1e-04_bs32_modL1_fusion64_fusionL1_drop0p1_trmiss80_trlocclin,3,0.6390185157457987,0.6662373542785645,0.6487068965517242,0.7594558825167359,0.6666666666666666,0.0,0.0,0.0,0.0,2002,clin,0.8
1,5,lr1e-04_bs32_modL1_fusion64_fusionL1_drop0p1_trmiss80_trlocclin,32,0.0001,1,64,1,0.1,lr1e-04_bs32_modL1_fusion64_fusionL1_drop0p1_trmiss80_trlocclin,4,0.5936949849128723,0.656406819820404,0.6530172413793104,0.7627349231961553,0.7333333333333333,0.0,0.0,0.0,0.0,2002,clin,0.8
1,5,lr1e-04_bs32_modL1_fusion64_fusionL1_drop0p1_trmiss80_trlocclin,32,0.0001,1,64,1,0.1,lr1e-04_bs32_modL1_fusion64_fusionL1_drop0p1_trmiss80_trlocclin,5,0.5992924869060516,0.6495048701763153,0.6530172413793104,0.7611898496515787,0.7333333333333333,0.0,0.0,0.0,0.0,2002,clin,0.8
1,5,lr1e-04_bs32_modL1_fusion64_fusionL1_drop0p1_trmiss80_trlocclin,32,0.0001,1,64,1,0.1,lr1e-04_bs32_modL1_fusion64_fusionL1_drop0p1_trmiss80_trlocclin,6,0.5667100052038828,0.6427569389343262,0.6724137931034483,0.7750299776800808,0.7555555555555555,0.0,0.0,0.0,0.0,2002,clin,0.8
1,5,lr1e-04_bs32_modL1_fusion64_fusionL1_drop0p1_trmiss80_trlocclin,32,0.0001,1,64,1,0.1,lr1e-04_bs32_modL1_fusion64_fusionL1_drop0p1_trmiss80_trlocclin,7,0.5461083849271139,0.6349865198135376,0.6961206896551725,0.7964112255102983,0.7333333333333333,0.0,0.0,0.0,0.0,2002,clin,0.8
1,5,lr1e-04_bs32_modL1_fusion64_fusionL1_drop0p1_trmiss80_trlocclin,32,0.0001,1,64,1,0.1,lr1e-04_bs32_modL1_fusion64_fusionL1_drop0p1_trmiss80_trlocclin,8,0.5243457158406576,0.6284067332744598,0.728448275862069,0.8122792095292334,0.7111111111111111,0.0,0.0,0.0,0.0,2002,clin,0.8
1,5,lr1e-04_bs32_modL1_fusion64_fusionL1_drop0p1_trmiss80_trlocclin,32,0.0001,1,64,1,0.1,lr1e-04_bs32_modL1_fusion64_fusionL1_drop0p1_trmiss80_trlocclin,9,0.5271417001883189,0.6247322261333466,0.7241379310344828,0.8104825536670636,0.7333333333333333,0.0,0.0,0.0,0.0,2002,clin,0.8
1,5,lr1e-04_bs32_modL1_fusion64_fusionL1_drop0p1_trmiss80_trlocclin,32,0.0001,1,64,1,0.1,lr1e-04_bs32_modL1_fusion64_fusionL1_drop0p1_trmiss80_trlocclin,10,0.4961499323447545,0.6234022974967957,0.7068965517241379,0.7791593935359141,0.7333333333333333,0.0,0.0,0.0,0.0,2002,clin,0.8
1,5,lr1e-04_bs32_modL1_fusion64_fusionL1_drop0p1_trmiss80_trlocclin,32,0.0001,1,64,1,0.1,lr1e-04_bs32_modL1_fusion64_fusionL1_drop0p1_trmiss80_trlocclin,11,0.49492139120896655,0.6221563220024109,0.7176724137931034,0.7923221679770295,0.7333333333333333,0.0,0.0,0.0,0.0,2002,clin,0.8
1,5,lr1e-04_bs32_modL1_fusion64_fusionL1_drop0p1_trmiss80_trlocclin,32,0.0001,1,64,1,0.1,lr1e-04_bs32_modL1_fusion64_fusionL1_drop0p1_trmiss80_trlocclin,12,0.4649212211370468,0.6224718987941742,0.7004310344827587,0.7832902888099097,0.7333333333333333,0.0,0.0,0.0,0.0,2002,clin,0.8
1,5,lr1e-04_bs32_modL1_fusion64_fusionL1_drop0p1_trmiss80_trlocclin,32,0.0001,1,64,1,0.1,lr1e-04_bs32_modL1_fusion64_fusionL1_drop0p1_trmiss80_trlocclin,13,0.46057939529418945,0.6212745606899261,0.7025862068965517,0.780254063422371,0.7333333333333333,0.0,0.0,0.0,0.0,2002,clin,0.8
1,5,lr1e-04_bs32_modL1_fusion64_fusionL1_drop0p1_trmiss80_trlocclin,32,0.0001,1,64,1,0.1,lr1e-04_bs32_modL1_fusion64_fusionL1_drop0p1_trmiss80_trlocclin,14,0.4387591729561488,0.6200477778911591,0.7025862068965517,0.7878745877199262,0.7333333333333333,0.0,0.0,0.0,0.0,2002,clin,0.8
1,5,lr1e-04_bs32_modL1_fusion64_fusionL1_drop0p1_trmiss80_trlocclin,32,0.0001,1,64,1,0.1,lr1e-04_bs32_modL1_fusion64_fusionL1_drop0p1_trmiss80_trlocclin,15,0.42701470851898193,0.6203396916389465,0.7004310344827587,0.7872576969172074,0.7333333333333333,0.0,0.0,0.0,0.0,2002,clin,0.8
1,5,lr1e-04_bs32_modL1_fusion64_fusionL1_drop0p1_trmiss80_trlocclin,32,0.0001,1,64,1,0.1,lr1e-04_bs32_modL1_fusion64_fusionL1_drop0p1_trmiss80_trlocclin,16,0.4119244267543157,0.6200484931468964,0.6961206896551724,0.7849181676728558,0.7555555555555555,0.0,0.0,0.0,0.0,2002,clin,0.8
1,5,lr1e-04_bs32_modL1_fusion64_fusionL1_drop0p1_trmiss80_trlocclin,32,0.0001,1,64,1,0.1,lr1e-04_bs32_modL1_fusion64_fusionL1_drop0p1_trmiss80_trlocclin,17,0.405468612909317,0.617639034986496,0.6896551724137931,0.7749706475542447,0.7555555555555555,0.0,0.0,0.0,0.0,2002,clin,0.8
1,5,lr1e-04_bs32_modL1_fusion64_fusionL1_drop0p1_trmiss80_trlocclin,32,0.0001,1,64,1,0.1,lr1e-04_bs32_modL1_fusion64_fusionL1_drop0p1_trmiss80_trlocclin,18,0.39938385287920636,0.6168868839740753,0.6810344827586207,0.7689873288463343,0.7555555555555555,0.0,0.0,0.0,0.0,2002,clin,0.8
1,5,lr1e-04_bs32_modL1_fusion64_fusionL1_drop0p1_trmiss80_trlocclin,32,0.0001,1,64,1,0.1,lr1e-04_bs32_modL1_fusion64_fusionL1_drop0p1_trmiss80_trlocclin,19,0.37492233018080395,0.612594723701477,0.7176724137931034,0.7995909367384284,0.7555555555555555,0.0,0.0,0.0,0.0,2002,clin,0.8
1,5,lr1e-04_bs32_modL1_fusion64_fusionL1_drop0p1_trmiss80_trlocclin,32,0.0001,1,64,1,0.1,lr1e-04_bs32_modL1_fusion64_fusionL1_drop0p1_trmiss80_trlocclin,20,0.3659038742383321,0.6154640316963196,0.6896551724137931,0.7706520238024351,0.7555555555555555,0.0,0.0,0.0,0.0,2002,clin,0.8
1,5,lr1e-04_bs32_modL1_fusion64_fusionL1_drop0p1_trmiss80_trlocclin,32,0.0001,1,64,1,0.1,lr1e-04_bs32_modL1_fusion64_fusionL1_drop0p1_trmiss80_trlocclin,21,0.36448583006858826,0.6128695905208588,0.6896551724137931,0.772453010807399,0.7555555555555555,0.0,0.0,0.0,0.0,2002,clin,0.8
1,5,lr1e-04_bs32_modL1_fusion64_fusionL1_drop0p1_trmiss80_trlocclin,32,0.0001,1,64,1,0.1,lr1e-04_bs32_modL1_fusion64_fusionL1_drop0p1_trmiss80_trlocclin,22,0.35325633982817334,0.6155012547969818,0.6788793103448276,0.7634308024468336,0.7111111111111111,0.0,0.0,0.0,0.0,2002,clin,0.8
1,5,lr1e-04_bs32_modL1_fusion64_fusionL1_drop0p1_trmiss80_trlocclin,32,0.0001,1,64,1,0.1,lr1e-04_bs32_modL1_fusion64_fusionL1_drop0p1_trmiss80_trlocclin,23,0.34166036546230316,0.6142615377902985,0.6831896551724138,0.7772324634621168,0.7333333333333333,0.0,0.0,0.0,0.0,2002,clin,0.8
1,5,lr1e-04_bs32_modL1_fusion64_fusionL1_drop0p1_trmiss80_trlocclin,32,0.0001,1,64,1,0.1,lr1e-04_bs32_modL1_fusion64_fusionL1_drop0p1_trmiss80_trlocclin,24,0.34162886440753937,0.6134026050567627,0.6918103448275862,0.7874250039301445,0.7333333333333333,0.0,0.0,0.0,0.0,2002,clin,0.8
1,5,lr1e-04_bs32_modL1_fusion64_fusionL1_drop0p1_trmiss80_trlocclin,32,0.0001,1,64,1,0.1,lr1e-04_bs32_modL1_fusion64_fusionL1_drop0p1_trmiss80_trlocclin,25,0.3293762505054474,0.6182493567466736,0.6810344827586208,0.790515385357657,0.7111111111111111,0.0,0.0,0.0,0.0,2002,clin,0.8
1,5,lr1e-04_bs32_modL1_fusion64_fusionL1_drop0p1_trmiss80_trlocclin,32,0.0001,1,64,1,0.1,lr1e-04_bs32_modL1_fusion64_fusionL1_drop0p1_trmiss80_trlocclin,26,0.32370441655317944,0.6210837960243225,0.6702586206896552,0.7784968139413695,0.7333333333333333,0.0,0.0,0.0,0.0,2002,clin,0.8
1,5,lr1e-04_bs32_modL1_fusion64_fusionL1_drop0p1_trmiss80_trlocclin,32,0.0001,1,64,1,0.1,lr1e-04_bs32_modL1_fusion64_fusionL1_drop0p1_trmiss80_trlocclin,27,0.30364706615606946,0.6220921874046326,0.6745689655172413,0.7738335369421234,0.6888888888888889,0.0,0.0,0.0,0.0,2002,clin,0.8
1,5,lr1e-04_bs32_modL1_fusion64_fusionL1_drop0p1_trmiss80_trlocclin,32,0.0001,1,64,1,0.1,lr1e-04_bs32_modL1_fusion64_fusionL1_drop0p1_trmiss80_trlocclin,28,0.29995570083459216,0.6233055293560028,0.6745689655172413,0.7723834603291803,0.6888888888888889,0.0,0.0,0.0,0.0,2002,clin,0.8
2,1,lr5e-05_bs16_modL1_fusion32_fusionL1_drop0p2_trmiss80_trlocclin,16,5e-05,1,32,1,0.2,lr5e-05_bs16_modL1_fusion32_fusionL1_drop0p2_trmiss80_trlocclin,1,0.6951663990815481,0.6776348352432251,0.49789915966386555,0.6023985648457412,0.6444444444444445,0.0,0.0,0.0,0.0,2002,clin,0.8
2,1,lr5e-05_bs16_modL1_fusion32_fusionL1_drop0p2_trmiss80_trlocclin,16,5e-05,1,32,1,0.2,lr5e-05_bs16_modL1_fusion32_fusionL1_drop0p2_trmiss80_trlocclin,2,0.6582986563444138,0.6792964140574137,0.5189075630252101,0.6256146317945128,0.6222222222222222,0.0,0.0,0.0,0.0,2002,clin,0.8
2,1,lr5e-05_bs16_modL1_fusion32_fusionL1_drop0p2_trmiss80_trlocclin,16,5e-05,1,32,1,0.2,lr5e-05_bs16_modL1_fusion32_fusionL1_drop0p2_trmiss80_trlocclin,3,0.6565383970737457,0.678839902083079,0.5042016806722689,0.6228131601757293,0.6,0.0,0.0,0.0,0.0,2002,clin,0.8
2,1,lr5e-05_bs16_modL1_fusion32_fusionL1_drop0p2_trmiss80_trlocclin,16,5e-05,1,32,1,0.2,lr5e-05_bs16_modL1_fusion32_fusionL1_drop0p2_trmiss80_trlocclin,4,0.6407021085421244,0.678378681341807,0.5105042016806722,0.6152786219890776,0.5555555555555556,0.0,0.0,0.0,0.0,2002,clin,0.8
2,1,lr5e-05_bs16_modL1_fusion32_fusionL1_drop0p2_trmiss80_trlocclin,16,5e-05,1,32,1,0.2,lr5e-05_bs16_modL1_fusion32_fusionL1_drop0p2_trmiss80_trlocclin,5,0.642092357079188,0.6780638893445333,0.5210084033613446,0.6281818351591383,0.5555555555555556,0.0,0.0,0.0,0.0,2002,clin,0.8
2,1,lr5e-05_bs16_modL1_fusion32_fusionL1_drop0p2_trmiss80_trlocclin,16,5e-05,1,32,1,0.2,lr5e-05_bs16_modL1_fusion32_fusionL1_drop0p2_trmiss80_trlocclin,6,0.6169000168641409,0.677324652671814,0.5357142857142857,0.6512231497469805,0.5777777777777777,0.0,0.0,0.0,0.0,2002,clin,0.8
2,1,lr5e-05_bs16_modL1_fusion32_fusionL1_drop0p2_trmiss80_trlocclin,16,5e-05,1,32,1,0.2,lr5e-05_bs16_modL1_fusion32_fusionL1_drop0p2_trmiss80_trlocclin,7,0.595922976732254,0.6697643399238586,0.5588235294117647,0.6733957545047398,0.6222222222222222,0.0,0.0,0.0,0.0,2002,clin,0.8
2,1,lr5e-05_bs16_modL1_fusion32_fusionL1_drop0p2_trmiss80_trlocclin,16,5e-05,1,32,1,0.2,lr5e-05_bs16_modL1_fusion32_fusionL1_drop0p2_trmiss80_trlocclin,8,0.595025971531868,0.6707207361857096,0.5525210084033614,0.7033376916622384,0.6222222222222222,0.0,0.0,0.0,0.0,2002,clin,0.8
2,1,lr5e-05_bs16_modL1_fusion32_fusionL1_drop0p2_trmiss80_trlocclin,16,5e-05,1,32,1,0.2,lr5e-05_bs16_modL1_fusion32_fusionL1_drop0p2_trmiss80_trlocclin,9,0.5828477690617243,0.6701939702033997,0.5357142857142857,0.6525351466331782,0.6444444444444445,0.0,0.0,0.0,0.0,2002,clin,0.8
2,1,lr5e-05_bs16_modL1_fusion32_fusionL1_drop0p2_trmiss80_trlocclin,16,5e-05,1,32,1,0.2,lr5e-05_bs16_modL1_fusion32_fusionL1_drop0p2_trmiss80_trlocclin,10,0.5610702236493429,0.6716095606486002,0.5210084033613446,0.6382226767984153,0.6444444444444445,0.0,0.0,0.0,0.0,2002,clin,0.8
2,1,lr5e-05_bs16_modL1_fusion32_fusionL1_drop0p2_trmiss80_trlocclin,16,5e-05,1,32,1,0.2,lr5e-05_bs16_modL1_fusion32_fusionL1_drop0p2_trmiss80_trlocclin,11,0.570545107126236,0.6745098829269409,0.5063025210084033,0.6665020821086932,0.5777777777777777,0.0,0.0,0.0,0.0,2002,clin,0.8
2,1,lr5e-05_bs16_modL1_fusion32_fusionL1_drop0p2_trmiss80_trlocclin,16,5e-05,1,32,1,0.2,lr5e-05_bs16_modL1_fusion32_fusionL1_drop0p2_trmiss80_trlocclin,12,0.5674381653467814,0.6734281182289124,0.5273109243697479,0.6987046523404655,0.5555555555555556,0.0,0.0,0.0,0.0,2002,clin,0.8
2,1,lr5e-05_bs16_modL1_fusion32_fusionL1_drop0p2_trmiss80_trlocclin,16,5e-05,1,32,1,0.2,lr5e-05_bs16_modL1_fusion32_fusionL1_drop0p2_trmiss80_trlocclin,13,0.5640036587913831,0.6730171044667562,0.49999999999999994,0.6642259726288968,0.6222222222222222,0.0,0.0,0.0,0.0,2002,clin,0.8
2,1,lr5e-05_bs16_modL1_fusion32_fusionL1_drop0p2_trmiss80_trlocclin,16,5e-05,1,32,1,0.2,lr5e-05_bs16_modL1_fusion32_fusionL1_drop0p2_trmiss80_trlocclin,14,0.5316148102283478,0.6725948055585226,0.48949579831932777,0.6689510294396169,0.6666666666666666,0.0,0.0,0.0,0.0,2002,clin,0.8
2,1,lr5e-05_bs16_modL1_fusion32_fusionL1_drop0p2_trmiss80_trlocclin,16,5e-05,1,32,1,0.2,lr5e-05_bs16_modL1_fusion32_fusionL1_drop0p2_trmiss80_trlocclin,15,0.5333948781092962,0.6709965070088705,0.5210084033613447,0.6927548168399756,0.6222222222222222,0.0,0.0,0.0,0.0,2002,clin,0.8
2,1,lr5e-05_bs16_modL1_fusion32_fusionL1_drop0p2_trmiss80_trlocclin,16,5e-05,1,32,1,0.2,lr5e-05_bs16_modL1_fusion32_fusionL1_drop0p2_trmiss80_trlocclin,16,0.535863608121872,0.6718167662620544,0.5084033613445378,0.6762821430225234,0.6,0.0,0.0,0.0,0.0,2002,clin,0.8
2,1,lr5e-05_bs16_modL1_fusion32_fusionL1_drop0p2_trmiss80_trlocclin,16,5e-05,1,32,1,0.2,lr5e-05_bs16_modL1_fusion32_fusionL1_drop0p2_trmiss80_trlocclin,17,0.5486461296677589,0.6723641355832418,0.51890756302521,0.6618331120924975,0.6,0.0,0.0,0.0,0.0,2002,clin,0.8
2,1,lr5e-05_bs16_modL1_fusion32_fusionL1_drop0p2_trmiss80_trlocclin,16,5e-05,1,32,1,0.2,lr5e-05_bs16_modL1_fusion32_fusionL1_drop0p2_trmiss80_trlocclin,18,0.5245140418410301,0.6754218737284342,0.5042016806722689,0.6596889818032118,0.6222222222222222,0.0,0.0,0.0,0.0,2002,clin,0.8
2,1,lr5e-05_bs16_modL1_fusion32_fusionL1_drop0p2_trmiss80_trlocclin,16,5e-05,1,32,1,0.2,lr5e-05_bs16_modL1_fusion32_fusionL1_drop0p2_trmiss80_trlocclin,19,0.506298191845417,0.6705507636070251,0.5546218487394958,0.7046171134667603,0.6,0.0,0.0,0.0,0.0,2002,clin,0.8
2,1,lr5e-05_bs16_modL1_fusion32_fusionL1_drop0p2_trmiss80_trlocclin,16,5e-05,1,32,1,0.2,lr5e-05_bs16_modL1_fusion32_fusionL1_drop0p2_trmiss80_trlocclin,20,0.5407848159472147,0.671861986319224,0.5399159663865547,0.668192131697445,0.6,0.0,0.0,0.0,0.0,2002,clin,0.8
2,1,lr5e-05_bs16_modL1_fusion32_fusionL1_drop0p2_trmiss80_trlocclin,16,5e-05,1,32,1,0.2,lr5e-05_bs16_modL1_fusion32_fusionL1_drop0p2_trmiss80_trlocclin,21,0.5217560281356176,0.6719943881034851,0.5315126050420168,0.6656263477700028,0.6,0.0,0.0,0.0,0.0,2002,clin,0.8
2,1,lr5e-05_bs16_modL1_fusion32_fusionL1_drop0p2_trmiss80_trlocclin,16,5e-05,1,32,1,0.2,lr5e-05_bs16_modL1_fusion32_fusionL1_drop0p2_trmiss80_trlocclin,22,0.5108052988847097,0.6709862947463989,0.5147058823529411,0.6689470109206256,0.6222222222222222,0.0,0.0,0.0,0.0,2002,clin,0.8
2,1,lr5e-05_bs16_modL1_fusion32_fusionL1_drop0p2_trmiss80_trlocclin,16,5e-05,1,32,1,0.2,lr5e-05_bs16_modL1_fusion32_fusionL1_drop0p2_trmiss80_trlocclin,23,0.5177520091334978,0.666657010714213,0.5294117647058824,0.6876840123395331,0.6222222222222222,0.0,0.0,0.0,0.0,2002,clin,0.8
2,1,lr5e-05_bs16_modL1_fusion32_fusionL1_drop0p2_trmiss80_trlocclin,16,5e-05,1,32,1,0.2,lr5e-05_bs16_modL1_fusion32_fusionL1_drop0p2_trmiss80_trlocclin,24,0.4961094831426938,0.6663740674654642,0.5378151260504201,0.6925669661807252,0.6222222222222222,0.0,0.0,0.0,0.0,2002,clin,0.8
2,1,lr5e-05_bs16_modL1_fusion32_fusionL1_drop0p2_trmiss80_trlocclin,16,5e-05,1,32,1,0.2,lr5e-05_bs16_modL1_fusion32_fusionL1_drop0p2_trmiss80_trlocclin,25,0.5064968491593996,0.6659235159556071,0.546218487394958,0.6973195606929976,0.6222222222222222,0.0,0.0,0.0,0.0,2002,clin,0.8
2,1,lr5e-05_bs16_modL1_fusion32_fusionL1_drop0p2_trmiss80_trlocclin,16,5e-05,1,32,1,0.2,lr5e-05_bs16_modL1_fusion32_fusionL1_drop0p2_trmiss80_trlocclin,26,0.5143066744009653,0.6666538119316101,0.5483193277310925,0.7000642470843005,0.6,0.0,0.0,0.0,0.0,2002,clin,0.8
2,1,lr5e-05_bs16_modL1_fusion32_fusionL1_drop0p2_trmiss80_trlocclin,16,5e-05,1,32,1,0.2,lr5e-05_bs16_modL1_fusion32_fusionL1_drop0p2_trmiss80_trlocclin,27,0.51704108218352,0.6680466731389364,0.5378151260504201,0.6982836252272953,0.6222222222222222,0.0,0.0,0.0,0.0,2002,clin,0.8
2,1,lr5e-05_bs16_modL1_fusion32_fusionL1_drop0p1_trmiss80_trlocclin,16,5e-05,1,32,1,0.1,lr5e-05_bs16_modL1_fusion32_fusionL1_drop0p1_trmiss80_trlocclin,1,0.7471328576405843,0.7088562250137329,0.569327731092437,0.7076838033703147,0.4222222222222222,0.0,0.0,0.0,0.0,2002,clin,0.8
2,1,lr5e-05_bs16_modL1_fusion32_fusionL1_drop0p1_trmiss80_trlocclin,16,5e-05,1,32,1,0.1,lr5e-05_bs16_modL1_fusion32_fusionL1_drop0p1_trmiss80_trlocclin,2,0.6759914110104243,0.7015923261642456,0.6113445378151261,0.7296088198997237,0.4666666666666667,0.0,0.0,0.0,0.0,2002,clin,0.8
2,1,lr5e-05_bs16_modL1_fusion32_fusionL1_drop0p1_trmiss80_trlocclin,16,5e-05,1,32,1,0.1,lr5e-05_bs16_modL1_fusion32_fusionL1_drop0p1_trmiss80_trlocclin,3,0.6774841994047165,0.6797341903050741,0.6491596638655462,0.779573412359512,0.5111111111111111,0.0,0.0,0.0,0.0,2002,clin,0.8
2,1,lr5e-05_bs16_modL1_fusion32_fusionL1_drop0p1_trmiss80_trlocclin,16,5e-05,1,32,1,0.1,lr5e-05_bs16_modL1_fusion32_fusionL1_drop0p1_trmiss80_trlocclin,4,0.6340283006429672,0.6752152641614279,0.6869747899159664,0.8016821068141947,0.5333333333333333,0.0,0.0,0.0,0.0,2002,clin,0.8
2,1,lr5e-05_bs16_modL1_fusion32_fusionL1_drop0p1_trmiss80_trlocclin,16,5e-05,1,32,1,0.1,lr5e-05_bs16_modL1_fusion32_fusionL1_drop0p1_trmiss80_trlocclin,5,0.6234030326207479,0.6770997246106466,0.6911764705882353,0.7816022125357645,0.5111111111111111,0.0,0.0,0.0,0.0,2002,clin,0.8
2,1,lr5e-05_bs16_modL1_fusion32_fusionL1_drop0p1_trmiss80_trlocclin,16,5e-05,1,32,1,0.1,lr5e-05_bs16_modL1_fusion32_fusionL1_drop0p1_trmiss80_trlocclin,6,0.5989836007356644,0.66165691614151,0.7142857142857143,0.8053288323589306,0.5777777777777777,0.0,0.0,0.0,0.0,2002,clin,0.8
2,1,lr5e-05_bs16_modL1_fusion32_fusionL1_drop0p1_trmiss80_trlocclin,16,5e-05,1,32,1,0.1,lr5e-05_bs16_modL1_fusion32_fusionL1_drop0p1_trmiss80_trlocclin,7,0.5838831613461176,0.6704864501953125,0.7289915966386554,0.810310773557638,0.5333333333333333,0.0,0.0,0.0,0.0,2002,clin,0.8
2,1,lr5e-05_bs16_modL1_fusion32_fusionL1_drop0p1_trmiss80_trlocclin,16,5e-05,1,32,1,0.1,lr5e-05_bs16_modL1_fusion32_fusionL1_drop0p1_trmiss80_trlocclin,8,0.6196217785278956,0.6681915124257406,0.7331932773109243,0.8149636505364712,0.5333333333333333,0.0,0.0,0.0,0.0,2002,clin,0.8
2,1,lr5e-05_bs16_modL1_fusion32_fusionL1_drop0p1_trmiss80_trlocclin,16,5e-05,1,32,1,0.1,lr5e-05_bs16_modL1_fusion32_fusionL1_drop0p1_trmiss80_trlocclin,9,0.5705947726964951,0.6595162550608317,0.7352941176470589,0.8152368016911038,0.5333333333333333,0.0,0.0,0.0,0.0,2002,clin,0.8
2,1,lr5e-05_bs16_modL1_fusion32_fusionL1_drop0p1_trmiss80_trlocclin,16,5e-05,1,32,1,0.1,lr5e-05_bs16_modL1_fusion32_fusionL1_drop0p1_trmiss80_trlocclin,10,0.5638656864563624,0.6577201684316,0.7142857142857143,0.8013307696436005,0.5555555555555556,0.0,0.0,0.0,0.0,2002,clin,0.8
2,1,lr5e-05_bs16_modL1_fusion32_fusionL1_drop0p1_trmiss80_trlocclin,16,5e-05,1,32,1,0.1,lr5e-05_bs16_modL1_fusion32_fusionL1_drop0p1_trmiss80_trlocclin,11,0.5509206900993983,0.6490744551022848,0.6953781512605042,0.7874653206965919,0.5555555555555556,0.0,0.0,0.0,0.0,2002,clin,0.8
2,1,lr5e-05_bs16_modL1_fusion32_fusionL1_drop0p1_trmiss80_trlocclin,16,5e-05,1,32,1,0.1,lr5e-05_bs16_modL1_fusion32_fusionL1_drop0p1_trmiss80_trlocclin,12,0.5268585706750551,0.6575281222661337,0.7184873949579832,0.7996214048030443,0.5555555555555556,0.0,0.0,0.0,0.0,2002,clin,0.8
2,1,lr5e-05_bs16_modL1_fusion32_fusionL1_drop0p1_trmiss80_trlocclin,16,5e-05,1,32,1,0.1,lr5e-05_bs16_modL1_fusion32_fusionL1_drop0p1_trmiss80_trlocclin,13,0.5383402506510416,0.653473973274231,0.7394957983193278,0.8140185391565032,0.5333333333333333,0.0,0.0,0.0,0.0,2002,clin,0.8
2,1,lr5e-05_bs16_modL1_fusion32_fusionL1_drop0p1_trmiss80_trlocclin,16,5e-05,1,32,1,0.1,lr5e-05_bs16_modL1_fusion32_fusionL1_drop0p1_trmiss80_trlocclin,14,0.5114591990907987,0.6472955942153931,0.7605042016806722,0.8303162894705002,0.5777777777777777,0.0,0.0,0.0,0.0,2002,clin,0.8
2,1,lr5e-05_bs16_modL1_fusion32_fusionL1_drop0p1_trmiss80_trlocclin,16,5e-05,1,32,1,0.1,lr5e-05_bs16_modL1_fusion32_fusionL1_drop0p1_trmiss80_trlocclin,15,0.507660873234272,0.6503783067067465,0.7163865546218487,0.7902882231079797,0.5777777777777777,0.0,0.0,0.0,0.0,2002,clin,0.8
2,1,lr5e-05_bs16_modL1_fusion32_fusionL1_drop0p1_trmiss80_trlocclin,16,5e-05,1,32,1,0.1,lr5e-05_bs16_modL1_fusion32_fusionL1_drop0p1_trmiss80_trlocclin,16,0.48670173188050586,0.6520232160886129,0.7331932773109244,0.7985119224391992,0.5555555555555556,0.0,0.0,0.0,0.0,2002,clin,0.8
2,1,lr5e-05_bs16_modL1_fusion32_fusionL1_drop0p1_trmiss80_trlocclin,16,5e-05,1,32,1,0.1,lr5e-05_bs16_modL1_fusion32_fusionL1_drop0p1_trmiss80_trlocclin,17,0.49389632791280746,0.6522143085797628,0.7331932773109244,0.7658273397944977,0.5777777777777777,0.0,0.0,0.0,0.0,2002,clin,0.8
2,1,lr5e-05_bs16_modL1_fusion32_fusionL1_drop0p1_trmiss80_trlocclin,16,5e-05,1,32,1,0.1,lr5e-05_bs16_modL1_fusion32_fusionL1_drop0p1_trmiss80_trlocclin,18,0.49635838468869525,0.6602316498756409,0.75,0.7779123767342303,0.5777777777777777,0.0,0.0,0.0,0.0,2002,clin,0.8
2,1,lr5e-05_bs16_modL1_fusion32_fusionL1_drop0p1_trmiss80_trlocclin,16,5e-05,1,32,1,0.1,lr5e-05_bs16_modL1_fusion32_fusionL1_drop0p1_trmiss80_trlocclin,19,0.4727523426214854,0.6451720794041952,0.7478991596638656,0.7763196444782912,0.6222222222222222,0.0,0.0,0.0,0.0,2002,clin,0.8
2,1,lr5e-05_bs16_modL1_fusion32_fusionL1_drop0p1_trmiss80_trlocclin,16,5e-05,1,32,1,0.1,lr5e-05_bs16_modL1_fusion32_fusionL1_drop0p1_trmiss80_trlocclin,20,0.4777952904502551,0.6328182419141134,0.7605042016806722,0.8054723797849854,0.6666666666666666,0.0,0.0,0.0,0.0,2002,clin,0.8
2,1,lr5e-05_bs16_modL1_fusion32_fusionL1_drop0p1_trmiss80_trlocclin,16,5e-05,1,32,1,0.1,lr5e-05_bs16_modL1_fusion32_fusionL1_drop0p1_trmiss80_trlocclin,21,0.45537468791007996,0.6337137619654337,0.7605042016806722,0.8058677301326951,0.6444444444444445,0.0,0.0,0.0,0.0,2002,clin,0.8
2,1,lr5e-05_bs16_modL1_fusion32_fusionL1_drop0p1_trmiss80_trlocclin,16,5e-05,1,32,1,0.1,lr5e-05_bs16_modL1_fusion32_fusionL1_drop0p1_trmiss80_trlocclin,22,0.45483938852945965,0.6173017819722494,0.7794117647058822,0.8182235007459693,0.6444444444444445,0.0,0.0,0.0,0.0,2002,clin,0.8
2,1,lr5e-05_bs16_modL1_fusion32_fusionL1_drop0p1_trmiss80_trlocclin,16,5e-05,1,32,1,0.1,lr5e-05_bs16_modL1_fusion32_fusionL1_drop0p1_trmiss80_trlocclin,23,0.4538857638835907,0.6253793835639954,0.7773109243697479,0.7980928039143137,0.6666666666666666,0.0,0.0,0.0,0.0,2002,clin,0.8
2,1,lr5e-05_bs16_modL1_fusion32_fusionL1_drop0p1_trmiss80_trlocclin,16,5e-05,1,32,1,0.1,lr5e-05_bs16_modL1_fusion32_fusionL1_drop0p1_trmiss80_trlocclin,24,0.45977787176767987,0.6354991992314657,0.7626050420168068,0.7901139849169203,0.6888888888888889,0.0,0.0,0.0,0.0,2002,clin,0.8
2,1,lr5e-05_bs16_modL1_fusion32_fusionL1_drop0p1_trmiss80_trlocclin,16,5e-05,1,32,1,0.1,lr5e-05_bs16_modL1_fusion32_fusionL1_drop0p1_trmiss80_trlocclin,25,0.44939151654640835,0.6335991621017456,0.7352941176470589,0.7807190982544319,0.6666666666666666,0.0,0.0,0.0,0.0,2002,clin,0.8
2,1,lr5e-05_bs16_modL1_fusion32_fusionL1_drop0p1_trmiss80_trlocclin,16,5e-05,1,32,1,0.1,lr5e-05_bs16_modL1_fusion32_fusionL1_drop0p1_trmiss80_trlocclin,26,0.4621286541223526,0.6380034883817037,0.73109243697479,0.7654556813811175,0.6222222222222222,0.0,0.0,0.0,0.0,2002,clin,0.8
2,1,lr5e-05_bs16_modL1_fusion32_fusionL1_drop0p1_trmiss80_trlocclin,16,5e-05,1,32,1,0.1,lr5e-05_bs16_modL1_fusion32_fusionL1_drop0p1_trmiss80_trlocclin,27,0.42315075794855755,0.6397934556007385,0.7163865546218487,0.7525904701819279,0.6222222222222222,0.0,0.0,0.0,0.0,2002,clin,0.8
2,1,lr5e-05_bs16_modL1_fusion32_fusionL1_drop0p1_trmiss80_trlocclin,16,5e-05,1,32,1,0.1,lr5e-05_bs16_modL1_fusion32_fusionL1_drop0p1_trmiss80_trlocclin,28,0.46349680175383884,0.633800228436788,0.7436974789915967,0.7771541443409139,0.6888888888888889,0.0,0.0,0.0,0.0,2002,clin,0.8
2,1,lr5e-05_bs16_modL1_fusion32_fusionL1_drop0p1_trmiss80_trlocclin,16,5e-05,1,32,1,0.1,lr5e-05_bs16_modL1_fusion32_fusionL1_drop0p1_trmiss80_trlocclin,29,0.428061584631602,0.631584624449412,0.7394957983193278,0.7812157519333727,0.6666666666666666,0.0,0.0,0.0,0.0,2002,clin,0.8
2,1,lr5e-05_bs16_modL1_fusion32_fusionL1_drop0p1_trmiss80_trlocclin,16,5e-05,1,32,1,0.1,lr5e-05_bs16_modL1_fusion32_fusionL1_drop0p1_trmiss80_trlocclin,30,0.40387482692797977,0.6278050740559896,0.7457983193277311,0.7869374659063182,0.6666666666666666,0.0,0.0,0.0,0.0,2002,clin,0.8
2,1,lr5e-05_bs16_modL1_fusion32_fusionL1_drop0p1_trmiss80_trlocclin,16,5e-05,1,32,1,0.1,lr5e-05_bs16_modL1_fusion32_fusionL1_drop0p1_trmiss80_trlocclin,31,0.4021674270431201,0.6301273306210836,0.7247899159663865,0.7621865806505068,0.6222222222222222,0.0,0.0,0.0,0.0,2002,clin,0.8
2,1,lr5e-05_bs16_modL1_fusion32_fusionL1_drop0p1_trmiss80_trlocclin,16,5e-05,1,32,1,0.1,lr5e-05_bs16_modL1_fusion32_fusionL1_drop0p1_trmiss80_trlocclin,32,0.42584431419769925,0.6314122080802917,0.726890756302521,0.764350808544157,0.6444444444444445,0.0,0.0,0.0,0.0,2002,clin,0.8
2,1,lr5e-05_bs16_modL1_fusion32_fusionL1_drop0p1_trmiss80_trlocclin,16,5e-05,1,32,1,0.1,lr5e-05_bs16_modL1_fusion32_fusionL1_drop0p1_trmiss80_trlocclin,33,0.41781701892614365,0.6370336612065634,0.7289915966386555,0.7642017031581252,0.6222222222222222,0.0,0.0,0.0,0.0,2002,clin,0.8
2,1,lr5e-05_bs16_modL1_fusion32_fusionL1_drop0p1_trmiss80_trlocclin,16,5e-05,1,32,1,0.1,lr5e-05_bs16_modL1_fusion32_fusionL1_drop0p1_trmiss80_trlocclin,34,0.3894135504961014,0.6328367392222086,0.7268907563025211,0.7624510081326266,0.6444444444444445,0.0,0.0,0.0,0.0,2002,clin,0.8
2,1,lr5e-05_bs16_modL1_fusion32_fusionL1_drop0p1_trmiss80_trlocclin,16,5e-05,1,32,1,0.1,lr5e-05_bs16_modL1_fusion32_fusionL1_drop0p1_trmiss80_trlocclin,35,0.40104084213574726,0.637921134630839,0.7163865546218487,0.7589024054318331,0.6222222222222222,0.0,0.0,0.0,0.0,2002,clin,0.8
2,1,lr5e-05_bs16_modL1_fusion32_fusionL1_drop0p1_trmiss80_trlocclin,16,5e-05,1,32,1,0.1,lr5e-05_bs16_modL1_fusion32_fusionL1_drop0p1_trmiss80_trlocclin,36,0.39860529204209644,0.6391551693280538,0.7247899159663865,0.7626352637642766,0.6,0.0,0.0,0.0,0.0,2002,clin,0.8
2,1,lr5e-05_bs16_modL1_fusion32_fusionL1_drop0p1_trmiss80_trlocclin,16,5e-05,1,32,1,0.1,lr5e-05_bs16_modL1_fusion32_fusionL1_drop0p1_trmiss80_trlocclin,37,0.4061635807156563,0.6272905866305033,0.726890756302521,0.7636866843086042,0.6222222222222222,0.0,0.0,0.0,0.0,2002,clin,0.8
2,1,lr5e-05_bs16_modL1_fusion32_fusionL1_drop0p1_trmiss80_trlocclin,16,5e-05,1,32,1,0.1,lr5e-05_bs16_modL1_fusion32_fusionL1_drop0p1_trmiss80_trlocclin,38,0.3932257493336995,0.6239151557286581,0.7352941176470589,0.7690901290637304,0.6444444444444445,0.0,0.0,0.0,0.0,2002,clin,0.8
2,1,lr5e-05_bs16_modL1_fusion32_fusionL1_drop0p1_trmiss80_trlocclin,16,5e-05,1,32,1,0.1,lr5e-05_bs16_modL1_fusion32_fusionL1_drop0p1_trmiss80_trlocclin,39,0.40482958902915317,0.63436887661616,0.7457983193277311,0.7769899124534907,0.6222222222222222,0.0,0.0,0.0,0.0,2002,clin,0.8
2,1,lr5e-05_bs16_modL1_fusion32_fusionL1_drop0p1_trmiss80_trlocclin,16,5e-05,1,32,1,0.1,lr5e-05_bs16_modL1_fusion32_fusionL1_drop0p1_trmiss80_trlocclin,40,0.41537949442863464,0.6351702610651652,0.7542016806722689,0.7839419850991145,0.6222222222222222,0.0,0.0,0.0,0.0,2002,clin,0.8
2,1,lr5e-05_bs16_modL1_fusion32_fusionL1_drop0p1_trmiss80_trlocclin,16,5e-05,1,32,1,0.1,lr5e-05_bs16_modL1_fusion32_fusionL1_drop0p1_trmiss80_trlocclin,41,0.3925618802507718,0.6379167238871256,0.7436974789915967,0.7811626601474844,0.6222222222222222,0.0,0.0,0.0,0.0,2002,clin,0.8
2,1,lr5e-05_bs16_modL1_fusion32_fusionL1_drop0p1_trmiss80_trlocclin,16,5e-05,1,32,1,0.1,lr5e-05_bs16_modL1_fusion32_fusionL1_drop0p1_trmiss80_trlocclin,42,0.3915512238939603,0.6257509589195251,0.7373949579831933,0.7712465759879792,0.6444444444444445,0.0,0.0,0.0,0.0,2002,clin,0.8
2,1,lr5e-05_bs16_modL1_fusion64_fusionL1_drop0p2_trmiss80_trlocclin,16,5e-05,1,64,1,0.2,lr5e-05_bs16_modL1_fusion64_fusionL1_drop0p2_trmiss80_trlocclin,1,0.6663894504308701,0.6787556211153666,0.48109243697479,0.6467940240337446,0.6,0.0,0.0,0.0,0.0,2002,clin,0.8
2,1,lr5e-05_bs16_modL1_fusion64_fusionL1_drop0p2_trmiss80_trlocclin,16,5e-05,1,64,1,0.2,lr5e-05_bs16_modL1_fusion64_fusionL1_drop0p2_trmiss80_trlocclin,2,0.6517047534386317,0.668474018573761,0.5231092436974789,0.6853859308662754,0.5777777777777777,0.0,0.0,0.0,0.0,2002,clin,0.8
2,1,lr5e-05_bs16_modL1_fusion64_fusionL1_drop0p2_trmiss80_trlocclin,16,5e-05,1,64,1,0.2,lr5e-05_bs16_modL1_fusion64_fusionL1_drop0p2_trmiss80_trlocclin,3,0.6407636553049088,0.6680265267690023,0.5378151260504201,0.6881278377110693,0.6,0.0,0.0,0.0,0.0,2002,clin,0.8
2,1,lr5e-05_bs16_modL1_fusion64_fusionL1_drop0p2_trmiss80_trlocclin,16,5e-05,1,64,1,0.2,lr5e-05_bs16_modL1_fusion64_fusionL1_drop0p2_trmiss80_trlocclin,4,0.6164078662792841,0.6692520578702291,0.5294117647058824,0.6890660669450743,0.6,0.0,0.0,0.0,0.0,2002,clin,0.8
2,1,lr5e-05_bs16_modL1_fusion64_fusionL1_drop0p2_trmiss80_trlocclin,16,5e-05,1,64,1,0.2,lr5e-05_bs16_modL1_fusion64_fusionL1_drop0p2_trmiss80_trlocclin,5,0.6035401473442713,0.6713148355484009,0.5126050420168067,0.6865871560533195,0.6444444444444445,0.0,0.0,0.0,0.0,2002,clin,0.8
2,1,lr5e-05_bs16_modL1_fusion64_fusionL1_drop0p2_trmiss80_trlocclin,16,5e-05,1,64,1,0.2,lr5e-05_bs16_modL1_fusion64_fusionL1_drop0p2_trmiss80_trlocclin,6,0.6108859976132711,0.6725861628850301,0.5126050420168067,0.6880797148816733,0.6,0.0,0.0,0.0,0.0,2002,clin,0.8
2,1,lr5e-05_bs16_modL1_fusion64_fusionL1_drop0p2_trmiss80_trlocclin,16,5e-05,1,64,1,0.2,lr5e-05_bs16_modL1_fusion64_fusionL1_drop0p2_trmiss80_trlocclin,7,0.5759404003620148,0.6777880986531576,0.4957983193277311,0.6807263275822149,0.6444444444444445,0.0,0.0,0.0,0.0,2002,clin,0.8
2,1,lr5e-05_bs16_modL1_fusion64_fusionL1_drop0p2_trmiss80_trlocclin,16,5e-05,1,64,1,0.2,lr5e-05_bs16_modL1_fusion64_fusionL1_drop0p2_trmiss80_trlocclin,8,0.570903499921163,0.6725772023200989,0.5105042016806722,0.6884585242987881,0.6222222222222222,0.0,0.0,0.0,0.0,2002,clin,0.8
2,1,lr5e-05_bs16_modL1_fusion64_fusionL1_drop0p2_trmiss80_trlocclin,16,5e-05,1,64,1,0.2,lr5e-05_bs16_modL1_fusion64_fusionL1_drop0p2_trmiss80_trlocclin,9,0.5619565695524216,0.6702110966046652,0.51890756302521,0.6935795251807192,0.6,0.0,0.0,0.0,0.0,2002,clin,0.8
2,1,lr5e-05_bs16_modL1_fusion64_fusionL1_drop0p2_trmiss80_trlocclin,16,5e-05,1,64,1,0.2,lr5e-05_bs16_modL1_fusion64_fusionL1_drop0p2_trmiss80_trlocclin,10,0.5520410885413488,0.6688499649365743,0.5210084033613445,0.6932511485247289,0.5777777777777777,0.0,0.0,0.0,0.0,2002,clin,0.8
2,1,lr5e-05_bs16_modL1_fusion64_fusionL1_drop0p2_trmiss80_trlocclin,16,5e-05,1,64,1,0.2,lr5e-05_bs16_modL1_fusion64_fusionL1_drop0p2_trmiss80_trlocclin,11,0.5654770880937576,0.6685893932978312,0.5189075630252101,0.6950110381693771,0.5777777777777777,0.0,0.0,0.0,0.0,2002,clin,0.8
2,1,lr5e-05_bs16_modL1_fusion64_fusionL1_drop0p2_trmiss80_trlocclin,16,5e-05,1,64,1,0.2,lr5e-05_bs16_modL1_fusion64_fusionL1_drop0p2_trmiss80_trlocclin,12,0.5301116605599722,0.6664677063624064,0.5336134453781513,0.704548391345237,0.6,0.0,0.0,0.0,0.0,2002,clin,0.8
2,1,lr5e-05_bs16_modL1_fusion64_fusionL1_drop0p2_trmiss80_trlocclin,16,5e-05,1,64,1,0.2,lr5e-05_bs16_modL1_fusion64_fusionL1_drop0p2_trmiss80_trlocclin,13,0.5312090317408243,0.6684268514315287,0.5168067226890757,0.6960755280658367,0.6,0.0,0.0,0.0,0.0,2002,clin,0.8
2,1,lr5e-05_bs16_modL1_fusion64_fusionL1_drop0p2_trmiss80_trlocclin,16,5e-05,1,64,1,0.2,lr5e-05_bs16_modL1_fusion64_fusionL1_drop0p2_trmiss80_trlocclin,14,0.5218597029646238,0.664471169312795,0.5273109243697479,0.7038415156135764,0.6,0.0,0.0,0.0,0.0,2002,clin,0.8
2,1,lr5e-05_bs16_modL1_fusion64_fusionL1_drop0p2_trmiss80_trlocclin,16,5e-05,1,64,1,0.2,lr5e-05_bs16_modL1_fusion64_fusionL1_drop0p2_trmiss80_trlocclin,15,0.5335218260685602,0.6629707415898641,0.5273109243697478,0.7057843391037922,0.6,0.0,0.0,0.0,0.0,2002,clin,0.8
2,1,lr5e-05_bs16_modL1_fusion64_fusionL1_drop0p2_trmiss80_trlocclin,16,5e-05,1,64,1,0.2,lr5e-05_bs16_modL1_fusion64_fusionL1_drop0p2_trmiss80_trlocclin,16,0.5289511606097221,0.6586223840713501,0.546218487394958,0.712634091257344,0.6,0.0,0.0,0.0,0.0,2002,clin,0.8
2,1,lr5e-05_bs16_modL1_fusion64_fusionL1_drop0p2_trmiss80_trlocclin,16,5e-05,1,64,1,0.2,lr5e-05_bs16_modL1_fusion64_fusionL1_drop0p2_trmiss80_trlocclin,17,0.5228575641910235,0.6561644474665324,0.5588235294117647,0.7244833821552802,0.6,0.0,0.0,0.0,0.0,2002,clin,0.8
2,1,lr5e-05_bs16_modL1_fusion64_fusionL1_drop0p2_trmiss80_trlocclin,16,5e-05,1,64,1,0.2,lr5e-05_bs16_modL1_fusion64_fusionL1_drop0p2_trmiss80_trlocclin,18,0.4911096766591072,0.6562531789143881,0.5567226890756303,0.7149684117127748,0.6222222222222222,0.0,0.0,0.0,0.0,2002,clin,0.8
2,1,lr5e-05_bs16_modL1_fusion64_fusionL1_drop0p2_trmiss80_trlocclin,16,5e-05,1,64,1,0.2,lr5e-05_bs16_modL1_fusion64_fusionL1_drop0p2_trmiss80_trlocclin,19,0.5238055537144343,0.6596012711524963,0.5546218487394958,0.7115495982619086,0.6666666666666666,0.0,0.0,0.0,0.0,2002,clin,0.8
2,1,lr5e-05_bs16_modL1_fusion64_fusionL1_drop0p2_trmiss80_trlocclin,16,5e-05,1,64,1,0.2,lr5e-05_bs16_modL1_fusion64_fusionL1_drop0p2_trmiss80_trlocclin,20,0.548920159538587,0.658314029375712,0.5441176470588235,0.7124870832774657,0.6444444444444445,0.0,0.0,0.0,0.0,2002,clin,0.8
2,1,lr5e-05_bs16_modL1_fusion64_fusionL1_drop0p2_trmiss80_trlocclin,16,5e-05,1,64,1,0.2,lr5e-05_bs16_modL1_fusion64_fusionL1_drop0p2_trmiss80_trlocclin,21,0.5243433142701784,0.6539495587348938,0.5609243697478992,0.7236630390101544,0.6222222222222222,0.0,0.0,0.0,0.0,2002,clin,0.8
2,1,lr5e-05_bs16_modL1_fusion64_fusionL1_drop0p2_trmiss80_trlocclin,16,5e-05,1,64,1,0.2,lr5e-05_bs16_modL1_fusion64_fusionL1_drop0p2_trmiss80_trlocclin,22,0.5316101238131523,0.6556527614593506,0.5567226890756303,0.7182279548591612,0.6,0.0,0.0,0.0,0.0,2002,clin,0.8
2,1,lr5e-05_bs16_modL1_fusion64_fusionL1_drop0p2_trmiss80_trlocclin,16,5e-05,1,64,1,0.2,lr5e-05_bs16_modL1_fusion64_fusionL1_drop0p2_trmiss80_trlocclin,23,0.4992797002196312,0.6570093035697937,0.5483193277310925,0.718044534885188,0.5777777777777777,0.0,0.0,0.0,0.0,2002,clin,0.8
2,1,lr5e-05_bs16_modL1_fusion64_fusionL1_drop0p2_trmiss80_trlocclin,16,5e-05,1,64,1,0.2,lr5e-05_bs16_modL1_fusion64_fusionL1_drop0p2_trmiss80_trlocclin,24,0.48736712833245593,0.6609190106391907,0.542016806722689,0.705242529990912,0.6,0.0,0.0,0.0,0.0,2002,clin,0.8
2,1,lr5e-05_bs16_modL1_fusion64_fusionL1_drop0p2_trmiss80_trlocclin,16,5e-05,1,64,1,0.2,lr5e-05_bs16_modL1_fusion64_fusionL1_drop0p2_trmiss80_trlocclin,25,0.47289923081795376,0.6641500194867452,0.5357142857142857,0.6973778205952725,0.6,0.0,0.0,0.0,0.0,2002,clin,0.8
2,1,lr5e-05_bs16_modL1_fusion64_fusionL1_drop0p2_trmiss80_trlocclin,16,5e-05,1,64,1,0.2,lr5e-05_bs16_modL1_fusion64_fusionL1_drop0p2_trmiss80_trlocclin,26,0.4815817524989446,0.6595871249834696,0.546218487394958,0.6982803436527193,0.6222222222222222,0.0,0.0,0.0,0.0,2002,clin,0.8
2,1,lr5e-05_bs16_modL1_fusion64_fusionL1_drop0p2_trmiss80_trlocclin,16,5e-05,1,64,1,0.2,lr5e-05_bs16_modL1_fusion64_fusionL1_drop0p2_trmiss80_trlocclin,27,0.4854831397533417,0.6521454453468323,0.5777310924369747,0.7271100817717161,0.6222222222222222,0.0,0.0,0.0,0.0,2002,clin,0.8
2,1,lr5e-05_bs16_modL1_fusion64_fusionL1_drop0p2_trmiss80_trlocclin,16,5e-05,1,64,1,0.2,lr5e-05_bs16_modL1_fusion64_fusionL1_drop0p2_trmiss80_trlocclin,28,0.47631679226954776,0.6571225921312968,0.5567226890756303,0.7114082203235155,0.6,0.0,0.0,0.0,0.0,2002,clin,0.8
2,1,lr5e-05_bs16_modL1_fusion64_fusionL1_drop0p2_trmiss80_trlocclin,16,5e-05,1,64,1,0.2,lr5e-05_bs16_modL1_fusion64_fusionL1_drop0p2_trmiss80_trlocclin,29,0.473896990219752,0.6560903787612915,0.5630252100840336,0.7150813191128722,0.6,0.0,0.0,0.0,0.0,2002,clin,0.8
2,1,lr5e-05_bs16_modL1_fusion64_fusionL1_drop0p2_trmiss80_trlocclin,16,5e-05,1,64,1,0.2,lr5e-05_bs16_modL1_fusion64_fusionL1_drop0p2_trmiss80_trlocclin,30,0.4686472291747729,0.6577011346817017,0.5672268907563025,0.7190337205575151,0.6222222222222222,0.0,0.0,0.0,0.0,2002,clin,0.8
2,1,lr5e-05_bs16_modL1_fusion64_fusionL1_drop0p2_trmiss80_trlocclin,16,5e-05,1,64,1,0.2,lr5e-05_bs16_modL1_fusion64_fusionL1_drop0p2_trmiss80_trlocclin,31,0.4802467127641042,0.6557690699895223,0.5672268907563025,0.7128163653891428,0.6222222222222222,0.0,0.0,0.0,0.0,2002,clin,0.8
2,1,lr5e-05_bs16_modL1_fusion64_fusionL1_drop0p2_trmiss80_trlocclin,16,5e-05,1,64,1,0.2,lr5e-05_bs16_modL1_fusion64_fusionL1_drop0p2_trmiss80_trlocclin,32,0.4513638764619827,0.6540511051813761,0.5798319327731092,0.7180479244685027,0.6222222222222222,0.0,0.0,0.0,0.0,2002,clin,0.8
2,1,lr5e-05_bs16_modL1_fusion64_fusionL1_drop0p2_trmiss80_trlocclin,16,5e-05,1,64,1,0.2,lr5e-05_bs16_modL1_fusion64_fusionL1_drop0p2_trmiss80_trlocclin,33,0.4432510584592819,0.6537418365478516,0.5777310924369747,0.713415111676978,0.6444444444444445,0.0,0.0,0.0,0.0,2002,clin,0.8
2,1,lr5e-05_bs16_modL1_fusion64_fusionL1_drop0p2_trmiss80_trlocclin,16,5e-05,1,64,1,0.2,lr5e-05_bs16_modL1_fusion64_fusionL1_drop0p2_trmiss80_trlocclin,34,0.4549633165200551,0.6584200263023376,0.5567226890756303,0.7058677514095181,0.6222222222222222,0.0,0.0,0.0,0.0,2002,clin,0.8
2,1,lr5e-05_bs16_modL1_fusion64_fusionL1_drop0p2_trmiss80_trlocclin,16,5e-05,1,64,1,0.2,lr5e-05_bs16_modL1_fusion64_fusionL1_drop0p2_trmiss80_trlocclin,35,0.4632635811964671,0.663420299688975,0.5525210084033614,0.7033285443658542,0.6222222222222222,0.0,0.0,0.0,0.0,2002,clin,0.8
2,1,lr5e-05_bs16_modL1_fusion64_fusionL1_drop0p2_trmiss80_trlocclin,16,5e-05,1,64,1,0.2,lr5e-05_bs16_modL1_fusion64_fusionL1_drop0p2_trmiss80_trlocclin,36,0.46386024604241055,0.6647639671961466,0.5441176470588236,0.6972234975458895,0.6222222222222222,0.0,0.0,0.0,0.0,2002,clin,0.8
2,1,lr5e-05_bs16_modL1_fusion64_fusionL1_drop0p2_trmiss80_trlocclin,16,5e-05,1,64,1,0.2,lr5e-05_bs16_modL1_fusion64_fusionL1_drop0p2_trmiss80_trlocclin,37,0.4937169800202052,0.6601844429969788,0.5630252100840336,0.7076309419181104,0.6222222222222222,0.0,0.0,0.0,0.0,2002,clin,0.8
2,1,lr5e-05_bs16_modL1_fusion64_fusionL1_drop0p2_trmiss80_trlocclin,16,5e-05,1,64,1,0.2,lr5e-05_bs16_modL1_fusion64_fusionL1_drop0p2_trmiss80_trlocclin,38,0.4737922822435697,0.6547226905822754,0.5714285714285714,0.7210110788152199,0.6444444444444445,0.0,0.0,0.0,0.0,2002,clin,0.8
2,1,lr5e-05_bs16_modL1_fusion64_fusionL1_drop0p2_trmiss80_trlocclin,16,5e-05,1,64,1,0.2,lr5e-05_bs16_modL1_fusion64_fusionL1_drop0p2_trmiss80_trlocclin,39,0.4696252892414729,0.6584849754969279,0.5651260504201681,0.7123004501093547,0.6444444444444445,0.0,0.0,0.0,0.0,2002,clin,0.8
2,1,lr5e-05_bs16_modL1_fusion64_fusionL1_drop0p2_trmiss80_trlocclin,16,5e-05,1,64,1,0.2,lr5e-05_bs16_modL1_fusion64_fusionL1_drop0p2_trmiss80_trlocclin,40,0.45010518034299213,0.6607417861620585,0.569327731092437,0.7216009087780136,0.6,0.0,0.0,0.0,0.0,2002,clin,0.8
2,1,lr5e-05_bs16_modL1_fusion64_fusionL1_drop0p2_trmiss80_trlocclin,16,5e-05,1,64,1,0.2,lr5e-05_bs16_modL1_fusion64_fusionL1_drop0p2_trmiss80_trlocclin,41,0.43309072653452557,0.6557757258415222,0.5672268907563025,0.7210004789401332,0.5777777777777777,0.0,0.0,0.0,0.0,2002,clin,0.8
2,1,lr5e-05_bs16_modL1_fusion64_fusionL1_drop0p2_trmiss80_trlocclin,16,5e-05,1,64,1,0.2,lr5e-05_bs16_modL1_fusion64_fusionL1_drop0p2_trmiss80_trlocclin,42,0.4404845784107844,0.6586530407269796,0.5651260504201681,0.7200712291911596,0.6,0.0,0.0,0.0,0.0,2002,clin,0.8
2,1,lr5e-05_bs16_modL1_fusion64_fusionL1_drop0p2_trmiss80_trlocclin,16,5e-05,1,64,1,0.2,lr5e-05_bs16_modL1_fusion64_fusionL1_drop0p2_trmiss80_trlocclin,43,0.4383809541662534,0.6574351191520691,0.5651260504201681,0.7189076058470852,0.6,0.0,0.0,0.0,0.0,2002,clin,0.8
2,1,lr5e-05_bs16_modL1_fusion64_fusionL1_drop0p2_trmiss80_trlocclin,16,5e-05,1,64,1,0.2,lr5e-05_bs16_modL1_fusion64_fusionL1_drop0p2_trmiss80_trlocclin,44,0.45234683404366177,0.660519540309906,0.5441176470588236,0.7007128591608834,0.5777777777777777,0.0,0.0,0.0,0.0,2002,clin,0.8
2,1,lr5e-05_bs16_modL1_fusion64_fusionL1_drop0p2_trmiss80_trlocclin,16,5e-05,1,64,1,0.2,lr5e-05_bs16_modL1_fusion64_fusionL1_drop0p2_trmiss80_trlocclin,45,0.4192059760292371,0.665412167708079,0.5483193277310925,0.701017430327453,0.5777777777777777,0.0,0.0,0.0,0.0,2002,clin,0.8
2,1,lr5e-05_bs16_modL1_fusion64_fusionL1_drop0p2_trmiss80_trlocclin,16,5e-05,1,64,1,0.2,lr5e-05_bs16_modL1_fusion64_fusionL1_drop0p2_trmiss80_trlocclin,46,0.4357656290133794,0.6631840666135153,0.546218487394958,0.7014027942258184,0.5777777777777777,0.0,0.0,0.0,0.0,2002,clin,0.8
2,1,lr5e-05_bs16_modL1_fusion64_fusionL1_drop0p2_trmiss80_trlocclin,16,5e-05,1,64,1,0.2,lr5e-05_bs16_modL1_fusion64_fusionL1_drop0p2_trmiss80_trlocclin,47,0.4354298735658328,0.661549985408783,0.542016806722689,0.7033610747664161,0.6,0.0,0.0,0.0,0.0,2002,clin,0.8
2,1,lr5e-05_bs16_modL1_fusion64_fusionL1_drop0p2_trmiss80_trlocclin,16,5e-05,1,64,1,0.2,lr5e-05_bs16_modL1_fusion64_fusionL1_drop0p2_trmiss80_trlocclin,48,0.4284208615620931,0.6605717142422994,0.5420168067226891,0.7000666916029511,0.5777777777777777,0.0,0.0,0.0,0.0,2002,clin,0.8
2,1,lr5e-05_bs16_modL1_fusion64_fusionL1_drop0p2_trmiss80_trlocclin,16,5e-05,1,64,1,0.2,lr5e-05_bs16_modL1_fusion64_fusionL1_drop0p2_trmiss80_trlocclin,49,0.43661085019509,0.659267246723175,0.5567226890756303,0.706366753221545,0.6222222222222222,0.0,0.0,0.0,0.0,2002,clin,0.8
2,1,lr5e-05_bs16_modL1_fusion64_fusionL1_drop0p2_trmiss80_trlocclin,16,5e-05,1,64,1,0.2,lr5e-05_bs16_modL1_fusion64_fusionL1_drop0p2_trmiss80_trlocclin,50,0.4335764745871226,0.6571099559466044,0.5651260504201681,0.7142634338917125,0.6444444444444445,0.0,0.0,0.0,0.0,2002,clin,0.8
2,1,lr5e-05_bs16_modL1_fusion64_fusionL1_drop0p2_trmiss80_trlocclin,16,5e-05,1,64,1,0.2,lr5e-05_bs16_modL1_fusion64_fusionL1_drop0p2_trmiss80_trlocclin,51,0.4355900511145592,0.656360944112142,0.5672268907563025,0.7114585071010802,0.6222222222222222,0.0,0.0,0.0,0.0,2002,clin,0.8
2,1,lr5e-05_bs16_modL1_fusion64_fusionL1_drop0p2_trmiss80_trlocclin,16,5e-05,1,64,1,0.2,lr5e-05_bs16_modL1_fusion64_fusionL1_drop0p2_trmiss80_trlocclin,52,0.4472663129369418,0.6533894538879395,0.5756302521008404,0.7177421975267311,0.6222222222222222,0.0,0.0,0.0,0.0,2002,clin,0.8
2,1,lr5e-05_bs16_modL1_fusion64_fusionL1_drop0p1_trmiss80_trlocclin,16,5e-05,1,64,1,0.1,lr5e-05_bs16_modL1_fusion64_fusionL1_drop0p1_trmiss80_trlocclin,1,0.812450701991717,0.7036787271499634,0.5378151260504203,0.6816226102719536,0.4666666666666667,0.0,0.0,0.0,0.0,2002,clin,0.8
2,1,lr5e-05_bs16_modL1_fusion64_fusionL1_drop0p1_trmiss80_trlocclin,16,5e-05,1,64,1,0.1,lr5e-05_bs16_modL1_fusion64_fusionL1_drop0p1_trmiss80_trlocclin,2,0.747939666112264,0.7102146546045939,0.5336134453781513,0.6961289690998144,0.4888888888888889,0.0,0.0,0.0,0.0,2002,clin,0.8
2,1,lr5e-05_bs16_modL1_fusion64_fusionL1_drop0p1_trmiss80_trlocclin,16,5e-05,1,64,1,0.1,lr5e-05_bs16_modL1_fusion64_fusionL1_drop0p1_trmiss80_trlocclin,3,0.7152820080518723,0.7145151893297831,0.5441176470588236,0.7336374875465875,0.5555555555555556,0.0,0.0,0.0,0.0,2002,clin,0.8
2,1,lr5e-05_bs16_modL1_fusion64_fusionL1_drop0p1_trmiss80_trlocclin,16,5e-05,1,64,1,0.1,lr5e-05_bs16_modL1_fusion64_fusionL1_drop0p1_trmiss80_trlocclin,4,0.6984986861546835,0.706377903620402,0.5672268907563025,0.7353671092969712,0.5333333333333333,0.0,0.0,0.0,0.0,2002,clin,0.8
2,1,lr5e-05_bs16_modL1_fusion64_fusionL1_drop0p1_trmiss80_trlocclin,16,5e-05,1,64,1,0.1,lr5e-05_bs16_modL1_fusion64_fusionL1_drop0p1_trmiss80_trlocclin,5,0.6835254182418188,0.7086736559867859,0.5630252100840336,0.725946959341107,0.5111111111111111,0.0,0.0,0.0,0.0,2002,clin,0.8
2,1,lr5e-05_bs16_modL1_fusion64_fusionL1_drop0p1_trmiss80_trlocclin,16,5e-05,1,64,1,0.1,lr5e-05_bs16_modL1_fusion64_fusionL1_drop0p1_trmiss80_trlocclin,6,0.6769213775793711,0.7070028384526571,0.5714285714285714,0.7109315319589589,0.5333333333333333,0.0,0.0,0.0,0.0,2002,clin,0.8
2,1,lr5e-05_bs16_modL1_fusion64_fusionL1_drop0p1_trmiss80_trlocclin,16,5e-05,1,64,1,0.1,lr5e-05_bs16_modL1_fusion64_fusionL1_drop0p1_trmiss80_trlocclin,7,0.6773246377706528,0.7074426412582397,0.5567226890756303,0.7260055370864373,0.5111111111111111,0.0,0.0,0.0,0.0,2002,clin,0.8
2,1,lr5e-05_bs16_modL1_fusion64_fusionL1_drop0p1_trmiss80_trlocclin,16,5e-05,1,64,1,0.1,lr5e-05_bs16_modL1_fusion64_fusionL1_drop0p1_trmiss80_trlocclin,8,0.6440991163253784,0.7072647412618002,0.5546218487394958,0.71858600630746,0.4666666666666667,0.0,0.0,0.0,0.0,2002,clin,0.8
2,1,lr5e-05_bs16_modL1_fusion64_fusionL1_drop0p1_trmiss80_trlocclin,16,5e-05,1,64,1,0.1,lr5e-05_bs16_modL1_fusion64_fusionL1_drop0p1_trmiss80_trlocclin,9,0.6223042160272598,0.7053457697232565,0.5567226890756303,0.7352812229286952,0.4888888888888889,0.0,0.0,0.0,0.0,2002,clin,0.8
2,1,lr5e-05_bs16_modL1_fusion64_fusionL1_drop0p1_trmiss80_trlocclin,16,5e-05,1,64,1,0.1,lr5e-05_bs16_modL1_fusion64_fusionL1_drop0p1_trmiss80_trlocclin,10,0.6298912664254507,0.6980022589365641,0.5945378151260504,0.7637497247843162,0.5777777777777777,0.0,0.0,0.0,0.0,2002,clin,0.8
2,1,lr5e-05_bs16_modL1_fusion64_fusionL1_drop0p1_trmiss80_trlocclin,16,5e-05,1,64,1,0.1,lr5e-05_bs16_modL1_fusion64_fusionL1_drop0p1_trmiss80_trlocclin,11,0.6094062626361847,0.7090297937393188,0.5714285714285714,0.7484342653278627,0.5333333333333333,0.0,0.0,0.0,0.0,2002,clin,0.8
2,1,lr5e-05_bs16_modL1_fusion64_fusionL1_drop0p1_trmiss80_trlocclin,16,5e-05,1,64,1,0.1,lr5e-05_bs16_modL1_fusion64_fusionL1_drop0p1_trmiss80_trlocclin,12,0.6274367769559225,0.7087303797403971,0.5651260504201681,0.7426726373857837,0.5333333333333333,0.0,0.0,0.0,0.0,2002,clin,0.8
2,1,lr5e-05_bs16_modL1_fusion64_fusionL1_drop0p1_trmiss80_trlocclin,16,5e-05,1,64,1,0.1,lr5e-05_bs16_modL1_fusion64_fusionL1_drop0p1_trmiss80_trlocclin,13,0.5965314358472824,0.7062661250432333,0.5861344537815125,0.758196959641987,0.5111111111111111,0.0,0.0,0.0,0.0,2002,clin,0.8
2,1,lr5e-05_bs16_modL1_fusion64_fusionL1_drop0p1_trmiss80_trlocclin,16,5e-05,1,64,1,0.1,lr5e-05_bs16_modL1_fusion64_fusionL1_drop0p1_trmiss80_trlocclin,14,0.5982017169396082,0.7043459415435791,0.5651260504201681,0.7333863815669001,0.5555555555555556,0.0,0.0,0.0,0.0,2002,clin,0.8
2,1,lr5e-05_bs16_modL1_fusion64_fusionL1_drop0p1_trmiss80_trlocclin,16,5e-05,1,64,1,0.1,lr5e-05_bs16_modL1_fusion64_fusionL1_drop0p1_trmiss80_trlocclin,15,0.6060158809026083,0.7072945237159729,0.5672268907563025,0.7359276102609135,0.5111111111111111,0.0,0.0,0.0,0.0,2002,clin,0.8
2,1,lr5e-05_bs16_modL1_fusion64_fusionL1_drop0p1_trmiss80_trlocclin,16,5e-05,1,64,1,0.1,lr5e-05_bs16_modL1_fusion64_fusionL1_drop0p1_trmiss80_trlocclin,16,0.5987407118082047,0.7095794876416525,0.5462184873949579,0.7304818264749681,0.4888888888888889,0.0,0.0,0.0,0.0,2002,clin,0.8
2,1,lr5e-05_bs16_modL1_fusion64_fusionL1_drop0p1_trmiss80_trlocclin,16,5e-05,1,64,1,0.1,lr5e-05_bs16_modL1_fusion64_fusionL1_drop0p1_trmiss80_trlocclin,17,0.5832111835479736,0.6986576716105143,0.569327731092437,0.7445431572088642,0.5333333333333333,0.0,0.0,0.0,0.0,2002,clin,0.8
2,1,lr5e-05_bs16_modL1_fusion64_fusionL1_drop0p1_trmiss80_trlocclin,16,5e-05,1,64,1,0.1,lr5e-05_bs16_modL1_fusion64_fusionL1_drop0p1_trmiss80_trlocclin,18,0.5848257939020792,0.7017898758252462,0.5756302521008403,0.7432806007308186,0.5555555555555556,0.0,0.0,0.0,0.0,2002,clin,0.8
2,1,lr5e-05_bs16_modL1_fusion64_fusionL1_drop0p1_trmiss80_trlocclin,16,5e-05,1,64,1,0.1,lr5e-05_bs16_modL1_fusion64_fusionL1_drop0p1_trmiss80_trlocclin,19,0.5990954985221227,0.7060155669848124,0.569327731092437,0.7413447203053739,0.5111111111111111,0.0,0.0,0.0,0.0,2002,clin,0.8
2,1,lr5e-05_bs16_modL1_fusion64_fusionL1_drop0p1_trmiss80_trlocclin,16,5e-05,1,64,1,0.1,lr5e-05_bs16_modL1_fusion64_fusionL1_drop0p1_trmiss80_trlocclin,20,0.5666112378239632,0.6996538837750753,0.5840336134453782,0.7304018142858152,0.5333333333333333,0.0,0.0,0.0,0.0,2002,clin,0.8
2,1,lr5e-05_bs16_modL1_fusion64_fusionL1_drop0p1_trmiss80_trlocclin,16,5e-05,1,64,1,0.1,lr5e-05_bs16_modL1_fusion64_fusionL1_drop0p1_trmiss80_trlocclin,21,0.5910226901372274,0.7044137914975485,0.5882352941176471,0.73400700738412,0.5555555555555556,0.0,0.0,0.0,0.0,2002,clin,0.8
2,1,lr5e-05_bs16_modL1_fusion64_fusionL1_drop0p1_trmiss80_trlocclin,16,5e-05,1,64,1,0.1,lr5e-05_bs16_modL1_fusion64_fusionL1_drop0p1_trmiss80_trlocclin,22,0.5576096326112747,0.6948707898457845,0.6176470588235294,0.7723710084312296,0.5555555555555556,0.0,0.0,0.0,0.0,2002,clin,0.8
2,1,lr5e-05_bs16_modL1_fusion64_fusionL1_drop0p1_trmiss80_trlocclin,16,5e-05,1,64,1,0.1,lr5e-05_bs16_modL1_fusion64_fusionL1_drop0p1_trmiss80_trlocclin,23,0.553391066690286,0.6992672483126322,0.5861344537815125,0.7565561678874934,0.5777777777777777,0.0,0.0,0.0,0.0,2002,clin,0.8
2,1,lr5e-05_bs16_modL1_fusion64_fusionL1_drop0p1_trmiss80_trlocclin,16,5e-05,1,64,1,0.1,lr5e-05_bs16_modL1_fusion64_fusionL1_drop0p1_trmiss80_trlocclin,24,0.5670193781455358,0.697694996992747,0.6008403361344539,0.7767878650359709,0.5555555555555556,0.0,0.0,0.0,0.0,2002,clin,0.8
2,1,lr5e-05_bs16_modL1_fusion64_fusionL1_drop0p1_trmiss80_trlocclin,16,5e-05,1,64,1,0.1,lr5e-05_bs16_modL1_fusion64_fusionL1_drop0p1_trmiss80_trlocclin,25,0.564702515800794,0.6935827533404032,0.6029411764705883,0.7595263815173176,0.5111111111111111,0.0,0.0,0.0,0.0,2002,clin,0.8
2,1,lr5e-05_bs16_modL1_fusion64_fusionL1_drop0p1_trmiss80_trlocclin,16,5e-05,1,64,1,0.1,lr5e-05_bs16_modL1_fusion64_fusionL1_drop0p1_trmiss80_trlocclin,26,0.5730580190817515,0.697934110959371,0.6134453781512605,0.7808017156917416,0.5777777777777777,0.0,0.0,0.0,0.0,2002,clin,0.8
2,1,lr5e-05_bs16_modL1_fusion64_fusionL1_drop0p1_trmiss80_trlocclin,16,5e-05,1,64,1,0.1,lr5e-05_bs16_modL1_fusion64_fusionL1_drop0p1_trmiss80_trlocclin,27,0.5855114310979843,0.6983520984649658,0.6113445378151261,0.7804431802427487,0.5333333333333333,0.0,0.0,0.0,0.0,2002,clin,0.8
2,1,lr5e-05_bs16_modL1_fusion64_fusionL1_drop0p1_trmiss80_trlocclin,16,5e-05,1,64,1,0.1,lr5e-05_bs16_modL1_fusion64_fusionL1_drop0p1_trmiss80_trlocclin,28,0.5721878086527189,0.6970060467720032,0.6176470588235294,0.7783186955294351,0.5333333333333333,0.0,0.0,0.0,0.0,2002,clin,0.8
2,1,lr5e-05_bs16_modL1_fusion64_fusionL1_drop0p1_trmiss80_trlocclin,16,5e-05,1,64,1,0.1,lr5e-05_bs16_modL1_fusion64_fusionL1_drop0p1_trmiss80_trlocclin,29,0.558349996805191,0.6882553895314535,0.6176470588235294,0.7776643357522396,0.6,0.0,0.0,0.0,0.0,2002,clin,0.8
2,1,lr5e-05_bs16_modL1_fusion64_fusionL1_drop0p1_trmiss80_trlocclin,16,5e-05,1,64,1,0.1,lr5e-05_bs16_modL1_fusion64_fusionL1_drop0p1_trmiss80_trlocclin,30,0.5426326195398966,0.6858048240343729,0.6302521008403361,0.7814367952030817,0.5777777777777777,0.0,0.0,0.0,0.0,2002,clin,0.8
2,1,lr5e-05_bs16_modL1_fusion64_fusionL1_drop0p1_trmiss80_trlocclin,16,5e-05,1,64,1,0.1,lr5e-05_bs16_modL1_fusion64_fusionL1_drop0p1_trmiss80_trlocclin,31,0.5563438460230827,0.6910518209139506,0.6281512605042017,0.7894827956378311,0.5333333333333333,0.0,0.0,0.0,0.0,2002,clin,0.8
2,1,lr5e-05_bs16_modL1_fusion64_fusionL1_drop0p1_trmiss80_trlocclin,16,5e-05,1,64,1,0.1,lr5e-05_bs16_modL1_fusion64_fusionL1_drop0p1_trmiss80_trlocclin,32,0.5318127026160558,0.6953743100166321,0.6302521008403361,0.7895250717180582,0.5555555555555556,0.0,0.0,0.0,0.0,2002,clin,0.8
2,1,lr5e-05_bs16_modL1_fusion64_fusionL1_drop0p1_trmiss80_trlocclin,16,5e-05,1,64,1,0.1,lr5e-05_bs16_modL1_fusion64_fusionL1_drop0p1_trmiss80_trlocclin,33,0.5360300888617834,0.6883612473805746,0.6176470588235294,0.7741953358386181,0.5777777777777777,0.0,0.0,0.0,0.0,2002,clin,0.8
2,1,lr5e-05_bs16_modL1_fusion64_fusionL1_drop0p1_trmiss80_trlocclin,16,5e-05,1,64,1,0.1,lr5e-05_bs16_modL1_fusion64_fusionL1_drop0p1_trmiss80_trlocclin,34,0.5456747884551684,0.6906699935595194,0.6113445378151261,0.7744101298873886,0.6,0.0,0.0,0.0,0.0,2002,clin,0.8
2,1,lr5e-05_bs16_modL1_fusion64_fusionL1_drop0p1_trmiss80_trlocclin,16,5e-05,1,64,1,0.1,lr5e-05_bs16_modL1_fusion64_fusionL1_drop0p1_trmiss80_trlocclin,35,0.5432283108433088,0.6873246232668558,0.6302521008403361,0.7860990160785722,0.5111111111111111,0.0,0.0,0.0,0.0,2002,clin,0.8
2,1,lr5e-05_bs16_modL1_fusion64_fusionL1_drop0p1_trmiss80_trlocclin,16,5e-05,1,64,1,0.1,lr5e-05_bs16_modL1_fusion64_fusionL1_drop0p1_trmiss80_trlocclin,36,0.5212938239177068,0.6872469981511434,0.6008403361344538,0.7708548909485317,0.5555555555555556,0.0,0.0,0.0,0.0,2002,clin,0.8
2,1,lr5e-05_bs16_modL1_fusion64_fusionL1_drop0p1_trmiss80_trlocclin,16,5e-05,1,64,1,0.1,lr5e-05_bs16_modL1_fusion64_fusionL1_drop0p1_trmiss80_trlocclin,37,0.5483893503745397,0.6932188073794047,0.6176470588235294,0.7796905509115378,0.5111111111111111,0.0,0.0,0.0,0.0,2002,clin,0.8
2,1,lr5e-05_bs16_modL1_fusion64_fusionL1_drop0p1_trmiss80_trlocclin,16,5e-05,1,64,1,0.1,lr5e-05_bs16_modL1_fusion64_fusionL1_drop0p1_trmiss80_trlocclin,38,0.5173212339480718,0.686523954073588,0.6113445378151261,0.7776316374297166,0.5777777777777777,0.0,0.0,0.0,0.0,2002,clin,0.8
2,1,lr5e-05_bs16_modL1_fusion64_fusionL1_drop0p1_trmiss80_trlocclin,16,5e-05,1,64,1,0.1,lr5e-05_bs16_modL1_fusion64_fusionL1_drop0p1_trmiss80_trlocclin,39,0.5022617454330126,0.6887430548667908,0.6113445378151261,0.7777237576111224,0.5777777777777777,0.0,0.0,0.0,0.0,2002,clin,0.8
2,1,lr5e-05_bs16_modL1_fusion64_fusionL1_drop0p1_trmiss80_trlocclin,16,5e-05,1,64,1,0.1,lr5e-05_bs16_modL1_fusion64_fusionL1_drop0p1_trmiss80_trlocclin,40,0.5238326688607534,0.6821447809537252,0.6407563025210083,0.7901714103341961,0.5777777777777777,0.0,0.0,0.0,0.0,2002,clin,0.8
2,1,lr5e-05_bs16_modL1_fusion64_fusionL1_drop0p1_trmiss80_trlocclin,16,5e-05,1,64,1,0.1,lr5e-05_bs16_modL1_fusion64_fusionL1_drop0p1_trmiss80_trlocclin,41,0.5333789760867754,0.6841454108556112,0.6323529411764706,0.7895756228163061,0.5555555555555556,0.0,0.0,0.0,0.0,2002,clin,0.8
2,1,lr5e-05_bs16_modL1_fusion64_fusionL1_drop0p1_trmiss80_trlocclin,16,5e-05,1,64,1,0.1,lr5e-05_bs16_modL1_fusion64_fusionL1_drop0p1_trmiss80_trlocclin,42,0.5344566802183787,0.6852076053619385,0.6365546218487395,0.7914054381412661,0.5555555555555556,0.0,0.0,0.0,0.0,2002,clin,0.8
2,1,lr5e-05_bs16_modL1_fusion64_fusionL1_drop0p1_trmiss80_trlocclin,16,5e-05,1,64,1,0.1,lr5e-05_bs16_modL1_fusion64_fusionL1_drop0p1_trmiss80_trlocclin,43,0.5166900902986526,0.6831848820050558,0.6281512605042017,0.7885853809770639,0.5555555555555556,0.0,0.0,0.0,0.0,2002,clin,0.8
2,1,lr5e-05_bs16_modL1_fusion64_fusionL1_drop0p1_trmiss80_trlocclin,16,5e-05,1,64,1,0.1,lr5e-05_bs16_modL1_fusion64_fusionL1_drop0p1_trmiss80_trlocclin,44,0.5314348563551903,0.6860738396644592,0.6239495798319328,0.7863775678563193,0.5555555555555556,0.0,0.0,0.0,0.0,2002,clin,0.8
2,1,lr5e-05_bs16_modL1_fusion64_fusionL1_drop0p1_trmiss80_trlocclin,16,5e-05,1,64,1,0.1,lr5e-05_bs16_modL1_fusion64_fusionL1_drop0p1_trmiss80_trlocclin,45,0.5041657735904058,0.6840081016222636,0.6176470588235294,0.7817301539539586,0.5777777777777777,0.0,0.0,0.0,0.0,2002,clin,0.8
2,1,lr5e-05_bs16_modL1_fusion64_fusionL1_drop0p1_trmiss80_trlocclin,16,5e-05,1,64,1,0.1,lr5e-05_bs16_modL1_fusion64_fusionL1_drop0p1_trmiss80_trlocclin,46,0.5352042789260546,0.6838013529777527,0.615546218487395,0.7809466077559651,0.5777777777777777,0.0,0.0,0.0,0.0,2002,clin,0.8
2,1,lr5e-05_bs16_modL1_fusion64_fusionL1_drop0p1_trmiss80_trlocclin,16,5e-05,1,64,1,0.1,lr5e-05_bs16_modL1_fusion64_fusionL1_drop0p1_trmiss80_trlocclin,47,0.5250781054298083,0.683537483215332,0.6323529411764706,0.7858901004314517,0.5555555555555556,0.0,0.0,0.0,0.0,2002,clin,0.8
2,1,lr5e-05_bs16_modL1_fusion64_fusionL1_drop0p1_trmiss80_trlocclin,16,5e-05,1,64,1,0.1,lr5e-05_bs16_modL1_fusion64_fusionL1_drop0p1_trmiss80_trlocclin,48,0.5098248993357023,0.6767034530639648,0.6386554621848739,0.7924530619642826,0.6,0.0,0.0,0.0,0.0,2002,clin,0.8
2,1,lr5e-05_bs16_modL1_fusion64_fusionL1_drop0p1_trmiss80_trlocclin,16,5e-05,1,64,1,0.1,lr5e-05_bs16_modL1_fusion64_fusionL1_drop0p1_trmiss80_trlocclin,49,0.509829026957353,0.6771526137987772,0.6470588235294117,0.7948922396201176,0.6,0.0,0.0,0.0,0.0,2002,clin,0.8
2,1,lr5e-05_bs16_modL1_fusion64_fusionL1_drop0p1_trmiss80_trlocclin,16,5e-05,1,64,1,0.1,lr5e-05_bs16_modL1_fusion64_fusionL1_drop0p1_trmiss80_trlocclin,50,0.5021149963140488,0.6794303258260092,0.6386554621848739,0.7853420410241888,0.5777777777777777,0.0,0.0,0.0,0.0,2002,clin,0.8
2,1,lr5e-05_bs16_modL1_fusion64_fusionL1_drop0p1_trmiss80_trlocclin,16,5e-05,1,64,1,0.1,lr5e-05_bs16_modL1_fusion64_fusionL1_drop0p1_trmiss80_trlocclin,51,0.5147752116123835,0.680478831132253,0.6302521008403361,0.7869682042511641,0.5555555555555556,0.0,0.0,0.0,0.0,2002,clin,0.8
2,1,lr5e-05_bs16_modL1_fusion64_fusionL1_drop0p1_trmiss80_trlocclin,16,5e-05,1,64,1,0.1,lr5e-05_bs16_modL1_fusion64_fusionL1_drop0p1_trmiss80_trlocclin,52,0.5305651624997457,0.6850290695826212,0.6449579831932772,0.7954678753855,0.5555555555555556,0.0,0.0,0.0,0.0,2002,clin,0.8
2,1,lr5e-05_bs16_modL1_fusion64_fusionL1_drop0p1_trmiss80_trlocclin,16,5e-05,1,64,1,0.1,lr5e-05_bs16_modL1_fusion64_fusionL1_drop0p1_trmiss80_trlocclin,53,0.5011334717273712,0.6762687166531881,0.6512605042016806,0.7991744921318155,0.6222222222222222,0.0,0.0,0.0,0.0,2002,clin,0.8
2,1,lr5e-05_bs16_modL1_fusion64_fusionL1_drop0p1_trmiss80_trlocclin,16,5e-05,1,64,1,0.1,lr5e-05_bs16_modL1_fusion64_fusionL1_drop0p1_trmiss80_trlocclin,54,0.5221927389502525,0.6805335879325867,0.6260504201680672,0.781984065232317,0.5555555555555556,0.0,0.0,0.0,0.0,2002,clin,0.8
2,1,lr5e-05_bs16_modL1_fusion64_fusionL1_drop0p1_trmiss80_trlocclin,16,5e-05,1,64,1,0.1,lr5e-05_bs16_modL1_fusion64_fusionL1_drop0p1_trmiss80_trlocclin,55,0.5249989777803421,0.6866889198621114,0.6365546218487395,0.7866287003941078,0.5111111111111111,0.0,0.0,0.0,0.0,2002,clin,0.8
2,1,lr5e-05_bs16_modL1_fusion64_fusionL1_drop0p1_trmiss80_trlocclin,16,5e-05,1,64,1,0.1,lr5e-05_bs16_modL1_fusion64_fusionL1_drop0p1_trmiss80_trlocclin,56,0.5062112684051195,0.6777033805847168,0.6176470588235294,0.7795631252389422,0.5555555555555556,0.0,0.0,0.0,0.0,2002,clin,0.8
2,1,lr5e-05_bs16_modL1_fusion64_fusionL1_drop0p1_trmiss80_trlocclin,16,5e-05,1,64,1,0.1,lr5e-05_bs16_modL1_fusion64_fusionL1_drop0p1_trmiss80_trlocclin,57,0.5003175338109335,0.6778762141863505,0.6113445378151261,0.7779417391418528,0.5555555555555556,0.0,0.0,0.0,0.0,2002,clin,0.8
2,1,lr5e-05_bs16_modL1_fusion64_fusionL1_drop0p1_trmiss80_trlocclin,16,5e-05,1,64,1,0.1,lr5e-05_bs16_modL1_fusion64_fusionL1_drop0p1_trmiss80_trlocclin,58,0.49780041724443436,0.6847065289815267,0.6071428571428572,0.7749460982404179,0.5777777777777777,0.0,0.0,0.0,0.0,2002,clin,0.8
2,1,lr5e-05_bs16_modL1_fusion64_fusionL1_drop0p1_trmiss80_trlocclin,16,5e-05,1,64,1,0.1,lr5e-05_bs16_modL1_fusion64_fusionL1_drop0p1_trmiss80_trlocclin,59,0.5257338757316271,0.681280275185903,0.6155462184873949,0.7802924102027756,0.5333333333333333,0.0,0.0,0.0,0.0,2002,clin,0.8
2,1,lr5e-05_bs16_modL1_fusion64_fusionL1_drop0p1_trmiss80_trlocclin,16,5e-05,1,64,1,0.1,lr5e-05_bs16_modL1_fusion64_fusionL1_drop0p1_trmiss80_trlocclin,60,0.5062291125456492,0.6822166045506796,0.6260504201680672,0.7791024110224026,0.5555555555555556,0.0,0.0,0.0,0.0,2002,clin,0.8
2,1,lr5e-05_bs16_modL1_fusion64_fusionL1_drop0p1_trmiss80_trlocclin,16,5e-05,1,64,1,0.1,lr5e-05_bs16_modL1_fusion64_fusionL1_drop0p1_trmiss80_trlocclin,61,0.49875541528066,0.6856145064036051,0.6218487394957983,0.7735200084038368,0.5555555555555556,0.0,0.0,0.0,0.0,2002,clin,0.8
2,1,lr5e-05_bs16_modL1_fusion64_fusionL1_drop0p1_trmiss80_trlocclin,16,5e-05,1,64,1,0.1,lr5e-05_bs16_modL1_fusion64_fusionL1_drop0p1_trmiss80_trlocclin,62,0.4982759530345599,0.679547647635142,0.634453781512605,0.7900690104497964,0.5777777777777777,0.0,0.0,0.0,0.0,2002,clin,0.8
2,1,lr5e-05_bs16_modL1_fusion64_fusionL1_drop0p1_trmiss80_trlocclin,16,5e-05,1,64,1,0.1,lr5e-05_bs16_modL1_fusion64_fusionL1_drop0p1_trmiss80_trlocclin,63,0.5158165842294693,0.6836013595263163,0.634453781512605,0.7833936110829748,0.5777777777777777,0.0,0.0,0.0,0.0,2002,clin,0.8
2,1,lr5e-05_bs16_modL1_fusion64_fusionL1_drop0p1_trmiss80_trlocclin,16,5e-05,1,64,1,0.1,lr5e-05_bs16_modL1_fusion64_fusionL1_drop0p1_trmiss80_trlocclin,64,0.5121501584847769,0.6830393671989441,0.6134453781512605,0.7751811481208969,0.5333333333333333,0.0,0.0,0.0,0.0,2002,clin,0.8
2,1,lr5e-05_bs16_modL1_fusion64_fusionL1_drop0p1_trmiss80_trlocclin,16,5e-05,1,64,1,0.1,lr5e-05_bs16_modL1_fusion64_fusionL1_drop0p1_trmiss80_trlocclin,65,0.5050537064671516,0.6844945549964905,0.6176470588235294,0.7771918240020947,0.5555555555555556,0.0,0.0,0.0,0.0,2002,clin,0.8
2,1,lr5e-05_bs16_modL1_fusion64_fusionL1_drop0p1_trmiss80_trlocclin,16,5e-05,1,64,1,0.1,lr5e-05_bs16_modL1_fusion64_fusionL1_drop0p1_trmiss80_trlocclin,66,0.49526120473941165,0.676815390586853,0.6302521008403361,0.7819391383968307,0.5555555555555556,0.0,0.0,0.0,0.0,2002,clin,0.8
2,1,lr5e-05_bs16_modL1_fusion64_fusionL1_drop0p1_trmiss80_trlocclin,16,5e-05,1,64,1,0.1,lr5e-05_bs16_modL1_fusion64_fusionL1_drop0p1_trmiss80_trlocclin,67,0.4908489187558492,0.6778343121210734,0.6470588235294117,0.7954360949965767,0.5777777777777777,0.0,0.0,0.0,0.0,2002,clin,0.8
2,1,lr5e-05_bs16_modL1_fusion64_fusionL1_drop0p1_trmiss80_trlocclin,16,5e-05,1,64,1,0.1,lr5e-05_bs16_modL1_fusion64_fusionL1_drop0p1_trmiss80_trlocclin,68,0.5173362071315447,0.6819702784220377,0.6302521008403361,0.7877091529910504,0.5777777777777777,0.0,0.0,0.0,0.0,2002,clin,0.8
2,1,lr5e-05_bs16_modL1_fusion64_fusionL1_drop0p1_trmiss80_trlocclin,16,5e-05,1,64,1,0.1,lr5e-05_bs16_modL1_fusion64_fusionL1_drop0p1_trmiss80_trlocclin,69,0.512049543360869,0.6728892723719279,0.6302521008403361,0.7856793524887098,0.5777777777777777,0.0,0.0,0.0,0.0,2002,clin,0.8
2,1,lr5e-05_bs16_modL1_fusion64_fusionL1_drop0p1_trmiss80_trlocclin,16,5e-05,1,64,1,0.1,lr5e-05_bs16_modL1_fusion64_fusionL1_drop0p1_trmiss80_trlocclin,70,0.4952430451909701,0.6761402686436971,0.634453781512605,0.7870776397183524,0.6,0.0,0.0,0.0,0.0,2002,clin,0.8
2,1,lr5e-05_bs16_modL1_fusion64_fusionL1_drop0p1_trmiss80_trlocclin,16,5e-05,1,64,1,0.1,lr5e-05_bs16_modL1_fusion64_fusionL1_drop0p1_trmiss80_trlocclin,71,0.5009163022041321,0.6744781931241354,0.6365546218487395,0.7896672733729793,0.6,0.0,0.0,0.0,0.0,2002,clin,0.8
2,1,lr5e-05_bs16_modL1_fusion64_fusionL1_drop0p1_trmiss80_trlocclin,16,5e-05,1,64,1,0.1,lr5e-05_bs16_modL1_fusion64_fusionL1_drop0p1_trmiss80_trlocclin,72,0.500401164094607,0.683616062005361,0.5987394957983194,0.7690763826056997,0.5333333333333333,0.0,0.0,0.0,0.0,2002,clin,0.8
2,1,lr5e-05_bs16_modL1_fusion64_fusionL1_drop0p1_trmiss80_trlocclin,16,5e-05,1,64,1,0.1,lr5e-05_bs16_modL1_fusion64_fusionL1_drop0p1_trmiss80_trlocclin,73,0.48411040504773456,0.6785237193107605,0.6029411764705882,0.7667444158489413,0.5777777777777777,0.0,0.0,0.0,0.0,2002,clin,0.8
2,1,lr1e-04_bs16_modL1_fusion32_fusionL1_drop0p2_trmiss80_trlocclin,16,0.0001,1,32,1,0.2,lr1e-04_bs16_modL1_fusion32_fusionL1_drop0p2_trmiss80_trlocclin,1,0.6823964913686117,0.6849313775698344,0.453781512605042,0.6168838439018364,0.5555555555555556,0.0,0.0,0.0,0.0,2002,clin,0.8
2,1,lr1e-04_bs16_modL1_fusion32_fusionL1_drop0p2_trmiss80_trlocclin,16,0.0001,1,32,1,0.2,lr1e-04_bs16_modL1_fusion32_fusionL1_drop0p2_trmiss80_trlocclin,2,0.641351635257403,0.6816242138544718,0.5021008403361344,0.6487875983631605,0.5555555555555556,0.0,0.0,0.0,0.0,2002,clin,0.8
2,1,lr1e-04_bs16_modL1_fusion32_fusionL1_drop0p2_trmiss80_trlocclin,16,0.0001,1,32,1,0.2,lr1e-04_bs16_modL1_fusion32_fusionL1_drop0p2_trmiss80_trlocclin,3,0.6311586747566859,0.6766684055328369,0.5168067226890757,0.6682662792951373,0.5333333333333333,0.0,0.0,0.0,0.0,2002,clin,0.8
2,1,lr1e-04_bs16_modL1_fusion32_fusionL1_drop0p2_trmiss80_trlocclin,16,0.0001,1,32,1,0.2,lr1e-04_bs16_modL1_fusion32_fusionL1_drop0p2_trmiss80_trlocclin,4,0.615224669377009,0.6726834177970886,0.5294117647058824,0.7058295995518531,0.5333333333333333,0.0,0.0,0.0,0.0,2002,clin,0.8
2,1,lr1e-04_bs16_modL1_fusion32_fusionL1_drop0p2_trmiss80_trlocclin,16,0.0001,1,32,1,0.2,lr1e-04_bs16_modL1_fusion32_fusionL1_drop0p2_trmiss80_trlocclin,5,0.5979991058508555,0.6835468212763468,0.4894957983193277,0.6763911233466778,0.5555555555555556,0.0,0.0,0.0,0.0,2002,clin,0.8
2,1,lr1e-04_bs16_modL1_fusion32_fusionL1_drop0p2_trmiss80_trlocclin,16,0.0001,1,32,1,0.2,lr1e-04_bs16_modL1_fusion32_fusionL1_drop0p2_trmiss80_trlocclin,6,0.5851434469223022,0.6879347165425619,0.4579831932773109,0.663962410695754,0.4666666666666667,0.0,0.0,0.0,0.0,2002,clin,0.8
2,1,lr1e-04_bs16_modL1_fusion32_fusionL1_drop0p2_trmiss80_trlocclin,16,0.0001,1,32,1,0.2,lr1e-04_bs16_modL1_fusion32_fusionL1_drop0p2_trmiss80_trlocclin,7,0.5772834395368894,0.6838217377662659,0.48529411764705876,0.6613595200684089,0.5333333333333333,0.0,0.0,0.0,0.0,2002,clin,0.8
2,1,lr1e-04_bs16_modL1_fusion32_fusionL1_drop0p2_trmiss80_trlocclin,16,0.0001,1,32,1,0.2,lr1e-04_bs16_modL1_fusion32_fusionL1_drop0p2_trmiss80_trlocclin,8,0.5864735295375189,0.6807129581769308,0.5021008403361344,0.6615788870485052,0.5333333333333333,0.0,0.0,0.0,0.0,2002,clin,0.8
2,1,lr1e-04_bs16_modL1_fusion32_fusionL1_drop0p2_trmiss80_trlocclin,16,0.0001,1,32,1,0.2,lr1e-04_bs16_modL1_fusion32_fusionL1_drop0p2_trmiss80_trlocclin,9,0.5732991695404053,0.6806909839312235,0.5084033613445379,0.6731344079020649,0.5111111111111111,0.0,0.0,0.0,0.0,2002,clin,0.8
2,1,lr1e-04_bs16_modL1_fusion32_fusionL1_drop0p2_trmiss80_trlocclin,16,0.0001,1,32,1,0.2,lr1e-04_bs16_modL1_fusion32_fusionL1_drop0p2_trmiss80_trlocclin,10,0.5669272691011429,0.6717185179392496,0.5315126050420168,0.6941782984229892,0.5555555555555556,0.0,0.0,0.0,0.0,2002,clin,0.8
2,1,lr1e-04_bs16_modL1_fusion32_fusionL1_drop0p2_trmiss80_trlocclin,16,0.0001,1,32,1,0.2,lr1e-04_bs16_modL1_fusion32_fusionL1_drop0p2_trmiss80_trlocclin,11,0.5466784238815308,0.6697782675425211,0.5294117647058822,0.7091638920719454,0.6,0.0,0.0,0.0,0.0,2002,clin,0.8
2,1,lr1e-04_bs16_modL1_fusion32_fusionL1_drop0p2_trmiss80_trlocclin,16,0.0001,1,32,1,0.2,lr1e-04_bs16_modL1_fusion32_fusionL1_drop0p2_trmiss80_trlocclin,12,0.5540877083937327,0.6713060537974039,0.542016806722689,0.725328120112233,0.5555555555555556,0.0,0.0,0.0,0.0,2002,clin,0.8
2,1,lr1e-04_bs16_modL1_fusion32_fusionL1_drop0p2_trmiss80_trlocclin,16,0.0001,1,32,1,0.2,lr1e-04_bs16_modL1_fusion32_fusionL1_drop0p2_trmiss80_trlocclin,13,0.5635294616222382,0.6643979350725809,0.5630252100840336,0.7227987158873361,0.6222222222222222,0.0,0.0,0.0,0.0,2002,clin,0.8
2,1,lr1e-04_bs16_modL1_fusion32_fusionL1_drop0p2_trmiss80_trlocclin,16,0.0001,1,32,1,0.2,lr1e-04_bs16_modL1_fusion32_fusionL1_drop0p2_trmiss80_trlocclin,14,0.5365650355815887,0.665440301100413,0.5441176470588235,0.7025308445415481,0.6,0.0,0.0,0.0,0.0,2002,clin,0.8
2,1,lr1e-04_bs16_modL1_fusion32_fusionL1_drop0p2_trmiss80_trlocclin,16,0.0001,1,32,1,0.2,lr1e-04_bs16_modL1_fusion32_fusionL1_drop0p2_trmiss80_trlocclin,15,0.516471154987812,0.6685154239336649,0.5210084033613445,0.681869526696787,0.6,0.0,0.0,0.0,0.0,2002,clin,0.8
2,1,lr1e-04_bs16_modL1_fusion32_fusionL1_drop0p2_trmiss80_trlocclin,16,0.0001,1,32,1,0.2,lr1e-04_bs16_modL1_fusion32_fusionL1_drop0p2_trmiss80_trlocclin,16,0.5137675056854883,0.6649792989095052,0.5378151260504201,0.7126302810882776,0.5777777777777777,0.0,0.0,0.0,0.0,2002,clin,0.8
2,1,lr1e-04_bs16_modL1_fusion32_fusionL1_drop0p2_trmiss80_trlocclin,16,0.0001,1,32,1,0.2,lr1e-04_bs16_modL1_fusion32_fusionL1_drop0p2_trmiss80_trlocclin,17,0.5138758743802706,0.6629833380381266,0.5462184873949579,0.7027222799537214,0.6,0.0,0.0,0.0,0.0,2002,clin,0.8
2,1,lr1e-04_bs16_modL1_fusion32_fusionL1_drop0p2_trmiss80_trlocclin,16,0.0001,1,32,1,0.2,lr1e-04_bs16_modL1_fusion32_fusionL1_drop0p2_trmiss80_trlocclin,18,0.49674192319313687,0.6611800392468771,0.5630252100840336,0.710238545804035,0.6,0.0,0.0,0.0,0.0,2002,clin,0.8
2,1,lr1e-04_bs16_modL1_fusion32_fusionL1_drop0p2_trmiss80_trlocclin,16,0.0001,1,32,1,0.2,lr1e-04_bs16_modL1_fusion32_fusionL1_drop0p2_trmiss80_trlocclin,19,0.48705552021662396,0.6571287512779236,0.5651260504201681,0.7038306407891206,0.6,0.0,0.0,0.0,0.0,2002,clin,0.8
2,1,lr1e-04_bs16_modL1_fusion32_fusionL1_drop0p2_trmiss80_trlocclin,16,0.0001,1,32,1,0.2,lr1e-04_bs16_modL1_fusion32_fusionL1_drop0p2_trmiss80_trlocclin,20,0.48338930557171506,0.6633578141530355,0.5567226890756303,0.6944974761994395,0.5333333333333333,0.0,0.0,0.0,0.0,2002,clin,0.8
2,1,lr1e-04_bs16_modL1_fusion32_fusionL1_drop0p2_trmiss80_trlocclin,16,0.0001,1,32,1,0.2,lr1e-04_bs16_modL1_fusion32_fusionL1_drop0p2_trmiss80_trlocclin,21,0.48615452150503796,0.6606273452440897,0.5630252100840336,0.6989189272283166,0.5777777777777777,0.0,0.0,0.0,0.0,2002,clin,0.8
2,1,lr1e-04_bs16_modL1_fusion32_fusionL1_drop0p2_trmiss80_trlocclin,16,0.0001,1,32,1,0.2,lr1e-04_bs16_modL1_fusion32_fusionL1_drop0p2_trmiss80_trlocclin,22,0.48643477261066437,0.6629499395688375,0.546218487394958,0.6877715957227188,0.5777777777777777,0.0,0.0,0.0,0.0,2002,clin,0.8
2,1,lr1e-04_bs16_modL1_fusion32_fusionL1_drop0p2_trmiss80_trlocclin,16,0.0001,1,32,1,0.2,lr1e-04_bs16_modL1_fusion32_fusionL1_drop0p2_trmiss80_trlocclin,23,0.47639696051677066,0.6549808979034424,0.5756302521008403,0.7244567926285476,0.6,0.0,0.0,0.0,0.0,2002,clin,0.8
2,1,lr1e-04_bs16_modL1_fusion32_fusionL1_drop0p2_trmiss80_trlocclin,16,0.0001,1,32,1,0.2,lr1e-04_bs16_modL1_fusion32_fusionL1_drop0p2_trmiss80_trlocclin,24,0.46440539757410687,0.6472705403963724,0.6029411764705882,0.7440578755187144,0.6,0.0,0.0,0.0,0.0,2002,clin,0.8
2,1,lr1e-04_bs16_modL1_fusion32_fusionL1_drop0p2_trmiss80_trlocclin,16,0.0001,1,32,1,0.2,lr1e-04_bs16_modL1_fusion32_fusionL1_drop0p2_trmiss80_trlocclin,25,0.45671463261048,0.6357037226359049,0.6386554621848739,0.7685798088969126,0.6666666666666666,0.0,0.0,0.0,0.0,2002,clin,0.8
2,1,lr1e-04_bs16_modL1_fusion32_fusionL1_drop0p2_trmiss80_trlocclin,16,0.0001,1,32,1,0.2,lr1e-04_bs16_modL1_fusion32_fusionL1_drop0p2_trmiss80_trlocclin,26,0.4337001343568166,0.6429559389750162,0.6092436974789915,0.7490334601283701,0.5777777777777777,0.0,0.0,0.0,0.0,2002,clin,0.8
2,1,lr1e-04_bs16_modL1_fusion32_fusionL1_drop0p2_trmiss80_trlocclin,16,0.0001,1,32,1,0.2,lr1e-04_bs16_modL1_fusion32_fusionL1_drop0p2_trmiss80_trlocclin,27,0.4221348191301028,0.6386153896649679,0.6281512605042017,0.7575328607346754,0.6222222222222222,0.0,0.0,0.0,0.0,2002,clin,0.8
2,1,lr1e-04_bs16_modL1_fusion32_fusionL1_drop0p2_trmiss80_trlocclin,16,0.0001,1,32,1,0.2,lr1e-04_bs16_modL1_fusion32_fusionL1_drop0p2_trmiss80_trlocclin,28,0.4207175374031067,0.6392842133839926,0.6386554621848739,0.7682324843683497,0.6888888888888889,0.0,0.0,0.0,0.0,2002,clin,0.8
2,1,lr1e-04_bs16_modL1_fusion32_fusionL1_drop0p2_trmiss80_trlocclin,16,0.0001,1,32,1,0.2,lr1e-04_bs16_modL1_fusion32_fusionL1_drop0p2_trmiss80_trlocclin,29,0.4342657004793485,0.6345352530479431,0.6554621848739496,0.7673433081115906,0.6666666666666666,0.0,0.0,0.0,0.0,2002,clin,0.8
2,1,lr1e-04_bs16_modL1_fusion32_fusionL1_drop0p2_trmiss80_trlocclin,16,0.0001,1,32,1,0.2,lr1e-04_bs16_modL1_fusion32_fusionL1_drop0p2_trmiss80_trlocclin,30,0.4184777761499087,0.6331126888593038,0.6638655462184875,0.7684950342970073,0.6222222222222222,0.0,0.0,0.0,0.0,2002,clin,0.8
2,1,lr1e-04_bs16_modL1_fusion32_fusionL1_drop0p2_trmiss80_trlocclin,16,0.0001,1,32,1,0.2,lr1e-04_bs16_modL1_fusion32_fusionL1_drop0p2_trmiss80_trlocclin,31,0.40157785018285114,0.6283961137135824,0.657563025210084,0.7598951433208952,0.6666666666666666,0.0,0.0,0.0,0.0,2002,clin,0.8
2,1,lr1e-04_bs16_modL1_fusion32_fusionL1_drop0p2_trmiss80_trlocclin,16,0.0001,1,32,1,0.2,lr1e-04_bs16_modL1_fusion32_fusionL1_drop0p2_trmiss80_trlocclin,32,0.4022964636484782,0.628454347451528,0.6680672268907563,0.7661954073369296,0.7111111111111111,0.0,0.0,0.0,0.0,2002,clin,0.8
2,1,lr1e-04_bs16_modL1_fusion32_fusionL1_drop0p2_trmiss80_trlocclin,16,0.0001,1,32,1,0.2,lr1e-04_bs16_modL1_fusion32_fusionL1_drop0p2_trmiss80_trlocclin,33,0.4199065491557121,0.6328498522440592,0.6449579831932774,0.7475324196444572,0.6,0.0,0.0,0.0,0.0,2002,clin,0.8
2,1,lr1e-04_bs16_modL1_fusion32_fusionL1_drop0p2_trmiss80_trlocclin,16,0.0001,1,32,1,0.2,lr1e-04_bs16_modL1_fusion32_fusionL1_drop0p2_trmiss80_trlocclin,34,0.3966209615270297,0.6332182089487711,0.657563025210084,0.7348824550240488,0.6666666666666666,0.0,0.0,0.0,0.0,2002,clin,0.8
2,1,lr1e-04_bs16_modL1_fusion32_fusionL1_drop0p2_trmiss80_trlocclin,16,0.0001,1,32,1,0.2,lr1e-04_bs16_modL1_fusion32_fusionL1_drop0p2_trmiss80_trlocclin,35,0.4075578923026721,0.626943051815033,0.6785714285714286,0.7417122112407774,0.6888888888888889,0.0,0.0,0.0,0.0,2002,clin,0.8
2,1,lr1e-04_bs16_modL1_fusion32_fusionL1_drop0p2_trmiss80_trlocclin,16,0.0001,1,32,1,0.2,lr1e-04_bs16_modL1_fusion32_fusionL1_drop0p2_trmiss80_trlocclin,36,0.3817034934957822,0.623919943968455,0.6848739495798319,0.7713456860998144,0.7333333333333333,0.0,0.0,0.0,0.0,2002,clin,0.8
2,1,lr1e-04_bs16_modL1_fusion32_fusionL1_drop0p2_trmiss80_trlocclin,16,0.0001,1,32,1,0.2,lr1e-04_bs16_modL1_fusion32_fusionL1_drop0p2_trmiss80_trlocclin,37,0.39401382704575855,0.6156655748685201,0.6995798319327731,0.7784973476614996,0.7111111111111111,0.0,0.0,0.0,0.0,2002,clin,0.8
2,1,lr1e-04_bs16_modL1_fusion32_fusionL1_drop0p2_trmiss80_trlocclin,16,0.0001,1,32,1,0.2,lr1e-04_bs16_modL1_fusion32_fusionL1_drop0p2_trmiss80_trlocclin,38,0.3681856244802475,0.6166960000991821,0.6785714285714286,0.7655313161267128,0.6666666666666666,0.0,0.0,0.0,0.0,2002,clin,0.8
2,1,lr1e-04_bs16_modL1_fusion32_fusionL1_drop0p2_trmiss80_trlocclin,16,0.0001,1,32,1,0.2,lr1e-04_bs16_modL1_fusion32_fusionL1_drop0p2_trmiss80_trlocclin,39,0.36086972802877426,0.6086084445317587,0.7184873949579831,0.7998114092510182,0.7111111111111111,0.0,0.0,0.0,0.0,2002,clin,0.8
2,1,lr1e-04_bs16_modL1_fusion32_fusionL1_drop0p2_trmiss80_trlocclin,16,0.0001,1,32,1,0.2,lr1e-04_bs16_modL1_fusion32_fusionL1_drop0p2_trmiss80_trlocclin,40,0.3481482391556104,0.6126045187314352,0.6932773109243697,0.7907474033668925,0.6888888888888889,0.0,0.0,0.0,0.0,2002,clin,0.8
2,1,lr1e-04_bs16_modL1_fusion32_fusionL1_drop0p2_trmiss80_trlocclin,16,0.0001,1,32,1,0.2,lr1e-04_bs16_modL1_fusion32_fusionL1_drop0p2_trmiss80_trlocclin,41,0.3700151393810908,0.622078537940979,0.6890756302521008,0.7795472479284752,0.6444444444444445,0.0,0.0,0.0,0.0,2002,clin,0.8
2,1,lr1e-04_bs16_modL1_fusion32_fusionL1_drop0p2_trmiss80_trlocclin,16,0.0001,1,32,1,0.2,lr1e-04_bs16_modL1_fusion32_fusionL1_drop0p2_trmiss80_trlocclin,42,0.3441422258814176,0.614089290301005,0.7100840336134453,0.7947514614810354,0.6444444444444445,0.0,0.0,0.0,0.0,2002,clin,0.8
2,1,lr1e-04_bs16_modL1_fusion32_fusionL1_drop0p2_trmiss80_trlocclin,16,0.0001,1,32,1,0.2,lr1e-04_bs16_modL1_fusion32_fusionL1_drop0p2_trmiss80_trlocclin,43,0.33013152082761127,0.6046975255012512,0.7163865546218487,0.8019620138229504,0.7111111111111111,0.0,0.0,0.0,0.0,2002,clin,0.8
2,1,lr1e-04_bs16_modL1_fusion32_fusionL1_drop0p2_trmiss80_trlocclin,16,0.0001,1,32,1,0.2,lr1e-04_bs16_modL1_fusion32_fusionL1_drop0p2_trmiss80_trlocclin,44,0.32589514305194217,0.604928215344747,0.7205882352941178,0.8013016582818084,0.6888888888888889,0.0,0.0,0.0,0.0,2002,clin,0.8
2,1,lr1e-04_bs16_modL1_fusion32_fusionL1_drop0p2_trmiss80_trlocclin,16,0.0001,1,32,1,0.2,lr1e-04_bs16_modL1_fusion32_fusionL1_drop0p2_trmiss80_trlocclin,45,0.32297852138678235,0.6112712025642395,0.6953781512605043,0.7797623858814251,0.7111111111111111,0.0,0.0,0.0,0.0,2002,clin,0.8
2,1,lr1e-04_bs16_modL1_fusion32_fusionL1_drop0p2_trmiss80_trlocclin,16,0.0001,1,32,1,0.2,lr1e-04_bs16_modL1_fusion32_fusionL1_drop0p2_trmiss80_trlocclin,46,0.3240739591419697,0.6063665350278219,0.7037815126050421,0.7795198047182506,0.7333333333333333,0.0,0.0,0.0,0.0,2002,clin,0.8
2,1,lr1e-04_bs16_modL1_fusion32_fusionL1_drop0p2_trmiss80_trlocclin,16,0.0001,1,32,1,0.2,lr1e-04_bs16_modL1_fusion32_fusionL1_drop0p2_trmiss80_trlocclin,47,0.30819790561993915,0.5999916195869446,0.7352941176470589,0.7933690540049124,0.7555555555555555,0.0,0.0,0.0,0.0,2002,clin,0.8
2,1,lr1e-04_bs16_modL1_fusion32_fusionL1_drop0p2_trmiss80_trlocclin,16,0.0001,1,32,1,0.2,lr1e-04_bs16_modL1_fusion32_fusionL1_drop0p2_trmiss80_trlocclin,48,0.2914115662376086,0.6012622117996216,0.7373949579831933,0.7996710658012339,0.7111111111111111,0.0,0.0,0.0,0.0,2002,clin,0.8
2,1,lr1e-04_bs16_modL1_fusion32_fusionL1_drop0p2_trmiss80_trlocclin,16,0.0001,1,32,1,0.2,lr1e-04_bs16_modL1_fusion32_fusionL1_drop0p2_trmiss80_trlocclin,49,0.3010984460512797,0.6040334105491638,0.7121848739495797,0.7732789259589791,0.7333333333333333,0.0,0.0,0.0,0.0,2002,clin,0.8
2,1,lr1e-04_bs16_modL1_fusion32_fusionL1_drop0p2_trmiss80_trlocclin,16,0.0001,1,32,1,0.2,lr1e-04_bs16_modL1_fusion32_fusionL1_drop0p2_trmiss80_trlocclin,50,0.2879152074456215,0.6042169332504272,0.7142857142857143,0.7703770132437285,0.7333333333333333,0.0,0.0,0.0,0.0,2002,clin,0.8
2,1,lr1e-04_bs16_modL1_fusion32_fusionL1_drop0p2_trmiss80_trlocclin,16,0.0001,1,32,1,0.2,lr1e-04_bs16_modL1_fusion32_fusionL1_drop0p2_trmiss80_trlocclin,51,0.33180943379799527,0.6074304779370626,0.6953781512605042,0.7717918121714317,0.7111111111111111,0.0,0.0,0.0,0.0,2002,clin,0.8
2,1,lr1e-04_bs16_modL1_fusion32_fusionL1_drop0p2_trmiss80_trlocclin,16,0.0001,1,32,1,0.2,lr1e-04_bs16_modL1_fusion32_fusionL1_drop0p2_trmiss80_trlocclin,52,0.28124095872044563,0.5960285464922587,0.7142857142857143,0.8026866440127598,0.7333333333333333,0.0,0.0,0.0,0.0,2002,clin,0.8
2,1,lr1e-04_bs16_modL1_fusion32_fusionL1_drop0p2_trmiss80_trlocclin,16,0.0001,1,32,1,0.2,lr1e-04_bs16_modL1_fusion32_fusionL1_drop0p2_trmiss80_trlocclin,53,0.28060098613301915,0.5921415984630585,0.7226890756302521,0.7949535671379089,0.6666666666666666,0.0,0.0,0.0,0.0,2002,clin,0.8
2,1,lr1e-04_bs16_modL1_fusion32_fusionL1_drop0p2_trmiss80_trlocclin,16,0.0001,1,32,1,0.2,lr1e-04_bs16_modL1_fusion32_fusionL1_drop0p2_trmiss80_trlocclin,54,0.2764924081663291,0.5882091422875723,0.7373949579831933,0.8081864641974155,0.7111111111111111,0.0,0.0,0.0,0.0,2002,clin,0.8
2,1,lr1e-04_bs16_modL1_fusion32_fusionL1_drop0p2_trmiss80_trlocclin,16,0.0001,1,32,1,0.2,lr1e-04_bs16_modL1_fusion32_fusionL1_drop0p2_trmiss80_trlocclin,55,0.292424072821935,0.5860404868920644,0.75,0.8206962226539374,0.6888888888888889,0.0,0.0,0.0,0.0,2002,clin,0.8
2,1,lr1e-04_bs16_modL1_fusion32_fusionL1_drop0p2_trmiss80_trlocclin,16,0.0001,1,32,1,0.2,lr1e-04_bs16_modL1_fusion32_fusionL1_drop0p2_trmiss80_trlocclin,56,0.27035244678457576,0.5844653447469076,0.7457983193277311,0.8179813259913806,0.6666666666666666,0.0,0.0,0.0,0.0,2002,clin,0.8
2,1,lr1e-04_bs16_modL1_fusion32_fusionL1_drop0p2_trmiss80_trlocclin,16,0.0001,1,32,1,0.2,lr1e-04_bs16_modL1_fusion32_fusionL1_drop0p2_trmiss80_trlocclin,57,0.26713508864243823,0.5930536190668741,0.7121848739495797,0.7998223913874831,0.6888888888888889,0.0,0.0,0.0,0.0,2002,clin,0.8
2,1,lr1e-04_bs16_modL1_fusion32_fusionL1_drop0p2_trmiss80_trlocclin,16,0.0001,1,32,1,0.2,lr1e-04_bs16_modL1_fusion32_fusionL1_drop0p2_trmiss80_trlocclin,58,0.27547817180554074,0.6064000725746155,0.6764705882352942,0.7711053737209698,0.6444444444444445,0.0,0.0,0.0,0.0,2002,clin,0.8
2,1,lr1e-04_bs16_modL1_fusion32_fusionL1_drop0p2_trmiss80_trlocclin,16,0.0001,1,32,1,0.2,lr1e-04_bs16_modL1_fusion32_fusionL1_drop0p2_trmiss80_trlocclin,59,0.25593580305576324,0.6151089270909628,0.6785714285714286,0.7681882226773706,0.6222222222222222,0.0,0.0,0.0,0.0,2002,clin,0.8
2,1,lr1e-04_bs16_modL1_fusion32_fusionL1_drop0p2_trmiss80_trlocclin,16,0.0001,1,32,1,0.2,lr1e-04_bs16_modL1_fusion32_fusionL1_drop0p2_trmiss80_trlocclin,60,0.2649598258237044,0.6062623262405396,0.6932773109243697,0.7599274691090266,0.6888888888888889,0.0,0.0,0.0,0.0,2002,clin,0.8
2,1,lr1e-04_bs16_modL1_fusion32_fusionL1_drop0p2_trmiss80_trlocclin,16,0.0001,1,32,1,0.2,lr1e-04_bs16_modL1_fusion32_fusionL1_drop0p2_trmiss80_trlocclin,61,0.24989452213048935,0.6021817723910013,0.707983193277311,0.7810319578668762,0.6888888888888889,0.0,0.0,0.0,0.0,2002,clin,0.8
2,1,lr1e-04_bs16_modL1_fusion32_fusionL1_drop0p2_trmiss80_trlocclin,16,0.0001,1,32,1,0.2,lr1e-04_bs16_modL1_fusion32_fusionL1_drop0p2_trmiss80_trlocclin,62,0.24952853843569756,0.5901319086551666,0.7394957983193278,0.7844991059076794,0.7111111111111111,0.0,0.0,0.0,0.0,2002,clin,0.8
2,1,lr1e-04_bs16_modL1_fusion32_fusionL1_drop0p2_trmiss80_trlocclin,16,0.0001,1,32,1,0.2,lr1e-04_bs16_modL1_fusion32_fusionL1_drop0p2_trmiss80_trlocclin,63,0.2628596102197965,0.5974220633506775,0.7142857142857143,0.7759533634958842,0.7333333333333333,0.0,0.0,0.0,0.0,2002,clin,0.8
2,1,lr1e-04_bs16_modL1_fusion32_fusionL1_drop0p2_trmiss80_trlocclin,16,0.0001,1,32,1,0.2,lr1e-04_bs16_modL1_fusion32_fusionL1_drop0p2_trmiss80_trlocclin,64,0.23136268804470697,0.589094320933024,0.73109243697479,0.7854787822297569,0.7111111111111111,0.0,0.0,0.0,0.0,2002,clin,0.8
2,1,lr1e-04_bs16_modL1_fusion32_fusionL1_drop0p2_trmiss80_trlocclin,16,0.0001,1,32,1,0.2,lr1e-04_bs16_modL1_fusion32_fusionL1_drop0p2_trmiss80_trlocclin,65,0.23046362524231276,0.5932071805000305,0.7373949579831933,0.7901919203136957,0.7111111111111111,0.0,0.0,0.0,0.0,2002,clin,0.8
2,1,lr1e-04_bs16_modL1_fusion32_fusionL1_drop0p2_trmiss80_trlocclin,16,0.0001,1,32,1,0.2,lr1e-04_bs16_modL1_fusion32_fusionL1_drop0p2_trmiss80_trlocclin,66,0.2532501046856244,0.5850501457850138,0.7415966386554622,0.7941066681848292,0.7111111111111111,0.0,0.0,0.0,0.0,2002,clin,0.8
2,1,lr1e-04_bs16_modL1_fusion32_fusionL1_drop0p2_trmiss80_trlocclin,16,0.0001,1,32,1,0.2,lr1e-04_bs16_modL1_fusion32_fusionL1_drop0p2_trmiss80_trlocclin,67,0.23033912355701128,0.5965354045232137,0.7268907563025211,0.786820801864249,0.7111111111111111,0.0,0.0,0.0,0.0,2002,clin,0.8
2,1,lr1e-04_bs16_modL1_fusion32_fusionL1_drop0p2_trmiss80_trlocclin,16,0.0001,1,32,1,0.2,lr1e-04_bs16_modL1_fusion32_fusionL1_drop0p2_trmiss80_trlocclin,68,0.2372212534149488,0.601349284251531,0.7289915966386555,0.7835714663038456,0.7111111111111111,0.0,0.0,0.0,0.0,2002,clin,0.8
2,1,lr1e-04_bs16_modL1_fusion32_fusionL1_drop0p2_trmiss80_trlocclin,16,0.0001,1,32,1,0.2,lr1e-04_bs16_modL1_fusion32_fusionL1_drop0p2_trmiss80_trlocclin,69,0.24281164382894835,0.5959001779556274,0.7289915966386555,0.7847388597411767,0.6888888888888889,0.0,0.0,0.0,0.0,2002,clin,0.8
2,1,lr1e-04_bs16_modL1_fusion32_fusionL1_drop0p2_trmiss80_trlocclin,16,0.0001,1,32,1,0.2,lr1e-04_bs16_modL1_fusion32_fusionL1_drop0p2_trmiss80_trlocclin,70,0.2409641407430172,0.5905388792355856,0.7289915966386555,0.787011409758219,0.7333333333333333,0.0,0.0,0.0,0.0,2002,clin,0.8
2,1,lr1e-04_bs16_modL1_fusion32_fusionL1_drop0p2_trmiss80_trlocclin,16,0.0001,1,32,1,0.2,lr1e-04_bs16_modL1_fusion32_fusionL1_drop0p2_trmiss80_trlocclin,71,0.2377339874704679,0.5959646701812744,0.7184873949579832,0.7768829771907875,0.7111111111111111,0.0,0.0,0.0,0.0,2002,clin,0.8
2,1,lr1e-04_bs16_modL1_fusion32_fusionL1_drop0p2_trmiss80_trlocclin,16,0.0001,1,32,1,0.2,lr1e-04_bs16_modL1_fusion32_fusionL1_drop0p2_trmiss80_trlocclin,72,0.23298819363117218,0.598149299621582,0.7226890756302522,0.7771884277566495,0.7111111111111111,0.0,0.0,0.0,0.0,2002,clin,0.8
2,1,lr1e-04_bs16_modL1_fusion32_fusionL1_drop0p2_trmiss80_trlocclin,16,0.0001,1,32,1,0.2,lr1e-04_bs16_modL1_fusion32_fusionL1_drop0p2_trmiss80_trlocclin,73,0.24268126611908278,0.5931213001410166,0.7268907563025211,0.7840525856530591,0.7333333333333333,0.0,0.0,0.0,0.0,2002,clin,0.8
2,1,lr1e-04_bs16_modL1_fusion32_fusionL1_drop0p2_trmiss80_trlocclin,16,0.0001,1,32,1,0.2,lr1e-04_bs16_modL1_fusion32_fusionL1_drop0p2_trmiss80_trlocclin,74,0.2497536987066269,0.5921021501223246,0.7373949579831933,0.7886074058328792,0.7111111111111111,0.0,0.0,0.0,0.0,2002,clin,0.8
2,1,lr1e-04_bs16_modL1_fusion32_fusionL1_drop0p2_trmiss80_trlocclin,16,0.0001,1,32,1,0.2,lr1e-04_bs16_modL1_fusion32_fusionL1_drop0p2_trmiss80_trlocclin,75,0.22440491740902266,0.5948512951532999,0.7205882352941176,0.778391877311802,0.7111111111111111,0.0,0.0,0.0,0.0,2002,clin,0.8
2,1,lr1e-04_bs16_modL1_fusion32_fusionL1_drop0p1_trmiss80_trlocclin,16,0.0001,1,32,1,0.1,lr1e-04_bs16_modL1_fusion32_fusionL1_drop0p1_trmiss80_trlocclin,1,0.6667537341515223,0.6752281188964844,0.49579831932773105,0.6320147180127859,0.6666666666666666,0.0,0.0,0.0,0.0,2002,clin,0.8
2,1,lr1e-04_bs16_modL1_fusion32_fusionL1_drop0p1_trmiss80_trlocclin,16,0.0001,1,32,1,0.1,lr1e-04_bs16_modL1_fusion32_fusionL1_drop0p1_trmiss80_trlocclin,2,0.6039846241474152,0.6586436827977499,0.5819327731092436,0.6977822901783653,0.6666666666666666,0.0,0.0,0.0,0.0,2002,clin,0.8
2,1,lr1e-04_bs16_modL1_fusion32_fusionL1_drop0p1_trmiss80_trlocclin,16,0.0001,1,32,1,0.1,lr1e-04_bs16_modL1_fusion32_fusionL1_drop0p1_trmiss80_trlocclin,3,0.5934541424115499,0.6452478567759196,0.634453781512605,0.7346382001794878,0.6222222222222222,0.0,0.0,0.0,0.0,2002,clin,0.8
2,1,lr1e-04_bs16_modL1_fusion32_fusionL1_drop0p1_trmiss80_trlocclin,16,0.0001,1,32,1,0.1,lr1e-04_bs16_modL1_fusion32_fusionL1_drop0p1_trmiss80_trlocclin,4,0.5395823915799459,0.6470642685890198,0.6260504201680672,0.7315387061345031,0.6222222222222222,0.0,0.0,0.0,0.0,2002,clin,0.8
2,1,lr1e-04_bs16_modL1_fusion32_fusionL1_drop0p1_trmiss80_trlocclin,16,0.0001,1,32,1,0.1,lr1e-04_bs16_modL1_fusion32_fusionL1_drop0p1_trmiss80_trlocclin,5,0.5396919175982475,0.6473305424054464,0.6113445378151261,0.7318518686048059,0.6666666666666666,0.0,0.0,0.0,0.0,2002,clin,0.8
2,1,lr1e-04_bs16_modL1_fusion32_fusionL1_drop0p1_trmiss80_trlocclin,16,0.0001,1,32,1,0.1,lr1e-04_bs16_modL1_fusion32_fusionL1_drop0p1_trmiss80_trlocclin,6,0.5223887513081232,0.6420104702313741,0.6176470588235294,0.7614730549486314,0.6444444444444445,0.0,0.0,0.0,0.0,2002,clin,0.8
2,1,lr1e-04_bs16_modL1_fusion32_fusionL1_drop0p1_trmiss80_trlocclin,16,0.0001,1,32,1,0.1,lr1e-04_bs16_modL1_fusion32_fusionL1_drop0p1_trmiss80_trlocclin,7,0.5140438849727312,0.6329253117243449,0.6554621848739496,0.7960967545658266,0.6444444444444445,0.0,0.0,0.0,0.0,2002,clin,0.8
2,1,lr1e-04_bs16_modL1_fusion32_fusionL1_drop0p1_trmiss80_trlocclin,16,0.0001,1,32,1,0.1,lr1e-04_bs16_modL1_fusion32_fusionL1_drop0p1_trmiss80_trlocclin,8,0.4806111082434654,0.6407321492830912,0.6323529411764706,0.7755203877313954,0.6,0.0,0.0,0.0,0.0,2002,clin,0.8
2,1,lr1e-04_bs16_modL1_fusion32_fusionL1_drop0p1_trmiss80_trlocclin,16,0.0001,1,32,1,0.1,lr1e-04_bs16_modL1_fusion32_fusionL1_drop0p1_trmiss80_trlocclin,9,0.4586492006977399,0.6443221569061279,0.6407563025210083,0.7630272969071497,0.6,0.0,0.0,0.0,0.0,2002,clin,0.8
2,1,lr1e-04_bs16_modL1_fusion32_fusionL1_drop0p1_trmiss80_trlocclin,16,0.0001,1,32,1,0.1,lr1e-04_bs16_modL1_fusion32_fusionL1_drop0p1_trmiss80_trlocclin,10,0.46290263036886853,0.6409953236579895,0.6512605042016807,0.7670441962301205,0.6222222222222222,0.0,0.0,0.0,0.0,2002,clin,0.8
2,1,lr1e-04_bs16_modL1_fusion32_fusionL1_drop0p1_trmiss80_trlocclin,16,0.0001,1,32,1,0.1,lr1e-04_bs16_modL1_fusion32_fusionL1_drop0p1_trmiss80_trlocclin,11,0.45143937319517136,0.6487906177838644,0.6323529411764706,0.7386675997286016,0.6,0.0,0.0,0.0,0.0,2002,clin,0.8
2,1,lr1e-04_bs16_modL1_fusion32_fusionL1_drop0p1_trmiss80_trlocclin,16,0.0001,1,32,1,0.1,lr1e-04_bs16_modL1_fusion32_fusionL1_drop0p1_trmiss80_trlocclin,12,0.4234615812699,0.6528704961140951,0.6134453781512604,0.7123238999762675,0.5777777777777777,0.0,0.0,0.0,0.0,2002,clin,0.8
2,1,lr1e-04_bs16_modL1_fusion32_fusionL1_drop0p1_trmiss80_trlocclin,16,0.0001,1,32,1,0.1,lr1e-04_bs16_modL1_fusion32_fusionL1_drop0p1_trmiss80_trlocclin,13,0.4229907567302386,0.6435858408610026,0.6218487394957983,0.7165219099531741,0.6,0.0,0.0,0.0,0.0,2002,clin,0.8
2,1,lr1e-04_bs16_modL1_fusion32_fusionL1_drop0p1_trmiss80_trlocclin,16,0.0001,1,32,1,0.1,lr1e-04_bs16_modL1_fusion32_fusionL1_drop0p1_trmiss80_trlocclin,14,0.4122351308663686,0.6443803509076437,0.6239495798319328,0.7418203715697473,0.6222222222222222,0.0,0.0,0.0,0.0,2002,clin,0.8
2,1,lr1e-04_bs16_modL1_fusion32_fusionL1_drop0p1_trmiss80_trlocclin,16,0.0001,1,32,1,0.1,lr1e-04_bs16_modL1_fusion32_fusionL1_drop0p1_trmiss80_trlocclin,15,0.41530053565899533,0.6419543027877808,0.6491596638655462,0.7709000547543665,0.6222222222222222,0.0,0.0,0.0,0.0,2002,clin,0.8
2,1,lr1e-04_bs16_modL1_fusion32_fusionL1_drop0p1_trmiss80_trlocclin,16,0.0001,1,32,1,0.1,lr1e-04_bs16_modL1_fusion32_fusionL1_drop0p1_trmiss80_trlocclin,16,0.401215523481369,0.6482532620429993,0.6176470588235294,0.7573641947841683,0.6222222222222222,0.0,0.0,0.0,0.0,2002,clin,0.8
2,1,lr1e-04_bs16_modL1_fusion32_fusionL1_drop0p1_trmiss80_trlocclin,16,0.0001,1,32,1,0.1,lr1e-04_bs16_modL1_fusion32_fusionL1_drop0p1_trmiss80_trlocclin,17,0.39857322971026105,0.6451137661933899,0.6092436974789915,0.7626189063336638,0.6,0.0,0.0,0.0,0.0,2002,clin,0.8
2,1,lr1e-04_bs16_modL1_fusion32_fusionL1_drop0p1_trmiss80_trlocclin,16,0.0001,1,32,1,0.1,lr1e-04_bs16_modL1_fusion32_fusionL1_drop0p1_trmiss80_trlocclin,18,0.44677730401357013,0.6463169455528259,0.6302521008403361,0.755185260187591,0.6,0.0,0.0,0.0,0.0,2002,clin,0.8
2,1,lr1e-04_bs16_modL1_fusion32_fusionL1_drop0p1_trmiss80_trlocclin,16,0.0001,1,32,1,0.1,lr1e-04_bs16_modL1_fusion32_fusionL1_drop0p1_trmiss80_trlocclin,19,0.3950452779730161,0.6477055549621582,0.6302521008403361,0.7294142721629788,0.6,0.0,0.0,0.0,0.0,2002,clin,0.8
2,1,lr1e-04_bs16_modL1_fusion32_fusionL1_drop0p1_trmiss80_trlocclin,16,0.0001,1,32,1,0.1,lr1e-04_bs16_modL1_fusion32_fusionL1_drop0p1_trmiss80_trlocclin,20,0.3680245354771614,0.6471960147221884,0.6239495798319328,0.7434502367635312,0.6222222222222222,0.0,0.0,0.0,0.0,2002,clin,0.8
2,1,lr1e-04_bs16_modL1_fusion32_fusionL1_drop0p1_trmiss80_trlocclin,16,0.0001,1,32,1,0.1,lr1e-04_bs16_modL1_fusion32_fusionL1_drop0p1_trmiss80_trlocclin,21,0.3794640451669693,0.6481947700182596,0.6218487394957983,0.7335902240156184,0.6666666666666666,0.0,0.0,0.0,0.0,2002,clin,0.8
2,1,lr1e-04_bs16_modL1_fusion32_fusionL1_drop0p1_trmiss80_trlocclin,16,0.0001,1,32,1,0.1,lr1e-04_bs16_modL1_fusion32_fusionL1_drop0p1_trmiss80_trlocclin,22,0.36935115853945416,0.6469724575678507,0.6113445378151261,0.7172410332055269,0.6444444444444445,0.0,0.0,0.0,0.0,2002,clin,0.8
2,1,lr1e-04_bs16_modL1_fusion32_fusionL1_drop0p1_trmiss80_trlocclin,16,0.0001,1,32,1,0.1,lr1e-04_bs16_modL1_fusion32_fusionL1_drop0p1_trmiss80_trlocclin,23,0.3755119914809863,0.6439069906870524,0.6239495798319328,0.7278846599483801,0.6222222222222222,0.0,0.0,0.0,0.0,2002,clin,0.8
2,1,lr1e-04_bs16_modL1_fusion32_fusionL1_drop0p1_trmiss80_trlocclin,16,0.0001,1,32,1,0.1,lr1e-04_bs16_modL1_fusion32_fusionL1_drop0p1_trmiss80_trlocclin,24,0.3653857782483101,0.6434929569562277,0.6197478991596639,0.7247138926982398,0.6666666666666666,0.0,0.0,0.0,0.0,2002,clin,0.8
2,1,lr1e-04_bs16_modL1_fusion32_fusionL1_drop0p1_trmiss80_trlocclin,16,0.0001,1,32,1,0.1,lr1e-04_bs16_modL1_fusion32_fusionL1_drop0p1_trmiss80_trlocclin,25,0.3846592729290326,0.644402007261912,0.6239495798319328,0.7064552706541676,0.6666666666666666,0.0,0.0,0.0,0.0,2002,clin,0.8
2,1,lr1e-04_bs16_modL1_fusion32_fusionL1_drop0p1_trmiss80_trlocclin,16,0.0001,1,32,1,0.1,lr1e-04_bs16_modL1_fusion32_fusionL1_drop0p1_trmiss80_trlocclin,26,0.3634030719598134,0.6425091822942098,0.6302521008403361,0.7268779395569975,0.6444444444444445,0.0,0.0,0.0,0.0,2002,clin,0.8
2,1,lr1e-04_bs16_modL1_fusion32_fusionL1_drop0p1_trmiss80_trlocclin,16,0.0001,1,32,1,0.1,lr1e-04_bs16_modL1_fusion32_fusionL1_drop0p1_trmiss80_trlocclin,27,0.35850729048252106,0.6477624972661337,0.6134453781512605,0.7217893756947754,0.6444444444444445,0.0,0.0,0.0,0.0,2002,clin,0.8
2,1,lr1e-04_bs16_modL1_fusion64_fusionL1_drop0p2_trmiss80_trlocclin,16,0.0001,1,64,1,0.2,lr1e-04_bs16_modL1_fusion64_fusionL1_drop0p2_trmiss80_trlocclin,1,0.684318795800209,0.6910517613093058,0.3760504201680672,0.6341873266312179,0.4666666666666667,0.0,0.0,0.0,0.0,2002,clin,0.8
2,1,lr1e-04_bs16_modL1_fusion64_fusionL1_drop0p2_trmiss80_trlocclin,16,0.0001,1,64,1,0.2,lr1e-04_bs16_modL1_fusion64_fusionL1_drop0p2_trmiss80_trlocclin,2,0.6604681660731634,0.688214103380839,0.4516806722689075,0.6760654409751694,0.4444444444444444,0.0,0.0,0.0,0.0,2002,clin,0.8
2,1,lr1e-04_bs16_modL1_fusion64_fusionL1_drop0p2_trmiss80_trlocclin,16,0.0001,1,64,1,0.2,lr1e-04_bs16_modL1_fusion64_fusionL1_drop0p2_trmiss80_trlocclin,3,0.6262474705775579,0.6865224043528239,0.4600840336134454,0.6491816085513882,0.4888888888888889,0.0,0.0,0.0,0.0,2002,clin,0.8
2,1,lr1e-04_bs16_modL1_fusion64_fusionL1_drop0p2_trmiss80_trlocclin,16,0.0001,1,64,1,0.2,lr1e-04_bs16_modL1_fusion64_fusionL1_drop0p2_trmiss80_trlocclin,4,0.6197290768225988,0.6847172776858012,0.4705882352941177,0.6827722561747916,0.4888888888888889,0.0,0.0,0.0,0.0,2002,clin,0.8
2,1,lr1e-04_bs16_modL1_fusion64_fusionL1_drop0p2_trmiss80_trlocclin,16,0.0001,1,64,1,0.2,lr1e-04_bs16_modL1_fusion64_fusionL1_drop0p2_trmiss80_trlocclin,5,0.608026588956515,0.6760993202527364,0.5126050420168067,0.712652718392338,0.5555555555555556,0.0,0.0,0.0,0.0,2002,clin,0.8
2,1,lr1e-04_bs16_modL1_fusion64_fusionL1_drop0p2_trmiss80_trlocclin,16,0.0001,1,64,1,0.2,lr1e-04_bs16_modL1_fusion64_fusionL1_drop0p2_trmiss80_trlocclin,6,0.5766799996296564,0.6783462762832642,0.5084033613445378,0.6997005768598611,0.6,0.0,0.0,0.0,0.0,2002,clin,0.8
2,1,lr1e-04_bs16_modL1_fusion64_fusionL1_drop0p2_trmiss80_trlocclin,16,0.0001,1,64,1,0.2,lr1e-04_bs16_modL1_fusion64_fusionL1_drop0p2_trmiss80_trlocclin,7,0.5671384980281194,0.6683250466982523,0.5483193277310925,0.7193295041100527,0.5777777777777777,0.0,0.0,0.0,0.0,2002,clin,0.8
2,1,lr1e-04_bs16_modL1_fusion64_fusionL1_drop0p2_trmiss80_trlocclin,16,0.0001,1,64,1,0.2,lr1e-04_bs16_modL1_fusion64_fusionL1_drop0p2_trmiss80_trlocclin,8,0.5958398580551147,0.6708174149195353,0.5336134453781513,0.697296439616566,0.6222222222222222,0.0,0.0,0.0,0.0,2002,clin,0.8
2,1,lr1e-04_bs16_modL1_fusion64_fusionL1_drop0p2_trmiss80_trlocclin,16,0.0001,1,64,1,0.2,lr1e-04_bs16_modL1_fusion64_fusionL1_drop0p2_trmiss80_trlocclin,9,0.5517782966295878,0.6692357659339905,0.5630252100840336,0.714175526687772,0.5777777777777777,0.0,0.0,0.0,0.0,2002,clin,0.8
2,1,lr1e-04_bs16_modL1_fusion64_fusionL1_drop0p2_trmiss80_trlocclin,16,0.0001,1,64,1,0.2,lr1e-04_bs16_modL1_fusion64_fusionL1_drop0p2_trmiss80_trlocclin,10,0.5461166501045227,0.6636765797932943,0.5630252100840336,0.7129871570982488,0.6222222222222222,0.0,0.0,0.0,0.0,2002,clin,0.8
2,1,lr1e-04_bs16_modL1_fusion64_fusionL1_drop0p2_trmiss80_trlocclin,16,0.0001,1,64,1,0.2,lr1e-04_bs16_modL1_fusion64_fusionL1_drop0p2_trmiss80_trlocclin,11,0.526373287041982,0.663262128829956,0.5567226890756303,0.7038269906407235,0.6222222222222222,0.0,0.0,0.0,0.0,2002,clin,0.8
2,1,lr1e-04_bs16_modL1_fusion64_fusionL1_drop0p2_trmiss80_trlocclin,16,0.0001,1,64,1,0.2,lr1e-04_bs16_modL1_fusion64_fusionL1_drop0p2_trmiss80_trlocclin,12,0.5175083925326666,0.6609162092208862,0.5609243697478992,0.7164500968984899,0.6,0.0,0.0,0.0,0.0,2002,clin,0.8
2,1,lr1e-04_bs16_modL1_fusion64_fusionL1_drop0p2_trmiss80_trlocclin,16,0.0001,1,64,1,0.2,lr1e-04_bs16_modL1_fusion64_fusionL1_drop0p2_trmiss80_trlocclin,13,0.5206965381900469,0.6572514971097311,0.5945378151260504,0.7455955057028917,0.6222222222222222,0.0,0.0,0.0,0.0,2002,clin,0.8
2,1,lr1e-04_bs16_modL1_fusion64_fusionL1_drop0p2_trmiss80_trlocclin,16,0.0001,1,64,1,0.2,lr1e-04_bs16_modL1_fusion64_fusionL1_drop0p2_trmiss80_trlocclin,14,0.49150575945774716,0.6538070440292358,0.6050420168067226,0.7533683491225254,0.5555555555555556,0.0,0.0,0.0,0.0,2002,clin,0.8
2,1,lr1e-04_bs16_modL1_fusion64_fusionL1_drop0p2_trmiss80_trlocclin,16,0.0001,1,64,1,0.2,lr1e-04_bs16_modL1_fusion64_fusionL1_drop0p2_trmiss80_trlocclin,15,0.4815058931708336,0.6511240402857462,0.6197478991596639,0.7623800772760364,0.6,0.0,0.0,0.0,0.0,2002,clin,0.8
2,1,lr1e-04_bs16_modL1_fusion64_fusionL1_drop0p2_trmiss80_trlocclin,16,0.0001,1,64,1,0.2,lr1e-04_bs16_modL1_fusion64_fusionL1_drop0p2_trmiss80_trlocclin,16,0.47182227422793704,0.6452519694964091,0.6386554621848739,0.7699027584225059,0.6,0.0,0.0,0.0,0.0,2002,clin,0.8
2,1,lr1e-04_bs16_modL1_fusion64_fusionL1_drop0p2_trmiss80_trlocclin,16,0.0001,1,64,1,0.2,lr1e-04_bs16_modL1_fusion64_fusionL1_drop0p2_trmiss80_trlocclin,17,0.4687301069498062,0.6405818661053976,0.6533613445378151,0.7797418289172795,0.5777777777777777,0.0,0.0,0.0,0.0,2002,clin,0.8
2,1,lr1e-04_bs16_modL1_fusion64_fusionL1_drop0p2_trmiss80_trlocclin,16,0.0001,1,64,1,0.2,lr1e-04_bs16_modL1_fusion64_fusionL1_drop0p2_trmiss80_trlocclin,18,0.46231551965077716,0.6436943809191386,0.6533613445378152,0.7781732666988449,0.6,0.0,0.0,0.0,0.0,2002,clin,0.8
2,1,lr1e-04_bs16_modL1_fusion64_fusionL1_drop0p2_trmiss80_trlocclin,16,0.0001,1,64,1,0.2,lr1e-04_bs16_modL1_fusion64_fusionL1_drop0p2_trmiss80_trlocclin,19,0.4435458108782768,0.6447713772455851,0.615546218487395,0.7582414636518215,0.6222222222222222,0.0,0.0,0.0,0.0,2002,clin,0.8
2,1,lr1e-04_bs16_modL1_fusion64_fusionL1_drop0p2_trmiss80_trlocclin,16,0.0001,1,64,1,0.2,lr1e-04_bs16_modL1_fusion64_fusionL1_drop0p2_trmiss80_trlocclin,20,0.43600480258464813,0.6374245285987854,0.6470588235294117,0.7695692805012073,0.6222222222222222,0.0,0.0,0.0,0.0,2002,clin,0.8
2,1,lr1e-04_bs16_modL1_fusion64_fusionL1_drop0p2_trmiss80_trlocclin,16,0.0001,1,64,1,0.2,lr1e-04_bs16_modL1_fusion64_fusionL1_drop0p2_trmiss80_trlocclin,21,0.4275844345490138,0.6293779611587524,0.6722689075630253,0.8072634326708682,0.6666666666666666,0.0,0.0,0.0,0.0,2002,clin,0.8
2,1,lr1e-04_bs16_modL1_fusion64_fusionL1_drop0p2_trmiss80_trlocclin,16,0.0001,1,64,1,0.2,lr1e-04_bs16_modL1_fusion64_fusionL1_drop0p2_trmiss80_trlocclin,22,0.42206452290217084,0.6372582117716471,0.6764705882352942,0.7920217080706244,0.6222222222222222,0.0,0.0,0.0,0.0,2002,clin,0.8
2,1,lr1e-04_bs16_modL1_fusion64_fusionL1_drop0p2_trmiss80_trlocclin,16,0.0001,1,64,1,0.2,lr1e-04_bs16_modL1_fusion64_fusionL1_drop0p2_trmiss80_trlocclin,23,0.4401870146393776,0.6433664759000143,0.6449579831932772,0.784682846772516,0.6,0.0,0.0,0.0,0.0,2002,clin,0.8
2,1,lr1e-04_bs16_modL1_fusion64_fusionL1_drop0p2_trmiss80_trlocclin,16,0.0001,1,64,1,0.2,lr1e-04_bs16_modL1_fusion64_fusionL1_drop0p2_trmiss80_trlocclin,24,0.3880637014905612,0.6313179135322571,0.6701680672268907,0.8050366417629947,0.6444444444444445,0.0,0.0,0.0,0.0,2002,clin,0.8
2,1,lr1e-04_bs16_modL1_fusion64_fusionL1_drop0p2_trmiss80_trlocclin,16,0.0001,1,64,1,0.2,lr1e-04_bs16_modL1_fusion64_fusionL1_drop0p2_trmiss80_trlocclin,25,0.37751562893390656,0.6283291776974996,0.680672268907563,0.8126304358298874,0.6444444444444445,0.0,0.0,0.0,0.0,2002,clin,0.8
2,1,lr1e-04_bs16_modL1_fusion64_fusionL1_drop0p2_trmiss80_trlocclin,16,0.0001,1,64,1,0.2,lr1e-04_bs16_modL1_fusion64_fusionL1_drop0p2_trmiss80_trlocclin,26,0.3573765978217125,0.6271804968516032,0.6932773109243697,0.8148763256127037,0.6222222222222222,0.0,0.0,0.0,0.0,2002,clin,0.8
2,1,lr1e-04_bs16_modL1_fusion64_fusionL1_drop0p2_trmiss80_trlocclin,16,0.0001,1,64,1,0.2,lr1e-04_bs16_modL1_fusion64_fusionL1_drop0p2_trmiss80_trlocclin,27,0.3768408422668775,0.6340933839480082,0.6869747899159664,0.812106984273359,0.6444444444444445,0.0,0.0,0.0,0.0,2002,clin,0.8
2,1,lr1e-04_bs16_modL1_fusion64_fusionL1_drop0p2_trmiss80_trlocclin,16,0.0001,1,64,1,0.2,lr1e-04_bs16_modL1_fusion64_fusionL1_drop0p2_trmiss80_trlocclin,28,0.3551459386944771,0.6152667005856832,0.6974789915966386,0.8176380445017669,0.6222222222222222,0.0,0.0,0.0,0.0,2002,clin,0.8
2,1,lr1e-04_bs16_modL1_fusion64_fusionL1_drop0p2_trmiss80_trlocclin,16,0.0001,1,64,1,0.2,lr1e-04_bs16_modL1_fusion64_fusionL1_drop0p2_trmiss80_trlocclin,29,0.3373802751302719,0.6123976707458496,0.6953781512605042,0.8181236026223482,0.6444444444444445,0.0,0.0,0.0,0.0,2002,clin,0.8
2,1,lr1e-04_bs16_modL1_fusion64_fusionL1_drop0p2_trmiss80_trlocclin,16,0.0001,1,64,1,0.2,lr1e-04_bs16_modL1_fusion64_fusionL1_drop0p2_trmiss80_trlocclin,30,0.3442802702387174,0.6002135872840881,0.7205882352941176,0.832569039397574,0.6666666666666666,0.0,0.0,0.0,0.0,2002,clin,0.8
2,1,lr1e-04_bs16_modL1_fusion64_fusionL1_drop0p2_trmiss80_trlocclin,16,0.0001,1,64,1,0.2,lr1e-04_bs16_modL1_fusion64_fusionL1_drop0p2_trmiss80_trlocclin,31,0.3288825626174609,0.6038111249605814,0.7184873949579832,0.8050678267278544,0.6666666666666666,0.0,0.0,0.0,0.0,2002,clin,0.8
2,1,lr1e-04_bs16_modL1_fusion64_fusionL1_drop0p2_trmiss80_trlocclin,16,0.0001,1,64,1,0.2,lr1e-04_bs16_modL1_fusion64_fusionL1_drop0p2_trmiss80_trlocclin,32,0.34005332738161087,0.5966503024101257,0.7226890756302521,0.8276094114332995,0.6444444444444445,0.0,0.0,0.0,0.0,2002,clin,0.8
2,1,lr1e-04_bs16_modL1_fusion64_fusionL1_drop0p2_trmiss80_trlocclin,16,0.0001,1,64,1,0.2,lr1e-04_bs16_modL1_fusion64_fusionL1_drop0p2_trmiss80_trlocclin,33,0.3211725602547328,0.5992542107899984,0.7289915966386554,0.8396279656284212,0.6444444444444445,0.0,0.0,0.0,0.0,2002,clin,0.8
2,1,lr1e-04_bs16_modL1_fusion64_fusionL1_drop0p2_trmiss80_trlocclin,16,0.0001,1,64,1,0.2,lr1e-04_bs16_modL1_fusion64_fusionL1_drop0p2_trmiss80_trlocclin,34,0.33622488131125766,0.6121860941251119,0.7163865546218487,0.779437394670071,0.6222222222222222,0.0,0.0,0.0,0.0,2002,clin,0.8
2,1,lr1e-04_bs16_modL1_fusion64_fusionL1_drop0p2_trmiss80_trlocclin,16,0.0001,1,64,1,0.2,lr1e-04_bs16_modL1_fusion64_fusionL1_drop0p2_trmiss80_trlocclin,35,0.31151863435904187,0.6137247482935587,0.6953781512605042,0.786709824039098,0.6222222222222222,0.0,0.0,0.0,0.0,2002,clin,0.8
2,1,lr1e-04_bs16_modL1_fusion64_fusionL1_drop0p2_trmiss80_trlocclin,16,0.0001,1,64,1,0.2,lr1e-04_bs16_modL1_fusion64_fusionL1_drop0p2_trmiss80_trlocclin,36,0.29136216392119724,0.6203164458274841,0.6596638655462185,0.775009485252342,0.6,0.0,0.0,0.0,0.0,2002,clin,0.8
2,1,lr1e-04_bs16_modL1_fusion64_fusionL1_drop0p2_trmiss80_trlocclin,16,0.0001,1,64,1,0.2,lr1e-04_bs16_modL1_fusion64_fusionL1_drop0p2_trmiss80_trlocclin,37,0.28605179612835246,0.6146716475486755,0.6911764705882353,0.7963410713266997,0.6,0.0,0.0,0.0,0.0,2002,clin,0.8
2,1,lr1e-04_bs16_modL1_fusion64_fusionL1_drop0p2_trmiss80_trlocclin,16,0.0001,1,64,1,0.2,lr1e-04_bs16_modL1_fusion64_fusionL1_drop0p2_trmiss80_trlocclin,38,0.2999165418247382,0.6303939620653788,0.6533613445378151,0.7562461080384196,0.6222222222222222,0.0,0.0,0.0,0.0,2002,clin,0.8
2,1,lr1e-04_bs16_modL1_fusion64_fusionL1_drop0p2_trmiss80_trlocclin,16,0.0001,1,64,1,0.2,lr1e-04_bs16_modL1_fusion64_fusionL1_drop0p2_trmiss80_trlocclin,39,0.2603646256029606,0.6298190156618754,0.6428571428571429,0.7683516250435151,0.6222222222222222,0.0,0.0,0.0,0.0,2002,clin,0.8
2,1,lr1e-04_bs16_modL1_fusion64_fusionL1_drop0p2_trmiss80_trlocclin,16,0.0001,1,64,1,0.2,lr1e-04_bs16_modL1_fusion64_fusionL1_drop0p2_trmiss80_trlocclin,40,0.28361108774940175,0.619459350903829,0.6533613445378151,0.7795629995060548,0.6222222222222222,0.0,0.0,0.0,0.0,2002,clin,0.8
2,1,lr1e-04_bs16_modL1_fusion64_fusionL1_drop0p2_trmiss80_trlocclin,16,0.0001,1,64,1,0.2,lr1e-04_bs16_modL1_fusion64_fusionL1_drop0p2_trmiss80_trlocclin,41,0.258892639229695,0.6157226959864298,0.676470588235294,0.7925299761140713,0.6222222222222222,0.0,0.0,0.0,0.0,2002,clin,0.8
2,1,lr1e-04_bs16_modL1_fusion64_fusionL1_drop0p2_trmiss80_trlocclin,16,0.0001,1,64,1,0.2,lr1e-04_bs16_modL1_fusion64_fusionL1_drop0p2_trmiss80_trlocclin,42,0.26624197016159695,0.6140832901000977,0.6701680672268908,0.7958073273598097,0.6444444444444445,0.0,0.0,0.0,0.0,2002,clin,0.8
2,1,lr1e-04_bs16_modL1_fusion64_fusionL1_drop0p2_trmiss80_trlocclin,16,0.0001,1,64,1,0.2,lr1e-04_bs16_modL1_fusion64_fusionL1_drop0p2_trmiss80_trlocclin,43,0.23178676888346672,0.6131400267283121,0.680672268907563,0.8047778738428942,0.6444444444444445,0.0,0.0,0.0,0.0,2002,clin,0.8
2,1,lr1e-04_bs16_modL1_fusion64_fusionL1_drop0p2_trmiss80_trlocclin,16,0.0001,1,64,1,0.2,lr1e-04_bs16_modL1_fusion64_fusionL1_drop0p2_trmiss80_trlocclin,44,0.3083977897961934,0.616692066192627,0.6722689075630253,0.8029663179557699,0.6444444444444445,0.0,0.0,0.0,0.0,2002,clin,0.8
2,1,lr1e-04_bs16_modL1_fusion64_fusionL1_drop0p2_trmiss80_trlocclin,16,0.0001,1,64,1,0.2,lr1e-04_bs16_modL1_fusion64_fusionL1_drop0p2_trmiss80_trlocclin,45,0.24344376847147942,0.6209271947542826,0.661764705882353,0.79074454640403,0.6,0.0,0.0,0.0,0.0,2002,clin,0.8
2,1,lr1e-04_bs16_modL1_fusion64_fusionL1_drop0p2_trmiss80_trlocclin,16,0.0001,1,64,1,0.2,lr1e-04_bs16_modL1_fusion64_fusionL1_drop0p2_trmiss80_trlocclin,46,0.29625702525178593,0.6128254731496176,0.6701680672268908,0.793852313034805,0.6444444444444445,0.0,0.0,0.0,0.0,2002,clin,0.8
2,1,lr1e-04_bs16_modL1_fusion64_fusionL1_drop0p2_trmiss80_trlocclin,16,0.0001,1,64,1,0.2,lr1e-04_bs16_modL1_fusion64_fusionL1_drop0p2_trmiss80_trlocclin,47,0.24043637389938036,0.6148757139841715,0.6722689075630253,0.7943691666599934,0.6222222222222222,0.0,0.0,0.0,0.0,2002,clin,0.8
2,1,lr1e-04_bs16_modL1_fusion64_fusionL1_drop0p2_trmiss80_trlocclin,16,0.0001,1,64,1,0.2,lr1e-04_bs16_modL1_fusion64_fusionL1_drop0p2_trmiss80_trlocclin,48,0.26414591322342557,0.625154435634613,0.657563025210084,0.7835205932622332,0.6222222222222222,0.0,0.0,0.0,0.0,2002,clin,0.8
2,1,lr1e-04_bs16_modL1_fusion64_fusionL1_drop0p2_trmiss80_trlocclin,16,0.0001,1,64,1,0.2,lr1e-04_bs16_modL1_fusion64_fusionL1_drop0p2_trmiss80_trlocclin,49,0.24973686908682188,0.6254985133806864,0.6449579831932774,0.777925912048139,0.6,0.0,0.0,0.0,0.0,2002,clin,0.8
2,1,lr1e-04_bs16_modL1_fusion64_fusionL1_drop0p2_trmiss80_trlocclin,16,0.0001,1,64,1,0.2,lr1e-04_bs16_modL1_fusion64_fusionL1_drop0p2_trmiss80_trlocclin,50,0.24831162144740423,0.6236032446225485,0.6428571428571429,0.7754886055887398,0.6,0.0,0.0,0.0,0.0,2002,clin,0.8
2,1,lr1e-04_bs16_modL1_fusion64_fusionL1_drop0p2_trmiss80_trlocclin,16,0.0001,1,64,1,0.2,lr1e-04_bs16_modL1_fusion64_fusionL1_drop0p2_trmiss80_trlocclin,51,0.24148568138480186,0.6205352346102396,0.6512605042016807,0.7780175863223571,0.6222222222222222,0.0,0.0,0.0,0.0,2002,clin,0.8
2,1,lr1e-04_bs16_modL1_fusion64_fusionL1_drop0p2_trmiss80_trlocclin,16,0.0001,1,64,1,0.2,lr1e-04_bs16_modL1_fusion64_fusionL1_drop0p2_trmiss80_trlocclin,52,0.2706487451990445,0.6212164560953776,0.6470588235294118,0.7785160371876,0.6222222222222222,0.0,0.0,0.0,0.0,2002,clin,0.8
2,1,lr1e-04_bs16_modL1_fusion64_fusionL1_drop0p2_trmiss80_trlocclin,16,0.0001,1,64,1,0.2,lr1e-04_bs16_modL1_fusion64_fusionL1_drop0p2_trmiss80_trlocclin,53,0.2324169067045053,0.6235638856887817,0.6407563025210085,0.7722130841882183,0.6222222222222222,0.0,0.0,0.0,0.0,2002,clin,0.8
2,1,lr1e-04_bs16_modL1_fusion64_fusionL1_drop0p1_trmiss80_trlocclin,16,0.0001,1,64,1,0.1,lr1e-04_bs16_modL1_fusion64_fusionL1_drop0p1_trmiss80_trlocclin,1,0.7522338231404623,0.6946425437927246,0.615546218487395,0.7559330193807052,0.5555555555555556,0.0,0.0,0.0,0.0,2002,clin,0.8
2,1,lr1e-04_bs16_modL1_fusion64_fusionL1_drop0p1_trmiss80_trlocclin,16,0.0001,1,64,1,0.1,lr1e-04_bs16_modL1_fusion64_fusionL1_drop0p1_trmiss80_trlocclin,2,0.6992049962282181,0.7041094303131104,0.6092436974789917,0.7682243147185149,0.4888888888888889,0.0,0.0,0.0,0.0,2002,clin,0.8
2,1,lr1e-04_bs16_modL1_fusion64_fusionL1_drop0p1_trmiss80_trlocclin,16,0.0001,1,64,1,0.1,lr1e-04_bs16_modL1_fusion64_fusionL1_drop0p1_trmiss80_trlocclin,3,0.6685693065325419,0.7119280099868774,0.5924369747899159,0.7463220097186767,0.4666666666666667,0.0,0.0,0.0,0.0,2002,clin,0.8
2,1,lr1e-04_bs16_modL1_fusion64_fusionL1_drop0p1_trmiss80_trlocclin,16,0.0001,1,64,1,0.1,lr1e-04_bs16_modL1_fusion64_fusionL1_drop0p1_trmiss80_trlocclin,4,0.6184176802635193,0.7198070089022318,0.5861344537815126,0.7107526735655494,0.4444444444444444,0.0,0.0,0.0,0.0,2002,clin,0.8
2,1,lr1e-04_bs16_modL1_fusion64_fusionL1_drop0p1_trmiss80_trlocclin,16,0.0001,1,64,1,0.1,lr1e-04_bs16_modL1_fusion64_fusionL1_drop0p1_trmiss80_trlocclin,5,0.6073799630006155,0.7166688839594523,0.6092436974789917,0.70473260519677,0.37777777777777777,0.0,0.0,0.0,0.0,2002,clin,0.8
2,1,lr1e-04_bs16_modL1_fusion64_fusionL1_drop0p1_trmiss80_trlocclin,16,0.0001,1,64,1,0.1,lr1e-04_bs16_modL1_fusion64_fusionL1_drop0p1_trmiss80_trlocclin,6,0.5821390946706136,0.7021647691726685,0.6512605042016807,0.7471841896416456,0.4,0.0,0.0,0.0,0.0,2002,clin,0.8
2,1,lr1e-04_bs16_modL1_fusion64_fusionL1_drop0p1_trmiss80_trlocclin,16,0.0001,1,64,1,0.1,lr1e-04_bs16_modL1_fusion64_fusionL1_drop0p1_trmiss80_trlocclin,7,0.5710938995083173,0.6997421185175577,0.6449579831932772,0.7625513785671026,0.4222222222222222,0.0,0.0,0.0,0.0,2002,clin,0.8
2,1,lr1e-04_bs16_modL1_fusion64_fusionL1_drop0p1_trmiss80_trlocclin,16,0.0001,1,64,1,0.1,lr1e-04_bs16_modL1_fusion64_fusionL1_drop0p1_trmiss80_trlocclin,8,0.5733200510342916,0.6933257381121317,0.653361344537815,0.7609805509168224,0.5111111111111111,0.0,0.0,0.0,0.0,2002,clin,0.8
2,1,lr1e-04_bs16_modL1_fusion64_fusionL1_drop0p1_trmiss80_trlocclin,16,0.0001,1,64,1,0.1,lr1e-04_bs16_modL1_fusion64_fusionL1_drop0p1_trmiss80_trlocclin,9,0.5680766055981318,0.683767040570577,0.6449579831932774,0.7419260471476191,0.5111111111111111,0.0,0.0,0.0,0.0,2002,clin,0.8
2,1,lr1e-04_bs16_modL1_fusion64_fusionL1_drop0p1_trmiss80_trlocclin,16,0.0001,1,64,1,0.1,lr1e-04_bs16_modL1_fusion64_fusionL1_drop0p1_trmiss80_trlocclin,10,0.5463737472891808,0.6901579896608988,0.6323529411764706,0.7149945357757769,0.4888888888888889,0.0,0.0,0.0,0.0,2002,clin,0.8
2,1,lr1e-04_bs16_modL1_fusion64_fusionL1_drop0p1_trmiss80_trlocclin,16,0.0001,1,64,1,0.1,lr1e-04_bs16_modL1_fusion64_fusionL1_drop0p1_trmiss80_trlocclin,11,0.5485848834117254,0.6971736947695414,0.6323529411764706,0.7335636345750864,0.4888888888888889,0.0,0.0,0.0,0.0,2002,clin,0.8
2,1,lr1e-04_bs16_modL1_fusion64_fusionL1_drop0p1_trmiss80_trlocclin,16,0.0001,1,64,1,0.1,lr1e-04_bs16_modL1_fusion64_fusionL1_drop0p1_trmiss80_trlocclin,12,0.5064894755681356,0.6970392266909281,0.615546218487395,0.7293274888736045,0.4888888888888889,0.0,0.0,0.0,0.0,2002,clin,0.8
2,1,lr1e-04_bs16_modL1_fusion64_fusionL1_drop0p1_trmiss80_trlocclin,16,0.0001,1,64,1,0.1,lr1e-04_bs16_modL1_fusion64_fusionL1_drop0p1_trmiss80_trlocclin,13,0.5217932214339575,0.6968502203623453,0.6323529411764706,0.7424875944868042,0.5333333333333333,0.0,0.0,0.0,0.0,2002,clin,0.8
2,1,lr1e-04_bs16_modL1_fusion64_fusionL1_drop0p1_trmiss80_trlocclin,16,0.0001,1,64,1,0.1,lr1e-04_bs16_modL1_fusion64_fusionL1_drop0p1_trmiss80_trlocclin,14,0.5005256657799085,0.6914000709851583,0.6218487394957983,0.7338083148172925,0.4888888888888889,0.0,0.0,0.0,0.0,2002,clin,0.8
2,1,lr1e-04_bs16_modL1_fusion64_fusionL1_drop0p1_trmiss80_trlocclin,16,0.0001,1,64,1,0.1,lr1e-04_bs16_modL1_fusion64_fusionL1_drop0p1_trmiss80_trlocclin,15,0.5095706979433695,0.6913592020670573,0.6218487394957983,0.733776650831892,0.4888888888888889,0.0,0.0,0.0,0.0,2002,clin,0.8
2,1,lr1e-04_bs16_modL1_fusion64_fusionL1_drop0p1_trmiss80_trlocclin,16,0.0001,1,64,1,0.1,lr1e-04_bs16_modL1_fusion64_fusionL1_drop0p1_trmiss80_trlocclin,16,0.5016454408566157,0.685732881228129,0.6407563025210085,0.7424558003822483,0.5111111111111111,0.0,0.0,0.0,0.0,2002,clin,0.8
2,1,lr1e-04_bs16_modL1_fusion64_fusionL1_drop0p1_trmiss80_trlocclin,16,0.0001,1,64,1,0.1,lr1e-04_bs16_modL1_fusion64_fusionL1_drop0p1_trmiss80_trlocclin,17,0.49754872421423596,0.6846582293510437,0.6596638655462185,0.7570487325923465,0.5333333333333333,0.0,0.0,0.0,0.0,2002,clin,0.8
2,1,lr1e-04_bs16_modL1_fusion64_fusionL1_drop0p1_trmiss80_trlocclin,16,0.0001,1,64,1,0.1,lr1e-04_bs16_modL1_fusion64_fusionL1_drop0p1_trmiss80_trlocclin,18,0.4809135819474856,0.6816442211469015,0.6449579831932774,0.7468989050335326,0.5555555555555556,0.0,0.0,0.0,0.0,2002,clin,0.8
2,1,lr1e-04_bs16_modL1_fusion64_fusionL1_drop0p1_trmiss80_trlocclin,16,0.0001,1,64,1,0.1,lr1e-04_bs16_modL1_fusion64_fusionL1_drop0p1_trmiss80_trlocclin,19,0.49685758352279663,0.6840970913569132,0.6533613445378151,0.761658755845785,0.5333333333333333,0.0,0.0,0.0,0.0,2002,clin,0.8
2,1,lr1e-04_bs16_modL1_fusion64_fusionL1_drop0p1_trmiss80_trlocclin,16,0.0001,1,64,1,0.1,lr1e-04_bs16_modL1_fusion64_fusionL1_drop0p1_trmiss80_trlocclin,20,0.4850041021903356,0.6899112264315287,0.6302521008403361,0.7450358774055098,0.5333333333333333,0.0,0.0,0.0,0.0,2002,clin,0.8
2,1,lr1e-04_bs16_modL1_fusion64_fusionL1_drop0p1_trmiss80_trlocclin,16,0.0001,1,64,1,0.1,lr1e-04_bs16_modL1_fusion64_fusionL1_drop0p1_trmiss80_trlocclin,21,0.48444073895613354,0.6749257246653239,0.634453781512605,0.755027848317661,0.5555555555555556,0.0,0.0,0.0,0.0,2002,clin,0.8
2,1,lr1e-04_bs16_modL1_fusion64_fusionL1_drop0p1_trmiss80_trlocclin,16,0.0001,1,64,1,0.1,lr1e-04_bs16_modL1_fusion64_fusionL1_drop0p1_trmiss80_trlocclin,22,0.45727112144231796,0.6765443086624146,0.6449579831932774,0.7492730415823556,0.6444444444444445,0.0,0.0,0.0,0.0,2002,clin,0.8
2,1,lr1e-04_bs16_modL1_fusion64_fusionL1_drop0p1_trmiss80_trlocclin,16,0.0001,1,64,1,0.1,lr1e-04_bs16_modL1_fusion64_fusionL1_drop0p1_trmiss80_trlocclin,23,0.4634976511200269,0.6748542785644531,0.6365546218487395,0.7514515527058373,0.6,0.0,0.0,0.0,0.0,2002,clin,0.8
2,1,lr1e-04_bs16_modL1_fusion64_fusionL1_drop0p1_trmiss80_trlocclin,16,0.0001,1,64,1,0.1,lr1e-04_bs16_modL1_fusion64_fusionL1_drop0p1_trmiss80_trlocclin,24,0.46308159083127975,0.6768971880276998,0.6323529411764707,0.7429061351754969,0.6,0.0,0.0,0.0,0.0,2002,clin,0.8
2,1,lr1e-04_bs16_modL1_fusion64_fusionL1_drop0p1_trmiss80_trlocclin,16,0.0001,1,64,1,0.1,lr1e-04_bs16_modL1_fusion64_fusionL1_drop0p1_trmiss80_trlocclin,25,0.46775034815073013,0.6741985281308492,0.6302521008403361,0.734592154423628,0.5555555555555556,0.0,0.0,0.0,0.0,2002,clin,0.8
2,1,lr1e-04_bs16_modL1_fusion64_fusionL1_drop0p1_trmiss80_trlocclin,16,0.0001,1,64,1,0.1,lr1e-04_bs16_modL1_fusion64_fusionL1_drop0p1_trmiss80_trlocclin,26,0.44711024065812427,0.6723959048589071,0.6659663865546218,0.765054977025619,0.6444444444444445,0.0,0.0,0.0,0.0,2002,clin,0.8
2,1,lr1e-04_bs16_modL1_fusion64_fusionL1_drop0p1_trmiss80_trlocclin,16,0.0001,1,64,1,0.1,lr1e-04_bs16_modL1_fusion64_fusionL1_drop0p1_trmiss80_trlocclin,27,0.4587433536847432,0.6679540077845255,0.6365546218487395,0.7334605873363547,0.6,0.0,0.0,0.0,0.0,2002,clin,0.8
2,1,lr1e-04_bs16_modL1_fusion64_fusionL1_drop0p1_trmiss80_trlocclin,16,0.0001,1,64,1,0.1,lr1e-04_bs16_modL1_fusion64_fusionL1_drop0p1_trmiss80_trlocclin,28,0.45371000468730927,0.6754667560259501,0.6428571428571428,0.7506365257143992,0.5555555555555556,0.0,0.0,0.0,0.0,2002,clin,0.8
2,1,lr1e-04_bs16_modL1_fusion64_fusionL1_drop0p1_trmiss80_trlocclin,16,0.0001,1,64,1,0.1,lr1e-04_bs16_modL1_fusion64_fusionL1_drop0p1_trmiss80_trlocclin,29,0.45000583678483963,0.682658851146698,0.6029411764705883,0.7321591807433803,0.5777777777777777,0.0,0.0,0.0,0.0,2002,clin,0.8
2,1,lr1e-04_bs16_modL1_fusion64_fusionL1_drop0p1_trmiss80_trlocclin,16,0.0001,1,64,1,0.1,lr1e-04_bs16_modL1_fusion64_fusionL1_drop0p1_trmiss80_trlocclin,30,0.4196450610955556,0.6770367423693339,0.5945378151260504,0.7197867597018579,0.5111111111111111,0.0,0.0,0.0,0.0,2002,clin,0.8
2,1,lr1e-04_bs16_modL1_fusion64_fusionL1_drop0p1_trmiss80_trlocclin,16,0.0001,1,64,1,0.1,lr1e-04_bs16_modL1_fusion64_fusionL1_drop0p1_trmiss80_trlocclin,31,0.4328312998016675,0.6779059767723083,0.6092436974789917,0.7377376952290267,0.5777777777777777,0.0,0.0,0.0,0.0,2002,clin,0.8
2,1,lr1e-04_bs16_modL1_fusion64_fusionL1_drop0p1_trmiss80_trlocclin,16,0.0001,1,64,1,0.1,lr1e-04_bs16_modL1_fusion64_fusionL1_drop0p1_trmiss80_trlocclin,32,0.4362903907895088,0.6674980123837789,0.6365546218487395,0.7493463413034082,0.5555555555555556,0.0,0.0,0.0,0.0,2002,clin,0.8
2,1,lr1e-04_bs16_modL1_fusion64_fusionL1_drop0p1_trmiss80_trlocclin,16,0.0001,1,64,1,0.1,lr1e-04_bs16_modL1_fusion64_fusionL1_drop0p1_trmiss80_trlocclin,33,0.4140116994579633,0.6745473146438599,0.6092436974789915,0.7293758665910315,0.5111111111111111,0.0,0.0,0.0,0.0,2002,clin,0.8
2,1,lr1e-04_bs16_modL1_fusion64_fusionL1_drop0p1_trmiss80_trlocclin,16,0.0001,1,64,1,0.1,lr1e-04_bs16_modL1_fusion64_fusionL1_drop0p1_trmiss80_trlocclin,34,0.4281340042750041,0.6754147013028463,0.5945378151260504,0.7063395628617781,0.5333333333333333,0.0,0.0,0.0,0.0,2002,clin,0.8
2,1,lr1e-04_bs16_modL1_fusion64_fusionL1_drop0p1_trmiss80_trlocclin,16,0.0001,1,64,1,0.1,lr1e-04_bs16_modL1_fusion64_fusionL1_drop0p1_trmiss80_trlocclin,35,0.4160775343577067,0.6673331061999003,0.6134453781512605,0.7174329069496368,0.5111111111111111,0.0,0.0,0.0,0.0,2002,clin,0.8
2,1,lr1e-04_bs16_modL1_fusion64_fusionL1_drop0p1_trmiss80_trlocclin,16,0.0001,1,64,1,0.1,lr1e-04_bs16_modL1_fusion64_fusionL1_drop0p1_trmiss80_trlocclin,36,0.4218158721923828,0.6669853925704956,0.6386554621848739,0.7342593536265247,0.5555555555555556,0.0,0.0,0.0,0.0,2002,clin,0.8
2,1,lr1e-04_bs16_modL1_fusion64_fusionL1_drop0p1_trmiss80_trlocclin,16,0.0001,1,64,1,0.1,lr1e-04_bs16_modL1_fusion64_fusionL1_drop0p1_trmiss80_trlocclin,37,0.3881570522983869,0.6566738684972128,0.6554621848739496,0.7602155332907699,0.6,0.0,0.0,0.0,0.0,2002,clin,0.8
2,1,lr1e-04_bs16_modL1_fusion64_fusionL1_drop0p1_trmiss80_trlocclin,16,0.0001,1,64,1,0.1,lr1e-04_bs16_modL1_fusion64_fusionL1_drop0p1_trmiss80_trlocclin,38,0.4066060433785121,0.6645838022232056,0.6365546218487395,0.738251117416377,0.5555555555555556,0.0,0.0,0.0,0.0,2002,clin,0.8
2,1,lr1e-04_bs16_modL1_fusion64_fusionL1_drop0p1_trmiss80_trlocclin,16,0.0001,1,64,1,0.1,lr1e-04_bs16_modL1_fusion64_fusionL1_drop0p1_trmiss80_trlocclin,39,0.3985775684316953,0.6706169446309408,0.6260504201680672,0.7457654176825754,0.5555555555555556,0.0,0.0,0.0,0.0,2002,clin,0.8
2,1,lr1e-04_bs16_modL1_fusion64_fusionL1_drop0p1_trmiss80_trlocclin,16,0.0001,1,64,1,0.1,lr1e-04_bs16_modL1_fusion64_fusionL1_drop0p1_trmiss80_trlocclin,40,0.41070661693811417,0.6667644182840983,0.6470588235294118,0.7424849074170038,0.5555555555555556,0.0,0.0,0.0,0.0,2002,clin,0.8
2,1,lr1e-04_bs16_modL1_fusion64_fusionL1_drop0p1_trmiss80_trlocclin,16,0.0001,1,64,1,0.1,lr1e-04_bs16_modL1_fusion64_fusionL1_drop0p1_trmiss80_trlocclin,41,0.3986668065190315,0.664644459883372,0.6407563025210083,0.7333330631713143,0.5111111111111111,0.0,0.0,0.0,0.0,2002,clin,0.8
2,1,lr1e-04_bs16_modL1_fusion64_fusionL1_drop0p1_trmiss80_trlocclin,16,0.0001,1,64,1,0.1,lr1e-04_bs16_modL1_fusion64_fusionL1_drop0p1_trmiss80_trlocclin,42,0.41901519397894543,0.6665766636530558,0.6386554621848739,0.7313668094476665,0.5777777777777777,0.0,0.0,0.0,0.0,2002,clin,0.8
2,1,lr1e-04_bs16_modL1_fusion64_fusionL1_drop0p1_trmiss80_trlocclin,16,0.0001,1,64,1,0.1,lr1e-04_bs16_modL1_fusion64_fusionL1_drop0p1_trmiss80_trlocclin,43,0.39342252910137177,0.6682024399439493,0.634453781512605,0.7512395166457699,0.5555555555555556,0.0,0.0,0.0,0.0,2002,clin,0.8
2,1,lr1e-04_bs16_modL1_fusion64_fusionL1_drop0p1_trmiss80_trlocclin,16,0.0001,1,64,1,0.1,lr1e-04_bs16_modL1_fusion64_fusionL1_drop0p1_trmiss80_trlocclin,44,0.37980950375398,0.6726276278495789,0.6302521008403361,0.74701624879696,0.5333333333333333,0.0,0.0,0.0,0.0,2002,clin,0.8
2,1,lr1e-04_bs16_modL1_fusion64_fusionL1_drop0p1_trmiss80_trlocclin,16,0.0001,1,64,1,0.1,lr1e-04_bs16_modL1_fusion64_fusionL1_drop0p1_trmiss80_trlocclin,45,0.3735395173231761,0.6619136929512024,0.6239495798319328,0.7521595497908988,0.5333333333333333,0.0,0.0,0.0,0.0,2002,clin,0.8
2,1,lr1e-04_bs16_modL1_fusion64_fusionL1_drop0p1_trmiss80_trlocclin,16,0.0001,1,64,1,0.1,lr1e-04_bs16_modL1_fusion64_fusionL1_drop0p1_trmiss80_trlocclin,46,0.3856616367896398,0.6523192127545675,0.6365546218487395,0.7596995232515086,0.6,0.0,0.0,0.0,0.0,2002,clin,0.8
2,1,lr5e-05_bs32_modL1_fusion32_fusionL1_drop0p2_trmiss80_trlocclin,32,5e-05,1,32,1,0.2,lr5e-05_bs32_modL1_fusion32_fusionL1_drop0p2_trmiss80_trlocclin,1,0.6846902767817179,0.6769458949565887,0.5693277310924371,0.7029242991244712,0.6444444444444445,0.0,0.0,0.0,0.0,2002,clin,0.8
2,1,lr5e-05_bs32_modL1_fusion32_fusionL1_drop0p2_trmiss80_trlocclin,32,5e-05,1,32,1,0.2,lr5e-05_bs32_modL1_fusion32_fusionL1_drop0p2_trmiss80_trlocclin,2,0.6613544623057047,0.6788973808288574,0.51890756302521,0.6690804483595014,0.6,0.0,0.0,0.0,0.0,2002,clin,0.8
2,1,lr5e-05_bs32_modL1_fusion32_fusionL1_drop0p2_trmiss80_trlocclin,32,5e-05,1,32,1,0.2,lr5e-05_bs32_modL1_fusion32_fusionL1_drop0p2_trmiss80_trlocclin,3,0.6507194141546885,0.672878235578537,0.569327731092437,0.6974783278410672,0.5555555555555556,0.0,0.0,0.0,0.0,2002,clin,0.8
2,1,lr5e-05_bs32_modL1_fusion32_fusionL1_drop0p2_trmiss80_trlocclin,32,5e-05,1,32,1,0.2,lr5e-05_bs32_modL1_fusion32_fusionL1_drop0p2_trmiss80_trlocclin,4,0.6463495294253031,0.6626057922840118,0.6281512605042017,0.7319138598327026,0.6444444444444445,0.0,0.0,0.0,0.0,2002,clin,0.8
2,1,lr5e-05_bs32_modL1_fusion32_fusionL1_drop0p2_trmiss80_trlocclin,32,5e-05,1,32,1,0.2,lr5e-05_bs32_modL1_fusion32_fusionL1_drop0p2_trmiss80_trlocclin,5,0.6349909206231436,0.6541290581226349,0.6386554621848739,0.7426991962281438,0.6222222222222222,0.0,0.0,0.0,0.0,2002,clin,0.8
2,1,lr5e-05_bs32_modL1_fusion32_fusionL1_drop0p2_trmiss80_trlocclin,32,5e-05,1,32,1,0.2,lr5e-05_bs32_modL1_fusion32_fusionL1_drop0p2_trmiss80_trlocclin,6,0.6070154507954916,0.6513717174530029,0.6428571428571429,0.748012445317499,0.6666666666666666,0.0,0.0,0.0,0.0,2002,clin,0.8
2,1,lr5e-05_bs32_modL1_fusion32_fusionL1_drop0p2_trmiss80_trlocclin,32,5e-05,1,32,1,0.2,lr5e-05_bs32_modL1_fusion32_fusionL1_drop0p2_trmiss80_trlocclin,7,0.6092038253943125,0.6474200189113617,0.6638655462184875,0.7724984749053391,0.6444444444444445,0.0,0.0,0.0,0.0,2002,clin,0.8
2,1,lr5e-05_bs32_modL1_fusion32_fusionL1_drop0p2_trmiss80_trlocclin,32,5e-05,1,32,1,0.2,lr5e-05_bs32_modL1_fusion32_fusionL1_drop0p2_trmiss80_trlocclin,8,0.5792038838068644,0.6433557271957397,0.6890756302521008,0.7761195922256093,0.7111111111111111,0.0,0.0,0.0,0.0,2002,clin,0.8
2,1,lr5e-05_bs32_modL1_fusion32_fusionL1_drop0p2_trmiss80_trlocclin,32,5e-05,1,32,1,0.2,lr5e-05_bs32_modL1_fusion32_fusionL1_drop0p2_trmiss80_trlocclin,9,0.5996018648147583,0.6412010192871094,0.703781512605042,0.785863677572886,0.7111111111111111,0.0,0.0,0.0,0.0,2002,clin,0.8
2,1,lr5e-05_bs32_modL1_fusion32_fusionL1_drop0p2_trmiss80_trlocclin,32,5e-05,1,32,1,0.2,lr5e-05_bs32_modL1_fusion32_fusionL1_drop0p2_trmiss80_trlocclin,10,0.5552331209182739,0.6425290703773499,0.6911764705882353,0.7864813546951227,0.6888888888888889,0.0,0.0,0.0,0.0,2002,clin,0.8
2,1,lr5e-05_bs32_modL1_fusion32_fusionL1_drop0p2_trmiss80_trlocclin,32,5e-05,1,32,1,0.2,lr5e-05_bs32_modL1_fusion32_fusionL1_drop0p2_trmiss80_trlocclin,11,0.5635988265275955,0.6428489983081818,0.6848739495798319,0.7752190571501973,0.7111111111111111,0.0,0.0,0.0,0.0,2002,clin,0.8
2,1,lr5e-05_bs32_modL1_fusion32_fusionL1_drop0p2_trmiss80_trlocclin,32,5e-05,1,32,1,0.2,lr5e-05_bs32_modL1_fusion32_fusionL1_drop0p2_trmiss80_trlocclin,12,0.5464943647384644,0.6420599520206451,0.680672268907563,0.7817435813520841,0.7111111111111111,0.0,0.0,0.0,0.0,2002,clin,0.8
2,1,lr5e-05_bs32_modL1_fusion32_fusionL1_drop0p2_trmiss80_trlocclin,32,5e-05,1,32,1,0.2,lr5e-05_bs32_modL1_fusion32_fusionL1_drop0p2_trmiss80_trlocclin,13,0.548333744208018,0.6424686908721924,0.6764705882352942,0.7714961546414236,0.6888888888888889,0.0,0.0,0.0,0.0,2002,clin,0.8
2,1,lr5e-05_bs32_modL1_fusion32_fusionL1_drop0p2_trmiss80_trlocclin,32,5e-05,1,32,1,0.2,lr5e-05_bs32_modL1_fusion32_fusionL1_drop0p2_trmiss80_trlocclin,14,0.5258520940939585,0.639490008354187,0.6869747899159664,0.7755049106129839,0.6888888888888889,0.0,0.0,0.0,0.0,2002,clin,0.8
2,1,lr5e-05_bs32_modL1_fusion32_fusionL1_drop0p2_trmiss80_trlocclin,32,5e-05,1,32,1,0.2,lr5e-05_bs32_modL1_fusion32_fusionL1_drop0p2_trmiss80_trlocclin,15,0.5360774397850037,0.6417178213596344,0.6911764705882353,0.7811257861902113,0.6888888888888889,0.0,0.0,0.0,0.0,2002,clin,0.8
2,1,lr5e-05_bs32_modL1_fusion32_fusionL1_drop0p2_trmiss80_trlocclin,32,5e-05,1,32,1,0.2,lr5e-05_bs32_modL1_fusion32_fusionL1_drop0p2_trmiss80_trlocclin,16,0.5481280187765757,0.6382105350494385,0.6995798319327731,0.7886234761596622,0.6666666666666666,0.0,0.0,0.0,0.0,2002,clin,0.8
2,1,lr5e-05_bs32_modL1_fusion32_fusionL1_drop0p2_trmiss80_trlocclin,32,5e-05,1,32,1,0.2,lr5e-05_bs32_modL1_fusion32_fusionL1_drop0p2_trmiss80_trlocclin,17,0.5063358296950659,0.6358056664466858,0.7121848739495799,0.8001175478074259,0.6666666666666666,0.0,0.0,0.0,0.0,2002,clin,0.8
2,1,lr5e-05_bs32_modL1_fusion32_fusionL1_drop0p2_trmiss80_trlocclin,32,5e-05,1,32,1,0.2,lr5e-05_bs32_modL1_fusion32_fusionL1_drop0p2_trmiss80_trlocclin,18,0.5140541444222132,0.6369645893573761,0.7184873949579832,0.8042654566224281,0.6888888888888889,0.0,0.0,0.0,0.0,2002,clin,0.8
2,1,lr5e-05_bs32_modL1_fusion32_fusionL1_drop0p2_trmiss80_trlocclin,32,5e-05,1,32,1,0.2,lr5e-05_bs32_modL1_fusion32_fusionL1_drop0p2_trmiss80_trlocclin,19,0.5088565399249395,0.6380762755870819,0.7100840336134453,0.8013261220140022,0.6666666666666666,0.0,0.0,0.0,0.0,2002,clin,0.8
2,1,lr5e-05_bs32_modL1_fusion32_fusionL1_drop0p2_trmiss80_trlocclin,32,5e-05,1,32,1,0.2,lr5e-05_bs32_modL1_fusion32_fusionL1_drop0p2_trmiss80_trlocclin,20,0.5047543247540792,0.6374194622039795,0.7121848739495799,0.8007741294675608,0.6444444444444445,0.0,0.0,0.0,0.0,2002,clin,0.8
2,1,lr5e-05_bs32_modL1_fusion32_fusionL1_drop0p2_trmiss80_trlocclin,32,5e-05,1,32,1,0.2,lr5e-05_bs32_modL1_fusion32_fusionL1_drop0p2_trmiss80_trlocclin,21,0.5006233354409536,0.6356600821018219,0.7079831932773109,0.7956295936088816,0.6888888888888889,0.0,0.0,0.0,0.0,2002,clin,0.8
2,1,lr5e-05_bs32_modL1_fusion32_fusionL1_drop0p2_trmiss80_trlocclin,32,5e-05,1,32,1,0.2,lr5e-05_bs32_modL1_fusion32_fusionL1_drop0p2_trmiss80_trlocclin,22,0.5060140093167623,0.6347262561321259,0.7079831932773109,0.787955623061157,0.6888888888888889,0.0,0.0,0.0,0.0,2002,clin,0.8
2,1,lr5e-05_bs32_modL1_fusion32_fusionL1_drop0p2_trmiss80_trlocclin,32,5e-05,1,32,1,0.2,lr5e-05_bs32_modL1_fusion32_fusionL1_drop0p2_trmiss80_trlocclin,23,0.4976228525241216,0.632217288017273,0.7079831932773109,0.7992395202175767,0.6888888888888889,0.0,0.0,0.0,0.0,2002,clin,0.8
2,1,lr5e-05_bs32_modL1_fusion32_fusionL1_drop0p2_trmiss80_trlocclin,32,5e-05,1,32,1,0.2,lr5e-05_bs32_modL1_fusion32_fusionL1_drop0p2_trmiss80_trlocclin,24,0.49046993752320606,0.6343380510807037,0.7016806722689075,0.796728064246437,0.6666666666666666,0.0,0.0,0.0,0.0,2002,clin,0.8
2,1,lr5e-05_bs32_modL1_fusion32_fusionL1_drop0p2_trmiss80_trlocclin,32,5e-05,1,32,1,0.2,lr5e-05_bs32_modL1_fusion32_fusionL1_drop0p2_trmiss80_trlocclin,25,0.47583068907260895,0.6344892680644989,0.6953781512605042,0.7954672483364954,0.6666666666666666,0.0,0.0,0.0,0.0,2002,clin,0.8
2,1,lr5e-05_bs32_modL1_fusion32_fusionL1_drop0p2_trmiss80_trlocclin,32,5e-05,1,32,1,0.2,lr5e-05_bs32_modL1_fusion32_fusionL1_drop0p2_trmiss80_trlocclin,26,0.4628411183754603,0.6332645416259766,0.6974789915966386,0.7859246429975547,0.6888888888888889,0.0,0.0,0.0,0.0,2002,clin,0.8
2,1,lr5e-05_bs32_modL1_fusion32_fusionL1_drop0p2_trmiss80_trlocclin,32,5e-05,1,32,1,0.2,lr5e-05_bs32_modL1_fusion32_fusionL1_drop0p2_trmiss80_trlocclin,27,0.4680592566728592,0.6329332590103149,0.6911764705882353,0.7799764858976559,0.6666666666666666,0.0,0.0,0.0,0.0,2002,clin,0.8
2,1,lr5e-05_bs32_modL1_fusion32_fusionL1_drop0p2_trmiss80_trlocclin,32,5e-05,1,32,1,0.2,lr5e-05_bs32_modL1_fusion32_fusionL1_drop0p2_trmiss80_trlocclin,28,0.4595221032698949,0.6301406025886536,0.7121848739495797,0.8037863391505943,0.6888888888888889,0.0,0.0,0.0,0.0,2002,clin,0.8
2,1,lr5e-05_bs32_modL1_fusion32_fusionL1_drop0p2_trmiss80_trlocclin,32,5e-05,1,32,1,0.2,lr5e-05_bs32_modL1_fusion32_fusionL1_drop0p2_trmiss80_trlocclin,29,0.4512516607840856,0.6298600435256958,0.7142857142857143,0.799530370334802,0.6444444444444445,0.0,0.0,0.0,0.0,2002,clin,0.8
2,1,lr5e-05_bs32_modL1_fusion32_fusionL1_drop0p2_trmiss80_trlocclin,32,5e-05,1,32,1,0.2,lr5e-05_bs32_modL1_fusion32_fusionL1_drop0p2_trmiss80_trlocclin,30,0.45987650752067566,0.6285105347633362,0.7163865546218487,0.7940725104948141,0.6888888888888889,0.0,0.0,0.0,0.0,2002,clin,0.8
2,1,lr5e-05_bs32_modL1_fusion32_fusionL1_drop0p2_trmiss80_trlocclin,32,5e-05,1,32,1,0.2,lr5e-05_bs32_modL1_fusion32_fusionL1_drop0p2_trmiss80_trlocclin,31,0.4499664306640625,0.6310547292232513,0.6953781512605042,0.7879060205803633,0.6444444444444445,0.0,0.0,0.0,0.0,2002,clin,0.8
2,1,lr5e-05_bs32_modL1_fusion32_fusionL1_drop0p2_trmiss80_trlocclin,32,5e-05,1,32,1,0.2,lr5e-05_bs32_modL1_fusion32_fusionL1_drop0p2_trmiss80_trlocclin,32,0.4509131759405136,0.631393700838089,0.6953781512605042,0.7929395638526738,0.6888888888888889,0.0,0.0,0.0,0.0,2002,clin,0.8
2,1,lr5e-05_bs32_modL1_fusion32_fusionL1_drop0p2_trmiss80_trlocclin,32,5e-05,1,32,1,0.2,lr5e-05_bs32_modL1_fusion32_fusionL1_drop0p2_trmiss80_trlocclin,33,0.45591120421886444,0.6307631433010101,0.6974789915966386,0.7951586197232497,0.6666666666666666,0.0,0.0,0.0,0.0,2002,clin,0.8
2,1,lr5e-05_bs32_modL1_fusion32_fusionL1_drop0p2_trmiss80_trlocclin,32,5e-05,1,32,1,0.2,lr5e-05_bs32_modL1_fusion32_fusionL1_drop0p2_trmiss80_trlocclin,34,0.43179379403591156,0.6306484937667847,0.6953781512605042,0.7875089557733483,0.6666666666666666,0.0,0.0,0.0,0.0,2002,clin,0.8
2,1,lr5e-05_bs32_modL1_fusion32_fusionL1_drop0p2_trmiss80_trlocclin,32,5e-05,1,32,1,0.2,lr5e-05_bs32_modL1_fusion32_fusionL1_drop0p2_trmiss80_trlocclin,35,0.4313396215438843,0.6264032423496246,0.7289915966386554,0.8093164269163907,0.6888888888888889,0.0,0.0,0.0,0.0,2002,clin,0.8
2,1,lr5e-05_bs32_modL1_fusion32_fusionL1_drop0p2_trmiss80_trlocclin,32,5e-05,1,32,1,0.2,lr5e-05_bs32_modL1_fusion32_fusionL1_drop0p2_trmiss80_trlocclin,36,0.4439661006132762,0.6265012919902802,0.7184873949579832,0.8053822265148094,0.6666666666666666,0.0,0.0,0.0,0.0,2002,clin,0.8
2,1,lr5e-05_bs32_modL1_fusion32_fusionL1_drop0p2_trmiss80_trlocclin,32,5e-05,1,32,1,0.2,lr5e-05_bs32_modL1_fusion32_fusionL1_drop0p2_trmiss80_trlocclin,37,0.4380858639876048,0.6249752938747406,0.7142857142857143,0.8020066007215683,0.7111111111111111,0.0,0.0,0.0,0.0,2002,clin,0.8
2,1,lr5e-05_bs32_modL1_fusion32_fusionL1_drop0p2_trmiss80_trlocclin,32,5e-05,1,32,1,0.2,lr5e-05_bs32_modL1_fusion32_fusionL1_drop0p2_trmiss80_trlocclin,38,0.4187638858954112,0.6269248425960541,0.7100840336134454,0.7987513253001438,0.6888888888888889,0.0,0.0,0.0,0.0,2002,clin,0.8
2,1,lr5e-05_bs32_modL1_fusion32_fusionL1_drop0p2_trmiss80_trlocclin,32,5e-05,1,32,1,0.2,lr5e-05_bs32_modL1_fusion32_fusionL1_drop0p2_trmiss80_trlocclin,39,0.41522159179051715,0.6280667781829834,0.7037815126050421,0.7960615528721909,0.7111111111111111,0.0,0.0,0.0,0.0,2002,clin,0.8
2,1,lr5e-05_bs32_modL1_fusion32_fusionL1_drop0p2_trmiss80_trlocclin,32,5e-05,1,32,1,0.2,lr5e-05_bs32_modL1_fusion32_fusionL1_drop0p2_trmiss80_trlocclin,40,0.4450334707895915,0.6271792054176331,0.6974789915966386,0.7942276689907731,0.7111111111111111,0.0,0.0,0.0,0.0,2002,clin,0.8
2,1,lr5e-05_bs32_modL1_fusion32_fusionL1_drop0p2_trmiss80_trlocclin,32,5e-05,1,32,1,0.2,lr5e-05_bs32_modL1_fusion32_fusionL1_drop0p2_trmiss80_trlocclin,41,0.4265751391649246,0.6322689950466156,0.6827731092436975,0.7862357741567731,0.6222222222222222,0.0,0.0,0.0,0.0,2002,clin,0.8
2,1,lr5e-05_bs32_modL1_fusion32_fusionL1_drop0p2_trmiss80_trlocclin,32,5e-05,1,32,1,0.2,lr5e-05_bs32_modL1_fusion32_fusionL1_drop0p2_trmiss80_trlocclin,42,0.41370407740275067,0.6368120312690735,0.6743697478991597,0.7821579577585669,0.6444444444444445,0.0,0.0,0.0,0.0,2002,clin,0.8
2,1,lr5e-05_bs32_modL1_fusion32_fusionL1_drop0p2_trmiss80_trlocclin,32,5e-05,1,32,1,0.2,lr5e-05_bs32_modL1_fusion32_fusionL1_drop0p2_trmiss80_trlocclin,43,0.39635327955087024,0.6319525241851807,0.6785714285714286,0.7837745228946645,0.6444444444444445,0.0,0.0,0.0,0.0,2002,clin,0.8
2,1,lr5e-05_bs32_modL1_fusion32_fusionL1_drop0p2_trmiss80_trlocclin,32,5e-05,1,32,1,0.2,lr5e-05_bs32_modL1_fusion32_fusionL1_drop0p2_trmiss80_trlocclin,44,0.4161280542612076,0.6302827298641205,0.6848739495798319,0.7959279793536489,0.6666666666666666,0.0,0.0,0.0,0.0,2002,clin,0.8
2,1,lr5e-05_bs32_modL1_fusion32_fusionL1_drop0p2_trmiss80_trlocclin,32,5e-05,1,32,1,0.2,lr5e-05_bs32_modL1_fusion32_fusionL1_drop0p2_trmiss80_trlocclin,45,0.39653932054837543,0.6283712387084961,0.6911764705882353,0.7942985533878022,0.6444444444444445,0.0,0.0,0.0,0.0,2002,clin,0.8
2,1,lr5e-05_bs32_modL1_fusion32_fusionL1_drop0p2_trmiss80_trlocclin,32,5e-05,1,32,1,0.2,lr5e-05_bs32_modL1_fusion32_fusionL1_drop0p2_trmiss80_trlocclin,46,0.4037784735361735,0.6263420879840851,0.7058823529411765,0.8085143895849546,0.6444444444444445,0.0,0.0,0.0,0.0,2002,clin,0.8
2,1,lr5e-05_bs32_modL1_fusion32_fusionL1_drop0p2_trmiss80_trlocclin,32,5e-05,1,32,1,0.2,lr5e-05_bs32_modL1_fusion32_fusionL1_drop0p2_trmiss80_trlocclin,47,0.3908681819836299,0.6252692639827728,0.707983193277311,0.8122899130033351,0.6,0.0,0.0,0.0,0.0,2002,clin,0.8
2,1,lr5e-05_bs32_modL1_fusion32_fusionL1_drop0p2_trmiss80_trlocclin,32,5e-05,1,32,1,0.2,lr5e-05_bs32_modL1_fusion32_fusionL1_drop0p2_trmiss80_trlocclin,48,0.3820453683535258,0.6263926923274994,0.7058823529411764,0.8110530546236195,0.6,0.0,0.0,0.0,0.0,2002,clin,0.8
2,1,lr5e-05_bs32_modL1_fusion32_fusionL1_drop0p2_trmiss80_trlocclin,32,5e-05,1,32,1,0.2,lr5e-05_bs32_modL1_fusion32_fusionL1_drop0p2_trmiss80_trlocclin,49,0.3827294210592906,0.6253032088279724,0.703781512605042,0.810718863955578,0.6444444444444445,0.0,0.0,0.0,0.0,2002,clin,0.8
2,1,lr5e-05_bs32_modL1_fusion32_fusionL1_drop0p2_trmiss80_trlocclin,32,5e-05,1,32,1,0.2,lr5e-05_bs32_modL1_fusion32_fusionL1_drop0p2_trmiss80_trlocclin,50,0.40102583169937134,0.6288944780826569,0.6932773109243697,0.8017159281869145,0.6,0.0,0.0,0.0,0.0,2002,clin,0.8
2,1,lr5e-05_bs32_modL1_fusion32_fusionL1_drop0p2_trmiss80_trlocclin,32,5e-05,1,32,1,0.2,lr5e-05_bs32_modL1_fusion32_fusionL1_drop0p2_trmiss80_trlocclin,51,0.3839954187472661,0.6280161142349243,0.6848739495798319,0.7934178761112198,0.6444444444444445,0.0,0.0,0.0,0.0,2002,clin,0.8
2,1,lr5e-05_bs32_modL1_fusion32_fusionL1_drop0p2_trmiss80_trlocclin,32,5e-05,1,32,1,0.2,lr5e-05_bs32_modL1_fusion32_fusionL1_drop0p2_trmiss80_trlocclin,52,0.3805091232061386,0.6287300288677216,0.6911764705882353,0.7959766894916445,0.6444444444444445,0.0,0.0,0.0,0.0,2002,clin,0.8
2,1,lr5e-05_bs32_modL1_fusion32_fusionL1_drop0p2_trmiss80_trlocclin,32,5e-05,1,32,1,0.2,lr5e-05_bs32_modL1_fusion32_fusionL1_drop0p2_trmiss80_trlocclin,53,0.38844240208466846,0.626690685749054,0.6953781512605042,0.8037199791151862,0.6444444444444445,0.0,0.0,0.0,0.0,2002,clin,0.8
2,1,lr5e-05_bs32_modL1_fusion32_fusionL1_drop0p2_trmiss80_trlocclin,32,5e-05,1,32,1,0.2,lr5e-05_bs32_modL1_fusion32_fusionL1_drop0p2_trmiss80_trlocclin,54,0.377151886622111,0.6257967054843903,0.7016806722689075,0.8004826315445789,0.6222222222222222,0.0,0.0,0.0,0.0,2002,clin,0.8
2,1,lr5e-05_bs32_modL1_fusion32_fusionL1_drop0p2_trmiss80_trlocclin,32,5e-05,1,32,1,0.2,lr5e-05_bs32_modL1_fusion32_fusionL1_drop0p2_trmiss80_trlocclin,55,0.3923398107290268,0.6252336800098419,0.707983193277311,0.8103062978532077,0.6222222222222222,0.0,0.0,0.0,0.0,2002,clin,0.8
2,1,lr5e-05_bs32_modL1_fusion32_fusionL1_drop0p1_trmiss80_trlocclin,32,5e-05,1,32,1,0.1,lr5e-05_bs32_modL1_fusion32_fusionL1_drop0p1_trmiss80_trlocclin,1,0.7037105659643809,0.6972267925739288,0.42016806722689076,0.5873509489629867,0.4222222222222222,0.0,0.0,0.0,0.0,2002,clin,0.8
2,1,lr5e-05_bs32_modL1_fusion32_fusionL1_drop0p1_trmiss80_trlocclin,32,5e-05,1,32,1,0.1,lr5e-05_bs32_modL1_fusion32_fusionL1_drop0p1_trmiss80_trlocclin,2,0.6630694170792898,0.6971195936203003,0.42647058823529416,0.594195196332778,0.37777777777777777,0.0,0.0,0.0,0.0,2002,clin,0.8
2,1,lr5e-05_bs32_modL1_fusion32_fusionL1_drop0p1_trmiss80_trlocclin,32,5e-05,1,32,1,0.1,lr5e-05_bs32_modL1_fusion32_fusionL1_drop0p1_trmiss80_trlocclin,3,0.6591299374898275,0.6956735253334045,0.4474789915966387,0.6064385871705614,0.37777777777777777,0.0,0.0,0.0,0.0,2002,clin,0.8
2,1,lr5e-05_bs32_modL1_fusion32_fusionL1_drop0p1_trmiss80_trlocclin,32,5e-05,1,32,1,0.1,lr5e-05_bs32_modL1_fusion32_fusionL1_drop0p1_trmiss80_trlocclin,4,0.637173573176066,0.6953568756580353,0.4579831932773109,0.6072436947202337,0.37777777777777777,0.0,0.0,0.0,0.0,2002,clin,0.8
2,1,lr5e-05_bs32_modL1_fusion32_fusionL1_drop0p1_trmiss80_trlocclin,32,5e-05,1,32,1,0.1,lr5e-05_bs32_modL1_fusion32_fusionL1_drop0p1_trmiss80_trlocclin,5,0.6130349139372507,0.6966342031955719,0.4684873949579832,0.6367055040704336,0.4,0.0,0.0,0.0,0.0,2002,clin,0.8
2,1,lr5e-05_bs32_modL1_fusion32_fusionL1_drop0p1_trmiss80_trlocclin,32,5e-05,1,32,1,0.1,lr5e-05_bs32_modL1_fusion32_fusionL1_drop0p1_trmiss80_trlocclin,6,0.6019581357638041,0.6985149383544922,0.4600840336134454,0.6342329308060156,0.37777777777777777,0.0,0.0,0.0,0.0,2002,clin,0.8
2,1,lr5e-05_bs32_modL1_fusion32_fusionL1_drop0p1_trmiss80_trlocclin,32,5e-05,1,32,1,0.1,lr5e-05_bs32_modL1_fusion32_fusionL1_drop0p1_trmiss80_trlocclin,7,0.5973795056343079,0.7014539539813995,0.4495798319327731,0.6234038972869621,0.35555555555555557,0.0,0.0,0.0,0.0,2002,clin,0.8
2,1,lr5e-05_bs32_modL1_fusion32_fusionL1_drop0p1_trmiss80_trlocclin,32,5e-05,1,32,1,0.1,lr5e-05_bs32_modL1_fusion32_fusionL1_drop0p1_trmiss80_trlocclin,8,0.5911498963832855,0.7040406763553619,0.45588235294117646,0.607573646188854,0.37777777777777777,0.0,0.0,0.0,0.0,2002,clin,0.8
2,1,lr5e-05_bs32_modL1_fusion32_fusionL1_drop0p1_trmiss80_trlocclin,32,5e-05,1,32,1,0.1,lr5e-05_bs32_modL1_fusion32_fusionL1_drop0p1_trmiss80_trlocclin,9,0.5767662425835928,0.7036381661891937,0.4285714285714286,0.5919755723337925,0.37777777777777777,0.0,0.0,0.0,0.0,2002,clin,0.8
2,1,lr5e-05_bs32_modL1_fusion32_fusionL1_drop0p1_trmiss80_trlocclin,32,5e-05,1,32,1,0.1,lr5e-05_bs32_modL1_fusion32_fusionL1_drop0p1_trmiss80_trlocclin,10,0.5697258114814758,0.7026076018810272,0.43067226890756305,0.5972701777095801,0.4444444444444444,0.0,0.0,0.0,0.0,2002,clin,0.8
2,1,lr5e-05_bs32_modL1_fusion32_fusionL1_drop0p1_trmiss80_trlocclin,32,5e-05,1,32,1,0.1,lr5e-05_bs32_modL1_fusion32_fusionL1_drop0p1_trmiss80_trlocclin,11,0.5470721026261648,0.7028389871120453,0.4327731092436975,0.6159621798841266,0.4222222222222222,0.0,0.0,0.0,0.0,2002,clin,0.8
2,1,lr5e-05_bs32_modL1_fusion32_fusionL1_drop0p1_trmiss80_trlocclin,32,5e-05,1,32,1,0.1,lr5e-05_bs32_modL1_fusion32_fusionL1_drop0p1_trmiss80_trlocclin,12,0.5638818840185801,0.7019341289997101,0.4516806722689076,0.6305985878361126,0.4222222222222222,0.0,0.0,0.0,0.0,2002,clin,0.8
2,1,lr5e-05_bs32_modL1_fusion32_fusionL1_drop0p1_trmiss80_trlocclin,32,5e-05,1,32,1,0.1,lr5e-05_bs32_modL1_fusion32_fusionL1_drop0p1_trmiss80_trlocclin,13,0.5521625081698099,0.7007288336753845,0.45798319327731096,0.634984018618501,0.4222222222222222,0.0,0.0,0.0,0.0,2002,clin,0.8
2,1,lr5e-05_bs32_modL1_fusion32_fusionL1_drop0p1_trmiss80_trlocclin,32,5e-05,1,32,1,0.1,lr5e-05_bs32_modL1_fusion32_fusionL1_drop0p1_trmiss80_trlocclin,14,0.5464686950047811,0.6991658508777618,0.4600840336134454,0.6376526013071065,0.4222222222222222,0.0,0.0,0.0,0.0,2002,clin,0.8
2,1,lr5e-05_bs32_modL1_fusion32_fusionL1_drop0p1_trmiss80_trlocclin,32,5e-05,1,32,1,0.1,lr5e-05_bs32_modL1_fusion32_fusionL1_drop0p1_trmiss80_trlocclin,15,0.5405450810988744,0.6994845867156982,0.45378151260504207,0.6351907153669597,0.4,0.0,0.0,0.0,0.0,2002,clin,0.8
2,1,lr5e-05_bs32_modL1_fusion32_fusionL1_drop0p1_trmiss80_trlocclin,32,5e-05,1,32,1,0.1,lr5e-05_bs32_modL1_fusion32_fusionL1_drop0p1_trmiss80_trlocclin,16,0.546603282292684,0.7005128562450409,0.4495798319327731,0.6311806903043031,0.4,0.0,0.0,0.0,0.0,2002,clin,0.8
2,1,lr5e-05_bs32_modL1_fusion32_fusionL1_drop0p1_trmiss80_trlocclin,32,5e-05,1,32,1,0.1,lr5e-05_bs32_modL1_fusion32_fusionL1_drop0p1_trmiss80_trlocclin,17,0.5293304721514384,0.7003451585769653,0.43907563025210083,0.626218292019938,0.35555555555555557,0.0,0.0,0.0,0.0,2002,clin,0.8
2,1,lr5e-05_bs32_modL1_fusion32_fusionL1_drop0p1_trmiss80_trlocclin,32,5e-05,1,32,1,0.1,lr5e-05_bs32_modL1_fusion32_fusionL1_drop0p1_trmiss80_trlocclin,18,0.5220415989557902,0.698689341545105,0.44117647058823534,0.6266109938600082,0.35555555555555557,0.0,0.0,0.0,0.0,2002,clin,0.8
2,1,lr5e-05_bs32_modL1_fusion32_fusionL1_drop0p1_trmiss80_trlocclin,32,5e-05,1,32,1,0.1,lr5e-05_bs32_modL1_fusion32_fusionL1_drop0p1_trmiss80_trlocclin,19,0.5197721521059672,0.6997773349285126,0.4327731092436975,0.6330736964624167,0.37777777777777777,0.0,0.0,0.0,0.0,2002,clin,0.8
2,1,lr5e-05_bs32_modL1_fusion32_fusionL1_drop0p1_trmiss80_trlocclin,32,5e-05,1,32,1,0.1,lr5e-05_bs32_modL1_fusion32_fusionL1_drop0p1_trmiss80_trlocclin,20,0.5240794072548548,0.7006856501102448,0.434873949579832,0.6359308393195595,0.37777777777777777,0.0,0.0,0.0,0.0,2002,clin,0.8
2,1,lr5e-05_bs32_modL1_fusion32_fusionL1_drop0p1_trmiss80_trlocclin,32,5e-05,1,32,1,0.1,lr5e-05_bs32_modL1_fusion32_fusionL1_drop0p1_trmiss80_trlocclin,21,0.5104569097359976,0.7012582719326019,0.4327731092436975,0.6345192746937092,0.35555555555555557,0.0,0.0,0.0,0.0,2002,clin,0.8
2,1,lr5e-05_bs32_modL1_fusion32_fusionL1_drop0p1_trmiss80_trlocclin,32,5e-05,1,32,1,0.1,lr5e-05_bs32_modL1_fusion32_fusionL1_drop0p1_trmiss80_trlocclin,22,0.5125529070695242,0.7011617720127106,0.4327731092436975,0.6328505730250076,0.4,0.0,0.0,0.0,0.0,2002,clin,0.8
2,1,lr5e-05_bs32_modL1_fusion32_fusionL1_drop0p1_trmiss80_trlocclin,32,5e-05,1,32,1,0.1,lr5e-05_bs32_modL1_fusion32_fusionL1_drop0p1_trmiss80_trlocclin,23,0.5267008791367213,0.7014178335666656,0.42647058823529416,0.6182960557265879,0.37777777777777777,0.0,0.0,0.0,0.0,2002,clin,0.8
2,1,lr5e-05_bs32_modL1_fusion32_fusionL1_drop0p1_trmiss80_trlocclin,32,5e-05,1,32,1,0.1,lr5e-05_bs32_modL1_fusion32_fusionL1_drop0p1_trmiss80_trlocclin,24,0.5179144541422526,0.7002749145030975,0.4264705882352941,0.6172326591928081,0.4222222222222222,0.0,0.0,0.0,0.0,2002,clin,0.8
2,1,lr5e-05_bs32_modL1_fusion32_fusionL1_drop0p1_trmiss80_trlocclin,32,5e-05,1,32,1,0.1,lr5e-05_bs32_modL1_fusion32_fusionL1_drop0p1_trmiss80_trlocclin,25,0.5135989238818487,0.7020924091339111,0.4285714285714286,0.6191463958626423,0.4,0.0,0.0,0.0,0.0,2002,clin,0.8
2,1,lr5e-05_bs32_modL1_fusion64_fusionL1_drop0p2_trmiss80_trlocclin,32,5e-05,1,64,1,0.2,lr5e-05_bs32_modL1_fusion64_fusionL1_drop0p2_trmiss80_trlocclin,1,0.7215529481569926,0.6930302977561951,0.47268907563025203,0.6085590355463584,0.5777777777777777,0.0,0.0,0.0,0.0,2002,clin,0.8
2,1,lr5e-05_bs32_modL1_fusion64_fusionL1_drop0p2_trmiss80_trlocclin,32,5e-05,1,64,1,0.2,lr5e-05_bs32_modL1_fusion64_fusionL1_drop0p2_trmiss80_trlocclin,2,0.6994820833206177,0.6898907721042633,0.5105042016806722,0.6225654596701895,0.6,0.0,0.0,0.0,0.0,2002,clin,0.8
2,1,lr5e-05_bs32_modL1_fusion64_fusionL1_drop0p2_trmiss80_trlocclin,32,5e-05,1,64,1,0.2,lr5e-05_bs32_modL1_fusion64_fusionL1_drop0p2_trmiss80_trlocclin,3,0.6537470817565918,0.6857393980026245,0.5609243697478992,0.625318672508166,0.6666666666666666,0.0,0.0,0.0,0.0,2002,clin,0.8
2,1,lr5e-05_bs32_modL1_fusion64_fusionL1_drop0p2_trmiss80_trlocclin,32,5e-05,1,64,1,0.2,lr5e-05_bs32_modL1_fusion64_fusionL1_drop0p2_trmiss80_trlocclin,4,0.6399485468864441,0.6816171705722809,0.5651260504201681,0.6359542576419258,0.6888888888888889,0.0,0.0,0.0,0.0,2002,clin,0.8
2,1,lr5e-05_bs32_modL1_fusion64_fusionL1_drop0p2_trmiss80_trlocclin,32,5e-05,1,64,1,0.2,lr5e-05_bs32_modL1_fusion64_fusionL1_drop0p2_trmiss80_trlocclin,5,0.6099599103132883,0.6815518438816071,0.5588235294117647,0.6545787514820269,0.6666666666666666,0.0,0.0,0.0,0.0,2002,clin,0.8
2,1,lr5e-05_bs32_modL1_fusion64_fusionL1_drop0p2_trmiss80_trlocclin,32,5e-05,1,64,1,0.2,lr5e-05_bs32_modL1_fusion64_fusionL1_drop0p2_trmiss80_trlocclin,6,0.6154234210650126,0.6799323260784149,0.5630252100840336,0.6533263216540917,0.6666666666666666,0.0,0.0,0.0,0.0,2002,clin,0.8
2,1,lr5e-05_bs32_modL1_fusion64_fusionL1_drop0p2_trmiss80_trlocclin,32,5e-05,1,64,1,0.2,lr5e-05_bs32_modL1_fusion64_fusionL1_drop0p2_trmiss80_trlocclin,7,0.6356354653835297,0.6744701564311981,0.5756302521008404,0.6701086593543083,0.6666666666666666,0.0,0.0,0.0,0.0,2002,clin,0.8
2,1,lr5e-05_bs32_modL1_fusion64_fusionL1_drop0p2_trmiss80_trlocclin,32,5e-05,1,64,1,0.2,lr5e-05_bs32_modL1_fusion64_fusionL1_drop0p2_trmiss80_trlocclin,8,0.5899777213732401,0.6728930473327637,0.5672268907563025,0.6867216525072364,0.6666666666666666,0.0,0.0,0.0,0.0,2002,clin,0.8
2,1,lr5e-05_bs32_modL1_fusion64_fusionL1_drop0p2_trmiss80_trlocclin,32,5e-05,1,64,1,0.2,lr5e-05_bs32_modL1_fusion64_fusionL1_drop0p2_trmiss80_trlocclin,9,0.5932119687398275,0.673175036907196,0.5609243697478992,0.685385658593786,0.6444444444444445,0.0,0.0,0.0,0.0,2002,clin,0.8
2,1,lr5e-05_bs32_modL1_fusion64_fusionL1_drop0p2_trmiss80_trlocclin,32,5e-05,1,64,1,0.2,lr5e-05_bs32_modL1_fusion64_fusionL1_drop0p2_trmiss80_trlocclin,10,0.5780945420265198,0.6694242656230927,0.5567226890756303,0.686503928378587,0.6444444444444445,0.0,0.0,0.0,0.0,2002,clin,0.8
2,1,lr5e-05_bs32_modL1_fusion64_fusionL1_drop0p2_trmiss80_trlocclin,32,5e-05,1,64,1,0.2,lr5e-05_bs32_modL1_fusion64_fusionL1_drop0p2_trmiss80_trlocclin,11,0.5726731916268667,0.6634675562381744,0.592436974789916,0.7195918675632681,0.6444444444444445,0.0,0.0,0.0,0.0,2002,clin,0.8
2,1,lr5e-05_bs32_modL1_fusion64_fusionL1_drop0p2_trmiss80_trlocclin,32,5e-05,1,64,1,0.2,lr5e-05_bs32_modL1_fusion64_fusionL1_drop0p2_trmiss80_trlocclin,12,0.5623175899187723,0.6580991744995117,0.6071428571428571,0.7093994881191846,0.6222222222222222,0.0,0.0,0.0,0.0,2002,clin,0.8
2,1,lr5e-05_bs32_modL1_fusion64_fusionL1_drop0p2_trmiss80_trlocclin,32,5e-05,1,64,1,0.2,lr5e-05_bs32_modL1_fusion64_fusionL1_drop0p2_trmiss80_trlocclin,13,0.5219992697238922,0.659402996301651,0.6029411764705882,0.7047212395782493,0.6444444444444445,0.0,0.0,0.0,0.0,2002,clin,0.8
2,1,lr5e-05_bs32_modL1_fusion64_fusionL1_drop0p2_trmiss80_trlocclin,32,5e-05,1,64,1,0.2,lr5e-05_bs32_modL1_fusion64_fusionL1_drop0p2_trmiss80_trlocclin,14,0.5385246574878693,0.6567874848842621,0.634453781512605,0.7676449822105001,0.6444444444444445,0.0,0.0,0.0,0.0,2002,clin,0.8
2,1,lr5e-05_bs32_modL1_fusion64_fusionL1_drop0p2_trmiss80_trlocclin,32,5e-05,1,64,1,0.2,lr5e-05_bs32_modL1_fusion64_fusionL1_drop0p2_trmiss80_trlocclin,15,0.5285822848478953,0.6537847518920898,0.6386554621848739,0.7734129344292999,0.6444444444444445,0.0,0.0,0.0,0.0,2002,clin,0.8
2,1,lr5e-05_bs32_modL1_fusion64_fusionL1_drop0p2_trmiss80_trlocclin,32,5e-05,1,64,1,0.2,lr5e-05_bs32_modL1_fusion64_fusionL1_drop0p2_trmiss80_trlocclin,16,0.5246643672386805,0.6522137820720673,0.6470588235294117,0.7830494262891431,0.6444444444444445,0.0,0.0,0.0,0.0,2002,clin,0.8
2,1,lr5e-05_bs32_modL1_fusion64_fusionL1_drop0p2_trmiss80_trlocclin,32,5e-05,1,64,1,0.2,lr5e-05_bs32_modL1_fusion64_fusionL1_drop0p2_trmiss80_trlocclin,17,0.49971193571885425,0.6538744866847992,0.6344537815126051,0.7630269677081898,0.6444444444444445,0.0,0.0,0.0,0.0,2002,clin,0.8
2,1,lr5e-05_bs32_modL1_fusion64_fusionL1_drop0p2_trmiss80_trlocclin,32,5e-05,1,64,1,0.2,lr5e-05_bs32_modL1_fusion64_fusionL1_drop0p2_trmiss80_trlocclin,18,0.49130091071128845,0.6522574126720428,0.6218487394957983,0.7568008102871794,0.6444444444444445,0.0,0.0,0.0,0.0,2002,clin,0.8
2,1,lr5e-05_bs32_modL1_fusion64_fusionL1_drop0p2_trmiss80_trlocclin,32,5e-05,1,64,1,0.2,lr5e-05_bs32_modL1_fusion64_fusionL1_drop0p2_trmiss80_trlocclin,19,0.49172423283259076,0.6523569524288177,0.6176470588235293,0.7484749505288079,0.6444444444444445,0.0,0.0,0.0,0.0,2002,clin,0.8
2,1,lr5e-05_bs32_modL1_fusion64_fusionL1_drop0p2_trmiss80_trlocclin,32,5e-05,1,64,1,0.2,lr5e-05_bs32_modL1_fusion64_fusionL1_drop0p2_trmiss80_trlocclin,20,0.48772050937016803,0.6537136733531952,0.6260504201680672,0.7580905361659629,0.6444444444444445,0.0,0.0,0.0,0.0,2002,clin,0.8
2,1,lr5e-05_bs32_modL1_fusion64_fusionL1_drop0p2_trmiss80_trlocclin,32,5e-05,1,64,1,0.2,lr5e-05_bs32_modL1_fusion64_fusionL1_drop0p2_trmiss80_trlocclin,21,0.46632737418015796,0.6546711027622223,0.6260504201680672,0.7508562795927631,0.6666666666666666,0.0,0.0,0.0,0.0,2002,clin,0.8
2,1,lr5e-05_bs32_modL1_fusion64_fusionL1_drop0p2_trmiss80_trlocclin,32,5e-05,1,64,1,0.2,lr5e-05_bs32_modL1_fusion64_fusionL1_drop0p2_trmiss80_trlocclin,22,0.4707363347212474,0.653339296579361,0.615546218487395,0.7455159686034195,0.6666666666666666,0.0,0.0,0.0,0.0,2002,clin,0.8
2,1,lr5e-05_bs32_modL1_fusion64_fusionL1_drop0p2_trmiss80_trlocclin,32,5e-05,1,64,1,0.2,lr5e-05_bs32_modL1_fusion64_fusionL1_drop0p2_trmiss80_trlocclin,23,0.48000894486904144,0.6538331806659698,0.6050420168067228,0.7395697697807502,0.6666666666666666,0.0,0.0,0.0,0.0,2002,clin,0.8
2,1,lr5e-05_bs32_modL1_fusion64_fusionL1_drop0p2_trmiss80_trlocclin,32,5e-05,1,64,1,0.2,lr5e-05_bs32_modL1_fusion64_fusionL1_drop0p2_trmiss80_trlocclin,24,0.45723893741766614,0.6522315740585327,0.6281512605042017,0.7487815501514515,0.6666666666666666,0.0,0.0,0.0,0.0,2002,clin,0.8
2,1,lr5e-05_bs32_modL1_fusion64_fusionL1_drop0p2_trmiss80_trlocclin,32,5e-05,1,64,1,0.2,lr5e-05_bs32_modL1_fusion64_fusionL1_drop0p2_trmiss80_trlocclin,25,0.4539990077416102,0.6508024334907532,0.6281512605042017,0.7546711846714138,0.6666666666666666,0.0,0.0,0.0,0.0,2002,clin,0.8
2,1,lr5e-05_bs32_modL1_fusion64_fusionL1_drop0p2_trmiss80_trlocclin,32,5e-05,1,64,1,0.2,lr5e-05_bs32_modL1_fusion64_fusionL1_drop0p2_trmiss80_trlocclin,26,0.44756851096947986,0.6507990062236786,0.6302521008403361,0.7599753353512668,0.6666666666666666,0.0,0.0,0.0,0.0,2002,clin,0.8
2,1,lr5e-05_bs32_modL1_fusion64_fusionL1_drop0p2_trmiss80_trlocclin,32,5e-05,1,64,1,0.2,lr5e-05_bs32_modL1_fusion64_fusionL1_drop0p2_trmiss80_trlocclin,27,0.44629645844300586,0.6523707807064056,0.6323529411764706,0.7648255920237328,0.6666666666666666,0.0,0.0,0.0,0.0,2002,clin,0.8
2,1,lr5e-05_bs32_modL1_fusion64_fusionL1_drop0p2_trmiss80_trlocclin,32,5e-05,1,64,1,0.2,lr5e-05_bs32_modL1_fusion64_fusionL1_drop0p2_trmiss80_trlocclin,28,0.4535042345523834,0.6520799100399017,0.638655462184874,0.7684001990227096,0.6888888888888889,0.0,0.0,0.0,0.0,2002,clin,0.8
2,1,lr5e-05_bs32_modL1_fusion64_fusionL1_drop0p2_trmiss80_trlocclin,32,5e-05,1,64,1,0.2,lr5e-05_bs32_modL1_fusion64_fusionL1_drop0p2_trmiss80_trlocclin,29,0.42878973484039307,0.6541747748851776,0.6218487394957983,0.7435262220854681,0.6666666666666666,0.0,0.0,0.0,0.0,2002,clin,0.8
2,1,lr5e-05_bs32_modL1_fusion64_fusionL1_drop0p2_trmiss80_trlocclin,32,5e-05,1,64,1,0.2,lr5e-05_bs32_modL1_fusion64_fusionL1_drop0p2_trmiss80_trlocclin,30,0.44160492221514386,0.6565007269382477,0.6008403361344538,0.718689910370006,0.6666666666666666,0.0,0.0,0.0,0.0,2002,clin,0.8
2,1,lr5e-05_bs32_modL1_fusion64_fusionL1_drop0p2_trmiss80_trlocclin,32,5e-05,1,64,1,0.2,lr5e-05_bs32_modL1_fusion64_fusionL1_drop0p2_trmiss80_trlocclin,31,0.4223490357398987,0.6564558744430542,0.6029411764705883,0.7210196048540755,0.6666666666666666,0.0,0.0,0.0,0.0,2002,clin,0.8
2,1,lr5e-05_bs32_modL1_fusion64_fusionL1_drop0p2_trmiss80_trlocclin,32,5e-05,1,64,1,0.2,lr5e-05_bs32_modL1_fusion64_fusionL1_drop0p2_trmiss80_trlocclin,32,0.42227912942568463,0.6552169919013977,0.6092436974789917,0.7516431042538352,0.6666666666666666,0.0,0.0,0.0,0.0,2002,clin,0.8
2,1,lr5e-05_bs32_modL1_fusion64_fusionL1_drop0p2_trmiss80_trlocclin,32,5e-05,1,64,1,0.2,lr5e-05_bs32_modL1_fusion64_fusionL1_drop0p2_trmiss80_trlocclin,33,0.44071362415949505,0.653811126947403,0.6218487394957983,0.7560839622378864,0.6666666666666666,0.0,0.0,0.0,0.0,2002,clin,0.8
2,1,lr5e-05_bs32_modL1_fusion64_fusionL1_drop0p2_trmiss80_trlocclin,32,5e-05,1,64,1,0.2,lr5e-05_bs32_modL1_fusion64_fusionL1_drop0p2_trmiss80_trlocclin,34,0.41471922397613525,0.6521381139755249,0.6323529411764706,0.7656935004464958,0.6888888888888889,0.0,0.0,0.0,0.0,2002,clin,0.8
2,1,lr5e-05_bs32_modL1_fusion64_fusionL1_drop0p2_trmiss80_trlocclin,32,5e-05,1,64,1,0.2,lr5e-05_bs32_modL1_fusion64_fusionL1_drop0p2_trmiss80_trlocclin,35,0.42731253306070965,0.6525579690933228,0.6176470588235294,0.7629561048311342,0.6888888888888889,0.0,0.0,0.0,0.0,2002,clin,0.8
2,1,lr5e-05_bs32_modL1_fusion64_fusionL1_drop0p2_trmiss80_trlocclin,32,5e-05,1,64,1,0.2,lr5e-05_bs32_modL1_fusion64_fusionL1_drop0p2_trmiss80_trlocclin,36,0.4351806739966075,0.6498641073703766,0.6260504201680672,0.7692821246649473,0.6888888888888889,0.0,0.0,0.0,0.0,2002,clin,0.8
2,1,lr5e-05_bs32_modL1_fusion64_fusionL1_drop0p1_trmiss80_trlocclin,32,5e-05,1,64,1,0.1,lr5e-05_bs32_modL1_fusion64_fusionL1_drop0p1_trmiss80_trlocclin,1,0.7467288970947266,0.6970207393169403,0.592436974789916,0.6947941117649539,0.37777777777777777,0.0,0.0,0.0,0.0,2002,clin,0.8
2,1,lr5e-05_bs32_modL1_fusion64_fusionL1_drop0p1_trmiss80_trlocclin,32,5e-05,1,64,1,0.1,lr5e-05_bs32_modL1_fusion64_fusionL1_drop0p1_trmiss80_trlocclin,2,0.699851522843043,0.6990601718425751,0.5840336134453781,0.6727552788848715,0.37777777777777777,0.0,0.0,0.0,0.0,2002,clin,0.8
2,1,lr5e-05_bs32_modL1_fusion64_fusionL1_drop0p1_trmiss80_trlocclin,32,5e-05,1,64,1,0.1,lr5e-05_bs32_modL1_fusion64_fusionL1_drop0p1_trmiss80_trlocclin,3,0.6827479700247446,0.7016961872577667,0.5840336134453782,0.6772239442726434,0.37777777777777777,0.0,0.0,0.0,0.0,2002,clin,0.8
2,1,lr5e-05_bs32_modL1_fusion64_fusionL1_drop0p1_trmiss80_trlocclin,32,5e-05,1,64,1,0.1,lr5e-05_bs32_modL1_fusion64_fusionL1_drop0p1_trmiss80_trlocclin,4,0.664567102988561,0.7002196609973907,0.6092436974789915,0.7003900254861428,0.4444444444444444,0.0,0.0,0.0,0.0,2002,clin,0.8
2,1,lr5e-05_bs32_modL1_fusion64_fusionL1_drop0p1_trmiss80_trlocclin,32,5e-05,1,64,1,0.1,lr5e-05_bs32_modL1_fusion64_fusionL1_drop0p1_trmiss80_trlocclin,5,0.6713172594706217,0.6997887194156647,0.6428571428571428,0.7328367379191314,0.4444444444444444,0.0,0.0,0.0,0.0,2002,clin,0.8
2,1,lr5e-05_bs32_modL1_fusion64_fusionL1_drop0p1_trmiss80_trlocclin,32,5e-05,1,64,1,0.1,lr5e-05_bs32_modL1_fusion64_fusionL1_drop0p1_trmiss80_trlocclin,6,0.6365832090377808,0.6998350024223328,0.6533613445378151,0.7431642132732216,0.4222222222222222,0.0,0.0,0.0,0.0,2002,clin,0.8
2,1,lr5e-05_bs32_modL1_fusion64_fusionL1_drop0p1_trmiss80_trlocclin,32,5e-05,1,64,1,0.1,lr5e-05_bs32_modL1_fusion64_fusionL1_drop0p1_trmiss80_trlocclin,7,0.6120276153087616,0.6981797516345978,0.661764705882353,0.7433259113189189,0.4,0.0,0.0,0.0,0.0,2002,clin,0.8
2,1,lr5e-05_bs32_modL1_fusion64_fusionL1_drop0p1_trmiss80_trlocclin,32,5e-05,1,64,1,0.1,lr5e-05_bs32_modL1_fusion64_fusionL1_drop0p1_trmiss80_trlocclin,8,0.6177540322144827,0.6959700286388397,0.6701680672268907,0.7444119029324703,0.4222222222222222,0.0,0.0,0.0,0.0,2002,clin,0.8
2,1,lr5e-05_bs32_modL1_fusion64_fusionL1_drop0p1_trmiss80_trlocclin,32,5e-05,1,64,1,0.1,lr5e-05_bs32_modL1_fusion64_fusionL1_drop0p1_trmiss80_trlocclin,9,0.5895492831865946,0.6935637891292572,0.6848739495798319,0.7499362056630938,0.4222222222222222,0.0,0.0,0.0,0.0,2002,clin,0.8
2,1,lr5e-05_bs32_modL1_fusion64_fusionL1_drop0p1_trmiss80_trlocclin,32,5e-05,1,64,1,0.1,lr5e-05_bs32_modL1_fusion64_fusionL1_drop0p1_trmiss80_trlocclin,10,0.5910250544548035,0.6926477253437042,0.7016806722689075,0.7567405996770453,0.4444444444444444,0.0,0.0,0.0,0.0,2002,clin,0.8
2,1,lr5e-05_bs32_modL1_fusion64_fusionL1_drop0p1_trmiss80_trlocclin,32,5e-05,1,64,1,0.1,lr5e-05_bs32_modL1_fusion64_fusionL1_drop0p1_trmiss80_trlocclin,11,0.5776241620381674,0.6921404600143433,0.7016806722689075,0.7554461838954337,0.4444444444444444,0.0,0.0,0.0,0.0,2002,clin,0.8
2,1,lr5e-05_bs32_modL1_fusion64_fusionL1_drop0p1_trmiss80_trlocclin,32,5e-05,1,64,1,0.1,lr5e-05_bs32_modL1_fusion64_fusionL1_drop0p1_trmiss80_trlocclin,12,0.5878283480803171,0.6911172866821289,0.6995798319327731,0.7553428790300891,0.4444444444444444,0.0,0.0,0.0,0.0,2002,clin,0.8
2,1,lr5e-05_bs32_modL1_fusion64_fusionL1_drop0p1_trmiss80_trlocclin,32,5e-05,1,64,1,0.1,lr5e-05_bs32_modL1_fusion64_fusionL1_drop0p1_trmiss80_trlocclin,13,0.5707075099150339,0.6880760490894318,0.707983193277311,0.7596313491508189,0.4666666666666667,0.0,0.0,0.0,0.0,2002,clin,0.8
2,1,lr5e-05_bs32_modL1_fusion64_fusionL1_drop0p1_trmiss80_trlocclin,32,5e-05,1,64,1,0.1,lr5e-05_bs32_modL1_fusion64_fusionL1_drop0p1_trmiss80_trlocclin,14,0.571970005830129,0.684381514787674,0.7163865546218489,0.7616997689222916,0.4666666666666667,0.0,0.0,0.0,0.0,2002,clin,0.8
2,1,lr5e-05_bs32_modL1_fusion64_fusionL1_drop0p1_trmiss80_trlocclin,32,5e-05,1,64,1,0.1,lr5e-05_bs32_modL1_fusion64_fusionL1_drop0p1_trmiss80_trlocclin,15,0.5707838932673136,0.6839154064655304,0.7226890756302521,0.7603222323843627,0.4666666666666667,0.0,0.0,0.0,0.0,2002,clin,0.8
2,1,lr5e-05_bs32_modL1_fusion64_fusionL1_drop0p1_trmiss80_trlocclin,32,5e-05,1,64,1,0.1,lr5e-05_bs32_modL1_fusion64_fusionL1_drop0p1_trmiss80_trlocclin,16,0.558745414018631,0.6831667423248291,0.7163865546218487,0.7554579182021557,0.4666666666666667,0.0,0.0,0.0,0.0,2002,clin,0.8
2,1,lr5e-05_bs32_modL1_fusion64_fusionL1_drop0p1_trmiss80_trlocclin,32,5e-05,1,64,1,0.1,lr5e-05_bs32_modL1_fusion64_fusionL1_drop0p1_trmiss80_trlocclin,17,0.5586602787176768,0.6814607083797455,0.7121848739495799,0.7529734461524662,0.4666666666666667,0.0,0.0,0.0,0.0,2002,clin,0.8
2,1,lr5e-05_bs32_modL1_fusion64_fusionL1_drop0p1_trmiss80_trlocclin,32,5e-05,1,64,1,0.1,lr5e-05_bs32_modL1_fusion64_fusionL1_drop0p1_trmiss80_trlocclin,18,0.545464962720871,0.6775546669960022,0.7163865546218487,0.7550657982448183,0.4666666666666667,0.0,0.0,0.0,0.0,2002,clin,0.8
2,1,lr5e-05_bs32_modL1_fusion64_fusionL1_drop0p1_trmiss80_trlocclin,32,5e-05,1,64,1,0.1,lr5e-05_bs32_modL1_fusion64_fusionL1_drop0p1_trmiss80_trlocclin,19,0.5368208388487498,0.6764700412750244,0.7268907563025211,0.7631300287571938,0.4666666666666667,0.0,0.0,0.0,0.0,2002,clin,0.8
2,1,lr5e-05_bs32_modL1_fusion64_fusionL1_drop0p1_trmiss80_trlocclin,32,5e-05,1,64,1,0.1,lr5e-05_bs32_modL1_fusion64_fusionL1_drop0p1_trmiss80_trlocclin,20,0.5490714609622955,0.6763327717781067,0.7289915966386555,0.7696996496125289,0.4666666666666667,0.0,0.0,0.0,0.0,2002,clin,0.8
2,1,lr5e-05_bs32_modL1_fusion64_fusionL1_drop0p1_trmiss80_trlocclin,32,5e-05,1,64,1,0.1,lr5e-05_bs32_modL1_fusion64_fusionL1_drop0p1_trmiss80_trlocclin,21,0.5317128151655197,0.6751720607280731,0.7142857142857143,0.7576565564658286,0.4666666666666667,0.0,0.0,0.0,0.0,2002,clin,0.8
2,1,lr5e-05_bs32_modL1_fusion64_fusionL1_drop0p1_trmiss80_trlocclin,32,5e-05,1,64,1,0.1,lr5e-05_bs32_modL1_fusion64_fusionL1_drop0p1_trmiss80_trlocclin,22,0.5200484742720922,0.6725950241088867,0.7184873949579832,0.762475150570137,0.5111111111111111,0.0,0.0,0.0,0.0,2002,clin,0.8
2,1,lr5e-05_bs32_modL1_fusion64_fusionL1_drop0p1_trmiss80_trlocclin,32,5e-05,1,64,1,0.1,lr5e-05_bs32_modL1_fusion64_fusionL1_drop0p1_trmiss80_trlocclin,23,0.5211527546246847,0.6721337139606476,0.7310924369747899,0.7765767281397598,0.5111111111111111,0.0,0.0,0.0,0.0,2002,clin,0.8
2,1,lr5e-05_bs32_modL1_fusion64_fusionL1_drop0p1_trmiss80_trlocclin,32,5e-05,1,64,1,0.1,lr5e-05_bs32_modL1_fusion64_fusionL1_drop0p1_trmiss80_trlocclin,24,0.5304891516764959,0.6714383661746979,0.7226890756302521,0.7636195434608466,0.4888888888888889,0.0,0.0,0.0,0.0,2002,clin,0.8
2,1,lr5e-05_bs32_modL1_fusion64_fusionL1_drop0p1_trmiss80_trlocclin,32,5e-05,1,64,1,0.1,lr5e-05_bs32_modL1_fusion64_fusionL1_drop0p1_trmiss80_trlocclin,25,0.5313208450873693,0.6713040173053741,0.7289915966386555,0.7676015689129718,0.4888888888888889,0.0,0.0,0.0,0.0,2002,clin,0.8
2,1,lr5e-05_bs32_modL1_fusion64_fusionL1_drop0p1_trmiss80_trlocclin,32,5e-05,1,64,1,0.1,lr5e-05_bs32_modL1_fusion64_fusionL1_drop0p1_trmiss80_trlocclin,26,0.5039405971765518,0.669446587562561,0.7352941176470589,0.7714644500302374,0.5111111111111111,0.0,0.0,0.0,0.0,2002,clin,0.8
2,1,lr5e-05_bs32_modL1_fusion64_fusionL1_drop0p1_trmiss80_trlocclin,32,5e-05,1,64,1,0.1,lr5e-05_bs32_modL1_fusion64_fusionL1_drop0p1_trmiss80_trlocclin,27,0.5026156455278397,0.6654784977436066,0.7352941176470589,0.7737693560866449,0.5555555555555556,0.0,0.0,0.0,0.0,2002,clin,0.8
2,1,lr5e-05_bs32_modL1_fusion64_fusionL1_drop0p1_trmiss80_trlocclin,32,5e-05,1,64,1,0.1,lr5e-05_bs32_modL1_fusion64_fusionL1_drop0p1_trmiss80_trlocclin,28,0.5083017647266388,0.6673799157142639,0.7415966386554622,0.7760860391477856,0.5111111111111111,0.0,0.0,0.0,0.0,2002,clin,0.8
2,1,lr5e-05_bs32_modL1_fusion64_fusionL1_drop0p1_trmiss80_trlocclin,32,5e-05,1,64,1,0.1,lr5e-05_bs32_modL1_fusion64_fusionL1_drop0p1_trmiss80_trlocclin,29,0.5070413798093796,0.6660505533218384,0.7331932773109243,0.7678609122502984,0.5555555555555556,0.0,0.0,0.0,0.0,2002,clin,0.8
2,1,lr5e-05_bs32_modL1_fusion64_fusionL1_drop0p1_trmiss80_trlocclin,32,5e-05,1,64,1,0.1,lr5e-05_bs32_modL1_fusion64_fusionL1_drop0p1_trmiss80_trlocclin,30,0.4840144117673238,0.6635570228099823,0.7373949579831933,0.7698016885608227,0.5333333333333333,0.0,0.0,0.0,0.0,2002,clin,0.8
2,1,lr5e-05_bs32_modL1_fusion64_fusionL1_drop0p1_trmiss80_trlocclin,32,5e-05,1,64,1,0.1,lr5e-05_bs32_modL1_fusion64_fusionL1_drop0p1_trmiss80_trlocclin,31,0.4843921860059102,0.6655384600162506,0.7436974789915967,0.7758913994552005,0.5333333333333333,0.0,0.0,0.0,0.0,2002,clin,0.8
2,1,lr5e-05_bs32_modL1_fusion64_fusionL1_drop0p1_trmiss80_trlocclin,32,5e-05,1,64,1,0.1,lr5e-05_bs32_modL1_fusion64_fusionL1_drop0p1_trmiss80_trlocclin,32,0.46672025819619495,0.6671818792819977,0.7352941176470589,0.7699712235242845,0.5555555555555556,0.0,0.0,0.0,0.0,2002,clin,0.8
2,1,lr5e-05_bs32_modL1_fusion64_fusionL1_drop0p1_trmiss80_trlocclin,32,5e-05,1,64,1,0.1,lr5e-05_bs32_modL1_fusion64_fusionL1_drop0p1_trmiss80_trlocclin,33,0.48495731751124066,0.667147159576416,0.7247899159663866,0.7623847550856528,0.5777777777777777,0.0,0.0,0.0,0.0,2002,clin,0.8
2,1,lr5e-05_bs32_modL1_fusion64_fusionL1_drop0p1_trmiss80_trlocclin,32,5e-05,1,64,1,0.1,lr5e-05_bs32_modL1_fusion64_fusionL1_drop0p1_trmiss80_trlocclin,34,0.47476011017958325,0.667087584733963,0.7268907563025211,0.7636435137210718,0.5555555555555556,0.0,0.0,0.0,0.0,2002,clin,0.8
2,1,lr5e-05_bs32_modL1_fusion64_fusionL1_drop0p1_trmiss80_trlocclin,32,5e-05,1,64,1,0.1,lr5e-05_bs32_modL1_fusion64_fusionL1_drop0p1_trmiss80_trlocclin,35,0.4707099696000417,0.6627075374126434,0.7352941176470588,0.7659110226414235,0.5777777777777777,0.0,0.0,0.0,0.0,2002,clin,0.8
2,1,lr5e-05_bs32_modL1_fusion64_fusionL1_drop0p1_trmiss80_trlocclin,32,5e-05,1,64,1,0.1,lr5e-05_bs32_modL1_fusion64_fusionL1_drop0p1_trmiss80_trlocclin,36,0.4695662260055542,0.6605956256389618,0.7394957983193278,0.7672878891775117,0.5777777777777777,0.0,0.0,0.0,0.0,2002,clin,0.8
2,1,lr5e-05_bs32_modL1_fusion64_fusionL1_drop0p1_trmiss80_trlocclin,32,5e-05,1,64,1,0.1,lr5e-05_bs32_modL1_fusion64_fusionL1_drop0p1_trmiss80_trlocclin,37,0.4555590897798538,0.6583946645259857,0.7352941176470589,0.7636984230880456,0.5777777777777777,0.0,0.0,0.0,0.0,2002,clin,0.8
2,1,lr5e-05_bs32_modL1_fusion64_fusionL1_drop0p1_trmiss80_trlocclin,32,5e-05,1,64,1,0.1,lr5e-05_bs32_modL1_fusion64_fusionL1_drop0p1_trmiss80_trlocclin,38,0.45440490543842316,0.6569700241088867,0.7394957983193278,0.7653030287307638,0.6222222222222222,0.0,0.0,0.0,0.0,2002,clin,0.8
2,1,lr5e-05_bs32_modL1_fusion64_fusionL1_drop0p1_trmiss80_trlocclin,32,5e-05,1,64,1,0.1,lr5e-05_bs32_modL1_fusion64_fusionL1_drop0p1_trmiss80_trlocclin,39,0.44885873297850293,0.6564289331436157,0.7352941176470588,0.7657460427906557,0.6222222222222222,0.0,0.0,0.0,0.0,2002,clin,0.8
2,1,lr5e-05_bs32_modL1_fusion64_fusionL1_drop0p1_trmiss80_trlocclin,32,5e-05,1,64,1,0.1,lr5e-05_bs32_modL1_fusion64_fusionL1_drop0p1_trmiss80_trlocclin,40,0.45690837999184925,0.6591716706752777,0.7289915966386555,0.7619852202798333,0.6,0.0,0.0,0.0,0.0,2002,clin,0.8
2,1,lr5e-05_bs32_modL1_fusion64_fusionL1_drop0p1_trmiss80_trlocclin,32,5e-05,1,64,1,0.1,lr5e-05_bs32_modL1_fusion64_fusionL1_drop0p1_trmiss80_trlocclin,41,0.4396168142557144,0.657965749502182,0.73109243697479,0.7671648596137413,0.6,0.0,0.0,0.0,0.0,2002,clin,0.8
2,1,lr5e-05_bs32_modL1_fusion64_fusionL1_drop0p1_trmiss80_trlocclin,32,5e-05,1,64,1,0.1,lr5e-05_bs32_modL1_fusion64_fusionL1_drop0p1_trmiss80_trlocclin,42,0.43899526198705036,0.6561406552791595,0.73109243697479,0.7687230919802615,0.6222222222222222,0.0,0.0,0.0,0.0,2002,clin,0.8
2,1,lr5e-05_bs32_modL1_fusion64_fusionL1_drop0p1_trmiss80_trlocclin,32,5e-05,1,64,1,0.1,lr5e-05_bs32_modL1_fusion64_fusionL1_drop0p1_trmiss80_trlocclin,43,0.44267931083838147,0.6549274325370789,0.73109243697479,0.7691439103113276,0.6444444444444445,0.0,0.0,0.0,0.0,2002,clin,0.8
2,1,lr5e-05_bs32_modL1_fusion64_fusionL1_drop0p1_trmiss80_trlocclin,32,5e-05,1,64,1,0.1,lr5e-05_bs32_modL1_fusion64_fusionL1_drop0p1_trmiss80_trlocclin,44,0.43967316548029584,0.6565780937671661,0.73109243697479,0.7680246591920763,0.6222222222222222,0.0,0.0,0.0,0.0,2002,clin,0.8
2,1,lr5e-05_bs32_modL1_fusion64_fusionL1_drop0p1_trmiss80_trlocclin,32,5e-05,1,64,1,0.1,lr5e-05_bs32_modL1_fusion64_fusionL1_drop0p1_trmiss80_trlocclin,45,0.42870264252026874,0.6595312058925629,0.7142857142857144,0.7571505303554243,0.6,0.0,0.0,0.0,0.0,2002,clin,0.8
2,1,lr5e-05_bs32_modL1_fusion64_fusionL1_drop0p1_trmiss80_trlocclin,32,5e-05,1,64,1,0.1,lr5e-05_bs32_modL1_fusion64_fusionL1_drop0p1_trmiss80_trlocclin,46,0.42278796931107837,0.6566894948482513,0.7247899159663866,0.7608958432578059,0.6222222222222222,0.0,0.0,0.0,0.0,2002,clin,0.8
2,1,lr5e-05_bs32_modL1_fusion64_fusionL1_drop0p1_trmiss80_trlocclin,32,5e-05,1,64,1,0.1,lr5e-05_bs32_modL1_fusion64_fusionL1_drop0p1_trmiss80_trlocclin,47,0.4173761655886968,0.6561740338802338,0.7331932773109244,0.7674600533465474,0.6444444444444445,0.0,0.0,0.0,0.0,2002,clin,0.8
2,1,lr5e-05_bs32_modL1_fusion64_fusionL1_drop0p1_trmiss80_trlocclin,32,5e-05,1,64,1,0.1,lr5e-05_bs32_modL1_fusion64_fusionL1_drop0p1_trmiss80_trlocclin,48,0.4254513084888458,0.6520424783229828,0.7331932773109244,0.7682538795729724,0.6222222222222222,0.0,0.0,0.0,0.0,2002,clin,0.8
2,1,lr5e-05_bs32_modL1_fusion64_fusionL1_drop0p1_trmiss80_trlocclin,32,5e-05,1,64,1,0.1,lr5e-05_bs32_modL1_fusion64_fusionL1_drop0p1_trmiss80_trlocclin,49,0.41427508493264514,0.6512590050697327,0.7415966386554622,0.7742490379060067,0.6666666666666666,0.0,0.0,0.0,0.0,2002,clin,0.8
2,1,lr5e-05_bs32_modL1_fusion64_fusionL1_drop0p1_trmiss80_trlocclin,32,5e-05,1,64,1,0.1,lr5e-05_bs32_modL1_fusion64_fusionL1_drop0p1_trmiss80_trlocclin,50,0.4275125016768773,0.6539342105388641,0.7436974789915967,0.7752090881071283,0.6,0.0,0.0,0.0,0.0,2002,clin,0.8
2,1,lr5e-05_bs32_modL1_fusion64_fusionL1_drop0p1_trmiss80_trlocclin,32,5e-05,1,64,1,0.1,lr5e-05_bs32_modL1_fusion64_fusionL1_drop0p1_trmiss80_trlocclin,51,0.40433525542418164,0.6500523388385773,0.7394957983193278,0.7728598200506234,0.6222222222222222,0.0,0.0,0.0,0.0,2002,clin,0.8
2,1,lr5e-05_bs32_modL1_fusion64_fusionL1_drop0p1_trmiss80_trlocclin,32,5e-05,1,64,1,0.1,lr5e-05_bs32_modL1_fusion64_fusionL1_drop0p1_trmiss80_trlocclin,52,0.39798421164353687,0.6527164578437805,0.7478991596638656,0.776874321508181,0.6222222222222222,0.0,0.0,0.0,0.0,2002,clin,0.8
2,1,lr5e-05_bs32_modL1_fusion64_fusionL1_drop0p1_trmiss80_trlocclin,32,5e-05,1,64,1,0.1,lr5e-05_bs32_modL1_fusion64_fusionL1_drop0p1_trmiss80_trlocclin,53,0.3951323578755061,0.6498072147369385,0.7521008403361344,0.778820580023935,0.6222222222222222,0.0,0.0,0.0,0.0,2002,clin,0.8
2,1,lr5e-05_bs32_modL1_fusion64_fusionL1_drop0p1_trmiss80_trlocclin,32,5e-05,1,64,1,0.1,lr5e-05_bs32_modL1_fusion64_fusionL1_drop0p1_trmiss80_trlocclin,54,0.40616298218568164,0.6530052125453949,0.7521008403361344,0.7794896740642004,0.6,0.0,0.0,0.0,0.0,2002,clin,0.8
2,1,lr5e-05_bs32_modL1_fusion64_fusionL1_drop0p1_trmiss80_trlocclin,32,5e-05,1,64,1,0.1,lr5e-05_bs32_modL1_fusion64_fusionL1_drop0p1_trmiss80_trlocclin,55,0.3888992518186569,0.6550747156143188,0.7352941176470588,0.770191888516415,0.6,0.0,0.0,0.0,0.0,2002,clin,0.8
2,1,lr5e-05_bs32_modL1_fusion64_fusionL1_drop0p1_trmiss80_trlocclin,32,5e-05,1,64,1,0.1,lr5e-05_bs32_modL1_fusion64_fusionL1_drop0p1_trmiss80_trlocclin,56,0.3918859263261159,0.6508108377456665,0.7394957983193278,0.7706074175349333,0.6666666666666666,0.0,0.0,0.0,0.0,2002,clin,0.8
2,1,lr5e-05_bs32_modL1_fusion64_fusionL1_drop0p1_trmiss80_trlocclin,32,5e-05,1,64,1,0.1,lr5e-05_bs32_modL1_fusion64_fusionL1_drop0p1_trmiss80_trlocclin,57,0.3845917632182439,0.6470979750156403,0.7394957983193277,0.7663861670689348,0.6222222222222222,0.0,0.0,0.0,0.0,2002,clin,0.8
2,1,lr5e-05_bs32_modL1_fusion64_fusionL1_drop0p1_trmiss80_trlocclin,32,5e-05,1,64,1,0.1,lr5e-05_bs32_modL1_fusion64_fusionL1_drop0p1_trmiss80_trlocclin,58,0.38399749497572583,0.6459964215755463,0.7394957983193278,0.7681810137955042,0.6444444444444445,0.0,0.0,0.0,0.0,2002,clin,0.8
2,1,lr5e-05_bs32_modL1_fusion64_fusionL1_drop0p1_trmiss80_trlocclin,32,5e-05,1,64,1,0.1,lr5e-05_bs32_modL1_fusion64_fusionL1_drop0p1_trmiss80_trlocclin,59,0.37804614504178363,0.6440797448158264,0.7331932773109244,0.7605883638560708,0.6666666666666666,0.0,0.0,0.0,0.0,2002,clin,0.8
2,1,lr5e-05_bs32_modL1_fusion64_fusionL1_drop0p1_trmiss80_trlocclin,32,5e-05,1,64,1,0.1,lr5e-05_bs32_modL1_fusion64_fusionL1_drop0p1_trmiss80_trlocclin,60,0.3681770811478297,0.6427147686481476,0.7415966386554622,0.7695967469909466,0.6888888888888889,0.0,0.0,0.0,0.0,2002,clin,0.8
2,1,lr5e-05_bs32_modL1_fusion64_fusionL1_drop0p1_trmiss80_trlocclin,32,5e-05,1,64,1,0.1,lr5e-05_bs32_modL1_fusion64_fusionL1_drop0p1_trmiss80_trlocclin,61,0.372614582379659,0.6467910706996918,0.7226890756302521,0.7647034286173495,0.6888888888888889,0.0,0.0,0.0,0.0,2002,clin,0.8
2,1,lr5e-05_bs32_modL1_fusion64_fusionL1_drop0p1_trmiss80_trlocclin,32,5e-05,1,64,1,0.1,lr5e-05_bs32_modL1_fusion64_fusionL1_drop0p1_trmiss80_trlocclin,62,0.3627350926399231,0.6467728912830353,0.703781512605042,0.7504222680310582,0.6888888888888889,0.0,0.0,0.0,0.0,2002,clin,0.8
2,1,lr5e-05_bs32_modL1_fusion64_fusionL1_drop0p1_trmiss80_trlocclin,32,5e-05,1,64,1,0.1,lr5e-05_bs32_modL1_fusion64_fusionL1_drop0p1_trmiss80_trlocclin,63,0.37599311272303265,0.6528884172439575,0.6974789915966386,0.7454135224666422,0.6666666666666666,0.0,0.0,0.0,0.0,2002,clin,0.8
2,1,lr5e-05_bs32_modL1_fusion64_fusionL1_drop0p1_trmiss80_trlocclin,32,5e-05,1,64,1,0.1,lr5e-05_bs32_modL1_fusion64_fusionL1_drop0p1_trmiss80_trlocclin,64,0.37612326939900714,0.6488408446311951,0.7058823529411765,0.746027087996174,0.6888888888888889,0.0,0.0,0.0,0.0,2002,clin,0.8
2,1,lr5e-05_bs32_modL1_fusion64_fusionL1_drop0p1_trmiss80_trlocclin,32,5e-05,1,64,1,0.1,lr5e-05_bs32_modL1_fusion64_fusionL1_drop0p1_trmiss80_trlocclin,65,0.36113113661607105,0.6430590748786926,0.7310924369747899,0.7603368575463281,0.6666666666666666,0.0,0.0,0.0,0.0,2002,clin,0.8
2,1,lr5e-05_bs32_modL1_fusion64_fusionL1_drop0p1_trmiss80_trlocclin,32,5e-05,1,64,1,0.1,lr5e-05_bs32_modL1_fusion64_fusionL1_drop0p1_trmiss80_trlocclin,66,0.35818690558274585,0.6403838098049164,0.7394957983193278,0.7782496366930745,0.6888888888888889,0.0,0.0,0.0,0.0,2002,clin,0.8
2,1,lr5e-05_bs32_modL1_fusion64_fusionL1_drop0p1_trmiss80_trlocclin,32,5e-05,1,64,1,0.1,lr5e-05_bs32_modL1_fusion64_fusionL1_drop0p1_trmiss80_trlocclin,67,0.3628947188456853,0.6402542889118195,0.7436974789915967,0.7952740525714801,0.6666666666666666,0.0,0.0,0.0,0.0,2002,clin,0.8
2,1,lr5e-05_bs32_modL1_fusion64_fusionL1_drop0p1_trmiss80_trlocclin,32,5e-05,1,64,1,0.1,lr5e-05_bs32_modL1_fusion64_fusionL1_drop0p1_trmiss80_trlocclin,68,0.37282518049081165,0.6432915925979614,0.7352941176470589,0.7896758998868613,0.7111111111111111,0.0,0.0,0.0,0.0,2002,clin,0.8
2,1,lr5e-05_bs32_modL1_fusion64_fusionL1_drop0p1_trmiss80_trlocclin,32,5e-05,1,64,1,0.1,lr5e-05_bs32_modL1_fusion64_fusionL1_drop0p1_trmiss80_trlocclin,69,0.35945457220077515,0.6437037289142609,0.726890756302521,0.7693467067635507,0.7111111111111111,0.0,0.0,0.0,0.0,2002,clin,0.8
2,1,lr5e-05_bs32_modL1_fusion64_fusionL1_drop0p1_trmiss80_trlocclin,32,5e-05,1,64,1,0.1,lr5e-05_bs32_modL1_fusion64_fusionL1_drop0p1_trmiss80_trlocclin,70,0.3451830893754959,0.6395182907581329,0.7289915966386554,0.7698226493588006,0.7111111111111111,0.0,0.0,0.0,0.0,2002,clin,0.8
2,1,lr5e-05_bs32_modL1_fusion64_fusionL1_drop0p1_trmiss80_trlocclin,32,5e-05,1,64,1,0.1,lr5e-05_bs32_modL1_fusion64_fusionL1_drop0p1_trmiss80_trlocclin,71,0.34764233728249866,0.6386010646820068,0.7352941176470589,0.7719421838059213,0.7555555555555555,0.0,0.0,0.0,0.0,2002,clin,0.8
2,1,lr5e-05_bs32_modL1_fusion64_fusionL1_drop0p1_trmiss80_trlocclin,32,5e-05,1,64,1,0.1,lr5e-05_bs32_modL1_fusion64_fusionL1_drop0p1_trmiss80_trlocclin,72,0.34455687801043194,0.6409113705158234,0.7352941176470589,0.7687912672621476,0.7111111111111111,0.0,0.0,0.0,0.0,2002,clin,0.8
2,1,lr5e-05_bs32_modL1_fusion64_fusionL1_drop0p1_trmiss80_trlocclin,32,5e-05,1,64,1,0.1,lr5e-05_bs32_modL1_fusion64_fusionL1_drop0p1_trmiss80_trlocclin,73,0.3386448373397191,0.6400496363639832,0.73109243697479,0.765578088065515,0.7333333333333333,0.0,0.0,0.0,0.0,2002,clin,0.8
2,1,lr1e-04_bs32_modL1_fusion32_fusionL1_drop0p2_trmiss80_trlocclin,32,0.0001,1,32,1,0.2,lr1e-04_bs32_modL1_fusion32_fusionL1_drop0p2_trmiss80_trlocclin,1,0.7202892204125723,0.6896003484725952,0.523109243697479,0.6539000338946807,0.6,0.0,0.0,0.0,0.0,2002,clin,0.8
2,1,lr1e-04_bs32_modL1_fusion32_fusionL1_drop0p2_trmiss80_trlocclin,32,0.0001,1,32,1,0.2,lr1e-04_bs32_modL1_fusion32_fusionL1_drop0p2_trmiss80_trlocclin,2,0.643161286910375,0.6876088380813599,0.5147058823529411,0.6447814445831943,0.5333333333333333,0.0,0.0,0.0,0.0,2002,clin,0.8
2,1,lr1e-04_bs32_modL1_fusion32_fusionL1_drop0p2_trmiss80_trlocclin,32,0.0001,1,32,1,0.2,lr1e-04_bs32_modL1_fusion32_fusionL1_drop0p2_trmiss80_trlocclin,3,0.6231152415275574,0.6851792335510254,0.5294117647058824,0.6601412909068569,0.5777777777777777,0.0,0.0,0.0,0.0,2002,clin,0.8
2,1,lr1e-04_bs32_modL1_fusion32_fusionL1_drop0p2_trmiss80_trlocclin,32,0.0001,1,32,1,0.2,lr1e-04_bs32_modL1_fusion32_fusionL1_drop0p2_trmiss80_trlocclin,4,0.5893269379933676,0.6839780211448669,0.5252100840336134,0.6558346565680572,0.6,0.0,0.0,0.0,0.0,2002,clin,0.8
2,1,lr1e-04_bs32_modL1_fusion32_fusionL1_drop0p2_trmiss80_trlocclin,32,0.0001,1,32,1,0.2,lr1e-04_bs32_modL1_fusion32_fusionL1_drop0p2_trmiss80_trlocclin,5,0.5909644663333893,0.6822539567947388,0.51890756302521,0.6479500301268728,0.6,0.0,0.0,0.0,0.0,2002,clin,0.8
2,1,lr1e-04_bs32_modL1_fusion32_fusionL1_drop0p2_trmiss80_trlocclin,32,0.0001,1,32,1,0.2,lr1e-04_bs32_modL1_fusion32_fusionL1_drop0p2_trmiss80_trlocclin,6,0.5670126577218374,0.6826072931289673,0.5084033613445378,0.6425073138274607,0.5555555555555556,0.0,0.0,0.0,0.0,2002,clin,0.8
2,1,lr1e-04_bs32_modL1_fusion32_fusionL1_drop0p2_trmiss80_trlocclin,32,0.0001,1,32,1,0.2,lr1e-04_bs32_modL1_fusion32_fusionL1_drop0p2_trmiss80_trlocclin,7,0.5691451132297516,0.679284393787384,0.5210084033613445,0.6427003573167835,0.5555555555555556,0.0,0.0,0.0,0.0,2002,clin,0.8
2,1,lr1e-04_bs32_modL1_fusion32_fusionL1_drop0p2_trmiss80_trlocclin,32,0.0001,1,32,1,0.2,lr1e-04_bs32_modL1_fusion32_fusionL1_drop0p2_trmiss80_trlocclin,8,0.5470144500335058,0.6795588135719299,0.5252100840336135,0.6533860429602891,0.5555555555555556,0.0,0.0,0.0,0.0,2002,clin,0.8
2,1,lr1e-04_bs32_modL1_fusion32_fusionL1_drop0p2_trmiss80_trlocclin,32,0.0001,1,32,1,0.2,lr1e-04_bs32_modL1_fusion32_fusionL1_drop0p2_trmiss80_trlocclin,9,0.5291348397731781,0.6789961457252502,0.542016806722689,0.6847395626080997,0.5777777777777777,0.0,0.0,0.0,0.0,2002,clin,0.8
2,1,lr1e-04_bs32_modL1_fusion32_fusionL1_drop0p2_trmiss80_trlocclin,32,0.0001,1,32,1,0.2,lr1e-04_bs32_modL1_fusion32_fusionL1_drop0p2_trmiss80_trlocclin,10,0.5285332103570303,0.6788748800754547,0.5483193277310925,0.6995807098692515,0.5777777777777777,0.0,0.0,0.0,0.0,2002,clin,0.8
2,1,lr1e-04_bs32_modL1_fusion32_fusionL1_drop0p2_trmiss80_trlocclin,32,0.0001,1,32,1,0.2,lr1e-04_bs32_modL1_fusion32_fusionL1_drop0p2_trmiss80_trlocclin,11,0.5033340801795324,0.6775134801864624,0.5567226890756303,0.7157822329067983,0.5555555555555556,0.0,0.0,0.0,0.0,2002,clin,0.8
2,1,lr1e-04_bs32_modL1_fusion32_fusionL1_drop0p2_trmiss80_trlocclin,32,0.0001,1,32,1,0.2,lr1e-04_bs32_modL1_fusion32_fusionL1_drop0p2_trmiss80_trlocclin,12,0.5013633817434311,0.6765004694461823,0.5504201680672269,0.7032613946831161,0.5777777777777777,0.0,0.0,0.0,0.0,2002,clin,0.8
2,1,lr1e-04_bs32_modL1_fusion32_fusionL1_drop0p2_trmiss80_trlocclin,32,0.0001,1,32,1,0.2,lr1e-04_bs32_modL1_fusion32_fusionL1_drop0p2_trmiss80_trlocclin,13,0.4957794149716695,0.6769049763679504,0.542016806722689,0.6854327110483731,0.6444444444444445,0.0,0.0,0.0,0.0,2002,clin,0.8
2,1,lr1e-04_bs32_modL1_fusion32_fusionL1_drop0p2_trmiss80_trlocclin,32,0.0001,1,32,1,0.2,lr1e-04_bs32_modL1_fusion32_fusionL1_drop0p2_trmiss80_trlocclin,14,0.48968975245952606,0.6718992292881012,0.5567226890756303,0.7063637968658598,0.6666666666666666,0.0,0.0,0.0,0.0,2002,clin,0.8
2,1,lr1e-04_bs32_modL1_fusion32_fusionL1_drop0p2_trmiss80_trlocclin,32,0.0001,1,32,1,0.2,lr1e-04_bs32_modL1_fusion32_fusionL1_drop0p2_trmiss80_trlocclin,15,0.4848659485578537,0.6700699925422668,0.5651260504201681,0.7137037534048013,0.6888888888888889,0.0,0.0,0.0,0.0,2002,clin,0.8
2,1,lr1e-04_bs32_modL1_fusion32_fusionL1_drop0p2_trmiss80_trlocclin,32,0.0001,1,32,1,0.2,lr1e-04_bs32_modL1_fusion32_fusionL1_drop0p2_trmiss80_trlocclin,16,0.4757769703865051,0.6654608249664307,0.5798319327731092,0.7303751942483452,0.6666666666666666,0.0,0.0,0.0,0.0,2002,clin,0.8
2,1,lr1e-04_bs32_modL1_fusion32_fusionL1_drop0p2_trmiss80_trlocclin,32,0.0001,1,32,1,0.2,lr1e-04_bs32_modL1_fusion32_fusionL1_drop0p2_trmiss80_trlocclin,17,0.45214370389779407,0.6591260731220245,0.6008403361344539,0.7394940498427647,0.6444444444444445,0.0,0.0,0.0,0.0,2002,clin,0.8
2,1,lr1e-04_bs32_modL1_fusion32_fusionL1_drop0p2_trmiss80_trlocclin,32,0.0001,1,32,1,0.2,lr1e-04_bs32_modL1_fusion32_fusionL1_drop0p2_trmiss80_trlocclin,18,0.45299063126246136,0.6556224822998047,0.6176470588235294,0.7388113691887945,0.6222222222222222,0.0,0.0,0.0,0.0,2002,clin,0.8
2,1,lr1e-04_bs32_modL1_fusion32_fusionL1_drop0p2_trmiss80_trlocclin,32,0.0001,1,32,1,0.2,lr1e-04_bs32_modL1_fusion32_fusionL1_drop0p2_trmiss80_trlocclin,19,0.44348358114560443,0.648149311542511,0.6470588235294117,0.7533826161776456,0.7111111111111111,0.0,0.0,0.0,0.0,2002,clin,0.8
2,1,lr1e-04_bs32_modL1_fusion32_fusionL1_drop0p2_trmiss80_trlocclin,32,0.0001,1,32,1,0.2,lr1e-04_bs32_modL1_fusion32_fusionL1_drop0p2_trmiss80_trlocclin,20,0.4543539434671402,0.6569137573242188,0.5987394957983194,0.7135514041959883,0.6666666666666666,0.0,0.0,0.0,0.0,2002,clin,0.8
2,1,lr1e-04_bs32_modL1_fusion32_fusionL1_drop0p2_trmiss80_trlocclin,32,0.0001,1,32,1,0.2,lr1e-04_bs32_modL1_fusion32_fusionL1_drop0p2_trmiss80_trlocclin,21,0.43482228616873425,0.6596284806728363,0.5966386554621849,0.7178522860115992,0.5777777777777777,0.0,0.0,0.0,0.0,2002,clin,0.8
2,1,lr1e-04_bs32_modL1_fusion32_fusionL1_drop0p2_trmiss80_trlocclin,32,0.0001,1,32,1,0.2,lr1e-04_bs32_modL1_fusion32_fusionL1_drop0p2_trmiss80_trlocclin,22,0.42341915269692737,0.6558568179607391,0.615546218487395,0.7491254980661551,0.6222222222222222,0.0,0.0,0.0,0.0,2002,clin,0.8
2,1,lr1e-04_bs32_modL1_fusion32_fusionL1_drop0p2_trmiss80_trlocclin,32,0.0001,1,32,1,0.2,lr1e-04_bs32_modL1_fusion32_fusionL1_drop0p2_trmiss80_trlocclin,23,0.4297526230414708,0.6555865108966827,0.6092436974789915,0.7396207382070082,0.6222222222222222,0.0,0.0,0.0,0.0,2002,clin,0.8
2,1,lr1e-04_bs32_modL1_fusion32_fusionL1_drop0p2_trmiss80_trlocclin,32,0.0001,1,32,1,0.2,lr1e-04_bs32_modL1_fusion32_fusionL1_drop0p2_trmiss80_trlocclin,24,0.4171395202477773,0.6554722785949707,0.6134453781512605,0.7188458780567619,0.6,0.0,0.0,0.0,0.0,2002,clin,0.8
2,1,lr1e-04_bs32_modL1_fusion32_fusionL1_drop0p2_trmiss80_trlocclin,32,0.0001,1,32,1,0.2,lr1e-04_bs32_modL1_fusion32_fusionL1_drop0p2_trmiss80_trlocclin,25,0.3986780246098836,0.6536636054515839,0.6239495798319328,0.7401805221050359,0.6222222222222222,0.0,0.0,0.0,0.0,2002,clin,0.8
2,1,lr1e-04_bs32_modL1_fusion32_fusionL1_drop0p2_trmiss80_trlocclin,32,0.0001,1,32,1,0.2,lr1e-04_bs32_modL1_fusion32_fusionL1_drop0p2_trmiss80_trlocclin,26,0.38657903174559277,0.6500234305858612,0.6533613445378152,0.7609416499954142,0.6444444444444445,0.0,0.0,0.0,0.0,2002,clin,0.8
2,1,lr1e-04_bs32_modL1_fusion32_fusionL1_drop0p2_trmiss80_trlocclin,32,0.0001,1,32,1,0.2,lr1e-04_bs32_modL1_fusion32_fusionL1_drop0p2_trmiss80_trlocclin,27,0.39737674593925476,0.649478018283844,0.6596638655462186,0.7699446850038839,0.6222222222222222,0.0,0.0,0.0,0.0,2002,clin,0.8
2,1,lr1e-04_bs32_modL1_fusion32_fusionL1_drop0p2_trmiss80_trlocclin,32,0.0001,1,32,1,0.2,lr1e-04_bs32_modL1_fusion32_fusionL1_drop0p2_trmiss80_trlocclin,28,0.39295392235120136,0.6490173041820526,0.6407563025210083,0.7517889988163655,0.6,0.0,0.0,0.0,0.0,2002,clin,0.8
2,1,lr1e-04_bs32_modL1_fusion32_fusionL1_drop0p2_trmiss80_trlocclin,32,0.0001,1,32,1,0.2,lr1e-04_bs32_modL1_fusion32_fusionL1_drop0p2_trmiss80_trlocclin,29,0.37936804195245105,0.6486487090587616,0.6386554621848739,0.7572354033150357,0.6222222222222222,0.0,0.0,0.0,0.0,2002,clin,0.8
2,1,lr1e-04_bs32_modL1_fusion32_fusionL1_drop0p2_trmiss80_trlocclin,32,0.0001,1,32,1,0.2,lr1e-04_bs32_modL1_fusion32_fusionL1_drop0p2_trmiss80_trlocclin,30,0.37428248425324756,0.646378219127655,0.6512605042016807,0.7663832301553308,0.6666666666666666,0.0,0.0,0.0,0.0,2002,clin,0.8
2,1,lr1e-04_bs32_modL1_fusion32_fusionL1_drop0p2_trmiss80_trlocclin,32,0.0001,1,32,1,0.2,lr1e-04_bs32_modL1_fusion32_fusionL1_drop0p2_trmiss80_trlocclin,31,0.3628905514876048,0.6458319127559662,0.6470588235294118,0.7622515113488781,0.6444444444444445,0.0,0.0,0.0,0.0,2002,clin,0.8
2,1,lr1e-04_bs32_modL1_fusion32_fusionL1_drop0p2_trmiss80_trlocclin,32,0.0001,1,32,1,0.2,lr1e-04_bs32_modL1_fusion32_fusionL1_drop0p2_trmiss80_trlocclin,32,0.37454964717229206,0.6439615786075592,0.6680672268907563,0.7863892657863665,0.6444444444444445,0.0,0.0,0.0,0.0,2002,clin,0.8
2,1,lr1e-04_bs32_modL1_fusion32_fusionL1_drop0p2_trmiss80_trlocclin,32,0.0001,1,32,1,0.2,lr1e-04_bs32_modL1_fusion32_fusionL1_drop0p2_trmiss80_trlocclin,33,0.362478901942571,0.6415737271308899,0.6659663865546218,0.7781782643455273,0.6444444444444445,0.0,0.0,0.0,0.0,2002,clin,0.8
2,1,lr1e-04_bs32_modL1_fusion32_fusionL1_drop0p2_trmiss80_trlocclin,32,0.0001,1,32,1,0.2,lr1e-04_bs32_modL1_fusion32_fusionL1_drop0p2_trmiss80_trlocclin,34,0.38660027583440143,0.637504905462265,0.6785714285714286,0.7843777151836585,0.6666666666666666,0.0,0.0,0.0,0.0,2002,clin,0.8
2,1,lr1e-04_bs32_modL1_fusion32_fusionL1_drop0p2_trmiss80_trlocclin,32,0.0001,1,32,1,0.2,lr1e-04_bs32_modL1_fusion32_fusionL1_drop0p2_trmiss80_trlocclin,35,0.34149669110774994,0.6345351040363312,0.6785714285714286,0.7796426712458282,0.6666666666666666,0.0,0.0,0.0,0.0,2002,clin,0.8
2,1,lr1e-04_bs32_modL1_fusion32_fusionL1_drop0p2_trmiss80_trlocclin,32,0.0001,1,32,1,0.2,lr1e-04_bs32_modL1_fusion32_fusionL1_drop0p2_trmiss80_trlocclin,36,0.3577985316514969,0.635525107383728,0.6722689075630253,0.752087244216717,0.6666666666666666,0.0,0.0,0.0,0.0,2002,clin,0.8
2,1,lr1e-04_bs32_modL1_fusion32_fusionL1_drop0p2_trmiss80_trlocclin,32,0.0001,1,32,1,0.2,lr1e-04_bs32_modL1_fusion32_fusionL1_drop0p2_trmiss80_trlocclin,37,0.35100896656513214,0.6355341076850891,0.6764705882352942,0.7704551920765932,0.6666666666666666,0.0,0.0,0.0,0.0,2002,clin,0.8
2,1,lr1e-04_bs32_modL1_fusion32_fusionL1_drop0p2_trmiss80_trlocclin,32,0.0001,1,32,1,0.2,lr1e-04_bs32_modL1_fusion32_fusionL1_drop0p2_trmiss80_trlocclin,38,0.3504485835631688,0.6362932622432709,0.657563025210084,0.7267179709780811,0.6666666666666666,0.0,0.0,0.0,0.0,2002,clin,0.8
2,1,lr1e-04_bs32_modL1_fusion32_fusionL1_drop0p2_trmiss80_trlocclin,32,0.0001,1,32,1,0.2,lr1e-04_bs32_modL1_fusion32_fusionL1_drop0p2_trmiss80_trlocclin,39,0.37019311388333637,0.6326261162757874,0.6491596638655461,0.739798996216978,0.6666666666666666,0.0,0.0,0.0,0.0,2002,clin,0.8
2,1,lr1e-04_bs32_modL1_fusion32_fusionL1_drop0p2_trmiss80_trlocclin,32,0.0001,1,32,1,0.2,lr1e-04_bs32_modL1_fusion32_fusionL1_drop0p2_trmiss80_trlocclin,40,0.3446071098248164,0.6325547099113464,0.6533613445378151,0.7417456305649281,0.6888888888888889,0.0,0.0,0.0,0.0,2002,clin,0.8
2,1,lr1e-04_bs32_modL1_fusion32_fusionL1_drop0p2_trmiss80_trlocclin,32,0.0001,1,32,1,0.2,lr1e-04_bs32_modL1_fusion32_fusionL1_drop0p2_trmiss80_trlocclin,41,0.34131066501140594,0.6323660910129547,0.657563025210084,0.7569789707418773,0.6888888888888889,0.0,0.0,0.0,0.0,2002,clin,0.8
2,1,lr1e-04_bs32_modL1_fusion32_fusionL1_drop0p2_trmiss80_trlocclin,32,0.0001,1,32,1,0.2,lr1e-04_bs32_modL1_fusion32_fusionL1_drop0p2_trmiss80_trlocclin,42,0.34262726704279584,0.633304238319397,0.6680672268907564,0.7566749066514664,0.6666666666666666,0.0,0.0,0.0,0.0,2002,clin,0.8
2,1,lr1e-04_bs32_modL1_fusion32_fusionL1_drop0p2_trmiss80_trlocclin,32,0.0001,1,32,1,0.2,lr1e-04_bs32_modL1_fusion32_fusionL1_drop0p2_trmiss80_trlocclin,43,0.33103013038635254,0.6343587338924408,0.6848739495798319,0.770091862371654,0.6666666666666666,0.0,0.0,0.0,0.0,2002,clin,0.8
2,1,lr1e-04_bs32_modL1_fusion32_fusionL1_drop0p2_trmiss80_trlocclin,32,0.0001,1,32,1,0.2,lr1e-04_bs32_modL1_fusion32_fusionL1_drop0p2_trmiss80_trlocclin,44,0.3447752594947815,0.6316952705383301,0.6869747899159664,0.7705639521089818,0.6666666666666666,0.0,0.0,0.0,0.0,2002,clin,0.8
2,1,lr1e-04_bs32_modL1_fusion32_fusionL1_drop0p2_trmiss80_trlocclin,32,0.0001,1,32,1,0.2,lr1e-04_bs32_modL1_fusion32_fusionL1_drop0p2_trmiss80_trlocclin,45,0.3323401560386022,0.6290366649627686,0.6764705882352942,0.7768890202496938,0.6888888888888889,0.0,0.0,0.0,0.0,2002,clin,0.8
2,1,lr1e-04_bs32_modL1_fusion32_fusionL1_drop0p2_trmiss80_trlocclin,32,0.0001,1,32,1,0.2,lr1e-04_bs32_modL1_fusion32_fusionL1_drop0p2_trmiss80_trlocclin,46,0.33048395812511444,0.6292067170143127,0.6764705882352942,0.7852212044956997,0.6888888888888889,0.0,0.0,0.0,0.0,2002,clin,0.8
2,1,lr1e-04_bs32_modL1_fusion32_fusionL1_drop0p2_trmiss80_trlocclin,32,0.0001,1,32,1,0.2,lr1e-04_bs32_modL1_fusion32_fusionL1_drop0p2_trmiss80_trlocclin,47,0.3428334792455037,0.6333836317062378,0.6659663865546219,0.7741672452182835,0.6666666666666666,0.0,0.0,0.0,0.0,2002,clin,0.8
2,1,lr1e-04_bs32_modL1_fusion32_fusionL1_drop0p2_trmiss80_trlocclin,32,0.0001,1,32,1,0.2,lr1e-04_bs32_modL1_fusion32_fusionL1_drop0p2_trmiss80_trlocclin,48,0.32673947513103485,0.63456791639328,0.6554621848739496,0.7691958255701855,0.6666666666666666,0.0,0.0,0.0,0.0,2002,clin,0.8
2,1,lr1e-04_bs32_modL1_fusion32_fusionL1_drop0p2_trmiss80_trlocclin,32,0.0001,1,32,1,0.2,lr1e-04_bs32_modL1_fusion32_fusionL1_drop0p2_trmiss80_trlocclin,49,0.3126051326592763,0.6339646875858307,0.6470588235294118,0.7616741065779089,0.6666666666666666,0.0,0.0,0.0,0.0,2002,clin,0.8
2,1,lr1e-04_bs32_modL1_fusion32_fusionL1_drop0p2_trmiss80_trlocclin,32,0.0001,1,32,1,0.2,lr1e-04_bs32_modL1_fusion32_fusionL1_drop0p2_trmiss80_trlocclin,50,0.30394548177719116,0.6312197148799896,0.657563025210084,0.7565753180925942,0.6666666666666666,0.0,0.0,0.0,0.0,2002,clin,0.8
2,1,lr1e-04_bs32_modL1_fusion32_fusionL1_drop0p2_trmiss80_trlocclin,32,0.0001,1,32,1,0.2,lr1e-04_bs32_modL1_fusion32_fusionL1_drop0p2_trmiss80_trlocclin,51,0.31638069450855255,0.6254971623420715,0.6638655462184875,0.7715216367504019,0.6666666666666666,0.0,0.0,0.0,0.0,2002,clin,0.8
2,1,lr1e-04_bs32_modL1_fusion32_fusionL1_drop0p2_trmiss80_trlocclin,32,0.0001,1,32,1,0.2,lr1e-04_bs32_modL1_fusion32_fusionL1_drop0p2_trmiss80_trlocclin,52,0.31523272891839343,0.6261619329452515,0.6785714285714286,0.7754551221562062,0.6666666666666666,0.0,0.0,0.0,0.0,2002,clin,0.8
2,1,lr1e-04_bs32_modL1_fusion32_fusionL1_drop0p2_trmiss80_trlocclin,32,0.0001,1,32,1,0.2,lr1e-04_bs32_modL1_fusion32_fusionL1_drop0p2_trmiss80_trlocclin,53,0.3134132077296575,0.632398784160614,0.6554621848739496,0.7638199232592147,0.6444444444444445,0.0,0.0,0.0,0.0,2002,clin,0.8
2,1,lr1e-04_bs32_modL1_fusion32_fusionL1_drop0p2_trmiss80_trlocclin,32,0.0001,1,32,1,0.2,lr1e-04_bs32_modL1_fusion32_fusionL1_drop0p2_trmiss80_trlocclin,54,0.30005304515361786,0.6319001615047455,0.6596638655462185,0.7637478382830594,0.6444444444444445,0.0,0.0,0.0,0.0,2002,clin,0.8
2,1,lr1e-04_bs32_modL1_fusion32_fusionL1_drop0p2_trmiss80_trlocclin,32,0.0001,1,32,1,0.2,lr1e-04_bs32_modL1_fusion32_fusionL1_drop0p2_trmiss80_trlocclin,55,0.3039021889368693,0.6338361501693726,0.6554621848739496,0.7538111633104807,0.6222222222222222,0.0,0.0,0.0,0.0,2002,clin,0.8
2,1,lr1e-04_bs32_modL1_fusion32_fusionL1_drop0p2_trmiss80_trlocclin,32,0.0001,1,32,1,0.2,lr1e-04_bs32_modL1_fusion32_fusionL1_drop0p2_trmiss80_trlocclin,56,0.2994429369767507,0.6320977509021759,0.6470588235294118,0.7438890202555979,0.6666666666666666,0.0,0.0,0.0,0.0,2002,clin,0.8
2,1,lr1e-04_bs32_modL1_fusion32_fusionL1_drop0p2_trmiss80_trlocclin,32,0.0001,1,32,1,0.2,lr1e-04_bs32_modL1_fusion32_fusionL1_drop0p2_trmiss80_trlocclin,57,0.29956723749637604,0.6325829327106476,0.6596638655462185,0.7710823299895847,0.6666666666666666,0.0,0.0,0.0,0.0,2002,clin,0.8
2,1,lr1e-04_bs32_modL1_fusion32_fusionL1_drop0p2_trmiss80_trlocclin,32,0.0001,1,32,1,0.2,lr1e-04_bs32_modL1_fusion32_fusionL1_drop0p2_trmiss80_trlocclin,58,0.29285552104314166,0.6312256157398224,0.6617647058823529,0.7618257316431742,0.6666666666666666,0.0,0.0,0.0,0.0,2002,clin,0.8
2,1,lr1e-04_bs32_modL1_fusion32_fusionL1_drop0p2_trmiss80_trlocclin,32,0.0001,1,32,1,0.2,lr1e-04_bs32_modL1_fusion32_fusionL1_drop0p2_trmiss80_trlocclin,59,0.2957966725031535,0.6316635608673096,0.6638655462184874,0.7636563460041494,0.6666666666666666,0.0,0.0,0.0,0.0,2002,clin,0.8
2,1,lr1e-04_bs32_modL1_fusion32_fusionL1_drop0p2_trmiss80_trlocclin,32,0.0001,1,32,1,0.2,lr1e-04_bs32_modL1_fusion32_fusionL1_drop0p2_trmiss80_trlocclin,60,0.29756543536980945,0.6297385394573212,0.6659663865546219,0.7632662633250642,0.6444444444444445,0.0,0.0,0.0,0.0,2002,clin,0.8
2,1,lr1e-04_bs32_modL1_fusion32_fusionL1_drop0p2_trmiss80_trlocclin,32,0.0001,1,32,1,0.2,lr1e-04_bs32_modL1_fusion32_fusionL1_drop0p2_trmiss80_trlocclin,61,0.28962095578511554,0.6278805434703827,0.6659663865546219,0.771285826268622,0.6888888888888889,0.0,0.0,0.0,0.0,2002,clin,0.8
2,1,lr1e-04_bs32_modL1_fusion32_fusionL1_drop0p2_trmiss80_trlocclin,32,0.0001,1,32,1,0.2,lr1e-04_bs32_modL1_fusion32_fusionL1_drop0p2_trmiss80_trlocclin,62,0.2910669793685277,0.6274120211601257,0.657563025210084,0.7620420559500097,0.6888888888888889,0.0,0.0,0.0,0.0,2002,clin,0.8
2,1,lr1e-04_bs32_modL1_fusion32_fusionL1_drop0p2_trmiss80_trlocclin,32,0.0001,1,32,1,0.2,lr1e-04_bs32_modL1_fusion32_fusionL1_drop0p2_trmiss80_trlocclin,63,0.29239535331726074,0.6271543800830841,0.6638655462184874,0.7596727294928903,0.6666666666666666,0.0,0.0,0.0,0.0,2002,clin,0.8
2,1,lr1e-04_bs32_modL1_fusion32_fusionL1_drop0p2_trmiss80_trlocclin,32,0.0001,1,32,1,0.2,lr1e-04_bs32_modL1_fusion32_fusionL1_drop0p2_trmiss80_trlocclin,64,0.28521538774172467,0.627394050359726,0.6659663865546219,0.7614395986746202,0.6666666666666666,0.0,0.0,0.0,0.0,2002,clin,0.8
2,1,lr1e-04_bs32_modL1_fusion32_fusionL1_drop0p1_trmiss80_trlocclin,32,0.0001,1,32,1,0.1,lr1e-04_bs32_modL1_fusion32_fusionL1_drop0p1_trmiss80_trlocclin,1,0.6874440411726633,0.6976271569728851,0.5231092436974789,0.6269505905606161,0.6,0.0,0.0,0.0,0.0,2002,clin,0.8
2,1,lr1e-04_bs32_modL1_fusion32_fusionL1_drop0p1_trmiss80_trlocclin,32,0.0001,1,32,1,0.1,lr1e-04_bs32_modL1_fusion32_fusionL1_drop0p1_trmiss80_trlocclin,2,0.6438359121481577,0.7020148038864136,0.5021008403361344,0.6223058084405719,0.6,0.0,0.0,0.0,0.0,2002,clin,0.8
2,1,lr1e-04_bs32_modL1_fusion32_fusionL1_drop0p1_trmiss80_trlocclin,32,0.0001,1,32,1,0.1,lr1e-04_bs32_modL1_fusion32_fusionL1_drop0p1_trmiss80_trlocclin,3,0.5998491843541464,0.7081875503063202,0.4894957983193277,0.6145249110524214,0.5777777777777777,0.0,0.0,0.0,0.0,2002,clin,0.8
2,1,lr1e-04_bs32_modL1_fusion32_fusionL1_drop0p1_trmiss80_trlocclin,32,0.0001,1,32,1,0.1,lr1e-04_bs32_modL1_fusion32_fusionL1_drop0p1_trmiss80_trlocclin,4,0.5882147550582886,0.7121398746967316,0.5,0.6253897855826284,0.5777777777777777,0.0,0.0,0.0,0.0,2002,clin,0.8
2,1,lr1e-04_bs32_modL1_fusion32_fusionL1_drop0p1_trmiss80_trlocclin,32,0.0001,1,32,1,0.1,lr1e-04_bs32_modL1_fusion32_fusionL1_drop0p1_trmiss80_trlocclin,5,0.5669514834880829,0.7137628495693207,0.49579831932773105,0.6256472143376742,0.5555555555555556,0.0,0.0,0.0,0.0,2002,clin,0.8
2,1,lr1e-04_bs32_modL1_fusion32_fusionL1_drop0p1_trmiss80_trlocclin,32,0.0001,1,32,1,0.1,lr1e-04_bs32_modL1_fusion32_fusionL1_drop0p1_trmiss80_trlocclin,6,0.5641268789768219,0.7159076631069183,0.4831932773109244,0.6272435280266849,0.5111111111111111,0.0,0.0,0.0,0.0,2002,clin,0.8
2,1,lr1e-04_bs32_modL1_fusion32_fusionL1_drop0p1_trmiss80_trlocclin,32,0.0001,1,32,1,0.1,lr1e-04_bs32_modL1_fusion32_fusionL1_drop0p1_trmiss80_trlocclin,7,0.5460487802823385,0.7178323268890381,0.4831932773109243,0.6285685634207283,0.5333333333333333,0.0,0.0,0.0,0.0,2002,clin,0.8
2,1,lr1e-04_bs32_modL1_fusion32_fusionL1_drop0p1_trmiss80_trlocclin,32,0.0001,1,32,1,0.1,lr1e-04_bs32_modL1_fusion32_fusionL1_drop0p1_trmiss80_trlocclin,8,0.5412814120451609,0.716939777135849,0.49789915966386555,0.6343362361438266,0.6,0.0,0.0,0.0,0.0,2002,clin,0.8
2,1,lr1e-04_bs32_modL1_fusion32_fusionL1_drop0p1_trmiss80_trlocclin,32,0.0001,1,32,1,0.1,lr1e-04_bs32_modL1_fusion32_fusionL1_drop0p1_trmiss80_trlocclin,9,0.538603812456131,0.7177243530750275,0.49789915966386555,0.6333586810901847,0.6,0.0,0.0,0.0,0.0,2002,clin,0.8
2,1,lr1e-04_bs32_modL1_fusion32_fusionL1_drop0p1_trmiss80_trlocclin,32,0.0001,1,32,1,0.1,lr1e-04_bs32_modL1_fusion32_fusionL1_drop0p1_trmiss80_trlocclin,10,0.5263035396734873,0.7174273431301117,0.49789915966386555,0.6339145580593334,0.6,0.0,0.0,0.0,0.0,2002,clin,0.8
2,1,lr1e-04_bs32_modL1_fusion32_fusionL1_drop0p1_trmiss80_trlocclin,32,0.0001,1,32,1,0.1,lr1e-04_bs32_modL1_fusion32_fusionL1_drop0p1_trmiss80_trlocclin,11,0.5267189393440882,0.7162891626358032,0.5126050420168067,0.6404294290734104,0.5777777777777777,0.0,0.0,0.0,0.0,2002,clin,0.8
2,1,lr1e-04_bs32_modL1_fusion32_fusionL1_drop0p1_trmiss80_trlocclin,32,0.0001,1,32,1,0.1,lr1e-04_bs32_modL1_fusion32_fusionL1_drop0p1_trmiss80_trlocclin,12,0.511366218328476,0.7180747985839844,0.5126050420168067,0.6344421011687893,0.6,0.0,0.0,0.0,0.0,2002,clin,0.8
2,1,lr1e-04_bs32_modL1_fusion32_fusionL1_drop0p1_trmiss80_trlocclin,32,0.0001,1,32,1,0.1,lr1e-04_bs32_modL1_fusion32_fusionL1_drop0p1_trmiss80_trlocclin,13,0.5127930790185928,0.7167984247207642,0.5168067226890757,0.6379577854885558,0.6,0.0,0.0,0.0,0.0,2002,clin,0.8
2,1,lr1e-04_bs32_modL1_fusion32_fusionL1_drop0p1_trmiss80_trlocclin,32,0.0001,1,32,1,0.1,lr1e-04_bs32_modL1_fusion32_fusionL1_drop0p1_trmiss80_trlocclin,14,0.5022486050923666,0.7175574004650116,0.5126050420168067,0.6374983944150533,0.6,0.0,0.0,0.0,0.0,2002,clin,0.8
2,1,lr1e-04_bs32_modL1_fusion32_fusionL1_drop0p1_trmiss80_trlocclin,32,0.0001,1,32,1,0.1,lr1e-04_bs32_modL1_fusion32_fusionL1_drop0p1_trmiss80_trlocclin,15,0.5022562096516291,0.71848264336586,0.5063025210084033,0.6338429568382314,0.6,0.0,0.0,0.0,0.0,2002,clin,0.8
2,1,lr1e-04_bs32_modL1_fusion32_fusionL1_drop0p1_trmiss80_trlocclin,32,0.0001,1,32,1,0.1,lr1e-04_bs32_modL1_fusion32_fusionL1_drop0p1_trmiss80_trlocclin,16,0.4839528302351634,0.717700719833374,0.5042016806722689,0.6304508559379935,0.6,0.0,0.0,0.0,0.0,2002,clin,0.8
2,1,lr1e-04_bs32_modL1_fusion32_fusionL1_drop0p1_trmiss80_trlocclin,32,0.0001,1,32,1,0.1,lr1e-04_bs32_modL1_fusion32_fusionL1_drop0p1_trmiss80_trlocclin,17,0.4833994855483373,0.7165734171867371,0.523109243697479,0.6408345205765843,0.5777777777777777,0.0,0.0,0.0,0.0,2002,clin,0.8
2,1,lr1e-04_bs32_modL1_fusion32_fusionL1_drop0p1_trmiss80_trlocclin,32,0.0001,1,32,1,0.1,lr1e-04_bs32_modL1_fusion32_fusionL1_drop0p1_trmiss80_trlocclin,18,0.503160278002421,0.7172150611877441,0.5273109243697479,0.6694770833709327,0.5777777777777777,0.0,0.0,0.0,0.0,2002,clin,0.8
2,1,lr1e-04_bs32_modL1_fusion32_fusionL1_drop0p1_trmiss80_trlocclin,32,0.0001,1,32,1,0.1,lr1e-04_bs32_modL1_fusion32_fusionL1_drop0p1_trmiss80_trlocclin,19,0.4856208612521489,0.716466873884201,0.5189075630252101,0.6546610049187881,0.5555555555555556,0.0,0.0,0.0,0.0,2002,clin,0.8
2,1,lr1e-04_bs32_modL1_fusion32_fusionL1_drop0p1_trmiss80_trlocclin,32,0.0001,1,32,1,0.1,lr1e-04_bs32_modL1_fusion32_fusionL1_drop0p1_trmiss80_trlocclin,20,0.4895651737848918,0.7179110646247864,0.5357142857142857,0.6624922068004074,0.6222222222222222,0.0,0.0,0.0,0.0,2002,clin,0.8
2,1,lr1e-04_bs32_modL1_fusion32_fusionL1_drop0p1_trmiss80_trlocclin,32,0.0001,1,32,1,0.1,lr1e-04_bs32_modL1_fusion32_fusionL1_drop0p1_trmiss80_trlocclin,21,0.48703283568223316,0.7174862623214722,0.5189075630252101,0.6365700391351189,0.5777777777777777,0.0,0.0,0.0,0.0,2002,clin,0.8
2,1,lr1e-04_bs32_modL1_fusion32_fusionL1_drop0p1_trmiss80_trlocclin,32,0.0001,1,32,1,0.1,lr1e-04_bs32_modL1_fusion32_fusionL1_drop0p1_trmiss80_trlocclin,22,0.4880503664414088,0.7164265215396881,0.5210084033613446,0.6675420585711275,0.5777777777777777,0.0,0.0,0.0,0.0,2002,clin,0.8
2,1,lr1e-04_bs32_modL1_fusion32_fusionL1_drop0p1_trmiss80_trlocclin,32,0.0001,1,32,1,0.1,lr1e-04_bs32_modL1_fusion32_fusionL1_drop0p1_trmiss80_trlocclin,23,0.48477500180403393,0.7164961397647858,0.5252100840336135,0.6700615377412501,0.5777777777777777,0.0,0.0,0.0,0.0,2002,clin,0.8
2,1,lr1e-04_bs32_modL1_fusion32_fusionL1_drop0p1_trmiss80_trlocclin,32,0.0001,1,32,1,0.1,lr1e-04_bs32_modL1_fusion32_fusionL1_drop0p1_trmiss80_trlocclin,24,0.4822954734166463,0.7162665724754333,0.5063025210084033,0.6593098377824372,0.5555555555555556,0.0,0.0,0.0,0.0,2002,clin,0.8
2,1,lr1e-04_bs32_modL1_fusion32_fusionL1_drop0p1_trmiss80_trlocclin,32,0.0001,1,32,1,0.1,lr1e-04_bs32_modL1_fusion32_fusionL1_drop0p1_trmiss80_trlocclin,25,0.48816771308581036,0.7178406417369843,0.49579831932773105,0.6497695478601023,0.5777777777777777,0.0,0.0,0.0,0.0,2002,clin,0.8
2,1,lr1e-04_bs32_modL1_fusion32_fusionL1_drop0p1_trmiss80_trlocclin,32,0.0001,1,32,1,0.1,lr1e-04_bs32_modL1_fusion32_fusionL1_drop0p1_trmiss80_trlocclin,26,0.4820799231529236,0.7188916504383087,0.5,0.6490409230768556,0.5777777777777777,0.0,0.0,0.0,0.0,2002,clin,0.8
2,1,lr1e-04_bs32_modL1_fusion32_fusionL1_drop0p1_trmiss80_trlocclin,32,0.0001,1,32,1,0.1,lr1e-04_bs32_modL1_fusion32_fusionL1_drop0p1_trmiss80_trlocclin,27,0.47685340543588,0.7184991538524628,0.5084033613445378,0.6527101165030941,0.5777777777777777,0.0,0.0,0.0,0.0,2002,clin,0.8
2,1,lr1e-04_bs32_modL1_fusion32_fusionL1_drop0p1_trmiss80_trlocclin,32,0.0001,1,32,1,0.1,lr1e-04_bs32_modL1_fusion32_fusionL1_drop0p1_trmiss80_trlocclin,28,0.4782300541798274,0.7179962992668152,0.5063025210084033,0.6512259584627923,0.5777777777777777,0.0,0.0,0.0,0.0,2002,clin,0.8
2,1,lr1e-04_bs32_modL1_fusion32_fusionL1_drop0p1_trmiss80_trlocclin,32,0.0001,1,32,1,0.1,lr1e-04_bs32_modL1_fusion32_fusionL1_drop0p1_trmiss80_trlocclin,29,0.4772357891003291,0.7180859744548798,0.5105042016806722,0.6533929542933826,0.6444444444444445,0.0,0.0,0.0,0.0,2002,clin,0.8
2,1,lr1e-04_bs32_modL1_fusion32_fusionL1_drop0p1_trmiss80_trlocclin,32,0.0001,1,32,1,0.1,lr1e-04_bs32_modL1_fusion32_fusionL1_drop0p1_trmiss80_trlocclin,30,0.4795146683851878,0.7164446711540222,0.523109243697479,0.6640796249708169,0.5777777777777777,0.0,0.0,0.0,0.0,2002,clin,0.8
2,1,lr1e-04_bs32_modL1_fusion32_fusionL1_drop0p1_trmiss80_trlocclin,32,0.0001,1,32,1,0.1,lr1e-04_bs32_modL1_fusion32_fusionL1_drop0p1_trmiss80_trlocclin,31,0.47756344576676685,0.7164167165756226,0.5252100840336135,0.6667898116095748,0.5777777777777777,0.0,0.0,0.0,0.0,2002,clin,0.8
2,1,lr1e-04_bs32_modL1_fusion32_fusionL1_drop0p1_trmiss80_trlocclin,32,0.0001,1,32,1,0.1,lr1e-04_bs32_modL1_fusion32_fusionL1_drop0p1_trmiss80_trlocclin,32,0.4752643903096517,0.7156253159046173,0.5294117647058824,0.6682753180928699,0.6,0.0,0.0,0.0,0.0,2002,clin,0.8
2,1,lr1e-04_bs32_modL1_fusion32_fusionL1_drop0p1_trmiss80_trlocclin,32,0.0001,1,32,1,0.1,lr1e-04_bs32_modL1_fusion32_fusionL1_drop0p1_trmiss80_trlocclin,33,0.46895813941955566,0.7148839831352234,0.5357142857142857,0.6743483053640035,0.6222222222222222,0.0,0.0,0.0,0.0,2002,clin,0.8
2,1,lr1e-04_bs32_modL1_fusion32_fusionL1_drop0p1_trmiss80_trlocclin,32,0.0001,1,32,1,0.1,lr1e-04_bs32_modL1_fusion32_fusionL1_drop0p1_trmiss80_trlocclin,34,0.47166446844736737,0.7136048972606659,0.5357142857142857,0.6744777860781918,0.6,0.0,0.0,0.0,0.0,2002,clin,0.8
2,1,lr1e-04_bs32_modL1_fusion32_fusionL1_drop0p1_trmiss80_trlocclin,32,0.0001,1,32,1,0.1,lr1e-04_bs32_modL1_fusion32_fusionL1_drop0p1_trmiss80_trlocclin,35,0.48412643869717914,0.7164819240570068,0.5294117647058824,0.670505309279628,0.6,0.0,0.0,0.0,0.0,2002,clin,0.8
2,1,lr1e-04_bs32_modL1_fusion32_fusionL1_drop0p1_trmiss80_trlocclin,32,0.0001,1,32,1,0.1,lr1e-04_bs32_modL1_fusion32_fusionL1_drop0p1_trmiss80_trlocclin,36,0.4787423561016719,0.7163607180118561,0.5189075630252101,0.6598469548912907,0.6222222222222222,0.0,0.0,0.0,0.0,2002,clin,0.8
2,1,lr1e-04_bs32_modL1_fusion32_fusionL1_drop0p1_trmiss80_trlocclin,32,0.0001,1,32,1,0.1,lr1e-04_bs32_modL1_fusion32_fusionL1_drop0p1_trmiss80_trlocclin,37,0.4746953994035721,0.716823011636734,0.5168067226890757,0.6619609818146296,0.5777777777777777,0.0,0.0,0.0,0.0,2002,clin,0.8
2,1,lr1e-04_bs32_modL1_fusion32_fusionL1_drop0p1_trmiss80_trlocclin,32,0.0001,1,32,1,0.1,lr1e-04_bs32_modL1_fusion32_fusionL1_drop0p1_trmiss80_trlocclin,38,0.473793903986613,0.7166872322559357,0.5147058823529412,0.6622850260793619,0.5555555555555556,0.0,0.0,0.0,0.0,2002,clin,0.8
2,1,lr1e-04_bs32_modL1_fusion32_fusionL1_drop0p1_trmiss80_trlocclin,32,0.0001,1,32,1,0.1,lr1e-04_bs32_modL1_fusion32_fusionL1_drop0p1_trmiss80_trlocclin,39,0.46764596303304035,0.7173370718955994,0.5126050420168068,0.6609457403650763,0.5777777777777777,0.0,0.0,0.0,0.0,2002,clin,0.8
2,1,lr1e-04_bs32_modL1_fusion32_fusionL1_drop0p1_trmiss80_trlocclin,32,0.0001,1,32,1,0.1,lr1e-04_bs32_modL1_fusion32_fusionL1_drop0p1_trmiss80_trlocclin,40,0.47313685218493146,0.7176631689071655,0.5126050420168068,0.6586545461095964,0.6,0.0,0.0,0.0,0.0,2002,clin,0.8
2,1,lr1e-04_bs32_modL1_fusion32_fusionL1_drop0p1_trmiss80_trlocclin,32,0.0001,1,32,1,0.1,lr1e-04_bs32_modL1_fusion32_fusionL1_drop0p1_trmiss80_trlocclin,41,0.4706466893355052,0.7162134349346161,0.523109243697479,0.6665707729451581,0.5777777777777777,0.0,0.0,0.0,0.0,2002,clin,0.8
2,1,lr1e-04_bs32_modL1_fusion32_fusionL1_drop0p1_trmiss80_trlocclin,32,0.0001,1,32,1,0.1,lr1e-04_bs32_modL1_fusion32_fusionL1_drop0p1_trmiss80_trlocclin,42,0.47698888182640076,0.7161864638328552,0.5189075630252101,0.6650765467280254,0.5777777777777777,0.0,0.0,0.0,0.0,2002,clin,0.8
2,1,lr1e-04_bs32_modL1_fusion32_fusionL1_drop0p1_trmiss80_trlocclin,32,0.0001,1,32,1,0.1,lr1e-04_bs32_modL1_fusion32_fusionL1_drop0p1_trmiss80_trlocclin,43,0.4769617070754369,0.7162012755870819,0.5168067226890757,0.6590027457342738,0.5777777777777777,0.0,0.0,0.0,0.0,2002,clin,0.8
2,1,lr1e-04_bs32_modL1_fusion32_fusionL1_drop0p1_trmiss80_trlocclin,32,0.0001,1,32,1,0.1,lr1e-04_bs32_modL1_fusion32_fusionL1_drop0p1_trmiss80_trlocclin,44,0.47535649438699085,0.7163605093955994,0.5210084033613446,0.6615569492338553,0.6,0.0,0.0,0.0,0.0,2002,clin,0.8
2,1,lr1e-04_bs32_modL1_fusion32_fusionL1_drop0p1_trmiss80_trlocclin,32,0.0001,1,32,1,0.1,lr1e-04_bs32_modL1_fusion32_fusionL1_drop0p1_trmiss80_trlocclin,45,0.46703483661015827,0.7167929112911224,0.5126050420168068,0.6568939782762416,0.6,0.0,0.0,0.0,0.0,2002,clin,0.8
2,1,lr1e-04_bs32_modL1_fusion32_fusionL1_drop0p1_trmiss80_trlocclin,32,0.0001,1,32,1,0.1,lr1e-04_bs32_modL1_fusion32_fusionL1_drop0p1_trmiss80_trlocclin,46,0.46405327320098877,0.7169293165206909,0.5105042016806722,0.6555546925619559,0.6,0.0,0.0,0.0,0.0,2002,clin,0.8
2,1,lr1e-04_bs32_modL1_fusion32_fusionL1_drop0p1_trmiss80_trlocclin,32,0.0001,1,32,1,0.1,lr1e-04_bs32_modL1_fusion32_fusionL1_drop0p1_trmiss80_trlocclin,47,0.47153082489967346,0.7189920544624329,0.5042016806722689,0.6511785268557408,0.5777777777777777,0.0,0.0,0.0,0.0,2002,clin,0.8
2,1,lr1e-04_bs32_modL1_fusion32_fusionL1_drop0p1_trmiss80_trlocclin,32,0.0001,1,32,1,0.1,lr1e-04_bs32_modL1_fusion32_fusionL1_drop0p1_trmiss80_trlocclin,48,0.47415800392627716,0.7180544137954712,0.5084033613445379,0.6548944284563135,0.5555555555555556,0.0,0.0,0.0,0.0,2002,clin,0.8
2,1,lr1e-04_bs32_modL1_fusion32_fusionL1_drop0p1_trmiss80_trlocclin,32,0.0001,1,32,1,0.1,lr1e-04_bs32_modL1_fusion32_fusionL1_drop0p1_trmiss80_trlocclin,49,0.4717963735262553,0.7178808450698853,0.5105042016806723,0.6543610332800613,0.6,0.0,0.0,0.0,0.0,2002,clin,0.8
2,1,lr1e-04_bs32_modL1_fusion32_fusionL1_drop0p1_trmiss80_trlocclin,32,0.0001,1,32,1,0.1,lr1e-04_bs32_modL1_fusion32_fusionL1_drop0p1_trmiss80_trlocclin,50,0.4755384027957916,0.7182126045227051,0.5021008403361344,0.6502162022707345,0.6,0.0,0.0,0.0,0.0,2002,clin,0.8
2,1,lr1e-04_bs32_modL1_fusion32_fusionL1_drop0p1_trmiss80_trlocclin,32,0.0001,1,32,1,0.1,lr1e-04_bs32_modL1_fusion32_fusionL1_drop0p1_trmiss80_trlocclin,51,0.47649645308653515,0.718120664358139,0.49999999999999994,0.6486362599489782,0.6,0.0,0.0,0.0,0.0,2002,clin,0.8
2,1,lr1e-04_bs32_modL1_fusion32_fusionL1_drop0p1_trmiss80_trlocclin,32,0.0001,1,32,1,0.1,lr1e-04_bs32_modL1_fusion32_fusionL1_drop0p1_trmiss80_trlocclin,52,0.47366438806056976,0.7172577381134033,0.5021008403361344,0.6502162022707345,0.5777777777777777,0.0,0.0,0.0,0.0,2002,clin,0.8
2,1,lr1e-04_bs32_modL1_fusion32_fusionL1_drop0p1_trmiss80_trlocclin,32,0.0001,1,32,1,0.1,lr1e-04_bs32_modL1_fusion32_fusionL1_drop0p1_trmiss80_trlocclin,53,0.47602884471416473,0.7157287001609802,0.5147058823529412,0.6628238502250211,0.6,0.0,0.0,0.0,0.0,2002,clin,0.8
2,1,lr1e-04_bs32_modL1_fusion32_fusionL1_drop0p1_trmiss80_trlocclin,32,0.0001,1,32,1,0.1,lr1e-04_bs32_modL1_fusion32_fusionL1_drop0p1_trmiss80_trlocclin,54,0.47379276156425476,0.7161946296691895,0.5147058823529412,0.6612049334275328,0.5777777777777777,0.0,0.0,0.0,0.0,2002,clin,0.8
2,1,lr1e-04_bs32_modL1_fusion64_fusionL1_drop0p2_trmiss80_trlocclin,32,0.0001,1,64,1,0.2,lr1e-04_bs32_modL1_fusion64_fusionL1_drop0p2_trmiss80_trlocclin,1,0.7121715247631073,0.6992990672588348,0.6218487394957983,0.7528809550011625,0.4,0.0,0.0,0.0,0.0,2002,clin,0.8
2,1,lr1e-04_bs32_modL1_fusion64_fusionL1_drop0p2_trmiss80_trlocclin,32,0.0001,1,64,1,0.2,lr1e-04_bs32_modL1_fusion64_fusionL1_drop0p2_trmiss80_trlocclin,2,0.6821072598298391,0.685552179813385,0.6533613445378151,0.7592690879169809,0.5111111111111111,0.0,0.0,0.0,0.0,2002,clin,0.8
2,1,lr1e-04_bs32_modL1_fusion64_fusionL1_drop0p2_trmiss80_trlocclin,32,0.0001,1,64,1,0.2,lr1e-04_bs32_modL1_fusion64_fusionL1_drop0p2_trmiss80_trlocclin,3,0.6416818300882975,0.6683693826198578,0.6911764705882353,0.8008772831883197,0.6444444444444445,0.0,0.0,0.0,0.0,2002,clin,0.8
2,1,lr1e-04_bs32_modL1_fusion64_fusionL1_drop0p2_trmiss80_trlocclin,32,0.0001,1,64,1,0.2,lr1e-04_bs32_modL1_fusion64_fusionL1_drop0p2_trmiss80_trlocclin,4,0.6292276779810587,0.6574403345584869,0.703781512605042,0.809953308919961,0.6222222222222222,0.0,0.0,0.0,0.0,2002,clin,0.8
2,1,lr1e-04_bs32_modL1_fusion64_fusionL1_drop0p2_trmiss80_trlocclin,32,0.0001,1,64,1,0.2,lr1e-04_bs32_modL1_fusion64_fusionL1_drop0p2_trmiss80_trlocclin,5,0.580338716506958,0.6526621580123901,0.7079831932773109,0.8071934981333707,0.6444444444444445,0.0,0.0,0.0,0.0,2002,clin,0.8
2,1,lr1e-04_bs32_modL1_fusion64_fusionL1_drop0p2_trmiss80_trlocclin,32,0.0001,1,64,1,0.2,lr1e-04_bs32_modL1_fusion64_fusionL1_drop0p2_trmiss80_trlocclin,6,0.5744422078132629,0.651988685131073,0.6953781512605042,0.7974306752906948,0.6888888888888889,0.0,0.0,0.0,0.0,2002,clin,0.8
2,1,lr1e-04_bs32_modL1_fusion64_fusionL1_drop0p2_trmiss80_trlocclin,32,0.0001,1,64,1,0.2,lr1e-04_bs32_modL1_fusion64_fusionL1_drop0p2_trmiss80_trlocclin,7,0.5726212859153748,0.6497292518615723,0.6848739495798319,0.7920356192634377,0.6444444444444445,0.0,0.0,0.0,0.0,2002,clin,0.8
2,1,lr1e-04_bs32_modL1_fusion64_fusionL1_drop0p2_trmiss80_trlocclin,32,0.0001,1,64,1,0.2,lr1e-04_bs32_modL1_fusion64_fusionL1_drop0p2_trmiss80_trlocclin,8,0.5433957477410635,0.6464115083217621,0.703781512605042,0.7893627956721251,0.6888888888888889,0.0,0.0,0.0,0.0,2002,clin,0.8
2,1,lr1e-04_bs32_modL1_fusion64_fusionL1_drop0p2_trmiss80_trlocclin,32,0.0001,1,64,1,0.2,lr1e-04_bs32_modL1_fusion64_fusionL1_drop0p2_trmiss80_trlocclin,9,0.5278659065564474,0.6444420516490936,0.703781512605042,0.7961339000390482,0.6666666666666666,0.0,0.0,0.0,0.0,2002,clin,0.8
2,1,lr1e-04_bs32_modL1_fusion64_fusionL1_drop0p2_trmiss80_trlocclin,32,0.0001,1,64,1,0.2,lr1e-04_bs32_modL1_fusion64_fusionL1_drop0p2_trmiss80_trlocclin,10,0.5122711559136709,0.6449991166591644,0.6869747899159664,0.7833572767809838,0.6444444444444445,0.0,0.0,0.0,0.0,2002,clin,0.8
2,1,lr1e-04_bs32_modL1_fusion64_fusionL1_drop0p2_trmiss80_trlocclin,32,0.0001,1,64,1,0.2,lr1e-04_bs32_modL1_fusion64_fusionL1_drop0p2_trmiss80_trlocclin,11,0.49760758876800537,0.645028293132782,0.6974789915966386,0.7927132579082672,0.6444444444444445,0.0,0.0,0.0,0.0,2002,clin,0.8
2,1,lr1e-04_bs32_modL1_fusion64_fusionL1_drop0p2_trmiss80_trlocclin,32,0.0001,1,64,1,0.2,lr1e-04_bs32_modL1_fusion64_fusionL1_drop0p2_trmiss80_trlocclin,12,0.4640415161848068,0.640447199344635,0.7436974789915967,0.793810384676515,0.6888888888888889,0.0,0.0,0.0,0.0,2002,clin,0.8
2,1,lr1e-04_bs32_modL1_fusion64_fusionL1_drop0p2_trmiss80_trlocclin,32,0.0001,1,64,1,0.2,lr1e-04_bs32_modL1_fusion64_fusionL1_drop0p2_trmiss80_trlocclin,13,0.4788101613521576,0.636922150850296,0.7352941176470589,0.7966785901701539,0.6888888888888889,0.0,0.0,0.0,0.0,2002,clin,0.8
2,1,lr1e-04_bs32_modL1_fusion64_fusionL1_drop0p2_trmiss80_trlocclin,32,0.0001,1,64,1,0.2,lr1e-04_bs32_modL1_fusion64_fusionL1_drop0p2_trmiss80_trlocclin,14,0.45149881144364673,0.6344778835773468,0.7457983193277311,0.8006382948347457,0.6666666666666666,0.0,0.0,0.0,0.0,2002,clin,0.8
2,1,lr1e-04_bs32_modL1_fusion64_fusionL1_drop0p2_trmiss80_trlocclin,32,0.0001,1,64,1,0.2,lr1e-04_bs32_modL1_fusion64_fusionL1_drop0p2_trmiss80_trlocclin,15,0.4430070718129476,0.6312850117683411,0.7331932773109243,0.7907819490218022,0.6888888888888889,0.0,0.0,0.0,0.0,2002,clin,0.8
2,1,lr1e-04_bs32_modL1_fusion64_fusionL1_drop0p2_trmiss80_trlocclin,32,0.0001,1,64,1,0.2,lr1e-04_bs32_modL1_fusion64_fusionL1_drop0p2_trmiss80_trlocclin,16,0.4393882652123769,0.6319930255413055,0.7247899159663865,0.7882584580200505,0.7111111111111111,0.0,0.0,0.0,0.0,2002,clin,0.8
2,1,lr1e-04_bs32_modL1_fusion64_fusionL1_drop0p2_trmiss80_trlocclin,32,0.0001,1,64,1,0.2,lr1e-04_bs32_modL1_fusion64_fusionL1_drop0p2_trmiss80_trlocclin,17,0.4201388905445735,0.63422492146492,0.7121848739495799,0.7827904890926676,0.6888888888888889,0.0,0.0,0.0,0.0,2002,clin,0.8
2,1,lr1e-04_bs32_modL1_fusion64_fusionL1_drop0p2_trmiss80_trlocclin,32,0.0001,1,64,1,0.2,lr1e-04_bs32_modL1_fusion64_fusionL1_drop0p2_trmiss80_trlocclin,18,0.40697093804677326,0.6321630775928497,0.7079831932773109,0.7699260651027737,0.6666666666666666,0.0,0.0,0.0,0.0,2002,clin,0.8
2,1,lr1e-04_bs32_modL1_fusion64_fusionL1_drop0p2_trmiss80_trlocclin,32,0.0001,1,64,1,0.2,lr1e-04_bs32_modL1_fusion64_fusionL1_drop0p2_trmiss80_trlocclin,19,0.40800632536411285,0.6312673389911652,0.7163865546218487,0.7702785310848668,0.6666666666666666,0.0,0.0,0.0,0.0,2002,clin,0.8
2,1,lr1e-04_bs32_modL1_fusion64_fusionL1_drop0p2_trmiss80_trlocclin,32,0.0001,1,64,1,0.2,lr1e-04_bs32_modL1_fusion64_fusionL1_drop0p2_trmiss80_trlocclin,20,0.38927623132864636,0.6289013624191284,0.7310924369747899,0.776051232265357,0.6666666666666666,0.0,0.0,0.0,0.0,2002,clin,0.8
2,1,lr1e-04_bs32_modL1_fusion64_fusionL1_drop0p2_trmiss80_trlocclin,32,0.0001,1,64,1,0.2,lr1e-04_bs32_modL1_fusion64_fusionL1_drop0p2_trmiss80_trlocclin,21,0.37915924688180286,0.6262341439723969,0.7247899159663865,0.7843237296819001,0.6888888888888889,0.0,0.0,0.0,0.0,2002,clin,0.8
2,1,lr1e-04_bs32_modL1_fusion64_fusionL1_drop0p2_trmiss80_trlocclin,32,0.0001,1,64,1,0.2,lr1e-04_bs32_modL1_fusion64_fusionL1_drop0p2_trmiss80_trlocclin,22,0.3828249176343282,0.626207560300827,0.726890756302521,0.7861554555876584,0.7111111111111111,0.0,0.0,0.0,0.0,2002,clin,0.8
2,1,lr1e-04_bs32_modL1_fusion64_fusionL1_drop0p2_trmiss80_trlocclin,32,0.0001,1,64,1,0.2,lr1e-04_bs32_modL1_fusion64_fusionL1_drop0p2_trmiss80_trlocclin,23,0.3749268700679143,0.6236436069011688,0.7394957983193278,0.7905352250958617,0.7333333333333333,0.0,0.0,0.0,0.0,2002,clin,0.8
2,1,lr1e-04_bs32_modL1_fusion64_fusionL1_drop0p2_trmiss80_trlocclin,32,0.0001,1,64,1,0.2,lr1e-04_bs32_modL1_fusion64_fusionL1_drop0p2_trmiss80_trlocclin,24,0.35081134736537933,0.6242608726024628,0.7373949579831933,0.7905330387532838,0.7777777777777778,0.0,0.0,0.0,0.0,2002,clin,0.8
2,1,lr1e-04_bs32_modL1_fusion64_fusionL1_drop0p2_trmiss80_trlocclin,32,0.0001,1,64,1,0.2,lr1e-04_bs32_modL1_fusion64_fusionL1_drop0p2_trmiss80_trlocclin,25,0.35192538797855377,0.6279561221599579,0.7247899159663865,0.7712000082657234,0.7555555555555555,0.0,0.0,0.0,0.0,2002,clin,0.8
2,1,lr1e-04_bs32_modL1_fusion64_fusionL1_drop0p2_trmiss80_trlocclin,32,0.0001,1,64,1,0.2,lr1e-04_bs32_modL1_fusion64_fusionL1_drop0p2_trmiss80_trlocclin,26,0.3391078660885493,0.6280370056629181,0.7142857142857143,0.7801573842284618,0.7333333333333333,0.0,0.0,0.0,0.0,2002,clin,0.8
2,1,lr1e-04_bs32_modL1_fusion64_fusionL1_drop0p2_trmiss80_trlocclin,32,0.0001,1,64,1,0.2,lr1e-04_bs32_modL1_fusion64_fusionL1_drop0p2_trmiss80_trlocclin,27,0.3170296897490819,0.6306383907794952,0.7163865546218487,0.7832918673985096,0.7333333333333333,0.0,0.0,0.0,0.0,2002,clin,0.8
2,1,lr1e-04_bs32_modL1_fusion64_fusionL1_drop0p2_trmiss80_trlocclin,32,0.0001,1,64,1,0.2,lr1e-04_bs32_modL1_fusion64_fusionL1_drop0p2_trmiss80_trlocclin,28,0.31822067002455395,0.6351311504840851,0.6953781512605042,0.7578898643795904,0.7333333333333333,0.0,0.0,0.0,0.0,2002,clin,0.8
2,1,lr1e-04_bs32_modL1_fusion64_fusionL1_drop0p2_trmiss80_trlocclin,32,0.0001,1,64,1,0.2,lr1e-04_bs32_modL1_fusion64_fusionL1_drop0p2_trmiss80_trlocclin,29,0.30308698614438373,0.6363939642906189,0.6890756302521008,0.7673623029568908,0.7111111111111111,0.0,0.0,0.0,0.0,2002,clin,0.8
2,1,lr1e-04_bs32_modL1_fusion64_fusionL1_drop0p2_trmiss80_trlocclin,32,0.0001,1,64,1,0.2,lr1e-04_bs32_modL1_fusion64_fusionL1_drop0p2_trmiss80_trlocclin,30,0.2998855064312617,0.6377813816070557,0.6890756302521008,0.765739390004943,0.7111111111111111,0.0,0.0,0.0,0.0,2002,clin,0.8
2,1,lr1e-04_bs32_modL1_fusion64_fusionL1_drop0p2_trmiss80_trlocclin,32,0.0001,1,64,1,0.2,lr1e-04_bs32_modL1_fusion64_fusionL1_drop0p2_trmiss80_trlocclin,31,0.299441526333491,0.6369425654411316,0.6869747899159664,0.7677707954524975,0.7555555555555555,0.0,0.0,0.0,0.0,2002,clin,0.8
2,1,lr1e-04_bs32_modL1_fusion64_fusionL1_drop0p2_trmiss80_trlocclin,32,0.0001,1,64,1,0.2,lr1e-04_bs32_modL1_fusion64_fusionL1_drop0p2_trmiss80_trlocclin,32,0.30239968995253247,0.6336222589015961,0.6848739495798319,0.7624455250911707,0.7555555555555555,0.0,0.0,0.0,0.0,2002,clin,0.8
2,1,lr1e-04_bs32_modL1_fusion64_fusionL1_drop0p2_trmiss80_trlocclin,32,0.0001,1,64,1,0.2,lr1e-04_bs32_modL1_fusion64_fusionL1_drop0p2_trmiss80_trlocclin,33,0.284548615415891,0.6309022903442383,0.6911764705882353,0.7607698388290183,0.7555555555555555,0.0,0.0,0.0,0.0,2002,clin,0.8
2,1,lr1e-04_bs32_modL1_fusion64_fusionL1_drop0p2_trmiss80_trlocclin,32,0.0001,1,64,1,0.2,lr1e-04_bs32_modL1_fusion64_fusionL1_drop0p2_trmiss80_trlocclin,34,0.29395242035388947,0.6281969845294952,0.7037815126050421,0.7660625321656473,0.7333333333333333,0.0,0.0,0.0,0.0,2002,clin,0.8
2,1,lr1e-04_bs32_modL1_fusion64_fusionL1_drop0p1_trmiss80_trlocclin,32,0.0001,1,64,1,0.1,lr1e-04_bs32_modL1_fusion64_fusionL1_drop0p1_trmiss80_trlocclin,1,0.7021250327428182,0.6790984570980072,0.5735294117647058,0.7395879564665551,0.5333333333333333,0.0,0.0,0.0,0.0,2002,clin,0.8
2,1,lr1e-04_bs32_modL1_fusion64_fusionL1_drop0p1_trmiss80_trlocclin,32,0.0001,1,64,1,0.1,lr1e-04_bs32_modL1_fusion64_fusionL1_drop0p1_trmiss80_trlocclin,2,0.6377709408601125,0.669798344373703,0.6512605042016806,0.7934229833719869,0.6,0.0,0.0,0.0,0.0,2002,clin,0.8
2,1,lr1e-04_bs32_modL1_fusion64_fusionL1_drop0p1_trmiss80_trlocclin,32,0.0001,1,64,1,0.1,lr1e-04_bs32_modL1_fusion64_fusionL1_drop0p1_trmiss80_trlocclin,3,0.6094031631946564,0.6578594148159027,0.6932773109243697,0.8172499420822822,0.6666666666666666,0.0,0.0,0.0,0.0,2002,clin,0.8
2,1,lr1e-04_bs32_modL1_fusion64_fusionL1_drop0p1_trmiss80_trlocclin,32,0.0001,1,64,1,0.1,lr1e-04_bs32_modL1_fusion64_fusionL1_drop0p1_trmiss80_trlocclin,4,0.5772167642911276,0.6492673456668854,0.7016806722689076,0.823853488551794,0.6888888888888889,0.0,0.0,0.0,0.0,2002,clin,0.8
2,1,lr1e-04_bs32_modL1_fusion64_fusionL1_drop0p1_trmiss80_trlocclin,32,0.0001,1,64,1,0.1,lr1e-04_bs32_modL1_fusion64_fusionL1_drop0p1_trmiss80_trlocclin,5,0.5595408777395884,0.6444753110408783,0.707983193277311,0.8261002653324635,0.6666666666666666,0.0,0.0,0.0,0.0,2002,clin,0.8
2,1,lr1e-04_bs32_modL1_fusion64_fusionL1_drop0p1_trmiss80_trlocclin,32,0.0001,1,64,1,0.1,lr1e-04_bs32_modL1_fusion64_fusionL1_drop0p1_trmiss80_trlocclin,6,0.5507765213648478,0.6431004405021667,0.6848739495798319,0.8146701294624173,0.6,0.0,0.0,0.0,0.0,2002,clin,0.8
2,1,lr1e-04_bs32_modL1_fusion64_fusionL1_drop0p1_trmiss80_trlocclin,32,0.0001,1,64,1,0.1,lr1e-04_bs32_modL1_fusion64_fusionL1_drop0p1_trmiss80_trlocclin,7,0.5382467011610667,0.6396811306476593,0.6680672268907564,0.8021859593474076,0.6222222222222222,0.0,0.0,0.0,0.0,2002,clin,0.8
2,1,lr1e-04_bs32_modL1_fusion64_fusionL1_drop0p1_trmiss80_trlocclin,32,0.0001,1,64,1,0.1,lr1e-04_bs32_modL1_fusion64_fusionL1_drop0p1_trmiss80_trlocclin,8,0.5317664394776026,0.6390975415706635,0.6617647058823529,0.8009395583162721,0.6,0.0,0.0,0.0,0.0,2002,clin,0.8
2,1,lr1e-04_bs32_modL1_fusion64_fusionL1_drop0p1_trmiss80_trlocclin,32,0.0001,1,64,1,0.1,lr1e-04_bs32_modL1_fusion64_fusionL1_drop0p1_trmiss80_trlocclin,9,0.49229968587557477,0.6381540298461914,0.6575630252100841,0.7968898746501801,0.5777777777777777,0.0,0.0,0.0,0.0,2002,clin,0.8
2,1,lr1e-04_bs32_modL1_fusion64_fusionL1_drop0p1_trmiss80_trlocclin,32,0.0001,1,64,1,0.1,lr1e-04_bs32_modL1_fusion64_fusionL1_drop0p1_trmiss80_trlocclin,10,0.48199037710825604,0.6381242573261261,0.6680672268907564,0.7969714996310867,0.6666666666666666,0.0,0.0,0.0,0.0,2002,clin,0.8
2,1,lr1e-04_bs32_modL1_fusion64_fusionL1_drop0p1_trmiss80_trlocclin,32,0.0001,1,64,1,0.1,lr1e-04_bs32_modL1_fusion64_fusionL1_drop0p1_trmiss80_trlocclin,11,0.45997341970602673,0.6357938051223755,0.6848739495798319,0.8031287443174593,0.6666666666666666,0.0,0.0,0.0,0.0,2002,clin,0.8
2,1,lr1e-04_bs32_modL1_fusion64_fusionL1_drop0p1_trmiss80_trlocclin,32,0.0001,1,64,1,0.1,lr1e-04_bs32_modL1_fusion64_fusionL1_drop0p1_trmiss80_trlocclin,12,0.45628446340560913,0.6376134157180786,0.6953781512605042,0.8011723580368906,0.6222222222222222,0.0,0.0,0.0,0.0,2002,clin,0.8
2,1,lr1e-04_bs32_modL1_fusion64_fusionL1_drop0p1_trmiss80_trlocclin,32,0.0001,1,64,1,0.1,lr1e-04_bs32_modL1_fusion64_fusionL1_drop0p1_trmiss80_trlocclin,13,0.44452087084452313,0.6325441598892212,0.7121848739495799,0.7976645801273998,0.6444444444444445,0.0,0.0,0.0,0.0,2002,clin,0.8
2,1,lr1e-04_bs32_modL1_fusion64_fusionL1_drop0p1_trmiss80_trlocclin,32,0.0001,1,64,1,0.1,lr1e-04_bs32_modL1_fusion64_fusionL1_drop0p1_trmiss80_trlocclin,14,0.42868120471636456,0.6241176426410675,0.7016806722689076,0.7994683693722717,0.6666666666666666,0.0,0.0,0.0,0.0,2002,clin,0.8
2,1,lr1e-04_bs32_modL1_fusion64_fusionL1_drop0p1_trmiss80_trlocclin,32,0.0001,1,64,1,0.1,lr1e-04_bs32_modL1_fusion64_fusionL1_drop0p1_trmiss80_trlocclin,15,0.4171492358048757,0.6226572096347809,0.7121848739495799,0.7913432060026968,0.6444444444444445,0.0,0.0,0.0,0.0,2002,clin,0.8
2,1,lr1e-04_bs32_modL1_fusion64_fusionL1_drop0p1_trmiss80_trlocclin,32,0.0001,1,64,1,0.1,lr1e-04_bs32_modL1_fusion64_fusionL1_drop0p1_trmiss80_trlocclin,16,0.40941158433755237,0.6202056109905243,0.7247899159663865,0.7980340504679836,0.6666666666666666,0.0,0.0,0.0,0.0,2002,clin,0.8
2,1,lr1e-04_bs32_modL1_fusion64_fusionL1_drop0p1_trmiss80_trlocclin,32,0.0001,1,64,1,0.1,lr1e-04_bs32_modL1_fusion64_fusionL1_drop0p1_trmiss80_trlocclin,17,0.3986088881889979,0.6200809478759766,0.7226890756302521,0.7973515967827542,0.6666666666666666,0.0,0.0,0.0,0.0,2002,clin,0.8
2,1,lr1e-04_bs32_modL1_fusion64_fusionL1_drop0p1_trmiss80_trlocclin,32,0.0001,1,64,1,0.1,lr1e-04_bs32_modL1_fusion64_fusionL1_drop0p1_trmiss80_trlocclin,18,0.3962728927532832,0.6183927655220032,0.7163865546218486,0.7909086858755576,0.6888888888888889,0.0,0.0,0.0,0.0,2002,clin,0.8
2,1,lr1e-04_bs32_modL1_fusion64_fusionL1_drop0p1_trmiss80_trlocclin,32,0.0001,1,64,1,0.1,lr1e-04_bs32_modL1_fusion64_fusionL1_drop0p1_trmiss80_trlocclin,19,0.38397540152072906,0.617631196975708,0.7184873949579833,0.79110936024444,0.6888888888888889,0.0,0.0,0.0,0.0,2002,clin,0.8
2,1,lr1e-04_bs32_modL1_fusion64_fusionL1_drop0p1_trmiss80_trlocclin,32,0.0001,1,64,1,0.1,lr1e-04_bs32_modL1_fusion64_fusionL1_drop0p1_trmiss80_trlocclin,20,0.36930260558923084,0.6142808198928833,0.7100840336134453,0.7838430717631404,0.6666666666666666,0.0,0.0,0.0,0.0,2002,clin,0.8
2,1,lr1e-04_bs32_modL1_fusion64_fusionL1_drop0p1_trmiss80_trlocclin,32,0.0001,1,64,1,0.1,lr1e-04_bs32_modL1_fusion64_fusionL1_drop0p1_trmiss80_trlocclin,21,0.35336262981096905,0.6135325729846954,0.6953781512605042,0.7683401857356752,0.6888888888888889,0.0,0.0,0.0,0.0,2002,clin,0.8
2,1,lr1e-04_bs32_modL1_fusion64_fusionL1_drop0p1_trmiss80_trlocclin,32,0.0001,1,64,1,0.1,lr1e-04_bs32_modL1_fusion64_fusionL1_drop0p1_trmiss80_trlocclin,22,0.358470340569814,0.6120520830154419,0.7100840336134454,0.7793954267761275,0.7111111111111111,0.0,0.0,0.0,0.0,2002,clin,0.8
2,1,lr1e-04_bs32_modL1_fusion64_fusionL1_drop0p1_trmiss80_trlocclin,32,0.0001,1,64,1,0.1,lr1e-04_bs32_modL1_fusion64_fusionL1_drop0p1_trmiss80_trlocclin,23,0.3404818922281265,0.6095428764820099,0.7205882352941175,0.7855780543238126,0.6888888888888889,0.0,0.0,0.0,0.0,2002,clin,0.8
2,1,lr1e-04_bs32_modL1_fusion64_fusionL1_drop0p1_trmiss80_trlocclin,32,0.0001,1,64,1,0.1,lr1e-04_bs32_modL1_fusion64_fusionL1_drop0p1_trmiss80_trlocclin,24,0.3513077547152837,0.6091194748878479,0.7184873949579831,0.7853788806644307,0.6888888888888889,0.0,0.0,0.0,0.0,2002,clin,0.8
2,1,lr1e-04_bs32_modL1_fusion64_fusionL1_drop0p1_trmiss80_trlocclin,32,0.0001,1,64,1,0.1,lr1e-04_bs32_modL1_fusion64_fusionL1_drop0p1_trmiss80_trlocclin,25,0.3130462219317754,0.6097708940505981,0.7142857142857144,0.788757181074447,0.6444444444444445,0.0,0.0,0.0,0.0,2002,clin,0.8
2,1,lr1e-04_bs32_modL1_fusion64_fusionL1_drop0p1_trmiss80_trlocclin,32,0.0001,1,64,1,0.1,lr1e-04_bs32_modL1_fusion64_fusionL1_drop0p1_trmiss80_trlocclin,26,0.3342023740212123,0.6085967123508453,0.7079831932773109,0.7895544063338735,0.6444444444444445,0.0,0.0,0.0,0.0,2002,clin,0.8
2,1,lr1e-04_bs32_modL1_fusion64_fusionL1_drop0p1_trmiss80_trlocclin,32,0.0001,1,64,1,0.1,lr1e-04_bs32_modL1_fusion64_fusionL1_drop0p1_trmiss80_trlocclin,27,0.30625564853350323,0.610027015209198,0.7016806722689075,0.7838961472396775,0.7111111111111111,0.0,0.0,0.0,0.0,2002,clin,0.8
2,1,lr1e-04_bs32_modL1_fusion64_fusionL1_drop0p1_trmiss80_trlocclin,32,0.0001,1,64,1,0.1,lr1e-04_bs32_modL1_fusion64_fusionL1_drop0p1_trmiss80_trlocclin,28,0.2868541479110718,0.6112517416477203,0.6974789915966386,0.777734919704187,0.7111111111111111,0.0,0.0,0.0,0.0,2002,clin,0.8
2,1,lr1e-04_bs32_modL1_fusion64_fusionL1_drop0p1_trmiss80_trlocclin,32,0.0001,1,64,1,0.1,lr1e-04_bs32_modL1_fusion64_fusionL1_drop0p1_trmiss80_trlocclin,29,0.2874790181716283,0.6098654866218567,0.707983193277311,0.7800950950660437,0.7111111111111111,0.0,0.0,0.0,0.0,2002,clin,0.8
2,1,lr1e-04_bs32_modL1_fusion64_fusionL1_drop0p1_trmiss80_trlocclin,32,0.0001,1,64,1,0.1,lr1e-04_bs32_modL1_fusion64_fusionL1_drop0p1_trmiss80_trlocclin,30,0.26717475553353626,0.605913907289505,0.7121848739495799,0.7731436684432714,0.7111111111111111,0.0,0.0,0.0,0.0,2002,clin,0.8
2,1,lr1e-04_bs32_modL1_fusion64_fusionL1_drop0p1_trmiss80_trlocclin,32,0.0001,1,64,1,0.1,lr1e-04_bs32_modL1_fusion64_fusionL1_drop0p1_trmiss80_trlocclin,31,0.27548085649808246,0.6075809001922607,0.6995798319327732,0.7745881011888371,0.6888888888888889,0.0,0.0,0.0,0.0,2002,clin,0.8
2,1,lr1e-04_bs32_modL1_fusion64_fusionL1_drop0p1_trmiss80_trlocclin,32,0.0001,1,64,1,0.1,lr1e-04_bs32_modL1_fusion64_fusionL1_drop0p1_trmiss80_trlocclin,32,0.27204520006974536,0.60378497838974,0.707983193277311,0.7861151935211648,0.6888888888888889,0.0,0.0,0.0,0.0,2002,clin,0.8
2,1,lr1e-04_bs32_modL1_fusion64_fusionL1_drop0p1_trmiss80_trlocclin,32,0.0001,1,64,1,0.1,lr1e-04_bs32_modL1_fusion64_fusionL1_drop0p1_trmiss80_trlocclin,33,0.2687508041659991,0.6028143167495728,0.7058823529411765,0.7879737103350387,0.6666666666666666,0.0,0.0,0.0,0.0,2002,clin,0.8
2,1,lr1e-04_bs32_modL1_fusion64_fusionL1_drop0p1_trmiss80_trlocclin,32,0.0001,1,64,1,0.1,lr1e-04_bs32_modL1_fusion64_fusionL1_drop0p1_trmiss80_trlocclin,34,0.25296952575445175,0.6058347225189209,0.6953781512605042,0.7768447188435861,0.6666666666666666,0.0,0.0,0.0,0.0,2002,clin,0.8
2,1,lr1e-04_bs32_modL1_fusion64_fusionL1_drop0p1_trmiss80_trlocclin,32,0.0001,1,64,1,0.1,lr1e-04_bs32_modL1_fusion64_fusionL1_drop0p1_trmiss80_trlocclin,35,0.2439733992020289,0.6107761859893799,0.680672268907563,0.7627126344592805,0.7111111111111111,0.0,0.0,0.0,0.0,2002,clin,0.8
2,1,lr1e-04_bs32_modL1_fusion64_fusionL1_drop0p1_trmiss80_trlocclin,32,0.0001,1,64,1,0.1,lr1e-04_bs32_modL1_fusion64_fusionL1_drop0p1_trmiss80_trlocclin,36,0.24318193395932516,0.6138864159584045,0.6869747899159664,0.7799314863120412,0.6888888888888889,0.0,0.0,0.0,0.0,2002,clin,0.8
2,2,lr5e-05_bs16_modL1_fusion32_fusionL1_drop0p2_trmiss80_trlocclin,16,5e-05,1,32,1,0.2,lr5e-05_bs16_modL1_fusion32_fusionL1_drop0p2_trmiss80_trlocclin,1,0.750745435555776,0.7122836907704672,0.5042016806722689,0.707260669065152,0.5111111111111111,0.0,0.0,0.0,0.0,2002,clin,0.8
2,2,lr5e-05_bs16_modL1_fusion32_fusionL1_drop0p2_trmiss80_trlocclin,16,5e-05,1,32,1,0.2,lr5e-05_bs16_modL1_fusion32_fusionL1_drop0p2_trmiss80_trlocclin,2,0.7185649027427038,0.7254858811696371,0.5126050420168067,0.7229478496120949,0.5333333333333333,0.0,0.0,0.0,0.0,2002,clin,0.8
2,2,lr5e-05_bs16_modL1_fusion32_fusionL1_drop0p2_trmiss80_trlocclin,16,5e-05,1,32,1,0.2,lr5e-05_bs16_modL1_fusion32_fusionL1_drop0p2_trmiss80_trlocclin,3,0.690147876739502,0.7208428382873535,0.5147058823529411,0.7103422300434928,0.5333333333333333,0.0,0.0,0.0,0.0,2002,clin,0.8
2,2,lr5e-05_bs16_modL1_fusion32_fusionL1_drop0p2_trmiss80_trlocclin,16,5e-05,1,32,1,0.2,lr5e-05_bs16_modL1_fusion32_fusionL1_drop0p2_trmiss80_trlocclin,4,0.6683666159709295,0.7332998116811117,0.5042016806722689,0.7049040421037425,0.4666666666666667,0.0,0.0,0.0,0.0,2002,clin,0.8
2,2,lr5e-05_bs16_modL1_fusion32_fusionL1_drop0p2_trmiss80_trlocclin,16,5e-05,1,32,1,0.2,lr5e-05_bs16_modL1_fusion32_fusionL1_drop0p2_trmiss80_trlocclin,5,0.6565565864245096,0.7373402913411459,0.51890756302521,0.705423625300803,0.5111111111111111,0.0,0.0,0.0,0.0,2002,clin,0.8
2,2,lr5e-05_bs16_modL1_fusion32_fusionL1_drop0p2_trmiss80_trlocclin,16,5e-05,1,32,1,0.2,lr5e-05_bs16_modL1_fusion32_fusionL1_drop0p2_trmiss80_trlocclin,6,0.6700165222088496,0.7273301482200623,0.5714285714285714,0.7481247429876521,0.5777777777777777,0.0,0.0,0.0,0.0,2002,clin,0.8
2,2,lr5e-05_bs16_modL1_fusion32_fusionL1_drop0p2_trmiss80_trlocclin,16,5e-05,1,32,1,0.2,lr5e-05_bs16_modL1_fusion32_fusionL1_drop0p2_trmiss80_trlocclin,7,0.6157946487267812,0.7331562042236328,0.5588235294117647,0.739624092119933,0.5777777777777777,0.0,0.0,0.0,0.0,2002,clin,0.8
2,2,lr5e-05_bs16_modL1_fusion32_fusionL1_drop0p2_trmiss80_trlocclin,16,5e-05,1,32,1,0.2,lr5e-05_bs16_modL1_fusion32_fusionL1_drop0p2_trmiss80_trlocclin,8,0.6304083814223608,0.7439990043640137,0.5462184873949579,0.7290877205448584,0.5111111111111111,0.0,0.0,0.0,0.0,2002,clin,0.8
2,2,lr5e-05_bs16_modL1_fusion32_fusionL1_drop0p2_trmiss80_trlocclin,16,5e-05,1,32,1,0.2,lr5e-05_bs16_modL1_fusion32_fusionL1_drop0p2_trmiss80_trlocclin,9,0.6092002789179484,0.7253862420717875,0.5672268907563025,0.7447498190809918,0.5333333333333333,0.0,0.0,0.0,0.0,2002,clin,0.8
2,2,lr5e-05_bs16_modL1_fusion32_fusionL1_drop0p2_trmiss80_trlocclin,16,5e-05,1,32,1,0.2,lr5e-05_bs16_modL1_fusion32_fusionL1_drop0p2_trmiss80_trlocclin,10,0.6050721257925034,0.7240987022717794,0.569327731092437,0.7462205858070305,0.5555555555555556,0.0,0.0,0.0,0.0,2002,clin,0.8
2,2,lr5e-05_bs16_modL1_fusion32_fusionL1_drop0p2_trmiss80_trlocclin,16,5e-05,1,32,1,0.2,lr5e-05_bs16_modL1_fusion32_fusionL1_drop0p2_trmiss80_trlocclin,11,0.6207586576541265,0.7278936505317688,0.5567226890756302,0.7331906182117511,0.5333333333333333,0.0,0.0,0.0,0.0,2002,clin,0.8
2,2,lr5e-05_bs16_modL1_fusion32_fusionL1_drop0p2_trmiss80_trlocclin,16,5e-05,1,32,1,0.2,lr5e-05_bs16_modL1_fusion32_fusionL1_drop0p2_trmiss80_trlocclin,12,0.6023265868425369,0.7293774882952372,0.5378151260504201,0.7153041807834828,0.5111111111111111,0.0,0.0,0.0,0.0,2002,clin,0.8
2,2,lr5e-05_bs16_modL1_fusion32_fusionL1_drop0p2_trmiss80_trlocclin,16,5e-05,1,32,1,0.2,lr5e-05_bs16_modL1_fusion32_fusionL1_drop0p2_trmiss80_trlocclin,13,0.6071036209662756,0.7350581089655558,0.5357142857142857,0.7149470851836178,0.4666666666666667,0.0,0.0,0.0,0.0,2002,clin,0.8
2,2,lr5e-05_bs16_modL1_fusion32_fusionL1_drop0p2_trmiss80_trlocclin,16,5e-05,1,32,1,0.2,lr5e-05_bs16_modL1_fusion32_fusionL1_drop0p2_trmiss80_trlocclin,14,0.5708196784059206,0.735640823841095,0.5336134453781513,0.7123825041009592,0.4666666666666667,0.0,0.0,0.0,0.0,2002,clin,0.8
2,2,lr5e-05_bs16_modL1_fusion32_fusionL1_drop0p2_trmiss80_trlocclin,16,5e-05,1,32,1,0.2,lr5e-05_bs16_modL1_fusion32_fusionL1_drop0p2_trmiss80_trlocclin,15,0.5874611039956411,0.7303688526153564,0.5315126050420168,0.7160256277753303,0.4444444444444444,0.0,0.0,0.0,0.0,2002,clin,0.8
2,2,lr5e-05_bs16_modL1_fusion32_fusionL1_drop0p2_trmiss80_trlocclin,16,5e-05,1,32,1,0.2,lr5e-05_bs16_modL1_fusion32_fusionL1_drop0p2_trmiss80_trlocclin,16,0.5856297711531321,0.7318013707796732,0.5294117647058824,0.7120587790514484,0.4666666666666667,0.0,0.0,0.0,0.0,2002,clin,0.8
2,2,lr5e-05_bs16_modL1_fusion32_fusionL1_drop0p2_trmiss80_trlocclin,16,5e-05,1,32,1,0.2,lr5e-05_bs16_modL1_fusion32_fusionL1_drop0p2_trmiss80_trlocclin,17,0.6004541367292404,0.7319995562235514,0.5357142857142858,0.7055571562311826,0.4444444444444444,0.0,0.0,0.0,0.0,2002,clin,0.8
2,2,lr5e-05_bs16_modL1_fusion32_fusionL1_drop0p2_trmiss80_trlocclin,16,5e-05,1,32,1,0.2,lr5e-05_bs16_modL1_fusion32_fusionL1_drop0p2_trmiss80_trlocclin,18,0.5955364108085632,0.7354006171226501,0.5378151260504201,0.7106183529728525,0.4888888888888889,0.0,0.0,0.0,0.0,2002,clin,0.8
2,2,lr5e-05_bs16_modL1_fusion32_fusionL1_drop0p2_trmiss80_trlocclin,16,5e-05,1,32,1,0.2,lr5e-05_bs16_modL1_fusion32_fusionL1_drop0p2_trmiss80_trlocclin,19,0.5817488779624304,0.7287730773289999,0.5336134453781514,0.715596464910455,0.4666666666666667,0.0,0.0,0.0,0.0,2002,clin,0.8
2,2,lr5e-05_bs16_modL1_fusion32_fusionL1_drop0p2_trmiss80_trlocclin,16,5e-05,1,32,1,0.2,lr5e-05_bs16_modL1_fusion32_fusionL1_drop0p2_trmiss80_trlocclin,20,0.5594998349746069,0.723356564839681,0.5546218487394958,0.7249381811646515,0.4666666666666667,0.0,0.0,0.0,0.0,2002,clin,0.8
2,2,lr5e-05_bs16_modL1_fusion32_fusionL1_drop0p2_trmiss80_trlocclin,16,5e-05,1,32,1,0.2,lr5e-05_bs16_modL1_fusion32_fusionL1_drop0p2_trmiss80_trlocclin,21,0.586830069621404,0.7292224367459615,0.5546218487394958,0.7221443583181775,0.4444444444444444,0.0,0.0,0.0,0.0,2002,clin,0.8
2,2,lr5e-05_bs16_modL1_fusion32_fusionL1_drop0p2_trmiss80_trlocclin,16,5e-05,1,32,1,0.2,lr5e-05_bs16_modL1_fusion32_fusionL1_drop0p2_trmiss80_trlocclin,22,0.5827547336618105,0.727577805519104,0.5336134453781513,0.7200678705142326,0.4222222222222222,0.0,0.0,0.0,0.0,2002,clin,0.8
2,2,lr5e-05_bs16_modL1_fusion32_fusionL1_drop0p2_trmiss80_trlocclin,16,5e-05,1,32,1,0.2,lr5e-05_bs16_modL1_fusion32_fusionL1_drop0p2_trmiss80_trlocclin,23,0.5539776136477789,0.7299428383509318,0.5420168067226891,0.7243240395523459,0.4222222222222222,0.0,0.0,0.0,0.0,2002,clin,0.8
2,2,lr5e-05_bs16_modL1_fusion32_fusionL1_drop0p2_trmiss80_trlocclin,16,5e-05,1,32,1,0.2,lr5e-05_bs16_modL1_fusion32_fusionL1_drop0p2_trmiss80_trlocclin,24,0.6056397706270218,0.7360788981119791,0.542016806722689,0.7253755010220916,0.4888888888888889,0.0,0.0,0.0,0.0,2002,clin,0.8
2,2,lr5e-05_bs16_modL1_fusion32_fusionL1_drop0p2_trmiss80_trlocclin,16,5e-05,1,32,1,0.2,lr5e-05_bs16_modL1_fusion32_fusionL1_drop0p2_trmiss80_trlocclin,25,0.5867600118120512,0.7296112974484762,0.5504201680672269,0.7253314570443076,0.4444444444444444,0.0,0.0,0.0,0.0,2002,clin,0.8
2,2,lr5e-05_bs16_modL1_fusion32_fusionL1_drop0p2_trmiss80_trlocclin,16,5e-05,1,32,1,0.2,lr5e-05_bs16_modL1_fusion32_fusionL1_drop0p2_trmiss80_trlocclin,26,0.5905734772483507,0.7316502928733826,0.542016806722689,0.7188365024306782,0.4666666666666667,0.0,0.0,0.0,0.0,2002,clin,0.8
2,2,lr5e-05_bs16_modL1_fusion32_fusionL1_drop0p1_trmiss80_trlocclin,16,5e-05,1,32,1,0.1,lr5e-05_bs16_modL1_fusion32_fusionL1_drop0p1_trmiss80_trlocclin,1,0.7403586010138193,0.703404426574707,0.476890756302521,0.6564483529862527,0.5333333333333333,0.0,0.0,0.0,0.0,2002,clin,0.8
2,2,lr5e-05_bs16_modL1_fusion32_fusionL1_drop0p1_trmiss80_trlocclin,16,5e-05,1,32,1,0.1,lr5e-05_bs16_modL1_fusion32_fusionL1_drop0p1_trmiss80_trlocclin,2,0.6932458927234014,0.7050351500511169,0.5042016806722689,0.6879012551315069,0.4888888888888889,0.0,0.0,0.0,0.0,2002,clin,0.8
2,2,lr5e-05_bs16_modL1_fusion32_fusionL1_drop0p1_trmiss80_trlocclin,16,5e-05,1,32,1,0.1,lr5e-05_bs16_modL1_fusion32_fusionL1_drop0p1_trmiss80_trlocclin,3,0.6905606836080551,0.7128788630167643,0.5252100840336134,0.7186764017872467,0.5333333333333333,0.0,0.0,0.0,0.0,2002,clin,0.8
2,2,lr5e-05_bs16_modL1_fusion32_fusionL1_drop0p1_trmiss80_trlocclin,16,5e-05,1,32,1,0.1,lr5e-05_bs16_modL1_fusion32_fusionL1_drop0p1_trmiss80_trlocclin,4,0.6395531594753265,0.7109295725822449,0.546218487394958,0.7336852621860811,0.5111111111111111,0.0,0.0,0.0,0.0,2002,clin,0.8
2,2,lr5e-05_bs16_modL1_fusion32_fusionL1_drop0p1_trmiss80_trlocclin,16,5e-05,1,32,1,0.1,lr5e-05_bs16_modL1_fusion32_fusionL1_drop0p1_trmiss80_trlocclin,5,0.6404004245996475,0.7202397386233012,0.5378151260504201,0.7017312341343049,0.4888888888888889,0.0,0.0,0.0,0.0,2002,clin,0.8
2,2,lr5e-05_bs16_modL1_fusion32_fusionL1_drop0p1_trmiss80_trlocclin,16,5e-05,1,32,1,0.1,lr5e-05_bs16_modL1_fusion32_fusionL1_drop0p1_trmiss80_trlocclin,6,0.6245677371819814,0.718291441599528,0.5588235294117647,0.7123742490255307,0.5777777777777777,0.0,0.0,0.0,0.0,2002,clin,0.8
2,2,lr5e-05_bs16_modL1_fusion32_fusionL1_drop0p1_trmiss80_trlocclin,16,5e-05,1,32,1,0.1,lr5e-05_bs16_modL1_fusion32_fusionL1_drop0p1_trmiss80_trlocclin,7,0.6011429652571678,0.7264793912569681,0.5525210084033614,0.6868117145750225,0.5333333333333333,0.0,0.0,0.0,0.0,2002,clin,0.8
2,2,lr5e-05_bs16_modL1_fusion32_fusionL1_drop0p1_trmiss80_trlocclin,16,5e-05,1,32,1,0.1,lr5e-05_bs16_modL1_fusion32_fusionL1_drop0p1_trmiss80_trlocclin,8,0.5958135624726614,0.729858934879303,0.5357142857142857,0.6794539173821762,0.5555555555555556,0.0,0.0,0.0,0.0,2002,clin,0.8
2,2,lr5e-05_bs16_modL1_fusion32_fusionL1_drop0p1_trmiss80_trlocclin,16,5e-05,1,32,1,0.1,lr5e-05_bs16_modL1_fusion32_fusionL1_drop0p1_trmiss80_trlocclin,9,0.5700465713938078,0.7308294574419657,0.5378151260504201,0.6914986141587876,0.5333333333333333,0.0,0.0,0.0,0.0,2002,clin,0.8
2,2,lr5e-05_bs16_modL1_fusion32_fusionL1_drop0p1_trmiss80_trlocclin,16,5e-05,1,32,1,0.1,lr5e-05_bs16_modL1_fusion32_fusionL1_drop0p1_trmiss80_trlocclin,10,0.5693331186970075,0.7426966627438863,0.5273109243697478,0.6548035826218784,0.5333333333333333,0.0,0.0,0.0,0.0,2002,clin,0.8
2,2,lr5e-05_bs16_modL1_fusion32_fusionL1_drop0p1_trmiss80_trlocclin,16,5e-05,1,32,1,0.1,lr5e-05_bs16_modL1_fusion32_fusionL1_drop0p1_trmiss80_trlocclin,11,0.5911814495921135,0.7420855363210043,0.5294117647058824,0.6573126526059918,0.5555555555555556,0.0,0.0,0.0,0.0,2002,clin,0.8
2,2,lr5e-05_bs16_modL1_fusion32_fusionL1_drop0p1_trmiss80_trlocclin,16,5e-05,1,32,1,0.1,lr5e-05_bs16_modL1_fusion32_fusionL1_drop0p1_trmiss80_trlocclin,12,0.5537304654717445,0.7346819837888082,0.5336134453781513,0.6990647442221587,0.5555555555555556,0.0,0.0,0.0,0.0,2002,clin,0.8
2,2,lr5e-05_bs16_modL1_fusion32_fusionL1_drop0p1_trmiss80_trlocclin,16,5e-05,1,32,1,0.1,lr5e-05_bs16_modL1_fusion32_fusionL1_drop0p1_trmiss80_trlocclin,13,0.5469666297237078,0.7402969598770142,0.5294117647058824,0.690437849266098,0.4888888888888889,0.0,0.0,0.0,0.0,2002,clin,0.8
2,2,lr5e-05_bs16_modL1_fusion32_fusionL1_drop0p1_trmiss80_trlocclin,16,5e-05,1,32,1,0.1,lr5e-05_bs16_modL1_fusion32_fusionL1_drop0p1_trmiss80_trlocclin,14,0.5621152222156525,0.7383087873458862,0.5399159663865546,0.6964919687857091,0.5333333333333333,0.0,0.0,0.0,0.0,2002,clin,0.8
2,2,lr5e-05_bs16_modL1_fusion32_fusionL1_drop0p1_trmiss80_trlocclin,16,5e-05,1,32,1,0.1,lr5e-05_bs16_modL1_fusion32_fusionL1_drop0p1_trmiss80_trlocclin,15,0.5442610532045364,0.7367456952730814,0.5315126050420168,0.6979108638675955,0.5555555555555556,0.0,0.0,0.0,0.0,2002,clin,0.8
2,2,lr5e-05_bs16_modL1_fusion32_fusionL1_drop0p1_trmiss80_trlocclin,16,5e-05,1,32,1,0.1,lr5e-05_bs16_modL1_fusion32_fusionL1_drop0p1_trmiss80_trlocclin,16,0.5527094999949137,0.7506937384605408,0.5126050420168067,0.6744409096977299,0.5111111111111111,0.0,0.0,0.0,0.0,2002,clin,0.8
2,2,lr5e-05_bs16_modL1_fusion32_fusionL1_drop0p1_trmiss80_trlocclin,16,5e-05,1,32,1,0.1,lr5e-05_bs16_modL1_fusion32_fusionL1_drop0p1_trmiss80_trlocclin,17,0.5302833169698715,0.7505436738332113,0.51890756302521,0.6790834485314451,0.5333333333333333,0.0,0.0,0.0,0.0,2002,clin,0.8
2,2,lr5e-05_bs16_modL1_fusion32_fusionL1_drop0p1_trmiss80_trlocclin,16,5e-05,1,32,1,0.1,lr5e-05_bs16_modL1_fusion32_fusionL1_drop0p1_trmiss80_trlocclin,18,0.5271156455079714,0.7418470780054728,0.5357142857142857,0.6978101032798795,0.5333333333333333,0.0,0.0,0.0,0.0,2002,clin,0.8
2,2,lr5e-05_bs16_modL1_fusion32_fusionL1_drop0p1_trmiss80_trlocclin,16,5e-05,1,32,1,0.1,lr5e-05_bs16_modL1_fusion32_fusionL1_drop0p1_trmiss80_trlocclin,19,0.5261157775918642,0.7465979258219401,0.5357142857142857,0.6917203981670651,0.4888888888888889,0.0,0.0,0.0,0.0,2002,clin,0.8
2,2,lr5e-05_bs16_modL1_fusion32_fusionL1_drop0p1_trmiss80_trlocclin,16,5e-05,1,32,1,0.1,lr5e-05_bs16_modL1_fusion32_fusionL1_drop0p1_trmiss80_trlocclin,20,0.532984067996343,0.739849587281545,0.5336134453781513,0.677952331608301,0.5333333333333333,0.0,0.0,0.0,0.0,2002,clin,0.8
2,2,lr5e-05_bs16_modL1_fusion32_fusionL1_drop0p1_trmiss80_trlocclin,16,5e-05,1,32,1,0.1,lr5e-05_bs16_modL1_fusion32_fusionL1_drop0p1_trmiss80_trlocclin,21,0.5176835308472315,0.7407737572987875,0.5294117647058824,0.6764857915038871,0.4888888888888889,0.0,0.0,0.0,0.0,2002,clin,0.8
2,2,lr5e-05_bs16_modL1_fusion32_fusionL1_drop0p1_trmiss80_trlocclin,16,5e-05,1,32,1,0.1,lr5e-05_bs16_modL1_fusion32_fusionL1_drop0p1_trmiss80_trlocclin,22,0.5378252267837524,0.7481734355290731,0.5252100840336135,0.6699491271313837,0.5111111111111111,0.0,0.0,0.0,0.0,2002,clin,0.8
2,2,lr5e-05_bs16_modL1_fusion32_fusionL1_drop0p1_trmiss80_trlocclin,16,5e-05,1,32,1,0.1,lr5e-05_bs16_modL1_fusion32_fusionL1_drop0p1_trmiss80_trlocclin,23,0.5343091934919357,0.7529207269350687,0.5210084033613446,0.6653983949925555,0.5111111111111111,0.0,0.0,0.0,0.0,2002,clin,0.8
2,2,lr5e-05_bs16_modL1_fusion32_fusionL1_drop0p1_trmiss80_trlocclin,16,5e-05,1,32,1,0.1,lr5e-05_bs16_modL1_fusion32_fusionL1_drop0p1_trmiss80_trlocclin,24,0.5183648963769277,0.7470888296763102,0.523109243697479,0.6712425214538124,0.5111111111111111,0.0,0.0,0.0,0.0,2002,clin,0.8
2,2,lr5e-05_bs16_modL1_fusion32_fusionL1_drop0p1_trmiss80_trlocclin,16,5e-05,1,32,1,0.1,lr5e-05_bs16_modL1_fusion32_fusionL1_drop0p1_trmiss80_trlocclin,25,0.5221587494015694,0.7471161882082621,0.51890756302521,0.6634510405076459,0.5333333333333333,0.0,0.0,0.0,0.0,2002,clin,0.8
2,2,lr5e-05_bs16_modL1_fusion32_fusionL1_drop0p1_trmiss80_trlocclin,16,5e-05,1,32,1,0.1,lr5e-05_bs16_modL1_fusion32_fusionL1_drop0p1_trmiss80_trlocclin,26,0.5140343780318896,0.7454626758893331,0.5252100840336134,0.6753075087894193,0.5111111111111111,0.0,0.0,0.0,0.0,2002,clin,0.8
2,2,lr5e-05_bs16_modL1_fusion64_fusionL1_drop0p2_trmiss80_trlocclin,16,5e-05,1,64,1,0.2,lr5e-05_bs16_modL1_fusion64_fusionL1_drop0p2_trmiss80_trlocclin,1,0.6734979003667831,0.6909974813461304,0.39915966386554613,0.6262250799131509,0.5111111111111111,0.0,0.0,0.0,0.0,2002,clin,0.8
2,2,lr5e-05_bs16_modL1_fusion64_fusionL1_drop0p2_trmiss80_trlocclin,16,5e-05,1,64,1,0.2,lr5e-05_bs16_modL1_fusion64_fusionL1_drop0p2_trmiss80_trlocclin,2,0.6805121501286825,0.6934135754903158,0.41596638655462187,0.6454785478233604,0.4444444444444444,0.0,0.0,0.0,0.0,2002,clin,0.8
2,2,lr5e-05_bs16_modL1_fusion64_fusionL1_drop0p2_trmiss80_trlocclin,16,5e-05,1,64,1,0.2,lr5e-05_bs16_modL1_fusion64_fusionL1_drop0p2_trmiss80_trlocclin,3,0.6282638063033422,0.691692590713501,0.40756302521008403,0.6557621899485718,0.4666666666666667,0.0,0.0,0.0,0.0,2002,clin,0.8
2,2,lr5e-05_bs16_modL1_fusion64_fusionL1_drop0p2_trmiss80_trlocclin,16,5e-05,1,64,1,0.2,lr5e-05_bs16_modL1_fusion64_fusionL1_drop0p2_trmiss80_trlocclin,4,0.644639641046524,0.6930644512176514,0.40336134453781514,0.6443463132184842,0.4888888888888889,0.0,0.0,0.0,0.0,2002,clin,0.8
2,2,lr5e-05_bs16_modL1_fusion64_fusionL1_drop0p2_trmiss80_trlocclin,16,5e-05,1,64,1,0.2,lr5e-05_bs16_modL1_fusion64_fusionL1_drop0p2_trmiss80_trlocclin,5,0.6406108389298121,0.687911868095398,0.4432773109243697,0.6717740146125128,0.5111111111111111,0.0,0.0,0.0,0.0,2002,clin,0.8
2,2,lr5e-05_bs16_modL1_fusion64_fusionL1_drop0p2_trmiss80_trlocclin,16,5e-05,1,64,1,0.2,lr5e-05_bs16_modL1_fusion64_fusionL1_drop0p2_trmiss80_trlocclin,6,0.6105477958917618,0.6895038684209188,0.4558823529411764,0.6732785048069759,0.5333333333333333,0.0,0.0,0.0,0.0,2002,clin,0.8
2,2,lr5e-05_bs16_modL1_fusion64_fusionL1_drop0p2_trmiss80_trlocclin,16,5e-05,1,64,1,0.2,lr5e-05_bs16_modL1_fusion64_fusionL1_drop0p2_trmiss80_trlocclin,7,0.6009770681460699,0.6835415959358215,0.47268907563025214,0.6685113686691364,0.5111111111111111,0.0,0.0,0.0,0.0,2002,clin,0.8
2,2,lr5e-05_bs16_modL1_fusion64_fusionL1_drop0p2_trmiss80_trlocclin,16,5e-05,1,64,1,0.2,lr5e-05_bs16_modL1_fusion64_fusionL1_drop0p2_trmiss80_trlocclin,8,0.5868095904588699,0.6846840778986613,0.476890756302521,0.6689321712287408,0.5111111111111111,0.0,0.0,0.0,0.0,2002,clin,0.8
2,2,lr5e-05_bs16_modL1_fusion64_fusionL1_drop0p2_trmiss80_trlocclin,16,5e-05,1,64,1,0.2,lr5e-05_bs16_modL1_fusion64_fusionL1_drop0p2_trmiss80_trlocclin,9,0.5899496873219808,0.6830806533495585,0.5,0.6718311128312107,0.5555555555555556,0.0,0.0,0.0,0.0,2002,clin,0.8
2,2,lr5e-05_bs16_modL1_fusion64_fusionL1_drop0p2_trmiss80_trlocclin,16,5e-05,1,64,1,0.2,lr5e-05_bs16_modL1_fusion64_fusionL1_drop0p2_trmiss80_trlocclin,10,0.5875085095564524,0.6853272716204325,0.48949579831932777,0.6663878546764797,0.5111111111111111,0.0,0.0,0.0,0.0,2002,clin,0.8
2,2,lr5e-05_bs16_modL1_fusion64_fusionL1_drop0p2_trmiss80_trlocclin,16,5e-05,1,64,1,0.2,lr5e-05_bs16_modL1_fusion64_fusionL1_drop0p2_trmiss80_trlocclin,11,0.5625882893800735,0.6864016254742941,0.5105042016806722,0.6682023299047994,0.5555555555555556,0.0,0.0,0.0,0.0,2002,clin,0.8
2,2,lr5e-05_bs16_modL1_fusion64_fusionL1_drop0p2_trmiss80_trlocclin,16,5e-05,1,64,1,0.2,lr5e-05_bs16_modL1_fusion64_fusionL1_drop0p2_trmiss80_trlocclin,12,0.565875788529714,0.6890483697255453,0.5063025210084033,0.6651198707047317,0.6,0.0,0.0,0.0,0.0,2002,clin,0.8
2,2,lr5e-05_bs16_modL1_fusion64_fusionL1_drop0p2_trmiss80_trlocclin,16,5e-05,1,64,1,0.2,lr5e-05_bs16_modL1_fusion64_fusionL1_drop0p2_trmiss80_trlocclin,13,0.5555312832196554,0.6912644306818644,0.5021008403361344,0.676655200742645,0.5333333333333333,0.0,0.0,0.0,0.0,2002,clin,0.8
2,2,lr5e-05_bs16_modL1_fusion64_fusionL1_drop0p2_trmiss80_trlocclin,16,5e-05,1,64,1,0.2,lr5e-05_bs16_modL1_fusion64_fusionL1_drop0p2_trmiss80_trlocclin,14,0.5647652049859365,0.6891083518664042,0.5084033613445378,0.6683330257160249,0.6,0.0,0.0,0.0,0.0,2002,clin,0.8
2,2,lr5e-05_bs16_modL1_fusion64_fusionL1_drop0p2_trmiss80_trlocclin,16,5e-05,1,64,1,0.2,lr5e-05_bs16_modL1_fusion64_fusionL1_drop0p2_trmiss80_trlocclin,15,0.5480328500270844,0.6900479197502136,0.5042016806722689,0.6711724464737585,0.6222222222222222,0.0,0.0,0.0,0.0,2002,clin,0.8
2,2,lr5e-05_bs16_modL1_fusion64_fusionL1_drop0p2_trmiss80_trlocclin,16,5e-05,1,64,1,0.2,lr5e-05_bs16_modL1_fusion64_fusionL1_drop0p2_trmiss80_trlocclin,16,0.527644120156765,0.6878743767738342,0.5210084033613445,0.6803879803070618,0.6,0.0,0.0,0.0,0.0,2002,clin,0.8
2,2,lr5e-05_bs16_modL1_fusion64_fusionL1_drop0p2_trmiss80_trlocclin,16,5e-05,1,64,1,0.2,lr5e-05_bs16_modL1_fusion64_fusionL1_drop0p2_trmiss80_trlocclin,17,0.5259528532624245,0.6951064268747965,0.49159663865546216,0.6623863564639217,0.5555555555555556,0.0,0.0,0.0,0.0,2002,clin,0.8
2,2,lr5e-05_bs16_modL1_fusion64_fusionL1_drop0p2_trmiss80_trlocclin,16,5e-05,1,64,1,0.2,lr5e-05_bs16_modL1_fusion64_fusionL1_drop0p2_trmiss80_trlocclin,18,0.5273454238971075,0.6922022700309753,0.5168067226890757,0.682545924025372,0.5555555555555556,0.0,0.0,0.0,0.0,2002,clin,0.8
2,2,lr5e-05_bs16_modL1_fusion64_fusionL1_drop0p2_trmiss80_trlocclin,16,5e-05,1,64,1,0.2,lr5e-05_bs16_modL1_fusion64_fusionL1_drop0p2_trmiss80_trlocclin,19,0.5253647292653719,0.6880635221799215,0.5336134453781513,0.6889882542794725,0.5777777777777777,0.0,0.0,0.0,0.0,2002,clin,0.8
2,2,lr5e-05_bs16_modL1_fusion64_fusionL1_drop0p2_trmiss80_trlocclin,16,5e-05,1,64,1,0.2,lr5e-05_bs16_modL1_fusion64_fusionL1_drop0p2_trmiss80_trlocclin,20,0.5292133440574011,0.6877386569976807,0.5252100840336135,0.6868983658734247,0.5777777777777777,0.0,0.0,0.0,0.0,2002,clin,0.8
2,2,lr5e-05_bs16_modL1_fusion64_fusionL1_drop0p2_trmiss80_trlocclin,16,5e-05,1,64,1,0.2,lr5e-05_bs16_modL1_fusion64_fusionL1_drop0p2_trmiss80_trlocclin,21,0.5113335351149241,0.6833741068840027,0.5315126050420168,0.7016321538214982,0.6,0.0,0.0,0.0,0.0,2002,clin,0.8
2,2,lr5e-05_bs16_modL1_fusion64_fusionL1_drop0p2_trmiss80_trlocclin,16,5e-05,1,64,1,0.2,lr5e-05_bs16_modL1_fusion64_fusionL1_drop0p2_trmiss80_trlocclin,22,0.5019278700153033,0.6843226552009583,0.5357142857142857,0.692687061855093,0.5777777777777777,0.0,0.0,0.0,0.0,2002,clin,0.8
2,2,lr5e-05_bs16_modL1_fusion64_fusionL1_drop0p2_trmiss80_trlocclin,16,5e-05,1,64,1,0.2,lr5e-05_bs16_modL1_fusion64_fusionL1_drop0p2_trmiss80_trlocclin,23,0.539005920290947,0.6874639789263407,0.5252100840336134,0.6874387353848906,0.5777777777777777,0.0,0.0,0.0,0.0,2002,clin,0.8
2,2,lr5e-05_bs16_modL1_fusion64_fusionL1_drop0p2_trmiss80_trlocclin,16,5e-05,1,64,1,0.2,lr5e-05_bs16_modL1_fusion64_fusionL1_drop0p2_trmiss80_trlocclin,24,0.5045980115731558,0.6891461213429769,0.5231092436974789,0.6840547203648462,0.5777777777777777,0.0,0.0,0.0,0.0,2002,clin,0.8
2,2,lr5e-05_bs16_modL1_fusion64_fusionL1_drop0p2_trmiss80_trlocclin,16,5e-05,1,64,1,0.2,lr5e-05_bs16_modL1_fusion64_fusionL1_drop0p2_trmiss80_trlocclin,25,0.49739662806193036,0.6907419164975485,0.523109243697479,0.6831645574736329,0.5777777777777777,0.0,0.0,0.0,0.0,2002,clin,0.8
2,2,lr5e-05_bs16_modL1_fusion64_fusionL1_drop0p2_trmiss80_trlocclin,16,5e-05,1,64,1,0.2,lr5e-05_bs16_modL1_fusion64_fusionL1_drop0p2_trmiss80_trlocclin,26,0.4971938232580821,0.6865785717964172,0.5231092436974789,0.6827239718861087,0.6222222222222222,0.0,0.0,0.0,0.0,2002,clin,0.8
2,2,lr5e-05_bs16_modL1_fusion64_fusionL1_drop0p2_trmiss80_trlocclin,16,5e-05,1,64,1,0.2,lr5e-05_bs16_modL1_fusion64_fusionL1_drop0p2_trmiss80_trlocclin,27,0.5296334226926168,0.6811435023943583,0.546218487394958,0.6908697284996219,0.6222222222222222,0.0,0.0,0.0,0.0,2002,clin,0.8
2,2,lr5e-05_bs16_modL1_fusion64_fusionL1_drop0p2_trmiss80_trlocclin,16,5e-05,1,64,1,0.2,lr5e-05_bs16_modL1_fusion64_fusionL1_drop0p2_trmiss80_trlocclin,28,0.5141350477933884,0.6878086924552917,0.5273109243697479,0.6762390913887122,0.6,0.0,0.0,0.0,0.0,2002,clin,0.8
2,2,lr5e-05_bs16_modL1_fusion64_fusionL1_drop0p2_trmiss80_trlocclin,16,5e-05,1,64,1,0.2,lr5e-05_bs16_modL1_fusion64_fusionL1_drop0p2_trmiss80_trlocclin,29,0.5042336160937945,0.6905700365702311,0.5336134453781513,0.677702907769776,0.6222222222222222,0.0,0.0,0.0,0.0,2002,clin,0.8
2,2,lr5e-05_bs16_modL1_fusion64_fusionL1_drop0p2_trmiss80_trlocclin,16,5e-05,1,64,1,0.2,lr5e-05_bs16_modL1_fusion64_fusionL1_drop0p2_trmiss80_trlocclin,30,0.49961887300014496,0.6925952434539795,0.5336134453781513,0.6841971974575112,0.5777777777777777,0.0,0.0,0.0,0.0,2002,clin,0.8
2,2,lr5e-05_bs16_modL1_fusion64_fusionL1_drop0p2_trmiss80_trlocclin,16,5e-05,1,64,1,0.2,lr5e-05_bs16_modL1_fusion64_fusionL1_drop0p2_trmiss80_trlocclin,31,0.49408573657274246,0.6924852728843689,0.5357142857142857,0.6823836281723468,0.6,0.0,0.0,0.0,0.0,2002,clin,0.8
2,2,lr5e-05_bs16_modL1_fusion64_fusionL1_drop0p2_trmiss80_trlocclin,16,5e-05,1,64,1,0.2,lr5e-05_bs16_modL1_fusion64_fusionL1_drop0p2_trmiss80_trlocclin,32,0.4831305916110675,0.6895187894503275,0.5378151260504201,0.6770335178008504,0.5777777777777777,0.0,0.0,0.0,0.0,2002,clin,0.8
2,2,lr5e-05_bs16_modL1_fusion64_fusionL1_drop0p2_trmiss80_trlocclin,16,5e-05,1,64,1,0.2,lr5e-05_bs16_modL1_fusion64_fusionL1_drop0p2_trmiss80_trlocclin,33,0.5014260138074557,0.6841039061546326,0.5567226890756303,0.6963129159896384,0.5777777777777777,0.0,0.0,0.0,0.0,2002,clin,0.8
2,2,lr5e-05_bs16_modL1_fusion64_fusionL1_drop0p2_trmiss80_trlocclin,16,5e-05,1,64,1,0.2,lr5e-05_bs16_modL1_fusion64_fusionL1_drop0p2_trmiss80_trlocclin,34,0.4889638101061185,0.6864143013954163,0.5315126050420167,0.6780447027214253,0.6222222222222222,0.0,0.0,0.0,0.0,2002,clin,0.8
2,2,lr5e-05_bs16_modL1_fusion64_fusionL1_drop0p2_trmiss80_trlocclin,16,5e-05,1,64,1,0.2,lr5e-05_bs16_modL1_fusion64_fusionL1_drop0p2_trmiss80_trlocclin,35,0.490159605940183,0.6859947244326273,0.5336134453781513,0.6863949947647183,0.6222222222222222,0.0,0.0,0.0,0.0,2002,clin,0.8
2,2,lr5e-05_bs16_modL1_fusion64_fusionL1_drop0p2_trmiss80_trlocclin,16,5e-05,1,64,1,0.2,lr5e-05_bs16_modL1_fusion64_fusionL1_drop0p2_trmiss80_trlocclin,36,0.4837636773784955,0.6880325873692831,0.51890756302521,0.6672435732091155,0.5777777777777777,0.0,0.0,0.0,0.0,2002,clin,0.8
2,2,lr5e-05_bs16_modL1_fusion64_fusionL1_drop0p2_trmiss80_trlocclin,16,5e-05,1,64,1,0.2,lr5e-05_bs16_modL1_fusion64_fusionL1_drop0p2_trmiss80_trlocclin,37,0.4810047745704651,0.6840139627456665,0.5462184873949579,0.6925720905382867,0.5777777777777777,0.0,0.0,0.0,0.0,2002,clin,0.8
2,2,lr5e-05_bs16_modL1_fusion64_fusionL1_drop0p2_trmiss80_trlocclin,16,5e-05,1,64,1,0.2,lr5e-05_bs16_modL1_fusion64_fusionL1_drop0p2_trmiss80_trlocclin,38,0.4742775037884712,0.6893319090207418,0.542016806722689,0.6858065322483382,0.5777777777777777,0.0,0.0,0.0,0.0,2002,clin,0.8
2,2,lr5e-05_bs16_modL1_fusion64_fusionL1_drop0p2_trmiss80_trlocclin,16,5e-05,1,64,1,0.2,lr5e-05_bs16_modL1_fusion64_fusionL1_drop0p2_trmiss80_trlocclin,39,0.4743094767133395,0.6893172264099121,0.5441176470588236,0.6834785942267453,0.6,0.0,0.0,0.0,0.0,2002,clin,0.8
2,2,lr5e-05_bs16_modL1_fusion64_fusionL1_drop0p2_trmiss80_trlocclin,16,5e-05,1,64,1,0.2,lr5e-05_bs16_modL1_fusion64_fusionL1_drop0p2_trmiss80_trlocclin,40,0.4958219478527705,0.6963833173116049,0.5294117647058822,0.6751569124578585,0.6,0.0,0.0,0.0,0.0,2002,clin,0.8
2,2,lr5e-05_bs16_modL1_fusion64_fusionL1_drop0p2_trmiss80_trlocclin,16,5e-05,1,64,1,0.2,lr5e-05_bs16_modL1_fusion64_fusionL1_drop0p2_trmiss80_trlocclin,41,0.4868352661530177,0.6959057450294495,0.5378151260504201,0.6812052827429076,0.6222222222222222,0.0,0.0,0.0,0.0,2002,clin,0.8
2,2,lr5e-05_bs16_modL1_fusion64_fusionL1_drop0p2_trmiss80_trlocclin,16,5e-05,1,64,1,0.2,lr5e-05_bs16_modL1_fusion64_fusionL1_drop0p2_trmiss80_trlocclin,42,0.48985663304726285,0.6911119620005289,0.51890756302521,0.6678174302180581,0.6,0.0,0.0,0.0,0.0,2002,clin,0.8
2,2,lr5e-05_bs16_modL1_fusion64_fusionL1_drop0p2_trmiss80_trlocclin,16,5e-05,1,64,1,0.2,lr5e-05_bs16_modL1_fusion64_fusionL1_drop0p2_trmiss80_trlocclin,43,0.4755415841937065,0.6878781914710999,0.5462184873949579,0.6855356884182284,0.6,0.0,0.0,0.0,0.0,2002,clin,0.8
2,2,lr5e-05_bs16_modL1_fusion64_fusionL1_drop0p2_trmiss80_trlocclin,16,5e-05,1,64,1,0.2,lr5e-05_bs16_modL1_fusion64_fusionL1_drop0p2_trmiss80_trlocclin,44,0.4798961703975995,0.6806795001029968,0.5546218487394958,0.6896777608029574,0.6444444444444445,0.0,0.0,0.0,0.0,2002,clin,0.8
2,2,lr5e-05_bs16_modL1_fusion64_fusionL1_drop0p2_trmiss80_trlocclin,16,5e-05,1,64,1,0.2,lr5e-05_bs16_modL1_fusion64_fusionL1_drop0p2_trmiss80_trlocclin,45,0.47366832941770554,0.6912854115168253,0.5231092436974789,0.6722486114723722,0.6,0.0,0.0,0.0,0.0,2002,clin,0.8
2,2,lr5e-05_bs16_modL1_fusion64_fusionL1_drop0p2_trmiss80_trlocclin,16,5e-05,1,64,1,0.2,lr5e-05_bs16_modL1_fusion64_fusionL1_drop0p2_trmiss80_trlocclin,46,0.47986068824927014,0.6930680871009827,0.5378151260504201,0.6842414553659308,0.6222222222222222,0.0,0.0,0.0,0.0,2002,clin,0.8
2,2,lr5e-05_bs16_modL1_fusion64_fusionL1_drop0p2_trmiss80_trlocclin,16,5e-05,1,64,1,0.2,lr5e-05_bs16_modL1_fusion64_fusionL1_drop0p2_trmiss80_trlocclin,47,0.49840593586365384,0.6825547417004904,0.5483193277310925,0.6917772406272801,0.6222222222222222,0.0,0.0,0.0,0.0,2002,clin,0.8
2,2,lr5e-05_bs16_modL1_fusion64_fusionL1_drop0p2_trmiss80_trlocclin,16,5e-05,1,64,1,0.2,lr5e-05_bs16_modL1_fusion64_fusionL1_drop0p2_trmiss80_trlocclin,48,0.479418305059274,0.6814025441805521,0.5525210084033614,0.6862981830895672,0.6222222222222222,0.0,0.0,0.0,0.0,2002,clin,0.8
2,2,lr5e-05_bs16_modL1_fusion64_fusionL1_drop0p2_trmiss80_trlocclin,16,5e-05,1,64,1,0.2,lr5e-05_bs16_modL1_fusion64_fusionL1_drop0p2_trmiss80_trlocclin,49,0.4907851169506709,0.6933860381444296,0.523109243697479,0.6702383564066755,0.6222222222222222,0.0,0.0,0.0,0.0,2002,clin,0.8
2,2,lr5e-05_bs16_modL1_fusion64_fusionL1_drop0p2_trmiss80_trlocclin,16,5e-05,1,64,1,0.2,lr5e-05_bs16_modL1_fusion64_fusionL1_drop0p2_trmiss80_trlocclin,50,0.47883714487155277,0.6840636332829794,0.5609243697478992,0.6940687216304584,0.6222222222222222,0.0,0.0,0.0,0.0,2002,clin,0.8
2,2,lr5e-05_bs16_modL1_fusion64_fusionL1_drop0p2_trmiss80_trlocclin,16,5e-05,1,64,1,0.2,lr5e-05_bs16_modL1_fusion64_fusionL1_drop0p2_trmiss80_trlocclin,51,0.4998435005545616,0.6920341451962789,0.5504201680672269,0.6904478259140221,0.6222222222222222,0.0,0.0,0.0,0.0,2002,clin,0.8
2,2,lr5e-05_bs16_modL1_fusion64_fusionL1_drop0p2_trmiss80_trlocclin,16,5e-05,1,64,1,0.2,lr5e-05_bs16_modL1_fusion64_fusionL1_drop0p2_trmiss80_trlocclin,52,0.472117118537426,0.6814606587092081,0.5441176470588236,0.6798689711697423,0.6222222222222222,0.0,0.0,0.0,0.0,2002,clin,0.8
2,2,lr5e-05_bs16_modL1_fusion64_fusionL1_drop0p2_trmiss80_trlocclin,16,5e-05,1,64,1,0.2,lr5e-05_bs16_modL1_fusion64_fusionL1_drop0p2_trmiss80_trlocclin,53,0.51102364808321,0.6849889556566874,0.542016806722689,0.6806307312333137,0.6,0.0,0.0,0.0,0.0,2002,clin,0.8
2,2,lr5e-05_bs16_modL1_fusion64_fusionL1_drop0p2_trmiss80_trlocclin,16,5e-05,1,64,1,0.2,lr5e-05_bs16_modL1_fusion64_fusionL1_drop0p2_trmiss80_trlocclin,54,0.47524472574392956,0.6924719015757242,0.5294117647058822,0.6744723227204739,0.6,0.0,0.0,0.0,0.0,2002,clin,0.8
2,2,lr5e-05_bs16_modL1_fusion64_fusionL1_drop0p2_trmiss80_trlocclin,16,5e-05,1,64,1,0.2,lr5e-05_bs16_modL1_fusion64_fusionL1_drop0p2_trmiss80_trlocclin,55,0.47902819514274597,0.6853835185368856,0.5210084033613445,0.671868144706752,0.5777777777777777,0.0,0.0,0.0,0.0,2002,clin,0.8
2,2,lr5e-05_bs16_modL1_fusion64_fusionL1_drop0p2_trmiss80_trlocclin,16,5e-05,1,64,1,0.2,lr5e-05_bs16_modL1_fusion64_fusionL1_drop0p2_trmiss80_trlocclin,56,0.48050719251235324,0.6888333956400553,0.5357142857142857,0.6845258580353331,0.6222222222222222,0.0,0.0,0.0,0.0,2002,clin,0.8
2,2,lr5e-05_bs16_modL1_fusion64_fusionL1_drop0p2_trmiss80_trlocclin,16,5e-05,1,64,1,0.2,lr5e-05_bs16_modL1_fusion64_fusionL1_drop0p2_trmiss80_trlocclin,57,0.4694012875358264,0.6899503270785013,0.5252100840336134,0.6727305861961286,0.6222222222222222,0.0,0.0,0.0,0.0,2002,clin,0.8
2,2,lr5e-05_bs16_modL1_fusion64_fusionL1_drop0p2_trmiss80_trlocclin,16,5e-05,1,64,1,0.2,lr5e-05_bs16_modL1_fusion64_fusionL1_drop0p2_trmiss80_trlocclin,58,0.4763399784763654,0.6961838603019714,0.5294117647058822,0.6792310164077389,0.6222222222222222,0.0,0.0,0.0,0.0,2002,clin,0.8
2,2,lr5e-05_bs16_modL1_fusion64_fusionL1_drop0p2_trmiss80_trlocclin,16,5e-05,1,64,1,0.2,lr5e-05_bs16_modL1_fusion64_fusionL1_drop0p2_trmiss80_trlocclin,59,0.47649039328098297,0.6978197892506918,0.5315126050420168,0.6723149775689745,0.6222222222222222,0.0,0.0,0.0,0.0,2002,clin,0.8
2,2,lr5e-05_bs16_modL1_fusion64_fusionL1_drop0p2_trmiss80_trlocclin,16,5e-05,1,64,1,0.2,lr5e-05_bs16_modL1_fusion64_fusionL1_drop0p2_trmiss80_trlocclin,60,0.45504320164521533,0.6903704802195231,0.5294117647058824,0.6711544676666612,0.6222222222222222,0.0,0.0,0.0,0.0,2002,clin,0.8
2,2,lr5e-05_bs16_modL1_fusion64_fusionL1_drop0p2_trmiss80_trlocclin,16,5e-05,1,64,1,0.2,lr5e-05_bs16_modL1_fusion64_fusionL1_drop0p2_trmiss80_trlocclin,61,0.49050437410672504,0.6902690728505453,0.5399159663865546,0.6774425141795505,0.6,0.0,0.0,0.0,0.0,2002,clin,0.8
2,2,lr5e-05_bs16_modL1_fusion64_fusionL1_drop0p2_trmiss80_trlocclin,16,5e-05,1,64,1,0.2,lr5e-05_bs16_modL1_fusion64_fusionL1_drop0p2_trmiss80_trlocclin,62,0.49543104072411853,0.689824382464091,0.5483193277310924,0.6877408731158485,0.6,0.0,0.0,0.0,0.0,2002,clin,0.8
2,2,lr5e-05_bs16_modL1_fusion64_fusionL1_drop0p2_trmiss80_trlocclin,16,5e-05,1,64,1,0.2,lr5e-05_bs16_modL1_fusion64_fusionL1_drop0p2_trmiss80_trlocclin,63,0.4642600119113922,0.6957443555196127,0.5357142857142857,0.6829489651256876,0.6444444444444445,0.0,0.0,0.0,0.0,2002,clin,0.8
2,2,lr5e-05_bs16_modL1_fusion64_fusionL1_drop0p2_trmiss80_trlocclin,16,5e-05,1,64,1,0.2,lr5e-05_bs16_modL1_fusion64_fusionL1_drop0p2_trmiss80_trlocclin,64,0.4928930153449376,0.685627818107605,0.542016806722689,0.6868145439912665,0.6222222222222222,0.0,0.0,0.0,0.0,2002,clin,0.8
2,2,lr5e-05_bs16_modL1_fusion64_fusionL1_drop0p2_trmiss80_trlocclin,16,5e-05,1,64,1,0.2,lr5e-05_bs16_modL1_fusion64_fusionL1_drop0p2_trmiss80_trlocclin,65,0.46191435555617016,0.6876608729362488,0.5567226890756303,0.6933063180375976,0.6,0.0,0.0,0.0,0.0,2002,clin,0.8
2,2,lr5e-05_bs16_modL1_fusion64_fusionL1_drop0p2_trmiss80_trlocclin,16,5e-05,1,64,1,0.2,lr5e-05_bs16_modL1_fusion64_fusionL1_drop0p2_trmiss80_trlocclin,66,0.46893767019112903,0.69123375415802,0.5294117647058822,0.6805169524908983,0.6,0.0,0.0,0.0,0.0,2002,clin,0.8
2,2,lr5e-05_bs16_modL1_fusion64_fusionL1_drop0p2_trmiss80_trlocclin,16,5e-05,1,64,1,0.2,lr5e-05_bs16_modL1_fusion64_fusionL1_drop0p2_trmiss80_trlocclin,67,0.47134925425052643,0.6927389899889628,0.5252100840336134,0.6767378254554687,0.6222222222222222,0.0,0.0,0.0,0.0,2002,clin,0.8
2,2,lr5e-05_bs16_modL1_fusion64_fusionL1_drop0p2_trmiss80_trlocclin,16,5e-05,1,64,1,0.2,lr5e-05_bs16_modL1_fusion64_fusionL1_drop0p2_trmiss80_trlocclin,68,0.47863300889730453,0.6865331530570984,0.542016806722689,0.6876817194714451,0.5777777777777777,0.0,0.0,0.0,0.0,2002,clin,0.8
2,2,lr5e-05_bs16_modL1_fusion64_fusionL1_drop0p2_trmiss80_trlocclin,16,5e-05,1,64,1,0.2,lr5e-05_bs16_modL1_fusion64_fusionL1_drop0p2_trmiss80_trlocclin,69,0.46980594595273334,0.6934480468432108,0.5273109243697478,0.676993151564832,0.6,0.0,0.0,0.0,0.0,2002,clin,0.8
2,2,lr5e-05_bs16_modL1_fusion64_fusionL1_drop0p2_trmiss80_trlocclin,16,5e-05,1,64,1,0.2,lr5e-05_bs16_modL1_fusion64_fusionL1_drop0p2_trmiss80_trlocclin,70,0.4716741144657135,0.6958922743797302,0.5273109243697479,0.6723803670570896,0.6444444444444445,0.0,0.0,0.0,0.0,2002,clin,0.8
2,2,lr5e-05_bs16_modL1_fusion64_fusionL1_drop0p1_trmiss80_trlocclin,16,5e-05,1,64,1,0.1,lr5e-05_bs16_modL1_fusion64_fusionL1_drop0p1_trmiss80_trlocclin,1,0.7250456561644872,0.7061222990353903,0.5483193277310924,0.6696360828414317,0.37777777777777777,0.0,0.0,0.0,0.0,2002,clin,0.8
2,2,lr5e-05_bs16_modL1_fusion64_fusionL1_drop0p1_trmiss80_trlocclin,16,5e-05,1,64,1,0.1,lr5e-05_bs16_modL1_fusion64_fusionL1_drop0p1_trmiss80_trlocclin,2,0.6953236013650894,0.7003659208615621,0.5882352941176471,0.6988372145514187,0.4,0.0,0.0,0.0,0.0,2002,clin,0.8
2,2,lr5e-05_bs16_modL1_fusion64_fusionL1_drop0p1_trmiss80_trlocclin,16,5e-05,1,64,1,0.1,lr5e-05_bs16_modL1_fusion64_fusionL1_drop0p1_trmiss80_trlocclin,3,0.6647575497627258,0.7125776608784994,0.523109243697479,0.655081069464209,0.4,0.0,0.0,0.0,0.0,2002,clin,0.8
2,2,lr5e-05_bs16_modL1_fusion64_fusionL1_drop0p1_trmiss80_trlocclin,16,5e-05,1,64,1,0.1,lr5e-05_bs16_modL1_fusion64_fusionL1_drop0p1_trmiss80_trlocclin,4,0.6540468434492747,0.7043050328890482,0.5399159663865547,0.6615322358252986,0.37777777777777777,0.0,0.0,0.0,0.0,2002,clin,0.8
2,2,lr5e-05_bs16_modL1_fusion64_fusionL1_drop0p1_trmiss80_trlocclin,16,5e-05,1,64,1,0.1,lr5e-05_bs16_modL1_fusion64_fusionL1_drop0p1_trmiss80_trlocclin,5,0.6235679537057877,0.6989073554674784,0.5483193277310925,0.6822977901595259,0.4222222222222222,0.0,0.0,0.0,0.0,2002,clin,0.8
2,2,lr5e-05_bs16_modL1_fusion64_fusionL1_drop0p1_trmiss80_trlocclin,16,5e-05,1,64,1,0.1,lr5e-05_bs16_modL1_fusion64_fusionL1_drop0p1_trmiss80_trlocclin,6,0.6243219872315725,0.693452000617981,0.5840336134453781,0.7243442997321309,0.4666666666666667,0.0,0.0,0.0,0.0,2002,clin,0.8
2,2,lr5e-05_bs16_modL1_fusion64_fusionL1_drop0p1_trmiss80_trlocclin,16,5e-05,1,64,1,0.1,lr5e-05_bs16_modL1_fusion64_fusionL1_drop0p1_trmiss80_trlocclin,7,0.5976298103729883,0.6851802666982015,0.596638655462185,0.7184793644379528,0.5111111111111111,0.0,0.0,0.0,0.0,2002,clin,0.8
2,2,lr5e-05_bs16_modL1_fusion64_fusionL1_drop0p1_trmiss80_trlocclin,16,5e-05,1,64,1,0.1,lr5e-05_bs16_modL1_fusion64_fusionL1_drop0p1_trmiss80_trlocclin,8,0.5828963120778402,0.69119260708491,0.6008403361344538,0.7207718461587571,0.5333333333333333,0.0,0.0,0.0,0.0,2002,clin,0.8
2,2,lr5e-05_bs16_modL1_fusion64_fusionL1_drop0p1_trmiss80_trlocclin,16,5e-05,1,64,1,0.1,lr5e-05_bs16_modL1_fusion64_fusionL1_drop0p1_trmiss80_trlocclin,9,0.5687758972247442,0.6892052292823792,0.592436974789916,0.7192799267608654,0.4888888888888889,0.0,0.0,0.0,0.0,2002,clin,0.8
2,2,lr5e-05_bs16_modL1_fusion64_fusionL1_drop0p1_trmiss80_trlocclin,16,5e-05,1,64,1,0.1,lr5e-05_bs16_modL1_fusion64_fusionL1_drop0p1_trmiss80_trlocclin,10,0.5698555509249369,0.6789299845695496,0.6176470588235294,0.7280099877100068,0.4888888888888889,0.0,0.0,0.0,0.0,2002,clin,0.8
2,2,lr5e-05_bs16_modL1_fusion64_fusionL1_drop0p1_trmiss80_trlocclin,16,5e-05,1,64,1,0.1,lr5e-05_bs16_modL1_fusion64_fusionL1_drop0p1_trmiss80_trlocclin,11,0.551659345626831,0.6794931093851725,0.6029411764705883,0.724148139297687,0.5333333333333333,0.0,0.0,0.0,0.0,2002,clin,0.8
2,2,lr5e-05_bs16_modL1_fusion64_fusionL1_drop0p1_trmiss80_trlocclin,16,5e-05,1,64,1,0.1,lr5e-05_bs16_modL1_fusion64_fusionL1_drop0p1_trmiss80_trlocclin,12,0.5472900594274203,0.6716225941975912,0.6008403361344538,0.7398700954019749,0.5333333333333333,0.0,0.0,0.0,0.0,2002,clin,0.8
2,2,lr5e-05_bs16_modL1_fusion64_fusionL1_drop0p1_trmiss80_trlocclin,16,5e-05,1,64,1,0.1,lr5e-05_bs16_modL1_fusion64_fusionL1_drop0p1_trmiss80_trlocclin,13,0.5316502501567205,0.6795027852058411,0.5945378151260504,0.7302947627600302,0.5111111111111111,0.0,0.0,0.0,0.0,2002,clin,0.8
2,2,lr5e-05_bs16_modL1_fusion64_fusionL1_drop0p1_trmiss80_trlocclin,16,5e-05,1,64,1,0.1,lr5e-05_bs16_modL1_fusion64_fusionL1_drop0p1_trmiss80_trlocclin,14,0.5223744884133339,0.6805658340454102,0.6050420168067228,0.736037096233456,0.5333333333333333,0.0,0.0,0.0,0.0,2002,clin,0.8
2,2,lr5e-05_bs16_modL1_fusion64_fusionL1_drop0p1_trmiss80_trlocclin,16,5e-05,1,64,1,0.1,lr5e-05_bs16_modL1_fusion64_fusionL1_drop0p1_trmiss80_trlocclin,15,0.5303371474146843,0.6859963138898214,0.6071428571428572,0.7288066273784295,0.4888888888888889,0.0,0.0,0.0,0.0,2002,clin,0.8
2,2,lr5e-05_bs16_modL1_fusion64_fusionL1_drop0p1_trmiss80_trlocclin,16,5e-05,1,64,1,0.1,lr5e-05_bs16_modL1_fusion64_fusionL1_drop0p1_trmiss80_trlocclin,16,0.5212979863087336,0.6771251757939657,0.615546218487395,0.7283937917719906,0.4666666666666667,0.0,0.0,0.0,0.0,2002,clin,0.8
2,2,lr5e-05_bs16_modL1_fusion64_fusionL1_drop0p1_trmiss80_trlocclin,16,5e-05,1,64,1,0.1,lr5e-05_bs16_modL1_fusion64_fusionL1_drop0p1_trmiss80_trlocclin,17,0.4822102064887683,0.6747409303983053,0.6071428571428572,0.7196698531714311,0.5333333333333333,0.0,0.0,0.0,0.0,2002,clin,0.8
2,2,lr5e-05_bs16_modL1_fusion64_fusionL1_drop0p1_trmiss80_trlocclin,16,5e-05,1,64,1,0.1,lr5e-05_bs16_modL1_fusion64_fusionL1_drop0p1_trmiss80_trlocclin,18,0.4880046397447586,0.6638840039571127,0.6281512605042017,0.7293901187831802,0.6,0.0,0.0,0.0,0.0,2002,clin,0.8
2,2,lr5e-05_bs16_modL1_fusion64_fusionL1_drop0p1_trmiss80_trlocclin,16,5e-05,1,64,1,0.1,lr5e-05_bs16_modL1_fusion64_fusionL1_drop0p1_trmiss80_trlocclin,19,0.4811145340402921,0.6656892895698547,0.634453781512605,0.7402195118785293,0.5777777777777777,0.0,0.0,0.0,0.0,2002,clin,0.8
2,2,lr5e-05_bs16_modL1_fusion64_fusionL1_drop0p1_trmiss80_trlocclin,16,5e-05,1,64,1,0.1,lr5e-05_bs16_modL1_fusion64_fusionL1_drop0p1_trmiss80_trlocclin,20,0.4659987539052963,0.665002723534902,0.6134453781512605,0.7190280239452789,0.5777777777777777,0.0,0.0,0.0,0.0,2002,clin,0.8
2,2,lr5e-05_bs16_modL1_fusion64_fusionL1_drop0p1_trmiss80_trlocclin,16,5e-05,1,64,1,0.1,lr5e-05_bs16_modL1_fusion64_fusionL1_drop0p1_trmiss80_trlocclin,21,0.4814026008049647,0.6744608283042908,0.5903361344537814,0.698923278741489,0.5777777777777777,0.0,0.0,0.0,0.0,2002,clin,0.8
2,2,lr5e-05_bs16_modL1_fusion64_fusionL1_drop0p1_trmiss80_trlocclin,16,5e-05,1,64,1,0.1,lr5e-05_bs16_modL1_fusion64_fusionL1_drop0p1_trmiss80_trlocclin,22,0.460040124754111,0.6676643093427023,0.6176470588235294,0.7345092491983751,0.5333333333333333,0.0,0.0,0.0,0.0,2002,clin,0.8
2,2,lr5e-05_bs16_modL1_fusion64_fusionL1_drop0p1_trmiss80_trlocclin,16,5e-05,1,64,1,0.1,lr5e-05_bs16_modL1_fusion64_fusionL1_drop0p1_trmiss80_trlocclin,23,0.43864741921424866,0.6617018183072408,0.6365546218487396,0.7515340606596872,0.6,0.0,0.0,0.0,0.0,2002,clin,0.8
2,2,lr5e-05_bs16_modL1_fusion64_fusionL1_drop0p1_trmiss80_trlocclin,16,5e-05,1,64,1,0.1,lr5e-05_bs16_modL1_fusion64_fusionL1_drop0p1_trmiss80_trlocclin,24,0.4527244915564855,0.6711190541585287,0.6029411764705883,0.7216783891188536,0.5555555555555556,0.0,0.0,0.0,0.0,2002,clin,0.8
2,2,lr5e-05_bs16_modL1_fusion64_fusionL1_drop0p1_trmiss80_trlocclin,16,5e-05,1,64,1,0.1,lr5e-05_bs16_modL1_fusion64_fusionL1_drop0p1_trmiss80_trlocclin,25,0.4232366780440013,0.6679742336273193,0.5966386554621849,0.7066383678402499,0.5777777777777777,0.0,0.0,0.0,0.0,2002,clin,0.8
2,2,lr5e-05_bs16_modL1_fusion64_fusionL1_drop0p1_trmiss80_trlocclin,16,5e-05,1,64,1,0.1,lr5e-05_bs16_modL1_fusion64_fusionL1_drop0p1_trmiss80_trlocclin,26,0.42100721846024197,0.6700317660967509,0.6008403361344539,0.7061089714911724,0.5555555555555556,0.0,0.0,0.0,0.0,2002,clin,0.8
2,2,lr5e-05_bs16_modL1_fusion64_fusionL1_drop0p1_trmiss80_trlocclin,16,5e-05,1,64,1,0.1,lr5e-05_bs16_modL1_fusion64_fusionL1_drop0p1_trmiss80_trlocclin,27,0.4319787522157033,0.6714913646380106,0.6176470588235294,0.7245351089788806,0.5111111111111111,0.0,0.0,0.0,0.0,2002,clin,0.8
2,2,lr5e-05_bs16_modL1_fusion64_fusionL1_drop0p1_trmiss80_trlocclin,16,5e-05,1,64,1,0.1,lr5e-05_bs16_modL1_fusion64_fusionL1_drop0p1_trmiss80_trlocclin,28,0.41271468500296277,0.6643019517262777,0.6197478991596639,0.7273601820039901,0.5333333333333333,0.0,0.0,0.0,0.0,2002,clin,0.8
2,2,lr5e-05_bs16_modL1_fusion64_fusionL1_drop0p1_trmiss80_trlocclin,16,5e-05,1,64,1,0.1,lr5e-05_bs16_modL1_fusion64_fusionL1_drop0p1_trmiss80_trlocclin,29,0.41834285606940586,0.6665722330411276,0.6218487394957983,0.7377867835634573,0.5111111111111111,0.0,0.0,0.0,0.0,2002,clin,0.8
2,2,lr5e-05_bs16_modL1_fusion64_fusionL1_drop0p1_trmiss80_trlocclin,16,5e-05,1,64,1,0.1,lr5e-05_bs16_modL1_fusion64_fusionL1_drop0p1_trmiss80_trlocclin,30,0.37363684674104053,0.6557057897249857,0.6281512605042017,0.7458106870432994,0.6,0.0,0.0,0.0,0.0,2002,clin,0.8
2,2,lr5e-05_bs16_modL1_fusion64_fusionL1_drop0p1_trmiss80_trlocclin,16,5e-05,1,64,1,0.1,lr5e-05_bs16_modL1_fusion64_fusionL1_drop0p1_trmiss80_trlocclin,31,0.37986679126818973,0.653522272904714,0.6260504201680672,0.7385065108840814,0.6,0.0,0.0,0.0,0.0,2002,clin,0.8
2,2,lr5e-05_bs16_modL1_fusion64_fusionL1_drop0p1_trmiss80_trlocclin,16,5e-05,1,64,1,0.1,lr5e-05_bs16_modL1_fusion64_fusionL1_drop0p1_trmiss80_trlocclin,32,0.3951722780863444,0.657261868317922,0.6323529411764706,0.7473920539801507,0.6,0.0,0.0,0.0,0.0,2002,clin,0.8
2,2,lr5e-05_bs16_modL1_fusion64_fusionL1_drop0p1_trmiss80_trlocclin,16,5e-05,1,64,1,0.1,lr5e-05_bs16_modL1_fusion64_fusionL1_drop0p1_trmiss80_trlocclin,33,0.41927486409743625,0.6470094124476115,0.6323529411764706,0.7365913700702231,0.6222222222222222,0.0,0.0,0.0,0.0,2002,clin,0.8
2,2,lr5e-05_bs16_modL1_fusion64_fusionL1_drop0p1_trmiss80_trlocclin,16,5e-05,1,64,1,0.1,lr5e-05_bs16_modL1_fusion64_fusionL1_drop0p1_trmiss80_trlocclin,34,0.3755619724591573,0.6557190418243408,0.6302521008403361,0.7397009588940977,0.6,0.0,0.0,0.0,0.0,2002,clin,0.8
2,2,lr5e-05_bs16_modL1_fusion64_fusionL1_drop0p1_trmiss80_trlocclin,16,5e-05,1,64,1,0.1,lr5e-05_bs16_modL1_fusion64_fusionL1_drop0p1_trmiss80_trlocclin,35,0.38882416238387424,0.6584350069363912,0.6134453781512605,0.7260160733936438,0.6,0.0,0.0,0.0,0.0,2002,clin,0.8
2,2,lr5e-05_bs16_modL1_fusion64_fusionL1_drop0p1_trmiss80_trlocclin,16,5e-05,1,64,1,0.1,lr5e-05_bs16_modL1_fusion64_fusionL1_drop0p1_trmiss80_trlocclin,36,0.382048803071181,0.6505608161290487,0.6218487394957983,0.7367245049328206,0.6,0.0,0.0,0.0,0.0,2002,clin,0.8
2,2,lr5e-05_bs16_modL1_fusion64_fusionL1_drop0p1_trmiss80_trlocclin,16,5e-05,1,64,1,0.1,lr5e-05_bs16_modL1_fusion64_fusionL1_drop0p1_trmiss80_trlocclin,37,0.3825571959217389,0.6574264963467916,0.6323529411764706,0.7421723886571019,0.6,0.0,0.0,0.0,0.0,2002,clin,0.8
2,2,lr5e-05_bs16_modL1_fusion64_fusionL1_drop0p1_trmiss80_trlocclin,16,5e-05,1,64,1,0.1,lr5e-05_bs16_modL1_fusion64_fusionL1_drop0p1_trmiss80_trlocclin,38,0.37617287039756775,0.6583999395370483,0.6512605042016807,0.7570467083573571,0.6,0.0,0.0,0.0,0.0,2002,clin,0.8
2,2,lr5e-05_bs16_modL1_fusion64_fusionL1_drop0p1_trmiss80_trlocclin,16,5e-05,1,64,1,0.1,lr5e-05_bs16_modL1_fusion64_fusionL1_drop0p1_trmiss80_trlocclin,39,0.3764166658123334,0.6526023149490356,0.6470588235294118,0.7465498166182054,0.6222222222222222,0.0,0.0,0.0,0.0,2002,clin,0.8
2,2,lr5e-05_bs16_modL1_fusion64_fusionL1_drop0p1_trmiss80_trlocclin,16,5e-05,1,64,1,0.1,lr5e-05_bs16_modL1_fusion64_fusionL1_drop0p1_trmiss80_trlocclin,40,0.3669944703578949,0.6513154904047648,0.6596638655462185,0.7681465853964468,0.5555555555555556,0.0,0.0,0.0,0.0,2002,clin,0.8
2,2,lr5e-05_bs16_modL1_fusion64_fusionL1_drop0p1_trmiss80_trlocclin,16,5e-05,1,64,1,0.1,lr5e-05_bs16_modL1_fusion64_fusionL1_drop0p1_trmiss80_trlocclin,41,0.3610302433371544,0.6537465453147888,0.6491596638655462,0.7586356266080067,0.5555555555555556,0.0,0.0,0.0,0.0,2002,clin,0.8
2,2,lr5e-05_bs16_modL1_fusion64_fusionL1_drop0p1_trmiss80_trlocclin,16,5e-05,1,64,1,0.1,lr5e-05_bs16_modL1_fusion64_fusionL1_drop0p1_trmiss80_trlocclin,42,0.3630989616115888,0.6509448091189066,0.6575630252100839,0.7602957276620487,0.5555555555555556,0.0,0.0,0.0,0.0,2002,clin,0.8
2,2,lr5e-05_bs16_modL1_fusion64_fusionL1_drop0p1_trmiss80_trlocclin,16,5e-05,1,64,1,0.1,lr5e-05_bs16_modL1_fusion64_fusionL1_drop0p1_trmiss80_trlocclin,43,0.36330844461917877,0.651499887307485,0.6617647058823529,0.7647729233986429,0.5555555555555556,0.0,0.0,0.0,0.0,2002,clin,0.8
2,2,lr5e-05_bs16_modL1_fusion64_fusionL1_drop0p1_trmiss80_trlocclin,16,5e-05,1,64,1,0.1,lr5e-05_bs16_modL1_fusion64_fusionL1_drop0p1_trmiss80_trlocclin,44,0.35452577968438465,0.6518859267234802,0.6554621848739495,0.7599944043844428,0.5777777777777777,0.0,0.0,0.0,0.0,2002,clin,0.8
2,2,lr5e-05_bs16_modL1_fusion64_fusionL1_drop0p1_trmiss80_trlocclin,16,5e-05,1,64,1,0.1,lr5e-05_bs16_modL1_fusion64_fusionL1_drop0p1_trmiss80_trlocclin,45,0.3409264360864957,0.6414751807848612,0.6680672268907564,0.7697805774006579,0.6222222222222222,0.0,0.0,0.0,0.0,2002,clin,0.8
2,2,lr5e-05_bs16_modL1_fusion64_fusionL1_drop0p1_trmiss80_trlocclin,16,5e-05,1,64,1,0.1,lr5e-05_bs16_modL1_fusion64_fusionL1_drop0p1_trmiss80_trlocclin,46,0.33987266942858696,0.6446666121482849,0.6659663865546218,0.7671917037762227,0.6,0.0,0.0,0.0,0.0,2002,clin,0.8
2,2,lr5e-05_bs16_modL1_fusion64_fusionL1_drop0p1_trmiss80_trlocclin,16,5e-05,1,64,1,0.1,lr5e-05_bs16_modL1_fusion64_fusionL1_drop0p1_trmiss80_trlocclin,47,0.3330695778131485,0.6505844195683798,0.657563025210084,0.7700718863501675,0.6,0.0,0.0,0.0,0.0,2002,clin,0.8
2,2,lr5e-05_bs16_modL1_fusion64_fusionL1_drop0p1_trmiss80_trlocclin,16,5e-05,1,64,1,0.1,lr5e-05_bs16_modL1_fusion64_fusionL1_drop0p1_trmiss80_trlocclin,48,0.3291732718547185,0.6510601838429769,0.6617647058823529,0.7693596036764958,0.5777777777777777,0.0,0.0,0.0,0.0,2002,clin,0.8
2,2,lr5e-05_bs16_modL1_fusion64_fusionL1_drop0p1_trmiss80_trlocclin,16,5e-05,1,64,1,0.1,lr5e-05_bs16_modL1_fusion64_fusionL1_drop0p1_trmiss80_trlocclin,49,0.33512811611096066,0.6400296688079834,0.6596638655462185,0.768899895673847,0.6444444444444445,0.0,0.0,0.0,0.0,2002,clin,0.8
2,2,lr5e-05_bs16_modL1_fusion64_fusionL1_drop0p1_trmiss80_trlocclin,16,5e-05,1,64,1,0.1,lr5e-05_bs16_modL1_fusion64_fusionL1_drop0p1_trmiss80_trlocclin,50,0.3384339213371277,0.6475279927253723,0.653361344537815,0.7665067004925488,0.6222222222222222,0.0,0.0,0.0,0.0,2002,clin,0.8
2,2,lr5e-05_bs16_modL1_fusion64_fusionL1_drop0p1_trmiss80_trlocclin,16,5e-05,1,64,1,0.1,lr5e-05_bs16_modL1_fusion64_fusionL1_drop0p1_trmiss80_trlocclin,51,0.37230196843544644,0.6492029428482056,0.6659663865546218,0.7734321876626612,0.5777777777777777,0.0,0.0,0.0,0.0,2002,clin,0.8
2,2,lr5e-05_bs16_modL1_fusion64_fusionL1_drop0p1_trmiss80_trlocclin,16,5e-05,1,64,1,0.1,lr5e-05_bs16_modL1_fusion64_fusionL1_drop0p1_trmiss80_trlocclin,52,0.3251332715153694,0.6440334717432658,0.657563025210084,0.7658557953772688,0.6222222222222222,0.0,0.0,0.0,0.0,2002,clin,0.8
2,2,lr5e-05_bs16_modL1_fusion64_fusionL1_drop0p1_trmiss80_trlocclin,16,5e-05,1,64,1,0.1,lr5e-05_bs16_modL1_fusion64_fusionL1_drop0p1_trmiss80_trlocclin,53,0.3243396133184433,0.6441124876340231,0.6554621848739496,0.7679843376051956,0.6222222222222222,0.0,0.0,0.0,0.0,2002,clin,0.8
2,2,lr5e-05_bs16_modL1_fusion64_fusionL1_drop0p1_trmiss80_trlocclin,16,5e-05,1,64,1,0.1,lr5e-05_bs16_modL1_fusion64_fusionL1_drop0p1_trmiss80_trlocclin,54,0.3261347897350788,0.641109049320221,0.6470588235294118,0.7577383402475772,0.6666666666666666,0.0,0.0,0.0,0.0,2002,clin,0.8
2,2,lr5e-05_bs16_modL1_fusion64_fusionL1_drop0p1_trmiss80_trlocclin,16,5e-05,1,64,1,0.1,lr5e-05_bs16_modL1_fusion64_fusionL1_drop0p1_trmiss80_trlocclin,55,0.3538353616992633,0.647795041402181,0.657563025210084,0.7651268667754288,0.6,0.0,0.0,0.0,0.0,2002,clin,0.8
2,2,lr5e-05_bs16_modL1_fusion64_fusionL1_drop0p1_trmiss80_trlocclin,16,5e-05,1,64,1,0.1,lr5e-05_bs16_modL1_fusion64_fusionL1_drop0p1_trmiss80_trlocclin,56,0.36029591659704846,0.6367640892664591,0.6554621848739496,0.7649780375716139,0.6666666666666666,0.0,0.0,0.0,0.0,2002,clin,0.8
2,2,lr5e-05_bs16_modL1_fusion64_fusionL1_drop0p1_trmiss80_trlocclin,16,5e-05,1,64,1,0.1,lr5e-05_bs16_modL1_fusion64_fusionL1_drop0p1_trmiss80_trlocclin,57,0.31899935752153397,0.6358471115430196,0.661764705882353,0.7675558187824459,0.6444444444444445,0.0,0.0,0.0,0.0,2002,clin,0.8
2,2,lr5e-05_bs16_modL1_fusion64_fusionL1_drop0p1_trmiss80_trlocclin,16,5e-05,1,64,1,0.1,lr5e-05_bs16_modL1_fusion64_fusionL1_drop0p1_trmiss80_trlocclin,58,0.313402163485686,0.6383397380510966,0.6596638655462184,0.7756950258969321,0.6222222222222222,0.0,0.0,0.0,0.0,2002,clin,0.8
2,2,lr5e-05_bs16_modL1_fusion64_fusionL1_drop0p1_trmiss80_trlocclin,16,5e-05,1,64,1,0.1,lr5e-05_bs16_modL1_fusion64_fusionL1_drop0p1_trmiss80_trlocclin,59,0.33385014285643894,0.6366187334060669,0.6659663865546218,0.7791035713760072,0.6222222222222222,0.0,0.0,0.0,0.0,2002,clin,0.8
2,2,lr5e-05_bs16_modL1_fusion64_fusionL1_drop0p1_trmiss80_trlocclin,16,5e-05,1,64,1,0.1,lr5e-05_bs16_modL1_fusion64_fusionL1_drop0p1_trmiss80_trlocclin,60,0.3201304152607918,0.6406574249267578,0.6638655462184874,0.7675574580451014,0.6444444444444445,0.0,0.0,0.0,0.0,2002,clin,0.8
2,2,lr5e-05_bs16_modL1_fusion64_fusionL1_drop0p1_trmiss80_trlocclin,16,5e-05,1,64,1,0.1,lr5e-05_bs16_modL1_fusion64_fusionL1_drop0p1_trmiss80_trlocclin,61,0.3362899174292882,0.6447146733601888,0.6638655462184874,0.7698152777965634,0.6,0.0,0.0,0.0,0.0,2002,clin,0.8
2,2,lr5e-05_bs16_modL1_fusion64_fusionL1_drop0p1_trmiss80_trlocclin,16,5e-05,1,64,1,0.1,lr5e-05_bs16_modL1_fusion64_fusionL1_drop0p1_trmiss80_trlocclin,62,0.329717052479585,0.635593593120575,0.6617647058823529,0.7665056535516085,0.6222222222222222,0.0,0.0,0.0,0.0,2002,clin,0.8
2,2,lr5e-05_bs16_modL1_fusion64_fusionL1_drop0p1_trmiss80_trlocclin,16,5e-05,1,64,1,0.1,lr5e-05_bs16_modL1_fusion64_fusionL1_drop0p1_trmiss80_trlocclin,63,0.33512116223573685,0.6431118051211039,0.6554621848739496,0.7664717628783351,0.6222222222222222,0.0,0.0,0.0,0.0,2002,clin,0.8
2,2,lr5e-05_bs16_modL1_fusion64_fusionL1_drop0p1_trmiss80_trlocclin,16,5e-05,1,64,1,0.1,lr5e-05_bs16_modL1_fusion64_fusionL1_drop0p1_trmiss80_trlocclin,64,0.3193840906023979,0.6394312183062235,0.6554621848739496,0.756803774548259,0.6222222222222222,0.0,0.0,0.0,0.0,2002,clin,0.8
2,2,lr5e-05_bs16_modL1_fusion64_fusionL1_drop0p1_trmiss80_trlocclin,16,5e-05,1,64,1,0.1,lr5e-05_bs16_modL1_fusion64_fusionL1_drop0p1_trmiss80_trlocclin,65,0.3104811782638232,0.6458511352539062,0.6491596638655461,0.7556372887809243,0.6222222222222222,0.0,0.0,0.0,0.0,2002,clin,0.8
2,2,lr1e-04_bs16_modL1_fusion32_fusionL1_drop0p2_trmiss80_trlocclin,16,0.0001,1,32,1,0.2,lr1e-04_bs16_modL1_fusion32_fusionL1_drop0p2_trmiss80_trlocclin,1,0.682679682970047,0.7132090926170349,0.407563025210084,0.5768714403671931,0.4444444444444444,0.0,0.0,0.0,0.0,2002,clin,0.8
2,2,lr1e-04_bs16_modL1_fusion32_fusionL1_drop0p2_trmiss80_trlocclin,16,0.0001,1,32,1,0.2,lr1e-04_bs16_modL1_fusion32_fusionL1_drop0p2_trmiss80_trlocclin,2,0.659496063987414,0.7195611596107483,0.46218487394957986,0.5967765681064994,0.5777777777777777,0.0,0.0,0.0,0.0,2002,clin,0.8
2,2,lr1e-04_bs16_modL1_fusion32_fusionL1_drop0p2_trmiss80_trlocclin,16,0.0001,1,32,1,0.2,lr1e-04_bs16_modL1_fusion32_fusionL1_drop0p2_trmiss80_trlocclin,3,0.6321045259634653,0.7235901753107706,0.4453781512605042,0.5755302755448866,0.5777777777777777,0.0,0.0,0.0,0.0,2002,clin,0.8
2,2,lr1e-04_bs16_modL1_fusion32_fusionL1_drop0p2_trmiss80_trlocclin,16,0.0001,1,32,1,0.2,lr1e-04_bs16_modL1_fusion32_fusionL1_drop0p2_trmiss80_trlocclin,4,0.6250764777263006,0.726084311803182,0.45798319327731096,0.6433089570780626,0.5111111111111111,0.0,0.0,0.0,0.0,2002,clin,0.8
2,2,lr1e-04_bs16_modL1_fusion32_fusionL1_drop0p2_trmiss80_trlocclin,16,0.0001,1,32,1,0.2,lr1e-04_bs16_modL1_fusion32_fusionL1_drop0p2_trmiss80_trlocclin,5,0.6100142846504847,0.7320957581202189,0.4495798319327732,0.6390620311485704,0.4666666666666667,0.0,0.0,0.0,0.0,2002,clin,0.8
2,2,lr1e-04_bs16_modL1_fusion32_fusionL1_drop0p2_trmiss80_trlocclin,16,0.0001,1,32,1,0.2,lr1e-04_bs16_modL1_fusion32_fusionL1_drop0p2_trmiss80_trlocclin,6,0.611638754606247,0.7186539967854818,0.48529411764705876,0.6855256549600518,0.4666666666666667,0.0,0.0,0.0,0.0,2002,clin,0.8
2,2,lr1e-04_bs16_modL1_fusion32_fusionL1_drop0p2_trmiss80_trlocclin,16,0.0001,1,32,1,0.2,lr1e-04_bs16_modL1_fusion32_fusionL1_drop0p2_trmiss80_trlocclin,7,0.574958140651385,0.7260074218114217,0.45798319327731096,0.6779109578573361,0.4888888888888889,0.0,0.0,0.0,0.0,2002,clin,0.8
2,2,lr1e-04_bs16_modL1_fusion32_fusionL1_drop0p2_trmiss80_trlocclin,16,0.0001,1,32,1,0.2,lr1e-04_bs16_modL1_fusion32_fusionL1_drop0p2_trmiss80_trlocclin,8,0.5819968630870184,0.7288961609204611,0.4495798319327731,0.6589948366643212,0.5111111111111111,0.0,0.0,0.0,0.0,2002,clin,0.8
2,2,lr1e-04_bs16_modL1_fusion32_fusionL1_drop0p2_trmiss80_trlocclin,16,0.0001,1,32,1,0.2,lr1e-04_bs16_modL1_fusion32_fusionL1_drop0p2_trmiss80_trlocclin,9,0.5818267365296682,0.7405718763669332,0.42226890756302526,0.6506750318987505,0.4888888888888889,0.0,0.0,0.0,0.0,2002,clin,0.8
2,2,lr1e-04_bs16_modL1_fusion32_fusionL1_drop0p2_trmiss80_trlocclin,16,0.0001,1,32,1,0.2,lr1e-04_bs16_modL1_fusion32_fusionL1_drop0p2_trmiss80_trlocclin,10,0.5769204224149386,0.738443394502004,0.4348739495798319,0.6593350823640595,0.4888888888888889,0.0,0.0,0.0,0.0,2002,clin,0.8
2,2,lr1e-04_bs16_modL1_fusion32_fusionL1_drop0p2_trmiss80_trlocclin,16,0.0001,1,32,1,0.2,lr1e-04_bs16_modL1_fusion32_fusionL1_drop0p2_trmiss80_trlocclin,11,0.5527994434038798,0.741011917591095,0.4411764705882353,0.6651129101066049,0.5333333333333333,0.0,0.0,0.0,0.0,2002,clin,0.8
2,2,lr1e-04_bs16_modL1_fusion32_fusionL1_drop0p2_trmiss80_trlocclin,16,0.0001,1,32,1,0.2,lr1e-04_bs16_modL1_fusion32_fusionL1_drop0p2_trmiss80_trlocclin,12,0.5490013559659322,0.7491842905680338,0.43067226890756294,0.6448729879725921,0.5111111111111111,0.0,0.0,0.0,0.0,2002,clin,0.8
2,2,lr1e-04_bs16_modL1_fusion32_fusionL1_drop0p2_trmiss80_trlocclin,16,0.0001,1,32,1,0.2,lr1e-04_bs16_modL1_fusion32_fusionL1_drop0p2_trmiss80_trlocclin,13,0.5504293317596117,0.7281319499015808,0.44957983193277307,0.6558120725513579,0.4888888888888889,0.0,0.0,0.0,0.0,2002,clin,0.8
2,2,lr1e-04_bs16_modL1_fusion32_fusionL1_drop0p2_trmiss80_trlocclin,16,0.0001,1,32,1,0.2,lr1e-04_bs16_modL1_fusion32_fusionL1_drop0p2_trmiss80_trlocclin,14,0.5380154276887575,0.7293351689974467,0.46008403361344535,0.6644642985244595,0.4888888888888889,0.0,0.0,0.0,0.0,2002,clin,0.8
2,2,lr1e-04_bs16_modL1_fusion32_fusionL1_drop0p2_trmiss80_trlocclin,16,0.0001,1,32,1,0.2,lr1e-04_bs16_modL1_fusion32_fusionL1_drop0p2_trmiss80_trlocclin,15,0.557344747086366,0.7321887016296387,0.4411764705882353,0.6566504702137368,0.4888888888888889,0.0,0.0,0.0,0.0,2002,clin,0.8
2,2,lr1e-04_bs16_modL1_fusion32_fusionL1_drop0p2_trmiss80_trlocclin,16,0.0001,1,32,1,0.2,lr1e-04_bs16_modL1_fusion32_fusionL1_drop0p2_trmiss80_trlocclin,16,0.5381831427415212,0.7413257161776224,0.4411764705882353,0.6459493048032692,0.4888888888888889,0.0,0.0,0.0,0.0,2002,clin,0.8
2,2,lr1e-04_bs16_modL1_fusion32_fusionL1_drop0p2_trmiss80_trlocclin,16,0.0001,1,32,1,0.2,lr1e-04_bs16_modL1_fusion32_fusionL1_drop0p2_trmiss80_trlocclin,17,0.5406473825375239,0.7529348731040955,0.4411764705882352,0.6533002609250056,0.4888888888888889,0.0,0.0,0.0,0.0,2002,clin,0.8
2,2,lr1e-04_bs16_modL1_fusion32_fusionL1_drop0p2_trmiss80_trlocclin,16,0.0001,1,32,1,0.2,lr1e-04_bs16_modL1_fusion32_fusionL1_drop0p2_trmiss80_trlocclin,18,0.5279761577645937,0.7363548874855042,0.4348739495798319,0.6305840079853586,0.4888888888888889,0.0,0.0,0.0,0.0,2002,clin,0.8
2,2,lr1e-04_bs16_modL1_fusion32_fusionL1_drop0p2_trmiss80_trlocclin,16,0.0001,1,32,1,0.2,lr1e-04_bs16_modL1_fusion32_fusionL1_drop0p2_trmiss80_trlocclin,19,0.5269443069895109,0.7391707499821981,0.4432773109243697,0.6276598333541947,0.4888888888888889,0.0,0.0,0.0,0.0,2002,clin,0.8
2,2,lr1e-04_bs16_modL1_fusion32_fusionL1_drop0p2_trmiss80_trlocclin,16,0.0001,1,32,1,0.2,lr1e-04_bs16_modL1_fusion32_fusionL1_drop0p2_trmiss80_trlocclin,20,0.5251176754633585,0.7380688786506653,0.4579831932773109,0.6495019057421756,0.5555555555555556,0.0,0.0,0.0,0.0,2002,clin,0.8
2,2,lr1e-04_bs16_modL1_fusion32_fusionL1_drop0p2_trmiss80_trlocclin,16,0.0001,1,32,1,0.2,lr1e-04_bs16_modL1_fusion32_fusionL1_drop0p2_trmiss80_trlocclin,21,0.5306835944453875,0.7332296371459961,0.45168067226890757,0.6525373205411489,0.5111111111111111,0.0,0.0,0.0,0.0,2002,clin,0.8
2,2,lr1e-04_bs16_modL1_fusion32_fusionL1_drop0p2_trmiss80_trlocclin,16,0.0001,1,32,1,0.2,lr1e-04_bs16_modL1_fusion32_fusionL1_drop0p2_trmiss80_trlocclin,22,0.5073590030272802,0.7401223580042521,0.4663865546218487,0.6711228878378963,0.5111111111111111,0.0,0.0,0.0,0.0,2002,clin,0.8
2,2,lr1e-04_bs16_modL1_fusion32_fusionL1_drop0p2_trmiss80_trlocclin,16,0.0001,1,32,1,0.2,lr1e-04_bs16_modL1_fusion32_fusionL1_drop0p2_trmiss80_trlocclin,23,0.5307412445545197,0.7538346846898397,0.4453781512605042,0.6471196358743067,0.5111111111111111,0.0,0.0,0.0,0.0,2002,clin,0.8
2,2,lr1e-04_bs16_modL1_fusion32_fusionL1_drop0p2_trmiss80_trlocclin,16,0.0001,1,32,1,0.2,lr1e-04_bs16_modL1_fusion32_fusionL1_drop0p2_trmiss80_trlocclin,24,0.5428715969125429,0.7454566558202108,0.4495798319327731,0.6532319572682589,0.5333333333333333,0.0,0.0,0.0,0.0,2002,clin,0.8
2,2,lr1e-04_bs16_modL1_fusion32_fusionL1_drop0p2_trmiss80_trlocclin,16,0.0001,1,32,1,0.2,lr1e-04_bs16_modL1_fusion32_fusionL1_drop0p2_trmiss80_trlocclin,25,0.5227007518212,0.7402557134628296,0.4474789915966387,0.6475818535460605,0.5111111111111111,0.0,0.0,0.0,0.0,2002,clin,0.8
2,2,lr1e-04_bs16_modL1_fusion32_fusionL1_drop0p2_trmiss80_trlocclin,16,0.0001,1,32,1,0.2,lr1e-04_bs16_modL1_fusion32_fusionL1_drop0p2_trmiss80_trlocclin,26,0.5070716167489687,0.7477460503578186,0.4453781512605042,0.6245939919726848,0.5111111111111111,0.0,0.0,0.0,0.0,2002,clin,0.8
2,2,lr1e-04_bs16_modL1_fusion32_fusionL1_drop0p1_trmiss80_trlocclin,16,0.0001,1,32,1,0.1,lr1e-04_bs16_modL1_fusion32_fusionL1_drop0p1_trmiss80_trlocclin,1,0.7069496115048727,0.683476189772288,0.5021008403361344,0.6781325653857433,0.4666666666666667,0.0,0.0,0.0,0.0,2002,clin,0.8
2,2,lr1e-04_bs16_modL1_fusion32_fusionL1_drop0p1_trmiss80_trlocclin,16,0.0001,1,32,1,0.1,lr1e-04_bs16_modL1_fusion32_fusionL1_drop0p1_trmiss80_trlocclin,2,0.6595940043528875,0.6924551526705424,0.4957983193277311,0.6809024407029047,0.4444444444444444,0.0,0.0,0.0,0.0,2002,clin,0.8
2,2,lr1e-04_bs16_modL1_fusion32_fusionL1_drop0p1_trmiss80_trlocclin,16,0.0001,1,32,1,0.1,lr1e-04_bs16_modL1_fusion32_fusionL1_drop0p1_trmiss80_trlocclin,3,0.6187096983194351,0.6975181897481283,0.5210084033613446,0.6875868276759092,0.4888888888888889,0.0,0.0,0.0,0.0,2002,clin,0.8
2,2,lr1e-04_bs16_modL1_fusion32_fusionL1_drop0p1_trmiss80_trlocclin,16,0.0001,1,32,1,0.1,lr1e-04_bs16_modL1_fusion32_fusionL1_drop0p1_trmiss80_trlocclin,4,0.5951507786909739,0.6877003113428751,0.5357142857142857,0.6859495806045197,0.5333333333333333,0.0,0.0,0.0,0.0,2002,clin,0.8
2,2,lr1e-04_bs16_modL1_fusion32_fusionL1_drop0p1_trmiss80_trlocclin,16,0.0001,1,32,1,0.1,lr1e-04_bs16_modL1_fusion32_fusionL1_drop0p1_trmiss80_trlocclin,5,0.5860660672187805,0.6911149024963379,0.5336134453781513,0.6780458542911149,0.5555555555555556,0.0,0.0,0.0,0.0,2002,clin,0.8
2,2,lr1e-04_bs16_modL1_fusion32_fusionL1_drop0p1_trmiss80_trlocclin,16,0.0001,1,32,1,0.1,lr1e-04_bs16_modL1_fusion32_fusionL1_drop0p1_trmiss80_trlocclin,6,0.553688108921051,0.695488452911377,0.5126050420168068,0.66906669072706,0.5555555555555556,0.0,0.0,0.0,0.0,2002,clin,0.8
2,2,lr1e-04_bs16_modL1_fusion32_fusionL1_drop0p1_trmiss80_trlocclin,16,0.0001,1,32,1,0.1,lr1e-04_bs16_modL1_fusion32_fusionL1_drop0p1_trmiss80_trlocclin,7,0.5496604144573212,0.6999757289886475,0.5,0.6508853882989679,0.5333333333333333,0.0,0.0,0.0,0.0,2002,clin,0.8
2,2,lr1e-04_bs16_modL1_fusion32_fusionL1_drop0p1_trmiss80_trlocclin,16,0.0001,1,32,1,0.1,lr1e-04_bs16_modL1_fusion32_fusionL1_drop0p1_trmiss80_trlocclin,8,0.5132232333223025,0.7026426990826925,0.5126050420168067,0.6625661194476865,0.5111111111111111,0.0,0.0,0.0,0.0,2002,clin,0.8
2,2,lr1e-04_bs16_modL1_fusion32_fusionL1_drop0p1_trmiss80_trlocclin,16,0.0001,1,32,1,0.1,lr1e-04_bs16_modL1_fusion32_fusionL1_drop0p1_trmiss80_trlocclin,9,0.5141100858648618,0.6953543424606323,0.5294117647058824,0.6736885406924277,0.5777777777777777,0.0,0.0,0.0,0.0,2002,clin,0.8
2,2,lr1e-04_bs16_modL1_fusion32_fusionL1_drop0p1_trmiss80_trlocclin,16,0.0001,1,32,1,0.1,lr1e-04_bs16_modL1_fusion32_fusionL1_drop0p1_trmiss80_trlocclin,10,0.49179184685150784,0.6919129888216654,0.5336134453781513,0.6745504482743415,0.5777777777777777,0.0,0.0,0.0,0.0,2002,clin,0.8
2,2,lr1e-04_bs16_modL1_fusion32_fusionL1_drop0p1_trmiss80_trlocclin,16,0.0001,1,32,1,0.1,lr1e-04_bs16_modL1_fusion32_fusionL1_drop0p1_trmiss80_trlocclin,11,0.5056411003073057,0.6861566106478373,0.5630252100840336,0.6909129927325124,0.5555555555555556,0.0,0.0,0.0,0.0,2002,clin,0.8
2,2,lr1e-04_bs16_modL1_fusion32_fusionL1_drop0p1_trmiss80_trlocclin,16,0.0001,1,32,1,0.1,lr1e-04_bs16_modL1_fusion32_fusionL1_drop0p1_trmiss80_trlocclin,12,0.49745942403872806,0.6878369847933451,0.5609243697478992,0.6759783950577222,0.5333333333333333,0.0,0.0,0.0,0.0,2002,clin,0.8
2,2,lr1e-04_bs16_modL1_fusion32_fusionL1_drop0p1_trmiss80_trlocclin,16,0.0001,1,32,1,0.1,lr1e-04_bs16_modL1_fusion32_fusionL1_drop0p1_trmiss80_trlocclin,13,0.4830062761902809,0.6866881052652994,0.5609243697478992,0.6737556370815673,0.5555555555555556,0.0,0.0,0.0,0.0,2002,clin,0.8
2,2,lr1e-04_bs16_modL1_fusion32_fusionL1_drop0p1_trmiss80_trlocclin,16,0.0001,1,32,1,0.1,lr1e-04_bs16_modL1_fusion32_fusionL1_drop0p1_trmiss80_trlocclin,14,0.4711107909679413,0.6857206424077352,0.5672268907563025,0.6800974887274187,0.5777777777777777,0.0,0.0,0.0,0.0,2002,clin,0.8
2,2,lr1e-04_bs16_modL1_fusion32_fusionL1_drop0p1_trmiss80_trlocclin,16,0.0001,1,32,1,0.1,lr1e-04_bs16_modL1_fusion32_fusionL1_drop0p1_trmiss80_trlocclin,15,0.4714093084136645,0.681864341100057,0.569327731092437,0.678352031327483,0.5777777777777777,0.0,0.0,0.0,0.0,2002,clin,0.8
2,2,lr1e-04_bs16_modL1_fusion32_fusionL1_drop0p1_trmiss80_trlocclin,16,0.0001,1,32,1,0.1,lr1e-04_bs16_modL1_fusion32_fusionL1_drop0p1_trmiss80_trlocclin,16,0.46583498766024906,0.6811039447784424,0.5630252100840336,0.6724389683381105,0.5777777777777777,0.0,0.0,0.0,0.0,2002,clin,0.8
2,2,lr1e-04_bs16_modL1_fusion32_fusionL1_drop0p1_trmiss80_trlocclin,16,0.0001,1,32,1,0.1,lr1e-04_bs16_modL1_fusion32_fusionL1_drop0p1_trmiss80_trlocclin,17,0.4651997188727061,0.6774255434672037,0.5840336134453781,0.6826826560762035,0.5777777777777777,0.0,0.0,0.0,0.0,2002,clin,0.8
2,2,lr1e-04_bs16_modL1_fusion32_fusionL1_drop0p1_trmiss80_trlocclin,16,0.0001,1,32,1,0.1,lr1e-04_bs16_modL1_fusion32_fusionL1_drop0p1_trmiss80_trlocclin,18,0.4773809735973676,0.683129092057546,0.5840336134453781,0.6854913909789172,0.6,0.0,0.0,0.0,0.0,2002,clin,0.8
2,2,lr1e-04_bs16_modL1_fusion32_fusionL1_drop0p1_trmiss80_trlocclin,16,0.0001,1,32,1,0.1,lr1e-04_bs16_modL1_fusion32_fusionL1_drop0p1_trmiss80_trlocclin,19,0.4565255269408226,0.6822316646575928,0.5882352941176471,0.6855445149950448,0.5777777777777777,0.0,0.0,0.0,0.0,2002,clin,0.8
2,2,lr1e-04_bs16_modL1_fusion32_fusionL1_drop0p1_trmiss80_trlocclin,16,0.0001,1,32,1,0.1,lr1e-04_bs16_modL1_fusion32_fusionL1_drop0p1_trmiss80_trlocclin,20,0.4700743878881137,0.6770250002543131,0.5903361344537814,0.6933295143031533,0.5777777777777777,0.0,0.0,0.0,0.0,2002,clin,0.8
2,2,lr1e-04_bs16_modL1_fusion32_fusionL1_drop0p1_trmiss80_trlocclin,16,0.0001,1,32,1,0.1,lr1e-04_bs16_modL1_fusion32_fusionL1_drop0p1_trmiss80_trlocclin,21,0.4581740101178487,0.6697574853897095,0.5945378151260503,0.6966779480822594,0.5777777777777777,0.0,0.0,0.0,0.0,2002,clin,0.8
2,2,lr1e-04_bs16_modL1_fusion32_fusionL1_drop0p1_trmiss80_trlocclin,16,0.0001,1,32,1,0.1,lr1e-04_bs16_modL1_fusion32_fusionL1_drop0p1_trmiss80_trlocclin,22,0.4458622286717097,0.6755372484525045,0.5819327731092436,0.6824031255532813,0.5555555555555556,0.0,0.0,0.0,0.0,2002,clin,0.8
2,2,lr1e-04_bs16_modL1_fusion32_fusionL1_drop0p1_trmiss80_trlocclin,16,0.0001,1,32,1,0.1,lr1e-04_bs16_modL1_fusion32_fusionL1_drop0p1_trmiss80_trlocclin,23,0.4234384099642436,0.6639332373936971,0.6071428571428572,0.703731215554771,0.6444444444444445,0.0,0.0,0.0,0.0,2002,clin,0.8
2,2,lr1e-04_bs16_modL1_fusion32_fusionL1_drop0p1_trmiss80_trlocclin,16,0.0001,1,32,1,0.1,lr1e-04_bs16_modL1_fusion32_fusionL1_drop0p1_trmiss80_trlocclin,24,0.45979837079842883,0.6691427826881409,0.6176470588235294,0.7082040667184949,0.6222222222222222,0.0,0.0,0.0,0.0,2002,clin,0.8
2,2,lr1e-04_bs16_modL1_fusion32_fusionL1_drop0p1_trmiss80_trlocclin,16,0.0001,1,32,1,0.1,lr1e-04_bs16_modL1_fusion32_fusionL1_drop0p1_trmiss80_trlocclin,25,0.4118984366456668,0.6612352132797241,0.615546218487395,0.7057778213598362,0.6,0.0,0.0,0.0,0.0,2002,clin,0.8
2,2,lr1e-04_bs16_modL1_fusion32_fusionL1_drop0p1_trmiss80_trlocclin,16,0.0001,1,32,1,0.1,lr1e-04_bs16_modL1_fusion32_fusionL1_drop0p1_trmiss80_trlocclin,26,0.4175601452589035,0.6698017915089926,0.5945378151260505,0.6952616011537786,0.5555555555555556,0.0,0.0,0.0,0.0,2002,clin,0.8
2,2,lr1e-04_bs16_modL1_fusion32_fusionL1_drop0p1_trmiss80_trlocclin,16,0.0001,1,32,1,0.1,lr1e-04_bs16_modL1_fusion32_fusionL1_drop0p1_trmiss80_trlocclin,27,0.4155959462126096,0.6667470932006836,0.6008403361344538,0.6972160289272455,0.5777777777777777,0.0,0.0,0.0,0.0,2002,clin,0.8
2,2,lr1e-04_bs16_modL1_fusion32_fusionL1_drop0p1_trmiss80_trlocclin,16,0.0001,1,32,1,0.1,lr1e-04_bs16_modL1_fusion32_fusionL1_drop0p1_trmiss80_trlocclin,28,0.4293172260125478,0.6649359464645386,0.6197478991596639,0.710481250319208,0.6222222222222222,0.0,0.0,0.0,0.0,2002,clin,0.8
2,2,lr1e-04_bs16_modL1_fusion32_fusionL1_drop0p1_trmiss80_trlocclin,16,0.0001,1,32,1,0.1,lr1e-04_bs16_modL1_fusion32_fusionL1_drop0p1_trmiss80_trlocclin,29,0.4177752311031024,0.6637565096219381,0.6197478991596639,0.7107603498087514,0.6444444444444445,0.0,0.0,0.0,0.0,2002,clin,0.8
2,2,lr1e-04_bs16_modL1_fusion32_fusionL1_drop0p1_trmiss80_trlocclin,16,0.0001,1,32,1,0.1,lr1e-04_bs16_modL1_fusion32_fusionL1_drop0p1_trmiss80_trlocclin,30,0.4211885978778203,0.6665788690249125,0.6092436974789917,0.7048467166449355,0.6,0.0,0.0,0.0,0.0,2002,clin,0.8
2,2,lr1e-04_bs16_modL1_fusion32_fusionL1_drop0p1_trmiss80_trlocclin,16,0.0001,1,32,1,0.1,lr1e-04_bs16_modL1_fusion32_fusionL1_drop0p1_trmiss80_trlocclin,31,0.40864387651284534,0.675455907980601,0.5945378151260504,0.6925035060873969,0.6222222222222222,0.0,0.0,0.0,0.0,2002,clin,0.8
2,2,lr1e-04_bs16_modL1_fusion32_fusionL1_drop0p1_trmiss80_trlocclin,16,0.0001,1,32,1,0.1,lr1e-04_bs16_modL1_fusion32_fusionL1_drop0p1_trmiss80_trlocclin,32,0.4094950631260872,0.6718679269154867,0.6008403361344538,0.6955300772174163,0.6222222222222222,0.0,0.0,0.0,0.0,2002,clin,0.8
2,2,lr1e-04_bs16_modL1_fusion32_fusionL1_drop0p1_trmiss80_trlocclin,16,0.0001,1,32,1,0.1,lr1e-04_bs16_modL1_fusion32_fusionL1_drop0p1_trmiss80_trlocclin,33,0.41280124336481094,0.6739223996798197,0.6050420168067226,0.6997016946091149,0.6222222222222222,0.0,0.0,0.0,0.0,2002,clin,0.8
2,2,lr1e-04_bs16_modL1_fusion32_fusionL1_drop0p1_trmiss80_trlocclin,16,0.0001,1,32,1,0.1,lr1e-04_bs16_modL1_fusion32_fusionL1_drop0p1_trmiss80_trlocclin,34,0.38689978172381717,0.6684578855832418,0.6176470588235294,0.7087978012350754,0.6222222222222222,0.0,0.0,0.0,0.0,2002,clin,0.8
2,2,lr1e-04_bs16_modL1_fusion32_fusionL1_drop0p1_trmiss80_trlocclin,16,0.0001,1,32,1,0.1,lr1e-04_bs16_modL1_fusion32_fusionL1_drop0p1_trmiss80_trlocclin,35,0.380627378821373,0.6705153385798136,0.6113445378151261,0.7049682518714704,0.6444444444444445,0.0,0.0,0.0,0.0,2002,clin,0.8
2,2,lr1e-04_bs16_modL1_fusion32_fusionL1_drop0p1_trmiss80_trlocclin,16,0.0001,1,32,1,0.1,lr1e-04_bs16_modL1_fusion32_fusionL1_drop0p1_trmiss80_trlocclin,36,0.39422421405712765,0.6765902638435364,0.6029411764705883,0.6979417862735763,0.6444444444444445,0.0,0.0,0.0,0.0,2002,clin,0.8
2,2,lr1e-04_bs16_modL1_fusion32_fusionL1_drop0p1_trmiss80_trlocclin,16,0.0001,1,32,1,0.1,lr1e-04_bs16_modL1_fusion32_fusionL1_drop0p1_trmiss80_trlocclin,37,0.40287692348162335,0.6676060756047567,0.6176470588235294,0.7050341203706687,0.6666666666666666,0.0,0.0,0.0,0.0,2002,clin,0.8
2,2,lr1e-04_bs16_modL1_fusion32_fusionL1_drop0p1_trmiss80_trlocclin,16,0.0001,1,32,1,0.1,lr1e-04_bs16_modL1_fusion32_fusionL1_drop0p1_trmiss80_trlocclin,38,0.4141203264395396,0.6730315486590067,0.6197478991596639,0.7066333011570416,0.6,0.0,0.0,0.0,0.0,2002,clin,0.8
2,2,lr1e-04_bs16_modL1_fusion32_fusionL1_drop0p1_trmiss80_trlocclin,16,0.0001,1,32,1,0.1,lr1e-04_bs16_modL1_fusion32_fusionL1_drop0p1_trmiss80_trlocclin,39,0.39021757741769153,0.6731634338696798,0.6176470588235294,0.7058693592166291,0.6444444444444445,0.0,0.0,0.0,0.0,2002,clin,0.8
2,2,lr1e-04_bs16_modL1_fusion32_fusionL1_drop0p1_trmiss80_trlocclin,16,0.0001,1,32,1,0.1,lr1e-04_bs16_modL1_fusion32_fusionL1_drop0p1_trmiss80_trlocclin,40,0.3883131990830104,0.6748429338137308,0.6134453781512605,0.7057730326697315,0.6444444444444445,0.0,0.0,0.0,0.0,2002,clin,0.8
2,2,lr1e-04_bs16_modL1_fusion32_fusionL1_drop0p1_trmiss80_trlocclin,16,0.0001,1,32,1,0.1,lr1e-04_bs16_modL1_fusion32_fusionL1_drop0p1_trmiss80_trlocclin,41,0.4114171912272771,0.6655027468999227,0.6176470588235294,0.7050874162996833,0.6222222222222222,0.0,0.0,0.0,0.0,2002,clin,0.8
2,2,lr1e-04_bs16_modL1_fusion32_fusionL1_drop0p1_trmiss80_trlocclin,16,0.0001,1,32,1,0.1,lr1e-04_bs16_modL1_fusion32_fusionL1_drop0p1_trmiss80_trlocclin,42,0.4070472742120425,0.6741251548131307,0.6092436974789917,0.6992997537029723,0.6444444444444445,0.0,0.0,0.0,0.0,2002,clin,0.8
2,2,lr1e-04_bs16_modL1_fusion32_fusionL1_drop0p1_trmiss80_trlocclin,16,0.0001,1,32,1,0.1,lr1e-04_bs16_modL1_fusion32_fusionL1_drop0p1_trmiss80_trlocclin,43,0.3906748021642367,0.6684104998906454,0.6134453781512605,0.7024826084913113,0.6222222222222222,0.0,0.0,0.0,0.0,2002,clin,0.8
2,2,lr1e-04_bs16_modL1_fusion32_fusionL1_drop0p1_trmiss80_trlocclin,16,0.0001,1,32,1,0.1,lr1e-04_bs16_modL1_fusion32_fusionL1_drop0p1_trmiss80_trlocclin,44,0.40463898330926895,0.6751805146535238,0.615546218487395,0.7020628102830004,0.6444444444444445,0.0,0.0,0.0,0.0,2002,clin,0.8
2,2,lr1e-04_bs16_modL1_fusion32_fusionL1_drop0p1_trmiss80_trlocclin,16,0.0001,1,32,1,0.1,lr1e-04_bs16_modL1_fusion32_fusionL1_drop0p1_trmiss80_trlocclin,45,0.3671683818101883,0.6680809060732523,0.6134453781512605,0.7005180352368684,0.6444444444444445,0.0,0.0,0.0,0.0,2002,clin,0.8
2,2,lr1e-04_bs16_modL1_fusion32_fusionL1_drop0p1_trmiss80_trlocclin,16,0.0001,1,32,1,0.1,lr1e-04_bs16_modL1_fusion32_fusionL1_drop0p1_trmiss80_trlocclin,46,0.3950214684009552,0.6671601335207621,0.6218487394957983,0.7101794324106309,0.6444444444444445,0.0,0.0,0.0,0.0,2002,clin,0.8
2,2,lr1e-04_bs16_modL1_fusion32_fusionL1_drop0p1_trmiss80_trlocclin,16,0.0001,1,32,1,0.1,lr1e-04_bs16_modL1_fusion32_fusionL1_drop0p1_trmiss80_trlocclin,47,0.38611751546462375,0.6647048195203146,0.6092436974789917,0.7005030498012687,0.6444444444444445,0.0,0.0,0.0,0.0,2002,clin,0.8
2,2,lr1e-04_bs16_modL1_fusion32_fusionL1_drop0p1_trmiss80_trlocclin,16,0.0001,1,32,1,0.1,lr1e-04_bs16_modL1_fusion32_fusionL1_drop0p1_trmiss80_trlocclin,48,0.3797725314895312,0.6717034180959066,0.611344537815126,0.7025715933949619,0.6444444444444445,0.0,0.0,0.0,0.0,2002,clin,0.8
2,2,lr1e-04_bs16_modL1_fusion32_fusionL1_drop0p1_trmiss80_trlocclin,16,0.0001,1,32,1,0.1,lr1e-04_bs16_modL1_fusion32_fusionL1_drop0p1_trmiss80_trlocclin,49,0.37620820105075836,0.6699362794558207,0.6092436974789917,0.7012921191926936,0.6444444444444445,0.0,0.0,0.0,0.0,2002,clin,0.8
2,2,lr1e-04_bs16_modL1_fusion32_fusionL1_drop0p1_trmiss80_trlocclin,16,0.0001,1,32,1,0.1,lr1e-04_bs16_modL1_fusion32_fusionL1_drop0p1_trmiss80_trlocclin,50,0.3652009516954422,0.6733870108922323,0.6113445378151261,0.7016709994654166,0.6444444444444445,0.0,0.0,0.0,0.0,2002,clin,0.8
2,2,lr1e-04_bs16_modL1_fusion32_fusionL1_drop0p1_trmiss80_trlocclin,16,0.0001,1,32,1,0.1,lr1e-04_bs16_modL1_fusion32_fusionL1_drop0p1_trmiss80_trlocclin,51,0.3781088938315709,0.668950617313385,0.6092436974789917,0.6994853124534397,0.6222222222222222,0.0,0.0,0.0,0.0,2002,clin,0.8
2,2,lr1e-04_bs16_modL1_fusion32_fusionL1_drop0p1_trmiss80_trlocclin,16,0.0001,1,32,1,0.1,lr1e-04_bs16_modL1_fusion32_fusionL1_drop0p1_trmiss80_trlocclin,52,0.3728129069010417,0.6661104162534078,0.6050420168067226,0.6980443797317188,0.6444444444444445,0.0,0.0,0.0,0.0,2002,clin,0.8
2,2,lr1e-04_bs16_modL1_fusion32_fusionL1_drop0p1_trmiss80_trlocclin,16,0.0001,1,32,1,0.1,lr1e-04_bs16_modL1_fusion32_fusionL1_drop0p1_trmiss80_trlocclin,53,0.39414747059345245,0.6708964904149374,0.6071428571428572,0.6960334065746667,0.6222222222222222,0.0,0.0,0.0,0.0,2002,clin,0.8
2,2,lr1e-04_bs16_modL1_fusion32_fusionL1_drop0p1_trmiss80_trlocclin,16,0.0001,1,32,1,0.1,lr1e-04_bs16_modL1_fusion32_fusionL1_drop0p1_trmiss80_trlocclin,54,0.3991414085030556,0.6727916399637858,0.6218487394957983,0.7085294907102534,0.6444444444444445,0.0,0.0,0.0,0.0,2002,clin,0.8
2,2,lr1e-04_bs16_modL1_fusion32_fusionL1_drop0p1_trmiss80_trlocclin,16,0.0001,1,32,1,0.1,lr1e-04_bs16_modL1_fusion32_fusionL1_drop0p1_trmiss80_trlocclin,55,0.3960273091991742,0.6751354336738586,0.6197478991596639,0.7048051340967528,0.6222222222222222,0.0,0.0,0.0,0.0,2002,clin,0.8
2,2,lr1e-04_bs16_modL1_fusion32_fusionL1_drop0p1_trmiss80_trlocclin,16,0.0001,1,32,1,0.1,lr1e-04_bs16_modL1_fusion32_fusionL1_drop0p1_trmiss80_trlocclin,56,0.4051953653494517,0.6705191532770792,0.6176470588235294,0.7017501852329805,0.6222222222222222,0.0,0.0,0.0,0.0,2002,clin,0.8
2,2,lr1e-04_bs16_modL1_fusion32_fusionL1_drop0p1_trmiss80_trlocclin,16,0.0001,1,32,1,0.1,lr1e-04_bs16_modL1_fusion32_fusionL1_drop0p1_trmiss80_trlocclin,57,0.3877837931116422,0.6641940871874491,0.6197478991596639,0.706263057410462,0.6444444444444445,0.0,0.0,0.0,0.0,2002,clin,0.8
2,2,lr1e-04_bs16_modL1_fusion32_fusionL1_drop0p1_trmiss80_trlocclin,16,0.0001,1,32,1,0.1,lr1e-04_bs16_modL1_fusion32_fusionL1_drop0p1_trmiss80_trlocclin,58,0.38807281603415805,0.668860654036204,0.6113445378151261,0.7002136575049882,0.6222222222222222,0.0,0.0,0.0,0.0,2002,clin,0.8
2,2,lr1e-04_bs16_modL1_fusion32_fusionL1_drop0p1_trmiss80_trlocclin,16,0.0001,1,32,1,0.1,lr1e-04_bs16_modL1_fusion32_fusionL1_drop0p1_trmiss80_trlocclin,59,0.3793012524644534,0.6683846712112427,0.6260504201680672,0.7104947653217398,0.6666666666666666,0.0,0.0,0.0,0.0,2002,clin,0.8
2,2,lr1e-04_bs16_modL1_fusion32_fusionL1_drop0p1_trmiss80_trlocclin,16,0.0001,1,32,1,0.1,lr1e-04_bs16_modL1_fusion32_fusionL1_drop0p1_trmiss80_trlocclin,60,0.413040262957414,0.663785715897878,0.615546218487395,0.703559894095429,0.6666666666666666,0.0,0.0,0.0,0.0,2002,clin,0.8
2,2,lr1e-04_bs16_modL1_fusion32_fusionL1_drop0p1_trmiss80_trlocclin,16,0.0001,1,32,1,0.1,lr1e-04_bs16_modL1_fusion32_fusionL1_drop0p1_trmiss80_trlocclin,61,0.369093785683314,0.6674337188402811,0.6071428571428572,0.6979242278920473,0.6666666666666666,0.0,0.0,0.0,0.0,2002,clin,0.8
2,2,lr1e-04_bs16_modL1_fusion32_fusionL1_drop0p1_trmiss80_trlocclin,16,0.0001,1,32,1,0.1,lr1e-04_bs16_modL1_fusion32_fusionL1_drop0p1_trmiss80_trlocclin,62,0.37640275557835895,0.6687950690587362,0.6113445378151261,0.7006630213566472,0.6666666666666666,0.0,0.0,0.0,0.0,2002,clin,0.8
2,2,lr1e-04_bs16_modL1_fusion32_fusionL1_drop0p1_trmiss80_trlocclin,16,0.0001,1,32,1,0.1,lr1e-04_bs16_modL1_fusion32_fusionL1_drop0p1_trmiss80_trlocclin,63,0.4051842267314593,0.6597237388292948,0.6176470588235294,0.7040265912787363,0.6888888888888889,0.0,0.0,0.0,0.0,2002,clin,0.8
2,2,lr1e-04_bs16_modL1_fusion32_fusionL1_drop0p1_trmiss80_trlocclin,16,0.0001,1,32,1,0.1,lr1e-04_bs16_modL1_fusion32_fusionL1_drop0p1_trmiss80_trlocclin,64,0.38901285578807193,0.6625382900238037,0.6134453781512605,0.7006292914737918,0.6666666666666666,0.0,0.0,0.0,0.0,2002,clin,0.8
2,2,lr1e-04_bs16_modL1_fusion32_fusionL1_drop0p1_trmiss80_trlocclin,16,0.0001,1,32,1,0.1,lr1e-04_bs16_modL1_fusion32_fusionL1_drop0p1_trmiss80_trlocclin,65,0.3638222739100456,0.6738672653834025,0.6008403361344538,0.6949743710639872,0.6222222222222222,0.0,0.0,0.0,0.0,2002,clin,0.8
2,2,lr1e-04_bs16_modL1_fusion32_fusionL1_drop0p1_trmiss80_trlocclin,16,0.0001,1,32,1,0.1,lr1e-04_bs16_modL1_fusion32_fusionL1_drop0p1_trmiss80_trlocclin,66,0.3671005542079608,0.6706074277559916,0.611344537815126,0.7020709600816751,0.6444444444444445,0.0,0.0,0.0,0.0,2002,clin,0.8
2,2,lr1e-04_bs16_modL1_fusion32_fusionL1_drop0p1_trmiss80_trlocclin,16,0.0001,1,32,1,0.1,lr1e-04_bs16_modL1_fusion32_fusionL1_drop0p1_trmiss80_trlocclin,67,0.36010659237702686,0.6708290179570516,0.6113445378151261,0.700230049810534,0.6222222222222222,0.0,0.0,0.0,0.0,2002,clin,0.8
2,2,lr1e-04_bs16_modL1_fusion32_fusionL1_drop0p1_trmiss80_trlocclin,16,0.0001,1,32,1,0.1,lr1e-04_bs16_modL1_fusion32_fusionL1_drop0p1_trmiss80_trlocclin,68,0.4224204669396083,0.6676864425341288,0.6134453781512604,0.7013660830894245,0.6222222222222222,0.0,0.0,0.0,0.0,2002,clin,0.8
2,2,lr1e-04_bs16_modL1_fusion32_fusionL1_drop0p1_trmiss80_trlocclin,16,0.0001,1,32,1,0.1,lr1e-04_bs16_modL1_fusion32_fusionL1_drop0p1_trmiss80_trlocclin,69,0.3991162230571111,0.6611568133036295,0.6176470588235294,0.7040268762124025,0.6444444444444445,0.0,0.0,0.0,0.0,2002,clin,0.8
2,2,lr1e-04_bs16_modL1_fusion32_fusionL1_drop0p1_trmiss80_trlocclin,16,0.0001,1,32,1,0.1,lr1e-04_bs16_modL1_fusion32_fusionL1_drop0p1_trmiss80_trlocclin,70,0.4058868611852328,0.6714150508244833,0.615546218487395,0.703352522575864,0.6444444444444445,0.0,0.0,0.0,0.0,2002,clin,0.8
2,2,lr1e-04_bs16_modL1_fusion32_fusionL1_drop0p1_trmiss80_trlocclin,16,0.0001,1,32,1,0.1,lr1e-04_bs16_modL1_fusion32_fusionL1_drop0p1_trmiss80_trlocclin,71,0.4044514422615369,0.6681957443555196,0.6239495798319328,0.7079737626592889,0.6444444444444445,0.0,0.0,0.0,0.0,2002,clin,0.8
2,2,lr1e-04_bs16_modL1_fusion32_fusionL1_drop0p1_trmiss80_trlocclin,16,0.0001,1,32,1,0.1,lr1e-04_bs16_modL1_fusion32_fusionL1_drop0p1_trmiss80_trlocclin,72,0.37317905575037,0.6700428128242493,0.6239495798319328,0.7126635263494949,0.6888888888888889,0.0,0.0,0.0,0.0,2002,clin,0.8
2,2,lr1e-04_bs16_modL1_fusion32_fusionL1_drop0p1_trmiss80_trlocclin,16,0.0001,1,32,1,0.1,lr1e-04_bs16_modL1_fusion32_fusionL1_drop0p1_trmiss80_trlocclin,73,0.4229671508073807,0.6671548287073771,0.6239495798319328,0.7117295607481905,0.6666666666666666,0.0,0.0,0.0,0.0,2002,clin,0.8
2,2,lr1e-04_bs16_modL1_fusion32_fusionL1_drop0p1_trmiss80_trlocclin,16,0.0001,1,32,1,0.1,lr1e-04_bs16_modL1_fusion32_fusionL1_drop0p1_trmiss80_trlocclin,74,0.36489495635032654,0.6671854257583618,0.6197478991596639,0.7045002610433725,0.6666666666666666,0.0,0.0,0.0,0.0,2002,clin,0.8
2,2,lr1e-04_bs16_modL1_fusion32_fusionL1_drop0p1_trmiss80_trlocclin,16,0.0001,1,32,1,0.1,lr1e-04_bs16_modL1_fusion32_fusionL1_drop0p1_trmiss80_trlocclin,75,0.4031748448808988,0.6639259854952494,0.6092436974789917,0.6996795816252902,0.6444444444444445,0.0,0.0,0.0,0.0,2002,clin,0.8
2,2,lr1e-04_bs16_modL1_fusion32_fusionL1_drop0p1_trmiss80_trlocclin,16,0.0001,1,32,1,0.1,lr1e-04_bs16_modL1_fusion32_fusionL1_drop0p1_trmiss80_trlocclin,76,0.37734030683835346,0.6651937365531921,0.6050420168067226,0.6968022301234612,0.6666666666666666,0.0,0.0,0.0,0.0,2002,clin,0.8
2,2,lr1e-04_bs16_modL1_fusion32_fusionL1_drop0p1_trmiss80_trlocclin,16,0.0001,1,32,1,0.1,lr1e-04_bs16_modL1_fusion32_fusionL1_drop0p1_trmiss80_trlocclin,77,0.37934478372335434,0.6678680777549744,0.615546218487395,0.7007242134529735,0.6222222222222222,0.0,0.0,0.0,0.0,2002,clin,0.8
2,2,lr1e-04_bs16_modL1_fusion32_fusionL1_drop0p1_trmiss80_trlocclin,16,0.0001,1,32,1,0.1,lr1e-04_bs16_modL1_fusion32_fusionL1_drop0p1_trmiss80_trlocclin,78,0.3820526550213496,0.6628446181615194,0.6239495798319328,0.7093433293199886,0.6666666666666666,0.0,0.0,0.0,0.0,2002,clin,0.8
2,2,lr1e-04_bs16_modL1_fusion32_fusionL1_drop0p1_trmiss80_trlocclin,16,0.0001,1,32,1,0.1,lr1e-04_bs16_modL1_fusion32_fusionL1_drop0p1_trmiss80_trlocclin,79,0.3872656101981799,0.6709704995155334,0.6134453781512605,0.6964570526406787,0.6666666666666666,0.0,0.0,0.0,0.0,2002,clin,0.8
2,2,lr1e-04_bs16_modL1_fusion64_fusionL1_drop0p2_trmiss80_trlocclin,16,0.0001,1,64,1,0.2,lr1e-04_bs16_modL1_fusion64_fusionL1_drop0p2_trmiss80_trlocclin,1,0.8115828136603037,0.7245374520619711,0.46848739495798325,0.6247880305004999,0.4,0.0,0.0,0.0,0.0,2002,clin,0.8
2,2,lr1e-04_bs16_modL1_fusion64_fusionL1_drop0p2_trmiss80_trlocclin,16,0.0001,1,64,1,0.2,lr1e-04_bs16_modL1_fusion64_fusionL1_drop0p2_trmiss80_trlocclin,2,0.754915123184522,0.7301715215047201,0.5798319327731093,0.6937624094402571,0.4,0.0,0.0,0.0,0.0,2002,clin,0.8
2,2,lr1e-04_bs16_modL1_fusion64_fusionL1_drop0p2_trmiss80_trlocclin,16,0.0001,1,64,1,0.2,lr1e-04_bs16_modL1_fusion64_fusionL1_drop0p2_trmiss80_trlocclin,3,0.7215243925650915,0.7468926310539246,0.5273109243697478,0.6916226031822801,0.4222222222222222,0.0,0.0,0.0,0.0,2002,clin,0.8
2,2,lr1e-04_bs16_modL1_fusion64_fusionL1_drop0p2_trmiss80_trlocclin,16,0.0001,1,64,1,0.2,lr1e-04_bs16_modL1_fusion64_fusionL1_drop0p2_trmiss80_trlocclin,4,0.708099494377772,0.7390560706456503,0.569327731092437,0.7296740345852465,0.4444444444444444,0.0,0.0,0.0,0.0,2002,clin,0.8
2,2,lr1e-04_bs16_modL1_fusion64_fusionL1_drop0p2_trmiss80_trlocclin,16,0.0001,1,64,1,0.2,lr1e-04_bs16_modL1_fusion64_fusionL1_drop0p2_trmiss80_trlocclin,5,0.6905068904161453,0.7394578655560812,0.5252100840336134,0.7041549547786136,0.4444444444444444,0.0,0.0,0.0,0.0,2002,clin,0.8
2,2,lr1e-04_bs16_modL1_fusion64_fusionL1_drop0p2_trmiss80_trlocclin,16,0.0001,1,64,1,0.2,lr1e-04_bs16_modL1_fusion64_fusionL1_drop0p2_trmiss80_trlocclin,6,0.6693969368934631,0.7387898763020834,0.5042016806722689,0.7003954009769684,0.4666666666666667,0.0,0.0,0.0,0.0,2002,clin,0.8
2,2,lr1e-04_bs16_modL1_fusion64_fusionL1_drop0p2_trmiss80_trlocclin,16,0.0001,1,64,1,0.2,lr1e-04_bs16_modL1_fusion64_fusionL1_drop0p2_trmiss80_trlocclin,7,0.6138106286525726,0.7400754888852438,0.5084033613445378,0.6841270841232668,0.4666666666666667,0.0,0.0,0.0,0.0,2002,clin,0.8
2,2,lr1e-04_bs16_modL1_fusion64_fusionL1_drop0p2_trmiss80_trlocclin,16,0.0001,1,64,1,0.2,lr1e-04_bs16_modL1_fusion64_fusionL1_drop0p2_trmiss80_trlocclin,8,0.6252999007701874,0.7509456276893616,0.45798319327731096,0.6240452535527146,0.4444444444444444,0.0,0.0,0.0,0.0,2002,clin,0.8
2,2,lr1e-04_bs16_modL1_fusion64_fusionL1_drop0p2_trmiss80_trlocclin,16,0.0001,1,64,1,0.2,lr1e-04_bs16_modL1_fusion64_fusionL1_drop0p2_trmiss80_trlocclin,9,0.620443731546402,0.7387647231419882,0.4642857142857143,0.6295138825481207,0.4666666666666667,0.0,0.0,0.0,0.0,2002,clin,0.8
2,2,lr1e-04_bs16_modL1_fusion64_fusionL1_drop0p2_trmiss80_trlocclin,16,0.0001,1,64,1,0.2,lr1e-04_bs16_modL1_fusion64_fusionL1_drop0p2_trmiss80_trlocclin,10,0.6173397401968638,0.7518178423245748,0.4495798319327731,0.6433024359003082,0.4666666666666667,0.0,0.0,0.0,0.0,2002,clin,0.8
2,2,lr1e-04_bs16_modL1_fusion64_fusionL1_drop0p2_trmiss80_trlocclin,16,0.0001,1,64,1,0.2,lr1e-04_bs16_modL1_fusion64_fusionL1_drop0p2_trmiss80_trlocclin,11,0.5928775469462076,0.7415693600972494,0.46638655462184875,0.6552228918761597,0.4444444444444444,0.0,0.0,0.0,0.0,2002,clin,0.8
2,2,lr1e-04_bs16_modL1_fusion64_fusionL1_drop0p2_trmiss80_trlocclin,16,0.0001,1,64,1,0.2,lr1e-04_bs16_modL1_fusion64_fusionL1_drop0p2_trmiss80_trlocclin,12,0.5844823569059372,0.7354658842086792,0.49789915966386555,0.6682201933410203,0.4666666666666667,0.0,0.0,0.0,0.0,2002,clin,0.8
2,2,lr1e-04_bs16_modL1_fusion64_fusionL1_drop0p2_trmiss80_trlocclin,16,0.0001,1,64,1,0.2,lr1e-04_bs16_modL1_fusion64_fusionL1_drop0p2_trmiss80_trlocclin,13,0.6164330740769705,0.737195094426473,0.5021008403361344,0.6709734113798931,0.4888888888888889,0.0,0.0,0.0,0.0,2002,clin,0.8
2,2,lr1e-04_bs16_modL1_fusion64_fusionL1_drop0p2_trmiss80_trlocclin,16,0.0001,1,64,1,0.2,lr1e-04_bs16_modL1_fusion64_fusionL1_drop0p2_trmiss80_trlocclin,14,0.5586862340569496,0.7336725393931071,0.5231092436974789,0.6829824449787308,0.5111111111111111,0.0,0.0,0.0,0.0,2002,clin,0.8
2,2,lr1e-04_bs16_modL1_fusion64_fusionL1_drop0p2_trmiss80_trlocclin,16,0.0001,1,64,1,0.2,lr1e-04_bs16_modL1_fusion64_fusionL1_drop0p2_trmiss80_trlocclin,15,0.5461804444591204,0.7396242817242941,0.5105042016806722,0.6493160423102472,0.5111111111111111,0.0,0.0,0.0,0.0,2002,clin,0.8
2,2,lr1e-04_bs16_modL1_fusion64_fusionL1_drop0p2_trmiss80_trlocclin,16,0.0001,1,64,1,0.2,lr1e-04_bs16_modL1_fusion64_fusionL1_drop0p2_trmiss80_trlocclin,16,0.5431944876909256,0.7359525362650553,0.5231092436974789,0.6743904017200223,0.5111111111111111,0.0,0.0,0.0,0.0,2002,clin,0.8
2,2,lr1e-04_bs16_modL1_fusion64_fusionL1_drop0p2_trmiss80_trlocclin,16,0.0001,1,64,1,0.2,lr1e-04_bs16_modL1_fusion64_fusionL1_drop0p2_trmiss80_trlocclin,17,0.5568559318780899,0.7290520668029785,0.5168067226890757,0.6679772456768337,0.5111111111111111,0.0,0.0,0.0,0.0,2002,clin,0.8
2,2,lr1e-04_bs16_modL1_fusion64_fusionL1_drop0p2_trmiss80_trlocclin,16,0.0001,1,64,1,0.2,lr1e-04_bs16_modL1_fusion64_fusionL1_drop0p2_trmiss80_trlocclin,18,0.5471237426002821,0.733162502447764,0.5168067226890756,0.6782933918207771,0.4666666666666667,0.0,0.0,0.0,0.0,2002,clin,0.8
2,2,lr1e-04_bs16_modL1_fusion64_fusionL1_drop0p2_trmiss80_trlocclin,16,0.0001,1,64,1,0.2,lr1e-04_bs16_modL1_fusion64_fusionL1_drop0p2_trmiss80_trlocclin,19,0.5504822731018066,0.7341059843699137,0.5084033613445378,0.6746654499105631,0.4888888888888889,0.0,0.0,0.0,0.0,2002,clin,0.8
2,2,lr1e-04_bs16_modL1_fusion64_fusionL1_drop0p2_trmiss80_trlocclin,16,0.0001,1,64,1,0.2,lr1e-04_bs16_modL1_fusion64_fusionL1_drop0p2_trmiss80_trlocclin,20,0.539615772664547,0.7325724562009176,0.5021008403361344,0.658366953368244,0.4888888888888889,0.0,0.0,0.0,0.0,2002,clin,0.8
2,2,lr1e-04_bs16_modL1_fusion64_fusionL1_drop0p2_trmiss80_trlocclin,16,0.0001,1,64,1,0.2,lr1e-04_bs16_modL1_fusion64_fusionL1_drop0p2_trmiss80_trlocclin,21,0.5425168598691622,0.7261777718861898,0.5147058823529412,0.6783227324225966,0.4888888888888889,0.0,0.0,0.0,0.0,2002,clin,0.8
2,2,lr1e-04_bs16_modL1_fusion64_fusionL1_drop0p2_trmiss80_trlocclin,16,0.0001,1,64,1,0.2,lr1e-04_bs16_modL1_fusion64_fusionL1_drop0p2_trmiss80_trlocclin,22,0.5570855389038721,0.7333857814470927,0.5147058823529411,0.6796085208725416,0.4888888888888889,0.0,0.0,0.0,0.0,2002,clin,0.8
2,2,lr1e-04_bs16_modL1_fusion64_fusionL1_drop0p1_trmiss80_trlocclin,16,0.0001,1,64,1,0.1,lr1e-04_bs16_modL1_fusion64_fusionL1_drop0p1_trmiss80_trlocclin,1,0.7559883197148641,0.721366306145986,0.43067226890756305,0.6051373106986299,0.4666666666666667,0.0,0.0,0.0,0.0,2002,clin,0.8
2,2,lr1e-04_bs16_modL1_fusion64_fusionL1_drop0p1_trmiss80_trlocclin,16,0.0001,1,64,1,0.1,lr1e-04_bs16_modL1_fusion64_fusionL1_drop0p1_trmiss80_trlocclin,2,0.6928755640983582,0.7374125123023987,0.4432773109243698,0.6245127383739054,0.4444444444444444,0.0,0.0,0.0,0.0,2002,clin,0.8
2,2,lr1e-04_bs16_modL1_fusion64_fusionL1_drop0p1_trmiss80_trlocclin,16,0.0001,1,64,1,0.1,lr1e-04_bs16_modL1_fusion64_fusionL1_drop0p1_trmiss80_trlocclin,3,0.6541084895531336,0.7362175583839417,0.4642857142857143,0.6656608588702124,0.4,0.0,0.0,0.0,0.0,2002,clin,0.8
2,2,lr1e-04_bs16_modL1_fusion64_fusionL1_drop0p1_trmiss80_trlocclin,16,0.0001,1,64,1,0.1,lr1e-04_bs16_modL1_fusion64_fusionL1_drop0p1_trmiss80_trlocclin,4,0.628327081600825,0.7341615756352743,0.45378151260504207,0.6698730013428214,0.4222222222222222,0.0,0.0,0.0,0.0,2002,clin,0.8
2,2,lr1e-04_bs16_modL1_fusion64_fusionL1_drop0p1_trmiss80_trlocclin,16,0.0001,1,64,1,0.1,lr1e-04_bs16_modL1_fusion64_fusionL1_drop0p1_trmiss80_trlocclin,5,0.6200528194506963,0.7212622364362081,0.47268907563025214,0.6702260112756551,0.4666666666666667,0.0,0.0,0.0,0.0,2002,clin,0.8
2,2,lr1e-04_bs16_modL1_fusion64_fusionL1_drop0p1_trmiss80_trlocclin,16,0.0001,1,64,1,0.1,lr1e-04_bs16_modL1_fusion64_fusionL1_drop0p1_trmiss80_trlocclin,6,0.5870935544371605,0.722742478052775,0.5168067226890756,0.6716206721033665,0.4444444444444444,0.0,0.0,0.0,0.0,2002,clin,0.8
2,2,lr1e-04_bs16_modL1_fusion64_fusionL1_drop0p1_trmiss80_trlocclin,16,0.0001,1,64,1,0.1,lr1e-04_bs16_modL1_fusion64_fusionL1_drop0p1_trmiss80_trlocclin,7,0.580750768383344,0.7152972221374512,0.5294117647058824,0.6872762704274347,0.4222222222222222,0.0,0.0,0.0,0.0,2002,clin,0.8
2,2,lr1e-04_bs16_modL1_fusion64_fusionL1_drop0p1_trmiss80_trlocclin,16,0.0001,1,64,1,0.1,lr1e-04_bs16_modL1_fusion64_fusionL1_drop0p1_trmiss80_trlocclin,8,0.5602486406763395,0.7109273870786031,0.546218487394958,0.6967444899335985,0.4888888888888889,0.0,0.0,0.0,0.0,2002,clin,0.8
2,2,lr1e-04_bs16_modL1_fusion64_fusionL1_drop0p1_trmiss80_trlocclin,16,0.0001,1,64,1,0.1,lr1e-04_bs16_modL1_fusion64_fusionL1_drop0p1_trmiss80_trlocclin,9,0.535404289762179,0.7088862856229147,0.5777310924369747,0.7158208052863546,0.5333333333333333,0.0,0.0,0.0,0.0,2002,clin,0.8
2,2,lr1e-04_bs16_modL1_fusion64_fusionL1_drop0p1_trmiss80_trlocclin,16,0.0001,1,64,1,0.1,lr1e-04_bs16_modL1_fusion64_fusionL1_drop0p1_trmiss80_trlocclin,10,0.5332794065276781,0.7053699294726054,0.5819327731092436,0.7161614218903765,0.5111111111111111,0.0,0.0,0.0,0.0,2002,clin,0.8
2,2,lr1e-04_bs16_modL1_fusion64_fusionL1_drop0p1_trmiss80_trlocclin,16,0.0001,1,64,1,0.1,lr1e-04_bs16_modL1_fusion64_fusionL1_drop0p1_trmiss80_trlocclin,11,0.5082388669252396,0.6937132676442465,0.5714285714285714,0.7116697753705057,0.5333333333333333,0.0,0.0,0.0,0.0,2002,clin,0.8
2,2,lr1e-04_bs16_modL1_fusion64_fusionL1_drop0p1_trmiss80_trlocclin,16,0.0001,1,64,1,0.1,lr1e-04_bs16_modL1_fusion64_fusionL1_drop0p1_trmiss80_trlocclin,12,0.508818065126737,0.7013472318649292,0.5756302521008403,0.7101200190005226,0.5333333333333333,0.0,0.0,0.0,0.0,2002,clin,0.8
2,2,lr1e-04_bs16_modL1_fusion64_fusionL1_drop0p1_trmiss80_trlocclin,16,0.0001,1,64,1,0.1,lr1e-04_bs16_modL1_fusion64_fusionL1_drop0p1_trmiss80_trlocclin,13,0.508165513475736,0.7085557579994202,0.5588235294117647,0.7025327687365397,0.5555555555555556,0.0,0.0,0.0,0.0,2002,clin,0.8
2,2,lr1e-04_bs16_modL1_fusion64_fusionL1_drop0p1_trmiss80_trlocclin,16,0.0001,1,64,1,0.1,lr1e-04_bs16_modL1_fusion64_fusionL1_drop0p1_trmiss80_trlocclin,14,0.49384890496730804,0.7101308107376099,0.5651260504201681,0.7164214482320008,0.5333333333333333,0.0,0.0,0.0,0.0,2002,clin,0.8
2,2,lr1e-04_bs16_modL1_fusion64_fusionL1_drop0p1_trmiss80_trlocclin,16,0.0001,1,64,1,0.1,lr1e-04_bs16_modL1_fusion64_fusionL1_drop0p1_trmiss80_trlocclin,15,0.46656934916973114,0.7050541639328003,0.5714285714285714,0.7099105481343998,0.5555555555555556,0.0,0.0,0.0,0.0,2002,clin,0.8
2,2,lr1e-04_bs16_modL1_fusion64_fusionL1_drop0p1_trmiss80_trlocclin,16,0.0001,1,64,1,0.1,lr1e-04_bs16_modL1_fusion64_fusionL1_drop0p1_trmiss80_trlocclin,16,0.43181228389342624,0.7023035883903503,0.5777310924369748,0.7115365058421188,0.5555555555555556,0.0,0.0,0.0,0.0,2002,clin,0.8
2,2,lr1e-04_bs16_modL1_fusion64_fusionL1_drop0p1_trmiss80_trlocclin,16,0.0001,1,64,1,0.1,lr1e-04_bs16_modL1_fusion64_fusionL1_drop0p1_trmiss80_trlocclin,17,0.4344179431597392,0.6997861266136169,0.5966386554621849,0.7208399459987145,0.5555555555555556,0.0,0.0,0.0,0.0,2002,clin,0.8
2,2,lr1e-04_bs16_modL1_fusion64_fusionL1_drop0p1_trmiss80_trlocclin,16,0.0001,1,64,1,0.1,lr1e-04_bs16_modL1_fusion64_fusionL1_drop0p1_trmiss80_trlocclin,18,0.4098973522583644,0.6984261473019918,0.5861344537815126,0.7116351334835308,0.5555555555555556,0.0,0.0,0.0,0.0,2002,clin,0.8
2,2,lr1e-04_bs16_modL1_fusion64_fusionL1_drop0p1_trmiss80_trlocclin,16,0.0001,1,64,1,0.1,lr1e-04_bs16_modL1_fusion64_fusionL1_drop0p1_trmiss80_trlocclin,19,0.42029881477355957,0.6895286242167155,0.5966386554621849,0.7256419990837736,0.5333333333333333,0.0,0.0,0.0,0.0,2002,clin,0.8
2,2,lr1e-04_bs16_modL1_fusion64_fusionL1_drop0p1_trmiss80_trlocclin,16,0.0001,1,64,1,0.1,lr1e-04_bs16_modL1_fusion64_fusionL1_drop0p1_trmiss80_trlocclin,20,0.399285356203715,0.6996467510859171,0.5840336134453782,0.7120891740605653,0.5333333333333333,0.0,0.0,0.0,0.0,2002,clin,0.8
2,2,lr1e-04_bs16_modL1_fusion64_fusionL1_drop0p1_trmiss80_trlocclin,16,0.0001,1,64,1,0.1,lr1e-04_bs16_modL1_fusion64_fusionL1_drop0p1_trmiss80_trlocclin,21,0.3759220813711484,0.6941763162612915,0.5840336134453781,0.7062194008078714,0.5777777777777777,0.0,0.0,0.0,0.0,2002,clin,0.8
2,2,lr1e-04_bs16_modL1_fusion64_fusionL1_drop0p1_trmiss80_trlocclin,16,0.0001,1,64,1,0.1,lr1e-04_bs16_modL1_fusion64_fusionL1_drop0p1_trmiss80_trlocclin,22,0.3843221515417099,0.696617066860199,0.5735294117647058,0.695383736560391,0.5777777777777777,0.0,0.0,0.0,0.0,2002,clin,0.8
2,2,lr1e-04_bs16_modL1_fusion64_fusionL1_drop0p1_trmiss80_trlocclin,16,0.0001,1,64,1,0.1,lr1e-04_bs16_modL1_fusion64_fusionL1_drop0p1_trmiss80_trlocclin,23,0.3896669348080953,0.6891972819964091,0.5966386554621849,0.7099824896760022,0.6,0.0,0.0,0.0,0.0,2002,clin,0.8
2,2,lr1e-04_bs16_modL1_fusion64_fusionL1_drop0p1_trmiss80_trlocclin,16,0.0001,1,64,1,0.1,lr1e-04_bs16_modL1_fusion64_fusionL1_drop0p1_trmiss80_trlocclin,24,0.365245059132576,0.6772497693697611,0.6050420168067226,0.706895541486646,0.6,0.0,0.0,0.0,0.0,2002,clin,0.8
2,2,lr1e-04_bs16_modL1_fusion64_fusionL1_drop0p1_trmiss80_trlocclin,16,0.0001,1,64,1,0.1,lr1e-04_bs16_modL1_fusion64_fusionL1_drop0p1_trmiss80_trlocclin,25,0.3770015736420949,0.698167602221171,0.5945378151260504,0.708661925665477,0.5111111111111111,0.0,0.0,0.0,0.0,2002,clin,0.8
2,2,lr1e-04_bs16_modL1_fusion64_fusionL1_drop0p1_trmiss80_trlocclin,16,0.0001,1,64,1,0.1,lr1e-04_bs16_modL1_fusion64_fusionL1_drop0p1_trmiss80_trlocclin,26,0.3532748868068059,0.679119865099589,0.615546218487395,0.7228178038709274,0.5555555555555556,0.0,0.0,0.0,0.0,2002,clin,0.8
2,2,lr1e-04_bs16_modL1_fusion64_fusionL1_drop0p1_trmiss80_trlocclin,16,0.0001,1,64,1,0.1,lr1e-04_bs16_modL1_fusion64_fusionL1_drop0p1_trmiss80_trlocclin,27,0.36900179584821063,0.6893039544423422,0.5861344537815126,0.7115551539217396,0.5333333333333333,0.0,0.0,0.0,0.0,2002,clin,0.8
2,2,lr1e-04_bs16_modL1_fusion64_fusionL1_drop0p1_trmiss80_trlocclin,16,0.0001,1,64,1,0.1,lr1e-04_bs16_modL1_fusion64_fusionL1_drop0p1_trmiss80_trlocclin,28,0.35083068658908206,0.6925152540206909,0.5798319327731092,0.7122594396349449,0.6,0.0,0.0,0.0,0.0,2002,clin,0.8
2,2,lr1e-04_bs16_modL1_fusion64_fusionL1_drop0p1_trmiss80_trlocclin,16,0.0001,1,64,1,0.1,lr1e-04_bs16_modL1_fusion64_fusionL1_drop0p1_trmiss80_trlocclin,29,0.34428657094637555,0.688125491142273,0.5945378151260503,0.6917158596978865,0.5777777777777777,0.0,0.0,0.0,0.0,2002,clin,0.8
2,2,lr1e-04_bs16_modL1_fusion64_fusionL1_drop0p1_trmiss80_trlocclin,16,0.0001,1,64,1,0.1,lr1e-04_bs16_modL1_fusion64_fusionL1_drop0p1_trmiss80_trlocclin,30,0.3377670720219612,0.6994294126828512,0.5966386554621849,0.6987023851918701,0.5777777777777777,0.0,0.0,0.0,0.0,2002,clin,0.8
2,2,lr1e-04_bs16_modL1_fusion64_fusionL1_drop0p1_trmiss80_trlocclin,16,0.0001,1,64,1,0.1,lr1e-04_bs16_modL1_fusion64_fusionL1_drop0p1_trmiss80_trlocclin,31,0.33251139521598816,0.7041735649108887,0.5861344537815126,0.6912975472981737,0.5555555555555556,0.0,0.0,0.0,0.0,2002,clin,0.8
2,2,lr1e-04_bs16_modL1_fusion64_fusionL1_drop0p1_trmiss80_trlocclin,16,0.0001,1,64,1,0.1,lr1e-04_bs16_modL1_fusion64_fusionL1_drop0p1_trmiss80_trlocclin,32,0.32532017678022385,0.6988513072331747,0.5840336134453781,0.6893168335527303,0.6,0.0,0.0,0.0,0.0,2002,clin,0.8
2,2,lr1e-04_bs16_modL1_fusion64_fusionL1_drop0p1_trmiss80_trlocclin,16,0.0001,1,64,1,0.1,lr1e-04_bs16_modL1_fusion64_fusionL1_drop0p1_trmiss80_trlocclin,33,0.3564843808611234,0.7055259744326273,0.5819327731092437,0.684195386589943,0.5777777777777777,0.0,0.0,0.0,0.0,2002,clin,0.8
2,2,lr1e-04_bs16_modL1_fusion64_fusionL1_drop0p1_trmiss80_trlocclin,16,0.0001,1,64,1,0.1,lr1e-04_bs16_modL1_fusion64_fusionL1_drop0p1_trmiss80_trlocclin,34,0.30952876557906467,0.7029836177825928,0.5798319327731093,0.6832054729183433,0.5555555555555556,0.0,0.0,0.0,0.0,2002,clin,0.8
2,2,lr1e-04_bs16_modL1_fusion64_fusionL1_drop0p1_trmiss80_trlocclin,16,0.0001,1,64,1,0.1,lr1e-04_bs16_modL1_fusion64_fusionL1_drop0p1_trmiss80_trlocclin,35,0.3475557863712311,0.7011747360229492,0.5945378151260504,0.7118773683201887,0.5555555555555556,0.0,0.0,0.0,0.0,2002,clin,0.8
2,2,lr1e-04_bs16_modL1_fusion64_fusionL1_drop0p1_trmiss80_trlocclin,16,0.0001,1,64,1,0.1,lr1e-04_bs16_modL1_fusion64_fusionL1_drop0p1_trmiss80_trlocclin,36,0.3116731246312459,0.7016616463661194,0.5819327731092437,0.703698612481861,0.5777777777777777,0.0,0.0,0.0,0.0,2002,clin,0.8
2,2,lr1e-04_bs16_modL1_fusion64_fusionL1_drop0p1_trmiss80_trlocclin,16,0.0001,1,64,1,0.1,lr1e-04_bs16_modL1_fusion64_fusionL1_drop0p1_trmiss80_trlocclin,37,0.31720811625321704,0.7006235520044962,0.5882352941176471,0.6893474332692454,0.6,0.0,0.0,0.0,0.0,2002,clin,0.8
2,2,lr1e-04_bs16_modL1_fusion64_fusionL1_drop0p1_trmiss80_trlocclin,16,0.0001,1,64,1,0.1,lr1e-04_bs16_modL1_fusion64_fusionL1_drop0p1_trmiss80_trlocclin,38,0.29728564123312634,0.6894773642222086,0.6050420168067228,0.7147900850480682,0.6222222222222222,0.0,0.0,0.0,0.0,2002,clin,0.8
2,2,lr1e-04_bs16_modL1_fusion64_fusionL1_drop0p1_trmiss80_trlocclin,16,0.0001,1,64,1,0.1,lr1e-04_bs16_modL1_fusion64_fusionL1_drop0p1_trmiss80_trlocclin,39,0.33042362083991367,0.6889684001604716,0.6008403361344538,0.7122351143581684,0.6222222222222222,0.0,0.0,0.0,0.0,2002,clin,0.8
2,2,lr1e-04_bs16_modL1_fusion64_fusionL1_drop0p1_trmiss80_trlocclin,16,0.0001,1,64,1,0.1,lr1e-04_bs16_modL1_fusion64_fusionL1_drop0p1_trmiss80_trlocclin,40,0.3080015281836192,0.6908652981122335,0.6113445378151261,0.7202300785167272,0.6222222222222222,0.0,0.0,0.0,0.0,2002,clin,0.8
2,2,lr1e-04_bs16_modL1_fusion64_fusionL1_drop0p1_trmiss80_trlocclin,16,0.0001,1,64,1,0.1,lr1e-04_bs16_modL1_fusion64_fusionL1_drop0p1_trmiss80_trlocclin,41,0.31397420167922974,0.70032266775767,0.5987394957983193,0.69706254755211,0.5777777777777777,0.0,0.0,0.0,0.0,2002,clin,0.8
2,2,lr1e-04_bs16_modL1_fusion64_fusionL1_drop0p1_trmiss80_trlocclin,16,0.0001,1,64,1,0.1,lr1e-04_bs16_modL1_fusion64_fusionL1_drop0p1_trmiss80_trlocclin,42,0.34508829563856125,0.6976796189943949,0.5987394957983193,0.6974409509499846,0.6,0.0,0.0,0.0,0.0,2002,clin,0.8
2,2,lr1e-04_bs16_modL1_fusion64_fusionL1_drop0p1_trmiss80_trlocclin,16,0.0001,1,64,1,0.1,lr1e-04_bs16_modL1_fusion64_fusionL1_drop0p1_trmiss80_trlocclin,43,0.35038135945796967,0.6883013447125753,0.5987394957983193,0.6954676590446274,0.6444444444444445,0.0,0.0,0.0,0.0,2002,clin,0.8
2,2,lr1e-04_bs16_modL1_fusion64_fusionL1_drop0p1_trmiss80_trlocclin,16,0.0001,1,64,1,0.1,lr1e-04_bs16_modL1_fusion64_fusionL1_drop0p1_trmiss80_trlocclin,44,0.30026193459828693,0.6920093297958374,0.5966386554621849,0.694818728836962,0.6222222222222222,0.0,0.0,0.0,0.0,2002,clin,0.8
2,2,lr1e-04_bs16_modL1_fusion64_fusionL1_drop0p1_trmiss80_trlocclin,16,0.0001,1,64,1,0.1,lr1e-04_bs16_modL1_fusion64_fusionL1_drop0p1_trmiss80_trlocclin,45,0.31993699570496875,0.6856497526168823,0.6071428571428571,0.6973187734731413,0.6222222222222222,0.0,0.0,0.0,0.0,2002,clin,0.8
2,2,lr1e-04_bs16_modL1_fusion64_fusionL1_drop0p1_trmiss80_trlocclin,16,0.0001,1,64,1,0.1,lr1e-04_bs16_modL1_fusion64_fusionL1_drop0p1_trmiss80_trlocclin,46,0.30329082906246185,0.6915953954060873,0.6050420168067228,0.6951177686322004,0.6,0.0,0.0,0.0,0.0,2002,clin,0.8
2,2,lr5e-05_bs32_modL1_fusion32_fusionL1_drop0p2_trmiss80_trlocclin,32,5e-05,1,32,1,0.2,lr5e-05_bs32_modL1_fusion32_fusionL1_drop0p2_trmiss80_trlocclin,1,0.7290659447511038,0.6769293248653412,0.5399159663865547,0.6677460356977936,0.5777777777777777,0.0,0.0,0.0,0.0,2002,clin,0.8
2,2,lr5e-05_bs32_modL1_fusion32_fusionL1_drop0p2_trmiss80_trlocclin,32,5e-05,1,32,1,0.2,lr5e-05_bs32_modL1_fusion32_fusionL1_drop0p2_trmiss80_trlocclin,2,0.7033860186735789,0.6733666360378265,0.5504201680672269,0.6865534356392684,0.5777777777777777,0.0,0.0,0.0,0.0,2002,clin,0.8
2,2,lr5e-05_bs32_modL1_fusion32_fusionL1_drop0p2_trmiss80_trlocclin,32,5e-05,1,32,1,0.2,lr5e-05_bs32_modL1_fusion32_fusionL1_drop0p2_trmiss80_trlocclin,3,0.6876243948936462,0.6708912551403046,0.5588235294117647,0.6856170003334385,0.5777777777777777,0.0,0.0,0.0,0.0,2002,clin,0.8
2,2,lr5e-05_bs32_modL1_fusion32_fusionL1_drop0p2_trmiss80_trlocclin,32,5e-05,1,32,1,0.2,lr5e-05_bs32_modL1_fusion32_fusionL1_drop0p2_trmiss80_trlocclin,4,0.6524421870708466,0.6716122925281525,0.5651260504201681,0.6944943510052108,0.6,0.0,0.0,0.0,0.0,2002,clin,0.8
2,2,lr5e-05_bs32_modL1_fusion32_fusionL1_drop0p2_trmiss80_trlocclin,32,5e-05,1,32,1,0.2,lr5e-05_bs32_modL1_fusion32_fusionL1_drop0p2_trmiss80_trlocclin,5,0.6405152976512909,0.6759674549102783,0.569327731092437,0.6854425321936695,0.5555555555555556,0.0,0.0,0.0,0.0,2002,clin,0.8
2,2,lr5e-05_bs32_modL1_fusion32_fusionL1_drop0p2_trmiss80_trlocclin,32,5e-05,1,32,1,0.2,lr5e-05_bs32_modL1_fusion32_fusionL1_drop0p2_trmiss80_trlocclin,6,0.6214786171913147,0.6809244751930237,0.5672268907563025,0.6923502036857522,0.5111111111111111,0.0,0.0,0.0,0.0,2002,clin,0.8
2,2,lr5e-05_bs32_modL1_fusion32_fusionL1_drop0p2_trmiss80_trlocclin,32,5e-05,1,32,1,0.2,lr5e-05_bs32_modL1_fusion32_fusionL1_drop0p2_trmiss80_trlocclin,7,0.6367734968662262,0.6821601986885071,0.5651260504201681,0.6915516452122525,0.5111111111111111,0.0,0.0,0.0,0.0,2002,clin,0.8
2,2,lr5e-05_bs32_modL1_fusion32_fusionL1_drop0p2_trmiss80_trlocclin,32,5e-05,1,32,1,0.2,lr5e-05_bs32_modL1_fusion32_fusionL1_drop0p2_trmiss80_trlocclin,8,0.6163741648197174,0.68836310505867,0.5756302521008404,0.698368562275212,0.5111111111111111,0.0,0.0,0.0,0.0,2002,clin,0.8
2,2,lr5e-05_bs32_modL1_fusion32_fusionL1_drop0p2_trmiss80_trlocclin,32,5e-05,1,32,1,0.2,lr5e-05_bs32_modL1_fusion32_fusionL1_drop0p2_trmiss80_trlocclin,9,0.595459500948588,0.6921708583831787,0.5882352941176471,0.7026112605058354,0.5111111111111111,0.0,0.0,0.0,0.0,2002,clin,0.8
2,2,lr5e-05_bs32_modL1_fusion32_fusionL1_drop0p2_trmiss80_trlocclin,32,5e-05,1,32,1,0.2,lr5e-05_bs32_modL1_fusion32_fusionL1_drop0p2_trmiss80_trlocclin,10,0.5817206799983978,0.6897410154342651,0.5840336134453782,0.702490702902236,0.5555555555555556,0.0,0.0,0.0,0.0,2002,clin,0.8
2,2,lr5e-05_bs32_modL1_fusion32_fusionL1_drop0p2_trmiss80_trlocclin,32,5e-05,1,32,1,0.2,lr5e-05_bs32_modL1_fusion32_fusionL1_drop0p2_trmiss80_trlocclin,11,0.5854343076546987,0.6899978518486023,0.596638655462185,0.7086874569154862,0.6,0.0,0.0,0.0,0.0,2002,clin,0.8
2,2,lr5e-05_bs32_modL1_fusion32_fusionL1_drop0p2_trmiss80_trlocclin,32,5e-05,1,32,1,0.2,lr5e-05_bs32_modL1_fusion32_fusionL1_drop0p2_trmiss80_trlocclin,12,0.5747355471054713,0.6970244944095612,0.5945378151260505,0.7068540878736628,0.5555555555555556,0.0,0.0,0.0,0.0,2002,clin,0.8
2,2,lr5e-05_bs32_modL1_fusion32_fusionL1_drop0p2_trmiss80_trlocclin,32,5e-05,1,32,1,0.2,lr5e-05_bs32_modL1_fusion32_fusionL1_drop0p2_trmiss80_trlocclin,13,0.5560426910718282,0.6975544989109039,0.5945378151260504,0.7055207894027593,0.5777777777777777,0.0,0.0,0.0,0.0,2002,clin,0.8
2,2,lr5e-05_bs32_modL1_fusion32_fusionL1_drop0p2_trmiss80_trlocclin,32,5e-05,1,32,1,0.2,lr5e-05_bs32_modL1_fusion32_fusionL1_drop0p2_trmiss80_trlocclin,14,0.576772133509318,0.7004320323467255,0.5840336134453781,0.7016404272092348,0.5555555555555556,0.0,0.0,0.0,0.0,2002,clin,0.8
2,2,lr5e-05_bs32_modL1_fusion32_fusionL1_drop0p2_trmiss80_trlocclin,32,5e-05,1,32,1,0.2,lr5e-05_bs32_modL1_fusion32_fusionL1_drop0p2_trmiss80_trlocclin,15,0.5664682487646738,0.7001763582229614,0.5861344537815125,0.7022107022560125,0.5777777777777777,0.0,0.0,0.0,0.0,2002,clin,0.8
2,2,lr5e-05_bs32_modL1_fusion32_fusionL1_drop0p2_trmiss80_trlocclin,32,5e-05,1,32,1,0.2,lr5e-05_bs32_modL1_fusion32_fusionL1_drop0p2_trmiss80_trlocclin,16,0.5619228581587473,0.7004297375679016,0.588235294117647,0.7054986429373604,0.5555555555555556,0.0,0.0,0.0,0.0,2002,clin,0.8
2,2,lr5e-05_bs32_modL1_fusion32_fusionL1_drop0p2_trmiss80_trlocclin,32,5e-05,1,32,1,0.2,lr5e-05_bs32_modL1_fusion32_fusionL1_drop0p2_trmiss80_trlocclin,17,0.5576074123382568,0.7044229209423065,0.5798319327731092,0.6979788595358007,0.5555555555555556,0.0,0.0,0.0,0.0,2002,clin,0.8
2,2,lr5e-05_bs32_modL1_fusion32_fusionL1_drop0p2_trmiss80_trlocclin,32,5e-05,1,32,1,0.2,lr5e-05_bs32_modL1_fusion32_fusionL1_drop0p2_trmiss80_trlocclin,18,0.5614569137493769,0.7080534100532532,0.5903361344537814,0.7060213857774934,0.5555555555555556,0.0,0.0,0.0,0.0,2002,clin,0.8
2,2,lr5e-05_bs32_modL1_fusion32_fusionL1_drop0p2_trmiss80_trlocclin,32,5e-05,1,32,1,0.2,lr5e-05_bs32_modL1_fusion32_fusionL1_drop0p2_trmiss80_trlocclin,19,0.5467668275038401,0.7073349058628082,0.6029411764705883,0.7144633558828353,0.5555555555555556,0.0,0.0,0.0,0.0,2002,clin,0.8
2,2,lr5e-05_bs32_modL1_fusion32_fusionL1_drop0p2_trmiss80_trlocclin,32,5e-05,1,32,1,0.2,lr5e-05_bs32_modL1_fusion32_fusionL1_drop0p2_trmiss80_trlocclin,20,0.5471682151158651,0.7060117125511169,0.5987394957983193,0.7120453199550139,0.5555555555555556,0.0,0.0,0.0,0.0,2002,clin,0.8
2,2,lr5e-05_bs32_modL1_fusion32_fusionL1_drop0p2_trmiss80_trlocclin,32,5e-05,1,32,1,0.2,lr5e-05_bs32_modL1_fusion32_fusionL1_drop0p2_trmiss80_trlocclin,21,0.5443968375523885,0.7069623172283173,0.5903361344537815,0.7057215550290211,0.5555555555555556,0.0,0.0,0.0,0.0,2002,clin,0.8
2,2,lr5e-05_bs32_modL1_fusion32_fusionL1_drop0p2_trmiss80_trlocclin,32,5e-05,1,32,1,0.2,lr5e-05_bs32_modL1_fusion32_fusionL1_drop0p2_trmiss80_trlocclin,22,0.5463130672772726,0.7084953784942627,0.592436974789916,0.709336410623179,0.5777777777777777,0.0,0.0,0.0,0.0,2002,clin,0.8
2,2,lr5e-05_bs32_modL1_fusion32_fusionL1_drop0p2_trmiss80_trlocclin,32,5e-05,1,32,1,0.2,lr5e-05_bs32_modL1_fusion32_fusionL1_drop0p2_trmiss80_trlocclin,23,0.5477297504742941,0.7106565535068512,0.588235294117647,0.7061016572277916,0.5555555555555556,0.0,0.0,0.0,0.0,2002,clin,0.8
2,2,lr5e-05_bs32_modL1_fusion32_fusionL1_drop0p2_trmiss80_trlocclin,32,5e-05,1,32,1,0.2,lr5e-05_bs32_modL1_fusion32_fusionL1_drop0p2_trmiss80_trlocclin,24,0.548238217830658,0.7127408981323242,0.5819327731092437,0.7046820542989007,0.5777777777777777,0.0,0.0,0.0,0.0,2002,clin,0.8
2,2,lr5e-05_bs32_modL1_fusion32_fusionL1_drop0p2_trmiss80_trlocclin,32,5e-05,1,32,1,0.2,lr5e-05_bs32_modL1_fusion32_fusionL1_drop0p2_trmiss80_trlocclin,25,0.5290554662545522,0.7089098691940308,0.5861344537815126,0.7047907404286835,0.5777777777777777,0.0,0.0,0.0,0.0,2002,clin,0.8
2,2,lr5e-05_bs32_modL1_fusion32_fusionL1_drop0p2_trmiss80_trlocclin,32,5e-05,1,32,1,0.2,lr5e-05_bs32_modL1_fusion32_fusionL1_drop0p2_trmiss80_trlocclin,26,0.5349576274553934,0.7085378766059875,0.5840336134453781,0.7028867391908922,0.6,0.0,0.0,0.0,0.0,2002,clin,0.8
2,2,lr5e-05_bs32_modL1_fusion32_fusionL1_drop0p2_trmiss80_trlocclin,32,5e-05,1,32,1,0.2,lr5e-05_bs32_modL1_fusion32_fusionL1_drop0p2_trmiss80_trlocclin,27,0.5334031482537588,0.707626461982727,0.5819327731092437,0.701329060482144,0.5777777777777777,0.0,0.0,0.0,0.0,2002,clin,0.8
2,2,lr5e-05_bs32_modL1_fusion32_fusionL1_drop0p2_trmiss80_trlocclin,32,5e-05,1,32,1,0.2,lr5e-05_bs32_modL1_fusion32_fusionL1_drop0p2_trmiss80_trlocclin,28,0.5408126016457876,0.7080685794353485,0.5840336134453781,0.7020032137630201,0.5777777777777777,0.0,0.0,0.0,0.0,2002,clin,0.8
2,2,lr5e-05_bs32_modL1_fusion32_fusionL1_drop0p2_trmiss80_trlocclin,32,5e-05,1,32,1,0.2,lr5e-05_bs32_modL1_fusion32_fusionL1_drop0p2_trmiss80_trlocclin,29,0.5300120313962301,0.708662211894989,0.5735294117647058,0.698029027501236,0.5777777777777777,0.0,0.0,0.0,0.0,2002,clin,0.8
2,2,lr5e-05_bs32_modL1_fusion32_fusionL1_drop0p2_trmiss80_trlocclin,32,5e-05,1,32,1,0.2,lr5e-05_bs32_modL1_fusion32_fusionL1_drop0p2_trmiss80_trlocclin,30,0.5328688522179922,0.7111254930496216,0.5756302521008403,0.6988563759844889,0.5555555555555556,0.0,0.0,0.0,0.0,2002,clin,0.8
2,2,lr5e-05_bs32_modL1_fusion32_fusionL1_drop0p2_trmiss80_trlocclin,32,5e-05,1,32,1,0.2,lr5e-05_bs32_modL1_fusion32_fusionL1_drop0p2_trmiss80_trlocclin,31,0.5251091917355856,0.709915816783905,0.5777310924369748,0.7002382543340268,0.5777777777777777,0.0,0.0,0.0,0.0,2002,clin,0.8
2,2,lr5e-05_bs32_modL1_fusion32_fusionL1_drop0p2_trmiss80_trlocclin,32,5e-05,1,32,1,0.2,lr5e-05_bs32_modL1_fusion32_fusionL1_drop0p2_trmiss80_trlocclin,32,0.5175536920626959,0.7093999981880188,0.5777310924369747,0.7003274449612789,0.6,0.0,0.0,0.0,0.0,2002,clin,0.8
2,2,lr5e-05_bs32_modL1_fusion32_fusionL1_drop0p2_trmiss80_trlocclin,32,5e-05,1,32,1,0.2,lr5e-05_bs32_modL1_fusion32_fusionL1_drop0p2_trmiss80_trlocclin,33,0.5572676459948221,0.7130622863769531,0.5840336134453781,0.7040314834635165,0.5555555555555556,0.0,0.0,0.0,0.0,2002,clin,0.8
2,2,lr5e-05_bs32_modL1_fusion32_fusionL1_drop0p2_trmiss80_trlocclin,32,5e-05,1,32,1,0.2,lr5e-05_bs32_modL1_fusion32_fusionL1_drop0p2_trmiss80_trlocclin,34,0.5271247774362564,0.7164451479911804,0.5819327731092437,0.7029015489420831,0.5777777777777777,0.0,0.0,0.0,0.0,2002,clin,0.8
2,2,lr5e-05_bs32_modL1_fusion32_fusionL1_drop0p2_trmiss80_trlocclin,32,5e-05,1,32,1,0.2,lr5e-05_bs32_modL1_fusion32_fusionL1_drop0p2_trmiss80_trlocclin,35,0.5322893559932709,0.7144996225833893,0.5756302521008403,0.7002144705043483,0.5555555555555556,0.0,0.0,0.0,0.0,2002,clin,0.8
2,2,lr5e-05_bs32_modL1_fusion32_fusionL1_drop0p2_trmiss80_trlocclin,32,5e-05,1,32,1,0.2,lr5e-05_bs32_modL1_fusion32_fusionL1_drop0p2_trmiss80_trlocclin,36,0.5285628239313761,0.7131897211074829,0.5777310924369748,0.7000468521749651,0.5777777777777777,0.0,0.0,0.0,0.0,2002,clin,0.8
2,2,lr5e-05_bs32_modL1_fusion32_fusionL1_drop0p2_trmiss80_trlocclin,32,5e-05,1,32,1,0.2,lr5e-05_bs32_modL1_fusion32_fusionL1_drop0p2_trmiss80_trlocclin,37,0.5416596134503683,0.7132531106472015,0.5777310924369747,0.7007880901037031,0.5777777777777777,0.0,0.0,0.0,0.0,2002,clin,0.8
2,2,lr5e-05_bs32_modL1_fusion32_fusionL1_drop0p2_trmiss80_trlocclin,32,5e-05,1,32,1,0.2,lr5e-05_bs32_modL1_fusion32_fusionL1_drop0p2_trmiss80_trlocclin,38,0.540507972240448,0.7148391306400299,0.5861344537815126,0.7052719742750873,0.5555555555555556,0.0,0.0,0.0,0.0,2002,clin,0.8
2,2,lr5e-05_bs32_modL1_fusion32_fusionL1_drop0p2_trmiss80_trlocclin,32,5e-05,1,32,1,0.2,lr5e-05_bs32_modL1_fusion32_fusionL1_drop0p2_trmiss80_trlocclin,39,0.5258935242891312,0.7139149308204651,0.5819327731092437,0.7042328033619667,0.6,0.0,0.0,0.0,0.0,2002,clin,0.8
2,2,lr5e-05_bs32_modL1_fusion32_fusionL1_drop0p1_trmiss80_trlocclin,32,5e-05,1,32,1,0.1,lr5e-05_bs32_modL1_fusion32_fusionL1_drop0p1_trmiss80_trlocclin,1,0.6918558180332184,0.6838605105876923,0.5084033613445378,0.6605087434227996,0.5555555555555556,0.0,0.0,0.0,0.0,2002,clin,0.8
2,2,lr5e-05_bs32_modL1_fusion32_fusionL1_drop0p1_trmiss80_trlocclin,32,5e-05,1,32,1,0.1,lr5e-05_bs32_modL1_fusion32_fusionL1_drop0p1_trmiss80_trlocclin,2,0.6696735421816508,0.6807432174682617,0.5273109243697478,0.6951329780388107,0.4666666666666667,0.0,0.0,0.0,0.0,2002,clin,0.8
2,2,lr5e-05_bs32_modL1_fusion32_fusionL1_drop0p1_trmiss80_trlocclin,32,5e-05,1,32,1,0.1,lr5e-05_bs32_modL1_fusion32_fusionL1_drop0p1_trmiss80_trlocclin,3,0.6346130073070526,0.6748175323009491,0.5273109243697478,0.7054652320538661,0.4888888888888889,0.0,0.0,0.0,0.0,2002,clin,0.8
2,2,lr5e-05_bs32_modL1_fusion32_fusionL1_drop0p1_trmiss80_trlocclin,32,5e-05,1,32,1,0.1,lr5e-05_bs32_modL1_fusion32_fusionL1_drop0p1_trmiss80_trlocclin,4,0.6153568724791209,0.6672295033931732,0.5483193277310925,0.7385982297006565,0.5111111111111111,0.0,0.0,0.0,0.0,2002,clin,0.8
2,2,lr5e-05_bs32_modL1_fusion32_fusionL1_drop0p1_trmiss80_trlocclin,32,5e-05,1,32,1,0.1,lr5e-05_bs32_modL1_fusion32_fusionL1_drop0p1_trmiss80_trlocclin,5,0.6155407031377157,0.6635052561759949,0.5609243697478992,0.7479350511290369,0.5111111111111111,0.0,0.0,0.0,0.0,2002,clin,0.8
2,2,lr5e-05_bs32_modL1_fusion32_fusionL1_drop0p1_trmiss80_trlocclin,32,5e-05,1,32,1,0.1,lr5e-05_bs32_modL1_fusion32_fusionL1_drop0p1_trmiss80_trlocclin,6,0.5826505919297537,0.6603143215179443,0.5630252100840336,0.7572604854969142,0.5333333333333333,0.0,0.0,0.0,0.0,2002,clin,0.8
2,2,lr5e-05_bs32_modL1_fusion32_fusionL1_drop0p1_trmiss80_trlocclin,32,5e-05,1,32,1,0.1,lr5e-05_bs32_modL1_fusion32_fusionL1_drop0p1_trmiss80_trlocclin,7,0.5703354179859161,0.6544857025146484,0.5924369747899161,0.7700541114486636,0.5333333333333333,0.0,0.0,0.0,0.0,2002,clin,0.8
2,2,lr5e-05_bs32_modL1_fusion32_fusionL1_drop0p1_trmiss80_trlocclin,32,5e-05,1,32,1,0.1,lr5e-05_bs32_modL1_fusion32_fusionL1_drop0p1_trmiss80_trlocclin,8,0.5620256861050924,0.651725709438324,0.6197478991596639,0.7937614817345761,0.5111111111111111,0.0,0.0,0.0,0.0,2002,clin,0.8
2,2,lr5e-05_bs32_modL1_fusion32_fusionL1_drop0p1_trmiss80_trlocclin,32,5e-05,1,32,1,0.1,lr5e-05_bs32_modL1_fusion32_fusionL1_drop0p1_trmiss80_trlocclin,9,0.5537151197592417,0.6512763798236847,0.6323529411764706,0.8110348968687723,0.4888888888888889,0.0,0.0,0.0,0.0,2002,clin,0.8
2,2,lr5e-05_bs32_modL1_fusion32_fusionL1_drop0p1_trmiss80_trlocclin,32,5e-05,1,32,1,0.1,lr5e-05_bs32_modL1_fusion32_fusionL1_drop0p1_trmiss80_trlocclin,10,0.5321171681086222,0.651872456073761,0.6281512605042017,0.8073069222571769,0.5111111111111111,0.0,0.0,0.0,0.0,2002,clin,0.8
2,2,lr5e-05_bs32_modL1_fusion32_fusionL1_drop0p1_trmiss80_trlocclin,32,5e-05,1,32,1,0.1,lr5e-05_bs32_modL1_fusion32_fusionL1_drop0p1_trmiss80_trlocclin,11,0.5323356638352076,0.6536305844783783,0.615546218487395,0.7980063470795731,0.5111111111111111,0.0,0.0,0.0,0.0,2002,clin,0.8
2,2,lr5e-05_bs32_modL1_fusion32_fusionL1_drop0p1_trmiss80_trlocclin,32,5e-05,1,32,1,0.1,lr5e-05_bs32_modL1_fusion32_fusionL1_drop0p1_trmiss80_trlocclin,12,0.5210915803909302,0.6566491425037384,0.6218487394957983,0.7972842397071923,0.5333333333333333,0.0,0.0,0.0,0.0,2002,clin,0.8
2,2,lr5e-05_bs32_modL1_fusion32_fusionL1_drop0p1_trmiss80_trlocclin,32,5e-05,1,32,1,0.1,lr5e-05_bs32_modL1_fusion32_fusionL1_drop0p1_trmiss80_trlocclin,13,0.5281473994255066,0.6542952060699463,0.6407563025210083,0.8009828538673743,0.5111111111111111,0.0,0.0,0.0,0.0,2002,clin,0.8
2,2,lr5e-05_bs32_modL1_fusion32_fusionL1_drop0p1_trmiss80_trlocclin,32,5e-05,1,32,1,0.1,lr5e-05_bs32_modL1_fusion32_fusionL1_drop0p1_trmiss80_trlocclin,14,0.48210908969243366,0.6545958817005157,0.6365546218487395,0.7935202480265067,0.5111111111111111,0.0,0.0,0.0,0.0,2002,clin,0.8
2,2,lr5e-05_bs32_modL1_fusion32_fusionL1_drop0p1_trmiss80_trlocclin,32,5e-05,1,32,1,0.1,lr5e-05_bs32_modL1_fusion32_fusionL1_drop0p1_trmiss80_trlocclin,15,0.4907768666744232,0.6550875008106232,0.6449579831932774,0.8054201678905532,0.5333333333333333,0.0,0.0,0.0,0.0,2002,clin,0.8
2,2,lr5e-05_bs32_modL1_fusion32_fusionL1_drop0p1_trmiss80_trlocclin,32,5e-05,1,32,1,0.1,lr5e-05_bs32_modL1_fusion32_fusionL1_drop0p1_trmiss80_trlocclin,16,0.4738771418730418,0.6561915278434753,0.6323529411764706,0.7991037727872142,0.5555555555555556,0.0,0.0,0.0,0.0,2002,clin,0.8
2,2,lr5e-05_bs32_modL1_fusion32_fusionL1_drop0p1_trmiss80_trlocclin,32,5e-05,1,32,1,0.1,lr5e-05_bs32_modL1_fusion32_fusionL1_drop0p1_trmiss80_trlocclin,17,0.471713791290919,0.6574791073799133,0.6323529411764706,0.795149770886885,0.5777777777777777,0.0,0.0,0.0,0.0,2002,clin,0.8
2,2,lr5e-05_bs32_modL1_fusion32_fusionL1_drop0p1_trmiss80_trlocclin,32,5e-05,1,32,1,0.1,lr5e-05_bs32_modL1_fusion32_fusionL1_drop0p1_trmiss80_trlocclin,18,0.4749555091063182,0.6580034792423248,0.6323529411764706,0.7940387889459699,0.5777777777777777,0.0,0.0,0.0,0.0,2002,clin,0.8
2,2,lr5e-05_bs32_modL1_fusion32_fusionL1_drop0p1_trmiss80_trlocclin,32,5e-05,1,32,1,0.1,lr5e-05_bs32_modL1_fusion32_fusionL1_drop0p1_trmiss80_trlocclin,19,0.4631088028351466,0.6586840152740479,0.638655462184874,0.8006380927672668,0.5777777777777777,0.0,0.0,0.0,0.0,2002,clin,0.8
2,2,lr5e-05_bs32_modL1_fusion32_fusionL1_drop0p1_trmiss80_trlocclin,32,5e-05,1,32,1,0.1,lr5e-05_bs32_modL1_fusion32_fusionL1_drop0p1_trmiss80_trlocclin,20,0.46038006742795307,0.6602902412414551,0.6281512605042017,0.7919967402932627,0.5777777777777777,0.0,0.0,0.0,0.0,2002,clin,0.8
2,2,lr5e-05_bs32_modL1_fusion32_fusionL1_drop0p1_trmiss80_trlocclin,32,5e-05,1,32,1,0.1,lr5e-05_bs32_modL1_fusion32_fusionL1_drop0p1_trmiss80_trlocclin,21,0.4693277031183243,0.661915123462677,0.6197478991596639,0.7847619782386861,0.5777777777777777,0.0,0.0,0.0,0.0,2002,clin,0.8
2,2,lr5e-05_bs32_modL1_fusion32_fusionL1_drop0p1_trmiss80_trlocclin,32,5e-05,1,32,1,0.1,lr5e-05_bs32_modL1_fusion32_fusionL1_drop0p1_trmiss80_trlocclin,22,0.46584702531496686,0.6638383567333221,0.6176470588235294,0.7816116650831209,0.5777777777777777,0.0,0.0,0.0,0.0,2002,clin,0.8
2,2,lr5e-05_bs32_modL1_fusion32_fusionL1_drop0p1_trmiss80_trlocclin,32,5e-05,1,32,1,0.1,lr5e-05_bs32_modL1_fusion32_fusionL1_drop0p1_trmiss80_trlocclin,23,0.4502282341321309,0.6623809635639191,0.6239495798319328,0.7848191011314352,0.6,0.0,0.0,0.0,0.0,2002,clin,0.8
2,2,lr5e-05_bs32_modL1_fusion32_fusionL1_drop0p1_trmiss80_trlocclin,32,5e-05,1,32,1,0.1,lr5e-05_bs32_modL1_fusion32_fusionL1_drop0p1_trmiss80_trlocclin,24,0.45827839771906537,0.6633209586143494,0.6218487394957983,0.7823497917040055,0.5777777777777777,0.0,0.0,0.0,0.0,2002,clin,0.8
2,2,lr5e-05_bs32_modL1_fusion32_fusionL1_drop0p1_trmiss80_trlocclin,32,5e-05,1,32,1,0.1,lr5e-05_bs32_modL1_fusion32_fusionL1_drop0p1_trmiss80_trlocclin,25,0.4500985046227773,0.6640261709690094,0.6302521008403361,0.7855130133811693,0.5777777777777777,0.0,0.0,0.0,0.0,2002,clin,0.8
2,2,lr5e-05_bs32_modL1_fusion32_fusionL1_drop0p1_trmiss80_trlocclin,32,5e-05,1,32,1,0.1,lr5e-05_bs32_modL1_fusion32_fusionL1_drop0p1_trmiss80_trlocclin,26,0.4462603032588959,0.6622562110424042,0.634453781512605,0.7879336960726778,0.6,0.0,0.0,0.0,0.0,2002,clin,0.8
2,2,lr5e-05_bs32_modL1_fusion32_fusionL1_drop0p1_trmiss80_trlocclin,32,5e-05,1,32,1,0.1,lr5e-05_bs32_modL1_fusion32_fusionL1_drop0p1_trmiss80_trlocclin,27,0.45373107492923737,0.6607051491737366,0.634453781512605,0.7926146433067162,0.5777777777777777,0.0,0.0,0.0,0.0,2002,clin,0.8
2,2,lr5e-05_bs32_modL1_fusion32_fusionL1_drop0p1_trmiss80_trlocclin,32,5e-05,1,32,1,0.1,lr5e-05_bs32_modL1_fusion32_fusionL1_drop0p1_trmiss80_trlocclin,28,0.4443345268567403,0.656584769487381,0.6491596638655461,0.8007628616131052,0.6222222222222222,0.0,0.0,0.0,0.0,2002,clin,0.8
2,2,lr5e-05_bs32_modL1_fusion32_fusionL1_drop0p1_trmiss80_trlocclin,32,5e-05,1,32,1,0.1,lr5e-05_bs32_modL1_fusion32_fusionL1_drop0p1_trmiss80_trlocclin,29,0.45170312623182934,0.6568118631839752,0.6407563025210085,0.7946042256236422,0.6222222222222222,0.0,0.0,0.0,0.0,2002,clin,0.8
2,2,lr5e-05_bs32_modL1_fusion32_fusionL1_drop0p1_trmiss80_trlocclin,32,5e-05,1,32,1,0.1,lr5e-05_bs32_modL1_fusion32_fusionL1_drop0p1_trmiss80_trlocclin,30,0.45469099283218384,0.655657947063446,0.6491596638655462,0.8060899375636775,0.6222222222222222,0.0,0.0,0.0,0.0,2002,clin,0.8
2,2,lr5e-05_bs32_modL1_fusion32_fusionL1_drop0p1_trmiss80_trlocclin,32,5e-05,1,32,1,0.1,lr5e-05_bs32_modL1_fusion32_fusionL1_drop0p1_trmiss80_trlocclin,31,0.449796383579572,0.6576836705207825,0.6407563025210083,0.7944204739620581,0.6222222222222222,0.0,0.0,0.0,0.0,2002,clin,0.8
2,2,lr5e-05_bs32_modL1_fusion32_fusionL1_drop0p1_trmiss80_trlocclin,32,5e-05,1,32,1,0.1,lr5e-05_bs32_modL1_fusion32_fusionL1_drop0p1_trmiss80_trlocclin,32,0.43430663148562115,0.6558201014995575,0.6512605042016806,0.8067784233617497,0.6222222222222222,0.0,0.0,0.0,0.0,2002,clin,0.8
2,2,lr5e-05_bs32_modL1_fusion32_fusionL1_drop0p1_trmiss80_trlocclin,32,5e-05,1,32,1,0.1,lr5e-05_bs32_modL1_fusion32_fusionL1_drop0p1_trmiss80_trlocclin,33,0.44176886479059857,0.6556766033172607,0.6533613445378151,0.8097670595092499,0.6222222222222222,0.0,0.0,0.0,0.0,2002,clin,0.8
2,2,lr5e-05_bs32_modL1_fusion32_fusionL1_drop0p1_trmiss80_trlocclin,32,5e-05,1,32,1,0.1,lr5e-05_bs32_modL1_fusion32_fusionL1_drop0p1_trmiss80_trlocclin,34,0.4413139422734578,0.6562594175338745,0.657563025210084,0.8075129837418672,0.6222222222222222,0.0,0.0,0.0,0.0,2002,clin,0.8
2,2,lr5e-05_bs32_modL1_fusion32_fusionL1_drop0p1_trmiss80_trlocclin,32,5e-05,1,32,1,0.1,lr5e-05_bs32_modL1_fusion32_fusionL1_drop0p1_trmiss80_trlocclin,35,0.4413961172103882,0.6572769582271576,0.6491596638655461,0.7997484055759179,0.6222222222222222,0.0,0.0,0.0,0.0,2002,clin,0.8
2,2,lr5e-05_bs32_modL1_fusion32_fusionL1_drop0p1_trmiss80_trlocclin,32,5e-05,1,32,1,0.1,lr5e-05_bs32_modL1_fusion32_fusionL1_drop0p1_trmiss80_trlocclin,36,0.45290738344192505,0.6582746505737305,0.6449579831932774,0.7984346463557548,0.6,0.0,0.0,0.0,0.0,2002,clin,0.8
2,2,lr5e-05_bs32_modL1_fusion32_fusionL1_drop0p1_trmiss80_trlocclin,32,5e-05,1,32,1,0.1,lr5e-05_bs32_modL1_fusion32_fusionL1_drop0p1_trmiss80_trlocclin,37,0.45499950150648755,0.6584615409374237,0.634453781512605,0.7897541745760177,0.6222222222222222,0.0,0.0,0.0,0.0,2002,clin,0.8
2,2,lr5e-05_bs32_modL1_fusion32_fusionL1_drop0p1_trmiss80_trlocclin,32,5e-05,1,32,1,0.1,lr5e-05_bs32_modL1_fusion32_fusionL1_drop0p1_trmiss80_trlocclin,38,0.4370908588171005,0.659482330083847,0.6386554621848739,0.7931859172519464,0.6,0.0,0.0,0.0,0.0,2002,clin,0.8
2,2,lr5e-05_bs32_modL1_fusion32_fusionL1_drop0p1_trmiss80_trlocclin,32,5e-05,1,32,1,0.1,lr5e-05_bs32_modL1_fusion32_fusionL1_drop0p1_trmiss80_trlocclin,39,0.43921249111493427,0.6591430604457855,0.6323529411764706,0.7910718366991514,0.6222222222222222,0.0,0.0,0.0,0.0,2002,clin,0.8
2,2,lr5e-05_bs32_modL1_fusion32_fusionL1_drop0p1_trmiss80_trlocclin,32,5e-05,1,32,1,0.1,lr5e-05_bs32_modL1_fusion32_fusionL1_drop0p1_trmiss80_trlocclin,40,0.44270061949888867,0.6591179668903351,0.6365546218487396,0.7953844722413242,0.6222222222222222,0.0,0.0,0.0,0.0,2002,clin,0.8
2,2,lr5e-05_bs32_modL1_fusion32_fusionL1_drop0p1_trmiss80_trlocclin,32,5e-05,1,32,1,0.1,lr5e-05_bs32_modL1_fusion32_fusionL1_drop0p1_trmiss80_trlocclin,41,0.43725621700286865,0.6602416038513184,0.6239495798319328,0.7821610264072927,0.6,0.0,0.0,0.0,0.0,2002,clin,0.8
2,2,lr5e-05_bs32_modL1_fusion32_fusionL1_drop0p1_trmiss80_trlocclin,32,5e-05,1,32,1,0.1,lr5e-05_bs32_modL1_fusion32_fusionL1_drop0p1_trmiss80_trlocclin,42,0.4469950795173645,0.6603498160839081,0.6281512605042017,0.7839462013652251,0.6,0.0,0.0,0.0,0.0,2002,clin,0.8
2,2,lr5e-05_bs32_modL1_fusion32_fusionL1_drop0p1_trmiss80_trlocclin,32,5e-05,1,32,1,0.1,lr5e-05_bs32_modL1_fusion32_fusionL1_drop0p1_trmiss80_trlocclin,43,0.44089771807193756,0.6583499908447266,0.6302521008403361,0.7848818478991798,0.6222222222222222,0.0,0.0,0.0,0.0,2002,clin,0.8
2,2,lr5e-05_bs32_modL1_fusion32_fusionL1_drop0p1_trmiss80_trlocclin,32,5e-05,1,32,1,0.1,lr5e-05_bs32_modL1_fusion32_fusionL1_drop0p1_trmiss80_trlocclin,44,0.44605231781800586,0.6582568883895874,0.634453781512605,0.7888540648937783,0.6222222222222222,0.0,0.0,0.0,0.0,2002,clin,0.8
2,2,lr5e-05_bs32_modL1_fusion32_fusionL1_drop0p1_trmiss80_trlocclin,32,5e-05,1,32,1,0.1,lr5e-05_bs32_modL1_fusion32_fusionL1_drop0p1_trmiss80_trlocclin,45,0.4318661739428838,0.6586215198040009,0.634453781512605,0.7874285132802566,0.6222222222222222,0.0,0.0,0.0,0.0,2002,clin,0.8
2,2,lr5e-05_bs32_modL1_fusion32_fusionL1_drop0p1_trmiss80_trlocclin,32,5e-05,1,32,1,0.1,lr5e-05_bs32_modL1_fusion32_fusionL1_drop0p1_trmiss80_trlocclin,46,0.4336436639229457,0.6596659421920776,0.634453781512605,0.786723514044419,0.6222222222222222,0.0,0.0,0.0,0.0,2002,clin,0.8
2,2,lr5e-05_bs32_modL1_fusion32_fusionL1_drop0p1_trmiss80_trlocclin,32,5e-05,1,32,1,0.1,lr5e-05_bs32_modL1_fusion32_fusionL1_drop0p1_trmiss80_trlocclin,47,0.4414769758780797,0.6591607928276062,0.6428571428571428,0.7962008363825224,0.6444444444444445,0.0,0.0,0.0,0.0,2002,clin,0.8
2,2,lr5e-05_bs32_modL1_fusion32_fusionL1_drop0p1_trmiss80_trlocclin,32,5e-05,1,32,1,0.1,lr5e-05_bs32_modL1_fusion32_fusionL1_drop0p1_trmiss80_trlocclin,48,0.43560153245925903,0.6585233509540558,0.6386554621848739,0.7902197454694546,0.6,0.0,0.0,0.0,0.0,2002,clin,0.8
2,2,lr5e-05_bs32_modL1_fusion32_fusionL1_drop0p1_trmiss80_trlocclin,32,5e-05,1,32,1,0.1,lr5e-05_bs32_modL1_fusion32_fusionL1_drop0p1_trmiss80_trlocclin,49,0.4356924792130788,0.6586828529834747,0.6386554621848739,0.7914272592432884,0.6,0.0,0.0,0.0,0.0,2002,clin,0.8
2,2,lr5e-05_bs32_modL1_fusion32_fusionL1_drop0p1_trmiss80_trlocclin,32,5e-05,1,32,1,0.1,lr5e-05_bs32_modL1_fusion32_fusionL1_drop0p1_trmiss80_trlocclin,50,0.44524304072062176,0.6596996188163757,0.6302521008403361,0.7872225489201966,0.6,0.0,0.0,0.0,0.0,2002,clin,0.8
2,2,lr5e-05_bs32_modL1_fusion32_fusionL1_drop0p1_trmiss80_trlocclin,32,5e-05,1,32,1,0.1,lr5e-05_bs32_modL1_fusion32_fusionL1_drop0p1_trmiss80_trlocclin,51,0.43973193566004437,0.659195214509964,0.6344537815126051,0.7878240502829366,0.6,0.0,0.0,0.0,0.0,2002,clin,0.8
2,2,lr5e-05_bs32_modL1_fusion32_fusionL1_drop0p1_trmiss80_trlocclin,32,5e-05,1,32,1,0.1,lr5e-05_bs32_modL1_fusion32_fusionL1_drop0p1_trmiss80_trlocclin,52,0.4428687443335851,0.6612522900104523,0.6260504201680672,0.7810215770330949,0.6222222222222222,0.0,0.0,0.0,0.0,2002,clin,0.8
2,2,lr5e-05_bs32_modL1_fusion32_fusionL1_drop0p1_trmiss80_trlocclin,32,5e-05,1,32,1,0.1,lr5e-05_bs32_modL1_fusion32_fusionL1_drop0p1_trmiss80_trlocclin,53,0.43532805641492206,0.6604288518428802,0.6386554621848739,0.7987948669059272,0.6222222222222222,0.0,0.0,0.0,0.0,2002,clin,0.8
2,2,lr5e-05_bs32_modL1_fusion32_fusionL1_drop0p1_trmiss80_trlocclin,32,5e-05,1,32,1,0.1,lr5e-05_bs32_modL1_fusion32_fusionL1_drop0p1_trmiss80_trlocclin,54,0.44105156262715656,0.6601548790931702,0.6323529411764706,0.7935235562339729,0.6222222222222222,0.0,0.0,0.0,0.0,2002,clin,0.8
2,2,lr5e-05_bs32_modL1_fusion64_fusionL1_drop0p2_trmiss80_trlocclin,32,5e-05,1,64,1,0.2,lr5e-05_bs32_modL1_fusion64_fusionL1_drop0p2_trmiss80_trlocclin,1,0.7116610705852509,0.6965179443359375,0.615546218487395,0.7787293751627694,0.5111111111111111,0.0,0.0,0.0,0.0,2002,clin,0.8
2,2,lr5e-05_bs32_modL1_fusion64_fusionL1_drop0p2_trmiss80_trlocclin,32,5e-05,1,64,1,0.2,lr5e-05_bs32_modL1_fusion64_fusionL1_drop0p2_trmiss80_trlocclin,2,0.6713547507921854,0.6964106857776642,0.5987394957983193,0.769893560188581,0.6,0.0,0.0,0.0,0.0,2002,clin,0.8
2,2,lr5e-05_bs32_modL1_fusion64_fusionL1_drop0p2_trmiss80_trlocclin,32,5e-05,1,64,1,0.2,lr5e-05_bs32_modL1_fusion64_fusionL1_drop0p2_trmiss80_trlocclin,3,0.6536708176136017,0.6955035626888275,0.5987394957983193,0.7636411556999537,0.5333333333333333,0.0,0.0,0.0,0.0,2002,clin,0.8
2,2,lr5e-05_bs32_modL1_fusion64_fusionL1_drop0p2_trmiss80_trlocclin,32,5e-05,1,64,1,0.2,lr5e-05_bs32_modL1_fusion64_fusionL1_drop0p2_trmiss80_trlocclin,4,0.6444663206736246,0.6906630098819733,0.5966386554621849,0.7518376839123727,0.5555555555555556,0.0,0.0,0.0,0.0,2002,clin,0.8
2,2,lr5e-05_bs32_modL1_fusion64_fusionL1_drop0p2_trmiss80_trlocclin,32,5e-05,1,64,1,0.2,lr5e-05_bs32_modL1_fusion64_fusionL1_drop0p2_trmiss80_trlocclin,5,0.6383618315060934,0.6873884201049805,0.6008403361344538,0.7526902368405193,0.5333333333333333,0.0,0.0,0.0,0.0,2002,clin,0.8
2,2,lr5e-05_bs32_modL1_fusion64_fusionL1_drop0p2_trmiss80_trlocclin,32,5e-05,1,64,1,0.2,lr5e-05_bs32_modL1_fusion64_fusionL1_drop0p2_trmiss80_trlocclin,6,0.6081666847070059,0.6837100684642792,0.5945378151260504,0.7474326071428722,0.5555555555555556,0.0,0.0,0.0,0.0,2002,clin,0.8
2,2,lr5e-05_bs32_modL1_fusion64_fusionL1_drop0p2_trmiss80_trlocclin,32,5e-05,1,64,1,0.2,lr5e-05_bs32_modL1_fusion64_fusionL1_drop0p2_trmiss80_trlocclin,7,0.6201665302117666,0.6814818382263184,0.6155462184873949,0.7581086553947365,0.5555555555555556,0.0,0.0,0.0,0.0,2002,clin,0.8
2,2,lr5e-05_bs32_modL1_fusion64_fusionL1_drop0p2_trmiss80_trlocclin,32,5e-05,1,64,1,0.2,lr5e-05_bs32_modL1_fusion64_fusionL1_drop0p2_trmiss80_trlocclin,8,0.5989024539788564,0.6799654364585876,0.5903361344537814,0.7504271835977537,0.5777777777777777,0.0,0.0,0.0,0.0,2002,clin,0.8
2,2,lr5e-05_bs32_modL1_fusion64_fusionL1_drop0p2_trmiss80_trlocclin,32,5e-05,1,64,1,0.2,lr5e-05_bs32_modL1_fusion64_fusionL1_drop0p2_trmiss80_trlocclin,9,0.5873110195000967,0.6831497550010681,0.5714285714285714,0.7385175342395094,0.6,0.0,0.0,0.0,0.0,2002,clin,0.8
2,2,lr5e-05_bs32_modL1_fusion64_fusionL1_drop0p2_trmiss80_trlocclin,32,5e-05,1,64,1,0.2,lr5e-05_bs32_modL1_fusion64_fusionL1_drop0p2_trmiss80_trlocclin,10,0.5951415300369263,0.6857584118843079,0.5672268907563025,0.7367531268906483,0.5777777777777777,0.0,0.0,0.0,0.0,2002,clin,0.8
2,2,lr5e-05_bs32_modL1_fusion64_fusionL1_drop0p2_trmiss80_trlocclin,32,5e-05,1,64,1,0.2,lr5e-05_bs32_modL1_fusion64_fusionL1_drop0p2_trmiss80_trlocclin,11,0.5678201019763947,0.6824166476726532,0.6134453781512605,0.7752024622817312,0.6,0.0,0.0,0.0,0.0,2002,clin,0.8
2,2,lr5e-05_bs32_modL1_fusion64_fusionL1_drop0p2_trmiss80_trlocclin,32,5e-05,1,64,1,0.2,lr5e-05_bs32_modL1_fusion64_fusionL1_drop0p2_trmiss80_trlocclin,12,0.5573261678218842,0.6822443008422852,0.6134453781512604,0.7770288313364565,0.5777777777777777,0.0,0.0,0.0,0.0,2002,clin,0.8
2,2,lr5e-05_bs32_modL1_fusion64_fusionL1_drop0p2_trmiss80_trlocclin,32,5e-05,1,64,1,0.2,lr5e-05_bs32_modL1_fusion64_fusionL1_drop0p2_trmiss80_trlocclin,13,0.5474442541599274,0.6810193359851837,0.6344537815126051,0.7893730598070244,0.5555555555555556,0.0,0.0,0.0,0.0,2002,clin,0.8
2,2,lr5e-05_bs32_modL1_fusion64_fusionL1_drop0p2_trmiss80_trlocclin,32,5e-05,1,64,1,0.2,lr5e-05_bs32_modL1_fusion64_fusionL1_drop0p2_trmiss80_trlocclin,14,0.5578439931074778,0.6761650443077087,0.6491596638655462,0.7987188813435129,0.5555555555555556,0.0,0.0,0.0,0.0,2002,clin,0.8
2,2,lr5e-05_bs32_modL1_fusion64_fusionL1_drop0p2_trmiss80_trlocclin,32,5e-05,1,64,1,0.2,lr5e-05_bs32_modL1_fusion64_fusionL1_drop0p2_trmiss80_trlocclin,15,0.5356784462928772,0.6764832735061646,0.653361344537815,0.8076813170916629,0.5555555555555556,0.0,0.0,0.0,0.0,2002,clin,0.8
2,2,lr5e-05_bs32_modL1_fusion64_fusionL1_drop0p2_trmiss80_trlocclin,32,5e-05,1,64,1,0.2,lr5e-05_bs32_modL1_fusion64_fusionL1_drop0p2_trmiss80_trlocclin,16,0.5271736085414886,0.6765581965446472,0.6428571428571429,0.8027852818909854,0.5555555555555556,0.0,0.0,0.0,0.0,2002,clin,0.8
2,2,lr5e-05_bs32_modL1_fusion64_fusionL1_drop0p2_trmiss80_trlocclin,32,5e-05,1,64,1,0.2,lr5e-05_bs32_modL1_fusion64_fusionL1_drop0p2_trmiss80_trlocclin,17,0.5319219430287679,0.6750662624835968,0.6407563025210083,0.7995829029848833,0.5777777777777777,0.0,0.0,0.0,0.0,2002,clin,0.8
2,2,lr5e-05_bs32_modL1_fusion64_fusionL1_drop0p2_trmiss80_trlocclin,32,5e-05,1,64,1,0.2,lr5e-05_bs32_modL1_fusion64_fusionL1_drop0p2_trmiss80_trlocclin,18,0.5193149397770563,0.6710944175720215,0.6407563025210083,0.7980081277495988,0.5777777777777777,0.0,0.0,0.0,0.0,2002,clin,0.8
2,2,lr5e-05_bs32_modL1_fusion64_fusionL1_drop0p2_trmiss80_trlocclin,32,5e-05,1,64,1,0.2,lr5e-05_bs32_modL1_fusion64_fusionL1_drop0p2_trmiss80_trlocclin,19,0.5167478074630102,0.6673264801502228,0.6638655462184874,0.799589688147086,0.6,0.0,0.0,0.0,0.0,2002,clin,0.8
2,2,lr5e-05_bs32_modL1_fusion64_fusionL1_drop0p2_trmiss80_trlocclin,32,5e-05,1,64,1,0.2,lr5e-05_bs32_modL1_fusion64_fusionL1_drop0p2_trmiss80_trlocclin,20,0.5031373451153437,0.6693403422832489,0.6638655462184875,0.7938915506117967,0.6,0.0,0.0,0.0,0.0,2002,clin,0.8
2,2,lr5e-05_bs32_modL1_fusion64_fusionL1_drop0p2_trmiss80_trlocclin,32,5e-05,1,64,1,0.2,lr5e-05_bs32_modL1_fusion64_fusionL1_drop0p2_trmiss80_trlocclin,21,0.4893955737352371,0.6663042306900024,0.6680672268907564,0.7982717347316814,0.6,0.0,0.0,0.0,0.0,2002,clin,0.8
2,2,lr5e-05_bs32_modL1_fusion64_fusionL1_drop0p2_trmiss80_trlocclin,32,5e-05,1,64,1,0.2,lr5e-05_bs32_modL1_fusion64_fusionL1_drop0p2_trmiss80_trlocclin,22,0.5110330333312353,0.669005274772644,0.6533613445378151,0.7949100517392014,0.5777777777777777,0.0,0.0,0.0,0.0,2002,clin,0.8
2,2,lr5e-05_bs32_modL1_fusion64_fusionL1_drop0p2_trmiss80_trlocclin,32,5e-05,1,64,1,0.2,lr5e-05_bs32_modL1_fusion64_fusionL1_drop0p2_trmiss80_trlocclin,23,0.4852290004491806,0.670366495847702,0.6428571428571429,0.7898778782967018,0.5555555555555556,0.0,0.0,0.0,0.0,2002,clin,0.8
2,2,lr5e-05_bs32_modL1_fusion64_fusionL1_drop0p2_trmiss80_trlocclin,32,5e-05,1,64,1,0.2,lr5e-05_bs32_modL1_fusion64_fusionL1_drop0p2_trmiss80_trlocclin,24,0.4830184727907181,0.6699150800704956,0.6428571428571429,0.7825637878709655,0.5777777777777777,0.0,0.0,0.0,0.0,2002,clin,0.8
2,2,lr5e-05_bs32_modL1_fusion64_fusionL1_drop0p2_trmiss80_trlocclin,32,5e-05,1,64,1,0.2,lr5e-05_bs32_modL1_fusion64_fusionL1_drop0p2_trmiss80_trlocclin,25,0.4825965613126755,0.6641324758529663,0.6554621848739496,0.7854640117350755,0.5777777777777777,0.0,0.0,0.0,0.0,2002,clin,0.8
2,2,lr5e-05_bs32_modL1_fusion64_fusionL1_drop0p2_trmiss80_trlocclin,32,5e-05,1,64,1,0.2,lr5e-05_bs32_modL1_fusion64_fusionL1_drop0p2_trmiss80_trlocclin,26,0.4679281910260518,0.6620036363601685,0.6470588235294118,0.7800766943096887,0.6,0.0,0.0,0.0,0.0,2002,clin,0.8
2,2,lr5e-05_bs32_modL1_fusion64_fusionL1_drop0p2_trmiss80_trlocclin,32,5e-05,1,64,1,0.2,lr5e-05_bs32_modL1_fusion64_fusionL1_drop0p2_trmiss80_trlocclin,27,0.472856268286705,0.6652970314025879,0.6323529411764707,0.7816626233144495,0.6,0.0,0.0,0.0,0.0,2002,clin,0.8
2,2,lr5e-05_bs32_modL1_fusion64_fusionL1_drop0p2_trmiss80_trlocclin,32,5e-05,1,64,1,0.2,lr5e-05_bs32_modL1_fusion64_fusionL1_drop0p2_trmiss80_trlocclin,28,0.45961961646874744,0.6690172851085663,0.6302521008403361,0.7815205282798431,0.5555555555555556,0.0,0.0,0.0,0.0,2002,clin,0.8
2,2,lr5e-05_bs32_modL1_fusion64_fusionL1_drop0p2_trmiss80_trlocclin,32,5e-05,1,64,1,0.2,lr5e-05_bs32_modL1_fusion64_fusionL1_drop0p2_trmiss80_trlocclin,29,0.44853689273198444,0.6648794412612915,0.6449579831932772,0.7885281627504553,0.6,0.0,0.0,0.0,0.0,2002,clin,0.8
2,2,lr5e-05_bs32_modL1_fusion64_fusionL1_drop0p2_trmiss80_trlocclin,32,5e-05,1,64,1,0.2,lr5e-05_bs32_modL1_fusion64_fusionL1_drop0p2_trmiss80_trlocclin,30,0.4553941935300827,0.6579695641994476,0.6659663865546219,0.8047855912772618,0.6,0.0,0.0,0.0,0.0,2002,clin,0.8
2,2,lr5e-05_bs32_modL1_fusion64_fusionL1_drop0p2_trmiss80_trlocclin,32,5e-05,1,64,1,0.2,lr5e-05_bs32_modL1_fusion64_fusionL1_drop0p2_trmiss80_trlocclin,31,0.4326277623573939,0.658261775970459,0.661764705882353,0.7847228765189913,0.6222222222222222,0.0,0.0,0.0,0.0,2002,clin,0.8
2,2,lr5e-05_bs32_modL1_fusion64_fusionL1_drop0p2_trmiss80_trlocclin,32,5e-05,1,64,1,0.2,lr5e-05_bs32_modL1_fusion64_fusionL1_drop0p2_trmiss80_trlocclin,32,0.44363663097222644,0.6556515395641327,0.6512605042016807,0.7684532488505622,0.6222222222222222,0.0,0.0,0.0,0.0,2002,clin,0.8
2,2,lr5e-05_bs32_modL1_fusion64_fusionL1_drop0p2_trmiss80_trlocclin,32,5e-05,1,64,1,0.2,lr5e-05_bs32_modL1_fusion64_fusionL1_drop0p2_trmiss80_trlocclin,33,0.44065981606642407,0.6538228392601013,0.6596638655462185,0.7920273560216182,0.6222222222222222,0.0,0.0,0.0,0.0,2002,clin,0.8
2,2,lr5e-05_bs32_modL1_fusion64_fusionL1_drop0p2_trmiss80_trlocclin,32,5e-05,1,64,1,0.2,lr5e-05_bs32_modL1_fusion64_fusionL1_drop0p2_trmiss80_trlocclin,34,0.4355055242776871,0.6452923119068146,0.680672268907563,0.8130303996235787,0.6444444444444445,0.0,0.0,0.0,0.0,2002,clin,0.8
2,2,lr5e-05_bs32_modL1_fusion64_fusionL1_drop0p2_trmiss80_trlocclin,32,5e-05,1,64,1,0.2,lr5e-05_bs32_modL1_fusion64_fusionL1_drop0p2_trmiss80_trlocclin,35,0.41905362407366437,0.6423332095146179,0.6827731092436974,0.8111314203348935,0.6444444444444445,0.0,0.0,0.0,0.0,2002,clin,0.8
2,2,lr5e-05_bs32_modL1_fusion64_fusionL1_drop0p2_trmiss80_trlocclin,32,5e-05,1,64,1,0.2,lr5e-05_bs32_modL1_fusion64_fusionL1_drop0p2_trmiss80_trlocclin,36,0.4177023818095525,0.6428394615650177,0.6827731092436975,0.813031998139746,0.6444444444444445,0.0,0.0,0.0,0.0,2002,clin,0.8
2,2,lr5e-05_bs32_modL1_fusion64_fusionL1_drop0p2_trmiss80_trlocclin,32,5e-05,1,64,1,0.2,lr5e-05_bs32_modL1_fusion64_fusionL1_drop0p2_trmiss80_trlocclin,37,0.40713511407375336,0.6490453779697418,0.6659663865546218,0.8051406201900019,0.6666666666666666,0.0,0.0,0.0,0.0,2002,clin,0.8
2,2,lr5e-05_bs32_modL1_fusion64_fusionL1_drop0p2_trmiss80_trlocclin,32,5e-05,1,64,1,0.2,lr5e-05_bs32_modL1_fusion64_fusionL1_drop0p2_trmiss80_trlocclin,38,0.39290091892083484,0.6527647972106934,0.6596638655462186,0.78906477352205,0.6666666666666666,0.0,0.0,0.0,0.0,2002,clin,0.8
2,2,lr5e-05_bs32_modL1_fusion64_fusionL1_drop0p2_trmiss80_trlocclin,32,5e-05,1,64,1,0.2,lr5e-05_bs32_modL1_fusion64_fusionL1_drop0p2_trmiss80_trlocclin,39,0.40214108924070996,0.6456806361675262,0.6680672268907564,0.8060454693091367,0.6666666666666666,0.0,0.0,0.0,0.0,2002,clin,0.8
2,2,lr5e-05_bs32_modL1_fusion64_fusionL1_drop0p2_trmiss80_trlocclin,32,5e-05,1,64,1,0.2,lr5e-05_bs32_modL1_fusion64_fusionL1_drop0p2_trmiss80_trlocclin,40,0.40502960483233136,0.646258533000946,0.6722689075630252,0.8101220139066537,0.6444444444444445,0.0,0.0,0.0,0.0,2002,clin,0.8
2,2,lr5e-05_bs32_modL1_fusion64_fusionL1_drop0p2_trmiss80_trlocclin,32,5e-05,1,64,1,0.2,lr5e-05_bs32_modL1_fusion64_fusionL1_drop0p2_trmiss80_trlocclin,41,0.3959004729986191,0.6501246988773346,0.6743697478991596,0.8073397095306672,0.6444444444444445,0.0,0.0,0.0,0.0,2002,clin,0.8
2,2,lr5e-05_bs32_modL1_fusion64_fusionL1_drop0p2_trmiss80_trlocclin,32,5e-05,1,64,1,0.2,lr5e-05_bs32_modL1_fusion64_fusionL1_drop0p2_trmiss80_trlocclin,42,0.3822307238976161,0.6495916843414307,0.6722689075630253,0.8068763213782034,0.6444444444444445,0.0,0.0,0.0,0.0,2002,clin,0.8
2,2,lr5e-05_bs32_modL1_fusion64_fusionL1_drop0p2_trmiss80_trlocclin,32,5e-05,1,64,1,0.2,lr5e-05_bs32_modL1_fusion64_fusionL1_drop0p2_trmiss80_trlocclin,43,0.39298061033089954,0.6487058401107788,0.676470588235294,0.8076749064331846,0.6444444444444445,0.0,0.0,0.0,0.0,2002,clin,0.8
2,2,lr5e-05_bs32_modL1_fusion64_fusionL1_drop0p2_trmiss80_trlocclin,32,5e-05,1,64,1,0.2,lr5e-05_bs32_modL1_fusion64_fusionL1_drop0p2_trmiss80_trlocclin,44,0.37371406455834705,0.6480298936367035,0.6596638655462185,0.8005560674188059,0.6444444444444445,0.0,0.0,0.0,0.0,2002,clin,0.8
2,2,lr5e-05_bs32_modL1_fusion64_fusionL1_drop0p2_trmiss80_trlocclin,32,5e-05,1,64,1,0.2,lr5e-05_bs32_modL1_fusion64_fusionL1_drop0p2_trmiss80_trlocclin,45,0.37927419940630597,0.6492891013622284,0.6701680672268908,0.8056491704855114,0.6222222222222222,0.0,0.0,0.0,0.0,2002,clin,0.8
2,2,lr5e-05_bs32_modL1_fusion64_fusionL1_drop0p2_trmiss80_trlocclin,32,5e-05,1,64,1,0.2,lr5e-05_bs32_modL1_fusion64_fusionL1_drop0p2_trmiss80_trlocclin,46,0.3809441725413005,0.6533293128013611,0.6680672268907563,0.8032943824164377,0.6222222222222222,0.0,0.0,0.0,0.0,2002,clin,0.8
2,2,lr5e-05_bs32_modL1_fusion64_fusionL1_drop0p2_trmiss80_trlocclin,32,5e-05,1,64,1,0.2,lr5e-05_bs32_modL1_fusion64_fusionL1_drop0p2_trmiss80_trlocclin,47,0.3632587095101674,0.6551723480224609,0.6638655462184874,0.7898930983085066,0.6222222222222222,0.0,0.0,0.0,0.0,2002,clin,0.8
2,2,lr5e-05_bs32_modL1_fusion64_fusionL1_drop0p2_trmiss80_trlocclin,32,5e-05,1,64,1,0.2,lr5e-05_bs32_modL1_fusion64_fusionL1_drop0p2_trmiss80_trlocclin,48,0.3717018663883209,0.6527958512306213,0.6659663865546218,0.7904883364037447,0.6222222222222222,0.0,0.0,0.0,0.0,2002,clin,0.8
2,2,lr5e-05_bs32_modL1_fusion64_fusionL1_drop0p2_trmiss80_trlocclin,32,5e-05,1,64,1,0.2,lr5e-05_bs32_modL1_fusion64_fusionL1_drop0p2_trmiss80_trlocclin,49,0.36910926302274066,0.6502493619918823,0.6680672268907563,0.7922900483231423,0.6222222222222222,0.0,0.0,0.0,0.0,2002,clin,0.8
2,2,lr5e-05_bs32_modL1_fusion64_fusionL1_drop0p2_trmiss80_trlocclin,32,5e-05,1,64,1,0.2,lr5e-05_bs32_modL1_fusion64_fusionL1_drop0p2_trmiss80_trlocclin,50,0.37267748018105823,0.6502062678337097,0.6659663865546218,0.7907690537897254,0.6222222222222222,0.0,0.0,0.0,0.0,2002,clin,0.8
2,2,lr5e-05_bs32_modL1_fusion64_fusionL1_drop0p2_trmiss80_trlocclin,32,5e-05,1,64,1,0.2,lr5e-05_bs32_modL1_fusion64_fusionL1_drop0p2_trmiss80_trlocclin,51,0.3716868907213211,0.6483752131462097,0.6701680672268907,0.7968553825483576,0.6222222222222222,0.0,0.0,0.0,0.0,2002,clin,0.8
2,2,lr5e-05_bs32_modL1_fusion64_fusionL1_drop0p2_trmiss80_trlocclin,32,5e-05,1,64,1,0.2,lr5e-05_bs32_modL1_fusion64_fusionL1_drop0p2_trmiss80_trlocclin,52,0.36911530296007794,0.6453229784965515,0.6743697478991596,0.8029464343536951,0.6222222222222222,0.0,0.0,0.0,0.0,2002,clin,0.8
2,2,lr5e-05_bs32_modL1_fusion64_fusionL1_drop0p2_trmiss80_trlocclin,32,5e-05,1,64,1,0.2,lr5e-05_bs32_modL1_fusion64_fusionL1_drop0p2_trmiss80_trlocclin,53,0.35619881252447766,0.6467444896697998,0.6806722689075629,0.8107777930989187,0.6222222222222222,0.0,0.0,0.0,0.0,2002,clin,0.8
2,2,lr5e-05_bs32_modL1_fusion64_fusionL1_drop0p2_trmiss80_trlocclin,32,5e-05,1,64,1,0.2,lr5e-05_bs32_modL1_fusion64_fusionL1_drop0p2_trmiss80_trlocclin,54,0.3476984848578771,0.6484003067016602,0.6785714285714285,0.8094620036252345,0.6222222222222222,0.0,0.0,0.0,0.0,2002,clin,0.8
2,2,lr5e-05_bs32_modL1_fusion64_fusionL1_drop0p2_trmiss80_trlocclin,32,5e-05,1,64,1,0.2,lr5e-05_bs32_modL1_fusion64_fusionL1_drop0p2_trmiss80_trlocclin,55,0.3595189303159714,0.6499106287956238,0.676470588235294,0.8077560043586086,0.6222222222222222,0.0,0.0,0.0,0.0,2002,clin,0.8
2,2,lr5e-05_bs32_modL1_fusion64_fusionL1_drop0p2_trmiss80_trlocclin,32,5e-05,1,64,1,0.2,lr5e-05_bs32_modL1_fusion64_fusionL1_drop0p2_trmiss80_trlocclin,56,0.34027745326360065,0.6475768685340881,0.6785714285714285,0.8050301478869878,0.6222222222222222,0.0,0.0,0.0,0.0,2002,clin,0.8
2,2,lr5e-05_bs32_modL1_fusion64_fusionL1_drop0p1_trmiss80_trlocclin,32,5e-05,1,64,1,0.1,lr5e-05_bs32_modL1_fusion64_fusionL1_drop0p1_trmiss80_trlocclin,1,0.7494600315888723,0.7027342915534973,0.4474789915966386,0.6518568204273394,0.4222222222222222,0.0,0.0,0.0,0.0,2002,clin,0.8
2,2,lr5e-05_bs32_modL1_fusion64_fusionL1_drop0p1_trmiss80_trlocclin,32,5e-05,1,64,1,0.1,lr5e-05_bs32_modL1_fusion64_fusionL1_drop0p1_trmiss80_trlocclin,2,0.7058201928933462,0.7083883285522461,0.44537815126050423,0.6802485337226118,0.4666666666666667,0.0,0.0,0.0,0.0,2002,clin,0.8
2,2,lr5e-05_bs32_modL1_fusion64_fusionL1_drop0p1_trmiss80_trlocclin,32,5e-05,1,64,1,0.1,lr5e-05_bs32_modL1_fusion64_fusionL1_drop0p1_trmiss80_trlocclin,3,0.6771446863810221,0.7138950526714325,0.4474789915966387,0.6943984910633766,0.4888888888888889,0.0,0.0,0.0,0.0,2002,clin,0.8
2,2,lr5e-05_bs32_modL1_fusion64_fusionL1_drop0p1_trmiss80_trlocclin,32,5e-05,1,64,1,0.1,lr5e-05_bs32_modL1_fusion64_fusionL1_drop0p1_trmiss80_trlocclin,4,0.6637219488620758,0.7178336977958679,0.4600840336134454,0.7080674794825602,0.5111111111111111,0.0,0.0,0.0,0.0,2002,clin,0.8
2,2,lr5e-05_bs32_modL1_fusion64_fusionL1_drop0p1_trmiss80_trlocclin,32,5e-05,1,64,1,0.1,lr5e-05_bs32_modL1_fusion64_fusionL1_drop0p1_trmiss80_trlocclin,5,0.6397233009338379,0.722560852766037,0.4474789915966386,0.7054317861238547,0.5333333333333333,0.0,0.0,0.0,0.0,2002,clin,0.8
2,2,lr5e-05_bs32_modL1_fusion64_fusionL1_drop0p1_trmiss80_trlocclin,32,5e-05,1,64,1,0.1,lr5e-05_bs32_modL1_fusion64_fusionL1_drop0p1_trmiss80_trlocclin,6,0.6076780358950297,0.7230525016784668,0.4474789915966386,0.7067779269890982,0.5333333333333333,0.0,0.0,0.0,0.0,2002,clin,0.8
2,2,lr5e-05_bs32_modL1_fusion64_fusionL1_drop0p1_trmiss80_trlocclin,32,5e-05,1,64,1,0.1,lr5e-05_bs32_modL1_fusion64_fusionL1_drop0p1_trmiss80_trlocclin,7,0.6084492007891337,0.7242242097854614,0.453781512605042,0.7088603886391455,0.5111111111111111,0.0,0.0,0.0,0.0,2002,clin,0.8
2,2,lr5e-05_bs32_modL1_fusion64_fusionL1_drop0p1_trmiss80_trlocclin,32,5e-05,1,64,1,0.1,lr5e-05_bs32_modL1_fusion64_fusionL1_drop0p1_trmiss80_trlocclin,8,0.5830916265646616,0.7296003699302673,0.4558823529411765,0.7031963767251336,0.5333333333333333,0.0,0.0,0.0,0.0,2002,clin,0.8
2,2,lr5e-05_bs32_modL1_fusion64_fusionL1_drop0p1_trmiss80_trlocclin,32,5e-05,1,64,1,0.1,lr5e-05_bs32_modL1_fusion64_fusionL1_drop0p1_trmiss80_trlocclin,9,0.5839187602202097,0.7316166758537292,0.46218487394957986,0.7077017488547293,0.5111111111111111,0.0,0.0,0.0,0.0,2002,clin,0.8
2,2,lr5e-05_bs32_modL1_fusion64_fusionL1_drop0p1_trmiss80_trlocclin,32,5e-05,1,64,1,0.1,lr5e-05_bs32_modL1_fusion64_fusionL1_drop0p1_trmiss80_trlocclin,10,0.5768463909626007,0.7298048138618469,0.4663865546218488,0.7080005034140243,0.4888888888888889,0.0,0.0,0.0,0.0,2002,clin,0.8
2,2,lr5e-05_bs32_modL1_fusion64_fusionL1_drop0p1_trmiss80_trlocclin,32,5e-05,1,64,1,0.1,lr5e-05_bs32_modL1_fusion64_fusionL1_drop0p1_trmiss80_trlocclin,11,0.5784024894237518,0.7302809357643127,0.4873949579831933,0.7102965312884623,0.4888888888888889,0.0,0.0,0.0,0.0,2002,clin,0.8
2,2,lr5e-05_bs32_modL1_fusion64_fusionL1_drop0p1_trmiss80_trlocclin,32,5e-05,1,64,1,0.1,lr5e-05_bs32_modL1_fusion64_fusionL1_drop0p1_trmiss80_trlocclin,12,0.5587518413861593,0.7301554679870605,0.48949579831932777,0.7047082000693865,0.4888888888888889,0.0,0.0,0.0,0.0,2002,clin,0.8
2,2,lr5e-05_bs32_modL1_fusion64_fusionL1_drop0p1_trmiss80_trlocclin,32,5e-05,1,64,1,0.1,lr5e-05_bs32_modL1_fusion64_fusionL1_drop0p1_trmiss80_trlocclin,13,0.5597469906012217,0.7301028966903687,0.4957983193277311,0.7058238257454942,0.4888888888888889,0.0,0.0,0.0,0.0,2002,clin,0.8
2,2,lr5e-05_bs32_modL1_fusion64_fusionL1_drop0p1_trmiss80_trlocclin,32,5e-05,1,64,1,0.1,lr5e-05_bs32_modL1_fusion64_fusionL1_drop0p1_trmiss80_trlocclin,14,0.550801694393158,0.7322185337543488,0.49789915966386555,0.7057319777213154,0.4888888888888889,0.0,0.0,0.0,0.0,2002,clin,0.8
2,2,lr5e-05_bs32_modL1_fusion64_fusionL1_drop0p1_trmiss80_trlocclin,32,5e-05,1,64,1,0.1,lr5e-05_bs32_modL1_fusion64_fusionL1_drop0p1_trmiss80_trlocclin,15,0.5409392019112905,0.7325063049793243,0.5021008403361344,0.7046753608922394,0.4888888888888889,0.0,0.0,0.0,0.0,2002,clin,0.8
2,2,lr5e-05_bs32_modL1_fusion64_fusionL1_drop0p1_trmiss80_trlocclin,32,5e-05,1,64,1,0.1,lr5e-05_bs32_modL1_fusion64_fusionL1_drop0p1_trmiss80_trlocclin,16,0.5494642357031504,0.7304586470127106,0.49579831932773105,0.7098952290516578,0.4888888888888889,0.0,0.0,0.0,0.0,2002,clin,0.8
2,2,lr5e-05_bs32_modL1_fusion64_fusionL1_drop0p1_trmiss80_trlocclin,32,5e-05,1,64,1,0.1,lr5e-05_bs32_modL1_fusion64_fusionL1_drop0p1_trmiss80_trlocclin,17,0.5514559149742126,0.7282746434211731,0.49999999999999994,0.7163492222415124,0.4888888888888889,0.0,0.0,0.0,0.0,2002,clin,0.8
2,2,lr5e-05_bs32_modL1_fusion64_fusionL1_drop0p1_trmiss80_trlocclin,32,5e-05,1,64,1,0.1,lr5e-05_bs32_modL1_fusion64_fusionL1_drop0p1_trmiss80_trlocclin,18,0.5334774057070414,0.7296362221240997,0.49999999999999994,0.7123104932617862,0.4888888888888889,0.0,0.0,0.0,0.0,2002,clin,0.8
2,2,lr5e-05_bs32_modL1_fusion64_fusionL1_drop0p1_trmiss80_trlocclin,32,5e-05,1,64,1,0.1,lr5e-05_bs32_modL1_fusion64_fusionL1_drop0p1_trmiss80_trlocclin,19,0.5361215968926748,0.7285892367362976,0.5,0.7100406030922797,0.4888888888888889,0.0,0.0,0.0,0.0,2002,clin,0.8
2,2,lr5e-05_bs32_modL1_fusion64_fusionL1_drop0p1_trmiss80_trlocclin,32,5e-05,1,64,1,0.1,lr5e-05_bs32_modL1_fusion64_fusionL1_drop0p1_trmiss80_trlocclin,20,0.5306729127963384,0.7256880700588226,0.5105042016806722,0.716755795942976,0.4888888888888889,0.0,0.0,0.0,0.0,2002,clin,0.8
2,2,lr5e-05_bs32_modL1_fusion64_fusionL1_drop0p1_trmiss80_trlocclin,32,5e-05,1,64,1,0.1,lr5e-05_bs32_modL1_fusion64_fusionL1_drop0p1_trmiss80_trlocclin,21,0.5357455809911092,0.728703498840332,0.5,0.7109963164242104,0.4888888888888889,0.0,0.0,0.0,0.0,2002,clin,0.8
2,2,lr5e-05_bs32_modL1_fusion64_fusionL1_drop0p1_trmiss80_trlocclin,32,5e-05,1,64,1,0.1,lr5e-05_bs32_modL1_fusion64_fusionL1_drop0p1_trmiss80_trlocclin,22,0.5161735961834589,0.7291891574859619,0.49369747899159666,0.6970447977591094,0.4888888888888889,0.0,0.0,0.0,0.0,2002,clin,0.8
2,2,lr5e-05_bs32_modL1_fusion64_fusionL1_drop0p1_trmiss80_trlocclin,32,5e-05,1,64,1,0.1,lr5e-05_bs32_modL1_fusion64_fusionL1_drop0p1_trmiss80_trlocclin,23,0.526192973057429,0.7285424768924713,0.49789915966386555,0.6977249916005153,0.4888888888888889,0.0,0.0,0.0,0.0,2002,clin,0.8
2,2,lr5e-05_bs32_modL1_fusion64_fusionL1_drop0p1_trmiss80_trlocclin,32,5e-05,1,64,1,0.1,lr5e-05_bs32_modL1_fusion64_fusionL1_drop0p1_trmiss80_trlocclin,24,0.5334581434726715,0.7273777723312378,0.49999999999999994,0.7024892293788658,0.4888888888888889,0.0,0.0,0.0,0.0,2002,clin,0.8
2,2,lr5e-05_bs32_modL1_fusion64_fusionL1_drop0p1_trmiss80_trlocclin,32,5e-05,1,64,1,0.1,lr5e-05_bs32_modL1_fusion64_fusionL1_drop0p1_trmiss80_trlocclin,25,0.5233154793580373,0.7264523506164551,0.49999999999999994,0.6993296657282309,0.4888888888888889,0.0,0.0,0.0,0.0,2002,clin,0.8
2,2,lr5e-05_bs32_modL1_fusion64_fusionL1_drop0p1_trmiss80_trlocclin,32,5e-05,1,64,1,0.1,lr5e-05_bs32_modL1_fusion64_fusionL1_drop0p1_trmiss80_trlocclin,26,0.5291013816992441,0.7271981835365295,0.5021008403361344,0.7038897896029555,0.4888888888888889,0.0,0.0,0.0,0.0,2002,clin,0.8
2,2,lr5e-05_bs32_modL1_fusion64_fusionL1_drop0p1_trmiss80_trlocclin,32,5e-05,1,64,1,0.1,lr5e-05_bs32_modL1_fusion64_fusionL1_drop0p1_trmiss80_trlocclin,27,0.5251210629940033,0.727411538362503,0.5042016806722689,0.7009112661103192,0.4888888888888889,0.0,0.0,0.0,0.0,2002,clin,0.8
2,2,lr5e-05_bs32_modL1_fusion64_fusionL1_drop0p1_trmiss80_trlocclin,32,5e-05,1,64,1,0.1,lr5e-05_bs32_modL1_fusion64_fusionL1_drop0p1_trmiss80_trlocclin,28,0.5264806399742762,0.7274990677833557,0.504201680672269,0.7027037444652975,0.4888888888888889,0.0,0.0,0.0,0.0,2002,clin,0.8
2,2,lr5e-05_bs32_modL1_fusion64_fusionL1_drop0p1_trmiss80_trlocclin,32,5e-05,1,64,1,0.1,lr5e-05_bs32_modL1_fusion64_fusionL1_drop0p1_trmiss80_trlocclin,29,0.5105687975883484,0.727863073348999,0.49789915966386555,0.6995174699554936,0.4888888888888889,0.0,0.0,0.0,0.0,2002,clin,0.8
2,2,lr5e-05_bs32_modL1_fusion64_fusionL1_drop0p1_trmiss80_trlocclin,32,5e-05,1,64,1,0.1,lr5e-05_bs32_modL1_fusion64_fusionL1_drop0p1_trmiss80_trlocclin,30,0.5191509823004404,0.7293249070644379,0.49999999999999994,0.7007818172724725,0.4888888888888889,0.0,0.0,0.0,0.0,2002,clin,0.8
2,2,lr5e-05_bs32_modL1_fusion64_fusionL1_drop0p1_trmiss80_trlocclin,32,5e-05,1,64,1,0.1,lr5e-05_bs32_modL1_fusion64_fusionL1_drop0p1_trmiss80_trlocclin,31,0.5259566704432169,0.7277539074420929,0.5042016806722689,0.7012797087367504,0.4888888888888889,0.0,0.0,0.0,0.0,2002,clin,0.8
2,2,lr5e-05_bs32_modL1_fusion64_fusionL1_drop0p1_trmiss80_trlocclin,32,5e-05,1,64,1,0.1,lr5e-05_bs32_modL1_fusion64_fusionL1_drop0p1_trmiss80_trlocclin,32,0.5233095188935598,0.7285885214805603,0.5105042016806722,0.7128971009344998,0.4888888888888889,0.0,0.0,0.0,0.0,2002,clin,0.8
2,2,lr5e-05_bs32_modL1_fusion64_fusionL1_drop0p1_trmiss80_trlocclin,32,5e-05,1,64,1,0.1,lr5e-05_bs32_modL1_fusion64_fusionL1_drop0p1_trmiss80_trlocclin,33,0.5195571978886923,0.7282069623470306,0.5084033613445378,0.7132871852531555,0.4888888888888889,0.0,0.0,0.0,0.0,2002,clin,0.8
2,2,lr5e-05_bs32_modL1_fusion64_fusionL1_drop0p1_trmiss80_trlocclin,32,5e-05,1,64,1,0.1,lr5e-05_bs32_modL1_fusion64_fusionL1_drop0p1_trmiss80_trlocclin,34,0.5223574936389923,0.7267216444015503,0.5084033613445378,0.7124480195925613,0.4888888888888889,0.0,0.0,0.0,0.0,2002,clin,0.8
2,2,lr5e-05_bs32_modL1_fusion64_fusionL1_drop0p1_trmiss80_trlocclin,32,5e-05,1,64,1,0.1,lr5e-05_bs32_modL1_fusion64_fusionL1_drop0p1_trmiss80_trlocclin,35,0.5175514866908392,0.7289619743824005,0.5126050420168068,0.7037587687477378,0.4888888888888889,0.0,0.0,0.0,0.0,2002,clin,0.8
2,2,lr5e-05_bs32_modL1_fusion64_fusionL1_drop0p1_trmiss80_trlocclin,32,5e-05,1,64,1,0.1,lr5e-05_bs32_modL1_fusion64_fusionL1_drop0p1_trmiss80_trlocclin,36,0.532308946053187,0.7326594889163971,0.5042016806722689,0.6983846190878737,0.4888888888888889,0.0,0.0,0.0,0.0,2002,clin,0.8
2,2,lr5e-05_bs32_modL1_fusion64_fusionL1_drop0p1_trmiss80_trlocclin,32,5e-05,1,64,1,0.1,lr5e-05_bs32_modL1_fusion64_fusionL1_drop0p1_trmiss80_trlocclin,37,0.519672637184461,0.7306009531021118,0.5084033613445378,0.7077611178751276,0.4888888888888889,0.0,0.0,0.0,0.0,2002,clin,0.8
2,2,lr5e-05_bs32_modL1_fusion64_fusionL1_drop0p1_trmiss80_trlocclin,32,5e-05,1,64,1,0.1,lr5e-05_bs32_modL1_fusion64_fusionL1_drop0p1_trmiss80_trlocclin,38,0.5218692968289057,0.7281301021575928,0.5105042016806722,0.7114081353125454,0.4888888888888889,0.0,0.0,0.0,0.0,2002,clin,0.8
2,2,lr5e-05_bs32_modL1_fusion64_fusionL1_drop0p1_trmiss80_trlocclin,32,5e-05,1,64,1,0.1,lr5e-05_bs32_modL1_fusion64_fusionL1_drop0p1_trmiss80_trlocclin,39,0.5201675146818161,0.7269197702407837,0.5126050420168067,0.7025523896898827,0.4888888888888889,0.0,0.0,0.0,0.0,2002,clin,0.8
2,2,lr5e-05_bs32_modL1_fusion64_fusionL1_drop0p1_trmiss80_trlocclin,32,5e-05,1,64,1,0.1,lr5e-05_bs32_modL1_fusion64_fusionL1_drop0p1_trmiss80_trlocclin,40,0.5322443594535192,0.7273778319358826,0.5042016806722689,0.7104075395751076,0.4888888888888889,0.0,0.0,0.0,0.0,2002,clin,0.8
2,2,lr5e-05_bs32_modL1_fusion64_fusionL1_drop0p1_trmiss80_trlocclin,32,5e-05,1,64,1,0.1,lr5e-05_bs32_modL1_fusion64_fusionL1_drop0p1_trmiss80_trlocclin,41,0.5163074483474096,0.7249864935874939,0.5042016806722689,0.6987367903456179,0.4888888888888889,0.0,0.0,0.0,0.0,2002,clin,0.8
2,2,lr5e-05_bs32_modL1_fusion64_fusionL1_drop0p1_trmiss80_trlocclin,32,5e-05,1,64,1,0.1,lr5e-05_bs32_modL1_fusion64_fusionL1_drop0p1_trmiss80_trlocclin,42,0.5241026431322098,0.7272566258907318,0.5084033613445378,0.6990859482025156,0.4888888888888889,0.0,0.0,0.0,0.0,2002,clin,0.8
2,2,lr5e-05_bs32_modL1_fusion64_fusionL1_drop0p1_trmiss80_trlocclin,32,5e-05,1,64,1,0.1,lr5e-05_bs32_modL1_fusion64_fusionL1_drop0p1_trmiss80_trlocclin,43,0.5249277700980505,0.7302301526069641,0.5021008403361344,0.6970851478823875,0.4888888888888889,0.0,0.0,0.0,0.0,2002,clin,0.8
2,2,lr5e-05_bs32_modL1_fusion64_fusionL1_drop0p1_trmiss80_trlocclin,32,5e-05,1,64,1,0.1,lr5e-05_bs32_modL1_fusion64_fusionL1_drop0p1_trmiss80_trlocclin,44,0.5213430772225062,0.7319724559783936,0.5063025210084033,0.69903258404035,0.4666666666666667,0.0,0.0,0.0,0.0,2002,clin,0.8
2,2,lr5e-05_bs32_modL1_fusion64_fusionL1_drop0p1_trmiss80_trlocclin,32,5e-05,1,64,1,0.1,lr5e-05_bs32_modL1_fusion64_fusionL1_drop0p1_trmiss80_trlocclin,45,0.5203098605076472,0.7306841909885406,0.5042016806722689,0.6984427084504744,0.4888888888888889,0.0,0.0,0.0,0.0,2002,clin,0.8
2,2,lr5e-05_bs32_modL1_fusion64_fusionL1_drop0p1_trmiss80_trlocclin,32,5e-05,1,64,1,0.1,lr5e-05_bs32_modL1_fusion64_fusionL1_drop0p1_trmiss80_trlocclin,46,0.5082411170005798,0.7284033596515656,0.5126050420168067,0.7017529664268094,0.4888888888888889,0.0,0.0,0.0,0.0,2002,clin,0.8
2,2,lr5e-05_bs32_modL1_fusion64_fusionL1_drop0p1_trmiss80_trlocclin,32,5e-05,1,64,1,0.1,lr5e-05_bs32_modL1_fusion64_fusionL1_drop0p1_trmiss80_trlocclin,47,0.5253862092892329,0.7271372973918915,0.5084033613445378,0.6993003092140903,0.4888888888888889,0.0,0.0,0.0,0.0,2002,clin,0.8
2,2,lr5e-05_bs32_modL1_fusion64_fusionL1_drop0p1_trmiss80_trlocclin,32,5e-05,1,64,1,0.1,lr5e-05_bs32_modL1_fusion64_fusionL1_drop0p1_trmiss80_trlocclin,48,0.513908177614212,0.7256092429161072,0.523109243697479,0.7096396342513654,0.4888888888888889,0.0,0.0,0.0,0.0,2002,clin,0.8
2,2,lr5e-05_bs32_modL1_fusion64_fusionL1_drop0p1_trmiss80_trlocclin,32,5e-05,1,64,1,0.1,lr5e-05_bs32_modL1_fusion64_fusionL1_drop0p1_trmiss80_trlocclin,49,0.5184185951948166,0.7273584306240082,0.5252100840336135,0.7099357871953016,0.4888888888888889,0.0,0.0,0.0,0.0,2002,clin,0.8
2,2,lr5e-05_bs32_modL1_fusion64_fusionL1_drop0p1_trmiss80_trlocclin,32,5e-05,1,64,1,0.1,lr5e-05_bs32_modL1_fusion64_fusionL1_drop0p1_trmiss80_trlocclin,50,0.5063758691151937,0.7266871929168701,0.5168067226890757,0.7054242175359486,0.4888888888888889,0.0,0.0,0.0,0.0,2002,clin,0.8
2,2,lr5e-05_bs32_modL1_fusion64_fusionL1_drop0p1_trmiss80_trlocclin,32,5e-05,1,64,1,0.1,lr5e-05_bs32_modL1_fusion64_fusionL1_drop0p1_trmiss80_trlocclin,51,0.5165100445350012,0.7281962931156158,0.5168067226890756,0.7039536535653848,0.4888888888888889,0.0,0.0,0.0,0.0,2002,clin,0.8
2,2,lr5e-05_bs32_modL1_fusion64_fusionL1_drop0p1_trmiss80_trlocclin,32,5e-05,1,64,1,0.1,lr5e-05_bs32_modL1_fusion64_fusionL1_drop0p1_trmiss80_trlocclin,52,0.5299160132805506,0.7302826344966888,0.5126050420168068,0.7031990674924937,0.4888888888888889,0.0,0.0,0.0,0.0,2002,clin,0.8
2,2,lr5e-05_bs32_modL1_fusion64_fusionL1_drop0p1_trmiss80_trlocclin,32,5e-05,1,64,1,0.1,lr5e-05_bs32_modL1_fusion64_fusionL1_drop0p1_trmiss80_trlocclin,53,0.5138212939103445,0.7301388382911682,0.5189075630252101,0.7046596174624146,0.4666666666666667,0.0,0.0,0.0,0.0,2002,clin,0.8
2,2,lr5e-05_bs32_modL1_fusion64_fusionL1_drop0p1_trmiss80_trlocclin,32,5e-05,1,64,1,0.1,lr5e-05_bs32_modL1_fusion64_fusionL1_drop0p1_trmiss80_trlocclin,54,0.5392725070317587,0.7302909791469574,0.5210084033613445,0.7042290560334409,0.4666666666666667,0.0,0.0,0.0,0.0,2002,clin,0.8
2,2,lr5e-05_bs32_modL1_fusion64_fusionL1_drop0p1_trmiss80_trlocclin,32,5e-05,1,64,1,0.1,lr5e-05_bs32_modL1_fusion64_fusionL1_drop0p1_trmiss80_trlocclin,55,0.5285521546999613,0.728157252073288,0.5084033613445378,0.699580259324811,0.4888888888888889,0.0,0.0,0.0,0.0,2002,clin,0.8
2,2,lr5e-05_bs32_modL1_fusion64_fusionL1_drop0p1_trmiss80_trlocclin,32,5e-05,1,64,1,0.1,lr5e-05_bs32_modL1_fusion64_fusionL1_drop0p1_trmiss80_trlocclin,56,0.5117995242277781,0.7253134250640869,0.5168067226890756,0.7147704263006923,0.4888888888888889,0.0,0.0,0.0,0.0,2002,clin,0.8
2,2,lr5e-05_bs32_modL1_fusion64_fusionL1_drop0p1_trmiss80_trlocclin,32,5e-05,1,64,1,0.1,lr5e-05_bs32_modL1_fusion64_fusionL1_drop0p1_trmiss80_trlocclin,57,0.5083373834689459,0.7278468012809753,0.5126050420168067,0.7101224470221712,0.4888888888888889,0.0,0.0,0.0,0.0,2002,clin,0.8
2,2,lr5e-05_bs32_modL1_fusion64_fusionL1_drop0p1_trmiss80_trlocclin,32,5e-05,1,64,1,0.1,lr5e-05_bs32_modL1_fusion64_fusionL1_drop0p1_trmiss80_trlocclin,58,0.5216428935527802,0.7286091446876526,0.5168067226890757,0.7140255150859126,0.4888888888888889,0.0,0.0,0.0,0.0,2002,clin,0.8
2,2,lr5e-05_bs32_modL1_fusion64_fusionL1_drop0p1_trmiss80_trlocclin,32,5e-05,1,64,1,0.1,lr5e-05_bs32_modL1_fusion64_fusionL1_drop0p1_trmiss80_trlocclin,59,0.5093731681505839,0.728623628616333,0.5105042016806723,0.7109919980078212,0.4888888888888889,0.0,0.0,0.0,0.0,2002,clin,0.8
2,2,lr5e-05_bs32_modL1_fusion64_fusionL1_drop0p1_trmiss80_trlocclin,32,5e-05,1,64,1,0.1,lr5e-05_bs32_modL1_fusion64_fusionL1_drop0p1_trmiss80_trlocclin,60,0.5137511839469274,0.7308774292469025,0.5105042016806723,0.7096745196634886,0.4888888888888889,0.0,0.0,0.0,0.0,2002,clin,0.8
2,2,lr5e-05_bs32_modL1_fusion64_fusionL1_drop0p1_trmiss80_trlocclin,32,5e-05,1,64,1,0.1,lr5e-05_bs32_modL1_fusion64_fusionL1_drop0p1_trmiss80_trlocclin,61,0.5288055837154388,0.7332311570644379,0.5105042016806722,0.7002350976586775,0.4888888888888889,0.0,0.0,0.0,0.0,2002,clin,0.8
2,2,lr5e-05_bs32_modL1_fusion64_fusionL1_drop0p1_trmiss80_trlocclin,32,5e-05,1,64,1,0.1,lr5e-05_bs32_modL1_fusion64_fusionL1_drop0p1_trmiss80_trlocclin,62,0.5103902767101923,0.7312999665737152,0.5210084033613445,0.7044013088556486,0.4888888888888889,0.0,0.0,0.0,0.0,2002,clin,0.8
2,2,lr5e-05_bs32_modL1_fusion64_fusionL1_drop0p1_trmiss80_trlocclin,32,5e-05,1,64,1,0.1,lr5e-05_bs32_modL1_fusion64_fusionL1_drop0p1_trmiss80_trlocclin,63,0.5096639196077982,0.7298916876316071,0.51890756302521,0.7029606361743743,0.4888888888888889,0.0,0.0,0.0,0.0,2002,clin,0.8
2,2,lr5e-05_bs32_modL1_fusion64_fusionL1_drop0p1_trmiss80_trlocclin,32,5e-05,1,64,1,0.1,lr5e-05_bs32_modL1_fusion64_fusionL1_drop0p1_trmiss80_trlocclin,64,0.505451629559199,0.7267656326293945,0.5126050420168068,0.703642287714282,0.4888888888888889,0.0,0.0,0.0,0.0,2002,clin,0.8
2,2,lr5e-05_bs32_modL1_fusion64_fusionL1_drop0p1_trmiss80_trlocclin,32,5e-05,1,64,1,0.1,lr5e-05_bs32_modL1_fusion64_fusionL1_drop0p1_trmiss80_trlocclin,65,0.5138548711935679,0.7282854914665222,0.5168067226890757,0.7126704837807343,0.4888888888888889,0.0,0.0,0.0,0.0,2002,clin,0.8
2,2,lr5e-05_bs32_modL1_fusion64_fusionL1_drop0p1_trmiss80_trlocclin,32,5e-05,1,64,1,0.1,lr5e-05_bs32_modL1_fusion64_fusionL1_drop0p1_trmiss80_trlocclin,66,0.5183053563038508,0.7264869809150696,0.5084033613445378,0.7008900590237361,0.4888888888888889,0.0,0.0,0.0,0.0,2002,clin,0.8
2,2,lr5e-05_bs32_modL1_fusion64_fusionL1_drop0p1_trmiss80_trlocclin,32,5e-05,1,64,1,0.1,lr5e-05_bs32_modL1_fusion64_fusionL1_drop0p1_trmiss80_trlocclin,67,0.5128147751092911,0.7261050343513489,0.5126050420168068,0.7015826449704056,0.4888888888888889,0.0,0.0,0.0,0.0,2002,clin,0.8
2,2,lr5e-05_bs32_modL1_fusion64_fusionL1_drop0p1_trmiss80_trlocclin,32,5e-05,1,64,1,0.1,lr5e-05_bs32_modL1_fusion64_fusionL1_drop0p1_trmiss80_trlocclin,68,0.5224060167868932,0.727240651845932,0.5126050420168067,0.7031199030854092,0.4888888888888889,0.0,0.0,0.0,0.0,2002,clin,0.8
2,2,lr5e-05_bs32_modL1_fusion64_fusionL1_drop0p1_trmiss80_trlocclin,32,5e-05,1,64,1,0.1,lr5e-05_bs32_modL1_fusion64_fusionL1_drop0p1_trmiss80_trlocclin,69,0.5207668046156565,0.7278991639614105,0.5021008403361344,0.697005338682573,0.4888888888888889,0.0,0.0,0.0,0.0,2002,clin,0.8
2,2,lr1e-04_bs32_modL1_fusion32_fusionL1_drop0p2_trmiss80_trlocclin,32,0.0001,1,32,1,0.2,lr1e-04_bs32_modL1_fusion32_fusionL1_drop0p2_trmiss80_trlocclin,1,0.7125607629617056,0.7127296328544617,0.39705882352941174,0.6253383193620913,0.4444444444444444,0.0,0.0,0.0,0.0,2002,clin,0.8
2,2,lr1e-04_bs32_modL1_fusion32_fusionL1_drop0p2_trmiss80_trlocclin,32,0.0001,1,32,1,0.2,lr1e-04_bs32_modL1_fusion32_fusionL1_drop0p2_trmiss80_trlocclin,2,0.6559250056743622,0.7150520384311676,0.41596638655462187,0.6503729094949319,0.4222222222222222,0.0,0.0,0.0,0.0,2002,clin,0.8
2,2,lr1e-04_bs32_modL1_fusion32_fusionL1_drop0p2_trmiss80_trlocclin,32,0.0001,1,32,1,0.2,lr1e-04_bs32_modL1_fusion32_fusionL1_drop0p2_trmiss80_trlocclin,3,0.6391821602980295,0.7137772738933563,0.453781512605042,0.6868745799251736,0.4222222222222222,0.0,0.0,0.0,0.0,2002,clin,0.8
2,2,lr1e-04_bs32_modL1_fusion32_fusionL1_drop0p2_trmiss80_trlocclin,32,0.0001,1,32,1,0.2,lr1e-04_bs32_modL1_fusion32_fusionL1_drop0p2_trmiss80_trlocclin,4,0.622108002503713,0.7181872129440308,0.47058823529411764,0.6982091868559162,0.4222222222222222,0.0,0.0,0.0,0.0,2002,clin,0.8
2,2,lr1e-04_bs32_modL1_fusion32_fusionL1_drop0p2_trmiss80_trlocclin,32,0.0001,1,32,1,0.2,lr1e-04_bs32_modL1_fusion32_fusionL1_drop0p2_trmiss80_trlocclin,5,0.6135473748048147,0.7226546108722687,0.47478991596638653,0.7089338397901069,0.4888888888888889,0.0,0.0,0.0,0.0,2002,clin,0.8
2,2,lr1e-04_bs32_modL1_fusion32_fusionL1_drop0p2_trmiss80_trlocclin,32,0.0001,1,32,1,0.2,lr1e-04_bs32_modL1_fusion32_fusionL1_drop0p2_trmiss80_trlocclin,6,0.579425036907196,0.718062698841095,0.4705882352941176,0.7046921007684033,0.5111111111111111,0.0,0.0,0.0,0.0,2002,clin,0.8
2,2,lr1e-04_bs32_modL1_fusion32_fusionL1_drop0p2_trmiss80_trlocclin,32,0.0001,1,32,1,0.2,lr1e-04_bs32_modL1_fusion32_fusionL1_drop0p2_trmiss80_trlocclin,7,0.5522730648517609,0.7162683010101318,0.4621848739495798,0.6944692592094962,0.5111111111111111,0.0,0.0,0.0,0.0,2002,clin,0.8
2,2,lr1e-04_bs32_modL1_fusion32_fusionL1_drop0p2_trmiss80_trlocclin,32,0.0001,1,32,1,0.2,lr1e-04_bs32_modL1_fusion32_fusionL1_drop0p2_trmiss80_trlocclin,8,0.5690049231052399,0.7173827290534973,0.4684873949579832,0.6886515238803868,0.5111111111111111,0.0,0.0,0.0,0.0,2002,clin,0.8
2,2,lr1e-04_bs32_modL1_fusion32_fusionL1_drop0p2_trmiss80_trlocclin,32,0.0001,1,32,1,0.2,lr1e-04_bs32_modL1_fusion32_fusionL1_drop0p2_trmiss80_trlocclin,9,0.5610767900943756,0.7200733125209808,0.4684873949579832,0.6938858925480859,0.4888888888888889,0.0,0.0,0.0,0.0,2002,clin,0.8
2,2,lr1e-04_bs32_modL1_fusion32_fusionL1_drop0p2_trmiss80_trlocclin,32,0.0001,1,32,1,0.2,lr1e-04_bs32_modL1_fusion32_fusionL1_drop0p2_trmiss80_trlocclin,10,0.5498228470484415,0.7231166064739227,0.4789915966386555,0.6957751759701345,0.4888888888888889,0.0,0.0,0.0,0.0,2002,clin,0.8
2,2,lr1e-04_bs32_modL1_fusion32_fusionL1_drop0p2_trmiss80_trlocclin,32,0.0001,1,32,1,0.2,lr1e-04_bs32_modL1_fusion32_fusionL1_drop0p2_trmiss80_trlocclin,11,0.5410737891991934,0.7243435978889465,0.49159663865546216,0.7057268079982922,0.4666666666666667,0.0,0.0,0.0,0.0,2002,clin,0.8
2,2,lr1e-04_bs32_modL1_fusion32_fusionL1_drop0p2_trmiss80_trlocclin,32,0.0001,1,32,1,0.2,lr1e-04_bs32_modL1_fusion32_fusionL1_drop0p2_trmiss80_trlocclin,12,0.5331837286551794,0.7222454845905304,0.48739495798319327,0.695851533437057,0.4888888888888889,0.0,0.0,0.0,0.0,2002,clin,0.8
2,2,lr1e-04_bs32_modL1_fusion32_fusionL1_drop0p2_trmiss80_trlocclin,32,0.0001,1,32,1,0.2,lr1e-04_bs32_modL1_fusion32_fusionL1_drop0p2_trmiss80_trlocclin,13,0.5323044856389364,0.7204609513282776,0.5,0.6989740822209705,0.4888888888888889,0.0,0.0,0.0,0.0,2002,clin,0.8
2,2,lr1e-04_bs32_modL1_fusion32_fusionL1_drop0p2_trmiss80_trlocclin,32,0.0001,1,32,1,0.2,lr1e-04_bs32_modL1_fusion32_fusionL1_drop0p2_trmiss80_trlocclin,14,0.5087568461894989,0.7172788977622986,0.5063025210084033,0.7029790516436502,0.4666666666666667,0.0,0.0,0.0,0.0,2002,clin,0.8
2,2,lr1e-04_bs32_modL1_fusion32_fusionL1_drop0p2_trmiss80_trlocclin,32,0.0001,1,32,1,0.2,lr1e-04_bs32_modL1_fusion32_fusionL1_drop0p2_trmiss80_trlocclin,15,0.4972209682067235,0.7181248664855957,0.5105042016806722,0.7031862274844931,0.4666666666666667,0.0,0.0,0.0,0.0,2002,clin,0.8
2,2,lr1e-04_bs32_modL1_fusion32_fusionL1_drop0p2_trmiss80_trlocclin,32,0.0001,1,32,1,0.2,lr1e-04_bs32_modL1_fusion32_fusionL1_drop0p2_trmiss80_trlocclin,16,0.501908615231514,0.7176154255867004,0.5063025210084033,0.6955906615918888,0.4666666666666667,0.0,0.0,0.0,0.0,2002,clin,0.8
2,2,lr1e-04_bs32_modL1_fusion32_fusionL1_drop0p2_trmiss80_trlocclin,32,0.0001,1,32,1,0.2,lr1e-04_bs32_modL1_fusion32_fusionL1_drop0p2_trmiss80_trlocclin,17,0.5118972559769949,0.719520628452301,0.5168067226890756,0.7002149160848408,0.4666666666666667,0.0,0.0,0.0,0.0,2002,clin,0.8
2,2,lr1e-04_bs32_modL1_fusion32_fusionL1_drop0p2_trmiss80_trlocclin,32,0.0001,1,32,1,0.2,lr1e-04_bs32_modL1_fusion32_fusionL1_drop0p2_trmiss80_trlocclin,18,0.5177127023537954,0.7202267646789551,0.5021008403361344,0.6909466226625199,0.4666666666666667,0.0,0.0,0.0,0.0,2002,clin,0.8
2,2,lr1e-04_bs32_modL1_fusion32_fusionL1_drop0p2_trmiss80_trlocclin,32,0.0001,1,32,1,0.2,lr1e-04_bs32_modL1_fusion32_fusionL1_drop0p2_trmiss80_trlocclin,19,0.5099297960599264,0.720440536737442,0.5042016806722689,0.690776234942487,0.4666666666666667,0.0,0.0,0.0,0.0,2002,clin,0.8
2,2,lr1e-04_bs32_modL1_fusion32_fusionL1_drop0p2_trmiss80_trlocclin,32,0.0001,1,32,1,0.2,lr1e-04_bs32_modL1_fusion32_fusionL1_drop0p2_trmiss80_trlocclin,20,0.4896044284105301,0.7246507406234741,0.5,0.6873484366160255,0.4888888888888889,0.0,0.0,0.0,0.0,2002,clin,0.8
2,2,lr1e-04_bs32_modL1_fusion32_fusionL1_drop0p2_trmiss80_trlocclin,32,0.0001,1,32,1,0.2,lr1e-04_bs32_modL1_fusion32_fusionL1_drop0p2_trmiss80_trlocclin,21,0.503198986252149,0.7279817461967468,0.49789915966386555,0.6909825218290582,0.5111111111111111,0.0,0.0,0.0,0.0,2002,clin,0.8
2,2,lr1e-04_bs32_modL1_fusion32_fusionL1_drop0p2_trmiss80_trlocclin,32,0.0001,1,32,1,0.2,lr1e-04_bs32_modL1_fusion32_fusionL1_drop0p2_trmiss80_trlocclin,22,0.4934718757867813,0.7254424095153809,0.5084033613445378,0.6938637290710599,0.5111111111111111,0.0,0.0,0.0,0.0,2002,clin,0.8
2,2,lr1e-04_bs32_modL1_fusion32_fusionL1_drop0p2_trmiss80_trlocclin,32,0.0001,1,32,1,0.2,lr1e-04_bs32_modL1_fusion32_fusionL1_drop0p2_trmiss80_trlocclin,23,0.49045788248380023,0.7220172584056854,0.5147058823529412,0.697268304597376,0.4666666666666667,0.0,0.0,0.0,0.0,2002,clin,0.8
2,2,lr1e-04_bs32_modL1_fusion32_fusionL1_drop0p2_trmiss80_trlocclin,32,0.0001,1,32,1,0.2,lr1e-04_bs32_modL1_fusion32_fusionL1_drop0p2_trmiss80_trlocclin,24,0.4981190264225006,0.7204002141952515,0.5210084033613446,0.7009314258150543,0.4666666666666667,0.0,0.0,0.0,0.0,2002,clin,0.8
2,2,lr1e-04_bs32_modL1_fusion32_fusionL1_drop0p2_trmiss80_trlocclin,32,0.0001,1,32,1,0.2,lr1e-04_bs32_modL1_fusion32_fusionL1_drop0p2_trmiss80_trlocclin,25,0.49700483679771423,0.717204362154007,0.5168067226890756,0.6970983541248397,0.4888888888888889,0.0,0.0,0.0,0.0,2002,clin,0.8
2,2,lr1e-04_bs32_modL1_fusion32_fusionL1_drop0p2_trmiss80_trlocclin,32,0.0001,1,32,1,0.2,lr1e-04_bs32_modL1_fusion32_fusionL1_drop0p2_trmiss80_trlocclin,26,0.5046317179997762,0.7209810018539429,0.5252100840336134,0.7011187662872892,0.4888888888888889,0.0,0.0,0.0,0.0,2002,clin,0.8
2,2,lr1e-04_bs32_modL1_fusion32_fusionL1_drop0p2_trmiss80_trlocclin,32,0.0001,1,32,1,0.2,lr1e-04_bs32_modL1_fusion32_fusionL1_drop0p2_trmiss80_trlocclin,27,0.49597516655921936,0.7184206247329712,0.5273109243697478,0.7037161688846918,0.4888888888888889,0.0,0.0,0.0,0.0,2002,clin,0.8
2,2,lr1e-04_bs32_modL1_fusion32_fusionL1_drop0p2_trmiss80_trlocclin,32,0.0001,1,32,1,0.2,lr1e-04_bs32_modL1_fusion32_fusionL1_drop0p2_trmiss80_trlocclin,28,0.48771482706069946,0.7185909152030945,0.5210084033613446,0.7000754566463987,0.4888888888888889,0.0,0.0,0.0,0.0,2002,clin,0.8
2,2,lr1e-04_bs32_modL1_fusion32_fusionL1_drop0p2_trmiss80_trlocclin,32,0.0001,1,32,1,0.2,lr1e-04_bs32_modL1_fusion32_fusionL1_drop0p2_trmiss80_trlocclin,29,0.48288317024707794,0.7188785672187805,0.5252100840336135,0.7063277998348321,0.4888888888888889,0.0,0.0,0.0,0.0,2002,clin,0.8
2,2,lr1e-04_bs32_modL1_fusion32_fusionL1_drop0p2_trmiss80_trlocclin,32,0.0001,1,32,1,0.2,lr1e-04_bs32_modL1_fusion32_fusionL1_drop0p2_trmiss80_trlocclin,30,0.48507745067278546,0.7148473262786865,0.5273109243697478,0.7045252164533012,0.4666666666666667,0.0,0.0,0.0,0.0,2002,clin,0.8
2,2,lr1e-04_bs32_modL1_fusion32_fusionL1_drop0p2_trmiss80_trlocclin,32,0.0001,1,32,1,0.2,lr1e-04_bs32_modL1_fusion32_fusionL1_drop0p2_trmiss80_trlocclin,31,0.4932945668697357,0.7185132503509521,0.5273109243697478,0.7037078175479432,0.4666666666666667,0.0,0.0,0.0,0.0,2002,clin,0.8
2,2,lr1e-04_bs32_modL1_fusion32_fusionL1_drop0p2_trmiss80_trlocclin,32,0.0001,1,32,1,0.2,lr1e-04_bs32_modL1_fusion32_fusionL1_drop0p2_trmiss80_trlocclin,32,0.477043812473615,0.7198373973369598,0.5210084033613446,0.706444408391951,0.4666666666666667,0.0,0.0,0.0,0.0,2002,clin,0.8
2,2,lr1e-04_bs32_modL1_fusion32_fusionL1_drop0p2_trmiss80_trlocclin,32,0.0001,1,32,1,0.2,lr1e-04_bs32_modL1_fusion32_fusionL1_drop0p2_trmiss80_trlocclin,33,0.5009693702061971,0.7198625206947327,0.5315126050420167,0.7078847913677742,0.4666666666666667,0.0,0.0,0.0,0.0,2002,clin,0.8
2,2,lr1e-04_bs32_modL1_fusion32_fusionL1_drop0p2_trmiss80_trlocclin,32,0.0001,1,32,1,0.2,lr1e-04_bs32_modL1_fusion32_fusionL1_drop0p2_trmiss80_trlocclin,34,0.48976483941078186,0.715448647737503,0.5336134453781511,0.7111323017581417,0.4888888888888889,0.0,0.0,0.0,0.0,2002,clin,0.8
2,2,lr1e-04_bs32_modL1_fusion32_fusionL1_drop0p2_trmiss80_trlocclin,32,0.0001,1,32,1,0.2,lr1e-04_bs32_modL1_fusion32_fusionL1_drop0p2_trmiss80_trlocclin,35,0.49186162153879803,0.7175082862377167,0.5315126050420168,0.707441074162392,0.4666666666666667,0.0,0.0,0.0,0.0,2002,clin,0.8
2,2,lr1e-04_bs32_modL1_fusion32_fusionL1_drop0p2_trmiss80_trlocclin,32,0.0001,1,32,1,0.2,lr1e-04_bs32_modL1_fusion32_fusionL1_drop0p2_trmiss80_trlocclin,36,0.47470435003439587,0.7148136794567108,0.523109243697479,0.7035933979932874,0.4666666666666667,0.0,0.0,0.0,0.0,2002,clin,0.8
2,2,lr1e-04_bs32_modL1_fusion32_fusionL1_drop0p2_trmiss80_trlocclin,32,0.0001,1,32,1,0.2,lr1e-04_bs32_modL1_fusion32_fusionL1_drop0p2_trmiss80_trlocclin,37,0.48951629797617596,0.7157268226146698,0.5210084033613446,0.7039180564820298,0.4666666666666667,0.0,0.0,0.0,0.0,2002,clin,0.8
2,2,lr1e-04_bs32_modL1_fusion32_fusionL1_drop0p2_trmiss80_trlocclin,32,0.0001,1,32,1,0.2,lr1e-04_bs32_modL1_fusion32_fusionL1_drop0p2_trmiss80_trlocclin,38,0.487255002061526,0.7140227556228638,0.5252100840336135,0.7041895077508877,0.4666666666666667,0.0,0.0,0.0,0.0,2002,clin,0.8
2,2,lr1e-04_bs32_modL1_fusion32_fusionL1_drop0p2_trmiss80_trlocclin,32,0.0001,1,32,1,0.2,lr1e-04_bs32_modL1_fusion32_fusionL1_drop0p2_trmiss80_trlocclin,39,0.4769556373357773,0.717216432094574,0.5273109243697478,0.7044256372183837,0.4666666666666667,0.0,0.0,0.0,0.0,2002,clin,0.8
2,2,lr1e-04_bs32_modL1_fusion32_fusionL1_drop0p2_trmiss80_trlocclin,32,0.0001,1,32,1,0.2,lr1e-04_bs32_modL1_fusion32_fusionL1_drop0p2_trmiss80_trlocclin,40,0.49376804133256275,0.714162290096283,0.5294117647058822,0.702227184359993,0.4666666666666667,0.0,0.0,0.0,0.0,2002,clin,0.8
2,2,lr1e-04_bs32_modL1_fusion32_fusionL1_drop0p2_trmiss80_trlocclin,32,0.0001,1,32,1,0.2,lr1e-04_bs32_modL1_fusion32_fusionL1_drop0p2_trmiss80_trlocclin,41,0.49639177322387695,0.7161355912685394,0.5315126050420167,0.702950268118791,0.4666666666666667,0.0,0.0,0.0,0.0,2002,clin,0.8
2,2,lr1e-04_bs32_modL1_fusion32_fusionL1_drop0p2_trmiss80_trlocclin,32,0.0001,1,32,1,0.2,lr1e-04_bs32_modL1_fusion32_fusionL1_drop0p2_trmiss80_trlocclin,42,0.46545568605264026,0.713324248790741,0.5210084033613445,0.6939645819118504,0.4666666666666667,0.0,0.0,0.0,0.0,2002,clin,0.8
2,2,lr1e-04_bs32_modL1_fusion32_fusionL1_drop0p2_trmiss80_trlocclin,32,0.0001,1,32,1,0.2,lr1e-04_bs32_modL1_fusion32_fusionL1_drop0p2_trmiss80_trlocclin,43,0.46543218195438385,0.7131795585155487,0.5210084033613446,0.6979627766995189,0.4666666666666667,0.0,0.0,0.0,0.0,2002,clin,0.8
2,2,lr1e-04_bs32_modL1_fusion32_fusionL1_drop0p2_trmiss80_trlocclin,32,0.0001,1,32,1,0.2,lr1e-04_bs32_modL1_fusion32_fusionL1_drop0p2_trmiss80_trlocclin,44,0.4864690750837326,0.7167435884475708,0.5231092436974789,0.698383861533751,0.4666666666666667,0.0,0.0,0.0,0.0,2002,clin,0.8
2,2,lr1e-04_bs32_modL1_fusion32_fusionL1_drop0p2_trmiss80_trlocclin,32,0.0001,1,32,1,0.2,lr1e-04_bs32_modL1_fusion32_fusionL1_drop0p2_trmiss80_trlocclin,45,0.4783741980791092,0.7179190218448639,0.5294117647058824,0.7025260487116524,0.4666666666666667,0.0,0.0,0.0,0.0,2002,clin,0.8
2,2,lr1e-04_bs32_modL1_fusion32_fusionL1_drop0p2_trmiss80_trlocclin,32,0.0001,1,32,1,0.2,lr1e-04_bs32_modL1_fusion32_fusionL1_drop0p2_trmiss80_trlocclin,46,0.482375904917717,0.7173275053501129,0.5252100840336135,0.6991502957097961,0.4666666666666667,0.0,0.0,0.0,0.0,2002,clin,0.8
2,2,lr1e-04_bs32_modL1_fusion32_fusionL1_drop0p2_trmiss80_trlocclin,32,0.0001,1,32,1,0.2,lr1e-04_bs32_modL1_fusion32_fusionL1_drop0p2_trmiss80_trlocclin,47,0.47576147814591724,0.7139808237552643,0.5336134453781513,0.7021627567579714,0.4666666666666667,0.0,0.0,0.0,0.0,2002,clin,0.8
2,2,lr1e-04_bs32_modL1_fusion32_fusionL1_drop0p2_trmiss80_trlocclin,32,0.0001,1,32,1,0.2,lr1e-04_bs32_modL1_fusion32_fusionL1_drop0p2_trmiss80_trlocclin,48,0.47946398456891376,0.7111091613769531,0.5336134453781513,0.7004106725250687,0.4444444444444444,0.0,0.0,0.0,0.0,2002,clin,0.8
2,2,lr1e-04_bs32_modL1_fusion32_fusionL1_drop0p2_trmiss80_trlocclin,32,0.0001,1,32,1,0.2,lr1e-04_bs32_modL1_fusion32_fusionL1_drop0p2_trmiss80_trlocclin,49,0.49341418345769245,0.7162067592144012,0.5294117647058824,0.7041803467945219,0.4666666666666667,0.0,0.0,0.0,0.0,2002,clin,0.8
2,2,lr1e-04_bs32_modL1_fusion32_fusionL1_drop0p2_trmiss80_trlocclin,32,0.0001,1,32,1,0.2,lr1e-04_bs32_modL1_fusion32_fusionL1_drop0p2_trmiss80_trlocclin,50,0.48007262746493023,0.7147828340530396,0.5252100840336134,0.7007005715572279,0.4666666666666667,0.0,0.0,0.0,0.0,2002,clin,0.8
2,2,lr1e-04_bs32_modL1_fusion32_fusionL1_drop0p2_trmiss80_trlocclin,32,0.0001,1,32,1,0.2,lr1e-04_bs32_modL1_fusion32_fusionL1_drop0p2_trmiss80_trlocclin,51,0.47750287254651386,0.7178792357444763,0.5210084033613446,0.7016669662736226,0.4666666666666667,0.0,0.0,0.0,0.0,2002,clin,0.8
2,2,lr1e-04_bs32_modL1_fusion32_fusionL1_drop0p2_trmiss80_trlocclin,32,0.0001,1,32,1,0.2,lr1e-04_bs32_modL1_fusion32_fusionL1_drop0p2_trmiss80_trlocclin,52,0.484272504846255,0.7194125652313232,0.5252100840336134,0.702635562214023,0.4666666666666667,0.0,0.0,0.0,0.0,2002,clin,0.8
2,2,lr1e-04_bs32_modL1_fusion32_fusionL1_drop0p2_trmiss80_trlocclin,32,0.0001,1,32,1,0.2,lr1e-04_bs32_modL1_fusion32_fusionL1_drop0p2_trmiss80_trlocclin,53,0.4973289966583252,0.7160731554031372,0.5273109243697479,0.7052329648114256,0.4666666666666667,0.0,0.0,0.0,0.0,2002,clin,0.8
2,2,lr1e-04_bs32_modL1_fusion32_fusionL1_drop0p2_trmiss80_trlocclin,32,0.0001,1,32,1,0.2,lr1e-04_bs32_modL1_fusion32_fusionL1_drop0p2_trmiss80_trlocclin,54,0.47996464868386585,0.7133917510509491,0.5294117647058822,0.700338639663341,0.4666666666666667,0.0,0.0,0.0,0.0,2002,clin,0.8
2,2,lr1e-04_bs32_modL1_fusion32_fusionL1_drop0p2_trmiss80_trlocclin,32,0.0001,1,32,1,0.2,lr1e-04_bs32_modL1_fusion32_fusionL1_drop0p2_trmiss80_trlocclin,55,0.4756642282009125,0.7149100303649902,0.5294117647058824,0.7044486169876041,0.4666666666666667,0.0,0.0,0.0,0.0,2002,clin,0.8
2,2,lr1e-04_bs32_modL1_fusion32_fusionL1_drop0p2_trmiss80_trlocclin,32,0.0001,1,32,1,0.2,lr1e-04_bs32_modL1_fusion32_fusionL1_drop0p2_trmiss80_trlocclin,56,0.46800437072912854,0.7150749862194061,0.523109243697479,0.7056292166119232,0.4666666666666667,0.0,0.0,0.0,0.0,2002,clin,0.8
2,2,lr1e-04_bs32_modL1_fusion32_fusionL1_drop0p2_trmiss80_trlocclin,32,0.0001,1,32,1,0.2,lr1e-04_bs32_modL1_fusion32_fusionL1_drop0p2_trmiss80_trlocclin,57,0.47831777731577557,0.7136052250862122,0.5315126050420167,0.7094288445712151,0.4666666666666667,0.0,0.0,0.0,0.0,2002,clin,0.8
2,2,lr1e-04_bs32_modL1_fusion32_fusionL1_drop0p2_trmiss80_trlocclin,32,0.0001,1,32,1,0.2,lr1e-04_bs32_modL1_fusion32_fusionL1_drop0p2_trmiss80_trlocclin,58,0.46641214688618976,0.7151632010936737,0.5315126050420168,0.7100639287463231,0.4666666666666667,0.0,0.0,0.0,0.0,2002,clin,0.8
2,2,lr1e-04_bs32_modL1_fusion32_fusionL1_drop0p2_trmiss80_trlocclin,32,0.0001,1,32,1,0.2,lr1e-04_bs32_modL1_fusion32_fusionL1_drop0p2_trmiss80_trlocclin,59,0.4755832850933075,0.7161979377269745,0.5315126050420168,0.7090660365016401,0.4666666666666667,0.0,0.0,0.0,0.0,2002,clin,0.8
2,2,lr1e-04_bs32_modL1_fusion32_fusionL1_drop0p2_trmiss80_trlocclin,32,0.0001,1,32,1,0.2,lr1e-04_bs32_modL1_fusion32_fusionL1_drop0p2_trmiss80_trlocclin,60,0.49636492629845935,0.7152428030967712,0.5315126050420168,0.7090660365016401,0.4666666666666667,0.0,0.0,0.0,0.0,2002,clin,0.8
2,2,lr1e-04_bs32_modL1_fusion32_fusionL1_drop0p2_trmiss80_trlocclin,32,0.0001,1,32,1,0.2,lr1e-04_bs32_modL1_fusion32_fusionL1_drop0p2_trmiss80_trlocclin,61,0.4808573325475057,0.7161170244216919,0.5294117647058824,0.7064686339042375,0.4666666666666667,0.0,0.0,0.0,0.0,2002,clin,0.8
2,2,lr1e-04_bs32_modL1_fusion32_fusionL1_drop0p2_trmiss80_trlocclin,32,0.0001,1,32,1,0.2,lr1e-04_bs32_modL1_fusion32_fusionL1_drop0p2_trmiss80_trlocclin,62,0.4818165997664134,0.718520849943161,0.5273109243697479,0.7049183984254306,0.4666666666666667,0.0,0.0,0.0,0.0,2002,clin,0.8
2,2,lr1e-04_bs32_modL1_fusion32_fusionL1_drop0p2_trmiss80_trlocclin,32,0.0001,1,32,1,0.2,lr1e-04_bs32_modL1_fusion32_fusionL1_drop0p2_trmiss80_trlocclin,63,0.479945441087087,0.7161147892475128,0.5294117647058824,0.7067891467247504,0.4666666666666667,0.0,0.0,0.0,0.0,2002,clin,0.8
2,2,lr1e-04_bs32_modL1_fusion32_fusionL1_drop0p2_trmiss80_trlocclin,32,0.0001,1,32,1,0.2,lr1e-04_bs32_modL1_fusion32_fusionL1_drop0p2_trmiss80_trlocclin,64,0.4944320172071457,0.7207607626914978,0.5252100840336135,0.7029560750345358,0.4888888888888889,0.0,0.0,0.0,0.0,2002,clin,0.8
2,2,lr1e-04_bs32_modL1_fusion32_fusionL1_drop0p2_trmiss80_trlocclin,32,0.0001,1,32,1,0.2,lr1e-04_bs32_modL1_fusion32_fusionL1_drop0p2_trmiss80_trlocclin,65,0.477427418033282,0.7206923961639404,0.5273109243697478,0.7015669202543506,0.4666666666666667,0.0,0.0,0.0,0.0,2002,clin,0.8
2,2,lr1e-04_bs32_modL1_fusion32_fusionL1_drop0p2_trmiss80_trlocclin,32,0.0001,1,32,1,0.2,lr1e-04_bs32_modL1_fusion32_fusionL1_drop0p2_trmiss80_trlocclin,66,0.47547749678293866,0.7196006774902344,0.5273109243697479,0.7048304786421327,0.4666666666666667,0.0,0.0,0.0,0.0,2002,clin,0.8
2,2,lr1e-04_bs32_modL1_fusion32_fusionL1_drop0p2_trmiss80_trlocclin,32,0.0001,1,32,1,0.2,lr1e-04_bs32_modL1_fusion32_fusionL1_drop0p2_trmiss80_trlocclin,67,0.4830436706542969,0.7159191370010376,0.5273109243697478,0.7013343272171357,0.4666666666666667,0.0,0.0,0.0,0.0,2002,clin,0.8
2,2,lr1e-04_bs32_modL1_fusion32_fusionL1_drop0p2_trmiss80_trlocclin,32,0.0001,1,32,1,0.2,lr1e-04_bs32_modL1_fusion32_fusionL1_drop0p2_trmiss80_trlocclin,68,0.49110375841458637,0.7157265841960907,0.5336134453781513,0.7068404230427805,0.4666666666666667,0.0,0.0,0.0,0.0,2002,clin,0.8
2,2,lr1e-04_bs32_modL1_fusion32_fusionL1_drop0p1_trmiss80_trlocclin,32,0.0001,1,32,1,0.1,lr1e-04_bs32_modL1_fusion32_fusionL1_drop0p1_trmiss80_trlocclin,1,0.7525114119052887,0.7222273945808411,0.5063025210084033,0.7086489162688702,0.4444444444444444,0.0,0.0,0.0,0.0,2002,clin,0.8
2,2,lr1e-04_bs32_modL1_fusion32_fusionL1_drop0p1_trmiss80_trlocclin,32,0.0001,1,32,1,0.1,lr1e-04_bs32_modL1_fusion32_fusionL1_drop0p1_trmiss80_trlocclin,2,0.7018677492936453,0.7312562763690948,0.5021008403361344,0.707402360789312,0.4888888888888889,0.0,0.0,0.0,0.0,2002,clin,0.8
2,2,lr1e-04_bs32_modL1_fusion32_fusionL1_drop0p1_trmiss80_trlocclin,32,0.0001,1,32,1,0.1,lr1e-04_bs32_modL1_fusion32_fusionL1_drop0p1_trmiss80_trlocclin,3,0.6750679016113281,0.740031898021698,0.49369747899159666,0.7001398167843366,0.4888888888888889,0.0,0.0,0.0,0.0,2002,clin,0.8
2,2,lr1e-04_bs32_modL1_fusion32_fusionL1_drop0p1_trmiss80_trlocclin,32,0.0001,1,32,1,0.1,lr1e-04_bs32_modL1_fusion32_fusionL1_drop0p1_trmiss80_trlocclin,4,0.6583639681339264,0.7481181919574738,0.5294117647058824,0.7150775841795975,0.5111111111111111,0.0,0.0,0.0,0.0,2002,clin,0.8
2,2,lr1e-04_bs32_modL1_fusion32_fusionL1_drop0p1_trmiss80_trlocclin,32,0.0001,1,32,1,0.1,lr1e-04_bs32_modL1_fusion32_fusionL1_drop0p1_trmiss80_trlocclin,5,0.603922555843989,0.7606305480003357,0.5336134453781514,0.7150125997272854,0.5111111111111111,0.0,0.0,0.0,0.0,2002,clin,0.8
2,2,lr1e-04_bs32_modL1_fusion32_fusionL1_drop0p1_trmiss80_trlocclin,32,0.0001,1,32,1,0.1,lr1e-04_bs32_modL1_fusion32_fusionL1_drop0p1_trmiss80_trlocclin,6,0.5872673789660136,0.7612423300743103,0.5546218487394958,0.7348474910356673,0.5333333333333333,0.0,0.0,0.0,0.0,2002,clin,0.8
2,2,lr1e-04_bs32_modL1_fusion32_fusionL1_drop0p1_trmiss80_trlocclin,32,0.0001,1,32,1,0.1,lr1e-04_bs32_modL1_fusion32_fusionL1_drop0p1_trmiss80_trlocclin,7,0.5780365169048309,0.7694087624549866,0.5525210084033614,0.7309875489709191,0.5111111111111111,0.0,0.0,0.0,0.0,2002,clin,0.8
2,2,lr1e-04_bs32_modL1_fusion32_fusionL1_drop0p1_trmiss80_trlocclin,32,0.0001,1,32,1,0.1,lr1e-04_bs32_modL1_fusion32_fusionL1_drop0p1_trmiss80_trlocclin,8,0.5710035264492035,0.7738185524940491,0.5483193277310925,0.7295481786063485,0.5333333333333333,0.0,0.0,0.0,0.0,2002,clin,0.8
2,2,lr1e-04_bs32_modL1_fusion32_fusionL1_drop0p1_trmiss80_trlocclin,32,0.0001,1,32,1,0.1,lr1e-04_bs32_modL1_fusion32_fusionL1_drop0p1_trmiss80_trlocclin,9,0.5555817087491354,0.7740465700626373,0.5441176470588236,0.7203078730703096,0.5111111111111111,0.0,0.0,0.0,0.0,2002,clin,0.8
2,2,lr1e-04_bs32_modL1_fusion32_fusionL1_drop0p1_trmiss80_trlocclin,32,0.0001,1,32,1,0.1,lr1e-04_bs32_modL1_fusion32_fusionL1_drop0p1_trmiss80_trlocclin,10,0.5432678163051605,0.7696547210216522,0.5525210084033614,0.7279513095909387,0.5333333333333333,0.0,0.0,0.0,0.0,2002,clin,0.8
2,2,lr1e-04_bs32_modL1_fusion32_fusionL1_drop0p1_trmiss80_trlocclin,32,0.0001,1,32,1,0.1,lr1e-04_bs32_modL1_fusion32_fusionL1_drop0p1_trmiss80_trlocclin,11,0.5389097332954407,0.76901575922966,0.5609243697478992,0.7285495026368268,0.5333333333333333,0.0,0.0,0.0,0.0,2002,clin,0.8
2,2,lr1e-04_bs32_modL1_fusion32_fusionL1_drop0p1_trmiss80_trlocclin,32,0.0001,1,32,1,0.1,lr1e-04_bs32_modL1_fusion32_fusionL1_drop0p1_trmiss80_trlocclin,12,0.5311647852261862,0.7717009782791138,0.5504201680672269,0.7203933184457626,0.5333333333333333,0.0,0.0,0.0,0.0,2002,clin,0.8
2,2,lr1e-04_bs32_modL1_fusion32_fusionL1_drop0p1_trmiss80_trlocclin,32,0.0001,1,32,1,0.1,lr1e-04_bs32_modL1_fusion32_fusionL1_drop0p1_trmiss80_trlocclin,13,0.53066186606884,0.771981805562973,0.5546218487394958,0.7219174159880053,0.5333333333333333,0.0,0.0,0.0,0.0,2002,clin,0.8
2,2,lr1e-04_bs32_modL1_fusion32_fusionL1_drop0p1_trmiss80_trlocclin,32,0.0001,1,32,1,0.1,lr1e-04_bs32_modL1_fusion32_fusionL1_drop0p1_trmiss80_trlocclin,14,0.5236932784318924,0.7729965150356293,0.542016806722689,0.7077210451319706,0.5111111111111111,0.0,0.0,0.0,0.0,2002,clin,0.8
2,2,lr1e-04_bs32_modL1_fusion32_fusionL1_drop0p1_trmiss80_trlocclin,32,0.0001,1,32,1,0.1,lr1e-04_bs32_modL1_fusion32_fusionL1_drop0p1_trmiss80_trlocclin,15,0.5104896426200867,0.7729960978031158,0.5483193277310924,0.7167065226120873,0.5111111111111111,0.0,0.0,0.0,0.0,2002,clin,0.8
2,2,lr1e-04_bs32_modL1_fusion32_fusionL1_drop0p1_trmiss80_trlocclin,32,0.0001,1,32,1,0.1,lr1e-04_bs32_modL1_fusion32_fusionL1_drop0p1_trmiss80_trlocclin,16,0.5157536268234253,0.7735182642936707,0.5567226890756303,0.7219263001782862,0.5333333333333333,0.0,0.0,0.0,0.0,2002,clin,0.8
2,2,lr1e-04_bs32_modL1_fusion32_fusionL1_drop0p1_trmiss80_trlocclin,32,0.0001,1,32,1,0.1,lr1e-04_bs32_modL1_fusion32_fusionL1_drop0p1_trmiss80_trlocclin,17,0.5012630969285965,0.7739681303501129,0.5609243697478992,0.718996350870628,0.5333333333333333,0.0,0.0,0.0,0.0,2002,clin,0.8
2,2,lr1e-04_bs32_modL1_fusion32_fusionL1_drop0p1_trmiss80_trlocclin,32,0.0001,1,32,1,0.1,lr1e-04_bs32_modL1_fusion32_fusionL1_drop0p1_trmiss80_trlocclin,18,0.4990973969300588,0.7739484906196594,0.5630252100840336,0.7239375813950959,0.5333333333333333,0.0,0.0,0.0,0.0,2002,clin,0.8
2,2,lr1e-04_bs32_modL1_fusion32_fusionL1_drop0p1_trmiss80_trlocclin,32,0.0001,1,32,1,0.1,lr1e-04_bs32_modL1_fusion32_fusionL1_drop0p1_trmiss80_trlocclin,19,0.5125512580076853,0.7757146060466766,0.5546218487394957,0.7185150277582565,0.5333333333333333,0.0,0.0,0.0,0.0,2002,clin,0.8
2,2,lr1e-04_bs32_modL1_fusion32_fusionL1_drop0p1_trmiss80_trlocclin,32,0.0001,1,32,1,0.1,lr1e-04_bs32_modL1_fusion32_fusionL1_drop0p1_trmiss80_trlocclin,20,0.49847638110319775,0.7751916646957397,0.5567226890756303,0.7177701707434047,0.5333333333333333,0.0,0.0,0.0,0.0,2002,clin,0.8
2,2,lr1e-04_bs32_modL1_fusion32_fusionL1_drop0p1_trmiss80_trlocclin,32,0.0001,1,32,1,0.1,lr1e-04_bs32_modL1_fusion32_fusionL1_drop0p1_trmiss80_trlocclin,21,0.48719803988933563,0.772995799779892,0.5546218487394958,0.7164492577628279,0.5555555555555556,0.0,0.0,0.0,0.0,2002,clin,0.8
2,2,lr1e-04_bs32_modL1_fusion32_fusionL1_drop0p1_trmiss80_trlocclin,32,0.0001,1,32,1,0.1,lr1e-04_bs32_modL1_fusion32_fusionL1_drop0p1_trmiss80_trlocclin,22,0.5001570483048757,0.7696762979030609,0.5630252100840336,0.7214426012540704,0.5333333333333333,0.0,0.0,0.0,0.0,2002,clin,0.8
2,2,lr1e-04_bs32_modL1_fusion32_fusionL1_drop0p1_trmiss80_trlocclin,32,0.0001,1,32,1,0.1,lr1e-04_bs32_modL1_fusion32_fusionL1_drop0p1_trmiss80_trlocclin,23,0.4883592377106349,0.7717163264751434,0.5609243697478992,0.7202125812740505,0.5333333333333333,0.0,0.0,0.0,0.0,2002,clin,0.8
2,2,lr1e-04_bs32_modL1_fusion32_fusionL1_drop0p1_trmiss80_trlocclin,32,0.0001,1,32,1,0.1,lr1e-04_bs32_modL1_fusion32_fusionL1_drop0p1_trmiss80_trlocclin,24,0.484407310684522,0.7703651785850525,0.5630252100840336,0.7240391118862954,0.5333333333333333,0.0,0.0,0.0,0.0,2002,clin,0.8
2,2,lr1e-04_bs32_modL1_fusion32_fusionL1_drop0p1_trmiss80_trlocclin,32,0.0001,1,32,1,0.1,lr1e-04_bs32_modL1_fusion32_fusionL1_drop0p1_trmiss80_trlocclin,25,0.477084219455719,0.7693971991539001,0.5630252100840336,0.7249891470727837,0.5333333333333333,0.0,0.0,0.0,0.0,2002,clin,0.8
2,2,lr1e-04_bs32_modL1_fusion32_fusionL1_drop0p1_trmiss80_trlocclin,32,0.0001,1,32,1,0.1,lr1e-04_bs32_modL1_fusion32_fusionL1_drop0p1_trmiss80_trlocclin,26,0.4764622350533803,0.7716717720031738,0.5609243697478992,0.7130843851680219,0.5333333333333333,0.0,0.0,0.0,0.0,2002,clin,0.8
2,2,lr1e-04_bs32_modL1_fusion32_fusionL1_drop0p1_trmiss80_trlocclin,32,0.0001,1,32,1,0.1,lr1e-04_bs32_modL1_fusion32_fusionL1_drop0p1_trmiss80_trlocclin,27,0.486991822719574,0.769432008266449,0.5609243697478992,0.7130843851680219,0.5333333333333333,0.0,0.0,0.0,0.0,2002,clin,0.8
2,2,lr1e-04_bs32_modL1_fusion32_fusionL1_drop0p1_trmiss80_trlocclin,32,0.0001,1,32,1,0.1,lr1e-04_bs32_modL1_fusion32_fusionL1_drop0p1_trmiss80_trlocclin,28,0.48048772911230725,0.7667340040206909,0.5609243697478992,0.7208388331010411,0.5333333333333333,0.0,0.0,0.0,0.0,2002,clin,0.8
2,2,lr1e-04_bs32_modL1_fusion32_fusionL1_drop0p1_trmiss80_trlocclin,32,0.0001,1,32,1,0.1,lr1e-04_bs32_modL1_fusion32_fusionL1_drop0p1_trmiss80_trlocclin,29,0.4872373342514038,0.7728328108787537,0.5630252100840335,0.724882854555777,0.5333333333333333,0.0,0.0,0.0,0.0,2002,clin,0.8
2,2,lr1e-04_bs32_modL1_fusion32_fusionL1_drop0p1_trmiss80_trlocclin,32,0.0001,1,32,1,0.1,lr1e-04_bs32_modL1_fusion32_fusionL1_drop0p1_trmiss80_trlocclin,30,0.47614867985248566,0.7698813378810883,0.5567226890756303,0.7108741549220774,0.5333333333333333,0.0,0.0,0.0,0.0,2002,clin,0.8
2,2,lr1e-04_bs32_modL1_fusion32_fusionL1_drop0p1_trmiss80_trlocclin,32,0.0001,1,32,1,0.1,lr1e-04_bs32_modL1_fusion32_fusionL1_drop0p1_trmiss80_trlocclin,31,0.4737671713034312,0.769435852766037,0.5525210084033614,0.7087582164250905,0.5333333333333333,0.0,0.0,0.0,0.0,2002,clin,0.8
2,2,lr1e-04_bs32_modL1_fusion32_fusionL1_drop0p1_trmiss80_trlocclin,32,0.0001,1,32,1,0.1,lr1e-04_bs32_modL1_fusion32_fusionL1_drop0p1_trmiss80_trlocclin,32,0.47630785902341205,0.76969975233078,0.5546218487394957,0.710777716532826,0.5333333333333333,0.0,0.0,0.0,0.0,2002,clin,0.8
2,2,lr1e-04_bs32_modL1_fusion32_fusionL1_drop0p1_trmiss80_trlocclin,32,0.0001,1,32,1,0.1,lr1e-04_bs32_modL1_fusion32_fusionL1_drop0p1_trmiss80_trlocclin,33,0.4779067486524582,0.7694143354892731,0.5525210084033614,0.7079386345600864,0.5555555555555556,0.0,0.0,0.0,0.0,2002,clin,0.8
2,2,lr1e-04_bs32_modL1_fusion32_fusionL1_drop0p1_trmiss80_trlocclin,32,0.0001,1,32,1,0.1,lr1e-04_bs32_modL1_fusion32_fusionL1_drop0p1_trmiss80_trlocclin,34,0.48192820449670154,0.7722171545028687,0.5504201680672269,0.708388760950593,0.5555555555555556,0.0,0.0,0.0,0.0,2002,clin,0.8
2,2,lr1e-04_bs32_modL1_fusion32_fusionL1_drop0p1_trmiss80_trlocclin,32,0.0001,1,32,1,0.1,lr1e-04_bs32_modL1_fusion32_fusionL1_drop0p1_trmiss80_trlocclin,35,0.4801367521286011,0.7727037370204926,0.5567226890756303,0.7103813031145529,0.5555555555555556,0.0,0.0,0.0,0.0,2002,clin,0.8
2,2,lr1e-04_bs32_modL1_fusion32_fusionL1_drop0p1_trmiss80_trlocclin,32,0.0001,1,32,1,0.1,lr1e-04_bs32_modL1_fusion32_fusionL1_drop0p1_trmiss80_trlocclin,36,0.48223142822583515,0.7767736315727234,0.5588235294117647,0.7116783507262732,0.5555555555555556,0.0,0.0,0.0,0.0,2002,clin,0.8
2,2,lr1e-04_bs32_modL1_fusion32_fusionL1_drop0p1_trmiss80_trlocclin,32,0.0001,1,32,1,0.1,lr1e-04_bs32_modL1_fusion32_fusionL1_drop0p1_trmiss80_trlocclin,37,0.48503105342388153,0.7745769023895264,0.5609243697478992,0.7127606018085242,0.5333333333333333,0.0,0.0,0.0,0.0,2002,clin,0.8
2,2,lr1e-04_bs32_modL1_fusion32_fusionL1_drop0p1_trmiss80_trlocclin,32,0.0001,1,32,1,0.1,lr1e-04_bs32_modL1_fusion32_fusionL1_drop0p1_trmiss80_trlocclin,38,0.47408118347326916,0.771992951631546,0.5483193277310925,0.7062302052206086,0.5555555555555556,0.0,0.0,0.0,0.0,2002,clin,0.8
2,2,lr1e-04_bs32_modL1_fusion32_fusionL1_drop0p1_trmiss80_trlocclin,32,0.0001,1,32,1,0.1,lr1e-04_bs32_modL1_fusion32_fusionL1_drop0p1_trmiss80_trlocclin,39,0.4774303138256073,0.769822746515274,0.5525210084033614,0.7085618838598063,0.5555555555555556,0.0,0.0,0.0,0.0,2002,clin,0.8
2,2,lr1e-04_bs32_modL1_fusion32_fusionL1_drop0p1_trmiss80_trlocclin,32,0.0001,1,32,1,0.1,lr1e-04_bs32_modL1_fusion32_fusionL1_drop0p1_trmiss80_trlocclin,40,0.48397986590862274,0.7694137096405029,0.5525210084033614,0.7082235647714872,0.5555555555555556,0.0,0.0,0.0,0.0,2002,clin,0.8
2,2,lr1e-04_bs32_modL1_fusion32_fusionL1_drop0p1_trmiss80_trlocclin,32,0.0001,1,32,1,0.1,lr1e-04_bs32_modL1_fusion32_fusionL1_drop0p1_trmiss80_trlocclin,41,0.4706841806570689,0.7723312973976135,0.5546218487394958,0.7098541397103328,0.5555555555555556,0.0,0.0,0.0,0.0,2002,clin,0.8
2,2,lr1e-04_bs32_modL1_fusion32_fusionL1_drop0p1_trmiss80_trlocclin,32,0.0001,1,32,1,0.1,lr1e-04_bs32_modL1_fusion32_fusionL1_drop0p1_trmiss80_trlocclin,42,0.4605437368154526,0.7681972086429596,0.5504201680672268,0.7085327463306688,0.5555555555555556,0.0,0.0,0.0,0.0,2002,clin,0.8
2,2,lr1e-04_bs32_modL1_fusion32_fusionL1_drop0p1_trmiss80_trlocclin,32,0.0001,1,32,1,0.1,lr1e-04_bs32_modL1_fusion32_fusionL1_drop0p1_trmiss80_trlocclin,43,0.4799818694591522,0.772384375333786,0.5525210084033614,0.7078044114581276,0.5555555555555556,0.0,0.0,0.0,0.0,2002,clin,0.8
2,2,lr1e-04_bs32_modL1_fusion32_fusionL1_drop0p1_trmiss80_trlocclin,32,0.0001,1,32,1,0.1,lr1e-04_bs32_modL1_fusion32_fusionL1_drop0p1_trmiss80_trlocclin,44,0.4875420778989792,0.7715747058391571,0.5504201680672269,0.7066989692812569,0.5555555555555556,0.0,0.0,0.0,0.0,2002,clin,0.8
2,2,lr1e-04_bs32_modL1_fusion32_fusionL1_drop0p1_trmiss80_trlocclin,32,0.0001,1,32,1,0.1,lr1e-04_bs32_modL1_fusion32_fusionL1_drop0p1_trmiss80_trlocclin,45,0.47524650394916534,0.7725087702274323,0.5546218487394958,0.7100116840596065,0.5555555555555556,0.0,0.0,0.0,0.0,2002,clin,0.8
2,2,lr1e-04_bs32_modL1_fusion64_fusionL1_drop0p2_trmiss80_trlocclin,32,0.0001,1,64,1,0.2,lr1e-04_bs32_modL1_fusion64_fusionL1_drop0p2_trmiss80_trlocclin,1,0.6736077666282654,0.6678990125656128,0.6113445378151261,0.7411221456817539,0.6222222222222222,0.0,0.0,0.0,0.0,2002,clin,0.8
2,2,lr1e-04_bs32_modL1_fusion64_fusionL1_drop0p2_trmiss80_trlocclin,32,0.0001,1,64,1,0.2,lr1e-04_bs32_modL1_fusion64_fusionL1_drop0p2_trmiss80_trlocclin,2,0.6259182989597321,0.6631081104278564,0.6260504201680672,0.7442092100373832,0.6444444444444445,0.0,0.0,0.0,0.0,2002,clin,0.8
2,2,lr1e-04_bs32_modL1_fusion64_fusionL1_drop0p2_trmiss80_trlocclin,32,0.0001,1,64,1,0.2,lr1e-04_bs32_modL1_fusion64_fusionL1_drop0p2_trmiss80_trlocclin,3,0.6137452026208242,0.660076230764389,0.6386554621848739,0.7553721002779812,0.6222222222222222,0.0,0.0,0.0,0.0,2002,clin,0.8
2,2,lr1e-04_bs32_modL1_fusion64_fusionL1_drop0p2_trmiss80_trlocclin,32,0.0001,1,64,1,0.2,lr1e-04_bs32_modL1_fusion64_fusionL1_drop0p2_trmiss80_trlocclin,4,0.5872986515363058,0.6613133549690247,0.6218487394957983,0.7354949967264565,0.6,0.0,0.0,0.0,0.0,2002,clin,0.8
2,2,lr1e-04_bs32_modL1_fusion64_fusionL1_drop0p2_trmiss80_trlocclin,32,0.0001,1,64,1,0.2,lr1e-04_bs32_modL1_fusion64_fusionL1_drop0p2_trmiss80_trlocclin,5,0.5638924340407053,0.6650645136833191,0.6071428571428572,0.7321723318696648,0.6,0.0,0.0,0.0,0.0,2002,clin,0.8
2,2,lr1e-04_bs32_modL1_fusion64_fusionL1_drop0p2_trmiss80_trlocclin,32,0.0001,1,64,1,0.2,lr1e-04_bs32_modL1_fusion64_fusionL1_drop0p2_trmiss80_trlocclin,6,0.5508059362570444,0.6744552552700043,0.5588235294117647,0.6851783218360189,0.6,0.0,0.0,0.0,0.0,2002,clin,0.8
2,2,lr1e-04_bs32_modL1_fusion64_fusionL1_drop0p2_trmiss80_trlocclin,32,0.0001,1,64,1,0.2,lr1e-04_bs32_modL1_fusion64_fusionL1_drop0p2_trmiss80_trlocclin,7,0.5482091307640076,0.6767232418060303,0.5546218487394958,0.6790374698032695,0.5777777777777777,0.0,0.0,0.0,0.0,2002,clin,0.8
2,2,lr1e-04_bs32_modL1_fusion64_fusionL1_drop0p2_trmiss80_trlocclin,32,0.0001,1,64,1,0.2,lr1e-04_bs32_modL1_fusion64_fusionL1_drop0p2_trmiss80_trlocclin,8,0.5328429539998373,0.668180912733078,0.5714285714285714,0.6693403825105357,0.5777777777777777,0.0,0.0,0.0,0.0,2002,clin,0.8
2,2,lr1e-04_bs32_modL1_fusion64_fusionL1_drop0p2_trmiss80_trlocclin,32,0.0001,1,64,1,0.2,lr1e-04_bs32_modL1_fusion64_fusionL1_drop0p2_trmiss80_trlocclin,9,0.5285520553588867,0.6665422022342682,0.573529411764706,0.7049095492053995,0.5777777777777777,0.0,0.0,0.0,0.0,2002,clin,0.8
2,2,lr1e-04_bs32_modL1_fusion64_fusionL1_drop0p2_trmiss80_trlocclin,32,0.0001,1,64,1,0.2,lr1e-04_bs32_modL1_fusion64_fusionL1_drop0p2_trmiss80_trlocclin,10,0.5261907428503036,0.66708704829216,0.5651260504201681,0.6964562212759117,0.5777777777777777,0.0,0.0,0.0,0.0,2002,clin,0.8
2,2,lr1e-04_bs32_modL1_fusion64_fusionL1_drop0p2_trmiss80_trlocclin,32,0.0001,1,64,1,0.2,lr1e-04_bs32_modL1_fusion64_fusionL1_drop0p2_trmiss80_trlocclin,11,0.4989882657925288,0.6708919405937195,0.5588235294117647,0.6930095910180809,0.5777777777777777,0.0,0.0,0.0,0.0,2002,clin,0.8
2,2,lr1e-04_bs32_modL1_fusion64_fusionL1_drop0p2_trmiss80_trlocclin,32,0.0001,1,64,1,0.2,lr1e-04_bs32_modL1_fusion64_fusionL1_drop0p2_trmiss80_trlocclin,12,0.49516427020231885,0.6781482994556427,0.5462184873949579,0.6581765061816248,0.5555555555555556,0.0,0.0,0.0,0.0,2002,clin,0.8
2,2,lr1e-04_bs32_modL1_fusion64_fusionL1_drop0p2_trmiss80_trlocclin,32,0.0001,1,64,1,0.2,lr1e-04_bs32_modL1_fusion64_fusionL1_drop0p2_trmiss80_trlocclin,13,0.49395160873730976,0.6846983134746552,0.5336134453781513,0.6312661590830856,0.5777777777777777,0.0,0.0,0.0,0.0,2002,clin,0.8
2,2,lr1e-04_bs32_modL1_fusion64_fusionL1_drop0p2_trmiss80_trlocclin,32,0.0001,1,64,1,0.2,lr1e-04_bs32_modL1_fusion64_fusionL1_drop0p2_trmiss80_trlocclin,14,0.48983973264694214,0.6854049861431122,0.5357142857142856,0.6274160538837862,0.5555555555555556,0.0,0.0,0.0,0.0,2002,clin,0.8
2,2,lr1e-04_bs32_modL1_fusion64_fusionL1_drop0p2_trmiss80_trlocclin,32,0.0001,1,64,1,0.2,lr1e-04_bs32_modL1_fusion64_fusionL1_drop0p2_trmiss80_trlocclin,15,0.48059452573458356,0.6805566847324371,0.546218487394958,0.6524099495611794,0.5777777777777777,0.0,0.0,0.0,0.0,2002,clin,0.8
2,2,lr1e-04_bs32_modL1_fusion64_fusionL1_drop0p2_trmiss80_trlocclin,32,0.0001,1,64,1,0.2,lr1e-04_bs32_modL1_fusion64_fusionL1_drop0p2_trmiss80_trlocclin,16,0.4724811613559723,0.6793057024478912,0.5504201680672269,0.6627500856156013,0.5777777777777777,0.0,0.0,0.0,0.0,2002,clin,0.8
2,2,lr1e-04_bs32_modL1_fusion64_fusionL1_drop0p2_trmiss80_trlocclin,32,0.0001,1,64,1,0.2,lr1e-04_bs32_modL1_fusion64_fusionL1_drop0p2_trmiss80_trlocclin,17,0.4727935940027237,0.6775222718715668,0.5588235294117647,0.6734224451349023,0.5333333333333333,0.0,0.0,0.0,0.0,2002,clin,0.8
2,2,lr1e-04_bs32_modL1_fusion64_fusionL1_drop0p2_trmiss80_trlocclin,32,0.0001,1,64,1,0.2,lr1e-04_bs32_modL1_fusion64_fusionL1_drop0p2_trmiss80_trlocclin,18,0.47728872795899707,0.6765992045402527,0.5567226890756303,0.6731387451688068,0.5555555555555556,0.0,0.0,0.0,0.0,2002,clin,0.8
2,2,lr1e-04_bs32_modL1_fusion64_fusionL1_drop0p2_trmiss80_trlocclin,32,0.0001,1,64,1,0.2,lr1e-04_bs32_modL1_fusion64_fusionL1_drop0p2_trmiss80_trlocclin,19,0.4797389358282089,0.6739006042480469,0.5630252100840336,0.6784894317169723,0.5555555555555556,0.0,0.0,0.0,0.0,2002,clin,0.8
2,2,lr1e-04_bs32_modL1_fusion64_fusionL1_drop0p2_trmiss80_trlocclin,32,0.0001,1,64,1,0.2,lr1e-04_bs32_modL1_fusion64_fusionL1_drop0p2_trmiss80_trlocclin,20,0.4658250957727432,0.6731107831001282,0.5672268907563025,0.6873841358436822,0.5555555555555556,0.0,0.0,0.0,0.0,2002,clin,0.8
2,2,lr1e-04_bs32_modL1_fusion64_fusionL1_drop0p2_trmiss80_trlocclin,32,0.0001,1,64,1,0.2,lr1e-04_bs32_modL1_fusion64_fusionL1_drop0p2_trmiss80_trlocclin,21,0.45258504152297974,0.6729357242584229,0.5651260504201681,0.683670078246141,0.5555555555555556,0.0,0.0,0.0,0.0,2002,clin,0.8
2,2,lr1e-04_bs32_modL1_fusion64_fusionL1_drop0p2_trmiss80_trlocclin,32,0.0001,1,64,1,0.2,lr1e-04_bs32_modL1_fusion64_fusionL1_drop0p2_trmiss80_trlocclin,22,0.4576604912678401,0.6712314188480377,0.5777310924369747,0.6973006024303169,0.5555555555555556,0.0,0.0,0.0,0.0,2002,clin,0.8
2,2,lr1e-04_bs32_modL1_fusion64_fusionL1_drop0p2_trmiss80_trlocclin,32,0.0001,1,64,1,0.2,lr1e-04_bs32_modL1_fusion64_fusionL1_drop0p2_trmiss80_trlocclin,23,0.45855700969696045,0.6729083359241486,0.5714285714285714,0.684179289245065,0.5555555555555556,0.0,0.0,0.0,0.0,2002,clin,0.8
2,2,lr1e-04_bs32_modL1_fusion64_fusionL1_drop0p1_trmiss80_trlocclin,32,0.0001,1,64,1,0.1,lr1e-04_bs32_modL1_fusion64_fusionL1_drop0p1_trmiss80_trlocclin,1,0.6851753195126852,0.6785500943660736,0.5126050420168068,0.680955428302739,0.6444444444444445,0.0,0.0,0.0,0.0,2002,clin,0.8
2,2,lr1e-04_bs32_modL1_fusion64_fusionL1_drop0p1_trmiss80_trlocclin,32,0.0001,1,64,1,0.1,lr1e-04_bs32_modL1_fusion64_fusionL1_drop0p1_trmiss80_trlocclin,2,0.616498996814092,0.6706614196300507,0.5651260504201681,0.7139676967002657,0.6444444444444445,0.0,0.0,0.0,0.0,2002,clin,0.8
2,2,lr1e-04_bs32_modL1_fusion64_fusionL1_drop0p1_trmiss80_trlocclin,32,0.0001,1,64,1,0.1,lr1e-04_bs32_modL1_fusion64_fusionL1_drop0p1_trmiss80_trlocclin,3,0.5837115546067556,0.6560123562812805,0.6029411764705882,0.7445122338373802,0.6444444444444445,0.0,0.0,0.0,0.0,2002,clin,0.8
2,2,lr1e-04_bs32_modL1_fusion64_fusionL1_drop0p1_trmiss80_trlocclin,32,0.0001,1,64,1,0.1,lr1e-04_bs32_modL1_fusion64_fusionL1_drop0p1_trmiss80_trlocclin,4,0.5634413858254751,0.6464321911334991,0.615546218487395,0.7557680112679697,0.6666666666666666,0.0,0.0,0.0,0.0,2002,clin,0.8
2,2,lr1e-04_bs32_modL1_fusion64_fusionL1_drop0p1_trmiss80_trlocclin,32,0.0001,1,64,1,0.1,lr1e-04_bs32_modL1_fusion64_fusionL1_drop0p1_trmiss80_trlocclin,5,0.5487179160118103,0.6425221860408783,0.6134453781512605,0.7574124827331745,0.6444444444444445,0.0,0.0,0.0,0.0,2002,clin,0.8
2,2,lr1e-04_bs32_modL1_fusion64_fusionL1_drop0p1_trmiss80_trlocclin,32,0.0001,1,64,1,0.1,lr1e-04_bs32_modL1_fusion64_fusionL1_drop0p1_trmiss80_trlocclin,6,0.5266961852709452,0.6432817280292511,0.5945378151260504,0.7350196771570867,0.6222222222222222,0.0,0.0,0.0,0.0,2002,clin,0.8
2,2,lr1e-04_bs32_modL1_fusion64_fusionL1_drop0p1_trmiss80_trlocclin,32,0.0001,1,64,1,0.1,lr1e-04_bs32_modL1_fusion64_fusionL1_drop0p1_trmiss80_trlocclin,7,0.5117841362953186,0.6463079452514648,0.5945378151260504,0.7330602309241209,0.6,0.0,0.0,0.0,0.0,2002,clin,0.8
2,2,lr1e-04_bs32_modL1_fusion64_fusionL1_drop0p1_trmiss80_trlocclin,32,0.0001,1,64,1,0.1,lr1e-04_bs32_modL1_fusion64_fusionL1_drop0p1_trmiss80_trlocclin,8,0.49068326751391095,0.6496444940567017,0.5966386554621849,0.7312018013408119,0.6,0.0,0.0,0.0,0.0,2002,clin,0.8
2,2,lr1e-04_bs32_modL1_fusion64_fusionL1_drop0p1_trmiss80_trlocclin,32,0.0001,1,64,1,0.1,lr1e-04_bs32_modL1_fusion64_fusionL1_drop0p1_trmiss80_trlocclin,9,0.4846654882033666,0.6504800915718079,0.6008403361344539,0.7356663709516551,0.6222222222222222,0.0,0.0,0.0,0.0,2002,clin,0.8
2,2,lr1e-04_bs32_modL1_fusion64_fusionL1_drop0p1_trmiss80_trlocclin,32,0.0001,1,64,1,0.1,lr1e-04_bs32_modL1_fusion64_fusionL1_drop0p1_trmiss80_trlocclin,10,0.4637192537387212,0.6529766321182251,0.5861344537815126,0.7213196974825711,0.6,0.0,0.0,0.0,0.0,2002,clin,0.8
2,2,lr1e-04_bs32_modL1_fusion64_fusionL1_drop0p1_trmiss80_trlocclin,32,0.0001,1,64,1,0.1,lr1e-04_bs32_modL1_fusion64_fusionL1_drop0p1_trmiss80_trlocclin,11,0.4467000812292099,0.6560014486312866,0.592436974789916,0.7227534290652843,0.6,0.0,0.0,0.0,0.0,2002,clin,0.8
2,2,lr1e-04_bs32_modL1_fusion64_fusionL1_drop0p1_trmiss80_trlocclin,32,0.0001,1,64,1,0.1,lr1e-04_bs32_modL1_fusion64_fusionL1_drop0p1_trmiss80_trlocclin,12,0.4303617278734843,0.6559347212314606,0.596638655462185,0.7227544758576676,0.6222222222222222,0.0,0.0,0.0,0.0,2002,clin,0.8
2,2,lr1e-04_bs32_modL1_fusion64_fusionL1_drop0p1_trmiss80_trlocclin,32,0.0001,1,64,1,0.1,lr1e-04_bs32_modL1_fusion64_fusionL1_drop0p1_trmiss80_trlocclin,13,0.4320431997378667,0.6555561721324921,0.592436974789916,0.7164374412526513,0.6222222222222222,0.0,0.0,0.0,0.0,2002,clin,0.8
2,2,lr1e-04_bs32_modL1_fusion64_fusionL1_drop0p1_trmiss80_trlocclin,32,0.0001,1,64,1,0.1,lr1e-04_bs32_modL1_fusion64_fusionL1_drop0p1_trmiss80_trlocclin,14,0.41946614782015484,0.6584649384021759,0.5903361344537815,0.7139391526624855,0.6222222222222222,0.0,0.0,0.0,0.0,2002,clin,0.8
2,2,lr1e-04_bs32_modL1_fusion64_fusionL1_drop0p1_trmiss80_trlocclin,32,0.0001,1,64,1,0.1,lr1e-04_bs32_modL1_fusion64_fusionL1_drop0p1_trmiss80_trlocclin,15,0.4168616980314255,0.661528080701828,0.5840336134453782,0.7101737617096218,0.6,0.0,0.0,0.0,0.0,2002,clin,0.8
2,2,lr1e-04_bs32_modL1_fusion64_fusionL1_drop0p1_trmiss80_trlocclin,32,0.0001,1,64,1,0.1,lr1e-04_bs32_modL1_fusion64_fusionL1_drop0p1_trmiss80_trlocclin,16,0.41324158012866974,0.6647163927555084,0.5840336134453782,0.710962820534395,0.6222222222222222,0.0,0.0,0.0,0.0,2002,clin,0.8
2,2,lr1e-04_bs32_modL1_fusion64_fusionL1_drop0p1_trmiss80_trlocclin,32,0.0001,1,64,1,0.1,lr1e-04_bs32_modL1_fusion64_fusionL1_drop0p1_trmiss80_trlocclin,17,0.41959186891714734,0.663875013589859,0.5798319327731093,0.7163381127374182,0.6222222222222222,0.0,0.0,0.0,0.0,2002,clin,0.8
2,2,lr1e-04_bs32_modL1_fusion64_fusionL1_drop0p1_trmiss80_trlocclin,32,0.0001,1,64,1,0.1,lr1e-04_bs32_modL1_fusion64_fusionL1_drop0p1_trmiss80_trlocclin,18,0.39634716014067334,0.663996011018753,0.5840336134453782,0.7121827765972129,0.6222222222222222,0.0,0.0,0.0,0.0,2002,clin,0.8
2,2,lr1e-04_bs32_modL1_fusion64_fusionL1_drop0p1_trmiss80_trlocclin,32,0.0001,1,64,1,0.1,lr1e-04_bs32_modL1_fusion64_fusionL1_drop0p1_trmiss80_trlocclin,19,0.39604657391707104,0.6637396812438965,0.5882352941176471,0.7141071879570791,0.6222222222222222,0.0,0.0,0.0,0.0,2002,clin,0.8
2,2,lr1e-04_bs32_modL1_fusion64_fusionL1_drop0p1_trmiss80_trlocclin,32,0.0001,1,64,1,0.1,lr1e-04_bs32_modL1_fusion64_fusionL1_drop0p1_trmiss80_trlocclin,20,0.3865700165430705,0.6618175506591797,0.5903361344537815,0.7162701792531243,0.6222222222222222,0.0,0.0,0.0,0.0,2002,clin,0.8
2,2,lr1e-04_bs32_modL1_fusion64_fusionL1_drop0p1_trmiss80_trlocclin,32,0.0001,1,64,1,0.1,lr1e-04_bs32_modL1_fusion64_fusionL1_drop0p1_trmiss80_trlocclin,21,0.3925581177075704,0.6613001823425293,0.5903361344537815,0.7131810481668,0.6444444444444445,0.0,0.0,0.0,0.0,2002,clin,0.8
2,2,lr1e-04_bs32_modL1_fusion64_fusionL1_drop0p1_trmiss80_trlocclin,32,0.0001,1,64,1,0.1,lr1e-04_bs32_modL1_fusion64_fusionL1_drop0p1_trmiss80_trlocclin,22,0.3911601056655248,0.6616944968700409,0.5840336134453782,0.707864786616308,0.6444444444444445,0.0,0.0,0.0,0.0,2002,clin,0.8
2,2,lr1e-04_bs32_modL1_fusion64_fusionL1_drop0p1_trmiss80_trlocclin,32,0.0001,1,64,1,0.1,lr1e-04_bs32_modL1_fusion64_fusionL1_drop0p1_trmiss80_trlocclin,23,0.37591475745042163,0.6608686745166779,0.5882352941176471,0.7097975645584027,0.6444444444444445,0.0,0.0,0.0,0.0,2002,clin,0.8
2,2,lr1e-04_bs32_modL1_fusion64_fusionL1_drop0p1_trmiss80_trlocclin,32,0.0001,1,64,1,0.1,lr1e-04_bs32_modL1_fusion64_fusionL1_drop0p1_trmiss80_trlocclin,24,0.37759725749492645,0.6616356074810028,0.5924369747899159,0.7116473953998301,0.6444444444444445,0.0,0.0,0.0,0.0,2002,clin,0.8
2,3,lr5e-05_bs16_modL1_fusion32_fusionL1_drop0p2_trmiss80_trlocclin,16,5e-05,1,32,1,0.2,lr5e-05_bs16_modL1_fusion32_fusionL1_drop0p2_trmiss80_trlocclin,1,0.7067552159229914,0.727787454922994,0.35344827586206895,0.5519656690972942,0.3111111111111111,0.0,0.0,0.0,0.0,2002,clin,0.8
2,3,lr5e-05_bs16_modL1_fusion32_fusionL1_drop0p2_trmiss80_trlocclin,16,5e-05,1,32,1,0.2,lr5e-05_bs16_modL1_fusion32_fusionL1_drop0p2_trmiss80_trlocclin,2,0.7023768524328867,0.7331588466962179,0.37499999999999994,0.5569207001792079,0.4,0.0,0.0,0.0,0.0,2002,clin,0.8
2,3,lr5e-05_bs16_modL1_fusion32_fusionL1_drop0p2_trmiss80_trlocclin,16,5e-05,1,32,1,0.2,lr5e-05_bs16_modL1_fusion32_fusionL1_drop0p2_trmiss80_trlocclin,3,0.6693223913510641,0.7281803488731384,0.4073275862068966,0.6019439156090288,0.4222222222222222,0.0,0.0,0.0,0.0,2002,clin,0.8
2,3,lr5e-05_bs16_modL1_fusion32_fusionL1_drop0p2_trmiss80_trlocclin,16,5e-05,1,32,1,0.2,lr5e-05_bs16_modL1_fusion32_fusionL1_drop0p2_trmiss80_trlocclin,4,0.6772552480300268,0.7349257866541544,0.42456896551724144,0.5994988134591257,0.4222222222222222,0.0,0.0,0.0,0.0,2002,clin,0.8
2,3,lr5e-05_bs16_modL1_fusion32_fusionL1_drop0p2_trmiss80_trlocclin,16,5e-05,1,32,1,0.2,lr5e-05_bs16_modL1_fusion32_fusionL1_drop0p2_trmiss80_trlocclin,5,0.6622525652249655,0.7381401658058167,0.4181034482758621,0.5942083855371297,0.4,0.0,0.0,0.0,0.0,2002,clin,0.8
2,3,lr5e-05_bs16_modL1_fusion32_fusionL1_drop0p2_trmiss80_trlocclin,16,5e-05,1,32,1,0.2,lr5e-05_bs16_modL1_fusion32_fusionL1_drop0p2_trmiss80_trlocclin,6,0.650301973025004,0.7334006627400717,0.4375,0.6241181789377612,0.4222222222222222,0.0,0.0,0.0,0.0,2002,clin,0.8
2,3,lr5e-05_bs16_modL1_fusion32_fusionL1_drop0p2_trmiss80_trlocclin,16,5e-05,1,32,1,0.2,lr5e-05_bs16_modL1_fusion32_fusionL1_drop0p2_trmiss80_trlocclin,7,0.6484954456488291,0.7340096831321716,0.40948275862068967,0.606848764014576,0.4444444444444444,0.0,0.0,0.0,0.0,2002,clin,0.8
2,3,lr5e-05_bs16_modL1_fusion32_fusionL1_drop0p2_trmiss80_trlocclin,16,5e-05,1,32,1,0.2,lr5e-05_bs16_modL1_fusion32_fusionL1_drop0p2_trmiss80_trlocclin,8,0.5999189416567484,0.7288438677787781,0.41163793103448276,0.6127460685504366,0.4444444444444444,0.0,0.0,0.0,0.0,2002,clin,0.8
2,3,lr5e-05_bs16_modL1_fusion32_fusionL1_drop0p2_trmiss80_trlocclin,16,5e-05,1,32,1,0.2,lr5e-05_bs16_modL1_fusion32_fusionL1_drop0p2_trmiss80_trlocclin,9,0.6159819811582565,0.7225427826245626,0.42456896551724144,0.625447456858531,0.4888888888888889,0.0,0.0,0.0,0.0,2002,clin,0.8
2,3,lr5e-05_bs16_modL1_fusion32_fusionL1_drop0p2_trmiss80_trlocclin,16,5e-05,1,32,1,0.2,lr5e-05_bs16_modL1_fusion32_fusionL1_drop0p2_trmiss80_trlocclin,10,0.6275281459093094,0.7297365466753641,0.41810344827586204,0.6178192370698422,0.4222222222222222,0.0,0.0,0.0,0.0,2002,clin,0.8
2,3,lr5e-05_bs16_modL1_fusion32_fusionL1_drop0p2_trmiss80_trlocclin,16,5e-05,1,32,1,0.2,lr5e-05_bs16_modL1_fusion32_fusionL1_drop0p2_trmiss80_trlocclin,11,0.6310008515914282,0.7260391712188721,0.41594827586206895,0.6200991568630473,0.4666666666666667,0.0,0.0,0.0,0.0,2002,clin,0.8
2,3,lr5e-05_bs16_modL1_fusion32_fusionL1_drop0p2_trmiss80_trlocclin,16,5e-05,1,32,1,0.2,lr5e-05_bs16_modL1_fusion32_fusionL1_drop0p2_trmiss80_trlocclin,12,0.6228851328293482,0.7213227152824402,0.47413793103448276,0.6495781618281163,0.4666666666666667,0.0,0.0,0.0,0.0,2002,clin,0.8
2,3,lr5e-05_bs16_modL1_fusion32_fusionL1_drop0p2_trmiss80_trlocclin,16,5e-05,1,32,1,0.2,lr5e-05_bs16_modL1_fusion32_fusionL1_drop0p2_trmiss80_trlocclin,13,0.5979559570550919,0.7243028481801351,0.45689655172413796,0.6369328156510701,0.4666666666666667,0.0,0.0,0.0,0.0,2002,clin,0.8
2,3,lr5e-05_bs16_modL1_fusion32_fusionL1_drop0p2_trmiss80_trlocclin,16,5e-05,1,32,1,0.2,lr5e-05_bs16_modL1_fusion32_fusionL1_drop0p2_trmiss80_trlocclin,14,0.585951122144858,0.718538741270701,0.4676724137931035,0.6435962592225045,0.4666666666666667,0.0,0.0,0.0,0.0,2002,clin,0.8
2,3,lr5e-05_bs16_modL1_fusion32_fusionL1_drop0p2_trmiss80_trlocclin,16,5e-05,1,32,1,0.2,lr5e-05_bs16_modL1_fusion32_fusionL1_drop0p2_trmiss80_trlocclin,15,0.6026221712430319,0.7217254837354025,0.43965517241379304,0.6470354320231517,0.4444444444444444,0.0,0.0,0.0,0.0,2002,clin,0.8
2,3,lr5e-05_bs16_modL1_fusion32_fusionL1_drop0p2_trmiss80_trlocclin,16,5e-05,1,32,1,0.2,lr5e-05_bs16_modL1_fusion32_fusionL1_drop0p2_trmiss80_trlocclin,16,0.6095337371031443,0.7236477335294088,0.4418103448275862,0.6491509184429585,0.4666666666666667,0.0,0.0,0.0,0.0,2002,clin,0.8
2,3,lr5e-05_bs16_modL1_fusion32_fusionL1_drop0p2_trmiss80_trlocclin,16,5e-05,1,32,1,0.2,lr5e-05_bs16_modL1_fusion32_fusionL1_drop0p2_trmiss80_trlocclin,17,0.5967432210842768,0.7237256368001302,0.459051724137931,0.6538176333541175,0.4444444444444444,0.0,0.0,0.0,0.0,2002,clin,0.8
2,3,lr5e-05_bs16_modL1_fusion32_fusionL1_drop0p2_trmiss80_trlocclin,16,5e-05,1,32,1,0.2,lr5e-05_bs16_modL1_fusion32_fusionL1_drop0p2_trmiss80_trlocclin,18,0.5926845868428549,0.7170209487279257,0.4504310344827587,0.6459415259470757,0.4666666666666667,0.0,0.0,0.0,0.0,2002,clin,0.8
2,3,lr5e-05_bs16_modL1_fusion32_fusionL1_drop0p2_trmiss80_trlocclin,16,5e-05,1,32,1,0.2,lr5e-05_bs16_modL1_fusion32_fusionL1_drop0p2_trmiss80_trlocclin,19,0.5659403080741564,0.7180378834406534,0.45905172413793105,0.6452316340921379,0.4666666666666667,0.0,0.0,0.0,0.0,2002,clin,0.8
2,3,lr5e-05_bs16_modL1_fusion32_fusionL1_drop0p2_trmiss80_trlocclin,16,5e-05,1,32,1,0.2,lr5e-05_bs16_modL1_fusion32_fusionL1_drop0p2_trmiss80_trlocclin,20,0.5757814993460973,0.7142654856046041,0.4612068965517241,0.6287237702866232,0.4222222222222222,0.0,0.0,0.0,0.0,2002,clin,0.8
2,3,lr5e-05_bs16_modL1_fusion32_fusionL1_drop0p2_trmiss80_trlocclin,16,5e-05,1,32,1,0.2,lr5e-05_bs16_modL1_fusion32_fusionL1_drop0p2_trmiss80_trlocclin,21,0.5634043912092844,0.7159000237782797,0.47629310344827586,0.6397437824551173,0.4222222222222222,0.0,0.0,0.0,0.0,2002,clin,0.8
2,3,lr5e-05_bs16_modL1_fusion32_fusionL1_drop0p2_trmiss80_trlocclin,16,5e-05,1,32,1,0.2,lr5e-05_bs16_modL1_fusion32_fusionL1_drop0p2_trmiss80_trlocclin,22,0.5650895784298579,0.7166610558827718,0.4655172413793103,0.6404796472999286,0.4444444444444444,0.0,0.0,0.0,0.0,2002,clin,0.8
2,3,lr5e-05_bs16_modL1_fusion32_fusionL1_drop0p2_trmiss80_trlocclin,16,5e-05,1,32,1,0.2,lr5e-05_bs16_modL1_fusion32_fusionL1_drop0p2_trmiss80_trlocclin,23,0.5678853442271551,0.7225133180618286,0.46336206896551724,0.6529238456808747,0.4666666666666667,0.0,0.0,0.0,0.0,2002,clin,0.8
2,3,lr5e-05_bs16_modL1_fusion32_fusionL1_drop0p2_trmiss80_trlocclin,16,5e-05,1,32,1,0.2,lr5e-05_bs16_modL1_fusion32_fusionL1_drop0p2_trmiss80_trlocclin,24,0.5679398427406946,0.7222714225451151,0.4482758620689655,0.6509425546535619,0.4666666666666667,0.0,0.0,0.0,0.0,2002,clin,0.8
2,3,lr5e-05_bs16_modL1_fusion32_fusionL1_drop0p2_trmiss80_trlocclin,16,5e-05,1,32,1,0.2,lr5e-05_bs16_modL1_fusion32_fusionL1_drop0p2_trmiss80_trlocclin,25,0.5733616004387537,0.7129686077435812,0.4655172413793103,0.6585904712125493,0.4444444444444444,0.0,0.0,0.0,0.0,2002,clin,0.8
2,3,lr5e-05_bs16_modL1_fusion32_fusionL1_drop0p2_trmiss80_trlocclin,16,5e-05,1,32,1,0.2,lr5e-05_bs16_modL1_fusion32_fusionL1_drop0p2_trmiss80_trlocclin,26,0.5418972025314966,0.7201109131177267,0.4698275862068966,0.6560806812534693,0.4444444444444444,0.0,0.0,0.0,0.0,2002,clin,0.8
2,3,lr5e-05_bs16_modL1_fusion32_fusionL1_drop0p2_trmiss80_trlocclin,16,5e-05,1,32,1,0.2,lr5e-05_bs16_modL1_fusion32_fusionL1_drop0p2_trmiss80_trlocclin,27,0.563977080086867,0.7208709716796875,0.47198275862068967,0.6739678712269116,0.4666666666666667,0.0,0.0,0.0,0.0,2002,clin,0.8
2,3,lr5e-05_bs16_modL1_fusion32_fusionL1_drop0p2_trmiss80_trlocclin,16,5e-05,1,32,1,0.2,lr5e-05_bs16_modL1_fusion32_fusionL1_drop0p2_trmiss80_trlocclin,28,0.5401882355411848,0.7253575126330057,0.45474137931034486,0.6785252857830892,0.4444444444444444,0.0,0.0,0.0,0.0,2002,clin,0.8
2,3,lr5e-05_bs16_modL1_fusion32_fusionL1_drop0p2_trmiss80_trlocclin,16,5e-05,1,32,1,0.2,lr5e-05_bs16_modL1_fusion32_fusionL1_drop0p2_trmiss80_trlocclin,29,0.5472803538044294,0.725446363290151,0.4288793103448276,0.6601074134767378,0.4222222222222222,0.0,0.0,0.0,0.0,2002,clin,0.8
2,3,lr5e-05_bs16_modL1_fusion32_fusionL1_drop0p2_trmiss80_trlocclin,16,5e-05,1,32,1,0.2,lr5e-05_bs16_modL1_fusion32_fusionL1_drop0p2_trmiss80_trlocclin,30,0.5432029763857523,0.7290977835655212,0.4331896551724138,0.6568724835962317,0.4666666666666667,0.0,0.0,0.0,0.0,2002,clin,0.8
2,3,lr5e-05_bs16_modL1_fusion32_fusionL1_drop0p2_trmiss80_trlocclin,16,5e-05,1,32,1,0.2,lr5e-05_bs16_modL1_fusion32_fusionL1_drop0p2_trmiss80_trlocclin,31,0.5363419974843661,0.7230790257453918,0.42025862068965514,0.6519819378698383,0.4444444444444444,0.0,0.0,0.0,0.0,2002,clin,0.8
2,3,lr5e-05_bs16_modL1_fusion32_fusionL1_drop0p2_trmiss80_trlocclin,16,5e-05,1,32,1,0.2,lr5e-05_bs16_modL1_fusion32_fusionL1_drop0p2_trmiss80_trlocclin,32,0.5315281103054682,0.7246090173721313,0.43103448275862066,0.6634777110488524,0.4666666666666667,0.0,0.0,0.0,0.0,2002,clin,0.8
2,3,lr5e-05_bs16_modL1_fusion32_fusionL1_drop0p2_trmiss80_trlocclin,16,5e-05,1,32,1,0.2,lr5e-05_bs16_modL1_fusion32_fusionL1_drop0p2_trmiss80_trlocclin,33,0.5341130346059799,0.7173447608947754,0.4461206896551725,0.6614930549654626,0.4444444444444444,0.0,0.0,0.0,0.0,2002,clin,0.8
2,3,lr5e-05_bs16_modL1_fusion32_fusionL1_drop0p2_trmiss80_trlocclin,16,5e-05,1,32,1,0.2,lr5e-05_bs16_modL1_fusion32_fusionL1_drop0p2_trmiss80_trlocclin,34,0.5307359720269839,0.7221298416455587,0.42456896551724144,0.6363874570370208,0.4666666666666667,0.0,0.0,0.0,0.0,2002,clin,0.8
2,3,lr5e-05_bs16_modL1_fusion32_fusionL1_drop0p2_trmiss80_trlocclin,16,5e-05,1,32,1,0.2,lr5e-05_bs16_modL1_fusion32_fusionL1_drop0p2_trmiss80_trlocclin,35,0.5217510213454565,0.7241941690444946,0.43534482758620685,0.6600581664681665,0.4888888888888889,0.0,0.0,0.0,0.0,2002,clin,0.8
2,3,lr5e-05_bs16_modL1_fusion32_fusionL1_drop0p2_trmiss80_trlocclin,16,5e-05,1,32,1,0.2,lr5e-05_bs16_modL1_fusion32_fusionL1_drop0p2_trmiss80_trlocclin,36,0.5476726293563843,0.7297254403432211,0.4375,0.6659112729799499,0.4888888888888889,0.0,0.0,0.0,0.0,2002,clin,0.8
2,3,lr5e-05_bs16_modL1_fusion32_fusionL1_drop0p2_trmiss80_trlocclin,16,5e-05,1,32,1,0.2,lr5e-05_bs16_modL1_fusion32_fusionL1_drop0p2_trmiss80_trlocclin,37,0.5394004036982855,0.7199432452519735,0.4525862068965517,0.6789050134969409,0.4888888888888889,0.0,0.0,0.0,0.0,2002,clin,0.8
2,3,lr5e-05_bs16_modL1_fusion32_fusionL1_drop0p2_trmiss80_trlocclin,16,5e-05,1,32,1,0.2,lr5e-05_bs16_modL1_fusion32_fusionL1_drop0p2_trmiss80_trlocclin,38,0.533708947400252,0.7182443141937256,0.4504310344827586,0.671563405200459,0.4666666666666667,0.0,0.0,0.0,0.0,2002,clin,0.8
2,3,lr5e-05_bs16_modL1_fusion32_fusionL1_drop0p2_trmiss80_trlocclin,16,5e-05,1,32,1,0.2,lr5e-05_bs16_modL1_fusion32_fusionL1_drop0p2_trmiss80_trlocclin,39,0.5253302777806917,0.7199712991714478,0.4353448275862069,0.666445411359735,0.4444444444444444,0.0,0.0,0.0,0.0,2002,clin,0.8
2,3,lr5e-05_bs16_modL1_fusion32_fusionL1_drop0p2_trmiss80_trlocclin,16,5e-05,1,32,1,0.2,lr5e-05_bs16_modL1_fusion32_fusionL1_drop0p2_trmiss80_trlocclin,40,0.5297539581855139,0.7239477237065634,0.44396551724137934,0.6778594072956033,0.4666666666666667,0.0,0.0,0.0,0.0,2002,clin,0.8
2,3,lr5e-05_bs16_modL1_fusion32_fusionL1_drop0p2_trmiss80_trlocclin,16,5e-05,1,32,1,0.2,lr5e-05_bs16_modL1_fusion32_fusionL1_drop0p2_trmiss80_trlocclin,41,0.5224192316333452,0.7213340401649475,0.43103448275862066,0.6582639760338403,0.4666666666666667,0.0,0.0,0.0,0.0,2002,clin,0.8
2,3,lr5e-05_bs16_modL1_fusion32_fusionL1_drop0p1_trmiss80_trlocclin,16,5e-05,1,32,1,0.1,lr5e-05_bs16_modL1_fusion32_fusionL1_drop0p1_trmiss80_trlocclin,1,0.7017744481563568,0.6847384373346964,0.5258620689655172,0.6901304355016095,0.5555555555555556,0.0,0.0,0.0,0.0,2002,clin,0.8
2,3,lr5e-05_bs16_modL1_fusion32_fusionL1_drop0p1_trmiss80_trlocclin,16,5e-05,1,32,1,0.1,lr5e-05_bs16_modL1_fusion32_fusionL1_drop0p1_trmiss80_trlocclin,2,0.6566216200590134,0.6900026599566141,0.5,0.651211277041372,0.4888888888888889,0.0,0.0,0.0,0.0,2002,clin,0.8
2,3,lr5e-05_bs16_modL1_fusion32_fusionL1_drop0p1_trmiss80_trlocclin,16,5e-05,1,32,1,0.1,lr5e-05_bs16_modL1_fusion32_fusionL1_drop0p1_trmiss80_trlocclin,3,0.6475856701532999,0.6955368121465048,0.4935344827586207,0.6406519153865831,0.4666666666666667,0.0,0.0,0.0,0.0,2002,clin,0.8
2,3,lr5e-05_bs16_modL1_fusion32_fusionL1_drop0p1_trmiss80_trlocclin,16,5e-05,1,32,1,0.1,lr5e-05_bs16_modL1_fusion32_fusionL1_drop0p1_trmiss80_trlocclin,4,0.632312094171842,0.6994916995366415,0.4956896551724138,0.6475843371834349,0.4444444444444444,0.0,0.0,0.0,0.0,2002,clin,0.8
2,3,lr5e-05_bs16_modL1_fusion32_fusionL1_drop0p1_trmiss80_trlocclin,16,5e-05,1,32,1,0.1,lr5e-05_bs16_modL1_fusion32_fusionL1_drop0p1_trmiss80_trlocclin,5,0.6204520761966705,0.6988686919212341,0.49568965517241376,0.645187058520276,0.4888888888888889,0.0,0.0,0.0,0.0,2002,clin,0.8
2,3,lr5e-05_bs16_modL1_fusion32_fusionL1_drop0p1_trmiss80_trlocclin,16,5e-05,1,32,1,0.1,lr5e-05_bs16_modL1_fusion32_fusionL1_drop0p1_trmiss80_trlocclin,6,0.6035102903842926,0.7032629052797953,0.49353448275862066,0.6432460507002224,0.5333333333333333,0.0,0.0,0.0,0.0,2002,clin,0.8
2,3,lr5e-05_bs16_modL1_fusion32_fusionL1_drop0p1_trmiss80_trlocclin,16,5e-05,1,32,1,0.1,lr5e-05_bs16_modL1_fusion32_fusionL1_drop0p1_trmiss80_trlocclin,7,0.6026019603013992,0.699741800626119,0.4892241379310345,0.6553287329881755,0.4888888888888889,0.0,0.0,0.0,0.0,2002,clin,0.8
2,3,lr5e-05_bs16_modL1_fusion32_fusionL1_drop0p1_trmiss80_trlocclin,16,5e-05,1,32,1,0.1,lr5e-05_bs16_modL1_fusion32_fusionL1_drop0p1_trmiss80_trlocclin,8,0.5719576328992844,0.7049307227134705,0.4913793103448276,0.6714057192657038,0.5111111111111111,0.0,0.0,0.0,0.0,2002,clin,0.8
2,3,lr5e-05_bs16_modL1_fusion32_fusionL1_drop0p1_trmiss80_trlocclin,16,5e-05,1,32,1,0.1,lr5e-05_bs16_modL1_fusion32_fusionL1_drop0p1_trmiss80_trlocclin,9,0.577144612868627,0.6987128257751465,0.4870689655172413,0.6622975151919632,0.5111111111111111,0.0,0.0,0.0,0.0,2002,clin,0.8
2,3,lr5e-05_bs16_modL1_fusion32_fusionL1_drop0p1_trmiss80_trlocclin,16,5e-05,1,32,1,0.1,lr5e-05_bs16_modL1_fusion32_fusionL1_drop0p1_trmiss80_trlocclin,10,0.5777115275462469,0.7036804358164469,0.4870689655172414,0.6501523032652666,0.5111111111111111,0.0,0.0,0.0,0.0,2002,clin,0.8
2,3,lr5e-05_bs16_modL1_fusion32_fusionL1_drop0p1_trmiss80_trlocclin,16,5e-05,1,32,1,0.1,lr5e-05_bs16_modL1_fusion32_fusionL1_drop0p1_trmiss80_trlocclin,11,0.5591394876440366,0.6949905355771383,0.5064655172413792,0.6868914250262736,0.5111111111111111,0.0,0.0,0.0,0.0,2002,clin,0.8
2,3,lr5e-05_bs16_modL1_fusion32_fusionL1_drop0p1_trmiss80_trlocclin,16,5e-05,1,32,1,0.1,lr5e-05_bs16_modL1_fusion32_fusionL1_drop0p1_trmiss80_trlocclin,12,0.5786962856849035,0.700037678082784,0.5021551724137931,0.6837699259347716,0.5111111111111111,0.0,0.0,0.0,0.0,2002,clin,0.8
2,3,lr5e-05_bs16_modL1_fusion32_fusionL1_drop0p1_trmiss80_trlocclin,16,5e-05,1,32,1,0.1,lr5e-05_bs16_modL1_fusion32_fusionL1_drop0p1_trmiss80_trlocclin,13,0.539876269797484,0.704307754834493,0.49353448275862066,0.6663205347859321,0.4888888888888889,0.0,0.0,0.0,0.0,2002,clin,0.8
2,3,lr5e-05_bs16_modL1_fusion32_fusionL1_drop0p1_trmiss80_trlocclin,16,5e-05,1,32,1,0.1,lr5e-05_bs16_modL1_fusion32_fusionL1_drop0p1_trmiss80_trlocclin,14,0.5594991693894068,0.7040334343910217,0.48275862068965514,0.6605492812506545,0.4666666666666667,0.0,0.0,0.0,0.0,2002,clin,0.8
2,3,lr5e-05_bs16_modL1_fusion32_fusionL1_drop0p1_trmiss80_trlocclin,16,5e-05,1,32,1,0.1,lr5e-05_bs16_modL1_fusion32_fusionL1_drop0p1_trmiss80_trlocclin,15,0.5482344627380371,0.6984113256136576,0.5043103448275863,0.6710250418950034,0.5111111111111111,0.0,0.0,0.0,0.0,2002,clin,0.8
2,3,lr5e-05_bs16_modL1_fusion32_fusionL1_drop0p1_trmiss80_trlocclin,16,5e-05,1,32,1,0.1,lr5e-05_bs16_modL1_fusion32_fusionL1_drop0p1_trmiss80_trlocclin,16,0.5456969141960144,0.6958644588788351,0.5,0.6735890174467326,0.5111111111111111,0.0,0.0,0.0,0.0,2002,clin,0.8
2,3,lr5e-05_bs16_modL1_fusion32_fusionL1_drop0p1_trmiss80_trlocclin,16,5e-05,1,32,1,0.1,lr5e-05_bs16_modL1_fusion32_fusionL1_drop0p1_trmiss80_trlocclin,17,0.5398826251427332,0.6954877376556396,0.5,0.6743312989352217,0.4888888888888889,0.0,0.0,0.0,0.0,2002,clin,0.8
2,3,lr5e-05_bs16_modL1_fusion32_fusionL1_drop0p1_trmiss80_trlocclin,16,5e-05,1,32,1,0.1,lr5e-05_bs16_modL1_fusion32_fusionL1_drop0p1_trmiss80_trlocclin,18,0.5305297002196312,0.6986778974533081,0.5064655172413793,0.6774518430788443,0.4666666666666667,0.0,0.0,0.0,0.0,2002,clin,0.8
2,3,lr5e-05_bs16_modL1_fusion32_fusionL1_drop0p1_trmiss80_trlocclin,16,5e-05,1,32,1,0.1,lr5e-05_bs16_modL1_fusion32_fusionL1_drop0p1_trmiss80_trlocclin,19,0.5507510130604109,0.6957863370577494,0.5064655172413793,0.6817655637737694,0.5111111111111111,0.0,0.0,0.0,0.0,2002,clin,0.8
2,3,lr5e-05_bs16_modL1_fusion32_fusionL1_drop0p1_trmiss80_trlocclin,16,5e-05,1,32,1,0.1,lr5e-05_bs16_modL1_fusion32_fusionL1_drop0p1_trmiss80_trlocclin,20,0.5448134491840998,0.7017042835553488,0.5064655172413793,0.66036328255647,0.4888888888888889,0.0,0.0,0.0,0.0,2002,clin,0.8
2,3,lr5e-05_bs16_modL1_fusion32_fusionL1_drop0p1_trmiss80_trlocclin,16,5e-05,1,32,1,0.1,lr5e-05_bs16_modL1_fusion32_fusionL1_drop0p1_trmiss80_trlocclin,21,0.54018518080314,0.7026872237523397,0.4978448275862069,0.6743286491019738,0.4888888888888889,0.0,0.0,0.0,0.0,2002,clin,0.8
2,3,lr5e-05_bs16_modL1_fusion64_fusionL1_drop0p2_trmiss80_trlocclin,16,5e-05,1,64,1,0.2,lr5e-05_bs16_modL1_fusion64_fusionL1_drop0p2_trmiss80_trlocclin,1,0.6721221804618835,0.6674474477767944,0.6336206896551724,0.7372034710707446,0.6444444444444445,0.0,0.0,0.0,0.0,2002,clin,0.8
2,3,lr5e-05_bs16_modL1_fusion64_fusionL1_drop0p2_trmiss80_trlocclin,16,5e-05,1,64,1,0.2,lr5e-05_bs16_modL1_fusion64_fusionL1_drop0p2_trmiss80_trlocclin,2,0.6362039893865585,0.6505335966746012,0.646551724137931,0.7509649563332044,0.6888888888888889,0.0,0.0,0.0,0.0,2002,clin,0.8
2,3,lr5e-05_bs16_modL1_fusion64_fusionL1_drop0p2_trmiss80_trlocclin,16,5e-05,1,64,1,0.2,lr5e-05_bs16_modL1_fusion64_fusionL1_drop0p2_trmiss80_trlocclin,3,0.6397550950447718,0.6471428672472636,0.625,0.7417094212907831,0.6888888888888889,0.0,0.0,0.0,0.0,2002,clin,0.8
2,3,lr5e-05_bs16_modL1_fusion64_fusionL1_drop0p2_trmiss80_trlocclin,16,5e-05,1,64,1,0.2,lr5e-05_bs16_modL1_fusion64_fusionL1_drop0p2_trmiss80_trlocclin,4,0.6207699726025263,0.6390259663263956,0.6508620689655172,0.7559564212117761,0.6888888888888889,0.0,0.0,0.0,0.0,2002,clin,0.8
2,3,lr5e-05_bs16_modL1_fusion64_fusionL1_drop0p2_trmiss80_trlocclin,16,5e-05,1,64,1,0.2,lr5e-05_bs16_modL1_fusion64_fusionL1_drop0p2_trmiss80_trlocclin,5,0.6187447359164556,0.6411421100298563,0.6099137931034483,0.7383702752914177,0.6,0.0,0.0,0.0,0.0,2002,clin,0.8
2,3,lr5e-05_bs16_modL1_fusion64_fusionL1_drop0p2_trmiss80_trlocclin,16,5e-05,1,64,1,0.2,lr5e-05_bs16_modL1_fusion64_fusionL1_drop0p2_trmiss80_trlocclin,6,0.6021330406268438,0.6423062086105347,0.603448275862069,0.7428889746601745,0.6222222222222222,0.0,0.0,0.0,0.0,2002,clin,0.8
2,3,lr5e-05_bs16_modL1_fusion64_fusionL1_drop0p2_trmiss80_trlocclin,16,5e-05,1,64,1,0.2,lr5e-05_bs16_modL1_fusion64_fusionL1_drop0p2_trmiss80_trlocclin,7,0.5841600050528845,0.641599158445994,0.584051724137931,0.7189720046658851,0.6222222222222222,0.0,0.0,0.0,0.0,2002,clin,0.8
2,3,lr5e-05_bs16_modL1_fusion64_fusionL1_drop0p2_trmiss80_trlocclin,16,5e-05,1,64,1,0.2,lr5e-05_bs16_modL1_fusion64_fusionL1_drop0p2_trmiss80_trlocclin,8,0.5671126941839854,0.6483767231305441,0.5883620689655171,0.7217213369343028,0.6,0.0,0.0,0.0,0.0,2002,clin,0.8
2,3,lr5e-05_bs16_modL1_fusion64_fusionL1_drop0p2_trmiss80_trlocclin,16,5e-05,1,64,1,0.2,lr5e-05_bs16_modL1_fusion64_fusionL1_drop0p2_trmiss80_trlocclin,9,0.5542017767826716,0.6474822759628296,0.5905172413793103,0.7210557655790764,0.6,0.0,0.0,0.0,0.0,2002,clin,0.8
2,3,lr5e-05_bs16_modL1_fusion64_fusionL1_drop0p2_trmiss80_trlocclin,16,5e-05,1,64,1,0.2,lr5e-05_bs16_modL1_fusion64_fusionL1_drop0p2_trmiss80_trlocclin,10,0.5594618966182073,0.6375900705655416,0.5948275862068966,0.7255388589160613,0.6222222222222222,0.0,0.0,0.0,0.0,2002,clin,0.8
2,3,lr5e-05_bs16_modL1_fusion64_fusionL1_drop0p2_trmiss80_trlocclin,16,5e-05,1,64,1,0.2,lr5e-05_bs16_modL1_fusion64_fusionL1_drop0p2_trmiss80_trlocclin,11,0.5519964496294657,0.6315732995669047,0.6443965517241379,0.7667952013299505,0.6222222222222222,0.0,0.0,0.0,0.0,2002,clin,0.8
2,3,lr5e-05_bs16_modL1_fusion64_fusionL1_drop0p2_trmiss80_trlocclin,16,5e-05,1,64,1,0.2,lr5e-05_bs16_modL1_fusion64_fusionL1_drop0p2_trmiss80_trlocclin,12,0.5367349808414777,0.6337436238924662,0.6120689655172413,0.729408038608505,0.6222222222222222,0.0,0.0,0.0,0.0,2002,clin,0.8
2,3,lr5e-05_bs16_modL1_fusion64_fusionL1_drop0p2_trmiss80_trlocclin,16,5e-05,1,64,1,0.2,lr5e-05_bs16_modL1_fusion64_fusionL1_drop0p2_trmiss80_trlocclin,13,0.5195518210530281,0.6394378741582235,0.6163793103448275,0.7477971114577225,0.6,0.0,0.0,0.0,0.0,2002,clin,0.8
2,3,lr5e-05_bs16_modL1_fusion64_fusionL1_drop0p2_trmiss80_trlocclin,16,5e-05,1,64,1,0.2,lr5e-05_bs16_modL1_fusion64_fusionL1_drop0p2_trmiss80_trlocclin,14,0.5081412196159363,0.6375830372174581,0.6228448275862069,0.7483895291443885,0.6444444444444445,0.0,0.0,0.0,0.0,2002,clin,0.8
2,3,lr5e-05_bs16_modL1_fusion64_fusionL1_drop0p2_trmiss80_trlocclin,16,5e-05,1,64,1,0.2,lr5e-05_bs16_modL1_fusion64_fusionL1_drop0p2_trmiss80_trlocclin,15,0.5094243660569191,0.6431210239728292,0.6099137931034483,0.7439503398932703,0.6222222222222222,0.0,0.0,0.0,0.0,2002,clin,0.8
2,3,lr5e-05_bs16_modL1_fusion64_fusionL1_drop0p2_trmiss80_trlocclin,16,5e-05,1,64,1,0.2,lr5e-05_bs16_modL1_fusion64_fusionL1_drop0p2_trmiss80_trlocclin,16,0.5093084921439489,0.6397649844487509,0.6120689655172413,0.7489071895184464,0.6444444444444445,0.0,0.0,0.0,0.0,2002,clin,0.8
2,3,lr5e-05_bs16_modL1_fusion64_fusionL1_drop0p2_trmiss80_trlocclin,16,5e-05,1,64,1,0.2,lr5e-05_bs16_modL1_fusion64_fusionL1_drop0p2_trmiss80_trlocclin,17,0.4979669774572055,0.6286805868148804,0.6443965517241379,0.7606978178083011,0.6222222222222222,0.0,0.0,0.0,0.0,2002,clin,0.8
2,3,lr5e-05_bs16_modL1_fusion64_fusionL1_drop0p2_trmiss80_trlocclin,16,5e-05,1,64,1,0.2,lr5e-05_bs16_modL1_fusion64_fusionL1_drop0p2_trmiss80_trlocclin,18,0.48822806278864544,0.6434256831804911,0.6206896551724138,0.7534215583015006,0.6222222222222222,0.0,0.0,0.0,0.0,2002,clin,0.8
2,3,lr5e-05_bs16_modL1_fusion64_fusionL1_drop0p2_trmiss80_trlocclin,16,5e-05,1,64,1,0.2,lr5e-05_bs16_modL1_fusion64_fusionL1_drop0p2_trmiss80_trlocclin,19,0.5037978937228521,0.6503985126813253,0.6120689655172414,0.7571723467711796,0.6222222222222222,0.0,0.0,0.0,0.0,2002,clin,0.8
2,3,lr5e-05_bs16_modL1_fusion64_fusionL1_drop0p2_trmiss80_trlocclin,16,5e-05,1,64,1,0.2,lr5e-05_bs16_modL1_fusion64_fusionL1_drop0p2_trmiss80_trlocclin,20,0.4673562670747439,0.6387404004732767,0.6185344827586206,0.764557584932907,0.6,0.0,0.0,0.0,0.0,2002,clin,0.8
2,3,lr5e-05_bs16_modL1_fusion64_fusionL1_drop0p2_trmiss80_trlocclin,16,5e-05,1,64,1,0.2,lr5e-05_bs16_modL1_fusion64_fusionL1_drop0p2_trmiss80_trlocclin,21,0.475363423426946,0.636931856473287,0.603448275862069,0.7602322665525203,0.6222222222222222,0.0,0.0,0.0,0.0,2002,clin,0.8
2,3,lr5e-05_bs16_modL1_fusion64_fusionL1_drop0p2_trmiss80_trlocclin,16,5e-05,1,64,1,0.2,lr5e-05_bs16_modL1_fusion64_fusionL1_drop0p2_trmiss80_trlocclin,22,0.45747557530800503,0.6344621976216634,0.6012931034482758,0.7599382874572485,0.6222222222222222,0.0,0.0,0.0,0.0,2002,clin,0.8
2,3,lr5e-05_bs16_modL1_fusion64_fusionL1_drop0p2_trmiss80_trlocclin,16,5e-05,1,64,1,0.2,lr5e-05_bs16_modL1_fusion64_fusionL1_drop0p2_trmiss80_trlocclin,23,0.454936941464742,0.6374993125597636,0.605603448275862,0.7644105915516872,0.6222222222222222,0.0,0.0,0.0,0.0,2002,clin,0.8
2,3,lr5e-05_bs16_modL1_fusion64_fusionL1_drop0p2_trmiss80_trlocclin,16,5e-05,1,64,1,0.2,lr5e-05_bs16_modL1_fusion64_fusionL1_drop0p2_trmiss80_trlocclin,24,0.44102295984824497,0.6346753438313802,0.6163793103448276,0.7801055950111258,0.6222222222222222,0.0,0.0,0.0,0.0,2002,clin,0.8
2,3,lr5e-05_bs16_modL1_fusion64_fusionL1_drop0p1_trmiss80_trlocclin,16,5e-05,1,64,1,0.1,lr5e-05_bs16_modL1_fusion64_fusionL1_drop0p1_trmiss80_trlocclin,1,0.7180196593205134,0.7101841568946838,0.41163793103448276,0.5981379482479187,0.4222222222222222,0.0,0.0,0.0,0.0,2002,clin,0.8
2,3,lr5e-05_bs16_modL1_fusion64_fusionL1_drop0p1_trmiss80_trlocclin,16,5e-05,1,64,1,0.1,lr5e-05_bs16_modL1_fusion64_fusionL1_drop0p1_trmiss80_trlocclin,2,0.6722001284360886,0.70889812707901,0.4870689655172413,0.6944582131502984,0.4888888888888889,0.0,0.0,0.0,0.0,2002,clin,0.8
2,3,lr5e-05_bs16_modL1_fusion64_fusionL1_drop0p1_trmiss80_trlocclin,16,5e-05,1,64,1,0.1,lr5e-05_bs16_modL1_fusion64_fusionL1_drop0p1_trmiss80_trlocclin,3,0.6315818180640539,0.7033465107282003,0.5150862068965518,0.7075061938249442,0.5333333333333333,0.0,0.0,0.0,0.0,2002,clin,0.8
2,3,lr5e-05_bs16_modL1_fusion64_fusionL1_drop0p1_trmiss80_trlocclin,16,5e-05,1,64,1,0.1,lr5e-05_bs16_modL1_fusion64_fusionL1_drop0p1_trmiss80_trlocclin,4,0.6227945139010748,0.7055613001187643,0.5280172413793104,0.7218595251747466,0.4888888888888889,0.0,0.0,0.0,0.0,2002,clin,0.8
2,3,lr5e-05_bs16_modL1_fusion64_fusionL1_drop0p1_trmiss80_trlocclin,16,5e-05,1,64,1,0.1,lr5e-05_bs16_modL1_fusion64_fusionL1_drop0p1_trmiss80_trlocclin,5,0.6100718279679617,0.7102506359418234,0.5344827586206897,0.7247611876663624,0.4888888888888889,0.0,0.0,0.0,0.0,2002,clin,0.8
2,3,lr5e-05_bs16_modL1_fusion64_fusionL1_drop0p1_trmiss80_trlocclin,16,5e-05,1,64,1,0.1,lr5e-05_bs16_modL1_fusion64_fusionL1_drop0p1_trmiss80_trlocclin,6,0.590112179517746,0.7073932687441508,0.5387931034482758,0.736577871998829,0.4666666666666667,0.0,0.0,0.0,0.0,2002,clin,0.8
2,3,lr5e-05_bs16_modL1_fusion64_fusionL1_drop0p1_trmiss80_trlocclin,16,5e-05,1,64,1,0.1,lr5e-05_bs16_modL1_fusion64_fusionL1_drop0p1_trmiss80_trlocclin,7,0.5888376981019974,0.7040566603342692,0.5237068965517242,0.7284150965727549,0.4888888888888889,0.0,0.0,0.0,0.0,2002,clin,0.8
2,3,lr5e-05_bs16_modL1_fusion64_fusionL1_drop0p1_trmiss80_trlocclin,16,5e-05,1,64,1,0.1,lr5e-05_bs16_modL1_fusion64_fusionL1_drop0p1_trmiss80_trlocclin,8,0.589230457941691,0.7155442436536154,0.5021551724137931,0.7262150061059198,0.4888888888888889,0.0,0.0,0.0,0.0,2002,clin,0.8
2,3,lr5e-05_bs16_modL1_fusion64_fusionL1_drop0p1_trmiss80_trlocclin,16,5e-05,1,64,1,0.1,lr5e-05_bs16_modL1_fusion64_fusionL1_drop0p1_trmiss80_trlocclin,9,0.5574994335571924,0.7111843824386597,0.5,0.7245360703258839,0.4888888888888889,0.0,0.0,0.0,0.0,2002,clin,0.8
2,3,lr5e-05_bs16_modL1_fusion64_fusionL1_drop0p1_trmiss80_trlocclin,16,5e-05,1,64,1,0.1,lr5e-05_bs16_modL1_fusion64_fusionL1_drop0p1_trmiss80_trlocclin,10,0.5567789450287819,0.707819660504659,0.521551724137931,0.7384682240775051,0.4666666666666667,0.0,0.0,0.0,0.0,2002,clin,0.8
2,3,lr5e-05_bs16_modL1_fusion64_fusionL1_drop0p1_trmiss80_trlocclin,16,5e-05,1,64,1,0.1,lr5e-05_bs16_modL1_fusion64_fusionL1_drop0p1_trmiss80_trlocclin,11,0.5561033636331558,0.7125089963277181,0.5150862068965517,0.7315005040242877,0.4888888888888889,0.0,0.0,0.0,0.0,2002,clin,0.8
2,3,lr5e-05_bs16_modL1_fusion64_fusionL1_drop0p1_trmiss80_trlocclin,16,5e-05,1,64,1,0.1,lr5e-05_bs16_modL1_fusion64_fusionL1_drop0p1_trmiss80_trlocclin,12,0.5163586288690567,0.7071121533711752,0.5021551724137931,0.7297732131776564,0.4666666666666667,0.0,0.0,0.0,0.0,2002,clin,0.8
2,3,lr5e-05_bs16_modL1_fusion64_fusionL1_drop0p1_trmiss80_trlocclin,16,5e-05,1,64,1,0.1,lr5e-05_bs16_modL1_fusion64_fusionL1_drop0p1_trmiss80_trlocclin,13,0.5308651775121689,0.7139087915420532,0.4849137931034483,0.7047085350793361,0.4222222222222222,0.0,0.0,0.0,0.0,2002,clin,0.8
2,3,lr5e-05_bs16_modL1_fusion64_fusionL1_drop0p1_trmiss80_trlocclin,16,5e-05,1,64,1,0.1,lr5e-05_bs16_modL1_fusion64_fusionL1_drop0p1_trmiss80_trlocclin,14,0.5252982079982758,0.7117715875307719,0.4956896551724137,0.715822122018478,0.4666666666666667,0.0,0.0,0.0,0.0,2002,clin,0.8
2,3,lr5e-05_bs16_modL1_fusion64_fusionL1_drop0p1_trmiss80_trlocclin,16,5e-05,1,64,1,0.1,lr5e-05_bs16_modL1_fusion64_fusionL1_drop0p1_trmiss80_trlocclin,15,0.5182007402181625,0.7110798954963684,0.49353448275862066,0.6995480779968511,0.4444444444444444,0.0,0.0,0.0,0.0,2002,clin,0.8
2,3,lr5e-05_bs16_modL1_fusion64_fusionL1_drop0p1_trmiss80_trlocclin,16,5e-05,1,64,1,0.1,lr5e-05_bs16_modL1_fusion64_fusionL1_drop0p1_trmiss80_trlocclin,16,0.5112977847456932,0.7220426797866821,0.4892241379310344,0.6989307902104148,0.4666666666666667,0.0,0.0,0.0,0.0,2002,clin,0.8
2,3,lr5e-05_bs16_modL1_fusion64_fusionL1_drop0p1_trmiss80_trlocclin,16,5e-05,1,64,1,0.1,lr5e-05_bs16_modL1_fusion64_fusionL1_drop0p1_trmiss80_trlocclin,17,0.5086749742428461,0.7174140214920044,0.519396551724138,0.7209197143460103,0.4666666666666667,0.0,0.0,0.0,0.0,2002,clin,0.8
2,3,lr5e-05_bs16_modL1_fusion64_fusionL1_drop0p1_trmiss80_trlocclin,16,5e-05,1,64,1,0.1,lr5e-05_bs16_modL1_fusion64_fusionL1_drop0p1_trmiss80_trlocclin,18,0.5037325521310171,0.7110508680343628,0.47844827586206895,0.7032083656107244,0.4444444444444444,0.0,0.0,0.0,0.0,2002,clin,0.8
2,3,lr5e-05_bs16_modL1_fusion64_fusionL1_drop0p1_trmiss80_trlocclin,16,5e-05,1,64,1,0.1,lr5e-05_bs16_modL1_fusion64_fusionL1_drop0p1_trmiss80_trlocclin,19,0.5017921179533005,0.701987624168396,0.5021551724137931,0.7250839590805207,0.4444444444444444,0.0,0.0,0.0,0.0,2002,clin,0.8
2,3,lr5e-05_bs16_modL1_fusion64_fusionL1_drop0p1_trmiss80_trlocclin,16,5e-05,1,64,1,0.1,lr5e-05_bs16_modL1_fusion64_fusionL1_drop0p1_trmiss80_trlocclin,20,0.48737767338752747,0.7086800734202067,0.5,0.7075228006411677,0.4444444444444444,0.0,0.0,0.0,0.0,2002,clin,0.8
2,3,lr5e-05_bs16_modL1_fusion64_fusionL1_drop0p1_trmiss80_trlocclin,16,5e-05,1,64,1,0.1,lr5e-05_bs16_modL1_fusion64_fusionL1_drop0p1_trmiss80_trlocclin,21,0.5203241631388664,0.700394332408905,0.502155172413793,0.7097741920236246,0.4222222222222222,0.0,0.0,0.0,0.0,2002,clin,0.8
2,3,lr5e-05_bs16_modL1_fusion64_fusionL1_drop0p1_trmiss80_trlocclin,16,5e-05,1,64,1,0.1,lr5e-05_bs16_modL1_fusion64_fusionL1_drop0p1_trmiss80_trlocclin,22,0.4885297417640686,0.7027434309323629,0.5043103448275862,0.7154348990934365,0.4,0.0,0.0,0.0,0.0,2002,clin,0.8
2,3,lr5e-05_bs16_modL1_fusion64_fusionL1_drop0p1_trmiss80_trlocclin,16,5e-05,1,64,1,0.1,lr5e-05_bs16_modL1_fusion64_fusionL1_drop0p1_trmiss80_trlocclin,23,0.48583218455314636,0.7073673605918884,0.4956896551724138,0.7015344267234279,0.37777777777777777,0.0,0.0,0.0,0.0,2002,clin,0.8
2,3,lr5e-05_bs16_modL1_fusion64_fusionL1_drop0p1_trmiss80_trlocclin,16,5e-05,1,64,1,0.1,lr5e-05_bs16_modL1_fusion64_fusionL1_drop0p1_trmiss80_trlocclin,24,0.49856842557589215,0.7180656790733337,0.5,0.7123476429243041,0.4222222222222222,0.0,0.0,0.0,0.0,2002,clin,0.8
2,3,lr5e-05_bs16_modL1_fusion64_fusionL1_drop0p1_trmiss80_trlocclin,16,5e-05,1,64,1,0.1,lr5e-05_bs16_modL1_fusion64_fusionL1_drop0p1_trmiss80_trlocclin,25,0.48137620836496353,0.7230463822682699,0.48706896551724144,0.7048423669771395,0.4222222222222222,0.0,0.0,0.0,0.0,2002,clin,0.8
2,3,lr5e-05_bs16_modL1_fusion64_fusionL1_drop0p1_trmiss80_trlocclin,16,5e-05,1,64,1,0.1,lr5e-05_bs16_modL1_fusion64_fusionL1_drop0p1_trmiss80_trlocclin,26,0.47018176565567654,0.728461225827535,0.4698275862068966,0.6918755458338691,0.4444444444444444,0.0,0.0,0.0,0.0,2002,clin,0.8
2,3,lr1e-04_bs16_modL1_fusion32_fusionL1_drop0p2_trmiss80_trlocclin,16,0.0001,1,32,1,0.2,lr1e-04_bs16_modL1_fusion32_fusionL1_drop0p2_trmiss80_trlocclin,1,0.724755272269249,0.7177382508913676,0.5603448275862069,0.725673256022793,0.4444444444444444,0.0,0.0,0.0,0.0,2002,clin,0.8
2,3,lr1e-04_bs16_modL1_fusion32_fusionL1_drop0p2_trmiss80_trlocclin,16,0.0001,1,32,1,0.2,lr1e-04_bs16_modL1_fusion32_fusionL1_drop0p2_trmiss80_trlocclin,2,0.7169361660877863,0.7186306715011597,0.5775862068965517,0.7462563095382075,0.4444444444444444,0.0,0.0,0.0,0.0,2002,clin,0.8
2,3,lr1e-04_bs16_modL1_fusion32_fusionL1_drop0p2_trmiss80_trlocclin,16,0.0001,1,32,1,0.2,lr1e-04_bs16_modL1_fusion32_fusionL1_drop0p2_trmiss80_trlocclin,3,0.6770738313595454,0.712064266204834,0.6099137931034483,0.7745131163270209,0.5111111111111111,0.0,0.0,0.0,0.0,2002,clin,0.8
2,3,lr1e-04_bs16_modL1_fusion32_fusionL1_drop0p2_trmiss80_trlocclin,16,0.0001,1,32,1,0.2,lr1e-04_bs16_modL1_fusion32_fusionL1_drop0p2_trmiss80_trlocclin,4,0.6626970916986465,0.7202731768290201,0.5818965517241379,0.7413868324238738,0.5111111111111111,0.0,0.0,0.0,0.0,2002,clin,0.8
2,3,lr1e-04_bs16_modL1_fusion32_fusionL1_drop0p2_trmiss80_trlocclin,16,0.0001,1,32,1,0.2,lr1e-04_bs16_modL1_fusion32_fusionL1_drop0p2_trmiss80_trlocclin,5,0.6330137650171915,0.719994843006134,0.5711206896551724,0.7377433824549259,0.4888888888888889,0.0,0.0,0.0,0.0,2002,clin,0.8
2,3,lr1e-04_bs16_modL1_fusion32_fusionL1_drop0p2_trmiss80_trlocclin,16,0.0001,1,32,1,0.2,lr1e-04_bs16_modL1_fusion32_fusionL1_drop0p2_trmiss80_trlocclin,6,0.610933798054854,0.7181712985038757,0.5711206896551724,0.7149819233033282,0.4666666666666667,0.0,0.0,0.0,0.0,2002,clin,0.8
2,3,lr1e-04_bs16_modL1_fusion32_fusionL1_drop0p2_trmiss80_trlocclin,16,0.0001,1,32,1,0.2,lr1e-04_bs16_modL1_fusion32_fusionL1_drop0p2_trmiss80_trlocclin,7,0.6045945137739182,0.725077748298645,0.5474137931034483,0.7161137643524725,0.4666666666666667,0.0,0.0,0.0,0.0,2002,clin,0.8
2,3,lr1e-04_bs16_modL1_fusion32_fusionL1_drop0p2_trmiss80_trlocclin,16,0.0001,1,32,1,0.2,lr1e-04_bs16_modL1_fusion32_fusionL1_drop0p2_trmiss80_trlocclin,8,0.5785715679327647,0.7178696195284525,0.5711206896551724,0.706774160809243,0.4888888888888889,0.0,0.0,0.0,0.0,2002,clin,0.8
2,3,lr1e-04_bs16_modL1_fusion32_fusionL1_drop0p2_trmiss80_trlocclin,16,0.0001,1,32,1,0.2,lr1e-04_bs16_modL1_fusion32_fusionL1_drop0p2_trmiss80_trlocclin,9,0.5805302311976751,0.724838376045227,0.5517241379310345,0.7222322091154318,0.5111111111111111,0.0,0.0,0.0,0.0,2002,clin,0.8
2,3,lr1e-04_bs16_modL1_fusion32_fusionL1_drop0p2_trmiss80_trlocclin,16,0.0001,1,32,1,0.2,lr1e-04_bs16_modL1_fusion32_fusionL1_drop0p2_trmiss80_trlocclin,10,0.5487187430262566,0.7319252292315165,0.5431034482758621,0.7012551521666853,0.4888888888888889,0.0,0.0,0.0,0.0,2002,clin,0.8
2,3,lr1e-04_bs16_modL1_fusion32_fusionL1_drop0p2_trmiss80_trlocclin,16,0.0001,1,32,1,0.2,lr1e-04_bs16_modL1_fusion32_fusionL1_drop0p2_trmiss80_trlocclin,11,0.5628084639708201,0.7308741410573324,0.5517241379310345,0.6899498522859749,0.4888888888888889,0.0,0.0,0.0,0.0,2002,clin,0.8
2,3,lr1e-04_bs16_modL1_fusion32_fusionL1_drop0p2_trmiss80_trlocclin,16,0.0001,1,32,1,0.2,lr1e-04_bs16_modL1_fusion32_fusionL1_drop0p2_trmiss80_trlocclin,12,0.5337095881501833,0.728252132733663,0.5625,0.6861852266682154,0.4888888888888889,0.0,0.0,0.0,0.0,2002,clin,0.8
2,3,lr1e-04_bs16_modL1_fusion32_fusionL1_drop0p2_trmiss80_trlocclin,16,0.0001,1,32,1,0.2,lr1e-04_bs16_modL1_fusion32_fusionL1_drop0p2_trmiss80_trlocclin,13,0.5470773080984751,0.7260184288024902,0.5452586206896552,0.7026743299162705,0.5111111111111111,0.0,0.0,0.0,0.0,2002,clin,0.8
2,3,lr1e-04_bs16_modL1_fusion32_fusionL1_drop0p2_trmiss80_trlocclin,16,0.0001,1,32,1,0.2,lr1e-04_bs16_modL1_fusion32_fusionL1_drop0p2_trmiss80_trlocclin,14,0.5256445755561193,0.7324844201405843,0.5237068965517241,0.6638731193987597,0.4888888888888889,0.0,0.0,0.0,0.0,2002,clin,0.8
2,3,lr1e-04_bs16_modL1_fusion32_fusionL1_drop0p2_trmiss80_trlocclin,16,0.0001,1,32,1,0.2,lr1e-04_bs16_modL1_fusion32_fusionL1_drop0p2_trmiss80_trlocclin,15,0.5501915340622267,0.745313803354899,0.5172413793103448,0.6508089286123836,0.4888888888888889,0.0,0.0,0.0,0.0,2002,clin,0.8
2,3,lr1e-04_bs16_modL1_fusion32_fusionL1_drop0p2_trmiss80_trlocclin,16,0.0001,1,32,1,0.2,lr1e-04_bs16_modL1_fusion32_fusionL1_drop0p2_trmiss80_trlocclin,16,0.5158089995384216,0.7415836254755656,0.5107758620689655,0.6510245403383691,0.4888888888888889,0.0,0.0,0.0,0.0,2002,clin,0.8
2,3,lr1e-04_bs16_modL1_fusion32_fusionL1_drop0p2_trmiss80_trlocclin,16,0.0001,1,32,1,0.2,lr1e-04_bs16_modL1_fusion32_fusionL1_drop0p2_trmiss80_trlocclin,17,0.506475456058979,0.7345085342725118,0.5086206896551724,0.651485160433077,0.4666666666666667,0.0,0.0,0.0,0.0,2002,clin,0.8
2,3,lr1e-04_bs16_modL1_fusion32_fusionL1_drop0p2_trmiss80_trlocclin,16,0.0001,1,32,1,0.2,lr1e-04_bs16_modL1_fusion32_fusionL1_drop0p2_trmiss80_trlocclin,18,0.5236826365192732,0.7280409534772238,0.5344827586206896,0.6648583721022183,0.4888888888888889,0.0,0.0,0.0,0.0,2002,clin,0.8
2,3,lr1e-04_bs16_modL1_fusion32_fusionL1_drop0p2_trmiss80_trlocclin,16,0.0001,1,32,1,0.2,lr1e-04_bs16_modL1_fusion32_fusionL1_drop0p2_trmiss80_trlocclin,19,0.5343267718950907,0.747143546740214,0.5301724137931034,0.6698728703515889,0.4888888888888889,0.0,0.0,0.0,0.0,2002,clin,0.8
2,3,lr1e-04_bs16_modL1_fusion32_fusionL1_drop0p2_trmiss80_trlocclin,16,0.0001,1,32,1,0.2,lr1e-04_bs16_modL1_fusion32_fusionL1_drop0p2_trmiss80_trlocclin,20,0.50886553277572,0.7304916977882385,0.5387931034482758,0.6778728268882968,0.5111111111111111,0.0,0.0,0.0,0.0,2002,clin,0.8
2,3,lr1e-04_bs16_modL1_fusion32_fusionL1_drop0p2_trmiss80_trlocclin,16,0.0001,1,32,1,0.2,lr1e-04_bs16_modL1_fusion32_fusionL1_drop0p2_trmiss80_trlocclin,21,0.5174876054128011,0.7358142534891764,0.521551724137931,0.6700660627801555,0.5111111111111111,0.0,0.0,0.0,0.0,2002,clin,0.8
2,3,lr1e-04_bs16_modL1_fusion32_fusionL1_drop0p2_trmiss80_trlocclin,16,0.0001,1,32,1,0.2,lr1e-04_bs16_modL1_fusion32_fusionL1_drop0p2_trmiss80_trlocclin,22,0.5199306483070055,0.7382680972417196,0.5323275862068966,0.6682098051784144,0.4666666666666667,0.0,0.0,0.0,0.0,2002,clin,0.8
2,3,lr1e-04_bs16_modL1_fusion32_fusionL1_drop0p2_trmiss80_trlocclin,16,0.0001,1,32,1,0.2,lr1e-04_bs16_modL1_fusion32_fusionL1_drop0p2_trmiss80_trlocclin,23,0.4942050402363141,0.7367765506108602,0.5193965517241379,0.668207463251428,0.4888888888888889,0.0,0.0,0.0,0.0,2002,clin,0.8
2,3,lr1e-04_bs16_modL1_fusion32_fusionL1_drop0p1_trmiss80_trlocclin,16,0.0001,1,32,1,0.1,lr1e-04_bs16_modL1_fusion32_fusionL1_drop0p1_trmiss80_trlocclin,1,0.7171940306822459,0.7111529111862183,0.3103448275862069,0.5403513113071103,0.4,0.0,0.0,0.0,0.0,2002,clin,0.8
2,3,lr1e-04_bs16_modL1_fusion32_fusionL1_drop0p1_trmiss80_trlocclin,16,0.0001,1,32,1,0.1,lr1e-04_bs16_modL1_fusion32_fusionL1_drop0p1_trmiss80_trlocclin,2,0.6590190579493841,0.7277013460795084,0.2693965517241379,0.5564071599954729,0.3333333333333333,0.0,0.0,0.0,0.0,2002,clin,0.8
2,3,lr1e-04_bs16_modL1_fusion32_fusionL1_drop0p1_trmiss80_trlocclin,16,0.0001,1,32,1,0.1,lr1e-04_bs16_modL1_fusion32_fusionL1_drop0p1_trmiss80_trlocclin,3,0.6097209403912226,0.7458961407343546,0.31034482758620685,0.5728866270116609,0.4,0.0,0.0,0.0,0.0,2002,clin,0.8
2,3,lr1e-04_bs16_modL1_fusion32_fusionL1_drop0p1_trmiss80_trlocclin,16,0.0001,1,32,1,0.1,lr1e-04_bs16_modL1_fusion32_fusionL1_drop0p1_trmiss80_trlocclin,4,0.5786859293778738,0.7525006930033366,0.3448275862068966,0.5927181867093414,0.4444444444444444,0.0,0.0,0.0,0.0,2002,clin,0.8
2,3,lr1e-04_bs16_modL1_fusion32_fusionL1_drop0p1_trmiss80_trlocclin,16,0.0001,1,32,1,0.1,lr1e-04_bs16_modL1_fusion32_fusionL1_drop0p1_trmiss80_trlocclin,5,0.5583813115954399,0.7430365681648254,0.35129310344827586,0.5859473026776095,0.4222222222222222,0.0,0.0,0.0,0.0,2002,clin,0.8
2,3,lr1e-04_bs16_modL1_fusion32_fusionL1_drop0p1_trmiss80_trlocclin,16,0.0001,1,32,1,0.1,lr1e-04_bs16_modL1_fusion32_fusionL1_drop0p1_trmiss80_trlocclin,6,0.5494595045844713,0.7636180917421976,0.3405172413793104,0.58432696068444,0.4,0.0,0.0,0.0,0.0,2002,clin,0.8
2,3,lr1e-04_bs16_modL1_fusion32_fusionL1_drop0p1_trmiss80_trlocclin,16,0.0001,1,32,1,0.1,lr1e-04_bs16_modL1_fusion32_fusionL1_drop0p1_trmiss80_trlocclin,7,0.5291611428062121,0.7644283374150594,0.35344827586206895,0.5892132873033128,0.4222222222222222,0.0,0.0,0.0,0.0,2002,clin,0.8
2,3,lr1e-04_bs16_modL1_fusion32_fusionL1_drop0p1_trmiss80_trlocclin,16,0.0001,1,32,1,0.1,lr1e-04_bs16_modL1_fusion32_fusionL1_drop0p1_trmiss80_trlocclin,8,0.5216944962739944,0.770450750986735,0.34698275862068967,0.587061069608263,0.37777777777777777,0.0,0.0,0.0,0.0,2002,clin,0.8
2,3,lr1e-04_bs16_modL1_fusion32_fusionL1_drop0p1_trmiss80_trlocclin,16,0.0001,1,32,1,0.1,lr1e-04_bs16_modL1_fusion32_fusionL1_drop0p1_trmiss80_trlocclin,9,0.497752587000529,0.7631142934163412,0.35129310344827586,0.5994636286782555,0.37777777777777777,0.0,0.0,0.0,0.0,2002,clin,0.8
2,3,lr1e-04_bs16_modL1_fusion32_fusionL1_drop0p1_trmiss80_trlocclin,16,0.0001,1,32,1,0.1,lr1e-04_bs16_modL1_fusion32_fusionL1_drop0p1_trmiss80_trlocclin,10,0.48475859810908634,0.7600041429201762,0.35129310344827586,0.5965746385245385,0.37777777777777777,0.0,0.0,0.0,0.0,2002,clin,0.8
2,3,lr1e-04_bs16_modL1_fusion32_fusionL1_drop0p1_trmiss80_trlocclin,16,0.0001,1,32,1,0.1,lr1e-04_bs16_modL1_fusion32_fusionL1_drop0p1_trmiss80_trlocclin,11,0.4520936732490857,0.7594491044680277,0.3620689655172414,0.6084628246494066,0.4,0.0,0.0,0.0,0.0,2002,clin,0.8
2,3,lr1e-04_bs16_modL1_fusion32_fusionL1_drop0p1_trmiss80_trlocclin,16,0.0001,1,32,1,0.1,lr1e-04_bs16_modL1_fusion32_fusionL1_drop0p1_trmiss80_trlocclin,12,0.48155630628267926,0.7590019305547079,0.3663793103448276,0.5985597790158712,0.4,0.0,0.0,0.0,0.0,2002,clin,0.8
2,3,lr1e-04_bs16_modL1_fusion32_fusionL1_drop0p1_trmiss80_trlocclin,16,0.0001,1,32,1,0.1,lr1e-04_bs16_modL1_fusion32_fusionL1_drop0p1_trmiss80_trlocclin,13,0.4595400467514992,0.7571379939715067,0.3728448275862069,0.6054805648915456,0.4,0.0,0.0,0.0,0.0,2002,clin,0.8
2,3,lr1e-04_bs16_modL1_fusion32_fusionL1_drop0p1_trmiss80_trlocclin,16,0.0001,1,32,1,0.1,lr1e-04_bs16_modL1_fusion32_fusionL1_drop0p1_trmiss80_trlocclin,14,0.4760281791289647,0.7652084430058798,0.3620689655172414,0.5902590736011412,0.4,0.0,0.0,0.0,0.0,2002,clin,0.8
2,3,lr1e-04_bs16_modL1_fusion32_fusionL1_drop0p1_trmiss80_trlocclin,16,0.0001,1,32,1,0.1,lr1e-04_bs16_modL1_fusion32_fusionL1_drop0p1_trmiss80_trlocclin,15,0.4449176838000615,0.7743032375971476,0.3426724137931035,0.5756560447143924,0.37777777777777777,0.0,0.0,0.0,0.0,2002,clin,0.8
2,3,lr1e-04_bs16_modL1_fusion32_fusionL1_drop0p1_trmiss80_trlocclin,16,0.0001,1,32,1,0.1,lr1e-04_bs16_modL1_fusion32_fusionL1_drop0p1_trmiss80_trlocclin,16,0.44141491999228794,0.765012522538503,0.3426724137931034,0.5782685618759924,0.4,0.0,0.0,0.0,0.0,2002,clin,0.8
2,3,lr1e-04_bs16_modL1_fusion32_fusionL1_drop0p1_trmiss80_trlocclin,16,0.0001,1,32,1,0.1,lr1e-04_bs16_modL1_fusion32_fusionL1_drop0p1_trmiss80_trlocclin,17,0.42736179133256275,0.7633746067682902,0.35129310344827586,0.5790507024974462,0.4222222222222222,0.0,0.0,0.0,0.0,2002,clin,0.8
2,3,lr1e-04_bs16_modL1_fusion32_fusionL1_drop0p1_trmiss80_trlocclin,16,0.0001,1,32,1,0.1,lr1e-04_bs16_modL1_fusion32_fusionL1_drop0p1_trmiss80_trlocclin,18,0.4486493666966756,0.747821033000946,0.375,0.6096645813520379,0.4,0.0,0.0,0.0,0.0,2002,clin,0.8
2,3,lr1e-04_bs16_modL1_fusion32_fusionL1_drop0p1_trmiss80_trlocclin,16,0.0001,1,32,1,0.1,lr1e-04_bs16_modL1_fusion32_fusionL1_drop0p1_trmiss80_trlocclin,19,0.4282403141260147,0.75722736120224,0.3577586206896552,0.6030920286394273,0.4222222222222222,0.0,0.0,0.0,0.0,2002,clin,0.8
2,3,lr1e-04_bs16_modL1_fusion32_fusionL1_drop0p1_trmiss80_trlocclin,16,0.0001,1,32,1,0.1,lr1e-04_bs16_modL1_fusion32_fusionL1_drop0p1_trmiss80_trlocclin,20,0.42970644930998486,0.7628653645515442,0.3577586206896552,0.583786079484559,0.4,0.0,0.0,0.0,0.0,2002,clin,0.8
2,3,lr1e-04_bs16_modL1_fusion32_fusionL1_drop0p1_trmiss80_trlocclin,16,0.0001,1,32,1,0.1,lr1e-04_bs16_modL1_fusion32_fusionL1_drop0p1_trmiss80_trlocclin,21,0.42492293069760007,0.7632203300793966,0.34913793103448276,0.5866092927041491,0.4,0.0,0.0,0.0,0.0,2002,clin,0.8
2,3,lr1e-04_bs16_modL1_fusion32_fusionL1_drop0p1_trmiss80_trlocclin,16,0.0001,1,32,1,0.1,lr1e-04_bs16_modL1_fusion32_fusionL1_drop0p1_trmiss80_trlocclin,22,0.42056968808174133,0.7600858608881632,0.35344827586206895,0.6042381372397173,0.4222222222222222,0.0,0.0,0.0,0.0,2002,clin,0.8
2,3,lr1e-04_bs16_modL1_fusion32_fusionL1_drop0p1_trmiss80_trlocclin,16,0.0001,1,32,1,0.1,lr1e-04_bs16_modL1_fusion32_fusionL1_drop0p1_trmiss80_trlocclin,23,0.42304063340028125,0.7490640878677368,0.38146551724137934,0.6220439610740833,0.4444444444444444,0.0,0.0,0.0,0.0,2002,clin,0.8
2,3,lr1e-04_bs16_modL1_fusion32_fusionL1_drop0p1_trmiss80_trlocclin,16,0.0001,1,32,1,0.1,lr1e-04_bs16_modL1_fusion32_fusionL1_drop0p1_trmiss80_trlocclin,24,0.44907931983470917,0.7658858696619669,0.3771551724137931,0.6025125344196589,0.4,0.0,0.0,0.0,0.0,2002,clin,0.8
2,3,lr1e-04_bs16_modL1_fusion32_fusionL1_drop0p1_trmiss80_trlocclin,16,0.0001,1,32,1,0.1,lr1e-04_bs16_modL1_fusion32_fusionL1_drop0p1_trmiss80_trlocclin,25,0.4449597125252088,0.7698813478151957,0.3836206896551724,0.6011709690676434,0.4,0.0,0.0,0.0,0.0,2002,clin,0.8
2,3,lr1e-04_bs16_modL1_fusion32_fusionL1_drop0p1_trmiss80_trlocclin,16,0.0001,1,32,1,0.1,lr1e-04_bs16_modL1_fusion32_fusionL1_drop0p1_trmiss80_trlocclin,26,0.4466771458586057,0.7494788765907288,0.38146551724137934,0.6252740321811567,0.4444444444444444,0.0,0.0,0.0,0.0,2002,clin,0.8
2,3,lr1e-04_bs16_modL1_fusion32_fusionL1_drop0p1_trmiss80_trlocclin,16,0.0001,1,32,1,0.1,lr1e-04_bs16_modL1_fusion32_fusionL1_drop0p1_trmiss80_trlocclin,27,0.4166954730947812,0.7669785618782043,0.375,0.6019935969693788,0.4,0.0,0.0,0.0,0.0,2002,clin,0.8
2,3,lr1e-04_bs16_modL1_fusion32_fusionL1_drop0p1_trmiss80_trlocclin,16,0.0001,1,32,1,0.1,lr1e-04_bs16_modL1_fusion32_fusionL1_drop0p1_trmiss80_trlocclin,28,0.4097864752014478,0.765781044960022,0.3771551724137931,0.5987288897956348,0.4,0.0,0.0,0.0,0.0,2002,clin,0.8
2,3,lr1e-04_bs16_modL1_fusion32_fusionL1_drop0p1_trmiss80_trlocclin,16,0.0001,1,32,1,0.1,lr1e-04_bs16_modL1_fusion32_fusionL1_drop0p1_trmiss80_trlocclin,29,0.39110706001520157,0.7601245244344076,0.37931034482758624,0.6028670371657079,0.4,0.0,0.0,0.0,0.0,2002,clin,0.8
2,3,lr1e-04_bs16_modL1_fusion32_fusionL1_drop0p1_trmiss80_trlocclin,16,0.0001,1,32,1,0.1,lr1e-04_bs16_modL1_fusion32_fusionL1_drop0p1_trmiss80_trlocclin,30,0.4062104746699333,0.7535903056462606,0.38362068965517243,0.6135919571143267,0.4222222222222222,0.0,0.0,0.0,0.0,2002,clin,0.8
2,3,lr1e-04_bs16_modL1_fusion32_fusionL1_drop0p1_trmiss80_trlocclin,16,0.0001,1,32,1,0.1,lr1e-04_bs16_modL1_fusion32_fusionL1_drop0p1_trmiss80_trlocclin,31,0.4072847093145053,0.764889677365621,0.3814655172413793,0.6076301660568402,0.4,0.0,0.0,0.0,0.0,2002,clin,0.8
2,3,lr1e-04_bs16_modL1_fusion32_fusionL1_drop0p1_trmiss80_trlocclin,16,0.0001,1,32,1,0.1,lr1e-04_bs16_modL1_fusion32_fusionL1_drop0p1_trmiss80_trlocclin,32,0.41086741040150326,0.7539935310681661,0.38362068965517243,0.6150532385760472,0.4444444444444444,0.0,0.0,0.0,0.0,2002,clin,0.8
2,3,lr1e-04_bs16_modL1_fusion32_fusionL1_drop0p1_trmiss80_trlocclin,16,0.0001,1,32,1,0.1,lr1e-04_bs16_modL1_fusion32_fusionL1_drop0p1_trmiss80_trlocclin,33,0.3987266893188159,0.7586597601572672,0.3879310344827586,0.611151171895076,0.4,0.0,0.0,0.0,0.0,2002,clin,0.8
2,3,lr1e-04_bs16_modL1_fusion32_fusionL1_drop0p1_trmiss80_trlocclin,16,0.0001,1,32,1,0.1,lr1e-04_bs16_modL1_fusion32_fusionL1_drop0p1_trmiss80_trlocclin,34,0.41859233876069385,0.7778146862983704,0.3922413793103448,0.6250874294192759,0.37777777777777777,0.0,0.0,0.0,0.0,2002,clin,0.8
2,3,lr1e-04_bs16_modL1_fusion32_fusionL1_drop0p1_trmiss80_trlocclin,16,0.0001,1,32,1,0.1,lr1e-04_bs16_modL1_fusion32_fusionL1_drop0p1_trmiss80_trlocclin,35,0.41126295924186707,0.7645487586657206,0.3836206896551724,0.6049953317816729,0.4,0.0,0.0,0.0,0.0,2002,clin,0.8
2,3,lr1e-04_bs16_modL1_fusion32_fusionL1_drop0p1_trmiss80_trlocclin,16,0.0001,1,32,1,0.1,lr1e-04_bs16_modL1_fusion32_fusionL1_drop0p1_trmiss80_trlocclin,36,0.4015472208460172,0.7688713669776917,0.3943965517241379,0.6264033774263194,0.37777777777777777,0.0,0.0,0.0,0.0,2002,clin,0.8
2,3,lr1e-04_bs16_modL1_fusion32_fusionL1_drop0p1_trmiss80_trlocclin,16,0.0001,1,32,1,0.1,lr1e-04_bs16_modL1_fusion32_fusionL1_drop0p1_trmiss80_trlocclin,37,0.41305751105149585,0.751840074857076,0.3922413793103448,0.614549708794695,0.4666666666666667,0.0,0.0,0.0,0.0,2002,clin,0.8
2,3,lr1e-04_bs16_modL1_fusion32_fusionL1_drop0p1_trmiss80_trlocclin,16,0.0001,1,32,1,0.1,lr1e-04_bs16_modL1_fusion32_fusionL1_drop0p1_trmiss80_trlocclin,38,0.39239897578954697,0.7560148040453593,0.39655172413793105,0.6141754524701999,0.4,0.0,0.0,0.0,0.0,2002,clin,0.8
2,3,lr1e-04_bs16_modL1_fusion32_fusionL1_drop0p1_trmiss80_trlocclin,16,0.0001,1,32,1,0.1,lr1e-04_bs16_modL1_fusion32_fusionL1_drop0p1_trmiss80_trlocclin,39,0.4037792632977168,0.7643020153045654,0.3943965517241379,0.6087447734087701,0.37777777777777777,0.0,0.0,0.0,0.0,2002,clin,0.8
2,3,lr1e-04_bs16_modL1_fusion32_fusionL1_drop0p1_trmiss80_trlocclin,16,0.0001,1,32,1,0.1,lr1e-04_bs16_modL1_fusion32_fusionL1_drop0p1_trmiss80_trlocclin,40,0.4171467075745265,0.7702336112658182,0.3857758620689655,0.6086401959036956,0.37777777777777777,0.0,0.0,0.0,0.0,2002,clin,0.8
2,3,lr1e-04_bs16_modL1_fusion32_fusionL1_drop0p1_trmiss80_trlocclin,16,0.0001,1,32,1,0.1,lr1e-04_bs16_modL1_fusion32_fusionL1_drop0p1_trmiss80_trlocclin,41,0.4072349766890208,0.753270665804545,0.3900862068965517,0.6264917112621178,0.4444444444444444,0.0,0.0,0.0,0.0,2002,clin,0.8
2,3,lr1e-04_bs16_modL1_fusion32_fusionL1_drop0p1_trmiss80_trlocclin,16,0.0001,1,32,1,0.1,lr1e-04_bs16_modL1_fusion32_fusionL1_drop0p1_trmiss80_trlocclin,42,0.40387176473935443,0.7516799171765646,0.3900862068965517,0.6317963042545907,0.4666666666666667,0.0,0.0,0.0,0.0,2002,clin,0.8
2,3,lr1e-04_bs16_modL1_fusion32_fusionL1_drop0p1_trmiss80_trlocclin,16,0.0001,1,32,1,0.1,lr1e-04_bs16_modL1_fusion32_fusionL1_drop0p1_trmiss80_trlocclin,43,0.416595292588075,0.7527885834376017,0.3857758620689655,0.626118385772026,0.4222222222222222,0.0,0.0,0.0,0.0,2002,clin,0.8
2,3,lr1e-04_bs16_modL1_fusion32_fusionL1_drop0p1_trmiss80_trlocclin,16,0.0001,1,32,1,0.1,lr1e-04_bs16_modL1_fusion32_fusionL1_drop0p1_trmiss80_trlocclin,44,0.4012974550326665,0.7656234701474508,0.375,0.6139793286768591,0.37777777777777777,0.0,0.0,0.0,0.0,2002,clin,0.8
2,3,lr1e-04_bs16_modL1_fusion32_fusionL1_drop0p1_trmiss80_trlocclin,16,0.0001,1,32,1,0.1,lr1e-04_bs16_modL1_fusion32_fusionL1_drop0p1_trmiss80_trlocclin,45,0.4158342182636261,0.754674235979716,0.3793103448275862,0.6072633611107134,0.4,0.0,0.0,0.0,0.0,2002,clin,0.8
2,3,lr1e-04_bs16_modL1_fusion32_fusionL1_drop0p1_trmiss80_trlocclin,16,0.0001,1,32,1,0.1,lr1e-04_bs16_modL1_fusion32_fusionL1_drop0p1_trmiss80_trlocclin,46,0.40792856365442276,0.7526593406995138,0.38146551724137934,0.606590594253297,0.4222222222222222,0.0,0.0,0.0,0.0,2002,clin,0.8
2,3,lr1e-04_bs16_modL1_fusion32_fusionL1_drop0p1_trmiss80_trlocclin,16,0.0001,1,32,1,0.1,lr1e-04_bs16_modL1_fusion32_fusionL1_drop0p1_trmiss80_trlocclin,47,0.41271619995435077,0.7606822649637858,0.39655172413793105,0.6343771140777537,0.4,0.0,0.0,0.0,0.0,2002,clin,0.8
2,3,lr1e-04_bs16_modL1_fusion32_fusionL1_drop0p1_trmiss80_trlocclin,16,0.0001,1,32,1,0.1,lr1e-04_bs16_modL1_fusion32_fusionL1_drop0p1_trmiss80_trlocclin,48,0.3957497874895732,0.7679171164830526,0.3900862068965517,0.6273066135244005,0.4,0.0,0.0,0.0,0.0,2002,clin,0.8
2,3,lr1e-04_bs16_modL1_fusion32_fusionL1_drop0p1_trmiss80_trlocclin,16,0.0001,1,32,1,0.1,lr1e-04_bs16_modL1_fusion32_fusionL1_drop0p1_trmiss80_trlocclin,49,0.40707769493261975,0.7737096746762594,0.3900862068965517,0.6126598474656175,0.4,0.0,0.0,0.0,0.0,2002,clin,0.8
2,3,lr1e-04_bs16_modL1_fusion32_fusionL1_drop0p1_trmiss80_trlocclin,16,0.0001,1,32,1,0.1,lr1e-04_bs16_modL1_fusion32_fusionL1_drop0p1_trmiss80_trlocclin,50,0.4189700384934743,0.7673325935999552,0.40086206896551724,0.6197198205411498,0.4,0.0,0.0,0.0,0.0,2002,clin,0.8
2,3,lr1e-04_bs16_modL1_fusion32_fusionL1_drop0p1_trmiss80_trlocclin,16,0.0001,1,32,1,0.1,lr1e-04_bs16_modL1_fusion32_fusionL1_drop0p1_trmiss80_trlocclin,51,0.4048432608445485,0.7674931089083353,0.3879310344827587,0.6143486564041993,0.4,0.0,0.0,0.0,0.0,2002,clin,0.8
2,3,lr1e-04_bs16_modL1_fusion32_fusionL1_drop0p1_trmiss80_trlocclin,16,0.0001,1,32,1,0.1,lr1e-04_bs16_modL1_fusion32_fusionL1_drop0p1_trmiss80_trlocclin,52,0.4367043152451515,0.7787695328394572,0.39224137931034486,0.6090132080272939,0.37777777777777777,0.0,0.0,0.0,0.0,2002,clin,0.8
2,3,lr1e-04_bs16_modL1_fusion32_fusionL1_drop0p1_trmiss80_trlocclin,16,0.0001,1,32,1,0.1,lr1e-04_bs16_modL1_fusion32_fusionL1_drop0p1_trmiss80_trlocclin,53,0.413399005929629,0.7645467122395834,0.4051724137931035,0.633406273594115,0.4,0.0,0.0,0.0,0.0,2002,clin,0.8
2,3,lr1e-04_bs16_modL1_fusion32_fusionL1_drop0p1_trmiss80_trlocclin,16,0.0001,1,32,1,0.1,lr1e-04_bs16_modL1_fusion32_fusionL1_drop0p1_trmiss80_trlocclin,54,0.4118345578511556,0.7666975259780884,0.396551724137931,0.6170573129839871,0.4,0.0,0.0,0.0,0.0,2002,clin,0.8
2,3,lr1e-04_bs16_modL1_fusion32_fusionL1_drop0p1_trmiss80_trlocclin,16,0.0001,1,32,1,0.1,lr1e-04_bs16_modL1_fusion32_fusionL1_drop0p1_trmiss80_trlocclin,55,0.4234755064050357,0.7703158656756083,0.3987068965517241,0.6361301223585205,0.4,0.0,0.0,0.0,0.0,2002,clin,0.8
2,3,lr1e-04_bs16_modL1_fusion32_fusionL1_drop0p1_trmiss80_trlocclin,16,0.0001,1,32,1,0.1,lr1e-04_bs16_modL1_fusion32_fusionL1_drop0p1_trmiss80_trlocclin,56,0.4163448189695676,0.7826897899309794,0.3922413793103448,0.6096880234386385,0.37777777777777777,0.0,0.0,0.0,0.0,2002,clin,0.8
2,3,lr1e-04_bs16_modL1_fusion32_fusionL1_drop0p1_trmiss80_trlocclin,16,0.0001,1,32,1,0.1,lr1e-04_bs16_modL1_fusion32_fusionL1_drop0p1_trmiss80_trlocclin,57,0.3915873741110166,0.758566419283549,0.3943965517241379,0.6184295708833201,0.4,0.0,0.0,0.0,0.0,2002,clin,0.8
2,3,lr1e-04_bs16_modL1_fusion32_fusionL1_drop0p1_trmiss80_trlocclin,16,0.0001,1,32,1,0.1,lr1e-04_bs16_modL1_fusion32_fusionL1_drop0p1_trmiss80_trlocclin,58,0.4064174046119054,0.7481202085812887,0.3943965517241379,0.6158671805211686,0.4222222222222222,0.0,0.0,0.0,0.0,2002,clin,0.8
2,3,lr1e-04_bs16_modL1_fusion32_fusionL1_drop0p1_trmiss80_trlocclin,16,0.0001,1,32,1,0.1,lr1e-04_bs16_modL1_fusion32_fusionL1_drop0p1_trmiss80_trlocclin,59,0.42335336407025653,0.7704227964083353,0.39224137931034486,0.6276531108642676,0.4,0.0,0.0,0.0,0.0,2002,clin,0.8
2,3,lr1e-04_bs16_modL1_fusion32_fusionL1_drop0p1_trmiss80_trlocclin,16,0.0001,1,32,1,0.1,lr1e-04_bs16_modL1_fusion32_fusionL1_drop0p1_trmiss80_trlocclin,60,0.3966405764222145,0.7576642831166586,0.3814655172413793,0.6201629379202408,0.4222222222222222,0.0,0.0,0.0,0.0,2002,clin,0.8
2,3,lr1e-04_bs16_modL1_fusion32_fusionL1_drop0p1_trmiss80_trlocclin,16,0.0001,1,32,1,0.1,lr1e-04_bs16_modL1_fusion32_fusionL1_drop0p1_trmiss80_trlocclin,61,0.40261442214250565,0.7529371778170267,0.3814655172413793,0.6245476850552152,0.4444444444444444,0.0,0.0,0.0,0.0,2002,clin,0.8
2,3,lr1e-04_bs16_modL1_fusion32_fusionL1_drop0p1_trmiss80_trlocclin,16,0.0001,1,32,1,0.1,lr1e-04_bs16_modL1_fusion32_fusionL1_drop0p1_trmiss80_trlocclin,62,0.4117286081115405,0.7650362253189087,0.37931034482758624,0.6044691805219761,0.4222222222222222,0.0,0.0,0.0,0.0,2002,clin,0.8
2,3,lr1e-04_bs16_modL1_fusion32_fusionL1_drop0p1_trmiss80_trlocclin,16,0.0001,1,32,1,0.1,lr1e-04_bs16_modL1_fusion32_fusionL1_drop0p1_trmiss80_trlocclin,63,0.41608595848083496,0.7735853393872579,0.3814655172413793,0.6036835357636465,0.37777777777777777,0.0,0.0,0.0,0.0,2002,clin,0.8
2,3,lr1e-04_bs16_modL1_fusion32_fusionL1_drop0p1_trmiss80_trlocclin,16,0.0001,1,32,1,0.1,lr1e-04_bs16_modL1_fusion32_fusionL1_drop0p1_trmiss80_trlocclin,64,0.4070802927017212,0.7641602158546448,0.39439655172413796,0.6289274909259901,0.4,0.0,0.0,0.0,0.0,2002,clin,0.8
2,3,lr1e-04_bs16_modL1_fusion32_fusionL1_drop0p1_trmiss80_trlocclin,16,0.0001,1,32,1,0.1,lr1e-04_bs16_modL1_fusion32_fusionL1_drop0p1_trmiss80_trlocclin,65,0.40776630491018295,0.7566381295522054,0.3879310344827587,0.6091457497192536,0.4222222222222222,0.0,0.0,0.0,0.0,2002,clin,0.8
2,3,lr1e-04_bs16_modL1_fusion32_fusionL1_drop0p1_trmiss80_trlocclin,16,0.0001,1,32,1,0.1,lr1e-04_bs16_modL1_fusion32_fusionL1_drop0p1_trmiss80_trlocclin,66,0.4245649625857671,0.7716922958691915,0.3879310344827586,0.6235566261003445,0.37777777777777777,0.0,0.0,0.0,0.0,2002,clin,0.8
2,3,lr1e-04_bs16_modL1_fusion32_fusionL1_drop0p1_trmiss80_trlocclin,16,0.0001,1,32,1,0.1,lr1e-04_bs16_modL1_fusion32_fusionL1_drop0p1_trmiss80_trlocclin,67,0.4137021427353223,0.7727515498797098,0.37931034482758624,0.6138328889867215,0.4,0.0,0.0,0.0,0.0,2002,clin,0.8
2,3,lr1e-04_bs16_modL1_fusion32_fusionL1_drop0p1_trmiss80_trlocclin,16,0.0001,1,32,1,0.1,lr1e-04_bs16_modL1_fusion32_fusionL1_drop0p1_trmiss80_trlocclin,68,0.4182186921437581,0.7618186275164286,0.39655172413793105,0.6136415349150908,0.4,0.0,0.0,0.0,0.0,2002,clin,0.8
2,3,lr1e-04_bs16_modL1_fusion32_fusionL1_drop0p1_trmiss80_trlocclin,16,0.0001,1,32,1,0.1,lr1e-04_bs16_modL1_fusion32_fusionL1_drop0p1_trmiss80_trlocclin,69,0.44072194397449493,0.7730244199434916,0.3987068965517241,0.6257882847429607,0.37777777777777777,0.0,0.0,0.0,0.0,2002,clin,0.8
2,3,lr1e-04_bs16_modL1_fusion32_fusionL1_drop0p1_trmiss80_trlocclin,16,0.0001,1,32,1,0.1,lr1e-04_bs16_modL1_fusion32_fusionL1_drop0p1_trmiss80_trlocclin,70,0.40690699964761734,0.7646188338597616,0.3879310344827586,0.6091479346569963,0.4222222222222222,0.0,0.0,0.0,0.0,2002,clin,0.8
2,3,lr1e-04_bs16_modL1_fusion32_fusionL1_drop0p1_trmiss80_trlocclin,16,0.0001,1,32,1,0.1,lr1e-04_bs16_modL1_fusion32_fusionL1_drop0p1_trmiss80_trlocclin,71,0.44252509623765945,0.7622227470080057,0.39870689655172414,0.6194033691332077,0.4,0.0,0.0,0.0,0.0,2002,clin,0.8
2,3,lr1e-04_bs16_modL1_fusion32_fusionL1_drop0p1_trmiss80_trlocclin,16,0.0001,1,32,1,0.1,lr1e-04_bs16_modL1_fusion32_fusionL1_drop0p1_trmiss80_trlocclin,72,0.4127440353234609,0.7677856286366781,0.38362068965517243,0.6199140723695702,0.4,0.0,0.0,0.0,0.0,2002,clin,0.8
2,3,lr1e-04_bs16_modL1_fusion32_fusionL1_drop0p1_trmiss80_trlocclin,16,0.0001,1,32,1,0.1,lr1e-04_bs16_modL1_fusion32_fusionL1_drop0p1_trmiss80_trlocclin,73,0.41260764251152676,0.7611768841743469,0.3922413793103448,0.6062569743738366,0.4222222222222222,0.0,0.0,0.0,0.0,2002,clin,0.8
2,3,lr1e-04_bs16_modL1_fusion64_fusionL1_drop0p2_trmiss80_trlocclin,16,0.0001,1,64,1,0.2,lr1e-04_bs16_modL1_fusion64_fusionL1_drop0p2_trmiss80_trlocclin,1,0.6392618914445242,0.6803707083066305,0.4310344827586207,0.5902325951290555,0.6444444444444445,0.0,0.0,0.0,0.0,2002,clin,0.8
2,3,lr1e-04_bs16_modL1_fusion64_fusionL1_drop0p2_trmiss80_trlocclin,16,0.0001,1,64,1,0.2,lr1e-04_bs16_modL1_fusion64_fusionL1_drop0p2_trmiss80_trlocclin,2,0.5893944799900055,0.6859345237414042,0.45689655172413796,0.623025134142315,0.6222222222222222,0.0,0.0,0.0,0.0,2002,clin,0.8
2,3,lr1e-04_bs16_modL1_fusion64_fusionL1_drop0p2_trmiss80_trlocclin,16,0.0001,1,64,1,0.2,lr1e-04_bs16_modL1_fusion64_fusionL1_drop0p2_trmiss80_trlocclin,3,0.5779436280330023,0.6955219308535258,0.4504310344827586,0.6282694277877352,0.6222222222222222,0.0,0.0,0.0,0.0,2002,clin,0.8
2,3,lr1e-04_bs16_modL1_fusion64_fusionL1_drop0p2_trmiss80_trlocclin,16,0.0001,1,64,1,0.2,lr1e-04_bs16_modL1_fusion64_fusionL1_drop0p2_trmiss80_trlocclin,4,0.5399387379487356,0.6977835098902384,0.45043103448275856,0.6245386722492383,0.6222222222222222,0.0,0.0,0.0,0.0,2002,clin,0.8
2,3,lr1e-04_bs16_modL1_fusion64_fusionL1_drop0p2_trmiss80_trlocclin,16,0.0001,1,64,1,0.2,lr1e-04_bs16_modL1_fusion64_fusionL1_drop0p2_trmiss80_trlocclin,5,0.5352577095230421,0.7059355775515238,0.41810344827586204,0.6006254196141431,0.6222222222222222,0.0,0.0,0.0,0.0,2002,clin,0.8
2,3,lr1e-04_bs16_modL1_fusion64_fusionL1_drop0p2_trmiss80_trlocclin,16,0.0001,1,64,1,0.2,lr1e-04_bs16_modL1_fusion64_fusionL1_drop0p2_trmiss80_trlocclin,6,0.5017681395014127,0.7084848483403524,0.415948275862069,0.6040620731319568,0.6222222222222222,0.0,0.0,0.0,0.0,2002,clin,0.8
2,3,lr1e-04_bs16_modL1_fusion64_fusionL1_drop0p2_trmiss80_trlocclin,16,0.0001,1,64,1,0.2,lr1e-04_bs16_modL1_fusion64_fusionL1_drop0p2_trmiss80_trlocclin,7,0.4999290630221367,0.701045831044515,0.4439655172413793,0.6198546106120543,0.6222222222222222,0.0,0.0,0.0,0.0,2002,clin,0.8
2,3,lr1e-04_bs16_modL1_fusion64_fusionL1_drop0p2_trmiss80_trlocclin,16,0.0001,1,64,1,0.2,lr1e-04_bs16_modL1_fusion64_fusionL1_drop0p2_trmiss80_trlocclin,8,0.4666609937946002,0.6982082525889078,0.415948275862069,0.6067119609158255,0.6222222222222222,0.0,0.0,0.0,0.0,2002,clin,0.8
2,3,lr1e-04_bs16_modL1_fusion64_fusionL1_drop0p2_trmiss80_trlocclin,16,0.0001,1,64,1,0.2,lr1e-04_bs16_modL1_fusion64_fusionL1_drop0p2_trmiss80_trlocclin,9,0.4790356357892354,0.6984171867370605,0.42887931034482757,0.6147379908777435,0.6222222222222222,0.0,0.0,0.0,0.0,2002,clin,0.8
2,3,lr1e-04_bs16_modL1_fusion64_fusionL1_drop0p2_trmiss80_trlocclin,16,0.0001,1,64,1,0.2,lr1e-04_bs16_modL1_fusion64_fusionL1_drop0p2_trmiss80_trlocclin,10,0.47822656979163486,0.7061582207679749,0.39870689655172414,0.5948591758293593,0.6666666666666666,0.0,0.0,0.0,0.0,2002,clin,0.8
2,3,lr1e-04_bs16_modL1_fusion64_fusionL1_drop0p2_trmiss80_trlocclin,16,0.0001,1,64,1,0.2,lr1e-04_bs16_modL1_fusion64_fusionL1_drop0p2_trmiss80_trlocclin,11,0.47315377990404767,0.7152838309605917,0.3900862068965517,0.5889557890663056,0.6666666666666666,0.0,0.0,0.0,0.0,2002,clin,0.8
2,3,lr1e-04_bs16_modL1_fusion64_fusionL1_drop0p2_trmiss80_trlocclin,16,0.0001,1,64,1,0.2,lr1e-04_bs16_modL1_fusion64_fusionL1_drop0p2_trmiss80_trlocclin,12,0.4727432131767273,0.7100953857103983,0.40301724137931033,0.5977991945328468,0.6444444444444445,0.0,0.0,0.0,0.0,2002,clin,0.8
2,3,lr1e-04_bs16_modL1_fusion64_fusionL1_drop0p2_trmiss80_trlocclin,16,0.0001,1,64,1,0.2,lr1e-04_bs16_modL1_fusion64_fusionL1_drop0p2_trmiss80_trlocclin,13,0.44087257732947666,0.7078682581583658,0.40948275862068967,0.6277034001018367,0.6,0.0,0.0,0.0,0.0,2002,clin,0.8
2,3,lr1e-04_bs16_modL1_fusion64_fusionL1_drop0p2_trmiss80_trlocclin,16,0.0001,1,64,1,0.2,lr1e-04_bs16_modL1_fusion64_fusionL1_drop0p2_trmiss80_trlocclin,14,0.4484108140071233,0.7085585395495096,0.4116379310344827,0.6310565616748024,0.6222222222222222,0.0,0.0,0.0,0.0,2002,clin,0.8
2,3,lr1e-04_bs16_modL1_fusion64_fusionL1_drop0p2_trmiss80_trlocclin,16,0.0001,1,64,1,0.2,lr1e-04_bs16_modL1_fusion64_fusionL1_drop0p2_trmiss80_trlocclin,15,0.4610232611497243,0.7119486331939697,0.40086206896551724,0.6223920106760673,0.6444444444444445,0.0,0.0,0.0,0.0,2002,clin,0.8
2,3,lr1e-04_bs16_modL1_fusion64_fusionL1_drop0p2_trmiss80_trlocclin,16,0.0001,1,64,1,0.2,lr1e-04_bs16_modL1_fusion64_fusionL1_drop0p2_trmiss80_trlocclin,16,0.4284489030639331,0.7132580478986105,0.415948275862069,0.6338792271030552,0.5777777777777777,0.0,0.0,0.0,0.0,2002,clin,0.8
2,3,lr1e-04_bs16_modL1_fusion64_fusionL1_drop0p2_trmiss80_trlocclin,16,0.0001,1,64,1,0.2,lr1e-04_bs16_modL1_fusion64_fusionL1_drop0p2_trmiss80_trlocclin,17,0.46714023252328235,0.7129860719045004,0.4073275862068966,0.6350454622753908,0.6,0.0,0.0,0.0,0.0,2002,clin,0.8
2,3,lr1e-04_bs16_modL1_fusion64_fusionL1_drop0p2_trmiss80_trlocclin,16,0.0001,1,64,1,0.2,lr1e-04_bs16_modL1_fusion64_fusionL1_drop0p2_trmiss80_trlocclin,18,0.42730506012837094,0.7175531586011251,0.40301724137931033,0.6368521639278054,0.5777777777777777,0.0,0.0,0.0,0.0,2002,clin,0.8
2,3,lr1e-04_bs16_modL1_fusion64_fusionL1_drop0p2_trmiss80_trlocclin,16,0.0001,1,64,1,0.2,lr1e-04_bs16_modL1_fusion64_fusionL1_drop0p2_trmiss80_trlocclin,19,0.4474049483736356,0.7173084616661072,0.40948275862068967,0.6369557454662115,0.6,0.0,0.0,0.0,0.0,2002,clin,0.8
2,3,lr1e-04_bs16_modL1_fusion64_fusionL1_drop0p2_trmiss80_trlocclin,16,0.0001,1,64,1,0.2,lr1e-04_bs16_modL1_fusion64_fusionL1_drop0p2_trmiss80_trlocclin,20,0.44619449724753696,0.7206482688585917,0.4073275862068966,0.633771832501855,0.6444444444444445,0.0,0.0,0.0,0.0,2002,clin,0.8
2,3,lr1e-04_bs16_modL1_fusion64_fusionL1_drop0p2_trmiss80_trlocclin,16,0.0001,1,64,1,0.2,lr1e-04_bs16_modL1_fusion64_fusionL1_drop0p2_trmiss80_trlocclin,21,0.43139879653851193,0.7216522494951884,0.41163793103448276,0.6189164741086602,0.5777777777777777,0.0,0.0,0.0,0.0,2002,clin,0.8
2,3,lr1e-04_bs16_modL1_fusion64_fusionL1_drop0p2_trmiss80_trlocclin,16,0.0001,1,64,1,0.2,lr1e-04_bs16_modL1_fusion64_fusionL1_drop0p2_trmiss80_trlocclin,22,0.43310876935720444,0.7291175127029419,0.40086206896551724,0.6242887203672445,0.5333333333333333,0.0,0.0,0.0,0.0,2002,clin,0.8
2,3,lr1e-04_bs16_modL1_fusion64_fusionL1_drop0p1_trmiss80_trlocclin,16,0.0001,1,64,1,0.1,lr1e-04_bs16_modL1_fusion64_fusionL1_drop0p1_trmiss80_trlocclin,1,0.6806434492270151,0.7049583792686462,0.3706896551724138,0.6258180959910566,0.4444444444444444,0.0,0.0,0.0,0.0,2002,clin,0.8
2,3,lr1e-04_bs16_modL1_fusion64_fusionL1_drop0p1_trmiss80_trlocclin,16,0.0001,1,64,1,0.1,lr1e-04_bs16_modL1_fusion64_fusionL1_drop0p1_trmiss80_trlocclin,2,0.6134722530841827,0.6945161620775858,0.4245689655172414,0.634026843859165,0.4666666666666667,0.0,0.0,0.0,0.0,2002,clin,0.8
2,3,lr1e-04_bs16_modL1_fusion64_fusionL1_drop0p1_trmiss80_trlocclin,16,0.0001,1,64,1,0.1,lr1e-04_bs16_modL1_fusion64_fusionL1_drop0p1_trmiss80_trlocclin,3,0.5815973381201426,0.6887866655985514,0.4439655172413793,0.6378050524868843,0.4888888888888889,0.0,0.0,0.0,0.0,2002,clin,0.8
2,3,lr1e-04_bs16_modL1_fusion64_fusionL1_drop0p1_trmiss80_trlocclin,16,0.0001,1,64,1,0.1,lr1e-04_bs16_modL1_fusion64_fusionL1_drop0p1_trmiss80_trlocclin,4,0.562042678395907,0.7020534078280131,0.41379310344827586,0.592763485289358,0.4666666666666667,0.0,0.0,0.0,0.0,2002,clin,0.8
2,3,lr1e-04_bs16_modL1_fusion64_fusionL1_drop0p1_trmiss80_trlocclin,16,0.0001,1,64,1,0.1,lr1e-04_bs16_modL1_fusion64_fusionL1_drop0p1_trmiss80_trlocclin,5,0.5304741784930229,0.720573882261912,0.39870689655172414,0.5834107495558303,0.4222222222222222,0.0,0.0,0.0,0.0,2002,clin,0.8
2,3,lr1e-04_bs16_modL1_fusion64_fusionL1_drop0p1_trmiss80_trlocclin,16,0.0001,1,64,1,0.1,lr1e-04_bs16_modL1_fusion64_fusionL1_drop0p1_trmiss80_trlocclin,6,0.5218187496066093,0.7188827196756998,0.4202586206896552,0.5933042038259921,0.5111111111111111,0.0,0.0,0.0,0.0,2002,clin,0.8
2,3,lr1e-04_bs16_modL1_fusion64_fusionL1_drop0p1_trmiss80_trlocclin,16,0.0001,1,64,1,0.1,lr1e-04_bs16_modL1_fusion64_fusionL1_drop0p1_trmiss80_trlocclin,7,0.5035058384140333,0.7080283363660177,0.4331896551724138,0.6268785496041047,0.4888888888888889,0.0,0.0,0.0,0.0,2002,clin,0.8
2,3,lr1e-04_bs16_modL1_fusion64_fusionL1_drop0p1_trmiss80_trlocclin,16,0.0001,1,64,1,0.1,lr1e-04_bs16_modL1_fusion64_fusionL1_drop0p1_trmiss80_trlocclin,8,0.4773360441128413,0.6989558140436808,0.45474137931034486,0.6460470655549903,0.4444444444444444,0.0,0.0,0.0,0.0,2002,clin,0.8
2,3,lr1e-04_bs16_modL1_fusion64_fusionL1_drop0p1_trmiss80_trlocclin,16,0.0001,1,64,1,0.1,lr1e-04_bs16_modL1_fusion64_fusionL1_drop0p1_trmiss80_trlocclin,9,0.460053230325381,0.7126304904619852,0.43965517241379315,0.6274252400304611,0.4444444444444444,0.0,0.0,0.0,0.0,2002,clin,0.8
2,3,lr1e-04_bs16_modL1_fusion64_fusionL1_drop0p1_trmiss80_trlocclin,16,0.0001,1,64,1,0.1,lr1e-04_bs16_modL1_fusion64_fusionL1_drop0p1_trmiss80_trlocclin,10,0.43977713336547214,0.7060009638468424,0.43965517241379304,0.6455083426729175,0.4222222222222222,0.0,0.0,0.0,0.0,2002,clin,0.8
2,3,lr1e-04_bs16_modL1_fusion64_fusionL1_drop0p1_trmiss80_trlocclin,16,0.0001,1,64,1,0.1,lr1e-04_bs16_modL1_fusion64_fusionL1_drop0p1_trmiss80_trlocclin,11,0.44553423424561817,0.6948493123054504,0.45474137931034486,0.6580711023994855,0.4888888888888889,0.0,0.0,0.0,0.0,2002,clin,0.8
2,3,lr1e-04_bs16_modL1_fusion64_fusionL1_drop0p1_trmiss80_trlocclin,16,0.0001,1,64,1,0.1,lr1e-04_bs16_modL1_fusion64_fusionL1_drop0p1_trmiss80_trlocclin,12,0.4136061718066533,0.7045475840568542,0.47198275862068967,0.6641309704402337,0.4444444444444444,0.0,0.0,0.0,0.0,2002,clin,0.8
2,3,lr1e-04_bs16_modL1_fusion64_fusionL1_drop0p1_trmiss80_trlocclin,16,0.0001,1,64,1,0.1,lr1e-04_bs16_modL1_fusion64_fusionL1_drop0p1_trmiss80_trlocclin,13,0.41835374136765796,0.7111686666806539,0.4698275862068966,0.6618694298931621,0.4222222222222222,0.0,0.0,0.0,0.0,2002,clin,0.8
2,3,lr1e-04_bs16_modL1_fusion64_fusionL1_drop0p1_trmiss80_trlocclin,16,0.0001,1,64,1,0.1,lr1e-04_bs16_modL1_fusion64_fusionL1_drop0p1_trmiss80_trlocclin,14,0.40894560019175213,0.7338105042775472,0.44396551724137934,0.6236219761561819,0.4,0.0,0.0,0.0,0.0,2002,clin,0.8
2,3,lr1e-04_bs16_modL1_fusion64_fusionL1_drop0p1_trmiss80_trlocclin,16,0.0001,1,64,1,0.1,lr1e-04_bs16_modL1_fusion64_fusionL1_drop0p1_trmiss80_trlocclin,15,0.38423241923252743,0.7325960199038187,0.46120689655172414,0.633381040912587,0.4222222222222222,0.0,0.0,0.0,0.0,2002,clin,0.8
2,3,lr1e-04_bs16_modL1_fusion64_fusionL1_drop0p1_trmiss80_trlocclin,16,0.0001,1,64,1,0.1,lr1e-04_bs16_modL1_fusion64_fusionL1_drop0p1_trmiss80_trlocclin,16,0.40329356988271076,0.7334978183110555,0.4504310344827586,0.6246188469535543,0.4222222222222222,0.0,0.0,0.0,0.0,2002,clin,0.8
2,3,lr1e-04_bs16_modL1_fusion64_fusionL1_drop0p1_trmiss80_trlocclin,16,0.0001,1,64,1,0.1,lr1e-04_bs16_modL1_fusion64_fusionL1_drop0p1_trmiss80_trlocclin,17,0.3813127701481183,0.7301013072331747,0.4482758620689655,0.6247449767189042,0.4666666666666667,0.0,0.0,0.0,0.0,2002,clin,0.8
2,3,lr1e-04_bs16_modL1_fusion64_fusionL1_drop0p1_trmiss80_trlocclin,16,0.0001,1,64,1,0.1,lr1e-04_bs16_modL1_fusion64_fusionL1_drop0p1_trmiss80_trlocclin,18,0.39318785071372986,0.727568785349528,0.4504310344827586,0.6255977081676638,0.4888888888888889,0.0,0.0,0.0,0.0,2002,clin,0.8
2,3,lr1e-04_bs16_modL1_fusion64_fusionL1_drop0p1_trmiss80_trlocclin,16,0.0001,1,64,1,0.1,lr1e-04_bs16_modL1_fusion64_fusionL1_drop0p1_trmiss80_trlocclin,19,0.3685612827539444,0.7243320544560751,0.4676724137931034,0.6357200013008044,0.5333333333333333,0.0,0.0,0.0,0.0,2002,clin,0.8
2,3,lr1e-04_bs16_modL1_fusion64_fusionL1_drop0p1_trmiss80_trlocclin,16,0.0001,1,64,1,0.1,lr1e-04_bs16_modL1_fusion64_fusionL1_drop0p1_trmiss80_trlocclin,20,0.397618867456913,0.7254384756088257,0.46336206896551724,0.6353553072114297,0.5111111111111111,0.0,0.0,0.0,0.0,2002,clin,0.8
2,3,lr1e-04_bs16_modL1_fusion64_fusionL1_drop0p1_trmiss80_trlocclin,16,0.0001,1,64,1,0.1,lr1e-04_bs16_modL1_fusion64_fusionL1_drop0p1_trmiss80_trlocclin,21,0.36733637750148773,0.7188916206359863,0.49137931034482757,0.6503424278376636,0.5333333333333333,0.0,0.0,0.0,0.0,2002,clin,0.8
2,3,lr1e-04_bs16_modL1_fusion64_fusionL1_drop0p1_trmiss80_trlocclin,16,0.0001,1,64,1,0.1,lr1e-04_bs16_modL1_fusion64_fusionL1_drop0p1_trmiss80_trlocclin,22,0.37179598212242126,0.7180333336194357,0.4892241379310345,0.6494671545186123,0.5333333333333333,0.0,0.0,0.0,0.0,2002,clin,0.8
2,3,lr1e-04_bs16_modL1_fusion64_fusionL1_drop0p1_trmiss80_trlocclin,16,0.0001,1,64,1,0.1,lr1e-04_bs16_modL1_fusion64_fusionL1_drop0p1_trmiss80_trlocclin,23,0.3681622991959254,0.7270507216453552,0.4806034482758621,0.6449693721457136,0.4888888888888889,0.0,0.0,0.0,0.0,2002,clin,0.8
2,3,lr1e-04_bs16_modL1_fusion64_fusionL1_drop0p1_trmiss80_trlocclin,16,0.0001,1,64,1,0.1,lr1e-04_bs16_modL1_fusion64_fusionL1_drop0p1_trmiss80_trlocclin,24,0.3567417363325755,0.7293030222256979,0.48060344827586204,0.6468511355526222,0.5111111111111111,0.0,0.0,0.0,0.0,2002,clin,0.8
2,3,lr1e-04_bs16_modL1_fusion64_fusionL1_drop0p1_trmiss80_trlocclin,16,0.0001,1,64,1,0.1,lr1e-04_bs16_modL1_fusion64_fusionL1_drop0p1_trmiss80_trlocclin,25,0.3773741001884143,0.7218401630719503,0.4870689655172414,0.6407058135562859,0.4888888888888889,0.0,0.0,0.0,0.0,2002,clin,0.8
2,3,lr1e-04_bs16_modL1_fusion64_fusionL1_drop0p1_trmiss80_trlocclin,16,0.0001,1,64,1,0.1,lr1e-04_bs16_modL1_fusion64_fusionL1_drop0p1_trmiss80_trlocclin,26,0.36072102685769397,0.724567711353302,0.4806034482758621,0.6473490402848068,0.5111111111111111,0.0,0.0,0.0,0.0,2002,clin,0.8
2,3,lr1e-04_bs16_modL1_fusion64_fusionL1_drop0p1_trmiss80_trlocclin,16,0.0001,1,64,1,0.1,lr1e-04_bs16_modL1_fusion64_fusionL1_drop0p1_trmiss80_trlocclin,27,0.3518284236391385,0.7214005986849467,0.4849137931034483,0.6465546745436767,0.5111111111111111,0.0,0.0,0.0,0.0,2002,clin,0.8
2,3,lr1e-04_bs16_modL1_fusion64_fusionL1_drop0p1_trmiss80_trlocclin,16,0.0001,1,64,1,0.1,lr1e-04_bs16_modL1_fusion64_fusionL1_drop0p1_trmiss80_trlocclin,28,0.37768736978371936,0.7227203647295634,0.4870689655172414,0.6439326450866245,0.5111111111111111,0.0,0.0,0.0,0.0,2002,clin,0.8
2,3,lr1e-04_bs16_modL1_fusion64_fusionL1_drop0p1_trmiss80_trlocclin,16,0.0001,1,64,1,0.1,lr1e-04_bs16_modL1_fusion64_fusionL1_drop0p1_trmiss80_trlocclin,29,0.34918828805287677,0.7265997330347697,0.480603448275862,0.6452656630758787,0.5111111111111111,0.0,0.0,0.0,0.0,2002,clin,0.8
2,3,lr1e-04_bs16_modL1_fusion64_fusionL1_drop0p1_trmiss80_trlocclin,16,0.0001,1,64,1,0.1,lr1e-04_bs16_modL1_fusion64_fusionL1_drop0p1_trmiss80_trlocclin,30,0.3780450026194255,0.7323993444442749,0.4892241379310345,0.6477696517569135,0.4888888888888889,0.0,0.0,0.0,0.0,2002,clin,0.8
2,3,lr1e-04_bs16_modL1_fusion64_fusionL1_drop0p1_trmiss80_trlocclin,16,0.0001,1,64,1,0.1,lr1e-04_bs16_modL1_fusion64_fusionL1_drop0p1_trmiss80_trlocclin,31,0.35916607330242795,0.7423622210820516,0.4892241379310345,0.6524315267747395,0.4666666666666667,0.0,0.0,0.0,0.0,2002,clin,0.8
2,3,lr1e-04_bs16_modL1_fusion64_fusionL1_drop0p1_trmiss80_trlocclin,16,0.0001,1,64,1,0.1,lr1e-04_bs16_modL1_fusion64_fusionL1_drop0p1_trmiss80_trlocclin,32,0.3585117906332016,0.724683145682017,0.48275862068965514,0.6449590116224352,0.5333333333333333,0.0,0.0,0.0,0.0,2002,clin,0.8
2,3,lr1e-04_bs16_modL1_fusion64_fusionL1_drop0p1_trmiss80_trlocclin,16,0.0001,1,64,1,0.1,lr1e-04_bs16_modL1_fusion64_fusionL1_drop0p1_trmiss80_trlocclin,33,0.35987187922000885,0.7347244620323181,0.49137931034482757,0.6528610504851963,0.5111111111111111,0.0,0.0,0.0,0.0,2002,clin,0.8
2,3,lr1e-04_bs16_modL1_fusion64_fusionL1_drop0p1_trmiss80_trlocclin,16,0.0001,1,64,1,0.1,lr1e-04_bs16_modL1_fusion64_fusionL1_drop0p1_trmiss80_trlocclin,34,0.3352009356021881,0.7308292984962463,0.48275862068965514,0.6513355985236388,0.5333333333333333,0.0,0.0,0.0,0.0,2002,clin,0.8
2,3,lr1e-04_bs16_modL1_fusion64_fusionL1_drop0p1_trmiss80_trlocclin,16,0.0001,1,64,1,0.1,lr1e-04_bs16_modL1_fusion64_fusionL1_drop0p1_trmiss80_trlocclin,35,0.3390517955025037,0.7333863973617554,0.49137931034482757,0.6572304982567403,0.4666666666666667,0.0,0.0,0.0,0.0,2002,clin,0.8
2,3,lr1e-04_bs16_modL1_fusion64_fusionL1_drop0p1_trmiss80_trlocclin,16,0.0001,1,64,1,0.1,lr1e-04_bs16_modL1_fusion64_fusionL1_drop0p1_trmiss80_trlocclin,36,0.3554639369249344,0.7284617821375529,0.4849137931034483,0.6502338449978167,0.4888888888888889,0.0,0.0,0.0,0.0,2002,clin,0.8
2,3,lr1e-04_bs16_modL1_fusion64_fusionL1_drop0p1_trmiss80_trlocclin,16,0.0001,1,64,1,0.1,lr1e-04_bs16_modL1_fusion64_fusionL1_drop0p1_trmiss80_trlocclin,37,0.39353813976049423,0.7214088638623556,0.4849137931034483,0.6499646832734132,0.5555555555555556,0.0,0.0,0.0,0.0,2002,clin,0.8
2,3,lr1e-04_bs16_modL1_fusion64_fusionL1_drop0p1_trmiss80_trlocclin,16,0.0001,1,64,1,0.1,lr1e-04_bs16_modL1_fusion64_fusionL1_drop0p1_trmiss80_trlocclin,38,0.3431900665163994,0.7250149448712667,0.4892241379310345,0.6484111426413662,0.5111111111111111,0.0,0.0,0.0,0.0,2002,clin,0.8
2,3,lr1e-04_bs16_modL1_fusion64_fusionL1_drop0p1_trmiss80_trlocclin,16,0.0001,1,64,1,0.1,lr1e-04_bs16_modL1_fusion64_fusionL1_drop0p1_trmiss80_trlocclin,39,0.3562038118640582,0.7287325660387675,0.48275862068965514,0.6536612427990802,0.5333333333333333,0.0,0.0,0.0,0.0,2002,clin,0.8
2,3,lr1e-04_bs16_modL1_fusion64_fusionL1_drop0p1_trmiss80_trlocclin,16,0.0001,1,64,1,0.1,lr1e-04_bs16_modL1_fusion64_fusionL1_drop0p1_trmiss80_trlocclin,40,0.33455389986435574,0.7261061469713846,0.49353448275862066,0.6570059031770759,0.5111111111111111,0.0,0.0,0.0,0.0,2002,clin,0.8
2,3,lr1e-04_bs16_modL1_fusion64_fusionL1_drop0p1_trmiss80_trlocclin,16,0.0001,1,64,1,0.1,lr1e-04_bs16_modL1_fusion64_fusionL1_drop0p1_trmiss80_trlocclin,41,0.35341063886880875,0.7256839474042257,0.48491379310344823,0.6457872095098928,0.4888888888888889,0.0,0.0,0.0,0.0,2002,clin,0.8
2,3,lr1e-04_bs16_modL1_fusion64_fusionL1_drop0p1_trmiss80_trlocclin,16,0.0001,1,64,1,0.1,lr1e-04_bs16_modL1_fusion64_fusionL1_drop0p1_trmiss80_trlocclin,42,0.3462184990445773,0.7247665723164877,0.47629310344827586,0.6415747769561161,0.5111111111111111,0.0,0.0,0.0,0.0,2002,clin,0.8
2,3,lr1e-04_bs16_modL1_fusion64_fusionL1_drop0p1_trmiss80_trlocclin,16,0.0001,1,64,1,0.1,lr1e-04_bs16_modL1_fusion64_fusionL1_drop0p1_trmiss80_trlocclin,43,0.3629351531465848,0.7227651476860046,0.4806034482758621,0.6449359692999069,0.5333333333333333,0.0,0.0,0.0,0.0,2002,clin,0.8
2,3,lr1e-04_bs16_modL1_fusion64_fusionL1_drop0p1_trmiss80_trlocclin,16,0.0001,1,64,1,0.1,lr1e-04_bs16_modL1_fusion64_fusionL1_drop0p1_trmiss80_trlocclin,44,0.3998063529531161,0.7257351477940878,0.478448275862069,0.6448942964134065,0.5777777777777777,0.0,0.0,0.0,0.0,2002,clin,0.8
2,3,lr1e-04_bs16_modL1_fusion64_fusionL1_drop0p1_trmiss80_trlocclin,16,0.0001,1,64,1,0.1,lr1e-04_bs16_modL1_fusion64_fusionL1_drop0p1_trmiss80_trlocclin,45,0.3437407538294792,0.7297520041465759,0.47629310344827586,0.6504555374341101,0.4888888888888889,0.0,0.0,0.0,0.0,2002,clin,0.8
2,3,lr1e-04_bs16_modL1_fusion64_fusionL1_drop0p1_trmiss80_trlocclin,16,0.0001,1,64,1,0.1,lr1e-04_bs16_modL1_fusion64_fusionL1_drop0p1_trmiss80_trlocclin,46,0.36447010189294815,0.7332727313041687,0.4892241379310345,0.6559841981196604,0.4888888888888889,0.0,0.0,0.0,0.0,2002,clin,0.8
2,3,lr1e-04_bs16_modL1_fusion64_fusionL1_drop0p1_trmiss80_trlocclin,16,0.0001,1,64,1,0.1,lr1e-04_bs16_modL1_fusion64_fusionL1_drop0p1_trmiss80_trlocclin,47,0.3527815540631612,0.7291450897852579,0.4870689655172414,0.6559699910590808,0.5111111111111111,0.0,0.0,0.0,0.0,2002,clin,0.8
2,3,lr1e-04_bs16_modL1_fusion64_fusionL1_drop0p1_trmiss80_trlocclin,16,0.0001,1,64,1,0.1,lr1e-04_bs16_modL1_fusion64_fusionL1_drop0p1_trmiss80_trlocclin,48,0.34253041942914325,0.7306292851765951,0.47844827586206895,0.6466446803345977,0.4888888888888889,0.0,0.0,0.0,0.0,2002,clin,0.8
2,3,lr1e-04_bs16_modL1_fusion64_fusionL1_drop0p1_trmiss80_trlocclin,16,0.0001,1,64,1,0.1,lr1e-04_bs16_modL1_fusion64_fusionL1_drop0p1_trmiss80_trlocclin,49,0.3421635056535403,0.7320594787597656,0.4827586206896552,0.64891271799731,0.4888888888888889,0.0,0.0,0.0,0.0,2002,clin,0.8
2,3,lr1e-04_bs16_modL1_fusion64_fusionL1_drop0p1_trmiss80_trlocclin,16,0.0001,1,64,1,0.1,lr1e-04_bs16_modL1_fusion64_fusionL1_drop0p1_trmiss80_trlocclin,50,0.36088824768861133,0.734293520450592,0.49353448275862066,0.6585668248775833,0.4888888888888889,0.0,0.0,0.0,0.0,2002,clin,0.8
2,3,lr1e-04_bs16_modL1_fusion64_fusionL1_drop0p1_trmiss80_trlocclin,16,0.0001,1,64,1,0.1,lr1e-04_bs16_modL1_fusion64_fusionL1_drop0p1_trmiss80_trlocclin,51,0.3487573390205701,0.7294957836469015,0.4935344827586207,0.6595591553567619,0.5111111111111111,0.0,0.0,0.0,0.0,2002,clin,0.8
2,3,lr1e-04_bs16_modL1_fusion64_fusionL1_drop0p1_trmiss80_trlocclin,16,0.0001,1,64,1,0.1,lr1e-04_bs16_modL1_fusion64_fusionL1_drop0p1_trmiss80_trlocclin,52,0.3539516155918439,0.7358705202738444,0.48706896551724144,0.6546751120443967,0.5111111111111111,0.0,0.0,0.0,0.0,2002,clin,0.8
2,3,lr1e-04_bs16_modL1_fusion64_fusionL1_drop0p1_trmiss80_trlocclin,16,0.0001,1,64,1,0.1,lr1e-04_bs16_modL1_fusion64_fusionL1_drop0p1_trmiss80_trlocclin,53,0.35890108346939087,0.7354582150777181,0.49137931034482757,0.6576039405678429,0.4888888888888889,0.0,0.0,0.0,0.0,2002,clin,0.8
2,3,lr1e-04_bs16_modL1_fusion64_fusionL1_drop0p1_trmiss80_trlocclin,16,0.0001,1,64,1,0.1,lr1e-04_bs16_modL1_fusion64_fusionL1_drop0p1_trmiss80_trlocclin,54,0.3528835028409958,0.7402366201082865,0.4913793103448276,0.657886401514604,0.4888888888888889,0.0,0.0,0.0,0.0,2002,clin,0.8
2,3,lr1e-04_bs16_modL1_fusion64_fusionL1_drop0p1_trmiss80_trlocclin,16,0.0001,1,64,1,0.1,lr1e-04_bs16_modL1_fusion64_fusionL1_drop0p1_trmiss80_trlocclin,55,0.350415567557017,0.724344789981842,0.4870689655172414,0.6517131359701418,0.5111111111111111,0.0,0.0,0.0,0.0,2002,clin,0.8
2,3,lr1e-04_bs16_modL1_fusion64_fusionL1_drop0p1_trmiss80_trlocclin,16,0.0001,1,64,1,0.1,lr1e-04_bs16_modL1_fusion64_fusionL1_drop0p1_trmiss80_trlocclin,56,0.3603495309750239,0.7340845664342245,0.4935344827586207,0.6569204744869712,0.4888888888888889,0.0,0.0,0.0,0.0,2002,clin,0.8
2,3,lr1e-04_bs16_modL1_fusion64_fusionL1_drop0p1_trmiss80_trlocclin,16,0.0001,1,64,1,0.1,lr1e-04_bs16_modL1_fusion64_fusionL1_drop0p1_trmiss80_trlocclin,57,0.3638540829221408,0.7271305322647095,0.49784482758620685,0.6598019031066298,0.5111111111111111,0.0,0.0,0.0,0.0,2002,clin,0.8
2,3,lr1e-04_bs16_modL1_fusion64_fusionL1_drop0p1_trmiss80_trlocclin,16,0.0001,1,64,1,0.1,lr1e-04_bs16_modL1_fusion64_fusionL1_drop0p1_trmiss80_trlocclin,58,0.3546743169426918,0.7247708042462667,0.5,0.6566809636330693,0.5333333333333333,0.0,0.0,0.0,0.0,2002,clin,0.8
2,3,lr1e-04_bs16_modL1_fusion64_fusionL1_drop0p1_trmiss80_trlocclin,16,0.0001,1,64,1,0.1,lr1e-04_bs16_modL1_fusion64_fusionL1_drop0p1_trmiss80_trlocclin,59,0.348717766503493,0.7335355281829834,0.4827586206896552,0.6468168470428537,0.4888888888888889,0.0,0.0,0.0,0.0,2002,clin,0.8
2,3,lr1e-04_bs16_modL1_fusion64_fusionL1_drop0p1_trmiss80_trlocclin,16,0.0001,1,64,1,0.1,lr1e-04_bs16_modL1_fusion64_fusionL1_drop0p1_trmiss80_trlocclin,60,0.33891816437244415,0.7340866724650065,0.48060344827586204,0.6509534384953325,0.4888888888888889,0.0,0.0,0.0,0.0,2002,clin,0.8
2,3,lr1e-04_bs16_modL1_fusion64_fusionL1_drop0p1_trmiss80_trlocclin,16,0.0001,1,64,1,0.1,lr1e-04_bs16_modL1_fusion64_fusionL1_drop0p1_trmiss80_trlocclin,61,0.3603595718741417,0.7243825594584147,0.48060344827586204,0.6493388202816862,0.5111111111111111,0.0,0.0,0.0,0.0,2002,clin,0.8
2,3,lr1e-04_bs16_modL1_fusion64_fusionL1_drop0p1_trmiss80_trlocclin,16,0.0001,1,64,1,0.1,lr1e-04_bs16_modL1_fusion64_fusionL1_drop0p1_trmiss80_trlocclin,62,0.3565225725372632,0.7328758438428243,0.4870689655172414,0.6548587117042146,0.5111111111111111,0.0,0.0,0.0,0.0,2002,clin,0.8
2,3,lr1e-04_bs16_modL1_fusion64_fusionL1_drop0p1_trmiss80_trlocclin,16,0.0001,1,64,1,0.1,lr1e-04_bs16_modL1_fusion64_fusionL1_drop0p1_trmiss80_trlocclin,63,0.37323343257109326,0.7346987922986349,0.4892241379310345,0.6568068835458956,0.5333333333333333,0.0,0.0,0.0,0.0,2002,clin,0.8
2,3,lr1e-04_bs16_modL1_fusion64_fusionL1_drop0p1_trmiss80_trlocclin,16,0.0001,1,64,1,0.1,lr1e-04_bs16_modL1_fusion64_fusionL1_drop0p1_trmiss80_trlocclin,64,0.33986658602952957,0.7295414606730143,0.4913793103448276,0.6560186177230454,0.5111111111111111,0.0,0.0,0.0,0.0,2002,clin,0.8
2,3,lr1e-04_bs16_modL1_fusion64_fusionL1_drop0p1_trmiss80_trlocclin,16,0.0001,1,64,1,0.1,lr1e-04_bs16_modL1_fusion64_fusionL1_drop0p1_trmiss80_trlocclin,65,0.33494598666826886,0.7282838622728983,0.4849137931034483,0.6542503232588504,0.5111111111111111,0.0,0.0,0.0,0.0,2002,clin,0.8
2,3,lr1e-04_bs16_modL1_fusion64_fusionL1_drop0p1_trmiss80_trlocclin,16,0.0001,1,64,1,0.1,lr1e-04_bs16_modL1_fusion64_fusionL1_drop0p1_trmiss80_trlocclin,66,0.34776605665683746,0.7247405846913656,0.478448275862069,0.651194399297754,0.5555555555555556,0.0,0.0,0.0,0.0,2002,clin,0.8
2,3,lr1e-04_bs16_modL1_fusion64_fusionL1_drop0p1_trmiss80_trlocclin,16,0.0001,1,64,1,0.1,lr1e-04_bs16_modL1_fusion64_fusionL1_drop0p1_trmiss80_trlocclin,67,0.3503025323152542,0.727546215057373,0.49568965517241376,0.6572002045934868,0.5111111111111111,0.0,0.0,0.0,0.0,2002,clin,0.8
2,3,lr1e-04_bs16_modL1_fusion64_fusionL1_drop0p1_trmiss80_trlocclin,16,0.0001,1,64,1,0.1,lr1e-04_bs16_modL1_fusion64_fusionL1_drop0p1_trmiss80_trlocclin,68,0.3583778167764346,0.7368842959403992,0.5021551724137931,0.6608947490588224,0.4888888888888889,0.0,0.0,0.0,0.0,2002,clin,0.8
2,3,lr1e-04_bs16_modL1_fusion64_fusionL1_drop0p1_trmiss80_trlocclin,16,0.0001,1,64,1,0.1,lr1e-04_bs16_modL1_fusion64_fusionL1_drop0p1_trmiss80_trlocclin,69,0.3576393971840541,0.7263214985529581,0.48275862068965514,0.6446199765944945,0.5111111111111111,0.0,0.0,0.0,0.0,2002,clin,0.8
2,3,lr1e-04_bs16_modL1_fusion64_fusionL1_drop0p1_trmiss80_trlocclin,16,0.0001,1,64,1,0.1,lr1e-04_bs16_modL1_fusion64_fusionL1_drop0p1_trmiss80_trlocclin,70,0.3403421863913536,0.7248377402623495,0.4892241379310344,0.6520035170953686,0.5111111111111111,0.0,0.0,0.0,0.0,2002,clin,0.8
2,3,lr1e-04_bs16_modL1_fusion64_fusionL1_drop0p1_trmiss80_trlocclin,16,0.0001,1,64,1,0.1,lr1e-04_bs16_modL1_fusion64_fusionL1_drop0p1_trmiss80_trlocclin,71,0.3437579870223999,0.7266961534818014,0.47844827586206895,0.6431368471914541,0.5111111111111111,0.0,0.0,0.0,0.0,2002,clin,0.8
2,3,lr1e-04_bs16_modL1_fusion64_fusionL1_drop0p1_trmiss80_trlocclin,16,0.0001,1,64,1,0.1,lr1e-04_bs16_modL1_fusion64_fusionL1_drop0p1_trmiss80_trlocclin,72,0.36067928870519,0.7317736943562826,0.4892241379310345,0.6485002991112604,0.5111111111111111,0.0,0.0,0.0,0.0,2002,clin,0.8
2,3,lr1e-04_bs16_modL1_fusion64_fusionL1_drop0p1_trmiss80_trlocclin,16,0.0001,1,64,1,0.1,lr1e-04_bs16_modL1_fusion64_fusionL1_drop0p1_trmiss80_trlocclin,73,0.35687051216761273,0.7304152051607767,0.4913793103448276,0.656839195376542,0.4888888888888889,0.0,0.0,0.0,0.0,2002,clin,0.8
2,3,lr1e-04_bs16_modL1_fusion64_fusionL1_drop0p1_trmiss80_trlocclin,16,0.0001,1,64,1,0.1,lr1e-04_bs16_modL1_fusion64_fusionL1_drop0p1_trmiss80_trlocclin,74,0.3329860046505928,0.726004441579183,0.47629310344827586,0.6447236239790729,0.5333333333333333,0.0,0.0,0.0,0.0,2002,clin,0.8
2,3,lr1e-04_bs16_modL1_fusion64_fusionL1_drop0p1_trmiss80_trlocclin,16,0.0001,1,64,1,0.1,lr1e-04_bs16_modL1_fusion64_fusionL1_drop0p1_trmiss80_trlocclin,75,0.33438321202993393,0.727231502532959,0.4806034482758621,0.6520268874654349,0.5333333333333333,0.0,0.0,0.0,0.0,2002,clin,0.8
2,3,lr1e-04_bs16_modL1_fusion64_fusionL1_drop0p1_trmiss80_trlocclin,16,0.0001,1,64,1,0.1,lr1e-04_bs16_modL1_fusion64_fusionL1_drop0p1_trmiss80_trlocclin,76,0.36033721019824344,0.7317069967587789,0.48275862068965514,0.6551890796154598,0.4888888888888889,0.0,0.0,0.0,0.0,2002,clin,0.8
2,3,lr1e-04_bs16_modL1_fusion64_fusionL1_drop0p1_trmiss80_trlocclin,16,0.0001,1,64,1,0.1,lr1e-04_bs16_modL1_fusion64_fusionL1_drop0p1_trmiss80_trlocclin,77,0.3568546896179517,0.7280472119649252,0.47413793103448276,0.6495812352915218,0.5777777777777777,0.0,0.0,0.0,0.0,2002,clin,0.8
2,3,lr1e-04_bs16_modL1_fusion64_fusionL1_drop0p1_trmiss80_trlocclin,16,0.0001,1,64,1,0.1,lr1e-04_bs16_modL1_fusion64_fusionL1_drop0p1_trmiss80_trlocclin,78,0.33503444989522296,0.721906820933024,0.49137931034482757,0.6585043237096053,0.5555555555555556,0.0,0.0,0.0,0.0,2002,clin,0.8
2,3,lr1e-04_bs16_modL1_fusion64_fusionL1_drop0p1_trmiss80_trlocclin,16,0.0001,1,64,1,0.1,lr1e-04_bs16_modL1_fusion64_fusionL1_drop0p1_trmiss80_trlocclin,79,0.3245265781879425,0.7248746355374655,0.49784482758620685,0.6585144378304273,0.4888888888888889,0.0,0.0,0.0,0.0,2002,clin,0.8
2,3,lr1e-04_bs16_modL1_fusion64_fusionL1_drop0p1_trmiss80_trlocclin,16,0.0001,1,64,1,0.1,lr1e-04_bs16_modL1_fusion64_fusionL1_drop0p1_trmiss80_trlocclin,80,0.35612192501624423,0.7260476549466451,0.4849137931034483,0.6506689998374589,0.5111111111111111,0.0,0.0,0.0,0.0,2002,clin,0.8
2,3,lr5e-05_bs32_modL1_fusion32_fusionL1_drop0p2_trmiss80_trlocclin,32,5e-05,1,32,1,0.2,lr5e-05_bs32_modL1_fusion32_fusionL1_drop0p2_trmiss80_trlocclin,1,0.7226413587729136,0.7198940813541412,0.4267241379310345,0.702981869248974,0.4666666666666667,0.0,0.0,0.0,0.0,2002,clin,0.8
2,3,lr5e-05_bs32_modL1_fusion32_fusionL1_drop0p2_trmiss80_trlocclin,32,5e-05,1,32,1,0.2,lr5e-05_bs32_modL1_fusion32_fusionL1_drop0p2_trmiss80_trlocclin,2,0.6835668683052063,0.730297178030014,0.39439655172413796,0.6668952029107792,0.4444444444444444,0.0,0.0,0.0,0.0,2002,clin,0.8
2,3,lr5e-05_bs32_modL1_fusion32_fusionL1_drop0p2_trmiss80_trlocclin,32,5e-05,1,32,1,0.2,lr5e-05_bs32_modL1_fusion32_fusionL1_drop0p2_trmiss80_trlocclin,3,0.6774188578128815,0.7387428879737854,0.3857758620689655,0.6489840739780753,0.4444444444444444,0.0,0.0,0.0,0.0,2002,clin,0.8
2,3,lr5e-05_bs32_modL1_fusion32_fusionL1_drop0p2_trmiss80_trlocclin,32,5e-05,1,32,1,0.2,lr5e-05_bs32_modL1_fusion32_fusionL1_drop0p2_trmiss80_trlocclin,4,0.6465902527173361,0.7433367371559143,0.41163793103448276,0.6460054059713434,0.4222222222222222,0.0,0.0,0.0,0.0,2002,clin,0.8
2,3,lr5e-05_bs32_modL1_fusion32_fusionL1_drop0p2_trmiss80_trlocclin,32,5e-05,1,32,1,0.2,lr5e-05_bs32_modL1_fusion32_fusionL1_drop0p2_trmiss80_trlocclin,5,0.6365865369637808,0.7437325119972229,0.41810344827586204,0.657661408271362,0.4,0.0,0.0,0.0,0.0,2002,clin,0.8
2,3,lr5e-05_bs32_modL1_fusion32_fusionL1_drop0p2_trmiss80_trlocclin,32,5e-05,1,32,1,0.2,lr5e-05_bs32_modL1_fusion32_fusionL1_drop0p2_trmiss80_trlocclin,6,0.6310447951157888,0.7425587177276611,0.4353448275862069,0.6761362396650549,0.4666666666666667,0.0,0.0,0.0,0.0,2002,clin,0.8
2,3,lr5e-05_bs32_modL1_fusion32_fusionL1_drop0p2_trmiss80_trlocclin,32,5e-05,1,32,1,0.2,lr5e-05_bs32_modL1_fusion32_fusionL1_drop0p2_trmiss80_trlocclin,7,0.5991992851098379,0.7394683957099915,0.46120689655172414,0.6834528184793208,0.4666666666666667,0.0,0.0,0.0,0.0,2002,clin,0.8
2,3,lr5e-05_bs32_modL1_fusion32_fusionL1_drop0p2_trmiss80_trlocclin,32,5e-05,1,32,1,0.2,lr5e-05_bs32_modL1_fusion32_fusionL1_drop0p2_trmiss80_trlocclin,8,0.5970540146032969,0.736345648765564,0.4762931034482759,0.6934874908042025,0.4666666666666667,0.0,0.0,0.0,0.0,2002,clin,0.8
2,3,lr5e-05_bs32_modL1_fusion32_fusionL1_drop0p2_trmiss80_trlocclin,32,5e-05,1,32,1,0.2,lr5e-05_bs32_modL1_fusion32_fusionL1_drop0p2_trmiss80_trlocclin,9,0.5927404761314392,0.7402398586273193,0.4482758620689655,0.6668839931871491,0.4666666666666667,0.0,0.0,0.0,0.0,2002,clin,0.8
2,3,lr5e-05_bs32_modL1_fusion32_fusionL1_drop0p2_trmiss80_trlocclin,32,5e-05,1,32,1,0.2,lr5e-05_bs32_modL1_fusion32_fusionL1_drop0p2_trmiss80_trlocclin,10,0.6004865070184072,0.7424681484699249,0.4439655172413793,0.667609783375298,0.4,0.0,0.0,0.0,0.0,2002,clin,0.8
2,3,lr5e-05_bs32_modL1_fusion32_fusionL1_drop0p2_trmiss80_trlocclin,32,5e-05,1,32,1,0.2,lr5e-05_bs32_modL1_fusion32_fusionL1_drop0p2_trmiss80_trlocclin,11,0.5722320874532064,0.7433723211288452,0.4353448275862069,0.6645089651973436,0.4222222222222222,0.0,0.0,0.0,0.0,2002,clin,0.8
2,3,lr5e-05_bs32_modL1_fusion32_fusionL1_drop0p2_trmiss80_trlocclin,32,5e-05,1,32,1,0.2,lr5e-05_bs32_modL1_fusion32_fusionL1_drop0p2_trmiss80_trlocclin,12,0.5809693932533264,0.7482386529445648,0.42025862068965514,0.6596582187141232,0.4444444444444444,0.0,0.0,0.0,0.0,2002,clin,0.8
2,3,lr5e-05_bs32_modL1_fusion32_fusionL1_drop0p2_trmiss80_trlocclin,32,5e-05,1,32,1,0.2,lr5e-05_bs32_modL1_fusion32_fusionL1_drop0p2_trmiss80_trlocclin,13,0.5647345880667368,0.7500883340835571,0.4245689655172414,0.6591647609673955,0.4444444444444444,0.0,0.0,0.0,0.0,2002,clin,0.8
2,3,lr5e-05_bs32_modL1_fusion32_fusionL1_drop0p2_trmiss80_trlocclin,32,5e-05,1,32,1,0.2,lr5e-05_bs32_modL1_fusion32_fusionL1_drop0p2_trmiss80_trlocclin,14,0.5826535522937775,0.7470808625221252,0.4331896551724138,0.6614776575217051,0.4444444444444444,0.0,0.0,0.0,0.0,2002,clin,0.8
2,3,lr5e-05_bs32_modL1_fusion32_fusionL1_drop0p2_trmiss80_trlocclin,32,5e-05,1,32,1,0.2,lr5e-05_bs32_modL1_fusion32_fusionL1_drop0p2_trmiss80_trlocclin,15,0.5789171655972799,0.74305459856987,0.4418103448275862,0.6532094029126732,0.4444444444444444,0.0,0.0,0.0,0.0,2002,clin,0.8
2,3,lr5e-05_bs32_modL1_fusion32_fusionL1_drop0p2_trmiss80_trlocclin,32,5e-05,1,32,1,0.2,lr5e-05_bs32_modL1_fusion32_fusionL1_drop0p2_trmiss80_trlocclin,16,0.5636342267195383,0.7415632605552673,0.4418103448275862,0.6678532276477759,0.4444444444444444,0.0,0.0,0.0,0.0,2002,clin,0.8
2,3,lr5e-05_bs32_modL1_fusion32_fusionL1_drop0p2_trmiss80_trlocclin,32,5e-05,1,32,1,0.2,lr5e-05_bs32_modL1_fusion32_fusionL1_drop0p2_trmiss80_trlocclin,17,0.5587647358576456,0.7424792945384979,0.4331896551724138,0.6597388801582971,0.4444444444444444,0.0,0.0,0.0,0.0,2002,clin,0.8
2,3,lr5e-05_bs32_modL1_fusion32_fusionL1_drop0p2_trmiss80_trlocclin,32,5e-05,1,32,1,0.2,lr5e-05_bs32_modL1_fusion32_fusionL1_drop0p2_trmiss80_trlocclin,18,0.5600650409857432,0.7461638152599335,0.4353448275862069,0.6668422235395676,0.4666666666666667,0.0,0.0,0.0,0.0,2002,clin,0.8
2,3,lr5e-05_bs32_modL1_fusion32_fusionL1_drop0p2_trmiss80_trlocclin,32,5e-05,1,32,1,0.2,lr5e-05_bs32_modL1_fusion32_fusionL1_drop0p2_trmiss80_trlocclin,19,0.5694019397099813,0.7455880045890808,0.4568965517241379,0.6739695108837346,0.4444444444444444,0.0,0.0,0.0,0.0,2002,clin,0.8
2,3,lr5e-05_bs32_modL1_fusion32_fusionL1_drop0p2_trmiss80_trlocclin,32,5e-05,1,32,1,0.2,lr5e-05_bs32_modL1_fusion32_fusionL1_drop0p2_trmiss80_trlocclin,20,0.5250966300566992,0.744134783744812,0.4547413793103448,0.6718625441736829,0.4444444444444444,0.0,0.0,0.0,0.0,2002,clin,0.8
2,3,lr5e-05_bs32_modL1_fusion32_fusionL1_drop0p2_trmiss80_trlocclin,32,5e-05,1,32,1,0.2,lr5e-05_bs32_modL1_fusion32_fusionL1_drop0p2_trmiss80_trlocclin,21,0.5651427706082662,0.746123343706131,0.4655172413793104,0.6775045198086301,0.4444444444444444,0.0,0.0,0.0,0.0,2002,clin,0.8
2,3,lr5e-05_bs32_modL1_fusion32_fusionL1_drop0p2_trmiss80_trlocclin,32,5e-05,1,32,1,0.2,lr5e-05_bs32_modL1_fusion32_fusionL1_drop0p2_trmiss80_trlocclin,22,0.5277315080165863,0.7431511580944061,0.4547413793103448,0.6725649707381783,0.4444444444444444,0.0,0.0,0.0,0.0,2002,clin,0.8
2,3,lr5e-05_bs32_modL1_fusion32_fusionL1_drop0p2_trmiss80_trlocclin,32,5e-05,1,32,1,0.2,lr5e-05_bs32_modL1_fusion32_fusionL1_drop0p2_trmiss80_trlocclin,23,0.5376923084259033,0.7465398013591766,0.44827586206896547,0.6684428137976165,0.4222222222222222,0.0,0.0,0.0,0.0,2002,clin,0.8
2,3,lr5e-05_bs32_modL1_fusion32_fusionL1_drop0p2_trmiss80_trlocclin,32,5e-05,1,32,1,0.2,lr5e-05_bs32_modL1_fusion32_fusionL1_drop0p2_trmiss80_trlocclin,24,0.5761816600958506,0.7462610900402069,0.4396551724137931,0.664707274212656,0.4222222222222222,0.0,0.0,0.0,0.0,2002,clin,0.8
2,3,lr5e-05_bs32_modL1_fusion32_fusionL1_drop0p2_trmiss80_trlocclin,32,5e-05,1,32,1,0.2,lr5e-05_bs32_modL1_fusion32_fusionL1_drop0p2_trmiss80_trlocclin,25,0.5488357444604238,0.7473045587539673,0.4396551724137931,0.6632791027139814,0.4444444444444444,0.0,0.0,0.0,0.0,2002,clin,0.8
2,3,lr5e-05_bs32_modL1_fusion32_fusionL1_drop0p2_trmiss80_trlocclin,32,5e-05,1,32,1,0.2,lr5e-05_bs32_modL1_fusion32_fusionL1_drop0p2_trmiss80_trlocclin,26,0.5364405512809753,0.7467465102672577,0.4482758620689655,0.6632183920200351,0.4444444444444444,0.0,0.0,0.0,0.0,2002,clin,0.8
2,3,lr5e-05_bs32_modL1_fusion32_fusionL1_drop0p2_trmiss80_trlocclin,32,5e-05,1,32,1,0.2,lr5e-05_bs32_modL1_fusion32_fusionL1_drop0p2_trmiss80_trlocclin,27,0.5347826381524404,0.7481609880924225,0.43318965517241376,0.6511655661371084,0.4222222222222222,0.0,0.0,0.0,0.0,2002,clin,0.8
2,3,lr5e-05_bs32_modL1_fusion32_fusionL1_drop0p2_trmiss80_trlocclin,32,5e-05,1,32,1,0.2,lr5e-05_bs32_modL1_fusion32_fusionL1_drop0p2_trmiss80_trlocclin,28,0.5418192744255066,0.7468221187591553,0.4375,0.6529685643020109,0.4222222222222222,0.0,0.0,0.0,0.0,2002,clin,0.8
2,3,lr5e-05_bs32_modL1_fusion32_fusionL1_drop0p1_trmiss80_trlocclin,32,5e-05,1,32,1,0.1,lr5e-05_bs32_modL1_fusion32_fusionL1_drop0p1_trmiss80_trlocclin,1,0.6967890659968058,0.739521712064743,0.31896551724137934,0.5351141029931135,0.5777777777777777,0.0,0.0,0.0,0.0,2002,clin,0.8
2,3,lr5e-05_bs32_modL1_fusion32_fusionL1_drop0p1_trmiss80_trlocclin,32,5e-05,1,32,1,0.1,lr5e-05_bs32_modL1_fusion32_fusionL1_drop0p1_trmiss80_trlocclin,2,0.6891512274742126,0.7711554169654846,0.3168103448275862,0.5339603449180814,0.5333333333333333,0.0,0.0,0.0,0.0,2002,clin,0.8
2,3,lr5e-05_bs32_modL1_fusion32_fusionL1_drop0p1_trmiss80_trlocclin,32,5e-05,1,32,1,0.1,lr5e-05_bs32_modL1_fusion32_fusionL1_drop0p1_trmiss80_trlocclin,3,0.6669678390026093,0.7997145652770996,0.2931034482758621,0.5229800950467595,0.5555555555555556,0.0,0.0,0.0,0.0,2002,clin,0.8
2,3,lr5e-05_bs32_modL1_fusion32_fusionL1_drop0p1_trmiss80_trlocclin,32,5e-05,1,32,1,0.1,lr5e-05_bs32_modL1_fusion32_fusionL1_drop0p1_trmiss80_trlocclin,4,0.6293482780456543,0.8267171680927277,0.2974137931034483,0.523991809670902,0.5111111111111111,0.0,0.0,0.0,0.0,2002,clin,0.8
2,3,lr5e-05_bs32_modL1_fusion32_fusionL1_drop0p1_trmiss80_trlocclin,32,5e-05,1,32,1,0.1,lr5e-05_bs32_modL1_fusion32_fusionL1_drop0p1_trmiss80_trlocclin,5,0.6253975033760071,0.8452228009700775,0.2974137931034483,0.5231605820568728,0.4666666666666667,0.0,0.0,0.0,0.0,2002,clin,0.8
2,3,lr5e-05_bs32_modL1_fusion32_fusionL1_drop0p1_trmiss80_trlocclin,32,5e-05,1,32,1,0.1,lr5e-05_bs32_modL1_fusion32_fusionL1_drop0p1_trmiss80_trlocclin,6,0.5945898989836375,0.8534441292285919,0.2974137931034483,0.5225360674914062,0.4888888888888889,0.0,0.0,0.0,0.0,2002,clin,0.8
2,3,lr5e-05_bs32_modL1_fusion32_fusionL1_drop0p1_trmiss80_trlocclin,32,5e-05,1,32,1,0.1,lr5e-05_bs32_modL1_fusion32_fusionL1_drop0p1_trmiss80_trlocclin,7,0.5756501257419586,0.8521910309791565,0.3038793103448276,0.5239118961021011,0.4666666666666667,0.0,0.0,0.0,0.0,2002,clin,0.8
2,3,lr5e-05_bs32_modL1_fusion32_fusionL1_drop0p1_trmiss80_trlocclin,32,5e-05,1,32,1,0.1,lr5e-05_bs32_modL1_fusion32_fusionL1_drop0p1_trmiss80_trlocclin,8,0.5708138247330984,0.8519060611724854,0.2974137931034483,0.5218759430749023,0.4666666666666667,0.0,0.0,0.0,0.0,2002,clin,0.8
2,3,lr5e-05_bs32_modL1_fusion32_fusionL1_drop0p1_trmiss80_trlocclin,32,5e-05,1,32,1,0.1,lr5e-05_bs32_modL1_fusion32_fusionL1_drop0p1_trmiss80_trlocclin,9,0.5787685215473175,0.8504075706005096,0.3081896551724138,0.5264702781966206,0.4666666666666667,0.0,0.0,0.0,0.0,2002,clin,0.8
2,3,lr5e-05_bs32_modL1_fusion32_fusionL1_drop0p1_trmiss80_trlocclin,32,5e-05,1,32,1,0.1,lr5e-05_bs32_modL1_fusion32_fusionL1_drop0p1_trmiss80_trlocclin,10,0.5570304294427236,0.8508710861206055,0.3125,0.5288865063227879,0.4888888888888889,0.0,0.0,0.0,0.0,2002,clin,0.8
2,3,lr5e-05_bs32_modL1_fusion32_fusionL1_drop0p1_trmiss80_trlocclin,32,5e-05,1,32,1,0.1,lr5e-05_bs32_modL1_fusion32_fusionL1_drop0p1_trmiss80_trlocclin,11,0.5723237891991934,0.8495980501174927,0.3081896551724138,0.527313750584878,0.4888888888888889,0.0,0.0,0.0,0.0,2002,clin,0.8
2,3,lr5e-05_bs32_modL1_fusion32_fusionL1_drop0p1_trmiss80_trlocclin,32,5e-05,1,32,1,0.1,lr5e-05_bs32_modL1_fusion32_fusionL1_drop0p1_trmiss80_trlocclin,12,0.5409826387961706,0.852721244096756,0.31034482758620685,0.5270499314916577,0.4888888888888889,0.0,0.0,0.0,0.0,2002,clin,0.8
2,3,lr5e-05_bs32_modL1_fusion32_fusionL1_drop0p1_trmiss80_trlocclin,32,5e-05,1,32,1,0.1,lr5e-05_bs32_modL1_fusion32_fusionL1_drop0p1_trmiss80_trlocclin,13,0.5457870960235596,0.8567279279232025,0.3017241379310345,0.5232125828801018,0.5111111111111111,0.0,0.0,0.0,0.0,2002,clin,0.8
2,3,lr5e-05_bs32_modL1_fusion32_fusionL1_drop0p1_trmiss80_trlocclin,32,5e-05,1,32,1,0.1,lr5e-05_bs32_modL1_fusion32_fusionL1_drop0p1_trmiss80_trlocclin,14,0.5481189489364624,0.8551507294178009,0.3060344827586207,0.5244943893744183,0.5111111111111111,0.0,0.0,0.0,0.0,2002,clin,0.8
2,3,lr5e-05_bs32_modL1_fusion32_fusionL1_drop0p1_trmiss80_trlocclin,32,5e-05,1,32,1,0.1,lr5e-05_bs32_modL1_fusion32_fusionL1_drop0p1_trmiss80_trlocclin,15,0.52928293744723,0.8519102334976196,0.3038793103448276,0.523978866405006,0.4888888888888889,0.0,0.0,0.0,0.0,2002,clin,0.8
2,3,lr5e-05_bs32_modL1_fusion32_fusionL1_drop0p1_trmiss80_trlocclin,32,5e-05,1,32,1,0.1,lr5e-05_bs32_modL1_fusion32_fusionL1_drop0p1_trmiss80_trlocclin,16,0.5387633244196574,0.8488301634788513,0.3081896551724138,0.5276844685588841,0.4666666666666667,0.0,0.0,0.0,0.0,2002,clin,0.8
2,3,lr5e-05_bs32_modL1_fusion32_fusionL1_drop0p1_trmiss80_trlocclin,32,5e-05,1,32,1,0.1,lr5e-05_bs32_modL1_fusion32_fusionL1_drop0p1_trmiss80_trlocclin,17,0.5135849118232727,0.8463383615016937,0.31034482758620685,0.528944724500468,0.4666666666666667,0.0,0.0,0.0,0.0,2002,clin,0.8
2,3,lr5e-05_bs32_modL1_fusion32_fusionL1_drop0p1_trmiss80_trlocclin,32,5e-05,1,32,1,0.1,lr5e-05_bs32_modL1_fusion32_fusionL1_drop0p1_trmiss80_trlocclin,18,0.5252197682857513,0.8518165647983551,0.31034482758620685,0.5289051064935179,0.4888888888888889,0.0,0.0,0.0,0.0,2002,clin,0.8
2,3,lr5e-05_bs32_modL1_fusion32_fusionL1_drop0p1_trmiss80_trlocclin,32,5e-05,1,32,1,0.1,lr5e-05_bs32_modL1_fusion32_fusionL1_drop0p1_trmiss80_trlocclin,19,0.5144062836964926,0.8512989282608032,0.31034482758620685,0.5285859785881831,0.4888888888888889,0.0,0.0,0.0,0.0,2002,clin,0.8
2,3,lr5e-05_bs32_modL1_fusion32_fusionL1_drop0p1_trmiss80_trlocclin,32,5e-05,1,32,1,0.1,lr5e-05_bs32_modL1_fusion32_fusionL1_drop0p1_trmiss80_trlocclin,20,0.5227157572905222,0.8548951148986816,0.31034482758620685,0.5285859785881831,0.4888888888888889,0.0,0.0,0.0,0.0,2002,clin,0.8
2,3,lr5e-05_bs32_modL1_fusion32_fusionL1_drop0p1_trmiss80_trlocclin,32,5e-05,1,32,1,0.1,lr5e-05_bs32_modL1_fusion32_fusionL1_drop0p1_trmiss80_trlocclin,21,0.5095057487487793,0.84565469622612,0.31465517241379304,0.5305713495390713,0.4888888888888889,0.0,0.0,0.0,0.0,2002,clin,0.8
2,3,lr5e-05_bs32_modL1_fusion64_fusionL1_drop0p2_trmiss80_trlocclin,32,5e-05,1,64,1,0.2,lr5e-05_bs32_modL1_fusion64_fusionL1_drop0p2_trmiss80_trlocclin,1,0.6922615965207418,0.6736318171024323,0.5905172413793103,0.7389100021773475,0.6222222222222222,0.0,0.0,0.0,0.0,2002,clin,0.8
2,3,lr5e-05_bs32_modL1_fusion64_fusionL1_drop0p2_trmiss80_trlocclin,32,5e-05,1,64,1,0.2,lr5e-05_bs32_modL1_fusion64_fusionL1_drop0p2_trmiss80_trlocclin,2,0.6676870783170065,0.6629537642002106,0.6185344827586208,0.7479751909037439,0.6,0.0,0.0,0.0,0.0,2002,clin,0.8
2,3,lr5e-05_bs32_modL1_fusion64_fusionL1_drop0p2_trmiss80_trlocclin,32,5e-05,1,64,1,0.2,lr5e-05_bs32_modL1_fusion64_fusionL1_drop0p2_trmiss80_trlocclin,3,0.6287603875001272,0.6573338806629181,0.603448275862069,0.7513721795594773,0.6222222222222222,0.0,0.0,0.0,0.0,2002,clin,0.8
2,3,lr5e-05_bs32_modL1_fusion64_fusionL1_drop0p2_trmiss80_trlocclin,32,5e-05,1,64,1,0.2,lr5e-05_bs32_modL1_fusion64_fusionL1_drop0p2_trmiss80_trlocclin,4,0.6117351849873861,0.6544587314128876,0.5926724137931034,0.7485698269803589,0.6444444444444445,0.0,0.0,0.0,0.0,2002,clin,0.8
2,3,lr5e-05_bs32_modL1_fusion64_fusionL1_drop0p2_trmiss80_trlocclin,32,5e-05,1,64,1,0.2,lr5e-05_bs32_modL1_fusion64_fusionL1_drop0p2_trmiss80_trlocclin,5,0.6020545760790507,0.6608597934246063,0.5517241379310345,0.7221876723861823,0.6222222222222222,0.0,0.0,0.0,0.0,2002,clin,0.8
2,3,lr5e-05_bs32_modL1_fusion64_fusionL1_drop0p2_trmiss80_trlocclin,32,5e-05,1,64,1,0.2,lr5e-05_bs32_modL1_fusion64_fusionL1_drop0p2_trmiss80_trlocclin,6,0.5857895314693451,0.6662255525588989,0.5366379310344828,0.7112957618284788,0.6,0.0,0.0,0.0,0.0,2002,clin,0.8
2,3,lr5e-05_bs32_modL1_fusion64_fusionL1_drop0p2_trmiss80_trlocclin,32,5e-05,1,64,1,0.2,lr5e-05_bs32_modL1_fusion64_fusionL1_drop0p2_trmiss80_trlocclin,7,0.5896976590156555,0.6600069105625153,0.5538793103448276,0.7253102757855043,0.6,0.0,0.0,0.0,0.0,2002,clin,0.8
2,3,lr5e-05_bs32_modL1_fusion64_fusionL1_drop0p2_trmiss80_trlocclin,32,5e-05,1,64,1,0.2,lr5e-05_bs32_modL1_fusion64_fusionL1_drop0p2_trmiss80_trlocclin,8,0.57453453540802,0.6604396104812622,0.5366379310344828,0.7167217143943908,0.6,0.0,0.0,0.0,0.0,2002,clin,0.8
2,3,lr5e-05_bs32_modL1_fusion64_fusionL1_drop0p2_trmiss80_trlocclin,32,5e-05,1,64,1,0.2,lr5e-05_bs32_modL1_fusion64_fusionL1_drop0p2_trmiss80_trlocclin,9,0.5603392918904623,0.6560192406177521,0.5495689655172413,0.7247765307469938,0.5777777777777777,0.0,0.0,0.0,0.0,2002,clin,0.8
2,3,lr5e-05_bs32_modL1_fusion64_fusionL1_drop0p2_trmiss80_trlocclin,32,5e-05,1,64,1,0.2,lr5e-05_bs32_modL1_fusion64_fusionL1_drop0p2_trmiss80_trlocclin,10,0.545760323603948,0.6559974849224091,0.5538793103448275,0.7299699048926521,0.5777777777777777,0.0,0.0,0.0,0.0,2002,clin,0.8
2,3,lr5e-05_bs32_modL1_fusion64_fusionL1_drop0p2_trmiss80_trlocclin,32,5e-05,1,64,1,0.2,lr5e-05_bs32_modL1_fusion64_fusionL1_drop0p2_trmiss80_trlocclin,11,0.5453381935755411,0.6526857912540436,0.5452586206896551,0.7221856115649313,0.5777777777777777,0.0,0.0,0.0,0.0,2002,clin,0.8
2,3,lr5e-05_bs32_modL1_fusion64_fusionL1_drop0p2_trmiss80_trlocclin,32,5e-05,1,64,1,0.2,lr5e-05_bs32_modL1_fusion64_fusionL1_drop0p2_trmiss80_trlocclin,12,0.5430907408396403,0.6506163477897644,0.5366379310344828,0.7169079366128981,0.5777777777777777,0.0,0.0,0.0,0.0,2002,clin,0.8
2,3,lr5e-05_bs32_modL1_fusion64_fusionL1_drop0p2_trmiss80_trlocclin,32,5e-05,1,64,1,0.2,lr5e-05_bs32_modL1_fusion64_fusionL1_drop0p2_trmiss80_trlocclin,13,0.5449370245138804,0.6525872945785522,0.5344827586206897,0.7164486383474167,0.5777777777777777,0.0,0.0,0.0,0.0,2002,clin,0.8
2,3,lr5e-05_bs32_modL1_fusion64_fusionL1_drop0p2_trmiss80_trlocclin,32,5e-05,1,64,1,0.2,lr5e-05_bs32_modL1_fusion64_fusionL1_drop0p2_trmiss80_trlocclin,14,0.5311411321163177,0.651955634355545,0.5344827586206897,0.715908436363023,0.5777777777777777,0.0,0.0,0.0,0.0,2002,clin,0.8
2,3,lr5e-05_bs32_modL1_fusion64_fusionL1_drop0p2_trmiss80_trlocclin,32,5e-05,1,64,1,0.2,lr5e-05_bs32_modL1_fusion64_fusionL1_drop0p2_trmiss80_trlocclin,15,0.5355407545963923,0.6529316902160645,0.5258620689655172,0.712313797284275,0.5777777777777777,0.0,0.0,0.0,0.0,2002,clin,0.8
2,3,lr5e-05_bs32_modL1_fusion64_fusionL1_drop0p2_trmiss80_trlocclin,32,5e-05,1,64,1,0.2,lr5e-05_bs32_modL1_fusion64_fusionL1_drop0p2_trmiss80_trlocclin,16,0.5284940600395203,0.6552169620990753,0.5301724137931034,0.7120173863108573,0.5777777777777777,0.0,0.0,0.0,0.0,2002,clin,0.8
2,3,lr5e-05_bs32_modL1_fusion64_fusionL1_drop0p2_trmiss80_trlocclin,32,5e-05,1,64,1,0.2,lr5e-05_bs32_modL1_fusion64_fusionL1_drop0p2_trmiss80_trlocclin,17,0.5104076117277145,0.6559141278266907,0.540948275862069,0.7198382098731566,0.5555555555555556,0.0,0.0,0.0,0.0,2002,clin,0.8
2,3,lr5e-05_bs32_modL1_fusion64_fusionL1_drop0p2_trmiss80_trlocclin,32,5e-05,1,64,1,0.2,lr5e-05_bs32_modL1_fusion64_fusionL1_drop0p2_trmiss80_trlocclin,18,0.5313666860262553,0.657080888748169,0.5366379310344828,0.7164097035380887,0.5333333333333333,0.0,0.0,0.0,0.0,2002,clin,0.8
2,3,lr5e-05_bs32_modL1_fusion64_fusionL1_drop0p2_trmiss80_trlocclin,32,5e-05,1,64,1,0.2,lr5e-05_bs32_modL1_fusion64_fusionL1_drop0p2_trmiss80_trlocclin,19,0.5259023805459341,0.6586077809333801,0.5323275862068966,0.7121241540856873,0.5333333333333333,0.0,0.0,0.0,0.0,2002,clin,0.8
2,3,lr5e-05_bs32_modL1_fusion64_fusionL1_drop0p2_trmiss80_trlocclin,32,5e-05,1,64,1,0.2,lr5e-05_bs32_modL1_fusion64_fusionL1_drop0p2_trmiss80_trlocclin,20,0.5135591427485148,0.6566592454910278,0.5366379310344827,0.715652127780513,0.5333333333333333,0.0,0.0,0.0,0.0,2002,clin,0.8
2,3,lr5e-05_bs32_modL1_fusion64_fusionL1_drop0p2_trmiss80_trlocclin,32,5e-05,1,64,1,0.2,lr5e-05_bs32_modL1_fusion64_fusionL1_drop0p2_trmiss80_trlocclin,21,0.5173687636852264,0.6533385515213013,0.540948275862069,0.7161636851886223,0.5555555555555556,0.0,0.0,0.0,0.0,2002,clin,0.8
2,3,lr5e-05_bs32_modL1_fusion64_fusionL1_drop0p2_trmiss80_trlocclin,32,5e-05,1,64,1,0.2,lr5e-05_bs32_modL1_fusion64_fusionL1_drop0p2_trmiss80_trlocclin,22,0.49566708008448285,0.6514196395874023,0.5387931034482758,0.7160199214907282,0.5555555555555556,0.0,0.0,0.0,0.0,2002,clin,0.8
2,3,lr5e-05_bs32_modL1_fusion64_fusionL1_drop0p1_trmiss80_trlocclin,32,5e-05,1,64,1,0.1,lr5e-05_bs32_modL1_fusion64_fusionL1_drop0p1_trmiss80_trlocclin,1,0.6674123803774515,0.7252624332904816,0.3728448275862069,0.5559788232623541,0.6,0.0,0.0,0.0,0.0,2002,clin,0.8
2,3,lr5e-05_bs32_modL1_fusion64_fusionL1_drop0p1_trmiss80_trlocclin,32,5e-05,1,64,1,0.1,lr5e-05_bs32_modL1_fusion64_fusionL1_drop0p1_trmiss80_trlocclin,2,0.6201463540395101,0.7415690422058105,0.3728448275862069,0.5542242202369396,0.5555555555555556,0.0,0.0,0.0,0.0,2002,clin,0.8
2,3,lr5e-05_bs32_modL1_fusion64_fusionL1_drop0p1_trmiss80_trlocclin,32,5e-05,1,64,1,0.1,lr5e-05_bs32_modL1_fusion64_fusionL1_drop0p1_trmiss80_trlocclin,3,0.6186043123404185,0.7541141211986542,0.36637931034482757,0.5575386270022913,0.5555555555555556,0.0,0.0,0.0,0.0,2002,clin,0.8
2,3,lr5e-05_bs32_modL1_fusion64_fusionL1_drop0p1_trmiss80_trlocclin,32,5e-05,1,64,1,0.1,lr5e-05_bs32_modL1_fusion64_fusionL1_drop0p1_trmiss80_trlocclin,4,0.5895757079124451,0.7661620676517487,0.38146551724137934,0.5742525411401405,0.5777777777777777,0.0,0.0,0.0,0.0,2002,clin,0.8
2,3,lr5e-05_bs32_modL1_fusion64_fusionL1_drop0p1_trmiss80_trlocclin,32,5e-05,1,64,1,0.1,lr5e-05_bs32_modL1_fusion64_fusionL1_drop0p1_trmiss80_trlocclin,5,0.5544771750768026,0.7768373489379883,0.39870689655172414,0.5895924974580993,0.5555555555555556,0.0,0.0,0.0,0.0,2002,clin,0.8
2,3,lr5e-05_bs32_modL1_fusion64_fusionL1_drop0p1_trmiss80_trlocclin,32,5e-05,1,64,1,0.1,lr5e-05_bs32_modL1_fusion64_fusionL1_drop0p1_trmiss80_trlocclin,6,0.5385434726874033,0.7827343046665192,0.3900862068965517,0.591569479018092,0.5333333333333333,0.0,0.0,0.0,0.0,2002,clin,0.8
2,3,lr5e-05_bs32_modL1_fusion64_fusionL1_drop0p1_trmiss80_trlocclin,32,5e-05,1,64,1,0.1,lr5e-05_bs32_modL1_fusion64_fusionL1_drop0p1_trmiss80_trlocclin,7,0.5321658154328665,0.7945474088191986,0.3663793103448276,0.5806096395858631,0.5333333333333333,0.0,0.0,0.0,0.0,2002,clin,0.8
2,3,lr5e-05_bs32_modL1_fusion64_fusionL1_drop0p1_trmiss80_trlocclin,32,5e-05,1,64,1,0.1,lr5e-05_bs32_modL1_fusion64_fusionL1_drop0p1_trmiss80_trlocclin,8,0.5283937454223633,0.7980654537677765,0.3663793103448276,0.578683033375746,0.5111111111111111,0.0,0.0,0.0,0.0,2002,clin,0.8
2,3,lr5e-05_bs32_modL1_fusion64_fusionL1_drop0p1_trmiss80_trlocclin,32,5e-05,1,64,1,0.1,lr5e-05_bs32_modL1_fusion64_fusionL1_drop0p1_trmiss80_trlocclin,9,0.5169108112653097,0.7954488694667816,0.3556034482758621,0.5623218399652176,0.5333333333333333,0.0,0.0,0.0,0.0,2002,clin,0.8
2,3,lr5e-05_bs32_modL1_fusion64_fusionL1_drop0p1_trmiss80_trlocclin,32,5e-05,1,64,1,0.1,lr5e-05_bs32_modL1_fusion64_fusionL1_drop0p1_trmiss80_trlocclin,10,0.5179363836844763,0.7997665703296661,0.3577586206896552,0.5666495426250023,0.5333333333333333,0.0,0.0,0.0,0.0,2002,clin,0.8
2,3,lr5e-05_bs32_modL1_fusion64_fusionL1_drop0p1_trmiss80_trlocclin,32,5e-05,1,64,1,0.1,lr5e-05_bs32_modL1_fusion64_fusionL1_drop0p1_trmiss80_trlocclin,11,0.5005136281251907,0.800153374671936,0.3512931034482759,0.5591432911743505,0.5333333333333333,0.0,0.0,0.0,0.0,2002,clin,0.8
2,3,lr5e-05_bs32_modL1_fusion64_fusionL1_drop0p1_trmiss80_trlocclin,32,5e-05,1,64,1,0.1,lr5e-05_bs32_modL1_fusion64_fusionL1_drop0p1_trmiss80_trlocclin,12,0.5006209760904312,0.8002607226371765,0.35775862068965514,0.563193979344821,0.5333333333333333,0.0,0.0,0.0,0.0,2002,clin,0.8
2,3,lr5e-05_bs32_modL1_fusion64_fusionL1_drop0p1_trmiss80_trlocclin,32,5e-05,1,64,1,0.1,lr5e-05_bs32_modL1_fusion64_fusionL1_drop0p1_trmiss80_trlocclin,13,0.4890010207891464,0.7966454029083252,0.35775862068965514,0.5729071929957275,0.5333333333333333,0.0,0.0,0.0,0.0,2002,clin,0.8
2,3,lr5e-05_bs32_modL1_fusion64_fusionL1_drop0p1_trmiss80_trlocclin,32,5e-05,1,64,1,0.1,lr5e-05_bs32_modL1_fusion64_fusionL1_drop0p1_trmiss80_trlocclin,14,0.49395084381103516,0.7938401401042938,0.3685344827586207,0.5807976741620706,0.5333333333333333,0.0,0.0,0.0,0.0,2002,clin,0.8
2,3,lr5e-05_bs32_modL1_fusion64_fusionL1_drop0p1_trmiss80_trlocclin,32,5e-05,1,64,1,0.1,lr5e-05_bs32_modL1_fusion64_fusionL1_drop0p1_trmiss80_trlocclin,15,0.47450192272663116,0.7924867272377014,0.3620689655172414,0.5756849707735052,0.5111111111111111,0.0,0.0,0.0,0.0,2002,clin,0.8
2,3,lr5e-05_bs32_modL1_fusion64_fusionL1_drop0p1_trmiss80_trlocclin,32,5e-05,1,64,1,0.1,lr5e-05_bs32_modL1_fusion64_fusionL1_drop0p1_trmiss80_trlocclin,16,0.4721738745768865,0.7902003526687622,0.36637931034482757,0.577233681610314,0.4888888888888889,0.0,0.0,0.0,0.0,2002,clin,0.8
2,3,lr5e-05_bs32_modL1_fusion64_fusionL1_drop0p1_trmiss80_trlocclin,32,5e-05,1,64,1,0.1,lr5e-05_bs32_modL1_fusion64_fusionL1_drop0p1_trmiss80_trlocclin,17,0.4821789463361104,0.7884493768215179,0.3599137931034483,0.5763291095089873,0.4888888888888889,0.0,0.0,0.0,0.0,2002,clin,0.8
2,3,lr5e-05_bs32_modL1_fusion64_fusionL1_drop0p1_trmiss80_trlocclin,32,5e-05,1,64,1,0.1,lr5e-05_bs32_modL1_fusion64_fusionL1_drop0p1_trmiss80_trlocclin,18,0.46576862533887226,0.7901268005371094,0.3577586206896552,0.5736971651368665,0.4888888888888889,0.0,0.0,0.0,0.0,2002,clin,0.8
2,3,lr5e-05_bs32_modL1_fusion64_fusionL1_drop0p1_trmiss80_trlocclin,32,5e-05,1,64,1,0.1,lr5e-05_bs32_modL1_fusion64_fusionL1_drop0p1_trmiss80_trlocclin,19,0.46663395563761395,0.790300726890564,0.35775862068965514,0.5752452820639983,0.4888888888888889,0.0,0.0,0.0,0.0,2002,clin,0.8
2,3,lr5e-05_bs32_modL1_fusion64_fusionL1_drop0p1_trmiss80_trlocclin,32,5e-05,1,64,1,0.1,lr5e-05_bs32_modL1_fusion64_fusionL1_drop0p1_trmiss80_trlocclin,20,0.4728451470534007,0.787007212638855,0.35775862068965514,0.5743243323541907,0.4666666666666667,0.0,0.0,0.0,0.0,2002,clin,0.8
2,3,lr5e-05_bs32_modL1_fusion64_fusionL1_drop0p1_trmiss80_trlocclin,32,5e-05,1,64,1,0.1,lr5e-05_bs32_modL1_fusion64_fusionL1_drop0p1_trmiss80_trlocclin,21,0.4690504769484202,0.7888246178627014,0.3599137931034483,0.5740996865920195,0.4666666666666667,0.0,0.0,0.0,0.0,2002,clin,0.8
2,3,lr5e-05_bs32_modL1_fusion64_fusionL1_drop0p1_trmiss80_trlocclin,32,5e-05,1,64,1,0.1,lr5e-05_bs32_modL1_fusion64_fusionL1_drop0p1_trmiss80_trlocclin,22,0.46980040272076923,0.7852947115898132,0.35775862068965514,0.5737958378601788,0.4666666666666667,0.0,0.0,0.0,0.0,2002,clin,0.8
2,3,lr5e-05_bs32_modL1_fusion64_fusionL1_drop0p1_trmiss80_trlocclin,32,5e-05,1,64,1,0.1,lr5e-05_bs32_modL1_fusion64_fusionL1_drop0p1_trmiss80_trlocclin,23,0.468192179997762,0.7859079539775848,0.3620689655172414,0.5790178189442289,0.5111111111111111,0.0,0.0,0.0,0.0,2002,clin,0.8
2,3,lr5e-05_bs32_modL1_fusion64_fusionL1_drop0p1_trmiss80_trlocclin,32,5e-05,1,64,1,0.1,lr5e-05_bs32_modL1_fusion64_fusionL1_drop0p1_trmiss80_trlocclin,24,0.4650970896085103,0.7813613414764404,0.36637931034482757,0.5807427252076748,0.4888888888888889,0.0,0.0,0.0,0.0,2002,clin,0.8
2,3,lr5e-05_bs32_modL1_fusion64_fusionL1_drop0p1_trmiss80_trlocclin,32,5e-05,1,64,1,0.1,lr5e-05_bs32_modL1_fusion64_fusionL1_drop0p1_trmiss80_trlocclin,25,0.4704744219779968,0.7771939635276794,0.375,0.5869823161328641,0.4666666666666667,0.0,0.0,0.0,0.0,2002,clin,0.8
2,3,lr1e-04_bs32_modL1_fusion32_fusionL1_drop0p2_trmiss80_trlocclin,32,0.0001,1,32,1,0.2,lr1e-04_bs32_modL1_fusion32_fusionL1_drop0p2_trmiss80_trlocclin,1,0.765240361293157,0.6792467832565308,0.4762931034482759,0.6657715070483748,0.5333333333333333,0.0,0.0,0.0,0.0,2002,clin,0.8
2,3,lr1e-04_bs32_modL1_fusion32_fusionL1_drop0p2_trmiss80_trlocclin,32,0.0001,1,32,1,0.2,lr1e-04_bs32_modL1_fusion32_fusionL1_drop0p2_trmiss80_trlocclin,2,0.6969446341196696,0.6820311546325684,0.5495689655172413,0.6947255991461033,0.5111111111111111,0.0,0.0,0.0,0.0,2002,clin,0.8
2,3,lr1e-04_bs32_modL1_fusion32_fusionL1_drop0p2_trmiss80_trlocclin,32,0.0001,1,32,1,0.2,lr1e-04_bs32_modL1_fusion32_fusionL1_drop0p2_trmiss80_trlocclin,3,0.6774974664052328,0.697040855884552,0.5129310344827587,0.6690824956204641,0.5333333333333333,0.0,0.0,0.0,0.0,2002,clin,0.8
2,3,lr1e-04_bs32_modL1_fusion32_fusionL1_drop0p2_trmiss80_trlocclin,32,0.0001,1,32,1,0.2,lr1e-04_bs32_modL1_fusion32_fusionL1_drop0p2_trmiss80_trlocclin,4,0.6426480710506439,0.7177217602729797,0.4892241379310345,0.6696124925889833,0.4888888888888889,0.0,0.0,0.0,0.0,2002,clin,0.8
2,3,lr1e-04_bs32_modL1_fusion32_fusionL1_drop0p2_trmiss80_trlocclin,32,0.0001,1,32,1,0.2,lr1e-04_bs32_modL1_fusion32_fusionL1_drop0p2_trmiss80_trlocclin,5,0.6300452252229055,0.7315362691879272,0.48275862068965514,0.6550756470828236,0.4666666666666667,0.0,0.0,0.0,0.0,2002,clin,0.8
2,3,lr1e-04_bs32_modL1_fusion32_fusionL1_drop0p2_trmiss80_trlocclin,32,0.0001,1,32,1,0.2,lr1e-04_bs32_modL1_fusion32_fusionL1_drop0p2_trmiss80_trlocclin,6,0.5979199707508087,0.7473166882991791,0.4978448275862069,0.6375544719999193,0.4222222222222222,0.0,0.0,0.0,0.0,2002,clin,0.8
2,3,lr1e-04_bs32_modL1_fusion32_fusionL1_drop0p2_trmiss80_trlocclin,32,0.0001,1,32,1,0.2,lr1e-04_bs32_modL1_fusion32_fusionL1_drop0p2_trmiss80_trlocclin,7,0.5917903284231821,0.7528516948223114,0.5021551724137931,0.6321275168702295,0.37777777777777777,0.0,0.0,0.0,0.0,2002,clin,0.8
2,3,lr1e-04_bs32_modL1_fusion32_fusionL1_drop0p2_trmiss80_trlocclin,32,0.0001,1,32,1,0.2,lr1e-04_bs32_modL1_fusion32_fusionL1_drop0p2_trmiss80_trlocclin,8,0.5834817985693613,0.7544505298137665,0.5021551724137931,0.6260173128085259,0.4,0.0,0.0,0.0,0.0,2002,clin,0.8
2,3,lr1e-04_bs32_modL1_fusion32_fusionL1_drop0p2_trmiss80_trlocclin,32,0.0001,1,32,1,0.2,lr1e-04_bs32_modL1_fusion32_fusionL1_drop0p2_trmiss80_trlocclin,9,0.574085921049118,0.7539233565330505,0.5043103448275863,0.625673604792404,0.4,0.0,0.0,0.0,0.0,2002,clin,0.8
2,3,lr1e-04_bs32_modL1_fusion32_fusionL1_drop0p2_trmiss80_trlocclin,32,0.0001,1,32,1,0.2,lr1e-04_bs32_modL1_fusion32_fusionL1_drop0p2_trmiss80_trlocclin,10,0.5405143847068151,0.755413144826889,0.5086206896551724,0.6272514434518459,0.4,0.0,0.0,0.0,0.0,2002,clin,0.8
2,3,lr1e-04_bs32_modL1_fusion32_fusionL1_drop0p2_trmiss80_trlocclin,32,0.0001,1,32,1,0.2,lr1e-04_bs32_modL1_fusion32_fusionL1_drop0p2_trmiss80_trlocclin,11,0.577547530333201,0.7557607889175415,0.5021551724137931,0.6268601236983914,0.4,0.0,0.0,0.0,0.0,2002,clin,0.8
2,3,lr1e-04_bs32_modL1_fusion32_fusionL1_drop0p2_trmiss80_trlocclin,32,0.0001,1,32,1,0.2,lr1e-04_bs32_modL1_fusion32_fusionL1_drop0p2_trmiss80_trlocclin,12,0.5645294288794199,0.7540581226348877,0.5,0.6248749326750994,0.4222222222222222,0.0,0.0,0.0,0.0,2002,clin,0.8
2,3,lr1e-04_bs32_modL1_fusion32_fusionL1_drop0p2_trmiss80_trlocclin,32,0.0001,1,32,1,0.2,lr1e-04_bs32_modL1_fusion32_fusionL1_drop0p2_trmiss80_trlocclin,13,0.5564042826493582,0.7483741939067841,0.48922413793103453,0.6209652901527866,0.4222222222222222,0.0,0.0,0.0,0.0,2002,clin,0.8
2,3,lr1e-04_bs32_modL1_fusion32_fusionL1_drop0p2_trmiss80_trlocclin,32,0.0001,1,32,1,0.2,lr1e-04_bs32_modL1_fusion32_fusionL1_drop0p2_trmiss80_trlocclin,14,0.5411547819773356,0.7528272569179535,0.4806034482758621,0.6176699986352233,0.4,0.0,0.0,0.0,0.0,2002,clin,0.8
2,3,lr1e-04_bs32_modL1_fusion32_fusionL1_drop0p2_trmiss80_trlocclin,32,0.0001,1,32,1,0.2,lr1e-04_bs32_modL1_fusion32_fusionL1_drop0p2_trmiss80_trlocclin,15,0.54585928718249,0.7545716464519501,0.48491379310344834,0.6203199212782067,0.4,0.0,0.0,0.0,0.0,2002,clin,0.8
2,3,lr1e-04_bs32_modL1_fusion32_fusionL1_drop0p2_trmiss80_trlocclin,32,0.0001,1,32,1,0.2,lr1e-04_bs32_modL1_fusion32_fusionL1_drop0p2_trmiss80_trlocclin,16,0.5173623214165369,0.7501242160797119,0.4956896551724138,0.6308957473963069,0.4,0.0,0.0,0.0,0.0,2002,clin,0.8
2,3,lr1e-04_bs32_modL1_fusion32_fusionL1_drop0p2_trmiss80_trlocclin,32,0.0001,1,32,1,0.2,lr1e-04_bs32_modL1_fusion32_fusionL1_drop0p2_trmiss80_trlocclin,17,0.5243331591288248,0.7513929605484009,0.4935344827586207,0.6293603051734,0.4,0.0,0.0,0.0,0.0,2002,clin,0.8
2,3,lr1e-04_bs32_modL1_fusion32_fusionL1_drop0p2_trmiss80_trlocclin,32,0.0001,1,32,1,0.2,lr1e-04_bs32_modL1_fusion32_fusionL1_drop0p2_trmiss80_trlocclin,18,0.5024774173895518,0.7489738166332245,0.5,0.627042735929294,0.4,0.0,0.0,0.0,0.0,2002,clin,0.8
2,3,lr1e-04_bs32_modL1_fusion32_fusionL1_drop0p2_trmiss80_trlocclin,32,0.0001,1,32,1,0.2,lr1e-04_bs32_modL1_fusion32_fusionL1_drop0p2_trmiss80_trlocclin,19,0.5248379359642664,0.7501797676086426,0.49568965517241376,0.6299703015979029,0.4222222222222222,0.0,0.0,0.0,0.0,2002,clin,0.8
2,3,lr1e-04_bs32_modL1_fusion32_fusionL1_drop0p2_trmiss80_trlocclin,32,0.0001,1,32,1,0.2,lr1e-04_bs32_modL1_fusion32_fusionL1_drop0p2_trmiss80_trlocclin,20,0.5216144224007925,0.750535786151886,0.49137931034482757,0.6234701034211292,0.4,0.0,0.0,0.0,0.0,2002,clin,0.8
2,3,lr1e-04_bs32_modL1_fusion32_fusionL1_drop0p2_trmiss80_trlocclin,32,0.0001,1,32,1,0.2,lr1e-04_bs32_modL1_fusion32_fusionL1_drop0p2_trmiss80_trlocclin,21,0.5036073873440424,0.7530575096607208,0.48922413793103453,0.6272694359684603,0.4222222222222222,0.0,0.0,0.0,0.0,2002,clin,0.8
2,3,lr1e-04_bs32_modL1_fusion32_fusionL1_drop0p2_trmiss80_trlocclin,32,0.0001,1,32,1,0.2,lr1e-04_bs32_modL1_fusion32_fusionL1_drop0p2_trmiss80_trlocclin,22,0.5073986848195394,0.7478106915950775,0.4935344827586207,0.628623214708809,0.4,0.0,0.0,0.0,0.0,2002,clin,0.8
2,3,lr1e-04_bs32_modL1_fusion32_fusionL1_drop0p1_trmiss80_trlocclin,32,0.0001,1,32,1,0.1,lr1e-04_bs32_modL1_fusion32_fusionL1_drop0p1_trmiss80_trlocclin,1,0.7987910707791647,0.7102763652801514,0.603448275862069,0.7655781963489723,0.35555555555555557,0.0,0.0,0.0,0.0,2002,clin,0.8
2,3,lr1e-04_bs32_modL1_fusion32_fusionL1_drop0p1_trmiss80_trlocclin,32,0.0001,1,32,1,0.1,lr1e-04_bs32_modL1_fusion32_fusionL1_drop0p1_trmiss80_trlocclin,2,0.7575917144616445,0.7164368629455566,0.5926724137931034,0.7293118778337958,0.35555555555555557,0.0,0.0,0.0,0.0,2002,clin,0.8
2,3,lr1e-04_bs32_modL1_fusion32_fusionL1_drop0p1_trmiss80_trlocclin,32,0.0001,1,32,1,0.1,lr1e-04_bs32_modL1_fusion32_fusionL1_drop0p1_trmiss80_trlocclin,3,0.7459955513477325,0.7252781391143799,0.5603448275862069,0.7159941228866319,0.35555555555555557,0.0,0.0,0.0,0.0,2002,clin,0.8
2,3,lr1e-04_bs32_modL1_fusion32_fusionL1_drop0p1_trmiss80_trlocclin,32,0.0001,1,32,1,0.1,lr1e-04_bs32_modL1_fusion32_fusionL1_drop0p1_trmiss80_trlocclin,4,0.7158816158771515,0.7336103320121765,0.5538793103448276,0.7119497047420207,0.37777777777777777,0.0,0.0,0.0,0.0,2002,clin,0.8
2,3,lr1e-04_bs32_modL1_fusion32_fusionL1_drop0p1_trmiss80_trlocclin,32,0.0001,1,32,1,0.1,lr1e-04_bs32_modL1_fusion32_fusionL1_drop0p1_trmiss80_trlocclin,5,0.7006459832191467,0.7372985184192657,0.5517241379310345,0.7065365097485361,0.37777777777777777,0.0,0.0,0.0,0.0,2002,clin,0.8
2,3,lr1e-04_bs32_modL1_fusion32_fusionL1_drop0p1_trmiss80_trlocclin,32,0.0001,1,32,1,0.1,lr1e-04_bs32_modL1_fusion32_fusionL1_drop0p1_trmiss80_trlocclin,6,0.680206169684728,0.7416777312755585,0.5474137931034483,0.7009700410769706,0.37777777777777777,0.0,0.0,0.0,0.0,2002,clin,0.8
2,3,lr1e-04_bs32_modL1_fusion32_fusionL1_drop0p1_trmiss80_trlocclin,32,0.0001,1,32,1,0.1,lr1e-04_bs32_modL1_fusion32_fusionL1_drop0p1_trmiss80_trlocclin,7,0.6587207516034445,0.7426060736179352,0.5387931034482759,0.7160940233542568,0.37777777777777777,0.0,0.0,0.0,0.0,2002,clin,0.8
2,3,lr1e-04_bs32_modL1_fusion32_fusionL1_drop0p1_trmiss80_trlocclin,32,0.0001,1,32,1,0.1,lr1e-04_bs32_modL1_fusion32_fusionL1_drop0p1_trmiss80_trlocclin,8,0.6556961337725321,0.747997373342514,0.5366379310344828,0.7153102974046319,0.37777777777777777,0.0,0.0,0.0,0.0,2002,clin,0.8
2,3,lr1e-04_bs32_modL1_fusion32_fusionL1_drop0p1_trmiss80_trlocclin,32,0.0001,1,32,1,0.1,lr1e-04_bs32_modL1_fusion32_fusionL1_drop0p1_trmiss80_trlocclin,9,0.6493257780869802,0.7486442029476166,0.540948275862069,0.7211892002868692,0.37777777777777777,0.0,0.0,0.0,0.0,2002,clin,0.8
2,3,lr1e-04_bs32_modL1_fusion32_fusionL1_drop0p1_trmiss80_trlocclin,32,0.0001,1,32,1,0.1,lr1e-04_bs32_modL1_fusion32_fusionL1_drop0p1_trmiss80_trlocclin,10,0.6360630492369334,0.7483309507369995,0.5474137931034482,0.7290649842029893,0.37777777777777777,0.0,0.0,0.0,0.0,2002,clin,0.8
2,3,lr1e-04_bs32_modL1_fusion32_fusionL1_drop0p1_trmiss80_trlocclin,32,0.0001,1,32,1,0.1,lr1e-04_bs32_modL1_fusion32_fusionL1_drop0p1_trmiss80_trlocclin,11,0.630073606967926,0.7503771781921387,0.540948275862069,0.7219665097309291,0.37777777777777777,0.0,0.0,0.0,0.0,2002,clin,0.8
2,3,lr1e-04_bs32_modL1_fusion32_fusionL1_drop0p1_trmiss80_trlocclin,32,0.0001,1,32,1,0.1,lr1e-04_bs32_modL1_fusion32_fusionL1_drop0p1_trmiss80_trlocclin,12,0.6406278709570566,0.7533057928085327,0.5301724137931034,0.7109248398846886,0.37777777777777777,0.0,0.0,0.0,0.0,2002,clin,0.8
2,3,lr1e-04_bs32_modL1_fusion32_fusionL1_drop0p1_trmiss80_trlocclin,32,0.0001,1,32,1,0.1,lr1e-04_bs32_modL1_fusion32_fusionL1_drop0p1_trmiss80_trlocclin,13,0.6294941306114197,0.7536495625972748,0.521551724137931,0.7075002426180459,0.4,0.0,0.0,0.0,0.0,2002,clin,0.8
2,3,lr1e-04_bs32_modL1_fusion32_fusionL1_drop0p1_trmiss80_trlocclin,32,0.0001,1,32,1,0.1,lr1e-04_bs32_modL1_fusion32_fusionL1_drop0p1_trmiss80_trlocclin,14,0.6125246385733286,0.7528629302978516,0.5237068965517241,0.7091809817754393,0.4222222222222222,0.0,0.0,0.0,0.0,2002,clin,0.8
2,3,lr1e-04_bs32_modL1_fusion32_fusionL1_drop0p1_trmiss80_trlocclin,32,0.0001,1,32,1,0.1,lr1e-04_bs32_modL1_fusion32_fusionL1_drop0p1_trmiss80_trlocclin,15,0.610479603211085,0.753983348608017,0.5280172413793103,0.7122392101956891,0.4222222222222222,0.0,0.0,0.0,0.0,2002,clin,0.8
2,3,lr1e-04_bs32_modL1_fusion32_fusionL1_drop0p1_trmiss80_trlocclin,32,0.0001,1,32,1,0.1,lr1e-04_bs32_modL1_fusion32_fusionL1_drop0p1_trmiss80_trlocclin,16,0.5954676965872446,0.7542130947113037,0.5323275862068966,0.7097101821014906,0.4222222222222222,0.0,0.0,0.0,0.0,2002,clin,0.8
2,3,lr1e-04_bs32_modL1_fusion32_fusionL1_drop0p1_trmiss80_trlocclin,32,0.0001,1,32,1,0.1,lr1e-04_bs32_modL1_fusion32_fusionL1_drop0p1_trmiss80_trlocclin,17,0.5914445618788401,0.7550355494022369,0.5258620689655172,0.7069372111818096,0.4222222222222222,0.0,0.0,0.0,0.0,2002,clin,0.8
2,3,lr1e-04_bs32_modL1_fusion32_fusionL1_drop0p1_trmiss80_trlocclin,32,0.0001,1,32,1,0.1,lr1e-04_bs32_modL1_fusion32_fusionL1_drop0p1_trmiss80_trlocclin,18,0.5927847921848297,0.7562869191169739,0.5258620689655173,0.7101682511642109,0.4,0.0,0.0,0.0,0.0,2002,clin,0.8
2,3,lr1e-04_bs32_modL1_fusion32_fusionL1_drop0p1_trmiss80_trlocclin,32,0.0001,1,32,1,0.1,lr1e-04_bs32_modL1_fusion32_fusionL1_drop0p1_trmiss80_trlocclin,19,0.5958250860373179,0.7566766142845154,0.5366379310344828,0.7161247480769033,0.4222222222222222,0.0,0.0,0.0,0.0,2002,clin,0.8
2,3,lr1e-04_bs32_modL1_fusion32_fusionL1_drop0p1_trmiss80_trlocclin,32,0.0001,1,32,1,0.1,lr1e-04_bs32_modL1_fusion32_fusionL1_drop0p1_trmiss80_trlocclin,20,0.5944000879923502,0.7580472826957703,0.5301724137931034,0.712563465388077,0.4,0.0,0.0,0.0,0.0,2002,clin,0.8
2,3,lr1e-04_bs32_modL1_fusion32_fusionL1_drop0p1_trmiss80_trlocclin,32,0.0001,1,32,1,0.1,lr1e-04_bs32_modL1_fusion32_fusionL1_drop0p1_trmiss80_trlocclin,21,0.5800450344880422,0.7578356266021729,0.5387931034482758,0.7172671646734832,0.4,0.0,0.0,0.0,0.0,2002,clin,0.8
2,3,lr1e-04_bs32_modL1_fusion64_fusionL1_drop0p2_trmiss80_trlocclin,32,0.0001,1,64,1,0.2,lr1e-04_bs32_modL1_fusion64_fusionL1_drop0p2_trmiss80_trlocclin,1,0.702153484026591,0.6943541169166565,0.540948275862069,0.6587342961979972,0.5111111111111111,0.0,0.0,0.0,0.0,2002,clin,0.8
2,3,lr1e-04_bs32_modL1_fusion64_fusionL1_drop0p2_trmiss80_trlocclin,32,0.0001,1,64,1,0.2,lr1e-04_bs32_modL1_fusion64_fusionL1_drop0p2_trmiss80_trlocclin,2,0.6521941125392914,0.6889691352844238,0.5538793103448276,0.6748711103064136,0.5555555555555556,0.0,0.0,0.0,0.0,2002,clin,0.8
2,3,lr1e-04_bs32_modL1_fusion64_fusionL1_drop0p2_trmiss80_trlocclin,32,0.0001,1,64,1,0.2,lr1e-04_bs32_modL1_fusion64_fusionL1_drop0p2_trmiss80_trlocclin,3,0.6034465630849203,0.691543698310852,0.5323275862068966,0.6774523202544256,0.5555555555555556,0.0,0.0,0.0,0.0,2002,clin,0.8
2,3,lr1e-04_bs32_modL1_fusion64_fusionL1_drop0p2_trmiss80_trlocclin,32,0.0001,1,64,1,0.2,lr1e-04_bs32_modL1_fusion64_fusionL1_drop0p2_trmiss80_trlocclin,4,0.5904975235462189,0.6960072815418243,0.5,0.6508010955465509,0.5333333333333333,0.0,0.0,0.0,0.0,2002,clin,0.8
2,3,lr1e-04_bs32_modL1_fusion64_fusionL1_drop0p2_trmiss80_trlocclin,32,0.0001,1,64,1,0.2,lr1e-04_bs32_modL1_fusion64_fusionL1_drop0p2_trmiss80_trlocclin,5,0.5657461186250051,0.7016163766384125,0.5021551724137931,0.650668158001977,0.5111111111111111,0.0,0.0,0.0,0.0,2002,clin,0.8
2,3,lr1e-04_bs32_modL1_fusion64_fusionL1_drop0p2_trmiss80_trlocclin,32,0.0001,1,64,1,0.2,lr1e-04_bs32_modL1_fusion64_fusionL1_drop0p2_trmiss80_trlocclin,6,0.5552777846654257,0.7034526765346527,0.5043103448275862,0.6476726021654479,0.4888888888888889,0.0,0.0,0.0,0.0,2002,clin,0.8
2,3,lr1e-04_bs32_modL1_fusion64_fusionL1_drop0p2_trmiss80_trlocclin,32,0.0001,1,64,1,0.2,lr1e-04_bs32_modL1_fusion64_fusionL1_drop0p2_trmiss80_trlocclin,7,0.5233185142278671,0.7043034434318542,0.5064655172413793,0.665960880085423,0.4888888888888889,0.0,0.0,0.0,0.0,2002,clin,0.8
2,3,lr1e-04_bs32_modL1_fusion64_fusionL1_drop0p2_trmiss80_trlocclin,32,0.0001,1,64,1,0.2,lr1e-04_bs32_modL1_fusion64_fusionL1_drop0p2_trmiss80_trlocclin,8,0.5172378569841385,0.7052877247333527,0.49353448275862066,0.6563649627871069,0.4666666666666667,0.0,0.0,0.0,0.0,2002,clin,0.8
2,3,lr1e-04_bs32_modL1_fusion64_fusionL1_drop0p2_trmiss80_trlocclin,32,0.0001,1,64,1,0.2,lr1e-04_bs32_modL1_fusion64_fusionL1_drop0p2_trmiss80_trlocclin,9,0.5042105217774709,0.7047832310199738,0.5043103448275862,0.6611395508265683,0.4888888888888889,0.0,0.0,0.0,0.0,2002,clin,0.8
2,3,lr1e-04_bs32_modL1_fusion64_fusionL1_drop0p2_trmiss80_trlocclin,32,0.0001,1,64,1,0.2,lr1e-04_bs32_modL1_fusion64_fusionL1_drop0p2_trmiss80_trlocclin,10,0.4803617596626282,0.7042570412158966,0.49784482758620685,0.6606652840018157,0.4666666666666667,0.0,0.0,0.0,0.0,2002,clin,0.8
2,3,lr1e-04_bs32_modL1_fusion64_fusionL1_drop0p2_trmiss80_trlocclin,32,0.0001,1,64,1,0.2,lr1e-04_bs32_modL1_fusion64_fusionL1_drop0p2_trmiss80_trlocclin,11,0.48859616617361706,0.7017307579517365,0.4913793103448275,0.681166226925939,0.4444444444444444,0.0,0.0,0.0,0.0,2002,clin,0.8
2,3,lr1e-04_bs32_modL1_fusion64_fusionL1_drop0p2_trmiss80_trlocclin,32,0.0001,1,64,1,0.2,lr1e-04_bs32_modL1_fusion64_fusionL1_drop0p2_trmiss80_trlocclin,12,0.46861691276232403,0.704717367887497,0.49353448275862066,0.6822293989088549,0.4888888888888889,0.0,0.0,0.0,0.0,2002,clin,0.8
2,3,lr1e-04_bs32_modL1_fusion64_fusionL1_drop0p2_trmiss80_trlocclin,32,0.0001,1,64,1,0.2,lr1e-04_bs32_modL1_fusion64_fusionL1_drop0p2_trmiss80_trlocclin,13,0.46806296209494275,0.7045061886310577,0.49784482758620685,0.683582511945097,0.5111111111111111,0.0,0.0,0.0,0.0,2002,clin,0.8
2,3,lr1e-04_bs32_modL1_fusion64_fusionL1_drop0p2_trmiss80_trlocclin,32,0.0001,1,64,1,0.2,lr1e-04_bs32_modL1_fusion64_fusionL1_drop0p2_trmiss80_trlocclin,14,0.4539943188428879,0.7031278610229492,0.4956896551724138,0.6849012326109681,0.4888888888888889,0.0,0.0,0.0,0.0,2002,clin,0.8
2,3,lr1e-04_bs32_modL1_fusion64_fusionL1_drop0p2_trmiss80_trlocclin,32,0.0001,1,64,1,0.2,lr1e-04_bs32_modL1_fusion64_fusionL1_drop0p2_trmiss80_trlocclin,15,0.4522266834974289,0.7061235010623932,0.5021551724137931,0.6847491374137247,0.4666666666666667,0.0,0.0,0.0,0.0,2002,clin,0.8
2,3,lr1e-04_bs32_modL1_fusion64_fusionL1_drop0p2_trmiss80_trlocclin,32,0.0001,1,64,1,0.2,lr1e-04_bs32_modL1_fusion64_fusionL1_drop0p2_trmiss80_trlocclin,16,0.44874532024065655,0.7026357054710388,0.4956896551724138,0.6810550378651626,0.5111111111111111,0.0,0.0,0.0,0.0,2002,clin,0.8
2,3,lr1e-04_bs32_modL1_fusion64_fusionL1_drop0p2_trmiss80_trlocclin,32,0.0001,1,64,1,0.2,lr1e-04_bs32_modL1_fusion64_fusionL1_drop0p2_trmiss80_trlocclin,17,0.4407804210980733,0.7040878236293793,0.4892241379310345,0.6787345630015843,0.4888888888888889,0.0,0.0,0.0,0.0,2002,clin,0.8
2,3,lr1e-04_bs32_modL1_fusion64_fusionL1_drop0p2_trmiss80_trlocclin,32,0.0001,1,64,1,0.2,lr1e-04_bs32_modL1_fusion64_fusionL1_drop0p2_trmiss80_trlocclin,18,0.4379117836554845,0.7050120234489441,0.4806034482758621,0.666129149483392,0.4444444444444444,0.0,0.0,0.0,0.0,2002,clin,0.8
2,3,lr1e-04_bs32_modL1_fusion64_fusionL1_drop0p2_trmiss80_trlocclin,32,0.0001,1,64,1,0.2,lr1e-04_bs32_modL1_fusion64_fusionL1_drop0p2_trmiss80_trlocclin,19,0.4400901645421982,0.7086639404296875,0.4806034482758621,0.66587785467625,0.4444444444444444,0.0,0.0,0.0,0.0,2002,clin,0.8
2,3,lr1e-04_bs32_modL1_fusion64_fusionL1_drop0p2_trmiss80_trlocclin,32,0.0001,1,64,1,0.2,lr1e-04_bs32_modL1_fusion64_fusionL1_drop0p2_trmiss80_trlocclin,20,0.43637679020563763,0.7105277478694916,0.4849137931034483,0.6761275985466836,0.4888888888888889,0.0,0.0,0.0,0.0,2002,clin,0.8
2,3,lr1e-04_bs32_modL1_fusion64_fusionL1_drop0p2_trmiss80_trlocclin,32,0.0001,1,64,1,0.2,lr1e-04_bs32_modL1_fusion64_fusionL1_drop0p2_trmiss80_trlocclin,21,0.4263038734594981,0.7096368372440338,0.4849137931034483,0.6770838979943623,0.4888888888888889,0.0,0.0,0.0,0.0,2002,clin,0.8
2,3,lr1e-04_bs32_modL1_fusion64_fusionL1_drop0p2_trmiss80_trlocclin,32,0.0001,1,64,1,0.2,lr1e-04_bs32_modL1_fusion64_fusionL1_drop0p2_trmiss80_trlocclin,22,0.40489462018013,0.7107219994068146,0.4806034482758621,0.6680729137678608,0.4666666666666667,0.0,0.0,0.0,0.0,2002,clin,0.8
2,3,lr1e-04_bs32_modL1_fusion64_fusionL1_drop0p1_trmiss80_trlocclin,32,0.0001,1,64,1,0.1,lr1e-04_bs32_modL1_fusion64_fusionL1_drop0p1_trmiss80_trlocclin,1,0.6803317765394846,0.7075704336166382,0.47413793103448276,0.6526508355132141,0.4222222222222222,0.0,0.0,0.0,0.0,2002,clin,0.8
2,3,lr1e-04_bs32_modL1_fusion64_fusionL1_drop0p1_trmiss80_trlocclin,32,0.0001,1,64,1,0.1,lr1e-04_bs32_modL1_fusion64_fusionL1_drop0p1_trmiss80_trlocclin,2,0.6241620977719625,0.7012566328048706,0.4762931034482759,0.6505454635253133,0.4888888888888889,0.0,0.0,0.0,0.0,2002,clin,0.8
2,3,lr1e-04_bs32_modL1_fusion64_fusionL1_drop0p1_trmiss80_trlocclin,32,0.0001,1,64,1,0.1,lr1e-04_bs32_modL1_fusion64_fusionL1_drop0p1_trmiss80_trlocclin,3,0.605344553788503,0.7025152444839478,0.4719827586206896,0.6510143496257352,0.4888888888888889,0.0,0.0,0.0,0.0,2002,clin,0.8
2,3,lr1e-04_bs32_modL1_fusion64_fusionL1_drop0p1_trmiss80_trlocclin,32,0.0001,1,64,1,0.1,lr1e-04_bs32_modL1_fusion64_fusionL1_drop0p1_trmiss80_trlocclin,4,0.5732306738694509,0.7063814699649811,0.47198275862068967,0.6487313549468874,0.4888888888888889,0.0,0.0,0.0,0.0,2002,clin,0.8
2,3,lr1e-04_bs32_modL1_fusion64_fusionL1_drop0p1_trmiss80_trlocclin,32,0.0001,1,64,1,0.1,lr1e-04_bs32_modL1_fusion64_fusionL1_drop0p1_trmiss80_trlocclin,5,0.5537958145141602,0.7108123004436493,0.44396551724137934,0.6377402987865556,0.35555555555555557,0.0,0.0,0.0,0.0,2002,clin,0.8
2,3,lr1e-04_bs32_modL1_fusion64_fusionL1_drop0p1_trmiss80_trlocclin,32,0.0001,1,64,1,0.1,lr1e-04_bs32_modL1_fusion64_fusionL1_drop0p1_trmiss80_trlocclin,6,0.5378824571768442,0.721927672624588,0.4051724137931034,0.5970869608014076,0.35555555555555557,0.0,0.0,0.0,0.0,2002,clin,0.8
2,3,lr1e-04_bs32_modL1_fusion64_fusionL1_drop0p1_trmiss80_trlocclin,32,0.0001,1,64,1,0.1,lr1e-04_bs32_modL1_fusion64_fusionL1_drop0p1_trmiss80_trlocclin,7,0.5104106416304907,0.7284950613975525,0.39224137931034486,0.5855554523658096,0.4,0.0,0.0,0.0,0.0,2002,clin,0.8
2,3,lr1e-04_bs32_modL1_fusion64_fusionL1_drop0p1_trmiss80_trlocclin,32,0.0001,1,64,1,0.1,lr1e-04_bs32_modL1_fusion64_fusionL1_drop0p1_trmiss80_trlocclin,8,0.5037591507037481,0.7268608212471008,0.4073275862068966,0.5897736613269414,0.4,0.0,0.0,0.0,0.0,2002,clin,0.8
2,3,lr1e-04_bs32_modL1_fusion64_fusionL1_drop0p1_trmiss80_trlocclin,32,0.0001,1,64,1,0.1,lr1e-04_bs32_modL1_fusion64_fusionL1_drop0p1_trmiss80_trlocclin,9,0.4815698564052582,0.7257064878940582,0.4094827586206896,0.595180552723787,0.4,0.0,0.0,0.0,0.0,2002,clin,0.8
2,3,lr1e-04_bs32_modL1_fusion64_fusionL1_drop0p1_trmiss80_trlocclin,32,0.0001,1,64,1,0.1,lr1e-04_bs32_modL1_fusion64_fusionL1_drop0p1_trmiss80_trlocclin,10,0.47657740116119385,0.7248428761959076,0.42456896551724144,0.6068887328022738,0.37777777777777777,0.0,0.0,0.0,0.0,2002,clin,0.8
2,3,lr1e-04_bs32_modL1_fusion64_fusionL1_drop0p1_trmiss80_trlocclin,32,0.0001,1,64,1,0.1,lr1e-04_bs32_modL1_fusion64_fusionL1_drop0p1_trmiss80_trlocclin,11,0.4620952258507411,0.7295368313789368,0.41379310344827586,0.6088648396293138,0.37777777777777777,0.0,0.0,0.0,0.0,2002,clin,0.8
2,3,lr1e-04_bs32_modL1_fusion64_fusionL1_drop0p1_trmiss80_trlocclin,32,0.0001,1,64,1,0.1,lr1e-04_bs32_modL1_fusion64_fusionL1_drop0p1_trmiss80_trlocclin,12,0.4625396927197774,0.7300944626331329,0.42241379310344834,0.6077470915646022,0.4,0.0,0.0,0.0,0.0,2002,clin,0.8
2,3,lr1e-04_bs32_modL1_fusion64_fusionL1_drop0p1_trmiss80_trlocclin,32,0.0001,1,64,1,0.1,lr1e-04_bs32_modL1_fusion64_fusionL1_drop0p1_trmiss80_trlocclin,13,0.4437774320443471,0.7284675538539886,0.4224137931034483,0.6047620676372039,0.35555555555555557,0.0,0.0,0.0,0.0,2002,clin,0.8
2,3,lr1e-04_bs32_modL1_fusion64_fusionL1_drop0p1_trmiss80_trlocclin,32,0.0001,1,64,1,0.1,lr1e-04_bs32_modL1_fusion64_fusionL1_drop0p1_trmiss80_trlocclin,14,0.4307422985633214,0.7307307124137878,0.4073275862068966,0.5987378230666074,0.37777777777777777,0.0,0.0,0.0,0.0,2002,clin,0.8
2,3,lr1e-04_bs32_modL1_fusion64_fusionL1_drop0p1_trmiss80_trlocclin,32,0.0001,1,64,1,0.1,lr1e-04_bs32_modL1_fusion64_fusionL1_drop0p1_trmiss80_trlocclin,15,0.43236789107322693,0.7354555428028107,0.3987068965517242,0.5954316895417218,0.35555555555555557,0.0,0.0,0.0,0.0,2002,clin,0.8
2,3,lr1e-04_bs32_modL1_fusion64_fusionL1_drop0p1_trmiss80_trlocclin,32,0.0001,1,64,1,0.1,lr1e-04_bs32_modL1_fusion64_fusionL1_drop0p1_trmiss80_trlocclin,16,0.422763595978419,0.7336749732494354,0.39870689655172414,0.5961129194037373,0.37777777777777777,0.0,0.0,0.0,0.0,2002,clin,0.8
2,3,lr1e-04_bs32_modL1_fusion64_fusionL1_drop0p1_trmiss80_trlocclin,32,0.0001,1,64,1,0.1,lr1e-04_bs32_modL1_fusion64_fusionL1_drop0p1_trmiss80_trlocclin,17,0.4220828910668691,0.7329959869384766,0.39655172413793105,0.594807396538471,0.4,0.0,0.0,0.0,0.0,2002,clin,0.8
2,3,lr1e-04_bs32_modL1_fusion64_fusionL1_drop0p1_trmiss80_trlocclin,32,0.0001,1,64,1,0.1,lr1e-04_bs32_modL1_fusion64_fusionL1_drop0p1_trmiss80_trlocclin,18,0.4234221527973811,0.7334974110126495,0.3987068965517242,0.5972022804221748,0.37777777777777777,0.0,0.0,0.0,0.0,2002,clin,0.8
2,3,lr1e-04_bs32_modL1_fusion64_fusionL1_drop0p1_trmiss80_trlocclin,32,0.0001,1,64,1,0.1,lr1e-04_bs32_modL1_fusion64_fusionL1_drop0p1_trmiss80_trlocclin,19,0.4207472850879033,0.7348129451274872,0.3987068965517242,0.5966931299131404,0.35555555555555557,0.0,0.0,0.0,0.0,2002,clin,0.8
2,3,lr1e-04_bs32_modL1_fusion64_fusionL1_drop0p1_trmiss80_trlocclin,32,0.0001,1,64,1,0.1,lr1e-04_bs32_modL1_fusion64_fusionL1_drop0p1_trmiss80_trlocclin,20,0.4204038878281911,0.7404061853885651,0.39655172413793105,0.594984284405121,0.37777777777777777,0.0,0.0,0.0,0.0,2002,clin,0.8
2,3,lr1e-04_bs32_modL1_fusion64_fusionL1_drop0p1_trmiss80_trlocclin,32,0.0001,1,64,1,0.1,lr1e-04_bs32_modL1_fusion64_fusionL1_drop0p1_trmiss80_trlocclin,21,0.41656723618507385,0.7375192642211914,0.39655172413793105,0.5939776515650146,0.37777777777777777,0.0,0.0,0.0,0.0,2002,clin,0.8
2,3,lr1e-04_bs32_modL1_fusion64_fusionL1_drop0p1_trmiss80_trlocclin,32,0.0001,1,64,1,0.1,lr1e-04_bs32_modL1_fusion64_fusionL1_drop0p1_trmiss80_trlocclin,22,0.40834686656792957,0.7387769818305969,0.3987068965517242,0.5955249548364558,0.35555555555555557,0.0,0.0,0.0,0.0,2002,clin,0.8
2,4,lr5e-05_bs16_modL1_fusion32_fusionL1_drop0p2_trmiss80_trlocclin,16,5e-05,1,32,1,0.2,lr5e-05_bs16_modL1_fusion32_fusionL1_drop0p2_trmiss80_trlocclin,1,0.6807672381401062,0.6767090161641439,0.44181034482758624,0.6704143606551877,0.6,0.0,0.0,0.0,0.0,2002,clin,0.8
2,4,lr5e-05_bs16_modL1_fusion32_fusionL1_drop0p2_trmiss80_trlocclin,16,5e-05,1,32,1,0.2,lr5e-05_bs16_modL1_fusion32_fusionL1_drop0p2_trmiss80_trlocclin,2,0.6542105327049891,0.6910122831662496,0.4353448275862069,0.630622409036204,0.5555555555555556,0.0,0.0,0.0,0.0,2002,clin,0.8
2,4,lr5e-05_bs16_modL1_fusion32_fusionL1_drop0p2_trmiss80_trlocclin,16,5e-05,1,32,1,0.2,lr5e-05_bs16_modL1_fusion32_fusionL1_drop0p2_trmiss80_trlocclin,3,0.6433183898528417,0.7053306500116984,0.4267241379310345,0.6515212772647934,0.5555555555555556,0.0,0.0,0.0,0.0,2002,clin,0.8
2,4,lr5e-05_bs16_modL1_fusion32_fusionL1_drop0p2_trmiss80_trlocclin,16,5e-05,1,32,1,0.2,lr5e-05_bs16_modL1_fusion32_fusionL1_drop0p2_trmiss80_trlocclin,4,0.6158582518498102,0.7111977537473043,0.4267241379310345,0.6474766820566352,0.5333333333333333,0.0,0.0,0.0,0.0,2002,clin,0.8
2,4,lr5e-05_bs16_modL1_fusion32_fusionL1_drop0p2_trmiss80_trlocclin,16,5e-05,1,32,1,0.2,lr5e-05_bs16_modL1_fusion32_fusionL1_drop0p2_trmiss80_trlocclin,5,0.617257371544838,0.7099156777064005,0.4137931034482759,0.6294701407046652,0.5333333333333333,0.0,0.0,0.0,0.0,2002,clin,0.8
2,4,lr5e-05_bs16_modL1_fusion32_fusionL1_drop0p2_trmiss80_trlocclin,16,5e-05,1,32,1,0.2,lr5e-05_bs16_modL1_fusion32_fusionL1_drop0p2_trmiss80_trlocclin,6,0.6207956299185753,0.7000720302263895,0.4094827586206896,0.6306983075385971,0.5333333333333333,0.0,0.0,0.0,0.0,2002,clin,0.8
2,4,lr5e-05_bs16_modL1_fusion32_fusionL1_drop0p2_trmiss80_trlocclin,16,5e-05,1,32,1,0.2,lr5e-05_bs16_modL1_fusion32_fusionL1_drop0p2_trmiss80_trlocclin,7,0.5829976151386896,0.7044597864151001,0.4116379310344828,0.6292601469189005,0.5333333333333333,0.0,0.0,0.0,0.0,2002,clin,0.8
2,4,lr5e-05_bs16_modL1_fusion32_fusionL1_drop0p2_trmiss80_trlocclin,16,5e-05,1,32,1,0.2,lr5e-05_bs16_modL1_fusion32_fusionL1_drop0p2_trmiss80_trlocclin,8,0.5743955125411352,0.7021704912185669,0.4073275862068966,0.6287627352607681,0.5333333333333333,0.0,0.0,0.0,0.0,2002,clin,0.8
2,4,lr5e-05_bs16_modL1_fusion32_fusionL1_drop0p2_trmiss80_trlocclin,16,5e-05,1,32,1,0.2,lr5e-05_bs16_modL1_fusion32_fusionL1_drop0p2_trmiss80_trlocclin,9,0.5677337422966957,0.6993195414543152,0.43318965517241376,0.6601868822168909,0.5111111111111111,0.0,0.0,0.0,0.0,2002,clin,0.8
2,4,lr5e-05_bs16_modL1_fusion32_fusionL1_drop0p2_trmiss80_trlocclin,16,5e-05,1,32,1,0.2,lr5e-05_bs16_modL1_fusion32_fusionL1_drop0p2_trmiss80_trlocclin,10,0.5580778320630392,0.6973618268966675,0.4267241379310345,0.6568173556616578,0.5111111111111111,0.0,0.0,0.0,0.0,2002,clin,0.8
2,4,lr5e-05_bs16_modL1_fusion32_fusionL1_drop0p2_trmiss80_trlocclin,16,5e-05,1,32,1,0.2,lr5e-05_bs16_modL1_fusion32_fusionL1_drop0p2_trmiss80_trlocclin,11,0.5453751385211945,0.7034246921539307,0.40948275862068967,0.6347622594017528,0.5333333333333333,0.0,0.0,0.0,0.0,2002,clin,0.8
2,4,lr5e-05_bs16_modL1_fusion32_fusionL1_drop0p2_trmiss80_trlocclin,16,5e-05,1,32,1,0.2,lr5e-05_bs16_modL1_fusion32_fusionL1_drop0p2_trmiss80_trlocclin,12,0.569150780638059,0.701861043771108,0.4181034482758621,0.6463781858452503,0.5777777777777777,0.0,0.0,0.0,0.0,2002,clin,0.8
2,4,lr5e-05_bs16_modL1_fusion32_fusionL1_drop0p2_trmiss80_trlocclin,16,5e-05,1,32,1,0.2,lr5e-05_bs16_modL1_fusion32_fusionL1_drop0p2_trmiss80_trlocclin,13,0.5368535766998926,0.7006911238034567,0.4288793103448276,0.6611204086362811,0.4888888888888889,0.0,0.0,0.0,0.0,2002,clin,0.8
2,4,lr5e-05_bs16_modL1_fusion32_fusionL1_drop0p2_trmiss80_trlocclin,16,5e-05,1,32,1,0.2,lr5e-05_bs16_modL1_fusion32_fusionL1_drop0p2_trmiss80_trlocclin,14,0.554022029042244,0.6976167758305868,0.41810344827586204,0.6488465564800597,0.4888888888888889,0.0,0.0,0.0,0.0,2002,clin,0.8
2,4,lr5e-05_bs16_modL1_fusion32_fusionL1_drop0p2_trmiss80_trlocclin,16,5e-05,1,32,1,0.2,lr5e-05_bs16_modL1_fusion32_fusionL1_drop0p2_trmiss80_trlocclin,15,0.5488527491688728,0.6990771889686584,0.40086206896551724,0.6478380032452624,0.4888888888888889,0.0,0.0,0.0,0.0,2002,clin,0.8
2,4,lr5e-05_bs16_modL1_fusion32_fusionL1_drop0p2_trmiss80_trlocclin,16,5e-05,1,32,1,0.2,lr5e-05_bs16_modL1_fusion32_fusionL1_drop0p2_trmiss80_trlocclin,16,0.5231476078430811,0.6979091564814249,0.42025862068965514,0.6581074284490994,0.4666666666666667,0.0,0.0,0.0,0.0,2002,clin,0.8
2,4,lr5e-05_bs16_modL1_fusion32_fusionL1_drop0p2_trmiss80_trlocclin,16,5e-05,1,32,1,0.2,lr5e-05_bs16_modL1_fusion32_fusionL1_drop0p2_trmiss80_trlocclin,17,0.5358120227853457,0.702481746673584,0.40086206896551724,0.6492750541297626,0.4888888888888889,0.0,0.0,0.0,0.0,2002,clin,0.8
2,4,lr5e-05_bs16_modL1_fusion32_fusionL1_drop0p2_trmiss80_trlocclin,16,5e-05,1,32,1,0.2,lr5e-05_bs16_modL1_fusion32_fusionL1_drop0p2_trmiss80_trlocclin,18,0.517745149632295,0.7060345808664957,0.4051724137931034,0.6514048904453041,0.4222222222222222,0.0,0.0,0.0,0.0,2002,clin,0.8
2,4,lr5e-05_bs16_modL1_fusion32_fusionL1_drop0p2_trmiss80_trlocclin,16,5e-05,1,32,1,0.2,lr5e-05_bs16_modL1_fusion32_fusionL1_drop0p2_trmiss80_trlocclin,19,0.5219020992517471,0.6982669631640116,0.4094827586206897,0.6531278664427894,0.4888888888888889,0.0,0.0,0.0,0.0,2002,clin,0.8
2,4,lr5e-05_bs16_modL1_fusion32_fusionL1_drop0p2_trmiss80_trlocclin,16,5e-05,1,32,1,0.2,lr5e-05_bs16_modL1_fusion32_fusionL1_drop0p2_trmiss80_trlocclin,20,0.5261208166678747,0.6955335140228271,0.42025862068965514,0.6587051086905494,0.4666666666666667,0.0,0.0,0.0,0.0,2002,clin,0.8
2,4,lr5e-05_bs16_modL1_fusion32_fusionL1_drop0p2_trmiss80_trlocclin,16,5e-05,1,32,1,0.2,lr5e-05_bs16_modL1_fusion32_fusionL1_drop0p2_trmiss80_trlocclin,21,0.5231765359640121,0.7037456432978312,0.4030172413793104,0.6580840525679904,0.4444444444444444,0.0,0.0,0.0,0.0,2002,clin,0.8
2,4,lr5e-05_bs16_modL1_fusion32_fusionL1_drop0p1_trmiss80_trlocclin,16,5e-05,1,32,1,0.1,lr5e-05_bs16_modL1_fusion32_fusionL1_drop0p1_trmiss80_trlocclin,1,0.7066448976596197,0.6907413999239603,0.5366379310344828,0.7268904771717952,0.5555555555555556,0.0,0.0,0.0,0.0,2002,clin,0.8
2,4,lr5e-05_bs16_modL1_fusion32_fusionL1_drop0p1_trmiss80_trlocclin,16,5e-05,1,32,1,0.1,lr5e-05_bs16_modL1_fusion32_fusionL1_drop0p1_trmiss80_trlocclin,2,0.6766382356484731,0.6913833816846212,0.5474137931034483,0.7416725220457521,0.5333333333333333,0.0,0.0,0.0,0.0,2002,clin,0.8
2,4,lr5e-05_bs16_modL1_fusion32_fusionL1_drop0p1_trmiss80_trlocclin,16,5e-05,1,32,1,0.1,lr5e-05_bs16_modL1_fusion32_fusionL1_drop0p1_trmiss80_trlocclin,3,0.6306814352671305,0.6843732992808024,0.5711206896551724,0.7576712207144918,0.5777777777777777,0.0,0.0,0.0,0.0,2002,clin,0.8
2,4,lr5e-05_bs16_modL1_fusion32_fusionL1_drop0p1_trmiss80_trlocclin,16,5e-05,1,32,1,0.1,lr5e-05_bs16_modL1_fusion32_fusionL1_drop0p1_trmiss80_trlocclin,4,0.6245446850856146,0.6828788717587789,0.5969827586206896,0.7609597927805819,0.5555555555555556,0.0,0.0,0.0,0.0,2002,clin,0.8
2,4,lr5e-05_bs16_modL1_fusion32_fusionL1_drop0p1_trmiss80_trlocclin,16,5e-05,1,32,1,0.1,lr5e-05_bs16_modL1_fusion32_fusionL1_drop0p1_trmiss80_trlocclin,5,0.5965736955404282,0.6798445781071981,0.5926724137931034,0.7629877287987579,0.5777777777777777,0.0,0.0,0.0,0.0,2002,clin,0.8
2,4,lr5e-05_bs16_modL1_fusion32_fusionL1_drop0p1_trmiss80_trlocclin,16,5e-05,1,32,1,0.1,lr5e-05_bs16_modL1_fusion32_fusionL1_drop0p1_trmiss80_trlocclin,6,0.5881378998359045,0.6810443003972372,0.5797413793103449,0.751884588825352,0.5777777777777777,0.0,0.0,0.0,0.0,2002,clin,0.8
2,4,lr5e-05_bs16_modL1_fusion32_fusionL1_drop0p1_trmiss80_trlocclin,16,5e-05,1,32,1,0.1,lr5e-05_bs16_modL1_fusion32_fusionL1_drop0p1_trmiss80_trlocclin,7,0.5555865888794264,0.6906471252441406,0.5538793103448276,0.7456017321868165,0.4888888888888889,0.0,0.0,0.0,0.0,2002,clin,0.8
2,4,lr5e-05_bs16_modL1_fusion32_fusionL1_drop0p1_trmiss80_trlocclin,16,5e-05,1,32,1,0.1,lr5e-05_bs16_modL1_fusion32_fusionL1_drop0p1_trmiss80_trlocclin,8,0.5647648423910141,0.6838968793551127,0.5775862068965518,0.7649245065930375,0.5555555555555556,0.0,0.0,0.0,0.0,2002,clin,0.8
2,4,lr5e-05_bs16_modL1_fusion32_fusionL1_drop0p1_trmiss80_trlocclin,16,5e-05,1,32,1,0.1,lr5e-05_bs16_modL1_fusion32_fusionL1_drop0p1_trmiss80_trlocclin,9,0.5472488179802895,0.6780132055282593,0.5905172413793103,0.7792402568979411,0.5333333333333333,0.0,0.0,0.0,0.0,2002,clin,0.8
2,4,lr5e-05_bs16_modL1_fusion32_fusionL1_drop0p1_trmiss80_trlocclin,16,5e-05,1,32,1,0.1,lr5e-05_bs16_modL1_fusion32_fusionL1_drop0p1_trmiss80_trlocclin,10,0.539630338549614,0.6764769355456034,0.584051724137931,0.7715583442740876,0.5333333333333333,0.0,0.0,0.0,0.0,2002,clin,0.8
2,4,lr5e-05_bs16_modL1_fusion32_fusionL1_drop0p1_trmiss80_trlocclin,16,5e-05,1,32,1,0.1,lr5e-05_bs16_modL1_fusion32_fusionL1_drop0p1_trmiss80_trlocclin,11,0.5406071369846662,0.6882485151290894,0.5431034482758621,0.7447327649535243,0.5111111111111111,0.0,0.0,0.0,0.0,2002,clin,0.8
2,4,lr5e-05_bs16_modL1_fusion32_fusionL1_drop0p1_trmiss80_trlocclin,16,5e-05,1,32,1,0.1,lr5e-05_bs16_modL1_fusion32_fusionL1_drop0p1_trmiss80_trlocclin,12,0.5306911244988441,0.6840269962946574,0.5581896551724137,0.7364638483530082,0.5777777777777777,0.0,0.0,0.0,0.0,2002,clin,0.8
2,4,lr5e-05_bs16_modL1_fusion32_fusionL1_drop0p1_trmiss80_trlocclin,16,5e-05,1,32,1,0.1,lr5e-05_bs16_modL1_fusion32_fusionL1_drop0p1_trmiss80_trlocclin,13,0.510788731276989,0.6868315935134888,0.564655172413793,0.7426384290501912,0.5111111111111111,0.0,0.0,0.0,0.0,2002,clin,0.8
2,4,lr5e-05_bs16_modL1_fusion32_fusionL1_drop0p1_trmiss80_trlocclin,16,5e-05,1,32,1,0.1,lr5e-05_bs16_modL1_fusion32_fusionL1_drop0p1_trmiss80_trlocclin,14,0.49684450527032215,0.6981438597043356,0.5474137931034483,0.7538241317475176,0.4444444444444444,0.0,0.0,0.0,0.0,2002,clin,0.8
2,4,lr5e-05_bs16_modL1_fusion32_fusionL1_drop0p1_trmiss80_trlocclin,16,5e-05,1,32,1,0.1,lr5e-05_bs16_modL1_fusion32_fusionL1_drop0p1_trmiss80_trlocclin,15,0.4833368510007858,0.6830381155014038,0.5625,0.7567010632353313,0.4666666666666667,0.0,0.0,0.0,0.0,2002,clin,0.8
2,4,lr5e-05_bs16_modL1_fusion32_fusionL1_drop0p1_trmiss80_trlocclin,16,5e-05,1,32,1,0.1,lr5e-05_bs16_modL1_fusion32_fusionL1_drop0p1_trmiss80_trlocclin,16,0.4877416267991066,0.6865426301956177,0.5689655172413792,0.7345526079353165,0.5111111111111111,0.0,0.0,0.0,0.0,2002,clin,0.8
2,4,lr5e-05_bs16_modL1_fusion32_fusionL1_drop0p1_trmiss80_trlocclin,16,5e-05,1,32,1,0.1,lr5e-05_bs16_modL1_fusion32_fusionL1_drop0p1_trmiss80_trlocclin,17,0.48684316128492355,0.6779893835385641,0.5905172413793103,0.7459369729861437,0.5111111111111111,0.0,0.0,0.0,0.0,2002,clin,0.8
2,4,lr5e-05_bs16_modL1_fusion32_fusionL1_drop0p1_trmiss80_trlocclin,16,5e-05,1,32,1,0.1,lr5e-05_bs16_modL1_fusion32_fusionL1_drop0p1_trmiss80_trlocclin,18,0.48297761629025143,0.6831699212392172,0.5883620689655172,0.7500361286719998,0.5111111111111111,0.0,0.0,0.0,0.0,2002,clin,0.8
2,4,lr5e-05_bs16_modL1_fusion32_fusionL1_drop0p1_trmiss80_trlocclin,16,5e-05,1,32,1,0.1,lr5e-05_bs16_modL1_fusion32_fusionL1_drop0p1_trmiss80_trlocclin,19,0.4698321148753166,0.6895484526952108,0.5797413793103449,0.7474495194100311,0.4666666666666667,0.0,0.0,0.0,0.0,2002,clin,0.8
2,4,lr5e-05_bs16_modL1_fusion32_fusionL1_drop0p1_trmiss80_trlocclin,16,5e-05,1,32,1,0.1,lr5e-05_bs16_modL1_fusion32_fusionL1_drop0p1_trmiss80_trlocclin,20,0.4771956304709117,0.6836044192314148,0.584051724137931,0.752009962502915,0.5555555555555556,0.0,0.0,0.0,0.0,2002,clin,0.8
2,4,lr5e-05_bs16_modL1_fusion32_fusionL1_drop0p1_trmiss80_trlocclin,16,5e-05,1,32,1,0.1,lr5e-05_bs16_modL1_fusion32_fusionL1_drop0p1_trmiss80_trlocclin,21,0.47255579630533856,0.6832674344380697,0.5818965517241379,0.7485311785888881,0.5555555555555556,0.0,0.0,0.0,0.0,2002,clin,0.8
2,4,lr5e-05_bs16_modL1_fusion32_fusionL1_drop0p1_trmiss80_trlocclin,16,5e-05,1,32,1,0.1,lr5e-05_bs16_modL1_fusion32_fusionL1_drop0p1_trmiss80_trlocclin,22,0.46284663677215576,0.6711116631825765,0.5775862068965517,0.7506048961934151,0.5777777777777777,0.0,0.0,0.0,0.0,2002,clin,0.8
2,4,lr5e-05_bs16_modL1_fusion32_fusionL1_drop0p1_trmiss80_trlocclin,16,5e-05,1,32,1,0.1,lr5e-05_bs16_modL1_fusion32_fusionL1_drop0p1_trmiss80_trlocclin,23,0.4453504830598831,0.6707650621732076,0.5926724137931034,0.7613555420030436,0.5333333333333333,0.0,0.0,0.0,0.0,2002,clin,0.8
2,4,lr5e-05_bs16_modL1_fusion32_fusionL1_drop0p1_trmiss80_trlocclin,16,5e-05,1,32,1,0.1,lr5e-05_bs16_modL1_fusion32_fusionL1_drop0p1_trmiss80_trlocclin,24,0.45102184265851974,0.6828761299451193,0.5905172413793103,0.7435117018897804,0.4888888888888889,0.0,0.0,0.0,0.0,2002,clin,0.8
2,4,lr5e-05_bs16_modL1_fusion64_fusionL1_drop0p2_trmiss80_trlocclin,16,5e-05,1,64,1,0.2,lr5e-05_bs16_modL1_fusion64_fusionL1_drop0p2_trmiss80_trlocclin,1,0.7002008706331253,0.6763495008150736,0.5107758620689655,0.7374954065343655,0.6,0.0,0.0,0.0,0.0,2002,clin,0.8
2,4,lr5e-05_bs16_modL1_fusion64_fusionL1_drop0p2_trmiss80_trlocclin,16,5e-05,1,64,1,0.2,lr5e-05_bs16_modL1_fusion64_fusionL1_drop0p2_trmiss80_trlocclin,2,0.6419479325413704,0.6731795072555542,0.5129310344827586,0.7356706556945096,0.5555555555555556,0.0,0.0,0.0,0.0,2002,clin,0.8
2,4,lr5e-05_bs16_modL1_fusion64_fusionL1_drop0p2_trmiss80_trlocclin,16,5e-05,1,64,1,0.2,lr5e-05_bs16_modL1_fusion64_fusionL1_drop0p2_trmiss80_trlocclin,3,0.6263300826152166,0.6733323335647583,0.4978448275862069,0.7139320480005354,0.5777777777777777,0.0,0.0,0.0,0.0,2002,clin,0.8
2,4,lr5e-05_bs16_modL1_fusion64_fusionL1_drop0p2_trmiss80_trlocclin,16,5e-05,1,64,1,0.2,lr5e-05_bs16_modL1_fusion64_fusionL1_drop0p2_trmiss80_trlocclin,4,0.6064101060231527,0.6786405642827352,0.4913793103448276,0.7054949102364987,0.5333333333333333,0.0,0.0,0.0,0.0,2002,clin,0.8
2,4,lr5e-05_bs16_modL1_fusion64_fusionL1_drop0p2_trmiss80_trlocclin,16,5e-05,1,64,1,0.2,lr5e-05_bs16_modL1_fusion64_fusionL1_drop0p2_trmiss80_trlocclin,5,0.6069551010926565,0.6754140853881836,0.47629310344827586,0.7152163213323153,0.4666666666666667,0.0,0.0,0.0,0.0,2002,clin,0.8
2,4,lr5e-05_bs16_modL1_fusion64_fusionL1_drop0p2_trmiss80_trlocclin,16,5e-05,1,64,1,0.2,lr5e-05_bs16_modL1_fusion64_fusionL1_drop0p2_trmiss80_trlocclin,6,0.6061957304676374,0.672921379407247,0.5021551724137931,0.7218924679349279,0.4888888888888889,0.0,0.0,0.0,0.0,2002,clin,0.8
2,4,lr5e-05_bs16_modL1_fusion64_fusionL1_drop0p2_trmiss80_trlocclin,16,5e-05,1,64,1,0.2,lr5e-05_bs16_modL1_fusion64_fusionL1_drop0p2_trmiss80_trlocclin,7,0.5734387785196304,0.6732661525408427,0.5043103448275862,0.719238637807087,0.5555555555555556,0.0,0.0,0.0,0.0,2002,clin,0.8
2,4,lr5e-05_bs16_modL1_fusion64_fusionL1_drop0p2_trmiss80_trlocclin,16,5e-05,1,64,1,0.2,lr5e-05_bs16_modL1_fusion64_fusionL1_drop0p2_trmiss80_trlocclin,8,0.5724082738161087,0.6757756471633911,0.5129310344827587,0.728554382827113,0.5555555555555556,0.0,0.0,0.0,0.0,2002,clin,0.8
2,4,lr5e-05_bs16_modL1_fusion64_fusionL1_drop0p2_trmiss80_trlocclin,16,5e-05,1,64,1,0.2,lr5e-05_bs16_modL1_fusion64_fusionL1_drop0p2_trmiss80_trlocclin,9,0.5685787027080854,0.6747934222221375,0.5301724137931034,0.7243599389997354,0.5777777777777777,0.0,0.0,0.0,0.0,2002,clin,0.8
2,4,lr5e-05_bs16_modL1_fusion64_fusionL1_drop0p2_trmiss80_trlocclin,16,5e-05,1,64,1,0.2,lr5e-05_bs16_modL1_fusion64_fusionL1_drop0p2_trmiss80_trlocclin,10,0.5496856843431791,0.6799472769101461,0.5150862068965517,0.7174584162786344,0.5111111111111111,0.0,0.0,0.0,0.0,2002,clin,0.8
2,4,lr5e-05_bs16_modL1_fusion64_fusionL1_drop0p2_trmiss80_trlocclin,16,5e-05,1,64,1,0.2,lr5e-05_bs16_modL1_fusion64_fusionL1_drop0p2_trmiss80_trlocclin,11,0.5304207454125086,0.6780912081400553,0.5172413793103448,0.7215567634232218,0.5111111111111111,0.0,0.0,0.0,0.0,2002,clin,0.8
2,4,lr5e-05_bs16_modL1_fusion64_fusionL1_drop0p2_trmiss80_trlocclin,16,5e-05,1,64,1,0.2,lr5e-05_bs16_modL1_fusion64_fusionL1_drop0p2_trmiss80_trlocclin,12,0.5675145412484804,0.6707750558853149,0.5301724137931034,0.7398536447813894,0.5555555555555556,0.0,0.0,0.0,0.0,2002,clin,0.8
2,4,lr5e-05_bs16_modL1_fusion64_fusionL1_drop0p2_trmiss80_trlocclin,16,5e-05,1,64,1,0.2,lr5e-05_bs16_modL1_fusion64_fusionL1_drop0p2_trmiss80_trlocclin,13,0.5208755532900492,0.6803434093793234,0.5474137931034482,0.7278463490540839,0.4888888888888889,0.0,0.0,0.0,0.0,2002,clin,0.8
2,4,lr5e-05_bs16_modL1_fusion64_fusionL1_drop0p2_trmiss80_trlocclin,16,5e-05,1,64,1,0.2,lr5e-05_bs16_modL1_fusion64_fusionL1_drop0p2_trmiss80_trlocclin,14,0.5398567294081053,0.6756233175595602,0.5387931034482759,0.7241330146071612,0.6,0.0,0.0,0.0,0.0,2002,clin,0.8
2,4,lr5e-05_bs16_modL1_fusion64_fusionL1_drop0p2_trmiss80_trlocclin,16,5e-05,1,64,1,0.2,lr5e-05_bs16_modL1_fusion64_fusionL1_drop0p2_trmiss80_trlocclin,15,0.48447151730457944,0.6859752337137858,0.5043103448275862,0.7089216962620573,0.5111111111111111,0.0,0.0,0.0,0.0,2002,clin,0.8
2,4,lr5e-05_bs16_modL1_fusion64_fusionL1_drop0p2_trmiss80_trlocclin,16,5e-05,1,64,1,0.2,lr5e-05_bs16_modL1_fusion64_fusionL1_drop0p2_trmiss80_trlocclin,16,0.5064030662178993,0.6877568165461222,0.5172413793103448,0.7202342439293702,0.4666666666666667,0.0,0.0,0.0,0.0,2002,clin,0.8
2,4,lr5e-05_bs16_modL1_fusion64_fusionL1_drop0p2_trmiss80_trlocclin,16,5e-05,1,64,1,0.2,lr5e-05_bs16_modL1_fusion64_fusionL1_drop0p2_trmiss80_trlocclin,17,0.4926995784044266,0.6872568329175314,0.5193965517241379,0.7407790918665624,0.4666666666666667,0.0,0.0,0.0,0.0,2002,clin,0.8
2,4,lr5e-05_bs16_modL1_fusion64_fusionL1_drop0p2_trmiss80_trlocclin,16,5e-05,1,64,1,0.2,lr5e-05_bs16_modL1_fusion64_fusionL1_drop0p2_trmiss80_trlocclin,18,0.49213481694459915,0.6873010993003845,0.5344827586206896,0.7487504573383543,0.5111111111111111,0.0,0.0,0.0,0.0,2002,clin,0.8
2,4,lr5e-05_bs16_modL1_fusion64_fusionL1_drop0p2_trmiss80_trlocclin,16,5e-05,1,64,1,0.2,lr5e-05_bs16_modL1_fusion64_fusionL1_drop0p2_trmiss80_trlocclin,19,0.45976688961188,0.6883498032887777,0.5150862068965517,0.7211972533332448,0.4888888888888889,0.0,0.0,0.0,0.0,2002,clin,0.8
2,4,lr5e-05_bs16_modL1_fusion64_fusionL1_drop0p2_trmiss80_trlocclin,16,5e-05,1,64,1,0.2,lr5e-05_bs16_modL1_fusion64_fusionL1_drop0p2_trmiss80_trlocclin,20,0.48015915354092914,0.6983916163444519,0.5107758620689655,0.7244994177860403,0.4888888888888889,0.0,0.0,0.0,0.0,2002,clin,0.8
2,4,lr5e-05_bs16_modL1_fusion64_fusionL1_drop0p2_trmiss80_trlocclin,16,5e-05,1,64,1,0.2,lr5e-05_bs16_modL1_fusion64_fusionL1_drop0p2_trmiss80_trlocclin,21,0.45713482548793155,0.6849563121795654,0.5280172413793104,0.7407377532480137,0.5333333333333333,0.0,0.0,0.0,0.0,2002,clin,0.8
2,4,lr5e-05_bs16_modL1_fusion64_fusionL1_drop0p2_trmiss80_trlocclin,16,5e-05,1,64,1,0.2,lr5e-05_bs16_modL1_fusion64_fusionL1_drop0p2_trmiss80_trlocclin,22,0.4460485676924388,0.6902590195337931,0.521551724137931,0.7369353089644708,0.5111111111111111,0.0,0.0,0.0,0.0,2002,clin,0.8
2,4,lr5e-05_bs16_modL1_fusion64_fusionL1_drop0p2_trmiss80_trlocclin,16,5e-05,1,64,1,0.2,lr5e-05_bs16_modL1_fusion64_fusionL1_drop0p2_trmiss80_trlocclin,23,0.4827827091018359,0.6873446504275004,0.519396551724138,0.7302368926874436,0.4666666666666667,0.0,0.0,0.0,0.0,2002,clin,0.8
2,4,lr5e-05_bs16_modL1_fusion64_fusionL1_drop0p2_trmiss80_trlocclin,16,5e-05,1,64,1,0.2,lr5e-05_bs16_modL1_fusion64_fusionL1_drop0p2_trmiss80_trlocclin,24,0.4429607292016347,0.6841164032618204,0.5452586206896551,0.7470892847347093,0.4888888888888889,0.0,0.0,0.0,0.0,2002,clin,0.8
2,4,lr5e-05_bs16_modL1_fusion64_fusionL1_drop0p2_trmiss80_trlocclin,16,5e-05,1,64,1,0.2,lr5e-05_bs16_modL1_fusion64_fusionL1_drop0p2_trmiss80_trlocclin,25,0.4454782505830129,0.6775059501330057,0.5323275862068966,0.7350044224045239,0.4666666666666667,0.0,0.0,0.0,0.0,2002,clin,0.8
2,4,lr5e-05_bs16_modL1_fusion64_fusionL1_drop0p2_trmiss80_trlocclin,16,5e-05,1,64,1,0.2,lr5e-05_bs16_modL1_fusion64_fusionL1_drop0p2_trmiss80_trlocclin,26,0.45042285571495694,0.6712559461593628,0.5517241379310345,0.754286254165847,0.4888888888888889,0.0,0.0,0.0,0.0,2002,clin,0.8
2,4,lr5e-05_bs16_modL1_fusion64_fusionL1_drop0p2_trmiss80_trlocclin,16,5e-05,1,64,1,0.2,lr5e-05_bs16_modL1_fusion64_fusionL1_drop0p2_trmiss80_trlocclin,27,0.4370584587256114,0.6815225680669149,0.5452586206896551,0.7551676670343863,0.4888888888888889,0.0,0.0,0.0,0.0,2002,clin,0.8
2,4,lr5e-05_bs16_modL1_fusion64_fusionL1_drop0p2_trmiss80_trlocclin,16,5e-05,1,64,1,0.2,lr5e-05_bs16_modL1_fusion64_fusionL1_drop0p2_trmiss80_trlocclin,28,0.44847392787535983,0.676324188709259,0.5517241379310345,0.7513290208573806,0.4888888888888889,0.0,0.0,0.0,0.0,2002,clin,0.8
2,4,lr5e-05_bs16_modL1_fusion64_fusionL1_drop0p2_trmiss80_trlocclin,16,5e-05,1,64,1,0.2,lr5e-05_bs16_modL1_fusion64_fusionL1_drop0p2_trmiss80_trlocclin,29,0.42874787002801895,0.6739980578422546,0.5431034482758621,0.7412737769157113,0.4666666666666667,0.0,0.0,0.0,0.0,2002,clin,0.8
2,4,lr5e-05_bs16_modL1_fusion64_fusionL1_drop0p2_trmiss80_trlocclin,16,5e-05,1,64,1,0.2,lr5e-05_bs16_modL1_fusion64_fusionL1_drop0p2_trmiss80_trlocclin,30,0.4487869267662366,0.6722354690233866,0.5366379310344828,0.7339932442033436,0.4666666666666667,0.0,0.0,0.0,0.0,2002,clin,0.8
2,4,lr5e-05_bs16_modL1_fusion64_fusionL1_drop0p2_trmiss80_trlocclin,16,5e-05,1,64,1,0.2,lr5e-05_bs16_modL1_fusion64_fusionL1_drop0p2_trmiss80_trlocclin,31,0.43158625314633053,0.6838716665903727,0.5237068965517242,0.7295256503024069,0.4666666666666667,0.0,0.0,0.0,0.0,2002,clin,0.8
2,4,lr5e-05_bs16_modL1_fusion64_fusionL1_drop0p2_trmiss80_trlocclin,16,5e-05,1,64,1,0.2,lr5e-05_bs16_modL1_fusion64_fusionL1_drop0p2_trmiss80_trlocclin,32,0.4356098845601082,0.6916840076446533,0.5280172413793103,0.7320055275371441,0.5111111111111111,0.0,0.0,0.0,0.0,2002,clin,0.8
2,4,lr5e-05_bs16_modL1_fusion64_fusionL1_drop0p2_trmiss80_trlocclin,16,5e-05,1,64,1,0.2,lr5e-05_bs16_modL1_fusion64_fusionL1_drop0p2_trmiss80_trlocclin,33,0.43202775220076245,0.6883708039919535,0.5366379310344828,0.7346693767253177,0.5111111111111111,0.0,0.0,0.0,0.0,2002,clin,0.8
2,4,lr5e-05_bs16_modL1_fusion64_fusionL1_drop0p2_trmiss80_trlocclin,16,5e-05,1,64,1,0.2,lr5e-05_bs16_modL1_fusion64_fusionL1_drop0p2_trmiss80_trlocclin,34,0.4332399864991506,0.683051347732544,0.5474137931034483,0.7496498098599091,0.4888888888888889,0.0,0.0,0.0,0.0,2002,clin,0.8
2,4,lr5e-05_bs16_modL1_fusion64_fusionL1_drop0p2_trmiss80_trlocclin,16,5e-05,1,64,1,0.2,lr5e-05_bs16_modL1_fusion64_fusionL1_drop0p2_trmiss80_trlocclin,35,0.44222115228573483,0.6900681058565775,0.5237068965517241,0.7201410157841942,0.4666666666666667,0.0,0.0,0.0,0.0,2002,clin,0.8
2,4,lr5e-05_bs16_modL1_fusion64_fusionL1_drop0p2_trmiss80_trlocclin,16,5e-05,1,64,1,0.2,lr5e-05_bs16_modL1_fusion64_fusionL1_drop0p2_trmiss80_trlocclin,36,0.42335064460833866,0.6914072235425314,0.521551724137931,0.725713653913347,0.4666666666666667,0.0,0.0,0.0,0.0,2002,clin,0.8
2,4,lr5e-05_bs16_modL1_fusion64_fusionL1_drop0p2_trmiss80_trlocclin,16,5e-05,1,64,1,0.2,lr5e-05_bs16_modL1_fusion64_fusionL1_drop0p2_trmiss80_trlocclin,37,0.4361656804879506,0.6893032590548197,0.5301724137931034,0.7319727322813563,0.4444444444444444,0.0,0.0,0.0,0.0,2002,clin,0.8
2,4,lr5e-05_bs16_modL1_fusion64_fusionL1_drop0p2_trmiss80_trlocclin,16,5e-05,1,64,1,0.2,lr5e-05_bs16_modL1_fusion64_fusionL1_drop0p2_trmiss80_trlocclin,38,0.43303684641917545,0.6739309827486674,0.5495689655172413,0.7447621068297912,0.4888888888888889,0.0,0.0,0.0,0.0,2002,clin,0.8
2,4,lr5e-05_bs16_modL1_fusion64_fusionL1_drop0p2_trmiss80_trlocclin,16,5e-05,1,64,1,0.2,lr5e-05_bs16_modL1_fusion64_fusionL1_drop0p2_trmiss80_trlocclin,39,0.4429990202188492,0.6908318400382996,0.5280172413793104,0.7257129146017935,0.4666666666666667,0.0,0.0,0.0,0.0,2002,clin,0.8
2,4,lr5e-05_bs16_modL1_fusion64_fusionL1_drop0p2_trmiss80_trlocclin,16,5e-05,1,64,1,0.2,lr5e-05_bs16_modL1_fusion64_fusionL1_drop0p2_trmiss80_trlocclin,40,0.42174298564593,0.688187857468923,0.5237068965517242,0.7245352978695703,0.4888888888888889,0.0,0.0,0.0,0.0,2002,clin,0.8
2,4,lr5e-05_bs16_modL1_fusion64_fusionL1_drop0p2_trmiss80_trlocclin,16,5e-05,1,64,1,0.2,lr5e-05_bs16_modL1_fusion64_fusionL1_drop0p2_trmiss80_trlocclin,41,0.42362166444460553,0.6800697445869446,0.540948275862069,0.7381637292304667,0.4888888888888889,0.0,0.0,0.0,0.0,2002,clin,0.8
2,4,lr5e-05_bs16_modL1_fusion64_fusionL1_drop0p2_trmiss80_trlocclin,16,5e-05,1,64,1,0.2,lr5e-05_bs16_modL1_fusion64_fusionL1_drop0p2_trmiss80_trlocclin,42,0.43199945737918216,0.6766662001609802,0.5280172413793104,0.7277070798445978,0.4666666666666667,0.0,0.0,0.0,0.0,2002,clin,0.8
2,4,lr5e-05_bs16_modL1_fusion64_fusionL1_drop0p2_trmiss80_trlocclin,16,5e-05,1,64,1,0.2,lr5e-05_bs16_modL1_fusion64_fusionL1_drop0p2_trmiss80_trlocclin,43,0.42566274106502533,0.6886634429295858,0.5172413793103448,0.7183606618541799,0.4666666666666667,0.0,0.0,0.0,0.0,2002,clin,0.8
2,4,lr5e-05_bs16_modL1_fusion64_fusionL1_drop0p2_trmiss80_trlocclin,16,5e-05,1,64,1,0.2,lr5e-05_bs16_modL1_fusion64_fusionL1_drop0p2_trmiss80_trlocclin,44,0.42223091920216876,0.6879184047381083,0.521551724137931,0.7223729622226612,0.4666666666666667,0.0,0.0,0.0,0.0,2002,clin,0.8
2,4,lr5e-05_bs16_modL1_fusion64_fusionL1_drop0p2_trmiss80_trlocclin,16,5e-05,1,64,1,0.2,lr5e-05_bs16_modL1_fusion64_fusionL1_drop0p2_trmiss80_trlocclin,45,0.4119630853335063,0.6876447200775146,0.5344827586206896,0.7358380500343914,0.4666666666666667,0.0,0.0,0.0,0.0,2002,clin,0.8
2,4,lr5e-05_bs16_modL1_fusion64_fusionL1_drop0p2_trmiss80_trlocclin,16,5e-05,1,64,1,0.2,lr5e-05_bs16_modL1_fusion64_fusionL1_drop0p2_trmiss80_trlocclin,46,0.4496583541234334,0.6899369160334269,0.5258620689655172,0.7275932678966872,0.4666666666666667,0.0,0.0,0.0,0.0,2002,clin,0.8
2,4,lr5e-05_bs16_modL1_fusion64_fusionL1_drop0p1_trmiss80_trlocclin,16,5e-05,1,64,1,0.1,lr5e-05_bs16_modL1_fusion64_fusionL1_drop0p1_trmiss80_trlocclin,1,0.6848648836215337,0.6883121728897095,0.4633620689655173,0.646081484594565,0.5333333333333333,0.0,0.0,0.0,0.0,2002,clin,0.8
2,4,lr5e-05_bs16_modL1_fusion64_fusionL1_drop0p1_trmiss80_trlocclin,16,5e-05,1,64,1,0.1,lr5e-05_bs16_modL1_fusion64_fusionL1_drop0p1_trmiss80_trlocclin,2,0.6655464023351669,0.6928524573644003,0.4676724137931034,0.648794129820117,0.5111111111111111,0.0,0.0,0.0,0.0,2002,clin,0.8
2,4,lr5e-05_bs16_modL1_fusion64_fusionL1_drop0p1_trmiss80_trlocclin,16,5e-05,1,64,1,0.1,lr5e-05_bs16_modL1_fusion64_fusionL1_drop0p1_trmiss80_trlocclin,3,0.653407946228981,0.6947515805562338,0.43103448275862066,0.6322152534502848,0.5777777777777777,0.0,0.0,0.0,0.0,2002,clin,0.8
2,4,lr5e-05_bs16_modL1_fusion64_fusionL1_drop0p1_trmiss80_trlocclin,16,5e-05,1,64,1,0.1,lr5e-05_bs16_modL1_fusion64_fusionL1_drop0p1_trmiss80_trlocclin,4,0.6233420471350352,0.7046703894933065,0.4245689655172414,0.6257701326344781,0.5111111111111111,0.0,0.0,0.0,0.0,2002,clin,0.8
2,4,lr5e-05_bs16_modL1_fusion64_fusionL1_drop0p1_trmiss80_trlocclin,16,5e-05,1,64,1,0.1,lr5e-05_bs16_modL1_fusion64_fusionL1_drop0p1_trmiss80_trlocclin,5,0.606700470050176,0.7001051505406698,0.46120689655172414,0.6237694746612793,0.5333333333333333,0.0,0.0,0.0,0.0,2002,clin,0.8
2,4,lr5e-05_bs16_modL1_fusion64_fusionL1_drop0p1_trmiss80_trlocclin,16,5e-05,1,64,1,0.1,lr5e-05_bs16_modL1_fusion64_fusionL1_drop0p1_trmiss80_trlocclin,6,0.5992995699246725,0.6963294545809428,0.4870689655172414,0.6584479635682049,0.5111111111111111,0.0,0.0,0.0,0.0,2002,clin,0.8
2,4,lr5e-05_bs16_modL1_fusion64_fusionL1_drop0p1_trmiss80_trlocclin,16,5e-05,1,64,1,0.1,lr5e-05_bs16_modL1_fusion64_fusionL1_drop0p1_trmiss80_trlocclin,7,0.5571664174397787,0.6929184595743815,0.47844827586206895,0.6414614876628079,0.5333333333333333,0.0,0.0,0.0,0.0,2002,clin,0.8
2,4,lr5e-05_bs16_modL1_fusion64_fusionL1_drop0p1_trmiss80_trlocclin,16,5e-05,1,64,1,0.1,lr5e-05_bs16_modL1_fusion64_fusionL1_drop0p1_trmiss80_trlocclin,8,0.5494673699140549,0.6925155917803446,0.4633620689655173,0.6515501217818168,0.5555555555555556,0.0,0.0,0.0,0.0,2002,clin,0.8
2,4,lr5e-05_bs16_modL1_fusion64_fusionL1_drop0p1_trmiss80_trlocclin,16,5e-05,1,64,1,0.1,lr5e-05_bs16_modL1_fusion64_fusionL1_drop0p1_trmiss80_trlocclin,9,0.5560863067706426,0.6957527200380961,0.46336206896551724,0.6386116239890872,0.4888888888888889,0.0,0.0,0.0,0.0,2002,clin,0.8
2,4,lr5e-05_bs16_modL1_fusion64_fusionL1_drop0p1_trmiss80_trlocclin,16,5e-05,1,64,1,0.1,lr5e-05_bs16_modL1_fusion64_fusionL1_drop0p1_trmiss80_trlocclin,10,0.5444007019201914,0.6849855780601501,0.49137931034482757,0.6542536263969674,0.5777777777777777,0.0,0.0,0.0,0.0,2002,clin,0.8
2,4,lr5e-05_bs16_modL1_fusion64_fusionL1_drop0p1_trmiss80_trlocclin,16,5e-05,1,64,1,0.1,lr5e-05_bs16_modL1_fusion64_fusionL1_drop0p1_trmiss80_trlocclin,11,0.5491861353317896,0.6862096389134725,0.5323275862068966,0.6855015126972814,0.5111111111111111,0.0,0.0,0.0,0.0,2002,clin,0.8
2,4,lr5e-05_bs16_modL1_fusion64_fusionL1_drop0p1_trmiss80_trlocclin,16,5e-05,1,64,1,0.1,lr5e-05_bs16_modL1_fusion64_fusionL1_drop0p1_trmiss80_trlocclin,12,0.5415567681193352,0.6921140551567078,0.5258620689655171,0.6651936041025681,0.5333333333333333,0.0,0.0,0.0,0.0,2002,clin,0.8
2,4,lr5e-05_bs16_modL1_fusion64_fusionL1_drop0p1_trmiss80_trlocclin,16,5e-05,1,64,1,0.1,lr5e-05_bs16_modL1_fusion64_fusionL1_drop0p1_trmiss80_trlocclin,13,0.5304532299439112,0.683249314626058,0.5344827586206896,0.6713286432732904,0.5555555555555556,0.0,0.0,0.0,0.0,2002,clin,0.8
2,4,lr5e-05_bs16_modL1_fusion64_fusionL1_drop0p1_trmiss80_trlocclin,16,5e-05,1,64,1,0.1,lr5e-05_bs16_modL1_fusion64_fusionL1_drop0p1_trmiss80_trlocclin,14,0.5285611972212791,0.6872193217277527,0.5344827586206897,0.6701151823053895,0.5555555555555556,0.0,0.0,0.0,0.0,2002,clin,0.8
2,4,lr5e-05_bs16_modL1_fusion64_fusionL1_drop0p1_trmiss80_trlocclin,16,5e-05,1,64,1,0.1,lr5e-05_bs16_modL1_fusion64_fusionL1_drop0p1_trmiss80_trlocclin,15,0.516905260582765,0.6840524872144064,0.5560344827586207,0.6834717498862979,0.5333333333333333,0.0,0.0,0.0,0.0,2002,clin,0.8
2,4,lr5e-05_bs16_modL1_fusion64_fusionL1_drop0p1_trmiss80_trlocclin,16,5e-05,1,64,1,0.1,lr5e-05_bs16_modL1_fusion64_fusionL1_drop0p1_trmiss80_trlocclin,16,0.5134409467379252,0.6840003132820129,0.5323275862068966,0.6721706175825262,0.5333333333333333,0.0,0.0,0.0,0.0,2002,clin,0.8
2,4,lr5e-05_bs16_modL1_fusion64_fusionL1_drop0p1_trmiss80_trlocclin,16,5e-05,1,64,1,0.1,lr5e-05_bs16_modL1_fusion64_fusionL1_drop0p1_trmiss80_trlocclin,17,0.49213418116172153,0.6849681536356608,0.5344827586206896,0.6741624945693533,0.5333333333333333,0.0,0.0,0.0,0.0,2002,clin,0.8
2,4,lr5e-05_bs16_modL1_fusion64_fusionL1_drop0p1_trmiss80_trlocclin,16,5e-05,1,64,1,0.1,lr5e-05_bs16_modL1_fusion64_fusionL1_drop0p1_trmiss80_trlocclin,18,0.504363514482975,0.6824872295061747,0.5603448275862069,0.6888694337691731,0.5555555555555556,0.0,0.0,0.0,0.0,2002,clin,0.8
2,4,lr5e-05_bs16_modL1_fusion64_fusionL1_drop0p1_trmiss80_trlocclin,16,5e-05,1,64,1,0.1,lr5e-05_bs16_modL1_fusion64_fusionL1_drop0p1_trmiss80_trlocclin,19,0.5072453444202741,0.684919536113739,0.5474137931034483,0.6806247369115006,0.5111111111111111,0.0,0.0,0.0,0.0,2002,clin,0.8
2,4,lr5e-05_bs16_modL1_fusion64_fusionL1_drop0p1_trmiss80_trlocclin,16,5e-05,1,64,1,0.1,lr5e-05_bs16_modL1_fusion64_fusionL1_drop0p1_trmiss80_trlocclin,20,0.5037637948989868,0.6824705203374227,0.5668103448275863,0.6921963102336852,0.5555555555555556,0.0,0.0,0.0,0.0,2002,clin,0.8
2,4,lr5e-05_bs16_modL1_fusion64_fusionL1_drop0p1_trmiss80_trlocclin,16,5e-05,1,64,1,0.1,lr5e-05_bs16_modL1_fusion64_fusionL1_drop0p1_trmiss80_trlocclin,21,0.4956959957877795,0.6789033611615499,0.5689655172413793,0.691265930020679,0.5555555555555556,0.0,0.0,0.0,0.0,2002,clin,0.8
2,4,lr5e-05_bs16_modL1_fusion64_fusionL1_drop0p1_trmiss80_trlocclin,16,5e-05,1,64,1,0.1,lr5e-05_bs16_modL1_fusion64_fusionL1_drop0p1_trmiss80_trlocclin,22,0.4930586516857147,0.678161084651947,0.5797413793103449,0.6941430488125566,0.5777777777777777,0.0,0.0,0.0,0.0,2002,clin,0.8
2,4,lr5e-05_bs16_modL1_fusion64_fusionL1_drop0p1_trmiss80_trlocclin,16,5e-05,1,64,1,0.1,lr5e-05_bs16_modL1_fusion64_fusionL1_drop0p1_trmiss80_trlocclin,23,0.4756190652648608,0.6789959867795309,0.5754310344827586,0.6945245267127288,0.5777777777777777,0.0,0.0,0.0,0.0,2002,clin,0.8
2,4,lr5e-05_bs16_modL1_fusion64_fusionL1_drop0p1_trmiss80_trlocclin,16,5e-05,1,64,1,0.1,lr5e-05_bs16_modL1_fusion64_fusionL1_drop0p1_trmiss80_trlocclin,24,0.4713018387556076,0.6735553940137228,0.603448275862069,0.7149869542185098,0.6,0.0,0.0,0.0,0.0,2002,clin,0.8
2,4,lr5e-05_bs16_modL1_fusion64_fusionL1_drop0p1_trmiss80_trlocclin,16,5e-05,1,64,1,0.1,lr5e-05_bs16_modL1_fusion64_fusionL1_drop0p1_trmiss80_trlocclin,25,0.4708728517095248,0.6712650458017985,0.6056034482758621,0.7118994964605091,0.6222222222222222,0.0,0.0,0.0,0.0,2002,clin,0.8
2,4,lr5e-05_bs16_modL1_fusion64_fusionL1_drop0p1_trmiss80_trlocclin,16,5e-05,1,64,1,0.1,lr5e-05_bs16_modL1_fusion64_fusionL1_drop0p1_trmiss80_trlocclin,26,0.4644908333818118,0.667084813117981,0.584051724137931,0.6989465606544398,0.6,0.0,0.0,0.0,0.0,2002,clin,0.8
2,4,lr5e-05_bs16_modL1_fusion64_fusionL1_drop0p1_trmiss80_trlocclin,16,5e-05,1,64,1,0.1,lr5e-05_bs16_modL1_fusion64_fusionL1_drop0p1_trmiss80_trlocclin,27,0.45533496389786404,0.6781416138013204,0.584051724137931,0.7025390755031279,0.5777777777777777,0.0,0.0,0.0,0.0,2002,clin,0.8
2,4,lr5e-05_bs16_modL1_fusion64_fusionL1_drop0p1_trmiss80_trlocclin,16,5e-05,1,64,1,0.1,lr5e-05_bs16_modL1_fusion64_fusionL1_drop0p1_trmiss80_trlocclin,28,0.4499940151969592,0.6746429403622946,0.5862068965517242,0.7215216775750641,0.5777777777777777,0.0,0.0,0.0,0.0,2002,clin,0.8
2,4,lr5e-05_bs16_modL1_fusion64_fusionL1_drop0p1_trmiss80_trlocclin,16,5e-05,1,64,1,0.1,lr5e-05_bs16_modL1_fusion64_fusionL1_drop0p1_trmiss80_trlocclin,29,0.4416932016611099,0.6626358032226562,0.5926724137931033,0.7287782178367228,0.5777777777777777,0.0,0.0,0.0,0.0,2002,clin,0.8
2,4,lr5e-05_bs16_modL1_fusion64_fusionL1_drop0p1_trmiss80_trlocclin,16,5e-05,1,64,1,0.1,lr5e-05_bs16_modL1_fusion64_fusionL1_drop0p1_trmiss80_trlocclin,30,0.43044395248095196,0.6628659168879191,0.6077586206896551,0.7469241770469626,0.5555555555555556,0.0,0.0,0.0,0.0,2002,clin,0.8
2,4,lr5e-05_bs16_modL1_fusion64_fusionL1_drop0p1_trmiss80_trlocclin,16,5e-05,1,64,1,0.1,lr5e-05_bs16_modL1_fusion64_fusionL1_drop0p1_trmiss80_trlocclin,31,0.44260302434364956,0.6678389509518942,0.6012931034482758,0.7358738535590758,0.5777777777777777,0.0,0.0,0.0,0.0,2002,clin,0.8
2,4,lr5e-05_bs16_modL1_fusion64_fusionL1_drop0p1_trmiss80_trlocclin,16,5e-05,1,64,1,0.1,lr5e-05_bs16_modL1_fusion64_fusionL1_drop0p1_trmiss80_trlocclin,32,0.4244309738278389,0.663462221622467,0.6228448275862069,0.7593685632541672,0.6,0.0,0.0,0.0,0.0,2002,clin,0.8
2,4,lr5e-05_bs16_modL1_fusion64_fusionL1_drop0p1_trmiss80_trlocclin,16,5e-05,1,64,1,0.1,lr5e-05_bs16_modL1_fusion64_fusionL1_drop0p1_trmiss80_trlocclin,33,0.4282115598519643,0.6563656330108643,0.6206896551724137,0.7332069322379,0.6444444444444445,0.0,0.0,0.0,0.0,2002,clin,0.8
2,4,lr5e-05_bs16_modL1_fusion64_fusionL1_drop0p1_trmiss80_trlocclin,16,5e-05,1,64,1,0.1,lr5e-05_bs16_modL1_fusion64_fusionL1_drop0p1_trmiss80_trlocclin,34,0.4341127276420593,0.654380222161611,0.6422413793103448,0.7405876946881387,0.6444444444444445,0.0,0.0,0.0,0.0,2002,clin,0.8
2,4,lr5e-05_bs16_modL1_fusion64_fusionL1_drop0p1_trmiss80_trlocclin,16,5e-05,1,64,1,0.1,lr5e-05_bs16_modL1_fusion64_fusionL1_drop0p1_trmiss80_trlocclin,35,0.4182078093290329,0.6514283021291097,0.6573275862068966,0.7664974548565522,0.6444444444444445,0.0,0.0,0.0,0.0,2002,clin,0.8
2,4,lr5e-05_bs16_modL1_fusion64_fusionL1_drop0p1_trmiss80_trlocclin,16,5e-05,1,64,1,0.1,lr5e-05_bs16_modL1_fusion64_fusionL1_drop0p1_trmiss80_trlocclin,36,0.4508264288306236,0.647113045056661,0.6530172413793104,0.7395703666843794,0.6666666666666666,0.0,0.0,0.0,0.0,2002,clin,0.8
2,4,lr5e-05_bs16_modL1_fusion64_fusionL1_drop0p1_trmiss80_trlocclin,16,5e-05,1,64,1,0.1,lr5e-05_bs16_modL1_fusion64_fusionL1_drop0p1_trmiss80_trlocclin,37,0.41561859597762424,0.6584503451983134,0.627155172413793,0.7282917140418232,0.6,0.0,0.0,0.0,0.0,2002,clin,0.8
2,4,lr5e-05_bs16_modL1_fusion64_fusionL1_drop0p1_trmiss80_trlocclin,16,5e-05,1,64,1,0.1,lr5e-05_bs16_modL1_fusion64_fusionL1_drop0p1_trmiss80_trlocclin,38,0.4214815671245257,0.6507872343063354,0.6530172413793104,0.7422495607243478,0.6222222222222222,0.0,0.0,0.0,0.0,2002,clin,0.8
2,4,lr5e-05_bs16_modL1_fusion64_fusionL1_drop0p1_trmiss80_trlocclin,16,5e-05,1,64,1,0.1,lr5e-05_bs16_modL1_fusion64_fusionL1_drop0p1_trmiss80_trlocclin,39,0.3979688237110774,0.6566464900970459,0.6551724137931034,0.7431587857032893,0.5777777777777777,0.0,0.0,0.0,0.0,2002,clin,0.8
2,4,lr5e-05_bs16_modL1_fusion64_fusionL1_drop0p1_trmiss80_trlocclin,16,5e-05,1,64,1,0.1,lr5e-05_bs16_modL1_fusion64_fusionL1_drop0p1_trmiss80_trlocclin,40,0.39508873224258423,0.6500964562098185,0.6379310344827587,0.735166415998258,0.6,0.0,0.0,0.0,0.0,2002,clin,0.8
2,4,lr5e-05_bs16_modL1_fusion64_fusionL1_drop0p1_trmiss80_trlocclin,16,5e-05,1,64,1,0.1,lr5e-05_bs16_modL1_fusion64_fusionL1_drop0p1_trmiss80_trlocclin,41,0.42232950031757355,0.6655416488647461,0.6336206896551725,0.7432202329085773,0.5777777777777777,0.0,0.0,0.0,0.0,2002,clin,0.8
2,4,lr5e-05_bs16_modL1_fusion64_fusionL1_drop0p1_trmiss80_trlocclin,16,5e-05,1,64,1,0.1,lr5e-05_bs16_modL1_fusion64_fusionL1_drop0p1_trmiss80_trlocclin,42,0.39838971197605133,0.6600326299667358,0.6508620689655172,0.7482956007020094,0.6222222222222222,0.0,0.0,0.0,0.0,2002,clin,0.8
2,4,lr5e-05_bs16_modL1_fusion64_fusionL1_drop0p1_trmiss80_trlocclin,16,5e-05,1,64,1,0.1,lr5e-05_bs16_modL1_fusion64_fusionL1_drop0p1_trmiss80_trlocclin,43,0.40926361332337063,0.6502595941225687,0.646551724137931,0.7423398438314446,0.6222222222222222,0.0,0.0,0.0,0.0,2002,clin,0.8
2,4,lr5e-05_bs16_modL1_fusion64_fusionL1_drop0p1_trmiss80_trlocclin,16,5e-05,1,64,1,0.1,lr5e-05_bs16_modL1_fusion64_fusionL1_drop0p1_trmiss80_trlocclin,44,0.38466302305459976,0.658339242140452,0.627155172413793,0.7497854859599664,0.6222222222222222,0.0,0.0,0.0,0.0,2002,clin,0.8
2,4,lr5e-05_bs16_modL1_fusion64_fusionL1_drop0p1_trmiss80_trlocclin,16,5e-05,1,64,1,0.1,lr5e-05_bs16_modL1_fusion64_fusionL1_drop0p1_trmiss80_trlocclin,45,0.431689977645874,0.6459021170934042,0.6357758620689655,0.7528615116840913,0.6666666666666666,0.0,0.0,0.0,0.0,2002,clin,0.8
2,4,lr5e-05_bs16_modL1_fusion64_fusionL1_drop0p1_trmiss80_trlocclin,16,5e-05,1,64,1,0.1,lr5e-05_bs16_modL1_fusion64_fusionL1_drop0p1_trmiss80_trlocclin,46,0.38983241220315296,0.6555888255437216,0.6293103448275862,0.7310341772204436,0.6444444444444445,0.0,0.0,0.0,0.0,2002,clin,0.8
2,4,lr5e-05_bs16_modL1_fusion64_fusionL1_drop0p1_trmiss80_trlocclin,16,5e-05,1,64,1,0.1,lr5e-05_bs16_modL1_fusion64_fusionL1_drop0p1_trmiss80_trlocclin,47,0.40019337584575015,0.6533444921175638,0.6379310344827587,0.7313832226540156,0.6666666666666666,0.0,0.0,0.0,0.0,2002,clin,0.8
2,4,lr5e-05_bs16_modL1_fusion64_fusionL1_drop0p1_trmiss80_trlocclin,16,5e-05,1,64,1,0.1,lr5e-05_bs16_modL1_fusion64_fusionL1_drop0p1_trmiss80_trlocclin,48,0.38657286763191223,0.6497572461764017,0.6422413793103448,0.7568370547249701,0.6444444444444445,0.0,0.0,0.0,0.0,2002,clin,0.8
2,4,lr5e-05_bs16_modL1_fusion64_fusionL1_drop0p1_trmiss80_trlocclin,16,5e-05,1,64,1,0.1,lr5e-05_bs16_modL1_fusion64_fusionL1_drop0p1_trmiss80_trlocclin,49,0.3714081098635991,0.6581316391626993,0.6508620689655171,0.7699623097122361,0.6222222222222222,0.0,0.0,0.0,0.0,2002,clin,0.8
2,4,lr5e-05_bs16_modL1_fusion64_fusionL1_drop0p1_trmiss80_trlocclin,16,5e-05,1,64,1,0.1,lr5e-05_bs16_modL1_fusion64_fusionL1_drop0p1_trmiss80_trlocclin,50,0.3713797678550084,0.6559203068415324,0.6379310344827587,0.7401265651492579,0.6222222222222222,0.0,0.0,0.0,0.0,2002,clin,0.8
2,4,lr5e-05_bs16_modL1_fusion64_fusionL1_drop0p1_trmiss80_trlocclin,16,5e-05,1,64,1,0.1,lr5e-05_bs16_modL1_fusion64_fusionL1_drop0p1_trmiss80_trlocclin,51,0.38815010090668994,0.6594677766164144,0.6142241379310345,0.7262817056444697,0.6444444444444445,0.0,0.0,0.0,0.0,2002,clin,0.8
2,4,lr5e-05_bs16_modL1_fusion64_fusionL1_drop0p1_trmiss80_trlocclin,16,5e-05,1,64,1,0.1,lr5e-05_bs16_modL1_fusion64_fusionL1_drop0p1_trmiss80_trlocclin,52,0.3839622512459755,0.6606888175010681,0.625,0.7374129316299713,0.6,0.0,0.0,0.0,0.0,2002,clin,0.8
2,4,lr5e-05_bs16_modL1_fusion64_fusionL1_drop0p1_trmiss80_trlocclin,16,5e-05,1,64,1,0.1,lr5e-05_bs16_modL1_fusion64_fusionL1_drop0p1_trmiss80_trlocclin,53,0.36386145651340485,0.6588459213574728,0.6293103448275863,0.7394677038533104,0.6222222222222222,0.0,0.0,0.0,0.0,2002,clin,0.8
2,4,lr5e-05_bs16_modL1_fusion64_fusionL1_drop0p1_trmiss80_trlocclin,16,5e-05,1,64,1,0.1,lr5e-05_bs16_modL1_fusion64_fusionL1_drop0p1_trmiss80_trlocclin,54,0.3777665173014005,0.6551583806673685,0.6314655172413793,0.7349126075038059,0.6444444444444445,0.0,0.0,0.0,0.0,2002,clin,0.8
2,4,lr5e-05_bs16_modL1_fusion64_fusionL1_drop0p1_trmiss80_trlocclin,16,5e-05,1,64,1,0.1,lr5e-05_bs16_modL1_fusion64_fusionL1_drop0p1_trmiss80_trlocclin,55,0.3681744933128357,0.6568641662597656,0.6271551724137931,0.7339814908916609,0.6222222222222222,0.0,0.0,0.0,0.0,2002,clin,0.8
2,4,lr1e-04_bs16_modL1_fusion32_fusionL1_drop0p2_trmiss80_trlocclin,16,0.0001,1,32,1,0.2,lr1e-04_bs16_modL1_fusion32_fusionL1_drop0p2_trmiss80_trlocclin,1,0.7996788322925568,0.714095950126648,0.5646551724137931,0.6981124996012428,0.4222222222222222,0.0,0.0,0.0,0.0,2002,clin,0.8
2,4,lr1e-04_bs16_modL1_fusion32_fusionL1_drop0p2_trmiss80_trlocclin,16,0.0001,1,32,1,0.2,lr1e-04_bs16_modL1_fusion32_fusionL1_drop0p2_trmiss80_trlocclin,2,0.7394823382298151,0.7244928876558939,0.5948275862068966,0.7002257776197411,0.4222222222222222,0.0,0.0,0.0,0.0,2002,clin,0.8
2,4,lr1e-04_bs16_modL1_fusion32_fusionL1_drop0p2_trmiss80_trlocclin,16,0.0001,1,32,1,0.2,lr1e-04_bs16_modL1_fusion32_fusionL1_drop0p2_trmiss80_trlocclin,3,0.6797250012556711,0.7419552405675253,0.5538793103448275,0.6837474267585729,0.4,0.0,0.0,0.0,0.0,2002,clin,0.8
2,4,lr1e-04_bs16_modL1_fusion32_fusionL1_drop0p2_trmiss80_trlocclin,16,0.0001,1,32,1,0.2,lr1e-04_bs16_modL1_fusion32_fusionL1_drop0p2_trmiss80_trlocclin,4,0.6607402265071869,0.7334808111190796,0.5775862068965517,0.6932307177846049,0.4222222222222222,0.0,0.0,0.0,0.0,2002,clin,0.8
2,4,lr1e-04_bs16_modL1_fusion32_fusionL1_drop0p2_trmiss80_trlocclin,16,0.0001,1,32,1,0.2,lr1e-04_bs16_modL1_fusion32_fusionL1_drop0p2_trmiss80_trlocclin,5,0.6537578006585439,0.7281770507494608,0.5991379310344828,0.6873370893400524,0.4,0.0,0.0,0.0,0.0,2002,clin,0.8
2,4,lr1e-04_bs16_modL1_fusion32_fusionL1_drop0p2_trmiss80_trlocclin,16,0.0001,1,32,1,0.2,lr1e-04_bs16_modL1_fusion32_fusionL1_drop0p2_trmiss80_trlocclin,6,0.6601852128903071,0.7337194283803304,0.5818965517241379,0.680428748555764,0.37777777777777777,0.0,0.0,0.0,0.0,2002,clin,0.8
2,4,lr1e-04_bs16_modL1_fusion32_fusionL1_drop0p2_trmiss80_trlocclin,16,0.0001,1,32,1,0.2,lr1e-04_bs16_modL1_fusion32_fusionL1_drop0p2_trmiss80_trlocclin,7,0.616946409145991,0.7309589982032776,0.5862068965517241,0.6847439374629517,0.37777777777777777,0.0,0.0,0.0,0.0,2002,clin,0.8
2,4,lr1e-04_bs16_modL1_fusion32_fusionL1_drop0p2_trmiss80_trlocclin,16,0.0001,1,32,1,0.2,lr1e-04_bs16_modL1_fusion32_fusionL1_drop0p2_trmiss80_trlocclin,8,0.6040667742490768,0.7245876590410868,0.5948275862068966,0.6816803771861197,0.37777777777777777,0.0,0.0,0.0,0.0,2002,clin,0.8
2,4,lr1e-04_bs16_modL1_fusion32_fusionL1_drop0p2_trmiss80_trlocclin,16,0.0001,1,32,1,0.2,lr1e-04_bs16_modL1_fusion32_fusionL1_drop0p2_trmiss80_trlocclin,9,0.5926733414332072,0.7178129355112711,0.6120689655172413,0.6926326814243413,0.4222222222222222,0.0,0.0,0.0,0.0,2002,clin,0.8
2,4,lr1e-04_bs16_modL1_fusion32_fusionL1_drop0p2_trmiss80_trlocclin,16,0.0001,1,32,1,0.2,lr1e-04_bs16_modL1_fusion32_fusionL1_drop0p2_trmiss80_trlocclin,10,0.6091684401035309,0.722619891166687,0.5926724137931034,0.6931162070808466,0.4888888888888889,0.0,0.0,0.0,0.0,2002,clin,0.8
2,4,lr1e-04_bs16_modL1_fusion32_fusionL1_drop0p2_trmiss80_trlocclin,16,0.0001,1,32,1,0.2,lr1e-04_bs16_modL1_fusion32_fusionL1_drop0p2_trmiss80_trlocclin,11,0.5843807409207026,0.726080854733785,0.5732758620689655,0.6811413723118688,0.4888888888888889,0.0,0.0,0.0,0.0,2002,clin,0.8
2,4,lr1e-04_bs16_modL1_fusion32_fusionL1_drop0p2_trmiss80_trlocclin,16,0.0001,1,32,1,0.2,lr1e-04_bs16_modL1_fusion32_fusionL1_drop0p2_trmiss80_trlocclin,12,0.6085839668909708,0.725058356920878,0.5818965517241379,0.685817129489833,0.4888888888888889,0.0,0.0,0.0,0.0,2002,clin,0.8
2,4,lr1e-04_bs16_modL1_fusion32_fusionL1_drop0p2_trmiss80_trlocclin,16,0.0001,1,32,1,0.2,lr1e-04_bs16_modL1_fusion32_fusionL1_drop0p2_trmiss80_trlocclin,13,0.5652200505137444,0.7236777742703756,0.564655172413793,0.6793908327310151,0.4888888888888889,0.0,0.0,0.0,0.0,2002,clin,0.8
2,4,lr1e-04_bs16_modL1_fusion32_fusionL1_drop0p2_trmiss80_trlocclin,16,0.0001,1,32,1,0.2,lr1e-04_bs16_modL1_fusion32_fusionL1_drop0p2_trmiss80_trlocclin,14,0.561315173904101,0.7166277964909872,0.5775862068965517,0.6900364008444677,0.4444444444444444,0.0,0.0,0.0,0.0,2002,clin,0.8
2,4,lr1e-04_bs16_modL1_fusion32_fusionL1_drop0p2_trmiss80_trlocclin,16,0.0001,1,32,1,0.2,lr1e-04_bs16_modL1_fusion32_fusionL1_drop0p2_trmiss80_trlocclin,15,0.5768175572156906,0.7167122761408488,0.5689655172413793,0.6832059131660675,0.4444444444444444,0.0,0.0,0.0,0.0,2002,clin,0.8
2,4,lr1e-04_bs16_modL1_fusion32_fusionL1_drop0p2_trmiss80_trlocclin,16,0.0001,1,32,1,0.2,lr1e-04_bs16_modL1_fusion32_fusionL1_drop0p2_trmiss80_trlocclin,16,0.553006092707316,0.7328724066416422,0.5517241379310345,0.6705518509499749,0.4444444444444444,0.0,0.0,0.0,0.0,2002,clin,0.8
2,4,lr1e-04_bs16_modL1_fusion32_fusionL1_drop0p2_trmiss80_trlocclin,16,0.0001,1,32,1,0.2,lr1e-04_bs16_modL1_fusion32_fusionL1_drop0p2_trmiss80_trlocclin,17,0.5754308005174001,0.720047394434611,0.5387931034482759,0.6653873778079554,0.4666666666666667,0.0,0.0,0.0,0.0,2002,clin,0.8
2,4,lr1e-04_bs16_modL1_fusion32_fusionL1_drop0p2_trmiss80_trlocclin,16,0.0001,1,32,1,0.2,lr1e-04_bs16_modL1_fusion32_fusionL1_drop0p2_trmiss80_trlocclin,18,0.5584202905495962,0.718325654665629,0.5732758620689655,0.6859367226289178,0.5111111111111111,0.0,0.0,0.0,0.0,2002,clin,0.8
2,4,lr1e-04_bs16_modL1_fusion32_fusionL1_drop0p2_trmiss80_trlocclin,16,0.0001,1,32,1,0.2,lr1e-04_bs16_modL1_fusion32_fusionL1_drop0p2_trmiss80_trlocclin,19,0.5415622318784395,0.7169634302457174,0.5581896551724138,0.6848788095880607,0.4666666666666667,0.0,0.0,0.0,0.0,2002,clin,0.8
2,4,lr1e-04_bs16_modL1_fusion32_fusionL1_drop0p2_trmiss80_trlocclin,16,0.0001,1,32,1,0.2,lr1e-04_bs16_modL1_fusion32_fusionL1_drop0p2_trmiss80_trlocclin,20,0.5475029970208803,0.7312669555346171,0.5538793103448276,0.6750100045460595,0.4888888888888889,0.0,0.0,0.0,0.0,2002,clin,0.8
2,4,lr1e-04_bs16_modL1_fusion32_fusionL1_drop0p2_trmiss80_trlocclin,16,0.0001,1,32,1,0.2,lr1e-04_bs16_modL1_fusion32_fusionL1_drop0p2_trmiss80_trlocclin,21,0.5538204411665598,0.7232789595921835,0.5581896551724138,0.6790982746710966,0.5111111111111111,0.0,0.0,0.0,0.0,2002,clin,0.8
2,4,lr1e-04_bs16_modL1_fusion32_fusionL1_drop0p2_trmiss80_trlocclin,16,0.0001,1,32,1,0.2,lr1e-04_bs16_modL1_fusion32_fusionL1_drop0p2_trmiss80_trlocclin,22,0.5377459675073624,0.7298140525817871,0.5625,0.6799406646185878,0.4888888888888889,0.0,0.0,0.0,0.0,2002,clin,0.8
2,4,lr1e-04_bs16_modL1_fusion32_fusionL1_drop0p2_trmiss80_trlocclin,16,0.0001,1,32,1,0.2,lr1e-04_bs16_modL1_fusion32_fusionL1_drop0p2_trmiss80_trlocclin,23,0.5372257381677628,0.7238779266675314,0.5797413793103449,0.6864760120450171,0.4888888888888889,0.0,0.0,0.0,0.0,2002,clin,0.8
2,4,lr1e-04_bs16_modL1_fusion32_fusionL1_drop0p2_trmiss80_trlocclin,16,0.0001,1,32,1,0.2,lr1e-04_bs16_modL1_fusion32_fusionL1_drop0p2_trmiss80_trlocclin,24,0.5402120848496755,0.7248977820078532,0.5668103448275862,0.681030371737542,0.4444444444444444,0.0,0.0,0.0,0.0,2002,clin,0.8
2,4,lr1e-04_bs16_modL1_fusion32_fusionL1_drop0p2_trmiss80_trlocclin,16,0.0001,1,32,1,0.2,lr1e-04_bs16_modL1_fusion32_fusionL1_drop0p2_trmiss80_trlocclin,25,0.5154714559515318,0.7230917811393738,0.5991379310344828,0.7000788948563139,0.4888888888888889,0.0,0.0,0.0,0.0,2002,clin,0.8
2,4,lr1e-04_bs16_modL1_fusion32_fusionL1_drop0p2_trmiss80_trlocclin,16,0.0001,1,32,1,0.2,lr1e-04_bs16_modL1_fusion32_fusionL1_drop0p2_trmiss80_trlocclin,26,0.5433448205391566,0.7335260709126791,0.5818965517241379,0.6846342380986471,0.4666666666666667,0.0,0.0,0.0,0.0,2002,clin,0.8
2,4,lr1e-04_bs16_modL1_fusion32_fusionL1_drop0p2_trmiss80_trlocclin,16,0.0001,1,32,1,0.2,lr1e-04_bs16_modL1_fusion32_fusionL1_drop0p2_trmiss80_trlocclin,27,0.5428841039538383,0.7278162042299906,0.5646551724137931,0.6781565209395601,0.4666666666666667,0.0,0.0,0.0,0.0,2002,clin,0.8
2,4,lr1e-04_bs16_modL1_fusion32_fusionL1_drop0p2_trmiss80_trlocclin,16,0.0001,1,32,1,0.2,lr1e-04_bs16_modL1_fusion32_fusionL1_drop0p2_trmiss80_trlocclin,28,0.5398230229814848,0.7326242725054423,0.5689655172413793,0.6796163746067642,0.5111111111111111,0.0,0.0,0.0,0.0,2002,clin,0.8
2,4,lr1e-04_bs16_modL1_fusion32_fusionL1_drop0p2_trmiss80_trlocclin,16,0.0001,1,32,1,0.2,lr1e-04_bs16_modL1_fusion32_fusionL1_drop0p2_trmiss80_trlocclin,29,0.5421925236781439,0.7241782148679098,0.5711206896551724,0.6826765052328411,0.4888888888888889,0.0,0.0,0.0,0.0,2002,clin,0.8
2,4,lr1e-04_bs16_modL1_fusion32_fusionL1_drop0p1_trmiss80_trlocclin,16,0.0001,1,32,1,0.1,lr1e-04_bs16_modL1_fusion32_fusionL1_drop0p1_trmiss80_trlocclin,1,0.7713600794474283,0.7014174461364746,0.603448275862069,0.7958715270046983,0.6,0.0,0.0,0.0,0.0,2002,clin,0.8
2,4,lr1e-04_bs16_modL1_fusion32_fusionL1_drop0p1_trmiss80_trlocclin,16,0.0001,1,32,1,0.1,lr1e-04_bs16_modL1_fusion32_fusionL1_drop0p1_trmiss80_trlocclin,2,0.6937152743339539,0.7282756368319193,0.6099137931034482,0.8027969970928819,0.5333333333333333,0.0,0.0,0.0,0.0,2002,clin,0.8
2,4,lr1e-04_bs16_modL1_fusion32_fusionL1_drop0p1_trmiss80_trlocclin,16,0.0001,1,32,1,0.1,lr1e-04_bs16_modL1_fusion32_fusionL1_drop0p1_trmiss80_trlocclin,3,0.6412835667530695,0.7298002044359843,0.6099137931034483,0.8113584092966228,0.6,0.0,0.0,0.0,0.0,2002,clin,0.8
2,4,lr1e-04_bs16_modL1_fusion32_fusionL1_drop0p1_trmiss80_trlocclin,16,0.0001,1,32,1,0.1,lr1e-04_bs16_modL1_fusion32_fusionL1_drop0p1_trmiss80_trlocclin,4,0.6285683512687683,0.7340566515922546,0.6099137931034483,0.8008870205534184,0.5111111111111111,0.0,0.0,0.0,0.0,2002,clin,0.8
2,4,lr1e-04_bs16_modL1_fusion32_fusionL1_drop0p1_trmiss80_trlocclin,16,0.0001,1,32,1,0.1,lr1e-04_bs16_modL1_fusion32_fusionL1_drop0p1_trmiss80_trlocclin,5,0.5867082873980204,0.7315366069475809,0.6077586206896551,0.8062015935187155,0.5111111111111111,0.0,0.0,0.0,0.0,2002,clin,0.8
2,4,lr1e-04_bs16_modL1_fusion32_fusionL1_drop0p1_trmiss80_trlocclin,16,0.0001,1,32,1,0.1,lr1e-04_bs16_modL1_fusion32_fusionL1_drop0p1_trmiss80_trlocclin,6,0.5738977814714114,0.7445013920466105,0.5905172413793104,0.7900089010908979,0.5111111111111111,0.0,0.0,0.0,0.0,2002,clin,0.8
2,4,lr1e-04_bs16_modL1_fusion32_fusionL1_drop0p1_trmiss80_trlocclin,16,0.0001,1,32,1,0.1,lr1e-04_bs16_modL1_fusion32_fusionL1_drop0p1_trmiss80_trlocclin,7,0.5666677057743073,0.7455820043881735,0.5775862068965517,0.7903391346909905,0.6,0.0,0.0,0.0,0.0,2002,clin,0.8
2,4,lr1e-04_bs16_modL1_fusion32_fusionL1_drop0p1_trmiss80_trlocclin,16,0.0001,1,32,1,0.1,lr1e-04_bs16_modL1_fusion32_fusionL1_drop0p1_trmiss80_trlocclin,8,0.566234307984511,0.7450583775838217,0.5883620689655172,0.7968977455636825,0.5777777777777777,0.0,0.0,0.0,0.0,2002,clin,0.8
2,4,lr1e-04_bs16_modL1_fusion32_fusionL1_drop0p1_trmiss80_trlocclin,16,0.0001,1,32,1,0.1,lr1e-04_bs16_modL1_fusion32_fusionL1_drop0p1_trmiss80_trlocclin,9,0.5336481183767319,0.7460335493087769,0.5905172413793104,0.7973416173761338,0.5333333333333333,0.0,0.0,0.0,0.0,2002,clin,0.8
2,4,lr1e-04_bs16_modL1_fusion32_fusionL1_drop0p1_trmiss80_trlocclin,16,0.0001,1,32,1,0.1,lr1e-04_bs16_modL1_fusion32_fusionL1_drop0p1_trmiss80_trlocclin,10,0.5422016878922781,0.7544214129447937,0.5862068965517241,0.8024872741210771,0.5333333333333333,0.0,0.0,0.0,0.0,2002,clin,0.8
2,4,lr1e-04_bs16_modL1_fusion32_fusionL1_drop0p1_trmiss80_trlocclin,16,0.0001,1,32,1,0.1,lr1e-04_bs16_modL1_fusion32_fusionL1_drop0p1_trmiss80_trlocclin,11,0.5165126199523608,0.7356918851534525,0.5948275862068966,0.8033514760383749,0.5333333333333333,0.0,0.0,0.0,0.0,2002,clin,0.8
2,4,lr1e-04_bs16_modL1_fusion32_fusionL1_drop0p1_trmiss80_trlocclin,16,0.0001,1,32,1,0.1,lr1e-04_bs16_modL1_fusion32_fusionL1_drop0p1_trmiss80_trlocclin,12,0.5442515437801679,0.7395500143369039,0.5711206896551724,0.7517911111512614,0.5777777777777777,0.0,0.0,0.0,0.0,2002,clin,0.8
2,4,lr1e-04_bs16_modL1_fusion32_fusionL1_drop0p1_trmiss80_trlocclin,16,0.0001,1,32,1,0.1,lr1e-04_bs16_modL1_fusion32_fusionL1_drop0p1_trmiss80_trlocclin,13,0.5093339160084724,0.731720765431722,0.5818965517241379,0.7568951957920558,0.5555555555555556,0.0,0.0,0.0,0.0,2002,clin,0.8
2,4,lr1e-04_bs16_modL1_fusion32_fusionL1_drop0p1_trmiss80_trlocclin,16,0.0001,1,32,1,0.1,lr1e-04_bs16_modL1_fusion32_fusionL1_drop0p1_trmiss80_trlocclin,14,0.5232071826855341,0.728532870610555,0.5926724137931034,0.7690994727184755,0.5555555555555556,0.0,0.0,0.0,0.0,2002,clin,0.8
2,4,lr1e-04_bs16_modL1_fusion32_fusionL1_drop0p1_trmiss80_trlocclin,16,0.0001,1,32,1,0.1,lr1e-04_bs16_modL1_fusion32_fusionL1_drop0p1_trmiss80_trlocclin,15,0.4977101981639862,0.7202537457148234,0.5926724137931034,0.7648471327989691,0.5333333333333333,0.0,0.0,0.0,0.0,2002,clin,0.8
2,4,lr1e-04_bs16_modL1_fusion32_fusionL1_drop0p1_trmiss80_trlocclin,16,0.0001,1,32,1,0.1,lr1e-04_bs16_modL1_fusion32_fusionL1_drop0p1_trmiss80_trlocclin,16,0.5305276612440745,0.7347308397293091,0.5926724137931034,0.7729878653952371,0.5111111111111111,0.0,0.0,0.0,0.0,2002,clin,0.8
2,4,lr1e-04_bs16_modL1_fusion32_fusionL1_drop0p1_trmiss80_trlocclin,16,0.0001,1,32,1,0.1,lr1e-04_bs16_modL1_fusion32_fusionL1_drop0p1_trmiss80_trlocclin,17,0.4792880341410637,0.7353346745173136,0.5862068965517241,0.7680289590131164,0.5111111111111111,0.0,0.0,0.0,0.0,2002,clin,0.8
2,4,lr1e-04_bs16_modL1_fusion32_fusionL1_drop0p1_trmiss80_trlocclin,16,0.0001,1,32,1,0.1,lr1e-04_bs16_modL1_fusion32_fusionL1_drop0p1_trmiss80_trlocclin,18,0.48694586753845215,0.734240730603536,0.5818965517241379,0.7671020451022068,0.5333333333333333,0.0,0.0,0.0,0.0,2002,clin,0.8
2,4,lr1e-04_bs16_modL1_fusion32_fusionL1_drop0p1_trmiss80_trlocclin,16,0.0001,1,32,1,0.1,lr1e-04_bs16_modL1_fusion32_fusionL1_drop0p1_trmiss80_trlocclin,19,0.4771251479784648,0.7358836929003397,0.5905172413793104,0.7712891517257752,0.5333333333333333,0.0,0.0,0.0,0.0,2002,clin,0.8
2,4,lr1e-04_bs16_modL1_fusion32_fusionL1_drop0p1_trmiss80_trlocclin,16,0.0001,1,32,1,0.1,lr1e-04_bs16_modL1_fusion32_fusionL1_drop0p1_trmiss80_trlocclin,20,0.4743296926220258,0.7320834199587504,0.5905172413793104,0.7676882693769376,0.5333333333333333,0.0,0.0,0.0,0.0,2002,clin,0.8
2,4,lr1e-04_bs16_modL1_fusion32_fusionL1_drop0p1_trmiss80_trlocclin,16,0.0001,1,32,1,0.1,lr1e-04_bs16_modL1_fusion32_fusionL1_drop0p1_trmiss80_trlocclin,21,0.4719356869657834,0.7311480244000753,0.5862068965517241,0.764261830388109,0.5333333333333333,0.0,0.0,0.0,0.0,2002,clin,0.8
2,4,lr1e-04_bs16_modL1_fusion32_fusionL1_drop0p1_trmiss80_trlocclin,16,0.0001,1,32,1,0.1,lr1e-04_bs16_modL1_fusion32_fusionL1_drop0p1_trmiss80_trlocclin,22,0.48209163298209506,0.7423553466796875,0.584051724137931,0.7647605287823449,0.5333333333333333,0.0,0.0,0.0,0.0,2002,clin,0.8
2,4,lr1e-04_bs16_modL1_fusion32_fusionL1_drop0p1_trmiss80_trlocclin,16,0.0001,1,32,1,0.1,lr1e-04_bs16_modL1_fusion32_fusionL1_drop0p1_trmiss80_trlocclin,23,0.4804571370283763,0.7347289522488912,0.584051724137931,0.7694381696863408,0.5333333333333333,0.0,0.0,0.0,0.0,2002,clin,0.8
2,4,lr1e-04_bs16_modL1_fusion64_fusionL1_drop0p2_trmiss80_trlocclin,16,0.0001,1,64,1,0.2,lr1e-04_bs16_modL1_fusion64_fusionL1_drop0p2_trmiss80_trlocclin,1,0.6662159860134125,0.6622215509414673,0.5991379310344828,0.7698289685011255,0.6,0.0,0.0,0.0,0.0,2002,clin,0.8
2,4,lr1e-04_bs16_modL1_fusion64_fusionL1_drop0p2_trmiss80_trlocclin,16,0.0001,1,64,1,0.2,lr1e-04_bs16_modL1_fusion64_fusionL1_drop0p2_trmiss80_trlocclin,2,0.6327608823776245,0.6505080858866373,0.625,0.774519551197677,0.6222222222222222,0.0,0.0,0.0,0.0,2002,clin,0.8
2,4,lr1e-04_bs16_modL1_fusion64_fusionL1_drop0p2_trmiss80_trlocclin,16,0.0001,1,64,1,0.2,lr1e-04_bs16_modL1_fusion64_fusionL1_drop0p2_trmiss80_trlocclin,3,0.6085307250420252,0.6479375759760538,0.6142241379310345,0.780709792444934,0.6444444444444445,0.0,0.0,0.0,0.0,2002,clin,0.8
2,4,lr1e-04_bs16_modL1_fusion64_fusionL1_drop0p2_trmiss80_trlocclin,16,0.0001,1,64,1,0.2,lr1e-04_bs16_modL1_fusion64_fusionL1_drop0p2_trmiss80_trlocclin,4,0.607912133137385,0.646627942721049,0.6206896551724137,0.7700941557505321,0.6444444444444445,0.0,0.0,0.0,0.0,2002,clin,0.8
2,4,lr1e-04_bs16_modL1_fusion64_fusionL1_drop0p2_trmiss80_trlocclin,16,0.0001,1,64,1,0.2,lr1e-04_bs16_modL1_fusion64_fusionL1_drop0p2_trmiss80_trlocclin,5,0.5748219241698583,0.6535996993382772,0.5883620689655171,0.7503519125468381,0.6666666666666666,0.0,0.0,0.0,0.0,2002,clin,0.8
2,4,lr1e-04_bs16_modL1_fusion64_fusionL1_drop0p2_trmiss80_trlocclin,16,0.0001,1,64,1,0.2,lr1e-04_bs16_modL1_fusion64_fusionL1_drop0p2_trmiss80_trlocclin,6,0.567210872968038,0.6583171685536703,0.5797413793103449,0.7350611725700481,0.6222222222222222,0.0,0.0,0.0,0.0,2002,clin,0.8
2,4,lr1e-04_bs16_modL1_fusion64_fusionL1_drop0p2_trmiss80_trlocclin,16,0.0001,1,64,1,0.2,lr1e-04_bs16_modL1_fusion64_fusionL1_drop0p2_trmiss80_trlocclin,7,0.5492263659834862,0.6572551329930624,0.5926724137931034,0.7215429292986928,0.6444444444444445,0.0,0.0,0.0,0.0,2002,clin,0.8
2,4,lr1e-04_bs16_modL1_fusion64_fusionL1_drop0p2_trmiss80_trlocclin,16,0.0001,1,64,1,0.2,lr1e-04_bs16_modL1_fusion64_fusionL1_drop0p2_trmiss80_trlocclin,8,0.5404886851708094,0.6556582053502401,0.5883620689655172,0.7222024819033024,0.6666666666666666,0.0,0.0,0.0,0.0,2002,clin,0.8
2,4,lr1e-04_bs16_modL1_fusion64_fusionL1_drop0p2_trmiss80_trlocclin,16,0.0001,1,64,1,0.2,lr1e-04_bs16_modL1_fusion64_fusionL1_drop0p2_trmiss80_trlocclin,9,0.5313936993479729,0.6517921487490336,0.6012931034482758,0.7163129567701734,0.6666666666666666,0.0,0.0,0.0,0.0,2002,clin,0.8
2,4,lr1e-04_bs16_modL1_fusion64_fusionL1_drop0p2_trmiss80_trlocclin,16,0.0001,1,64,1,0.2,lr1e-04_bs16_modL1_fusion64_fusionL1_drop0p2_trmiss80_trlocclin,10,0.5054238885641098,0.6456862688064575,0.6616379310344828,0.7377387937596465,0.6666666666666666,0.0,0.0,0.0,0.0,2002,clin,0.8
2,4,lr1e-04_bs16_modL1_fusion64_fusionL1_drop0p2_trmiss80_trlocclin,16,0.0001,1,64,1,0.2,lr1e-04_bs16_modL1_fusion64_fusionL1_drop0p2_trmiss80_trlocclin,11,0.4991410921017329,0.6427039702733358,0.6530172413793104,0.7415330062882568,0.6444444444444445,0.0,0.0,0.0,0.0,2002,clin,0.8
2,4,lr1e-04_bs16_modL1_fusion64_fusionL1_drop0p2_trmiss80_trlocclin,16,0.0001,1,64,1,0.2,lr1e-04_bs16_modL1_fusion64_fusionL1_drop0p2_trmiss80_trlocclin,12,0.4740264837940534,0.6475690205891927,0.6400862068965517,0.7328143354361911,0.6666666666666666,0.0,0.0,0.0,0.0,2002,clin,0.8
2,4,lr1e-04_bs16_modL1_fusion64_fusionL1_drop0p2_trmiss80_trlocclin,16,0.0001,1,64,1,0.2,lr1e-04_bs16_modL1_fusion64_fusionL1_drop0p2_trmiss80_trlocclin,13,0.48489179958899814,0.6552282770474752,0.6293103448275862,0.7200278731095895,0.6222222222222222,0.0,0.0,0.0,0.0,2002,clin,0.8
2,4,lr1e-04_bs16_modL1_fusion64_fusionL1_drop0p2_trmiss80_trlocclin,16,0.0001,1,64,1,0.2,lr1e-04_bs16_modL1_fusion64_fusionL1_drop0p2_trmiss80_trlocclin,14,0.4681822881102562,0.6467425028483073,0.6487068965517242,0.7393342572916977,0.6222222222222222,0.0,0.0,0.0,0.0,2002,clin,0.8
2,4,lr1e-04_bs16_modL1_fusion64_fusionL1_drop0p2_trmiss80_trlocclin,16,0.0001,1,64,1,0.2,lr1e-04_bs16_modL1_fusion64_fusionL1_drop0p2_trmiss80_trlocclin,15,0.45231199264526367,0.6530488928159078,0.6336206896551725,0.7155184461537394,0.6444444444444445,0.0,0.0,0.0,0.0,2002,clin,0.8
2,4,lr1e-04_bs16_modL1_fusion64_fusionL1_drop0p2_trmiss80_trlocclin,16,0.0001,1,64,1,0.2,lr1e-04_bs16_modL1_fusion64_fusionL1_drop0p2_trmiss80_trlocclin,16,0.4361720358331998,0.6526106198628744,0.625,0.7107145003444619,0.6444444444444445,0.0,0.0,0.0,0.0,2002,clin,0.8
2,4,lr1e-04_bs16_modL1_fusion64_fusionL1_drop0p2_trmiss80_trlocclin,16,0.0001,1,64,1,0.2,lr1e-04_bs16_modL1_fusion64_fusionL1_drop0p2_trmiss80_trlocclin,17,0.4218067725499471,0.6577000021934509,0.6163793103448276,0.713714157652984,0.6444444444444445,0.0,0.0,0.0,0.0,2002,clin,0.8
2,4,lr1e-04_bs16_modL1_fusion64_fusionL1_drop0p2_trmiss80_trlocclin,16,0.0001,1,64,1,0.2,lr1e-04_bs16_modL1_fusion64_fusionL1_drop0p2_trmiss80_trlocclin,18,0.4074409008026123,0.6589152812957764,0.625,0.7142099451638642,0.6444444444444445,0.0,0.0,0.0,0.0,2002,clin,0.8
2,4,lr1e-04_bs16_modL1_fusion64_fusionL1_drop0p2_trmiss80_trlocclin,16,0.0001,1,64,1,0.2,lr1e-04_bs16_modL1_fusion64_fusionL1_drop0p2_trmiss80_trlocclin,19,0.43056561549504596,0.6590557893117269,0.622844827586207,0.7182365574254406,0.6,0.0,0.0,0.0,0.0,2002,clin,0.8
2,4,lr1e-04_bs16_modL1_fusion64_fusionL1_drop0p2_trmiss80_trlocclin,16,0.0001,1,64,1,0.2,lr1e-04_bs16_modL1_fusion64_fusionL1_drop0p2_trmiss80_trlocclin,20,0.39150738964478177,0.6549610296885172,0.6314655172413793,0.7171321248655347,0.6222222222222222,0.0,0.0,0.0,0.0,2002,clin,0.8
2,4,lr1e-04_bs16_modL1_fusion64_fusionL1_drop0p2_trmiss80_trlocclin,16,0.0001,1,64,1,0.2,lr1e-04_bs16_modL1_fusion64_fusionL1_drop0p2_trmiss80_trlocclin,21,0.38875801116228104,0.6578776240348816,0.6228448275862069,0.7145128061756181,0.6444444444444445,0.0,0.0,0.0,0.0,2002,clin,0.8
2,4,lr1e-04_bs16_modL1_fusion64_fusionL1_drop0p2_trmiss80_trlocclin,16,0.0001,1,64,1,0.2,lr1e-04_bs16_modL1_fusion64_fusionL1_drop0p2_trmiss80_trlocclin,22,0.3884265174468358,0.6639297008514404,0.6185344827586207,0.7084381691236212,0.6222222222222222,0.0,0.0,0.0,0.0,2002,clin,0.8
2,4,lr1e-04_bs16_modL1_fusion64_fusionL1_drop0p2_trmiss80_trlocclin,16,0.0001,1,64,1,0.2,lr1e-04_bs16_modL1_fusion64_fusionL1_drop0p2_trmiss80_trlocclin,23,0.39194361368815106,0.6696444749832153,0.6120689655172413,0.7097376974573393,0.6222222222222222,0.0,0.0,0.0,0.0,2002,clin,0.8
2,4,lr1e-04_bs16_modL1_fusion64_fusionL1_drop0p2_trmiss80_trlocclin,16,0.0001,1,64,1,0.2,lr1e-04_bs16_modL1_fusion64_fusionL1_drop0p2_trmiss80_trlocclin,24,0.3902828594048818,0.6639025807380676,0.6120689655172413,0.7131437785090782,0.6,0.0,0.0,0.0,0.0,2002,clin,0.8
2,4,lr1e-04_bs16_modL1_fusion64_fusionL1_drop0p2_trmiss80_trlocclin,16,0.0001,1,64,1,0.2,lr1e-04_bs16_modL1_fusion64_fusionL1_drop0p2_trmiss80_trlocclin,25,0.3913211151957512,0.659916083017985,0.6120689655172413,0.7122765388447103,0.6444444444444445,0.0,0.0,0.0,0.0,2002,clin,0.8
2,4,lr1e-04_bs16_modL1_fusion64_fusionL1_drop0p2_trmiss80_trlocclin,16,0.0001,1,64,1,0.2,lr1e-04_bs16_modL1_fusion64_fusionL1_drop0p2_trmiss80_trlocclin,26,0.37724054356416065,0.6655710140864054,0.605603448275862,0.7103383024867935,0.5777777777777777,0.0,0.0,0.0,0.0,2002,clin,0.8
2,4,lr1e-04_bs16_modL1_fusion64_fusionL1_drop0p2_trmiss80_trlocclin,16,0.0001,1,64,1,0.2,lr1e-04_bs16_modL1_fusion64_fusionL1_drop0p2_trmiss80_trlocclin,27,0.3745184813936551,0.6662337779998779,0.6142241379310345,0.7154105535476429,0.6222222222222222,0.0,0.0,0.0,0.0,2002,clin,0.8
2,4,lr1e-04_bs16_modL1_fusion64_fusionL1_drop0p2_trmiss80_trlocclin,16,0.0001,1,64,1,0.2,lr1e-04_bs16_modL1_fusion64_fusionL1_drop0p2_trmiss80_trlocclin,28,0.3725315084060033,0.6692685484886169,0.625,0.7141771594545803,0.6444444444444445,0.0,0.0,0.0,0.0,2002,clin,0.8
2,4,lr1e-04_bs16_modL1_fusion64_fusionL1_drop0p2_trmiss80_trlocclin,16,0.0001,1,64,1,0.2,lr1e-04_bs16_modL1_fusion64_fusionL1_drop0p2_trmiss80_trlocclin,29,0.36981233954429626,0.6623357137044271,0.6185344827586208,0.7242070469756445,0.6666666666666666,0.0,0.0,0.0,0.0,2002,clin,0.8
2,4,lr1e-04_bs16_modL1_fusion64_fusionL1_drop0p2_trmiss80_trlocclin,16,0.0001,1,64,1,0.2,lr1e-04_bs16_modL1_fusion64_fusionL1_drop0p2_trmiss80_trlocclin,30,0.3526456703742345,0.6608569025993347,0.6206896551724138,0.7057483822476922,0.6444444444444445,0.0,0.0,0.0,0.0,2002,clin,0.8
2,4,lr1e-04_bs16_modL1_fusion64_fusionL1_drop0p1_trmiss80_trlocclin,16,0.0001,1,64,1,0.1,lr1e-04_bs16_modL1_fusion64_fusionL1_drop0p1_trmiss80_trlocclin,1,0.7247245063384374,0.6874665220578512,0.4698275862068966,0.6766384264337916,0.4888888888888889,0.0,0.0,0.0,0.0,2002,clin,0.8
2,4,lr1e-04_bs16_modL1_fusion64_fusionL1_drop0p1_trmiss80_trlocclin,16,0.0001,1,64,1,0.1,lr1e-04_bs16_modL1_fusion64_fusionL1_drop0p1_trmiss80_trlocclin,2,0.637332687775294,0.690330982208252,0.4978448275862069,0.7120835385349461,0.4888888888888889,0.0,0.0,0.0,0.0,2002,clin,0.8
2,4,lr1e-04_bs16_modL1_fusion64_fusionL1_drop0p1_trmiss80_trlocclin,16,0.0001,1,64,1,0.1,lr1e-04_bs16_modL1_fusion64_fusionL1_drop0p1_trmiss80_trlocclin,3,0.6175888578097025,0.6928122440973917,0.5064655172413792,0.7082944886468313,0.5333333333333333,0.0,0.0,0.0,0.0,2002,clin,0.8
2,4,lr1e-04_bs16_modL1_fusion64_fusionL1_drop0p1_trmiss80_trlocclin,16,0.0001,1,64,1,0.1,lr1e-04_bs16_modL1_fusion64_fusionL1_drop0p1_trmiss80_trlocclin,4,0.5847629358371099,0.6918837229410807,0.4956896551724138,0.6877110854644498,0.5111111111111111,0.0,0.0,0.0,0.0,2002,clin,0.8
2,4,lr1e-04_bs16_modL1_fusion64_fusionL1_drop0p1_trmiss80_trlocclin,16,0.0001,1,64,1,0.1,lr1e-04_bs16_modL1_fusion64_fusionL1_drop0p1_trmiss80_trlocclin,5,0.580660713215669,0.6934530933698019,0.5086206896551724,0.7052268284606286,0.4888888888888889,0.0,0.0,0.0,0.0,2002,clin,0.8
2,4,lr1e-04_bs16_modL1_fusion64_fusionL1_drop0p1_trmiss80_trlocclin,16,0.0001,1,64,1,0.1,lr1e-04_bs16_modL1_fusion64_fusionL1_drop0p1_trmiss80_trlocclin,6,0.5494431356588999,0.6944677829742432,0.5172413793103449,0.718846975981698,0.4888888888888889,0.0,0.0,0.0,0.0,2002,clin,0.8
2,4,lr1e-04_bs16_modL1_fusion64_fusionL1_drop0p1_trmiss80_trlocclin,16,0.0001,1,64,1,0.1,lr1e-04_bs16_modL1_fusion64_fusionL1_drop0p1_trmiss80_trlocclin,7,0.517110675573349,0.6975402235984802,0.5129310344827586,0.7146721063617198,0.4444444444444444,0.0,0.0,0.0,0.0,2002,clin,0.8
2,4,lr1e-04_bs16_modL1_fusion64_fusionL1_drop0p1_trmiss80_trlocclin,16,0.0001,1,64,1,0.1,lr1e-04_bs16_modL1_fusion64_fusionL1_drop0p1_trmiss80_trlocclin,8,0.524124450981617,0.6995536287625631,0.5150862068965517,0.7120377090759488,0.5111111111111111,0.0,0.0,0.0,0.0,2002,clin,0.8
2,4,lr1e-04_bs16_modL1_fusion64_fusionL1_drop0p1_trmiss80_trlocclin,16,0.0001,1,64,1,0.1,lr1e-04_bs16_modL1_fusion64_fusionL1_drop0p1_trmiss80_trlocclin,9,0.4903084263205528,0.6903877258300781,0.5258620689655171,0.7188637545272876,0.5111111111111111,0.0,0.0,0.0,0.0,2002,clin,0.8
2,4,lr1e-04_bs16_modL1_fusion64_fusionL1_drop0p1_trmiss80_trlocclin,16,0.0001,1,64,1,0.1,lr1e-04_bs16_modL1_fusion64_fusionL1_drop0p1_trmiss80_trlocclin,10,0.4804628590742747,0.6894866228103638,0.5344827586206897,0.7273888301630234,0.4888888888888889,0.0,0.0,0.0,0.0,2002,clin,0.8
2,4,lr1e-04_bs16_modL1_fusion64_fusionL1_drop0p1_trmiss80_trlocclin,16,0.0001,1,64,1,0.1,lr1e-04_bs16_modL1_fusion64_fusionL1_drop0p1_trmiss80_trlocclin,11,0.4696075494090716,0.6893492937088013,0.5301724137931034,0.7220129939208939,0.4888888888888889,0.0,0.0,0.0,0.0,2002,clin,0.8
2,4,lr1e-04_bs16_modL1_fusion64_fusionL1_drop0p1_trmiss80_trlocclin,16,0.0001,1,64,1,0.1,lr1e-04_bs16_modL1_fusion64_fusionL1_drop0p1_trmiss80_trlocclin,12,0.4781558761994044,0.7090438604354858,0.5237068965517242,0.7225054302864797,0.5333333333333333,0.0,0.0,0.0,0.0,2002,clin,0.8
2,4,lr1e-04_bs16_modL1_fusion64_fusionL1_drop0p1_trmiss80_trlocclin,16,0.0001,1,64,1,0.1,lr1e-04_bs16_modL1_fusion64_fusionL1_drop0p1_trmiss80_trlocclin,13,0.44789885232845944,0.7001307805379232,0.5344827586206896,0.7262063926120894,0.5333333333333333,0.0,0.0,0.0,0.0,2002,clin,0.8
2,4,lr1e-04_bs16_modL1_fusion64_fusionL1_drop0p1_trmiss80_trlocclin,16,0.0001,1,64,1,0.1,lr1e-04_bs16_modL1_fusion64_fusionL1_drop0p1_trmiss80_trlocclin,14,0.4581718718012174,0.6879889965057373,0.5344827586206896,0.7224886896260021,0.5333333333333333,0.0,0.0,0.0,0.0,2002,clin,0.8
2,4,lr1e-04_bs16_modL1_fusion64_fusionL1_drop0p1_trmiss80_trlocclin,16,0.0001,1,64,1,0.1,lr1e-04_bs16_modL1_fusion64_fusionL1_drop0p1_trmiss80_trlocclin,15,0.4471733619769414,0.697474996248881,0.5280172413793103,0.726990521961774,0.5111111111111111,0.0,0.0,0.0,0.0,2002,clin,0.8
2,4,lr1e-04_bs16_modL1_fusion64_fusionL1_drop0p1_trmiss80_trlocclin,16,0.0001,1,64,1,0.1,lr1e-04_bs16_modL1_fusion64_fusionL1_drop0p1_trmiss80_trlocclin,16,0.43681154400110245,0.6996634801228842,0.5258620689655172,0.7262860354953298,0.5111111111111111,0.0,0.0,0.0,0.0,2002,clin,0.8
2,4,lr1e-04_bs16_modL1_fusion64_fusionL1_drop0p1_trmiss80_trlocclin,16,0.0001,1,64,1,0.1,lr1e-04_bs16_modL1_fusion64_fusionL1_drop0p1_trmiss80_trlocclin,17,0.4458496371905009,0.693401833375295,0.521551724137931,0.716904214487716,0.5333333333333333,0.0,0.0,0.0,0.0,2002,clin,0.8
2,4,lr1e-04_bs16_modL1_fusion64_fusionL1_drop0p1_trmiss80_trlocclin,16,0.0001,1,64,1,0.1,lr1e-04_bs16_modL1_fusion64_fusionL1_drop0p1_trmiss80_trlocclin,18,0.4329572543501854,0.7008582750956217,0.5366379310344828,0.7303357856232069,0.5111111111111111,0.0,0.0,0.0,0.0,2002,clin,0.8
2,4,lr1e-04_bs16_modL1_fusion64_fusionL1_drop0p1_trmiss80_trlocclin,16,0.0001,1,64,1,0.1,lr1e-04_bs16_modL1_fusion64_fusionL1_drop0p1_trmiss80_trlocclin,19,0.4272429620226224,0.7017998099327087,0.5495689655172413,0.7319220398961632,0.5111111111111111,0.0,0.0,0.0,0.0,2002,clin,0.8
2,4,lr1e-04_bs16_modL1_fusion64_fusionL1_drop0p1_trmiss80_trlocclin,16,0.0001,1,64,1,0.1,lr1e-04_bs16_modL1_fusion64_fusionL1_drop0p1_trmiss80_trlocclin,20,0.4114680786927541,0.695521612962087,0.5517241379310345,0.734856345354213,0.5111111111111111,0.0,0.0,0.0,0.0,2002,clin,0.8
2,4,lr1e-04_bs16_modL1_fusion64_fusionL1_drop0p1_trmiss80_trlocclin,16,0.0001,1,64,1,0.1,lr1e-04_bs16_modL1_fusion64_fusionL1_drop0p1_trmiss80_trlocclin,21,0.4199475273489952,0.6901248494784037,0.5452586206896551,0.7307434834040423,0.5333333333333333,0.0,0.0,0.0,0.0,2002,clin,0.8
2,4,lr1e-04_bs16_modL1_fusion64_fusionL1_drop0p1_trmiss80_trlocclin,16,0.0001,1,64,1,0.1,lr1e-04_bs16_modL1_fusion64_fusionL1_drop0p1_trmiss80_trlocclin,22,0.42188867926597595,0.6937117775281271,0.5560344827586208,0.7400238245913051,0.5111111111111111,0.0,0.0,0.0,0.0,2002,clin,0.8
2,4,lr1e-04_bs16_modL1_fusion64_fusionL1_drop0p1_trmiss80_trlocclin,16,0.0001,1,64,1,0.1,lr1e-04_bs16_modL1_fusion64_fusionL1_drop0p1_trmiss80_trlocclin,23,0.41747848441203433,0.6929823557535807,0.5538793103448276,0.7408401047299955,0.5111111111111111,0.0,0.0,0.0,0.0,2002,clin,0.8
2,4,lr1e-04_bs16_modL1_fusion64_fusionL1_drop0p1_trmiss80_trlocclin,16,0.0001,1,64,1,0.1,lr1e-04_bs16_modL1_fusion64_fusionL1_drop0p1_trmiss80_trlocclin,24,0.41995124767223996,0.6973233819007874,0.5387931034482758,0.7304284714932405,0.5111111111111111,0.0,0.0,0.0,0.0,2002,clin,0.8
2,4,lr1e-04_bs16_modL1_fusion64_fusionL1_drop0p1_trmiss80_trlocclin,16,0.0001,1,64,1,0.1,lr1e-04_bs16_modL1_fusion64_fusionL1_drop0p1_trmiss80_trlocclin,25,0.40048886090517044,0.6961121757825216,0.540948275862069,0.7281032470170679,0.5111111111111111,0.0,0.0,0.0,0.0,2002,clin,0.8
2,4,lr1e-04_bs16_modL1_fusion64_fusionL1_drop0p1_trmiss80_trlocclin,16,0.0001,1,64,1,0.1,lr1e-04_bs16_modL1_fusion64_fusionL1_drop0p1_trmiss80_trlocclin,26,0.40420685211817425,0.7001617352167765,0.5452586206896551,0.7310847111520065,0.5111111111111111,0.0,0.0,0.0,0.0,2002,clin,0.8
2,4,lr1e-04_bs16_modL1_fusion64_fusionL1_drop0p1_trmiss80_trlocclin,16,0.0001,1,64,1,0.1,lr1e-04_bs16_modL1_fusion64_fusionL1_drop0p1_trmiss80_trlocclin,27,0.40168409794569016,0.6967791120211283,0.5538793103448276,0.7348103879736747,0.5111111111111111,0.0,0.0,0.0,0.0,2002,clin,0.8
2,4,lr1e-04_bs16_modL1_fusion64_fusionL1_drop0p1_trmiss80_trlocclin,16,0.0001,1,64,1,0.1,lr1e-04_bs16_modL1_fusion64_fusionL1_drop0p1_trmiss80_trlocclin,28,0.39350496232509613,0.6920650402704874,0.5581896551724137,0.7354271057397579,0.5111111111111111,0.0,0.0,0.0,0.0,2002,clin,0.8
2,4,lr1e-04_bs16_modL1_fusion64_fusionL1_drop0p1_trmiss80_trlocclin,16,0.0001,1,64,1,0.1,lr1e-04_bs16_modL1_fusion64_fusionL1_drop0p1_trmiss80_trlocclin,29,0.410034899910291,0.6896777351697286,0.5603448275862069,0.7363175690954604,0.5333333333333333,0.0,0.0,0.0,0.0,2002,clin,0.8
2,4,lr1e-04_bs16_modL1_fusion64_fusionL1_drop0p1_trmiss80_trlocclin,16,0.0001,1,64,1,0.1,lr1e-04_bs16_modL1_fusion64_fusionL1_drop0p1_trmiss80_trlocclin,30,0.39588706692059833,0.7015858292579651,0.5452586206896551,0.7310715354960193,0.5111111111111111,0.0,0.0,0.0,0.0,2002,clin,0.8
2,4,lr1e-04_bs16_modL1_fusion64_fusionL1_drop0p1_trmiss80_trlocclin,16,0.0001,1,64,1,0.1,lr1e-04_bs16_modL1_fusion64_fusionL1_drop0p1_trmiss80_trlocclin,31,0.3943955476085345,0.6946842273076376,0.5387931034482758,0.7262374851965483,0.5333333333333333,0.0,0.0,0.0,0.0,2002,clin,0.8
2,4,lr1e-04_bs16_modL1_fusion64_fusionL1_drop0p1_trmiss80_trlocclin,16,0.0001,1,64,1,0.1,lr1e-04_bs16_modL1_fusion64_fusionL1_drop0p1_trmiss80_trlocclin,32,0.41351640224456787,0.6851894855499268,0.5560344827586207,0.737564626228979,0.5555555555555556,0.0,0.0,0.0,0.0,2002,clin,0.8
2,4,lr1e-04_bs16_modL1_fusion64_fusionL1_drop0p1_trmiss80_trlocclin,16,0.0001,1,64,1,0.1,lr1e-04_bs16_modL1_fusion64_fusionL1_drop0p1_trmiss80_trlocclin,33,0.3934895644585292,0.6973557670911154,0.5452586206896551,0.7327978232867245,0.5111111111111111,0.0,0.0,0.0,0.0,2002,clin,0.8
2,4,lr1e-04_bs16_modL1_fusion64_fusionL1_drop0p1_trmiss80_trlocclin,16,0.0001,1,64,1,0.1,lr1e-04_bs16_modL1_fusion64_fusionL1_drop0p1_trmiss80_trlocclin,34,0.41694477448860806,0.6953143080075582,0.5495689655172414,0.731605873722518,0.5333333333333333,0.0,0.0,0.0,0.0,2002,clin,0.8
2,4,lr1e-04_bs16_modL1_fusion64_fusionL1_drop0p1_trmiss80_trlocclin,16,0.0001,1,64,1,0.1,lr1e-04_bs16_modL1_fusion64_fusionL1_drop0p1_trmiss80_trlocclin,35,0.4262315258383751,0.6955020626386007,0.5538793103448276,0.7371047834116147,0.5111111111111111,0.0,0.0,0.0,0.0,2002,clin,0.8
2,4,lr1e-04_bs16_modL1_fusion64_fusionL1_drop0p1_trmiss80_trlocclin,16,0.0001,1,64,1,0.1,lr1e-04_bs16_modL1_fusion64_fusionL1_drop0p1_trmiss80_trlocclin,36,0.37716710070768994,0.687749981880188,0.5560344827586207,0.7377751762687166,0.5333333333333333,0.0,0.0,0.0,0.0,2002,clin,0.8
2,4,lr1e-04_bs16_modL1_fusion64_fusionL1_drop0p1_trmiss80_trlocclin,16,0.0001,1,64,1,0.1,lr1e-04_bs16_modL1_fusion64_fusionL1_drop0p1_trmiss80_trlocclin,37,0.3985072150826454,0.6868069171905518,0.5538793103448276,0.7340151628083824,0.5333333333333333,0.0,0.0,0.0,0.0,2002,clin,0.8
2,4,lr1e-04_bs16_modL1_fusion64_fusionL1_drop0p1_trmiss80_trlocclin,16,0.0001,1,64,1,0.1,lr1e-04_bs16_modL1_fusion64_fusionL1_drop0p1_trmiss80_trlocclin,38,0.4091847489277522,0.6977919340133667,0.5495689655172414,0.7319067526947964,0.5111111111111111,0.0,0.0,0.0,0.0,2002,clin,0.8
2,4,lr1e-04_bs16_modL1_fusion64_fusionL1_drop0p1_trmiss80_trlocclin,16,0.0001,1,64,1,0.1,lr1e-04_bs16_modL1_fusion64_fusionL1_drop0p1_trmiss80_trlocclin,39,0.4141518274943034,0.7036474347114563,0.5538793103448275,0.7336864827503979,0.5111111111111111,0.0,0.0,0.0,0.0,2002,clin,0.8
2,4,lr1e-04_bs16_modL1_fusion64_fusionL1_drop0p1_trmiss80_trlocclin,16,0.0001,1,64,1,0.1,lr1e-04_bs16_modL1_fusion64_fusionL1_drop0p1_trmiss80_trlocclin,40,0.3868856554230054,0.6958803733189901,0.5538793103448276,0.7339285645543365,0.5111111111111111,0.0,0.0,0.0,0.0,2002,clin,0.8
2,4,lr1e-04_bs16_modL1_fusion64_fusionL1_drop0p1_trmiss80_trlocclin,16,0.0001,1,64,1,0.1,lr1e-04_bs16_modL1_fusion64_fusionL1_drop0p1_trmiss80_trlocclin,41,0.3999139641722043,0.70147705078125,0.5474137931034483,0.7323673262240669,0.5333333333333333,0.0,0.0,0.0,0.0,2002,clin,0.8
2,4,lr1e-04_bs16_modL1_fusion64_fusionL1_drop0p1_trmiss80_trlocclin,16,0.0001,1,64,1,0.1,lr1e-04_bs16_modL1_fusion64_fusionL1_drop0p1_trmiss80_trlocclin,42,0.3916496659318606,0.7027929623921713,0.5517241379310345,0.736801045168227,0.5111111111111111,0.0,0.0,0.0,0.0,2002,clin,0.8
2,4,lr1e-04_bs16_modL1_fusion64_fusionL1_drop0p1_trmiss80_trlocclin,16,0.0001,1,64,1,0.1,lr1e-04_bs16_modL1_fusion64_fusionL1_drop0p1_trmiss80_trlocclin,43,0.389789842069149,0.6982391476631165,0.5625,0.7409276864419059,0.5111111111111111,0.0,0.0,0.0,0.0,2002,clin,0.8
2,4,lr1e-04_bs16_modL1_fusion64_fusionL1_drop0p1_trmiss80_trlocclin,16,0.0001,1,64,1,0.1,lr1e-04_bs16_modL1_fusion64_fusionL1_drop0p1_trmiss80_trlocclin,44,0.3967670301596324,0.6984408100446066,0.5452586206896551,0.7312795984419276,0.5111111111111111,0.0,0.0,0.0,0.0,2002,clin,0.8
2,4,lr1e-04_bs16_modL1_fusion64_fusionL1_drop0p1_trmiss80_trlocclin,16,0.0001,1,64,1,0.1,lr1e-04_bs16_modL1_fusion64_fusionL1_drop0p1_trmiss80_trlocclin,45,0.3916667277614276,0.7011990944544474,0.5517241379310345,0.7328594251588798,0.5111111111111111,0.0,0.0,0.0,0.0,2002,clin,0.8
2,4,lr1e-04_bs16_modL1_fusion64_fusionL1_drop0p1_trmiss80_trlocclin,16,0.0001,1,64,1,0.1,lr1e-04_bs16_modL1_fusion64_fusionL1_drop0p1_trmiss80_trlocclin,46,0.4013960709174474,0.693263053894043,0.5581896551724138,0.7370049301077586,0.5333333333333333,0.0,0.0,0.0,0.0,2002,clin,0.8
2,4,lr1e-04_bs16_modL1_fusion64_fusionL1_drop0p1_trmiss80_trlocclin,16,0.0001,1,64,1,0.1,lr1e-04_bs16_modL1_fusion64_fusionL1_drop0p1_trmiss80_trlocclin,47,0.3934923509756724,0.6967478394508362,0.5474137931034483,0.7302971909152689,0.5333333333333333,0.0,0.0,0.0,0.0,2002,clin,0.8
2,4,lr1e-04_bs16_modL1_fusion64_fusionL1_drop0p1_trmiss80_trlocclin,16,0.0001,1,64,1,0.1,lr1e-04_bs16_modL1_fusion64_fusionL1_drop0p1_trmiss80_trlocclin,48,0.3879251976807912,0.6986169616381327,0.5474137931034483,0.7302580233381657,0.5555555555555556,0.0,0.0,0.0,0.0,2002,clin,0.8
2,4,lr1e-04_bs16_modL1_fusion64_fusionL1_drop0p1_trmiss80_trlocclin,16,0.0001,1,64,1,0.1,lr1e-04_bs16_modL1_fusion64_fusionL1_drop0p1_trmiss80_trlocclin,49,0.37827328592538834,0.7046272357304891,0.5495689655172413,0.7328285432945245,0.5111111111111111,0.0,0.0,0.0,0.0,2002,clin,0.8
2,4,lr1e-04_bs16_modL1_fusion64_fusionL1_drop0p1_trmiss80_trlocclin,16,0.0001,1,64,1,0.1,lr1e-04_bs16_modL1_fusion64_fusionL1_drop0p1_trmiss80_trlocclin,50,0.3795285125573476,0.7072089711825053,0.5495689655172413,0.7363107008570966,0.5333333333333333,0.0,0.0,0.0,0.0,2002,clin,0.8
2,4,lr1e-04_bs16_modL1_fusion64_fusionL1_drop0p1_trmiss80_trlocclin,16,0.0001,1,64,1,0.1,lr1e-04_bs16_modL1_fusion64_fusionL1_drop0p1_trmiss80_trlocclin,51,0.3845044473807017,0.70142130057017,0.5560344827586207,0.7347833091154317,0.5111111111111111,0.0,0.0,0.0,0.0,2002,clin,0.8
2,4,lr1e-04_bs16_modL1_fusion64_fusionL1_drop0p1_trmiss80_trlocclin,16,0.0001,1,64,1,0.1,lr1e-04_bs16_modL1_fusion64_fusionL1_drop0p1_trmiss80_trlocclin,52,0.4010682925581932,0.7058406273523966,0.5517241379310345,0.7314033486337903,0.5333333333333333,0.0,0.0,0.0,0.0,2002,clin,0.8
2,4,lr1e-04_bs16_modL1_fusion64_fusionL1_drop0p1_trmiss80_trlocclin,16,0.0001,1,64,1,0.1,lr1e-04_bs16_modL1_fusion64_fusionL1_drop0p1_trmiss80_trlocclin,53,0.38506897538900375,0.700946311155955,0.5474137931034483,0.7329240748432051,0.5333333333333333,0.0,0.0,0.0,0.0,2002,clin,0.8
2,4,lr1e-04_bs16_modL1_fusion64_fusionL1_drop0p1_trmiss80_trlocclin,16,0.0001,1,64,1,0.1,lr1e-04_bs16_modL1_fusion64_fusionL1_drop0p1_trmiss80_trlocclin,54,0.39191680649916333,0.70026828845342,0.5517241379310345,0.7351116774111321,0.5333333333333333,0.0,0.0,0.0,0.0,2002,clin,0.8
2,4,lr1e-04_bs16_modL1_fusion64_fusionL1_drop0p1_trmiss80_trlocclin,16,0.0001,1,64,1,0.1,lr1e-04_bs16_modL1_fusion64_fusionL1_drop0p1_trmiss80_trlocclin,55,0.38918115198612213,0.698918879032135,0.5474137931034483,0.7345378386597978,0.5555555555555556,0.0,0.0,0.0,0.0,2002,clin,0.8
2,4,lr1e-04_bs16_modL1_fusion64_fusionL1_drop0p1_trmiss80_trlocclin,16,0.0001,1,64,1,0.1,lr1e-04_bs16_modL1_fusion64_fusionL1_drop0p1_trmiss80_trlocclin,56,0.38880086441834766,0.699698289235433,0.540948275862069,0.7280971999625667,0.5333333333333333,0.0,0.0,0.0,0.0,2002,clin,0.8
2,4,lr1e-04_bs16_modL1_fusion64_fusionL1_drop0p1_trmiss80_trlocclin,16,0.0001,1,64,1,0.1,lr1e-04_bs16_modL1_fusion64_fusionL1_drop0p1_trmiss80_trlocclin,57,0.3733445927500725,0.6911152998606364,0.5495689655172413,0.7312473555628132,0.5333333333333333,0.0,0.0,0.0,0.0,2002,clin,0.8
2,4,lr1e-04_bs16_modL1_fusion64_fusionL1_drop0p1_trmiss80_trlocclin,16,0.0001,1,64,1,0.1,lr1e-04_bs16_modL1_fusion64_fusionL1_drop0p1_trmiss80_trlocclin,58,0.372521236538887,0.6958797574043274,0.5452586206896551,0.7293316467505526,0.5111111111111111,0.0,0.0,0.0,0.0,2002,clin,0.8
2,4,lr1e-04_bs16_modL1_fusion64_fusionL1_drop0p1_trmiss80_trlocclin,16,0.0001,1,64,1,0.1,lr1e-04_bs16_modL1_fusion64_fusionL1_drop0p1_trmiss80_trlocclin,59,0.4053272729118665,0.7036951184272766,0.5538793103448276,0.7320327958149617,0.5111111111111111,0.0,0.0,0.0,0.0,2002,clin,0.8
2,4,lr1e-04_bs16_modL1_fusion64_fusionL1_drop0p1_trmiss80_trlocclin,16,0.0001,1,64,1,0.1,lr1e-04_bs16_modL1_fusion64_fusionL1_drop0p1_trmiss80_trlocclin,60,0.40180667489767075,0.7060330708821615,0.5538793103448275,0.7325229187188775,0.5333333333333333,0.0,0.0,0.0,0.0,2002,clin,0.8
2,4,lr1e-04_bs16_modL1_fusion64_fusionL1_drop0p1_trmiss80_trlocclin,16,0.0001,1,64,1,0.1,lr1e-04_bs16_modL1_fusion64_fusionL1_drop0p1_trmiss80_trlocclin,61,0.387921504676342,0.6994435787200928,0.5560344827586207,0.7346459762968991,0.5333333333333333,0.0,0.0,0.0,0.0,2002,clin,0.8
2,4,lr1e-04_bs16_modL1_fusion64_fusionL1_drop0p1_trmiss80_trlocclin,16,0.0001,1,64,1,0.1,lr1e-04_bs16_modL1_fusion64_fusionL1_drop0p1_trmiss80_trlocclin,62,0.38407131532828015,0.6979624032974243,0.5517241379310345,0.7313950455451677,0.5333333333333333,0.0,0.0,0.0,0.0,2002,clin,0.8
2,4,lr1e-04_bs16_modL1_fusion64_fusionL1_drop0p1_trmiss80_trlocclin,16,0.0001,1,64,1,0.1,lr1e-04_bs16_modL1_fusion64_fusionL1_drop0p1_trmiss80_trlocclin,63,0.38386282076438266,0.6904855171839396,0.5517241379310345,0.7347803159131874,0.5777777777777777,0.0,0.0,0.0,0.0,2002,clin,0.8
2,4,lr5e-05_bs32_modL1_fusion32_fusionL1_drop0p2_trmiss80_trlocclin,32,5e-05,1,32,1,0.2,lr5e-05_bs32_modL1_fusion32_fusionL1_drop0p2_trmiss80_trlocclin,1,0.735370139280955,0.7005994021892548,0.5107758620689655,0.662632803729111,0.37777777777777777,0.0,0.0,0.0,0.0,2002,clin,0.8
2,4,lr5e-05_bs32_modL1_fusion32_fusionL1_drop0p2_trmiss80_trlocclin,32,5e-05,1,32,1,0.2,lr5e-05_bs32_modL1_fusion32_fusionL1_drop0p2_trmiss80_trlocclin,2,0.6842752794424692,0.6931906044483185,0.5517241379310345,0.673433667020422,0.5111111111111111,0.0,0.0,0.0,0.0,2002,clin,0.8
2,4,lr5e-05_bs32_modL1_fusion32_fusionL1_drop0p2_trmiss80_trlocclin,32,5e-05,1,32,1,0.2,lr5e-05_bs32_modL1_fusion32_fusionL1_drop0p2_trmiss80_trlocclin,3,0.6527347564697266,0.6848917007446289,0.5797413793103449,0.7063048747831786,0.5555555555555556,0.0,0.0,0.0,0.0,2002,clin,0.8
2,4,lr5e-05_bs32_modL1_fusion32_fusionL1_drop0p2_trmiss80_trlocclin,32,5e-05,1,32,1,0.2,lr5e-05_bs32_modL1_fusion32_fusionL1_drop0p2_trmiss80_trlocclin,4,0.6426738500595093,0.6760420203208923,0.6163793103448276,0.7395785038132844,0.6222222222222222,0.0,0.0,0.0,0.0,2002,clin,0.8
2,4,lr5e-05_bs32_modL1_fusion32_fusionL1_drop0p2_trmiss80_trlocclin,32,5e-05,1,32,1,0.2,lr5e-05_bs32_modL1_fusion32_fusionL1_drop0p2_trmiss80_trlocclin,5,0.6369737784067789,0.6716215908527374,0.6379310344827587,0.7485328644489887,0.6,0.0,0.0,0.0,0.0,2002,clin,0.8
2,4,lr5e-05_bs32_modL1_fusion32_fusionL1_drop0p2_trmiss80_trlocclin,32,5e-05,1,32,1,0.2,lr5e-05_bs32_modL1_fusion32_fusionL1_drop0p2_trmiss80_trlocclin,6,0.6078233321507772,0.6684095859527588,0.6400862068965517,0.7552712597808153,0.5333333333333333,0.0,0.0,0.0,0.0,2002,clin,0.8
2,4,lr5e-05_bs32_modL1_fusion32_fusionL1_drop0p2_trmiss80_trlocclin,32,5e-05,1,32,1,0.2,lr5e-05_bs32_modL1_fusion32_fusionL1_drop0p2_trmiss80_trlocclin,7,0.6212961574395498,0.6658453643321991,0.6379310344827587,0.757199655039519,0.6,0.0,0.0,0.0,0.0,2002,clin,0.8
2,4,lr5e-05_bs32_modL1_fusion32_fusionL1_drop0p2_trmiss80_trlocclin,32,5e-05,1,32,1,0.2,lr5e-05_bs32_modL1_fusion32_fusionL1_drop0p2_trmiss80_trlocclin,8,0.5956662396589915,0.6643607020378113,0.6379310344827587,0.7632793361540574,0.5555555555555556,0.0,0.0,0.0,0.0,2002,clin,0.8
2,4,lr5e-05_bs32_modL1_fusion32_fusionL1_drop0p2_trmiss80_trlocclin,32,5e-05,1,32,1,0.2,lr5e-05_bs32_modL1_fusion32_fusionL1_drop0p2_trmiss80_trlocclin,9,0.5757005115350088,0.6654473841190338,0.6314655172413792,0.7633727394235041,0.5777777777777777,0.0,0.0,0.0,0.0,2002,clin,0.8
2,4,lr5e-05_bs32_modL1_fusion32_fusionL1_drop0p2_trmiss80_trlocclin,32,5e-05,1,32,1,0.2,lr5e-05_bs32_modL1_fusion32_fusionL1_drop0p2_trmiss80_trlocclin,10,0.5887046754360199,0.6628269553184509,0.6271551724137931,0.7670218210112908,0.5555555555555556,0.0,0.0,0.0,0.0,2002,clin,0.8
2,4,lr5e-05_bs32_modL1_fusion32_fusionL1_drop0p2_trmiss80_trlocclin,32,5e-05,1,32,1,0.2,lr5e-05_bs32_modL1_fusion32_fusionL1_drop0p2_trmiss80_trlocclin,11,0.5756921768188477,0.6623519659042358,0.627155172413793,0.7665825010270952,0.5777777777777777,0.0,0.0,0.0,0.0,2002,clin,0.8
2,4,lr5e-05_bs32_modL1_fusion32_fusionL1_drop0p2_trmiss80_trlocclin,32,5e-05,1,32,1,0.2,lr5e-05_bs32_modL1_fusion32_fusionL1_drop0p2_trmiss80_trlocclin,12,0.5517013967037201,0.6600901186466217,0.6163793103448276,0.7626847238313725,0.5777777777777777,0.0,0.0,0.0,0.0,2002,clin,0.8
2,4,lr5e-05_bs32_modL1_fusion32_fusionL1_drop0p2_trmiss80_trlocclin,32,5e-05,1,32,1,0.2,lr5e-05_bs32_modL1_fusion32_fusionL1_drop0p2_trmiss80_trlocclin,13,0.5654289722442627,0.6597565412521362,0.6185344827586208,0.7761233941066246,0.5333333333333333,0.0,0.0,0.0,0.0,2002,clin,0.8
2,4,lr5e-05_bs32_modL1_fusion32_fusionL1_drop0p2_trmiss80_trlocclin,32,5e-05,1,32,1,0.2,lr5e-05_bs32_modL1_fusion32_fusionL1_drop0p2_trmiss80_trlocclin,14,0.5503302166859309,0.6609072387218475,0.603448275862069,0.7688991255339168,0.5333333333333333,0.0,0.0,0.0,0.0,2002,clin,0.8
2,4,lr5e-05_bs32_modL1_fusion32_fusionL1_drop0p2_trmiss80_trlocclin,32,5e-05,1,32,1,0.2,lr5e-05_bs32_modL1_fusion32_fusionL1_drop0p2_trmiss80_trlocclin,15,0.5428171455860138,0.6577186584472656,0.6056034482758621,0.7697231851946764,0.5333333333333333,0.0,0.0,0.0,0.0,2002,clin,0.8
2,4,lr5e-05_bs32_modL1_fusion32_fusionL1_drop0p2_trmiss80_trlocclin,32,5e-05,1,32,1,0.2,lr5e-05_bs32_modL1_fusion32_fusionL1_drop0p2_trmiss80_trlocclin,16,0.5195453067620596,0.6609030365943909,0.6185344827586207,0.7757776210580956,0.5333333333333333,0.0,0.0,0.0,0.0,2002,clin,0.8
2,4,lr5e-05_bs32_modL1_fusion32_fusionL1_drop0p2_trmiss80_trlocclin,32,5e-05,1,32,1,0.2,lr5e-05_bs32_modL1_fusion32_fusionL1_drop0p2_trmiss80_trlocclin,17,0.5225681215524673,0.6627545654773712,0.603448275862069,0.7667902755483047,0.5333333333333333,0.0,0.0,0.0,0.0,2002,clin,0.8
2,4,lr5e-05_bs32_modL1_fusion32_fusionL1_drop0p2_trmiss80_trlocclin,32,5e-05,1,32,1,0.2,lr5e-05_bs32_modL1_fusion32_fusionL1_drop0p2_trmiss80_trlocclin,18,0.5036159952481588,0.6660973727703094,0.603448275862069,0.7607632097646466,0.5111111111111111,0.0,0.0,0.0,0.0,2002,clin,0.8
2,4,lr5e-05_bs32_modL1_fusion32_fusionL1_drop0p2_trmiss80_trlocclin,32,5e-05,1,32,1,0.2,lr5e-05_bs32_modL1_fusion32_fusionL1_drop0p2_trmiss80_trlocclin,19,0.5057877600193024,0.6612934470176697,0.6142241379310345,0.7774456828552547,0.5111111111111111,0.0,0.0,0.0,0.0,2002,clin,0.8
2,4,lr5e-05_bs32_modL1_fusion32_fusionL1_drop0p2_trmiss80_trlocclin,32,5e-05,1,32,1,0.2,lr5e-05_bs32_modL1_fusion32_fusionL1_drop0p2_trmiss80_trlocclin,20,0.5024831394354502,0.6614169180393219,0.6077586206896551,0.7736203061311129,0.5111111111111111,0.0,0.0,0.0,0.0,2002,clin,0.8
2,4,lr5e-05_bs32_modL1_fusion32_fusionL1_drop0p2_trmiss80_trlocclin,32,5e-05,1,32,1,0.2,lr5e-05_bs32_modL1_fusion32_fusionL1_drop0p2_trmiss80_trlocclin,21,0.5008219430843989,0.6656641960144043,0.6163793103448276,0.7808807534824609,0.4666666666666667,0.0,0.0,0.0,0.0,2002,clin,0.8
2,4,lr5e-05_bs32_modL1_fusion32_fusionL1_drop0p2_trmiss80_trlocclin,32,5e-05,1,32,1,0.2,lr5e-05_bs32_modL1_fusion32_fusionL1_drop0p2_trmiss80_trlocclin,22,0.49211765825748444,0.6665940284729004,0.6142241379310345,0.7803304569702767,0.4666666666666667,0.0,0.0,0.0,0.0,2002,clin,0.8
2,4,lr5e-05_bs32_modL1_fusion32_fusionL1_drop0p2_trmiss80_trlocclin,32,5e-05,1,32,1,0.2,lr5e-05_bs32_modL1_fusion32_fusionL1_drop0p2_trmiss80_trlocclin,23,0.49288023511568707,0.6657171845436096,0.605603448275862,0.7764663340402189,0.4666666666666667,0.0,0.0,0.0,0.0,2002,clin,0.8
2,4,lr5e-05_bs32_modL1_fusion32_fusionL1_drop0p2_trmiss80_trlocclin,32,5e-05,1,32,1,0.2,lr5e-05_bs32_modL1_fusion32_fusionL1_drop0p2_trmiss80_trlocclin,24,0.5032380173603693,0.6662105321884155,0.6077586206896552,0.777930316044571,0.4666666666666667,0.0,0.0,0.0,0.0,2002,clin,0.8
2,4,lr5e-05_bs32_modL1_fusion32_fusionL1_drop0p2_trmiss80_trlocclin,32,5e-05,1,32,1,0.2,lr5e-05_bs32_modL1_fusion32_fusionL1_drop0p2_trmiss80_trlocclin,25,0.48735980689525604,0.6608881056308746,0.6120689655172413,0.7799906418558309,0.5111111111111111,0.0,0.0,0.0,0.0,2002,clin,0.8
2,4,lr5e-05_bs32_modL1_fusion32_fusionL1_drop0p2_trmiss80_trlocclin,32,5e-05,1,32,1,0.2,lr5e-05_bs32_modL1_fusion32_fusionL1_drop0p2_trmiss80_trlocclin,26,0.48587747911612195,0.6655083298683167,0.6056034482758621,0.7757454194558062,0.4666666666666667,0.0,0.0,0.0,0.0,2002,clin,0.8
2,4,lr5e-05_bs32_modL1_fusion32_fusionL1_drop0p1_trmiss80_trlocclin,32,5e-05,1,32,1,0.1,lr5e-05_bs32_modL1_fusion32_fusionL1_drop0p1_trmiss80_trlocclin,1,0.7309694389502207,0.6841075420379639,0.6142241379310345,0.7465300779620127,0.5555555555555556,0.0,0.0,0.0,0.0,2002,clin,0.8
2,4,lr5e-05_bs32_modL1_fusion32_fusionL1_drop0p1_trmiss80_trlocclin,32,5e-05,1,32,1,0.1,lr5e-05_bs32_modL1_fusion32_fusionL1_drop0p1_trmiss80_trlocclin,2,0.6864042778809866,0.680681437253952,0.6163793103448275,0.7458779748767311,0.4888888888888889,0.0,0.0,0.0,0.0,2002,clin,0.8
2,4,lr5e-05_bs32_modL1_fusion32_fusionL1_drop0p1_trmiss80_trlocclin,32,5e-05,1,32,1,0.1,lr5e-05_bs32_modL1_fusion32_fusionL1_drop0p1_trmiss80_trlocclin,3,0.660572350025177,0.6784400343894958,0.622844827586207,0.741302821262701,0.4888888888888889,0.0,0.0,0.0,0.0,2002,clin,0.8
2,4,lr5e-05_bs32_modL1_fusion32_fusionL1_drop0p1_trmiss80_trlocclin,32,5e-05,1,32,1,0.1,lr5e-05_bs32_modL1_fusion32_fusionL1_drop0p1_trmiss80_trlocclin,4,0.6397256950537363,0.6785809695720673,0.625,0.731080580524724,0.5333333333333333,0.0,0.0,0.0,0.0,2002,clin,0.8
2,4,lr5e-05_bs32_modL1_fusion32_fusionL1_drop0p1_trmiss80_trlocclin,32,5e-05,1,32,1,0.1,lr5e-05_bs32_modL1_fusion32_fusionL1_drop0p1_trmiss80_trlocclin,5,0.6352118154366811,0.6814026236534119,0.6314655172413793,0.7385988956987339,0.5111111111111111,0.0,0.0,0.0,0.0,2002,clin,0.8
2,4,lr5e-05_bs32_modL1_fusion32_fusionL1_drop0p1_trmiss80_trlocclin,32,5e-05,1,32,1,0.1,lr5e-05_bs32_modL1_fusion32_fusionL1_drop0p1_trmiss80_trlocclin,6,0.6225410799185435,0.6846923530101776,0.6336206896551724,0.7420055266564876,0.5111111111111111,0.0,0.0,0.0,0.0,2002,clin,0.8
2,4,lr5e-05_bs32_modL1_fusion32_fusionL1_drop0p1_trmiss80_trlocclin,32,5e-05,1,32,1,0.1,lr5e-05_bs32_modL1_fusion32_fusionL1_drop0p1_trmiss80_trlocclin,7,0.6125470101833344,0.6875505447387695,0.625,0.7271516992763778,0.5111111111111111,0.0,0.0,0.0,0.0,2002,clin,0.8
2,4,lr5e-05_bs32_modL1_fusion32_fusionL1_drop0p1_trmiss80_trlocclin,32,5e-05,1,32,1,0.1,lr5e-05_bs32_modL1_fusion32_fusionL1_drop0p1_trmiss80_trlocclin,8,0.5873562196890513,0.6860961616039276,0.625,0.7271984779120599,0.5333333333333333,0.0,0.0,0.0,0.0,2002,clin,0.8
2,4,lr5e-05_bs32_modL1_fusion32_fusionL1_drop0p1_trmiss80_trlocclin,32,5e-05,1,32,1,0.1,lr5e-05_bs32_modL1_fusion32_fusionL1_drop0p1_trmiss80_trlocclin,9,0.5720518827438354,0.6838432252407074,0.6379310344827587,0.7292821317822138,0.4888888888888889,0.0,0.0,0.0,0.0,2002,clin,0.8
2,4,lr5e-05_bs32_modL1_fusion32_fusionL1_drop0p1_trmiss80_trlocclin,32,5e-05,1,32,1,0.1,lr5e-05_bs32_modL1_fusion32_fusionL1_drop0p1_trmiss80_trlocclin,10,0.5770850777626038,0.6815247237682343,0.6336206896551724,0.7238148975309506,0.4888888888888889,0.0,0.0,0.0,0.0,2002,clin,0.8
2,4,lr5e-05_bs32_modL1_fusion32_fusionL1_drop0p1_trmiss80_trlocclin,32,5e-05,1,32,1,0.1,lr5e-05_bs32_modL1_fusion32_fusionL1_drop0p1_trmiss80_trlocclin,11,0.5734162032604218,0.6844302415847778,0.6379310344827587,0.7309786323823122,0.5111111111111111,0.0,0.0,0.0,0.0,2002,clin,0.8
2,4,lr5e-05_bs32_modL1_fusion32_fusionL1_drop0p1_trmiss80_trlocclin,32,5e-05,1,32,1,0.1,lr5e-05_bs32_modL1_fusion32_fusionL1_drop0p1_trmiss80_trlocclin,12,0.554660975933075,0.6836891770362854,0.6422413793103449,0.7312373262831411,0.5333333333333333,0.0,0.0,0.0,0.0,2002,clin,0.8
2,4,lr5e-05_bs32_modL1_fusion32_fusionL1_drop0p1_trmiss80_trlocclin,32,5e-05,1,32,1,0.1,lr5e-05_bs32_modL1_fusion32_fusionL1_drop0p1_trmiss80_trlocclin,13,0.5550473233064016,0.6798896491527557,0.646551724137931,0.7343946646846033,0.5111111111111111,0.0,0.0,0.0,0.0,2002,clin,0.8
2,4,lr5e-05_bs32_modL1_fusion32_fusionL1_drop0p1_trmiss80_trlocclin,32,5e-05,1,32,1,0.1,lr5e-05_bs32_modL1_fusion32_fusionL1_drop0p1_trmiss80_trlocclin,14,0.552471270163854,0.680234283208847,0.6400862068965517,0.7311171653614117,0.5111111111111111,0.0,0.0,0.0,0.0,2002,clin,0.8
2,4,lr5e-05_bs32_modL1_fusion32_fusionL1_drop0p1_trmiss80_trlocclin,32,5e-05,1,32,1,0.1,lr5e-05_bs32_modL1_fusion32_fusionL1_drop0p1_trmiss80_trlocclin,15,0.5395971039930979,0.6817811131477356,0.627155172413793,0.7260828155583805,0.5111111111111111,0.0,0.0,0.0,0.0,2002,clin,0.8
2,4,lr5e-05_bs32_modL1_fusion32_fusionL1_drop0p1_trmiss80_trlocclin,32,5e-05,1,32,1,0.1,lr5e-05_bs32_modL1_fusion32_fusionL1_drop0p1_trmiss80_trlocclin,16,0.5495642721652985,0.681889683008194,0.6336206896551724,0.7283595211730312,0.5111111111111111,0.0,0.0,0.0,0.0,2002,clin,0.8
2,4,lr5e-05_bs32_modL1_fusion32_fusionL1_drop0p1_trmiss80_trlocclin,32,5e-05,1,32,1,0.1,lr5e-05_bs32_modL1_fusion32_fusionL1_drop0p1_trmiss80_trlocclin,17,0.533415824174881,0.6831172108650208,0.6379310344827586,0.7299802824017121,0.5111111111111111,0.0,0.0,0.0,0.0,2002,clin,0.8
2,4,lr5e-05_bs32_modL1_fusion32_fusionL1_drop0p1_trmiss80_trlocclin,32,5e-05,1,32,1,0.1,lr5e-05_bs32_modL1_fusion32_fusionL1_drop0p1_trmiss80_trlocclin,18,0.5364881853262583,0.6844588816165924,0.6271551724137931,0.7262934484960373,0.5333333333333333,0.0,0.0,0.0,0.0,2002,clin,0.8
2,4,lr5e-05_bs32_modL1_fusion32_fusionL1_drop0p1_trmiss80_trlocclin,32,5e-05,1,32,1,0.1,lr5e-05_bs32_modL1_fusion32_fusionL1_drop0p1_trmiss80_trlocclin,19,0.5352584520975748,0.683381974697113,0.6336206896551724,0.7297892374352504,0.5555555555555556,0.0,0.0,0.0,0.0,2002,clin,0.8
2,4,lr5e-05_bs32_modL1_fusion32_fusionL1_drop0p1_trmiss80_trlocclin,32,5e-05,1,32,1,0.1,lr5e-05_bs32_modL1_fusion32_fusionL1_drop0p1_trmiss80_trlocclin,20,0.5256127317746481,0.6827840805053711,0.6379310344827587,0.7355928237343259,0.5333333333333333,0.0,0.0,0.0,0.0,2002,clin,0.8
2,4,lr5e-05_bs32_modL1_fusion32_fusionL1_drop0p1_trmiss80_trlocclin,32,5e-05,1,32,1,0.1,lr5e-05_bs32_modL1_fusion32_fusionL1_drop0p1_trmiss80_trlocclin,21,0.5360898375511169,0.6839368343353271,0.625,0.7337614774700294,0.5777777777777777,0.0,0.0,0.0,0.0,2002,clin,0.8
2,4,lr5e-05_bs32_modL1_fusion32_fusionL1_drop0p1_trmiss80_trlocclin,32,5e-05,1,32,1,0.1,lr5e-05_bs32_modL1_fusion32_fusionL1_drop0p1_trmiss80_trlocclin,22,0.5265964269638062,0.684403657913208,0.6206896551724138,0.7276089047556029,0.5777777777777777,0.0,0.0,0.0,0.0,2002,clin,0.8
2,4,lr5e-05_bs32_modL1_fusion32_fusionL1_drop0p1_trmiss80_trlocclin,32,5e-05,1,32,1,0.1,lr5e-05_bs32_modL1_fusion32_fusionL1_drop0p1_trmiss80_trlocclin,23,0.5257792820533117,0.6846425831317902,0.6336206896551724,0.7255372826863167,0.5333333333333333,0.0,0.0,0.0,0.0,2002,clin,0.8
2,4,lr5e-05_bs32_modL1_fusion32_fusionL1_drop0p1_trmiss80_trlocclin,32,5e-05,1,32,1,0.1,lr5e-05_bs32_modL1_fusion32_fusionL1_drop0p1_trmiss80_trlocclin,24,0.5318206051985422,0.6860184073448181,0.6185344827586207,0.7202448072256669,0.5555555555555556,0.0,0.0,0.0,0.0,2002,clin,0.8
2,4,lr5e-05_bs32_modL1_fusion32_fusionL1_drop0p1_trmiss80_trlocclin,32,5e-05,1,32,1,0.1,lr5e-05_bs32_modL1_fusion32_fusionL1_drop0p1_trmiss80_trlocclin,25,0.5166968057552973,0.6860418319702148,0.625,0.7215271400947287,0.5333333333333333,0.0,0.0,0.0,0.0,2002,clin,0.8
2,4,lr5e-05_bs32_modL1_fusion32_fusionL1_drop0p1_trmiss80_trlocclin,32,5e-05,1,32,1,0.1,lr5e-05_bs32_modL1_fusion32_fusionL1_drop0p1_trmiss80_trlocclin,26,0.5258385688066483,0.6840224862098694,0.6228448275862069,0.7204063639260665,0.5555555555555556,0.0,0.0,0.0,0.0,2002,clin,0.8
2,4,lr5e-05_bs32_modL1_fusion32_fusionL1_drop0p1_trmiss80_trlocclin,32,5e-05,1,32,1,0.1,lr5e-05_bs32_modL1_fusion32_fusionL1_drop0p1_trmiss80_trlocclin,27,0.5354426304499308,0.6831192970275879,0.6271551724137931,0.724264870193295,0.5777777777777777,0.0,0.0,0.0,0.0,2002,clin,0.8
2,4,lr5e-05_bs32_modL1_fusion32_fusionL1_drop0p1_trmiss80_trlocclin,32,5e-05,1,32,1,0.1,lr5e-05_bs32_modL1_fusion32_fusionL1_drop0p1_trmiss80_trlocclin,28,0.5308559834957123,0.6847542226314545,0.6271551724137931,0.7264610820390835,0.5555555555555556,0.0,0.0,0.0,0.0,2002,clin,0.8
2,4,lr5e-05_bs32_modL1_fusion32_fusionL1_drop0p1_trmiss80_trlocclin,32,5e-05,1,32,1,0.1,lr5e-05_bs32_modL1_fusion32_fusionL1_drop0p1_trmiss80_trlocclin,29,0.518789678812027,0.6822976768016815,0.6357758620689655,0.733181964873429,0.5555555555555556,0.0,0.0,0.0,0.0,2002,clin,0.8
2,4,lr5e-05_bs32_modL1_fusion32_fusionL1_drop0p1_trmiss80_trlocclin,32,5e-05,1,32,1,0.1,lr5e-05_bs32_modL1_fusion32_fusionL1_drop0p1_trmiss80_trlocclin,30,0.5292991101741791,0.6856896579265594,0.6206896551724138,0.7188198739495574,0.5333333333333333,0.0,0.0,0.0,0.0,2002,clin,0.8
2,4,lr5e-05_bs32_modL1_fusion32_fusionL1_drop0p1_trmiss80_trlocclin,32,5e-05,1,32,1,0.1,lr5e-05_bs32_modL1_fusion32_fusionL1_drop0p1_trmiss80_trlocclin,31,0.5130297789971033,0.6842947900295258,0.6228448275862069,0.7230687920006533,0.5333333333333333,0.0,0.0,0.0,0.0,2002,clin,0.8
2,4,lr5e-05_bs32_modL1_fusion32_fusionL1_drop0p1_trmiss80_trlocclin,32,5e-05,1,32,1,0.1,lr5e-05_bs32_modL1_fusion32_fusionL1_drop0p1_trmiss80_trlocclin,32,0.5194085637728373,0.6826898455619812,0.6293103448275863,0.7243284915898971,0.5555555555555556,0.0,0.0,0.0,0.0,2002,clin,0.8
2,4,lr5e-05_bs32_modL1_fusion32_fusionL1_drop0p1_trmiss80_trlocclin,32,5e-05,1,32,1,0.1,lr5e-05_bs32_modL1_fusion32_fusionL1_drop0p1_trmiss80_trlocclin,33,0.514977311094602,0.681908905506134,0.6271551724137931,0.722509577351309,0.5333333333333333,0.0,0.0,0.0,0.0,2002,clin,0.8
2,4,lr5e-05_bs32_modL1_fusion64_fusionL1_drop0p2_trmiss80_trlocclin,32,5e-05,1,64,1,0.2,lr5e-05_bs32_modL1_fusion64_fusionL1_drop0p2_trmiss80_trlocclin,1,0.6494793792565664,0.692562460899353,0.4051724137931034,0.5983987947243674,0.6,0.0,0.0,0.0,0.0,2002,clin,0.8
2,4,lr5e-05_bs32_modL1_fusion64_fusionL1_drop0p2_trmiss80_trlocclin,32,5e-05,1,64,1,0.2,lr5e-05_bs32_modL1_fusion64_fusionL1_drop0p2_trmiss80_trlocclin,2,0.65083447098732,0.7000598609447479,0.36853448275862066,0.5794928828335053,0.5777777777777777,0.0,0.0,0.0,0.0,2002,clin,0.8
2,4,lr5e-05_bs32_modL1_fusion64_fusionL1_drop0p2_trmiss80_trlocclin,32,5e-05,1,64,1,0.2,lr5e-05_bs32_modL1_fusion64_fusionL1_drop0p2_trmiss80_trlocclin,3,0.6217348774274191,0.7064380049705505,0.3728448275862069,0.5892118126070774,0.5555555555555556,0.0,0.0,0.0,0.0,2002,clin,0.8
2,4,lr5e-05_bs32_modL1_fusion64_fusionL1_drop0p2_trmiss80_trlocclin,32,5e-05,1,64,1,0.2,lr5e-05_bs32_modL1_fusion64_fusionL1_drop0p2_trmiss80_trlocclin,4,0.6352470020453135,0.7128453552722931,0.3706896551724138,0.5925619102935595,0.5777777777777777,0.0,0.0,0.0,0.0,2002,clin,0.8
2,4,lr5e-05_bs32_modL1_fusion64_fusionL1_drop0p2_trmiss80_trlocclin,32,5e-05,1,64,1,0.2,lr5e-05_bs32_modL1_fusion64_fusionL1_drop0p2_trmiss80_trlocclin,5,0.5801392793655396,0.7158815860748291,0.37715517241379315,0.6042371678613121,0.5111111111111111,0.0,0.0,0.0,0.0,2002,clin,0.8
2,4,lr5e-05_bs32_modL1_fusion64_fusionL1_drop0p2_trmiss80_trlocclin,32,5e-05,1,64,1,0.2,lr5e-05_bs32_modL1_fusion64_fusionL1_drop0p2_trmiss80_trlocclin,6,0.5819847881793976,0.7169901728630066,0.39224137931034486,0.6277898571232917,0.5333333333333333,0.0,0.0,0.0,0.0,2002,clin,0.8
2,4,lr5e-05_bs32_modL1_fusion64_fusionL1_drop0p2_trmiss80_trlocclin,32,5e-05,1,64,1,0.2,lr5e-05_bs32_modL1_fusion64_fusionL1_drop0p2_trmiss80_trlocclin,7,0.5593006908893585,0.7169506847858429,0.40301724137931033,0.6384768549930201,0.5333333333333333,0.0,0.0,0.0,0.0,2002,clin,0.8
2,4,lr5e-05_bs32_modL1_fusion64_fusionL1_drop0p2_trmiss80_trlocclin,32,5e-05,1,64,1,0.2,lr5e-05_bs32_modL1_fusion64_fusionL1_drop0p2_trmiss80_trlocclin,8,0.5674889385700226,0.7142295837402344,0.4051724137931034,0.6392518552089742,0.5333333333333333,0.0,0.0,0.0,0.0,2002,clin,0.8
2,4,lr5e-05_bs32_modL1_fusion64_fusionL1_drop0p2_trmiss80_trlocclin,32,5e-05,1,64,1,0.2,lr5e-05_bs32_modL1_fusion64_fusionL1_drop0p2_trmiss80_trlocclin,9,0.5612970391909281,0.712175041437149,0.4137931034482759,0.6462945465960285,0.5111111111111111,0.0,0.0,0.0,0.0,2002,clin,0.8
2,4,lr5e-05_bs32_modL1_fusion64_fusionL1_drop0p2_trmiss80_trlocclin,32,5e-05,1,64,1,0.2,lr5e-05_bs32_modL1_fusion64_fusionL1_drop0p2_trmiss80_trlocclin,10,0.5335090806086858,0.713557630777359,0.41810344827586204,0.652418318181424,0.5111111111111111,0.0,0.0,0.0,0.0,2002,clin,0.8
2,4,lr5e-05_bs32_modL1_fusion64_fusionL1_drop0p2_trmiss80_trlocclin,32,5e-05,1,64,1,0.2,lr5e-05_bs32_modL1_fusion64_fusionL1_drop0p2_trmiss80_trlocclin,11,0.5641890466213226,0.7143918871879578,0.41379310344827586,0.646414982436709,0.5111111111111111,0.0,0.0,0.0,0.0,2002,clin,0.8
2,4,lr5e-05_bs32_modL1_fusion64_fusionL1_drop0p2_trmiss80_trlocclin,32,5e-05,1,64,1,0.2,lr5e-05_bs32_modL1_fusion64_fusionL1_drop0p2_trmiss80_trlocclin,12,0.5410738488038381,0.7151244282722473,0.41810344827586204,0.6475101692972449,0.5111111111111111,0.0,0.0,0.0,0.0,2002,clin,0.8
2,4,lr5e-05_bs32_modL1_fusion64_fusionL1_drop0p2_trmiss80_trlocclin,32,5e-05,1,64,1,0.2,lr5e-05_bs32_modL1_fusion64_fusionL1_drop0p2_trmiss80_trlocclin,13,0.5355871866146723,0.7138998210430145,0.4245689655172414,0.6522480179098666,0.5333333333333333,0.0,0.0,0.0,0.0,2002,clin,0.8
2,4,lr5e-05_bs32_modL1_fusion64_fusionL1_drop0p2_trmiss80_trlocclin,32,5e-05,1,64,1,0.2,lr5e-05_bs32_modL1_fusion64_fusionL1_drop0p2_trmiss80_trlocclin,14,0.5461516877015432,0.7127464711666107,0.4288793103448276,0.6532841864798236,0.5555555555555556,0.0,0.0,0.0,0.0,2002,clin,0.8
2,4,lr5e-05_bs32_modL1_fusion64_fusionL1_drop0p2_trmiss80_trlocclin,32,5e-05,1,64,1,0.2,lr5e-05_bs32_modL1_fusion64_fusionL1_drop0p2_trmiss80_trlocclin,15,0.5280727098385493,0.7127566039562225,0.42672413793103453,0.6518896631532516,0.5555555555555556,0.0,0.0,0.0,0.0,2002,clin,0.8
2,4,lr5e-05_bs32_modL1_fusion64_fusionL1_drop0p2_trmiss80_trlocclin,32,5e-05,1,64,1,0.2,lr5e-05_bs32_modL1_fusion64_fusionL1_drop0p2_trmiss80_trlocclin,16,0.5270295391480128,0.7123754322528839,0.4288793103448276,0.6528072237804311,0.5333333333333333,0.0,0.0,0.0,0.0,2002,clin,0.8
2,4,lr5e-05_bs32_modL1_fusion64_fusionL1_drop0p2_trmiss80_trlocclin,32,5e-05,1,64,1,0.2,lr5e-05_bs32_modL1_fusion64_fusionL1_drop0p2_trmiss80_trlocclin,17,0.5236668338378271,0.7146058678627014,0.41594827586206895,0.6476214424550106,0.5333333333333333,0.0,0.0,0.0,0.0,2002,clin,0.8
2,4,lr5e-05_bs32_modL1_fusion64_fusionL1_drop0p2_trmiss80_trlocclin,32,5e-05,1,64,1,0.2,lr5e-05_bs32_modL1_fusion64_fusionL1_drop0p2_trmiss80_trlocclin,18,0.5150135656197866,0.7144270241260529,0.42456896551724144,0.652672818264882,0.5333333333333333,0.0,0.0,0.0,0.0,2002,clin,0.8
2,4,lr5e-05_bs32_modL1_fusion64_fusionL1_drop0p2_trmiss80_trlocclin,32,5e-05,1,64,1,0.2,lr5e-05_bs32_modL1_fusion64_fusionL1_drop0p2_trmiss80_trlocclin,19,0.5131087849537531,0.7132666409015656,0.4202586206896552,0.6507679677211929,0.5333333333333333,0.0,0.0,0.0,0.0,2002,clin,0.8
2,4,lr5e-05_bs32_modL1_fusion64_fusionL1_drop0p2_trmiss80_trlocclin,32,5e-05,1,64,1,0.2,lr5e-05_bs32_modL1_fusion64_fusionL1_drop0p2_trmiss80_trlocclin,20,0.5002194195985794,0.7120181024074554,0.42456896551724144,0.6522431869134158,0.5333333333333333,0.0,0.0,0.0,0.0,2002,clin,0.8
2,4,lr5e-05_bs32_modL1_fusion64_fusionL1_drop0p2_trmiss80_trlocclin,32,5e-05,1,64,1,0.2,lr5e-05_bs32_modL1_fusion64_fusionL1_drop0p2_trmiss80_trlocclin,21,0.5236001561085383,0.7126107811927795,0.415948275862069,0.6494719960985426,0.5555555555555556,0.0,0.0,0.0,0.0,2002,clin,0.8
2,4,lr5e-05_bs32_modL1_fusion64_fusionL1_drop0p2_trmiss80_trlocclin,32,5e-05,1,64,1,0.2,lr5e-05_bs32_modL1_fusion64_fusionL1_drop0p2_trmiss80_trlocclin,22,0.5085847626129786,0.7121103405952454,0.4181034482758621,0.6490913341801567,0.5333333333333333,0.0,0.0,0.0,0.0,2002,clin,0.8
2,4,lr5e-05_bs32_modL1_fusion64_fusionL1_drop0p2_trmiss80_trlocclin,32,5e-05,1,64,1,0.2,lr5e-05_bs32_modL1_fusion64_fusionL1_drop0p2_trmiss80_trlocclin,23,0.5036317606767019,0.7132378220558167,0.41594827586206895,0.6484118709561038,0.5333333333333333,0.0,0.0,0.0,0.0,2002,clin,0.8
2,4,lr5e-05_bs32_modL1_fusion64_fusionL1_drop0p2_trmiss80_trlocclin,32,5e-05,1,64,1,0.2,lr5e-05_bs32_modL1_fusion64_fusionL1_drop0p2_trmiss80_trlocclin,24,0.5178416272004446,0.7132484912872314,0.41810344827586204,0.6479797826521219,0.5333333333333333,0.0,0.0,0.0,0.0,2002,clin,0.8
2,4,lr5e-05_bs32_modL1_fusion64_fusionL1_drop0p2_trmiss80_trlocclin,32,5e-05,1,64,1,0.2,lr5e-05_bs32_modL1_fusion64_fusionL1_drop0p2_trmiss80_trlocclin,25,0.5093057403961817,0.7117280662059784,0.4181034482758621,0.6488491738807345,0.5333333333333333,0.0,0.0,0.0,0.0,2002,clin,0.8
2,4,lr5e-05_bs32_modL1_fusion64_fusionL1_drop0p2_trmiss80_trlocclin,32,5e-05,1,64,1,0.2,lr5e-05_bs32_modL1_fusion64_fusionL1_drop0p2_trmiss80_trlocclin,26,0.5006114492813746,0.7123664915561676,0.42456896551724144,0.6562429069199216,0.5333333333333333,0.0,0.0,0.0,0.0,2002,clin,0.8
2,4,lr5e-05_bs32_modL1_fusion64_fusionL1_drop0p2_trmiss80_trlocclin,32,5e-05,1,64,1,0.2,lr5e-05_bs32_modL1_fusion64_fusionL1_drop0p2_trmiss80_trlocclin,27,0.5124521007140478,0.7129205763339996,0.415948275862069,0.6511486179759723,0.5111111111111111,0.0,0.0,0.0,0.0,2002,clin,0.8
2,4,lr5e-05_bs32_modL1_fusion64_fusionL1_drop0p2_trmiss80_trlocclin,32,5e-05,1,64,1,0.2,lr5e-05_bs32_modL1_fusion64_fusionL1_drop0p2_trmiss80_trlocclin,28,0.4962057024240494,0.7129126191139221,0.4137931034482759,0.6488598015683131,0.5333333333333333,0.0,0.0,0.0,0.0,2002,clin,0.8
2,4,lr5e-05_bs32_modL1_fusion64_fusionL1_drop0p2_trmiss80_trlocclin,32,5e-05,1,64,1,0.2,lr5e-05_bs32_modL1_fusion64_fusionL1_drop0p2_trmiss80_trlocclin,29,0.4966799318790436,0.7113903164863586,0.42672413793103453,0.6567393478655458,0.5111111111111111,0.0,0.0,0.0,0.0,2002,clin,0.8
2,4,lr5e-05_bs32_modL1_fusion64_fusionL1_drop0p2_trmiss80_trlocclin,32,5e-05,1,64,1,0.2,lr5e-05_bs32_modL1_fusion64_fusionL1_drop0p2_trmiss80_trlocclin,30,0.49778637786706287,0.7134198546409607,0.4181034482758621,0.6490153190208273,0.5333333333333333,0.0,0.0,0.0,0.0,2002,clin,0.8
2,4,lr5e-05_bs32_modL1_fusion64_fusionL1_drop0p2_trmiss80_trlocclin,32,5e-05,1,64,1,0.2,lr5e-05_bs32_modL1_fusion64_fusionL1_drop0p2_trmiss80_trlocclin,31,0.48766707877318066,0.714505523443222,0.4202586206896552,0.6494795038770267,0.5111111111111111,0.0,0.0,0.0,0.0,2002,clin,0.8
2,4,lr5e-05_bs32_modL1_fusion64_fusionL1_drop0p2_trmiss80_trlocclin,32,5e-05,1,64,1,0.2,lr5e-05_bs32_modL1_fusion64_fusionL1_drop0p2_trmiss80_trlocclin,32,0.4982984960079193,0.7141233086585999,0.4245689655172414,0.6513088903925638,0.5111111111111111,0.0,0.0,0.0,0.0,2002,clin,0.8
2,4,lr5e-05_bs32_modL1_fusion64_fusionL1_drop0p2_trmiss80_trlocclin,32,5e-05,1,64,1,0.2,lr5e-05_bs32_modL1_fusion64_fusionL1_drop0p2_trmiss80_trlocclin,33,0.5009897152582804,0.7134762108325958,0.4267241379310345,0.6533573147640371,0.5333333333333333,0.0,0.0,0.0,0.0,2002,clin,0.8
2,4,lr5e-05_bs32_modL1_fusion64_fusionL1_drop0p2_trmiss80_trlocclin,32,5e-05,1,64,1,0.2,lr5e-05_bs32_modL1_fusion64_fusionL1_drop0p2_trmiss80_trlocclin,34,0.49960436423619586,0.7138460278511047,0.4202586206896552,0.649315198597338,0.5333333333333333,0.0,0.0,0.0,0.0,2002,clin,0.8
2,4,lr5e-05_bs32_modL1_fusion64_fusionL1_drop0p2_trmiss80_trlocclin,32,5e-05,1,64,1,0.2,lr5e-05_bs32_modL1_fusion64_fusionL1_drop0p2_trmiss80_trlocclin,35,0.5135009984175364,0.7128771841526031,0.4224137931034483,0.6499455285936302,0.5333333333333333,0.0,0.0,0.0,0.0,2002,clin,0.8
2,4,lr5e-05_bs32_modL1_fusion64_fusionL1_drop0p2_trmiss80_trlocclin,32,5e-05,1,64,1,0.2,lr5e-05_bs32_modL1_fusion64_fusionL1_drop0p2_trmiss80_trlocclin,36,0.49647119641304016,0.714756041765213,0.415948275862069,0.6491759378591663,0.5333333333333333,0.0,0.0,0.0,0.0,2002,clin,0.8
2,4,lr5e-05_bs32_modL1_fusion64_fusionL1_drop0p1_trmiss80_trlocclin,32,5e-05,1,64,1,0.1,lr5e-05_bs32_modL1_fusion64_fusionL1_drop0p1_trmiss80_trlocclin,1,0.6464852690696716,0.6834360659122467,0.47629310344827586,0.7011452608541862,0.6,0.0,0.0,0.0,0.0,2002,clin,0.8
2,4,lr5e-05_bs32_modL1_fusion64_fusionL1_drop0p1_trmiss80_trlocclin,32,5e-05,1,64,1,0.1,lr5e-05_bs32_modL1_fusion64_fusionL1_drop0p1_trmiss80_trlocclin,2,0.6236346065998077,0.6848645806312561,0.46336206896551724,0.688379841816528,0.5777777777777777,0.0,0.0,0.0,0.0,2002,clin,0.8
2,4,lr5e-05_bs32_modL1_fusion64_fusionL1_drop0p1_trmiss80_trlocclin,32,5e-05,1,64,1,0.1,lr5e-05_bs32_modL1_fusion64_fusionL1_drop0p1_trmiss80_trlocclin,3,0.6145252684752146,0.684179812669754,0.4482758620689655,0.6703407457042411,0.6,0.0,0.0,0.0,0.0,2002,clin,0.8
2,4,lr5e-05_bs32_modL1_fusion64_fusionL1_drop0p1_trmiss80_trlocclin,32,5e-05,1,64,1,0.1,lr5e-05_bs32_modL1_fusion64_fusionL1_drop0p1_trmiss80_trlocclin,4,0.5743254721164703,0.6827185750007629,0.4461206896551724,0.6805540228244352,0.5555555555555556,0.0,0.0,0.0,0.0,2002,clin,0.8
2,4,lr5e-05_bs32_modL1_fusion64_fusionL1_drop0p1_trmiss80_trlocclin,32,5e-05,1,64,1,0.1,lr5e-05_bs32_modL1_fusion64_fusionL1_drop0p1_trmiss80_trlocclin,5,0.5696615278720856,0.6802112758159637,0.4698275862068965,0.7010001946490191,0.5333333333333333,0.0,0.0,0.0,0.0,2002,clin,0.8
2,4,lr5e-05_bs32_modL1_fusion64_fusionL1_drop0p1_trmiss80_trlocclin,32,5e-05,1,64,1,0.1,lr5e-05_bs32_modL1_fusion64_fusionL1_drop0p1_trmiss80_trlocclin,6,0.5734039048353831,0.6776546239852905,0.47629310344827586,0.7186854332908073,0.5333333333333333,0.0,0.0,0.0,0.0,2002,clin,0.8
2,4,lr5e-05_bs32_modL1_fusion64_fusionL1_drop0p1_trmiss80_trlocclin,32,5e-05,1,64,1,0.1,lr5e-05_bs32_modL1_fusion64_fusionL1_drop0p1_trmiss80_trlocclin,7,0.5539354085922241,0.6775793433189392,0.46336206896551724,0.7115009918252102,0.5555555555555556,0.0,0.0,0.0,0.0,2002,clin,0.8
2,4,lr5e-05_bs32_modL1_fusion64_fusionL1_drop0p1_trmiss80_trlocclin,32,5e-05,1,64,1,0.1,lr5e-05_bs32_modL1_fusion64_fusionL1_drop0p1_trmiss80_trlocclin,8,0.5333888232707977,0.6767556965351105,0.47413793103448276,0.7248916694488332,0.5333333333333333,0.0,0.0,0.0,0.0,2002,clin,0.8
2,4,lr5e-05_bs32_modL1_fusion64_fusionL1_drop0p1_trmiss80_trlocclin,32,5e-05,1,64,1,0.1,lr5e-05_bs32_modL1_fusion64_fusionL1_drop0p1_trmiss80_trlocclin,9,0.5299877176682154,0.6797943115234375,0.46551724137931033,0.7151604101849984,0.5333333333333333,0.0,0.0,0.0,0.0,2002,clin,0.8
2,4,lr5e-05_bs32_modL1_fusion64_fusionL1_drop0p1_trmiss80_trlocclin,32,5e-05,1,64,1,0.1,lr5e-05_bs32_modL1_fusion64_fusionL1_drop0p1_trmiss80_trlocclin,10,0.512953370809555,0.6820852160453796,0.4568965517241379,0.7165829142860365,0.5333333333333333,0.0,0.0,0.0,0.0,2002,clin,0.8
2,4,lr5e-05_bs32_modL1_fusion64_fusionL1_drop0p1_trmiss80_trlocclin,32,5e-05,1,64,1,0.1,lr5e-05_bs32_modL1_fusion64_fusionL1_drop0p1_trmiss80_trlocclin,11,0.5175128976504008,0.6801919937133789,0.4676724137931034,0.7231544628968241,0.5555555555555556,0.0,0.0,0.0,0.0,2002,clin,0.8
2,4,lr5e-05_bs32_modL1_fusion64_fusionL1_drop0p1_trmiss80_trlocclin,32,5e-05,1,64,1,0.1,lr5e-05_bs32_modL1_fusion64_fusionL1_drop0p1_trmiss80_trlocclin,12,0.4959377447764079,0.680635392665863,0.45905172413793105,0.7210158128113753,0.4444444444444444,0.0,0.0,0.0,0.0,2002,clin,0.8
2,4,lr5e-05_bs32_modL1_fusion64_fusionL1_drop0p1_trmiss80_trlocclin,32,5e-05,1,64,1,0.1,lr5e-05_bs32_modL1_fusion64_fusionL1_drop0p1_trmiss80_trlocclin,13,0.4761471798022588,0.6821473240852356,0.46120689655172414,0.7226944479593012,0.4666666666666667,0.0,0.0,0.0,0.0,2002,clin,0.8
2,4,lr5e-05_bs32_modL1_fusion64_fusionL1_drop0p1_trmiss80_trlocclin,32,5e-05,1,64,1,0.1,lr5e-05_bs32_modL1_fusion64_fusionL1_drop0p1_trmiss80_trlocclin,14,0.4837941775719325,0.6854270994663239,0.46120689655172414,0.7199063645009307,0.4666666666666667,0.0,0.0,0.0,0.0,2002,clin,0.8
2,4,lr5e-05_bs32_modL1_fusion64_fusionL1_drop0p1_trmiss80_trlocclin,32,5e-05,1,64,1,0.1,lr5e-05_bs32_modL1_fusion64_fusionL1_drop0p1_trmiss80_trlocclin,15,0.4726559867461522,0.6896674036979675,0.44396551724137934,0.7120987556964702,0.4444444444444444,0.0,0.0,0.0,0.0,2002,clin,0.8
2,4,lr5e-05_bs32_modL1_fusion64_fusionL1_drop0p1_trmiss80_trlocclin,32,5e-05,1,64,1,0.1,lr5e-05_bs32_modL1_fusion64_fusionL1_drop0p1_trmiss80_trlocclin,16,0.4728352725505829,0.6925377547740936,0.44612068965517243,0.7151727405089805,0.4666666666666667,0.0,0.0,0.0,0.0,2002,clin,0.8
2,4,lr5e-05_bs32_modL1_fusion64_fusionL1_drop0p1_trmiss80_trlocclin,32,5e-05,1,64,1,0.1,lr5e-05_bs32_modL1_fusion64_fusionL1_drop0p1_trmiss80_trlocclin,17,0.4663028071324031,0.6943511068820953,0.43965517241379315,0.7133568731646869,0.4888888888888889,0.0,0.0,0.0,0.0,2002,clin,0.8
2,4,lr5e-05_bs32_modL1_fusion64_fusionL1_drop0p1_trmiss80_trlocclin,32,5e-05,1,64,1,0.1,lr5e-05_bs32_modL1_fusion64_fusionL1_drop0p1_trmiss80_trlocclin,18,0.4553228368361791,0.6936542093753815,0.45474137931034486,0.7199663597493782,0.5111111111111111,0.0,0.0,0.0,0.0,2002,clin,0.8
2,4,lr5e-05_bs32_modL1_fusion64_fusionL1_drop0p1_trmiss80_trlocclin,32,5e-05,1,64,1,0.1,lr5e-05_bs32_modL1_fusion64_fusionL1_drop0p1_trmiss80_trlocclin,19,0.47319838404655457,0.694225937128067,0.4547413793103448,0.7165255295571868,0.4888888888888889,0.0,0.0,0.0,0.0,2002,clin,0.8
2,4,lr5e-05_bs32_modL1_fusion64_fusionL1_drop0p1_trmiss80_trlocclin,32,5e-05,1,64,1,0.1,lr5e-05_bs32_modL1_fusion64_fusionL1_drop0p1_trmiss80_trlocclin,20,0.44975889722506207,0.6950717866420746,0.45258620689655177,0.7126623573744979,0.4666666666666667,0.0,0.0,0.0,0.0,2002,clin,0.8
2,4,lr5e-05_bs32_modL1_fusion64_fusionL1_drop0p1_trmiss80_trlocclin,32,5e-05,1,64,1,0.1,lr5e-05_bs32_modL1_fusion64_fusionL1_drop0p1_trmiss80_trlocclin,21,0.4361533721288045,0.6953150928020477,0.46336206896551724,0.7186204000971306,0.4666666666666667,0.0,0.0,0.0,0.0,2002,clin,0.8
2,4,lr5e-05_bs32_modL1_fusion64_fusionL1_drop0p1_trmiss80_trlocclin,32,5e-05,1,64,1,0.1,lr5e-05_bs32_modL1_fusion64_fusionL1_drop0p1_trmiss80_trlocclin,22,0.45007536311944324,0.6958347856998444,0.4568965517241379,0.7168509586324205,0.4666666666666667,0.0,0.0,0.0,0.0,2002,clin,0.8
2,4,lr5e-05_bs32_modL1_fusion64_fusionL1_drop0p1_trmiss80_trlocclin,32,5e-05,1,64,1,0.1,lr5e-05_bs32_modL1_fusion64_fusionL1_drop0p1_trmiss80_trlocclin,23,0.45978519320487976,0.6959283649921417,0.4568965517241379,0.7170096741562475,0.4444444444444444,0.0,0.0,0.0,0.0,2002,clin,0.8
2,4,lr5e-05_bs32_modL1_fusion64_fusionL1_drop0p1_trmiss80_trlocclin,32,5e-05,1,64,1,0.1,lr5e-05_bs32_modL1_fusion64_fusionL1_drop0p1_trmiss80_trlocclin,24,0.442644144097964,0.6949049532413483,0.4655172413793104,0.7209708113726072,0.4666666666666667,0.0,0.0,0.0,0.0,2002,clin,0.8
2,4,lr5e-05_bs32_modL1_fusion64_fusionL1_drop0p1_trmiss80_trlocclin,32,5e-05,1,64,1,0.1,lr5e-05_bs32_modL1_fusion64_fusionL1_drop0p1_trmiss80_trlocclin,25,0.4361792306105296,0.6946496665477753,0.47629310344827586,0.7246748341435671,0.4666666666666667,0.0,0.0,0.0,0.0,2002,clin,0.8
2,4,lr5e-05_bs32_modL1_fusion64_fusionL1_drop0p1_trmiss80_trlocclin,32,5e-05,1,64,1,0.1,lr5e-05_bs32_modL1_fusion64_fusionL1_drop0p1_trmiss80_trlocclin,26,0.4450150976578395,0.6960591375827789,0.4676724137931035,0.7218567320486329,0.4666666666666667,0.0,0.0,0.0,0.0,2002,clin,0.8
2,4,lr1e-04_bs32_modL1_fusion32_fusionL1_drop0p2_trmiss80_trlocclin,32,0.0001,1,32,1,0.2,lr1e-04_bs32_modL1_fusion32_fusionL1_drop0p2_trmiss80_trlocclin,1,0.7259586354096731,0.6968861520290375,0.43750000000000006,0.6677521566777075,0.4888888888888889,0.0,0.0,0.0,0.0,2002,clin,0.8
2,4,lr1e-04_bs32_modL1_fusion32_fusionL1_drop0p2_trmiss80_trlocclin,32,0.0001,1,32,1,0.2,lr1e-04_bs32_modL1_fusion32_fusionL1_drop0p2_trmiss80_trlocclin,2,0.6898833513259888,0.7055163979530334,0.4181034482758621,0.6393183952327133,0.4666666666666667,0.0,0.0,0.0,0.0,2002,clin,0.8
2,4,lr1e-04_bs32_modL1_fusion32_fusionL1_drop0p2_trmiss80_trlocclin,32,0.0001,1,32,1,0.2,lr1e-04_bs32_modL1_fusion32_fusionL1_drop0p2_trmiss80_trlocclin,3,0.6779502729574839,0.7122502624988556,0.415948275862069,0.628845206818853,0.4,0.0,0.0,0.0,0.0,2002,clin,0.8
2,4,lr1e-04_bs32_modL1_fusion32_fusionL1_drop0p2_trmiss80_trlocclin,32,0.0001,1,32,1,0.2,lr1e-04_bs32_modL1_fusion32_fusionL1_drop0p2_trmiss80_trlocclin,4,0.666257788737615,0.7169716060161591,0.4073275862068965,0.6183070989547358,0.37777777777777777,0.0,0.0,0.0,0.0,2002,clin,0.8
2,4,lr1e-04_bs32_modL1_fusion32_fusionL1_drop0p2_trmiss80_trlocclin,32,0.0001,1,32,1,0.2,lr1e-04_bs32_modL1_fusion32_fusionL1_drop0p2_trmiss80_trlocclin,5,0.6350507835547129,0.7213923335075378,0.40948275862068967,0.6173239618866726,0.37777777777777777,0.0,0.0,0.0,0.0,2002,clin,0.8
2,4,lr1e-04_bs32_modL1_fusion32_fusionL1_drop0p2_trmiss80_trlocclin,32,0.0001,1,32,1,0.2,lr1e-04_bs32_modL1_fusion32_fusionL1_drop0p2_trmiss80_trlocclin,6,0.6423696378866831,0.7270885109901428,0.3857758620689655,0.5989826591737687,0.4,0.0,0.0,0.0,0.0,2002,clin,0.8
2,4,lr1e-04_bs32_modL1_fusion32_fusionL1_drop0p2_trmiss80_trlocclin,32,0.0001,1,32,1,0.2,lr1e-04_bs32_modL1_fusion32_fusionL1_drop0p2_trmiss80_trlocclin,7,0.6298035581906637,0.7325827777385712,0.3922413793103448,0.6006402404434211,0.4,0.0,0.0,0.0,0.0,2002,clin,0.8
2,4,lr1e-04_bs32_modL1_fusion32_fusionL1_drop0p2_trmiss80_trlocclin,32,0.0001,1,32,1,0.2,lr1e-04_bs32_modL1_fusion32_fusionL1_drop0p2_trmiss80_trlocclin,8,0.6167860726515452,0.7346051633358002,0.39439655172413796,0.5983952483669123,0.4,0.0,0.0,0.0,0.0,2002,clin,0.8
2,4,lr1e-04_bs32_modL1_fusion32_fusionL1_drop0p2_trmiss80_trlocclin,32,0.0001,1,32,1,0.2,lr1e-04_bs32_modL1_fusion32_fusionL1_drop0p2_trmiss80_trlocclin,9,0.6111883620421091,0.7326869964599609,0.3987068965517241,0.6031169887666453,0.4,0.0,0.0,0.0,0.0,2002,clin,0.8
2,4,lr1e-04_bs32_modL1_fusion32_fusionL1_drop0p2_trmiss80_trlocclin,32,0.0001,1,32,1,0.2,lr1e-04_bs32_modL1_fusion32_fusionL1_drop0p2_trmiss80_trlocclin,10,0.5969864726066589,0.7337884306907654,0.3857758620689655,0.5970610654641844,0.37777777777777777,0.0,0.0,0.0,0.0,2002,clin,0.8
2,4,lr1e-04_bs32_modL1_fusion32_fusionL1_drop0p2_trmiss80_trlocclin,32,0.0001,1,32,1,0.2,lr1e-04_bs32_modL1_fusion32_fusionL1_drop0p2_trmiss80_trlocclin,11,0.586791584889094,0.7364424467086792,0.37284482758620685,0.5908239990872018,0.35555555555555557,0.0,0.0,0.0,0.0,2002,clin,0.8
2,4,lr1e-04_bs32_modL1_fusion32_fusionL1_drop0p2_trmiss80_trlocclin,32,0.0001,1,32,1,0.2,lr1e-04_bs32_modL1_fusion32_fusionL1_drop0p2_trmiss80_trlocclin,12,0.5928361018498739,0.7379816174507141,0.37715517241379304,0.5934875986248005,0.35555555555555557,0.0,0.0,0.0,0.0,2002,clin,0.8
2,4,lr1e-04_bs32_modL1_fusion32_fusionL1_drop0p2_trmiss80_trlocclin,32,0.0001,1,32,1,0.2,lr1e-04_bs32_modL1_fusion32_fusionL1_drop0p2_trmiss80_trlocclin,13,0.5907290478547415,0.7382751703262329,0.36853448275862066,0.589515372095778,0.35555555555555557,0.0,0.0,0.0,0.0,2002,clin,0.8
2,4,lr1e-04_bs32_modL1_fusion32_fusionL1_drop0p2_trmiss80_trlocclin,32,0.0001,1,32,1,0.2,lr1e-04_bs32_modL1_fusion32_fusionL1_drop0p2_trmiss80_trlocclin,14,0.5886544684569041,0.7381462454795837,0.3771551724137931,0.5942067993857328,0.37777777777777777,0.0,0.0,0.0,0.0,2002,clin,0.8
2,4,lr1e-04_bs32_modL1_fusion32_fusionL1_drop0p2_trmiss80_trlocclin,32,0.0001,1,32,1,0.2,lr1e-04_bs32_modL1_fusion32_fusionL1_drop0p2_trmiss80_trlocclin,15,0.5811278422673544,0.737383097410202,0.3793103448275862,0.5940832694413674,0.37777777777777777,0.0,0.0,0.0,0.0,2002,clin,0.8
2,4,lr1e-04_bs32_modL1_fusion32_fusionL1_drop0p2_trmiss80_trlocclin,32,0.0001,1,32,1,0.2,lr1e-04_bs32_modL1_fusion32_fusionL1_drop0p2_trmiss80_trlocclin,16,0.5645954211552938,0.7367629110813141,0.3728448275862069,0.5893819744498829,0.35555555555555557,0.0,0.0,0.0,0.0,2002,clin,0.8
2,4,lr1e-04_bs32_modL1_fusion32_fusionL1_drop0p2_trmiss80_trlocclin,32,0.0001,1,32,1,0.2,lr1e-04_bs32_modL1_fusion32_fusionL1_drop0p2_trmiss80_trlocclin,17,0.5466175427039465,0.7362260222434998,0.38146551724137934,0.59190113639532,0.37777777777777777,0.0,0.0,0.0,0.0,2002,clin,0.8
2,4,lr1e-04_bs32_modL1_fusion32_fusionL1_drop0p2_trmiss80_trlocclin,32,0.0001,1,32,1,0.2,lr1e-04_bs32_modL1_fusion32_fusionL1_drop0p2_trmiss80_trlocclin,18,0.5587323705355326,0.7348522841930389,0.37715517241379315,0.5902807200677844,0.37777777777777777,0.0,0.0,0.0,0.0,2002,clin,0.8
2,4,lr1e-04_bs32_modL1_fusion32_fusionL1_drop0p2_trmiss80_trlocclin,32,0.0001,1,32,1,0.2,lr1e-04_bs32_modL1_fusion32_fusionL1_drop0p2_trmiss80_trlocclin,19,0.5461115539073944,0.7344053685665131,0.38146551724137934,0.5912124063777798,0.37777777777777777,0.0,0.0,0.0,0.0,2002,clin,0.8
2,4,lr1e-04_bs32_modL1_fusion32_fusionL1_drop0p2_trmiss80_trlocclin,32,0.0001,1,32,1,0.2,lr1e-04_bs32_modL1_fusion32_fusionL1_drop0p2_trmiss80_trlocclin,20,0.5619210799535116,0.7374012172222137,0.3879310344827586,0.5932123706009745,0.37777777777777777,0.0,0.0,0.0,0.0,2002,clin,0.8
2,4,lr1e-04_bs32_modL1_fusion32_fusionL1_drop0p2_trmiss80_trlocclin,32,0.0001,1,32,1,0.2,lr1e-04_bs32_modL1_fusion32_fusionL1_drop0p2_trmiss80_trlocclin,21,0.5712516705195109,0.7406511008739471,0.3663793103448276,0.585928256611715,0.35555555555555557,0.0,0.0,0.0,0.0,2002,clin,0.8
2,4,lr1e-04_bs32_modL1_fusion32_fusionL1_drop0p1_trmiss80_trlocclin,32,0.0001,1,32,1,0.1,lr1e-04_bs32_modL1_fusion32_fusionL1_drop0p1_trmiss80_trlocclin,1,0.7320722142855326,0.7019431591033936,0.4547413793103448,0.6637353725289036,0.4222222222222222,0.0,0.0,0.0,0.0,2002,clin,0.8
2,4,lr1e-04_bs32_modL1_fusion32_fusionL1_drop0p1_trmiss80_trlocclin,32,0.0001,1,32,1,0.1,lr1e-04_bs32_modL1_fusion32_fusionL1_drop0p1_trmiss80_trlocclin,2,0.6530540784200033,0.7041113376617432,0.4396551724137931,0.6821573404106274,0.4444444444444444,0.0,0.0,0.0,0.0,2002,clin,0.8
2,4,lr1e-04_bs32_modL1_fusion32_fusionL1_drop0p1_trmiss80_trlocclin,32,0.0001,1,32,1,0.1,lr1e-04_bs32_modL1_fusion32_fusionL1_drop0p1_trmiss80_trlocclin,3,0.6178053120772043,0.708565890789032,0.4418103448275862,0.689269969901537,0.4,0.0,0.0,0.0,0.0,2002,clin,0.8
2,4,lr1e-04_bs32_modL1_fusion32_fusionL1_drop0p1_trmiss80_trlocclin,32,0.0001,1,32,1,0.1,lr1e-04_bs32_modL1_fusion32_fusionL1_drop0p1_trmiss80_trlocclin,4,0.6049063901106516,0.7132677435874939,0.41163793103448276,0.676602237260916,0.4222222222222222,0.0,0.0,0.0,0.0,2002,clin,0.8
2,4,lr1e-04_bs32_modL1_fusion32_fusionL1_drop0p1_trmiss80_trlocclin,32,0.0001,1,32,1,0.1,lr1e-04_bs32_modL1_fusion32_fusionL1_drop0p1_trmiss80_trlocclin,5,0.5709830522537231,0.7144578993320465,0.4525862068965517,0.6848672515638654,0.37777777777777777,0.0,0.0,0.0,0.0,2002,clin,0.8
2,4,lr1e-04_bs32_modL1_fusion32_fusionL1_drop0p1_trmiss80_trlocclin,32,0.0001,1,32,1,0.1,lr1e-04_bs32_modL1_fusion32_fusionL1_drop0p1_trmiss80_trlocclin,6,0.5676211416721344,0.7173501253128052,0.4676724137931034,0.6875089619236718,0.4,0.0,0.0,0.0,0.0,2002,clin,0.8
2,4,lr1e-04_bs32_modL1_fusion32_fusionL1_drop0p1_trmiss80_trlocclin,32,0.0001,1,32,1,0.1,lr1e-04_bs32_modL1_fusion32_fusionL1_drop0p1_trmiss80_trlocclin,7,0.5529673397541046,0.7194722890853882,0.4375,0.6690738607350698,0.37777777777777777,0.0,0.0,0.0,0.0,2002,clin,0.8
2,4,lr1e-04_bs32_modL1_fusion32_fusionL1_drop0p1_trmiss80_trlocclin,32,0.0001,1,32,1,0.1,lr1e-04_bs32_modL1_fusion32_fusionL1_drop0p1_trmiss80_trlocclin,8,0.5420638918876648,0.7206296920776367,0.4245689655172414,0.6644522281824028,0.37777777777777777,0.0,0.0,0.0,0.0,2002,clin,0.8
2,4,lr1e-04_bs32_modL1_fusion32_fusionL1_drop0p1_trmiss80_trlocclin,32,0.0001,1,32,1,0.1,lr1e-04_bs32_modL1_fusion32_fusionL1_drop0p1_trmiss80_trlocclin,9,0.535502016544342,0.7205324769020081,0.4245689655172414,0.6671230213576869,0.35555555555555557,0.0,0.0,0.0,0.0,2002,clin,0.8
2,4,lr1e-04_bs32_modL1_fusion32_fusionL1_drop0p1_trmiss80_trlocclin,32,0.0001,1,32,1,0.1,lr1e-04_bs32_modL1_fusion32_fusionL1_drop0p1_trmiss80_trlocclin,10,0.5275697509447733,0.7211329340934753,0.43750000000000006,0.6704393827842419,0.37777777777777777,0.0,0.0,0.0,0.0,2002,clin,0.8
2,4,lr1e-04_bs32_modL1_fusion32_fusionL1_drop0p1_trmiss80_trlocclin,32,0.0001,1,32,1,0.1,lr1e-04_bs32_modL1_fusion32_fusionL1_drop0p1_trmiss80_trlocclin,11,0.5077564766009649,0.7220633029937744,0.4288793103448276,0.6644067958365418,0.37777777777777777,0.0,0.0,0.0,0.0,2002,clin,0.8
2,4,lr1e-04_bs32_modL1_fusion32_fusionL1_drop0p1_trmiss80_trlocclin,32,0.0001,1,32,1,0.1,lr1e-04_bs32_modL1_fusion32_fusionL1_drop0p1_trmiss80_trlocclin,12,0.5128962794939677,0.7203699052333832,0.4310344827586207,0.6649756768690378,0.37777777777777777,0.0,0.0,0.0,0.0,2002,clin,0.8
2,4,lr1e-04_bs32_modL1_fusion32_fusionL1_drop0p1_trmiss80_trlocclin,32,0.0001,1,32,1,0.1,lr1e-04_bs32_modL1_fusion32_fusionL1_drop0p1_trmiss80_trlocclin,13,0.5037003954251608,0.7223931550979614,0.44396551724137934,0.676976916029427,0.4222222222222222,0.0,0.0,0.0,0.0,2002,clin,0.8
2,4,lr1e-04_bs32_modL1_fusion32_fusionL1_drop0p1_trmiss80_trlocclin,32,0.0001,1,32,1,0.1,lr1e-04_bs32_modL1_fusion32_fusionL1_drop0p1_trmiss80_trlocclin,14,0.5077552944421768,0.7230229675769806,0.43750000000000006,0.672632251674286,0.4,0.0,0.0,0.0,0.0,2002,clin,0.8
2,4,lr1e-04_bs32_modL1_fusion32_fusionL1_drop0p1_trmiss80_trlocclin,32,0.0001,1,32,1,0.1,lr1e-04_bs32_modL1_fusion32_fusionL1_drop0p1_trmiss80_trlocclin,15,0.48638562858104706,0.7226698994636536,0.4310344827586207,0.6709046849604345,0.4,0.0,0.0,0.0,0.0,2002,clin,0.8
2,4,lr1e-04_bs32_modL1_fusion32_fusionL1_drop0p1_trmiss80_trlocclin,32,0.0001,1,32,1,0.1,lr1e-04_bs32_modL1_fusion32_fusionL1_drop0p1_trmiss80_trlocclin,16,0.4763324459393819,0.7266113460063934,0.42887931034482757,0.6716119241323764,0.4,0.0,0.0,0.0,0.0,2002,clin,0.8
2,4,lr1e-04_bs32_modL1_fusion32_fusionL1_drop0p1_trmiss80_trlocclin,32,0.0001,1,32,1,0.1,lr1e-04_bs32_modL1_fusion32_fusionL1_drop0p1_trmiss80_trlocclin,17,0.48243806262811023,0.7272026538848877,0.4310344827586207,0.6716351489609405,0.4,0.0,0.0,0.0,0.0,2002,clin,0.8
2,4,lr1e-04_bs32_modL1_fusion32_fusionL1_drop0p1_trmiss80_trlocclin,32,0.0001,1,32,1,0.1,lr1e-04_bs32_modL1_fusion32_fusionL1_drop0p1_trmiss80_trlocclin,18,0.4760130097468694,0.7275022268295288,0.43318965517241376,0.6541271153849925,0.4,0.0,0.0,0.0,0.0,2002,clin,0.8
2,4,lr1e-04_bs32_modL1_fusion32_fusionL1_drop0p1_trmiss80_trlocclin,32,0.0001,1,32,1,0.1,lr1e-04_bs32_modL1_fusion32_fusionL1_drop0p1_trmiss80_trlocclin,19,0.47057701647281647,0.7270491719245911,0.4245689655172414,0.6493162146184127,0.37777777777777777,0.0,0.0,0.0,0.0,2002,clin,0.8
2,4,lr1e-04_bs32_modL1_fusion32_fusionL1_drop0p1_trmiss80_trlocclin,32,0.0001,1,32,1,0.1,lr1e-04_bs32_modL1_fusion32_fusionL1_drop0p1_trmiss80_trlocclin,20,0.4773670732975006,0.7277143001556396,0.41379310344827586,0.64287422115974,0.4,0.0,0.0,0.0,0.0,2002,clin,0.8
2,4,lr1e-04_bs32_modL1_fusion32_fusionL1_drop0p1_trmiss80_trlocclin,32,0.0001,1,32,1,0.1,lr1e-04_bs32_modL1_fusion32_fusionL1_drop0p1_trmiss80_trlocclin,21,0.4629519333442052,0.7285670340061188,0.4245689655172414,0.647578275703058,0.37777777777777777,0.0,0.0,0.0,0.0,2002,clin,0.8
2,4,lr1e-04_bs32_modL1_fusion32_fusionL1_drop0p1_trmiss80_trlocclin,32,0.0001,1,32,1,0.1,lr1e-04_bs32_modL1_fusion32_fusionL1_drop0p1_trmiss80_trlocclin,22,0.46605723599592846,0.7304587662220001,0.42887931034482757,0.6535150215350091,0.4,0.0,0.0,0.0,0.0,2002,clin,0.8
2,4,lr1e-04_bs32_modL1_fusion32_fusionL1_drop0p1_trmiss80_trlocclin,32,0.0001,1,32,1,0.1,lr1e-04_bs32_modL1_fusion32_fusionL1_drop0p1_trmiss80_trlocclin,23,0.47361965477466583,0.7316677868366241,0.42025862068965514,0.6503661520245353,0.4,0.0,0.0,0.0,0.0,2002,clin,0.8
2,4,lr1e-04_bs32_modL1_fusion32_fusionL1_drop0p1_trmiss80_trlocclin,32,0.0001,1,32,1,0.1,lr1e-04_bs32_modL1_fusion32_fusionL1_drop0p1_trmiss80_trlocclin,24,0.46537308891614276,0.7298798263072968,0.42241379310344823,0.6510434762330845,0.4,0.0,0.0,0.0,0.0,2002,clin,0.8
2,4,lr1e-04_bs32_modL1_fusion32_fusionL1_drop0p1_trmiss80_trlocclin,32,0.0001,1,32,1,0.1,lr1e-04_bs32_modL1_fusion32_fusionL1_drop0p1_trmiss80_trlocclin,25,0.45960459609826404,0.72967928647995,0.4375,0.6556096498345746,0.4,0.0,0.0,0.0,0.0,2002,clin,0.8
2,4,lr1e-04_bs32_modL1_fusion32_fusionL1_drop0p1_trmiss80_trlocclin,32,0.0001,1,32,1,0.1,lr1e-04_bs32_modL1_fusion32_fusionL1_drop0p1_trmiss80_trlocclin,26,0.4590453654527664,0.7281140685081482,0.44396551724137934,0.66093075003813,0.37777777777777777,0.0,0.0,0.0,0.0,2002,clin,0.8
2,4,lr1e-04_bs32_modL1_fusion64_fusionL1_drop0p2_trmiss80_trlocclin,32,0.0001,1,64,1,0.2,lr1e-04_bs32_modL1_fusion64_fusionL1_drop0p2_trmiss80_trlocclin,1,0.6879805227120718,0.697203665971756,0.4698275862068966,0.6638179865976638,0.4888888888888889,0.0,0.0,0.0,0.0,2002,clin,0.8
2,4,lr1e-04_bs32_modL1_fusion64_fusionL1_drop0p2_trmiss80_trlocclin,32,0.0001,1,64,1,0.2,lr1e-04_bs32_modL1_fusion64_fusionL1_drop0p2_trmiss80_trlocclin,2,0.6417359014352163,0.6911050379276276,0.5344827586206896,0.7189284296975088,0.4888888888888889,0.0,0.0,0.0,0.0,2002,clin,0.8
2,4,lr1e-04_bs32_modL1_fusion64_fusionL1_drop0p2_trmiss80_trlocclin,32,0.0001,1,64,1,0.2,lr1e-04_bs32_modL1_fusion64_fusionL1_drop0p2_trmiss80_trlocclin,3,0.610939621925354,0.6889315247535706,0.5301724137931034,0.7192799519209678,0.5111111111111111,0.0,0.0,0.0,0.0,2002,clin,0.8
2,4,lr1e-04_bs32_modL1_fusion64_fusionL1_drop0p2_trmiss80_trlocclin,32,0.0001,1,64,1,0.2,lr1e-04_bs32_modL1_fusion64_fusionL1_drop0p2_trmiss80_trlocclin,4,0.5913626253604889,0.6895655989646912,0.5280172413793103,0.7220137250592923,0.4888888888888889,0.0,0.0,0.0,0.0,2002,clin,0.8
2,4,lr1e-04_bs32_modL1_fusion64_fusionL1_drop0p2_trmiss80_trlocclin,32,0.0001,1,64,1,0.2,lr1e-04_bs32_modL1_fusion64_fusionL1_drop0p2_trmiss80_trlocclin,5,0.5654188692569733,0.6882506012916565,0.5366379310344828,0.7326504182747009,0.4666666666666667,0.0,0.0,0.0,0.0,2002,clin,0.8
2,4,lr1e-04_bs32_modL1_fusion64_fusionL1_drop0p2_trmiss80_trlocclin,32,0.0001,1,64,1,0.2,lr1e-04_bs32_modL1_fusion64_fusionL1_drop0p2_trmiss80_trlocclin,6,0.5504198571046194,0.6872720420360565,0.5495689655172414,0.7518790382543057,0.4888888888888889,0.0,0.0,0.0,0.0,2002,clin,0.8
2,4,lr1e-04_bs32_modL1_fusion64_fusionL1_drop0p2_trmiss80_trlocclin,32,0.0001,1,64,1,0.2,lr1e-04_bs32_modL1_fusion64_fusionL1_drop0p2_trmiss80_trlocclin,7,0.5648713608582815,0.6851644217967987,0.5732758620689655,0.7662615427093689,0.5333333333333333,0.0,0.0,0.0,0.0,2002,clin,0.8
2,4,lr1e-04_bs32_modL1_fusion64_fusionL1_drop0p2_trmiss80_trlocclin,32,0.0001,1,64,1,0.2,lr1e-04_bs32_modL1_fusion64_fusionL1_drop0p2_trmiss80_trlocclin,8,0.5327445964018503,0.6826281547546387,0.5689655172413793,0.7646350921415144,0.5333333333333333,0.0,0.0,0.0,0.0,2002,clin,0.8
2,4,lr1e-04_bs32_modL1_fusion64_fusionL1_drop0p2_trmiss80_trlocclin,32,0.0001,1,64,1,0.2,lr1e-04_bs32_modL1_fusion64_fusionL1_drop0p2_trmiss80_trlocclin,9,0.5491094489892324,0.68148472905159,0.5668103448275862,0.7697265331661012,0.5333333333333333,0.0,0.0,0.0,0.0,2002,clin,0.8
2,4,lr1e-04_bs32_modL1_fusion64_fusionL1_drop0p2_trmiss80_trlocclin,32,0.0001,1,64,1,0.2,lr1e-04_bs32_modL1_fusion64_fusionL1_drop0p2_trmiss80_trlocclin,10,0.5334290862083435,0.678741991519928,0.584051724137931,0.7741035729911014,0.5555555555555556,0.0,0.0,0.0,0.0,2002,clin,0.8
2,4,lr1e-04_bs32_modL1_fusion64_fusionL1_drop0p2_trmiss80_trlocclin,32,0.0001,1,64,1,0.2,lr1e-04_bs32_modL1_fusion64_fusionL1_drop0p2_trmiss80_trlocclin,11,0.5084382245937983,0.6735395789146423,0.5969827586206897,0.7833187309785967,0.6,0.0,0.0,0.0,0.0,2002,clin,0.8
2,4,lr1e-04_bs32_modL1_fusion64_fusionL1_drop0p2_trmiss80_trlocclin,32,0.0001,1,64,1,0.2,lr1e-04_bs32_modL1_fusion64_fusionL1_drop0p2_trmiss80_trlocclin,12,0.48756028711795807,0.6701389849185944,0.6120689655172413,0.7912470783025616,0.5777777777777777,0.0,0.0,0.0,0.0,2002,clin,0.8
2,4,lr1e-04_bs32_modL1_fusion64_fusionL1_drop0p2_trmiss80_trlocclin,32,0.0001,1,64,1,0.2,lr1e-04_bs32_modL1_fusion64_fusionL1_drop0p2_trmiss80_trlocclin,13,0.49273502826690674,0.6689363718032837,0.625,0.7963178325545242,0.6222222222222222,0.0,0.0,0.0,0.0,2002,clin,0.8
2,4,lr1e-04_bs32_modL1_fusion64_fusionL1_drop0p2_trmiss80_trlocclin,32,0.0001,1,64,1,0.2,lr1e-04_bs32_modL1_fusion64_fusionL1_drop0p2_trmiss80_trlocclin,14,0.4877311438322067,0.6727285087108612,0.6271551724137931,0.790122207216094,0.6,0.0,0.0,0.0,0.0,2002,clin,0.8
2,4,lr1e-04_bs32_modL1_fusion64_fusionL1_drop0p2_trmiss80_trlocclin,32,0.0001,1,64,1,0.2,lr1e-04_bs32_modL1_fusion64_fusionL1_drop0p2_trmiss80_trlocclin,15,0.4677581489086151,0.6695286631584167,0.6163793103448276,0.7918914695740344,0.5777777777777777,0.0,0.0,0.0,0.0,2002,clin,0.8
2,4,lr1e-04_bs32_modL1_fusion64_fusionL1_drop0p2_trmiss80_trlocclin,32,0.0001,1,64,1,0.2,lr1e-04_bs32_modL1_fusion64_fusionL1_drop0p2_trmiss80_trlocclin,16,0.46735604604085285,0.6663692891597748,0.6336206896551724,0.7990714116018467,0.6444444444444445,0.0,0.0,0.0,0.0,2002,clin,0.8
2,4,lr1e-04_bs32_modL1_fusion64_fusionL1_drop0p2_trmiss80_trlocclin,32,0.0001,1,64,1,0.2,lr1e-04_bs32_modL1_fusion64_fusionL1_drop0p2_trmiss80_trlocclin,17,0.45675207674503326,0.6709430515766144,0.6185344827586208,0.7923534462885302,0.6,0.0,0.0,0.0,0.0,2002,clin,0.8
2,4,lr1e-04_bs32_modL1_fusion64_fusionL1_drop0p2_trmiss80_trlocclin,32,0.0001,1,64,1,0.2,lr1e-04_bs32_modL1_fusion64_fusionL1_drop0p2_trmiss80_trlocclin,18,0.4485378215710322,0.6713682115077972,0.6099137931034483,0.7795770679572227,0.6222222222222222,0.0,0.0,0.0,0.0,2002,clin,0.8
2,4,lr1e-04_bs32_modL1_fusion64_fusionL1_drop0p2_trmiss80_trlocclin,32,0.0001,1,64,1,0.2,lr1e-04_bs32_modL1_fusion64_fusionL1_drop0p2_trmiss80_trlocclin,19,0.4460373918215434,0.6713375747203827,0.6056034482758621,0.7592934796808498,0.6444444444444445,0.0,0.0,0.0,0.0,2002,clin,0.8
2,4,lr1e-04_bs32_modL1_fusion64_fusionL1_drop0p2_trmiss80_trlocclin,32,0.0001,1,64,1,0.2,lr1e-04_bs32_modL1_fusion64_fusionL1_drop0p2_trmiss80_trlocclin,20,0.4246140370766322,0.6718339622020721,0.6206896551724138,0.762986336306294,0.6444444444444445,0.0,0.0,0.0,0.0,2002,clin,0.8
2,4,lr1e-04_bs32_modL1_fusion64_fusionL1_drop0p2_trmiss80_trlocclin,32,0.0001,1,64,1,0.2,lr1e-04_bs32_modL1_fusion64_fusionL1_drop0p2_trmiss80_trlocclin,21,0.43008588751157123,0.6702875196933746,0.6185344827586208,0.7718452220835049,0.6444444444444445,0.0,0.0,0.0,0.0,2002,clin,0.8
2,4,lr1e-04_bs32_modL1_fusion64_fusionL1_drop0p2_trmiss80_trlocclin,32,0.0001,1,64,1,0.2,lr1e-04_bs32_modL1_fusion64_fusionL1_drop0p2_trmiss80_trlocclin,22,0.4159196714560191,0.6742354929447174,0.603448275862069,0.7571818379488869,0.6222222222222222,0.0,0.0,0.0,0.0,2002,clin,0.8
2,4,lr1e-04_bs32_modL1_fusion64_fusionL1_drop0p2_trmiss80_trlocclin,32,0.0001,1,64,1,0.2,lr1e-04_bs32_modL1_fusion64_fusionL1_drop0p2_trmiss80_trlocclin,23,0.4224310914675395,0.6727027893066406,0.605603448275862,0.7483546636804258,0.6444444444444445,0.0,0.0,0.0,0.0,2002,clin,0.8
2,4,lr1e-04_bs32_modL1_fusion64_fusionL1_drop0p2_trmiss80_trlocclin,32,0.0001,1,64,1,0.2,lr1e-04_bs32_modL1_fusion64_fusionL1_drop0p2_trmiss80_trlocclin,24,0.39736977716286975,0.6693064570426941,0.6228448275862069,0.761965606825905,0.6666666666666666,0.0,0.0,0.0,0.0,2002,clin,0.8
2,4,lr1e-04_bs32_modL1_fusion64_fusionL1_drop0p2_trmiss80_trlocclin,32,0.0001,1,64,1,0.2,lr1e-04_bs32_modL1_fusion64_fusionL1_drop0p2_trmiss80_trlocclin,25,0.3883880376815796,0.6714794039726257,0.6206896551724138,0.7437579022980335,0.6666666666666666,0.0,0.0,0.0,0.0,2002,clin,0.8
2,4,lr1e-04_bs32_modL1_fusion64_fusionL1_drop0p2_trmiss80_trlocclin,32,0.0001,1,64,1,0.2,lr1e-04_bs32_modL1_fusion64_fusionL1_drop0p2_trmiss80_trlocclin,26,0.38009972870349884,0.6723893880844116,0.6185344827586208,0.7458207786522075,0.6666666666666666,0.0,0.0,0.0,0.0,2002,clin,0.8
2,4,lr1e-04_bs32_modL1_fusion64_fusionL1_drop0p2_trmiss80_trlocclin,32,0.0001,1,64,1,0.2,lr1e-04_bs32_modL1_fusion64_fusionL1_drop0p2_trmiss80_trlocclin,27,0.3812053898970286,0.6753174364566803,0.6185344827586208,0.7500786344447561,0.6666666666666666,0.0,0.0,0.0,0.0,2002,clin,0.8
2,4,lr1e-04_bs32_modL1_fusion64_fusionL1_drop0p2_trmiss80_trlocclin,32,0.0001,1,64,1,0.2,lr1e-04_bs32_modL1_fusion64_fusionL1_drop0p2_trmiss80_trlocclin,28,0.3708890974521637,0.6740073561668396,0.625,0.7619319373551159,0.6222222222222222,0.0,0.0,0.0,0.0,2002,clin,0.8
2,4,lr1e-04_bs32_modL1_fusion64_fusionL1_drop0p2_trmiss80_trlocclin,32,0.0001,1,64,1,0.2,lr1e-04_bs32_modL1_fusion64_fusionL1_drop0p2_trmiss80_trlocclin,29,0.3810084064801534,0.6731979250907898,0.6206896551724138,0.7577689504041538,0.6444444444444445,0.0,0.0,0.0,0.0,2002,clin,0.8
2,4,lr1e-04_bs32_modL1_fusion64_fusionL1_drop0p2_trmiss80_trlocclin,32,0.0001,1,64,1,0.2,lr1e-04_bs32_modL1_fusion64_fusionL1_drop0p2_trmiss80_trlocclin,30,0.37103351950645447,0.6734621524810791,0.6206896551724138,0.7440924301021354,0.6444444444444445,0.0,0.0,0.0,0.0,2002,clin,0.8
2,4,lr1e-04_bs32_modL1_fusion64_fusionL1_drop0p2_trmiss80_trlocclin,32,0.0001,1,64,1,0.2,lr1e-04_bs32_modL1_fusion64_fusionL1_drop0p2_trmiss80_trlocclin,31,0.36560846865177155,0.6758988499641418,0.6271551724137931,0.7468736647190699,0.6444444444444445,0.0,0.0,0.0,0.0,2002,clin,0.8
2,4,lr1e-04_bs32_modL1_fusion64_fusionL1_drop0p2_trmiss80_trlocclin,32,0.0001,1,64,1,0.2,lr1e-04_bs32_modL1_fusion64_fusionL1_drop0p2_trmiss80_trlocclin,32,0.367745836575826,0.6750920414924622,0.6185344827586207,0.7388236180133083,0.6444444444444445,0.0,0.0,0.0,0.0,2002,clin,0.8
2,4,lr1e-04_bs32_modL1_fusion64_fusionL1_drop0p2_trmiss80_trlocclin,32,0.0001,1,64,1,0.2,lr1e-04_bs32_modL1_fusion64_fusionL1_drop0p2_trmiss80_trlocclin,33,0.36324172218640643,0.6750742495059967,0.6206896551724138,0.7400314589164179,0.6444444444444445,0.0,0.0,0.0,0.0,2002,clin,0.8
2,4,lr1e-04_bs32_modL1_fusion64_fusionL1_drop0p2_trmiss80_trlocclin,32,0.0001,1,64,1,0.2,lr1e-04_bs32_modL1_fusion64_fusionL1_drop0p2_trmiss80_trlocclin,34,0.35996201634407043,0.6755222976207733,0.625,0.740769494064188,0.6444444444444445,0.0,0.0,0.0,0.0,2002,clin,0.8
2,4,lr1e-04_bs32_modL1_fusion64_fusionL1_drop0p2_trmiss80_trlocclin,32,0.0001,1,64,1,0.2,lr1e-04_bs32_modL1_fusion64_fusionL1_drop0p2_trmiss80_trlocclin,35,0.3537345627943675,0.6772127449512482,0.6206896551724138,0.738645987231505,0.6444444444444445,0.0,0.0,0.0,0.0,2002,clin,0.8
2,4,lr1e-04_bs32_modL1_fusion64_fusionL1_drop0p2_trmiss80_trlocclin,32,0.0001,1,64,1,0.2,lr1e-04_bs32_modL1_fusion64_fusionL1_drop0p2_trmiss80_trlocclin,36,0.3893994788328807,0.6761282086372375,0.625,0.7424758599295644,0.6444444444444445,0.0,0.0,0.0,0.0,2002,clin,0.8
2,4,lr1e-04_bs32_modL1_fusion64_fusionL1_drop0p1_trmiss80_trlocclin,32,0.0001,1,64,1,0.1,lr1e-04_bs32_modL1_fusion64_fusionL1_drop0p1_trmiss80_trlocclin,1,0.7057016293207804,0.6992103159427643,0.46336206896551724,0.6208246113240551,0.3333333333333333,0.0,0.0,0.0,0.0,2002,clin,0.8
2,4,lr1e-04_bs32_modL1_fusion64_fusionL1_drop0p1_trmiss80_trlocclin,32,0.0001,1,64,1,0.1,lr1e-04_bs32_modL1_fusion64_fusionL1_drop0p1_trmiss80_trlocclin,2,0.6427581508954366,0.6948283910751343,0.5064655172413793,0.6068548370626743,0.5333333333333333,0.0,0.0,0.0,0.0,2002,clin,0.8
2,4,lr1e-04_bs32_modL1_fusion64_fusionL1_drop0p1_trmiss80_trlocclin,32,0.0001,1,64,1,0.1,lr1e-04_bs32_modL1_fusion64_fusionL1_drop0p1_trmiss80_trlocclin,3,0.6277990341186523,0.6914611160755157,0.5021551724137931,0.605481715837842,0.5555555555555556,0.0,0.0,0.0,0.0,2002,clin,0.8
2,4,lr1e-04_bs32_modL1_fusion64_fusionL1_drop0p1_trmiss80_trlocclin,32,0.0001,1,64,1,0.1,lr1e-04_bs32_modL1_fusion64_fusionL1_drop0p1_trmiss80_trlocclin,4,0.6101815402507782,0.6876867115497589,0.5150862068965517,0.6171387174068835,0.6,0.0,0.0,0.0,0.0,2002,clin,0.8
2,4,lr1e-04_bs32_modL1_fusion64_fusionL1_drop0p1_trmiss80_trlocclin,32,0.0001,1,64,1,0.1,lr1e-04_bs32_modL1_fusion64_fusionL1_drop0p1_trmiss80_trlocclin,5,0.5818619628747305,0.682275116443634,0.5258620689655172,0.6340725637653787,0.6444444444444445,0.0,0.0,0.0,0.0,2002,clin,0.8
2,4,lr1e-04_bs32_modL1_fusion64_fusionL1_drop0p1_trmiss80_trlocclin,32,0.0001,1,64,1,0.1,lr1e-04_bs32_modL1_fusion64_fusionL1_drop0p1_trmiss80_trlocclin,6,0.568856010834376,0.6789484322071075,0.5538793103448276,0.668012247139475,0.6666666666666666,0.0,0.0,0.0,0.0,2002,clin,0.8
2,4,lr1e-04_bs32_modL1_fusion64_fusionL1_drop0p1_trmiss80_trlocclin,32,0.0001,1,64,1,0.1,lr1e-04_bs32_modL1_fusion64_fusionL1_drop0p1_trmiss80_trlocclin,7,0.5452220936616262,0.6730429828166962,0.5926724137931034,0.6927693112964445,0.6888888888888889,0.0,0.0,0.0,0.0,2002,clin,0.8
2,4,lr1e-04_bs32_modL1_fusion64_fusionL1_drop0p1_trmiss80_trlocclin,32,0.0001,1,64,1,0.1,lr1e-04_bs32_modL1_fusion64_fusionL1_drop0p1_trmiss80_trlocclin,8,0.5341019233067831,0.6702730059623718,0.6099137931034483,0.6808950215759686,0.6666666666666666,0.0,0.0,0.0,0.0,2002,clin,0.8
2,4,lr1e-04_bs32_modL1_fusion64_fusionL1_drop0p1_trmiss80_trlocclin,32,0.0001,1,64,1,0.1,lr1e-04_bs32_modL1_fusion64_fusionL1_drop0p1_trmiss80_trlocclin,9,0.5152448962132136,0.6706576347351074,0.6099137931034483,0.6774162978219962,0.6444444444444445,0.0,0.0,0.0,0.0,2002,clin,0.8
2,4,lr1e-04_bs32_modL1_fusion64_fusionL1_drop0p1_trmiss80_trlocclin,32,0.0001,1,64,1,0.1,lr1e-04_bs32_modL1_fusion64_fusionL1_drop0p1_trmiss80_trlocclin,10,0.506670688589414,0.6746803820133209,0.5754310344827586,0.6621744596107748,0.6,0.0,0.0,0.0,0.0,2002,clin,0.8
2,4,lr1e-04_bs32_modL1_fusion64_fusionL1_drop0p1_trmiss80_trlocclin,32,0.0001,1,64,1,0.1,lr1e-04_bs32_modL1_fusion64_fusionL1_drop0p1_trmiss80_trlocclin,11,0.49546555678049725,0.6738329529762268,0.5818965517241379,0.6676212639350105,0.6,0.0,0.0,0.0,0.0,2002,clin,0.8
2,4,lr1e-04_bs32_modL1_fusion64_fusionL1_drop0p1_trmiss80_trlocclin,32,0.0001,1,64,1,0.1,lr1e-04_bs32_modL1_fusion64_fusionL1_drop0p1_trmiss80_trlocclin,12,0.478998601436615,0.6723721325397491,0.5797413793103449,0.6723831086135269,0.6444444444444445,0.0,0.0,0.0,0.0,2002,clin,0.8
2,4,lr1e-04_bs32_modL1_fusion64_fusionL1_drop0p1_trmiss80_trlocclin,32,0.0001,1,64,1,0.1,lr1e-04_bs32_modL1_fusion64_fusionL1_drop0p1_trmiss80_trlocclin,13,0.4739272693792979,0.6746587157249451,0.5818965517241379,0.6759673473615052,0.6666666666666666,0.0,0.0,0.0,0.0,2002,clin,0.8
2,4,lr1e-04_bs32_modL1_fusion64_fusionL1_drop0p1_trmiss80_trlocclin,32,0.0001,1,64,1,0.1,lr1e-04_bs32_modL1_fusion64_fusionL1_drop0p1_trmiss80_trlocclin,14,0.4586416780948639,0.6755280196666718,0.5969827586206896,0.684326306399084,0.6666666666666666,0.0,0.0,0.0,0.0,2002,clin,0.8
2,4,lr1e-04_bs32_modL1_fusion64_fusionL1_drop0p1_trmiss80_trlocclin,32,0.0001,1,64,1,0.1,lr1e-04_bs32_modL1_fusion64_fusionL1_drop0p1_trmiss80_trlocclin,15,0.45389823118845624,0.6727915406227112,0.6012931034482758,0.6962580933410129,0.6444444444444445,0.0,0.0,0.0,0.0,2002,clin,0.8
2,4,lr1e-04_bs32_modL1_fusion64_fusionL1_drop0p1_trmiss80_trlocclin,32,0.0001,1,64,1,0.1,lr1e-04_bs32_modL1_fusion64_fusionL1_drop0p1_trmiss80_trlocclin,16,0.4277067581812541,0.6712914407253265,0.6012931034482759,0.7023770411584769,0.6222222222222222,0.0,0.0,0.0,0.0,2002,clin,0.8
2,4,lr1e-04_bs32_modL1_fusion64_fusionL1_drop0p1_trmiss80_trlocclin,32,0.0001,1,64,1,0.1,lr1e-04_bs32_modL1_fusion64_fusionL1_drop0p1_trmiss80_trlocclin,17,0.43706537286440533,0.6701847910881042,0.603448275862069,0.6997627108435232,0.6222222222222222,0.0,0.0,0.0,0.0,2002,clin,0.8
2,4,lr1e-04_bs32_modL1_fusion64_fusionL1_drop0p1_trmiss80_trlocclin,32,0.0001,1,64,1,0.1,lr1e-04_bs32_modL1_fusion64_fusionL1_drop0p1_trmiss80_trlocclin,18,0.4325673133134842,0.670946478843689,0.5883620689655172,0.693462727385884,0.6666666666666666,0.0,0.0,0.0,0.0,2002,clin,0.8
2,4,lr1e-04_bs32_modL1_fusion64_fusionL1_drop0p1_trmiss80_trlocclin,32,0.0001,1,64,1,0.1,lr1e-04_bs32_modL1_fusion64_fusionL1_drop0p1_trmiss80_trlocclin,19,0.4382687310377757,0.6732805073261261,0.5926724137931034,0.6928400629109468,0.6888888888888889,0.0,0.0,0.0,0.0,2002,clin,0.8
2,4,lr1e-04_bs32_modL1_fusion64_fusionL1_drop0p1_trmiss80_trlocclin,32,0.0001,1,64,1,0.1,lr1e-04_bs32_modL1_fusion64_fusionL1_drop0p1_trmiss80_trlocclin,20,0.4257969409227371,0.6747030019760132,0.603448275862069,0.6984031737323864,0.6888888888888889,0.0,0.0,0.0,0.0,2002,clin,0.8
2,4,lr1e-04_bs32_modL1_fusion64_fusionL1_drop0p1_trmiss80_trlocclin,32,0.0001,1,64,1,0.1,lr1e-04_bs32_modL1_fusion64_fusionL1_drop0p1_trmiss80_trlocclin,21,0.4131285051504771,0.6765719056129456,0.6012931034482759,0.7010797525165768,0.6666666666666666,0.0,0.0,0.0,0.0,2002,clin,0.8
2,4,lr1e-04_bs32_modL1_fusion64_fusionL1_drop0p1_trmiss80_trlocclin,32,0.0001,1,64,1,0.1,lr1e-04_bs32_modL1_fusion64_fusionL1_drop0p1_trmiss80_trlocclin,22,0.4109923392534256,0.6777599155902863,0.5991379310344828,0.6950795684484414,0.6888888888888889,0.0,0.0,0.0,0.0,2002,clin,0.8
2,4,lr1e-04_bs32_modL1_fusion64_fusionL1_drop0p1_trmiss80_trlocclin,32,0.0001,1,64,1,0.1,lr1e-04_bs32_modL1_fusion64_fusionL1_drop0p1_trmiss80_trlocclin,23,0.40366128583749133,0.680793821811676,0.5797413793103449,0.6878040232698213,0.6666666666666666,0.0,0.0,0.0,0.0,2002,clin,0.8
2,4,lr1e-04_bs32_modL1_fusion64_fusionL1_drop0p1_trmiss80_trlocclin,32,0.0001,1,64,1,0.1,lr1e-04_bs32_modL1_fusion64_fusionL1_drop0p1_trmiss80_trlocclin,24,0.39943795402844745,0.6794121265411377,0.5818965517241379,0.689038829064416,0.6666666666666666,0.0,0.0,0.0,0.0,2002,clin,0.8
2,4,lr1e-04_bs32_modL1_fusion64_fusionL1_drop0p1_trmiss80_trlocclin,32,0.0001,1,64,1,0.1,lr1e-04_bs32_modL1_fusion64_fusionL1_drop0p1_trmiss80_trlocclin,25,0.40393059452374774,0.6786556839942932,0.5775862068965518,0.6860706450955814,0.6444444444444445,0.0,0.0,0.0,0.0,2002,clin,0.8
2,4,lr1e-04_bs32_modL1_fusion64_fusionL1_drop0p1_trmiss80_trlocclin,32,0.0001,1,64,1,0.1,lr1e-04_bs32_modL1_fusion64_fusionL1_drop0p1_trmiss80_trlocclin,26,0.39557255804538727,0.6768962740898132,0.5905172413793104,0.6916069508023959,0.6888888888888889,0.0,0.0,0.0,0.0,2002,clin,0.8
2,4,lr1e-04_bs32_modL1_fusion64_fusionL1_drop0p1_trmiss80_trlocclin,32,0.0001,1,64,1,0.1,lr1e-04_bs32_modL1_fusion64_fusionL1_drop0p1_trmiss80_trlocclin,27,0.38808004061381024,0.675468921661377,0.5926724137931034,0.6926585610191605,0.7111111111111111,0.0,0.0,0.0,0.0,2002,clin,0.8
2,4,lr1e-04_bs32_modL1_fusion64_fusionL1_drop0p1_trmiss80_trlocclin,32,0.0001,1,64,1,0.1,lr1e-04_bs32_modL1_fusion64_fusionL1_drop0p1_trmiss80_trlocclin,28,0.3929819216330846,0.6747616529464722,0.6077586206896551,0.7012961286577422,0.7111111111111111,0.0,0.0,0.0,0.0,2002,clin,0.8
2,5,lr5e-05_bs16_modL1_fusion32_fusionL1_drop0p2_trmiss80_trlocclin,16,5e-05,1,32,1,0.2,lr5e-05_bs16_modL1_fusion32_fusionL1_drop0p2_trmiss80_trlocclin,1,0.7721251447995504,0.7408203681310018,0.4547413793103448,0.6740853062407065,0.4,0.0,0.0,0.0,0.0,2002,clin,0.8
2,5,lr5e-05_bs16_modL1_fusion32_fusionL1_drop0p2_trmiss80_trlocclin,16,5e-05,1,32,1,0.2,lr5e-05_bs16_modL1_fusion32_fusionL1_drop0p2_trmiss80_trlocclin,2,0.6888381739457449,0.7315760652224222,0.5366379310344828,0.7204829192384047,0.4222222222222222,0.0,0.0,0.0,0.0,2002,clin,0.8
2,5,lr5e-05_bs16_modL1_fusion32_fusionL1_drop0p2_trmiss80_trlocclin,16,5e-05,1,32,1,0.2,lr5e-05_bs16_modL1_fusion32_fusionL1_drop0p2_trmiss80_trlocclin,3,0.6784666329622269,0.7374976674715678,0.5538793103448276,0.7403864093109054,0.4666666666666667,0.0,0.0,0.0,0.0,2002,clin,0.8
2,5,lr5e-05_bs16_modL1_fusion32_fusionL1_drop0p2_trmiss80_trlocclin,16,5e-05,1,32,1,0.2,lr5e-05_bs16_modL1_fusion32_fusionL1_drop0p2_trmiss80_trlocclin,4,0.6704007337490717,0.7271525263786316,0.5732758620689655,0.7380410652905548,0.4222222222222222,0.0,0.0,0.0,0.0,2002,clin,0.8
2,5,lr5e-05_bs16_modL1_fusion32_fusionL1_drop0p2_trmiss80_trlocclin,16,5e-05,1,32,1,0.2,lr5e-05_bs16_modL1_fusion32_fusionL1_drop0p2_trmiss80_trlocclin,5,0.6733593791723251,0.7221518556276957,0.625,0.7622990270737381,0.4444444444444444,0.0,0.0,0.0,0.0,2002,clin,0.8
2,5,lr5e-05_bs16_modL1_fusion32_fusionL1_drop0p2_trmiss80_trlocclin,16,5e-05,1,32,1,0.2,lr5e-05_bs16_modL1_fusion32_fusionL1_drop0p2_trmiss80_trlocclin,6,0.6584480702877045,0.723331610361735,0.6012931034482758,0.7652976529755107,0.4222222222222222,0.0,0.0,0.0,0.0,2002,clin,0.8
2,5,lr5e-05_bs16_modL1_fusion32_fusionL1_drop0p2_trmiss80_trlocclin,16,5e-05,1,32,1,0.2,lr5e-05_bs16_modL1_fusion32_fusionL1_drop0p2_trmiss80_trlocclin,7,0.640415201584498,0.7094829678535461,0.6185344827586207,0.7682485292909914,0.4444444444444444,0.0,0.0,0.0,0.0,2002,clin,0.8
2,5,lr5e-05_bs16_modL1_fusion32_fusionL1_drop0p2_trmiss80_trlocclin,16,5e-05,1,32,1,0.2,lr5e-05_bs16_modL1_fusion32_fusionL1_drop0p2_trmiss80_trlocclin,8,0.6095351080099741,0.7082004348436991,0.6400862068965516,0.7812365594997016,0.5111111111111111,0.0,0.0,0.0,0.0,2002,clin,0.8
2,5,lr5e-05_bs16_modL1_fusion32_fusionL1_drop0p2_trmiss80_trlocclin,16,5e-05,1,32,1,0.2,lr5e-05_bs16_modL1_fusion32_fusionL1_drop0p2_trmiss80_trlocclin,9,0.610816607872645,0.7030855417251587,0.6831896551724137,0.7809092971136996,0.4888888888888889,0.0,0.0,0.0,0.0,2002,clin,0.8
2,5,lr5e-05_bs16_modL1_fusion32_fusionL1_drop0p2_trmiss80_trlocclin,16,5e-05,1,32,1,0.2,lr5e-05_bs16_modL1_fusion32_fusionL1_drop0p2_trmiss80_trlocclin,10,0.5920069168011347,0.6999179919560751,0.6745689655172414,0.7855732853935286,0.5111111111111111,0.0,0.0,0.0,0.0,2002,clin,0.8
2,5,lr5e-05_bs16_modL1_fusion32_fusionL1_drop0p2_trmiss80_trlocclin,16,5e-05,1,32,1,0.2,lr5e-05_bs16_modL1_fusion32_fusionL1_drop0p2_trmiss80_trlocclin,11,0.5827446629603704,0.7079106767972311,0.6681034482758621,0.792237989469104,0.5111111111111111,0.0,0.0,0.0,0.0,2002,clin,0.8
2,5,lr5e-05_bs16_modL1_fusion32_fusionL1_drop0p2_trmiss80_trlocclin,16,5e-05,1,32,1,0.2,lr5e-05_bs16_modL1_fusion32_fusionL1_drop0p2_trmiss80_trlocclin,12,0.5699438452720642,0.6929393410682678,0.709051724137931,0.8091672940018583,0.5111111111111111,0.0,0.0,0.0,0.0,2002,clin,0.8
2,5,lr5e-05_bs16_modL1_fusion32_fusionL1_drop0p2_trmiss80_trlocclin,16,5e-05,1,32,1,0.2,lr5e-05_bs16_modL1_fusion32_fusionL1_drop0p2_trmiss80_trlocclin,13,0.5686513980229696,0.6949065526326498,0.6918103448275862,0.7954610071418359,0.5111111111111111,0.0,0.0,0.0,0.0,2002,clin,0.8
2,5,lr5e-05_bs16_modL1_fusion32_fusionL1_drop0p2_trmiss80_trlocclin,16,5e-05,1,32,1,0.2,lr5e-05_bs16_modL1_fusion32_fusionL1_drop0p2_trmiss80_trlocclin,14,0.5541651472449303,0.6956373850504557,0.6875,0.8025917326558444,0.5333333333333333,0.0,0.0,0.0,0.0,2002,clin,0.8
2,5,lr5e-05_bs16_modL1_fusion32_fusionL1_drop0p2_trmiss80_trlocclin,16,5e-05,1,32,1,0.2,lr5e-05_bs16_modL1_fusion32_fusionL1_drop0p2_trmiss80_trlocclin,15,0.5588098416725794,0.6979118982950846,0.6853448275862069,0.8004065957389289,0.5111111111111111,0.0,0.0,0.0,0.0,2002,clin,0.8
2,5,lr5e-05_bs16_modL1_fusion32_fusionL1_drop0p2_trmiss80_trlocclin,16,5e-05,1,32,1,0.2,lr5e-05_bs16_modL1_fusion32_fusionL1_drop0p2_trmiss80_trlocclin,16,0.5626613373557726,0.6883887449900309,0.6831896551724138,0.8194886562119419,0.5555555555555556,0.0,0.0,0.0,0.0,2002,clin,0.8
2,5,lr5e-05_bs16_modL1_fusion32_fusionL1_drop0p2_trmiss80_trlocclin,16,5e-05,1,32,1,0.2,lr5e-05_bs16_modL1_fusion32_fusionL1_drop0p2_trmiss80_trlocclin,17,0.5673150097330412,0.6984437306722006,0.7112068965517241,0.8213815332857495,0.4888888888888889,0.0,0.0,0.0,0.0,2002,clin,0.8
2,5,lr5e-05_bs16_modL1_fusion32_fusionL1_drop0p2_trmiss80_trlocclin,16,5e-05,1,32,1,0.2,lr5e-05_bs16_modL1_fusion32_fusionL1_drop0p2_trmiss80_trlocclin,18,0.5213337416450182,0.6985148787498474,0.7068965517241379,0.8349099426832798,0.5111111111111111,0.0,0.0,0.0,0.0,2002,clin,0.8
2,5,lr5e-05_bs16_modL1_fusion32_fusionL1_drop0p2_trmiss80_trlocclin,16,5e-05,1,32,1,0.2,lr5e-05_bs16_modL1_fusion32_fusionL1_drop0p2_trmiss80_trlocclin,19,0.5212349717815717,0.6915053327878317,0.6745689655172413,0.8181402491688112,0.5555555555555556,0.0,0.0,0.0,0.0,2002,clin,0.8
2,5,lr5e-05_bs16_modL1_fusion32_fusionL1_drop0p2_trmiss80_trlocclin,16,5e-05,1,32,1,0.2,lr5e-05_bs16_modL1_fusion32_fusionL1_drop0p2_trmiss80_trlocclin,20,0.517619768778483,0.6854857007662455,0.7370689655172413,0.8537701568367828,0.5555555555555556,0.0,0.0,0.0,0.0,2002,clin,0.8
2,5,lr5e-05_bs16_modL1_fusion32_fusionL1_drop0p2_trmiss80_trlocclin,16,5e-05,1,32,1,0.2,lr5e-05_bs16_modL1_fusion32_fusionL1_drop0p2_trmiss80_trlocclin,21,0.501423050959905,0.6917398571968079,0.7176724137931034,0.8443702843561132,0.5555555555555556,0.0,0.0,0.0,0.0,2002,clin,0.8
2,5,lr5e-05_bs16_modL1_fusion32_fusionL1_drop0p2_trmiss80_trlocclin,16,5e-05,1,32,1,0.2,lr5e-05_bs16_modL1_fusion32_fusionL1_drop0p2_trmiss80_trlocclin,22,0.5186330825090408,0.6929950912793478,0.7198275862068965,0.8256488674428692,0.4888888888888889,0.0,0.0,0.0,0.0,2002,clin,0.8
2,5,lr5e-05_bs16_modL1_fusion32_fusionL1_drop0p2_trmiss80_trlocclin,16,5e-05,1,32,1,0.2,lr5e-05_bs16_modL1_fusion32_fusionL1_drop0p2_trmiss80_trlocclin,23,0.5113153656323751,0.6829303503036499,0.7456896551724137,0.8342856182767744,0.5111111111111111,0.0,0.0,0.0,0.0,2002,clin,0.8
2,5,lr5e-05_bs16_modL1_fusion32_fusionL1_drop0p2_trmiss80_trlocclin,16,5e-05,1,32,1,0.2,lr5e-05_bs16_modL1_fusion32_fusionL1_drop0p2_trmiss80_trlocclin,24,0.48656024783849716,0.6648908257484436,0.7435344827586207,0.8380294444333385,0.5555555555555556,0.0,0.0,0.0,0.0,2002,clin,0.8
2,5,lr5e-05_bs16_modL1_fusion32_fusionL1_drop0p2_trmiss80_trlocclin,16,5e-05,1,32,1,0.2,lr5e-05_bs16_modL1_fusion32_fusionL1_drop0p2_trmiss80_trlocclin,25,0.4872458875179291,0.6951488256454468,0.7392241379310345,0.84531881450288,0.5111111111111111,0.0,0.0,0.0,0.0,2002,clin,0.8
2,5,lr5e-05_bs16_modL1_fusion32_fusionL1_drop0p2_trmiss80_trlocclin,16,5e-05,1,32,1,0.2,lr5e-05_bs16_modL1_fusion32_fusionL1_drop0p2_trmiss80_trlocclin,26,0.48942047109206516,0.68096395333608,0.7262931034482758,0.8401318606840651,0.5555555555555556,0.0,0.0,0.0,0.0,2002,clin,0.8
2,5,lr5e-05_bs16_modL1_fusion32_fusionL1_drop0p2_trmiss80_trlocclin,16,5e-05,1,32,1,0.2,lr5e-05_bs16_modL1_fusion32_fusionL1_drop0p2_trmiss80_trlocclin,27,0.4685542384783427,0.6755545139312744,0.7478448275862069,0.8436879680841607,0.5555555555555556,0.0,0.0,0.0,0.0,2002,clin,0.8
2,5,lr5e-05_bs16_modL1_fusion32_fusionL1_drop0p2_trmiss80_trlocclin,16,5e-05,1,32,1,0.2,lr5e-05_bs16_modL1_fusion32_fusionL1_drop0p2_trmiss80_trlocclin,28,0.4867410014073054,0.685634195804596,0.7370689655172413,0.8364327006537718,0.5555555555555556,0.0,0.0,0.0,0.0,2002,clin,0.8
2,5,lr5e-05_bs16_modL1_fusion32_fusionL1_drop0p2_trmiss80_trlocclin,16,5e-05,1,32,1,0.2,lr5e-05_bs16_modL1_fusion32_fusionL1_drop0p2_trmiss80_trlocclin,29,0.45334089050690335,0.6861151655515035,0.7112068965517241,0.8283570895053645,0.5777777777777777,0.0,0.0,0.0,0.0,2002,clin,0.8
2,5,lr5e-05_bs16_modL1_fusion32_fusionL1_drop0p2_trmiss80_trlocclin,16,5e-05,1,32,1,0.2,lr5e-05_bs16_modL1_fusion32_fusionL1_drop0p2_trmiss80_trlocclin,30,0.4702320024371147,0.6841576099395752,0.7349137931034482,0.8401585544568133,0.5777777777777777,0.0,0.0,0.0,0.0,2002,clin,0.8
2,5,lr5e-05_bs16_modL1_fusion32_fusionL1_drop0p2_trmiss80_trlocclin,16,5e-05,1,32,1,0.2,lr5e-05_bs16_modL1_fusion32_fusionL1_drop0p2_trmiss80_trlocclin,31,0.4801365906993548,0.6964945594469706,0.7112068965517242,0.8273381090115492,0.5333333333333333,0.0,0.0,0.0,0.0,2002,clin,0.8
2,5,lr5e-05_bs16_modL1_fusion32_fusionL1_drop0p2_trmiss80_trlocclin,16,5e-05,1,32,1,0.2,lr5e-05_bs16_modL1_fusion32_fusionL1_drop0p2_trmiss80_trlocclin,32,0.42870066811641055,0.6880064010620117,0.7133620689655172,0.8289267600997245,0.5111111111111111,0.0,0.0,0.0,0.0,2002,clin,0.8
2,5,lr5e-05_bs16_modL1_fusion32_fusionL1_drop0p2_trmiss80_trlocclin,16,5e-05,1,32,1,0.2,lr5e-05_bs16_modL1_fusion32_fusionL1_drop0p2_trmiss80_trlocclin,33,0.4465481663743655,0.6726469198862711,0.7392241379310345,0.8428218905065912,0.5333333333333333,0.0,0.0,0.0,0.0,2002,clin,0.8
2,5,lr5e-05_bs16_modL1_fusion32_fusionL1_drop0p2_trmiss80_trlocclin,16,5e-05,1,32,1,0.2,lr5e-05_bs16_modL1_fusion32_fusionL1_drop0p2_trmiss80_trlocclin,34,0.4319538126389186,0.6764626304308573,0.7112068965517241,0.8250428289508883,0.5555555555555556,0.0,0.0,0.0,0.0,2002,clin,0.8
2,5,lr5e-05_bs16_modL1_fusion32_fusionL1_drop0p2_trmiss80_trlocclin,16,5e-05,1,32,1,0.2,lr5e-05_bs16_modL1_fusion32_fusionL1_drop0p2_trmiss80_trlocclin,35,0.42533014218012494,0.6717156370480856,0.7262931034482758,0.84544502902047,0.5777777777777777,0.0,0.0,0.0,0.0,2002,clin,0.8
2,5,lr5e-05_bs16_modL1_fusion32_fusionL1_drop0p2_trmiss80_trlocclin,16,5e-05,1,32,1,0.2,lr5e-05_bs16_modL1_fusion32_fusionL1_drop0p2_trmiss80_trlocclin,36,0.42969539513190586,0.6667214234670004,0.7370689655172413,0.8359639446474563,0.5777777777777777,0.0,0.0,0.0,0.0,2002,clin,0.8
2,5,lr5e-05_bs16_modL1_fusion32_fusionL1_drop0p2_trmiss80_trlocclin,16,5e-05,1,32,1,0.2,lr5e-05_bs16_modL1_fusion32_fusionL1_drop0p2_trmiss80_trlocclin,37,0.4206250285108884,0.6714832981427511,0.730603448275862,0.8328386433876377,0.5333333333333333,0.0,0.0,0.0,0.0,2002,clin,0.8
2,5,lr5e-05_bs16_modL1_fusion32_fusionL1_drop0p2_trmiss80_trlocclin,16,5e-05,1,32,1,0.2,lr5e-05_bs16_modL1_fusion32_fusionL1_drop0p2_trmiss80_trlocclin,38,0.41807163258393604,0.6751498778661092,0.7327586206896551,0.8313393401937543,0.5111111111111111,0.0,0.0,0.0,0.0,2002,clin,0.8
2,5,lr5e-05_bs16_modL1_fusion32_fusionL1_drop0p2_trmiss80_trlocclin,16,5e-05,1,32,1,0.2,lr5e-05_bs16_modL1_fusion32_fusionL1_drop0p2_trmiss80_trlocclin,39,0.42388733476400375,0.6675589283307394,0.7349137931034482,0.8322316859222878,0.5777777777777777,0.0,0.0,0.0,0.0,2002,clin,0.8
2,5,lr5e-05_bs16_modL1_fusion32_fusionL1_drop0p2_trmiss80_trlocclin,16,5e-05,1,32,1,0.2,lr5e-05_bs16_modL1_fusion32_fusionL1_drop0p2_trmiss80_trlocclin,40,0.41354846705993015,0.6825986305872599,0.728448275862069,0.826008443953056,0.5111111111111111,0.0,0.0,0.0,0.0,2002,clin,0.8
2,5,lr5e-05_bs16_modL1_fusion32_fusionL1_drop0p2_trmiss80_trlocclin,16,5e-05,1,32,1,0.2,lr5e-05_bs16_modL1_fusion32_fusionL1_drop0p2_trmiss80_trlocclin,41,0.44417178879181546,0.6750224033991495,0.7456896551724138,0.8377403198705962,0.5333333333333333,0.0,0.0,0.0,0.0,2002,clin,0.8
2,5,lr5e-05_bs16_modL1_fusion32_fusionL1_drop0p2_trmiss80_trlocclin,16,5e-05,1,32,1,0.2,lr5e-05_bs16_modL1_fusion32_fusionL1_drop0p2_trmiss80_trlocclin,42,0.41765699287255603,0.6641066670417786,0.75,0.8381365384390529,0.5777777777777777,0.0,0.0,0.0,0.0,2002,clin,0.8
2,5,lr5e-05_bs16_modL1_fusion32_fusionL1_drop0p2_trmiss80_trlocclin,16,5e-05,1,32,1,0.2,lr5e-05_bs16_modL1_fusion32_fusionL1_drop0p2_trmiss80_trlocclin,43,0.43782737106084824,0.6446261604626974,0.7693965517241379,0.8495259490295615,0.6,0.0,0.0,0.0,0.0,2002,clin,0.8
2,5,lr5e-05_bs16_modL1_fusion32_fusionL1_drop0p2_trmiss80_trlocclin,16,5e-05,1,32,1,0.2,lr5e-05_bs16_modL1_fusion32_fusionL1_drop0p2_trmiss80_trlocclin,44,0.4089517593383789,0.664068321386973,0.7478448275862069,0.8378984223597157,0.5777777777777777,0.0,0.0,0.0,0.0,2002,clin,0.8
2,5,lr5e-05_bs16_modL1_fusion32_fusionL1_drop0p2_trmiss80_trlocclin,16,5e-05,1,32,1,0.2,lr5e-05_bs16_modL1_fusion32_fusionL1_drop0p2_trmiss80_trlocclin,45,0.4279583916068077,0.6695603728294373,0.7478448275862069,0.8357203797381332,0.5555555555555556,0.0,0.0,0.0,0.0,2002,clin,0.8
2,5,lr5e-05_bs16_modL1_fusion32_fusionL1_drop0p2_trmiss80_trlocclin,16,5e-05,1,32,1,0.2,lr5e-05_bs16_modL1_fusion32_fusionL1_drop0p2_trmiss80_trlocclin,46,0.40893419831991196,0.6579121152559916,0.728448275862069,0.8285051339394462,0.6,0.0,0.0,0.0,0.0,2002,clin,0.8
2,5,lr5e-05_bs16_modL1_fusion32_fusionL1_drop0p2_trmiss80_trlocclin,16,5e-05,1,32,1,0.2,lr5e-05_bs16_modL1_fusion32_fusionL1_drop0p2_trmiss80_trlocclin,47,0.3925219600399335,0.6633473436037699,0.7370689655172413,0.8335631138282733,0.6,0.0,0.0,0.0,0.0,2002,clin,0.8
2,5,lr5e-05_bs16_modL1_fusion32_fusionL1_drop0p2_trmiss80_trlocclin,16,5e-05,1,32,1,0.2,lr5e-05_bs16_modL1_fusion32_fusionL1_drop0p2_trmiss80_trlocclin,48,0.39731832842032117,0.6595879793167114,0.7456896551724138,0.8382602894231896,0.6,0.0,0.0,0.0,0.0,2002,clin,0.8
2,5,lr5e-05_bs16_modL1_fusion32_fusionL1_drop0p2_trmiss80_trlocclin,16,5e-05,1,32,1,0.2,lr5e-05_bs16_modL1_fusion32_fusionL1_drop0p2_trmiss80_trlocclin,49,0.40199671934048337,0.6764611403147379,0.7478448275862069,0.8377224613891521,0.5111111111111111,0.0,0.0,0.0,0.0,2002,clin,0.8
2,5,lr5e-05_bs16_modL1_fusion32_fusionL1_drop0p2_trmiss80_trlocclin,16,5e-05,1,32,1,0.2,lr5e-05_bs16_modL1_fusion32_fusionL1_drop0p2_trmiss80_trlocclin,50,0.4271342655022939,0.6611427863438925,0.7543103448275862,0.8447943941954863,0.5777777777777777,0.0,0.0,0.0,0.0,2002,clin,0.8
2,5,lr5e-05_bs16_modL1_fusion32_fusionL1_drop0p2_trmiss80_trlocclin,16,5e-05,1,32,1,0.2,lr5e-05_bs16_modL1_fusion32_fusionL1_drop0p2_trmiss80_trlocclin,51,0.39720020691553753,0.6557287772496542,0.7370689655172413,0.8346636896370954,0.6,0.0,0.0,0.0,0.0,2002,clin,0.8
2,5,lr5e-05_bs16_modL1_fusion32_fusionL1_drop0p2_trmiss80_trlocclin,16,5e-05,1,32,1,0.2,lr5e-05_bs16_modL1_fusion32_fusionL1_drop0p2_trmiss80_trlocclin,52,0.40593058119217557,0.6510708729426066,0.7521551724137931,0.8436404753377148,0.6,0.0,0.0,0.0,0.0,2002,clin,0.8
2,5,lr5e-05_bs16_modL1_fusion32_fusionL1_drop0p2_trmiss80_trlocclin,16,5e-05,1,32,1,0.2,lr5e-05_bs16_modL1_fusion32_fusionL1_drop0p2_trmiss80_trlocclin,53,0.4361535410086314,0.6760403513908386,0.7478448275862069,0.8374294191810734,0.5555555555555556,0.0,0.0,0.0,0.0,2002,clin,0.8
2,5,lr5e-05_bs16_modL1_fusion32_fusionL1_drop0p2_trmiss80_trlocclin,16,5e-05,1,32,1,0.2,lr5e-05_bs16_modL1_fusion32_fusionL1_drop0p2_trmiss80_trlocclin,54,0.40656519184509915,0.6583608984947205,0.7306034482758621,0.8336318073544813,0.6,0.0,0.0,0.0,0.0,2002,clin,0.8
2,5,lr5e-05_bs16_modL1_fusion32_fusionL1_drop0p2_trmiss80_trlocclin,16,5e-05,1,32,1,0.2,lr5e-05_bs16_modL1_fusion32_fusionL1_drop0p2_trmiss80_trlocclin,55,0.40192484110593796,0.6661223371823629,0.7413793103448276,0.8365008319625764,0.5777777777777777,0.0,0.0,0.0,0.0,2002,clin,0.8
2,5,lr5e-05_bs16_modL1_fusion32_fusionL1_drop0p2_trmiss80_trlocclin,16,5e-05,1,32,1,0.2,lr5e-05_bs16_modL1_fusion32_fusionL1_drop0p2_trmiss80_trlocclin,56,0.40335729966561,0.6690487464269003,0.7413793103448276,0.8387007191333087,0.5777777777777777,0.0,0.0,0.0,0.0,2002,clin,0.8
2,5,lr5e-05_bs16_modL1_fusion32_fusionL1_drop0p2_trmiss80_trlocclin,16,5e-05,1,32,1,0.2,lr5e-05_bs16_modL1_fusion32_fusionL1_drop0p2_trmiss80_trlocclin,57,0.4153473302721977,0.6807064612706503,0.7413793103448276,0.835745537236247,0.5555555555555556,0.0,0.0,0.0,0.0,2002,clin,0.8
2,5,lr5e-05_bs16_modL1_fusion32_fusionL1_drop0p2_trmiss80_trlocclin,16,5e-05,1,32,1,0.2,lr5e-05_bs16_modL1_fusion32_fusionL1_drop0p2_trmiss80_trlocclin,58,0.3854166492819786,0.6744726896286011,0.7543103448275862,0.8438170992585922,0.5333333333333333,0.0,0.0,0.0,0.0,2002,clin,0.8
2,5,lr5e-05_bs16_modL1_fusion32_fusionL1_drop0p2_trmiss80_trlocclin,16,5e-05,1,32,1,0.2,lr5e-05_bs16_modL1_fusion32_fusionL1_drop0p2_trmiss80_trlocclin,59,0.40041183431943256,0.6605286995569865,0.7607758620689655,0.8487020298399754,0.5777777777777777,0.0,0.0,0.0,0.0,2002,clin,0.8
2,5,lr5e-05_bs16_modL1_fusion32_fusionL1_drop0p2_trmiss80_trlocclin,16,5e-05,1,32,1,0.2,lr5e-05_bs16_modL1_fusion32_fusionL1_drop0p2_trmiss80_trlocclin,60,0.3880223408341408,0.6741904218991598,0.7478448275862069,0.8406972069501045,0.5777777777777777,0.0,0.0,0.0,0.0,2002,clin,0.8
2,5,lr5e-05_bs16_modL1_fusion32_fusionL1_drop0p2_trmiss80_trlocclin,16,5e-05,1,32,1,0.2,lr5e-05_bs16_modL1_fusion32_fusionL1_drop0p2_trmiss80_trlocclin,61,0.40875523040692013,0.6736065149307251,0.7456896551724137,0.8380837706872398,0.5555555555555556,0.0,0.0,0.0,0.0,2002,clin,0.8
2,5,lr5e-05_bs16_modL1_fusion32_fusionL1_drop0p2_trmiss80_trlocclin,16,5e-05,1,32,1,0.2,lr5e-05_bs16_modL1_fusion32_fusionL1_drop0p2_trmiss80_trlocclin,62,0.3914502834280332,0.6646882891654968,0.75,0.838522134115615,0.5777777777777777,0.0,0.0,0.0,0.0,2002,clin,0.8
2,5,lr5e-05_bs16_modL1_fusion32_fusionL1_drop0p2_trmiss80_trlocclin,16,5e-05,1,32,1,0.2,lr5e-05_bs16_modL1_fusion32_fusionL1_drop0p2_trmiss80_trlocclin,63,0.4180595700939496,0.6643591324488322,0.7650862068965518,0.8480321627907981,0.5777777777777777,0.0,0.0,0.0,0.0,2002,clin,0.8
2,5,lr5e-05_bs16_modL1_fusion32_fusionL1_drop0p1_trmiss80_trlocclin,16,5e-05,1,32,1,0.1,lr5e-05_bs16_modL1_fusion32_fusionL1_drop0p1_trmiss80_trlocclin,1,0.680263618628184,0.6596647898356119,0.6702586206896552,0.7915297918015683,0.6888888888888889,0.0,0.0,0.0,0.0,2002,clin,0.8
2,5,lr5e-05_bs16_modL1_fusion32_fusionL1_drop0p1_trmiss80_trlocclin,16,5e-05,1,32,1,0.1,lr5e-05_bs16_modL1_fusion32_fusionL1_drop0p1_trmiss80_trlocclin,2,0.6389870891968409,0.6493081251780192,0.6702586206896551,0.8031322532986885,0.6444444444444445,0.0,0.0,0.0,0.0,2002,clin,0.8
2,5,lr5e-05_bs16_modL1_fusion32_fusionL1_drop0p1_trmiss80_trlocclin,16,5e-05,1,32,1,0.1,lr5e-05_bs16_modL1_fusion32_fusionL1_drop0p1_trmiss80_trlocclin,3,0.6100598896543185,0.6493021249771118,0.625,0.7714936675022602,0.6666666666666666,0.0,0.0,0.0,0.0,2002,clin,0.8
2,5,lr5e-05_bs16_modL1_fusion32_fusionL1_drop0p1_trmiss80_trlocclin,16,5e-05,1,32,1,0.1,lr5e-05_bs16_modL1_fusion32_fusionL1_drop0p1_trmiss80_trlocclin,4,0.5974342872699102,0.6518264015515646,0.6142241379310345,0.7580620280611199,0.6444444444444445,0.0,0.0,0.0,0.0,2002,clin,0.8
2,5,lr5e-05_bs16_modL1_fusion32_fusionL1_drop0p1_trmiss80_trlocclin,16,5e-05,1,32,1,0.1,lr5e-05_bs16_modL1_fusion32_fusionL1_drop0p1_trmiss80_trlocclin,5,0.5874728312095007,0.6468772689501444,0.605603448275862,0.7606832964909723,0.6222222222222222,0.0,0.0,0.0,0.0,2002,clin,0.8
2,5,lr5e-05_bs16_modL1_fusion32_fusionL1_drop0p1_trmiss80_trlocclin,16,5e-05,1,32,1,0.1,lr5e-05_bs16_modL1_fusion32_fusionL1_drop0p1_trmiss80_trlocclin,6,0.5694735844930013,0.6461669007937113,0.6206896551724138,0.7698613045102828,0.6444444444444445,0.0,0.0,0.0,0.0,2002,clin,0.8
2,5,lr5e-05_bs16_modL1_fusion32_fusionL1_drop0p1_trmiss80_trlocclin,16,5e-05,1,32,1,0.1,lr5e-05_bs16_modL1_fusion32_fusionL1_drop0p1_trmiss80_trlocclin,7,0.5549323583642641,0.6468263069788615,0.6163793103448276,0.7658285799960592,0.6222222222222222,0.0,0.0,0.0,0.0,2002,clin,0.8
2,5,lr5e-05_bs16_modL1_fusion32_fusionL1_drop0p1_trmiss80_trlocclin,16,5e-05,1,32,1,0.1,lr5e-05_bs16_modL1_fusion32_fusionL1_drop0p1_trmiss80_trlocclin,8,0.5573131168882052,0.6429633100827535,0.644396551724138,0.7950000177774007,0.6222222222222222,0.0,0.0,0.0,0.0,2002,clin,0.8
2,5,lr5e-05_bs16_modL1_fusion32_fusionL1_drop0p1_trmiss80_trlocclin,16,5e-05,1,32,1,0.1,lr5e-05_bs16_modL1_fusion32_fusionL1_drop0p1_trmiss80_trlocclin,9,0.5520509307583173,0.6430080731709799,0.5969827586206897,0.7767280733431325,0.6444444444444445,0.0,0.0,0.0,0.0,2002,clin,0.8
2,5,lr5e-05_bs16_modL1_fusion32_fusionL1_drop0p1_trmiss80_trlocclin,16,5e-05,1,32,1,0.1,lr5e-05_bs16_modL1_fusion32_fusionL1_drop0p1_trmiss80_trlocclin,10,0.5192015022039413,0.6420413851737976,0.5862068965517241,0.7677114880719118,0.6666666666666666,0.0,0.0,0.0,0.0,2002,clin,0.8
2,5,lr5e-05_bs16_modL1_fusion32_fusionL1_drop0p1_trmiss80_trlocclin,16,5e-05,1,32,1,0.1,lr5e-05_bs16_modL1_fusion32_fusionL1_drop0p1_trmiss80_trlocclin,11,0.5119543274243673,0.6475883324941,0.6056034482758621,0.7889622055672247,0.6444444444444445,0.0,0.0,0.0,0.0,2002,clin,0.8
2,5,lr5e-05_bs16_modL1_fusion32_fusionL1_drop0p1_trmiss80_trlocclin,16,5e-05,1,32,1,0.1,lr5e-05_bs16_modL1_fusion32_fusionL1_drop0p1_trmiss80_trlocclin,12,0.5250890602668127,0.6441815495491028,0.5948275862068966,0.7804592846605507,0.6444444444444445,0.0,0.0,0.0,0.0,2002,clin,0.8
2,5,lr5e-05_bs16_modL1_fusion32_fusionL1_drop0p1_trmiss80_trlocclin,16,5e-05,1,32,1,0.1,lr5e-05_bs16_modL1_fusion32_fusionL1_drop0p1_trmiss80_trlocclin,13,0.5140318647027016,0.6422869364420573,0.6099137931034483,0.7895994214256032,0.6444444444444445,0.0,0.0,0.0,0.0,2002,clin,0.8
2,5,lr5e-05_bs16_modL1_fusion32_fusionL1_drop0p1_trmiss80_trlocclin,16,5e-05,1,32,1,0.1,lr5e-05_bs16_modL1_fusion32_fusionL1_drop0p1_trmiss80_trlocclin,14,0.5097565626104673,0.6387840509414673,0.6099137931034483,0.7822574976720198,0.6444444444444445,0.0,0.0,0.0,0.0,2002,clin,0.8
2,5,lr5e-05_bs16_modL1_fusion32_fusionL1_drop0p1_trmiss80_trlocclin,16,5e-05,1,32,1,0.1,lr5e-05_bs16_modL1_fusion32_fusionL1_drop0p1_trmiss80_trlocclin,15,0.5105457405249277,0.6344113945960999,0.6573275862068966,0.7989684142995305,0.6444444444444445,0.0,0.0,0.0,0.0,2002,clin,0.8
2,5,lr5e-05_bs16_modL1_fusion32_fusionL1_drop0p1_trmiss80_trlocclin,16,5e-05,1,32,1,0.1,lr5e-05_bs16_modL1_fusion32_fusionL1_drop0p1_trmiss80_trlocclin,16,0.4975830713907878,0.6361357172330221,0.6163793103448276,0.7852081806076658,0.6222222222222222,0.0,0.0,0.0,0.0,2002,clin,0.8
2,5,lr5e-05_bs16_modL1_fusion32_fusionL1_drop0p1_trmiss80_trlocclin,16,5e-05,1,32,1,0.1,lr5e-05_bs16_modL1_fusion32_fusionL1_drop0p1_trmiss80_trlocclin,17,0.4802239015698433,0.6377006371816,0.6293103448275862,0.7844054953117783,0.6222222222222222,0.0,0.0,0.0,0.0,2002,clin,0.8
2,5,lr5e-05_bs16_modL1_fusion32_fusionL1_drop0p1_trmiss80_trlocclin,16,5e-05,1,32,1,0.1,lr5e-05_bs16_modL1_fusion32_fusionL1_drop0p1_trmiss80_trlocclin,18,0.47707628707091015,0.6303251187006632,0.6573275862068966,0.8230846760291382,0.6444444444444445,0.0,0.0,0.0,0.0,2002,clin,0.8
2,5,lr5e-05_bs16_modL1_fusion32_fusionL1_drop0p1_trmiss80_trlocclin,16,5e-05,1,32,1,0.1,lr5e-05_bs16_modL1_fusion32_fusionL1_drop0p1_trmiss80_trlocclin,19,0.46147820105155307,0.6276741623878479,0.6767241379310345,0.8296259126730188,0.6666666666666666,0.0,0.0,0.0,0.0,2002,clin,0.8
2,5,lr5e-05_bs16_modL1_fusion32_fusionL1_drop0p1_trmiss80_trlocclin,16,5e-05,1,32,1,0.1,lr5e-05_bs16_modL1_fusion32_fusionL1_drop0p1_trmiss80_trlocclin,20,0.4595317716399829,0.6219970981280009,0.6961206896551725,0.8386527337440695,0.6666666666666666,0.0,0.0,0.0,0.0,2002,clin,0.8
2,5,lr5e-05_bs16_modL1_fusion32_fusionL1_drop0p1_trmiss80_trlocclin,16,5e-05,1,32,1,0.1,lr5e-05_bs16_modL1_fusion32_fusionL1_drop0p1_trmiss80_trlocclin,21,0.47956691682338715,0.6189916928609213,0.6875,0.8370513473097869,0.6666666666666666,0.0,0.0,0.0,0.0,2002,clin,0.8
2,5,lr5e-05_bs16_modL1_fusion32_fusionL1_drop0p1_trmiss80_trlocclin,16,5e-05,1,32,1,0.1,lr5e-05_bs16_modL1_fusion32_fusionL1_drop0p1_trmiss80_trlocclin,22,0.43737928569316864,0.6186246673266093,0.7047413793103448,0.8421403660597477,0.6888888888888889,0.0,0.0,0.0,0.0,2002,clin,0.8
2,5,lr5e-05_bs16_modL1_fusion32_fusionL1_drop0p1_trmiss80_trlocclin,16,5e-05,1,32,1,0.1,lr5e-05_bs16_modL1_fusion32_fusionL1_drop0p1_trmiss80_trlocclin,23,0.44418994585673016,0.6220207413037618,0.7068965517241379,0.8379384145438795,0.6666666666666666,0.0,0.0,0.0,0.0,2002,clin,0.8
2,5,lr5e-05_bs16_modL1_fusion32_fusionL1_drop0p1_trmiss80_trlocclin,16,5e-05,1,32,1,0.1,lr5e-05_bs16_modL1_fusion32_fusionL1_drop0p1_trmiss80_trlocclin,24,0.4238446578383446,0.6316457986831665,0.6508620689655172,0.8051752133050345,0.6444444444444445,0.0,0.0,0.0,0.0,2002,clin,0.8
2,5,lr5e-05_bs16_modL1_fusion32_fusionL1_drop0p1_trmiss80_trlocclin,16,5e-05,1,32,1,0.1,lr5e-05_bs16_modL1_fusion32_fusionL1_drop0p1_trmiss80_trlocclin,25,0.42720062534014386,0.630575954914093,0.6874999999999999,0.8295984861377126,0.6666666666666666,0.0,0.0,0.0,0.0,2002,clin,0.8
2,5,lr5e-05_bs16_modL1_fusion32_fusionL1_drop0p1_trmiss80_trlocclin,16,5e-05,1,32,1,0.1,lr5e-05_bs16_modL1_fusion32_fusionL1_drop0p1_trmiss80_trlocclin,26,0.40266307691733044,0.6295903126398722,0.6702586206896551,0.8171386766994528,0.6444444444444445,0.0,0.0,0.0,0.0,2002,clin,0.8
2,5,lr5e-05_bs16_modL1_fusion32_fusionL1_drop0p1_trmiss80_trlocclin,16,5e-05,1,32,1,0.1,lr5e-05_bs16_modL1_fusion32_fusionL1_drop0p1_trmiss80_trlocclin,27,0.4118923594554265,0.6256678501764933,0.6853448275862069,0.8302433129807247,0.6666666666666666,0.0,0.0,0.0,0.0,2002,clin,0.8
2,5,lr5e-05_bs16_modL1_fusion32_fusionL1_drop0p1_trmiss80_trlocclin,16,5e-05,1,32,1,0.1,lr5e-05_bs16_modL1_fusion32_fusionL1_drop0p1_trmiss80_trlocclin,28,0.41084523499011993,0.6244516173998514,0.7176724137931034,0.8542648595914262,0.6222222222222222,0.0,0.0,0.0,0.0,2002,clin,0.8
2,5,lr5e-05_bs16_modL1_fusion32_fusionL1_drop0p1_trmiss80_trlocclin,16,5e-05,1,32,1,0.1,lr5e-05_bs16_modL1_fusion32_fusionL1_drop0p1_trmiss80_trlocclin,29,0.4046938170989354,0.619697113831838,0.7047413793103449,0.8472081654404118,0.6444444444444445,0.0,0.0,0.0,0.0,2002,clin,0.8
2,5,lr5e-05_bs16_modL1_fusion32_fusionL1_drop0p1_trmiss80_trlocclin,16,5e-05,1,32,1,0.1,lr5e-05_bs16_modL1_fusion32_fusionL1_drop0p1_trmiss80_trlocclin,30,0.39023259033759433,0.6266940037409464,0.7025862068965517,0.8456146407993193,0.6222222222222222,0.0,0.0,0.0,0.0,2002,clin,0.8
2,5,lr5e-05_bs16_modL1_fusion32_fusionL1_drop0p1_trmiss80_trlocclin,16,5e-05,1,32,1,0.1,lr5e-05_bs16_modL1_fusion32_fusionL1_drop0p1_trmiss80_trlocclin,31,0.39611803491910297,0.6225441495577494,0.709051724137931,0.8492153786573022,0.6444444444444445,0.0,0.0,0.0,0.0,2002,clin,0.8
2,5,lr5e-05_bs16_modL1_fusion32_fusionL1_drop0p1_trmiss80_trlocclin,16,5e-05,1,32,1,0.1,lr5e-05_bs16_modL1_fusion32_fusionL1_drop0p1_trmiss80_trlocclin,32,0.4240585242708524,0.623384694258372,0.7155172413793104,0.8487086310663761,0.6444444444444445,0.0,0.0,0.0,0.0,2002,clin,0.8
2,5,lr5e-05_bs16_modL1_fusion32_fusionL1_drop0p1_trmiss80_trlocclin,16,5e-05,1,32,1,0.1,lr5e-05_bs16_modL1_fusion32_fusionL1_drop0p1_trmiss80_trlocclin,33,0.4104410260915756,0.6169144113858541,0.6982758620689655,0.843709185735859,0.6888888888888889,0.0,0.0,0.0,0.0,2002,clin,0.8
2,5,lr5e-05_bs16_modL1_fusion32_fusionL1_drop0p1_trmiss80_trlocclin,16,5e-05,1,32,1,0.1,lr5e-05_bs16_modL1_fusion32_fusionL1_drop0p1_trmiss80_trlocclin,34,0.40321189910173416,0.6161270340283712,0.7112068965517242,0.8489242408362816,0.6888888888888889,0.0,0.0,0.0,0.0,2002,clin,0.8
2,5,lr5e-05_bs16_modL1_fusion32_fusionL1_drop0p1_trmiss80_trlocclin,16,5e-05,1,32,1,0.1,lr5e-05_bs16_modL1_fusion32_fusionL1_drop0p1_trmiss80_trlocclin,35,0.38604798913002014,0.6193424264589945,0.7176724137931034,0.8493046900136476,0.6444444444444445,0.0,0.0,0.0,0.0,2002,clin,0.8
2,5,lr5e-05_bs16_modL1_fusion32_fusionL1_drop0p1_trmiss80_trlocclin,16,5e-05,1,32,1,0.1,lr5e-05_bs16_modL1_fusion32_fusionL1_drop0p1_trmiss80_trlocclin,36,0.37931006650129956,0.6214220722516378,0.6875,0.8358984073464033,0.6666666666666666,0.0,0.0,0.0,0.0,2002,clin,0.8
2,5,lr5e-05_bs16_modL1_fusion32_fusionL1_drop0p1_trmiss80_trlocclin,16,5e-05,1,32,1,0.1,lr5e-05_bs16_modL1_fusion32_fusionL1_drop0p1_trmiss80_trlocclin,37,0.37201301008462906,0.6190451184908549,0.6939655172413792,0.8420300987320304,0.6444444444444445,0.0,0.0,0.0,0.0,2002,clin,0.8
2,5,lr5e-05_bs16_modL1_fusion32_fusionL1_drop0p1_trmiss80_trlocclin,16,5e-05,1,32,1,0.1,lr5e-05_bs16_modL1_fusion32_fusionL1_drop0p1_trmiss80_trlocclin,38,0.38338981320460636,0.6163950363794962,0.7112068965517242,0.8427546931045511,0.6888888888888889,0.0,0.0,0.0,0.0,2002,clin,0.8
2,5,lr5e-05_bs16_modL1_fusion32_fusionL1_drop0p1_trmiss80_trlocclin,16,5e-05,1,32,1,0.1,lr5e-05_bs16_modL1_fusion32_fusionL1_drop0p1_trmiss80_trlocclin,39,0.36917687207460403,0.620600422223409,0.6853448275862069,0.8289531348445396,0.6666666666666666,0.0,0.0,0.0,0.0,2002,clin,0.8
2,5,lr5e-05_bs16_modL1_fusion32_fusionL1_drop0p1_trmiss80_trlocclin,16,5e-05,1,32,1,0.1,lr5e-05_bs16_modL1_fusion32_fusionL1_drop0p1_trmiss80_trlocclin,40,0.3808107649286588,0.612210770448049,0.706896551724138,0.8460747444777152,0.6444444444444445,0.0,0.0,0.0,0.0,2002,clin,0.8
2,5,lr5e-05_bs16_modL1_fusion32_fusionL1_drop0p1_trmiss80_trlocclin,16,5e-05,1,32,1,0.1,lr5e-05_bs16_modL1_fusion32_fusionL1_drop0p1_trmiss80_trlocclin,41,0.3730202093720436,0.6113865574200948,0.7392241379310345,0.8561784797311038,0.6666666666666666,0.0,0.0,0.0,0.0,2002,clin,0.8
2,5,lr5e-05_bs16_modL1_fusion32_fusionL1_drop0p1_trmiss80_trlocclin,16,5e-05,1,32,1,0.1,lr5e-05_bs16_modL1_fusion32_fusionL1_drop0p1_trmiss80_trlocclin,42,0.37959902981917065,0.6121131380399069,0.7392241379310344,0.8543629848752303,0.6888888888888889,0.0,0.0,0.0,0.0,2002,clin,0.8
2,5,lr5e-05_bs16_modL1_fusion32_fusionL1_drop0p1_trmiss80_trlocclin,16,5e-05,1,32,1,0.1,lr5e-05_bs16_modL1_fusion32_fusionL1_drop0p1_trmiss80_trlocclin,43,0.38019660363594693,0.6095926562945048,0.7155172413793103,0.8438359540702125,0.6666666666666666,0.0,0.0,0.0,0.0,2002,clin,0.8
2,5,lr5e-05_bs16_modL1_fusion32_fusionL1_drop0p1_trmiss80_trlocclin,16,5e-05,1,32,1,0.1,lr5e-05_bs16_modL1_fusion32_fusionL1_drop0p1_trmiss80_trlocclin,44,0.38065293431282043,0.6084440350532532,0.7349137931034483,0.8557283954075872,0.6444444444444445,0.0,0.0,0.0,0.0,2002,clin,0.8
2,5,lr5e-05_bs16_modL1_fusion32_fusionL1_drop0p1_trmiss80_trlocclin,16,5e-05,1,32,1,0.1,lr5e-05_bs16_modL1_fusion32_fusionL1_drop0p1_trmiss80_trlocclin,45,0.37627795586983365,0.6134686271349589,0.7155172413793103,0.8388634046945354,0.6666666666666666,0.0,0.0,0.0,0.0,2002,clin,0.8
2,5,lr5e-05_bs16_modL1_fusion32_fusionL1_drop0p1_trmiss80_trlocclin,16,5e-05,1,32,1,0.1,lr5e-05_bs16_modL1_fusion32_fusionL1_drop0p1_trmiss80_trlocclin,46,0.36367107431093854,0.611700713634491,0.7241379310344828,0.848790845307543,0.6888888888888889,0.0,0.0,0.0,0.0,2002,clin,0.8
2,5,lr5e-05_bs16_modL1_fusion32_fusionL1_drop0p1_trmiss80_trlocclin,16,5e-05,1,32,1,0.1,lr5e-05_bs16_modL1_fusion32_fusionL1_drop0p1_trmiss80_trlocclin,47,0.36102214207251865,0.6144076387087504,0.7068965517241379,0.8341365290799421,0.6666666666666666,0.0,0.0,0.0,0.0,2002,clin,0.8
2,5,lr5e-05_bs16_modL1_fusion32_fusionL1_drop0p1_trmiss80_trlocclin,16,5e-05,1,32,1,0.1,lr5e-05_bs16_modL1_fusion32_fusionL1_drop0p1_trmiss80_trlocclin,48,0.3667603259285291,0.6186491052309672,0.7155172413793103,0.8403331096423974,0.6888888888888889,0.0,0.0,0.0,0.0,2002,clin,0.8
2,5,lr5e-05_bs16_modL1_fusion32_fusionL1_drop0p1_trmiss80_trlocclin,16,5e-05,1,32,1,0.1,lr5e-05_bs16_modL1_fusion32_fusionL1_drop0p1_trmiss80_trlocclin,49,0.3574285979072253,0.6187533338864645,0.7219827586206896,0.8386741986952375,0.6888888888888889,0.0,0.0,0.0,0.0,2002,clin,0.8
2,5,lr5e-05_bs16_modL1_fusion32_fusionL1_drop0p1_trmiss80_trlocclin,16,5e-05,1,32,1,0.1,lr5e-05_bs16_modL1_fusion32_fusionL1_drop0p1_trmiss80_trlocclin,50,0.39555539439121884,0.61145548025767,0.7241379310344828,0.8418852307921667,0.6444444444444445,0.0,0.0,0.0,0.0,2002,clin,0.8
2,5,lr5e-05_bs16_modL1_fusion32_fusionL1_drop0p1_trmiss80_trlocclin,16,5e-05,1,32,1,0.1,lr5e-05_bs16_modL1_fusion32_fusionL1_drop0p1_trmiss80_trlocclin,51,0.3329789514342944,0.610292116800944,0.7176724137931033,0.8394544135932422,0.6444444444444445,0.0,0.0,0.0,0.0,2002,clin,0.8
2,5,lr5e-05_bs16_modL1_fusion32_fusionL1_drop0p1_trmiss80_trlocclin,16,5e-05,1,32,1,0.1,lr5e-05_bs16_modL1_fusion32_fusionL1_drop0p1_trmiss80_trlocclin,52,0.3576926290988922,0.6166256467501322,0.7241379310344828,0.8381108005231472,0.6888888888888889,0.0,0.0,0.0,0.0,2002,clin,0.8
2,5,lr5e-05_bs16_modL1_fusion32_fusionL1_drop0p1_trmiss80_trlocclin,16,5e-05,1,32,1,0.1,lr5e-05_bs16_modL1_fusion32_fusionL1_drop0p1_trmiss80_trlocclin,53,0.34447724123795825,0.6113510529200236,0.7133620689655172,0.8370879450489346,0.6888888888888889,0.0,0.0,0.0,0.0,2002,clin,0.8
2,5,lr5e-05_bs16_modL1_fusion32_fusionL1_drop0p1_trmiss80_trlocclin,16,5e-05,1,32,1,0.1,lr5e-05_bs16_modL1_fusion32_fusionL1_drop0p1_trmiss80_trlocclin,54,0.3898494491974513,0.6066290537516276,0.7004310344827586,0.8334855043197904,0.6888888888888889,0.0,0.0,0.0,0.0,2002,clin,0.8
2,5,lr5e-05_bs16_modL1_fusion32_fusionL1_drop0p1_trmiss80_trlocclin,16,5e-05,1,32,1,0.1,lr5e-05_bs16_modL1_fusion32_fusionL1_drop0p1_trmiss80_trlocclin,55,0.3421155959367752,0.6078251798947653,0.7090517241379309,0.8353806975114124,0.6666666666666666,0.0,0.0,0.0,0.0,2002,clin,0.8
2,5,lr5e-05_bs16_modL1_fusion32_fusionL1_drop0p1_trmiss80_trlocclin,16,5e-05,1,32,1,0.1,lr5e-05_bs16_modL1_fusion32_fusionL1_drop0p1_trmiss80_trlocclin,56,0.3384357988834381,0.6177802681922913,0.7133620689655172,0.8342763444643233,0.6444444444444445,0.0,0.0,0.0,0.0,2002,clin,0.8
2,5,lr5e-05_bs16_modL1_fusion32_fusionL1_drop0p1_trmiss80_trlocclin,16,5e-05,1,32,1,0.1,lr5e-05_bs16_modL1_fusion32_fusionL1_drop0p1_trmiss80_trlocclin,57,0.3597620576620102,0.6162983179092407,0.7155172413793103,0.8346006438924201,0.6666666666666666,0.0,0.0,0.0,0.0,2002,clin,0.8
2,5,lr5e-05_bs16_modL1_fusion32_fusionL1_drop0p1_trmiss80_trlocclin,16,5e-05,1,32,1,0.1,lr5e-05_bs16_modL1_fusion32_fusionL1_drop0p1_trmiss80_trlocclin,58,0.33906224618355435,0.6105745434761047,0.7133620689655172,0.8362485806385982,0.6666666666666666,0.0,0.0,0.0,0.0,2002,clin,0.8
2,5,lr5e-05_bs16_modL1_fusion32_fusionL1_drop0p1_trmiss80_trlocclin,16,5e-05,1,32,1,0.1,lr5e-05_bs16_modL1_fusion32_fusionL1_drop0p1_trmiss80_trlocclin,59,0.3347202142079671,0.6091255942980448,0.7176724137931034,0.835530816448725,0.6666666666666666,0.0,0.0,0.0,0.0,2002,clin,0.8
2,5,lr5e-05_bs16_modL1_fusion32_fusionL1_drop0p1_trmiss80_trlocclin,16,5e-05,1,32,1,0.1,lr5e-05_bs16_modL1_fusion32_fusionL1_drop0p1_trmiss80_trlocclin,60,0.3653341010212898,0.6076054573059082,0.7112068965517241,0.8329886918812257,0.6666666666666666,0.0,0.0,0.0,0.0,2002,clin,0.8
2,5,lr5e-05_bs16_modL1_fusion32_fusionL1_drop0p1_trmiss80_trlocclin,16,5e-05,1,32,1,0.1,lr5e-05_bs16_modL1_fusion32_fusionL1_drop0p1_trmiss80_trlocclin,61,0.3566359182198842,0.6044966379801432,0.7112068965517241,0.83251320871887,0.6666666666666666,0.0,0.0,0.0,0.0,2002,clin,0.8
2,5,lr5e-05_bs16_modL1_fusion64_fusionL1_drop0p2_trmiss80_trlocclin,16,5e-05,1,64,1,0.2,lr5e-05_bs16_modL1_fusion64_fusionL1_drop0p2_trmiss80_trlocclin,1,0.676208441456159,0.6690810521443685,0.521551724137931,0.7285436288260805,0.5777777777777777,0.0,0.0,0.0,0.0,2002,clin,0.8
2,5,lr5e-05_bs16_modL1_fusion64_fusionL1_drop0p2_trmiss80_trlocclin,16,5e-05,1,64,1,0.2,lr5e-05_bs16_modL1_fusion64_fusionL1_drop0p2_trmiss80_trlocclin,2,0.673368290066719,0.667319635550181,0.5258620689655172,0.7238389699834668,0.5555555555555556,0.0,0.0,0.0,0.0,2002,clin,0.8
2,5,lr5e-05_bs16_modL1_fusion64_fusionL1_drop0p2_trmiss80_trlocclin,16,5e-05,1,64,1,0.2,lr5e-05_bs16_modL1_fusion64_fusionL1_drop0p2_trmiss80_trlocclin,3,0.665273904800415,0.6653300523757935,0.5581896551724138,0.7225271258054181,0.5555555555555556,0.0,0.0,0.0,0.0,2002,clin,0.8
2,5,lr5e-05_bs16_modL1_fusion64_fusionL1_drop0p2_trmiss80_trlocclin,16,5e-05,1,64,1,0.2,lr5e-05_bs16_modL1_fusion64_fusionL1_drop0p2_trmiss80_trlocclin,4,0.6239687899748484,0.6652928193410238,0.5625,0.7262768591788212,0.5555555555555556,0.0,0.0,0.0,0.0,2002,clin,0.8
2,5,lr5e-05_bs16_modL1_fusion64_fusionL1_drop0p2_trmiss80_trlocclin,16,5e-05,1,64,1,0.2,lr5e-05_bs16_modL1_fusion64_fusionL1_drop0p2_trmiss80_trlocclin,5,0.636396254102389,0.6571369965871176,0.584051724137931,0.7362010472362045,0.5777777777777777,0.0,0.0,0.0,0.0,2002,clin,0.8
2,5,lr5e-05_bs16_modL1_fusion64_fusionL1_drop0p2_trmiss80_trlocclin,16,5e-05,1,64,1,0.2,lr5e-05_bs16_modL1_fusion64_fusionL1_drop0p2_trmiss80_trlocclin,6,0.6329304526249567,0.6540610591570536,0.5991379310344828,0.7641326630056126,0.5777777777777777,0.0,0.0,0.0,0.0,2002,clin,0.8
2,5,lr5e-05_bs16_modL1_fusion64_fusionL1_drop0p2_trmiss80_trlocclin,16,5e-05,1,64,1,0.2,lr5e-05_bs16_modL1_fusion64_fusionL1_drop0p2_trmiss80_trlocclin,7,0.597820575038592,0.6589765151341757,0.5754310344827586,0.7395218777364269,0.5333333333333333,0.0,0.0,0.0,0.0,2002,clin,0.8
2,5,lr5e-05_bs16_modL1_fusion64_fusionL1_drop0p2_trmiss80_trlocclin,16,5e-05,1,64,1,0.2,lr5e-05_bs16_modL1_fusion64_fusionL1_drop0p2_trmiss80_trlocclin,8,0.6101124385992686,0.654864490032196,0.584051724137931,0.7591328865505701,0.5333333333333333,0.0,0.0,0.0,0.0,2002,clin,0.8
2,5,lr5e-05_bs16_modL1_fusion64_fusionL1_drop0p2_trmiss80_trlocclin,16,5e-05,1,64,1,0.2,lr5e-05_bs16_modL1_fusion64_fusionL1_drop0p2_trmiss80_trlocclin,9,0.6242233241597811,0.6480236252148946,0.6142241379310345,0.7879725561837154,0.6,0.0,0.0,0.0,0.0,2002,clin,0.8
2,5,lr5e-05_bs16_modL1_fusion64_fusionL1_drop0p2_trmiss80_trlocclin,16,5e-05,1,64,1,0.2,lr5e-05_bs16_modL1_fusion64_fusionL1_drop0p2_trmiss80_trlocclin,10,0.5878067960341772,0.6509793798128763,0.5991379310344828,0.7704153037626802,0.5777777777777777,0.0,0.0,0.0,0.0,2002,clin,0.8
2,5,lr5e-05_bs16_modL1_fusion64_fusionL1_drop0p2_trmiss80_trlocclin,16,5e-05,1,64,1,0.2,lr5e-05_bs16_modL1_fusion64_fusionL1_drop0p2_trmiss80_trlocclin,11,0.5842372924089432,0.6488619446754456,0.6012931034482758,0.7776305371316126,0.5777777777777777,0.0,0.0,0.0,0.0,2002,clin,0.8
2,5,lr5e-05_bs16_modL1_fusion64_fusionL1_drop0p2_trmiss80_trlocclin,16,5e-05,1,64,1,0.2,lr5e-05_bs16_modL1_fusion64_fusionL1_drop0p2_trmiss80_trlocclin,12,0.5942012717326483,0.6446083784103394,0.6185344827586208,0.7980298588768779,0.5555555555555556,0.0,0.0,0.0,0.0,2002,clin,0.8
2,5,lr5e-05_bs16_modL1_fusion64_fusionL1_drop0p2_trmiss80_trlocclin,16,5e-05,1,64,1,0.2,lr5e-05_bs16_modL1_fusion64_fusionL1_drop0p2_trmiss80_trlocclin,13,0.5892533461252848,0.6456512212753296,0.5862068965517242,0.7811512213980043,0.5555555555555556,0.0,0.0,0.0,0.0,2002,clin,0.8
2,5,lr5e-05_bs16_modL1_fusion64_fusionL1_drop0p2_trmiss80_trlocclin,16,5e-05,1,64,1,0.2,lr5e-05_bs16_modL1_fusion64_fusionL1_drop0p2_trmiss80_trlocclin,14,0.5612248157461485,0.6406025489171346,0.6508620689655172,0.8096155634105797,0.6,0.0,0.0,0.0,0.0,2002,clin,0.8
2,5,lr5e-05_bs16_modL1_fusion64_fusionL1_drop0p2_trmiss80_trlocclin,16,5e-05,1,64,1,0.2,lr5e-05_bs16_modL1_fusion64_fusionL1_drop0p2_trmiss80_trlocclin,15,0.5744215647379557,0.6392151912053426,0.6012931034482759,0.7873285211011274,0.5777777777777777,0.0,0.0,0.0,0.0,2002,clin,0.8
2,5,lr5e-05_bs16_modL1_fusion64_fusionL1_drop0p2_trmiss80_trlocclin,16,5e-05,1,64,1,0.2,lr5e-05_bs16_modL1_fusion64_fusionL1_drop0p2_trmiss80_trlocclin,16,0.5447179327408472,0.6416717966397604,0.6077586206896551,0.784724670226236,0.5777777777777777,0.0,0.0,0.0,0.0,2002,clin,0.8
2,5,lr5e-05_bs16_modL1_fusion64_fusionL1_drop0p2_trmiss80_trlocclin,16,5e-05,1,64,1,0.2,lr5e-05_bs16_modL1_fusion64_fusionL1_drop0p2_trmiss80_trlocclin,17,0.5336032013098398,0.6327846050262451,0.6379310344827586,0.8117729126970132,0.6444444444444445,0.0,0.0,0.0,0.0,2002,clin,0.8
2,5,lr5e-05_bs16_modL1_fusion64_fusionL1_drop0p2_trmiss80_trlocclin,16,5e-05,1,64,1,0.2,lr5e-05_bs16_modL1_fusion64_fusionL1_drop0p2_trmiss80_trlocclin,18,0.5448563272754351,0.632258395353953,0.6616379310344828,0.8282694887524027,0.6222222222222222,0.0,0.0,0.0,0.0,2002,clin,0.8
2,5,lr5e-05_bs16_modL1_fusion64_fusionL1_drop0p2_trmiss80_trlocclin,16,5e-05,1,64,1,0.2,lr5e-05_bs16_modL1_fusion64_fusionL1_drop0p2_trmiss80_trlocclin,19,0.5362877498070399,0.6275655229886373,0.6443965517241379,0.8038437528372311,0.6666666666666666,0.0,0.0,0.0,0.0,2002,clin,0.8
2,5,lr5e-05_bs16_modL1_fusion64_fusionL1_drop0p2_trmiss80_trlocclin,16,5e-05,1,64,1,0.2,lr5e-05_bs16_modL1_fusion64_fusionL1_drop0p2_trmiss80_trlocclin,20,0.5073121016224226,0.6381684343020121,0.5991379310344828,0.7770503612065023,0.6,0.0,0.0,0.0,0.0,2002,clin,0.8
2,5,lr5e-05_bs16_modL1_fusion64_fusionL1_drop0p2_trmiss80_trlocclin,16,5e-05,1,64,1,0.2,lr5e-05_bs16_modL1_fusion64_fusionL1_drop0p2_trmiss80_trlocclin,21,0.524481770892938,0.6343247493108114,0.6099137931034483,0.7691631923627613,0.6666666666666666,0.0,0.0,0.0,0.0,2002,clin,0.8
2,5,lr5e-05_bs16_modL1_fusion64_fusionL1_drop0p2_trmiss80_trlocclin,16,5e-05,1,64,1,0.2,lr5e-05_bs16_modL1_fusion64_fusionL1_drop0p2_trmiss80_trlocclin,22,0.5093148450056711,0.6397120952606201,0.5991379310344828,0.7614019691099942,0.5777777777777777,0.0,0.0,0.0,0.0,2002,clin,0.8
2,5,lr5e-05_bs16_modL1_fusion64_fusionL1_drop0p2_trmiss80_trlocclin,16,5e-05,1,64,1,0.2,lr5e-05_bs16_modL1_fusion64_fusionL1_drop0p2_trmiss80_trlocclin,23,0.4996623794237773,0.640152096748352,0.6056034482758621,0.7750332769279302,0.5555555555555556,0.0,0.0,0.0,0.0,2002,clin,0.8
2,5,lr5e-05_bs16_modL1_fusion64_fusionL1_drop0p2_trmiss80_trlocclin,16,5e-05,1,64,1,0.2,lr5e-05_bs16_modL1_fusion64_fusionL1_drop0p2_trmiss80_trlocclin,24,0.5037303194403648,0.6345580617586771,0.6077586206896552,0.7754176340037418,0.7111111111111111,0.0,0.0,0.0,0.0,2002,clin,0.8
2,5,lr5e-05_bs16_modL1_fusion64_fusionL1_drop0p2_trmiss80_trlocclin,16,5e-05,1,64,1,0.2,lr5e-05_bs16_modL1_fusion64_fusionL1_drop0p2_trmiss80_trlocclin,25,0.47734515617291134,0.6323415835698446,0.6422413793103448,0.7909448048632242,0.7111111111111111,0.0,0.0,0.0,0.0,2002,clin,0.8
2,5,lr5e-05_bs16_modL1_fusion64_fusionL1_drop0p2_trmiss80_trlocclin,16,5e-05,1,64,1,0.2,lr5e-05_bs16_modL1_fusion64_fusionL1_drop0p2_trmiss80_trlocclin,26,0.4766982247432073,0.6295448342959086,0.6831896551724138,0.8222661901709993,0.6888888888888889,0.0,0.0,0.0,0.0,2002,clin,0.8
2,5,lr5e-05_bs16_modL1_fusion64_fusionL1_drop0p2_trmiss80_trlocclin,16,5e-05,1,64,1,0.2,lr5e-05_bs16_modL1_fusion64_fusionL1_drop0p2_trmiss80_trlocclin,27,0.49843235810597736,0.622789740562439,0.6724137931034483,0.8245454441367657,0.6666666666666666,0.0,0.0,0.0,0.0,2002,clin,0.8
2,5,lr5e-05_bs16_modL1_fusion64_fusionL1_drop0p2_trmiss80_trlocclin,16,5e-05,1,64,1,0.2,lr5e-05_bs16_modL1_fusion64_fusionL1_drop0p2_trmiss80_trlocclin,28,0.4588504607478778,0.6239137848218282,0.6831896551724138,0.8260501902684827,0.6444444444444445,0.0,0.0,0.0,0.0,2002,clin,0.8
2,5,lr5e-05_bs16_modL1_fusion64_fusionL1_drop0p2_trmiss80_trlocclin,16,5e-05,1,64,1,0.2,lr5e-05_bs16_modL1_fusion64_fusionL1_drop0p2_trmiss80_trlocclin,29,0.4669334217905998,0.6172663768132528,0.7047413793103448,0.8345627698602327,0.7333333333333333,0.0,0.0,0.0,0.0,2002,clin,0.8
2,5,lr5e-05_bs16_modL1_fusion64_fusionL1_drop0p2_trmiss80_trlocclin,16,5e-05,1,64,1,0.2,lr5e-05_bs16_modL1_fusion64_fusionL1_drop0p2_trmiss80_trlocclin,30,0.4543743282556534,0.6203281482060751,0.6896551724137931,0.8282957529264754,0.6666666666666666,0.0,0.0,0.0,0.0,2002,clin,0.8
2,5,lr5e-05_bs16_modL1_fusion64_fusionL1_drop0p2_trmiss80_trlocclin,16,5e-05,1,64,1,0.2,lr5e-05_bs16_modL1_fusion64_fusionL1_drop0p2_trmiss80_trlocclin,31,0.4754081666469574,0.6266034245491028,0.6637931034482759,0.8108334507759938,0.6444444444444445,0.0,0.0,0.0,0.0,2002,clin,0.8
2,5,lr5e-05_bs16_modL1_fusion64_fusionL1_drop0p2_trmiss80_trlocclin,16,5e-05,1,64,1,0.2,lr5e-05_bs16_modL1_fusion64_fusionL1_drop0p2_trmiss80_trlocclin,32,0.461718129614989,0.6258201201756796,0.6702586206896552,0.821680065919431,0.6666666666666666,0.0,0.0,0.0,0.0,2002,clin,0.8
2,5,lr5e-05_bs16_modL1_fusion64_fusionL1_drop0p2_trmiss80_trlocclin,16,5e-05,1,64,1,0.2,lr5e-05_bs16_modL1_fusion64_fusionL1_drop0p2_trmiss80_trlocclin,33,0.46450403332710266,0.6265284220377604,0.6573275862068966,0.8138728305537581,0.6222222222222222,0.0,0.0,0.0,0.0,2002,clin,0.8
2,5,lr5e-05_bs16_modL1_fusion64_fusionL1_drop0p2_trmiss80_trlocclin,16,5e-05,1,64,1,0.2,lr5e-05_bs16_modL1_fusion64_fusionL1_drop0p2_trmiss80_trlocclin,34,0.46136655161778134,0.6210241913795471,0.6853448275862069,0.8296126258756764,0.6444444444444445,0.0,0.0,0.0,0.0,2002,clin,0.8
2,5,lr5e-05_bs16_modL1_fusion64_fusionL1_drop0p2_trmiss80_trlocclin,16,5e-05,1,64,1,0.2,lr5e-05_bs16_modL1_fusion64_fusionL1_drop0p2_trmiss80_trlocclin,35,0.4435294643044472,0.6230637232462565,0.6745689655172413,0.823631209665495,0.6222222222222222,0.0,0.0,0.0,0.0,2002,clin,0.8
2,5,lr5e-05_bs16_modL1_fusion64_fusionL1_drop0p2_trmiss80_trlocclin,16,5e-05,1,64,1,0.2,lr5e-05_bs16_modL1_fusion64_fusionL1_drop0p2_trmiss80_trlocclin,36,0.44064568479855853,0.6227729320526123,0.7025862068965517,0.8313950930046303,0.6444444444444445,0.0,0.0,0.0,0.0,2002,clin,0.8
2,5,lr5e-05_bs16_modL1_fusion64_fusionL1_drop0p2_trmiss80_trlocclin,16,5e-05,1,64,1,0.2,lr5e-05_bs16_modL1_fusion64_fusionL1_drop0p2_trmiss80_trlocclin,37,0.4460843081275622,0.6199981570243835,0.706896551724138,0.8340124060115928,0.6222222222222222,0.0,0.0,0.0,0.0,2002,clin,0.8
2,5,lr5e-05_bs16_modL1_fusion64_fusionL1_drop0p2_trmiss80_trlocclin,16,5e-05,1,64,1,0.2,lr5e-05_bs16_modL1_fusion64_fusionL1_drop0p2_trmiss80_trlocclin,38,0.4425703063607216,0.6195387244224548,0.6853448275862069,0.8238780750980155,0.6222222222222222,0.0,0.0,0.0,0.0,2002,clin,0.8
2,5,lr5e-05_bs16_modL1_fusion64_fusionL1_drop0p2_trmiss80_trlocclin,16,5e-05,1,64,1,0.2,lr5e-05_bs16_modL1_fusion64_fusionL1_drop0p2_trmiss80_trlocclin,39,0.4322994848092397,0.6210155288378397,0.6788793103448276,0.8258434288706573,0.6444444444444445,0.0,0.0,0.0,0.0,2002,clin,0.8
2,5,lr5e-05_bs16_modL1_fusion64_fusionL1_drop0p2_trmiss80_trlocclin,16,5e-05,1,64,1,0.2,lr5e-05_bs16_modL1_fusion64_fusionL1_drop0p2_trmiss80_trlocclin,40,0.4493342563509941,0.6229792634646097,0.6810344827586207,0.8251221794466397,0.6444444444444445,0.0,0.0,0.0,0.0,2002,clin,0.8
2,5,lr5e-05_bs16_modL1_fusion64_fusionL1_drop0p2_trmiss80_trlocclin,16,5e-05,1,64,1,0.2,lr5e-05_bs16_modL1_fusion64_fusionL1_drop0p2_trmiss80_trlocclin,41,0.4535754745205243,0.6117379466692606,0.7155172413793103,0.840790111948722,0.6666666666666666,0.0,0.0,0.0,0.0,2002,clin,0.8
2,5,lr5e-05_bs16_modL1_fusion64_fusionL1_drop0p2_trmiss80_trlocclin,16,5e-05,1,64,1,0.2,lr5e-05_bs16_modL1_fusion64_fusionL1_drop0p2_trmiss80_trlocclin,42,0.44827209413051605,0.6197952628135681,0.709051724137931,0.8319344964901263,0.6222222222222222,0.0,0.0,0.0,0.0,2002,clin,0.8
2,5,lr5e-05_bs16_modL1_fusion64_fusionL1_drop0p2_trmiss80_trlocclin,16,5e-05,1,64,1,0.2,lr5e-05_bs16_modL1_fusion64_fusionL1_drop0p2_trmiss80_trlocclin,43,0.4243137414256732,0.621285080909729,0.6896551724137931,0.8152357275626034,0.6666666666666666,0.0,0.0,0.0,0.0,2002,clin,0.8
2,5,lr5e-05_bs16_modL1_fusion64_fusionL1_drop0p2_trmiss80_trlocclin,16,5e-05,1,64,1,0.2,lr5e-05_bs16_modL1_fusion64_fusionL1_drop0p2_trmiss80_trlocclin,44,0.4326886013150215,0.6198622186978658,0.6875,0.8223571556535347,0.6666666666666666,0.0,0.0,0.0,0.0,2002,clin,0.8
2,5,lr5e-05_bs16_modL1_fusion64_fusionL1_drop0p2_trmiss80_trlocclin,16,5e-05,1,64,1,0.2,lr5e-05_bs16_modL1_fusion64_fusionL1_drop0p2_trmiss80_trlocclin,45,0.4328678622841835,0.6207442879676819,0.6831896551724138,0.8218944241286095,0.6666666666666666,0.0,0.0,0.0,0.0,2002,clin,0.8
2,5,lr5e-05_bs16_modL1_fusion64_fusionL1_drop0p2_trmiss80_trlocclin,16,5e-05,1,64,1,0.2,lr5e-05_bs16_modL1_fusion64_fusionL1_drop0p2_trmiss80_trlocclin,46,0.43482569853464764,0.6186643441518148,0.6961206896551724,0.8289271903834092,0.6444444444444445,0.0,0.0,0.0,0.0,2002,clin,0.8
2,5,lr5e-05_bs16_modL1_fusion64_fusionL1_drop0p2_trmiss80_trlocclin,16,5e-05,1,64,1,0.2,lr5e-05_bs16_modL1_fusion64_fusionL1_drop0p2_trmiss80_trlocclin,47,0.4260358189543088,0.620871901512146,0.6939655172413793,0.8188930109861519,0.6444444444444445,0.0,0.0,0.0,0.0,2002,clin,0.8
2,5,lr5e-05_bs16_modL1_fusion64_fusionL1_drop0p2_trmiss80_trlocclin,16,5e-05,1,64,1,0.2,lr5e-05_bs16_modL1_fusion64_fusionL1_drop0p2_trmiss80_trlocclin,48,0.4087850973010063,0.6185733477274576,0.6939655172413792,0.825153769959345,0.6444444444444445,0.0,0.0,0.0,0.0,2002,clin,0.8
2,5,lr5e-05_bs16_modL1_fusion64_fusionL1_drop0p2_trmiss80_trlocclin,16,5e-05,1,64,1,0.2,lr5e-05_bs16_modL1_fusion64_fusionL1_drop0p2_trmiss80_trlocclin,49,0.4185765782992045,0.6126877665519714,0.7025862068965517,0.8306420822664999,0.6444444444444445,0.0,0.0,0.0,0.0,2002,clin,0.8
2,5,lr5e-05_bs16_modL1_fusion64_fusionL1_drop0p2_trmiss80_trlocclin,16,5e-05,1,64,1,0.2,lr5e-05_bs16_modL1_fusion64_fusionL1_drop0p2_trmiss80_trlocclin,50,0.4249718114733696,0.6199933290481567,0.6896551724137931,0.8281925949158326,0.6444444444444445,0.0,0.0,0.0,0.0,2002,clin,0.8
2,5,lr5e-05_bs16_modL1_fusion64_fusionL1_drop0p2_trmiss80_trlocclin,16,5e-05,1,64,1,0.2,lr5e-05_bs16_modL1_fusion64_fusionL1_drop0p2_trmiss80_trlocclin,51,0.42305144915978116,0.6230641404787699,0.6831896551724138,0.8203450100940397,0.6444444444444445,0.0,0.0,0.0,0.0,2002,clin,0.8
2,5,lr5e-05_bs16_modL1_fusion64_fusionL1_drop0p2_trmiss80_trlocclin,16,5e-05,1,64,1,0.2,lr5e-05_bs16_modL1_fusion64_fusionL1_drop0p2_trmiss80_trlocclin,52,0.4265509396791458,0.6156647006670634,0.7112068965517242,0.8381335953520339,0.6444444444444445,0.0,0.0,0.0,0.0,2002,clin,0.8
2,5,lr5e-05_bs16_modL1_fusion64_fusionL1_drop0p2_trmiss80_trlocclin,16,5e-05,1,64,1,0.2,lr5e-05_bs16_modL1_fusion64_fusionL1_drop0p2_trmiss80_trlocclin,53,0.42079901446898776,0.6131807565689087,0.7112068965517241,0.8302182335650894,0.7111111111111111,0.0,0.0,0.0,0.0,2002,clin,0.8
2,5,lr5e-05_bs16_modL1_fusion64_fusionL1_drop0p2_trmiss80_trlocclin,16,5e-05,1,64,1,0.2,lr5e-05_bs16_modL1_fusion64_fusionL1_drop0p2_trmiss80_trlocclin,54,0.4186578368147214,0.6120641827583313,0.7155172413793104,0.8331153121229058,0.6666666666666666,0.0,0.0,0.0,0.0,2002,clin,0.8
2,5,lr5e-05_bs16_modL1_fusion64_fusionL1_drop0p2_trmiss80_trlocclin,16,5e-05,1,64,1,0.2,lr5e-05_bs16_modL1_fusion64_fusionL1_drop0p2_trmiss80_trlocclin,55,0.42906947433948517,0.6133397022883097,0.7112068965517242,0.8285904495614901,0.6666666666666666,0.0,0.0,0.0,0.0,2002,clin,0.8
2,5,lr5e-05_bs16_modL1_fusion64_fusionL1_drop0p2_trmiss80_trlocclin,16,5e-05,1,64,1,0.2,lr5e-05_bs16_modL1_fusion64_fusionL1_drop0p2_trmiss80_trlocclin,56,0.4180072769522667,0.6160817941029867,0.6767241379310345,0.8165149389772324,0.6666666666666666,0.0,0.0,0.0,0.0,2002,clin,0.8
2,5,lr5e-05_bs16_modL1_fusion64_fusionL1_drop0p2_trmiss80_trlocclin,16,5e-05,1,64,1,0.2,lr5e-05_bs16_modL1_fusion64_fusionL1_drop0p2_trmiss80_trlocclin,57,0.462199645737807,0.6155471801757812,0.6810344827586207,0.8163792881025257,0.6888888888888889,0.0,0.0,0.0,0.0,2002,clin,0.8
2,5,lr5e-05_bs16_modL1_fusion64_fusionL1_drop0p2_trmiss80_trlocclin,16,5e-05,1,64,1,0.2,lr5e-05_bs16_modL1_fusion64_fusionL1_drop0p2_trmiss80_trlocclin,58,0.43908411761124927,0.6183641950289408,0.6961206896551724,0.822719630396848,0.6222222222222222,0.0,0.0,0.0,0.0,2002,clin,0.8
2,5,lr5e-05_bs16_modL1_fusion64_fusionL1_drop0p2_trmiss80_trlocclin,16,5e-05,1,64,1,0.2,lr5e-05_bs16_modL1_fusion64_fusionL1_drop0p2_trmiss80_trlocclin,59,0.42880426595608395,0.6174133022626241,0.7047413793103448,0.8247960560386906,0.6444444444444445,0.0,0.0,0.0,0.0,2002,clin,0.8
2,5,lr5e-05_bs16_modL1_fusion64_fusionL1_drop0p2_trmiss80_trlocclin,16,5e-05,1,64,1,0.2,lr5e-05_bs16_modL1_fusion64_fusionL1_drop0p2_trmiss80_trlocclin,60,0.41077589243650436,0.6178153951962789,0.6961206896551724,0.8212164103172079,0.6666666666666666,0.0,0.0,0.0,0.0,2002,clin,0.8
2,5,lr5e-05_bs16_modL1_fusion64_fusionL1_drop0p2_trmiss80_trlocclin,16,5e-05,1,64,1,0.2,lr5e-05_bs16_modL1_fusion64_fusionL1_drop0p2_trmiss80_trlocclin,61,0.4367140208681424,0.6118515531222025,0.6939655172413793,0.8296789864884311,0.6888888888888889,0.0,0.0,0.0,0.0,2002,clin,0.8
2,5,lr5e-05_bs16_modL1_fusion64_fusionL1_drop0p2_trmiss80_trlocclin,16,5e-05,1,64,1,0.2,lr5e-05_bs16_modL1_fusion64_fusionL1_drop0p2_trmiss80_trlocclin,62,0.3967200567324956,0.6165355443954468,0.6918103448275862,0.8268302997776844,0.7111111111111111,0.0,0.0,0.0,0.0,2002,clin,0.8
2,5,lr5e-05_bs16_modL1_fusion64_fusionL1_drop0p2_trmiss80_trlocclin,16,5e-05,1,64,1,0.2,lr5e-05_bs16_modL1_fusion64_fusionL1_drop0p2_trmiss80_trlocclin,63,0.4278947909673055,0.6129353245099386,0.7068965517241379,0.8363125792757198,0.7333333333333333,0.0,0.0,0.0,0.0,2002,clin,0.8
2,5,lr5e-05_bs16_modL1_fusion64_fusionL1_drop0p2_trmiss80_trlocclin,16,5e-05,1,64,1,0.2,lr5e-05_bs16_modL1_fusion64_fusionL1_drop0p2_trmiss80_trlocclin,64,0.41257481028636295,0.6151079336802164,0.6939655172413793,0.8265073380501426,0.6888888888888889,0.0,0.0,0.0,0.0,2002,clin,0.8
2,5,lr5e-05_bs16_modL1_fusion64_fusionL1_drop0p2_trmiss80_trlocclin,16,5e-05,1,64,1,0.2,lr5e-05_bs16_modL1_fusion64_fusionL1_drop0p2_trmiss80_trlocclin,65,0.43540902187426883,0.6180480519930521,0.6918103448275862,0.8322250377017095,0.6222222222222222,0.0,0.0,0.0,0.0,2002,clin,0.8
2,5,lr5e-05_bs16_modL1_fusion64_fusionL1_drop0p2_trmiss80_trlocclin,16,5e-05,1,64,1,0.2,lr5e-05_bs16_modL1_fusion64_fusionL1_drop0p2_trmiss80_trlocclin,66,0.426773098607858,0.6138280232747396,0.7047413793103449,0.8320452782687222,0.6888888888888889,0.0,0.0,0.0,0.0,2002,clin,0.8
2,5,lr5e-05_bs16_modL1_fusion64_fusionL1_drop0p2_trmiss80_trlocclin,16,5e-05,1,64,1,0.2,lr5e-05_bs16_modL1_fusion64_fusionL1_drop0p2_trmiss80_trlocclin,67,0.39077992488940555,0.6163224776585897,0.6939655172413793,0.8264764825938842,0.6444444444444445,0.0,0.0,0.0,0.0,2002,clin,0.8
2,5,lr5e-05_bs16_modL1_fusion64_fusionL1_drop0p2_trmiss80_trlocclin,16,5e-05,1,64,1,0.2,lr5e-05_bs16_modL1_fusion64_fusionL1_drop0p2_trmiss80_trlocclin,68,0.4057757506767909,0.6104822357495626,0.7025862068965517,0.824738937542408,0.7111111111111111,0.0,0.0,0.0,0.0,2002,clin,0.8
2,5,lr5e-05_bs16_modL1_fusion64_fusionL1_drop0p2_trmiss80_trlocclin,16,5e-05,1,64,1,0.2,lr5e-05_bs16_modL1_fusion64_fusionL1_drop0p2_trmiss80_trlocclin,69,0.43785426517327625,0.6169997652371725,0.7004310344827587,0.8258268423747106,0.6444444444444445,0.0,0.0,0.0,0.0,2002,clin,0.8
2,5,lr5e-05_bs16_modL1_fusion64_fusionL1_drop0p2_trmiss80_trlocclin,16,5e-05,1,64,1,0.2,lr5e-05_bs16_modL1_fusion64_fusionL1_drop0p2_trmiss80_trlocclin,70,0.41353925814231235,0.6186412970225016,0.6939655172413792,0.8217826853345915,0.6444444444444445,0.0,0.0,0.0,0.0,2002,clin,0.8
2,5,lr5e-05_bs16_modL1_fusion64_fusionL1_drop0p2_trmiss80_trlocclin,16,5e-05,1,64,1,0.2,lr5e-05_bs16_modL1_fusion64_fusionL1_drop0p2_trmiss80_trlocclin,71,0.4376269181569417,0.6154322822888693,0.7025862068965517,0.8258730154674463,0.6222222222222222,0.0,0.0,0.0,0.0,2002,clin,0.8
2,5,lr5e-05_bs16_modL1_fusion64_fusionL1_drop0p2_trmiss80_trlocclin,16,5e-05,1,64,1,0.2,lr5e-05_bs16_modL1_fusion64_fusionL1_drop0p2_trmiss80_trlocclin,72,0.41970284034808475,0.6161328554153442,0.6831896551724138,0.8179216381802572,0.7111111111111111,0.0,0.0,0.0,0.0,2002,clin,0.8
2,5,lr5e-05_bs16_modL1_fusion64_fusionL1_drop0p2_trmiss80_trlocclin,16,5e-05,1,64,1,0.2,lr5e-05_bs16_modL1_fusion64_fusionL1_drop0p2_trmiss80_trlocclin,73,0.4142836605509122,0.6102170348167419,0.7176724137931035,0.8422881671951195,0.7333333333333333,0.0,0.0,0.0,0.0,2002,clin,0.8
2,5,lr5e-05_bs16_modL1_fusion64_fusionL1_drop0p2_trmiss80_trlocclin,16,5e-05,1,64,1,0.2,lr5e-05_bs16_modL1_fusion64_fusionL1_drop0p2_trmiss80_trlocclin,74,0.47363487134377164,0.6095308264096578,0.6918103448275862,0.8211839573728599,0.7111111111111111,0.0,0.0,0.0,0.0,2002,clin,0.8
2,5,lr5e-05_bs16_modL1_fusion64_fusionL1_drop0p2_trmiss80_trlocclin,16,5e-05,1,64,1,0.2,lr5e-05_bs16_modL1_fusion64_fusionL1_drop0p2_trmiss80_trlocclin,75,0.417618103325367,0.6148045659065247,0.6939655172413792,0.8210020081815499,0.7111111111111111,0.0,0.0,0.0,0.0,2002,clin,0.8
2,5,lr5e-05_bs16_modL1_fusion64_fusionL1_drop0p2_trmiss80_trlocclin,16,5e-05,1,64,1,0.2,lr5e-05_bs16_modL1_fusion64_fusionL1_drop0p2_trmiss80_trlocclin,76,0.46304785211881,0.6113511323928833,0.6831896551724138,0.8149931774120406,0.6666666666666666,0.0,0.0,0.0,0.0,2002,clin,0.8
2,5,lr5e-05_bs16_modL1_fusion64_fusionL1_drop0p2_trmiss80_trlocclin,16,5e-05,1,64,1,0.2,lr5e-05_bs16_modL1_fusion64_fusionL1_drop0p2_trmiss80_trlocclin,77,0.4232279285788536,0.6156527400016785,0.7004310344827587,0.8216474374478661,0.6888888888888889,0.0,0.0,0.0,0.0,2002,clin,0.8
2,5,lr5e-05_bs16_modL1_fusion64_fusionL1_drop0p2_trmiss80_trlocclin,16,5e-05,1,64,1,0.2,lr5e-05_bs16_modL1_fusion64_fusionL1_drop0p2_trmiss80_trlocclin,78,0.4310525854428609,0.6176003019014994,0.6918103448275861,0.8190900328496997,0.6444444444444445,0.0,0.0,0.0,0.0,2002,clin,0.8
2,5,lr5e-05_bs16_modL1_fusion64_fusionL1_drop0p2_trmiss80_trlocclin,16,5e-05,1,64,1,0.2,lr5e-05_bs16_modL1_fusion64_fusionL1_drop0p2_trmiss80_trlocclin,79,0.40701135993003845,0.6152873833974203,0.7025862068965517,0.8252236953947272,0.6888888888888889,0.0,0.0,0.0,0.0,2002,clin,0.8
2,5,lr5e-05_bs16_modL1_fusion64_fusionL1_drop0p2_trmiss80_trlocclin,16,5e-05,1,64,1,0.2,lr5e-05_bs16_modL1_fusion64_fusionL1_drop0p2_trmiss80_trlocclin,80,0.4155648425221443,0.6104901234308878,0.6918103448275863,0.8202914168658254,0.7555555555555555,0.0,0.0,0.0,0.0,2002,clin,0.8
2,5,lr5e-05_bs16_modL1_fusion64_fusionL1_drop0p1_trmiss80_trlocclin,16,5e-05,1,64,1,0.1,lr5e-05_bs16_modL1_fusion64_fusionL1_drop0p1_trmiss80_trlocclin,1,0.7161701718966166,0.6927801569302877,0.603448275862069,0.726333907817296,0.4888888888888889,0.0,0.0,0.0,0.0,2002,clin,0.8
2,5,lr5e-05_bs16_modL1_fusion64_fusionL1_drop0p1_trmiss80_trlocclin,16,5e-05,1,64,1,0.1,lr5e-05_bs16_modL1_fusion64_fusionL1_drop0p1_trmiss80_trlocclin,2,0.6712185392777125,0.6819882988929749,0.6012931034482758,0.7218177537307109,0.5777777777777777,0.0,0.0,0.0,0.0,2002,clin,0.8
2,5,lr5e-05_bs16_modL1_fusion64_fusionL1_drop0p1_trmiss80_trlocclin,16,5e-05,1,64,1,0.1,lr5e-05_bs16_modL1_fusion64_fusionL1_drop0p1_trmiss80_trlocclin,3,0.6548678427934647,0.6854944626490275,0.6077586206896552,0.7485419018981329,0.5555555555555556,0.0,0.0,0.0,0.0,2002,clin,0.8
2,5,lr5e-05_bs16_modL1_fusion64_fusionL1_drop0p1_trmiss80_trlocclin,16,5e-05,1,64,1,0.1,lr5e-05_bs16_modL1_fusion64_fusionL1_drop0p1_trmiss80_trlocclin,4,0.6366897076368332,0.6880397995313009,0.5948275862068965,0.735134265407242,0.5555555555555556,0.0,0.0,0.0,0.0,2002,clin,0.8
2,5,lr5e-05_bs16_modL1_fusion64_fusionL1_drop0p1_trmiss80_trlocclin,16,5e-05,1,64,1,0.1,lr5e-05_bs16_modL1_fusion64_fusionL1_drop0p1_trmiss80_trlocclin,5,0.6293590764204661,0.6786059935887655,0.625,0.7496507077874844,0.6222222222222222,0.0,0.0,0.0,0.0,2002,clin,0.8
2,5,lr5e-05_bs16_modL1_fusion64_fusionL1_drop0p1_trmiss80_trlocclin,16,5e-05,1,64,1,0.1,lr5e-05_bs16_modL1_fusion64_fusionL1_drop0p1_trmiss80_trlocclin,6,0.6305819898843765,0.6815810799598694,0.6379310344827587,0.7510917464787357,0.6,0.0,0.0,0.0,0.0,2002,clin,0.8
2,5,lr5e-05_bs16_modL1_fusion64_fusionL1_drop0p1_trmiss80_trlocclin,16,5e-05,1,64,1,0.1,lr5e-05_bs16_modL1_fusion64_fusionL1_drop0p1_trmiss80_trlocclin,7,0.6076765904823939,0.6807259917259216,0.625,0.7265504920335633,0.5777777777777777,0.0,0.0,0.0,0.0,2002,clin,0.8
2,5,lr5e-05_bs16_modL1_fusion64_fusionL1_drop0p1_trmiss80_trlocclin,16,5e-05,1,64,1,0.1,lr5e-05_bs16_modL1_fusion64_fusionL1_drop0p1_trmiss80_trlocclin,8,0.5911890814701716,0.6774412790934244,0.6422413793103448,0.7409191827630642,0.6,0.0,0.0,0.0,0.0,2002,clin,0.8
2,5,lr5e-05_bs16_modL1_fusion64_fusionL1_drop0p1_trmiss80_trlocclin,16,5e-05,1,64,1,0.1,lr5e-05_bs16_modL1_fusion64_fusionL1_drop0p1_trmiss80_trlocclin,9,0.595538799961408,0.6793733835220337,0.6293103448275862,0.7396086611782564,0.6,0.0,0.0,0.0,0.0,2002,clin,0.8
2,5,lr5e-05_bs16_modL1_fusion64_fusionL1_drop0p1_trmiss80_trlocclin,16,5e-05,1,64,1,0.1,lr5e-05_bs16_modL1_fusion64_fusionL1_drop0p1_trmiss80_trlocclin,10,0.5893657704194387,0.6801264882087708,0.5926724137931034,0.7093796596468641,0.6444444444444445,0.0,0.0,0.0,0.0,2002,clin,0.8
2,5,lr5e-05_bs16_modL1_fusion64_fusionL1_drop0p1_trmiss80_trlocclin,16,5e-05,1,64,1,0.1,lr5e-05_bs16_modL1_fusion64_fusionL1_drop0p1_trmiss80_trlocclin,11,0.5681015948454539,0.6882873972256979,0.6142241379310345,0.7260177946006929,0.5777777777777777,0.0,0.0,0.0,0.0,2002,clin,0.8
2,5,lr5e-05_bs16_modL1_fusion64_fusionL1_drop0p1_trmiss80_trlocclin,16,5e-05,1,64,1,0.1,lr5e-05_bs16_modL1_fusion64_fusionL1_drop0p1_trmiss80_trlocclin,12,0.5408143649498621,0.6802088220914205,0.6357758620689655,0.7265533785381165,0.6,0.0,0.0,0.0,0.0,2002,clin,0.8
2,5,lr5e-05_bs16_modL1_fusion64_fusionL1_drop0p1_trmiss80_trlocclin,16,5e-05,1,64,1,0.1,lr5e-05_bs16_modL1_fusion64_fusionL1_drop0p1_trmiss80_trlocclin,13,0.5490314811468124,0.670037587483724,0.625,0.7252316634065997,0.6222222222222222,0.0,0.0,0.0,0.0,2002,clin,0.8
2,5,lr5e-05_bs16_modL1_fusion64_fusionL1_drop0p1_trmiss80_trlocclin,16,5e-05,1,64,1,0.1,lr5e-05_bs16_modL1_fusion64_fusionL1_drop0p1_trmiss80_trlocclin,14,0.5429807404677073,0.6767529050509135,0.6293103448275862,0.7173555679544394,0.6,0.0,0.0,0.0,0.0,2002,clin,0.8
2,5,lr5e-05_bs16_modL1_fusion64_fusionL1_drop0p1_trmiss80_trlocclin,16,5e-05,1,64,1,0.1,lr5e-05_bs16_modL1_fusion64_fusionL1_drop0p1_trmiss80_trlocclin,15,0.5295990308125814,0.6755827069282532,0.6142241379310345,0.7240077978723893,0.5777777777777777,0.0,0.0,0.0,0.0,2002,clin,0.8
2,5,lr5e-05_bs16_modL1_fusion64_fusionL1_drop0p1_trmiss80_trlocclin,16,5e-05,1,64,1,0.1,lr5e-05_bs16_modL1_fusion64_fusionL1_drop0p1_trmiss80_trlocclin,16,0.5220068270961443,0.6848905086517334,0.584051724137931,0.7203941342655222,0.6,0.0,0.0,0.0,0.0,2002,clin,0.8
2,5,lr5e-05_bs16_modL1_fusion64_fusionL1_drop0p1_trmiss80_trlocclin,16,5e-05,1,64,1,0.1,lr5e-05_bs16_modL1_fusion64_fusionL1_drop0p1_trmiss80_trlocclin,17,0.5028187508384386,0.6824348171552023,0.6163793103448276,0.7412546301768755,0.5777777777777777,0.0,0.0,0.0,0.0,2002,clin,0.8
2,5,lr5e-05_bs16_modL1_fusion64_fusionL1_drop0p1_trmiss80_trlocclin,16,5e-05,1,64,1,0.1,lr5e-05_bs16_modL1_fusion64_fusionL1_drop0p1_trmiss80_trlocclin,18,0.48784080892801285,0.6892275214195251,0.625,0.7283296930226508,0.6,0.0,0.0,0.0,0.0,2002,clin,0.8
2,5,lr5e-05_bs16_modL1_fusion64_fusionL1_drop0p1_trmiss80_trlocclin,16,5e-05,1,64,1,0.1,lr5e-05_bs16_modL1_fusion64_fusionL1_drop0p1_trmiss80_trlocclin,19,0.5042596533894539,0.6792184511820475,0.6336206896551725,0.7536294657646126,0.5777777777777777,0.0,0.0,0.0,0.0,2002,clin,0.8
2,5,lr5e-05_bs16_modL1_fusion64_fusionL1_drop0p1_trmiss80_trlocclin,16,5e-05,1,64,1,0.1,lr5e-05_bs16_modL1_fusion64_fusionL1_drop0p1_trmiss80_trlocclin,20,0.4971636136372884,0.6697215040524801,0.627155172413793,0.7200057717984378,0.6666666666666666,0.0,0.0,0.0,0.0,2002,clin,0.8
2,5,lr5e-05_bs16_modL1_fusion64_fusionL1_drop0p1_trmiss80_trlocclin,16,5e-05,1,64,1,0.1,lr5e-05_bs16_modL1_fusion64_fusionL1_drop0p1_trmiss80_trlocclin,21,0.4964928701519966,0.6809170444806417,0.6314655172413792,0.7131523433818135,0.5555555555555556,0.0,0.0,0.0,0.0,2002,clin,0.8
2,5,lr5e-05_bs16_modL1_fusion64_fusionL1_drop0p1_trmiss80_trlocclin,16,5e-05,1,64,1,0.1,lr5e-05_bs16_modL1_fusion64_fusionL1_drop0p1_trmiss80_trlocclin,22,0.45957095672686893,0.6742585102717081,0.6336206896551725,0.7136853831389912,0.6222222222222222,0.0,0.0,0.0,0.0,2002,clin,0.8
2,5,lr5e-05_bs16_modL1_fusion64_fusionL1_drop0p1_trmiss80_trlocclin,16,5e-05,1,64,1,0.1,lr5e-05_bs16_modL1_fusion64_fusionL1_drop0p1_trmiss80_trlocclin,23,0.4862455626328786,0.6840835412343343,0.627155172413793,0.7081046877433053,0.6222222222222222,0.0,0.0,0.0,0.0,2002,clin,0.8
2,5,lr5e-05_bs16_modL1_fusion64_fusionL1_drop0p1_trmiss80_trlocclin,16,5e-05,1,64,1,0.1,lr5e-05_bs16_modL1_fusion64_fusionL1_drop0p1_trmiss80_trlocclin,24,0.45741284886995953,0.6750644445419312,0.6206896551724137,0.7085513269448098,0.6444444444444445,0.0,0.0,0.0,0.0,2002,clin,0.8
2,5,lr5e-05_bs16_modL1_fusion64_fusionL1_drop0p1_trmiss80_trlocclin,16,5e-05,1,64,1,0.1,lr5e-05_bs16_modL1_fusion64_fusionL1_drop0p1_trmiss80_trlocclin,25,0.4435094743967056,0.6731046438217163,0.6379310344827586,0.723795821333528,0.6222222222222222,0.0,0.0,0.0,0.0,2002,clin,0.8
2,5,lr5e-05_bs16_modL1_fusion64_fusionL1_drop0p1_trmiss80_trlocclin,16,5e-05,1,64,1,0.1,lr5e-05_bs16_modL1_fusion64_fusionL1_drop0p1_trmiss80_trlocclin,26,0.49713314821322757,0.6713163057963053,0.6206896551724138,0.7032796673989059,0.6222222222222222,0.0,0.0,0.0,0.0,2002,clin,0.8
2,5,lr5e-05_bs16_modL1_fusion64_fusionL1_drop0p1_trmiss80_trlocclin,16,5e-05,1,64,1,0.1,lr5e-05_bs16_modL1_fusion64_fusionL1_drop0p1_trmiss80_trlocclin,27,0.45443625499804813,0.6751086115837097,0.6185344827586208,0.7030844520384705,0.6444444444444445,0.0,0.0,0.0,0.0,2002,clin,0.8
2,5,lr5e-05_bs16_modL1_fusion64_fusionL1_drop0p1_trmiss80_trlocclin,16,5e-05,1,64,1,0.1,lr5e-05_bs16_modL1_fusion64_fusionL1_drop0p1_trmiss80_trlocclin,28,0.44638176759084064,0.6666184862454733,0.6379310344827587,0.7136405537254188,0.6666666666666666,0.0,0.0,0.0,0.0,2002,clin,0.8
2,5,lr1e-04_bs16_modL1_fusion32_fusionL1_drop0p2_trmiss80_trlocclin,16,0.0001,1,32,1,0.2,lr1e-04_bs16_modL1_fusion32_fusionL1_drop0p2_trmiss80_trlocclin,1,0.7636479039986929,0.7533758083979288,0.5732758620689655,0.7241393278055224,0.3333333333333333,0.0,0.0,0.0,0.0,2002,clin,0.8
2,5,lr1e-04_bs16_modL1_fusion32_fusionL1_drop0p2_trmiss80_trlocclin,16,0.0001,1,32,1,0.2,lr1e-04_bs16_modL1_fusion32_fusionL1_drop0p2_trmiss80_trlocclin,2,0.7338617344697317,0.7667487661043803,0.5969827586206897,0.7379569583240357,0.35555555555555557,0.0,0.0,0.0,0.0,2002,clin,0.8
2,5,lr1e-04_bs16_modL1_fusion32_fusionL1_drop0p2_trmiss80_trlocclin,16,0.0001,1,32,1,0.2,lr1e-04_bs16_modL1_fusion32_fusionL1_drop0p2_trmiss80_trlocclin,3,0.724343533317248,0.758218010266622,0.6422413793103449,0.7565412712377857,0.4,0.0,0.0,0.0,0.0,2002,clin,0.8
2,5,lr1e-04_bs16_modL1_fusion32_fusionL1_drop0p2_trmiss80_trlocclin,16,0.0001,1,32,1,0.2,lr1e-04_bs16_modL1_fusion32_fusionL1_drop0p2_trmiss80_trlocclin,4,0.6995904942353567,0.7360973954200745,0.665948275862069,0.7681539484585014,0.4888888888888889,0.0,0.0,0.0,0.0,2002,clin,0.8
2,5,lr1e-04_bs16_modL1_fusion32_fusionL1_drop0p2_trmiss80_trlocclin,16,0.0001,1,32,1,0.2,lr1e-04_bs16_modL1_fusion32_fusionL1_drop0p2_trmiss80_trlocclin,5,0.6772072364886602,0.7280007600784302,0.6939655172413792,0.7872754362183854,0.4666666666666667,0.0,0.0,0.0,0.0,2002,clin,0.8
2,5,lr1e-04_bs16_modL1_fusion32_fusionL1_drop0p2_trmiss80_trlocclin,16,0.0001,1,32,1,0.2,lr1e-04_bs16_modL1_fusion32_fusionL1_drop0p2_trmiss80_trlocclin,6,0.6561919351418813,0.7343055407206217,0.6767241379310344,0.7809506238337482,0.4888888888888889,0.0,0.0,0.0,0.0,2002,clin,0.8
2,5,lr1e-04_bs16_modL1_fusion32_fusionL1_drop0p2_trmiss80_trlocclin,16,0.0001,1,32,1,0.2,lr1e-04_bs16_modL1_fusion32_fusionL1_drop0p2_trmiss80_trlocclin,7,0.651948019862175,0.7237225572268168,0.6745689655172413,0.7756924136602732,0.4888888888888889,0.0,0.0,0.0,0.0,2002,clin,0.8
2,5,lr1e-04_bs16_modL1_fusion32_fusionL1_drop0p2_trmiss80_trlocclin,16,0.0001,1,32,1,0.2,lr1e-04_bs16_modL1_fusion32_fusionL1_drop0p2_trmiss80_trlocclin,8,0.6325699239969254,0.7209605574607849,0.665948275862069,0.7578068077070621,0.4666666666666667,0.0,0.0,0.0,0.0,2002,clin,0.8
2,5,lr1e-04_bs16_modL1_fusion32_fusionL1_drop0p2_trmiss80_trlocclin,16,0.0001,1,32,1,0.2,lr1e-04_bs16_modL1_fusion32_fusionL1_drop0p2_trmiss80_trlocclin,9,0.6342058579126993,0.7296502788861593,0.6810344827586207,0.7659628001783254,0.4444444444444444,0.0,0.0,0.0,0.0,2002,clin,0.8
2,5,lr1e-04_bs16_modL1_fusion32_fusionL1_drop0p2_trmiss80_trlocclin,16,0.0001,1,32,1,0.2,lr1e-04_bs16_modL1_fusion32_fusionL1_drop0p2_trmiss80_trlocclin,10,0.6249131113290787,0.7170539697011312,0.6982758620689655,0.7748560762549452,0.4444444444444444,0.0,0.0,0.0,0.0,2002,clin,0.8
2,5,lr1e-04_bs16_modL1_fusion32_fusionL1_drop0p2_trmiss80_trlocclin,16,0.0001,1,32,1,0.2,lr1e-04_bs16_modL1_fusion32_fusionL1_drop0p2_trmiss80_trlocclin,11,0.5824654151995977,0.7087005972862244,0.7198275862068966,0.786210312925639,0.4666666666666667,0.0,0.0,0.0,0.0,2002,clin,0.8
2,5,lr1e-04_bs16_modL1_fusion32_fusionL1_drop0p2_trmiss80_trlocclin,16,0.0001,1,32,1,0.2,lr1e-04_bs16_modL1_fusion32_fusionL1_drop0p2_trmiss80_trlocclin,12,0.6223567624886831,0.7029841343561808,0.7112068965517242,0.7811857743756865,0.4888888888888889,0.0,0.0,0.0,0.0,2002,clin,0.8
2,5,lr1e-04_bs16_modL1_fusion32_fusionL1_drop0p2_trmiss80_trlocclin,16,0.0001,1,32,1,0.2,lr1e-04_bs16_modL1_fusion32_fusionL1_drop0p2_trmiss80_trlocclin,13,0.5915403192241987,0.7028637329737345,0.7004310344827586,0.7742936034813577,0.4888888888888889,0.0,0.0,0.0,0.0,2002,clin,0.8
2,5,lr1e-04_bs16_modL1_fusion32_fusionL1_drop0p2_trmiss80_trlocclin,16,0.0001,1,32,1,0.2,lr1e-04_bs16_modL1_fusion32_fusionL1_drop0p2_trmiss80_trlocclin,14,0.5907910664876302,0.6947742501894633,0.7155172413793103,0.7806829193680267,0.5333333333333333,0.0,0.0,0.0,0.0,2002,clin,0.8
2,5,lr1e-04_bs16_modL1_fusion32_fusionL1_drop0p2_trmiss80_trlocclin,16,0.0001,1,32,1,0.2,lr1e-04_bs16_modL1_fusion32_fusionL1_drop0p2_trmiss80_trlocclin,15,0.5767304127415022,0.6883787115414938,0.7413793103448276,0.8080861261072299,0.5333333333333333,0.0,0.0,0.0,0.0,2002,clin,0.8
2,5,lr1e-04_bs16_modL1_fusion32_fusionL1_drop0p2_trmiss80_trlocclin,16,0.0001,1,32,1,0.2,lr1e-04_bs16_modL1_fusion32_fusionL1_drop0p2_trmiss80_trlocclin,16,0.5443379605809847,0.6796505649884542,0.7392241379310345,0.8067251777746312,0.5555555555555556,0.0,0.0,0.0,0.0,2002,clin,0.8
2,5,lr1e-04_bs16_modL1_fusion32_fusionL1_drop0p2_trmiss80_trlocclin,16,0.0001,1,32,1,0.2,lr1e-04_bs16_modL1_fusion32_fusionL1_drop0p2_trmiss80_trlocclin,17,0.5344017446041107,0.6802536050478617,0.752155172413793,0.8114373135502051,0.5555555555555556,0.0,0.0,0.0,0.0,2002,clin,0.8
2,5,lr1e-04_bs16_modL1_fusion32_fusionL1_drop0p2_trmiss80_trlocclin,16,0.0001,1,32,1,0.2,lr1e-04_bs16_modL1_fusion32_fusionL1_drop0p2_trmiss80_trlocclin,18,0.5281456907590231,0.6795933047930399,0.7413793103448276,0.8031075434084134,0.5555555555555556,0.0,0.0,0.0,0.0,2002,clin,0.8
2,5,lr1e-04_bs16_modL1_fusion32_fusionL1_drop0p2_trmiss80_trlocclin,16,0.0001,1,32,1,0.2,lr1e-04_bs16_modL1_fusion32_fusionL1_drop0p2_trmiss80_trlocclin,19,0.5335841104388237,0.6794050137201945,0.7349137931034482,0.8028537994886014,0.5333333333333333,0.0,0.0,0.0,0.0,2002,clin,0.8
2,5,lr1e-04_bs16_modL1_fusion32_fusionL1_drop0p2_trmiss80_trlocclin,16,0.0001,1,32,1,0.2,lr1e-04_bs16_modL1_fusion32_fusionL1_drop0p2_trmiss80_trlocclin,20,0.5052384187777837,0.6660314400990804,0.7349137931034483,0.7993397611469013,0.5111111111111111,0.0,0.0,0.0,0.0,2002,clin,0.8
2,5,lr1e-04_bs16_modL1_fusion32_fusionL1_drop0p2_trmiss80_trlocclin,16,0.0001,1,32,1,0.2,lr1e-04_bs16_modL1_fusion32_fusionL1_drop0p2_trmiss80_trlocclin,21,0.5094564805428187,0.674318273862203,0.7219827586206896,0.7918446892082527,0.5111111111111111,0.0,0.0,0.0,0.0,2002,clin,0.8
2,5,lr1e-04_bs16_modL1_fusion32_fusionL1_drop0p2_trmiss80_trlocclin,16,0.0001,1,32,1,0.2,lr1e-04_bs16_modL1_fusion32_fusionL1_drop0p2_trmiss80_trlocclin,22,0.4755152439077695,0.6598474383354187,0.7327586206896551,0.7856743762941347,0.5777777777777777,0.0,0.0,0.0,0.0,2002,clin,0.8
2,5,lr1e-04_bs16_modL1_fusion32_fusionL1_drop0p2_trmiss80_trlocclin,16,0.0001,1,32,1,0.2,lr1e-04_bs16_modL1_fusion32_fusionL1_drop0p2_trmiss80_trlocclin,23,0.48959944397211075,0.6631892522176107,0.7219827586206896,0.7957896047890132,0.5777777777777777,0.0,0.0,0.0,0.0,2002,clin,0.8
2,5,lr1e-04_bs16_modL1_fusion32_fusionL1_drop0p2_trmiss80_trlocclin,16,0.0001,1,32,1,0.2,lr1e-04_bs16_modL1_fusion32_fusionL1_drop0p2_trmiss80_trlocclin,24,0.4631150811910629,0.6664726535479227,0.7155172413793103,0.7978788622860682,0.5777777777777777,0.0,0.0,0.0,0.0,2002,clin,0.8
2,5,lr1e-04_bs16_modL1_fusion32_fusionL1_drop0p2_trmiss80_trlocclin,16,0.0001,1,32,1,0.2,lr1e-04_bs16_modL1_fusion32_fusionL1_drop0p2_trmiss80_trlocclin,25,0.4755150228738785,0.6645263234774271,0.7176724137931034,0.7816940217560855,0.5555555555555556,0.0,0.0,0.0,0.0,2002,clin,0.8
2,5,lr1e-04_bs16_modL1_fusion32_fusionL1_drop0p2_trmiss80_trlocclin,16,0.0001,1,32,1,0.2,lr1e-04_bs16_modL1_fusion32_fusionL1_drop0p2_trmiss80_trlocclin,26,0.4385177915294965,0.6582852403322855,0.7155172413793104,0.7771717609916244,0.5555555555555556,0.0,0.0,0.0,0.0,2002,clin,0.8
2,5,lr1e-04_bs16_modL1_fusion32_fusionL1_drop0p2_trmiss80_trlocclin,16,0.0001,1,32,1,0.2,lr1e-04_bs16_modL1_fusion32_fusionL1_drop0p2_trmiss80_trlocclin,27,0.435277725259463,0.6626619100570679,0.7262931034482759,0.7858266297168552,0.5555555555555556,0.0,0.0,0.0,0.0,2002,clin,0.8
2,5,lr1e-04_bs16_modL1_fusion32_fusionL1_drop0p2_trmiss80_trlocclin,16,0.0001,1,32,1,0.2,lr1e-04_bs16_modL1_fusion32_fusionL1_drop0p2_trmiss80_trlocclin,28,0.4237198308110237,0.6601037581761678,0.7198275862068965,0.7848470549278614,0.5555555555555556,0.0,0.0,0.0,0.0,2002,clin,0.8
2,5,lr1e-04_bs16_modL1_fusion32_fusionL1_drop0p2_trmiss80_trlocclin,16,0.0001,1,32,1,0.2,lr1e-04_bs16_modL1_fusion32_fusionL1_drop0p2_trmiss80_trlocclin,29,0.43346582104762393,0.6543496052424113,0.7068965517241379,0.7767170692885237,0.5555555555555556,0.0,0.0,0.0,0.0,2002,clin,0.8
2,5,lr1e-04_bs16_modL1_fusion32_fusionL1_drop0p2_trmiss80_trlocclin,16,0.0001,1,32,1,0.2,lr1e-04_bs16_modL1_fusion32_fusionL1_drop0p2_trmiss80_trlocclin,30,0.4151526913046837,0.6661401987075806,0.7327586206896552,0.8069969812813524,0.5333333333333333,0.0,0.0,0.0,0.0,2002,clin,0.8
2,5,lr1e-04_bs16_modL1_fusion32_fusionL1_drop0p2_trmiss80_trlocclin,16,0.0001,1,32,1,0.2,lr1e-04_bs16_modL1_fusion32_fusionL1_drop0p2_trmiss80_trlocclin,31,0.39795800546805066,0.6673102180163065,0.7176724137931034,0.7801110145417631,0.5555555555555556,0.0,0.0,0.0,0.0,2002,clin,0.8
2,5,lr1e-04_bs16_modL1_fusion32_fusionL1_drop0p2_trmiss80_trlocclin,16,0.0001,1,32,1,0.2,lr1e-04_bs16_modL1_fusion32_fusionL1_drop0p2_trmiss80_trlocclin,32,0.4533293793598811,0.6592778960863749,0.7198275862068966,0.8020490017450215,0.6,0.0,0.0,0.0,0.0,2002,clin,0.8
2,5,lr1e-04_bs16_modL1_fusion32_fusionL1_drop0p2_trmiss80_trlocclin,16,0.0001,1,32,1,0.2,lr1e-04_bs16_modL1_fusion32_fusionL1_drop0p2_trmiss80_trlocclin,33,0.4075395440061887,0.6555012464523315,0.7112068965517241,0.7853651179423506,0.6666666666666666,0.0,0.0,0.0,0.0,2002,clin,0.8
2,5,lr1e-04_bs16_modL1_fusion32_fusionL1_drop0p2_trmiss80_trlocclin,16,0.0001,1,32,1,0.2,lr1e-04_bs16_modL1_fusion32_fusionL1_drop0p2_trmiss80_trlocclin,34,0.4034462322791417,0.6409169634183248,0.7219827586206897,0.7879402685481196,0.6666666666666666,0.0,0.0,0.0,0.0,2002,clin,0.8
2,5,lr1e-04_bs16_modL1_fusion32_fusionL1_drop0p2_trmiss80_trlocclin,16,0.0001,1,32,1,0.2,lr1e-04_bs16_modL1_fusion32_fusionL1_drop0p2_trmiss80_trlocclin,35,0.4128205453356107,0.6571601430575053,0.7004310344827586,0.7943309990600349,0.6222222222222222,0.0,0.0,0.0,0.0,2002,clin,0.8
2,5,lr1e-04_bs16_modL1_fusion32_fusionL1_drop0p2_trmiss80_trlocclin,16,0.0001,1,32,1,0.2,lr1e-04_bs16_modL1_fusion32_fusionL1_drop0p2_trmiss80_trlocclin,36,0.38193952043851215,0.6659960349400839,0.665948275862069,0.7559637803834292,0.5555555555555556,0.0,0.0,0.0,0.0,2002,clin,0.8
2,5,lr1e-04_bs16_modL1_fusion32_fusionL1_drop0p2_trmiss80_trlocclin,16,0.0001,1,32,1,0.2,lr1e-04_bs16_modL1_fusion32_fusionL1_drop0p2_trmiss80_trlocclin,37,0.3838198855519295,0.6664783159891764,0.6702586206896552,0.7630225756133762,0.5777777777777777,0.0,0.0,0.0,0.0,2002,clin,0.8
2,5,lr1e-04_bs16_modL1_fusion32_fusionL1_drop0p1_trmiss80_trlocclin,16,0.0001,1,32,1,0.1,lr1e-04_bs16_modL1_fusion32_fusionL1_drop0p1_trmiss80_trlocclin,1,0.7019128501415253,0.7122411330540975,0.4762931034482758,0.683301762316402,0.37777777777777777,0.0,0.0,0.0,0.0,2002,clin,0.8
2,5,lr1e-04_bs16_modL1_fusion32_fusionL1_drop0p1_trmiss80_trlocclin,16,0.0001,1,32,1,0.1,lr1e-04_bs16_modL1_fusion32_fusionL1_drop0p1_trmiss80_trlocclin,2,0.6812747816244761,0.7195569078127543,0.5086206896551724,0.7142421230860468,0.4888888888888889,0.0,0.0,0.0,0.0,2002,clin,0.8
2,5,lr1e-04_bs16_modL1_fusion32_fusionL1_drop0p1_trmiss80_trlocclin,16,0.0001,1,32,1,0.1,lr1e-04_bs16_modL1_fusion32_fusionL1_drop0p1_trmiss80_trlocclin,3,0.6641318202018738,0.7112739284833273,0.5344827586206896,0.7203491106413374,0.5333333333333333,0.0,0.0,0.0,0.0,2002,clin,0.8
2,5,lr1e-04_bs16_modL1_fusion32_fusionL1_drop0p1_trmiss80_trlocclin,16,0.0001,1,32,1,0.1,lr1e-04_bs16_modL1_fusion32_fusionL1_drop0p1_trmiss80_trlocclin,4,0.6276546021302541,0.7004291812578837,0.5625,0.739043059358094,0.5111111111111111,0.0,0.0,0.0,0.0,2002,clin,0.8
2,5,lr1e-04_bs16_modL1_fusion32_fusionL1_drop0p1_trmiss80_trlocclin,16,0.0001,1,32,1,0.1,lr1e-04_bs16_modL1_fusion32_fusionL1_drop0p1_trmiss80_trlocclin,5,0.5928931186596552,0.7041986982027689,0.5452586206896552,0.7085189957129665,0.5333333333333333,0.0,0.0,0.0,0.0,2002,clin,0.8
2,5,lr1e-04_bs16_modL1_fusion32_fusionL1_drop0p1_trmiss80_trlocclin,16,0.0001,1,32,1,0.1,lr1e-04_bs16_modL1_fusion32_fusionL1_drop0p1_trmiss80_trlocclin,6,0.5883429000775019,0.6956465840339661,0.5646551724137931,0.693946185093582,0.6,0.0,0.0,0.0,0.0,2002,clin,0.8
2,5,lr1e-04_bs16_modL1_fusion32_fusionL1_drop0p1_trmiss80_trlocclin,16,0.0001,1,32,1,0.1,lr1e-04_bs16_modL1_fusion32_fusionL1_drop0p1_trmiss80_trlocclin,7,0.5741283794244131,0.6994914809862772,0.5366379310344827,0.6854730078650346,0.5555555555555556,0.0,0.0,0.0,0.0,2002,clin,0.8
2,5,lr1e-04_bs16_modL1_fusion32_fusionL1_drop0p1_trmiss80_trlocclin,16,0.0001,1,32,1,0.1,lr1e-04_bs16_modL1_fusion32_fusionL1_drop0p1_trmiss80_trlocclin,8,0.5664521008729935,0.6924683650334676,0.5926724137931034,0.70532351064377,0.6222222222222222,0.0,0.0,0.0,0.0,2002,clin,0.8
2,5,lr1e-04_bs16_modL1_fusion32_fusionL1_drop0p1_trmiss80_trlocclin,16,0.0001,1,32,1,0.1,lr1e-04_bs16_modL1_fusion32_fusionL1_drop0p1_trmiss80_trlocclin,9,0.5448430379231771,0.6864575147628784,0.625,0.7425763431139505,0.6222222222222222,0.0,0.0,0.0,0.0,2002,clin,0.8
2,5,lr1e-04_bs16_modL1_fusion32_fusionL1_drop0p1_trmiss80_trlocclin,16,0.0001,1,32,1,0.1,lr1e-04_bs16_modL1_fusion32_fusionL1_drop0p1_trmiss80_trlocclin,10,0.5367604245742162,0.7054572701454163,0.5538793103448275,0.7088374440202965,0.5777777777777777,0.0,0.0,0.0,0.0,2002,clin,0.8
2,5,lr1e-04_bs16_modL1_fusion32_fusionL1_drop0p1_trmiss80_trlocclin,16,0.0001,1,32,1,0.1,lr1e-04_bs16_modL1_fusion32_fusionL1_drop0p1_trmiss80_trlocclin,11,0.5231635247667631,0.6962658564249674,0.5689655172413792,0.7201670399103954,0.5777777777777777,0.0,0.0,0.0,0.0,2002,clin,0.8
2,5,lr1e-04_bs16_modL1_fusion32_fusionL1_drop0p1_trmiss80_trlocclin,16,0.0001,1,32,1,0.1,lr1e-04_bs16_modL1_fusion32_fusionL1_drop0p1_trmiss80_trlocclin,12,0.5149206320444742,0.6753943165143331,0.6056034482758621,0.7500002627468468,0.6222222222222222,0.0,0.0,0.0,0.0,2002,clin,0.8
2,5,lr1e-04_bs16_modL1_fusion32_fusionL1_drop0p1_trmiss80_trlocclin,16,0.0001,1,32,1,0.1,lr1e-04_bs16_modL1_fusion32_fusionL1_drop0p1_trmiss80_trlocclin,13,0.5240413000186285,0.6911059021949768,0.564655172413793,0.7210290683265252,0.6,0.0,0.0,0.0,0.0,2002,clin,0.8
2,5,lr1e-04_bs16_modL1_fusion32_fusionL1_drop0p1_trmiss80_trlocclin,16,0.0001,1,32,1,0.1,lr1e-04_bs16_modL1_fusion32_fusionL1_drop0p1_trmiss80_trlocclin,14,0.4996407479047775,0.6946984132130941,0.5625,0.7297678047616638,0.5333333333333333,0.0,0.0,0.0,0.0,2002,clin,0.8
2,5,lr1e-04_bs16_modL1_fusion32_fusionL1_drop0p1_trmiss80_trlocclin,16,0.0001,1,32,1,0.1,lr1e-04_bs16_modL1_fusion32_fusionL1_drop0p1_trmiss80_trlocclin,15,0.47735872119665146,0.7018022139867147,0.5560344827586207,0.7314142927926988,0.5333333333333333,0.0,0.0,0.0,0.0,2002,clin,0.8
2,5,lr1e-04_bs16_modL1_fusion32_fusionL1_drop0p1_trmiss80_trlocclin,16,0.0001,1,32,1,0.1,lr1e-04_bs16_modL1_fusion32_fusionL1_drop0p1_trmiss80_trlocclin,16,0.47427913049856824,0.68548184633255,0.5883620689655171,0.753344517627481,0.5111111111111111,0.0,0.0,0.0,0.0,2002,clin,0.8
2,5,lr1e-04_bs16_modL1_fusion32_fusionL1_drop0p1_trmiss80_trlocclin,16,0.0001,1,32,1,0.1,lr1e-04_bs16_modL1_fusion32_fusionL1_drop0p1_trmiss80_trlocclin,17,0.45174772540728253,0.6862322290738424,0.5948275862068966,0.7672675614072022,0.5111111111111111,0.0,0.0,0.0,0.0,2002,clin,0.8
2,5,lr1e-04_bs16_modL1_fusion32_fusionL1_drop0p1_trmiss80_trlocclin,16,0.0001,1,32,1,0.1,lr1e-04_bs16_modL1_fusion32_fusionL1_drop0p1_trmiss80_trlocclin,18,0.4602084780732791,0.6680370569229126,0.6293103448275862,0.7775192503319031,0.5555555555555556,0.0,0.0,0.0,0.0,2002,clin,0.8
2,5,lr1e-04_bs16_modL1_fusion32_fusionL1_drop0p1_trmiss80_trlocclin,16,0.0001,1,32,1,0.1,lr1e-04_bs16_modL1_fusion32_fusionL1_drop0p1_trmiss80_trlocclin,19,0.44115427136421204,0.6714647809664408,0.625,0.7652747885587204,0.5777777777777777,0.0,0.0,0.0,0.0,2002,clin,0.8
2,5,lr1e-04_bs16_modL1_fusion32_fusionL1_drop0p1_trmiss80_trlocclin,16,0.0001,1,32,1,0.1,lr1e-04_bs16_modL1_fusion32_fusionL1_drop0p1_trmiss80_trlocclin,20,0.45356617619593936,0.6767106850941976,0.6314655172413792,0.765906307778124,0.6,0.0,0.0,0.0,0.0,2002,clin,0.8
2,5,lr1e-04_bs16_modL1_fusion32_fusionL1_drop0p1_trmiss80_trlocclin,16,0.0001,1,32,1,0.1,lr1e-04_bs16_modL1_fusion32_fusionL1_drop0p1_trmiss80_trlocclin,21,0.43811194350322086,0.6799844900767008,0.6293103448275862,0.7648483130356954,0.6,0.0,0.0,0.0,0.0,2002,clin,0.8
2,5,lr1e-04_bs16_modL1_fusion32_fusionL1_drop0p1_trmiss80_trlocclin,16,0.0001,1,32,1,0.1,lr1e-04_bs16_modL1_fusion32_fusionL1_drop0p1_trmiss80_trlocclin,22,0.4233720749616623,0.6581144134203593,0.6508620689655173,0.7775158725180459,0.5777777777777777,0.0,0.0,0.0,0.0,2002,clin,0.8
2,5,lr1e-04_bs16_modL1_fusion32_fusionL1_drop0p1_trmiss80_trlocclin,16,0.0001,1,32,1,0.1,lr1e-04_bs16_modL1_fusion32_fusionL1_drop0p1_trmiss80_trlocclin,23,0.41138772418101627,0.6558996836344401,0.6788793103448276,0.8162969337896646,0.6,0.0,0.0,0.0,0.0,2002,clin,0.8
2,5,lr1e-04_bs16_modL1_fusion32_fusionL1_drop0p1_trmiss80_trlocclin,16,0.0001,1,32,1,0.1,lr1e-04_bs16_modL1_fusion32_fusionL1_drop0p1_trmiss80_trlocclin,24,0.40276189396778744,0.6535329421361288,0.6724137931034483,0.7972731559893463,0.6222222222222222,0.0,0.0,0.0,0.0,2002,clin,0.8
2,5,lr1e-04_bs16_modL1_fusion32_fusionL1_drop0p1_trmiss80_trlocclin,16,0.0001,1,32,1,0.1,lr1e-04_bs16_modL1_fusion32_fusionL1_drop0p1_trmiss80_trlocclin,25,0.3962381035089493,0.6697165966033936,0.6616379310344828,0.7864449997943538,0.5777777777777777,0.0,0.0,0.0,0.0,2002,clin,0.8
2,5,lr1e-04_bs16_modL1_fusion32_fusionL1_drop0p1_trmiss80_trlocclin,16,0.0001,1,32,1,0.1,lr1e-04_bs16_modL1_fusion32_fusionL1_drop0p1_trmiss80_trlocclin,26,0.394480695327123,0.6538622379302979,0.6875,0.81915420885131,0.6222222222222222,0.0,0.0,0.0,0.0,2002,clin,0.8
2,5,lr1e-04_bs16_modL1_fusion32_fusionL1_drop0p1_trmiss80_trlocclin,16,0.0001,1,32,1,0.1,lr1e-04_bs16_modL1_fusion32_fusionL1_drop0p1_trmiss80_trlocclin,27,0.37453759709994,0.6501094500223795,0.6637931034482758,0.7996753355020034,0.6222222222222222,0.0,0.0,0.0,0.0,2002,clin,0.8
2,5,lr1e-04_bs16_modL1_fusion32_fusionL1_drop0p1_trmiss80_trlocclin,16,0.0001,1,32,1,0.1,lr1e-04_bs16_modL1_fusion32_fusionL1_drop0p1_trmiss80_trlocclin,28,0.3605545287330945,0.6497361660003662,0.6702586206896551,0.7956849570478042,0.6222222222222222,0.0,0.0,0.0,0.0,2002,clin,0.8
2,5,lr1e-04_bs16_modL1_fusion32_fusionL1_drop0p1_trmiss80_trlocclin,16,0.0001,1,32,1,0.1,lr1e-04_bs16_modL1_fusion32_fusionL1_drop0p1_trmiss80_trlocclin,29,0.37050603081782657,0.6641554037729899,0.6530172413793104,0.7713253345481558,0.6222222222222222,0.0,0.0,0.0,0.0,2002,clin,0.8
2,5,lr1e-04_bs16_modL1_fusion32_fusionL1_drop0p1_trmiss80_trlocclin,16,0.0001,1,32,1,0.1,lr1e-04_bs16_modL1_fusion32_fusionL1_drop0p1_trmiss80_trlocclin,30,0.36075131346782047,0.6511557698249817,0.6918103448275862,0.7970282809322772,0.6222222222222222,0.0,0.0,0.0,0.0,2002,clin,0.8
2,5,lr1e-04_bs16_modL1_fusion32_fusionL1_drop0p1_trmiss80_trlocclin,16,0.0001,1,32,1,0.1,lr1e-04_bs16_modL1_fusion32_fusionL1_drop0p1_trmiss80_trlocclin,31,0.35083672652641934,0.6485613981882731,0.6767241379310345,0.7862326347335059,0.6444444444444445,0.0,0.0,0.0,0.0,2002,clin,0.8
2,5,lr1e-04_bs16_modL1_fusion32_fusionL1_drop0p1_trmiss80_trlocclin,16,0.0001,1,32,1,0.1,lr1e-04_bs16_modL1_fusion32_fusionL1_drop0p1_trmiss80_trlocclin,32,0.3543635408083598,0.6455386281013489,0.6896551724137931,0.7880919291171092,0.6444444444444445,0.0,0.0,0.0,0.0,2002,clin,0.8
2,5,lr1e-04_bs16_modL1_fusion32_fusionL1_drop0p1_trmiss80_trlocclin,16,0.0001,1,32,1,0.1,lr1e-04_bs16_modL1_fusion32_fusionL1_drop0p1_trmiss80_trlocclin,33,0.34751246372858685,0.6446221868197123,0.6831896551724138,0.7868514652532713,0.6888888888888889,0.0,0.0,0.0,0.0,2002,clin,0.8
2,5,lr1e-04_bs16_modL1_fusion32_fusionL1_drop0p1_trmiss80_trlocclin,16,0.0001,1,32,1,0.1,lr1e-04_bs16_modL1_fusion32_fusionL1_drop0p1_trmiss80_trlocclin,34,0.33628086745738983,0.650109072526296,0.6896551724137931,0.8161839126525083,0.6666666666666666,0.0,0.0,0.0,0.0,2002,clin,0.8
2,5,lr1e-04_bs16_modL1_fusion32_fusionL1_drop0p1_trmiss80_trlocclin,16,0.0001,1,32,1,0.1,lr1e-04_bs16_modL1_fusion32_fusionL1_drop0p1_trmiss80_trlocclin,35,0.3585631921887398,0.6589513222376505,0.6939655172413792,0.818078731042813,0.6,0.0,0.0,0.0,0.0,2002,clin,0.8
2,5,lr1e-04_bs16_modL1_fusion32_fusionL1_drop0p1_trmiss80_trlocclin,16,0.0001,1,32,1,0.1,lr1e-04_bs16_modL1_fusion32_fusionL1_drop0p1_trmiss80_trlocclin,36,0.342655045290788,0.6530784765879313,0.6573275862068966,0.7821625298140544,0.6444444444444445,0.0,0.0,0.0,0.0,2002,clin,0.8
2,5,lr1e-04_bs16_modL1_fusion32_fusionL1_drop0p1_trmiss80_trlocclin,16,0.0001,1,32,1,0.1,lr1e-04_bs16_modL1_fusion32_fusionL1_drop0p1_trmiss80_trlocclin,37,0.31679192185401917,0.6595748662948608,0.6616379310344828,0.7921877923830096,0.5777777777777777,0.0,0.0,0.0,0.0,2002,clin,0.8
2,5,lr1e-04_bs16_modL1_fusion32_fusionL1_drop0p1_trmiss80_trlocclin,16,0.0001,1,32,1,0.1,lr1e-04_bs16_modL1_fusion32_fusionL1_drop0p1_trmiss80_trlocclin,38,0.31411360452572507,0.6562887827555338,0.6681034482758621,0.8007926879763319,0.6,0.0,0.0,0.0,0.0,2002,clin,0.8
2,5,lr1e-04_bs16_modL1_fusion32_fusionL1_drop0p1_trmiss80_trlocclin,16,0.0001,1,32,1,0.1,lr1e-04_bs16_modL1_fusion32_fusionL1_drop0p1_trmiss80_trlocclin,39,0.3087922930717468,0.6572782397270203,0.6745689655172414,0.8004642265503625,0.5777777777777777,0.0,0.0,0.0,0.0,2002,clin,0.8
2,5,lr1e-04_bs16_modL1_fusion32_fusionL1_drop0p1_trmiss80_trlocclin,16,0.0001,1,32,1,0.1,lr1e-04_bs16_modL1_fusion32_fusionL1_drop0p1_trmiss80_trlocclin,40,0.30358438690503436,0.6618197162946066,0.6681034482758621,0.8022237354273651,0.5333333333333333,0.0,0.0,0.0,0.0,2002,clin,0.8
2,5,lr1e-04_bs16_modL1_fusion32_fusionL1_drop0p1_trmiss80_trlocclin,16,0.0001,1,32,1,0.1,lr1e-04_bs16_modL1_fusion32_fusionL1_drop0p1_trmiss80_trlocclin,41,0.32700731853644055,0.662760595480601,0.6767241379310345,0.7985935552414722,0.6,0.0,0.0,0.0,0.0,2002,clin,0.8
2,5,lr1e-04_bs16_modL1_fusion32_fusionL1_drop0p1_trmiss80_trlocclin,16,0.0001,1,32,1,0.1,lr1e-04_bs16_modL1_fusion32_fusionL1_drop0p1_trmiss80_trlocclin,42,0.3048417543371518,0.6655043760935465,0.6637931034482758,0.7897072901924246,0.6,0.0,0.0,0.0,0.0,2002,clin,0.8
2,5,lr1e-04_bs16_modL1_fusion32_fusionL1_drop0p1_trmiss80_trlocclin,16,0.0001,1,32,1,0.1,lr1e-04_bs16_modL1_fusion32_fusionL1_drop0p1_trmiss80_trlocclin,43,0.2954876658817132,0.6653472582499186,0.6551724137931034,0.7861431139326056,0.5333333333333333,0.0,0.0,0.0,0.0,2002,clin,0.8
2,5,lr1e-04_bs16_modL1_fusion32_fusionL1_drop0p1_trmiss80_trlocclin,16,0.0001,1,32,1,0.1,lr1e-04_bs16_modL1_fusion32_fusionL1_drop0p1_trmiss80_trlocclin,44,0.30762820939222973,0.6776579817136129,0.6530172413793104,0.7838789641300736,0.5111111111111111,0.0,0.0,0.0,0.0,2002,clin,0.8
2,5,lr1e-04_bs16_modL1_fusion32_fusionL1_drop0p1_trmiss80_trlocclin,16,0.0001,1,32,1,0.1,lr1e-04_bs16_modL1_fusion32_fusionL1_drop0p1_trmiss80_trlocclin,45,0.28123270471890766,0.6636730631192526,0.6551724137931034,0.786851673793362,0.5555555555555556,0.0,0.0,0.0,0.0,2002,clin,0.8
2,5,lr1e-04_bs16_modL1_fusion32_fusionL1_drop0p1_trmiss80_trlocclin,16,0.0001,1,32,1,0.1,lr1e-04_bs16_modL1_fusion32_fusionL1_drop0p1_trmiss80_trlocclin,46,0.2822105685869853,0.6577686866124471,0.6681034482758621,0.7951595212391405,0.5555555555555556,0.0,0.0,0.0,0.0,2002,clin,0.8
2,5,lr1e-04_bs16_modL1_fusion32_fusionL1_drop0p1_trmiss80_trlocclin,16,0.0001,1,32,1,0.1,lr1e-04_bs16_modL1_fusion32_fusionL1_drop0p1_trmiss80_trlocclin,47,0.2919102609157562,0.6534450252850851,0.6702586206896551,0.7966808194135826,0.6,0.0,0.0,0.0,0.0,2002,clin,0.8
2,5,lr1e-04_bs16_modL1_fusion32_fusionL1_drop0p1_trmiss80_trlocclin,16,0.0001,1,32,1,0.1,lr1e-04_bs16_modL1_fusion32_fusionL1_drop0p1_trmiss80_trlocclin,48,0.3228964110215505,0.642964780330658,0.685344827586207,0.8049955837190483,0.6,0.0,0.0,0.0,0.0,2002,clin,0.8
2,5,lr1e-04_bs16_modL1_fusion32_fusionL1_drop0p1_trmiss80_trlocclin,16,0.0001,1,32,1,0.1,lr1e-04_bs16_modL1_fusion32_fusionL1_drop0p1_trmiss80_trlocclin,49,0.3059403946002324,0.6741535266240438,0.6724137931034483,0.7975853328584728,0.5777777777777777,0.0,0.0,0.0,0.0,2002,clin,0.8
2,5,lr1e-04_bs16_modL1_fusion32_fusionL1_drop0p1_trmiss80_trlocclin,16,0.0001,1,32,1,0.1,lr1e-04_bs16_modL1_fusion32_fusionL1_drop0p1_trmiss80_trlocclin,50,0.28324704244732857,0.6706649661064148,0.6594827586206897,0.790461708309518,0.5777777777777777,0.0,0.0,0.0,0.0,2002,clin,0.8
2,5,lr1e-04_bs16_modL1_fusion32_fusionL1_drop0p1_trmiss80_trlocclin,16,0.0001,1,32,1,0.1,lr1e-04_bs16_modL1_fusion32_fusionL1_drop0p1_trmiss80_trlocclin,51,0.2722264652450879,0.65628715356191,0.6702586206896552,0.7972671798008397,0.6,0.0,0.0,0.0,0.0,2002,clin,0.8
2,5,lr1e-04_bs16_modL1_fusion32_fusionL1_drop0p1_trmiss80_trlocclin,16,0.0001,1,32,1,0.1,lr1e-04_bs16_modL1_fusion32_fusionL1_drop0p1_trmiss80_trlocclin,52,0.28681442762414616,0.6520800987879435,0.665948275862069,0.7888247360661376,0.6444444444444445,0.0,0.0,0.0,0.0,2002,clin,0.8
2,5,lr1e-04_bs16_modL1_fusion32_fusionL1_drop0p1_trmiss80_trlocclin,16,0.0001,1,32,1,0.1,lr1e-04_bs16_modL1_fusion32_fusionL1_drop0p1_trmiss80_trlocclin,53,0.2777657409509023,0.6624493400255839,0.6530172413793104,0.7862284942043891,0.5777777777777777,0.0,0.0,0.0,0.0,2002,clin,0.8
2,5,lr1e-04_bs16_modL1_fusion32_fusionL1_drop0p1_trmiss80_trlocclin,16,0.0001,1,32,1,0.1,lr1e-04_bs16_modL1_fusion32_fusionL1_drop0p1_trmiss80_trlocclin,54,0.2831240234275659,0.665608803431193,0.6487068965517241,0.7840186266959512,0.5777777777777777,0.0,0.0,0.0,0.0,2002,clin,0.8
2,5,lr1e-04_bs16_modL1_fusion32_fusionL1_drop0p1_trmiss80_trlocclin,16,0.0001,1,32,1,0.1,lr1e-04_bs16_modL1_fusion32_fusionL1_drop0p1_trmiss80_trlocclin,55,0.27325531964500743,0.6690648992856344,0.6487068965517242,0.7813405860611788,0.5555555555555556,0.0,0.0,0.0,0.0,2002,clin,0.8
2,5,lr1e-04_bs16_modL1_fusion64_fusionL1_drop0p2_trmiss80_trlocclin,16,0.0001,1,64,1,0.2,lr1e-04_bs16_modL1_fusion64_fusionL1_drop0p2_trmiss80_trlocclin,1,0.7263651043176651,0.6667322317759196,0.6551724137931034,0.7920386049101061,0.6222222222222222,0.0,0.0,0.0,0.0,2002,clin,0.8
2,5,lr1e-04_bs16_modL1_fusion64_fusionL1_drop0p2_trmiss80_trlocclin,16,0.0001,1,64,1,0.2,lr1e-04_bs16_modL1_fusion64_fusionL1_drop0p2_trmiss80_trlocclin,2,0.6742342809836069,0.6544432044029236,0.6767241379310345,0.8219354771030711,0.6,0.0,0.0,0.0,0.0,2002,clin,0.8
2,5,lr1e-04_bs16_modL1_fusion64_fusionL1_drop0p2_trmiss80_trlocclin,16,0.0001,1,64,1,0.2,lr1e-04_bs16_modL1_fusion64_fusionL1_drop0p2_trmiss80_trlocclin,3,0.6591502875089645,0.6438375115394592,0.7004310344827586,0.8273510056076054,0.6888888888888889,0.0,0.0,0.0,0.0,2002,clin,0.8
2,5,lr1e-04_bs16_modL1_fusion64_fusionL1_drop0p2_trmiss80_trlocclin,16,0.0001,1,64,1,0.2,lr1e-04_bs16_modL1_fusion64_fusionL1_drop0p2_trmiss80_trlocclin,4,0.6214857151110967,0.6380689342816671,0.7004310344827587,0.8278191254321807,0.6888888888888889,0.0,0.0,0.0,0.0,2002,clin,0.8
2,5,lr1e-04_bs16_modL1_fusion64_fusionL1_drop0p2_trmiss80_trlocclin,16,0.0001,1,64,1,0.2,lr1e-04_bs16_modL1_fusion64_fusionL1_drop0p2_trmiss80_trlocclin,5,0.6008003031214079,0.6454231937726339,0.6724137931034483,0.8156310713569819,0.6666666666666666,0.0,0.0,0.0,0.0,2002,clin,0.8
2,5,lr1e-04_bs16_modL1_fusion64_fusionL1_drop0p2_trmiss80_trlocclin,16,0.0001,1,64,1,0.2,lr1e-04_bs16_modL1_fusion64_fusionL1_drop0p2_trmiss80_trlocclin,6,0.6041927735010783,0.6365605195363363,0.7025862068965517,0.8331970737105892,0.7111111111111111,0.0,0.0,0.0,0.0,2002,clin,0.8
2,5,lr1e-04_bs16_modL1_fusion64_fusionL1_drop0p2_trmiss80_trlocclin,16,0.0001,1,64,1,0.2,lr1e-04_bs16_modL1_fusion64_fusionL1_drop0p2_trmiss80_trlocclin,7,0.5644845912853876,0.6298586130142212,0.7262931034482759,0.8487547914837583,0.6666666666666666,0.0,0.0,0.0,0.0,2002,clin,0.8
2,5,lr1e-04_bs16_modL1_fusion64_fusionL1_drop0p2_trmiss80_trlocclin,16,0.0001,1,64,1,0.2,lr1e-04_bs16_modL1_fusion64_fusionL1_drop0p2_trmiss80_trlocclin,8,0.5784730811913809,0.6240390539169312,0.7241379310344828,0.8493327779356599,0.6888888888888889,0.0,0.0,0.0,0.0,2002,clin,0.8
2,5,lr1e-04_bs16_modL1_fusion64_fusionL1_drop0p2_trmiss80_trlocclin,16,0.0001,1,64,1,0.2,lr1e-04_bs16_modL1_fusion64_fusionL1_drop0p2_trmiss80_trlocclin,9,0.5486647859215736,0.6274149616559347,0.7219827586206895,0.8501401870738543,0.6888888888888889,0.0,0.0,0.0,0.0,2002,clin,0.8
2,5,lr1e-04_bs16_modL1_fusion64_fusionL1_drop0p2_trmiss80_trlocclin,16,0.0001,1,64,1,0.2,lr1e-04_bs16_modL1_fusion64_fusionL1_drop0p2_trmiss80_trlocclin,10,0.5488872627417246,0.6253499786059061,0.7241379310344828,0.8407651052631255,0.7111111111111111,0.0,0.0,0.0,0.0,2002,clin,0.8
2,5,lr1e-04_bs16_modL1_fusion64_fusionL1_drop0p2_trmiss80_trlocclin,16,0.0001,1,64,1,0.2,lr1e-04_bs16_modL1_fusion64_fusionL1_drop0p2_trmiss80_trlocclin,11,0.519130289554596,0.6211495598157247,0.7392241379310345,0.8467695277967455,0.6888888888888889,0.0,0.0,0.0,0.0,2002,clin,0.8
2,5,lr1e-04_bs16_modL1_fusion64_fusionL1_drop0p2_trmiss80_trlocclin,16,0.0001,1,64,1,0.2,lr1e-04_bs16_modL1_fusion64_fusionL1_drop0p2_trmiss80_trlocclin,12,0.5155951355894407,0.6158284942309061,0.7262931034482758,0.8377297458449546,0.6666666666666666,0.0,0.0,0.0,0.0,2002,clin,0.8
2,5,lr1e-04_bs16_modL1_fusion64_fusionL1_drop0p2_trmiss80_trlocclin,16,0.0001,1,64,1,0.2,lr1e-04_bs16_modL1_fusion64_fusionL1_drop0p2_trmiss80_trlocclin,13,0.528519980609417,0.6135587493578593,0.7176724137931034,0.8392535316926655,0.6444444444444445,0.0,0.0,0.0,0.0,2002,clin,0.8
2,5,lr1e-04_bs16_modL1_fusion64_fusionL1_drop0p2_trmiss80_trlocclin,16,0.0001,1,64,1,0.2,lr1e-04_bs16_modL1_fusion64_fusionL1_drop0p2_trmiss80_trlocclin,14,0.5309967696666718,0.6118122339248657,0.7306034482758621,0.8555457359975898,0.6444444444444445,0.0,0.0,0.0,0.0,2002,clin,0.8
2,5,lr1e-04_bs16_modL1_fusion64_fusionL1_drop0p2_trmiss80_trlocclin,16,0.0001,1,64,1,0.2,lr1e-04_bs16_modL1_fusion64_fusionL1_drop0p2_trmiss80_trlocclin,15,0.4779622157414754,0.6145509282747904,0.7112068965517242,0.8401636015533223,0.6,0.0,0.0,0.0,0.0,2002,clin,0.8
2,5,lr1e-04_bs16_modL1_fusion64_fusionL1_drop0p2_trmiss80_trlocclin,16,0.0001,1,64,1,0.2,lr1e-04_bs16_modL1_fusion64_fusionL1_drop0p2_trmiss80_trlocclin,16,0.4517893046140671,0.6092133323351542,0.7176724137931034,0.8494587807303517,0.6222222222222222,0.0,0.0,0.0,0.0,2002,clin,0.8
2,5,lr1e-04_bs16_modL1_fusion64_fusionL1_drop0p2_trmiss80_trlocclin,16,0.0001,1,64,1,0.2,lr1e-04_bs16_modL1_fusion64_fusionL1_drop0p2_trmiss80_trlocclin,17,0.4627012362082799,0.6078269481658936,0.7327586206896551,0.8605882479377276,0.6444444444444445,0.0,0.0,0.0,0.0,2002,clin,0.8
2,5,lr1e-04_bs16_modL1_fusion64_fusionL1_drop0p2_trmiss80_trlocclin,16,0.0001,1,64,1,0.2,lr1e-04_bs16_modL1_fusion64_fusionL1_drop0p2_trmiss80_trlocclin,18,0.45191259185473126,0.6126260956128439,0.7155172413793103,0.8521862798935449,0.6222222222222222,0.0,0.0,0.0,0.0,2002,clin,0.8
2,5,lr1e-04_bs16_modL1_fusion64_fusionL1_drop0p2_trmiss80_trlocclin,16,0.0001,1,64,1,0.2,lr1e-04_bs16_modL1_fusion64_fusionL1_drop0p2_trmiss80_trlocclin,19,0.4393239840865135,0.6038035949071249,0.7133620689655172,0.8548166224989329,0.6444444444444445,0.0,0.0,0.0,0.0,2002,clin,0.8
2,5,lr1e-04_bs16_modL1_fusion64_fusionL1_drop0p2_trmiss80_trlocclin,16,0.0001,1,64,1,0.2,lr1e-04_bs16_modL1_fusion64_fusionL1_drop0p2_trmiss80_trlocclin,20,0.4343097656965256,0.6076292395591736,0.7176724137931034,0.8534930228350726,0.6444444444444445,0.0,0.0,0.0,0.0,2002,clin,0.8
2,5,lr1e-04_bs16_modL1_fusion64_fusionL1_drop0p2_trmiss80_trlocclin,16,0.0001,1,64,1,0.2,lr1e-04_bs16_modL1_fusion64_fusionL1_drop0p2_trmiss80_trlocclin,21,0.4401788537700971,0.6004458665847778,0.7198275862068966,0.8522503194341366,0.6444444444444445,0.0,0.0,0.0,0.0,2002,clin,0.8
2,5,lr1e-04_bs16_modL1_fusion64_fusionL1_drop0p2_trmiss80_trlocclin,16,0.0001,1,64,1,0.2,lr1e-04_bs16_modL1_fusion64_fusionL1_drop0p2_trmiss80_trlocclin,22,0.4285709982117017,0.6055735150973002,0.7004310344827586,0.835440110403443,0.6222222222222222,0.0,0.0,0.0,0.0,2002,clin,0.8
2,5,lr1e-04_bs16_modL1_fusion64_fusionL1_drop0p2_trmiss80_trlocclin,16,0.0001,1,64,1,0.2,lr1e-04_bs16_modL1_fusion64_fusionL1_drop0p2_trmiss80_trlocclin,23,0.42707296709219617,0.6013123194376627,0.7004310344827586,0.8437229041429122,0.6444444444444445,0.0,0.0,0.0,0.0,2002,clin,0.8
2,5,lr1e-04_bs16_modL1_fusion64_fusionL1_drop0p2_trmiss80_trlocclin,16,0.0001,1,64,1,0.2,lr1e-04_bs16_modL1_fusion64_fusionL1_drop0p2_trmiss80_trlocclin,24,0.40400195370117825,0.6121885577837626,0.6982758620689655,0.8446572946884958,0.6222222222222222,0.0,0.0,0.0,0.0,2002,clin,0.8
2,5,lr1e-04_bs16_modL1_fusion64_fusionL1_drop0p2_trmiss80_trlocclin,16,0.0001,1,64,1,0.2,lr1e-04_bs16_modL1_fusion64_fusionL1_drop0p2_trmiss80_trlocclin,25,0.381384181479613,0.6136123140652975,0.7068965517241379,0.8471744973691944,0.6222222222222222,0.0,0.0,0.0,0.0,2002,clin,0.8
2,5,lr1e-04_bs16_modL1_fusion64_fusionL1_drop0p2_trmiss80_trlocclin,16,0.0001,1,64,1,0.2,lr1e-04_bs16_modL1_fusion64_fusionL1_drop0p2_trmiss80_trlocclin,26,0.3708742782473564,0.6012939612070719,0.7133620689655172,0.8466020420302807,0.6222222222222222,0.0,0.0,0.0,0.0,2002,clin,0.8
2,5,lr1e-04_bs16_modL1_fusion64_fusionL1_drop0p2_trmiss80_trlocclin,16,0.0001,1,64,1,0.2,lr1e-04_bs16_modL1_fusion64_fusionL1_drop0p2_trmiss80_trlocclin,27,0.3681584447622299,0.6108251015345255,0.7004310344827587,0.8399403385800084,0.6666666666666666,0.0,0.0,0.0,0.0,2002,clin,0.8
2,5,lr1e-04_bs16_modL1_fusion64_fusionL1_drop0p2_trmiss80_trlocclin,16,0.0001,1,64,1,0.2,lr1e-04_bs16_modL1_fusion64_fusionL1_drop0p2_trmiss80_trlocclin,28,0.3445284242431323,0.6101483503977457,0.7025862068965517,0.8409283355067974,0.6444444444444445,0.0,0.0,0.0,0.0,2002,clin,0.8
2,5,lr1e-04_bs16_modL1_fusion64_fusionL1_drop0p2_trmiss80_trlocclin,16,0.0001,1,64,1,0.2,lr1e-04_bs16_modL1_fusion64_fusionL1_drop0p2_trmiss80_trlocclin,29,0.33295514434576035,0.6121158997217814,0.6918103448275862,0.8318465613200754,0.6666666666666666,0.0,0.0,0.0,0.0,2002,clin,0.8
2,5,lr1e-04_bs16_modL1_fusion64_fusionL1_drop0p2_trmiss80_trlocclin,16,0.0001,1,64,1,0.2,lr1e-04_bs16_modL1_fusion64_fusionL1_drop0p2_trmiss80_trlocclin,30,0.33850526809692383,0.6074098745981852,0.709051724137931,0.8453138022827604,0.6222222222222222,0.0,0.0,0.0,0.0,2002,clin,0.8
2,5,lr1e-04_bs16_modL1_fusion64_fusionL1_drop0p2_trmiss80_trlocclin,16,0.0001,1,64,1,0.2,lr1e-04_bs16_modL1_fusion64_fusionL1_drop0p2_trmiss80_trlocclin,31,0.30941687027613324,0.6088006496429443,0.6982758620689655,0.837273623116106,0.6222222222222222,0.0,0.0,0.0,0.0,2002,clin,0.8
2,5,lr1e-04_bs16_modL1_fusion64_fusionL1_drop0p1_trmiss80_trlocclin,16,0.0001,1,64,1,0.1,lr1e-04_bs16_modL1_fusion64_fusionL1_drop0p1_trmiss80_trlocclin,1,0.7440106918414434,0.7173436681429545,0.5280172413793103,0.6538121702932613,0.37777777777777777,0.0,0.0,0.0,0.0,2002,clin,0.8
2,5,lr1e-04_bs16_modL1_fusion64_fusionL1_drop0p1_trmiss80_trlocclin,16,0.0001,1,64,1,0.1,lr1e-04_bs16_modL1_fusion64_fusionL1_drop0p1_trmiss80_trlocclin,2,0.6977410614490509,0.7217131654421488,0.5775862068965517,0.7083970240765132,0.4222222222222222,0.0,0.0,0.0,0.0,2002,clin,0.8
2,5,lr1e-04_bs16_modL1_fusion64_fusionL1_drop0p1_trmiss80_trlocclin,16,0.0001,1,64,1,0.1,lr1e-04_bs16_modL1_fusion64_fusionL1_drop0p1_trmiss80_trlocclin,3,0.6605208615461985,0.7120788097381592,0.5948275862068965,0.7368890135046978,0.4666666666666667,0.0,0.0,0.0,0.0,2002,clin,0.8
2,5,lr1e-04_bs16_modL1_fusion64_fusionL1_drop0p1_trmiss80_trlocclin,16,0.0001,1,64,1,0.1,lr1e-04_bs16_modL1_fusion64_fusionL1_drop0p1_trmiss80_trlocclin,4,0.650839164853096,0.7060943245887756,0.6077586206896552,0.7486607913331181,0.4666666666666667,0.0,0.0,0.0,0.0,2002,clin,0.8
2,5,lr1e-04_bs16_modL1_fusion64_fusionL1_drop0p1_trmiss80_trlocclin,16,0.0001,1,64,1,0.1,lr1e-04_bs16_modL1_fusion64_fusionL1_drop0p1_trmiss80_trlocclin,5,0.6139786293109258,0.6970921357472738,0.6185344827586207,0.7534167328128584,0.4666666666666667,0.0,0.0,0.0,0.0,2002,clin,0.8
2,5,lr1e-04_bs16_modL1_fusion64_fusionL1_drop0p1_trmiss80_trlocclin,16,0.0001,1,64,1,0.1,lr1e-04_bs16_modL1_fusion64_fusionL1_drop0p1_trmiss80_trlocclin,6,0.5958461711804072,0.6872228781382242,0.6185344827586207,0.7537639204696841,0.4444444444444444,0.0,0.0,0.0,0.0,2002,clin,0.8
2,5,lr1e-04_bs16_modL1_fusion64_fusionL1_drop0p1_trmiss80_trlocclin,16,0.0001,1,64,1,0.1,lr1e-04_bs16_modL1_fusion64_fusionL1_drop0p1_trmiss80_trlocclin,7,0.5569110214710236,0.685883899529775,0.6293103448275862,0.7639953758978422,0.4444444444444444,0.0,0.0,0.0,0.0,2002,clin,0.8
2,5,lr1e-04_bs16_modL1_fusion64_fusionL1_drop0p1_trmiss80_trlocclin,16,0.0001,1,64,1,0.1,lr1e-04_bs16_modL1_fusion64_fusionL1_drop0p1_trmiss80_trlocclin,8,0.5525032033522924,0.6812281012535095,0.6185344827586207,0.7601967301418692,0.5333333333333333,0.0,0.0,0.0,0.0,2002,clin,0.8
2,5,lr1e-04_bs16_modL1_fusion64_fusionL1_drop0p1_trmiss80_trlocclin,16,0.0001,1,64,1,0.1,lr1e-04_bs16_modL1_fusion64_fusionL1_drop0p1_trmiss80_trlocclin,9,0.5449450413386027,0.6797109643618265,0.6379310344827587,0.7738924096113184,0.5333333333333333,0.0,0.0,0.0,0.0,2002,clin,0.8
2,5,lr1e-04_bs16_modL1_fusion64_fusionL1_drop0p1_trmiss80_trlocclin,16,0.0001,1,64,1,0.1,lr1e-04_bs16_modL1_fusion64_fusionL1_drop0p1_trmiss80_trlocclin,10,0.5152409846584002,0.6672281622886658,0.6551724137931034,0.7803364682392737,0.5555555555555556,0.0,0.0,0.0,0.0,2002,clin,0.8
2,5,lr1e-04_bs16_modL1_fusion64_fusionL1_drop0p1_trmiss80_trlocclin,16,0.0001,1,64,1,0.1,lr1e-04_bs16_modL1_fusion64_fusionL1_drop0p1_trmiss80_trlocclin,11,0.5134532923499743,0.6764918565750122,0.6422413793103449,0.7662479256872423,0.5111111111111111,0.0,0.0,0.0,0.0,2002,clin,0.8
2,5,lr1e-04_bs16_modL1_fusion64_fusionL1_drop0p1_trmiss80_trlocclin,16,0.0001,1,64,1,0.1,lr1e-04_bs16_modL1_fusion64_fusionL1_drop0p1_trmiss80_trlocclin,12,0.4972929035623868,0.6777567863464355,0.6551724137931034,0.7716859869641777,0.5333333333333333,0.0,0.0,0.0,0.0,2002,clin,0.8
2,5,lr1e-04_bs16_modL1_fusion64_fusionL1_drop0p1_trmiss80_trlocclin,16,0.0001,1,64,1,0.1,lr1e-04_bs16_modL1_fusion64_fusionL1_drop0p1_trmiss80_trlocclin,13,0.46894354869922,0.6641320387522379,0.6616379310344828,0.7687376171205789,0.6,0.0,0.0,0.0,0.0,2002,clin,0.8
2,5,lr1e-04_bs16_modL1_fusion64_fusionL1_drop0p1_trmiss80_trlocclin,16,0.0001,1,64,1,0.1,lr1e-04_bs16_modL1_fusion64_fusionL1_drop0p1_trmiss80_trlocclin,14,0.48376305649677914,0.670232911904653,0.6681034482758621,0.7751754680870026,0.5777777777777777,0.0,0.0,0.0,0.0,2002,clin,0.8
2,5,lr1e-04_bs16_modL1_fusion64_fusionL1_drop0p1_trmiss80_trlocclin,16,0.0001,1,64,1,0.1,lr1e-04_bs16_modL1_fusion64_fusionL1_drop0p1_trmiss80_trlocclin,15,0.4696926325559616,0.6662992835044861,0.6637931034482758,0.7595064504697228,0.5777777777777777,0.0,0.0,0.0,0.0,2002,clin,0.8
2,5,lr1e-04_bs16_modL1_fusion64_fusionL1_drop0p1_trmiss80_trlocclin,16,0.0001,1,64,1,0.1,lr1e-04_bs16_modL1_fusion64_fusionL1_drop0p1_trmiss80_trlocclin,16,0.4180445894598961,0.6592615048090616,0.6702586206896551,0.765341445998239,0.6222222222222222,0.0,0.0,0.0,0.0,2002,clin,0.8
2,5,lr1e-04_bs16_modL1_fusion64_fusionL1_drop0p1_trmiss80_trlocclin,16,0.0001,1,64,1,0.1,lr1e-04_bs16_modL1_fusion64_fusionL1_drop0p1_trmiss80_trlocclin,17,0.42812230437994003,0.6572382052739462,0.7004310344827587,0.8047884225808158,0.6222222222222222,0.0,0.0,0.0,0.0,2002,clin,0.8
2,5,lr1e-04_bs16_modL1_fusion64_fusionL1_drop0p1_trmiss80_trlocclin,16,0.0001,1,64,1,0.1,lr1e-04_bs16_modL1_fusion64_fusionL1_drop0p1_trmiss80_trlocclin,18,0.3945651153723399,0.6549331744511923,0.6875,0.7957448828612966,0.6,0.0,0.0,0.0,0.0,2002,clin,0.8
2,5,lr1e-04_bs16_modL1_fusion64_fusionL1_drop0p1_trmiss80_trlocclin,16,0.0001,1,64,1,0.1,lr1e-04_bs16_modL1_fusion64_fusionL1_drop0p1_trmiss80_trlocclin,19,0.3934406240781148,0.6610968510309855,0.6767241379310345,0.7902585926949364,0.6222222222222222,0.0,0.0,0.0,0.0,2002,clin,0.8
2,5,lr1e-04_bs16_modL1_fusion64_fusionL1_drop0p1_trmiss80_trlocclin,16,0.0001,1,64,1,0.1,lr1e-04_bs16_modL1_fusion64_fusionL1_drop0p1_trmiss80_trlocclin,20,0.37862642109394073,0.6512880126635233,0.6875,0.7908913611202212,0.6,0.0,0.0,0.0,0.0,2002,clin,0.8
2,5,lr1e-04_bs16_modL1_fusion64_fusionL1_drop0p1_trmiss80_trlocclin,16,0.0001,1,64,1,0.1,lr1e-04_bs16_modL1_fusion64_fusionL1_drop0p1_trmiss80_trlocclin,21,0.35661569237709045,0.6434092322985331,0.7047413793103449,0.8145144101762575,0.6444444444444445,0.0,0.0,0.0,0.0,2002,clin,0.8
2,5,lr1e-04_bs16_modL1_fusion64_fusionL1_drop0p1_trmiss80_trlocclin,16,0.0001,1,64,1,0.1,lr1e-04_bs16_modL1_fusion64_fusionL1_drop0p1_trmiss80_trlocclin,22,0.35341910521189374,0.6367607514063517,0.7004310344827587,0.8013029351206681,0.7111111111111111,0.0,0.0,0.0,0.0,2002,clin,0.8
2,5,lr1e-04_bs16_modL1_fusion64_fusionL1_drop0p1_trmiss80_trlocclin,16,0.0001,1,64,1,0.1,lr1e-04_bs16_modL1_fusion64_fusionL1_drop0p1_trmiss80_trlocclin,23,0.3541432743271192,0.6448041200637817,0.6961206896551725,0.8006273130318112,0.7111111111111111,0.0,0.0,0.0,0.0,2002,clin,0.8
2,5,lr1e-04_bs16_modL1_fusion64_fusionL1_drop0p1_trmiss80_trlocclin,16,0.0001,1,64,1,0.1,lr1e-04_bs16_modL1_fusion64_fusionL1_drop0p1_trmiss80_trlocclin,24,0.3197989414135615,0.6518683830897013,0.6853448275862069,0.7976097398259082,0.6222222222222222,0.0,0.0,0.0,0.0,2002,clin,0.8
2,5,lr1e-04_bs16_modL1_fusion64_fusionL1_drop0p1_trmiss80_trlocclin,16,0.0001,1,64,1,0.1,lr1e-04_bs16_modL1_fusion64_fusionL1_drop0p1_trmiss80_trlocclin,25,0.3253783981005351,0.6208295424779257,0.7047413793103448,0.8107589540378365,0.7111111111111111,0.0,0.0,0.0,0.0,2002,clin,0.8
2,5,lr1e-04_bs16_modL1_fusion64_fusionL1_drop0p1_trmiss80_trlocclin,16,0.0001,1,64,1,0.1,lr1e-04_bs16_modL1_fusion64_fusionL1_drop0p1_trmiss80_trlocclin,26,0.34191541622082394,0.6297651330629984,0.7025862068965517,0.8090606909438481,0.7111111111111111,0.0,0.0,0.0,0.0,2002,clin,0.8
2,5,lr1e-04_bs16_modL1_fusion64_fusionL1_drop0p1_trmiss80_trlocclin,16,0.0001,1,64,1,0.1,lr1e-04_bs16_modL1_fusion64_fusionL1_drop0p1_trmiss80_trlocclin,27,0.3219126723706722,0.6403279304504395,0.6875,0.7987262715534583,0.6888888888888889,0.0,0.0,0.0,0.0,2002,clin,0.8
2,5,lr1e-04_bs16_modL1_fusion64_fusionL1_drop0p1_trmiss80_trlocclin,16,0.0001,1,64,1,0.1,lr1e-04_bs16_modL1_fusion64_fusionL1_drop0p1_trmiss80_trlocclin,28,0.30255455647905666,0.6299136082331339,0.6939655172413793,0.8034100450395388,0.7111111111111111,0.0,0.0,0.0,0.0,2002,clin,0.8
2,5,lr1e-04_bs16_modL1_fusion64_fusionL1_drop0p1_trmiss80_trlocclin,16,0.0001,1,64,1,0.1,lr1e-04_bs16_modL1_fusion64_fusionL1_drop0p1_trmiss80_trlocclin,29,0.2994324105481307,0.6670143802960714,0.6745689655172413,0.7920594920113341,0.6666666666666666,0.0,0.0,0.0,0.0,2002,clin,0.8
2,5,lr1e-04_bs16_modL1_fusion64_fusionL1_drop0p1_trmiss80_trlocclin,16,0.0001,1,64,1,0.1,lr1e-04_bs16_modL1_fusion64_fusionL1_drop0p1_trmiss80_trlocclin,30,0.26878540342052776,0.6693724791208903,0.6681034482758621,0.7931926577228058,0.6444444444444445,0.0,0.0,0.0,0.0,2002,clin,0.8
2,5,lr1e-04_bs16_modL1_fusion64_fusionL1_drop0p1_trmiss80_trlocclin,16,0.0001,1,64,1,0.1,lr1e-04_bs16_modL1_fusion64_fusionL1_drop0p1_trmiss80_trlocclin,31,0.2590433458487193,0.6747716069221497,0.6487068965517241,0.778710930911166,0.5777777777777777,0.0,0.0,0.0,0.0,2002,clin,0.8
2,5,lr1e-04_bs16_modL1_fusion64_fusionL1_drop0p1_trmiss80_trlocclin,16,0.0001,1,64,1,0.1,lr1e-04_bs16_modL1_fusion64_fusionL1_drop0p1_trmiss80_trlocclin,32,0.23857860639691353,0.6714826822280884,0.646551724137931,0.7792125099887194,0.5777777777777777,0.0,0.0,0.0,0.0,2002,clin,0.8
2,5,lr1e-04_bs16_modL1_fusion64_fusionL1_drop0p1_trmiss80_trlocclin,16,0.0001,1,64,1,0.1,lr1e-04_bs16_modL1_fusion64_fusionL1_drop0p1_trmiss80_trlocclin,33,0.2660690483947595,0.6840880711873373,0.6508620689655172,0.7795620239041988,0.6,0.0,0.0,0.0,0.0,2002,clin,0.8
2,5,lr1e-04_bs16_modL1_fusion64_fusionL1_drop0p1_trmiss80_trlocclin,16,0.0001,1,64,1,0.1,lr1e-04_bs16_modL1_fusion64_fusionL1_drop0p1_trmiss80_trlocclin,34,0.26512325927615166,0.6825593709945679,0.6379310344827586,0.7729409276577505,0.5777777777777777,0.0,0.0,0.0,0.0,2002,clin,0.8
2,5,lr1e-04_bs16_modL1_fusion64_fusionL1_drop0p1_trmiss80_trlocclin,16,0.0001,1,64,1,0.1,lr1e-04_bs16_modL1_fusion64_fusionL1_drop0p1_trmiss80_trlocclin,35,0.2430372933546702,0.6774381399154663,0.6616379310344827,0.796192866437519,0.6,0.0,0.0,0.0,0.0,2002,clin,0.8
2,5,lr1e-04_bs16_modL1_fusion64_fusionL1_drop0p1_trmiss80_trlocclin,16,0.0001,1,64,1,0.1,lr1e-04_bs16_modL1_fusion64_fusionL1_drop0p1_trmiss80_trlocclin,36,0.2723911280433337,0.6571425994237264,0.6702586206896551,0.8079508947335197,0.6222222222222222,0.0,0.0,0.0,0.0,2002,clin,0.8
2,5,lr1e-04_bs16_modL1_fusion64_fusionL1_drop0p1_trmiss80_trlocclin,16,0.0001,1,64,1,0.1,lr1e-04_bs16_modL1_fusion64_fusionL1_drop0p1_trmiss80_trlocclin,37,0.22444053490956625,0.6708785096804301,0.6616379310344829,0.7918488985338153,0.6444444444444445,0.0,0.0,0.0,0.0,2002,clin,0.8
2,5,lr1e-04_bs16_modL1_fusion64_fusionL1_drop0p1_trmiss80_trlocclin,16,0.0001,1,64,1,0.1,lr1e-04_bs16_modL1_fusion64_fusionL1_drop0p1_trmiss80_trlocclin,38,0.2215481474995613,0.6594643592834473,0.6637931034482758,0.7892001797533622,0.6444444444444445,0.0,0.0,0.0,0.0,2002,clin,0.8
2,5,lr1e-04_bs16_modL1_fusion64_fusionL1_drop0p1_trmiss80_trlocclin,16,0.0001,1,64,1,0.1,lr1e-04_bs16_modL1_fusion64_fusionL1_drop0p1_trmiss80_trlocclin,39,0.23595658565560976,0.6533875266710917,0.6681034482758621,0.7881825294288302,0.6444444444444445,0.0,0.0,0.0,0.0,2002,clin,0.8
2,5,lr1e-04_bs16_modL1_fusion64_fusionL1_drop0p1_trmiss80_trlocclin,16,0.0001,1,64,1,0.1,lr1e-04_bs16_modL1_fusion64_fusionL1_drop0p1_trmiss80_trlocclin,40,0.23034083346525827,0.6469433108965555,0.6702586206896551,0.793346545357205,0.6444444444444445,0.0,0.0,0.0,0.0,2002,clin,0.8
2,5,lr1e-04_bs16_modL1_fusion64_fusionL1_drop0p1_trmiss80_trlocclin,16,0.0001,1,64,1,0.1,lr1e-04_bs16_modL1_fusion64_fusionL1_drop0p1_trmiss80_trlocclin,41,0.22378832225998244,0.6393263737360636,0.6767241379310345,0.7949186270408487,0.6222222222222222,0.0,0.0,0.0,0.0,2002,clin,0.8
2,5,lr5e-05_bs32_modL1_fusion32_fusionL1_drop0p2_trmiss80_trlocclin,32,5e-05,1,32,1,0.2,lr5e-05_bs32_modL1_fusion32_fusionL1_drop0p2_trmiss80_trlocclin,1,0.7703117032845815,0.7120143175125122,0.6142241379310345,0.7334559199057764,0.37777777777777777,0.0,0.0,0.0,0.0,2002,clin,0.8
2,5,lr5e-05_bs32_modL1_fusion32_fusionL1_drop0p2_trmiss80_trlocclin,32,5e-05,1,32,1,0.2,lr5e-05_bs32_modL1_fusion32_fusionL1_drop0p2_trmiss80_trlocclin,2,0.7693119843800863,0.7111977934837341,0.6271551724137931,0.7374145398458584,0.35555555555555557,0.0,0.0,0.0,0.0,2002,clin,0.8
2,5,lr5e-05_bs32_modL1_fusion32_fusionL1_drop0p2_trmiss80_trlocclin,32,5e-05,1,32,1,0.2,lr5e-05_bs32_modL1_fusion32_fusionL1_drop0p2_trmiss80_trlocclin,3,0.7269850770632426,0.7108015716075897,0.6551724137931034,0.7571743293400606,0.35555555555555557,0.0,0.0,0.0,0.0,2002,clin,0.8
2,5,lr5e-05_bs32_modL1_fusion32_fusionL1_drop0p2_trmiss80_trlocclin,32,5e-05,1,32,1,0.2,lr5e-05_bs32_modL1_fusion32_fusionL1_drop0p2_trmiss80_trlocclin,4,0.7077033321062723,0.7075450718402863,0.6573275862068966,0.7394052173199488,0.4,0.0,0.0,0.0,0.0,2002,clin,0.8
2,5,lr5e-05_bs32_modL1_fusion32_fusionL1_drop0p2_trmiss80_trlocclin,32,5e-05,1,32,1,0.2,lr5e-05_bs32_modL1_fusion32_fusionL1_drop0p2_trmiss80_trlocclin,5,0.6899585723876953,0.7058620452880859,0.665948275862069,0.7364618046384004,0.4,0.0,0.0,0.0,0.0,2002,clin,0.8
2,5,lr5e-05_bs32_modL1_fusion32_fusionL1_drop0p2_trmiss80_trlocclin,32,5e-05,1,32,1,0.2,lr5e-05_bs32_modL1_fusion32_fusionL1_drop0p2_trmiss80_trlocclin,6,0.7070915599664053,0.7054750621318817,0.6637931034482759,0.7413576504982597,0.4,0.0,0.0,0.0,0.0,2002,clin,0.8
2,5,lr5e-05_bs32_modL1_fusion32_fusionL1_drop0p2_trmiss80_trlocclin,32,5e-05,1,32,1,0.2,lr5e-05_bs32_modL1_fusion32_fusionL1_drop0p2_trmiss80_trlocclin,7,0.6771103243033091,0.699550062417984,0.6788793103448276,0.7672615597539638,0.4,0.0,0.0,0.0,0.0,2002,clin,0.8
2,5,lr5e-05_bs32_modL1_fusion32_fusionL1_drop0p2_trmiss80_trlocclin,32,5e-05,1,32,1,0.2,lr5e-05_bs32_modL1_fusion32_fusionL1_drop0p2_trmiss80_trlocclin,8,0.671800971031189,0.6976480782032013,0.6702586206896551,0.7620495554522031,0.4,0.0,0.0,0.0,0.0,2002,clin,0.8
2,5,lr5e-05_bs32_modL1_fusion32_fusionL1_drop0p2_trmiss80_trlocclin,32,5e-05,1,32,1,0.2,lr5e-05_bs32_modL1_fusion32_fusionL1_drop0p2_trmiss80_trlocclin,9,0.6396385927995046,0.6980002820491791,0.6530172413793103,0.7374102314261768,0.4,0.0,0.0,0.0,0.0,2002,clin,0.8
2,5,lr5e-05_bs32_modL1_fusion32_fusionL1_drop0p2_trmiss80_trlocclin,32,5e-05,1,32,1,0.2,lr5e-05_bs32_modL1_fusion32_fusionL1_drop0p2_trmiss80_trlocclin,10,0.6444722215334574,0.7017571330070496,0.6487068965517242,0.7336403128938913,0.4,0.0,0.0,0.0,0.0,2002,clin,0.8
2,5,lr5e-05_bs32_modL1_fusion32_fusionL1_drop0p2_trmiss80_trlocclin,32,5e-05,1,32,1,0.2,lr5e-05_bs32_modL1_fusion32_fusionL1_drop0p2_trmiss80_trlocclin,11,0.649726947148641,0.7000002562999725,0.6508620689655172,0.7295594010963915,0.4,0.0,0.0,0.0,0.0,2002,clin,0.8
2,5,lr5e-05_bs32_modL1_fusion32_fusionL1_drop0p2_trmiss80_trlocclin,32,5e-05,1,32,1,0.2,lr5e-05_bs32_modL1_fusion32_fusionL1_drop0p2_trmiss80_trlocclin,12,0.628404955069224,0.6962638795375824,0.6637931034482758,0.7490865186151316,0.4222222222222222,0.0,0.0,0.0,0.0,2002,clin,0.8
2,5,lr5e-05_bs32_modL1_fusion32_fusionL1_drop0p2_trmiss80_trlocclin,32,5e-05,1,32,1,0.2,lr5e-05_bs32_modL1_fusion32_fusionL1_drop0p2_trmiss80_trlocclin,13,0.6164345840613047,0.6971311569213867,0.6487068965517242,0.7420800235124896,0.4,0.0,0.0,0.0,0.0,2002,clin,0.8
2,5,lr5e-05_bs32_modL1_fusion32_fusionL1_drop0p2_trmiss80_trlocclin,32,5e-05,1,32,1,0.2,lr5e-05_bs32_modL1_fusion32_fusionL1_drop0p2_trmiss80_trlocclin,14,0.6182421147823334,0.6961501240730286,0.6400862068965517,0.7427949328429366,0.4222222222222222,0.0,0.0,0.0,0.0,2002,clin,0.8
2,5,lr5e-05_bs32_modL1_fusion32_fusionL1_drop0p2_trmiss80_trlocclin,32,5e-05,1,32,1,0.2,lr5e-05_bs32_modL1_fusion32_fusionL1_drop0p2_trmiss80_trlocclin,15,0.6157128016153971,0.6975425481796265,0.6336206896551724,0.7409856071267,0.4222222222222222,0.0,0.0,0.0,0.0,2002,clin,0.8
2,5,lr5e-05_bs32_modL1_fusion32_fusionL1_drop0p2_trmiss80_trlocclin,32,5e-05,1,32,1,0.2,lr5e-05_bs32_modL1_fusion32_fusionL1_drop0p2_trmiss80_trlocclin,16,0.6109905143578848,0.6956286430358887,0.6400862068965517,0.7411336227593113,0.4444444444444444,0.0,0.0,0.0,0.0,2002,clin,0.8
2,5,lr5e-05_bs32_modL1_fusion32_fusionL1_drop0p2_trmiss80_trlocclin,32,5e-05,1,32,1,0.2,lr5e-05_bs32_modL1_fusion32_fusionL1_drop0p2_trmiss80_trlocclin,17,0.6047907769680023,0.6921830177307129,0.6508620689655172,0.7492263252238289,0.4222222222222222,0.0,0.0,0.0,0.0,2002,clin,0.8
2,5,lr5e-05_bs32_modL1_fusion32_fusionL1_drop0p2_trmiss80_trlocclin,32,5e-05,1,32,1,0.2,lr5e-05_bs32_modL1_fusion32_fusionL1_drop0p2_trmiss80_trlocclin,18,0.5825399955113729,0.6933341026306152,0.6551724137931034,0.7525453983715436,0.4444444444444444,0.0,0.0,0.0,0.0,2002,clin,0.8
2,5,lr5e-05_bs32_modL1_fusion32_fusionL1_drop0p2_trmiss80_trlocclin,32,5e-05,1,32,1,0.2,lr5e-05_bs32_modL1_fusion32_fusionL1_drop0p2_trmiss80_trlocclin,19,0.5911442935466766,0.6919261515140533,0.6379310344827586,0.7418556691022355,0.4666666666666667,0.0,0.0,0.0,0.0,2002,clin,0.8
2,5,lr5e-05_bs32_modL1_fusion32_fusionL1_drop0p2_trmiss80_trlocclin,32,5e-05,1,32,1,0.2,lr5e-05_bs32_modL1_fusion32_fusionL1_drop0p2_trmiss80_trlocclin,20,0.5912193059921265,0.6944960355758667,0.6508620689655173,0.74439085649543,0.4666666666666667,0.0,0.0,0.0,0.0,2002,clin,0.8
2,5,lr5e-05_bs32_modL1_fusion32_fusionL1_drop0p2_trmiss80_trlocclin,32,5e-05,1,32,1,0.2,lr5e-05_bs32_modL1_fusion32_fusionL1_drop0p2_trmiss80_trlocclin,21,0.5848029653231303,0.6985145211219788,0.6336206896551724,0.7369500743036561,0.4444444444444444,0.0,0.0,0.0,0.0,2002,clin,0.8
2,5,lr5e-05_bs32_modL1_fusion32_fusionL1_drop0p2_trmiss80_trlocclin,32,5e-05,1,32,1,0.2,lr5e-05_bs32_modL1_fusion32_fusionL1_drop0p2_trmiss80_trlocclin,22,0.5715217093626658,0.698382169008255,0.646551724137931,0.7293913256034092,0.4444444444444444,0.0,0.0,0.0,0.0,2002,clin,0.8
2,5,lr5e-05_bs32_modL1_fusion32_fusionL1_drop0p2_trmiss80_trlocclin,32,5e-05,1,32,1,0.2,lr5e-05_bs32_modL1_fusion32_fusionL1_drop0p2_trmiss80_trlocclin,23,0.5674358606338501,0.6956579089164734,0.6336206896551724,0.7245135432655765,0.4666666666666667,0.0,0.0,0.0,0.0,2002,clin,0.8
2,5,lr5e-05_bs32_modL1_fusion32_fusionL1_drop0p2_trmiss80_trlocclin,32,5e-05,1,32,1,0.2,lr5e-05_bs32_modL1_fusion32_fusionL1_drop0p2_trmiss80_trlocclin,24,0.5472524464130402,0.6931305229663849,0.6357758620689655,0.7244505481905619,0.4666666666666667,0.0,0.0,0.0,0.0,2002,clin,0.8
2,5,lr5e-05_bs32_modL1_fusion32_fusionL1_drop0p2_trmiss80_trlocclin,32,5e-05,1,32,1,0.2,lr5e-05_bs32_modL1_fusion32_fusionL1_drop0p2_trmiss80_trlocclin,25,0.5589287479718527,0.6917248368263245,0.6314655172413793,0.7203092254580414,0.4666666666666667,0.0,0.0,0.0,0.0,2002,clin,0.8
2,5,lr5e-05_bs32_modL1_fusion32_fusionL1_drop0p2_trmiss80_trlocclin,32,5e-05,1,32,1,0.2,lr5e-05_bs32_modL1_fusion32_fusionL1_drop0p2_trmiss80_trlocclin,26,0.5339653293291727,0.6905987858772278,0.622844827586207,0.7325919171484083,0.4666666666666667,0.0,0.0,0.0,0.0,2002,clin,0.8
2,5,lr5e-05_bs32_modL1_fusion32_fusionL1_drop0p2_trmiss80_trlocclin,32,5e-05,1,32,1,0.2,lr5e-05_bs32_modL1_fusion32_fusionL1_drop0p2_trmiss80_trlocclin,27,0.5498558282852173,0.6911188066005707,0.625,0.7322262382808293,0.4444444444444444,0.0,0.0,0.0,0.0,2002,clin,0.8
2,5,lr5e-05_bs32_modL1_fusion32_fusionL1_drop0p1_trmiss80_trlocclin,32,5e-05,1,32,1,0.1,lr5e-05_bs32_modL1_fusion32_fusionL1_drop0p1_trmiss80_trlocclin,1,0.6688588261604309,0.6853915154933929,0.44181034482758624,0.6512896749920781,0.6,0.0,0.0,0.0,0.0,2002,clin,0.8
2,5,lr5e-05_bs32_modL1_fusion32_fusionL1_drop0p1_trmiss80_trlocclin,32,5e-05,1,32,1,0.1,lr5e-05_bs32_modL1_fusion32_fusionL1_drop0p1_trmiss80_trlocclin,2,0.6424594322840372,0.6789589822292328,0.49568965517241387,0.6879148672695019,0.6,0.0,0.0,0.0,0.0,2002,clin,0.8
2,5,lr5e-05_bs32_modL1_fusion32_fusionL1_drop0p1_trmiss80_trlocclin,32,5e-05,1,32,1,0.1,lr5e-05_bs32_modL1_fusion32_fusionL1_drop0p1_trmiss80_trlocclin,3,0.6327652136484782,0.6760995984077454,0.49784482758620696,0.6759582045804746,0.6,0.0,0.0,0.0,0.0,2002,clin,0.8
2,5,lr5e-05_bs32_modL1_fusion32_fusionL1_drop0p1_trmiss80_trlocclin,32,5e-05,1,32,1,0.1,lr5e-05_bs32_modL1_fusion32_fusionL1_drop0p1_trmiss80_trlocclin,4,0.6160410741964976,0.6734004020690918,0.5086206896551724,0.6844686242635307,0.6,0.0,0.0,0.0,0.0,2002,clin,0.8
2,5,lr5e-05_bs32_modL1_fusion32_fusionL1_drop0p1_trmiss80_trlocclin,32,5e-05,1,32,1,0.1,lr5e-05_bs32_modL1_fusion32_fusionL1_drop0p1_trmiss80_trlocclin,5,0.5986547768115997,0.6681134700775146,0.5495689655172414,0.6994231280587226,0.6222222222222222,0.0,0.0,0.0,0.0,2002,clin,0.8
2,5,lr5e-05_bs32_modL1_fusion32_fusionL1_drop0p1_trmiss80_trlocclin,32,5e-05,1,32,1,0.1,lr5e-05_bs32_modL1_fusion32_fusionL1_drop0p1_trmiss80_trlocclin,6,0.5807684461275736,0.6642198264598846,0.5711206896551724,0.7098001769641364,0.6444444444444445,0.0,0.0,0.0,0.0,2002,clin,0.8
2,5,lr5e-05_bs32_modL1_fusion32_fusionL1_drop0p1_trmiss80_trlocclin,32,5e-05,1,32,1,0.1,lr5e-05_bs32_modL1_fusion32_fusionL1_drop0p1_trmiss80_trlocclin,7,0.5807422995567322,0.6620056629180908,0.5797413793103448,0.7129203167902651,0.6444444444444445,0.0,0.0,0.0,0.0,2002,clin,0.8
2,5,lr5e-05_bs32_modL1_fusion32_fusionL1_drop0p1_trmiss80_trlocclin,32,5e-05,1,32,1,0.1,lr5e-05_bs32_modL1_fusion32_fusionL1_drop0p1_trmiss80_trlocclin,8,0.5567900737126669,0.6573274433612823,0.6163793103448275,0.7254651819101283,0.6444444444444445,0.0,0.0,0.0,0.0,2002,clin,0.8
2,5,lr5e-05_bs32_modL1_fusion32_fusionL1_drop0p1_trmiss80_trlocclin,32,5e-05,1,32,1,0.1,lr5e-05_bs32_modL1_fusion32_fusionL1_drop0p1_trmiss80_trlocclin,9,0.5441383520762125,0.6522769629955292,0.6249999999999999,0.7283514246445977,0.6444444444444445,0.0,0.0,0.0,0.0,2002,clin,0.8
2,5,lr5e-05_bs32_modL1_fusion32_fusionL1_drop0p1_trmiss80_trlocclin,32,5e-05,1,32,1,0.1,lr5e-05_bs32_modL1_fusion32_fusionL1_drop0p1_trmiss80_trlocclin,10,0.5371972521146139,0.6512587368488312,0.625,0.7312644568831879,0.6444444444444445,0.0,0.0,0.0,0.0,2002,clin,0.8
2,5,lr5e-05_bs32_modL1_fusion32_fusionL1_drop0p1_trmiss80_trlocclin,32,5e-05,1,32,1,0.1,lr5e-05_bs32_modL1_fusion32_fusionL1_drop0p1_trmiss80_trlocclin,11,0.5323322912057241,0.6489274799823761,0.6314655172413792,0.7339555974259344,0.6666666666666666,0.0,0.0,0.0,0.0,2002,clin,0.8
2,5,lr5e-05_bs32_modL1_fusion32_fusionL1_drop0p1_trmiss80_trlocclin,32,5e-05,1,32,1,0.1,lr5e-05_bs32_modL1_fusion32_fusionL1_drop0p1_trmiss80_trlocclin,12,0.5138678898413976,0.64961177110672,0.6163793103448276,0.7236786578563048,0.6888888888888889,0.0,0.0,0.0,0.0,2002,clin,0.8
2,5,lr5e-05_bs32_modL1_fusion32_fusionL1_drop0p1_trmiss80_trlocclin,32,5e-05,1,32,1,0.1,lr5e-05_bs32_modL1_fusion32_fusionL1_drop0p1_trmiss80_trlocclin,13,0.5169738431771597,0.6487752497196198,0.6206896551724138,0.730582013302159,0.6888888888888889,0.0,0.0,0.0,0.0,2002,clin,0.8
2,5,lr5e-05_bs32_modL1_fusion32_fusionL1_drop0p1_trmiss80_trlocclin,32,5e-05,1,32,1,0.1,lr5e-05_bs32_modL1_fusion32_fusionL1_drop0p1_trmiss80_trlocclin,14,0.4929421941439311,0.650390625,0.6120689655172413,0.724194975747324,0.6888888888888889,0.0,0.0,0.0,0.0,2002,clin,0.8
2,5,lr5e-05_bs32_modL1_fusion32_fusionL1_drop0p1_trmiss80_trlocclin,32,5e-05,1,32,1,0.1,lr5e-05_bs32_modL1_fusion32_fusionL1_drop0p1_trmiss80_trlocclin,15,0.4952018658320109,0.6503107845783234,0.6206896551724138,0.7242264211617557,0.6666666666666666,0.0,0.0,0.0,0.0,2002,clin,0.8
2,5,lr5e-05_bs32_modL1_fusion32_fusionL1_drop0p1_trmiss80_trlocclin,32,5e-05,1,32,1,0.1,lr5e-05_bs32_modL1_fusion32_fusionL1_drop0p1_trmiss80_trlocclin,16,0.4971451312303543,0.6481424570083618,0.6142241379310345,0.7159448731638756,0.6666666666666666,0.0,0.0,0.0,0.0,2002,clin,0.8
2,5,lr5e-05_bs32_modL1_fusion32_fusionL1_drop0p1_trmiss80_trlocclin,32,5e-05,1,32,1,0.1,lr5e-05_bs32_modL1_fusion32_fusionL1_drop0p1_trmiss80_trlocclin,17,0.47738564511140186,0.6454619467258453,0.6163793103448276,0.7219011495658336,0.6888888888888889,0.0,0.0,0.0,0.0,2002,clin,0.8
2,5,lr5e-05_bs32_modL1_fusion32_fusionL1_drop0p1_trmiss80_trlocclin,32,5e-05,1,32,1,0.1,lr5e-05_bs32_modL1_fusion32_fusionL1_drop0p1_trmiss80_trlocclin,18,0.49533187846342724,0.6473883390426636,0.6228448275862069,0.7229382370579949,0.6888888888888889,0.0,0.0,0.0,0.0,2002,clin,0.8
2,5,lr5e-05_bs32_modL1_fusion32_fusionL1_drop0p1_trmiss80_trlocclin,32,5e-05,1,32,1,0.1,lr5e-05_bs32_modL1_fusion32_fusionL1_drop0p1_trmiss80_trlocclin,19,0.47915694614251453,0.6470363140106201,0.6314655172413793,0.7482491609369685,0.6888888888888889,0.0,0.0,0.0,0.0,2002,clin,0.8
2,5,lr5e-05_bs32_modL1_fusion32_fusionL1_drop0p1_trmiss80_trlocclin,32,5e-05,1,32,1,0.1,lr5e-05_bs32_modL1_fusion32_fusionL1_drop0p1_trmiss80_trlocclin,20,0.455023060242335,0.6478021144866943,0.6206896551724137,0.7434368701710755,0.6888888888888889,0.0,0.0,0.0,0.0,2002,clin,0.8
2,5,lr5e-05_bs32_modL1_fusion32_fusionL1_drop0p1_trmiss80_trlocclin,32,5e-05,1,32,1,0.1,lr5e-05_bs32_modL1_fusion32_fusionL1_drop0p1_trmiss80_trlocclin,21,0.4578687250614166,0.6431208848953247,0.6293103448275863,0.7401101746788583,0.6888888888888889,0.0,0.0,0.0,0.0,2002,clin,0.8
2,5,lr5e-05_bs32_modL1_fusion32_fusionL1_drop0p1_trmiss80_trlocclin,32,5e-05,1,32,1,0.1,lr5e-05_bs32_modL1_fusion32_fusionL1_drop0p1_trmiss80_trlocclin,22,0.44660064081350964,0.6450974345207214,0.603448275862069,0.733625761561673,0.6222222222222222,0.0,0.0,0.0,0.0,2002,clin,0.8
2,5,lr5e-05_bs32_modL1_fusion32_fusionL1_drop0p1_trmiss80_trlocclin,32,5e-05,1,32,1,0.1,lr5e-05_bs32_modL1_fusion32_fusionL1_drop0p1_trmiss80_trlocclin,23,0.4418954898913701,0.6460589468479156,0.5969827586206897,0.7393124512255614,0.6666666666666666,0.0,0.0,0.0,0.0,2002,clin,0.8
2,5,lr5e-05_bs32_modL1_fusion32_fusionL1_drop0p1_trmiss80_trlocclin,32,5e-05,1,32,1,0.1,lr5e-05_bs32_modL1_fusion32_fusionL1_drop0p1_trmiss80_trlocclin,24,0.4517296999692917,0.6469629406929016,0.6206896551724137,0.7557800362104351,0.6666666666666666,0.0,0.0,0.0,0.0,2002,clin,0.8
2,5,lr5e-05_bs32_modL1_fusion32_fusionL1_drop0p1_trmiss80_trlocclin,32,5e-05,1,32,1,0.1,lr5e-05_bs32_modL1_fusion32_fusionL1_drop0p1_trmiss80_trlocclin,25,0.4443529148896535,0.6432677805423737,0.6185344827586207,0.7665360307556925,0.6888888888888889,0.0,0.0,0.0,0.0,2002,clin,0.8
2,5,lr5e-05_bs32_modL1_fusion32_fusionL1_drop0p1_trmiss80_trlocclin,32,5e-05,1,32,1,0.1,lr5e-05_bs32_modL1_fusion32_fusionL1_drop0p1_trmiss80_trlocclin,26,0.4360379974047343,0.6411437094211578,0.6293103448275862,0.772000635032567,0.6888888888888889,0.0,0.0,0.0,0.0,2002,clin,0.8
2,5,lr5e-05_bs32_modL1_fusion32_fusionL1_drop0p1_trmiss80_trlocclin,32,5e-05,1,32,1,0.1,lr5e-05_bs32_modL1_fusion32_fusionL1_drop0p1_trmiss80_trlocclin,27,0.4314218709866206,0.6389095783233643,0.6400862068965518,0.7724983804427099,0.7111111111111111,0.0,0.0,0.0,0.0,2002,clin,0.8
2,5,lr5e-05_bs32_modL1_fusion32_fusionL1_drop0p1_trmiss80_trlocclin,32,5e-05,1,32,1,0.1,lr5e-05_bs32_modL1_fusion32_fusionL1_drop0p1_trmiss80_trlocclin,28,0.4210926095644633,0.6335487365722656,0.6637931034482758,0.7799522247847477,0.7777777777777778,0.0,0.0,0.0,0.0,2002,clin,0.8
2,5,lr5e-05_bs32_modL1_fusion32_fusionL1_drop0p1_trmiss80_trlocclin,32,5e-05,1,32,1,0.1,lr5e-05_bs32_modL1_fusion32_fusionL1_drop0p1_trmiss80_trlocclin,29,0.42076295614242554,0.632851779460907,0.6508620689655172,0.7523010641971135,0.7555555555555555,0.0,0.0,0.0,0.0,2002,clin,0.8
2,5,lr5e-05_bs32_modL1_fusion32_fusionL1_drop0p1_trmiss80_trlocclin,32,5e-05,1,32,1,0.1,lr5e-05_bs32_modL1_fusion32_fusionL1_drop0p1_trmiss80_trlocclin,30,0.41462839643160504,0.6375553905963898,0.6293103448275863,0.7409582859258573,0.7111111111111111,0.0,0.0,0.0,0.0,2002,clin,0.8
2,5,lr5e-05_bs32_modL1_fusion32_fusionL1_drop0p1_trmiss80_trlocclin,32,5e-05,1,32,1,0.1,lr5e-05_bs32_modL1_fusion32_fusionL1_drop0p1_trmiss80_trlocclin,31,0.41609254479408264,0.6401574015617371,0.6357758620689655,0.7440317629619309,0.7111111111111111,0.0,0.0,0.0,0.0,2002,clin,0.8
2,5,lr5e-05_bs32_modL1_fusion32_fusionL1_drop0p1_trmiss80_trlocclin,32,5e-05,1,32,1,0.1,lr5e-05_bs32_modL1_fusion32_fusionL1_drop0p1_trmiss80_trlocclin,32,0.406062513589859,0.6409702897071838,0.6271551724137931,0.7388533778495878,0.6888888888888889,0.0,0.0,0.0,0.0,2002,clin,0.8
2,5,lr5e-05_bs32_modL1_fusion32_fusionL1_drop0p1_trmiss80_trlocclin,32,5e-05,1,32,1,0.1,lr5e-05_bs32_modL1_fusion32_fusionL1_drop0p1_trmiss80_trlocclin,33,0.4049889047940572,0.6386345624923706,0.646551724137931,0.7475415214081168,0.7111111111111111,0.0,0.0,0.0,0.0,2002,clin,0.8
2,5,lr5e-05_bs32_modL1_fusion32_fusionL1_drop0p1_trmiss80_trlocclin,32,5e-05,1,32,1,0.1,lr5e-05_bs32_modL1_fusion32_fusionL1_drop0p1_trmiss80_trlocclin,34,0.40005117158095044,0.6373921036720276,0.6314655172413793,0.7646214573175498,0.6888888888888889,0.0,0.0,0.0,0.0,2002,clin,0.8
2,5,lr5e-05_bs32_modL1_fusion32_fusionL1_drop0p1_trmiss80_trlocclin,32,5e-05,1,32,1,0.1,lr5e-05_bs32_modL1_fusion32_fusionL1_drop0p1_trmiss80_trlocclin,35,0.40362227459748584,0.6330080628395081,0.6422413793103449,0.7720832827817792,0.6888888888888889,0.0,0.0,0.0,0.0,2002,clin,0.8
2,5,lr5e-05_bs32_modL1_fusion32_fusionL1_drop0p1_trmiss80_trlocclin,32,5e-05,1,32,1,0.1,lr5e-05_bs32_modL1_fusion32_fusionL1_drop0p1_trmiss80_trlocclin,36,0.38369111716747284,0.6328620612621307,0.6314655172413793,0.7743173241796697,0.6888888888888889,0.0,0.0,0.0,0.0,2002,clin,0.8
2,5,lr5e-05_bs32_modL1_fusion32_fusionL1_drop0p1_trmiss80_trlocclin,32,5e-05,1,32,1,0.1,lr5e-05_bs32_modL1_fusion32_fusionL1_drop0p1_trmiss80_trlocclin,37,0.39546381930510205,0.6352705359458923,0.6379310344827586,0.7703519000721515,0.6666666666666666,0.0,0.0,0.0,0.0,2002,clin,0.8
2,5,lr5e-05_bs32_modL1_fusion32_fusionL1_drop0p1_trmiss80_trlocclin,32,5e-05,1,32,1,0.1,lr5e-05_bs32_modL1_fusion32_fusionL1_drop0p1_trmiss80_trlocclin,38,0.40069808065891266,0.6340539455413818,0.6422413793103448,0.7686704785117178,0.6666666666666666,0.0,0.0,0.0,0.0,2002,clin,0.8
2,5,lr5e-05_bs32_modL1_fusion32_fusionL1_drop0p1_trmiss80_trlocclin,32,5e-05,1,32,1,0.1,lr5e-05_bs32_modL1_fusion32_fusionL1_drop0p1_trmiss80_trlocclin,39,0.3952285051345825,0.6340456902980804,0.6357758620689655,0.7681577842657905,0.6666666666666666,0.0,0.0,0.0,0.0,2002,clin,0.8
2,5,lr5e-05_bs32_modL1_fusion32_fusionL1_drop0p1_trmiss80_trlocclin,32,5e-05,1,32,1,0.1,lr5e-05_bs32_modL1_fusion32_fusionL1_drop0p1_trmiss80_trlocclin,40,0.39504394431908924,0.6331633031368256,0.6400862068965517,0.7747257129939626,0.6888888888888889,0.0,0.0,0.0,0.0,2002,clin,0.8
2,5,lr5e-05_bs32_modL1_fusion32_fusionL1_drop0p1_trmiss80_trlocclin,32,5e-05,1,32,1,0.1,lr5e-05_bs32_modL1_fusion32_fusionL1_drop0p1_trmiss80_trlocclin,41,0.39162105818589527,0.6301558017730713,0.646551724137931,0.7810444301138109,0.6888888888888889,0.0,0.0,0.0,0.0,2002,clin,0.8
2,5,lr5e-05_bs32_modL1_fusion32_fusionL1_drop0p1_trmiss80_trlocclin,32,5e-05,1,32,1,0.1,lr5e-05_bs32_modL1_fusion32_fusionL1_drop0p1_trmiss80_trlocclin,42,0.3845355212688446,0.6308176219463348,0.6551724137931034,0.7844867760652972,0.7111111111111111,0.0,0.0,0.0,0.0,2002,clin,0.8
2,5,lr5e-05_bs32_modL1_fusion32_fusionL1_drop0p1_trmiss80_trlocclin,32,5e-05,1,32,1,0.1,lr5e-05_bs32_modL1_fusion32_fusionL1_drop0p1_trmiss80_trlocclin,43,0.3755537023146947,0.6350373923778534,0.6573275862068966,0.7740227889492336,0.7111111111111111,0.0,0.0,0.0,0.0,2002,clin,0.8
2,5,lr5e-05_bs32_modL1_fusion32_fusionL1_drop0p1_trmiss80_trlocclin,32,5e-05,1,32,1,0.1,lr5e-05_bs32_modL1_fusion32_fusionL1_drop0p1_trmiss80_trlocclin,44,0.37776931126912433,0.6324056088924408,0.6400862068965517,0.773469846462908,0.6888888888888889,0.0,0.0,0.0,0.0,2002,clin,0.8
2,5,lr5e-05_bs32_modL1_fusion32_fusionL1_drop0p1_trmiss80_trlocclin,32,5e-05,1,32,1,0.1,lr5e-05_bs32_modL1_fusion32_fusionL1_drop0p1_trmiss80_trlocclin,45,0.3814494113127391,0.6326007544994354,0.6357758620689655,0.7664944324074607,0.6222222222222222,0.0,0.0,0.0,0.0,2002,clin,0.8
2,5,lr5e-05_bs32_modL1_fusion32_fusionL1_drop0p1_trmiss80_trlocclin,32,5e-05,1,32,1,0.1,lr5e-05_bs32_modL1_fusion32_fusionL1_drop0p1_trmiss80_trlocclin,46,0.36865727106730145,0.6322822570800781,0.6206896551724137,0.755493975259151,0.6222222222222222,0.0,0.0,0.0,0.0,2002,clin,0.8
2,5,lr5e-05_bs32_modL1_fusion32_fusionL1_drop0p1_trmiss80_trlocclin,32,5e-05,1,32,1,0.1,lr5e-05_bs32_modL1_fusion32_fusionL1_drop0p1_trmiss80_trlocclin,47,0.3760497073332469,0.6305235624313354,0.6443965517241379,0.7693546723669502,0.6444444444444445,0.0,0.0,0.0,0.0,2002,clin,0.8
2,5,lr5e-05_bs32_modL1_fusion32_fusionL1_drop0p1_trmiss80_trlocclin,32,5e-05,1,32,1,0.1,lr5e-05_bs32_modL1_fusion32_fusionL1_drop0p1_trmiss80_trlocclin,48,0.3701399266719818,0.6310118734836578,0.6357758620689655,0.7660286345496914,0.6444444444444445,0.0,0.0,0.0,0.0,2002,clin,0.8
2,5,lr5e-05_bs32_modL1_fusion64_fusionL1_drop0p2_trmiss80_trlocclin,32,5e-05,1,64,1,0.2,lr5e-05_bs32_modL1_fusion64_fusionL1_drop0p2_trmiss80_trlocclin,1,0.7118285695711771,0.6858769357204437,0.6077586206896551,0.716911508701612,0.5777777777777777,0.0,0.0,0.0,0.0,2002,clin,0.8
2,5,lr5e-05_bs32_modL1_fusion64_fusionL1_drop0p2_trmiss80_trlocclin,32,5e-05,1,64,1,0.2,lr5e-05_bs32_modL1_fusion64_fusionL1_drop0p2_trmiss80_trlocclin,2,0.6646365026632944,0.6870113015174866,0.5668103448275862,0.6875032136552297,0.5333333333333333,0.0,0.0,0.0,0.0,2002,clin,0.8
2,5,lr5e-05_bs32_modL1_fusion64_fusionL1_drop0p2_trmiss80_trlocclin,32,5e-05,1,64,1,0.2,lr5e-05_bs32_modL1_fusion64_fusionL1_drop0p2_trmiss80_trlocclin,3,0.6587478220462799,0.6911107003688812,0.5107758620689655,0.6634260167447878,0.5555555555555556,0.0,0.0,0.0,0.0,2002,clin,0.8
2,5,lr5e-05_bs32_modL1_fusion64_fusionL1_drop0p2_trmiss80_trlocclin,32,5e-05,1,64,1,0.2,lr5e-05_bs32_modL1_fusion64_fusionL1_drop0p2_trmiss80_trlocclin,4,0.6400087972482046,0.6896997392177582,0.5193965517241379,0.662815836453666,0.5777777777777777,0.0,0.0,0.0,0.0,2002,clin,0.8
2,5,lr5e-05_bs32_modL1_fusion64_fusionL1_drop0p2_trmiss80_trlocclin,32,5e-05,1,64,1,0.2,lr5e-05_bs32_modL1_fusion64_fusionL1_drop0p2_trmiss80_trlocclin,5,0.6278138359387716,0.6857178807258606,0.5237068965517241,0.6598299060652835,0.6,0.0,0.0,0.0,0.0,2002,clin,0.8
2,5,lr5e-05_bs32_modL1_fusion64_fusionL1_drop0p2_trmiss80_trlocclin,32,5e-05,1,64,1,0.2,lr5e-05_bs32_modL1_fusion64_fusionL1_drop0p2_trmiss80_trlocclin,6,0.6281043787797292,0.679957389831543,0.5646551724137931,0.6994647341258686,0.5777777777777777,0.0,0.0,0.0,0.0,2002,clin,0.8
2,5,lr5e-05_bs32_modL1_fusion64_fusionL1_drop0p2_trmiss80_trlocclin,32,5e-05,1,64,1,0.2,lr5e-05_bs32_modL1_fusion64_fusionL1_drop0p2_trmiss80_trlocclin,7,0.6091244916121165,0.6750510632991791,0.5905172413793103,0.7141023968197913,0.6,0.0,0.0,0.0,0.0,2002,clin,0.8
2,5,lr5e-05_bs32_modL1_fusion64_fusionL1_drop0p2_trmiss80_trlocclin,32,5e-05,1,64,1,0.2,lr5e-05_bs32_modL1_fusion64_fusionL1_drop0p2_trmiss80_trlocclin,8,0.5848288734753927,0.6721991300582886,0.6099137931034483,0.7224005214547089,0.6222222222222222,0.0,0.0,0.0,0.0,2002,clin,0.8
2,5,lr5e-05_bs32_modL1_fusion64_fusionL1_drop0p2_trmiss80_trlocclin,32,5e-05,1,64,1,0.2,lr5e-05_bs32_modL1_fusion64_fusionL1_drop0p2_trmiss80_trlocclin,9,0.5811423460642496,0.6676414310932159,0.6206896551724138,0.7281024369900806,0.6,0.0,0.0,0.0,0.0,2002,clin,0.8
2,5,lr5e-05_bs32_modL1_fusion64_fusionL1_drop0p2_trmiss80_trlocclin,32,5e-05,1,64,1,0.2,lr5e-05_bs32_modL1_fusion64_fusionL1_drop0p2_trmiss80_trlocclin,10,0.5790364344914755,0.6648784875869751,0.6336206896551724,0.7318391409992026,0.6444444444444445,0.0,0.0,0.0,0.0,2002,clin,0.8
2,5,lr5e-05_bs32_modL1_fusion64_fusionL1_drop0p2_trmiss80_trlocclin,32,5e-05,1,64,1,0.2,lr5e-05_bs32_modL1_fusion64_fusionL1_drop0p2_trmiss80_trlocclin,11,0.5597937901814779,0.6632168591022491,0.6314655172413792,0.7323974502434034,0.6,0.0,0.0,0.0,0.0,2002,clin,0.8
2,5,lr5e-05_bs32_modL1_fusion64_fusionL1_drop0p2_trmiss80_trlocclin,32,5e-05,1,64,1,0.2,lr5e-05_bs32_modL1_fusion64_fusionL1_drop0p2_trmiss80_trlocclin,12,0.572428822517395,0.6555827558040619,0.6508620689655172,0.7641592707983274,0.6222222222222222,0.0,0.0,0.0,0.0,2002,clin,0.8
2,5,lr5e-05_bs32_modL1_fusion64_fusionL1_drop0p2_trmiss80_trlocclin,32,5e-05,1,64,1,0.2,lr5e-05_bs32_modL1_fusion64_fusionL1_drop0p2_trmiss80_trlocclin,13,0.5598045786221822,0.6555128693580627,0.6508620689655172,0.7738038737841906,0.6222222222222222,0.0,0.0,0.0,0.0,2002,clin,0.8
2,5,lr5e-05_bs32_modL1_fusion64_fusionL1_drop0p2_trmiss80_trlocclin,32,5e-05,1,64,1,0.2,lr5e-05_bs32_modL1_fusion64_fusionL1_drop0p2_trmiss80_trlocclin,14,0.5501058995723724,0.6567853093147278,0.6422413793103449,0.7699028749294492,0.6444444444444445,0.0,0.0,0.0,0.0,2002,clin,0.8
2,5,lr5e-05_bs32_modL1_fusion64_fusionL1_drop0p2_trmiss80_trlocclin,32,5e-05,1,64,1,0.2,lr5e-05_bs32_modL1_fusion64_fusionL1_drop0p2_trmiss80_trlocclin,15,0.5244863430658976,0.6551302671432495,0.6357758620689655,0.7692570949517175,0.6222222222222222,0.0,0.0,0.0,0.0,2002,clin,0.8
2,5,lr5e-05_bs32_modL1_fusion64_fusionL1_drop0p2_trmiss80_trlocclin,32,5e-05,1,64,1,0.2,lr5e-05_bs32_modL1_fusion64_fusionL1_drop0p2_trmiss80_trlocclin,16,0.5273387581110001,0.6516298055648804,0.6336206896551724,0.7727557650215617,0.6222222222222222,0.0,0.0,0.0,0.0,2002,clin,0.8
2,5,lr5e-05_bs32_modL1_fusion64_fusionL1_drop0p2_trmiss80_trlocclin,32,5e-05,1,64,1,0.2,lr5e-05_bs32_modL1_fusion64_fusionL1_drop0p2_trmiss80_trlocclin,17,0.5175468921661377,0.6503401100635529,0.6314655172413793,0.7748643633546942,0.6222222222222222,0.0,0.0,0.0,0.0,2002,clin,0.8
2,5,lr5e-05_bs32_modL1_fusion64_fusionL1_drop0p2_trmiss80_trlocclin,32,5e-05,1,64,1,0.2,lr5e-05_bs32_modL1_fusion64_fusionL1_drop0p2_trmiss80_trlocclin,18,0.5093945364157358,0.6508220732212067,0.6336206896551725,0.7836125697093492,0.6222222222222222,0.0,0.0,0.0,0.0,2002,clin,0.8
2,5,lr5e-05_bs32_modL1_fusion64_fusionL1_drop0p2_trmiss80_trlocclin,32,5e-05,1,64,1,0.2,lr5e-05_bs32_modL1_fusion64_fusionL1_drop0p2_trmiss80_trlocclin,19,0.4829549640417099,0.6510401964187622,0.6314655172413792,0.7833894351184452,0.6222222222222222,0.0,0.0,0.0,0.0,2002,clin,0.8
2,5,lr5e-05_bs32_modL1_fusion64_fusionL1_drop0p2_trmiss80_trlocclin,32,5e-05,1,64,1,0.2,lr5e-05_bs32_modL1_fusion64_fusionL1_drop0p2_trmiss80_trlocclin,20,0.49431618054707843,0.6501667499542236,0.6336206896551724,0.7753778647513917,0.6,0.0,0.0,0.0,0.0,2002,clin,0.8
2,5,lr5e-05_bs32_modL1_fusion64_fusionL1_drop0p2_trmiss80_trlocclin,32,5e-05,1,64,1,0.2,lr5e-05_bs32_modL1_fusion64_fusionL1_drop0p2_trmiss80_trlocclin,21,0.4913897116978963,0.6521991193294525,0.6357758620689655,0.774689664063191,0.6222222222222222,0.0,0.0,0.0,0.0,2002,clin,0.8
2,5,lr5e-05_bs32_modL1_fusion64_fusionL1_drop0p2_trmiss80_trlocclin,32,5e-05,1,64,1,0.2,lr5e-05_bs32_modL1_fusion64_fusionL1_drop0p2_trmiss80_trlocclin,22,0.48179541031519574,0.6530060172080994,0.6379310344827586,0.7793483831422153,0.6222222222222222,0.0,0.0,0.0,0.0,2002,clin,0.8
2,5,lr5e-05_bs32_modL1_fusion64_fusionL1_drop0p2_trmiss80_trlocclin,32,5e-05,1,64,1,0.2,lr5e-05_bs32_modL1_fusion64_fusionL1_drop0p2_trmiss80_trlocclin,23,0.46615929901599884,0.649819552898407,0.6336206896551724,0.7760677212324903,0.6,0.0,0.0,0.0,0.0,2002,clin,0.8
2,5,lr5e-05_bs32_modL1_fusion64_fusionL1_drop0p2_trmiss80_trlocclin,32,5e-05,1,64,1,0.2,lr5e-05_bs32_modL1_fusion64_fusionL1_drop0p2_trmiss80_trlocclin,24,0.4689507832129796,0.650770515203476,0.6400862068965517,0.7780567746109109,0.5777777777777777,0.0,0.0,0.0,0.0,2002,clin,0.8
2,5,lr5e-05_bs32_modL1_fusion64_fusionL1_drop0p2_trmiss80_trlocclin,32,5e-05,1,64,1,0.2,lr5e-05_bs32_modL1_fusion64_fusionL1_drop0p2_trmiss80_trlocclin,25,0.45830176770687103,0.6514541208744049,0.644396551724138,0.7891719894386147,0.5777777777777777,0.0,0.0,0.0,0.0,2002,clin,0.8
2,5,lr5e-05_bs32_modL1_fusion64_fusionL1_drop0p2_trmiss80_trlocclin,32,5e-05,1,64,1,0.2,lr5e-05_bs32_modL1_fusion64_fusionL1_drop0p2_trmiss80_trlocclin,26,0.44803354144096375,0.6468635499477386,0.6508620689655172,0.7920529068184542,0.5777777777777777,0.0,0.0,0.0,0.0,2002,clin,0.8
2,5,lr5e-05_bs32_modL1_fusion64_fusionL1_drop0p2_trmiss80_trlocclin,32,5e-05,1,64,1,0.2,lr5e-05_bs32_modL1_fusion64_fusionL1_drop0p2_trmiss80_trlocclin,27,0.4476417899131775,0.6441026628017426,0.6616379310344828,0.798646392767657,0.5777777777777777,0.0,0.0,0.0,0.0,2002,clin,0.8
2,5,lr5e-05_bs32_modL1_fusion64_fusionL1_drop0p2_trmiss80_trlocclin,32,5e-05,1,64,1,0.2,lr5e-05_bs32_modL1_fusion64_fusionL1_drop0p2_trmiss80_trlocclin,28,0.4320343683163325,0.6460502743721008,0.6594827586206896,0.7997153159765396,0.5777777777777777,0.0,0.0,0.0,0.0,2002,clin,0.8
2,5,lr5e-05_bs32_modL1_fusion64_fusionL1_drop0p2_trmiss80_trlocclin,32,5e-05,1,64,1,0.2,lr5e-05_bs32_modL1_fusion64_fusionL1_drop0p2_trmiss80_trlocclin,29,0.43370764950911206,0.651411771774292,0.6487068965517241,0.7998148606171593,0.5777777777777777,0.0,0.0,0.0,0.0,2002,clin,0.8
2,5,lr5e-05_bs32_modL1_fusion64_fusionL1_drop0p2_trmiss80_trlocclin,32,5e-05,1,64,1,0.2,lr5e-05_bs32_modL1_fusion64_fusionL1_drop0p2_trmiss80_trlocclin,30,0.4323117733001709,0.647259533405304,0.6422413793103449,0.8030198621389175,0.5777777777777777,0.0,0.0,0.0,0.0,2002,clin,0.8
2,5,lr5e-05_bs32_modL1_fusion64_fusionL1_drop0p2_trmiss80_trlocclin,32,5e-05,1,64,1,0.2,lr5e-05_bs32_modL1_fusion64_fusionL1_drop0p2_trmiss80_trlocclin,31,0.43202224373817444,0.6448560655117035,0.6551724137931034,0.8102735512597112,0.5777777777777777,0.0,0.0,0.0,0.0,2002,clin,0.8
2,5,lr5e-05_bs32_modL1_fusion64_fusionL1_drop0p2_trmiss80_trlocclin,32,5e-05,1,64,1,0.2,lr5e-05_bs32_modL1_fusion64_fusionL1_drop0p2_trmiss80_trlocclin,32,0.4120922386646271,0.6462266445159912,0.6379310344827586,0.8009257649088821,0.5777777777777777,0.0,0.0,0.0,0.0,2002,clin,0.8
2,5,lr5e-05_bs32_modL1_fusion64_fusionL1_drop0p2_trmiss80_trlocclin,32,5e-05,1,64,1,0.2,lr5e-05_bs32_modL1_fusion64_fusionL1_drop0p2_trmiss80_trlocclin,33,0.42524781326452893,0.6438050866127014,0.6465517241379309,0.8017436215049161,0.5777777777777777,0.0,0.0,0.0,0.0,2002,clin,0.8
2,5,lr5e-05_bs32_modL1_fusion64_fusionL1_drop0p2_trmiss80_trlocclin,32,5e-05,1,64,1,0.2,lr5e-05_bs32_modL1_fusion64_fusionL1_drop0p2_trmiss80_trlocclin,34,0.4335448493560155,0.641919732093811,0.6443965517241379,0.7968788488605383,0.6,0.0,0.0,0.0,0.0,2002,clin,0.8
2,5,lr5e-05_bs32_modL1_fusion64_fusionL1_drop0p2_trmiss80_trlocclin,32,5e-05,1,64,1,0.2,lr5e-05_bs32_modL1_fusion64_fusionL1_drop0p2_trmiss80_trlocclin,35,0.40215112765630084,0.6459795534610748,0.6357758620689655,0.7930314077188851,0.6,0.0,0.0,0.0,0.0,2002,clin,0.8
2,5,lr5e-05_bs32_modL1_fusion64_fusionL1_drop0p2_trmiss80_trlocclin,32,5e-05,1,64,1,0.2,lr5e-05_bs32_modL1_fusion64_fusionL1_drop0p2_trmiss80_trlocclin,36,0.40648271640141803,0.6535978019237518,0.6357758620689655,0.797960512547903,0.6,0.0,0.0,0.0,0.0,2002,clin,0.8
2,5,lr5e-05_bs32_modL1_fusion64_fusionL1_drop0p2_trmiss80_trlocclin,32,5e-05,1,64,1,0.2,lr5e-05_bs32_modL1_fusion64_fusionL1_drop0p2_trmiss80_trlocclin,37,0.4102776249249776,0.652412623167038,0.6422413793103448,0.798649306612986,0.5777777777777777,0.0,0.0,0.0,0.0,2002,clin,0.8
2,5,lr5e-05_bs32_modL1_fusion64_fusionL1_drop0p2_trmiss80_trlocclin,32,5e-05,1,64,1,0.2,lr5e-05_bs32_modL1_fusion64_fusionL1_drop0p2_trmiss80_trlocclin,38,0.38120420277118683,0.6458367109298706,0.6594827586206897,0.8149015550406906,0.5777777777777777,0.0,0.0,0.0,0.0,2002,clin,0.8
2,5,lr5e-05_bs32_modL1_fusion64_fusionL1_drop0p2_trmiss80_trlocclin,32,5e-05,1,64,1,0.2,lr5e-05_bs32_modL1_fusion64_fusionL1_drop0p2_trmiss80_trlocclin,39,0.37807588279247284,0.6381703913211823,0.6508620689655172,0.8028914430871585,0.6,0.0,0.0,0.0,0.0,2002,clin,0.8
2,5,lr5e-05_bs32_modL1_fusion64_fusionL1_drop0p2_trmiss80_trlocclin,32,5e-05,1,64,1,0.2,lr5e-05_bs32_modL1_fusion64_fusionL1_drop0p2_trmiss80_trlocclin,40,0.36393508315086365,0.6357579529285431,0.6530172413793104,0.8069692759568543,0.6,0.0,0.0,0.0,0.0,2002,clin,0.8
2,5,lr5e-05_bs32_modL1_fusion64_fusionL1_drop0p2_trmiss80_trlocclin,32,5e-05,1,64,1,0.2,lr5e-05_bs32_modL1_fusion64_fusionL1_drop0p2_trmiss80_trlocclin,41,0.3853183289368947,0.6357612907886505,0.6530172413793104,0.8108838264907294,0.6,0.0,0.0,0.0,0.0,2002,clin,0.8
2,5,lr5e-05_bs32_modL1_fusion64_fusionL1_drop0p2_trmiss80_trlocclin,32,5e-05,1,64,1,0.2,lr5e-05_bs32_modL1_fusion64_fusionL1_drop0p2_trmiss80_trlocclin,42,0.3669821669658025,0.6316289305686951,0.665948275862069,0.8197116225705654,0.6,0.0,0.0,0.0,0.0,2002,clin,0.8
2,5,lr5e-05_bs32_modL1_fusion64_fusionL1_drop0p2_trmiss80_trlocclin,32,5e-05,1,64,1,0.2,lr5e-05_bs32_modL1_fusion64_fusionL1_drop0p2_trmiss80_trlocclin,43,0.36054779092470807,0.629971832036972,0.6767241379310345,0.8252029670621881,0.6,0.0,0.0,0.0,0.0,2002,clin,0.8
2,5,lr5e-05_bs32_modL1_fusion64_fusionL1_drop0p2_trmiss80_trlocclin,32,5e-05,1,64,1,0.2,lr5e-05_bs32_modL1_fusion64_fusionL1_drop0p2_trmiss80_trlocclin,44,0.35656870901584625,0.6331270039081573,0.6810344827586207,0.8310502038057668,0.5777777777777777,0.0,0.0,0.0,0.0,2002,clin,0.8
2,5,lr5e-05_bs32_modL1_fusion64_fusionL1_drop0p2_trmiss80_trlocclin,32,5e-05,1,64,1,0.2,lr5e-05_bs32_modL1_fusion64_fusionL1_drop0p2_trmiss80_trlocclin,45,0.3460708608229955,0.6282213628292084,0.6831896551724138,0.8362497541141878,0.6,0.0,0.0,0.0,0.0,2002,clin,0.8
2,5,lr5e-05_bs32_modL1_fusion64_fusionL1_drop0p2_trmiss80_trlocclin,32,5e-05,1,64,1,0.2,lr5e-05_bs32_modL1_fusion64_fusionL1_drop0p2_trmiss80_trlocclin,46,0.33898284037907916,0.6297022700309753,0.6896551724137931,0.8373450341295885,0.5777777777777777,0.0,0.0,0.0,0.0,2002,clin,0.8
2,5,lr5e-05_bs32_modL1_fusion64_fusionL1_drop0p2_trmiss80_trlocclin,32,5e-05,1,64,1,0.2,lr5e-05_bs32_modL1_fusion64_fusionL1_drop0p2_trmiss80_trlocclin,47,0.33560875058174133,0.6292862594127655,0.6939655172413793,0.8431408614020566,0.5777777777777777,0.0,0.0,0.0,0.0,2002,clin,0.8
2,5,lr5e-05_bs32_modL1_fusion64_fusionL1_drop0p2_trmiss80_trlocclin,32,5e-05,1,64,1,0.2,lr5e-05_bs32_modL1_fusion64_fusionL1_drop0p2_trmiss80_trlocclin,48,0.34700564046700794,0.6324728429317474,0.6767241379310345,0.8323125256101984,0.5777777777777777,0.0,0.0,0.0,0.0,2002,clin,0.8
2,5,lr5e-05_bs32_modL1_fusion64_fusionL1_drop0p2_trmiss80_trlocclin,32,5e-05,1,64,1,0.2,lr5e-05_bs32_modL1_fusion64_fusionL1_drop0p2_trmiss80_trlocclin,49,0.33555635809898376,0.6350489258766174,0.6702586206896551,0.8281462966780524,0.5777777777777777,0.0,0.0,0.0,0.0,2002,clin,0.8
2,5,lr5e-05_bs32_modL1_fusion64_fusionL1_drop0p2_trmiss80_trlocclin,32,5e-05,1,64,1,0.2,lr5e-05_bs32_modL1_fusion64_fusionL1_drop0p2_trmiss80_trlocclin,50,0.33160026371479034,0.6392712593078613,0.6594827586206897,0.822545213381406,0.5777777777777777,0.0,0.0,0.0,0.0,2002,clin,0.8
2,5,lr5e-05_bs32_modL1_fusion64_fusionL1_drop0p2_trmiss80_trlocclin,32,5e-05,1,64,1,0.2,lr5e-05_bs32_modL1_fusion64_fusionL1_drop0p2_trmiss80_trlocclin,51,0.3316957354545593,0.6297795176506042,0.6788793103448276,0.8300795235424223,0.5777777777777777,0.0,0.0,0.0,0.0,2002,clin,0.8
2,5,lr5e-05_bs32_modL1_fusion64_fusionL1_drop0p2_trmiss80_trlocclin,32,5e-05,1,64,1,0.2,lr5e-05_bs32_modL1_fusion64_fusionL1_drop0p2_trmiss80_trlocclin,52,0.31260259946187335,0.6214295327663422,0.6831896551724137,0.8327742745624109,0.6,0.0,0.0,0.0,0.0,2002,clin,0.8
2,5,lr5e-05_bs32_modL1_fusion64_fusionL1_drop0p2_trmiss80_trlocclin,32,5e-05,1,64,1,0.2,lr5e-05_bs32_modL1_fusion64_fusionL1_drop0p2_trmiss80_trlocclin,53,0.3187689582506816,0.6233325600624084,0.6810344827586207,0.8312957596182022,0.6,0.0,0.0,0.0,0.0,2002,clin,0.8
2,5,lr5e-05_bs32_modL1_fusion64_fusionL1_drop0p2_trmiss80_trlocclin,32,5e-05,1,64,1,0.2,lr5e-05_bs32_modL1_fusion64_fusionL1_drop0p2_trmiss80_trlocclin,54,0.31776851912339527,0.6288169920444489,0.6745689655172413,0.8283221039328994,0.5777777777777777,0.0,0.0,0.0,0.0,2002,clin,0.8
2,5,lr5e-05_bs32_modL1_fusion64_fusionL1_drop0p2_trmiss80_trlocclin,32,5e-05,1,64,1,0.2,lr5e-05_bs32_modL1_fusion64_fusionL1_drop0p2_trmiss80_trlocclin,55,0.318439448873202,0.6321563720703125,0.6724137931034483,0.8270905768393033,0.5777777777777777,0.0,0.0,0.0,0.0,2002,clin,0.8
2,5,lr5e-05_bs32_modL1_fusion64_fusionL1_drop0p2_trmiss80_trlocclin,32,5e-05,1,64,1,0.2,lr5e-05_bs32_modL1_fusion64_fusionL1_drop0p2_trmiss80_trlocclin,56,0.3175620088974635,0.6335750222206116,0.6681034482758621,0.8259561468903527,0.5555555555555556,0.0,0.0,0.0,0.0,2002,clin,0.8
2,5,lr5e-05_bs32_modL1_fusion64_fusionL1_drop0p2_trmiss80_trlocclin,32,5e-05,1,64,1,0.2,lr5e-05_bs32_modL1_fusion64_fusionL1_drop0p2_trmiss80_trlocclin,57,0.3062537560860316,0.6343808770179749,0.6637931034482758,0.8226054781292003,0.5777777777777777,0.0,0.0,0.0,0.0,2002,clin,0.8
2,5,lr5e-05_bs32_modL1_fusion64_fusionL1_drop0p2_trmiss80_trlocclin,32,5e-05,1,64,1,0.2,lr5e-05_bs32_modL1_fusion64_fusionL1_drop0p2_trmiss80_trlocclin,58,0.2957236369450887,0.6345956325531006,0.6637931034482758,0.8251037388253262,0.5333333333333333,0.0,0.0,0.0,0.0,2002,clin,0.8
2,5,lr5e-05_bs32_modL1_fusion64_fusionL1_drop0p2_trmiss80_trlocclin,32,5e-05,1,64,1,0.2,lr5e-05_bs32_modL1_fusion64_fusionL1_drop0p2_trmiss80_trlocclin,59,0.3210948208967845,0.6299373507499695,0.665948275862069,0.8257605532752439,0.5555555555555556,0.0,0.0,0.0,0.0,2002,clin,0.8
2,5,lr5e-05_bs32_modL1_fusion64_fusionL1_drop0p2_trmiss80_trlocclin,32,5e-05,1,64,1,0.2,lr5e-05_bs32_modL1_fusion64_fusionL1_drop0p2_trmiss80_trlocclin,60,0.3076013724009196,0.6284745931625366,0.6724137931034482,0.8279494813613253,0.5777777777777777,0.0,0.0,0.0,0.0,2002,clin,0.8
2,5,lr5e-05_bs32_modL1_fusion64_fusionL1_drop0p2_trmiss80_trlocclin,32,5e-05,1,64,1,0.2,lr5e-05_bs32_modL1_fusion64_fusionL1_drop0p2_trmiss80_trlocclin,61,0.3030138512452443,0.6287237703800201,0.6702586206896552,0.8261068719642695,0.5555555555555556,0.0,0.0,0.0,0.0,2002,clin,0.8
2,5,lr5e-05_bs32_modL1_fusion64_fusionL1_drop0p2_trmiss80_trlocclin,32,5e-05,1,64,1,0.2,lr5e-05_bs32_modL1_fusion64_fusionL1_drop0p2_trmiss80_trlocclin,62,0.29687102138996124,0.628584623336792,0.6745689655172414,0.8285326071486252,0.5777777777777777,0.0,0.0,0.0,0.0,2002,clin,0.8
2,5,lr5e-05_bs32_modL1_fusion64_fusionL1_drop0p2_trmiss80_trlocclin,32,5e-05,1,64,1,0.2,lr5e-05_bs32_modL1_fusion64_fusionL1_drop0p2_trmiss80_trlocclin,63,0.2896818021933238,0.6274333298206329,0.6767241379310345,0.8292280577426561,0.5777777777777777,0.0,0.0,0.0,0.0,2002,clin,0.8
2,5,lr5e-05_bs32_modL1_fusion64_fusionL1_drop0p2_trmiss80_trlocclin,32,5e-05,1,64,1,0.2,lr5e-05_bs32_modL1_fusion64_fusionL1_drop0p2_trmiss80_trlocclin,64,0.30200638870398205,0.6291285455226898,0.6745689655172413,0.8278634891100187,0.5555555555555556,0.0,0.0,0.0,0.0,2002,clin,0.8
2,5,lr5e-05_bs32_modL1_fusion64_fusionL1_drop0p2_trmiss80_trlocclin,32,5e-05,1,64,1,0.2,lr5e-05_bs32_modL1_fusion64_fusionL1_drop0p2_trmiss80_trlocclin,65,0.2933528870344162,0.6266745924949646,0.6875,0.8355969978161686,0.5777777777777777,0.0,0.0,0.0,0.0,2002,clin,0.8
2,5,lr5e-05_bs32_modL1_fusion64_fusionL1_drop0p2_trmiss80_trlocclin,32,5e-05,1,64,1,0.2,lr5e-05_bs32_modL1_fusion64_fusionL1_drop0p2_trmiss80_trlocclin,66,0.3111434280872345,0.6271576583385468,0.6875,0.8355969978161686,0.6,0.0,0.0,0.0,0.0,2002,clin,0.8
2,5,lr5e-05_bs32_modL1_fusion64_fusionL1_drop0p2_trmiss80_trlocclin,32,5e-05,1,64,1,0.2,lr5e-05_bs32_modL1_fusion64_fusionL1_drop0p2_trmiss80_trlocclin,67,0.3009900550047557,0.6255938112735748,0.6767241379310345,0.8301479726727377,0.5777777777777777,0.0,0.0,0.0,0.0,2002,clin,0.8
2,5,lr5e-05_bs32_modL1_fusion64_fusionL1_drop0p1_trmiss80_trlocclin,32,5e-05,1,64,1,0.1,lr5e-05_bs32_modL1_fusion64_fusionL1_drop0p1_trmiss80_trlocclin,1,0.6946741342544556,0.6986421942710876,0.48922413793103453,0.7057325152367689,0.4444444444444444,0.0,0.0,0.0,0.0,2002,clin,0.8
2,5,lr5e-05_bs32_modL1_fusion64_fusionL1_drop0p1_trmiss80_trlocclin,32,5e-05,1,64,1,0.1,lr5e-05_bs32_modL1_fusion64_fusionL1_drop0p1_trmiss80_trlocclin,2,0.6731861432393392,0.7008211314678192,0.4741379310344827,0.6911838268059152,0.4444444444444444,0.0,0.0,0.0,0.0,2002,clin,0.8
2,5,lr5e-05_bs32_modL1_fusion64_fusionL1_drop0p1_trmiss80_trlocclin,32,5e-05,1,64,1,0.1,lr5e-05_bs32_modL1_fusion64_fusionL1_drop0p1_trmiss80_trlocclin,3,0.660315732161204,0.7011080384254456,0.47629310344827586,0.6875022736434436,0.4444444444444444,0.0,0.0,0.0,0.0,2002,clin,0.8
2,5,lr5e-05_bs32_modL1_fusion64_fusionL1_drop0p1_trmiss80_trlocclin,32,5e-05,1,64,1,0.1,lr5e-05_bs32_modL1_fusion64_fusionL1_drop0p1_trmiss80_trlocclin,4,0.617262452840805,0.7013614177703857,0.48275862068965525,0.6814995986426311,0.4888888888888889,0.0,0.0,0.0,0.0,2002,clin,0.8
2,5,lr5e-05_bs32_modL1_fusion64_fusionL1_drop0p1_trmiss80_trlocclin,32,5e-05,1,64,1,0.1,lr5e-05_bs32_modL1_fusion64_fusionL1_drop0p1_trmiss80_trlocclin,5,0.6042083402474722,0.6996629536151886,0.5086206896551724,0.6926874501740015,0.5111111111111111,0.0,0.0,0.0,0.0,2002,clin,0.8
2,5,lr5e-05_bs32_modL1_fusion64_fusionL1_drop0p1_trmiss80_trlocclin,32,5e-05,1,64,1,0.1,lr5e-05_bs32_modL1_fusion64_fusionL1_drop0p1_trmiss80_trlocclin,6,0.5877033670743307,0.6992713510990143,0.5150862068965518,0.6964985590026536,0.5333333333333333,0.0,0.0,0.0,0.0,2002,clin,0.8
2,5,lr5e-05_bs32_modL1_fusion64_fusionL1_drop0p1_trmiss80_trlocclin,32,5e-05,1,64,1,0.1,lr5e-05_bs32_modL1_fusion64_fusionL1_drop0p1_trmiss80_trlocclin,7,0.5759402612845103,0.698228657245636,0.5387931034482759,0.7119763087549289,0.5333333333333333,0.0,0.0,0.0,0.0,2002,clin,0.8
2,5,lr5e-05_bs32_modL1_fusion64_fusionL1_drop0p1_trmiss80_trlocclin,32,5e-05,1,64,1,0.1,lr5e-05_bs32_modL1_fusion64_fusionL1_drop0p1_trmiss80_trlocclin,8,0.5751541455586752,0.6916235983371735,0.560344827586207,0.7215069347051025,0.5333333333333333,0.0,0.0,0.0,0.0,2002,clin,0.8
2,5,lr5e-05_bs32_modL1_fusion64_fusionL1_drop0p1_trmiss80_trlocclin,32,5e-05,1,64,1,0.1,lr5e-05_bs32_modL1_fusion64_fusionL1_drop0p1_trmiss80_trlocclin,9,0.5600559115409851,0.6876707077026367,0.5754310344827586,0.7267184177729664,0.6,0.0,0.0,0.0,0.0,2002,clin,0.8
2,5,lr5e-05_bs32_modL1_fusion64_fusionL1_drop0p1_trmiss80_trlocclin,32,5e-05,1,64,1,0.1,lr5e-05_bs32_modL1_fusion64_fusionL1_drop0p1_trmiss80_trlocclin,10,0.5442945758501688,0.6809095442295074,0.6056034482758621,0.7380790526510028,0.5777777777777777,0.0,0.0,0.0,0.0,2002,clin,0.8
2,5,lr5e-05_bs32_modL1_fusion64_fusionL1_drop0p1_trmiss80_trlocclin,32,5e-05,1,64,1,0.1,lr5e-05_bs32_modL1_fusion64_fusionL1_drop0p1_trmiss80_trlocclin,11,0.5505726436773936,0.6752336919307709,0.6336206896551723,0.7559941891929559,0.6,0.0,0.0,0.0,0.0,2002,clin,0.8
2,5,lr5e-05_bs32_modL1_fusion64_fusionL1_drop0p1_trmiss80_trlocclin,32,5e-05,1,64,1,0.1,lr5e-05_bs32_modL1_fusion64_fusionL1_drop0p1_trmiss80_trlocclin,12,0.5359191199143728,0.6690594851970673,0.6400862068965517,0.7585580690747559,0.6,0.0,0.0,0.0,0.0,2002,clin,0.8
2,5,lr5e-05_bs32_modL1_fusion64_fusionL1_drop0p1_trmiss80_trlocclin,32,5e-05,1,64,1,0.1,lr5e-05_bs32_modL1_fusion64_fusionL1_drop0p1_trmiss80_trlocclin,13,0.49995030959447223,0.6649647057056427,0.6336206896551724,0.7552321203634116,0.5777777777777777,0.0,0.0,0.0,0.0,2002,clin,0.8
2,5,lr5e-05_bs32_modL1_fusion64_fusionL1_drop0p1_trmiss80_trlocclin,32,5e-05,1,64,1,0.1,lr5e-05_bs32_modL1_fusion64_fusionL1_drop0p1_trmiss80_trlocclin,14,0.5078767985105515,0.6620907187461853,0.646551724137931,0.7604028493019221,0.6,0.0,0.0,0.0,0.0,2002,clin,0.8
2,5,lr5e-05_bs32_modL1_fusion64_fusionL1_drop0p1_trmiss80_trlocclin,32,5e-05,1,64,1,0.1,lr5e-05_bs32_modL1_fusion64_fusionL1_drop0p1_trmiss80_trlocclin,15,0.5043601195017496,0.6577714085578918,0.6637931034482758,0.7686900707702109,0.6,0.0,0.0,0.0,0.0,2002,clin,0.8
2,5,lr5e-05_bs32_modL1_fusion64_fusionL1_drop0p1_trmiss80_trlocclin,32,5e-05,1,64,1,0.1,lr5e-05_bs32_modL1_fusion64_fusionL1_drop0p1_trmiss80_trlocclin,16,0.48331906894842785,0.6581299901008606,0.6637931034482759,0.7671120102211388,0.6,0.0,0.0,0.0,0.0,2002,clin,0.8
2,5,lr5e-05_bs32_modL1_fusion64_fusionL1_drop0p1_trmiss80_trlocclin,32,5e-05,1,64,1,0.1,lr5e-05_bs32_modL1_fusion64_fusionL1_drop0p1_trmiss80_trlocclin,17,0.4784848441680272,0.6545624136924744,0.6810344827586207,0.7734412564379777,0.6,0.0,0.0,0.0,0.0,2002,clin,0.8
2,5,lr5e-05_bs32_modL1_fusion64_fusionL1_drop0p1_trmiss80_trlocclin,32,5e-05,1,64,1,0.1,lr5e-05_bs32_modL1_fusion64_fusionL1_drop0p1_trmiss80_trlocclin,18,0.4695328821738561,0.6513155102729797,0.7025862068965517,0.7834445634947693,0.6444444444444445,0.0,0.0,0.0,0.0,2002,clin,0.8
2,5,lr5e-05_bs32_modL1_fusion64_fusionL1_drop0p1_trmiss80_trlocclin,32,5e-05,1,64,1,0.1,lr5e-05_bs32_modL1_fusion64_fusionL1_drop0p1_trmiss80_trlocclin,19,0.4730503012736638,0.6524515450000763,0.6982758620689655,0.7865098581626722,0.6444444444444445,0.0,0.0,0.0,0.0,2002,clin,0.8
2,5,lr5e-05_bs32_modL1_fusion64_fusionL1_drop0p1_trmiss80_trlocclin,32,5e-05,1,64,1,0.1,lr5e-05_bs32_modL1_fusion64_fusionL1_drop0p1_trmiss80_trlocclin,20,0.4489307353893916,0.6527472734451294,0.6961206896551724,0.7840226291330609,0.6222222222222222,0.0,0.0,0.0,0.0,2002,clin,0.8
2,5,lr5e-05_bs32_modL1_fusion64_fusionL1_drop0p1_trmiss80_trlocclin,32,5e-05,1,64,1,0.1,lr5e-05_bs32_modL1_fusion64_fusionL1_drop0p1_trmiss80_trlocclin,21,0.45450110733509064,0.6515973806381226,0.6918103448275863,0.7820044133517259,0.6222222222222222,0.0,0.0,0.0,0.0,2002,clin,0.8
2,5,lr5e-05_bs32_modL1_fusion64_fusionL1_drop0p1_trmiss80_trlocclin,32,5e-05,1,64,1,0.1,lr5e-05_bs32_modL1_fusion64_fusionL1_drop0p1_trmiss80_trlocclin,22,0.4386526793241501,0.648693174123764,0.6875,0.7770730483738403,0.6222222222222222,0.0,0.0,0.0,0.0,2002,clin,0.8
2,5,lr5e-05_bs32_modL1_fusion64_fusionL1_drop0p1_trmiss80_trlocclin,32,5e-05,1,64,1,0.1,lr5e-05_bs32_modL1_fusion64_fusionL1_drop0p1_trmiss80_trlocclin,23,0.43904322882493335,0.6450554132461548,0.709051724137931,0.7836222375102937,0.6888888888888889,0.0,0.0,0.0,0.0,2002,clin,0.8
2,5,lr5e-05_bs32_modL1_fusion64_fusionL1_drop0p1_trmiss80_trlocclin,32,5e-05,1,64,1,0.1,lr5e-05_bs32_modL1_fusion64_fusionL1_drop0p1_trmiss80_trlocclin,24,0.4276476800441742,0.6427099704742432,0.7176724137931034,0.7883151632913881,0.6888888888888889,0.0,0.0,0.0,0.0,2002,clin,0.8
2,5,lr5e-05_bs32_modL1_fusion64_fusionL1_drop0p1_trmiss80_trlocclin,32,5e-05,1,64,1,0.1,lr5e-05_bs32_modL1_fusion64_fusionL1_drop0p1_trmiss80_trlocclin,25,0.4010631839434306,0.6468476951122284,0.7112068965517242,0.7899222123132853,0.6888888888888889,0.0,0.0,0.0,0.0,2002,clin,0.8
2,5,lr5e-05_bs32_modL1_fusion64_fusionL1_drop0p1_trmiss80_trlocclin,32,5e-05,1,64,1,0.1,lr5e-05_bs32_modL1_fusion64_fusionL1_drop0p1_trmiss80_trlocclin,26,0.39954232672850293,0.6483676135540009,0.7112068965517241,0.7888456815015955,0.6666666666666666,0.0,0.0,0.0,0.0,2002,clin,0.8
2,5,lr5e-05_bs32_modL1_fusion64_fusionL1_drop0p1_trmiss80_trlocclin,32,5e-05,1,64,1,0.1,lr5e-05_bs32_modL1_fusion64_fusionL1_drop0p1_trmiss80_trlocclin,27,0.4007509648799896,0.6455352604389191,0.709051724137931,0.7856101619748683,0.6888888888888889,0.0,0.0,0.0,0.0,2002,clin,0.8
2,5,lr5e-05_bs32_modL1_fusion64_fusionL1_drop0p1_trmiss80_trlocclin,32,5e-05,1,64,1,0.1,lr5e-05_bs32_modL1_fusion64_fusionL1_drop0p1_trmiss80_trlocclin,28,0.4166055570046107,0.6418715119361877,0.7155172413793103,0.7938428875209426,0.6888888888888889,0.0,0.0,0.0,0.0,2002,clin,0.8
2,5,lr5e-05_bs32_modL1_fusion64_fusionL1_drop0p1_trmiss80_trlocclin,32,5e-05,1,64,1,0.1,lr5e-05_bs32_modL1_fusion64_fusionL1_drop0p1_trmiss80_trlocclin,29,0.38622432947158813,0.6435677111148834,0.7047413793103448,0.7896728465613914,0.6888888888888889,0.0,0.0,0.0,0.0,2002,clin,0.8
2,5,lr5e-05_bs32_modL1_fusion64_fusionL1_drop0p1_trmiss80_trlocclin,32,5e-05,1,64,1,0.1,lr5e-05_bs32_modL1_fusion64_fusionL1_drop0p1_trmiss80_trlocclin,30,0.3684588025013606,0.645471066236496,0.7068965517241379,0.7887586721265959,0.6666666666666666,0.0,0.0,0.0,0.0,2002,clin,0.8
2,5,lr5e-05_bs32_modL1_fusion64_fusionL1_drop0p1_trmiss80_trlocclin,32,5e-05,1,64,1,0.1,lr5e-05_bs32_modL1_fusion64_fusionL1_drop0p1_trmiss80_trlocclin,31,0.35451947649319965,0.6413479745388031,0.7155172413793103,0.791387338217933,0.6888888888888889,0.0,0.0,0.0,0.0,2002,clin,0.8
2,5,lr5e-05_bs32_modL1_fusion64_fusionL1_drop0p1_trmiss80_trlocclin,32,5e-05,1,64,1,0.1,lr5e-05_bs32_modL1_fusion64_fusionL1_drop0p1_trmiss80_trlocclin,32,0.3625255177418391,0.6400892436504364,0.7155172413793103,0.7896273681503404,0.6666666666666666,0.0,0.0,0.0,0.0,2002,clin,0.8
2,5,lr5e-05_bs32_modL1_fusion64_fusionL1_drop0p1_trmiss80_trlocclin,32,5e-05,1,64,1,0.1,lr5e-05_bs32_modL1_fusion64_fusionL1_drop0p1_trmiss80_trlocclin,33,0.3604529897371928,0.6378070116043091,0.728448275862069,0.8064501645343042,0.6666666666666666,0.0,0.0,0.0,0.0,2002,clin,0.8
2,5,lr5e-05_bs32_modL1_fusion64_fusionL1_drop0p1_trmiss80_trlocclin,32,5e-05,1,64,1,0.1,lr5e-05_bs32_modL1_fusion64_fusionL1_drop0p1_trmiss80_trlocclin,34,0.3569284677505493,0.6364695727825165,0.728448275862069,0.8043402298785102,0.6888888888888889,0.0,0.0,0.0,0.0,2002,clin,0.8
2,5,lr5e-05_bs32_modL1_fusion64_fusionL1_drop0p1_trmiss80_trlocclin,32,5e-05,1,64,1,0.1,lr5e-05_bs32_modL1_fusion64_fusionL1_drop0p1_trmiss80_trlocclin,35,0.34546232720216113,0.639149010181427,0.728448275862069,0.8054787465342682,0.7111111111111111,0.0,0.0,0.0,0.0,2002,clin,0.8
2,5,lr5e-05_bs32_modL1_fusion64_fusionL1_drop0p1_trmiss80_trlocclin,32,5e-05,1,64,1,0.1,lr5e-05_bs32_modL1_fusion64_fusionL1_drop0p1_trmiss80_trlocclin,36,0.34419208268324536,0.6366075873374939,0.7370689655172413,0.818137018458166,0.7111111111111111,0.0,0.0,0.0,0.0,2002,clin,0.8
2,5,lr5e-05_bs32_modL1_fusion64_fusionL1_drop0p1_trmiss80_trlocclin,32,5e-05,1,64,1,0.1,lr5e-05_bs32_modL1_fusion64_fusionL1_drop0p1_trmiss80_trlocclin,37,0.35545288026332855,0.6381602585315704,0.7262931034482759,0.8036487095991205,0.7111111111111111,0.0,0.0,0.0,0.0,2002,clin,0.8
2,5,lr5e-05_bs32_modL1_fusion64_fusionL1_drop0p1_trmiss80_trlocclin,32,5e-05,1,64,1,0.1,lr5e-05_bs32_modL1_fusion64_fusionL1_drop0p1_trmiss80_trlocclin,38,0.341439147790273,0.6384550929069519,0.7219827586206896,0.807003521019244,0.6666666666666666,0.0,0.0,0.0,0.0,2002,clin,0.8
2,5,lr5e-05_bs32_modL1_fusion64_fusionL1_drop0p1_trmiss80_trlocclin,32,5e-05,1,64,1,0.1,lr5e-05_bs32_modL1_fusion64_fusionL1_drop0p1_trmiss80_trlocclin,39,0.3295118858416875,0.6343863606452942,0.7241379310344828,0.8043966044702796,0.6888888888888889,0.0,0.0,0.0,0.0,2002,clin,0.8
2,5,lr5e-05_bs32_modL1_fusion64_fusionL1_drop0p1_trmiss80_trlocclin,32,5e-05,1,64,1,0.1,lr5e-05_bs32_modL1_fusion64_fusionL1_drop0p1_trmiss80_trlocclin,40,0.3352806568145752,0.6481170952320099,0.7176724137931034,0.8103471478614049,0.6444444444444445,0.0,0.0,0.0,0.0,2002,clin,0.8
2,5,lr5e-05_bs32_modL1_fusion64_fusionL1_drop0p1_trmiss80_trlocclin,32,5e-05,1,64,1,0.1,lr5e-05_bs32_modL1_fusion64_fusionL1_drop0p1_trmiss80_trlocclin,41,0.30889495213826496,0.6403461694717407,0.7176724137931035,0.8033891900014948,0.6444444444444445,0.0,0.0,0.0,0.0,2002,clin,0.8
2,5,lr5e-05_bs32_modL1_fusion64_fusionL1_drop0p1_trmiss80_trlocclin,32,5e-05,1,64,1,0.1,lr5e-05_bs32_modL1_fusion64_fusionL1_drop0p1_trmiss80_trlocclin,42,0.31580543518066406,0.64007169008255,0.7155172413793103,0.8006179626229369,0.6666666666666666,0.0,0.0,0.0,0.0,2002,clin,0.8
2,5,lr5e-05_bs32_modL1_fusion64_fusionL1_drop0p1_trmiss80_trlocclin,32,5e-05,1,64,1,0.1,lr5e-05_bs32_modL1_fusion64_fusionL1_drop0p1_trmiss80_trlocclin,43,0.30344758927822113,0.6302715241909027,0.7198275862068966,0.8089235397072053,0.6666666666666666,0.0,0.0,0.0,0.0,2002,clin,0.8
2,5,lr5e-05_bs32_modL1_fusion64_fusionL1_drop0p1_trmiss80_trlocclin,32,5e-05,1,64,1,0.1,lr5e-05_bs32_modL1_fusion64_fusionL1_drop0p1_trmiss80_trlocclin,44,0.2952477882305781,0.6264895498752594,0.7219827586206897,0.8133410223855574,0.6444444444444445,0.0,0.0,0.0,0.0,2002,clin,0.8
2,5,lr5e-05_bs32_modL1_fusion64_fusionL1_drop0p1_trmiss80_trlocclin,32,5e-05,1,64,1,0.1,lr5e-05_bs32_modL1_fusion64_fusionL1_drop0p1_trmiss80_trlocclin,45,0.2917965203523636,0.6322411298751831,0.7198275862068966,0.8048459404977603,0.6888888888888889,0.0,0.0,0.0,0.0,2002,clin,0.8
2,5,lr5e-05_bs32_modL1_fusion64_fusionL1_drop0p1_trmiss80_trlocclin,32,5e-05,1,64,1,0.1,lr5e-05_bs32_modL1_fusion64_fusionL1_drop0p1_trmiss80_trlocclin,46,0.2920003781716029,0.6312131583690643,0.7219827586206896,0.8049656842840075,0.6666666666666666,0.0,0.0,0.0,0.0,2002,clin,0.8
2,5,lr5e-05_bs32_modL1_fusion64_fusionL1_drop0p1_trmiss80_trlocclin,32,5e-05,1,64,1,0.1,lr5e-05_bs32_modL1_fusion64_fusionL1_drop0p1_trmiss80_trlocclin,47,0.27809848884741467,0.6314404904842377,0.7327586206896552,0.8109290034351884,0.7333333333333333,0.0,0.0,0.0,0.0,2002,clin,0.8
2,5,lr5e-05_bs32_modL1_fusion64_fusionL1_drop0p1_trmiss80_trlocclin,32,5e-05,1,64,1,0.1,lr5e-05_bs32_modL1_fusion64_fusionL1_drop0p1_trmiss80_trlocclin,48,0.27823764085769653,0.6330849826335907,0.7241379310344828,0.8057441371393258,0.6666666666666666,0.0,0.0,0.0,0.0,2002,clin,0.8
2,5,lr5e-05_bs32_modL1_fusion64_fusionL1_drop0p1_trmiss80_trlocclin,32,5e-05,1,64,1,0.1,lr5e-05_bs32_modL1_fusion64_fusionL1_drop0p1_trmiss80_trlocclin,49,0.26782617966334027,0.6320995688438416,0.7241379310344828,0.8146165411998052,0.6888888888888889,0.0,0.0,0.0,0.0,2002,clin,0.8
2,5,lr5e-05_bs32_modL1_fusion64_fusionL1_drop0p1_trmiss80_trlocclin,32,5e-05,1,64,1,0.1,lr5e-05_bs32_modL1_fusion64_fusionL1_drop0p1_trmiss80_trlocclin,50,0.2772507866223653,0.6295682191848755,0.7219827586206897,0.8144189096036004,0.6666666666666666,0.0,0.0,0.0,0.0,2002,clin,0.8
2,5,lr5e-05_bs32_modL1_fusion64_fusionL1_drop0p1_trmiss80_trlocclin,32,5e-05,1,64,1,0.1,lr5e-05_bs32_modL1_fusion64_fusionL1_drop0p1_trmiss80_trlocclin,51,0.2695772871375084,0.6298421025276184,0.7241379310344828,0.8129720468280915,0.6666666666666666,0.0,0.0,0.0,0.0,2002,clin,0.8
2,5,lr5e-05_bs32_modL1_fusion64_fusionL1_drop0p1_trmiss80_trlocclin,32,5e-05,1,64,1,0.1,lr5e-05_bs32_modL1_fusion64_fusionL1_drop0p1_trmiss80_trlocclin,52,0.2694504112005234,0.6320604681968689,0.728448275862069,0.8147621099611676,0.6888888888888889,0.0,0.0,0.0,0.0,2002,clin,0.8
2,5,lr5e-05_bs32_modL1_fusion64_fusionL1_drop0p1_trmiss80_trlocclin,32,5e-05,1,64,1,0.1,lr5e-05_bs32_modL1_fusion64_fusionL1_drop0p1_trmiss80_trlocclin,53,0.2617197632789612,0.6309470236301422,0.7262931034482758,0.8097042874591259,0.6888888888888889,0.0,0.0,0.0,0.0,2002,clin,0.8
2,5,lr5e-05_bs32_modL1_fusion64_fusionL1_drop0p1_trmiss80_trlocclin,32,5e-05,1,64,1,0.1,lr5e-05_bs32_modL1_fusion64_fusionL1_drop0p1_trmiss80_trlocclin,54,0.2679588720202446,0.6329712271690369,0.7262931034482758,0.8099973570219724,0.6666666666666666,0.0,0.0,0.0,0.0,2002,clin,0.8
2,5,lr5e-05_bs32_modL1_fusion64_fusionL1_drop0p1_trmiss80_trlocclin,32,5e-05,1,64,1,0.1,lr5e-05_bs32_modL1_fusion64_fusionL1_drop0p1_trmiss80_trlocclin,55,0.2561469202240308,0.6341033577919006,0.7198275862068966,0.8049416320874347,0.6666666666666666,0.0,0.0,0.0,0.0,2002,clin,0.8
2,5,lr5e-05_bs32_modL1_fusion64_fusionL1_drop0p1_trmiss80_trlocclin,32,5e-05,1,64,1,0.1,lr5e-05_bs32_modL1_fusion64_fusionL1_drop0p1_trmiss80_trlocclin,56,0.25030755748351413,0.6316836774349213,0.7241379310344828,0.8076877263895063,0.6888888888888889,0.0,0.0,0.0,0.0,2002,clin,0.8
2,5,lr1e-04_bs32_modL1_fusion32_fusionL1_drop0p2_trmiss80_trlocclin,32,0.0001,1,32,1,0.2,lr1e-04_bs32_modL1_fusion32_fusionL1_drop0p2_trmiss80_trlocclin,1,0.7048217753569285,0.6929967999458313,0.5172413793103448,0.6744883342950685,0.5555555555555556,0.0,0.0,0.0,0.0,2002,clin,0.8
2,5,lr1e-04_bs32_modL1_fusion32_fusionL1_drop0p2_trmiss80_trlocclin,32,0.0001,1,32,1,0.2,lr1e-04_bs32_modL1_fusion32_fusionL1_drop0p2_trmiss80_trlocclin,2,0.6798975765705109,0.69008007645607,0.5474137931034482,0.687824228144653,0.6,0.0,0.0,0.0,0.0,2002,clin,0.8
2,5,lr1e-04_bs32_modL1_fusion32_fusionL1_drop0p2_trmiss80_trlocclin,32,0.0001,1,32,1,0.2,lr1e-04_bs32_modL1_fusion32_fusionL1_drop0p2_trmiss80_trlocclin,3,0.6244543492794037,0.6865445673465729,0.5538793103448276,0.6964277432956129,0.6444444444444445,0.0,0.0,0.0,0.0,2002,clin,0.8
2,5,lr1e-04_bs32_modL1_fusion32_fusionL1_drop0p2_trmiss80_trlocclin,32,0.0001,1,32,1,0.2,lr1e-04_bs32_modL1_fusion32_fusionL1_drop0p2_trmiss80_trlocclin,4,0.6049063503742218,0.6868042647838593,0.560344827586207,0.7007344201834383,0.6222222222222222,0.0,0.0,0.0,0.0,2002,clin,0.8
2,5,lr1e-04_bs32_modL1_fusion32_fusionL1_drop0p2_trmiss80_trlocclin,32,0.0001,1,32,1,0.2,lr1e-04_bs32_modL1_fusion32_fusionL1_drop0p2_trmiss80_trlocclin,5,0.6033340791861216,0.6747888028621674,0.5905172413793103,0.7152431968811221,0.5333333333333333,0.0,0.0,0.0,0.0,2002,clin,0.8
2,5,lr1e-04_bs32_modL1_fusion32_fusionL1_drop0p2_trmiss80_trlocclin,32,0.0001,1,32,1,0.2,lr1e-04_bs32_modL1_fusion32_fusionL1_drop0p2_trmiss80_trlocclin,6,0.5858908394972483,0.6619211435317993,0.6228448275862069,0.7448070475484061,0.5555555555555556,0.0,0.0,0.0,0.0,2002,clin,0.8
2,5,lr1e-04_bs32_modL1_fusion32_fusionL1_drop0p2_trmiss80_trlocclin,32,0.0001,1,32,1,0.2,lr1e-04_bs32_modL1_fusion32_fusionL1_drop0p2_trmiss80_trlocclin,7,0.5793978671232859,0.6594036221504211,0.6551724137931035,0.769240980497497,0.6,0.0,0.0,0.0,0.0,2002,clin,0.8
2,5,lr1e-04_bs32_modL1_fusion32_fusionL1_drop0p2_trmiss80_trlocclin,32,0.0001,1,32,1,0.2,lr1e-04_bs32_modL1_fusion32_fusionL1_drop0p2_trmiss80_trlocclin,8,0.5771905481815338,0.6483200788497925,0.6788793103448276,0.7976977889878816,0.6,0.0,0.0,0.0,0.0,2002,clin,0.8
2,5,lr1e-04_bs32_modL1_fusion32_fusionL1_drop0p2_trmiss80_trlocclin,32,0.0001,1,32,1,0.2,lr1e-04_bs32_modL1_fusion32_fusionL1_drop0p2_trmiss80_trlocclin,9,0.5276156663894653,0.642843097448349,0.6788793103448275,0.7946223737818892,0.6666666666666666,0.0,0.0,0.0,0.0,2002,clin,0.8
2,5,lr1e-04_bs32_modL1_fusion32_fusionL1_drop0p2_trmiss80_trlocclin,32,0.0001,1,32,1,0.2,lr1e-04_bs32_modL1_fusion32_fusionL1_drop0p2_trmiss80_trlocclin,10,0.5251132001479467,0.6347173154354095,0.6939655172413793,0.7940515022313593,0.6666666666666666,0.0,0.0,0.0,0.0,2002,clin,0.8
2,5,lr1e-04_bs32_modL1_fusion32_fusionL1_drop0p2_trmiss80_trlocclin,32,0.0001,1,32,1,0.2,lr1e-04_bs32_modL1_fusion32_fusionL1_drop0p2_trmiss80_trlocclin,11,0.5356684327125549,0.6336770355701447,0.6939655172413793,0.7887154789852343,0.6666666666666666,0.0,0.0,0.0,0.0,2002,clin,0.8
2,5,lr1e-04_bs32_modL1_fusion32_fusionL1_drop0p2_trmiss80_trlocclin,32,0.0001,1,32,1,0.2,lr1e-04_bs32_modL1_fusion32_fusionL1_drop0p2_trmiss80_trlocclin,12,0.5025432258844376,0.6424089074134827,0.6875,0.7817822806421247,0.6666666666666666,0.0,0.0,0.0,0.0,2002,clin,0.8
2,5,lr1e-04_bs32_modL1_fusion32_fusionL1_drop0p2_trmiss80_trlocclin,32,0.0001,1,32,1,0.2,lr1e-04_bs32_modL1_fusion32_fusionL1_drop0p2_trmiss80_trlocclin,13,0.503417988618215,0.6312631368637085,0.6961206896551724,0.7769874805498899,0.6666666666666666,0.0,0.0,0.0,0.0,2002,clin,0.8
2,5,lr1e-04_bs32_modL1_fusion32_fusionL1_drop0p2_trmiss80_trlocclin,32,0.0001,1,32,1,0.2,lr1e-04_bs32_modL1_fusion32_fusionL1_drop0p2_trmiss80_trlocclin,14,0.4925309767325719,0.62610724568367,0.730603448275862,0.7976293097954712,0.6666666666666666,0.0,0.0,0.0,0.0,2002,clin,0.8
2,5,lr1e-04_bs32_modL1_fusion32_fusionL1_drop0p2_trmiss80_trlocclin,32,0.0001,1,32,1,0.2,lr1e-04_bs32_modL1_fusion32_fusionL1_drop0p2_trmiss80_trlocclin,15,0.46537816027800244,0.625624269247055,0.7262931034482758,0.7968049859402307,0.6444444444444445,0.0,0.0,0.0,0.0,2002,clin,0.8
2,5,lr1e-04_bs32_modL1_fusion32_fusionL1_drop0p2_trmiss80_trlocclin,32,0.0001,1,32,1,0.2,lr1e-04_bs32_modL1_fusion32_fusionL1_drop0p2_trmiss80_trlocclin,16,0.47026515007019043,0.6299355328083038,0.6982758620689655,0.7780363294338009,0.6666666666666666,0.0,0.0,0.0,0.0,2002,clin,0.8
2,5,lr1e-04_bs32_modL1_fusion32_fusionL1_drop0p2_trmiss80_trlocclin,32,0.0001,1,32,1,0.2,lr1e-04_bs32_modL1_fusion32_fusionL1_drop0p2_trmiss80_trlocclin,17,0.4551647901535034,0.6392002999782562,0.6681034482758621,0.7607225631110891,0.6666666666666666,0.0,0.0,0.0,0.0,2002,clin,0.8
2,5,lr1e-04_bs32_modL1_fusion32_fusionL1_drop0p2_trmiss80_trlocclin,32,0.0001,1,32,1,0.2,lr1e-04_bs32_modL1_fusion32_fusionL1_drop0p2_trmiss80_trlocclin,18,0.45360808571179706,0.6239104270935059,0.7068965517241379,0.7815456381608316,0.6666666666666666,0.0,0.0,0.0,0.0,2002,clin,0.8
2,5,lr1e-04_bs32_modL1_fusion32_fusionL1_drop0p2_trmiss80_trlocclin,32,0.0001,1,32,1,0.2,lr1e-04_bs32_modL1_fusion32_fusionL1_drop0p2_trmiss80_trlocclin,19,0.43507006267706555,0.6249480545520782,0.6961206896551724,0.7831216397191775,0.6666666666666666,0.0,0.0,0.0,0.0,2002,clin,0.8
2,5,lr1e-04_bs32_modL1_fusion32_fusionL1_drop0p2_trmiss80_trlocclin,32,0.0001,1,32,1,0.2,lr1e-04_bs32_modL1_fusion32_fusionL1_drop0p2_trmiss80_trlocclin,20,0.4697062174479167,0.6366972625255585,0.6875,0.7810126654633096,0.6,0.0,0.0,0.0,0.0,2002,clin,0.8
2,5,lr1e-04_bs32_modL1_fusion32_fusionL1_drop0p2_trmiss80_trlocclin,32,0.0001,1,32,1,0.2,lr1e-04_bs32_modL1_fusion32_fusionL1_drop0p2_trmiss80_trlocclin,21,0.45335057377815247,0.6399856209754944,0.6724137931034482,0.7714368332178924,0.5555555555555556,0.0,0.0,0.0,0.0,2002,clin,0.8
2,5,lr1e-04_bs32_modL1_fusion32_fusionL1_drop0p2_trmiss80_trlocclin,32,0.0001,1,32,1,0.2,lr1e-04_bs32_modL1_fusion32_fusionL1_drop0p2_trmiss80_trlocclin,22,0.41976146896680194,0.6292551457881927,0.6788793103448276,0.7657592136308325,0.6,0.0,0.0,0.0,0.0,2002,clin,0.8
2,5,lr1e-04_bs32_modL1_fusion32_fusionL1_drop0p2_trmiss80_trlocclin,32,0.0001,1,32,1,0.2,lr1e-04_bs32_modL1_fusion32_fusionL1_drop0p2_trmiss80_trlocclin,23,0.4014865706364314,0.6225507259368896,0.689655172413793,0.7792952257548224,0.6666666666666666,0.0,0.0,0.0,0.0,2002,clin,0.8
2,5,lr1e-04_bs32_modL1_fusion32_fusionL1_drop0p2_trmiss80_trlocclin,32,0.0001,1,32,1,0.2,lr1e-04_bs32_modL1_fusion32_fusionL1_drop0p2_trmiss80_trlocclin,24,0.39786292612552643,0.630010336637497,0.6681034482758621,0.7669206923932553,0.6222222222222222,0.0,0.0,0.0,0.0,2002,clin,0.8
2,5,lr1e-04_bs32_modL1_fusion32_fusionL1_drop0p2_trmiss80_trlocclin,32,0.0001,1,32,1,0.2,lr1e-04_bs32_modL1_fusion32_fusionL1_drop0p2_trmiss80_trlocclin,25,0.4174661884705226,0.6347539722919464,0.6724137931034482,0.7754130740518204,0.6222222222222222,0.0,0.0,0.0,0.0,2002,clin,0.8
2,5,lr1e-04_bs32_modL1_fusion32_fusionL1_drop0p2_trmiss80_trlocclin,32,0.0001,1,32,1,0.2,lr1e-04_bs32_modL1_fusion32_fusionL1_drop0p2_trmiss80_trlocclin,26,0.38750319679578143,0.6376899182796478,0.6853448275862069,0.7742235639204331,0.6222222222222222,0.0,0.0,0.0,0.0,2002,clin,0.8
2,5,lr1e-04_bs32_modL1_fusion32_fusionL1_drop0p2_trmiss80_trlocclin,32,0.0001,1,32,1,0.2,lr1e-04_bs32_modL1_fusion32_fusionL1_drop0p2_trmiss80_trlocclin,27,0.38261932134628296,0.6427293717861176,0.6702586206896552,0.7617808579380551,0.6444444444444445,0.0,0.0,0.0,0.0,2002,clin,0.8
2,5,lr1e-04_bs32_modL1_fusion32_fusionL1_drop0p2_trmiss80_trlocclin,32,0.0001,1,32,1,0.2,lr1e-04_bs32_modL1_fusion32_fusionL1_drop0p2_trmiss80_trlocclin,28,0.3895367483297984,0.644029825925827,0.6702586206896551,0.7683405091469332,0.6444444444444445,0.0,0.0,0.0,0.0,2002,clin,0.8
2,5,lr1e-04_bs32_modL1_fusion32_fusionL1_drop0p2_trmiss80_trlocclin,32,0.0001,1,32,1,0.2,lr1e-04_bs32_modL1_fusion32_fusionL1_drop0p2_trmiss80_trlocclin,29,0.37974690397580463,0.6483785808086395,0.6508620689655171,0.7701956947990671,0.5777777777777777,0.0,0.0,0.0,0.0,2002,clin,0.8
2,5,lr1e-04_bs32_modL1_fusion32_fusionL1_drop0p2_trmiss80_trlocclin,32,0.0001,1,32,1,0.2,lr1e-04_bs32_modL1_fusion32_fusionL1_drop0p2_trmiss80_trlocclin,30,0.37269485493501026,0.6507940888404846,0.6594827586206897,0.7778097913975774,0.5555555555555556,0.0,0.0,0.0,0.0,2002,clin,0.8
2,5,lr1e-04_bs32_modL1_fusion32_fusionL1_drop0p2_trmiss80_trlocclin,32,0.0001,1,32,1,0.2,lr1e-04_bs32_modL1_fusion32_fusionL1_drop0p2_trmiss80_trlocclin,31,0.37688085436820984,0.6477693021297455,0.6530172413793104,0.7654664401089007,0.6,0.0,0.0,0.0,0.0,2002,clin,0.8
2,5,lr1e-04_bs32_modL1_fusion32_fusionL1_drop0p2_trmiss80_trlocclin,32,0.0001,1,32,1,0.2,lr1e-04_bs32_modL1_fusion32_fusionL1_drop0p2_trmiss80_trlocclin,32,0.3666854550441106,0.6462453901767731,0.6487068965517241,0.7611809195052822,0.5555555555555556,0.0,0.0,0.0,0.0,2002,clin,0.8
2,5,lr1e-04_bs32_modL1_fusion32_fusionL1_drop0p2_trmiss80_trlocclin,32,0.0001,1,32,1,0.2,lr1e-04_bs32_modL1_fusion32_fusionL1_drop0p2_trmiss80_trlocclin,33,0.3489060352245967,0.6428407430648804,0.668103448275862,0.775573747483285,0.6,0.0,0.0,0.0,0.0,2002,clin,0.8
2,5,lr1e-04_bs32_modL1_fusion32_fusionL1_drop0p2_trmiss80_trlocclin,32,0.0001,1,32,1,0.2,lr1e-04_bs32_modL1_fusion32_fusionL1_drop0p2_trmiss80_trlocclin,34,0.3500714600086212,0.6449709236621857,0.6616379310344828,0.7745159343286975,0.6,0.0,0.0,0.0,0.0,2002,clin,0.8
2,5,lr1e-04_bs32_modL1_fusion32_fusionL1_drop0p1_trmiss80_trlocclin,32,0.0001,1,32,1,0.1,lr1e-04_bs32_modL1_fusion32_fusionL1_drop0p1_trmiss80_trlocclin,1,0.7129292885462443,0.6902934312820435,0.5150862068965517,0.6449627035384837,0.6222222222222222,0.0,0.0,0.0,0.0,2002,clin,0.8
2,5,lr1e-04_bs32_modL1_fusion32_fusionL1_drop0p1_trmiss80_trlocclin,32,0.0001,1,32,1,0.1,lr1e-04_bs32_modL1_fusion32_fusionL1_drop0p1_trmiss80_trlocclin,2,0.6675992608070374,0.6831245422363281,0.5926724137931034,0.6852029192092672,0.6,0.0,0.0,0.0,0.0,2002,clin,0.8
2,5,lr1e-04_bs32_modL1_fusion32_fusionL1_drop0p1_trmiss80_trlocclin,32,0.0001,1,32,1,0.1,lr1e-04_bs32_modL1_fusion32_fusionL1_drop0p1_trmiss80_trlocclin,3,0.6169871290524801,0.6742205917835236,0.6422413793103448,0.7468479194942389,0.6222222222222222,0.0,0.0,0.0,0.0,2002,clin,0.8
2,5,lr1e-04_bs32_modL1_fusion32_fusionL1_drop0p1_trmiss80_trlocclin,32,0.0001,1,32,1,0.1,lr1e-04_bs32_modL1_fusion32_fusionL1_drop0p1_trmiss80_trlocclin,4,0.600253681341807,0.6684471666812897,0.6702586206896551,0.7593398307908825,0.6666666666666666,0.0,0.0,0.0,0.0,2002,clin,0.8
2,5,lr1e-04_bs32_modL1_fusion32_fusionL1_drop0p1_trmiss80_trlocclin,32,0.0001,1,32,1,0.1,lr1e-04_bs32_modL1_fusion32_fusionL1_drop0p1_trmiss80_trlocclin,5,0.5745926996072134,0.6640819311141968,0.6702586206896551,0.7614153827651067,0.6888888888888889,0.0,0.0,0.0,0.0,2002,clin,0.8
2,5,lr1e-04_bs32_modL1_fusion32_fusionL1_drop0p1_trmiss80_trlocclin,32,0.0001,1,32,1,0.1,lr1e-04_bs32_modL1_fusion32_fusionL1_drop0p1_trmiss80_trlocclin,6,0.5623641808827718,0.6574963629245758,0.6810344827586208,0.7624006528506957,0.7111111111111111,0.0,0.0,0.0,0.0,2002,clin,0.8
2,5,lr1e-04_bs32_modL1_fusion32_fusionL1_drop0p1_trmiss80_trlocclin,32,0.0001,1,32,1,0.1,lr1e-04_bs32_modL1_fusion32_fusionL1_drop0p1_trmiss80_trlocclin,7,0.5343494663635889,0.6578315198421478,0.6875,0.7673592332411848,0.6888888888888889,0.0,0.0,0.0,0.0,2002,clin,0.8
2,5,lr1e-04_bs32_modL1_fusion32_fusionL1_drop0p1_trmiss80_trlocclin,32,0.0001,1,32,1,0.1,lr1e-04_bs32_modL1_fusion32_fusionL1_drop0p1_trmiss80_trlocclin,8,0.5260371764500936,0.6603845655918121,0.6810344827586207,0.7692067153283008,0.6888888888888889,0.0,0.0,0.0,0.0,2002,clin,0.8
2,5,lr1e-04_bs32_modL1_fusion32_fusionL1_drop0p1_trmiss80_trlocclin,32,0.0001,1,32,1,0.1,lr1e-04_bs32_modL1_fusion32_fusionL1_drop0p1_trmiss80_trlocclin,9,0.5166601985692978,0.6597000360488892,0.6745689655172413,0.7651051409990407,0.6222222222222222,0.0,0.0,0.0,0.0,2002,clin,0.8
2,5,lr1e-04_bs32_modL1_fusion32_fusionL1_drop0p1_trmiss80_trlocclin,32,0.0001,1,32,1,0.1,lr1e-04_bs32_modL1_fusion32_fusionL1_drop0p1_trmiss80_trlocclin,10,0.49609345694382984,0.649103581905365,0.6896551724137931,0.7759010855555325,0.6666666666666666,0.0,0.0,0.0,0.0,2002,clin,0.8
2,5,lr1e-04_bs32_modL1_fusion32_fusionL1_drop0p1_trmiss80_trlocclin,32,0.0001,1,32,1,0.1,lr1e-04_bs32_modL1_fusion32_fusionL1_drop0p1_trmiss80_trlocclin,11,0.4772532333930333,0.6472345590591431,0.689655172413793,0.7850840119471264,0.6444444444444445,0.0,0.0,0.0,0.0,2002,clin,0.8
2,5,lr1e-04_bs32_modL1_fusion32_fusionL1_drop0p1_trmiss80_trlocclin,32,0.0001,1,32,1,0.1,lr1e-04_bs32_modL1_fusion32_fusionL1_drop0p1_trmiss80_trlocclin,12,0.47878725826740265,0.6471868455410004,0.6853448275862069,0.7828681333739397,0.6222222222222222,0.0,0.0,0.0,0.0,2002,clin,0.8
2,5,lr1e-04_bs32_modL1_fusion32_fusionL1_drop0p1_trmiss80_trlocclin,32,0.0001,1,32,1,0.1,lr1e-04_bs32_modL1_fusion32_fusionL1_drop0p1_trmiss80_trlocclin,13,0.46469610929489136,0.6495462357997894,0.6875,0.7977188767985772,0.6666666666666666,0.0,0.0,0.0,0.0,2002,clin,0.8
2,5,lr1e-04_bs32_modL1_fusion32_fusionL1_drop0p1_trmiss80_trlocclin,32,0.0001,1,32,1,0.1,lr1e-04_bs32_modL1_fusion32_fusionL1_drop0p1_trmiss80_trlocclin,14,0.45490554968516034,0.6570515334606171,0.6594827586206896,0.7740816318359158,0.6222222222222222,0.0,0.0,0.0,0.0,2002,clin,0.8
2,5,lr1e-04_bs32_modL1_fusion32_fusionL1_drop0p1_trmiss80_trlocclin,32,0.0001,1,32,1,0.1,lr1e-04_bs32_modL1_fusion32_fusionL1_drop0p1_trmiss80_trlocclin,15,0.45169249673684436,0.6542875468730927,0.6551724137931034,0.7748754426019495,0.6444444444444445,0.0,0.0,0.0,0.0,2002,clin,0.8
2,5,lr1e-04_bs32_modL1_fusion32_fusionL1_drop0p1_trmiss80_trlocclin,32,0.0001,1,32,1,0.1,lr1e-04_bs32_modL1_fusion32_fusionL1_drop0p1_trmiss80_trlocclin,16,0.43166254460811615,0.6542083323001862,0.6702586206896552,0.7866848636242294,0.6,0.0,0.0,0.0,0.0,2002,clin,0.8
2,5,lr1e-04_bs32_modL1_fusion32_fusionL1_drop0p1_trmiss80_trlocclin,32,0.0001,1,32,1,0.1,lr1e-04_bs32_modL1_fusion32_fusionL1_drop0p1_trmiss80_trlocclin,17,0.42024857302506763,0.6491005420684814,0.6918103448275863,0.8104873546920264,0.6,0.0,0.0,0.0,0.0,2002,clin,0.8
2,5,lr1e-04_bs32_modL1_fusion32_fusionL1_drop0p1_trmiss80_trlocclin,32,0.0001,1,32,1,0.1,lr1e-04_bs32_modL1_fusion32_fusionL1_drop0p1_trmiss80_trlocclin,18,0.4099568823973338,0.6487574577331543,0.6918103448275862,0.803164449728468,0.6,0.0,0.0,0.0,0.0,2002,clin,0.8
2,5,lr1e-04_bs32_modL1_fusion32_fusionL1_drop0p1_trmiss80_trlocclin,32,0.0001,1,32,1,0.1,lr1e-04_bs32_modL1_fusion32_fusionL1_drop0p1_trmiss80_trlocclin,19,0.4158181647459666,0.6514750123023987,0.6702586206896552,0.783901935767287,0.6,0.0,0.0,0.0,0.0,2002,clin,0.8
2,5,lr1e-04_bs32_modL1_fusion32_fusionL1_drop0p1_trmiss80_trlocclin,32,0.0001,1,32,1,0.1,lr1e-04_bs32_modL1_fusion32_fusionL1_drop0p1_trmiss80_trlocclin,20,0.4154176563024521,0.6471202671527863,0.6767241379310345,0.7913551561929686,0.6222222222222222,0.0,0.0,0.0,0.0,2002,clin,0.8
2,5,lr1e-04_bs32_modL1_fusion32_fusionL1_drop0p1_trmiss80_trlocclin,32,0.0001,1,32,1,0.1,lr1e-04_bs32_modL1_fusion32_fusionL1_drop0p1_trmiss80_trlocclin,21,0.399054874976476,0.6467281877994537,0.6702586206896551,0.7869587468948347,0.6,0.0,0.0,0.0,0.0,2002,clin,0.8
2,5,lr1e-04_bs32_modL1_fusion32_fusionL1_drop0p1_trmiss80_trlocclin,32,0.0001,1,32,1,0.1,lr1e-04_bs32_modL1_fusion32_fusionL1_drop0p1_trmiss80_trlocclin,22,0.4004756460587184,0.650066077709198,0.6724137931034482,0.7935625900855359,0.6222222222222222,0.0,0.0,0.0,0.0,2002,clin,0.8
2,5,lr1e-04_bs32_modL1_fusion32_fusionL1_drop0p1_trmiss80_trlocclin,32,0.0001,1,32,1,0.1,lr1e-04_bs32_modL1_fusion32_fusionL1_drop0p1_trmiss80_trlocclin,23,0.39041999479134876,0.6485195159912109,0.6724137931034482,0.789479309810486,0.6222222222222222,0.0,0.0,0.0,0.0,2002,clin,0.8
2,5,lr1e-04_bs32_modL1_fusion32_fusionL1_drop0p1_trmiss80_trlocclin,32,0.0001,1,32,1,0.1,lr1e-04_bs32_modL1_fusion32_fusionL1_drop0p1_trmiss80_trlocclin,24,0.38772302369276684,0.6426748037338257,0.709051724137931,0.8265828154805921,0.6444444444444445,0.0,0.0,0.0,0.0,2002,clin,0.8
2,5,lr1e-04_bs32_modL1_fusion32_fusionL1_drop0p1_trmiss80_trlocclin,32,0.0001,1,32,1,0.1,lr1e-04_bs32_modL1_fusion32_fusionL1_drop0p1_trmiss80_trlocclin,25,0.41615352034568787,0.6423645317554474,0.7176724137931034,0.8379270103975764,0.6444444444444445,0.0,0.0,0.0,0.0,2002,clin,0.8
2,5,lr1e-04_bs32_modL1_fusion32_fusionL1_drop0p1_trmiss80_trlocclin,32,0.0001,1,32,1,0.1,lr1e-04_bs32_modL1_fusion32_fusionL1_drop0p1_trmiss80_trlocclin,26,0.3966087947289149,0.6442242562770844,0.7133620689655172,0.8357680898578463,0.6222222222222222,0.0,0.0,0.0,0.0,2002,clin,0.8
2,5,lr1e-04_bs32_modL1_fusion32_fusionL1_drop0p1_trmiss80_trlocclin,32,0.0001,1,32,1,0.1,lr1e-04_bs32_modL1_fusion32_fusionL1_drop0p1_trmiss80_trlocclin,27,0.37494132419427234,0.6468372941017151,0.7112068965517242,0.8362970044064353,0.5777777777777777,0.0,0.0,0.0,0.0,2002,clin,0.8
2,5,lr1e-04_bs32_modL1_fusion32_fusionL1_drop0p1_trmiss80_trlocclin,32,0.0001,1,32,1,0.1,lr1e-04_bs32_modL1_fusion32_fusionL1_drop0p1_trmiss80_trlocclin,28,0.3742996205886205,0.6451733410358429,0.7262931034482758,0.8497995960416271,0.5777777777777777,0.0,0.0,0.0,0.0,2002,clin,0.8
2,5,lr1e-04_bs32_modL1_fusion32_fusionL1_drop0p1_trmiss80_trlocclin,32,0.0001,1,32,1,0.1,lr1e-04_bs32_modL1_fusion32_fusionL1_drop0p1_trmiss80_trlocclin,29,0.3607865323623021,0.6407563388347626,0.728448275862069,0.854301569998251,0.6,0.0,0.0,0.0,0.0,2002,clin,0.8
2,5,lr1e-04_bs32_modL1_fusion32_fusionL1_drop0p1_trmiss80_trlocclin,32,0.0001,1,32,1,0.1,lr1e-04_bs32_modL1_fusion32_fusionL1_drop0p1_trmiss80_trlocclin,30,0.3693034549554189,0.6421343982219696,0.728448275862069,0.8529970274643233,0.6,0.0,0.0,0.0,0.0,2002,clin,0.8
2,5,lr1e-04_bs32_modL1_fusion32_fusionL1_drop0p1_trmiss80_trlocclin,32,0.0001,1,32,1,0.1,lr1e-04_bs32_modL1_fusion32_fusionL1_drop0p1_trmiss80_trlocclin,31,0.35495972633361816,0.636120617389679,0.7349137931034482,0.8553764334330034,0.6,0.0,0.0,0.0,0.0,2002,clin,0.8
2,5,lr1e-04_bs32_modL1_fusion32_fusionL1_drop0p1_trmiss80_trlocclin,32,0.0001,1,32,1,0.1,lr1e-04_bs32_modL1_fusion32_fusionL1_drop0p1_trmiss80_trlocclin,32,0.3515013207991918,0.6383718848228455,0.7370689655172413,0.8529952716860625,0.6222222222222222,0.0,0.0,0.0,0.0,2002,clin,0.8
2,5,lr1e-04_bs32_modL1_fusion32_fusionL1_drop0p1_trmiss80_trlocclin,32,0.0001,1,32,1,0.1,lr1e-04_bs32_modL1_fusion32_fusionL1_drop0p1_trmiss80_trlocclin,33,0.35095306237538654,0.6419741809368134,0.752155172413793,0.8564471068011403,0.6222222222222222,0.0,0.0,0.0,0.0,2002,clin,0.8
2,5,lr1e-04_bs32_modL1_fusion32_fusionL1_drop0p1_trmiss80_trlocclin,32,0.0001,1,32,1,0.1,lr1e-04_bs32_modL1_fusion32_fusionL1_drop0p1_trmiss80_trlocclin,34,0.34394827485084534,0.6395350396633148,0.7456896551724138,0.8528651165104919,0.6222222222222222,0.0,0.0,0.0,0.0,2002,clin,0.8
2,5,lr1e-04_bs32_modL1_fusion32_fusionL1_drop0p1_trmiss80_trlocclin,32,0.0001,1,32,1,0.1,lr1e-04_bs32_modL1_fusion32_fusionL1_drop0p1_trmiss80_trlocclin,35,0.3467568556467692,0.6405687928199768,0.7306034482758621,0.8470994591039378,0.6444444444444445,0.0,0.0,0.0,0.0,2002,clin,0.8
2,5,lr1e-04_bs32_modL1_fusion32_fusionL1_drop0p1_trmiss80_trlocclin,32,0.0001,1,32,1,0.1,lr1e-04_bs32_modL1_fusion32_fusionL1_drop0p1_trmiss80_trlocclin,36,0.3593555788199107,0.6431608200073242,0.7198275862068966,0.836716318596961,0.6,0.0,0.0,0.0,0.0,2002,clin,0.8
2,5,lr1e-04_bs32_modL1_fusion32_fusionL1_drop0p1_trmiss80_trlocclin,32,0.0001,1,32,1,0.1,lr1e-04_bs32_modL1_fusion32_fusionL1_drop0p1_trmiss80_trlocclin,37,0.3381787786881129,0.642757385969162,0.728448275862069,0.8512923948944986,0.6222222222222222,0.0,0.0,0.0,0.0,2002,clin,0.8
2,5,lr1e-04_bs32_modL1_fusion32_fusionL1_drop0p1_trmiss80_trlocclin,32,0.0001,1,32,1,0.1,lr1e-04_bs32_modL1_fusion32_fusionL1_drop0p1_trmiss80_trlocclin,38,0.34292138119538623,0.6408782005310059,0.7327586206896551,0.8553167430477036,0.6222222222222222,0.0,0.0,0.0,0.0,2002,clin,0.8
2,5,lr1e-04_bs32_modL1_fusion32_fusionL1_drop0p1_trmiss80_trlocclin,32,0.0001,1,32,1,0.1,lr1e-04_bs32_modL1_fusion32_fusionL1_drop0p1_trmiss80_trlocclin,39,0.33997152745723724,0.6392179429531097,0.7306034482758621,0.8544822234346812,0.6222222222222222,0.0,0.0,0.0,0.0,2002,clin,0.8
2,5,lr1e-04_bs32_modL1_fusion32_fusionL1_drop0p1_trmiss80_trlocclin,32,0.0001,1,32,1,0.1,lr1e-04_bs32_modL1_fusion32_fusionL1_drop0p1_trmiss80_trlocclin,40,0.3315344303846359,0.6387605965137482,0.7241379310344827,0.8466330014444239,0.6444444444444445,0.0,0.0,0.0,0.0,2002,clin,0.8
2,5,lr1e-04_bs32_modL1_fusion32_fusionL1_drop0p1_trmiss80_trlocclin,32,0.0001,1,32,1,0.1,lr1e-04_bs32_modL1_fusion32_fusionL1_drop0p1_trmiss80_trlocclin,41,0.3365666816631953,0.6401689052581787,0.7241379310344828,0.8439813587764067,0.6222222222222222,0.0,0.0,0.0,0.0,2002,clin,0.8
2,5,lr1e-04_bs32_modL1_fusion32_fusionL1_drop0p1_trmiss80_trlocclin,32,0.0001,1,32,1,0.1,lr1e-04_bs32_modL1_fusion32_fusionL1_drop0p1_trmiss80_trlocclin,42,0.3273764302333196,0.6424272358417511,0.7262931034482758,0.8443067936047666,0.6,0.0,0.0,0.0,0.0,2002,clin,0.8
2,5,lr1e-04_bs32_modL1_fusion32_fusionL1_drop0p1_trmiss80_trlocclin,32,0.0001,1,32,1,0.1,lr1e-04_bs32_modL1_fusion32_fusionL1_drop0p1_trmiss80_trlocclin,43,0.32858377198378247,0.6433774530887604,0.7176724137931034,0.8380147250497119,0.6222222222222222,0.0,0.0,0.0,0.0,2002,clin,0.8
2,5,lr1e-04_bs32_modL1_fusion32_fusionL1_drop0p1_trmiss80_trlocclin,32,0.0001,1,32,1,0.1,lr1e-04_bs32_modL1_fusion32_fusionL1_drop0p1_trmiss80_trlocclin,44,0.3341152270634969,0.641103059053421,0.728448275862069,0.8427177691238705,0.6222222222222222,0.0,0.0,0.0,0.0,2002,clin,0.8
2,5,lr1e-04_bs32_modL1_fusion32_fusionL1_drop0p1_trmiss80_trlocclin,32,0.0001,1,32,1,0.1,lr1e-04_bs32_modL1_fusion32_fusionL1_drop0p1_trmiss80_trlocclin,45,0.3344379315773646,0.6420258581638336,0.7219827586206897,0.8383466706333265,0.6222222222222222,0.0,0.0,0.0,0.0,2002,clin,0.8
2,5,lr1e-04_bs32_modL1_fusion32_fusionL1_drop0p1_trmiss80_trlocclin,32,0.0001,1,32,1,0.1,lr1e-04_bs32_modL1_fusion32_fusionL1_drop0p1_trmiss80_trlocclin,46,0.3274785379568736,0.6415654122829437,0.7306034482758621,0.8450357503358994,0.6222222222222222,0.0,0.0,0.0,0.0,2002,clin,0.8
2,5,lr1e-04_bs32_modL1_fusion32_fusionL1_drop0p1_trmiss80_trlocclin,32,0.0001,1,32,1,0.1,lr1e-04_bs32_modL1_fusion32_fusionL1_drop0p1_trmiss80_trlocclin,47,0.33577906092007953,0.6391954720020294,0.7241379310344827,0.8421990910454902,0.6,0.0,0.0,0.0,0.0,2002,clin,0.8
2,5,lr1e-04_bs32_modL1_fusion32_fusionL1_drop0p1_trmiss80_trlocclin,32,0.0001,1,32,1,0.1,lr1e-04_bs32_modL1_fusion32_fusionL1_drop0p1_trmiss80_trlocclin,48,0.34000540773073834,0.6410198509693146,0.7198275862068966,0.8405476930445894,0.6222222222222222,0.0,0.0,0.0,0.0,2002,clin,0.8
2,5,lr1e-04_bs32_modL1_fusion32_fusionL1_drop0p1_trmiss80_trlocclin,32,0.0001,1,32,1,0.1,lr1e-04_bs32_modL1_fusion32_fusionL1_drop0p1_trmiss80_trlocclin,49,0.3212888538837433,0.6414138078689575,0.7219827586206895,0.8390482330011231,0.6222222222222222,0.0,0.0,0.0,0.0,2002,clin,0.8
2,5,lr1e-04_bs32_modL1_fusion32_fusionL1_drop0p1_trmiss80_trlocclin,32,0.0001,1,32,1,0.1,lr1e-04_bs32_modL1_fusion32_fusionL1_drop0p1_trmiss80_trlocclin,50,0.3407072921593984,0.6418072879314423,0.7219827586206897,0.8391292781643593,0.6,0.0,0.0,0.0,0.0,2002,clin,0.8
2,5,lr1e-04_bs32_modL1_fusion32_fusionL1_drop0p1_trmiss80_trlocclin,32,0.0001,1,32,1,0.1,lr1e-04_bs32_modL1_fusion32_fusionL1_drop0p1_trmiss80_trlocclin,51,0.32637444138526917,0.6395022571086884,0.7176724137931034,0.8378933606742327,0.6,0.0,0.0,0.0,0.0,2002,clin,0.8
2,5,lr1e-04_bs32_modL1_fusion32_fusionL1_drop0p1_trmiss80_trlocclin,32,0.0001,1,32,1,0.1,lr1e-04_bs32_modL1_fusion32_fusionL1_drop0p1_trmiss80_trlocclin,52,0.32290450235207874,0.639562338590622,0.728448275862069,0.8451133886076845,0.6222222222222222,0.0,0.0,0.0,0.0,2002,clin,0.8
2,5,lr1e-04_bs32_modL1_fusion32_fusionL1_drop0p1_trmiss80_trlocclin,32,0.0001,1,32,1,0.1,lr1e-04_bs32_modL1_fusion32_fusionL1_drop0p1_trmiss80_trlocclin,53,0.32148099442323047,0.6391578614711761,0.7262931034482758,0.8405597972632888,0.6222222222222222,0.0,0.0,0.0,0.0,2002,clin,0.8
2,5,lr1e-04_bs32_modL1_fusion64_fusionL1_drop0p2_trmiss80_trlocclin,32,0.0001,1,64,1,0.2,lr1e-04_bs32_modL1_fusion64_fusionL1_drop0p2_trmiss80_trlocclin,1,0.7540643115838369,0.7188615798950195,0.4849137931034483,0.6593502953956886,0.37777777777777777,0.0,0.0,0.0,0.0,2002,clin,0.8
2,5,lr1e-04_bs32_modL1_fusion64_fusionL1_drop0p2_trmiss80_trlocclin,32,0.0001,1,64,1,0.2,lr1e-04_bs32_modL1_fusion64_fusionL1_drop0p2_trmiss80_trlocclin,2,0.7254514098167419,0.718972772359848,0.560344827586207,0.7008457502857915,0.4888888888888889,0.0,0.0,0.0,0.0,2002,clin,0.8
2,5,lr1e-04_bs32_modL1_fusion64_fusionL1_drop0p2_trmiss80_trlocclin,32,0.0001,1,64,1,0.2,lr1e-04_bs32_modL1_fusion64_fusionL1_drop0p2_trmiss80_trlocclin,3,0.7018573780854543,0.7170394659042358,0.5969827586206897,0.7435590520764578,0.5555555555555556,0.0,0.0,0.0,0.0,2002,clin,0.8
2,5,lr1e-04_bs32_modL1_fusion64_fusionL1_drop0p2_trmiss80_trlocclin,32,0.0001,1,64,1,0.2,lr1e-04_bs32_modL1_fusion64_fusionL1_drop0p2_trmiss80_trlocclin,4,0.6605670551458994,0.7122575342655182,0.6228448275862069,0.7690153134841068,0.6,0.0,0.0,0.0,0.0,2002,clin,0.8
2,5,lr1e-04_bs32_modL1_fusion64_fusionL1_drop0p2_trmiss80_trlocclin,32,0.0001,1,64,1,0.2,lr1e-04_bs32_modL1_fusion64_fusionL1_drop0p2_trmiss80_trlocclin,5,0.6458651721477509,0.6999589502811432,0.6530172413793103,0.7957426615075808,0.5777777777777777,0.0,0.0,0.0,0.0,2002,clin,0.8
2,5,lr1e-04_bs32_modL1_fusion64_fusionL1_drop0p2_trmiss80_trlocclin,32,0.0001,1,64,1,0.2,lr1e-04_bs32_modL1_fusion64_fusionL1_drop0p2_trmiss80_trlocclin,6,0.6347645123799642,0.6890201270580292,0.665948275862069,0.800433590834975,0.6,0.0,0.0,0.0,0.0,2002,clin,0.8
2,5,lr1e-04_bs32_modL1_fusion64_fusionL1_drop0p2_trmiss80_trlocclin,32,0.0001,1,64,1,0.2,lr1e-04_bs32_modL1_fusion64_fusionL1_drop0p2_trmiss80_trlocclin,7,0.6174372533957163,0.6838926672935486,0.6724137931034483,0.8047631210123294,0.6,0.0,0.0,0.0,0.0,2002,clin,0.8
2,5,lr1e-04_bs32_modL1_fusion64_fusionL1_drop0p2_trmiss80_trlocclin,32,0.0001,1,64,1,0.2,lr1e-04_bs32_modL1_fusion64_fusionL1_drop0p2_trmiss80_trlocclin,8,0.6042447586854299,0.6816681027412415,0.6594827586206896,0.7950127781420023,0.5777777777777777,0.0,0.0,0.0,0.0,2002,clin,0.8
2,5,lr1e-04_bs32_modL1_fusion64_fusionL1_drop0p2_trmiss80_trlocclin,32,0.0001,1,64,1,0.2,lr1e-04_bs32_modL1_fusion64_fusionL1_drop0p2_trmiss80_trlocclin,9,0.586935798327128,0.67413529753685,0.6487068965517241,0.7833266949270237,0.5111111111111111,0.0,0.0,0.0,0.0,2002,clin,0.8
2,5,lr1e-04_bs32_modL1_fusion64_fusionL1_drop0p2_trmiss80_trlocclin,32,0.0001,1,64,1,0.2,lr1e-04_bs32_modL1_fusion64_fusionL1_drop0p2_trmiss80_trlocclin,10,0.5769622524579366,0.6745186746120453,0.6551724137931034,0.7887639094138403,0.5333333333333333,0.0,0.0,0.0,0.0,2002,clin,0.8
2,5,lr1e-04_bs32_modL1_fusion64_fusionL1_drop0p2_trmiss80_trlocclin,32,0.0001,1,64,1,0.2,lr1e-04_bs32_modL1_fusion64_fusionL1_drop0p2_trmiss80_trlocclin,11,0.5513593951861063,0.675193727016449,0.665948275862069,0.7903369777598674,0.5555555555555556,0.0,0.0,0.0,0.0,2002,clin,0.8
2,5,lr1e-04_bs32_modL1_fusion64_fusionL1_drop0p2_trmiss80_trlocclin,32,0.0001,1,64,1,0.2,lr1e-04_bs32_modL1_fusion64_fusionL1_drop0p2_trmiss80_trlocclin,12,0.5321064492066702,0.6697340905666351,0.6724137931034483,0.7883820066844022,0.4888888888888889,0.0,0.0,0.0,0.0,2002,clin,0.8
2,5,lr1e-04_bs32_modL1_fusion64_fusionL1_drop0p2_trmiss80_trlocclin,32,0.0001,1,64,1,0.2,lr1e-04_bs32_modL1_fusion64_fusionL1_drop0p2_trmiss80_trlocclin,13,0.5437149157126745,0.667714536190033,0.6702586206896552,0.7849985141301357,0.4888888888888889,0.0,0.0,0.0,0.0,2002,clin,0.8
2,5,lr1e-04_bs32_modL1_fusion64_fusionL1_drop0p2_trmiss80_trlocclin,32,0.0001,1,64,1,0.2,lr1e-04_bs32_modL1_fusion64_fusionL1_drop0p2_trmiss80_trlocclin,14,0.5192555487155914,0.6607356071472168,0.6831896551724138,0.7951171997216764,0.5111111111111111,0.0,0.0,0.0,0.0,2002,clin,0.8
2,5,lr1e-04_bs32_modL1_fusion64_fusionL1_drop0p2_trmiss80_trlocclin,32,0.0001,1,64,1,0.2,lr1e-04_bs32_modL1_fusion64_fusionL1_drop0p2_trmiss80_trlocclin,15,0.5160631785790125,0.6568769216537476,0.6767241379310345,0.7923517530797481,0.5333333333333333,0.0,0.0,0.0,0.0,2002,clin,0.8
2,5,lr1e-04_bs32_modL1_fusion64_fusionL1_drop0p2_trmiss80_trlocclin,32,0.0001,1,64,1,0.2,lr1e-04_bs32_modL1_fusion64_fusionL1_drop0p2_trmiss80_trlocclin,16,0.48786385854085285,0.6592186093330383,0.6724137931034483,0.7933429622477235,0.5555555555555556,0.0,0.0,0.0,0.0,2002,clin,0.8
2,5,lr1e-04_bs32_modL1_fusion64_fusionL1_drop0p2_trmiss80_trlocclin,32,0.0001,1,64,1,0.2,lr1e-04_bs32_modL1_fusion64_fusionL1_drop0p2_trmiss80_trlocclin,17,0.4837321887413661,0.6543312072753906,0.6831896551724137,0.8010441870419458,0.5333333333333333,0.0,0.0,0.0,0.0,2002,clin,0.8
2,5,lr1e-04_bs32_modL1_fusion64_fusionL1_drop0p2_trmiss80_trlocclin,32,0.0001,1,64,1,0.2,lr1e-04_bs32_modL1_fusion64_fusionL1_drop0p2_trmiss80_trlocclin,18,0.4752884854873021,0.6474826633930206,0.6875,0.7981156614163509,0.5333333333333333,0.0,0.0,0.0,0.0,2002,clin,0.8
2,5,lr1e-04_bs32_modL1_fusion64_fusionL1_drop0p2_trmiss80_trlocclin,32,0.0001,1,64,1,0.2,lr1e-04_bs32_modL1_fusion64_fusionL1_drop0p2_trmiss80_trlocclin,19,0.47146521011988324,0.6579496562480927,0.6745689655172413,0.789062831838885,0.5333333333333333,0.0,0.0,0.0,0.0,2002,clin,0.8
2,5,lr1e-04_bs32_modL1_fusion64_fusionL1_drop0p2_trmiss80_trlocclin,32,0.0001,1,64,1,0.2,lr1e-04_bs32_modL1_fusion64_fusionL1_drop0p2_trmiss80_trlocclin,20,0.44622258345286053,0.6523314416408539,0.6810344827586208,0.7991838725659843,0.5777777777777777,0.0,0.0,0.0,0.0,2002,clin,0.8
2,5,lr1e-04_bs32_modL1_fusion64_fusionL1_drop0p2_trmiss80_trlocclin,32,0.0001,1,64,1,0.2,lr1e-04_bs32_modL1_fusion64_fusionL1_drop0p2_trmiss80_trlocclin,21,0.43133769432703656,0.6529575288295746,0.6724137931034482,0.789642066957899,0.5777777777777777,0.0,0.0,0.0,0.0,2002,clin,0.8
2,5,lr1e-04_bs32_modL1_fusion64_fusionL1_drop0p2_trmiss80_trlocclin,32,0.0001,1,64,1,0.2,lr1e-04_bs32_modL1_fusion64_fusionL1_drop0p2_trmiss80_trlocclin,22,0.41897162795066833,0.6506595313549042,0.6745689655172413,0.7954519598539356,0.5777777777777777,0.0,0.0,0.0,0.0,2002,clin,0.8
2,5,lr1e-04_bs32_modL1_fusion64_fusionL1_drop0p2_trmiss80_trlocclin,32,0.0001,1,64,1,0.2,lr1e-04_bs32_modL1_fusion64_fusionL1_drop0p2_trmiss80_trlocclin,23,0.4049503256877263,0.6498918533325195,0.6745689655172413,0.7907953872535771,0.5555555555555556,0.0,0.0,0.0,0.0,2002,clin,0.8
2,5,lr1e-04_bs32_modL1_fusion64_fusionL1_drop0p2_trmiss80_trlocclin,32,0.0001,1,64,1,0.2,lr1e-04_bs32_modL1_fusion64_fusionL1_drop0p2_trmiss80_trlocclin,24,0.3928104341030121,0.6632120907306671,0.665948275862069,0.7910095439185687,0.5333333333333333,0.0,0.0,0.0,0.0,2002,clin,0.8
2,5,lr1e-04_bs32_modL1_fusion64_fusionL1_drop0p2_trmiss80_trlocclin,32,0.0001,1,64,1,0.2,lr1e-04_bs32_modL1_fusion64_fusionL1_drop0p2_trmiss80_trlocclin,25,0.38556483884652454,0.6664766669273376,0.6551724137931034,0.7815074178000303,0.5555555555555556,0.0,0.0,0.0,0.0,2002,clin,0.8
2,5,lr1e-04_bs32_modL1_fusion64_fusionL1_drop0p2_trmiss80_trlocclin,32,0.0001,1,64,1,0.2,lr1e-04_bs32_modL1_fusion64_fusionL1_drop0p2_trmiss80_trlocclin,26,0.37658446033795673,0.6662449240684509,0.6616379310344828,0.7808083011488675,0.5555555555555556,0.0,0.0,0.0,0.0,2002,clin,0.8
2,5,lr1e-04_bs32_modL1_fusion64_fusionL1_drop0p2_trmiss80_trlocclin,32,0.0001,1,64,1,0.2,lr1e-04_bs32_modL1_fusion64_fusionL1_drop0p2_trmiss80_trlocclin,27,0.3932567487160365,0.6644026339054108,0.6637931034482759,0.7851961731050245,0.5777777777777777,0.0,0.0,0.0,0.0,2002,clin,0.8
2,5,lr1e-04_bs32_modL1_fusion64_fusionL1_drop0p2_trmiss80_trlocclin,32,0.0001,1,64,1,0.2,lr1e-04_bs32_modL1_fusion64_fusionL1_drop0p2_trmiss80_trlocclin,28,0.37680216133594513,0.6563505530357361,0.6724137931034483,0.7911628270214526,0.5555555555555556,0.0,0.0,0.0,0.0,2002,clin,0.8
2,5,lr1e-04_bs32_modL1_fusion64_fusionL1_drop0p2_trmiss80_trlocclin,32,0.0001,1,64,1,0.2,lr1e-04_bs32_modL1_fusion64_fusionL1_drop0p2_trmiss80_trlocclin,29,0.35791084667046863,0.6498176455497742,0.6745689655172413,0.7938400751614956,0.5777777777777777,0.0,0.0,0.0,0.0,2002,clin,0.8
2,5,lr1e-04_bs32_modL1_fusion64_fusionL1_drop0p2_trmiss80_trlocclin,32,0.0001,1,64,1,0.2,lr1e-04_bs32_modL1_fusion64_fusionL1_drop0p2_trmiss80_trlocclin,30,0.3793966621160507,0.6433334052562714,0.6724137931034483,0.788357274649883,0.6,0.0,0.0,0.0,0.0,2002,clin,0.8
2,5,lr1e-04_bs32_modL1_fusion64_fusionL1_drop0p2_trmiss80_trlocclin,32,0.0001,1,64,1,0.2,lr1e-04_bs32_modL1_fusion64_fusionL1_drop0p2_trmiss80_trlocclin,31,0.35841868817806244,0.6517053246498108,0.6702586206896551,0.7854788454743469,0.6,0.0,0.0,0.0,0.0,2002,clin,0.8
2,5,lr1e-04_bs32_modL1_fusion64_fusionL1_drop0p2_trmiss80_trlocclin,32,0.0001,1,64,1,0.2,lr1e-04_bs32_modL1_fusion64_fusionL1_drop0p2_trmiss80_trlocclin,32,0.3781703362862269,0.6635239124298096,0.6551724137931035,0.778665937925866,0.5777777777777777,0.0,0.0,0.0,0.0,2002,clin,0.8
2,5,lr1e-04_bs32_modL1_fusion64_fusionL1_drop0p2_trmiss80_trlocclin,32,0.0001,1,64,1,0.2,lr1e-04_bs32_modL1_fusion64_fusionL1_drop0p2_trmiss80_trlocclin,33,0.3520663430293401,0.6646966934204102,0.6530172413793104,0.7770839268392806,0.5555555555555556,0.0,0.0,0.0,0.0,2002,clin,0.8
2,5,lr1e-04_bs32_modL1_fusion64_fusionL1_drop0p2_trmiss80_trlocclin,32,0.0001,1,64,1,0.2,lr1e-04_bs32_modL1_fusion64_fusionL1_drop0p2_trmiss80_trlocclin,34,0.35238554577032727,0.6566660404205322,0.6573275862068966,0.7794903060183029,0.5777777777777777,0.0,0.0,0.0,0.0,2002,clin,0.8
2,5,lr1e-04_bs32_modL1_fusion64_fusionL1_drop0p2_trmiss80_trlocclin,32,0.0001,1,64,1,0.2,lr1e-04_bs32_modL1_fusion64_fusionL1_drop0p2_trmiss80_trlocclin,35,0.3559610495964686,0.6472834646701813,0.6702586206896552,0.7817747333423086,0.5777777777777777,0.0,0.0,0.0,0.0,2002,clin,0.8
2,5,lr1e-04_bs32_modL1_fusion64_fusionL1_drop0p2_trmiss80_trlocclin,32,0.0001,1,64,1,0.2,lr1e-04_bs32_modL1_fusion64_fusionL1_drop0p2_trmiss80_trlocclin,36,0.33254359165827435,0.6482483446598053,0.6724137931034484,0.7851339033125229,0.5333333333333333,0.0,0.0,0.0,0.0,2002,clin,0.8
2,5,lr1e-04_bs32_modL1_fusion64_fusionL1_drop0p2_trmiss80_trlocclin,32,0.0001,1,64,1,0.2,lr1e-04_bs32_modL1_fusion64_fusionL1_drop0p2_trmiss80_trlocclin,37,0.35059359669685364,0.6509920656681061,0.6573275862068966,0.7806434916889557,0.5555555555555556,0.0,0.0,0.0,0.0,2002,clin,0.8
2,5,lr1e-04_bs32_modL1_fusion64_fusionL1_drop0p2_trmiss80_trlocclin,32,0.0001,1,64,1,0.2,lr1e-04_bs32_modL1_fusion64_fusionL1_drop0p2_trmiss80_trlocclin,38,0.3270777414242427,0.6591709852218628,0.6530172413793104,0.7803379066934897,0.5555555555555556,0.0,0.0,0.0,0.0,2002,clin,0.8
2,5,lr1e-04_bs32_modL1_fusion64_fusionL1_drop0p1_trmiss80_trlocclin,32,0.0001,1,64,1,0.1,lr1e-04_bs32_modL1_fusion64_fusionL1_drop0p1_trmiss80_trlocclin,1,0.7060832182566324,0.6765424609184265,0.7241379310344828,0.8504779542482594,0.6666666666666666,0.0,0.0,0.0,0.0,2002,clin,0.8
2,5,lr1e-04_bs32_modL1_fusion64_fusionL1_drop0p1_trmiss80_trlocclin,32,0.0001,1,64,1,0.1,lr1e-04_bs32_modL1_fusion64_fusionL1_drop0p1_trmiss80_trlocclin,2,0.6392840246359507,0.665838360786438,0.7241379310344828,0.8588225642690885,0.7333333333333333,0.0,0.0,0.0,0.0,2002,clin,0.8
2,5,lr1e-04_bs32_modL1_fusion64_fusionL1_drop0p1_trmiss80_trlocclin,32,0.0001,1,64,1,0.1,lr1e-04_bs32_modL1_fusion64_fusionL1_drop0p1_trmiss80_trlocclin,3,0.6147222618261973,0.6617931723594666,0.7306034482758621,0.8578920272619621,0.6888888888888889,0.0,0.0,0.0,0.0,2002,clin,0.8
2,5,lr1e-04_bs32_modL1_fusion64_fusionL1_drop0p1_trmiss80_trlocclin,32,0.0001,1,64,1,0.1,lr1e-04_bs32_modL1_fusion64_fusionL1_drop0p1_trmiss80_trlocclin,4,0.5774352053801218,0.6564338505268097,0.7349137931034482,0.8481059020548058,0.7333333333333333,0.0,0.0,0.0,0.0,2002,clin,0.8
2,5,lr1e-04_bs32_modL1_fusion64_fusionL1_drop0p1_trmiss80_trlocclin,32,0.0001,1,64,1,0.1,lr1e-04_bs32_modL1_fusion64_fusionL1_drop0p1_trmiss80_trlocclin,5,0.5758803387482961,0.6496238112449646,0.7392241379310345,0.8526697803777479,0.7555555555555555,0.0,0.0,0.0,0.0,2002,clin,0.8
2,5,lr1e-04_bs32_modL1_fusion64_fusionL1_drop0p1_trmiss80_trlocclin,32,0.0001,1,64,1,0.1,lr1e-04_bs32_modL1_fusion64_fusionL1_drop0p1_trmiss80_trlocclin,6,0.5518991847832998,0.6415343582630157,0.7650862068965516,0.8627827867497442,0.7555555555555555,0.0,0.0,0.0,0.0,2002,clin,0.8
2,5,lr1e-04_bs32_modL1_fusion64_fusionL1_drop0p1_trmiss80_trlocclin,32,0.0001,1,64,1,0.1,lr1e-04_bs32_modL1_fusion64_fusionL1_drop0p1_trmiss80_trlocclin,7,0.5349935293197632,0.6328771412372589,0.7887931034482758,0.8745247714386435,0.7777777777777778,0.0,0.0,0.0,0.0,2002,clin,0.8
2,5,lr1e-04_bs32_modL1_fusion64_fusionL1_drop0p1_trmiss80_trlocclin,32,0.0001,1,64,1,0.1,lr1e-04_bs32_modL1_fusion64_fusionL1_drop0p1_trmiss80_trlocclin,8,0.5178779313961664,0.6299763023853302,0.790948275862069,0.878514808875831,0.7777777777777778,0.0,0.0,0.0,0.0,2002,clin,0.8
2,5,lr1e-04_bs32_modL1_fusion64_fusionL1_drop0p1_trmiss80_trlocclin,32,0.0001,1,64,1,0.1,lr1e-04_bs32_modL1_fusion64_fusionL1_drop0p1_trmiss80_trlocclin,9,0.5113741606473923,0.6297182738780975,0.7952586206896552,0.8829276955946364,0.7333333333333333,0.0,0.0,0.0,0.0,2002,clin,0.8
2,5,lr1e-04_bs32_modL1_fusion64_fusionL1_drop0p1_trmiss80_trlocclin,32,0.0001,1,64,1,0.1,lr1e-04_bs32_modL1_fusion64_fusionL1_drop0p1_trmiss80_trlocclin,10,0.4912398060162862,0.6232390701770782,0.7974137931034482,0.8874673255088761,0.7111111111111111,0.0,0.0,0.0,0.0,2002,clin,0.8
2,5,lr1e-04_bs32_modL1_fusion64_fusionL1_drop0p1_trmiss80_trlocclin,32,0.0001,1,64,1,0.1,lr1e-04_bs32_modL1_fusion64_fusionL1_drop0p1_trmiss80_trlocclin,11,0.46803951760133106,0.6180221438407898,0.7995689655172414,0.8874614001676933,0.7111111111111111,0.0,0.0,0.0,0.0,2002,clin,0.8
2,5,lr1e-04_bs32_modL1_fusion64_fusionL1_drop0p1_trmiss80_trlocclin,32,0.0001,1,64,1,0.1,lr1e-04_bs32_modL1_fusion64_fusionL1_drop0p1_trmiss80_trlocclin,12,0.4489882042010625,0.6161122024059296,0.7887931034482759,0.8851148751163285,0.7111111111111111,0.0,0.0,0.0,0.0,2002,clin,0.8
2,5,lr1e-04_bs32_modL1_fusion64_fusionL1_drop0p1_trmiss80_trlocclin,32,0.0001,1,64,1,0.1,lr1e-04_bs32_modL1_fusion64_fusionL1_drop0p1_trmiss80_trlocclin,13,0.4556707839171092,0.611851692199707,0.8017241379310345,0.8912102483249844,0.7555555555555555,0.0,0.0,0.0,0.0,2002,clin,0.8
2,5,lr1e-04_bs32_modL1_fusion64_fusionL1_drop0p1_trmiss80_trlocclin,32,0.0001,1,64,1,0.1,lr1e-04_bs32_modL1_fusion64_fusionL1_drop0p1_trmiss80_trlocclin,14,0.42348092297712964,0.6146546900272369,0.7866379310344828,0.8874736382180286,0.7111111111111111,0.0,0.0,0.0,0.0,2002,clin,0.8
2,5,lr1e-04_bs32_modL1_fusion64_fusionL1_drop0p1_trmiss80_trlocclin,32,0.0001,1,64,1,0.1,lr1e-04_bs32_modL1_fusion64_fusionL1_drop0p1_trmiss80_trlocclin,15,0.42913325130939484,0.6220931708812714,0.7564655172413792,0.8705174234553223,0.6888888888888889,0.0,0.0,0.0,0.0,2002,clin,0.8
2,5,lr1e-04_bs32_modL1_fusion64_fusionL1_drop0p1_trmiss80_trlocclin,32,0.0001,1,64,1,0.1,lr1e-04_bs32_modL1_fusion64_fusionL1_drop0p1_trmiss80_trlocclin,16,0.4092804491519928,0.6149087250232697,0.7758620689655172,0.8820476466426757,0.6888888888888889,0.0,0.0,0.0,0.0,2002,clin,0.8
2,5,lr1e-04_bs32_modL1_fusion64_fusionL1_drop0p1_trmiss80_trlocclin,32,0.0001,1,64,1,0.1,lr1e-04_bs32_modL1_fusion64_fusionL1_drop0p1_trmiss80_trlocclin,17,0.4083525488773982,0.6052413284778595,0.8168103448275863,0.9005385618440276,0.7333333333333333,0.0,0.0,0.0,0.0,2002,clin,0.8
2,5,lr1e-04_bs32_modL1_fusion64_fusionL1_drop0p1_trmiss80_trlocclin,32,0.0001,1,64,1,0.1,lr1e-04_bs32_modL1_fusion64_fusionL1_drop0p1_trmiss80_trlocclin,18,0.3817839026451111,0.6076065599918365,0.8017241379310345,0.8901677999655757,0.7333333333333333,0.0,0.0,0.0,0.0,2002,clin,0.8
2,5,lr1e-04_bs32_modL1_fusion64_fusionL1_drop0p1_trmiss80_trlocclin,32,0.0001,1,64,1,0.1,lr1e-04_bs32_modL1_fusion64_fusionL1_drop0p1_trmiss80_trlocclin,19,0.37368781864643097,0.6047198176383972,0.8038793103448275,0.8929235999171159,0.7111111111111111,0.0,0.0,0.0,0.0,2002,clin,0.8
2,5,lr1e-04_bs32_modL1_fusion64_fusionL1_drop0p1_trmiss80_trlocclin,32,0.0001,1,64,1,0.1,lr1e-04_bs32_modL1_fusion64_fusionL1_drop0p1_trmiss80_trlocclin,20,0.3668494572242101,0.6075909733772278,0.810344827586207,0.8944938368864572,0.7111111111111111,0.0,0.0,0.0,0.0,2002,clin,0.8
2,5,lr1e-04_bs32_modL1_fusion64_fusionL1_drop0p1_trmiss80_trlocclin,32,0.0001,1,64,1,0.1,lr1e-04_bs32_modL1_fusion64_fusionL1_drop0p1_trmiss80_trlocclin,21,0.3490602523088455,0.6122486889362335,0.7952586206896551,0.8811697760178365,0.7333333333333333,0.0,0.0,0.0,0.0,2002,clin,0.8
2,5,lr1e-04_bs32_modL1_fusion64_fusionL1_drop0p1_trmiss80_trlocclin,32,0.0001,1,64,1,0.1,lr1e-04_bs32_modL1_fusion64_fusionL1_drop0p1_trmiss80_trlocclin,22,0.3553554217020671,0.6054115295410156,0.8038793103448276,0.8819761231480205,0.7111111111111111,0.0,0.0,0.0,0.0,2002,clin,0.8
2,5,lr1e-04_bs32_modL1_fusion64_fusionL1_drop0p1_trmiss80_trlocclin,32,0.0001,1,64,1,0.1,lr1e-04_bs32_modL1_fusion64_fusionL1_drop0p1_trmiss80_trlocclin,23,0.3341698149840037,0.6002604067325592,0.8081896551724138,0.8833734885509221,0.6888888888888889,0.0,0.0,0.0,0.0,2002,clin,0.8
2,5,lr1e-04_bs32_modL1_fusion64_fusionL1_drop0p1_trmiss80_trlocclin,32,0.0001,1,64,1,0.1,lr1e-04_bs32_modL1_fusion64_fusionL1_drop0p1_trmiss80_trlocclin,24,0.3274962206681569,0.5988866984844208,0.793103448275862,0.8823387094227668,0.6666666666666666,0.0,0.0,0.0,0.0,2002,clin,0.8
2,5,lr1e-04_bs32_modL1_fusion64_fusionL1_drop0p1_trmiss80_trlocclin,32,0.0001,1,64,1,0.1,lr1e-04_bs32_modL1_fusion64_fusionL1_drop0p1_trmiss80_trlocclin,25,0.31455249587694806,0.5975311100482941,0.8038793103448276,0.8872643598790604,0.6888888888888889,0.0,0.0,0.0,0.0,2002,clin,0.8
2,5,lr1e-04_bs32_modL1_fusion64_fusionL1_drop0p1_trmiss80_trlocclin,32,0.0001,1,64,1,0.1,lr1e-04_bs32_modL1_fusion64_fusionL1_drop0p1_trmiss80_trlocclin,26,0.32557760179042816,0.6041440367698669,0.7931034482758621,0.8795532419665706,0.6888888888888889,0.0,0.0,0.0,0.0,2002,clin,0.8
2,5,lr1e-04_bs32_modL1_fusion64_fusionL1_drop0p1_trmiss80_trlocclin,32,0.0001,1,64,1,0.1,lr1e-04_bs32_modL1_fusion64_fusionL1_drop0p1_trmiss80_trlocclin,27,0.30116069316864014,0.5934868156909943,0.7952586206896551,0.8776768882563537,0.7111111111111111,0.0,0.0,0.0,0.0,2002,clin,0.8
2,5,lr1e-04_bs32_modL1_fusion64_fusionL1_drop0p1_trmiss80_trlocclin,32,0.0001,1,64,1,0.1,lr1e-04_bs32_modL1_fusion64_fusionL1_drop0p1_trmiss80_trlocclin,28,0.3008950153986613,0.5957960188388824,0.7866379310344827,0.8805589350618812,0.7111111111111111,0.0,0.0,0.0,0.0,2002,clin,0.8
2,5,lr1e-04_bs32_modL1_fusion64_fusionL1_drop0p1_trmiss80_trlocclin,32,0.0001,1,64,1,0.1,lr1e-04_bs32_modL1_fusion64_fusionL1_drop0p1_trmiss80_trlocclin,29,0.29393670956293744,0.5926588475704193,0.7952586206896551,0.8899271549119274,0.6888888888888889,0.0,0.0,0.0,0.0,2002,clin,0.8
2,5,lr1e-04_bs32_modL1_fusion64_fusionL1_drop0p1_trmiss80_trlocclin,32,0.0001,1,64,1,0.1,lr1e-04_bs32_modL1_fusion64_fusionL1_drop0p1_trmiss80_trlocclin,30,0.28544169167677563,0.5952347218990326,0.7672413793103448,0.8709157826987344,0.6888888888888889,0.0,0.0,0.0,0.0,2002,clin,0.8
2,5,lr1e-04_bs32_modL1_fusion64_fusionL1_drop0p1_trmiss80_trlocclin,32,0.0001,1,64,1,0.1,lr1e-04_bs32_modL1_fusion64_fusionL1_drop0p1_trmiss80_trlocclin,31,0.27704010407129925,0.5923779606819153,0.7887931034482758,0.8782864883417207,0.6888888888888889,0.0,0.0,0.0,0.0,2002,clin,0.8
2,5,lr1e-04_bs32_modL1_fusion64_fusionL1_drop0p1_trmiss80_trlocclin,32,0.0001,1,64,1,0.1,lr1e-04_bs32_modL1_fusion64_fusionL1_drop0p1_trmiss80_trlocclin,32,0.2730718106031418,0.606354683637619,0.7758620689655173,0.8675439184610536,0.7333333333333333,0.0,0.0,0.0,0.0,2002,clin,0.8
2,5,lr1e-04_bs32_modL1_fusion64_fusionL1_drop0p1_trmiss80_trlocclin,32,0.0001,1,64,1,0.1,lr1e-04_bs32_modL1_fusion64_fusionL1_drop0p1_trmiss80_trlocclin,33,0.26195429017146427,0.6038596928119659,0.7823275862068966,0.8757177144803303,0.7111111111111111,0.0,0.0,0.0,0.0,2002,clin,0.8
2,5,lr1e-04_bs32_modL1_fusion64_fusionL1_drop0p1_trmiss80_trlocclin,32,0.0001,1,64,1,0.1,lr1e-04_bs32_modL1_fusion64_fusionL1_drop0p1_trmiss80_trlocclin,34,0.2550583283106486,0.5941027998924255,0.8017241379310345,0.8859585942343211,0.7111111111111111,0.0,0.0,0.0,0.0,2002,clin,0.8
2,5,lr1e-04_bs32_modL1_fusion64_fusionL1_drop0p1_trmiss80_trlocclin,32,0.0001,1,64,1,0.1,lr1e-04_bs32_modL1_fusion64_fusionL1_drop0p1_trmiss80_trlocclin,35,0.2512313822905223,0.6019487977027893,0.7758620689655172,0.8617994383485625,0.7333333333333333,0.0,0.0,0.0,0.0,2002,clin,0.8
2,5,lr1e-04_bs32_modL1_fusion64_fusionL1_drop0p1_trmiss80_trlocclin,32,0.0001,1,64,1,0.1,lr1e-04_bs32_modL1_fusion64_fusionL1_drop0p1_trmiss80_trlocclin,36,0.2419087216258049,0.5924757421016693,0.7931034482758621,0.8730191874780296,0.7111111111111111,0.0,0.0,0.0,0.0,2002,clin,0.8
2,5,lr1e-04_bs32_modL1_fusion64_fusionL1_drop0p1_trmiss80_trlocclin,32,0.0001,1,64,1,0.1,lr1e-04_bs32_modL1_fusion64_fusionL1_drop0p1_trmiss80_trlocclin,37,0.238041361172994,0.5982011258602142,0.7931034482758621,0.8771807160190563,0.7333333333333333,0.0,0.0,0.0,0.0,2002,clin,0.8
3,1,lr5e-05_bs16_modL1_fusion32_fusionL1_drop0p2_trmiss80_trlocclin,16,5e-05,1,32,1,0.2,lr5e-05_bs16_modL1_fusion32_fusionL1_drop0p2_trmiss80_trlocclin,1,0.6699542353550593,0.6881633400917053,0.47870182555780927,0.6618735395461234,0.5434782608695652,0.0,0.0,0.0,0.0,2002,clin,0.8
3,1,lr5e-05_bs16_modL1_fusion32_fusionL1_drop0p2_trmiss80_trlocclin,16,5e-05,1,32,1,0.2,lr5e-05_bs16_modL1_fusion32_fusionL1_drop0p2_trmiss80_trlocclin,2,0.6404844770828882,0.6828402876853943,0.5030425963488844,0.6762243980465102,0.5434782608695652,0.0,0.0,0.0,0.0,2002,clin,0.8
3,1,lr5e-05_bs16_modL1_fusion32_fusionL1_drop0p2_trmiss80_trlocclin,16,5e-05,1,32,1,0.2,lr5e-05_bs16_modL1_fusion32_fusionL1_drop0p2_trmiss80_trlocclin,3,0.6293888688087463,0.6801602641741434,0.5314401622718052,0.6841222420527568,0.5,0.0,0.0,0.0,0.0,2002,clin,0.8
3,1,lr5e-05_bs16_modL1_fusion32_fusionL1_drop0p2_trmiss80_trlocclin,16,5e-05,1,32,1,0.2,lr5e-05_bs16_modL1_fusion32_fusionL1_drop0p2_trmiss80_trlocclin,4,0.6136122196912766,0.6749957601229349,0.5598377281947262,0.7100545160458387,0.5,0.0,0.0,0.0,0.0,2002,clin,0.8
3,1,lr5e-05_bs16_modL1_fusion32_fusionL1_drop0p2_trmiss80_trlocclin,16,5e-05,1,32,1,0.2,lr5e-05_bs16_modL1_fusion32_fusionL1_drop0p2_trmiss80_trlocclin,5,0.6215585619211197,0.6733783086140951,0.563894523326572,0.7237058666236603,0.5217391304347826,0.0,0.0,0.0,0.0,2002,clin,0.8
3,1,lr5e-05_bs16_modL1_fusion32_fusionL1_drop0p2_trmiss80_trlocclin,16,5e-05,1,32,1,0.2,lr5e-05_bs16_modL1_fusion32_fusionL1_drop0p2_trmiss80_trlocclin,6,0.6002048254013062,0.6719541152318319,0.5740365111561866,0.7105089348480615,0.5434782608695652,0.0,0.0,0.0,0.0,2002,clin,0.8
3,1,lr5e-05_bs16_modL1_fusion32_fusionL1_drop0p2_trmiss80_trlocclin,16,5e-05,1,32,1,0.2,lr5e-05_bs16_modL1_fusion32_fusionL1_drop0p2_trmiss80_trlocclin,7,0.5948556711276373,0.6682128310203552,0.5882352941176471,0.7395994190645797,0.5869565217391305,0.0,0.0,0.0,0.0,2002,clin,0.8
3,1,lr5e-05_bs16_modL1_fusion32_fusionL1_drop0p2_trmiss80_trlocclin,16,5e-05,1,32,1,0.2,lr5e-05_bs16_modL1_fusion32_fusionL1_drop0p2_trmiss80_trlocclin,8,0.5635159313678741,0.6640573740005493,0.6085192697768762,0.7613479657853903,0.6086956521739131,0.0,0.0,0.0,0.0,2002,clin,0.8
3,1,lr5e-05_bs16_modL1_fusion32_fusionL1_drop0p2_trmiss80_trlocclin,16,5e-05,1,32,1,0.2,lr5e-05_bs16_modL1_fusion32_fusionL1_drop0p2_trmiss80_trlocclin,9,0.5606466432412466,0.6663832863171896,0.6044624746450304,0.7516872777275184,0.6086956521739131,0.0,0.0,0.0,0.0,2002,clin,0.8
3,1,lr5e-05_bs16_modL1_fusion32_fusionL1_drop0p2_trmiss80_trlocclin,16,5e-05,1,32,1,0.2,lr5e-05_bs16_modL1_fusion32_fusionL1_drop0p2_trmiss80_trlocclin,10,0.57084621489048,0.665664792060852,0.6024340770791075,0.7509240922423271,0.5869565217391305,0.0,0.0,0.0,0.0,2002,clin,0.8
3,1,lr5e-05_bs16_modL1_fusion32_fusionL1_drop0p2_trmiss80_trlocclin,16,5e-05,1,32,1,0.2,lr5e-05_bs16_modL1_fusion32_fusionL1_drop0p2_trmiss80_trlocclin,11,0.5438386971751848,0.6620380282402039,0.6085192697768763,0.7408444422735616,0.5652173913043478,0.0,0.0,0.0,0.0,2002,clin,0.8
3,1,lr5e-05_bs16_modL1_fusion32_fusionL1_drop0p2_trmiss80_trlocclin,16,5e-05,1,32,1,0.2,lr5e-05_bs16_modL1_fusion32_fusionL1_drop0p2_trmiss80_trlocclin,12,0.5547601009408633,0.6585925221443176,0.6146044624746451,0.7546259292484073,0.5217391304347826,0.0,0.0,0.0,0.0,2002,clin,0.8
3,1,lr5e-05_bs16_modL1_fusion32_fusionL1_drop0p2_trmiss80_trlocclin,16,5e-05,1,32,1,0.2,lr5e-05_bs16_modL1_fusion32_fusionL1_drop0p2_trmiss80_trlocclin,13,0.5416193256775538,0.6612406174341837,0.6288032454361056,0.7626888071590449,0.5434782608695652,0.0,0.0,0.0,0.0,2002,clin,0.8
3,1,lr5e-05_bs16_modL1_fusion32_fusionL1_drop0p2_trmiss80_trlocclin,16,5e-05,1,32,1,0.2,lr5e-05_bs16_modL1_fusion32_fusionL1_drop0p2_trmiss80_trlocclin,14,0.5294816965858141,0.6612070202827454,0.6064908722109533,0.7412298140139997,0.5217391304347826,0.0,0.0,0.0,0.0,2002,clin,0.8
3,1,lr5e-05_bs16_modL1_fusion32_fusionL1_drop0p2_trmiss80_trlocclin,16,5e-05,1,32,1,0.2,lr5e-05_bs16_modL1_fusion32_fusionL1_drop0p2_trmiss80_trlocclin,15,0.5040500089526176,0.6640562216440836,0.6004056795131846,0.7533471030486049,0.5869565217391305,0.0,0.0,0.0,0.0,2002,clin,0.8
3,1,lr5e-05_bs16_modL1_fusion32_fusionL1_drop0p2_trmiss80_trlocclin,16,5e-05,1,32,1,0.2,lr5e-05_bs16_modL1_fusion32_fusionL1_drop0p2_trmiss80_trlocclin,16,0.4956977665424347,0.6638280153274536,0.6024340770791075,0.7475498860501625,0.5869565217391305,0.0,0.0,0.0,0.0,2002,clin,0.8
3,1,lr5e-05_bs16_modL1_fusion32_fusionL1_drop0p2_trmiss80_trlocclin,16,5e-05,1,32,1,0.2,lr5e-05_bs16_modL1_fusion32_fusionL1_drop0p2_trmiss80_trlocclin,17,0.5264928812781969,0.6663830081621805,0.5983772819472617,0.7416300813043345,0.5869565217391305,0.0,0.0,0.0,0.0,2002,clin,0.8
3,1,lr5e-05_bs16_modL1_fusion32_fusionL1_drop0p2_trmiss80_trlocclin,16,5e-05,1,32,1,0.2,lr5e-05_bs16_modL1_fusion32_fusionL1_drop0p2_trmiss80_trlocclin,18,0.49047696590423584,0.6695698698361715,0.6044624746450303,0.7475495970565625,0.5869565217391305,0.0,0.0,0.0,0.0,2002,clin,0.8
3,1,lr5e-05_bs16_modL1_fusion32_fusionL1_drop0p2_trmiss80_trlocclin,16,5e-05,1,32,1,0.2,lr5e-05_bs16_modL1_fusion32_fusionL1_drop0p2_trmiss80_trlocclin,19,0.49419044454892475,0.6636903087298075,0.6085192697768763,0.7531192580836304,0.5652173913043478,0.0,0.0,0.0,0.0,2002,clin,0.8
3,1,lr5e-05_bs16_modL1_fusion32_fusionL1_drop0p2_trmiss80_trlocclin,16,5e-05,1,32,1,0.2,lr5e-05_bs16_modL1_fusion32_fusionL1_drop0p2_trmiss80_trlocclin,20,0.5236457238594691,0.6597584088643392,0.6085192697768762,0.7624909455685717,0.5434782608695652,0.0,0.0,0.0,0.0,2002,clin,0.8
3,1,lr5e-05_bs16_modL1_fusion32_fusionL1_drop0p2_trmiss80_trlocclin,16,5e-05,1,32,1,0.2,lr5e-05_bs16_modL1_fusion32_fusionL1_drop0p2_trmiss80_trlocclin,21,0.4920798217256864,0.6622634927431742,0.6125760649087221,0.7683932537558181,0.5869565217391305,0.0,0.0,0.0,0.0,2002,clin,0.8
3,1,lr5e-05_bs16_modL1_fusion32_fusionL1_drop0p2_trmiss80_trlocclin,16,5e-05,1,32,1,0.2,lr5e-05_bs16_modL1_fusion32_fusionL1_drop0p2_trmiss80_trlocclin,22,0.45953597625096637,0.6627570589383444,0.5963488843813387,0.7486366103096264,0.5434782608695652,0.0,0.0,0.0,0.0,2002,clin,0.8
3,1,lr5e-05_bs16_modL1_fusion32_fusionL1_drop0p2_trmiss80_trlocclin,16,5e-05,1,32,1,0.2,lr5e-05_bs16_modL1_fusion32_fusionL1_drop0p2_trmiss80_trlocclin,23,0.4512249032656352,0.662906289100647,0.5963488843813388,0.7488409348850925,0.5434782608695652,0.0,0.0,0.0,0.0,2002,clin,0.8
3,1,lr5e-05_bs16_modL1_fusion32_fusionL1_drop0p2_trmiss80_trlocclin,16,5e-05,1,32,1,0.2,lr5e-05_bs16_modL1_fusion32_fusionL1_drop0p2_trmiss80_trlocclin,24,0.4675443967183431,0.668322483698527,0.5720081135902637,0.7294117043830016,0.5652173913043478,0.0,0.0,0.0,0.0,2002,clin,0.8
3,1,lr5e-05_bs16_modL1_fusion32_fusionL1_drop0p2_trmiss80_trlocclin,16,5e-05,1,32,1,0.2,lr5e-05_bs16_modL1_fusion32_fusionL1_drop0p2_trmiss80_trlocclin,25,0.45166105777025223,0.6756318211555481,0.565922920892495,0.721253861329726,0.5434782608695652,0.0,0.0,0.0,0.0,2002,clin,0.8
3,1,lr5e-05_bs16_modL1_fusion32_fusionL1_drop0p2_trmiss80_trlocclin,16,5e-05,1,32,1,0.2,lr5e-05_bs16_modL1_fusion32_fusionL1_drop0p2_trmiss80_trlocclin,26,0.4722783913215001,0.6670555075009664,0.5720081135902637,0.7245065997498624,0.5434782608695652,0.0,0.0,0.0,0.0,2002,clin,0.8
3,1,lr5e-05_bs16_modL1_fusion32_fusionL1_drop0p2_trmiss80_trlocclin,16,5e-05,1,32,1,0.2,lr5e-05_bs16_modL1_fusion32_fusionL1_drop0p2_trmiss80_trlocclin,27,0.4873082712292671,0.6667792598406473,0.5821501014198783,0.7356434680978176,0.5434782608695652,0.0,0.0,0.0,0.0,2002,clin,0.8
3,1,lr5e-05_bs16_modL1_fusion32_fusionL1_drop0p2_trmiss80_trlocclin,16,5e-05,1,32,1,0.2,lr5e-05_bs16_modL1_fusion32_fusionL1_drop0p2_trmiss80_trlocclin,28,0.46223316341638565,0.6697807709376017,0.563894523326572,0.7226340301921953,0.5217391304347826,0.0,0.0,0.0,0.0,2002,clin,0.8
3,1,lr5e-05_bs16_modL1_fusion32_fusionL1_drop0p2_trmiss80_trlocclin,16,5e-05,1,32,1,0.2,lr5e-05_bs16_modL1_fusion32_fusionL1_drop0p2_trmiss80_trlocclin,29,0.4672623996933301,0.6696165601412455,0.5618661257606491,0.7175257172745518,0.5217391304347826,0.0,0.0,0.0,0.0,2002,clin,0.8
3,1,lr5e-05_bs16_modL1_fusion32_fusionL1_drop0p2_trmiss80_trlocclin,16,5e-05,1,32,1,0.2,lr5e-05_bs16_modL1_fusion32_fusionL1_drop0p2_trmiss80_trlocclin,30,0.4719384089112282,0.6623788277308146,0.5963488843813387,0.7405992113555494,0.5217391304347826,0.0,0.0,0.0,0.0,2002,clin,0.8
3,1,lr5e-05_bs16_modL1_fusion32_fusionL1_drop0p2_trmiss80_trlocclin,16,5e-05,1,32,1,0.2,lr5e-05_bs16_modL1_fusion32_fusionL1_drop0p2_trmiss80_trlocclin,31,0.4679773946603139,0.6682877739270529,0.59026369168357,0.7384469592910606,0.5,0.0,0.0,0.0,0.0,2002,clin,0.8
3,1,lr5e-05_bs16_modL1_fusion32_fusionL1_drop0p2_trmiss80_trlocclin,16,5e-05,1,32,1,0.2,lr5e-05_bs16_modL1_fusion32_fusionL1_drop0p2_trmiss80_trlocclin,32,0.4585122192899386,0.6652021408081055,0.5760649087221095,0.7289295652532525,0.5652173913043478,0.0,0.0,0.0,0.0,2002,clin,0.8
3,1,lr5e-05_bs16_modL1_fusion32_fusionL1_drop0p2_trmiss80_trlocclin,16,5e-05,1,32,1,0.2,lr5e-05_bs16_modL1_fusion32_fusionL1_drop0p2_trmiss80_trlocclin,33,0.4704018409053485,0.6649614572525024,0.5679513184584178,0.7192274117824687,0.5652173913043478,0.0,0.0,0.0,0.0,2002,clin,0.8
3,1,lr5e-05_bs16_modL1_fusion32_fusionL1_drop0p1_trmiss80_trlocclin,16,5e-05,1,32,1,0.1,lr5e-05_bs16_modL1_fusion32_fusionL1_drop0p1_trmiss80_trlocclin,1,0.6868379513422648,0.6853691736857096,0.5192697768762677,0.6444583483291192,0.5652173913043478,0.0,0.0,0.0,0.0,2002,clin,0.8
3,1,lr5e-05_bs16_modL1_fusion32_fusionL1_drop0p1_trmiss80_trlocclin,16,5e-05,1,32,1,0.1,lr5e-05_bs16_modL1_fusion32_fusionL1_drop0p1_trmiss80_trlocclin,2,0.6327797422806422,0.6908426284790039,0.48884381338742394,0.6281303694669397,0.5217391304347826,0.0,0.0,0.0,0.0,2002,clin,0.8
3,1,lr5e-05_bs16_modL1_fusion32_fusionL1_drop0p1_trmiss80_trlocclin,16,5e-05,1,32,1,0.1,lr5e-05_bs16_modL1_fusion32_fusionL1_drop0p1_trmiss80_trlocclin,3,0.6178854058186213,0.6859995722770691,0.5010141987829615,0.6388384193892065,0.5217391304347826,0.0,0.0,0.0,0.0,2002,clin,0.8
3,1,lr5e-05_bs16_modL1_fusion32_fusionL1_drop0p1_trmiss80_trlocclin,16,5e-05,1,32,1,0.1,lr5e-05_bs16_modL1_fusion32_fusionL1_drop0p1_trmiss80_trlocclin,4,0.6108109305302302,0.6897245049476624,0.48478701825557813,0.6311479612584445,0.5217391304347826,0.0,0.0,0.0,0.0,2002,clin,0.8
3,1,lr5e-05_bs16_modL1_fusion32_fusionL1_drop0p1_trmiss80_trlocclin,16,5e-05,1,32,1,0.1,lr5e-05_bs16_modL1_fusion32_fusionL1_drop0p1_trmiss80_trlocclin,5,0.5778691619634628,0.6913663744926453,0.4766734279918864,0.6290168485052352,0.5434782608695652,0.0,0.0,0.0,0.0,2002,clin,0.8
3,1,lr5e-05_bs16_modL1_fusion32_fusionL1_drop0p1_trmiss80_trlocclin,16,5e-05,1,32,1,0.1,lr5e-05_bs16_modL1_fusion32_fusionL1_drop0p1_trmiss80_trlocclin,6,0.5876716822385788,0.6891987919807434,0.5050709939148073,0.6503060952581582,0.5434782608695652,0.0,0.0,0.0,0.0,2002,clin,0.8
3,1,lr5e-05_bs16_modL1_fusion32_fusionL1_drop0p1_trmiss80_trlocclin,16,5e-05,1,32,1,0.1,lr5e-05_bs16_modL1_fusion32_fusionL1_drop0p1_trmiss80_trlocclin,7,0.5572769294182459,0.6922590533892313,0.4908722109533469,0.6367729033428736,0.5652173913043478,0.0,0.0,0.0,0.0,2002,clin,0.8
3,1,lr5e-05_bs16_modL1_fusion32_fusionL1_drop0p1_trmiss80_trlocclin,16,5e-05,1,32,1,0.1,lr5e-05_bs16_modL1_fusion32_fusionL1_drop0p1_trmiss80_trlocclin,8,0.5465776870648066,0.6954120596249899,0.4908722109533469,0.6340768514133739,0.5434782608695652,0.0,0.0,0.0,0.0,2002,clin,0.8
3,1,lr5e-05_bs16_modL1_fusion32_fusionL1_drop0p1_trmiss80_trlocclin,16,5e-05,1,32,1,0.1,lr5e-05_bs16_modL1_fusion32_fusionL1_drop0p1_trmiss80_trlocclin,9,0.5451835691928864,0.7020300626754761,0.4543610547667343,0.6210367207917489,0.4782608695652174,0.0,0.0,0.0,0.0,2002,clin,0.8
3,1,lr5e-05_bs16_modL1_fusion32_fusionL1_drop0p1_trmiss80_trlocclin,16,5e-05,1,32,1,0.1,lr5e-05_bs16_modL1_fusion32_fusionL1_drop0p1_trmiss80_trlocclin,10,0.5464821855227152,0.6948196291923523,0.45841784989858014,0.6198302565563397,0.5217391304347826,0.0,0.0,0.0,0.0,2002,clin,0.8
3,1,lr5e-05_bs16_modL1_fusion32_fusionL1_drop0p1_trmiss80_trlocclin,16,5e-05,1,32,1,0.1,lr5e-05_bs16_modL1_fusion32_fusionL1_drop0p1_trmiss80_trlocclin,11,0.5563275590538979,0.7011056343714396,0.4563894523326572,0.6185368199460198,0.5,0.0,0.0,0.0,0.0,2002,clin,0.8
3,1,lr5e-05_bs16_modL1_fusion32_fusionL1_drop0p1_trmiss80_trlocclin,16,5e-05,1,32,1,0.1,lr5e-05_bs16_modL1_fusion32_fusionL1_drop0p1_trmiss80_trlocclin,12,0.5585485150416692,0.6962727705637614,0.486815415821501,0.6381707662130705,0.5217391304347826,0.0,0.0,0.0,0.0,2002,clin,0.8
3,1,lr5e-05_bs16_modL1_fusion32_fusionL1_drop0p1_trmiss80_trlocclin,16,5e-05,1,32,1,0.1,lr5e-05_bs16_modL1_fusion32_fusionL1_drop0p1_trmiss80_trlocclin,13,0.5604705661535263,0.7003937760988871,0.4746450304259635,0.6265624450699292,0.4782608695652174,0.0,0.0,0.0,0.0,2002,clin,0.8
3,1,lr5e-05_bs16_modL1_fusion32_fusionL1_drop0p1_trmiss80_trlocclin,16,5e-05,1,32,1,0.1,lr5e-05_bs16_modL1_fusion32_fusionL1_drop0p1_trmiss80_trlocclin,14,0.5374750643968582,0.6998919447263082,0.45436105476673433,0.6177272432095586,0.4782608695652174,0.0,0.0,0.0,0.0,2002,clin,0.8
3,1,lr5e-05_bs16_modL1_fusion32_fusionL1_drop0p1_trmiss80_trlocclin,16,5e-05,1,32,1,0.1,lr5e-05_bs16_modL1_fusion32_fusionL1_drop0p1_trmiss80_trlocclin,15,0.5234798317154249,0.6992209752400717,0.462474645030426,0.6231767416248676,0.4782608695652174,0.0,0.0,0.0,0.0,2002,clin,0.8
3,1,lr5e-05_bs16_modL1_fusion32_fusionL1_drop0p1_trmiss80_trlocclin,16,5e-05,1,32,1,0.1,lr5e-05_bs16_modL1_fusion32_fusionL1_drop0p1_trmiss80_trlocclin,16,0.5345872864127159,0.7000973025957743,0.46855983772819476,0.629730919471882,0.4782608695652174,0.0,0.0,0.0,0.0,2002,clin,0.8
3,1,lr5e-05_bs16_modL1_fusion32_fusionL1_drop0p1_trmiss80_trlocclin,16,5e-05,1,32,1,0.1,lr5e-05_bs16_modL1_fusion32_fusionL1_drop0p1_trmiss80_trlocclin,17,0.5223706290125847,0.69622270266215,0.47058823529411764,0.6259025241020205,0.5217391304347826,0.0,0.0,0.0,0.0,2002,clin,0.8
3,1,lr5e-05_bs16_modL1_fusion32_fusionL1_drop0p1_trmiss80_trlocclin,16,5e-05,1,32,1,0.1,lr5e-05_bs16_modL1_fusion32_fusionL1_drop0p1_trmiss80_trlocclin,18,0.5259797920783361,0.6923503478368124,0.47058823529411764,0.6290157871480463,0.5217391304347826,0.0,0.0,0.0,0.0,2002,clin,0.8
3,1,lr5e-05_bs16_modL1_fusion32_fusionL1_drop0p1_trmiss80_trlocclin,16,5e-05,1,32,1,0.1,lr5e-05_bs16_modL1_fusion32_fusionL1_drop0p1_trmiss80_trlocclin,19,0.5236367732286453,0.6891829371452332,0.4726166328600406,0.6310176726165795,0.5217391304347826,0.0,0.0,0.0,0.0,2002,clin,0.8
3,1,lr5e-05_bs16_modL1_fusion32_fusionL1_drop0p1_trmiss80_trlocclin,16,5e-05,1,32,1,0.1,lr5e-05_bs16_modL1_fusion32_fusionL1_drop0p1_trmiss80_trlocclin,20,0.5362324193120003,0.6948654452959696,0.4523326572008114,0.6180896873007963,0.5217391304347826,0.0,0.0,0.0,0.0,2002,clin,0.8
3,1,lr5e-05_bs16_modL1_fusion32_fusionL1_drop0p1_trmiss80_trlocclin,16,5e-05,1,32,1,0.1,lr5e-05_bs16_modL1_fusion32_fusionL1_drop0p1_trmiss80_trlocclin,21,0.5219342559576035,0.6952773332595825,0.46450304259634895,0.6270436077045951,0.5,0.0,0.0,0.0,0.0,2002,clin,0.8
3,1,lr5e-05_bs16_modL1_fusion64_fusionL1_drop0p2_trmiss80_trlocclin,16,5e-05,1,64,1,0.2,lr5e-05_bs16_modL1_fusion64_fusionL1_drop0p2_trmiss80_trlocclin,1,0.7691846936941147,0.7030231753985087,0.3874239350912779,0.5954762792992737,0.43478260869565216,0.0,0.0,0.0,0.0,2002,clin,0.8
3,1,lr5e-05_bs16_modL1_fusion64_fusionL1_drop0p2_trmiss80_trlocclin,16,5e-05,1,64,1,0.2,lr5e-05_bs16_modL1_fusion64_fusionL1_drop0p2_trmiss80_trlocclin,2,0.7395129352807999,0.7142796715100607,0.4219066937119676,0.5995783893485438,0.45652173913043476,0.0,0.0,0.0,0.0,2002,clin,0.8
3,1,lr5e-05_bs16_modL1_fusion64_fusionL1_drop0p2_trmiss80_trlocclin,16,5e-05,1,64,1,0.2,lr5e-05_bs16_modL1_fusion64_fusionL1_drop0p2_trmiss80_trlocclin,3,0.7170150975386301,0.7203749219576517,0.4137931034482759,0.5951532172170739,0.391304347826087,0.0,0.0,0.0,0.0,2002,clin,0.8
3,1,lr5e-05_bs16_modL1_fusion64_fusionL1_drop0p2_trmiss80_trlocclin,16,5e-05,1,64,1,0.2,lr5e-05_bs16_modL1_fusion64_fusionL1_drop0p2_trmiss80_trlocclin,4,0.6682147309184074,0.7233999172846476,0.4279918864097363,0.6120436335995771,0.3695652173913043,0.0,0.0,0.0,0.0,2002,clin,0.8
3,1,lr5e-05_bs16_modL1_fusion64_fusionL1_drop0p2_trmiss80_trlocclin,16,5e-05,1,64,1,0.2,lr5e-05_bs16_modL1_fusion64_fusionL1_drop0p2_trmiss80_trlocclin,5,0.682591383655866,0.71968146165212,0.44827586206896547,0.6209856634038579,0.391304347826087,0.0,0.0,0.0,0.0,2002,clin,0.8
3,1,lr5e-05_bs16_modL1_fusion64_fusionL1_drop0p2_trmiss80_trlocclin,16,5e-05,1,64,1,0.2,lr5e-05_bs16_modL1_fusion64_fusionL1_drop0p2_trmiss80_trlocclin,6,0.6519009818633398,0.7154415647188822,0.45638945233265726,0.6333363398077401,0.41304347826086957,0.0,0.0,0.0,0.0,2002,clin,0.8
3,1,lr5e-05_bs16_modL1_fusion64_fusionL1_drop0p2_trmiss80_trlocclin,16,5e-05,1,64,1,0.2,lr5e-05_bs16_modL1_fusion64_fusionL1_drop0p2_trmiss80_trlocclin,7,0.6393847316503525,0.7189379930496216,0.4787018255578093,0.639551879397114,0.4782608695652174,0.0,0.0,0.0,0.0,2002,clin,0.8
3,1,lr5e-05_bs16_modL1_fusion64_fusionL1_drop0p2_trmiss80_trlocclin,16,5e-05,1,64,1,0.2,lr5e-05_bs16_modL1_fusion64_fusionL1_drop0p2_trmiss80_trlocclin,8,0.6248192389806112,0.7241886059443156,0.460446247464503,0.6186983013956386,0.43478260869565216,0.0,0.0,0.0,0.0,2002,clin,0.8
3,1,lr5e-05_bs16_modL1_fusion64_fusionL1_drop0p2_trmiss80_trlocclin,16,5e-05,1,64,1,0.2,lr5e-05_bs16_modL1_fusion64_fusionL1_drop0p2_trmiss80_trlocclin,9,0.6145189255475998,0.7192757725715637,0.48275862068965514,0.6324787563869936,0.45652173913043476,0.0,0.0,0.0,0.0,2002,clin,0.8
3,1,lr5e-05_bs16_modL1_fusion64_fusionL1_drop0p2_trmiss80_trlocclin,16,5e-05,1,64,1,0.2,lr5e-05_bs16_modL1_fusion64_fusionL1_drop0p2_trmiss80_trlocclin,10,0.6274902870257696,0.7156692544619242,0.4807302231237322,0.6334144765151849,0.45652173913043476,0.0,0.0,0.0,0.0,2002,clin,0.8
3,1,lr5e-05_bs16_modL1_fusion64_fusionL1_drop0p2_trmiss80_trlocclin,16,5e-05,1,64,1,0.2,lr5e-05_bs16_modL1_fusion64_fusionL1_drop0p2_trmiss80_trlocclin,11,0.6298509339491526,0.7182193001111349,0.4787018255578094,0.650016807189628,0.43478260869565216,0.0,0.0,0.0,0.0,2002,clin,0.8
3,1,lr5e-05_bs16_modL1_fusion64_fusionL1_drop0p2_trmiss80_trlocclin,16,5e-05,1,64,1,0.2,lr5e-05_bs16_modL1_fusion64_fusionL1_drop0p2_trmiss80_trlocclin,12,0.612540086110433,0.7133336067199707,0.4908722109533469,0.6430766882519869,0.45652173913043476,0.0,0.0,0.0,0.0,2002,clin,0.8
3,1,lr5e-05_bs16_modL1_fusion64_fusionL1_drop0p2_trmiss80_trlocclin,16,5e-05,1,64,1,0.2,lr5e-05_bs16_modL1_fusion64_fusionL1_drop0p2_trmiss80_trlocclin,13,0.6015899578730265,0.7148992816607157,0.5010141987829615,0.658990853532278,0.4782608695652174,0.0,0.0,0.0,0.0,2002,clin,0.8
3,1,lr5e-05_bs16_modL1_fusion64_fusionL1_drop0p2_trmiss80_trlocclin,16,5e-05,1,64,1,0.2,lr5e-05_bs16_modL1_fusion64_fusionL1_drop0p2_trmiss80_trlocclin,14,0.5909735038876534,0.7096600731213888,0.49695740365111557,0.6565364683922418,0.5,0.0,0.0,0.0,0.0,2002,clin,0.8
3,1,lr5e-05_bs16_modL1_fusion64_fusionL1_drop0p2_trmiss80_trlocclin,16,5e-05,1,64,1,0.2,lr5e-05_bs16_modL1_fusion64_fusionL1_drop0p2_trmiss80_trlocclin,15,0.6092268079519272,0.7106807231903076,0.488843813387424,0.6494652490999271,0.5217391304347826,0.0,0.0,0.0,0.0,2002,clin,0.8
3,1,lr5e-05_bs16_modL1_fusion64_fusionL1_drop0p2_trmiss80_trlocclin,16,5e-05,1,64,1,0.2,lr5e-05_bs16_modL1_fusion64_fusionL1_drop0p2_trmiss80_trlocclin,16,0.5691204319397608,0.7110964059829712,0.4949290060851927,0.6516678522964452,0.5,0.0,0.0,0.0,0.0,2002,clin,0.8
3,1,lr5e-05_bs16_modL1_fusion64_fusionL1_drop0p2_trmiss80_trlocclin,16,5e-05,1,64,1,0.2,lr5e-05_bs16_modL1_fusion64_fusionL1_drop0p2_trmiss80_trlocclin,17,0.5836842358112335,0.7176539301872253,0.4949290060851927,0.6498147154457564,0.4782608695652174,0.0,0.0,0.0,0.0,2002,clin,0.8
3,1,lr5e-05_bs16_modL1_fusion64_fusionL1_drop0p2_trmiss80_trlocclin,16,5e-05,1,64,1,0.2,lr5e-05_bs16_modL1_fusion64_fusionL1_drop0p2_trmiss80_trlocclin,18,0.583768347899119,0.7178553144137064,0.486815415821501,0.644918392981063,0.45652173913043476,0.0,0.0,0.0,0.0,2002,clin,0.8
3,1,lr5e-05_bs16_modL1_fusion64_fusionL1_drop0p2_trmiss80_trlocclin,16,5e-05,1,64,1,0.2,lr5e-05_bs16_modL1_fusion64_fusionL1_drop0p2_trmiss80_trlocclin,19,0.5787220150232315,0.7181484897931417,0.5010141987829615,0.6363961491115085,0.43478260869565216,0.0,0.0,0.0,0.0,2002,clin,0.8
3,1,lr5e-05_bs16_modL1_fusion64_fusionL1_drop0p2_trmiss80_trlocclin,16,5e-05,1,64,1,0.2,lr5e-05_bs16_modL1_fusion64_fusionL1_drop0p2_trmiss80_trlocclin,20,0.5908805827299753,0.7133910059928894,0.49290060851926976,0.6478724979989937,0.45652173913043476,0.0,0.0,0.0,0.0,2002,clin,0.8
3,1,lr5e-05_bs16_modL1_fusion64_fusionL1_drop0p2_trmiss80_trlocclin,16,5e-05,1,64,1,0.2,lr5e-05_bs16_modL1_fusion64_fusionL1_drop0p2_trmiss80_trlocclin,21,0.5638296455144882,0.7173524498939514,0.4847870182555781,0.6436780217636907,0.45652173913043476,0.0,0.0,0.0,0.0,2002,clin,0.8
3,1,lr5e-05_bs16_modL1_fusion64_fusionL1_drop0p2_trmiss80_trlocclin,16,5e-05,1,64,1,0.2,lr5e-05_bs16_modL1_fusion64_fusionL1_drop0p2_trmiss80_trlocclin,22,0.583185667792956,0.7221834063529968,0.4989858012170385,0.6326353767324607,0.43478260869565216,0.0,0.0,0.0,0.0,2002,clin,0.8
3,1,lr5e-05_bs16_modL1_fusion64_fusionL1_drop0p2_trmiss80_trlocclin,16,5e-05,1,64,1,0.2,lr5e-05_bs16_modL1_fusion64_fusionL1_drop0p2_trmiss80_trlocclin,23,0.5955530206362406,0.7194212476412455,0.49492900608519264,0.6314257701553283,0.45652173913043476,0.0,0.0,0.0,0.0,2002,clin,0.8
3,1,lr5e-05_bs16_modL1_fusion64_fusionL1_drop0p2_trmiss80_trlocclin,16,5e-05,1,64,1,0.2,lr5e-05_bs16_modL1_fusion64_fusionL1_drop0p2_trmiss80_trlocclin,24,0.5968847125768661,0.7082514961560568,0.5091277890466531,0.6566352527850676,0.5434782608695652,0.0,0.0,0.0,0.0,2002,clin,0.8
3,1,lr5e-05_bs16_modL1_fusion64_fusionL1_drop0p2_trmiss80_trlocclin,16,5e-05,1,64,1,0.2,lr5e-05_bs16_modL1_fusion64_fusionL1_drop0p2_trmiss80_trlocclin,25,0.5573254823684692,0.7073859572410583,0.4888438133874239,0.6425840479817513,0.5217391304347826,0.0,0.0,0.0,0.0,2002,clin,0.8
3,1,lr5e-05_bs16_modL1_fusion64_fusionL1_drop0p2_trmiss80_trlocclin,16,5e-05,1,64,1,0.2,lr5e-05_bs16_modL1_fusion64_fusionL1_drop0p2_trmiss80_trlocclin,26,0.5809982816378275,0.7078957160313925,0.511156186612576,0.6452245924734203,0.5,0.0,0.0,0.0,0.0,2002,clin,0.8
3,1,lr5e-05_bs16_modL1_fusion64_fusionL1_drop0p2_trmiss80_trlocclin,16,5e-05,1,64,1,0.2,lr5e-05_bs16_modL1_fusion64_fusionL1_drop0p2_trmiss80_trlocclin,27,0.582269050180912,0.7157127459843954,0.4908722109533468,0.6354347039873922,0.4782608695652174,0.0,0.0,0.0,0.0,2002,clin,0.8
3,1,lr5e-05_bs16_modL1_fusion64_fusionL1_drop0p2_trmiss80_trlocclin,16,5e-05,1,64,1,0.2,lr5e-05_bs16_modL1_fusion64_fusionL1_drop0p2_trmiss80_trlocclin,28,0.5590823963284492,0.7097734014193217,0.5152129817444219,0.660834356416765,0.5217391304347826,0.0,0.0,0.0,0.0,2002,clin,0.8
3,1,lr5e-05_bs16_modL1_fusion64_fusionL1_drop0p2_trmiss80_trlocclin,16,5e-05,1,64,1,0.2,lr5e-05_bs16_modL1_fusion64_fusionL1_drop0p2_trmiss80_trlocclin,29,0.5538224826256434,0.7137707869211832,0.5030425963488844,0.6426076545227285,0.5,0.0,0.0,0.0,0.0,2002,clin,0.8
3,1,lr5e-05_bs16_modL1_fusion64_fusionL1_drop0p2_trmiss80_trlocclin,16,5e-05,1,64,1,0.2,lr5e-05_bs16_modL1_fusion64_fusionL1_drop0p2_trmiss80_trlocclin,30,0.580795039733251,0.7188683748245239,0.4787018255578093,0.6323131535437674,0.45652173913043476,0.0,0.0,0.0,0.0,2002,clin,0.8
3,1,lr5e-05_bs16_modL1_fusion64_fusionL1_drop0p2_trmiss80_trlocclin,16,5e-05,1,64,1,0.2,lr5e-05_bs16_modL1_fusion64_fusionL1_drop0p2_trmiss80_trlocclin,31,0.5665585945049921,0.7213429013888041,0.4726166328600405,0.6235357240766829,0.45652173913043476,0.0,0.0,0.0,0.0,2002,clin,0.8
3,1,lr5e-05_bs16_modL1_fusion64_fusionL1_drop0p2_trmiss80_trlocclin,16,5e-05,1,64,1,0.2,lr5e-05_bs16_modL1_fusion64_fusionL1_drop0p2_trmiss80_trlocclin,32,0.5630906919638315,0.7176597515741984,0.49898580121703856,0.6514899245321865,0.4782608695652174,0.0,0.0,0.0,0.0,2002,clin,0.8
3,1,lr5e-05_bs16_modL1_fusion64_fusionL1_drop0p2_trmiss80_trlocclin,16,5e-05,1,64,1,0.2,lr5e-05_bs16_modL1_fusion64_fusionL1_drop0p2_trmiss80_trlocclin,33,0.591315488020579,0.7166332602500916,0.4969574036511156,0.6369353494248233,0.45652173913043476,0.0,0.0,0.0,0.0,2002,clin,0.8
3,1,lr5e-05_bs16_modL1_fusion64_fusionL1_drop0p2_trmiss80_trlocclin,16,5e-05,1,64,1,0.2,lr5e-05_bs16_modL1_fusion64_fusionL1_drop0p2_trmiss80_trlocclin,34,0.5728707661231359,0.7161927421887716,0.5030425963488845,0.6377081912487887,0.5,0.0,0.0,0.0,0.0,2002,clin,0.8
3,1,lr5e-05_bs16_modL1_fusion64_fusionL1_drop0p2_trmiss80_trlocclin,16,5e-05,1,64,1,0.2,lr5e-05_bs16_modL1_fusion64_fusionL1_drop0p2_trmiss80_trlocclin,35,0.5747745682795843,0.7165639599164327,0.4969574036511156,0.6332762996123487,0.5,0.0,0.0,0.0,0.0,2002,clin,0.8
3,1,lr5e-05_bs16_modL1_fusion64_fusionL1_drop0p2_trmiss80_trlocclin,16,5e-05,1,64,1,0.2,lr5e-05_bs16_modL1_fusion64_fusionL1_drop0p2_trmiss80_trlocclin,36,0.5602815076708794,0.7112597028414408,0.4908722109533469,0.6339130028246382,0.4782608695652174,0.0,0.0,0.0,0.0,2002,clin,0.8
3,1,lr5e-05_bs16_modL1_fusion64_fusionL1_drop0p2_trmiss80_trlocclin,16,5e-05,1,64,1,0.2,lr5e-05_bs16_modL1_fusion64_fusionL1_drop0p2_trmiss80_trlocclin,37,0.5617508217692375,0.7113764683405558,0.5030425963488844,0.6401687075289209,0.5,0.0,0.0,0.0,0.0,2002,clin,0.8
3,1,lr5e-05_bs16_modL1_fusion64_fusionL1_drop0p2_trmiss80_trlocclin,16,5e-05,1,64,1,0.2,lr5e-05_bs16_modL1_fusion64_fusionL1_drop0p2_trmiss80_trlocclin,38,0.5679381042718887,0.7085530360539755,0.5091277890466531,0.6449507354579413,0.5434782608695652,0.0,0.0,0.0,0.0,2002,clin,0.8
3,1,lr5e-05_bs16_modL1_fusion64_fusionL1_drop0p2_trmiss80_trlocclin,16,5e-05,1,64,1,0.2,lr5e-05_bs16_modL1_fusion64_fusionL1_drop0p2_trmiss80_trlocclin,39,0.556819366912047,0.7164446711540222,0.486815415821501,0.6351550657895304,0.5,0.0,0.0,0.0,0.0,2002,clin,0.8
3,1,lr5e-05_bs16_modL1_fusion64_fusionL1_drop0p2_trmiss80_trlocclin,16,5e-05,1,64,1,0.2,lr5e-05_bs16_modL1_fusion64_fusionL1_drop0p2_trmiss80_trlocclin,40,0.5702686756849289,0.7086930473645529,0.4969574036511156,0.6598323908319527,0.5,0.0,0.0,0.0,0.0,2002,clin,0.8
3,1,lr5e-05_bs16_modL1_fusion64_fusionL1_drop0p2_trmiss80_trlocclin,16,5e-05,1,64,1,0.2,lr5e-05_bs16_modL1_fusion64_fusionL1_drop0p2_trmiss80_trlocclin,41,0.5734207505981127,0.7133230964342753,0.486815415821501,0.6423709930653903,0.4782608695652174,0.0,0.0,0.0,0.0,2002,clin,0.8
3,1,lr5e-05_bs16_modL1_fusion64_fusionL1_drop0p2_trmiss80_trlocclin,16,5e-05,1,64,1,0.2,lr5e-05_bs16_modL1_fusion64_fusionL1_drop0p2_trmiss80_trlocclin,42,0.5954319089651108,0.7193452517191569,0.4847870182555781,0.6349074310486709,0.4782608695652174,0.0,0.0,0.0,0.0,2002,clin,0.8
3,1,lr5e-05_bs16_modL1_fusion64_fusionL1_drop0p2_trmiss80_trlocclin,16,5e-05,1,64,1,0.2,lr5e-05_bs16_modL1_fusion64_fusionL1_drop0p2_trmiss80_trlocclin,43,0.5728850166002909,0.7222712635993958,0.48884381338742394,0.6308270984175511,0.43478260869565216,0.0,0.0,0.0,0.0,2002,clin,0.8
3,1,lr5e-05_bs16_modL1_fusion64_fusionL1_drop0p2_trmiss80_trlocclin,16,5e-05,1,64,1,0.2,lr5e-05_bs16_modL1_fusion64_fusionL1_drop0p2_trmiss80_trlocclin,44,0.5621610432863235,0.719878077507019,0.48275862068965514,0.6262387541510439,0.4782608695652174,0.0,0.0,0.0,0.0,2002,clin,0.8
3,1,lr5e-05_bs16_modL1_fusion64_fusionL1_drop0p2_trmiss80_trlocclin,16,5e-05,1,64,1,0.2,lr5e-05_bs16_modL1_fusion64_fusionL1_drop0p2_trmiss80_trlocclin,45,0.5694575160741806,0.7078672647476196,0.49290060851926976,0.6484600443386915,0.5652173913043478,0.0,0.0,0.0,0.0,2002,clin,0.8
3,1,lr5e-05_bs16_modL1_fusion64_fusionL1_drop0p2_trmiss80_trlocclin,16,5e-05,1,64,1,0.2,lr5e-05_bs16_modL1_fusion64_fusionL1_drop0p2_trmiss80_trlocclin,46,0.586614395181338,0.7173884908358256,0.486815415821501,0.6441948606785138,0.45652173913043476,0.0,0.0,0.0,0.0,2002,clin,0.8
3,1,lr5e-05_bs16_modL1_fusion64_fusionL1_drop0p2_trmiss80_trlocclin,16,5e-05,1,64,1,0.2,lr5e-05_bs16_modL1_fusion64_fusionL1_drop0p2_trmiss80_trlocclin,47,0.5574485212564468,0.7142406702041626,0.4989858012170385,0.6503360142852349,0.4782608695652174,0.0,0.0,0.0,0.0,2002,clin,0.8
3,1,lr5e-05_bs16_modL1_fusion64_fusionL1_drop0p2_trmiss80_trlocclin,16,5e-05,1,64,1,0.2,lr5e-05_bs16_modL1_fusion64_fusionL1_drop0p2_trmiss80_trlocclin,48,0.5648250877857208,0.713719387849172,0.49898580121703856,0.6416818547361324,0.5,0.0,0.0,0.0,0.0,2002,clin,0.8
3,1,lr5e-05_bs16_modL1_fusion64_fusionL1_drop0p1_trmiss80_trlocclin,16,5e-05,1,64,1,0.1,lr5e-05_bs16_modL1_fusion64_fusionL1_drop0p1_trmiss80_trlocclin,1,0.6694418489933014,0.6897743145624796,0.6125760649087222,0.7420874802363618,0.5652173913043478,0.0,0.0,0.0,0.0,2002,clin,0.8
3,1,lr5e-05_bs16_modL1_fusion64_fusionL1_drop0p1_trmiss80_trlocclin,16,5e-05,1,64,1,0.1,lr5e-05_bs16_modL1_fusion64_fusionL1_drop0p1_trmiss80_trlocclin,2,0.641777753829956,0.6827781001726786,0.6004056795131846,0.7279636562342302,0.5869565217391305,0.0,0.0,0.0,0.0,2002,clin,0.8
3,1,lr5e-05_bs16_modL1_fusion64_fusionL1_drop0p1_trmiss80_trlocclin,16,5e-05,1,64,1,0.1,lr5e-05_bs16_modL1_fusion64_fusionL1_drop0p1_trmiss80_trlocclin,3,0.6087590505679449,0.6823508342107137,0.5862068965517242,0.716771534293092,0.5434782608695652,0.0,0.0,0.0,0.0,2002,clin,0.8
3,1,lr5e-05_bs16_modL1_fusion64_fusionL1_drop0p1_trmiss80_trlocclin,16,5e-05,1,64,1,0.1,lr5e-05_bs16_modL1_fusion64_fusionL1_drop0p1_trmiss80_trlocclin,4,0.5844757507244746,0.6856855154037476,0.5922920892494928,0.70623755935808,0.5434782608695652,0.0,0.0,0.0,0.0,2002,clin,0.8
3,1,lr5e-05_bs16_modL1_fusion64_fusionL1_drop0p1_trmiss80_trlocclin,16,5e-05,1,64,1,0.1,lr5e-05_bs16_modL1_fusion64_fusionL1_drop0p1_trmiss80_trlocclin,5,0.5786375924944878,0.6813820997873942,0.6004056795131846,0.7127278547588576,0.5217391304347826,0.0,0.0,0.0,0.0,2002,clin,0.8
3,1,lr5e-05_bs16_modL1_fusion64_fusionL1_drop0p1_trmiss80_trlocclin,16,5e-05,1,64,1,0.1,lr5e-05_bs16_modL1_fusion64_fusionL1_drop0p1_trmiss80_trlocclin,6,0.5659780204296112,0.6819702585538229,0.6024340770791075,0.7084971239026038,0.5652173913043478,0.0,0.0,0.0,0.0,2002,clin,0.8
3,1,lr5e-05_bs16_modL1_fusion64_fusionL1_drop0p1_trmiss80_trlocclin,16,5e-05,1,64,1,0.1,lr5e-05_bs16_modL1_fusion64_fusionL1_drop0p1_trmiss80_trlocclin,7,0.53612602998813,0.6813604831695557,0.6064908722109533,0.7207520953388127,0.5217391304347826,0.0,0.0,0.0,0.0,2002,clin,0.8
3,1,lr5e-05_bs16_modL1_fusion64_fusionL1_drop0p1_trmiss80_trlocclin,16,5e-05,1,64,1,0.1,lr5e-05_bs16_modL1_fusion64_fusionL1_drop0p1_trmiss80_trlocclin,8,0.5344983438650767,0.6837994058926901,0.6044624746450304,0.7114216879309735,0.5,0.0,0.0,0.0,0.0,2002,clin,0.8
3,1,lr5e-05_bs16_modL1_fusion64_fusionL1_drop0p1_trmiss80_trlocclin,16,5e-05,1,64,1,0.1,lr5e-05_bs16_modL1_fusion64_fusionL1_drop0p1_trmiss80_trlocclin,9,0.5193076754609743,0.6876166264216105,0.5963488843813387,0.7142860557333763,0.5,0.0,0.0,0.0,0.0,2002,clin,0.8
3,1,lr5e-05_bs16_modL1_fusion64_fusionL1_drop0p1_trmiss80_trlocclin,16,5e-05,1,64,1,0.1,lr5e-05_bs16_modL1_fusion64_fusionL1_drop0p1_trmiss80_trlocclin,10,0.513598253329595,0.6855931679407755,0.6004056795131846,0.7023773191024139,0.5217391304347826,0.0,0.0,0.0,0.0,2002,clin,0.8
3,1,lr5e-05_bs16_modL1_fusion64_fusionL1_drop0p1_trmiss80_trlocclin,16,5e-05,1,64,1,0.1,lr5e-05_bs16_modL1_fusion64_fusionL1_drop0p1_trmiss80_trlocclin,11,0.50216393917799,0.6885915994644165,0.5821501014198783,0.6967143926567771,0.5652173913043478,0.0,0.0,0.0,0.0,2002,clin,0.8
3,1,lr5e-05_bs16_modL1_fusion64_fusionL1_drop0p1_trmiss80_trlocclin,16,5e-05,1,64,1,0.1,lr5e-05_bs16_modL1_fusion64_fusionL1_drop0p1_trmiss80_trlocclin,12,0.4918396870295207,0.6895318826039633,0.5720081135902637,0.674299346590536,0.5217391304347826,0.0,0.0,0.0,0.0,2002,clin,0.8
3,1,lr5e-05_bs16_modL1_fusion64_fusionL1_drop0p1_trmiss80_trlocclin,16,5e-05,1,64,1,0.1,lr5e-05_bs16_modL1_fusion64_fusionL1_drop0p1_trmiss80_trlocclin,13,0.4744263043006261,0.6911945541699728,0.5740365111561866,0.6976951729058274,0.5,0.0,0.0,0.0,0.0,2002,clin,0.8
3,1,lr5e-05_bs16_modL1_fusion64_fusionL1_drop0p1_trmiss80_trlocclin,16,5e-05,1,64,1,0.1,lr5e-05_bs16_modL1_fusion64_fusionL1_drop0p1_trmiss80_trlocclin,14,0.4841303949554761,0.6880473693211874,0.5679513184584178,0.6751889112514928,0.5,0.0,0.0,0.0,0.0,2002,clin,0.8
3,1,lr5e-05_bs16_modL1_fusion64_fusionL1_drop0p1_trmiss80_trlocclin,16,5e-05,1,64,1,0.1,lr5e-05_bs16_modL1_fusion64_fusionL1_drop0p1_trmiss80_trlocclin,15,0.4705955733855565,0.690926750500997,0.5699797160243407,0.6798890985764374,0.5217391304347826,0.0,0.0,0.0,0.0,2002,clin,0.8
3,1,lr5e-05_bs16_modL1_fusion64_fusionL1_drop0p1_trmiss80_trlocclin,16,5e-05,1,64,1,0.1,lr5e-05_bs16_modL1_fusion64_fusionL1_drop0p1_trmiss80_trlocclin,16,0.46323462078968686,0.6969320774078369,0.5436105476673427,0.6612278070255829,0.5,0.0,0.0,0.0,0.0,2002,clin,0.8
3,1,lr5e-05_bs16_modL1_fusion64_fusionL1_drop0p1_trmiss80_trlocclin,16,5e-05,1,64,1,0.1,lr5e-05_bs16_modL1_fusion64_fusionL1_drop0p1_trmiss80_trlocclin,17,0.4563117250800133,0.699417511622111,0.5598377281947262,0.6695369218003526,0.5,0.0,0.0,0.0,0.0,2002,clin,0.8
3,1,lr5e-05_bs16_modL1_fusion64_fusionL1_drop0p1_trmiss80_trlocclin,16,5e-05,1,64,1,0.1,lr5e-05_bs16_modL1_fusion64_fusionL1_drop0p1_trmiss80_trlocclin,18,0.4443574473261833,0.6968429883321127,0.563894523326572,0.6778949750730565,0.5217391304347826,0.0,0.0,0.0,0.0,2002,clin,0.8
3,1,lr5e-05_bs16_modL1_fusion64_fusionL1_drop0p1_trmiss80_trlocclin,16,5e-05,1,64,1,0.1,lr5e-05_bs16_modL1_fusion64_fusionL1_drop0p1_trmiss80_trlocclin,19,0.44262783726056415,0.6882240374883016,0.5618661257606491,0.678690362191374,0.5434782608695652,0.0,0.0,0.0,0.0,2002,clin,0.8
3,1,lr5e-05_bs16_modL1_fusion64_fusionL1_drop0p1_trmiss80_trlocclin,16,5e-05,1,64,1,0.1,lr5e-05_bs16_modL1_fusion64_fusionL1_drop0p1_trmiss80_trlocclin,20,0.45600322385629016,0.697030266125997,0.5557809330628802,0.6562688604522302,0.5217391304347826,0.0,0.0,0.0,0.0,2002,clin,0.8
3,1,lr5e-05_bs16_modL1_fusion64_fusionL1_drop0p1_trmiss80_trlocclin,16,5e-05,1,64,1,0.1,lr5e-05_bs16_modL1_fusion64_fusionL1_drop0p1_trmiss80_trlocclin,21,0.4514482617378235,0.7014162341753641,0.5578093306288032,0.6615951432084208,0.5434782608695652,0.0,0.0,0.0,0.0,2002,clin,0.8
3,1,lr1e-04_bs16_modL1_fusion32_fusionL1_drop0p2_trmiss80_trlocclin,16,0.0001,1,32,1,0.2,lr1e-04_bs16_modL1_fusion32_fusionL1_drop0p2_trmiss80_trlocclin,1,0.7443504631519318,0.7197667558987936,0.537525354969574,0.7133244253109458,0.4782608695652174,0.0,0.0,0.0,0.0,2002,clin,0.8
3,1,lr1e-04_bs16_modL1_fusion32_fusionL1_drop0p2_trmiss80_trlocclin,16,0.0001,1,32,1,0.2,lr1e-04_bs16_modL1_fusion32_fusionL1_drop0p2_trmiss80_trlocclin,2,0.6948396861553192,0.7215325037638346,0.563894523326572,0.7255156763355138,0.4782608695652174,0.0,0.0,0.0,0.0,2002,clin,0.8
3,1,lr1e-04_bs16_modL1_fusion32_fusionL1_drop0p2_trmiss80_trlocclin,16,0.0001,1,32,1,0.2,lr1e-04_bs16_modL1_fusion32_fusionL1_drop0p2_trmiss80_trlocclin,3,0.6600237886110941,0.7280029853185018,0.59026369168357,0.7077629682552669,0.43478260869565216,0.0,0.0,0.0,0.0,2002,clin,0.8
3,1,lr1e-04_bs16_modL1_fusion32_fusionL1_drop0p2_trmiss80_trlocclin,16,0.0001,1,32,1,0.2,lr1e-04_bs16_modL1_fusion32_fusionL1_drop0p2_trmiss80_trlocclin,4,0.6496370782454809,0.7265834808349609,0.5963488843813387,0.7132185995308886,0.45652173913043476,0.0,0.0,0.0,0.0,2002,clin,0.8
3,1,lr1e-04_bs16_modL1_fusion32_fusionL1_drop0p2_trmiss80_trlocclin,16,0.0001,1,32,1,0.2,lr1e-04_bs16_modL1_fusion32_fusionL1_drop0p2_trmiss80_trlocclin,5,0.607072706023852,0.7213281393051147,0.5841784989858012,0.721183827210602,0.4782608695652174,0.0,0.0,0.0,0.0,2002,clin,0.8
3,1,lr1e-04_bs16_modL1_fusion32_fusionL1_drop0p2_trmiss80_trlocclin,16,0.0001,1,32,1,0.2,lr1e-04_bs16_modL1_fusion32_fusionL1_drop0p2_trmiss80_trlocclin,6,0.6094017823537191,0.7304473718007406,0.5456389452332657,0.7087488601786599,0.45652173913043476,0.0,0.0,0.0,0.0,2002,clin,0.8
3,1,lr1e-04_bs16_modL1_fusion32_fusionL1_drop0p2_trmiss80_trlocclin,16,0.0001,1,32,1,0.2,lr1e-04_bs16_modL1_fusion32_fusionL1_drop0p2_trmiss80_trlocclin,7,0.5954055686791738,0.7156495451927185,0.537525354969574,0.7006320137560768,0.4782608695652174,0.0,0.0,0.0,0.0,2002,clin,0.8
3,1,lr1e-04_bs16_modL1_fusion32_fusionL1_drop0p2_trmiss80_trlocclin,16,0.0001,1,32,1,0.2,lr1e-04_bs16_modL1_fusion32_fusionL1_drop0p2_trmiss80_trlocclin,8,0.5867641816536585,0.7161999742190043,0.5578093306288032,0.700376574008149,0.5,0.0,0.0,0.0,0.0,2002,clin,0.8
3,1,lr1e-04_bs16_modL1_fusion32_fusionL1_drop0p2_trmiss80_trlocclin,16,0.0001,1,32,1,0.2,lr1e-04_bs16_modL1_fusion32_fusionL1_drop0p2_trmiss80_trlocclin,9,0.5780329058567683,0.7353616158167521,0.537525354969574,0.7088113574709378,0.5,0.0,0.0,0.0,0.0,2002,clin,0.8
3,1,lr1e-04_bs16_modL1_fusion32_fusionL1_drop0p2_trmiss80_trlocclin,16,0.0001,1,32,1,0.2,lr1e-04_bs16_modL1_fusion32_fusionL1_drop0p2_trmiss80_trlocclin,10,0.5672218600908915,0.7423667709032694,0.513184584178499,0.6910428607711864,0.4782608695652174,0.0,0.0,0.0,0.0,2002,clin,0.8
3,1,lr1e-04_bs16_modL1_fusion32_fusionL1_drop0p2_trmiss80_trlocclin,16,0.0001,1,32,1,0.2,lr1e-04_bs16_modL1_fusion32_fusionL1_drop0p2_trmiss80_trlocclin,11,0.5527899141112963,0.7417459686597189,0.5152129817444219,0.6873373878399279,0.41304347826086957,0.0,0.0,0.0,0.0,2002,clin,0.8
3,1,lr1e-04_bs16_modL1_fusion32_fusionL1_drop0p2_trmiss80_trlocclin,16,0.0001,1,32,1,0.2,lr1e-04_bs16_modL1_fusion32_fusionL1_drop0p2_trmiss80_trlocclin,12,0.534915325542291,0.7369826634724935,0.5111561866125761,0.6723136415306296,0.45652173913043476,0.0,0.0,0.0,0.0,2002,clin,0.8
3,1,lr1e-04_bs16_modL1_fusion32_fusionL1_drop0p2_trmiss80_trlocclin,16,0.0001,1,32,1,0.2,lr1e-04_bs16_modL1_fusion32_fusionL1_drop0p2_trmiss80_trlocclin,13,0.5198084687193235,0.7498428026835123,0.511156186612576,0.6557960052075085,0.43478260869565216,0.0,0.0,0.0,0.0,2002,clin,0.8
3,1,lr1e-04_bs16_modL1_fusion32_fusionL1_drop0p2_trmiss80_trlocclin,16,0.0001,1,32,1,0.2,lr1e-04_bs16_modL1_fusion32_fusionL1_drop0p2_trmiss80_trlocclin,14,0.5098178014159203,0.7353171706199646,0.5091277890466531,0.6467686248601789,0.43478260869565216,0.0,0.0,0.0,0.0,2002,clin,0.8
3,1,lr1e-04_bs16_modL1_fusion32_fusionL1_drop0p2_trmiss80_trlocclin,16,0.0001,1,32,1,0.2,lr1e-04_bs16_modL1_fusion32_fusionL1_drop0p2_trmiss80_trlocclin,15,0.5077450374762217,0.724760095278422,0.5192697768762677,0.6669502717382749,0.43478260869565216,0.0,0.0,0.0,0.0,2002,clin,0.8
3,1,lr1e-04_bs16_modL1_fusion32_fusionL1_drop0p2_trmiss80_trlocclin,16,0.0001,1,32,1,0.2,lr1e-04_bs16_modL1_fusion32_fusionL1_drop0p2_trmiss80_trlocclin,16,0.5217593535780907,0.7178351481755575,0.5314401622718053,0.6754027572488845,0.4782608695652174,0.0,0.0,0.0,0.0,2002,clin,0.8
3,1,lr1e-04_bs16_modL1_fusion32_fusionL1_drop0p2_trmiss80_trlocclin,16,0.0001,1,32,1,0.2,lr1e-04_bs16_modL1_fusion32_fusionL1_drop0p2_trmiss80_trlocclin,17,0.49350126336018246,0.7280742128690084,0.513184584178499,0.6657635472450835,0.43478260869565216,0.0,0.0,0.0,0.0,2002,clin,0.8
3,1,lr1e-04_bs16_modL1_fusion32_fusionL1_drop0p2_trmiss80_trlocclin,16,0.0001,1,32,1,0.2,lr1e-04_bs16_modL1_fusion32_fusionL1_drop0p2_trmiss80_trlocclin,18,0.48083530614773434,0.7206016778945923,0.537525354969574,0.6684027303697592,0.43478260869565216,0.0,0.0,0.0,0.0,2002,clin,0.8
3,1,lr1e-04_bs16_modL1_fusion32_fusionL1_drop0p2_trmiss80_trlocclin,16,0.0001,1,32,1,0.2,lr1e-04_bs16_modL1_fusion32_fusionL1_drop0p2_trmiss80_trlocclin,19,0.4808908725778262,0.7286476691563925,0.5192697768762677,0.6580130025765328,0.43478260869565216,0.0,0.0,0.0,0.0,2002,clin,0.8
3,1,lr1e-04_bs16_modL1_fusion32_fusionL1_drop0p2_trmiss80_trlocclin,16,0.0001,1,32,1,0.2,lr1e-04_bs16_modL1_fusion32_fusionL1_drop0p2_trmiss80_trlocclin,20,0.4727848172187805,0.7273449103037516,0.5294117647058822,0.662569388664485,0.41304347826086957,0.0,0.0,0.0,0.0,2002,clin,0.8
3,1,lr1e-04_bs16_modL1_fusion32_fusionL1_drop0p2_trmiss80_trlocclin,16,0.0001,1,32,1,0.2,lr1e-04_bs16_modL1_fusion32_fusionL1_drop0p2_trmiss80_trlocclin,21,0.4806530500451724,0.7153641581535339,0.5496957403651116,0.6798038767543233,0.45652173913043476,0.0,0.0,0.0,0.0,2002,clin,0.8
3,1,lr1e-04_bs16_modL1_fusion32_fusionL1_drop0p2_trmiss80_trlocclin,16,0.0001,1,32,1,0.2,lr1e-04_bs16_modL1_fusion32_fusionL1_drop0p2_trmiss80_trlocclin,22,0.46785899500052136,0.7235116163889567,0.5436105476673427,0.6677050211946483,0.43478260869565216,0.0,0.0,0.0,0.0,2002,clin,0.8
3,1,lr1e-04_bs16_modL1_fusion32_fusionL1_drop0p2_trmiss80_trlocclin,16,0.0001,1,32,1,0.2,lr1e-04_bs16_modL1_fusion32_fusionL1_drop0p2_trmiss80_trlocclin,23,0.47058750689029694,0.7269279559453329,0.54158215010142,0.6732442132334853,0.43478260869565216,0.0,0.0,0.0,0.0,2002,clin,0.8
3,1,lr1e-04_bs16_modL1_fusion32_fusionL1_drop0p2_trmiss80_trlocclin,16,0.0001,1,32,1,0.2,lr1e-04_bs16_modL1_fusion32_fusionL1_drop0p2_trmiss80_trlocclin,24,0.45920246591170627,0.7191299994786581,0.539553752535497,0.6560075072593152,0.45652173913043476,0.0,0.0,0.0,0.0,2002,clin,0.8
3,1,lr1e-04_bs16_modL1_fusion32_fusionL1_drop0p1_trmiss80_trlocclin,16,0.0001,1,32,1,0.1,lr1e-04_bs16_modL1_fusion32_fusionL1_drop0p1_trmiss80_trlocclin,1,0.6742820218205452,0.6480788588523865,0.6328600405679513,0.7426199648013583,0.6521739130434783,0.0,0.0,0.0,0.0,2002,clin,0.8
3,1,lr1e-04_bs16_modL1_fusion32_fusionL1_drop0p1_trmiss80_trlocclin,16,0.0001,1,32,1,0.1,lr1e-04_bs16_modL1_fusion32_fusionL1_drop0p1_trmiss80_trlocclin,2,0.6093059877554575,0.6468201478322347,0.6125760649087222,0.7217163262468391,0.6521739130434783,0.0,0.0,0.0,0.0,2002,clin,0.8
3,1,lr1e-04_bs16_modL1_fusion32_fusionL1_drop0p1_trmiss80_trlocclin,16,0.0001,1,32,1,0.1,lr1e-04_bs16_modL1_fusion32_fusionL1_drop0p1_trmiss80_trlocclin,3,0.5710657288630804,0.6426493128140768,0.6125760649087222,0.7380858701608716,0.6739130434782609,0.0,0.0,0.0,0.0,2002,clin,0.8
3,1,lr1e-04_bs16_modL1_fusion32_fusionL1_drop0p1_trmiss80_trlocclin,16,0.0001,1,32,1,0.1,lr1e-04_bs16_modL1_fusion32_fusionL1_drop0p1_trmiss80_trlocclin,4,0.56713055819273,0.6441576282183329,0.5943204868154157,0.7187857124623641,0.6739130434782609,0.0,0.0,0.0,0.0,2002,clin,0.8
3,1,lr1e-04_bs16_modL1_fusion32_fusionL1_drop0p1_trmiss80_trlocclin,16,0.0001,1,32,1,0.1,lr1e-04_bs16_modL1_fusion32_fusionL1_drop0p1_trmiss80_trlocclin,5,0.5474110568563143,0.6428697109222412,0.5821501014198783,0.7194272528826712,0.6521739130434783,0.0,0.0,0.0,0.0,2002,clin,0.8
3,1,lr1e-04_bs16_modL1_fusion32_fusionL1_drop0p1_trmiss80_trlocclin,16,0.0001,1,32,1,0.1,lr1e-04_bs16_modL1_fusion32_fusionL1_drop0p1_trmiss80_trlocclin,6,0.5291847288608551,0.6391096909840902,0.5943204868154158,0.7493034065704428,0.6521739130434783,0.0,0.0,0.0,0.0,2002,clin,0.8
3,1,lr1e-04_bs16_modL1_fusion32_fusionL1_drop0p1_trmiss80_trlocclin,16,0.0001,1,32,1,0.1,lr1e-04_bs16_modL1_fusion32_fusionL1_drop0p1_trmiss80_trlocclin,7,0.5221093520522118,0.6420031587282816,0.5720081135902637,0.7307198893402662,0.6521739130434783,0.0,0.0,0.0,0.0,2002,clin,0.8
3,1,lr1e-04_bs16_modL1_fusion32_fusionL1_drop0p1_trmiss80_trlocclin,16,0.0001,1,32,1,0.1,lr1e-04_bs16_modL1_fusion32_fusionL1_drop0p1_trmiss80_trlocclin,8,0.4994771306713422,0.6415776411692301,0.5699797160243407,0.7467803233716273,0.6521739130434783,0.0,0.0,0.0,0.0,2002,clin,0.8
3,1,lr1e-04_bs16_modL1_fusion32_fusionL1_drop0p1_trmiss80_trlocclin,16,0.0001,1,32,1,0.1,lr1e-04_bs16_modL1_fusion32_fusionL1_drop0p1_trmiss80_trlocclin,9,0.4849795177578926,0.6459024945894877,0.5537525354969575,0.7308317357093805,0.6304347826086957,0.0,0.0,0.0,0.0,2002,clin,0.8
3,1,lr1e-04_bs16_modL1_fusion32_fusionL1_drop0p1_trmiss80_trlocclin,16,0.0001,1,32,1,0.1,lr1e-04_bs16_modL1_fusion32_fusionL1_drop0p1_trmiss80_trlocclin,10,0.48398174593846005,0.6473720272382101,0.5598377281947262,0.7394950267810547,0.6086956521739131,0.0,0.0,0.0,0.0,2002,clin,0.8
3,1,lr1e-04_bs16_modL1_fusion32_fusionL1_drop0p1_trmiss80_trlocclin,16,0.0001,1,32,1,0.1,lr1e-04_bs16_modL1_fusion32_fusionL1_drop0p1_trmiss80_trlocclin,11,0.46905763695637387,0.6506558855374655,0.5496957403651116,0.7382060344222392,0.6086956521739131,0.0,0.0,0.0,0.0,2002,clin,0.8
3,1,lr1e-04_bs16_modL1_fusion32_fusionL1_drop0p1_trmiss80_trlocclin,16,0.0001,1,32,1,0.1,lr1e-04_bs16_modL1_fusion32_fusionL1_drop0p1_trmiss80_trlocclin,12,0.4484417612353961,0.6446797251701355,0.59026369168357,0.7517100746063052,0.6304347826086957,0.0,0.0,0.0,0.0,2002,clin,0.8
3,1,lr1e-04_bs16_modL1_fusion32_fusionL1_drop0p1_trmiss80_trlocclin,16,0.0001,1,32,1,0.1,lr1e-04_bs16_modL1_fusion32_fusionL1_drop0p1_trmiss80_trlocclin,13,0.43710776915152866,0.6509208679199219,0.5882352941176471,0.7461368651358282,0.6086956521739131,0.0,0.0,0.0,0.0,2002,clin,0.8
3,1,lr1e-04_bs16_modL1_fusion32_fusionL1_drop0p1_trmiss80_trlocclin,16,0.0001,1,32,1,0.1,lr1e-04_bs16_modL1_fusion32_fusionL1_drop0p1_trmiss80_trlocclin,14,0.4344523126880328,0.6492841442426046,0.5862068965517242,0.7568190931173274,0.6086956521739131,0.0,0.0,0.0,0.0,2002,clin,0.8
3,1,lr1e-04_bs16_modL1_fusion32_fusionL1_drop0p1_trmiss80_trlocclin,16,0.0001,1,32,1,0.1,lr1e-04_bs16_modL1_fusion32_fusionL1_drop0p1_trmiss80_trlocclin,15,0.4654696434736252,0.6488275130589803,0.5760649087221095,0.7406277008126316,0.6304347826086957,0.0,0.0,0.0,0.0,2002,clin,0.8
3,1,lr1e-04_bs16_modL1_fusion32_fusionL1_drop0p1_trmiss80_trlocclin,16,0.0001,1,32,1,0.1,lr1e-04_bs16_modL1_fusion32_fusionL1_drop0p1_trmiss80_trlocclin,16,0.4398145079612732,0.6494139432907104,0.5699797160243407,0.7426511667443336,0.6086956521739131,0.0,0.0,0.0,0.0,2002,clin,0.8
3,1,lr1e-04_bs16_modL1_fusion32_fusionL1_drop0p1_trmiss80_trlocclin,16,0.0001,1,32,1,0.1,lr1e-04_bs16_modL1_fusion32_fusionL1_drop0p1_trmiss80_trlocclin,17,0.41874432067076367,0.6495810548464457,0.5679513184584178,0.7287961978783761,0.6086956521739131,0.0,0.0,0.0,0.0,2002,clin,0.8
3,1,lr1e-04_bs16_modL1_fusion32_fusionL1_drop0p1_trmiss80_trlocclin,16,0.0001,1,32,1,0.1,lr1e-04_bs16_modL1_fusion32_fusionL1_drop0p1_trmiss80_trlocclin,18,0.42061273008584976,0.6450806657473246,0.5862068965517241,0.7299404232643815,0.6304347826086957,0.0,0.0,0.0,0.0,2002,clin,0.8
3,1,lr1e-04_bs16_modL1_fusion32_fusionL1_drop0p1_trmiss80_trlocclin,16,0.0001,1,32,1,0.1,lr1e-04_bs16_modL1_fusion32_fusionL1_drop0p1_trmiss80_trlocclin,19,0.40673746913671494,0.6482973297437032,0.5760649087221096,0.7236976736017054,0.6304347826086957,0.0,0.0,0.0,0.0,2002,clin,0.8
3,1,lr1e-04_bs16_modL1_fusion32_fusionL1_drop0p1_trmiss80_trlocclin,16,0.0001,1,32,1,0.1,lr1e-04_bs16_modL1_fusion32_fusionL1_drop0p1_trmiss80_trlocclin,20,0.405430701871713,0.6504037976264954,0.563894523326572,0.7213227843369202,0.5869565217391305,0.0,0.0,0.0,0.0,2002,clin,0.8
3,1,lr1e-04_bs16_modL1_fusion32_fusionL1_drop0p1_trmiss80_trlocclin,16,0.0001,1,32,1,0.1,lr1e-04_bs16_modL1_fusion32_fusionL1_drop0p1_trmiss80_trlocclin,21,0.4097881043950717,0.6561932563781738,0.5496957403651116,0.7182401192796922,0.5869565217391305,0.0,0.0,0.0,0.0,2002,clin,0.8
3,1,lr1e-04_bs16_modL1_fusion64_fusionL1_drop0p2_trmiss80_trlocclin,16,0.0001,1,64,1,0.2,lr1e-04_bs16_modL1_fusion64_fusionL1_drop0p2_trmiss80_trlocclin,1,0.6920797377824783,0.6919954021771749,0.4158215010141988,0.6403061516419734,0.5,0.0,0.0,0.0,0.0,2002,clin,0.8
3,1,lr1e-04_bs16_modL1_fusion64_fusionL1_drop0p2_trmiss80_trlocclin,16,0.0001,1,64,1,0.2,lr1e-04_bs16_modL1_fusion64_fusionL1_drop0p2_trmiss80_trlocclin,2,0.6334143280982971,0.6870715618133545,0.4929006085192698,0.6801153712010425,0.5,0.0,0.0,0.0,0.0,2002,clin,0.8
3,1,lr1e-04_bs16_modL1_fusion64_fusionL1_drop0p2_trmiss80_trlocclin,16,0.0001,1,64,1,0.2,lr1e-04_bs16_modL1_fusion64_fusionL1_drop0p2_trmiss80_trlocclin,3,0.6059840818246206,0.6903094251950582,0.460446247464503,0.6795338209505815,0.5869565217391305,0.0,0.0,0.0,0.0,2002,clin,0.8
3,1,lr1e-04_bs16_modL1_fusion64_fusionL1_drop0p2_trmiss80_trlocclin,16,0.0001,1,64,1,0.2,lr1e-04_bs16_modL1_fusion64_fusionL1_drop0p2_trmiss80_trlocclin,4,0.6131143917640051,0.6976889769236246,0.45841784989858014,0.638031673535679,0.5652173913043478,0.0,0.0,0.0,0.0,2002,clin,0.8
3,1,lr1e-04_bs16_modL1_fusion64_fusionL1_drop0p2_trmiss80_trlocclin,16,0.0001,1,64,1,0.2,lr1e-04_bs16_modL1_fusion64_fusionL1_drop0p2_trmiss80_trlocclin,5,0.5901209910710653,0.7014348308245341,0.4584178498985801,0.6148721163293288,0.5217391304347826,0.0,0.0,0.0,0.0,2002,clin,0.8
3,1,lr1e-04_bs16_modL1_fusion64_fusionL1_drop0p2_trmiss80_trlocclin,16,0.0001,1,64,1,0.2,lr1e-04_bs16_modL1_fusion64_fusionL1_drop0p2_trmiss80_trlocclin,6,0.5626075516144434,0.698757270971934,0.460446247464503,0.592897524346671,0.5434782608695652,0.0,0.0,0.0,0.0,2002,clin,0.8
3,1,lr1e-04_bs16_modL1_fusion64_fusionL1_drop0p2_trmiss80_trlocclin,16,0.0001,1,64,1,0.2,lr1e-04_bs16_modL1_fusion64_fusionL1_drop0p2_trmiss80_trlocclin,7,0.5533572311202685,0.7059453924496969,0.46247464503042596,0.6133451939216348,0.5217391304347826,0.0,0.0,0.0,0.0,2002,clin,0.8
3,1,lr1e-04_bs16_modL1_fusion64_fusionL1_drop0p2_trmiss80_trlocclin,16,0.0001,1,64,1,0.2,lr1e-04_bs16_modL1_fusion64_fusionL1_drop0p2_trmiss80_trlocclin,8,0.5240187421441078,0.7156780163447062,0.4563894523326572,0.5846291816668265,0.5217391304347826,0.0,0.0,0.0,0.0,2002,clin,0.8
3,1,lr1e-04_bs16_modL1_fusion64_fusionL1_drop0p2_trmiss80_trlocclin,16,0.0001,1,64,1,0.2,lr1e-04_bs16_modL1_fusion64_fusionL1_drop0p2_trmiss80_trlocclin,9,0.502741220096747,0.716214100519816,0.4726166328600406,0.5987141704566887,0.5434782608695652,0.0,0.0,0.0,0.0,2002,clin,0.8
3,1,lr1e-04_bs16_modL1_fusion64_fusionL1_drop0p2_trmiss80_trlocclin,16,0.0001,1,64,1,0.2,lr1e-04_bs16_modL1_fusion64_fusionL1_drop0p2_trmiss80_trlocclin,10,0.4923526694377263,0.715742846330007,0.47667342799188644,0.600592766958121,0.5217391304347826,0.0,0.0,0.0,0.0,2002,clin,0.8
3,1,lr1e-04_bs16_modL1_fusion64_fusionL1_drop0p2_trmiss80_trlocclin,16,0.0001,1,64,1,0.2,lr1e-04_bs16_modL1_fusion64_fusionL1_drop0p2_trmiss80_trlocclin,11,0.48909711589415866,0.7186705470085144,0.45841784989858014,0.5867762539287533,0.5434782608695652,0.0,0.0,0.0,0.0,2002,clin,0.8
3,1,lr1e-04_bs16_modL1_fusion64_fusionL1_drop0p2_trmiss80_trlocclin,16,0.0001,1,64,1,0.2,lr1e-04_bs16_modL1_fusion64_fusionL1_drop0p2_trmiss80_trlocclin,12,0.49768850207328796,0.7167479594548544,0.4563894523326572,0.5903421501871425,0.5434782608695652,0.0,0.0,0.0,0.0,2002,clin,0.8
3,1,lr1e-04_bs16_modL1_fusion64_fusionL1_drop0p2_trmiss80_trlocclin,16,0.0001,1,64,1,0.2,lr1e-04_bs16_modL1_fusion64_fusionL1_drop0p2_trmiss80_trlocclin,13,0.4826113556822141,0.7186931371688843,0.44421906693711966,0.5799311324014479,0.5652173913043478,0.0,0.0,0.0,0.0,2002,clin,0.8
3,1,lr1e-04_bs16_modL1_fusion64_fusionL1_drop0p2_trmiss80_trlocclin,16,0.0001,1,64,1,0.2,lr1e-04_bs16_modL1_fusion64_fusionL1_drop0p2_trmiss80_trlocclin,14,0.47466351340214413,0.7245646715164185,0.44421906693711966,0.5818153080036156,0.5217391304347826,0.0,0.0,0.0,0.0,2002,clin,0.8
3,1,lr1e-04_bs16_modL1_fusion64_fusionL1_drop0p2_trmiss80_trlocclin,16,0.0001,1,64,1,0.2,lr1e-04_bs16_modL1_fusion64_fusionL1_drop0p2_trmiss80_trlocclin,15,0.5231896415352821,0.7224559585253397,0.4523326572008114,0.5846310539735197,0.5434782608695652,0.0,0.0,0.0,0.0,2002,clin,0.8
3,1,lr1e-04_bs16_modL1_fusion64_fusionL1_drop0p2_trmiss80_trlocclin,16,0.0001,1,64,1,0.2,lr1e-04_bs16_modL1_fusion64_fusionL1_drop0p2_trmiss80_trlocclin,16,0.45531167338291806,0.7233145634333292,0.45233265720081134,0.5859393152876556,0.5652173913043478,0.0,0.0,0.0,0.0,2002,clin,0.8
3,1,lr1e-04_bs16_modL1_fusion64_fusionL1_drop0p2_trmiss80_trlocclin,16,0.0001,1,64,1,0.2,lr1e-04_bs16_modL1_fusion64_fusionL1_drop0p2_trmiss80_trlocclin,17,0.4558250904083252,0.7284910480181376,0.4503042596348884,0.5831579246344228,0.5434782608695652,0.0,0.0,0.0,0.0,2002,clin,0.8
3,1,lr1e-04_bs16_modL1_fusion64_fusionL1_drop0p2_trmiss80_trlocclin,16,0.0001,1,64,1,0.2,lr1e-04_bs16_modL1_fusion64_fusionL1_drop0p2_trmiss80_trlocclin,18,0.45389651507139206,0.7361519932746887,0.4482758620689656,0.5803281347863775,0.5217391304347826,0.0,0.0,0.0,0.0,2002,clin,0.8
3,1,lr1e-04_bs16_modL1_fusion64_fusionL1_drop0p2_trmiss80_trlocclin,16,0.0001,1,64,1,0.2,lr1e-04_bs16_modL1_fusion64_fusionL1_drop0p2_trmiss80_trlocclin,19,0.4293687045574188,0.7288816173871359,0.4563894523326572,0.5869801543459449,0.5217391304347826,0.0,0.0,0.0,0.0,2002,clin,0.8
3,1,lr1e-04_bs16_modL1_fusion64_fusionL1_drop0p2_trmiss80_trlocclin,16,0.0001,1,64,1,0.2,lr1e-04_bs16_modL1_fusion64_fusionL1_drop0p2_trmiss80_trlocclin,20,0.4583989307284355,0.7335932652155558,0.4604462474645031,0.5893289241997857,0.5217391304347826,0.0,0.0,0.0,0.0,2002,clin,0.8
3,1,lr1e-04_bs16_modL1_fusion64_fusionL1_drop0p2_trmiss80_trlocclin,16,0.0001,1,64,1,0.2,lr1e-04_bs16_modL1_fusion64_fusionL1_drop0p2_trmiss80_trlocclin,21,0.43850119908650714,0.7266700863838196,0.47058823529411764,0.5996879243830482,0.5434782608695652,0.0,0.0,0.0,0.0,2002,clin,0.8
3,1,lr1e-04_bs16_modL1_fusion64_fusionL1_drop0p2_trmiss80_trlocclin,16,0.0001,1,64,1,0.2,lr1e-04_bs16_modL1_fusion64_fusionL1_drop0p2_trmiss80_trlocclin,22,0.4258150930205981,0.725392738978068,0.4726166328600405,0.5995349460003897,0.5869565217391305,0.0,0.0,0.0,0.0,2002,clin,0.8
3,1,lr1e-04_bs16_modL1_fusion64_fusionL1_drop0p1_trmiss80_trlocclin,16,0.0001,1,64,1,0.1,lr1e-04_bs16_modL1_fusion64_fusionL1_drop0p1_trmiss80_trlocclin,1,0.7343087295691172,0.68578573067983,0.5334685598377282,0.6786713273506402,0.45652173913043476,0.0,0.0,0.0,0.0,2002,clin,0.8
3,1,lr1e-04_bs16_modL1_fusion64_fusionL1_drop0p1_trmiss80_trlocclin,16,0.0001,1,64,1,0.1,lr1e-04_bs16_modL1_fusion64_fusionL1_drop0p1_trmiss80_trlocclin,2,0.6708154529333115,0.6803093155225118,0.5233265720081136,0.6859389216376709,0.5217391304347826,0.0,0.0,0.0,0.0,2002,clin,0.8
3,1,lr1e-04_bs16_modL1_fusion64_fusionL1_drop0p1_trmiss80_trlocclin,16,0.0001,1,64,1,0.1,lr1e-04_bs16_modL1_fusion64_fusionL1_drop0p1_trmiss80_trlocclin,3,0.640853762626648,0.672137717405955,0.5679513184584178,0.7131609863776892,0.5217391304347826,0.0,0.0,0.0,0.0,2002,clin,0.8
3,1,lr1e-04_bs16_modL1_fusion64_fusionL1_drop0p1_trmiss80_trlocclin,16,0.0001,1,64,1,0.1,lr1e-04_bs16_modL1_fusion64_fusionL1_drop0p1_trmiss80_trlocclin,4,0.6057680398225784,0.6706358393033346,0.588235294117647,0.7196328622434628,0.5434782608695652,0.0,0.0,0.0,0.0,2002,clin,0.8
3,1,lr1e-04_bs16_modL1_fusion64_fusionL1_drop0p1_trmiss80_trlocclin,16,0.0001,1,64,1,0.1,lr1e-04_bs16_modL1_fusion64_fusionL1_drop0p1_trmiss80_trlocclin,5,0.5743899469574293,0.6718133687973022,0.5821501014198783,0.7228649555550191,0.4782608695652174,0.0,0.0,0.0,0.0,2002,clin,0.8
3,1,lr1e-04_bs16_modL1_fusion64_fusionL1_drop0p1_trmiss80_trlocclin,16,0.0001,1,64,1,0.1,lr1e-04_bs16_modL1_fusion64_fusionL1_drop0p1_trmiss80_trlocclin,6,0.5941105236609777,0.6717040737469991,0.5740365111561867,0.7153888506224041,0.5652173913043478,0.0,0.0,0.0,0.0,2002,clin,0.8
3,1,lr1e-04_bs16_modL1_fusion64_fusionL1_drop0p1_trmiss80_trlocclin,16,0.0001,1,64,1,0.1,lr1e-04_bs16_modL1_fusion64_fusionL1_drop0p1_trmiss80_trlocclin,7,0.5344171474377314,0.673936645189921,0.5537525354969575,0.692311947839774,0.5652173913043478,0.0,0.0,0.0,0.0,2002,clin,0.8
3,1,lr1e-04_bs16_modL1_fusion64_fusionL1_drop0p1_trmiss80_trlocclin,16,0.0001,1,64,1,0.1,lr1e-04_bs16_modL1_fusion64_fusionL1_drop0p1_trmiss80_trlocclin,8,0.5292955239613851,0.6789269844690958,0.5456389452332657,0.6899107586681085,0.5217391304347826,0.0,0.0,0.0,0.0,2002,clin,0.8
3,1,lr1e-04_bs16_modL1_fusion64_fusionL1_drop0p1_trmiss80_trlocclin,16,0.0001,1,64,1,0.1,lr1e-04_bs16_modL1_fusion64_fusionL1_drop0p1_trmiss80_trlocclin,9,0.5022164111336073,0.6787582437197367,0.5476673427991887,0.6914068322594598,0.5652173913043478,0.0,0.0,0.0,0.0,2002,clin,0.8
3,1,lr1e-04_bs16_modL1_fusion64_fusionL1_drop0p1_trmiss80_trlocclin,16,0.0001,1,64,1,0.1,lr1e-04_bs16_modL1_fusion64_fusionL1_drop0p1_trmiss80_trlocclin,10,0.49422592173020047,0.6850469907124838,0.5436105476673428,0.6805442313391082,0.5652173913043478,0.0,0.0,0.0,0.0,2002,clin,0.8
3,1,lr1e-04_bs16_modL1_fusion64_fusionL1_drop0p1_trmiss80_trlocclin,16,0.0001,1,64,1,0.1,lr1e-04_bs16_modL1_fusion64_fusionL1_drop0p1_trmiss80_trlocclin,11,0.4696042761206627,0.6865038474400839,0.5334685598377282,0.6757619052789315,0.5652173913043478,0.0,0.0,0.0,0.0,2002,clin,0.8
3,1,lr1e-04_bs16_modL1_fusion64_fusionL1_drop0p1_trmiss80_trlocclin,16,0.0001,1,64,1,0.1,lr1e-04_bs16_modL1_fusion64_fusionL1_drop0p1_trmiss80_trlocclin,12,0.46497604499260586,0.6824304858843485,0.5273833671399595,0.6692677571118961,0.5434782608695652,0.0,0.0,0.0,0.0,2002,clin,0.8
3,1,lr1e-04_bs16_modL1_fusion64_fusionL1_drop0p1_trmiss80_trlocclin,16,0.0001,1,64,1,0.1,lr1e-04_bs16_modL1_fusion64_fusionL1_drop0p1_trmiss80_trlocclin,13,0.4559046154220899,0.6870409448941549,0.5354969574036511,0.6740855321488858,0.5217391304347826,0.0,0.0,0.0,0.0,2002,clin,0.8
3,1,lr1e-04_bs16_modL1_fusion64_fusionL1_drop0p1_trmiss80_trlocclin,16,0.0001,1,64,1,0.1,lr1e-04_bs16_modL1_fusion64_fusionL1_drop0p1_trmiss80_trlocclin,14,0.4393439367413521,0.6869040131568909,0.5273833671399595,0.6730088697208042,0.5869565217391305,0.0,0.0,0.0,0.0,2002,clin,0.8
3,1,lr1e-04_bs16_modL1_fusion64_fusionL1_drop0p1_trmiss80_trlocclin,16,0.0001,1,64,1,0.1,lr1e-04_bs16_modL1_fusion64_fusionL1_drop0p1_trmiss80_trlocclin,15,0.44219006101290387,0.6895221869150797,0.5557809330628802,0.6769579719176602,0.5217391304347826,0.0,0.0,0.0,0.0,2002,clin,0.8
3,1,lr1e-04_bs16_modL1_fusion64_fusionL1_drop0p1_trmiss80_trlocclin,16,0.0001,1,64,1,0.1,lr1e-04_bs16_modL1_fusion64_fusionL1_drop0p1_trmiss80_trlocclin,16,0.43065045773983,0.6883538961410522,0.5557809330628803,0.6967126827047224,0.5217391304347826,0.0,0.0,0.0,0.0,2002,clin,0.8
3,1,lr1e-04_bs16_modL1_fusion64_fusionL1_drop0p1_trmiss80_trlocclin,16,0.0001,1,64,1,0.1,lr1e-04_bs16_modL1_fusion64_fusionL1_drop0p1_trmiss80_trlocclin,17,0.4281637519598007,0.6890992919603983,0.5436105476673427,0.6925730474331518,0.5434782608695652,0.0,0.0,0.0,0.0,2002,clin,0.8
3,1,lr1e-04_bs16_modL1_fusion64_fusionL1_drop0p1_trmiss80_trlocclin,16,0.0001,1,64,1,0.1,lr1e-04_bs16_modL1_fusion64_fusionL1_drop0p1_trmiss80_trlocclin,18,0.452572929362456,0.7017145156860352,0.5456389452332657,0.6734565263769756,0.5217391304347826,0.0,0.0,0.0,0.0,2002,clin,0.8
3,1,lr1e-04_bs16_modL1_fusion64_fusionL1_drop0p1_trmiss80_trlocclin,16,0.0001,1,64,1,0.1,lr1e-04_bs16_modL1_fusion64_fusionL1_drop0p1_trmiss80_trlocclin,19,0.40092585732539493,0.6904794971148173,0.5314401622718052,0.6675226561814258,0.5217391304347826,0.0,0.0,0.0,0.0,2002,clin,0.8
3,1,lr1e-04_bs16_modL1_fusion64_fusionL1_drop0p1_trmiss80_trlocclin,16,0.0001,1,64,1,0.1,lr1e-04_bs16_modL1_fusion64_fusionL1_drop0p1_trmiss80_trlocclin,20,0.41515232622623444,0.6930611928304037,0.5233265720081136,0.6682795776097208,0.5652173913043478,0.0,0.0,0.0,0.0,2002,clin,0.8
3,1,lr1e-04_bs16_modL1_fusion64_fusionL1_drop0p1_trmiss80_trlocclin,16,0.0001,1,64,1,0.1,lr1e-04_bs16_modL1_fusion64_fusionL1_drop0p1_trmiss80_trlocclin,21,0.3935326635837555,0.6948176026344299,0.5253549695740365,0.6633860875303104,0.5,0.0,0.0,0.0,0.0,2002,clin,0.8
3,1,lr1e-04_bs16_modL1_fusion64_fusionL1_drop0p1_trmiss80_trlocclin,16,0.0001,1,64,1,0.1,lr1e-04_bs16_modL1_fusion64_fusionL1_drop0p1_trmiss80_trlocclin,22,0.40928973257541656,0.6957933306694031,0.5192697768762677,0.6642705253494177,0.5434782608695652,0.0,0.0,0.0,0.0,2002,clin,0.8
3,1,lr1e-04_bs16_modL1_fusion64_fusionL1_drop0p1_trmiss80_trlocclin,16,0.0001,1,64,1,0.1,lr1e-04_bs16_modL1_fusion64_fusionL1_drop0p1_trmiss80_trlocclin,23,0.39321035395065945,0.6917642951011658,0.5233265720081136,0.661834144000901,0.5,0.0,0.0,0.0,0.0,2002,clin,0.8
3,1,lr1e-04_bs16_modL1_fusion64_fusionL1_drop0p1_trmiss80_trlocclin,16,0.0001,1,64,1,0.1,lr1e-04_bs16_modL1_fusion64_fusionL1_drop0p1_trmiss80_trlocclin,24,0.4239717399080594,0.6974244117736816,0.539553752535497,0.6684964581821041,0.5217391304347826,0.0,0.0,0.0,0.0,2002,clin,0.8
3,1,lr5e-05_bs32_modL1_fusion32_fusionL1_drop0p2_trmiss80_trlocclin,32,5e-05,1,32,1,0.2,lr5e-05_bs32_modL1_fusion32_fusionL1_drop0p2_trmiss80_trlocclin,1,0.6849394838015238,0.6958371698856354,0.565922920892495,0.7003530185104857,0.5,0.0,0.0,0.0,0.0,2002,clin,0.8
3,1,lr5e-05_bs32_modL1_fusion32_fusionL1_drop0p2_trmiss80_trlocclin,32,5e-05,1,32,1,0.2,lr5e-05_bs32_modL1_fusion32_fusionL1_drop0p2_trmiss80_trlocclin,2,0.6641439000765482,0.6876210570335388,0.59026369168357,0.72846353516783,0.5434782608695652,0.0,0.0,0.0,0.0,2002,clin,0.8
3,1,lr5e-05_bs32_modL1_fusion32_fusionL1_drop0p2_trmiss80_trlocclin,32,5e-05,1,32,1,0.2,lr5e-05_bs32_modL1_fusion32_fusionL1_drop0p2_trmiss80_trlocclin,3,0.6501113176345825,0.6800187528133392,0.6004056795131846,0.7293290216467325,0.6521739130434783,0.0,0.0,0.0,0.0,2002,clin,0.8
3,1,lr5e-05_bs32_modL1_fusion32_fusionL1_drop0p2_trmiss80_trlocclin,32,5e-05,1,32,1,0.2,lr5e-05_bs32_modL1_fusion32_fusionL1_drop0p2_trmiss80_trlocclin,4,0.648406445980072,0.6719114184379578,0.5943204868154158,0.7442884830907431,0.6086956521739131,0.0,0.0,0.0,0.0,2002,clin,0.8
3,1,lr5e-05_bs32_modL1_fusion32_fusionL1_drop0p2_trmiss80_trlocclin,32,5e-05,1,32,1,0.2,lr5e-05_bs32_modL1_fusion32_fusionL1_drop0p2_trmiss80_trlocclin,5,0.6146325369675955,0.6706046760082245,0.5963488843813387,0.7435530599603773,0.5869565217391305,0.0,0.0,0.0,0.0,2002,clin,0.8
3,1,lr5e-05_bs32_modL1_fusion32_fusionL1_drop0p2_trmiss80_trlocclin,32,5e-05,1,32,1,0.2,lr5e-05_bs32_modL1_fusion32_fusionL1_drop0p2_trmiss80_trlocclin,6,0.6280064483483633,0.6699907779693604,0.5699797160243408,0.7248285390696182,0.5869565217391305,0.0,0.0,0.0,0.0,2002,clin,0.8
3,1,lr5e-05_bs32_modL1_fusion32_fusionL1_drop0p2_trmiss80_trlocclin,32,5e-05,1,32,1,0.2,lr5e-05_bs32_modL1_fusion32_fusionL1_drop0p2_trmiss80_trlocclin,7,0.5913980305194855,0.6706063449382782,0.563894523326572,0.719205448686261,0.5869565217391305,0.0,0.0,0.0,0.0,2002,clin,0.8
3,1,lr5e-05_bs32_modL1_fusion32_fusionL1_drop0p2_trmiss80_trlocclin,32,5e-05,1,32,1,0.2,lr5e-05_bs32_modL1_fusion32_fusionL1_drop0p2_trmiss80_trlocclin,8,0.5915649930636088,0.6705552339553833,0.565922920892495,0.7176327501870258,0.5869565217391305,0.0,0.0,0.0,0.0,2002,clin,0.8
3,1,lr5e-05_bs32_modL1_fusion32_fusionL1_drop0p2_trmiss80_trlocclin,32,5e-05,1,32,1,0.2,lr5e-05_bs32_modL1_fusion32_fusionL1_drop0p2_trmiss80_trlocclin,9,0.5889676113923391,0.6700801849365234,0.5780933062880325,0.7233675591318419,0.5869565217391305,0.0,0.0,0.0,0.0,2002,clin,0.8
3,1,lr5e-05_bs32_modL1_fusion32_fusionL1_drop0p2_trmiss80_trlocclin,32,5e-05,1,32,1,0.2,lr5e-05_bs32_modL1_fusion32_fusionL1_drop0p2_trmiss80_trlocclin,10,0.5871877173582712,0.6667594015598297,0.6064908722109534,0.7373210171049628,0.5869565217391305,0.0,0.0,0.0,0.0,2002,clin,0.8
3,1,lr5e-05_bs32_modL1_fusion32_fusionL1_drop0p2_trmiss80_trlocclin,32,5e-05,1,32,1,0.2,lr5e-05_bs32_modL1_fusion32_fusionL1_drop0p2_trmiss80_trlocclin,11,0.5722252527872721,0.6669319868087769,0.6064908722109533,0.7411709047282068,0.5652173913043478,0.0,0.0,0.0,0.0,2002,clin,0.8
3,1,lr5e-05_bs32_modL1_fusion32_fusionL1_drop0p2_trmiss80_trlocclin,32,5e-05,1,32,1,0.2,lr5e-05_bs32_modL1_fusion32_fusionL1_drop0p2_trmiss80_trlocclin,12,0.5530300438404083,0.6700210571289062,0.5943204868154158,0.7208500355141679,0.5869565217391305,0.0,0.0,0.0,0.0,2002,clin,0.8
3,1,lr5e-05_bs32_modL1_fusion32_fusionL1_drop0p2_trmiss80_trlocclin,32,5e-05,1,32,1,0.2,lr5e-05_bs32_modL1_fusion32_fusionL1_drop0p2_trmiss80_trlocclin,13,0.5607227782408396,0.6698757708072662,0.5943204868154158,0.7195064371126892,0.5652173913043478,0.0,0.0,0.0,0.0,2002,clin,0.8
3,1,lr5e-05_bs32_modL1_fusion32_fusionL1_drop0p2_trmiss80_trlocclin,32,5e-05,1,32,1,0.2,lr5e-05_bs32_modL1_fusion32_fusionL1_drop0p2_trmiss80_trlocclin,14,0.5533157487710317,0.6704052686691284,0.5801217038539553,0.7129968676000454,0.5434782608695652,0.0,0.0,0.0,0.0,2002,clin,0.8
3,1,lr5e-05_bs32_modL1_fusion32_fusionL1_drop0p2_trmiss80_trlocclin,32,5e-05,1,32,1,0.2,lr5e-05_bs32_modL1_fusion32_fusionL1_drop0p2_trmiss80_trlocclin,15,0.5453309913476309,0.6704703569412231,0.5882352941176471,0.7199298492218761,0.5652173913043478,0.0,0.0,0.0,0.0,2002,clin,0.8
3,1,lr5e-05_bs32_modL1_fusion32_fusionL1_drop0p2_trmiss80_trlocclin,32,5e-05,1,32,1,0.2,lr5e-05_bs32_modL1_fusion32_fusionL1_drop0p2_trmiss80_trlocclin,16,0.5506139596303304,0.6733178496360779,0.5720081135902637,0.7070080053168143,0.5652173913043478,0.0,0.0,0.0,0.0,2002,clin,0.8
3,1,lr5e-05_bs32_modL1_fusion32_fusionL1_drop0p2_trmiss80_trlocclin,32,5e-05,1,32,1,0.2,lr5e-05_bs32_modL1_fusion32_fusionL1_drop0p2_trmiss80_trlocclin,17,0.536005049943924,0.6768458187580109,0.5821501014198782,0.6970939183977152,0.5652173913043478,0.0,0.0,0.0,0.0,2002,clin,0.8
3,1,lr5e-05_bs32_modL1_fusion32_fusionL1_drop0p2_trmiss80_trlocclin,32,5e-05,1,32,1,0.2,lr5e-05_bs32_modL1_fusion32_fusionL1_drop0p2_trmiss80_trlocclin,18,0.5422692994276682,0.679387241601944,0.5720081135902637,0.6929589206926059,0.5869565217391305,0.0,0.0,0.0,0.0,2002,clin,0.8
3,1,lr5e-05_bs32_modL1_fusion32_fusionL1_drop0p2_trmiss80_trlocclin,32,5e-05,1,32,1,0.2,lr5e-05_bs32_modL1_fusion32_fusionL1_drop0p2_trmiss80_trlocclin,19,0.5465743839740753,0.6808578670024872,0.563894523326572,0.6911063282823728,0.5652173913043478,0.0,0.0,0.0,0.0,2002,clin,0.8
3,1,lr5e-05_bs32_modL1_fusion32_fusionL1_drop0p2_trmiss80_trlocclin,32,5e-05,1,32,1,0.2,lr5e-05_bs32_modL1_fusion32_fusionL1_drop0p2_trmiss80_trlocclin,20,0.5169568459192911,0.6804222166538239,0.5618661257606491,0.688451470894186,0.5652173913043478,0.0,0.0,0.0,0.0,2002,clin,0.8
3,1,lr5e-05_bs32_modL1_fusion32_fusionL1_drop0p2_trmiss80_trlocclin,32,5e-05,1,32,1,0.2,lr5e-05_bs32_modL1_fusion32_fusionL1_drop0p2_trmiss80_trlocclin,21,0.5233991543451945,0.6808342635631561,0.5679513184584177,0.6935419826129774,0.5434782608695652,0.0,0.0,0.0,0.0,2002,clin,0.8
3,1,lr5e-05_bs32_modL1_fusion32_fusionL1_drop0p2_trmiss80_trlocclin,32,5e-05,1,32,1,0.2,lr5e-05_bs32_modL1_fusion32_fusionL1_drop0p2_trmiss80_trlocclin,22,0.5181215157111486,0.6820928454399109,0.563894523326572,0.6899713529684077,0.5434782608695652,0.0,0.0,0.0,0.0,2002,clin,0.8
3,1,lr5e-05_bs32_modL1_fusion32_fusionL1_drop0p2_trmiss80_trlocclin,32,5e-05,1,32,1,0.2,lr5e-05_bs32_modL1_fusion32_fusionL1_drop0p2_trmiss80_trlocclin,23,0.5132264345884323,0.6821689009666443,0.5578093306288032,0.687409269954615,0.5434782608695652,0.0,0.0,0.0,0.0,2002,clin,0.8
3,1,lr5e-05_bs32_modL1_fusion32_fusionL1_drop0p2_trmiss80_trlocclin,32,5e-05,1,32,1,0.2,lr5e-05_bs32_modL1_fusion32_fusionL1_drop0p2_trmiss80_trlocclin,24,0.5314268867174784,0.6837149560451508,0.5557809330628802,0.6835423413599186,0.5434782608695652,0.0,0.0,0.0,0.0,2002,clin,0.8
3,1,lr5e-05_bs32_modL1_fusion32_fusionL1_drop0p2_trmiss80_trlocclin,32,5e-05,1,32,1,0.2,lr5e-05_bs32_modL1_fusion32_fusionL1_drop0p2_trmiss80_trlocclin,25,0.5170212984085083,0.6846208572387695,0.5537525354969575,0.6850279621858695,0.5434782608695652,0.0,0.0,0.0,0.0,2002,clin,0.8
3,1,lr5e-05_bs32_modL1_fusion32_fusionL1_drop0p2_trmiss80_trlocclin,32,5e-05,1,32,1,0.2,lr5e-05_bs32_modL1_fusion32_fusionL1_drop0p2_trmiss80_trlocclin,26,0.5248109847307205,0.6837047934532166,0.5517241379310345,0.6779891045571751,0.5217391304347826,0.0,0.0,0.0,0.0,2002,clin,0.8
3,1,lr5e-05_bs32_modL1_fusion32_fusionL1_drop0p2_trmiss80_trlocclin,32,5e-05,1,32,1,0.2,lr5e-05_bs32_modL1_fusion32_fusionL1_drop0p2_trmiss80_trlocclin,27,0.5133173118034998,0.6842295527458191,0.5578093306288032,0.6803482391401937,0.5217391304347826,0.0,0.0,0.0,0.0,2002,clin,0.8
3,1,lr5e-05_bs32_modL1_fusion32_fusionL1_drop0p2_trmiss80_trlocclin,32,5e-05,1,32,1,0.2,lr5e-05_bs32_modL1_fusion32_fusionL1_drop0p2_trmiss80_trlocclin,28,0.5168069849411646,0.6836040318012238,0.565922920892495,0.6873055152273012,0.5434782608695652,0.0,0.0,0.0,0.0,2002,clin,0.8
3,1,lr5e-05_bs32_modL1_fusion32_fusionL1_drop0p2_trmiss80_trlocclin,32,5e-05,1,32,1,0.2,lr5e-05_bs32_modL1_fusion32_fusionL1_drop0p2_trmiss80_trlocclin,29,0.5164848963419596,0.6836037635803223,0.5618661257606491,0.6863371224725627,0.5434782608695652,0.0,0.0,0.0,0.0,2002,clin,0.8
3,1,lr5e-05_bs32_modL1_fusion32_fusionL1_drop0p2_trmiss80_trlocclin,32,5e-05,1,32,1,0.2,lr5e-05_bs32_modL1_fusion32_fusionL1_drop0p2_trmiss80_trlocclin,30,0.4905071159203847,0.6847927868366241,0.5578093306288032,0.6848015583299403,0.5434782608695652,0.0,0.0,0.0,0.0,2002,clin,0.8
3,1,lr5e-05_bs32_modL1_fusion32_fusionL1_drop0p1_trmiss80_trlocclin,32,5e-05,1,32,1,0.1,lr5e-05_bs32_modL1_fusion32_fusionL1_drop0p1_trmiss80_trlocclin,1,0.6693655053774515,0.6971478760242462,0.5517241379310345,0.6990508639032045,0.5,0.0,0.0,0.0,0.0,2002,clin,0.8
3,1,lr5e-05_bs32_modL1_fusion32_fusionL1_drop0p1_trmiss80_trlocclin,32,5e-05,1,32,1,0.1,lr5e-05_bs32_modL1_fusion32_fusionL1_drop0p1_trmiss80_trlocclin,2,0.6459680100282034,0.7030857801437378,0.5517241379310345,0.6922220139924664,0.5217391304347826,0.0,0.0,0.0,0.0,2002,clin,0.8
3,1,lr5e-05_bs32_modL1_fusion32_fusionL1_drop0p1_trmiss80_trlocclin,32,5e-05,1,32,1,0.1,lr5e-05_bs32_modL1_fusion32_fusionL1_drop0p1_trmiss80_trlocclin,3,0.621474544207255,0.7160646021366119,0.5334685598377282,0.675904051989845,0.5434782608695652,0.0,0.0,0.0,0.0,2002,clin,0.8
3,1,lr5e-05_bs32_modL1_fusion32_fusionL1_drop0p1_trmiss80_trlocclin,32,5e-05,1,32,1,0.1,lr5e-05_bs32_modL1_fusion32_fusionL1_drop0p1_trmiss80_trlocclin,4,0.6123599608739217,0.7342396676540375,0.513184584178499,0.6549947340491034,0.5217391304347826,0.0,0.0,0.0,0.0,2002,clin,0.8
3,1,lr5e-05_bs32_modL1_fusion32_fusionL1_drop0p1_trmiss80_trlocclin,32,5e-05,1,32,1,0.1,lr5e-05_bs32_modL1_fusion32_fusionL1_drop0p1_trmiss80_trlocclin,5,0.5898588200410207,0.7453330159187317,0.4989858012170386,0.6492532974677768,0.5434782608695652,0.0,0.0,0.0,0.0,2002,clin,0.8
3,1,lr5e-05_bs32_modL1_fusion32_fusionL1_drop0p1_trmiss80_trlocclin,32,5e-05,1,32,1,0.1,lr5e-05_bs32_modL1_fusion32_fusionL1_drop0p1_trmiss80_trlocclin,6,0.5911466976006826,0.7549085319042206,0.48884381338742394,0.6438160546593436,0.5217391304347826,0.0,0.0,0.0,0.0,2002,clin,0.8
3,1,lr5e-05_bs32_modL1_fusion32_fusionL1_drop0p1_trmiss80_trlocclin,32,5e-05,1,32,1,0.1,lr5e-05_bs32_modL1_fusion32_fusionL1_drop0p1_trmiss80_trlocclin,7,0.5658169686794281,0.7600900232791901,0.48275862068965525,0.6420666534143107,0.5217391304347826,0.0,0.0,0.0,0.0,2002,clin,0.8
3,1,lr5e-05_bs32_modL1_fusion32_fusionL1_drop0p1_trmiss80_trlocclin,32,5e-05,1,32,1,0.1,lr5e-05_bs32_modL1_fusion32_fusionL1_drop0p1_trmiss80_trlocclin,8,0.5557631949583689,0.7593457102775574,0.486815415821501,0.6457876924651705,0.5217391304347826,0.0,0.0,0.0,0.0,2002,clin,0.8
3,1,lr5e-05_bs32_modL1_fusion32_fusionL1_drop0p1_trmiss80_trlocclin,32,5e-05,1,32,1,0.1,lr5e-05_bs32_modL1_fusion32_fusionL1_drop0p1_trmiss80_trlocclin,9,0.5352530578772227,0.7566225528717041,0.48884381338742394,0.6474202095399665,0.5434782608695652,0.0,0.0,0.0,0.0,2002,clin,0.8
3,1,lr5e-05_bs32_modL1_fusion32_fusionL1_drop0p1_trmiss80_trlocclin,32,5e-05,1,32,1,0.1,lr5e-05_bs32_modL1_fusion32_fusionL1_drop0p1_trmiss80_trlocclin,10,0.5483575661977133,0.7554991245269775,0.48275862068965514,0.6450753679848914,0.5217391304347826,0.0,0.0,0.0,0.0,2002,clin,0.8
3,1,lr5e-05_bs32_modL1_fusion32_fusionL1_drop0p1_trmiss80_trlocclin,32,5e-05,1,32,1,0.1,lr5e-05_bs32_modL1_fusion32_fusionL1_drop0p1_trmiss80_trlocclin,11,0.5402325590451559,0.7557955980300903,0.4908722109533468,0.6476602108770356,0.5434782608695652,0.0,0.0,0.0,0.0,2002,clin,0.8
3,1,lr5e-05_bs32_modL1_fusion32_fusionL1_drop0p1_trmiss80_trlocclin,32,5e-05,1,32,1,0.1,lr5e-05_bs32_modL1_fusion32_fusionL1_drop0p1_trmiss80_trlocclin,12,0.5274683435757955,0.7553125023841858,0.486815415821501,0.6440727592819266,0.5434782608695652,0.0,0.0,0.0,0.0,2002,clin,0.8
3,1,lr5e-05_bs32_modL1_fusion32_fusionL1_drop0p1_trmiss80_trlocclin,32,5e-05,1,32,1,0.1,lr5e-05_bs32_modL1_fusion32_fusionL1_drop0p1_trmiss80_trlocclin,13,0.5295589913924535,0.757421225309372,0.48884381338742394,0.6444763376679336,0.5434782608695652,0.0,0.0,0.0,0.0,2002,clin,0.8
3,1,lr5e-05_bs32_modL1_fusion32_fusionL1_drop0p1_trmiss80_trlocclin,32,5e-05,1,32,1,0.1,lr5e-05_bs32_modL1_fusion32_fusionL1_drop0p1_trmiss80_trlocclin,14,0.5203114549318949,0.7562174797058105,0.486815415821501,0.6472504400571122,0.5434782608695652,0.0,0.0,0.0,0.0,2002,clin,0.8
3,1,lr5e-05_bs32_modL1_fusion32_fusionL1_drop0p1_trmiss80_trlocclin,32,5e-05,1,32,1,0.1,lr5e-05_bs32_modL1_fusion32_fusionL1_drop0p1_trmiss80_trlocclin,15,0.5252228180567423,0.7563364207744598,0.4847870182555781,0.6481006790458056,0.5434782608695652,0.0,0.0,0.0,0.0,2002,clin,0.8
3,1,lr5e-05_bs32_modL1_fusion32_fusionL1_drop0p1_trmiss80_trlocclin,32,5e-05,1,32,1,0.1,lr5e-05_bs32_modL1_fusion32_fusionL1_drop0p1_trmiss80_trlocclin,16,0.512648751338323,0.7548156678676605,0.4908722109533469,0.6503914140201988,0.5434782608695652,0.0,0.0,0.0,0.0,2002,clin,0.8
3,1,lr5e-05_bs32_modL1_fusion32_fusionL1_drop0p1_trmiss80_trlocclin,32,5e-05,1,32,1,0.1,lr5e-05_bs32_modL1_fusion32_fusionL1_drop0p1_trmiss80_trlocclin,17,0.5106383115053177,0.7594943642616272,0.49290060851926976,0.6513153589951218,0.5434782608695652,0.0,0.0,0.0,0.0,2002,clin,0.8
3,1,lr5e-05_bs32_modL1_fusion32_fusionL1_drop0p1_trmiss80_trlocclin,32,5e-05,1,32,1,0.1,lr5e-05_bs32_modL1_fusion32_fusionL1_drop0p1_trmiss80_trlocclin,18,0.5104309221108755,0.7608428299427032,0.49290060851926976,0.6511276317430094,0.5217391304347826,0.0,0.0,0.0,0.0,2002,clin,0.8
3,1,lr5e-05_bs32_modL1_fusion32_fusionL1_drop0p1_trmiss80_trlocclin,32,5e-05,1,32,1,0.1,lr5e-05_bs32_modL1_fusion32_fusionL1_drop0p1_trmiss80_trlocclin,19,0.5074683328469595,0.7617984712123871,0.4908722109533468,0.650081995767683,0.5434782608695652,0.0,0.0,0.0,0.0,2002,clin,0.8
3,1,lr5e-05_bs32_modL1_fusion32_fusionL1_drop0p1_trmiss80_trlocclin,32,5e-05,1,32,1,0.1,lr5e-05_bs32_modL1_fusion32_fusionL1_drop0p1_trmiss80_trlocclin,20,0.5109501431385676,0.7599396109580994,0.5010141987829615,0.6561833109126725,0.5434782608695652,0.0,0.0,0.0,0.0,2002,clin,0.8
3,1,lr5e-05_bs32_modL1_fusion32_fusionL1_drop0p1_trmiss80_trlocclin,32,5e-05,1,32,1,0.1,lr5e-05_bs32_modL1_fusion32_fusionL1_drop0p1_trmiss80_trlocclin,21,0.5156936844189962,0.7572965025901794,0.5070993914807302,0.6651047534548046,0.5434782608695652,0.0,0.0,0.0,0.0,2002,clin,0.8
3,1,lr5e-05_bs32_modL1_fusion64_fusionL1_drop0p2_trmiss80_trlocclin,32,5e-05,1,64,1,0.2,lr5e-05_bs32_modL1_fusion64_fusionL1_drop0p2_trmiss80_trlocclin,1,0.6828830440839132,0.6937659084796906,0.5720081135902637,0.6674181811584577,0.6086956521739131,0.0,0.0,0.0,0.0,2002,clin,0.8
3,1,lr5e-05_bs32_modL1_fusion64_fusionL1_drop0p2_trmiss80_trlocclin,32,5e-05,1,64,1,0.2,lr5e-05_bs32_modL1_fusion64_fusionL1_drop0p2_trmiss80_trlocclin,2,0.6605752209822336,0.696131557226181,0.5699797160243408,0.6631633023118412,0.6521739130434783,0.0,0.0,0.0,0.0,2002,clin,0.8
3,1,lr5e-05_bs32_modL1_fusion64_fusionL1_drop0p2_trmiss80_trlocclin,32,5e-05,1,64,1,0.2,lr5e-05_bs32_modL1_fusion64_fusionL1_drop0p2_trmiss80_trlocclin,3,0.645195335149765,0.7049344182014465,0.5517241379310345,0.6541027889629992,0.6521739130434783,0.0,0.0,0.0,0.0,2002,clin,0.8
3,1,lr5e-05_bs32_modL1_fusion64_fusionL1_drop0p2_trmiss80_trlocclin,32,5e-05,1,64,1,0.2,lr5e-05_bs32_modL1_fusion64_fusionL1_drop0p2_trmiss80_trlocclin,4,0.6252872546513876,0.7150249183177948,0.5517241379310345,0.6544923470144678,0.6304347826086957,0.0,0.0,0.0,0.0,2002,clin,0.8
3,1,lr5e-05_bs32_modL1_fusion64_fusionL1_drop0p2_trmiss80_trlocclin,32,5e-05,1,64,1,0.2,lr5e-05_bs32_modL1_fusion64_fusionL1_drop0p2_trmiss80_trlocclin,5,0.6036999921003977,0.7200131416320801,0.5456389452332657,0.6509445102063077,0.6304347826086957,0.0,0.0,0.0,0.0,2002,clin,0.8
3,1,lr5e-05_bs32_modL1_fusion64_fusionL1_drop0p2_trmiss80_trlocclin,32,5e-05,1,64,1,0.2,lr5e-05_bs32_modL1_fusion64_fusionL1_drop0p2_trmiss80_trlocclin,6,0.5795320272445679,0.723719447851181,0.5476673427991887,0.6470242560138213,0.6521739130434783,0.0,0.0,0.0,0.0,2002,clin,0.8
3,1,lr5e-05_bs32_modL1_fusion64_fusionL1_drop0p2_trmiss80_trlocclin,32,5e-05,1,64,1,0.2,lr5e-05_bs32_modL1_fusion64_fusionL1_drop0p2_trmiss80_trlocclin,7,0.5840569039185842,0.7267920970916748,0.5537525354969575,0.6516256794965501,0.6304347826086957,0.0,0.0,0.0,0.0,2002,clin,0.8
3,1,lr5e-05_bs32_modL1_fusion64_fusionL1_drop0p2_trmiss80_trlocclin,32,5e-05,1,64,1,0.2,lr5e-05_bs32_modL1_fusion64_fusionL1_drop0p2_trmiss80_trlocclin,8,0.5694456398487091,0.7257362008094788,0.5557809330628803,0.6520460670873232,0.6304347826086957,0.0,0.0,0.0,0.0,2002,clin,0.8
3,1,lr5e-05_bs32_modL1_fusion64_fusionL1_drop0p2_trmiss80_trlocclin,32,5e-05,1,64,1,0.2,lr5e-05_bs32_modL1_fusion64_fusionL1_drop0p2_trmiss80_trlocclin,9,0.5794814427693685,0.7292496263980865,0.5517241379310345,0.6470874948353171,0.6304347826086957,0.0,0.0,0.0,0.0,2002,clin,0.8
3,1,lr5e-05_bs32_modL1_fusion64_fusionL1_drop0p2_trmiss80_trlocclin,32,5e-05,1,64,1,0.2,lr5e-05_bs32_modL1_fusion64_fusionL1_drop0p2_trmiss80_trlocclin,10,0.568753699461619,0.7285549640655518,0.5456389452332657,0.6444174094234776,0.6304347826086957,0.0,0.0,0.0,0.0,2002,clin,0.8
3,1,lr5e-05_bs32_modL1_fusion64_fusionL1_drop0p2_trmiss80_trlocclin,32,5e-05,1,64,1,0.2,lr5e-05_bs32_modL1_fusion64_fusionL1_drop0p2_trmiss80_trlocclin,11,0.5627003411451975,0.7293666005134583,0.5456389452332657,0.6447319889758067,0.6304347826086957,0.0,0.0,0.0,0.0,2002,clin,0.8
3,1,lr5e-05_bs32_modL1_fusion64_fusionL1_drop0p2_trmiss80_trlocclin,32,5e-05,1,64,1,0.2,lr5e-05_bs32_modL1_fusion64_fusionL1_drop0p2_trmiss80_trlocclin,12,0.5404626230398814,0.7260120511054993,0.5517241379310345,0.6479603666700764,0.6304347826086957,0.0,0.0,0.0,0.0,2002,clin,0.8
3,1,lr5e-05_bs32_modL1_fusion64_fusionL1_drop0p2_trmiss80_trlocclin,32,5e-05,1,64,1,0.2,lr5e-05_bs32_modL1_fusion64_fusionL1_drop0p2_trmiss80_trlocclin,13,0.5366786619027456,0.7248837053775787,0.5456389452332657,0.6450397932480183,0.6304347826086957,0.0,0.0,0.0,0.0,2002,clin,0.8
3,1,lr5e-05_bs32_modL1_fusion64_fusionL1_drop0p2_trmiss80_trlocclin,32,5e-05,1,64,1,0.2,lr5e-05_bs32_modL1_fusion64_fusionL1_drop0p2_trmiss80_trlocclin,14,0.5509742101033529,0.7223321795463562,0.5456389452332657,0.6467077770559616,0.6304347826086957,0.0,0.0,0.0,0.0,2002,clin,0.8
3,1,lr5e-05_bs32_modL1_fusion64_fusionL1_drop0p2_trmiss80_trlocclin,32,5e-05,1,64,1,0.2,lr5e-05_bs32_modL1_fusion64_fusionL1_drop0p2_trmiss80_trlocclin,15,0.5472544531027476,0.7250947952270508,0.539553752535497,0.6422630838181649,0.6304347826086957,0.0,0.0,0.0,0.0,2002,clin,0.8
3,1,lr5e-05_bs32_modL1_fusion64_fusionL1_drop0p2_trmiss80_trlocclin,32,5e-05,1,64,1,0.2,lr5e-05_bs32_modL1_fusion64_fusionL1_drop0p2_trmiss80_trlocclin,16,0.5469916264216105,0.7233177125453949,0.5456389452332657,0.645797648496548,0.6304347826086957,0.0,0.0,0.0,0.0,2002,clin,0.8
3,1,lr5e-05_bs32_modL1_fusion64_fusionL1_drop0p2_trmiss80_trlocclin,32,5e-05,1,64,1,0.2,lr5e-05_bs32_modL1_fusion64_fusionL1_drop0p2_trmiss80_trlocclin,17,0.524340013662974,0.726201057434082,0.539553752535497,0.6404704375191334,0.6304347826086957,0.0,0.0,0.0,0.0,2002,clin,0.8
3,1,lr5e-05_bs32_modL1_fusion64_fusionL1_drop0p2_trmiss80_trlocclin,32,5e-05,1,64,1,0.2,lr5e-05_bs32_modL1_fusion64_fusionL1_drop0p2_trmiss80_trlocclin,18,0.5494303901990255,0.7249827682971954,0.5476673427991886,0.6452557240716612,0.6304347826086957,0.0,0.0,0.0,0.0,2002,clin,0.8
3,1,lr5e-05_bs32_modL1_fusion64_fusionL1_drop0p2_trmiss80_trlocclin,32,5e-05,1,64,1,0.2,lr5e-05_bs32_modL1_fusion64_fusionL1_drop0p2_trmiss80_trlocclin,19,0.5293376743793488,0.7224410176277161,0.5476673427991887,0.64510579903418,0.6304347826086957,0.0,0.0,0.0,0.0,2002,clin,0.8
3,1,lr5e-05_bs32_modL1_fusion64_fusionL1_drop0p2_trmiss80_trlocclin,32,5e-05,1,64,1,0.2,lr5e-05_bs32_modL1_fusion64_fusionL1_drop0p2_trmiss80_trlocclin,20,0.5280106763044993,0.7240856289863586,0.5436105476673427,0.6422743784630998,0.6304347826086957,0.0,0.0,0.0,0.0,2002,clin,0.8
3,1,lr5e-05_bs32_modL1_fusion64_fusionL1_drop0p2_trmiss80_trlocclin,32,5e-05,1,64,1,0.2,lr5e-05_bs32_modL1_fusion64_fusionL1_drop0p2_trmiss80_trlocclin,21,0.5268478641907374,0.7233621180057526,0.5415821501014199,0.6415548656745254,0.6304347826086957,0.0,0.0,0.0,0.0,2002,clin,0.8
3,1,lr5e-05_bs32_modL1_fusion64_fusionL1_drop0p1_trmiss80_trlocclin,32,5e-05,1,64,1,0.1,lr5e-05_bs32_modL1_fusion64_fusionL1_drop0p1_trmiss80_trlocclin,1,0.7011398176352183,0.701796293258667,0.48884381338742394,0.6444420980071377,0.45652173913043476,0.0,0.0,0.0,0.0,2002,clin,0.8
3,1,lr5e-05_bs32_modL1_fusion64_fusionL1_drop0p1_trmiss80_trlocclin,32,5e-05,1,64,1,0.1,lr5e-05_bs32_modL1_fusion64_fusionL1_drop0p1_trmiss80_trlocclin,2,0.6591391166051229,0.7041197419166565,0.5314401622718052,0.6552435755666135,0.4782608695652174,0.0,0.0,0.0,0.0,2002,clin,0.8
3,1,lr5e-05_bs32_modL1_fusion64_fusionL1_drop0p1_trmiss80_trlocclin,32,5e-05,1,64,1,0.1,lr5e-05_bs32_modL1_fusion64_fusionL1_drop0p1_trmiss80_trlocclin,3,0.6485236585140228,0.7066085040569305,0.5212981744421907,0.6421582591761495,0.43478260869565216,0.0,0.0,0.0,0.0,2002,clin,0.8
3,1,lr5e-05_bs32_modL1_fusion64_fusionL1_drop0p1_trmiss80_trlocclin,32,5e-05,1,64,1,0.1,lr5e-05_bs32_modL1_fusion64_fusionL1_drop0p1_trmiss80_trlocclin,4,0.6223360598087311,0.7069909572601318,0.5415821501014199,0.6516099947276257,0.43478260869565216,0.0,0.0,0.0,0.0,2002,clin,0.8
3,1,lr5e-05_bs32_modL1_fusion64_fusionL1_drop0p1_trmiss80_trlocclin,32,5e-05,1,64,1,0.1,lr5e-05_bs32_modL1_fusion64_fusionL1_drop0p1_trmiss80_trlocclin,5,0.6051866908868154,0.7054132521152496,0.5598377281947262,0.6600685600081765,0.4782608695652174,0.0,0.0,0.0,0.0,2002,clin,0.8
3,1,lr5e-05_bs32_modL1_fusion64_fusionL1_drop0p1_trmiss80_trlocclin,32,5e-05,1,64,1,0.1,lr5e-05_bs32_modL1_fusion64_fusionL1_drop0p1_trmiss80_trlocclin,6,0.5953684349854788,0.7021061778068542,0.5618661257606492,0.6608519083842607,0.5217391304347826,0.0,0.0,0.0,0.0,2002,clin,0.8
3,1,lr5e-05_bs32_modL1_fusion64_fusionL1_drop0p1_trmiss80_trlocclin,32,5e-05,1,64,1,0.1,lr5e-05_bs32_modL1_fusion64_fusionL1_drop0p1_trmiss80_trlocclin,7,0.5809338390827179,0.7000817060470581,0.5821501014198783,0.6726451735769925,0.5652173913043478,0.0,0.0,0.0,0.0,2002,clin,0.8
3,1,lr5e-05_bs32_modL1_fusion64_fusionL1_drop0p1_trmiss80_trlocclin,32,5e-05,1,64,1,0.1,lr5e-05_bs32_modL1_fusion64_fusionL1_drop0p1_trmiss80_trlocclin,8,0.5758833388487498,0.6989658772945404,0.5882352941176471,0.6792115309293538,0.5652173913043478,0.0,0.0,0.0,0.0,2002,clin,0.8
3,1,lr5e-05_bs32_modL1_fusion64_fusionL1_drop0p1_trmiss80_trlocclin,32,5e-05,1,64,1,0.1,lr5e-05_bs32_modL1_fusion64_fusionL1_drop0p1_trmiss80_trlocclin,9,0.5588669776916504,0.6960595548152924,0.59026369168357,0.6789892646070398,0.5652173913043478,0.0,0.0,0.0,0.0,2002,clin,0.8
3,1,lr5e-05_bs32_modL1_fusion64_fusionL1_drop0p1_trmiss80_trlocclin,32,5e-05,1,64,1,0.1,lr5e-05_bs32_modL1_fusion64_fusionL1_drop0p1_trmiss80_trlocclin,10,0.5588504572709402,0.693650096654892,0.588235294117647,0.6722027617252023,0.6086956521739131,0.0,0.0,0.0,0.0,2002,clin,0.8
3,1,lr5e-05_bs32_modL1_fusion64_fusionL1_drop0p1_trmiss80_trlocclin,32,5e-05,1,64,1,0.1,lr5e-05_bs32_modL1_fusion64_fusionL1_drop0p1_trmiss80_trlocclin,11,0.5469213922818502,0.6972640454769135,0.6024340770791075,0.6788808825587358,0.5869565217391305,0.0,0.0,0.0,0.0,2002,clin,0.8
3,1,lr5e-05_bs32_modL1_fusion64_fusionL1_drop0p1_trmiss80_trlocclin,32,5e-05,1,64,1,0.1,lr5e-05_bs32_modL1_fusion64_fusionL1_drop0p1_trmiss80_trlocclin,12,0.5435036520163218,0.6958444714546204,0.6024340770791075,0.6787175409383364,0.5869565217391305,0.0,0.0,0.0,0.0,2002,clin,0.8
3,1,lr5e-05_bs32_modL1_fusion64_fusionL1_drop0p1_trmiss80_trlocclin,32,5e-05,1,64,1,0.1,lr5e-05_bs32_modL1_fusion64_fusionL1_drop0p1_trmiss80_trlocclin,13,0.5303720533847809,0.6924817562103271,0.5963488843813387,0.675985140904587,0.6304347826086957,0.0,0.0,0.0,0.0,2002,clin,0.8
3,1,lr5e-05_bs32_modL1_fusion64_fusionL1_drop0p1_trmiss80_trlocclin,32,5e-05,1,64,1,0.1,lr5e-05_bs32_modL1_fusion64_fusionL1_drop0p1_trmiss80_trlocclin,14,0.526656836271286,0.6900724470615387,0.5963488843813387,0.6748308469374614,0.6086956521739131,0.0,0.0,0.0,0.0,2002,clin,0.8
3,1,lr5e-05_bs32_modL1_fusion64_fusionL1_drop0p1_trmiss80_trlocclin,32,5e-05,1,64,1,0.1,lr5e-05_bs32_modL1_fusion64_fusionL1_drop0p1_trmiss80_trlocclin,15,0.49813688298066455,0.6915983259677887,0.6004056795131846,0.6797815317693899,0.5869565217391305,0.0,0.0,0.0,0.0,2002,clin,0.8
3,1,lr5e-05_bs32_modL1_fusion64_fusionL1_drop0p1_trmiss80_trlocclin,32,5e-05,1,64,1,0.1,lr5e-05_bs32_modL1_fusion64_fusionL1_drop0p1_trmiss80_trlocclin,16,0.4924101283152898,0.6919159293174744,0.6004056795131846,0.6852216079842653,0.6086956521739131,0.0,0.0,0.0,0.0,2002,clin,0.8
3,1,lr5e-05_bs32_modL1_fusion64_fusionL1_drop0p1_trmiss80_trlocclin,32,5e-05,1,64,1,0.1,lr5e-05_bs32_modL1_fusion64_fusionL1_drop0p1_trmiss80_trlocclin,17,0.4823831270138423,0.690575122833252,0.59026369168357,0.6822661473394805,0.6086956521739131,0.0,0.0,0.0,0.0,2002,clin,0.8
3,1,lr5e-05_bs32_modL1_fusion64_fusionL1_drop0p1_trmiss80_trlocclin,32,5e-05,1,64,1,0.1,lr5e-05_bs32_modL1_fusion64_fusionL1_drop0p1_trmiss80_trlocclin,18,0.4759166439374288,0.6936575174331665,0.5963488843813387,0.6820991135292684,0.6086956521739131,0.0,0.0,0.0,0.0,2002,clin,0.8
3,1,lr5e-05_bs32_modL1_fusion64_fusionL1_drop0p1_trmiss80_trlocclin,32,5e-05,1,64,1,0.1,lr5e-05_bs32_modL1_fusion64_fusionL1_drop0p1_trmiss80_trlocclin,19,0.47211941579977673,0.6889154314994812,0.5943204868154158,0.6755025110027776,0.6086956521739131,0.0,0.0,0.0,0.0,2002,clin,0.8
3,1,lr5e-05_bs32_modL1_fusion64_fusionL1_drop0p1_trmiss80_trlocclin,32,5e-05,1,64,1,0.1,lr5e-05_bs32_modL1_fusion64_fusionL1_drop0p1_trmiss80_trlocclin,20,0.4542758862177531,0.6932779252529144,0.5983772819472617,0.6845184463212022,0.6086956521739131,0.0,0.0,0.0,0.0,2002,clin,0.8
3,1,lr5e-05_bs32_modL1_fusion64_fusionL1_drop0p1_trmiss80_trlocclin,32,5e-05,1,64,1,0.1,lr5e-05_bs32_modL1_fusion64_fusionL1_drop0p1_trmiss80_trlocclin,21,0.461623877286911,0.6942696869373322,0.5963488843813387,0.6857707918499388,0.6086956521739131,0.0,0.0,0.0,0.0,2002,clin,0.8
3,1,lr5e-05_bs32_modL1_fusion64_fusionL1_drop0p1_trmiss80_trlocclin,32,5e-05,1,64,1,0.1,lr5e-05_bs32_modL1_fusion64_fusionL1_drop0p1_trmiss80_trlocclin,22,0.44288594524065655,0.6904102265834808,0.6085192697768762,0.6990594130173413,0.6304347826086957,0.0,0.0,0.0,0.0,2002,clin,0.8
3,1,lr5e-05_bs32_modL1_fusion64_fusionL1_drop0p1_trmiss80_trlocclin,32,5e-05,1,64,1,0.1,lr5e-05_bs32_modL1_fusion64_fusionL1_drop0p1_trmiss80_trlocclin,23,0.4438885847727458,0.6877012252807617,0.6125760649087221,0.7002686962494793,0.6086956521739131,0.0,0.0,0.0,0.0,2002,clin,0.8
3,1,lr5e-05_bs32_modL1_fusion64_fusionL1_drop0p1_trmiss80_trlocclin,32,5e-05,1,64,1,0.1,lr5e-05_bs32_modL1_fusion64_fusionL1_drop0p1_trmiss80_trlocclin,24,0.43793747822443646,0.6872667968273163,0.6024340770791076,0.6854113696680149,0.6086956521739131,0.0,0.0,0.0,0.0,2002,clin,0.8
3,1,lr5e-05_bs32_modL1_fusion64_fusionL1_drop0p1_trmiss80_trlocclin,32,5e-05,1,64,1,0.1,lr5e-05_bs32_modL1_fusion64_fusionL1_drop0p1_trmiss80_trlocclin,25,0.4183233032623927,0.6958098709583282,0.5821501014198782,0.6677379134311079,0.6086956521739131,0.0,0.0,0.0,0.0,2002,clin,0.8
3,1,lr5e-05_bs32_modL1_fusion64_fusionL1_drop0p1_trmiss80_trlocclin,32,5e-05,1,64,1,0.1,lr5e-05_bs32_modL1_fusion64_fusionL1_drop0p1_trmiss80_trlocclin,26,0.4105365922053655,0.6939231753349304,0.59026369168357,0.6719803346456212,0.6086956521739131,0.0,0.0,0.0,0.0,2002,clin,0.8
3,1,lr5e-05_bs32_modL1_fusion64_fusionL1_drop0p1_trmiss80_trlocclin,32,5e-05,1,64,1,0.1,lr5e-05_bs32_modL1_fusion64_fusionL1_drop0p1_trmiss80_trlocclin,27,0.4019177407026291,0.6909530758857727,0.592292089249493,0.6740652746863921,0.6086956521739131,0.0,0.0,0.0,0.0,2002,clin,0.8
3,1,lr5e-05_bs32_modL1_fusion64_fusionL1_drop0p1_trmiss80_trlocclin,32,5e-05,1,64,1,0.1,lr5e-05_bs32_modL1_fusion64_fusionL1_drop0p1_trmiss80_trlocclin,28,0.4121568550666173,0.6876208186149597,0.6024340770791075,0.6818548710964112,0.6304347826086957,0.0,0.0,0.0,0.0,2002,clin,0.8
3,1,lr5e-05_bs32_modL1_fusion64_fusionL1_drop0p1_trmiss80_trlocclin,32,5e-05,1,64,1,0.1,lr5e-05_bs32_modL1_fusion64_fusionL1_drop0p1_trmiss80_trlocclin,29,0.4103251447280248,0.6867030262947083,0.5983772819472617,0.6867704239490906,0.6304347826086957,0.0,0.0,0.0,0.0,2002,clin,0.8
3,1,lr5e-05_bs32_modL1_fusion64_fusionL1_drop0p1_trmiss80_trlocclin,32,5e-05,1,64,1,0.1,lr5e-05_bs32_modL1_fusion64_fusionL1_drop0p1_trmiss80_trlocclin,30,0.4055410921573639,0.6849766671657562,0.5963488843813387,0.6887792387341336,0.6304347826086957,0.0,0.0,0.0,0.0,2002,clin,0.8
3,1,lr5e-05_bs32_modL1_fusion64_fusionL1_drop0p1_trmiss80_trlocclin,32,5e-05,1,64,1,0.1,lr5e-05_bs32_modL1_fusion64_fusionL1_drop0p1_trmiss80_trlocclin,31,0.3854146748781204,0.6874334514141083,0.5983772819472617,0.6877703190903632,0.6086956521739131,0.0,0.0,0.0,0.0,2002,clin,0.8
3,1,lr5e-05_bs32_modL1_fusion64_fusionL1_drop0p1_trmiss80_trlocclin,32,5e-05,1,64,1,0.1,lr5e-05_bs32_modL1_fusion64_fusionL1_drop0p1_trmiss80_trlocclin,32,0.39150161544481915,0.6896871626377106,0.5943204868154158,0.6822800233594746,0.6086956521739131,0.0,0.0,0.0,0.0,2002,clin,0.8
3,1,lr5e-05_bs32_modL1_fusion64_fusionL1_drop0p1_trmiss80_trlocclin,32,5e-05,1,64,1,0.1,lr5e-05_bs32_modL1_fusion64_fusionL1_drop0p1_trmiss80_trlocclin,33,0.38293356200059253,0.6905382573604584,0.5943204868154158,0.6809563658730948,0.5869565217391305,0.0,0.0,0.0,0.0,2002,clin,0.8
3,1,lr5e-05_bs32_modL1_fusion64_fusionL1_drop0p1_trmiss80_trlocclin,32,5e-05,1,64,1,0.1,lr5e-05_bs32_modL1_fusion64_fusionL1_drop0p1_trmiss80_trlocclin,34,0.37355070809523266,0.6894371211528778,0.5943204868154158,0.6769840596556024,0.5869565217391305,0.0,0.0,0.0,0.0,2002,clin,0.8
3,1,lr5e-05_bs32_modL1_fusion64_fusionL1_drop0p1_trmiss80_trlocclin,32,5e-05,1,64,1,0.1,lr5e-05_bs32_modL1_fusion64_fusionL1_drop0p1_trmiss80_trlocclin,35,0.3604029168685277,0.6916061639785767,0.5963488843813387,0.6718558174063733,0.5869565217391305,0.0,0.0,0.0,0.0,2002,clin,0.8
3,1,lr5e-05_bs32_modL1_fusion64_fusionL1_drop0p1_trmiss80_trlocclin,32,5e-05,1,64,1,0.1,lr5e-05_bs32_modL1_fusion64_fusionL1_drop0p1_trmiss80_trlocclin,36,0.3665353059768677,0.6920382380485535,0.5943204868154157,0.6711381643299558,0.6086956521739131,0.0,0.0,0.0,0.0,2002,clin,0.8
3,1,lr5e-05_bs32_modL1_fusion64_fusionL1_drop0p1_trmiss80_trlocclin,32,5e-05,1,64,1,0.1,lr5e-05_bs32_modL1_fusion64_fusionL1_drop0p1_trmiss80_trlocclin,37,0.3610845108826955,0.6901563405990601,0.6064908722109534,0.6869443939208797,0.6304347826086957,0.0,0.0,0.0,0.0,2002,clin,0.8
3,1,lr5e-05_bs32_modL1_fusion64_fusionL1_drop0p1_trmiss80_trlocclin,32,5e-05,1,64,1,0.1,lr5e-05_bs32_modL1_fusion64_fusionL1_drop0p1_trmiss80_trlocclin,38,0.3522028674681981,0.6869425773620605,0.6105476673427992,0.6923903272978476,0.6086956521739131,0.0,0.0,0.0,0.0,2002,clin,0.8
3,1,lr5e-05_bs32_modL1_fusion64_fusionL1_drop0p1_trmiss80_trlocclin,32,5e-05,1,64,1,0.1,lr5e-05_bs32_modL1_fusion64_fusionL1_drop0p1_trmiss80_trlocclin,39,0.3601216326157252,0.6830013990402222,0.6105476673427992,0.6915344649675501,0.6086956521739131,0.0,0.0,0.0,0.0,2002,clin,0.8
3,1,lr5e-05_bs32_modL1_fusion64_fusionL1_drop0p1_trmiss80_trlocclin,32,5e-05,1,64,1,0.1,lr5e-05_bs32_modL1_fusion64_fusionL1_drop0p1_trmiss80_trlocclin,40,0.36072353025277454,0.6821357905864716,0.6146044624746451,0.6950426282688793,0.6304347826086957,0.0,0.0,0.0,0.0,2002,clin,0.8
3,1,lr5e-05_bs32_modL1_fusion64_fusionL1_drop0p1_trmiss80_trlocclin,32,5e-05,1,64,1,0.1,lr5e-05_bs32_modL1_fusion64_fusionL1_drop0p1_trmiss80_trlocclin,41,0.33968478937943775,0.6826459467411041,0.6064908722109533,0.6899237043865787,0.6086956521739131,0.0,0.0,0.0,0.0,2002,clin,0.8
3,1,lr5e-05_bs32_modL1_fusion64_fusionL1_drop0p1_trmiss80_trlocclin,32,5e-05,1,64,1,0.1,lr5e-05_bs32_modL1_fusion64_fusionL1_drop0p1_trmiss80_trlocclin,42,0.33496588965257007,0.6848965287208557,0.6105476673427992,0.6914456505339706,0.6086956521739131,0.0,0.0,0.0,0.0,2002,clin,0.8
3,1,lr5e-05_bs32_modL1_fusion64_fusionL1_drop0p1_trmiss80_trlocclin,32,5e-05,1,64,1,0.1,lr5e-05_bs32_modL1_fusion64_fusionL1_drop0p1_trmiss80_trlocclin,43,0.3396522303422292,0.6859127283096313,0.6105476673427992,0.6927151786251351,0.6086956521739131,0.0,0.0,0.0,0.0,2002,clin,0.8
3,1,lr5e-05_bs32_modL1_fusion64_fusionL1_drop0p1_trmiss80_trlocclin,32,5e-05,1,64,1,0.1,lr5e-05_bs32_modL1_fusion64_fusionL1_drop0p1_trmiss80_trlocclin,44,0.3494356522957484,0.688755989074707,0.6044624746450304,0.6864963028164852,0.6086956521739131,0.0,0.0,0.0,0.0,2002,clin,0.8
3,1,lr5e-05_bs32_modL1_fusion64_fusionL1_drop0p1_trmiss80_trlocclin,32,5e-05,1,64,1,0.1,lr5e-05_bs32_modL1_fusion64_fusionL1_drop0p1_trmiss80_trlocclin,45,0.3440650751193364,0.69033083319664,0.592292089249493,0.6764748433061385,0.6086956521739131,0.0,0.0,0.0,0.0,2002,clin,0.8
3,1,lr5e-05_bs32_modL1_fusion64_fusionL1_drop0p1_trmiss80_trlocclin,32,5e-05,1,64,1,0.1,lr5e-05_bs32_modL1_fusion64_fusionL1_drop0p1_trmiss80_trlocclin,46,0.3244319061438243,0.68883016705513,0.6024340770791075,0.6845541401488124,0.6086956521739131,0.0,0.0,0.0,0.0,2002,clin,0.8
3,1,lr5e-05_bs32_modL1_fusion64_fusionL1_drop0p1_trmiss80_trlocclin,32,5e-05,1,64,1,0.1,lr5e-05_bs32_modL1_fusion64_fusionL1_drop0p1_trmiss80_trlocclin,47,0.33978448311487836,0.68937087059021,0.5983772819472617,0.6826768142693955,0.6304347826086957,0.0,0.0,0.0,0.0,2002,clin,0.8
3,1,lr5e-05_bs32_modL1_fusion64_fusionL1_drop0p1_trmiss80_trlocclin,32,5e-05,1,64,1,0.1,lr5e-05_bs32_modL1_fusion64_fusionL1_drop0p1_trmiss80_trlocclin,48,0.3357480267683665,0.6884603500366211,0.6024340770791075,0.6847297552590292,0.6304347826086957,0.0,0.0,0.0,0.0,2002,clin,0.8
3,1,lr5e-05_bs32_modL1_fusion64_fusionL1_drop0p1_trmiss80_trlocclin,32,5e-05,1,64,1,0.1,lr5e-05_bs32_modL1_fusion64_fusionL1_drop0p1_trmiss80_trlocclin,49,0.32514312366644543,0.6905170381069183,0.6024340770791075,0.6842098326645454,0.6521739130434783,0.0,0.0,0.0,0.0,2002,clin,0.8
3,1,lr5e-05_bs32_modL1_fusion64_fusionL1_drop0p1_trmiss80_trlocclin,32,5e-05,1,64,1,0.1,lr5e-05_bs32_modL1_fusion64_fusionL1_drop0p1_trmiss80_trlocclin,50,0.3496686816215515,0.6925305724143982,0.5943204868154158,0.6725994177128701,0.6086956521739131,0.0,0.0,0.0,0.0,2002,clin,0.8
3,1,lr5e-05_bs32_modL1_fusion64_fusionL1_drop0p1_trmiss80_trlocclin,32,5e-05,1,64,1,0.1,lr5e-05_bs32_modL1_fusion64_fusionL1_drop0p1_trmiss80_trlocclin,51,0.3300374497969945,0.6932940185070038,0.6024340770791075,0.6769104945126605,0.6086956521739131,0.0,0.0,0.0,0.0,2002,clin,0.8
3,1,lr5e-05_bs32_modL1_fusion64_fusionL1_drop0p1_trmiss80_trlocclin,32,5e-05,1,64,1,0.1,lr5e-05_bs32_modL1_fusion64_fusionL1_drop0p1_trmiss80_trlocclin,52,0.3273281157016754,0.6938908696174622,0.6044624746450304,0.6779058611951906,0.6304347826086957,0.0,0.0,0.0,0.0,2002,clin,0.8
3,1,lr5e-05_bs32_modL1_fusion64_fusionL1_drop0p1_trmiss80_trlocclin,32,5e-05,1,64,1,0.1,lr5e-05_bs32_modL1_fusion64_fusionL1_drop0p1_trmiss80_trlocclin,53,0.32942451039950055,0.6947067677974701,0.5963488843813387,0.673140088144205,0.6304347826086957,0.0,0.0,0.0,0.0,2002,clin,0.8
3,1,lr5e-05_bs32_modL1_fusion64_fusionL1_drop0p1_trmiss80_trlocclin,32,5e-05,1,64,1,0.1,lr5e-05_bs32_modL1_fusion64_fusionL1_drop0p1_trmiss80_trlocclin,54,0.32545346518357593,0.694958508014679,0.5983772819472616,0.6742107281109889,0.6304347826086957,0.0,0.0,0.0,0.0,2002,clin,0.8
3,1,lr5e-05_bs32_modL1_fusion64_fusionL1_drop0p1_trmiss80_trlocclin,32,5e-05,1,64,1,0.1,lr5e-05_bs32_modL1_fusion64_fusionL1_drop0p1_trmiss80_trlocclin,55,0.30554312964280445,0.6943938136100769,0.6004056795131846,0.6750602879954394,0.6304347826086957,0.0,0.0,0.0,0.0,2002,clin,0.8
3,1,lr5e-05_bs32_modL1_fusion64_fusionL1_drop0p1_trmiss80_trlocclin,32,5e-05,1,64,1,0.1,lr5e-05_bs32_modL1_fusion64_fusionL1_drop0p1_trmiss80_trlocclin,56,0.32385505735874176,0.6933791935443878,0.5963488843813387,0.6732987166738205,0.6304347826086957,0.0,0.0,0.0,0.0,2002,clin,0.8
3,1,lr5e-05_bs32_modL1_fusion64_fusionL1_drop0p1_trmiss80_trlocclin,32,5e-05,1,64,1,0.1,lr5e-05_bs32_modL1_fusion64_fusionL1_drop0p1_trmiss80_trlocclin,57,0.3148861477772395,0.6948885917663574,0.5983772819472617,0.6696574690429247,0.6086956521739131,0.0,0.0,0.0,0.0,2002,clin,0.8
3,1,lr5e-05_bs32_modL1_fusion64_fusionL1_drop0p1_trmiss80_trlocclin,32,5e-05,1,64,1,0.1,lr5e-05_bs32_modL1_fusion64_fusionL1_drop0p1_trmiss80_trlocclin,58,0.31832487384478253,0.6931785643100739,0.5983772819472617,0.6652210907408477,0.6304347826086957,0.0,0.0,0.0,0.0,2002,clin,0.8
3,1,lr5e-05_bs32_modL1_fusion64_fusionL1_drop0p1_trmiss80_trlocclin,32,5e-05,1,64,1,0.1,lr5e-05_bs32_modL1_fusion64_fusionL1_drop0p1_trmiss80_trlocclin,59,0.327843780318896,0.6920135617256165,0.5983772819472617,0.6696574690429247,0.6086956521739131,0.0,0.0,0.0,0.0,2002,clin,0.8
3,1,lr5e-05_bs32_modL1_fusion64_fusionL1_drop0p1_trmiss80_trlocclin,32,5e-05,1,64,1,0.1,lr5e-05_bs32_modL1_fusion64_fusionL1_drop0p1_trmiss80_trlocclin,60,0.3208119521538417,0.692689061164856,0.5943204868154159,0.6625580775621944,0.6304347826086957,0.0,0.0,0.0,0.0,2002,clin,0.8
3,1,lr1e-04_bs32_modL1_fusion32_fusionL1_drop0p2_trmiss80_trlocclin,32,0.0001,1,32,1,0.2,lr1e-04_bs32_modL1_fusion32_fusionL1_drop0p2_trmiss80_trlocclin,1,0.6978244582811991,0.6873728036880493,0.4827586206896552,0.6700233211178771,0.5434782608695652,0.0,0.0,0.0,0.0,2002,clin,0.8
3,1,lr1e-04_bs32_modL1_fusion32_fusionL1_drop0p2_trmiss80_trlocclin,32,0.0001,1,32,1,0.2,lr1e-04_bs32_modL1_fusion32_fusionL1_drop0p2_trmiss80_trlocclin,2,0.6588781674702963,0.6868221163749695,0.49898580121703856,0.6705606231407216,0.5652173913043478,0.0,0.0,0.0,0.0,2002,clin,0.8
3,1,lr1e-04_bs32_modL1_fusion32_fusionL1_drop0p2_trmiss80_trlocclin,32,0.0001,1,32,1,0.2,lr1e-04_bs32_modL1_fusion32_fusionL1_drop0p2_trmiss80_trlocclin,3,0.6412945687770844,0.6874693334102631,0.5172413793103449,0.6761829761165961,0.5,0.0,0.0,0.0,0.0,2002,clin,0.8
3,1,lr1e-04_bs32_modL1_fusion32_fusionL1_drop0p2_trmiss80_trlocclin,32,0.0001,1,32,1,0.2,lr1e-04_bs32_modL1_fusion32_fusionL1_drop0p2_trmiss80_trlocclin,4,0.6223690013090769,0.6868074834346771,0.5314401622718052,0.6750551922245338,0.5,0.0,0.0,0.0,0.0,2002,clin,0.8
3,1,lr1e-04_bs32_modL1_fusion32_fusionL1_drop0p2_trmiss80_trlocclin,32,0.0001,1,32,1,0.2,lr1e-04_bs32_modL1_fusion32_fusionL1_drop0p2_trmiss80_trlocclin,5,0.6218435267607371,0.6847178339958191,0.5517241379310346,0.6899692109114977,0.5869565217391305,0.0,0.0,0.0,0.0,2002,clin,0.8
3,1,lr1e-04_bs32_modL1_fusion32_fusionL1_drop0p2_trmiss80_trlocclin,32,0.0001,1,32,1,0.2,lr1e-04_bs32_modL1_fusion32_fusionL1_drop0p2_trmiss80_trlocclin,6,0.6086187760035197,0.6823841035366058,0.5578093306288032,0.6902317027674422,0.5869565217391305,0.0,0.0,0.0,0.0,2002,clin,0.8
3,1,lr1e-04_bs32_modL1_fusion32_fusionL1_drop0p2_trmiss80_trlocclin,32,0.0001,1,32,1,0.2,lr1e-04_bs32_modL1_fusion32_fusionL1_drop0p2_trmiss80_trlocclin,7,0.5814525882403055,0.6832897365093231,0.5760649087221095,0.7053473270363845,0.6304347826086957,0.0,0.0,0.0,0.0,2002,clin,0.8
3,1,lr1e-04_bs32_modL1_fusion32_fusionL1_drop0p2_trmiss80_trlocclin,32,0.0001,1,32,1,0.2,lr1e-04_bs32_modL1_fusion32_fusionL1_drop0p2_trmiss80_trlocclin,8,0.5777637859185537,0.6844907999038696,0.5578093306288032,0.6838092032513577,0.6304347826086957,0.0,0.0,0.0,0.0,2002,clin,0.8
3,1,lr1e-04_bs32_modL1_fusion32_fusionL1_drop0p2_trmiss80_trlocclin,32,0.0001,1,32,1,0.2,lr1e-04_bs32_modL1_fusion32_fusionL1_drop0p2_trmiss80_trlocclin,9,0.5626928408940634,0.6834530830383301,0.5699797160243407,0.6893603584054292,0.6304347826086957,0.0,0.0,0.0,0.0,2002,clin,0.8
3,1,lr1e-04_bs32_modL1_fusion32_fusionL1_drop0p2_trmiss80_trlocclin,32,0.0001,1,32,1,0.2,lr1e-04_bs32_modL1_fusion32_fusionL1_drop0p2_trmiss80_trlocclin,10,0.5489376386006674,0.6826458871364594,0.5780933062880325,0.6944381026239871,0.6304347826086957,0.0,0.0,0.0,0.0,2002,clin,0.8
3,1,lr1e-04_bs32_modL1_fusion32_fusionL1_drop0p2_trmiss80_trlocclin,32,0.0001,1,32,1,0.2,lr1e-04_bs32_modL1_fusion32_fusionL1_drop0p2_trmiss80_trlocclin,11,0.5450204412142435,0.6857161521911621,0.5679513184584178,0.6853149265480043,0.5869565217391305,0.0,0.0,0.0,0.0,2002,clin,0.8
3,1,lr1e-04_bs32_modL1_fusion32_fusionL1_drop0p2_trmiss80_trlocclin,32,0.0001,1,32,1,0.2,lr1e-04_bs32_modL1_fusion32_fusionL1_drop0p2_trmiss80_trlocclin,12,0.530856857697169,0.68792724609375,0.5598377281947261,0.6798144313904853,0.6521739130434783,0.0,0.0,0.0,0.0,2002,clin,0.8
3,1,lr1e-04_bs32_modL1_fusion32_fusionL1_drop0p2_trmiss80_trlocclin,32,0.0001,1,32,1,0.2,lr1e-04_bs32_modL1_fusion32_fusionL1_drop0p2_trmiss80_trlocclin,13,0.5311130185921987,0.6891713440418243,0.5517241379310345,0.6762815571512749,0.6521739130434783,0.0,0.0,0.0,0.0,2002,clin,0.8
3,1,lr1e-04_bs32_modL1_fusion32_fusionL1_drop0p2_trmiss80_trlocclin,32,0.0001,1,32,1,0.2,lr1e-04_bs32_modL1_fusion32_fusionL1_drop0p2_trmiss80_trlocclin,14,0.531573643287023,0.690036952495575,0.5456389452332657,0.6755875988744707,0.6304347826086957,0.0,0.0,0.0,0.0,2002,clin,0.8
3,1,lr1e-04_bs32_modL1_fusion32_fusionL1_drop0p2_trmiss80_trlocclin,32,0.0001,1,32,1,0.2,lr1e-04_bs32_modL1_fusion32_fusionL1_drop0p2_trmiss80_trlocclin,15,0.5307584355274836,0.6905857026576996,0.5496957403651116,0.6914126382061389,0.6304347826086957,0.0,0.0,0.0,0.0,2002,clin,0.8
3,1,lr1e-04_bs32_modL1_fusion32_fusionL1_drop0p2_trmiss80_trlocclin,32,0.0001,1,32,1,0.2,lr1e-04_bs32_modL1_fusion32_fusionL1_drop0p2_trmiss80_trlocclin,16,0.5043509105841318,0.6917231976985931,0.5578093306288033,0.6943140747736373,0.6086956521739131,0.0,0.0,0.0,0.0,2002,clin,0.8
3,1,lr1e-04_bs32_modL1_fusion32_fusionL1_drop0p2_trmiss80_trlocclin,32,0.0001,1,32,1,0.2,lr1e-04_bs32_modL1_fusion32_fusionL1_drop0p2_trmiss80_trlocclin,17,0.5221340159575144,0.6938959658145905,0.5699797160243407,0.694299667045945,0.5869565217391305,0.0,0.0,0.0,0.0,2002,clin,0.8
3,1,lr1e-04_bs32_modL1_fusion32_fusionL1_drop0p2_trmiss80_trlocclin,32,0.0001,1,32,1,0.2,lr1e-04_bs32_modL1_fusion32_fusionL1_drop0p2_trmiss80_trlocclin,18,0.5092617173989614,0.6956348121166229,0.5760649087221096,0.7106608163029761,0.5869565217391305,0.0,0.0,0.0,0.0,2002,clin,0.8
3,1,lr1e-04_bs32_modL1_fusion32_fusionL1_drop0p2_trmiss80_trlocclin,32,0.0001,1,32,1,0.2,lr1e-04_bs32_modL1_fusion32_fusionL1_drop0p2_trmiss80_trlocclin,19,0.4952256977558136,0.6961755156517029,0.5638945233265721,0.7027165341982741,0.5869565217391305,0.0,0.0,0.0,0.0,2002,clin,0.8
3,1,lr1e-04_bs32_modL1_fusion32_fusionL1_drop0p2_trmiss80_trlocclin,32,0.0001,1,32,1,0.2,lr1e-04_bs32_modL1_fusion32_fusionL1_drop0p2_trmiss80_trlocclin,20,0.5139228751262029,0.696398138999939,0.5638945233265721,0.6989491971695493,0.5869565217391305,0.0,0.0,0.0,0.0,2002,clin,0.8
3,1,lr1e-04_bs32_modL1_fusion32_fusionL1_drop0p2_trmiss80_trlocclin,32,0.0001,1,32,1,0.2,lr1e-04_bs32_modL1_fusion32_fusionL1_drop0p2_trmiss80_trlocclin,21,0.5059255659580231,0.6962444186210632,0.5699797160243408,0.70188910891665,0.5869565217391305,0.0,0.0,0.0,0.0,2002,clin,0.8
3,1,lr1e-04_bs32_modL1_fusion32_fusionL1_drop0p2_trmiss80_trlocclin,32,0.0001,1,32,1,0.2,lr1e-04_bs32_modL1_fusion32_fusionL1_drop0p2_trmiss80_trlocclin,22,0.490275760491689,0.6964399814605713,0.5780933062880325,0.7085842491192952,0.5869565217391305,0.0,0.0,0.0,0.0,2002,clin,0.8
3,1,lr1e-04_bs32_modL1_fusion32_fusionL1_drop0p2_trmiss80_trlocclin,32,0.0001,1,32,1,0.2,lr1e-04_bs32_modL1_fusion32_fusionL1_drop0p2_trmiss80_trlocclin,23,0.4866499602794647,0.6973335444927216,0.5862068965517242,0.7170162246519967,0.5869565217391305,0.0,0.0,0.0,0.0,2002,clin,0.8
3,1,lr1e-04_bs32_modL1_fusion32_fusionL1_drop0p2_trmiss80_trlocclin,32,0.0001,1,32,1,0.2,lr1e-04_bs32_modL1_fusion32_fusionL1_drop0p2_trmiss80_trlocclin,24,0.48283474147319794,0.6934210956096649,0.592292089249493,0.7245298051463644,0.6086956521739131,0.0,0.0,0.0,0.0,2002,clin,0.8
3,1,lr1e-04_bs32_modL1_fusion32_fusionL1_drop0p2_trmiss80_trlocclin,32,0.0001,1,32,1,0.2,lr1e-04_bs32_modL1_fusion32_fusionL1_drop0p2_trmiss80_trlocclin,25,0.48123375574747723,0.692546159029007,0.5862068965517242,0.7205396573631132,0.6086956521739131,0.0,0.0,0.0,0.0,2002,clin,0.8
3,1,lr1e-04_bs32_modL1_fusion32_fusionL1_drop0p2_trmiss80_trlocclin,32,0.0001,1,32,1,0.2,lr1e-04_bs32_modL1_fusion32_fusionL1_drop0p2_trmiss80_trlocclin,26,0.4778999139865239,0.6926288306713104,0.5821501014198783,0.7184891501870767,0.6304347826086957,0.0,0.0,0.0,0.0,2002,clin,0.8
3,1,lr1e-04_bs32_modL1_fusion32_fusionL1_drop0p2_trmiss80_trlocclin,32,0.0001,1,32,1,0.2,lr1e-04_bs32_modL1_fusion32_fusionL1_drop0p2_trmiss80_trlocclin,27,0.4795372982819875,0.6908145844936371,0.5821501014198783,0.7178014926789323,0.6086956521739131,0.0,0.0,0.0,0.0,2002,clin,0.8
3,1,lr1e-04_bs32_modL1_fusion32_fusionL1_drop0p2_trmiss80_trlocclin,32,0.0001,1,32,1,0.2,lr1e-04_bs32_modL1_fusion32_fusionL1_drop0p2_trmiss80_trlocclin,28,0.4712735017140706,0.6902332007884979,0.5801217038539555,0.7164608718616047,0.6086956521739131,0.0,0.0,0.0,0.0,2002,clin,0.8
3,1,lr1e-04_bs32_modL1_fusion32_fusionL1_drop0p2_trmiss80_trlocclin,32,0.0001,1,32,1,0.2,lr1e-04_bs32_modL1_fusion32_fusionL1_drop0p2_trmiss80_trlocclin,29,0.46339305738608044,0.6922973096370697,0.5801217038539553,0.7188647851645245,0.6086956521739131,0.0,0.0,0.0,0.0,2002,clin,0.8
3,1,lr1e-04_bs32_modL1_fusion32_fusionL1_drop0p2_trmiss80_trlocclin,32,0.0001,1,32,1,0.2,lr1e-04_bs32_modL1_fusion32_fusionL1_drop0p2_trmiss80_trlocclin,30,0.4801420569419861,0.6934722065925598,0.5821501014198783,0.7241112792806104,0.5869565217391305,0.0,0.0,0.0,0.0,2002,clin,0.8
3,1,lr1e-04_bs32_modL1_fusion32_fusionL1_drop0p2_trmiss80_trlocclin,32,0.0001,1,32,1,0.2,lr1e-04_bs32_modL1_fusion32_fusionL1_drop0p2_trmiss80_trlocclin,31,0.4818006654580434,0.6945460736751556,0.5740365111561867,0.7202260622916029,0.5869565217391305,0.0,0.0,0.0,0.0,2002,clin,0.8
3,1,lr1e-04_bs32_modL1_fusion32_fusionL1_drop0p2_trmiss80_trlocclin,32,0.0001,1,32,1,0.2,lr1e-04_bs32_modL1_fusion32_fusionL1_drop0p2_trmiss80_trlocclin,32,0.4762222369511922,0.6961252093315125,0.5740365111561867,0.7224367429868571,0.6086956521739131,0.0,0.0,0.0,0.0,2002,clin,0.8
3,1,lr1e-04_bs32_modL1_fusion32_fusionL1_drop0p2_trmiss80_trlocclin,32,0.0001,1,32,1,0.2,lr1e-04_bs32_modL1_fusion32_fusionL1_drop0p2_trmiss80_trlocclin,33,0.4680085976918538,0.6952378451824188,0.5882352941176471,0.7249026591013863,0.6086956521739131,0.0,0.0,0.0,0.0,2002,clin,0.8
3,1,lr1e-04_bs32_modL1_fusion32_fusionL1_drop0p2_trmiss80_trlocclin,32,0.0001,1,32,1,0.2,lr1e-04_bs32_modL1_fusion32_fusionL1_drop0p2_trmiss80_trlocclin,34,0.4704793145259221,0.6944966018199921,0.5862068965517241,0.7228651732932858,0.6086956521739131,0.0,0.0,0.0,0.0,2002,clin,0.8
3,1,lr1e-04_bs32_modL1_fusion32_fusionL1_drop0p2_trmiss80_trlocclin,32,0.0001,1,32,1,0.2,lr1e-04_bs32_modL1_fusion32_fusionL1_drop0p2_trmiss80_trlocclin,35,0.4792126069466273,0.6974836885929108,0.5882352941176471,0.7240975737997335,0.6086956521739131,0.0,0.0,0.0,0.0,2002,clin,0.8
3,1,lr1e-04_bs32_modL1_fusion32_fusionL1_drop0p2_trmiss80_trlocclin,32,0.0001,1,32,1,0.2,lr1e-04_bs32_modL1_fusion32_fusionL1_drop0p2_trmiss80_trlocclin,36,0.4741264532009761,0.697159469127655,0.5821501014198783,0.7223957836955519,0.6086956521739131,0.0,0.0,0.0,0.0,2002,clin,0.8
3,1,lr1e-04_bs32_modL1_fusion32_fusionL1_drop0p2_trmiss80_trlocclin,32,0.0001,1,32,1,0.2,lr1e-04_bs32_modL1_fusion32_fusionL1_drop0p2_trmiss80_trlocclin,37,0.4781193385521571,0.6926131248474121,0.5821501014198783,0.7261461844376291,0.5869565217391305,0.0,0.0,0.0,0.0,2002,clin,0.8
3,1,lr1e-04_bs32_modL1_fusion32_fusionL1_drop0p2_trmiss80_trlocclin,32,0.0001,1,32,1,0.2,lr1e-04_bs32_modL1_fusion32_fusionL1_drop0p2_trmiss80_trlocclin,38,0.4856697569290797,0.6941707134246826,0.5821501014198782,0.7264130049884253,0.6086956521739131,0.0,0.0,0.0,0.0,2002,clin,0.8
3,1,lr1e-04_bs32_modL1_fusion32_fusionL1_drop0p2_trmiss80_trlocclin,32,0.0001,1,32,1,0.2,lr1e-04_bs32_modL1_fusion32_fusionL1_drop0p2_trmiss80_trlocclin,39,0.46660052239894867,0.6928107738494873,0.5841784989858012,0.7270794784743715,0.6086956521739131,0.0,0.0,0.0,0.0,2002,clin,0.8
3,1,lr1e-04_bs32_modL1_fusion32_fusionL1_drop0p2_trmiss80_trlocclin,32,0.0001,1,32,1,0.2,lr1e-04_bs32_modL1_fusion32_fusionL1_drop0p2_trmiss80_trlocclin,40,0.4646674493948619,0.6957412362098694,0.5780933062880325,0.7192359490791179,0.6086956521739131,0.0,0.0,0.0,0.0,2002,clin,0.8
3,1,lr1e-04_bs32_modL1_fusion32_fusionL1_drop0p2_trmiss80_trlocclin,32,0.0001,1,32,1,0.2,lr1e-04_bs32_modL1_fusion32_fusionL1_drop0p2_trmiss80_trlocclin,41,0.48157023390134174,0.6965903639793396,0.5740365111561866,0.715658998238299,0.6086956521739131,0.0,0.0,0.0,0.0,2002,clin,0.8
3,1,lr1e-04_bs32_modL1_fusion32_fusionL1_drop0p2_trmiss80_trlocclin,32,0.0001,1,32,1,0.2,lr1e-04_bs32_modL1_fusion32_fusionL1_drop0p2_trmiss80_trlocclin,42,0.4719337324301402,0.6958184838294983,0.5720081135902637,0.7148230084730897,0.6086956521739131,0.0,0.0,0.0,0.0,2002,clin,0.8
3,1,lr1e-04_bs32_modL1_fusion32_fusionL1_drop0p2_trmiss80_trlocclin,32,0.0001,1,32,1,0.2,lr1e-04_bs32_modL1_fusion32_fusionL1_drop0p2_trmiss80_trlocclin,43,0.4704732298851013,0.6968103647232056,0.5821501014198783,0.7225397850054583,0.6086956521739131,0.0,0.0,0.0,0.0,2002,clin,0.8
3,1,lr1e-04_bs32_modL1_fusion32_fusionL1_drop0p2_trmiss80_trlocclin,32,0.0001,1,32,1,0.2,lr1e-04_bs32_modL1_fusion32_fusionL1_drop0p2_trmiss80_trlocclin,44,0.45975635945796967,0.6954711079597473,0.5821501014198783,0.7215490410611912,0.6086956521739131,0.0,0.0,0.0,0.0,2002,clin,0.8
3,1,lr1e-04_bs32_modL1_fusion32_fusionL1_drop0p1_trmiss80_trlocclin,32,0.0001,1,32,1,0.1,lr1e-04_bs32_modL1_fusion32_fusionL1_drop0p1_trmiss80_trlocclin,1,0.6901658574740092,0.7024985551834106,0.4908722109533469,0.6440195454880061,0.43478260869565216,0.0,0.0,0.0,0.0,2002,clin,0.8
3,1,lr1e-04_bs32_modL1_fusion32_fusionL1_drop0p1_trmiss80_trlocclin,32,0.0001,1,32,1,0.1,lr1e-04_bs32_modL1_fusion32_fusionL1_drop0p1_trmiss80_trlocclin,2,0.6424815158049265,0.7056593298912048,0.537525354969574,0.6797448989146991,0.5434782608695652,0.0,0.0,0.0,0.0,2002,clin,0.8
3,1,lr1e-04_bs32_modL1_fusion32_fusionL1_drop0p1_trmiss80_trlocclin,32,0.0001,1,32,1,0.1,lr1e-04_bs32_modL1_fusion32_fusionL1_drop0p1_trmiss80_trlocclin,3,0.6064108709494272,0.7115432620048523,0.5699797160243408,0.7062241261965116,0.5652173913043478,0.0,0.0,0.0,0.0,2002,clin,0.8
3,1,lr1e-04_bs32_modL1_fusion32_fusionL1_drop0p1_trmiss80_trlocclin,32,0.0001,1,32,1,0.1,lr1e-04_bs32_modL1_fusion32_fusionL1_drop0p1_trmiss80_trlocclin,4,0.5541843523581823,0.7182985246181488,0.5841784989858013,0.7134514013510052,0.5434782608695652,0.0,0.0,0.0,0.0,2002,clin,0.8
3,1,lr1e-04_bs32_modL1_fusion32_fusionL1_drop0p1_trmiss80_trlocclin,32,0.0001,1,32,1,0.1,lr1e-04_bs32_modL1_fusion32_fusionL1_drop0p1_trmiss80_trlocclin,5,0.5576247076193491,0.7227449119091034,0.5679513184584178,0.7220806899906504,0.5434782608695652,0.0,0.0,0.0,0.0,2002,clin,0.8
3,1,lr1e-04_bs32_modL1_fusion32_fusionL1_drop0p1_trmiss80_trlocclin,32,0.0001,1,32,1,0.1,lr1e-04_bs32_modL1_fusion32_fusionL1_drop0p1_trmiss80_trlocclin,6,0.531486377120018,0.7310509383678436,0.5740365111561867,0.7272245012181003,0.5217391304347826,0.0,0.0,0.0,0.0,2002,clin,0.8
3,1,lr1e-04_bs32_modL1_fusion32_fusionL1_drop0p1_trmiss80_trlocclin,32,0.0001,1,32,1,0.1,lr1e-04_bs32_modL1_fusion32_fusionL1_drop0p1_trmiss80_trlocclin,7,0.5108727713425955,0.7355475127696991,0.5821501014198783,0.7366707164486422,0.5,0.0,0.0,0.0,0.0,2002,clin,0.8
3,1,lr1e-04_bs32_modL1_fusion32_fusionL1_drop0p1_trmiss80_trlocclin,32,0.0001,1,32,1,0.1,lr1e-04_bs32_modL1_fusion32_fusionL1_drop0p1_trmiss80_trlocclin,8,0.48244332770506543,0.7372860610485077,0.5780933062880325,0.7268265488965638,0.5,0.0,0.0,0.0,0.0,2002,clin,0.8
3,1,lr1e-04_bs32_modL1_fusion32_fusionL1_drop0p1_trmiss80_trlocclin,32,0.0001,1,32,1,0.1,lr1e-04_bs32_modL1_fusion32_fusionL1_drop0p1_trmiss80_trlocclin,9,0.4987447261810303,0.7388463914394379,0.5841784989858013,0.7364324602266131,0.5,0.0,0.0,0.0,0.0,2002,clin,0.8
3,1,lr1e-04_bs32_modL1_fusion32_fusionL1_drop0p1_trmiss80_trlocclin,32,0.0001,1,32,1,0.1,lr1e-04_bs32_modL1_fusion32_fusionL1_drop0p1_trmiss80_trlocclin,10,0.4900614122549693,0.741328090429306,0.5780933062880325,0.7238561476503006,0.5217391304347826,0.0,0.0,0.0,0.0,2002,clin,0.8
3,1,lr1e-04_bs32_modL1_fusion32_fusionL1_drop0p1_trmiss80_trlocclin,32,0.0001,1,32,1,0.1,lr1e-04_bs32_modL1_fusion32_fusionL1_drop0p1_trmiss80_trlocclin,11,0.47649984061717987,0.7370164692401886,0.5801217038539555,0.7258433360326987,0.5217391304347826,0.0,0.0,0.0,0.0,2002,clin,0.8
3,1,lr1e-04_bs32_modL1_fusion32_fusionL1_drop0p1_trmiss80_trlocclin,32,0.0001,1,32,1,0.1,lr1e-04_bs32_modL1_fusion32_fusionL1_drop0p1_trmiss80_trlocclin,12,0.4567204962174098,0.7394918501377106,0.5720081135902637,0.7118514928058652,0.5217391304347826,0.0,0.0,0.0,0.0,2002,clin,0.8
3,1,lr1e-04_bs32_modL1_fusion32_fusionL1_drop0p1_trmiss80_trlocclin,32,0.0001,1,32,1,0.1,lr1e-04_bs32_modL1_fusion32_fusionL1_drop0p1_trmiss80_trlocclin,13,0.46917658547560376,0.740999311208725,0.5780933062880325,0.7234644640794711,0.5217391304347826,0.0,0.0,0.0,0.0,2002,clin,0.8
3,1,lr1e-04_bs32_modL1_fusion32_fusionL1_drop0p1_trmiss80_trlocclin,32,0.0001,1,32,1,0.1,lr1e-04_bs32_modL1_fusion32_fusionL1_drop0p1_trmiss80_trlocclin,14,0.45697571337223053,0.7353244423866272,0.5801217038539555,0.724271326658034,0.5434782608695652,0.0,0.0,0.0,0.0,2002,clin,0.8
3,1,lr1e-04_bs32_modL1_fusion32_fusionL1_drop0p1_trmiss80_trlocclin,32,0.0001,1,32,1,0.1,lr1e-04_bs32_modL1_fusion32_fusionL1_drop0p1_trmiss80_trlocclin,15,0.44516127308209735,0.7395517528057098,0.5699797160243407,0.7166043015034166,0.5434782608695652,0.0,0.0,0.0,0.0,2002,clin,0.8
3,1,lr1e-04_bs32_modL1_fusion32_fusionL1_drop0p1_trmiss80_trlocclin,32,0.0001,1,32,1,0.1,lr1e-04_bs32_modL1_fusion32_fusionL1_drop0p1_trmiss80_trlocclin,16,0.44211837152640027,0.7406196594238281,0.5679513184584178,0.7142796622839819,0.5434782608695652,0.0,0.0,0.0,0.0,2002,clin,0.8
3,1,lr1e-04_bs32_modL1_fusion32_fusionL1_drop0p1_trmiss80_trlocclin,32,0.0001,1,32,1,0.1,lr1e-04_bs32_modL1_fusion32_fusionL1_drop0p1_trmiss80_trlocclin,17,0.45887573063373566,0.7477657496929169,0.565922920892495,0.7117066813586329,0.5434782608695652,0.0,0.0,0.0,0.0,2002,clin,0.8
3,1,lr1e-04_bs32_modL1_fusion32_fusionL1_drop0p1_trmiss80_trlocclin,32,0.0001,1,32,1,0.1,lr1e-04_bs32_modL1_fusion32_fusionL1_drop0p1_trmiss80_trlocclin,18,0.4310635030269623,0.7480854988098145,0.5760649087221096,0.7198103996203528,0.5217391304347826,0.0,0.0,0.0,0.0,2002,clin,0.8
3,1,lr1e-04_bs32_modL1_fusion32_fusionL1_drop0p1_trmiss80_trlocclin,32,0.0001,1,32,1,0.1,lr1e-04_bs32_modL1_fusion32_fusionL1_drop0p1_trmiss80_trlocclin,19,0.4367659389972687,0.7479320466518402,0.5780933062880326,0.7113623159698703,0.5434782608695652,0.0,0.0,0.0,0.0,2002,clin,0.8
3,1,lr1e-04_bs32_modL1_fusion32_fusionL1_drop0p1_trmiss80_trlocclin,32,0.0001,1,32,1,0.1,lr1e-04_bs32_modL1_fusion32_fusionL1_drop0p1_trmiss80_trlocclin,20,0.4351116319497426,0.7424660921096802,0.5699797160243408,0.705101486377643,0.5434782608695652,0.0,0.0,0.0,0.0,2002,clin,0.8
3,1,lr1e-04_bs32_modL1_fusion32_fusionL1_drop0p1_trmiss80_trlocclin,32,0.0001,1,32,1,0.1,lr1e-04_bs32_modL1_fusion32_fusionL1_drop0p1_trmiss80_trlocclin,21,0.4250639130671819,0.7456873953342438,0.5720081135902637,0.7150449039475902,0.5217391304347826,0.0,0.0,0.0,0.0,2002,clin,0.8
3,1,lr1e-04_bs32_modL1_fusion32_fusionL1_drop0p1_trmiss80_trlocclin,32,0.0001,1,32,1,0.1,lr1e-04_bs32_modL1_fusion32_fusionL1_drop0p1_trmiss80_trlocclin,22,0.4371664772431056,0.7491870820522308,0.5618661257606491,0.7028182791647434,0.5217391304347826,0.0,0.0,0.0,0.0,2002,clin,0.8
3,1,lr1e-04_bs32_modL1_fusion32_fusionL1_drop0p1_trmiss80_trlocclin,32,0.0001,1,32,1,0.1,lr1e-04_bs32_modL1_fusion32_fusionL1_drop0p1_trmiss80_trlocclin,23,0.4465660701195399,0.7525840699672699,0.5598377281947262,0.7006104688993692,0.5,0.0,0.0,0.0,0.0,2002,clin,0.8
3,1,lr1e-04_bs32_modL1_fusion32_fusionL1_drop0p1_trmiss80_trlocclin,32,0.0001,1,32,1,0.1,lr1e-04_bs32_modL1_fusion32_fusionL1_drop0p1_trmiss80_trlocclin,24,0.4343116482098897,0.7590432465076447,0.5557809330628803,0.6925941360191525,0.5217391304347826,0.0,0.0,0.0,0.0,2002,clin,0.8
3,1,lr1e-04_bs32_modL1_fusion64_fusionL1_drop0p2_trmiss80_trlocclin,32,0.0001,1,64,1,0.2,lr1e-04_bs32_modL1_fusion64_fusionL1_drop0p2_trmiss80_trlocclin,1,0.6723358829816183,0.6777745485305786,0.5801217038539555,0.7308229460307095,0.6739130434782609,0.0,0.0,0.0,0.0,2002,clin,0.8
3,1,lr1e-04_bs32_modL1_fusion64_fusionL1_drop0p2_trmiss80_trlocclin,32,0.0001,1,64,1,0.2,lr1e-04_bs32_modL1_fusion64_fusionL1_drop0p2_trmiss80_trlocclin,2,0.6286157568295797,0.6775370836257935,0.5517241379310345,0.6706775919118932,0.5652173913043478,0.0,0.0,0.0,0.0,2002,clin,0.8
3,1,lr1e-04_bs32_modL1_fusion64_fusionL1_drop0p2_trmiss80_trlocclin,32,0.0001,1,64,1,0.2,lr1e-04_bs32_modL1_fusion64_fusionL1_drop0p2_trmiss80_trlocclin,3,0.6018386781215668,0.6805622577667236,0.5476673427991886,0.6964197861023528,0.5434782608695652,0.0,0.0,0.0,0.0,2002,clin,0.8
3,1,lr1e-04_bs32_modL1_fusion64_fusionL1_drop0p2_trmiss80_trlocclin,32,0.0001,1,64,1,0.2,lr1e-04_bs32_modL1_fusion64_fusionL1_drop0p2_trmiss80_trlocclin,4,0.5669263700644175,0.6851295232772827,0.5294117647058824,0.6913775344540604,0.5,0.0,0.0,0.0,0.0,2002,clin,0.8
3,1,lr1e-04_bs32_modL1_fusion64_fusionL1_drop0p2_trmiss80_trlocclin,32,0.0001,1,64,1,0.2,lr1e-04_bs32_modL1_fusion64_fusionL1_drop0p2_trmiss80_trlocclin,5,0.5584839185078939,0.6880101263523102,0.5253549695740365,0.7047246974595365,0.5434782608695652,0.0,0.0,0.0,0.0,2002,clin,0.8
3,1,lr1e-04_bs32_modL1_fusion64_fusionL1_drop0p2_trmiss80_trlocclin,32,0.0001,1,64,1,0.2,lr1e-04_bs32_modL1_fusion64_fusionL1_drop0p2_trmiss80_trlocclin,6,0.5488483707110087,0.6915283203125,0.515212981744422,0.7056195318924898,0.5652173913043478,0.0,0.0,0.0,0.0,2002,clin,0.8
3,1,lr1e-04_bs32_modL1_fusion64_fusionL1_drop0p2_trmiss80_trlocclin,32,0.0001,1,64,1,0.2,lr1e-04_bs32_modL1_fusion64_fusionL1_drop0p2_trmiss80_trlocclin,7,0.5321683833996455,0.6934752762317657,0.5091277890466531,0.7020383277935309,0.5217391304347826,0.0,0.0,0.0,0.0,2002,clin,0.8
3,1,lr1e-04_bs32_modL1_fusion64_fusionL1_drop0p2_trmiss80_trlocclin,32,0.0001,1,64,1,0.2,lr1e-04_bs32_modL1_fusion64_fusionL1_drop0p2_trmiss80_trlocclin,8,0.521756500005722,0.690272718667984,0.5091277890466531,0.6950895994731736,0.5434782608695652,0.0,0.0,0.0,0.0,2002,clin,0.8
3,1,lr1e-04_bs32_modL1_fusion64_fusionL1_drop0p2_trmiss80_trlocclin,32,0.0001,1,64,1,0.2,lr1e-04_bs32_modL1_fusion64_fusionL1_drop0p2_trmiss80_trlocclin,9,0.5165137350559235,0.687824010848999,0.511156186612576,0.6961657770706494,0.5217391304347826,0.0,0.0,0.0,0.0,2002,clin,0.8
3,1,lr1e-04_bs32_modL1_fusion64_fusionL1_drop0p2_trmiss80_trlocclin,32,0.0001,1,64,1,0.2,lr1e-04_bs32_modL1_fusion64_fusionL1_drop0p2_trmiss80_trlocclin,10,0.5144519905249277,0.6867706477642059,0.5233265720081136,0.7048139883162523,0.5652173913043478,0.0,0.0,0.0,0.0,2002,clin,0.8
3,1,lr1e-04_bs32_modL1_fusion64_fusionL1_drop0p2_trmiss80_trlocclin,32,0.0001,1,64,1,0.2,lr1e-04_bs32_modL1_fusion64_fusionL1_drop0p2_trmiss80_trlocclin,11,0.48792479435602826,0.6909178793430328,0.5091277890466531,0.7029461907201331,0.5652173913043478,0.0,0.0,0.0,0.0,2002,clin,0.8
3,1,lr1e-04_bs32_modL1_fusion64_fusionL1_drop0p2_trmiss80_trlocclin,32,0.0001,1,64,1,0.2,lr1e-04_bs32_modL1_fusion64_fusionL1_drop0p2_trmiss80_trlocclin,12,0.4790421376625697,0.6962433755397797,0.49898580121703856,0.7005607525199504,0.5434782608695652,0.0,0.0,0.0,0.0,2002,clin,0.8
3,1,lr1e-04_bs32_modL1_fusion64_fusionL1_drop0p2_trmiss80_trlocclin,32,0.0001,1,64,1,0.2,lr1e-04_bs32_modL1_fusion64_fusionL1_drop0p2_trmiss80_trlocclin,13,0.47327206532160443,0.6990375518798828,0.4989858012170386,0.702847163427051,0.5434782608695652,0.0,0.0,0.0,0.0,2002,clin,0.8
3,1,lr1e-04_bs32_modL1_fusion64_fusionL1_drop0p2_trmiss80_trlocclin,32,0.0001,1,64,1,0.2,lr1e-04_bs32_modL1_fusion64_fusionL1_drop0p2_trmiss80_trlocclin,14,0.4800729900598526,0.6993371546268463,0.5010141987829615,0.7023445470296772,0.5434782608695652,0.0,0.0,0.0,0.0,2002,clin,0.8
3,1,lr1e-04_bs32_modL1_fusion64_fusionL1_drop0p2_trmiss80_trlocclin,32,0.0001,1,64,1,0.2,lr1e-04_bs32_modL1_fusion64_fusionL1_drop0p2_trmiss80_trlocclin,15,0.47207283476988476,0.696395069360733,0.5050709939148074,0.6970274466634063,0.5434782608695652,0.0,0.0,0.0,0.0,2002,clin,0.8
3,1,lr1e-04_bs32_modL1_fusion64_fusionL1_drop0p2_trmiss80_trlocclin,32,0.0001,1,64,1,0.2,lr1e-04_bs32_modL1_fusion64_fusionL1_drop0p2_trmiss80_trlocclin,16,0.46011272569497425,0.6940759420394897,0.5212981744421907,0.6965828320879955,0.5217391304347826,0.0,0.0,0.0,0.0,2002,clin,0.8
3,1,lr1e-04_bs32_modL1_fusion64_fusionL1_drop0p2_trmiss80_trlocclin,32,0.0001,1,64,1,0.2,lr1e-04_bs32_modL1_fusion64_fusionL1_drop0p2_trmiss80_trlocclin,17,0.44710255165894824,0.6921173632144928,0.5152129817444219,0.6920689045010456,0.5217391304347826,0.0,0.0,0.0,0.0,2002,clin,0.8
3,1,lr1e-04_bs32_modL1_fusion64_fusionL1_drop0p2_trmiss80_trlocclin,32,0.0001,1,64,1,0.2,lr1e-04_bs32_modL1_fusion64_fusionL1_drop0p2_trmiss80_trlocclin,18,0.4538111786047618,0.6916148066520691,0.5172413793103449,0.6922592855010218,0.5,0.0,0.0,0.0,0.0,2002,clin,0.8
3,1,lr1e-04_bs32_modL1_fusion64_fusionL1_drop0p2_trmiss80_trlocclin,32,0.0001,1,64,1,0.2,lr1e-04_bs32_modL1_fusion64_fusionL1_drop0p2_trmiss80_trlocclin,19,0.4500143676996231,0.6932767629623413,0.5091277890466531,0.6881976319566095,0.5434782608695652,0.0,0.0,0.0,0.0,2002,clin,0.8
3,1,lr1e-04_bs32_modL1_fusion64_fusionL1_drop0p2_trmiss80_trlocclin,32,0.0001,1,64,1,0.2,lr1e-04_bs32_modL1_fusion64_fusionL1_drop0p2_trmiss80_trlocclin,20,0.46154112617174786,0.6956234276294708,0.5091277890466532,0.6885610440713829,0.5,0.0,0.0,0.0,0.0,2002,clin,0.8
3,1,lr1e-04_bs32_modL1_fusion64_fusionL1_drop0p2_trmiss80_trlocclin,32,0.0001,1,64,1,0.2,lr1e-04_bs32_modL1_fusion64_fusionL1_drop0p2_trmiss80_trlocclin,21,0.44184548656145733,0.6960899531841278,0.513184584178499,0.694232391346928,0.5217391304347826,0.0,0.0,0.0,0.0,2002,clin,0.8
3,1,lr1e-04_bs32_modL1_fusion64_fusionL1_drop0p1_trmiss80_trlocclin,32,0.0001,1,64,1,0.1,lr1e-04_bs32_modL1_fusion64_fusionL1_drop0p1_trmiss80_trlocclin,1,0.7000710467497507,0.7157179117202759,0.4969574036511156,0.651552092462014,0.5217391304347826,0.0,0.0,0.0,0.0,2002,clin,0.8
3,1,lr1e-04_bs32_modL1_fusion64_fusionL1_drop0p1_trmiss80_trlocclin,32,0.0001,1,64,1,0.1,lr1e-04_bs32_modL1_fusion64_fusionL1_drop0p1_trmiss80_trlocclin,2,0.6564882596333822,0.7221812307834625,0.48681541582150106,0.6436829241942912,0.45652173913043476,0.0,0.0,0.0,0.0,2002,clin,0.8
3,1,lr1e-04_bs32_modL1_fusion64_fusionL1_drop0p1_trmiss80_trlocclin,32,0.0001,1,64,1,0.1,lr1e-04_bs32_modL1_fusion64_fusionL1_drop0p1_trmiss80_trlocclin,3,0.6185017824172974,0.7259068787097931,0.5050709939148073,0.6586947873731235,0.5217391304347826,0.0,0.0,0.0,0.0,2002,clin,0.8
3,1,lr1e-04_bs32_modL1_fusion64_fusionL1_drop0p1_trmiss80_trlocclin,32,0.0001,1,64,1,0.1,lr1e-04_bs32_modL1_fusion64_fusionL1_drop0p1_trmiss80_trlocclin,4,0.5905638436476389,0.7320541441440582,0.5070993914807302,0.6594088793809847,0.4782608695652174,0.0,0.0,0.0,0.0,2002,clin,0.8
3,1,lr1e-04_bs32_modL1_fusion64_fusionL1_drop0p1_trmiss80_trlocclin,32,0.0001,1,64,1,0.1,lr1e-04_bs32_modL1_fusion64_fusionL1_drop0p1_trmiss80_trlocclin,5,0.5690006911754608,0.7341141402721405,0.513184584178499,0.673910204783079,0.5,0.0,0.0,0.0,0.0,2002,clin,0.8
3,1,lr1e-04_bs32_modL1_fusion64_fusionL1_drop0p1_trmiss80_trlocclin,32,0.0001,1,64,1,0.1,lr1e-04_bs32_modL1_fusion64_fusionL1_drop0p1_trmiss80_trlocclin,6,0.536294957002004,0.7348534762859344,0.5152129817444219,0.6754185644793727,0.45652173913043476,0.0,0.0,0.0,0.0,2002,clin,0.8
3,1,lr1e-04_bs32_modL1_fusion64_fusionL1_drop0p1_trmiss80_trlocclin,32,0.0001,1,64,1,0.1,lr1e-04_bs32_modL1_fusion64_fusionL1_drop0p1_trmiss80_trlocclin,7,0.5141533811887106,0.7386738657951355,0.5091277890466532,0.6723763982307369,0.5,0.0,0.0,0.0,0.0,2002,clin,0.8
3,1,lr1e-04_bs32_modL1_fusion64_fusionL1_drop0p1_trmiss80_trlocclin,32,0.0001,1,64,1,0.1,lr1e-04_bs32_modL1_fusion64_fusionL1_drop0p1_trmiss80_trlocclin,8,0.4996539254983266,0.7370313704013824,0.511156186612576,0.6715113779178075,0.5,0.0,0.0,0.0,0.0,2002,clin,0.8
3,1,lr1e-04_bs32_modL1_fusion64_fusionL1_drop0p1_trmiss80_trlocclin,32,0.0001,1,64,1,0.1,lr1e-04_bs32_modL1_fusion64_fusionL1_drop0p1_trmiss80_trlocclin,9,0.4899800221125285,0.7387911379337311,0.513184584178499,0.6755428003079493,0.5,0.0,0.0,0.0,0.0,2002,clin,0.8
3,1,lr1e-04_bs32_modL1_fusion64_fusionL1_drop0p1_trmiss80_trlocclin,32,0.0001,1,64,1,0.1,lr1e-04_bs32_modL1_fusion64_fusionL1_drop0p1_trmiss80_trlocclin,10,0.4875848591327667,0.7331590056419373,0.4989858012170385,0.6698947508413151,0.4782608695652174,0.0,0.0,0.0,0.0,2002,clin,0.8
3,1,lr1e-04_bs32_modL1_fusion64_fusionL1_drop0p1_trmiss80_trlocclin,32,0.0001,1,64,1,0.1,lr1e-04_bs32_modL1_fusion64_fusionL1_drop0p1_trmiss80_trlocclin,11,0.47471066812674206,0.7358615100383759,0.5010141987829615,0.6704010327392984,0.4782608695652174,0.0,0.0,0.0,0.0,2002,clin,0.8
3,1,lr1e-04_bs32_modL1_fusion64_fusionL1_drop0p1_trmiss80_trlocclin,32,0.0001,1,64,1,0.1,lr1e-04_bs32_modL1_fusion64_fusionL1_drop0p1_trmiss80_trlocclin,12,0.4754492888847987,0.7331438958644867,0.5070993914807302,0.6833845142605698,0.4782608695652174,0.0,0.0,0.0,0.0,2002,clin,0.8
3,1,lr1e-04_bs32_modL1_fusion64_fusionL1_drop0p1_trmiss80_trlocclin,32,0.0001,1,64,1,0.1,lr1e-04_bs32_modL1_fusion64_fusionL1_drop0p1_trmiss80_trlocclin,13,0.46745475629965466,0.7311683297157288,0.5152129817444219,0.6868248639602897,0.4782608695652174,0.0,0.0,0.0,0.0,2002,clin,0.8
3,1,lr1e-04_bs32_modL1_fusion64_fusionL1_drop0p1_trmiss80_trlocclin,32,0.0001,1,64,1,0.1,lr1e-04_bs32_modL1_fusion64_fusionL1_drop0p1_trmiss80_trlocclin,14,0.4576759338378906,0.7317938506603241,0.5172413793103448,0.688738042869839,0.5217391304347826,0.0,0.0,0.0,0.0,2002,clin,0.8
3,1,lr1e-04_bs32_modL1_fusion64_fusionL1_drop0p1_trmiss80_trlocclin,32,0.0001,1,64,1,0.1,lr1e-04_bs32_modL1_fusion64_fusionL1_drop0p1_trmiss80_trlocclin,15,0.44976426164309186,0.7266452014446259,0.511156186612576,0.6867614911856411,0.5217391304347826,0.0,0.0,0.0,0.0,2002,clin,0.8
3,1,lr1e-04_bs32_modL1_fusion64_fusionL1_drop0p1_trmiss80_trlocclin,32,0.0001,1,64,1,0.1,lr1e-04_bs32_modL1_fusion64_fusionL1_drop0p1_trmiss80_trlocclin,16,0.44406381746133167,0.7223592698574066,0.5172413793103449,0.6914763814847923,0.5,0.0,0.0,0.0,0.0,2002,clin,0.8
3,1,lr1e-04_bs32_modL1_fusion64_fusionL1_drop0p1_trmiss80_trlocclin,32,0.0001,1,64,1,0.1,lr1e-04_bs32_modL1_fusion64_fusionL1_drop0p1_trmiss80_trlocclin,17,0.4400605807701747,0.7199305891990662,0.515212981744422,0.6937611337695445,0.4782608695652174,0.0,0.0,0.0,0.0,2002,clin,0.8
3,1,lr1e-04_bs32_modL1_fusion64_fusionL1_drop0p1_trmiss80_trlocclin,32,0.0001,1,64,1,0.1,lr1e-04_bs32_modL1_fusion64_fusionL1_drop0p1_trmiss80_trlocclin,18,0.4375444899002711,0.7196512520313263,0.5212981744421907,0.6960939996237748,0.4782608695652174,0.0,0.0,0.0,0.0,2002,clin,0.8
3,1,lr1e-04_bs32_modL1_fusion64_fusionL1_drop0p1_trmiss80_trlocclin,32,0.0001,1,64,1,0.1,lr1e-04_bs32_modL1_fusion64_fusionL1_drop0p1_trmiss80_trlocclin,19,0.436823050181071,0.7200696468353271,0.5273833671399595,0.7014430797628496,0.4782608695652174,0.0,0.0,0.0,0.0,2002,clin,0.8
3,1,lr1e-04_bs32_modL1_fusion64_fusionL1_drop0p1_trmiss80_trlocclin,32,0.0001,1,64,1,0.1,lr1e-04_bs32_modL1_fusion64_fusionL1_drop0p1_trmiss80_trlocclin,20,0.42407381037871045,0.7213563621044159,0.5294117647058824,0.7023626199927347,0.45652173913043476,0.0,0.0,0.0,0.0,2002,clin,0.8
3,1,lr1e-04_bs32_modL1_fusion64_fusionL1_drop0p1_trmiss80_trlocclin,32,0.0001,1,64,1,0.1,lr1e-04_bs32_modL1_fusion64_fusionL1_drop0p1_trmiss80_trlocclin,21,0.4188596308231354,0.7210305035114288,0.5212981744421907,0.6987300251605909,0.45652173913043476,0.0,0.0,0.0,0.0,2002,clin,0.8
3,1,lr1e-04_bs32_modL1_fusion64_fusionL1_drop0p1_trmiss80_trlocclin,32,0.0001,1,64,1,0.1,lr1e-04_bs32_modL1_fusion64_fusionL1_drop0p1_trmiss80_trlocclin,22,0.41405315697193146,0.7206942737102509,0.5273833671399595,0.7008752659042744,0.45652173913043476,0.0,0.0,0.0,0.0,2002,clin,0.8
3,1,lr1e-04_bs32_modL1_fusion64_fusionL1_drop0p1_trmiss80_trlocclin,32,0.0001,1,64,1,0.1,lr1e-04_bs32_modL1_fusion64_fusionL1_drop0p1_trmiss80_trlocclin,23,0.4227649172147115,0.7213397324085236,0.5273833671399595,0.7008752659042744,0.45652173913043476,0.0,0.0,0.0,0.0,2002,clin,0.8
3,1,lr1e-04_bs32_modL1_fusion64_fusionL1_drop0p1_trmiss80_trlocclin,32,0.0001,1,64,1,0.1,lr1e-04_bs32_modL1_fusion64_fusionL1_drop0p1_trmiss80_trlocclin,24,0.4313395470380783,0.7224231958389282,0.5273833671399595,0.7002101428880786,0.45652173913043476,0.0,0.0,0.0,0.0,2002,clin,0.8
3,1,lr1e-04_bs32_modL1_fusion64_fusionL1_drop0p1_trmiss80_trlocclin,32,0.0001,1,64,1,0.1,lr1e-04_bs32_modL1_fusion64_fusionL1_drop0p1_trmiss80_trlocclin,25,0.41037122905254364,0.7212816774845123,0.5253549695740365,0.7010834075544466,0.45652173913043476,0.0,0.0,0.0,0.0,2002,clin,0.8
3,1,lr1e-04_bs32_modL1_fusion64_fusionL1_drop0p1_trmiss80_trlocclin,32,0.0001,1,64,1,0.1,lr1e-04_bs32_modL1_fusion64_fusionL1_drop0p1_trmiss80_trlocclin,26,0.40420199433962506,0.7211277186870575,0.5253549695740365,0.7020585243916323,0.4782608695652174,0.0,0.0,0.0,0.0,2002,clin,0.8
3,1,lr1e-04_bs32_modL1_fusion64_fusionL1_drop0p1_trmiss80_trlocclin,32,0.0001,1,64,1,0.1,lr1e-04_bs32_modL1_fusion64_fusionL1_drop0p1_trmiss80_trlocclin,27,0.41229259471098584,0.7217364609241486,0.5233265720081136,0.7001638673245615,0.4782608695652174,0.0,0.0,0.0,0.0,2002,clin,0.8
3,1,lr1e-04_bs32_modL1_fusion64_fusionL1_drop0p1_trmiss80_trlocclin,32,0.0001,1,64,1,0.1,lr1e-04_bs32_modL1_fusion64_fusionL1_drop0p1_trmiss80_trlocclin,28,0.4100893686215083,0.7214869260787964,0.5253549695740365,0.7004023206131303,0.45652173913043476,0.0,0.0,0.0,0.0,2002,clin,0.8
3,1,lr1e-04_bs32_modL1_fusion64_fusionL1_drop0p1_trmiss80_trlocclin,32,0.0001,1,64,1,0.1,lr1e-04_bs32_modL1_fusion64_fusionL1_drop0p1_trmiss80_trlocclin,29,0.4105839679638545,0.7200797498226166,0.5273833671399595,0.7017968439397023,0.45652173913043476,0.0,0.0,0.0,0.0,2002,clin,0.8
3,1,lr1e-04_bs32_modL1_fusion64_fusionL1_drop0p1_trmiss80_trlocclin,32,0.0001,1,64,1,0.1,lr1e-04_bs32_modL1_fusion64_fusionL1_drop0p1_trmiss80_trlocclin,30,0.4079168190558751,0.7198873460292816,0.5253549695740365,0.7007928934708291,0.4782608695652174,0.0,0.0,0.0,0.0,2002,clin,0.8
3,1,lr1e-04_bs32_modL1_fusion64_fusionL1_drop0p1_trmiss80_trlocclin,32,0.0001,1,64,1,0.1,lr1e-04_bs32_modL1_fusion64_fusionL1_drop0p1_trmiss80_trlocclin,31,0.39482104281584424,0.7204020023345947,0.5273833671399595,0.7017968439397023,0.5217391304347826,0.0,0.0,0.0,0.0,2002,clin,0.8
3,1,lr1e-04_bs32_modL1_fusion64_fusionL1_drop0p1_trmiss80_trlocclin,32,0.0001,1,64,1,0.1,lr1e-04_bs32_modL1_fusion64_fusionL1_drop0p1_trmiss80_trlocclin,32,0.4040789653857549,0.7216041684150696,0.5212981744421907,0.6980649021443951,0.4782608695652174,0.0,0.0,0.0,0.0,2002,clin,0.8
3,1,lr1e-04_bs32_modL1_fusion64_fusionL1_drop0p1_trmiss80_trlocclin,32,0.0001,1,64,1,0.1,lr1e-04_bs32_modL1_fusion64_fusionL1_drop0p1_trmiss80_trlocclin,33,0.4155484586954117,0.7226902544498444,0.5192697768762677,0.6982460700486867,0.45652173913043476,0.0,0.0,0.0,0.0,2002,clin,0.8
3,1,lr1e-04_bs32_modL1_fusion64_fusionL1_drop0p1_trmiss80_trlocclin,32,0.0001,1,64,1,0.1,lr1e-04_bs32_modL1_fusion64_fusionL1_drop0p1_trmiss80_trlocclin,34,0.41173403958479565,0.7217452824115753,0.5212981744421907,0.6980649021443951,0.45652173913043476,0.0,0.0,0.0,0.0,2002,clin,0.8
3,1,lr1e-04_bs32_modL1_fusion64_fusionL1_drop0p1_trmiss80_trlocclin,32,0.0001,1,64,1,0.1,lr1e-04_bs32_modL1_fusion64_fusionL1_drop0p1_trmiss80_trlocclin,35,0.4070739795764287,0.7210909128189087,0.5172413793103449,0.6941625418272274,0.4782608695652174,0.0,0.0,0.0,0.0,2002,clin,0.8
3,1,lr1e-04_bs32_modL1_fusion64_fusionL1_drop0p1_trmiss80_trlocclin,32,0.0001,1,64,1,0.1,lr1e-04_bs32_modL1_fusion64_fusionL1_drop0p1_trmiss80_trlocclin,36,0.3883141328891118,0.7200504839420319,0.5233265720081135,0.7016849611732415,0.43478260869565216,0.0,0.0,0.0,0.0,2002,clin,0.8
3,1,lr1e-04_bs32_modL1_fusion64_fusionL1_drop0p1_trmiss80_trlocclin,32,0.0001,1,64,1,0.1,lr1e-04_bs32_modL1_fusion64_fusionL1_drop0p1_trmiss80_trlocclin,37,0.4086533188819885,0.7206294238567352,0.5253549695740365,0.7038953944181575,0.43478260869565216,0.0,0.0,0.0,0.0,2002,clin,0.8
3,1,lr1e-04_bs32_modL1_fusion64_fusionL1_drop0p1_trmiss80_trlocclin,32,0.0001,1,64,1,0.1,lr1e-04_bs32_modL1_fusion64_fusionL1_drop0p1_trmiss80_trlocclin,38,0.42073868711789447,0.7218119502067566,0.5253549695740365,0.7038953944181575,0.43478260869565216,0.0,0.0,0.0,0.0,2002,clin,0.8
3,1,lr1e-04_bs32_modL1_fusion64_fusionL1_drop0p1_trmiss80_trlocclin,32,0.0001,1,64,1,0.1,lr1e-04_bs32_modL1_fusion64_fusionL1_drop0p1_trmiss80_trlocclin,39,0.4003726790348689,0.7202171385288239,0.5233265720081135,0.7016849611732415,0.45652173913043476,0.0,0.0,0.0,0.0,2002,clin,0.8
3,1,lr1e-04_bs32_modL1_fusion64_fusionL1_drop0p1_trmiss80_trlocclin,32,0.0001,1,64,1,0.1,lr1e-04_bs32_modL1_fusion64_fusionL1_drop0p1_trmiss80_trlocclin,40,0.4112251202265422,0.7221028506755829,0.5172413793103448,0.6982929684827947,0.43478260869565216,0.0,0.0,0.0,0.0,2002,clin,0.8
3,2,lr5e-05_bs16_modL1_fusion32_fusionL1_drop0p2_trmiss80_trlocclin,16,5e-05,1,32,1,0.2,lr5e-05_bs16_modL1_fusion32_fusionL1_drop0p2_trmiss80_trlocclin,1,0.6778626243273417,0.6850284337997437,0.46638655462184875,0.6517139148275807,0.5333333333333333,0.0,0.0,0.0,0.0,2002,clin,0.8
3,2,lr5e-05_bs16_modL1_fusion32_fusionL1_drop0p2_trmiss80_trlocclin,16,5e-05,1,32,1,0.2,lr5e-05_bs16_modL1_fusion32_fusionL1_drop0p2_trmiss80_trlocclin,2,0.6352612127860388,0.6838956077893575,0.47268907563025214,0.6362249460926492,0.5777777777777777,0.0,0.0,0.0,0.0,2002,clin,0.8
3,2,lr5e-05_bs16_modL1_fusion32_fusionL1_drop0p2_trmiss80_trlocclin,16,5e-05,1,32,1,0.2,lr5e-05_bs16_modL1_fusion32_fusionL1_drop0p2_trmiss80_trlocclin,3,0.6271892637014389,0.6809905370076498,0.5168067226890756,0.6500412974464823,0.5555555555555556,0.0,0.0,0.0,0.0,2002,clin,0.8
3,2,lr5e-05_bs16_modL1_fusion32_fusionL1_drop0p2_trmiss80_trlocclin,16,5e-05,1,32,1,0.2,lr5e-05_bs16_modL1_fusion32_fusionL1_drop0p2_trmiss80_trlocclin,4,0.633666197458903,0.6805235942204794,0.5168067226890756,0.6205239440494807,0.6,0.0,0.0,0.0,0.0,2002,clin,0.8
3,2,lr5e-05_bs16_modL1_fusion32_fusionL1_drop0p2_trmiss80_trlocclin,16,5e-05,1,32,1,0.2,lr5e-05_bs16_modL1_fusion32_fusionL1_drop0p2_trmiss80_trlocclin,5,0.5995877782503763,0.6776044567426046,0.523109243697479,0.6288653604368043,0.6222222222222222,0.0,0.0,0.0,0.0,2002,clin,0.8
3,2,lr5e-05_bs16_modL1_fusion32_fusionL1_drop0p2_trmiss80_trlocclin,16,5e-05,1,32,1,0.2,lr5e-05_bs16_modL1_fusion32_fusionL1_drop0p2_trmiss80_trlocclin,6,0.6091882834831873,0.6705276370048523,0.5357142857142857,0.6444078442154716,0.6222222222222222,0.0,0.0,0.0,0.0,2002,clin,0.8
3,2,lr5e-05_bs16_modL1_fusion32_fusionL1_drop0p2_trmiss80_trlocclin,16,5e-05,1,32,1,0.2,lr5e-05_bs16_modL1_fusion32_fusionL1_drop0p2_trmiss80_trlocclin,7,0.594886044661204,0.6716533303260803,0.5546218487394957,0.6557753875756224,0.6444444444444445,0.0,0.0,0.0,0.0,2002,clin,0.8
3,2,lr5e-05_bs16_modL1_fusion32_fusionL1_drop0p2_trmiss80_trlocclin,16,5e-05,1,32,1,0.2,lr5e-05_bs16_modL1_fusion32_fusionL1_drop0p2_trmiss80_trlocclin,8,0.5704412087798119,0.6703470150629679,0.5630252100840336,0.6617669516913304,0.6222222222222222,0.0,0.0,0.0,0.0,2002,clin,0.8
3,2,lr5e-05_bs16_modL1_fusion32_fusionL1_drop0p2_trmiss80_trlocclin,16,5e-05,1,32,1,0.2,lr5e-05_bs16_modL1_fusion32_fusionL1_drop0p2_trmiss80_trlocclin,9,0.5541324516137441,0.6671831409136454,0.5819327731092436,0.668061325059668,0.6444444444444445,0.0,0.0,0.0,0.0,2002,clin,0.8
3,2,lr5e-05_bs16_modL1_fusion32_fusionL1_drop0p2_trmiss80_trlocclin,16,5e-05,1,32,1,0.2,lr5e-05_bs16_modL1_fusion32_fusionL1_drop0p2_trmiss80_trlocclin,10,0.5660556281606356,0.6651673118273417,0.615546218487395,0.6765329944662661,0.6444444444444445,0.0,0.0,0.0,0.0,2002,clin,0.8
3,2,lr5e-05_bs16_modL1_fusion32_fusionL1_drop0p2_trmiss80_trlocclin,16,5e-05,1,32,1,0.2,lr5e-05_bs16_modL1_fusion32_fusionL1_drop0p2_trmiss80_trlocclin,11,0.5645780662695566,0.6642720103263855,0.6260504201680672,0.6868169361189947,0.6888888888888889,0.0,0.0,0.0,0.0,2002,clin,0.8
3,2,lr5e-05_bs16_modL1_fusion32_fusionL1_drop0p2_trmiss80_trlocclin,16,5e-05,1,32,1,0.2,lr5e-05_bs16_modL1_fusion32_fusionL1_drop0p2_trmiss80_trlocclin,12,0.5206792280077934,0.6613900661468506,0.6239495798319328,0.6794997851997955,0.6444444444444445,0.0,0.0,0.0,0.0,2002,clin,0.8
3,2,lr5e-05_bs16_modL1_fusion32_fusionL1_drop0p2_trmiss80_trlocclin,16,5e-05,1,32,1,0.2,lr5e-05_bs16_modL1_fusion32_fusionL1_drop0p2_trmiss80_trlocclin,13,0.5232967808842659,0.6628472208976746,0.6113445378151261,0.6734620814087977,0.6888888888888889,0.0,0.0,0.0,0.0,2002,clin,0.8
3,2,lr5e-05_bs16_modL1_fusion32_fusionL1_drop0p2_trmiss80_trlocclin,16,5e-05,1,32,1,0.2,lr5e-05_bs16_modL1_fusion32_fusionL1_drop0p2_trmiss80_trlocclin,14,0.5168773010373116,0.6633021831512451,0.6218487394957983,0.6717584726192153,0.6444444444444445,0.0,0.0,0.0,0.0,2002,clin,0.8
3,2,lr5e-05_bs16_modL1_fusion32_fusionL1_drop0p2_trmiss80_trlocclin,16,5e-05,1,32,1,0.2,lr5e-05_bs16_modL1_fusion32_fusionL1_drop0p2_trmiss80_trlocclin,15,0.5120122730731964,0.6607537070910136,0.6302521008403361,0.6786623970491283,0.6888888888888889,0.0,0.0,0.0,0.0,2002,clin,0.8
3,2,lr5e-05_bs16_modL1_fusion32_fusionL1_drop0p2_trmiss80_trlocclin,16,5e-05,1,32,1,0.2,lr5e-05_bs16_modL1_fusion32_fusionL1_drop0p2_trmiss80_trlocclin,16,0.5267652347683907,0.6630037824312845,0.6386554621848739,0.6868745402257953,0.6888888888888889,0.0,0.0,0.0,0.0,2002,clin,0.8
3,2,lr5e-05_bs16_modL1_fusion32_fusionL1_drop0p2_trmiss80_trlocclin,16,5e-05,1,32,1,0.2,lr5e-05_bs16_modL1_fusion32_fusionL1_drop0p2_trmiss80_trlocclin,17,0.5049600129326185,0.6553824146588644,0.6596638655462186,0.7071675193647983,0.6666666666666666,0.0,0.0,0.0,0.0,2002,clin,0.8
3,2,lr5e-05_bs16_modL1_fusion32_fusionL1_drop0p2_trmiss80_trlocclin,16,5e-05,1,32,1,0.2,lr5e-05_bs16_modL1_fusion32_fusionL1_drop0p2_trmiss80_trlocclin,18,0.492166168987751,0.6522467335065206,0.6512605042016807,0.6976874333710332,0.6666666666666666,0.0,0.0,0.0,0.0,2002,clin,0.8
3,2,lr5e-05_bs16_modL1_fusion32_fusionL1_drop0p2_trmiss80_trlocclin,16,5e-05,1,32,1,0.2,lr5e-05_bs16_modL1_fusion32_fusionL1_drop0p2_trmiss80_trlocclin,19,0.49958954254786175,0.6520650188128153,0.6407563025210085,0.6977403056978034,0.6666666666666666,0.0,0.0,0.0,0.0,2002,clin,0.8
3,2,lr5e-05_bs16_modL1_fusion32_fusionL1_drop0p2_trmiss80_trlocclin,16,5e-05,1,32,1,0.2,lr5e-05_bs16_modL1_fusion32_fusionL1_drop0p2_trmiss80_trlocclin,20,0.4823022236426671,0.6530421773592631,0.6638655462184874,0.7013351386288936,0.7111111111111111,0.0,0.0,0.0,0.0,2002,clin,0.8
3,2,lr5e-05_bs16_modL1_fusion32_fusionL1_drop0p2_trmiss80_trlocclin,16,5e-05,1,32,1,0.2,lr5e-05_bs16_modL1_fusion32_fusionL1_drop0p2_trmiss80_trlocclin,21,0.4870070864756902,0.658089299996694,0.6323529411764706,0.6858972163668159,0.7111111111111111,0.0,0.0,0.0,0.0,2002,clin,0.8
3,2,lr5e-05_bs16_modL1_fusion32_fusionL1_drop0p2_trmiss80_trlocclin,16,5e-05,1,32,1,0.2,lr5e-05_bs16_modL1_fusion32_fusionL1_drop0p2_trmiss80_trlocclin,22,0.507085474828879,0.6614517172177633,0.6386554621848739,0.6864981615588364,0.7111111111111111,0.0,0.0,0.0,0.0,2002,clin,0.8
3,2,lr5e-05_bs16_modL1_fusion32_fusionL1_drop0p2_trmiss80_trlocclin,16,5e-05,1,32,1,0.2,lr5e-05_bs16_modL1_fusion32_fusionL1_drop0p2_trmiss80_trlocclin,23,0.4801816865801811,0.6544723709424337,0.6512605042016806,0.7063334727998547,0.6888888888888889,0.0,0.0,0.0,0.0,2002,clin,0.8
3,2,lr5e-05_bs16_modL1_fusion32_fusionL1_drop0p2_trmiss80_trlocclin,16,5e-05,1,32,1,0.2,lr5e-05_bs16_modL1_fusion32_fusionL1_drop0p2_trmiss80_trlocclin,24,0.4748080049951871,0.6528934836387634,0.6512605042016807,0.7094544672766723,0.6444444444444445,0.0,0.0,0.0,0.0,2002,clin,0.8
3,2,lr5e-05_bs16_modL1_fusion32_fusionL1_drop0p2_trmiss80_trlocclin,16,5e-05,1,32,1,0.2,lr5e-05_bs16_modL1_fusion32_fusionL1_drop0p2_trmiss80_trlocclin,25,0.48993684599796933,0.6484569509824117,0.6554621848739496,0.7120394628386211,0.6444444444444445,0.0,0.0,0.0,0.0,2002,clin,0.8
3,2,lr5e-05_bs16_modL1_fusion32_fusionL1_drop0p2_trmiss80_trlocclin,16,5e-05,1,32,1,0.2,lr5e-05_bs16_modL1_fusion32_fusionL1_drop0p2_trmiss80_trlocclin,26,0.4750327467918396,0.6444586118062338,0.6785714285714286,0.7218042949964314,0.7111111111111111,0.0,0.0,0.0,0.0,2002,clin,0.8
3,2,lr5e-05_bs16_modL1_fusion32_fusionL1_drop0p2_trmiss80_trlocclin,16,5e-05,1,32,1,0.2,lr5e-05_bs16_modL1_fusion32_fusionL1_drop0p2_trmiss80_trlocclin,27,0.4416123107075691,0.6480088233947754,0.6554621848739496,0.6986749376654126,0.6888888888888889,0.0,0.0,0.0,0.0,2002,clin,0.8
3,2,lr5e-05_bs16_modL1_fusion32_fusionL1_drop0p2_trmiss80_trlocclin,16,5e-05,1,32,1,0.2,lr5e-05_bs16_modL1_fusion32_fusionL1_drop0p2_trmiss80_trlocclin,28,0.46505777537822723,0.6467950344085693,0.6659663865546219,0.7137641522383228,0.6666666666666666,0.0,0.0,0.0,0.0,2002,clin,0.8
3,2,lr5e-05_bs16_modL1_fusion32_fusionL1_drop0p2_trmiss80_trlocclin,16,5e-05,1,32,1,0.2,lr5e-05_bs16_modL1_fusion32_fusionL1_drop0p2_trmiss80_trlocclin,29,0.44384563465913135,0.6441004077593485,0.6827731092436975,0.7338831711173727,0.6666666666666666,0.0,0.0,0.0,0.0,2002,clin,0.8
3,2,lr5e-05_bs16_modL1_fusion32_fusionL1_drop0p2_trmiss80_trlocclin,16,5e-05,1,32,1,0.2,lr5e-05_bs16_modL1_fusion32_fusionL1_drop0p2_trmiss80_trlocclin,30,0.43858486165603,0.6479318539301554,0.6638655462184874,0.7035088809237762,0.7111111111111111,0.0,0.0,0.0,0.0,2002,clin,0.8
3,2,lr5e-05_bs16_modL1_fusion32_fusionL1_drop0p2_trmiss80_trlocclin,16,5e-05,1,32,1,0.2,lr5e-05_bs16_modL1_fusion32_fusionL1_drop0p2_trmiss80_trlocclin,31,0.42018643269936246,0.6468390425046285,0.6323529411764706,0.6892938373926611,0.6444444444444445,0.0,0.0,0.0,0.0,2002,clin,0.8
3,2,lr5e-05_bs16_modL1_fusion32_fusionL1_drop0p2_trmiss80_trlocclin,16,5e-05,1,32,1,0.2,lr5e-05_bs16_modL1_fusion32_fusionL1_drop0p2_trmiss80_trlocclin,32,0.4233117401599884,0.6425044337908427,0.6491596638655461,0.7022969794138294,0.6666666666666666,0.0,0.0,0.0,0.0,2002,clin,0.8
3,2,lr5e-05_bs16_modL1_fusion32_fusionL1_drop0p2_trmiss80_trlocclin,16,5e-05,1,32,1,0.2,lr5e-05_bs16_modL1_fusion32_fusionL1_drop0p2_trmiss80_trlocclin,33,0.4325173447529475,0.6490599314371744,0.6512605042016806,0.6892557818298385,0.6444444444444445,0.0,0.0,0.0,0.0,2002,clin,0.8
3,2,lr5e-05_bs16_modL1_fusion32_fusionL1_drop0p2_trmiss80_trlocclin,16,5e-05,1,32,1,0.2,lr5e-05_bs16_modL1_fusion32_fusionL1_drop0p2_trmiss80_trlocclin,34,0.43381230781475705,0.6468849778175354,0.6491596638655462,0.6805216984883278,0.6888888888888889,0.0,0.0,0.0,0.0,2002,clin,0.8
3,2,lr5e-05_bs16_modL1_fusion32_fusionL1_drop0p2_trmiss80_trlocclin,16,5e-05,1,32,1,0.2,lr5e-05_bs16_modL1_fusion32_fusionL1_drop0p2_trmiss80_trlocclin,35,0.4010683248440425,0.6474573214848837,0.6428571428571429,0.6739129889406508,0.6666666666666666,0.0,0.0,0.0,0.0,2002,clin,0.8
3,2,lr5e-05_bs16_modL1_fusion32_fusionL1_drop0p2_trmiss80_trlocclin,16,5e-05,1,32,1,0.2,lr5e-05_bs16_modL1_fusion32_fusionL1_drop0p2_trmiss80_trlocclin,36,0.4079617088039716,0.6517956455548605,0.6407563025210085,0.681848754372323,0.6888888888888889,0.0,0.0,0.0,0.0,2002,clin,0.8
3,2,lr5e-05_bs16_modL1_fusion32_fusionL1_drop0p2_trmiss80_trlocclin,16,5e-05,1,32,1,0.2,lr5e-05_bs16_modL1_fusion32_fusionL1_drop0p2_trmiss80_trlocclin,37,0.4069046378135681,0.6494877735773722,0.6386554621848739,0.6831281672307467,0.6666666666666666,0.0,0.0,0.0,0.0,2002,clin,0.8
3,2,lr5e-05_bs16_modL1_fusion32_fusionL1_drop0p2_trmiss80_trlocclin,16,5e-05,1,32,1,0.2,lr5e-05_bs16_modL1_fusion32_fusionL1_drop0p2_trmiss80_trlocclin,38,0.3955512270331383,0.6541256507237753,0.615546218487395,0.6750252704820086,0.6666666666666666,0.0,0.0,0.0,0.0,2002,clin,0.8
3,2,lr5e-05_bs16_modL1_fusion32_fusionL1_drop0p2_trmiss80_trlocclin,16,5e-05,1,32,1,0.2,lr5e-05_bs16_modL1_fusion32_fusionL1_drop0p2_trmiss80_trlocclin,39,0.38796238601207733,0.6559117436408997,0.6281512605042017,0.6860151471876422,0.6666666666666666,0.0,0.0,0.0,0.0,2002,clin,0.8
3,2,lr5e-05_bs16_modL1_fusion32_fusionL1_drop0p2_trmiss80_trlocclin,16,5e-05,1,32,1,0.2,lr5e-05_bs16_modL1_fusion32_fusionL1_drop0p2_trmiss80_trlocclin,40,0.3917607640226682,0.6542686025301615,0.6176470588235294,0.6708513442652194,0.6666666666666666,0.0,0.0,0.0,0.0,2002,clin,0.8
3,2,lr5e-05_bs16_modL1_fusion32_fusionL1_drop0p2_trmiss80_trlocclin,16,5e-05,1,32,1,0.2,lr5e-05_bs16_modL1_fusion32_fusionL1_drop0p2_trmiss80_trlocclin,41,0.37557172030210495,0.6524410247802734,0.6260504201680672,0.6708458596758191,0.6666666666666666,0.0,0.0,0.0,0.0,2002,clin,0.8
3,2,lr5e-05_bs16_modL1_fusion32_fusionL1_drop0p2_trmiss80_trlocclin,16,5e-05,1,32,1,0.2,lr5e-05_bs16_modL1_fusion32_fusionL1_drop0p2_trmiss80_trlocclin,42,0.37281787643829983,0.6459845701853434,0.6302521008403361,0.6691017352098291,0.6666666666666666,0.0,0.0,0.0,0.0,2002,clin,0.8
3,2,lr5e-05_bs16_modL1_fusion32_fusionL1_drop0p2_trmiss80_trlocclin,16,5e-05,1,32,1,0.2,lr5e-05_bs16_modL1_fusion32_fusionL1_drop0p2_trmiss80_trlocclin,43,0.38274191568295163,0.6494973301887512,0.6323529411764706,0.6700858197080342,0.6666666666666666,0.0,0.0,0.0,0.0,2002,clin,0.8
3,2,lr5e-05_bs16_modL1_fusion32_fusionL1_drop0p2_trmiss80_trlocclin,16,5e-05,1,32,1,0.2,lr5e-05_bs16_modL1_fusion32_fusionL1_drop0p2_trmiss80_trlocclin,44,0.39656595637400943,0.6577568054199219,0.6365546218487395,0.687519103726705,0.6666666666666666,0.0,0.0,0.0,0.0,2002,clin,0.8
3,2,lr5e-05_bs16_modL1_fusion32_fusionL1_drop0p2_trmiss80_trlocclin,16,5e-05,1,32,1,0.2,lr5e-05_bs16_modL1_fusion32_fusionL1_drop0p2_trmiss80_trlocclin,45,0.37688880662123364,0.6572965184847513,0.6365546218487395,0.6881842280760399,0.6666666666666666,0.0,0.0,0.0,0.0,2002,clin,0.8
3,2,lr5e-05_bs16_modL1_fusion32_fusionL1_drop0p2_trmiss80_trlocclin,16,5e-05,1,32,1,0.2,lr5e-05_bs16_modL1_fusion32_fusionL1_drop0p2_trmiss80_trlocclin,46,0.3600010300676028,0.6473748286565145,0.6470588235294118,0.6927863068979618,0.6444444444444445,0.0,0.0,0.0,0.0,2002,clin,0.8
3,2,lr5e-05_bs16_modL1_fusion32_fusionL1_drop0p2_trmiss80_trlocclin,16,5e-05,1,32,1,0.2,lr5e-05_bs16_modL1_fusion32_fusionL1_drop0p2_trmiss80_trlocclin,47,0.3873647327224414,0.6425668001174927,0.6407563025210085,0.6884261211413577,0.6444444444444445,0.0,0.0,0.0,0.0,2002,clin,0.8
3,2,lr5e-05_bs16_modL1_fusion32_fusionL1_drop0p2_trmiss80_trlocclin,16,5e-05,1,32,1,0.2,lr5e-05_bs16_modL1_fusion32_fusionL1_drop0p2_trmiss80_trlocclin,48,0.3789011090993881,0.6510855952898661,0.6302521008403361,0.6671581388627332,0.6666666666666666,0.0,0.0,0.0,0.0,2002,clin,0.8
3,2,lr5e-05_bs16_modL1_fusion32_fusionL1_drop0p2_trmiss80_trlocclin,16,5e-05,1,32,1,0.2,lr5e-05_bs16_modL1_fusion32_fusionL1_drop0p2_trmiss80_trlocclin,49,0.38727521896362305,0.6569850444793701,0.6239495798319328,0.6687578450991476,0.6666666666666666,0.0,0.0,0.0,0.0,2002,clin,0.8
3,2,lr5e-05_bs16_modL1_fusion32_fusionL1_drop0p1_trmiss80_trlocclin,16,5e-05,1,32,1,0.1,lr5e-05_bs16_modL1_fusion32_fusionL1_drop0p1_trmiss80_trlocclin,1,0.7265228430430094,0.6699475844701132,0.5777310924369747,0.6691934620265038,0.5777777777777777,0.0,0.0,0.0,0.0,2002,clin,0.8
3,2,lr5e-05_bs16_modL1_fusion32_fusionL1_drop0p1_trmiss80_trlocclin,16,5e-05,1,32,1,0.1,lr5e-05_bs16_modL1_fusion32_fusionL1_drop0p1_trmiss80_trlocclin,2,0.6893640210231146,0.6633474230766296,0.5987394957983193,0.6668746955931733,0.6,0.0,0.0,0.0,0.0,2002,clin,0.8
3,2,lr5e-05_bs16_modL1_fusion32_fusionL1_drop0p1_trmiss80_trlocclin,16,5e-05,1,32,1,0.1,lr5e-05_bs16_modL1_fusion32_fusionL1_drop0p1_trmiss80_trlocclin,3,0.6624500751495361,0.6646852493286133,0.6092436974789915,0.6714403814138727,0.5777777777777777,0.0,0.0,0.0,0.0,2002,clin,0.8
3,2,lr5e-05_bs16_modL1_fusion32_fusionL1_drop0p1_trmiss80_trlocclin,16,5e-05,1,32,1,0.1,lr5e-05_bs16_modL1_fusion32_fusionL1_drop0p1_trmiss80_trlocclin,4,0.6422242770592371,0.666674812634786,0.5903361344537815,0.6628962106966905,0.5777777777777777,0.0,0.0,0.0,0.0,2002,clin,0.8
3,2,lr5e-05_bs16_modL1_fusion32_fusionL1_drop0p1_trmiss80_trlocclin,16,5e-05,1,32,1,0.1,lr5e-05_bs16_modL1_fusion32_fusionL1_drop0p1_trmiss80_trlocclin,5,0.6134023467699686,0.6590679089228312,0.6071428571428572,0.6709010864550236,0.5777777777777777,0.0,0.0,0.0,0.0,2002,clin,0.8
3,2,lr5e-05_bs16_modL1_fusion32_fusionL1_drop0p1_trmiss80_trlocclin,16,5e-05,1,32,1,0.1,lr5e-05_bs16_modL1_fusion32_fusionL1_drop0p1_trmiss80_trlocclin,6,0.6056237121423086,0.6510962843894958,0.6239495798319328,0.6867864553813726,0.5777777777777777,0.0,0.0,0.0,0.0,2002,clin,0.8
3,2,lr5e-05_bs16_modL1_fusion32_fusionL1_drop0p1_trmiss80_trlocclin,16,5e-05,1,32,1,0.1,lr5e-05_bs16_modL1_fusion32_fusionL1_drop0p1_trmiss80_trlocclin,7,0.5955289254585902,0.6493909160296122,0.634453781512605,0.6927671330343336,0.6,0.0,0.0,0.0,0.0,2002,clin,0.8
3,2,lr5e-05_bs16_modL1_fusion32_fusionL1_drop0p1_trmiss80_trlocclin,16,5e-05,1,32,1,0.1,lr5e-05_bs16_modL1_fusion32_fusionL1_drop0p1_trmiss80_trlocclin,8,0.5902112474044164,0.6476578315099081,0.634453781512605,0.6926509761958206,0.6222222222222222,0.0,0.0,0.0,0.0,2002,clin,0.8
3,2,lr5e-05_bs16_modL1_fusion32_fusionL1_drop0p1_trmiss80_trlocclin,16,5e-05,1,32,1,0.1,lr5e-05_bs16_modL1_fusion32_fusionL1_drop0p1_trmiss80_trlocclin,9,0.5798271149396896,0.6488586664199829,0.6281512605042017,0.6876378928953747,0.5555555555555556,0.0,0.0,0.0,0.0,2002,clin,0.8
3,2,lr5e-05_bs16_modL1_fusion32_fusionL1_drop0p1_trmiss80_trlocclin,16,5e-05,1,32,1,0.1,lr5e-05_bs16_modL1_fusion32_fusionL1_drop0p1_trmiss80_trlocclin,10,0.5505580281217893,0.648633340994517,0.6323529411764706,0.6959014225032661,0.6,0.0,0.0,0.0,0.0,2002,clin,0.8
3,2,lr5e-05_bs16_modL1_fusion32_fusionL1_drop0p1_trmiss80_trlocclin,16,5e-05,1,32,1,0.1,lr5e-05_bs16_modL1_fusion32_fusionL1_drop0p1_trmiss80_trlocclin,11,0.5325939431786537,0.6547288298606873,0.6218487394957983,0.6886472801402151,0.5777777777777777,0.0,0.0,0.0,0.0,2002,clin,0.8
3,2,lr5e-05_bs16_modL1_fusion32_fusionL1_drop0p1_trmiss80_trlocclin,16,5e-05,1,32,1,0.1,lr5e-05_bs16_modL1_fusion32_fusionL1_drop0p1_trmiss80_trlocclin,12,0.5323723355929056,0.6548748016357422,0.6239495798319328,0.6894053813407912,0.5555555555555556,0.0,0.0,0.0,0.0,2002,clin,0.8
3,2,lr5e-05_bs16_modL1_fusion32_fusionL1_drop0p1_trmiss80_trlocclin,16,5e-05,1,32,1,0.1,lr5e-05_bs16_modL1_fusion32_fusionL1_drop0p1_trmiss80_trlocclin,13,0.5247589349746704,0.654623289903005,0.6365546218487396,0.7060778503879847,0.6,0.0,0.0,0.0,0.0,2002,clin,0.8
3,2,lr5e-05_bs16_modL1_fusion32_fusionL1_drop0p1_trmiss80_trlocclin,16,5e-05,1,32,1,0.1,lr5e-05_bs16_modL1_fusion32_fusionL1_drop0p1_trmiss80_trlocclin,14,0.5328185508648554,0.6532706816991171,0.634453781512605,0.7055383266748195,0.6,0.0,0.0,0.0,0.0,2002,clin,0.8
3,2,lr5e-05_bs16_modL1_fusion32_fusionL1_drop0p1_trmiss80_trlocclin,16,5e-05,1,32,1,0.1,lr5e-05_bs16_modL1_fusion32_fusionL1_drop0p1_trmiss80_trlocclin,15,0.49622126171986264,0.6539508899052938,0.6239495798319328,0.7009189387264194,0.6222222222222222,0.0,0.0,0.0,0.0,2002,clin,0.8
3,2,lr5e-05_bs16_modL1_fusion32_fusionL1_drop0p1_trmiss80_trlocclin,16,5e-05,1,32,1,0.1,lr5e-05_bs16_modL1_fusion32_fusionL1_drop0p1_trmiss80_trlocclin,16,0.5117412904898325,0.6527275641759237,0.6302521008403361,0.7037596755572763,0.6444444444444445,0.0,0.0,0.0,0.0,2002,clin,0.8
3,2,lr5e-05_bs16_modL1_fusion32_fusionL1_drop0p1_trmiss80_trlocclin,16,5e-05,1,32,1,0.1,lr5e-05_bs16_modL1_fusion32_fusionL1_drop0p1_trmiss80_trlocclin,17,0.5076050410668055,0.6571609775225321,0.611344537815126,0.6876393794575536,0.6222222222222222,0.0,0.0,0.0,0.0,2002,clin,0.8
3,2,lr5e-05_bs16_modL1_fusion32_fusionL1_drop0p1_trmiss80_trlocclin,16,5e-05,1,32,1,0.1,lr5e-05_bs16_modL1_fusion32_fusionL1_drop0p1_trmiss80_trlocclin,18,0.4873853052655856,0.6566287676493326,0.6197478991596639,0.68149743227289,0.6444444444444445,0.0,0.0,0.0,0.0,2002,clin,0.8
3,2,lr5e-05_bs16_modL1_fusion32_fusionL1_drop0p1_trmiss80_trlocclin,16,5e-05,1,32,1,0.1,lr5e-05_bs16_modL1_fusion32_fusionL1_drop0p1_trmiss80_trlocclin,19,0.4860941569010417,0.6604244907697042,0.6134453781512605,0.6811604887502727,0.6,0.0,0.0,0.0,0.0,2002,clin,0.8
3,2,lr5e-05_bs16_modL1_fusion32_fusionL1_drop0p1_trmiss80_trlocclin,16,5e-05,1,32,1,0.1,lr5e-05_bs16_modL1_fusion32_fusionL1_drop0p1_trmiss80_trlocclin,20,0.4853841985265414,0.6540512243906657,0.6260504201680672,0.6896221419102835,0.6444444444444445,0.0,0.0,0.0,0.0,2002,clin,0.8
3,2,lr5e-05_bs16_modL1_fusion32_fusionL1_drop0p1_trmiss80_trlocclin,16,5e-05,1,32,1,0.1,lr5e-05_bs16_modL1_fusion32_fusionL1_drop0p1_trmiss80_trlocclin,21,0.48960813134908676,0.6570886373519897,0.6239495798319328,0.6897921879607992,0.6666666666666666,0.0,0.0,0.0,0.0,2002,clin,0.8
3,2,lr5e-05_bs16_modL1_fusion32_fusionL1_drop0p1_trmiss80_trlocclin,16,5e-05,1,32,1,0.1,lr5e-05_bs16_modL1_fusion32_fusionL1_drop0p1_trmiss80_trlocclin,22,0.48573965579271317,0.6530407071113586,0.6239495798319328,0.6962249861801153,0.6222222222222222,0.0,0.0,0.0,0.0,2002,clin,0.8
3,2,lr5e-05_bs16_modL1_fusion32_fusionL1_drop0p1_trmiss80_trlocclin,16,5e-05,1,32,1,0.1,lr5e-05_bs16_modL1_fusion32_fusionL1_drop0p1_trmiss80_trlocclin,23,0.47331809997558594,0.649501621723175,0.634453781512605,0.6966949382894696,0.6666666666666666,0.0,0.0,0.0,0.0,2002,clin,0.8
3,2,lr5e-05_bs16_modL1_fusion32_fusionL1_drop0p1_trmiss80_trlocclin,16,5e-05,1,32,1,0.1,lr5e-05_bs16_modL1_fusion32_fusionL1_drop0p1_trmiss80_trlocclin,24,0.47773516674836475,0.6579802831013998,0.6239495798319328,0.6899988535616488,0.6444444444444445,0.0,0.0,0.0,0.0,2002,clin,0.8
3,2,lr5e-05_bs16_modL1_fusion32_fusionL1_drop0p1_trmiss80_trlocclin,16,5e-05,1,32,1,0.1,lr5e-05_bs16_modL1_fusion32_fusionL1_drop0p1_trmiss80_trlocclin,25,0.4701828931768735,0.6529576579729716,0.6281512605042017,0.6924119133512471,0.6444444444444445,0.0,0.0,0.0,0.0,2002,clin,0.8
3,2,lr5e-05_bs16_modL1_fusion32_fusionL1_drop0p1_trmiss80_trlocclin,16,5e-05,1,32,1,0.1,lr5e-05_bs16_modL1_fusion32_fusionL1_drop0p1_trmiss80_trlocclin,26,0.45905015617609024,0.6576290130615234,0.615546218487395,0.6825541916321151,0.6222222222222222,0.0,0.0,0.0,0.0,2002,clin,0.8
3,2,lr5e-05_bs16_modL1_fusion32_fusionL1_drop0p1_trmiss80_trlocclin,16,5e-05,1,32,1,0.1,lr5e-05_bs16_modL1_fusion32_fusionL1_drop0p1_trmiss80_trlocclin,27,0.4790015195806821,0.658367395401001,0.6260504201680672,0.6856032708311279,0.6666666666666666,0.0,0.0,0.0,0.0,2002,clin,0.8
3,2,lr5e-05_bs16_modL1_fusion32_fusionL1_drop0p1_trmiss80_trlocclin,16,5e-05,1,32,1,0.1,lr5e-05_bs16_modL1_fusion32_fusionL1_drop0p1_trmiss80_trlocclin,28,0.46823524683713913,0.6595348914464315,0.6092436974789917,0.6716110028995328,0.6222222222222222,0.0,0.0,0.0,0.0,2002,clin,0.8
3,2,lr5e-05_bs16_modL1_fusion32_fusionL1_drop0p1_trmiss80_trlocclin,16,5e-05,1,32,1,0.1,lr5e-05_bs16_modL1_fusion32_fusionL1_drop0p1_trmiss80_trlocclin,29,0.4768201286594073,0.6594611803690592,0.6176470588235294,0.6836288810217112,0.6444444444444445,0.0,0.0,0.0,0.0,2002,clin,0.8
3,2,lr5e-05_bs16_modL1_fusion32_fusionL1_drop0p1_trmiss80_trlocclin,16,5e-05,1,32,1,0.1,lr5e-05_bs16_modL1_fusion32_fusionL1_drop0p1_trmiss80_trlocclin,30,0.4529968599478404,0.661857028802236,0.6176470588235294,0.684539845529082,0.6666666666666666,0.0,0.0,0.0,0.0,2002,clin,0.8
3,2,lr5e-05_bs16_modL1_fusion32_fusionL1_drop0p1_trmiss80_trlocclin,16,5e-05,1,32,1,0.1,lr5e-05_bs16_modL1_fusion32_fusionL1_drop0p1_trmiss80_trlocclin,31,0.44517162442207336,0.6610745588938395,0.611344537815126,0.6748025957060756,0.6666666666666666,0.0,0.0,0.0,0.0,2002,clin,0.8
3,2,lr5e-05_bs16_modL1_fusion32_fusionL1_drop0p1_trmiss80_trlocclin,16,5e-05,1,32,1,0.1,lr5e-05_bs16_modL1_fusion32_fusionL1_drop0p1_trmiss80_trlocclin,32,0.45264160881439847,0.6583776672681173,0.6260504201680672,0.684923649360142,0.6666666666666666,0.0,0.0,0.0,0.0,2002,clin,0.8
3,2,lr5e-05_bs16_modL1_fusion32_fusionL1_drop0p1_trmiss80_trlocclin,16,5e-05,1,32,1,0.1,lr5e-05_bs16_modL1_fusion32_fusionL1_drop0p1_trmiss80_trlocclin,33,0.46409249554077786,0.6596358219782511,0.6176470588235294,0.6761058077614883,0.6666666666666666,0.0,0.0,0.0,0.0,2002,clin,0.8
3,2,lr5e-05_bs16_modL1_fusion64_fusionL1_drop0p2_trmiss80_trlocclin,16,5e-05,1,64,1,0.2,lr5e-05_bs16_modL1_fusion64_fusionL1_drop0p2_trmiss80_trlocclin,1,0.7943309545516968,0.7105875412623087,0.48109243697478987,0.6271572469256184,0.4222222222222222,0.0,0.0,0.0,0.0,2002,clin,0.8
3,2,lr5e-05_bs16_modL1_fusion64_fusionL1_drop0p2_trmiss80_trlocclin,16,5e-05,1,64,1,0.2,lr5e-05_bs16_modL1_fusion64_fusionL1_drop0p2_trmiss80_trlocclin,2,0.7493785520394644,0.718301514784495,0.5399159663865546,0.6695798495601318,0.4444444444444444,0.0,0.0,0.0,0.0,2002,clin,0.8
3,2,lr5e-05_bs16_modL1_fusion64_fusionL1_drop0p2_trmiss80_trlocclin,16,5e-05,1,64,1,0.2,lr5e-05_bs16_modL1_fusion64_fusionL1_drop0p2_trmiss80_trlocclin,3,0.7067615836858749,0.7115901112556458,0.5861344537815126,0.7228174791908238,0.5333333333333333,0.0,0.0,0.0,0.0,2002,clin,0.8
3,2,lr5e-05_bs16_modL1_fusion64_fusionL1_drop0p2_trmiss80_trlocclin,16,5e-05,1,64,1,0.2,lr5e-05_bs16_modL1_fusion64_fusionL1_drop0p2_trmiss80_trlocclin,4,0.7001814444859823,0.7142793933550516,0.6008403361344538,0.7305441830261602,0.4444444444444444,0.0,0.0,0.0,0.0,2002,clin,0.8
3,2,lr5e-05_bs16_modL1_fusion64_fusionL1_drop0p2_trmiss80_trlocclin,16,5e-05,1,64,1,0.2,lr5e-05_bs16_modL1_fusion64_fusionL1_drop0p2_trmiss80_trlocclin,5,0.6915095498164495,0.709557294845581,0.6029411764705882,0.7138267529990141,0.5111111111111111,0.0,0.0,0.0,0.0,2002,clin,0.8
3,2,lr5e-05_bs16_modL1_fusion64_fusionL1_drop0p2_trmiss80_trlocclin,16,5e-05,1,64,1,0.2,lr5e-05_bs16_modL1_fusion64_fusionL1_drop0p2_trmiss80_trlocclin,6,0.6828762392203013,0.701180895169576,0.6029411764705882,0.7188082805681911,0.5777777777777777,0.0,0.0,0.0,0.0,2002,clin,0.8
3,2,lr5e-05_bs16_modL1_fusion64_fusionL1_drop0p2_trmiss80_trlocclin,16,5e-05,1,64,1,0.2,lr5e-05_bs16_modL1_fusion64_fusionL1_drop0p2_trmiss80_trlocclin,7,0.6564727773269018,0.7052667140960693,0.5966386554621849,0.7140323173975672,0.5777777777777777,0.0,0.0,0.0,0.0,2002,clin,0.8
3,2,lr5e-05_bs16_modL1_fusion64_fusionL1_drop0p2_trmiss80_trlocclin,16,5e-05,1,64,1,0.2,lr5e-05_bs16_modL1_fusion64_fusionL1_drop0p2_trmiss80_trlocclin,8,0.63870952775081,0.7007843057314554,0.5966386554621849,0.7054260144807827,0.5777777777777777,0.0,0.0,0.0,0.0,2002,clin,0.8
3,2,lr5e-05_bs16_modL1_fusion64_fusionL1_drop0p2_trmiss80_trlocclin,16,5e-05,1,64,1,0.2,lr5e-05_bs16_modL1_fusion64_fusionL1_drop0p2_trmiss80_trlocclin,9,0.6257738023996353,0.704648474852244,0.6050420168067226,0.7253509398243527,0.5777777777777777,0.0,0.0,0.0,0.0,2002,clin,0.8
3,2,lr5e-05_bs16_modL1_fusion64_fusionL1_drop0p2_trmiss80_trlocclin,16,5e-05,1,64,1,0.2,lr5e-05_bs16_modL1_fusion64_fusionL1_drop0p2_trmiss80_trlocclin,10,0.6289200832446417,0.7027285695075989,0.5966386554621849,0.7040641266799847,0.5333333333333333,0.0,0.0,0.0,0.0,2002,clin,0.8
3,2,lr5e-05_bs16_modL1_fusion64_fusionL1_drop0p2_trmiss80_trlocclin,16,5e-05,1,64,1,0.2,lr5e-05_bs16_modL1_fusion64_fusionL1_drop0p2_trmiss80_trlocclin,11,0.603153775135676,0.7035110791524252,0.592436974789916,0.6961863594736521,0.5111111111111111,0.0,0.0,0.0,0.0,2002,clin,0.8
3,2,lr5e-05_bs16_modL1_fusion64_fusionL1_drop0p2_trmiss80_trlocclin,16,5e-05,1,64,1,0.2,lr5e-05_bs16_modL1_fusion64_fusionL1_drop0p2_trmiss80_trlocclin,12,0.6164166058103243,0.6956757108370463,0.6218487394957982,0.7226714687783763,0.5555555555555556,0.0,0.0,0.0,0.0,2002,clin,0.8
3,2,lr5e-05_bs16_modL1_fusion64_fusionL1_drop0p2_trmiss80_trlocclin,16,5e-05,1,64,1,0.2,lr5e-05_bs16_modL1_fusion64_fusionL1_drop0p2_trmiss80_trlocclin,13,0.5920284191767374,0.6946966449419657,0.6155462184873949,0.7114524430604543,0.5555555555555556,0.0,0.0,0.0,0.0,2002,clin,0.8
3,2,lr5e-05_bs16_modL1_fusion64_fusionL1_drop0p2_trmiss80_trlocclin,16,5e-05,1,64,1,0.2,lr5e-05_bs16_modL1_fusion64_fusionL1_drop0p2_trmiss80_trlocclin,14,0.5980557501316071,0.6815657019615173,0.6323529411764706,0.7219772348532859,0.5777777777777777,0.0,0.0,0.0,0.0,2002,clin,0.8
3,2,lr5e-05_bs16_modL1_fusion64_fusionL1_drop0p2_trmiss80_trlocclin,16,5e-05,1,64,1,0.2,lr5e-05_bs16_modL1_fusion64_fusionL1_drop0p2_trmiss80_trlocclin,15,0.5530865540107092,0.6705530881881714,0.6428571428571428,0.7205833314281407,0.6,0.0,0.0,0.0,0.0,2002,clin,0.8
3,2,lr5e-05_bs16_modL1_fusion64_fusionL1_drop0p2_trmiss80_trlocclin,16,5e-05,1,64,1,0.2,lr5e-05_bs16_modL1_fusion64_fusionL1_drop0p2_trmiss80_trlocclin,16,0.579241156578064,0.6776432991027832,0.6491596638655462,0.7223847662306591,0.6,0.0,0.0,0.0,0.0,2002,clin,0.8
3,2,lr5e-05_bs16_modL1_fusion64_fusionL1_drop0p2_trmiss80_trlocclin,16,5e-05,1,64,1,0.2,lr5e-05_bs16_modL1_fusion64_fusionL1_drop0p2_trmiss80_trlocclin,17,0.544271228214105,0.6792705456415812,0.6386554621848739,0.7120607633306338,0.5777777777777777,0.0,0.0,0.0,0.0,2002,clin,0.8
3,2,lr5e-05_bs16_modL1_fusion64_fusionL1_drop0p2_trmiss80_trlocclin,16,5e-05,1,64,1,0.2,lr5e-05_bs16_modL1_fusion64_fusionL1_drop0p2_trmiss80_trlocclin,18,0.5482716113328934,0.6840773224830627,0.6239495798319328,0.6975015472521321,0.5777777777777777,0.0,0.0,0.0,0.0,2002,clin,0.8
3,2,lr5e-05_bs16_modL1_fusion64_fusionL1_drop0p2_trmiss80_trlocclin,16,5e-05,1,64,1,0.2,lr5e-05_bs16_modL1_fusion64_fusionL1_drop0p2_trmiss80_trlocclin,19,0.5414650018016497,0.6783750057220459,0.6239495798319329,0.7008586452693099,0.5555555555555556,0.0,0.0,0.0,0.0,2002,clin,0.8
3,2,lr5e-05_bs16_modL1_fusion64_fusionL1_drop0p2_trmiss80_trlocclin,16,5e-05,1,64,1,0.2,lr5e-05_bs16_modL1_fusion64_fusionL1_drop0p2_trmiss80_trlocclin,20,0.505429337422053,0.6744968295097351,0.6407563025210085,0.7106085943088692,0.6222222222222222,0.0,0.0,0.0,0.0,2002,clin,0.8
3,2,lr5e-05_bs16_modL1_fusion64_fusionL1_drop0p2_trmiss80_trlocclin,16,5e-05,1,64,1,0.2,lr5e-05_bs16_modL1_fusion64_fusionL1_drop0p2_trmiss80_trlocclin,21,0.5140947848558426,0.6778329412142435,0.6239495798319328,0.706963284010056,0.6222222222222222,0.0,0.0,0.0,0.0,2002,clin,0.8
3,2,lr5e-05_bs16_modL1_fusion64_fusionL1_drop0p2_trmiss80_trlocclin,16,5e-05,1,64,1,0.2,lr5e-05_bs16_modL1_fusion64_fusionL1_drop0p2_trmiss80_trlocclin,22,0.553462490439415,0.6710708737373352,0.6239495798319328,0.7060658602402926,0.6444444444444445,0.0,0.0,0.0,0.0,2002,clin,0.8
3,2,lr5e-05_bs16_modL1_fusion64_fusionL1_drop0p2_trmiss80_trlocclin,16,5e-05,1,64,1,0.2,lr5e-05_bs16_modL1_fusion64_fusionL1_drop0p2_trmiss80_trlocclin,23,0.5117649411161741,0.6744783520698547,0.6239495798319328,0.7079294302267282,0.6222222222222222,0.0,0.0,0.0,0.0,2002,clin,0.8
3,2,lr5e-05_bs16_modL1_fusion64_fusionL1_drop0p2_trmiss80_trlocclin,16,5e-05,1,64,1,0.2,lr5e-05_bs16_modL1_fusion64_fusionL1_drop0p2_trmiss80_trlocclin,24,0.5092485497395197,0.6797859072685242,0.6281512605042017,0.707975545839148,0.6222222222222222,0.0,0.0,0.0,0.0,2002,clin,0.8
3,2,lr5e-05_bs16_modL1_fusion64_fusionL1_drop0p2_trmiss80_trlocclin,16,5e-05,1,64,1,0.2,lr5e-05_bs16_modL1_fusion64_fusionL1_drop0p2_trmiss80_trlocclin,25,0.4940098946293195,0.6794777512550354,0.6218487394957983,0.703945537100226,0.6222222222222222,0.0,0.0,0.0,0.0,2002,clin,0.8
3,2,lr5e-05_bs16_modL1_fusion64_fusionL1_drop0p2_trmiss80_trlocclin,16,5e-05,1,64,1,0.2,lr5e-05_bs16_modL1_fusion64_fusionL1_drop0p2_trmiss80_trlocclin,26,0.5289187207818031,0.6831114093462626,0.6029411764705882,0.6952779425553113,0.6222222222222222,0.0,0.0,0.0,0.0,2002,clin,0.8
3,2,lr5e-05_bs16_modL1_fusion64_fusionL1_drop0p2_trmiss80_trlocclin,16,5e-05,1,64,1,0.2,lr5e-05_bs16_modL1_fusion64_fusionL1_drop0p2_trmiss80_trlocclin,27,0.4916282817721367,0.6819186607996622,0.6176470588235294,0.7203553818644287,0.6222222222222222,0.0,0.0,0.0,0.0,2002,clin,0.8
3,2,lr5e-05_bs16_modL1_fusion64_fusionL1_drop0p2_trmiss80_trlocclin,16,5e-05,1,64,1,0.2,lr5e-05_bs16_modL1_fusion64_fusionL1_drop0p2_trmiss80_trlocclin,28,0.5115028992295265,0.6768913467725118,0.6323529411764706,0.7233308944223212,0.6666666666666666,0.0,0.0,0.0,0.0,2002,clin,0.8
3,2,lr5e-05_bs16_modL1_fusion64_fusionL1_drop0p2_trmiss80_trlocclin,16,5e-05,1,64,1,0.2,lr5e-05_bs16_modL1_fusion64_fusionL1_drop0p2_trmiss80_trlocclin,29,0.49953517814477283,0.682929535706838,0.6134453781512605,0.6956834651818017,0.6444444444444445,0.0,0.0,0.0,0.0,2002,clin,0.8
3,2,lr5e-05_bs16_modL1_fusion64_fusionL1_drop0p2_trmiss80_trlocclin,16,5e-05,1,64,1,0.2,lr5e-05_bs16_modL1_fusion64_fusionL1_drop0p2_trmiss80_trlocclin,30,0.4959021955728531,0.6798577904701233,0.634453781512605,0.7162209854872849,0.6444444444444445,0.0,0.0,0.0,0.0,2002,clin,0.8
3,2,lr5e-05_bs16_modL1_fusion64_fusionL1_drop0p2_trmiss80_trlocclin,16,5e-05,1,64,1,0.2,lr5e-05_bs16_modL1_fusion64_fusionL1_drop0p2_trmiss80_trlocclin,31,0.5065704385439554,0.6815106868743896,0.6218487394957983,0.7048994864678481,0.6,0.0,0.0,0.0,0.0,2002,clin,0.8
3,2,lr5e-05_bs16_modL1_fusion64_fusionL1_drop0p2_trmiss80_trlocclin,16,5e-05,1,64,1,0.2,lr5e-05_bs16_modL1_fusion64_fusionL1_drop0p2_trmiss80_trlocclin,32,0.4806888575355212,0.679760734240214,0.6197478991596639,0.6942003506736661,0.6222222222222222,0.0,0.0,0.0,0.0,2002,clin,0.8
3,2,lr5e-05_bs16_modL1_fusion64_fusionL1_drop0p2_trmiss80_trlocclin,16,5e-05,1,64,1,0.2,lr5e-05_bs16_modL1_fusion64_fusionL1_drop0p2_trmiss80_trlocclin,33,0.5018909846742948,0.6766415238380432,0.6176470588235294,0.694449656426572,0.6222222222222222,0.0,0.0,0.0,0.0,2002,clin,0.8
3,2,lr5e-05_bs16_modL1_fusion64_fusionL1_drop0p2_trmiss80_trlocclin,16,5e-05,1,64,1,0.2,lr5e-05_bs16_modL1_fusion64_fusionL1_drop0p2_trmiss80_trlocclin,34,0.45992834369341534,0.6798709432284037,0.6218487394957983,0.6948969205790158,0.6222222222222222,0.0,0.0,0.0,0.0,2002,clin,0.8
3,2,lr5e-05_bs16_modL1_fusion64_fusionL1_drop0p2_trmiss80_trlocclin,16,5e-05,1,64,1,0.2,lr5e-05_bs16_modL1_fusion64_fusionL1_drop0p2_trmiss80_trlocclin,35,0.4802459503213565,0.6730087399482727,0.615546218487395,0.6968063723695709,0.6222222222222222,0.0,0.0,0.0,0.0,2002,clin,0.8
3,2,lr5e-05_bs16_modL1_fusion64_fusionL1_drop0p2_trmiss80_trlocclin,16,5e-05,1,64,1,0.2,lr5e-05_bs16_modL1_fusion64_fusionL1_drop0p2_trmiss80_trlocclin,36,0.487517071266969,0.677156925201416,0.6134453781512605,0.691137024578514,0.6444444444444445,0.0,0.0,0.0,0.0,2002,clin,0.8
3,2,lr5e-05_bs16_modL1_fusion64_fusionL1_drop0p1_trmiss80_trlocclin,16,5e-05,1,64,1,0.1,lr5e-05_bs16_modL1_fusion64_fusionL1_drop0p1_trmiss80_trlocclin,1,0.7210733145475388,0.6853377421696981,0.6071428571428571,0.7168071459950611,0.4888888888888889,0.0,0.0,0.0,0.0,2002,clin,0.8
3,2,lr5e-05_bs16_modL1_fusion64_fusionL1_drop0p1_trmiss80_trlocclin,16,5e-05,1,64,1,0.1,lr5e-05_bs16_modL1_fusion64_fusionL1_drop0p1_trmiss80_trlocclin,2,0.6830833752950033,0.6754495700200399,0.6050420168067226,0.716617197198625,0.5333333333333333,0.0,0.0,0.0,0.0,2002,clin,0.8
3,2,lr5e-05_bs16_modL1_fusion64_fusionL1_drop0p1_trmiss80_trlocclin,16,5e-05,1,64,1,0.1,lr5e-05_bs16_modL1_fusion64_fusionL1_drop0p1_trmiss80_trlocclin,3,0.664528692762057,0.6696768800417582,0.6050420168067226,0.7067508613222384,0.5111111111111111,0.0,0.0,0.0,0.0,2002,clin,0.8
3,2,lr5e-05_bs16_modL1_fusion64_fusionL1_drop0p1_trmiss80_trlocclin,16,5e-05,1,64,1,0.1,lr5e-05_bs16_modL1_fusion64_fusionL1_drop0p1_trmiss80_trlocclin,4,0.6257090320189794,0.6618469953536987,0.6092436974789917,0.7201746885003011,0.5333333333333333,0.0,0.0,0.0,0.0,2002,clin,0.8
3,2,lr5e-05_bs16_modL1_fusion64_fusionL1_drop0p1_trmiss80_trlocclin,16,5e-05,1,64,1,0.1,lr5e-05_bs16_modL1_fusion64_fusionL1_drop0p1_trmiss80_trlocclin,5,0.6219751834869385,0.6481971542040507,0.6449579831932772,0.7441499719076243,0.5777777777777777,0.0,0.0,0.0,0.0,2002,clin,0.8
3,2,lr5e-05_bs16_modL1_fusion64_fusionL1_drop0p1_trmiss80_trlocclin,16,5e-05,1,64,1,0.1,lr5e-05_bs16_modL1_fusion64_fusionL1_drop0p1_trmiss80_trlocclin,6,0.6163256714741389,0.645011285940806,0.6470588235294117,0.7432757597928107,0.6222222222222222,0.0,0.0,0.0,0.0,2002,clin,0.8
3,2,lr5e-05_bs16_modL1_fusion64_fusionL1_drop0p1_trmiss80_trlocclin,16,5e-05,1,64,1,0.1,lr5e-05_bs16_modL1_fusion64_fusionL1_drop0p1_trmiss80_trlocclin,7,0.5737841601173083,0.6433100501696268,0.6638655462184875,0.7579461237790958,0.5777777777777777,0.0,0.0,0.0,0.0,2002,clin,0.8
3,2,lr5e-05_bs16_modL1_fusion64_fusionL1_drop0p1_trmiss80_trlocclin,16,5e-05,1,64,1,0.1,lr5e-05_bs16_modL1_fusion64_fusionL1_drop0p1_trmiss80_trlocclin,8,0.58463254570961,0.6470493674278259,0.6491596638655462,0.7494369828614641,0.5777777777777777,0.0,0.0,0.0,0.0,2002,clin,0.8
3,2,lr5e-05_bs16_modL1_fusion64_fusionL1_drop0p1_trmiss80_trlocclin,16,5e-05,1,64,1,0.1,lr5e-05_bs16_modL1_fusion64_fusionL1_drop0p1_trmiss80_trlocclin,9,0.5616045569380125,0.6468163132667542,0.6512605042016807,0.750828522866094,0.6,0.0,0.0,0.0,0.0,2002,clin,0.8
3,2,lr5e-05_bs16_modL1_fusion64_fusionL1_drop0p1_trmiss80_trlocclin,16,5e-05,1,64,1,0.1,lr5e-05_bs16_modL1_fusion64_fusionL1_drop0p1_trmiss80_trlocclin,10,0.5575496479868889,0.6545223991076151,0.6470588235294118,0.7431535027168605,0.5555555555555556,0.0,0.0,0.0,0.0,2002,clin,0.8
3,2,lr5e-05_bs16_modL1_fusion64_fusionL1_drop0p1_trmiss80_trlocclin,16,5e-05,1,64,1,0.1,lr5e-05_bs16_modL1_fusion64_fusionL1_drop0p1_trmiss80_trlocclin,11,0.5681879868110021,0.6521855394045512,0.6470588235294118,0.7425761801469899,0.6,0.0,0.0,0.0,0.0,2002,clin,0.8
3,2,lr5e-05_bs16_modL1_fusion64_fusionL1_drop0p1_trmiss80_trlocclin,16,5e-05,1,64,1,0.1,lr5e-05_bs16_modL1_fusion64_fusionL1_drop0p1_trmiss80_trlocclin,12,0.5492053677638372,0.6513662139574686,0.6323529411764706,0.723879427129456,0.5777777777777777,0.0,0.0,0.0,0.0,2002,clin,0.8
3,2,lr5e-05_bs16_modL1_fusion64_fusionL1_drop0p1_trmiss80_trlocclin,16,5e-05,1,64,1,0.1,lr5e-05_bs16_modL1_fusion64_fusionL1_drop0p1_trmiss80_trlocclin,13,0.5448092917601267,0.6657469471295675,0.615546218487395,0.7111242872587856,0.5555555555555556,0.0,0.0,0.0,0.0,2002,clin,0.8
3,2,lr5e-05_bs16_modL1_fusion64_fusionL1_drop0p1_trmiss80_trlocclin,16,5e-05,1,64,1,0.1,lr5e-05_bs16_modL1_fusion64_fusionL1_drop0p1_trmiss80_trlocclin,14,0.546111024916172,0.6627401113510132,0.6134453781512605,0.709354705908459,0.5555555555555556,0.0,0.0,0.0,0.0,2002,clin,0.8
3,2,lr5e-05_bs16_modL1_fusion64_fusionL1_drop0p1_trmiss80_trlocclin,16,5e-05,1,64,1,0.1,lr5e-05_bs16_modL1_fusion64_fusionL1_drop0p1_trmiss80_trlocclin,15,0.5242937232057253,0.6630675594011942,0.6134453781512605,0.702591328620785,0.5555555555555556,0.0,0.0,0.0,0.0,2002,clin,0.8
3,2,lr5e-05_bs16_modL1_fusion64_fusionL1_drop0p1_trmiss80_trlocclin,16,5e-05,1,64,1,0.1,lr5e-05_bs16_modL1_fusion64_fusionL1_drop0p1_trmiss80_trlocclin,16,0.5133591492970785,0.6625052690505981,0.6134453781512604,0.701456342194512,0.5555555555555556,0.0,0.0,0.0,0.0,2002,clin,0.8
3,2,lr5e-05_bs16_modL1_fusion64_fusionL1_drop0p1_trmiss80_trlocclin,16,5e-05,1,64,1,0.1,lr5e-05_bs16_modL1_fusion64_fusionL1_drop0p1_trmiss80_trlocclin,17,0.4980676819880803,0.6620352268218994,0.615546218487395,0.7158758531955839,0.5555555555555556,0.0,0.0,0.0,0.0,2002,clin,0.8
3,2,lr5e-05_bs16_modL1_fusion64_fusionL1_drop0p1_trmiss80_trlocclin,16,5e-05,1,64,1,0.1,lr5e-05_bs16_modL1_fusion64_fusionL1_drop0p1_trmiss80_trlocclin,18,0.516813096900781,0.6553203066190084,0.634453781512605,0.7270739169892035,0.5777777777777777,0.0,0.0,0.0,0.0,2002,clin,0.8
3,2,lr5e-05_bs16_modL1_fusion64_fusionL1_drop0p1_trmiss80_trlocclin,16,5e-05,1,64,1,0.1,lr5e-05_bs16_modL1_fusion64_fusionL1_drop0p1_trmiss80_trlocclin,19,0.5190095156431198,0.6489014426867167,0.6386554621848739,0.7299779663266857,0.6222222222222222,0.0,0.0,0.0,0.0,2002,clin,0.8
3,2,lr5e-05_bs16_modL1_fusion64_fusionL1_drop0p1_trmiss80_trlocclin,16,5e-05,1,64,1,0.1,lr5e-05_bs16_modL1_fusion64_fusionL1_drop0p1_trmiss80_trlocclin,20,0.49899355073769885,0.6521535118420919,0.634453781512605,0.7227528293083155,0.5777777777777777,0.0,0.0,0.0,0.0,2002,clin,0.8
3,2,lr5e-05_bs16_modL1_fusion64_fusionL1_drop0p1_trmiss80_trlocclin,16,5e-05,1,64,1,0.1,lr5e-05_bs16_modL1_fusion64_fusionL1_drop0p1_trmiss80_trlocclin,21,0.48236793279647827,0.6526504158973694,0.6302521008403361,0.7263965908571293,0.5777777777777777,0.0,0.0,0.0,0.0,2002,clin,0.8
3,2,lr5e-05_bs16_modL1_fusion64_fusionL1_drop0p1_trmiss80_trlocclin,16,5e-05,1,64,1,0.1,lr5e-05_bs16_modL1_fusion64_fusionL1_drop0p1_trmiss80_trlocclin,22,0.48841653019189835,0.6567599177360535,0.6449579831932772,0.7463480203086922,0.5555555555555556,0.0,0.0,0.0,0.0,2002,clin,0.8
3,2,lr5e-05_bs16_modL1_fusion64_fusionL1_drop0p1_trmiss80_trlocclin,16,5e-05,1,64,1,0.1,lr5e-05_bs16_modL1_fusion64_fusionL1_drop0p1_trmiss80_trlocclin,23,0.4852953056494395,0.6563491026560465,0.6323529411764706,0.7244091879217728,0.5555555555555556,0.0,0.0,0.0,0.0,2002,clin,0.8
3,2,lr5e-05_bs16_modL1_fusion64_fusionL1_drop0p1_trmiss80_trlocclin,16,5e-05,1,64,1,0.1,lr5e-05_bs16_modL1_fusion64_fusionL1_drop0p1_trmiss80_trlocclin,24,0.47940831383069354,0.6491807699203491,0.657563025210084,0.7538687745413548,0.5777777777777777,0.0,0.0,0.0,0.0,2002,clin,0.8
3,2,lr5e-05_bs16_modL1_fusion64_fusionL1_drop0p1_trmiss80_trlocclin,16,5e-05,1,64,1,0.1,lr5e-05_bs16_modL1_fusion64_fusionL1_drop0p1_trmiss80_trlocclin,25,0.46941283841927844,0.6489604115486145,0.6386554621848739,0.7355924680878039,0.6222222222222222,0.0,0.0,0.0,0.0,2002,clin,0.8
3,2,lr5e-05_bs16_modL1_fusion64_fusionL1_drop0p1_trmiss80_trlocclin,16,5e-05,1,64,1,0.1,lr5e-05_bs16_modL1_fusion64_fusionL1_drop0p1_trmiss80_trlocclin,26,0.47601763407389325,0.6557127634684244,0.6302521008403361,0.7247135701281606,0.5555555555555556,0.0,0.0,0.0,0.0,2002,clin,0.8
3,2,lr5e-05_bs16_modL1_fusion64_fusionL1_drop0p1_trmiss80_trlocclin,16,5e-05,1,64,1,0.1,lr5e-05_bs16_modL1_fusion64_fusionL1_drop0p1_trmiss80_trlocclin,27,0.489835965136687,0.6632042129834493,0.6323529411764706,0.7002814421354784,0.5555555555555556,0.0,0.0,0.0,0.0,2002,clin,0.8
3,2,lr1e-04_bs16_modL1_fusion32_fusionL1_drop0p2_trmiss80_trlocclin,16,0.0001,1,32,1,0.2,lr1e-04_bs16_modL1_fusion32_fusionL1_drop0p2_trmiss80_trlocclin,1,0.6949385851621628,0.6695347229639689,0.5399159663865547,0.7122595356171332,0.5555555555555556,0.0,0.0,0.0,0.0,2002,clin,0.8
3,2,lr1e-04_bs16_modL1_fusion32_fusionL1_drop0p2_trmiss80_trlocclin,16,0.0001,1,32,1,0.2,lr1e-04_bs16_modL1_fusion32_fusionL1_drop0p2_trmiss80_trlocclin,2,0.6299198468526205,0.6595142483711243,0.546218487394958,0.7058039999873099,0.6,0.0,0.0,0.0,0.0,2002,clin,0.8
3,2,lr1e-04_bs16_modL1_fusion32_fusionL1_drop0p2_trmiss80_trlocclin,16,0.0001,1,32,1,0.2,lr1e-04_bs16_modL1_fusion32_fusionL1_drop0p2_trmiss80_trlocclin,3,0.6131632526715597,0.653905967871348,0.5840336134453782,0.7078385203108373,0.6,0.0,0.0,0.0,0.0,2002,clin,0.8
3,2,lr1e-04_bs16_modL1_fusion32_fusionL1_drop0p2_trmiss80_trlocclin,16,0.0001,1,32,1,0.2,lr1e-04_bs16_modL1_fusion32_fusionL1_drop0p2_trmiss80_trlocclin,4,0.5790834724903107,0.6494717001914978,0.6134453781512605,0.7413903945736178,0.6222222222222222,0.0,0.0,0.0,0.0,2002,clin,0.8
3,2,lr1e-04_bs16_modL1_fusion32_fusionL1_drop0p2_trmiss80_trlocclin,16,0.0001,1,32,1,0.2,lr1e-04_bs16_modL1_fusion32_fusionL1_drop0p2_trmiss80_trlocclin,5,0.5906450102726618,0.6422589619954427,0.634453781512605,0.7557306735713433,0.6666666666666666,0.0,0.0,0.0,0.0,2002,clin,0.8
3,2,lr1e-04_bs16_modL1_fusion32_fusionL1_drop0p2_trmiss80_trlocclin,16,0.0001,1,32,1,0.2,lr1e-04_bs16_modL1_fusion32_fusionL1_drop0p2_trmiss80_trlocclin,6,0.5716746598482132,0.6389511624972025,0.6659663865546219,0.755293252490975,0.6888888888888889,0.0,0.0,0.0,0.0,2002,clin,0.8
3,2,lr1e-04_bs16_modL1_fusion32_fusionL1_drop0p2_trmiss80_trlocclin,16,0.0001,1,32,1,0.2,lr1e-04_bs16_modL1_fusion32_fusionL1_drop0p2_trmiss80_trlocclin,7,0.5550232728322347,0.6389955282211304,0.6743697478991597,0.7559217376645448,0.6888888888888889,0.0,0.0,0.0,0.0,2002,clin,0.8
3,2,lr1e-04_bs16_modL1_fusion32_fusionL1_drop0p2_trmiss80_trlocclin,16,0.0001,1,32,1,0.2,lr1e-04_bs16_modL1_fusion32_fusionL1_drop0p2_trmiss80_trlocclin,8,0.5522935589154562,0.6377907991409302,0.6680672268907564,0.7483668298580678,0.6666666666666666,0.0,0.0,0.0,0.0,2002,clin,0.8
3,2,lr1e-04_bs16_modL1_fusion32_fusionL1_drop0p2_trmiss80_trlocclin,16,0.0001,1,32,1,0.2,lr1e-04_bs16_modL1_fusion32_fusionL1_drop0p2_trmiss80_trlocclin,9,0.54097797224919,0.6384987433751425,0.6722689075630253,0.7562354942419716,0.7111111111111111,0.0,0.0,0.0,0.0,2002,clin,0.8
3,2,lr1e-04_bs16_modL1_fusion32_fusionL1_drop0p2_trmiss80_trlocclin,16,0.0001,1,32,1,0.2,lr1e-04_bs16_modL1_fusion32_fusionL1_drop0p2_trmiss80_trlocclin,10,0.5545330221454302,0.6321664253870646,0.6701680672268908,0.766502899070972,0.6888888888888889,0.0,0.0,0.0,0.0,2002,clin,0.8
3,2,lr1e-04_bs16_modL1_fusion32_fusionL1_drop0p2_trmiss80_trlocclin,16,0.0001,1,32,1,0.2,lr1e-04_bs16_modL1_fusion32_fusionL1_drop0p2_trmiss80_trlocclin,11,0.5069906984766325,0.6330685218175253,0.703781512605042,0.7668799378367216,0.6888888888888889,0.0,0.0,0.0,0.0,2002,clin,0.8
3,2,lr1e-04_bs16_modL1_fusion32_fusionL1_drop0p2_trmiss80_trlocclin,16,0.0001,1,32,1,0.2,lr1e-04_bs16_modL1_fusion32_fusionL1_drop0p2_trmiss80_trlocclin,12,0.5158706655104955,0.6283862789471945,0.7184873949579832,0.7680880748633073,0.7111111111111111,0.0,0.0,0.0,0.0,2002,clin,0.8
3,2,lr1e-04_bs16_modL1_fusion32_fusionL1_drop0p2_trmiss80_trlocclin,16,0.0001,1,32,1,0.2,lr1e-04_bs16_modL1_fusion32_fusionL1_drop0p2_trmiss80_trlocclin,13,0.5181456704934438,0.6279086073239645,0.6848739495798319,0.7538936703632146,0.7111111111111111,0.0,0.0,0.0,0.0,2002,clin,0.8
3,2,lr1e-04_bs16_modL1_fusion32_fusionL1_drop0p2_trmiss80_trlocclin,16,0.0001,1,32,1,0.2,lr1e-04_bs16_modL1_fusion32_fusionL1_drop0p2_trmiss80_trlocclin,14,0.49793779601653415,0.6319449742635092,0.6701680672268908,0.7540711170698133,0.6666666666666666,0.0,0.0,0.0,0.0,2002,clin,0.8
3,2,lr1e-04_bs16_modL1_fusion32_fusionL1_drop0p2_trmiss80_trlocclin,16,0.0001,1,32,1,0.2,lr1e-04_bs16_modL1_fusion32_fusionL1_drop0p2_trmiss80_trlocclin,15,0.4779287700851758,0.6301698287328085,0.6827731092436975,0.7454703519538037,0.6888888888888889,0.0,0.0,0.0,0.0,2002,clin,0.8
3,2,lr1e-04_bs16_modL1_fusion32_fusionL1_drop0p2_trmiss80_trlocclin,16,0.0001,1,32,1,0.2,lr1e-04_bs16_modL1_fusion32_fusionL1_drop0p2_trmiss80_trlocclin,16,0.4924527083834012,0.6231023669242859,0.7037815126050421,0.7693414108540151,0.6666666666666666,0.0,0.0,0.0,0.0,2002,clin,0.8
3,2,lr1e-04_bs16_modL1_fusion32_fusionL1_drop0p2_trmiss80_trlocclin,16,0.0001,1,32,1,0.2,lr1e-04_bs16_modL1_fusion32_fusionL1_drop0p2_trmiss80_trlocclin,17,0.4557681977748871,0.6194926500320435,0.7226890756302521,0.7674203449170802,0.6888888888888889,0.0,0.0,0.0,0.0,2002,clin,0.8
3,2,lr1e-04_bs16_modL1_fusion32_fusionL1_drop0p2_trmiss80_trlocclin,16,0.0001,1,32,1,0.2,lr1e-04_bs16_modL1_fusion32_fusionL1_drop0p2_trmiss80_trlocclin,18,0.4410747190316518,0.6145353515942892,0.7331932773109243,0.8147171886815829,0.6888888888888889,0.0,0.0,0.0,0.0,2002,clin,0.8
3,2,lr1e-04_bs16_modL1_fusion32_fusionL1_drop0p2_trmiss80_trlocclin,16,0.0001,1,32,1,0.2,lr1e-04_bs16_modL1_fusion32_fusionL1_drop0p2_trmiss80_trlocclin,19,0.46843498945236206,0.6158661643664042,0.6995798319327731,0.778621355539399,0.6666666666666666,0.0,0.0,0.0,0.0,2002,clin,0.8
3,2,lr1e-04_bs16_modL1_fusion32_fusionL1_drop0p2_trmiss80_trlocclin,16,0.0001,1,32,1,0.2,lr1e-04_bs16_modL1_fusion32_fusionL1_drop0p2_trmiss80_trlocclin,20,0.43813219914833706,0.6259246468544006,0.6848739495798319,0.7471232959795425,0.6888888888888889,0.0,0.0,0.0,0.0,2002,clin,0.8
3,2,lr1e-04_bs16_modL1_fusion32_fusionL1_drop0p2_trmiss80_trlocclin,16,0.0001,1,32,1,0.2,lr1e-04_bs16_modL1_fusion32_fusionL1_drop0p2_trmiss80_trlocclin,21,0.445985587934653,0.6192288994789124,0.7016806722689075,0.7733690330333501,0.6888888888888889,0.0,0.0,0.0,0.0,2002,clin,0.8
3,2,lr1e-04_bs16_modL1_fusion32_fusionL1_drop0p2_trmiss80_trlocclin,16,0.0001,1,32,1,0.2,lr1e-04_bs16_modL1_fusion32_fusionL1_drop0p2_trmiss80_trlocclin,22,0.42329689611991245,0.6210606098175049,0.6911764705882353,0.735404494261819,0.7333333333333333,0.0,0.0,0.0,0.0,2002,clin,0.8
3,2,lr1e-04_bs16_modL1_fusion32_fusionL1_drop0p2_trmiss80_trlocclin,16,0.0001,1,32,1,0.2,lr1e-04_bs16_modL1_fusion32_fusionL1_drop0p2_trmiss80_trlocclin,23,0.4171679963668187,0.6169806520144144,0.6974789915966386,0.7477098063929387,0.6888888888888889,0.0,0.0,0.0,0.0,2002,clin,0.8
3,2,lr1e-04_bs16_modL1_fusion32_fusionL1_drop0p2_trmiss80_trlocclin,16,0.0001,1,32,1,0.2,lr1e-04_bs16_modL1_fusion32_fusionL1_drop0p2_trmiss80_trlocclin,24,0.4099730948607127,0.6167963941891988,0.7016806722689075,0.7486287748086097,0.7333333333333333,0.0,0.0,0.0,0.0,2002,clin,0.8
3,2,lr1e-04_bs16_modL1_fusion32_fusionL1_drop0p2_trmiss80_trlocclin,16,0.0001,1,32,1,0.2,lr1e-04_bs16_modL1_fusion32_fusionL1_drop0p2_trmiss80_trlocclin,25,0.41237646092971164,0.6217226386070251,0.6911764705882353,0.7349886134976411,0.7111111111111111,0.0,0.0,0.0,0.0,2002,clin,0.8
3,2,lr1e-04_bs16_modL1_fusion32_fusionL1_drop0p2_trmiss80_trlocclin,16,0.0001,1,32,1,0.2,lr1e-04_bs16_modL1_fusion32_fusionL1_drop0p2_trmiss80_trlocclin,26,0.40196754535039264,0.6221170028050741,0.6827731092436975,0.7242286191468147,0.7333333333333333,0.0,0.0,0.0,0.0,2002,clin,0.8
3,2,lr1e-04_bs16_modL1_fusion32_fusionL1_drop0p2_trmiss80_trlocclin,16,0.0001,1,32,1,0.2,lr1e-04_bs16_modL1_fusion32_fusionL1_drop0p2_trmiss80_trlocclin,27,0.3838466207186381,0.6209350228309631,0.6953781512605042,0.7355163831339236,0.7111111111111111,0.0,0.0,0.0,0.0,2002,clin,0.8
3,2,lr1e-04_bs16_modL1_fusion32_fusionL1_drop0p2_trmiss80_trlocclin,16,0.0001,1,32,1,0.2,lr1e-04_bs16_modL1_fusion32_fusionL1_drop0p2_trmiss80_trlocclin,28,0.3864283710718155,0.6235499978065491,0.6848739495798319,0.7323906379157936,0.6888888888888889,0.0,0.0,0.0,0.0,2002,clin,0.8
3,2,lr1e-04_bs16_modL1_fusion32_fusionL1_drop0p2_trmiss80_trlocclin,16,0.0001,1,32,1,0.2,lr1e-04_bs16_modL1_fusion32_fusionL1_drop0p2_trmiss80_trlocclin,29,0.4023527304331462,0.6252113978068033,0.6722689075630253,0.7279508953962753,0.6888888888888889,0.0,0.0,0.0,0.0,2002,clin,0.8
3,2,lr1e-04_bs16_modL1_fusion32_fusionL1_drop0p2_trmiss80_trlocclin,16,0.0001,1,32,1,0.2,lr1e-04_bs16_modL1_fusion32_fusionL1_drop0p2_trmiss80_trlocclin,30,0.3810786157846451,0.623075544834137,0.6785714285714286,0.7263380593533815,0.7111111111111111,0.0,0.0,0.0,0.0,2002,clin,0.8
3,2,lr1e-04_bs16_modL1_fusion32_fusionL1_drop0p2_trmiss80_trlocclin,16,0.0001,1,32,1,0.2,lr1e-04_bs16_modL1_fusion32_fusionL1_drop0p2_trmiss80_trlocclin,31,0.3788512721657753,0.6251222689946493,0.680672268907563,0.731790708683763,0.7111111111111111,0.0,0.0,0.0,0.0,2002,clin,0.8
3,2,lr1e-04_bs16_modL1_fusion32_fusionL1_drop0p2_trmiss80_trlocclin,16,0.0001,1,32,1,0.2,lr1e-04_bs16_modL1_fusion32_fusionL1_drop0p2_trmiss80_trlocclin,32,0.39517392218112946,0.6273031433423361,0.6785714285714286,0.7308547870935498,0.7111111111111111,0.0,0.0,0.0,0.0,2002,clin,0.8
3,2,lr1e-04_bs16_modL1_fusion32_fusionL1_drop0p2_trmiss80_trlocclin,16,0.0001,1,32,1,0.2,lr1e-04_bs16_modL1_fusion32_fusionL1_drop0p2_trmiss80_trlocclin,33,0.4104841773708661,0.6221606930096945,0.680672268907563,0.7298602571323015,0.7111111111111111,0.0,0.0,0.0,0.0,2002,clin,0.8
3,2,lr1e-04_bs16_modL1_fusion32_fusionL1_drop0p2_trmiss80_trlocclin,16,0.0001,1,32,1,0.2,lr1e-04_bs16_modL1_fusion32_fusionL1_drop0p2_trmiss80_trlocclin,34,0.3921956568956375,0.6206255753835043,0.6827731092436975,0.7282794517540823,0.7111111111111111,0.0,0.0,0.0,0.0,2002,clin,0.8
3,2,lr1e-04_bs16_modL1_fusion32_fusionL1_drop0p2_trmiss80_trlocclin,16,0.0001,1,32,1,0.2,lr1e-04_bs16_modL1_fusion32_fusionL1_drop0p2_trmiss80_trlocclin,35,0.382055439054966,0.6268732746442159,0.6743697478991597,0.7261118808662133,0.7111111111111111,0.0,0.0,0.0,0.0,2002,clin,0.8
3,2,lr1e-04_bs16_modL1_fusion32_fusionL1_drop0p2_trmiss80_trlocclin,16,0.0001,1,32,1,0.2,lr1e-04_bs16_modL1_fusion32_fusionL1_drop0p2_trmiss80_trlocclin,36,0.37722205370664597,0.6361220081647238,0.6596638655462185,0.7195506763921231,0.7111111111111111,0.0,0.0,0.0,0.0,2002,clin,0.8
3,2,lr1e-04_bs16_modL1_fusion32_fusionL1_drop0p2_trmiss80_trlocclin,16,0.0001,1,32,1,0.2,lr1e-04_bs16_modL1_fusion32_fusionL1_drop0p2_trmiss80_trlocclin,37,0.3777746260166168,0.6408792932828268,0.6491596638655462,0.7073746801522365,0.6888888888888889,0.0,0.0,0.0,0.0,2002,clin,0.8
3,2,lr1e-04_bs16_modL1_fusion32_fusionL1_drop0p2_trmiss80_trlocclin,16,0.0001,1,32,1,0.2,lr1e-04_bs16_modL1_fusion32_fusionL1_drop0p2_trmiss80_trlocclin,38,0.37195226301749545,0.6361295779546102,0.6512605042016807,0.6994181124843101,0.7333333333333333,0.0,0.0,0.0,0.0,2002,clin,0.8
3,2,lr1e-04_bs16_modL1_fusion32_fusionL1_drop0p1_trmiss80_trlocclin,16,0.0001,1,32,1,0.1,lr1e-04_bs16_modL1_fusion32_fusionL1_drop0p1_trmiss80_trlocclin,1,0.6961354613304138,0.6733388503392538,0.6029411764705882,0.7083961114665303,0.6444444444444445,0.0,0.0,0.0,0.0,2002,clin,0.8
3,2,lr1e-04_bs16_modL1_fusion32_fusionL1_drop0p1_trmiss80_trlocclin,16,0.0001,1,32,1,0.1,lr1e-04_bs16_modL1_fusion32_fusionL1_drop0p1_trmiss80_trlocclin,2,0.6144700000683466,0.6640287637710571,0.5672268907563025,0.6787106794549606,0.6444444444444445,0.0,0.0,0.0,0.0,2002,clin,0.8
3,2,lr1e-04_bs16_modL1_fusion32_fusionL1_drop0p1_trmiss80_trlocclin,16,0.0001,1,32,1,0.1,lr1e-04_bs16_modL1_fusion32_fusionL1_drop0p1_trmiss80_trlocclin,3,0.5642207463582357,0.6547052462895712,0.5777310924369747,0.6893036606977058,0.6,0.0,0.0,0.0,0.0,2002,clin,0.8
3,2,lr1e-04_bs16_modL1_fusion32_fusionL1_drop0p1_trmiss80_trlocclin,16,0.0001,1,32,1,0.1,lr1e-04_bs16_modL1_fusion32_fusionL1_drop0p1_trmiss80_trlocclin,4,0.5517066096266111,0.6477998495101929,0.6113445378151261,0.707633192831551,0.6666666666666666,0.0,0.0,0.0,0.0,2002,clin,0.8
3,2,lr1e-04_bs16_modL1_fusion32_fusionL1_drop0p1_trmiss80_trlocclin,16,0.0001,1,32,1,0.1,lr1e-04_bs16_modL1_fusion32_fusionL1_drop0p1_trmiss80_trlocclin,5,0.5394676551222801,0.6369573076566061,0.6407563025210083,0.7257304555069973,0.6444444444444445,0.0,0.0,0.0,0.0,2002,clin,0.8
3,2,lr1e-04_bs16_modL1_fusion32_fusionL1_drop0p1_trmiss80_trlocclin,16,0.0001,1,32,1,0.1,lr1e-04_bs16_modL1_fusion32_fusionL1_drop0p1_trmiss80_trlocclin,6,0.5042324463526408,0.6381515661875407,0.634453781512605,0.7189263275265604,0.6888888888888889,0.0,0.0,0.0,0.0,2002,clin,0.8
3,2,lr1e-04_bs16_modL1_fusion32_fusionL1_drop0p1_trmiss80_trlocclin,16,0.0001,1,32,1,0.1,lr1e-04_bs16_modL1_fusion32_fusionL1_drop0p1_trmiss80_trlocclin,7,0.48618367065985996,0.641545573870341,0.6260504201680672,0.7190392327908023,0.6666666666666666,0.0,0.0,0.0,0.0,2002,clin,0.8
3,2,lr1e-04_bs16_modL1_fusion32_fusionL1_drop0p1_trmiss80_trlocclin,16,0.0001,1,32,1,0.1,lr1e-04_bs16_modL1_fusion32_fusionL1_drop0p1_trmiss80_trlocclin,8,0.4770638272166252,0.6359836657842001,0.6302521008403361,0.7172031070082007,0.6888888888888889,0.0,0.0,0.0,0.0,2002,clin,0.8
3,2,lr1e-04_bs16_modL1_fusion32_fusionL1_drop0p1_trmiss80_trlocclin,16,0.0001,1,32,1,0.1,lr1e-04_bs16_modL1_fusion32_fusionL1_drop0p1_trmiss80_trlocclin,9,0.4521949390570323,0.6367446780204773,0.6470588235294118,0.7395827952802749,0.6444444444444445,0.0,0.0,0.0,0.0,2002,clin,0.8
3,2,lr1e-04_bs16_modL1_fusion32_fusionL1_drop0p1_trmiss80_trlocclin,16,0.0001,1,32,1,0.1,lr1e-04_bs16_modL1_fusion32_fusionL1_drop0p1_trmiss80_trlocclin,10,0.4457274600863457,0.6291655500729879,0.6470588235294118,0.7456969328274745,0.6444444444444445,0.0,0.0,0.0,0.0,2002,clin,0.8
3,2,lr1e-04_bs16_modL1_fusion32_fusionL1_drop0p1_trmiss80_trlocclin,16,0.0001,1,32,1,0.1,lr1e-04_bs16_modL1_fusion32_fusionL1_drop0p1_trmiss80_trlocclin,11,0.4539165993531545,0.6291011571884155,0.6470588235294118,0.7545395272716816,0.6222222222222222,0.0,0.0,0.0,0.0,2002,clin,0.8
3,2,lr1e-04_bs16_modL1_fusion32_fusionL1_drop0p1_trmiss80_trlocclin,16,0.0001,1,32,1,0.1,lr1e-04_bs16_modL1_fusion32_fusionL1_drop0p1_trmiss80_trlocclin,12,0.4122756247719129,0.6362594167391459,0.6365546218487395,0.7467860311263663,0.6444444444444445,0.0,0.0,0.0,0.0,2002,clin,0.8
3,2,lr1e-04_bs16_modL1_fusion32_fusionL1_drop0p1_trmiss80_trlocclin,16,0.0001,1,32,1,0.1,lr1e-04_bs16_modL1_fusion32_fusionL1_drop0p1_trmiss80_trlocclin,13,0.40165527164936066,0.6308170954386393,0.6470588235294118,0.7529607457848883,0.6444444444444445,0.0,0.0,0.0,0.0,2002,clin,0.8
3,2,lr1e-04_bs16_modL1_fusion32_fusionL1_drop0p1_trmiss80_trlocclin,16,0.0001,1,32,1,0.1,lr1e-04_bs16_modL1_fusion32_fusionL1_drop0p1_trmiss80_trlocclin,14,0.3982904901107152,0.6298883159955343,0.6470588235294118,0.7556083034924923,0.6444444444444445,0.0,0.0,0.0,0.0,2002,clin,0.8
3,2,lr1e-04_bs16_modL1_fusion32_fusionL1_drop0p1_trmiss80_trlocclin,16,0.0001,1,32,1,0.1,lr1e-04_bs16_modL1_fusion32_fusionL1_drop0p1_trmiss80_trlocclin,15,0.4009975418448448,0.6228973070780436,0.6512605042016806,0.7462027683456977,0.6444444444444445,0.0,0.0,0.0,0.0,2002,clin,0.8
3,2,lr1e-04_bs16_modL1_fusion32_fusionL1_drop0p1_trmiss80_trlocclin,16,0.0001,1,32,1,0.1,lr1e-04_bs16_modL1_fusion32_fusionL1_drop0p1_trmiss80_trlocclin,16,0.3729223410288493,0.6248008410135905,0.6596638655462185,0.7540927346872618,0.6666666666666666,0.0,0.0,0.0,0.0,2002,clin,0.8
3,2,lr1e-04_bs16_modL1_fusion32_fusionL1_drop0p1_trmiss80_trlocclin,16,0.0001,1,32,1,0.1,lr1e-04_bs16_modL1_fusion32_fusionL1_drop0p1_trmiss80_trlocclin,17,0.37543197969595593,0.6265868345896403,0.6428571428571428,0.7451964037118834,0.6444444444444445,0.0,0.0,0.0,0.0,2002,clin,0.8
3,2,lr1e-04_bs16_modL1_fusion32_fusionL1_drop0p1_trmiss80_trlocclin,16,0.0001,1,32,1,0.1,lr1e-04_bs16_modL1_fusion32_fusionL1_drop0p1_trmiss80_trlocclin,18,0.37197938064734143,0.6171933809916178,0.6659663865546219,0.754102843546121,0.6444444444444445,0.0,0.0,0.0,0.0,2002,clin,0.8
3,2,lr1e-04_bs16_modL1_fusion32_fusionL1_drop0p1_trmiss80_trlocclin,16,0.0001,1,32,1,0.1,lr1e-04_bs16_modL1_fusion32_fusionL1_drop0p1_trmiss80_trlocclin,19,0.37012479950984317,0.6227588454882304,0.6533613445378151,0.737837820697085,0.6888888888888889,0.0,0.0,0.0,0.0,2002,clin,0.8
3,2,lr1e-04_bs16_modL1_fusion32_fusionL1_drop0p1_trmiss80_trlocclin,16,0.0001,1,32,1,0.1,lr1e-04_bs16_modL1_fusion32_fusionL1_drop0p1_trmiss80_trlocclin,20,0.3442550351222356,0.6285443504651388,0.6533613445378151,0.7384449205248669,0.6666666666666666,0.0,0.0,0.0,0.0,2002,clin,0.8
3,2,lr1e-04_bs16_modL1_fusion32_fusionL1_drop0p1_trmiss80_trlocclin,16,0.0001,1,32,1,0.1,lr1e-04_bs16_modL1_fusion32_fusionL1_drop0p1_trmiss80_trlocclin,21,0.32868676632642746,0.6430554588635763,0.6365546218487395,0.725251087043391,0.6666666666666666,0.0,0.0,0.0,0.0,2002,clin,0.8
3,2,lr1e-04_bs16_modL1_fusion32_fusionL1_drop0p1_trmiss80_trlocclin,16,0.0001,1,32,1,0.1,lr1e-04_bs16_modL1_fusion32_fusionL1_drop0p1_trmiss80_trlocclin,22,0.3270801653464635,0.6356250445048014,0.6407563025210083,0.7279588893812421,0.6888888888888889,0.0,0.0,0.0,0.0,2002,clin,0.8
3,2,lr1e-04_bs16_modL1_fusion32_fusionL1_drop0p1_trmiss80_trlocclin,16,0.0001,1,32,1,0.1,lr1e-04_bs16_modL1_fusion32_fusionL1_drop0p1_trmiss80_trlocclin,23,0.307643037289381,0.639814575513204,0.6365546218487396,0.7298859013912162,0.6666666666666666,0.0,0.0,0.0,0.0,2002,clin,0.8
3,2,lr1e-04_bs16_modL1_fusion32_fusionL1_drop0p1_trmiss80_trlocclin,16,0.0001,1,32,1,0.1,lr1e-04_bs16_modL1_fusion32_fusionL1_drop0p1_trmiss80_trlocclin,24,0.3031158099571864,0.6379823287328085,0.6449579831932772,0.7380769091871311,0.6444444444444445,0.0,0.0,0.0,0.0,2002,clin,0.8
3,2,lr1e-04_bs16_modL1_fusion32_fusionL1_drop0p1_trmiss80_trlocclin,16,0.0001,1,32,1,0.1,lr1e-04_bs16_modL1_fusion32_fusionL1_drop0p1_trmiss80_trlocclin,25,0.2915596229334672,0.6323727965354919,0.6512605042016807,0.7409506066249043,0.6444444444444445,0.0,0.0,0.0,0.0,2002,clin,0.8
3,2,lr1e-04_bs16_modL1_fusion32_fusionL1_drop0p1_trmiss80_trlocclin,16,0.0001,1,32,1,0.1,lr1e-04_bs16_modL1_fusion32_fusionL1_drop0p1_trmiss80_trlocclin,26,0.29552260289589566,0.6344921787579855,0.6512605042016807,0.7474801178287852,0.6666666666666666,0.0,0.0,0.0,0.0,2002,clin,0.8
3,2,lr1e-04_bs16_modL1_fusion32_fusionL1_drop0p1_trmiss80_trlocclin,16,0.0001,1,32,1,0.1,lr1e-04_bs16_modL1_fusion32_fusionL1_drop0p1_trmiss80_trlocclin,27,0.28498086084922153,0.6343574523925781,0.6449579831932774,0.7452736955095809,0.6666666666666666,0.0,0.0,0.0,0.0,2002,clin,0.8
3,2,lr1e-04_bs16_modL1_fusion32_fusionL1_drop0p1_trmiss80_trlocclin,16,0.0001,1,32,1,0.1,lr1e-04_bs16_modL1_fusion32_fusionL1_drop0p1_trmiss80_trlocclin,28,0.27673469856381416,0.6264008482297262,0.6449579831932774,0.7448174758925806,0.6222222222222222,0.0,0.0,0.0,0.0,2002,clin,0.8
3,2,lr1e-04_bs16_modL1_fusion32_fusionL1_drop0p1_trmiss80_trlocclin,16,0.0001,1,32,1,0.1,lr1e-04_bs16_modL1_fusion32_fusionL1_drop0p1_trmiss80_trlocclin,29,0.28417666256427765,0.6258149147033691,0.6722689075630252,0.7551345626603723,0.6666666666666666,0.0,0.0,0.0,0.0,2002,clin,0.8
3,2,lr1e-04_bs16_modL1_fusion32_fusionL1_drop0p1_trmiss80_trlocclin,16,0.0001,1,32,1,0.1,lr1e-04_bs16_modL1_fusion32_fusionL1_drop0p1_trmiss80_trlocclin,30,0.2621806437770526,0.6353699763615926,0.6491596638655461,0.7416452072294695,0.6222222222222222,0.0,0.0,0.0,0.0,2002,clin,0.8
3,2,lr1e-04_bs16_modL1_fusion32_fusionL1_drop0p1_trmiss80_trlocclin,16,0.0001,1,32,1,0.1,lr1e-04_bs16_modL1_fusion32_fusionL1_drop0p1_trmiss80_trlocclin,31,0.27845094973842305,0.6421416799227396,0.6407563025210083,0.7343261227607649,0.6222222222222222,0.0,0.0,0.0,0.0,2002,clin,0.8
3,2,lr1e-04_bs16_modL1_fusion32_fusionL1_drop0p1_trmiss80_trlocclin,16,0.0001,1,32,1,0.1,lr1e-04_bs16_modL1_fusion32_fusionL1_drop0p1_trmiss80_trlocclin,32,0.26923717682560283,0.6404953996340433,0.6428571428571429,0.7367703105084593,0.6,0.0,0.0,0.0,0.0,2002,clin,0.8
3,2,lr1e-04_bs16_modL1_fusion32_fusionL1_drop0p1_trmiss80_trlocclin,16,0.0001,1,32,1,0.1,lr1e-04_bs16_modL1_fusion32_fusionL1_drop0p1_trmiss80_trlocclin,33,0.2585073908170064,0.6367170612017313,0.6407563025210083,0.7359977712334693,0.6444444444444445,0.0,0.0,0.0,0.0,2002,clin,0.8
3,2,lr1e-04_bs16_modL1_fusion32_fusionL1_drop0p1_trmiss80_trlocclin,16,0.0001,1,32,1,0.1,lr1e-04_bs16_modL1_fusion32_fusionL1_drop0p1_trmiss80_trlocclin,34,0.26315341020623845,0.6310199896494547,0.6554621848739496,0.7460244966345793,0.6666666666666666,0.0,0.0,0.0,0.0,2002,clin,0.8
3,2,lr1e-04_bs16_modL1_fusion32_fusionL1_drop0p1_trmiss80_trlocclin,16,0.0001,1,32,1,0.1,lr1e-04_bs16_modL1_fusion32_fusionL1_drop0p1_trmiss80_trlocclin,35,0.2766124854485194,0.6320371429125468,0.6491596638655461,0.7412398111043718,0.6444444444444445,0.0,0.0,0.0,0.0,2002,clin,0.8
3,2,lr1e-04_bs16_modL1_fusion32_fusionL1_drop0p1_trmiss80_trlocclin,16,0.0001,1,32,1,0.1,lr1e-04_bs16_modL1_fusion32_fusionL1_drop0p1_trmiss80_trlocclin,36,0.2704826792081197,0.636762817700704,0.6218487394957983,0.7261883349081727,0.6444444444444445,0.0,0.0,0.0,0.0,2002,clin,0.8
3,2,lr1e-04_bs16_modL1_fusion32_fusionL1_drop0p1_trmiss80_trlocclin,16,0.0001,1,32,1,0.1,lr1e-04_bs16_modL1_fusion32_fusionL1_drop0p1_trmiss80_trlocclin,37,0.27746420602003735,0.6446036696434021,0.6344537815126051,0.7300189639192368,0.6444444444444445,0.0,0.0,0.0,0.0,2002,clin,0.8
3,2,lr1e-04_bs16_modL1_fusion32_fusionL1_drop0p1_trmiss80_trlocclin,16,0.0001,1,32,1,0.1,lr1e-04_bs16_modL1_fusion32_fusionL1_drop0p1_trmiss80_trlocclin,38,0.27639299382766086,0.6512854297955831,0.6407563025210085,0.7318897062932623,0.6222222222222222,0.0,0.0,0.0,0.0,2002,clin,0.8
3,2,lr1e-04_bs16_modL1_fusion32_fusionL1_drop0p1_trmiss80_trlocclin,16,0.0001,1,32,1,0.1,lr1e-04_bs16_modL1_fusion32_fusionL1_drop0p1_trmiss80_trlocclin,39,0.25050891811649006,0.6470475395520529,0.6302521008403361,0.7110779064003133,0.6444444444444445,0.0,0.0,0.0,0.0,2002,clin,0.8
3,2,lr1e-04_bs16_modL1_fusion32_fusionL1_drop0p1_trmiss80_trlocclin,16,0.0001,1,32,1,0.1,lr1e-04_bs16_modL1_fusion32_fusionL1_drop0p1_trmiss80_trlocclin,40,0.24393130963047346,0.6367483933766683,0.6365546218487395,0.7333476393411998,0.6222222222222222,0.0,0.0,0.0,0.0,2002,clin,0.8
3,2,lr1e-04_bs16_modL1_fusion32_fusionL1_drop0p1_trmiss80_trlocclin,16,0.0001,1,32,1,0.1,lr1e-04_bs16_modL1_fusion32_fusionL1_drop0p1_trmiss80_trlocclin,41,0.2586640492081642,0.6414565245310465,0.6428571428571429,0.7339198540865743,0.6666666666666666,0.0,0.0,0.0,0.0,2002,clin,0.8
3,2,lr1e-04_bs16_modL1_fusion32_fusionL1_drop0p1_trmiss80_trlocclin,16,0.0001,1,32,1,0.1,lr1e-04_bs16_modL1_fusion32_fusionL1_drop0p1_trmiss80_trlocclin,42,0.27766743550697964,0.6420767307281494,0.6428571428571428,0.7323248228757605,0.6666666666666666,0.0,0.0,0.0,0.0,2002,clin,0.8
3,2,lr1e-04_bs16_modL1_fusion32_fusionL1_drop0p1_trmiss80_trlocclin,16,0.0001,1,32,1,0.1,lr1e-04_bs16_modL1_fusion32_fusionL1_drop0p1_trmiss80_trlocclin,43,0.25767461583018303,0.6430025895436605,0.6428571428571429,0.7316527002442968,0.6888888888888889,0.0,0.0,0.0,0.0,2002,clin,0.8
3,2,lr1e-04_bs16_modL1_fusion32_fusionL1_drop0p1_trmiss80_trlocclin,16,0.0001,1,32,1,0.1,lr1e-04_bs16_modL1_fusion32_fusionL1_drop0p1_trmiss80_trlocclin,44,0.2534404682616393,0.6367286046346029,0.6428571428571429,0.7342846481187264,0.6222222222222222,0.0,0.0,0.0,0.0,2002,clin,0.8
3,2,lr1e-04_bs16_modL1_fusion32_fusionL1_drop0p1_trmiss80_trlocclin,16,0.0001,1,32,1,0.1,lr1e-04_bs16_modL1_fusion32_fusionL1_drop0p1_trmiss80_trlocclin,45,0.2554439554611842,0.6447505156199137,0.6302521008403361,0.7265356981407483,0.6,0.0,0.0,0.0,0.0,2002,clin,0.8
3,2,lr1e-04_bs16_modL1_fusion32_fusionL1_drop0p1_trmiss80_trlocclin,16,0.0001,1,32,1,0.1,lr1e-04_bs16_modL1_fusion32_fusionL1_drop0p1_trmiss80_trlocclin,46,0.25629733378688496,0.6400176882743835,0.6449579831932772,0.73415968609974,0.6444444444444445,0.0,0.0,0.0,0.0,2002,clin,0.8
3,2,lr1e-04_bs16_modL1_fusion32_fusionL1_drop0p1_trmiss80_trlocclin,16,0.0001,1,32,1,0.1,lr1e-04_bs16_modL1_fusion32_fusionL1_drop0p1_trmiss80_trlocclin,47,0.2956234961748123,0.6415218909581503,0.6428571428571428,0.7322812336566866,0.6666666666666666,0.0,0.0,0.0,0.0,2002,clin,0.8
3,2,lr1e-04_bs16_modL1_fusion32_fusionL1_drop0p1_trmiss80_trlocclin,16,0.0001,1,32,1,0.1,lr1e-04_bs16_modL1_fusion32_fusionL1_drop0p1_trmiss80_trlocclin,48,0.2405008835097154,0.643373966217041,0.6428571428571428,0.7321634310545915,0.6444444444444445,0.0,0.0,0.0,0.0,2002,clin,0.8
3,2,lr1e-04_bs16_modL1_fusion32_fusionL1_drop0p1_trmiss80_trlocclin,16,0.0001,1,32,1,0.1,lr1e-04_bs16_modL1_fusion32_fusionL1_drop0p1_trmiss80_trlocclin,49,0.24647477393349013,0.6452079812685648,0.6365546218487395,0.7288713757583807,0.6222222222222222,0.0,0.0,0.0,0.0,2002,clin,0.8
3,2,lr1e-04_bs16_modL1_fusion64_fusionL1_drop0p2_trmiss80_trlocclin,16,0.0001,1,64,1,0.2,lr1e-04_bs16_modL1_fusion64_fusionL1_drop0p2_trmiss80_trlocclin,1,0.7420058697462082,0.6811184287071228,0.6554621848739496,0.7647407097340196,0.5777777777777777,0.0,0.0,0.0,0.0,2002,clin,0.8
3,2,lr1e-04_bs16_modL1_fusion64_fusionL1_drop0p2_trmiss80_trlocclin,16,0.0001,1,64,1,0.2,lr1e-04_bs16_modL1_fusion64_fusionL1_drop0p2_trmiss80_trlocclin,2,0.6867105265458425,0.6661825378735861,0.6974789915966386,0.7536697690890041,0.5555555555555556,0.0,0.0,0.0,0.0,2002,clin,0.8
3,2,lr1e-04_bs16_modL1_fusion64_fusionL1_drop0p2_trmiss80_trlocclin,16,0.0001,1,64,1,0.2,lr1e-04_bs16_modL1_fusion64_fusionL1_drop0p2_trmiss80_trlocclin,3,0.6623730411132177,0.6516470511754354,0.726890756302521,0.7841260211858953,0.6222222222222222,0.0,0.0,0.0,0.0,2002,clin,0.8
3,2,lr1e-04_bs16_modL1_fusion64_fusionL1_drop0p2_trmiss80_trlocclin,16,0.0001,1,64,1,0.2,lr1e-04_bs16_modL1_fusion64_fusionL1_drop0p2_trmiss80_trlocclin,4,0.6271970172723135,0.6498204072316488,0.7205882352941175,0.7881462003301417,0.6444444444444445,0.0,0.0,0.0,0.0,2002,clin,0.8
3,2,lr1e-04_bs16_modL1_fusion64_fusionL1_drop0p2_trmiss80_trlocclin,16,0.0001,1,64,1,0.2,lr1e-04_bs16_modL1_fusion64_fusionL1_drop0p2_trmiss80_trlocclin,5,0.6448783775170644,0.6408828496932983,0.7668067226890756,0.8093150414120054,0.6444444444444445,0.0,0.0,0.0,0.0,2002,clin,0.8
3,2,lr1e-04_bs16_modL1_fusion64_fusionL1_drop0p2_trmiss80_trlocclin,16,0.0001,1,64,1,0.2,lr1e-04_bs16_modL1_fusion64_fusionL1_drop0p2_trmiss80_trlocclin,6,0.5835498372713724,0.6401445269584656,0.7394957983193278,0.7991130733097591,0.6,0.0,0.0,0.0,0.0,2002,clin,0.8
3,2,lr1e-04_bs16_modL1_fusion64_fusionL1_drop0p2_trmiss80_trlocclin,16,0.0001,1,64,1,0.2,lr1e-04_bs16_modL1_fusion64_fusionL1_drop0p2_trmiss80_trlocclin,7,0.5832841296990713,0.631237268447876,0.7521008403361344,0.8177811162989524,0.5777777777777777,0.0,0.0,0.0,0.0,2002,clin,0.8
3,2,lr1e-04_bs16_modL1_fusion64_fusionL1_drop0p2_trmiss80_trlocclin,16,0.0001,1,64,1,0.2,lr1e-04_bs16_modL1_fusion64_fusionL1_drop0p2_trmiss80_trlocclin,8,0.572858527302742,0.6220517555872599,0.76890756302521,0.8474557465750331,0.6,0.0,0.0,0.0,0.0,2002,clin,0.8
3,2,lr1e-04_bs16_modL1_fusion64_fusionL1_drop0p2_trmiss80_trlocclin,16,0.0001,1,64,1,0.2,lr1e-04_bs16_modL1_fusion64_fusionL1_drop0p2_trmiss80_trlocclin,9,0.5373169084390005,0.6198897163073221,0.76890756302521,0.838676634145234,0.6666666666666666,0.0,0.0,0.0,0.0,2002,clin,0.8
3,2,lr1e-04_bs16_modL1_fusion64_fusionL1_drop0p2_trmiss80_trlocclin,16,0.0001,1,64,1,0.2,lr1e-04_bs16_modL1_fusion64_fusionL1_drop0p2_trmiss80_trlocclin,10,0.5503768001993498,0.6133668820063273,0.7457983193277311,0.8282821334951437,0.6888888888888889,0.0,0.0,0.0,0.0,2002,clin,0.8
3,2,lr1e-04_bs16_modL1_fusion64_fusionL1_drop0p2_trmiss80_trlocclin,16,0.0001,1,64,1,0.2,lr1e-04_bs16_modL1_fusion64_fusionL1_drop0p2_trmiss80_trlocclin,11,0.5252332935730616,0.6088556448618571,0.7542016806722689,0.8334062184945539,0.6666666666666666,0.0,0.0,0.0,0.0,2002,clin,0.8
3,2,lr1e-04_bs16_modL1_fusion64_fusionL1_drop0p2_trmiss80_trlocclin,16,0.0001,1,64,1,0.2,lr1e-04_bs16_modL1_fusion64_fusionL1_drop0p2_trmiss80_trlocclin,12,0.5106749907135963,0.6201522350311279,0.7415966386554622,0.818583024502087,0.7111111111111111,0.0,0.0,0.0,0.0,2002,clin,0.8
3,2,lr1e-04_bs16_modL1_fusion64_fusionL1_drop0p2_trmiss80_trlocclin,16,0.0001,1,64,1,0.2,lr1e-04_bs16_modL1_fusion64_fusionL1_drop0p2_trmiss80_trlocclin,13,0.4864940866827965,0.6010642647743225,0.7794117647058825,0.8522861655726208,0.7111111111111111,0.0,0.0,0.0,0.0,2002,clin,0.8
3,2,lr1e-04_bs16_modL1_fusion64_fusionL1_drop0p2_trmiss80_trlocclin,16,0.0001,1,64,1,0.2,lr1e-04_bs16_modL1_fusion64_fusionL1_drop0p2_trmiss80_trlocclin,14,0.4678135613600413,0.5996259450912476,0.7794117647058824,0.8484158795238469,0.6888888888888889,0.0,0.0,0.0,0.0,2002,clin,0.8
3,2,lr1e-04_bs16_modL1_fusion64_fusionL1_drop0p2_trmiss80_trlocclin,16,0.0001,1,64,1,0.2,lr1e-04_bs16_modL1_fusion64_fusionL1_drop0p2_trmiss80_trlocclin,15,0.5011253704627355,0.6071204741795858,0.7605042016806722,0.8135689589217776,0.7555555555555555,0.0,0.0,0.0,0.0,2002,clin,0.8
3,2,lr1e-04_bs16_modL1_fusion64_fusionL1_drop0p2_trmiss80_trlocclin,16,0.0001,1,64,1,0.2,lr1e-04_bs16_modL1_fusion64_fusionL1_drop0p2_trmiss80_trlocclin,16,0.43765438348054886,0.6029531359672546,0.7752100840336134,0.829258901472769,0.7333333333333333,0.0,0.0,0.0,0.0,2002,clin,0.8
3,2,lr1e-04_bs16_modL1_fusion64_fusionL1_drop0p2_trmiss80_trlocclin,16,0.0001,1,64,1,0.2,lr1e-04_bs16_modL1_fusion64_fusionL1_drop0p2_trmiss80_trlocclin,17,0.44109034289916355,0.600920299688975,0.7689075630252101,0.8454105709619685,0.6888888888888889,0.0,0.0,0.0,0.0,2002,clin,0.8
3,2,lr1e-04_bs16_modL1_fusion64_fusionL1_drop0p2_trmiss80_trlocclin,16,0.0001,1,64,1,0.2,lr1e-04_bs16_modL1_fusion64_fusionL1_drop0p2_trmiss80_trlocclin,18,0.4240443805853526,0.5896207690238953,0.7668067226890756,0.8383930923369304,0.7111111111111111,0.0,0.0,0.0,0.0,2002,clin,0.8
3,2,lr1e-04_bs16_modL1_fusion64_fusionL1_drop0p2_trmiss80_trlocclin,16,0.0001,1,64,1,0.2,lr1e-04_bs16_modL1_fusion64_fusionL1_drop0p2_trmiss80_trlocclin,19,0.4099382112423579,0.5851945082346598,0.7752100840336135,0.8320041366877271,0.7555555555555555,0.0,0.0,0.0,0.0,2002,clin,0.8
3,2,lr1e-04_bs16_modL1_fusion64_fusionL1_drop0p2_trmiss80_trlocclin,16,0.0001,1,64,1,0.2,lr1e-04_bs16_modL1_fusion64_fusionL1_drop0p2_trmiss80_trlocclin,20,0.40937548875808716,0.5863074064254761,0.7836134453781513,0.8493410143269927,0.7777777777777778,0.0,0.0,0.0,0.0,2002,clin,0.8
3,2,lr1e-04_bs16_modL1_fusion64_fusionL1_drop0p2_trmiss80_trlocclin,16,0.0001,1,64,1,0.2,lr1e-04_bs16_modL1_fusion64_fusionL1_drop0p2_trmiss80_trlocclin,21,0.4045867547392845,0.5952446659406027,0.7521008403361344,0.8246741936046627,0.7333333333333333,0.0,0.0,0.0,0.0,2002,clin,0.8
3,2,lr1e-04_bs16_modL1_fusion64_fusionL1_drop0p2_trmiss80_trlocclin,16,0.0001,1,64,1,0.2,lr1e-04_bs16_modL1_fusion64_fusionL1_drop0p2_trmiss80_trlocclin,22,0.39066799730062485,0.5926913817723592,0.7584033613445378,0.8310412213692733,0.7111111111111111,0.0,0.0,0.0,0.0,2002,clin,0.8
3,2,lr1e-04_bs16_modL1_fusion64_fusionL1_drop0p2_trmiss80_trlocclin,16,0.0001,1,64,1,0.2,lr1e-04_bs16_modL1_fusion64_fusionL1_drop0p2_trmiss80_trlocclin,23,0.35995904356241226,0.5964464147885641,0.7394957983193278,0.7984225680006752,0.7111111111111111,0.0,0.0,0.0,0.0,2002,clin,0.8
3,2,lr1e-04_bs16_modL1_fusion64_fusionL1_drop0p2_trmiss80_trlocclin,16,0.0001,1,64,1,0.2,lr1e-04_bs16_modL1_fusion64_fusionL1_drop0p2_trmiss80_trlocclin,24,0.38504285365343094,0.6042594512303671,0.7352941176470588,0.7974959268623558,0.7111111111111111,0.0,0.0,0.0,0.0,2002,clin,0.8
3,2,lr1e-04_bs16_modL1_fusion64_fusionL1_drop0p2_trmiss80_trlocclin,16,0.0001,1,64,1,0.2,lr1e-04_bs16_modL1_fusion64_fusionL1_drop0p2_trmiss80_trlocclin,25,0.35013273109992343,0.5878008604049683,0.7436974789915967,0.8200388544317065,0.7555555555555555,0.0,0.0,0.0,0.0,2002,clin,0.8
3,2,lr1e-04_bs16_modL1_fusion64_fusionL1_drop0p2_trmiss80_trlocclin,16,0.0001,1,64,1,0.2,lr1e-04_bs16_modL1_fusion64_fusionL1_drop0p2_trmiss80_trlocclin,26,0.3436585068702698,0.604450503985087,0.726890756302521,0.7955858150391277,0.7111111111111111,0.0,0.0,0.0,0.0,2002,clin,0.8
3,2,lr1e-04_bs16_modL1_fusion64_fusionL1_drop0p2_trmiss80_trlocclin,16,0.0001,1,64,1,0.2,lr1e-04_bs16_modL1_fusion64_fusionL1_drop0p2_trmiss80_trlocclin,27,0.3609868586063385,0.6055736144383749,0.73109243697479,0.7998315529319714,0.7111111111111111,0.0,0.0,0.0,0.0,2002,clin,0.8
3,2,lr1e-04_bs16_modL1_fusion64_fusionL1_drop0p2_trmiss80_trlocclin,16,0.0001,1,64,1,0.2,lr1e-04_bs16_modL1_fusion64_fusionL1_drop0p2_trmiss80_trlocclin,28,0.33526284247636795,0.6043904026349386,0.7142857142857143,0.7825755459053363,0.7333333333333333,0.0,0.0,0.0,0.0,2002,clin,0.8
3,2,lr1e-04_bs16_modL1_fusion64_fusionL1_drop0p2_trmiss80_trlocclin,16,0.0001,1,64,1,0.2,lr1e-04_bs16_modL1_fusion64_fusionL1_drop0p2_trmiss80_trlocclin,29,0.32718172917763394,0.6069102883338928,0.7226890756302522,0.7795349381105936,0.7111111111111111,0.0,0.0,0.0,0.0,2002,clin,0.8
3,2,lr1e-04_bs16_modL1_fusion64_fusionL1_drop0p2_trmiss80_trlocclin,16,0.0001,1,64,1,0.2,lr1e-04_bs16_modL1_fusion64_fusionL1_drop0p2_trmiss80_trlocclin,30,0.29886763791243237,0.6182577013969421,0.71218487394958,0.7664319802366755,0.6888888888888889,0.0,0.0,0.0,0.0,2002,clin,0.8
3,2,lr1e-04_bs16_modL1_fusion64_fusionL1_drop0p2_trmiss80_trlocclin,16,0.0001,1,64,1,0.2,lr1e-04_bs16_modL1_fusion64_fusionL1_drop0p2_trmiss80_trlocclin,31,0.3059486622611682,0.6099072694778442,0.7268907563025211,0.7814931437093987,0.7111111111111111,0.0,0.0,0.0,0.0,2002,clin,0.8
3,2,lr1e-04_bs16_modL1_fusion64_fusionL1_drop0p2_trmiss80_trlocclin,16,0.0001,1,64,1,0.2,lr1e-04_bs16_modL1_fusion64_fusionL1_drop0p2_trmiss80_trlocclin,32,0.2971827412645022,0.6029531160990397,0.7289915966386555,0.794577172350162,0.7333333333333333,0.0,0.0,0.0,0.0,2002,clin,0.8
3,2,lr1e-04_bs16_modL1_fusion64_fusionL1_drop0p2_trmiss80_trlocclin,16,0.0001,1,64,1,0.2,lr1e-04_bs16_modL1_fusion64_fusionL1_drop0p2_trmiss80_trlocclin,33,0.2878325345615546,0.6063014070192972,0.7226890756302521,0.7897449228311798,0.7333333333333333,0.0,0.0,0.0,0.0,2002,clin,0.8
3,2,lr1e-04_bs16_modL1_fusion64_fusionL1_drop0p2_trmiss80_trlocclin,16,0.0001,1,64,1,0.2,lr1e-04_bs16_modL1_fusion64_fusionL1_drop0p2_trmiss80_trlocclin,34,0.32625504583120346,0.5952865282694498,0.7289915966386555,0.7913227617649243,0.7555555555555555,0.0,0.0,0.0,0.0,2002,clin,0.8
3,2,lr1e-04_bs16_modL1_fusion64_fusionL1_drop0p2_trmiss80_trlocclin,16,0.0001,1,64,1,0.2,lr1e-04_bs16_modL1_fusion64_fusionL1_drop0p2_trmiss80_trlocclin,35,0.2925945445895195,0.6041562557220459,0.7268907563025211,0.7887013000301621,0.7111111111111111,0.0,0.0,0.0,0.0,2002,clin,0.8
3,2,lr1e-04_bs16_modL1_fusion64_fusionL1_drop0p2_trmiss80_trlocclin,16,0.0001,1,64,1,0.2,lr1e-04_bs16_modL1_fusion64_fusionL1_drop0p2_trmiss80_trlocclin,36,0.32100052386522293,0.6037570238113403,0.7142857142857144,0.7699669193314957,0.7333333333333333,0.0,0.0,0.0,0.0,2002,clin,0.8
3,2,lr1e-04_bs16_modL1_fusion64_fusionL1_drop0p2_trmiss80_trlocclin,16,0.0001,1,64,1,0.2,lr1e-04_bs16_modL1_fusion64_fusionL1_drop0p2_trmiss80_trlocclin,37,0.305734450618426,0.6154844164848328,0.7058823529411765,0.7606455120280771,0.6888888888888889,0.0,0.0,0.0,0.0,2002,clin,0.8
3,2,lr1e-04_bs16_modL1_fusion64_fusionL1_drop0p2_trmiss80_trlocclin,16,0.0001,1,64,1,0.2,lr1e-04_bs16_modL1_fusion64_fusionL1_drop0p2_trmiss80_trlocclin,38,0.2923333744208018,0.6194950739542643,0.6953781512605042,0.7350320791984621,0.6888888888888889,0.0,0.0,0.0,0.0,2002,clin,0.8
3,2,lr1e-04_bs16_modL1_fusion64_fusionL1_drop0p2_trmiss80_trlocclin,16,0.0001,1,64,1,0.2,lr1e-04_bs16_modL1_fusion64_fusionL1_drop0p2_trmiss80_trlocclin,39,0.29368722687164944,0.6245928406715393,0.7016806722689075,0.7444681831221437,0.6888888888888889,0.0,0.0,0.0,0.0,2002,clin,0.8
3,2,lr1e-04_bs16_modL1_fusion64_fusionL1_drop0p2_trmiss80_trlocclin,16,0.0001,1,64,1,0.2,lr1e-04_bs16_modL1_fusion64_fusionL1_drop0p2_trmiss80_trlocclin,40,0.3064959409336249,0.6214193900426229,0.7100840336134454,0.7499863580114366,0.6888888888888889,0.0,0.0,0.0,0.0,2002,clin,0.8
3,2,lr1e-04_bs16_modL1_fusion64_fusionL1_drop0p1_trmiss80_trlocclin,16,0.0001,1,64,1,0.1,lr1e-04_bs16_modL1_fusion64_fusionL1_drop0p1_trmiss80_trlocclin,1,0.6752913445234299,0.6829604307810465,0.5504201680672269,0.6625271281068897,0.5555555555555556,0.0,0.0,0.0,0.0,2002,clin,0.8
3,2,lr1e-04_bs16_modL1_fusion64_fusionL1_drop0p1_trmiss80_trlocclin,16,0.0001,1,64,1,0.1,lr1e-04_bs16_modL1_fusion64_fusionL1_drop0p1_trmiss80_trlocclin,2,0.6448513915141424,0.6741958061854044,0.5798319327731093,0.673054455975549,0.6,0.0,0.0,0.0,0.0,2002,clin,0.8
3,2,lr1e-04_bs16_modL1_fusion64_fusionL1_drop0p1_trmiss80_trlocclin,16,0.0001,1,64,1,0.1,lr1e-04_bs16_modL1_fusion64_fusionL1_drop0p1_trmiss80_trlocclin,3,0.5902008041739464,0.6708581844965616,0.5903361344537815,0.6771322581583875,0.6,0.0,0.0,0.0,0.0,2002,clin,0.8
3,2,lr1e-04_bs16_modL1_fusion64_fusionL1_drop0p1_trmiss80_trlocclin,16,0.0001,1,64,1,0.1,lr1e-04_bs16_modL1_fusion64_fusionL1_drop0p1_trmiss80_trlocclin,4,0.5622067203124365,0.664164662361145,0.6029411764705883,0.6728111252394425,0.6444444444444445,0.0,0.0,0.0,0.0,2002,clin,0.8
3,2,lr1e-04_bs16_modL1_fusion64_fusionL1_drop0p1_trmiss80_trlocclin,16,0.0001,1,64,1,0.1,lr1e-04_bs16_modL1_fusion64_fusionL1_drop0p1_trmiss80_trlocclin,5,0.556146023174127,0.6616018414497375,0.6113445378151261,0.6775555122600171,0.6444444444444445,0.0,0.0,0.0,0.0,2002,clin,0.8
3,2,lr1e-04_bs16_modL1_fusion64_fusionL1_drop0p1_trmiss80_trlocclin,16,0.0001,1,64,1,0.1,lr1e-04_bs16_modL1_fusion64_fusionL1_drop0p1_trmiss80_trlocclin,6,0.5291858663161596,0.6623361508051554,0.6218487394957983,0.6813498263311238,0.6444444444444445,0.0,0.0,0.0,0.0,2002,clin,0.8
3,2,lr1e-04_bs16_modL1_fusion64_fusionL1_drop0p1_trmiss80_trlocclin,16,0.0001,1,64,1,0.1,lr1e-04_bs16_modL1_fusion64_fusionL1_drop0p1_trmiss80_trlocclin,7,0.4977853571375211,0.6548647880554199,0.6239495798319328,0.6780987731402155,0.6444444444444445,0.0,0.0,0.0,0.0,2002,clin,0.8
3,2,lr1e-04_bs16_modL1_fusion64_fusionL1_drop0p1_trmiss80_trlocclin,16,0.0001,1,64,1,0.1,lr1e-04_bs16_modL1_fusion64_fusionL1_drop0p1_trmiss80_trlocclin,8,0.48267410943905514,0.6472551226615906,0.6386554621848739,0.6956515754571001,0.6222222222222222,0.0,0.0,0.0,0.0,2002,clin,0.8
3,2,lr1e-04_bs16_modL1_fusion64_fusionL1_drop0p1_trmiss80_trlocclin,16,0.0001,1,64,1,0.1,lr1e-04_bs16_modL1_fusion64_fusionL1_drop0p1_trmiss80_trlocclin,9,0.4713838944832484,0.6516904234886169,0.6260504201680672,0.6843877008881339,0.6222222222222222,0.0,0.0,0.0,0.0,2002,clin,0.8
3,2,lr1e-04_bs16_modL1_fusion64_fusionL1_drop0p1_trmiss80_trlocclin,16,0.0001,1,64,1,0.1,lr1e-04_bs16_modL1_fusion64_fusionL1_drop0p1_trmiss80_trlocclin,10,0.4463144466280937,0.6437999407450358,0.6491596638655462,0.6867838675324293,0.6444444444444445,0.0,0.0,0.0,0.0,2002,clin,0.8
3,2,lr1e-04_bs16_modL1_fusion64_fusionL1_drop0p1_trmiss80_trlocclin,16,0.0001,1,64,1,0.1,lr1e-04_bs16_modL1_fusion64_fusionL1_drop0p1_trmiss80_trlocclin,11,0.42194628715515137,0.6469598015149435,0.6365546218487396,0.6815591451373719,0.6444444444444445,0.0,0.0,0.0,0.0,2002,clin,0.8
3,2,lr1e-04_bs16_modL1_fusion64_fusionL1_drop0p1_trmiss80_trlocclin,16,0.0001,1,64,1,0.1,lr1e-04_bs16_modL1_fusion64_fusionL1_drop0p1_trmiss80_trlocclin,12,0.4332376296321551,0.6357387900352478,0.6617647058823529,0.6988034635000625,0.7111111111111111,0.0,0.0,0.0,0.0,2002,clin,0.8
3,2,lr1e-04_bs16_modL1_fusion64_fusionL1_drop0p1_trmiss80_trlocclin,16,0.0001,1,64,1,0.1,lr1e-04_bs16_modL1_fusion64_fusionL1_drop0p1_trmiss80_trlocclin,13,0.4083593140045802,0.6389866868654887,0.6596638655462186,0.7014150807874865,0.6666666666666666,0.0,0.0,0.0,0.0,2002,clin,0.8
3,2,lr1e-04_bs16_modL1_fusion64_fusionL1_drop0p1_trmiss80_trlocclin,16,0.0001,1,64,1,0.1,lr1e-04_bs16_modL1_fusion64_fusionL1_drop0p1_trmiss80_trlocclin,14,0.41147515177726746,0.6401171286900839,0.6491596638655462,0.7076268288264137,0.6444444444444445,0.0,0.0,0.0,0.0,2002,clin,0.8
3,2,lr1e-04_bs16_modL1_fusion64_fusionL1_drop0p1_trmiss80_trlocclin,16,0.0001,1,64,1,0.1,lr1e-04_bs16_modL1_fusion64_fusionL1_drop0p1_trmiss80_trlocclin,15,0.3992011919617653,0.6479434370994568,0.6470588235294118,0.6962207449975601,0.6666666666666666,0.0,0.0,0.0,0.0,2002,clin,0.8
3,2,lr1e-04_bs16_modL1_fusion64_fusionL1_drop0p1_trmiss80_trlocclin,16,0.0001,1,64,1,0.1,lr1e-04_bs16_modL1_fusion64_fusionL1_drop0p1_trmiss80_trlocclin,16,0.37865496426820755,0.6360367139180502,0.657563025210084,0.7015076767408003,0.7111111111111111,0.0,0.0,0.0,0.0,2002,clin,0.8
3,2,lr1e-04_bs16_modL1_fusion64_fusionL1_drop0p1_trmiss80_trlocclin,16,0.0001,1,64,1,0.1,lr1e-04_bs16_modL1_fusion64_fusionL1_drop0p1_trmiss80_trlocclin,17,0.32016295194625854,0.6234198411305746,0.6701680672268908,0.7098508383894829,0.7111111111111111,0.0,0.0,0.0,0.0,2002,clin,0.8
3,2,lr1e-04_bs16_modL1_fusion64_fusionL1_drop0p1_trmiss80_trlocclin,16,0.0001,1,64,1,0.1,lr1e-04_bs16_modL1_fusion64_fusionL1_drop0p1_trmiss80_trlocclin,18,0.34894214073816937,0.6265491445859274,0.6596638655462185,0.7016647402253899,0.7111111111111111,0.0,0.0,0.0,0.0,2002,clin,0.8
3,2,lr1e-04_bs16_modL1_fusion64_fusionL1_drop0p1_trmiss80_trlocclin,16,0.0001,1,64,1,0.1,lr1e-04_bs16_modL1_fusion64_fusionL1_drop0p1_trmiss80_trlocclin,19,0.34235044072071713,0.6318450371424357,0.6764705882352942,0.7155566177050051,0.6888888888888889,0.0,0.0,0.0,0.0,2002,clin,0.8
3,2,lr1e-04_bs16_modL1_fusion64_fusionL1_drop0p1_trmiss80_trlocclin,16,0.0001,1,64,1,0.1,lr1e-04_bs16_modL1_fusion64_fusionL1_drop0p1_trmiss80_trlocclin,20,0.30209722245732945,0.637358287970225,0.6428571428571429,0.6920192848567989,0.6666666666666666,0.0,0.0,0.0,0.0,2002,clin,0.8
3,2,lr1e-04_bs16_modL1_fusion64_fusionL1_drop0p1_trmiss80_trlocclin,16,0.0001,1,64,1,0.1,lr1e-04_bs16_modL1_fusion64_fusionL1_drop0p1_trmiss80_trlocclin,21,0.29084424301981926,0.6260372002919515,0.6512605042016807,0.6987353430930311,0.6888888888888889,0.0,0.0,0.0,0.0,2002,clin,0.8
3,2,lr1e-04_bs16_modL1_fusion64_fusionL1_drop0p1_trmiss80_trlocclin,16,0.0001,1,64,1,0.1,lr1e-04_bs16_modL1_fusion64_fusionL1_drop0p1_trmiss80_trlocclin,22,0.2909906432032585,0.6360371907552084,0.6449579831932772,0.6941121805581042,0.6888888888888889,0.0,0.0,0.0,0.0,2002,clin,0.8
3,2,lr1e-04_bs16_modL1_fusion64_fusionL1_drop0p1_trmiss80_trlocclin,16,0.0001,1,64,1,0.1,lr1e-04_bs16_modL1_fusion64_fusionL1_drop0p1_trmiss80_trlocclin,23,0.28619131073355675,0.6468796133995056,0.6323529411764706,0.6921332969179042,0.6666666666666666,0.0,0.0,0.0,0.0,2002,clin,0.8
3,2,lr1e-04_bs16_modL1_fusion64_fusionL1_drop0p1_trmiss80_trlocclin,16,0.0001,1,64,1,0.1,lr1e-04_bs16_modL1_fusion64_fusionL1_drop0p1_trmiss80_trlocclin,24,0.30039987961451214,0.6435423692067465,0.615546218487395,0.676718312231721,0.6666666666666666,0.0,0.0,0.0,0.0,2002,clin,0.8
3,2,lr1e-04_bs16_modL1_fusion64_fusionL1_drop0p1_trmiss80_trlocclin,16,0.0001,1,64,1,0.1,lr1e-04_bs16_modL1_fusion64_fusionL1_drop0p1_trmiss80_trlocclin,25,0.2594689664741357,0.6452101469039917,0.6323529411764706,0.6834792648829767,0.6666666666666666,0.0,0.0,0.0,0.0,2002,clin,0.8
3,2,lr1e-04_bs16_modL1_fusion64_fusionL1_drop0p1_trmiss80_trlocclin,16,0.0001,1,64,1,0.1,lr1e-04_bs16_modL1_fusion64_fusionL1_drop0p1_trmiss80_trlocclin,26,0.26215408990780514,0.6519307494163513,0.6323529411764706,0.6825940210039633,0.6444444444444445,0.0,0.0,0.0,0.0,2002,clin,0.8
3,2,lr1e-04_bs16_modL1_fusion64_fusionL1_drop0p1_trmiss80_trlocclin,16,0.0001,1,64,1,0.1,lr1e-04_bs16_modL1_fusion64_fusionL1_drop0p1_trmiss80_trlocclin,27,0.2521704336007436,0.6544782121976217,0.6302521008403361,0.6821498212661822,0.6444444444444445,0.0,0.0,0.0,0.0,2002,clin,0.8
3,2,lr1e-04_bs16_modL1_fusion64_fusionL1_drop0p1_trmiss80_trlocclin,16,0.0001,1,64,1,0.1,lr1e-04_bs16_modL1_fusion64_fusionL1_drop0p1_trmiss80_trlocclin,28,0.25374337534109753,0.6550731460253397,0.6302521008403361,0.6841207084352792,0.6666666666666666,0.0,0.0,0.0,0.0,2002,clin,0.8
3,2,lr1e-04_bs16_modL1_fusion64_fusionL1_drop0p1_trmiss80_trlocclin,16,0.0001,1,64,1,0.1,lr1e-04_bs16_modL1_fusion64_fusionL1_drop0p1_trmiss80_trlocclin,29,0.23031660293539366,0.6502305666605631,0.6239495798319328,0.6829675758850493,0.6666666666666666,0.0,0.0,0.0,0.0,2002,clin,0.8
3,2,lr1e-04_bs16_modL1_fusion64_fusionL1_drop0p1_trmiss80_trlocclin,16,0.0001,1,64,1,0.1,lr1e-04_bs16_modL1_fusion64_fusionL1_drop0p1_trmiss80_trlocclin,30,0.24962592124938965,0.65390545129776,0.6281512605042017,0.6824885495303041,0.6666666666666666,0.0,0.0,0.0,0.0,2002,clin,0.8
3,2,lr1e-04_bs16_modL1_fusion64_fusionL1_drop0p1_trmiss80_trlocclin,16,0.0001,1,64,1,0.1,lr1e-04_bs16_modL1_fusion64_fusionL1_drop0p1_trmiss80_trlocclin,31,0.22458574300011,0.6595749855041504,0.6092436974789915,0.6713437915518368,0.6444444444444445,0.0,0.0,0.0,0.0,2002,clin,0.8
3,2,lr1e-04_bs16_modL1_fusion64_fusionL1_drop0p1_trmiss80_trlocclin,16,0.0001,1,64,1,0.1,lr1e-04_bs16_modL1_fusion64_fusionL1_drop0p1_trmiss80_trlocclin,32,0.2464064247906208,0.6501743793487549,0.6302521008403361,0.683673863572761,0.6444444444444445,0.0,0.0,0.0,0.0,2002,clin,0.8
3,2,lr1e-04_bs16_modL1_fusion64_fusionL1_drop0p1_trmiss80_trlocclin,16,0.0001,1,64,1,0.1,lr1e-04_bs16_modL1_fusion64_fusionL1_drop0p1_trmiss80_trlocclin,33,0.2758731159071128,0.6678375403086344,0.6092436974789915,0.6755054387546237,0.6444444444444445,0.0,0.0,0.0,0.0,2002,clin,0.8
3,2,lr1e-04_bs16_modL1_fusion64_fusionL1_drop0p1_trmiss80_trlocclin,16,0.0001,1,64,1,0.1,lr1e-04_bs16_modL1_fusion64_fusionL1_drop0p1_trmiss80_trlocclin,34,0.2316603809595108,0.6583415269851685,0.6197478991596639,0.6851491161971577,0.6444444444444445,0.0,0.0,0.0,0.0,2002,clin,0.8
3,2,lr1e-04_bs16_modL1_fusion64_fusionL1_drop0p1_trmiss80_trlocclin,16,0.0001,1,64,1,0.1,lr1e-04_bs16_modL1_fusion64_fusionL1_drop0p1_trmiss80_trlocclin,35,0.2367146760225296,0.6670195261637369,0.611344537815126,0.6741778579533493,0.6222222222222222,0.0,0.0,0.0,0.0,2002,clin,0.8
3,2,lr1e-04_bs16_modL1_fusion64_fusionL1_drop0p1_trmiss80_trlocclin,16,0.0001,1,64,1,0.1,lr1e-04_bs16_modL1_fusion64_fusionL1_drop0p1_trmiss80_trlocclin,36,0.2591643085082372,0.6658226450284322,0.6113445378151261,0.6705681003145977,0.6666666666666666,0.0,0.0,0.0,0.0,2002,clin,0.8
3,2,lr1e-04_bs16_modL1_fusion64_fusionL1_drop0p1_trmiss80_trlocclin,16,0.0001,1,64,1,0.1,lr1e-04_bs16_modL1_fusion64_fusionL1_drop0p1_trmiss80_trlocclin,37,0.2136287142833074,0.6692642768224081,0.6092436974789917,0.6701555958859488,0.6666666666666666,0.0,0.0,0.0,0.0,2002,clin,0.8
3,2,lr1e-04_bs16_modL1_fusion64_fusionL1_drop0p1_trmiss80_trlocclin,16,0.0001,1,64,1,0.1,lr1e-04_bs16_modL1_fusion64_fusionL1_drop0p1_trmiss80_trlocclin,38,0.22224991271893182,0.6721307436625162,0.6050420168067226,0.6691385053368386,0.6444444444444445,0.0,0.0,0.0,0.0,2002,clin,0.8
3,2,lr1e-04_bs16_modL1_fusion64_fusionL1_drop0p1_trmiss80_trlocclin,16,0.0001,1,64,1,0.1,lr1e-04_bs16_modL1_fusion64_fusionL1_drop0p1_trmiss80_trlocclin,39,0.22356613725423813,0.67123415072759,0.6029411764705882,0.6661306788231977,0.6222222222222222,0.0,0.0,0.0,0.0,2002,clin,0.8
3,2,lr5e-05_bs32_modL1_fusion32_fusionL1_drop0p2_trmiss80_trlocclin,32,5e-05,1,32,1,0.2,lr5e-05_bs32_modL1_fusion32_fusionL1_drop0p2_trmiss80_trlocclin,1,0.7169380187988281,0.6818083226680756,0.5483193277310925,0.6367618863713178,0.6,0.0,0.0,0.0,0.0,2002,clin,0.8
3,2,lr5e-05_bs32_modL1_fusion32_fusionL1_drop0p2_trmiss80_trlocclin,32,5e-05,1,32,1,0.2,lr5e-05_bs32_modL1_fusion32_fusionL1_drop0p2_trmiss80_trlocclin,2,0.6954702039559683,0.6784942746162415,0.5588235294117647,0.6464879997592303,0.5333333333333333,0.0,0.0,0.0,0.0,2002,clin,0.8
3,2,lr5e-05_bs32_modL1_fusion32_fusionL1_drop0p2_trmiss80_trlocclin,32,5e-05,1,32,1,0.2,lr5e-05_bs32_modL1_fusion32_fusionL1_drop0p2_trmiss80_trlocclin,3,0.677936057249705,0.6759397089481354,0.5882352941176471,0.6835625244561881,0.6222222222222222,0.0,0.0,0.0,0.0,2002,clin,0.8
3,2,lr5e-05_bs32_modL1_fusion32_fusionL1_drop0p2_trmiss80_trlocclin,32,5e-05,1,32,1,0.2,lr5e-05_bs32_modL1_fusion32_fusionL1_drop0p2_trmiss80_trlocclin,4,0.6711552441120148,0.6718067824840546,0.6197478991596639,0.7079144560840963,0.6888888888888889,0.0,0.0,0.0,0.0,2002,clin,0.8
3,2,lr5e-05_bs32_modL1_fusion32_fusionL1_drop0p2_trmiss80_trlocclin,32,5e-05,1,32,1,0.2,lr5e-05_bs32_modL1_fusion32_fusionL1_drop0p2_trmiss80_trlocclin,5,0.637786457935969,0.6683318316936493,0.6428571428571428,0.7268584503152907,0.6666666666666666,0.0,0.0,0.0,0.0,2002,clin,0.8
3,2,lr5e-05_bs32_modL1_fusion32_fusionL1_drop0p2_trmiss80_trlocclin,32,5e-05,1,32,1,0.2,lr5e-05_bs32_modL1_fusion32_fusionL1_drop0p2_trmiss80_trlocclin,6,0.6377370456854502,0.6659028232097626,0.6701680672268908,0.7436514246579986,0.6666666666666666,0.0,0.0,0.0,0.0,2002,clin,0.8
3,2,lr5e-05_bs32_modL1_fusion32_fusionL1_drop0p2_trmiss80_trlocclin,32,5e-05,1,32,1,0.2,lr5e-05_bs32_modL1_fusion32_fusionL1_drop0p2_trmiss80_trlocclin,7,0.6201309561729431,0.6611527502536774,0.6680672268907563,0.7558181293080919,0.6666666666666666,0.0,0.0,0.0,0.0,2002,clin,0.8
3,2,lr5e-05_bs32_modL1_fusion32_fusionL1_drop0p2_trmiss80_trlocclin,32,5e-05,1,32,1,0.2,lr5e-05_bs32_modL1_fusion32_fusionL1_drop0p2_trmiss80_trlocclin,8,0.6197328766187032,0.6575290262699127,0.6890756302521008,0.7746679635696617,0.6666666666666666,0.0,0.0,0.0,0.0,2002,clin,0.8
3,2,lr5e-05_bs32_modL1_fusion32_fusionL1_drop0p2_trmiss80_trlocclin,32,5e-05,1,32,1,0.2,lr5e-05_bs32_modL1_fusion32_fusionL1_drop0p2_trmiss80_trlocclin,9,0.6134233077367147,0.657408595085144,0.6995798319327731,0.7834032742320692,0.6222222222222222,0.0,0.0,0.0,0.0,2002,clin,0.8
3,2,lr5e-05_bs32_modL1_fusion32_fusionL1_drop0p2_trmiss80_trlocclin,32,5e-05,1,32,1,0.2,lr5e-05_bs32_modL1_fusion32_fusionL1_drop0p2_trmiss80_trlocclin,10,0.6013571123282114,0.6587953567504883,0.7079831932773109,0.7906685652029994,0.6666666666666666,0.0,0.0,0.0,0.0,2002,clin,0.8
3,2,lr5e-05_bs32_modL1_fusion32_fusionL1_drop0p2_trmiss80_trlocclin,32,5e-05,1,32,1,0.2,lr5e-05_bs32_modL1_fusion32_fusionL1_drop0p2_trmiss80_trlocclin,11,0.5835035641988119,0.6595498919487,0.7058823529411765,0.7749685853582828,0.6888888888888889,0.0,0.0,0.0,0.0,2002,clin,0.8
3,2,lr5e-05_bs32_modL1_fusion32_fusionL1_drop0p2_trmiss80_trlocclin,32,5e-05,1,32,1,0.2,lr5e-05_bs32_modL1_fusion32_fusionL1_drop0p2_trmiss80_trlocclin,12,0.5896345674991608,0.6583137214183807,0.7121848739495799,0.7796252114295699,0.6666666666666666,0.0,0.0,0.0,0.0,2002,clin,0.8
3,2,lr5e-05_bs32_modL1_fusion32_fusionL1_drop0p2_trmiss80_trlocclin,32,5e-05,1,32,1,0.2,lr5e-05_bs32_modL1_fusion32_fusionL1_drop0p2_trmiss80_trlocclin,13,0.5866338908672333,0.6571424603462219,0.707983193277311,0.7786441739763268,0.6888888888888889,0.0,0.0,0.0,0.0,2002,clin,0.8
3,2,lr5e-05_bs32_modL1_fusion32_fusionL1_drop0p2_trmiss80_trlocclin,32,5e-05,1,32,1,0.2,lr5e-05_bs32_modL1_fusion32_fusionL1_drop0p2_trmiss80_trlocclin,14,0.5868237316608429,0.657171905040741,0.6932773109243698,0.7880740827521311,0.6666666666666666,0.0,0.0,0.0,0.0,2002,clin,0.8
3,2,lr5e-05_bs32_modL1_fusion32_fusionL1_drop0p2_trmiss80_trlocclin,32,5e-05,1,32,1,0.2,lr5e-05_bs32_modL1_fusion32_fusionL1_drop0p2_trmiss80_trlocclin,15,0.5605681439240774,0.6584629416465759,0.6974789915966387,0.7745268179172723,0.6666666666666666,0.0,0.0,0.0,0.0,2002,clin,0.8
3,2,lr5e-05_bs32_modL1_fusion32_fusionL1_drop0p2_trmiss80_trlocclin,32,5e-05,1,32,1,0.2,lr5e-05_bs32_modL1_fusion32_fusionL1_drop0p2_trmiss80_trlocclin,16,0.5538616478443146,0.6599957644939423,0.6932773109243698,0.7715531929072185,0.6666666666666666,0.0,0.0,0.0,0.0,2002,clin,0.8
3,2,lr5e-05_bs32_modL1_fusion32_fusionL1_drop0p2_trmiss80_trlocclin,32,5e-05,1,32,1,0.2,lr5e-05_bs32_modL1_fusion32_fusionL1_drop0p2_trmiss80_trlocclin,17,0.5667666296164194,0.6640332341194153,0.6911764705882353,0.7676377311106592,0.6666666666666666,0.0,0.0,0.0,0.0,2002,clin,0.8
3,2,lr5e-05_bs32_modL1_fusion32_fusionL1_drop0p2_trmiss80_trlocclin,32,5e-05,1,32,1,0.2,lr5e-05_bs32_modL1_fusion32_fusionL1_drop0p2_trmiss80_trlocclin,18,0.5439309875170389,0.6617056727409363,0.6869747899159664,0.7635494567397063,0.6666666666666666,0.0,0.0,0.0,0.0,2002,clin,0.8
3,2,lr5e-05_bs32_modL1_fusion32_fusionL1_drop0p2_trmiss80_trlocclin,32,5e-05,1,32,1,0.2,lr5e-05_bs32_modL1_fusion32_fusionL1_drop0p2_trmiss80_trlocclin,19,0.5398390293121338,0.662916898727417,0.684873949579832,0.7623703343166868,0.6666666666666666,0.0,0.0,0.0,0.0,2002,clin,0.8
3,2,lr5e-05_bs32_modL1_fusion32_fusionL1_drop0p2_trmiss80_trlocclin,32,5e-05,1,32,1,0.2,lr5e-05_bs32_modL1_fusion32_fusionL1_drop0p2_trmiss80_trlocclin,20,0.5376091996828715,0.6639012098312378,0.6701680672268908,0.7553415922080575,0.6444444444444445,0.0,0.0,0.0,0.0,2002,clin,0.8
3,2,lr5e-05_bs32_modL1_fusion32_fusionL1_drop0p2_trmiss80_trlocclin,32,5e-05,1,32,1,0.2,lr5e-05_bs32_modL1_fusion32_fusionL1_drop0p2_trmiss80_trlocclin,21,0.5410183966159821,0.664081484079361,0.6743697478991597,0.7565864959314095,0.6666666666666666,0.0,0.0,0.0,0.0,2002,clin,0.8
3,2,lr5e-05_bs32_modL1_fusion32_fusionL1_drop0p2_trmiss80_trlocclin,32,5e-05,1,32,1,0.2,lr5e-05_bs32_modL1_fusion32_fusionL1_drop0p2_trmiss80_trlocclin,22,0.5461765825748444,0.6626062095165253,0.6890756302521008,0.7651447076776465,0.6444444444444445,0.0,0.0,0.0,0.0,2002,clin,0.8
3,2,lr5e-05_bs32_modL1_fusion32_fusionL1_drop0p2_trmiss80_trlocclin,32,5e-05,1,32,1,0.2,lr5e-05_bs32_modL1_fusion32_fusionL1_drop0p2_trmiss80_trlocclin,23,0.5283518731594086,0.665292501449585,0.6869747899159664,0.7632539602445065,0.6666666666666666,0.0,0.0,0.0,0.0,2002,clin,0.8
3,2,lr5e-05_bs32_modL1_fusion32_fusionL1_drop0p2_trmiss80_trlocclin,32,5e-05,1,32,1,0.2,lr5e-05_bs32_modL1_fusion32_fusionL1_drop0p2_trmiss80_trlocclin,24,0.5340069880088171,0.6660017371177673,0.6785714285714286,0.7529361461049254,0.6444444444444445,0.0,0.0,0.0,0.0,2002,clin,0.8
3,2,lr5e-05_bs32_modL1_fusion32_fusionL1_drop0p2_trmiss80_trlocclin,32,5e-05,1,32,1,0.2,lr5e-05_bs32_modL1_fusion32_fusionL1_drop0p2_trmiss80_trlocclin,25,0.5356772343317667,0.6645508408546448,0.6743697478991597,0.7513047374439001,0.6,0.0,0.0,0.0,0.0,2002,clin,0.8
3,2,lr5e-05_bs32_modL1_fusion32_fusionL1_drop0p2_trmiss80_trlocclin,32,5e-05,1,32,1,0.2,lr5e-05_bs32_modL1_fusion32_fusionL1_drop0p2_trmiss80_trlocclin,26,0.5140204330285391,0.6651938855648041,0.6701680672268908,0.7480611745852173,0.6444444444444445,0.0,0.0,0.0,0.0,2002,clin,0.8
3,2,lr5e-05_bs32_modL1_fusion32_fusionL1_drop0p2_trmiss80_trlocclin,32,5e-05,1,32,1,0.2,lr5e-05_bs32_modL1_fusion32_fusionL1_drop0p2_trmiss80_trlocclin,27,0.5047611743211746,0.6632945835590363,0.6701680672268908,0.751497369104428,0.6222222222222222,0.0,0.0,0.0,0.0,2002,clin,0.8
3,2,lr5e-05_bs32_modL1_fusion32_fusionL1_drop0p2_trmiss80_trlocclin,32,5e-05,1,32,1,0.2,lr5e-05_bs32_modL1_fusion32_fusionL1_drop0p2_trmiss80_trlocclin,28,0.5095298687616984,0.6650291681289673,0.6701680672268908,0.7534571299681873,0.6444444444444445,0.0,0.0,0.0,0.0,2002,clin,0.8
3,2,lr5e-05_bs32_modL1_fusion32_fusionL1_drop0p2_trmiss80_trlocclin,32,5e-05,1,32,1,0.2,lr5e-05_bs32_modL1_fusion32_fusionL1_drop0p2_trmiss80_trlocclin,29,0.5230739911397299,0.6676708459854126,0.6617647058823529,0.7475890430286717,0.6222222222222222,0.0,0.0,0.0,0.0,2002,clin,0.8
3,2,lr5e-05_bs32_modL1_fusion32_fusionL1_drop0p2_trmiss80_trlocclin,32,5e-05,1,32,1,0.2,lr5e-05_bs32_modL1_fusion32_fusionL1_drop0p2_trmiss80_trlocclin,30,0.5135570963223776,0.6664172112941742,0.6659663865546218,0.7490294007255625,0.6444444444444445,0.0,0.0,0.0,0.0,2002,clin,0.8
3,2,lr5e-05_bs32_modL1_fusion32_fusionL1_drop0p2_trmiss80_trlocclin,32,5e-05,1,32,1,0.2,lr5e-05_bs32_modL1_fusion32_fusionL1_drop0p2_trmiss80_trlocclin,31,0.509108250339826,0.667119026184082,0.6617647058823529,0.7481132634943946,0.6444444444444445,0.0,0.0,0.0,0.0,2002,clin,0.8
3,2,lr5e-05_bs32_modL1_fusion32_fusionL1_drop0p2_trmiss80_trlocclin,32,5e-05,1,32,1,0.2,lr5e-05_bs32_modL1_fusion32_fusionL1_drop0p2_trmiss80_trlocclin,32,0.5254810055096945,0.6678595840930939,0.6617647058823529,0.7494100322018776,0.6444444444444445,0.0,0.0,0.0,0.0,2002,clin,0.8
3,2,lr5e-05_bs32_modL1_fusion32_fusionL1_drop0p1_trmiss80_trlocclin,32,5e-05,1,32,1,0.1,lr5e-05_bs32_modL1_fusion32_fusionL1_drop0p1_trmiss80_trlocclin,1,0.6852478285630544,0.6877408921718597,0.5777310924369747,0.6713240352555008,0.6222222222222222,0.0,0.0,0.0,0.0,2002,clin,0.8
3,2,lr5e-05_bs32_modL1_fusion32_fusionL1_drop0p1_trmiss80_trlocclin,32,5e-05,1,32,1,0.1,lr5e-05_bs32_modL1_fusion32_fusionL1_drop0p1_trmiss80_trlocclin,2,0.6550618012746176,0.6834922432899475,0.5798319327731093,0.6966482954207818,0.5777777777777777,0.0,0.0,0.0,0.0,2002,clin,0.8
3,2,lr5e-05_bs32_modL1_fusion32_fusionL1_drop0p1_trmiss80_trlocclin,32,5e-05,1,32,1,0.1,lr5e-05_bs32_modL1_fusion32_fusionL1_drop0p1_trmiss80_trlocclin,3,0.6298760771751404,0.6787682771682739,0.6113445378151261,0.7218197773352018,0.5555555555555556,0.0,0.0,0.0,0.0,2002,clin,0.8
3,2,lr5e-05_bs32_modL1_fusion32_fusionL1_drop0p1_trmiss80_trlocclin,32,5e-05,1,32,1,0.1,lr5e-05_bs32_modL1_fusion32_fusionL1_drop0p1_trmiss80_trlocclin,4,0.6066152056058248,0.6745461821556091,0.6176470588235294,0.7260641537998154,0.5777777777777777,0.0,0.0,0.0,0.0,2002,clin,0.8
3,2,lr5e-05_bs32_modL1_fusion32_fusionL1_drop0p1_trmiss80_trlocclin,32,5e-05,1,32,1,0.1,lr5e-05_bs32_modL1_fusion32_fusionL1_drop0p1_trmiss80_trlocclin,5,0.6020984848340353,0.671223521232605,0.6029411764705882,0.7154966401393206,0.6,0.0,0.0,0.0,0.0,2002,clin,0.8
3,2,lr5e-05_bs32_modL1_fusion32_fusionL1_drop0p1_trmiss80_trlocclin,32,5e-05,1,32,1,0.1,lr5e-05_bs32_modL1_fusion32_fusionL1_drop0p1_trmiss80_trlocclin,6,0.6004356741905212,0.6658362150192261,0.6218487394957983,0.7394521998695196,0.5777777777777777,0.0,0.0,0.0,0.0,2002,clin,0.8
3,2,lr5e-05_bs32_modL1_fusion32_fusionL1_drop0p1_trmiss80_trlocclin,32,5e-05,1,32,1,0.1,lr5e-05_bs32_modL1_fusion32_fusionL1_drop0p1_trmiss80_trlocclin,7,0.5757779777050018,0.6630906760692596,0.6239495798319328,0.7354014991082927,0.6,0.0,0.0,0.0,0.0,2002,clin,0.8
3,2,lr5e-05_bs32_modL1_fusion32_fusionL1_drop0p1_trmiss80_trlocclin,32,5e-05,1,32,1,0.1,lr5e-05_bs32_modL1_fusion32_fusionL1_drop0p1_trmiss80_trlocclin,8,0.5592980782190958,0.6622962355613708,0.6302521008403361,0.7559519987063394,0.6444444444444445,0.0,0.0,0.0,0.0,2002,clin,0.8
3,2,lr5e-05_bs32_modL1_fusion32_fusionL1_drop0p1_trmiss80_trlocclin,32,5e-05,1,32,1,0.1,lr5e-05_bs32_modL1_fusion32_fusionL1_drop0p1_trmiss80_trlocclin,9,0.551760713259379,0.6603667736053467,0.6239495798319328,0.7311698477944271,0.6222222222222222,0.0,0.0,0.0,0.0,2002,clin,0.8
3,2,lr5e-05_bs32_modL1_fusion32_fusionL1_drop0p1_trmiss80_trlocclin,32,5e-05,1,32,1,0.1,lr5e-05_bs32_modL1_fusion32_fusionL1_drop0p1_trmiss80_trlocclin,10,0.5426443119843801,0.6590270400047302,0.6281512605042017,0.7298955867450388,0.6444444444444445,0.0,0.0,0.0,0.0,2002,clin,0.8
3,2,lr5e-05_bs32_modL1_fusion32_fusionL1_drop0p1_trmiss80_trlocclin,32,5e-05,1,32,1,0.1,lr5e-05_bs32_modL1_fusion32_fusionL1_drop0p1_trmiss80_trlocclin,11,0.5366980830828348,0.6587721109390259,0.6260504201680672,0.7270305722471029,0.6222222222222222,0.0,0.0,0.0,0.0,2002,clin,0.8
3,2,lr5e-05_bs32_modL1_fusion32_fusionL1_drop0p1_trmiss80_trlocclin,32,5e-05,1,32,1,0.1,lr5e-05_bs32_modL1_fusion32_fusionL1_drop0p1_trmiss80_trlocclin,12,0.5096705655256907,0.657534658908844,0.6365546218487395,0.7381608174853552,0.6,0.0,0.0,0.0,0.0,2002,clin,0.8
3,2,lr5e-05_bs32_modL1_fusion32_fusionL1_drop0p1_trmiss80_trlocclin,32,5e-05,1,32,1,0.1,lr5e-05_bs32_modL1_fusion32_fusionL1_drop0p1_trmiss80_trlocclin,13,0.5079291760921478,0.6531095802783966,0.6512605042016807,0.7540508477943828,0.6222222222222222,0.0,0.0,0.0,0.0,2002,clin,0.8
3,2,lr5e-05_bs32_modL1_fusion32_fusionL1_drop0p1_trmiss80_trlocclin,32,5e-05,1,32,1,0.1,lr5e-05_bs32_modL1_fusion32_fusionL1_drop0p1_trmiss80_trlocclin,14,0.5038403669993082,0.6499905586242676,0.6491596638655462,0.7589193837096482,0.6666666666666666,0.0,0.0,0.0,0.0,2002,clin,0.8
3,2,lr5e-05_bs32_modL1_fusion32_fusionL1_drop0p1_trmiss80_trlocclin,32,5e-05,1,32,1,0.1,lr5e-05_bs32_modL1_fusion32_fusionL1_drop0p1_trmiss80_trlocclin,15,0.49689724544684094,0.6492508351802826,0.661764705882353,0.7624821678402998,0.6444444444444445,0.0,0.0,0.0,0.0,2002,clin,0.8
3,2,lr5e-05_bs32_modL1_fusion32_fusionL1_drop0p1_trmiss80_trlocclin,32,5e-05,1,32,1,0.1,lr5e-05_bs32_modL1_fusion32_fusionL1_drop0p1_trmiss80_trlocclin,16,0.49293093383312225,0.6543166041374207,0.6533613445378151,0.7651320677493163,0.6444444444444445,0.0,0.0,0.0,0.0,2002,clin,0.8
3,2,lr5e-05_bs32_modL1_fusion32_fusionL1_drop0p1_trmiss80_trlocclin,32,5e-05,1,32,1,0.1,lr5e-05_bs32_modL1_fusion32_fusionL1_drop0p1_trmiss80_trlocclin,17,0.4880792548259099,0.6523196995258331,0.6638655462184874,0.7763947409096942,0.6222222222222222,0.0,0.0,0.0,0.0,2002,clin,0.8
3,2,lr5e-05_bs32_modL1_fusion32_fusionL1_drop0p1_trmiss80_trlocclin,32,5e-05,1,32,1,0.1,lr5e-05_bs32_modL1_fusion32_fusionL1_drop0p1_trmiss80_trlocclin,18,0.485435093442599,0.6491742730140686,0.6680672268907563,0.7823279511262157,0.6666666666666666,0.0,0.0,0.0,0.0,2002,clin,0.8
3,2,lr5e-05_bs32_modL1_fusion32_fusionL1_drop0p1_trmiss80_trlocclin,32,5e-05,1,32,1,0.1,lr5e-05_bs32_modL1_fusion32_fusionL1_drop0p1_trmiss80_trlocclin,19,0.4629236658414205,0.6471988558769226,0.6722689075630253,0.7852737578972105,0.6666666666666666,0.0,0.0,0.0,0.0,2002,clin,0.8
3,2,lr5e-05_bs32_modL1_fusion32_fusionL1_drop0p1_trmiss80_trlocclin,32,5e-05,1,32,1,0.1,lr5e-05_bs32_modL1_fusion32_fusionL1_drop0p1_trmiss80_trlocclin,20,0.4591317375500997,0.6489190459251404,0.6722689075630253,0.7855893974233763,0.6666666666666666,0.0,0.0,0.0,0.0,2002,clin,0.8
3,2,lr5e-05_bs32_modL1_fusion32_fusionL1_drop0p1_trmiss80_trlocclin,32,5e-05,1,32,1,0.1,lr5e-05_bs32_modL1_fusion32_fusionL1_drop0p1_trmiss80_trlocclin,21,0.4691775341828664,0.6493803858757019,0.6659663865546219,0.7723836032586712,0.6666666666666666,0.0,0.0,0.0,0.0,2002,clin,0.8
3,2,lr5e-05_bs32_modL1_fusion32_fusionL1_drop0p1_trmiss80_trlocclin,32,5e-05,1,32,1,0.1,lr5e-05_bs32_modL1_fusion32_fusionL1_drop0p1_trmiss80_trlocclin,22,0.4582963486512502,0.6501907408237457,0.6533613445378151,0.7645236922136651,0.6444444444444445,0.0,0.0,0.0,0.0,2002,clin,0.8
3,2,lr5e-05_bs32_modL1_fusion32_fusionL1_drop0p1_trmiss80_trlocclin,32,5e-05,1,32,1,0.1,lr5e-05_bs32_modL1_fusion32_fusionL1_drop0p1_trmiss80_trlocclin,23,0.4462060332298279,0.6512210369110107,0.6470588235294118,0.7448219477631827,0.6888888888888889,0.0,0.0,0.0,0.0,2002,clin,0.8
3,2,lr5e-05_bs32_modL1_fusion32_fusionL1_drop0p1_trmiss80_trlocclin,32,5e-05,1,32,1,0.1,lr5e-05_bs32_modL1_fusion32_fusionL1_drop0p1_trmiss80_trlocclin,24,0.4359167416890462,0.6509146094322205,0.6428571428571429,0.7486978985692718,0.6666666666666666,0.0,0.0,0.0,0.0,2002,clin,0.8
3,2,lr5e-05_bs32_modL1_fusion32_fusionL1_drop0p1_trmiss80_trlocclin,32,5e-05,1,32,1,0.1,lr5e-05_bs32_modL1_fusion32_fusionL1_drop0p1_trmiss80_trlocclin,25,0.4327062914768855,0.6527538299560547,0.6428571428571428,0.7595182316514507,0.6444444444444445,0.0,0.0,0.0,0.0,2002,clin,0.8
3,2,lr5e-05_bs32_modL1_fusion32_fusionL1_drop0p1_trmiss80_trlocclin,32,5e-05,1,32,1,0.1,lr5e-05_bs32_modL1_fusion32_fusionL1_drop0p1_trmiss80_trlocclin,26,0.4438217133283615,0.6522893309593201,0.6407563025210083,0.7595624798157299,0.6222222222222222,0.0,0.0,0.0,0.0,2002,clin,0.8
3,2,lr5e-05_bs32_modL1_fusion32_fusionL1_drop0p1_trmiss80_trlocclin,32,5e-05,1,32,1,0.1,lr5e-05_bs32_modL1_fusion32_fusionL1_drop0p1_trmiss80_trlocclin,27,0.4379280557235082,0.6515932679176331,0.6554621848739496,0.7698387104712298,0.6,0.0,0.0,0.0,0.0,2002,clin,0.8
3,2,lr5e-05_bs32_modL1_fusion32_fusionL1_drop0p1_trmiss80_trlocclin,32,5e-05,1,32,1,0.1,lr5e-05_bs32_modL1_fusion32_fusionL1_drop0p1_trmiss80_trlocclin,28,0.4263765215873718,0.6508748233318329,0.657563025210084,0.772304445417983,0.6,0.0,0.0,0.0,0.0,2002,clin,0.8
3,2,lr5e-05_bs32_modL1_fusion32_fusionL1_drop0p1_trmiss80_trlocclin,32,5e-05,1,32,1,0.1,lr5e-05_bs32_modL1_fusion32_fusionL1_drop0p1_trmiss80_trlocclin,29,0.43115465839703876,0.6499963402748108,0.6512605042016807,0.7640396998687755,0.6222222222222222,0.0,0.0,0.0,0.0,2002,clin,0.8
3,2,lr5e-05_bs32_modL1_fusion32_fusionL1_drop0p1_trmiss80_trlocclin,32,5e-05,1,32,1,0.1,lr5e-05_bs32_modL1_fusion32_fusionL1_drop0p1_trmiss80_trlocclin,30,0.42279096444447833,0.6488252282142639,0.6470588235294117,0.7562093490357829,0.6222222222222222,0.0,0.0,0.0,0.0,2002,clin,0.8
3,2,lr5e-05_bs32_modL1_fusion32_fusionL1_drop0p1_trmiss80_trlocclin,32,5e-05,1,32,1,0.1,lr5e-05_bs32_modL1_fusion32_fusionL1_drop0p1_trmiss80_trlocclin,31,0.42881447573502857,0.6520547270774841,0.6407563025210083,0.7581066154186891,0.5777777777777777,0.0,0.0,0.0,0.0,2002,clin,0.8
3,2,lr5e-05_bs32_modL1_fusion32_fusionL1_drop0p1_trmiss80_trlocclin,32,5e-05,1,32,1,0.1,lr5e-05_bs32_modL1_fusion32_fusionL1_drop0p1_trmiss80_trlocclin,32,0.426416352391243,0.6529265344142914,0.6365546218487395,0.7555155790041232,0.6,0.0,0.0,0.0,0.0,2002,clin,0.8
3,2,lr5e-05_bs32_modL1_fusion32_fusionL1_drop0p1_trmiss80_trlocclin,32,5e-05,1,32,1,0.1,lr5e-05_bs32_modL1_fusion32_fusionL1_drop0p1_trmiss80_trlocclin,33,0.4178594499826431,0.6522137522697449,0.6365546218487395,0.7559001544743448,0.6,0.0,0.0,0.0,0.0,2002,clin,0.8
3,2,lr5e-05_bs32_modL1_fusion32_fusionL1_drop0p1_trmiss80_trlocclin,32,5e-05,1,32,1,0.1,lr5e-05_bs32_modL1_fusion32_fusionL1_drop0p1_trmiss80_trlocclin,34,0.4129161735375722,0.6533535420894623,0.638655462184874,0.7553271581306717,0.5777777777777777,0.0,0.0,0.0,0.0,2002,clin,0.8
3,2,lr5e-05_bs32_modL1_fusion32_fusionL1_drop0p1_trmiss80_trlocclin,32,5e-05,1,32,1,0.1,lr5e-05_bs32_modL1_fusion32_fusionL1_drop0p1_trmiss80_trlocclin,35,0.4198717921972275,0.6535620987415314,0.6365546218487395,0.7586027107759722,0.5777777777777777,0.0,0.0,0.0,0.0,2002,clin,0.8
3,2,lr5e-05_bs32_modL1_fusion32_fusionL1_drop0p1_trmiss80_trlocclin,32,5e-05,1,32,1,0.1,lr5e-05_bs32_modL1_fusion32_fusionL1_drop0p1_trmiss80_trlocclin,36,0.4230835388104121,0.6508543193340302,0.6407563025210083,0.7587273293879859,0.5777777777777777,0.0,0.0,0.0,0.0,2002,clin,0.8
3,2,lr5e-05_bs32_modL1_fusion32_fusionL1_drop0p1_trmiss80_trlocclin,32,5e-05,1,32,1,0.1,lr5e-05_bs32_modL1_fusion32_fusionL1_drop0p1_trmiss80_trlocclin,37,0.4227487693230311,0.6497186422348022,0.6323529411764706,0.7500070396526586,0.6,0.0,0.0,0.0,0.0,2002,clin,0.8
3,2,lr5e-05_bs32_modL1_fusion32_fusionL1_drop0p1_trmiss80_trlocclin,32,5e-05,1,32,1,0.1,lr5e-05_bs32_modL1_fusion32_fusionL1_drop0p1_trmiss80_trlocclin,38,0.4091123938560486,0.6498449146747589,0.6365546218487395,0.7530284230311848,0.5777777777777777,0.0,0.0,0.0,0.0,2002,clin,0.8
3,2,lr5e-05_bs32_modL1_fusion32_fusionL1_drop0p1_trmiss80_trlocclin,32,5e-05,1,32,1,0.1,lr5e-05_bs32_modL1_fusion32_fusionL1_drop0p1_trmiss80_trlocclin,39,0.41084345678488415,0.6477314531803131,0.6407563025210085,0.7565234068833114,0.6222222222222222,0.0,0.0,0.0,0.0,2002,clin,0.8
3,2,lr5e-05_bs32_modL1_fusion64_fusionL1_drop0p2_trmiss80_trlocclin,32,5e-05,1,64,1,0.2,lr5e-05_bs32_modL1_fusion64_fusionL1_drop0p2_trmiss80_trlocclin,1,0.7105878591537476,0.6795364916324615,0.5189075630252101,0.6266790934205977,0.6444444444444445,0.0,0.0,0.0,0.0,2002,clin,0.8
3,2,lr5e-05_bs32_modL1_fusion64_fusionL1_drop0p2_trmiss80_trlocclin,32,5e-05,1,64,1,0.2,lr5e-05_bs32_modL1_fusion64_fusionL1_drop0p2_trmiss80_trlocclin,2,0.6747351090113322,0.6731927990913391,0.5609243697478992,0.7004154079061942,0.6222222222222222,0.0,0.0,0.0,0.0,2002,clin,0.8
3,2,lr5e-05_bs32_modL1_fusion64_fusionL1_drop0p2_trmiss80_trlocclin,32,5e-05,1,64,1,0.2,lr5e-05_bs32_modL1_fusion64_fusionL1_drop0p2_trmiss80_trlocclin,3,0.660345455010732,0.668184757232666,0.5756302521008404,0.6973071919621098,0.6666666666666666,0.0,0.0,0.0,0.0,2002,clin,0.8
3,2,lr5e-05_bs32_modL1_fusion64_fusionL1_drop0p2_trmiss80_trlocclin,32,5e-05,1,64,1,0.2,lr5e-05_bs32_modL1_fusion64_fusionL1_drop0p2_trmiss80_trlocclin,4,0.6506978571414948,0.663798987865448,0.5819327731092437,0.697834764391123,0.6444444444444445,0.0,0.0,0.0,0.0,2002,clin,0.8
3,2,lr5e-05_bs32_modL1_fusion64_fusionL1_drop0p2_trmiss80_trlocclin,32,5e-05,1,64,1,0.2,lr5e-05_bs32_modL1_fusion64_fusionL1_drop0p2_trmiss80_trlocclin,5,0.6340535779794058,0.6580011248588562,0.5735294117647058,0.7031749843453532,0.6444444444444445,0.0,0.0,0.0,0.0,2002,clin,0.8
3,2,lr5e-05_bs32_modL1_fusion64_fusionL1_drop0p2_trmiss80_trlocclin,32,5e-05,1,64,1,0.2,lr5e-05_bs32_modL1_fusion64_fusionL1_drop0p2_trmiss80_trlocclin,6,0.6121847728888193,0.6555652916431427,0.5903361344537815,0.7246554386580449,0.6444444444444445,0.0,0.0,0.0,0.0,2002,clin,0.8
3,2,lr5e-05_bs32_modL1_fusion64_fusionL1_drop0p2_trmiss80_trlocclin,32,5e-05,1,64,1,0.2,lr5e-05_bs32_modL1_fusion64_fusionL1_drop0p2_trmiss80_trlocclin,7,0.6174654563268026,0.6564173698425293,0.592436974789916,0.7187590822895782,0.6444444444444445,0.0,0.0,0.0,0.0,2002,clin,0.8
3,2,lr5e-05_bs32_modL1_fusion64_fusionL1_drop0p2_trmiss80_trlocclin,32,5e-05,1,64,1,0.2,lr5e-05_bs32_modL1_fusion64_fusionL1_drop0p2_trmiss80_trlocclin,8,0.6003472407658895,0.6529607474803925,0.6176470588235294,0.7400230866817195,0.6666666666666666,0.0,0.0,0.0,0.0,2002,clin,0.8
3,2,lr5e-05_bs32_modL1_fusion64_fusionL1_drop0p2_trmiss80_trlocclin,32,5e-05,1,64,1,0.2,lr5e-05_bs32_modL1_fusion64_fusionL1_drop0p2_trmiss80_trlocclin,9,0.5970210134983063,0.6500167846679688,0.6302521008403362,0.748626170011808,0.6888888888888889,0.0,0.0,0.0,0.0,2002,clin,0.8
3,2,lr5e-05_bs32_modL1_fusion64_fusionL1_drop0p2_trmiss80_trlocclin,32,5e-05,1,64,1,0.2,lr5e-05_bs32_modL1_fusion64_fusionL1_drop0p2_trmiss80_trlocclin,10,0.5903259515762329,0.6462695896625519,0.6428571428571428,0.7612663700910036,0.6888888888888889,0.0,0.0,0.0,0.0,2002,clin,0.8
3,2,lr5e-05_bs32_modL1_fusion64_fusionL1_drop0p2_trmiss80_trlocclin,32,5e-05,1,64,1,0.2,lr5e-05_bs32_modL1_fusion64_fusionL1_drop0p2_trmiss80_trlocclin,11,0.5813487271467844,0.6452146768569946,0.6428571428571428,0.7579439919521527,0.6888888888888889,0.0,0.0,0.0,0.0,2002,clin,0.8
3,2,lr5e-05_bs32_modL1_fusion64_fusionL1_drop0p2_trmiss80_trlocclin,32,5e-05,1,64,1,0.2,lr5e-05_bs32_modL1_fusion64_fusionL1_drop0p2_trmiss80_trlocclin,12,0.5646920601526896,0.643711119890213,0.6512605042016807,0.7528563268315825,0.7111111111111111,0.0,0.0,0.0,0.0,2002,clin,0.8
3,2,lr5e-05_bs32_modL1_fusion64_fusionL1_drop0p2_trmiss80_trlocclin,32,5e-05,1,64,1,0.2,lr5e-05_bs32_modL1_fusion64_fusionL1_drop0p2_trmiss80_trlocclin,13,0.5435365736484528,0.6405555009841919,0.6659663865546219,0.7604846975115949,0.7111111111111111,0.0,0.0,0.0,0.0,2002,clin,0.8
3,2,lr5e-05_bs32_modL1_fusion64_fusionL1_drop0p2_trmiss80_trlocclin,32,5e-05,1,64,1,0.2,lr5e-05_bs32_modL1_fusion64_fusionL1_drop0p2_trmiss80_trlocclin,14,0.5466990371545156,0.6374647915363312,0.6680672268907564,0.761185724362023,0.6888888888888889,0.0,0.0,0.0,0.0,2002,clin,0.8
3,2,lr5e-05_bs32_modL1_fusion64_fusionL1_drop0p2_trmiss80_trlocclin,32,5e-05,1,64,1,0.2,lr5e-05_bs32_modL1_fusion64_fusionL1_drop0p2_trmiss80_trlocclin,15,0.563484455148379,0.6365216076374054,0.6638655462184875,0.7695571996521736,0.6666666666666666,0.0,0.0,0.0,0.0,2002,clin,0.8
3,2,lr5e-05_bs32_modL1_fusion64_fusionL1_drop0p2_trmiss80_trlocclin,32,5e-05,1,64,1,0.2,lr5e-05_bs32_modL1_fusion64_fusionL1_drop0p2_trmiss80_trlocclin,16,0.5346829195817312,0.6337492167949677,0.680672268907563,0.777759585963673,0.6666666666666666,0.0,0.0,0.0,0.0,2002,clin,0.8
3,2,lr5e-05_bs32_modL1_fusion64_fusionL1_drop0p2_trmiss80_trlocclin,32,5e-05,1,64,1,0.2,lr5e-05_bs32_modL1_fusion64_fusionL1_drop0p2_trmiss80_trlocclin,17,0.5382619053125381,0.6340299844741821,0.680672268907563,0.7799724919889732,0.6888888888888889,0.0,0.0,0.0,0.0,2002,clin,0.8
3,2,lr5e-05_bs32_modL1_fusion64_fusionL1_drop0p2_trmiss80_trlocclin,32,5e-05,1,64,1,0.2,lr5e-05_bs32_modL1_fusion64_fusionL1_drop0p2_trmiss80_trlocclin,18,0.533629834651947,0.6327359974384308,0.6722689075630253,0.7772786642311909,0.6666666666666666,0.0,0.0,0.0,0.0,2002,clin,0.8
3,2,lr5e-05_bs32_modL1_fusion64_fusionL1_drop0p2_trmiss80_trlocclin,32,5e-05,1,64,1,0.2,lr5e-05_bs32_modL1_fusion64_fusionL1_drop0p2_trmiss80_trlocclin,19,0.5268662571907043,0.6317032873630524,0.680672268907563,0.7814689189645347,0.7111111111111111,0.0,0.0,0.0,0.0,2002,clin,0.8
3,2,lr5e-05_bs32_modL1_fusion64_fusionL1_drop0p2_trmiss80_trlocclin,32,5e-05,1,64,1,0.2,lr5e-05_bs32_modL1_fusion64_fusionL1_drop0p2_trmiss80_trlocclin,20,0.5274765292803446,0.6322613656520844,0.6743697478991597,0.7690477004771398,0.7111111111111111,0.0,0.0,0.0,0.0,2002,clin,0.8
3,2,lr5e-05_bs32_modL1_fusion64_fusionL1_drop0p2_trmiss80_trlocclin,32,5e-05,1,64,1,0.2,lr5e-05_bs32_modL1_fusion64_fusionL1_drop0p2_trmiss80_trlocclin,21,0.5105454822381338,0.6318991780281067,0.6764705882352942,0.7659541192060918,0.7111111111111111,0.0,0.0,0.0,0.0,2002,clin,0.8
3,2,lr5e-05_bs32_modL1_fusion64_fusionL1_drop0p2_trmiss80_trlocclin,32,5e-05,1,64,1,0.2,lr5e-05_bs32_modL1_fusion64_fusionL1_drop0p2_trmiss80_trlocclin,22,0.49854105710983276,0.6311507523059845,0.6890756302521008,0.7611407140291875,0.7111111111111111,0.0,0.0,0.0,0.0,2002,clin,0.8
3,2,lr5e-05_bs32_modL1_fusion64_fusionL1_drop0p2_trmiss80_trlocclin,32,5e-05,1,64,1,0.2,lr5e-05_bs32_modL1_fusion64_fusionL1_drop0p2_trmiss80_trlocclin,23,0.5091015100479126,0.6327550709247589,0.6722689075630252,0.7517323920100281,0.6666666666666666,0.0,0.0,0.0,0.0,2002,clin,0.8
3,2,lr5e-05_bs32_modL1_fusion64_fusionL1_drop0p2_trmiss80_trlocclin,32,5e-05,1,64,1,0.2,lr5e-05_bs32_modL1_fusion64_fusionL1_drop0p2_trmiss80_trlocclin,24,0.486297865708669,0.632410079240799,0.6743697478991597,0.7533279631361328,0.6888888888888889,0.0,0.0,0.0,0.0,2002,clin,0.8
3,2,lr5e-05_bs32_modL1_fusion64_fusionL1_drop0p2_trmiss80_trlocclin,32,5e-05,1,64,1,0.2,lr5e-05_bs32_modL1_fusion64_fusionL1_drop0p2_trmiss80_trlocclin,25,0.4776182820399602,0.6291428208351135,0.6722689075630253,0.7532971515143965,0.6888888888888889,0.0,0.0,0.0,0.0,2002,clin,0.8
3,2,lr5e-05_bs32_modL1_fusion64_fusionL1_drop0p2_trmiss80_trlocclin,32,5e-05,1,64,1,0.2,lr5e-05_bs32_modL1_fusion64_fusionL1_drop0p2_trmiss80_trlocclin,26,0.4757248212893804,0.6286554932594299,0.6722689075630253,0.7514543503184586,0.6888888888888889,0.0,0.0,0.0,0.0,2002,clin,0.8
3,2,lr5e-05_bs32_modL1_fusion64_fusionL1_drop0p2_trmiss80_trlocclin,32,5e-05,1,64,1,0.2,lr5e-05_bs32_modL1_fusion64_fusionL1_drop0p2_trmiss80_trlocclin,27,0.46907731890678406,0.6329826414585114,0.6638655462184874,0.7518314905347852,0.6444444444444445,0.0,0.0,0.0,0.0,2002,clin,0.8
3,2,lr5e-05_bs32_modL1_fusion64_fusionL1_drop0p2_trmiss80_trlocclin,32,5e-05,1,64,1,0.2,lr5e-05_bs32_modL1_fusion64_fusionL1_drop0p2_trmiss80_trlocclin,28,0.47630136211713153,0.628042072057724,0.6659663865546218,0.76345744089761,0.6444444444444445,0.0,0.0,0.0,0.0,2002,clin,0.8
3,2,lr5e-05_bs32_modL1_fusion64_fusionL1_drop0p2_trmiss80_trlocclin,32,5e-05,1,64,1,0.2,lr5e-05_bs32_modL1_fusion64_fusionL1_drop0p2_trmiss80_trlocclin,29,0.4708624581495921,0.6232801377773285,0.661764705882353,0.763536867672342,0.6444444444444445,0.0,0.0,0.0,0.0,2002,clin,0.8
3,2,lr5e-05_bs32_modL1_fusion64_fusionL1_drop0p2_trmiss80_trlocclin,32,5e-05,1,64,1,0.2,lr5e-05_bs32_modL1_fusion64_fusionL1_drop0p2_trmiss80_trlocclin,30,0.4751785596211751,0.6217510104179382,0.6680672268907564,0.7550482800612284,0.6222222222222222,0.0,0.0,0.0,0.0,2002,clin,0.8
3,2,lr5e-05_bs32_modL1_fusion64_fusionL1_drop0p2_trmiss80_trlocclin,32,5e-05,1,64,1,0.2,lr5e-05_bs32_modL1_fusion64_fusionL1_drop0p2_trmiss80_trlocclin,31,0.45242129266262054,0.6239406764507294,0.6743697478991597,0.7569057860842685,0.6,0.0,0.0,0.0,0.0,2002,clin,0.8
3,2,lr5e-05_bs32_modL1_fusion64_fusionL1_drop0p2_trmiss80_trlocclin,32,5e-05,1,64,1,0.2,lr5e-05_bs32_modL1_fusion64_fusionL1_drop0p2_trmiss80_trlocclin,32,0.4453774889310201,0.6259368658065796,0.6722689075630253,0.7546601847232582,0.6,0.0,0.0,0.0,0.0,2002,clin,0.8
3,2,lr5e-05_bs32_modL1_fusion64_fusionL1_drop0p2_trmiss80_trlocclin,32,5e-05,1,64,1,0.2,lr5e-05_bs32_modL1_fusion64_fusionL1_drop0p2_trmiss80_trlocclin,33,0.4448522875706355,0.6245063841342926,0.6680672268907564,0.7522425663882983,0.6222222222222222,0.0,0.0,0.0,0.0,2002,clin,0.8
3,2,lr5e-05_bs32_modL1_fusion64_fusionL1_drop0p2_trmiss80_trlocclin,32,5e-05,1,64,1,0.2,lr5e-05_bs32_modL1_fusion64_fusionL1_drop0p2_trmiss80_trlocclin,34,0.43683857719103497,0.6265541613101959,0.6512605042016807,0.7426668264280367,0.5777777777777777,0.0,0.0,0.0,0.0,2002,clin,0.8
3,2,lr5e-05_bs32_modL1_fusion64_fusionL1_drop0p2_trmiss80_trlocclin,32,5e-05,1,64,1,0.2,lr5e-05_bs32_modL1_fusion64_fusionL1_drop0p2_trmiss80_trlocclin,35,0.44437143703301746,0.6264156401157379,0.6386554621848739,0.7321026451191873,0.6222222222222222,0.0,0.0,0.0,0.0,2002,clin,0.8
3,2,lr5e-05_bs32_modL1_fusion64_fusionL1_drop0p2_trmiss80_trlocclin,32,5e-05,1,64,1,0.2,lr5e-05_bs32_modL1_fusion64_fusionL1_drop0p2_trmiss80_trlocclin,36,0.4222169667482376,0.6270459592342377,0.6659663865546219,0.7324358881266115,0.5777777777777777,0.0,0.0,0.0,0.0,2002,clin,0.8
3,2,lr5e-05_bs32_modL1_fusion64_fusionL1_drop0p2_trmiss80_trlocclin,32,5e-05,1,64,1,0.2,lr5e-05_bs32_modL1_fusion64_fusionL1_drop0p2_trmiss80_trlocclin,37,0.4318067232767741,0.6272903084754944,0.6701680672268908,0.7349269776673906,0.6,0.0,0.0,0.0,0.0,2002,clin,0.8
3,2,lr5e-05_bs32_modL1_fusion64_fusionL1_drop0p2_trmiss80_trlocclin,32,5e-05,1,64,1,0.2,lr5e-05_bs32_modL1_fusion64_fusionL1_drop0p2_trmiss80_trlocclin,38,0.4189419150352478,0.6275195181369781,0.6638655462184874,0.7301618178638195,0.6,0.0,0.0,0.0,0.0,2002,clin,0.8
3,2,lr5e-05_bs32_modL1_fusion64_fusionL1_drop0p2_trmiss80_trlocclin,32,5e-05,1,64,1,0.2,lr5e-05_bs32_modL1_fusion64_fusionL1_drop0p2_trmiss80_trlocclin,39,0.4024170786142349,0.6287589073181152,0.6533613445378151,0.7182978881427469,0.6,0.0,0.0,0.0,0.0,2002,clin,0.8
3,2,lr5e-05_bs32_modL1_fusion64_fusionL1_drop0p2_trmiss80_trlocclin,32,5e-05,1,64,1,0.2,lr5e-05_bs32_modL1_fusion64_fusionL1_drop0p2_trmiss80_trlocclin,40,0.41222243507703143,0.6267801225185394,0.6512605042016807,0.7127931848936828,0.5777777777777777,0.0,0.0,0.0,0.0,2002,clin,0.8
3,2,lr5e-05_bs32_modL1_fusion64_fusionL1_drop0p2_trmiss80_trlocclin,32,5e-05,1,64,1,0.2,lr5e-05_bs32_modL1_fusion64_fusionL1_drop0p2_trmiss80_trlocclin,41,0.411791851123174,0.6269864439964294,0.6533613445378151,0.7148887771351561,0.5777777777777777,0.0,0.0,0.0,0.0,2002,clin,0.8
3,2,lr5e-05_bs32_modL1_fusion64_fusionL1_drop0p2_trmiss80_trlocclin,32,5e-05,1,64,1,0.2,lr5e-05_bs32_modL1_fusion64_fusionL1_drop0p2_trmiss80_trlocclin,42,0.41712431609630585,0.6273090541362762,0.6596638655462185,0.720410296965682,0.6,0.0,0.0,0.0,0.0,2002,clin,0.8
3,2,lr5e-05_bs32_modL1_fusion64_fusionL1_drop0p1_trmiss80_trlocclin,32,5e-05,1,64,1,0.1,lr5e-05_bs32_modL1_fusion64_fusionL1_drop0p1_trmiss80_trlocclin,1,0.7214732666810354,0.6901936829090118,0.5441176470588236,0.6562321908714267,0.6222222222222222,0.0,0.0,0.0,0.0,2002,clin,0.8
3,2,lr5e-05_bs32_modL1_fusion64_fusionL1_drop0p1_trmiss80_trlocclin,32,5e-05,1,64,1,0.1,lr5e-05_bs32_modL1_fusion64_fusionL1_drop0p1_trmiss80_trlocclin,2,0.6949280202388763,0.6965571641921997,0.5210084033613445,0.6334321504268986,0.5111111111111111,0.0,0.0,0.0,0.0,2002,clin,0.8
3,2,lr5e-05_bs32_modL1_fusion64_fusionL1_drop0p1_trmiss80_trlocclin,32,5e-05,1,64,1,0.1,lr5e-05_bs32_modL1_fusion64_fusionL1_drop0p1_trmiss80_trlocclin,3,0.6547668278217316,0.7008576095104218,0.5063025210084033,0.6319206123456378,0.4888888888888889,0.0,0.0,0.0,0.0,2002,clin,0.8
3,2,lr5e-05_bs32_modL1_fusion64_fusionL1_drop0p1_trmiss80_trlocclin,32,5e-05,1,64,1,0.1,lr5e-05_bs32_modL1_fusion64_fusionL1_drop0p1_trmiss80_trlocclin,4,0.6415648261706034,0.7022906839847565,0.5462184873949579,0.6471254351757129,0.4666666666666667,0.0,0.0,0.0,0.0,2002,clin,0.8
3,2,lr5e-05_bs32_modL1_fusion64_fusionL1_drop0p1_trmiss80_trlocclin,32,5e-05,1,64,1,0.1,lr5e-05_bs32_modL1_fusion64_fusionL1_drop0p1_trmiss80_trlocclin,5,0.6181032856305441,0.7024152278900146,0.5525210084033614,0.649804322231338,0.4666666666666667,0.0,0.0,0.0,0.0,2002,clin,0.8
3,2,lr5e-05_bs32_modL1_fusion64_fusionL1_drop0p1_trmiss80_trlocclin,32,5e-05,1,64,1,0.1,lr5e-05_bs32_modL1_fusion64_fusionL1_drop0p1_trmiss80_trlocclin,6,0.6105275948842367,0.7016099393367767,0.5483193277310925,0.6470687647896368,0.5111111111111111,0.0,0.0,0.0,0.0,2002,clin,0.8
3,2,lr5e-05_bs32_modL1_fusion64_fusionL1_drop0p1_trmiss80_trlocclin,32,5e-05,1,64,1,0.1,lr5e-05_bs32_modL1_fusion64_fusionL1_drop0p1_trmiss80_trlocclin,7,0.5873836477597555,0.6991303265094757,0.5567226890756303,0.6565408069668611,0.5111111111111111,0.0,0.0,0.0,0.0,2002,clin,0.8
3,2,lr5e-05_bs32_modL1_fusion64_fusionL1_drop0p1_trmiss80_trlocclin,32,5e-05,1,64,1,0.1,lr5e-05_bs32_modL1_fusion64_fusionL1_drop0p1_trmiss80_trlocclin,8,0.5863747497399648,0.7006311416625977,0.569327731092437,0.6671372715754741,0.5333333333333333,0.0,0.0,0.0,0.0,2002,clin,0.8
3,2,lr5e-05_bs32_modL1_fusion64_fusionL1_drop0p1_trmiss80_trlocclin,32,5e-05,1,64,1,0.1,lr5e-05_bs32_modL1_fusion64_fusionL1_drop0p1_trmiss80_trlocclin,9,0.5705899596214294,0.6988350450992584,0.5630252100840336,0.6627978799696753,0.5333333333333333,0.0,0.0,0.0,0.0,2002,clin,0.8
3,2,lr5e-05_bs32_modL1_fusion64_fusionL1_drop0p1_trmiss80_trlocclin,32,5e-05,1,64,1,0.1,lr5e-05_bs32_modL1_fusion64_fusionL1_drop0p1_trmiss80_trlocclin,10,0.5568081637223562,0.6965198814868927,0.5861344537815126,0.6790061795798008,0.5333333333333333,0.0,0.0,0.0,0.0,2002,clin,0.8
3,2,lr5e-05_bs32_modL1_fusion64_fusionL1_drop0p1_trmiss80_trlocclin,32,5e-05,1,64,1,0.1,lr5e-05_bs32_modL1_fusion64_fusionL1_drop0p1_trmiss80_trlocclin,11,0.5695931514104208,0.6947264075279236,0.5987394957983193,0.6854375975319814,0.5333333333333333,0.0,0.0,0.0,0.0,2002,clin,0.8
3,2,lr5e-05_bs32_modL1_fusion64_fusionL1_drop0p1_trmiss80_trlocclin,32,5e-05,1,64,1,0.1,lr5e-05_bs32_modL1_fusion64_fusionL1_drop0p1_trmiss80_trlocclin,12,0.553853044907252,0.6905239820480347,0.592436974789916,0.6886085459802331,0.5555555555555556,0.0,0.0,0.0,0.0,2002,clin,0.8
3,2,lr5e-05_bs32_modL1_fusion64_fusionL1_drop0p1_trmiss80_trlocclin,32,5e-05,1,64,1,0.1,lr5e-05_bs32_modL1_fusion64_fusionL1_drop0p1_trmiss80_trlocclin,13,0.5486916402975718,0.6894038319587708,0.5945378151260504,0.6922248272606761,0.5111111111111111,0.0,0.0,0.0,0.0,2002,clin,0.8
3,2,lr5e-05_bs32_modL1_fusion64_fusionL1_drop0p1_trmiss80_trlocclin,32,5e-05,1,64,1,0.1,lr5e-05_bs32_modL1_fusion64_fusionL1_drop0p1_trmiss80_trlocclin,14,0.5427779803673426,0.688333660364151,0.5945378151260504,0.6906028824088148,0.5111111111111111,0.0,0.0,0.0,0.0,2002,clin,0.8
3,2,lr5e-05_bs32_modL1_fusion64_fusionL1_drop0p1_trmiss80_trlocclin,32,5e-05,1,64,1,0.1,lr5e-05_bs32_modL1_fusion64_fusionL1_drop0p1_trmiss80_trlocclin,15,0.5393508523702621,0.6867702901363373,0.5840336134453782,0.6840312618250975,0.5111111111111111,0.0,0.0,0.0,0.0,2002,clin,0.8
3,2,lr5e-05_bs32_modL1_fusion64_fusionL1_drop0p1_trmiss80_trlocclin,32,5e-05,1,64,1,0.1,lr5e-05_bs32_modL1_fusion64_fusionL1_drop0p1_trmiss80_trlocclin,16,0.551791658004125,0.6818365454673767,0.6029411764705882,0.6931829524462343,0.5333333333333333,0.0,0.0,0.0,0.0,2002,clin,0.8
3,2,lr5e-05_bs32_modL1_fusion64_fusionL1_drop0p1_trmiss80_trlocclin,32,5e-05,1,64,1,0.1,lr5e-05_bs32_modL1_fusion64_fusionL1_drop0p1_trmiss80_trlocclin,17,0.5237023830413818,0.680914968252182,0.6092436974789917,0.6925630086593759,0.5333333333333333,0.0,0.0,0.0,0.0,2002,clin,0.8
3,2,lr5e-05_bs32_modL1_fusion64_fusionL1_drop0p1_trmiss80_trlocclin,32,5e-05,1,64,1,0.1,lr5e-05_bs32_modL1_fusion64_fusionL1_drop0p1_trmiss80_trlocclin,18,0.5228067735830942,0.6812917590141296,0.6218487394957983,0.6942548034456256,0.5777777777777777,0.0,0.0,0.0,0.0,2002,clin,0.8
3,2,lr5e-05_bs32_modL1_fusion64_fusionL1_drop0p1_trmiss80_trlocclin,32,5e-05,1,64,1,0.1,lr5e-05_bs32_modL1_fusion64_fusionL1_drop0p1_trmiss80_trlocclin,19,0.5084065000216166,0.6806234419345856,0.6323529411764706,0.6996043679318616,0.5777777777777777,0.0,0.0,0.0,0.0,2002,clin,0.8
3,2,lr5e-05_bs32_modL1_fusion64_fusionL1_drop0p1_trmiss80_trlocclin,32,5e-05,1,64,1,0.1,lr5e-05_bs32_modL1_fusion64_fusionL1_drop0p1_trmiss80_trlocclin,20,0.5157859822114309,0.6791732907295227,0.6449579831932772,0.7066559820646777,0.6,0.0,0.0,0.0,0.0,2002,clin,0.8
3,2,lr5e-05_bs32_modL1_fusion64_fusionL1_drop0p1_trmiss80_trlocclin,32,5e-05,1,64,1,0.1,lr5e-05_bs32_modL1_fusion64_fusionL1_drop0p1_trmiss80_trlocclin,21,0.5139801800251007,0.67656010389328,0.6407563025210083,0.7051949144271396,0.6,0.0,0.0,0.0,0.0,2002,clin,0.8
3,2,lr5e-05_bs32_modL1_fusion64_fusionL1_drop0p1_trmiss80_trlocclin,32,5e-05,1,64,1,0.1,lr5e-05_bs32_modL1_fusion64_fusionL1_drop0p1_trmiss80_trlocclin,22,0.5074996054172516,0.6748346090316772,0.6428571428571428,0.708642405751412,0.6,0.0,0.0,0.0,0.0,2002,clin,0.8
3,2,lr5e-05_bs32_modL1_fusion64_fusionL1_drop0p1_trmiss80_trlocclin,32,5e-05,1,64,1,0.1,lr5e-05_bs32_modL1_fusion64_fusionL1_drop0p1_trmiss80_trlocclin,23,0.5042195171117783,0.6731851100921631,0.6491596638655461,0.711206038041935,0.5777777777777777,0.0,0.0,0.0,0.0,2002,clin,0.8
3,2,lr5e-05_bs32_modL1_fusion64_fusionL1_drop0p1_trmiss80_trlocclin,32,5e-05,1,64,1,0.1,lr5e-05_bs32_modL1_fusion64_fusionL1_drop0p1_trmiss80_trlocclin,24,0.4970521926879883,0.6713643670082092,0.6428571428571428,0.7060087870302176,0.5555555555555556,0.0,0.0,0.0,0.0,2002,clin,0.8
3,2,lr5e-05_bs32_modL1_fusion64_fusionL1_drop0p1_trmiss80_trlocclin,32,5e-05,1,64,1,0.1,lr5e-05_bs32_modL1_fusion64_fusionL1_drop0p1_trmiss80_trlocclin,25,0.5087011009454727,0.6710462868213654,0.6491596638655461,0.7029765361710308,0.5777777777777777,0.0,0.0,0.0,0.0,2002,clin,0.8
3,2,lr5e-05_bs32_modL1_fusion64_fusionL1_drop0p1_trmiss80_trlocclin,32,5e-05,1,64,1,0.1,lr5e-05_bs32_modL1_fusion64_fusionL1_drop0p1_trmiss80_trlocclin,26,0.5005007187525431,0.6698352098464966,0.653361344537815,0.7066924706800325,0.5777777777777777,0.0,0.0,0.0,0.0,2002,clin,0.8
3,2,lr5e-05_bs32_modL1_fusion64_fusionL1_drop0p1_trmiss80_trlocclin,32,5e-05,1,64,1,0.1,lr5e-05_bs32_modL1_fusion64_fusionL1_drop0p1_trmiss80_trlocclin,27,0.4812409430742264,0.6680576503276825,0.6617647058823529,0.7164689949260946,0.5777777777777777,0.0,0.0,0.0,0.0,2002,clin,0.8
3,2,lr5e-05_bs32_modL1_fusion64_fusionL1_drop0p1_trmiss80_trlocclin,32,5e-05,1,64,1,0.1,lr5e-05_bs32_modL1_fusion64_fusionL1_drop0p1_trmiss80_trlocclin,28,0.4759718080361684,0.6678510010242462,0.6491596638655461,0.7087466642323806,0.6,0.0,0.0,0.0,0.0,2002,clin,0.8
3,2,lr5e-05_bs32_modL1_fusion64_fusionL1_drop0p1_trmiss80_trlocclin,32,5e-05,1,64,1,0.1,lr5e-05_bs32_modL1_fusion64_fusionL1_drop0p1_trmiss80_trlocclin,29,0.4825972417990367,0.6720825731754303,0.6575630252100839,0.71207295427621,0.6222222222222222,0.0,0.0,0.0,0.0,2002,clin,0.8
3,2,lr5e-05_bs32_modL1_fusion64_fusionL1_drop0p1_trmiss80_trlocclin,32,5e-05,1,64,1,0.1,lr5e-05_bs32_modL1_fusion64_fusionL1_drop0p1_trmiss80_trlocclin,30,0.455706387758255,0.6718381643295288,0.653361344537815,0.7126484606411899,0.5777777777777777,0.0,0.0,0.0,0.0,2002,clin,0.8
3,2,lr5e-05_bs32_modL1_fusion64_fusionL1_drop0p1_trmiss80_trlocclin,32,5e-05,1,64,1,0.1,lr5e-05_bs32_modL1_fusion64_fusionL1_drop0p1_trmiss80_trlocclin,31,0.4631592681010564,0.6715957820415497,0.6491596638655461,0.7061914213037158,0.6,0.0,0.0,0.0,0.0,2002,clin,0.8
3,2,lr5e-05_bs32_modL1_fusion64_fusionL1_drop0p1_trmiss80_trlocclin,32,5e-05,1,64,1,0.1,lr5e-05_bs32_modL1_fusion64_fusionL1_drop0p1_trmiss80_trlocclin,32,0.4631411184867223,0.668477863073349,0.653361344537815,0.7148535924658871,0.5777777777777777,0.0,0.0,0.0,0.0,2002,clin,0.8
3,2,lr5e-05_bs32_modL1_fusion64_fusionL1_drop0p1_trmiss80_trlocclin,32,5e-05,1,64,1,0.1,lr5e-05_bs32_modL1_fusion64_fusionL1_drop0p1_trmiss80_trlocclin,33,0.46536598602930707,0.6654501259326935,0.653361344537815,0.7139836290959237,0.6,0.0,0.0,0.0,0.0,2002,clin,0.8
3,2,lr5e-05_bs32_modL1_fusion64_fusionL1_drop0p1_trmiss80_trlocclin,32,5e-05,1,64,1,0.1,lr5e-05_bs32_modL1_fusion64_fusionL1_drop0p1_trmiss80_trlocclin,34,0.4550516605377197,0.6644991040229797,0.6554621848739495,0.7181589145947387,0.6,0.0,0.0,0.0,0.0,2002,clin,0.8
3,2,lr5e-05_bs32_modL1_fusion64_fusionL1_drop0p1_trmiss80_trlocclin,32,5e-05,1,64,1,0.1,lr5e-05_bs32_modL1_fusion64_fusionL1_drop0p1_trmiss80_trlocclin,35,0.4505257656176885,0.6649339199066162,0.6491596638655461,0.7122161965984491,0.6,0.0,0.0,0.0,0.0,2002,clin,0.8
3,2,lr5e-05_bs32_modL1_fusion64_fusionL1_drop0p1_trmiss80_trlocclin,32,5e-05,1,64,1,0.1,lr5e-05_bs32_modL1_fusion64_fusionL1_drop0p1_trmiss80_trlocclin,36,0.4530001680056254,0.6671646535396576,0.6470588235294117,0.7104712051235983,0.6,0.0,0.0,0.0,0.0,2002,clin,0.8
3,2,lr5e-05_bs32_modL1_fusion64_fusionL1_drop0p1_trmiss80_trlocclin,32,5e-05,1,64,1,0.1,lr5e-05_bs32_modL1_fusion64_fusionL1_drop0p1_trmiss80_trlocclin,37,0.4444921513398488,0.6677283346652985,0.6512605042016806,0.7085579723975578,0.6222222222222222,0.0,0.0,0.0,0.0,2002,clin,0.8
3,2,lr5e-05_bs32_modL1_fusion64_fusionL1_drop0p1_trmiss80_trlocclin,32,5e-05,1,64,1,0.1,lr5e-05_bs32_modL1_fusion64_fusionL1_drop0p1_trmiss80_trlocclin,38,0.434683362642924,0.6696368455886841,0.6491596638655462,0.7041418842634554,0.6222222222222222,0.0,0.0,0.0,0.0,2002,clin,0.8
3,2,lr5e-05_bs32_modL1_fusion64_fusionL1_drop0p1_trmiss80_trlocclin,32,5e-05,1,64,1,0.1,lr5e-05_bs32_modL1_fusion64_fusionL1_drop0p1_trmiss80_trlocclin,39,0.4398270199696223,0.6703671813011169,0.6512605042016807,0.6994857611322561,0.5777777777777777,0.0,0.0,0.0,0.0,2002,clin,0.8
3,2,lr5e-05_bs32_modL1_fusion64_fusionL1_drop0p1_trmiss80_trlocclin,32,5e-05,1,64,1,0.1,lr5e-05_bs32_modL1_fusion64_fusionL1_drop0p1_trmiss80_trlocclin,40,0.43221746881802875,0.6665365397930145,0.6596638655462185,0.7138182332515027,0.6,0.0,0.0,0.0,0.0,2002,clin,0.8
3,2,lr5e-05_bs32_modL1_fusion64_fusionL1_drop0p1_trmiss80_trlocclin,32,5e-05,1,64,1,0.1,lr5e-05_bs32_modL1_fusion64_fusionL1_drop0p1_trmiss80_trlocclin,41,0.4324400822321574,0.66923388838768,0.6554621848739496,0.7071453009206757,0.6,0.0,0.0,0.0,0.0,2002,clin,0.8
3,2,lr5e-05_bs32_modL1_fusion64_fusionL1_drop0p1_trmiss80_trlocclin,32,5e-05,1,64,1,0.1,lr5e-05_bs32_modL1_fusion64_fusionL1_drop0p1_trmiss80_trlocclin,42,0.4377163002888362,0.6686347723007202,0.6470588235294117,0.7015084887968941,0.6,0.0,0.0,0.0,0.0,2002,clin,0.8
3,2,lr5e-05_bs32_modL1_fusion64_fusionL1_drop0p1_trmiss80_trlocclin,32,5e-05,1,64,1,0.1,lr5e-05_bs32_modL1_fusion64_fusionL1_drop0p1_trmiss80_trlocclin,43,0.4322136342525482,0.669630765914917,0.6449579831932772,0.7059797266802565,0.6,0.0,0.0,0.0,0.0,2002,clin,0.8
3,2,lr5e-05_bs32_modL1_fusion64_fusionL1_drop0p1_trmiss80_trlocclin,32,5e-05,1,64,1,0.1,lr5e-05_bs32_modL1_fusion64_fusionL1_drop0p1_trmiss80_trlocclin,44,0.41718974709510803,0.6684556603431702,0.6428571428571429,0.7013394309067748,0.6,0.0,0.0,0.0,0.0,2002,clin,0.8
3,2,lr5e-05_bs32_modL1_fusion64_fusionL1_drop0p1_trmiss80_trlocclin,32,5e-05,1,64,1,0.1,lr5e-05_bs32_modL1_fusion64_fusionL1_drop0p1_trmiss80_trlocclin,45,0.42264258364836377,0.6697807312011719,0.6407563025210085,0.7008411803244906,0.6,0.0,0.0,0.0,0.0,2002,clin,0.8
3,2,lr5e-05_bs32_modL1_fusion64_fusionL1_drop0p1_trmiss80_trlocclin,32,5e-05,1,64,1,0.1,lr5e-05_bs32_modL1_fusion64_fusionL1_drop0p1_trmiss80_trlocclin,46,0.42502713203430176,0.6666713953018188,0.6533613445378151,0.7101195051097738,0.6,0.0,0.0,0.0,0.0,2002,clin,0.8
3,2,lr5e-05_bs32_modL1_fusion64_fusionL1_drop0p1_trmiss80_trlocclin,32,5e-05,1,64,1,0.1,lr5e-05_bs32_modL1_fusion64_fusionL1_drop0p1_trmiss80_trlocclin,47,0.4347608784834544,0.6628129482269287,0.6449579831932774,0.7058794009689863,0.6,0.0,0.0,0.0,0.0,2002,clin,0.8
3,2,lr1e-04_bs32_modL1_fusion32_fusionL1_drop0p2_trmiss80_trlocclin,32,0.0001,1,32,1,0.2,lr1e-04_bs32_modL1_fusion32_fusionL1_drop0p2_trmiss80_trlocclin,1,0.7736344734827677,0.7024993002414703,0.5567226890756303,0.6883091862472228,0.4222222222222222,0.0,0.0,0.0,0.0,2002,clin,0.8
3,2,lr1e-04_bs32_modL1_fusion32_fusionL1_drop0p2_trmiss80_trlocclin,32,0.0001,1,32,1,0.2,lr1e-04_bs32_modL1_fusion32_fusionL1_drop0p2_trmiss80_trlocclin,2,0.737970362106959,0.7050421833992004,0.5441176470588236,0.633426027749413,0.35555555555555557,0.0,0.0,0.0,0.0,2002,clin,0.8
3,2,lr1e-04_bs32_modL1_fusion32_fusionL1_drop0p2_trmiss80_trlocclin,32,0.0001,1,32,1,0.2,lr1e-04_bs32_modL1_fusion32_fusionL1_drop0p2_trmiss80_trlocclin,3,0.7373359600702921,0.7053900063037872,0.5546218487394958,0.6551689439273305,0.4,0.0,0.0,0.0,0.0,2002,clin,0.8
3,2,lr1e-04_bs32_modL1_fusion32_fusionL1_drop0p2_trmiss80_trlocclin,32,0.0001,1,32,1,0.2,lr1e-04_bs32_modL1_fusion32_fusionL1_drop0p2_trmiss80_trlocclin,4,0.6986988286177317,0.7013968229293823,0.5987394957983193,0.6788095377084432,0.4444444444444444,0.0,0.0,0.0,0.0,2002,clin,0.8
3,2,lr1e-04_bs32_modL1_fusion32_fusionL1_drop0p2_trmiss80_trlocclin,32,0.0001,1,32,1,0.2,lr1e-04_bs32_modL1_fusion32_fusionL1_drop0p2_trmiss80_trlocclin,5,0.6863778432210287,0.7001653015613556,0.6008403361344539,0.6721739259541123,0.4222222222222222,0.0,0.0,0.0,0.0,2002,clin,0.8
3,2,lr1e-04_bs32_modL1_fusion32_fusionL1_drop0p2_trmiss80_trlocclin,32,0.0001,1,32,1,0.2,lr1e-04_bs32_modL1_fusion32_fusionL1_drop0p2_trmiss80_trlocclin,6,0.6770264605681101,0.7004058063030243,0.6113445378151261,0.6721446883948029,0.4,0.0,0.0,0.0,0.0,2002,clin,0.8
3,2,lr1e-04_bs32_modL1_fusion32_fusionL1_drop0p2_trmiss80_trlocclin,32,0.0001,1,32,1,0.2,lr1e-04_bs32_modL1_fusion32_fusionL1_drop0p2_trmiss80_trlocclin,7,0.6711841026941935,0.6998319029808044,0.592436974789916,0.6606931176976888,0.37777777777777777,0.0,0.0,0.0,0.0,2002,clin,0.8
3,2,lr1e-04_bs32_modL1_fusion32_fusionL1_drop0p2_trmiss80_trlocclin,32,0.0001,1,32,1,0.2,lr1e-04_bs32_modL1_fusion32_fusionL1_drop0p2_trmiss80_trlocclin,8,0.6557971239089966,0.7000095546245575,0.5966386554621849,0.6815614108617906,0.37777777777777777,0.0,0.0,0.0,0.0,2002,clin,0.8
3,2,lr1e-04_bs32_modL1_fusion32_fusionL1_drop0p2_trmiss80_trlocclin,32,0.0001,1,32,1,0.2,lr1e-04_bs32_modL1_fusion32_fusionL1_drop0p2_trmiss80_trlocclin,9,0.6353192329406738,0.7004456222057343,0.5987394957983193,0.6670733226457238,0.4,0.0,0.0,0.0,0.0,2002,clin,0.8
3,2,lr1e-04_bs32_modL1_fusion32_fusionL1_drop0p2_trmiss80_trlocclin,32,0.0001,1,32,1,0.2,lr1e-04_bs32_modL1_fusion32_fusionL1_drop0p2_trmiss80_trlocclin,10,0.6186258494853973,0.7056357860565186,0.5903361344537815,0.6614205904367608,0.37777777777777777,0.0,0.0,0.0,0.0,2002,clin,0.8
3,2,lr1e-04_bs32_modL1_fusion32_fusionL1_drop0p2_trmiss80_trlocclin,32,0.0001,1,32,1,0.2,lr1e-04_bs32_modL1_fusion32_fusionL1_drop0p2_trmiss80_trlocclin,11,0.6153227786223093,0.703678697347641,0.5903361344537815,0.6639470753897164,0.37777777777777777,0.0,0.0,0.0,0.0,2002,clin,0.8
3,2,lr1e-04_bs32_modL1_fusion32_fusionL1_drop0p2_trmiss80_trlocclin,32,0.0001,1,32,1,0.2,lr1e-04_bs32_modL1_fusion32_fusionL1_drop0p2_trmiss80_trlocclin,12,0.5924144387245178,0.7012195885181427,0.5861344537815125,0.6618628468974682,0.4,0.0,0.0,0.0,0.0,2002,clin,0.8
3,2,lr1e-04_bs32_modL1_fusion32_fusionL1_drop0p2_trmiss80_trlocclin,32,0.0001,1,32,1,0.2,lr1e-04_bs32_modL1_fusion32_fusionL1_drop0p2_trmiss80_trlocclin,13,0.592629094918569,0.7040823698043823,0.5714285714285714,0.6526142542978819,0.4222222222222222,0.0,0.0,0.0,0.0,2002,clin,0.8
3,2,lr1e-04_bs32_modL1_fusion32_fusionL1_drop0p2_trmiss80_trlocclin,32,0.0001,1,32,1,0.2,lr1e-04_bs32_modL1_fusion32_fusionL1_drop0p2_trmiss80_trlocclin,14,0.5854180951913198,0.7054367661476135,0.5735294117647058,0.6525067229403505,0.37777777777777777,0.0,0.0,0.0,0.0,2002,clin,0.8
3,2,lr1e-04_bs32_modL1_fusion32_fusionL1_drop0p2_trmiss80_trlocclin,32,0.0001,1,32,1,0.2,lr1e-04_bs32_modL1_fusion32_fusionL1_drop0p2_trmiss80_trlocclin,15,0.5830979843934377,0.7051839828491211,0.5819327731092436,0.6580257326134955,0.37777777777777777,0.0,0.0,0.0,0.0,2002,clin,0.8
3,2,lr1e-04_bs32_modL1_fusion32_fusionL1_drop0p2_trmiss80_trlocclin,32,0.0001,1,32,1,0.2,lr1e-04_bs32_modL1_fusion32_fusionL1_drop0p2_trmiss80_trlocclin,16,0.5801250636577606,0.7036499083042145,0.5945378151260504,0.6652448403554097,0.37777777777777777,0.0,0.0,0.0,0.0,2002,clin,0.8
3,2,lr1e-04_bs32_modL1_fusion32_fusionL1_drop0p2_trmiss80_trlocclin,32,0.0001,1,32,1,0.2,lr1e-04_bs32_modL1_fusion32_fusionL1_drop0p2_trmiss80_trlocclin,17,0.5837597648302714,0.7063407003879547,0.592436974789916,0.6631965364295301,0.37777777777777777,0.0,0.0,0.0,0.0,2002,clin,0.8
3,2,lr1e-04_bs32_modL1_fusion32_fusionL1_drop0p2_trmiss80_trlocclin,32,0.0001,1,32,1,0.2,lr1e-04_bs32_modL1_fusion32_fusionL1_drop0p2_trmiss80_trlocclin,18,0.5674553414185842,0.7057187557220459,0.5903361344537815,0.6639962286226877,0.4222222222222222,0.0,0.0,0.0,0.0,2002,clin,0.8
3,2,lr1e-04_bs32_modL1_fusion32_fusionL1_drop0p2_trmiss80_trlocclin,32,0.0001,1,32,1,0.2,lr1e-04_bs32_modL1_fusion32_fusionL1_drop0p2_trmiss80_trlocclin,19,0.5531335969765981,0.7021079659461975,0.5903361344537815,0.6620436088341574,0.4,0.0,0.0,0.0,0.0,2002,clin,0.8
3,2,lr1e-04_bs32_modL1_fusion32_fusionL1_drop0p2_trmiss80_trlocclin,32,0.0001,1,32,1,0.2,lr1e-04_bs32_modL1_fusion32_fusionL1_drop0p2_trmiss80_trlocclin,20,0.5602119863033295,0.7052026689052582,0.5798319327731092,0.6557486486778242,0.4,0.0,0.0,0.0,0.0,2002,clin,0.8
3,2,lr1e-04_bs32_modL1_fusion32_fusionL1_drop0p2_trmiss80_trlocclin,32,0.0001,1,32,1,0.2,lr1e-04_bs32_modL1_fusion32_fusionL1_drop0p2_trmiss80_trlocclin,21,0.5546499192714691,0.7065162062644958,0.569327731092437,0.6489311390652835,0.37777777777777777,0.0,0.0,0.0,0.0,2002,clin,0.8
3,2,lr1e-04_bs32_modL1_fusion32_fusionL1_drop0p2_trmiss80_trlocclin,32,0.0001,1,32,1,0.2,lr1e-04_bs32_modL1_fusion32_fusionL1_drop0p2_trmiss80_trlocclin,22,0.5475587844848633,0.7061064839363098,0.5777310924369747,0.6533206005354903,0.4,0.0,0.0,0.0,0.0,2002,clin,0.8
3,2,lr1e-04_bs32_modL1_fusion32_fusionL1_drop0p2_trmiss80_trlocclin,32,0.0001,1,32,1,0.2,lr1e-04_bs32_modL1_fusion32_fusionL1_drop0p2_trmiss80_trlocclin,23,0.5296365718046824,0.7055386304855347,0.569327731092437,0.6474027228949236,0.4,0.0,0.0,0.0,0.0,2002,clin,0.8
3,2,lr1e-04_bs32_modL1_fusion32_fusionL1_drop0p2_trmiss80_trlocclin,32,0.0001,1,32,1,0.2,lr1e-04_bs32_modL1_fusion32_fusionL1_drop0p2_trmiss80_trlocclin,24,0.5398857792218527,0.7058398127555847,0.5777310924369747,0.6528357603543585,0.4,0.0,0.0,0.0,0.0,2002,clin,0.8
3,2,lr1e-04_bs32_modL1_fusion32_fusionL1_drop0p2_trmiss80_trlocclin,32,0.0001,1,32,1,0.2,lr1e-04_bs32_modL1_fusion32_fusionL1_drop0p2_trmiss80_trlocclin,25,0.5433573375145594,0.7060774564743042,0.5798319327731092,0.6504905915175931,0.4222222222222222,0.0,0.0,0.0,0.0,2002,clin,0.8
3,2,lr1e-04_bs32_modL1_fusion32_fusionL1_drop0p2_trmiss80_trlocclin,32,0.0001,1,32,1,0.2,lr1e-04_bs32_modL1_fusion32_fusionL1_drop0p2_trmiss80_trlocclin,26,0.5401069521903992,0.706590473651886,0.5840336134453781,0.6535092990005863,0.4222222222222222,0.0,0.0,0.0,0.0,2002,clin,0.8
3,2,lr1e-04_bs32_modL1_fusion32_fusionL1_drop0p1_trmiss80_trlocclin,32,0.0001,1,32,1,0.1,lr1e-04_bs32_modL1_fusion32_fusionL1_drop0p1_trmiss80_trlocclin,1,0.7792820235093435,0.7014217376708984,0.5861344537815126,0.7050621980512709,0.4,0.0,0.0,0.0,0.0,2002,clin,0.8
3,2,lr1e-04_bs32_modL1_fusion32_fusionL1_drop0p1_trmiss80_trlocclin,32,0.0001,1,32,1,0.1,lr1e-04_bs32_modL1_fusion32_fusionL1_drop0p1_trmiss80_trlocclin,2,0.7222440342108408,0.6952038109302521,0.6323529411764706,0.762852361573514,0.4444444444444444,0.0,0.0,0.0,0.0,2002,clin,0.8
3,2,lr1e-04_bs32_modL1_fusion32_fusionL1_drop0p1_trmiss80_trlocclin,32,0.0001,1,32,1,0.1,lr1e-04_bs32_modL1_fusion32_fusionL1_drop0p1_trmiss80_trlocclin,3,0.6914905607700348,0.6907230913639069,0.6596638655462185,0.7829583292095482,0.4888888888888889,0.0,0.0,0.0,0.0,2002,clin,0.8
3,2,lr1e-04_bs32_modL1_fusion32_fusionL1_drop0p1_trmiss80_trlocclin,32,0.0001,1,32,1,0.1,lr1e-04_bs32_modL1_fusion32_fusionL1_drop0p1_trmiss80_trlocclin,4,0.6724187334378561,0.6904807090759277,0.6701680672268908,0.7862494708287052,0.4888888888888889,0.0,0.0,0.0,0.0,2002,clin,0.8
3,2,lr1e-04_bs32_modL1_fusion32_fusionL1_drop0p1_trmiss80_trlocclin,32,0.0001,1,32,1,0.1,lr1e-04_bs32_modL1_fusion32_fusionL1_drop0p1_trmiss80_trlocclin,5,0.649427205324173,0.6893855333328247,0.680672268907563,0.7835639231239021,0.5111111111111111,0.0,0.0,0.0,0.0,2002,clin,0.8
3,2,lr1e-04_bs32_modL1_fusion32_fusionL1_drop0p1_trmiss80_trlocclin,32,0.0001,1,32,1,0.1,lr1e-04_bs32_modL1_fusion32_fusionL1_drop0p1_trmiss80_trlocclin,6,0.6409478386243185,0.6885292828083038,0.707983193277311,0.8041147851987119,0.4888888888888889,0.0,0.0,0.0,0.0,2002,clin,0.8
3,2,lr1e-04_bs32_modL1_fusion32_fusionL1_drop0p1_trmiss80_trlocclin,32,0.0001,1,32,1,0.1,lr1e-04_bs32_modL1_fusion32_fusionL1_drop0p1_trmiss80_trlocclin,7,0.6148461202780405,0.680262416601181,0.7268907563025211,0.8114530921574915,0.4888888888888889,0.0,0.0,0.0,0.0,2002,clin,0.8
3,2,lr1e-04_bs32_modL1_fusion32_fusionL1_drop0p1_trmiss80_trlocclin,32,0.0001,1,32,1,0.1,lr1e-04_bs32_modL1_fusion32_fusionL1_drop0p1_trmiss80_trlocclin,8,0.5995436509450277,0.6799094974994659,0.7331932773109244,0.821665935947221,0.4888888888888889,0.0,0.0,0.0,0.0,2002,clin,0.8
3,2,lr1e-04_bs32_modL1_fusion32_fusionL1_drop0p1_trmiss80_trlocclin,32,0.0001,1,32,1,0.1,lr1e-04_bs32_modL1_fusion32_fusionL1_drop0p1_trmiss80_trlocclin,9,0.5917219420274099,0.687947690486908,0.7121848739495799,0.7989650782742,0.4666666666666667,0.0,0.0,0.0,0.0,2002,clin,0.8
3,2,lr1e-04_bs32_modL1_fusion32_fusionL1_drop0p1_trmiss80_trlocclin,32,0.0001,1,32,1,0.1,lr1e-04_bs32_modL1_fusion32_fusionL1_drop0p1_trmiss80_trlocclin,10,0.5702635447184244,0.6821921169757843,0.7184873949579832,0.8007963465993708,0.4888888888888889,0.0,0.0,0.0,0.0,2002,clin,0.8
3,2,lr1e-04_bs32_modL1_fusion32_fusionL1_drop0p1_trmiss80_trlocclin,32,0.0001,1,32,1,0.1,lr1e-04_bs32_modL1_fusion32_fusionL1_drop0p1_trmiss80_trlocclin,11,0.5749259839455286,0.6766712069511414,0.7079831932773109,0.7815828967707409,0.4888888888888889,0.0,0.0,0.0,0.0,2002,clin,0.8
3,2,lr1e-04_bs32_modL1_fusion32_fusionL1_drop0p1_trmiss80_trlocclin,32,0.0001,1,32,1,0.1,lr1e-04_bs32_modL1_fusion32_fusionL1_drop0p1_trmiss80_trlocclin,12,0.5488773783047994,0.6764020919799805,0.7037815126050421,0.7711520577684734,0.5111111111111111,0.0,0.0,0.0,0.0,2002,clin,0.8
3,2,lr1e-04_bs32_modL1_fusion32_fusionL1_drop0p1_trmiss80_trlocclin,32,0.0001,1,32,1,0.1,lr1e-04_bs32_modL1_fusion32_fusionL1_drop0p1_trmiss80_trlocclin,13,0.5322008281946182,0.6731500327587128,0.7058823529411765,0.7783410484119642,0.4666666666666667,0.0,0.0,0.0,0.0,2002,clin,0.8
3,2,lr1e-04_bs32_modL1_fusion32_fusionL1_drop0p1_trmiss80_trlocclin,32,0.0001,1,32,1,0.1,lr1e-04_bs32_modL1_fusion32_fusionL1_drop0p1_trmiss80_trlocclin,14,0.512682576974233,0.66866734623909,0.7205882352941178,0.8139499398111464,0.4888888888888889,0.0,0.0,0.0,0.0,2002,clin,0.8
3,2,lr1e-04_bs32_modL1_fusion32_fusionL1_drop0p1_trmiss80_trlocclin,32,0.0001,1,32,1,0.1,lr1e-04_bs32_modL1_fusion32_fusionL1_drop0p1_trmiss80_trlocclin,15,0.5053238719701767,0.6679160594940186,0.7163865546218489,0.801915349836661,0.4888888888888889,0.0,0.0,0.0,0.0,2002,clin,0.8
3,2,lr1e-04_bs32_modL1_fusion32_fusionL1_drop0p1_trmiss80_trlocclin,32,0.0001,1,32,1,0.1,lr1e-04_bs32_modL1_fusion32_fusionL1_drop0p1_trmiss80_trlocclin,16,0.500748207171758,0.6658362150192261,0.7184873949579833,0.7906378618387897,0.4888888888888889,0.0,0.0,0.0,0.0,2002,clin,0.8
3,2,lr1e-04_bs32_modL1_fusion32_fusionL1_drop0p1_trmiss80_trlocclin,32,0.0001,1,32,1,0.1,lr1e-04_bs32_modL1_fusion32_fusionL1_drop0p1_trmiss80_trlocclin,17,0.4983496069908142,0.6632462441921234,0.7226890756302521,0.802119020677876,0.5333333333333333,0.0,0.0,0.0,0.0,2002,clin,0.8
3,2,lr1e-04_bs32_modL1_fusion32_fusionL1_drop0p1_trmiss80_trlocclin,32,0.0001,1,32,1,0.1,lr1e-04_bs32_modL1_fusion32_fusionL1_drop0p1_trmiss80_trlocclin,18,0.4750089595715205,0.6662730276584625,0.7184873949579832,0.7956921894357738,0.5111111111111111,0.0,0.0,0.0,0.0,2002,clin,0.8
3,2,lr1e-04_bs32_modL1_fusion32_fusionL1_drop0p1_trmiss80_trlocclin,32,0.0001,1,32,1,0.1,lr1e-04_bs32_modL1_fusion32_fusionL1_drop0p1_trmiss80_trlocclin,19,0.46195057531197864,0.6587357521057129,0.7247899159663866,0.799538816950459,0.5555555555555556,0.0,0.0,0.0,0.0,2002,clin,0.8
3,2,lr1e-04_bs32_modL1_fusion32_fusionL1_drop0p1_trmiss80_trlocclin,32,0.0001,1,32,1,0.1,lr1e-04_bs32_modL1_fusion32_fusionL1_drop0p1_trmiss80_trlocclin,20,0.46010365585486096,0.6589641571044922,0.7142857142857144,0.78703786498176,0.5777777777777777,0.0,0.0,0.0,0.0,2002,clin,0.8
3,2,lr1e-04_bs32_modL1_fusion32_fusionL1_drop0p1_trmiss80_trlocclin,32,0.0001,1,32,1,0.1,lr1e-04_bs32_modL1_fusion32_fusionL1_drop0p1_trmiss80_trlocclin,21,0.45975200335184735,0.6623218953609467,0.7121848739495799,0.7883907918489457,0.6,0.0,0.0,0.0,0.0,2002,clin,0.8
3,2,lr1e-04_bs32_modL1_fusion32_fusionL1_drop0p1_trmiss80_trlocclin,32,0.0001,1,32,1,0.1,lr1e-04_bs32_modL1_fusion32_fusionL1_drop0p1_trmiss80_trlocclin,22,0.45826778809229535,0.6605154871940613,0.7184873949579832,0.7998621889279568,0.6222222222222222,0.0,0.0,0.0,0.0,2002,clin,0.8
3,2,lr1e-04_bs32_modL1_fusion32_fusionL1_drop0p1_trmiss80_trlocclin,32,0.0001,1,32,1,0.1,lr1e-04_bs32_modL1_fusion32_fusionL1_drop0p1_trmiss80_trlocclin,23,0.43348999818166095,0.6609255075454712,0.7121848739495797,0.7903253969597623,0.6,0.0,0.0,0.0,0.0,2002,clin,0.8
3,2,lr1e-04_bs32_modL1_fusion32_fusionL1_drop0p1_trmiss80_trlocclin,32,0.0001,1,32,1,0.1,lr1e-04_bs32_modL1_fusion32_fusionL1_drop0p1_trmiss80_trlocclin,24,0.437341387073199,0.6612087488174438,0.7163865546218487,0.8011537526922993,0.6,0.0,0.0,0.0,0.0,2002,clin,0.8
3,2,lr1e-04_bs32_modL1_fusion32_fusionL1_drop0p1_trmiss80_trlocclin,32,0.0001,1,32,1,0.1,lr1e-04_bs32_modL1_fusion32_fusionL1_drop0p1_trmiss80_trlocclin,25,0.4309995770454407,0.651682049036026,0.7184873949579833,0.7934274778057457,0.6888888888888889,0.0,0.0,0.0,0.0,2002,clin,0.8
3,2,lr1e-04_bs32_modL1_fusion32_fusionL1_drop0p1_trmiss80_trlocclin,32,0.0001,1,32,1,0.1,lr1e-04_bs32_modL1_fusion32_fusionL1_drop0p1_trmiss80_trlocclin,26,0.40785227219263714,0.6501183211803436,0.7184873949579833,0.7920694862038516,0.6888888888888889,0.0,0.0,0.0,0.0,2002,clin,0.8
3,2,lr1e-04_bs32_modL1_fusion32_fusionL1_drop0p1_trmiss80_trlocclin,32,0.0001,1,32,1,0.1,lr1e-04_bs32_modL1_fusion32_fusionL1_drop0p1_trmiss80_trlocclin,27,0.4167913794517517,0.6579547226428986,0.7184873949579832,0.7975354473415175,0.6222222222222222,0.0,0.0,0.0,0.0,2002,clin,0.8
3,2,lr1e-04_bs32_modL1_fusion32_fusionL1_drop0p1_trmiss80_trlocclin,32,0.0001,1,32,1,0.1,lr1e-04_bs32_modL1_fusion32_fusionL1_drop0p1_trmiss80_trlocclin,28,0.40330540140469867,0.6575143933296204,0.707983193277311,0.7710736443260774,0.6666666666666666,0.0,0.0,0.0,0.0,2002,clin,0.8
3,2,lr1e-04_bs32_modL1_fusion64_fusionL1_drop0p2_trmiss80_trlocclin,32,0.0001,1,64,1,0.2,lr1e-04_bs32_modL1_fusion64_fusionL1_drop0p2_trmiss80_trlocclin,1,0.6776941418647766,0.6697098910808563,0.6113445378151261,0.7364264207184388,0.5555555555555556,0.0,0.0,0.0,0.0,2002,clin,0.8
3,2,lr1e-04_bs32_modL1_fusion64_fusionL1_drop0p2_trmiss80_trlocclin,32,0.0001,1,64,1,0.2,lr1e-04_bs32_modL1_fusion64_fusionL1_drop0p2_trmiss80_trlocclin,2,0.6534300843874613,0.6614170074462891,0.5798319327731092,0.7339337790618597,0.5777777777777777,0.0,0.0,0.0,0.0,2002,clin,0.8
3,2,lr1e-04_bs32_modL1_fusion64_fusionL1_drop0p2_trmiss80_trlocclin,32,0.0001,1,64,1,0.2,lr1e-04_bs32_modL1_fusion64_fusionL1_drop0p2_trmiss80_trlocclin,3,0.6401059925556183,0.6614949405193329,0.5567226890756303,0.7276151205000215,0.5555555555555556,0.0,0.0,0.0,0.0,2002,clin,0.8
3,2,lr1e-04_bs32_modL1_fusion64_fusionL1_drop0p2_trmiss80_trlocclin,32,0.0001,1,64,1,0.2,lr1e-04_bs32_modL1_fusion64_fusionL1_drop0p2_trmiss80_trlocclin,4,0.5989655057589213,0.6568989753723145,0.5840336134453782,0.7550398058619748,0.5777777777777777,0.0,0.0,0.0,0.0,2002,clin,0.8
3,2,lr1e-04_bs32_modL1_fusion64_fusionL1_drop0p2_trmiss80_trlocclin,32,0.0001,1,64,1,0.2,lr1e-04_bs32_modL1_fusion64_fusionL1_drop0p2_trmiss80_trlocclin,5,0.5756475826104482,0.6587402820587158,0.6071428571428571,0.7616323239711015,0.6,0.0,0.0,0.0,0.0,2002,clin,0.8
3,2,lr1e-04_bs32_modL1_fusion64_fusionL1_drop0p2_trmiss80_trlocclin,32,0.0001,1,64,1,0.2,lr1e-04_bs32_modL1_fusion64_fusionL1_drop0p2_trmiss80_trlocclin,6,0.5677724679311117,0.658743292093277,0.6239495798319328,0.7725056205771742,0.5777777777777777,0.0,0.0,0.0,0.0,2002,clin,0.8
3,2,lr1e-04_bs32_modL1_fusion64_fusionL1_drop0p2_trmiss80_trlocclin,32,0.0001,1,64,1,0.2,lr1e-04_bs32_modL1_fusion64_fusionL1_drop0p2_trmiss80_trlocclin,7,0.5545662293831507,0.6567096710205078,0.6155462184873949,0.7696767996121658,0.6,0.0,0.0,0.0,0.0,2002,clin,0.8
3,2,lr1e-04_bs32_modL1_fusion64_fusionL1_drop0p2_trmiss80_trlocclin,32,0.0001,1,64,1,0.2,lr1e-04_bs32_modL1_fusion64_fusionL1_drop0p2_trmiss80_trlocclin,8,0.5296284159024557,0.6527195274829865,0.6239495798319328,0.7716049758518603,0.6222222222222222,0.0,0.0,0.0,0.0,2002,clin,0.8
3,2,lr1e-04_bs32_modL1_fusion64_fusionL1_drop0p2_trmiss80_trlocclin,32,0.0001,1,64,1,0.2,lr1e-04_bs32_modL1_fusion64_fusionL1_drop0p2_trmiss80_trlocclin,9,0.5240451296170553,0.6475425660610199,0.6428571428571428,0.783425754014412,0.6222222222222222,0.0,0.0,0.0,0.0,2002,clin,0.8
3,2,lr1e-04_bs32_modL1_fusion64_fusionL1_drop0p2_trmiss80_trlocclin,32,0.0001,1,64,1,0.2,lr1e-04_bs32_modL1_fusion64_fusionL1_drop0p2_trmiss80_trlocclin,10,0.5158382207155228,0.649425595998764,0.6365546218487395,0.7729422263175006,0.6,0.0,0.0,0.0,0.0,2002,clin,0.8
3,2,lr1e-04_bs32_modL1_fusion64_fusionL1_drop0p2_trmiss80_trlocclin,32,0.0001,1,64,1,0.2,lr1e-04_bs32_modL1_fusion64_fusionL1_drop0p2_trmiss80_trlocclin,11,0.509222666422526,0.6503746509552002,0.6386554621848739,0.7756107104257649,0.5777777777777777,0.0,0.0,0.0,0.0,2002,clin,0.8
3,2,lr1e-04_bs32_modL1_fusion64_fusionL1_drop0p2_trmiss80_trlocclin,32,0.0001,1,64,1,0.2,lr1e-04_bs32_modL1_fusion64_fusionL1_drop0p2_trmiss80_trlocclin,12,0.47952743371327716,0.6542956829071045,0.6302521008403361,0.7732548486375981,0.6222222222222222,0.0,0.0,0.0,0.0,2002,clin,0.8
3,2,lr1e-04_bs32_modL1_fusion64_fusionL1_drop0p2_trmiss80_trlocclin,32,0.0001,1,64,1,0.2,lr1e-04_bs32_modL1_fusion64_fusionL1_drop0p2_trmiss80_trlocclin,13,0.46996623277664185,0.6565272808074951,0.6302521008403362,0.7691737942771831,0.6,0.0,0.0,0.0,0.0,2002,clin,0.8
3,2,lr1e-04_bs32_modL1_fusion64_fusionL1_drop0p2_trmiss80_trlocclin,32,0.0001,1,64,1,0.2,lr1e-04_bs32_modL1_fusion64_fusionL1_drop0p2_trmiss80_trlocclin,14,0.4650656084219615,0.6593769788742065,0.6302521008403361,0.7652322517599711,0.5777777777777777,0.0,0.0,0.0,0.0,2002,clin,0.8
3,2,lr1e-04_bs32_modL1_fusion64_fusionL1_drop0p2_trmiss80_trlocclin,32,0.0001,1,64,1,0.2,lr1e-04_bs32_modL1_fusion64_fusionL1_drop0p2_trmiss80_trlocclin,15,0.4574758360783259,0.6556306481361389,0.6302521008403361,0.761287666833577,0.5777777777777777,0.0,0.0,0.0,0.0,2002,clin,0.8
3,2,lr1e-04_bs32_modL1_fusion64_fusionL1_drop0p2_trmiss80_trlocclin,32,0.0001,1,64,1,0.2,lr1e-04_bs32_modL1_fusion64_fusionL1_drop0p2_trmiss80_trlocclin,16,0.4305897305409114,0.6524024307727814,0.6407563025210085,0.7668082260854537,0.6222222222222222,0.0,0.0,0.0,0.0,2002,clin,0.8
3,2,lr1e-04_bs32_modL1_fusion64_fusionL1_drop0p2_trmiss80_trlocclin,32,0.0001,1,64,1,0.2,lr1e-04_bs32_modL1_fusion64_fusionL1_drop0p2_trmiss80_trlocclin,17,0.4325406849384308,0.653275728225708,0.6365546218487395,0.7595865258168216,0.6222222222222222,0.0,0.0,0.0,0.0,2002,clin,0.8
3,2,lr1e-04_bs32_modL1_fusion64_fusionL1_drop0p2_trmiss80_trlocclin,32,0.0001,1,64,1,0.2,lr1e-04_bs32_modL1_fusion64_fusionL1_drop0p2_trmiss80_trlocclin,18,0.435624822974205,0.6550155580043793,0.6302521008403361,0.7596313489243328,0.6222222222222222,0.0,0.0,0.0,0.0,2002,clin,0.8
3,2,lr1e-04_bs32_modL1_fusion64_fusionL1_drop0p2_trmiss80_trlocclin,32,0.0001,1,64,1,0.2,lr1e-04_bs32_modL1_fusion64_fusionL1_drop0p2_trmiss80_trlocclin,19,0.41461565097173053,0.6538254022598267,0.634453781512605,0.7546490392852303,0.6,0.0,0.0,0.0,0.0,2002,clin,0.8
3,2,lr1e-04_bs32_modL1_fusion64_fusionL1_drop0p2_trmiss80_trlocclin,32,0.0001,1,64,1,0.2,lr1e-04_bs32_modL1_fusion64_fusionL1_drop0p2_trmiss80_trlocclin,20,0.4072268307209015,0.6565998792648315,0.6218487394957983,0.7426250630280608,0.6222222222222222,0.0,0.0,0.0,0.0,2002,clin,0.8
3,2,lr1e-04_bs32_modL1_fusion64_fusionL1_drop0p2_trmiss80_trlocclin,32,0.0001,1,64,1,0.2,lr1e-04_bs32_modL1_fusion64_fusionL1_drop0p2_trmiss80_trlocclin,21,0.4083942472934723,0.6595308780670166,0.6197478991596639,0.7413726594923532,0.6222222222222222,0.0,0.0,0.0,0.0,2002,clin,0.8
3,2,lr1e-04_bs32_modL1_fusion64_fusionL1_drop0p2_trmiss80_trlocclin,32,0.0001,1,64,1,0.2,lr1e-04_bs32_modL1_fusion64_fusionL1_drop0p2_trmiss80_trlocclin,22,0.40875233213106793,0.6594320237636566,0.6239495798319328,0.7488144707826866,0.6222222222222222,0.0,0.0,0.0,0.0,2002,clin,0.8
3,2,lr1e-04_bs32_modL1_fusion64_fusionL1_drop0p2_trmiss80_trlocclin,32,0.0001,1,64,1,0.2,lr1e-04_bs32_modL1_fusion64_fusionL1_drop0p2_trmiss80_trlocclin,23,0.3933432300885518,0.659002035856247,0.6281512605042018,0.750314566788831,0.6222222222222222,0.0,0.0,0.0,0.0,2002,clin,0.8
3,2,lr1e-04_bs32_modL1_fusion64_fusionL1_drop0p2_trmiss80_trlocclin,32,0.0001,1,64,1,0.2,lr1e-04_bs32_modL1_fusion64_fusionL1_drop0p2_trmiss80_trlocclin,24,0.40865955750147503,0.6566364467144012,0.6260504201680672,0.7483522433979363,0.6222222222222222,0.0,0.0,0.0,0.0,2002,clin,0.8
3,2,lr1e-04_bs32_modL1_fusion64_fusionL1_drop0p2_trmiss80_trlocclin,32,0.0001,1,64,1,0.2,lr1e-04_bs32_modL1_fusion64_fusionL1_drop0p2_trmiss80_trlocclin,25,0.3986227760712306,0.6583588719367981,0.615546218487395,0.741159349051957,0.6222222222222222,0.0,0.0,0.0,0.0,2002,clin,0.8
3,2,lr1e-04_bs32_modL1_fusion64_fusionL1_drop0p2_trmiss80_trlocclin,32,0.0001,1,64,1,0.2,lr1e-04_bs32_modL1_fusion64_fusionL1_drop0p2_trmiss80_trlocclin,26,0.39481780926386517,0.6586200296878815,0.6239495798319328,0.7420186401368121,0.6222222222222222,0.0,0.0,0.0,0.0,2002,clin,0.8
3,2,lr1e-04_bs32_modL1_fusion64_fusionL1_drop0p2_trmiss80_trlocclin,32,0.0001,1,64,1,0.2,lr1e-04_bs32_modL1_fusion64_fusionL1_drop0p2_trmiss80_trlocclin,27,0.39213567475477856,0.6575094163417816,0.6281512605042017,0.7462668120776532,0.6,0.0,0.0,0.0,0.0,2002,clin,0.8
3,2,lr1e-04_bs32_modL1_fusion64_fusionL1_drop0p2_trmiss80_trlocclin,32,0.0001,1,64,1,0.2,lr1e-04_bs32_modL1_fusion64_fusionL1_drop0p2_trmiss80_trlocclin,28,0.3840426554282506,0.6582998037338257,0.6281512605042017,0.7456178682896116,0.6,0.0,0.0,0.0,0.0,2002,clin,0.8
3,2,lr1e-04_bs32_modL1_fusion64_fusionL1_drop0p2_trmiss80_trlocclin,32,0.0001,1,64,1,0.2,lr1e-04_bs32_modL1_fusion64_fusionL1_drop0p2_trmiss80_trlocclin,29,0.39994754393895465,0.6586232781410217,0.6302521008403361,0.7474886165889314,0.6,0.0,0.0,0.0,0.0,2002,clin,0.8
3,2,lr1e-04_bs32_modL1_fusion64_fusionL1_drop0p1_trmiss80_trlocclin,32,0.0001,1,64,1,0.1,lr1e-04_bs32_modL1_fusion64_fusionL1_drop0p1_trmiss80_trlocclin,1,0.6951107084751129,0.6995177567005157,0.4915966386554622,0.6852159756726428,0.4888888888888889,0.0,0.0,0.0,0.0,2002,clin,0.8
3,2,lr1e-04_bs32_modL1_fusion64_fusionL1_drop0p1_trmiss80_trlocclin,32,0.0001,1,64,1,0.1,lr1e-04_bs32_modL1_fusion64_fusionL1_drop0p1_trmiss80_trlocclin,2,0.6579417486985525,0.6850175559520721,0.5903361344537814,0.777785159153138,0.5333333333333333,0.0,0.0,0.0,0.0,2002,clin,0.8
3,2,lr1e-04_bs32_modL1_fusion64_fusionL1_drop0p1_trmiss80_trlocclin,32,0.0001,1,64,1,0.1,lr1e-04_bs32_modL1_fusion64_fusionL1_drop0p1_trmiss80_trlocclin,3,0.6269558171431223,0.6730283498764038,0.6113445378151261,0.787441015302837,0.6222222222222222,0.0,0.0,0.0,0.0,2002,clin,0.8
3,2,lr1e-04_bs32_modL1_fusion64_fusionL1_drop0p1_trmiss80_trlocclin,32,0.0001,1,64,1,0.1,lr1e-04_bs32_modL1_fusion64_fusionL1_drop0p1_trmiss80_trlocclin,4,0.5988671084245046,0.666774183511734,0.6092436974789915,0.7794360170731597,0.6444444444444445,0.0,0.0,0.0,0.0,2002,clin,0.8
3,2,lr1e-04_bs32_modL1_fusion64_fusionL1_drop0p1_trmiss80_trlocclin,32,0.0001,1,64,1,0.1,lr1e-04_bs32_modL1_fusion64_fusionL1_drop0p1_trmiss80_trlocclin,5,0.5504067440827688,0.662751704454422,0.6176470588235294,0.7736517239574684,0.6,0.0,0.0,0.0,0.0,2002,clin,0.8
3,2,lr1e-04_bs32_modL1_fusion64_fusionL1_drop0p1_trmiss80_trlocclin,32,0.0001,1,64,1,0.1,lr1e-04_bs32_modL1_fusion64_fusionL1_drop0p1_trmiss80_trlocclin,6,0.5317364831765493,0.6578986644744873,0.6407563025210085,0.7941122243673829,0.6444444444444445,0.0,0.0,0.0,0.0,2002,clin,0.8
3,2,lr1e-04_bs32_modL1_fusion64_fusionL1_drop0p1_trmiss80_trlocclin,32,0.0001,1,64,1,0.1,lr1e-04_bs32_modL1_fusion64_fusionL1_drop0p1_trmiss80_trlocclin,7,0.5234237511952718,0.6592825651168823,0.6260504201680672,0.744870855833702,0.6,0.0,0.0,0.0,0.0,2002,clin,0.8
3,2,lr1e-04_bs32_modL1_fusion64_fusionL1_drop0p1_trmiss80_trlocclin,32,0.0001,1,64,1,0.1,lr1e-04_bs32_modL1_fusion64_fusionL1_drop0p1_trmiss80_trlocclin,8,0.49518799781799316,0.6510017812252045,0.6407563025210083,0.7538388480602014,0.6,0.0,0.0,0.0,0.0,2002,clin,0.8
3,2,lr1e-04_bs32_modL1_fusion64_fusionL1_drop0p1_trmiss80_trlocclin,32,0.0001,1,64,1,0.1,lr1e-04_bs32_modL1_fusion64_fusionL1_drop0p1_trmiss80_trlocclin,9,0.48322277267773944,0.6523203551769257,0.638655462184874,0.7385513197123826,0.6,0.0,0.0,0.0,0.0,2002,clin,0.8
3,2,lr1e-04_bs32_modL1_fusion64_fusionL1_drop0p1_trmiss80_trlocclin,32,0.0001,1,64,1,0.1,lr1e-04_bs32_modL1_fusion64_fusionL1_drop0p1_trmiss80_trlocclin,10,0.4713156968355179,0.6591605246067047,0.6176470588235294,0.7233362706168383,0.6,0.0,0.0,0.0,0.0,2002,clin,0.8
3,2,lr1e-04_bs32_modL1_fusion64_fusionL1_drop0p1_trmiss80_trlocclin,32,0.0001,1,64,1,0.1,lr1e-04_bs32_modL1_fusion64_fusionL1_drop0p1_trmiss80_trlocclin,11,0.439415047566096,0.6610824167728424,0.6092436974789917,0.7145847170327673,0.6,0.0,0.0,0.0,0.0,2002,clin,0.8
3,2,lr1e-04_bs32_modL1_fusion64_fusionL1_drop0p1_trmiss80_trlocclin,32,0.0001,1,64,1,0.1,lr1e-04_bs32_modL1_fusion64_fusionL1_drop0p1_trmiss80_trlocclin,12,0.4303639531135559,0.6556832790374756,0.615546218487395,0.7192897001316632,0.6222222222222222,0.0,0.0,0.0,0.0,2002,clin,0.8
3,2,lr1e-04_bs32_modL1_fusion64_fusionL1_drop0p1_trmiss80_trlocclin,32,0.0001,1,64,1,0.1,lr1e-04_bs32_modL1_fusion64_fusionL1_drop0p1_trmiss80_trlocclin,13,0.41234656671682995,0.6559838354587555,0.611344537815126,0.7144322247940655,0.6222222222222222,0.0,0.0,0.0,0.0,2002,clin,0.8
3,2,lr1e-04_bs32_modL1_fusion64_fusionL1_drop0p1_trmiss80_trlocclin,32,0.0001,1,64,1,0.1,lr1e-04_bs32_modL1_fusion64_fusionL1_drop0p1_trmiss80_trlocclin,14,0.40328560769557953,0.6637781262397766,0.5777310924369748,0.7020332143905166,0.5777777777777777,0.0,0.0,0.0,0.0,2002,clin,0.8
3,2,lr1e-04_bs32_modL1_fusion64_fusionL1_drop0p1_trmiss80_trlocclin,32,0.0001,1,64,1,0.1,lr1e-04_bs32_modL1_fusion64_fusionL1_drop0p1_trmiss80_trlocclin,15,0.40526557962099713,0.6653752624988556,0.5798319327731092,0.7004373465034821,0.5555555555555556,0.0,0.0,0.0,0.0,2002,clin,0.8
3,2,lr1e-04_bs32_modL1_fusion64_fusionL1_drop0p1_trmiss80_trlocclin,32,0.0001,1,64,1,0.1,lr1e-04_bs32_modL1_fusion64_fusionL1_drop0p1_trmiss80_trlocclin,16,0.3820693989594777,0.6630835235118866,0.5840336134453782,0.701560770329891,0.5777777777777777,0.0,0.0,0.0,0.0,2002,clin,0.8
3,2,lr1e-04_bs32_modL1_fusion64_fusionL1_drop0p1_trmiss80_trlocclin,32,0.0001,1,64,1,0.1,lr1e-04_bs32_modL1_fusion64_fusionL1_drop0p1_trmiss80_trlocclin,17,0.36772702137629193,0.6605122089385986,0.5882352941176471,0.7052417433064033,0.5777777777777777,0.0,0.0,0.0,0.0,2002,clin,0.8
3,2,lr1e-04_bs32_modL1_fusion64_fusionL1_drop0p1_trmiss80_trlocclin,32,0.0001,1,64,1,0.1,lr1e-04_bs32_modL1_fusion64_fusionL1_drop0p1_trmiss80_trlocclin,18,0.3698679804801941,0.6612586975097656,0.5903361344537815,0.7056038602707295,0.5777777777777777,0.0,0.0,0.0,0.0,2002,clin,0.8
3,2,lr1e-04_bs32_modL1_fusion64_fusionL1_drop0p1_trmiss80_trlocclin,32,0.0001,1,64,1,0.1,lr1e-04_bs32_modL1_fusion64_fusionL1_drop0p1_trmiss80_trlocclin,19,0.36387118697166443,0.6618494689464569,0.5798319327731092,0.7022674532840678,0.5777777777777777,0.0,0.0,0.0,0.0,2002,clin,0.8
3,2,lr1e-04_bs32_modL1_fusion64_fusionL1_drop0p1_trmiss80_trlocclin,32,0.0001,1,64,1,0.1,lr1e-04_bs32_modL1_fusion64_fusionL1_drop0p1_trmiss80_trlocclin,20,0.36746953427791595,0.665019154548645,0.5714285714285715,0.6998474154033925,0.5777777777777777,0.0,0.0,0.0,0.0,2002,clin,0.8
3,2,lr1e-04_bs32_modL1_fusion64_fusionL1_drop0p1_trmiss80_trlocclin,32,0.0001,1,64,1,0.1,lr1e-04_bs32_modL1_fusion64_fusionL1_drop0p1_trmiss80_trlocclin,21,0.36136602361996967,0.6616163551807404,0.5798319327731093,0.7064430230140256,0.5777777777777777,0.0,0.0,0.0,0.0,2002,clin,0.8
3,2,lr1e-04_bs32_modL1_fusion64_fusionL1_drop0p1_trmiss80_trlocclin,32,0.0001,1,64,1,0.1,lr1e-04_bs32_modL1_fusion64_fusionL1_drop0p1_trmiss80_trlocclin,22,0.36110715568065643,0.6605956554412842,0.5819327731092436,0.7048210479545506,0.5777777777777777,0.0,0.0,0.0,0.0,2002,clin,0.8
3,2,lr1e-04_bs32_modL1_fusion64_fusionL1_drop0p1_trmiss80_trlocclin,32,0.0001,1,64,1,0.1,lr1e-04_bs32_modL1_fusion64_fusionL1_drop0p1_trmiss80_trlocclin,23,0.3461224089066188,0.6588385701179504,0.5819327731092437,0.7025712313324738,0.5777777777777777,0.0,0.0,0.0,0.0,2002,clin,0.8
3,2,lr1e-04_bs32_modL1_fusion64_fusionL1_drop0p1_trmiss80_trlocclin,32,0.0001,1,64,1,0.1,lr1e-04_bs32_modL1_fusion64_fusionL1_drop0p1_trmiss80_trlocclin,24,0.34966758886973065,0.6610856652259827,0.5861344537815125,0.7028890487963273,0.5777777777777777,0.0,0.0,0.0,0.0,2002,clin,0.8
3,2,lr1e-04_bs32_modL1_fusion64_fusionL1_drop0p1_trmiss80_trlocclin,32,0.0001,1,64,1,0.1,lr1e-04_bs32_modL1_fusion64_fusionL1_drop0p1_trmiss80_trlocclin,25,0.3456612378358841,0.6614795923233032,0.5840336134453782,0.7010687128784392,0.6,0.0,0.0,0.0,0.0,2002,clin,0.8
3,2,lr1e-04_bs32_modL1_fusion64_fusionL1_drop0p1_trmiss80_trlocclin,32,0.0001,1,64,1,0.1,lr1e-04_bs32_modL1_fusion64_fusionL1_drop0p1_trmiss80_trlocclin,26,0.3395501474539439,0.6649567484855652,0.5777310924369747,0.6966811808904263,0.6,0.0,0.0,0.0,0.0,2002,clin,0.8
3,3,lr5e-05_bs16_modL1_fusion32_fusionL1_drop0p2_trmiss80_trlocclin,16,5e-05,1,32,1,0.2,lr5e-05_bs16_modL1_fusion32_fusionL1_drop0p2_trmiss80_trlocclin,1,0.7059902250766754,0.7103803952534994,0.5,0.7004928983464161,0.4888888888888889,0.0,0.0,0.0,0.0,2002,clin,0.8
3,3,lr5e-05_bs16_modL1_fusion32_fusionL1_drop0p2_trmiss80_trlocclin,16,5e-05,1,32,1,0.2,lr5e-05_bs16_modL1_fusion32_fusionL1_drop0p2_trmiss80_trlocclin,2,0.6418109039465586,0.6839120785395304,0.5732758620689655,0.7283402045424937,0.5333333333333333,0.0,0.0,0.0,0.0,2002,clin,0.8
3,3,lr5e-05_bs16_modL1_fusion32_fusionL1_drop0p2_trmiss80_trlocclin,16,5e-05,1,32,1,0.2,lr5e-05_bs16_modL1_fusion32_fusionL1_drop0p2_trmiss80_trlocclin,3,0.6375961800416311,0.6705313920974731,0.603448275862069,0.7312695010704516,0.5333333333333333,0.0,0.0,0.0,0.0,2002,clin,0.8
3,3,lr5e-05_bs16_modL1_fusion32_fusionL1_drop0p2_trmiss80_trlocclin,16,5e-05,1,32,1,0.2,lr5e-05_bs16_modL1_fusion32_fusionL1_drop0p2_trmiss80_trlocclin,4,0.6188250035047531,0.6677793860435486,0.6099137931034483,0.7335649579946469,0.5777777777777777,0.0,0.0,0.0,0.0,2002,clin,0.8
3,3,lr5e-05_bs16_modL1_fusion32_fusionL1_drop0p2_trmiss80_trlocclin,16,5e-05,1,32,1,0.2,lr5e-05_bs16_modL1_fusion32_fusionL1_drop0p2_trmiss80_trlocclin,5,0.618222177028656,0.6626646717389425,0.6163793103448276,0.7345718733524305,0.6222222222222222,0.0,0.0,0.0,0.0,2002,clin,0.8
3,3,lr5e-05_bs16_modL1_fusion32_fusionL1_drop0p2_trmiss80_trlocclin,16,5e-05,1,32,1,0.2,lr5e-05_bs16_modL1_fusion32_fusionL1_drop0p2_trmiss80_trlocclin,6,0.5998301357030869,0.6661901473999023,0.6012931034482759,0.7156965244209168,0.5777777777777777,0.0,0.0,0.0,0.0,2002,clin,0.8
3,3,lr5e-05_bs16_modL1_fusion32_fusionL1_drop0p2_trmiss80_trlocclin,16,5e-05,1,32,1,0.2,lr5e-05_bs16_modL1_fusion32_fusionL1_drop0p2_trmiss80_trlocclin,7,0.5795432428518931,0.6583292682965597,0.6206896551724138,0.7477061677430928,0.5777777777777777,0.0,0.0,0.0,0.0,2002,clin,0.8
3,3,lr5e-05_bs16_modL1_fusion32_fusionL1_drop0p2_trmiss80_trlocclin,16,5e-05,1,32,1,0.2,lr5e-05_bs16_modL1_fusion32_fusionL1_drop0p2_trmiss80_trlocclin,8,0.5843859761953354,0.6613257924715678,0.6163793103448276,0.741921261093861,0.5777777777777777,0.0,0.0,0.0,0.0,2002,clin,0.8
3,3,lr5e-05_bs16_modL1_fusion32_fusionL1_drop0p2_trmiss80_trlocclin,16,5e-05,1,32,1,0.2,lr5e-05_bs16_modL1_fusion32_fusionL1_drop0p2_trmiss80_trlocclin,9,0.5803739974896113,0.6606564919153849,0.6206896551724138,0.7429505107076849,0.6,0.0,0.0,0.0,0.0,2002,clin,0.8
3,3,lr5e-05_bs16_modL1_fusion32_fusionL1_drop0p2_trmiss80_trlocclin,16,5e-05,1,32,1,0.2,lr5e-05_bs16_modL1_fusion32_fusionL1_drop0p2_trmiss80_trlocclin,10,0.5722472469011942,0.6595132152239481,0.6357758620689655,0.7469646706229385,0.6444444444444445,0.0,0.0,0.0,0.0,2002,clin,0.8
3,3,lr5e-05_bs16_modL1_fusion32_fusionL1_drop0p2_trmiss80_trlocclin,16,5e-05,1,32,1,0.2,lr5e-05_bs16_modL1_fusion32_fusionL1_drop0p2_trmiss80_trlocclin,11,0.5915057808160782,0.6478414535522461,0.6616379310344828,0.7733959005478163,0.6666666666666666,0.0,0.0,0.0,0.0,2002,clin,0.8
3,3,lr5e-05_bs16_modL1_fusion32_fusionL1_drop0p2_trmiss80_trlocclin,16,5e-05,1,32,1,0.2,lr5e-05_bs16_modL1_fusion32_fusionL1_drop0p2_trmiss80_trlocclin,12,0.5316296915213267,0.6411709586779276,0.6724137931034483,0.7724101839614324,0.6444444444444445,0.0,0.0,0.0,0.0,2002,clin,0.8
3,3,lr5e-05_bs16_modL1_fusion32_fusionL1_drop0p2_trmiss80_trlocclin,16,5e-05,1,32,1,0.2,lr5e-05_bs16_modL1_fusion32_fusionL1_drop0p2_trmiss80_trlocclin,13,0.5442832161982855,0.6473639210065206,0.6487068965517241,0.7445438931641071,0.6444444444444445,0.0,0.0,0.0,0.0,2002,clin,0.8
3,3,lr5e-05_bs16_modL1_fusion32_fusionL1_drop0p2_trmiss80_trlocclin,16,5e-05,1,32,1,0.2,lr5e-05_bs16_modL1_fusion32_fusionL1_drop0p2_trmiss80_trlocclin,14,0.5322215681274732,0.6574374834696451,0.6357758620689655,0.734377012383636,0.6666666666666666,0.0,0.0,0.0,0.0,2002,clin,0.8
3,3,lr5e-05_bs16_modL1_fusion32_fusionL1_drop0p2_trmiss80_trlocclin,16,5e-05,1,32,1,0.2,lr5e-05_bs16_modL1_fusion32_fusionL1_drop0p2_trmiss80_trlocclin,15,0.5468727548917135,0.6590852538744608,0.6314655172413793,0.7317540842876706,0.6,0.0,0.0,0.0,0.0,2002,clin,0.8
3,3,lr5e-05_bs16_modL1_fusion32_fusionL1_drop0p2_trmiss80_trlocclin,16,5e-05,1,32,1,0.2,lr5e-05_bs16_modL1_fusion32_fusionL1_drop0p2_trmiss80_trlocclin,16,0.5309607436259588,0.6538101434707642,0.6487068965517242,0.7497125269219005,0.6444444444444445,0.0,0.0,0.0,0.0,2002,clin,0.8
3,3,lr5e-05_bs16_modL1_fusion32_fusionL1_drop0p2_trmiss80_trlocclin,16,5e-05,1,32,1,0.2,lr5e-05_bs16_modL1_fusion32_fusionL1_drop0p2_trmiss80_trlocclin,17,0.494697963198026,0.6433334151903788,0.6681034482758621,0.7627211933153799,0.6444444444444445,0.0,0.0,0.0,0.0,2002,clin,0.8
3,3,lr5e-05_bs16_modL1_fusion32_fusionL1_drop0p2_trmiss80_trlocclin,16,5e-05,1,32,1,0.2,lr5e-05_bs16_modL1_fusion32_fusionL1_drop0p2_trmiss80_trlocclin,18,0.5045830855766932,0.6401281952857971,0.6616379310344828,0.754317900644932,0.6222222222222222,0.0,0.0,0.0,0.0,2002,clin,0.8
3,3,lr5e-05_bs16_modL1_fusion32_fusionL1_drop0p2_trmiss80_trlocclin,16,5e-05,1,32,1,0.2,lr5e-05_bs16_modL1_fusion32_fusionL1_drop0p2_trmiss80_trlocclin,19,0.518367163836956,0.6397732098897299,0.6702586206896552,0.7579518694441025,0.6666666666666666,0.0,0.0,0.0,0.0,2002,clin,0.8
3,3,lr5e-05_bs16_modL1_fusion32_fusionL1_drop0p2_trmiss80_trlocclin,16,5e-05,1,32,1,0.2,lr5e-05_bs16_modL1_fusion32_fusionL1_drop0p2_trmiss80_trlocclin,20,0.49970631549755734,0.6385004123051962,0.6681034482758621,0.7615441729227578,0.6666666666666666,0.0,0.0,0.0,0.0,2002,clin,0.8
3,3,lr5e-05_bs16_modL1_fusion32_fusionL1_drop0p2_trmiss80_trlocclin,16,5e-05,1,32,1,0.2,lr5e-05_bs16_modL1_fusion32_fusionL1_drop0p2_trmiss80_trlocclin,21,0.5014770701527596,0.6339567303657532,0.6810344827586208,0.7681821076413967,0.6444444444444445,0.0,0.0,0.0,0.0,2002,clin,0.8
3,3,lr5e-05_bs16_modL1_fusion32_fusionL1_drop0p2_trmiss80_trlocclin,16,5e-05,1,32,1,0.2,lr5e-05_bs16_modL1_fusion32_fusionL1_drop0p2_trmiss80_trlocclin,22,0.47757191707690555,0.634997546672821,0.6875,0.7753960092558535,0.6666666666666666,0.0,0.0,0.0,0.0,2002,clin,0.8
3,3,lr5e-05_bs16_modL1_fusion32_fusionL1_drop0p2_trmiss80_trlocclin,16,5e-05,1,32,1,0.2,lr5e-05_bs16_modL1_fusion32_fusionL1_drop0p2_trmiss80_trlocclin,23,0.4786250094572703,0.6406892339388529,0.6810344827586207,0.7704699292662526,0.6,0.0,0.0,0.0,0.0,2002,clin,0.8
3,3,lr5e-05_bs16_modL1_fusion32_fusionL1_drop0p2_trmiss80_trlocclin,16,5e-05,1,32,1,0.2,lr5e-05_bs16_modL1_fusion32_fusionL1_drop0p2_trmiss80_trlocclin,24,0.472462738553683,0.6463260451952616,0.6551724137931034,0.741788436575748,0.6222222222222222,0.0,0.0,0.0,0.0,2002,clin,0.8
3,3,lr5e-05_bs16_modL1_fusion32_fusionL1_drop0p2_trmiss80_trlocclin,16,5e-05,1,32,1,0.2,lr5e-05_bs16_modL1_fusion32_fusionL1_drop0p2_trmiss80_trlocclin,25,0.47838756690422696,0.6356211105982462,0.6853448275862069,0.7609845910429488,0.6666666666666666,0.0,0.0,0.0,0.0,2002,clin,0.8
3,3,lr5e-05_bs16_modL1_fusion32_fusionL1_drop0p2_trmiss80_trlocclin,16,5e-05,1,32,1,0.2,lr5e-05_bs16_modL1_fusion32_fusionL1_drop0p2_trmiss80_trlocclin,26,0.47969991465409595,0.6295237342516581,0.6982758620689655,0.7631270369720928,0.6888888888888889,0.0,0.0,0.0,0.0,2002,clin,0.8
3,3,lr5e-05_bs16_modL1_fusion32_fusionL1_drop0p2_trmiss80_trlocclin,16,5e-05,1,32,1,0.2,lr5e-05_bs16_modL1_fusion32_fusionL1_drop0p2_trmiss80_trlocclin,27,0.4548557351032893,0.6363525986671448,0.6875,0.7562559255953395,0.6888888888888889,0.0,0.0,0.0,0.0,2002,clin,0.8
3,3,lr5e-05_bs16_modL1_fusion32_fusionL1_drop0p2_trmiss80_trlocclin,16,5e-05,1,32,1,0.2,lr5e-05_bs16_modL1_fusion32_fusionL1_drop0p2_trmiss80_trlocclin,28,0.43884722888469696,0.6468250155448914,0.6594827586206897,0.736747218357103,0.6444444444444445,0.0,0.0,0.0,0.0,2002,clin,0.8
3,3,lr5e-05_bs16_modL1_fusion32_fusionL1_drop0p2_trmiss80_trlocclin,16,5e-05,1,32,1,0.2,lr5e-05_bs16_modL1_fusion32_fusionL1_drop0p2_trmiss80_trlocclin,29,0.4246785019834836,0.6424562533696493,0.6745689655172413,0.7434754605872805,0.7111111111111111,0.0,0.0,0.0,0.0,2002,clin,0.8
3,3,lr5e-05_bs16_modL1_fusion32_fusionL1_drop0p2_trmiss80_trlocclin,16,5e-05,1,32,1,0.2,lr5e-05_bs16_modL1_fusion32_fusionL1_drop0p2_trmiss80_trlocclin,30,0.43441446870565414,0.6401200493176779,0.6702586206896552,0.7358154921801331,0.7555555555555555,0.0,0.0,0.0,0.0,2002,clin,0.8
3,3,lr5e-05_bs16_modL1_fusion32_fusionL1_drop0p2_trmiss80_trlocclin,16,5e-05,1,32,1,0.2,lr5e-05_bs16_modL1_fusion32_fusionL1_drop0p2_trmiss80_trlocclin,31,0.43124481787284213,0.6418306032816569,0.6896551724137931,0.7503643350587637,0.6666666666666666,0.0,0.0,0.0,0.0,2002,clin,0.8
3,3,lr5e-05_bs16_modL1_fusion32_fusionL1_drop0p2_trmiss80_trlocclin,16,5e-05,1,32,1,0.2,lr5e-05_bs16_modL1_fusion32_fusionL1_drop0p2_trmiss80_trlocclin,32,0.44664527227481204,0.6395127773284912,0.6982758620689655,0.7608715734818235,0.6888888888888889,0.0,0.0,0.0,0.0,2002,clin,0.8
3,3,lr5e-05_bs16_modL1_fusion32_fusionL1_drop0p2_trmiss80_trlocclin,16,5e-05,1,32,1,0.2,lr5e-05_bs16_modL1_fusion32_fusionL1_drop0p2_trmiss80_trlocclin,33,0.42845600595076877,0.6427238980929056,0.6831896551724137,0.7481410316188092,0.6888888888888889,0.0,0.0,0.0,0.0,2002,clin,0.8
3,3,lr5e-05_bs16_modL1_fusion32_fusionL1_drop0p2_trmiss80_trlocclin,16,5e-05,1,32,1,0.2,lr5e-05_bs16_modL1_fusion32_fusionL1_drop0p2_trmiss80_trlocclin,34,0.4047212426861127,0.641239603360494,0.6745689655172414,0.7408874788357499,0.7111111111111111,0.0,0.0,0.0,0.0,2002,clin,0.8
3,3,lr5e-05_bs16_modL1_fusion32_fusionL1_drop0p2_trmiss80_trlocclin,16,5e-05,1,32,1,0.2,lr5e-05_bs16_modL1_fusion32_fusionL1_drop0p2_trmiss80_trlocclin,35,0.43922094504038495,0.6512513756752014,0.6530172413793104,0.7081416501966632,0.6666666666666666,0.0,0.0,0.0,0.0,2002,clin,0.8
3,3,lr5e-05_bs16_modL1_fusion32_fusionL1_drop0p2_trmiss80_trlocclin,16,5e-05,1,32,1,0.2,lr5e-05_bs16_modL1_fusion32_fusionL1_drop0p2_trmiss80_trlocclin,36,0.4194694012403488,0.6502687732378641,0.6637931034482758,0.7129501235015868,0.6888888888888889,0.0,0.0,0.0,0.0,2002,clin,0.8
3,3,lr5e-05_bs16_modL1_fusion32_fusionL1_drop0p2_trmiss80_trlocclin,16,5e-05,1,32,1,0.2,lr5e-05_bs16_modL1_fusion32_fusionL1_drop0p2_trmiss80_trlocclin,37,0.42192375908295315,0.6421916087468466,0.6788793103448276,0.7431745574999998,0.7111111111111111,0.0,0.0,0.0,0.0,2002,clin,0.8
3,3,lr5e-05_bs16_modL1_fusion32_fusionL1_drop0p2_trmiss80_trlocclin,16,5e-05,1,32,1,0.2,lr5e-05_bs16_modL1_fusion32_fusionL1_drop0p2_trmiss80_trlocclin,38,0.41544532775878906,0.6391288836797079,0.6788793103448276,0.7397092832147563,0.7111111111111111,0.0,0.0,0.0,0.0,2002,clin,0.8
3,3,lr5e-05_bs16_modL1_fusion32_fusionL1_drop0p2_trmiss80_trlocclin,16,5e-05,1,32,1,0.2,lr5e-05_bs16_modL1_fusion32_fusionL1_drop0p2_trmiss80_trlocclin,39,0.42963171750307083,0.6403259038925171,0.6681034482758621,0.7194341469563909,0.7111111111111111,0.0,0.0,0.0,0.0,2002,clin,0.8
3,3,lr5e-05_bs16_modL1_fusion32_fusionL1_drop0p2_trmiss80_trlocclin,16,5e-05,1,32,1,0.2,lr5e-05_bs16_modL1_fusion32_fusionL1_drop0p2_trmiss80_trlocclin,40,0.43399401505788165,0.6441519657770792,0.6616379310344827,0.7095277211388473,0.7111111111111111,0.0,0.0,0.0,0.0,2002,clin,0.8
3,3,lr5e-05_bs16_modL1_fusion32_fusionL1_drop0p2_trmiss80_trlocclin,16,5e-05,1,32,1,0.2,lr5e-05_bs16_modL1_fusion32_fusionL1_drop0p2_trmiss80_trlocclin,41,0.43337343881527585,0.6481392979621887,0.665948275862069,0.7272466733414323,0.6666666666666666,0.0,0.0,0.0,0.0,2002,clin,0.8
3,3,lr5e-05_bs16_modL1_fusion32_fusionL1_drop0p2_trmiss80_trlocclin,16,5e-05,1,32,1,0.2,lr5e-05_bs16_modL1_fusion32_fusionL1_drop0p2_trmiss80_trlocclin,42,0.4058335100611051,0.6492423216501871,0.6745689655172413,0.7389018455536779,0.6888888888888889,0.0,0.0,0.0,0.0,2002,clin,0.8
3,3,lr5e-05_bs16_modL1_fusion32_fusionL1_drop0p2_trmiss80_trlocclin,16,5e-05,1,32,1,0.2,lr5e-05_bs16_modL1_fusion32_fusionL1_drop0p2_trmiss80_trlocclin,43,0.397101491689682,0.6562509338061014,0.6702586206896551,0.7309531428791962,0.6666666666666666,0.0,0.0,0.0,0.0,2002,clin,0.8
3,3,lr5e-05_bs16_modL1_fusion32_fusionL1_drop0p2_trmiss80_trlocclin,16,5e-05,1,32,1,0.2,lr5e-05_bs16_modL1_fusion32_fusionL1_drop0p2_trmiss80_trlocclin,44,0.40223148713509244,0.6582631468772888,0.6530172413793103,0.7187889672544159,0.6444444444444445,0.0,0.0,0.0,0.0,2002,clin,0.8
3,3,lr5e-05_bs16_modL1_fusion32_fusionL1_drop0p2_trmiss80_trlocclin,16,5e-05,1,32,1,0.2,lr5e-05_bs16_modL1_fusion32_fusionL1_drop0p2_trmiss80_trlocclin,45,0.3777138019601504,0.6457451184590658,0.668103448275862,0.7272726216964064,0.7333333333333333,0.0,0.0,0.0,0.0,2002,clin,0.8
3,3,lr5e-05_bs16_modL1_fusion32_fusionL1_drop0p2_trmiss80_trlocclin,16,5e-05,1,32,1,0.2,lr5e-05_bs16_modL1_fusion32_fusionL1_drop0p2_trmiss80_trlocclin,46,0.39302127559979755,0.6451153953870138,0.6551724137931034,0.7199108895150431,0.7333333333333333,0.0,0.0,0.0,0.0,2002,clin,0.8
3,3,lr5e-05_bs16_modL1_fusion32_fusionL1_drop0p1_trmiss80_trlocclin,16,5e-05,1,32,1,0.1,lr5e-05_bs16_modL1_fusion32_fusionL1_drop0p1_trmiss80_trlocclin,1,0.6818786164124807,0.6714402635892233,0.5581896551724137,0.7191364739661533,0.6,0.0,0.0,0.0,0.0,2002,clin,0.8
3,3,lr5e-05_bs16_modL1_fusion32_fusionL1_drop0p1_trmiss80_trlocclin,16,5e-05,1,32,1,0.1,lr5e-05_bs16_modL1_fusion32_fusionL1_drop0p1_trmiss80_trlocclin,2,0.6377830108006796,0.6567437052726746,0.5905172413793103,0.7540805494678977,0.6,0.0,0.0,0.0,0.0,2002,clin,0.8
3,3,lr5e-05_bs16_modL1_fusion32_fusionL1_drop0p1_trmiss80_trlocclin,16,5e-05,1,32,1,0.1,lr5e-05_bs16_modL1_fusion32_fusionL1_drop0p1_trmiss80_trlocclin,3,0.6204152405261993,0.6518832643826803,0.584051724137931,0.7390657030185935,0.6,0.0,0.0,0.0,0.0,2002,clin,0.8
3,3,lr5e-05_bs16_modL1_fusion32_fusionL1_drop0p1_trmiss80_trlocclin,16,5e-05,1,32,1,0.1,lr5e-05_bs16_modL1_fusion32_fusionL1_drop0p1_trmiss80_trlocclin,4,0.6018278400103251,0.6482779582341512,0.5926724137931034,0.7316263719527137,0.6444444444444445,0.0,0.0,0.0,0.0,2002,clin,0.8
3,3,lr5e-05_bs16_modL1_fusion32_fusionL1_drop0p1_trmiss80_trlocclin,16,5e-05,1,32,1,0.1,lr5e-05_bs16_modL1_fusion32_fusionL1_drop0p1_trmiss80_trlocclin,5,0.595825324455897,0.656308134396871,0.5711206896551724,0.7104067482072824,0.6222222222222222,0.0,0.0,0.0,0.0,2002,clin,0.8
3,3,lr5e-05_bs16_modL1_fusion32_fusionL1_drop0p1_trmiss80_trlocclin,16,5e-05,1,32,1,0.1,lr5e-05_bs16_modL1_fusion32_fusionL1_drop0p1_trmiss80_trlocclin,6,0.5779451032479604,0.6627382238705953,0.5581896551724138,0.7033480851679429,0.5333333333333333,0.0,0.0,0.0,0.0,2002,clin,0.8
3,3,lr5e-05_bs16_modL1_fusion32_fusionL1_drop0p1_trmiss80_trlocclin,16,5e-05,1,32,1,0.1,lr5e-05_bs16_modL1_fusion32_fusionL1_drop0p1_trmiss80_trlocclin,7,0.5885797664523125,0.6524410843849182,0.5926724137931034,0.7115929348371286,0.6444444444444445,0.0,0.0,0.0,0.0,2002,clin,0.8
3,3,lr5e-05_bs16_modL1_fusion32_fusionL1_drop0p1_trmiss80_trlocclin,16,5e-05,1,32,1,0.1,lr5e-05_bs16_modL1_fusion32_fusionL1_drop0p1_trmiss80_trlocclin,8,0.5600431685646375,0.655978282292684,0.5689655172413793,0.7043962132850365,0.6,0.0,0.0,0.0,0.0,2002,clin,0.8
3,3,lr5e-05_bs16_modL1_fusion32_fusionL1_drop0p1_trmiss80_trlocclin,16,5e-05,1,32,1,0.1,lr5e-05_bs16_modL1_fusion32_fusionL1_drop0p1_trmiss80_trlocclin,9,0.5499083946148554,0.6604485710461935,0.5668103448275862,0.6938925779987178,0.6222222222222222,0.0,0.0,0.0,0.0,2002,clin,0.8
3,3,lr5e-05_bs16_modL1_fusion32_fusionL1_drop0p1_trmiss80_trlocclin,16,5e-05,1,32,1,0.1,lr5e-05_bs16_modL1_fusion32_fusionL1_drop0p1_trmiss80_trlocclin,10,0.5443776150544485,0.6602697372436523,0.5538793103448276,0.6811476753060713,0.6,0.0,0.0,0.0,0.0,2002,clin,0.8
3,3,lr5e-05_bs16_modL1_fusion32_fusionL1_drop0p1_trmiss80_trlocclin,16,5e-05,1,32,1,0.1,lr5e-05_bs16_modL1_fusion32_fusionL1_drop0p1_trmiss80_trlocclin,11,0.5378059024612108,0.6570419073104858,0.5862068965517241,0.7015648675239421,0.6444444444444445,0.0,0.0,0.0,0.0,2002,clin,0.8
3,3,lr5e-05_bs16_modL1_fusion32_fusionL1_drop0p1_trmiss80_trlocclin,16,5e-05,1,32,1,0.1,lr5e-05_bs16_modL1_fusion32_fusionL1_drop0p1_trmiss80_trlocclin,12,0.534013494849205,0.657727042833964,0.5689655172413792,0.6858514219828705,0.6444444444444445,0.0,0.0,0.0,0.0,2002,clin,0.8
3,3,lr5e-05_bs16_modL1_fusion32_fusionL1_drop0p1_trmiss80_trlocclin,16,5e-05,1,32,1,0.1,lr5e-05_bs16_modL1_fusion32_fusionL1_drop0p1_trmiss80_trlocclin,13,0.5193624570965767,0.6572960416475931,0.5775862068965517,0.6872987393855977,0.6444444444444445,0.0,0.0,0.0,0.0,2002,clin,0.8
3,3,lr5e-05_bs16_modL1_fusion32_fusionL1_drop0p1_trmiss80_trlocclin,16,5e-05,1,32,1,0.1,lr5e-05_bs16_modL1_fusion32_fusionL1_drop0p1_trmiss80_trlocclin,14,0.5157264222701391,0.6608254512151083,0.5646551724137931,0.682485522506588,0.6222222222222222,0.0,0.0,0.0,0.0,2002,clin,0.8
3,3,lr5e-05_bs16_modL1_fusion32_fusionL1_drop0p1_trmiss80_trlocclin,16,5e-05,1,32,1,0.1,lr5e-05_bs16_modL1_fusion32_fusionL1_drop0p1_trmiss80_trlocclin,15,0.523300809164842,0.662513017654419,0.5538793103448276,0.6769834733707081,0.6,0.0,0.0,0.0,0.0,2002,clin,0.8
3,3,lr5e-05_bs16_modL1_fusion32_fusionL1_drop0p1_trmiss80_trlocclin,16,5e-05,1,32,1,0.1,lr5e-05_bs16_modL1_fusion32_fusionL1_drop0p1_trmiss80_trlocclin,16,0.5225755522648493,0.6582086086273193,0.5625,0.6815060374837192,0.6222222222222222,0.0,0.0,0.0,0.0,2002,clin,0.8
3,3,lr5e-05_bs16_modL1_fusion32_fusionL1_drop0p1_trmiss80_trlocclin,16,5e-05,1,32,1,0.1,lr5e-05_bs16_modL1_fusion32_fusionL1_drop0p1_trmiss80_trlocclin,17,0.5073303331931432,0.6535188953081766,0.5797413793103448,0.7098120642926539,0.6444444444444445,0.0,0.0,0.0,0.0,2002,clin,0.8
3,3,lr5e-05_bs16_modL1_fusion32_fusionL1_drop0p1_trmiss80_trlocclin,16,5e-05,1,32,1,0.1,lr5e-05_bs16_modL1_fusion32_fusionL1_drop0p1_trmiss80_trlocclin,18,0.5040327658255895,0.658596416314443,0.5668103448275863,0.6970460061291412,0.6,0.0,0.0,0.0,0.0,2002,clin,0.8
3,3,lr5e-05_bs16_modL1_fusion32_fusionL1_drop0p1_trmiss80_trlocclin,16,5e-05,1,32,1,0.1,lr5e-05_bs16_modL1_fusion32_fusionL1_drop0p1_trmiss80_trlocclin,19,0.5011437957485517,0.6584762136141459,0.5689655172413793,0.6976650502272027,0.6222222222222222,0.0,0.0,0.0,0.0,2002,clin,0.8
3,3,lr5e-05_bs16_modL1_fusion32_fusionL1_drop0p1_trmiss80_trlocclin,16,5e-05,1,32,1,0.1,lr5e-05_bs16_modL1_fusion32_fusionL1_drop0p1_trmiss80_trlocclin,20,0.48651571323474246,0.652843157450358,0.5797413793103449,0.6880289465525755,0.6666666666666666,0.0,0.0,0.0,0.0,2002,clin,0.8
3,3,lr5e-05_bs16_modL1_fusion32_fusionL1_drop0p1_trmiss80_trlocclin,16,5e-05,1,32,1,0.1,lr5e-05_bs16_modL1_fusion32_fusionL1_drop0p1_trmiss80_trlocclin,21,0.5121658146381378,0.6496674418449402,0.5754310344827587,0.6886446535665541,0.6666666666666666,0.0,0.0,0.0,0.0,2002,clin,0.8
3,3,lr5e-05_bs16_modL1_fusion32_fusionL1_drop0p1_trmiss80_trlocclin,16,5e-05,1,32,1,0.1,lr5e-05_bs16_modL1_fusion32_fusionL1_drop0p1_trmiss80_trlocclin,22,0.49475465963284176,0.656378448009491,0.5797413793103449,0.6910839493958094,0.6222222222222222,0.0,0.0,0.0,0.0,2002,clin,0.8
3,3,lr5e-05_bs16_modL1_fusion32_fusionL1_drop0p1_trmiss80_trlocclin,16,5e-05,1,32,1,0.1,lr5e-05_bs16_modL1_fusion32_fusionL1_drop0p1_trmiss80_trlocclin,23,0.5035739714900652,0.6528905630111694,0.5818965517241379,0.6935285861927893,0.6222222222222222,0.0,0.0,0.0,0.0,2002,clin,0.8
3,3,lr5e-05_bs16_modL1_fusion32_fusionL1_drop0p1_trmiss80_trlocclin,16,5e-05,1,32,1,0.1,lr5e-05_bs16_modL1_fusion32_fusionL1_drop0p1_trmiss80_trlocclin,24,0.4938054357965787,0.6582489411036173,0.5818965517241379,0.6960269982333815,0.6222222222222222,0.0,0.0,0.0,0.0,2002,clin,0.8
3,3,lr5e-05_bs16_modL1_fusion64_fusionL1_drop0p2_trmiss80_trlocclin,16,5e-05,1,64,1,0.2,lr5e-05_bs16_modL1_fusion64_fusionL1_drop0p2_trmiss80_trlocclin,1,0.731795941789945,0.7032482425371805,0.6551724137931034,0.8087966082408267,0.5333333333333333,0.0,0.0,0.0,0.0,2002,clin,0.8
3,3,lr5e-05_bs16_modL1_fusion64_fusionL1_drop0p2_trmiss80_trlocclin,16,5e-05,1,64,1,0.2,lr5e-05_bs16_modL1_fusion64_fusionL1_drop0p2_trmiss80_trlocclin,2,0.67661052942276,0.6911520560582479,0.6702586206896551,0.8086508214581676,0.5555555555555556,0.0,0.0,0.0,0.0,2002,clin,0.8
3,3,lr5e-05_bs16_modL1_fusion64_fusionL1_drop0p2_trmiss80_trlocclin,16,5e-05,1,64,1,0.2,lr5e-05_bs16_modL1_fusion64_fusionL1_drop0p2_trmiss80_trlocclin,3,0.6944394111633301,0.6809434692064921,0.6594827586206896,0.7947344819405082,0.6222222222222222,0.0,0.0,0.0,0.0,2002,clin,0.8
3,3,lr5e-05_bs16_modL1_fusion64_fusionL1_drop0p2_trmiss80_trlocclin,16,5e-05,1,64,1,0.2,lr5e-05_bs16_modL1_fusion64_fusionL1_drop0p2_trmiss80_trlocclin,4,0.6616464207569758,0.681596060593923,0.6400862068965517,0.7888454792964952,0.5777777777777777,0.0,0.0,0.0,0.0,2002,clin,0.8
3,3,lr5e-05_bs16_modL1_fusion64_fusionL1_drop0p2_trmiss80_trlocclin,16,5e-05,1,64,1,0.2,lr5e-05_bs16_modL1_fusion64_fusionL1_drop0p2_trmiss80_trlocclin,5,0.6354163338740667,0.6854594349861145,0.6443965517241379,0.7882787302438736,0.5777777777777777,0.0,0.0,0.0,0.0,2002,clin,0.8
3,3,lr5e-05_bs16_modL1_fusion64_fusionL1_drop0p2_trmiss80_trlocclin,16,5e-05,1,64,1,0.2,lr5e-05_bs16_modL1_fusion64_fusionL1_drop0p2_trmiss80_trlocclin,6,0.5992066611846288,0.6888194680213928,0.6293103448275862,0.779318267646683,0.6,0.0,0.0,0.0,0.0,2002,clin,0.8
3,3,lr5e-05_bs16_modL1_fusion64_fusionL1_drop0p2_trmiss80_trlocclin,16,5e-05,1,64,1,0.2,lr5e-05_bs16_modL1_fusion64_fusionL1_drop0p2_trmiss80_trlocclin,7,0.5923044780890147,0.6835131247838339,0.6077586206896552,0.771578448665083,0.6,0.0,0.0,0.0,0.0,2002,clin,0.8
3,3,lr5e-05_bs16_modL1_fusion64_fusionL1_drop0p2_trmiss80_trlocclin,16,5e-05,1,64,1,0.2,lr5e-05_bs16_modL1_fusion64_fusionL1_drop0p2_trmiss80_trlocclin,8,0.5859298259019852,0.6821990410486857,0.6099137931034483,0.7640101966234956,0.6222222222222222,0.0,0.0,0.0,0.0,2002,clin,0.8
3,3,lr5e-05_bs16_modL1_fusion64_fusionL1_drop0p2_trmiss80_trlocclin,16,5e-05,1,64,1,0.2,lr5e-05_bs16_modL1_fusion64_fusionL1_drop0p2_trmiss80_trlocclin,9,0.5875395561257998,0.6793657143910726,0.6142241379310345,0.7726168749648967,0.6222222222222222,0.0,0.0,0.0,0.0,2002,clin,0.8
3,3,lr5e-05_bs16_modL1_fusion64_fusionL1_drop0p2_trmiss80_trlocclin,16,5e-05,1,64,1,0.2,lr5e-05_bs16_modL1_fusion64_fusionL1_drop0p2_trmiss80_trlocclin,10,0.5457291379570961,0.679418166478475,0.6077586206896551,0.7700065784253805,0.5777777777777777,0.0,0.0,0.0,0.0,2002,clin,0.8
3,3,lr5e-05_bs16_modL1_fusion64_fusionL1_drop0p2_trmiss80_trlocclin,16,5e-05,1,64,1,0.2,lr5e-05_bs16_modL1_fusion64_fusionL1_drop0p2_trmiss80_trlocclin,11,0.5588169892628988,0.6750749548276266,0.6206896551724138,0.7777508132165147,0.5777777777777777,0.0,0.0,0.0,0.0,2002,clin,0.8
3,3,lr5e-05_bs16_modL1_fusion64_fusionL1_drop0p2_trmiss80_trlocclin,16,5e-05,1,64,1,0.2,lr5e-05_bs16_modL1_fusion64_fusionL1_drop0p2_trmiss80_trlocclin,12,0.562094916899999,0.6805819074312845,0.6293103448275863,0.7892503169559937,0.6222222222222222,0.0,0.0,0.0,0.0,2002,clin,0.8
3,3,lr5e-05_bs16_modL1_fusion64_fusionL1_drop0p2_trmiss80_trlocclin,16,5e-05,1,64,1,0.2,lr5e-05_bs16_modL1_fusion64_fusionL1_drop0p2_trmiss80_trlocclin,13,0.5435524508357048,0.6740963061650594,0.6379310344827587,0.7923355288551175,0.6222222222222222,0.0,0.0,0.0,0.0,2002,clin,0.8
3,3,lr5e-05_bs16_modL1_fusion64_fusionL1_drop0p2_trmiss80_trlocclin,16,5e-05,1,64,1,0.2,lr5e-05_bs16_modL1_fusion64_fusionL1_drop0p2_trmiss80_trlocclin,14,0.5391149893403053,0.6689523855845133,0.6443965517241379,0.7980091278351549,0.6222222222222222,0.0,0.0,0.0,0.0,2002,clin,0.8
3,3,lr5e-05_bs16_modL1_fusion64_fusionL1_drop0p2_trmiss80_trlocclin,16,5e-05,1,64,1,0.2,lr5e-05_bs16_modL1_fusion64_fusionL1_drop0p2_trmiss80_trlocclin,15,0.531554805735747,0.6610090533892313,0.6379310344827587,0.7886818917668261,0.6222222222222222,0.0,0.0,0.0,0.0,2002,clin,0.8
3,3,lr5e-05_bs16_modL1_fusion64_fusionL1_drop0p2_trmiss80_trlocclin,16,5e-05,1,64,1,0.2,lr5e-05_bs16_modL1_fusion64_fusionL1_drop0p2_trmiss80_trlocclin,16,0.5102832044164339,0.6672080159187317,0.6336206896551724,0.7801217599951473,0.5555555555555556,0.0,0.0,0.0,0.0,2002,clin,0.8
3,3,lr5e-05_bs16_modL1_fusion64_fusionL1_drop0p2_trmiss80_trlocclin,16,5e-05,1,64,1,0.2,lr5e-05_bs16_modL1_fusion64_fusionL1_drop0p2_trmiss80_trlocclin,17,0.5130554785331091,0.6775054136912028,0.6293103448275862,0.7774957656428103,0.5777777777777777,0.0,0.0,0.0,0.0,2002,clin,0.8
3,3,lr5e-05_bs16_modL1_fusion64_fusionL1_drop0p2_trmiss80_trlocclin,16,5e-05,1,64,1,0.2,lr5e-05_bs16_modL1_fusion64_fusionL1_drop0p2_trmiss80_trlocclin,18,0.5298653592665991,0.6714394887288412,0.6228448275862069,0.7698136781534228,0.6,0.0,0.0,0.0,0.0,2002,clin,0.8
3,3,lr5e-05_bs16_modL1_fusion64_fusionL1_drop0p2_trmiss80_trlocclin,16,5e-05,1,64,1,0.2,lr5e-05_bs16_modL1_fusion64_fusionL1_drop0p2_trmiss80_trlocclin,19,0.5005834798018137,0.6788394451141357,0.6314655172413793,0.7723350059433711,0.5777777777777777,0.0,0.0,0.0,0.0,2002,clin,0.8
3,3,lr5e-05_bs16_modL1_fusion64_fusionL1_drop0p2_trmiss80_trlocclin,16,5e-05,1,64,1,0.2,lr5e-05_bs16_modL1_fusion64_fusionL1_drop0p2_trmiss80_trlocclin,20,0.4937620361646016,0.6792958577473959,0.6336206896551724,0.7696836143314973,0.5777777777777777,0.0,0.0,0.0,0.0,2002,clin,0.8
3,3,lr5e-05_bs16_modL1_fusion64_fusionL1_drop0p2_trmiss80_trlocclin,16,5e-05,1,64,1,0.2,lr5e-05_bs16_modL1_fusion64_fusionL1_drop0p2_trmiss80_trlocclin,21,0.4847988486289978,0.6619639197985331,0.6206896551724138,0.759428544890441,0.6222222222222222,0.0,0.0,0.0,0.0,2002,clin,0.8
3,3,lr5e-05_bs16_modL1_fusion64_fusionL1_drop0p2_trmiss80_trlocclin,16,5e-05,1,64,1,0.2,lr5e-05_bs16_modL1_fusion64_fusionL1_drop0p2_trmiss80_trlocclin,22,0.4724467843770981,0.6650216380755106,0.625,0.7697453977151407,0.6,0.0,0.0,0.0,0.0,2002,clin,0.8
3,3,lr5e-05_bs16_modL1_fusion64_fusionL1_drop0p1_trmiss80_trlocclin,16,5e-05,1,64,1,0.1,lr5e-05_bs16_modL1_fusion64_fusionL1_drop0p1_trmiss80_trlocclin,1,0.7900439699490865,0.7326929569244385,0.5301724137931034,0.6722580179855209,0.37777777777777777,0.0,0.0,0.0,0.0,2002,clin,0.8
3,3,lr5e-05_bs16_modL1_fusion64_fusionL1_drop0p1_trmiss80_trlocclin,16,5e-05,1,64,1,0.1,lr5e-05_bs16_modL1_fusion64_fusionL1_drop0p1_trmiss80_trlocclin,2,0.7184202373027802,0.7516506314277649,0.5452586206896552,0.7089366640991922,0.4222222222222222,0.0,0.0,0.0,0.0,2002,clin,0.8
3,3,lr5e-05_bs16_modL1_fusion64_fusionL1_drop0p1_trmiss80_trlocclin,16,5e-05,1,64,1,0.1,lr5e-05_bs16_modL1_fusion64_fusionL1_drop0p1_trmiss80_trlocclin,3,0.7020214994748434,0.7608053088188171,0.5237068965517242,0.6943642148024302,0.4,0.0,0.0,0.0,0.0,2002,clin,0.8
3,3,lr5e-05_bs16_modL1_fusion64_fusionL1_drop0p1_trmiss80_trlocclin,16,5e-05,1,64,1,0.1,lr5e-05_bs16_modL1_fusion64_fusionL1_drop0p1_trmiss80_trlocclin,4,0.7066256701946259,0.7681887944539388,0.5258620689655172,0.7032898434585676,0.4,0.0,0.0,0.0,0.0,2002,clin,0.8
3,3,lr5e-05_bs16_modL1_fusion64_fusionL1_drop0p1_trmiss80_trlocclin,16,5e-05,1,64,1,0.1,lr5e-05_bs16_modL1_fusion64_fusionL1_drop0p1_trmiss80_trlocclin,5,0.6464949697256088,0.7676123380661011,0.5258620689655172,0.7066199888123064,0.4444444444444444,0.0,0.0,0.0,0.0,2002,clin,0.8
3,3,lr5e-05_bs16_modL1_fusion64_fusionL1_drop0p1_trmiss80_trlocclin,16,5e-05,1,64,1,0.1,lr5e-05_bs16_modL1_fusion64_fusionL1_drop0p1_trmiss80_trlocclin,6,0.661053940653801,0.7682941953341166,0.521551724137931,0.7109391763801328,0.4222222222222222,0.0,0.0,0.0,0.0,2002,clin,0.8
3,3,lr5e-05_bs16_modL1_fusion64_fusionL1_drop0p1_trmiss80_trlocclin,16,5e-05,1,64,1,0.1,lr5e-05_bs16_modL1_fusion64_fusionL1_drop0p1_trmiss80_trlocclin,7,0.6001208052039146,0.7506731947263082,0.5193965517241379,0.7014488788990894,0.4222222222222222,0.0,0.0,0.0,0.0,2002,clin,0.8
3,3,lr5e-05_bs16_modL1_fusion64_fusionL1_drop0p1_trmiss80_trlocclin,16,5e-05,1,64,1,0.1,lr5e-05_bs16_modL1_fusion64_fusionL1_drop0p1_trmiss80_trlocclin,8,0.6261822283267975,0.7621304790178934,0.5193965517241379,0.69506941711483,0.35555555555555557,0.0,0.0,0.0,0.0,2002,clin,0.8
3,3,lr5e-05_bs16_modL1_fusion64_fusionL1_drop0p1_trmiss80_trlocclin,16,5e-05,1,64,1,0.1,lr5e-05_bs16_modL1_fusion64_fusionL1_drop0p1_trmiss80_trlocclin,9,0.5836843997240067,0.7505692640940348,0.5344827586206896,0.7121096365402588,0.4444444444444444,0.0,0.0,0.0,0.0,2002,clin,0.8
3,3,lr5e-05_bs16_modL1_fusion64_fusionL1_drop0p1_trmiss80_trlocclin,16,5e-05,1,64,1,0.1,lr5e-05_bs16_modL1_fusion64_fusionL1_drop0p1_trmiss80_trlocclin,10,0.5937244246403376,0.7569067080815634,0.5452586206896551,0.7184771157040167,0.4444444444444444,0.0,0.0,0.0,0.0,2002,clin,0.8
3,3,lr5e-05_bs16_modL1_fusion64_fusionL1_drop0p1_trmiss80_trlocclin,16,5e-05,1,64,1,0.1,lr5e-05_bs16_modL1_fusion64_fusionL1_drop0p1_trmiss80_trlocclin,11,0.5934279635548592,0.748379647731781,0.5474137931034483,0.7201406534760222,0.4444444444444444,0.0,0.0,0.0,0.0,2002,clin,0.8
3,3,lr5e-05_bs16_modL1_fusion64_fusionL1_drop0p1_trmiss80_trlocclin,16,5e-05,1,64,1,0.1,lr5e-05_bs16_modL1_fusion64_fusionL1_drop0p1_trmiss80_trlocclin,12,0.5580932348966599,0.7485297123591105,0.5452586206896551,0.7194700988172207,0.4666666666666667,0.0,0.0,0.0,0.0,2002,clin,0.8
3,3,lr5e-05_bs16_modL1_fusion64_fusionL1_drop0p1_trmiss80_trlocclin,16,5e-05,1,64,1,0.1,lr5e-05_bs16_modL1_fusion64_fusionL1_drop0p1_trmiss80_trlocclin,13,0.5777607709169388,0.7320893009503683,0.5474137931034483,0.7287406376196819,0.4444444444444444,0.0,0.0,0.0,0.0,2002,clin,0.8
3,3,lr5e-05_bs16_modL1_fusion64_fusionL1_drop0p1_trmiss80_trlocclin,16,5e-05,1,64,1,0.1,lr5e-05_bs16_modL1_fusion64_fusionL1_drop0p1_trmiss80_trlocclin,14,0.5893392612536749,0.7388959527015686,0.5646551724137931,0.7384841290459305,0.4666666666666667,0.0,0.0,0.0,0.0,2002,clin,0.8
3,3,lr5e-05_bs16_modL1_fusion64_fusionL1_drop0p1_trmiss80_trlocclin,16,5e-05,1,64,1,0.1,lr5e-05_bs16_modL1_fusion64_fusionL1_drop0p1_trmiss80_trlocclin,15,0.5603921115398407,0.740820566813151,0.5431034482758621,0.7202073635531406,0.4666666666666667,0.0,0.0,0.0,0.0,2002,clin,0.8
3,3,lr5e-05_bs16_modL1_fusion64_fusionL1_drop0p1_trmiss80_trlocclin,16,5e-05,1,64,1,0.1,lr5e-05_bs16_modL1_fusion64_fusionL1_drop0p1_trmiss80_trlocclin,16,0.5386151298880577,0.7325766285260519,0.5603448275862069,0.7399453645709002,0.4666666666666667,0.0,0.0,0.0,0.0,2002,clin,0.8
3,3,lr5e-05_bs16_modL1_fusion64_fusionL1_drop0p1_trmiss80_trlocclin,16,5e-05,1,64,1,0.1,lr5e-05_bs16_modL1_fusion64_fusionL1_drop0p1_trmiss80_trlocclin,17,0.5408970812956492,0.7336826920509338,0.5754310344827587,0.748038191788047,0.4222222222222222,0.0,0.0,0.0,0.0,2002,clin,0.8
3,3,lr5e-05_bs16_modL1_fusion64_fusionL1_drop0p1_trmiss80_trlocclin,16,5e-05,1,64,1,0.1,lr5e-05_bs16_modL1_fusion64_fusionL1_drop0p1_trmiss80_trlocclin,18,0.5402768949667612,0.742605984210968,0.5646551724137931,0.7380906970615115,0.4444444444444444,0.0,0.0,0.0,0.0,2002,clin,0.8
3,3,lr5e-05_bs16_modL1_fusion64_fusionL1_drop0p1_trmiss80_trlocclin,16,5e-05,1,64,1,0.1,lr5e-05_bs16_modL1_fusion64_fusionL1_drop0p1_trmiss80_trlocclin,19,0.5254214281837145,0.7282983660697937,0.5754310344827586,0.7401793007144679,0.4666666666666667,0.0,0.0,0.0,0.0,2002,clin,0.8
3,3,lr5e-05_bs16_modL1_fusion64_fusionL1_drop0p1_trmiss80_trlocclin,16,5e-05,1,64,1,0.1,lr5e-05_bs16_modL1_fusion64_fusionL1_drop0p1_trmiss80_trlocclin,20,0.5099434554576874,0.7278011043866476,0.5775862068965517,0.7397881393207045,0.4666666666666667,0.0,0.0,0.0,0.0,2002,clin,0.8
3,3,lr5e-05_bs16_modL1_fusion64_fusionL1_drop0p1_trmiss80_trlocclin,16,5e-05,1,64,1,0.1,lr5e-05_bs16_modL1_fusion64_fusionL1_drop0p1_trmiss80_trlocclin,21,0.5362128540873528,0.7194838325182596,0.5689655172413793,0.7416281728161587,0.4666666666666667,0.0,0.0,0.0,0.0,2002,clin,0.8
3,3,lr5e-05_bs16_modL1_fusion64_fusionL1_drop0p1_trmiss80_trlocclin,16,5e-05,1,64,1,0.1,lr5e-05_bs16_modL1_fusion64_fusionL1_drop0p1_trmiss80_trlocclin,22,0.51589385420084,0.7245467901229858,0.5581896551724138,0.7254568535679083,0.4444444444444444,0.0,0.0,0.0,0.0,2002,clin,0.8
3,3,lr5e-05_bs16_modL1_fusion64_fusionL1_drop0p1_trmiss80_trlocclin,16,5e-05,1,64,1,0.1,lr5e-05_bs16_modL1_fusion64_fusionL1_drop0p1_trmiss80_trlocclin,23,0.5084374273816744,0.7325454354286194,0.5474137931034482,0.7305903022744841,0.4666666666666667,0.0,0.0,0.0,0.0,2002,clin,0.8
3,3,lr5e-05_bs16_modL1_fusion64_fusionL1_drop0p1_trmiss80_trlocclin,16,5e-05,1,64,1,0.1,lr5e-05_bs16_modL1_fusion64_fusionL1_drop0p1_trmiss80_trlocclin,24,0.5366286262869835,0.740434726079305,0.5818965517241379,0.7441306329931275,0.4444444444444444,0.0,0.0,0.0,0.0,2002,clin,0.8
3,3,lr5e-05_bs16_modL1_fusion64_fusionL1_drop0p1_trmiss80_trlocclin,16,5e-05,1,64,1,0.1,lr5e-05_bs16_modL1_fusion64_fusionL1_drop0p1_trmiss80_trlocclin,25,0.48512119303147,0.7267248233159384,0.5625,0.7369098728435348,0.4444444444444444,0.0,0.0,0.0,0.0,2002,clin,0.8
3,3,lr5e-05_bs16_modL1_fusion64_fusionL1_drop0p1_trmiss80_trlocclin,16,5e-05,1,64,1,0.1,lr5e-05_bs16_modL1_fusion64_fusionL1_drop0p1_trmiss80_trlocclin,26,0.4979301070173581,0.7305123607317606,0.5711206896551725,0.728404095009379,0.4666666666666667,0.0,0.0,0.0,0.0,2002,clin,0.8
3,3,lr5e-05_bs16_modL1_fusion64_fusionL1_drop0p1_trmiss80_trlocclin,16,5e-05,1,64,1,0.1,lr5e-05_bs16_modL1_fusion64_fusionL1_drop0p1_trmiss80_trlocclin,27,0.46968771517276764,0.7200734416643778,0.564655172413793,0.7297571666254378,0.4666666666666667,0.0,0.0,0.0,0.0,2002,clin,0.8
3,3,lr5e-05_bs16_modL1_fusion64_fusionL1_drop0p1_trmiss80_trlocclin,16,5e-05,1,64,1,0.1,lr5e-05_bs16_modL1_fusion64_fusionL1_drop0p1_trmiss80_trlocclin,28,0.47616713245709735,0.7211229801177979,0.5689655172413793,0.7324580907310271,0.4888888888888889,0.0,0.0,0.0,0.0,2002,clin,0.8
3,3,lr5e-05_bs16_modL1_fusion64_fusionL1_drop0p1_trmiss80_trlocclin,16,5e-05,1,64,1,0.1,lr5e-05_bs16_modL1_fusion64_fusionL1_drop0p1_trmiss80_trlocclin,29,0.4661983574430148,0.7123696406682333,0.564655172413793,0.7408306624317722,0.4888888888888889,0.0,0.0,0.0,0.0,2002,clin,0.8
3,3,lr5e-05_bs16_modL1_fusion64_fusionL1_drop0p1_trmiss80_trlocclin,16,5e-05,1,64,1,0.1,lr5e-05_bs16_modL1_fusion64_fusionL1_drop0p1_trmiss80_trlocclin,30,0.4653788357973099,0.7231841087341309,0.5517241379310345,0.7370486234460993,0.4444444444444444,0.0,0.0,0.0,0.0,2002,clin,0.8
3,3,lr5e-05_bs16_modL1_fusion64_fusionL1_drop0p1_trmiss80_trlocclin,16,5e-05,1,64,1,0.1,lr5e-05_bs16_modL1_fusion64_fusionL1_drop0p1_trmiss80_trlocclin,31,0.47059458245833713,0.7198896805445353,0.5754310344827586,0.7377512232101989,0.4222222222222222,0.0,0.0,0.0,0.0,2002,clin,0.8
3,3,lr5e-05_bs16_modL1_fusion64_fusionL1_drop0p1_trmiss80_trlocclin,16,5e-05,1,64,1,0.1,lr5e-05_bs16_modL1_fusion64_fusionL1_drop0p1_trmiss80_trlocclin,32,0.4513615568478902,0.7210540374120077,0.5603448275862069,0.7264452703100922,0.4444444444444444,0.0,0.0,0.0,0.0,2002,clin,0.8
3,3,lr5e-05_bs16_modL1_fusion64_fusionL1_drop0p1_trmiss80_trlocclin,16,5e-05,1,64,1,0.1,lr5e-05_bs16_modL1_fusion64_fusionL1_drop0p1_trmiss80_trlocclin,33,0.4906303162376086,0.7014608184496561,0.5538793103448275,0.7279916140914912,0.4888888888888889,0.0,0.0,0.0,0.0,2002,clin,0.8
3,3,lr5e-05_bs16_modL1_fusion64_fusionL1_drop0p1_trmiss80_trlocclin,16,5e-05,1,64,1,0.1,lr5e-05_bs16_modL1_fusion64_fusionL1_drop0p1_trmiss80_trlocclin,34,0.46422917892535526,0.7151859998703003,0.5452586206896551,0.7234573092731295,0.4666666666666667,0.0,0.0,0.0,0.0,2002,clin,0.8
3,3,lr5e-05_bs16_modL1_fusion64_fusionL1_drop0p1_trmiss80_trlocclin,16,5e-05,1,64,1,0.1,lr5e-05_bs16_modL1_fusion64_fusionL1_drop0p1_trmiss80_trlocclin,35,0.4800141801436742,0.7284173369407654,0.5668103448275863,0.7272814885681657,0.4666666666666667,0.0,0.0,0.0,0.0,2002,clin,0.8
3,3,lr5e-05_bs16_modL1_fusion64_fusionL1_drop0p1_trmiss80_trlocclin,16,5e-05,1,64,1,0.1,lr5e-05_bs16_modL1_fusion64_fusionL1_drop0p1_trmiss80_trlocclin,36,0.4516223147511482,0.7205189267794291,0.5625,0.7350447058391744,0.4444444444444444,0.0,0.0,0.0,0.0,2002,clin,0.8
3,3,lr5e-05_bs16_modL1_fusion64_fusionL1_drop0p1_trmiss80_trlocclin,16,5e-05,1,64,1,0.1,lr5e-05_bs16_modL1_fusion64_fusionL1_drop0p1_trmiss80_trlocclin,37,0.45463952670494717,0.7063786586125692,0.5646551724137931,0.7271389010857409,0.5111111111111111,0.0,0.0,0.0,0.0,2002,clin,0.8
3,3,lr5e-05_bs16_modL1_fusion64_fusionL1_drop0p1_trmiss80_trlocclin,16,5e-05,1,64,1,0.1,lr5e-05_bs16_modL1_fusion64_fusionL1_drop0p1_trmiss80_trlocclin,38,0.47071050604184467,0.7157467007637024,0.5603448275862069,0.7208485496579128,0.4888888888888889,0.0,0.0,0.0,0.0,2002,clin,0.8
3,3,lr5e-05_bs16_modL1_fusion64_fusionL1_drop0p1_trmiss80_trlocclin,16,5e-05,1,64,1,0.1,lr5e-05_bs16_modL1_fusion64_fusionL1_drop0p1_trmiss80_trlocclin,39,0.4556179145971934,0.7140544255574545,0.5646551724137931,0.7221655916574966,0.5111111111111111,0.0,0.0,0.0,0.0,2002,clin,0.8
3,3,lr5e-05_bs16_modL1_fusion64_fusionL1_drop0p1_trmiss80_trlocclin,16,5e-05,1,64,1,0.1,lr5e-05_bs16_modL1_fusion64_fusionL1_drop0p1_trmiss80_trlocclin,40,0.4461515073974927,0.7131615281105042,0.5775862068965517,0.7279559465194999,0.5333333333333333,0.0,0.0,0.0,0.0,2002,clin,0.8
3,3,lr5e-05_bs16_modL1_fusion64_fusionL1_drop0p1_trmiss80_trlocclin,16,5e-05,1,64,1,0.1,lr5e-05_bs16_modL1_fusion64_fusionL1_drop0p1_trmiss80_trlocclin,41,0.44010546803474426,0.7229436834653219,0.5732758620689655,0.7340873321708236,0.5333333333333333,0.0,0.0,0.0,0.0,2002,clin,0.8
3,3,lr5e-05_bs16_modL1_fusion64_fusionL1_drop0p1_trmiss80_trlocclin,16,5e-05,1,64,1,0.1,lr5e-05_bs16_modL1_fusion64_fusionL1_drop0p1_trmiss80_trlocclin,42,0.4391468067963918,0.7115073998769125,0.5689655172413793,0.7334634400287808,0.5111111111111111,0.0,0.0,0.0,0.0,2002,clin,0.8
3,3,lr5e-05_bs16_modL1_fusion64_fusionL1_drop0p1_trmiss80_trlocclin,16,5e-05,1,64,1,0.1,lr5e-05_bs16_modL1_fusion64_fusionL1_drop0p1_trmiss80_trlocclin,43,0.44274815171957016,0.7120893200238546,0.5646551724137931,0.7213608204585108,0.4888888888888889,0.0,0.0,0.0,0.0,2002,clin,0.8
3,3,lr5e-05_bs16_modL1_fusion64_fusionL1_drop0p1_trmiss80_trlocclin,16,5e-05,1,64,1,0.1,lr5e-05_bs16_modL1_fusion64_fusionL1_drop0p1_trmiss80_trlocclin,44,0.426284559071064,0.7207489808400472,0.5689655172413793,0.7311518658799608,0.5111111111111111,0.0,0.0,0.0,0.0,2002,clin,0.8
3,3,lr1e-04_bs16_modL1_fusion32_fusionL1_drop0p2_trmiss80_trlocclin,16,0.0001,1,32,1,0.2,lr1e-04_bs16_modL1_fusion32_fusionL1_drop0p2_trmiss80_trlocclin,1,0.7746444592873255,0.7056437929471334,0.5043103448275863,0.668471439019032,0.4,0.0,0.0,0.0,0.0,2002,clin,0.8
3,3,lr1e-04_bs16_modL1_fusion32_fusionL1_drop0p2_trmiss80_trlocclin,16,0.0001,1,32,1,0.2,lr1e-04_bs16_modL1_fusion32_fusionL1_drop0p2_trmiss80_trlocclin,2,0.7064515004555384,0.7072381575902303,0.5560344827586207,0.6872521214984298,0.4222222222222222,0.0,0.0,0.0,0.0,2002,clin,0.8
3,3,lr1e-04_bs16_modL1_fusion32_fusionL1_drop0p2_trmiss80_trlocclin,16,0.0001,1,32,1,0.2,lr1e-04_bs16_modL1_fusion32_fusionL1_drop0p2_trmiss80_trlocclin,3,0.6742831319570541,0.6997992992401123,0.5926724137931034,0.7016992514716816,0.4444444444444444,0.0,0.0,0.0,0.0,2002,clin,0.8
3,3,lr1e-04_bs16_modL1_fusion32_fusionL1_drop0p2_trmiss80_trlocclin,16,0.0001,1,32,1,0.2,lr1e-04_bs16_modL1_fusion32_fusionL1_drop0p2_trmiss80_trlocclin,4,0.6622336407502493,0.701386014620463,0.5969827586206897,0.7013812349624133,0.4444444444444444,0.0,0.0,0.0,0.0,2002,clin,0.8
3,3,lr1e-04_bs16_modL1_fusion32_fusionL1_drop0p2_trmiss80_trlocclin,16,0.0001,1,32,1,0.2,lr1e-04_bs16_modL1_fusion32_fusionL1_drop0p2_trmiss80_trlocclin,5,0.6267339636882147,0.700620432694753,0.5969827586206897,0.7003773860840967,0.4444444444444444,0.0,0.0,0.0,0.0,2002,clin,0.8
3,3,lr1e-04_bs16_modL1_fusion32_fusionL1_drop0p2_trmiss80_trlocclin,16,0.0001,1,32,1,0.2,lr1e-04_bs16_modL1_fusion32_fusionL1_drop0p2_trmiss80_trlocclin,6,0.6074148416519165,0.6899017492930094,0.6077586206896552,0.7150373806296481,0.5333333333333333,0.0,0.0,0.0,0.0,2002,clin,0.8
3,3,lr1e-04_bs16_modL1_fusion32_fusionL1_drop0p2_trmiss80_trlocclin,16,0.0001,1,32,1,0.2,lr1e-04_bs16_modL1_fusion32_fusionL1_drop0p2_trmiss80_trlocclin,7,0.591409832239151,0.6850017110506693,0.6120689655172413,0.7127771489547259,0.5555555555555556,0.0,0.0,0.0,0.0,2002,clin,0.8
3,3,lr1e-04_bs16_modL1_fusion32_fusionL1_drop0p2_trmiss80_trlocclin,16,0.0001,1,32,1,0.2,lr1e-04_bs16_modL1_fusion32_fusionL1_drop0p2_trmiss80_trlocclin,8,0.5733656485875448,0.6829564571380615,0.6120689655172413,0.7003747146033131,0.5555555555555556,0.0,0.0,0.0,0.0,2002,clin,0.8
3,3,lr1e-04_bs16_modL1_fusion32_fusionL1_drop0p2_trmiss80_trlocclin,16,0.0001,1,32,1,0.2,lr1e-04_bs16_modL1_fusion32_fusionL1_drop0p2_trmiss80_trlocclin,9,0.5885625084241232,0.6910411516825358,0.6120689655172413,0.6836403334375167,0.5111111111111111,0.0,0.0,0.0,0.0,2002,clin,0.8
3,3,lr1e-04_bs16_modL1_fusion32_fusionL1_drop0p2_trmiss80_trlocclin,16,0.0001,1,32,1,0.2,lr1e-04_bs16_modL1_fusion32_fusionL1_drop0p2_trmiss80_trlocclin,10,0.5620343734820684,0.6900602181752523,0.6056034482758621,0.6813658693913346,0.5333333333333333,0.0,0.0,0.0,0.0,2002,clin,0.8
3,3,lr1e-04_bs16_modL1_fusion32_fusionL1_drop0p2_trmiss80_trlocclin,16,0.0001,1,32,1,0.2,lr1e-04_bs16_modL1_fusion32_fusionL1_drop0p2_trmiss80_trlocclin,11,0.5436138237516085,0.684099038441976,0.6099137931034482,0.6817999954973671,0.5333333333333333,0.0,0.0,0.0,0.0,2002,clin,0.8
3,3,lr1e-04_bs16_modL1_fusion32_fusionL1_drop0p2_trmiss80_trlocclin,16,0.0001,1,32,1,0.2,lr1e-04_bs16_modL1_fusion32_fusionL1_drop0p2_trmiss80_trlocclin,12,0.5146176964044571,0.6844194730122884,0.603448275862069,0.6848570344190106,0.5777777777777777,0.0,0.0,0.0,0.0,2002,clin,0.8
3,3,lr1e-04_bs16_modL1_fusion32_fusionL1_drop0p2_trmiss80_trlocclin,16,0.0001,1,32,1,0.2,lr1e-04_bs16_modL1_fusion32_fusionL1_drop0p2_trmiss80_trlocclin,13,0.5268729428450266,0.6825798352559408,0.6012931034482758,0.6807577582126546,0.5333333333333333,0.0,0.0,0.0,0.0,2002,clin,0.8
3,3,lr1e-04_bs16_modL1_fusion32_fusionL1_drop0p2_trmiss80_trlocclin,16,0.0001,1,32,1,0.2,lr1e-04_bs16_modL1_fusion32_fusionL1_drop0p2_trmiss80_trlocclin,14,0.514035960038503,0.6767441630363464,0.6077586206896552,0.6886833042360498,0.5777777777777777,0.0,0.0,0.0,0.0,2002,clin,0.8
3,3,lr1e-04_bs16_modL1_fusion32_fusionL1_drop0p2_trmiss80_trlocclin,16,0.0001,1,32,1,0.2,lr1e-04_bs16_modL1_fusion32_fusionL1_drop0p2_trmiss80_trlocclin,15,0.512078029414018,0.6778899629910787,0.6142241379310345,0.7065605681098677,0.6222222222222222,0.0,0.0,0.0,0.0,2002,clin,0.8
3,3,lr1e-04_bs16_modL1_fusion32_fusionL1_drop0p2_trmiss80_trlocclin,16,0.0001,1,32,1,0.2,lr1e-04_bs16_modL1_fusion32_fusionL1_drop0p2_trmiss80_trlocclin,16,0.47846774011850357,0.6980457504590353,0.5883620689655172,0.6941302939627654,0.5333333333333333,0.0,0.0,0.0,0.0,2002,clin,0.8
3,3,lr1e-04_bs16_modL1_fusion32_fusionL1_drop0p2_trmiss80_trlocclin,16,0.0001,1,32,1,0.2,lr1e-04_bs16_modL1_fusion32_fusionL1_drop0p2_trmiss80_trlocclin,17,0.47302253792683285,0.6751899719238281,0.6163793103448275,0.7102642664135759,0.6222222222222222,0.0,0.0,0.0,0.0,2002,clin,0.8
3,3,lr1e-04_bs16_modL1_fusion32_fusionL1_drop0p2_trmiss80_trlocclin,16,0.0001,1,32,1,0.2,lr1e-04_bs16_modL1_fusion32_fusionL1_drop0p2_trmiss80_trlocclin,18,0.47284574806690216,0.686140775680542,0.6099137931034482,0.6893504101548922,0.6,0.0,0.0,0.0,0.0,2002,clin,0.8
3,3,lr1e-04_bs16_modL1_fusion32_fusionL1_drop0p2_trmiss80_trlocclin,16,0.0001,1,32,1,0.2,lr1e-04_bs16_modL1_fusion32_fusionL1_drop0p2_trmiss80_trlocclin,19,0.44785066445668537,0.6853758096694946,0.6120689655172413,0.6910303834869543,0.5777777777777777,0.0,0.0,0.0,0.0,2002,clin,0.8
3,3,lr1e-04_bs16_modL1_fusion32_fusionL1_drop0p2_trmiss80_trlocclin,16,0.0001,1,32,1,0.2,lr1e-04_bs16_modL1_fusion32_fusionL1_drop0p2_trmiss80_trlocclin,20,0.44564910729726154,0.6756965319315592,0.6185344827586208,0.7138191126205983,0.5777777777777777,0.0,0.0,0.0,0.0,2002,clin,0.8
3,3,lr1e-04_bs16_modL1_fusion32_fusionL1_drop0p2_trmiss80_trlocclin,16,0.0001,1,32,1,0.2,lr1e-04_bs16_modL1_fusion32_fusionL1_drop0p2_trmiss80_trlocclin,21,0.4701435441772143,0.6770407358805338,0.6142241379310345,0.7154323094681275,0.6222222222222222,0.0,0.0,0.0,0.0,2002,clin,0.8
3,3,lr1e-04_bs16_modL1_fusion32_fusionL1_drop0p2_trmiss80_trlocclin,16,0.0001,1,32,1,0.2,lr1e-04_bs16_modL1_fusion32_fusionL1_drop0p2_trmiss80_trlocclin,22,0.43661798040072125,0.6763445734977722,0.5883620689655172,0.6921101003817045,0.6,0.0,0.0,0.0,0.0,2002,clin,0.8
3,3,lr1e-04_bs16_modL1_fusion32_fusionL1_drop0p2_trmiss80_trlocclin,16,0.0001,1,32,1,0.2,lr1e-04_bs16_modL1_fusion32_fusionL1_drop0p2_trmiss80_trlocclin,23,0.4484182248512904,0.6756422917048136,0.603448275862069,0.6848210614849882,0.6222222222222222,0.0,0.0,0.0,0.0,2002,clin,0.8
3,3,lr1e-04_bs16_modL1_fusion32_fusionL1_drop0p2_trmiss80_trlocclin,16,0.0001,1,32,1,0.2,lr1e-04_bs16_modL1_fusion32_fusionL1_drop0p2_trmiss80_trlocclin,24,0.42466525981823605,0.67302538951238,0.6163793103448276,0.6937403828528635,0.6666666666666666,0.0,0.0,0.0,0.0,2002,clin,0.8
3,3,lr1e-04_bs16_modL1_fusion32_fusionL1_drop0p2_trmiss80_trlocclin,16,0.0001,1,32,1,0.2,lr1e-04_bs16_modL1_fusion32_fusionL1_drop0p2_trmiss80_trlocclin,25,0.3976614872614543,0.6594579219818115,0.6314655172413793,0.7066052000280254,0.6444444444444445,0.0,0.0,0.0,0.0,2002,clin,0.8
3,3,lr1e-04_bs16_modL1_fusion32_fusionL1_drop0p2_trmiss80_trlocclin,16,0.0001,1,32,1,0.2,lr1e-04_bs16_modL1_fusion32_fusionL1_drop0p2_trmiss80_trlocclin,26,0.4109650254249573,0.649275024731954,0.6551724137931034,0.7299643906142617,0.6444444444444445,0.0,0.0,0.0,0.0,2002,clin,0.8
3,3,lr1e-04_bs16_modL1_fusion32_fusionL1_drop0p2_trmiss80_trlocclin,16,0.0001,1,32,1,0.2,lr1e-04_bs16_modL1_fusion32_fusionL1_drop0p2_trmiss80_trlocclin,27,0.41519493609666824,0.6710967620213827,0.6314655172413792,0.7060835622032686,0.6444444444444445,0.0,0.0,0.0,0.0,2002,clin,0.8
3,3,lr1e-04_bs16_modL1_fusion32_fusionL1_drop0p2_trmiss80_trlocclin,16,0.0001,1,32,1,0.2,lr1e-04_bs16_modL1_fusion32_fusionL1_drop0p2_trmiss80_trlocclin,28,0.40303272753953934,0.6622969110806783,0.625,0.6986397104193456,0.6444444444444445,0.0,0.0,0.0,0.0,2002,clin,0.8
3,3,lr1e-04_bs16_modL1_fusion32_fusionL1_drop0p2_trmiss80_trlocclin,16,0.0001,1,32,1,0.2,lr1e-04_bs16_modL1_fusion32_fusionL1_drop0p2_trmiss80_trlocclin,29,0.375384954114755,0.6702754100163778,0.6120689655172413,0.6892369648758685,0.6444444444444445,0.0,0.0,0.0,0.0,2002,clin,0.8
3,3,lr1e-04_bs16_modL1_fusion32_fusionL1_drop0p2_trmiss80_trlocclin,16,0.0001,1,32,1,0.2,lr1e-04_bs16_modL1_fusion32_fusionL1_drop0p2_trmiss80_trlocclin,30,0.40735803296168643,0.68805992603302,0.6056034482758621,0.6878492345595444,0.6444444444444445,0.0,0.0,0.0,0.0,2002,clin,0.8
3,3,lr1e-04_bs16_modL1_fusion32_fusionL1_drop0p2_trmiss80_trlocclin,16,0.0001,1,32,1,0.2,lr1e-04_bs16_modL1_fusion32_fusionL1_drop0p2_trmiss80_trlocclin,31,0.4151926413178444,0.6844999194145203,0.5991379310344828,0.6888218099259693,0.6222222222222222,0.0,0.0,0.0,0.0,2002,clin,0.8
3,3,lr1e-04_bs16_modL1_fusion32_fusionL1_drop0p2_trmiss80_trlocclin,16,0.0001,1,32,1,0.2,lr1e-04_bs16_modL1_fusion32_fusionL1_drop0p2_trmiss80_trlocclin,32,0.3792532905936241,0.6850829919179281,0.603448275862069,0.690418215432286,0.6222222222222222,0.0,0.0,0.0,0.0,2002,clin,0.8
3,3,lr1e-04_bs16_modL1_fusion32_fusionL1_drop0p2_trmiss80_trlocclin,16,0.0001,1,32,1,0.2,lr1e-04_bs16_modL1_fusion32_fusionL1_drop0p2_trmiss80_trlocclin,33,0.37451493988434476,0.6733613212903341,0.6077586206896551,0.6921052751282444,0.6444444444444445,0.0,0.0,0.0,0.0,2002,clin,0.8
3,3,lr1e-04_bs16_modL1_fusion32_fusionL1_drop0p2_trmiss80_trlocclin,16,0.0001,1,32,1,0.2,lr1e-04_bs16_modL1_fusion32_fusionL1_drop0p2_trmiss80_trlocclin,34,0.36143074184656143,0.6742870012919108,0.6012931034482758,0.6893837326736654,0.6444444444444445,0.0,0.0,0.0,0.0,2002,clin,0.8
3,3,lr1e-04_bs16_modL1_fusion32_fusionL1_drop0p2_trmiss80_trlocclin,16,0.0001,1,32,1,0.2,lr1e-04_bs16_modL1_fusion32_fusionL1_drop0p2_trmiss80_trlocclin,35,0.3604080577691396,0.6698160370190939,0.603448275862069,0.6877362230951214,0.6444444444444445,0.0,0.0,0.0,0.0,2002,clin,0.8
3,3,lr1e-04_bs16_modL1_fusion32_fusionL1_drop0p2_trmiss80_trlocclin,16,0.0001,1,32,1,0.2,lr1e-04_bs16_modL1_fusion32_fusionL1_drop0p2_trmiss80_trlocclin,36,0.36401079843441647,0.6774922410647074,0.6056034482758621,0.6882465387618123,0.6,0.0,0.0,0.0,0.0,2002,clin,0.8
3,3,lr1e-04_bs16_modL1_fusion32_fusionL1_drop0p2_trmiss80_trlocclin,16,0.0001,1,32,1,0.2,lr1e-04_bs16_modL1_fusion32_fusionL1_drop0p2_trmiss80_trlocclin,37,0.36496321608622867,0.6687204440434774,0.6077586206896551,0.6906250583977498,0.6444444444444445,0.0,0.0,0.0,0.0,2002,clin,0.8
3,3,lr1e-04_bs16_modL1_fusion32_fusionL1_drop0p2_trmiss80_trlocclin,16,0.0001,1,32,1,0.2,lr1e-04_bs16_modL1_fusion32_fusionL1_drop0p2_trmiss80_trlocclin,38,0.3697703133026759,0.6753406127293905,0.603448275862069,0.6863431750531748,0.6444444444444445,0.0,0.0,0.0,0.0,2002,clin,0.8
3,3,lr1e-04_bs16_modL1_fusion32_fusionL1_drop0p2_trmiss80_trlocclin,16,0.0001,1,32,1,0.2,lr1e-04_bs16_modL1_fusion32_fusionL1_drop0p2_trmiss80_trlocclin,39,0.3628353476524353,0.6743632952372233,0.6099137931034482,0.7053375330512566,0.6222222222222222,0.0,0.0,0.0,0.0,2002,clin,0.8
3,3,lr1e-04_bs16_modL1_fusion32_fusionL1_drop0p2_trmiss80_trlocclin,16,0.0001,1,32,1,0.2,lr1e-04_bs16_modL1_fusion32_fusionL1_drop0p2_trmiss80_trlocclin,40,0.3713027313351631,0.6807327667872111,0.6099137931034483,0.7048717999551463,0.6,0.0,0.0,0.0,0.0,2002,clin,0.8
3,3,lr1e-04_bs16_modL1_fusion32_fusionL1_drop0p2_trmiss80_trlocclin,16,0.0001,1,32,1,0.2,lr1e-04_bs16_modL1_fusion32_fusionL1_drop0p2_trmiss80_trlocclin,41,0.36512792110443115,0.6822916865348816,0.6099137931034483,0.689042859366879,0.6222222222222222,0.0,0.0,0.0,0.0,2002,clin,0.8
3,3,lr1e-04_bs16_modL1_fusion32_fusionL1_drop0p2_trmiss80_trlocclin,16,0.0001,1,32,1,0.2,lr1e-04_bs16_modL1_fusion32_fusionL1_drop0p2_trmiss80_trlocclin,42,0.35748372226953506,0.676546315352122,0.6142241379310345,0.6926979129187945,0.6222222222222222,0.0,0.0,0.0,0.0,2002,clin,0.8
3,3,lr1e-04_bs16_modL1_fusion32_fusionL1_drop0p2_trmiss80_trlocclin,16,0.0001,1,32,1,0.2,lr1e-04_bs16_modL1_fusion32_fusionL1_drop0p2_trmiss80_trlocclin,43,0.37129585196574527,0.6728022297223409,0.6142241379310345,0.7111792478825778,0.6222222222222222,0.0,0.0,0.0,0.0,2002,clin,0.8
3,3,lr1e-04_bs16_modL1_fusion32_fusionL1_drop0p2_trmiss80_trlocclin,16,0.0001,1,32,1,0.2,lr1e-04_bs16_modL1_fusion32_fusionL1_drop0p2_trmiss80_trlocclin,44,0.35765815774599713,0.6752657095591227,0.6120689655172413,0.6982770691295714,0.6222222222222222,0.0,0.0,0.0,0.0,2002,clin,0.8
3,3,lr1e-04_bs16_modL1_fusion32_fusionL1_drop0p2_trmiss80_trlocclin,16,0.0001,1,32,1,0.2,lr1e-04_bs16_modL1_fusion32_fusionL1_drop0p2_trmiss80_trlocclin,45,0.3666703477501869,0.6659273306528727,0.622844827586207,0.702176091824126,0.6444444444444445,0.0,0.0,0.0,0.0,2002,clin,0.8
3,3,lr1e-04_bs16_modL1_fusion32_fusionL1_drop0p2_trmiss80_trlocclin,16,0.0001,1,32,1,0.2,lr1e-04_bs16_modL1_fusion32_fusionL1_drop0p2_trmiss80_trlocclin,46,0.36332665383815765,0.6636685729026794,0.6206896551724138,0.7142957410127406,0.6444444444444445,0.0,0.0,0.0,0.0,2002,clin,0.8
3,3,lr1e-04_bs16_modL1_fusion32_fusionL1_drop0p1_trmiss80_trlocclin,16,0.0001,1,32,1,0.1,lr1e-04_bs16_modL1_fusion32_fusionL1_drop0p1_trmiss80_trlocclin,1,0.7322344978650411,0.7129243810971578,0.5193965517241379,0.7197517293996595,0.4888888888888889,0.0,0.0,0.0,0.0,2002,clin,0.8
3,3,lr1e-04_bs16_modL1_fusion32_fusionL1_drop0p1_trmiss80_trlocclin,16,0.0001,1,32,1,0.1,lr1e-04_bs16_modL1_fusion32_fusionL1_drop0p1_trmiss80_trlocclin,2,0.6784050365289053,0.7196818987528483,0.4913793103448276,0.7058161873742158,0.4666666666666667,0.0,0.0,0.0,0.0,2002,clin,0.8
3,3,lr1e-04_bs16_modL1_fusion32_fusionL1_drop0p1_trmiss80_trlocclin,16,0.0001,1,32,1,0.1,lr1e-04_bs16_modL1_fusion32_fusionL1_drop0p1_trmiss80_trlocclin,3,0.6504014730453491,0.7168577512105306,0.5625,0.7246307154512416,0.4888888888888889,0.0,0.0,0.0,0.0,2002,clin,0.8
3,3,lr1e-04_bs16_modL1_fusion32_fusionL1_drop0p1_trmiss80_trlocclin,16,0.0001,1,32,1,0.1,lr1e-04_bs16_modL1_fusion32_fusionL1_drop0p1_trmiss80_trlocclin,4,0.6380773633718491,0.7270235816637675,0.560344827586207,0.7109074245415349,0.4666666666666667,0.0,0.0,0.0,0.0,2002,clin,0.8
3,3,lr1e-04_bs16_modL1_fusion32_fusionL1_drop0p1_trmiss80_trlocclin,16,0.0001,1,32,1,0.1,lr1e-04_bs16_modL1_fusion32_fusionL1_drop0p1_trmiss80_trlocclin,5,0.5926338831583658,0.7217451731363932,0.581896551724138,0.7285446162704164,0.5111111111111111,0.0,0.0,0.0,0.0,2002,clin,0.8
3,3,lr1e-04_bs16_modL1_fusion32_fusionL1_drop0p1_trmiss80_trlocclin,16,0.0001,1,32,1,0.1,lr1e-04_bs16_modL1_fusion32_fusionL1_drop0p1_trmiss80_trlocclin,6,0.6110634307066599,0.7165879408518473,0.5689655172413793,0.7099244911590428,0.4888888888888889,0.0,0.0,0.0,0.0,2002,clin,0.8
3,3,lr1e-04_bs16_modL1_fusion32_fusionL1_drop0p1_trmiss80_trlocclin,16,0.0001,1,32,1,0.1,lr1e-04_bs16_modL1_fusion32_fusionL1_drop0p1_trmiss80_trlocclin,7,0.5797582566738129,0.7017278671264648,0.5603448275862069,0.681083613658858,0.5333333333333333,0.0,0.0,0.0,0.0,2002,clin,0.8
3,3,lr1e-04_bs16_modL1_fusion32_fusionL1_drop0p1_trmiss80_trlocclin,16,0.0001,1,32,1,0.1,lr1e-04_bs16_modL1_fusion32_fusionL1_drop0p1_trmiss80_trlocclin,8,0.5581507434447607,0.7115475336710612,0.5560344827586207,0.6817573841214288,0.4666666666666667,0.0,0.0,0.0,0.0,2002,clin,0.8
3,3,lr1e-04_bs16_modL1_fusion32_fusionL1_drop0p1_trmiss80_trlocclin,16,0.0001,1,32,1,0.1,lr1e-04_bs16_modL1_fusion32_fusionL1_drop0p1_trmiss80_trlocclin,9,0.5450532659888268,0.6980436245600382,0.584051724137931,0.7136631584909054,0.5555555555555556,0.0,0.0,0.0,0.0,2002,clin,0.8
3,3,lr1e-04_bs16_modL1_fusion32_fusionL1_drop0p1_trmiss80_trlocclin,16,0.0001,1,32,1,0.1,lr1e-04_bs16_modL1_fusion32_fusionL1_drop0p1_trmiss80_trlocclin,10,0.540045291185379,0.7071827252705892,0.6012931034482759,0.7201125450848791,0.5777777777777777,0.0,0.0,0.0,0.0,2002,clin,0.8
3,3,lr1e-04_bs16_modL1_fusion32_fusionL1_drop0p1_trmiss80_trlocclin,16,0.0001,1,32,1,0.1,lr1e-04_bs16_modL1_fusion32_fusionL1_drop0p1_trmiss80_trlocclin,11,0.5247525299588839,0.718613862991333,0.5754310344827587,0.6980385986298262,0.4888888888888889,0.0,0.0,0.0,0.0,2002,clin,0.8
3,3,lr1e-04_bs16_modL1_fusion32_fusionL1_drop0p1_trmiss80_trlocclin,16,0.0001,1,32,1,0.1,lr1e-04_bs16_modL1_fusion32_fusionL1_drop0p1_trmiss80_trlocclin,12,0.5105612352490425,0.6821668942769369,0.6099137931034483,0.7005942837543875,0.5333333333333333,0.0,0.0,0.0,0.0,2002,clin,0.8
3,3,lr1e-04_bs16_modL1_fusion32_fusionL1_drop0p1_trmiss80_trlocclin,16,0.0001,1,32,1,0.1,lr1e-04_bs16_modL1_fusion32_fusionL1_drop0p1_trmiss80_trlocclin,13,0.48034996042648953,0.6845420400301615,0.6271551724137931,0.7336073485246926,0.5333333333333333,0.0,0.0,0.0,0.0,2002,clin,0.8
3,3,lr1e-04_bs16_modL1_fusion32_fusionL1_drop0p1_trmiss80_trlocclin,16,0.0001,1,32,1,0.1,lr1e-04_bs16_modL1_fusion32_fusionL1_drop0p1_trmiss80_trlocclin,14,0.4722154786189397,0.6855229735374451,0.6206896551724138,0.7102060263210104,0.5555555555555556,0.0,0.0,0.0,0.0,2002,clin,0.8
3,3,lr1e-04_bs16_modL1_fusion32_fusionL1_drop0p1_trmiss80_trlocclin,16,0.0001,1,32,1,0.1,lr1e-04_bs16_modL1_fusion32_fusionL1_drop0p1_trmiss80_trlocclin,15,0.4528823718428612,0.6844053268432617,0.6120689655172414,0.701209257826712,0.5555555555555556,0.0,0.0,0.0,0.0,2002,clin,0.8
3,3,lr1e-04_bs16_modL1_fusion32_fusionL1_drop0p1_trmiss80_trlocclin,16,0.0001,1,32,1,0.1,lr1e-04_bs16_modL1_fusion32_fusionL1_drop0p1_trmiss80_trlocclin,16,0.4519711385170619,0.6925762891769409,0.6099137931034483,0.7001526255216568,0.5111111111111111,0.0,0.0,0.0,0.0,2002,clin,0.8
3,3,lr1e-04_bs16_modL1_fusion32_fusionL1_drop0p1_trmiss80_trlocclin,16,0.0001,1,32,1,0.1,lr1e-04_bs16_modL1_fusion32_fusionL1_drop0p1_trmiss80_trlocclin,17,0.4607722709576289,0.7146976788838705,0.6056034482758621,0.6934371241723223,0.5333333333333333,0.0,0.0,0.0,0.0,2002,clin,0.8
3,3,lr1e-04_bs16_modL1_fusion32_fusionL1_drop0p1_trmiss80_trlocclin,16,0.0001,1,32,1,0.1,lr1e-04_bs16_modL1_fusion32_fusionL1_drop0p1_trmiss80_trlocclin,18,0.4532373050848643,0.7064010699590048,0.6185344827586207,0.6917889636002741,0.5555555555555556,0.0,0.0,0.0,0.0,2002,clin,0.8
3,3,lr1e-04_bs16_modL1_fusion32_fusionL1_drop0p1_trmiss80_trlocclin,16,0.0001,1,32,1,0.1,lr1e-04_bs16_modL1_fusion32_fusionL1_drop0p1_trmiss80_trlocclin,19,0.4100197156270345,0.6947364012400309,0.6293103448275862,0.697191563197441,0.6222222222222222,0.0,0.0,0.0,0.0,2002,clin,0.8
3,3,lr1e-04_bs16_modL1_fusion32_fusionL1_drop0p1_trmiss80_trlocclin,16,0.0001,1,32,1,0.1,lr1e-04_bs16_modL1_fusion32_fusionL1_drop0p1_trmiss80_trlocclin,20,0.41928306718667346,0.6993246078491211,0.625,0.6953906297769759,0.5777777777777777,0.0,0.0,0.0,0.0,2002,clin,0.8
3,3,lr1e-04_bs16_modL1_fusion32_fusionL1_drop0p1_trmiss80_trlocclin,16,0.0001,1,32,1,0.1,lr1e-04_bs16_modL1_fusion32_fusionL1_drop0p1_trmiss80_trlocclin,21,0.4041701629757881,0.6901453733444214,0.6293103448275862,0.7014766500912235,0.6,0.0,0.0,0.0,0.0,2002,clin,0.8
3,3,lr1e-04_bs16_modL1_fusion32_fusionL1_drop0p1_trmiss80_trlocclin,16,0.0001,1,32,1,0.1,lr1e-04_bs16_modL1_fusion32_fusionL1_drop0p1_trmiss80_trlocclin,22,0.41299106925725937,0.6933824419975281,0.6293103448275862,0.7035208859163501,0.6,0.0,0.0,0.0,0.0,2002,clin,0.8
3,3,lr1e-04_bs16_modL1_fusion32_fusionL1_drop0p1_trmiss80_trlocclin,16,0.0001,1,32,1,0.1,lr1e-04_bs16_modL1_fusion32_fusionL1_drop0p1_trmiss80_trlocclin,23,0.40062010288238525,0.7117402752240499,0.6120689655172413,0.705840728268956,0.5555555555555556,0.0,0.0,0.0,0.0,2002,clin,0.8
3,3,lr1e-04_bs16_modL1_fusion32_fusionL1_drop0p1_trmiss80_trlocclin,16,0.0001,1,32,1,0.1,lr1e-04_bs16_modL1_fusion32_fusionL1_drop0p1_trmiss80_trlocclin,24,0.39156826585531235,0.6997770269711813,0.6163793103448276,0.7080756186884306,0.5777777777777777,0.0,0.0,0.0,0.0,2002,clin,0.8
3,3,lr1e-04_bs16_modL1_fusion32_fusionL1_drop0p1_trmiss80_trlocclin,16,0.0001,1,32,1,0.1,lr1e-04_bs16_modL1_fusion32_fusionL1_drop0p1_trmiss80_trlocclin,25,0.38884985198577243,0.6961403290430704,0.6056034482758621,0.7020517116518492,0.6,0.0,0.0,0.0,0.0,2002,clin,0.8
3,3,lr1e-04_bs16_modL1_fusion32_fusionL1_drop0p1_trmiss80_trlocclin,16,0.0001,1,32,1,0.1,lr1e-04_bs16_modL1_fusion32_fusionL1_drop0p1_trmiss80_trlocclin,26,0.37798077861468,0.6894958813985189,0.6120689655172413,0.7112566623873339,0.6,0.0,0.0,0.0,0.0,2002,clin,0.8
3,3,lr1e-04_bs16_modL1_fusion32_fusionL1_drop0p1_trmiss80_trlocclin,16,0.0001,1,32,1,0.1,lr1e-04_bs16_modL1_fusion32_fusionL1_drop0p1_trmiss80_trlocclin,27,0.4027869800726573,0.689272940158844,0.6228448275862069,0.7143617320032728,0.6222222222222222,0.0,0.0,0.0,0.0,2002,clin,0.8
3,3,lr1e-04_bs16_modL1_fusion32_fusionL1_drop0p1_trmiss80_trlocclin,16,0.0001,1,32,1,0.1,lr1e-04_bs16_modL1_fusion32_fusionL1_drop0p1_trmiss80_trlocclin,28,0.3932378888130188,0.6874384681383768,0.6099137931034483,0.7058044820809518,0.6222222222222222,0.0,0.0,0.0,0.0,2002,clin,0.8
3,3,lr1e-04_bs16_modL1_fusion32_fusionL1_drop0p1_trmiss80_trlocclin,16,0.0001,1,32,1,0.1,lr1e-04_bs16_modL1_fusion32_fusionL1_drop0p1_trmiss80_trlocclin,29,0.40679087738196057,0.6938374638557434,0.6142241379310345,0.7101190827225515,0.5777777777777777,0.0,0.0,0.0,0.0,2002,clin,0.8
3,3,lr1e-04_bs16_modL1_fusion32_fusionL1_drop0p1_trmiss80_trlocclin,16,0.0001,1,32,1,0.1,lr1e-04_bs16_modL1_fusion32_fusionL1_drop0p1_trmiss80_trlocclin,30,0.38748391966025036,0.6882970531781515,0.6056034482758621,0.7048722896218564,0.6,0.0,0.0,0.0,0.0,2002,clin,0.8
3,3,lr1e-04_bs16_modL1_fusion32_fusionL1_drop0p1_trmiss80_trlocclin,16,0.0001,1,32,1,0.1,lr1e-04_bs16_modL1_fusion32_fusionL1_drop0p1_trmiss80_trlocclin,31,0.3774878953893979,0.7020063996315002,0.6099137931034483,0.7068680672528428,0.5777777777777777,0.0,0.0,0.0,0.0,2002,clin,0.8
3,3,lr1e-04_bs16_modL1_fusion32_fusionL1_drop0p1_trmiss80_trlocclin,16,0.0001,1,32,1,0.1,lr1e-04_bs16_modL1_fusion32_fusionL1_drop0p1_trmiss80_trlocclin,32,0.36214739580949146,0.6848030885060629,0.6120689655172414,0.711298093201605,0.6444444444444445,0.0,0.0,0.0,0.0,2002,clin,0.8
3,3,lr1e-04_bs16_modL1_fusion32_fusionL1_drop0p1_trmiss80_trlocclin,16,0.0001,1,32,1,0.1,lr1e-04_bs16_modL1_fusion32_fusionL1_drop0p1_trmiss80_trlocclin,33,0.3751092553138733,0.6778057217597961,0.6012931034482758,0.7039535621799625,0.6444444444444445,0.0,0.0,0.0,0.0,2002,clin,0.8
3,3,lr1e-04_bs16_modL1_fusion32_fusionL1_drop0p1_trmiss80_trlocclin,16,0.0001,1,32,1,0.1,lr1e-04_bs16_modL1_fusion32_fusionL1_drop0p1_trmiss80_trlocclin,34,0.3695375323295593,0.6952172915140787,0.6099137931034483,0.7074040426214753,0.6,0.0,0.0,0.0,0.0,2002,clin,0.8
3,3,lr1e-04_bs16_modL1_fusion32_fusionL1_drop0p1_trmiss80_trlocclin,16,0.0001,1,32,1,0.1,lr1e-04_bs16_modL1_fusion32_fusionL1_drop0p1_trmiss80_trlocclin,35,0.3719549998641014,0.6893818577130636,0.6163793103448276,0.7153788796456345,0.6,0.0,0.0,0.0,0.0,2002,clin,0.8
3,3,lr1e-04_bs16_modL1_fusion32_fusionL1_drop0p1_trmiss80_trlocclin,16,0.0001,1,32,1,0.1,lr1e-04_bs16_modL1_fusion32_fusionL1_drop0p1_trmiss80_trlocclin,36,0.3808604006965955,0.6992464860280355,0.6077586206896551,0.7079016947978934,0.5777777777777777,0.0,0.0,0.0,0.0,2002,clin,0.8
3,3,lr1e-04_bs16_modL1_fusion32_fusionL1_drop0p1_trmiss80_trlocclin,16,0.0001,1,32,1,0.1,lr1e-04_bs16_modL1_fusion32_fusionL1_drop0p1_trmiss80_trlocclin,37,0.3913983901341756,0.6970174312591553,0.6163793103448276,0.71194587843533,0.5777777777777777,0.0,0.0,0.0,0.0,2002,clin,0.8
3,3,lr1e-04_bs16_modL1_fusion32_fusionL1_drop0p1_trmiss80_trlocclin,16,0.0001,1,32,1,0.1,lr1e-04_bs16_modL1_fusion32_fusionL1_drop0p1_trmiss80_trlocclin,38,0.3664415230353673,0.6901408433914185,0.6099137931034483,0.7057770162100049,0.6222222222222222,0.0,0.0,0.0,0.0,2002,clin,0.8
3,3,lr1e-04_bs16_modL1_fusion32_fusionL1_drop0p1_trmiss80_trlocclin,16,0.0001,1,32,1,0.1,lr1e-04_bs16_modL1_fusion32_fusionL1_drop0p1_trmiss80_trlocclin,39,0.3651588906844457,0.6995134751001993,0.6056034482758621,0.7027463649712762,0.5555555555555556,0.0,0.0,0.0,0.0,2002,clin,0.8
3,3,lr1e-04_bs16_modL1_fusion32_fusionL1_drop0p1_trmiss80_trlocclin,16,0.0001,1,32,1,0.1,lr1e-04_bs16_modL1_fusion32_fusionL1_drop0p1_trmiss80_trlocclin,40,0.3550543636083603,0.6940664649009705,0.6012931034482759,0.7006095316233772,0.6,0.0,0.0,0.0,0.0,2002,clin,0.8
3,3,lr1e-04_bs16_modL1_fusion32_fusionL1_drop0p1_trmiss80_trlocclin,16,0.0001,1,32,1,0.1,lr1e-04_bs16_modL1_fusion32_fusionL1_drop0p1_trmiss80_trlocclin,41,0.3600274746616681,0.6837682326634725,0.5969827586206896,0.7009992657063963,0.6,0.0,0.0,0.0,0.0,2002,clin,0.8
3,3,lr1e-04_bs16_modL1_fusion64_fusionL1_drop0p2_trmiss80_trlocclin,16,0.0001,1,64,1,0.2,lr1e-04_bs16_modL1_fusion64_fusionL1_drop0p2_trmiss80_trlocclin,1,0.7060863524675369,0.6777584155400594,0.5366379310344828,0.6798820720108874,0.6444444444444445,0.0,0.0,0.0,0.0,2002,clin,0.8
3,3,lr1e-04_bs16_modL1_fusion64_fusionL1_drop0p2_trmiss80_trlocclin,16,0.0001,1,64,1,0.2,lr1e-04_bs16_modL1_fusion64_fusionL1_drop0p2_trmiss80_trlocclin,2,0.6481803258260092,0.6749473810195923,0.5280172413793103,0.7000846071696313,0.5777777777777777,0.0,0.0,0.0,0.0,2002,clin,0.8
3,3,lr1e-04_bs16_modL1_fusion64_fusionL1_drop0p2_trmiss80_trlocclin,16,0.0001,1,64,1,0.2,lr1e-04_bs16_modL1_fusion64_fusionL1_drop0p2_trmiss80_trlocclin,3,0.6162596667806307,0.6622221867243449,0.584051724137931,0.7532363841409797,0.6222222222222222,0.0,0.0,0.0,0.0,2002,clin,0.8
3,3,lr1e-04_bs16_modL1_fusion64_fusionL1_drop0p2_trmiss80_trlocclin,16,0.0001,1,64,1,0.2,lr1e-04_bs16_modL1_fusion64_fusionL1_drop0p2_trmiss80_trlocclin,4,0.5968971103429794,0.6578822731971741,0.6185344827586208,0.7801208759481242,0.6,0.0,0.0,0.0,0.0,2002,clin,0.8
3,3,lr1e-04_bs16_modL1_fusion64_fusionL1_drop0p2_trmiss80_trlocclin,16,0.0001,1,64,1,0.2,lr1e-04_bs16_modL1_fusion64_fusionL1_drop0p2_trmiss80_trlocclin,5,0.5860005070765814,0.6432822346687317,0.6379310344827587,0.7897799898216908,0.6222222222222222,0.0,0.0,0.0,0.0,2002,clin,0.8
3,3,lr1e-04_bs16_modL1_fusion64_fusionL1_drop0p2_trmiss80_trlocclin,16,0.0001,1,64,1,0.2,lr1e-04_bs16_modL1_fusion64_fusionL1_drop0p2_trmiss80_trlocclin,6,0.5770360430081686,0.640582819779714,0.6379310344827586,0.7881570163019782,0.6444444444444445,0.0,0.0,0.0,0.0,2002,clin,0.8
3,3,lr1e-04_bs16_modL1_fusion64_fusionL1_drop0p2_trmiss80_trlocclin,16,0.0001,1,64,1,0.2,lr1e-04_bs16_modL1_fusion64_fusionL1_drop0p2_trmiss80_trlocclin,7,0.5548658470312754,0.6378161907196045,0.6637931034482758,0.7948496103565124,0.6666666666666666,0.0,0.0,0.0,0.0,2002,clin,0.8
3,3,lr1e-04_bs16_modL1_fusion64_fusionL1_drop0p2_trmiss80_trlocclin,16,0.0001,1,64,1,0.2,lr1e-04_bs16_modL1_fusion64_fusionL1_drop0p2_trmiss80_trlocclin,8,0.5455865462621053,0.6362581849098206,0.6573275862068966,0.7668954447988765,0.6888888888888889,0.0,0.0,0.0,0.0,2002,clin,0.8
3,3,lr1e-04_bs16_modL1_fusion64_fusionL1_drop0p2_trmiss80_trlocclin,16,0.0001,1,64,1,0.2,lr1e-04_bs16_modL1_fusion64_fusionL1_drop0p2_trmiss80_trlocclin,9,0.533584383626779,0.6298465728759766,0.6810344827586207,0.7607594596011471,0.7111111111111111,0.0,0.0,0.0,0.0,2002,clin,0.8
3,3,lr1e-04_bs16_modL1_fusion64_fusionL1_drop0p2_trmiss80_trlocclin,16,0.0001,1,64,1,0.2,lr1e-04_bs16_modL1_fusion64_fusionL1_drop0p2_trmiss80_trlocclin,10,0.5407535582780838,0.62889430920283,0.6810344827586207,0.7614014568750229,0.6888888888888889,0.0,0.0,0.0,0.0,2002,clin,0.8
3,3,lr1e-04_bs16_modL1_fusion64_fusionL1_drop0p2_trmiss80_trlocclin,16,0.0001,1,64,1,0.2,lr1e-04_bs16_modL1_fusion64_fusionL1_drop0p2_trmiss80_trlocclin,11,0.4927324280142784,0.6270678639411926,0.6939655172413793,0.7696901588297866,0.7111111111111111,0.0,0.0,0.0,0.0,2002,clin,0.8
3,3,lr1e-04_bs16_modL1_fusion64_fusionL1_drop0p2_trmiss80_trlocclin,16,0.0001,1,64,1,0.2,lr1e-04_bs16_modL1_fusion64_fusionL1_drop0p2_trmiss80_trlocclin,12,0.48855459193388623,0.6295017798741659,0.6724137931034483,0.7597877205743537,0.6888888888888889,0.0,0.0,0.0,0.0,2002,clin,0.8
3,3,lr1e-04_bs16_modL1_fusion64_fusionL1_drop0p2_trmiss80_trlocclin,16,0.0001,1,64,1,0.2,lr1e-04_bs16_modL1_fusion64_fusionL1_drop0p2_trmiss80_trlocclin,13,0.4741434032718341,0.6310974359512329,0.6637931034482759,0.7714090512553573,0.7111111111111111,0.0,0.0,0.0,0.0,2002,clin,0.8
3,3,lr1e-04_bs16_modL1_fusion64_fusionL1_drop0p2_trmiss80_trlocclin,16,0.0001,1,64,1,0.2,lr1e-04_bs16_modL1_fusion64_fusionL1_drop0p2_trmiss80_trlocclin,14,0.46774906168381375,0.6271854440371195,0.6810344827586207,0.7806233030732221,0.6888888888888889,0.0,0.0,0.0,0.0,2002,clin,0.8
3,3,lr1e-04_bs16_modL1_fusion64_fusionL1_drop0p2_trmiss80_trlocclin,16,0.0001,1,64,1,0.2,lr1e-04_bs16_modL1_fusion64_fusionL1_drop0p2_trmiss80_trlocclin,15,0.4542210300763448,0.6290586590766907,0.665948275862069,0.7806234981558876,0.6222222222222222,0.0,0.0,0.0,0.0,2002,clin,0.8
3,3,lr1e-04_bs16_modL1_fusion64_fusionL1_drop0p2_trmiss80_trlocclin,16,0.0001,1,64,1,0.2,lr1e-04_bs16_modL1_fusion64_fusionL1_drop0p2_trmiss80_trlocclin,16,0.45111901809771854,0.631490429242452,0.6681034482758621,0.7714438820078406,0.6444444444444445,0.0,0.0,0.0,0.0,2002,clin,0.8
3,3,lr1e-04_bs16_modL1_fusion64_fusionL1_drop0p2_trmiss80_trlocclin,16,0.0001,1,64,1,0.2,lr1e-04_bs16_modL1_fusion64_fusionL1_drop0p2_trmiss80_trlocclin,17,0.4347333312034607,0.6237326661745707,0.6508620689655172,0.7785197634011877,0.6666666666666666,0.0,0.0,0.0,0.0,2002,clin,0.8
3,3,lr1e-04_bs16_modL1_fusion64_fusionL1_drop0p2_trmiss80_trlocclin,16,0.0001,1,64,1,0.2,lr1e-04_bs16_modL1_fusion64_fusionL1_drop0p2_trmiss80_trlocclin,18,0.4236089363694191,0.6320242285728455,0.6573275862068966,0.7897503595240603,0.6666666666666666,0.0,0.0,0.0,0.0,2002,clin,0.8
3,3,lr1e-04_bs16_modL1_fusion64_fusionL1_drop0p2_trmiss80_trlocclin,16,0.0001,1,64,1,0.2,lr1e-04_bs16_modL1_fusion64_fusionL1_drop0p2_trmiss80_trlocclin,19,0.420726016163826,0.6309832135836283,0.665948275862069,0.800889664292501,0.6888888888888889,0.0,0.0,0.0,0.0,2002,clin,0.8
3,3,lr1e-04_bs16_modL1_fusion64_fusionL1_drop0p2_trmiss80_trlocclin,16,0.0001,1,64,1,0.2,lr1e-04_bs16_modL1_fusion64_fusionL1_drop0p2_trmiss80_trlocclin,20,0.40892907480398816,0.6302404205004374,0.6788793103448276,0.793222227605484,0.6888888888888889,0.0,0.0,0.0,0.0,2002,clin,0.8
3,3,lr1e-04_bs16_modL1_fusion64_fusionL1_drop0p2_trmiss80_trlocclin,16,0.0001,1,64,1,0.2,lr1e-04_bs16_modL1_fusion64_fusionL1_drop0p2_trmiss80_trlocclin,21,0.4079443116982778,0.6086956858634949,0.7047413793103448,0.8154880028539628,0.7111111111111111,0.0,0.0,0.0,0.0,2002,clin,0.8
3,3,lr1e-04_bs16_modL1_fusion64_fusionL1_drop0p2_trmiss80_trlocclin,16,0.0001,1,64,1,0.2,lr1e-04_bs16_modL1_fusion64_fusionL1_drop0p2_trmiss80_trlocclin,22,0.38516854246457416,0.6094828844070435,0.7112068965517242,0.8204350286817808,0.6888888888888889,0.0,0.0,0.0,0.0,2002,clin,0.8
3,3,lr1e-04_bs16_modL1_fusion64_fusionL1_drop0p2_trmiss80_trlocclin,16,0.0001,1,64,1,0.2,lr1e-04_bs16_modL1_fusion64_fusionL1_drop0p2_trmiss80_trlocclin,23,0.3648231128851573,0.6105393568674723,0.7004310344827587,0.8172037485766865,0.7111111111111111,0.0,0.0,0.0,0.0,2002,clin,0.8
3,3,lr1e-04_bs16_modL1_fusion64_fusionL1_drop0p2_trmiss80_trlocclin,16,0.0001,1,64,1,0.2,lr1e-04_bs16_modL1_fusion64_fusionL1_drop0p2_trmiss80_trlocclin,24,0.37831585854291916,0.6209225455919901,0.6702586206896551,0.793784289418122,0.6888888888888889,0.0,0.0,0.0,0.0,2002,clin,0.8
3,3,lr1e-04_bs16_modL1_fusion64_fusionL1_drop0p2_trmiss80_trlocclin,16,0.0001,1,64,1,0.2,lr1e-04_bs16_modL1_fusion64_fusionL1_drop0p2_trmiss80_trlocclin,25,0.3264174647629261,0.6107370853424072,0.6702586206896552,0.7966266878812331,0.6666666666666666,0.0,0.0,0.0,0.0,2002,clin,0.8
3,3,lr1e-04_bs16_modL1_fusion64_fusionL1_drop0p2_trmiss80_trlocclin,16,0.0001,1,64,1,0.2,lr1e-04_bs16_modL1_fusion64_fusionL1_drop0p2_trmiss80_trlocclin,26,0.3338977595170339,0.6065472761789957,0.6875,0.810531964273014,0.6666666666666666,0.0,0.0,0.0,0.0,2002,clin,0.8
3,3,lr1e-04_bs16_modL1_fusion64_fusionL1_drop0p2_trmiss80_trlocclin,16,0.0001,1,64,1,0.2,lr1e-04_bs16_modL1_fusion64_fusionL1_drop0p2_trmiss80_trlocclin,27,0.3191841741402944,0.6077521840731303,0.6939655172413792,0.8066252391726356,0.7111111111111111,0.0,0.0,0.0,0.0,2002,clin,0.8
3,3,lr1e-04_bs16_modL1_fusion64_fusionL1_drop0p2_trmiss80_trlocclin,16,0.0001,1,64,1,0.2,lr1e-04_bs16_modL1_fusion64_fusionL1_drop0p2_trmiss80_trlocclin,28,0.31288257986307144,0.6154194275538126,0.6896551724137931,0.809344817427122,0.6888888888888889,0.0,0.0,0.0,0.0,2002,clin,0.8
3,3,lr1e-04_bs16_modL1_fusion64_fusionL1_drop0p2_trmiss80_trlocclin,16,0.0001,1,64,1,0.2,lr1e-04_bs16_modL1_fusion64_fusionL1_drop0p2_trmiss80_trlocclin,29,0.32381025950113934,0.6147239406903585,0.6918103448275862,0.809382570330419,0.6888888888888889,0.0,0.0,0.0,0.0,2002,clin,0.8
3,3,lr1e-04_bs16_modL1_fusion64_fusionL1_drop0p2_trmiss80_trlocclin,16,0.0001,1,64,1,0.2,lr1e-04_bs16_modL1_fusion64_fusionL1_drop0p2_trmiss80_trlocclin,30,0.32012881090243656,0.6158219575881958,0.6810344827586206,0.8075867722615778,0.6888888888888889,0.0,0.0,0.0,0.0,2002,clin,0.8
3,3,lr1e-04_bs16_modL1_fusion64_fusionL1_drop0p2_trmiss80_trlocclin,16,0.0001,1,64,1,0.2,lr1e-04_bs16_modL1_fusion64_fusionL1_drop0p2_trmiss80_trlocclin,31,0.30210214977463085,0.6264458100001017,0.6681034482758621,0.8021050204352989,0.7111111111111111,0.0,0.0,0.0,0.0,2002,clin,0.8
3,3,lr1e-04_bs16_modL1_fusion64_fusionL1_drop0p2_trmiss80_trlocclin,16,0.0001,1,64,1,0.2,lr1e-04_bs16_modL1_fusion64_fusionL1_drop0p2_trmiss80_trlocclin,32,0.2876058667898178,0.6222950220108032,0.6637931034482758,0.7954380131276759,0.7111111111111111,0.0,0.0,0.0,0.0,2002,clin,0.8
3,3,lr1e-04_bs16_modL1_fusion64_fusionL1_drop0p2_trmiss80_trlocclin,16,0.0001,1,64,1,0.2,lr1e-04_bs16_modL1_fusion64_fusionL1_drop0p2_trmiss80_trlocclin,33,0.29219062874714535,0.615624725818634,0.6724137931034482,0.8004055230327326,0.7111111111111111,0.0,0.0,0.0,0.0,2002,clin,0.8
3,3,lr1e-04_bs16_modL1_fusion64_fusionL1_drop0p2_trmiss80_trlocclin,16,0.0001,1,64,1,0.2,lr1e-04_bs16_modL1_fusion64_fusionL1_drop0p2_trmiss80_trlocclin,34,0.25397417942682904,0.6131728092829386,0.6831896551724138,0.803816946626712,0.7111111111111111,0.0,0.0,0.0,0.0,2002,clin,0.8
3,3,lr1e-04_bs16_modL1_fusion64_fusionL1_drop0p2_trmiss80_trlocclin,16,0.0001,1,64,1,0.2,lr1e-04_bs16_modL1_fusion64_fusionL1_drop0p2_trmiss80_trlocclin,35,0.26984428614377975,0.6148568987846375,0.6831896551724138,0.8049702389820788,0.7111111111111111,0.0,0.0,0.0,0.0,2002,clin,0.8
3,3,lr1e-04_bs16_modL1_fusion64_fusionL1_drop0p2_trmiss80_trlocclin,16,0.0001,1,64,1,0.2,lr1e-04_bs16_modL1_fusion64_fusionL1_drop0p2_trmiss80_trlocclin,36,0.25282279402017593,0.6150304079055786,0.6853448275862069,0.8036528228781955,0.6888888888888889,0.0,0.0,0.0,0.0,2002,clin,0.8
3,3,lr1e-04_bs16_modL1_fusion64_fusionL1_drop0p2_trmiss80_trlocclin,16,0.0001,1,64,1,0.2,lr1e-04_bs16_modL1_fusion64_fusionL1_drop0p2_trmiss80_trlocclin,37,0.2671828294793765,0.6240464051564535,0.6875,0.8042250332113432,0.6888888888888889,0.0,0.0,0.0,0.0,2002,clin,0.8
3,3,lr1e-04_bs16_modL1_fusion64_fusionL1_drop0p2_trmiss80_trlocclin,16,0.0001,1,64,1,0.2,lr1e-04_bs16_modL1_fusion64_fusionL1_drop0p2_trmiss80_trlocclin,38,0.2502504313985507,0.6303149660428365,0.6745689655172413,0.7986511442025179,0.6888888888888889,0.0,0.0,0.0,0.0,2002,clin,0.8
3,3,lr1e-04_bs16_modL1_fusion64_fusionL1_drop0p2_trmiss80_trlocclin,16,0.0001,1,64,1,0.2,lr1e-04_bs16_modL1_fusion64_fusionL1_drop0p2_trmiss80_trlocclin,39,0.24347496529420218,0.6317132512728373,0.6745689655172413,0.7987286456040537,0.6888888888888889,0.0,0.0,0.0,0.0,2002,clin,0.8
3,3,lr1e-04_bs16_modL1_fusion64_fusionL1_drop0p2_trmiss80_trlocclin,16,0.0001,1,64,1,0.2,lr1e-04_bs16_modL1_fusion64_fusionL1_drop0p2_trmiss80_trlocclin,40,0.24433102955420813,0.626773734887441,0.6767241379310346,0.7995964525957895,0.6888888888888889,0.0,0.0,0.0,0.0,2002,clin,0.8
3,3,lr1e-04_bs16_modL1_fusion64_fusionL1_drop0p2_trmiss80_trlocclin,16,0.0001,1,64,1,0.2,lr1e-04_bs16_modL1_fusion64_fusionL1_drop0p2_trmiss80_trlocclin,41,0.26580440253019333,0.6209588050842285,0.6745689655172414,0.7957588781156151,0.7111111111111111,0.0,0.0,0.0,0.0,2002,clin,0.8
3,3,lr1e-04_bs16_modL1_fusion64_fusionL1_drop0p2_trmiss80_trlocclin,16,0.0001,1,64,1,0.2,lr1e-04_bs16_modL1_fusion64_fusionL1_drop0p2_trmiss80_trlocclin,42,0.2437914734085401,0.6222196420033773,0.6702586206896552,0.792549617790843,0.6888888888888889,0.0,0.0,0.0,0.0,2002,clin,0.8
3,3,lr1e-04_bs16_modL1_fusion64_fusionL1_drop0p1_trmiss80_trlocclin,16,0.0001,1,64,1,0.1,lr1e-04_bs16_modL1_fusion64_fusionL1_drop0p1_trmiss80_trlocclin,1,0.768669510881106,0.6956904530525208,0.603448275862069,0.741904675316482,0.5111111111111111,0.0,0.0,0.0,0.0,2002,clin,0.8
3,3,lr1e-04_bs16_modL1_fusion64_fusionL1_drop0p1_trmiss80_trlocclin,16,0.0001,1,64,1,0.1,lr1e-04_bs16_modL1_fusion64_fusionL1_drop0p1_trmiss80_trlocclin,2,0.7198047290245692,0.7081026832262675,0.603448275862069,0.7517478718277552,0.4888888888888889,0.0,0.0,0.0,0.0,2002,clin,0.8
3,3,lr1e-04_bs16_modL1_fusion64_fusionL1_drop0p1_trmiss80_trlocclin,16,0.0001,1,64,1,0.1,lr1e-04_bs16_modL1_fusion64_fusionL1_drop0p1_trmiss80_trlocclin,3,0.6612227410078049,0.7122994065284729,0.6206896551724138,0.7437311556620241,0.4888888888888889,0.0,0.0,0.0,0.0,2002,clin,0.8
3,3,lr1e-04_bs16_modL1_fusion64_fusionL1_drop0p1_trmiss80_trlocclin,16,0.0001,1,64,1,0.1,lr1e-04_bs16_modL1_fusion64_fusionL1_drop0p1_trmiss80_trlocclin,4,0.6325483570496241,0.7169007460276285,0.5905172413793103,0.7221569548219138,0.4666666666666667,0.0,0.0,0.0,0.0,2002,clin,0.8
3,3,lr1e-04_bs16_modL1_fusion64_fusionL1_drop0p1_trmiss80_trlocclin,16,0.0001,1,64,1,0.1,lr1e-04_bs16_modL1_fusion64_fusionL1_drop0p1_trmiss80_trlocclin,5,0.5972826381524404,0.7061398029327393,0.6163793103448276,0.7264978452143473,0.4666666666666667,0.0,0.0,0.0,0.0,2002,clin,0.8
3,3,lr1e-04_bs16_modL1_fusion64_fusionL1_drop0p1_trmiss80_trlocclin,16,0.0001,1,64,1,0.1,lr1e-04_bs16_modL1_fusion64_fusionL1_drop0p1_trmiss80_trlocclin,6,0.5821325356761614,0.7104964653650919,0.603448275862069,0.7210675744648095,0.4666666666666667,0.0,0.0,0.0,0.0,2002,clin,0.8
3,3,lr1e-04_bs16_modL1_fusion64_fusionL1_drop0p1_trmiss80_trlocclin,16,0.0001,1,64,1,0.1,lr1e-04_bs16_modL1_fusion64_fusionL1_drop0p1_trmiss80_trlocclin,7,0.5562916497389475,0.7072425285975138,0.6077586206896552,0.7178953744355359,0.4222222222222222,0.0,0.0,0.0,0.0,2002,clin,0.8
3,3,lr1e-04_bs16_modL1_fusion64_fusionL1_drop0p1_trmiss80_trlocclin,16,0.0001,1,64,1,0.1,lr1e-04_bs16_modL1_fusion64_fusionL1_drop0p1_trmiss80_trlocclin,8,0.5346948678294817,0.7018845478693644,0.6120689655172413,0.7176147409039824,0.4666666666666667,0.0,0.0,0.0,0.0,2002,clin,0.8
3,3,lr1e-04_bs16_modL1_fusion64_fusionL1_drop0p1_trmiss80_trlocclin,16,0.0001,1,64,1,0.1,lr1e-04_bs16_modL1_fusion64_fusionL1_drop0p1_trmiss80_trlocclin,9,0.5192426343758901,0.6918558875719706,0.6142241379310345,0.7257060329833543,0.4666666666666667,0.0,0.0,0.0,0.0,2002,clin,0.8
3,3,lr1e-04_bs16_modL1_fusion64_fusionL1_drop0p1_trmiss80_trlocclin,16,0.0001,1,64,1,0.1,lr1e-04_bs16_modL1_fusion64_fusionL1_drop0p1_trmiss80_trlocclin,10,0.5195399274428686,0.6874321301778158,0.6443965517241379,0.7475312909453403,0.5111111111111111,0.0,0.0,0.0,0.0,2002,clin,0.8
3,3,lr1e-04_bs16_modL1_fusion64_fusionL1_drop0p1_trmiss80_trlocclin,16,0.0001,1,64,1,0.1,lr1e-04_bs16_modL1_fusion64_fusionL1_drop0p1_trmiss80_trlocclin,11,0.49749704202016193,0.6805788079897562,0.646551724137931,0.7409506706516851,0.5111111111111111,0.0,0.0,0.0,0.0,2002,clin,0.8
3,3,lr1e-04_bs16_modL1_fusion64_fusionL1_drop0p1_trmiss80_trlocclin,16,0.0001,1,64,1,0.1,lr1e-04_bs16_modL1_fusion64_fusionL1_drop0p1_trmiss80_trlocclin,12,0.4948889936010043,0.679632286230723,0.6487068965517241,0.7431135481514248,0.5111111111111111,0.0,0.0,0.0,0.0,2002,clin,0.8
3,3,lr1e-04_bs16_modL1_fusion64_fusionL1_drop0p1_trmiss80_trlocclin,16,0.0001,1,64,1,0.1,lr1e-04_bs16_modL1_fusion64_fusionL1_drop0p1_trmiss80_trlocclin,13,0.48343872527281445,0.685172438621521,0.6422413793103448,0.7332577079852833,0.4888888888888889,0.0,0.0,0.0,0.0,2002,clin,0.8
3,3,lr1e-04_bs16_modL1_fusion64_fusionL1_drop0p1_trmiss80_trlocclin,16,0.0001,1,64,1,0.1,lr1e-04_bs16_modL1_fusion64_fusionL1_drop0p1_trmiss80_trlocclin,14,0.456510732571284,0.6862988273302714,0.6530172413793105,0.726280380664458,0.4888888888888889,0.0,0.0,0.0,0.0,2002,clin,0.8
3,3,lr1e-04_bs16_modL1_fusion64_fusionL1_drop0p1_trmiss80_trlocclin,16,0.0001,1,64,1,0.1,lr1e-04_bs16_modL1_fusion64_fusionL1_drop0p1_trmiss80_trlocclin,15,0.4761175587773323,0.6779972910881042,0.646551724137931,0.7108287196703755,0.5111111111111111,0.0,0.0,0.0,0.0,2002,clin,0.8
3,3,lr1e-04_bs16_modL1_fusion64_fusionL1_drop0p1_trmiss80_trlocclin,16,0.0001,1,64,1,0.1,lr1e-04_bs16_modL1_fusion64_fusionL1_drop0p1_trmiss80_trlocclin,16,0.4423758164048195,0.686092754205068,0.6422413793103449,0.7133185146687894,0.5111111111111111,0.0,0.0,0.0,0.0,2002,clin,0.8
3,3,lr1e-04_bs16_modL1_fusion64_fusionL1_drop0p1_trmiss80_trlocclin,16,0.0001,1,64,1,0.1,lr1e-04_bs16_modL1_fusion64_fusionL1_drop0p1_trmiss80_trlocclin,17,0.44961803654829663,0.6867079138755798,0.6379310344827587,0.7157101726696188,0.5111111111111111,0.0,0.0,0.0,0.0,2002,clin,0.8
3,3,lr1e-04_bs16_modL1_fusion64_fusionL1_drop0p1_trmiss80_trlocclin,16,0.0001,1,64,1,0.1,lr1e-04_bs16_modL1_fusion64_fusionL1_drop0p1_trmiss80_trlocclin,18,0.4120575860142708,0.6882308920224508,0.6379310344827587,0.7148783938423966,0.5333333333333333,0.0,0.0,0.0,0.0,2002,clin,0.8
3,3,lr1e-04_bs16_modL1_fusion64_fusionL1_drop0p1_trmiss80_trlocclin,16,0.0001,1,64,1,0.1,lr1e-04_bs16_modL1_fusion64_fusionL1_drop0p1_trmiss80_trlocclin,19,0.42660631984472275,0.6856155594189962,0.6379310344827587,0.7127087026620922,0.5333333333333333,0.0,0.0,0.0,0.0,2002,clin,0.8
3,3,lr1e-04_bs16_modL1_fusion64_fusionL1_drop0p1_trmiss80_trlocclin,16,0.0001,1,64,1,0.1,lr1e-04_bs16_modL1_fusion64_fusionL1_drop0p1_trmiss80_trlocclin,20,0.41455311328172684,0.6857619086901346,0.6594827586206897,0.7225282809615884,0.5111111111111111,0.0,0.0,0.0,0.0,2002,clin,0.8
3,3,lr1e-04_bs16_modL1_fusion64_fusionL1_drop0p1_trmiss80_trlocclin,16,0.0001,1,64,1,0.1,lr1e-04_bs16_modL1_fusion64_fusionL1_drop0p1_trmiss80_trlocclin,21,0.4112948179244995,0.67574675877889,0.6616379310344828,0.727597282026118,0.5555555555555556,0.0,0.0,0.0,0.0,2002,clin,0.8
3,3,lr1e-04_bs16_modL1_fusion64_fusionL1_drop0p1_trmiss80_trlocclin,16,0.0001,1,64,1,0.1,lr1e-04_bs16_modL1_fusion64_fusionL1_drop0p1_trmiss80_trlocclin,22,0.38952192664146423,0.6682642698287964,0.6637931034482759,0.7197327685642949,0.5777777777777777,0.0,0.0,0.0,0.0,2002,clin,0.8
3,3,lr1e-04_bs16_modL1_fusion64_fusionL1_drop0p1_trmiss80_trlocclin,16,0.0001,1,64,1,0.1,lr1e-04_bs16_modL1_fusion64_fusionL1_drop0p1_trmiss80_trlocclin,23,0.425195150077343,0.6887545585632324,0.6487068965517242,0.7181531532839092,0.4888888888888889,0.0,0.0,0.0,0.0,2002,clin,0.8
3,3,lr1e-04_bs16_modL1_fusion64_fusionL1_drop0p1_trmiss80_trlocclin,16,0.0001,1,64,1,0.1,lr1e-04_bs16_modL1_fusion64_fusionL1_drop0p1_trmiss80_trlocclin,24,0.3754625916481018,0.6728859742482504,0.6487068965517242,0.726622805028474,0.5777777777777777,0.0,0.0,0.0,0.0,2002,clin,0.8
3,3,lr1e-04_bs16_modL1_fusion64_fusionL1_drop0p1_trmiss80_trlocclin,16,0.0001,1,64,1,0.1,lr1e-04_bs16_modL1_fusion64_fusionL1_drop0p1_trmiss80_trlocclin,25,0.37004633992910385,0.6824479897816976,0.6594827586206896,0.73393377106674,0.5333333333333333,0.0,0.0,0.0,0.0,2002,clin,0.8
3,3,lr1e-04_bs16_modL1_fusion64_fusionL1_drop0p1_trmiss80_trlocclin,16,0.0001,1,64,1,0.1,lr1e-04_bs16_modL1_fusion64_fusionL1_drop0p1_trmiss80_trlocclin,26,0.37446196873982746,0.6797796686490377,0.6616379310344828,0.7332619612784164,0.5111111111111111,0.0,0.0,0.0,0.0,2002,clin,0.8
3,3,lr1e-04_bs16_modL1_fusion64_fusionL1_drop0p1_trmiss80_trlocclin,16,0.0001,1,64,1,0.1,lr1e-04_bs16_modL1_fusion64_fusionL1_drop0p1_trmiss80_trlocclin,27,0.3605308284362157,0.6830018957455953,0.6551724137931034,0.724597232447509,0.5555555555555556,0.0,0.0,0.0,0.0,2002,clin,0.8
3,3,lr1e-04_bs16_modL1_fusion64_fusionL1_drop0p1_trmiss80_trlocclin,16,0.0001,1,64,1,0.1,lr1e-04_bs16_modL1_fusion64_fusionL1_drop0p1_trmiss80_trlocclin,28,0.3527521416544914,0.6789747873942057,0.6637931034482758,0.7390214740123358,0.5555555555555556,0.0,0.0,0.0,0.0,2002,clin,0.8
3,3,lr1e-04_bs16_modL1_fusion64_fusionL1_drop0p1_trmiss80_trlocclin,16,0.0001,1,64,1,0.1,lr1e-04_bs16_modL1_fusion64_fusionL1_drop0p1_trmiss80_trlocclin,29,0.34643248716990155,0.6726436416308085,0.6487068965517241,0.7294054787534889,0.6,0.0,0.0,0.0,0.0,2002,clin,0.8
3,3,lr1e-04_bs16_modL1_fusion64_fusionL1_drop0p1_trmiss80_trlocclin,16,0.0001,1,64,1,0.1,lr1e-04_bs16_modL1_fusion64_fusionL1_drop0p1_trmiss80_trlocclin,30,0.36320700993140537,0.6758699417114258,0.6573275862068965,0.7353182354889045,0.6,0.0,0.0,0.0,0.0,2002,clin,0.8
3,3,lr1e-04_bs16_modL1_fusion64_fusionL1_drop0p1_trmiss80_trlocclin,16,0.0001,1,64,1,0.1,lr1e-04_bs16_modL1_fusion64_fusionL1_drop0p1_trmiss80_trlocclin,31,0.36462996403376263,0.6852856675783793,0.6573275862068965,0.7327682473860033,0.5555555555555556,0.0,0.0,0.0,0.0,2002,clin,0.8
3,3,lr1e-04_bs16_modL1_fusion64_fusionL1_drop0p1_trmiss80_trlocclin,16,0.0001,1,64,1,0.1,lr1e-04_bs16_modL1_fusion64_fusionL1_drop0p1_trmiss80_trlocclin,32,0.3517933438221614,0.6820393800735474,0.6594827586206896,0.7335879483071239,0.5555555555555556,0.0,0.0,0.0,0.0,2002,clin,0.8
3,3,lr1e-04_bs16_modL1_fusion64_fusionL1_drop0p1_trmiss80_trlocclin,16,0.0001,1,64,1,0.1,lr1e-04_bs16_modL1_fusion64_fusionL1_drop0p1_trmiss80_trlocclin,33,0.3057498087485631,0.6711024244626363,0.665948275862069,0.7389660237491498,0.6,0.0,0.0,0.0,0.0,2002,clin,0.8
3,3,lr1e-04_bs16_modL1_fusion64_fusionL1_drop0p1_trmiss80_trlocclin,16,0.0001,1,64,1,0.1,lr1e-04_bs16_modL1_fusion64_fusionL1_drop0p1_trmiss80_trlocclin,34,0.3338394785920779,0.6734225153923035,0.665948275862069,0.7356197786787666,0.5777777777777777,0.0,0.0,0.0,0.0,2002,clin,0.8
3,3,lr1e-04_bs16_modL1_fusion64_fusionL1_drop0p1_trmiss80_trlocclin,16,0.0001,1,64,1,0.1,lr1e-04_bs16_modL1_fusion64_fusionL1_drop0p1_trmiss80_trlocclin,35,0.32751357555389404,0.6707726716995239,0.6616379310344828,0.7335526248874751,0.5555555555555556,0.0,0.0,0.0,0.0,2002,clin,0.8
3,3,lr1e-04_bs16_modL1_fusion64_fusionL1_drop0p1_trmiss80_trlocclin,16,0.0001,1,64,1,0.1,lr1e-04_bs16_modL1_fusion64_fusionL1_drop0p1_trmiss80_trlocclin,36,0.30439187337954837,0.6699167688687643,0.6573275862068966,0.7338009720047212,0.5555555555555556,0.0,0.0,0.0,0.0,2002,clin,0.8
3,3,lr1e-04_bs16_modL1_fusion64_fusionL1_drop0p1_trmiss80_trlocclin,16,0.0001,1,64,1,0.1,lr1e-04_bs16_modL1_fusion64_fusionL1_drop0p1_trmiss80_trlocclin,37,0.33617407580216724,0.6858363548914591,0.6616379310344828,0.7335037626405747,0.5333333333333333,0.0,0.0,0.0,0.0,2002,clin,0.8
3,3,lr1e-04_bs16_modL1_fusion64_fusionL1_drop0p1_trmiss80_trlocclin,16,0.0001,1,64,1,0.1,lr1e-04_bs16_modL1_fusion64_fusionL1_drop0p1_trmiss80_trlocclin,38,0.3398172929883003,0.6829661925633749,0.6681034482758621,0.736663211677711,0.5333333333333333,0.0,0.0,0.0,0.0,2002,clin,0.8
3,3,lr1e-04_bs16_modL1_fusion64_fusionL1_drop0p1_trmiss80_trlocclin,16,0.0001,1,64,1,0.1,lr1e-04_bs16_modL1_fusion64_fusionL1_drop0p1_trmiss80_trlocclin,39,0.33980534722407657,0.6910149057706197,0.6573275862068965,0.7310315614200162,0.5333333333333333,0.0,0.0,0.0,0.0,2002,clin,0.8
3,3,lr1e-04_bs16_modL1_fusion64_fusionL1_drop0p1_trmiss80_trlocclin,16,0.0001,1,64,1,0.1,lr1e-04_bs16_modL1_fusion64_fusionL1_drop0p1_trmiss80_trlocclin,40,0.3226003584762414,0.6818287968635559,0.6551724137931034,0.731774078435178,0.5555555555555556,0.0,0.0,0.0,0.0,2002,clin,0.8
3,3,lr1e-04_bs16_modL1_fusion64_fusionL1_drop0p1_trmiss80_trlocclin,16,0.0001,1,64,1,0.1,lr1e-04_bs16_modL1_fusion64_fusionL1_drop0p1_trmiss80_trlocclin,41,0.337655005355676,0.6727890372276306,0.6422413793103448,0.7258557692624521,0.5777777777777777,0.0,0.0,0.0,0.0,2002,clin,0.8
3,3,lr1e-04_bs16_modL1_fusion64_fusionL1_drop0p1_trmiss80_trlocclin,16,0.0001,1,64,1,0.1,lr1e-04_bs16_modL1_fusion64_fusionL1_drop0p1_trmiss80_trlocclin,42,0.3241855775316556,0.6618594924608866,0.6637931034482759,0.7384890862329732,0.6,0.0,0.0,0.0,0.0,2002,clin,0.8
3,3,lr1e-04_bs16_modL1_fusion64_fusionL1_drop0p1_trmiss80_trlocclin,16,0.0001,1,64,1,0.1,lr1e-04_bs16_modL1_fusion64_fusionL1_drop0p1_trmiss80_trlocclin,43,0.3366804892818133,0.6746260523796082,0.646551724137931,0.7247515730887664,0.5777777777777777,0.0,0.0,0.0,0.0,2002,clin,0.8
3,3,lr1e-04_bs16_modL1_fusion64_fusionL1_drop0p1_trmiss80_trlocclin,16,0.0001,1,64,1,0.1,lr1e-04_bs16_modL1_fusion64_fusionL1_drop0p1_trmiss80_trlocclin,44,0.2968342825770378,0.6698638598124186,0.6508620689655172,0.7320664156723715,0.5777777777777777,0.0,0.0,0.0,0.0,2002,clin,0.8
3,3,lr1e-04_bs16_modL1_fusion64_fusionL1_drop0p1_trmiss80_trlocclin,16,0.0001,1,64,1,0.1,lr1e-04_bs16_modL1_fusion64_fusionL1_drop0p1_trmiss80_trlocclin,45,0.3149714395403862,0.6694600184758505,0.6573275862068966,0.734263014916229,0.5777777777777777,0.0,0.0,0.0,0.0,2002,clin,0.8
3,3,lr1e-04_bs16_modL1_fusion64_fusionL1_drop0p1_trmiss80_trlocclin,16,0.0001,1,64,1,0.1,lr1e-04_bs16_modL1_fusion64_fusionL1_drop0p1_trmiss80_trlocclin,46,0.292986864844958,0.6671898365020752,0.6530172413793103,0.7265875703005416,0.6,0.0,0.0,0.0,0.0,2002,clin,0.8
3,3,lr1e-04_bs16_modL1_fusion64_fusionL1_drop0p1_trmiss80_trlocclin,16,0.0001,1,64,1,0.1,lr1e-04_bs16_modL1_fusion64_fusionL1_drop0p1_trmiss80_trlocclin,47,0.32229213664929074,0.6703596115112305,0.6422413793103449,0.72403646651961,0.5777777777777777,0.0,0.0,0.0,0.0,2002,clin,0.8
3,3,lr1e-04_bs16_modL1_fusion64_fusionL1_drop0p1_trmiss80_trlocclin,16,0.0001,1,64,1,0.1,lr1e-04_bs16_modL1_fusion64_fusionL1_drop0p1_trmiss80_trlocclin,48,0.30655549342433613,0.6746764381726583,0.6530172413793103,0.7233231876243942,0.5555555555555556,0.0,0.0,0.0,0.0,2002,clin,0.8
3,3,lr1e-04_bs16_modL1_fusion64_fusionL1_drop0p1_trmiss80_trlocclin,16,0.0001,1,64,1,0.1,lr1e-04_bs16_modL1_fusion64_fusionL1_drop0p1_trmiss80_trlocclin,49,0.2969866332908471,0.6742389996846517,0.6443965517241379,0.7205608774199206,0.5777777777777777,0.0,0.0,0.0,0.0,2002,clin,0.8
3,3,lr1e-04_bs16_modL1_fusion64_fusionL1_drop0p1_trmiss80_trlocclin,16,0.0001,1,64,1,0.1,lr1e-04_bs16_modL1_fusion64_fusionL1_drop0p1_trmiss80_trlocclin,50,0.30977384249369305,0.6841731866200765,0.6400862068965517,0.7190068239054264,0.5333333333333333,0.0,0.0,0.0,0.0,2002,clin,0.8
3,3,lr1e-04_bs16_modL1_fusion64_fusionL1_drop0p1_trmiss80_trlocclin,16,0.0001,1,64,1,0.1,lr1e-04_bs16_modL1_fusion64_fusionL1_drop0p1_trmiss80_trlocclin,51,0.31371066719293594,0.6884615619977316,0.6422413793103448,0.7205608233887946,0.5333333333333333,0.0,0.0,0.0,0.0,2002,clin,0.8
3,3,lr1e-04_bs16_modL1_fusion64_fusionL1_drop0p1_trmiss80_trlocclin,16,0.0001,1,64,1,0.1,lr1e-04_bs16_modL1_fusion64_fusionL1_drop0p1_trmiss80_trlocclin,52,0.32593709354599315,0.696687916914622,0.6357758620689655,0.7147012785557132,0.5333333333333333,0.0,0.0,0.0,0.0,2002,clin,0.8
3,3,lr1e-04_bs16_modL1_fusion64_fusionL1_drop0p1_trmiss80_trlocclin,16,0.0001,1,64,1,0.1,lr1e-04_bs16_modL1_fusion64_fusionL1_drop0p1_trmiss80_trlocclin,53,0.3147406404217084,0.6682718396186829,0.6443965517241379,0.7254482593879195,0.6,0.0,0.0,0.0,0.0,2002,clin,0.8
3,3,lr1e-04_bs16_modL1_fusion64_fusionL1_drop0p1_trmiss80_trlocclin,16,0.0001,1,64,1,0.1,lr1e-04_bs16_modL1_fusion64_fusionL1_drop0p1_trmiss80_trlocclin,54,0.30191052208344143,0.6707330346107483,0.646551724137931,0.7231799081579806,0.5777777777777777,0.0,0.0,0.0,0.0,2002,clin,0.8
3,3,lr1e-04_bs16_modL1_fusion64_fusionL1_drop0p1_trmiss80_trlocclin,16,0.0001,1,64,1,0.1,lr1e-04_bs16_modL1_fusion64_fusionL1_drop0p1_trmiss80_trlocclin,55,0.3445395417511463,0.6908501386642456,0.646551724137931,0.7231799081579806,0.5333333333333333,0.0,0.0,0.0,0.0,2002,clin,0.8
3,3,lr1e-04_bs16_modL1_fusion64_fusionL1_drop0p1_trmiss80_trlocclin,16,0.0001,1,64,1,0.1,lr1e-04_bs16_modL1_fusion64_fusionL1_drop0p1_trmiss80_trlocclin,56,0.30527441079417866,0.6653913855552673,0.6508620689655172,0.7268743843804593,0.6,0.0,0.0,0.0,0.0,2002,clin,0.8
3,3,lr1e-04_bs16_modL1_fusion64_fusionL1_drop0p1_trmiss80_trlocclin,16,0.0001,1,64,1,0.1,lr1e-04_bs16_modL1_fusion64_fusionL1_drop0p1_trmiss80_trlocclin,57,0.3001635620991389,0.6766617894172668,0.6400862068965517,0.7232025335113619,0.5777777777777777,0.0,0.0,0.0,0.0,2002,clin,0.8
3,3,lr1e-04_bs16_modL1_fusion64_fusionL1_drop0p1_trmiss80_trlocclin,16,0.0001,1,64,1,0.1,lr1e-04_bs16_modL1_fusion64_fusionL1_drop0p1_trmiss80_trlocclin,58,0.2997322417795658,0.6898514231046041,0.6400862068965518,0.7174911704881501,0.5333333333333333,0.0,0.0,0.0,0.0,2002,clin,0.8
3,3,lr5e-05_bs32_modL1_fusion32_fusionL1_drop0p2_trmiss80_trlocclin,32,5e-05,1,32,1,0.2,lr5e-05_bs32_modL1_fusion32_fusionL1_drop0p2_trmiss80_trlocclin,1,0.7199194629987081,0.6928032040596008,0.502155172413793,0.6495433645076298,0.4444444444444444,0.0,0.0,0.0,0.0,2002,clin,0.8
3,3,lr5e-05_bs32_modL1_fusion32_fusionL1_drop0p2_trmiss80_trlocclin,32,5e-05,1,32,1,0.2,lr5e-05_bs32_modL1_fusion32_fusionL1_drop0p2_trmiss80_trlocclin,2,0.6865854362646738,0.6853379309177399,0.5818965517241379,0.7464817413410572,0.5777777777777777,0.0,0.0,0.0,0.0,2002,clin,0.8
3,3,lr5e-05_bs32_modL1_fusion32_fusionL1_drop0p2_trmiss80_trlocclin,32,5e-05,1,32,1,0.2,lr5e-05_bs32_modL1_fusion32_fusionL1_drop0p2_trmiss80_trlocclin,3,0.6622304022312164,0.6719461679458618,0.6594827586206896,0.7963366538209016,0.6,0.0,0.0,0.0,0.0,2002,clin,0.8
3,3,lr5e-05_bs32_modL1_fusion32_fusionL1_drop0p2_trmiss80_trlocclin,32,5e-05,1,32,1,0.2,lr5e-05_bs32_modL1_fusion32_fusionL1_drop0p2_trmiss80_trlocclin,4,0.656247635682424,0.6623144447803497,0.6681034482758621,0.7951897283172563,0.5777777777777777,0.0,0.0,0.0,0.0,2002,clin,0.8
3,3,lr5e-05_bs32_modL1_fusion32_fusionL1_drop0p2_trmiss80_trlocclin,32,5e-05,1,32,1,0.2,lr5e-05_bs32_modL1_fusion32_fusionL1_drop0p2_trmiss80_trlocclin,5,0.6266670425732931,0.6570056676864624,0.6573275862068966,0.7808554001293627,0.6222222222222222,0.0,0.0,0.0,0.0,2002,clin,0.8
3,3,lr5e-05_bs32_modL1_fusion32_fusionL1_drop0p2_trmiss80_trlocclin,32,5e-05,1,32,1,0.2,lr5e-05_bs32_modL1_fusion32_fusionL1_drop0p2_trmiss80_trlocclin,6,0.6352745294570923,0.6503888666629791,0.6745689655172414,0.7921576208893547,0.6222222222222222,0.0,0.0,0.0,0.0,2002,clin,0.8
3,3,lr5e-05_bs32_modL1_fusion32_fusionL1_drop0p2_trmiss80_trlocclin,32,5e-05,1,32,1,0.2,lr5e-05_bs32_modL1_fusion32_fusionL1_drop0p2_trmiss80_trlocclin,7,0.6072373886903127,0.6480751037597656,0.6810344827586208,0.7952401914166544,0.6444444444444445,0.0,0.0,0.0,0.0,2002,clin,0.8
3,3,lr5e-05_bs32_modL1_fusion32_fusionL1_drop0p2_trmiss80_trlocclin,32,5e-05,1,32,1,0.2,lr5e-05_bs32_modL1_fusion32_fusionL1_drop0p2_trmiss80_trlocclin,8,0.6137093802293142,0.6436185240745544,0.6724137931034482,0.7800831045076385,0.6444444444444445,0.0,0.0,0.0,0.0,2002,clin,0.8
3,3,lr5e-05_bs32_modL1_fusion32_fusionL1_drop0p2_trmiss80_trlocclin,32,5e-05,1,32,1,0.2,lr5e-05_bs32_modL1_fusion32_fusionL1_drop0p2_trmiss80_trlocclin,9,0.5829044878482819,0.6480853259563446,0.6594827586206897,0.7703331731113638,0.6444444444444445,0.0,0.0,0.0,0.0,2002,clin,0.8
3,3,lr5e-05_bs32_modL1_fusion32_fusionL1_drop0p2_trmiss80_trlocclin,32,5e-05,1,32,1,0.2,lr5e-05_bs32_modL1_fusion32_fusionL1_drop0p2_trmiss80_trlocclin,10,0.5837303698062897,0.647622138261795,0.6594827586206896,0.7713537610527909,0.6444444444444445,0.0,0.0,0.0,0.0,2002,clin,0.8
3,3,lr5e-05_bs32_modL1_fusion32_fusionL1_drop0p2_trmiss80_trlocclin,32,5e-05,1,32,1,0.2,lr5e-05_bs32_modL1_fusion32_fusionL1_drop0p2_trmiss80_trlocclin,11,0.5658181210358938,0.6474931538105011,0.665948275862069,0.7749091573192063,0.6444444444444445,0.0,0.0,0.0,0.0,2002,clin,0.8
3,3,lr5e-05_bs32_modL1_fusion32_fusionL1_drop0p2_trmiss80_trlocclin,32,5e-05,1,32,1,0.2,lr5e-05_bs32_modL1_fusion32_fusionL1_drop0p2_trmiss80_trlocclin,12,0.5555748244126638,0.643137663602829,0.6810344827586206,0.7843876727465554,0.6444444444444445,0.0,0.0,0.0,0.0,2002,clin,0.8
3,3,lr5e-05_bs32_modL1_fusion32_fusionL1_drop0p2_trmiss80_trlocclin,32,5e-05,1,32,1,0.2,lr5e-05_bs32_modL1_fusion32_fusionL1_drop0p2_trmiss80_trlocclin,13,0.5539039025704066,0.6331581771373749,0.685344827586207,0.7863572715653571,0.6222222222222222,0.0,0.0,0.0,0.0,2002,clin,0.8
3,3,lr5e-05_bs32_modL1_fusion32_fusionL1_drop0p2_trmiss80_trlocclin,32,5e-05,1,32,1,0.2,lr5e-05_bs32_modL1_fusion32_fusionL1_drop0p2_trmiss80_trlocclin,14,0.563718318939209,0.6373908817768097,0.6831896551724138,0.7842358178491187,0.6444444444444445,0.0,0.0,0.0,0.0,2002,clin,0.8
3,3,lr5e-05_bs32_modL1_fusion32_fusionL1_drop0p2_trmiss80_trlocclin,32,5e-05,1,32,1,0.2,lr5e-05_bs32_modL1_fusion32_fusionL1_drop0p2_trmiss80_trlocclin,15,0.5232263753811518,0.6433558762073517,0.6724137931034483,0.777925068888642,0.6444444444444445,0.0,0.0,0.0,0.0,2002,clin,0.8
3,3,lr5e-05_bs32_modL1_fusion32_fusionL1_drop0p2_trmiss80_trlocclin,32,5e-05,1,32,1,0.2,lr5e-05_bs32_modL1_fusion32_fusionL1_drop0p2_trmiss80_trlocclin,16,0.5364255756139755,0.6430602669715881,0.668103448275862,0.7745772575296607,0.6666666666666666,0.0,0.0,0.0,0.0,2002,clin,0.8
3,3,lr5e-05_bs32_modL1_fusion32_fusionL1_drop0p2_trmiss80_trlocclin,32,5e-05,1,32,1,0.2,lr5e-05_bs32_modL1_fusion32_fusionL1_drop0p2_trmiss80_trlocclin,17,0.5205153624216715,0.6392315328121185,0.6810344827586207,0.7823047047779813,0.6666666666666666,0.0,0.0,0.0,0.0,2002,clin,0.8
3,3,lr5e-05_bs32_modL1_fusion32_fusionL1_drop0p2_trmiss80_trlocclin,32,5e-05,1,32,1,0.2,lr5e-05_bs32_modL1_fusion32_fusionL1_drop0p2_trmiss80_trlocclin,18,0.5261776844660441,0.6393241584300995,0.6745689655172413,0.7649176651834173,0.6666666666666666,0.0,0.0,0.0,0.0,2002,clin,0.8
3,3,lr5e-05_bs32_modL1_fusion32_fusionL1_drop0p2_trmiss80_trlocclin,32,5e-05,1,32,1,0.2,lr5e-05_bs32_modL1_fusion32_fusionL1_drop0p2_trmiss80_trlocclin,19,0.5129812955856323,0.6354635655879974,0.6745689655172413,0.7650138769993964,0.6444444444444445,0.0,0.0,0.0,0.0,2002,clin,0.8
3,3,lr5e-05_bs32_modL1_fusion32_fusionL1_drop0p2_trmiss80_trlocclin,32,5e-05,1,32,1,0.2,lr5e-05_bs32_modL1_fusion32_fusionL1_drop0p2_trmiss80_trlocclin,20,0.520114411910375,0.6403677761554718,0.6530172413793104,0.7563393180086564,0.6444444444444445,0.0,0.0,0.0,0.0,2002,clin,0.8
3,3,lr5e-05_bs32_modL1_fusion32_fusionL1_drop0p2_trmiss80_trlocclin,32,5e-05,1,32,1,0.2,lr5e-05_bs32_modL1_fusion32_fusionL1_drop0p2_trmiss80_trlocclin,21,0.5004553695519766,0.6411841511726379,0.6573275862068966,0.7579452876674894,0.6444444444444445,0.0,0.0,0.0,0.0,2002,clin,0.8
3,3,lr5e-05_bs32_modL1_fusion32_fusionL1_drop0p2_trmiss80_trlocclin,32,5e-05,1,32,1,0.2,lr5e-05_bs32_modL1_fusion32_fusionL1_drop0p2_trmiss80_trlocclin,22,0.49558836221694946,0.6396149694919586,0.6443965517241379,0.7493949503118287,0.6444444444444445,0.0,0.0,0.0,0.0,2002,clin,0.8
3,3,lr5e-05_bs32_modL1_fusion32_fusionL1_drop0p2_trmiss80_trlocclin,32,5e-05,1,32,1,0.2,lr5e-05_bs32_modL1_fusion32_fusionL1_drop0p2_trmiss80_trlocclin,23,0.5003203352292379,0.642263263463974,0.6530172413793103,0.7517433100751345,0.6444444444444445,0.0,0.0,0.0,0.0,2002,clin,0.8
3,3,lr5e-05_bs32_modL1_fusion32_fusionL1_drop0p2_trmiss80_trlocclin,32,5e-05,1,32,1,0.2,lr5e-05_bs32_modL1_fusion32_fusionL1_drop0p2_trmiss80_trlocclin,24,0.4940221558014552,0.6439283490180969,0.6400862068965517,0.7460626971191886,0.6444444444444445,0.0,0.0,0.0,0.0,2002,clin,0.8
3,3,lr5e-05_bs32_modL1_fusion32_fusionL1_drop0p2_trmiss80_trlocclin,32,5e-05,1,32,1,0.2,lr5e-05_bs32_modL1_fusion32_fusionL1_drop0p2_trmiss80_trlocclin,25,0.4941992213328679,0.6425692439079285,0.6400862068965517,0.7451789088154537,0.6444444444444445,0.0,0.0,0.0,0.0,2002,clin,0.8
3,3,lr5e-05_bs32_modL1_fusion32_fusionL1_drop0p2_trmiss80_trlocclin,32,5e-05,1,32,1,0.2,lr5e-05_bs32_modL1_fusion32_fusionL1_drop0p2_trmiss80_trlocclin,26,0.5040966322024664,0.6429236531257629,0.6400862068965517,0.7471933401086666,0.6222222222222222,0.0,0.0,0.0,0.0,2002,clin,0.8
3,3,lr5e-05_bs32_modL1_fusion32_fusionL1_drop0p2_trmiss80_trlocclin,32,5e-05,1,32,1,0.2,lr5e-05_bs32_modL1_fusion32_fusionL1_drop0p2_trmiss80_trlocclin,27,0.48664144178231555,0.6403940618038177,0.6530172413793103,0.7536741736246304,0.6222222222222222,0.0,0.0,0.0,0.0,2002,clin,0.8
3,3,lr5e-05_bs32_modL1_fusion32_fusionL1_drop0p2_trmiss80_trlocclin,32,5e-05,1,32,1,0.2,lr5e-05_bs32_modL1_fusion32_fusionL1_drop0p2_trmiss80_trlocclin,28,0.5022172828515371,0.6392417550086975,0.6530172413793103,0.7542292176279504,0.6222222222222222,0.0,0.0,0.0,0.0,2002,clin,0.8
3,3,lr5e-05_bs32_modL1_fusion32_fusionL1_drop0p2_trmiss80_trlocclin,32,5e-05,1,32,1,0.2,lr5e-05_bs32_modL1_fusion32_fusionL1_drop0p2_trmiss80_trlocclin,29,0.48976058264573413,0.641820102930069,0.6422413793103448,0.7474369809966628,0.6,0.0,0.0,0.0,0.0,2002,clin,0.8
3,3,lr5e-05_bs32_modL1_fusion32_fusionL1_drop0p2_trmiss80_trlocclin,32,5e-05,1,32,1,0.2,lr5e-05_bs32_modL1_fusion32_fusionL1_drop0p2_trmiss80_trlocclin,30,0.47430893282095593,0.6408717334270477,0.6422413793103449,0.7488928753745172,0.6222222222222222,0.0,0.0,0.0,0.0,2002,clin,0.8
3,3,lr5e-05_bs32_modL1_fusion32_fusionL1_drop0p2_trmiss80_trlocclin,32,5e-05,1,32,1,0.2,lr5e-05_bs32_modL1_fusion32_fusionL1_drop0p2_trmiss80_trlocclin,31,0.502570629119873,0.6400701105594635,0.644396551724138,0.7504141735489593,0.6222222222222222,0.0,0.0,0.0,0.0,2002,clin,0.8
3,3,lr5e-05_bs32_modL1_fusion32_fusionL1_drop0p2_trmiss80_trlocclin,32,5e-05,1,32,1,0.2,lr5e-05_bs32_modL1_fusion32_fusionL1_drop0p2_trmiss80_trlocclin,32,0.4759025424718857,0.6399081349372864,0.646551724137931,0.7494969006918466,0.6,0.0,0.0,0.0,0.0,2002,clin,0.8
3,3,lr5e-05_bs32_modL1_fusion32_fusionL1_drop0p2_trmiss80_trlocclin,32,5e-05,1,32,1,0.2,lr5e-05_bs32_modL1_fusion32_fusionL1_drop0p2_trmiss80_trlocclin,33,0.49489713211854297,0.6374046206474304,0.6551724137931034,0.7554500897697128,0.6,0.0,0.0,0.0,0.0,2002,clin,0.8
3,3,lr5e-05_bs32_modL1_fusion32_fusionL1_drop0p1_trmiss80_trlocclin,32,5e-05,1,32,1,0.1,lr5e-05_bs32_modL1_fusion32_fusionL1_drop0p1_trmiss80_trlocclin,1,0.6715215444564819,0.6869768798351288,0.40086206896551724,0.610631173702776,0.5555555555555556,0.0,0.0,0.0,0.0,2002,clin,0.8
3,3,lr5e-05_bs32_modL1_fusion32_fusionL1_drop0p1_trmiss80_trlocclin,32,5e-05,1,32,1,0.1,lr5e-05_bs32_modL1_fusion32_fusionL1_drop0p1_trmiss80_trlocclin,2,0.6480697989463806,0.6767886281013489,0.49353448275862066,0.6805182280537941,0.6222222222222222,0.0,0.0,0.0,0.0,2002,clin,0.8
3,3,lr5e-05_bs32_modL1_fusion32_fusionL1_drop0p1_trmiss80_trlocclin,32,5e-05,1,32,1,0.1,lr5e-05_bs32_modL1_fusion32_fusionL1_drop0p1_trmiss80_trlocclin,3,0.602921336889267,0.6676310300827026,0.5280172413793103,0.7021236940580587,0.5555555555555556,0.0,0.0,0.0,0.0,2002,clin,0.8
3,3,lr5e-05_bs32_modL1_fusion32_fusionL1_drop0p1_trmiss80_trlocclin,32,5e-05,1,32,1,0.1,lr5e-05_bs32_modL1_fusion32_fusionL1_drop0p1_trmiss80_trlocclin,4,0.5977989037831625,0.6603039503097534,0.5581896551724137,0.7095927072061369,0.5777777777777777,0.0,0.0,0.0,0.0,2002,clin,0.8
3,3,lr5e-05_bs32_modL1_fusion32_fusionL1_drop0p1_trmiss80_trlocclin,32,5e-05,1,32,1,0.1,lr5e-05_bs32_modL1_fusion32_fusionL1_drop0p1_trmiss80_trlocclin,5,0.5657213826974233,0.6552378833293915,0.5775862068965517,0.7175026740815189,0.5777777777777777,0.0,0.0,0.0,0.0,2002,clin,0.8
3,3,lr5e-05_bs32_modL1_fusion32_fusionL1_drop0p1_trmiss80_trlocclin,32,5e-05,1,32,1,0.1,lr5e-05_bs32_modL1_fusion32_fusionL1_drop0p1_trmiss80_trlocclin,6,0.5557990570863088,0.6475817561149597,0.5969827586206896,0.7244912918879243,0.5777777777777777,0.0,0.0,0.0,0.0,2002,clin,0.8
3,3,lr5e-05_bs32_modL1_fusion32_fusionL1_drop0p1_trmiss80_trlocclin,32,5e-05,1,32,1,0.1,lr5e-05_bs32_modL1_fusion32_fusionL1_drop0p1_trmiss80_trlocclin,7,0.5401235322157542,0.6439799666404724,0.5969827586206896,0.7257946948086931,0.5777777777777777,0.0,0.0,0.0,0.0,2002,clin,0.8
3,3,lr5e-05_bs32_modL1_fusion32_fusionL1_drop0p1_trmiss80_trlocclin,32,5e-05,1,32,1,0.1,lr5e-05_bs32_modL1_fusion32_fusionL1_drop0p1_trmiss80_trlocclin,8,0.5228602339824041,0.6425829827785492,0.5991379310344827,0.7095826405793975,0.6,0.0,0.0,0.0,0.0,2002,clin,0.8
3,3,lr5e-05_bs32_modL1_fusion32_fusionL1_drop0p1_trmiss80_trlocclin,32,5e-05,1,32,1,0.1,lr5e-05_bs32_modL1_fusion32_fusionL1_drop0p1_trmiss80_trlocclin,9,0.5058710475762686,0.6386186182498932,0.5969827586206897,0.7078489174157179,0.5777777777777777,0.0,0.0,0.0,0.0,2002,clin,0.8
3,3,lr5e-05_bs32_modL1_fusion32_fusionL1_drop0p1_trmiss80_trlocclin,32,5e-05,1,32,1,0.1,lr5e-05_bs32_modL1_fusion32_fusionL1_drop0p1_trmiss80_trlocclin,10,0.5168728033701578,0.6361755430698395,0.6206896551724138,0.7227988718547611,0.6222222222222222,0.0,0.0,0.0,0.0,2002,clin,0.8
3,3,lr5e-05_bs32_modL1_fusion32_fusionL1_drop0p1_trmiss80_trlocclin,32,5e-05,1,32,1,0.1,lr5e-05_bs32_modL1_fusion32_fusionL1_drop0p1_trmiss80_trlocclin,11,0.4926900813976924,0.6365617513656616,0.6314655172413793,0.7331240119719904,0.6222222222222222,0.0,0.0,0.0,0.0,2002,clin,0.8
3,3,lr5e-05_bs32_modL1_fusion32_fusionL1_drop0p1_trmiss80_trlocclin,32,5e-05,1,32,1,0.1,lr5e-05_bs32_modL1_fusion32_fusionL1_drop0p1_trmiss80_trlocclin,12,0.486586590607961,0.6360188722610474,0.6206896551724138,0.7264560021318585,0.6222222222222222,0.0,0.0,0.0,0.0,2002,clin,0.8
3,3,lr5e-05_bs32_modL1_fusion32_fusionL1_drop0p1_trmiss80_trlocclin,32,5e-05,1,32,1,0.1,lr5e-05_bs32_modL1_fusion32_fusionL1_drop0p1_trmiss80_trlocclin,13,0.47658861180146533,0.6305330991744995,0.6314655172413793,0.7331316706530058,0.6,0.0,0.0,0.0,0.0,2002,clin,0.8
3,3,lr5e-05_bs32_modL1_fusion32_fusionL1_drop0p1_trmiss80_trlocclin,32,5e-05,1,32,1,0.1,lr5e-05_bs32_modL1_fusion32_fusionL1_drop0p1_trmiss80_trlocclin,14,0.477591668566068,0.623739093542099,0.6422413793103449,0.7388585557313281,0.6222222222222222,0.0,0.0,0.0,0.0,2002,clin,0.8
3,3,lr5e-05_bs32_modL1_fusion32_fusionL1_drop0p1_trmiss80_trlocclin,32,5e-05,1,32,1,0.1,lr5e-05_bs32_modL1_fusion32_fusionL1_drop0p1_trmiss80_trlocclin,15,0.45557626088460285,0.6257348358631134,0.6422413793103449,0.7498963145348341,0.6222222222222222,0.0,0.0,0.0,0.0,2002,clin,0.8
3,3,lr5e-05_bs32_modL1_fusion32_fusionL1_drop0p1_trmiss80_trlocclin,32,5e-05,1,32,1,0.1,lr5e-05_bs32_modL1_fusion32_fusionL1_drop0p1_trmiss80_trlocclin,16,0.4614006330569585,0.6240868866443634,0.6487068965517241,0.7512383313940925,0.6222222222222222,0.0,0.0,0.0,0.0,2002,clin,0.8
3,3,lr5e-05_bs32_modL1_fusion32_fusionL1_drop0p1_trmiss80_trlocclin,32,5e-05,1,32,1,0.1,lr5e-05_bs32_modL1_fusion32_fusionL1_drop0p1_trmiss80_trlocclin,17,0.4392984062433243,0.6232903003692627,0.6508620689655172,0.7544816973298827,0.6222222222222222,0.0,0.0,0.0,0.0,2002,clin,0.8
3,3,lr5e-05_bs32_modL1_fusion32_fusionL1_drop0p1_trmiss80_trlocclin,32,5e-05,1,32,1,0.1,lr5e-05_bs32_modL1_fusion32_fusionL1_drop0p1_trmiss80_trlocclin,18,0.4243105848630269,0.6203107237815857,0.6594827586206896,0.7581978409251107,0.6222222222222222,0.0,0.0,0.0,0.0,2002,clin,0.8
3,3,lr5e-05_bs32_modL1_fusion32_fusionL1_drop0p1_trmiss80_trlocclin,32,5e-05,1,32,1,0.1,lr5e-05_bs32_modL1_fusion32_fusionL1_drop0p1_trmiss80_trlocclin,19,0.4308575640122096,0.6167542338371277,0.6724137931034483,0.7627642901376579,0.6222222222222222,0.0,0.0,0.0,0.0,2002,clin,0.8
3,3,lr5e-05_bs32_modL1_fusion32_fusionL1_drop0p1_trmiss80_trlocclin,32,5e-05,1,32,1,0.1,lr5e-05_bs32_modL1_fusion32_fusionL1_drop0p1_trmiss80_trlocclin,20,0.40877392888069153,0.6157535314559937,0.6767241379310345,0.7646828797150498,0.6666666666666666,0.0,0.0,0.0,0.0,2002,clin,0.8
3,3,lr5e-05_bs32_modL1_fusion32_fusionL1_drop0p1_trmiss80_trlocclin,32,5e-05,1,32,1,0.1,lr5e-05_bs32_modL1_fusion32_fusionL1_drop0p1_trmiss80_trlocclin,21,0.3974786152442296,0.6183241903781891,0.6767241379310345,0.7615392079103762,0.6444444444444445,0.0,0.0,0.0,0.0,2002,clin,0.8
3,3,lr5e-05_bs32_modL1_fusion32_fusionL1_drop0p1_trmiss80_trlocclin,32,5e-05,1,32,1,0.1,lr5e-05_bs32_modL1_fusion32_fusionL1_drop0p1_trmiss80_trlocclin,22,0.39376674095789593,0.6192309260368347,0.665948275862069,0.7565640548510129,0.6444444444444445,0.0,0.0,0.0,0.0,2002,clin,0.8
3,3,lr5e-05_bs32_modL1_fusion32_fusionL1_drop0p1_trmiss80_trlocclin,32,5e-05,1,32,1,0.1,lr5e-05_bs32_modL1_fusion32_fusionL1_drop0p1_trmiss80_trlocclin,23,0.3926541358232498,0.6195895373821259,0.665948275862069,0.7604681757927261,0.6444444444444445,0.0,0.0,0.0,0.0,2002,clin,0.8
3,3,lr5e-05_bs32_modL1_fusion32_fusionL1_drop0p1_trmiss80_trlocclin,32,5e-05,1,32,1,0.1,lr5e-05_bs32_modL1_fusion32_fusionL1_drop0p1_trmiss80_trlocclin,24,0.3846779714028041,0.6151388585567474,0.6875,0.7756196737084402,0.6444444444444445,0.0,0.0,0.0,0.0,2002,clin,0.8
3,3,lr5e-05_bs32_modL1_fusion32_fusionL1_drop0p1_trmiss80_trlocclin,32,5e-05,1,32,1,0.1,lr5e-05_bs32_modL1_fusion32_fusionL1_drop0p1_trmiss80_trlocclin,25,0.383010466893514,0.6116325259208679,0.6853448275862069,0.775433249874024,0.6444444444444445,0.0,0.0,0.0,0.0,2002,clin,0.8
3,3,lr5e-05_bs32_modL1_fusion32_fusionL1_drop0p1_trmiss80_trlocclin,32,5e-05,1,32,1,0.1,lr5e-05_bs32_modL1_fusion32_fusionL1_drop0p1_trmiss80_trlocclin,26,0.38295990228652954,0.613820493221283,0.6810344827586207,0.7668957645197518,0.6222222222222222,0.0,0.0,0.0,0.0,2002,clin,0.8
3,3,lr5e-05_bs32_modL1_fusion32_fusionL1_drop0p1_trmiss80_trlocclin,32,5e-05,1,32,1,0.1,lr5e-05_bs32_modL1_fusion32_fusionL1_drop0p1_trmiss80_trlocclin,27,0.3770894706249237,0.617567390203476,0.6767241379310345,0.7654716925223175,0.6444444444444445,0.0,0.0,0.0,0.0,2002,clin,0.8
3,3,lr5e-05_bs32_modL1_fusion32_fusionL1_drop0p1_trmiss80_trlocclin,32,5e-05,1,32,1,0.1,lr5e-05_bs32_modL1_fusion32_fusionL1_drop0p1_trmiss80_trlocclin,28,0.3738069385290146,0.6207854747772217,0.6594827586206897,0.7450460709192359,0.6666666666666666,0.0,0.0,0.0,0.0,2002,clin,0.8
3,3,lr5e-05_bs32_modL1_fusion32_fusionL1_drop0p1_trmiss80_trlocclin,32,5e-05,1,32,1,0.1,lr5e-05_bs32_modL1_fusion32_fusionL1_drop0p1_trmiss80_trlocclin,29,0.35281016925970715,0.6163970232009888,0.6681034482758621,0.7518816138602555,0.6444444444444445,0.0,0.0,0.0,0.0,2002,clin,0.8
3,3,lr5e-05_bs32_modL1_fusion32_fusionL1_drop0p1_trmiss80_trlocclin,32,5e-05,1,32,1,0.1,lr5e-05_bs32_modL1_fusion32_fusionL1_drop0p1_trmiss80_trlocclin,30,0.3574594457944234,0.614106148481369,0.6724137931034483,0.7628185919781074,0.6666666666666666,0.0,0.0,0.0,0.0,2002,clin,0.8
3,3,lr5e-05_bs32_modL1_fusion32_fusionL1_drop0p1_trmiss80_trlocclin,32,5e-05,1,32,1,0.1,lr5e-05_bs32_modL1_fusion32_fusionL1_drop0p1_trmiss80_trlocclin,31,0.36054334541161853,0.6172215342521667,0.6745689655172413,0.7576395865910164,0.6666666666666666,0.0,0.0,0.0,0.0,2002,clin,0.8
3,3,lr5e-05_bs32_modL1_fusion32_fusionL1_drop0p1_trmiss80_trlocclin,32,5e-05,1,32,1,0.1,lr5e-05_bs32_modL1_fusion32_fusionL1_drop0p1_trmiss80_trlocclin,32,0.3594912836949031,0.6166470050811768,0.6767241379310345,0.7598339439577875,0.6666666666666666,0.0,0.0,0.0,0.0,2002,clin,0.8
3,3,lr5e-05_bs32_modL1_fusion32_fusionL1_drop0p1_trmiss80_trlocclin,32,5e-05,1,32,1,0.1,lr5e-05_bs32_modL1_fusion32_fusionL1_drop0p1_trmiss80_trlocclin,33,0.3359006444613139,0.6191930174827576,0.6724137931034483,0.7552729279598855,0.6888888888888889,0.0,0.0,0.0,0.0,2002,clin,0.8
3,3,lr5e-05_bs32_modL1_fusion32_fusionL1_drop0p1_trmiss80_trlocclin,32,5e-05,1,32,1,0.1,lr5e-05_bs32_modL1_fusion32_fusionL1_drop0p1_trmiss80_trlocclin,34,0.3325527012348175,0.6196538209915161,0.6616379310344827,0.7460595654828646,0.6888888888888889,0.0,0.0,0.0,0.0,2002,clin,0.8
3,3,lr5e-05_bs32_modL1_fusion32_fusionL1_drop0p1_trmiss80_trlocclin,32,5e-05,1,32,1,0.1,lr5e-05_bs32_modL1_fusion32_fusionL1_drop0p1_trmiss80_trlocclin,35,0.3511934032042821,0.619999349117279,0.665948275862069,0.7552536506404386,0.6888888888888889,0.0,0.0,0.0,0.0,2002,clin,0.8
3,3,lr5e-05_bs32_modL1_fusion32_fusionL1_drop0p1_trmiss80_trlocclin,32,5e-05,1,32,1,0.1,lr5e-05_bs32_modL1_fusion32_fusionL1_drop0p1_trmiss80_trlocclin,36,0.3375754455725352,0.620906800031662,0.6530172413793103,0.7475220868043908,0.6888888888888889,0.0,0.0,0.0,0.0,2002,clin,0.8
3,3,lr5e-05_bs32_modL1_fusion32_fusionL1_drop0p1_trmiss80_trlocclin,32,5e-05,1,32,1,0.1,lr5e-05_bs32_modL1_fusion32_fusionL1_drop0p1_trmiss80_trlocclin,37,0.3462733179330826,0.6224353611469269,0.6551724137931034,0.7487184983644046,0.6888888888888889,0.0,0.0,0.0,0.0,2002,clin,0.8
3,3,lr5e-05_bs32_modL1_fusion32_fusionL1_drop0p1_trmiss80_trlocclin,32,5e-05,1,32,1,0.1,lr5e-05_bs32_modL1_fusion32_fusionL1_drop0p1_trmiss80_trlocclin,38,0.3436305820941925,0.6227486431598663,0.6573275862068966,0.750294823243189,0.6888888888888889,0.0,0.0,0.0,0.0,2002,clin,0.8
3,3,lr5e-05_bs32_modL1_fusion32_fusionL1_drop0p1_trmiss80_trlocclin,32,5e-05,1,32,1,0.1,lr5e-05_bs32_modL1_fusion32_fusionL1_drop0p1_trmiss80_trlocclin,39,0.3300493856271108,0.6217635273933411,0.6551724137931034,0.7494228454389875,0.6888888888888889,0.0,0.0,0.0,0.0,2002,clin,0.8
3,3,lr5e-05_bs32_modL1_fusion32_fusionL1_drop0p1_trmiss80_trlocclin,32,5e-05,1,32,1,0.1,lr5e-05_bs32_modL1_fusion32_fusionL1_drop0p1_trmiss80_trlocclin,40,0.3367024709781011,0.6217588186264038,0.6573275862068966,0.748794599329172,0.6888888888888889,0.0,0.0,0.0,0.0,2002,clin,0.8
3,3,lr5e-05_bs32_modL1_fusion32_fusionL1_drop0p1_trmiss80_trlocclin,32,5e-05,1,32,1,0.1,lr5e-05_bs32_modL1_fusion32_fusionL1_drop0p1_trmiss80_trlocclin,41,0.32874100903669995,0.6217459440231323,0.6616379310344828,0.7487570547421278,0.6888888888888889,0.0,0.0,0.0,0.0,2002,clin,0.8
3,3,lr5e-05_bs32_modL1_fusion32_fusionL1_drop0p1_trmiss80_trlocclin,32,5e-05,1,32,1,0.1,lr5e-05_bs32_modL1_fusion32_fusionL1_drop0p1_trmiss80_trlocclin,42,0.3297671526670456,0.6183319389820099,0.665948275862069,0.7539204674560758,0.6888888888888889,0.0,0.0,0.0,0.0,2002,clin,0.8
3,3,lr5e-05_bs32_modL1_fusion32_fusionL1_drop0p1_trmiss80_trlocclin,32,5e-05,1,32,1,0.1,lr5e-05_bs32_modL1_fusion32_fusionL1_drop0p1_trmiss80_trlocclin,43,0.3304808090130488,0.6185028553009033,0.6616379310344828,0.7487570547421278,0.6888888888888889,0.0,0.0,0.0,0.0,2002,clin,0.8
3,3,lr5e-05_bs32_modL1_fusion32_fusionL1_drop0p1_trmiss80_trlocclin,32,5e-05,1,32,1,0.1,lr5e-05_bs32_modL1_fusion32_fusionL1_drop0p1_trmiss80_trlocclin,44,0.3155110428730647,0.6192688047885895,0.6616379310344828,0.7487570547421278,0.6888888888888889,0.0,0.0,0.0,0.0,2002,clin,0.8
3,3,lr5e-05_bs32_modL1_fusion64_fusionL1_drop0p2_trmiss80_trlocclin,32,5e-05,1,64,1,0.2,lr5e-05_bs32_modL1_fusion64_fusionL1_drop0p2_trmiss80_trlocclin,1,0.6986574530601501,0.6701655387878418,0.5668103448275862,0.7080644524023477,0.6666666666666666,0.0,0.0,0.0,0.0,2002,clin,0.8
3,3,lr5e-05_bs32_modL1_fusion64_fusionL1_drop0p2_trmiss80_trlocclin,32,5e-05,1,64,1,0.2,lr5e-05_bs32_modL1_fusion64_fusionL1_drop0p2_trmiss80_trlocclin,2,0.6699894269307455,0.6658415794372559,0.627155172413793,0.7397642464183111,0.6888888888888889,0.0,0.0,0.0,0.0,2002,clin,0.8
3,3,lr5e-05_bs32_modL1_fusion64_fusionL1_drop0p2_trmiss80_trlocclin,32,5e-05,1,64,1,0.2,lr5e-05_bs32_modL1_fusion64_fusionL1_drop0p2_trmiss80_trlocclin,3,0.6334848403930664,0.6615133285522461,0.625,0.7341059533128508,0.7555555555555555,0.0,0.0,0.0,0.0,2002,clin,0.8
3,3,lr5e-05_bs32_modL1_fusion64_fusionL1_drop0p2_trmiss80_trlocclin,32,5e-05,1,64,1,0.2,lr5e-05_bs32_modL1_fusion64_fusionL1_drop0p2_trmiss80_trlocclin,4,0.6124129494031271,0.6568635404109955,0.625,0.7391182539640967,0.7333333333333333,0.0,0.0,0.0,0.0,2002,clin,0.8
3,3,lr5e-05_bs32_modL1_fusion64_fusionL1_drop0p2_trmiss80_trlocclin,32,5e-05,1,64,1,0.2,lr5e-05_bs32_modL1_fusion64_fusionL1_drop0p2_trmiss80_trlocclin,5,0.6130701800187429,0.6537637710571289,0.625,0.7482626375672182,0.7111111111111111,0.0,0.0,0.0,0.0,2002,clin,0.8
3,3,lr5e-05_bs32_modL1_fusion64_fusionL1_drop0p2_trmiss80_trlocclin,32,5e-05,1,64,1,0.2,lr5e-05_bs32_modL1_fusion64_fusionL1_drop0p2_trmiss80_trlocclin,6,0.5811370511849722,0.6494852304458618,0.6443965517241379,0.7617325214451837,0.7111111111111111,0.0,0.0,0.0,0.0,2002,clin,0.8
3,3,lr5e-05_bs32_modL1_fusion64_fusionL1_drop0p2_trmiss80_trlocclin,32,5e-05,1,64,1,0.2,lr5e-05_bs32_modL1_fusion64_fusionL1_drop0p2_trmiss80_trlocclin,7,0.5573034683863322,0.6426585912704468,0.6573275862068966,0.7645525734627695,0.7333333333333333,0.0,0.0,0.0,0.0,2002,clin,0.8
3,3,lr5e-05_bs32_modL1_fusion64_fusionL1_drop0p2_trmiss80_trlocclin,32,5e-05,1,64,1,0.2,lr5e-05_bs32_modL1_fusion64_fusionL1_drop0p2_trmiss80_trlocclin,8,0.5728314518928528,0.6398776173591614,0.6637931034482759,0.7629717330913611,0.7333333333333333,0.0,0.0,0.0,0.0,2002,clin,0.8
3,3,lr5e-05_bs32_modL1_fusion64_fusionL1_drop0p2_trmiss80_trlocclin,32,5e-05,1,64,1,0.2,lr5e-05_bs32_modL1_fusion64_fusionL1_drop0p2_trmiss80_trlocclin,9,0.5475336611270905,0.6386546790599823,0.6681034482758621,0.7659958591832637,0.7333333333333333,0.0,0.0,0.0,0.0,2002,clin,0.8
3,3,lr5e-05_bs32_modL1_fusion64_fusionL1_drop0p2_trmiss80_trlocclin,32,5e-05,1,64,1,0.2,lr5e-05_bs32_modL1_fusion64_fusionL1_drop0p2_trmiss80_trlocclin,10,0.5394722918669382,0.634549468755722,0.6616379310344828,0.7497104494529877,0.7111111111111111,0.0,0.0,0.0,0.0,2002,clin,0.8
3,3,lr5e-05_bs32_modL1_fusion64_fusionL1_drop0p2_trmiss80_trlocclin,32,5e-05,1,64,1,0.2,lr5e-05_bs32_modL1_fusion64_fusionL1_drop0p2_trmiss80_trlocclin,11,0.5395316878954569,0.6345696449279785,0.6637931034482759,0.7598498836063999,0.7333333333333333,0.0,0.0,0.0,0.0,2002,clin,0.8
3,3,lr5e-05_bs32_modL1_fusion64_fusionL1_drop0p2_trmiss80_trlocclin,32,5e-05,1,64,1,0.2,lr5e-05_bs32_modL1_fusion64_fusionL1_drop0p2_trmiss80_trlocclin,12,0.5160295367240906,0.6364508867263794,0.6573275862068966,0.7515708602909167,0.7111111111111111,0.0,0.0,0.0,0.0,2002,clin,0.8
3,3,lr5e-05_bs32_modL1_fusion64_fusionL1_drop0p2_trmiss80_trlocclin,32,5e-05,1,64,1,0.2,lr5e-05_bs32_modL1_fusion64_fusionL1_drop0p2_trmiss80_trlocclin,13,0.5203171521425247,0.6376232802867889,0.6616379310344828,0.7607924950712351,0.6888888888888889,0.0,0.0,0.0,0.0,2002,clin,0.8
3,3,lr5e-05_bs32_modL1_fusion64_fusionL1_drop0p2_trmiss80_trlocclin,32,5e-05,1,64,1,0.2,lr5e-05_bs32_modL1_fusion64_fusionL1_drop0p2_trmiss80_trlocclin,14,0.49237795174121857,0.6354990899562836,0.6637931034482758,0.7700185015001879,0.7111111111111111,0.0,0.0,0.0,0.0,2002,clin,0.8
3,3,lr5e-05_bs32_modL1_fusion64_fusionL1_drop0p2_trmiss80_trlocclin,32,5e-05,1,64,1,0.2,lr5e-05_bs32_modL1_fusion64_fusionL1_drop0p2_trmiss80_trlocclin,15,0.49617907404899597,0.6309463679790497,0.6702586206896551,0.7753819120360121,0.7333333333333333,0.0,0.0,0.0,0.0,2002,clin,0.8
3,3,lr5e-05_bs32_modL1_fusion64_fusionL1_drop0p2_trmiss80_trlocclin,32,5e-05,1,64,1,0.2,lr5e-05_bs32_modL1_fusion64_fusionL1_drop0p2_trmiss80_trlocclin,16,0.4769837309916814,0.6267733573913574,0.6788793103448276,0.7774185566956953,0.7333333333333333,0.0,0.0,0.0,0.0,2002,clin,0.8
3,3,lr5e-05_bs32_modL1_fusion64_fusionL1_drop0p2_trmiss80_trlocclin,32,5e-05,1,64,1,0.2,lr5e-05_bs32_modL1_fusion64_fusionL1_drop0p2_trmiss80_trlocclin,17,0.4826729695002238,0.6242433786392212,0.6767241379310345,0.7714507977404216,0.7111111111111111,0.0,0.0,0.0,0.0,2002,clin,0.8
3,3,lr5e-05_bs32_modL1_fusion64_fusionL1_drop0p2_trmiss80_trlocclin,32,5e-05,1,64,1,0.2,lr5e-05_bs32_modL1_fusion64_fusionL1_drop0p2_trmiss80_trlocclin,18,0.48879074056943256,0.6229741871356964,0.6745689655172413,0.7667703555048414,0.6666666666666666,0.0,0.0,0.0,0.0,2002,clin,0.8
3,3,lr5e-05_bs32_modL1_fusion64_fusionL1_drop0p2_trmiss80_trlocclin,32,5e-05,1,64,1,0.2,lr5e-05_bs32_modL1_fusion64_fusionL1_drop0p2_trmiss80_trlocclin,19,0.4778738071521123,0.61978879570961,0.6745689655172413,0.7597923412543789,0.6888888888888889,0.0,0.0,0.0,0.0,2002,clin,0.8
3,3,lr5e-05_bs32_modL1_fusion64_fusionL1_drop0p2_trmiss80_trlocclin,32,5e-05,1,64,1,0.2,lr5e-05_bs32_modL1_fusion64_fusionL1_drop0p2_trmiss80_trlocclin,20,0.4572866012652715,0.6204108893871307,0.6745689655172414,0.750989336413143,0.6888888888888889,0.0,0.0,0.0,0.0,2002,clin,0.8
3,3,lr5e-05_bs32_modL1_fusion64_fusionL1_drop0p2_trmiss80_trlocclin,32,5e-05,1,64,1,0.2,lr5e-05_bs32_modL1_fusion64_fusionL1_drop0p2_trmiss80_trlocclin,21,0.4579342653354009,0.6240604817867279,0.6745689655172414,0.7515362208342669,0.7111111111111111,0.0,0.0,0.0,0.0,2002,clin,0.8
3,3,lr5e-05_bs32_modL1_fusion64_fusionL1_drop0p2_trmiss80_trlocclin,32,5e-05,1,64,1,0.2,lr5e-05_bs32_modL1_fusion64_fusionL1_drop0p2_trmiss80_trlocclin,22,0.4471197227636973,0.6195929646492004,0.6831896551724138,0.7559171713053061,0.6888888888888889,0.0,0.0,0.0,0.0,2002,clin,0.8
3,3,lr5e-05_bs32_modL1_fusion64_fusionL1_drop0p2_trmiss80_trlocclin,32,5e-05,1,64,1,0.2,lr5e-05_bs32_modL1_fusion64_fusionL1_drop0p2_trmiss80_trlocclin,23,0.4440929591655731,0.6190175116062164,0.6939655172413793,0.7631408011761698,0.7111111111111111,0.0,0.0,0.0,0.0,2002,clin,0.8
3,3,lr5e-05_bs32_modL1_fusion64_fusionL1_drop0p2_trmiss80_trlocclin,32,5e-05,1,64,1,0.2,lr5e-05_bs32_modL1_fusion64_fusionL1_drop0p2_trmiss80_trlocclin,24,0.43902280926704407,0.6198207437992096,0.6939655172413793,0.7652764983651941,0.7333333333333333,0.0,0.0,0.0,0.0,2002,clin,0.8
3,3,lr5e-05_bs32_modL1_fusion64_fusionL1_drop0p2_trmiss80_trlocclin,32,5e-05,1,64,1,0.2,lr5e-05_bs32_modL1_fusion64_fusionL1_drop0p2_trmiss80_trlocclin,25,0.42223380506038666,0.615568995475769,0.6896551724137931,0.7650251978056937,0.6666666666666666,0.0,0.0,0.0,0.0,2002,clin,0.8
3,3,lr5e-05_bs32_modL1_fusion64_fusionL1_drop0p2_trmiss80_trlocclin,32,5e-05,1,64,1,0.2,lr5e-05_bs32_modL1_fusion64_fusionL1_drop0p2_trmiss80_trlocclin,26,0.4280344247817993,0.6133599281311035,0.6939655172413793,0.7716621160718057,0.6666666666666666,0.0,0.0,0.0,0.0,2002,clin,0.8
3,3,lr5e-05_bs32_modL1_fusion64_fusionL1_drop0p2_trmiss80_trlocclin,32,5e-05,1,64,1,0.2,lr5e-05_bs32_modL1_fusion64_fusionL1_drop0p2_trmiss80_trlocclin,27,0.4151829928159714,0.6210725903511047,0.6831896551724138,0.7651841853734852,0.6666666666666666,0.0,0.0,0.0,0.0,2002,clin,0.8
3,3,lr5e-05_bs32_modL1_fusion64_fusionL1_drop0p2_trmiss80_trlocclin,32,5e-05,1,64,1,0.2,lr5e-05_bs32_modL1_fusion64_fusionL1_drop0p2_trmiss80_trlocclin,28,0.4203816105922063,0.6242644786834717,0.6767241379310345,0.7520393190236689,0.6888888888888889,0.0,0.0,0.0,0.0,2002,clin,0.8
3,3,lr5e-05_bs32_modL1_fusion64_fusionL1_drop0p2_trmiss80_trlocclin,32,5e-05,1,64,1,0.2,lr5e-05_bs32_modL1_fusion64_fusionL1_drop0p2_trmiss80_trlocclin,29,0.3981092721223831,0.6214259564876556,0.6961206896551724,0.7658128953499777,0.6888888888888889,0.0,0.0,0.0,0.0,2002,clin,0.8
3,3,lr5e-05_bs32_modL1_fusion64_fusionL1_drop0p2_trmiss80_trlocclin,32,5e-05,1,64,1,0.2,lr5e-05_bs32_modL1_fusion64_fusionL1_drop0p2_trmiss80_trlocclin,30,0.4006061802307765,0.6189062893390656,0.6961206896551724,0.7750081552268734,0.7111111111111111,0.0,0.0,0.0,0.0,2002,clin,0.8
3,3,lr5e-05_bs32_modL1_fusion64_fusionL1_drop0p2_trmiss80_trlocclin,32,5e-05,1,64,1,0.2,lr5e-05_bs32_modL1_fusion64_fusionL1_drop0p2_trmiss80_trlocclin,31,0.39513560632864636,0.622971922159195,0.6831896551724138,0.7593615427677189,0.6888888888888889,0.0,0.0,0.0,0.0,2002,clin,0.8
3,3,lr5e-05_bs32_modL1_fusion64_fusionL1_drop0p2_trmiss80_trlocclin,32,5e-05,1,64,1,0.2,lr5e-05_bs32_modL1_fusion64_fusionL1_drop0p2_trmiss80_trlocclin,32,0.3793495645125707,0.627935916185379,0.6831896551724138,0.7613928611031568,0.7111111111111111,0.0,0.0,0.0,0.0,2002,clin,0.8
3,3,lr5e-05_bs32_modL1_fusion64_fusionL1_drop0p2_trmiss80_trlocclin,32,5e-05,1,64,1,0.2,lr5e-05_bs32_modL1_fusion64_fusionL1_drop0p2_trmiss80_trlocclin,33,0.38506535689036053,0.6247800588607788,0.685344827586207,0.7620117824117334,0.7111111111111111,0.0,0.0,0.0,0.0,2002,clin,0.8
3,3,lr5e-05_bs32_modL1_fusion64_fusionL1_drop0p2_trmiss80_trlocclin,32,5e-05,1,64,1,0.2,lr5e-05_bs32_modL1_fusion64_fusionL1_drop0p2_trmiss80_trlocclin,34,0.379708136121432,0.6273385584354401,0.6788793103448276,0.7575900800437836,0.7111111111111111,0.0,0.0,0.0,0.0,2002,clin,0.8
3,3,lr5e-05_bs32_modL1_fusion64_fusionL1_drop0p2_trmiss80_trlocclin,32,5e-05,1,64,1,0.2,lr5e-05_bs32_modL1_fusion64_fusionL1_drop0p2_trmiss80_trlocclin,35,0.37918416162331897,0.622651219367981,0.6831896551724138,0.7664491722700159,0.7333333333333333,0.0,0.0,0.0,0.0,2002,clin,0.8
3,3,lr5e-05_bs32_modL1_fusion64_fusionL1_drop0p2_trmiss80_trlocclin,32,5e-05,1,64,1,0.2,lr5e-05_bs32_modL1_fusion64_fusionL1_drop0p2_trmiss80_trlocclin,36,0.3849486509958903,0.6218366622924805,0.6875,0.7750746108617005,0.7111111111111111,0.0,0.0,0.0,0.0,2002,clin,0.8
3,3,lr5e-05_bs32_modL1_fusion64_fusionL1_drop0p2_trmiss80_trlocclin,32,5e-05,1,64,1,0.2,lr5e-05_bs32_modL1_fusion64_fusionL1_drop0p2_trmiss80_trlocclin,37,0.4019240736961365,0.6247926950454712,0.6875,0.767941577397531,0.7111111111111111,0.0,0.0,0.0,0.0,2002,clin,0.8
3,3,lr5e-05_bs32_modL1_fusion64_fusionL1_drop0p2_trmiss80_trlocclin,32,5e-05,1,64,1,0.2,lr5e-05_bs32_modL1_fusion64_fusionL1_drop0p2_trmiss80_trlocclin,38,0.36963863174120587,0.6259355545043945,0.6939655172413793,0.7779029713830895,0.7111111111111111,0.0,0.0,0.0,0.0,2002,clin,0.8
3,3,lr5e-05_bs32_modL1_fusion64_fusionL1_drop0p2_trmiss80_trlocclin,32,5e-05,1,64,1,0.2,lr5e-05_bs32_modL1_fusion64_fusionL1_drop0p2_trmiss80_trlocclin,39,0.3747967481613159,0.627160906791687,0.6918103448275862,0.7630026030344452,0.7111111111111111,0.0,0.0,0.0,0.0,2002,clin,0.8
3,3,lr5e-05_bs32_modL1_fusion64_fusionL1_drop0p2_trmiss80_trlocclin,32,5e-05,1,64,1,0.2,lr5e-05_bs32_modL1_fusion64_fusionL1_drop0p2_trmiss80_trlocclin,40,0.3755997320016225,0.6256045401096344,0.6831896551724138,0.7560905081532834,0.7111111111111111,0.0,0.0,0.0,0.0,2002,clin,0.8
3,3,lr5e-05_bs32_modL1_fusion64_fusionL1_drop0p2_trmiss80_trlocclin,32,5e-05,1,64,1,0.2,lr5e-05_bs32_modL1_fusion64_fusionL1_drop0p2_trmiss80_trlocclin,41,0.36782637735207874,0.6265017092227936,0.685344827586207,0.7564473245239678,0.7111111111111111,0.0,0.0,0.0,0.0,2002,clin,0.8
3,3,lr5e-05_bs32_modL1_fusion64_fusionL1_drop0p2_trmiss80_trlocclin,32,5e-05,1,64,1,0.2,lr5e-05_bs32_modL1_fusion64_fusionL1_drop0p2_trmiss80_trlocclin,42,0.36487533152103424,0.625971794128418,0.6831896551724138,0.7567098881486004,0.7111111111111111,0.0,0.0,0.0,0.0,2002,clin,0.8
3,3,lr5e-05_bs32_modL1_fusion64_fusionL1_drop0p2_trmiss80_trlocclin,32,5e-05,1,64,1,0.2,lr5e-05_bs32_modL1_fusion64_fusionL1_drop0p2_trmiss80_trlocclin,43,0.37081968784332275,0.6278805136680603,0.6875000000000001,0.7619265106066022,0.7111111111111111,0.0,0.0,0.0,0.0,2002,clin,0.8
3,3,lr5e-05_bs32_modL1_fusion64_fusionL1_drop0p2_trmiss80_trlocclin,32,5e-05,1,64,1,0.2,lr5e-05_bs32_modL1_fusion64_fusionL1_drop0p2_trmiss80_trlocclin,44,0.356669416030248,0.626019686460495,0.6918103448275862,0.7722244642160898,0.6888888888888889,0.0,0.0,0.0,0.0,2002,clin,0.8
3,3,lr5e-05_bs32_modL1_fusion64_fusionL1_drop0p2_trmiss80_trlocclin,32,5e-05,1,64,1,0.2,lr5e-05_bs32_modL1_fusion64_fusionL1_drop0p2_trmiss80_trlocclin,45,0.3974507004022598,0.625135213136673,0.6961206896551725,0.7693436314880862,0.7111111111111111,0.0,0.0,0.0,0.0,2002,clin,0.8
3,3,lr5e-05_bs32_modL1_fusion64_fusionL1_drop0p2_trmiss80_trlocclin,32,5e-05,1,64,1,0.2,lr5e-05_bs32_modL1_fusion64_fusionL1_drop0p2_trmiss80_trlocclin,46,0.3698236246903737,0.6270616948604584,0.6918103448275862,0.7677282125932556,0.7111111111111111,0.0,0.0,0.0,0.0,2002,clin,0.8
3,3,lr5e-05_bs32_modL1_fusion64_fusionL1_drop0p2_trmiss80_trlocclin,32,5e-05,1,64,1,0.2,lr5e-05_bs32_modL1_fusion64_fusionL1_drop0p2_trmiss80_trlocclin,47,0.36370296279589337,0.6255821585655212,0.6918103448275862,0.7677282125932556,0.7111111111111111,0.0,0.0,0.0,0.0,2002,clin,0.8
3,3,lr5e-05_bs32_modL1_fusion64_fusionL1_drop0p2_trmiss80_trlocclin,32,5e-05,1,64,1,0.2,lr5e-05_bs32_modL1_fusion64_fusionL1_drop0p2_trmiss80_trlocclin,48,0.3508785863717397,0.6276549696922302,0.6918103448275862,0.7734097121388526,0.7111111111111111,0.0,0.0,0.0,0.0,2002,clin,0.8
3,3,lr5e-05_bs32_modL1_fusion64_fusionL1_drop0p2_trmiss80_trlocclin,32,5e-05,1,64,1,0.2,lr5e-05_bs32_modL1_fusion64_fusionL1_drop0p2_trmiss80_trlocclin,49,0.34964994589487713,0.6243995130062103,0.6961206896551725,0.7764364985708112,0.6888888888888889,0.0,0.0,0.0,0.0,2002,clin,0.8
3,3,lr5e-05_bs32_modL1_fusion64_fusionL1_drop0p2_trmiss80_trlocclin,32,5e-05,1,64,1,0.2,lr5e-05_bs32_modL1_fusion64_fusionL1_drop0p2_trmiss80_trlocclin,50,0.35674870014190674,0.6244883835315704,0.6918103448275862,0.7740396856136535,0.6888888888888889,0.0,0.0,0.0,0.0,2002,clin,0.8
3,3,lr5e-05_bs32_modL1_fusion64_fusionL1_drop0p2_trmiss80_trlocclin,32,5e-05,1,64,1,0.2,lr5e-05_bs32_modL1_fusion64_fusionL1_drop0p2_trmiss80_trlocclin,51,0.3587436378002167,0.623356282711029,0.689655172413793,0.7684384142796237,0.7333333333333333,0.0,0.0,0.0,0.0,2002,clin,0.8
3,3,lr5e-05_bs32_modL1_fusion64_fusionL1_drop0p2_trmiss80_trlocclin,32,5e-05,1,64,1,0.2,lr5e-05_bs32_modL1_fusion64_fusionL1_drop0p2_trmiss80_trlocclin,52,0.3560103674729665,0.6260176599025726,0.6875,0.7676220610925808,0.7111111111111111,0.0,0.0,0.0,0.0,2002,clin,0.8
3,3,lr5e-05_bs32_modL1_fusion64_fusionL1_drop0p2_trmiss80_trlocclin,32,5e-05,1,64,1,0.2,lr5e-05_bs32_modL1_fusion64_fusionL1_drop0p2_trmiss80_trlocclin,53,0.3565727770328522,0.6237160861492157,0.6961206896551724,0.7755550136376024,0.7333333333333333,0.0,0.0,0.0,0.0,2002,clin,0.8
3,3,lr5e-05_bs32_modL1_fusion64_fusionL1_drop0p2_trmiss80_trlocclin,32,5e-05,1,64,1,0.2,lr5e-05_bs32_modL1_fusion64_fusionL1_drop0p2_trmiss80_trlocclin,54,0.3519447296857834,0.625099390745163,0.6918103448275862,0.7716735263509427,0.6888888888888889,0.0,0.0,0.0,0.0,2002,clin,0.8
3,3,lr5e-05_bs32_modL1_fusion64_fusionL1_drop0p2_trmiss80_trlocclin,32,5e-05,1,64,1,0.2,lr5e-05_bs32_modL1_fusion64_fusionL1_drop0p2_trmiss80_trlocclin,55,0.3527802725632985,0.6244409382343292,0.6939655172413792,0.7748560388006964,0.7333333333333333,0.0,0.0,0.0,0.0,2002,clin,0.8
3,3,lr5e-05_bs32_modL1_fusion64_fusionL1_drop0p2_trmiss80_trlocclin,32,5e-05,1,64,1,0.2,lr5e-05_bs32_modL1_fusion64_fusionL1_drop0p2_trmiss80_trlocclin,56,0.3643193989992142,0.6241172850131989,0.6961206896551724,0.7755550136376024,0.7333333333333333,0.0,0.0,0.0,0.0,2002,clin,0.8
3,3,lr5e-05_bs32_modL1_fusion64_fusionL1_drop0p2_trmiss80_trlocclin,32,5e-05,1,64,1,0.2,lr5e-05_bs32_modL1_fusion64_fusionL1_drop0p2_trmiss80_trlocclin,57,0.3502383728822072,0.624586671590805,0.6939655172413792,0.7743608055468423,0.7333333333333333,0.0,0.0,0.0,0.0,2002,clin,0.8
3,3,lr5e-05_bs32_modL1_fusion64_fusionL1_drop0p2_trmiss80_trlocclin,32,5e-05,1,64,1,0.2,lr5e-05_bs32_modL1_fusion64_fusionL1_drop0p2_trmiss80_trlocclin,58,0.3507373183965683,0.623706728219986,0.6961206896551724,0.7755550136376024,0.7333333333333333,0.0,0.0,0.0,0.0,2002,clin,0.8
3,3,lr5e-05_bs32_modL1_fusion64_fusionL1_drop0p2_trmiss80_trlocclin,32,5e-05,1,64,1,0.2,lr5e-05_bs32_modL1_fusion64_fusionL1_drop0p2_trmiss80_trlocclin,59,0.3665413757165273,0.6241047084331512,0.6875,0.7642485997449815,0.7333333333333333,0.0,0.0,0.0,0.0,2002,clin,0.8
3,3,lr5e-05_bs32_modL1_fusion64_fusionL1_drop0p2_trmiss80_trlocclin,32,5e-05,1,64,1,0.2,lr5e-05_bs32_modL1_fusion64_fusionL1_drop0p2_trmiss80_trlocclin,60,0.3644220034281413,0.6235526502132416,0.6875,0.7613377175237543,0.7333333333333333,0.0,0.0,0.0,0.0,2002,clin,0.8
3,3,lr5e-05_bs32_modL1_fusion64_fusionL1_drop0p2_trmiss80_trlocclin,32,5e-05,1,64,1,0.2,lr5e-05_bs32_modL1_fusion64_fusionL1_drop0p2_trmiss80_trlocclin,61,0.36335090299447376,0.6243976950645447,0.6961206896551724,0.7755550136376024,0.7333333333333333,0.0,0.0,0.0,0.0,2002,clin,0.8
3,3,lr5e-05_bs32_modL1_fusion64_fusionL1_drop0p2_trmiss80_trlocclin,32,5e-05,1,64,1,0.2,lr5e-05_bs32_modL1_fusion64_fusionL1_drop0p2_trmiss80_trlocclin,62,0.3460550357898076,0.621543288230896,0.6982758620689655,0.7771354734077172,0.7333333333333333,0.0,0.0,0.0,0.0,2002,clin,0.8
3,3,lr5e-05_bs32_modL1_fusion64_fusionL1_drop0p2_trmiss80_trlocclin,32,5e-05,1,64,1,0.2,lr5e-05_bs32_modL1_fusion64_fusionL1_drop0p2_trmiss80_trlocclin,63,0.36029834548632306,0.6218367516994476,0.6982758620689655,0.7771354734077172,0.7333333333333333,0.0,0.0,0.0,0.0,2002,clin,0.8
3,3,lr5e-05_bs32_modL1_fusion64_fusionL1_drop0p2_trmiss80_trlocclin,32,5e-05,1,64,1,0.2,lr5e-05_bs32_modL1_fusion64_fusionL1_drop0p2_trmiss80_trlocclin,64,0.35814663271109265,0.6217236518859863,0.6939655172413792,0.7748560388006964,0.7111111111111111,0.0,0.0,0.0,0.0,2002,clin,0.8
3,3,lr5e-05_bs32_modL1_fusion64_fusionL1_drop0p2_trmiss80_trlocclin,32,5e-05,1,64,1,0.2,lr5e-05_bs32_modL1_fusion64_fusionL1_drop0p2_trmiss80_trlocclin,65,0.3390357593695323,0.6219828426837921,0.6939655172413793,0.7747386604505595,0.7333333333333333,0.0,0.0,0.0,0.0,2002,clin,0.8
3,3,lr5e-05_bs32_modL1_fusion64_fusionL1_drop0p2_trmiss80_trlocclin,32,5e-05,1,64,1,0.2,lr5e-05_bs32_modL1_fusion64_fusionL1_drop0p2_trmiss80_trlocclin,66,0.3568348288536072,0.6227946281433105,0.6982758620689655,0.7771354734077172,0.7333333333333333,0.0,0.0,0.0,0.0,2002,clin,0.8
3,3,lr5e-05_bs32_modL1_fusion64_fusionL1_drop0p2_trmiss80_trlocclin,32,5e-05,1,64,1,0.2,lr5e-05_bs32_modL1_fusion64_fusionL1_drop0p2_trmiss80_trlocclin,67,0.3526124308506648,0.6246988773345947,0.6939655172413793,0.7747386604505595,0.7333333333333333,0.0,0.0,0.0,0.0,2002,clin,0.8
3,3,lr5e-05_bs32_modL1_fusion64_fusionL1_drop0p2_trmiss80_trlocclin,32,5e-05,1,64,1,0.2,lr5e-05_bs32_modL1_fusion64_fusionL1_drop0p2_trmiss80_trlocclin,68,0.36244309941927594,0.6241733133792877,0.6982758620689655,0.7771354734077172,0.7333333333333333,0.0,0.0,0.0,0.0,2002,clin,0.8
3,3,lr5e-05_bs32_modL1_fusion64_fusionL1_drop0p2_trmiss80_trlocclin,32,5e-05,1,64,1,0.2,lr5e-05_bs32_modL1_fusion64_fusionL1_drop0p2_trmiss80_trlocclin,69,0.34726016223430634,0.6268824636936188,0.6939655172413793,0.7747386604505595,0.7111111111111111,0.0,0.0,0.0,0.0,2002,clin,0.8
3,3,lr5e-05_bs32_modL1_fusion64_fusionL1_drop0p2_trmiss80_trlocclin,32,5e-05,1,64,1,0.2,lr5e-05_bs32_modL1_fusion64_fusionL1_drop0p2_trmiss80_trlocclin,70,0.33891133467356366,0.6237585246562958,0.6939655172413793,0.7747386604505595,0.7111111111111111,0.0,0.0,0.0,0.0,2002,clin,0.8
3,3,lr5e-05_bs32_modL1_fusion64_fusionL1_drop0p2_trmiss80_trlocclin,32,5e-05,1,64,1,0.2,lr5e-05_bs32_modL1_fusion64_fusionL1_drop0p2_trmiss80_trlocclin,71,0.3501858611901601,0.6241718828678131,0.6939655172413793,0.7747386604505595,0.7111111111111111,0.0,0.0,0.0,0.0,2002,clin,0.8
3,3,lr5e-05_bs32_modL1_fusion64_fusionL1_drop0p2_trmiss80_trlocclin,32,5e-05,1,64,1,0.2,lr5e-05_bs32_modL1_fusion64_fusionL1_drop0p2_trmiss80_trlocclin,72,0.3574187159538269,0.6256699860095978,0.6939655172413793,0.7747386604505595,0.7111111111111111,0.0,0.0,0.0,0.0,2002,clin,0.8
3,3,lr5e-05_bs32_modL1_fusion64_fusionL1_drop0p2_trmiss80_trlocclin,32,5e-05,1,64,1,0.2,lr5e-05_bs32_modL1_fusion64_fusionL1_drop0p2_trmiss80_trlocclin,73,0.3423633376757304,0.6225282549858093,0.6961206896551725,0.7753575817591358,0.7333333333333333,0.0,0.0,0.0,0.0,2002,clin,0.8
3,3,lr5e-05_bs32_modL1_fusion64_fusionL1_drop0p2_trmiss80_trlocclin,32,5e-05,1,64,1,0.2,lr5e-05_bs32_modL1_fusion64_fusionL1_drop0p2_trmiss80_trlocclin,74,0.351293424765269,0.6232225596904755,0.6939655172413793,0.772292447659519,0.7333333333333333,0.0,0.0,0.0,0.0,2002,clin,0.8
3,3,lr5e-05_bs32_modL1_fusion64_fusionL1_drop0p2_trmiss80_trlocclin,32,5e-05,1,64,1,0.2,lr5e-05_bs32_modL1_fusion64_fusionL1_drop0p2_trmiss80_trlocclin,75,0.3651296893755595,0.6242407858371735,0.6982758620689655,0.7770009899060937,0.7111111111111111,0.0,0.0,0.0,0.0,2002,clin,0.8
3,3,lr5e-05_bs32_modL1_fusion64_fusionL1_drop0p2_trmiss80_trlocclin,32,5e-05,1,64,1,0.2,lr5e-05_bs32_modL1_fusion64_fusionL1_drop0p2_trmiss80_trlocclin,76,0.3580150107542674,0.6230709552764893,0.6982758620689655,0.7769380415292508,0.7111111111111111,0.0,0.0,0.0,0.0,2002,clin,0.8
3,3,lr5e-05_bs32_modL1_fusion64_fusionL1_drop0p2_trmiss80_trlocclin,32,5e-05,1,64,1,0.2,lr5e-05_bs32_modL1_fusion64_fusionL1_drop0p2_trmiss80_trlocclin,77,0.35801587998867035,0.6223485767841339,0.7004310344827586,0.7777543947162937,0.6888888888888889,0.0,0.0,0.0,0.0,2002,clin,0.8
3,3,lr5e-05_bs32_modL1_fusion64_fusionL1_drop0p2_trmiss80_trlocclin,32,5e-05,1,64,1,0.2,lr5e-05_bs32_modL1_fusion64_fusionL1_drop0p2_trmiss80_trlocclin,78,0.35505666335423786,0.6228765249252319,0.7004310344827587,0.7786567715821595,0.6888888888888889,0.0,0.0,0.0,0.0,2002,clin,0.8
3,3,lr5e-05_bs32_modL1_fusion64_fusionL1_drop0p2_trmiss80_trlocclin,32,5e-05,1,64,1,0.2,lr5e-05_bs32_modL1_fusion64_fusionL1_drop0p2_trmiss80_trlocclin,79,0.35746384660402936,0.6254985928535461,0.6939655172413793,0.7728761312173404,0.7111111111111111,0.0,0.0,0.0,0.0,2002,clin,0.8
3,3,lr5e-05_bs32_modL1_fusion64_fusionL1_drop0p2_trmiss80_trlocclin,32,5e-05,1,64,1,0.2,lr5e-05_bs32_modL1_fusion64_fusionL1_drop0p2_trmiss80_trlocclin,80,0.3558608889579773,0.6239917874336243,0.6918103448275862,0.7717909047010796,0.7333333333333333,0.0,0.0,0.0,0.0,2002,clin,0.8
3,3,lr5e-05_bs32_modL1_fusion64_fusionL1_drop0p1_trmiss80_trlocclin,32,5e-05,1,64,1,0.1,lr5e-05_bs32_modL1_fusion64_fusionL1_drop0p1_trmiss80_trlocclin,1,0.7077585160732269,0.6787112653255463,0.48491379310344823,0.6652807668792913,0.6222222222222222,0.0,0.0,0.0,0.0,2002,clin,0.8
3,3,lr5e-05_bs32_modL1_fusion64_fusionL1_drop0p1_trmiss80_trlocclin,32,5e-05,1,64,1,0.1,lr5e-05_bs32_modL1_fusion64_fusionL1_drop0p1_trmiss80_trlocclin,2,0.6371476352214813,0.6712101399898529,0.5301724137931034,0.7050618376262754,0.6444444444444445,0.0,0.0,0.0,0.0,2002,clin,0.8
3,3,lr5e-05_bs32_modL1_fusion64_fusionL1_drop0p1_trmiss80_trlocclin,32,5e-05,1,64,1,0.1,lr5e-05_bs32_modL1_fusion64_fusionL1_drop0p1_trmiss80_trlocclin,3,0.6256286601225535,0.6673723757266998,0.5280172413793103,0.6864505505871065,0.6444444444444445,0.0,0.0,0.0,0.0,2002,clin,0.8
3,3,lr5e-05_bs32_modL1_fusion64_fusionL1_drop0p1_trmiss80_trlocclin,32,5e-05,1,64,1,0.1,lr5e-05_bs32_modL1_fusion64_fusionL1_drop0p1_trmiss80_trlocclin,4,0.5905558963616689,0.6607834696769714,0.5280172413793103,0.6906237986042989,0.5777777777777777,0.0,0.0,0.0,0.0,2002,clin,0.8
3,3,lr5e-05_bs32_modL1_fusion64_fusionL1_drop0p1_trmiss80_trlocclin,32,5e-05,1,64,1,0.1,lr5e-05_bs32_modL1_fusion64_fusionL1_drop0p1_trmiss80_trlocclin,5,0.5867176949977875,0.6578367352485657,0.5237068965517242,0.689956580064064,0.5555555555555556,0.0,0.0,0.0,0.0,2002,clin,0.8
3,3,lr5e-05_bs32_modL1_fusion64_fusionL1_drop0p1_trmiss80_trlocclin,32,5e-05,1,64,1,0.1,lr5e-05_bs32_modL1_fusion64_fusionL1_drop0p1_trmiss80_trlocclin,6,0.5731972555319468,0.6545031070709229,0.5344827586206896,0.6969174424367749,0.6222222222222222,0.0,0.0,0.0,0.0,2002,clin,0.8
3,3,lr5e-05_bs32_modL1_fusion64_fusionL1_drop0p1_trmiss80_trlocclin,32,5e-05,1,64,1,0.1,lr5e-05_bs32_modL1_fusion64_fusionL1_drop0p1_trmiss80_trlocclin,7,0.5516389856735865,0.6547212600708008,0.5366379310344828,0.6885626870291782,0.6,0.0,0.0,0.0,0.0,2002,clin,0.8
3,3,lr5e-05_bs32_modL1_fusion64_fusionL1_drop0p1_trmiss80_trlocclin,32,5e-05,1,64,1,0.1,lr5e-05_bs32_modL1_fusion64_fusionL1_drop0p1_trmiss80_trlocclin,8,0.5429626206556956,0.6540275812149048,0.5301724137931034,0.6720236507709713,0.6,0.0,0.0,0.0,0.0,2002,clin,0.8
3,3,lr5e-05_bs32_modL1_fusion64_fusionL1_drop0p1_trmiss80_trlocclin,32,5e-05,1,64,1,0.1,lr5e-05_bs32_modL1_fusion64_fusionL1_drop0p1_trmiss80_trlocclin,9,0.5347259392340978,0.6554599702358246,0.5323275862068966,0.6753889669570573,0.6222222222222222,0.0,0.0,0.0,0.0,2002,clin,0.8
3,3,lr5e-05_bs32_modL1_fusion64_fusionL1_drop0p1_trmiss80_trlocclin,32,5e-05,1,64,1,0.1,lr5e-05_bs32_modL1_fusion64_fusionL1_drop0p1_trmiss80_trlocclin,10,0.5122589419285456,0.6557944416999817,0.5323275862068966,0.6685689475143525,0.6,0.0,0.0,0.0,0.0,2002,clin,0.8
3,3,lr5e-05_bs32_modL1_fusion64_fusionL1_drop0p1_trmiss80_trlocclin,32,5e-05,1,64,1,0.1,lr5e-05_bs32_modL1_fusion64_fusionL1_drop0p1_trmiss80_trlocclin,11,0.5029076884190241,0.6539884507656097,0.5431034482758621,0.6731925772212126,0.6222222222222222,0.0,0.0,0.0,0.0,2002,clin,0.8
3,3,lr5e-05_bs32_modL1_fusion64_fusionL1_drop0p1_trmiss80_trlocclin,32,5e-05,1,64,1,0.1,lr5e-05_bs32_modL1_fusion64_fusionL1_drop0p1_trmiss80_trlocclin,12,0.4904865622520447,0.6546119451522827,0.5517241379310345,0.6654333209127016,0.6444444444444445,0.0,0.0,0.0,0.0,2002,clin,0.8
3,3,lr5e-05_bs32_modL1_fusion64_fusionL1_drop0p1_trmiss80_trlocclin,32,5e-05,1,64,1,0.1,lr5e-05_bs32_modL1_fusion64_fusionL1_drop0p1_trmiss80_trlocclin,13,0.4822368423144023,0.6535284221172333,0.5603448275862069,0.6727943112858623,0.6222222222222222,0.0,0.0,0.0,0.0,2002,clin,0.8
3,3,lr5e-05_bs32_modL1_fusion64_fusionL1_drop0p1_trmiss80_trlocclin,32,5e-05,1,64,1,0.1,lr5e-05_bs32_modL1_fusion64_fusionL1_drop0p1_trmiss80_trlocclin,14,0.480482076605161,0.6531625986099243,0.5581896551724137,0.6753331517557373,0.6222222222222222,0.0,0.0,0.0,0.0,2002,clin,0.8
3,3,lr5e-05_bs32_modL1_fusion64_fusionL1_drop0p1_trmiss80_trlocclin,32,5e-05,1,64,1,0.1,lr5e-05_bs32_modL1_fusion64_fusionL1_drop0p1_trmiss80_trlocclin,15,0.4462887744108836,0.6522342562675476,0.5646551724137931,0.6802032807937823,0.6222222222222222,0.0,0.0,0.0,0.0,2002,clin,0.8
3,3,lr5e-05_bs32_modL1_fusion64_fusionL1_drop0p1_trmiss80_trlocclin,32,5e-05,1,64,1,0.1,lr5e-05_bs32_modL1_fusion64_fusionL1_drop0p1_trmiss80_trlocclin,16,0.4502660036087036,0.6539602279663086,0.5668103448275862,0.6806106880837949,0.6,0.0,0.0,0.0,0.0,2002,clin,0.8
3,3,lr5e-05_bs32_modL1_fusion64_fusionL1_drop0p1_trmiss80_trlocclin,32,5e-05,1,64,1,0.1,lr5e-05_bs32_modL1_fusion64_fusionL1_drop0p1_trmiss80_trlocclin,17,0.4506343851486842,0.6545509397983551,0.5581896551724137,0.6695753837865751,0.5777777777777777,0.0,0.0,0.0,0.0,2002,clin,0.8
3,3,lr5e-05_bs32_modL1_fusion64_fusionL1_drop0p1_trmiss80_trlocclin,32,5e-05,1,64,1,0.1,lr5e-05_bs32_modL1_fusion64_fusionL1_drop0p1_trmiss80_trlocclin,18,0.42519257962703705,0.6481689214706421,0.5732758620689655,0.6817413519968895,0.6444444444444445,0.0,0.0,0.0,0.0,2002,clin,0.8
3,3,lr5e-05_bs32_modL1_fusion64_fusionL1_drop0p1_trmiss80_trlocclin,32,5e-05,1,64,1,0.1,lr5e-05_bs32_modL1_fusion64_fusionL1_drop0p1_trmiss80_trlocclin,19,0.4312209238608678,0.6458851099014282,0.5732758620689655,0.6767196112889069,0.6444444444444445,0.0,0.0,0.0,0.0,2002,clin,0.8
3,3,lr5e-05_bs32_modL1_fusion64_fusionL1_drop0p1_trmiss80_trlocclin,32,5e-05,1,64,1,0.1,lr5e-05_bs32_modL1_fusion64_fusionL1_drop0p1_trmiss80_trlocclin,20,0.41836432615915936,0.6446313261985779,0.5775862068965517,0.6800579923160751,0.6444444444444445,0.0,0.0,0.0,0.0,2002,clin,0.8
3,3,lr5e-05_bs32_modL1_fusion64_fusionL1_drop0p1_trmiss80_trlocclin,32,5e-05,1,64,1,0.1,lr5e-05_bs32_modL1_fusion64_fusionL1_drop0p1_trmiss80_trlocclin,21,0.4090750018755595,0.6470584869384766,0.5711206896551724,0.6831883767531746,0.6444444444444445,0.0,0.0,0.0,0.0,2002,clin,0.8
3,3,lr5e-05_bs32_modL1_fusion64_fusionL1_drop0p1_trmiss80_trlocclin,32,5e-05,1,64,1,0.1,lr5e-05_bs32_modL1_fusion64_fusionL1_drop0p1_trmiss80_trlocclin,22,0.40647100905577344,0.6464115679264069,0.5732758620689655,0.6882579420647872,0.6222222222222222,0.0,0.0,0.0,0.0,2002,clin,0.8
3,3,lr5e-05_bs32_modL1_fusion64_fusionL1_drop0p1_trmiss80_trlocclin,32,5e-05,1,64,1,0.1,lr5e-05_bs32_modL1_fusion64_fusionL1_drop0p1_trmiss80_trlocclin,23,0.39648451407750446,0.6438340544700623,0.581896551724138,0.6948428575879968,0.6,0.0,0.0,0.0,0.0,2002,clin,0.8
3,3,lr5e-05_bs32_modL1_fusion64_fusionL1_drop0p1_trmiss80_trlocclin,32,5e-05,1,64,1,0.1,lr5e-05_bs32_modL1_fusion64_fusionL1_drop0p1_trmiss80_trlocclin,24,0.394973228375117,0.6410481035709381,0.5948275862068966,0.7237011713087751,0.6,0.0,0.0,0.0,0.0,2002,clin,0.8
3,3,lr5e-05_bs32_modL1_fusion64_fusionL1_drop0p1_trmiss80_trlocclin,32,5e-05,1,64,1,0.1,lr5e-05_bs32_modL1_fusion64_fusionL1_drop0p1_trmiss80_trlocclin,25,0.38045353690783185,0.6421778798103333,0.5905172413793104,0.7227546448307967,0.6,0.0,0.0,0.0,0.0,2002,clin,0.8
3,3,lr5e-05_bs32_modL1_fusion64_fusionL1_drop0p1_trmiss80_trlocclin,32,5e-05,1,64,1,0.1,lr5e-05_bs32_modL1_fusion64_fusionL1_drop0p1_trmiss80_trlocclin,26,0.3668445696433385,0.6403558254241943,0.5948275862068966,0.7238982710923787,0.6444444444444445,0.0,0.0,0.0,0.0,2002,clin,0.8
3,3,lr5e-05_bs32_modL1_fusion64_fusionL1_drop0p1_trmiss80_trlocclin,32,5e-05,1,64,1,0.1,lr5e-05_bs32_modL1_fusion64_fusionL1_drop0p1_trmiss80_trlocclin,27,0.365117480357488,0.6374974548816681,0.5969827586206896,0.7252364974002776,0.6222222222222222,0.0,0.0,0.0,0.0,2002,clin,0.8
3,3,lr5e-05_bs32_modL1_fusion64_fusionL1_drop0p1_trmiss80_trlocclin,32,5e-05,1,64,1,0.1,lr5e-05_bs32_modL1_fusion64_fusionL1_drop0p1_trmiss80_trlocclin,28,0.3616778602202733,0.6373966336250305,0.5905172413793103,0.722493359727415,0.6222222222222222,0.0,0.0,0.0,0.0,2002,clin,0.8
3,3,lr5e-05_bs32_modL1_fusion64_fusionL1_drop0p1_trmiss80_trlocclin,32,5e-05,1,64,1,0.1,lr5e-05_bs32_modL1_fusion64_fusionL1_drop0p1_trmiss80_trlocclin,29,0.3669283439715703,0.6402091383934021,0.5905172413793104,0.7222918993902812,0.6,0.0,0.0,0.0,0.0,2002,clin,0.8
3,3,lr5e-05_bs32_modL1_fusion64_fusionL1_drop0p1_trmiss80_trlocclin,32,5e-05,1,64,1,0.1,lr5e-05_bs32_modL1_fusion64_fusionL1_drop0p1_trmiss80_trlocclin,30,0.3583875348170598,0.6379464268684387,0.5991379310344828,0.727951719156716,0.6444444444444445,0.0,0.0,0.0,0.0,2002,clin,0.8
3,3,lr5e-05_bs32_modL1_fusion64_fusionL1_drop0p1_trmiss80_trlocclin,32,5e-05,1,64,1,0.1,lr5e-05_bs32_modL1_fusion64_fusionL1_drop0p1_trmiss80_trlocclin,31,0.3416010836760203,0.6401822566986084,0.584051724137931,0.7128635821074512,0.6222222222222222,0.0,0.0,0.0,0.0,2002,clin,0.8
3,3,lr5e-05_bs32_modL1_fusion64_fusionL1_drop0p1_trmiss80_trlocclin,32,5e-05,1,64,1,0.1,lr5e-05_bs32_modL1_fusion64_fusionL1_drop0p1_trmiss80_trlocclin,32,0.34026364982128143,0.6435265839099884,0.584051724137931,0.7109944186008652,0.6222222222222222,0.0,0.0,0.0,0.0,2002,clin,0.8
3,3,lr5e-05_bs32_modL1_fusion64_fusionL1_drop0p1_trmiss80_trlocclin,32,5e-05,1,64,1,0.1,lr5e-05_bs32_modL1_fusion64_fusionL1_drop0p1_trmiss80_trlocclin,33,0.3379037131865819,0.6446707248687744,0.5775862068965517,0.705331296507723,0.6222222222222222,0.0,0.0,0.0,0.0,2002,clin,0.8
3,3,lr5e-05_bs32_modL1_fusion64_fusionL1_drop0p1_trmiss80_trlocclin,32,5e-05,1,64,1,0.1,lr5e-05_bs32_modL1_fusion64_fusionL1_drop0p1_trmiss80_trlocclin,34,0.31511296331882477,0.6463262140750885,0.5818965517241379,0.7085930183035696,0.6444444444444445,0.0,0.0,0.0,0.0,2002,clin,0.8
3,3,lr5e-05_bs32_modL1_fusion64_fusionL1_drop0p1_trmiss80_trlocclin,32,5e-05,1,64,1,0.1,lr5e-05_bs32_modL1_fusion64_fusionL1_drop0p1_trmiss80_trlocclin,35,0.31562069555123645,0.6472884118556976,0.5862068965517242,0.7100289949930958,0.6444444444444445,0.0,0.0,0.0,0.0,2002,clin,0.8
3,3,lr5e-05_bs32_modL1_fusion64_fusionL1_drop0p1_trmiss80_trlocclin,32,5e-05,1,64,1,0.1,lr5e-05_bs32_modL1_fusion64_fusionL1_drop0p1_trmiss80_trlocclin,36,0.3135843376318614,0.6510905623435974,0.5732758620689655,0.7027925748280308,0.6222222222222222,0.0,0.0,0.0,0.0,2002,clin,0.8
3,3,lr5e-05_bs32_modL1_fusion64_fusionL1_drop0p1_trmiss80_trlocclin,32,5e-05,1,64,1,0.1,lr5e-05_bs32_modL1_fusion64_fusionL1_drop0p1_trmiss80_trlocclin,37,0.3199294110139211,0.6512020230293274,0.5732758620689655,0.7042856220107332,0.6222222222222222,0.0,0.0,0.0,0.0,2002,clin,0.8
3,3,lr5e-05_bs32_modL1_fusion64_fusionL1_drop0p1_trmiss80_trlocclin,32,5e-05,1,64,1,0.1,lr5e-05_bs32_modL1_fusion64_fusionL1_drop0p1_trmiss80_trlocclin,38,0.31709326803684235,0.6512742042541504,0.5732758620689655,0.7036480409044854,0.6222222222222222,0.0,0.0,0.0,0.0,2002,clin,0.8
3,3,lr5e-05_bs32_modL1_fusion64_fusionL1_drop0p1_trmiss80_trlocclin,32,5e-05,1,64,1,0.1,lr5e-05_bs32_modL1_fusion64_fusionL1_drop0p1_trmiss80_trlocclin,39,0.3221702078978221,0.6480982303619385,0.5754310344827586,0.7048091201962363,0.6,0.0,0.0,0.0,0.0,2002,clin,0.8
3,3,lr5e-05_bs32_modL1_fusion64_fusionL1_drop0p1_trmiss80_trlocclin,32,5e-05,1,64,1,0.1,lr5e-05_bs32_modL1_fusion64_fusionL1_drop0p1_trmiss80_trlocclin,40,0.30759406586488086,0.6473298966884613,0.5754310344827587,0.702288117421684,0.6,0.0,0.0,0.0,0.0,2002,clin,0.8
3,3,lr5e-05_bs32_modL1_fusion64_fusionL1_drop0p1_trmiss80_trlocclin,32,5e-05,1,64,1,0.1,lr5e-05_bs32_modL1_fusion64_fusionL1_drop0p1_trmiss80_trlocclin,41,0.3044063101212184,0.6475657522678375,0.5711206896551724,0.7008082360229384,0.6,0.0,0.0,0.0,0.0,2002,clin,0.8
3,3,lr5e-05_bs32_modL1_fusion64_fusionL1_drop0p1_trmiss80_trlocclin,32,5e-05,1,64,1,0.1,lr5e-05_bs32_modL1_fusion64_fusionL1_drop0p1_trmiss80_trlocclin,42,0.2939264327287674,0.648670107126236,0.5711206896551724,0.7015250479466468,0.6,0.0,0.0,0.0,0.0,2002,clin,0.8
3,3,lr5e-05_bs32_modL1_fusion64_fusionL1_drop0p1_trmiss80_trlocclin,32,5e-05,1,64,1,0.1,lr5e-05_bs32_modL1_fusion64_fusionL1_drop0p1_trmiss80_trlocclin,43,0.2990660419066747,0.6504283845424652,0.5732758620689655,0.702440771162733,0.6,0.0,0.0,0.0,0.0,2002,clin,0.8
3,3,lr5e-05_bs32_modL1_fusion64_fusionL1_drop0p1_trmiss80_trlocclin,32,5e-05,1,64,1,0.1,lr5e-05_bs32_modL1_fusion64_fusionL1_drop0p1_trmiss80_trlocclin,44,0.3117259343465169,0.6531035602092743,0.5754310344827587,0.7039564968163896,0.6,0.0,0.0,0.0,0.0,2002,clin,0.8
3,3,lr5e-05_bs32_modL1_fusion64_fusionL1_drop0p1_trmiss80_trlocclin,32,5e-05,1,64,1,0.1,lr5e-05_bs32_modL1_fusion64_fusionL1_drop0p1_trmiss80_trlocclin,45,0.3035254081090291,0.6511737108230591,0.5797413793103448,0.7066445007214321,0.6,0.0,0.0,0.0,0.0,2002,clin,0.8
3,3,lr5e-05_bs32_modL1_fusion64_fusionL1_drop0p1_trmiss80_trlocclin,32,5e-05,1,64,1,0.1,lr5e-05_bs32_modL1_fusion64_fusionL1_drop0p1_trmiss80_trlocclin,46,0.29412323236465454,0.650731772184372,0.5818965517241379,0.7107593119863449,0.6222222222222222,0.0,0.0,0.0,0.0,2002,clin,0.8
3,3,lr5e-05_bs32_modL1_fusion64_fusionL1_drop0p1_trmiss80_trlocclin,32,5e-05,1,64,1,0.1,lr5e-05_bs32_modL1_fusion64_fusionL1_drop0p1_trmiss80_trlocclin,47,0.2876782367626826,0.6499784588813782,0.5775862068965517,0.7085320373452773,0.6222222222222222,0.0,0.0,0.0,0.0,2002,clin,0.8
3,3,lr5e-05_bs32_modL1_fusion64_fusionL1_drop0p1_trmiss80_trlocclin,32,5e-05,1,64,1,0.1,lr5e-05_bs32_modL1_fusion64_fusionL1_drop0p1_trmiss80_trlocclin,48,0.30272752046585083,0.65056112408638,0.584051724137931,0.7121224124873764,0.6222222222222222,0.0,0.0,0.0,0.0,2002,clin,0.8
3,3,lr5e-05_bs32_modL1_fusion64_fusionL1_drop0p1_trmiss80_trlocclin,32,5e-05,1,64,1,0.1,lr5e-05_bs32_modL1_fusion64_fusionL1_drop0p1_trmiss80_trlocclin,49,0.28414944807688397,0.6508622765541077,0.584051724137931,0.7122371444986602,0.5777777777777777,0.0,0.0,0.0,0.0,2002,clin,0.8
3,3,lr5e-05_bs32_modL1_fusion64_fusionL1_drop0p1_trmiss80_trlocclin,32,5e-05,1,64,1,0.1,lr5e-05_bs32_modL1_fusion64_fusionL1_drop0p1_trmiss80_trlocclin,50,0.3064260681470235,0.6491469144821167,0.584051724137931,0.7125276585822777,0.6222222222222222,0.0,0.0,0.0,0.0,2002,clin,0.8
3,3,lr1e-04_bs32_modL1_fusion32_fusionL1_drop0p2_trmiss80_trlocclin,32,0.0001,1,32,1,0.2,lr1e-04_bs32_modL1_fusion32_fusionL1_drop0p2_trmiss80_trlocclin,1,0.6808879375457764,0.7032113671302795,0.35991379310344834,0.6359131999628244,0.37777777777777777,0.0,0.0,0.0,0.0,2002,clin,0.8
3,3,lr1e-04_bs32_modL1_fusion32_fusionL1_drop0p2_trmiss80_trlocclin,32,0.0001,1,32,1,0.2,lr1e-04_bs32_modL1_fusion32_fusionL1_drop0p2_trmiss80_trlocclin,2,0.6474029322465261,0.6960220038890839,0.3857758620689655,0.6143530295232489,0.4888888888888889,0.0,0.0,0.0,0.0,2002,clin,0.8
3,3,lr1e-04_bs32_modL1_fusion32_fusionL1_drop0p2_trmiss80_trlocclin,32,0.0001,1,32,1,0.2,lr1e-04_bs32_modL1_fusion32_fusionL1_drop0p2_trmiss80_trlocclin,3,0.597677598396937,0.6865974962711334,0.41163793103448276,0.5988421439698678,0.5555555555555556,0.0,0.0,0.0,0.0,2002,clin,0.8
3,3,lr1e-04_bs32_modL1_fusion32_fusionL1_drop0p2_trmiss80_trlocclin,32,0.0001,1,32,1,0.2,lr1e-04_bs32_modL1_fusion32_fusionL1_drop0p2_trmiss80_trlocclin,4,0.6011453568935394,0.6793811321258545,0.4719827586206896,0.6237566263182112,0.5777777777777777,0.0,0.0,0.0,0.0,2002,clin,0.8
3,3,lr1e-04_bs32_modL1_fusion32_fusionL1_drop0p2_trmiss80_trlocclin,32,0.0001,1,32,1,0.2,lr1e-04_bs32_modL1_fusion32_fusionL1_drop0p2_trmiss80_trlocclin,5,0.5750404645999273,0.6734377443790436,0.4956896551724138,0.6314858677800099,0.5777777777777777,0.0,0.0,0.0,0.0,2002,clin,0.8
3,3,lr1e-04_bs32_modL1_fusion32_fusionL1_drop0p2_trmiss80_trlocclin,32,0.0001,1,32,1,0.2,lr1e-04_bs32_modL1_fusion32_fusionL1_drop0p2_trmiss80_trlocclin,6,0.579793373743693,0.6680982112884521,0.5086206896551725,0.6580323029051768,0.6,0.0,0.0,0.0,0.0,2002,clin,0.8
3,3,lr1e-04_bs32_modL1_fusion32_fusionL1_drop0p2_trmiss80_trlocclin,32,0.0001,1,32,1,0.2,lr1e-04_bs32_modL1_fusion32_fusionL1_drop0p2_trmiss80_trlocclin,7,0.5486362874507904,0.6631081104278564,0.5237068965517242,0.6671382067397938,0.6444444444444445,0.0,0.0,0.0,0.0,2002,clin,0.8
3,3,lr1e-04_bs32_modL1_fusion32_fusionL1_drop0p2_trmiss80_trlocclin,32,0.0001,1,32,1,0.2,lr1e-04_bs32_modL1_fusion32_fusionL1_drop0p2_trmiss80_trlocclin,8,0.5396206726630529,0.6602699160575867,0.5323275862068966,0.6773359393418737,0.6222222222222222,0.0,0.0,0.0,0.0,2002,clin,0.8
3,3,lr1e-04_bs32_modL1_fusion32_fusionL1_drop0p2_trmiss80_trlocclin,32,0.0001,1,32,1,0.2,lr1e-04_bs32_modL1_fusion32_fusionL1_drop0p2_trmiss80_trlocclin,9,0.5353331466515859,0.6526245474815369,0.5538793103448276,0.6908308068974066,0.6222222222222222,0.0,0.0,0.0,0.0,2002,clin,0.8
3,3,lr1e-04_bs32_modL1_fusion32_fusionL1_drop0p2_trmiss80_trlocclin,32,0.0001,1,32,1,0.2,lr1e-04_bs32_modL1_fusion32_fusionL1_drop0p2_trmiss80_trlocclin,10,0.5285271058479944,0.6457929015159607,0.581896551724138,0.7183824146960376,0.6444444444444445,0.0,0.0,0.0,0.0,2002,clin,0.8
3,3,lr1e-04_bs32_modL1_fusion32_fusionL1_drop0p2_trmiss80_trlocclin,32,0.0001,1,32,1,0.2,lr1e-04_bs32_modL1_fusion32_fusionL1_drop0p2_trmiss80_trlocclin,11,0.5147656301657358,0.6465239226818085,0.5668103448275862,0.7085150062309098,0.6444444444444445,0.0,0.0,0.0,0.0,2002,clin,0.8
3,3,lr1e-04_bs32_modL1_fusion32_fusionL1_drop0p2_trmiss80_trlocclin,32,0.0001,1,32,1,0.2,lr1e-04_bs32_modL1_fusion32_fusionL1_drop0p2_trmiss80_trlocclin,12,0.5006370941797892,0.6466304659843445,0.5668103448275862,0.7050888519219847,0.6444444444444445,0.0,0.0,0.0,0.0,2002,clin,0.8
3,3,lr1e-04_bs32_modL1_fusion32_fusionL1_drop0p2_trmiss80_trlocclin,32,0.0001,1,32,1,0.2,lr1e-04_bs32_modL1_fusion32_fusionL1_drop0p2_trmiss80_trlocclin,13,0.483883003393809,0.641900360584259,0.5775862068965517,0.7247991606098143,0.6222222222222222,0.0,0.0,0.0,0.0,2002,clin,0.8
3,3,lr1e-04_bs32_modL1_fusion32_fusionL1_drop0p2_trmiss80_trlocclin,32,0.0001,1,32,1,0.2,lr1e-04_bs32_modL1_fusion32_fusionL1_drop0p2_trmiss80_trlocclin,14,0.4931582411130269,0.6413264274597168,0.5797413793103449,0.7107165041744953,0.6222222222222222,0.0,0.0,0.0,0.0,2002,clin,0.8
3,3,lr1e-04_bs32_modL1_fusion32_fusionL1_drop0p2_trmiss80_trlocclin,32,0.0001,1,32,1,0.2,lr1e-04_bs32_modL1_fusion32_fusionL1_drop0p2_trmiss80_trlocclin,15,0.4683068096637726,0.6383044719696045,0.5883620689655172,0.7189170279266175,0.6444444444444445,0.0,0.0,0.0,0.0,2002,clin,0.8
3,3,lr1e-04_bs32_modL1_fusion32_fusionL1_drop0p2_trmiss80_trlocclin,32,0.0001,1,32,1,0.2,lr1e-04_bs32_modL1_fusion32_fusionL1_drop0p2_trmiss80_trlocclin,16,0.47004468739032745,0.6351384520530701,0.5926724137931034,0.7193033998182041,0.6444444444444445,0.0,0.0,0.0,0.0,2002,clin,0.8
3,3,lr1e-04_bs32_modL1_fusion32_fusionL1_drop0p2_trmiss80_trlocclin,32,0.0001,1,32,1,0.2,lr1e-04_bs32_modL1_fusion32_fusionL1_drop0p2_trmiss80_trlocclin,17,0.46307075023651123,0.6322486996650696,0.6077586206896552,0.7316240837294532,0.6444444444444445,0.0,0.0,0.0,0.0,2002,clin,0.8
3,3,lr1e-04_bs32_modL1_fusion32_fusionL1_drop0p2_trmiss80_trlocclin,32,0.0001,1,32,1,0.2,lr1e-04_bs32_modL1_fusion32_fusionL1_drop0p2_trmiss80_trlocclin,18,0.4603133499622345,0.6316796541213989,0.6056034482758621,0.7269994243984985,0.6444444444444445,0.0,0.0,0.0,0.0,2002,clin,0.8
3,3,lr1e-04_bs32_modL1_fusion32_fusionL1_drop0p2_trmiss80_trlocclin,32,0.0001,1,32,1,0.2,lr1e-04_bs32_modL1_fusion32_fusionL1_drop0p2_trmiss80_trlocclin,19,0.45701252420743305,0.6301483511924744,0.6163793103448276,0.7317267269506083,0.6666666666666666,0.0,0.0,0.0,0.0,2002,clin,0.8
3,3,lr1e-04_bs32_modL1_fusion32_fusionL1_drop0p2_trmiss80_trlocclin,32,0.0001,1,32,1,0.2,lr1e-04_bs32_modL1_fusion32_fusionL1_drop0p2_trmiss80_trlocclin,20,0.4491492211818695,0.6347629725933075,0.6012931034482759,0.703805631247556,0.6666666666666666,0.0,0.0,0.0,0.0,2002,clin,0.8
3,3,lr1e-04_bs32_modL1_fusion32_fusionL1_drop0p2_trmiss80_trlocclin,32,0.0001,1,32,1,0.2,lr1e-04_bs32_modL1_fusion32_fusionL1_drop0p2_trmiss80_trlocclin,21,0.44009295105934143,0.6375049650669098,0.5862068965517242,0.6950786703933922,0.6444444444444445,0.0,0.0,0.0,0.0,2002,clin,0.8
3,3,lr1e-04_bs32_modL1_fusion32_fusionL1_drop0p2_trmiss80_trlocclin,32,0.0001,1,32,1,0.2,lr1e-04_bs32_modL1_fusion32_fusionL1_drop0p2_trmiss80_trlocclin,22,0.43983539442221325,0.6348646581172943,0.5969827586206897,0.7180135482264554,0.6444444444444445,0.0,0.0,0.0,0.0,2002,clin,0.8
3,3,lr1e-04_bs32_modL1_fusion32_fusionL1_drop0p2_trmiss80_trlocclin,32,0.0001,1,32,1,0.2,lr1e-04_bs32_modL1_fusion32_fusionL1_drop0p2_trmiss80_trlocclin,23,0.43082914253075916,0.6345690786838531,0.5969827586206897,0.7129822070562069,0.6444444444444445,0.0,0.0,0.0,0.0,2002,clin,0.8
3,3,lr1e-04_bs32_modL1_fusion32_fusionL1_drop0p2_trmiss80_trlocclin,32,0.0001,1,32,1,0.2,lr1e-04_bs32_modL1_fusion32_fusionL1_drop0p2_trmiss80_trlocclin,24,0.41591885685920715,0.638734370470047,0.5862068965517242,0.7125053097093179,0.6444444444444445,0.0,0.0,0.0,0.0,2002,clin,0.8
3,3,lr1e-04_bs32_modL1_fusion32_fusionL1_drop0p2_trmiss80_trlocclin,32,0.0001,1,32,1,0.2,lr1e-04_bs32_modL1_fusion32_fusionL1_drop0p2_trmiss80_trlocclin,25,0.3958543042341868,0.6398679316043854,0.5775862068965517,0.7072652756308235,0.6222222222222222,0.0,0.0,0.0,0.0,2002,clin,0.8
3,3,lr1e-04_bs32_modL1_fusion32_fusionL1_drop0p2_trmiss80_trlocclin,32,0.0001,1,32,1,0.2,lr1e-04_bs32_modL1_fusion32_fusionL1_drop0p2_trmiss80_trlocclin,26,0.40029775599638623,0.6379863321781158,0.5883620689655172,0.7128738957675593,0.6222222222222222,0.0,0.0,0.0,0.0,2002,clin,0.8
3,3,lr1e-04_bs32_modL1_fusion32_fusionL1_drop0p2_trmiss80_trlocclin,32,0.0001,1,32,1,0.2,lr1e-04_bs32_modL1_fusion32_fusionL1_drop0p2_trmiss80_trlocclin,27,0.4027201731999715,0.6352086663246155,0.6012931034482758,0.7198926326190529,0.6444444444444445,0.0,0.0,0.0,0.0,2002,clin,0.8
3,3,lr1e-04_bs32_modL1_fusion32_fusionL1_drop0p2_trmiss80_trlocclin,32,0.0001,1,32,1,0.2,lr1e-04_bs32_modL1_fusion32_fusionL1_drop0p2_trmiss80_trlocclin,28,0.39119330048561096,0.6316181719303131,0.5905172413793104,0.7083956948154984,0.6444444444444445,0.0,0.0,0.0,0.0,2002,clin,0.8
3,3,lr1e-04_bs32_modL1_fusion32_fusionL1_drop0p2_trmiss80_trlocclin,32,0.0001,1,32,1,0.2,lr1e-04_bs32_modL1_fusion32_fusionL1_drop0p2_trmiss80_trlocclin,29,0.3911299854516983,0.6354160010814667,0.5905172413793104,0.7080492771152576,0.6444444444444445,0.0,0.0,0.0,0.0,2002,clin,0.8
3,3,lr1e-04_bs32_modL1_fusion32_fusionL1_drop0p2_trmiss80_trlocclin,32,0.0001,1,32,1,0.2,lr1e-04_bs32_modL1_fusion32_fusionL1_drop0p2_trmiss80_trlocclin,30,0.3824160695075989,0.6388773322105408,0.5948275862068966,0.7093084320502647,0.6666666666666666,0.0,0.0,0.0,0.0,2002,clin,0.8
3,3,lr1e-04_bs32_modL1_fusion32_fusionL1_drop0p2_trmiss80_trlocclin,32,0.0001,1,32,1,0.2,lr1e-04_bs32_modL1_fusion32_fusionL1_drop0p2_trmiss80_trlocclin,31,0.38963404297828674,0.6423464417457581,0.5818965517241379,0.7068640161689219,0.6222222222222222,0.0,0.0,0.0,0.0,2002,clin,0.8
3,3,lr1e-04_bs32_modL1_fusion32_fusionL1_drop0p2_trmiss80_trlocclin,32,0.0001,1,32,1,0.2,lr1e-04_bs32_modL1_fusion32_fusionL1_drop0p2_trmiss80_trlocclin,32,0.3862331360578537,0.6398208141326904,0.5948275862068966,0.7140641132246432,0.6444444444444445,0.0,0.0,0.0,0.0,2002,clin,0.8
3,3,lr1e-04_bs32_modL1_fusion32_fusionL1_drop0p2_trmiss80_trlocclin,32,0.0001,1,32,1,0.2,lr1e-04_bs32_modL1_fusion32_fusionL1_drop0p2_trmiss80_trlocclin,33,0.38545844455560047,0.6377450823783875,0.5883620689655172,0.7074536399011555,0.6666666666666666,0.0,0.0,0.0,0.0,2002,clin,0.8
3,3,lr1e-04_bs32_modL1_fusion32_fusionL1_drop0p2_trmiss80_trlocclin,32,0.0001,1,32,1,0.2,lr1e-04_bs32_modL1_fusion32_fusionL1_drop0p2_trmiss80_trlocclin,34,0.38217663764953613,0.635997861623764,0.6056034482758621,0.7160757302193621,0.7111111111111111,0.0,0.0,0.0,0.0,2002,clin,0.8
3,3,lr1e-04_bs32_modL1_fusion32_fusionL1_drop0p2_trmiss80_trlocclin,32,0.0001,1,32,1,0.2,lr1e-04_bs32_modL1_fusion32_fusionL1_drop0p2_trmiss80_trlocclin,35,0.3759397218624751,0.6380016803741455,0.5969827586206897,0.7106548833177848,0.6666666666666666,0.0,0.0,0.0,0.0,2002,clin,0.8
3,3,lr1e-04_bs32_modL1_fusion32_fusionL1_drop0p2_trmiss80_trlocclin,32,0.0001,1,32,1,0.2,lr1e-04_bs32_modL1_fusion32_fusionL1_drop0p2_trmiss80_trlocclin,36,0.3703014651934306,0.6380415260791779,0.5969827586206897,0.7106548833177848,0.6666666666666666,0.0,0.0,0.0,0.0,2002,clin,0.8
3,3,lr1e-04_bs32_modL1_fusion32_fusionL1_drop0p2_trmiss80_trlocclin,32,0.0001,1,32,1,0.2,lr1e-04_bs32_modL1_fusion32_fusionL1_drop0p2_trmiss80_trlocclin,37,0.37726037700970966,0.6394865214824677,0.6012931034482758,0.7134869019392771,0.6666666666666666,0.0,0.0,0.0,0.0,2002,clin,0.8
3,3,lr1e-04_bs32_modL1_fusion32_fusionL1_drop0p2_trmiss80_trlocclin,32,0.0001,1,32,1,0.2,lr1e-04_bs32_modL1_fusion32_fusionL1_drop0p2_trmiss80_trlocclin,38,0.3742447892824809,0.6389956474304199,0.5969827586206897,0.7113714081722409,0.6444444444444445,0.0,0.0,0.0,0.0,2002,clin,0.8
3,3,lr1e-04_bs32_modL1_fusion32_fusionL1_drop0p2_trmiss80_trlocclin,32,0.0001,1,32,1,0.2,lr1e-04_bs32_modL1_fusion32_fusionL1_drop0p2_trmiss80_trlocclin,39,0.35985637704531354,0.6375526189804077,0.6056034482758621,0.7172819574584708,0.6666666666666666,0.0,0.0,0.0,0.0,2002,clin,0.8
3,3,lr1e-04_bs32_modL1_fusion32_fusionL1_drop0p1_trmiss80_trlocclin,32,0.0001,1,32,1,0.1,lr1e-04_bs32_modL1_fusion32_fusionL1_drop0p1_trmiss80_trlocclin,1,0.6974589924017588,0.7026064693927765,0.49353448275862066,0.6537761151016492,0.4222222222222222,0.0,0.0,0.0,0.0,2002,clin,0.8
3,3,lr1e-04_bs32_modL1_fusion32_fusionL1_drop0p1_trmiss80_trlocclin,32,0.0001,1,32,1,0.1,lr1e-04_bs32_modL1_fusion32_fusionL1_drop0p1_trmiss80_trlocclin,2,0.6430662572383881,0.7008861601352692,0.5237068965517241,0.6768797488575025,0.4444444444444444,0.0,0.0,0.0,0.0,2002,clin,0.8
3,3,lr1e-04_bs32_modL1_fusion32_fusionL1_drop0p1_trmiss80_trlocclin,32,0.0001,1,32,1,0.1,lr1e-04_bs32_modL1_fusion32_fusionL1_drop0p1_trmiss80_trlocclin,3,0.6170171797275543,0.6953311562538147,0.5474137931034483,0.7132190232453817,0.4888888888888889,0.0,0.0,0.0,0.0,2002,clin,0.8
3,3,lr1e-04_bs32_modL1_fusion32_fusionL1_drop0p1_trmiss80_trlocclin,32,0.0001,1,32,1,0.1,lr1e-04_bs32_modL1_fusion32_fusionL1_drop0p1_trmiss80_trlocclin,4,0.6065354148546854,0.6871510446071625,0.5711206896551724,0.7376101340814375,0.5555555555555556,0.0,0.0,0.0,0.0,2002,clin,0.8
3,3,lr1e-04_bs32_modL1_fusion32_fusionL1_drop0p1_trmiss80_trlocclin,32,0.0001,1,32,1,0.1,lr1e-04_bs32_modL1_fusion32_fusionL1_drop0p1_trmiss80_trlocclin,5,0.5758099059263865,0.6806576550006866,0.5905172413793104,0.7614646282205946,0.5333333333333333,0.0,0.0,0.0,0.0,2002,clin,0.8
3,3,lr1e-04_bs32_modL1_fusion32_fusionL1_drop0p1_trmiss80_trlocclin,32,0.0001,1,32,1,0.1,lr1e-04_bs32_modL1_fusion32_fusionL1_drop0p1_trmiss80_trlocclin,6,0.5464651087919871,0.6807046234607697,0.5818965517241379,0.765987815753014,0.5333333333333333,0.0,0.0,0.0,0.0,2002,clin,0.8
3,3,lr1e-04_bs32_modL1_fusion32_fusionL1_drop0p1_trmiss80_trlocclin,32,0.0001,1,32,1,0.1,lr1e-04_bs32_modL1_fusion32_fusionL1_drop0p1_trmiss80_trlocclin,7,0.5482247968514761,0.6758607029914856,0.5905172413793104,0.7577784670354877,0.5555555555555556,0.0,0.0,0.0,0.0,2002,clin,0.8
3,3,lr1e-04_bs32_modL1_fusion32_fusionL1_drop0p1_trmiss80_trlocclin,32,0.0001,1,32,1,0.1,lr1e-04_bs32_modL1_fusion32_fusionL1_drop0p1_trmiss80_trlocclin,8,0.5240663488705953,0.6692024171352386,0.6077586206896551,0.7468598984435383,0.5777777777777777,0.0,0.0,0.0,0.0,2002,clin,0.8
3,3,lr1e-04_bs32_modL1_fusion32_fusionL1_drop0p1_trmiss80_trlocclin,32,0.0001,1,32,1,0.1,lr1e-04_bs32_modL1_fusion32_fusionL1_drop0p1_trmiss80_trlocclin,9,0.5131134390830994,0.674544095993042,0.603448275862069,0.7405429711478102,0.5555555555555556,0.0,0.0,0.0,0.0,2002,clin,0.8
3,3,lr1e-04_bs32_modL1_fusion32_fusionL1_drop0p1_trmiss80_trlocclin,32,0.0001,1,32,1,0.1,lr1e-04_bs32_modL1_fusion32_fusionL1_drop0p1_trmiss80_trlocclin,10,0.5075246741374334,0.6749232709407806,0.6077586206896551,0.7444660741166838,0.5555555555555556,0.0,0.0,0.0,0.0,2002,clin,0.8
3,3,lr1e-04_bs32_modL1_fusion32_fusionL1_drop0p1_trmiss80_trlocclin,32,0.0001,1,32,1,0.1,lr1e-04_bs32_modL1_fusion32_fusionL1_drop0p1_trmiss80_trlocclin,11,0.4811563938856125,0.6722600758075714,0.6099137931034483,0.7522038892337763,0.6222222222222222,0.0,0.0,0.0,0.0,2002,clin,0.8
3,3,lr1e-04_bs32_modL1_fusion32_fusionL1_drop0p1_trmiss80_trlocclin,32,0.0001,1,32,1,0.1,lr1e-04_bs32_modL1_fusion32_fusionL1_drop0p1_trmiss80_trlocclin,12,0.4823853721221288,0.6645806133747101,0.6120689655172413,0.7548432268418874,0.5777777777777777,0.0,0.0,0.0,0.0,2002,clin,0.8
3,3,lr1e-04_bs32_modL1_fusion32_fusionL1_drop0p1_trmiss80_trlocclin,32,0.0001,1,32,1,0.1,lr1e-04_bs32_modL1_fusion32_fusionL1_drop0p1_trmiss80_trlocclin,13,0.47187938292821247,0.6672706604003906,0.6142241379310345,0.7584615349974007,0.5555555555555556,0.0,0.0,0.0,0.0,2002,clin,0.8
3,3,lr1e-04_bs32_modL1_fusion32_fusionL1_drop0p1_trmiss80_trlocclin,32,0.0001,1,32,1,0.1,lr1e-04_bs32_modL1_fusion32_fusionL1_drop0p1_trmiss80_trlocclin,14,0.4679630994796753,0.674193799495697,0.5905172413793103,0.7445893944650764,0.5555555555555556,0.0,0.0,0.0,0.0,2002,clin,0.8
3,3,lr1e-04_bs32_modL1_fusion32_fusionL1_drop0p1_trmiss80_trlocclin,32,0.0001,1,32,1,0.1,lr1e-04_bs32_modL1_fusion32_fusionL1_drop0p1_trmiss80_trlocclin,15,0.44790180524190265,0.6759126782417297,0.5732758620689655,0.7270595452528249,0.5555555555555556,0.0,0.0,0.0,0.0,2002,clin,0.8
3,3,lr1e-04_bs32_modL1_fusion32_fusionL1_drop0p1_trmiss80_trlocclin,32,0.0001,1,32,1,0.1,lr1e-04_bs32_modL1_fusion32_fusionL1_drop0p1_trmiss80_trlocclin,16,0.432285209496816,0.6702878177165985,0.5754310344827586,0.7289134676842605,0.5777777777777777,0.0,0.0,0.0,0.0,2002,clin,0.8
3,3,lr1e-04_bs32_modL1_fusion32_fusionL1_drop0p1_trmiss80_trlocclin,32,0.0001,1,32,1,0.1,lr1e-04_bs32_modL1_fusion32_fusionL1_drop0p1_trmiss80_trlocclin,17,0.42250582079092663,0.6653719842433929,0.5840517241379309,0.7260535172552756,0.6,0.0,0.0,0.0,0.0,2002,clin,0.8
3,3,lr1e-04_bs32_modL1_fusion32_fusionL1_drop0p1_trmiss80_trlocclin,32,0.0001,1,32,1,0.1,lr1e-04_bs32_modL1_fusion32_fusionL1_drop0p1_trmiss80_trlocclin,18,0.4235829810301463,0.6594421565532684,0.6056034482758621,0.737886380179992,0.6,0.0,0.0,0.0,0.0,2002,clin,0.8
3,3,lr1e-04_bs32_modL1_fusion32_fusionL1_drop0p1_trmiss80_trlocclin,32,0.0001,1,32,1,0.1,lr1e-04_bs32_modL1_fusion32_fusionL1_drop0p1_trmiss80_trlocclin,19,0.41016673545042676,0.6607284545898438,0.6099137931034483,0.7472396215991985,0.5777777777777777,0.0,0.0,0.0,0.0,2002,clin,0.8
3,3,lr1e-04_bs32_modL1_fusion32_fusionL1_drop0p1_trmiss80_trlocclin,32,0.0001,1,32,1,0.1,lr1e-04_bs32_modL1_fusion32_fusionL1_drop0p1_trmiss80_trlocclin,20,0.40706974267959595,0.6668426990509033,0.5969827586206896,0.73657597103998,0.5777777777777777,0.0,0.0,0.0,0.0,2002,clin,0.8
3,3,lr1e-04_bs32_modL1_fusion32_fusionL1_drop0p1_trmiss80_trlocclin,32,0.0001,1,32,1,0.1,lr1e-04_bs32_modL1_fusion32_fusionL1_drop0p1_trmiss80_trlocclin,21,0.4045679320891698,0.6693218648433685,0.5883620689655171,0.7281335162299136,0.5555555555555556,0.0,0.0,0.0,0.0,2002,clin,0.8
3,3,lr1e-04_bs32_modL1_fusion32_fusionL1_drop0p1_trmiss80_trlocclin,32,0.0001,1,32,1,0.1,lr1e-04_bs32_modL1_fusion32_fusionL1_drop0p1_trmiss80_trlocclin,22,0.39099687337875366,0.6664146184921265,0.5969827586206896,0.7413962688622614,0.6222222222222222,0.0,0.0,0.0,0.0,2002,clin,0.8
3,3,lr1e-04_bs32_modL1_fusion32_fusionL1_drop0p1_trmiss80_trlocclin,32,0.0001,1,32,1,0.1,lr1e-04_bs32_modL1_fusion32_fusionL1_drop0p1_trmiss80_trlocclin,23,0.38530027369658154,0.6684519350528717,0.5926724137931034,0.7387159356619061,0.6,0.0,0.0,0.0,0.0,2002,clin,0.8
3,3,lr1e-04_bs32_modL1_fusion32_fusionL1_drop0p1_trmiss80_trlocclin,32,0.0001,1,32,1,0.1,lr1e-04_bs32_modL1_fusion32_fusionL1_drop0p1_trmiss80_trlocclin,24,0.3753393590450287,0.6695893108844757,0.5905172413793104,0.727104736714203,0.6,0.0,0.0,0.0,0.0,2002,clin,0.8
3,3,lr1e-04_bs32_modL1_fusion32_fusionL1_drop0p1_trmiss80_trlocclin,32,0.0001,1,32,1,0.1,lr1e-04_bs32_modL1_fusion32_fusionL1_drop0p1_trmiss80_trlocclin,25,0.37954117854436237,0.6676188409328461,0.5948275862068966,0.7317537384391288,0.5777777777777777,0.0,0.0,0.0,0.0,2002,clin,0.8
3,3,lr1e-04_bs32_modL1_fusion32_fusionL1_drop0p1_trmiss80_trlocclin,32,0.0001,1,32,1,0.1,lr1e-04_bs32_modL1_fusion32_fusionL1_drop0p1_trmiss80_trlocclin,26,0.36857470373312634,0.6707941293716431,0.5883620689655172,0.7310138585557944,0.5777777777777777,0.0,0.0,0.0,0.0,2002,clin,0.8
3,3,lr1e-04_bs32_modL1_fusion32_fusionL1_drop0p1_trmiss80_trlocclin,32,0.0001,1,32,1,0.1,lr1e-04_bs32_modL1_fusion32_fusionL1_drop0p1_trmiss80_trlocclin,27,0.3711350013812383,0.6684079170227051,0.5754310344827587,0.7215207406895543,0.5777777777777777,0.0,0.0,0.0,0.0,2002,clin,0.8
3,3,lr1e-04_bs32_modL1_fusion32_fusionL1_drop0p1_trmiss80_trlocclin,32,0.0001,1,32,1,0.1,lr1e-04_bs32_modL1_fusion32_fusionL1_drop0p1_trmiss80_trlocclin,28,0.3566322475671768,0.6650751233100891,0.5883620689655172,0.7395096362710286,0.5555555555555556,0.0,0.0,0.0,0.0,2002,clin,0.8
3,3,lr1e-04_bs32_modL1_fusion32_fusionL1_drop0p1_trmiss80_trlocclin,32,0.0001,1,32,1,0.1,lr1e-04_bs32_modL1_fusion32_fusionL1_drop0p1_trmiss80_trlocclin,29,0.3699018905560176,0.6688968241214752,0.5948275862068966,0.7464739847807295,0.5777777777777777,0.0,0.0,0.0,0.0,2002,clin,0.8
3,3,lr1e-04_bs32_modL1_fusion32_fusionL1_drop0p1_trmiss80_trlocclin,32,0.0001,1,32,1,0.1,lr1e-04_bs32_modL1_fusion32_fusionL1_drop0p1_trmiss80_trlocclin,30,0.3447023282448451,0.6641958355903625,0.6012931034482758,0.742296550970653,0.6,0.0,0.0,0.0,0.0,2002,clin,0.8
3,3,lr1e-04_bs32_modL1_fusion32_fusionL1_drop0p1_trmiss80_trlocclin,32,0.0001,1,32,1,0.1,lr1e-04_bs32_modL1_fusion32_fusionL1_drop0p1_trmiss80_trlocclin,31,0.3426031867663066,0.6634500920772552,0.6012931034482759,0.739863670951566,0.6,0.0,0.0,0.0,0.0,2002,clin,0.8
3,3,lr1e-04_bs32_modL1_fusion32_fusionL1_drop0p1_trmiss80_trlocclin,32,0.0001,1,32,1,0.1,lr1e-04_bs32_modL1_fusion32_fusionL1_drop0p1_trmiss80_trlocclin,32,0.35631974041461945,0.6629789769649506,0.5948275862068966,0.7326533393357646,0.5555555555555556,0.0,0.0,0.0,0.0,2002,clin,0.8
3,3,lr1e-04_bs32_modL1_fusion32_fusionL1_drop0p1_trmiss80_trlocclin,32,0.0001,1,32,1,0.1,lr1e-04_bs32_modL1_fusion32_fusionL1_drop0p1_trmiss80_trlocclin,33,0.3470570097366969,0.6603277921676636,0.5862068965517241,0.7286273834188188,0.6,0.0,0.0,0.0,0.0,2002,clin,0.8
3,3,lr1e-04_bs32_modL1_fusion64_fusionL1_drop0p2_trmiss80_trlocclin,32,0.0001,1,64,1,0.2,lr1e-04_bs32_modL1_fusion64_fusionL1_drop0p2_trmiss80_trlocclin,1,0.7617842853069305,0.6899627447128296,0.4612068965517241,0.6331432238604026,0.6222222222222222,0.0,0.0,0.0,0.0,2002,clin,0.8
3,3,lr1e-04_bs32_modL1_fusion64_fusionL1_drop0p2_trmiss80_trlocclin,32,0.0001,1,64,1,0.2,lr1e-04_bs32_modL1_fusion64_fusionL1_drop0p2_trmiss80_trlocclin,2,0.690073957045873,0.6858548521995544,0.5107758620689655,0.6656242175004108,0.5555555555555556,0.0,0.0,0.0,0.0,2002,clin,0.8
3,3,lr1e-04_bs32_modL1_fusion64_fusionL1_drop0p2_trmiss80_trlocclin,32,0.0001,1,64,1,0.2,lr1e-04_bs32_modL1_fusion64_fusionL1_drop0p2_trmiss80_trlocclin,3,0.6706297794977824,0.6843749284744263,0.5301724137931034,0.680807167959515,0.6,0.0,0.0,0.0,0.0,2002,clin,0.8
3,3,lr1e-04_bs32_modL1_fusion64_fusionL1_drop0p2_trmiss80_trlocclin,32,0.0001,1,64,1,0.2,lr1e-04_bs32_modL1_fusion64_fusionL1_drop0p2_trmiss80_trlocclin,4,0.6365965803464254,0.6818165481090546,0.5387931034482758,0.6969335763079424,0.6,0.0,0.0,0.0,0.0,2002,clin,0.8
3,3,lr1e-04_bs32_modL1_fusion64_fusionL1_drop0p2_trmiss80_trlocclin,32,0.0001,1,64,1,0.2,lr1e-04_bs32_modL1_fusion64_fusionL1_drop0p2_trmiss80_trlocclin,5,0.6305359999338785,0.6808368861675262,0.5431034482758621,0.6996837548995621,0.6444444444444445,0.0,0.0,0.0,0.0,2002,clin,0.8
3,3,lr1e-04_bs32_modL1_fusion64_fusionL1_drop0p2_trmiss80_trlocclin,32,0.0001,1,64,1,0.2,lr1e-04_bs32_modL1_fusion64_fusionL1_drop0p2_trmiss80_trlocclin,6,0.605472077926,0.6778801679611206,0.5581896551724137,0.7173412330091842,0.6222222222222222,0.0,0.0,0.0,0.0,2002,clin,0.8
3,3,lr1e-04_bs32_modL1_fusion64_fusionL1_drop0p2_trmiss80_trlocclin,32,0.0001,1,64,1,0.2,lr1e-04_bs32_modL1_fusion64_fusionL1_drop0p2_trmiss80_trlocclin,7,0.6030513246854147,0.6721419095993042,0.5668103448275863,0.7232187930747129,0.6,0.0,0.0,0.0,0.0,2002,clin,0.8
3,3,lr1e-04_bs32_modL1_fusion64_fusionL1_drop0p2_trmiss80_trlocclin,32,0.0001,1,64,1,0.2,lr1e-04_bs32_modL1_fusion64_fusionL1_drop0p2_trmiss80_trlocclin,8,0.5783514976501465,0.6659815311431885,0.5926724137931034,0.7320588023727886,0.6,0.0,0.0,0.0,0.0,2002,clin,0.8
3,3,lr1e-04_bs32_modL1_fusion64_fusionL1_drop0p2_trmiss80_trlocclin,32,0.0001,1,64,1,0.2,lr1e-04_bs32_modL1_fusion64_fusionL1_drop0p2_trmiss80_trlocclin,9,0.5881229440371195,0.6586553454399109,0.6228448275862069,0.7574320418754185,0.6222222222222222,0.0,0.0,0.0,0.0,2002,clin,0.8
3,3,lr1e-04_bs32_modL1_fusion64_fusionL1_drop0p2_trmiss80_trlocclin,32,0.0001,1,64,1,0.2,lr1e-04_bs32_modL1_fusion64_fusionL1_drop0p2_trmiss80_trlocclin,10,0.5534992317358652,0.6554982662200928,0.6163793103448276,0.7582840898021945,0.6222222222222222,0.0,0.0,0.0,0.0,2002,clin,0.8
3,3,lr1e-04_bs32_modL1_fusion64_fusionL1_drop0p2_trmiss80_trlocclin,32,0.0001,1,64,1,0.2,lr1e-04_bs32_modL1_fusion64_fusionL1_drop0p2_trmiss80_trlocclin,11,0.5409374535083771,0.6510427594184875,0.6314655172413792,0.7704478624812391,0.6222222222222222,0.0,0.0,0.0,0.0,2002,clin,0.8
3,3,lr1e-04_bs32_modL1_fusion64_fusionL1_drop0p2_trmiss80_trlocclin,32,0.0001,1,64,1,0.2,lr1e-04_bs32_modL1_fusion64_fusionL1_drop0p2_trmiss80_trlocclin,12,0.5244558354218801,0.648863822221756,0.6099137931034483,0.7566375693840772,0.5777777777777777,0.0,0.0,0.0,0.0,2002,clin,0.8
3,3,lr1e-04_bs32_modL1_fusion64_fusionL1_drop0p2_trmiss80_trlocclin,32,0.0001,1,64,1,0.2,lr1e-04_bs32_modL1_fusion64_fusionL1_drop0p2_trmiss80_trlocclin,13,0.5008659064769745,0.6444010436534882,0.6142241379310345,0.7543000082283552,0.5777777777777777,0.0,0.0,0.0,0.0,2002,clin,0.8
3,3,lr1e-04_bs32_modL1_fusion64_fusionL1_drop0p2_trmiss80_trlocclin,32,0.0001,1,64,1,0.2,lr1e-04_bs32_modL1_fusion64_fusionL1_drop0p2_trmiss80_trlocclin,14,0.4999421536922455,0.6401106417179108,0.6185344827586208,0.7331397001208193,0.6,0.0,0.0,0.0,0.0,2002,clin,0.8
3,3,lr1e-04_bs32_modL1_fusion64_fusionL1_drop0p2_trmiss80_trlocclin,32,0.0001,1,64,1,0.2,lr1e-04_bs32_modL1_fusion64_fusionL1_drop0p2_trmiss80_trlocclin,15,0.5061256637175878,0.6331329047679901,0.6443965517241379,0.7560720351297786,0.5777777777777777,0.0,0.0,0.0,0.0,2002,clin,0.8
3,3,lr1e-04_bs32_modL1_fusion64_fusionL1_drop0p2_trmiss80_trlocclin,32,0.0001,1,64,1,0.2,lr1e-04_bs32_modL1_fusion64_fusionL1_drop0p2_trmiss80_trlocclin,16,0.47272035479545593,0.6286670565605164,0.6379310344827586,0.741128597704703,0.6222222222222222,0.0,0.0,0.0,0.0,2002,clin,0.8
3,3,lr1e-04_bs32_modL1_fusion64_fusionL1_drop0p2_trmiss80_trlocclin,32,0.0001,1,64,1,0.2,lr1e-04_bs32_modL1_fusion64_fusionL1_drop0p2_trmiss80_trlocclin,17,0.483104407787323,0.6309560239315033,0.6422413793103448,0.7625307241648268,0.6,0.0,0.0,0.0,0.0,2002,clin,0.8
3,3,lr1e-04_bs32_modL1_fusion64_fusionL1_drop0p2_trmiss80_trlocclin,32,0.0001,1,64,1,0.2,lr1e-04_bs32_modL1_fusion64_fusionL1_drop0p2_trmiss80_trlocclin,18,0.4656739781300227,0.6359224915504456,0.6293103448275862,0.7401381718591535,0.6,0.0,0.0,0.0,0.0,2002,clin,0.8
3,3,lr1e-04_bs32_modL1_fusion64_fusionL1_drop0p2_trmiss80_trlocclin,32,0.0001,1,64,1,0.2,lr1e-04_bs32_modL1_fusion64_fusionL1_drop0p2_trmiss80_trlocclin,19,0.45997852087020874,0.6354771554470062,0.6206896551724138,0.7284251883479167,0.6,0.0,0.0,0.0,0.0,2002,clin,0.8
3,3,lr1e-04_bs32_modL1_fusion64_fusionL1_drop0p2_trmiss80_trlocclin,32,0.0001,1,64,1,0.2,lr1e-04_bs32_modL1_fusion64_fusionL1_drop0p2_trmiss80_trlocclin,20,0.43929976721604663,0.6297653913497925,0.6422413793103449,0.7433567110023012,0.5777777777777777,0.0,0.0,0.0,0.0,2002,clin,0.8
3,3,lr1e-04_bs32_modL1_fusion64_fusionL1_drop0p2_trmiss80_trlocclin,32,0.0001,1,64,1,0.2,lr1e-04_bs32_modL1_fusion64_fusionL1_drop0p2_trmiss80_trlocclin,21,0.4274760037660599,0.6256729960441589,0.6487068965517242,0.7399575358961489,0.6,0.0,0.0,0.0,0.0,2002,clin,0.8
3,3,lr1e-04_bs32_modL1_fusion64_fusionL1_drop0p2_trmiss80_trlocclin,32,0.0001,1,64,1,0.2,lr1e-04_bs32_modL1_fusion64_fusionL1_drop0p2_trmiss80_trlocclin,22,0.40566198031107586,0.6261067688465118,0.6551724137931034,0.7710379985181935,0.6222222222222222,0.0,0.0,0.0,0.0,2002,clin,0.8
3,3,lr1e-04_bs32_modL1_fusion64_fusionL1_drop0p2_trmiss80_trlocclin,32,0.0001,1,64,1,0.2,lr1e-04_bs32_modL1_fusion64_fusionL1_drop0p2_trmiss80_trlocclin,23,0.3984776238600413,0.6241026520729065,0.6422413793103449,0.7530549900591955,0.6,0.0,0.0,0.0,0.0,2002,clin,0.8
3,3,lr1e-04_bs32_modL1_fusion64_fusionL1_drop0p2_trmiss80_trlocclin,32,0.0001,1,64,1,0.2,lr1e-04_bs32_modL1_fusion64_fusionL1_drop0p2_trmiss80_trlocclin,24,0.40255660315354663,0.6271767616271973,0.6443965517241379,0.7498355911297614,0.6,0.0,0.0,0.0,0.0,2002,clin,0.8
3,3,lr1e-04_bs32_modL1_fusion64_fusionL1_drop0p2_trmiss80_trlocclin,32,0.0001,1,64,1,0.2,lr1e-04_bs32_modL1_fusion64_fusionL1_drop0p2_trmiss80_trlocclin,25,0.37585459649562836,0.6289955079555511,0.6422413793103448,0.7430486281358644,0.6,0.0,0.0,0.0,0.0,2002,clin,0.8
3,3,lr1e-04_bs32_modL1_fusion64_fusionL1_drop0p2_trmiss80_trlocclin,32,0.0001,1,64,1,0.2,lr1e-04_bs32_modL1_fusion64_fusionL1_drop0p2_trmiss80_trlocclin,26,0.3818800747394562,0.6349021792411804,0.6357758620689655,0.7410814940566615,0.5777777777777777,0.0,0.0,0.0,0.0,2002,clin,0.8
3,3,lr1e-04_bs32_modL1_fusion64_fusionL1_drop0p2_trmiss80_trlocclin,32,0.0001,1,64,1,0.2,lr1e-04_bs32_modL1_fusion64_fusionL1_drop0p2_trmiss80_trlocclin,27,0.3635108421246211,0.6327166557312012,0.6357758620689655,0.7579931490007706,0.6,0.0,0.0,0.0,0.0,2002,clin,0.8
3,3,lr1e-04_bs32_modL1_fusion64_fusionL1_drop0p2_trmiss80_trlocclin,32,0.0001,1,64,1,0.2,lr1e-04_bs32_modL1_fusion64_fusionL1_drop0p2_trmiss80_trlocclin,28,0.3609638412793477,0.6298209130764008,0.6336206896551724,0.739501384029257,0.6,0.0,0.0,0.0,0.0,2002,clin,0.8
3,3,lr1e-04_bs32_modL1_fusion64_fusionL1_drop0p2_trmiss80_trlocclin,32,0.0001,1,64,1,0.2,lr1e-04_bs32_modL1_fusion64_fusionL1_drop0p2_trmiss80_trlocclin,29,0.3423105925321579,0.6345678269863129,0.6271551724137931,0.7338888225261673,0.6,0.0,0.0,0.0,0.0,2002,clin,0.8
3,3,lr1e-04_bs32_modL1_fusion64_fusionL1_drop0p2_trmiss80_trlocclin,32,0.0001,1,64,1,0.2,lr1e-04_bs32_modL1_fusion64_fusionL1_drop0p2_trmiss80_trlocclin,30,0.33511099219322205,0.6331760585308075,0.6293103448275862,0.7414627222956616,0.6,0.0,0.0,0.0,0.0,2002,clin,0.8
3,3,lr1e-04_bs32_modL1_fusion64_fusionL1_drop0p2_trmiss80_trlocclin,32,0.0001,1,64,1,0.2,lr1e-04_bs32_modL1_fusion64_fusionL1_drop0p2_trmiss80_trlocclin,31,0.3471369544665019,0.6350789964199066,0.6293103448275862,0.7449484775540551,0.6,0.0,0.0,0.0,0.0,2002,clin,0.8
3,3,lr1e-04_bs32_modL1_fusion64_fusionL1_drop0p2_trmiss80_trlocclin,32,0.0001,1,64,1,0.2,lr1e-04_bs32_modL1_fusion64_fusionL1_drop0p2_trmiss80_trlocclin,32,0.3387482116619746,0.6342952847480774,0.6314655172413793,0.7433762191117801,0.5777777777777777,0.0,0.0,0.0,0.0,2002,clin,0.8
3,3,lr1e-04_bs32_modL1_fusion64_fusionL1_drop0p2_trmiss80_trlocclin,32,0.0001,1,64,1,0.2,lr1e-04_bs32_modL1_fusion64_fusionL1_drop0p2_trmiss80_trlocclin,33,0.3191501597563426,0.6342947781085968,0.6142241379310345,0.732362115551755,0.5777777777777777,0.0,0.0,0.0,0.0,2002,clin,0.8
3,3,lr1e-04_bs32_modL1_fusion64_fusionL1_drop0p2_trmiss80_trlocclin,32,0.0001,1,64,1,0.2,lr1e-04_bs32_modL1_fusion64_fusionL1_drop0p2_trmiss80_trlocclin,34,0.3206547647714615,0.6353742182254791,0.6185344827586207,0.7452477526346847,0.5777777777777777,0.0,0.0,0.0,0.0,2002,clin,0.8
3,3,lr1e-04_bs32_modL1_fusion64_fusionL1_drop0p2_trmiss80_trlocclin,32,0.0001,1,64,1,0.2,lr1e-04_bs32_modL1_fusion64_fusionL1_drop0p2_trmiss80_trlocclin,35,0.31233027080694836,0.638403445482254,0.6206896551724138,0.745423195909915,0.5777777777777777,0.0,0.0,0.0,0.0,2002,clin,0.8
3,3,lr1e-04_bs32_modL1_fusion64_fusionL1_drop0p2_trmiss80_trlocclin,32,0.0001,1,64,1,0.2,lr1e-04_bs32_modL1_fusion64_fusionL1_drop0p2_trmiss80_trlocclin,36,0.31805280844370526,0.6381283402442932,0.627155172413793,0.7368205139117106,0.5777777777777777,0.0,0.0,0.0,0.0,2002,clin,0.8
3,3,lr1e-04_bs32_modL1_fusion64_fusionL1_drop0p2_trmiss80_trlocclin,32,0.0001,1,64,1,0.2,lr1e-04_bs32_modL1_fusion64_fusionL1_drop0p2_trmiss80_trlocclin,37,0.31576059261957806,0.6379757523536682,0.6336206896551724,0.7595634687217533,0.5777777777777777,0.0,0.0,0.0,0.0,2002,clin,0.8
3,3,lr1e-04_bs32_modL1_fusion64_fusionL1_drop0p2_trmiss80_trlocclin,32,0.0001,1,64,1,0.2,lr1e-04_bs32_modL1_fusion64_fusionL1_drop0p2_trmiss80_trlocclin,38,0.30697181324164075,0.6353909075260162,0.6293103448275862,0.7569477423261065,0.6,0.0,0.0,0.0,0.0,2002,clin,0.8
3,3,lr1e-04_bs32_modL1_fusion64_fusionL1_drop0p2_trmiss80_trlocclin,32,0.0001,1,64,1,0.2,lr1e-04_bs32_modL1_fusion64_fusionL1_drop0p2_trmiss80_trlocclin,39,0.3053510934114456,0.6339154541492462,0.6400862068965517,0.770667451735471,0.6,0.0,0.0,0.0,0.0,2002,clin,0.8
3,3,lr1e-04_bs32_modL1_fusion64_fusionL1_drop0p2_trmiss80_trlocclin,32,0.0001,1,64,1,0.2,lr1e-04_bs32_modL1_fusion64_fusionL1_drop0p2_trmiss80_trlocclin,40,0.31157126526037854,0.634376734495163,0.6443965517241379,0.7760093320773513,0.5777777777777777,0.0,0.0,0.0,0.0,2002,clin,0.8
3,3,lr1e-04_bs32_modL1_fusion64_fusionL1_drop0p2_trmiss80_trlocclin,32,0.0001,1,64,1,0.2,lr1e-04_bs32_modL1_fusion64_fusionL1_drop0p2_trmiss80_trlocclin,41,0.3087674578030904,0.6336006820201874,0.6293103448275862,0.7613494283482627,0.6,0.0,0.0,0.0,0.0,2002,clin,0.8
3,3,lr1e-04_bs32_modL1_fusion64_fusionL1_drop0p2_trmiss80_trlocclin,32,0.0001,1,64,1,0.2,lr1e-04_bs32_modL1_fusion64_fusionL1_drop0p2_trmiss80_trlocclin,42,0.29821233948071796,0.6387411057949066,0.627155172413793,0.7577493885413263,0.5777777777777777,0.0,0.0,0.0,0.0,2002,clin,0.8
3,3,lr1e-04_bs32_modL1_fusion64_fusionL1_drop0p1_trmiss80_trlocclin,32,0.0001,1,64,1,0.1,lr1e-04_bs32_modL1_fusion64_fusionL1_drop0p1_trmiss80_trlocclin,1,0.6861026585102081,0.6906226277351379,0.6142241379310345,0.7293152553338951,0.5333333333333333,0.0,0.0,0.0,0.0,2002,clin,0.8
3,3,lr1e-04_bs32_modL1_fusion64_fusionL1_drop0p1_trmiss80_trlocclin,32,0.0001,1,64,1,0.1,lr1e-04_bs32_modL1_fusion64_fusionL1_drop0p1_trmiss80_trlocclin,2,0.619072675704956,0.6772883534431458,0.6293103448275862,0.7403389924553648,0.6444444444444445,0.0,0.0,0.0,0.0,2002,clin,0.8
3,3,lr1e-04_bs32_modL1_fusion64_fusionL1_drop0p1_trmiss80_trlocclin,32,0.0001,1,64,1,0.1,lr1e-04_bs32_modL1_fusion64_fusionL1_drop0p1_trmiss80_trlocclin,3,0.5899173518021902,0.6672435104846954,0.6314655172413792,0.7329490001184173,0.6888888888888889,0.0,0.0,0.0,0.0,2002,clin,0.8
3,3,lr1e-04_bs32_modL1_fusion64_fusionL1_drop0p1_trmiss80_trlocclin,32,0.0001,1,64,1,0.1,lr1e-04_bs32_modL1_fusion64_fusionL1_drop0p1_trmiss80_trlocclin,4,0.5708436866601309,0.656347393989563,0.6400862068965517,0.7329272304322624,0.7111111111111111,0.0,0.0,0.0,0.0,2002,clin,0.8
3,3,lr1e-04_bs32_modL1_fusion64_fusionL1_drop0p1_trmiss80_trlocclin,32,0.0001,1,64,1,0.1,lr1e-04_bs32_modL1_fusion64_fusionL1_drop0p1_trmiss80_trlocclin,5,0.5628442565600077,0.6465274393558502,0.6487068965517242,0.7386675275005414,0.7111111111111111,0.0,0.0,0.0,0.0,2002,clin,0.8
3,3,lr1e-04_bs32_modL1_fusion64_fusionL1_drop0p1_trmiss80_trlocclin,32,0.0001,1,64,1,0.1,lr1e-04_bs32_modL1_fusion64_fusionL1_drop0p1_trmiss80_trlocclin,6,0.5516253213087717,0.6441558301448822,0.6508620689655172,0.7194972853055333,0.7333333333333333,0.0,0.0,0.0,0.0,2002,clin,0.8
3,3,lr1e-04_bs32_modL1_fusion64_fusionL1_drop0p1_trmiss80_trlocclin,32,0.0001,1,64,1,0.1,lr1e-04_bs32_modL1_fusion64_fusionL1_drop0p1_trmiss80_trlocclin,7,0.5227512270212173,0.6442648470401764,0.6293103448275862,0.7001411736468527,0.6666666666666666,0.0,0.0,0.0,0.0,2002,clin,0.8
3,3,lr1e-04_bs32_modL1_fusion64_fusionL1_drop0p1_trmiss80_trlocclin,32,0.0001,1,64,1,0.1,lr1e-04_bs32_modL1_fusion64_fusionL1_drop0p1_trmiss80_trlocclin,8,0.5080568989117941,0.6506659984588623,0.6400862068965517,0.712747781098552,0.7111111111111111,0.0,0.0,0.0,0.0,2002,clin,0.8
3,3,lr1e-04_bs32_modL1_fusion64_fusionL1_drop0p1_trmiss80_trlocclin,32,0.0001,1,64,1,0.1,lr1e-04_bs32_modL1_fusion64_fusionL1_drop0p1_trmiss80_trlocclin,9,0.4948750138282776,0.6512053906917572,0.6379310344827587,0.7147902183788583,0.7111111111111111,0.0,0.0,0.0,0.0,2002,clin,0.8
3,3,lr1e-04_bs32_modL1_fusion64_fusionL1_drop0p1_trmiss80_trlocclin,32,0.0001,1,64,1,0.1,lr1e-04_bs32_modL1_fusion64_fusionL1_drop0p1_trmiss80_trlocclin,10,0.47227007150650024,0.6515112817287445,0.6422413793103449,0.7204100646340467,0.6666666666666666,0.0,0.0,0.0,0.0,2002,clin,0.8
3,3,lr1e-04_bs32_modL1_fusion64_fusionL1_drop0p1_trmiss80_trlocclin,32,0.0001,1,64,1,0.1,lr1e-04_bs32_modL1_fusion64_fusionL1_drop0p1_trmiss80_trlocclin,11,0.47024395565191907,0.6503616273403168,0.644396551724138,0.7272401752192508,0.6666666666666666,0.0,0.0,0.0,0.0,2002,clin,0.8
3,3,lr1e-04_bs32_modL1_fusion64_fusionL1_drop0p1_trmiss80_trlocclin,32,0.0001,1,64,1,0.1,lr1e-04_bs32_modL1_fusion64_fusionL1_drop0p1_trmiss80_trlocclin,12,0.45344345768292743,0.6512743532657623,0.6400862068965517,0.7268998770114721,0.6666666666666666,0.0,0.0,0.0,0.0,2002,clin,0.8
3,3,lr1e-04_bs32_modL1_fusion64_fusionL1_drop0p1_trmiss80_trlocclin,32,0.0001,1,64,1,0.1,lr1e-04_bs32_modL1_fusion64_fusionL1_drop0p1_trmiss80_trlocclin,13,0.44862258434295654,0.6510675847530365,0.6422413793103448,0.7278695200604315,0.6666666666666666,0.0,0.0,0.0,0.0,2002,clin,0.8
3,3,lr1e-04_bs32_modL1_fusion64_fusionL1_drop0p1_trmiss80_trlocclin,32,0.0001,1,64,1,0.1,lr1e-04_bs32_modL1_fusion64_fusionL1_drop0p1_trmiss80_trlocclin,14,0.4407157351573308,0.6509949266910553,0.6357758620689655,0.7202297729617375,0.6666666666666666,0.0,0.0,0.0,0.0,2002,clin,0.8
3,3,lr1e-04_bs32_modL1_fusion64_fusionL1_drop0p1_trmiss80_trlocclin,32,0.0001,1,64,1,0.1,lr1e-04_bs32_modL1_fusion64_fusionL1_drop0p1_trmiss80_trlocclin,15,0.4152773469686508,0.6471844613552094,0.6336206896551724,0.7194653863454238,0.6666666666666666,0.0,0.0,0.0,0.0,2002,clin,0.8
3,3,lr1e-04_bs32_modL1_fusion64_fusionL1_drop0p1_trmiss80_trlocclin,32,0.0001,1,64,1,0.1,lr1e-04_bs32_modL1_fusion64_fusionL1_drop0p1_trmiss80_trlocclin,16,0.4235163927078247,0.6477239727973938,0.6293103448275862,0.7146745990595517,0.6444444444444445,0.0,0.0,0.0,0.0,2002,clin,0.8
3,3,lr1e-04_bs32_modL1_fusion64_fusionL1_drop0p1_trmiss80_trlocclin,32,0.0001,1,64,1,0.1,lr1e-04_bs32_modL1_fusion64_fusionL1_drop0p1_trmiss80_trlocclin,17,0.4115455498298009,0.6447031497955322,0.625,0.7106440364497435,0.6444444444444445,0.0,0.0,0.0,0.0,2002,clin,0.8
3,3,lr1e-04_bs32_modL1_fusion64_fusionL1_drop0p1_trmiss80_trlocclin,32,0.0001,1,64,1,0.1,lr1e-04_bs32_modL1_fusion64_fusionL1_drop0p1_trmiss80_trlocclin,18,0.4131932258605957,0.6485404670238495,0.6314655172413793,0.7197595655329204,0.6222222222222222,0.0,0.0,0.0,0.0,2002,clin,0.8
3,3,lr1e-04_bs32_modL1_fusion64_fusionL1_drop0p1_trmiss80_trlocclin,32,0.0001,1,64,1,0.1,lr1e-04_bs32_modL1_fusion64_fusionL1_drop0p1_trmiss80_trlocclin,19,0.4080747663974762,0.6489220559597015,0.6336206896551724,0.7216487113652885,0.6222222222222222,0.0,0.0,0.0,0.0,2002,clin,0.8
3,3,lr1e-04_bs32_modL1_fusion64_fusionL1_drop0p1_trmiss80_trlocclin,32,0.0001,1,64,1,0.1,lr1e-04_bs32_modL1_fusion64_fusionL1_drop0p1_trmiss80_trlocclin,20,0.4162359933058421,0.649016410112381,0.6293103448275862,0.7209657493889123,0.6222222222222222,0.0,0.0,0.0,0.0,2002,clin,0.8
3,3,lr1e-04_bs32_modL1_fusion64_fusionL1_drop0p1_trmiss80_trlocclin,32,0.0001,1,64,1,0.1,lr1e-04_bs32_modL1_fusion64_fusionL1_drop0p1_trmiss80_trlocclin,21,0.39888868232568103,0.6502850949764252,0.6336206896551724,0.7226930159185875,0.6,0.0,0.0,0.0,0.0,2002,clin,0.8
3,3,lr1e-04_bs32_modL1_fusion64_fusionL1_drop0p1_trmiss80_trlocclin,32,0.0001,1,64,1,0.1,lr1e-04_bs32_modL1_fusion64_fusionL1_drop0p1_trmiss80_trlocclin,22,0.3964576522509257,0.653241366147995,0.6357758620689654,0.7235945629317589,0.6444444444444445,0.0,0.0,0.0,0.0,2002,clin,0.8
3,3,lr1e-04_bs32_modL1_fusion64_fusionL1_drop0p1_trmiss80_trlocclin,32,0.0001,1,64,1,0.1,lr1e-04_bs32_modL1_fusion64_fusionL1_drop0p1_trmiss80_trlocclin,23,0.39189840853214264,0.6539068818092346,0.6314655172413792,0.7218218667736345,0.6222222222222222,0.0,0.0,0.0,0.0,2002,clin,0.8
3,3,lr1e-04_bs32_modL1_fusion64_fusionL1_drop0p1_trmiss80_trlocclin,32,0.0001,1,64,1,0.1,lr1e-04_bs32_modL1_fusion64_fusionL1_drop0p1_trmiss80_trlocclin,24,0.38692639768123627,0.6561298072338104,0.6293103448275862,0.7218676047386636,0.6222222222222222,0.0,0.0,0.0,0.0,2002,clin,0.8
3,3,lr1e-04_bs32_modL1_fusion64_fusionL1_drop0p1_trmiss80_trlocclin,32,0.0001,1,64,1,0.1,lr1e-04_bs32_modL1_fusion64_fusionL1_drop0p1_trmiss80_trlocclin,25,0.38677743077278137,0.6568351984024048,0.6271551724137931,0.7191405369000339,0.6222222222222222,0.0,0.0,0.0,0.0,2002,clin,0.8
3,3,lr1e-04_bs32_modL1_fusion64_fusionL1_drop0p1_trmiss80_trlocclin,32,0.0001,1,64,1,0.1,lr1e-04_bs32_modL1_fusion64_fusionL1_drop0p1_trmiss80_trlocclin,26,0.38913146654764813,0.6576436161994934,0.6271551724137931,0.7198696824821206,0.6,0.0,0.0,0.0,0.0,2002,clin,0.8
3,4,lr5e-05_bs16_modL1_fusion32_fusionL1_drop0p2_trmiss80_trlocclin,16,5e-05,1,32,1,0.2,lr5e-05_bs16_modL1_fusion32_fusionL1_drop0p2_trmiss80_trlocclin,1,0.7454317460457484,0.6959954301516215,0.5387931034482758,0.7661023075398854,0.5333333333333333,0.0,0.0,0.0,0.0,2002,clin,0.8
3,4,lr5e-05_bs16_modL1_fusion32_fusionL1_drop0p2_trmiss80_trlocclin,16,5e-05,1,32,1,0.2,lr5e-05_bs16_modL1_fusion32_fusionL1_drop0p2_trmiss80_trlocclin,2,0.6910973836978277,0.6804564396540324,0.6012931034482758,0.7884808150519529,0.5555555555555556,0.0,0.0,0.0,0.0,2002,clin,0.8
3,4,lr5e-05_bs16_modL1_fusion32_fusionL1_drop0p2_trmiss80_trlocclin,16,5e-05,1,32,1,0.2,lr5e-05_bs16_modL1_fusion32_fusionL1_drop0p2_trmiss80_trlocclin,3,0.6553814162810644,0.673966109752655,0.6357758620689654,0.797687019528454,0.6,0.0,0.0,0.0,0.0,2002,clin,0.8
3,4,lr5e-05_bs16_modL1_fusion32_fusionL1_drop0p2_trmiss80_trlocclin,16,5e-05,1,32,1,0.2,lr5e-05_bs16_modL1_fusion32_fusionL1_drop0p2_trmiss80_trlocclin,4,0.6176845729351044,0.6698551774024963,0.603448275862069,0.7907012413245293,0.5777777777777777,0.0,0.0,0.0,0.0,2002,clin,0.8
3,4,lr5e-05_bs16_modL1_fusion32_fusionL1_drop0p2_trmiss80_trlocclin,16,5e-05,1,32,1,0.2,lr5e-05_bs16_modL1_fusion32_fusionL1_drop0p2_trmiss80_trlocclin,5,0.6482664545377096,0.668698787689209,0.6206896551724138,0.806858655224935,0.5333333333333333,0.0,0.0,0.0,0.0,2002,clin,0.8
3,4,lr5e-05_bs16_modL1_fusion32_fusionL1_drop0p2_trmiss80_trlocclin,16,5e-05,1,32,1,0.2,lr5e-05_bs16_modL1_fusion32_fusionL1_drop0p2_trmiss80_trlocclin,6,0.6150117615858713,0.6732555429140726,0.6120689655172413,0.794818072297093,0.6222222222222222,0.0,0.0,0.0,0.0,2002,clin,0.8
3,4,lr5e-05_bs16_modL1_fusion32_fusionL1_drop0p2_trmiss80_trlocclin,16,5e-05,1,32,1,0.2,lr5e-05_bs16_modL1_fusion32_fusionL1_drop0p2_trmiss80_trlocclin,7,0.6197672386964163,0.6710576017697653,0.6530172413793104,0.8245366584681042,0.6444444444444445,0.0,0.0,0.0,0.0,2002,clin,0.8
3,4,lr5e-05_bs16_modL1_fusion32_fusionL1_drop0p2_trmiss80_trlocclin,16,5e-05,1,32,1,0.2,lr5e-05_bs16_modL1_fusion32_fusionL1_drop0p2_trmiss80_trlocclin,8,0.6045710841814677,0.6794665853182474,0.6163793103448276,0.7994521788574087,0.5777777777777777,0.0,0.0,0.0,0.0,2002,clin,0.8
3,4,lr5e-05_bs16_modL1_fusion32_fusionL1_drop0p2_trmiss80_trlocclin,16,5e-05,1,32,1,0.2,lr5e-05_bs16_modL1_fusion32_fusionL1_drop0p2_trmiss80_trlocclin,9,0.5719018056988716,0.6751662095387777,0.644396551724138,0.8082076342050077,0.5333333333333333,0.0,0.0,0.0,0.0,2002,clin,0.8
3,4,lr5e-05_bs16_modL1_fusion32_fusionL1_drop0p2_trmiss80_trlocclin,16,5e-05,1,32,1,0.2,lr5e-05_bs16_modL1_fusion32_fusionL1_drop0p2_trmiss80_trlocclin,10,0.5739590426286062,0.677357812722524,0.6422413793103449,0.800731830671576,0.6444444444444445,0.0,0.0,0.0,0.0,2002,clin,0.8
3,4,lr5e-05_bs16_modL1_fusion32_fusionL1_drop0p2_trmiss80_trlocclin,16,5e-05,1,32,1,0.2,lr5e-05_bs16_modL1_fusion32_fusionL1_drop0p2_trmiss80_trlocclin,11,0.5817540436983109,0.6689378619194031,0.6659482758620691,0.8097873766236365,0.6222222222222222,0.0,0.0,0.0,0.0,2002,clin,0.8
3,4,lr5e-05_bs16_modL1_fusion32_fusionL1_drop0p2_trmiss80_trlocclin,16,5e-05,1,32,1,0.2,lr5e-05_bs16_modL1_fusion32_fusionL1_drop0p2_trmiss80_trlocclin,12,0.5509613702694575,0.6743878920873007,0.646551724137931,0.8024285930411379,0.6,0.0,0.0,0.0,0.0,2002,clin,0.8
3,4,lr5e-05_bs16_modL1_fusion32_fusionL1_drop0p2_trmiss80_trlocclin,16,5e-05,1,32,1,0.2,lr5e-05_bs16_modL1_fusion32_fusionL1_drop0p2_trmiss80_trlocclin,13,0.5420064727465311,0.6771417260169983,0.6357758620689655,0.7978074896627407,0.6,0.0,0.0,0.0,0.0,2002,clin,0.8
3,4,lr5e-05_bs16_modL1_fusion32_fusionL1_drop0p2_trmiss80_trlocclin,16,5e-05,1,32,1,0.2,lr5e-05_bs16_modL1_fusion32_fusionL1_drop0p2_trmiss80_trlocclin,14,0.5425545076529185,0.6847142775853475,0.6012931034482758,0.7789915100085594,0.5555555555555556,0.0,0.0,0.0,0.0,2002,clin,0.8
3,4,lr5e-05_bs16_modL1_fusion32_fusionL1_drop0p2_trmiss80_trlocclin,16,5e-05,1,32,1,0.2,lr5e-05_bs16_modL1_fusion32_fusionL1_drop0p2_trmiss80_trlocclin,15,0.5496454983949661,0.6857202053070068,0.6314655172413793,0.7968585472918717,0.6,0.0,0.0,0.0,0.0,2002,clin,0.8
3,4,lr5e-05_bs16_modL1_fusion32_fusionL1_drop0p2_trmiss80_trlocclin,16,5e-05,1,32,1,0.2,lr5e-05_bs16_modL1_fusion32_fusionL1_drop0p2_trmiss80_trlocclin,16,0.5345725839336714,0.6848166584968567,0.6293103448275862,0.7951610037038281,0.5777777777777777,0.0,0.0,0.0,0.0,2002,clin,0.8
3,4,lr5e-05_bs16_modL1_fusion32_fusionL1_drop0p2_trmiss80_trlocclin,16,5e-05,1,32,1,0.2,lr5e-05_bs16_modL1_fusion32_fusionL1_drop0p2_trmiss80_trlocclin,17,0.5344987014929453,0.6824133197466532,0.627155172413793,0.7925522392416384,0.5777777777777777,0.0,0.0,0.0,0.0,2002,clin,0.8
3,4,lr5e-05_bs16_modL1_fusion32_fusionL1_drop0p2_trmiss80_trlocclin,16,5e-05,1,32,1,0.2,lr5e-05_bs16_modL1_fusion32_fusionL1_drop0p2_trmiss80_trlocclin,18,0.5411075577139854,0.6752739747365316,0.6379310344827587,0.8029805279321776,0.6444444444444445,0.0,0.0,0.0,0.0,2002,clin,0.8
3,4,lr5e-05_bs16_modL1_fusion32_fusionL1_drop0p2_trmiss80_trlocclin,16,5e-05,1,32,1,0.2,lr5e-05_bs16_modL1_fusion32_fusionL1_drop0p2_trmiss80_trlocclin,19,0.5396702438592911,0.6795453826586405,0.6271551724137931,0.799279710636271,0.6222222222222222,0.0,0.0,0.0,0.0,2002,clin,0.8
3,4,lr5e-05_bs16_modL1_fusion32_fusionL1_drop0p2_trmiss80_trlocclin,16,5e-05,1,32,1,0.2,lr5e-05_bs16_modL1_fusion32_fusionL1_drop0p2_trmiss80_trlocclin,20,0.5355142603317896,0.6816894809405009,0.6228448275862069,0.7990033949062831,0.5777777777777777,0.0,0.0,0.0,0.0,2002,clin,0.8
3,4,lr5e-05_bs16_modL1_fusion32_fusionL1_drop0p2_trmiss80_trlocclin,16,5e-05,1,32,1,0.2,lr5e-05_bs16_modL1_fusion32_fusionL1_drop0p2_trmiss80_trlocclin,21,0.5229025582472483,0.6725953221321106,0.6336206896551724,0.7964045914877249,0.6,0.0,0.0,0.0,0.0,2002,clin,0.8
3,4,lr5e-05_bs16_modL1_fusion32_fusionL1_drop0p2_trmiss80_trlocclin,16,5e-05,1,32,1,0.2,lr5e-05_bs16_modL1_fusion32_fusionL1_drop0p2_trmiss80_trlocclin,22,0.5193904166420301,0.6721371014912924,0.6400862068965517,0.8010829242429116,0.6,0.0,0.0,0.0,0.0,2002,clin,0.8
3,4,lr5e-05_bs16_modL1_fusion32_fusionL1_drop0p2_trmiss80_trlocclin,16,5e-05,1,32,1,0.2,lr5e-05_bs16_modL1_fusion32_fusionL1_drop0p2_trmiss80_trlocclin,23,0.5289560680588087,0.6776700814565023,0.644396551724138,0.8062288455506128,0.6444444444444445,0.0,0.0,0.0,0.0,2002,clin,0.8
3,4,lr5e-05_bs16_modL1_fusion32_fusionL1_drop0p2_trmiss80_trlocclin,16,5e-05,1,32,1,0.2,lr5e-05_bs16_modL1_fusion32_fusionL1_drop0p2_trmiss80_trlocclin,24,0.5157618770996729,0.6768658955891927,0.644396551724138,0.797881776652605,0.6444444444444445,0.0,0.0,0.0,0.0,2002,clin,0.8
3,4,lr5e-05_bs16_modL1_fusion32_fusionL1_drop0p2_trmiss80_trlocclin,16,5e-05,1,32,1,0.2,lr5e-05_bs16_modL1_fusion32_fusionL1_drop0p2_trmiss80_trlocclin,25,0.5067215859889984,0.6715638041496277,0.644396551724138,0.80308701264866,0.6222222222222222,0.0,0.0,0.0,0.0,2002,clin,0.8
3,4,lr5e-05_bs16_modL1_fusion32_fusionL1_drop0p2_trmiss80_trlocclin,16,5e-05,1,32,1,0.2,lr5e-05_bs16_modL1_fusion32_fusionL1_drop0p2_trmiss80_trlocclin,26,0.5324539765715599,0.6768519282341003,0.6530172413793104,0.8095401984770352,0.6444444444444445,0.0,0.0,0.0,0.0,2002,clin,0.8
3,4,lr5e-05_bs16_modL1_fusion32_fusionL1_drop0p2_trmiss80_trlocclin,16,5e-05,1,32,1,0.2,lr5e-05_bs16_modL1_fusion32_fusionL1_drop0p2_trmiss80_trlocclin,27,0.5226861412326494,0.6823073824246725,0.6336206896551724,0.7885716823037248,0.6444444444444445,0.0,0.0,0.0,0.0,2002,clin,0.8
3,4,lr5e-05_bs16_modL1_fusion32_fusionL1_drop0p2_trmiss80_trlocclin,16,5e-05,1,32,1,0.2,lr5e-05_bs16_modL1_fusion32_fusionL1_drop0p2_trmiss80_trlocclin,28,0.5533551971117655,0.6793164610862732,0.6142241379310345,0.7769614811086489,0.6,0.0,0.0,0.0,0.0,2002,clin,0.8
3,4,lr5e-05_bs16_modL1_fusion32_fusionL1_drop0p2_trmiss80_trlocclin,16,5e-05,1,32,1,0.2,lr5e-05_bs16_modL1_fusion32_fusionL1_drop0p2_trmiss80_trlocclin,29,0.51777683198452,0.6861799160639445,0.6185344827586207,0.7892206871925409,0.6222222222222222,0.0,0.0,0.0,0.0,2002,clin,0.8
3,4,lr5e-05_bs16_modL1_fusion32_fusionL1_drop0p2_trmiss80_trlocclin,16,5e-05,1,32,1,0.2,lr5e-05_bs16_modL1_fusion32_fusionL1_drop0p2_trmiss80_trlocclin,30,0.5200876966118813,0.6887273987134298,0.6228448275862069,0.7848917794612631,0.6,0.0,0.0,0.0,0.0,2002,clin,0.8
3,4,lr5e-05_bs16_modL1_fusion32_fusionL1_drop0p2_trmiss80_trlocclin,16,5e-05,1,32,1,0.2,lr5e-05_bs16_modL1_fusion32_fusionL1_drop0p2_trmiss80_trlocclin,31,0.5089818810423216,0.6898831923802694,0.6228448275862069,0.7849367454951814,0.6222222222222222,0.0,0.0,0.0,0.0,2002,clin,0.8
3,4,lr5e-05_bs16_modL1_fusion32_fusionL1_drop0p1_trmiss80_trlocclin,16,5e-05,1,32,1,0.1,lr5e-05_bs16_modL1_fusion32_fusionL1_drop0p1_trmiss80_trlocclin,1,0.7625865985949835,0.7259700298309326,0.6745689655172413,0.7761467777745591,0.35555555555555557,0.0,0.0,0.0,0.0,2002,clin,0.8
3,4,lr5e-05_bs16_modL1_fusion32_fusionL1_drop0p1_trmiss80_trlocclin,16,5e-05,1,32,1,0.1,lr5e-05_bs16_modL1_fusion32_fusionL1_drop0p1_trmiss80_trlocclin,2,0.7278869102398554,0.739395022392273,0.7133620689655172,0.7800535387866039,0.3333333333333333,0.0,0.0,0.0,0.0,2002,clin,0.8
3,4,lr5e-05_bs16_modL1_fusion32_fusionL1_drop0p1_trmiss80_trlocclin,16,5e-05,1,32,1,0.1,lr5e-05_bs16_modL1_fusion32_fusionL1_drop0p1_trmiss80_trlocclin,3,0.7086928933858871,0.7491843899091085,0.7068965517241379,0.7797577664725099,0.37777777777777777,0.0,0.0,0.0,0.0,2002,clin,0.8
3,4,lr5e-05_bs16_modL1_fusion32_fusionL1_drop0p1_trmiss80_trlocclin,16,5e-05,1,32,1,0.1,lr5e-05_bs16_modL1_fusion32_fusionL1_drop0p1_trmiss80_trlocclin,4,0.6982286920150121,0.7503948012987772,0.7090517241379309,0.7816152299516987,0.37777777777777777,0.0,0.0,0.0,0.0,2002,clin,0.8
3,4,lr5e-05_bs16_modL1_fusion32_fusionL1_drop0p1_trmiss80_trlocclin,16,5e-05,1,32,1,0.1,lr5e-05_bs16_modL1_fusion32_fusionL1_drop0p1_trmiss80_trlocclin,5,0.6546050210793813,0.737964411576589,0.7241379310344828,0.792506091853262,0.4,0.0,0.0,0.0,0.0,2002,clin,0.8
3,4,lr5e-05_bs16_modL1_fusion32_fusionL1_drop0p1_trmiss80_trlocclin,16,5e-05,1,32,1,0.1,lr5e-05_bs16_modL1_fusion32_fusionL1_drop0p1_trmiss80_trlocclin,6,0.6741239627202352,0.744115392367045,0.7262931034482758,0.7922233634466183,0.37777777777777777,0.0,0.0,0.0,0.0,2002,clin,0.8
3,4,lr5e-05_bs16_modL1_fusion32_fusionL1_drop0p1_trmiss80_trlocclin,16,5e-05,1,32,1,0.1,lr5e-05_bs16_modL1_fusion32_fusionL1_drop0p1_trmiss80_trlocclin,7,0.6658023546139399,0.7502814928690592,0.6961206896551724,0.7754823592389144,0.37777777777777777,0.0,0.0,0.0,0.0,2002,clin,0.8
3,4,lr5e-05_bs16_modL1_fusion32_fusionL1_drop0p1_trmiss80_trlocclin,16,5e-05,1,32,1,0.1,lr5e-05_bs16_modL1_fusion32_fusionL1_drop0p1_trmiss80_trlocclin,8,0.6413465887308121,0.7492892146110535,0.7025862068965517,0.781508698812827,0.4,0.0,0.0,0.0,0.0,2002,clin,0.8
3,4,lr5e-05_bs16_modL1_fusion32_fusionL1_drop0p1_trmiss80_trlocclin,16,5e-05,1,32,1,0.1,lr5e-05_bs16_modL1_fusion32_fusionL1_drop0p1_trmiss80_trlocclin,9,0.6450646867354711,0.7434888482093811,0.6982758620689654,0.7848812354831163,0.4,0.0,0.0,0.0,0.0,2002,clin,0.8
3,4,lr5e-05_bs16_modL1_fusion32_fusionL1_drop0p1_trmiss80_trlocclin,16,5e-05,1,32,1,0.1,lr5e-05_bs16_modL1_fusion32_fusionL1_drop0p1_trmiss80_trlocclin,10,0.6234443386395773,0.7370398243268331,0.689655172413793,0.7770043151199508,0.4,0.0,0.0,0.0,0.0,2002,clin,0.8
3,4,lr5e-05_bs16_modL1_fusion32_fusionL1_drop0p1_trmiss80_trlocclin,16,5e-05,1,32,1,0.1,lr5e-05_bs16_modL1_fusion32_fusionL1_drop0p1_trmiss80_trlocclin,11,0.608103965719541,0.7421848773956299,0.6853448275862069,0.7743059247181565,0.4,0.0,0.0,0.0,0.0,2002,clin,0.8
3,4,lr5e-05_bs16_modL1_fusion32_fusionL1_drop0p1_trmiss80_trlocclin,16,5e-05,1,32,1,0.1,lr5e-05_bs16_modL1_fusion32_fusionL1_drop0p1_trmiss80_trlocclin,12,0.6169681797424952,0.7459882299105326,0.6745689655172413,0.7713821954552031,0.4,0.0,0.0,0.0,0.0,2002,clin,0.8
3,4,lr5e-05_bs16_modL1_fusion32_fusionL1_drop0p1_trmiss80_trlocclin,16,5e-05,1,32,1,0.1,lr5e-05_bs16_modL1_fusion32_fusionL1_drop0p1_trmiss80_trlocclin,13,0.6323016186555227,0.7346046964327494,0.6767241379310346,0.7736325230916037,0.4666666666666667,0.0,0.0,0.0,0.0,2002,clin,0.8
3,4,lr5e-05_bs16_modL1_fusion32_fusionL1_drop0p1_trmiss80_trlocclin,16,5e-05,1,32,1,0.1,lr5e-05_bs16_modL1_fusion32_fusionL1_drop0p1_trmiss80_trlocclin,14,0.6251671463251114,0.7389070590337118,0.6702586206896551,0.7696754150970031,0.4222222222222222,0.0,0.0,0.0,0.0,2002,clin,0.8
3,4,lr5e-05_bs16_modL1_fusion32_fusionL1_drop0p1_trmiss80_trlocclin,16,5e-05,1,32,1,0.1,lr5e-05_bs16_modL1_fusion32_fusionL1_drop0p1_trmiss80_trlocclin,15,0.5917709916830063,0.7380571365356445,0.6508620689655173,0.7638885200035592,0.4666666666666667,0.0,0.0,0.0,0.0,2002,clin,0.8
3,4,lr5e-05_bs16_modL1_fusion32_fusionL1_drop0p1_trmiss80_trlocclin,16,5e-05,1,32,1,0.1,lr5e-05_bs16_modL1_fusion32_fusionL1_drop0p1_trmiss80_trlocclin,16,0.6160126129786173,0.743419349193573,0.6724137931034483,0.7724631087189224,0.4,0.0,0.0,0.0,0.0,2002,clin,0.8
3,4,lr5e-05_bs16_modL1_fusion32_fusionL1_drop0p1_trmiss80_trlocclin,16,5e-05,1,32,1,0.1,lr5e-05_bs16_modL1_fusion32_fusionL1_drop0p1_trmiss80_trlocclin,17,0.617705225944519,0.7415994803110758,0.6551724137931035,0.7651599541670613,0.4,0.0,0.0,0.0,0.0,2002,clin,0.8
3,4,lr5e-05_bs16_modL1_fusion32_fusionL1_drop0p1_trmiss80_trlocclin,16,5e-05,1,32,1,0.1,lr5e-05_bs16_modL1_fusion32_fusionL1_drop0p1_trmiss80_trlocclin,18,0.6091029991706213,0.7426036596298218,0.6702586206896551,0.7740001731172408,0.4222222222222222,0.0,0.0,0.0,0.0,2002,clin,0.8
3,4,lr5e-05_bs16_modL1_fusion32_fusionL1_drop0p1_trmiss80_trlocclin,16,5e-05,1,32,1,0.1,lr5e-05_bs16_modL1_fusion32_fusionL1_drop0p1_trmiss80_trlocclin,19,0.606327677766482,0.7384037375450134,0.6594827586206897,0.7654752878661928,0.4222222222222222,0.0,0.0,0.0,0.0,2002,clin,0.8
3,4,lr5e-05_bs16_modL1_fusion32_fusionL1_drop0p1_trmiss80_trlocclin,16,5e-05,1,32,1,0.1,lr5e-05_bs16_modL1_fusion32_fusionL1_drop0p1_trmiss80_trlocclin,20,0.5902998546759287,0.7344703674316406,0.6745689655172414,0.7765059201783417,0.4666666666666667,0.0,0.0,0.0,0.0,2002,clin,0.8
3,4,lr5e-05_bs16_modL1_fusion32_fusionL1_drop0p1_trmiss80_trlocclin,16,5e-05,1,32,1,0.1,lr5e-05_bs16_modL1_fusion32_fusionL1_drop0p1_trmiss80_trlocclin,21,0.600182423988978,0.7420571247736613,0.665948275862069,0.7705702217071018,0.4222222222222222,0.0,0.0,0.0,0.0,2002,clin,0.8
3,4,lr5e-05_bs16_modL1_fusion32_fusionL1_drop0p1_trmiss80_trlocclin,16,5e-05,1,32,1,0.1,lr5e-05_bs16_modL1_fusion32_fusionL1_drop0p1_trmiss80_trlocclin,22,0.6095195611317953,0.7266281247138977,0.6702586206896552,0.7735377383561601,0.4888888888888889,0.0,0.0,0.0,0.0,2002,clin,0.8
3,4,lr5e-05_bs16_modL1_fusion32_fusionL1_drop0p1_trmiss80_trlocclin,16,5e-05,1,32,1,0.1,lr5e-05_bs16_modL1_fusion32_fusionL1_drop0p1_trmiss80_trlocclin,23,0.5951081116994222,0.7376630703608195,0.6896551724137931,0.7834968505886315,0.4444444444444444,0.0,0.0,0.0,0.0,2002,clin,0.8
3,4,lr5e-05_bs16_modL1_fusion32_fusionL1_drop0p1_trmiss80_trlocclin,16,5e-05,1,32,1,0.1,lr5e-05_bs16_modL1_fusion32_fusionL1_drop0p1_trmiss80_trlocclin,24,0.5981946339209875,0.733431319395701,0.6788793103448275,0.7814024827227193,0.4888888888888889,0.0,0.0,0.0,0.0,2002,clin,0.8
3,4,lr5e-05_bs16_modL1_fusion32_fusionL1_drop0p1_trmiss80_trlocclin,16,5e-05,1,32,1,0.1,lr5e-05_bs16_modL1_fusion32_fusionL1_drop0p1_trmiss80_trlocclin,25,0.5996537059545517,0.7405465245246887,0.6745689655172413,0.7774568429532209,0.4666666666666667,0.0,0.0,0.0,0.0,2002,clin,0.8
3,4,lr5e-05_bs16_modL1_fusion32_fusionL1_drop0p1_trmiss80_trlocclin,16,5e-05,1,32,1,0.1,lr5e-05_bs16_modL1_fusion32_fusionL1_drop0p1_trmiss80_trlocclin,26,0.6056577364603678,0.7450396021207174,0.6745689655172413,0.7762872090795339,0.4222222222222222,0.0,0.0,0.0,0.0,2002,clin,0.8
3,4,lr5e-05_bs16_modL1_fusion64_fusionL1_drop0p2_trmiss80_trlocclin,16,5e-05,1,64,1,0.2,lr5e-05_bs16_modL1_fusion64_fusionL1_drop0p2_trmiss80_trlocclin,1,0.771860808134079,0.6955312887827555,0.540948275862069,0.7223812478355062,0.4,0.0,0.0,0.0,0.0,2002,clin,0.8
3,4,lr5e-05_bs16_modL1_fusion64_fusionL1_drop0p2_trmiss80_trlocclin,16,5e-05,1,64,1,0.2,lr5e-05_bs16_modL1_fusion64_fusionL1_drop0p2_trmiss80_trlocclin,2,0.7408327211936315,0.6838448842366537,0.6508620689655172,0.812477436008362,0.5777777777777777,0.0,0.0,0.0,0.0,2002,clin,0.8
3,4,lr5e-05_bs16_modL1_fusion64_fusionL1_drop0p2_trmiss80_trlocclin,16,5e-05,1,64,1,0.2,lr5e-05_bs16_modL1_fusion64_fusionL1_drop0p2_trmiss80_trlocclin,3,0.6938299884398779,0.6830063064893087,0.6939655172413792,0.830097811061967,0.5555555555555556,0.0,0.0,0.0,0.0,2002,clin,0.8
3,4,lr5e-05_bs16_modL1_fusion64_fusionL1_drop0p2_trmiss80_trlocclin,16,5e-05,1,64,1,0.2,lr5e-05_bs16_modL1_fusion64_fusionL1_drop0p2_trmiss80_trlocclin,4,0.665425236026446,0.6846687396367391,0.685344827586207,0.8329327450422039,0.6,0.0,0.0,0.0,0.0,2002,clin,0.8
3,4,lr5e-05_bs16_modL1_fusion64_fusionL1_drop0p2_trmiss80_trlocclin,16,5e-05,1,64,1,0.2,lr5e-05_bs16_modL1_fusion64_fusionL1_drop0p2_trmiss80_trlocclin,5,0.6683733661969503,0.6885773142178854,0.6767241379310345,0.8151528247971007,0.5777777777777777,0.0,0.0,0.0,0.0,2002,clin,0.8
3,4,lr5e-05_bs16_modL1_fusion64_fusionL1_drop0p2_trmiss80_trlocclin,16,5e-05,1,64,1,0.2,lr5e-05_bs16_modL1_fusion64_fusionL1_drop0p2_trmiss80_trlocclin,6,0.6555894166231155,0.6822333335876465,0.6724137931034483,0.8226876195331687,0.5777777777777777,0.0,0.0,0.0,0.0,2002,clin,0.8
3,4,lr5e-05_bs16_modL1_fusion64_fusionL1_drop0p2_trmiss80_trlocclin,16,5e-05,1,64,1,0.2,lr5e-05_bs16_modL1_fusion64_fusionL1_drop0p2_trmiss80_trlocclin,7,0.6414658029874166,0.695041298866272,0.6616379310344828,0.8167914351451306,0.5777777777777777,0.0,0.0,0.0,0.0,2002,clin,0.8
3,4,lr5e-05_bs16_modL1_fusion64_fusionL1_drop0p2_trmiss80_trlocclin,16,5e-05,1,64,1,0.2,lr5e-05_bs16_modL1_fusion64_fusionL1_drop0p2_trmiss80_trlocclin,8,0.6347906937201818,0.6772416830062866,0.646551724137931,0.7909081520156096,0.5555555555555556,0.0,0.0,0.0,0.0,2002,clin,0.8
3,4,lr5e-05_bs16_modL1_fusion64_fusionL1_drop0p2_trmiss80_trlocclin,16,5e-05,1,64,1,0.2,lr5e-05_bs16_modL1_fusion64_fusionL1_drop0p2_trmiss80_trlocclin,9,0.5946648344397545,0.6749748388926188,0.6637931034482759,0.8083104565319275,0.6222222222222222,0.0,0.0,0.0,0.0,2002,clin,0.8
3,4,lr5e-05_bs16_modL1_fusion64_fusionL1_drop0p2_trmiss80_trlocclin,16,5e-05,1,64,1,0.2,lr5e-05_bs16_modL1_fusion64_fusionL1_drop0p2_trmiss80_trlocclin,10,0.586237370967865,0.668178915977478,0.6573275862068966,0.7979701283394232,0.6222222222222222,0.0,0.0,0.0,0.0,2002,clin,0.8
3,4,lr5e-05_bs16_modL1_fusion64_fusionL1_drop0p2_trmiss80_trlocclin,16,5e-05,1,64,1,0.2,lr5e-05_bs16_modL1_fusion64_fusionL1_drop0p2_trmiss80_trlocclin,11,0.6023583163817724,0.666118343671163,0.6831896551724138,0.8106569376362729,0.6222222222222222,0.0,0.0,0.0,0.0,2002,clin,0.8
3,4,lr5e-05_bs16_modL1_fusion64_fusionL1_drop0p2_trmiss80_trlocclin,16,5e-05,1,64,1,0.2,lr5e-05_bs16_modL1_fusion64_fusionL1_drop0p2_trmiss80_trlocclin,12,0.59388896326224,0.6713557442029318,0.6788793103448276,0.8062529973673036,0.6222222222222222,0.0,0.0,0.0,0.0,2002,clin,0.8
3,4,lr5e-05_bs16_modL1_fusion64_fusionL1_drop0p2_trmiss80_trlocclin,16,5e-05,1,64,1,0.2,lr5e-05_bs16_modL1_fusion64_fusionL1_drop0p2_trmiss80_trlocclin,13,0.5474342852830887,0.6732586026191711,0.6594827586206897,0.781094903433539,0.5777777777777777,0.0,0.0,0.0,0.0,2002,clin,0.8
3,4,lr5e-05_bs16_modL1_fusion64_fusionL1_drop0p2_trmiss80_trlocclin,16,5e-05,1,64,1,0.2,lr5e-05_bs16_modL1_fusion64_fusionL1_drop0p2_trmiss80_trlocclin,14,0.536403718094031,0.6796291867891947,0.6530172413793103,0.7776415960457868,0.5777777777777777,0.0,0.0,0.0,0.0,2002,clin,0.8
3,4,lr5e-05_bs16_modL1_fusion64_fusionL1_drop0p2_trmiss80_trlocclin,16,5e-05,1,64,1,0.2,lr5e-05_bs16_modL1_fusion64_fusionL1_drop0p2_trmiss80_trlocclin,15,0.5287664905190468,0.6765101552009583,0.6443965517241379,0.7615988376397597,0.6,0.0,0.0,0.0,0.0,2002,clin,0.8
3,4,lr5e-05_bs16_modL1_fusion64_fusionL1_drop0p2_trmiss80_trlocclin,16,5e-05,1,64,1,0.2,lr5e-05_bs16_modL1_fusion64_fusionL1_drop0p2_trmiss80_trlocclin,16,0.5414155125617981,0.6909482677777609,0.6379310344827587,0.7502212796871889,0.6,0.0,0.0,0.0,0.0,2002,clin,0.8
3,4,lr5e-05_bs16_modL1_fusion64_fusionL1_drop0p2_trmiss80_trlocclin,16,5e-05,1,64,1,0.2,lr5e-05_bs16_modL1_fusion64_fusionL1_drop0p2_trmiss80_trlocclin,17,0.5360402266184489,0.6865353981653849,0.6293103448275862,0.7480311993433626,0.6,0.0,0.0,0.0,0.0,2002,clin,0.8
3,4,lr5e-05_bs16_modL1_fusion64_fusionL1_drop0p2_trmiss80_trlocclin,16,5e-05,1,64,1,0.2,lr5e-05_bs16_modL1_fusion64_fusionL1_drop0p2_trmiss80_trlocclin,18,0.5284605200091997,0.682865043481191,0.6443965517241379,0.7575423570611846,0.5777777777777777,0.0,0.0,0.0,0.0,2002,clin,0.8
3,4,lr5e-05_bs16_modL1_fusion64_fusionL1_drop0p2_trmiss80_trlocclin,16,5e-05,1,64,1,0.2,lr5e-05_bs16_modL1_fusion64_fusionL1_drop0p2_trmiss80_trlocclin,19,0.5414335131645203,0.690409521261851,0.6379310344827586,0.7570382430390591,0.6,0.0,0.0,0.0,0.0,2002,clin,0.8
3,4,lr5e-05_bs16_modL1_fusion64_fusionL1_drop0p2_trmiss80_trlocclin,16,5e-05,1,64,1,0.2,lr5e-05_bs16_modL1_fusion64_fusionL1_drop0p2_trmiss80_trlocclin,20,0.5188542902469635,0.6840248505274454,0.6336206896551724,0.7505654557990514,0.6,0.0,0.0,0.0,0.0,2002,clin,0.8
3,4,lr5e-05_bs16_modL1_fusion64_fusionL1_drop0p2_trmiss80_trlocclin,16,5e-05,1,64,1,0.2,lr5e-05_bs16_modL1_fusion64_fusionL1_drop0p2_trmiss80_trlocclin,21,0.5170869852105776,0.687580943107605,0.6336206896551724,0.7517103262280861,0.6,0.0,0.0,0.0,0.0,2002,clin,0.8
3,4,lr5e-05_bs16_modL1_fusion64_fusionL1_drop0p2_trmiss80_trlocclin,16,5e-05,1,64,1,0.2,lr5e-05_bs16_modL1_fusion64_fusionL1_drop0p2_trmiss80_trlocclin,22,0.52526027460893,0.6877829233805338,0.6443965517241379,0.763287746253782,0.6,0.0,0.0,0.0,0.0,2002,clin,0.8
3,4,lr5e-05_bs16_modL1_fusion64_fusionL1_drop0p2_trmiss80_trlocclin,16,5e-05,1,64,1,0.2,lr5e-05_bs16_modL1_fusion64_fusionL1_drop0p2_trmiss80_trlocclin,23,0.49826353788375854,0.6873185833295187,0.6530172413793104,0.7663279174565435,0.6222222222222222,0.0,0.0,0.0,0.0,2002,clin,0.8
3,4,lr5e-05_bs16_modL1_fusion64_fusionL1_drop0p1_trmiss80_trlocclin,16,5e-05,1,64,1,0.1,lr5e-05_bs16_modL1_fusion64_fusionL1_drop0p1_trmiss80_trlocclin,1,0.6873389482498169,0.6955404877662659,0.5172413793103449,0.7094361971299917,0.4888888888888889,0.0,0.0,0.0,0.0,2002,clin,0.8
3,4,lr5e-05_bs16_modL1_fusion64_fusionL1_drop0p1_trmiss80_trlocclin,16,5e-05,1,64,1,0.1,lr5e-05_bs16_modL1_fusion64_fusionL1_drop0p1_trmiss80_trlocclin,2,0.653601070245107,0.7001481056213379,0.5237068965517242,0.7167258670609499,0.4444444444444444,0.0,0.0,0.0,0.0,2002,clin,0.8
3,4,lr5e-05_bs16_modL1_fusion64_fusionL1_drop0p1_trmiss80_trlocclin,16,5e-05,1,64,1,0.1,lr5e-05_bs16_modL1_fusion64_fusionL1_drop0p1_trmiss80_trlocclin,3,0.6356432984272639,0.7022738854090372,0.5387931034482759,0.7175758376292326,0.5111111111111111,0.0,0.0,0.0,0.0,2002,clin,0.8
3,4,lr5e-05_bs16_modL1_fusion64_fusionL1_drop0p1_trmiss80_trlocclin,16,5e-05,1,64,1,0.1,lr5e-05_bs16_modL1_fusion64_fusionL1_drop0p1_trmiss80_trlocclin,4,0.606441855430603,0.7028872966766357,0.5280172413793104,0.7051512530695855,0.5111111111111111,0.0,0.0,0.0,0.0,2002,clin,0.8
3,4,lr5e-05_bs16_modL1_fusion64_fusionL1_drop0p1_trmiss80_trlocclin,16,5e-05,1,64,1,0.1,lr5e-05_bs16_modL1_fusion64_fusionL1_drop0p1_trmiss80_trlocclin,5,0.5862257281939188,0.6926453312238058,0.5711206896551724,0.7469104060588763,0.4888888888888889,0.0,0.0,0.0,0.0,2002,clin,0.8
3,4,lr5e-05_bs16_modL1_fusion64_fusionL1_drop0p1_trmiss80_trlocclin,16,5e-05,1,64,1,0.1,lr5e-05_bs16_modL1_fusion64_fusionL1_drop0p1_trmiss80_trlocclin,6,0.5717078497012457,0.6947801311810812,0.5581896551724138,0.7294526271379447,0.5111111111111111,0.0,0.0,0.0,0.0,2002,clin,0.8
3,4,lr5e-05_bs16_modL1_fusion64_fusionL1_drop0p1_trmiss80_trlocclin,16,5e-05,1,64,1,0.1,lr5e-05_bs16_modL1_fusion64_fusionL1_drop0p1_trmiss80_trlocclin,7,0.5457944124937057,0.6949411034584045,0.5625,0.7312244834249491,0.4666666666666667,0.0,0.0,0.0,0.0,2002,clin,0.8
3,4,lr5e-05_bs16_modL1_fusion64_fusionL1_drop0p1_trmiss80_trlocclin,16,5e-05,1,64,1,0.1,lr5e-05_bs16_modL1_fusion64_fusionL1_drop0p1_trmiss80_trlocclin,8,0.5669869358340899,0.6874328056971232,0.5732758620689655,0.7262180630274213,0.5111111111111111,0.0,0.0,0.0,0.0,2002,clin,0.8
3,4,lr5e-05_bs16_modL1_fusion64_fusionL1_drop0p1_trmiss80_trlocclin,16,5e-05,1,64,1,0.1,lr5e-05_bs16_modL1_fusion64_fusionL1_drop0p1_trmiss80_trlocclin,9,0.5472923268874487,0.6841086943944296,0.5603448275862069,0.7189556637841998,0.5111111111111111,0.0,0.0,0.0,0.0,2002,clin,0.8
3,4,lr5e-05_bs16_modL1_fusion64_fusionL1_drop0p1_trmiss80_trlocclin,16,5e-05,1,64,1,0.1,lr5e-05_bs16_modL1_fusion64_fusionL1_drop0p1_trmiss80_trlocclin,10,0.5259249533216158,0.6877248088518778,0.5883620689655171,0.7350970280251805,0.5555555555555556,0.0,0.0,0.0,0.0,2002,clin,0.8
3,4,lr5e-05_bs16_modL1_fusion64_fusionL1_drop0p1_trmiss80_trlocclin,16,5e-05,1,64,1,0.1,lr5e-05_bs16_modL1_fusion64_fusionL1_drop0p1_trmiss80_trlocclin,11,0.5250247791409492,0.6846925417582194,0.6142241379310344,0.767012646581481,0.5555555555555556,0.0,0.0,0.0,0.0,2002,clin,0.8
3,4,lr5e-05_bs16_modL1_fusion64_fusionL1_drop0p1_trmiss80_trlocclin,16,5e-05,1,64,1,0.1,lr5e-05_bs16_modL1_fusion64_fusionL1_drop0p1_trmiss80_trlocclin,12,0.5132843479514122,0.6829803586006165,0.6142241379310345,0.7623121160354547,0.5111111111111111,0.0,0.0,0.0,0.0,2002,clin,0.8
3,4,lr5e-05_bs16_modL1_fusion64_fusionL1_drop0p1_trmiss80_trlocclin,16,5e-05,1,64,1,0.1,lr5e-05_bs16_modL1_fusion64_fusionL1_drop0p1_trmiss80_trlocclin,13,0.5063249170780182,0.6717264254887899,0.5905172413793103,0.750545474059158,0.5111111111111111,0.0,0.0,0.0,0.0,2002,clin,0.8
3,4,lr5e-05_bs16_modL1_fusion64_fusionL1_drop0p1_trmiss80_trlocclin,16,5e-05,1,64,1,0.1,lr5e-05_bs16_modL1_fusion64_fusionL1_drop0p1_trmiss80_trlocclin,14,0.4709862569967906,0.6734674572944641,0.6142241379310345,0.7626810502976515,0.5333333333333333,0.0,0.0,0.0,0.0,2002,clin,0.8
3,4,lr5e-05_bs16_modL1_fusion64_fusionL1_drop0p1_trmiss80_trlocclin,16,5e-05,1,64,1,0.1,lr5e-05_bs16_modL1_fusion64_fusionL1_drop0p1_trmiss80_trlocclin,15,0.46388893326123554,0.6777183413505554,0.5732758620689655,0.7432730228745295,0.4666666666666667,0.0,0.0,0.0,0.0,2002,clin,0.8
3,4,lr5e-05_bs16_modL1_fusion64_fusionL1_drop0p1_trmiss80_trlocclin,16,5e-05,1,64,1,0.1,lr5e-05_bs16_modL1_fusion64_fusionL1_drop0p1_trmiss80_trlocclin,16,0.4603138566017151,0.6763293345769247,0.581896551724138,0.7508060848092142,0.4888888888888889,0.0,0.0,0.0,0.0,2002,clin,0.8
3,4,lr5e-05_bs16_modL1_fusion64_fusionL1_drop0p1_trmiss80_trlocclin,16,5e-05,1,64,1,0.1,lr5e-05_bs16_modL1_fusion64_fusionL1_drop0p1_trmiss80_trlocclin,17,0.4633172204097112,0.6737820506095886,0.5883620689655173,0.7579002909080799,0.4888888888888889,0.0,0.0,0.0,0.0,2002,clin,0.8
3,4,lr5e-05_bs16_modL1_fusion64_fusionL1_drop0p1_trmiss80_trlocclin,16,5e-05,1,64,1,0.1,lr5e-05_bs16_modL1_fusion64_fusionL1_drop0p1_trmiss80_trlocclin,18,0.42749476184447605,0.6780222455660502,0.603448275862069,0.7653036445636905,0.5111111111111111,0.0,0.0,0.0,0.0,2002,clin,0.8
3,4,lr5e-05_bs16_modL1_fusion64_fusionL1_drop0p1_trmiss80_trlocclin,16,5e-05,1,64,1,0.1,lr5e-05_bs16_modL1_fusion64_fusionL1_drop0p1_trmiss80_trlocclin,19,0.424330398440361,0.6723036766052246,0.6034482758620691,0.7562069715263536,0.5333333333333333,0.0,0.0,0.0,0.0,2002,clin,0.8
3,4,lr5e-05_bs16_modL1_fusion64_fusionL1_drop0p1_trmiss80_trlocclin,16,5e-05,1,64,1,0.1,lr5e-05_bs16_modL1_fusion64_fusionL1_drop0p1_trmiss80_trlocclin,20,0.45212818185488385,0.6647032101949056,0.6056034482758621,0.7666246884584884,0.5555555555555556,0.0,0.0,0.0,0.0,2002,clin,0.8
3,4,lr5e-05_bs16_modL1_fusion64_fusionL1_drop0p1_trmiss80_trlocclin,16,5e-05,1,64,1,0.1,lr5e-05_bs16_modL1_fusion64_fusionL1_drop0p1_trmiss80_trlocclin,21,0.40648167828718823,0.671715517838796,0.6077586206896552,0.7680605022337974,0.5555555555555556,0.0,0.0,0.0,0.0,2002,clin,0.8
3,4,lr5e-05_bs16_modL1_fusion64_fusionL1_drop0p1_trmiss80_trlocclin,16,5e-05,1,64,1,0.1,lr5e-05_bs16_modL1_fusion64_fusionL1_drop0p1_trmiss80_trlocclin,22,0.4058867618441582,0.6703701416651408,0.6099137931034484,0.7762651188165819,0.5111111111111111,0.0,0.0,0.0,0.0,2002,clin,0.8
3,4,lr5e-05_bs16_modL1_fusion64_fusionL1_drop0p1_trmiss80_trlocclin,16,5e-05,1,64,1,0.1,lr5e-05_bs16_modL1_fusion64_fusionL1_drop0p1_trmiss80_trlocclin,23,0.4022840882341067,0.6739851236343384,0.6056034482758621,0.7680394328580638,0.5111111111111111,0.0,0.0,0.0,0.0,2002,clin,0.8
3,4,lr5e-05_bs16_modL1_fusion64_fusionL1_drop0p1_trmiss80_trlocclin,16,5e-05,1,64,1,0.1,lr5e-05_bs16_modL1_fusion64_fusionL1_drop0p1_trmiss80_trlocclin,24,0.40781081716219586,0.6846079031626383,0.5732758620689655,0.7410704258514246,0.5111111111111111,0.0,0.0,0.0,0.0,2002,clin,0.8
3,4,lr5e-05_bs16_modL1_fusion64_fusionL1_drop0p1_trmiss80_trlocclin,16,5e-05,1,64,1,0.1,lr5e-05_bs16_modL1_fusion64_fusionL1_drop0p1_trmiss80_trlocclin,25,0.42392242948214215,0.6770598093668619,0.5818965517241379,0.7546792239653267,0.5333333333333333,0.0,0.0,0.0,0.0,2002,clin,0.8
3,4,lr5e-05_bs16_modL1_fusion64_fusionL1_drop0p1_trmiss80_trlocclin,16,5e-05,1,64,1,0.1,lr5e-05_bs16_modL1_fusion64_fusionL1_drop0p1_trmiss80_trlocclin,26,0.39403985689083737,0.6762757301330566,0.6012931034482759,0.7677152463230597,0.5111111111111111,0.0,0.0,0.0,0.0,2002,clin,0.8
3,4,lr5e-05_bs16_modL1_fusion64_fusionL1_drop0p1_trmiss80_trlocclin,16,5e-05,1,64,1,0.1,lr5e-05_bs16_modL1_fusion64_fusionL1_drop0p1_trmiss80_trlocclin,27,0.4047269746661186,0.6826880971590678,0.5689655172413792,0.7462890939132909,0.5111111111111111,0.0,0.0,0.0,0.0,2002,clin,0.8
3,4,lr5e-05_bs16_modL1_fusion64_fusionL1_drop0p1_trmiss80_trlocclin,16,5e-05,1,64,1,0.1,lr5e-05_bs16_modL1_fusion64_fusionL1_drop0p1_trmiss80_trlocclin,28,0.39070808639129,0.6814233660697937,0.5862068965517242,0.7619183697505896,0.4888888888888889,0.0,0.0,0.0,0.0,2002,clin,0.8
3,4,lr5e-05_bs16_modL1_fusion64_fusionL1_drop0p1_trmiss80_trlocclin,16,5e-05,1,64,1,0.1,lr5e-05_bs16_modL1_fusion64_fusionL1_drop0p1_trmiss80_trlocclin,29,0.3882191876570384,0.6754735310872396,0.5754310344827587,0.7573363769601891,0.5333333333333333,0.0,0.0,0.0,0.0,2002,clin,0.8
3,4,lr5e-05_bs16_modL1_fusion64_fusionL1_drop0p1_trmiss80_trlocclin,16,5e-05,1,64,1,0.1,lr5e-05_bs16_modL1_fusion64_fusionL1_drop0p1_trmiss80_trlocclin,30,0.3904080217083295,0.6728528539339701,0.584051724137931,0.7618956212593433,0.5555555555555556,0.0,0.0,0.0,0.0,2002,clin,0.8
3,4,lr5e-05_bs16_modL1_fusion64_fusionL1_drop0p1_trmiss80_trlocclin,16,5e-05,1,64,1,0.1,lr5e-05_bs16_modL1_fusion64_fusionL1_drop0p1_trmiss80_trlocclin,31,0.3730323563019435,0.6719980637232462,0.603448275862069,0.7724745512840279,0.5111111111111111,0.0,0.0,0.0,0.0,2002,clin,0.8
3,4,lr5e-05_bs16_modL1_fusion64_fusionL1_drop0p1_trmiss80_trlocclin,16,5e-05,1,64,1,0.1,lr5e-05_bs16_modL1_fusion64_fusionL1_drop0p1_trmiss80_trlocclin,32,0.3713025127847989,0.6766613324483236,0.5862068965517241,0.762318354768289,0.5333333333333333,0.0,0.0,0.0,0.0,2002,clin,0.8
3,4,lr5e-05_bs16_modL1_fusion64_fusionL1_drop0p1_trmiss80_trlocclin,16,5e-05,1,64,1,0.1,lr5e-05_bs16_modL1_fusion64_fusionL1_drop0p1_trmiss80_trlocclin,33,0.3762948264678319,0.677598774433136,0.5797413793103448,0.7572094150950137,0.5111111111111111,0.0,0.0,0.0,0.0,2002,clin,0.8
3,4,lr5e-05_bs16_modL1_fusion64_fusionL1_drop0p1_trmiss80_trlocclin,16,5e-05,1,64,1,0.1,lr5e-05_bs16_modL1_fusion64_fusionL1_drop0p1_trmiss80_trlocclin,34,0.38370225578546524,0.6697613398234049,0.5991379310344828,0.7708522040998027,0.5333333333333333,0.0,0.0,0.0,0.0,2002,clin,0.8
3,4,lr1e-04_bs16_modL1_fusion32_fusionL1_drop0p2_trmiss80_trlocclin,16,0.0001,1,32,1,0.2,lr1e-04_bs16_modL1_fusion32_fusionL1_drop0p2_trmiss80_trlocclin,1,0.7812363654375076,0.7124277949333191,0.5603448275862069,0.745902246216869,0.4888888888888889,0.0,0.0,0.0,0.0,2002,clin,0.8
3,4,lr1e-04_bs16_modL1_fusion32_fusionL1_drop0p2_trmiss80_trlocclin,16,0.0001,1,32,1,0.2,lr1e-04_bs16_modL1_fusion32_fusionL1_drop0p2_trmiss80_trlocclin,2,0.7122998187939326,0.7188123861948649,0.5689655172413792,0.7459190681690007,0.4666666666666667,0.0,0.0,0.0,0.0,2002,clin,0.8
3,4,lr1e-04_bs16_modL1_fusion32_fusionL1_drop0p2_trmiss80_trlocclin,16,0.0001,1,32,1,0.2,lr1e-04_bs16_modL1_fusion32_fusionL1_drop0p2_trmiss80_trlocclin,3,0.7156553119421005,0.7120510339736938,0.5883620689655173,0.7600620762738889,0.5333333333333333,0.0,0.0,0.0,0.0,2002,clin,0.8
3,4,lr1e-04_bs16_modL1_fusion32_fusionL1_drop0p2_trmiss80_trlocclin,16,0.0001,1,32,1,0.2,lr1e-04_bs16_modL1_fusion32_fusionL1_drop0p2_trmiss80_trlocclin,4,0.6685215830802917,0.7145775953928629,0.605603448275862,0.7576033571131143,0.5333333333333333,0.0,0.0,0.0,0.0,2002,clin,0.8
3,4,lr1e-04_bs16_modL1_fusion32_fusionL1_drop0p2_trmiss80_trlocclin,16,0.0001,1,32,1,0.2,lr1e-04_bs16_modL1_fusion32_fusionL1_drop0p2_trmiss80_trlocclin,5,0.6520436157782873,0.7159591317176819,0.5948275862068966,0.7379970932804225,0.4888888888888889,0.0,0.0,0.0,0.0,2002,clin,0.8
3,4,lr1e-04_bs16_modL1_fusion32_fusionL1_drop0p2_trmiss80_trlocclin,16,0.0001,1,32,1,0.2,lr1e-04_bs16_modL1_fusion32_fusionL1_drop0p2_trmiss80_trlocclin,6,0.6316431959470113,0.7039883534113566,0.6120689655172413,0.7506961512724314,0.5111111111111111,0.0,0.0,0.0,0.0,2002,clin,0.8
3,4,lr1e-04_bs16_modL1_fusion32_fusionL1_drop0p2_trmiss80_trlocclin,16,0.0001,1,32,1,0.2,lr1e-04_bs16_modL1_fusion32_fusionL1_drop0p2_trmiss80_trlocclin,7,0.606692078212897,0.7097979784011841,0.5969827586206897,0.735431244609741,0.4888888888888889,0.0,0.0,0.0,0.0,2002,clin,0.8
3,4,lr1e-04_bs16_modL1_fusion32_fusionL1_drop0p2_trmiss80_trlocclin,16,0.0001,1,32,1,0.2,lr1e-04_bs16_modL1_fusion32_fusionL1_drop0p2_trmiss80_trlocclin,8,0.604104737440745,0.6991311510403951,0.622844827586207,0.7625148339348756,0.5111111111111111,0.0,0.0,0.0,0.0,2002,clin,0.8
3,4,lr1e-04_bs16_modL1_fusion32_fusionL1_drop0p2_trmiss80_trlocclin,16,0.0001,1,32,1,0.2,lr1e-04_bs16_modL1_fusion32_fusionL1_drop0p2_trmiss80_trlocclin,9,0.6048177778720856,0.7125891447067261,0.603448275862069,0.7481134535178632,0.5111111111111111,0.0,0.0,0.0,0.0,2002,clin,0.8
3,4,lr1e-04_bs16_modL1_fusion32_fusionL1_drop0p2_trmiss80_trlocclin,16,0.0001,1,32,1,0.2,lr1e-04_bs16_modL1_fusion32_fusionL1_drop0p2_trmiss80_trlocclin,10,0.5987355882922808,0.7154106696446737,0.6163793103448276,0.7659275673151201,0.5111111111111111,0.0,0.0,0.0,0.0,2002,clin,0.8
3,4,lr1e-04_bs16_modL1_fusion32_fusionL1_drop0p2_trmiss80_trlocclin,16,0.0001,1,32,1,0.2,lr1e-04_bs16_modL1_fusion32_fusionL1_drop0p2_trmiss80_trlocclin,11,0.6139969825744629,0.7057380477587382,0.6530172413793104,0.7833638981171146,0.5777777777777777,0.0,0.0,0.0,0.0,2002,clin,0.8
3,4,lr1e-04_bs16_modL1_fusion32_fusionL1_drop0p2_trmiss80_trlocclin,16,0.0001,1,32,1,0.2,lr1e-04_bs16_modL1_fusion32_fusionL1_drop0p2_trmiss80_trlocclin,12,0.5488287111123403,0.7060121297836304,0.6637931034482758,0.7932952027823269,0.6,0.0,0.0,0.0,0.0,2002,clin,0.8
3,4,lr1e-04_bs16_modL1_fusion32_fusionL1_drop0p2_trmiss80_trlocclin,16,0.0001,1,32,1,0.2,lr1e-04_bs16_modL1_fusion32_fusionL1_drop0p2_trmiss80_trlocclin,13,0.5498114923636118,0.7093761563301086,0.6422413793103449,0.7906556577189728,0.6222222222222222,0.0,0.0,0.0,0.0,2002,clin,0.8
3,4,lr1e-04_bs16_modL1_fusion32_fusionL1_drop0p2_trmiss80_trlocclin,16,0.0001,1,32,1,0.2,lr1e-04_bs16_modL1_fusion32_fusionL1_drop0p2_trmiss80_trlocclin,14,0.5368812729914983,0.69154953956604,0.665948275862069,0.8007138837658222,0.6222222222222222,0.0,0.0,0.0,0.0,2002,clin,0.8
3,4,lr1e-04_bs16_modL1_fusion32_fusionL1_drop0p2_trmiss80_trlocclin,16,0.0001,1,32,1,0.2,lr1e-04_bs16_modL1_fusion32_fusionL1_drop0p2_trmiss80_trlocclin,15,0.5223973492781321,0.6774377028147379,0.6982758620689655,0.8281927299330736,0.6444444444444445,0.0,0.0,0.0,0.0,2002,clin,0.8
3,4,lr1e-04_bs16_modL1_fusion32_fusionL1_drop0p2_trmiss80_trlocclin,16,0.0001,1,32,1,0.2,lr1e-04_bs16_modL1_fusion32_fusionL1_drop0p2_trmiss80_trlocclin,16,0.501452607413133,0.6720562974611918,0.6961206896551724,0.832408376690098,0.6666666666666666,0.0,0.0,0.0,0.0,2002,clin,0.8
3,4,lr1e-04_bs16_modL1_fusion32_fusionL1_drop0p2_trmiss80_trlocclin,16,0.0001,1,32,1,0.2,lr1e-04_bs16_modL1_fusion32_fusionL1_drop0p2_trmiss80_trlocclin,17,0.496850090722243,0.6822799245516459,0.6637931034482759,0.7955218466393127,0.6,0.0,0.0,0.0,0.0,2002,clin,0.8
3,4,lr1e-04_bs16_modL1_fusion32_fusionL1_drop0p2_trmiss80_trlocclin,16,0.0001,1,32,1,0.2,lr1e-04_bs16_modL1_fusion32_fusionL1_drop0p2_trmiss80_trlocclin,18,0.5097861712177595,0.6772117416063944,0.6573275862068966,0.8089891380473976,0.6666666666666666,0.0,0.0,0.0,0.0,2002,clin,0.8
3,4,lr1e-04_bs16_modL1_fusion32_fusionL1_drop0p2_trmiss80_trlocclin,16,0.0001,1,32,1,0.2,lr1e-04_bs16_modL1_fusion32_fusionL1_drop0p2_trmiss80_trlocclin,19,0.4889335185289383,0.6960484385490417,0.6443965517241379,0.8003488069159844,0.6666666666666666,0.0,0.0,0.0,0.0,2002,clin,0.8
3,4,lr1e-04_bs16_modL1_fusion32_fusionL1_drop0p2_trmiss80_trlocclin,16,0.0001,1,32,1,0.2,lr1e-04_bs16_modL1_fusion32_fusionL1_drop0p2_trmiss80_trlocclin,20,0.4821246266365051,0.7017311056454977,0.6443965517241379,0.8044684957798336,0.6444444444444445,0.0,0.0,0.0,0.0,2002,clin,0.8
3,4,lr1e-04_bs16_modL1_fusion32_fusionL1_drop0p2_trmiss80_trlocclin,16,0.0001,1,32,1,0.2,lr1e-04_bs16_modL1_fusion32_fusionL1_drop0p2_trmiss80_trlocclin,21,0.4613388255238533,0.7018114725748698,0.625,0.7861589634533058,0.6222222222222222,0.0,0.0,0.0,0.0,2002,clin,0.8
3,4,lr1e-04_bs16_modL1_fusion32_fusionL1_drop0p2_trmiss80_trlocclin,16,0.0001,1,32,1,0.2,lr1e-04_bs16_modL1_fusion32_fusionL1_drop0p2_trmiss80_trlocclin,22,0.4325636103749275,0.6973932782808939,0.6250000000000001,0.7895558265256977,0.5555555555555556,0.0,0.0,0.0,0.0,2002,clin,0.8
3,4,lr1e-04_bs16_modL1_fusion32_fusionL1_drop0p2_trmiss80_trlocclin,16,0.0001,1,32,1,0.2,lr1e-04_bs16_modL1_fusion32_fusionL1_drop0p2_trmiss80_trlocclin,23,0.44190747042497,0.6973052223523458,0.6422413793103448,0.8082174348740967,0.6,0.0,0.0,0.0,0.0,2002,clin,0.8
3,4,lr1e-04_bs16_modL1_fusion32_fusionL1_drop0p2_trmiss80_trlocclin,16,0.0001,1,32,1,0.2,lr1e-04_bs16_modL1_fusion32_fusionL1_drop0p2_trmiss80_trlocclin,24,0.4051107143362363,0.6973168055216471,0.6379310344827586,0.8009022951135598,0.6444444444444445,0.0,0.0,0.0,0.0,2002,clin,0.8
3,4,lr1e-04_bs16_modL1_fusion32_fusionL1_drop0p2_trmiss80_trlocclin,16,0.0001,1,32,1,0.2,lr1e-04_bs16_modL1_fusion32_fusionL1_drop0p2_trmiss80_trlocclin,25,0.42818203568458557,0.7021392583847046,0.6357758620689655,0.8063271923281392,0.6222222222222222,0.0,0.0,0.0,0.0,2002,clin,0.8
3,4,lr1e-04_bs16_modL1_fusion32_fusionL1_drop0p2_trmiss80_trlocclin,16,0.0001,1,32,1,0.2,lr1e-04_bs16_modL1_fusion32_fusionL1_drop0p2_trmiss80_trlocclin,26,0.4140249739090602,0.6998183528582255,0.625,0.8001249767943996,0.6222222222222222,0.0,0.0,0.0,0.0,2002,clin,0.8
3,4,lr1e-04_bs16_modL1_fusion32_fusionL1_drop0p2_trmiss80_trlocclin,16,0.0001,1,32,1,0.2,lr1e-04_bs16_modL1_fusion32_fusionL1_drop0p2_trmiss80_trlocclin,27,0.41636815667152405,0.7090388337771097,0.6271551724137931,0.8097099654215183,0.6444444444444445,0.0,0.0,0.0,0.0,2002,clin,0.8
3,4,lr1e-04_bs16_modL1_fusion32_fusionL1_drop0p2_trmiss80_trlocclin,16,0.0001,1,32,1,0.2,lr1e-04_bs16_modL1_fusion32_fusionL1_drop0p2_trmiss80_trlocclin,28,0.4030759011705716,0.7103767792383829,0.6142241379310345,0.8036534037017491,0.6,0.0,0.0,0.0,0.0,2002,clin,0.8
3,4,lr1e-04_bs16_modL1_fusion32_fusionL1_drop0p2_trmiss80_trlocclin,16,0.0001,1,32,1,0.2,lr1e-04_bs16_modL1_fusion32_fusionL1_drop0p2_trmiss80_trlocclin,29,0.3836414987842242,0.7028993964195251,0.603448275862069,0.7853209912099236,0.5555555555555556,0.0,0.0,0.0,0.0,2002,clin,0.8
3,4,lr1e-04_bs16_modL1_fusion32_fusionL1_drop0p2_trmiss80_trlocclin,16,0.0001,1,32,1,0.2,lr1e-04_bs16_modL1_fusion32_fusionL1_drop0p2_trmiss80_trlocclin,30,0.4151684045791626,0.7017712990442911,0.6336206896551724,0.8095062503252857,0.5777777777777777,0.0,0.0,0.0,0.0,2002,clin,0.8
3,4,lr1e-04_bs16_modL1_fusion32_fusionL1_drop0p2_trmiss80_trlocclin,16,0.0001,1,32,1,0.2,lr1e-04_bs16_modL1_fusion32_fusionL1_drop0p2_trmiss80_trlocclin,31,0.397414763768514,0.7101275324821472,0.6293103448275863,0.8104281681987138,0.6,0.0,0.0,0.0,0.0,2002,clin,0.8
3,4,lr1e-04_bs16_modL1_fusion32_fusionL1_drop0p2_trmiss80_trlocclin,16,0.0001,1,32,1,0.2,lr1e-04_bs16_modL1_fusion32_fusionL1_drop0p2_trmiss80_trlocclin,32,0.3992906336983045,0.6884122689565023,0.6379310344827587,0.8093807779888385,0.6,0.0,0.0,0.0,0.0,2002,clin,0.8
3,4,lr1e-04_bs16_modL1_fusion32_fusionL1_drop0p2_trmiss80_trlocclin,16,0.0001,1,32,1,0.2,lr1e-04_bs16_modL1_fusion32_fusionL1_drop0p2_trmiss80_trlocclin,33,0.39964741965134937,0.6911610166231791,0.6379310344827586,0.8159032731827331,0.6222222222222222,0.0,0.0,0.0,0.0,2002,clin,0.8
3,4,lr1e-04_bs16_modL1_fusion32_fusionL1_drop0p2_trmiss80_trlocclin,16,0.0001,1,32,1,0.2,lr1e-04_bs16_modL1_fusion32_fusionL1_drop0p2_trmiss80_trlocclin,34,0.3868555650115013,0.6850322882334391,0.6379310344827587,0.8104882711302981,0.6222222222222222,0.0,0.0,0.0,0.0,2002,clin,0.8
3,4,lr1e-04_bs16_modL1_fusion32_fusionL1_drop0p2_trmiss80_trlocclin,16,0.0001,1,32,1,0.2,lr1e-04_bs16_modL1_fusion32_fusionL1_drop0p2_trmiss80_trlocclin,35,0.4222991367181142,0.7017872134844462,0.6314655172413793,0.8075938190697933,0.6222222222222222,0.0,0.0,0.0,0.0,2002,clin,0.8
3,4,lr1e-04_bs16_modL1_fusion32_fusionL1_drop0p1_trmiss80_trlocclin,16,0.0001,1,32,1,0.1,lr1e-04_bs16_modL1_fusion32_fusionL1_drop0p1_trmiss80_trlocclin,1,0.7354794094959894,0.7223169604937235,0.4568965517241379,0.6617910940962988,0.4,0.0,0.0,0.0,0.0,2002,clin,0.8
3,4,lr1e-04_bs16_modL1_fusion32_fusionL1_drop0p1_trmiss80_trlocclin,16,0.0001,1,32,1,0.1,lr1e-04_bs16_modL1_fusion32_fusionL1_drop0p1_trmiss80_trlocclin,2,0.6846118122339249,0.7140670418739319,0.5107758620689655,0.6910320610423977,0.4222222222222222,0.0,0.0,0.0,0.0,2002,clin,0.8
3,4,lr1e-04_bs16_modL1_fusion32_fusionL1_drop0p1_trmiss80_trlocclin,16,0.0001,1,32,1,0.1,lr1e-04_bs16_modL1_fusion32_fusionL1_drop0p1_trmiss80_trlocclin,3,0.651556928952535,0.7116624712944031,0.5323275862068966,0.705971995238223,0.4444444444444444,0.0,0.0,0.0,0.0,2002,clin,0.8
3,4,lr1e-04_bs16_modL1_fusion32_fusionL1_drop0p1_trmiss80_trlocclin,16,0.0001,1,32,1,0.1,lr1e-04_bs16_modL1_fusion32_fusionL1_drop0p1_trmiss80_trlocclin,4,0.639243021607399,0.7088448405265808,0.5517241379310345,0.7029322400135365,0.4222222222222222,0.0,0.0,0.0,0.0,2002,clin,0.8
3,4,lr1e-04_bs16_modL1_fusion32_fusionL1_drop0p1_trmiss80_trlocclin,16,0.0001,1,32,1,0.1,lr1e-04_bs16_modL1_fusion32_fusionL1_drop0p1_trmiss80_trlocclin,5,0.6220622211694717,0.7034009695053101,0.5905172413793104,0.7320232196114765,0.4222222222222222,0.0,0.0,0.0,0.0,2002,clin,0.8
3,4,lr1e-04_bs16_modL1_fusion32_fusionL1_drop0p1_trmiss80_trlocclin,16,0.0001,1,32,1,0.1,lr1e-04_bs16_modL1_fusion32_fusionL1_drop0p1_trmiss80_trlocclin,6,0.5832141488790512,0.6950145959854126,0.6142241379310345,0.738570535535224,0.4444444444444444,0.0,0.0,0.0,0.0,2002,clin,0.8
3,4,lr1e-04_bs16_modL1_fusion32_fusionL1_drop0p1_trmiss80_trlocclin,16,0.0001,1,32,1,0.1,lr1e-04_bs16_modL1_fusion32_fusionL1_drop0p1_trmiss80_trlocclin,7,0.5892461140950521,0.6794470151265463,0.6443965517241379,0.7414679599961325,0.4888888888888889,0.0,0.0,0.0,0.0,2002,clin,0.8
3,4,lr1e-04_bs16_modL1_fusion32_fusionL1_drop0p1_trmiss80_trlocclin,16,0.0001,1,32,1,0.1,lr1e-04_bs16_modL1_fusion32_fusionL1_drop0p1_trmiss80_trlocclin,8,0.573349729180336,0.6867103775342306,0.6357758620689655,0.7335560072391967,0.5333333333333333,0.0,0.0,0.0,0.0,2002,clin,0.8
3,4,lr1e-04_bs16_modL1_fusion32_fusionL1_drop0p1_trmiss80_trlocclin,16,0.0001,1,32,1,0.1,lr1e-04_bs16_modL1_fusion32_fusionL1_drop0p1_trmiss80_trlocclin,9,0.5606758197148641,0.6936805248260498,0.6271551724137931,0.7239816810286492,0.5333333333333333,0.0,0.0,0.0,0.0,2002,clin,0.8
3,4,lr1e-04_bs16_modL1_fusion32_fusionL1_drop0p1_trmiss80_trlocclin,16,0.0001,1,32,1,0.1,lr1e-04_bs16_modL1_fusion32_fusionL1_drop0p1_trmiss80_trlocclin,10,0.543107936779658,0.6861658096313477,0.644396551724138,0.737196944697974,0.5555555555555556,0.0,0.0,0.0,0.0,2002,clin,0.8
3,4,lr1e-04_bs16_modL1_fusion32_fusionL1_drop0p1_trmiss80_trlocclin,16,0.0001,1,32,1,0.1,lr1e-04_bs16_modL1_fusion32_fusionL1_drop0p1_trmiss80_trlocclin,11,0.540615955988566,0.6824187835057577,0.6400862068965517,0.7348031192606654,0.6,0.0,0.0,0.0,0.0,2002,clin,0.8
3,4,lr1e-04_bs16_modL1_fusion32_fusionL1_drop0p1_trmiss80_trlocclin,16,0.0001,1,32,1,0.1,lr1e-04_bs16_modL1_fusion32_fusionL1_drop0p1_trmiss80_trlocclin,12,0.5320674677689871,0.674480160077413,0.6336206896551724,0.7310433737007545,0.6,0.0,0.0,0.0,0.0,2002,clin,0.8
3,4,lr1e-04_bs16_modL1_fusion32_fusionL1_drop0p1_trmiss80_trlocclin,16,0.0001,1,32,1,0.1,lr1e-04_bs16_modL1_fusion32_fusionL1_drop0p1_trmiss80_trlocclin,13,0.49821121245622635,0.6776702404022217,0.622844827586207,0.7285820827671357,0.6,0.0,0.0,0.0,0.0,2002,clin,0.8
3,4,lr1e-04_bs16_modL1_fusion32_fusionL1_drop0p1_trmiss80_trlocclin,16,0.0001,1,32,1,0.1,lr1e-04_bs16_modL1_fusion32_fusionL1_drop0p1_trmiss80_trlocclin,14,0.49050374577442807,0.6739128232002258,0.6443965517241379,0.7577354769365501,0.6,0.0,0.0,0.0,0.0,2002,clin,0.8
3,4,lr1e-04_bs16_modL1_fusion32_fusionL1_drop0p1_trmiss80_trlocclin,16,0.0001,1,32,1,0.1,lr1e-04_bs16_modL1_fusion32_fusionL1_drop0p1_trmiss80_trlocclin,15,0.4849994828303655,0.6674071153004965,0.6400862068965517,0.7480814700136613,0.6444444444444445,0.0,0.0,0.0,0.0,2002,clin,0.8
3,4,lr1e-04_bs16_modL1_fusion32_fusionL1_drop0p1_trmiss80_trlocclin,16,0.0001,1,32,1,0.1,lr1e-04_bs16_modL1_fusion32_fusionL1_drop0p1_trmiss80_trlocclin,16,0.4819434608022372,0.6594502329826355,0.6594827586206896,0.765959749340098,0.6666666666666666,0.0,0.0,0.0,0.0,2002,clin,0.8
3,4,lr1e-04_bs16_modL1_fusion32_fusionL1_drop0p1_trmiss80_trlocclin,16,0.0001,1,32,1,0.1,lr1e-04_bs16_modL1_fusion32_fusionL1_drop0p1_trmiss80_trlocclin,17,0.4601847380399704,0.6572664380073547,0.6702586206896551,0.7749942488728141,0.6666666666666666,0.0,0.0,0.0,0.0,2002,clin,0.8
3,4,lr1e-04_bs16_modL1_fusion32_fusionL1_drop0p1_trmiss80_trlocclin,16,0.0001,1,32,1,0.1,lr1e-04_bs16_modL1_fusion32_fusionL1_drop0p1_trmiss80_trlocclin,18,0.44702936957279843,0.6606558561325073,0.6508620689655172,0.7549686010860341,0.6444444444444445,0.0,0.0,0.0,0.0,2002,clin,0.8
3,4,lr1e-04_bs16_modL1_fusion32_fusionL1_drop0p1_trmiss80_trlocclin,16,0.0001,1,32,1,0.1,lr1e-04_bs16_modL1_fusion32_fusionL1_drop0p1_trmiss80_trlocclin,19,0.45459506412347156,0.6640886664390564,0.6443965517241379,0.751669874353371,0.6666666666666666,0.0,0.0,0.0,0.0,2002,clin,0.8
3,4,lr1e-04_bs16_modL1_fusion32_fusionL1_drop0p1_trmiss80_trlocclin,16,0.0001,1,32,1,0.1,lr1e-04_bs16_modL1_fusion32_fusionL1_drop0p1_trmiss80_trlocclin,20,0.4325447926918666,0.6526526808738708,0.6508620689655172,0.7591592158891294,0.6444444444444445,0.0,0.0,0.0,0.0,2002,clin,0.8
3,4,lr1e-04_bs16_modL1_fusion32_fusionL1_drop0p1_trmiss80_trlocclin,16,0.0001,1,32,1,0.1,lr1e-04_bs16_modL1_fusion32_fusionL1_drop0p1_trmiss80_trlocclin,21,0.4331204245487849,0.6525489290555319,0.6573275862068966,0.7607101005094805,0.6666666666666666,0.0,0.0,0.0,0.0,2002,clin,0.8
3,4,lr1e-04_bs16_modL1_fusion32_fusionL1_drop0p1_trmiss80_trlocclin,16,0.0001,1,32,1,0.1,lr1e-04_bs16_modL1_fusion32_fusionL1_drop0p1_trmiss80_trlocclin,22,0.4126635144154231,0.6603432496388754,0.6508620689655172,0.7420718654237584,0.6666666666666666,0.0,0.0,0.0,0.0,2002,clin,0.8
3,4,lr1e-04_bs16_modL1_fusion32_fusionL1_drop0p1_trmiss80_trlocclin,16,0.0001,1,32,1,0.1,lr1e-04_bs16_modL1_fusion32_fusionL1_drop0p1_trmiss80_trlocclin,23,0.4143427908420563,0.6615071098009745,0.6443965517241379,0.7571839387029791,0.6666666666666666,0.0,0.0,0.0,0.0,2002,clin,0.8
3,4,lr1e-04_bs16_modL1_fusion32_fusionL1_drop0p1_trmiss80_trlocclin,16,0.0001,1,32,1,0.1,lr1e-04_bs16_modL1_fusion32_fusionL1_drop0p1_trmiss80_trlocclin,24,0.3994806756575902,0.6676285068194071,0.6271551724137931,0.7733640482616463,0.6222222222222222,0.0,0.0,0.0,0.0,2002,clin,0.8
3,4,lr1e-04_bs16_modL1_fusion32_fusionL1_drop0p1_trmiss80_trlocclin,16,0.0001,1,32,1,0.1,lr1e-04_bs16_modL1_fusion32_fusionL1_drop0p1_trmiss80_trlocclin,25,0.4010315164923668,0.6624731222788492,0.6293103448275862,0.7624000401035743,0.6222222222222222,0.0,0.0,0.0,0.0,2002,clin,0.8
3,4,lr1e-04_bs16_modL1_fusion32_fusionL1_drop0p1_trmiss80_trlocclin,16,0.0001,1,32,1,0.1,lr1e-04_bs16_modL1_fusion32_fusionL1_drop0p1_trmiss80_trlocclin,26,0.4060581798354785,0.6525407632191976,0.6336206896551724,0.7610175979940207,0.6444444444444445,0.0,0.0,0.0,0.0,2002,clin,0.8
3,4,lr1e-04_bs16_modL1_fusion32_fusionL1_drop0p1_trmiss80_trlocclin,16,0.0001,1,32,1,0.1,lr1e-04_bs16_modL1_fusion32_fusionL1_drop0p1_trmiss80_trlocclin,27,0.36822683612505597,0.654390792051951,0.6530172413793104,0.7673483301760249,0.6,0.0,0.0,0.0,0.0,2002,clin,0.8
3,4,lr1e-04_bs16_modL1_fusion32_fusionL1_drop0p1_trmiss80_trlocclin,16,0.0001,1,32,1,0.1,lr1e-04_bs16_modL1_fusion32_fusionL1_drop0p1_trmiss80_trlocclin,28,0.3616666595141093,0.6605260769526163,0.6379310344827586,0.7383537879685955,0.6,0.0,0.0,0.0,0.0,2002,clin,0.8
3,4,lr1e-04_bs16_modL1_fusion32_fusionL1_drop0p1_trmiss80_trlocclin,16,0.0001,1,32,1,0.1,lr1e-04_bs16_modL1_fusion32_fusionL1_drop0p1_trmiss80_trlocclin,29,0.3505443756779035,0.662738025188446,0.6228448275862069,0.7272005258167604,0.6,0.0,0.0,0.0,0.0,2002,clin,0.8
3,4,lr1e-04_bs16_modL1_fusion32_fusionL1_drop0p1_trmiss80_trlocclin,16,0.0001,1,32,1,0.1,lr1e-04_bs16_modL1_fusion32_fusionL1_drop0p1_trmiss80_trlocclin,30,0.3822083845734596,0.6648731033007304,0.6314655172413792,0.7691099781170462,0.6,0.0,0.0,0.0,0.0,2002,clin,0.8
3,4,lr1e-04_bs16_modL1_fusion32_fusionL1_drop0p1_trmiss80_trlocclin,16,0.0001,1,32,1,0.1,lr1e-04_bs16_modL1_fusion32_fusionL1_drop0p1_trmiss80_trlocclin,31,0.34687669823567074,0.6679053703943888,0.6379310344827587,0.7756283370854961,0.6,0.0,0.0,0.0,0.0,2002,clin,0.8
3,4,lr1e-04_bs16_modL1_fusion32_fusionL1_drop0p1_trmiss80_trlocclin,16,0.0001,1,32,1,0.1,lr1e-04_bs16_modL1_fusion32_fusionL1_drop0p1_trmiss80_trlocclin,32,0.343865563472112,0.6620583335558573,0.6336206896551724,0.7628159059858598,0.6,0.0,0.0,0.0,0.0,2002,clin,0.8
3,4,lr1e-04_bs16_modL1_fusion32_fusionL1_drop0p1_trmiss80_trlocclin,16,0.0001,1,32,1,0.1,lr1e-04_bs16_modL1_fusion32_fusionL1_drop0p1_trmiss80_trlocclin,33,0.3447867234547933,0.6660511692365011,0.6336206896551724,0.7702020279845104,0.6,0.0,0.0,0.0,0.0,2002,clin,0.8
3,4,lr1e-04_bs16_modL1_fusion32_fusionL1_drop0p1_trmiss80_trlocclin,16,0.0001,1,32,1,0.1,lr1e-04_bs16_modL1_fusion32_fusionL1_drop0p1_trmiss80_trlocclin,34,0.32413708170255023,0.6505485574404398,0.6400862068965517,0.7748009828299955,0.6222222222222222,0.0,0.0,0.0,0.0,2002,clin,0.8
3,4,lr1e-04_bs16_modL1_fusion32_fusionL1_drop0p1_trmiss80_trlocclin,16,0.0001,1,32,1,0.1,lr1e-04_bs16_modL1_fusion32_fusionL1_drop0p1_trmiss80_trlocclin,35,0.35049360742171604,0.6484163999557495,0.6293103448275862,0.7699512448769039,0.6444444444444445,0.0,0.0,0.0,0.0,2002,clin,0.8
3,4,lr1e-04_bs16_modL1_fusion32_fusionL1_drop0p1_trmiss80_trlocclin,16,0.0001,1,32,1,0.1,lr1e-04_bs16_modL1_fusion32_fusionL1_drop0p1_trmiss80_trlocclin,36,0.3263941630721092,0.6546487212181091,0.6228448275862069,0.7623408469589699,0.6444444444444445,0.0,0.0,0.0,0.0,2002,clin,0.8
3,4,lr1e-04_bs16_modL1_fusion32_fusionL1_drop0p1_trmiss80_trlocclin,16,0.0001,1,32,1,0.1,lr1e-04_bs16_modL1_fusion32_fusionL1_drop0p1_trmiss80_trlocclin,37,0.31937167296806973,0.6568293770154318,0.6314655172413792,0.7693600841801076,0.6444444444444445,0.0,0.0,0.0,0.0,2002,clin,0.8
3,4,lr1e-04_bs16_modL1_fusion64_fusionL1_drop0p2_trmiss80_trlocclin,16,0.0001,1,64,1,0.2,lr1e-04_bs16_modL1_fusion64_fusionL1_drop0p2_trmiss80_trlocclin,1,0.8071287423372269,0.7305231690406799,0.5172413793103449,0.6522159689812255,0.4,0.0,0.0,0.0,0.0,2002,clin,0.8
3,4,lr1e-04_bs16_modL1_fusion64_fusionL1_drop0p2_trmiss80_trlocclin,16,0.0001,1,64,1,0.2,lr1e-04_bs16_modL1_fusion64_fusionL1_drop0p2_trmiss80_trlocclin,2,0.7658659815788269,0.7400258382161459,0.5775862068965517,0.7330297047689228,0.4222222222222222,0.0,0.0,0.0,0.0,2002,clin,0.8
3,4,lr1e-04_bs16_modL1_fusion64_fusionL1_drop0p2_trmiss80_trlocclin,16,0.0001,1,64,1,0.2,lr1e-04_bs16_modL1_fusion64_fusionL1_drop0p2_trmiss80_trlocclin,3,0.6894102394580841,0.7389199336369833,0.6551724137931034,0.7787876035835627,0.4444444444444444,0.0,0.0,0.0,0.0,2002,clin,0.8
3,4,lr1e-04_bs16_modL1_fusion64_fusionL1_drop0p2_trmiss80_trlocclin,16,0.0001,1,64,1,0.2,lr1e-04_bs16_modL1_fusion64_fusionL1_drop0p2_trmiss80_trlocclin,4,0.6805070986350378,0.7361409465471903,0.6874999999999999,0.8113817130872361,0.4666666666666667,0.0,0.0,0.0,0.0,2002,clin,0.8
3,4,lr1e-04_bs16_modL1_fusion64_fusionL1_drop0p2_trmiss80_trlocclin,16,0.0001,1,64,1,0.2,lr1e-04_bs16_modL1_fusion64_fusionL1_drop0p2_trmiss80_trlocclin,5,0.6596938172976176,0.7191398541132609,0.7047413793103449,0.8255635945999986,0.5333333333333333,0.0,0.0,0.0,0.0,2002,clin,0.8
3,4,lr1e-04_bs16_modL1_fusion64_fusionL1_drop0p2_trmiss80_trlocclin,16,0.0001,1,64,1,0.2,lr1e-04_bs16_modL1_fusion64_fusionL1_drop0p2_trmiss80_trlocclin,6,0.6186042974392573,0.7171670794487,0.7219827586206896,0.8364147243248431,0.5333333333333333,0.0,0.0,0.0,0.0,2002,clin,0.8
3,4,lr1e-04_bs16_modL1_fusion64_fusionL1_drop0p2_trmiss80_trlocclin,16,0.0001,1,64,1,0.2,lr1e-04_bs16_modL1_fusion64_fusionL1_drop0p2_trmiss80_trlocclin,7,0.6244039088487625,0.7103691498438517,0.7198275862068966,0.8435583583714865,0.5555555555555556,0.0,0.0,0.0,0.0,2002,clin,0.8
3,4,lr1e-04_bs16_modL1_fusion64_fusionL1_drop0p2_trmiss80_trlocclin,16,0.0001,1,64,1,0.2,lr1e-04_bs16_modL1_fusion64_fusionL1_drop0p2_trmiss80_trlocclin,8,0.6001811598738035,0.6996254324913025,0.7198275862068966,0.8467355884321068,0.5777777777777777,0.0,0.0,0.0,0.0,2002,clin,0.8
3,4,lr1e-04_bs16_modL1_fusion64_fusionL1_drop0p2_trmiss80_trlocclin,16,0.0001,1,64,1,0.2,lr1e-04_bs16_modL1_fusion64_fusionL1_drop0p2_trmiss80_trlocclin,9,0.5778180758158366,0.6967120965321859,0.6939655172413793,0.8342222144633535,0.6,0.0,0.0,0.0,0.0,2002,clin,0.8
3,4,lr1e-04_bs16_modL1_fusion64_fusionL1_drop0p2_trmiss80_trlocclin,16,0.0001,1,64,1,0.2,lr1e-04_bs16_modL1_fusion64_fusionL1_drop0p2_trmiss80_trlocclin,10,0.5619801034530004,0.6848064462343851,0.7198275862068965,0.8361498868292996,0.6222222222222222,0.0,0.0,0.0,0.0,2002,clin,0.8
3,4,lr1e-04_bs16_modL1_fusion64_fusionL1_drop0p2_trmiss80_trlocclin,16,0.0001,1,64,1,0.2,lr1e-04_bs16_modL1_fusion64_fusionL1_drop0p2_trmiss80_trlocclin,11,0.5436695069074631,0.6790343920389811,0.7133620689655172,0.8367902621538716,0.6444444444444445,0.0,0.0,0.0,0.0,2002,clin,0.8
3,4,lr1e-04_bs16_modL1_fusion64_fusionL1_drop0p2_trmiss80_trlocclin,16,0.0001,1,64,1,0.2,lr1e-04_bs16_modL1_fusion64_fusionL1_drop0p2_trmiss80_trlocclin,12,0.5658468455076218,0.6972850958506266,0.685344827586207,0.8286811790454658,0.6,0.0,0.0,0.0,0.0,2002,clin,0.8
3,4,lr1e-04_bs16_modL1_fusion64_fusionL1_drop0p2_trmiss80_trlocclin,16,0.0001,1,64,1,0.2,lr1e-04_bs16_modL1_fusion64_fusionL1_drop0p2_trmiss80_trlocclin,13,0.538189671933651,0.6961097915967306,0.6637931034482758,0.8179717875009327,0.6444444444444445,0.0,0.0,0.0,0.0,2002,clin,0.8
3,4,lr1e-04_bs16_modL1_fusion64_fusionL1_drop0p2_trmiss80_trlocclin,16,0.0001,1,64,1,0.2,lr1e-04_bs16_modL1_fusion64_fusionL1_drop0p2_trmiss80_trlocclin,14,0.5299333234628042,0.7000736395517985,0.665948275862069,0.8243095846853099,0.6,0.0,0.0,0.0,0.0,2002,clin,0.8
3,4,lr1e-04_bs16_modL1_fusion64_fusionL1_drop0p2_trmiss80_trlocclin,16,0.0001,1,64,1,0.2,lr1e-04_bs16_modL1_fusion64_fusionL1_drop0p2_trmiss80_trlocclin,15,0.48335857192675274,0.6845516761144003,0.6616379310344828,0.8176127536089601,0.6222222222222222,0.0,0.0,0.0,0.0,2002,clin,0.8
3,4,lr1e-04_bs16_modL1_fusion64_fusionL1_drop0p2_trmiss80_trlocclin,16,0.0001,1,64,1,0.2,lr1e-04_bs16_modL1_fusion64_fusionL1_drop0p2_trmiss80_trlocclin,16,0.44939164568980533,0.6762133638064066,0.6853448275862069,0.8349538299740982,0.6444444444444445,0.0,0.0,0.0,0.0,2002,clin,0.8
3,4,lr1e-04_bs16_modL1_fusion64_fusionL1_drop0p2_trmiss80_trlocclin,16,0.0001,1,64,1,0.2,lr1e-04_bs16_modL1_fusion64_fusionL1_drop0p2_trmiss80_trlocclin,17,0.4751420666774114,0.6947162548700968,0.6487068965517242,0.806608766851689,0.6,0.0,0.0,0.0,0.0,2002,clin,0.8
3,4,lr1e-04_bs16_modL1_fusion64_fusionL1_drop0p2_trmiss80_trlocclin,16,0.0001,1,64,1,0.2,lr1e-04_bs16_modL1_fusion64_fusionL1_drop0p2_trmiss80_trlocclin,18,0.42677438259124756,0.6893139084180196,0.6314655172413793,0.7894348768985636,0.5777777777777777,0.0,0.0,0.0,0.0,2002,clin,0.8
3,4,lr1e-04_bs16_modL1_fusion64_fusionL1_drop0p2_trmiss80_trlocclin,16,0.0001,1,64,1,0.2,lr1e-04_bs16_modL1_fusion64_fusionL1_drop0p2_trmiss80_trlocclin,19,0.4339089170098305,0.6892958879470825,0.6314655172413793,0.7841488749356588,0.5555555555555556,0.0,0.0,0.0,0.0,2002,clin,0.8
3,4,lr1e-04_bs16_modL1_fusion64_fusionL1_drop0p2_trmiss80_trlocclin,16,0.0001,1,64,1,0.2,lr1e-04_bs16_modL1_fusion64_fusionL1_drop0p2_trmiss80_trlocclin,20,0.42744437605142593,0.7126560807228088,0.625,0.788586508641158,0.5777777777777777,0.0,0.0,0.0,0.0,2002,clin,0.8
3,4,lr1e-04_bs16_modL1_fusion64_fusionL1_drop0p2_trmiss80_trlocclin,16,0.0001,1,64,1,0.2,lr1e-04_bs16_modL1_fusion64_fusionL1_drop0p2_trmiss80_trlocclin,21,0.4123253251115481,0.7096292773882548,0.6336206896551725,0.7873371708412559,0.6,0.0,0.0,0.0,0.0,2002,clin,0.8
3,4,lr1e-04_bs16_modL1_fusion64_fusionL1_drop0p2_trmiss80_trlocclin,16,0.0001,1,64,1,0.2,lr1e-04_bs16_modL1_fusion64_fusionL1_drop0p2_trmiss80_trlocclin,22,0.36886697510878247,0.6808608174324036,0.6293103448275862,0.7945611388366184,0.5777777777777777,0.0,0.0,0.0,0.0,2002,clin,0.8
3,4,lr1e-04_bs16_modL1_fusion64_fusionL1_drop0p2_trmiss80_trlocclin,16,0.0001,1,64,1,0.2,lr1e-04_bs16_modL1_fusion64_fusionL1_drop0p2_trmiss80_trlocclin,23,0.38930024454991025,0.6865118344624838,0.6594827586206897,0.8114645632397915,0.5777777777777777,0.0,0.0,0.0,0.0,2002,clin,0.8
3,4,lr1e-04_bs16_modL1_fusion64_fusionL1_drop0p2_trmiss80_trlocclin,16,0.0001,1,64,1,0.2,lr1e-04_bs16_modL1_fusion64_fusionL1_drop0p2_trmiss80_trlocclin,24,0.3765658711393674,0.6727892955144247,0.6379310344827587,0.7989325767775857,0.5333333333333333,0.0,0.0,0.0,0.0,2002,clin,0.8
3,4,lr1e-04_bs16_modL1_fusion64_fusionL1_drop0p2_trmiss80_trlocclin,16,0.0001,1,64,1,0.2,lr1e-04_bs16_modL1_fusion64_fusionL1_drop0p2_trmiss80_trlocclin,25,0.346983624001344,0.6687706311543783,0.627155172413793,0.7942829452567575,0.5555555555555556,0.0,0.0,0.0,0.0,2002,clin,0.8
3,4,lr1e-04_bs16_modL1_fusion64_fusionL1_drop0p2_trmiss80_trlocclin,16,0.0001,1,64,1,0.2,lr1e-04_bs16_modL1_fusion64_fusionL1_drop0p2_trmiss80_trlocclin,26,0.35586343457301456,0.6844297051429749,0.6163793103448276,0.7897226533736281,0.5333333333333333,0.0,0.0,0.0,0.0,2002,clin,0.8
3,4,lr1e-04_bs16_modL1_fusion64_fusionL1_drop0p1_trmiss80_trlocclin,16,0.0001,1,64,1,0.1,lr1e-04_bs16_modL1_fusion64_fusionL1_drop0p1_trmiss80_trlocclin,1,0.7085137913624445,0.6953539252281189,0.6077586206896551,0.7759566190066045,0.5555555555555556,0.0,0.0,0.0,0.0,2002,clin,0.8
3,4,lr1e-04_bs16_modL1_fusion64_fusionL1_drop0p1_trmiss80_trlocclin,16,0.0001,1,64,1,0.1,lr1e-04_bs16_modL1_fusion64_fusionL1_drop0p1_trmiss80_trlocclin,2,0.6508140712976456,0.6927922566731771,0.6357758620689655,0.7847813295477719,0.5111111111111111,0.0,0.0,0.0,0.0,2002,clin,0.8
3,4,lr1e-04_bs16_modL1_fusion64_fusionL1_drop0p1_trmiss80_trlocclin,16,0.0001,1,64,1,0.1,lr1e-04_bs16_modL1_fusion64_fusionL1_drop0p1_trmiss80_trlocclin,3,0.6268947472174963,0.6918460130691528,0.6163793103448276,0.7568368232583236,0.5111111111111111,0.0,0.0,0.0,0.0,2002,clin,0.8
3,4,lr1e-04_bs16_modL1_fusion64_fusionL1_drop0p1_trmiss80_trlocclin,16,0.0001,1,64,1,0.1,lr1e-04_bs16_modL1_fusion64_fusionL1_drop0p1_trmiss80_trlocclin,4,0.6069415162007014,0.6778725584348043,0.6702586206896552,0.7989903873705608,0.4888888888888889,0.0,0.0,0.0,0.0,2002,clin,0.8
3,4,lr1e-04_bs16_modL1_fusion64_fusionL1_drop0p1_trmiss80_trlocclin,16,0.0001,1,64,1,0.1,lr1e-04_bs16_modL1_fusion64_fusionL1_drop0p1_trmiss80_trlocclin,5,0.5920568406581879,0.6616673270861307,0.6853448275862069,0.802226042218412,0.5777777777777777,0.0,0.0,0.0,0.0,2002,clin,0.8
3,4,lr1e-04_bs16_modL1_fusion64_fusionL1_drop0p1_trmiss80_trlocclin,16,0.0001,1,64,1,0.1,lr1e-04_bs16_modL1_fusion64_fusionL1_drop0p1_trmiss80_trlocclin,6,0.5544695953528086,0.6601486206054688,0.6853448275862069,0.8048454342376774,0.5555555555555556,0.0,0.0,0.0,0.0,2002,clin,0.8
3,4,lr1e-04_bs16_modL1_fusion64_fusionL1_drop0p1_trmiss80_trlocclin,16,0.0001,1,64,1,0.1,lr1e-04_bs16_modL1_fusion64_fusionL1_drop0p1_trmiss80_trlocclin,7,0.5463779792189598,0.6587935288747152,0.6788793103448276,0.8061029405267259,0.5777777777777777,0.0,0.0,0.0,0.0,2002,clin,0.8
3,4,lr1e-04_bs16_modL1_fusion64_fusionL1_drop0p1_trmiss80_trlocclin,16,0.0001,1,64,1,0.1,lr1e-04_bs16_modL1_fusion64_fusionL1_drop0p1_trmiss80_trlocclin,8,0.5303490137060484,0.6490510304768881,0.6982758620689654,0.812498214944632,0.6222222222222222,0.0,0.0,0.0,0.0,2002,clin,0.8
3,4,lr1e-04_bs16_modL1_fusion64_fusionL1_drop0p1_trmiss80_trlocclin,16,0.0001,1,64,1,0.1,lr1e-04_bs16_modL1_fusion64_fusionL1_drop0p1_trmiss80_trlocclin,9,0.51316420485576,0.651176909605662,0.6594827586206896,0.7868897925666438,0.6222222222222222,0.0,0.0,0.0,0.0,2002,clin,0.8
3,4,lr1e-04_bs16_modL1_fusion64_fusionL1_drop0p1_trmiss80_trlocclin,16,0.0001,1,64,1,0.1,lr1e-04_bs16_modL1_fusion64_fusionL1_drop0p1_trmiss80_trlocclin,10,0.5185597091913223,0.652738074461619,0.6702586206896552,0.7967574271598938,0.5777777777777777,0.0,0.0,0.0,0.0,2002,clin,0.8
3,4,lr1e-04_bs16_modL1_fusion64_fusionL1_drop0p1_trmiss80_trlocclin,16,0.0001,1,64,1,0.1,lr1e-04_bs16_modL1_fusion64_fusionL1_drop0p1_trmiss80_trlocclin,11,0.47738178571065265,0.6430686712265015,0.6767241379310345,0.8120865689050123,0.6666666666666666,0.0,0.0,0.0,0.0,2002,clin,0.8
3,4,lr1e-04_bs16_modL1_fusion64_fusionL1_drop0p1_trmiss80_trlocclin,16,0.0001,1,64,1,0.1,lr1e-04_bs16_modL1_fusion64_fusionL1_drop0p1_trmiss80_trlocclin,12,0.4542222668727239,0.6507654587427775,0.644396551724138,0.7780664130944808,0.6222222222222222,0.0,0.0,0.0,0.0,2002,clin,0.8
3,4,lr1e-04_bs16_modL1_fusion64_fusionL1_drop0p1_trmiss80_trlocclin,16,0.0001,1,64,1,0.1,lr1e-04_bs16_modL1_fusion64_fusionL1_drop0p1_trmiss80_trlocclin,13,0.46772822737693787,0.6536791523297628,0.6573275862068966,0.7888222865406249,0.6222222222222222,0.0,0.0,0.0,0.0,2002,clin,0.8
3,4,lr1e-04_bs16_modL1_fusion64_fusionL1_drop0p1_trmiss80_trlocclin,16,0.0001,1,64,1,0.1,lr1e-04_bs16_modL1_fusion64_fusionL1_drop0p1_trmiss80_trlocclin,14,0.44841159631808597,0.6640219291051229,0.6357758620689655,0.7683386896443787,0.5333333333333333,0.0,0.0,0.0,0.0,2002,clin,0.8
3,4,lr1e-04_bs16_modL1_fusion64_fusionL1_drop0p1_trmiss80_trlocclin,16,0.0001,1,64,1,0.1,lr1e-04_bs16_modL1_fusion64_fusionL1_drop0p1_trmiss80_trlocclin,15,0.430783544977506,0.6485769947369894,0.6508620689655171,0.7680622685473962,0.6222222222222222,0.0,0.0,0.0,0.0,2002,clin,0.8
3,4,lr1e-04_bs16_modL1_fusion64_fusionL1_drop0p1_trmiss80_trlocclin,16,0.0001,1,64,1,0.1,lr1e-04_bs16_modL1_fusion64_fusionL1_drop0p1_trmiss80_trlocclin,16,0.402332882086436,0.6460440158843994,0.6379310344827587,0.7569011003615702,0.6444444444444445,0.0,0.0,0.0,0.0,2002,clin,0.8
3,4,lr1e-04_bs16_modL1_fusion64_fusionL1_drop0p1_trmiss80_trlocclin,16,0.0001,1,64,1,0.1,lr1e-04_bs16_modL1_fusion64_fusionL1_drop0p1_trmiss80_trlocclin,17,0.4044075881441434,0.6651249925295512,0.6379310344827587,0.7527069355365724,0.5777777777777777,0.0,0.0,0.0,0.0,2002,clin,0.8
3,4,lr1e-04_bs16_modL1_fusion64_fusionL1_drop0p1_trmiss80_trlocclin,16,0.0001,1,64,1,0.1,lr1e-04_bs16_modL1_fusion64_fusionL1_drop0p1_trmiss80_trlocclin,18,0.39074305941661197,0.6609475413958231,0.6357758620689655,0.7585753457207657,0.6,0.0,0.0,0.0,0.0,2002,clin,0.8
3,4,lr1e-04_bs16_modL1_fusion64_fusionL1_drop0p1_trmiss80_trlocclin,16,0.0001,1,64,1,0.1,lr1e-04_bs16_modL1_fusion64_fusionL1_drop0p1_trmiss80_trlocclin,19,0.3915299226840337,0.6623093287150065,0.6012931034482759,0.7545126048865611,0.5777777777777777,0.0,0.0,0.0,0.0,2002,clin,0.8
3,4,lr1e-04_bs16_modL1_fusion64_fusionL1_drop0p1_trmiss80_trlocclin,16,0.0001,1,64,1,0.1,lr1e-04_bs16_modL1_fusion64_fusionL1_drop0p1_trmiss80_trlocclin,20,0.40938499321540195,0.664816160996755,0.584051724137931,0.7471866282634592,0.5777777777777777,0.0,0.0,0.0,0.0,2002,clin,0.8
3,4,lr1e-04_bs16_modL1_fusion64_fusionL1_drop0p1_trmiss80_trlocclin,16,0.0001,1,64,1,0.1,lr1e-04_bs16_modL1_fusion64_fusionL1_drop0p1_trmiss80_trlocclin,21,0.37057484189669293,0.6546754042307535,0.6228448275862069,0.7630830985389432,0.6222222222222222,0.0,0.0,0.0,0.0,2002,clin,0.8
3,4,lr1e-04_bs16_modL1_fusion64_fusionL1_drop0p1_trmiss80_trlocclin,16,0.0001,1,64,1,0.1,lr1e-04_bs16_modL1_fusion64_fusionL1_drop0p1_trmiss80_trlocclin,22,0.38249024252096814,0.6558316548665365,0.6271551724137931,0.7697605077873464,0.6222222222222222,0.0,0.0,0.0,0.0,2002,clin,0.8
3,4,lr1e-04_bs16_modL1_fusion64_fusionL1_drop0p1_trmiss80_trlocclin,16,0.0001,1,64,1,0.1,lr1e-04_bs16_modL1_fusion64_fusionL1_drop0p1_trmiss80_trlocclin,23,0.3568259999155998,0.6519333918889364,0.6314655172413792,0.7716927227045889,0.6444444444444445,0.0,0.0,0.0,0.0,2002,clin,0.8
3,4,lr1e-04_bs16_modL1_fusion64_fusionL1_drop0p1_trmiss80_trlocclin,16,0.0001,1,64,1,0.1,lr1e-04_bs16_modL1_fusion64_fusionL1_drop0p1_trmiss80_trlocclin,24,0.3450282985965411,0.6515291929244995,0.627155172413793,0.7689764297546673,0.6444444444444445,0.0,0.0,0.0,0.0,2002,clin,0.8
3,4,lr1e-04_bs16_modL1_fusion64_fusionL1_drop0p1_trmiss80_trlocclin,16,0.0001,1,64,1,0.1,lr1e-04_bs16_modL1_fusion64_fusionL1_drop0p1_trmiss80_trlocclin,25,0.36475759744644165,0.6582798361778259,0.6314655172413792,0.7694526966405089,0.6,0.0,0.0,0.0,0.0,2002,clin,0.8
3,4,lr1e-04_bs16_modL1_fusion64_fusionL1_drop0p1_trmiss80_trlocclin,16,0.0001,1,64,1,0.1,lr1e-04_bs16_modL1_fusion64_fusionL1_drop0p1_trmiss80_trlocclin,26,0.32881783197323483,0.658967137336731,0.6099137931034483,0.738678447513876,0.5777777777777777,0.0,0.0,0.0,0.0,2002,clin,0.8
3,4,lr1e-04_bs16_modL1_fusion64_fusionL1_drop0p1_trmiss80_trlocclin,16,0.0001,1,64,1,0.1,lr1e-04_bs16_modL1_fusion64_fusionL1_drop0p1_trmiss80_trlocclin,27,0.3325227275490761,0.661554237206777,0.603448275862069,0.7347975284966585,0.5777777777777777,0.0,0.0,0.0,0.0,2002,clin,0.8
3,4,lr1e-04_bs16_modL1_fusion64_fusionL1_drop0p1_trmiss80_trlocclin,16,0.0001,1,64,1,0.1,lr1e-04_bs16_modL1_fusion64_fusionL1_drop0p1_trmiss80_trlocclin,28,0.3473774716258049,0.6700528462727865,0.605603448275862,0.7404466499305601,0.6,0.0,0.0,0.0,0.0,2002,clin,0.8
3,4,lr5e-05_bs32_modL1_fusion32_fusionL1_drop0p2_trmiss80_trlocclin,32,5e-05,1,32,1,0.2,lr5e-05_bs32_modL1_fusion32_fusionL1_drop0p2_trmiss80_trlocclin,1,0.6708093186219534,0.68085977435112,0.5323275862068966,0.7056259157627144,0.6666666666666666,0.0,0.0,0.0,0.0,2002,clin,0.8
3,4,lr5e-05_bs32_modL1_fusion32_fusionL1_drop0p2_trmiss80_trlocclin,32,5e-05,1,32,1,0.2,lr5e-05_bs32_modL1_fusion32_fusionL1_drop0p2_trmiss80_trlocclin,2,0.6579898198445638,0.6755563616752625,0.5603448275862069,0.7217993395119219,0.7111111111111111,0.0,0.0,0.0,0.0,2002,clin,0.8
3,4,lr5e-05_bs32_modL1_fusion32_fusionL1_drop0p2_trmiss80_trlocclin,32,5e-05,1,32,1,0.2,lr5e-05_bs32_modL1_fusion32_fusionL1_drop0p2_trmiss80_trlocclin,3,0.653829962015152,0.6697023212909698,0.5581896551724137,0.7205611197419651,0.6444444444444445,0.0,0.0,0.0,0.0,2002,clin,0.8
3,4,lr5e-05_bs32_modL1_fusion32_fusionL1_drop0p2_trmiss80_trlocclin,32,5e-05,1,32,1,0.2,lr5e-05_bs32_modL1_fusion32_fusionL1_drop0p2_trmiss80_trlocclin,4,0.6298369467258453,0.66443732380867,0.5668103448275862,0.7267220430001331,0.6444444444444445,0.0,0.0,0.0,0.0,2002,clin,0.8
3,4,lr5e-05_bs32_modL1_fusion32_fusionL1_drop0p2_trmiss80_trlocclin,32,5e-05,1,32,1,0.2,lr5e-05_bs32_modL1_fusion32_fusionL1_drop0p2_trmiss80_trlocclin,5,0.6183131635189056,0.6636374890804291,0.5754310344827586,0.7107695469467926,0.6444444444444445,0.0,0.0,0.0,0.0,2002,clin,0.8
3,4,lr5e-05_bs32_modL1_fusion32_fusionL1_drop0p2_trmiss80_trlocclin,32,5e-05,1,32,1,0.2,lr5e-05_bs32_modL1_fusion32_fusionL1_drop0p2_trmiss80_trlocclin,6,0.607692708571752,0.6633533835411072,0.5926724137931034,0.7210968600602611,0.6222222222222222,0.0,0.0,0.0,0.0,2002,clin,0.8
3,4,lr5e-05_bs32_modL1_fusion32_fusionL1_drop0p2_trmiss80_trlocclin,32,5e-05,1,32,1,0.2,lr5e-05_bs32_modL1_fusion32_fusionL1_drop0p2_trmiss80_trlocclin,7,0.5868193904558817,0.6625946760177612,0.6206896551724137,0.7334487127589904,0.6222222222222222,0.0,0.0,0.0,0.0,2002,clin,0.8
3,4,lr5e-05_bs32_modL1_fusion32_fusionL1_drop0p2_trmiss80_trlocclin,32,5e-05,1,32,1,0.2,lr5e-05_bs32_modL1_fusion32_fusionL1_drop0p2_trmiss80_trlocclin,8,0.5764308869838715,0.6629047095775604,0.6336206896551725,0.737940919692256,0.6444444444444445,0.0,0.0,0.0,0.0,2002,clin,0.8
3,4,lr5e-05_bs32_modL1_fusion32_fusionL1_drop0p2_trmiss80_trlocclin,32,5e-05,1,32,1,0.2,lr5e-05_bs32_modL1_fusion32_fusionL1_drop0p2_trmiss80_trlocclin,9,0.5925039847691854,0.6661704480648041,0.6443965517241379,0.7445105496849818,0.6222222222222222,0.0,0.0,0.0,0.0,2002,clin,0.8
3,4,lr5e-05_bs32_modL1_fusion32_fusionL1_drop0p2_trmiss80_trlocclin,32,5e-05,1,32,1,0.2,lr5e-05_bs32_modL1_fusion32_fusionL1_drop0p2_trmiss80_trlocclin,10,0.5685827533404032,0.6652377843856812,0.6336206896551724,0.737344545770477,0.6666666666666666,0.0,0.0,0.0,0.0,2002,clin,0.8
3,4,lr5e-05_bs32_modL1_fusion32_fusionL1_drop0p2_trmiss80_trlocclin,32,5e-05,1,32,1,0.2,lr5e-05_bs32_modL1_fusion32_fusionL1_drop0p2_trmiss80_trlocclin,11,0.5601529876391093,0.6632384955883026,0.6530172413793103,0.7634820956908309,0.6666666666666666,0.0,0.0,0.0,0.0,2002,clin,0.8
3,4,lr5e-05_bs32_modL1_fusion32_fusionL1_drop0p2_trmiss80_trlocclin,32,5e-05,1,32,1,0.2,lr5e-05_bs32_modL1_fusion32_fusionL1_drop0p2_trmiss80_trlocclin,12,0.5389741063117981,0.664254754781723,0.6487068965517241,0.759834102384736,0.6666666666666666,0.0,0.0,0.0,0.0,2002,clin,0.8
3,4,lr5e-05_bs32_modL1_fusion32_fusionL1_drop0p2_trmiss80_trlocclin,32,5e-05,1,32,1,0.2,lr5e-05_bs32_modL1_fusion32_fusionL1_drop0p2_trmiss80_trlocclin,13,0.5363619526227316,0.6623610258102417,0.6573275862068966,0.766921144974741,0.6888888888888889,0.0,0.0,0.0,0.0,2002,clin,0.8
3,4,lr5e-05_bs32_modL1_fusion32_fusionL1_drop0p2_trmiss80_trlocclin,32,5e-05,1,32,1,0.2,lr5e-05_bs32_modL1_fusion32_fusionL1_drop0p2_trmiss80_trlocclin,14,0.5400254925092062,0.6616734266281128,0.6637931034482758,0.7708399458082423,0.7111111111111111,0.0,0.0,0.0,0.0,2002,clin,0.8
3,4,lr5e-05_bs32_modL1_fusion32_fusionL1_drop0p2_trmiss80_trlocclin,32,5e-05,1,32,1,0.2,lr5e-05_bs32_modL1_fusion32_fusionL1_drop0p2_trmiss80_trlocclin,15,0.5400033990542094,0.6607581377029419,0.6702586206896551,0.7618088534256556,0.7333333333333333,0.0,0.0,0.0,0.0,2002,clin,0.8
3,4,lr5e-05_bs32_modL1_fusion32_fusionL1_drop0p2_trmiss80_trlocclin,32,5e-05,1,32,1,0.2,lr5e-05_bs32_modL1_fusion32_fusionL1_drop0p2_trmiss80_trlocclin,16,0.5236999690532684,0.6626680493354797,0.6681034482758621,0.7522048109743587,0.7111111111111111,0.0,0.0,0.0,0.0,2002,clin,0.8
3,4,lr5e-05_bs32_modL1_fusion32_fusionL1_drop0p2_trmiss80_trlocclin,32,5e-05,1,32,1,0.2,lr5e-05_bs32_modL1_fusion32_fusionL1_drop0p2_trmiss80_trlocclin,17,0.5253427078326544,0.6653811037540436,0.6702586206896552,0.7575195510328534,0.7111111111111111,0.0,0.0,0.0,0.0,2002,clin,0.8
3,4,lr5e-05_bs32_modL1_fusion32_fusionL1_drop0p2_trmiss80_trlocclin,32,5e-05,1,32,1,0.2,lr5e-05_bs32_modL1_fusion32_fusionL1_drop0p2_trmiss80_trlocclin,18,0.5359948873519897,0.6643313765525818,0.6767241379310345,0.7557912384451677,0.7111111111111111,0.0,0.0,0.0,0.0,2002,clin,0.8
3,4,lr5e-05_bs32_modL1_fusion32_fusionL1_drop0p2_trmiss80_trlocclin,32,5e-05,1,32,1,0.2,lr5e-05_bs32_modL1_fusion32_fusionL1_drop0p2_trmiss80_trlocclin,19,0.5146863013505936,0.6667312681674957,0.6551724137931034,0.7367943295788406,0.7333333333333333,0.0,0.0,0.0,0.0,2002,clin,0.8
3,4,lr5e-05_bs32_modL1_fusion32_fusionL1_drop0p2_trmiss80_trlocclin,32,5e-05,1,32,1,0.2,lr5e-05_bs32_modL1_fusion32_fusionL1_drop0p2_trmiss80_trlocclin,20,0.5164343068997065,0.6662794649600983,0.6573275862068965,0.7395277307741873,0.7111111111111111,0.0,0.0,0.0,0.0,2002,clin,0.8
3,4,lr5e-05_bs32_modL1_fusion32_fusionL1_drop0p2_trmiss80_trlocclin,32,5e-05,1,32,1,0.2,lr5e-05_bs32_modL1_fusion32_fusionL1_drop0p2_trmiss80_trlocclin,21,0.49108417332172394,0.6684476733207703,0.6487068965517241,0.7354850177723293,0.7111111111111111,0.0,0.0,0.0,0.0,2002,clin,0.8
3,4,lr5e-05_bs32_modL1_fusion32_fusionL1_drop0p2_trmiss80_trlocclin,32,5e-05,1,32,1,0.2,lr5e-05_bs32_modL1_fusion32_fusionL1_drop0p2_trmiss80_trlocclin,22,0.4950458308060964,0.6687668561935425,0.6379310344827586,0.7364893318851629,0.7111111111111111,0.0,0.0,0.0,0.0,2002,clin,0.8
3,4,lr5e-05_bs32_modL1_fusion32_fusionL1_drop0p2_trmiss80_trlocclin,32,5e-05,1,32,1,0.2,lr5e-05_bs32_modL1_fusion32_fusionL1_drop0p2_trmiss80_trlocclin,23,0.482325221101443,0.6692814528942108,0.6400862068965517,0.7370514094436686,0.7111111111111111,0.0,0.0,0.0,0.0,2002,clin,0.8
3,4,lr5e-05_bs32_modL1_fusion32_fusionL1_drop0p2_trmiss80_trlocclin,32,5e-05,1,32,1,0.2,lr5e-05_bs32_modL1_fusion32_fusionL1_drop0p2_trmiss80_trlocclin,24,0.4801214834054311,0.6699058413505554,0.6336206896551724,0.7389226222444166,0.6666666666666666,0.0,0.0,0.0,0.0,2002,clin,0.8
3,4,lr5e-05_bs32_modL1_fusion32_fusionL1_drop0p2_trmiss80_trlocclin,32,5e-05,1,32,1,0.2,lr5e-05_bs32_modL1_fusion32_fusionL1_drop0p2_trmiss80_trlocclin,25,0.5028679917256037,0.66777703166008,0.6422413793103448,0.7507512899792489,0.7111111111111111,0.0,0.0,0.0,0.0,2002,clin,0.8
3,4,lr5e-05_bs32_modL1_fusion32_fusionL1_drop0p2_trmiss80_trlocclin,32,5e-05,1,32,1,0.2,lr5e-05_bs32_modL1_fusion32_fusionL1_drop0p2_trmiss80_trlocclin,26,0.48029787838459015,0.6681452989578247,0.6465517241379309,0.7537924109275926,0.6888888888888889,0.0,0.0,0.0,0.0,2002,clin,0.8
3,4,lr5e-05_bs32_modL1_fusion32_fusionL1_drop0p2_trmiss80_trlocclin,32,5e-05,1,32,1,0.2,lr5e-05_bs32_modL1_fusion32_fusionL1_drop0p2_trmiss80_trlocclin,27,0.48684996366500854,0.6651220917701721,0.6551724137931034,0.7660481251757317,0.6888888888888889,0.0,0.0,0.0,0.0,2002,clin,0.8
3,4,lr5e-05_bs32_modL1_fusion32_fusionL1_drop0p2_trmiss80_trlocclin,32,5e-05,1,32,1,0.2,lr5e-05_bs32_modL1_fusion32_fusionL1_drop0p2_trmiss80_trlocclin,28,0.4757944693168004,0.6644217371940613,0.6551724137931034,0.7706356092998624,0.6888888888888889,0.0,0.0,0.0,0.0,2002,clin,0.8
3,4,lr5e-05_bs32_modL1_fusion32_fusionL1_drop0p2_trmiss80_trlocclin,32,5e-05,1,32,1,0.2,lr5e-05_bs32_modL1_fusion32_fusionL1_drop0p2_trmiss80_trlocclin,29,0.4687884449958801,0.6639840304851532,0.6551724137931034,0.7679125416680727,0.6666666666666666,0.0,0.0,0.0,0.0,2002,clin,0.8
3,4,lr5e-05_bs32_modL1_fusion32_fusionL1_drop0p2_trmiss80_trlocclin,32,5e-05,1,32,1,0.2,lr5e-05_bs32_modL1_fusion32_fusionL1_drop0p2_trmiss80_trlocclin,30,0.4766208777825038,0.6625794768333435,0.6594827586206896,0.7678909337965661,0.6666666666666666,0.0,0.0,0.0,0.0,2002,clin,0.8
3,4,lr5e-05_bs32_modL1_fusion32_fusionL1_drop0p2_trmiss80_trlocclin,32,5e-05,1,32,1,0.2,lr5e-05_bs32_modL1_fusion32_fusionL1_drop0p2_trmiss80_trlocclin,31,0.46574683487415314,0.6606036722660065,0.6594827586206897,0.7774873133278483,0.7111111111111111,0.0,0.0,0.0,0.0,2002,clin,0.8
3,4,lr5e-05_bs32_modL1_fusion32_fusionL1_drop0p2_trmiss80_trlocclin,32,5e-05,1,32,1,0.2,lr5e-05_bs32_modL1_fusion32_fusionL1_drop0p2_trmiss80_trlocclin,32,0.47996266682942706,0.6602575480937958,0.6637931034482759,0.7834673854910053,0.7111111111111111,0.0,0.0,0.0,0.0,2002,clin,0.8
3,4,lr5e-05_bs32_modL1_fusion32_fusionL1_drop0p2_trmiss80_trlocclin,32,5e-05,1,32,1,0.2,lr5e-05_bs32_modL1_fusion32_fusionL1_drop0p2_trmiss80_trlocclin,33,0.4756857305765152,0.6635918617248535,0.6530172413793104,0.7801201162934104,0.6888888888888889,0.0,0.0,0.0,0.0,2002,clin,0.8
3,4,lr5e-05_bs32_modL1_fusion32_fusionL1_drop0p2_trmiss80_trlocclin,32,5e-05,1,32,1,0.2,lr5e-05_bs32_modL1_fusion32_fusionL1_drop0p2_trmiss80_trlocclin,34,0.4729137569665909,0.6645013093948364,0.6530172413793104,0.7758063627016644,0.6888888888888889,0.0,0.0,0.0,0.0,2002,clin,0.8
3,4,lr5e-05_bs32_modL1_fusion32_fusionL1_drop0p2_trmiss80_trlocclin,32,5e-05,1,32,1,0.2,lr5e-05_bs32_modL1_fusion32_fusionL1_drop0p2_trmiss80_trlocclin,35,0.46679337819417316,0.6655094921588898,0.6508620689655172,0.7803076363085167,0.6888888888888889,0.0,0.0,0.0,0.0,2002,clin,0.8
3,4,lr5e-05_bs32_modL1_fusion32_fusionL1_drop0p2_trmiss80_trlocclin,32,5e-05,1,32,1,0.2,lr5e-05_bs32_modL1_fusion32_fusionL1_drop0p2_trmiss80_trlocclin,36,0.46651027103265125,0.6658659875392914,0.6487068965517241,0.7717534446767563,0.6888888888888889,0.0,0.0,0.0,0.0,2002,clin,0.8
3,4,lr5e-05_bs32_modL1_fusion32_fusionL1_drop0p2_trmiss80_trlocclin,32,5e-05,1,32,1,0.2,lr5e-05_bs32_modL1_fusion32_fusionL1_drop0p2_trmiss80_trlocclin,37,0.46522357563177746,0.6648873686790466,0.6487068965517241,0.7776536747149173,0.6666666666666666,0.0,0.0,0.0,0.0,2002,clin,0.8
3,4,lr5e-05_bs32_modL1_fusion32_fusionL1_drop0p2_trmiss80_trlocclin,32,5e-05,1,32,1,0.2,lr5e-05_bs32_modL1_fusion32_fusionL1_drop0p2_trmiss80_trlocclin,38,0.4773649722337723,0.6638927757740021,0.6573275862068966,0.7819966986055644,0.6888888888888889,0.0,0.0,0.0,0.0,2002,clin,0.8
3,4,lr5e-05_bs32_modL1_fusion32_fusionL1_drop0p1_trmiss80_trlocclin,32,5e-05,1,32,1,0.1,lr5e-05_bs32_modL1_fusion32_fusionL1_drop0p1_trmiss80_trlocclin,1,0.6879161099592844,0.6725223064422607,0.644396551724138,0.717277052386053,0.7777777777777778,0.0,0.0,0.0,0.0,2002,clin,0.8
3,4,lr5e-05_bs32_modL1_fusion32_fusionL1_drop0p1_trmiss80_trlocclin,32,5e-05,1,32,1,0.1,lr5e-05_bs32_modL1_fusion32_fusionL1_drop0p1_trmiss80_trlocclin,2,0.6429928243160248,0.6567471325397491,0.6853448275862069,0.758057798478122,0.7777777777777778,0.0,0.0,0.0,0.0,2002,clin,0.8
3,4,lr5e-05_bs32_modL1_fusion32_fusionL1_drop0p1_trmiss80_trlocclin,32,5e-05,1,32,1,0.1,lr5e-05_bs32_modL1_fusion32_fusionL1_drop0p1_trmiss80_trlocclin,3,0.6250659426053365,0.6419045925140381,0.728448275862069,0.7922315787180417,0.8,0.0,0.0,0.0,0.0,2002,clin,0.8
3,4,lr5e-05_bs32_modL1_fusion32_fusionL1_drop0p1_trmiss80_trlocclin,32,5e-05,1,32,1,0.1,lr5e-05_bs32_modL1_fusion32_fusionL1_drop0p1_trmiss80_trlocclin,4,0.6075471838315328,0.6260828077793121,0.7370689655172413,0.8027628390618958,0.8,0.0,0.0,0.0,0.0,2002,clin,0.8
3,4,lr5e-05_bs32_modL1_fusion32_fusionL1_drop0p1_trmiss80_trlocclin,32,5e-05,1,32,1,0.1,lr5e-05_bs32_modL1_fusion32_fusionL1_drop0p1_trmiss80_trlocclin,5,0.5878701309363047,0.6168535649776459,0.7564655172413792,0.8256219972056468,0.7777777777777778,0.0,0.0,0.0,0.0,2002,clin,0.8
3,4,lr5e-05_bs32_modL1_fusion32_fusionL1_drop0p1_trmiss80_trlocclin,32,5e-05,1,32,1,0.1,lr5e-05_bs32_modL1_fusion32_fusionL1_drop0p1_trmiss80_trlocclin,6,0.5827945172786713,0.6115593910217285,0.7607758620689655,0.8240735011119665,0.8,0.0,0.0,0.0,0.0,2002,clin,0.8
3,4,lr5e-05_bs32_modL1_fusion32_fusionL1_drop0p1_trmiss80_trlocclin,32,5e-05,1,32,1,0.1,lr5e-05_bs32_modL1_fusion32_fusionL1_drop0p1_trmiss80_trlocclin,7,0.5637818574905396,0.6092608273029327,0.7672413793103448,0.8311574935626441,0.8,0.0,0.0,0.0,0.0,2002,clin,0.8
3,4,lr5e-05_bs32_modL1_fusion32_fusionL1_drop0p1_trmiss80_trlocclin,32,5e-05,1,32,1,0.1,lr5e-05_bs32_modL1_fusion32_fusionL1_drop0p1_trmiss80_trlocclin,8,0.5444311201572418,0.6086684763431549,0.7780172413793104,0.8518097163183631,0.8,0.0,0.0,0.0,0.0,2002,clin,0.8
3,4,lr5e-05_bs32_modL1_fusion32_fusionL1_drop0p1_trmiss80_trlocclin,32,5e-05,1,32,1,0.1,lr5e-05_bs32_modL1_fusion32_fusionL1_drop0p1_trmiss80_trlocclin,9,0.5376328428586324,0.6114695966243744,0.7672413793103449,0.8484176350795731,0.7555555555555555,0.0,0.0,0.0,0.0,2002,clin,0.8
3,4,lr5e-05_bs32_modL1_fusion32_fusionL1_drop0p1_trmiss80_trlocclin,32,5e-05,1,32,1,0.1,lr5e-05_bs32_modL1_fusion32_fusionL1_drop0p1_trmiss80_trlocclin,10,0.5385094185670217,0.6104227006435394,0.7607758620689654,0.8475816327602697,0.6888888888888889,0.0,0.0,0.0,0.0,2002,clin,0.8
3,4,lr5e-05_bs32_modL1_fusion32_fusionL1_drop0p1_trmiss80_trlocclin,32,5e-05,1,32,1,0.1,lr5e-05_bs32_modL1_fusion32_fusionL1_drop0p1_trmiss80_trlocclin,11,0.5199892868598303,0.6126576662063599,0.7370689655172413,0.8367053848812633,0.7111111111111111,0.0,0.0,0.0,0.0,2002,clin,0.8
3,4,lr5e-05_bs32_modL1_fusion32_fusionL1_drop0p1_trmiss80_trlocclin,32,5e-05,1,32,1,0.1,lr5e-05_bs32_modL1_fusion32_fusionL1_drop0p1_trmiss80_trlocclin,12,0.5081411997477213,0.6146334409713745,0.7435344827586207,0.8418194738595397,0.7111111111111111,0.0,0.0,0.0,0.0,2002,clin,0.8
3,4,lr5e-05_bs32_modL1_fusion32_fusionL1_drop0p1_trmiss80_trlocclin,32,5e-05,1,32,1,0.1,lr5e-05_bs32_modL1_fusion32_fusionL1_drop0p1_trmiss80_trlocclin,13,0.5073655247688293,0.6158086061477661,0.747844827586207,0.8445728478815899,0.6666666666666666,0.0,0.0,0.0,0.0,2002,clin,0.8
3,4,lr5e-05_bs32_modL1_fusion32_fusionL1_drop0p1_trmiss80_trlocclin,32,5e-05,1,32,1,0.1,lr5e-05_bs32_modL1_fusion32_fusionL1_drop0p1_trmiss80_trlocclin,14,0.5071844359238943,0.6132316291332245,0.7564655172413793,0.853298609981646,0.6888888888888889,0.0,0.0,0.0,0.0,2002,clin,0.8
3,4,lr5e-05_bs32_modL1_fusion32_fusionL1_drop0p1_trmiss80_trlocclin,32,5e-05,1,32,1,0.1,lr5e-05_bs32_modL1_fusion32_fusionL1_drop0p1_trmiss80_trlocclin,15,0.4693247725566228,0.6168215572834015,0.7521551724137931,0.8509322928151928,0.6666666666666666,0.0,0.0,0.0,0.0,2002,clin,0.8
3,4,lr5e-05_bs32_modL1_fusion32_fusionL1_drop0p1_trmiss80_trlocclin,32,5e-05,1,32,1,0.1,lr5e-05_bs32_modL1_fusion32_fusionL1_drop0p1_trmiss80_trlocclin,16,0.48557012776533764,0.6205584704875946,0.7413793103448275,0.8453738613946924,0.6666666666666666,0.0,0.0,0.0,0.0,2002,clin,0.8
3,4,lr5e-05_bs32_modL1_fusion32_fusionL1_drop0p1_trmiss80_trlocclin,32,5e-05,1,32,1,0.1,lr5e-05_bs32_modL1_fusion32_fusionL1_drop0p1_trmiss80_trlocclin,17,0.4722538540760676,0.6193825006484985,0.7478448275862069,0.8516826303809462,0.6666666666666666,0.0,0.0,0.0,0.0,2002,clin,0.8
3,4,lr5e-05_bs32_modL1_fusion32_fusionL1_drop0p1_trmiss80_trlocclin,32,5e-05,1,32,1,0.1,lr5e-05_bs32_modL1_fusion32_fusionL1_drop0p1_trmiss80_trlocclin,18,0.47358009219169617,0.6207576096057892,0.747844827586207,0.8457062875891875,0.6666666666666666,0.0,0.0,0.0,0.0,2002,clin,0.8
3,4,lr5e-05_bs32_modL1_fusion32_fusionL1_drop0p1_trmiss80_trlocclin,32,5e-05,1,32,1,0.1,lr5e-05_bs32_modL1_fusion32_fusionL1_drop0p1_trmiss80_trlocclin,19,0.46007566154003143,0.6195284128189087,0.7413793103448275,0.841438280526888,0.6666666666666666,0.0,0.0,0.0,0.0,2002,clin,0.8
3,4,lr5e-05_bs32_modL1_fusion32_fusionL1_drop0p1_trmiss80_trlocclin,32,5e-05,1,32,1,0.1,lr5e-05_bs32_modL1_fusion32_fusionL1_drop0p1_trmiss80_trlocclin,20,0.46352633833885193,0.62105992436409,0.7500000000000001,0.854658272875737,0.6444444444444445,0.0,0.0,0.0,0.0,2002,clin,0.8
3,4,lr5e-05_bs32_modL1_fusion32_fusionL1_drop0p1_trmiss80_trlocclin,32,5e-05,1,32,1,0.1,lr5e-05_bs32_modL1_fusion32_fusionL1_drop0p1_trmiss80_trlocclin,21,0.4708816856145859,0.6216936111450195,0.75,0.8541772299747277,0.6444444444444445,0.0,0.0,0.0,0.0,2002,clin,0.8
3,4,lr5e-05_bs32_modL1_fusion32_fusionL1_drop0p1_trmiss80_trlocclin,32,5e-05,1,32,1,0.1,lr5e-05_bs32_modL1_fusion32_fusionL1_drop0p1_trmiss80_trlocclin,22,0.4611821273962657,0.6238276958465576,0.75,0.8541874326235679,0.6666666666666666,0.0,0.0,0.0,0.0,2002,clin,0.8
3,4,lr5e-05_bs32_modL1_fusion32_fusionL1_drop0p1_trmiss80_trlocclin,32,5e-05,1,32,1,0.1,lr5e-05_bs32_modL1_fusion32_fusionL1_drop0p1_trmiss80_trlocclin,23,0.45520878831545514,0.6244687139987946,0.7543103448275863,0.856540663642509,0.6666666666666666,0.0,0.0,0.0,0.0,2002,clin,0.8
3,4,lr5e-05_bs32_modL1_fusion32_fusionL1_drop0p1_trmiss80_trlocclin,32,5e-05,1,32,1,0.1,lr5e-05_bs32_modL1_fusion32_fusionL1_drop0p1_trmiss80_trlocclin,24,0.452310378352801,0.6242998540401459,0.7435344827586207,0.8560063490234782,0.6444444444444445,0.0,0.0,0.0,0.0,2002,clin,0.8
3,4,lr5e-05_bs32_modL1_fusion32_fusionL1_drop0p1_trmiss80_trlocclin,32,5e-05,1,32,1,0.1,lr5e-05_bs32_modL1_fusion32_fusionL1_drop0p1_trmiss80_trlocclin,25,0.45194636285305023,0.6268785297870636,0.7413793103448276,0.851306255552029,0.6444444444444445,0.0,0.0,0.0,0.0,2002,clin,0.8
3,4,lr5e-05_bs32_modL1_fusion32_fusionL1_drop0p1_trmiss80_trlocclin,32,5e-05,1,32,1,0.1,lr5e-05_bs32_modL1_fusion32_fusionL1_drop0p1_trmiss80_trlocclin,26,0.4430118848880132,0.6245107650756836,0.7435344827586208,0.8499711730976378,0.6444444444444445,0.0,0.0,0.0,0.0,2002,clin,0.8
3,4,lr5e-05_bs32_modL1_fusion32_fusionL1_drop0p1_trmiss80_trlocclin,32,5e-05,1,32,1,0.1,lr5e-05_bs32_modL1_fusion32_fusionL1_drop0p1_trmiss80_trlocclin,27,0.4345876971880595,0.6260634064674377,0.7413793103448276,0.8503192991085422,0.6444444444444445,0.0,0.0,0.0,0.0,2002,clin,0.8
3,4,lr5e-05_bs32_modL1_fusion32_fusionL1_drop0p1_trmiss80_trlocclin,32,5e-05,1,32,1,0.1,lr5e-05_bs32_modL1_fusion32_fusionL1_drop0p1_trmiss80_trlocclin,28,0.4498202254374822,0.6278733313083649,0.7349137931034482,0.8479303467059185,0.6444444444444445,0.0,0.0,0.0,0.0,2002,clin,0.8
3,4,lr5e-05_bs32_modL1_fusion64_fusionL1_drop0p2_trmiss80_trlocclin,32,5e-05,1,64,1,0.2,lr5e-05_bs32_modL1_fusion64_fusionL1_drop0p2_trmiss80_trlocclin,1,0.743867814540863,0.7089487314224243,0.6056034482758621,0.7883888716595402,0.4222222222222222,0.0,0.0,0.0,0.0,2002,clin,0.8
3,4,lr5e-05_bs32_modL1_fusion64_fusionL1_drop0p2_trmiss80_trlocclin,32,5e-05,1,64,1,0.2,lr5e-05_bs32_modL1_fusion64_fusionL1_drop0p2_trmiss80_trlocclin,2,0.7199126680692037,0.7127272188663483,0.6379310344827587,0.7999120586693909,0.4666666666666667,0.0,0.0,0.0,0.0,2002,clin,0.8
3,4,lr5e-05_bs32_modL1_fusion64_fusionL1_drop0p2_trmiss80_trlocclin,32,5e-05,1,64,1,0.2,lr5e-05_bs32_modL1_fusion64_fusionL1_drop0p2_trmiss80_trlocclin,3,0.7007872760295868,0.7153872549533844,0.6422413793103448,0.8006487028286922,0.4888888888888889,0.0,0.0,0.0,0.0,2002,clin,0.8
3,4,lr5e-05_bs32_modL1_fusion64_fusionL1_drop0p2_trmiss80_trlocclin,32,5e-05,1,64,1,0.2,lr5e-05_bs32_modL1_fusion64_fusionL1_drop0p2_trmiss80_trlocclin,4,0.6557025810082754,0.716168075799942,0.6443965517241379,0.7993172441696266,0.4666666666666667,0.0,0.0,0.0,0.0,2002,clin,0.8
3,4,lr5e-05_bs32_modL1_fusion64_fusionL1_drop0p2_trmiss80_trlocclin,32,5e-05,1,64,1,0.2,lr5e-05_bs32_modL1_fusion64_fusionL1_drop0p2_trmiss80_trlocclin,5,0.6774053970972697,0.7163964509963989,0.6487068965517242,0.803192692688484,0.4444444444444444,0.0,0.0,0.0,0.0,2002,clin,0.8
3,4,lr5e-05_bs32_modL1_fusion64_fusionL1_drop0p2_trmiss80_trlocclin,32,5e-05,1,64,1,0.2,lr5e-05_bs32_modL1_fusion64_fusionL1_drop0p2_trmiss80_trlocclin,6,0.6651983658472697,0.7124879360198975,0.6508620689655172,0.7996639119002741,0.4666666666666667,0.0,0.0,0.0,0.0,2002,clin,0.8
3,4,lr5e-05_bs32_modL1_fusion64_fusionL1_drop0p2_trmiss80_trlocclin,32,5e-05,1,64,1,0.2,lr5e-05_bs32_modL1_fusion64_fusionL1_drop0p2_trmiss80_trlocclin,7,0.6522909899552664,0.7096158266067505,0.6551724137931034,0.801686195453745,0.4888888888888889,0.0,0.0,0.0,0.0,2002,clin,0.8
3,4,lr5e-05_bs32_modL1_fusion64_fusionL1_drop0p2_trmiss80_trlocclin,32,5e-05,1,64,1,0.2,lr5e-05_bs32_modL1_fusion64_fusionL1_drop0p2_trmiss80_trlocclin,8,0.6265380382537842,0.7131734192371368,0.6573275862068966,0.7997418219013476,0.4666666666666667,0.0,0.0,0.0,0.0,2002,clin,0.8
3,4,lr5e-05_bs32_modL1_fusion64_fusionL1_drop0p2_trmiss80_trlocclin,32,5e-05,1,64,1,0.2,lr5e-05_bs32_modL1_fusion64_fusionL1_drop0p2_trmiss80_trlocclin,9,0.6436431606610616,0.713471919298172,0.6637931034482758,0.8035851313651178,0.4666666666666667,0.0,0.0,0.0,0.0,2002,clin,0.8
3,4,lr5e-05_bs32_modL1_fusion64_fusionL1_drop0p2_trmiss80_trlocclin,32,5e-05,1,64,1,0.2,lr5e-05_bs32_modL1_fusion64_fusionL1_drop0p2_trmiss80_trlocclin,10,0.6380639870961508,0.7153293490409851,0.6616379310344828,0.7951495026763448,0.4444444444444444,0.0,0.0,0.0,0.0,2002,clin,0.8
3,4,lr5e-05_bs32_modL1_fusion64_fusionL1_drop0p2_trmiss80_trlocclin,32,5e-05,1,64,1,0.2,lr5e-05_bs32_modL1_fusion64_fusionL1_drop0p2_trmiss80_trlocclin,11,0.6317125062147776,0.7124038338661194,0.6616379310344828,0.7940425123908131,0.4666666666666667,0.0,0.0,0.0,0.0,2002,clin,0.8
3,4,lr5e-05_bs32_modL1_fusion64_fusionL1_drop0p2_trmiss80_trlocclin,32,5e-05,1,64,1,0.2,lr5e-05_bs32_modL1_fusion64_fusionL1_drop0p2_trmiss80_trlocclin,12,0.6349030435085297,0.7139378786087036,0.6551724137931034,0.7862113435567247,0.4666666666666667,0.0,0.0,0.0,0.0,2002,clin,0.8
3,4,lr5e-05_bs32_modL1_fusion64_fusionL1_drop0p2_trmiss80_trlocclin,32,5e-05,1,64,1,0.2,lr5e-05_bs32_modL1_fusion64_fusionL1_drop0p2_trmiss80_trlocclin,13,0.6332508027553558,0.7108713984489441,0.6530172413793103,0.7829061731854551,0.4888888888888889,0.0,0.0,0.0,0.0,2002,clin,0.8
3,4,lr5e-05_bs32_modL1_fusion64_fusionL1_drop0p2_trmiss80_trlocclin,32,5e-05,1,64,1,0.2,lr5e-05_bs32_modL1_fusion64_fusionL1_drop0p2_trmiss80_trlocclin,14,0.6013094484806061,0.7106827199459076,0.6508620689655172,0.7865212362832769,0.4888888888888889,0.0,0.0,0.0,0.0,2002,clin,0.8
3,4,lr5e-05_bs32_modL1_fusion64_fusionL1_drop0p2_trmiss80_trlocclin,32,5e-05,1,64,1,0.2,lr5e-05_bs32_modL1_fusion64_fusionL1_drop0p2_trmiss80_trlocclin,15,0.6196212073167165,0.7136059999465942,0.6616379310344828,0.7919939133738435,0.4888888888888889,0.0,0.0,0.0,0.0,2002,clin,0.8
3,4,lr5e-05_bs32_modL1_fusion64_fusionL1_drop0p2_trmiss80_trlocclin,32,5e-05,1,64,1,0.2,lr5e-05_bs32_modL1_fusion64_fusionL1_drop0p2_trmiss80_trlocclin,16,0.6412063837051392,0.7123621702194214,0.6637931034482759,0.7944110674192436,0.4888888888888889,0.0,0.0,0.0,0.0,2002,clin,0.8
3,4,lr5e-05_bs32_modL1_fusion64_fusionL1_drop0p2_trmiss80_trlocclin,32,5e-05,1,64,1,0.2,lr5e-05_bs32_modL1_fusion64_fusionL1_drop0p2_trmiss80_trlocclin,17,0.6109165648619334,0.7082438766956329,0.6702586206896551,0.796395053897354,0.4888888888888889,0.0,0.0,0.0,0.0,2002,clin,0.8
3,4,lr5e-05_bs32_modL1_fusion64_fusionL1_drop0p2_trmiss80_trlocclin,32,5e-05,1,64,1,0.2,lr5e-05_bs32_modL1_fusion64_fusionL1_drop0p2_trmiss80_trlocclin,18,0.6102228164672852,0.7082773149013519,0.6616379310344828,0.793196048945385,0.4888888888888889,0.0,0.0,0.0,0.0,2002,clin,0.8
3,4,lr5e-05_bs32_modL1_fusion64_fusionL1_drop0p2_trmiss80_trlocclin,32,5e-05,1,64,1,0.2,lr5e-05_bs32_modL1_fusion64_fusionL1_drop0p2_trmiss80_trlocclin,19,0.6097982426484426,0.7070751488208771,0.6530172413793104,0.7844160677516107,0.4888888888888889,0.0,0.0,0.0,0.0,2002,clin,0.8
3,4,lr5e-05_bs32_modL1_fusion64_fusionL1_drop0p2_trmiss80_trlocclin,32,5e-05,1,64,1,0.2,lr5e-05_bs32_modL1_fusion64_fusionL1_drop0p2_trmiss80_trlocclin,20,0.615093857049942,0.705471396446228,0.6724137931034483,0.7953939756857732,0.5111111111111111,0.0,0.0,0.0,0.0,2002,clin,0.8
3,4,lr5e-05_bs32_modL1_fusion64_fusionL1_drop0p2_trmiss80_trlocclin,32,5e-05,1,64,1,0.2,lr5e-05_bs32_modL1_fusion64_fusionL1_drop0p2_trmiss80_trlocclin,21,0.6103871663411459,0.709496945142746,0.6681034482758621,0.7881378821807846,0.4666666666666667,0.0,0.0,0.0,0.0,2002,clin,0.8
3,4,lr5e-05_bs32_modL1_fusion64_fusionL1_drop0p2_trmiss80_trlocclin,32,5e-05,1,64,1,0.2,lr5e-05_bs32_modL1_fusion64_fusionL1_drop0p2_trmiss80_trlocclin,22,0.6071173350016276,0.7083909511566162,0.6637931034482758,0.7854900725810915,0.4666666666666667,0.0,0.0,0.0,0.0,2002,clin,0.8
3,4,lr5e-05_bs32_modL1_fusion64_fusionL1_drop0p2_trmiss80_trlocclin,32,5e-05,1,64,1,0.2,lr5e-05_bs32_modL1_fusion64_fusionL1_drop0p2_trmiss80_trlocclin,23,0.6015949646631876,0.7082858085632324,0.6659482758620691,0.7864494719136833,0.4666666666666667,0.0,0.0,0.0,0.0,2002,clin,0.8
3,4,lr5e-05_bs32_modL1_fusion64_fusionL1_drop0p2_trmiss80_trlocclin,32,5e-05,1,64,1,0.2,lr5e-05_bs32_modL1_fusion64_fusionL1_drop0p2_trmiss80_trlocclin,24,0.6059051752090454,0.7091243863105774,0.6594827586206897,0.7835402693358938,0.5111111111111111,0.0,0.0,0.0,0.0,2002,clin,0.8
3,4,lr5e-05_bs32_modL1_fusion64_fusionL1_drop0p2_trmiss80_trlocclin,32,5e-05,1,64,1,0.2,lr5e-05_bs32_modL1_fusion64_fusionL1_drop0p2_trmiss80_trlocclin,25,0.6083167294661204,0.7072976529598236,0.6616379310344828,0.7854590927399424,0.4888888888888889,0.0,0.0,0.0,0.0,2002,clin,0.8
3,4,lr5e-05_bs32_modL1_fusion64_fusionL1_drop0p2_trmiss80_trlocclin,32,5e-05,1,64,1,0.2,lr5e-05_bs32_modL1_fusion64_fusionL1_drop0p2_trmiss80_trlocclin,26,0.5873172283172607,0.7082148194313049,0.665948275862069,0.7914564000303533,0.4888888888888889,0.0,0.0,0.0,0.0,2002,clin,0.8
3,4,lr5e-05_bs32_modL1_fusion64_fusionL1_drop0p2_trmiss80_trlocclin,32,5e-05,1,64,1,0.2,lr5e-05_bs32_modL1_fusion64_fusionL1_drop0p2_trmiss80_trlocclin,27,0.5775764087835947,0.7079696357250214,0.6745689655172414,0.796751008185215,0.4888888888888889,0.0,0.0,0.0,0.0,2002,clin,0.8
3,4,lr5e-05_bs32_modL1_fusion64_fusionL1_drop0p2_trmiss80_trlocclin,32,5e-05,1,64,1,0.2,lr5e-05_bs32_modL1_fusion64_fusionL1_drop0p2_trmiss80_trlocclin,28,0.6087427735328674,0.70529505610466,0.6724137931034483,0.7967563162560566,0.4888888888888889,0.0,0.0,0.0,0.0,2002,clin,0.8
3,4,lr5e-05_bs32_modL1_fusion64_fusionL1_drop0p2_trmiss80_trlocclin,32,5e-05,1,64,1,0.2,lr5e-05_bs32_modL1_fusion64_fusionL1_drop0p2_trmiss80_trlocclin,29,0.5921973685423533,0.7024924457073212,0.6681034482758621,0.7943492558605455,0.5333333333333333,0.0,0.0,0.0,0.0,2002,clin,0.8
3,4,lr5e-05_bs32_modL1_fusion64_fusionL1_drop0p2_trmiss80_trlocclin,32,5e-05,1,64,1,0.2,lr5e-05_bs32_modL1_fusion64_fusionL1_drop0p2_trmiss80_trlocclin,30,0.5751053591569265,0.703716516494751,0.6702586206896551,0.7953041666941653,0.5111111111111111,0.0,0.0,0.0,0.0,2002,clin,0.8
3,4,lr5e-05_bs32_modL1_fusion64_fusionL1_drop0p2_trmiss80_trlocclin,32,5e-05,1,64,1,0.2,lr5e-05_bs32_modL1_fusion64_fusionL1_drop0p2_trmiss80_trlocclin,31,0.6025285224119822,0.7039144933223724,0.6724137931034483,0.7972920240119347,0.5111111111111111,0.0,0.0,0.0,0.0,2002,clin,0.8
3,4,lr5e-05_bs32_modL1_fusion64_fusionL1_drop0p2_trmiss80_trlocclin,32,5e-05,1,64,1,0.2,lr5e-05_bs32_modL1_fusion64_fusionL1_drop0p2_trmiss80_trlocclin,32,0.5994470715522766,0.7044349014759064,0.6745689655172413,0.793780321473717,0.5333333333333333,0.0,0.0,0.0,0.0,2002,clin,0.8
3,4,lr5e-05_bs32_modL1_fusion64_fusionL1_drop0p2_trmiss80_trlocclin,32,5e-05,1,64,1,0.2,lr5e-05_bs32_modL1_fusion64_fusionL1_drop0p2_trmiss80_trlocclin,33,0.5893015166123708,0.7069304287433624,0.6637931034482759,0.791296546141114,0.5111111111111111,0.0,0.0,0.0,0.0,2002,clin,0.8
3,4,lr5e-05_bs32_modL1_fusion64_fusionL1_drop0p2_trmiss80_trlocclin,32,5e-05,1,64,1,0.2,lr5e-05_bs32_modL1_fusion64_fusionL1_drop0p2_trmiss80_trlocclin,34,0.5854849716027578,0.7052711844444275,0.6573275862068966,0.7857715799916721,0.5333333333333333,0.0,0.0,0.0,0.0,2002,clin,0.8
3,4,lr5e-05_bs32_modL1_fusion64_fusionL1_drop0p2_trmiss80_trlocclin,32,5e-05,1,64,1,0.2,lr5e-05_bs32_modL1_fusion64_fusionL1_drop0p2_trmiss80_trlocclin,35,0.5634879867235819,0.7043655216693878,0.6551724137931034,0.7833401034222646,0.5555555555555556,0.0,0.0,0.0,0.0,2002,clin,0.8
3,4,lr5e-05_bs32_modL1_fusion64_fusionL1_drop0p2_trmiss80_trlocclin,32,5e-05,1,64,1,0.2,lr5e-05_bs32_modL1_fusion64_fusionL1_drop0p2_trmiss80_trlocclin,36,0.5830518305301666,0.7022693455219269,0.6616379310344829,0.7855132696854327,0.5555555555555556,0.0,0.0,0.0,0.0,2002,clin,0.8
3,4,lr5e-05_bs32_modL1_fusion64_fusionL1_drop0p2_trmiss80_trlocclin,32,5e-05,1,64,1,0.2,lr5e-05_bs32_modL1_fusion64_fusionL1_drop0p2_trmiss80_trlocclin,37,0.5903271734714508,0.7076774835586548,0.6551724137931034,0.7824050740852565,0.5111111111111111,0.0,0.0,0.0,0.0,2002,clin,0.8
3,4,lr5e-05_bs32_modL1_fusion64_fusionL1_drop0p2_trmiss80_trlocclin,32,5e-05,1,64,1,0.2,lr5e-05_bs32_modL1_fusion64_fusionL1_drop0p2_trmiss80_trlocclin,38,0.5880212982495626,0.7070585191249847,0.6594827586206896,0.7873886287212025,0.5111111111111111,0.0,0.0,0.0,0.0,2002,clin,0.8
3,4,lr5e-05_bs32_modL1_fusion64_fusionL1_drop0p2_trmiss80_trlocclin,32,5e-05,1,64,1,0.2,lr5e-05_bs32_modL1_fusion64_fusionL1_drop0p2_trmiss80_trlocclin,39,0.5626153151194254,0.7067204117774963,0.6573275862068966,0.7860715572699556,0.5333333333333333,0.0,0.0,0.0,0.0,2002,clin,0.8
3,4,lr5e-05_bs32_modL1_fusion64_fusionL1_drop0p2_trmiss80_trlocclin,32,5e-05,1,64,1,0.2,lr5e-05_bs32_modL1_fusion64_fusionL1_drop0p2_trmiss80_trlocclin,40,0.5805474519729614,0.7058779001235962,0.6508620689655173,0.7809152784574901,0.5333333333333333,0.0,0.0,0.0,0.0,2002,clin,0.8
3,4,lr5e-05_bs32_modL1_fusion64_fusionL1_drop0p2_trmiss80_trlocclin,32,5e-05,1,64,1,0.2,lr5e-05_bs32_modL1_fusion64_fusionL1_drop0p2_trmiss80_trlocclin,41,0.5779712696870168,0.7042191624641418,0.6637931034482759,0.7856190563633058,0.5333333333333333,0.0,0.0,0.0,0.0,2002,clin,0.8
3,4,lr5e-05_bs32_modL1_fusion64_fusionL1_drop0p2_trmiss80_trlocclin,32,5e-05,1,64,1,0.2,lr5e-05_bs32_modL1_fusion64_fusionL1_drop0p2_trmiss80_trlocclin,42,0.5791232784589132,0.7078234851360321,0.6530172413793104,0.7822058396873243,0.5111111111111111,0.0,0.0,0.0,0.0,2002,clin,0.8
3,4,lr5e-05_bs32_modL1_fusion64_fusionL1_drop0p2_trmiss80_trlocclin,32,5e-05,1,64,1,0.2,lr5e-05_bs32_modL1_fusion64_fusionL1_drop0p2_trmiss80_trlocclin,43,0.5705346763134003,0.7066656947135925,0.6530172413793104,0.779579953711112,0.5111111111111111,0.0,0.0,0.0,0.0,2002,clin,0.8
3,4,lr5e-05_bs32_modL1_fusion64_fusionL1_drop0p2_trmiss80_trlocclin,32,5e-05,1,64,1,0.2,lr5e-05_bs32_modL1_fusion64_fusionL1_drop0p2_trmiss80_trlocclin,44,0.5819043517112732,0.7074191272258759,0.665948275862069,0.7871543322710232,0.5111111111111111,0.0,0.0,0.0,0.0,2002,clin,0.8
3,4,lr5e-05_bs32_modL1_fusion64_fusionL1_drop0p2_trmiss80_trlocclin,32,5e-05,1,64,1,0.2,lr5e-05_bs32_modL1_fusion64_fusionL1_drop0p2_trmiss80_trlocclin,45,0.5800583163897196,0.7072367072105408,0.6702586206896552,0.7852056355805005,0.5111111111111111,0.0,0.0,0.0,0.0,2002,clin,0.8
3,4,lr5e-05_bs32_modL1_fusion64_fusionL1_drop0p2_trmiss80_trlocclin,32,5e-05,1,64,1,0.2,lr5e-05_bs32_modL1_fusion64_fusionL1_drop0p2_trmiss80_trlocclin,46,0.5748307506243387,0.7064436674118042,0.6530172413793103,0.7770326393709138,0.4888888888888889,0.0,0.0,0.0,0.0,2002,clin,0.8
3,4,lr5e-05_bs32_modL1_fusion64_fusionL1_drop0p2_trmiss80_trlocclin,32,5e-05,1,64,1,0.2,lr5e-05_bs32_modL1_fusion64_fusionL1_drop0p2_trmiss80_trlocclin,47,0.5685441891352335,0.708156019449234,0.6530172413793104,0.777378434215427,0.5111111111111111,0.0,0.0,0.0,0.0,2002,clin,0.8
3,4,lr5e-05_bs32_modL1_fusion64_fusionL1_drop0p1_trmiss80_trlocclin,32,5e-05,1,64,1,0.1,lr5e-05_bs32_modL1_fusion64_fusionL1_drop0p1_trmiss80_trlocclin,1,0.69993923107783,0.6806447505950928,0.6185344827586207,0.7555945737504115,0.6222222222222222,0.0,0.0,0.0,0.0,2002,clin,0.8
3,4,lr5e-05_bs32_modL1_fusion64_fusionL1_drop0p1_trmiss80_trlocclin,32,5e-05,1,64,1,0.1,lr5e-05_bs32_modL1_fusion64_fusionL1_drop0p1_trmiss80_trlocclin,2,0.6467980643113455,0.6782661974430084,0.5948275862068966,0.750625778272403,0.6,0.0,0.0,0.0,0.0,2002,clin,0.8
3,4,lr5e-05_bs32_modL1_fusion64_fusionL1_drop0p1_trmiss80_trlocclin,32,5e-05,1,64,1,0.1,lr5e-05_bs32_modL1_fusion64_fusionL1_drop0p1_trmiss80_trlocclin,3,0.6310192147890726,0.6744438111782074,0.6012931034482759,0.761459596965651,0.6444444444444445,0.0,0.0,0.0,0.0,2002,clin,0.8
3,4,lr5e-05_bs32_modL1_fusion64_fusionL1_drop0p1_trmiss80_trlocclin,32,5e-05,1,64,1,0.1,lr5e-05_bs32_modL1_fusion64_fusionL1_drop0p1_trmiss80_trlocclin,4,0.6173615356286367,0.6726736128330231,0.603448275862069,0.764836466099384,0.6,0.0,0.0,0.0,0.0,2002,clin,0.8
3,4,lr5e-05_bs32_modL1_fusion64_fusionL1_drop0p1_trmiss80_trlocclin,32,5e-05,1,64,1,0.1,lr5e-05_bs32_modL1_fusion64_fusionL1_drop0p1_trmiss80_trlocclin,5,0.5998465816179911,0.6687020361423492,0.5969827586206896,0.7490247680467709,0.5777777777777777,0.0,0.0,0.0,0.0,2002,clin,0.8
3,4,lr5e-05_bs32_modL1_fusion64_fusionL1_drop0p1_trmiss80_trlocclin,32,5e-05,1,64,1,0.1,lr5e-05_bs32_modL1_fusion64_fusionL1_drop0p1_trmiss80_trlocclin,6,0.5822684665520986,0.6673717200756073,0.5991379310344828,0.741242160017563,0.6,0.0,0.0,0.0,0.0,2002,clin,0.8
3,4,lr5e-05_bs32_modL1_fusion64_fusionL1_drop0p1_trmiss80_trlocclin,32,5e-05,1,64,1,0.1,lr5e-05_bs32_modL1_fusion64_fusionL1_drop0p1_trmiss80_trlocclin,7,0.5688831806182861,0.6615064740180969,0.6206896551724137,0.762007117046846,0.6222222222222222,0.0,0.0,0.0,0.0,2002,clin,0.8
3,4,lr5e-05_bs32_modL1_fusion64_fusionL1_drop0p1_trmiss80_trlocclin,32,5e-05,1,64,1,0.1,lr5e-05_bs32_modL1_fusion64_fusionL1_drop0p1_trmiss80_trlocclin,8,0.5670534272988638,0.6587633490562439,0.6056034482758621,0.755422015357169,0.6444444444444445,0.0,0.0,0.0,0.0,2002,clin,0.8
3,4,lr5e-05_bs32_modL1_fusion64_fusionL1_drop0p1_trmiss80_trlocclin,32,5e-05,1,64,1,0.1,lr5e-05_bs32_modL1_fusion64_fusionL1_drop0p1_trmiss80_trlocclin,9,0.5597226123015085,0.6594914793968201,0.5926724137931034,0.7560589609531746,0.6,0.0,0.0,0.0,0.0,2002,clin,0.8
3,4,lr5e-05_bs32_modL1_fusion64_fusionL1_drop0p1_trmiss80_trlocclin,32,5e-05,1,64,1,0.1,lr5e-05_bs32_modL1_fusion64_fusionL1_drop0p1_trmiss80_trlocclin,10,0.5477137267589569,0.6584892868995667,0.5991379310344828,0.7565235031978067,0.5333333333333333,0.0,0.0,0.0,0.0,2002,clin,0.8
3,4,lr5e-05_bs32_modL1_fusion64_fusionL1_drop0p1_trmiss80_trlocclin,32,5e-05,1,64,1,0.1,lr5e-05_bs32_modL1_fusion64_fusionL1_drop0p1_trmiss80_trlocclin,11,0.5212593277295431,0.6572772264480591,0.5991379310344828,0.7548825709579882,0.5111111111111111,0.0,0.0,0.0,0.0,2002,clin,0.8
3,4,lr5e-05_bs32_modL1_fusion64_fusionL1_drop0p1_trmiss80_trlocclin,32,5e-05,1,64,1,0.1,lr5e-05_bs32_modL1_fusion64_fusionL1_drop0p1_trmiss80_trlocclin,12,0.5043896585702896,0.6555935144424438,0.603448275862069,0.7634391918630976,0.5333333333333333,0.0,0.0,0.0,0.0,2002,clin,0.8
3,4,lr5e-05_bs32_modL1_fusion64_fusionL1_drop0p1_trmiss80_trlocclin,32,5e-05,1,64,1,0.1,lr5e-05_bs32_modL1_fusion64_fusionL1_drop0p1_trmiss80_trlocclin,13,0.5080362757047018,0.6514758169651031,0.6077586206896551,0.7673060097979203,0.5333333333333333,0.0,0.0,0.0,0.0,2002,clin,0.8
3,4,lr5e-05_bs32_modL1_fusion64_fusionL1_drop0p1_trmiss80_trlocclin,32,5e-05,1,64,1,0.1,lr5e-05_bs32_modL1_fusion64_fusionL1_drop0p1_trmiss80_trlocclin,14,0.47797806560993195,0.6514669954776764,0.6012931034482758,0.7672061231205813,0.5111111111111111,0.0,0.0,0.0,0.0,2002,clin,0.8
3,4,lr5e-05_bs32_modL1_fusion64_fusionL1_drop0p1_trmiss80_trlocclin,32,5e-05,1,64,1,0.1,lr5e-05_bs32_modL1_fusion64_fusionL1_drop0p1_trmiss80_trlocclin,15,0.4817548791567485,0.6529541611671448,0.584051724137931,0.7619818640108063,0.5333333333333333,0.0,0.0,0.0,0.0,2002,clin,0.8
3,4,lr5e-05_bs32_modL1_fusion64_fusionL1_drop0p1_trmiss80_trlocclin,32,5e-05,1,64,1,0.1,lr5e-05_bs32_modL1_fusion64_fusionL1_drop0p1_trmiss80_trlocclin,16,0.4561985482772191,0.6558203399181366,0.5862068965517241,0.7677232764245432,0.5333333333333333,0.0,0.0,0.0,0.0,2002,clin,0.8
3,4,lr5e-05_bs32_modL1_fusion64_fusionL1_drop0p1_trmiss80_trlocclin,32,5e-05,1,64,1,0.1,lr5e-05_bs32_modL1_fusion64_fusionL1_drop0p1_trmiss80_trlocclin,17,0.45180172224839527,0.6558212339878082,0.5926724137931034,0.7757431776472685,0.5333333333333333,0.0,0.0,0.0,0.0,2002,clin,0.8
3,4,lr5e-05_bs32_modL1_fusion64_fusionL1_drop0p1_trmiss80_trlocclin,32,5e-05,1,64,1,0.1,lr5e-05_bs32_modL1_fusion64_fusionL1_drop0p1_trmiss80_trlocclin,18,0.45370810230573017,0.6545754671096802,0.5948275862068965,0.7730692220404811,0.5111111111111111,0.0,0.0,0.0,0.0,2002,clin,0.8
3,4,lr5e-05_bs32_modL1_fusion64_fusionL1_drop0p1_trmiss80_trlocclin,32,5e-05,1,64,1,0.1,lr5e-05_bs32_modL1_fusion64_fusionL1_drop0p1_trmiss80_trlocclin,19,0.45214996735254925,0.6544806361198425,0.5905172413793103,0.7690071355428942,0.5333333333333333,0.0,0.0,0.0,0.0,2002,clin,0.8
3,4,lr5e-05_bs32_modL1_fusion64_fusionL1_drop0p1_trmiss80_trlocclin,32,5e-05,1,64,1,0.1,lr5e-05_bs32_modL1_fusion64_fusionL1_drop0p1_trmiss80_trlocclin,20,0.4330252210299174,0.6529352068901062,0.5991379310344828,0.7669481401082181,0.5333333333333333,0.0,0.0,0.0,0.0,2002,clin,0.8
3,4,lr5e-05_bs32_modL1_fusion64_fusionL1_drop0p1_trmiss80_trlocclin,32,5e-05,1,64,1,0.1,lr5e-05_bs32_modL1_fusion64_fusionL1_drop0p1_trmiss80_trlocclin,21,0.43316102027893066,0.6507284045219421,0.6056034482758621,0.7840385275909956,0.5333333333333333,0.0,0.0,0.0,0.0,2002,clin,0.8
3,4,lr5e-05_bs32_modL1_fusion64_fusionL1_drop0p1_trmiss80_trlocclin,32,5e-05,1,64,1,0.1,lr5e-05_bs32_modL1_fusion64_fusionL1_drop0p1_trmiss80_trlocclin,22,0.41609519720077515,0.6488311886787415,0.6206896551724137,0.8013606079586912,0.5111111111111111,0.0,0.0,0.0,0.0,2002,clin,0.8
3,4,lr5e-05_bs32_modL1_fusion64_fusionL1_drop0p1_trmiss80_trlocclin,32,5e-05,1,64,1,0.1,lr5e-05_bs32_modL1_fusion64_fusionL1_drop0p1_trmiss80_trlocclin,23,0.4194783916076024,0.6487532556056976,0.6142241379310345,0.7965119269529275,0.5333333333333333,0.0,0.0,0.0,0.0,2002,clin,0.8
3,4,lr5e-05_bs32_modL1_fusion64_fusionL1_drop0p1_trmiss80_trlocclin,32,5e-05,1,64,1,0.1,lr5e-05_bs32_modL1_fusion64_fusionL1_drop0p1_trmiss80_trlocclin,24,0.4240013659000397,0.6510003805160522,0.6099137931034482,0.7986796460897936,0.5555555555555556,0.0,0.0,0.0,0.0,2002,clin,0.8
3,4,lr5e-05_bs32_modL1_fusion64_fusionL1_drop0p1_trmiss80_trlocclin,32,5e-05,1,64,1,0.1,lr5e-05_bs32_modL1_fusion64_fusionL1_drop0p1_trmiss80_trlocclin,25,0.408905362089475,0.6506446897983551,0.6163793103448275,0.8077736134414744,0.5333333333333333,0.0,0.0,0.0,0.0,2002,clin,0.8
3,4,lr5e-05_bs32_modL1_fusion64_fusionL1_drop0p1_trmiss80_trlocclin,32,5e-05,1,64,1,0.1,lr5e-05_bs32_modL1_fusion64_fusionL1_drop0p1_trmiss80_trlocclin,26,0.40217726429303485,0.6495584547519684,0.6228448275862069,0.810759278158161,0.5555555555555556,0.0,0.0,0.0,0.0,2002,clin,0.8
3,4,lr5e-05_bs32_modL1_fusion64_fusionL1_drop0p1_trmiss80_trlocclin,32,5e-05,1,64,1,0.1,lr5e-05_bs32_modL1_fusion64_fusionL1_drop0p1_trmiss80_trlocclin,27,0.4012779692808787,0.6495615243911743,0.627155172413793,0.8131254027881536,0.5333333333333333,0.0,0.0,0.0,0.0,2002,clin,0.8
3,4,lr5e-05_bs32_modL1_fusion64_fusionL1_drop0p1_trmiss80_trlocclin,32,5e-05,1,64,1,0.1,lr5e-05_bs32_modL1_fusion64_fusionL1_drop0p1_trmiss80_trlocclin,28,0.38838447133700055,0.6482632458209991,0.6206896551724137,0.8060921503512872,0.5333333333333333,0.0,0.0,0.0,0.0,2002,clin,0.8
3,4,lr5e-05_bs32_modL1_fusion64_fusionL1_drop0p1_trmiss80_trlocclin,32,5e-05,1,64,1,0.1,lr5e-05_bs32_modL1_fusion64_fusionL1_drop0p1_trmiss80_trlocclin,29,0.3904437969128291,0.6457054018974304,0.6163793103448275,0.8007993336700858,0.5333333333333333,0.0,0.0,0.0,0.0,2002,clin,0.8
3,4,lr5e-05_bs32_modL1_fusion64_fusionL1_drop0p1_trmiss80_trlocclin,32,5e-05,1,64,1,0.1,lr5e-05_bs32_modL1_fusion64_fusionL1_drop0p1_trmiss80_trlocclin,30,0.3895999441544215,0.6486670076847076,0.6228448275862069,0.8071538903762452,0.5555555555555556,0.0,0.0,0.0,0.0,2002,clin,0.8
3,4,lr5e-05_bs32_modL1_fusion64_fusionL1_drop0p1_trmiss80_trlocclin,32,5e-05,1,64,1,0.1,lr5e-05_bs32_modL1_fusion64_fusionL1_drop0p1_trmiss80_trlocclin,31,0.3878636161486308,0.6504549384117126,0.6163793103448276,0.7968487997738896,0.5555555555555556,0.0,0.0,0.0,0.0,2002,clin,0.8
3,4,lr5e-05_bs32_modL1_fusion64_fusionL1_drop0p1_trmiss80_trlocclin,32,5e-05,1,64,1,0.1,lr5e-05_bs32_modL1_fusion64_fusionL1_drop0p1_trmiss80_trlocclin,32,0.3862965206305186,0.6514506638050079,0.6120689655172413,0.7923884068176583,0.5555555555555556,0.0,0.0,0.0,0.0,2002,clin,0.8
3,4,lr5e-05_bs32_modL1_fusion64_fusionL1_drop0p1_trmiss80_trlocclin,32,5e-05,1,64,1,0.1,lr5e-05_bs32_modL1_fusion64_fusionL1_drop0p1_trmiss80_trlocclin,33,0.3847206433614095,0.6479367315769196,0.6163793103448276,0.7916141872487663,0.5333333333333333,0.0,0.0,0.0,0.0,2002,clin,0.8
3,4,lr5e-05_bs32_modL1_fusion64_fusionL1_drop0p1_trmiss80_trlocclin,32,5e-05,1,64,1,0.1,lr5e-05_bs32_modL1_fusion64_fusionL1_drop0p1_trmiss80_trlocclin,34,0.3826859047015508,0.6500442028045654,0.6163793103448275,0.7907107029189715,0.5333333333333333,0.0,0.0,0.0,0.0,2002,clin,0.8
3,4,lr5e-05_bs32_modL1_fusion64_fusionL1_drop0p1_trmiss80_trlocclin,32,5e-05,1,64,1,0.1,lr5e-05_bs32_modL1_fusion64_fusionL1_drop0p1_trmiss80_trlocclin,35,0.3773718625307083,0.6485735476016998,0.5991379310344828,0.7727928001841333,0.5333333333333333,0.0,0.0,0.0,0.0,2002,clin,0.8
3,4,lr5e-05_bs32_modL1_fusion64_fusionL1_drop0p1_trmiss80_trlocclin,32,5e-05,1,64,1,0.1,lr5e-05_bs32_modL1_fusion64_fusionL1_drop0p1_trmiss80_trlocclin,36,0.36839229861895245,0.6494473814964294,0.6034482758620691,0.7758773696720337,0.5333333333333333,0.0,0.0,0.0,0.0,2002,clin,0.8
3,4,lr5e-05_bs32_modL1_fusion64_fusionL1_drop0p1_trmiss80_trlocclin,32,5e-05,1,64,1,0.1,lr5e-05_bs32_modL1_fusion64_fusionL1_drop0p1_trmiss80_trlocclin,37,0.36126629014809925,0.6505444645881653,0.6056034482758621,0.771018111994371,0.5333333333333333,0.0,0.0,0.0,0.0,2002,clin,0.8
3,4,lr5e-05_bs32_modL1_fusion64_fusionL1_drop0p1_trmiss80_trlocclin,32,5e-05,1,64,1,0.1,lr5e-05_bs32_modL1_fusion64_fusionL1_drop0p1_trmiss80_trlocclin,38,0.365056370695432,0.6513842344284058,0.6012931034482758,0.7730569986975045,0.5555555555555556,0.0,0.0,0.0,0.0,2002,clin,0.8
3,4,lr5e-05_bs32_modL1_fusion64_fusionL1_drop0p1_trmiss80_trlocclin,32,5e-05,1,64,1,0.1,lr5e-05_bs32_modL1_fusion64_fusionL1_drop0p1_trmiss80_trlocclin,39,0.37273043890794116,0.651234894990921,0.5991379310344828,0.7700097031819695,0.5555555555555556,0.0,0.0,0.0,0.0,2002,clin,0.8
3,4,lr5e-05_bs32_modL1_fusion64_fusionL1_drop0p1_trmiss80_trlocclin,32,5e-05,1,64,1,0.1,lr5e-05_bs32_modL1_fusion64_fusionL1_drop0p1_trmiss80_trlocclin,40,0.3619542171557744,0.6520550549030304,0.6012931034482758,0.7773541270418198,0.5555555555555556,0.0,0.0,0.0,0.0,2002,clin,0.8
3,4,lr5e-05_bs32_modL1_fusion64_fusionL1_drop0p1_trmiss80_trlocclin,32,5e-05,1,64,1,0.1,lr5e-05_bs32_modL1_fusion64_fusionL1_drop0p1_trmiss80_trlocclin,41,0.3504160890976588,0.6507207751274109,0.6012931034482758,0.7751760491191064,0.5333333333333333,0.0,0.0,0.0,0.0,2002,clin,0.8
3,4,lr5e-05_bs32_modL1_fusion64_fusionL1_drop0p1_trmiss80_trlocclin,32,5e-05,1,64,1,0.1,lr5e-05_bs32_modL1_fusion64_fusionL1_drop0p1_trmiss80_trlocclin,42,0.3682524810234706,0.651312381029129,0.6012931034482759,0.7735755536038036,0.5333333333333333,0.0,0.0,0.0,0.0,2002,clin,0.8
3,4,lr5e-05_bs32_modL1_fusion64_fusionL1_drop0p1_trmiss80_trlocclin,32,5e-05,1,64,1,0.1,lr5e-05_bs32_modL1_fusion64_fusionL1_drop0p1_trmiss80_trlocclin,43,0.35508881509304047,0.6517902910709381,0.603448275862069,0.774251686125778,0.5333333333333333,0.0,0.0,0.0,0.0,2002,clin,0.8
3,4,lr5e-05_bs32_modL1_fusion64_fusionL1_drop0p1_trmiss80_trlocclin,32,5e-05,1,64,1,0.1,lr5e-05_bs32_modL1_fusion64_fusionL1_drop0p1_trmiss80_trlocclin,44,0.3475993474324544,0.6505694687366486,0.603448275862069,0.7731325088722993,0.5333333333333333,0.0,0.0,0.0,0.0,2002,clin,0.8
3,4,lr5e-05_bs32_modL1_fusion64_fusionL1_drop0p1_trmiss80_trlocclin,32,5e-05,1,64,1,0.1,lr5e-05_bs32_modL1_fusion64_fusionL1_drop0p1_trmiss80_trlocclin,45,0.35498568912347156,0.6505402028560638,0.603448275862069,0.7761257890012936,0.5555555555555556,0.0,0.0,0.0,0.0,2002,clin,0.8
3,4,lr5e-05_bs32_modL1_fusion64_fusionL1_drop0p1_trmiss80_trlocclin,32,5e-05,1,64,1,0.1,lr5e-05_bs32_modL1_fusion64_fusionL1_drop0p1_trmiss80_trlocclin,46,0.37075550854206085,0.6522781848907471,0.6077586206896551,0.7797590964702916,0.5555555555555556,0.0,0.0,0.0,0.0,2002,clin,0.8
3,4,lr5e-05_bs32_modL1_fusion64_fusionL1_drop0p1_trmiss80_trlocclin,32,5e-05,1,64,1,0.1,lr5e-05_bs32_modL1_fusion64_fusionL1_drop0p1_trmiss80_trlocclin,47,0.35281404356161755,0.6530327200889587,0.605603448275862,0.7779914430415784,0.5555555555555556,0.0,0.0,0.0,0.0,2002,clin,0.8
3,4,lr1e-04_bs32_modL1_fusion32_fusionL1_drop0p2_trmiss80_trlocclin,32,0.0001,1,32,1,0.2,lr1e-04_bs32_modL1_fusion32_fusionL1_drop0p2_trmiss80_trlocclin,1,0.6963225305080414,0.6692331433296204,0.6336206896551724,0.7204216263102696,0.6666666666666666,0.0,0.0,0.0,0.0,2002,clin,0.8
3,4,lr1e-04_bs32_modL1_fusion32_fusionL1_drop0p2_trmiss80_trlocclin,32,0.0001,1,32,1,0.2,lr1e-04_bs32_modL1_fusion32_fusionL1_drop0p2_trmiss80_trlocclin,2,0.6358762780825297,0.6624928116798401,0.6594827586206896,0.760221147130967,0.6888888888888889,0.0,0.0,0.0,0.0,2002,clin,0.8
3,4,lr1e-04_bs32_modL1_fusion32_fusionL1_drop0p2_trmiss80_trlocclin,32,0.0001,1,32,1,0.2,lr1e-04_bs32_modL1_fusion32_fusionL1_drop0p2_trmiss80_trlocclin,3,0.5987733403841654,0.6509848833084106,0.6831896551724137,0.7863801659801779,0.6888888888888889,0.0,0.0,0.0,0.0,2002,clin,0.8
3,4,lr1e-04_bs32_modL1_fusion32_fusionL1_drop0p2_trmiss80_trlocclin,32,0.0001,1,32,1,0.2,lr1e-04_bs32_modL1_fusion32_fusionL1_drop0p2_trmiss80_trlocclin,4,0.5948746502399445,0.6452987194061279,0.6810344827586208,0.7845904645752438,0.6666666666666666,0.0,0.0,0.0,0.0,2002,clin,0.8
3,4,lr1e-04_bs32_modL1_fusion32_fusionL1_drop0p2_trmiss80_trlocclin,32,0.0001,1,32,1,0.2,lr1e-04_bs32_modL1_fusion32_fusionL1_drop0p2_trmiss80_trlocclin,5,0.5613318284352621,0.636206865310669,0.6918103448275861,0.7905006221817427,0.6666666666666666,0.0,0.0,0.0,0.0,2002,clin,0.8
3,4,lr1e-04_bs32_modL1_fusion32_fusionL1_drop0p2_trmiss80_trlocclin,32,0.0001,1,32,1,0.2,lr1e-04_bs32_modL1_fusion32_fusionL1_drop0p2_trmiss80_trlocclin,6,0.5293017079432806,0.6300204396247864,0.7112068965517242,0.7999143924840509,0.6666666666666666,0.0,0.0,0.0,0.0,2002,clin,0.8
3,4,lr1e-04_bs32_modL1_fusion32_fusionL1_drop0p2_trmiss80_trlocclin,32,0.0001,1,32,1,0.2,lr1e-04_bs32_modL1_fusion32_fusionL1_drop0p2_trmiss80_trlocclin,7,0.5292524695396423,0.6277360320091248,0.7025862068965517,0.7863609659888867,0.6666666666666666,0.0,0.0,0.0,0.0,2002,clin,0.8
3,4,lr1e-04_bs32_modL1_fusion32_fusionL1_drop0p2_trmiss80_trlocclin,32,0.0001,1,32,1,0.2,lr1e-04_bs32_modL1_fusion32_fusionL1_drop0p2_trmiss80_trlocclin,8,0.5153167694807053,0.6258543431758881,0.6982758620689655,0.7875210983601687,0.6666666666666666,0.0,0.0,0.0,0.0,2002,clin,0.8
3,4,lr1e-04_bs32_modL1_fusion32_fusionL1_drop0p2_trmiss80_trlocclin,32,0.0001,1,32,1,0.2,lr1e-04_bs32_modL1_fusion32_fusionL1_drop0p2_trmiss80_trlocclin,9,0.49277707437674206,0.6221642792224884,0.6961206896551724,0.7902721855970712,0.6666666666666666,0.0,0.0,0.0,0.0,2002,clin,0.8
3,4,lr1e-04_bs32_modL1_fusion32_fusionL1_drop0p2_trmiss80_trlocclin,32,0.0001,1,32,1,0.2,lr1e-04_bs32_modL1_fusion32_fusionL1_drop0p2_trmiss80_trlocclin,10,0.490865354736646,0.6188302338123322,0.6961206896551724,0.7874095921553169,0.6444444444444445,0.0,0.0,0.0,0.0,2002,clin,0.8
3,4,lr1e-04_bs32_modL1_fusion32_fusionL1_drop0p2_trmiss80_trlocclin,32,0.0001,1,32,1,0.2,lr1e-04_bs32_modL1_fusion32_fusionL1_drop0p2_trmiss80_trlocclin,11,0.4978541284799576,0.6198025643825531,0.6853448275862069,0.7800760753722527,0.6666666666666666,0.0,0.0,0.0,0.0,2002,clin,0.8
3,4,lr1e-04_bs32_modL1_fusion32_fusionL1_drop0p2_trmiss80_trlocclin,32,0.0001,1,32,1,0.2,lr1e-04_bs32_modL1_fusion32_fusionL1_drop0p2_trmiss80_trlocclin,12,0.49124595522880554,0.6162375509738922,0.6939655172413792,0.8018739799991419,0.6444444444444445,0.0,0.0,0.0,0.0,2002,clin,0.8
3,4,lr1e-04_bs32_modL1_fusion32_fusionL1_drop0p2_trmiss80_trlocclin,32,0.0001,1,32,1,0.2,lr1e-04_bs32_modL1_fusion32_fusionL1_drop0p2_trmiss80_trlocclin,13,0.4429946194092433,0.6133558750152588,0.7133620689655172,0.8187493819922069,0.6222222222222222,0.0,0.0,0.0,0.0,2002,clin,0.8
3,4,lr1e-04_bs32_modL1_fusion32_fusionL1_drop0p2_trmiss80_trlocclin,32,0.0001,1,32,1,0.2,lr1e-04_bs32_modL1_fusion32_fusionL1_drop0p2_trmiss80_trlocclin,14,0.4660610506931941,0.6074909567832947,0.7068965517241379,0.819752604856973,0.6444444444444445,0.0,0.0,0.0,0.0,2002,clin,0.8
3,4,lr1e-04_bs32_modL1_fusion32_fusionL1_drop0p2_trmiss80_trlocclin,32,0.0001,1,32,1,0.2,lr1e-04_bs32_modL1_fusion32_fusionL1_drop0p2_trmiss80_trlocclin,15,0.4444916546344757,0.603671669960022,0.7004310344827586,0.8045324678070249,0.6888888888888889,0.0,0.0,0.0,0.0,2002,clin,0.8
3,4,lr1e-04_bs32_modL1_fusion32_fusionL1_drop0p2_trmiss80_trlocclin,32,0.0001,1,32,1,0.2,lr1e-04_bs32_modL1_fusion32_fusionL1_drop0p2_trmiss80_trlocclin,16,0.43783389528592426,0.6060777008533478,0.7025862068965517,0.819557208111499,0.6666666666666666,0.0,0.0,0.0,0.0,2002,clin,0.8
3,4,lr1e-04_bs32_modL1_fusion32_fusionL1_drop0p2_trmiss80_trlocclin,32,0.0001,1,32,1,0.2,lr1e-04_bs32_modL1_fusion32_fusionL1_drop0p2_trmiss80_trlocclin,17,0.42264988521734875,0.5967652499675751,0.7478448275862069,0.8541682080965671,0.6666666666666666,0.0,0.0,0.0,0.0,2002,clin,0.8
3,4,lr1e-04_bs32_modL1_fusion32_fusionL1_drop0p2_trmiss80_trlocclin,32,0.0001,1,32,1,0.2,lr1e-04_bs32_modL1_fusion32_fusionL1_drop0p2_trmiss80_trlocclin,18,0.4071112821499507,0.5964139699935913,0.7392241379310345,0.8484064978087458,0.6444444444444445,0.0,0.0,0.0,0.0,2002,clin,0.8
3,4,lr1e-04_bs32_modL1_fusion32_fusionL1_drop0p2_trmiss80_trlocclin,32,0.0001,1,32,1,0.2,lr1e-04_bs32_modL1_fusion32_fusionL1_drop0p2_trmiss80_trlocclin,19,0.38469962775707245,0.595075786113739,0.7413793103448276,0.8525304411223233,0.6666666666666666,0.0,0.0,0.0,0.0,2002,clin,0.8
3,4,lr1e-04_bs32_modL1_fusion32_fusionL1_drop0p2_trmiss80_trlocclin,32,0.0001,1,32,1,0.2,lr1e-04_bs32_modL1_fusion32_fusionL1_drop0p2_trmiss80_trlocclin,20,0.3978109260400136,0.5991174280643463,0.7306034482758621,0.8459670778055308,0.6444444444444445,0.0,0.0,0.0,0.0,2002,clin,0.8
3,4,lr1e-04_bs32_modL1_fusion32_fusionL1_drop0p2_trmiss80_trlocclin,32,0.0001,1,32,1,0.2,lr1e-04_bs32_modL1_fusion32_fusionL1_drop0p2_trmiss80_trlocclin,21,0.38320455451806384,0.5960484445095062,0.7306034482758621,0.8464608109862675,0.6444444444444445,0.0,0.0,0.0,0.0,2002,clin,0.8
3,4,lr1e-04_bs32_modL1_fusion32_fusionL1_drop0p2_trmiss80_trlocclin,32,0.0001,1,32,1,0.2,lr1e-04_bs32_modL1_fusion32_fusionL1_drop0p2_trmiss80_trlocclin,22,0.37651820480823517,0.6017548739910126,0.7176724137931034,0.8349620753345264,0.6666666666666666,0.0,0.0,0.0,0.0,2002,clin,0.8
3,4,lr1e-04_bs32_modL1_fusion32_fusionL1_drop0p2_trmiss80_trlocclin,32,0.0001,1,32,1,0.2,lr1e-04_bs32_modL1_fusion32_fusionL1_drop0p2_trmiss80_trlocclin,23,0.35647515455881756,0.5928026735782623,0.7327586206896551,0.8495797588937215,0.6888888888888889,0.0,0.0,0.0,0.0,2002,clin,0.8
3,4,lr1e-04_bs32_modL1_fusion32_fusionL1_drop0p2_trmiss80_trlocclin,32,0.0001,1,32,1,0.2,lr1e-04_bs32_modL1_fusion32_fusionL1_drop0p2_trmiss80_trlocclin,24,0.3572684129079183,0.5914434194564819,0.7392241379310345,0.8498975240770157,0.6666666666666666,0.0,0.0,0.0,0.0,2002,clin,0.8
3,4,lr1e-04_bs32_modL1_fusion32_fusionL1_drop0p2_trmiss80_trlocclin,32,0.0001,1,32,1,0.2,lr1e-04_bs32_modL1_fusion32_fusionL1_drop0p2_trmiss80_trlocclin,25,0.3540901889403661,0.5869084298610687,0.728448275862069,0.8571407549026537,0.6,0.0,0.0,0.0,0.0,2002,clin,0.8
3,4,lr1e-04_bs32_modL1_fusion32_fusionL1_drop0p2_trmiss80_trlocclin,32,0.0001,1,32,1,0.2,lr1e-04_bs32_modL1_fusion32_fusionL1_drop0p2_trmiss80_trlocclin,26,0.353197713692983,0.5920266509056091,0.7262931034482758,0.8595858225355983,0.6222222222222222,0.0,0.0,0.0,0.0,2002,clin,0.8
3,4,lr1e-04_bs32_modL1_fusion32_fusionL1_drop0p2_trmiss80_trlocclin,32,0.0001,1,32,1,0.2,lr1e-04_bs32_modL1_fusion32_fusionL1_drop0p2_trmiss80_trlocclin,27,0.3388749857743581,0.5948365926742554,0.7112068965517241,0.8400075643259961,0.6444444444444445,0.0,0.0,0.0,0.0,2002,clin,0.8
3,4,lr1e-04_bs32_modL1_fusion32_fusionL1_drop0p2_trmiss80_trlocclin,32,0.0001,1,32,1,0.2,lr1e-04_bs32_modL1_fusion32_fusionL1_drop0p2_trmiss80_trlocclin,28,0.33875761926174164,0.6112222969532013,0.6896551724137931,0.8235908904449396,0.6444444444444445,0.0,0.0,0.0,0.0,2002,clin,0.8
3,4,lr1e-04_bs32_modL1_fusion32_fusionL1_drop0p2_trmiss80_trlocclin,32,0.0001,1,32,1,0.2,lr1e-04_bs32_modL1_fusion32_fusionL1_drop0p2_trmiss80_trlocclin,29,0.33416763444741565,0.6001022160053253,0.706896551724138,0.8424521931579729,0.6222222222222222,0.0,0.0,0.0,0.0,2002,clin,0.8
3,4,lr1e-04_bs32_modL1_fusion32_fusionL1_drop0p2_trmiss80_trlocclin,32,0.0001,1,32,1,0.2,lr1e-04_bs32_modL1_fusion32_fusionL1_drop0p2_trmiss80_trlocclin,30,0.2994072635968526,0.5952938199043274,0.7112068965517241,0.8445045866463403,0.6,0.0,0.0,0.0,0.0,2002,clin,0.8
3,4,lr1e-04_bs32_modL1_fusion32_fusionL1_drop0p2_trmiss80_trlocclin,32,0.0001,1,32,1,0.2,lr1e-04_bs32_modL1_fusion32_fusionL1_drop0p2_trmiss80_trlocclin,31,0.34083225826422375,0.5933359563350677,0.7155172413793103,0.8416958159146208,0.6222222222222222,0.0,0.0,0.0,0.0,2002,clin,0.8
3,4,lr1e-04_bs32_modL1_fusion32_fusionL1_drop0p2_trmiss80_trlocclin,32,0.0001,1,32,1,0.2,lr1e-04_bs32_modL1_fusion32_fusionL1_drop0p2_trmiss80_trlocclin,32,0.3047565668821335,0.5971003472805023,0.7133620689655172,0.8387811835263042,0.6222222222222222,0.0,0.0,0.0,0.0,2002,clin,0.8
3,4,lr1e-04_bs32_modL1_fusion32_fusionL1_drop0p2_trmiss80_trlocclin,32,0.0001,1,32,1,0.2,lr1e-04_bs32_modL1_fusion32_fusionL1_drop0p2_trmiss80_trlocclin,33,0.3137113004922867,0.5943669080734253,0.709051724137931,0.8388627820191383,0.6666666666666666,0.0,0.0,0.0,0.0,2002,clin,0.8
3,4,lr1e-04_bs32_modL1_fusion32_fusionL1_drop0p2_trmiss80_trlocclin,32,0.0001,1,32,1,0.2,lr1e-04_bs32_modL1_fusion32_fusionL1_drop0p2_trmiss80_trlocclin,34,0.29000238080819446,0.5982339978218079,0.7068965517241379,0.8349104315224953,0.6444444444444445,0.0,0.0,0.0,0.0,2002,clin,0.8
3,4,lr1e-04_bs32_modL1_fusion32_fusionL1_drop0p2_trmiss80_trlocclin,32,0.0001,1,32,1,0.2,lr1e-04_bs32_modL1_fusion32_fusionL1_drop0p2_trmiss80_trlocclin,35,0.3053036828835805,0.6006288528442383,0.7068965517241379,0.8356590900240535,0.6444444444444445,0.0,0.0,0.0,0.0,2002,clin,0.8
3,4,lr1e-04_bs32_modL1_fusion32_fusionL1_drop0p2_trmiss80_trlocclin,32,0.0001,1,32,1,0.2,lr1e-04_bs32_modL1_fusion32_fusionL1_drop0p2_trmiss80_trlocclin,36,0.3016326129436493,0.6018086969852448,0.7025862068965517,0.8303464318288172,0.6444444444444445,0.0,0.0,0.0,0.0,2002,clin,0.8
3,4,lr1e-04_bs32_modL1_fusion32_fusionL1_drop0p2_trmiss80_trlocclin,32,0.0001,1,32,1,0.2,lr1e-04_bs32_modL1_fusion32_fusionL1_drop0p2_trmiss80_trlocclin,37,0.3073931982119878,0.5983165502548218,0.7004310344827587,0.8294021828520384,0.6444444444444445,0.0,0.0,0.0,0.0,2002,clin,0.8
3,4,lr1e-04_bs32_modL1_fusion32_fusionL1_drop0p1_trmiss80_trlocclin,32,0.0001,1,32,1,0.1,lr1e-04_bs32_modL1_fusion32_fusionL1_drop0p1_trmiss80_trlocclin,1,0.6861150066057841,0.668968677520752,0.5344827586206896,0.6420573177740048,0.6444444444444445,0.0,0.0,0.0,0.0,2002,clin,0.8
3,4,lr1e-04_bs32_modL1_fusion32_fusionL1_drop0p1_trmiss80_trlocclin,32,0.0001,1,32,1,0.1,lr1e-04_bs32_modL1_fusion32_fusionL1_drop0p1_trmiss80_trlocclin,2,0.6161288420359293,0.6653494536876678,0.540948275862069,0.6439737716136242,0.6444444444444445,0.0,0.0,0.0,0.0,2002,clin,0.8
3,4,lr1e-04_bs32_modL1_fusion32_fusionL1_drop0p1_trmiss80_trlocclin,32,0.0001,1,32,1,0.1,lr1e-04_bs32_modL1_fusion32_fusionL1_drop0p1_trmiss80_trlocclin,3,0.5699762403964996,0.6563402116298676,0.5797413793103449,0.6868084435362641,0.6888888888888889,0.0,0.0,0.0,0.0,2002,clin,0.8
3,4,lr1e-04_bs32_modL1_fusion32_fusionL1_drop0p1_trmiss80_trlocclin,32,0.0001,1,32,1,0.1,lr1e-04_bs32_modL1_fusion32_fusionL1_drop0p1_trmiss80_trlocclin,4,0.5527822772661845,0.6491003930568695,0.6120689655172413,0.7577057867801954,0.6888888888888889,0.0,0.0,0.0,0.0,2002,clin,0.8
3,4,lr1e-04_bs32_modL1_fusion32_fusionL1_drop0p1_trmiss80_trlocclin,32,0.0001,1,32,1,0.1,lr1e-04_bs32_modL1_fusion32_fusionL1_drop0p1_trmiss80_trlocclin,5,0.5191091150045395,0.6389255225658417,0.622844827586207,0.77276095910665,0.6888888888888889,0.0,0.0,0.0,0.0,2002,clin,0.8
3,4,lr1e-04_bs32_modL1_fusion32_fusionL1_drop0p1_trmiss80_trlocclin,32,0.0001,1,32,1,0.1,lr1e-04_bs32_modL1_fusion32_fusionL1_drop0p1_trmiss80_trlocclin,6,0.5168190250794092,0.6324322521686554,0.6530172413793103,0.7951437004819635,0.6666666666666666,0.0,0.0,0.0,0.0,2002,clin,0.8
3,4,lr1e-04_bs32_modL1_fusion32_fusionL1_drop0p1_trmiss80_trlocclin,32,0.0001,1,32,1,0.1,lr1e-04_bs32_modL1_fusion32_fusionL1_drop0p1_trmiss80_trlocclin,7,0.4940752585728963,0.6362649202346802,0.6422413793103448,0.8050920663954222,0.6666666666666666,0.0,0.0,0.0,0.0,2002,clin,0.8
3,4,lr1e-04_bs32_modL1_fusion32_fusionL1_drop0p1_trmiss80_trlocclin,32,0.0001,1,32,1,0.1,lr1e-04_bs32_modL1_fusion32_fusionL1_drop0p1_trmiss80_trlocclin,8,0.4780309448639552,0.6416742503643036,0.6185344827586207,0.7898070575487686,0.6444444444444445,0.0,0.0,0.0,0.0,2002,clin,0.8
3,4,lr1e-04_bs32_modL1_fusion32_fusionL1_drop0p1_trmiss80_trlocclin,32,0.0001,1,32,1,0.1,lr1e-04_bs32_modL1_fusion32_fusionL1_drop0p1_trmiss80_trlocclin,9,0.46903746326764423,0.6386941969394684,0.627155172413793,0.7913281313170759,0.6444444444444445,0.0,0.0,0.0,0.0,2002,clin,0.8
3,4,lr1e-04_bs32_modL1_fusion32_fusionL1_drop0p1_trmiss80_trlocclin,32,0.0001,1,32,1,0.1,lr1e-04_bs32_modL1_fusion32_fusionL1_drop0p1_trmiss80_trlocclin,10,0.4436664084593455,0.6378611922264099,0.6336206896551723,0.7941663651678856,0.6444444444444445,0.0,0.0,0.0,0.0,2002,clin,0.8
3,4,lr1e-04_bs32_modL1_fusion32_fusionL1_drop0p1_trmiss80_trlocclin,32,0.0001,1,32,1,0.1,lr1e-04_bs32_modL1_fusion32_fusionL1_drop0p1_trmiss80_trlocclin,11,0.43117424845695496,0.6392350196838379,0.6336206896551724,0.7962700410164905,0.6444444444444445,0.0,0.0,0.0,0.0,2002,clin,0.8
3,4,lr1e-04_bs32_modL1_fusion32_fusionL1_drop0p1_trmiss80_trlocclin,32,0.0001,1,32,1,0.1,lr1e-04_bs32_modL1_fusion32_fusionL1_drop0p1_trmiss80_trlocclin,12,0.42733248074849445,0.642852395772934,0.625,0.7911531894236059,0.6222222222222222,0.0,0.0,0.0,0.0,2002,clin,0.8
3,4,lr1e-04_bs32_modL1_fusion32_fusionL1_drop0p1_trmiss80_trlocclin,32,0.0001,1,32,1,0.1,lr1e-04_bs32_modL1_fusion32_fusionL1_drop0p1_trmiss80_trlocclin,13,0.4107992500066757,0.6454327404499054,0.603448275862069,0.7779794407017697,0.6,0.0,0.0,0.0,0.0,2002,clin,0.8
3,4,lr1e-04_bs32_modL1_fusion32_fusionL1_drop0p1_trmiss80_trlocclin,32,0.0001,1,32,1,0.1,lr1e-04_bs32_modL1_fusion32_fusionL1_drop0p1_trmiss80_trlocclin,14,0.4332242359717687,0.6468357741832733,0.6099137931034483,0.7781041503074189,0.6666666666666666,0.0,0.0,0.0,0.0,2002,clin,0.8
3,4,lr1e-04_bs32_modL1_fusion32_fusionL1_drop0p1_trmiss80_trlocclin,32,0.0001,1,32,1,0.1,lr1e-04_bs32_modL1_fusion32_fusionL1_drop0p1_trmiss80_trlocclin,15,0.412141074736913,0.6440032720565796,0.625,0.7866639788419267,0.6222222222222222,0.0,0.0,0.0,0.0,2002,clin,0.8
3,4,lr1e-04_bs32_modL1_fusion32_fusionL1_drop0p1_trmiss80_trlocclin,32,0.0001,1,32,1,0.1,lr1e-04_bs32_modL1_fusion32_fusionL1_drop0p1_trmiss80_trlocclin,16,0.40377987424532574,0.6437445878982544,0.6228448275862069,0.7770704865141168,0.6444444444444445,0.0,0.0,0.0,0.0,2002,clin,0.8
3,4,lr1e-04_bs32_modL1_fusion32_fusionL1_drop0p1_trmiss80_trlocclin,32,0.0001,1,32,1,0.1,lr1e-04_bs32_modL1_fusion32_fusionL1_drop0p1_trmiss80_trlocclin,17,0.3892206996679306,0.640222579240799,0.6336206896551724,0.7821392566363876,0.6888888888888889,0.0,0.0,0.0,0.0,2002,clin,0.8
3,4,lr1e-04_bs32_modL1_fusion32_fusionL1_drop0p1_trmiss80_trlocclin,32,0.0001,1,32,1,0.1,lr1e-04_bs32_modL1_fusion32_fusionL1_drop0p1_trmiss80_trlocclin,18,0.3762909919023514,0.638707846403122,0.6336206896551724,0.7828852590654883,0.6888888888888889,0.0,0.0,0.0,0.0,2002,clin,0.8
3,4,lr1e-04_bs32_modL1_fusion32_fusionL1_drop0p1_trmiss80_trlocclin,32,0.0001,1,32,1,0.1,lr1e-04_bs32_modL1_fusion32_fusionL1_drop0p1_trmiss80_trlocclin,19,0.39289885262648266,0.641047328710556,0.6206896551724138,0.77094897245816,0.6888888888888889,0.0,0.0,0.0,0.0,2002,clin,0.8
3,4,lr1e-04_bs32_modL1_fusion32_fusionL1_drop0p1_trmiss80_trlocclin,32,0.0001,1,32,1,0.1,lr1e-04_bs32_modL1_fusion32_fusionL1_drop0p1_trmiss80_trlocclin,20,0.3756908178329468,0.6438858211040497,0.6206896551724137,0.766409513795899,0.6666666666666666,0.0,0.0,0.0,0.0,2002,clin,0.8
3,4,lr1e-04_bs32_modL1_fusion32_fusionL1_drop0p1_trmiss80_trlocclin,32,0.0001,1,32,1,0.1,lr1e-04_bs32_modL1_fusion32_fusionL1_drop0p1_trmiss80_trlocclin,21,0.36175726850827533,0.647421658039093,0.6099137931034482,0.7584575749603703,0.6666666666666666,0.0,0.0,0.0,0.0,2002,clin,0.8
3,4,lr1e-04_bs32_modL1_fusion32_fusionL1_drop0p1_trmiss80_trlocclin,32,0.0001,1,32,1,0.1,lr1e-04_bs32_modL1_fusion32_fusionL1_drop0p1_trmiss80_trlocclin,22,0.3695228844881058,0.649659276008606,0.6034482758620688,0.752930703814838,0.6666666666666666,0.0,0.0,0.0,0.0,2002,clin,0.8
3,4,lr1e-04_bs32_modL1_fusion32_fusionL1_drop0p1_trmiss80_trlocclin,32,0.0001,1,32,1,0.1,lr1e-04_bs32_modL1_fusion32_fusionL1_drop0p1_trmiss80_trlocclin,23,0.3793017665545146,0.6476619839668274,0.605603448275862,0.7584993430678734,0.6666666666666666,0.0,0.0,0.0,0.0,2002,clin,0.8
3,4,lr1e-04_bs32_modL1_fusion32_fusionL1_drop0p1_trmiss80_trlocclin,32,0.0001,1,32,1,0.1,lr1e-04_bs32_modL1_fusion32_fusionL1_drop0p1_trmiss80_trlocclin,24,0.370462308327357,0.6436258256435394,0.6099137931034483,0.7648081923669913,0.6666666666666666,0.0,0.0,0.0,0.0,2002,clin,0.8
3,4,lr1e-04_bs32_modL1_fusion32_fusionL1_drop0p1_trmiss80_trlocclin,32,0.0001,1,32,1,0.1,lr1e-04_bs32_modL1_fusion32_fusionL1_drop0p1_trmiss80_trlocclin,25,0.37902040779590607,0.6420853137969971,0.6120689655172413,0.7658226426287994,0.6666666666666666,0.0,0.0,0.0,0.0,2002,clin,0.8
3,4,lr1e-04_bs32_modL1_fusion32_fusionL1_drop0p1_trmiss80_trlocclin,32,0.0001,1,32,1,0.1,lr1e-04_bs32_modL1_fusion32_fusionL1_drop0p1_trmiss80_trlocclin,26,0.3806134909391403,0.642807126045227,0.6056034482758621,0.7631171537024249,0.6444444444444445,0.0,0.0,0.0,0.0,2002,clin,0.8
3,4,lr1e-04_bs32_modL1_fusion64_fusionL1_drop0p2_trmiss80_trlocclin,32,0.0001,1,64,1,0.2,lr1e-04_bs32_modL1_fusion64_fusionL1_drop0p2_trmiss80_trlocclin,1,0.7513731122016907,0.7093075215816498,0.6293103448275862,0.7466823131112433,0.5555555555555556,0.0,0.0,0.0,0.0,2002,clin,0.8
3,4,lr1e-04_bs32_modL1_fusion64_fusionL1_drop0p2_trmiss80_trlocclin,32,0.0001,1,64,1,0.2,lr1e-04_bs32_modL1_fusion64_fusionL1_drop0p2_trmiss80_trlocclin,2,0.6975033481915792,0.7334319353103638,0.6056034482758621,0.7009207858662526,0.4444444444444444,0.0,0.0,0.0,0.0,2002,clin,0.8
3,4,lr1e-04_bs32_modL1_fusion64_fusionL1_drop0p2_trmiss80_trlocclin,32,0.0001,1,64,1,0.2,lr1e-04_bs32_modL1_fusion64_fusionL1_drop0p2_trmiss80_trlocclin,3,0.6662436525026957,0.7417318820953369,0.5905172413793103,0.710009028656222,0.4,0.0,0.0,0.0,0.0,2002,clin,0.8
3,4,lr1e-04_bs32_modL1_fusion64_fusionL1_drop0p2_trmiss80_trlocclin,32,0.0001,1,64,1,0.2,lr1e-04_bs32_modL1_fusion64_fusionL1_drop0p2_trmiss80_trlocclin,4,0.6472328901290894,0.7424761354923248,0.5775862068965517,0.7048506164438857,0.4666666666666667,0.0,0.0,0.0,0.0,2002,clin,0.8
3,4,lr1e-04_bs32_modL1_fusion64_fusionL1_drop0p2_trmiss80_trlocclin,32,0.0001,1,64,1,0.2,lr1e-04_bs32_modL1_fusion64_fusionL1_drop0p2_trmiss80_trlocclin,5,0.6124876042207082,0.7352960109710693,0.5862068965517241,0.7230304795063308,0.4444444444444444,0.0,0.0,0.0,0.0,2002,clin,0.8
3,4,lr1e-04_bs32_modL1_fusion64_fusionL1_drop0p2_trmiss80_trlocclin,32,0.0001,1,64,1,0.2,lr1e-04_bs32_modL1_fusion64_fusionL1_drop0p2_trmiss80_trlocclin,6,0.6005897720654806,0.7279969453811646,0.5969827586206896,0.7317043373456248,0.4888888888888889,0.0,0.0,0.0,0.0,2002,clin,0.8
3,4,lr1e-04_bs32_modL1_fusion64_fusionL1_drop0p2_trmiss80_trlocclin,32,0.0001,1,64,1,0.2,lr1e-04_bs32_modL1_fusion64_fusionL1_drop0p2_trmiss80_trlocclin,7,0.5984110832214355,0.7310155034065247,0.6120689655172413,0.7433066155227623,0.4666666666666667,0.0,0.0,0.0,0.0,2002,clin,0.8
3,4,lr1e-04_bs32_modL1_fusion64_fusionL1_drop0p2_trmiss80_trlocclin,32,0.0001,1,64,1,0.2,lr1e-04_bs32_modL1_fusion64_fusionL1_drop0p2_trmiss80_trlocclin,8,0.5617380638917288,0.7280590832233429,0.6099137931034482,0.7415068350622216,0.4444444444444444,0.0,0.0,0.0,0.0,2002,clin,0.8
3,4,lr1e-04_bs32_modL1_fusion64_fusionL1_drop0p2_trmiss80_trlocclin,32,0.0001,1,64,1,0.2,lr1e-04_bs32_modL1_fusion64_fusionL1_drop0p2_trmiss80_trlocclin,9,0.5419100423653921,0.7295366823673248,0.5926724137931034,0.7365376043377436,0.4888888888888889,0.0,0.0,0.0,0.0,2002,clin,0.8
3,4,lr1e-04_bs32_modL1_fusion64_fusionL1_drop0p2_trmiss80_trlocclin,32,0.0001,1,64,1,0.2,lr1e-04_bs32_modL1_fusion64_fusionL1_drop0p2_trmiss80_trlocclin,10,0.5333481331666311,0.7232176661491394,0.5969827586206896,0.740127688778045,0.5111111111111111,0.0,0.0,0.0,0.0,2002,clin,0.8
3,4,lr1e-04_bs32_modL1_fusion64_fusionL1_drop0p2_trmiss80_trlocclin,32,0.0001,1,64,1,0.2,lr1e-04_bs32_modL1_fusion64_fusionL1_drop0p2_trmiss80_trlocclin,11,0.5338238378365835,0.7235481441020966,0.603448275862069,0.7450098122445254,0.4888888888888889,0.0,0.0,0.0,0.0,2002,clin,0.8
3,4,lr1e-04_bs32_modL1_fusion64_fusionL1_drop0p2_trmiss80_trlocclin,32,0.0001,1,64,1,0.2,lr1e-04_bs32_modL1_fusion64_fusionL1_drop0p2_trmiss80_trlocclin,12,0.5451530416806539,0.7189919352531433,0.603448275862069,0.7455313257661178,0.5111111111111111,0.0,0.0,0.0,0.0,2002,clin,0.8
3,4,lr1e-04_bs32_modL1_fusion64_fusionL1_drop0p2_trmiss80_trlocclin,32,0.0001,1,64,1,0.2,lr1e-04_bs32_modL1_fusion64_fusionL1_drop0p2_trmiss80_trlocclin,13,0.5391579965750376,0.7188946902751923,0.6206896551724137,0.7569296529180489,0.4666666666666667,0.0,0.0,0.0,0.0,2002,clin,0.8
3,4,lr1e-04_bs32_modL1_fusion64_fusionL1_drop0p2_trmiss80_trlocclin,32,0.0001,1,64,1,0.2,lr1e-04_bs32_modL1_fusion64_fusionL1_drop0p2_trmiss80_trlocclin,14,0.5267480909824371,0.7177893221378326,0.6206896551724137,0.7627739803438272,0.5111111111111111,0.0,0.0,0.0,0.0,2002,clin,0.8
3,4,lr1e-04_bs32_modL1_fusion64_fusionL1_drop0p2_trmiss80_trlocclin,32,0.0001,1,64,1,0.2,lr1e-04_bs32_modL1_fusion64_fusionL1_drop0p2_trmiss80_trlocclin,15,0.5348073740800222,0.7179378569126129,0.6336206896551724,0.7701240947423562,0.5111111111111111,0.0,0.0,0.0,0.0,2002,clin,0.8
3,4,lr1e-04_bs32_modL1_fusion64_fusionL1_drop0p2_trmiss80_trlocclin,32,0.0001,1,64,1,0.2,lr1e-04_bs32_modL1_fusion64_fusionL1_drop0p2_trmiss80_trlocclin,16,0.53519440193971,0.7204322516918182,0.6443965517241379,0.7818667453930255,0.5111111111111111,0.0,0.0,0.0,0.0,2002,clin,0.8
3,4,lr1e-04_bs32_modL1_fusion64_fusionL1_drop0p2_trmiss80_trlocclin,32,0.0001,1,64,1,0.2,lr1e-04_bs32_modL1_fusion64_fusionL1_drop0p2_trmiss80_trlocclin,17,0.5095096478859583,0.7185517847537994,0.6379310344827586,0.7782436922503824,0.5111111111111111,0.0,0.0,0.0,0.0,2002,clin,0.8
3,4,lr1e-04_bs32_modL1_fusion64_fusionL1_drop0p2_trmiss80_trlocclin,32,0.0001,1,64,1,0.2,lr1e-04_bs32_modL1_fusion64_fusionL1_drop0p2_trmiss80_trlocclin,18,0.5158103555440903,0.7149388194084167,0.6314655172413792,0.7694989987506979,0.4888888888888889,0.0,0.0,0.0,0.0,2002,clin,0.8
3,4,lr1e-04_bs32_modL1_fusion64_fusionL1_drop0p2_trmiss80_trlocclin,32,0.0001,1,64,1,0.2,lr1e-04_bs32_modL1_fusion64_fusionL1_drop0p2_trmiss80_trlocclin,19,0.4947893222173055,0.7149505615234375,0.6357758620689654,0.7694750068201284,0.5111111111111111,0.0,0.0,0.0,0.0,2002,clin,0.8
3,4,lr1e-04_bs32_modL1_fusion64_fusionL1_drop0p2_trmiss80_trlocclin,32,0.0001,1,64,1,0.2,lr1e-04_bs32_modL1_fusion64_fusionL1_drop0p2_trmiss80_trlocclin,20,0.48117539286613464,0.7161972522735596,0.6400862068965517,0.7794505100330857,0.5555555555555556,0.0,0.0,0.0,0.0,2002,clin,0.8
3,4,lr1e-04_bs32_modL1_fusion64_fusionL1_drop0p2_trmiss80_trlocclin,32,0.0001,1,64,1,0.2,lr1e-04_bs32_modL1_fusion64_fusionL1_drop0p2_trmiss80_trlocclin,21,0.4900285502274831,0.7143767476081848,0.6443965517241379,0.7818979297961428,0.5555555555555556,0.0,0.0,0.0,0.0,2002,clin,0.8
3,4,lr1e-04_bs32_modL1_fusion64_fusionL1_drop0p2_trmiss80_trlocclin,32,0.0001,1,64,1,0.2,lr1e-04_bs32_modL1_fusion64_fusionL1_drop0p2_trmiss80_trlocclin,22,0.49206377069155377,0.7173373699188232,0.646551724137931,0.7853566259045666,0.5555555555555556,0.0,0.0,0.0,0.0,2002,clin,0.8
3,4,lr1e-04_bs32_modL1_fusion64_fusionL1_drop0p2_trmiss80_trlocclin,32,0.0001,1,64,1,0.2,lr1e-04_bs32_modL1_fusion64_fusionL1_drop0p2_trmiss80_trlocclin,23,0.4827327976624171,0.7135059833526611,0.6508620689655173,0.7925704657307937,0.5555555555555556,0.0,0.0,0.0,0.0,2002,clin,0.8
3,4,lr1e-04_bs32_modL1_fusion64_fusionL1_drop0p2_trmiss80_trlocclin,32,0.0001,1,64,1,0.2,lr1e-04_bs32_modL1_fusion64_fusionL1_drop0p2_trmiss80_trlocclin,24,0.482830469806989,0.716758519411087,0.6357758620689655,0.7781238437137026,0.5333333333333333,0.0,0.0,0.0,0.0,2002,clin,0.8
3,4,lr1e-04_bs32_modL1_fusion64_fusionL1_drop0p2_trmiss80_trlocclin,32,0.0001,1,64,1,0.2,lr1e-04_bs32_modL1_fusion64_fusionL1_drop0p2_trmiss80_trlocclin,25,0.4908078412214915,0.7159140706062317,0.6400862068965517,0.78693760049662,0.5555555555555556,0.0,0.0,0.0,0.0,2002,clin,0.8
3,4,lr1e-04_bs32_modL1_fusion64_fusionL1_drop0p2_trmiss80_trlocclin,32,0.0001,1,64,1,0.2,lr1e-04_bs32_modL1_fusion64_fusionL1_drop0p2_trmiss80_trlocclin,26,0.480026309688886,0.7149354219436646,0.6400862068965517,0.7866668750534809,0.5555555555555556,0.0,0.0,0.0,0.0,2002,clin,0.8
3,4,lr1e-04_bs32_modL1_fusion64_fusionL1_drop0p2_trmiss80_trlocclin,32,0.0001,1,64,1,0.2,lr1e-04_bs32_modL1_fusion64_fusionL1_drop0p2_trmiss80_trlocclin,27,0.486707145969073,0.7161254286766052,0.6379310344827586,0.7866798156850827,0.5333333333333333,0.0,0.0,0.0,0.0,2002,clin,0.8
3,4,lr1e-04_bs32_modL1_fusion64_fusionL1_drop0p2_trmiss80_trlocclin,32,0.0001,1,64,1,0.2,lr1e-04_bs32_modL1_fusion64_fusionL1_drop0p2_trmiss80_trlocclin,28,0.476252481341362,0.7135201692581177,0.6336206896551724,0.7843422242704121,0.5555555555555556,0.0,0.0,0.0,0.0,2002,clin,0.8
3,4,lr1e-04_bs32_modL1_fusion64_fusionL1_drop0p2_trmiss80_trlocclin,32,0.0001,1,64,1,0.2,lr1e-04_bs32_modL1_fusion64_fusionL1_drop0p2_trmiss80_trlocclin,29,0.47711481153964996,0.7144846618175507,0.6379310344827587,0.7858680271394101,0.5555555555555556,0.0,0.0,0.0,0.0,2002,clin,0.8
3,4,lr1e-04_bs32_modL1_fusion64_fusionL1_drop0p2_trmiss80_trlocclin,32,0.0001,1,64,1,0.2,lr1e-04_bs32_modL1_fusion64_fusionL1_drop0p2_trmiss80_trlocclin,30,0.48469677567481995,0.7170525193214417,0.6422413793103449,0.7897404224925355,0.5333333333333333,0.0,0.0,0.0,0.0,2002,clin,0.8
3,4,lr1e-04_bs32_modL1_fusion64_fusionL1_drop0p2_trmiss80_trlocclin,32,0.0001,1,64,1,0.2,lr1e-04_bs32_modL1_fusion64_fusionL1_drop0p2_trmiss80_trlocclin,31,0.4861874282360077,0.7198086977005005,0.6487068965517242,0.794017398246152,0.5333333333333333,0.0,0.0,0.0,0.0,2002,clin,0.8
3,4,lr1e-04_bs32_modL1_fusion64_fusionL1_drop0p2_trmiss80_trlocclin,32,0.0001,1,64,1,0.2,lr1e-04_bs32_modL1_fusion64_fusionL1_drop0p2_trmiss80_trlocclin,32,0.4533092528581619,0.7170897424221039,0.6508620689655172,0.7946704564042812,0.5333333333333333,0.0,0.0,0.0,0.0,2002,clin,0.8
3,4,lr1e-04_bs32_modL1_fusion64_fusionL1_drop0p2_trmiss80_trlocclin,32,0.0001,1,64,1,0.2,lr1e-04_bs32_modL1_fusion64_fusionL1_drop0p2_trmiss80_trlocclin,33,0.4749918282032013,0.7197866439819336,0.644396551724138,0.7894533427388917,0.5333333333333333,0.0,0.0,0.0,0.0,2002,clin,0.8
3,4,lr1e-04_bs32_modL1_fusion64_fusionL1_drop0p2_trmiss80_trlocclin,32,0.0001,1,64,1,0.2,lr1e-04_bs32_modL1_fusion64_fusionL1_drop0p2_trmiss80_trlocclin,34,0.48857278128465015,0.7128568291664124,0.6400862068965517,0.7864926998245061,0.5333333333333333,0.0,0.0,0.0,0.0,2002,clin,0.8
3,4,lr1e-04_bs32_modL1_fusion64_fusionL1_drop0p2_trmiss80_trlocclin,32,0.0001,1,64,1,0.2,lr1e-04_bs32_modL1_fusion64_fusionL1_drop0p2_trmiss80_trlocclin,35,0.49934503932793933,0.7124280631542206,0.6443965517241379,0.7897652754135445,0.5555555555555556,0.0,0.0,0.0,0.0,2002,clin,0.8
3,4,lr1e-04_bs32_modL1_fusion64_fusionL1_drop0p2_trmiss80_trlocclin,32,0.0001,1,64,1,0.2,lr1e-04_bs32_modL1_fusion64_fusionL1_drop0p2_trmiss80_trlocclin,36,0.4714108357826869,0.7182582318782806,0.6400862068965517,0.7881889261071586,0.5333333333333333,0.0,0.0,0.0,0.0,2002,clin,0.8
3,4,lr1e-04_bs32_modL1_fusion64_fusionL1_drop0p2_trmiss80_trlocclin,32,0.0001,1,64,1,0.2,lr1e-04_bs32_modL1_fusion64_fusionL1_drop0p2_trmiss80_trlocclin,37,0.4865684260924657,0.7196275889873505,0.6443965517241379,0.7900924079069729,0.5333333333333333,0.0,0.0,0.0,0.0,2002,clin,0.8
3,4,lr1e-04_bs32_modL1_fusion64_fusionL1_drop0p2_trmiss80_trlocclin,32,0.0001,1,64,1,0.2,lr1e-04_bs32_modL1_fusion64_fusionL1_drop0p2_trmiss80_trlocclin,38,0.4562128533919652,0.7160616815090179,0.6422413793103449,0.7932871792434619,0.5555555555555556,0.0,0.0,0.0,0.0,2002,clin,0.8
3,4,lr1e-04_bs32_modL1_fusion64_fusionL1_drop0p2_trmiss80_trlocclin,32,0.0001,1,64,1,0.2,lr1e-04_bs32_modL1_fusion64_fusionL1_drop0p2_trmiss80_trlocclin,39,0.4722479035456975,0.7146444916725159,0.6357758620689656,0.7877469903361329,0.5555555555555556,0.0,0.0,0.0,0.0,2002,clin,0.8
3,4,lr1e-04_bs32_modL1_fusion64_fusionL1_drop0p2_trmiss80_trlocclin,32,0.0001,1,64,1,0.2,lr1e-04_bs32_modL1_fusion64_fusionL1_drop0p2_trmiss80_trlocclin,40,0.4926894356807073,0.7171267867088318,0.6379310344827587,0.7883811697510259,0.5555555555555556,0.0,0.0,0.0,0.0,2002,clin,0.8
3,4,lr1e-04_bs32_modL1_fusion64_fusionL1_drop0p2_trmiss80_trlocclin,32,0.0001,1,64,1,0.2,lr1e-04_bs32_modL1_fusion64_fusionL1_drop0p2_trmiss80_trlocclin,41,0.4737162192662557,0.7157863974571228,0.6336206896551725,0.7851645310949342,0.5555555555555556,0.0,0.0,0.0,0.0,2002,clin,0.8
3,4,lr1e-04_bs32_modL1_fusion64_fusionL1_drop0p2_trmiss80_trlocclin,32,0.0001,1,64,1,0.2,lr1e-04_bs32_modL1_fusion64_fusionL1_drop0p2_trmiss80_trlocclin,42,0.4791460484266281,0.7148524224758148,0.6422413793103448,0.7925223288200482,0.5555555555555556,0.0,0.0,0.0,0.0,2002,clin,0.8
3,4,lr1e-04_bs32_modL1_fusion64_fusionL1_drop0p2_trmiss80_trlocclin,32,0.0001,1,64,1,0.2,lr1e-04_bs32_modL1_fusion64_fusionL1_drop0p2_trmiss80_trlocclin,43,0.4708891312281291,0.7168783843517303,0.6487068965517241,0.7963335131424214,0.5555555555555556,0.0,0.0,0.0,0.0,2002,clin,0.8
3,4,lr1e-04_bs32_modL1_fusion64_fusionL1_drop0p1_trmiss80_trlocclin,32,0.0001,1,64,1,0.1,lr1e-04_bs32_modL1_fusion64_fusionL1_drop0p1_trmiss80_trlocclin,1,0.6908763150374094,0.6693639755249023,0.6228448275862069,0.768574718940546,0.6444444444444445,0.0,0.0,0.0,0.0,2002,clin,0.8
3,4,lr1e-04_bs32_modL1_fusion64_fusionL1_drop0p1_trmiss80_trlocclin,32,0.0001,1,64,1,0.1,lr1e-04_bs32_modL1_fusion64_fusionL1_drop0p1_trmiss80_trlocclin,2,0.6350826720396677,0.6604203283786774,0.665948275862069,0.7868562413857503,0.6666666666666666,0.0,0.0,0.0,0.0,2002,clin,0.8
3,4,lr1e-04_bs32_modL1_fusion64_fusionL1_drop0p1_trmiss80_trlocclin,32,0.0001,1,64,1,0.1,lr1e-04_bs32_modL1_fusion64_fusionL1_drop0p1_trmiss80_trlocclin,3,0.6070860922336578,0.6528091132640839,0.6573275862068966,0.7825080446625332,0.6444444444444445,0.0,0.0,0.0,0.0,2002,clin,0.8
3,4,lr1e-04_bs32_modL1_fusion64_fusionL1_drop0p1_trmiss80_trlocclin,32,0.0001,1,64,1,0.1,lr1e-04_bs32_modL1_fusion64_fusionL1_drop0p1_trmiss80_trlocclin,4,0.5677240490913391,0.6410443782806396,0.6551724137931034,0.7829663182314519,0.6666666666666666,0.0,0.0,0.0,0.0,2002,clin,0.8
3,4,lr1e-04_bs32_modL1_fusion64_fusionL1_drop0p1_trmiss80_trlocclin,32,0.0001,1,64,1,0.1,lr1e-04_bs32_modL1_fusion64_fusionL1_drop0p1_trmiss80_trlocclin,5,0.5343828598658243,0.6330030858516693,0.6551724137931034,0.7666260402582742,0.6222222222222222,0.0,0.0,0.0,0.0,2002,clin,0.8
3,4,lr1e-04_bs32_modL1_fusion64_fusionL1_drop0p1_trmiss80_trlocclin,32,0.0001,1,64,1,0.1,lr1e-04_bs32_modL1_fusion64_fusionL1_drop0p1_trmiss80_trlocclin,6,0.5119015326102575,0.626989334821701,0.6637931034482759,0.7777795786445326,0.6222222222222222,0.0,0.0,0.0,0.0,2002,clin,0.8
3,4,lr1e-04_bs32_modL1_fusion64_fusionL1_drop0p1_trmiss80_trlocclin,32,0.0001,1,64,1,0.1,lr1e-04_bs32_modL1_fusion64_fusionL1_drop0p1_trmiss80_trlocclin,7,0.5172950426737467,0.6221525967121124,0.6573275862068966,0.7687915812748175,0.6444444444444445,0.0,0.0,0.0,0.0,2002,clin,0.8
3,4,lr1e-04_bs32_modL1_fusion64_fusionL1_drop0p1_trmiss80_trlocclin,32,0.0001,1,64,1,0.1,lr1e-04_bs32_modL1_fusion64_fusionL1_drop0p1_trmiss80_trlocclin,8,0.4963436524073283,0.616063117980957,0.6831896551724138,0.7950376632706232,0.6666666666666666,0.0,0.0,0.0,0.0,2002,clin,0.8
3,4,lr1e-04_bs32_modL1_fusion64_fusionL1_drop0p1_trmiss80_trlocclin,32,0.0001,1,64,1,0.1,lr1e-04_bs32_modL1_fusion64_fusionL1_drop0p1_trmiss80_trlocclin,9,0.45501374701658887,0.6143530309200287,0.6982758620689655,0.7993575736756676,0.6666666666666666,0.0,0.0,0.0,0.0,2002,clin,0.8
3,4,lr1e-04_bs32_modL1_fusion64_fusionL1_drop0p1_trmiss80_trlocclin,32,0.0001,1,64,1,0.1,lr1e-04_bs32_modL1_fusion64_fusionL1_drop0p1_trmiss80_trlocclin,10,0.46995899577935535,0.614745020866394,0.6875,0.7927012151257792,0.6666666666666666,0.0,0.0,0.0,0.0,2002,clin,0.8
3,4,lr1e-04_bs32_modL1_fusion64_fusionL1_drop0p1_trmiss80_trlocclin,32,0.0001,1,64,1,0.1,lr1e-04_bs32_modL1_fusion64_fusionL1_drop0p1_trmiss80_trlocclin,11,0.4421767592430115,0.6164142489433289,0.6724137931034484,0.7755109798360619,0.6222222222222222,0.0,0.0,0.0,0.0,2002,clin,0.8
3,4,lr1e-04_bs32_modL1_fusion64_fusionL1_drop0p1_trmiss80_trlocclin,32,0.0001,1,64,1,0.1,lr1e-04_bs32_modL1_fusion64_fusionL1_drop0p1_trmiss80_trlocclin,12,0.42836419741312665,0.6156005859375,0.6745689655172413,0.7763415456173856,0.6444444444444445,0.0,0.0,0.0,0.0,2002,clin,0.8
3,4,lr1e-04_bs32_modL1_fusion64_fusionL1_drop0p1_trmiss80_trlocclin,32,0.0001,1,64,1,0.1,lr1e-04_bs32_modL1_fusion64_fusionL1_drop0p1_trmiss80_trlocclin,13,0.42907456556955975,0.6140743792057037,0.6724137931034483,0.7766051927187628,0.6666666666666666,0.0,0.0,0.0,0.0,2002,clin,0.8
3,4,lr1e-04_bs32_modL1_fusion64_fusionL1_drop0p1_trmiss80_trlocclin,32,0.0001,1,64,1,0.1,lr1e-04_bs32_modL1_fusion64_fusionL1_drop0p1_trmiss80_trlocclin,14,0.398163636525472,0.6046545803546906,0.7047413793103448,0.8111572237850694,0.6888888888888889,0.0,0.0,0.0,0.0,2002,clin,0.8
3,4,lr1e-04_bs32_modL1_fusion64_fusionL1_drop0p1_trmiss80_trlocclin,32,0.0001,1,64,1,0.1,lr1e-04_bs32_modL1_fusion64_fusionL1_drop0p1_trmiss80_trlocclin,15,0.4024571826060613,0.6031569242477417,0.7004310344827587,0.8106973553268603,0.6444444444444445,0.0,0.0,0.0,0.0,2002,clin,0.8
3,4,lr1e-04_bs32_modL1_fusion64_fusionL1_drop0p1_trmiss80_trlocclin,32,0.0001,1,64,1,0.1,lr1e-04_bs32_modL1_fusion64_fusionL1_drop0p1_trmiss80_trlocclin,16,0.3778766045967738,0.6053943336009979,0.6724137931034482,0.779009752606436,0.6666666666666666,0.0,0.0,0.0,0.0,2002,clin,0.8
3,4,lr1e-04_bs32_modL1_fusion64_fusionL1_drop0p1_trmiss80_trlocclin,32,0.0001,1,64,1,0.1,lr1e-04_bs32_modL1_fusion64_fusionL1_drop0p1_trmiss80_trlocclin,17,0.361863116423289,0.605195939540863,0.6724137931034482,0.7836117979338083,0.6666666666666666,0.0,0.0,0.0,0.0,2002,clin,0.8
3,4,lr1e-04_bs32_modL1_fusion64_fusionL1_drop0p1_trmiss80_trlocclin,32,0.0001,1,64,1,0.1,lr1e-04_bs32_modL1_fusion64_fusionL1_drop0p1_trmiss80_trlocclin,18,0.35755086441834766,0.61525958776474,0.6594827586206897,0.7807615098889077,0.6444444444444445,0.0,0.0,0.0,0.0,2002,clin,0.8
3,4,lr1e-04_bs32_modL1_fusion64_fusionL1_drop0p1_trmiss80_trlocclin,32,0.0001,1,64,1,0.1,lr1e-04_bs32_modL1_fusion64_fusionL1_drop0p1_trmiss80_trlocclin,19,0.3376748313506444,0.6175027787685394,0.6508620689655173,0.7823359775332911,0.6444444444444445,0.0,0.0,0.0,0.0,2002,clin,0.8
3,4,lr1e-04_bs32_modL1_fusion64_fusionL1_drop0p1_trmiss80_trlocclin,32,0.0001,1,64,1,0.1,lr1e-04_bs32_modL1_fusion64_fusionL1_drop0p1_trmiss80_trlocclin,20,0.32335738837718964,0.6173445582389832,0.6357758620689655,0.7602242793451025,0.6222222222222222,0.0,0.0,0.0,0.0,2002,clin,0.8
3,4,lr1e-04_bs32_modL1_fusion64_fusionL1_drop0p1_trmiss80_trlocclin,32,0.0001,1,64,1,0.1,lr1e-04_bs32_modL1_fusion64_fusionL1_drop0p1_trmiss80_trlocclin,21,0.31753598153591156,0.6189557611942291,0.6530172413793103,0.7883436900472628,0.6,0.0,0.0,0.0,0.0,2002,clin,0.8
3,4,lr1e-04_bs32_modL1_fusion64_fusionL1_drop0p1_trmiss80_trlocclin,32,0.0001,1,64,1,0.1,lr1e-04_bs32_modL1_fusion64_fusionL1_drop0p1_trmiss80_trlocclin,22,0.3147824207941691,0.6212643384933472,0.6443965517241379,0.7830044153866311,0.6222222222222222,0.0,0.0,0.0,0.0,2002,clin,0.8
3,4,lr1e-04_bs32_modL1_fusion64_fusionL1_drop0p1_trmiss80_trlocclin,32,0.0001,1,64,1,0.1,lr1e-04_bs32_modL1_fusion64_fusionL1_drop0p1_trmiss80_trlocclin,23,0.307872141400973,0.6165351867675781,0.6637931034482759,0.7928738517164862,0.6222222222222222,0.0,0.0,0.0,0.0,2002,clin,0.8
3,4,lr1e-04_bs32_modL1_fusion64_fusionL1_drop0p1_trmiss80_trlocclin,32,0.0001,1,64,1,0.1,lr1e-04_bs32_modL1_fusion64_fusionL1_drop0p1_trmiss80_trlocclin,24,0.2977016220490138,0.6151822209358215,0.6573275862068966,0.7943573501653234,0.6222222222222222,0.0,0.0,0.0,0.0,2002,clin,0.8
3,4,lr1e-04_bs32_modL1_fusion64_fusionL1_drop0p1_trmiss80_trlocclin,32,0.0001,1,64,1,0.1,lr1e-04_bs32_modL1_fusion64_fusionL1_drop0p1_trmiss80_trlocclin,25,0.2942121426264445,0.6135931611061096,0.6487068965517242,0.7901721704169549,0.6,0.0,0.0,0.0,0.0,2002,clin,0.8
3,4,lr1e-04_bs32_modL1_fusion64_fusionL1_drop0p1_trmiss80_trlocclin,32,0.0001,1,64,1,0.1,lr1e-04_bs32_modL1_fusion64_fusionL1_drop0p1_trmiss80_trlocclin,26,0.2918720891078313,0.6143496334552765,0.6336206896551724,0.7835486897614355,0.6,0.0,0.0,0.0,0.0,2002,clin,0.8
3,4,lr1e-04_bs32_modL1_fusion64_fusionL1_drop0p1_trmiss80_trlocclin,32,0.0001,1,64,1,0.1,lr1e-04_bs32_modL1_fusion64_fusionL1_drop0p1_trmiss80_trlocclin,27,0.27778666218121845,0.6141927242279053,0.6357758620689655,0.7823228056256661,0.6,0.0,0.0,0.0,0.0,2002,clin,0.8
3,4,lr1e-04_bs32_modL1_fusion64_fusionL1_drop0p1_trmiss80_trlocclin,32,0.0001,1,64,1,0.1,lr1e-04_bs32_modL1_fusion64_fusionL1_drop0p1_trmiss80_trlocclin,28,0.30018370350201923,0.6186168491840363,0.6379310344827587,0.7818263149248448,0.6,0.0,0.0,0.0,0.0,2002,clin,0.8
3,4,lr1e-04_bs32_modL1_fusion64_fusionL1_drop0p1_trmiss80_trlocclin,32,0.0001,1,64,1,0.1,lr1e-04_bs32_modL1_fusion64_fusionL1_drop0p1_trmiss80_trlocclin,29,0.2817414402961731,0.6228531002998352,0.625,0.7755440317601338,0.5777777777777777,0.0,0.0,0.0,0.0,2002,clin,0.8
3,4,lr1e-04_bs32_modL1_fusion64_fusionL1_drop0p1_trmiss80_trlocclin,32,0.0001,1,64,1,0.1,lr1e-04_bs32_modL1_fusion64_fusionL1_drop0p1_trmiss80_trlocclin,30,0.2761040727297465,0.6222197115421295,0.6228448275862069,0.7706778703192063,0.5777777777777777,0.0,0.0,0.0,0.0,2002,clin,0.8
3,4,lr1e-04_bs32_modL1_fusion64_fusionL1_drop0p1_trmiss80_trlocclin,32,0.0001,1,64,1,0.1,lr1e-04_bs32_modL1_fusion64_fusionL1_drop0p1_trmiss80_trlocclin,31,0.2783503358562787,0.6238042116165161,0.6206896551724137,0.7726285178118518,0.5777777777777777,0.0,0.0,0.0,0.0,2002,clin,0.8
3,4,lr1e-04_bs32_modL1_fusion64_fusionL1_drop0p1_trmiss80_trlocclin,32,0.0001,1,64,1,0.1,lr1e-04_bs32_modL1_fusion64_fusionL1_drop0p1_trmiss80_trlocclin,32,0.2710971881945928,0.622628927230835,0.6271551724137931,0.7758331367005642,0.5777777777777777,0.0,0.0,0.0,0.0,2002,clin,0.8
3,4,lr1e-04_bs32_modL1_fusion64_fusionL1_drop0p1_trmiss80_trlocclin,32,0.0001,1,64,1,0.1,lr1e-04_bs32_modL1_fusion64_fusionL1_drop0p1_trmiss80_trlocclin,33,0.28076978027820587,0.6255671679973602,0.6293103448275862,0.7772356623131038,0.5777777777777777,0.0,0.0,0.0,0.0,2002,clin,0.8
3,4,lr1e-04_bs32_modL1_fusion64_fusionL1_drop0p1_trmiss80_trlocclin,32,0.0001,1,64,1,0.1,lr1e-04_bs32_modL1_fusion64_fusionL1_drop0p1_trmiss80_trlocclin,34,0.2723207548260689,0.6250392198562622,0.6293103448275862,0.7772356623131038,0.5777777777777777,0.0,0.0,0.0,0.0,2002,clin,0.8
3,5,lr5e-05_bs16_modL1_fusion32_fusionL1_drop0p2_trmiss80_trlocclin,16,5e-05,1,32,1,0.2,lr5e-05_bs16_modL1_fusion32_fusionL1_drop0p2_trmiss80_trlocclin,1,0.7740758210420609,0.7281102140744528,0.4913793103448275,0.6397205333681197,0.3333333333333333,0.0,0.0,0.0,0.0,2002,clin,0.8
3,5,lr5e-05_bs16_modL1_fusion32_fusionL1_drop0p2_trmiss80_trlocclin,16,5e-05,1,32,1,0.2,lr5e-05_bs16_modL1_fusion32_fusionL1_drop0p2_trmiss80_trlocclin,2,0.7345093488693237,0.7365352710088094,0.5172413793103448,0.6688925349646919,0.4222222222222222,0.0,0.0,0.0,0.0,2002,clin,0.8
3,5,lr5e-05_bs16_modL1_fusion32_fusionL1_drop0p2_trmiss80_trlocclin,16,5e-05,1,32,1,0.2,lr5e-05_bs16_modL1_fusion32_fusionL1_drop0p2_trmiss80_trlocclin,3,0.7152700622876486,0.7290001114209493,0.540948275862069,0.6904304873621203,0.4222222222222222,0.0,0.0,0.0,0.0,2002,clin,0.8
3,5,lr5e-05_bs16_modL1_fusion32_fusionL1_drop0p2_trmiss80_trlocclin,16,5e-05,1,32,1,0.2,lr5e-05_bs16_modL1_fusion32_fusionL1_drop0p2_trmiss80_trlocclin,4,0.6881076296170553,0.7160341540972391,0.5754310344827587,0.7325115315456514,0.4888888888888889,0.0,0.0,0.0,0.0,2002,clin,0.8
3,5,lr5e-05_bs16_modL1_fusion32_fusionL1_drop0p2_trmiss80_trlocclin,16,5e-05,1,32,1,0.2,lr5e-05_bs16_modL1_fusion32_fusionL1_drop0p2_trmiss80_trlocclin,5,0.6954174141089121,0.7195749680201212,0.5926724137931035,0.747919243815302,0.4888888888888889,0.0,0.0,0.0,0.0,2002,clin,0.8
3,5,lr5e-05_bs16_modL1_fusion32_fusionL1_drop0p2_trmiss80_trlocclin,16,5e-05,1,32,1,0.2,lr5e-05_bs16_modL1_fusion32_fusionL1_drop0p2_trmiss80_trlocclin,6,0.651009681324164,0.7099608182907104,0.5948275862068965,0.7506187158816732,0.5111111111111111,0.0,0.0,0.0,0.0,2002,clin,0.8
3,5,lr5e-05_bs16_modL1_fusion32_fusionL1_drop0p2_trmiss80_trlocclin,16,5e-05,1,32,1,0.2,lr5e-05_bs16_modL1_fusion32_fusionL1_drop0p2_trmiss80_trlocclin,7,0.665144219994545,0.7058930397033691,0.6142241379310345,0.7571796044915524,0.5111111111111111,0.0,0.0,0.0,0.0,2002,clin,0.8
3,5,lr5e-05_bs16_modL1_fusion32_fusionL1_drop0p2_trmiss80_trlocclin,16,5e-05,1,32,1,0.2,lr5e-05_bs16_modL1_fusion32_fusionL1_drop0p2_trmiss80_trlocclin,8,0.6255606661240259,0.7034504612286886,0.6077586206896552,0.7527908272741128,0.5111111111111111,0.0,0.0,0.0,0.0,2002,clin,0.8
3,5,lr5e-05_bs16_modL1_fusion32_fusionL1_drop0p2_trmiss80_trlocclin,16,5e-05,1,32,1,0.2,lr5e-05_bs16_modL1_fusion32_fusionL1_drop0p2_trmiss80_trlocclin,9,0.636775903403759,0.7028892238934835,0.6206896551724138,0.7669639900843671,0.5555555555555556,0.0,0.0,0.0,0.0,2002,clin,0.8
3,5,lr5e-05_bs16_modL1_fusion32_fusionL1_drop0p2_trmiss80_trlocclin,16,5e-05,1,32,1,0.2,lr5e-05_bs16_modL1_fusion32_fusionL1_drop0p2_trmiss80_trlocclin,10,0.6353666285673777,0.6907986203829447,0.6422413793103449,0.781934213031774,0.5777777777777777,0.0,0.0,0.0,0.0,2002,clin,0.8
3,5,lr5e-05_bs16_modL1_fusion32_fusionL1_drop0p2_trmiss80_trlocclin,16,5e-05,1,32,1,0.2,lr5e-05_bs16_modL1_fusion32_fusionL1_drop0p2_trmiss80_trlocclin,11,0.6172360628843307,0.6890339454015096,0.6616379310344828,0.7947428518934555,0.6,0.0,0.0,0.0,0.0,2002,clin,0.8
3,5,lr5e-05_bs16_modL1_fusion32_fusionL1_drop0p2_trmiss80_trlocclin,16,5e-05,1,32,1,0.2,lr5e-05_bs16_modL1_fusion32_fusionL1_drop0p2_trmiss80_trlocclin,12,0.6031807313362757,0.6854471564292908,0.665948275862069,0.8022980369957392,0.6,0.0,0.0,0.0,0.0,2002,clin,0.8
3,5,lr5e-05_bs16_modL1_fusion32_fusionL1_drop0p2_trmiss80_trlocclin,16,5e-05,1,32,1,0.2,lr5e-05_bs16_modL1_fusion32_fusionL1_drop0p2_trmiss80_trlocclin,13,0.618102416396141,0.6885801355044047,0.6508620689655171,0.7915090888850217,0.5777777777777777,0.0,0.0,0.0,0.0,2002,clin,0.8
3,5,lr5e-05_bs16_modL1_fusion32_fusionL1_drop0p2_trmiss80_trlocclin,16,5e-05,1,32,1,0.2,lr5e-05_bs16_modL1_fusion32_fusionL1_drop0p2_trmiss80_trlocclin,14,0.5968080461025238,0.6871680816014608,0.6508620689655172,0.780254978972991,0.5555555555555556,0.0,0.0,0.0,0.0,2002,clin,0.8
3,5,lr5e-05_bs16_modL1_fusion32_fusionL1_drop0p2_trmiss80_trlocclin,16,5e-05,1,32,1,0.2,lr5e-05_bs16_modL1_fusion32_fusionL1_drop0p2_trmiss80_trlocclin,15,0.5877494712670644,0.6874224742253622,0.665948275862069,0.7975492029939127,0.5555555555555556,0.0,0.0,0.0,0.0,2002,clin,0.8
3,5,lr5e-05_bs16_modL1_fusion32_fusionL1_drop0p2_trmiss80_trlocclin,16,5e-05,1,32,1,0.2,lr5e-05_bs16_modL1_fusion32_fusionL1_drop0p2_trmiss80_trlocclin,16,0.5827949643135071,0.6863487760225931,0.6616379310344828,0.7793265457755781,0.5777777777777777,0.0,0.0,0.0,0.0,2002,clin,0.8
3,5,lr5e-05_bs16_modL1_fusion32_fusionL1_drop0p2_trmiss80_trlocclin,16,5e-05,1,32,1,0.2,lr5e-05_bs16_modL1_fusion32_fusionL1_drop0p2_trmiss80_trlocclin,17,0.5441451122363409,0.6826750238736471,0.6788793103448276,0.8156966313566327,0.5333333333333333,0.0,0.0,0.0,0.0,2002,clin,0.8
3,5,lr5e-05_bs16_modL1_fusion32_fusionL1_drop0p2_trmiss80_trlocclin,16,5e-05,1,32,1,0.2,lr5e-05_bs16_modL1_fusion32_fusionL1_drop0p2_trmiss80_trlocclin,18,0.5602675427993139,0.6806783676147461,0.6681034482758621,0.808425575039355,0.5333333333333333,0.0,0.0,0.0,0.0,2002,clin,0.8
3,5,lr5e-05_bs16_modL1_fusion32_fusionL1_drop0p2_trmiss80_trlocclin,16,5e-05,1,32,1,0.2,lr5e-05_bs16_modL1_fusion32_fusionL1_drop0p2_trmiss80_trlocclin,19,0.5503816232085228,0.6710904439290365,0.6875,0.8159516587563642,0.6222222222222222,0.0,0.0,0.0,0.0,2002,clin,0.8
3,5,lr5e-05_bs16_modL1_fusion32_fusionL1_drop0p2_trmiss80_trlocclin,16,5e-05,1,32,1,0.2,lr5e-05_bs16_modL1_fusion32_fusionL1_drop0p2_trmiss80_trlocclin,20,0.545695590476195,0.6666590571403503,0.6659482758620691,0.7996102694771385,0.6222222222222222,0.0,0.0,0.0,0.0,2002,clin,0.8
3,5,lr5e-05_bs16_modL1_fusion32_fusionL1_drop0p2_trmiss80_trlocclin,16,5e-05,1,32,1,0.2,lr5e-05_bs16_modL1_fusion32_fusionL1_drop0p2_trmiss80_trlocclin,21,0.532168614367644,0.6678429047266642,0.6810344827586207,0.8081922211022197,0.6222222222222222,0.0,0.0,0.0,0.0,2002,clin,0.8
3,5,lr5e-05_bs16_modL1_fusion32_fusionL1_drop0p2_trmiss80_trlocclin,16,5e-05,1,32,1,0.2,lr5e-05_bs16_modL1_fusion32_fusionL1_drop0p2_trmiss80_trlocclin,22,0.526156596839428,0.6674386064211527,0.6702586206896551,0.804141480954109,0.6,0.0,0.0,0.0,0.0,2002,clin,0.8
3,5,lr5e-05_bs16_modL1_fusion32_fusionL1_drop0p2_trmiss80_trlocclin,16,5e-05,1,32,1,0.2,lr5e-05_bs16_modL1_fusion32_fusionL1_drop0p2_trmiss80_trlocclin,23,0.5393650556604067,0.6792670488357544,0.6573275862068967,0.7911277095443977,0.6,0.0,0.0,0.0,0.0,2002,clin,0.8
3,5,lr5e-05_bs16_modL1_fusion32_fusionL1_drop0p2_trmiss80_trlocclin,16,5e-05,1,32,1,0.2,lr5e-05_bs16_modL1_fusion32_fusionL1_drop0p2_trmiss80_trlocclin,24,0.4995197107394536,0.6786108811696371,0.6573275862068966,0.7838687037664042,0.6,0.0,0.0,0.0,0.0,2002,clin,0.8
3,5,lr5e-05_bs16_modL1_fusion32_fusionL1_drop0p2_trmiss80_trlocclin,16,5e-05,1,32,1,0.2,lr5e-05_bs16_modL1_fusion32_fusionL1_drop0p2_trmiss80_trlocclin,25,0.5101790030797323,0.6798960566520691,0.6616379310344828,0.804886434891519,0.5555555555555556,0.0,0.0,0.0,0.0,2002,clin,0.8
3,5,lr5e-05_bs16_modL1_fusion32_fusionL1_drop0p2_trmiss80_trlocclin,16,5e-05,1,32,1,0.2,lr5e-05_bs16_modL1_fusion32_fusionL1_drop0p2_trmiss80_trlocclin,26,0.503391370177269,0.6821416020393372,0.6357758620689654,0.7724680675523904,0.5777777777777777,0.0,0.0,0.0,0.0,2002,clin,0.8
3,5,lr5e-05_bs16_modL1_fusion32_fusionL1_drop0p2_trmiss80_trlocclin,16,5e-05,1,32,1,0.2,lr5e-05_bs16_modL1_fusion32_fusionL1_drop0p2_trmiss80_trlocclin,27,0.511180691421032,0.6724736094474792,0.6530172413793103,0.7855117815377871,0.6,0.0,0.0,0.0,0.0,2002,clin,0.8
3,5,lr5e-05_bs16_modL1_fusion32_fusionL1_drop0p2_trmiss80_trlocclin,16,5e-05,1,32,1,0.2,lr5e-05_bs16_modL1_fusion32_fusionL1_drop0p2_trmiss80_trlocclin,28,0.5238988002141317,0.6762616634368896,0.6594827586206897,0.7893156338057253,0.6,0.0,0.0,0.0,0.0,2002,clin,0.8
3,5,lr5e-05_bs16_modL1_fusion32_fusionL1_drop0p2_trmiss80_trlocclin,16,5e-05,1,32,1,0.2,lr5e-05_bs16_modL1_fusion32_fusionL1_drop0p2_trmiss80_trlocclin,29,0.5005492394169172,0.6618159810702006,0.665948275862069,0.7957048277956528,0.6666666666666666,0.0,0.0,0.0,0.0,2002,clin,0.8
3,5,lr5e-05_bs16_modL1_fusion32_fusionL1_drop0p2_trmiss80_trlocclin,16,5e-05,1,32,1,0.2,lr5e-05_bs16_modL1_fusion32_fusionL1_drop0p2_trmiss80_trlocclin,30,0.4875401630997658,0.6648920575777689,0.6745689655172414,0.794846474927081,0.6222222222222222,0.0,0.0,0.0,0.0,2002,clin,0.8
3,5,lr5e-05_bs16_modL1_fusion32_fusionL1_drop0p2_trmiss80_trlocclin,16,5e-05,1,32,1,0.2,lr5e-05_bs16_modL1_fusion32_fusionL1_drop0p2_trmiss80_trlocclin,31,0.46819958587487537,0.6640695929527283,0.6681034482758621,0.7897390139779211,0.6222222222222222,0.0,0.0,0.0,0.0,2002,clin,0.8
3,5,lr5e-05_bs16_modL1_fusion32_fusionL1_drop0p2_trmiss80_trlocclin,16,5e-05,1,32,1,0.2,lr5e-05_bs16_modL1_fusion32_fusionL1_drop0p2_trmiss80_trlocclin,32,0.46294092883666355,0.6726982394854227,0.6551724137931035,0.7767517452329236,0.6,0.0,0.0,0.0,0.0,2002,clin,0.8
3,5,lr5e-05_bs16_modL1_fusion32_fusionL1_drop0p2_trmiss80_trlocclin,16,5e-05,1,32,1,0.2,lr5e-05_bs16_modL1_fusion32_fusionL1_drop0p2_trmiss80_trlocclin,33,0.45518704255421955,0.6684657136599222,0.668103448275862,0.7891114207328694,0.6,0.0,0.0,0.0,0.0,2002,clin,0.8
3,5,lr5e-05_bs16_modL1_fusion32_fusionL1_drop0p2_trmiss80_trlocclin,16,5e-05,1,32,1,0.2,lr5e-05_bs16_modL1_fusion32_fusionL1_drop0p2_trmiss80_trlocclin,34,0.48310718685388565,0.6776402791341146,0.6594827586206896,0.7793041881526105,0.5777777777777777,0.0,0.0,0.0,0.0,2002,clin,0.8
3,5,lr5e-05_bs16_modL1_fusion32_fusionL1_drop0p2_trmiss80_trlocclin,16,5e-05,1,32,1,0.2,lr5e-05_bs16_modL1_fusion32_fusionL1_drop0p2_trmiss80_trlocclin,35,0.4654826795061429,0.6652422944704691,0.6767241379310345,0.7871970673531797,0.6,0.0,0.0,0.0,0.0,2002,clin,0.8
3,5,lr5e-05_bs16_modL1_fusion32_fusionL1_drop0p2_trmiss80_trlocclin,16,5e-05,1,32,1,0.2,lr5e-05_bs16_modL1_fusion32_fusionL1_drop0p2_trmiss80_trlocclin,36,0.4703120191891988,0.6673313975334167,0.6573275862068965,0.7853025378601396,0.6222222222222222,0.0,0.0,0.0,0.0,2002,clin,0.8
3,5,lr5e-05_bs16_modL1_fusion32_fusionL1_drop0p2_trmiss80_trlocclin,16,5e-05,1,32,1,0.2,lr5e-05_bs16_modL1_fusion32_fusionL1_drop0p2_trmiss80_trlocclin,37,0.4702606648206711,0.6697137157122294,0.6594827586206896,0.7869188475139747,0.6222222222222222,0.0,0.0,0.0,0.0,2002,clin,0.8
3,5,lr5e-05_bs16_modL1_fusion32_fusionL1_drop0p2_trmiss80_trlocclin,16,5e-05,1,32,1,0.2,lr5e-05_bs16_modL1_fusion32_fusionL1_drop0p2_trmiss80_trlocclin,38,0.4622177754839261,0.6725749572118124,0.6637931034482758,0.7873622211660257,0.6222222222222222,0.0,0.0,0.0,0.0,2002,clin,0.8
3,5,lr5e-05_bs16_modL1_fusion32_fusionL1_drop0p2_trmiss80_trlocclin,16,5e-05,1,32,1,0.2,lr5e-05_bs16_modL1_fusion32_fusionL1_drop0p2_trmiss80_trlocclin,39,0.46318403879801434,0.6781560778617859,0.6508620689655172,0.7763583135916081,0.6,0.0,0.0,0.0,0.0,2002,clin,0.8
3,5,lr5e-05_bs16_modL1_fusion32_fusionL1_drop0p1_trmiss80_trlocclin,16,5e-05,1,32,1,0.1,lr5e-05_bs16_modL1_fusion32_fusionL1_drop0p1_trmiss80_trlocclin,1,0.7862355262041092,0.7300736506779989,0.41163793103448276,0.6371096255718615,0.4222222222222222,0.0,0.0,0.0,0.0,2002,clin,0.8
3,5,lr5e-05_bs16_modL1_fusion32_fusionL1_drop0p1_trmiss80_trlocclin,16,5e-05,1,32,1,0.1,lr5e-05_bs16_modL1_fusion32_fusionL1_drop0p1_trmiss80_trlocclin,2,0.7318522582451502,0.7379182577133179,0.41810344827586204,0.6610813955175474,0.37777777777777777,0.0,0.0,0.0,0.0,2002,clin,0.8
3,5,lr5e-05_bs16_modL1_fusion32_fusionL1_drop0p1_trmiss80_trlocclin,16,5e-05,1,32,1,0.1,lr5e-05_bs16_modL1_fusion32_fusionL1_drop0p1_trmiss80_trlocclin,3,0.7091859380404154,0.7432122031847636,0.4245689655172413,0.6332890699842952,0.3333333333333333,0.0,0.0,0.0,0.0,2002,clin,0.8
3,5,lr5e-05_bs16_modL1_fusion32_fusionL1_drop0p1_trmiss80_trlocclin,16,5e-05,1,32,1,0.1,lr5e-05_bs16_modL1_fusion32_fusionL1_drop0p1_trmiss80_trlocclin,4,0.6742487053076426,0.7368884285291036,0.45474137931034486,0.6514650959156676,0.4,0.0,0.0,0.0,0.0,2002,clin,0.8
3,5,lr5e-05_bs16_modL1_fusion32_fusionL1_drop0p1_trmiss80_trlocclin,16,5e-05,1,32,1,0.1,lr5e-05_bs16_modL1_fusion32_fusionL1_drop0p1_trmiss80_trlocclin,5,0.6700993180274963,0.7321061293284098,0.4827586206896552,0.6598705573333907,0.4444444444444444,0.0,0.0,0.0,0.0,2002,clin,0.8
3,5,lr5e-05_bs16_modL1_fusion32_fusionL1_drop0p1_trmiss80_trlocclin,16,5e-05,1,32,1,0.1,lr5e-05_bs16_modL1_fusion32_fusionL1_drop0p1_trmiss80_trlocclin,6,0.6404147495826086,0.7310240268707275,0.48060344827586204,0.6648447926275278,0.4444444444444444,0.0,0.0,0.0,0.0,2002,clin,0.8
3,5,lr5e-05_bs16_modL1_fusion32_fusionL1_drop0p1_trmiss80_trlocclin,16,5e-05,1,32,1,0.1,lr5e-05_bs16_modL1_fusion32_fusionL1_drop0p1_trmiss80_trlocclin,7,0.6394969721635183,0.7267879843711853,0.4827586206896552,0.6574892900700653,0.4666666666666667,0.0,0.0,0.0,0.0,2002,clin,0.8
3,5,lr5e-05_bs16_modL1_fusion32_fusionL1_drop0p1_trmiss80_trlocclin,16,5e-05,1,32,1,0.1,lr5e-05_bs16_modL1_fusion32_fusionL1_drop0p1_trmiss80_trlocclin,8,0.6061972479025522,0.7224335471789042,0.5172413793103449,0.6833628768903568,0.5111111111111111,0.0,0.0,0.0,0.0,2002,clin,0.8
3,5,lr5e-05_bs16_modL1_fusion32_fusionL1_drop0p1_trmiss80_trlocclin,16,5e-05,1,32,1,0.1,lr5e-05_bs16_modL1_fusion32_fusionL1_drop0p1_trmiss80_trlocclin,9,0.602508137623469,0.7173859477043152,0.5129310344827587,0.6709614377793521,0.5111111111111111,0.0,0.0,0.0,0.0,2002,clin,0.8
3,5,lr5e-05_bs16_modL1_fusion32_fusionL1_drop0p1_trmiss80_trlocclin,16,5e-05,1,32,1,0.1,lr5e-05_bs16_modL1_fusion32_fusionL1_drop0p1_trmiss80_trlocclin,10,0.5894996399680773,0.7313026984532675,0.4978448275862069,0.6607853623616666,0.5111111111111111,0.0,0.0,0.0,0.0,2002,clin,0.8
3,5,lr5e-05_bs16_modL1_fusion32_fusionL1_drop0p1_trmiss80_trlocclin,16,5e-05,1,32,1,0.1,lr5e-05_bs16_modL1_fusion32_fusionL1_drop0p1_trmiss80_trlocclin,11,0.5961520299315453,0.7311991254488627,0.502155172413793,0.6947551945551828,0.5111111111111111,0.0,0.0,0.0,0.0,2002,clin,0.8
3,5,lr5e-05_bs16_modL1_fusion32_fusionL1_drop0p1_trmiss80_trlocclin,16,5e-05,1,32,1,0.1,lr5e-05_bs16_modL1_fusion32_fusionL1_drop0p1_trmiss80_trlocclin,12,0.5599487846096357,0.7236278057098389,0.5064655172413793,0.7108464317593047,0.5111111111111111,0.0,0.0,0.0,0.0,2002,clin,0.8
3,5,lr5e-05_bs16_modL1_fusion32_fusionL1_drop0p1_trmiss80_trlocclin,16,5e-05,1,32,1,0.1,lr5e-05_bs16_modL1_fusion32_fusionL1_drop0p1_trmiss80_trlocclin,13,0.5932037457823753,0.7188337047894796,0.5301724137931034,0.7115524425648992,0.5111111111111111,0.0,0.0,0.0,0.0,2002,clin,0.8
3,5,lr5e-05_bs16_modL1_fusion32_fusionL1_drop0p1_trmiss80_trlocclin,16,5e-05,1,32,1,0.1,lr5e-05_bs16_modL1_fusion32_fusionL1_drop0p1_trmiss80_trlocclin,14,0.5462113122145335,0.7165099779764811,0.5495689655172414,0.712348430657247,0.5555555555555556,0.0,0.0,0.0,0.0,2002,clin,0.8
3,5,lr5e-05_bs16_modL1_fusion32_fusionL1_drop0p1_trmiss80_trlocclin,16,5e-05,1,32,1,0.1,lr5e-05_bs16_modL1_fusion32_fusionL1_drop0p1_trmiss80_trlocclin,15,0.5152675782640775,0.7134315570195516,0.5581896551724138,0.7202126919701438,0.5777777777777777,0.0,0.0,0.0,0.0,2002,clin,0.8
3,5,lr5e-05_bs16_modL1_fusion32_fusionL1_drop0p1_trmiss80_trlocclin,16,5e-05,1,32,1,0.1,lr5e-05_bs16_modL1_fusion32_fusionL1_drop0p1_trmiss80_trlocclin,16,0.5329128180940946,0.7076044877370199,0.5625,0.7240955753059802,0.6,0.0,0.0,0.0,0.0,2002,clin,0.8
3,5,lr5e-05_bs16_modL1_fusion32_fusionL1_drop0p1_trmiss80_trlocclin,16,5e-05,1,32,1,0.1,lr5e-05_bs16_modL1_fusion32_fusionL1_drop0p1_trmiss80_trlocclin,17,0.5142969042062759,0.7024437387784322,0.5258620689655172,0.7010406840390241,0.5333333333333333,0.0,0.0,0.0,0.0,2002,clin,0.8
3,5,lr5e-05_bs16_modL1_fusion32_fusionL1_drop0p1_trmiss80_trlocclin,16,5e-05,1,32,1,0.1,lr5e-05_bs16_modL1_fusion32_fusionL1_drop0p1_trmiss80_trlocclin,18,0.5112887372573217,0.7122915585835775,0.5193965517241379,0.6960472687823082,0.4666666666666667,0.0,0.0,0.0,0.0,2002,clin,0.8
3,5,lr5e-05_bs16_modL1_fusion32_fusionL1_drop0p1_trmiss80_trlocclin,16,5e-05,1,32,1,0.1,lr5e-05_bs16_modL1_fusion32_fusionL1_drop0p1_trmiss80_trlocclin,19,0.5009022280573845,0.7153729796409607,0.5172413793103449,0.6854354305575305,0.4888888888888889,0.0,0.0,0.0,0.0,2002,clin,0.8
3,5,lr5e-05_bs16_modL1_fusion32_fusionL1_drop0p1_trmiss80_trlocclin,16,5e-05,1,32,1,0.1,lr5e-05_bs16_modL1_fusion32_fusionL1_drop0p1_trmiss80_trlocclin,20,0.50665133446455,0.7129820783933004,0.5387931034482759,0.6967845505314159,0.4888888888888889,0.0,0.0,0.0,0.0,2002,clin,0.8
3,5,lr5e-05_bs16_modL1_fusion32_fusionL1_drop0p1_trmiss80_trlocclin,16,5e-05,1,32,1,0.1,lr5e-05_bs16_modL1_fusion32_fusionL1_drop0p1_trmiss80_trlocclin,21,0.48960792521635693,0.706062893072764,0.5452586206896551,0.698923966376086,0.5333333333333333,0.0,0.0,0.0,0.0,2002,clin,0.8
3,5,lr5e-05_bs16_modL1_fusion32_fusionL1_drop0p1_trmiss80_trlocclin,16,5e-05,1,32,1,0.1,lr5e-05_bs16_modL1_fusion32_fusionL1_drop0p1_trmiss80_trlocclin,22,0.5352411096294721,0.7175228993097941,0.5431034482758621,0.7015536986365785,0.4888888888888889,0.0,0.0,0.0,0.0,2002,clin,0.8
3,5,lr5e-05_bs16_modL1_fusion32_fusionL1_drop0p1_trmiss80_trlocclin,16,5e-05,1,32,1,0.1,lr5e-05_bs16_modL1_fusion32_fusionL1_drop0p1_trmiss80_trlocclin,23,0.4814611425002416,0.7116458614667257,0.5344827586206896,0.6965263540092569,0.5111111111111111,0.0,0.0,0.0,0.0,2002,clin,0.8
3,5,lr5e-05_bs16_modL1_fusion32_fusionL1_drop0p1_trmiss80_trlocclin,16,5e-05,1,32,1,0.1,lr5e-05_bs16_modL1_fusion32_fusionL1_drop0p1_trmiss80_trlocclin,24,0.4680156831940015,0.7187700470288595,0.5323275862068966,0.7029575875958601,0.5333333333333333,0.0,0.0,0.0,0.0,2002,clin,0.8
3,5,lr5e-05_bs16_modL1_fusion32_fusionL1_drop0p1_trmiss80_trlocclin,16,5e-05,1,32,1,0.1,lr5e-05_bs16_modL1_fusion32_fusionL1_drop0p1_trmiss80_trlocclin,25,0.4624594797690709,0.7104138135910034,0.5237068965517241,0.6869077397382988,0.5555555555555556,0.0,0.0,0.0,0.0,2002,clin,0.8
3,5,lr5e-05_bs16_modL1_fusion32_fusionL1_drop0p1_trmiss80_trlocclin,16,5e-05,1,32,1,0.1,lr5e-05_bs16_modL1_fusion32_fusionL1_drop0p1_trmiss80_trlocclin,26,0.45942044754823047,0.7203505039215088,0.5344827586206896,0.6925615393370008,0.5111111111111111,0.0,0.0,0.0,0.0,2002,clin,0.8
3,5,lr5e-05_bs16_modL1_fusion32_fusionL1_drop0p1_trmiss80_trlocclin,16,5e-05,1,32,1,0.1,lr5e-05_bs16_modL1_fusion32_fusionL1_drop0p1_trmiss80_trlocclin,27,0.48523136228322983,0.7197417219479879,0.5344827586206897,0.7039081537252904,0.5555555555555556,0.0,0.0,0.0,0.0,2002,clin,0.8
3,5,lr5e-05_bs16_modL1_fusion32_fusionL1_drop0p1_trmiss80_trlocclin,16,5e-05,1,32,1,0.1,lr5e-05_bs16_modL1_fusion32_fusionL1_drop0p1_trmiss80_trlocclin,28,0.4714868366718292,0.7272301117579142,0.5344827586206897,0.7053806971535276,0.5555555555555556,0.0,0.0,0.0,0.0,2002,clin,0.8
3,5,lr5e-05_bs16_modL1_fusion32_fusionL1_drop0p1_trmiss80_trlocclin,16,5e-05,1,32,1,0.1,lr5e-05_bs16_modL1_fusion32_fusionL1_drop0p1_trmiss80_trlocclin,29,0.45625127106904984,0.7291983366012573,0.5323275862068965,0.705522644082413,0.5111111111111111,0.0,0.0,0.0,0.0,2002,clin,0.8
3,5,lr5e-05_bs16_modL1_fusion32_fusionL1_drop0p1_trmiss80_trlocclin,16,5e-05,1,32,1,0.1,lr5e-05_bs16_modL1_fusion32_fusionL1_drop0p1_trmiss80_trlocclin,30,0.45475000888109207,0.7298459013303121,0.521551724137931,0.7038269976757875,0.5111111111111111,0.0,0.0,0.0,0.0,2002,clin,0.8
3,5,lr5e-05_bs16_modL1_fusion32_fusionL1_drop0p1_trmiss80_trlocclin,16,5e-05,1,32,1,0.1,lr5e-05_bs16_modL1_fusion32_fusionL1_drop0p1_trmiss80_trlocclin,31,0.4448423683643341,0.7269958058993021,0.5129310344827586,0.7025998819075933,0.5777777777777777,0.0,0.0,0.0,0.0,2002,clin,0.8
3,5,lr5e-05_bs16_modL1_fusion32_fusionL1_drop0p1_trmiss80_trlocclin,16,5e-05,1,32,1,0.1,lr5e-05_bs16_modL1_fusion32_fusionL1_drop0p1_trmiss80_trlocclin,32,0.4320009226600329,0.7310255169868469,0.5107758620689654,0.6995495478428232,0.5333333333333333,0.0,0.0,0.0,0.0,2002,clin,0.8
3,5,lr5e-05_bs16_modL1_fusion32_fusionL1_drop0p1_trmiss80_trlocclin,16,5e-05,1,32,1,0.1,lr5e-05_bs16_modL1_fusion32_fusionL1_drop0p1_trmiss80_trlocclin,33,0.43886596461137134,0.7268429398536682,0.5258620689655172,0.7006884725706385,0.5777777777777777,0.0,0.0,0.0,0.0,2002,clin,0.8
3,5,lr5e-05_bs16_modL1_fusion32_fusionL1_drop0p1_trmiss80_trlocclin,16,5e-05,1,32,1,0.1,lr5e-05_bs16_modL1_fusion32_fusionL1_drop0p1_trmiss80_trlocclin,34,0.44780920445919037,0.730604867140452,0.5344827586206896,0.7069531244007278,0.5111111111111111,0.0,0.0,0.0,0.0,2002,clin,0.8
3,5,lr5e-05_bs16_modL1_fusion32_fusionL1_drop0p1_trmiss80_trlocclin,16,5e-05,1,32,1,0.1,lr5e-05_bs16_modL1_fusion32_fusionL1_drop0p1_trmiss80_trlocclin,35,0.4308525025844574,0.7281495730082194,0.521551724137931,0.6954074498455742,0.5555555555555556,0.0,0.0,0.0,0.0,2002,clin,0.8
3,5,lr5e-05_bs16_modL1_fusion32_fusionL1_drop0p1_trmiss80_trlocclin,16,5e-05,1,32,1,0.1,lr5e-05_bs16_modL1_fusion32_fusionL1_drop0p1_trmiss80_trlocclin,36,0.42833135773738223,0.7179293433825175,0.5280172413793104,0.6996386311951325,0.6222222222222222,0.0,0.0,0.0,0.0,2002,clin,0.8
3,5,lr5e-05_bs16_modL1_fusion64_fusionL1_drop0p2_trmiss80_trlocclin,16,5e-05,1,64,1,0.2,lr5e-05_bs16_modL1_fusion64_fusionL1_drop0p2_trmiss80_trlocclin,1,0.6705093532800674,0.6640496253967285,0.6875000000000001,0.8153797481542397,0.6222222222222222,0.0,0.0,0.0,0.0,2002,clin,0.8
3,5,lr5e-05_bs16_modL1_fusion64_fusionL1_drop0p2_trmiss80_trlocclin,16,5e-05,1,64,1,0.2,lr5e-05_bs16_modL1_fusion64_fusionL1_drop0p2_trmiss80_trlocclin,2,0.6479112605253855,0.6457897226015726,0.6616379310344828,0.7887470455433973,0.5777777777777777,0.0,0.0,0.0,0.0,2002,clin,0.8
3,5,lr5e-05_bs16_modL1_fusion64_fusionL1_drop0p2_trmiss80_trlocclin,16,5e-05,1,64,1,0.2,lr5e-05_bs16_modL1_fusion64_fusionL1_drop0p2_trmiss80_trlocclin,3,0.6323346098264059,0.6322916348775228,0.6918103448275862,0.8080163437946241,0.6222222222222222,0.0,0.0,0.0,0.0,2002,clin,0.8
3,5,lr5e-05_bs16_modL1_fusion64_fusionL1_drop0p2_trmiss80_trlocclin,16,5e-05,1,64,1,0.2,lr5e-05_bs16_modL1_fusion64_fusionL1_drop0p2_trmiss80_trlocclin,4,0.616850808262825,0.6290314594904581,0.6961206896551724,0.8187608345421588,0.6,0.0,0.0,0.0,0.0,2002,clin,0.8
3,5,lr5e-05_bs16_modL1_fusion64_fusionL1_drop0p2_trmiss80_trlocclin,16,5e-05,1,64,1,0.2,lr5e-05_bs16_modL1_fusion64_fusionL1_drop0p2_trmiss80_trlocclin,5,0.5868762582540512,0.6299598813056946,0.7047413793103448,0.82835563266952,0.5777777777777777,0.0,0.0,0.0,0.0,2002,clin,0.8
3,5,lr5e-05_bs16_modL1_fusion64_fusionL1_drop0p2_trmiss80_trlocclin,16,5e-05,1,64,1,0.2,lr5e-05_bs16_modL1_fusion64_fusionL1_drop0p2_trmiss80_trlocclin,6,0.5844358454147974,0.6315837105115255,0.7004310344827587,0.8249523852100746,0.5777777777777777,0.0,0.0,0.0,0.0,2002,clin,0.8
3,5,lr5e-05_bs16_modL1_fusion64_fusionL1_drop0p2_trmiss80_trlocclin,16,5e-05,1,64,1,0.2,lr5e-05_bs16_modL1_fusion64_fusionL1_drop0p2_trmiss80_trlocclin,7,0.5750989764928818,0.6298091808954874,0.7025862068965518,0.8225620661734002,0.6,0.0,0.0,0.0,0.0,2002,clin,0.8
3,5,lr5e-05_bs16_modL1_fusion64_fusionL1_drop0p2_trmiss80_trlocclin,16,5e-05,1,64,1,0.2,lr5e-05_bs16_modL1_fusion64_fusionL1_drop0p2_trmiss80_trlocclin,8,0.5451063240567843,0.6287621061007181,0.7047413793103449,0.8220941687855515,0.6,0.0,0.0,0.0,0.0,2002,clin,0.8
3,5,lr5e-05_bs16_modL1_fusion64_fusionL1_drop0p2_trmiss80_trlocclin,16,5e-05,1,64,1,0.2,lr5e-05_bs16_modL1_fusion64_fusionL1_drop0p2_trmiss80_trlocclin,9,0.5446169674396515,0.627419630686442,0.7133620689655172,0.8233463839903145,0.6,0.0,0.0,0.0,0.0,2002,clin,0.8
3,5,lr5e-05_bs16_modL1_fusion64_fusionL1_drop0p2_trmiss80_trlocclin,16,5e-05,1,64,1,0.2,lr5e-05_bs16_modL1_fusion64_fusionL1_drop0p2_trmiss80_trlocclin,10,0.5330594480037689,0.6276111801465353,0.709051724137931,0.8213943936243865,0.6,0.0,0.0,0.0,0.0,2002,clin,0.8
3,5,lr5e-05_bs16_modL1_fusion64_fusionL1_drop0p2_trmiss80_trlocclin,16,5e-05,1,64,1,0.2,lr5e-05_bs16_modL1_fusion64_fusionL1_drop0p2_trmiss80_trlocclin,11,0.5110248426596323,0.6180283824602762,0.7370689655172413,0.8468111895232964,0.6,0.0,0.0,0.0,0.0,2002,clin,0.8
3,5,lr5e-05_bs16_modL1_fusion64_fusionL1_drop0p2_trmiss80_trlocclin,16,5e-05,1,64,1,0.2,lr5e-05_bs16_modL1_fusion64_fusionL1_drop0p2_trmiss80_trlocclin,12,0.53093088666598,0.6135182778040568,0.7413793103448275,0.8472022093021832,0.6,0.0,0.0,0.0,0.0,2002,clin,0.8
3,5,lr5e-05_bs16_modL1_fusion64_fusionL1_drop0p2_trmiss80_trlocclin,16,5e-05,1,64,1,0.2,lr5e-05_bs16_modL1_fusion64_fusionL1_drop0p2_trmiss80_trlocclin,13,0.5000053470333418,0.6144161621729533,0.7327586206896552,0.8369112595042798,0.6,0.0,0.0,0.0,0.0,2002,clin,0.8
3,5,lr5e-05_bs16_modL1_fusion64_fusionL1_drop0p2_trmiss80_trlocclin,16,5e-05,1,64,1,0.2,lr5e-05_bs16_modL1_fusion64_fusionL1_drop0p2_trmiss80_trlocclin,14,0.5084723283847173,0.6129640340805054,0.7521551724137931,0.8515976391833556,0.6,0.0,0.0,0.0,0.0,2002,clin,0.8
3,5,lr5e-05_bs16_modL1_fusion64_fusionL1_drop0p2_trmiss80_trlocclin,16,5e-05,1,64,1,0.2,lr5e-05_bs16_modL1_fusion64_fusionL1_drop0p2_trmiss80_trlocclin,15,0.5050383706887563,0.613923986752828,0.7543103448275861,0.8587275541208294,0.6444444444444445,0.0,0.0,0.0,0.0,2002,clin,0.8
3,5,lr5e-05_bs16_modL1_fusion64_fusionL1_drop0p2_trmiss80_trlocclin,16,5e-05,1,64,1,0.2,lr5e-05_bs16_modL1_fusion64_fusionL1_drop0p2_trmiss80_trlocclin,16,0.490005982418855,0.6099252104759216,0.75,0.8577071069615785,0.6222222222222222,0.0,0.0,0.0,0.0,2002,clin,0.8
3,5,lr5e-05_bs16_modL1_fusion64_fusionL1_drop0p2_trmiss80_trlocclin,16,5e-05,1,64,1,0.2,lr5e-05_bs16_modL1_fusion64_fusionL1_drop0p2_trmiss80_trlocclin,17,0.49413125962018967,0.6114382147789001,0.7543103448275861,0.8594132837912191,0.6444444444444445,0.0,0.0,0.0,0.0,2002,clin,0.8
3,5,lr5e-05_bs16_modL1_fusion64_fusionL1_drop0p2_trmiss80_trlocclin,16,5e-05,1,64,1,0.2,lr5e-05_bs16_modL1_fusion64_fusionL1_drop0p2_trmiss80_trlocclin,18,0.4908170650402705,0.6112005313237509,0.7564655172413792,0.858942651996166,0.6888888888888889,0.0,0.0,0.0,0.0,2002,clin,0.8
3,5,lr5e-05_bs16_modL1_fusion64_fusionL1_drop0p2_trmiss80_trlocclin,16,5e-05,1,64,1,0.2,lr5e-05_bs16_modL1_fusion64_fusionL1_drop0p2_trmiss80_trlocclin,19,0.4748022009929021,0.6178552110989889,0.7435344827586206,0.8505709620029456,0.6666666666666666,0.0,0.0,0.0,0.0,2002,clin,0.8
3,5,lr5e-05_bs16_modL1_fusion64_fusionL1_drop0p2_trmiss80_trlocclin,16,5e-05,1,64,1,0.2,lr5e-05_bs16_modL1_fusion64_fusionL1_drop0p2_trmiss80_trlocclin,20,0.47041596720616025,0.6105806032816569,0.7327586206896551,0.8365914913806882,0.6666666666666666,0.0,0.0,0.0,0.0,2002,clin,0.8
3,5,lr5e-05_bs16_modL1_fusion64_fusionL1_drop0p2_trmiss80_trlocclin,16,5e-05,1,64,1,0.2,lr5e-05_bs16_modL1_fusion64_fusionL1_drop0p2_trmiss80_trlocclin,21,0.44507082055012387,0.6088255246480306,0.7456896551724138,0.8442993496037401,0.7111111111111111,0.0,0.0,0.0,0.0,2002,clin,0.8
3,5,lr5e-05_bs16_modL1_fusion64_fusionL1_drop0p2_trmiss80_trlocclin,16,5e-05,1,64,1,0.2,lr5e-05_bs16_modL1_fusion64_fusionL1_drop0p2_trmiss80_trlocclin,22,0.4583485821882884,0.6049972573916117,0.7413793103448275,0.8447566890226992,0.6888888888888889,0.0,0.0,0.0,0.0,2002,clin,0.8
3,5,lr5e-05_bs16_modL1_fusion64_fusionL1_drop0p2_trmiss80_trlocclin,16,5e-05,1,64,1,0.2,lr5e-05_bs16_modL1_fusion64_fusionL1_drop0p2_trmiss80_trlocclin,23,0.44778217871983844,0.5987821022669474,0.7478448275862069,0.8535857984592843,0.7111111111111111,0.0,0.0,0.0,0.0,2002,clin,0.8
3,5,lr5e-05_bs16_modL1_fusion64_fusionL1_drop0p2_trmiss80_trlocclin,16,5e-05,1,64,1,0.2,lr5e-05_bs16_modL1_fusion64_fusionL1_drop0p2_trmiss80_trlocclin,24,0.423487884302934,0.5986646215120951,0.7327586206896551,0.8450599395520144,0.7111111111111111,0.0,0.0,0.0,0.0,2002,clin,0.8
3,5,lr5e-05_bs16_modL1_fusion64_fusionL1_drop0p2_trmiss80_trlocclin,16,5e-05,1,64,1,0.2,lr5e-05_bs16_modL1_fusion64_fusionL1_drop0p2_trmiss80_trlocclin,25,0.4327893704175949,0.5975112318992615,0.7586206896551724,0.852678342907615,0.6888888888888889,0.0,0.0,0.0,0.0,2002,clin,0.8
3,5,lr5e-05_bs16_modL1_fusion64_fusionL1_drop0p2_trmiss80_trlocclin,16,5e-05,1,64,1,0.2,lr5e-05_bs16_modL1_fusion64_fusionL1_drop0p2_trmiss80_trlocclin,26,0.4412609388430913,0.6038254102071127,0.7284482758620688,0.8451454163163208,0.6888888888888889,0.0,0.0,0.0,0.0,2002,clin,0.8
3,5,lr5e-05_bs16_modL1_fusion64_fusionL1_drop0p2_trmiss80_trlocclin,16,5e-05,1,64,1,0.2,lr5e-05_bs16_modL1_fusion64_fusionL1_drop0p2_trmiss80_trlocclin,27,0.4311942309141159,0.6110451022783915,0.7155172413793103,0.8421063676596785,0.6666666666666666,0.0,0.0,0.0,0.0,2002,clin,0.8
3,5,lr5e-05_bs16_modL1_fusion64_fusionL1_drop0p2_trmiss80_trlocclin,16,5e-05,1,64,1,0.2,lr5e-05_bs16_modL1_fusion64_fusionL1_drop0p2_trmiss80_trlocclin,28,0.39323075860738754,0.6059102018674215,0.7112068965517242,0.8354569050225651,0.6888888888888889,0.0,0.0,0.0,0.0,2002,clin,0.8
3,5,lr5e-05_bs16_modL1_fusion64_fusionL1_drop0p2_trmiss80_trlocclin,16,5e-05,1,64,1,0.2,lr5e-05_bs16_modL1_fusion64_fusionL1_drop0p2_trmiss80_trlocclin,29,0.4004994456966718,0.6094637910525004,0.6831896551724138,0.8217734230422573,0.6888888888888889,0.0,0.0,0.0,0.0,2002,clin,0.8
3,5,lr5e-05_bs16_modL1_fusion64_fusionL1_drop0p2_trmiss80_trlocclin,16,5e-05,1,64,1,0.2,lr5e-05_bs16_modL1_fusion64_fusionL1_drop0p2_trmiss80_trlocclin,30,0.39116375148296356,0.6036259134610494,0.6853448275862069,0.8225048584798866,0.6888888888888889,0.0,0.0,0.0,0.0,2002,clin,0.8
3,5,lr5e-05_bs16_modL1_fusion64_fusionL1_drop0p2_trmiss80_trlocclin,16,5e-05,1,64,1,0.2,lr5e-05_bs16_modL1_fusion64_fusionL1_drop0p2_trmiss80_trlocclin,31,0.3889380171895027,0.6087738672892252,0.6810344827586207,0.8165345784100428,0.7111111111111111,0.0,0.0,0.0,0.0,2002,clin,0.8
3,5,lr5e-05_bs16_modL1_fusion64_fusionL1_drop0p2_trmiss80_trlocclin,16,5e-05,1,64,1,0.2,lr5e-05_bs16_modL1_fusion64_fusionL1_drop0p2_trmiss80_trlocclin,32,0.42394648492336273,0.6041574875513712,0.6853448275862069,0.8236683223928405,0.6888888888888889,0.0,0.0,0.0,0.0,2002,clin,0.8
3,5,lr5e-05_bs16_modL1_fusion64_fusionL1_drop0p2_trmiss80_trlocclin,16,5e-05,1,64,1,0.2,lr5e-05_bs16_modL1_fusion64_fusionL1_drop0p2_trmiss80_trlocclin,33,0.37488629917303723,0.6130751570065817,0.6724137931034482,0.8148530822831741,0.6888888888888889,0.0,0.0,0.0,0.0,2002,clin,0.8
3,5,lr5e-05_bs16_modL1_fusion64_fusionL1_drop0p2_trmiss80_trlocclin,16,5e-05,1,64,1,0.2,lr5e-05_bs16_modL1_fusion64_fusionL1_drop0p2_trmiss80_trlocclin,34,0.37179236859083176,0.6136839985847473,0.6681034482758621,0.8088707948607243,0.6888888888888889,0.0,0.0,0.0,0.0,2002,clin,0.8
3,5,lr5e-05_bs16_modL1_fusion64_fusionL1_drop0p2_trmiss80_trlocclin,16,5e-05,1,64,1,0.2,lr5e-05_bs16_modL1_fusion64_fusionL1_drop0p2_trmiss80_trlocclin,35,0.36251987765232724,0.6052078207333883,0.6810344827586207,0.8217012871652674,0.6888888888888889,0.0,0.0,0.0,0.0,2002,clin,0.8
3,5,lr5e-05_bs16_modL1_fusion64_fusionL1_drop0p2_trmiss80_trlocclin,16,5e-05,1,64,1,0.2,lr5e-05_bs16_modL1_fusion64_fusionL1_drop0p2_trmiss80_trlocclin,36,0.37017252544562024,0.6037790775299072,0.6918103448275861,0.828491802311446,0.6888888888888889,0.0,0.0,0.0,0.0,2002,clin,0.8
3,5,lr5e-05_bs16_modL1_fusion64_fusionL1_drop0p2_trmiss80_trlocclin,16,5e-05,1,64,1,0.2,lr5e-05_bs16_modL1_fusion64_fusionL1_drop0p2_trmiss80_trlocclin,37,0.4203188320000966,0.6027036309242249,0.6810344827586207,0.820293557619584,0.6888888888888889,0.0,0.0,0.0,0.0,2002,clin,0.8
3,5,lr5e-05_bs16_modL1_fusion64_fusionL1_drop0p2_trmiss80_trlocclin,16,5e-05,1,64,1,0.2,lr5e-05_bs16_modL1_fusion64_fusionL1_drop0p2_trmiss80_trlocclin,38,0.36264130224784213,0.602904736995697,0.6788793103448275,0.8243706576247294,0.6888888888888889,0.0,0.0,0.0,0.0,2002,clin,0.8
3,5,lr5e-05_bs16_modL1_fusion64_fusionL1_drop0p2_trmiss80_trlocclin,16,5e-05,1,64,1,0.2,lr5e-05_bs16_modL1_fusion64_fusionL1_drop0p2_trmiss80_trlocclin,39,0.3614490156372388,0.607379694779714,0.6724137931034483,0.822802478253853,0.6888888888888889,0.0,0.0,0.0,0.0,2002,clin,0.8
3,5,lr5e-05_bs16_modL1_fusion64_fusionL1_drop0p2_trmiss80_trlocclin,16,5e-05,1,64,1,0.2,lr5e-05_bs16_modL1_fusion64_fusionL1_drop0p2_trmiss80_trlocclin,40,0.4026382515827815,0.6058864593505859,0.6767241379310345,0.8202454401748034,0.6888888888888889,0.0,0.0,0.0,0.0,2002,clin,0.8
3,5,lr5e-05_bs16_modL1_fusion64_fusionL1_drop0p2_trmiss80_trlocclin,16,5e-05,1,64,1,0.2,lr5e-05_bs16_modL1_fusion64_fusionL1_drop0p2_trmiss80_trlocclin,41,0.3448154106736183,0.6065102418263754,0.6788793103448276,0.8250166786833568,0.6888888888888889,0.0,0.0,0.0,0.0,2002,clin,0.8
3,5,lr5e-05_bs16_modL1_fusion64_fusionL1_drop0p2_trmiss80_trlocclin,16,5e-05,1,64,1,0.2,lr5e-05_bs16_modL1_fusion64_fusionL1_drop0p2_trmiss80_trlocclin,42,0.34988465160131454,0.6065521240234375,0.6788793103448276,0.8241545640907946,0.6888888888888889,0.0,0.0,0.0,0.0,2002,clin,0.8
3,5,lr5e-05_bs16_modL1_fusion64_fusionL1_drop0p2_trmiss80_trlocclin,16,5e-05,1,64,1,0.2,lr5e-05_bs16_modL1_fusion64_fusionL1_drop0p2_trmiss80_trlocclin,43,0.33275173107783,0.6047382752100626,0.6767241379310345,0.8221479545406198,0.6888888888888889,0.0,0.0,0.0,0.0,2002,clin,0.8
3,5,lr5e-05_bs16_modL1_fusion64_fusionL1_drop0p2_trmiss80_trlocclin,16,5e-05,1,64,1,0.2,lr5e-05_bs16_modL1_fusion64_fusionL1_drop0p2_trmiss80_trlocclin,44,0.37151727080345154,0.6020192503929138,0.6874999999999999,0.8288464525065993,0.6888888888888889,0.0,0.0,0.0,0.0,2002,clin,0.8
3,5,lr5e-05_bs16_modL1_fusion64_fusionL1_drop0p2_trmiss80_trlocclin,16,5e-05,1,64,1,0.2,lr5e-05_bs16_modL1_fusion64_fusionL1_drop0p2_trmiss80_trlocclin,45,0.3525084008773168,0.6033628384272257,0.6767241379310345,0.8262857843452038,0.6888888888888889,0.0,0.0,0.0,0.0,2002,clin,0.8
3,5,lr5e-05_bs16_modL1_fusion64_fusionL1_drop0p1_trmiss80_trlocclin,16,5e-05,1,64,1,0.1,lr5e-05_bs16_modL1_fusion64_fusionL1_drop0p1_trmiss80_trlocclin,1,0.6917567451794943,0.7157067060470581,0.40948275862068967,0.5868828821286532,0.4222222222222222,0.0,0.0,0.0,0.0,2002,clin,0.8
3,5,lr5e-05_bs16_modL1_fusion64_fusionL1_drop0p1_trmiss80_trlocclin,16,5e-05,1,64,1,0.1,lr5e-05_bs16_modL1_fusion64_fusionL1_drop0p1_trmiss80_trlocclin,2,0.6617297033468882,0.7185436487197876,0.4224137931034483,0.6070321467183621,0.4222222222222222,0.0,0.0,0.0,0.0,2002,clin,0.8
3,5,lr5e-05_bs16_modL1_fusion64_fusionL1_drop0p1_trmiss80_trlocclin,16,5e-05,1,64,1,0.1,lr5e-05_bs16_modL1_fusion64_fusionL1_drop0p1_trmiss80_trlocclin,3,0.6260063250859579,0.7125027974446615,0.4504310344827586,0.674472716896369,0.5111111111111111,0.0,0.0,0.0,0.0,2002,clin,0.8
3,5,lr5e-05_bs16_modL1_fusion64_fusionL1_drop0p1_trmiss80_trlocclin,16,5e-05,1,64,1,0.1,lr5e-05_bs16_modL1_fusion64_fusionL1_drop0p1_trmiss80_trlocclin,4,0.6222749551137289,0.6984830697377523,0.4870689655172414,0.6937661957829826,0.5555555555555556,0.0,0.0,0.0,0.0,2002,clin,0.8
3,5,lr5e-05_bs16_modL1_fusion64_fusionL1_drop0p1_trmiss80_trlocclin,16,5e-05,1,64,1,0.1,lr5e-05_bs16_modL1_fusion64_fusionL1_drop0p1_trmiss80_trlocclin,5,0.5932878603537878,0.69786536693573,0.48275862068965525,0.6879713819021895,0.5555555555555556,0.0,0.0,0.0,0.0,2002,clin,0.8
3,5,lr5e-05_bs16_modL1_fusion64_fusionL1_drop0p1_trmiss80_trlocclin,16,5e-05,1,64,1,0.1,lr5e-05_bs16_modL1_fusion64_fusionL1_drop0p1_trmiss80_trlocclin,6,0.5665690849224726,0.6973910729090372,0.5021551724137931,0.7054841854979466,0.5777777777777777,0.0,0.0,0.0,0.0,2002,clin,0.8
3,5,lr5e-05_bs16_modL1_fusion64_fusionL1_drop0p1_trmiss80_trlocclin,16,5e-05,1,64,1,0.1,lr5e-05_bs16_modL1_fusion64_fusionL1_drop0p1_trmiss80_trlocclin,7,0.5754583328962326,0.701569120089213,0.49137931034482757,0.7109682667449286,0.5555555555555556,0.0,0.0,0.0,0.0,2002,clin,0.8
3,5,lr5e-05_bs16_modL1_fusion64_fusionL1_drop0p1_trmiss80_trlocclin,16,5e-05,1,64,1,0.1,lr5e-05_bs16_modL1_fusion64_fusionL1_drop0p1_trmiss80_trlocclin,8,0.5447923416892687,0.6963685949643453,0.49999999999999994,0.7026195740424539,0.5555555555555556,0.0,0.0,0.0,0.0,2002,clin,0.8
3,5,lr5e-05_bs16_modL1_fusion64_fusionL1_drop0p1_trmiss80_trlocclin,16,5e-05,1,64,1,0.1,lr5e-05_bs16_modL1_fusion64_fusionL1_drop0p1_trmiss80_trlocclin,9,0.5390585189064344,0.6962521076202393,0.4827586206896552,0.6961317554380604,0.4666666666666667,0.0,0.0,0.0,0.0,2002,clin,0.8
3,5,lr5e-05_bs16_modL1_fusion64_fusionL1_drop0p1_trmiss80_trlocclin,16,5e-05,1,64,1,0.1,lr5e-05_bs16_modL1_fusion64_fusionL1_drop0p1_trmiss80_trlocclin,10,0.5400754461685816,0.6906577746073405,0.5107758620689655,0.7074849103285583,0.5777777777777777,0.0,0.0,0.0,0.0,2002,clin,0.8
3,5,lr5e-05_bs16_modL1_fusion64_fusionL1_drop0p1_trmiss80_trlocclin,16,5e-05,1,64,1,0.1,lr5e-05_bs16_modL1_fusion64_fusionL1_drop0p1_trmiss80_trlocclin,11,0.5204363663991293,0.6862785418828329,0.502155172413793,0.708019902264847,0.6,0.0,0.0,0.0,0.0,2002,clin,0.8
3,5,lr5e-05_bs16_modL1_fusion64_fusionL1_drop0p1_trmiss80_trlocclin,16,5e-05,1,64,1,0.1,lr5e-05_bs16_modL1_fusion64_fusionL1_drop0p1_trmiss80_trlocclin,12,0.5127882162729899,0.6973975499471029,0.4849137931034483,0.6971576831176947,0.5555555555555556,0.0,0.0,0.0,0.0,2002,clin,0.8
3,5,lr5e-05_bs16_modL1_fusion64_fusionL1_drop0p1_trmiss80_trlocclin,16,5e-05,1,64,1,0.1,lr5e-05_bs16_modL1_fusion64_fusionL1_drop0p1_trmiss80_trlocclin,13,0.5001202672719955,0.6914789875348409,0.4892241379310345,0.6915693630835833,0.5333333333333333,0.0,0.0,0.0,0.0,2002,clin,0.8
3,5,lr5e-05_bs16_modL1_fusion64_fusionL1_drop0p1_trmiss80_trlocclin,16,5e-05,1,64,1,0.1,lr5e-05_bs16_modL1_fusion64_fusionL1_drop0p1_trmiss80_trlocclin,14,0.4910116046667099,0.6897405982017517,0.4849137931034482,0.676821648960037,0.5333333333333333,0.0,0.0,0.0,0.0,2002,clin,0.8
3,5,lr5e-05_bs16_modL1_fusion64_fusionL1_drop0p1_trmiss80_trlocclin,16,5e-05,1,64,1,0.1,lr5e-05_bs16_modL1_fusion64_fusionL1_drop0p1_trmiss80_trlocclin,15,0.4891825045148532,0.6926722327868143,0.4870689655172413,0.6717761869877928,0.5555555555555556,0.0,0.0,0.0,0.0,2002,clin,0.8
3,5,lr5e-05_bs16_modL1_fusion64_fusionL1_drop0p1_trmiss80_trlocclin,16,5e-05,1,64,1,0.1,lr5e-05_bs16_modL1_fusion64_fusionL1_drop0p1_trmiss80_trlocclin,16,0.4859885449210803,0.697649359703064,0.47413793103448276,0.6653924578723022,0.5111111111111111,0.0,0.0,0.0,0.0,2002,clin,0.8
3,5,lr5e-05_bs16_modL1_fusion64_fusionL1_drop0p1_trmiss80_trlocclin,16,5e-05,1,64,1,0.1,lr5e-05_bs16_modL1_fusion64_fusionL1_drop0p1_trmiss80_trlocclin,17,0.4628761460383733,0.6985921661059061,0.48060344827586204,0.6643414667469738,0.5333333333333333,0.0,0.0,0.0,0.0,2002,clin,0.8
3,5,lr5e-05_bs16_modL1_fusion64_fusionL1_drop0p1_trmiss80_trlocclin,16,5e-05,1,64,1,0.1,lr5e-05_bs16_modL1_fusion64_fusionL1_drop0p1_trmiss80_trlocclin,18,0.45329757283131283,0.6993995308876038,0.48275862068965514,0.663943581817665,0.5555555555555556,0.0,0.0,0.0,0.0,2002,clin,0.8
3,5,lr5e-05_bs16_modL1_fusion64_fusionL1_drop0p1_trmiss80_trlocclin,16,5e-05,1,64,1,0.1,lr5e-05_bs16_modL1_fusion64_fusionL1_drop0p1_trmiss80_trlocclin,19,0.4543706849217415,0.696203370889028,0.47844827586206895,0.6608774537996946,0.5555555555555556,0.0,0.0,0.0,0.0,2002,clin,0.8
3,5,lr5e-05_bs16_modL1_fusion64_fusionL1_drop0p1_trmiss80_trlocclin,16,5e-05,1,64,1,0.1,lr5e-05_bs16_modL1_fusion64_fusionL1_drop0p1_trmiss80_trlocclin,20,0.4478991627693176,0.6976836919784546,0.4892241379310345,0.6701877466279658,0.5555555555555556,0.0,0.0,0.0,0.0,2002,clin,0.8
3,5,lr5e-05_bs16_modL1_fusion64_fusionL1_drop0p1_trmiss80_trlocclin,16,5e-05,1,64,1,0.1,lr5e-05_bs16_modL1_fusion64_fusionL1_drop0p1_trmiss80_trlocclin,21,0.44354460885127384,0.6953553160031637,0.478448275862069,0.6614035583686254,0.5777777777777777,0.0,0.0,0.0,0.0,2002,clin,0.8
3,5,lr5e-05_bs16_modL1_fusion64_fusionL1_drop0p1_trmiss80_trlocclin,16,5e-05,1,64,1,0.1,lr5e-05_bs16_modL1_fusion64_fusionL1_drop0p1_trmiss80_trlocclin,22,0.41567546377579373,0.696312149365743,0.4806034482758621,0.6616681410694132,0.5555555555555556,0.0,0.0,0.0,0.0,2002,clin,0.8
3,5,lr5e-05_bs16_modL1_fusion64_fusionL1_drop0p1_trmiss80_trlocclin,16,5e-05,1,64,1,0.1,lr5e-05_bs16_modL1_fusion64_fusionL1_drop0p1_trmiss80_trlocclin,23,0.41883669048547745,0.6947664618492126,0.4870689655172414,0.6693889614930734,0.5777777777777777,0.0,0.0,0.0,0.0,2002,clin,0.8
3,5,lr5e-05_bs16_modL1_fusion64_fusionL1_drop0p1_trmiss80_trlocclin,16,5e-05,1,64,1,0.1,lr5e-05_bs16_modL1_fusion64_fusionL1_drop0p1_trmiss80_trlocclin,24,0.43063240001598996,0.6986228227615356,0.49784482758620696,0.6900221244352375,0.5555555555555556,0.0,0.0,0.0,0.0,2002,clin,0.8
3,5,lr5e-05_bs16_modL1_fusion64_fusionL1_drop0p1_trmiss80_trlocclin,16,5e-05,1,64,1,0.1,lr5e-05_bs16_modL1_fusion64_fusionL1_drop0p1_trmiss80_trlocclin,25,0.431901012857755,0.7002842823664347,0.4913793103448276,0.681792166429051,0.5555555555555556,0.0,0.0,0.0,0.0,2002,clin,0.8
3,5,lr5e-05_bs16_modL1_fusion64_fusionL1_drop0p1_trmiss80_trlocclin,16,5e-05,1,64,1,0.1,lr5e-05_bs16_modL1_fusion64_fusionL1_drop0p1_trmiss80_trlocclin,26,0.4170274759332339,0.6874766747156779,0.5064655172413793,0.6895100080767659,0.6222222222222222,0.0,0.0,0.0,0.0,2002,clin,0.8
3,5,lr5e-05_bs16_modL1_fusion64_fusionL1_drop0p1_trmiss80_trlocclin,16,5e-05,1,64,1,0.1,lr5e-05_bs16_modL1_fusion64_fusionL1_drop0p1_trmiss80_trlocclin,27,0.40594401707251865,0.6972576379776001,0.48706896551724144,0.6699242365415531,0.5777777777777777,0.0,0.0,0.0,0.0,2002,clin,0.8
3,5,lr5e-05_bs16_modL1_fusion64_fusionL1_drop0p1_trmiss80_trlocclin,16,5e-05,1,64,1,0.1,lr5e-05_bs16_modL1_fusion64_fusionL1_drop0p1_trmiss80_trlocclin,28,0.41838039457798004,0.6965999603271484,0.4806034482758621,0.6642821042150299,0.5777777777777777,0.0,0.0,0.0,0.0,2002,clin,0.8
3,5,lr5e-05_bs16_modL1_fusion64_fusionL1_drop0p1_trmiss80_trlocclin,16,5e-05,1,64,1,0.1,lr5e-05_bs16_modL1_fusion64_fusionL1_drop0p1_trmiss80_trlocclin,29,0.39832377185424167,0.6983087857564291,0.4827586206896552,0.6654008989637422,0.5555555555555556,0.0,0.0,0.0,0.0,2002,clin,0.8
3,5,lr5e-05_bs16_modL1_fusion64_fusionL1_drop0p1_trmiss80_trlocclin,16,5e-05,1,64,1,0.1,lr5e-05_bs16_modL1_fusion64_fusionL1_drop0p1_trmiss80_trlocclin,30,0.3942853237191836,0.699970563252767,0.48922413793103453,0.6713009575430003,0.5555555555555556,0.0,0.0,0.0,0.0,2002,clin,0.8
3,5,lr1e-04_bs16_modL1_fusion32_fusionL1_drop0p2_trmiss80_trlocclin,16,0.0001,1,32,1,0.2,lr1e-04_bs16_modL1_fusion32_fusionL1_drop0p2_trmiss80_trlocclin,1,0.6925098448991776,0.6782697836558024,0.5064655172413792,0.6781301311646482,0.6222222222222222,0.0,0.0,0.0,0.0,2002,clin,0.8
3,5,lr1e-04_bs16_modL1_fusion32_fusionL1_drop0p2_trmiss80_trlocclin,16,0.0001,1,32,1,0.2,lr1e-04_bs16_modL1_fusion32_fusionL1_drop0p2_trmiss80_trlocclin,2,0.6192283630371094,0.6748417218526205,0.5301724137931034,0.7191832642427424,0.6222222222222222,0.0,0.0,0.0,0.0,2002,clin,0.8
3,5,lr1e-04_bs16_modL1_fusion32_fusionL1_drop0p2_trmiss80_trlocclin,16,0.0001,1,32,1,0.2,lr1e-04_bs16_modL1_fusion32_fusionL1_drop0p2_trmiss80_trlocclin,3,0.5921114484469095,0.6776084105173746,0.5387931034482758,0.7633712116891871,0.6,0.0,0.0,0.0,0.0,2002,clin,0.8
3,5,lr1e-04_bs16_modL1_fusion32_fusionL1_drop0p2_trmiss80_trlocclin,16,0.0001,1,32,1,0.2,lr1e-04_bs16_modL1_fusion32_fusionL1_drop0p2_trmiss80_trlocclin,4,0.5859989275534948,0.673441489537557,0.5517241379310345,0.7415900998947027,0.6444444444444445,0.0,0.0,0.0,0.0,2002,clin,0.8
3,5,lr1e-04_bs16_modL1_fusion32_fusionL1_drop0p2_trmiss80_trlocclin,16,0.0001,1,32,1,0.2,lr1e-04_bs16_modL1_fusion32_fusionL1_drop0p2_trmiss80_trlocclin,5,0.559365950524807,0.673578143119812,0.5625,0.7278453441276153,0.6222222222222222,0.0,0.0,0.0,0.0,2002,clin,0.8
3,5,lr1e-04_bs16_modL1_fusion32_fusionL1_drop0p2_trmiss80_trlocclin,16,0.0001,1,32,1,0.2,lr1e-04_bs16_modL1_fusion32_fusionL1_drop0p2_trmiss80_trlocclin,6,0.5684535950422287,0.6747474074363708,0.5538793103448275,0.7055651548593436,0.6222222222222222,0.0,0.0,0.0,0.0,2002,clin,0.8
3,5,lr1e-04_bs16_modL1_fusion32_fusionL1_drop0p2_trmiss80_trlocclin,16,0.0001,1,32,1,0.2,lr1e-04_bs16_modL1_fusion32_fusionL1_drop0p2_trmiss80_trlocclin,7,0.5295405437548956,0.667945384979248,0.5732758620689655,0.7308217466649681,0.6444444444444445,0.0,0.0,0.0,0.0,2002,clin,0.8
3,5,lr1e-04_bs16_modL1_fusion32_fusionL1_drop0p2_trmiss80_trlocclin,16,0.0001,1,32,1,0.2,lr1e-04_bs16_modL1_fusion32_fusionL1_drop0p2_trmiss80_trlocclin,8,0.5512228136261305,0.6614531675974528,0.5969827586206897,0.7453315776051613,0.6,0.0,0.0,0.0,0.0,2002,clin,0.8
3,5,lr1e-04_bs16_modL1_fusion32_fusionL1_drop0p2_trmiss80_trlocclin,16,0.0001,1,32,1,0.2,lr1e-04_bs16_modL1_fusion32_fusionL1_drop0p2_trmiss80_trlocclin,9,0.5293668384353319,0.6567909121513367,0.603448275862069,0.7463020555920102,0.6222222222222222,0.0,0.0,0.0,0.0,2002,clin,0.8
3,5,lr1e-04_bs16_modL1_fusion32_fusionL1_drop0p2_trmiss80_trlocclin,16,0.0001,1,32,1,0.2,lr1e-04_bs16_modL1_fusion32_fusionL1_drop0p2_trmiss80_trlocclin,10,0.5118929321567217,0.6554473638534546,0.603448275862069,0.7475121383960256,0.6666666666666666,0.0,0.0,0.0,0.0,2002,clin,0.8
3,5,lr1e-04_bs16_modL1_fusion32_fusionL1_drop0p2_trmiss80_trlocclin,16,0.0001,1,32,1,0.2,lr1e-04_bs16_modL1_fusion32_fusionL1_drop0p2_trmiss80_trlocclin,11,0.49572279304265976,0.6553950309753418,0.5948275862068966,0.7520124179785846,0.6444444444444445,0.0,0.0,0.0,0.0,2002,clin,0.8
3,5,lr1e-04_bs16_modL1_fusion32_fusionL1_drop0p2_trmiss80_trlocclin,16,0.0001,1,32,1,0.2,lr1e-04_bs16_modL1_fusion32_fusionL1_drop0p2_trmiss80_trlocclin,12,0.49155952284733456,0.6578847169876099,0.5991379310344828,0.7514389411506527,0.6,0.0,0.0,0.0,0.0,2002,clin,0.8
3,5,lr1e-04_bs16_modL1_fusion32_fusionL1_drop0p2_trmiss80_trlocclin,16,0.0001,1,32,1,0.2,lr1e-04_bs16_modL1_fusion32_fusionL1_drop0p2_trmiss80_trlocclin,13,0.49439838776985806,0.6500781774520874,0.6228448275862069,0.7737236755908781,0.6444444444444445,0.0,0.0,0.0,0.0,2002,clin,0.8
3,5,lr1e-04_bs16_modL1_fusion32_fusionL1_drop0p2_trmiss80_trlocclin,16,0.0001,1,32,1,0.2,lr1e-04_bs16_modL1_fusion32_fusionL1_drop0p2_trmiss80_trlocclin,14,0.4727981487909953,0.6493464907010397,0.6293103448275862,0.7601014274691996,0.6444444444444445,0.0,0.0,0.0,0.0,2002,clin,0.8
3,5,lr1e-04_bs16_modL1_fusion32_fusionL1_drop0p2_trmiss80_trlocclin,16,0.0001,1,32,1,0.2,lr1e-04_bs16_modL1_fusion32_fusionL1_drop0p2_trmiss80_trlocclin,15,0.4678720459342003,0.6421850919723511,0.6357758620689655,0.7738232534957833,0.6666666666666666,0.0,0.0,0.0,0.0,2002,clin,0.8
3,5,lr1e-04_bs16_modL1_fusion32_fusionL1_drop0p2_trmiss80_trlocclin,16,0.0001,1,32,1,0.2,lr1e-04_bs16_modL1_fusion32_fusionL1_drop0p2_trmiss80_trlocclin,16,0.4618246431152026,0.6489413976669312,0.6271551724137931,0.7463852030404914,0.6222222222222222,0.0,0.0,0.0,0.0,2002,clin,0.8
3,5,lr1e-04_bs16_modL1_fusion32_fusionL1_drop0p2_trmiss80_trlocclin,16,0.0001,1,32,1,0.2,lr1e-04_bs16_modL1_fusion32_fusionL1_drop0p2_trmiss80_trlocclin,17,0.4247007990876834,0.6432428956031799,0.6336206896551724,0.777599806291867,0.6444444444444445,0.0,0.0,0.0,0.0,2002,clin,0.8
3,5,lr1e-04_bs16_modL1_fusion32_fusionL1_drop0p2_trmiss80_trlocclin,16,0.0001,1,32,1,0.2,lr1e-04_bs16_modL1_fusion32_fusionL1_drop0p2_trmiss80_trlocclin,18,0.4348984683553378,0.6406726439793905,0.6400862068965518,0.7780896819933127,0.6666666666666666,0.0,0.0,0.0,0.0,2002,clin,0.8
3,5,lr1e-04_bs16_modL1_fusion32_fusionL1_drop0p2_trmiss80_trlocclin,16,0.0001,1,32,1,0.2,lr1e-04_bs16_modL1_fusion32_fusionL1_drop0p2_trmiss80_trlocclin,19,0.4335176597038905,0.6453477740287781,0.6314655172413792,0.7511412792909095,0.6666666666666666,0.0,0.0,0.0,0.0,2002,clin,0.8
3,5,lr1e-04_bs16_modL1_fusion32_fusionL1_drop0p2_trmiss80_trlocclin,16,0.0001,1,32,1,0.2,lr1e-04_bs16_modL1_fusion32_fusionL1_drop0p2_trmiss80_trlocclin,20,0.41594121356805164,0.6498832503954569,0.6228448275862069,0.744392305052697,0.6444444444444445,0.0,0.0,0.0,0.0,2002,clin,0.8
3,5,lr1e-04_bs16_modL1_fusion32_fusionL1_drop0p2_trmiss80_trlocclin,16,0.0001,1,32,1,0.2,lr1e-04_bs16_modL1_fusion32_fusionL1_drop0p2_trmiss80_trlocclin,21,0.42076264570156735,0.6507737636566162,0.6293103448275862,0.7516672580988258,0.6444444444444445,0.0,0.0,0.0,0.0,2002,clin,0.8
3,5,lr1e-04_bs16_modL1_fusion32_fusionL1_drop0p2_trmiss80_trlocclin,16,0.0001,1,32,1,0.2,lr1e-04_bs16_modL1_fusion32_fusionL1_drop0p2_trmiss80_trlocclin,22,0.42081449677546817,0.6568020979563395,0.6077586206896552,0.732774959677277,0.6444444444444445,0.0,0.0,0.0,0.0,2002,clin,0.8
3,5,lr1e-04_bs16_modL1_fusion32_fusionL1_drop0p2_trmiss80_trlocclin,16,0.0001,1,32,1,0.2,lr1e-04_bs16_modL1_fusion32_fusionL1_drop0p2_trmiss80_trlocclin,23,0.41431176910797757,0.652517835299174,0.5948275862068966,0.7471688066403631,0.6,0.0,0.0,0.0,0.0,2002,clin,0.8
3,5,lr1e-04_bs16_modL1_fusion32_fusionL1_drop0p2_trmiss80_trlocclin,16,0.0001,1,32,1,0.2,lr1e-04_bs16_modL1_fusion32_fusionL1_drop0p2_trmiss80_trlocclin,24,0.40568765501181286,0.6480627059936523,0.6012931034482758,0.7505264746387887,0.6444444444444445,0.0,0.0,0.0,0.0,2002,clin,0.8
3,5,lr1e-04_bs16_modL1_fusion32_fusionL1_drop0p2_trmiss80_trlocclin,16,0.0001,1,32,1,0.2,lr1e-04_bs16_modL1_fusion32_fusionL1_drop0p2_trmiss80_trlocclin,25,0.38455527524153393,0.6577821373939514,0.5862068965517242,0.7439095791238424,0.6444444444444445,0.0,0.0,0.0,0.0,2002,clin,0.8
3,5,lr1e-04_bs16_modL1_fusion32_fusionL1_drop0p2_trmiss80_trlocclin,16,0.0001,1,32,1,0.2,lr1e-04_bs16_modL1_fusion32_fusionL1_drop0p2_trmiss80_trlocclin,26,0.39468561361233395,0.6528340180714926,0.5905172413793104,0.7440231604774755,0.6222222222222222,0.0,0.0,0.0,0.0,2002,clin,0.8
3,5,lr1e-04_bs16_modL1_fusion32_fusionL1_drop0p2_trmiss80_trlocclin,16,0.0001,1,32,1,0.2,lr1e-04_bs16_modL1_fusion32_fusionL1_drop0p2_trmiss80_trlocclin,27,0.3969598487019539,0.6518829464912415,0.5991379310344828,0.7589184035448024,0.6222222222222222,0.0,0.0,0.0,0.0,2002,clin,0.8
3,5,lr1e-04_bs16_modL1_fusion32_fusionL1_drop0p2_trmiss80_trlocclin,16,0.0001,1,32,1,0.2,lr1e-04_bs16_modL1_fusion32_fusionL1_drop0p2_trmiss80_trlocclin,28,0.38858797401189804,0.6480392416318258,0.6077586206896552,0.7788155448056702,0.6666666666666666,0.0,0.0,0.0,0.0,2002,clin,0.8
3,5,lr1e-04_bs16_modL1_fusion32_fusionL1_drop0p2_trmiss80_trlocclin,16,0.0001,1,32,1,0.2,lr1e-04_bs16_modL1_fusion32_fusionL1_drop0p2_trmiss80_trlocclin,29,0.3828704257806142,0.6507755319277445,0.603448275862069,0.7680633408957909,0.6666666666666666,0.0,0.0,0.0,0.0,2002,clin,0.8
3,5,lr1e-04_bs16_modL1_fusion32_fusionL1_drop0p2_trmiss80_trlocclin,16,0.0001,1,32,1,0.2,lr1e-04_bs16_modL1_fusion32_fusionL1_drop0p2_trmiss80_trlocclin,30,0.3613080283006032,0.6560183167457581,0.5862068965517242,0.7489856777549273,0.6666666666666666,0.0,0.0,0.0,0.0,2002,clin,0.8
3,5,lr1e-04_bs16_modL1_fusion32_fusionL1_drop0p2_trmiss80_trlocclin,16,0.0001,1,32,1,0.2,lr1e-04_bs16_modL1_fusion32_fusionL1_drop0p2_trmiss80_trlocclin,31,0.3661956066886584,0.6548939744631449,0.603448275862069,0.759650909530788,0.6444444444444445,0.0,0.0,0.0,0.0,2002,clin,0.8
3,5,lr1e-04_bs16_modL1_fusion32_fusionL1_drop0p2_trmiss80_trlocclin,16,0.0001,1,32,1,0.2,lr1e-04_bs16_modL1_fusion32_fusionL1_drop0p2_trmiss80_trlocclin,32,0.3595959171652794,0.6534302035967509,0.6012931034482758,0.7698850140213602,0.6222222222222222,0.0,0.0,0.0,0.0,2002,clin,0.8
3,5,lr1e-04_bs16_modL1_fusion32_fusionL1_drop0p2_trmiss80_trlocclin,16,0.0001,1,32,1,0.2,lr1e-04_bs16_modL1_fusion32_fusionL1_drop0p2_trmiss80_trlocclin,33,0.35299021750688553,0.6548601587613424,0.603448275862069,0.7646503283404271,0.6444444444444445,0.0,0.0,0.0,0.0,2002,clin,0.8
3,5,lr1e-04_bs16_modL1_fusion32_fusionL1_drop0p2_trmiss80_trlocclin,16,0.0001,1,32,1,0.2,lr1e-04_bs16_modL1_fusion32_fusionL1_drop0p2_trmiss80_trlocclin,34,0.36771526436011,0.6490696469942728,0.5969827586206897,0.766559708868241,0.6444444444444445,0.0,0.0,0.0,0.0,2002,clin,0.8
3,5,lr1e-04_bs16_modL1_fusion32_fusionL1_drop0p2_trmiss80_trlocclin,16,0.0001,1,32,1,0.2,lr1e-04_bs16_modL1_fusion32_fusionL1_drop0p2_trmiss80_trlocclin,35,0.3690604642033577,0.6526757478713989,0.5926724137931034,0.7602625074876137,0.6666666666666666,0.0,0.0,0.0,0.0,2002,clin,0.8
3,5,lr1e-04_bs16_modL1_fusion32_fusionL1_drop0p2_trmiss80_trlocclin,16,0.0001,1,32,1,0.2,lr1e-04_bs16_modL1_fusion32_fusionL1_drop0p2_trmiss80_trlocclin,36,0.32831545422474545,0.6526591976483663,0.5969827586206897,0.7636253331042506,0.6666666666666666,0.0,0.0,0.0,0.0,2002,clin,0.8
3,5,lr1e-04_bs16_modL1_fusion32_fusionL1_drop0p2_trmiss80_trlocclin,16,0.0001,1,32,1,0.2,lr1e-04_bs16_modL1_fusion32_fusionL1_drop0p2_trmiss80_trlocclin,37,0.3557866116364797,0.6541760961214701,0.6077586206896551,0.7630649022722424,0.6666666666666666,0.0,0.0,0.0,0.0,2002,clin,0.8
3,5,lr1e-04_bs16_modL1_fusion32_fusionL1_drop0p2_trmiss80_trlocclin,16,0.0001,1,32,1,0.2,lr1e-04_bs16_modL1_fusion32_fusionL1_drop0p2_trmiss80_trlocclin,38,0.3498905077576637,0.654067317644755,0.6077586206896552,0.7745317279737192,0.6222222222222222,0.0,0.0,0.0,0.0,2002,clin,0.8
3,5,lr1e-04_bs16_modL1_fusion32_fusionL1_drop0p1_trmiss80_trlocclin,16,0.0001,1,32,1,0.1,lr1e-04_bs16_modL1_fusion32_fusionL1_drop0p1_trmiss80_trlocclin,1,0.7212541550397873,0.6690486669540405,0.6336206896551724,0.7696586907205457,0.6222222222222222,0.0,0.0,0.0,0.0,2002,clin,0.8
3,5,lr1e-04_bs16_modL1_fusion32_fusionL1_drop0p1_trmiss80_trlocclin,16,0.0001,1,32,1,0.1,lr1e-04_bs16_modL1_fusion32_fusionL1_drop0p1_trmiss80_trlocclin,2,0.6320799787839254,0.6464373071988424,0.7025862068965517,0.8110395367663072,0.6888888888888889,0.0,0.0,0.0,0.0,2002,clin,0.8
3,5,lr1e-04_bs16_modL1_fusion32_fusionL1_drop0p1_trmiss80_trlocclin,16,0.0001,1,32,1,0.1,lr1e-04_bs16_modL1_fusion32_fusionL1_drop0p1_trmiss80_trlocclin,3,0.6235242784023285,0.6442148486773173,0.7004310344827587,0.824762777940073,0.6666666666666666,0.0,0.0,0.0,0.0,2002,clin,0.8
3,5,lr1e-04_bs16_modL1_fusion32_fusionL1_drop0p1_trmiss80_trlocclin,16,0.0001,1,32,1,0.1,lr1e-04_bs16_modL1_fusion32_fusionL1_drop0p1_trmiss80_trlocclin,4,0.6239580263694128,0.6424393057823181,0.7047413793103448,0.8312037638703151,0.7111111111111111,0.0,0.0,0.0,0.0,2002,clin,0.8
3,5,lr1e-04_bs16_modL1_fusion32_fusionL1_drop0p1_trmiss80_trlocclin,16,0.0001,1,32,1,0.1,lr1e-04_bs16_modL1_fusion32_fusionL1_drop0p1_trmiss80_trlocclin,5,0.5806857993205389,0.6339365641276041,0.7133620689655172,0.8338653206334792,0.6666666666666666,0.0,0.0,0.0,0.0,2002,clin,0.8
3,5,lr1e-04_bs16_modL1_fusion32_fusionL1_drop0p1_trmiss80_trlocclin,16,0.0001,1,32,1,0.1,lr1e-04_bs16_modL1_fusion32_fusionL1_drop0p1_trmiss80_trlocclin,6,0.5726482023795446,0.6276666522026062,0.7327586206896551,0.846484381508525,0.7111111111111111,0.0,0.0,0.0,0.0,2002,clin,0.8
3,5,lr1e-04_bs16_modL1_fusion32_fusionL1_drop0p1_trmiss80_trlocclin,16,0.0001,1,32,1,0.1,lr1e-04_bs16_modL1_fusion32_fusionL1_drop0p1_trmiss80_trlocclin,7,0.549094095826149,0.6339766184488932,0.6918103448275863,0.8241916314599196,0.6,0.0,0.0,0.0,0.0,2002,clin,0.8
3,5,lr1e-04_bs16_modL1_fusion32_fusionL1_drop0p1_trmiss80_trlocclin,16,0.0001,1,32,1,0.1,lr1e-04_bs16_modL1_fusion32_fusionL1_drop0p1_trmiss80_trlocclin,8,0.5339287320772806,0.6352586547533671,0.6745689655172414,0.8105632207118634,0.6222222222222222,0.0,0.0,0.0,0.0,2002,clin,0.8
3,5,lr1e-04_bs16_modL1_fusion32_fusionL1_drop0p1_trmiss80_trlocclin,16,0.0001,1,32,1,0.1,lr1e-04_bs16_modL1_fusion32_fusionL1_drop0p1_trmiss80_trlocclin,9,0.5239129811525345,0.6448091665903727,0.6228448275862069,0.7918222459996458,0.6,0.0,0.0,0.0,0.0,2002,clin,0.8
3,5,lr1e-04_bs16_modL1_fusion32_fusionL1_drop0p1_trmiss80_trlocclin,16,0.0001,1,32,1,0.1,lr1e-04_bs16_modL1_fusion32_fusionL1_drop0p1_trmiss80_trlocclin,10,0.497554453710715,0.6450878381729126,0.6271551724137931,0.7935674542754123,0.6,0.0,0.0,0.0,0.0,2002,clin,0.8
3,5,lr1e-04_bs16_modL1_fusion32_fusionL1_drop0p1_trmiss80_trlocclin,16,0.0001,1,32,1,0.1,lr1e-04_bs16_modL1_fusion32_fusionL1_drop0p1_trmiss80_trlocclin,11,0.5044957796732584,0.6493982474009196,0.6422413793103449,0.7939847173907923,0.5777777777777777,0.0,0.0,0.0,0.0,2002,clin,0.8
3,5,lr1e-04_bs16_modL1_fusion32_fusionL1_drop0p1_trmiss80_trlocclin,16,0.0001,1,32,1,0.1,lr1e-04_bs16_modL1_fusion32_fusionL1_drop0p1_trmiss80_trlocclin,12,0.4736228163043658,0.6446768045425415,0.6530172413793103,0.792570041447253,0.6,0.0,0.0,0.0,0.0,2002,clin,0.8
3,5,lr1e-04_bs16_modL1_fusion32_fusionL1_drop0p1_trmiss80_trlocclin,16,0.0001,1,32,1,0.1,lr1e-04_bs16_modL1_fusion32_fusionL1_drop0p1_trmiss80_trlocclin,13,0.4763560965657234,0.6516495744387308,0.6314655172413793,0.7860189843750689,0.5333333333333333,0.0,0.0,0.0,0.0,2002,clin,0.8
3,5,lr1e-04_bs16_modL1_fusion32_fusionL1_drop0p1_trmiss80_trlocclin,16,0.0001,1,32,1,0.1,lr1e-04_bs16_modL1_fusion32_fusionL1_drop0p1_trmiss80_trlocclin,14,0.4531008352835973,0.6575376192728678,0.6487068965517241,0.8008766631621762,0.6222222222222222,0.0,0.0,0.0,0.0,2002,clin,0.8
3,5,lr1e-04_bs16_modL1_fusion32_fusionL1_drop0p1_trmiss80_trlocclin,16,0.0001,1,32,1,0.1,lr1e-04_bs16_modL1_fusion32_fusionL1_drop0p1_trmiss80_trlocclin,15,0.44100840389728546,0.6418970823287964,0.6637931034482759,0.8086667860400547,0.6222222222222222,0.0,0.0,0.0,0.0,2002,clin,0.8
3,5,lr1e-04_bs16_modL1_fusion32_fusionL1_drop0p1_trmiss80_trlocclin,16,0.0001,1,32,1,0.1,lr1e-04_bs16_modL1_fusion32_fusionL1_drop0p1_trmiss80_trlocclin,16,0.4516779954234759,0.6431217789649963,0.6487068965517241,0.7991580278967734,0.6444444444444445,0.0,0.0,0.0,0.0,2002,clin,0.8
3,5,lr1e-04_bs16_modL1_fusion32_fusionL1_drop0p1_trmiss80_trlocclin,16,0.0001,1,32,1,0.1,lr1e-04_bs16_modL1_fusion32_fusionL1_drop0p1_trmiss80_trlocclin,17,0.45524973918994266,0.638771673043569,0.6681034482758621,0.8064647823330426,0.6222222222222222,0.0,0.0,0.0,0.0,2002,clin,0.8
3,5,lr1e-04_bs16_modL1_fusion32_fusionL1_drop0p1_trmiss80_trlocclin,16,0.0001,1,32,1,0.1,lr1e-04_bs16_modL1_fusion32_fusionL1_drop0p1_trmiss80_trlocclin,18,0.43814723938703537,0.6428428490956625,0.6551724137931033,0.7970321035739807,0.6444444444444445,0.0,0.0,0.0,0.0,2002,clin,0.8
3,5,lr1e-04_bs16_modL1_fusion32_fusionL1_drop0p1_trmiss80_trlocclin,16,0.0001,1,32,1,0.1,lr1e-04_bs16_modL1_fusion32_fusionL1_drop0p1_trmiss80_trlocclin,19,0.4162001858154933,0.6450494527816772,0.6508620689655172,0.7971954613775316,0.6222222222222222,0.0,0.0,0.0,0.0,2002,clin,0.8
3,5,lr1e-04_bs16_modL1_fusion32_fusionL1_drop0p1_trmiss80_trlocclin,16,0.0001,1,32,1,0.1,lr1e-04_bs16_modL1_fusion32_fusionL1_drop0p1_trmiss80_trlocclin,20,0.4244534944494565,0.6444232066472372,0.6487068965517241,0.7962931272960618,0.5777777777777777,0.0,0.0,0.0,0.0,2002,clin,0.8
3,5,lr1e-04_bs16_modL1_fusion32_fusionL1_drop0p1_trmiss80_trlocclin,16,0.0001,1,32,1,0.1,lr1e-04_bs16_modL1_fusion32_fusionL1_drop0p1_trmiss80_trlocclin,21,0.41914303600788116,0.6418768763542175,0.6530172413793104,0.7980682430209023,0.5777777777777777,0.0,0.0,0.0,0.0,2002,clin,0.8
3,5,lr1e-04_bs16_modL1_fusion32_fusionL1_drop0p1_trmiss80_trlocclin,16,0.0001,1,32,1,0.1,lr1e-04_bs16_modL1_fusion32_fusionL1_drop0p1_trmiss80_trlocclin,22,0.42125555872917175,0.6377712289492289,0.6637931034482758,0.8038641144447969,0.5777777777777777,0.0,0.0,0.0,0.0,2002,clin,0.8
3,5,lr1e-04_bs16_modL1_fusion32_fusionL1_drop0p1_trmiss80_trlocclin,16,0.0001,1,32,1,0.1,lr1e-04_bs16_modL1_fusion32_fusionL1_drop0p1_trmiss80_trlocclin,23,0.4199582412838936,0.6496172944704691,0.6530172413793104,0.7969387453345653,0.5777777777777777,0.0,0.0,0.0,0.0,2002,clin,0.8
3,5,lr1e-04_bs16_modL1_fusion32_fusionL1_drop0p1_trmiss80_trlocclin,16,0.0001,1,32,1,0.1,lr1e-04_bs16_modL1_fusion32_fusionL1_drop0p1_trmiss80_trlocclin,24,0.4132806931932767,0.6395633021990458,0.6788793103448276,0.8148658354153973,0.5777777777777777,0.0,0.0,0.0,0.0,2002,clin,0.8
3,5,lr1e-04_bs16_modL1_fusion32_fusionL1_drop0p1_trmiss80_trlocclin,16,0.0001,1,32,1,0.1,lr1e-04_bs16_modL1_fusion32_fusionL1_drop0p1_trmiss80_trlocclin,25,0.3967247009277344,0.6385329564412435,0.6681034482758621,0.8076062659823093,0.5777777777777777,0.0,0.0,0.0,0.0,2002,clin,0.8
3,5,lr1e-04_bs16_modL1_fusion32_fusionL1_drop0p1_trmiss80_trlocclin,16,0.0001,1,32,1,0.1,lr1e-04_bs16_modL1_fusion32_fusionL1_drop0p1_trmiss80_trlocclin,26,0.38760635753472644,0.6362016995747884,0.6745689655172413,0.8129063747544627,0.5777777777777777,0.0,0.0,0.0,0.0,2002,clin,0.8
3,5,lr1e-04_bs16_modL1_fusion64_fusionL1_drop0p2_trmiss80_trlocclin,16,0.0001,1,64,1,0.2,lr1e-04_bs16_modL1_fusion64_fusionL1_drop0p2_trmiss80_trlocclin,1,0.6810244570175806,0.6903572281201681,0.540948275862069,0.6786088208892928,0.6,0.0,0.0,0.0,0.0,2002,clin,0.8
3,5,lr1e-04_bs16_modL1_fusion64_fusionL1_drop0p2_trmiss80_trlocclin,16,0.0001,1,64,1,0.2,lr1e-04_bs16_modL1_fusion64_fusionL1_drop0p2_trmiss80_trlocclin,2,0.6359215974807739,0.686673104763031,0.5495689655172413,0.6916487835788022,0.6,0.0,0.0,0.0,0.0,2002,clin,0.8
3,5,lr1e-04_bs16_modL1_fusion64_fusionL1_drop0p2_trmiss80_trlocclin,16,0.0001,1,64,1,0.2,lr1e-04_bs16_modL1_fusion64_fusionL1_drop0p2_trmiss80_trlocclin,3,0.6267204980055491,0.6848040024439493,0.5668103448275862,0.7035617836496202,0.6444444444444445,0.0,0.0,0.0,0.0,2002,clin,0.8
3,5,lr1e-04_bs16_modL1_fusion64_fusionL1_drop0p2_trmiss80_trlocclin,16,0.0001,1,64,1,0.2,lr1e-04_bs16_modL1_fusion64_fusionL1_drop0p2_trmiss80_trlocclin,4,0.6189467956622442,0.6765199899673462,0.5754310344827587,0.7194051348485401,0.6222222222222222,0.0,0.0,0.0,0.0,2002,clin,0.8
3,5,lr1e-04_bs16_modL1_fusion64_fusionL1_drop0p2_trmiss80_trlocclin,16,0.0001,1,64,1,0.2,lr1e-04_bs16_modL1_fusion64_fusionL1_drop0p2_trmiss80_trlocclin,5,0.5582499404748281,0.669910728931427,0.5818965517241379,0.7406288300151885,0.6666666666666666,0.0,0.0,0.0,0.0,2002,clin,0.8
3,5,lr1e-04_bs16_modL1_fusion64_fusionL1_drop0p2_trmiss80_trlocclin,16,0.0001,1,64,1,0.2,lr1e-04_bs16_modL1_fusion64_fusionL1_drop0p2_trmiss80_trlocclin,6,0.5694635609785715,0.6631252765655518,0.6142241379310345,0.7439605440499992,0.6666666666666666,0.0,0.0,0.0,0.0,2002,clin,0.8
3,5,lr1e-04_bs16_modL1_fusion64_fusionL1_drop0p2_trmiss80_trlocclin,16,0.0001,1,64,1,0.2,lr1e-04_bs16_modL1_fusion64_fusionL1_drop0p2_trmiss80_trlocclin,7,0.5475451747576395,0.6563060084978739,0.625,0.7744842414313132,0.6444444444444445,0.0,0.0,0.0,0.0,2002,clin,0.8
3,5,lr1e-04_bs16_modL1_fusion64_fusionL1_drop0p2_trmiss80_trlocclin,16,0.0001,1,64,1,0.2,lr1e-04_bs16_modL1_fusion64_fusionL1_drop0p2_trmiss80_trlocclin,8,0.5426888838410378,0.6507018407185873,0.6293103448275862,0.7916776430623815,0.6888888888888889,0.0,0.0,0.0,0.0,2002,clin,0.8
3,5,lr1e-04_bs16_modL1_fusion64_fusionL1_drop0p2_trmiss80_trlocclin,16,0.0001,1,64,1,0.2,lr1e-04_bs16_modL1_fusion64_fusionL1_drop0p2_trmiss80_trlocclin,9,0.5213028565049171,0.6423235535621643,0.6443965517241379,0.7788524593032454,0.6888888888888889,0.0,0.0,0.0,0.0,2002,clin,0.8
3,5,lr1e-04_bs16_modL1_fusion64_fusionL1_drop0p2_trmiss80_trlocclin,16,0.0001,1,64,1,0.2,lr1e-04_bs16_modL1_fusion64_fusionL1_drop0p2_trmiss80_trlocclin,10,0.5324630886316299,0.6417384545008341,0.6508620689655172,0.7965116730293231,0.6888888888888889,0.0,0.0,0.0,0.0,2002,clin,0.8
3,5,lr1e-04_bs16_modL1_fusion64_fusionL1_drop0p2_trmiss80_trlocclin,16,0.0001,1,64,1,0.2,lr1e-04_bs16_modL1_fusion64_fusionL1_drop0p2_trmiss80_trlocclin,11,0.49794941147168476,0.6317197481791178,0.6831896551724138,0.8193197266221326,0.7111111111111111,0.0,0.0,0.0,0.0,2002,clin,0.8
3,5,lr1e-04_bs16_modL1_fusion64_fusionL1_drop0p2_trmiss80_trlocclin,16,0.0001,1,64,1,0.2,lr1e-04_bs16_modL1_fusion64_fusionL1_drop0p2_trmiss80_trlocclin,12,0.47251735627651215,0.6339415311813354,0.6875,0.8096225490051224,0.7111111111111111,0.0,0.0,0.0,0.0,2002,clin,0.8
3,5,lr1e-04_bs16_modL1_fusion64_fusionL1_drop0p2_trmiss80_trlocclin,16,0.0001,1,64,1,0.2,lr1e-04_bs16_modL1_fusion64_fusionL1_drop0p2_trmiss80_trlocclin,13,0.4715529705087344,0.6288123925526937,0.6896551724137931,0.8044182422829959,0.7333333333333333,0.0,0.0,0.0,0.0,2002,clin,0.8
3,5,lr1e-04_bs16_modL1_fusion64_fusionL1_drop0p2_trmiss80_trlocclin,16,0.0001,1,64,1,0.2,lr1e-04_bs16_modL1_fusion64_fusionL1_drop0p2_trmiss80_trlocclin,14,0.45188552389542264,0.6278068621953329,0.6810344827586208,0.7920417343623513,0.7333333333333333,0.0,0.0,0.0,0.0,2002,clin,0.8
3,5,lr1e-04_bs16_modL1_fusion64_fusionL1_drop0p2_trmiss80_trlocclin,16,0.0001,1,64,1,0.2,lr1e-04_bs16_modL1_fusion64_fusionL1_drop0p2_trmiss80_trlocclin,15,0.4410058408975601,0.6290596922238668,0.6918103448275862,0.7916899171976918,0.6888888888888889,0.0,0.0,0.0,0.0,2002,clin,0.8
3,5,lr1e-04_bs16_modL1_fusion64_fusionL1_drop0p2_trmiss80_trlocclin,16,0.0001,1,64,1,0.2,lr1e-04_bs16_modL1_fusion64_fusionL1_drop0p2_trmiss80_trlocclin,16,0.436956246693929,0.6159825722376505,0.7155172413793103,0.812864016078357,0.6888888888888889,0.0,0.0,0.0,0.0,2002,clin,0.8
3,5,lr1e-04_bs16_modL1_fusion64_fusionL1_drop0p2_trmiss80_trlocclin,16,0.0001,1,64,1,0.2,lr1e-04_bs16_modL1_fusion64_fusionL1_drop0p2_trmiss80_trlocclin,17,0.4325563634435336,0.6190281709035238,0.7025862068965518,0.799898765382758,0.6666666666666666,0.0,0.0,0.0,0.0,2002,clin,0.8
3,5,lr1e-04_bs16_modL1_fusion64_fusionL1_drop0p2_trmiss80_trlocclin,16,0.0001,1,64,1,0.2,lr1e-04_bs16_modL1_fusion64_fusionL1_drop0p2_trmiss80_trlocclin,18,0.4209728240966797,0.6145242055257162,0.7004310344827587,0.7907970230239211,0.6666666666666666,0.0,0.0,0.0,0.0,2002,clin,0.8
3,5,lr1e-04_bs16_modL1_fusion64_fusionL1_drop0p2_trmiss80_trlocclin,16,0.0001,1,64,1,0.2,lr1e-04_bs16_modL1_fusion64_fusionL1_drop0p2_trmiss80_trlocclin,19,0.4057241156697273,0.6264356176058451,0.6788793103448276,0.7862054206242745,0.6666666666666666,0.0,0.0,0.0,0.0,2002,clin,0.8
3,5,lr1e-04_bs16_modL1_fusion64_fusionL1_drop0p2_trmiss80_trlocclin,16,0.0001,1,64,1,0.2,lr1e-04_bs16_modL1_fusion64_fusionL1_drop0p2_trmiss80_trlocclin,20,0.38259636362393695,0.6264681816101074,0.6853448275862069,0.7794597199492531,0.6666666666666666,0.0,0.0,0.0,0.0,2002,clin,0.8
3,5,lr1e-04_bs16_modL1_fusion64_fusionL1_drop0p2_trmiss80_trlocclin,16,0.0001,1,64,1,0.2,lr1e-04_bs16_modL1_fusion64_fusionL1_drop0p2_trmiss80_trlocclin,21,0.3805791959166527,0.601910134156545,0.7155172413793103,0.8017066700175918,0.6888888888888889,0.0,0.0,0.0,0.0,2002,clin,0.8
3,5,lr1e-04_bs16_modL1_fusion64_fusionL1_drop0p2_trmiss80_trlocclin,16,0.0001,1,64,1,0.2,lr1e-04_bs16_modL1_fusion64_fusionL1_drop0p2_trmiss80_trlocclin,22,0.3782985086242358,0.6020721594492594,0.7112068965517242,0.8116366581892753,0.7111111111111111,0.0,0.0,0.0,0.0,2002,clin,0.8
3,5,lr1e-04_bs16_modL1_fusion64_fusionL1_drop0p2_trmiss80_trlocclin,16,0.0001,1,64,1,0.2,lr1e-04_bs16_modL1_fusion64_fusionL1_drop0p2_trmiss80_trlocclin,23,0.3647620628277461,0.6052329341570536,0.7047413793103449,0.7997800141934404,0.7111111111111111,0.0,0.0,0.0,0.0,2002,clin,0.8
3,5,lr1e-04_bs16_modL1_fusion64_fusionL1_drop0p2_trmiss80_trlocclin,16,0.0001,1,64,1,0.2,lr1e-04_bs16_modL1_fusion64_fusionL1_drop0p2_trmiss80_trlocclin,24,0.3497116540869077,0.6171475251515707,0.6896551724137931,0.7827262212453839,0.7111111111111111,0.0,0.0,0.0,0.0,2002,clin,0.8
3,5,lr1e-04_bs16_modL1_fusion64_fusionL1_drop0p2_trmiss80_trlocclin,16,0.0001,1,64,1,0.2,lr1e-04_bs16_modL1_fusion64_fusionL1_drop0p2_trmiss80_trlocclin,25,0.368221494058768,0.6331199606259664,0.6530172413793103,0.7674141388525281,0.6666666666666666,0.0,0.0,0.0,0.0,2002,clin,0.8
3,5,lr1e-04_bs16_modL1_fusion64_fusionL1_drop0p2_trmiss80_trlocclin,16,0.0001,1,64,1,0.2,lr1e-04_bs16_modL1_fusion64_fusionL1_drop0p2_trmiss80_trlocclin,26,0.34817364315191907,0.6182213226954142,0.6918103448275862,0.7843345807726468,0.6888888888888889,0.0,0.0,0.0,0.0,2002,clin,0.8
3,5,lr1e-04_bs16_modL1_fusion64_fusionL1_drop0p2_trmiss80_trlocclin,16,0.0001,1,64,1,0.2,lr1e-04_bs16_modL1_fusion64_fusionL1_drop0p2_trmiss80_trlocclin,27,0.32864049325386685,0.6256549954414368,0.665948275862069,0.7751505616391311,0.6444444444444445,0.0,0.0,0.0,0.0,2002,clin,0.8
3,5,lr1e-04_bs16_modL1_fusion64_fusionL1_drop0p2_trmiss80_trlocclin,16,0.0001,1,64,1,0.2,lr1e-04_bs16_modL1_fusion64_fusionL1_drop0p2_trmiss80_trlocclin,28,0.31502316892147064,0.6158571839332581,0.6810344827586208,0.7971892860088963,0.6666666666666666,0.0,0.0,0.0,0.0,2002,clin,0.8
3,5,lr1e-04_bs16_modL1_fusion64_fusionL1_drop0p2_trmiss80_trlocclin,16,0.0001,1,64,1,0.2,lr1e-04_bs16_modL1_fusion64_fusionL1_drop0p2_trmiss80_trlocclin,29,0.28650574137767154,0.6131306091944376,0.6831896551724138,0.7959078980552234,0.6666666666666666,0.0,0.0,0.0,0.0,2002,clin,0.8
3,5,lr1e-04_bs16_modL1_fusion64_fusionL1_drop0p2_trmiss80_trlocclin,16,0.0001,1,64,1,0.2,lr1e-04_bs16_modL1_fusion64_fusionL1_drop0p2_trmiss80_trlocclin,30,0.2990772910416126,0.6214548548062643,0.6767241379310346,0.7950260637448234,0.6222222222222222,0.0,0.0,0.0,0.0,2002,clin,0.8
3,5,lr1e-04_bs16_modL1_fusion64_fusionL1_drop0p2_trmiss80_trlocclin,16,0.0001,1,64,1,0.2,lr1e-04_bs16_modL1_fusion64_fusionL1_drop0p2_trmiss80_trlocclin,31,0.2840029262006283,0.6193626920382181,0.6810344827586208,0.7972364969897396,0.6444444444444445,0.0,0.0,0.0,0.0,2002,clin,0.8
3,5,lr1e-04_bs16_modL1_fusion64_fusionL1_drop0p2_trmiss80_trlocclin,16,0.0001,1,64,1,0.2,lr1e-04_bs16_modL1_fusion64_fusionL1_drop0p2_trmiss80_trlocclin,32,0.2955469737450282,0.6259211301803589,0.6637931034482759,0.7869039419124815,0.6222222222222222,0.0,0.0,0.0,0.0,2002,clin,0.8
3,5,lr1e-04_bs16_modL1_fusion64_fusionL1_drop0p2_trmiss80_trlocclin,16,0.0001,1,64,1,0.2,lr1e-04_bs16_modL1_fusion64_fusionL1_drop0p2_trmiss80_trlocclin,33,0.29306239634752274,0.6272234320640564,0.6422413793103449,0.7752961565009178,0.6444444444444445,0.0,0.0,0.0,0.0,2002,clin,0.8
3,5,lr1e-04_bs16_modL1_fusion64_fusionL1_drop0p2_trmiss80_trlocclin,16,0.0001,1,64,1,0.2,lr1e-04_bs16_modL1_fusion64_fusionL1_drop0p2_trmiss80_trlocclin,34,0.2788614245752494,0.6282232403755188,0.6443965517241379,0.7715449733631597,0.6444444444444445,0.0,0.0,0.0,0.0,2002,clin,0.8
3,5,lr1e-04_bs16_modL1_fusion64_fusionL1_drop0p2_trmiss80_trlocclin,16,0.0001,1,64,1,0.2,lr1e-04_bs16_modL1_fusion64_fusionL1_drop0p2_trmiss80_trlocclin,35,0.2719346607724826,0.6272615591684977,0.6487068965517241,0.7728842568509741,0.6444444444444445,0.0,0.0,0.0,0.0,2002,clin,0.8
3,5,lr1e-04_bs16_modL1_fusion64_fusionL1_drop0p2_trmiss80_trlocclin,16,0.0001,1,64,1,0.2,lr1e-04_bs16_modL1_fusion64_fusionL1_drop0p2_trmiss80_trlocclin,36,0.27800773705045384,0.626594603061676,0.6443965517241379,0.7656914001432146,0.6444444444444445,0.0,0.0,0.0,0.0,2002,clin,0.8
3,5,lr1e-04_bs16_modL1_fusion64_fusionL1_drop0p2_trmiss80_trlocclin,16,0.0001,1,64,1,0.2,lr1e-04_bs16_modL1_fusion64_fusionL1_drop0p2_trmiss80_trlocclin,37,0.2705796075363954,0.6332555810610453,0.6422413793103448,0.7642263926096954,0.6222222222222222,0.0,0.0,0.0,0.0,2002,clin,0.8
3,5,lr1e-04_bs16_modL1_fusion64_fusionL1_drop0p2_trmiss80_trlocclin,16,0.0001,1,64,1,0.2,lr1e-04_bs16_modL1_fusion64_fusionL1_drop0p2_trmiss80_trlocclin,38,0.272835124284029,0.6278754075368246,0.6422413793103449,0.7631267791696373,0.6444444444444445,0.0,0.0,0.0,0.0,2002,clin,0.8
3,5,lr1e-04_bs16_modL1_fusion64_fusionL1_drop0p2_trmiss80_trlocclin,16,0.0001,1,64,1,0.2,lr1e-04_bs16_modL1_fusion64_fusionL1_drop0p2_trmiss80_trlocclin,39,0.29720839982231456,0.6389662226041158,0.6336206896551724,0.7650770024461062,0.6222222222222222,0.0,0.0,0.0,0.0,2002,clin,0.8
3,5,lr1e-04_bs16_modL1_fusion64_fusionL1_drop0p2_trmiss80_trlocclin,16,0.0001,1,64,1,0.2,lr1e-04_bs16_modL1_fusion64_fusionL1_drop0p2_trmiss80_trlocclin,40,0.2506806527574857,0.6298714280128479,0.6487068965517242,0.7653223941926871,0.6222222222222222,0.0,0.0,0.0,0.0,2002,clin,0.8
3,5,lr1e-04_bs16_modL1_fusion64_fusionL1_drop0p2_trmiss80_trlocclin,16,0.0001,1,64,1,0.2,lr1e-04_bs16_modL1_fusion64_fusionL1_drop0p2_trmiss80_trlocclin,41,0.25169843931992847,0.6366991400718689,0.6379310344827586,0.764490380675274,0.6444444444444445,0.0,0.0,0.0,0.0,2002,clin,0.8
3,5,lr1e-04_bs16_modL1_fusion64_fusionL1_drop0p1_trmiss80_trlocclin,16,0.0001,1,64,1,0.1,lr1e-04_bs16_modL1_fusion64_fusionL1_drop0p1_trmiss80_trlocclin,1,0.7129506270090739,0.6861270666122437,0.603448275862069,0.7360147054051295,0.5777777777777777,0.0,0.0,0.0,0.0,2002,clin,0.8
3,5,lr1e-04_bs16_modL1_fusion64_fusionL1_drop0p1_trmiss80_trlocclin,16,0.0001,1,64,1,0.1,lr1e-04_bs16_modL1_fusion64_fusionL1_drop0p1_trmiss80_trlocclin,2,0.6811705380678177,0.672923743724823,0.6637931034482758,0.7988332096773327,0.6,0.0,0.0,0.0,0.0,2002,clin,0.8
3,5,lr1e-04_bs16_modL1_fusion64_fusionL1_drop0p1_trmiss80_trlocclin,16,0.0001,1,64,1,0.1,lr1e-04_bs16_modL1_fusion64_fusionL1_drop0p1_trmiss80_trlocclin,3,0.6480553100506464,0.6696608463923136,0.6681034482758621,0.7921857361983062,0.6222222222222222,0.0,0.0,0.0,0.0,2002,clin,0.8
3,5,lr1e-04_bs16_modL1_fusion64_fusionL1_drop0p1_trmiss80_trlocclin,16,0.0001,1,64,1,0.1,lr1e-04_bs16_modL1_fusion64_fusionL1_drop0p1_trmiss80_trlocclin,4,0.6127367417017618,0.6534682512283325,0.689655172413793,0.8063592093166878,0.6444444444444445,0.0,0.0,0.0,0.0,2002,clin,0.8
3,5,lr1e-04_bs16_modL1_fusion64_fusionL1_drop0p1_trmiss80_trlocclin,16,0.0001,1,64,1,0.1,lr1e-04_bs16_modL1_fusion64_fusionL1_drop0p1_trmiss80_trlocclin,5,0.5811899304389954,0.6506860256195068,0.6831896551724138,0.8097643521841686,0.6444444444444445,0.0,0.0,0.0,0.0,2002,clin,0.8
3,5,lr1e-04_bs16_modL1_fusion64_fusionL1_drop0p1_trmiss80_trlocclin,16,0.0001,1,64,1,0.1,lr1e-04_bs16_modL1_fusion64_fusionL1_drop0p1_trmiss80_trlocclin,6,0.5671975463628769,0.6558644771575928,0.6767241379310345,0.8080710359721064,0.6666666666666666,0.0,0.0,0.0,0.0,2002,clin,0.8
3,5,lr1e-04_bs16_modL1_fusion64_fusionL1_drop0p1_trmiss80_trlocclin,16,0.0001,1,64,1,0.1,lr1e-04_bs16_modL1_fusion64_fusionL1_drop0p1_trmiss80_trlocclin,7,0.5247136652469635,0.646499772866567,0.6681034482758621,0.7979427031991748,0.6444444444444445,0.0,0.0,0.0,0.0,2002,clin,0.8
3,5,lr1e-04_bs16_modL1_fusion64_fusionL1_drop0p1_trmiss80_trlocclin,16,0.0001,1,64,1,0.1,lr1e-04_bs16_modL1_fusion64_fusionL1_drop0p1_trmiss80_trlocclin,8,0.5214352781573931,0.6420769294102987,0.6874999999999999,0.8235343991754538,0.6444444444444445,0.0,0.0,0.0,0.0,2002,clin,0.8
3,5,lr1e-04_bs16_modL1_fusion64_fusionL1_drop0p1_trmiss80_trlocclin,16,0.0001,1,64,1,0.1,lr1e-04_bs16_modL1_fusion64_fusionL1_drop0p1_trmiss80_trlocclin,9,0.5184136604269346,0.6532154679298401,0.6616379310344828,0.7955121375236611,0.6666666666666666,0.0,0.0,0.0,0.0,2002,clin,0.8
3,5,lr1e-04_bs16_modL1_fusion64_fusionL1_drop0p1_trmiss80_trlocclin,16,0.0001,1,64,1,0.1,lr1e-04_bs16_modL1_fusion64_fusionL1_drop0p1_trmiss80_trlocclin,10,0.517581564684709,0.6513498425483704,0.6745689655172414,0.7901712734498633,0.6888888888888889,0.0,0.0,0.0,0.0,2002,clin,0.8
3,5,lr1e-04_bs16_modL1_fusion64_fusionL1_drop0p1_trmiss80_trlocclin,16,0.0001,1,64,1,0.1,lr1e-04_bs16_modL1_fusion64_fusionL1_drop0p1_trmiss80_trlocclin,11,0.47577330966790515,0.6295580665270487,0.7176724137931034,0.8268545160667016,0.6888888888888889,0.0,0.0,0.0,0.0,2002,clin,0.8
3,5,lr1e-04_bs16_modL1_fusion64_fusionL1_drop0p1_trmiss80_trlocclin,16,0.0001,1,64,1,0.1,lr1e-04_bs16_modL1_fusion64_fusionL1_drop0p1_trmiss80_trlocclin,12,0.44612961014111835,0.6309894720713297,0.6961206896551724,0.8085599738519686,0.6666666666666666,0.0,0.0,0.0,0.0,2002,clin,0.8
3,5,lr1e-04_bs16_modL1_fusion64_fusionL1_drop0p1_trmiss80_trlocclin,16,0.0001,1,64,1,0.1,lr1e-04_bs16_modL1_fusion64_fusionL1_drop0p1_trmiss80_trlocclin,13,0.45551315943400067,0.6303294897079468,0.6961206896551724,0.8206958169698579,0.6444444444444445,0.0,0.0,0.0,0.0,2002,clin,0.8
3,5,lr1e-04_bs16_modL1_fusion64_fusionL1_drop0p1_trmiss80_trlocclin,16,0.0001,1,64,1,0.1,lr1e-04_bs16_modL1_fusion64_fusionL1_drop0p1_trmiss80_trlocclin,14,0.4311053951581319,0.6193296114603678,0.709051724137931,0.8283473308141238,0.6444444444444445,0.0,0.0,0.0,0.0,2002,clin,0.8
3,5,lr1e-04_bs16_modL1_fusion64_fusionL1_drop0p1_trmiss80_trlocclin,16,0.0001,1,64,1,0.1,lr1e-04_bs16_modL1_fusion64_fusionL1_drop0p1_trmiss80_trlocclin,15,0.42890148361523944,0.6206879814465841,0.6918103448275862,0.8126121158085766,0.6222222222222222,0.0,0.0,0.0,0.0,2002,clin,0.8
3,5,lr1e-04_bs16_modL1_fusion64_fusionL1_drop0p1_trmiss80_trlocclin,16,0.0001,1,64,1,0.1,lr1e-04_bs16_modL1_fusion64_fusionL1_drop0p1_trmiss80_trlocclin,16,0.39362475524346036,0.6247899333635966,0.6961206896551724,0.8193352194750951,0.6,0.0,0.0,0.0,0.0,2002,clin,0.8
3,5,lr1e-04_bs16_modL1_fusion64_fusionL1_drop0p1_trmiss80_trlocclin,16,0.0001,1,64,1,0.1,lr1e-04_bs16_modL1_fusion64_fusionL1_drop0p1_trmiss80_trlocclin,17,0.3806452925006549,0.618965208530426,0.7004310344827586,0.8297792123790897,0.6666666666666666,0.0,0.0,0.0,0.0,2002,clin,0.8
3,5,lr1e-04_bs16_modL1_fusion64_fusionL1_drop0p1_trmiss80_trlocclin,16,0.0001,1,64,1,0.1,lr1e-04_bs16_modL1_fusion64_fusionL1_drop0p1_trmiss80_trlocclin,18,0.375383401910464,0.6161569754282633,0.7176724137931034,0.8423520336253967,0.6444444444444445,0.0,0.0,0.0,0.0,2002,clin,0.8
3,5,lr1e-04_bs16_modL1_fusion64_fusionL1_drop0p1_trmiss80_trlocclin,16,0.0001,1,64,1,0.1,lr1e-04_bs16_modL1_fusion64_fusionL1_drop0p1_trmiss80_trlocclin,19,0.36894387006759644,0.6145216425259908,0.6982758620689655,0.8266896660192566,0.6444444444444445,0.0,0.0,0.0,0.0,2002,clin,0.8
3,5,lr1e-04_bs16_modL1_fusion64_fusionL1_drop0p1_trmiss80_trlocclin,16,0.0001,1,64,1,0.1,lr1e-04_bs16_modL1_fusion64_fusionL1_drop0p1_trmiss80_trlocclin,20,0.3549118936061859,0.6103410522143046,0.7133620689655172,0.8359430144985935,0.6666666666666666,0.0,0.0,0.0,0.0,2002,clin,0.8
3,5,lr1e-04_bs16_modL1_fusion64_fusionL1_drop0p1_trmiss80_trlocclin,16,0.0001,1,64,1,0.1,lr1e-04_bs16_modL1_fusion64_fusionL1_drop0p1_trmiss80_trlocclin,21,0.3417203004161517,0.6070148547490438,0.6982758620689655,0.8109187875608062,0.6666666666666666,0.0,0.0,0.0,0.0,2002,clin,0.8
3,5,lr1e-04_bs16_modL1_fusion64_fusionL1_drop0p1_trmiss80_trlocclin,16,0.0001,1,64,1,0.1,lr1e-04_bs16_modL1_fusion64_fusionL1_drop0p1_trmiss80_trlocclin,22,0.34442827353874844,0.6104206840197245,0.7047413793103448,0.8156724634370509,0.6666666666666666,0.0,0.0,0.0,0.0,2002,clin,0.8
3,5,lr1e-04_bs16_modL1_fusion64_fusionL1_drop0p1_trmiss80_trlocclin,16,0.0001,1,64,1,0.1,lr1e-04_bs16_modL1_fusion64_fusionL1_drop0p1_trmiss80_trlocclin,23,0.3280829042196274,0.6099730531374613,0.7047413793103448,0.8104356085590851,0.7111111111111111,0.0,0.0,0.0,0.0,2002,clin,0.8
3,5,lr1e-04_bs16_modL1_fusion64_fusionL1_drop0p1_trmiss80_trlocclin,16,0.0001,1,64,1,0.1,lr1e-04_bs16_modL1_fusion64_fusionL1_drop0p1_trmiss80_trlocclin,24,0.3100649068752925,0.6030924717585245,0.7219827586206896,0.8290188363721585,0.7111111111111111,0.0,0.0,0.0,0.0,2002,clin,0.8
3,5,lr1e-04_bs16_modL1_fusion64_fusionL1_drop0p1_trmiss80_trlocclin,16,0.0001,1,64,1,0.1,lr1e-04_bs16_modL1_fusion64_fusionL1_drop0p1_trmiss80_trlocclin,25,0.3057187423110008,0.5975033243497213,0.7349137931034483,0.8435842383152259,0.6888888888888889,0.0,0.0,0.0,0.0,2002,clin,0.8
3,5,lr1e-04_bs16_modL1_fusion64_fusionL1_drop0p1_trmiss80_trlocclin,16,0.0001,1,64,1,0.1,lr1e-04_bs16_modL1_fusion64_fusionL1_drop0p1_trmiss80_trlocclin,26,0.2893563434481621,0.5922167897224426,0.7370689655172413,0.8327945625684288,0.7111111111111111,0.0,0.0,0.0,0.0,2002,clin,0.8
3,5,lr1e-04_bs16_modL1_fusion64_fusionL1_drop0p1_trmiss80_trlocclin,16,0.0001,1,64,1,0.1,lr1e-04_bs16_modL1_fusion64_fusionL1_drop0p1_trmiss80_trlocclin,27,0.29303884878754616,0.614833136399587,0.6875,0.8122773489673873,0.6444444444444445,0.0,0.0,0.0,0.0,2002,clin,0.8
3,5,lr1e-04_bs16_modL1_fusion64_fusionL1_drop0p1_trmiss80_trlocclin,16,0.0001,1,64,1,0.1,lr1e-04_bs16_modL1_fusion64_fusionL1_drop0p1_trmiss80_trlocclin,28,0.2973153355220954,0.6108475128809611,0.6853448275862069,0.8061606301691885,0.6888888888888889,0.0,0.0,0.0,0.0,2002,clin,0.8
3,5,lr1e-04_bs16_modL1_fusion64_fusionL1_drop0p1_trmiss80_trlocclin,16,0.0001,1,64,1,0.1,lr1e-04_bs16_modL1_fusion64_fusionL1_drop0p1_trmiss80_trlocclin,29,0.2742769407729308,0.5940299232800802,0.7198275862068966,0.8271137843257951,0.6666666666666666,0.0,0.0,0.0,0.0,2002,clin,0.8
3,5,lr1e-04_bs16_modL1_fusion64_fusionL1_drop0p1_trmiss80_trlocclin,16,0.0001,1,64,1,0.1,lr1e-04_bs16_modL1_fusion64_fusionL1_drop0p1_trmiss80_trlocclin,30,0.24840154747168222,0.5920533339182535,0.7155172413793103,0.830554204815523,0.7111111111111111,0.0,0.0,0.0,0.0,2002,clin,0.8
3,5,lr1e-04_bs16_modL1_fusion64_fusionL1_drop0p1_trmiss80_trlocclin,16,0.0001,1,64,1,0.1,lr1e-04_bs16_modL1_fusion64_fusionL1_drop0p1_trmiss80_trlocclin,31,0.26122285425662994,0.5800393422444662,0.728448275862069,0.8416301878989938,0.7111111111111111,0.0,0.0,0.0,0.0,2002,clin,0.8
3,5,lr1e-04_bs16_modL1_fusion64_fusionL1_drop0p1_trmiss80_trlocclin,16,0.0001,1,64,1,0.1,lr1e-04_bs16_modL1_fusion64_fusionL1_drop0p1_trmiss80_trlocclin,32,0.2821476881702741,0.6010623176892599,0.7047413793103449,0.8188096319932352,0.6888888888888889,0.0,0.0,0.0,0.0,2002,clin,0.8
3,5,lr1e-04_bs16_modL1_fusion64_fusionL1_drop0p1_trmiss80_trlocclin,16,0.0001,1,64,1,0.1,lr1e-04_bs16_modL1_fusion64_fusionL1_drop0p1_trmiss80_trlocclin,33,0.22933290153741837,0.6054582993189493,0.6961206896551724,0.8002428046489868,0.6666666666666666,0.0,0.0,0.0,0.0,2002,clin,0.8
3,5,lr1e-04_bs16_modL1_fusion64_fusionL1_drop0p1_trmiss80_trlocclin,16,0.0001,1,64,1,0.1,lr1e-04_bs16_modL1_fusion64_fusionL1_drop0p1_trmiss80_trlocclin,34,0.23495359967152277,0.6018477479616801,0.6939655172413793,0.7960428972900085,0.7111111111111111,0.0,0.0,0.0,0.0,2002,clin,0.8
3,5,lr1e-04_bs16_modL1_fusion64_fusionL1_drop0p1_trmiss80_trlocclin,16,0.0001,1,64,1,0.1,lr1e-04_bs16_modL1_fusion64_fusionL1_drop0p1_trmiss80_trlocclin,35,0.2114588531355063,0.6066613892714182,0.6853448275862069,0.7907898242350083,0.7111111111111111,0.0,0.0,0.0,0.0,2002,clin,0.8
3,5,lr1e-04_bs16_modL1_fusion64_fusionL1_drop0p1_trmiss80_trlocclin,16,0.0001,1,64,1,0.1,lr1e-04_bs16_modL1_fusion64_fusionL1_drop0p1_trmiss80_trlocclin,36,0.2364881969988346,0.6087734202543894,0.6767241379310345,0.7886979252767979,0.7111111111111111,0.0,0.0,0.0,0.0,2002,clin,0.8
3,5,lr1e-04_bs16_modL1_fusion64_fusionL1_drop0p1_trmiss80_trlocclin,16,0.0001,1,64,1,0.1,lr1e-04_bs16_modL1_fusion64_fusionL1_drop0p1_trmiss80_trlocclin,37,0.20579009999831518,0.601009319225947,0.6961206896551724,0.8025881009122805,0.7111111111111111,0.0,0.0,0.0,0.0,2002,clin,0.8
3,5,lr1e-04_bs16_modL1_fusion64_fusionL1_drop0p1_trmiss80_trlocclin,16,0.0001,1,64,1,0.1,lr1e-04_bs16_modL1_fusion64_fusionL1_drop0p1_trmiss80_trlocclin,38,0.228548314422369,0.6072956323623657,0.6810344827586207,0.7945073943612472,0.7111111111111111,0.0,0.0,0.0,0.0,2002,clin,0.8
3,5,lr1e-04_bs16_modL1_fusion64_fusionL1_drop0p1_trmiss80_trlocclin,16,0.0001,1,64,1,0.1,lr1e-04_bs16_modL1_fusion64_fusionL1_drop0p1_trmiss80_trlocclin,39,0.18868515640497208,0.607085645198822,0.6745689655172413,0.7967237545158719,0.6888888888888889,0.0,0.0,0.0,0.0,2002,clin,0.8
3,5,lr1e-04_bs16_modL1_fusion64_fusionL1_drop0p1_trmiss80_trlocclin,16,0.0001,1,64,1,0.1,lr1e-04_bs16_modL1_fusion64_fusionL1_drop0p1_trmiss80_trlocclin,40,0.20984163507819176,0.6082798838615417,0.6637931034482759,0.7763318341038913,0.7111111111111111,0.0,0.0,0.0,0.0,2002,clin,0.8
3,5,lr1e-04_bs16_modL1_fusion64_fusionL1_drop0p1_trmiss80_trlocclin,16,0.0001,1,64,1,0.1,lr1e-04_bs16_modL1_fusion64_fusionL1_drop0p1_trmiss80_trlocclin,41,0.20146727313597998,0.6141687830289205,0.6551724137931034,0.7928260583170843,0.6888888888888889,0.0,0.0,0.0,0.0,2002,clin,0.8
3,5,lr1e-04_bs16_modL1_fusion64_fusionL1_drop0p1_trmiss80_trlocclin,16,0.0001,1,64,1,0.1,lr1e-04_bs16_modL1_fusion64_fusionL1_drop0p1_trmiss80_trlocclin,42,0.21174608543515205,0.607938309510549,0.665948275862069,0.79545595851005,0.7111111111111111,0.0,0.0,0.0,0.0,2002,clin,0.8
3,5,lr1e-04_bs16_modL1_fusion64_fusionL1_drop0p1_trmiss80_trlocclin,16,0.0001,1,64,1,0.1,lr1e-04_bs16_modL1_fusion64_fusionL1_drop0p1_trmiss80_trlocclin,43,0.18151647473375002,0.5936128993829092,0.6918103448275862,0.8095836135095198,0.7111111111111111,0.0,0.0,0.0,0.0,2002,clin,0.8
3,5,lr1e-04_bs16_modL1_fusion64_fusionL1_drop0p1_trmiss80_trlocclin,16,0.0001,1,64,1,0.1,lr1e-04_bs16_modL1_fusion64_fusionL1_drop0p1_trmiss80_trlocclin,44,0.17616986483335495,0.5931072235107422,0.6982758620689655,0.8183980591083369,0.7111111111111111,0.0,0.0,0.0,0.0,2002,clin,0.8
3,5,lr1e-04_bs16_modL1_fusion64_fusionL1_drop0p1_trmiss80_trlocclin,16,0.0001,1,64,1,0.1,lr1e-04_bs16_modL1_fusion64_fusionL1_drop0p1_trmiss80_trlocclin,45,0.17472484211126962,0.590843141078949,0.6875,0.8100515566916573,0.7111111111111111,0.0,0.0,0.0,0.0,2002,clin,0.8
3,5,lr1e-04_bs16_modL1_fusion64_fusionL1_drop0p1_trmiss80_trlocclin,16,0.0001,1,64,1,0.1,lr1e-04_bs16_modL1_fusion64_fusionL1_drop0p1_trmiss80_trlocclin,46,0.18128211920460066,0.598853180805842,0.685344827586207,0.7986877712568171,0.7333333333333333,0.0,0.0,0.0,0.0,2002,clin,0.8
3,5,lr5e-05_bs32_modL1_fusion32_fusionL1_drop0p2_trmiss80_trlocclin,32,5e-05,1,32,1,0.2,lr5e-05_bs32_modL1_fusion32_fusionL1_drop0p2_trmiss80_trlocclin,1,0.6896485189596812,0.6970086693763733,0.4051724137931034,0.622684346015124,0.4,0.0,0.0,0.0,0.0,2002,clin,0.8
3,5,lr5e-05_bs32_modL1_fusion32_fusionL1_drop0p2_trmiss80_trlocclin,32,5e-05,1,32,1,0.2,lr5e-05_bs32_modL1_fusion32_fusionL1_drop0p2_trmiss80_trlocclin,2,0.6675540606180826,0.6957327127456665,0.41594827586206895,0.6525706549005795,0.4,0.0,0.0,0.0,0.0,2002,clin,0.8
3,5,lr5e-05_bs32_modL1_fusion32_fusionL1_drop0p2_trmiss80_trlocclin,32,5e-05,1,32,1,0.2,lr5e-05_bs32_modL1_fusion32_fusionL1_drop0p2_trmiss80_trlocclin,3,0.6426908373832703,0.6937933266162872,0.44396551724137934,0.6790817649272936,0.4222222222222222,0.0,0.0,0.0,0.0,2002,clin,0.8
3,5,lr5e-05_bs32_modL1_fusion32_fusionL1_drop0p2_trmiss80_trlocclin,32,5e-05,1,32,1,0.2,lr5e-05_bs32_modL1_fusion32_fusionL1_drop0p2_trmiss80_trlocclin,4,0.6312910417715708,0.6916410028934479,0.4568965517241379,0.6869014213272437,0.4666666666666667,0.0,0.0,0.0,0.0,2002,clin,0.8
3,5,lr5e-05_bs32_modL1_fusion32_fusionL1_drop0p2_trmiss80_trlocclin,32,5e-05,1,32,1,0.2,lr5e-05_bs32_modL1_fusion32_fusionL1_drop0p2_trmiss80_trlocclin,5,0.6061656673749288,0.6893698871135712,0.48060344827586204,0.6950415958736502,0.4888888888888889,0.0,0.0,0.0,0.0,2002,clin,0.8
3,5,lr5e-05_bs32_modL1_fusion32_fusionL1_drop0p2_trmiss80_trlocclin,32,5e-05,1,32,1,0.2,lr5e-05_bs32_modL1_fusion32_fusionL1_drop0p2_trmiss80_trlocclin,6,0.5930677652359009,0.6869647204875946,0.48706896551724144,0.7082487712220937,0.4666666666666667,0.0,0.0,0.0,0.0,2002,clin,0.8
3,5,lr5e-05_bs32_modL1_fusion32_fusionL1_drop0p2_trmiss80_trlocclin,32,5e-05,1,32,1,0.2,lr5e-05_bs32_modL1_fusion32_fusionL1_drop0p2_trmiss80_trlocclin,7,0.5906645456949869,0.6862333714962006,0.5021551724137931,0.7158006109244863,0.4888888888888889,0.0,0.0,0.0,0.0,2002,clin,0.8
3,5,lr5e-05_bs32_modL1_fusion32_fusionL1_drop0p2_trmiss80_trlocclin,32,5e-05,1,32,1,0.2,lr5e-05_bs32_modL1_fusion32_fusionL1_drop0p2_trmiss80_trlocclin,8,0.5841324826081594,0.6843204498291016,0.5129310344827587,0.7234421955684465,0.4888888888888889,0.0,0.0,0.0,0.0,2002,clin,0.8
3,5,lr5e-05_bs32_modL1_fusion32_fusionL1_drop0p2_trmiss80_trlocclin,32,5e-05,1,32,1,0.2,lr5e-05_bs32_modL1_fusion32_fusionL1_drop0p2_trmiss80_trlocclin,9,0.5758553942044576,0.6841075718402863,0.5,0.7145245398815936,0.4666666666666667,0.0,0.0,0.0,0.0,2002,clin,0.8
3,5,lr5e-05_bs32_modL1_fusion32_fusionL1_drop0p2_trmiss80_trlocclin,32,5e-05,1,32,1,0.2,lr5e-05_bs32_modL1_fusion32_fusionL1_drop0p2_trmiss80_trlocclin,10,0.5498997171719869,0.6828984320163727,0.5107758620689655,0.7184805070888687,0.4888888888888889,0.0,0.0,0.0,0.0,2002,clin,0.8
3,5,lr5e-05_bs32_modL1_fusion32_fusionL1_drop0p2_trmiss80_trlocclin,32,5e-05,1,32,1,0.2,lr5e-05_bs32_modL1_fusion32_fusionL1_drop0p2_trmiss80_trlocclin,11,0.553986519575119,0.6843059659004211,0.5172413793103449,0.7245677804609207,0.4666666666666667,0.0,0.0,0.0,0.0,2002,clin,0.8
3,5,lr5e-05_bs32_modL1_fusion32_fusionL1_drop0p2_trmiss80_trlocclin,32,5e-05,1,32,1,0.2,lr5e-05_bs32_modL1_fusion32_fusionL1_drop0p2_trmiss80_trlocclin,12,0.5589116712411245,0.6823887825012207,0.5280172413793104,0.729775993854252,0.4666666666666667,0.0,0.0,0.0,0.0,2002,clin,0.8
3,5,lr5e-05_bs32_modL1_fusion32_fusionL1_drop0p2_trmiss80_trlocclin,32,5e-05,1,32,1,0.2,lr5e-05_bs32_modL1_fusion32_fusionL1_drop0p2_trmiss80_trlocclin,13,0.5488507846991221,0.6792604327201843,0.5237068965517242,0.7274273229884466,0.4222222222222222,0.0,0.0,0.0,0.0,2002,clin,0.8
3,5,lr5e-05_bs32_modL1_fusion32_fusionL1_drop0p2_trmiss80_trlocclin,32,5e-05,1,32,1,0.2,lr5e-05_bs32_modL1_fusion32_fusionL1_drop0p2_trmiss80_trlocclin,14,0.5343736410140991,0.6765966713428497,0.5366379310344828,0.7397759938542519,0.4222222222222222,0.0,0.0,0.0,0.0,2002,clin,0.8
3,5,lr5e-05_bs32_modL1_fusion32_fusionL1_drop0p2_trmiss80_trlocclin,32,5e-05,1,32,1,0.2,lr5e-05_bs32_modL1_fusion32_fusionL1_drop0p2_trmiss80_trlocclin,15,0.5528022547562917,0.675070732831955,0.5452586206896551,0.7455456410960888,0.4222222222222222,0.0,0.0,0.0,0.0,2002,clin,0.8
3,5,lr5e-05_bs32_modL1_fusion32_fusionL1_drop0p2_trmiss80_trlocclin,32,5e-05,1,32,1,0.2,lr5e-05_bs32_modL1_fusion32_fusionL1_drop0p2_trmiss80_trlocclin,16,0.5387991368770599,0.6764872074127197,0.5366379310344828,0.7351114038803314,0.4222222222222222,0.0,0.0,0.0,0.0,2002,clin,0.8
3,5,lr5e-05_bs32_modL1_fusion32_fusionL1_drop0p2_trmiss80_trlocclin,32,5e-05,1,32,1,0.2,lr5e-05_bs32_modL1_fusion32_fusionL1_drop0p2_trmiss80_trlocclin,17,0.5168012430270513,0.6771262884140015,0.5387931034482758,0.7372665762941245,0.4666666666666667,0.0,0.0,0.0,0.0,2002,clin,0.8
3,5,lr5e-05_bs32_modL1_fusion32_fusionL1_drop0p2_trmiss80_trlocclin,32,5e-05,1,32,1,0.2,lr5e-05_bs32_modL1_fusion32_fusionL1_drop0p2_trmiss80_trlocclin,18,0.48746151228745777,0.6774016320705414,0.5323275862068966,0.7382148521561935,0.4444444444444444,0.0,0.0,0.0,0.0,2002,clin,0.8
3,5,lr5e-05_bs32_modL1_fusion32_fusionL1_drop0p2_trmiss80_trlocclin,32,5e-05,1,32,1,0.2,lr5e-05_bs32_modL1_fusion32_fusionL1_drop0p2_trmiss80_trlocclin,19,0.5188930928707123,0.6775567829608917,0.5344827586206896,0.7428394276092092,0.4444444444444444,0.0,0.0,0.0,0.0,2002,clin,0.8
3,5,lr5e-05_bs32_modL1_fusion32_fusionL1_drop0p2_trmiss80_trlocclin,32,5e-05,1,32,1,0.2,lr5e-05_bs32_modL1_fusion32_fusionL1_drop0p2_trmiss80_trlocclin,20,0.5047076443831126,0.6770809888839722,0.5366379310344827,0.7474354060962414,0.5111111111111111,0.0,0.0,0.0,0.0,2002,clin,0.8
3,5,lr5e-05_bs32_modL1_fusion32_fusionL1_drop0p2_trmiss80_trlocclin,32,5e-05,1,32,1,0.2,lr5e-05_bs32_modL1_fusion32_fusionL1_drop0p2_trmiss80_trlocclin,21,0.48533843954404193,0.6766586005687714,0.5452586206896552,0.7528859812349213,0.4666666666666667,0.0,0.0,0.0,0.0,2002,clin,0.8
3,5,lr5e-05_bs32_modL1_fusion32_fusionL1_drop0p2_trmiss80_trlocclin,32,5e-05,1,32,1,0.2,lr5e-05_bs32_modL1_fusion32_fusionL1_drop0p2_trmiss80_trlocclin,22,0.4873807678620021,0.6781322956085205,0.540948275862069,0.7450678329626099,0.4666666666666667,0.0,0.0,0.0,0.0,2002,clin,0.8
3,5,lr5e-05_bs32_modL1_fusion32_fusionL1_drop0p2_trmiss80_trlocclin,32,5e-05,1,32,1,0.2,lr5e-05_bs32_modL1_fusion32_fusionL1_drop0p2_trmiss80_trlocclin,23,0.4705815762281418,0.6793835759162903,0.5344827586206896,0.7413364633333164,0.5111111111111111,0.0,0.0,0.0,0.0,2002,clin,0.8
3,5,lr5e-05_bs32_modL1_fusion32_fusionL1_drop0p2_trmiss80_trlocclin,32,5e-05,1,32,1,0.2,lr5e-05_bs32_modL1_fusion32_fusionL1_drop0p2_trmiss80_trlocclin,24,0.4860566556453705,0.6786225438117981,0.5366379310344829,0.7488748088026962,0.5111111111111111,0.0,0.0,0.0,0.0,2002,clin,0.8
3,5,lr5e-05_bs32_modL1_fusion32_fusionL1_drop0p2_trmiss80_trlocclin,32,5e-05,1,32,1,0.2,lr5e-05_bs32_modL1_fusion32_fusionL1_drop0p2_trmiss80_trlocclin,25,0.48326483368873596,0.6772257089614868,0.5431034482758621,0.7548422227536185,0.4666666666666667,0.0,0.0,0.0,0.0,2002,clin,0.8
3,5,lr5e-05_bs32_modL1_fusion32_fusionL1_drop0p2_trmiss80_trlocclin,32,5e-05,1,32,1,0.2,lr5e-05_bs32_modL1_fusion32_fusionL1_drop0p2_trmiss80_trlocclin,26,0.4735460976759593,0.6746291816234589,0.5495689655172413,0.762750447221261,0.5111111111111111,0.0,0.0,0.0,0.0,2002,clin,0.8
3,5,lr5e-05_bs32_modL1_fusion32_fusionL1_drop0p2_trmiss80_trlocclin,32,5e-05,1,32,1,0.2,lr5e-05_bs32_modL1_fusion32_fusionL1_drop0p2_trmiss80_trlocclin,27,0.47526978453000385,0.6729383170604706,0.5560344827586207,0.7618207927122733,0.5333333333333333,0.0,0.0,0.0,0.0,2002,clin,0.8
3,5,lr5e-05_bs32_modL1_fusion32_fusionL1_drop0p2_trmiss80_trlocclin,32,5e-05,1,32,1,0.2,lr5e-05_bs32_modL1_fusion32_fusionL1_drop0p2_trmiss80_trlocclin,28,0.466399222612381,0.6739556789398193,0.5474137931034483,0.7537676708076102,0.5333333333333333,0.0,0.0,0.0,0.0,2002,clin,0.8
3,5,lr5e-05_bs32_modL1_fusion32_fusionL1_drop0p2_trmiss80_trlocclin,32,5e-05,1,32,1,0.2,lr5e-05_bs32_modL1_fusion32_fusionL1_drop0p2_trmiss80_trlocclin,29,0.4710671852032344,0.6753312647342682,0.5431034482758621,0.745699234393002,0.4888888888888889,0.0,0.0,0.0,0.0,2002,clin,0.8
3,5,lr5e-05_bs32_modL1_fusion32_fusionL1_drop0p2_trmiss80_trlocclin,32,5e-05,1,32,1,0.2,lr5e-05_bs32_modL1_fusion32_fusionL1_drop0p2_trmiss80_trlocclin,30,0.45526229838530224,0.6743775308132172,0.540948275862069,0.735590630526212,0.5333333333333333,0.0,0.0,0.0,0.0,2002,clin,0.8
3,5,lr5e-05_bs32_modL1_fusion32_fusionL1_drop0p2_trmiss80_trlocclin,32,5e-05,1,32,1,0.2,lr5e-05_bs32_modL1_fusion32_fusionL1_drop0p2_trmiss80_trlocclin,31,0.45784665644168854,0.6722653210163116,0.5387931034482758,0.7381191539524516,0.5777777777777777,0.0,0.0,0.0,0.0,2002,clin,0.8
3,5,lr5e-05_bs32_modL1_fusion32_fusionL1_drop0p2_trmiss80_trlocclin,32,5e-05,1,32,1,0.2,lr5e-05_bs32_modL1_fusion32_fusionL1_drop0p2_trmiss80_trlocclin,32,0.4618408928314845,0.6726191341876984,0.5387931034482759,0.7367151933443278,0.5777777777777777,0.0,0.0,0.0,0.0,2002,clin,0.8
3,5,lr5e-05_bs32_modL1_fusion32_fusionL1_drop0p2_trmiss80_trlocclin,32,5e-05,1,32,1,0.2,lr5e-05_bs32_modL1_fusion32_fusionL1_drop0p2_trmiss80_trlocclin,33,0.4666847785313924,0.6737149655818939,0.5344827586206897,0.7350855936933922,0.5555555555555556,0.0,0.0,0.0,0.0,2002,clin,0.8
3,5,lr5e-05_bs32_modL1_fusion32_fusionL1_drop0p2_trmiss80_trlocclin,32,5e-05,1,32,1,0.2,lr5e-05_bs32_modL1_fusion32_fusionL1_drop0p2_trmiss80_trlocclin,34,0.4567083418369293,0.6745316088199615,0.5366379310344828,0.7356262641247271,0.5777777777777777,0.0,0.0,0.0,0.0,2002,clin,0.8
3,5,lr5e-05_bs32_modL1_fusion32_fusionL1_drop0p2_trmiss80_trlocclin,32,5e-05,1,32,1,0.2,lr5e-05_bs32_modL1_fusion32_fusionL1_drop0p2_trmiss80_trlocclin,35,0.4340428610642751,0.6752896308898926,0.5301724137931034,0.724713039418399,0.5555555555555556,0.0,0.0,0.0,0.0,2002,clin,0.8
3,5,lr5e-05_bs32_modL1_fusion32_fusionL1_drop0p2_trmiss80_trlocclin,32,5e-05,1,32,1,0.2,lr5e-05_bs32_modL1_fusion32_fusionL1_drop0p2_trmiss80_trlocclin,36,0.47941429416338605,0.6751980483531952,0.521551724137931,0.7174202247245945,0.5555555555555556,0.0,0.0,0.0,0.0,2002,clin,0.8
3,5,lr5e-05_bs32_modL1_fusion32_fusionL1_drop0p2_trmiss80_trlocclin,32,5e-05,1,32,1,0.2,lr5e-05_bs32_modL1_fusion32_fusionL1_drop0p2_trmiss80_trlocclin,37,0.4558945645888646,0.6748054325580597,0.5301724137931034,0.7260517870623241,0.5555555555555556,0.0,0.0,0.0,0.0,2002,clin,0.8
3,5,lr5e-05_bs32_modL1_fusion32_fusionL1_drop0p2_trmiss80_trlocclin,32,5e-05,1,32,1,0.2,lr5e-05_bs32_modL1_fusion32_fusionL1_drop0p2_trmiss80_trlocclin,38,0.4680072069168091,0.6747101247310638,0.5366379310344828,0.7286399089766072,0.5555555555555556,0.0,0.0,0.0,0.0,2002,clin,0.8
3,5,lr5e-05_bs32_modL1_fusion32_fusionL1_drop0p2_trmiss80_trlocclin,32,5e-05,1,32,1,0.2,lr5e-05_bs32_modL1_fusion32_fusionL1_drop0p2_trmiss80_trlocclin,39,0.4437566598256429,0.6745107471942902,0.5431034482758621,0.7378661703963828,0.5777777777777777,0.0,0.0,0.0,0.0,2002,clin,0.8
3,5,lr5e-05_bs32_modL1_fusion32_fusionL1_drop0p2_trmiss80_trlocclin,32,5e-05,1,32,1,0.2,lr5e-05_bs32_modL1_fusion32_fusionL1_drop0p2_trmiss80_trlocclin,40,0.4424202690521876,0.6748040914535522,0.5301724137931034,0.7271559542336298,0.5555555555555556,0.0,0.0,0.0,0.0,2002,clin,0.8
3,5,lr5e-05_bs32_modL1_fusion32_fusionL1_drop0p2_trmiss80_trlocclin,32,5e-05,1,32,1,0.2,lr5e-05_bs32_modL1_fusion32_fusionL1_drop0p2_trmiss80_trlocclin,41,0.4383673220872879,0.6726077795028687,0.5366379310344828,0.73399394383024,0.5777777777777777,0.0,0.0,0.0,0.0,2002,clin,0.8
3,5,lr5e-05_bs32_modL1_fusion32_fusionL1_drop0p2_trmiss80_trlocclin,32,5e-05,1,32,1,0.2,lr5e-05_bs32_modL1_fusion32_fusionL1_drop0p2_trmiss80_trlocclin,42,0.43191473682721454,0.672540932893753,0.540948275862069,0.7352645920146338,0.5555555555555556,0.0,0.0,0.0,0.0,2002,clin,0.8
3,5,lr5e-05_bs32_modL1_fusion32_fusionL1_drop0p2_trmiss80_trlocclin,32,5e-05,1,32,1,0.2,lr5e-05_bs32_modL1_fusion32_fusionL1_drop0p2_trmiss80_trlocclin,43,0.41894277930259705,0.6723775863647461,0.5366379310344827,0.7319026049688789,0.5555555555555556,0.0,0.0,0.0,0.0,2002,clin,0.8
3,5,lr5e-05_bs32_modL1_fusion32_fusionL1_drop0p2_trmiss80_trlocclin,32,5e-05,1,32,1,0.2,lr5e-05_bs32_modL1_fusion32_fusionL1_drop0p2_trmiss80_trlocclin,44,0.42546192308266956,0.6717305481433868,0.5452586206896552,0.7359862117467847,0.5555555555555556,0.0,0.0,0.0,0.0,2002,clin,0.8
3,5,lr5e-05_bs32_modL1_fusion32_fusionL1_drop0p2_trmiss80_trlocclin,32,5e-05,1,32,1,0.2,lr5e-05_bs32_modL1_fusion32_fusionL1_drop0p2_trmiss80_trlocclin,45,0.4442441960175832,0.672870010137558,0.5387931034482758,0.7291375500058322,0.5777777777777777,0.0,0.0,0.0,0.0,2002,clin,0.8
3,5,lr5e-05_bs32_modL1_fusion32_fusionL1_drop0p2_trmiss80_trlocclin,32,5e-05,1,32,1,0.2,lr5e-05_bs32_modL1_fusion32_fusionL1_drop0p2_trmiss80_trlocclin,46,0.42188504338264465,0.6731204092502594,0.5431034482758621,0.7350005221523909,0.5555555555555556,0.0,0.0,0.0,0.0,2002,clin,0.8
3,5,lr5e-05_bs32_modL1_fusion32_fusionL1_drop0p2_trmiss80_trlocclin,32,5e-05,1,32,1,0.2,lr5e-05_bs32_modL1_fusion32_fusionL1_drop0p2_trmiss80_trlocclin,47,0.4336677740017573,0.6732637882232666,0.5387931034482759,0.7311187628313235,0.5333333333333333,0.0,0.0,0.0,0.0,2002,clin,0.8
3,5,lr5e-05_bs32_modL1_fusion32_fusionL1_drop0p1_trmiss80_trlocclin,32,5e-05,1,32,1,0.1,lr5e-05_bs32_modL1_fusion32_fusionL1_drop0p1_trmiss80_trlocclin,1,0.7003994484742483,0.7000931799411774,0.4331896551724138,0.6289874372663551,0.4444444444444444,0.0,0.0,0.0,0.0,2002,clin,0.8
3,5,lr5e-05_bs32_modL1_fusion32_fusionL1_drop0p1_trmiss80_trlocclin,32,5e-05,1,32,1,0.1,lr5e-05_bs32_modL1_fusion32_fusionL1_drop0p1_trmiss80_trlocclin,2,0.6774817506472269,0.6995389461517334,0.47198275862068967,0.6423532218751311,0.4888888888888889,0.0,0.0,0.0,0.0,2002,clin,0.8
3,5,lr5e-05_bs32_modL1_fusion32_fusionL1_drop0p1_trmiss80_trlocclin,32,5e-05,1,32,1,0.1,lr5e-05_bs32_modL1_fusion32_fusionL1_drop0p1_trmiss80_trlocclin,3,0.6490057607491811,0.7001518905162811,0.4870689655172414,0.6572662284463526,0.5333333333333333,0.0,0.0,0.0,0.0,2002,clin,0.8
3,5,lr5e-05_bs32_modL1_fusion32_fusionL1_drop0p1_trmiss80_trlocclin,32,5e-05,1,32,1,0.1,lr5e-05_bs32_modL1_fusion32_fusionL1_drop0p1_trmiss80_trlocclin,4,0.6294000049432119,0.7010656595230103,0.5043103448275863,0.6740322712113469,0.5555555555555556,0.0,0.0,0.0,0.0,2002,clin,0.8
3,5,lr5e-05_bs32_modL1_fusion32_fusionL1_drop0p1_trmiss80_trlocclin,32,5e-05,1,32,1,0.1,lr5e-05_bs32_modL1_fusion32_fusionL1_drop0p1_trmiss80_trlocclin,5,0.6252245803674062,0.7020120918750763,0.5452586206896552,0.6999726653494152,0.5333333333333333,0.0,0.0,0.0,0.0,2002,clin,0.8
3,5,lr5e-05_bs32_modL1_fusion32_fusionL1_drop0p1_trmiss80_trlocclin,32,5e-05,1,32,1,0.1,lr5e-05_bs32_modL1_fusion32_fusionL1_drop0p1_trmiss80_trlocclin,6,0.6073124806086222,0.700864315032959,0.5646551724137931,0.7111756028789076,0.5555555555555556,0.0,0.0,0.0,0.0,2002,clin,0.8
3,5,lr5e-05_bs32_modL1_fusion32_fusionL1_drop0p1_trmiss80_trlocclin,32,5e-05,1,32,1,0.1,lr5e-05_bs32_modL1_fusion32_fusionL1_drop0p1_trmiss80_trlocclin,7,0.6009021798769633,0.7008874118328094,0.5711206896551724,0.7139213453238815,0.5777777777777777,0.0,0.0,0.0,0.0,2002,clin,0.8
3,5,lr5e-05_bs32_modL1_fusion32_fusionL1_drop0p1_trmiss80_trlocclin,32,5e-05,1,32,1,0.1,lr5e-05_bs32_modL1_fusion32_fusionL1_drop0p1_trmiss80_trlocclin,8,0.578208456436793,0.6964341700077057,0.5797413793103449,0.7191961483389953,0.6222222222222222,0.0,0.0,0.0,0.0,2002,clin,0.8
3,5,lr5e-05_bs32_modL1_fusion32_fusionL1_drop0p1_trmiss80_trlocclin,32,5e-05,1,32,1,0.1,lr5e-05_bs32_modL1_fusion32_fusionL1_drop0p1_trmiss80_trlocclin,9,0.5586385428905487,0.6931023895740509,0.5926724137931035,0.7271114978434161,0.6,0.0,0.0,0.0,0.0,2002,clin,0.8
3,5,lr5e-05_bs32_modL1_fusion32_fusionL1_drop0p1_trmiss80_trlocclin,32,5e-05,1,32,1,0.1,lr5e-05_bs32_modL1_fusion32_fusionL1_drop0p1_trmiss80_trlocclin,10,0.5709784726301829,0.6895409524440765,0.605603448275862,0.731519056794864,0.6,0.0,0.0,0.0,0.0,2002,clin,0.8
3,5,lr5e-05_bs32_modL1_fusion32_fusionL1_drop0p1_trmiss80_trlocclin,32,5e-05,1,32,1,0.1,lr5e-05_bs32_modL1_fusion32_fusionL1_drop0p1_trmiss80_trlocclin,11,0.5549306869506836,0.6873746812343597,0.6099137931034483,0.735983784097143,0.6,0.0,0.0,0.0,0.0,2002,clin,0.8
3,5,lr5e-05_bs32_modL1_fusion32_fusionL1_drop0p1_trmiss80_trlocclin,32,5e-05,1,32,1,0.1,lr5e-05_bs32_modL1_fusion32_fusionL1_drop0p1_trmiss80_trlocclin,12,0.5394676625728607,0.688763439655304,0.6120689655172414,0.7350660454275373,0.6222222222222222,0.0,0.0,0.0,0.0,2002,clin,0.8
3,5,lr5e-05_bs32_modL1_fusion32_fusionL1_drop0p1_trmiss80_trlocclin,32,5e-05,1,32,1,0.1,lr5e-05_bs32_modL1_fusion32_fusionL1_drop0p1_trmiss80_trlocclin,13,0.5314268370469412,0.6913620829582214,0.6099137931034483,0.7334101726567179,0.6222222222222222,0.0,0.0,0.0,0.0,2002,clin,0.8
3,5,lr5e-05_bs32_modL1_fusion32_fusionL1_drop0p1_trmiss80_trlocclin,32,5e-05,1,32,1,0.1,lr5e-05_bs32_modL1_fusion32_fusionL1_drop0p1_trmiss80_trlocclin,14,0.5192700773477554,0.6919070780277252,0.6056034482758621,0.7324181975290165,0.6222222222222222,0.0,0.0,0.0,0.0,2002,clin,0.8
3,5,lr5e-05_bs32_modL1_fusion32_fusionL1_drop0p1_trmiss80_trlocclin,32,5e-05,1,32,1,0.1,lr5e-05_bs32_modL1_fusion32_fusionL1_drop0p1_trmiss80_trlocclin,15,0.5152279585599899,0.6881364583969116,0.6142241379310345,0.7390681365222886,0.6222222222222222,0.0,0.0,0.0,0.0,2002,clin,0.8
3,5,lr5e-05_bs32_modL1_fusion32_fusionL1_drop0p1_trmiss80_trlocclin,32,5e-05,1,32,1,0.1,lr5e-05_bs32_modL1_fusion32_fusionL1_drop0p1_trmiss80_trlocclin,16,0.5171928455432256,0.6878155767917633,0.6099137931034483,0.7354233330498989,0.6,0.0,0.0,0.0,0.0,2002,clin,0.8
3,5,lr5e-05_bs32_modL1_fusion32_fusionL1_drop0p1_trmiss80_trlocclin,32,5e-05,1,32,1,0.1,lr5e-05_bs32_modL1_fusion32_fusionL1_drop0p1_trmiss80_trlocclin,17,0.49666571617126465,0.6849949955940247,0.6120689655172413,0.7313938129420319,0.6,0.0,0.0,0.0,0.0,2002,clin,0.8
3,5,lr5e-05_bs32_modL1_fusion32_fusionL1_drop0p1_trmiss80_trlocclin,32,5e-05,1,32,1,0.1,lr5e-05_bs32_modL1_fusion32_fusionL1_drop0p1_trmiss80_trlocclin,18,0.5095211466153463,0.6889640986919403,0.6077586206896551,0.7299912423444148,0.6,0.0,0.0,0.0,0.0,2002,clin,0.8
3,5,lr5e-05_bs32_modL1_fusion32_fusionL1_drop0p1_trmiss80_trlocclin,32,5e-05,1,32,1,0.1,lr5e-05_bs32_modL1_fusion32_fusionL1_drop0p1_trmiss80_trlocclin,19,0.4908720950285594,0.6900898218154907,0.6163793103448275,0.7340393116927428,0.6444444444444445,0.0,0.0,0.0,0.0,2002,clin,0.8
3,5,lr5e-05_bs32_modL1_fusion32_fusionL1_drop0p1_trmiss80_trlocclin,32,5e-05,1,32,1,0.1,lr5e-05_bs32_modL1_fusion32_fusionL1_drop0p1_trmiss80_trlocclin,20,0.4909801632165909,0.6915708780288696,0.6120689655172413,0.7307212650825512,0.6222222222222222,0.0,0.0,0.0,0.0,2002,clin,0.8
3,5,lr5e-05_bs32_modL1_fusion32_fusionL1_drop0p1_trmiss80_trlocclin,32,5e-05,1,32,1,0.1,lr5e-05_bs32_modL1_fusion32_fusionL1_drop0p1_trmiss80_trlocclin,21,0.4703948845465978,0.6906989216804504,0.6142241379310344,0.7350061998482216,0.6222222222222222,0.0,0.0,0.0,0.0,2002,clin,0.8
3,5,lr5e-05_bs32_modL1_fusion32_fusionL1_drop0p1_trmiss80_trlocclin,32,5e-05,1,32,1,0.1,lr5e-05_bs32_modL1_fusion32_fusionL1_drop0p1_trmiss80_trlocclin,22,0.4653921127319336,0.6881238222122192,0.6077586206896551,0.7316841432468191,0.6222222222222222,0.0,0.0,0.0,0.0,2002,clin,0.8
3,5,lr5e-05_bs32_modL1_fusion32_fusionL1_drop0p1_trmiss80_trlocclin,32,5e-05,1,32,1,0.1,lr5e-05_bs32_modL1_fusion32_fusionL1_drop0p1_trmiss80_trlocclin,23,0.45829663674036664,0.6900166571140289,0.6099137931034482,0.7278981020919142,0.6222222222222222,0.0,0.0,0.0,0.0,2002,clin,0.8
3,5,lr5e-05_bs32_modL1_fusion32_fusionL1_drop0p1_trmiss80_trlocclin,32,5e-05,1,32,1,0.1,lr5e-05_bs32_modL1_fusion32_fusionL1_drop0p1_trmiss80_trlocclin,24,0.4610741337140401,0.6928282976150513,0.6077586206896551,0.7264205654964104,0.6444444444444445,0.0,0.0,0.0,0.0,2002,clin,0.8
3,5,lr5e-05_bs32_modL1_fusion32_fusionL1_drop0p1_trmiss80_trlocclin,32,5e-05,1,32,1,0.1,lr5e-05_bs32_modL1_fusion32_fusionL1_drop0p1_trmiss80_trlocclin,25,0.4503188133239746,0.6962800025939941,0.5991379310344828,0.7192094418754842,0.6444444444444445,0.0,0.0,0.0,0.0,2002,clin,0.8
3,5,lr5e-05_bs32_modL1_fusion32_fusionL1_drop0p1_trmiss80_trlocclin,32,5e-05,1,32,1,0.1,lr5e-05_bs32_modL1_fusion32_fusionL1_drop0p1_trmiss80_trlocclin,26,0.45494704445203143,0.6948207914829254,0.5991379310344828,0.716808359466486,0.6222222222222222,0.0,0.0,0.0,0.0,2002,clin,0.8
3,5,lr5e-05_bs32_modL1_fusion32_fusionL1_drop0p1_trmiss80_trlocclin,32,5e-05,1,32,1,0.1,lr5e-05_bs32_modL1_fusion32_fusionL1_drop0p1_trmiss80_trlocclin,27,0.4502137949069341,0.6918121576309204,0.6056034482758621,0.7226623078906029,0.6222222222222222,0.0,0.0,0.0,0.0,2002,clin,0.8
3,5,lr5e-05_bs32_modL1_fusion32_fusionL1_drop0p1_trmiss80_trlocclin,32,5e-05,1,32,1,0.1,lr5e-05_bs32_modL1_fusion32_fusionL1_drop0p1_trmiss80_trlocclin,28,0.44603272279103595,0.6886033117771149,0.6077586206896551,0.7225546089321604,0.6444444444444445,0.0,0.0,0.0,0.0,2002,clin,0.8
3,5,lr5e-05_bs32_modL1_fusion32_fusionL1_drop0p1_trmiss80_trlocclin,32,5e-05,1,32,1,0.1,lr5e-05_bs32_modL1_fusion32_fusionL1_drop0p1_trmiss80_trlocclin,29,0.43484777708848316,0.6866927444934845,0.6056034482758621,0.7218463707541443,0.6444444444444445,0.0,0.0,0.0,0.0,2002,clin,0.8
3,5,lr5e-05_bs32_modL1_fusion32_fusionL1_drop0p1_trmiss80_trlocclin,32,5e-05,1,32,1,0.1,lr5e-05_bs32_modL1_fusion32_fusionL1_drop0p1_trmiss80_trlocclin,30,0.4494504928588867,0.6876072287559509,0.5969827586206897,0.715748936119446,0.6222222222222222,0.0,0.0,0.0,0.0,2002,clin,0.8
3,5,lr5e-05_bs32_modL1_fusion32_fusionL1_drop0p1_trmiss80_trlocclin,32,5e-05,1,32,1,0.1,lr5e-05_bs32_modL1_fusion32_fusionL1_drop0p1_trmiss80_trlocclin,31,0.43692634999752045,0.6895568370819092,0.5905172413793103,0.7130200256201997,0.6444444444444445,0.0,0.0,0.0,0.0,2002,clin,0.8
3,5,lr5e-05_bs32_modL1_fusion32_fusionL1_drop0p1_trmiss80_trlocclin,32,5e-05,1,32,1,0.1,lr5e-05_bs32_modL1_fusion32_fusionL1_drop0p1_trmiss80_trlocclin,32,0.44821178416411084,0.6888491809368134,0.5948275862068965,0.7155481762979599,0.6444444444444445,0.0,0.0,0.0,0.0,2002,clin,0.8
3,5,lr5e-05_bs32_modL1_fusion32_fusionL1_drop0p1_trmiss80_trlocclin,32,5e-05,1,32,1,0.1,lr5e-05_bs32_modL1_fusion32_fusionL1_drop0p1_trmiss80_trlocclin,33,0.442184458176295,0.6880036890506744,0.5991379310344827,0.7173928392134032,0.6444444444444445,0.0,0.0,0.0,0.0,2002,clin,0.8
3,5,lr5e-05_bs32_modL1_fusion32_fusionL1_drop0p1_trmiss80_trlocclin,32,5e-05,1,32,1,0.1,lr5e-05_bs32_modL1_fusion32_fusionL1_drop0p1_trmiss80_trlocclin,34,0.43529051542282104,0.6880325376987457,0.6012931034482758,0.7180882898074339,0.6444444444444445,0.0,0.0,0.0,0.0,2002,clin,0.8
3,5,lr5e-05_bs32_modL1_fusion32_fusionL1_drop0p1_trmiss80_trlocclin,32,5e-05,1,32,1,0.1,lr5e-05_bs32_modL1_fusion32_fusionL1_drop0p1_trmiss80_trlocclin,35,0.4397367238998413,0.6892260611057281,0.6012931034482758,0.7182976430639632,0.6222222222222222,0.0,0.0,0.0,0.0,2002,clin,0.8
3,5,lr5e-05_bs32_modL1_fusion32_fusionL1_drop0p1_trmiss80_trlocclin,32,5e-05,1,32,1,0.1,lr5e-05_bs32_modL1_fusion32_fusionL1_drop0p1_trmiss80_trlocclin,36,0.4436458299557368,0.6904012560844421,0.6034482758620688,0.7197137089717385,0.6222222222222222,0.0,0.0,0.0,0.0,2002,clin,0.8
3,5,lr5e-05_bs32_modL1_fusion32_fusionL1_drop0p1_trmiss80_trlocclin,32,5e-05,1,32,1,0.1,lr5e-05_bs32_modL1_fusion32_fusionL1_drop0p1_trmiss80_trlocclin,37,0.4246357927719752,0.6910021007061005,0.5991379310344828,0.7160651627227539,0.6222222222222222,0.0,0.0,0.0,0.0,2002,clin,0.8
3,5,lr5e-05_bs32_modL1_fusion32_fusionL1_drop0p1_trmiss80_trlocclin,32,5e-05,1,32,1,0.1,lr5e-05_bs32_modL1_fusion32_fusionL1_drop0p1_trmiss80_trlocclin,38,0.44171592096487683,0.6895436942577362,0.6056034482758621,0.7201250294802086,0.6444444444444445,0.0,0.0,0.0,0.0,2002,clin,0.8
3,5,lr5e-05_bs32_modL1_fusion32_fusionL1_drop0p1_trmiss80_trlocclin,32,5e-05,1,32,1,0.1,lr5e-05_bs32_modL1_fusion32_fusionL1_drop0p1_trmiss80_trlocclin,39,0.41867946088314056,0.6898263394832611,0.5991379310344828,0.7168983894685788,0.6222222222222222,0.0,0.0,0.0,0.0,2002,clin,0.8
3,5,lr5e-05_bs32_modL1_fusion64_fusionL1_drop0p2_trmiss80_trlocclin,32,5e-05,1,64,1,0.2,lr5e-05_bs32_modL1_fusion64_fusionL1_drop0p2_trmiss80_trlocclin,1,0.7371785144011179,0.6983971893787384,0.4375,0.6413357196200917,0.3333333333333333,0.0,0.0,0.0,0.0,2002,clin,0.8
3,5,lr5e-05_bs32_modL1_fusion64_fusionL1_drop0p2_trmiss80_trlocclin,32,5e-05,1,64,1,0.2,lr5e-05_bs32_modL1_fusion64_fusionL1_drop0p2_trmiss80_trlocclin,2,0.690195639928182,0.6966390311717987,0.4741379310344827,0.6582396509350552,0.4666666666666667,0.0,0.0,0.0,0.0,2002,clin,0.8
3,5,lr5e-05_bs32_modL1_fusion64_fusionL1_drop0p2_trmiss80_trlocclin,32,5e-05,1,64,1,0.2,lr5e-05_bs32_modL1_fusion64_fusionL1_drop0p2_trmiss80_trlocclin,3,0.6733299791812897,0.6957924664020538,0.49353448275862066,0.6653978248828927,0.4888888888888889,0.0,0.0,0.0,0.0,2002,clin,0.8
3,5,lr5e-05_bs32_modL1_fusion64_fusionL1_drop0p2_trmiss80_trlocclin,32,5e-05,1,64,1,0.2,lr5e-05_bs32_modL1_fusion64_fusionL1_drop0p2_trmiss80_trlocclin,4,0.6524038314819336,0.6936115920543671,0.49568965517241376,0.6627845038054938,0.5555555555555556,0.0,0.0,0.0,0.0,2002,clin,0.8
3,5,lr5e-05_bs32_modL1_fusion64_fusionL1_drop0p2_trmiss80_trlocclin,32,5e-05,1,64,1,0.2,lr5e-05_bs32_modL1_fusion64_fusionL1_drop0p2_trmiss80_trlocclin,5,0.6618949174880981,0.6918754875659943,0.5150862068965517,0.6895893403103409,0.5111111111111111,0.0,0.0,0.0,0.0,2002,clin,0.8
3,5,lr5e-05_bs32_modL1_fusion64_fusionL1_drop0p2_trmiss80_trlocclin,32,5e-05,1,64,1,0.2,lr5e-05_bs32_modL1_fusion64_fusionL1_drop0p2_trmiss80_trlocclin,6,0.6146481931209564,0.6935098171234131,0.5193965517241379,0.6783756317444919,0.5333333333333333,0.0,0.0,0.0,0.0,2002,clin,0.8
3,5,lr5e-05_bs32_modL1_fusion64_fusionL1_drop0p2_trmiss80_trlocclin,32,5e-05,1,64,1,0.2,lr5e-05_bs32_modL1_fusion64_fusionL1_drop0p2_trmiss80_trlocclin,7,0.6232597231864929,0.6926410496234894,0.540948275862069,0.6795379258830928,0.5555555555555556,0.0,0.0,0.0,0.0,2002,clin,0.8
3,5,lr5e-05_bs32_modL1_fusion64_fusionL1_drop0p2_trmiss80_trlocclin,32,5e-05,1,64,1,0.2,lr5e-05_bs32_modL1_fusion64_fusionL1_drop0p2_trmiss80_trlocclin,8,0.6023708780606588,0.6903068721294403,0.5538793103448276,0.6873217441123461,0.6,0.0,0.0,0.0,0.0,2002,clin,0.8
3,5,lr5e-05_bs32_modL1_fusion64_fusionL1_drop0p2_trmiss80_trlocclin,32,5e-05,1,64,1,0.2,lr5e-05_bs32_modL1_fusion64_fusionL1_drop0p2_trmiss80_trlocclin,9,0.5946496228377024,0.6881136000156403,0.5517241379310345,0.6883827485444941,0.6222222222222222,0.0,0.0,0.0,0.0,2002,clin,0.8
3,5,lr5e-05_bs32_modL1_fusion64_fusionL1_drop0p2_trmiss80_trlocclin,32,5e-05,1,64,1,0.2,lr5e-05_bs32_modL1_fusion64_fusionL1_drop0p2_trmiss80_trlocclin,10,0.5866319537162781,0.68755042552948,0.540948275862069,0.6808695214353537,0.5777777777777777,0.0,0.0,0.0,0.0,2002,clin,0.8
3,5,lr5e-05_bs32_modL1_fusion64_fusionL1_drop0p2_trmiss80_trlocclin,32,5e-05,1,64,1,0.2,lr5e-05_bs32_modL1_fusion64_fusionL1_drop0p2_trmiss80_trlocclin,11,0.5799272954463959,0.6857452094554901,0.5474137931034483,0.6879932455868545,0.6,0.0,0.0,0.0,0.0,2002,clin,0.8
3,5,lr5e-05_bs32_modL1_fusion64_fusionL1_drop0p2_trmiss80_trlocclin,32,5e-05,1,64,1,0.2,lr5e-05_bs32_modL1_fusion64_fusionL1_drop0p2_trmiss80_trlocclin,12,0.5605112810929617,0.6849280595779419,0.5387931034482759,0.6791388790638223,0.5555555555555556,0.0,0.0,0.0,0.0,2002,clin,0.8
3,5,lr5e-05_bs32_modL1_fusion64_fusionL1_drop0p2_trmiss80_trlocclin,32,5e-05,1,64,1,0.2,lr5e-05_bs32_modL1_fusion64_fusionL1_drop0p2_trmiss80_trlocclin,13,0.5652046501636505,0.6847675740718842,0.5301724137931034,0.6800146357667517,0.5555555555555556,0.0,0.0,0.0,0.0,2002,clin,0.8
3,5,lr5e-05_bs32_modL1_fusion64_fusionL1_drop0p2_trmiss80_trlocclin,32,5e-05,1,64,1,0.2,lr5e-05_bs32_modL1_fusion64_fusionL1_drop0p2_trmiss80_trlocclin,14,0.5553550720214844,0.686736673116684,0.5021551724137931,0.6605199550472779,0.5555555555555556,0.0,0.0,0.0,0.0,2002,clin,0.8
3,5,lr5e-05_bs32_modL1_fusion64_fusionL1_drop0p2_trmiss80_trlocclin,32,5e-05,1,64,1,0.2,lr5e-05_bs32_modL1_fusion64_fusionL1_drop0p2_trmiss80_trlocclin,15,0.5557564298311869,0.6882355511188507,0.4978448275862069,0.6842572507858408,0.5333333333333333,0.0,0.0,0.0,0.0,2002,clin,0.8
3,5,lr5e-05_bs32_modL1_fusion64_fusionL1_drop0p2_trmiss80_trlocclin,32,5e-05,1,64,1,0.2,lr5e-05_bs32_modL1_fusion64_fusionL1_drop0p2_trmiss80_trlocclin,16,0.5828307966391245,0.6845998466014862,0.5129310344827586,0.710694119732361,0.5555555555555556,0.0,0.0,0.0,0.0,2002,clin,0.8
3,5,lr5e-05_bs32_modL1_fusion64_fusionL1_drop0p2_trmiss80_trlocclin,32,5e-05,1,64,1,0.2,lr5e-05_bs32_modL1_fusion64_fusionL1_drop0p2_trmiss80_trlocclin,17,0.5376924375693003,0.6825542449951172,0.5107758620689655,0.7073277281306752,0.5777777777777777,0.0,0.0,0.0,0.0,2002,clin,0.8
3,5,lr5e-05_bs32_modL1_fusion64_fusionL1_drop0p2_trmiss80_trlocclin,32,5e-05,1,64,1,0.2,lr5e-05_bs32_modL1_fusion64_fusionL1_drop0p2_trmiss80_trlocclin,18,0.5169268151124319,0.6806809902191162,0.5172413793103449,0.7194338755816502,0.5333333333333333,0.0,0.0,0.0,0.0,2002,clin,0.8
3,5,lr5e-05_bs32_modL1_fusion64_fusionL1_drop0p2_trmiss80_trlocclin,32,5e-05,1,64,1,0.2,lr5e-05_bs32_modL1_fusion64_fusionL1_drop0p2_trmiss80_trlocclin,19,0.5241096963485082,0.6788869798183441,0.521551724137931,0.7169072653284466,0.5555555555555556,0.0,0.0,0.0,0.0,2002,clin,0.8
3,5,lr5e-05_bs32_modL1_fusion64_fusionL1_drop0p2_trmiss80_trlocclin,32,5e-05,1,64,1,0.2,lr5e-05_bs32_modL1_fusion64_fusionL1_drop0p2_trmiss80_trlocclin,20,0.5093686282634735,0.6785550713539124,0.5301724137931034,0.7194066974286454,0.5555555555555556,0.0,0.0,0.0,0.0,2002,clin,0.8
3,5,lr5e-05_bs32_modL1_fusion64_fusionL1_drop0p2_trmiss80_trlocclin,32,5e-05,1,64,1,0.2,lr5e-05_bs32_modL1_fusion64_fusionL1_drop0p2_trmiss80_trlocclin,21,0.5020771324634552,0.679973840713501,0.5344827586206897,0.7268922902108912,0.5333333333333333,0.0,0.0,0.0,0.0,2002,clin,0.8
3,5,lr5e-05_bs32_modL1_fusion64_fusionL1_drop0p2_trmiss80_trlocclin,32,5e-05,1,64,1,0.2,lr5e-05_bs32_modL1_fusion64_fusionL1_drop0p2_trmiss80_trlocclin,22,0.496032456556956,0.6784646213054657,0.5560344827586207,0.7348640949344052,0.5333333333333333,0.0,0.0,0.0,0.0,2002,clin,0.8
3,5,lr5e-05_bs32_modL1_fusion64_fusionL1_drop0p2_trmiss80_trlocclin,32,5e-05,1,64,1,0.2,lr5e-05_bs32_modL1_fusion64_fusionL1_drop0p2_trmiss80_trlocclin,23,0.4821542004744212,0.6772704720497131,0.5538793103448276,0.739524479942032,0.5555555555555556,0.0,0.0,0.0,0.0,2002,clin,0.8
3,5,lr5e-05_bs32_modL1_fusion64_fusionL1_drop0p2_trmiss80_trlocclin,32,5e-05,1,64,1,0.2,lr5e-05_bs32_modL1_fusion64_fusionL1_drop0p2_trmiss80_trlocclin,24,0.5062304735183716,0.6758679151535034,0.5517241379310345,0.7461186238034069,0.5333333333333333,0.0,0.0,0.0,0.0,2002,clin,0.8
3,5,lr5e-05_bs32_modL1_fusion64_fusionL1_drop0p2_trmiss80_trlocclin,32,5e-05,1,64,1,0.2,lr5e-05_bs32_modL1_fusion64_fusionL1_drop0p2_trmiss80_trlocclin,25,0.46587149798870087,0.673393040895462,0.5366379310344829,0.7385184331843935,0.5333333333333333,0.0,0.0,0.0,0.0,2002,clin,0.8
3,5,lr5e-05_bs32_modL1_fusion64_fusionL1_drop0p2_trmiss80_trlocclin,32,5e-05,1,64,1,0.2,lr5e-05_bs32_modL1_fusion64_fusionL1_drop0p2_trmiss80_trlocclin,26,0.48219990233580273,0.6724576950073242,0.5323275862068966,0.7429227197220527,0.4888888888888889,0.0,0.0,0.0,0.0,2002,clin,0.8
3,5,lr5e-05_bs32_modL1_fusion64_fusionL1_drop0p2_trmiss80_trlocclin,32,5e-05,1,64,1,0.2,lr5e-05_bs32_modL1_fusion64_fusionL1_drop0p2_trmiss80_trlocclin,27,0.4827824781338374,0.670757919549942,0.5452586206896551,0.7591418416656477,0.5333333333333333,0.0,0.0,0.0,0.0,2002,clin,0.8
3,5,lr5e-05_bs32_modL1_fusion64_fusionL1_drop0p2_trmiss80_trlocclin,32,5e-05,1,64,1,0.2,lr5e-05_bs32_modL1_fusion64_fusionL1_drop0p2_trmiss80_trlocclin,28,0.45999494194984436,0.6685048937797546,0.5603448275862069,0.7710858905541695,0.5333333333333333,0.0,0.0,0.0,0.0,2002,clin,0.8
3,5,lr5e-05_bs32_modL1_fusion64_fusionL1_drop0p2_trmiss80_trlocclin,32,5e-05,1,64,1,0.2,lr5e-05_bs32_modL1_fusion64_fusionL1_drop0p2_trmiss80_trlocclin,29,0.45952925086021423,0.6669230163097382,0.5603448275862069,0.7693068486065149,0.5111111111111111,0.0,0.0,0.0,0.0,2002,clin,0.8
3,5,lr5e-05_bs32_modL1_fusion64_fusionL1_drop0p2_trmiss80_trlocclin,32,5e-05,1,64,1,0.2,lr5e-05_bs32_modL1_fusion64_fusionL1_drop0p2_trmiss80_trlocclin,30,0.4392600705226262,0.66692915558815,0.5797413793103449,0.7784920993666637,0.5333333333333333,0.0,0.0,0.0,0.0,2002,clin,0.8
3,5,lr5e-05_bs32_modL1_fusion64_fusionL1_drop0p2_trmiss80_trlocclin,32,5e-05,1,64,1,0.2,lr5e-05_bs32_modL1_fusion64_fusionL1_drop0p2_trmiss80_trlocclin,31,0.4375384797652562,0.6644606590270996,0.5905172413793103,0.7904944496439941,0.4888888888888889,0.0,0.0,0.0,0.0,2002,clin,0.8
3,5,lr5e-05_bs32_modL1_fusion64_fusionL1_drop0p2_trmiss80_trlocclin,32,5e-05,1,64,1,0.2,lr5e-05_bs32_modL1_fusion64_fusionL1_drop0p2_trmiss80_trlocclin,32,0.45828716456890106,0.6640423834323883,0.584051724137931,0.787395230811863,0.5111111111111111,0.0,0.0,0.0,0.0,2002,clin,0.8
3,5,lr5e-05_bs32_modL1_fusion64_fusionL1_drop0p2_trmiss80_trlocclin,32,5e-05,1,64,1,0.2,lr5e-05_bs32_modL1_fusion64_fusionL1_drop0p2_trmiss80_trlocclin,33,0.43715014557043713,0.6598886251449585,0.6056034482758621,0.7968327489012286,0.5333333333333333,0.0,0.0,0.0,0.0,2002,clin,0.8
3,5,lr5e-05_bs32_modL1_fusion64_fusionL1_drop0p2_trmiss80_trlocclin,32,5e-05,1,64,1,0.2,lr5e-05_bs32_modL1_fusion64_fusionL1_drop0p2_trmiss80_trlocclin,34,0.4189433107773463,0.6540075838565826,0.6185344827586207,0.8077928293106154,0.6,0.0,0.0,0.0,0.0,2002,clin,0.8
3,5,lr5e-05_bs32_modL1_fusion64_fusionL1_drop0p2_trmiss80_trlocclin,32,5e-05,1,64,1,0.2,lr5e-05_bs32_modL1_fusion64_fusionL1_drop0p2_trmiss80_trlocclin,35,0.4291939636071523,0.6535427272319794,0.6206896551724138,0.8136896708058341,0.6,0.0,0.0,0.0,0.0,2002,clin,0.8
3,5,lr5e-05_bs32_modL1_fusion64_fusionL1_drop0p2_trmiss80_trlocclin,32,5e-05,1,64,1,0.2,lr5e-05_bs32_modL1_fusion64_fusionL1_drop0p2_trmiss80_trlocclin,36,0.4407307257254918,0.6550153493881226,0.6357758620689656,0.8260226659358489,0.5777777777777777,0.0,0.0,0.0,0.0,2002,clin,0.8
3,5,lr5e-05_bs32_modL1_fusion64_fusionL1_drop0p2_trmiss80_trlocclin,32,5e-05,1,64,1,0.2,lr5e-05_bs32_modL1_fusion64_fusionL1_drop0p2_trmiss80_trlocclin,37,0.4074908395608266,0.6479908525943756,0.6357758620689655,0.8230492761178092,0.5555555555555556,0.0,0.0,0.0,0.0,2002,clin,0.8
3,5,lr5e-05_bs32_modL1_fusion64_fusionL1_drop0p2_trmiss80_trlocclin,32,5e-05,1,64,1,0.2,lr5e-05_bs32_modL1_fusion64_fusionL1_drop0p2_trmiss80_trlocclin,38,0.4071023166179657,0.6490859985351562,0.6422413793103449,0.824692795224433,0.5555555555555556,0.0,0.0,0.0,0.0,2002,clin,0.8
3,5,lr5e-05_bs32_modL1_fusion64_fusionL1_drop0p2_trmiss80_trlocclin,32,5e-05,1,64,1,0.2,lr5e-05_bs32_modL1_fusion64_fusionL1_drop0p2_trmiss80_trlocclin,39,0.39153539141019184,0.6518621444702148,0.6293103448275862,0.8202990990888506,0.5555555555555556,0.0,0.0,0.0,0.0,2002,clin,0.8
3,5,lr5e-05_bs32_modL1_fusion64_fusionL1_drop0p2_trmiss80_trlocclin,32,5e-05,1,64,1,0.2,lr5e-05_bs32_modL1_fusion64_fusionL1_drop0p2_trmiss80_trlocclin,40,0.42027101914087933,0.6532669067382812,0.6206896551724138,0.8137843759597376,0.5333333333333333,0.0,0.0,0.0,0.0,2002,clin,0.8
3,5,lr5e-05_bs32_modL1_fusion64_fusionL1_drop0p2_trmiss80_trlocclin,32,5e-05,1,64,1,0.2,lr5e-05_bs32_modL1_fusion64_fusionL1_drop0p2_trmiss80_trlocclin,41,0.4097307523091634,0.6574549376964569,0.6163793103448275,0.8120447847581242,0.5333333333333333,0.0,0.0,0.0,0.0,2002,clin,0.8
3,5,lr5e-05_bs32_modL1_fusion64_fusionL1_drop0p2_trmiss80_trlocclin,32,5e-05,1,64,1,0.2,lr5e-05_bs32_modL1_fusion64_fusionL1_drop0p2_trmiss80_trlocclin,42,0.39301641285419464,0.6541287302970886,0.6163793103448276,0.8145056593552602,0.5555555555555556,0.0,0.0,0.0,0.0,2002,clin,0.8
3,5,lr5e-05_bs32_modL1_fusion64_fusionL1_drop0p2_trmiss80_trlocclin,32,5e-05,1,64,1,0.2,lr5e-05_bs32_modL1_fusion64_fusionL1_drop0p2_trmiss80_trlocclin,43,0.3724646419286728,0.6527494788169861,0.6228448275862069,0.8203530780093022,0.5333333333333333,0.0,0.0,0.0,0.0,2002,clin,0.8
3,5,lr5e-05_bs32_modL1_fusion64_fusionL1_drop0p2_trmiss80_trlocclin,32,5e-05,1,64,1,0.2,lr5e-05_bs32_modL1_fusion64_fusionL1_drop0p2_trmiss80_trlocclin,44,0.38078027466932934,0.6532068252563477,0.6206896551724138,0.8182978878515457,0.5333333333333333,0.0,0.0,0.0,0.0,2002,clin,0.8
3,5,lr5e-05_bs32_modL1_fusion64_fusionL1_drop0p2_trmiss80_trlocclin,32,5e-05,1,64,1,0.2,lr5e-05_bs32_modL1_fusion64_fusionL1_drop0p2_trmiss80_trlocclin,45,0.37768752376238507,0.6540787518024445,0.622844827586207,0.8141001490586044,0.5111111111111111,0.0,0.0,0.0,0.0,2002,clin,0.8
3,5,lr5e-05_bs32_modL1_fusion64_fusionL1_drop0p2_trmiss80_trlocclin,32,5e-05,1,64,1,0.2,lr5e-05_bs32_modL1_fusion64_fusionL1_drop0p2_trmiss80_trlocclin,46,0.3675046463807424,0.6545786261558533,0.6163793103448276,0.8091189084101975,0.5111111111111111,0.0,0.0,0.0,0.0,2002,clin,0.8
3,5,lr5e-05_bs32_modL1_fusion64_fusionL1_drop0p2_trmiss80_trlocclin,32,5e-05,1,64,1,0.2,lr5e-05_bs32_modL1_fusion64_fusionL1_drop0p2_trmiss80_trlocclin,47,0.371149609486262,0.6528519988059998,0.6206896551724138,0.8101667235260173,0.5333333333333333,0.0,0.0,0.0,0.0,2002,clin,0.8
3,5,lr5e-05_bs32_modL1_fusion64_fusionL1_drop0p2_trmiss80_trlocclin,32,5e-05,1,64,1,0.2,lr5e-05_bs32_modL1_fusion64_fusionL1_drop0p2_trmiss80_trlocclin,48,0.3669603069623311,0.6529659926891327,0.6228448275862069,0.8164808946677746,0.5333333333333333,0.0,0.0,0.0,0.0,2002,clin,0.8
3,5,lr5e-05_bs32_modL1_fusion64_fusionL1_drop0p2_trmiss80_trlocclin,32,5e-05,1,64,1,0.2,lr5e-05_bs32_modL1_fusion64_fusionL1_drop0p2_trmiss80_trlocclin,49,0.36023005843162537,0.6514914631843567,0.6228448275862069,0.813410744726695,0.5111111111111111,0.0,0.0,0.0,0.0,2002,clin,0.8
3,5,lr5e-05_bs32_modL1_fusion64_fusionL1_drop0p2_trmiss80_trlocclin,32,5e-05,1,64,1,0.2,lr5e-05_bs32_modL1_fusion64_fusionL1_drop0p2_trmiss80_trlocclin,50,0.36985541383425397,0.6501892805099487,0.6314655172413792,0.8204498359037171,0.5111111111111111,0.0,0.0,0.0,0.0,2002,clin,0.8
3,5,lr5e-05_bs32_modL1_fusion64_fusionL1_drop0p2_trmiss80_trlocclin,32,5e-05,1,64,1,0.2,lr5e-05_bs32_modL1_fusion64_fusionL1_drop0p2_trmiss80_trlocclin,51,0.3588305165370305,0.6510091125965118,0.6293103448275862,0.8163353277057244,0.5333333333333333,0.0,0.0,0.0,0.0,2002,clin,0.8
3,5,lr5e-05_bs32_modL1_fusion64_fusionL1_drop0p2_trmiss80_trlocclin,32,5e-05,1,64,1,0.2,lr5e-05_bs32_modL1_fusion64_fusionL1_drop0p2_trmiss80_trlocclin,52,0.364952211578687,0.6513448357582092,0.6206896551724138,0.8085129700875409,0.5333333333333333,0.0,0.0,0.0,0.0,2002,clin,0.8
3,5,lr5e-05_bs32_modL1_fusion64_fusionL1_drop0p2_trmiss80_trlocclin,32,5e-05,1,64,1,0.2,lr5e-05_bs32_modL1_fusion64_fusionL1_drop0p2_trmiss80_trlocclin,53,0.3496353030204773,0.6527153551578522,0.6206896551724138,0.8061807716346527,0.5333333333333333,0.0,0.0,0.0,0.0,2002,clin,0.8
3,5,lr5e-05_bs32_modL1_fusion64_fusionL1_drop0p2_trmiss80_trlocclin,32,5e-05,1,64,1,0.2,lr5e-05_bs32_modL1_fusion64_fusionL1_drop0p2_trmiss80_trlocclin,54,0.35199184715747833,0.6527271270751953,0.6142241379310345,0.8038899184715886,0.5111111111111111,0.0,0.0,0.0,0.0,2002,clin,0.8
3,5,lr5e-05_bs32_modL1_fusion64_fusionL1_drop0p2_trmiss80_trlocclin,32,5e-05,1,64,1,0.2,lr5e-05_bs32_modL1_fusion64_fusionL1_drop0p2_trmiss80_trlocclin,55,0.35040756066640216,0.6509867906570435,0.6293103448275861,0.8127956737603907,0.5111111111111111,0.0,0.0,0.0,0.0,2002,clin,0.8
3,5,lr5e-05_bs32_modL1_fusion64_fusionL1_drop0p2_trmiss80_trlocclin,32,5e-05,1,64,1,0.2,lr5e-05_bs32_modL1_fusion64_fusionL1_drop0p2_trmiss80_trlocclin,56,0.3596203575531642,0.6504116356372833,0.6314655172413793,0.8145735726897141,0.5333333333333333,0.0,0.0,0.0,0.0,2002,clin,0.8
3,5,lr5e-05_bs32_modL1_fusion64_fusionL1_drop0p2_trmiss80_trlocclin,32,5e-05,1,64,1,0.2,lr5e-05_bs32_modL1_fusion64_fusionL1_drop0p2_trmiss80_trlocclin,57,0.35745059450467426,0.6488643884658813,0.6314655172413793,0.8133958342489895,0.5333333333333333,0.0,0.0,0.0,0.0,2002,clin,0.8
3,5,lr5e-05_bs32_modL1_fusion64_fusionL1_drop0p2_trmiss80_trlocclin,32,5e-05,1,64,1,0.2,lr5e-05_bs32_modL1_fusion64_fusionL1_drop0p2_trmiss80_trlocclin,58,0.35183580219745636,0.6498084664344788,0.6293103448275862,0.8135625640708917,0.5333333333333333,0.0,0.0,0.0,0.0,2002,clin,0.8
3,5,lr5e-05_bs32_modL1_fusion64_fusionL1_drop0p1_trmiss80_trlocclin,32,5e-05,1,64,1,0.1,lr5e-05_bs32_modL1_fusion64_fusionL1_drop0p1_trmiss80_trlocclin,1,0.6931659877300262,0.6899087429046631,0.5452586206896551,0.6952407818772857,0.5555555555555556,0.0,0.0,0.0,0.0,2002,clin,0.8
3,5,lr5e-05_bs32_modL1_fusion64_fusionL1_drop0p1_trmiss80_trlocclin,32,5e-05,1,64,1,0.1,lr5e-05_bs32_modL1_fusion64_fusionL1_drop0p1_trmiss80_trlocclin,2,0.6589027941226959,0.6868724524974823,0.5969827586206896,0.7317010570547335,0.6,0.0,0.0,0.0,0.0,2002,clin,0.8
3,5,lr5e-05_bs32_modL1_fusion64_fusionL1_drop0p1_trmiss80_trlocclin,32,5e-05,1,64,1,0.1,lr5e-05_bs32_modL1_fusion64_fusionL1_drop0p1_trmiss80_trlocclin,3,0.6432338953018188,0.685079425573349,0.6056034482758621,0.7508965053146994,0.5777777777777777,0.0,0.0,0.0,0.0,2002,clin,0.8
3,5,lr5e-05_bs32_modL1_fusion64_fusionL1_drop0p1_trmiss80_trlocclin,32,5e-05,1,64,1,0.1,lr5e-05_bs32_modL1_fusion64_fusionL1_drop0p1_trmiss80_trlocclin,4,0.6261679828166962,0.6816121339797974,0.6099137931034484,0.7648977545962566,0.5555555555555556,0.0,0.0,0.0,0.0,2002,clin,0.8
3,5,lr5e-05_bs32_modL1_fusion64_fusionL1_drop0p1_trmiss80_trlocclin,32,5e-05,1,64,1,0.1,lr5e-05_bs32_modL1_fusion64_fusionL1_drop0p1_trmiss80_trlocclin,5,0.6091485718886057,0.6774596869945526,0.6206896551724138,0.7786295502631412,0.5555555555555556,0.0,0.0,0.0,0.0,2002,clin,0.8
3,5,lr5e-05_bs32_modL1_fusion64_fusionL1_drop0p1_trmiss80_trlocclin,32,5e-05,1,64,1,0.1,lr5e-05_bs32_modL1_fusion64_fusionL1_drop0p1_trmiss80_trlocclin,6,0.5997524956862131,0.6736434102058411,0.6228448275862069,0.7830355177658169,0.5777777777777777,0.0,0.0,0.0,0.0,2002,clin,0.8
3,5,lr5e-05_bs32_modL1_fusion64_fusionL1_drop0p1_trmiss80_trlocclin,32,5e-05,1,64,1,0.1,lr5e-05_bs32_modL1_fusion64_fusionL1_drop0p1_trmiss80_trlocclin,7,0.5868345697720846,0.670618325471878,0.6249999999999999,0.7857502316647736,0.5777777777777777,0.0,0.0,0.0,0.0,2002,clin,0.8
3,5,lr5e-05_bs32_modL1_fusion64_fusionL1_drop0p1_trmiss80_trlocclin,32,5e-05,1,64,1,0.1,lr5e-05_bs32_modL1_fusion64_fusionL1_drop0p1_trmiss80_trlocclin,8,0.5703739722569784,0.6701875030994415,0.6379310344827587,0.7971966870894437,0.5555555555555556,0.0,0.0,0.0,0.0,2002,clin,0.8
3,5,lr5e-05_bs32_modL1_fusion64_fusionL1_drop0p1_trmiss80_trlocclin,32,5e-05,1,64,1,0.1,lr5e-05_bs32_modL1_fusion64_fusionL1_drop0p1_trmiss80_trlocclin,9,0.5732207000255585,0.6666974425315857,0.6530172413793104,0.8074772122478585,0.5777777777777777,0.0,0.0,0.0,0.0,2002,clin,0.8
3,5,lr5e-05_bs32_modL1_fusion64_fusionL1_drop0p1_trmiss80_trlocclin,32,5e-05,1,64,1,0.1,lr5e-05_bs32_modL1_fusion64_fusionL1_drop0p1_trmiss80_trlocclin,10,0.5606366594632467,0.6658327281475067,0.6573275862068966,0.8150871786220563,0.6222222222222222,0.0,0.0,0.0,0.0,2002,clin,0.8
3,5,lr5e-05_bs32_modL1_fusion64_fusionL1_drop0p1_trmiss80_trlocclin,32,5e-05,1,64,1,0.1,lr5e-05_bs32_modL1_fusion64_fusionL1_drop0p1_trmiss80_trlocclin,11,0.5480032761891683,0.6664639413356781,0.6573275862068965,0.8233709381463925,0.6222222222222222,0.0,0.0,0.0,0.0,2002,clin,0.8
3,5,lr5e-05_bs32_modL1_fusion64_fusionL1_drop0p1_trmiss80_trlocclin,32,5e-05,1,64,1,0.1,lr5e-05_bs32_modL1_fusion64_fusionL1_drop0p1_trmiss80_trlocclin,12,0.5454433063666025,0.6673722863197327,0.6379310344827587,0.8129521436176621,0.6,0.0,0.0,0.0,0.0,2002,clin,0.8
3,5,lr5e-05_bs32_modL1_fusion64_fusionL1_drop0p1_trmiss80_trlocclin,32,5e-05,1,64,1,0.1,lr5e-05_bs32_modL1_fusion64_fusionL1_drop0p1_trmiss80_trlocclin,13,0.5263840357462565,0.6677435636520386,0.6357758620689655,0.8163655868854207,0.6,0.0,0.0,0.0,0.0,2002,clin,0.8
3,5,lr5e-05_bs32_modL1_fusion64_fusionL1_drop0p1_trmiss80_trlocclin,32,5e-05,1,64,1,0.1,lr5e-05_bs32_modL1_fusion64_fusionL1_drop0p1_trmiss80_trlocclin,14,0.5297342836856842,0.6652221381664276,0.6314655172413793,0.8137423259838461,0.5555555555555556,0.0,0.0,0.0,0.0,2002,clin,0.8
3,5,lr5e-05_bs32_modL1_fusion64_fusionL1_drop0p1_trmiss80_trlocclin,32,5e-05,1,64,1,0.1,lr5e-05_bs32_modL1_fusion64_fusionL1_drop0p1_trmiss80_trlocclin,15,0.5087641874949137,0.665874570608139,0.627155172413793,0.8099249419906067,0.5555555555555556,0.0,0.0,0.0,0.0,2002,clin,0.8
3,5,lr5e-05_bs32_modL1_fusion64_fusionL1_drop0p1_trmiss80_trlocclin,32,5e-05,1,64,1,0.1,lr5e-05_bs32_modL1_fusion64_fusionL1_drop0p1_trmiss80_trlocclin,16,0.5116162051757177,0.6647033095359802,0.6271551724137931,0.815021915882101,0.5555555555555556,0.0,0.0,0.0,0.0,2002,clin,0.8
3,5,lr5e-05_bs32_modL1_fusion64_fusionL1_drop0p1_trmiss80_trlocclin,32,5e-05,1,64,1,0.1,lr5e-05_bs32_modL1_fusion64_fusionL1_drop0p1_trmiss80_trlocclin,17,0.4876408080259959,0.6641920804977417,0.6293103448275863,0.8087693605624393,0.5555555555555556,0.0,0.0,0.0,0.0,2002,clin,0.8
3,5,lr5e-05_bs32_modL1_fusion64_fusionL1_drop0p1_trmiss80_trlocclin,32,5e-05,1,64,1,0.1,lr5e-05_bs32_modL1_fusion64_fusionL1_drop0p1_trmiss80_trlocclin,18,0.49194156130154926,0.6652541756629944,0.6443965517241379,0.8208219506820709,0.5555555555555556,0.0,0.0,0.0,0.0,2002,clin,0.8
3,5,lr5e-05_bs32_modL1_fusion64_fusionL1_drop0p1_trmiss80_trlocclin,32,5e-05,1,64,1,0.1,lr5e-05_bs32_modL1_fusion64_fusionL1_drop0p1_trmiss80_trlocclin,19,0.4887651403745015,0.6658979058265686,0.6487068965517242,0.8236955139004616,0.5555555555555556,0.0,0.0,0.0,0.0,2002,clin,0.8
3,5,lr5e-05_bs32_modL1_fusion64_fusionL1_drop0p1_trmiss80_trlocclin,32,5e-05,1,64,1,0.1,lr5e-05_bs32_modL1_fusion64_fusionL1_drop0p1_trmiss80_trlocclin,20,0.4873834103345871,0.6673963963985443,0.6336206896551724,0.8210687693072389,0.5777777777777777,0.0,0.0,0.0,0.0,2002,clin,0.8
3,5,lr5e-05_bs32_modL1_fusion64_fusionL1_drop0p1_trmiss80_trlocclin,32,5e-05,1,64,1,0.1,lr5e-05_bs32_modL1_fusion64_fusionL1_drop0p1_trmiss80_trlocclin,21,0.48370277881622314,0.668745368719101,0.6336206896551723,0.8197798881631131,0.5555555555555556,0.0,0.0,0.0,0.0,2002,clin,0.8
3,5,lr5e-05_bs32_modL1_fusion64_fusionL1_drop0p1_trmiss80_trlocclin,32,5e-05,1,64,1,0.1,lr5e-05_bs32_modL1_fusion64_fusionL1_drop0p1_trmiss80_trlocclin,22,0.4693809449672699,0.6657597422599792,0.6314655172413794,0.8109116819908886,0.5555555555555556,0.0,0.0,0.0,0.0,2002,clin,0.8
3,5,lr5e-05_bs32_modL1_fusion64_fusionL1_drop0p1_trmiss80_trlocclin,32,5e-05,1,64,1,0.1,lr5e-05_bs32_modL1_fusion64_fusionL1_drop0p1_trmiss80_trlocclin,23,0.4589320222536723,0.6672853827476501,0.6185344827586207,0.8063511165173634,0.5555555555555556,0.0,0.0,0.0,0.0,2002,clin,0.8
3,5,lr5e-05_bs32_modL1_fusion64_fusionL1_drop0p1_trmiss80_trlocclin,32,5e-05,1,64,1,0.1,lr5e-05_bs32_modL1_fusion64_fusionL1_drop0p1_trmiss80_trlocclin,24,0.4479981909195582,0.6638583540916443,0.6293103448275862,0.8115136496771207,0.5777777777777777,0.0,0.0,0.0,0.0,2002,clin,0.8
3,5,lr5e-05_bs32_modL1_fusion64_fusionL1_drop0p1_trmiss80_trlocclin,32,5e-05,1,64,1,0.1,lr5e-05_bs32_modL1_fusion64_fusionL1_drop0p1_trmiss80_trlocclin,25,0.4554119010766347,0.6625446975231171,0.6379310344827587,0.8198700272058588,0.6,0.0,0.0,0.0,0.0,2002,clin,0.8
3,5,lr5e-05_bs32_modL1_fusion64_fusionL1_drop0p1_trmiss80_trlocclin,32,5e-05,1,64,1,0.1,lr5e-05_bs32_modL1_fusion64_fusionL1_drop0p1_trmiss80_trlocclin,26,0.4414599488178889,0.661221981048584,0.6465517241379309,0.8300665330564101,0.5777777777777777,0.0,0.0,0.0,0.0,2002,clin,0.8
3,5,lr5e-05_bs32_modL1_fusion64_fusionL1_drop0p1_trmiss80_trlocclin,32,5e-05,1,64,1,0.1,lr5e-05_bs32_modL1_fusion64_fusionL1_drop0p1_trmiss80_trlocclin,27,0.4471793969472249,0.6625663340091705,0.6443965517241379,0.829400059570464,0.5777777777777777,0.0,0.0,0.0,0.0,2002,clin,0.8
3,5,lr5e-05_bs32_modL1_fusion64_fusionL1_drop0p1_trmiss80_trlocclin,32,5e-05,1,64,1,0.1,lr5e-05_bs32_modL1_fusion64_fusionL1_drop0p1_trmiss80_trlocclin,28,0.44083138803641003,0.6625697016716003,0.6379310344827587,0.8263899882923833,0.5777777777777777,0.0,0.0,0.0,0.0,2002,clin,0.8
3,5,lr5e-05_bs32_modL1_fusion64_fusionL1_drop0p1_trmiss80_trlocclin,32,5e-05,1,64,1,0.1,lr5e-05_bs32_modL1_fusion64_fusionL1_drop0p1_trmiss80_trlocclin,29,0.43726761639118195,0.6641330718994141,0.6314655172413792,0.8223963704598667,0.5777777777777777,0.0,0.0,0.0,0.0,2002,clin,0.8
3,5,lr5e-05_bs32_modL1_fusion64_fusionL1_drop0p1_trmiss80_trlocclin,32,5e-05,1,64,1,0.1,lr5e-05_bs32_modL1_fusion64_fusionL1_drop0p1_trmiss80_trlocclin,30,0.43568386634190875,0.6626065075397491,0.6314655172413793,0.8224026908658149,0.5777777777777777,0.0,0.0,0.0,0.0,2002,clin,0.8
3,5,lr1e-04_bs32_modL1_fusion32_fusionL1_drop0p2_trmiss80_trlocclin,32,0.0001,1,32,1,0.2,lr1e-04_bs32_modL1_fusion32_fusionL1_drop0p2_trmiss80_trlocclin,1,0.6976370414098104,0.6827907860279083,0.6336206896551725,0.8101635622369177,0.5333333333333333,0.0,0.0,0.0,0.0,2002,clin,0.8
3,5,lr1e-04_bs32_modL1_fusion32_fusionL1_drop0p2_trmiss80_trlocclin,32,0.0001,1,32,1,0.2,lr1e-04_bs32_modL1_fusion32_fusionL1_drop0p2_trmiss80_trlocclin,2,0.6759383976459503,0.675586074590683,0.6206896551724137,0.79781927223523,0.5555555555555556,0.0,0.0,0.0,0.0,2002,clin,0.8
3,5,lr1e-04_bs32_modL1_fusion32_fusionL1_drop0p2_trmiss80_trlocclin,32,0.0001,1,32,1,0.2,lr1e-04_bs32_modL1_fusion32_fusionL1_drop0p2_trmiss80_trlocclin,3,0.6535108784834543,0.6671605110168457,0.665948275862069,0.8167565302472961,0.6222222222222222,0.0,0.0,0.0,0.0,2002,clin,0.8
3,5,lr1e-04_bs32_modL1_fusion32_fusionL1_drop0p2_trmiss80_trlocclin,32,0.0001,1,32,1,0.2,lr1e-04_bs32_modL1_fusion32_fusionL1_drop0p2_trmiss80_trlocclin,4,0.6506928404172262,0.6629951000213623,0.6918103448275863,0.8264901549648456,0.6222222222222222,0.0,0.0,0.0,0.0,2002,clin,0.8
3,5,lr1e-04_bs32_modL1_fusion32_fusionL1_drop0p2_trmiss80_trlocclin,32,0.0001,1,32,1,0.2,lr1e-04_bs32_modL1_fusion32_fusionL1_drop0p2_trmiss80_trlocclin,5,0.620236466328303,0.65848109126091,0.7004310344827586,0.8242650509099956,0.6222222222222222,0.0,0.0,0.0,0.0,2002,clin,0.8
3,5,lr1e-04_bs32_modL1_fusion32_fusionL1_drop0p2_trmiss80_trlocclin,32,0.0001,1,32,1,0.2,lr1e-04_bs32_modL1_fusion32_fusionL1_drop0p2_trmiss80_trlocclin,6,0.6191903253396353,0.6545515060424805,0.7112068965517242,0.8252384377965674,0.6444444444444445,0.0,0.0,0.0,0.0,2002,clin,0.8
3,5,lr1e-04_bs32_modL1_fusion32_fusionL1_drop0p2_trmiss80_trlocclin,32,0.0001,1,32,1,0.2,lr1e-04_bs32_modL1_fusion32_fusionL1_drop0p2_trmiss80_trlocclin,7,0.5946837961673737,0.6518137454986572,0.7047413793103449,0.8237795206517431,0.6666666666666666,0.0,0.0,0.0,0.0,2002,clin,0.8
3,5,lr1e-04_bs32_modL1_fusion32_fusionL1_drop0p2_trmiss80_trlocclin,32,0.0001,1,32,1,0.2,lr1e-04_bs32_modL1_fusion32_fusionL1_drop0p2_trmiss80_trlocclin,8,0.5570994317531586,0.647568017244339,0.7133620689655172,0.8268002828068501,0.6666666666666666,0.0,0.0,0.0,0.0,2002,clin,0.8
3,5,lr1e-04_bs32_modL1_fusion32_fusionL1_drop0p2_trmiss80_trlocclin,32,0.0001,1,32,1,0.2,lr1e-04_bs32_modL1_fusion32_fusionL1_drop0p2_trmiss80_trlocclin,9,0.5794260203838348,0.6449405252933502,0.7176724137931035,0.8236999850464838,0.6666666666666666,0.0,0.0,0.0,0.0,2002,clin,0.8
3,5,lr1e-04_bs32_modL1_fusion32_fusionL1_drop0p2_trmiss80_trlocclin,32,0.0001,1,32,1,0.2,lr1e-04_bs32_modL1_fusion32_fusionL1_drop0p2_trmiss80_trlocclin,10,0.5546022653579712,0.6421346962451935,0.7241379310344827,0.8283785679525967,0.6888888888888889,0.0,0.0,0.0,0.0,2002,clin,0.8
3,5,lr1e-04_bs32_modL1_fusion32_fusionL1_drop0p2_trmiss80_trlocclin,32,0.0001,1,32,1,0.2,lr1e-04_bs32_modL1_fusion32_fusionL1_drop0p2_trmiss80_trlocclin,11,0.5502154330412546,0.63869309425354,0.7435344827586208,0.8481804209445931,0.6666666666666666,0.0,0.0,0.0,0.0,2002,clin,0.8
3,5,lr1e-04_bs32_modL1_fusion32_fusionL1_drop0p2_trmiss80_trlocclin,32,0.0001,1,32,1,0.2,lr1e-04_bs32_modL1_fusion32_fusionL1_drop0p2_trmiss80_trlocclin,12,0.543488676349322,0.6326807737350464,0.7435344827586207,0.8523833681428326,0.6888888888888889,0.0,0.0,0.0,0.0,2002,clin,0.8
3,5,lr1e-04_bs32_modL1_fusion32_fusionL1_drop0p2_trmiss80_trlocclin,32,0.0001,1,32,1,0.2,lr1e-04_bs32_modL1_fusion32_fusionL1_drop0p2_trmiss80_trlocclin,13,0.5436437328656515,0.6299220621585846,0.7564655172413792,0.8580354114121138,0.7111111111111111,0.0,0.0,0.0,0.0,2002,clin,0.8
3,5,lr1e-04_bs32_modL1_fusion32_fusionL1_drop0p2_trmiss80_trlocclin,32,0.0001,1,32,1,0.2,lr1e-04_bs32_modL1_fusion32_fusionL1_drop0p2_trmiss80_trlocclin,14,0.5252786874771118,0.6302906572818756,0.75,0.8576295260372975,0.6666666666666666,0.0,0.0,0.0,0.0,2002,clin,0.8
3,5,lr1e-04_bs32_modL1_fusion32_fusionL1_drop0p2_trmiss80_trlocclin,32,0.0001,1,32,1,0.2,lr1e-04_bs32_modL1_fusion32_fusionL1_drop0p2_trmiss80_trlocclin,15,0.5206675082445145,0.6285515427589417,0.7456896551724137,0.8540909899903493,0.7111111111111111,0.0,0.0,0.0,0.0,2002,clin,0.8
3,5,lr1e-04_bs32_modL1_fusion32_fusionL1_drop0p2_trmiss80_trlocclin,32,0.0001,1,32,1,0.2,lr1e-04_bs32_modL1_fusion32_fusionL1_drop0p2_trmiss80_trlocclin,16,0.5127360373735428,0.6268788874149323,0.7349137931034482,0.8406752798586292,0.7111111111111111,0.0,0.0,0.0,0.0,2002,clin,0.8
3,5,lr1e-04_bs32_modL1_fusion32_fusionL1_drop0p2_trmiss80_trlocclin,32,0.0001,1,32,1,0.2,lr1e-04_bs32_modL1_fusion32_fusionL1_drop0p2_trmiss80_trlocclin,17,0.49344806373119354,0.6231029033660889,0.7435344827586207,0.8457492741842042,0.6888888888888889,0.0,0.0,0.0,0.0,2002,clin,0.8
3,5,lr1e-04_bs32_modL1_fusion32_fusionL1_drop0p2_trmiss80_trlocclin,32,0.0001,1,32,1,0.2,lr1e-04_bs32_modL1_fusion32_fusionL1_drop0p2_trmiss80_trlocclin,18,0.48424771924813587,0.6204356253147125,0.7521551724137931,0.8549049315449107,0.7111111111111111,0.0,0.0,0.0,0.0,2002,clin,0.8
3,5,lr1e-04_bs32_modL1_fusion32_fusionL1_drop0p2_trmiss80_trlocclin,32,0.0001,1,32,1,0.2,lr1e-04_bs32_modL1_fusion32_fusionL1_drop0p2_trmiss80_trlocclin,19,0.4920887698729833,0.6201847493648529,0.7456896551724138,0.8561291738576344,0.6666666666666666,0.0,0.0,0.0,0.0,2002,clin,0.8
3,5,lr1e-04_bs32_modL1_fusion32_fusionL1_drop0p2_trmiss80_trlocclin,32,0.0001,1,32,1,0.2,lr1e-04_bs32_modL1_fusion32_fusionL1_drop0p2_trmiss80_trlocclin,20,0.4687241812547048,0.6208388805389404,0.7241379310344829,0.8371382244375785,0.6888888888888889,0.0,0.0,0.0,0.0,2002,clin,0.8
3,5,lr1e-04_bs32_modL1_fusion32_fusionL1_drop0p2_trmiss80_trlocclin,32,0.0001,1,32,1,0.2,lr1e-04_bs32_modL1_fusion32_fusionL1_drop0p2_trmiss80_trlocclin,21,0.46002313991387683,0.627554327249527,0.7198275862068966,0.8321129561408791,0.7111111111111111,0.0,0.0,0.0,0.0,2002,clin,0.8
3,5,lr1e-04_bs32_modL1_fusion32_fusionL1_drop0p2_trmiss80_trlocclin,32,0.0001,1,32,1,0.2,lr1e-04_bs32_modL1_fusion32_fusionL1_drop0p2_trmiss80_trlocclin,22,0.4779089242219925,0.6245736181735992,0.7306034482758621,0.8342667984866088,0.7111111111111111,0.0,0.0,0.0,0.0,2002,clin,0.8
3,5,lr1e-04_bs32_modL1_fusion32_fusionL1_drop0p2_trmiss80_trlocclin,32,0.0001,1,32,1,0.2,lr1e-04_bs32_modL1_fusion32_fusionL1_drop0p2_trmiss80_trlocclin,23,0.4695589641729991,0.6246195733547211,0.7198275862068965,0.83786248780702,0.7111111111111111,0.0,0.0,0.0,0.0,2002,clin,0.8
3,5,lr1e-04_bs32_modL1_fusion32_fusionL1_drop0p2_trmiss80_trlocclin,32,0.0001,1,32,1,0.2,lr1e-04_bs32_modL1_fusion32_fusionL1_drop0p2_trmiss80_trlocclin,24,0.4602920512358348,0.6246236562728882,0.7155172413793104,0.832468748134003,0.7111111111111111,0.0,0.0,0.0,0.0,2002,clin,0.8
3,5,lr1e-04_bs32_modL1_fusion32_fusionL1_drop0p2_trmiss80_trlocclin,32,0.0001,1,32,1,0.2,lr1e-04_bs32_modL1_fusion32_fusionL1_drop0p2_trmiss80_trlocclin,25,0.44783467054367065,0.6302023231983185,0.6939655172413792,0.8184363327560775,0.6888888888888889,0.0,0.0,0.0,0.0,2002,clin,0.8
3,5,lr1e-04_bs32_modL1_fusion32_fusionL1_drop0p2_trmiss80_trlocclin,32,0.0001,1,32,1,0.2,lr1e-04_bs32_modL1_fusion32_fusionL1_drop0p2_trmiss80_trlocclin,26,0.43255868057409924,0.6320432722568512,0.6961206896551724,0.8186480689932221,0.6888888888888889,0.0,0.0,0.0,0.0,2002,clin,0.8
3,5,lr1e-04_bs32_modL1_fusion32_fusionL1_drop0p2_trmiss80_trlocclin,32,0.0001,1,32,1,0.2,lr1e-04_bs32_modL1_fusion32_fusionL1_drop0p2_trmiss80_trlocclin,27,0.43612460792064667,0.63213250041008,0.6875,0.8178017453274259,0.6888888888888889,0.0,0.0,0.0,0.0,2002,clin,0.8
3,5,lr1e-04_bs32_modL1_fusion32_fusionL1_drop0p2_trmiss80_trlocclin,32,0.0001,1,32,1,0.2,lr1e-04_bs32_modL1_fusion32_fusionL1_drop0p2_trmiss80_trlocclin,28,0.4299890200297038,0.634545624256134,0.6961206896551725,0.8223594677136953,0.6888888888888889,0.0,0.0,0.0,0.0,2002,clin,0.8
3,5,lr1e-04_bs32_modL1_fusion32_fusionL1_drop0p2_trmiss80_trlocclin,32,0.0001,1,32,1,0.2,lr1e-04_bs32_modL1_fusion32_fusionL1_drop0p2_trmiss80_trlocclin,29,0.4184107929468155,0.6321783363819122,0.6896551724137931,0.8164853705477827,0.6444444444444445,0.0,0.0,0.0,0.0,2002,clin,0.8
3,5,lr1e-04_bs32_modL1_fusion32_fusionL1_drop0p2_trmiss80_trlocclin,32,0.0001,1,32,1,0.2,lr1e-04_bs32_modL1_fusion32_fusionL1_drop0p2_trmiss80_trlocclin,30,0.41570450862248737,0.6286466121673584,0.6961206896551725,0.8217768411128665,0.6888888888888889,0.0,0.0,0.0,0.0,2002,clin,0.8
3,5,lr1e-04_bs32_modL1_fusion32_fusionL1_drop0p2_trmiss80_trlocclin,32,0.0001,1,32,1,0.2,lr1e-04_bs32_modL1_fusion32_fusionL1_drop0p2_trmiss80_trlocclin,31,0.42015454173088074,0.6269897520542145,0.6896551724137931,0.8215392134819501,0.6666666666666666,0.0,0.0,0.0,0.0,2002,clin,0.8
3,5,lr1e-04_bs32_modL1_fusion32_fusionL1_drop0p2_trmiss80_trlocclin,32,0.0001,1,32,1,0.2,lr1e-04_bs32_modL1_fusion32_fusionL1_drop0p2_trmiss80_trlocclin,32,0.40086281796296436,0.6279970109462738,0.7004310344827587,0.8284048282935921,0.6888888888888889,0.0,0.0,0.0,0.0,2002,clin,0.8
3,5,lr1e-04_bs32_modL1_fusion32_fusionL1_drop0p2_trmiss80_trlocclin,32,0.0001,1,32,1,0.2,lr1e-04_bs32_modL1_fusion32_fusionL1_drop0p2_trmiss80_trlocclin,33,0.41818124055862427,0.6268381774425507,0.7068965517241379,0.8305307900371801,0.6888888888888889,0.0,0.0,0.0,0.0,2002,clin,0.8
3,5,lr1e-04_bs32_modL1_fusion32_fusionL1_drop0p1_trmiss80_trlocclin,32,0.0001,1,32,1,0.1,lr1e-04_bs32_modL1_fusion32_fusionL1_drop0p1_trmiss80_trlocclin,1,0.7055989503860474,0.6850219368934631,0.5452586206896551,0.7562023491339853,0.5111111111111111,0.0,0.0,0.0,0.0,2002,clin,0.8
3,5,lr1e-04_bs32_modL1_fusion32_fusionL1_drop0p1_trmiss80_trlocclin,32,0.0001,1,32,1,0.1,lr1e-04_bs32_modL1_fusion32_fusionL1_drop0p1_trmiss80_trlocclin,2,0.656673381725947,0.6767525970935822,0.6099137931034483,0.7815976676520313,0.6444444444444445,0.0,0.0,0.0,0.0,2002,clin,0.8
3,5,lr1e-04_bs32_modL1_fusion32_fusionL1_drop0p1_trmiss80_trlocclin,32,0.0001,1,32,1,0.1,lr1e-04_bs32_modL1_fusion32_fusionL1_drop0p1_trmiss80_trlocclin,3,0.6230787535508474,0.6709320843219757,0.6228448275862069,0.7788108616553551,0.6,0.0,0.0,0.0,0.0,2002,clin,0.8
3,5,lr1e-04_bs32_modL1_fusion32_fusionL1_drop0p1_trmiss80_trlocclin,32,0.0001,1,32,1,0.1,lr1e-04_bs32_modL1_fusion32_fusionL1_drop0p1_trmiss80_trlocclin,4,0.6075652043024699,0.6706685423851013,0.6314655172413793,0.7846257020475352,0.6,0.0,0.0,0.0,0.0,2002,clin,0.8
3,5,lr1e-04_bs32_modL1_fusion32_fusionL1_drop0p1_trmiss80_trlocclin,32,0.0001,1,32,1,0.1,lr1e-04_bs32_modL1_fusion32_fusionL1_drop0p1_trmiss80_trlocclin,5,0.5965407490730286,0.6731016635894775,0.6077586206896551,0.7612179966031442,0.5777777777777777,0.0,0.0,0.0,0.0,2002,clin,0.8
3,5,lr1e-04_bs32_modL1_fusion32_fusionL1_drop0p1_trmiss80_trlocclin,32,0.0001,1,32,1,0.1,lr1e-04_bs32_modL1_fusion32_fusionL1_drop0p1_trmiss80_trlocclin,6,0.5675833225250244,0.6740899682044983,0.6077586206896551,0.7722975185614912,0.5777777777777777,0.0,0.0,0.0,0.0,2002,clin,0.8
3,5,lr1e-04_bs32_modL1_fusion32_fusionL1_drop0p1_trmiss80_trlocclin,32,0.0001,1,32,1,0.1,lr1e-04_bs32_modL1_fusion32_fusionL1_drop0p1_trmiss80_trlocclin,7,0.5532654921213785,0.6774593889713287,0.5818965517241379,0.7617076035490853,0.5111111111111111,0.0,0.0,0.0,0.0,2002,clin,0.8
3,5,lr1e-04_bs32_modL1_fusion32_fusionL1_drop0p1_trmiss80_trlocclin,32,0.0001,1,32,1,0.1,lr1e-04_bs32_modL1_fusion32_fusionL1_drop0p1_trmiss80_trlocclin,8,0.5401256481806437,0.6792410314083099,0.5883620689655172,0.7626232495089049,0.5333333333333333,0.0,0.0,0.0,0.0,2002,clin,0.8
3,5,lr1e-04_bs32_modL1_fusion32_fusionL1_drop0p1_trmiss80_trlocclin,32,0.0001,1,32,1,0.1,lr1e-04_bs32_modL1_fusion32_fusionL1_drop0p1_trmiss80_trlocclin,9,0.5248032013575236,0.6788976788520813,0.5775862068965517,0.750408341162582,0.5111111111111111,0.0,0.0,0.0,0.0,2002,clin,0.8
3,5,lr1e-04_bs32_modL1_fusion32_fusionL1_drop0p1_trmiss80_trlocclin,32,0.0001,1,32,1,0.1,lr1e-04_bs32_modL1_fusion32_fusionL1_drop0p1_trmiss80_trlocclin,10,0.49502402047316235,0.6769307553768158,0.5862068965517242,0.7568815785636165,0.5333333333333333,0.0,0.0,0.0,0.0,2002,clin,0.8
3,5,lr1e-04_bs32_modL1_fusion32_fusionL1_drop0p1_trmiss80_trlocclin,32,0.0001,1,32,1,0.1,lr1e-04_bs32_modL1_fusion32_fusionL1_drop0p1_trmiss80_trlocclin,11,0.5027581652005514,0.674892008304596,0.5926724137931034,0.7639650526616096,0.5333333333333333,0.0,0.0,0.0,0.0,2002,clin,0.8
3,5,lr1e-04_bs32_modL1_fusion32_fusionL1_drop0p1_trmiss80_trlocclin,32,0.0001,1,32,1,0.1,lr1e-04_bs32_modL1_fusion32_fusionL1_drop0p1_trmiss80_trlocclin,12,0.48324888447920483,0.6738897860050201,0.6012931034482759,0.7714015772894479,0.5333333333333333,0.0,0.0,0.0,0.0,2002,clin,0.8
3,5,lr1e-04_bs32_modL1_fusion32_fusionL1_drop0p1_trmiss80_trlocclin,32,0.0001,1,32,1,0.1,lr1e-04_bs32_modL1_fusion32_fusionL1_drop0p1_trmiss80_trlocclin,13,0.48268278936545056,0.6747825145721436,0.5991379310344829,0.7689338242794534,0.5333333333333333,0.0,0.0,0.0,0.0,2002,clin,0.8
3,5,lr1e-04_bs32_modL1_fusion32_fusionL1_drop0p1_trmiss80_trlocclin,32,0.0001,1,32,1,0.1,lr1e-04_bs32_modL1_fusion32_fusionL1_drop0p1_trmiss80_trlocclin,14,0.48308132588863373,0.6761521995067596,0.5905172413793103,0.7569766016597989,0.5333333333333333,0.0,0.0,0.0,0.0,2002,clin,0.8
3,5,lr1e-04_bs32_modL1_fusion32_fusionL1_drop0p1_trmiss80_trlocclin,32,0.0001,1,32,1,0.1,lr1e-04_bs32_modL1_fusion32_fusionL1_drop0p1_trmiss80_trlocclin,15,0.47374752660592395,0.6770277619361877,0.6012931034482759,0.7664190673255981,0.5333333333333333,0.0,0.0,0.0,0.0,2002,clin,0.8
3,5,lr1e-04_bs32_modL1_fusion32_fusionL1_drop0p1_trmiss80_trlocclin,32,0.0001,1,32,1,0.1,lr1e-04_bs32_modL1_fusion32_fusionL1_drop0p1_trmiss80_trlocclin,16,0.4596140931049983,0.6753881275653839,0.603448275862069,0.7681930322420683,0.5555555555555556,0.0,0.0,0.0,0.0,2002,clin,0.8
3,5,lr1e-04_bs32_modL1_fusion32_fusionL1_drop0p1_trmiss80_trlocclin,32,0.0001,1,32,1,0.1,lr1e-04_bs32_modL1_fusion32_fusionL1_drop0p1_trmiss80_trlocclin,17,0.4634783019622167,0.6760039329528809,0.5948275862068966,0.7632883580311861,0.5111111111111111,0.0,0.0,0.0,0.0,2002,clin,0.8
3,5,lr1e-04_bs32_modL1_fusion32_fusionL1_drop0p1_trmiss80_trlocclin,32,0.0001,1,32,1,0.1,lr1e-04_bs32_modL1_fusion32_fusionL1_drop0p1_trmiss80_trlocclin,18,0.4748053252696991,0.6763152182102203,0.603448275862069,0.7713780708876333,0.5111111111111111,0.0,0.0,0.0,0.0,2002,clin,0.8
3,5,lr1e-04_bs32_modL1_fusion32_fusionL1_drop0p1_trmiss80_trlocclin,32,0.0001,1,32,1,0.1,lr1e-04_bs32_modL1_fusion32_fusionL1_drop0p1_trmiss80_trlocclin,19,0.45917752385139465,0.6791488528251648,0.6012931034482758,0.771199662122955,0.5111111111111111,0.0,0.0,0.0,0.0,2002,clin,0.8
3,5,lr1e-04_bs32_modL1_fusion32_fusionL1_drop0p1_trmiss80_trlocclin,32,0.0001,1,32,1,0.1,lr1e-04_bs32_modL1_fusion32_fusionL1_drop0p1_trmiss80_trlocclin,20,0.4525488217671712,0.6803490817546844,0.603448275862069,0.7639871986111161,0.5111111111111111,0.0,0.0,0.0,0.0,2002,clin,0.8
3,5,lr1e-04_bs32_modL1_fusion32_fusionL1_drop0p1_trmiss80_trlocclin,32,0.0001,1,32,1,0.1,lr1e-04_bs32_modL1_fusion32_fusionL1_drop0p1_trmiss80_trlocclin,21,0.4651014705499013,0.677291065454483,0.6077586206896552,0.7709750444668936,0.5333333333333333,0.0,0.0,0.0,0.0,2002,clin,0.8
3,5,lr1e-04_bs32_modL1_fusion32_fusionL1_drop0p1_trmiss80_trlocclin,32,0.0001,1,32,1,0.1,lr1e-04_bs32_modL1_fusion32_fusionL1_drop0p1_trmiss80_trlocclin,22,0.4502994269132614,0.6767221093177795,0.6077586206896552,0.7707706774153861,0.5111111111111111,0.0,0.0,0.0,0.0,2002,clin,0.8
3,5,lr1e-04_bs32_modL1_fusion32_fusionL1_drop0p1_trmiss80_trlocclin,32,0.0001,1,32,1,0.1,lr1e-04_bs32_modL1_fusion32_fusionL1_drop0p1_trmiss80_trlocclin,23,0.43936603764692944,0.675430417060852,0.603448275862069,0.766600406645893,0.5333333333333333,0.0,0.0,0.0,0.0,2002,clin,0.8
3,5,lr1e-04_bs32_modL1_fusion32_fusionL1_drop0p1_trmiss80_trlocclin,32,0.0001,1,32,1,0.1,lr1e-04_bs32_modL1_fusion32_fusionL1_drop0p1_trmiss80_trlocclin,24,0.46438326438268024,0.676149845123291,0.6077586206896551,0.7786734955179478,0.5333333333333333,0.0,0.0,0.0,0.0,2002,clin,0.8
3,5,lr1e-04_bs32_modL1_fusion64_fusionL1_drop0p2_trmiss80_trlocclin,32,0.0001,1,64,1,0.2,lr1e-04_bs32_modL1_fusion64_fusionL1_drop0p2_trmiss80_trlocclin,1,0.6610035498936971,0.6954309642314911,0.4935344827586208,0.6444188083758384,0.5777777777777777,0.0,0.0,0.0,0.0,2002,clin,0.8
3,5,lr1e-04_bs32_modL1_fusion64_fusionL1_drop0p2_trmiss80_trlocclin,32,0.0001,1,64,1,0.2,lr1e-04_bs32_modL1_fusion64_fusionL1_drop0p2_trmiss80_trlocclin,2,0.6352710127830505,0.693810760974884,0.5129310344827586,0.6804439906723827,0.5777777777777777,0.0,0.0,0.0,0.0,2002,clin,0.8
3,5,lr1e-04_bs32_modL1_fusion64_fusionL1_drop0p2_trmiss80_trlocclin,32,0.0001,1,64,1,0.2,lr1e-04_bs32_modL1_fusion64_fusionL1_drop0p2_trmiss80_trlocclin,3,0.6055175960063934,0.6936907172203064,0.5387931034482759,0.6990687288219477,0.6222222222222222,0.0,0.0,0.0,0.0,2002,clin,0.8
3,5,lr1e-04_bs32_modL1_fusion64_fusionL1_drop0p2_trmiss80_trlocclin,32,0.0001,1,64,1,0.2,lr1e-04_bs32_modL1_fusion64_fusionL1_drop0p2_trmiss80_trlocclin,4,0.5790691673755646,0.6918921172618866,0.5797413793103449,0.7210708019747757,0.6222222222222222,0.0,0.0,0.0,0.0,2002,clin,0.8
3,5,lr1e-04_bs32_modL1_fusion64_fusionL1_drop0p2_trmiss80_trlocclin,32,0.0001,1,64,1,0.2,lr1e-04_bs32_modL1_fusion64_fusionL1_drop0p2_trmiss80_trlocclin,5,0.5755991339683533,0.68880695104599,0.603448275862069,0.737880073632399,0.6222222222222222,0.0,0.0,0.0,0.0,2002,clin,0.8
3,5,lr1e-04_bs32_modL1_fusion64_fusionL1_drop0p2_trmiss80_trlocclin,32,0.0001,1,64,1,0.2,lr1e-04_bs32_modL1_fusion64_fusionL1_drop0p2_trmiss80_trlocclin,6,0.5608149667580923,0.687167227268219,0.5991379310344828,0.7437479947018296,0.6666666666666666,0.0,0.0,0.0,0.0,2002,clin,0.8
3,5,lr1e-04_bs32_modL1_fusion64_fusionL1_drop0p2_trmiss80_trlocclin,32,0.0001,1,64,1,0.2,lr1e-04_bs32_modL1_fusion64_fusionL1_drop0p2_trmiss80_trlocclin,7,0.5664031306902567,0.6855008602142334,0.6099137931034483,0.7491348922154323,0.6666666666666666,0.0,0.0,0.0,0.0,2002,clin,0.8
3,5,lr1e-04_bs32_modL1_fusion64_fusionL1_drop0p2_trmiss80_trlocclin,32,0.0001,1,64,1,0.2,lr1e-04_bs32_modL1_fusion64_fusionL1_drop0p2_trmiss80_trlocclin,8,0.5398809959491094,0.6823118031024933,0.625,0.7542564698216138,0.6666666666666666,0.0,0.0,0.0,0.0,2002,clin,0.8
3,5,lr1e-04_bs32_modL1_fusion64_fusionL1_drop0p2_trmiss80_trlocclin,32,0.0001,1,64,1,0.2,lr1e-04_bs32_modL1_fusion64_fusionL1_drop0p2_trmiss80_trlocclin,9,0.5412938396135966,0.6821777820587158,0.6163793103448276,0.7381258115971192,0.6666666666666666,0.0,0.0,0.0,0.0,2002,clin,0.8
3,5,lr1e-04_bs32_modL1_fusion64_fusionL1_drop0p2_trmiss80_trlocclin,32,0.0001,1,64,1,0.2,lr1e-04_bs32_modL1_fusion64_fusionL1_drop0p2_trmiss80_trlocclin,10,0.5356769611438116,0.6802709698677063,0.6163793103448276,0.7482070137567615,0.6666666666666666,0.0,0.0,0.0,0.0,2002,clin,0.8
3,5,lr1e-04_bs32_modL1_fusion64_fusionL1_drop0p2_trmiss80_trlocclin,32,0.0001,1,64,1,0.2,lr1e-04_bs32_modL1_fusion64_fusionL1_drop0p2_trmiss80_trlocclin,11,0.5298894047737122,0.6833846569061279,0.6012931034482758,0.7417554317886573,0.6444444444444445,0.0,0.0,0.0,0.0,2002,clin,0.8
3,5,lr1e-04_bs32_modL1_fusion64_fusionL1_drop0p2_trmiss80_trlocclin,32,0.0001,1,64,1,0.2,lr1e-04_bs32_modL1_fusion64_fusionL1_drop0p2_trmiss80_trlocclin,12,0.4804583142201106,0.6815234124660492,0.5948275862068966,0.7466852482436056,0.6444444444444445,0.0,0.0,0.0,0.0,2002,clin,0.8
3,5,lr1e-04_bs32_modL1_fusion64_fusionL1_drop0p2_trmiss80_trlocclin,32,0.0001,1,64,1,0.2,lr1e-04_bs32_modL1_fusion64_fusionL1_drop0p2_trmiss80_trlocclin,13,0.48997340102990466,0.6782895028591156,0.6120689655172414,0.7672740725499874,0.6444444444444445,0.0,0.0,0.0,0.0,2002,clin,0.8
3,5,lr1e-04_bs32_modL1_fusion64_fusionL1_drop0p2_trmiss80_trlocclin,32,0.0001,1,64,1,0.2,lr1e-04_bs32_modL1_fusion64_fusionL1_drop0p2_trmiss80_trlocclin,14,0.48485732078552246,0.6737101972103119,0.6314655172413793,0.7826252930916155,0.6222222222222222,0.0,0.0,0.0,0.0,2002,clin,0.8
3,5,lr1e-04_bs32_modL1_fusion64_fusionL1_drop0p2_trmiss80_trlocclin,32,0.0001,1,64,1,0.2,lr1e-04_bs32_modL1_fusion64_fusionL1_drop0p2_trmiss80_trlocclin,15,0.4686989039182663,0.6669741272926331,0.665948275862069,0.7968858224334847,0.6444444444444445,0.0,0.0,0.0,0.0,2002,clin,0.8
3,5,lr1e-04_bs32_modL1_fusion64_fusionL1_drop0p2_trmiss80_trlocclin,32,0.0001,1,64,1,0.2,lr1e-04_bs32_modL1_fusion64_fusionL1_drop0p2_trmiss80_trlocclin,16,0.4448089649279912,0.6646741628646851,0.6681034482758621,0.7962102474835864,0.6444444444444445,0.0,0.0,0.0,0.0,2002,clin,0.8
3,5,lr1e-04_bs32_modL1_fusion64_fusionL1_drop0p2_trmiss80_trlocclin,32,0.0001,1,64,1,0.2,lr1e-04_bs32_modL1_fusion64_fusionL1_drop0p2_trmiss80_trlocclin,17,0.44625726342201233,0.6675487756729126,0.6422413793103448,0.7917943720872465,0.6,0.0,0.0,0.0,0.0,2002,clin,0.8
3,5,lr1e-04_bs32_modL1_fusion64_fusionL1_drop0p2_trmiss80_trlocclin,32,0.0001,1,64,1,0.2,lr1e-04_bs32_modL1_fusion64_fusionL1_drop0p2_trmiss80_trlocclin,18,0.4381347944339116,0.6669557988643646,0.6443965517241379,0.7854595206733228,0.6222222222222222,0.0,0.0,0.0,0.0,2002,clin,0.8
3,5,lr1e-04_bs32_modL1_fusion64_fusionL1_drop0p2_trmiss80_trlocclin,32,0.0001,1,64,1,0.2,lr1e-04_bs32_modL1_fusion64_fusionL1_drop0p2_trmiss80_trlocclin,19,0.4139694919188817,0.6643330752849579,0.6594827586206896,0.7909693454596194,0.6222222222222222,0.0,0.0,0.0,0.0,2002,clin,0.8
3,5,lr1e-04_bs32_modL1_fusion64_fusionL1_drop0p2_trmiss80_trlocclin,32,0.0001,1,64,1,0.2,lr1e-04_bs32_modL1_fusion64_fusionL1_drop0p2_trmiss80_trlocclin,20,0.41682031750679016,0.6681294143199921,0.6379310344827587,0.7727403886861396,0.6222222222222222,0.0,0.0,0.0,0.0,2002,clin,0.8
3,5,lr1e-04_bs32_modL1_fusion64_fusionL1_drop0p2_trmiss80_trlocclin,32,0.0001,1,64,1,0.2,lr1e-04_bs32_modL1_fusion64_fusionL1_drop0p2_trmiss80_trlocclin,21,0.41129228472709656,0.6649646461009979,0.6508620689655172,0.7798744986884396,0.6,0.0,0.0,0.0,0.0,2002,clin,0.8
3,5,lr1e-04_bs32_modL1_fusion64_fusionL1_drop0p2_trmiss80_trlocclin,32,0.0001,1,64,1,0.2,lr1e-04_bs32_modL1_fusion64_fusionL1_drop0p2_trmiss80_trlocclin,22,0.3919713298479716,0.6653341054916382,0.6400862068965517,0.7717752852263409,0.6222222222222222,0.0,0.0,0.0,0.0,2002,clin,0.8
3,5,lr1e-04_bs32_modL1_fusion64_fusionL1_drop0p2_trmiss80_trlocclin,32,0.0001,1,64,1,0.2,lr1e-04_bs32_modL1_fusion64_fusionL1_drop0p2_trmiss80_trlocclin,23,0.38137047986189526,0.6723105907440186,0.6163793103448276,0.76043637786413,0.6,0.0,0.0,0.0,0.0,2002,clin,0.8
3,5,lr1e-04_bs32_modL1_fusion64_fusionL1_drop0p2_trmiss80_trlocclin,32,0.0001,1,64,1,0.2,lr1e-04_bs32_modL1_fusion64_fusionL1_drop0p2_trmiss80_trlocclin,24,0.3997245927651723,0.6635547578334808,0.6379310344827587,0.7653487428336433,0.6,0.0,0.0,0.0,0.0,2002,clin,0.8
3,5,lr1e-04_bs32_modL1_fusion64_fusionL1_drop0p2_trmiss80_trlocclin,32,0.0001,1,64,1,0.2,lr1e-04_bs32_modL1_fusion64_fusionL1_drop0p2_trmiss80_trlocclin,25,0.37892991304397583,0.6622404754161835,0.6336206896551725,0.7742490699252624,0.6222222222222222,0.0,0.0,0.0,0.0,2002,clin,0.8
3,5,lr1e-04_bs32_modL1_fusion64_fusionL1_drop0p2_trmiss80_trlocclin,32,0.0001,1,64,1,0.2,lr1e-04_bs32_modL1_fusion64_fusionL1_drop0p2_trmiss80_trlocclin,26,0.3660646229982376,0.6600838005542755,0.6293103448275862,0.7543904744502022,0.6222222222222222,0.0,0.0,0.0,0.0,2002,clin,0.8
3,5,lr1e-04_bs32_modL1_fusion64_fusionL1_drop0p2_trmiss80_trlocclin,32,0.0001,1,64,1,0.2,lr1e-04_bs32_modL1_fusion64_fusionL1_drop0p2_trmiss80_trlocclin,27,0.3572271168231964,0.6645527184009552,0.6400862068965517,0.7579275946535968,0.6444444444444445,0.0,0.0,0.0,0.0,2002,clin,0.8
3,5,lr1e-04_bs32_modL1_fusion64_fusionL1_drop0p2_trmiss80_trlocclin,32,0.0001,1,64,1,0.2,lr1e-04_bs32_modL1_fusion64_fusionL1_drop0p2_trmiss80_trlocclin,28,0.3525666743516922,0.6657006740570068,0.6228448275862069,0.7547533167056453,0.5777777777777777,0.0,0.0,0.0,0.0,2002,clin,0.8
3,5,lr1e-04_bs32_modL1_fusion64_fusionL1_drop0p2_trmiss80_trlocclin,32,0.0001,1,64,1,0.2,lr1e-04_bs32_modL1_fusion64_fusionL1_drop0p2_trmiss80_trlocclin,29,0.33483414351940155,0.6631584167480469,0.6077586206896552,0.7603166549461433,0.6222222222222222,0.0,0.0,0.0,0.0,2002,clin,0.8
3,5,lr1e-04_bs32_modL1_fusion64_fusionL1_drop0p2_trmiss80_trlocclin,32,0.0001,1,64,1,0.2,lr1e-04_bs32_modL1_fusion64_fusionL1_drop0p2_trmiss80_trlocclin,30,0.33527156213919324,0.6684862971305847,0.603448275862069,0.7500931287976516,0.6,0.0,0.0,0.0,0.0,2002,clin,0.8
3,5,lr1e-04_bs32_modL1_fusion64_fusionL1_drop0p2_trmiss80_trlocclin,32,0.0001,1,64,1,0.2,lr1e-04_bs32_modL1_fusion64_fusionL1_drop0p2_trmiss80_trlocclin,31,0.3150811642408371,0.6628950536251068,0.6314655172413793,0.7794762098628644,0.6222222222222222,0.0,0.0,0.0,0.0,2002,clin,0.8
3,5,lr1e-04_bs32_modL1_fusion64_fusionL1_drop0p2_trmiss80_trlocclin,32,0.0001,1,64,1,0.2,lr1e-04_bs32_modL1_fusion64_fusionL1_drop0p2_trmiss80_trlocclin,32,0.31440232197443646,0.6509142518043518,0.6422413793103448,0.7879140354543156,0.6222222222222222,0.0,0.0,0.0,0.0,2002,clin,0.8
3,5,lr1e-04_bs32_modL1_fusion64_fusionL1_drop0p2_trmiss80_trlocclin,32,0.0001,1,64,1,0.2,lr1e-04_bs32_modL1_fusion64_fusionL1_drop0p2_trmiss80_trlocclin,33,0.30649896959463757,0.6469387412071228,0.6637931034482759,0.8093050221654878,0.6222222222222222,0.0,0.0,0.0,0.0,2002,clin,0.8
3,5,lr1e-04_bs32_modL1_fusion64_fusionL1_drop0p2_trmiss80_trlocclin,32,0.0001,1,64,1,0.2,lr1e-04_bs32_modL1_fusion64_fusionL1_drop0p2_trmiss80_trlocclin,34,0.31991636256376904,0.6580480635166168,0.665948275862069,0.7956172753956866,0.6222222222222222,0.0,0.0,0.0,0.0,2002,clin,0.8
3,5,lr1e-04_bs32_modL1_fusion64_fusionL1_drop0p2_trmiss80_trlocclin,32,0.0001,1,64,1,0.2,lr1e-04_bs32_modL1_fusion64_fusionL1_drop0p2_trmiss80_trlocclin,35,0.29244137307008106,0.6656878590583801,0.6594827586206896,0.7857222101898137,0.6222222222222222,0.0,0.0,0.0,0.0,2002,clin,0.8
3,5,lr1e-04_bs32_modL1_fusion64_fusionL1_drop0p2_trmiss80_trlocclin,32,0.0001,1,64,1,0.2,lr1e-04_bs32_modL1_fusion64_fusionL1_drop0p2_trmiss80_trlocclin,36,0.29506098727385205,0.6514612138271332,0.6551724137931034,0.7922363362236724,0.6222222222222222,0.0,0.0,0.0,0.0,2002,clin,0.8
3,5,lr1e-04_bs32_modL1_fusion64_fusionL1_drop0p1_trmiss80_trlocclin,32,0.0001,1,64,1,0.1,lr1e-04_bs32_modL1_fusion64_fusionL1_drop0p1_trmiss80_trlocclin,1,0.6803735693295797,0.6942709684371948,0.4870689655172414,0.6625042561787085,0.5555555555555556,0.0,0.0,0.0,0.0,2002,clin,0.8
3,5,lr1e-04_bs32_modL1_fusion64_fusionL1_drop0p1_trmiss80_trlocclin,32,0.0001,1,64,1,0.1,lr1e-04_bs32_modL1_fusion64_fusionL1_drop0p1_trmiss80_trlocclin,2,0.6191684106985728,0.6918056607246399,0.5237068965517242,0.6933169797425026,0.6222222222222222,0.0,0.0,0.0,0.0,2002,clin,0.8
3,5,lr1e-04_bs32_modL1_fusion64_fusionL1_drop0p1_trmiss80_trlocclin,32,0.0001,1,64,1,0.1,lr1e-04_bs32_modL1_fusion64_fusionL1_drop0p1_trmiss80_trlocclin,3,0.5696399410565695,0.6839672327041626,0.5797413793103448,0.7341403019653263,0.6222222222222222,0.0,0.0,0.0,0.0,2002,clin,0.8
3,5,lr1e-04_bs32_modL1_fusion64_fusionL1_drop0p1_trmiss80_trlocclin,32,0.0001,1,64,1,0.1,lr1e-04_bs32_modL1_fusion64_fusionL1_drop0p1_trmiss80_trlocclin,4,0.5506920119126638,0.6738884150981903,0.6142241379310345,0.762823931132955,0.6444444444444445,0.0,0.0,0.0,0.0,2002,clin,0.8
3,5,lr1e-04_bs32_modL1_fusion64_fusionL1_drop0p1_trmiss80_trlocclin,32,0.0001,1,64,1,0.1,lr1e-04_bs32_modL1_fusion64_fusionL1_drop0p1_trmiss80_trlocclin,5,0.5244516879320145,0.6676903367042542,0.6206896551724138,0.7736468650812608,0.6444444444444445,0.0,0.0,0.0,0.0,2002,clin,0.8
3,5,lr1e-04_bs32_modL1_fusion64_fusionL1_drop0p1_trmiss80_trlocclin,32,0.0001,1,64,1,0.1,lr1e-04_bs32_modL1_fusion64_fusionL1_drop0p1_trmiss80_trlocclin,6,0.49696706732114154,0.6654224097728729,0.6314655172413793,0.783709472166382,0.6666666666666666,0.0,0.0,0.0,0.0,2002,clin,0.8
3,5,lr1e-04_bs32_modL1_fusion64_fusionL1_drop0p1_trmiss80_trlocclin,32,0.0001,1,64,1,0.1,lr1e-04_bs32_modL1_fusion64_fusionL1_drop0p1_trmiss80_trlocclin,7,0.4829399436712265,0.6583729684352875,0.6293103448275862,0.7837465387095959,0.6666666666666666,0.0,0.0,0.0,0.0,2002,clin,0.8
3,5,lr1e-04_bs32_modL1_fusion64_fusionL1_drop0p1_trmiss80_trlocclin,32,0.0001,1,64,1,0.1,lr1e-04_bs32_modL1_fusion64_fusionL1_drop0p1_trmiss80_trlocclin,8,0.4623236308495204,0.6551241874694824,0.6443965517241379,0.8100223525307817,0.6,0.0,0.0,0.0,0.0,2002,clin,0.8
3,5,lr1e-04_bs32_modL1_fusion64_fusionL1_drop0p1_trmiss80_trlocclin,32,0.0001,1,64,1,0.1,lr1e-04_bs32_modL1_fusion64_fusionL1_drop0p1_trmiss80_trlocclin,9,0.4356067230304082,0.6520875990390778,0.6422413793103448,0.8026503320261238,0.6222222222222222,0.0,0.0,0.0,0.0,2002,clin,0.8
3,5,lr1e-04_bs32_modL1_fusion64_fusionL1_drop0p1_trmiss80_trlocclin,32,0.0001,1,64,1,0.1,lr1e-04_bs32_modL1_fusion64_fusionL1_drop0p1_trmiss80_trlocclin,10,0.42739504079024,0.6536380648612976,0.6314655172413792,0.7853702135959086,0.6222222222222222,0.0,0.0,0.0,0.0,2002,clin,0.8
3,5,lr1e-04_bs32_modL1_fusion64_fusionL1_drop0p1_trmiss80_trlocclin,32,0.0001,1,64,1,0.1,lr1e-04_bs32_modL1_fusion64_fusionL1_drop0p1_trmiss80_trlocclin,11,0.4058937430381775,0.6520240604877472,0.6357758620689655,0.7869033662700349,0.6222222222222222,0.0,0.0,0.0,0.0,2002,clin,0.8
3,5,lr1e-04_bs32_modL1_fusion64_fusionL1_drop0p1_trmiss80_trlocclin,32,0.0001,1,64,1,0.1,lr1e-04_bs32_modL1_fusion64_fusionL1_drop0p1_trmiss80_trlocclin,12,0.3933990051349004,0.6529320180416107,0.6487068965517242,0.8011560699704867,0.6444444444444445,0.0,0.0,0.0,0.0,2002,clin,0.8
3,5,lr1e-04_bs32_modL1_fusion64_fusionL1_drop0p1_trmiss80_trlocclin,32,0.0001,1,64,1,0.1,lr1e-04_bs32_modL1_fusion64_fusionL1_drop0p1_trmiss80_trlocclin,13,0.3722032407919566,0.6440632939338684,0.6918103448275861,0.8361277619049534,0.6444444444444445,0.0,0.0,0.0,0.0,2002,clin,0.8
3,5,lr1e-04_bs32_modL1_fusion64_fusionL1_drop0p1_trmiss80_trlocclin,32,0.0001,1,64,1,0.1,lr1e-04_bs32_modL1_fusion64_fusionL1_drop0p1_trmiss80_trlocclin,14,0.3627394586801529,0.6357123255729675,0.6982758620689655,0.8426644888244068,0.6444444444444445,0.0,0.0,0.0,0.0,2002,clin,0.8
3,5,lr1e-04_bs32_modL1_fusion64_fusionL1_drop0p1_trmiss80_trlocclin,32,0.0001,1,64,1,0.1,lr1e-04_bs32_modL1_fusion64_fusionL1_drop0p1_trmiss80_trlocclin,15,0.380403071641922,0.6348029971122742,0.6918103448275861,0.8369695350288981,0.6444444444444445,0.0,0.0,0.0,0.0,2002,clin,0.8
3,5,lr1e-04_bs32_modL1_fusion64_fusionL1_drop0p1_trmiss80_trlocclin,32,0.0001,1,64,1,0.1,lr1e-04_bs32_modL1_fusion64_fusionL1_drop0p1_trmiss80_trlocclin,16,0.34486565987269086,0.6454484462738037,0.665948275862069,0.8119328912559995,0.6222222222222222,0.0,0.0,0.0,0.0,2002,clin,0.8
3,5,lr1e-04_bs32_modL1_fusion64_fusionL1_drop0p1_trmiss80_trlocclin,32,0.0001,1,64,1,0.1,lr1e-04_bs32_modL1_fusion64_fusionL1_drop0p1_trmiss80_trlocclin,17,0.33566415806611377,0.6425142288208008,0.6788793103448276,0.8151079272711925,0.6222222222222222,0.0,0.0,0.0,0.0,2002,clin,0.8
3,5,lr1e-04_bs32_modL1_fusion64_fusionL1_drop0p1_trmiss80_trlocclin,32,0.0001,1,64,1,0.1,lr1e-04_bs32_modL1_fusion64_fusionL1_drop0p1_trmiss80_trlocclin,18,0.3305586228768031,0.651904970407486,0.6487068965517242,0.789111612240912,0.6,0.0,0.0,0.0,0.0,2002,clin,0.8
3,5,lr1e-04_bs32_modL1_fusion64_fusionL1_drop0p1_trmiss80_trlocclin,32,0.0001,1,64,1,0.1,lr1e-04_bs32_modL1_fusion64_fusionL1_drop0p1_trmiss80_trlocclin,19,0.3110511749982834,0.6581327319145203,0.6357758620689655,0.7902099160642244,0.6,0.0,0.0,0.0,0.0,2002,clin,0.8
3,5,lr1e-04_bs32_modL1_fusion64_fusionL1_drop0p1_trmiss80_trlocclin,32,0.0001,1,64,1,0.1,lr1e-04_bs32_modL1_fusion64_fusionL1_drop0p1_trmiss80_trlocclin,20,0.312734122077624,0.6525865197181702,0.6487068965517241,0.7902607715831653,0.6,0.0,0.0,0.0,0.0,2002,clin,0.8
3,5,lr1e-04_bs32_modL1_fusion64_fusionL1_drop0p1_trmiss80_trlocclin,32,0.0001,1,64,1,0.1,lr1e-04_bs32_modL1_fusion64_fusionL1_drop0p1_trmiss80_trlocclin,21,0.2951389153798421,0.6506504118442535,0.6487068965517241,0.7754754485371934,0.6666666666666666,0.0,0.0,0.0,0.0,2002,clin,0.8
3,5,lr1e-04_bs32_modL1_fusion64_fusionL1_drop0p1_trmiss80_trlocclin,32,0.0001,1,64,1,0.1,lr1e-04_bs32_modL1_fusion64_fusionL1_drop0p1_trmiss80_trlocclin,22,0.28885287046432495,0.6482361853122711,0.6573275862068966,0.7872640121521403,0.6888888888888889,0.0,0.0,0.0,0.0,2002,clin,0.8
3,5,lr1e-04_bs32_modL1_fusion64_fusionL1_drop0p1_trmiss80_trlocclin,32,0.0001,1,64,1,0.1,lr1e-04_bs32_modL1_fusion64_fusionL1_drop0p1_trmiss80_trlocclin,23,0.29863568147023517,0.64596226811409,0.665948275862069,0.7946862486170264,0.6444444444444445,0.0,0.0,0.0,0.0,2002,clin,0.8
3,5,lr1e-04_bs32_modL1_fusion64_fusionL1_drop0p1_trmiss80_trlocclin,32,0.0001,1,64,1,0.1,lr1e-04_bs32_modL1_fusion64_fusionL1_drop0p1_trmiss80_trlocclin,24,0.27939239144325256,0.6467311382293701,0.6637931034482758,0.7789949212956987,0.6222222222222222,0.0,0.0,0.0,0.0,2002,clin,0.8
3,5,lr1e-04_bs32_modL1_fusion64_fusionL1_drop0p1_trmiss80_trlocclin,32,0.0001,1,64,1,0.1,lr1e-04_bs32_modL1_fusion64_fusionL1_drop0p1_trmiss80_trlocclin,25,0.2693980038166046,0.6473491787910461,0.665948275862069,0.7778055026851555,0.6222222222222222,0.0,0.0,0.0,0.0,2002,clin,0.8
3,5,lr1e-04_bs32_modL1_fusion64_fusionL1_drop0p1_trmiss80_trlocclin,32,0.0001,1,64,1,0.1,lr1e-04_bs32_modL1_fusion64_fusionL1_drop0p1_trmiss80_trlocclin,26,0.2646527737379074,0.6470560729503632,0.6616379310344828,0.7654201419176971,0.6222222222222222,0.0,0.0,0.0,0.0,2002,clin,0.8
3,5,lr1e-04_bs32_modL1_fusion64_fusionL1_drop0p1_trmiss80_trlocclin,32,0.0001,1,64,1,0.1,lr1e-04_bs32_modL1_fusion64_fusionL1_drop0p1_trmiss80_trlocclin,27,0.2561134770512581,0.646901398897171,0.6616379310344828,0.771958547332313,0.6444444444444445,0.0,0.0,0.0,0.0,2002,clin,0.8
3,5,lr1e-04_bs32_modL1_fusion64_fusionL1_drop0p1_trmiss80_trlocclin,32,0.0001,1,64,1,0.1,lr1e-04_bs32_modL1_fusion64_fusionL1_drop0p1_trmiss80_trlocclin,28,0.26824302474657696,0.6468429267406464,0.6573275862068967,0.7697563816818713,0.6222222222222222,0.0,0.0,0.0,0.0,2002,clin,0.8
3,5,lr1e-04_bs32_modL1_fusion64_fusionL1_drop0p1_trmiss80_trlocclin,32,0.0001,1,64,1,0.1,lr1e-04_bs32_modL1_fusion64_fusionL1_drop0p1_trmiss80_trlocclin,29,0.27596955994764966,0.6487163305282593,0.6616379310344828,0.771958547332313,0.6444444444444445,0.0,0.0,0.0,0.0,2002,clin,0.8
3,5,lr1e-04_bs32_modL1_fusion64_fusionL1_drop0p1_trmiss80_trlocclin,32,0.0001,1,64,1,0.1,lr1e-04_bs32_modL1_fusion64_fusionL1_drop0p1_trmiss80_trlocclin,30,0.25677821536858875,0.6469664573669434,0.6637931034482759,0.770983355150864,0.6444444444444445,0.0,0.0,0.0,0.0,2002,clin,0.8
3,5,lr1e-04_bs32_modL1_fusion64_fusionL1_drop0p1_trmiss80_trlocclin,32,0.0001,1,64,1,0.1,lr1e-04_bs32_modL1_fusion64_fusionL1_drop0p1_trmiss80_trlocclin,31,0.24758413434028625,0.6483758389949799,0.6616379310344828,0.769253177849968,0.6222222222222222,0.0,0.0,0.0,0.0,2002,clin,0.8
3,5,lr1e-04_bs32_modL1_fusion64_fusionL1_drop0p1_trmiss80_trlocclin,32,0.0001,1,64,1,0.1,lr1e-04_bs32_modL1_fusion64_fusionL1_drop0p1_trmiss80_trlocclin,32,0.25436703364054364,0.6506706476211548,0.6487068965517242,0.759584522667976,0.6444444444444445,0.0,0.0,0.0,0.0,2002,clin,0.8
3,5,lr1e-04_bs32_modL1_fusion64_fusionL1_drop0p1_trmiss80_trlocclin,32,0.0001,1,64,1,0.1,lr1e-04_bs32_modL1_fusion64_fusionL1_drop0p1_trmiss80_trlocclin,33,0.2562098205089569,0.6488025188446045,0.6551724137931034,0.7632286336268508,0.6,0.0,0.0,0.0,0.0,2002,clin,0.8
3,5,lr1e-04_bs32_modL1_fusion64_fusionL1_drop0p1_trmiss80_trlocclin,32,0.0001,1,64,1,0.1,lr1e-04_bs32_modL1_fusion64_fusionL1_drop0p1_trmiss80_trlocclin,34,0.2563138355811437,0.6508283019065857,0.6616379310344828,0.7670377013152287,0.6444444444444445,0.0,0.0,0.0,0.0,2002,clin,0.8
4,1,lr5e-05_bs16_modL1_fusion32_fusionL1_drop0p2_trmiss80_trlocclin,16,5e-05,1,32,1,0.2,lr5e-05_bs16_modL1_fusion32_fusionL1_drop0p2_trmiss80_trlocclin,1,0.703098401427269,0.7091254591941833,0.3772819472616633,0.5774262793694817,0.3695652173913043,0.0,0.0,0.0,0.0,2002,clin,0.8
4,1,lr5e-05_bs16_modL1_fusion32_fusionL1_drop0p2_trmiss80_trlocclin,16,5e-05,1,32,1,0.2,lr5e-05_bs16_modL1_fusion32_fusionL1_drop0p2_trmiss80_trlocclin,2,0.7005622684955597,0.7283918062845866,0.37119675456389456,0.5688452018521809,0.3695652173913043,0.0,0.0,0.0,0.0,2002,clin,0.8
4,1,lr5e-05_bs16_modL1_fusion32_fusionL1_drop0p2_trmiss80_trlocclin,16,5e-05,1,32,1,0.2,lr5e-05_bs16_modL1_fusion32_fusionL1_drop0p2_trmiss80_trlocclin,3,0.679477463165919,0.7430964708328247,0.38336713995943206,0.5680916420988817,0.391304347826087,0.0,0.0,0.0,0.0,2002,clin,0.8
4,1,lr5e-05_bs16_modL1_fusion32_fusionL1_drop0p2_trmiss80_trlocclin,16,5e-05,1,32,1,0.2,lr5e-05_bs16_modL1_fusion32_fusionL1_drop0p2_trmiss80_trlocclin,4,0.6700970083475113,0.7506767312685648,0.37322515212981744,0.5607514602962405,0.391304347826087,0.0,0.0,0.0,0.0,2002,clin,0.8
4,1,lr5e-05_bs16_modL1_fusion32_fusionL1_drop0p2_trmiss80_trlocclin,16,5e-05,1,32,1,0.2,lr5e-05_bs16_modL1_fusion32_fusionL1_drop0p2_trmiss80_trlocclin,5,0.6543366611003876,0.7556506594022115,0.37322515212981744,0.5572087690988065,0.3695652173913043,0.0,0.0,0.0,0.0,2002,clin,0.8
4,1,lr5e-05_bs16_modL1_fusion32_fusionL1_drop0p2_trmiss80_trlocclin,16,5e-05,1,32,1,0.2,lr5e-05_bs16_modL1_fusion32_fusionL1_drop0p2_trmiss80_trlocclin,6,0.6400414705276489,0.7479831178983053,0.36105476673427994,0.556630594856735,0.41304347826086957,0.0,0.0,0.0,0.0,2002,clin,0.8
4,1,lr5e-05_bs16_modL1_fusion32_fusionL1_drop0p2_trmiss80_trlocclin,16,5e-05,1,32,1,0.2,lr5e-05_bs16_modL1_fusion32_fusionL1_drop0p2_trmiss80_trlocclin,7,0.6522670388221741,0.739893913269043,0.38336713995943206,0.5649660170717874,0.4782608695652174,0.0,0.0,0.0,0.0,2002,clin,0.8
4,1,lr5e-05_bs16_modL1_fusion32_fusionL1_drop0p2_trmiss80_trlocclin,16,5e-05,1,32,1,0.2,lr5e-05_bs16_modL1_fusion32_fusionL1_drop0p2_trmiss80_trlocclin,8,0.6472745090723038,0.7408071358998617,0.3894523326572008,0.5648208631241223,0.4782608695652174,0.0,0.0,0.0,0.0,2002,clin,0.8
4,1,lr5e-05_bs16_modL1_fusion32_fusionL1_drop0p2_trmiss80_trlocclin,16,5e-05,1,32,1,0.2,lr5e-05_bs16_modL1_fusion32_fusionL1_drop0p2_trmiss80_trlocclin,9,0.6229567130406698,0.7406762639681498,0.37119675456389456,0.554720265799798,0.391304347826087,0.0,0.0,0.0,0.0,2002,clin,0.8
4,1,lr5e-05_bs16_modL1_fusion32_fusionL1_drop0p2_trmiss80_trlocclin,16,5e-05,1,32,1,0.2,lr5e-05_bs16_modL1_fusion32_fusionL1_drop0p2_trmiss80_trlocclin,10,0.624784434835116,0.7447033325831095,0.3691683569979716,0.5517564778104195,0.45652173913043476,0.0,0.0,0.0,0.0,2002,clin,0.8
4,1,lr5e-05_bs16_modL1_fusion32_fusionL1_drop0p2_trmiss80_trlocclin,16,5e-05,1,32,1,0.2,lr5e-05_bs16_modL1_fusion32_fusionL1_drop0p2_trmiss80_trlocclin,11,0.5991613417863846,0.737971305847168,0.3752535496957404,0.5545718680252111,0.4782608695652174,0.0,0.0,0.0,0.0,2002,clin,0.8
4,1,lr5e-05_bs16_modL1_fusion32_fusionL1_drop0p2_trmiss80_trlocclin,16,5e-05,1,32,1,0.2,lr5e-05_bs16_modL1_fusion32_fusionL1_drop0p2_trmiss80_trlocclin,12,0.5980575084686279,0.7375952005386353,0.38539553752535494,0.5694149173738042,0.45652173913043476,0.0,0.0,0.0,0.0,2002,clin,0.8
4,1,lr5e-05_bs16_modL1_fusion32_fusionL1_drop0p2_trmiss80_trlocclin,16,5e-05,1,32,1,0.2,lr5e-05_bs16_modL1_fusion32_fusionL1_drop0p2_trmiss80_trlocclin,13,0.5993335545063019,0.7432780265808105,0.37525354969574043,0.5590338029085922,0.41304347826086957,0.0,0.0,0.0,0.0,2002,clin,0.8
4,1,lr5e-05_bs16_modL1_fusion32_fusionL1_drop0p2_trmiss80_trlocclin,16,5e-05,1,32,1,0.2,lr5e-05_bs16_modL1_fusion32_fusionL1_drop0p2_trmiss80_trlocclin,14,0.6195781032244364,0.7448626359303793,0.3671399594320487,0.553277182981503,0.45652173913043476,0.0,0.0,0.0,0.0,2002,clin,0.8
4,1,lr5e-05_bs16_modL1_fusion32_fusionL1_drop0p2_trmiss80_trlocclin,16,5e-05,1,32,1,0.2,lr5e-05_bs16_modL1_fusion32_fusionL1_drop0p2_trmiss80_trlocclin,15,0.6014562745889028,0.7434073090553284,0.37322515212981744,0.5585358714554253,0.43478260869565216,0.0,0.0,0.0,0.0,2002,clin,0.8
4,1,lr5e-05_bs16_modL1_fusion32_fusionL1_drop0p2_trmiss80_trlocclin,16,5e-05,1,32,1,0.2,lr5e-05_bs16_modL1_fusion32_fusionL1_drop0p2_trmiss80_trlocclin,16,0.5941924452781677,0.7376922170321146,0.3935091277890467,0.5748805781924355,0.41304347826086957,0.0,0.0,0.0,0.0,2002,clin,0.8
4,1,lr5e-05_bs16_modL1_fusion32_fusionL1_drop0p2_trmiss80_trlocclin,16,5e-05,1,32,1,0.2,lr5e-05_bs16_modL1_fusion32_fusionL1_drop0p2_trmiss80_trlocclin,17,0.6052013983329138,0.7494247754414877,0.3772819472616633,0.5646330446129252,0.391304347826087,0.0,0.0,0.0,0.0,2002,clin,0.8
4,1,lr5e-05_bs16_modL1_fusion32_fusionL1_drop0p2_trmiss80_trlocclin,16,5e-05,1,32,1,0.2,lr5e-05_bs16_modL1_fusion32_fusionL1_drop0p2_trmiss80_trlocclin,18,0.5876310765743256,0.7490448554356893,0.3772819472616633,0.5647090078616037,0.43478260869565216,0.0,0.0,0.0,0.0,2002,clin,0.8
4,1,lr5e-05_bs16_modL1_fusion32_fusionL1_drop0p2_trmiss80_trlocclin,16,5e-05,1,32,1,0.2,lr5e-05_bs16_modL1_fusion32_fusionL1_drop0p2_trmiss80_trlocclin,19,0.588152751326561,0.7435694932937622,0.3752535496957404,0.5606143875816503,0.45652173913043476,0.0,0.0,0.0,0.0,2002,clin,0.8
4,1,lr5e-05_bs16_modL1_fusion32_fusionL1_drop0p2_trmiss80_trlocclin,16,5e-05,1,32,1,0.2,lr5e-05_bs16_modL1_fusion32_fusionL1_drop0p2_trmiss80_trlocclin,20,0.5674766699473063,0.7431082725524902,0.3711967545638945,0.5539794217430015,0.41304347826086957,0.0,0.0,0.0,0.0,2002,clin,0.8
4,1,lr5e-05_bs16_modL1_fusion32_fusionL1_drop0p2_trmiss80_trlocclin,16,5e-05,1,32,1,0.2,lr5e-05_bs16_modL1_fusion32_fusionL1_drop0p2_trmiss80_trlocclin,21,0.5840796629587809,0.7433134714762369,0.37728194726166325,0.5594111810888753,0.43478260869565216,0.0,0.0,0.0,0.0,2002,clin,0.8
4,1,lr5e-05_bs16_modL1_fusion32_fusionL1_drop0p2_trmiss80_trlocclin,16,5e-05,1,32,1,0.2,lr5e-05_bs16_modL1_fusion32_fusionL1_drop0p2_trmiss80_trlocclin,22,0.5903406192859014,0.745784858862559,0.38336713995943206,0.5634927109449164,0.45652173913043476,0.0,0.0,0.0,0.0,2002,clin,0.8
4,1,lr5e-05_bs16_modL1_fusion32_fusionL1_drop0p2_trmiss80_trlocclin,16,5e-05,1,32,1,0.2,lr5e-05_bs16_modL1_fusion32_fusionL1_drop0p2_trmiss80_trlocclin,23,0.593362937370936,0.7500935991605123,0.3752535496957403,0.5573550367389564,0.43478260869565216,0.0,0.0,0.0,0.0,2002,clin,0.8
4,1,lr5e-05_bs16_modL1_fusion32_fusionL1_drop0p2_trmiss80_trlocclin,16,5e-05,1,32,1,0.2,lr5e-05_bs16_modL1_fusion32_fusionL1_drop0p2_trmiss80_trlocclin,24,0.5979814728101095,0.7495249509811401,0.38336713995943206,0.5598441779288347,0.43478260869565216,0.0,0.0,0.0,0.0,2002,clin,0.8
4,1,lr5e-05_bs16_modL1_fusion32_fusionL1_drop0p2_trmiss80_trlocclin,16,5e-05,1,32,1,0.2,lr5e-05_bs16_modL1_fusion32_fusionL1_drop0p2_trmiss80_trlocclin,25,0.5878600776195526,0.7454678416252136,0.38742393509127787,0.5608482090639929,0.45652173913043476,0.0,0.0,0.0,0.0,2002,clin,0.8
4,1,lr5e-05_bs16_modL1_fusion32_fusionL1_drop0p2_trmiss80_trlocclin,16,5e-05,1,32,1,0.2,lr5e-05_bs16_modL1_fusion32_fusionL1_drop0p2_trmiss80_trlocclin,26,0.5803037881851196,0.7470964193344116,0.38336713995943206,0.5629168198668826,0.41304347826086957,0.0,0.0,0.0,0.0,2002,clin,0.8
4,1,lr5e-05_bs16_modL1_fusion32_fusionL1_drop0p2_trmiss80_trlocclin,16,5e-05,1,32,1,0.2,lr5e-05_bs16_modL1_fusion32_fusionL1_drop0p2_trmiss80_trlocclin,27,0.569422572851181,0.7456879218419393,0.3813387423935092,0.5624936223747197,0.43478260869565216,0.0,0.0,0.0,0.0,2002,clin,0.8
4,1,lr5e-05_bs16_modL1_fusion32_fusionL1_drop0p2_trmiss80_trlocclin,16,5e-05,1,32,1,0.2,lr5e-05_bs16_modL1_fusion32_fusionL1_drop0p2_trmiss80_trlocclin,28,0.595413327217102,0.7497799396514893,0.3752535496957404,0.5589923336803567,0.43478260869565216,0.0,0.0,0.0,0.0,2002,clin,0.8
4,1,lr5e-05_bs16_modL1_fusion32_fusionL1_drop0p2_trmiss80_trlocclin,16,5e-05,1,32,1,0.2,lr5e-05_bs16_modL1_fusion32_fusionL1_drop0p2_trmiss80_trlocclin,29,0.5658819824457169,0.7468587954839071,0.3793103448275862,0.5625402151648343,0.43478260869565216,0.0,0.0,0.0,0.0,2002,clin,0.8
4,1,lr5e-05_bs16_modL1_fusion32_fusionL1_drop0p2_trmiss80_trlocclin,16,5e-05,1,32,1,0.2,lr5e-05_bs16_modL1_fusion32_fusionL1_drop0p2_trmiss80_trlocclin,30,0.5897976408402125,0.7522863348325094,0.3813387423935092,0.5604571537260843,0.41304347826086957,0.0,0.0,0.0,0.0,2002,clin,0.8
4,1,lr5e-05_bs16_modL1_fusion32_fusionL1_drop0p2_trmiss80_trlocclin,16,5e-05,1,32,1,0.2,lr5e-05_bs16_modL1_fusion32_fusionL1_drop0p2_trmiss80_trlocclin,31,0.5955487887064616,0.7499686280886332,0.37322515212981744,0.5577828385097506,0.45652173913043476,0.0,0.0,0.0,0.0,2002,clin,0.8
4,1,lr5e-05_bs16_modL1_fusion32_fusionL1_drop0p2_trmiss80_trlocclin,16,5e-05,1,32,1,0.2,lr5e-05_bs16_modL1_fusion32_fusionL1_drop0p2_trmiss80_trlocclin,32,0.5867953499158224,0.7500357429186503,0.3813387423935091,0.5592117024219245,0.43478260869565216,0.0,0.0,0.0,0.0,2002,clin,0.8
4,1,lr5e-05_bs16_modL1_fusion32_fusionL1_drop0p2_trmiss80_trlocclin,16,5e-05,1,32,1,0.2,lr5e-05_bs16_modL1_fusion32_fusionL1_drop0p2_trmiss80_trlocclin,33,0.5697679966688156,0.7497874101003011,0.3793103448275862,0.5611369999870057,0.43478260869565216,0.0,0.0,0.0,0.0,2002,clin,0.8
4,1,lr5e-05_bs16_modL1_fusion32_fusionL1_drop0p2_trmiss80_trlocclin,16,5e-05,1,32,1,0.2,lr5e-05_bs16_modL1_fusion32_fusionL1_drop0p2_trmiss80_trlocclin,34,0.5733375946680704,0.7457354068756104,0.37322515212981744,0.5578499723485962,0.43478260869565216,0.0,0.0,0.0,0.0,2002,clin,0.8
4,1,lr5e-05_bs16_modL1_fusion32_fusionL1_drop0p2_trmiss80_trlocclin,16,5e-05,1,32,1,0.2,lr5e-05_bs16_modL1_fusion32_fusionL1_drop0p2_trmiss80_trlocclin,35,0.5827161322037379,0.7431719501813253,0.37322515212981744,0.557925157591265,0.43478260869565216,0.0,0.0,0.0,0.0,2002,clin,0.8
4,1,lr5e-05_bs16_modL1_fusion32_fusionL1_drop0p2_trmiss80_trlocclin,16,5e-05,1,32,1,0.2,lr5e-05_bs16_modL1_fusion32_fusionL1_drop0p2_trmiss80_trlocclin,36,0.5939755092064539,0.7489111026128134,0.3793103448275862,0.5617669363206882,0.391304347826087,0.0,0.0,0.0,0.0,2002,clin,0.8
4,1,lr5e-05_bs16_modL1_fusion32_fusionL1_drop0p1_trmiss80_trlocclin,16,5e-05,1,32,1,0.1,lr5e-05_bs16_modL1_fusion32_fusionL1_drop0p1_trmiss80_trlocclin,1,0.6737450212240219,0.7102280259132385,0.30020283975659223,0.5129747989044449,0.5652173913043478,0.0,0.0,0.0,0.0,2002,clin,0.8
4,1,lr5e-05_bs16_modL1_fusion32_fusionL1_drop0p1_trmiss80_trlocclin,16,5e-05,1,32,1,0.1,lr5e-05_bs16_modL1_fusion32_fusionL1_drop0p1_trmiss80_trlocclin,2,0.6398961792389551,0.7324015895525614,0.3042596348884381,0.5231804370245055,0.5,0.0,0.0,0.0,0.0,2002,clin,0.8
4,1,lr5e-05_bs16_modL1_fusion32_fusionL1_drop0p1_trmiss80_trlocclin,16,5e-05,1,32,1,0.1,lr5e-05_bs16_modL1_fusion32_fusionL1_drop0p1_trmiss80_trlocclin,3,0.610483800371488,0.7612382570902506,0.27180527383367137,0.5052213413457477,0.5,0.0,0.0,0.0,0.0,2002,clin,0.8
4,1,lr5e-05_bs16_modL1_fusion32_fusionL1_drop0p1_trmiss80_trlocclin,16,5e-05,1,32,1,0.1,lr5e-05_bs16_modL1_fusion32_fusionL1_drop0p1_trmiss80_trlocclin,4,0.6228342652320862,0.7587661941846212,0.30020283975659234,0.5273279902729503,0.4782608695652174,0.0,0.0,0.0,0.0,2002,clin,0.8
4,1,lr5e-05_bs16_modL1_fusion32_fusionL1_drop0p1_trmiss80_trlocclin,16,5e-05,1,32,1,0.1,lr5e-05_bs16_modL1_fusion32_fusionL1_drop0p1_trmiss80_trlocclin,5,0.5694011946519216,0.7579211791356405,0.31237322515212984,0.5313284163068736,0.5217391304347826,0.0,0.0,0.0,0.0,2002,clin,0.8
4,1,lr5e-05_bs16_modL1_fusion32_fusionL1_drop0p1_trmiss80_trlocclin,16,5e-05,1,32,1,0.1,lr5e-05_bs16_modL1_fusion32_fusionL1_drop0p1_trmiss80_trlocclin,6,0.534617950518926,0.7516935070355734,0.3265720081135902,0.5275729510744351,0.5,0.0,0.0,0.0,0.0,2002,clin,0.8
4,1,lr5e-05_bs16_modL1_fusion32_fusionL1_drop0p1_trmiss80_trlocclin,16,5e-05,1,32,1,0.1,lr5e-05_bs16_modL1_fusion32_fusionL1_drop0p1_trmiss80_trlocclin,7,0.55705909182628,0.7432229121526083,0.34888438133874233,0.5356805845117908,0.5652173913043478,0.0,0.0,0.0,0.0,2002,clin,0.8
4,1,lr5e-05_bs16_modL1_fusion32_fusionL1_drop0p1_trmiss80_trlocclin,16,5e-05,1,32,1,0.1,lr5e-05_bs16_modL1_fusion32_fusionL1_drop0p1_trmiss80_trlocclin,8,0.51907629519701,0.7443987727165222,0.3346855983772819,0.5277562060465766,0.5217391304347826,0.0,0.0,0.0,0.0,2002,clin,0.8
4,1,lr5e-05_bs16_modL1_fusion32_fusionL1_drop0p1_trmiss80_trlocclin,16,5e-05,1,32,1,0.1,lr5e-05_bs16_modL1_fusion32_fusionL1_drop0p1_trmiss80_trlocclin,9,0.5153020098805428,0.735879639784495,0.37119675456389456,0.5435161805570224,0.5217391304347826,0.0,0.0,0.0,0.0,2002,clin,0.8
4,1,lr5e-05_bs16_modL1_fusion32_fusionL1_drop0p1_trmiss80_trlocclin,16,5e-05,1,32,1,0.1,lr5e-05_bs16_modL1_fusion32_fusionL1_drop0p1_trmiss80_trlocclin,10,0.5191846887270609,0.7363744775454203,0.3509127789046653,0.5349097323866935,0.5,0.0,0.0,0.0,0.0,2002,clin,0.8
4,1,lr5e-05_bs16_modL1_fusion32_fusionL1_drop0p1_trmiss80_trlocclin,16,5e-05,1,32,1,0.1,lr5e-05_bs16_modL1_fusion32_fusionL1_drop0p1_trmiss80_trlocclin,11,0.4996950427691142,0.73063991467158,0.36105476673427994,0.5452577306325272,0.5,0.0,0.0,0.0,0.0,2002,clin,0.8
4,1,lr5e-05_bs16_modL1_fusion32_fusionL1_drop0p1_trmiss80_trlocclin,16,5e-05,1,32,1,0.1,lr5e-05_bs16_modL1_fusion32_fusionL1_drop0p1_trmiss80_trlocclin,12,0.49453696111838025,0.7327203353246053,0.36511156186612576,0.5440107716982987,0.5217391304347826,0.0,0.0,0.0,0.0,2002,clin,0.8
4,1,lr5e-05_bs16_modL1_fusion32_fusionL1_drop0p1_trmiss80_trlocclin,16,5e-05,1,32,1,0.1,lr5e-05_bs16_modL1_fusion32_fusionL1_drop0p1_trmiss80_trlocclin,13,0.4882631301879883,0.7370970050493876,0.3772819472616633,0.5510316834810933,0.5,0.0,0.0,0.0,0.0,2002,clin,0.8
4,1,lr5e-05_bs16_modL1_fusion32_fusionL1_drop0p1_trmiss80_trlocclin,16,5e-05,1,32,1,0.1,lr5e-05_bs16_modL1_fusion32_fusionL1_drop0p1_trmiss80_trlocclin,14,0.498090219994386,0.7411428292592367,0.3630831643002028,0.5401617276928247,0.5217391304347826,0.0,0.0,0.0,0.0,2002,clin,0.8
4,1,lr5e-05_bs16_modL1_fusion32_fusionL1_drop0p1_trmiss80_trlocclin,16,5e-05,1,32,1,0.1,lr5e-05_bs16_modL1_fusion32_fusionL1_drop0p1_trmiss80_trlocclin,15,0.4768810545404752,0.7356520096460978,0.37322515212981744,0.5431560500436645,0.5434782608695652,0.0,0.0,0.0,0.0,2002,clin,0.8
4,1,lr5e-05_bs16_modL1_fusion32_fusionL1_drop0p1_trmiss80_trlocclin,16,5e-05,1,32,1,0.1,lr5e-05_bs16_modL1_fusion32_fusionL1_drop0p1_trmiss80_trlocclin,16,0.47977181275685626,0.7304407358169556,0.37322515212981744,0.5511575970113902,0.5869565217391305,0.0,0.0,0.0,0.0,2002,clin,0.8
4,1,lr5e-05_bs16_modL1_fusion32_fusionL1_drop0p1_trmiss80_trlocclin,16,5e-05,1,32,1,0.1,lr5e-05_bs16_modL1_fusion32_fusionL1_drop0p1_trmiss80_trlocclin,17,0.4941424106558164,0.728405753771464,0.39148073022312374,0.5560872967152617,0.6086956521739131,0.0,0.0,0.0,0.0,2002,clin,0.8
4,1,lr5e-05_bs16_modL1_fusion32_fusionL1_drop0p1_trmiss80_trlocclin,16,5e-05,1,32,1,0.1,lr5e-05_bs16_modL1_fusion32_fusionL1_drop0p1_trmiss80_trlocclin,18,0.49149196098248166,0.7377585570017496,0.37119675456389445,0.5424916742481043,0.5434782608695652,0.0,0.0,0.0,0.0,2002,clin,0.8
4,1,lr5e-05_bs16_modL1_fusion32_fusionL1_drop0p1_trmiss80_trlocclin,16,5e-05,1,32,1,0.1,lr5e-05_bs16_modL1_fusion32_fusionL1_drop0p1_trmiss80_trlocclin,19,0.4765678991874059,0.7408272425333658,0.3772819472616633,0.5476652894129741,0.5869565217391305,0.0,0.0,0.0,0.0,2002,clin,0.8
4,1,lr5e-05_bs16_modL1_fusion32_fusionL1_drop0p1_trmiss80_trlocclin,16,5e-05,1,32,1,0.1,lr5e-05_bs16_modL1_fusion32_fusionL1_drop0p1_trmiss80_trlocclin,20,0.4541419968008995,0.7377358476320902,0.38133874239350907,0.5447226214720766,0.6304347826086957,0.0,0.0,0.0,0.0,2002,clin,0.8
4,1,lr5e-05_bs16_modL1_fusion32_fusionL1_drop0p1_trmiss80_trlocclin,16,5e-05,1,32,1,0.1,lr5e-05_bs16_modL1_fusion32_fusionL1_drop0p1_trmiss80_trlocclin,21,0.4726589520772298,0.732509434223175,0.38336713995943206,0.5506176218369627,0.5869565217391305,0.0,0.0,0.0,0.0,2002,clin,0.8
4,1,lr5e-05_bs16_modL1_fusion32_fusionL1_drop0p1_trmiss80_trlocclin,16,5e-05,1,32,1,0.1,lr5e-05_bs16_modL1_fusion32_fusionL1_drop0p1_trmiss80_trlocclin,22,0.4632995476325353,0.735826293627421,0.38133874239350907,0.5497886955797331,0.6086956521739131,0.0,0.0,0.0,0.0,2002,clin,0.8
4,1,lr5e-05_bs16_modL1_fusion32_fusionL1_drop0p1_trmiss80_trlocclin,16,5e-05,1,32,1,0.1,lr5e-05_bs16_modL1_fusion32_fusionL1_drop0p1_trmiss80_trlocclin,23,0.45535363008578617,0.7354239622751871,0.3772819472616633,0.5442315703632626,0.5869565217391305,0.0,0.0,0.0,0.0,2002,clin,0.8
4,1,lr5e-05_bs16_modL1_fusion32_fusionL1_drop0p1_trmiss80_trlocclin,16,5e-05,1,32,1,0.1,lr5e-05_bs16_modL1_fusion32_fusionL1_drop0p1_trmiss80_trlocclin,24,0.4720712626973788,0.7354053457578024,0.385395537525355,0.549850991865571,0.5869565217391305,0.0,0.0,0.0,0.0,2002,clin,0.8
4,1,lr5e-05_bs16_modL1_fusion32_fusionL1_drop0p1_trmiss80_trlocclin,16,5e-05,1,32,1,0.1,lr5e-05_bs16_modL1_fusion32_fusionL1_drop0p1_trmiss80_trlocclin,25,0.4540692095955213,0.7333879272143046,0.38336713995943206,0.5506762327997048,0.6304347826086957,0.0,0.0,0.0,0.0,2002,clin,0.8
4,1,lr5e-05_bs16_modL1_fusion32_fusionL1_drop0p1_trmiss80_trlocclin,16,5e-05,1,32,1,0.1,lr5e-05_bs16_modL1_fusion32_fusionL1_drop0p1_trmiss80_trlocclin,26,0.4597090582052867,0.7265980045000712,0.3935091277890467,0.5554990483863101,0.5869565217391305,0.0,0.0,0.0,0.0,2002,clin,0.8
4,1,lr5e-05_bs16_modL1_fusion32_fusionL1_drop0p1_trmiss80_trlocclin,16,5e-05,1,32,1,0.1,lr5e-05_bs16_modL1_fusion32_fusionL1_drop0p1_trmiss80_trlocclin,27,0.4519835487008095,0.7321051557858785,0.38336713995943206,0.5485309604238356,0.5869565217391305,0.0,0.0,0.0,0.0,2002,clin,0.8
4,1,lr5e-05_bs16_modL1_fusion32_fusionL1_drop0p1_trmiss80_trlocclin,16,5e-05,1,32,1,0.1,lr5e-05_bs16_modL1_fusion32_fusionL1_drop0p1_trmiss80_trlocclin,28,0.4782243346174558,0.730725367863973,0.4056795131845842,0.5610356648575909,0.6304347826086957,0.0,0.0,0.0,0.0,2002,clin,0.8
4,1,lr5e-05_bs16_modL1_fusion32_fusionL1_drop0p1_trmiss80_trlocclin,16,5e-05,1,32,1,0.1,lr5e-05_bs16_modL1_fusion32_fusionL1_drop0p1_trmiss80_trlocclin,29,0.461164986093839,0.7269401947657267,0.3935091277890467,0.5612100908632953,0.5869565217391305,0.0,0.0,0.0,0.0,2002,clin,0.8
4,1,lr5e-05_bs16_modL1_fusion32_fusionL1_drop0p1_trmiss80_trlocclin,16,5e-05,1,32,1,0.1,lr5e-05_bs16_modL1_fusion32_fusionL1_drop0p1_trmiss80_trlocclin,30,0.45749453951915103,0.7265030145645142,0.39959432048681537,0.5621153540765544,0.6086956521739131,0.0,0.0,0.0,0.0,2002,clin,0.8
4,1,lr5e-05_bs16_modL1_fusion32_fusionL1_drop0p1_trmiss80_trlocclin,16,5e-05,1,32,1,0.1,lr5e-05_bs16_modL1_fusion32_fusionL1_drop0p1_trmiss80_trlocclin,31,0.45507969210545224,0.7295884092648824,0.39553752535496955,0.5617346506037193,0.6304347826086957,0.0,0.0,0.0,0.0,2002,clin,0.8
4,1,lr5e-05_bs16_modL1_fusion32_fusionL1_drop0p1_trmiss80_trlocclin,16,5e-05,1,32,1,0.1,lr5e-05_bs16_modL1_fusion32_fusionL1_drop0p1_trmiss80_trlocclin,32,0.4421369507908821,0.7267612218856812,0.3914807302231237,0.5572063524075889,0.6086956521739131,0.0,0.0,0.0,0.0,2002,clin,0.8
4,1,lr5e-05_bs16_modL1_fusion32_fusionL1_drop0p1_trmiss80_trlocclin,16,5e-05,1,32,1,0.1,lr5e-05_bs16_modL1_fusion32_fusionL1_drop0p1_trmiss80_trlocclin,33,0.4833463281393051,0.7308602134386698,0.39553752535496955,0.5551543217605523,0.5869565217391305,0.0,0.0,0.0,0.0,2002,clin,0.8
4,1,lr5e-05_bs16_modL1_fusion32_fusionL1_drop0p1_trmiss80_trlocclin,16,5e-05,1,32,1,0.1,lr5e-05_bs16_modL1_fusion32_fusionL1_drop0p1_trmiss80_trlocclin,34,0.4681195343534152,0.7252443631490072,0.4056795131845842,0.5668676028450303,0.5652173913043478,0.0,0.0,0.0,0.0,2002,clin,0.8
4,1,lr5e-05_bs16_modL1_fusion32_fusionL1_drop0p1_trmiss80_trlocclin,16,5e-05,1,32,1,0.1,lr5e-05_bs16_modL1_fusion32_fusionL1_drop0p1_trmiss80_trlocclin,35,0.45135654260714847,0.7237589160601298,0.40973630831643,0.5675376393669939,0.6086956521739131,0.0,0.0,0.0,0.0,2002,clin,0.8
4,1,lr5e-05_bs16_modL1_fusion32_fusionL1_drop0p1_trmiss80_trlocclin,16,5e-05,1,32,1,0.1,lr5e-05_bs16_modL1_fusion32_fusionL1_drop0p1_trmiss80_trlocclin,36,0.46898655593395233,0.727881908416748,0.40973630831643,0.5692508517800035,0.5652173913043478,0.0,0.0,0.0,0.0,2002,clin,0.8
4,1,lr5e-05_bs16_modL1_fusion32_fusionL1_drop0p1_trmiss80_trlocclin,16,5e-05,1,32,1,0.1,lr5e-05_bs16_modL1_fusion32_fusionL1_drop0p1_trmiss80_trlocclin,37,0.4727696279684703,0.7193684577941895,0.41987829614604455,0.5768764360777648,0.5652173913043478,0.0,0.0,0.0,0.0,2002,clin,0.8
4,1,lr5e-05_bs16_modL1_fusion32_fusionL1_drop0p1_trmiss80_trlocclin,16,5e-05,1,32,1,0.1,lr5e-05_bs16_modL1_fusion32_fusionL1_drop0p1_trmiss80_trlocclin,38,0.470648226638635,0.7175157070159912,0.40770791075050705,0.5694277657503832,0.5869565217391305,0.0,0.0,0.0,0.0,2002,clin,0.8
4,1,lr5e-05_bs16_modL1_fusion32_fusionL1_drop0p1_trmiss80_trlocclin,16,5e-05,1,32,1,0.1,lr5e-05_bs16_modL1_fusion32_fusionL1_drop0p1_trmiss80_trlocclin,39,0.4448891778786977,0.722254236539205,0.4137931034482758,0.5707809570988747,0.6304347826086957,0.0,0.0,0.0,0.0,2002,clin,0.8
4,1,lr5e-05_bs16_modL1_fusion32_fusionL1_drop0p1_trmiss80_trlocclin,16,5e-05,1,32,1,0.1,lr5e-05_bs16_modL1_fusion32_fusionL1_drop0p1_trmiss80_trlocclin,40,0.46587566534678143,0.731465737024943,0.4056795131845842,0.5629559421527571,0.6521739130434783,0.0,0.0,0.0,0.0,2002,clin,0.8
4,1,lr5e-05_bs16_modL1_fusion32_fusionL1_drop0p1_trmiss80_trlocclin,16,5e-05,1,32,1,0.1,lr5e-05_bs16_modL1_fusion32_fusionL1_drop0p1_trmiss80_trlocclin,41,0.4552018592755,0.7340472340583801,0.39148073022312374,0.553525589097337,0.5652173913043478,0.0,0.0,0.0,0.0,2002,clin,0.8
4,1,lr5e-05_bs16_modL1_fusion32_fusionL1_drop0p1_trmiss80_trlocclin,16,5e-05,1,32,1,0.1,lr5e-05_bs16_modL1_fusion32_fusionL1_drop0p1_trmiss80_trlocclin,42,0.44699645042419434,0.7286580403645834,0.383367139959432,0.5517994423020645,0.5869565217391305,0.0,0.0,0.0,0.0,2002,clin,0.8
4,1,lr5e-05_bs16_modL1_fusion32_fusionL1_drop0p1_trmiss80_trlocclin,16,5e-05,1,32,1,0.1,lr5e-05_bs16_modL1_fusion32_fusionL1_drop0p1_trmiss80_trlocclin,43,0.45545005053281784,0.725504994392395,0.4056795131845842,0.5673900528509419,0.6304347826086957,0.0,0.0,0.0,0.0,2002,clin,0.8
4,1,lr5e-05_bs16_modL1_fusion32_fusionL1_drop0p1_trmiss80_trlocclin,16,5e-05,1,32,1,0.1,lr5e-05_bs16_modL1_fusion32_fusionL1_drop0p1_trmiss80_trlocclin,44,0.4671798224250476,0.7255684932072958,0.4016227180527383,0.568288907191175,0.5652173913043478,0.0,0.0,0.0,0.0,2002,clin,0.8
4,1,lr5e-05_bs16_modL1_fusion32_fusionL1_drop0p1_trmiss80_trlocclin,16,5e-05,1,32,1,0.1,lr5e-05_bs16_modL1_fusion32_fusionL1_drop0p1_trmiss80_trlocclin,45,0.4641963640848796,0.724799652894338,0.4016227180527383,0.5818453512216234,0.6086956521739131,0.0,0.0,0.0,0.0,2002,clin,0.8
4,1,lr5e-05_bs16_modL1_fusion32_fusionL1_drop0p1_trmiss80_trlocclin,16,5e-05,1,32,1,0.1,lr5e-05_bs16_modL1_fusion32_fusionL1_drop0p1_trmiss80_trlocclin,46,0.45840223630269367,0.7290697892506918,0.3935091277890466,0.5753127144338356,0.6086956521739131,0.0,0.0,0.0,0.0,2002,clin,0.8
4,1,lr5e-05_bs16_modL1_fusion32_fusionL1_drop0p1_trmiss80_trlocclin,16,5e-05,1,32,1,0.1,lr5e-05_bs16_modL1_fusion32_fusionL1_drop0p1_trmiss80_trlocclin,47,0.46888427684704465,0.7314087549845377,0.3935091277890467,0.5630313371423163,0.5652173913043478,0.0,0.0,0.0,0.0,2002,clin,0.8
4,1,lr5e-05_bs16_modL1_fusion32_fusionL1_drop0p1_trmiss80_trlocclin,16,5e-05,1,32,1,0.1,lr5e-05_bs16_modL1_fusion32_fusionL1_drop0p1_trmiss80_trlocclin,48,0.4592212264736493,0.7331536014874777,0.4016227180527383,0.5632585506425116,0.5869565217391305,0.0,0.0,0.0,0.0,2002,clin,0.8
4,1,lr5e-05_bs16_modL1_fusion32_fusionL1_drop0p1_trmiss80_trlocclin,16,5e-05,1,32,1,0.1,lr5e-05_bs16_modL1_fusion32_fusionL1_drop0p1_trmiss80_trlocclin,49,0.4532196968793869,0.7307047247886658,0.40365111561866124,0.5644232282243986,0.5869565217391305,0.0,0.0,0.0,0.0,2002,clin,0.8
4,1,lr5e-05_bs16_modL1_fusion32_fusionL1_drop0p1_trmiss80_trlocclin,16,5e-05,1,32,1,0.1,lr5e-05_bs16_modL1_fusion32_fusionL1_drop0p1_trmiss80_trlocclin,50,0.4534727359811465,0.7215076883633932,0.4137931034482758,0.5706653246886584,0.6086956521739131,0.0,0.0,0.0,0.0,2002,clin,0.8
4,1,lr5e-05_bs16_modL1_fusion32_fusionL1_drop0p1_trmiss80_trlocclin,16,5e-05,1,32,1,0.1,lr5e-05_bs16_modL1_fusion32_fusionL1_drop0p1_trmiss80_trlocclin,51,0.44006937245527905,0.7253691752751669,0.40162271805273836,0.5651964581842115,0.5869565217391305,0.0,0.0,0.0,0.0,2002,clin,0.8
4,1,lr5e-05_bs16_modL1_fusion32_fusionL1_drop0p1_trmiss80_trlocclin,16,5e-05,1,32,1,0.1,lr5e-05_bs16_modL1_fusion32_fusionL1_drop0p1_trmiss80_trlocclin,52,0.46089381724596024,0.7329580783843994,0.38742393509127787,0.5574556976432248,0.6086956521739131,0.0,0.0,0.0,0.0,2002,clin,0.8
4,1,lr5e-05_bs16_modL1_fusion32_fusionL1_drop0p1_trmiss80_trlocclin,16,5e-05,1,32,1,0.1,lr5e-05_bs16_modL1_fusion32_fusionL1_drop0p1_trmiss80_trlocclin,53,0.49164516230424243,0.7239511609077454,0.4158215010141988,0.5720089314033344,0.5652173913043478,0.0,0.0,0.0,0.0,2002,clin,0.8
4,1,lr5e-05_bs16_modL1_fusion32_fusionL1_drop0p1_trmiss80_trlocclin,16,5e-05,1,32,1,0.1,lr5e-05_bs16_modL1_fusion32_fusionL1_drop0p1_trmiss80_trlocclin,54,0.4651345834136009,0.7323336799939474,0.38336713995943206,0.5547698066807332,0.5869565217391305,0.0,0.0,0.0,0.0,2002,clin,0.8
4,1,lr5e-05_bs16_modL1_fusion32_fusionL1_drop0p1_trmiss80_trlocclin,16,5e-05,1,32,1,0.1,lr5e-05_bs16_modL1_fusion32_fusionL1_drop0p1_trmiss80_trlocclin,55,0.4646019513408343,0.7257840236028036,0.4036511156186612,0.5671095662659176,0.5652173913043478,0.0,0.0,0.0,0.0,2002,clin,0.8
4,1,lr5e-05_bs16_modL1_fusion32_fusionL1_drop0p1_trmiss80_trlocclin,16,5e-05,1,32,1,0.1,lr5e-05_bs16_modL1_fusion32_fusionL1_drop0p1_trmiss80_trlocclin,56,0.4609593128164609,0.7277942299842834,0.39756592292089243,0.5656036138646972,0.5869565217391305,0.0,0.0,0.0,0.0,2002,clin,0.8
4,1,lr5e-05_bs16_modL1_fusion32_fusionL1_drop0p1_trmiss80_trlocclin,16,5e-05,1,32,1,0.1,lr5e-05_bs16_modL1_fusion32_fusionL1_drop0p1_trmiss80_trlocclin,57,0.4515058621764183,0.72969518105189,0.39756592292089243,0.5569234985403428,0.5652173913043478,0.0,0.0,0.0,0.0,2002,clin,0.8
4,1,lr5e-05_bs16_modL1_fusion64_fusionL1_drop0p2_trmiss80_trlocclin,16,5e-05,1,64,1,0.2,lr5e-05_bs16_modL1_fusion64_fusionL1_drop0p2_trmiss80_trlocclin,1,0.6657756268978119,0.7032364010810852,0.44421906693711966,0.5908350890349817,0.6304347826086957,0.0,0.0,0.0,0.0,2002,clin,0.8
4,1,lr5e-05_bs16_modL1_fusion64_fusionL1_drop0p2_trmiss80_trlocclin,16,5e-05,1,64,1,0.2,lr5e-05_bs16_modL1_fusion64_fusionL1_drop0p2_trmiss80_trlocclin,2,0.643865704536438,0.7189632852872213,0.45841784989858014,0.6066450192310548,0.5,0.0,0.0,0.0,0.0,2002,clin,0.8
4,1,lr5e-05_bs16_modL1_fusion64_fusionL1_drop0p2_trmiss80_trlocclin,16,5e-05,1,64,1,0.2,lr5e-05_bs16_modL1_fusion64_fusionL1_drop0p2_trmiss80_trlocclin,3,0.6503660678863525,0.7279733220736185,0.4523326572008114,0.6060144650311361,0.4782608695652174,0.0,0.0,0.0,0.0,2002,clin,0.8
4,1,lr5e-05_bs16_modL1_fusion64_fusionL1_drop0p2_trmiss80_trlocclin,16,5e-05,1,64,1,0.2,lr5e-05_bs16_modL1_fusion64_fusionL1_drop0p2_trmiss80_trlocclin,4,0.6387541343768438,0.732985258102417,0.4239350912778904,0.5862255346691835,0.5,0.0,0.0,0.0,0.0,2002,clin,0.8
4,1,lr5e-05_bs16_modL1_fusion64_fusionL1_drop0p2_trmiss80_trlocclin,16,5e-05,1,64,1,0.2,lr5e-05_bs16_modL1_fusion64_fusionL1_drop0p2_trmiss80_trlocclin,5,0.5979330986738205,0.7300544579823812,0.4503042596348884,0.5971681110783335,0.5652173913043478,0.0,0.0,0.0,0.0,2002,clin,0.8
4,1,lr5e-05_bs16_modL1_fusion64_fusionL1_drop0p2_trmiss80_trlocclin,16,5e-05,1,64,1,0.2,lr5e-05_bs16_modL1_fusion64_fusionL1_drop0p2_trmiss80_trlocclin,6,0.581795816620191,0.7327804366747538,0.4442190669371197,0.6004985752484377,0.5,0.0,0.0,0.0,0.0,2002,clin,0.8
4,1,lr5e-05_bs16_modL1_fusion64_fusionL1_drop0p2_trmiss80_trlocclin,16,5e-05,1,64,1,0.2,lr5e-05_bs16_modL1_fusion64_fusionL1_drop0p2_trmiss80_trlocclin,7,0.6123844708005587,0.7321166197458903,0.436105476673428,0.5947951106476935,0.5869565217391305,0.0,0.0,0.0,0.0,2002,clin,0.8
4,1,lr5e-05_bs16_modL1_fusion64_fusionL1_drop0p2_trmiss80_trlocclin,16,5e-05,1,64,1,0.2,lr5e-05_bs16_modL1_fusion64_fusionL1_drop0p2_trmiss80_trlocclin,8,0.6013932377099991,0.7387403647104899,0.4259634888438134,0.5891353919848196,0.4782608695652174,0.0,0.0,0.0,0.0,2002,clin,0.8
4,1,lr5e-05_bs16_modL1_fusion64_fusionL1_drop0p2_trmiss80_trlocclin,16,5e-05,1,64,1,0.2,lr5e-05_bs16_modL1_fusion64_fusionL1_drop0p2_trmiss80_trlocclin,9,0.5856291254361471,0.7370712757110596,0.43204868154158216,0.5932494934536753,0.4782608695652174,0.0,0.0,0.0,0.0,2002,clin,0.8
4,1,lr5e-05_bs16_modL1_fusion64_fusionL1_drop0p2_trmiss80_trlocclin,16,5e-05,1,64,1,0.2,lr5e-05_bs16_modL1_fusion64_fusionL1_drop0p2_trmiss80_trlocclin,10,0.5852663815021515,0.7334104577700297,0.44421906693711966,0.5938399830012072,0.5,0.0,0.0,0.0,0.0,2002,clin,0.8
4,1,lr5e-05_bs16_modL1_fusion64_fusionL1_drop0p2_trmiss80_trlocclin,16,5e-05,1,64,1,0.2,lr5e-05_bs16_modL1_fusion64_fusionL1_drop0p2_trmiss80_trlocclin,11,0.5496086950103442,0.7244308193524679,0.4503042596348884,0.5957412146496986,0.5652173913043478,0.0,0.0,0.0,0.0,2002,clin,0.8
4,1,lr5e-05_bs16_modL1_fusion64_fusionL1_drop0p2_trmiss80_trlocclin,16,5e-05,1,64,1,0.2,lr5e-05_bs16_modL1_fusion64_fusionL1_drop0p2_trmiss80_trlocclin,12,0.578299030661583,0.7340927322705587,0.42799188640973634,0.590512150741422,0.5434782608695652,0.0,0.0,0.0,0.0,2002,clin,0.8
4,1,lr5e-05_bs16_modL1_fusion64_fusionL1_drop0p2_trmiss80_trlocclin,16,5e-05,1,64,1,0.2,lr5e-05_bs16_modL1_fusion64_fusionL1_drop0p2_trmiss80_trlocclin,13,0.5500176673134168,0.7254280845324198,0.43204868154158216,0.5884895673120701,0.5434782608695652,0.0,0.0,0.0,0.0,2002,clin,0.8
4,1,lr5e-05_bs16_modL1_fusion64_fusionL1_drop0p2_trmiss80_trlocclin,16,5e-05,1,64,1,0.2,lr5e-05_bs16_modL1_fusion64_fusionL1_drop0p2_trmiss80_trlocclin,14,0.5444978922605515,0.7334867914517721,0.4178498985801217,0.5811537007506719,0.5652173913043478,0.0,0.0,0.0,0.0,2002,clin,0.8
4,1,lr5e-05_bs16_modL1_fusion64_fusionL1_drop0p2_trmiss80_trlocclin,16,5e-05,1,64,1,0.2,lr5e-05_bs16_modL1_fusion64_fusionL1_drop0p2_trmiss80_trlocclin,15,0.5682451253135999,0.7293546398480734,0.42190669371196754,0.5828752590542702,0.5652173913043478,0.0,0.0,0.0,0.0,2002,clin,0.8
4,1,lr5e-05_bs16_modL1_fusion64_fusionL1_drop0p2_trmiss80_trlocclin,16,5e-05,1,64,1,0.2,lr5e-05_bs16_modL1_fusion64_fusionL1_drop0p2_trmiss80_trlocclin,16,0.5615362823009491,0.7308029333750407,0.44016227180527384,0.5914353501382354,0.5217391304347826,0.0,0.0,0.0,0.0,2002,clin,0.8
4,1,lr5e-05_bs16_modL1_fusion64_fusionL1_drop0p2_trmiss80_trlocclin,16,5e-05,1,64,1,0.2,lr5e-05_bs16_modL1_fusion64_fusionL1_drop0p2_trmiss80_trlocclin,17,0.5395745237668356,0.7260133425394694,0.4320486815415821,0.5878267696080052,0.5652173913043478,0.0,0.0,0.0,0.0,2002,clin,0.8
4,1,lr5e-05_bs16_modL1_fusion64_fusionL1_drop0p2_trmiss80_trlocclin,16,5e-05,1,64,1,0.2,lr5e-05_bs16_modL1_fusion64_fusionL1_drop0p2_trmiss80_trlocclin,18,0.5482737819353739,0.7307682434717814,0.4279918864097363,0.5839553207946536,0.5217391304347826,0.0,0.0,0.0,0.0,2002,clin,0.8
4,1,lr5e-05_bs16_modL1_fusion64_fusionL1_drop0p2_trmiss80_trlocclin,16,5e-05,1,64,1,0.2,lr5e-05_bs16_modL1_fusion64_fusionL1_drop0p2_trmiss80_trlocclin,19,0.5549990410606066,0.7351886034011841,0.43407707910750504,0.5874736161073546,0.5869565217391305,0.0,0.0,0.0,0.0,2002,clin,0.8
4,1,lr5e-05_bs16_modL1_fusion64_fusionL1_drop0p2_trmiss80_trlocclin,16,5e-05,1,64,1,0.2,lr5e-05_bs16_modL1_fusion64_fusionL1_drop0p2_trmiss80_trlocclin,20,0.5422241588433584,0.7262628078460693,0.4381338742393509,0.5890517783761003,0.5869565217391305,0.0,0.0,0.0,0.0,2002,clin,0.8
4,1,lr5e-05_bs16_modL1_fusion64_fusionL1_drop0p2_trmiss80_trlocclin,16,5e-05,1,64,1,0.2,lr5e-05_bs16_modL1_fusion64_fusionL1_drop0p2_trmiss80_trlocclin,21,0.5619087070226669,0.7226988474527994,0.4543610547667343,0.6006209688166404,0.5652173913043478,0.0,0.0,0.0,0.0,2002,clin,0.8
4,1,lr5e-05_bs16_modL1_fusion64_fusionL1_drop0p2_trmiss80_trlocclin,16,5e-05,1,64,1,0.2,lr5e-05_bs16_modL1_fusion64_fusionL1_drop0p2_trmiss80_trlocclin,22,0.5276049276192983,0.724201520284017,0.4462474645030426,0.5958861739163709,0.5217391304347826,0.0,0.0,0.0,0.0,2002,clin,0.8
4,1,lr5e-05_bs16_modL1_fusion64_fusionL1_drop0p1_trmiss80_trlocclin,16,5e-05,1,64,1,0.1,lr5e-05_bs16_modL1_fusion64_fusionL1_drop0p1_trmiss80_trlocclin,1,0.6560046921173731,0.678930918375651,0.4766734279918864,0.6470268723998271,0.6304347826086957,0.0,0.0,0.0,0.0,2002,clin,0.8
4,1,lr5e-05_bs16_modL1_fusion64_fusionL1_drop0p1_trmiss80_trlocclin,16,5e-05,1,64,1,0.1,lr5e-05_bs16_modL1_fusion64_fusionL1_drop0p1_trmiss80_trlocclin,2,0.6149455408255259,0.675580362478892,0.5050709939148074,0.6508362813728569,0.6304347826086957,0.0,0.0,0.0,0.0,2002,clin,0.8
4,1,lr5e-05_bs16_modL1_fusion64_fusionL1_drop0p1_trmiss80_trlocclin,16,5e-05,1,64,1,0.1,lr5e-05_bs16_modL1_fusion64_fusionL1_drop0p1_trmiss80_trlocclin,3,0.6280645380417506,0.6746319731076559,0.5192697768762677,0.6454400637699946,0.6521739130434783,0.0,0.0,0.0,0.0,2002,clin,0.8
4,1,lr5e-05_bs16_modL1_fusion64_fusionL1_drop0p1_trmiss80_trlocclin,16,5e-05,1,64,1,0.1,lr5e-05_bs16_modL1_fusion64_fusionL1_drop0p1_trmiss80_trlocclin,4,0.5933451801538467,0.6681215564409891,0.539553752535497,0.6614457285199328,0.6304347826086957,0.0,0.0,0.0,0.0,2002,clin,0.8
4,1,lr5e-05_bs16_modL1_fusion64_fusionL1_drop0p1_trmiss80_trlocclin,16,5e-05,1,64,1,0.1,lr5e-05_bs16_modL1_fusion64_fusionL1_drop0p1_trmiss80_trlocclin,5,0.597836434841156,0.6635342637697855,0.5557809330628803,0.6811429955383173,0.6304347826086957,0.0,0.0,0.0,0.0,2002,clin,0.8
4,1,lr5e-05_bs16_modL1_fusion64_fusionL1_drop0p1_trmiss80_trlocclin,16,5e-05,1,64,1,0.1,lr5e-05_bs16_modL1_fusion64_fusionL1_drop0p1_trmiss80_trlocclin,6,0.5677183369795481,0.6619340777397156,0.5618661257606491,0.6728653360694469,0.6086956521739131,0.0,0.0,0.0,0.0,2002,clin,0.8
4,1,lr5e-05_bs16_modL1_fusion64_fusionL1_drop0p1_trmiss80_trlocclin,16,5e-05,1,64,1,0.1,lr5e-05_bs16_modL1_fusion64_fusionL1_drop0p1_trmiss80_trlocclin,7,0.5652647713820139,0.6669950286547343,0.5334685598377282,0.6544213291778287,0.5869565217391305,0.0,0.0,0.0,0.0,2002,clin,0.8
4,1,lr5e-05_bs16_modL1_fusion64_fusionL1_drop0p1_trmiss80_trlocclin,16,5e-05,1,64,1,0.1,lr5e-05_bs16_modL1_fusion64_fusionL1_drop0p1_trmiss80_trlocclin,8,0.5638715748985609,0.6641969084739685,0.5415821501014199,0.6511781665054084,0.5652173913043478,0.0,0.0,0.0,0.0,2002,clin,0.8
4,1,lr5e-05_bs16_modL1_fusion64_fusionL1_drop0p1_trmiss80_trlocclin,16,5e-05,1,64,1,0.1,lr5e-05_bs16_modL1_fusion64_fusionL1_drop0p1_trmiss80_trlocclin,9,0.5453789581855139,0.661466379960378,0.5456389452332657,0.655001639026815,0.5869565217391305,0.0,0.0,0.0,0.0,2002,clin,0.8
4,1,lr5e-05_bs16_modL1_fusion64_fusionL1_drop0p1_trmiss80_trlocclin,16,5e-05,1,64,1,0.1,lr5e-05_bs16_modL1_fusion64_fusionL1_drop0p1_trmiss80_trlocclin,10,0.5283015544215838,0.6664758920669556,0.54158215010142,0.6638035421805865,0.5652173913043478,0.0,0.0,0.0,0.0,2002,clin,0.8
4,1,lr5e-05_bs16_modL1_fusion64_fusionL1_drop0p1_trmiss80_trlocclin,16,5e-05,1,64,1,0.1,lr5e-05_bs16_modL1_fusion64_fusionL1_drop0p1_trmiss80_trlocclin,11,0.5486978814005852,0.666533629099528,0.5496957403651115,0.7178996614099662,0.5652173913043478,0.0,0.0,0.0,0.0,2002,clin,0.8
4,1,lr5e-05_bs16_modL1_fusion64_fusionL1_drop0p1_trmiss80_trlocclin,16,5e-05,1,64,1,0.1,lr5e-05_bs16_modL1_fusion64_fusionL1_drop0p1_trmiss80_trlocclin,12,0.5252330849568049,0.6682605743408203,0.537525354969574,0.6652063948003824,0.6086956521739131,0.0,0.0,0.0,0.0,2002,clin,0.8
4,1,lr5e-05_bs16_modL1_fusion64_fusionL1_drop0p1_trmiss80_trlocclin,16,5e-05,1,64,1,0.1,lr5e-05_bs16_modL1_fusion64_fusionL1_drop0p1_trmiss80_trlocclin,13,0.4961709479490916,0.6723190546035767,0.5253549695740365,0.660844277398398,0.6086956521739131,0.0,0.0,0.0,0.0,2002,clin,0.8
4,1,lr5e-05_bs16_modL1_fusion64_fusionL1_drop0p1_trmiss80_trlocclin,16,5e-05,1,64,1,0.1,lr5e-05_bs16_modL1_fusion64_fusionL1_drop0p1_trmiss80_trlocclin,14,0.4848005324602127,0.6713630159695944,0.513184584178499,0.6465849957911345,0.6086956521739131,0.0,0.0,0.0,0.0,2002,clin,0.8
4,1,lr5e-05_bs16_modL1_fusion64_fusionL1_drop0p1_trmiss80_trlocclin,16,5e-05,1,64,1,0.1,lr5e-05_bs16_modL1_fusion64_fusionL1_drop0p1_trmiss80_trlocclin,15,0.4626106917858124,0.6719254851341248,0.5273833671399595,0.6417934614654429,0.6086956521739131,0.0,0.0,0.0,0.0,2002,clin,0.8
4,1,lr5e-05_bs16_modL1_fusion64_fusionL1_drop0p1_trmiss80_trlocclin,16,5e-05,1,64,1,0.1,lr5e-05_bs16_modL1_fusion64_fusionL1_drop0p1_trmiss80_trlocclin,16,0.4598180626829465,0.6657391587893168,0.5415821501014199,0.6737178837983785,0.6086956521739131,0.0,0.0,0.0,0.0,2002,clin,0.8
4,1,lr5e-05_bs16_modL1_fusion64_fusionL1_drop0p1_trmiss80_trlocclin,16,5e-05,1,64,1,0.1,lr5e-05_bs16_modL1_fusion64_fusionL1_drop0p1_trmiss80_trlocclin,17,0.4704277614752452,0.6678084333737692,0.5415821501014199,0.6796606131120266,0.6086956521739131,0.0,0.0,0.0,0.0,2002,clin,0.8
4,1,lr5e-05_bs16_modL1_fusion64_fusionL1_drop0p1_trmiss80_trlocclin,16,5e-05,1,64,1,0.1,lr5e-05_bs16_modL1_fusion64_fusionL1_drop0p1_trmiss80_trlocclin,18,0.4707738657792409,0.6718606750170389,0.5091277890466531,0.6545926868844382,0.6304347826086957,0.0,0.0,0.0,0.0,2002,clin,0.8
4,1,lr5e-05_bs16_modL1_fusion64_fusionL1_drop0p1_trmiss80_trlocclin,16,5e-05,1,64,1,0.1,lr5e-05_bs16_modL1_fusion64_fusionL1_drop0p1_trmiss80_trlocclin,19,0.4455636342366536,0.6775275866190592,0.5010141987829615,0.6528961351797893,0.6086956521739131,0.0,0.0,0.0,0.0,2002,clin,0.8
4,1,lr5e-05_bs16_modL1_fusion64_fusionL1_drop0p1_trmiss80_trlocclin,16,5e-05,1,64,1,0.1,lr5e-05_bs16_modL1_fusion64_fusionL1_drop0p1_trmiss80_trlocclin,20,0.45803167670965195,0.6731526255607605,0.5253549695740365,0.6725750344858006,0.6521739130434783,0.0,0.0,0.0,0.0,2002,clin,0.8
4,1,lr5e-05_bs16_modL1_fusion64_fusionL1_drop0p1_trmiss80_trlocclin,16,5e-05,1,64,1,0.1,lr5e-05_bs16_modL1_fusion64_fusionL1_drop0p1_trmiss80_trlocclin,21,0.44090572496255237,0.6743469834327698,0.5050709939148074,0.6308953992576108,0.6304347826086957,0.0,0.0,0.0,0.0,2002,clin,0.8
4,1,lr5e-05_bs16_modL1_fusion64_fusionL1_drop0p1_trmiss80_trlocclin,16,5e-05,1,64,1,0.1,lr5e-05_bs16_modL1_fusion64_fusionL1_drop0p1_trmiss80_trlocclin,22,0.4384385074178378,0.6757621963818868,0.5010141987829615,0.6311234382614395,0.6086956521739131,0.0,0.0,0.0,0.0,2002,clin,0.8
4,1,lr5e-05_bs16_modL1_fusion64_fusionL1_drop0p1_trmiss80_trlocclin,16,5e-05,1,64,1,0.1,lr5e-05_bs16_modL1_fusion64_fusionL1_drop0p1_trmiss80_trlocclin,23,0.4661745677391688,0.6763568123181661,0.49290060851926976,0.64962715316304,0.6521739130434783,0.0,0.0,0.0,0.0,2002,clin,0.8
4,1,lr5e-05_bs16_modL1_fusion64_fusionL1_drop0p1_trmiss80_trlocclin,16,5e-05,1,64,1,0.1,lr5e-05_bs16_modL1_fusion64_fusionL1_drop0p1_trmiss80_trlocclin,24,0.4478069171309471,0.6790854930877686,0.4929006085192698,0.6488936139057195,0.6521739130434783,0.0,0.0,0.0,0.0,2002,clin,0.8
4,1,lr5e-05_bs16_modL1_fusion64_fusionL1_drop0p1_trmiss80_trlocclin,16,5e-05,1,64,1,0.1,lr5e-05_bs16_modL1_fusion64_fusionL1_drop0p1_trmiss80_trlocclin,25,0.4291287337740262,0.6745354334513346,0.5050709939148074,0.6262753574746254,0.6521739130434783,0.0,0.0,0.0,0.0,2002,clin,0.8
4,1,lr5e-05_bs16_modL1_fusion64_fusionL1_drop0p1_trmiss80_trlocclin,16,5e-05,1,64,1,0.1,lr5e-05_bs16_modL1_fusion64_fusionL1_drop0p1_trmiss80_trlocclin,26,0.4554497078061104,0.6718912124633789,0.5253549695740365,0.6634752776372186,0.6304347826086957,0.0,0.0,0.0,0.0,2002,clin,0.8
4,1,lr1e-04_bs16_modL1_fusion32_fusionL1_drop0p2_trmiss80_trlocclin,16,0.0001,1,32,1,0.2,lr1e-04_bs16_modL1_fusion32_fusionL1_drop0p2_trmiss80_trlocclin,1,0.7473675558964411,0.715774397055308,0.5050709939148074,0.6960549984290775,0.43478260869565216,0.0,0.0,0.0,0.0,2002,clin,0.8
4,1,lr1e-04_bs16_modL1_fusion32_fusionL1_drop0p2_trmiss80_trlocclin,16,0.0001,1,32,1,0.2,lr1e-04_bs16_modL1_fusion32_fusionL1_drop0p2_trmiss80_trlocclin,2,0.7192485332489014,0.7278073231379191,0.5172413793103448,0.646061198027275,0.4782608695652174,0.0,0.0,0.0,0.0,2002,clin,0.8
4,1,lr1e-04_bs16_modL1_fusion32_fusionL1_drop0p2_trmiss80_trlocclin,16,0.0001,1,32,1,0.2,lr1e-04_bs16_modL1_fusion32_fusionL1_drop0p2_trmiss80_trlocclin,3,0.6899913003047308,0.730117936929067,0.539553752535497,0.6612132222808627,0.5217391304347826,0.0,0.0,0.0,0.0,2002,clin,0.8
4,1,lr1e-04_bs16_modL1_fusion32_fusionL1_drop0p2_trmiss80_trlocclin,16,0.0001,1,32,1,0.2,lr1e-04_bs16_modL1_fusion32_fusionL1_drop0p2_trmiss80_trlocclin,4,0.6717265049616495,0.7252759536107382,0.5273833671399594,0.6532462672379431,0.4782608695652174,0.0,0.0,0.0,0.0,2002,clin,0.8
4,1,lr1e-04_bs16_modL1_fusion32_fusionL1_drop0p2_trmiss80_trlocclin,16,0.0001,1,32,1,0.2,lr1e-04_bs16_modL1_fusion32_fusionL1_drop0p2_trmiss80_trlocclin,5,0.6615818589925766,0.7223562598228455,0.5436105476673427,0.6589877710886755,0.5,0.0,0.0,0.0,0.0,2002,clin,0.8
4,1,lr1e-04_bs16_modL1_fusion32_fusionL1_drop0p2_trmiss80_trlocclin,16,0.0001,1,32,1,0.2,lr1e-04_bs16_modL1_fusion32_fusionL1_drop0p2_trmiss80_trlocclin,6,0.6268852353096008,0.7247314055760702,0.5598377281947262,0.6687329379776994,0.5217391304347826,0.0,0.0,0.0,0.0,2002,clin,0.8
4,1,lr1e-04_bs16_modL1_fusion32_fusionL1_drop0p2_trmiss80_trlocclin,16,0.0001,1,32,1,0.2,lr1e-04_bs16_modL1_fusion32_fusionL1_drop0p2_trmiss80_trlocclin,7,0.605886513988177,0.7229963739713033,0.5557809330628803,0.6562618479278395,0.5,0.0,0.0,0.0,0.0,2002,clin,0.8
4,1,lr1e-04_bs16_modL1_fusion32_fusionL1_drop0p2_trmiss80_trlocclin,16,0.0001,1,32,1,0.2,lr1e-04_bs16_modL1_fusion32_fusionL1_drop0p2_trmiss80_trlocclin,8,0.5969421416521072,0.719452440738678,0.5456389452332657,0.6549448830040296,0.5,0.0,0.0,0.0,0.0,2002,clin,0.8
4,1,lr1e-04_bs16_modL1_fusion32_fusionL1_drop0p2_trmiss80_trlocclin,16,0.0001,1,32,1,0.2,lr1e-04_bs16_modL1_fusion32_fusionL1_drop0p2_trmiss80_trlocclin,9,0.5895736962556839,0.7241361538569132,0.5314401622718052,0.6434822713097178,0.4782608695652174,0.0,0.0,0.0,0.0,2002,clin,0.8
4,1,lr1e-04_bs16_modL1_fusion32_fusionL1_drop0p2_trmiss80_trlocclin,16,0.0001,1,32,1,0.2,lr1e-04_bs16_modL1_fusion32_fusionL1_drop0p2_trmiss80_trlocclin,10,0.5755364795525869,0.7152894536654154,0.5436105476673428,0.6690386972152128,0.4782608695652174,0.0,0.0,0.0,0.0,2002,clin,0.8
4,1,lr1e-04_bs16_modL1_fusion32_fusionL1_drop0p2_trmiss80_trlocclin,16,0.0001,1,32,1,0.2,lr1e-04_bs16_modL1_fusion32_fusionL1_drop0p2_trmiss80_trlocclin,11,0.5600603744387627,0.7095730503400167,0.5476673427991886,0.6539365566117307,0.5434782608695652,0.0,0.0,0.0,0.0,2002,clin,0.8
4,1,lr1e-04_bs16_modL1_fusion32_fusionL1_drop0p2_trmiss80_trlocclin,16,0.0001,1,32,1,0.2,lr1e-04_bs16_modL1_fusion32_fusionL1_drop0p2_trmiss80_trlocclin,12,0.5712933912873268,0.7160613934199015,0.5456389452332657,0.6476317666264486,0.4782608695652174,0.0,0.0,0.0,0.0,2002,clin,0.8
4,1,lr1e-04_bs16_modL1_fusion32_fusionL1_drop0p2_trmiss80_trlocclin,16,0.0001,1,32,1,0.2,lr1e-04_bs16_modL1_fusion32_fusionL1_drop0p2_trmiss80_trlocclin,13,0.5676005582014719,0.7124233245849609,0.5638945233265721,0.6598970622835,0.4782608695652174,0.0,0.0,0.0,0.0,2002,clin,0.8
4,1,lr1e-04_bs16_modL1_fusion32_fusionL1_drop0p2_trmiss80_trlocclin,16,0.0001,1,32,1,0.2,lr1e-04_bs16_modL1_fusion32_fusionL1_drop0p2_trmiss80_trlocclin,14,0.5700451508164406,0.7048180898030599,0.5699797160243407,0.6720432977589479,0.5217391304347826,0.0,0.0,0.0,0.0,2002,clin,0.8
4,1,lr1e-04_bs16_modL1_fusion32_fusionL1_drop0p2_trmiss80_trlocclin,16,0.0001,1,32,1,0.2,lr1e-04_bs16_modL1_fusion32_fusionL1_drop0p2_trmiss80_trlocclin,15,0.575033150613308,0.7100721995035807,0.5598377281947262,0.666695540922439,0.5217391304347826,0.0,0.0,0.0,0.0,2002,clin,0.8
4,1,lr1e-04_bs16_modL1_fusion32_fusionL1_drop0p2_trmiss80_trlocclin,16,0.0001,1,32,1,0.2,lr1e-04_bs16_modL1_fusion32_fusionL1_drop0p2_trmiss80_trlocclin,16,0.5686937496066093,0.7157412568728129,0.5537525354969574,0.6690032602627003,0.5217391304347826,0.0,0.0,0.0,0.0,2002,clin,0.8
4,1,lr1e-04_bs16_modL1_fusion32_fusionL1_drop0p2_trmiss80_trlocclin,16,0.0001,1,32,1,0.2,lr1e-04_bs16_modL1_fusion32_fusionL1_drop0p2_trmiss80_trlocclin,17,0.5547545030713081,0.7178248564402262,0.5496957403651116,0.6609154719130543,0.4782608695652174,0.0,0.0,0.0,0.0,2002,clin,0.8
4,1,lr1e-04_bs16_modL1_fusion32_fusionL1_drop0p2_trmiss80_trlocclin,16,0.0001,1,32,1,0.2,lr1e-04_bs16_modL1_fusion32_fusionL1_drop0p2_trmiss80_trlocclin,18,0.5421903630097707,0.7161535223325094,0.5476673427991886,0.6739214866545306,0.5,0.0,0.0,0.0,0.0,2002,clin,0.8
4,1,lr1e-04_bs16_modL1_fusion32_fusionL1_drop0p2_trmiss80_trlocclin,16,0.0001,1,32,1,0.2,lr1e-04_bs16_modL1_fusion32_fusionL1_drop0p2_trmiss80_trlocclin,19,0.5349132468303045,0.7205438216527303,0.5557809330628803,0.6680881764248661,0.4782608695652174,0.0,0.0,0.0,0.0,2002,clin,0.8
4,1,lr1e-04_bs16_modL1_fusion32_fusionL1_drop0p2_trmiss80_trlocclin,16,0.0001,1,32,1,0.2,lr1e-04_bs16_modL1_fusion32_fusionL1_drop0p2_trmiss80_trlocclin,20,0.5247848133246104,0.7167058785756429,0.5618661257606491,0.668483534139382,0.5,0.0,0.0,0.0,0.0,2002,clin,0.8
4,1,lr1e-04_bs16_modL1_fusion32_fusionL1_drop0p2_trmiss80_trlocclin,16,0.0001,1,32,1,0.2,lr1e-04_bs16_modL1_fusion32_fusionL1_drop0p2_trmiss80_trlocclin,21,0.5699756890535355,0.7222699522972107,0.563894523326572,0.6688372811127106,0.45652173913043476,0.0,0.0,0.0,0.0,2002,clin,0.8
4,1,lr1e-04_bs16_modL1_fusion32_fusionL1_drop0p2_trmiss80_trlocclin,16,0.0001,1,32,1,0.2,lr1e-04_bs16_modL1_fusion32_fusionL1_drop0p2_trmiss80_trlocclin,22,0.5441409299770991,0.7270467480023702,0.5517241379310345,0.6591937225529009,0.5,0.0,0.0,0.0,0.0,2002,clin,0.8
4,1,lr1e-04_bs16_modL1_fusion32_fusionL1_drop0p2_trmiss80_trlocclin,16,0.0001,1,32,1,0.2,lr1e-04_bs16_modL1_fusion32_fusionL1_drop0p2_trmiss80_trlocclin,23,0.5148560379942259,0.7141673366228739,0.5557809330628802,0.6648795134741838,0.5869565217391305,0.0,0.0,0.0,0.0,2002,clin,0.8
4,1,lr1e-04_bs16_modL1_fusion32_fusionL1_drop0p2_trmiss80_trlocclin,16,0.0001,1,32,1,0.2,lr1e-04_bs16_modL1_fusion32_fusionL1_drop0p2_trmiss80_trlocclin,24,0.515863170226415,0.7086983521779379,0.5618661257606491,0.668344250728141,0.6086956521739131,0.0,0.0,0.0,0.0,2002,clin,0.8
4,1,lr1e-04_bs16_modL1_fusion32_fusionL1_drop0p2_trmiss80_trlocclin,16,0.0001,1,32,1,0.2,lr1e-04_bs16_modL1_fusion32_fusionL1_drop0p2_trmiss80_trlocclin,25,0.4961126670241356,0.7074249784151713,0.5679513184584178,0.6881067276473269,0.6304347826086957,0.0,0.0,0.0,0.0,2002,clin,0.8
4,1,lr1e-04_bs16_modL1_fusion32_fusionL1_drop0p2_trmiss80_trlocclin,16,0.0001,1,32,1,0.2,lr1e-04_bs16_modL1_fusion32_fusionL1_drop0p2_trmiss80_trlocclin,26,0.5048686787486076,0.709217349688212,0.5598377281947262,0.6533346350695741,0.6304347826086957,0.0,0.0,0.0,0.0,2002,clin,0.8
4,1,lr1e-04_bs16_modL1_fusion32_fusionL1_drop0p2_trmiss80_trlocclin,16,0.0001,1,32,1,0.2,lr1e-04_bs16_modL1_fusion32_fusionL1_drop0p2_trmiss80_trlocclin,27,0.508726067841053,0.7054288983345032,0.5537525354969574,0.6552398381900816,0.6304347826086957,0.0,0.0,0.0,0.0,2002,clin,0.8
4,1,lr1e-04_bs16_modL1_fusion32_fusionL1_drop0p2_trmiss80_trlocclin,16,0.0001,1,32,1,0.2,lr1e-04_bs16_modL1_fusion32_fusionL1_drop0p2_trmiss80_trlocclin,28,0.49878713488578796,0.7092083295186361,0.5557809330628802,0.6580089985630854,0.6304347826086957,0.0,0.0,0.0,0.0,2002,clin,0.8
4,1,lr1e-04_bs16_modL1_fusion32_fusionL1_drop0p2_trmiss80_trlocclin,16,0.0001,1,32,1,0.2,lr1e-04_bs16_modL1_fusion32_fusionL1_drop0p2_trmiss80_trlocclin,29,0.5120402723550797,0.7118372321128845,0.5598377281947262,0.6663055329239485,0.6086956521739131,0.0,0.0,0.0,0.0,2002,clin,0.8
4,1,lr1e-04_bs16_modL1_fusion32_fusionL1_drop0p2_trmiss80_trlocclin,16,0.0001,1,32,1,0.2,lr1e-04_bs16_modL1_fusion32_fusionL1_drop0p2_trmiss80_trlocclin,30,0.5106758922338486,0.7102513511975607,0.563894523326572,0.6710174482796345,0.6086956521739131,0.0,0.0,0.0,0.0,2002,clin,0.8
4,1,lr1e-04_bs16_modL1_fusion32_fusionL1_drop0p2_trmiss80_trlocclin,16,0.0001,1,32,1,0.2,lr1e-04_bs16_modL1_fusion32_fusionL1_drop0p2_trmiss80_trlocclin,31,0.5192499409119288,0.7201422850290934,0.5456389452332657,0.6483811277944617,0.5652173913043478,0.0,0.0,0.0,0.0,2002,clin,0.8
4,1,lr1e-04_bs16_modL1_fusion32_fusionL1_drop0p2_trmiss80_trlocclin,16,0.0001,1,32,1,0.2,lr1e-04_bs16_modL1_fusion32_fusionL1_drop0p2_trmiss80_trlocclin,32,0.4977095623811086,0.7093122601509094,0.5679513184584178,0.6636185359940215,0.6304347826086957,0.0,0.0,0.0,0.0,2002,clin,0.8
4,1,lr1e-04_bs16_modL1_fusion32_fusionL1_drop0p2_trmiss80_trlocclin,16,0.0001,1,32,1,0.2,lr1e-04_bs16_modL1_fusion32_fusionL1_drop0p2_trmiss80_trlocclin,33,0.5158050904671351,0.7223795056343079,0.5578093306288032,0.6602995586122661,0.5217391304347826,0.0,0.0,0.0,0.0,2002,clin,0.8
4,1,lr1e-04_bs16_modL1_fusion32_fusionL1_drop0p2_trmiss80_trlocclin,16,0.0001,1,32,1,0.2,lr1e-04_bs16_modL1_fusion32_fusionL1_drop0p2_trmiss80_trlocclin,34,0.4832050949335098,0.7251919507980347,0.5476673427991886,0.6487558724648537,0.5,0.0,0.0,0.0,0.0,2002,clin,0.8
4,1,lr1e-04_bs16_modL1_fusion32_fusionL1_drop0p1_trmiss80_trlocclin,16,0.0001,1,32,1,0.1,lr1e-04_bs16_modL1_fusion32_fusionL1_drop0p1_trmiss80_trlocclin,1,0.6974721401929855,0.6954998970031738,0.41987829614604466,0.591178319898565,0.5434782608695652,0.0,0.0,0.0,0.0,2002,clin,0.8
4,1,lr1e-04_bs16_modL1_fusion32_fusionL1_drop0p1_trmiss80_trlocclin,16,0.0001,1,32,1,0.1,lr1e-04_bs16_modL1_fusion32_fusionL1_drop0p1_trmiss80_trlocclin,2,0.6341808885335922,0.7017627557118734,0.39148073022312374,0.5751773082269722,0.5434782608695652,0.0,0.0,0.0,0.0,2002,clin,0.8
4,1,lr1e-04_bs16_modL1_fusion32_fusionL1_drop0p1_trmiss80_trlocclin,16,0.0001,1,32,1,0.1,lr1e-04_bs16_modL1_fusion32_fusionL1_drop0p1_trmiss80_trlocclin,3,0.6191641241312027,0.7164405584335327,0.383367139959432,0.5830242441956983,0.5,0.0,0.0,0.0,0.0,2002,clin,0.8
4,1,lr1e-04_bs16_modL1_fusion32_fusionL1_drop0p1_trmiss80_trlocclin,16,0.0001,1,32,1,0.1,lr1e-04_bs16_modL1_fusion32_fusionL1_drop0p1_trmiss80_trlocclin,4,0.5674013843139013,0.7135346730550131,0.38742393509127787,0.5950500825428993,0.4782608695652174,0.0,0.0,0.0,0.0,2002,clin,0.8
4,1,lr1e-04_bs16_modL1_fusion32_fusionL1_drop0p1_trmiss80_trlocclin,16,0.0001,1,32,1,0.1,lr1e-04_bs16_modL1_fusion32_fusionL1_drop0p1_trmiss80_trlocclin,5,0.5580284198125204,0.7151289383570353,0.3874239350912779,0.5793533482422516,0.5434782608695652,0.0,0.0,0.0,0.0,2002,clin,0.8
4,1,lr1e-04_bs16_modL1_fusion32_fusionL1_drop0p1_trmiss80_trlocclin,16,0.0001,1,32,1,0.1,lr1e-04_bs16_modL1_fusion32_fusionL1_drop0p1_trmiss80_trlocclin,6,0.5208800708254179,0.7253477176030477,0.3793103448275862,0.5695671462905793,0.5652173913043478,0.0,0.0,0.0,0.0,2002,clin,0.8
4,1,lr1e-04_bs16_modL1_fusion32_fusionL1_drop0p1_trmiss80_trlocclin,16,0.0001,1,32,1,0.1,lr1e-04_bs16_modL1_fusion32_fusionL1_drop0p1_trmiss80_trlocclin,7,0.5087220842639605,0.7232250571250916,0.385395537525355,0.576731340423356,0.5434782608695652,0.0,0.0,0.0,0.0,2002,clin,0.8
4,1,lr1e-04_bs16_modL1_fusion32_fusionL1_drop0p1_trmiss80_trlocclin,16,0.0001,1,32,1,0.1,lr1e-04_bs16_modL1_fusion32_fusionL1_drop0p1_trmiss80_trlocclin,8,0.519385926425457,0.7237979968388876,0.39553752535496955,0.5821610850844705,0.5217391304347826,0.0,0.0,0.0,0.0,2002,clin,0.8
4,1,lr1e-04_bs16_modL1_fusion32_fusionL1_drop0p1_trmiss80_trlocclin,16,0.0001,1,32,1,0.1,lr1e-04_bs16_modL1_fusion32_fusionL1_drop0p1_trmiss80_trlocclin,9,0.49865585813919705,0.7336400548617045,0.36511156186612576,0.5604696359656328,0.5434782608695652,0.0,0.0,0.0,0.0,2002,clin,0.8
4,1,lr1e-04_bs16_modL1_fusion32_fusionL1_drop0p1_trmiss80_trlocclin,16,0.0001,1,32,1,0.1,lr1e-04_bs16_modL1_fusion32_fusionL1_drop0p1_trmiss80_trlocclin,10,0.48149870832761127,0.7292758623758951,0.3671399594320487,0.5795810126136605,0.5434782608695652,0.0,0.0,0.0,0.0,2002,clin,0.8
4,1,lr1e-04_bs16_modL1_fusion32_fusionL1_drop0p1_trmiss80_trlocclin,16,0.0001,1,32,1,0.1,lr1e-04_bs16_modL1_fusion32_fusionL1_drop0p1_trmiss80_trlocclin,11,0.4914875055352847,0.7333015203475952,0.37322515212981744,0.5842263672590151,0.5,0.0,0.0,0.0,0.0,2002,clin,0.8
4,1,lr1e-04_bs16_modL1_fusion32_fusionL1_drop0p1_trmiss80_trlocclin,16,0.0001,1,32,1,0.1,lr1e-04_bs16_modL1_fusion32_fusionL1_drop0p1_trmiss80_trlocclin,12,0.4974766472975413,0.7359641194343567,0.3793103448275862,0.5857276887907626,0.5217391304347826,0.0,0.0,0.0,0.0,2002,clin,0.8
4,1,lr1e-04_bs16_modL1_fusion32_fusionL1_drop0p1_trmiss80_trlocclin,16,0.0001,1,32,1,0.1,lr1e-04_bs16_modL1_fusion32_fusionL1_drop0p1_trmiss80_trlocclin,13,0.4519462411602338,0.7390701174736023,0.3630831643002029,0.561686372324357,0.5217391304347826,0.0,0.0,0.0,0.0,2002,clin,0.8
4,1,lr1e-04_bs16_modL1_fusion32_fusionL1_drop0p1_trmiss80_trlocclin,16,0.0001,1,32,1,0.1,lr1e-04_bs16_modL1_fusion32_fusionL1_drop0p1_trmiss80_trlocclin,14,0.4791888917485873,0.7379721601804098,0.38336713995943206,0.5689990144249046,0.5434782608695652,0.0,0.0,0.0,0.0,2002,clin,0.8
4,1,lr1e-04_bs16_modL1_fusion32_fusionL1_drop0p1_trmiss80_trlocclin,16,0.0001,1,32,1,0.1,lr1e-04_bs16_modL1_fusion32_fusionL1_drop0p1_trmiss80_trlocclin,15,0.43269314368565875,0.7365484635035197,0.3630831643002028,0.5637486690355183,0.5,0.0,0.0,0.0,0.0,2002,clin,0.8
4,1,lr1e-04_bs16_modL1_fusion32_fusionL1_drop0p1_trmiss80_trlocclin,16,0.0001,1,32,1,0.1,lr1e-04_bs16_modL1_fusion32_fusionL1_drop0p1_trmiss80_trlocclin,16,0.45108574132124585,0.7392793695131937,0.3651115618661258,0.561937546407406,0.5217391304347826,0.0,0.0,0.0,0.0,2002,clin,0.8
4,1,lr1e-04_bs16_modL1_fusion32_fusionL1_drop0p1_trmiss80_trlocclin,16,0.0001,1,32,1,0.1,lr1e-04_bs16_modL1_fusion32_fusionL1_drop0p1_trmiss80_trlocclin,17,0.4404538447658221,0.7410315871238708,0.3711967545638945,0.5641514302905616,0.5217391304347826,0.0,0.0,0.0,0.0,2002,clin,0.8
4,1,lr1e-04_bs16_modL1_fusion32_fusionL1_drop0p1_trmiss80_trlocclin,16,0.0001,1,32,1,0.1,lr1e-04_bs16_modL1_fusion32_fusionL1_drop0p1_trmiss80_trlocclin,18,0.4498721957206726,0.7389210263888041,0.38336713995943206,0.5698037883290531,0.5217391304347826,0.0,0.0,0.0,0.0,2002,clin,0.8
4,1,lr1e-04_bs16_modL1_fusion32_fusionL1_drop0p1_trmiss80_trlocclin,16,0.0001,1,32,1,0.1,lr1e-04_bs16_modL1_fusion32_fusionL1_drop0p1_trmiss80_trlocclin,19,0.42559917519489926,0.7349478801091512,0.3935091277890467,0.5769773358799318,0.5434782608695652,0.0,0.0,0.0,0.0,2002,clin,0.8
4,1,lr1e-04_bs16_modL1_fusion32_fusionL1_drop0p1_trmiss80_trlocclin,16,0.0001,1,32,1,0.1,lr1e-04_bs16_modL1_fusion32_fusionL1_drop0p1_trmiss80_trlocclin,20,0.42833028733730316,0.7270190517107645,0.41379310344827586,0.5823534206939401,0.5434782608695652,0.0,0.0,0.0,0.0,2002,clin,0.8
4,1,lr1e-04_bs16_modL1_fusion32_fusionL1_drop0p1_trmiss80_trlocclin,16,0.0001,1,32,1,0.1,lr1e-04_bs16_modL1_fusion32_fusionL1_drop0p1_trmiss80_trlocclin,21,0.4188039153814316,0.726515511671702,0.41784989858012167,0.5846324102180623,0.5652173913043478,0.0,0.0,0.0,0.0,2002,clin,0.8
4,1,lr1e-04_bs16_modL1_fusion64_fusionL1_drop0p2_trmiss80_trlocclin,16,0.0001,1,64,1,0.2,lr1e-04_bs16_modL1_fusion64_fusionL1_drop0p2_trmiss80_trlocclin,1,0.733679840962092,0.7387471000353495,0.28600405679513186,0.5243619783933513,0.34782608695652173,0.0,0.0,0.0,0.0,2002,clin,0.8
4,1,lr1e-04_bs16_modL1_fusion64_fusionL1_drop0p2_trmiss80_trlocclin,16,0.0001,1,64,1,0.2,lr1e-04_bs16_modL1_fusion64_fusionL1_drop0p2_trmiss80_trlocclin,2,0.7024620175361633,0.7563441793123881,0.36916835699797157,0.5526200398894281,0.34782608695652173,0.0,0.0,0.0,0.0,2002,clin,0.8
4,1,lr1e-04_bs16_modL1_fusion64_fusionL1_drop0p2_trmiss80_trlocclin,16,0.0001,1,64,1,0.2,lr1e-04_bs16_modL1_fusion64_fusionL1_drop0p2_trmiss80_trlocclin,3,0.692043220003446,0.7551993727684021,0.4300202839756593,0.5833357951659095,0.41304347826086957,0.0,0.0,0.0,0.0,2002,clin,0.8
4,1,lr1e-04_bs16_modL1_fusion64_fusionL1_drop0p2_trmiss80_trlocclin,16,0.0001,1,64,1,0.2,lr1e-04_bs16_modL1_fusion64_fusionL1_drop0p2_trmiss80_trlocclin,4,0.6537404358386993,0.7460023164749146,0.4685598377281947,0.6074381721242054,0.4782608695652174,0.0,0.0,0.0,0.0,2002,clin,0.8
4,1,lr1e-04_bs16_modL1_fusion64_fusionL1_drop0p2_trmiss80_trlocclin,16,0.0001,1,64,1,0.2,lr1e-04_bs16_modL1_fusion64_fusionL1_drop0p2_trmiss80_trlocclin,5,0.6451949725548426,0.7426595489184061,0.46653144016227177,0.5955762673184551,0.5217391304347826,0.0,0.0,0.0,0.0,2002,clin,0.8
4,1,lr1e-04_bs16_modL1_fusion64_fusionL1_drop0p2_trmiss80_trlocclin,16,0.0001,1,64,1,0.2,lr1e-04_bs16_modL1_fusion64_fusionL1_drop0p2_trmiss80_trlocclin,6,0.6213986277580261,0.7471315463383993,0.40973630831643,0.5614186576251698,0.4782608695652174,0.0,0.0,0.0,0.0,2002,clin,0.8
4,1,lr1e-04_bs16_modL1_fusion64_fusionL1_drop0p2_trmiss80_trlocclin,16,0.0001,1,64,1,0.2,lr1e-04_bs16_modL1_fusion64_fusionL1_drop0p2_trmiss80_trlocclin,7,0.6033186664183935,0.7494368354479471,0.4239350912778905,0.5711632152186491,0.45652173913043476,0.0,0.0,0.0,0.0,2002,clin,0.8
4,1,lr1e-04_bs16_modL1_fusion64_fusionL1_drop0p2_trmiss80_trlocclin,16,0.0001,1,64,1,0.2,lr1e-04_bs16_modL1_fusion64_fusionL1_drop0p2_trmiss80_trlocclin,8,0.6160153721769651,0.7469661831855774,0.3995943204868154,0.5629006976375558,0.5,0.0,0.0,0.0,0.0,2002,clin,0.8
4,1,lr1e-04_bs16_modL1_fusion64_fusionL1_drop0p2_trmiss80_trlocclin,16,0.0001,1,64,1,0.2,lr1e-04_bs16_modL1_fusion64_fusionL1_drop0p2_trmiss80_trlocclin,9,0.5990173617998759,0.7479352156321207,0.40973630831643,0.5687070364296026,0.45652173913043476,0.0,0.0,0.0,0.0,2002,clin,0.8
4,1,lr1e-04_bs16_modL1_fusion64_fusionL1_drop0p2_trmiss80_trlocclin,16,0.0001,1,64,1,0.2,lr1e-04_bs16_modL1_fusion64_fusionL1_drop0p2_trmiss80_trlocclin,10,0.5587557703256607,0.74595707654953,0.4239350912778904,0.577298374665399,0.43478260869565216,0.0,0.0,0.0,0.0,2002,clin,0.8
4,1,lr1e-04_bs16_modL1_fusion64_fusionL1_drop0p2_trmiss80_trlocclin,16,0.0001,1,64,1,0.2,lr1e-04_bs16_modL1_fusion64_fusionL1_drop0p2_trmiss80_trlocclin,11,0.5926215897003809,0.744564930597941,0.40770791075050705,0.5662508910672639,0.4782608695652174,0.0,0.0,0.0,0.0,2002,clin,0.8
4,1,lr1e-04_bs16_modL1_fusion64_fusionL1_drop0p2_trmiss80_trlocclin,16,0.0001,1,64,1,0.2,lr1e-04_bs16_modL1_fusion64_fusionL1_drop0p2_trmiss80_trlocclin,12,0.5645136261979739,0.7395981351534525,0.4137931034482758,0.573450231061835,0.4782608695652174,0.0,0.0,0.0,0.0,2002,clin,0.8
4,1,lr1e-04_bs16_modL1_fusion64_fusionL1_drop0p2_trmiss80_trlocclin,16,0.0001,1,64,1,0.2,lr1e-04_bs16_modL1_fusion64_fusionL1_drop0p2_trmiss80_trlocclin,13,0.6005432705084482,0.748863697052002,0.41784989858012167,0.5739593032228792,0.45652173913043476,0.0,0.0,0.0,0.0,2002,clin,0.8
4,1,lr1e-04_bs16_modL1_fusion64_fusionL1_drop0p2_trmiss80_trlocclin,16,0.0001,1,64,1,0.2,lr1e-04_bs16_modL1_fusion64_fusionL1_drop0p2_trmiss80_trlocclin,14,0.5598141153653463,0.7469198107719421,0.4300202839756593,0.57929636851855,0.4782608695652174,0.0,0.0,0.0,0.0,2002,clin,0.8
4,1,lr1e-04_bs16_modL1_fusion64_fusionL1_drop0p2_trmiss80_trlocclin,16,0.0001,1,64,1,0.2,lr1e-04_bs16_modL1_fusion64_fusionL1_drop0p2_trmiss80_trlocclin,15,0.5537215769290924,0.7482030193010966,0.4279918864097363,0.5801034935402306,0.4782608695652174,0.0,0.0,0.0,0.0,2002,clin,0.8
4,1,lr1e-04_bs16_modL1_fusion64_fusionL1_drop0p2_trmiss80_trlocclin,16,0.0001,1,64,1,0.2,lr1e-04_bs16_modL1_fusion64_fusionL1_drop0p2_trmiss80_trlocclin,16,0.540656715631485,0.7440428733825684,0.4117647058823529,0.5705193099861471,0.4782608695652174,0.0,0.0,0.0,0.0,2002,clin,0.8
4,1,lr1e-04_bs16_modL1_fusion64_fusionL1_drop0p2_trmiss80_trlocclin,16,0.0001,1,64,1,0.2,lr1e-04_bs16_modL1_fusion64_fusionL1_drop0p2_trmiss80_trlocclin,17,0.5543834219376246,0.7384551962216696,0.3874239350912779,0.5526884593768328,0.5434782608695652,0.0,0.0,0.0,0.0,2002,clin,0.8
4,1,lr1e-04_bs16_modL1_fusion64_fusionL1_drop0p2_trmiss80_trlocclin,16,0.0001,1,64,1,0.2,lr1e-04_bs16_modL1_fusion64_fusionL1_drop0p2_trmiss80_trlocclin,18,0.5532026812434196,0.7410576144854227,0.39756592292089254,0.5605980492235423,0.5217391304347826,0.0,0.0,0.0,0.0,2002,clin,0.8
4,1,lr1e-04_bs16_modL1_fusion64_fusionL1_drop0p2_trmiss80_trlocclin,16,0.0001,1,64,1,0.2,lr1e-04_bs16_modL1_fusion64_fusionL1_drop0p2_trmiss80_trlocclin,19,0.5263504361112913,0.7398569385210673,0.40973630831643004,0.5662461953349095,0.4782608695652174,0.0,0.0,0.0,0.0,2002,clin,0.8
4,1,lr1e-04_bs16_modL1_fusion64_fusionL1_drop0p2_trmiss80_trlocclin,16,0.0001,1,64,1,0.2,lr1e-04_bs16_modL1_fusion64_fusionL1_drop0p2_trmiss80_trlocclin,20,0.5192803541819254,0.7378301421801249,0.4016227180527383,0.5655635188394199,0.5217391304347826,0.0,0.0,0.0,0.0,2002,clin,0.8
4,1,lr1e-04_bs16_modL1_fusion64_fusionL1_drop0p2_trmiss80_trlocclin,16,0.0001,1,64,1,0.2,lr1e-04_bs16_modL1_fusion64_fusionL1_drop0p2_trmiss80_trlocclin,21,0.5246495977044106,0.735511839389801,0.45233265720081134,0.5907006180819857,0.5217391304347826,0.0,0.0,0.0,0.0,2002,clin,0.8
4,1,lr1e-04_bs16_modL1_fusion64_fusionL1_drop0p2_trmiss80_trlocclin,16,0.0001,1,64,1,0.2,lr1e-04_bs16_modL1_fusion64_fusionL1_drop0p2_trmiss80_trlocclin,22,0.5270691141486168,0.7258082032203674,0.4442190669371196,0.585540181912256,0.5434782608695652,0.0,0.0,0.0,0.0,2002,clin,0.8
4,1,lr1e-04_bs16_modL1_fusion64_fusionL1_drop0p2_trmiss80_trlocclin,16,0.0001,1,64,1,0.2,lr1e-04_bs16_modL1_fusion64_fusionL1_drop0p2_trmiss80_trlocclin,23,0.5246146693825722,0.7400601506233215,0.4259634888438134,0.5772384883442164,0.5217391304347826,0.0,0.0,0.0,0.0,2002,clin,0.8
4,1,lr1e-04_bs16_modL1_fusion64_fusionL1_drop0p2_trmiss80_trlocclin,16,0.0001,1,64,1,0.2,lr1e-04_bs16_modL1_fusion64_fusionL1_drop0p2_trmiss80_trlocclin,24,0.5110899979869524,0.7369513710339864,0.4158215010141988,0.5673139619026969,0.5434782608695652,0.0,0.0,0.0,0.0,2002,clin,0.8
4,1,lr1e-04_bs16_modL1_fusion64_fusionL1_drop0p1_trmiss80_trlocclin,16,0.0001,1,64,1,0.1,lr1e-04_bs16_modL1_fusion64_fusionL1_drop0p1_trmiss80_trlocclin,1,0.7010636776685715,0.7206682165463766,0.32251521298174446,0.5210723196790686,0.5652173913043478,0.0,0.0,0.0,0.0,2002,clin,0.8
4,1,lr1e-04_bs16_modL1_fusion64_fusionL1_drop0p1_trmiss80_trlocclin,16,0.0001,1,64,1,0.1,lr1e-04_bs16_modL1_fusion64_fusionL1_drop0p1_trmiss80_trlocclin,2,0.6403371592362722,0.7303171555201212,0.3448275862068966,0.525063809653562,0.45652173913043476,0.0,0.0,0.0,0.0,2002,clin,0.8
4,1,lr1e-04_bs16_modL1_fusion64_fusionL1_drop0p1_trmiss80_trlocclin,16,0.0001,1,64,1,0.1,lr1e-04_bs16_modL1_fusion64_fusionL1_drop0p1_trmiss80_trlocclin,3,0.5969580262899399,0.7400278647740682,0.36511156186612576,0.5446359911782038,0.4782608695652174,0.0,0.0,0.0,0.0,2002,clin,0.8
4,1,lr1e-04_bs16_modL1_fusion64_fusionL1_drop0p1_trmiss80_trlocclin,16,0.0001,1,64,1,0.1,lr1e-04_bs16_modL1_fusion64_fusionL1_drop0p1_trmiss80_trlocclin,4,0.5916027228037516,0.7517823576927185,0.3427991886409737,0.5344947249022322,0.4782608695652174,0.0,0.0,0.0,0.0,2002,clin,0.8
4,1,lr1e-04_bs16_modL1_fusion64_fusionL1_drop0p1_trmiss80_trlocclin,16,0.0001,1,64,1,0.1,lr1e-04_bs16_modL1_fusion64_fusionL1_drop0p1_trmiss80_trlocclin,5,0.5785449693600336,0.7539188067118326,0.3488843813387424,0.5395301365182938,0.45652173913043476,0.0,0.0,0.0,0.0,2002,clin,0.8
4,1,lr1e-04_bs16_modL1_fusion64_fusionL1_drop0p1_trmiss80_trlocclin,16,0.0001,1,64,1,0.1,lr1e-04_bs16_modL1_fusion64_fusionL1_drop0p1_trmiss80_trlocclin,6,0.5662703414758047,0.7631805539131165,0.33062880324543614,0.5392238300254694,0.41304347826086957,0.0,0.0,0.0,0.0,2002,clin,0.8
4,1,lr1e-04_bs16_modL1_fusion64_fusionL1_drop0p1_trmiss80_trlocclin,16,0.0001,1,64,1,0.1,lr1e-04_bs16_modL1_fusion64_fusionL1_drop0p1_trmiss80_trlocclin,7,0.532902625699838,0.7616555293401083,0.3367139959432049,0.5434645756736104,0.43478260869565216,0.0,0.0,0.0,0.0,2002,clin,0.8
4,1,lr1e-04_bs16_modL1_fusion64_fusionL1_drop0p1_trmiss80_trlocclin,16,0.0001,1,64,1,0.1,lr1e-04_bs16_modL1_fusion64_fusionL1_drop0p1_trmiss80_trlocclin,8,0.521368126074473,0.7514654000600179,0.37525354969574043,0.5581983999541443,0.45652173913043476,0.0,0.0,0.0,0.0,2002,clin,0.8
4,1,lr1e-04_bs16_modL1_fusion64_fusionL1_drop0p1_trmiss80_trlocclin,16,0.0001,1,64,1,0.1,lr1e-04_bs16_modL1_fusion64_fusionL1_drop0p1_trmiss80_trlocclin,9,0.5309647247195244,0.7555725773175558,0.3651115618661257,0.5511584974179223,0.43478260869565216,0.0,0.0,0.0,0.0,2002,clin,0.8
4,1,lr1e-04_bs16_modL1_fusion64_fusionL1_drop0p1_trmiss80_trlocclin,16,0.0001,1,64,1,0.1,lr1e-04_bs16_modL1_fusion64_fusionL1_drop0p1_trmiss80_trlocclin,10,0.5140879104534785,0.7679431438446045,0.3326572008113591,0.5359541251209741,0.45652173913043476,0.0,0.0,0.0,0.0,2002,clin,0.8
4,1,lr1e-04_bs16_modL1_fusion64_fusionL1_drop0p1_trmiss80_trlocclin,16,0.0001,1,64,1,0.1,lr1e-04_bs16_modL1_fusion64_fusionL1_drop0p1_trmiss80_trlocclin,11,0.4970140407482783,0.7646475235621134,0.3286004056795132,0.5344300958699414,0.4782608695652174,0.0,0.0,0.0,0.0,2002,clin,0.8
4,1,lr1e-04_bs16_modL1_fusion64_fusionL1_drop0p1_trmiss80_trlocclin,16,0.0001,1,64,1,0.1,lr1e-04_bs16_modL1_fusion64_fusionL1_drop0p1_trmiss80_trlocclin,12,0.5135003079970678,0.7646447817484537,0.33671399594320484,0.5362701443821544,0.5,0.0,0.0,0.0,0.0,2002,clin,0.8
4,1,lr1e-04_bs16_modL1_fusion64_fusionL1_drop0p1_trmiss80_trlocclin,16,0.0001,1,64,1,0.1,lr1e-04_bs16_modL1_fusion64_fusionL1_drop0p1_trmiss80_trlocclin,13,0.49355459213256836,0.7796021699905396,0.33468559837728196,0.5288894843850607,0.5,0.0,0.0,0.0,0.0,2002,clin,0.8
4,1,lr1e-04_bs16_modL1_fusion64_fusionL1_drop0p1_trmiss80_trlocclin,16,0.0001,1,64,1,0.1,lr1e-04_bs16_modL1_fusion64_fusionL1_drop0p1_trmiss80_trlocclin,14,0.4709225619832675,0.7777170538902283,0.3346855983772819,0.5286277043084083,0.4782608695652174,0.0,0.0,0.0,0.0,2002,clin,0.8
4,1,lr1e-04_bs16_modL1_fusion64_fusionL1_drop0p1_trmiss80_trlocclin,16,0.0001,1,64,1,0.1,lr1e-04_bs16_modL1_fusion64_fusionL1_drop0p1_trmiss80_trlocclin,15,0.46841105073690414,0.7837552229563395,0.332657200811359,0.5299980760384129,0.4782608695652174,0.0,0.0,0.0,0.0,2002,clin,0.8
4,1,lr1e-04_bs16_modL1_fusion64_fusionL1_drop0p1_trmiss80_trlocclin,16,0.0001,1,64,1,0.1,lr1e-04_bs16_modL1_fusion64_fusionL1_drop0p1_trmiss80_trlocclin,16,0.462798535823822,0.7768335143725077,0.31034482758620696,0.5214054000416473,0.4782608695652174,0.0,0.0,0.0,0.0,2002,clin,0.8
4,1,lr1e-04_bs16_modL1_fusion64_fusionL1_drop0p1_trmiss80_trlocclin,16,0.0001,1,64,1,0.1,lr1e-04_bs16_modL1_fusion64_fusionL1_drop0p1_trmiss80_trlocclin,17,0.471146119137605,0.7791673143704733,0.32251521298174446,0.5309774437877297,0.45652173913043476,0.0,0.0,0.0,0.0,2002,clin,0.8
4,1,lr1e-04_bs16_modL1_fusion64_fusionL1_drop0p1_trmiss80_trlocclin,16,0.0001,1,64,1,0.1,lr1e-04_bs16_modL1_fusion64_fusionL1_drop0p1_trmiss80_trlocclin,18,0.45828857521216076,0.7834548354148865,0.3144016227180527,0.5279312689063362,0.4782608695652174,0.0,0.0,0.0,0.0,2002,clin,0.8
4,1,lr1e-04_bs16_modL1_fusion64_fusionL1_drop0p1_trmiss80_trlocclin,16,0.0001,1,64,1,0.1,lr1e-04_bs16_modL1_fusion64_fusionL1_drop0p1_trmiss80_trlocclin,19,0.4560052951176961,0.7772176067034403,0.3123732251521298,0.5266046308539404,0.4782608695652174,0.0,0.0,0.0,0.0,2002,clin,0.8
4,1,lr1e-04_bs16_modL1_fusion64_fusionL1_drop0p1_trmiss80_trlocclin,16,0.0001,1,64,1,0.1,lr1e-04_bs16_modL1_fusion64_fusionL1_drop0p1_trmiss80_trlocclin,20,0.4610327035188675,0.7840587099393209,0.3144016227180527,0.5285840602267455,0.4782608695652174,0.0,0.0,0.0,0.0,2002,clin,0.8
4,1,lr1e-04_bs16_modL1_fusion64_fusionL1_drop0p1_trmiss80_trlocclin,16,0.0001,1,64,1,0.1,lr1e-04_bs16_modL1_fusion64_fusionL1_drop0p1_trmiss80_trlocclin,21,0.45460283507903415,0.7782720526059469,0.3184584178498986,0.5343043731472085,0.4782608695652174,0.0,0.0,0.0,0.0,2002,clin,0.8
4,1,lr1e-04_bs16_modL1_fusion64_fusionL1_drop0p1_trmiss80_trlocclin,16,0.0001,1,64,1,0.1,lr1e-04_bs16_modL1_fusion64_fusionL1_drop0p1_trmiss80_trlocclin,22,0.4691473146279653,0.7773927847544352,0.332657200811359,0.5401782750429749,0.4782608695652174,0.0,0.0,0.0,0.0,2002,clin,0.8
4,1,lr1e-04_bs16_modL1_fusion64_fusionL1_drop0p1_trmiss80_trlocclin,16,0.0001,1,64,1,0.1,lr1e-04_bs16_modL1_fusion64_fusionL1_drop0p1_trmiss80_trlocclin,23,0.4380391190449397,0.7710442145665487,0.3204868154158215,0.5339582699622769,0.4782608695652174,0.0,0.0,0.0,0.0,2002,clin,0.8
4,1,lr1e-04_bs16_modL1_fusion64_fusionL1_drop0p1_trmiss80_trlocclin,16,0.0001,1,64,1,0.1,lr1e-04_bs16_modL1_fusion64_fusionL1_drop0p1_trmiss80_trlocclin,24,0.4506138364473979,0.7759010593096415,0.3184584178498986,0.5327361274064629,0.4782608695652174,0.0,0.0,0.0,0.0,2002,clin,0.8
4,1,lr1e-04_bs16_modL1_fusion64_fusionL1_drop0p1_trmiss80_trlocclin,16,0.0001,1,64,1,0.1,lr1e-04_bs16_modL1_fusion64_fusionL1_drop0p1_trmiss80_trlocclin,25,0.43647168080012005,0.7800709207852682,0.32454361054766734,0.5337075722653527,0.5,0.0,0.0,0.0,0.0,2002,clin,0.8
4,1,lr1e-04_bs16_modL1_fusion64_fusionL1_drop0p1_trmiss80_trlocclin,16,0.0001,1,64,1,0.1,lr1e-04_bs16_modL1_fusion64_fusionL1_drop0p1_trmiss80_trlocclin,26,0.44079551100730896,0.7740423878033956,0.3225152129817444,0.5354109251343727,0.5,0.0,0.0,0.0,0.0,2002,clin,0.8
4,1,lr1e-04_bs16_modL1_fusion64_fusionL1_drop0p1_trmiss80_trlocclin,16,0.0001,1,64,1,0.1,lr1e-04_bs16_modL1_fusion64_fusionL1_drop0p1_trmiss80_trlocclin,27,0.4429510111610095,0.775439461072286,0.3286004056795132,0.5344560781338598,0.5,0.0,0.0,0.0,0.0,2002,clin,0.8
4,1,lr1e-04_bs16_modL1_fusion64_fusionL1_drop0p1_trmiss80_trlocclin,16,0.0001,1,64,1,0.1,lr1e-04_bs16_modL1_fusion64_fusionL1_drop0p1_trmiss80_trlocclin,28,0.44289057701826096,0.7766705354054769,0.3387423935091278,0.540157824275816,0.4782608695652174,0.0,0.0,0.0,0.0,2002,clin,0.8
4,1,lr5e-05_bs32_modL1_fusion32_fusionL1_drop0p2_trmiss80_trlocclin,32,5e-05,1,32,1,0.2,lr5e-05_bs32_modL1_fusion32_fusionL1_drop0p2_trmiss80_trlocclin,1,0.7792025605837504,0.7045499682426453,0.5557809330628805,0.7294016284796289,0.391304347826087,0.0,0.0,0.0,0.0,2002,clin,0.8
4,1,lr5e-05_bs32_modL1_fusion32_fusionL1_drop0p2_trmiss80_trlocclin,32,5e-05,1,32,1,0.2,lr5e-05_bs32_modL1_fusion32_fusionL1_drop0p2_trmiss80_trlocclin,2,0.7531611323356628,0.7069657742977142,0.565922920892495,0.720817226702401,0.391304347826087,0.0,0.0,0.0,0.0,2002,clin,0.8
4,1,lr5e-05_bs32_modL1_fusion32_fusionL1_drop0p2_trmiss80_trlocclin,32,5e-05,1,32,1,0.2,lr5e-05_bs32_modL1_fusion32_fusionL1_drop0p2_trmiss80_trlocclin,3,0.7518028716246287,0.7066000401973724,0.5882352941176471,0.7261003379331016,0.391304347826087,0.0,0.0,0.0,0.0,2002,clin,0.8
4,1,lr5e-05_bs32_modL1_fusion32_fusionL1_drop0p2_trmiss80_trlocclin,32,5e-05,1,32,1,0.2,lr5e-05_bs32_modL1_fusion32_fusionL1_drop0p2_trmiss80_trlocclin,4,0.7365206182003021,0.7017015516757965,0.6125760649087221,0.7503838690260513,0.41304347826086957,0.0,0.0,0.0,0.0,2002,clin,0.8
4,1,lr5e-05_bs32_modL1_fusion32_fusionL1_drop0p2_trmiss80_trlocclin,32,5e-05,1,32,1,0.2,lr5e-05_bs32_modL1_fusion32_fusionL1_drop0p2_trmiss80_trlocclin,5,0.6901218195756277,0.699270099401474,0.6105476673427992,0.7545928973034844,0.391304347826087,0.0,0.0,0.0,0.0,2002,clin,0.8
4,1,lr5e-05_bs32_modL1_fusion32_fusionL1_drop0p2_trmiss80_trlocclin,32,5e-05,1,32,1,0.2,lr5e-05_bs32_modL1_fusion32_fusionL1_drop0p2_trmiss80_trlocclin,6,0.7143677771091461,0.6981436610221863,0.5963488843813387,0.7488427768212563,0.41304347826086957,0.0,0.0,0.0,0.0,2002,clin,0.8
4,1,lr5e-05_bs32_modL1_fusion32_fusionL1_drop0p2_trmiss80_trlocclin,32,5e-05,1,32,1,0.2,lr5e-05_bs32_modL1_fusion32_fusionL1_drop0p2_trmiss80_trlocclin,7,0.7035602728525797,0.6976675689220428,0.59026369168357,0.7380634689932813,0.43478260869565216,0.0,0.0,0.0,0.0,2002,clin,0.8
4,1,lr5e-05_bs32_modL1_fusion32_fusionL1_drop0p2_trmiss80_trlocclin,32,5e-05,1,32,1,0.2,lr5e-05_bs32_modL1_fusion32_fusionL1_drop0p2_trmiss80_trlocclin,8,0.6740163763364156,0.697257399559021,0.5882352941176471,0.7470362348007196,0.4782608695652174,0.0,0.0,0.0,0.0,2002,clin,0.8
4,1,lr5e-05_bs32_modL1_fusion32_fusionL1_drop0p2_trmiss80_trlocclin,32,5e-05,1,32,1,0.2,lr5e-05_bs32_modL1_fusion32_fusionL1_drop0p2_trmiss80_trlocclin,9,0.6811807453632355,0.6939290761947632,0.5943204868154158,0.7482178231231734,0.4782608695652174,0.0,0.0,0.0,0.0,2002,clin,0.8
4,1,lr5e-05_bs32_modL1_fusion32_fusionL1_drop0p2_trmiss80_trlocclin,32,5e-05,1,32,1,0.2,lr5e-05_bs32_modL1_fusion32_fusionL1_drop0p2_trmiss80_trlocclin,10,0.6486857136090597,0.6925292015075684,0.6044624746450304,0.7615043386480629,0.4782608695652174,0.0,0.0,0.0,0.0,2002,clin,0.8
4,1,lr5e-05_bs32_modL1_fusion32_fusionL1_drop0p2_trmiss80_trlocclin,32,5e-05,1,32,1,0.2,lr5e-05_bs32_modL1_fusion32_fusionL1_drop0p2_trmiss80_trlocclin,11,0.6325746774673462,0.6891564130783081,0.5983772819472617,0.7628989687722754,0.4782608695652174,0.0,0.0,0.0,0.0,2002,clin,0.8
4,1,lr5e-05_bs32_modL1_fusion32_fusionL1_drop0p2_trmiss80_trlocclin,32,5e-05,1,32,1,0.2,lr5e-05_bs32_modL1_fusion32_fusionL1_drop0p2_trmiss80_trlocclin,12,0.628556877374649,0.6857692301273346,0.5882352941176471,0.7576118594485906,0.4782608695652174,0.0,0.0,0.0,0.0,2002,clin,0.8
4,1,lr5e-05_bs32_modL1_fusion32_fusionL1_drop0p2_trmiss80_trlocclin,32,5e-05,1,32,1,0.2,lr5e-05_bs32_modL1_fusion32_fusionL1_drop0p2_trmiss80_trlocclin,13,0.6262106498082479,0.6886855661869049,0.5780933062880326,0.7396859855267189,0.43478260869565216,0.0,0.0,0.0,0.0,2002,clin,0.8
4,1,lr5e-05_bs32_modL1_fusion32_fusionL1_drop0p2_trmiss80_trlocclin,32,5e-05,1,32,1,0.2,lr5e-05_bs32_modL1_fusion32_fusionL1_drop0p2_trmiss80_trlocclin,14,0.6327952841917673,0.6847648024559021,0.5638945233265721,0.7270949182090094,0.43478260869565216,0.0,0.0,0.0,0.0,2002,clin,0.8
4,1,lr5e-05_bs32_modL1_fusion32_fusionL1_drop0p2_trmiss80_trlocclin,32,5e-05,1,32,1,0.2,lr5e-05_bs32_modL1_fusion32_fusionL1_drop0p2_trmiss80_trlocclin,15,0.6194297770659128,0.682539314031601,0.565922920892495,0.7260092738242573,0.43478260869565216,0.0,0.0,0.0,0.0,2002,clin,0.8
4,1,lr5e-05_bs32_modL1_fusion32_fusionL1_drop0p2_trmiss80_trlocclin,32,5e-05,1,32,1,0.2,lr5e-05_bs32_modL1_fusion32_fusionL1_drop0p2_trmiss80_trlocclin,16,0.6121629774570465,0.6803483664989471,0.588235294117647,0.7534223952846437,0.5217391304347826,0.0,0.0,0.0,0.0,2002,clin,0.8
4,1,lr5e-05_bs32_modL1_fusion32_fusionL1_drop0p2_trmiss80_trlocclin,32,5e-05,1,32,1,0.2,lr5e-05_bs32_modL1_fusion32_fusionL1_drop0p2_trmiss80_trlocclin,17,0.6010949015617371,0.6796110570430756,0.592292089249493,0.7600585505597943,0.5434782608695652,0.0,0.0,0.0,0.0,2002,clin,0.8
4,1,lr5e-05_bs32_modL1_fusion32_fusionL1_drop0p2_trmiss80_trlocclin,32,5e-05,1,32,1,0.2,lr5e-05_bs32_modL1_fusion32_fusionL1_drop0p2_trmiss80_trlocclin,18,0.5877042909463247,0.6840322911739349,0.5618661257606491,0.7330458458468351,0.5,0.0,0.0,0.0,0.0,2002,clin,0.8
4,1,lr5e-05_bs32_modL1_fusion32_fusionL1_drop0p2_trmiss80_trlocclin,32,5e-05,1,32,1,0.2,lr5e-05_bs32_modL1_fusion32_fusionL1_drop0p2_trmiss80_trlocclin,19,0.5927804708480835,0.6874827146530151,0.5334685598377282,0.7007377132496989,0.45652173913043476,0.0,0.0,0.0,0.0,2002,clin,0.8
4,1,lr5e-05_bs32_modL1_fusion32_fusionL1_drop0p2_trmiss80_trlocclin,32,5e-05,1,32,1,0.2,lr5e-05_bs32_modL1_fusion32_fusionL1_drop0p2_trmiss80_trlocclin,20,0.6032890578111013,0.6881754398345947,0.5294117647058824,0.6915931241915406,0.5,0.0,0.0,0.0,0.0,2002,clin,0.8
4,1,lr5e-05_bs32_modL1_fusion32_fusionL1_drop0p2_trmiss80_trlocclin,32,5e-05,1,32,1,0.2,lr5e-05_bs32_modL1_fusion32_fusionL1_drop0p2_trmiss80_trlocclin,21,0.58086030681928,0.6822497248649597,0.5618661257606491,0.7285226394930934,0.5,0.0,0.0,0.0,0.0,2002,clin,0.8
4,1,lr5e-05_bs32_modL1_fusion32_fusionL1_drop0p2_trmiss80_trlocclin,32,5e-05,1,32,1,0.2,lr5e-05_bs32_modL1_fusion32_fusionL1_drop0p2_trmiss80_trlocclin,22,0.5822257995605469,0.678558349609375,0.5740365111561866,0.7338004493414801,0.5217391304347826,0.0,0.0,0.0,0.0,2002,clin,0.8
4,1,lr5e-05_bs32_modL1_fusion32_fusionL1_drop0p2_trmiss80_trlocclin,32,5e-05,1,32,1,0.2,lr5e-05_bs32_modL1_fusion32_fusionL1_drop0p2_trmiss80_trlocclin,23,0.5642066995302836,0.6817624568939209,0.5517241379310345,0.7217109555483993,0.4782608695652174,0.0,0.0,0.0,0.0,2002,clin,0.8
4,1,lr5e-05_bs32_modL1_fusion32_fusionL1_drop0p2_trmiss80_trlocclin,32,5e-05,1,32,1,0.2,lr5e-05_bs32_modL1_fusion32_fusionL1_drop0p2_trmiss80_trlocclin,24,0.5797257920106252,0.6837348341941833,0.5436105476673427,0.7167265995100894,0.5,0.0,0.0,0.0,0.0,2002,clin,0.8
4,1,lr5e-05_bs32_modL1_fusion32_fusionL1_drop0p1_trmiss80_trlocclin,32,5e-05,1,32,1,0.1,lr5e-05_bs32_modL1_fusion32_fusionL1_drop0p1_trmiss80_trlocclin,1,0.6886447767416636,0.6891272664070129,0.5476673427991886,0.6960250293375114,0.4782608695652174,0.0,0.0,0.0,0.0,2002,clin,0.8
4,1,lr5e-05_bs32_modL1_fusion32_fusionL1_drop0p1_trmiss80_trlocclin,32,5e-05,1,32,1,0.1,lr5e-05_bs32_modL1_fusion32_fusionL1_drop0p1_trmiss80_trlocclin,2,0.6558438241481781,0.6792705953121185,0.5720081135902637,0.7221786564711643,0.5434782608695652,0.0,0.0,0.0,0.0,2002,clin,0.8
4,1,lr5e-05_bs32_modL1_fusion32_fusionL1_drop0p1_trmiss80_trlocclin,32,5e-05,1,32,1,0.1,lr5e-05_bs32_modL1_fusion32_fusionL1_drop0p1_trmiss80_trlocclin,3,0.6470324496428171,0.669560581445694,0.5841784989858012,0.7427495841497814,0.5652173913043478,0.0,0.0,0.0,0.0,2002,clin,0.8
4,1,lr5e-05_bs32_modL1_fusion32_fusionL1_drop0p1_trmiss80_trlocclin,32,5e-05,1,32,1,0.1,lr5e-05_bs32_modL1_fusion32_fusionL1_drop0p1_trmiss80_trlocclin,4,0.6269495586554209,0.6631526052951813,0.5841784989858012,0.7421655616049673,0.5869565217391305,0.0,0.0,0.0,0.0,2002,clin,0.8
4,1,lr5e-05_bs32_modL1_fusion32_fusionL1_drop0p1_trmiss80_trlocclin,32,5e-05,1,32,1,0.1,lr5e-05_bs32_modL1_fusion32_fusionL1_drop0p1_trmiss80_trlocclin,5,0.5918595294157664,0.6608458757400513,0.5699797160243407,0.7352632691263593,0.5434782608695652,0.0,0.0,0.0,0.0,2002,clin,0.8
4,1,lr5e-05_bs32_modL1_fusion32_fusionL1_drop0p1_trmiss80_trlocclin,32,5e-05,1,32,1,0.1,lr5e-05_bs32_modL1_fusion32_fusionL1_drop0p1_trmiss80_trlocclin,6,0.5988414188226064,0.6599492132663727,0.5557809330628803,0.7318569602677828,0.5652173913043478,0.0,0.0,0.0,0.0,2002,clin,0.8
4,1,lr5e-05_bs32_modL1_fusion32_fusionL1_drop0p1_trmiss80_trlocclin,32,5e-05,1,32,1,0.1,lr5e-05_bs32_modL1_fusion32_fusionL1_drop0p1_trmiss80_trlocclin,7,0.6066537201404572,0.6563237905502319,0.5679513184584178,0.7284395123060491,0.5869565217391305,0.0,0.0,0.0,0.0,2002,clin,0.8
4,1,lr5e-05_bs32_modL1_fusion32_fusionL1_drop0p1_trmiss80_trlocclin,32,5e-05,1,32,1,0.1,lr5e-05_bs32_modL1_fusion32_fusionL1_drop0p1_trmiss80_trlocclin,8,0.5771882434686025,0.6539151072502136,0.5720081135902637,0.7236793333852932,0.5869565217391305,0.0,0.0,0.0,0.0,2002,clin,0.8
4,1,lr5e-05_bs32_modL1_fusion32_fusionL1_drop0p1_trmiss80_trlocclin,32,5e-05,1,32,1,0.1,lr5e-05_bs32_modL1_fusion32_fusionL1_drop0p1_trmiss80_trlocclin,9,0.5589663684368134,0.6531301736831665,0.5760649087221095,0.7283094916892653,0.5869565217391305,0.0,0.0,0.0,0.0,2002,clin,0.8
4,1,lr5e-05_bs32_modL1_fusion32_fusionL1_drop0p1_trmiss80_trlocclin,32,5e-05,1,32,1,0.1,lr5e-05_bs32_modL1_fusion32_fusionL1_drop0p1_trmiss80_trlocclin,10,0.5503701766331991,0.650683581829071,0.5943204868154158,0.7435575732765544,0.5652173913043478,0.0,0.0,0.0,0.0,2002,clin,0.8
4,1,lr5e-05_bs32_modL1_fusion32_fusionL1_drop0p1_trmiss80_trlocclin,32,5e-05,1,32,1,0.1,lr5e-05_bs32_modL1_fusion32_fusionL1_drop0p1_trmiss80_trlocclin,11,0.5556106766064962,0.6528690159320831,0.5740365111561866,0.7311428825354386,0.5652173913043478,0.0,0.0,0.0,0.0,2002,clin,0.8
4,1,lr5e-05_bs32_modL1_fusion32_fusionL1_drop0p1_trmiss80_trlocclin,32,5e-05,1,32,1,0.1,lr5e-05_bs32_modL1_fusion32_fusionL1_drop0p1_trmiss80_trlocclin,12,0.537173330783844,0.6542687714099884,0.5780933062880325,0.7413422685647799,0.5652173913043478,0.0,0.0,0.0,0.0,2002,clin,0.8
4,1,lr5e-05_bs32_modL1_fusion32_fusionL1_drop0p1_trmiss80_trlocclin,32,5e-05,1,32,1,0.1,lr5e-05_bs32_modL1_fusion32_fusionL1_drop0p1_trmiss80_trlocclin,13,0.5472845335801443,0.6541221439838409,0.5740365111561866,0.7308673897537737,0.5869565217391305,0.0,0.0,0.0,0.0,2002,clin,0.8
4,1,lr5e-05_bs32_modL1_fusion32_fusionL1_drop0p1_trmiss80_trlocclin,32,5e-05,1,32,1,0.1,lr5e-05_bs32_modL1_fusion32_fusionL1_drop0p1_trmiss80_trlocclin,14,0.5267784794171652,0.6555754244327545,0.5740365111561866,0.7347455483692867,0.5652173913043478,0.0,0.0,0.0,0.0,2002,clin,0.8
4,1,lr5e-05_bs32_modL1_fusion32_fusionL1_drop0p1_trmiss80_trlocclin,32,5e-05,1,32,1,0.1,lr5e-05_bs32_modL1_fusion32_fusionL1_drop0p1_trmiss80_trlocclin,15,0.517769123117129,0.6551038324832916,0.5679513184584178,0.7297936414832291,0.5869565217391305,0.0,0.0,0.0,0.0,2002,clin,0.8
4,1,lr5e-05_bs32_modL1_fusion32_fusionL1_drop0p1_trmiss80_trlocclin,32,5e-05,1,32,1,0.1,lr5e-05_bs32_modL1_fusion32_fusionL1_drop0p1_trmiss80_trlocclin,16,0.5270968874295553,0.653033971786499,0.5720081135902637,0.7352561652707236,0.5869565217391305,0.0,0.0,0.0,0.0,2002,clin,0.8
4,1,lr5e-05_bs32_modL1_fusion32_fusionL1_drop0p1_trmiss80_trlocclin,32,5e-05,1,32,1,0.1,lr5e-05_bs32_modL1_fusion32_fusionL1_drop0p1_trmiss80_trlocclin,17,0.5033940523862839,0.6534838378429413,0.563894523326572,0.7326535451567673,0.5869565217391305,0.0,0.0,0.0,0.0,2002,clin,0.8
4,1,lr5e-05_bs32_modL1_fusion32_fusionL1_drop0p1_trmiss80_trlocclin,32,5e-05,1,32,1,0.1,lr5e-05_bs32_modL1_fusion32_fusionL1_drop0p1_trmiss80_trlocclin,18,0.5204713294903437,0.654252290725708,0.5578093306288032,0.7320153111904152,0.5869565217391305,0.0,0.0,0.0,0.0,2002,clin,0.8
4,1,lr5e-05_bs32_modL1_fusion32_fusionL1_drop0p1_trmiss80_trlocclin,32,5e-05,1,32,1,0.1,lr5e-05_bs32_modL1_fusion32_fusionL1_drop0p1_trmiss80_trlocclin,19,0.5017973532279333,0.6561096608638763,0.5557809330628803,0.7301471293096079,0.5869565217391305,0.0,0.0,0.0,0.0,2002,clin,0.8
4,1,lr5e-05_bs32_modL1_fusion32_fusionL1_drop0p1_trmiss80_trlocclin,32,5e-05,1,32,1,0.1,lr5e-05_bs32_modL1_fusion32_fusionL1_drop0p1_trmiss80_trlocclin,20,0.5014971643686295,0.6573881804943085,0.54158215010142,0.7177534818368009,0.5869565217391305,0.0,0.0,0.0,0.0,2002,clin,0.8
4,1,lr5e-05_bs32_modL1_fusion32_fusionL1_drop0p1_trmiss80_trlocclin,32,5e-05,1,32,1,0.1,lr5e-05_bs32_modL1_fusion32_fusionL1_drop0p1_trmiss80_trlocclin,21,0.5031410257021586,0.6567637026309967,0.5537525354969574,0.7205427200348133,0.5869565217391305,0.0,0.0,0.0,0.0,2002,clin,0.8
4,1,lr5e-05_bs32_modL1_fusion32_fusionL1_drop0p1_trmiss80_trlocclin,32,5e-05,1,32,1,0.1,lr5e-05_bs32_modL1_fusion32_fusionL1_drop0p1_trmiss80_trlocclin,22,0.4958522319793701,0.6550246179103851,0.5557809330628803,0.7226315543378037,0.5869565217391305,0.0,0.0,0.0,0.0,2002,clin,0.8
4,1,lr5e-05_bs32_modL1_fusion32_fusionL1_drop0p1_trmiss80_trlocclin,32,5e-05,1,32,1,0.1,lr5e-05_bs32_modL1_fusion32_fusionL1_drop0p1_trmiss80_trlocclin,23,0.4944954812526703,0.6538828611373901,0.563894523326572,0.725516255944374,0.5869565217391305,0.0,0.0,0.0,0.0,2002,clin,0.8
4,1,lr5e-05_bs32_modL1_fusion32_fusionL1_drop0p1_trmiss80_trlocclin,32,5e-05,1,32,1,0.1,lr5e-05_bs32_modL1_fusion32_fusionL1_drop0p1_trmiss80_trlocclin,24,0.49180035789807636,0.6527853012084961,0.5720081135902637,0.7289841806076995,0.5869565217391305,0.0,0.0,0.0,0.0,2002,clin,0.8
4,1,lr5e-05_bs32_modL1_fusion32_fusionL1_drop0p1_trmiss80_trlocclin,32,5e-05,1,32,1,0.1,lr5e-05_bs32_modL1_fusion32_fusionL1_drop0p1_trmiss80_trlocclin,25,0.48989487687746686,0.6530464589595795,0.5780933062880325,0.735402983514458,0.5869565217391305,0.0,0.0,0.0,0.0,2002,clin,0.8
4,1,lr5e-05_bs32_modL1_fusion32_fusionL1_drop0p1_trmiss80_trlocclin,32,5e-05,1,32,1,0.1,lr5e-05_bs32_modL1_fusion32_fusionL1_drop0p1_trmiss80_trlocclin,26,0.4847411463658015,0.6535094976425171,0.5659229208924949,0.7305361167302837,0.5869565217391305,0.0,0.0,0.0,0.0,2002,clin,0.8
4,1,lr5e-05_bs32_modL1_fusion32_fusionL1_drop0p1_trmiss80_trlocclin,32,5e-05,1,32,1,0.1,lr5e-05_bs32_modL1_fusion32_fusionL1_drop0p1_trmiss80_trlocclin,27,0.4879130373398463,0.6535034775733948,0.5659229208924949,0.730712508983772,0.5869565217391305,0.0,0.0,0.0,0.0,2002,clin,0.8
4,1,lr5e-05_bs32_modL1_fusion32_fusionL1_drop0p1_trmiss80_trlocclin,32,5e-05,1,32,1,0.1,lr5e-05_bs32_modL1_fusion32_fusionL1_drop0p1_trmiss80_trlocclin,28,0.49142410854498547,0.6530424952507019,0.5659229208924949,0.7248418072273288,0.5869565217391305,0.0,0.0,0.0,0.0,2002,clin,0.8
4,1,lr5e-05_bs32_modL1_fusion32_fusionL1_drop0p1_trmiss80_trlocclin,32,5e-05,1,32,1,0.1,lr5e-05_bs32_modL1_fusion32_fusionL1_drop0p1_trmiss80_trlocclin,29,0.4809552977482478,0.6533196270465851,0.5618661257606491,0.7239902566480106,0.5869565217391305,0.0,0.0,0.0,0.0,2002,clin,0.8
4,1,lr5e-05_bs32_modL1_fusion32_fusionL1_drop0p1_trmiss80_trlocclin,32,5e-05,1,32,1,0.1,lr5e-05_bs32_modL1_fusion32_fusionL1_drop0p1_trmiss80_trlocclin,30,0.502626433968544,0.6535849869251251,0.5679513184584178,0.7263114295590202,0.5869565217391305,0.0,0.0,0.0,0.0,2002,clin,0.8
4,1,lr5e-05_bs32_modL1_fusion64_fusionL1_drop0p2_trmiss80_trlocclin,32,5e-05,1,64,1,0.2,lr5e-05_bs32_modL1_fusion64_fusionL1_drop0p2_trmiss80_trlocclin,1,0.6912936568260193,0.6888262033462524,0.4462474645030426,0.603751138287898,0.5869565217391305,0.0,0.0,0.0,0.0,2002,clin,0.8
4,1,lr5e-05_bs32_modL1_fusion64_fusionL1_drop0p2_trmiss80_trlocclin,32,5e-05,1,64,1,0.2,lr5e-05_bs32_modL1_fusion64_fusionL1_drop0p2_trmiss80_trlocclin,2,0.6703706880410513,0.6857765913009644,0.47464503042596345,0.6117313661148651,0.5434782608695652,0.0,0.0,0.0,0.0,2002,clin,0.8
4,1,lr5e-05_bs32_modL1_fusion64_fusionL1_drop0p2_trmiss80_trlocclin,32,5e-05,1,64,1,0.2,lr5e-05_bs32_modL1_fusion64_fusionL1_drop0p2_trmiss80_trlocclin,3,0.6641206840674082,0.6837550401687622,0.5111561866125761,0.6386977423065451,0.5434782608695652,0.0,0.0,0.0,0.0,2002,clin,0.8
4,1,lr5e-05_bs32_modL1_fusion64_fusionL1_drop0p2_trmiss80_trlocclin,32,5e-05,1,64,1,0.2,lr5e-05_bs32_modL1_fusion64_fusionL1_drop0p2_trmiss80_trlocclin,4,0.6373962064584097,0.6832754611968994,0.5091277890466532,0.6652315239601069,0.5434782608695652,0.0,0.0,0.0,0.0,2002,clin,0.8
4,1,lr5e-05_bs32_modL1_fusion64_fusionL1_drop0p2_trmiss80_trlocclin,32,5e-05,1,64,1,0.2,lr5e-05_bs32_modL1_fusion64_fusionL1_drop0p2_trmiss80_trlocclin,5,0.6151902774969736,0.684134304523468,0.4908722109533468,0.6689679623968919,0.5434782608695652,0.0,0.0,0.0,0.0,2002,clin,0.8
4,1,lr5e-05_bs32_modL1_fusion64_fusionL1_drop0p2_trmiss80_trlocclin,32,5e-05,1,64,1,0.2,lr5e-05_bs32_modL1_fusion64_fusionL1_drop0p2_trmiss80_trlocclin,6,0.6202827195326487,0.6849785447120667,0.4969574036511156,0.6795090827232819,0.5652173913043478,0.0,0.0,0.0,0.0,2002,clin,0.8
4,1,lr5e-05_bs32_modL1_fusion64_fusionL1_drop0p2_trmiss80_trlocclin,32,5e-05,1,64,1,0.2,lr5e-05_bs32_modL1_fusion64_fusionL1_drop0p2_trmiss80_trlocclin,7,0.6018905440966288,0.6829276382923126,0.5030425963488844,0.6809143184658188,0.5869565217391305,0.0,0.0,0.0,0.0,2002,clin,0.8
4,1,lr5e-05_bs32_modL1_fusion64_fusionL1_drop0p2_trmiss80_trlocclin,32,5e-05,1,64,1,0.2,lr5e-05_bs32_modL1_fusion64_fusionL1_drop0p2_trmiss80_trlocclin,8,0.5824074943860372,0.6841848194599152,0.4929006085192698,0.6895813922162389,0.5652173913043478,0.0,0.0,0.0,0.0,2002,clin,0.8
4,1,lr5e-05_bs32_modL1_fusion64_fusionL1_drop0p2_trmiss80_trlocclin,32,5e-05,1,64,1,0.2,lr5e-05_bs32_modL1_fusion64_fusionL1_drop0p2_trmiss80_trlocclin,9,0.574997236331304,0.6842832267284393,0.49290060851926976,0.6881594162926482,0.5652173913043478,0.0,0.0,0.0,0.0,2002,clin,0.8
4,1,lr5e-05_bs32_modL1_fusion64_fusionL1_drop0p2_trmiss80_trlocclin,32,5e-05,1,64,1,0.2,lr5e-05_bs32_modL1_fusion64_fusionL1_drop0p2_trmiss80_trlocclin,10,0.5659588177998861,0.6833829581737518,0.4908722109533469,0.6870939121330834,0.5869565217391305,0.0,0.0,0.0,0.0,2002,clin,0.8
4,1,lr5e-05_bs32_modL1_fusion64_fusionL1_drop0p2_trmiss80_trlocclin,32,5e-05,1,64,1,0.2,lr5e-05_bs32_modL1_fusion64_fusionL1_drop0p2_trmiss80_trlocclin,11,0.5729459822177887,0.6838766932487488,0.48478701825557813,0.6957322688724401,0.5652173913043478,0.0,0.0,0.0,0.0,2002,clin,0.8
4,1,lr5e-05_bs32_modL1_fusion64_fusionL1_drop0p2_trmiss80_trlocclin,32,5e-05,1,64,1,0.2,lr5e-05_bs32_modL1_fusion64_fusionL1_drop0p2_trmiss80_trlocclin,12,0.5734561383724213,0.6877748370170593,0.4766734279918864,0.6912550030239922,0.5652173913043478,0.0,0.0,0.0,0.0,2002,clin,0.8
4,1,lr5e-05_bs32_modL1_fusion64_fusionL1_drop0p2_trmiss80_trlocclin,32,5e-05,1,64,1,0.2,lr5e-05_bs32_modL1_fusion64_fusionL1_drop0p2_trmiss80_trlocclin,13,0.5532946387926737,0.6872494518756866,0.49492900608519275,0.6937911566715911,0.5434782608695652,0.0,0.0,0.0,0.0,2002,clin,0.8
4,1,lr5e-05_bs32_modL1_fusion64_fusionL1_drop0p2_trmiss80_trlocclin,32,5e-05,1,64,1,0.2,lr5e-05_bs32_modL1_fusion64_fusionL1_drop0p2_trmiss80_trlocclin,14,0.5473148624102274,0.6849130392074585,0.49492900608519275,0.693759137168962,0.5434782608695652,0.0,0.0,0.0,0.0,2002,clin,0.8
4,1,lr5e-05_bs32_modL1_fusion64_fusionL1_drop0p2_trmiss80_trlocclin,32,5e-05,1,64,1,0.2,lr5e-05_bs32_modL1_fusion64_fusionL1_drop0p2_trmiss80_trlocclin,15,0.5350240667661031,0.6841148436069489,0.4969574036511156,0.6925136074342109,0.5434782608695652,0.0,0.0,0.0,0.0,2002,clin,0.8
4,1,lr5e-05_bs32_modL1_fusion64_fusionL1_drop0p2_trmiss80_trlocclin,32,5e-05,1,64,1,0.2,lr5e-05_bs32_modL1_fusion64_fusionL1_drop0p2_trmiss80_trlocclin,16,0.5442106525103251,0.6819770336151123,0.5091277890466531,0.6989116354122388,0.5652173913043478,0.0,0.0,0.0,0.0,2002,clin,0.8
4,1,lr5e-05_bs32_modL1_fusion64_fusionL1_drop0p2_trmiss80_trlocclin,32,5e-05,1,64,1,0.2,lr5e-05_bs32_modL1_fusion64_fusionL1_drop0p2_trmiss80_trlocclin,17,0.5403186678886414,0.680775374174118,0.5172413793103448,0.7043020166166019,0.5652173913043478,0.0,0.0,0.0,0.0,2002,clin,0.8
4,1,lr5e-05_bs32_modL1_fusion64_fusionL1_drop0p2_trmiss80_trlocclin,32,5e-05,1,64,1,0.2,lr5e-05_bs32_modL1_fusion64_fusionL1_drop0p2_trmiss80_trlocclin,18,0.517585501074791,0.6804198026657104,0.5152129817444219,0.7053246545936496,0.5652173913043478,0.0,0.0,0.0,0.0,2002,clin,0.8
4,1,lr5e-05_bs32_modL1_fusion64_fusionL1_drop0p2_trmiss80_trlocclin,32,5e-05,1,64,1,0.2,lr5e-05_bs32_modL1_fusion64_fusionL1_drop0p2_trmiss80_trlocclin,19,0.5240435699621836,0.6798903942108154,0.5152129817444219,0.708135139402106,0.5652173913043478,0.0,0.0,0.0,0.0,2002,clin,0.8
4,1,lr5e-05_bs32_modL1_fusion64_fusionL1_drop0p2_trmiss80_trlocclin,32,5e-05,1,64,1,0.2,lr5e-05_bs32_modL1_fusion64_fusionL1_drop0p2_trmiss80_trlocclin,20,0.5124328831831614,0.680684506893158,0.5192697768762677,0.7130460416854973,0.5652173913043478,0.0,0.0,0.0,0.0,2002,clin,0.8
4,1,lr5e-05_bs32_modL1_fusion64_fusionL1_drop0p2_trmiss80_trlocclin,32,5e-05,1,64,1,0.2,lr5e-05_bs32_modL1_fusion64_fusionL1_drop0p2_trmiss80_trlocclin,21,0.5115987857182821,0.6797110140323639,0.5192697768762677,0.710849353613572,0.5652173913043478,0.0,0.0,0.0,0.0,2002,clin,0.8
4,1,lr5e-05_bs32_modL1_fusion64_fusionL1_drop0p2_trmiss80_trlocclin,32,5e-05,1,64,1,0.2,lr5e-05_bs32_modL1_fusion64_fusionL1_drop0p2_trmiss80_trlocclin,22,0.5041846185922623,0.6783972084522247,0.5253549695740365,0.7131214838573048,0.5652173913043478,0.0,0.0,0.0,0.0,2002,clin,0.8
4,1,lr5e-05_bs32_modL1_fusion64_fusionL1_drop0p2_trmiss80_trlocclin,32,5e-05,1,64,1,0.2,lr5e-05_bs32_modL1_fusion64_fusionL1_drop0p2_trmiss80_trlocclin,23,0.508512943983078,0.6803604960441589,0.5212981744421907,0.7020609935686529,0.5652173913043478,0.0,0.0,0.0,0.0,2002,clin,0.8
4,1,lr5e-05_bs32_modL1_fusion64_fusionL1_drop0p2_trmiss80_trlocclin,32,5e-05,1,64,1,0.2,lr5e-05_bs32_modL1_fusion64_fusionL1_drop0p2_trmiss80_trlocclin,24,0.5095994969209036,0.6805285811424255,0.5273833671399595,0.6994553229964251,0.5652173913043478,0.0,0.0,0.0,0.0,2002,clin,0.8
4,1,lr5e-05_bs32_modL1_fusion64_fusionL1_drop0p2_trmiss80_trlocclin,32,5e-05,1,64,1,0.2,lr5e-05_bs32_modL1_fusion64_fusionL1_drop0p2_trmiss80_trlocclin,25,0.4971142162879308,0.6799183189868927,0.5253549695740365,0.6987508365299809,0.5652173913043478,0.0,0.0,0.0,0.0,2002,clin,0.8
4,1,lr5e-05_bs32_modL1_fusion64_fusionL1_drop0p2_trmiss80_trlocclin,32,5e-05,1,64,1,0.2,lr5e-05_bs32_modL1_fusion64_fusionL1_drop0p2_trmiss80_trlocclin,26,0.5024437854687372,0.6784148216247559,0.5354969574036511,0.7098483109202424,0.5652173913043478,0.0,0.0,0.0,0.0,2002,clin,0.8
4,1,lr5e-05_bs32_modL1_fusion64_fusionL1_drop0p2_trmiss80_trlocclin,32,5e-05,1,64,1,0.2,lr5e-05_bs32_modL1_fusion64_fusionL1_drop0p2_trmiss80_trlocclin,27,0.4884507805109024,0.6771464049816132,0.5354969574036512,0.7027421996677635,0.5652173913043478,0.0,0.0,0.0,0.0,2002,clin,0.8
4,1,lr5e-05_bs32_modL1_fusion64_fusionL1_drop0p2_trmiss80_trlocclin,32,5e-05,1,64,1,0.2,lr5e-05_bs32_modL1_fusion64_fusionL1_drop0p2_trmiss80_trlocclin,28,0.5058874835570654,0.6774037480354309,0.5192697768762677,0.6951818588166668,0.5652173913043478,0.0,0.0,0.0,0.0,2002,clin,0.8
4,1,lr5e-05_bs32_modL1_fusion64_fusionL1_drop0p2_trmiss80_trlocclin,32,5e-05,1,64,1,0.2,lr5e-05_bs32_modL1_fusion64_fusionL1_drop0p2_trmiss80_trlocclin,29,0.49511192739009857,0.6787547171115875,0.5233265720081136,0.6933099759103011,0.5652173913043478,0.0,0.0,0.0,0.0,2002,clin,0.8
4,1,lr5e-05_bs32_modL1_fusion64_fusionL1_drop0p2_trmiss80_trlocclin,32,5e-05,1,64,1,0.2,lr5e-05_bs32_modL1_fusion64_fusionL1_drop0p2_trmiss80_trlocclin,30,0.4874665091435115,0.6778169274330139,0.5192697768762677,0.6976001902456636,0.5434782608695652,0.0,0.0,0.0,0.0,2002,clin,0.8
4,1,lr5e-05_bs32_modL1_fusion64_fusionL1_drop0p2_trmiss80_trlocclin,32,5e-05,1,64,1,0.2,lr5e-05_bs32_modL1_fusion64_fusionL1_drop0p2_trmiss80_trlocclin,31,0.45799096425374347,0.6792302429676056,0.5273833671399594,0.7005835604938108,0.5434782608695652,0.0,0.0,0.0,0.0,2002,clin,0.8
4,1,lr5e-05_bs32_modL1_fusion64_fusionL1_drop0p2_trmiss80_trlocclin,32,5e-05,1,64,1,0.2,lr5e-05_bs32_modL1_fusion64_fusionL1_drop0p2_trmiss80_trlocclin,32,0.48526941736539203,0.6790444254875183,0.5294117647058824,0.692992579486907,0.5434782608695652,0.0,0.0,0.0,0.0,2002,clin,0.8
4,1,lr5e-05_bs32_modL1_fusion64_fusionL1_drop0p2_trmiss80_trlocclin,32,5e-05,1,64,1,0.2,lr5e-05_bs32_modL1_fusion64_fusionL1_drop0p2_trmiss80_trlocclin,33,0.4812665929396947,0.6785919964313507,0.5233265720081136,0.6911521218805249,0.5652173913043478,0.0,0.0,0.0,0.0,2002,clin,0.8
4,1,lr5e-05_bs32_modL1_fusion64_fusionL1_drop0p2_trmiss80_trlocclin,32,5e-05,1,64,1,0.2,lr5e-05_bs32_modL1_fusion64_fusionL1_drop0p2_trmiss80_trlocclin,34,0.48944275577863056,0.6785994470119476,0.5354969574036511,0.6962435483353624,0.5869565217391305,0.0,0.0,0.0,0.0,2002,clin,0.8
4,1,lr5e-05_bs32_modL1_fusion64_fusionL1_drop0p2_trmiss80_trlocclin,32,5e-05,1,64,1,0.2,lr5e-05_bs32_modL1_fusion64_fusionL1_drop0p2_trmiss80_trlocclin,35,0.47470573087533313,0.6753861904144287,0.5294117647058824,0.6911802775719235,0.6086956521739131,0.0,0.0,0.0,0.0,2002,clin,0.8
4,1,lr5e-05_bs32_modL1_fusion64_fusionL1_drop0p2_trmiss80_trlocclin,32,5e-05,1,64,1,0.2,lr5e-05_bs32_modL1_fusion64_fusionL1_drop0p2_trmiss80_trlocclin,36,0.47213195264339447,0.6750499904155731,0.5273833671399595,0.689360689114404,0.5652173913043478,0.0,0.0,0.0,0.0,2002,clin,0.8
4,1,lr5e-05_bs32_modL1_fusion64_fusionL1_drop0p2_trmiss80_trlocclin,32,5e-05,1,64,1,0.2,lr5e-05_bs32_modL1_fusion64_fusionL1_drop0p2_trmiss80_trlocclin,37,0.4744655241568883,0.6772938966751099,0.5294117647058824,0.6912510794989545,0.5652173913043478,0.0,0.0,0.0,0.0,2002,clin,0.8
4,1,lr5e-05_bs32_modL1_fusion64_fusionL1_drop0p2_trmiss80_trlocclin,32,5e-05,1,64,1,0.2,lr5e-05_bs32_modL1_fusion64_fusionL1_drop0p2_trmiss80_trlocclin,38,0.4604811320702235,0.6788439750671387,0.5233265720081136,0.6877001579413046,0.5652173913043478,0.0,0.0,0.0,0.0,2002,clin,0.8
4,1,lr5e-05_bs32_modL1_fusion64_fusionL1_drop0p2_trmiss80_trlocclin,32,5e-05,1,64,1,0.2,lr5e-05_bs32_modL1_fusion64_fusionL1_drop0p2_trmiss80_trlocclin,39,0.4689723203579585,0.6792082488536835,0.5273833671399595,0.6867750205285971,0.5434782608695652,0.0,0.0,0.0,0.0,2002,clin,0.8
4,1,lr5e-05_bs32_modL1_fusion64_fusionL1_drop0p2_trmiss80_trlocclin,32,5e-05,1,64,1,0.2,lr5e-05_bs32_modL1_fusion64_fusionL1_drop0p2_trmiss80_trlocclin,40,0.45872992277145386,0.6808791160583496,0.5253549695740365,0.684345767361834,0.5434782608695652,0.0,0.0,0.0,0.0,2002,clin,0.8
4,1,lr5e-05_bs32_modL1_fusion64_fusionL1_drop0p2_trmiss80_trlocclin,32,5e-05,1,64,1,0.2,lr5e-05_bs32_modL1_fusion64_fusionL1_drop0p2_trmiss80_trlocclin,41,0.4452713131904602,0.6799370348453522,0.5334685598377282,0.6874633314908184,0.5434782608695652,0.0,0.0,0.0,0.0,2002,clin,0.8
4,1,lr5e-05_bs32_modL1_fusion64_fusionL1_drop0p2_trmiss80_trlocclin,32,5e-05,1,64,1,0.2,lr5e-05_bs32_modL1_fusion64_fusionL1_drop0p2_trmiss80_trlocclin,42,0.4575801342725754,0.679867297410965,0.5354969574036511,0.6895130284695214,0.5434782608695652,0.0,0.0,0.0,0.0,2002,clin,0.8
4,1,lr5e-05_bs32_modL1_fusion64_fusionL1_drop0p2_trmiss80_trlocclin,32,5e-05,1,64,1,0.2,lr5e-05_bs32_modL1_fusion64_fusionL1_drop0p2_trmiss80_trlocclin,43,0.4679613709449768,0.67832151055336,0.537525354969574,0.6946367172938117,0.5434782608695652,0.0,0.0,0.0,0.0,2002,clin,0.8
4,1,lr5e-05_bs32_modL1_fusion64_fusionL1_drop0p2_trmiss80_trlocclin,32,5e-05,1,64,1,0.2,lr5e-05_bs32_modL1_fusion64_fusionL1_drop0p2_trmiss80_trlocclin,44,0.45892833173274994,0.6783545315265656,0.5233265720081135,0.6868053933935777,0.5652173913043478,0.0,0.0,0.0,0.0,2002,clin,0.8
4,1,lr5e-05_bs32_modL1_fusion64_fusionL1_drop0p2_trmiss80_trlocclin,32,5e-05,1,64,1,0.2,lr5e-05_bs32_modL1_fusion64_fusionL1_drop0p2_trmiss80_trlocclin,45,0.4585438172022502,0.6789910197257996,0.5375253549695741,0.693579389762049,0.5869565217391305,0.0,0.0,0.0,0.0,2002,clin,0.8
4,1,lr5e-05_bs32_modL1_fusion64_fusionL1_drop0p2_trmiss80_trlocclin,32,5e-05,1,64,1,0.2,lr5e-05_bs32_modL1_fusion64_fusionL1_drop0p2_trmiss80_trlocclin,46,0.45792458454767865,0.6793356835842133,0.5253549695740365,0.6774742972652203,0.5652173913043478,0.0,0.0,0.0,0.0,2002,clin,0.8
4,1,lr5e-05_bs32_modL1_fusion64_fusionL1_drop0p2_trmiss80_trlocclin,32,5e-05,1,64,1,0.2,lr5e-05_bs32_modL1_fusion64_fusionL1_drop0p2_trmiss80_trlocclin,47,0.46750644346078235,0.6803734004497528,0.5273833671399595,0.6808427827266371,0.5869565217391305,0.0,0.0,0.0,0.0,2002,clin,0.8
4,1,lr5e-05_bs32_modL1_fusion64_fusionL1_drop0p2_trmiss80_trlocclin,32,5e-05,1,64,1,0.2,lr5e-05_bs32_modL1_fusion64_fusionL1_drop0p2_trmiss80_trlocclin,48,0.45144178966681164,0.6803337633609772,0.5212981744421906,0.6811133562654165,0.5652173913043478,0.0,0.0,0.0,0.0,2002,clin,0.8
4,1,lr5e-05_bs32_modL1_fusion64_fusionL1_drop0p2_trmiss80_trlocclin,32,5e-05,1,64,1,0.2,lr5e-05_bs32_modL1_fusion64_fusionL1_drop0p2_trmiss80_trlocclin,49,0.44456885755062103,0.6805403232574463,0.5091277890466531,0.6787810225193449,0.5652173913043478,0.0,0.0,0.0,0.0,2002,clin,0.8
4,1,lr5e-05_bs32_modL1_fusion64_fusionL1_drop0p2_trmiss80_trlocclin,32,5e-05,1,64,1,0.2,lr5e-05_bs32_modL1_fusion64_fusionL1_drop0p2_trmiss80_trlocclin,50,0.4642675618330638,0.6792589128017426,0.511156186612576,0.6714972980893497,0.5652173913043478,0.0,0.0,0.0,0.0,2002,clin,0.8
4,1,lr5e-05_bs32_modL1_fusion64_fusionL1_drop0p2_trmiss80_trlocclin,32,5e-05,1,64,1,0.2,lr5e-05_bs32_modL1_fusion64_fusionL1_drop0p2_trmiss80_trlocclin,51,0.44767668346563977,0.6805927157402039,0.513184584178499,0.6813414705200275,0.5652173913043478,0.0,0.0,0.0,0.0,2002,clin,0.8
4,1,lr5e-05_bs32_modL1_fusion64_fusionL1_drop0p2_trmiss80_trlocclin,32,5e-05,1,64,1,0.2,lr5e-05_bs32_modL1_fusion64_fusionL1_drop0p2_trmiss80_trlocclin,52,0.4711674203475316,0.6821649968624115,0.5152129817444219,0.673679903506115,0.5652173913043478,0.0,0.0,0.0,0.0,2002,clin,0.8
4,1,lr5e-05_bs32_modL1_fusion64_fusionL1_drop0p2_trmiss80_trlocclin,32,5e-05,1,64,1,0.2,lr5e-05_bs32_modL1_fusion64_fusionL1_drop0p2_trmiss80_trlocclin,53,0.4572429955005646,0.6794275045394897,0.5152129817444219,0.6848550820950866,0.5652173913043478,0.0,0.0,0.0,0.0,2002,clin,0.8
4,1,lr5e-05_bs32_modL1_fusion64_fusionL1_drop0p2_trmiss80_trlocclin,32,5e-05,1,64,1,0.2,lr5e-05_bs32_modL1_fusion64_fusionL1_drop0p2_trmiss80_trlocclin,54,0.45024307568868,0.6811177432537079,0.5233265720081136,0.6824835484916235,0.5652173913043478,0.0,0.0,0.0,0.0,2002,clin,0.8
4,1,lr5e-05_bs32_modL1_fusion64_fusionL1_drop0p2_trmiss80_trlocclin,32,5e-05,1,64,1,0.2,lr5e-05_bs32_modL1_fusion64_fusionL1_drop0p2_trmiss80_trlocclin,55,0.45532067120075226,0.6816886961460114,0.5172413793103448,0.6808239498879108,0.5652173913043478,0.0,0.0,0.0,0.0,2002,clin,0.8
4,1,lr5e-05_bs32_modL1_fusion64_fusionL1_drop0p2_trmiss80_trlocclin,32,5e-05,1,64,1,0.2,lr5e-05_bs32_modL1_fusion64_fusionL1_drop0p2_trmiss80_trlocclin,56,0.4549645185470581,0.6808912754058838,0.5152129817444219,0.6784578740735592,0.5652173913043478,0.0,0.0,0.0,0.0,2002,clin,0.8
4,1,lr5e-05_bs32_modL1_fusion64_fusionL1_drop0p2_trmiss80_trlocclin,32,5e-05,1,64,1,0.2,lr5e-05_bs32_modL1_fusion64_fusionL1_drop0p2_trmiss80_trlocclin,57,0.4436408281326294,0.6807322204113007,0.5212981744421907,0.6765877201820023,0.5869565217391305,0.0,0.0,0.0,0.0,2002,clin,0.8
4,1,lr5e-05_bs32_modL1_fusion64_fusionL1_drop0p2_trmiss80_trlocclin,32,5e-05,1,64,1,0.2,lr5e-05_bs32_modL1_fusion64_fusionL1_drop0p2_trmiss80_trlocclin,58,0.45627910395463306,0.678207665681839,0.513184584178499,0.6833866649908655,0.5869565217391305,0.0,0.0,0.0,0.0,2002,clin,0.8
4,1,lr5e-05_bs32_modL1_fusion64_fusionL1_drop0p2_trmiss80_trlocclin,32,5e-05,1,64,1,0.2,lr5e-05_bs32_modL1_fusion64_fusionL1_drop0p2_trmiss80_trlocclin,59,0.4356386363506317,0.6773185133934021,0.5172413793103449,0.6851224458348507,0.5652173913043478,0.0,0.0,0.0,0.0,2002,clin,0.8
4,1,lr5e-05_bs32_modL1_fusion64_fusionL1_drop0p2_trmiss80_trlocclin,32,5e-05,1,64,1,0.2,lr5e-05_bs32_modL1_fusion64_fusionL1_drop0p2_trmiss80_trlocclin,60,0.4486580590407054,0.6802637279033661,0.5172413793103449,0.6747146905077407,0.5652173913043478,0.0,0.0,0.0,0.0,2002,clin,0.8
4,1,lr5e-05_bs32_modL1_fusion64_fusionL1_drop0p2_trmiss80_trlocclin,32,5e-05,1,64,1,0.2,lr5e-05_bs32_modL1_fusion64_fusionL1_drop0p2_trmiss80_trlocclin,61,0.44543661673863727,0.6810264885425568,0.5152129817444219,0.6776377797714959,0.5869565217391305,0.0,0.0,0.0,0.0,2002,clin,0.8
4,1,lr5e-05_bs32_modL1_fusion64_fusionL1_drop0p2_trmiss80_trlocclin,32,5e-05,1,64,1,0.2,lr5e-05_bs32_modL1_fusion64_fusionL1_drop0p2_trmiss80_trlocclin,62,0.43292797605196637,0.6803078651428223,0.5152129817444219,0.6820325532681778,0.5434782608695652,0.0,0.0,0.0,0.0,2002,clin,0.8
4,1,lr5e-05_bs32_modL1_fusion64_fusionL1_drop0p2_trmiss80_trlocclin,32,5e-05,1,64,1,0.2,lr5e-05_bs32_modL1_fusion64_fusionL1_drop0p2_trmiss80_trlocclin,63,0.43797042965888977,0.6813354790210724,0.5233265720081136,0.6843379695275714,0.5652173913043478,0.0,0.0,0.0,0.0,2002,clin,0.8
4,1,lr5e-05_bs32_modL1_fusion64_fusionL1_drop0p2_trmiss80_trlocclin,32,5e-05,1,64,1,0.2,lr5e-05_bs32_modL1_fusion64_fusionL1_drop0p2_trmiss80_trlocclin,64,0.4628721574942271,0.681971549987793,0.5192697768762677,0.6810715807439413,0.5434782608695652,0.0,0.0,0.0,0.0,2002,clin,0.8
4,1,lr5e-05_bs32_modL1_fusion64_fusionL1_drop0p2_trmiss80_trlocclin,32,5e-05,1,64,1,0.2,lr5e-05_bs32_modL1_fusion64_fusionL1_drop0p2_trmiss80_trlocclin,65,0.4553993493318558,0.6806454956531525,0.5253549695740365,0.6833083132365135,0.5869565217391305,0.0,0.0,0.0,0.0,2002,clin,0.8
4,1,lr5e-05_bs32_modL1_fusion64_fusionL1_drop0p1_trmiss80_trlocclin,32,5e-05,1,64,1,0.1,lr5e-05_bs32_modL1_fusion64_fusionL1_drop0p1_trmiss80_trlocclin,1,0.6656361718972524,0.6891883611679077,0.4726166328600405,0.6049448638903279,0.6304347826086957,0.0,0.0,0.0,0.0,2002,clin,0.8
4,1,lr5e-05_bs32_modL1_fusion64_fusionL1_drop0p1_trmiss80_trlocclin,32,5e-05,1,64,1,0.1,lr5e-05_bs32_modL1_fusion64_fusionL1_drop0p1_trmiss80_trlocclin,2,0.6446167627970377,0.6908853054046631,0.44421906693711966,0.5886576392504954,0.5217391304347826,0.0,0.0,0.0,0.0,2002,clin,0.8
4,1,lr5e-05_bs32_modL1_fusion64_fusionL1_drop0p1_trmiss80_trlocclin,32,5e-05,1,64,1,0.1,lr5e-05_bs32_modL1_fusion64_fusionL1_drop0p1_trmiss80_trlocclin,3,0.6388860543568929,0.6948047876358032,0.43204868154158216,0.5912698150000566,0.5434782608695652,0.0,0.0,0.0,0.0,2002,clin,0.8
4,1,lr5e-05_bs32_modL1_fusion64_fusionL1_drop0p1_trmiss80_trlocclin,32,5e-05,1,64,1,0.1,lr5e-05_bs32_modL1_fusion64_fusionL1_drop0p1_trmiss80_trlocclin,4,0.6007366975148519,0.6946703195571899,0.4442190669371197,0.6171031856101774,0.5434782608695652,0.0,0.0,0.0,0.0,2002,clin,0.8
4,1,lr5e-05_bs32_modL1_fusion64_fusionL1_drop0p1_trmiss80_trlocclin,32,5e-05,1,64,1,0.1,lr5e-05_bs32_modL1_fusion64_fusionL1_drop0p1_trmiss80_trlocclin,5,0.605310449997584,0.692032516002655,0.45841784989858014,0.6348546174879626,0.5217391304347826,0.0,0.0,0.0,0.0,2002,clin,0.8
4,1,lr5e-05_bs32_modL1_fusion64_fusionL1_drop0p1_trmiss80_trlocclin,32,5e-05,1,64,1,0.1,lr5e-05_bs32_modL1_fusion64_fusionL1_drop0p1_trmiss80_trlocclin,6,0.5861726601918539,0.6965898275375366,0.4482758620689655,0.6222459696950104,0.5,0.0,0.0,0.0,0.0,2002,clin,0.8
4,1,lr5e-05_bs32_modL1_fusion64_fusionL1_drop0p1_trmiss80_trlocclin,32,5e-05,1,64,1,0.1,lr5e-05_bs32_modL1_fusion64_fusionL1_drop0p1_trmiss80_trlocclin,7,0.5659840802351633,0.6991900205612183,0.44624746450304265,0.6076959526037641,0.5,0.0,0.0,0.0,0.0,2002,clin,0.8
4,1,lr5e-05_bs32_modL1_fusion64_fusionL1_drop0p1_trmiss80_trlocclin,32,5e-05,1,64,1,0.1,lr5e-05_bs32_modL1_fusion64_fusionL1_drop0p1_trmiss80_trlocclin,8,0.5579651792844137,0.7007410228252411,0.44624746450304265,0.6076959526037641,0.4782608695652174,0.0,0.0,0.0,0.0,2002,clin,0.8
4,1,lr5e-05_bs32_modL1_fusion64_fusionL1_drop0p1_trmiss80_trlocclin,32,5e-05,1,64,1,0.1,lr5e-05_bs32_modL1_fusion64_fusionL1_drop0p1_trmiss80_trlocclin,9,0.5598328014214834,0.6992795467376709,0.4482758620689655,0.6096411205193416,0.4782608695652174,0.0,0.0,0.0,0.0,2002,clin,0.8
4,1,lr5e-05_bs32_modL1_fusion64_fusionL1_drop0p1_trmiss80_trlocclin,32,5e-05,1,64,1,0.1,lr5e-05_bs32_modL1_fusion64_fusionL1_drop0p1_trmiss80_trlocclin,10,0.5327104330062866,0.6992327570915222,0.44421906693711966,0.6047180104024661,0.4782608695652174,0.0,0.0,0.0,0.0,2002,clin,0.8
4,1,lr5e-05_bs32_modL1_fusion64_fusionL1_drop0p1_trmiss80_trlocclin,32,5e-05,1,64,1,0.1,lr5e-05_bs32_modL1_fusion64_fusionL1_drop0p1_trmiss80_trlocclin,11,0.5489650468031565,0.6996174454689026,0.4421906693711968,0.6030541567182216,0.4782608695652174,0.0,0.0,0.0,0.0,2002,clin,0.8
4,1,lr5e-05_bs32_modL1_fusion64_fusionL1_drop0p1_trmiss80_trlocclin,32,5e-05,1,64,1,0.1,lr5e-05_bs32_modL1_fusion64_fusionL1_drop0p1_trmiss80_trlocclin,12,0.5451864898204803,0.6977310478687286,0.44624746450304265,0.6037997575084123,0.4782608695652174,0.0,0.0,0.0,0.0,2002,clin,0.8
4,1,lr5e-05_bs32_modL1_fusion64_fusionL1_drop0p1_trmiss80_trlocclin,32,5e-05,1,64,1,0.1,lr5e-05_bs32_modL1_fusion64_fusionL1_drop0p1_trmiss80_trlocclin,13,0.5212620894114176,0.7004827260971069,0.44421906693711966,0.604383592575006,0.4782608695652174,0.0,0.0,0.0,0.0,2002,clin,0.8
4,1,lr5e-05_bs32_modL1_fusion64_fusionL1_drop0p1_trmiss80_trlocclin,32,5e-05,1,64,1,0.1,lr5e-05_bs32_modL1_fusion64_fusionL1_drop0p1_trmiss80_trlocclin,14,0.5097450017929077,0.7008793950080872,0.4482758620689655,0.6055810954966468,0.45652173913043476,0.0,0.0,0.0,0.0,2002,clin,0.8
4,1,lr5e-05_bs32_modL1_fusion64_fusionL1_drop0p1_trmiss80_trlocclin,32,5e-05,1,64,1,0.1,lr5e-05_bs32_modL1_fusion64_fusionL1_drop0p1_trmiss80_trlocclin,15,0.5197130342324575,0.7027997076511383,0.4381338742393509,0.6003439840456811,0.4782608695652174,0.0,0.0,0.0,0.0,2002,clin,0.8
4,1,lr5e-05_bs32_modL1_fusion64_fusionL1_drop0p1_trmiss80_trlocclin,32,5e-05,1,64,1,0.1,lr5e-05_bs32_modL1_fusion64_fusionL1_drop0p1_trmiss80_trlocclin,16,0.5126169671614965,0.7024683058261871,0.44219066937119683,0.6023064055242067,0.45652173913043476,0.0,0.0,0.0,0.0,2002,clin,0.8
4,1,lr5e-05_bs32_modL1_fusion64_fusionL1_drop0p1_trmiss80_trlocclin,32,5e-05,1,64,1,0.1,lr5e-05_bs32_modL1_fusion64_fusionL1_drop0p1_trmiss80_trlocclin,17,0.5257810056209564,0.7030632197856903,0.4340770791075051,0.5934172603532024,0.45652173913043476,0.0,0.0,0.0,0.0,2002,clin,0.8
4,1,lr5e-05_bs32_modL1_fusion64_fusionL1_drop0p1_trmiss80_trlocclin,32,5e-05,1,64,1,0.1,lr5e-05_bs32_modL1_fusion64_fusionL1_drop0p1_trmiss80_trlocclin,18,0.5191462238629659,0.7034891247749329,0.4279918864097363,0.5908229008611888,0.4782608695652174,0.0,0.0,0.0,0.0,2002,clin,0.8
4,1,lr5e-05_bs32_modL1_fusion64_fusionL1_drop0p1_trmiss80_trlocclin,32,5e-05,1,64,1,0.1,lr5e-05_bs32_modL1_fusion64_fusionL1_drop0p1_trmiss80_trlocclin,19,0.5156733145316442,0.7039395272731781,0.4300202839756593,0.5912562254324444,0.4782608695652174,0.0,0.0,0.0,0.0,2002,clin,0.8
4,1,lr5e-05_bs32_modL1_fusion64_fusionL1_drop0p1_trmiss80_trlocclin,32,5e-05,1,64,1,0.1,lr5e-05_bs32_modL1_fusion64_fusionL1_drop0p1_trmiss80_trlocclin,20,0.5100773374239603,0.7049757838249207,0.4300202839756593,0.5860458727333362,0.45652173913043476,0.0,0.0,0.0,0.0,2002,clin,0.8
4,1,lr5e-05_bs32_modL1_fusion64_fusionL1_drop0p1_trmiss80_trlocclin,32,5e-05,1,64,1,0.1,lr5e-05_bs32_modL1_fusion64_fusionL1_drop0p1_trmiss80_trlocclin,21,0.4901386598745982,0.7053928077220917,0.436105476673428,0.5933255662199262,0.45652173913043476,0.0,0.0,0.0,0.0,2002,clin,0.8
4,1,lr1e-04_bs32_modL1_fusion32_fusionL1_drop0p2_trmiss80_trlocclin,32,0.0001,1,32,1,0.2,lr1e-04_bs32_modL1_fusion32_fusionL1_drop0p2_trmiss80_trlocclin,1,0.684045821428299,0.6829041838645935,0.5070993914807302,0.6514937101940671,0.6086956521739131,0.0,0.0,0.0,0.0,2002,clin,0.8
4,1,lr1e-04_bs32_modL1_fusion32_fusionL1_drop0p2_trmiss80_trlocclin,32,0.0001,1,32,1,0.2,lr1e-04_bs32_modL1_fusion32_fusionL1_drop0p2_trmiss80_trlocclin,2,0.6435668269793192,0.6856513023376465,0.47464503042596345,0.6219148683852364,0.6521739130434783,0.0,0.0,0.0,0.0,2002,clin,0.8
4,1,lr1e-04_bs32_modL1_fusion32_fusionL1_drop0p2_trmiss80_trlocclin,32,0.0001,1,32,1,0.2,lr1e-04_bs32_modL1_fusion32_fusionL1_drop0p2_trmiss80_trlocclin,3,0.6159403125445048,0.6837488412857056,0.48681541582150095,0.6243611984144817,0.5869565217391305,0.0,0.0,0.0,0.0,2002,clin,0.8
4,1,lr1e-04_bs32_modL1_fusion32_fusionL1_drop0p2_trmiss80_trlocclin,32,0.0001,1,32,1,0.2,lr1e-04_bs32_modL1_fusion32_fusionL1_drop0p2_trmiss80_trlocclin,4,0.6020469268163046,0.6839062869548798,0.4969574036511156,0.634009104569472,0.5869565217391305,0.0,0.0,0.0,0.0,2002,clin,0.8
4,1,lr1e-04_bs32_modL1_fusion32_fusionL1_drop0p2_trmiss80_trlocclin,32,0.0001,1,32,1,0.2,lr1e-04_bs32_modL1_fusion32_fusionL1_drop0p2_trmiss80_trlocclin,5,0.5952334403991699,0.6817243099212646,0.48884381338742394,0.6470206889604924,0.5652173913043478,0.0,0.0,0.0,0.0,2002,clin,0.8
4,1,lr1e-04_bs32_modL1_fusion32_fusionL1_drop0p2_trmiss80_trlocclin,32,0.0001,1,32,1,0.2,lr1e-04_bs32_modL1_fusion32_fusionL1_drop0p2_trmiss80_trlocclin,6,0.5612942973772684,0.6802522540092468,0.49290060851926987,0.651586155354698,0.5217391304347826,0.0,0.0,0.0,0.0,2002,clin,0.8
4,1,lr1e-04_bs32_modL1_fusion32_fusionL1_drop0p2_trmiss80_trlocclin,32,0.0001,1,32,1,0.2,lr1e-04_bs32_modL1_fusion32_fusionL1_drop0p2_trmiss80_trlocclin,7,0.5425931463638941,0.678519994020462,0.5030425963488845,0.6598492566593457,0.5217391304347826,0.0,0.0,0.0,0.0,2002,clin,0.8
4,1,lr1e-04_bs32_modL1_fusion32_fusionL1_drop0p2_trmiss80_trlocclin,32,0.0001,1,32,1,0.2,lr1e-04_bs32_modL1_fusion32_fusionL1_drop0p2_trmiss80_trlocclin,8,0.5239944060643514,0.6813682615756989,0.48478701825557813,0.6487171799049218,0.5434782608695652,0.0,0.0,0.0,0.0,2002,clin,0.8
4,1,lr1e-04_bs32_modL1_fusion32_fusionL1_drop0p2_trmiss80_trlocclin,32,0.0001,1,32,1,0.2,lr1e-04_bs32_modL1_fusion32_fusionL1_drop0p2_trmiss80_trlocclin,9,0.5294160942236582,0.6841377317905426,0.4847870182555781,0.6468550447741576,0.5217391304347826,0.0,0.0,0.0,0.0,2002,clin,0.8
4,1,lr1e-04_bs32_modL1_fusion32_fusionL1_drop0p2_trmiss80_trlocclin,32,0.0001,1,32,1,0.2,lr1e-04_bs32_modL1_fusion32_fusionL1_drop0p2_trmiss80_trlocclin,10,0.5014896839857101,0.6858510673046112,0.4726166328600405,0.6433937139937687,0.5,0.0,0.0,0.0,0.0,2002,clin,0.8
4,1,lr1e-04_bs32_modL1_fusion32_fusionL1_drop0p2_trmiss80_trlocclin,32,0.0001,1,32,1,0.2,lr1e-04_bs32_modL1_fusion32_fusionL1_drop0p2_trmiss80_trlocclin,11,0.5045672953128815,0.6854426562786102,0.4787018255578093,0.6671650179195397,0.4782608695652174,0.0,0.0,0.0,0.0,2002,clin,0.8
4,1,lr1e-04_bs32_modL1_fusion32_fusionL1_drop0p2_trmiss80_trlocclin,32,0.0001,1,32,1,0.2,lr1e-04_bs32_modL1_fusion32_fusionL1_drop0p2_trmiss80_trlocclin,12,0.47971562544504803,0.6808036267757416,0.48073022312373226,0.6732362441341103,0.5,0.0,0.0,0.0,0.0,2002,clin,0.8
4,1,lr1e-04_bs32_modL1_fusion32_fusionL1_drop0p2_trmiss80_trlocclin,32,0.0001,1,32,1,0.2,lr1e-04_bs32_modL1_fusion32_fusionL1_drop0p2_trmiss80_trlocclin,13,0.45273536443710327,0.6829222738742828,0.48073022312373226,0.6713694955118775,0.5434782608695652,0.0,0.0,0.0,0.0,2002,clin,0.8
4,1,lr1e-04_bs32_modL1_fusion32_fusionL1_drop0p2_trmiss80_trlocclin,32,0.0001,1,32,1,0.2,lr1e-04_bs32_modL1_fusion32_fusionL1_drop0p2_trmiss80_trlocclin,14,0.4681278218825658,0.6848038733005524,0.4766734279918864,0.6751316148313343,0.5434782608695652,0.0,0.0,0.0,0.0,2002,clin,0.8
4,1,lr1e-04_bs32_modL1_fusion32_fusionL1_drop0p2_trmiss80_trlocclin,32,0.0001,1,32,1,0.2,lr1e-04_bs32_modL1_fusion32_fusionL1_drop0p2_trmiss80_trlocclin,15,0.45553206900755566,0.6852248907089233,0.4685598377281948,0.6729074649505173,0.5434782608695652,0.0,0.0,0.0,0.0,2002,clin,0.8
4,1,lr1e-04_bs32_modL1_fusion32_fusionL1_drop0p2_trmiss80_trlocclin,32,0.0001,1,32,1,0.2,lr1e-04_bs32_modL1_fusion32_fusionL1_drop0p2_trmiss80_trlocclin,16,0.4635200748840968,0.6818711161613464,0.48884381338742394,0.6879051643250115,0.5217391304347826,0.0,0.0,0.0,0.0,2002,clin,0.8
4,1,lr1e-04_bs32_modL1_fusion32_fusionL1_drop0p2_trmiss80_trlocclin,32,0.0001,1,32,1,0.2,lr1e-04_bs32_modL1_fusion32_fusionL1_drop0p2_trmiss80_trlocclin,17,0.47845545411109924,0.6788847148418427,0.5010141987829615,0.69905848065724,0.5434782608695652,0.0,0.0,0.0,0.0,2002,clin,0.8
4,1,lr1e-04_bs32_modL1_fusion32_fusionL1_drop0p2_trmiss80_trlocclin,32,0.0001,1,32,1,0.2,lr1e-04_bs32_modL1_fusion32_fusionL1_drop0p2_trmiss80_trlocclin,18,0.44706806043783825,0.6784172356128693,0.5050709939148073,0.6921102436128282,0.5434782608695652,0.0,0.0,0.0,0.0,2002,clin,0.8
4,1,lr1e-04_bs32_modL1_fusion32_fusionL1_drop0p2_trmiss80_trlocclin,32,0.0001,1,32,1,0.2,lr1e-04_bs32_modL1_fusion32_fusionL1_drop0p2_trmiss80_trlocclin,19,0.4324079801638921,0.6840026080608368,0.4888438133874239,0.6823643188246719,0.5652173913043478,0.0,0.0,0.0,0.0,2002,clin,0.8
4,1,lr1e-04_bs32_modL1_fusion32_fusionL1_drop0p2_trmiss80_trlocclin,32,0.0001,1,32,1,0.2,lr1e-04_bs32_modL1_fusion32_fusionL1_drop0p2_trmiss80_trlocclin,20,0.4345586647590001,0.684371292591095,0.48478701825557813,0.6772524759325543,0.5434782608695652,0.0,0.0,0.0,0.0,2002,clin,0.8
4,1,lr1e-04_bs32_modL1_fusion32_fusionL1_drop0p2_trmiss80_trlocclin,32,0.0001,1,32,1,0.2,lr1e-04_bs32_modL1_fusion32_fusionL1_drop0p2_trmiss80_trlocclin,21,0.428848996758461,0.6824128031730652,0.4949290060851927,0.6877533298605346,0.5652173913043478,0.0,0.0,0.0,0.0,2002,clin,0.8
4,1,lr1e-04_bs32_modL1_fusion32_fusionL1_drop0p1_trmiss80_trlocclin,32,0.0001,1,32,1,0.1,lr1e-04_bs32_modL1_fusion32_fusionL1_drop0p1_trmiss80_trlocclin,1,0.7330956161022186,0.6852113902568817,0.5720081135902637,0.6922547057702723,0.5434782608695652,0.0,0.0,0.0,0.0,2002,clin,0.8
4,1,lr1e-04_bs32_modL1_fusion32_fusionL1_drop0p1_trmiss80_trlocclin,32,0.0001,1,32,1,0.1,lr1e-04_bs32_modL1_fusion32_fusionL1_drop0p1_trmiss80_trlocclin,2,0.6754761834939321,0.6726772487163544,0.5780933062880325,0.698026968122537,0.5217391304347826,0.0,0.0,0.0,0.0,2002,clin,0.8
4,1,lr1e-04_bs32_modL1_fusion32_fusionL1_drop0p1_trmiss80_trlocclin,32,0.0001,1,32,1,0.1,lr1e-04_bs32_modL1_fusion32_fusionL1_drop0p1_trmiss80_trlocclin,3,0.6244881749153137,0.6666311919689178,0.588235294117647,0.7061833117425574,0.5434782608695652,0.0,0.0,0.0,0.0,2002,clin,0.8
4,1,lr1e-04_bs32_modL1_fusion32_fusionL1_drop0p1_trmiss80_trlocclin,32,0.0001,1,32,1,0.1,lr1e-04_bs32_modL1_fusion32_fusionL1_drop0p1_trmiss80_trlocclin,4,0.5994969805081686,0.6664493680000305,0.5679513184584178,0.6621577739556297,0.5869565217391305,0.0,0.0,0.0,0.0,2002,clin,0.8
4,1,lr1e-04_bs32_modL1_fusion32_fusionL1_drop0p1_trmiss80_trlocclin,32,0.0001,1,32,1,0.1,lr1e-04_bs32_modL1_fusion32_fusionL1_drop0p1_trmiss80_trlocclin,5,0.571062425772349,0.6658540964126587,0.5801217038539555,0.6866904311798712,0.6086956521739131,0.0,0.0,0.0,0.0,2002,clin,0.8
4,1,lr1e-04_bs32_modL1_fusion32_fusionL1_drop0p1_trmiss80_trlocclin,32,0.0001,1,32,1,0.1,lr1e-04_bs32_modL1_fusion32_fusionL1_drop0p1_trmiss80_trlocclin,6,0.5551746388276418,0.6694597899913788,0.5699797160243407,0.702533709372387,0.5869565217391305,0.0,0.0,0.0,0.0,2002,clin,0.8
4,1,lr1e-04_bs32_modL1_fusion32_fusionL1_drop0p1_trmiss80_trlocclin,32,0.0001,1,32,1,0.1,lr1e-04_bs32_modL1_fusion32_fusionL1_drop0p1_trmiss80_trlocclin,7,0.5426377058029175,0.6679734587669373,0.565922920892495,0.709313419732894,0.5652173913043478,0.0,0.0,0.0,0.0,2002,clin,0.8
4,1,lr1e-04_bs32_modL1_fusion32_fusionL1_drop0p1_trmiss80_trlocclin,32,0.0001,1,32,1,0.1,lr1e-04_bs32_modL1_fusion32_fusionL1_drop0p1_trmiss80_trlocclin,8,0.5058579295873642,0.6653889417648315,0.5780933062880325,0.71709487641098,0.6304347826086957,0.0,0.0,0.0,0.0,2002,clin,0.8
4,1,lr1e-04_bs32_modL1_fusion32_fusionL1_drop0p1_trmiss80_trlocclin,32,0.0001,1,32,1,0.1,lr1e-04_bs32_modL1_fusion32_fusionL1_drop0p1_trmiss80_trlocclin,9,0.5049247145652771,0.6627336740493774,0.588235294117647,0.7277668104758606,0.6304347826086957,0.0,0.0,0.0,0.0,2002,clin,0.8
4,1,lr1e-04_bs32_modL1_fusion32_fusionL1_drop0p1_trmiss80_trlocclin,32,0.0001,1,32,1,0.1,lr1e-04_bs32_modL1_fusion32_fusionL1_drop0p1_trmiss80_trlocclin,10,0.4819376766681671,0.6633925437927246,0.5902636916835701,0.7228190336747415,0.6304347826086957,0.0,0.0,0.0,0.0,2002,clin,0.8
4,1,lr1e-04_bs32_modL1_fusion32_fusionL1_drop0p1_trmiss80_trlocclin,32,0.0001,1,32,1,0.1,lr1e-04_bs32_modL1_fusion32_fusionL1_drop0p1_trmiss80_trlocclin,11,0.4746631284554799,0.6685419678688049,0.5679513184584178,0.7004541768071665,0.6086956521739131,0.0,0.0,0.0,0.0,2002,clin,0.8
4,1,lr1e-04_bs32_modL1_fusion32_fusionL1_drop0p1_trmiss80_trlocclin,32,0.0001,1,32,1,0.1,lr1e-04_bs32_modL1_fusion32_fusionL1_drop0p1_trmiss80_trlocclin,12,0.47220533589522046,0.672071099281311,0.54158215010142,0.6858932310451451,0.6086956521739131,0.0,0.0,0.0,0.0,2002,clin,0.8
4,1,lr1e-04_bs32_modL1_fusion32_fusionL1_drop0p1_trmiss80_trlocclin,32,0.0001,1,32,1,0.1,lr1e-04_bs32_modL1_fusion32_fusionL1_drop0p1_trmiss80_trlocclin,13,0.4569053302208583,0.6688686907291412,0.5334685598377282,0.676487074884425,0.6304347826086957,0.0,0.0,0.0,0.0,2002,clin,0.8
4,1,lr1e-04_bs32_modL1_fusion32_fusionL1_drop0p1_trmiss80_trlocclin,32,0.0001,1,32,1,0.1,lr1e-04_bs32_modL1_fusion32_fusionL1_drop0p1_trmiss80_trlocclin,14,0.4384491840998332,0.6650814712047577,0.5517241379310345,0.6924327989014204,0.6086956521739131,0.0,0.0,0.0,0.0,2002,clin,0.8
4,1,lr1e-04_bs32_modL1_fusion32_fusionL1_drop0p1_trmiss80_trlocclin,32,0.0001,1,32,1,0.1,lr1e-04_bs32_modL1_fusion32_fusionL1_drop0p1_trmiss80_trlocclin,15,0.42486729224522907,0.6613181233406067,0.5578093306288032,0.6976789766965846,0.6086956521739131,0.0,0.0,0.0,0.0,2002,clin,0.8
4,1,lr1e-04_bs32_modL1_fusion32_fusionL1_drop0p1_trmiss80_trlocclin,32,0.0001,1,32,1,0.1,lr1e-04_bs32_modL1_fusion32_fusionL1_drop0p1_trmiss80_trlocclin,16,0.4138990491628647,0.6671382188796997,0.5415821501014199,0.6873882141618451,0.5869565217391305,0.0,0.0,0.0,0.0,2002,clin,0.8
4,1,lr1e-04_bs32_modL1_fusion32_fusionL1_drop0p1_trmiss80_trlocclin,32,0.0001,1,32,1,0.1,lr1e-04_bs32_modL1_fusion32_fusionL1_drop0p1_trmiss80_trlocclin,17,0.41163409252961475,0.6796622574329376,0.5253549695740365,0.6804801387622986,0.5869565217391305,0.0,0.0,0.0,0.0,2002,clin,0.8
4,1,lr1e-04_bs32_modL1_fusion32_fusionL1_drop0p1_trmiss80_trlocclin,32,0.0001,1,32,1,0.1,lr1e-04_bs32_modL1_fusion32_fusionL1_drop0p1_trmiss80_trlocclin,18,0.38896308839321136,0.6757107377052307,0.5152129817444219,0.678635974644335,0.5652173913043478,0.0,0.0,0.0,0.0,2002,clin,0.8
4,1,lr1e-04_bs32_modL1_fusion32_fusionL1_drop0p1_trmiss80_trlocclin,32,0.0001,1,32,1,0.1,lr1e-04_bs32_modL1_fusion32_fusionL1_drop0p1_trmiss80_trlocclin,19,0.38992033898830414,0.6678726375102997,0.5354969574036512,0.6880751971704623,0.6086956521739131,0.0,0.0,0.0,0.0,2002,clin,0.8
4,1,lr1e-04_bs32_modL1_fusion32_fusionL1_drop0p1_trmiss80_trlocclin,32,0.0001,1,32,1,0.1,lr1e-04_bs32_modL1_fusion32_fusionL1_drop0p1_trmiss80_trlocclin,20,0.39395269254843396,0.6733498275279999,0.5314401622718053,0.6786150157092359,0.5652173913043478,0.0,0.0,0.0,0.0,2002,clin,0.8
4,1,lr1e-04_bs32_modL1_fusion32_fusionL1_drop0p1_trmiss80_trlocclin,32,0.0001,1,32,1,0.1,lr1e-04_bs32_modL1_fusion32_fusionL1_drop0p1_trmiss80_trlocclin,21,0.37512841324011487,0.6777873635292053,0.5253549695740365,0.6723089535625789,0.5869565217391305,0.0,0.0,0.0,0.0,2002,clin,0.8
4,1,lr1e-04_bs32_modL1_fusion32_fusionL1_drop0p1_trmiss80_trlocclin,32,0.0001,1,32,1,0.1,lr1e-04_bs32_modL1_fusion32_fusionL1_drop0p1_trmiss80_trlocclin,22,0.36766109863917035,0.6761983036994934,0.5273833671399595,0.6741980216369011,0.6086956521739131,0.0,0.0,0.0,0.0,2002,clin,0.8
4,1,lr1e-04_bs32_modL1_fusion32_fusionL1_drop0p1_trmiss80_trlocclin,32,0.0001,1,32,1,0.1,lr1e-04_bs32_modL1_fusion32_fusionL1_drop0p1_trmiss80_trlocclin,23,0.36191385984420776,0.6759138703346252,0.5294117647058824,0.666231409926109,0.6086956521739131,0.0,0.0,0.0,0.0,2002,clin,0.8
4,1,lr1e-04_bs32_modL1_fusion32_fusionL1_drop0p1_trmiss80_trlocclin,32,0.0001,1,32,1,0.1,lr1e-04_bs32_modL1_fusion32_fusionL1_drop0p1_trmiss80_trlocclin,24,0.3620716432730357,0.6759426295757294,0.5314401622718052,0.6706663981338528,0.6086956521739131,0.0,0.0,0.0,0.0,2002,clin,0.8
4,1,lr1e-04_bs32_modL1_fusion32_fusionL1_drop0p1_trmiss80_trlocclin,32,0.0001,1,32,1,0.1,lr1e-04_bs32_modL1_fusion32_fusionL1_drop0p1_trmiss80_trlocclin,25,0.3508404940366745,0.6786134839057922,0.5233265720081136,0.6600792177768301,0.6086956521739131,0.0,0.0,0.0,0.0,2002,clin,0.8
4,1,lr1e-04_bs32_modL1_fusion32_fusionL1_drop0p1_trmiss80_trlocclin,32,0.0001,1,32,1,0.1,lr1e-04_bs32_modL1_fusion32_fusionL1_drop0p1_trmiss80_trlocclin,26,0.34882356723149616,0.6792165637016296,0.5253549695740366,0.661710520852965,0.6086956521739131,0.0,0.0,0.0,0.0,2002,clin,0.8
4,1,lr1e-04_bs32_modL1_fusion32_fusionL1_drop0p1_trmiss80_trlocclin,32,0.0001,1,32,1,0.1,lr1e-04_bs32_modL1_fusion32_fusionL1_drop0p1_trmiss80_trlocclin,27,0.3521579106648763,0.6785037815570831,0.5233265720081136,0.6586484257125235,0.6086956521739131,0.0,0.0,0.0,0.0,2002,clin,0.8
4,1,lr1e-04_bs32_modL1_fusion32_fusionL1_drop0p1_trmiss80_trlocclin,32,0.0001,1,32,1,0.1,lr1e-04_bs32_modL1_fusion32_fusionL1_drop0p1_trmiss80_trlocclin,28,0.34290941059589386,0.6807102859020233,0.5233265720081135,0.6570025000479668,0.6086956521739131,0.0,0.0,0.0,0.0,2002,clin,0.8
4,1,lr1e-04_bs32_modL1_fusion32_fusionL1_drop0p1_trmiss80_trlocclin,32,0.0001,1,32,1,0.1,lr1e-04_bs32_modL1_fusion32_fusionL1_drop0p1_trmiss80_trlocclin,29,0.3383059153954188,0.6827044486999512,0.5233265720081136,0.6578125117088031,0.6086956521739131,0.0,0.0,0.0,0.0,2002,clin,0.8
4,1,lr1e-04_bs32_modL1_fusion32_fusionL1_drop0p1_trmiss80_trlocclin,32,0.0001,1,32,1,0.1,lr1e-04_bs32_modL1_fusion32_fusionL1_drop0p1_trmiss80_trlocclin,30,0.3399929851293564,0.6841357946395874,0.5253549695740365,0.6665308448499249,0.5869565217391305,0.0,0.0,0.0,0.0,2002,clin,0.8
4,1,lr1e-04_bs32_modL1_fusion64_fusionL1_drop0p2_trmiss80_trlocclin,32,0.0001,1,64,1,0.2,lr1e-04_bs32_modL1_fusion64_fusionL1_drop0p2_trmiss80_trlocclin,1,0.6834989786148071,0.6902394890785217,0.511156186612576,0.6647521729524436,0.5652173913043478,0.0,0.0,0.0,0.0,2002,clin,0.8
4,1,lr1e-04_bs32_modL1_fusion64_fusionL1_drop0p2_trmiss80_trlocclin,32,0.0001,1,64,1,0.2,lr1e-04_bs32_modL1_fusion64_fusionL1_drop0p2_trmiss80_trlocclin,2,0.6503628492355347,0.6893143653869629,0.5294117647058824,0.6687465992974643,0.5217391304347826,0.0,0.0,0.0,0.0,2002,clin,0.8
4,1,lr1e-04_bs32_modL1_fusion64_fusionL1_drop0p2_trmiss80_trlocclin,32,0.0001,1,64,1,0.2,lr1e-04_bs32_modL1_fusion64_fusionL1_drop0p2_trmiss80_trlocclin,3,0.6454340020815531,0.6814253330230713,0.5638945233265721,0.7224249618912842,0.5217391304347826,0.0,0.0,0.0,0.0,2002,clin,0.8
4,1,lr1e-04_bs32_modL1_fusion64_fusionL1_drop0p2_trmiss80_trlocclin,32,0.0001,1,64,1,0.2,lr1e-04_bs32_modL1_fusion64_fusionL1_drop0p2_trmiss80_trlocclin,4,0.6251056293646494,0.6735264360904694,0.5699797160243407,0.7402208802309601,0.5217391304347826,0.0,0.0,0.0,0.0,2002,clin,0.8
4,1,lr1e-04_bs32_modL1_fusion64_fusionL1_drop0p2_trmiss80_trlocclin,32,0.0001,1,64,1,0.2,lr1e-04_bs32_modL1_fusion64_fusionL1_drop0p2_trmiss80_trlocclin,5,0.6103162666161855,0.6678752899169922,0.5699797160243407,0.7413117974650815,0.5434782608695652,0.0,0.0,0.0,0.0,2002,clin,0.8
4,1,lr1e-04_bs32_modL1_fusion64_fusionL1_drop0p2_trmiss80_trlocclin,32,0.0001,1,64,1,0.2,lr1e-04_bs32_modL1_fusion64_fusionL1_drop0p2_trmiss80_trlocclin,6,0.5830290019512177,0.6684718132019043,0.5720081135902636,0.7460926884224194,0.5869565217391305,0.0,0.0,0.0,0.0,2002,clin,0.8
4,1,lr1e-04_bs32_modL1_fusion64_fusionL1_drop0p2_trmiss80_trlocclin,32,0.0001,1,64,1,0.2,lr1e-04_bs32_modL1_fusion64_fusionL1_drop0p2_trmiss80_trlocclin,7,0.5801870922247568,0.6743175983428955,0.5578093306288032,0.7395968012597841,0.5869565217391305,0.0,0.0,0.0,0.0,2002,clin,0.8
4,1,lr1e-04_bs32_modL1_fusion64_fusionL1_drop0p2_trmiss80_trlocclin,32,0.0001,1,64,1,0.2,lr1e-04_bs32_modL1_fusion64_fusionL1_drop0p2_trmiss80_trlocclin,8,0.5585914452870687,0.6751242280006409,0.5496957403651115,0.7247866401997766,0.5869565217391305,0.0,0.0,0.0,0.0,2002,clin,0.8
4,1,lr1e-04_bs32_modL1_fusion64_fusionL1_drop0p2_trmiss80_trlocclin,32,0.0001,1,64,1,0.2,lr1e-04_bs32_modL1_fusion64_fusionL1_drop0p2_trmiss80_trlocclin,9,0.539361814657847,0.6646481454372406,0.5780933062880325,0.7622120621706747,0.5652173913043478,0.0,0.0,0.0,0.0,2002,clin,0.8
4,1,lr1e-04_bs32_modL1_fusion64_fusionL1_drop0p2_trmiss80_trlocclin,32,0.0001,1,64,1,0.2,lr1e-04_bs32_modL1_fusion64_fusionL1_drop0p2_trmiss80_trlocclin,10,0.5389677385489146,0.6615612506866455,0.5963488843813387,0.7735012349337343,0.5652173913043478,0.0,0.0,0.0,0.0,2002,clin,0.8
4,1,lr1e-04_bs32_modL1_fusion64_fusionL1_drop0p2_trmiss80_trlocclin,32,0.0001,1,64,1,0.2,lr1e-04_bs32_modL1_fusion64_fusionL1_drop0p2_trmiss80_trlocclin,11,0.5351357658704122,0.6658985018730164,0.5720081135902637,0.7524846733545594,0.5434782608695652,0.0,0.0,0.0,0.0,2002,clin,0.8
4,1,lr1e-04_bs32_modL1_fusion64_fusionL1_drop0p2_trmiss80_trlocclin,32,0.0001,1,64,1,0.2,lr1e-04_bs32_modL1_fusion64_fusionL1_drop0p2_trmiss80_trlocclin,12,0.5054160008827845,0.671250730752945,0.5598377281947262,0.7393820878114914,0.5434782608695652,0.0,0.0,0.0,0.0,2002,clin,0.8
4,1,lr1e-04_bs32_modL1_fusion64_fusionL1_drop0p2_trmiss80_trlocclin,32,0.0001,1,64,1,0.2,lr1e-04_bs32_modL1_fusion64_fusionL1_drop0p2_trmiss80_trlocclin,13,0.5158027062813441,0.6697657704353333,0.5496957403651116,0.7385621780244223,0.5652173913043478,0.0,0.0,0.0,0.0,2002,clin,0.8
4,1,lr1e-04_bs32_modL1_fusion64_fusionL1_drop0p2_trmiss80_trlocclin,32,0.0001,1,64,1,0.2,lr1e-04_bs32_modL1_fusion64_fusionL1_drop0p2_trmiss80_trlocclin,14,0.500471239288648,0.6662860214710236,0.5578093306288032,0.7451167824651732,0.5434782608695652,0.0,0.0,0.0,0.0,2002,clin,0.8
4,1,lr1e-04_bs32_modL1_fusion64_fusionL1_drop0p2_trmiss80_trlocclin,32,0.0001,1,64,1,0.2,lr1e-04_bs32_modL1_fusion64_fusionL1_drop0p2_trmiss80_trlocclin,15,0.4753149102131526,0.6740453541278839,0.5192697768762677,0.7204191923064944,0.5652173913043478,0.0,0.0,0.0,0.0,2002,clin,0.8
4,1,lr1e-04_bs32_modL1_fusion64_fusionL1_drop0p2_trmiss80_trlocclin,32,0.0001,1,64,1,0.2,lr1e-04_bs32_modL1_fusion64_fusionL1_drop0p2_trmiss80_trlocclin,16,0.4710845698912938,0.6686514616012573,0.5233265720081136,0.70565564148256,0.5869565217391305,0.0,0.0,0.0,0.0,2002,clin,0.8
4,1,lr1e-04_bs32_modL1_fusion64_fusionL1_drop0p2_trmiss80_trlocclin,32,0.0001,1,64,1,0.2,lr1e-04_bs32_modL1_fusion64_fusionL1_drop0p2_trmiss80_trlocclin,17,0.46077461540699005,0.6677823960781097,0.5354969574036511,0.7100126690812757,0.5652173913043478,0.0,0.0,0.0,0.0,2002,clin,0.8
4,1,lr1e-04_bs32_modL1_fusion64_fusionL1_drop0p2_trmiss80_trlocclin,32,0.0001,1,64,1,0.2,lr1e-04_bs32_modL1_fusion64_fusionL1_drop0p2_trmiss80_trlocclin,18,0.4454677999019623,0.6687401831150055,0.539553752535497,0.7060970020506406,0.5869565217391305,0.0,0.0,0.0,0.0,2002,clin,0.8
4,1,lr1e-04_bs32_modL1_fusion64_fusionL1_drop0p2_trmiss80_trlocclin,32,0.0001,1,64,1,0.2,lr1e-04_bs32_modL1_fusion64_fusionL1_drop0p2_trmiss80_trlocclin,19,0.4403427988290787,0.678472638130188,0.5091277890466531,0.691251964130767,0.5869565217391305,0.0,0.0,0.0,0.0,2002,clin,0.8
4,1,lr1e-04_bs32_modL1_fusion64_fusionL1_drop0p2_trmiss80_trlocclin,32,0.0001,1,64,1,0.2,lr1e-04_bs32_modL1_fusion64_fusionL1_drop0p2_trmiss80_trlocclin,20,0.43592039744059247,0.6816537976264954,0.5111561866125761,0.6939869587965309,0.5869565217391305,0.0,0.0,0.0,0.0,2002,clin,0.8
4,1,lr1e-04_bs32_modL1_fusion64_fusionL1_drop0p2_trmiss80_trlocclin,32,0.0001,1,64,1,0.2,lr1e-04_bs32_modL1_fusion64_fusionL1_drop0p2_trmiss80_trlocclin,21,0.4400720993677775,0.6753322184085846,0.5294117647058824,0.7030282285724943,0.5652173913043478,0.0,0.0,0.0,0.0,2002,clin,0.8
4,1,lr1e-04_bs32_modL1_fusion64_fusionL1_drop0p2_trmiss80_trlocclin,32,0.0001,1,64,1,0.2,lr1e-04_bs32_modL1_fusion64_fusionL1_drop0p2_trmiss80_trlocclin,22,0.42695121467113495,0.6739180982112885,0.5415821501014199,0.7228521840968617,0.5434782608695652,0.0,0.0,0.0,0.0,2002,clin,0.8
4,1,lr1e-04_bs32_modL1_fusion64_fusionL1_drop0p2_trmiss80_trlocclin,32,0.0001,1,64,1,0.2,lr1e-04_bs32_modL1_fusion64_fusionL1_drop0p2_trmiss80_trlocclin,23,0.41671696305274963,0.6745819449424744,0.5415821501014199,0.7228521840968617,0.5652173913043478,0.0,0.0,0.0,0.0,2002,clin,0.8
4,1,lr1e-04_bs32_modL1_fusion64_fusionL1_drop0p2_trmiss80_trlocclin,32,0.0001,1,64,1,0.2,lr1e-04_bs32_modL1_fusion64_fusionL1_drop0p2_trmiss80_trlocclin,24,0.4235229392846425,0.6757988929748535,0.5354969574036511,0.717249459959655,0.5434782608695652,0.0,0.0,0.0,0.0,2002,clin,0.8
4,1,lr1e-04_bs32_modL1_fusion64_fusionL1_drop0p2_trmiss80_trlocclin,32,0.0001,1,64,1,0.2,lr1e-04_bs32_modL1_fusion64_fusionL1_drop0p2_trmiss80_trlocclin,25,0.4032521992921829,0.6734647452831268,0.537525354969574,0.7104475102266706,0.5652173913043478,0.0,0.0,0.0,0.0,2002,clin,0.8
4,1,lr1e-04_bs32_modL1_fusion64_fusionL1_drop0p2_trmiss80_trlocclin,32,0.0001,1,64,1,0.2,lr1e-04_bs32_modL1_fusion64_fusionL1_drop0p2_trmiss80_trlocclin,26,0.40506378809611004,0.6729572117328644,0.5334685598377282,0.705672084502969,0.5869565217391305,0.0,0.0,0.0,0.0,2002,clin,0.8
4,1,lr1e-04_bs32_modL1_fusion64_fusionL1_drop0p2_trmiss80_trlocclin,32,0.0001,1,64,1,0.2,lr1e-04_bs32_modL1_fusion64_fusionL1_drop0p2_trmiss80_trlocclin,27,0.4212573419014613,0.6703294217586517,0.54158215010142,0.7159577295216507,0.5652173913043478,0.0,0.0,0.0,0.0,2002,clin,0.8
4,1,lr1e-04_bs32_modL1_fusion64_fusionL1_drop0p2_trmiss80_trlocclin,32,0.0001,1,64,1,0.2,lr1e-04_bs32_modL1_fusion64_fusionL1_drop0p2_trmiss80_trlocclin,28,0.3938329964876175,0.6685002148151398,0.5476673427991887,0.7154677671295749,0.5652173913043478,0.0,0.0,0.0,0.0,2002,clin,0.8
4,1,lr1e-04_bs32_modL1_fusion64_fusionL1_drop0p2_trmiss80_trlocclin,32,0.0001,1,64,1,0.2,lr1e-04_bs32_modL1_fusion64_fusionL1_drop0p2_trmiss80_trlocclin,29,0.4090823332468669,0.6685318946838379,0.5476673427991886,0.725157369869204,0.5652173913043478,0.0,0.0,0.0,0.0,2002,clin,0.8
4,1,lr1e-04_bs32_modL1_fusion64_fusionL1_drop0p2_trmiss80_trlocclin,32,0.0001,1,64,1,0.2,lr1e-04_bs32_modL1_fusion64_fusionL1_drop0p2_trmiss80_trlocclin,30,0.3966652850310008,0.670194536447525,0.5415821501014199,0.7179409723384048,0.5652173913043478,0.0,0.0,0.0,0.0,2002,clin,0.8
4,1,lr1e-04_bs32_modL1_fusion64_fusionL1_drop0p1_trmiss80_trlocclin,32,0.0001,1,64,1,0.1,lr1e-04_bs32_modL1_fusion64_fusionL1_drop0p1_trmiss80_trlocclin,1,0.722905566294988,0.7122789919376373,0.44624746450304253,0.6185056822512489,0.41304347826086957,0.0,0.0,0.0,0.0,2002,clin,0.8
4,1,lr1e-04_bs32_modL1_fusion64_fusionL1_drop0p1_trmiss80_trlocclin,32,0.0001,1,64,1,0.1,lr1e-04_bs32_modL1_fusion64_fusionL1_drop0p1_trmiss80_trlocclin,2,0.6719115376472473,0.7187854945659637,0.3772819472616633,0.5987987509526952,0.391304347826087,0.0,0.0,0.0,0.0,2002,clin,0.8
4,1,lr1e-04_bs32_modL1_fusion64_fusionL1_drop0p1_trmiss80_trlocclin,32,0.0001,1,64,1,0.1,lr1e-04_bs32_modL1_fusion64_fusionL1_drop0p1_trmiss80_trlocclin,3,0.6378295123577118,0.7289098501205444,0.3488843813387424,0.5879393442520461,0.391304347826087,0.0,0.0,0.0,0.0,2002,clin,0.8
4,1,lr1e-04_bs32_modL1_fusion64_fusionL1_drop0p1_trmiss80_trlocclin,32,0.0001,1,64,1,0.1,lr1e-04_bs32_modL1_fusion64_fusionL1_drop0p1_trmiss80_trlocclin,4,0.6197832723458608,0.7357699871063232,0.32048681541582147,0.5983592045465826,0.41304347826086957,0.0,0.0,0.0,0.0,2002,clin,0.8
4,1,lr1e-04_bs32_modL1_fusion64_fusionL1_drop0p1_trmiss80_trlocclin,32,0.0001,1,64,1,0.1,lr1e-04_bs32_modL1_fusion64_fusionL1_drop0p1_trmiss80_trlocclin,5,0.6012732187906901,0.7378741204738617,0.3265720081135903,0.6048288243166818,0.3695652173913043,0.0,0.0,0.0,0.0,2002,clin,0.8
4,1,lr1e-04_bs32_modL1_fusion64_fusionL1_drop0p1_trmiss80_trlocclin,32,0.0001,1,64,1,0.1,lr1e-04_bs32_modL1_fusion64_fusionL1_drop0p1_trmiss80_trlocclin,6,0.5761770208676656,0.73621866106987,0.33468559837728196,0.59894693067002,0.3695652173913043,0.0,0.0,0.0,0.0,2002,clin,0.8
4,1,lr1e-04_bs32_modL1_fusion64_fusionL1_drop0p1_trmiss80_trlocclin,32,0.0001,1,64,1,0.1,lr1e-04_bs32_modL1_fusion64_fusionL1_drop0p1_trmiss80_trlocclin,7,0.5689968367417654,0.7381859421730042,0.33671399594320484,0.6054649705047568,0.391304347826087,0.0,0.0,0.0,0.0,2002,clin,0.8
4,1,lr1e-04_bs32_modL1_fusion64_fusionL1_drop0p1_trmiss80_trlocclin,32,0.0001,1,64,1,0.1,lr1e-04_bs32_modL1_fusion64_fusionL1_drop0p1_trmiss80_trlocclin,8,0.5355862081050873,0.7404296696186066,0.3306288032454361,0.6028900096720827,0.391304347826087,0.0,0.0,0.0,0.0,2002,clin,0.8
4,1,lr1e-04_bs32_modL1_fusion64_fusionL1_drop0p1_trmiss80_trlocclin,32,0.0001,1,64,1,0.1,lr1e-04_bs32_modL1_fusion64_fusionL1_drop0p1_trmiss80_trlocclin,9,0.5258407990137736,0.7412470579147339,0.3306288032454361,0.6056468126347235,0.391304347826087,0.0,0.0,0.0,0.0,2002,clin,0.8
4,1,lr1e-04_bs32_modL1_fusion64_fusionL1_drop0p1_trmiss80_trlocclin,32,0.0001,1,64,1,0.1,lr1e-04_bs32_modL1_fusion64_fusionL1_drop0p1_trmiss80_trlocclin,10,0.5265414168437322,0.7398835122585297,0.3407707910750507,0.609543832439213,0.391304347826087,0.0,0.0,0.0,0.0,2002,clin,0.8
4,1,lr1e-04_bs32_modL1_fusion64_fusionL1_drop0p1_trmiss80_trlocclin,32,0.0001,1,64,1,0.1,lr1e-04_bs32_modL1_fusion64_fusionL1_drop0p1_trmiss80_trlocclin,11,0.5153112560510635,0.7386135160923004,0.3448275862068966,0.6046482626719931,0.43478260869565216,0.0,0.0,0.0,0.0,2002,clin,0.8
4,1,lr1e-04_bs32_modL1_fusion64_fusionL1_drop0p1_trmiss80_trlocclin,32,0.0001,1,64,1,0.1,lr1e-04_bs32_modL1_fusion64_fusionL1_drop0p1_trmiss80_trlocclin,12,0.5224676430225372,0.7414319217205048,0.3306288032454361,0.5963078883800573,0.391304347826087,0.0,0.0,0.0,0.0,2002,clin,0.8
4,1,lr1e-04_bs32_modL1_fusion64_fusionL1_drop0p1_trmiss80_trlocclin,32,0.0001,1,64,1,0.1,lr1e-04_bs32_modL1_fusion64_fusionL1_drop0p1_trmiss80_trlocclin,13,0.5133767525355021,0.7461695671081543,0.3184584178498986,0.5931400639445752,0.391304347826087,0.0,0.0,0.0,0.0,2002,clin,0.8
4,1,lr1e-04_bs32_modL1_fusion64_fusionL1_drop0p1_trmiss80_trlocclin,32,0.0001,1,64,1,0.1,lr1e-04_bs32_modL1_fusion64_fusionL1_drop0p1_trmiss80_trlocclin,14,0.48990920186042786,0.748367428779602,0.3144016227180527,0.5928348442044722,0.391304347826087,0.0,0.0,0.0,0.0,2002,clin,0.8
4,1,lr1e-04_bs32_modL1_fusion64_fusionL1_drop0p1_trmiss80_trlocclin,32,0.0001,1,64,1,0.1,lr1e-04_bs32_modL1_fusion64_fusionL1_drop0p1_trmiss80_trlocclin,15,0.4994240055481593,0.7484739422798157,0.30831643002028397,0.5897051833615627,0.391304347826087,0.0,0.0,0.0,0.0,2002,clin,0.8
4,1,lr1e-04_bs32_modL1_fusion64_fusionL1_drop0p1_trmiss80_trlocclin,32,0.0001,1,64,1,0.1,lr1e-04_bs32_modL1_fusion64_fusionL1_drop0p1_trmiss80_trlocclin,16,0.4874456723531087,0.7472297251224518,0.3144016227180528,0.5955334411726093,0.3695652173913043,0.0,0.0,0.0,0.0,2002,clin,0.8
4,1,lr1e-04_bs32_modL1_fusion64_fusionL1_drop0p1_trmiss80_trlocclin,32,0.0001,1,64,1,0.1,lr1e-04_bs32_modL1_fusion64_fusionL1_drop0p1_trmiss80_trlocclin,17,0.4753769189119339,0.7449943721294403,0.3306288032454361,0.6030278365675303,0.391304347826087,0.0,0.0,0.0,0.0,2002,clin,0.8
4,1,lr1e-04_bs32_modL1_fusion64_fusionL1_drop0p1_trmiss80_trlocclin,32,0.0001,1,64,1,0.1,lr1e-04_bs32_modL1_fusion64_fusionL1_drop0p1_trmiss80_trlocclin,18,0.46702054142951965,0.7472813129425049,0.3306288032454361,0.6028224245424137,0.3695652173913043,0.0,0.0,0.0,0.0,2002,clin,0.8
4,1,lr1e-04_bs32_modL1_fusion64_fusionL1_drop0p1_trmiss80_trlocclin,32,0.0001,1,64,1,0.1,lr1e-04_bs32_modL1_fusion64_fusionL1_drop0p1_trmiss80_trlocclin,19,0.46826404829819995,0.7479885816574097,0.332657200811359,0.6011352763137867,0.3695652173913043,0.0,0.0,0.0,0.0,2002,clin,0.8
4,1,lr1e-04_bs32_modL1_fusion64_fusionL1_drop0p1_trmiss80_trlocclin,32,0.0001,1,64,1,0.1,lr1e-04_bs32_modL1_fusion64_fusionL1_drop0p1_trmiss80_trlocclin,20,0.4789720376332601,0.7455587387084961,0.3407707910750507,0.6052945943296845,0.3695652173913043,0.0,0.0,0.0,0.0,2002,clin,0.8
4,1,lr1e-04_bs32_modL1_fusion64_fusionL1_drop0p1_trmiss80_trlocclin,32,0.0001,1,64,1,0.1,lr1e-04_bs32_modL1_fusion64_fusionL1_drop0p1_trmiss80_trlocclin,21,0.47220519185066223,0.7446540594100952,0.3367139959432049,0.6028991002841545,0.391304347826087,0.0,0.0,0.0,0.0,2002,clin,0.8
4,2,lr5e-05_bs16_modL1_fusion32_fusionL1_drop0p2_trmiss80_trlocclin,16,5e-05,1,32,1,0.2,lr5e-05_bs16_modL1_fusion32_fusionL1_drop0p2_trmiss80_trlocclin,1,0.7188282211621603,0.7160045305887858,0.35504201680672265,0.5449821121531574,0.4666666666666667,0.0,0.0,0.0,0.0,2002,clin,0.8
4,2,lr5e-05_bs16_modL1_fusion32_fusionL1_drop0p2_trmiss80_trlocclin,16,5e-05,1,32,1,0.2,lr5e-05_bs16_modL1_fusion32_fusionL1_drop0p2_trmiss80_trlocclin,2,0.7141811201969782,0.732842763264974,0.40126050420168063,0.5732192841431106,0.4222222222222222,0.0,0.0,0.0,0.0,2002,clin,0.8
4,2,lr5e-05_bs16_modL1_fusion32_fusionL1_drop0p2_trmiss80_trlocclin,16,5e-05,1,32,1,0.2,lr5e-05_bs16_modL1_fusion32_fusionL1_drop0p2_trmiss80_trlocclin,3,0.6936875333388647,0.7463763356208801,0.3970588235294118,0.5867835327650306,0.37777777777777777,0.0,0.0,0.0,0.0,2002,clin,0.8
4,2,lr5e-05_bs16_modL1_fusion32_fusionL1_drop0p2_trmiss80_trlocclin,16,5e-05,1,32,1,0.2,lr5e-05_bs16_modL1_fusion32_fusionL1_drop0p2_trmiss80_trlocclin,4,0.6788846204678217,0.7421508232752482,0.4180672268907563,0.5976021895178111,0.4666666666666667,0.0,0.0,0.0,0.0,2002,clin,0.8
4,2,lr5e-05_bs16_modL1_fusion32_fusionL1_drop0p2_trmiss80_trlocclin,16,5e-05,1,32,1,0.2,lr5e-05_bs16_modL1_fusion32_fusionL1_drop0p2_trmiss80_trlocclin,5,0.6340927282969157,0.7359971205393473,0.4369747899159664,0.5850479990794604,0.4666666666666667,0.0,0.0,0.0,0.0,2002,clin,0.8
4,2,lr5e-05_bs16_modL1_fusion32_fusionL1_drop0p2_trmiss80_trlocclin,16,5e-05,1,32,1,0.2,lr5e-05_bs16_modL1_fusion32_fusionL1_drop0p2_trmiss80_trlocclin,6,0.6293001423279444,0.735849658648173,0.42857142857142855,0.5817002312814747,0.4666666666666667,0.0,0.0,0.0,0.0,2002,clin,0.8
4,2,lr5e-05_bs16_modL1_fusion32_fusionL1_drop0p2_trmiss80_trlocclin,16,5e-05,1,32,1,0.2,lr5e-05_bs16_modL1_fusion32_fusionL1_drop0p2_trmiss80_trlocclin,7,0.6375392725070318,0.7435644666353861,0.4201680672268907,0.583273384247799,0.4888888888888889,0.0,0.0,0.0,0.0,2002,clin,0.8
4,2,lr5e-05_bs16_modL1_fusion32_fusionL1_drop0p2_trmiss80_trlocclin,16,5e-05,1,32,1,0.2,lr5e-05_bs16_modL1_fusion32_fusionL1_drop0p2_trmiss80_trlocclin,8,0.6293275107940038,0.7425534327824911,0.42857142857142855,0.5856521128697637,0.4888888888888889,0.0,0.0,0.0,0.0,2002,clin,0.8
4,2,lr5e-05_bs16_modL1_fusion32_fusionL1_drop0p2_trmiss80_trlocclin,16,5e-05,1,32,1,0.2,lr5e-05_bs16_modL1_fusion32_fusionL1_drop0p2_trmiss80_trlocclin,9,0.6052733510732651,0.7334487239519755,0.4621848739495798,0.6131534498097266,0.5111111111111111,0.0,0.0,0.0,0.0,2002,clin,0.8
4,2,lr5e-05_bs16_modL1_fusion32_fusionL1_drop0p2_trmiss80_trlocclin,16,5e-05,1,32,1,0.2,lr5e-05_bs16_modL1_fusion32_fusionL1_drop0p2_trmiss80_trlocclin,10,0.5993696302175522,0.7343822916348776,0.45378151260504196,0.604638214372384,0.4888888888888889,0.0,0.0,0.0,0.0,2002,clin,0.8
4,2,lr5e-05_bs16_modL1_fusion32_fusionL1_drop0p2_trmiss80_trlocclin,16,5e-05,1,32,1,0.2,lr5e-05_bs16_modL1_fusion32_fusionL1_drop0p2_trmiss80_trlocclin,11,0.6126591314872106,0.7310798168182373,0.4453781512605042,0.6073729156892791,0.4666666666666667,0.0,0.0,0.0,0.0,2002,clin,0.8
4,2,lr5e-05_bs16_modL1_fusion32_fusionL1_drop0p2_trmiss80_trlocclin,16,5e-05,1,32,1,0.2,lr5e-05_bs16_modL1_fusion32_fusionL1_drop0p2_trmiss80_trlocclin,12,0.5966799457867941,0.731251577536265,0.45378151260504196,0.6110164682924633,0.4666666666666667,0.0,0.0,0.0,0.0,2002,clin,0.8
4,2,lr5e-05_bs16_modL1_fusion32_fusionL1_drop0p2_trmiss80_trlocclin,16,5e-05,1,32,1,0.2,lr5e-05_bs16_modL1_fusion32_fusionL1_drop0p2_trmiss80_trlocclin,13,0.5896834085385004,0.7356364925702413,0.4432773109243698,0.6051937316546745,0.5111111111111111,0.0,0.0,0.0,0.0,2002,clin,0.8
4,2,lr5e-05_bs16_modL1_fusion32_fusionL1_drop0p2_trmiss80_trlocclin,16,5e-05,1,32,1,0.2,lr5e-05_bs16_modL1_fusion32_fusionL1_drop0p2_trmiss80_trlocclin,14,0.5893666843573252,0.7288353045781454,0.4621848739495798,0.6102799272073662,0.4666666666666667,0.0,0.0,0.0,0.0,2002,clin,0.8
4,2,lr5e-05_bs16_modL1_fusion32_fusionL1_drop0p2_trmiss80_trlocclin,16,5e-05,1,32,1,0.2,lr5e-05_bs16_modL1_fusion32_fusionL1_drop0p2_trmiss80_trlocclin,15,0.5922589798768362,0.735007087389628,0.4642857142857142,0.6131731135668678,0.4666666666666667,0.0,0.0,0.0,0.0,2002,clin,0.8
4,2,lr5e-05_bs16_modL1_fusion32_fusionL1_drop0p2_trmiss80_trlocclin,16,5e-05,1,32,1,0.2,lr5e-05_bs16_modL1_fusion32_fusionL1_drop0p2_trmiss80_trlocclin,16,0.5944681440790495,0.7400883038838705,0.4579831932773109,0.6123535861344372,0.4666666666666667,0.0,0.0,0.0,0.0,2002,clin,0.8
4,2,lr5e-05_bs16_modL1_fusion32_fusionL1_drop0p2_trmiss80_trlocclin,16,5e-05,1,32,1,0.2,lr5e-05_bs16_modL1_fusion32_fusionL1_drop0p2_trmiss80_trlocclin,17,0.5631261219580969,0.7320201595624288,0.4516806722689075,0.6005750230345559,0.4666666666666667,0.0,0.0,0.0,0.0,2002,clin,0.8
4,2,lr5e-05_bs16_modL1_fusion32_fusionL1_drop0p2_trmiss80_trlocclin,16,5e-05,1,32,1,0.2,lr5e-05_bs16_modL1_fusion32_fusionL1_drop0p2_trmiss80_trlocclin,18,0.5913229435682297,0.7390219966570536,0.4453781512605042,0.599636134082046,0.4888888888888889,0.0,0.0,0.0,0.0,2002,clin,0.8
4,2,lr5e-05_bs16_modL1_fusion32_fusionL1_drop0p2_trmiss80_trlocclin,16,5e-05,1,32,1,0.2,lr5e-05_bs16_modL1_fusion32_fusionL1_drop0p2_trmiss80_trlocclin,19,0.5720394998788834,0.7421008745829264,0.44957983193277307,0.6053875907230636,0.4444444444444444,0.0,0.0,0.0,0.0,2002,clin,0.8
4,2,lr5e-05_bs16_modL1_fusion32_fusionL1_drop0p2_trmiss80_trlocclin,16,5e-05,1,32,1,0.2,lr5e-05_bs16_modL1_fusion32_fusionL1_drop0p2_trmiss80_trlocclin,20,0.5703109999497732,0.734523077805837,0.46008403361344535,0.6143199546739035,0.4666666666666667,0.0,0.0,0.0,0.0,2002,clin,0.8
4,2,lr5e-05_bs16_modL1_fusion32_fusionL1_drop0p2_trmiss80_trlocclin,16,5e-05,1,32,1,0.2,lr5e-05_bs16_modL1_fusion32_fusionL1_drop0p2_trmiss80_trlocclin,21,0.5658983215689659,0.7383959690729777,0.4474789915966386,0.6092772536456489,0.4666666666666667,0.0,0.0,0.0,0.0,2002,clin,0.8
4,2,lr5e-05_bs16_modL1_fusion32_fusionL1_drop0p2_trmiss80_trlocclin,16,5e-05,1,32,1,0.2,lr5e-05_bs16_modL1_fusion32_fusionL1_drop0p2_trmiss80_trlocclin,22,0.5661147311329842,0.7310288151105245,0.43697478991596633,0.6048807206296192,0.4666666666666667,0.0,0.0,0.0,0.0,2002,clin,0.8
4,2,lr5e-05_bs16_modL1_fusion32_fusionL1_drop0p2_trmiss80_trlocclin,16,5e-05,1,32,1,0.2,lr5e-05_bs16_modL1_fusion32_fusionL1_drop0p2_trmiss80_trlocclin,23,0.5887012481689453,0.735750695069631,0.44537815126050423,0.6071885536551632,0.4888888888888889,0.0,0.0,0.0,0.0,2002,clin,0.8
4,2,lr5e-05_bs16_modL1_fusion32_fusionL1_drop0p2_trmiss80_trlocclin,16,5e-05,1,32,1,0.2,lr5e-05_bs16_modL1_fusion32_fusionL1_drop0p2_trmiss80_trlocclin,24,0.5702813367048899,0.7372457186381022,0.4369747899159664,0.6044144982496971,0.4888888888888889,0.0,0.0,0.0,0.0,2002,clin,0.8
4,2,lr5e-05_bs16_modL1_fusion32_fusionL1_drop0p2_trmiss80_trlocclin,16,5e-05,1,32,1,0.2,lr5e-05_bs16_modL1_fusion32_fusionL1_drop0p2_trmiss80_trlocclin,25,0.5589798241853714,0.7354594667752584,0.45168067226890757,0.6137368915426785,0.4888888888888889,0.0,0.0,0.0,0.0,2002,clin,0.8
4,2,lr5e-05_bs16_modL1_fusion32_fusionL1_drop0p2_trmiss80_trlocclin,16,5e-05,1,32,1,0.2,lr5e-05_bs16_modL1_fusion32_fusionL1_drop0p2_trmiss80_trlocclin,26,0.5635773614048958,0.7323567469914755,0.44537815126050423,0.6072299338436021,0.4888888888888889,0.0,0.0,0.0,0.0,2002,clin,0.8
4,2,lr5e-05_bs16_modL1_fusion32_fusionL1_drop0p2_trmiss80_trlocclin,16,5e-05,1,32,1,0.2,lr5e-05_bs16_modL1_fusion32_fusionL1_drop0p2_trmiss80_trlocclin,27,0.5543625925978025,0.736937940120697,0.44537815126050423,0.6093011337495812,0.4888888888888889,0.0,0.0,0.0,0.0,2002,clin,0.8
4,2,lr5e-05_bs16_modL1_fusion32_fusionL1_drop0p2_trmiss80_trlocclin,16,5e-05,1,32,1,0.2,lr5e-05_bs16_modL1_fusion32_fusionL1_drop0p2_trmiss80_trlocclin,28,0.5487881203492483,0.7337646087010702,0.4516806722689075,0.6132840622896479,0.4888888888888889,0.0,0.0,0.0,0.0,2002,clin,0.8
4,2,lr5e-05_bs16_modL1_fusion32_fusionL1_drop0p2_trmiss80_trlocclin,16,5e-05,1,32,1,0.2,lr5e-05_bs16_modL1_fusion32_fusionL1_drop0p2_trmiss80_trlocclin,29,0.5609595701098442,0.735011359055837,0.4579831932773109,0.613296079999034,0.4888888888888889,0.0,0.0,0.0,0.0,2002,clin,0.8
4,2,lr5e-05_bs16_modL1_fusion32_fusionL1_drop0p2_trmiss80_trlocclin,16,5e-05,1,32,1,0.2,lr5e-05_bs16_modL1_fusion32_fusionL1_drop0p2_trmiss80_trlocclin,30,0.5755048443873724,0.7350815137227377,0.4642857142857143,0.6177785662933869,0.4888888888888889,0.0,0.0,0.0,0.0,2002,clin,0.8
4,2,lr5e-05_bs16_modL1_fusion32_fusionL1_drop0p2_trmiss80_trlocclin,16,5e-05,1,32,1,0.2,lr5e-05_bs16_modL1_fusion32_fusionL1_drop0p2_trmiss80_trlocclin,31,0.5474176357189814,0.7326223254203796,0.4474789915966386,0.6108744849291663,0.4888888888888889,0.0,0.0,0.0,0.0,2002,clin,0.8
4,2,lr5e-05_bs16_modL1_fusion32_fusionL1_drop0p2_trmiss80_trlocclin,16,5e-05,1,32,1,0.2,lr5e-05_bs16_modL1_fusion32_fusionL1_drop0p2_trmiss80_trlocclin,32,0.5526358683904012,0.7380543152491251,0.45588235294117646,0.6154614323944,0.4888888888888889,0.0,0.0,0.0,0.0,2002,clin,0.8
4,2,lr5e-05_bs16_modL1_fusion32_fusionL1_drop0p2_trmiss80_trlocclin,16,5e-05,1,32,1,0.2,lr5e-05_bs16_modL1_fusion32_fusionL1_drop0p2_trmiss80_trlocclin,33,0.5608353341619173,0.7332600752512614,0.4684873949579832,0.619871566221924,0.4666666666666667,0.0,0.0,0.0,0.0,2002,clin,0.8
4,2,lr5e-05_bs16_modL1_fusion32_fusionL1_drop0p2_trmiss80_trlocclin,16,5e-05,1,32,1,0.2,lr5e-05_bs16_modL1_fusion32_fusionL1_drop0p2_trmiss80_trlocclin,34,0.5413377260168394,0.7340529362360636,0.45798319327731096,0.6138247758402299,0.4666666666666667,0.0,0.0,0.0,0.0,2002,clin,0.8
4,2,lr5e-05_bs16_modL1_fusion32_fusionL1_drop0p2_trmiss80_trlocclin,16,5e-05,1,32,1,0.2,lr5e-05_bs16_modL1_fusion32_fusionL1_drop0p2_trmiss80_trlocclin,35,0.5544578532377878,0.7317621111869812,0.4516806722689076,0.611389475727629,0.4888888888888889,0.0,0.0,0.0,0.0,2002,clin,0.8
4,2,lr5e-05_bs16_modL1_fusion32_fusionL1_drop0p2_trmiss80_trlocclin,16,5e-05,1,32,1,0.2,lr5e-05_bs16_modL1_fusion32_fusionL1_drop0p2_trmiss80_trlocclin,36,0.5722589939832687,0.7326072255770365,0.4411764705882353,0.609234243472592,0.4888888888888889,0.0,0.0,0.0,0.0,2002,clin,0.8
4,2,lr5e-05_bs16_modL1_fusion32_fusionL1_drop0p2_trmiss80_trlocclin,16,5e-05,1,32,1,0.2,lr5e-05_bs16_modL1_fusion32_fusionL1_drop0p2_trmiss80_trlocclin,37,0.5548219631115595,0.7321797013282776,0.46008403361344535,0.6154050152854904,0.4888888888888889,0.0,0.0,0.0,0.0,2002,clin,0.8
4,2,lr5e-05_bs16_modL1_fusion32_fusionL1_drop0p2_trmiss80_trlocclin,16,5e-05,1,32,1,0.2,lr5e-05_bs16_modL1_fusion32_fusionL1_drop0p2_trmiss80_trlocclin,38,0.536580594877402,0.7337159117062887,0.45378151260504207,0.6107018459184554,0.4888888888888889,0.0,0.0,0.0,0.0,2002,clin,0.8
4,2,lr5e-05_bs16_modL1_fusion32_fusionL1_drop0p2_trmiss80_trlocclin,16,5e-05,1,32,1,0.2,lr5e-05_bs16_modL1_fusion32_fusionL1_drop0p2_trmiss80_trlocclin,39,0.5631218949953715,0.7282149195671082,0.4684873949579832,0.6154122281401235,0.4888888888888889,0.0,0.0,0.0,0.0,2002,clin,0.8
4,2,lr5e-05_bs16_modL1_fusion32_fusionL1_drop0p2_trmiss80_trlocclin,16,5e-05,1,32,1,0.2,lr5e-05_bs16_modL1_fusion32_fusionL1_drop0p2_trmiss80_trlocclin,40,0.5560700545708338,0.7328099608421326,0.4558823529411765,0.6097473443779301,0.4888888888888889,0.0,0.0,0.0,0.0,2002,clin,0.8
4,2,lr5e-05_bs16_modL1_fusion32_fusionL1_drop0p2_trmiss80_trlocclin,16,5e-05,1,32,1,0.2,lr5e-05_bs16_modL1_fusion32_fusionL1_drop0p2_trmiss80_trlocclin,41,0.5493267824252447,0.7358416120211283,0.4474789915966387,0.6035517836546739,0.4888888888888889,0.0,0.0,0.0,0.0,2002,clin,0.8
4,2,lr5e-05_bs16_modL1_fusion32_fusionL1_drop0p2_trmiss80_trlocclin,16,5e-05,1,32,1,0.2,lr5e-05_bs16_modL1_fusion32_fusionL1_drop0p2_trmiss80_trlocclin,42,0.5795368899901708,0.7302048802375793,0.4453781512605042,0.6098520901367005,0.4888888888888889,0.0,0.0,0.0,0.0,2002,clin,0.8
4,2,lr5e-05_bs16_modL1_fusion32_fusionL1_drop0p2_trmiss80_trlocclin,16,5e-05,1,32,1,0.2,lr5e-05_bs16_modL1_fusion32_fusionL1_drop0p2_trmiss80_trlocclin,43,0.5559629971782366,0.7302136222521464,0.4558823529411764,0.6129752684255966,0.4888888888888889,0.0,0.0,0.0,0.0,2002,clin,0.8
4,2,lr5e-05_bs16_modL1_fusion32_fusionL1_drop0p2_trmiss80_trlocclin,16,5e-05,1,32,1,0.2,lr5e-05_bs16_modL1_fusion32_fusionL1_drop0p2_trmiss80_trlocclin,44,0.560628280043602,0.7384399771690369,0.45588235294117646,0.6124401617634518,0.4888888888888889,0.0,0.0,0.0,0.0,2002,clin,0.8
4,2,lr5e-05_bs16_modL1_fusion32_fusionL1_drop0p2_trmiss80_trlocclin,16,5e-05,1,32,1,0.2,lr5e-05_bs16_modL1_fusion32_fusionL1_drop0p2_trmiss80_trlocclin,45,0.5715337991714478,0.7375558217366537,0.43907563025210083,0.605225878763072,0.4888888888888889,0.0,0.0,0.0,0.0,2002,clin,0.8
4,2,lr5e-05_bs16_modL1_fusion32_fusionL1_drop0p2_trmiss80_trlocclin,16,5e-05,1,32,1,0.2,lr5e-05_bs16_modL1_fusion32_fusionL1_drop0p2_trmiss80_trlocclin,46,0.5635451376438141,0.7411186695098877,0.4663865546218487,0.6282131861188712,0.4666666666666667,0.0,0.0,0.0,0.0,2002,clin,0.8
4,2,lr5e-05_bs16_modL1_fusion32_fusionL1_drop0p2_trmiss80_trlocclin,16,5e-05,1,32,1,0.2,lr5e-05_bs16_modL1_fusion32_fusionL1_drop0p2_trmiss80_trlocclin,47,0.5600843826929728,0.7379557291666666,0.4516806722689075,0.6322062059283163,0.4666666666666667,0.0,0.0,0.0,0.0,2002,clin,0.8
4,2,lr5e-05_bs16_modL1_fusion32_fusionL1_drop0p2_trmiss80_trlocclin,16,5e-05,1,32,1,0.2,lr5e-05_bs16_modL1_fusion32_fusionL1_drop0p2_trmiss80_trlocclin,48,0.5567141026258469,0.7380357583363851,0.45798319327731096,0.6131790780196095,0.4666666666666667,0.0,0.0,0.0,0.0,2002,clin,0.8
4,2,lr5e-05_bs16_modL1_fusion32_fusionL1_drop0p2_trmiss80_trlocclin,16,5e-05,1,32,1,0.2,lr5e-05_bs16_modL1_fusion32_fusionL1_drop0p2_trmiss80_trlocclin,49,0.561130071679751,0.7393211722373962,0.45378151260504196,0.6115054341156462,0.4666666666666667,0.0,0.0,0.0,0.0,2002,clin,0.8
4,2,lr5e-05_bs16_modL1_fusion32_fusionL1_drop0p2_trmiss80_trlocclin,16,5e-05,1,32,1,0.2,lr5e-05_bs16_modL1_fusion32_fusionL1_drop0p2_trmiss80_trlocclin,50,0.5322902674476305,0.7341147661209106,0.4432773109243697,0.6114615290772096,0.4888888888888889,0.0,0.0,0.0,0.0,2002,clin,0.8
4,2,lr5e-05_bs16_modL1_fusion32_fusionL1_drop0p2_trmiss80_trlocclin,16,5e-05,1,32,1,0.2,lr5e-05_bs16_modL1_fusion32_fusionL1_drop0p2_trmiss80_trlocclin,51,0.5507536406318346,0.7332618037859598,0.4411764705882353,0.6051700446928628,0.4888888888888889,0.0,0.0,0.0,0.0,2002,clin,0.8
4,2,lr5e-05_bs16_modL1_fusion32_fusionL1_drop0p2_trmiss80_trlocclin,16,5e-05,1,32,1,0.2,lr5e-05_bs16_modL1_fusion32_fusionL1_drop0p2_trmiss80_trlocclin,52,0.5647393638888994,0.7291825215021769,0.4432773109243698,0.6075663565954773,0.4888888888888889,0.0,0.0,0.0,0.0,2002,clin,0.8
4,2,lr5e-05_bs16_modL1_fusion32_fusionL1_drop0p2_trmiss80_trlocclin,16,5e-05,1,32,1,0.2,lr5e-05_bs16_modL1_fusion32_fusionL1_drop0p2_trmiss80_trlocclin,53,0.5523341149091721,0.7304869095484415,0.43907563025210083,0.6033349556453687,0.4888888888888889,0.0,0.0,0.0,0.0,2002,clin,0.8
4,2,lr5e-05_bs16_modL1_fusion32_fusionL1_drop0p2_trmiss80_trlocclin,16,5e-05,1,32,1,0.2,lr5e-05_bs16_modL1_fusion32_fusionL1_drop0p2_trmiss80_trlocclin,54,0.556204117834568,0.7337984442710876,0.45378151260504207,0.6151698190778563,0.4888888888888889,0.0,0.0,0.0,0.0,2002,clin,0.8
4,2,lr5e-05_bs16_modL1_fusion32_fusionL1_drop0p2_trmiss80_trlocclin,16,5e-05,1,32,1,0.2,lr5e-05_bs16_modL1_fusion32_fusionL1_drop0p2_trmiss80_trlocclin,55,0.5502609014511108,0.7301057577133179,0.4579831932773109,0.617577177196874,0.4888888888888889,0.0,0.0,0.0,0.0,2002,clin,0.8
4,2,lr5e-05_bs16_modL1_fusion32_fusionL1_drop0p2_trmiss80_trlocclin,16,5e-05,1,32,1,0.2,lr5e-05_bs16_modL1_fusion32_fusionL1_drop0p2_trmiss80_trlocclin,56,0.5698711077372233,0.7330052455266317,0.4432773109243697,0.6082208494001439,0.4666666666666667,0.0,0.0,0.0,0.0,2002,clin,0.8
4,2,lr5e-05_bs16_modL1_fusion32_fusionL1_drop0p2_trmiss80_trlocclin,16,5e-05,1,32,1,0.2,lr5e-05_bs16_modL1_fusion32_fusionL1_drop0p2_trmiss80_trlocclin,57,0.5708360970020294,0.7349357207616171,0.44537815126050423,0.6282916128255397,0.4888888888888889,0.0,0.0,0.0,0.0,2002,clin,0.8
4,2,lr5e-05_bs16_modL1_fusion32_fusionL1_drop0p2_trmiss80_trlocclin,16,5e-05,1,32,1,0.2,lr5e-05_bs16_modL1_fusion32_fusionL1_drop0p2_trmiss80_trlocclin,58,0.5726744905114174,0.7361333966255188,0.43907563025210083,0.6031558862952899,0.4888888888888889,0.0,0.0,0.0,0.0,2002,clin,0.8
4,2,lr5e-05_bs16_modL1_fusion32_fusionL1_drop0p2_trmiss80_trlocclin,16,5e-05,1,32,1,0.2,lr5e-05_bs16_modL1_fusion32_fusionL1_drop0p2_trmiss80_trlocclin,59,0.5321607838074366,0.7309464414914449,0.45168067226890757,0.6113687422475879,0.4888888888888889,0.0,0.0,0.0,0.0,2002,clin,0.8
4,2,lr5e-05_bs16_modL1_fusion32_fusionL1_drop0p1_trmiss80_trlocclin,16,5e-05,1,32,1,0.1,lr5e-05_bs16_modL1_fusion32_fusionL1_drop0p1_trmiss80_trlocclin,1,0.7031324108441671,0.7183819611867269,0.4936974789915966,0.6059420239860985,0.4,0.0,0.0,0.0,0.0,2002,clin,0.8
4,2,lr5e-05_bs16_modL1_fusion32_fusionL1_drop0p1_trmiss80_trlocclin,16,5e-05,1,32,1,0.1,lr5e-05_bs16_modL1_fusion32_fusionL1_drop0p1_trmiss80_trlocclin,2,0.6824981719255447,0.7196511427561442,0.4957983193277311,0.608110298473209,0.4,0.0,0.0,0.0,0.0,2002,clin,0.8
4,2,lr5e-05_bs16_modL1_fusion32_fusionL1_drop0p1_trmiss80_trlocclin,16,5e-05,1,32,1,0.1,lr5e-05_bs16_modL1_fusion32_fusionL1_drop0p1_trmiss80_trlocclin,3,0.6654604077339172,0.7177120447158813,0.4852941176470589,0.6080263137847887,0.3333333333333333,0.0,0.0,0.0,0.0,2002,clin,0.8
4,2,lr5e-05_bs16_modL1_fusion32_fusionL1_drop0p1_trmiss80_trlocclin,16,5e-05,1,32,1,0.1,lr5e-05_bs16_modL1_fusion32_fusionL1_drop0p1_trmiss80_trlocclin,4,0.6371449629465739,0.7189198931058248,0.47689075630252103,0.6045047137175992,0.4222222222222222,0.0,0.0,0.0,0.0,2002,clin,0.8
4,2,lr5e-05_bs16_modL1_fusion32_fusionL1_drop0p1_trmiss80_trlocclin,16,5e-05,1,32,1,0.1,lr5e-05_bs16_modL1_fusion32_fusionL1_drop0p1_trmiss80_trlocclin,5,0.6317849904298782,0.7164480090141296,0.4558823529411765,0.596767497063321,0.4,0.0,0.0,0.0,0.0,2002,clin,0.8
4,2,lr5e-05_bs16_modL1_fusion32_fusionL1_drop0p1_trmiss80_trlocclin,16,5e-05,1,32,1,0.1,lr5e-05_bs16_modL1_fusion32_fusionL1_drop0p1_trmiss80_trlocclin,6,0.6182809521754583,0.7160130540529887,0.47058823529411764,0.5999978331861786,0.37777777777777777,0.0,0.0,0.0,0.0,2002,clin,0.8
4,2,lr5e-05_bs16_modL1_fusion32_fusionL1_drop0p1_trmiss80_trlocclin,16,5e-05,1,32,1,0.1,lr5e-05_bs16_modL1_fusion32_fusionL1_drop0p1_trmiss80_trlocclin,7,0.6046722879012426,0.7159261902173361,0.4516806722689076,0.5995575181009827,0.37777777777777777,0.0,0.0,0.0,0.0,2002,clin,0.8
4,2,lr5e-05_bs16_modL1_fusion32_fusionL1_drop0p1_trmiss80_trlocclin,16,5e-05,1,32,1,0.1,lr5e-05_bs16_modL1_fusion32_fusionL1_drop0p1_trmiss80_trlocclin,8,0.6042280942201614,0.717252254486084,0.43907563025210083,0.5920850425135804,0.4,0.0,0.0,0.0,0.0,2002,clin,0.8
4,2,lr5e-05_bs16_modL1_fusion32_fusionL1_drop0p1_trmiss80_trlocclin,16,5e-05,1,32,1,0.1,lr5e-05_bs16_modL1_fusion32_fusionL1_drop0p1_trmiss80_trlocclin,9,0.593026931087176,0.7169518073399862,0.4516806722689075,0.6113982162595651,0.4222222222222222,0.0,0.0,0.0,0.0,2002,clin,0.8
4,2,lr5e-05_bs16_modL1_fusion32_fusionL1_drop0p1_trmiss80_trlocclin,16,5e-05,1,32,1,0.1,lr5e-05_bs16_modL1_fusion32_fusionL1_drop0p1_trmiss80_trlocclin,10,0.59425321718057,0.7170360684394836,0.45168067226890757,0.6189174079360984,0.4444444444444444,0.0,0.0,0.0,0.0,2002,clin,0.8
4,2,lr5e-05_bs16_modL1_fusion32_fusionL1_drop0p1_trmiss80_trlocclin,16,5e-05,1,32,1,0.1,lr5e-05_bs16_modL1_fusion32_fusionL1_drop0p1_trmiss80_trlocclin,11,0.5691624085108439,0.7174780964851379,0.46008403361344535,0.6277080821858158,0.4222222222222222,0.0,0.0,0.0,0.0,2002,clin,0.8
4,2,lr5e-05_bs16_modL1_fusion32_fusionL1_drop0p1_trmiss80_trlocclin,16,5e-05,1,32,1,0.1,lr5e-05_bs16_modL1_fusion32_fusionL1_drop0p1_trmiss80_trlocclin,12,0.5868200361728668,0.7196699579556783,0.4222689075630252,0.6015544458589569,0.4444444444444444,0.0,0.0,0.0,0.0,2002,clin,0.8
4,2,lr5e-05_bs16_modL1_fusion32_fusionL1_drop0p1_trmiss80_trlocclin,16,5e-05,1,32,1,0.1,lr5e-05_bs16_modL1_fusion32_fusionL1_drop0p1_trmiss80_trlocclin,13,0.5597005635499954,0.7237964073816935,0.40126050420168063,0.5934978625886314,0.4444444444444444,0.0,0.0,0.0,0.0,2002,clin,0.8
4,2,lr5e-05_bs16_modL1_fusion32_fusionL1_drop0p1_trmiss80_trlocclin,16,5e-05,1,32,1,0.1,lr5e-05_bs16_modL1_fusion32_fusionL1_drop0p1_trmiss80_trlocclin,14,0.5549996842940649,0.7255729834238688,0.4033613445378151,0.5970989420275437,0.4222222222222222,0.0,0.0,0.0,0.0,2002,clin,0.8
4,2,lr5e-05_bs16_modL1_fusion32_fusionL1_drop0p1_trmiss80_trlocclin,16,5e-05,1,32,1,0.1,lr5e-05_bs16_modL1_fusion32_fusionL1_drop0p1_trmiss80_trlocclin,15,0.5536618282397588,0.7226879795392355,0.41596638655462187,0.6067918846146643,0.4444444444444444,0.0,0.0,0.0,0.0,2002,clin,0.8
4,2,lr5e-05_bs16_modL1_fusion32_fusionL1_drop0p1_trmiss80_trlocclin,16,5e-05,1,32,1,0.1,lr5e-05_bs16_modL1_fusion32_fusionL1_drop0p1_trmiss80_trlocclin,16,0.5427792569001516,0.7258350849151611,0.40756302521008403,0.6030585456856185,0.4222222222222222,0.0,0.0,0.0,0.0,2002,clin,0.8
4,2,lr5e-05_bs16_modL1_fusion32_fusionL1_drop0p1_trmiss80_trlocclin,16,5e-05,1,32,1,0.1,lr5e-05_bs16_modL1_fusion32_fusionL1_drop0p1_trmiss80_trlocclin,17,0.5527049799760183,0.7225950558980306,0.40546218487394964,0.6056469439215958,0.4222222222222222,0.0,0.0,0.0,0.0,2002,clin,0.8
4,2,lr5e-05_bs16_modL1_fusion32_fusionL1_drop0p1_trmiss80_trlocclin,16,5e-05,1,32,1,0.1,lr5e-05_bs16_modL1_fusion32_fusionL1_drop0p1_trmiss80_trlocclin,18,0.5436663801471392,0.7284650206565857,0.4138655462184875,0.6169364390704994,0.4,0.0,0.0,0.0,0.0,2002,clin,0.8
4,2,lr5e-05_bs16_modL1_fusion32_fusionL1_drop0p1_trmiss80_trlocclin,16,5e-05,1,32,1,0.1,lr5e-05_bs16_modL1_fusion32_fusionL1_drop0p1_trmiss80_trlocclin,19,0.5354707017540932,0.72853022813797,0.40756302521008403,0.6104093459672432,0.4,0.0,0.0,0.0,0.0,2002,clin,0.8
4,2,lr5e-05_bs16_modL1_fusion32_fusionL1_drop0p1_trmiss80_trlocclin,16,5e-05,1,32,1,0.1,lr5e-05_bs16_modL1_fusion32_fusionL1_drop0p1_trmiss80_trlocclin,20,0.523818738758564,0.7267366449038187,0.40336134453781514,0.606016588864402,0.37777777777777777,0.0,0.0,0.0,0.0,2002,clin,0.8
4,2,lr5e-05_bs16_modL1_fusion32_fusionL1_drop0p1_trmiss80_trlocclin,16,5e-05,1,32,1,0.1,lr5e-05_bs16_modL1_fusion32_fusionL1_drop0p1_trmiss80_trlocclin,21,0.520513266324997,0.7228256861368815,0.4117647058823529,0.6110668391524153,0.4,0.0,0.0,0.0,0.0,2002,clin,0.8
4,2,lr5e-05_bs16_modL1_fusion32_fusionL1_drop0p1_trmiss80_trlocclin,16,5e-05,1,32,1,0.1,lr5e-05_bs16_modL1_fusion32_fusionL1_drop0p1_trmiss80_trlocclin,22,0.530489002664884,0.7252746224403381,0.40966386554621853,0.6125012996474349,0.4,0.0,0.0,0.0,0.0,2002,clin,0.8
4,2,lr5e-05_bs16_modL1_fusion64_fusionL1_drop0p2_trmiss80_trlocclin,16,5e-05,1,64,1,0.2,lr5e-05_bs16_modL1_fusion64_fusionL1_drop0p2_trmiss80_trlocclin,1,0.700126588344574,0.6806633671124777,0.5588235294117647,0.7022766171918314,0.6,0.0,0.0,0.0,0.0,2002,clin,0.8
4,2,lr5e-05_bs16_modL1_fusion64_fusionL1_drop0p2_trmiss80_trlocclin,16,5e-05,1,64,1,0.2,lr5e-05_bs16_modL1_fusion64_fusionL1_drop0p2_trmiss80_trlocclin,2,0.6600679183999697,0.6781534751256307,0.5462184873949579,0.7041048803898577,0.5777777777777777,0.0,0.0,0.0,0.0,2002,clin,0.8
4,2,lr5e-05_bs16_modL1_fusion64_fusionL1_drop0p2_trmiss80_trlocclin,16,5e-05,1,64,1,0.2,lr5e-05_bs16_modL1_fusion64_fusionL1_drop0p2_trmiss80_trlocclin,3,0.6465065975983938,0.6819093823432922,0.5273109243697479,0.6923818385585849,0.5333333333333333,0.0,0.0,0.0,0.0,2002,clin,0.8
4,2,lr5e-05_bs16_modL1_fusion64_fusionL1_drop0p2_trmiss80_trlocclin,16,5e-05,1,64,1,0.2,lr5e-05_bs16_modL1_fusion64_fusionL1_drop0p2_trmiss80_trlocclin,4,0.6270815332730612,0.6801807681719462,0.5378151260504201,0.7093043764785403,0.5111111111111111,0.0,0.0,0.0,0.0,2002,clin,0.8
4,2,lr5e-05_bs16_modL1_fusion64_fusionL1_drop0p2_trmiss80_trlocclin,16,5e-05,1,64,1,0.2,lr5e-05_bs16_modL1_fusion64_fusionL1_drop0p2_trmiss80_trlocclin,5,0.6414117962121964,0.6772821148236593,0.5189075630252101,0.6976248264490907,0.5333333333333333,0.0,0.0,0.0,0.0,2002,clin,0.8
4,2,lr5e-05_bs16_modL1_fusion64_fusionL1_drop0p2_trmiss80_trlocclin,16,5e-05,1,64,1,0.2,lr5e-05_bs16_modL1_fusion64_fusionL1_drop0p2_trmiss80_trlocclin,6,0.6103370984395345,0.6761385401089987,0.4978991596638656,0.684937582081717,0.4888888888888889,0.0,0.0,0.0,0.0,2002,clin,0.8
4,2,lr5e-05_bs16_modL1_fusion64_fusionL1_drop0p2_trmiss80_trlocclin,16,5e-05,1,64,1,0.2,lr5e-05_bs16_modL1_fusion64_fusionL1_drop0p2_trmiss80_trlocclin,7,0.6003209402163824,0.6752810080846151,0.5126050420168068,0.701806225862379,0.4888888888888889,0.0,0.0,0.0,0.0,2002,clin,0.8
4,2,lr5e-05_bs16_modL1_fusion64_fusionL1_drop0p2_trmiss80_trlocclin,16,5e-05,1,64,1,0.2,lr5e-05_bs16_modL1_fusion64_fusionL1_drop0p2_trmiss80_trlocclin,8,0.6033544540405273,0.673098623752594,0.49789915966386555,0.6996754205141863,0.5111111111111111,0.0,0.0,0.0,0.0,2002,clin,0.8
4,2,lr5e-05_bs16_modL1_fusion64_fusionL1_drop0p2_trmiss80_trlocclin,16,5e-05,1,64,1,0.2,lr5e-05_bs16_modL1_fusion64_fusionL1_drop0p2_trmiss80_trlocclin,9,0.5704136764009794,0.673214832941691,0.4957983193277311,0.6986633034677948,0.4888888888888889,0.0,0.0,0.0,0.0,2002,clin,0.8
4,2,lr5e-05_bs16_modL1_fusion64_fusionL1_drop0p2_trmiss80_trlocclin,16,5e-05,1,64,1,0.2,lr5e-05_bs16_modL1_fusion64_fusionL1_drop0p2_trmiss80_trlocclin,10,0.5711749742428461,0.6802991628646851,0.46218487394957986,0.6693637230932984,0.4888888888888889,0.0,0.0,0.0,0.0,2002,clin,0.8
4,2,lr5e-05_bs16_modL1_fusion64_fusionL1_drop0p2_trmiss80_trlocclin,16,5e-05,1,64,1,0.2,lr5e-05_bs16_modL1_fusion64_fusionL1_drop0p2_trmiss80_trlocclin,11,0.5478045294682184,0.6777170300483704,0.48949579831932777,0.6958043793279979,0.4666666666666667,0.0,0.0,0.0,0.0,2002,clin,0.8
4,2,lr5e-05_bs16_modL1_fusion64_fusionL1_drop0p2_trmiss80_trlocclin,16,5e-05,1,64,1,0.2,lr5e-05_bs16_modL1_fusion64_fusionL1_drop0p2_trmiss80_trlocclin,12,0.5904564807812372,0.678722083568573,0.4663865546218488,0.6765666139650691,0.4888888888888889,0.0,0.0,0.0,0.0,2002,clin,0.8
4,2,lr5e-05_bs16_modL1_fusion64_fusionL1_drop0p2_trmiss80_trlocclin,16,5e-05,1,64,1,0.2,lr5e-05_bs16_modL1_fusion64_fusionL1_drop0p2_trmiss80_trlocclin,13,0.5619769841432571,0.6792682607968649,0.5042016806722689,0.735384866538786,0.4888888888888889,0.0,0.0,0.0,0.0,2002,clin,0.8
4,2,lr5e-05_bs16_modL1_fusion64_fusionL1_drop0p2_trmiss80_trlocclin,16,5e-05,1,64,1,0.2,lr5e-05_bs16_modL1_fusion64_fusionL1_drop0p2_trmiss80_trlocclin,14,0.5499722336729368,0.6750926971435547,0.5147058823529411,0.7418433884124264,0.5111111111111111,0.0,0.0,0.0,0.0,2002,clin,0.8
4,2,lr5e-05_bs16_modL1_fusion64_fusionL1_drop0p2_trmiss80_trlocclin,16,5e-05,1,64,1,0.2,lr5e-05_bs16_modL1_fusion64_fusionL1_drop0p2_trmiss80_trlocclin,15,0.54463459054629,0.6782246629397074,0.5210084033613445,0.7471965584604808,0.4666666666666667,0.0,0.0,0.0,0.0,2002,clin,0.8
4,2,lr5e-05_bs16_modL1_fusion64_fusionL1_drop0p2_trmiss80_trlocclin,16,5e-05,1,64,1,0.2,lr5e-05_bs16_modL1_fusion64_fusionL1_drop0p2_trmiss80_trlocclin,16,0.5134361783663431,0.6750001907348633,0.49789915966386555,0.715478947005706,0.4444444444444444,0.0,0.0,0.0,0.0,2002,clin,0.8
4,2,lr5e-05_bs16_modL1_fusion64_fusionL1_drop0p2_trmiss80_trlocclin,16,5e-05,1,64,1,0.2,lr5e-05_bs16_modL1_fusion64_fusionL1_drop0p2_trmiss80_trlocclin,17,0.5246343836188316,0.6786665519078573,0.47899159663865554,0.6906702121770284,0.4666666666666667,0.0,0.0,0.0,0.0,2002,clin,0.8
4,2,lr5e-05_bs16_modL1_fusion64_fusionL1_drop0p2_trmiss80_trlocclin,16,5e-05,1,64,1,0.2,lr5e-05_bs16_modL1_fusion64_fusionL1_drop0p2_trmiss80_trlocclin,18,0.5403549671173096,0.6786593794822693,0.48319327731092443,0.6878624702604851,0.4888888888888889,0.0,0.0,0.0,0.0,2002,clin,0.8
4,2,lr5e-05_bs16_modL1_fusion64_fusionL1_drop0p2_trmiss80_trlocclin,16,5e-05,1,64,1,0.2,lr5e-05_bs16_modL1_fusion64_fusionL1_drop0p2_trmiss80_trlocclin,19,0.5200603405634562,0.6770585576693217,0.49369747899159666,0.7013098116096121,0.4666666666666667,0.0,0.0,0.0,0.0,2002,clin,0.8
4,2,lr5e-05_bs16_modL1_fusion64_fusionL1_drop0p2_trmiss80_trlocclin,16,5e-05,1,64,1,0.2,lr5e-05_bs16_modL1_fusion64_fusionL1_drop0p2_trmiss80_trlocclin,20,0.5251859550674757,0.6797429521878561,0.47478991596638653,0.697032410845889,0.4444444444444444,0.0,0.0,0.0,0.0,2002,clin,0.8
4,2,lr5e-05_bs16_modL1_fusion64_fusionL1_drop0p2_trmiss80_trlocclin,16,5e-05,1,64,1,0.2,lr5e-05_bs16_modL1_fusion64_fusionL1_drop0p2_trmiss80_trlocclin,21,0.5144818251331648,0.6770447095235189,0.4852941176470589,0.6996855023009084,0.5111111111111111,0.0,0.0,0.0,0.0,2002,clin,0.8
4,2,lr5e-05_bs16_modL1_fusion64_fusionL1_drop0p1_trmiss80_trlocclin,16,5e-05,1,64,1,0.1,lr5e-05_bs16_modL1_fusion64_fusionL1_drop0p1_trmiss80_trlocclin,1,0.6515826831261317,0.6675265630086263,0.6680672268907564,0.770774019047006,0.6666666666666666,0.0,0.0,0.0,0.0,2002,clin,0.8
4,2,lr5e-05_bs16_modL1_fusion64_fusionL1_drop0p1_trmiss80_trlocclin,16,5e-05,1,64,1,0.1,lr5e-05_bs16_modL1_fusion64_fusionL1_drop0p1_trmiss80_trlocclin,2,0.6350093136231104,0.651465912659963,0.657563025210084,0.7796758117290022,0.6444444444444445,0.0,0.0,0.0,0.0,2002,clin,0.8
4,2,lr5e-05_bs16_modL1_fusion64_fusionL1_drop0p1_trmiss80_trlocclin,16,5e-05,1,64,1,0.1,lr5e-05_bs16_modL1_fusion64_fusionL1_drop0p1_trmiss80_trlocclin,3,0.6114427695671717,0.6473828554153442,0.6386554621848739,0.7395568714738445,0.6444444444444445,0.0,0.0,0.0,0.0,2002,clin,0.8
4,2,lr5e-05_bs16_modL1_fusion64_fusionL1_drop0p1_trmiss80_trlocclin,16,5e-05,1,64,1,0.1,lr5e-05_bs16_modL1_fusion64_fusionL1_drop0p1_trmiss80_trlocclin,4,0.5965276012818018,0.6487876176834106,0.6239495798319328,0.7088871933440383,0.6444444444444445,0.0,0.0,0.0,0.0,2002,clin,0.8
4,2,lr5e-05_bs16_modL1_fusion64_fusionL1_drop0p1_trmiss80_trlocclin,16,5e-05,1,64,1,0.1,lr5e-05_bs16_modL1_fusion64_fusionL1_drop0p1_trmiss80_trlocclin,5,0.5834746013085047,0.64661971728007,0.6323529411764706,0.7174537660492887,0.6444444444444445,0.0,0.0,0.0,0.0,2002,clin,0.8
4,2,lr5e-05_bs16_modL1_fusion64_fusionL1_drop0p1_trmiss80_trlocclin,16,5e-05,1,64,1,0.1,lr5e-05_bs16_modL1_fusion64_fusionL1_drop0p1_trmiss80_trlocclin,6,0.5564506227771441,0.6399206121762594,0.6449579831932775,0.7340494810910208,0.6222222222222222,0.0,0.0,0.0,0.0,2002,clin,0.8
4,2,lr5e-05_bs16_modL1_fusion64_fusionL1_drop0p1_trmiss80_trlocclin,16,5e-05,1,64,1,0.1,lr5e-05_bs16_modL1_fusion64_fusionL1_drop0p1_trmiss80_trlocclin,7,0.5462929258743922,0.6413304607073466,0.6470588235294118,0.734709155383382,0.5777777777777777,0.0,0.0,0.0,0.0,2002,clin,0.8
4,2,lr5e-05_bs16_modL1_fusion64_fusionL1_drop0p1_trmiss80_trlocclin,16,5e-05,1,64,1,0.1,lr5e-05_bs16_modL1_fusion64_fusionL1_drop0p1_trmiss80_trlocclin,8,0.5607283463080724,0.638771633307139,0.6533613445378151,0.7388058864442345,0.6,0.0,0.0,0.0,0.0,2002,clin,0.8
4,2,lr5e-05_bs16_modL1_fusion64_fusionL1_drop0p1_trmiss80_trlocclin,16,5e-05,1,64,1,0.1,lr5e-05_bs16_modL1_fusion64_fusionL1_drop0p1_trmiss80_trlocclin,9,0.5291720852255821,0.6409797271092733,0.6470588235294117,0.7331069628489595,0.6444444444444445,0.0,0.0,0.0,0.0,2002,clin,0.8
4,2,lr5e-05_bs16_modL1_fusion64_fusionL1_drop0p1_trmiss80_trlocclin,16,5e-05,1,64,1,0.1,lr5e-05_bs16_modL1_fusion64_fusionL1_drop0p1_trmiss80_trlocclin,10,0.5239944458007812,0.6389786799748739,0.634453781512605,0.7096762109233163,0.6444444444444445,0.0,0.0,0.0,0.0,2002,clin,0.8
4,2,lr5e-05_bs16_modL1_fusion64_fusionL1_drop0p1_trmiss80_trlocclin,16,5e-05,1,64,1,0.1,lr5e-05_bs16_modL1_fusion64_fusionL1_drop0p1_trmiss80_trlocclin,11,0.5118147904674212,0.6476497252782186,0.6134453781512605,0.7026798864442032,0.6222222222222222,0.0,0.0,0.0,0.0,2002,clin,0.8
4,2,lr5e-05_bs16_modL1_fusion64_fusionL1_drop0p1_trmiss80_trlocclin,16,5e-05,1,64,1,0.1,lr5e-05_bs16_modL1_fusion64_fusionL1_drop0p1_trmiss80_trlocclin,12,0.5172106002767881,0.6487236618995667,0.6281512605042017,0.7098373561530041,0.6222222222222222,0.0,0.0,0.0,0.0,2002,clin,0.8
4,2,lr5e-05_bs16_modL1_fusion64_fusionL1_drop0p1_trmiss80_trlocclin,16,5e-05,1,64,1,0.1,lr5e-05_bs16_modL1_fusion64_fusionL1_drop0p1_trmiss80_trlocclin,13,0.5078982536991438,0.6462920506795248,0.6302521008403361,0.7022238092779064,0.6222222222222222,0.0,0.0,0.0,0.0,2002,clin,0.8
4,2,lr5e-05_bs16_modL1_fusion64_fusionL1_drop0p1_trmiss80_trlocclin,16,5e-05,1,64,1,0.1,lr5e-05_bs16_modL1_fusion64_fusionL1_drop0p1_trmiss80_trlocclin,14,0.48515790700912476,0.6448705395062765,0.6113445378151261,0.7049025734594975,0.6444444444444445,0.0,0.0,0.0,0.0,2002,clin,0.8
4,2,lr5e-05_bs16_modL1_fusion64_fusionL1_drop0p1_trmiss80_trlocclin,16,5e-05,1,64,1,0.1,lr5e-05_bs16_modL1_fusion64_fusionL1_drop0p1_trmiss80_trlocclin,15,0.4812454829613368,0.6475141445795695,0.6134453781512605,0.7108191026877542,0.6222222222222222,0.0,0.0,0.0,0.0,2002,clin,0.8
4,2,lr5e-05_bs16_modL1_fusion64_fusionL1_drop0p1_trmiss80_trlocclin,16,5e-05,1,64,1,0.1,lr5e-05_bs16_modL1_fusion64_fusionL1_drop0p1_trmiss80_trlocclin,16,0.4725554808974266,0.6525138020515442,0.5840336134453781,0.6960787222236545,0.6444444444444445,0.0,0.0,0.0,0.0,2002,clin,0.8
4,2,lr5e-05_bs16_modL1_fusion64_fusionL1_drop0p1_trmiss80_trlocclin,16,5e-05,1,64,1,0.1,lr5e-05_bs16_modL1_fusion64_fusionL1_drop0p1_trmiss80_trlocclin,17,0.4703727016846339,0.6515424648920695,0.5924369747899159,0.7021770102457774,0.6222222222222222,0.0,0.0,0.0,0.0,2002,clin,0.8
4,2,lr5e-05_bs16_modL1_fusion64_fusionL1_drop0p1_trmiss80_trlocclin,16,5e-05,1,64,1,0.1,lr5e-05_bs16_modL1_fusion64_fusionL1_drop0p1_trmiss80_trlocclin,18,0.48674112061659497,0.6524988611539205,0.6071428571428572,0.7104835059143378,0.6222222222222222,0.0,0.0,0.0,0.0,2002,clin,0.8
4,2,lr5e-05_bs16_modL1_fusion64_fusionL1_drop0p1_trmiss80_trlocclin,16,5e-05,1,64,1,0.1,lr5e-05_bs16_modL1_fusion64_fusionL1_drop0p1_trmiss80_trlocclin,19,0.4817502349615097,0.6563955744107565,0.6050420168067228,0.69295815045042,0.6222222222222222,0.0,0.0,0.0,0.0,2002,clin,0.8
4,2,lr5e-05_bs16_modL1_fusion64_fusionL1_drop0p1_trmiss80_trlocclin,16,5e-05,1,64,1,0.1,lr5e-05_bs16_modL1_fusion64_fusionL1_drop0p1_trmiss80_trlocclin,20,0.4615876202781995,0.6540363828341166,0.6008403361344538,0.6886594399017093,0.6444444444444445,0.0,0.0,0.0,0.0,2002,clin,0.8
4,2,lr5e-05_bs16_modL1_fusion64_fusionL1_drop0p1_trmiss80_trlocclin,16,5e-05,1,64,1,0.1,lr5e-05_bs16_modL1_fusion64_fusionL1_drop0p1_trmiss80_trlocclin,21,0.4506796772281329,0.6539972623189291,0.6008403361344538,0.6866511127217096,0.6222222222222222,0.0,0.0,0.0,0.0,2002,clin,0.8
4,2,lr1e-04_bs16_modL1_fusion32_fusionL1_drop0p2_trmiss80_trlocclin,16,0.0001,1,32,1,0.2,lr1e-04_bs16_modL1_fusion32_fusionL1_drop0p2_trmiss80_trlocclin,1,0.7311466584602991,0.702863891919454,0.43487394957983194,0.6338805602736811,0.4444444444444444,0.0,0.0,0.0,0.0,2002,clin,0.8
4,2,lr1e-04_bs16_modL1_fusion32_fusionL1_drop0p2_trmiss80_trlocclin,16,0.0001,1,32,1,0.2,lr1e-04_bs16_modL1_fusion32_fusionL1_drop0p2_trmiss80_trlocclin,2,0.6815304756164551,0.7091943224271139,0.45588235294117646,0.6454087813736611,0.4444444444444444,0.0,0.0,0.0,0.0,2002,clin,0.8
4,2,lr1e-04_bs16_modL1_fusion32_fusionL1_drop0p2_trmiss80_trlocclin,16,0.0001,1,32,1,0.2,lr1e-04_bs16_modL1_fusion32_fusionL1_drop0p2_trmiss80_trlocclin,3,0.6602971305449804,0.714077353477478,0.4789915966386555,0.6485769812149706,0.4666666666666667,0.0,0.0,0.0,0.0,2002,clin,0.8
4,2,lr1e-04_bs16_modL1_fusion32_fusionL1_drop0p2_trmiss80_trlocclin,16,0.0001,1,32,1,0.2,lr1e-04_bs16_modL1_fusion32_fusionL1_drop0p2_trmiss80_trlocclin,4,0.6318114995956421,0.7174274126688639,0.5189075630252101,0.6716814408665795,0.4666666666666667,0.0,0.0,0.0,0.0,2002,clin,0.8
4,2,lr1e-04_bs16_modL1_fusion32_fusionL1_drop0p2_trmiss80_trlocclin,16,0.0001,1,32,1,0.2,lr1e-04_bs16_modL1_fusion32_fusionL1_drop0p2_trmiss80_trlocclin,5,0.6336601028839747,0.7153283953666687,0.49579831932773105,0.661994359697705,0.4888888888888889,0.0,0.0,0.0,0.0,2002,clin,0.8
4,2,lr1e-04_bs16_modL1_fusion32_fusionL1_drop0p2_trmiss80_trlocclin,16,0.0001,1,32,1,0.2,lr1e-04_bs16_modL1_fusion32_fusionL1_drop0p2_trmiss80_trlocclin,6,0.6108798732360204,0.7271158893903097,0.4516806722689076,0.6428918583888049,0.4222222222222222,0.0,0.0,0.0,0.0,2002,clin,0.8
4,2,lr1e-04_bs16_modL1_fusion32_fusionL1_drop0p2_trmiss80_trlocclin,16,0.0001,1,32,1,0.2,lr1e-04_bs16_modL1_fusion32_fusionL1_drop0p2_trmiss80_trlocclin,7,0.5749409943819046,0.7255035440127054,0.4432773109243697,0.6299238906912942,0.4,0.0,0.0,0.0,0.0,2002,clin,0.8
4,2,lr1e-04_bs16_modL1_fusion32_fusionL1_drop0p2_trmiss80_trlocclin,16,0.0001,1,32,1,0.2,lr1e-04_bs16_modL1_fusion32_fusionL1_drop0p2_trmiss80_trlocclin,8,0.5769757851958275,0.7294772863388062,0.4411764705882353,0.6315588845477994,0.4222222222222222,0.0,0.0,0.0,0.0,2002,clin,0.8
4,2,lr1e-04_bs16_modL1_fusion32_fusionL1_drop0p2_trmiss80_trlocclin,16,0.0001,1,32,1,0.2,lr1e-04_bs16_modL1_fusion32_fusionL1_drop0p2_trmiss80_trlocclin,9,0.5643000354369482,0.7258517940839132,0.4474789915966387,0.6318203909183991,0.4444444444444444,0.0,0.0,0.0,0.0,2002,clin,0.8
4,2,lr1e-04_bs16_modL1_fusion32_fusionL1_drop0p2_trmiss80_trlocclin,16,0.0001,1,32,1,0.2,lr1e-04_bs16_modL1_fusion32_fusionL1_drop0p2_trmiss80_trlocclin,10,0.549641157190005,0.7225502928098043,0.4432773109243697,0.6315807036365618,0.4222222222222222,0.0,0.0,0.0,0.0,2002,clin,0.8
4,2,lr1e-04_bs16_modL1_fusion32_fusionL1_drop0p2_trmiss80_trlocclin,16,0.0001,1,32,1,0.2,lr1e-04_bs16_modL1_fusion32_fusionL1_drop0p2_trmiss80_trlocclin,11,0.5448604474465052,0.719684898853302,0.43487394957983194,0.6321738948557443,0.4222222222222222,0.0,0.0,0.0,0.0,2002,clin,0.8
4,2,lr1e-04_bs16_modL1_fusion32_fusionL1_drop0p2_trmiss80_trlocclin,16,0.0001,1,32,1,0.2,lr1e-04_bs16_modL1_fusion32_fusionL1_drop0p2_trmiss80_trlocclin,12,0.5465109174450239,0.7234234015146891,0.4495798319327731,0.633579648479735,0.4222222222222222,0.0,0.0,0.0,0.0,2002,clin,0.8
4,2,lr1e-04_bs16_modL1_fusion32_fusionL1_drop0p2_trmiss80_trlocclin,16,0.0001,1,32,1,0.2,lr1e-04_bs16_modL1_fusion32_fusionL1_drop0p2_trmiss80_trlocclin,13,0.549556091427803,0.7324724992116293,0.44537815126050423,0.6447785972994793,0.4222222222222222,0.0,0.0,0.0,0.0,2002,clin,0.8
4,2,lr1e-04_bs16_modL1_fusion32_fusionL1_drop0p2_trmiss80_trlocclin,16,0.0001,1,32,1,0.2,lr1e-04_bs16_modL1_fusion32_fusionL1_drop0p2_trmiss80_trlocclin,14,0.5518427640199661,0.737180233001709,0.43907563025210083,0.6339763416972432,0.4444444444444444,0.0,0.0,0.0,0.0,2002,clin,0.8
4,2,lr1e-04_bs16_modL1_fusion32_fusionL1_drop0p2_trmiss80_trlocclin,16,0.0001,1,32,1,0.2,lr1e-04_bs16_modL1_fusion32_fusionL1_drop0p2_trmiss80_trlocclin,15,0.5372173289457957,0.7399683793385824,0.4411764705882353,0.640588455943955,0.4222222222222222,0.0,0.0,0.0,0.0,2002,clin,0.8
4,2,lr1e-04_bs16_modL1_fusion32_fusionL1_drop0p2_trmiss80_trlocclin,16,0.0001,1,32,1,0.2,lr1e-04_bs16_modL1_fusion32_fusionL1_drop0p2_trmiss80_trlocclin,16,0.5371877824266752,0.7405943473180135,0.42647058823529416,0.6341439226742863,0.4,0.0,0.0,0.0,0.0,2002,clin,0.8
4,2,lr1e-04_bs16_modL1_fusion32_fusionL1_drop0p2_trmiss80_trlocclin,16,0.0001,1,32,1,0.2,lr1e-04_bs16_modL1_fusion32_fusionL1_drop0p2_trmiss80_trlocclin,17,0.5306970650951067,0.7400532960891724,0.4054621848739496,0.6206394833290263,0.4,0.0,0.0,0.0,0.0,2002,clin,0.8
4,2,lr1e-04_bs16_modL1_fusion32_fusionL1_drop0p2_trmiss80_trlocclin,16,0.0001,1,32,1,0.2,lr1e-04_bs16_modL1_fusion32_fusionL1_drop0p2_trmiss80_trlocclin,18,0.5140047892928123,0.7413607438405355,0.411764705882353,0.6211191677090822,0.4,0.0,0.0,0.0,0.0,2002,clin,0.8
4,2,lr1e-04_bs16_modL1_fusion32_fusionL1_drop0p2_trmiss80_trlocclin,16,0.0001,1,32,1,0.2,lr1e-04_bs16_modL1_fusion32_fusionL1_drop0p2_trmiss80_trlocclin,19,0.5253534143169721,0.7411066889762878,0.4222689075630252,0.629297396883829,0.37777777777777777,0.0,0.0,0.0,0.0,2002,clin,0.8
4,2,lr1e-04_bs16_modL1_fusion32_fusionL1_drop0p2_trmiss80_trlocclin,16,0.0001,1,32,1,0.2,lr1e-04_bs16_modL1_fusion32_fusionL1_drop0p2_trmiss80_trlocclin,20,0.484455627699693,0.7366137305895487,0.4096638655462185,0.622938289404115,0.4,0.0,0.0,0.0,0.0,2002,clin,0.8
4,2,lr1e-04_bs16_modL1_fusion32_fusionL1_drop0p2_trmiss80_trlocclin,16,0.0001,1,32,1,0.2,lr1e-04_bs16_modL1_fusion32_fusionL1_drop0p2_trmiss80_trlocclin,21,0.49581639220317203,0.7327261567115784,0.42226890756302526,0.627452344921296,0.4,0.0,0.0,0.0,0.0,2002,clin,0.8
4,2,lr1e-04_bs16_modL1_fusion32_fusionL1_drop0p2_trmiss80_trlocclin,16,0.0001,1,32,1,0.2,lr1e-04_bs16_modL1_fusion32_fusionL1_drop0p2_trmiss80_trlocclin,22,0.503685270746549,0.7357860406239828,0.4222689075630252,0.6285863983336745,0.4,0.0,0.0,0.0,0.0,2002,clin,0.8
4,2,lr1e-04_bs16_modL1_fusion32_fusionL1_drop0p2_trmiss80_trlocclin,16,0.0001,1,32,1,0.2,lr1e-04_bs16_modL1_fusion32_fusionL1_drop0p2_trmiss80_trlocclin,23,0.5105532755454382,0.7351109782854716,0.411764705882353,0.6172698244772821,0.4444444444444444,0.0,0.0,0.0,0.0,2002,clin,0.8
4,2,lr1e-04_bs16_modL1_fusion32_fusionL1_drop0p2_trmiss80_trlocclin,16,0.0001,1,32,1,0.2,lr1e-04_bs16_modL1_fusion32_fusionL1_drop0p2_trmiss80_trlocclin,24,0.4999332105120023,0.7351943651835123,0.40756302521008403,0.6184354865746704,0.4222222222222222,0.0,0.0,0.0,0.0,2002,clin,0.8
4,2,lr1e-04_bs16_modL1_fusion32_fusionL1_drop0p1_trmiss80_trlocclin,16,0.0001,1,32,1,0.1,lr1e-04_bs16_modL1_fusion32_fusionL1_drop0p1_trmiss80_trlocclin,1,0.6910523325204849,0.6761688987414042,0.615546218487395,0.6782132095092467,0.6,0.0,0.0,0.0,0.0,2002,clin,0.8
4,2,lr1e-04_bs16_modL1_fusion32_fusionL1_drop0p1_trmiss80_trlocclin,16,0.0001,1,32,1,0.1,lr1e-04_bs16_modL1_fusion32_fusionL1_drop0p1_trmiss80_trlocclin,2,0.6607236464818319,0.6762009064356486,0.5840336134453782,0.6940087519817237,0.6,0.0,0.0,0.0,0.0,2002,clin,0.8
4,2,lr1e-04_bs16_modL1_fusion32_fusionL1_drop0p1_trmiss80_trlocclin,16,0.0001,1,32,1,0.1,lr1e-04_bs16_modL1_fusion32_fusionL1_drop0p1_trmiss80_trlocclin,3,0.6443658471107483,0.6746950149536133,0.5903361344537815,0.6991048697058809,0.6,0.0,0.0,0.0,0.0,2002,clin,0.8
4,2,lr1e-04_bs16_modL1_fusion32_fusionL1_drop0p1_trmiss80_trlocclin,16,0.0001,1,32,1,0.1,lr1e-04_bs16_modL1_fusion32_fusionL1_drop0p1_trmiss80_trlocclin,4,0.6121717790762583,0.6666818261146545,0.6281512605042017,0.7135730254358086,0.6666666666666666,0.0,0.0,0.0,0.0,2002,clin,0.8
4,2,lr1e-04_bs16_modL1_fusion32_fusionL1_drop0p1_trmiss80_trlocclin,16,0.0001,1,32,1,0.1,lr1e-04_bs16_modL1_fusion32_fusionL1_drop0p1_trmiss80_trlocclin,5,0.5992675324281057,0.6644649505615234,0.6260504201680672,0.7163476479872349,0.7111111111111111,0.0,0.0,0.0,0.0,2002,clin,0.8
4,2,lr1e-04_bs16_modL1_fusion32_fusionL1_drop0p1_trmiss80_trlocclin,16,0.0001,1,32,1,0.1,lr1e-04_bs16_modL1_fusion32_fusionL1_drop0p1_trmiss80_trlocclin,6,0.5864652593930563,0.6643849809964498,0.6428571428571428,0.7215278596930893,0.6888888888888889,0.0,0.0,0.0,0.0,2002,clin,0.8
4,2,lr1e-04_bs16_modL1_fusion32_fusionL1_drop0p1_trmiss80_trlocclin,16,0.0001,1,32,1,0.1,lr1e-04_bs16_modL1_fusion32_fusionL1_drop0p1_trmiss80_trlocclin,7,0.5717382580041885,0.6631291111310323,0.6407563025210083,0.724947710040385,0.6888888888888889,0.0,0.0,0.0,0.0,2002,clin,0.8
4,2,lr1e-04_bs16_modL1_fusion32_fusionL1_drop0p1_trmiss80_trlocclin,16,0.0001,1,32,1,0.1,lr1e-04_bs16_modL1_fusion32_fusionL1_drop0p1_trmiss80_trlocclin,8,0.5643023202816645,0.662343700726827,0.6449579831932774,0.7468758163167968,0.6666666666666666,0.0,0.0,0.0,0.0,2002,clin,0.8
4,2,lr1e-04_bs16_modL1_fusion32_fusionL1_drop0p1_trmiss80_trlocclin,16,0.0001,1,32,1,0.1,lr1e-04_bs16_modL1_fusion32_fusionL1_drop0p1_trmiss80_trlocclin,9,0.5450049812595049,0.657080888748169,0.6596638655462185,0.7519427631718422,0.6888888888888889,0.0,0.0,0.0,0.0,2002,clin,0.8
4,2,lr1e-04_bs16_modL1_fusion32_fusionL1_drop0p1_trmiss80_trlocclin,16,0.0001,1,32,1,0.1,lr1e-04_bs16_modL1_fusion32_fusionL1_drop0p1_trmiss80_trlocclin,10,0.5403845955928167,0.6593508323033651,0.6533613445378151,0.7299408203835732,0.6888888888888889,0.0,0.0,0.0,0.0,2002,clin,0.8
4,2,lr1e-04_bs16_modL1_fusion32_fusionL1_drop0p1_trmiss80_trlocclin,16,0.0001,1,32,1,0.1,lr1e-04_bs16_modL1_fusion32_fusionL1_drop0p1_trmiss80_trlocclin,11,0.5148021628459295,0.6707659165064493,0.5714285714285714,0.6653049375551322,0.6222222222222222,0.0,0.0,0.0,0.0,2002,clin,0.8
4,2,lr1e-04_bs16_modL1_fusion32_fusionL1_drop0p1_trmiss80_trlocclin,16,0.0001,1,32,1,0.1,lr1e-04_bs16_modL1_fusion32_fusionL1_drop0p1_trmiss80_trlocclin,12,0.5068650270501772,0.664199948310852,0.6029411764705883,0.6943765814804134,0.6666666666666666,0.0,0.0,0.0,0.0,2002,clin,0.8
4,2,lr1e-04_bs16_modL1_fusion32_fusionL1_drop0p1_trmiss80_trlocclin,16,0.0001,1,32,1,0.1,lr1e-04_bs16_modL1_fusion32_fusionL1_drop0p1_trmiss80_trlocclin,13,0.5004715944329897,0.6629829605420431,0.6134453781512605,0.708232549375194,0.6444444444444445,0.0,0.0,0.0,0.0,2002,clin,0.8
4,2,lr1e-04_bs16_modL1_fusion32_fusionL1_drop0p1_trmiss80_trlocclin,16,0.0001,1,32,1,0.1,lr1e-04_bs16_modL1_fusion32_fusionL1_drop0p1_trmiss80_trlocclin,14,0.4829245110352834,0.6680087049802145,0.588235294117647,0.7081180350599748,0.6,0.0,0.0,0.0,0.0,2002,clin,0.8
4,2,lr1e-04_bs16_modL1_fusion32_fusionL1_drop0p1_trmiss80_trlocclin,16,0.0001,1,32,1,0.1,lr1e-04_bs16_modL1_fusion32_fusionL1_drop0p1_trmiss80_trlocclin,15,0.47085680315891904,0.6717520157496134,0.5735294117647058,0.6807902944886378,0.5777777777777777,0.0,0.0,0.0,0.0,2002,clin,0.8
4,2,lr1e-04_bs16_modL1_fusion32_fusionL1_drop0p1_trmiss80_trlocclin,16,0.0001,1,32,1,0.1,lr1e-04_bs16_modL1_fusion32_fusionL1_drop0p1_trmiss80_trlocclin,16,0.4625740696986516,0.671774168809255,0.5546218487394958,0.6737002590327682,0.5777777777777777,0.0,0.0,0.0,0.0,2002,clin,0.8
4,2,lr1e-04_bs16_modL1_fusion32_fusionL1_drop0p1_trmiss80_trlocclin,16,0.0001,1,32,1,0.1,lr1e-04_bs16_modL1_fusion32_fusionL1_drop0p1_trmiss80_trlocclin,17,0.46696874250968295,0.6661254366238912,0.5651260504201681,0.6886615258542343,0.5777777777777777,0.0,0.0,0.0,0.0,2002,clin,0.8
4,2,lr1e-04_bs16_modL1_fusion32_fusionL1_drop0p1_trmiss80_trlocclin,16,0.0001,1,32,1,0.1,lr1e-04_bs16_modL1_fusion32_fusionL1_drop0p1_trmiss80_trlocclin,18,0.46272070705890656,0.6671048800150553,0.5651260504201681,0.6875037968639635,0.6,0.0,0.0,0.0,0.0,2002,clin,0.8
4,2,lr1e-04_bs16_modL1_fusion32_fusionL1_drop0p1_trmiss80_trlocclin,16,0.0001,1,32,1,0.1,lr1e-04_bs16_modL1_fusion32_fusionL1_drop0p1_trmiss80_trlocclin,19,0.47995323687791824,0.6744988560676575,0.5546218487394958,0.7002210847473643,0.5333333333333333,0.0,0.0,0.0,0.0,2002,clin,0.8
4,2,lr1e-04_bs16_modL1_fusion32_fusionL1_drop0p1_trmiss80_trlocclin,16,0.0001,1,32,1,0.1,lr1e-04_bs16_modL1_fusion32_fusionL1_drop0p1_trmiss80_trlocclin,20,0.45083994418382645,0.6741324265797933,0.5504201680672269,0.7028037978105638,0.5555555555555556,0.0,0.0,0.0,0.0,2002,clin,0.8
4,2,lr1e-04_bs16_modL1_fusion32_fusionL1_drop0p1_trmiss80_trlocclin,16,0.0001,1,32,1,0.1,lr1e-04_bs16_modL1_fusion32_fusionL1_drop0p1_trmiss80_trlocclin,21,0.43243525673945743,0.667344848314921,0.5756302521008403,0.7251280874783752,0.6,0.0,0.0,0.0,0.0,2002,clin,0.8
4,2,lr1e-04_bs16_modL1_fusion32_fusionL1_drop0p1_trmiss80_trlocclin,16,0.0001,1,32,1,0.1,lr1e-04_bs16_modL1_fusion32_fusionL1_drop0p1_trmiss80_trlocclin,22,0.4477214887738228,0.6709999839464823,0.5798319327731093,0.7258083636101569,0.5555555555555556,0.0,0.0,0.0,0.0,2002,clin,0.8
4,2,lr1e-04_bs16_modL1_fusion32_fusionL1_drop0p1_trmiss80_trlocclin,16,0.0001,1,32,1,0.1,lr1e-04_bs16_modL1_fusion32_fusionL1_drop0p1_trmiss80_trlocclin,23,0.4347484310468038,0.6691237886746725,0.5756302521008403,0.7047180690275955,0.6,0.0,0.0,0.0,0.0,2002,clin,0.8
4,2,lr1e-04_bs16_modL1_fusion32_fusionL1_drop0p1_trmiss80_trlocclin,16,0.0001,1,32,1,0.1,lr1e-04_bs16_modL1_fusion32_fusionL1_drop0p1_trmiss80_trlocclin,24,0.4301241586605708,0.6681233247121176,0.5882352941176471,0.7219428778363274,0.5555555555555556,0.0,0.0,0.0,0.0,2002,clin,0.8
4,2,lr1e-04_bs16_modL1_fusion32_fusionL1_drop0p1_trmiss80_trlocclin,16,0.0001,1,32,1,0.1,lr1e-04_bs16_modL1_fusion32_fusionL1_drop0p1_trmiss80_trlocclin,25,0.43671548863252,0.6676648259162903,0.5588235294117647,0.7106541156329562,0.6,0.0,0.0,0.0,0.0,2002,clin,0.8
4,2,lr1e-04_bs16_modL1_fusion32_fusionL1_drop0p1_trmiss80_trlocclin,16,0.0001,1,32,1,0.1,lr1e-04_bs16_modL1_fusion32_fusionL1_drop0p1_trmiss80_trlocclin,26,0.4435449466109276,0.6649366021156311,0.5819327731092436,0.7275351972233882,0.5777777777777777,0.0,0.0,0.0,0.0,2002,clin,0.8
4,2,lr1e-04_bs16_modL1_fusion32_fusionL1_drop0p1_trmiss80_trlocclin,16,0.0001,1,32,1,0.1,lr1e-04_bs16_modL1_fusion32_fusionL1_drop0p1_trmiss80_trlocclin,27,0.41059426218271255,0.669785221417745,0.5735294117647058,0.7174423374800418,0.5777777777777777,0.0,0.0,0.0,0.0,2002,clin,0.8
4,2,lr1e-04_bs16_modL1_fusion32_fusionL1_drop0p1_trmiss80_trlocclin,16,0.0001,1,32,1,0.1,lr1e-04_bs16_modL1_fusion32_fusionL1_drop0p1_trmiss80_trlocclin,28,0.4286093935370445,0.6773384610811869,0.5588235294117647,0.6993155787932438,0.5333333333333333,0.0,0.0,0.0,0.0,2002,clin,0.8
4,2,lr1e-04_bs16_modL1_fusion32_fusionL1_drop0p1_trmiss80_trlocclin,16,0.0001,1,32,1,0.1,lr1e-04_bs16_modL1_fusion32_fusionL1_drop0p1_trmiss80_trlocclin,29,0.4199494893352191,0.6726847092310587,0.5630252100840336,0.699147261660641,0.5555555555555556,0.0,0.0,0.0,0.0,2002,clin,0.8
4,2,lr1e-04_bs16_modL1_fusion64_fusionL1_drop0p2_trmiss80_trlocclin,16,0.0001,1,64,1,0.2,lr1e-04_bs16_modL1_fusion64_fusionL1_drop0p2_trmiss80_trlocclin,1,0.6808016101519266,0.6944516698519388,0.46848739495798325,0.7119968937563698,0.4222222222222222,0.0,0.0,0.0,0.0,2002,clin,0.8
4,2,lr1e-04_bs16_modL1_fusion64_fusionL1_drop0p2_trmiss80_trlocclin,16,0.0001,1,64,1,0.2,lr1e-04_bs16_modL1_fusion64_fusionL1_drop0p2_trmiss80_trlocclin,2,0.6439259648323059,0.6980815529823303,0.4642857142857143,0.6543407649427391,0.4444444444444444,0.0,0.0,0.0,0.0,2002,clin,0.8
4,2,lr1e-04_bs16_modL1_fusion64_fusionL1_drop0p2_trmiss80_trlocclin,16,0.0001,1,64,1,0.2,lr1e-04_bs16_modL1_fusion64_fusionL1_drop0p2_trmiss80_trlocclin,3,0.6201550563176473,0.6981300910313925,0.44117647058823534,0.6309338076442778,0.4888888888888889,0.0,0.0,0.0,0.0,2002,clin,0.8
4,2,lr1e-04_bs16_modL1_fusion64_fusionL1_drop0p2_trmiss80_trlocclin,16,0.0001,1,64,1,0.2,lr1e-04_bs16_modL1_fusion64_fusionL1_drop0p2_trmiss80_trlocclin,4,0.5926078657309214,0.695370614528656,0.46218487394957986,0.6544812190364367,0.5111111111111111,0.0,0.0,0.0,0.0,2002,clin,0.8
4,2,lr1e-04_bs16_modL1_fusion64_fusionL1_drop0p2_trmiss80_trlocclin,16,0.0001,1,64,1,0.2,lr1e-04_bs16_modL1_fusion64_fusionL1_drop0p2_trmiss80_trlocclin,5,0.5838644802570343,0.704812745253245,0.4285714285714286,0.6505062307903295,0.4888888888888889,0.0,0.0,0.0,0.0,2002,clin,0.8
4,2,lr1e-04_bs16_modL1_fusion64_fusionL1_drop0p2_trmiss80_trlocclin,16,0.0001,1,64,1,0.2,lr1e-04_bs16_modL1_fusion64_fusionL1_drop0p2_trmiss80_trlocclin,6,0.554110199213028,0.7003047267595927,0.4432773109243697,0.6469738052765314,0.5111111111111111,0.0,0.0,0.0,0.0,2002,clin,0.8
4,2,lr1e-04_bs16_modL1_fusion64_fusionL1_drop0p2_trmiss80_trlocclin,16,0.0001,1,64,1,0.2,lr1e-04_bs16_modL1_fusion64_fusionL1_drop0p2_trmiss80_trlocclin,7,0.5541021128495535,0.7039271593093872,0.4369747899159664,0.6260379731818172,0.4666666666666667,0.0,0.0,0.0,0.0,2002,clin,0.8
4,2,lr1e-04_bs16_modL1_fusion64_fusionL1_drop0p2_trmiss80_trlocclin,16,0.0001,1,64,1,0.2,lr1e-04_bs16_modL1_fusion64_fusionL1_drop0p2_trmiss80_trlocclin,8,0.5512012193600336,0.6963816285133362,0.4642857142857143,0.664508156051152,0.4888888888888889,0.0,0.0,0.0,0.0,2002,clin,0.8
4,2,lr1e-04_bs16_modL1_fusion64_fusionL1_drop0p2_trmiss80_trlocclin,16,0.0001,1,64,1,0.2,lr1e-04_bs16_modL1_fusion64_fusionL1_drop0p2_trmiss80_trlocclin,9,0.5152362361550331,0.6972407499949137,0.47058823529411764,0.6725411499167435,0.4666666666666667,0.0,0.0,0.0,0.0,2002,clin,0.8
4,2,lr1e-04_bs16_modL1_fusion64_fusionL1_drop0p2_trmiss80_trlocclin,16,0.0001,1,64,1,0.2,lr1e-04_bs16_modL1_fusion64_fusionL1_drop0p2_trmiss80_trlocclin,10,0.5209551801284155,0.6889830629030863,0.4852941176470588,0.6797251217968394,0.4888888888888889,0.0,0.0,0.0,0.0,2002,clin,0.8
4,2,lr1e-04_bs16_modL1_fusion64_fusionL1_drop0p2_trmiss80_trlocclin,16,0.0001,1,64,1,0.2,lr1e-04_bs16_modL1_fusion64_fusionL1_drop0p2_trmiss80_trlocclin,11,0.5029988909761111,0.6909599105517069,0.47058823529411764,0.6657136132165292,0.4888888888888889,0.0,0.0,0.0,0.0,2002,clin,0.8
4,2,lr1e-04_bs16_modL1_fusion64_fusionL1_drop0p2_trmiss80_trlocclin,16,0.0001,1,64,1,0.2,lr1e-04_bs16_modL1_fusion64_fusionL1_drop0p2_trmiss80_trlocclin,12,0.4929182901978493,0.6938961148262024,0.46638655462184875,0.6624352311733787,0.4666666666666667,0.0,0.0,0.0,0.0,2002,clin,0.8
4,2,lr1e-04_bs16_modL1_fusion64_fusionL1_drop0p2_trmiss80_trlocclin,16,0.0001,1,64,1,0.2,lr1e-04_bs16_modL1_fusion64_fusionL1_drop0p2_trmiss80_trlocclin,13,0.47554294516642887,0.7035597562789917,0.43907563025210083,0.6532125068094827,0.4444444444444444,0.0,0.0,0.0,0.0,2002,clin,0.8
4,2,lr1e-04_bs16_modL1_fusion64_fusionL1_drop0p2_trmiss80_trlocclin,16,0.0001,1,64,1,0.2,lr1e-04_bs16_modL1_fusion64_fusionL1_drop0p2_trmiss80_trlocclin,14,0.4964063689112663,0.7090641260147095,0.4474789915966386,0.6571709311037529,0.4666666666666667,0.0,0.0,0.0,0.0,2002,clin,0.8
4,2,lr1e-04_bs16_modL1_fusion64_fusionL1_drop0p2_trmiss80_trlocclin,16,0.0001,1,64,1,0.2,lr1e-04_bs16_modL1_fusion64_fusionL1_drop0p2_trmiss80_trlocclin,15,0.510047676662604,0.7087593674659729,0.43907563025210083,0.6334819248273559,0.4666666666666667,0.0,0.0,0.0,0.0,2002,clin,0.8
4,2,lr1e-04_bs16_modL1_fusion64_fusionL1_drop0p2_trmiss80_trlocclin,16,0.0001,1,64,1,0.2,lr1e-04_bs16_modL1_fusion64_fusionL1_drop0p2_trmiss80_trlocclin,16,0.4658589983979861,0.7177696625391642,0.42436974789915966,0.6195110684846937,0.4888888888888889,0.0,0.0,0.0,0.0,2002,clin,0.8
4,2,lr1e-04_bs16_modL1_fusion64_fusionL1_drop0p2_trmiss80_trlocclin,16,0.0001,1,64,1,0.2,lr1e-04_bs16_modL1_fusion64_fusionL1_drop0p2_trmiss80_trlocclin,17,0.4738432417313258,0.7095973292986552,0.4222689075630252,0.6321374263400887,0.4666666666666667,0.0,0.0,0.0,0.0,2002,clin,0.8
4,2,lr1e-04_bs16_modL1_fusion64_fusionL1_drop0p2_trmiss80_trlocclin,16,0.0001,1,64,1,0.2,lr1e-04_bs16_modL1_fusion64_fusionL1_drop0p2_trmiss80_trlocclin,18,0.471476748585701,0.7165874441464742,0.42647058823529416,0.6293731869451641,0.4666666666666667,0.0,0.0,0.0,0.0,2002,clin,0.8
4,2,lr1e-04_bs16_modL1_fusion64_fusionL1_drop0p2_trmiss80_trlocclin,16,0.0001,1,64,1,0.2,lr1e-04_bs16_modL1_fusion64_fusionL1_drop0p2_trmiss80_trlocclin,19,0.47267715136210126,0.7173982461293539,0.42226890756302526,0.6273730597200117,0.4666666666666667,0.0,0.0,0.0,0.0,2002,clin,0.8
4,2,lr1e-04_bs16_modL1_fusion64_fusionL1_drop0p2_trmiss80_trlocclin,16,0.0001,1,64,1,0.2,lr1e-04_bs16_modL1_fusion64_fusionL1_drop0p2_trmiss80_trlocclin,20,0.4673326288660367,0.7140534917513529,0.4327731092436975,0.6237372540804517,0.4666666666666667,0.0,0.0,0.0,0.0,2002,clin,0.8
4,2,lr1e-04_bs16_modL1_fusion64_fusionL1_drop0p2_trmiss80_trlocclin,16,0.0001,1,64,1,0.2,lr1e-04_bs16_modL1_fusion64_fusionL1_drop0p2_trmiss80_trlocclin,21,0.47148729612429935,0.7145564158757528,0.44537815126050423,0.6361474150338011,0.4444444444444444,0.0,0.0,0.0,0.0,2002,clin,0.8
4,2,lr1e-04_bs16_modL1_fusion64_fusionL1_drop0p2_trmiss80_trlocclin,16,0.0001,1,64,1,0.2,lr1e-04_bs16_modL1_fusion64_fusionL1_drop0p2_trmiss80_trlocclin,22,0.45717621346314746,0.7209844986597697,0.43067226890756305,0.6198566368739927,0.4666666666666667,0.0,0.0,0.0,0.0,2002,clin,0.8
4,2,lr1e-04_bs16_modL1_fusion64_fusionL1_drop0p2_trmiss80_trlocclin,16,0.0001,1,64,1,0.2,lr1e-04_bs16_modL1_fusion64_fusionL1_drop0p2_trmiss80_trlocclin,23,0.4368107219537099,0.7197262048721313,0.42857142857142855,0.6164980916785981,0.4444444444444444,0.0,0.0,0.0,0.0,2002,clin,0.8
4,2,lr1e-04_bs16_modL1_fusion64_fusionL1_drop0p2_trmiss80_trlocclin,16,0.0001,1,64,1,0.2,lr1e-04_bs16_modL1_fusion64_fusionL1_drop0p2_trmiss80_trlocclin,24,0.4362570022543271,0.7240190704663595,0.4159663865546218,0.6068960393813924,0.4666666666666667,0.0,0.0,0.0,0.0,2002,clin,0.8
4,2,lr1e-04_bs16_modL1_fusion64_fusionL1_drop0p2_trmiss80_trlocclin,16,0.0001,1,64,1,0.2,lr1e-04_bs16_modL1_fusion64_fusionL1_drop0p2_trmiss80_trlocclin,25,0.4335268909732501,0.7246982852617899,0.4180672268907563,0.6102150288341727,0.4666666666666667,0.0,0.0,0.0,0.0,2002,clin,0.8
4,2,lr1e-04_bs16_modL1_fusion64_fusionL1_drop0p2_trmiss80_trlocclin,16,0.0001,1,64,1,0.2,lr1e-04_bs16_modL1_fusion64_fusionL1_drop0p2_trmiss80_trlocclin,26,0.4217895691593488,0.7263012925783793,0.4159663865546218,0.615578609935692,0.4666666666666667,0.0,0.0,0.0,0.0,2002,clin,0.8
4,2,lr1e-04_bs16_modL1_fusion64_fusionL1_drop0p2_trmiss80_trlocclin,16,0.0001,1,64,1,0.2,lr1e-04_bs16_modL1_fusion64_fusionL1_drop0p2_trmiss80_trlocclin,27,0.4503549337387085,0.7283664544423422,0.41806722689075626,0.6242224492707293,0.4666666666666667,0.0,0.0,0.0,0.0,2002,clin,0.8
4,2,lr1e-04_bs16_modL1_fusion64_fusionL1_drop0p2_trmiss80_trlocclin,16,0.0001,1,64,1,0.2,lr1e-04_bs16_modL1_fusion64_fusionL1_drop0p2_trmiss80_trlocclin,28,0.44395532459020615,0.733415424823761,0.42647058823529416,0.6297694228305767,0.4888888888888889,0.0,0.0,0.0,0.0,2002,clin,0.8
4,2,lr1e-04_bs16_modL1_fusion64_fusionL1_drop0p2_trmiss80_trlocclin,16,0.0001,1,64,1,0.2,lr1e-04_bs16_modL1_fusion64_fusionL1_drop0p2_trmiss80_trlocclin,29,0.4125665823618571,0.7310008009274801,0.4096638655462185,0.6205173347490514,0.4888888888888889,0.0,0.0,0.0,0.0,2002,clin,0.8
4,2,lr1e-04_bs16_modL1_fusion64_fusionL1_drop0p2_trmiss80_trlocclin,16,0.0001,1,64,1,0.2,lr1e-04_bs16_modL1_fusion64_fusionL1_drop0p2_trmiss80_trlocclin,30,0.45770211269458133,0.7302749355634054,0.4180672268907563,0.6335808854379674,0.4444444444444444,0.0,0.0,0.0,0.0,2002,clin,0.8
4,2,lr1e-04_bs16_modL1_fusion64_fusionL1_drop0p1_trmiss80_trlocclin,16,0.0001,1,64,1,0.1,lr1e-04_bs16_modL1_fusion64_fusionL1_drop0p1_trmiss80_trlocclin,1,0.7292941709359487,0.7083369096120199,0.5042016806722689,0.620801450821951,0.4666666666666667,0.0,0.0,0.0,0.0,2002,clin,0.8
4,2,lr1e-04_bs16_modL1_fusion64_fusionL1_drop0p1_trmiss80_trlocclin,16,0.0001,1,64,1,0.1,lr1e-04_bs16_modL1_fusion64_fusionL1_drop0p1_trmiss80_trlocclin,2,0.6753957370917002,0.7161216537157694,0.542016806722689,0.6234371988487764,0.4888888888888889,0.0,0.0,0.0,0.0,2002,clin,0.8
4,2,lr1e-04_bs16_modL1_fusion64_fusionL1_drop0p1_trmiss80_trlocclin,16,0.0001,1,64,1,0.1,lr1e-04_bs16_modL1_fusion64_fusionL1_drop0p1_trmiss80_trlocclin,3,0.6230707863966624,0.7245942751566569,0.5336134453781513,0.6217047212122301,0.4444444444444444,0.0,0.0,0.0,0.0,2002,clin,0.8
4,2,lr1e-04_bs16_modL1_fusion64_fusionL1_drop0p1_trmiss80_trlocclin,16,0.0001,1,64,1,0.1,lr1e-04_bs16_modL1_fusion64_fusionL1_drop0p1_trmiss80_trlocclin,4,0.6000160376230875,0.7260346015294393,0.5588235294117647,0.6562345361464361,0.5111111111111111,0.0,0.0,0.0,0.0,2002,clin,0.8
4,2,lr1e-04_bs16_modL1_fusion64_fusionL1_drop0p1_trmiss80_trlocclin,16,0.0001,1,64,1,0.1,lr1e-04_bs16_modL1_fusion64_fusionL1_drop0p1_trmiss80_trlocclin,5,0.5645941545565923,0.727391521135966,0.5525210084033614,0.6596440518592901,0.5555555555555556,0.0,0.0,0.0,0.0,2002,clin,0.8
4,2,lr1e-04_bs16_modL1_fusion64_fusionL1_drop0p1_trmiss80_trlocclin,16,0.0001,1,64,1,0.1,lr1e-04_bs16_modL1_fusion64_fusionL1_drop0p1_trmiss80_trlocclin,6,0.5451872522632281,0.7274804512659708,0.5399159663865546,0.6559891455089625,0.5555555555555556,0.0,0.0,0.0,0.0,2002,clin,0.8
4,2,lr1e-04_bs16_modL1_fusion64_fusionL1_drop0p1_trmiss80_trlocclin,16,0.0001,1,64,1,0.1,lr1e-04_bs16_modL1_fusion64_fusionL1_drop0p1_trmiss80_trlocclin,7,0.5199942191441854,0.7302336692810059,0.5210084033613445,0.6444190914437191,0.5111111111111111,0.0,0.0,0.0,0.0,2002,clin,0.8
4,2,lr1e-04_bs16_modL1_fusion64_fusionL1_drop0p1_trmiss80_trlocclin,16,0.0001,1,64,1,0.1,lr1e-04_bs16_modL1_fusion64_fusionL1_drop0p1_trmiss80_trlocclin,8,0.5250823472936949,0.7407112518946329,0.48949579831932777,0.6244559978138018,0.5111111111111111,0.0,0.0,0.0,0.0,2002,clin,0.8
4,2,lr1e-04_bs16_modL1_fusion64_fusionL1_drop0p1_trmiss80_trlocclin,16,0.0001,1,64,1,0.1,lr1e-04_bs16_modL1_fusion64_fusionL1_drop0p1_trmiss80_trlocclin,9,0.4851434454321861,0.7391265432039896,0.5,0.6397378271712791,0.4666666666666667,0.0,0.0,0.0,0.0,2002,clin,0.8
4,2,lr1e-04_bs16_modL1_fusion64_fusionL1_drop0p1_trmiss80_trlocclin,16,0.0001,1,64,1,0.1,lr1e-04_bs16_modL1_fusion64_fusionL1_drop0p1_trmiss80_trlocclin,10,0.4819641634821892,0.7526012261708578,0.4810924369747899,0.6285793473208694,0.4444444444444444,0.0,0.0,0.0,0.0,2002,clin,0.8
4,2,lr1e-04_bs16_modL1_fusion64_fusionL1_drop0p1_trmiss80_trlocclin,16,0.0001,1,64,1,0.1,lr1e-04_bs16_modL1_fusion64_fusionL1_drop0p1_trmiss80_trlocclin,11,0.46561121940612793,0.7599113583564758,0.46638655462184875,0.6238469723916422,0.4444444444444444,0.0,0.0,0.0,0.0,2002,clin,0.8
4,2,lr1e-04_bs16_modL1_fusion64_fusionL1_drop0p1_trmiss80_trlocclin,16,0.0001,1,64,1,0.1,lr1e-04_bs16_modL1_fusion64_fusionL1_drop0p1_trmiss80_trlocclin,12,0.44503308335940045,0.7562914888064066,0.45798319327731096,0.6242304599378897,0.4666666666666667,0.0,0.0,0.0,0.0,2002,clin,0.8
4,2,lr1e-04_bs16_modL1_fusion64_fusionL1_drop0p1_trmiss80_trlocclin,16,0.0001,1,64,1,0.1,lr1e-04_bs16_modL1_fusion64_fusionL1_drop0p1_trmiss80_trlocclin,13,0.46949585527181625,0.7577035625775655,0.4432773109243697,0.60747530735097,0.4888888888888889,0.0,0.0,0.0,0.0,2002,clin,0.8
4,2,lr1e-04_bs16_modL1_fusion64_fusionL1_drop0p1_trmiss80_trlocclin,16,0.0001,1,64,1,0.1,lr1e-04_bs16_modL1_fusion64_fusionL1_drop0p1_trmiss80_trlocclin,14,0.4403197839856148,0.7672471205393473,0.43487394957983194,0.6049795678486516,0.4888888888888889,0.0,0.0,0.0,0.0,2002,clin,0.8
4,2,lr1e-04_bs16_modL1_fusion64_fusionL1_drop0p1_trmiss80_trlocclin,16,0.0001,1,64,1,0.1,lr1e-04_bs16_modL1_fusion64_fusionL1_drop0p1_trmiss80_trlocclin,15,0.4290331229567528,0.7686047951380411,0.4327731092436975,0.6056805338671235,0.4444444444444444,0.0,0.0,0.0,0.0,2002,clin,0.8
4,2,lr1e-04_bs16_modL1_fusion64_fusionL1_drop0p1_trmiss80_trlocclin,16,0.0001,1,64,1,0.1,lr1e-04_bs16_modL1_fusion64_fusionL1_drop0p1_trmiss80_trlocclin,16,0.43395915379126865,0.7676063974698385,0.4453781512605042,0.6063509185372292,0.4888888888888889,0.0,0.0,0.0,0.0,2002,clin,0.8
4,2,lr1e-04_bs16_modL1_fusion64_fusionL1_drop0p1_trmiss80_trlocclin,16,0.0001,1,64,1,0.1,lr1e-04_bs16_modL1_fusion64_fusionL1_drop0p1_trmiss80_trlocclin,17,0.43072842061519623,0.7674337029457092,0.43487394957983194,0.6062190835786053,0.4222222222222222,0.0,0.0,0.0,0.0,2002,clin,0.8
4,2,lr1e-04_bs16_modL1_fusion64_fusionL1_drop0p1_trmiss80_trlocclin,16,0.0001,1,64,1,0.1,lr1e-04_bs16_modL1_fusion64_fusionL1_drop0p1_trmiss80_trlocclin,18,0.4281582534313202,0.783458431561788,0.43487394957983194,0.6075535784000066,0.4888888888888889,0.0,0.0,0.0,0.0,2002,clin,0.8
4,2,lr1e-04_bs16_modL1_fusion64_fusionL1_drop0p1_trmiss80_trlocclin,16,0.0001,1,64,1,0.1,lr1e-04_bs16_modL1_fusion64_fusionL1_drop0p1_trmiss80_trlocclin,19,0.41872883091370267,0.7725008130073547,0.4369747899159664,0.6055622897531484,0.4222222222222222,0.0,0.0,0.0,0.0,2002,clin,0.8
4,2,lr1e-04_bs16_modL1_fusion64_fusionL1_drop0p1_trmiss80_trlocclin,16,0.0001,1,64,1,0.1,lr1e-04_bs16_modL1_fusion64_fusionL1_drop0p1_trmiss80_trlocclin,20,0.3883625194430351,0.7690220276514689,0.4369747899159664,0.6064450596077686,0.4444444444444444,0.0,0.0,0.0,0.0,2002,clin,0.8
4,2,lr1e-04_bs16_modL1_fusion64_fusionL1_drop0p1_trmiss80_trlocclin,16,0.0001,1,64,1,0.1,lr1e-04_bs16_modL1_fusion64_fusionL1_drop0p1_trmiss80_trlocclin,21,0.4100988656282425,0.7656455636024475,0.4432773109243698,0.6079400193264125,0.4222222222222222,0.0,0.0,0.0,0.0,2002,clin,0.8
4,2,lr1e-04_bs16_modL1_fusion64_fusionL1_drop0p1_trmiss80_trlocclin,16,0.0001,1,64,1,0.1,lr1e-04_bs16_modL1_fusion64_fusionL1_drop0p1_trmiss80_trlocclin,22,0.4251571943362554,0.7829300761222839,0.4222689075630252,0.6011430636908319,0.4,0.0,0.0,0.0,0.0,2002,clin,0.8
4,2,lr1e-04_bs16_modL1_fusion64_fusionL1_drop0p1_trmiss80_trlocclin,16,0.0001,1,64,1,0.1,lr1e-04_bs16_modL1_fusion64_fusionL1_drop0p1_trmiss80_trlocclin,23,0.4039136121670405,0.77432648340861,0.43487394957983194,0.6159866046640194,0.4,0.0,0.0,0.0,0.0,2002,clin,0.8
4,2,lr1e-04_bs16_modL1_fusion64_fusionL1_drop0p1_trmiss80_trlocclin,16,0.0001,1,64,1,0.1,lr1e-04_bs16_modL1_fusion64_fusionL1_drop0p1_trmiss80_trlocclin,24,0.4000122547149658,0.770062267780304,0.4264705882352941,0.6042003753274806,0.35555555555555557,0.0,0.0,0.0,0.0,2002,clin,0.8
4,2,lr5e-05_bs32_modL1_fusion32_fusionL1_drop0p2_trmiss80_trlocclin,32,5e-05,1,32,1,0.2,lr5e-05_bs32_modL1_fusion32_fusionL1_drop0p2_trmiss80_trlocclin,1,0.7435843745867411,0.7054125964641571,0.4264705882352941,0.5733460781224392,0.35555555555555557,0.0,0.0,0.0,0.0,2002,clin,0.8
4,2,lr5e-05_bs32_modL1_fusion32_fusionL1_drop0p2_trmiss80_trlocclin,32,5e-05,1,32,1,0.2,lr5e-05_bs32_modL1_fusion32_fusionL1_drop0p2_trmiss80_trlocclin,2,0.7277704079945883,0.7162686884403229,0.38235294117647056,0.5385580698753178,0.35555555555555557,0.0,0.0,0.0,0.0,2002,clin,0.8
4,2,lr5e-05_bs32_modL1_fusion32_fusionL1_drop0p2_trmiss80_trlocclin,32,5e-05,1,32,1,0.2,lr5e-05_bs32_modL1_fusion32_fusionL1_drop0p2_trmiss80_trlocclin,3,0.6940674086411794,0.7228802144527435,0.3739495798319328,0.5434145596034732,0.35555555555555557,0.0,0.0,0.0,0.0,2002,clin,0.8
4,2,lr5e-05_bs32_modL1_fusion32_fusionL1_drop0p2_trmiss80_trlocclin,32,5e-05,1,32,1,0.2,lr5e-05_bs32_modL1_fusion32_fusionL1_drop0p2_trmiss80_trlocclin,4,0.6988207598527273,0.7225316762924194,0.39705882352941174,0.558649356183211,0.37777777777777777,0.0,0.0,0.0,0.0,2002,clin,0.8
4,2,lr5e-05_bs32_modL1_fusion32_fusionL1_drop0p2_trmiss80_trlocclin,32,5e-05,1,32,1,0.2,lr5e-05_bs32_modL1_fusion32_fusionL1_drop0p2_trmiss80_trlocclin,5,0.6774105827013651,0.7189180552959442,0.4243697478991597,0.578506330082916,0.35555555555555557,0.0,0.0,0.0,0.0,2002,clin,0.8
4,2,lr5e-05_bs32_modL1_fusion32_fusionL1_drop0p2_trmiss80_trlocclin,32,5e-05,1,32,1,0.2,lr5e-05_bs32_modL1_fusion32_fusionL1_drop0p2_trmiss80_trlocclin,6,0.6525220771630605,0.7169783115386963,0.43067226890756305,0.5622922930990617,0.35555555555555557,0.0,0.0,0.0,0.0,2002,clin,0.8
4,2,lr5e-05_bs32_modL1_fusion32_fusionL1_drop0p2_trmiss80_trlocclin,32,5e-05,1,32,1,0.2,lr5e-05_bs32_modL1_fusion32_fusionL1_drop0p2_trmiss80_trlocclin,7,0.6573394139607748,0.7165522575378418,0.4285714285714286,0.562881882269101,0.35555555555555557,0.0,0.0,0.0,0.0,2002,clin,0.8
4,2,lr5e-05_bs32_modL1_fusion32_fusionL1_drop0p2_trmiss80_trlocclin,32,5e-05,1,32,1,0.2,lr5e-05_bs32_modL1_fusion32_fusionL1_drop0p2_trmiss80_trlocclin,8,0.6348465581734976,0.718075305223465,0.41386554621848737,0.5530608797734982,0.37777777777777777,0.0,0.0,0.0,0.0,2002,clin,0.8
4,2,lr5e-05_bs32_modL1_fusion32_fusionL1_drop0p2_trmiss80_trlocclin,32,5e-05,1,32,1,0.2,lr5e-05_bs32_modL1_fusion32_fusionL1_drop0p2_trmiss80_trlocclin,9,0.6423614323139191,0.7184563875198364,0.4117647058823529,0.5520321350532814,0.4222222222222222,0.0,0.0,0.0,0.0,2002,clin,0.8
4,2,lr5e-05_bs32_modL1_fusion32_fusionL1_drop0p2_trmiss80_trlocclin,32,5e-05,1,32,1,0.2,lr5e-05_bs32_modL1_fusion32_fusionL1_drop0p2_trmiss80_trlocclin,10,0.6404606401920319,0.7159422934055328,0.42226890756302526,0.574267680967238,0.4222222222222222,0.0,0.0,0.0,0.0,2002,clin,0.8
4,2,lr5e-05_bs32_modL1_fusion32_fusionL1_drop0p2_trmiss80_trlocclin,32,5e-05,1,32,1,0.2,lr5e-05_bs32_modL1_fusion32_fusionL1_drop0p2_trmiss80_trlocclin,11,0.6374345123767853,0.7115013301372528,0.43067226890756305,0.5769933874998808,0.4666666666666667,0.0,0.0,0.0,0.0,2002,clin,0.8
4,2,lr5e-05_bs32_modL1_fusion32_fusionL1_drop0p2_trmiss80_trlocclin,32,5e-05,1,32,1,0.2,lr5e-05_bs32_modL1_fusion32_fusionL1_drop0p2_trmiss80_trlocclin,12,0.6181200742721558,0.7141681015491486,0.4327731092436975,0.5833989170447512,0.4222222222222222,0.0,0.0,0.0,0.0,2002,clin,0.8
4,2,lr5e-05_bs32_modL1_fusion32_fusionL1_drop0p2_trmiss80_trlocclin,32,5e-05,1,32,1,0.2,lr5e-05_bs32_modL1_fusion32_fusionL1_drop0p2_trmiss80_trlocclin,13,0.6153891285260519,0.7134793102741241,0.4327731092436975,0.5885609246084078,0.4222222222222222,0.0,0.0,0.0,0.0,2002,clin,0.8
4,2,lr5e-05_bs32_modL1_fusion32_fusionL1_drop0p2_trmiss80_trlocclin,32,5e-05,1,32,1,0.2,lr5e-05_bs32_modL1_fusion32_fusionL1_drop0p2_trmiss80_trlocclin,14,0.6077121297518412,0.7113623321056366,0.4369747899159664,0.5973627790117658,0.4,0.0,0.0,0.0,0.0,2002,clin,0.8
4,2,lr5e-05_bs32_modL1_fusion32_fusionL1_drop0p2_trmiss80_trlocclin,32,5e-05,1,32,1,0.2,lr5e-05_bs32_modL1_fusion32_fusionL1_drop0p2_trmiss80_trlocclin,15,0.6222810546557108,0.7154319286346436,0.43907563025210083,0.5965311274094166,0.4,0.0,0.0,0.0,0.0,2002,clin,0.8
4,2,lr5e-05_bs32_modL1_fusion32_fusionL1_drop0p2_trmiss80_trlocclin,32,5e-05,1,32,1,0.2,lr5e-05_bs32_modL1_fusion32_fusionL1_drop0p2_trmiss80_trlocclin,16,0.6272370020548502,0.7178083062171936,0.44537815126050423,0.5965347349130241,0.4222222222222222,0.0,0.0,0.0,0.0,2002,clin,0.8
4,2,lr5e-05_bs32_modL1_fusion32_fusionL1_drop0p2_trmiss80_trlocclin,32,5e-05,1,32,1,0.2,lr5e-05_bs32_modL1_fusion32_fusionL1_drop0p2_trmiss80_trlocclin,17,0.6098595261573792,0.7146927118301392,0.453781512605042,0.5980254183433913,0.4,0.0,0.0,0.0,0.0,2002,clin,0.8
4,2,lr5e-05_bs32_modL1_fusion32_fusionL1_drop0p2_trmiss80_trlocclin,32,5e-05,1,32,1,0.2,lr5e-05_bs32_modL1_fusion32_fusionL1_drop0p2_trmiss80_trlocclin,18,0.5973100960254669,0.713489443063736,0.43907563025210083,0.5864450635639752,0.4,0.0,0.0,0.0,0.0,2002,clin,0.8
4,2,lr5e-05_bs32_modL1_fusion32_fusionL1_drop0p2_trmiss80_trlocclin,32,5e-05,1,32,1,0.2,lr5e-05_bs32_modL1_fusion32_fusionL1_drop0p2_trmiss80_trlocclin,19,0.5802091956138611,0.7143136858940125,0.4516806722689075,0.5908546184116211,0.4,0.0,0.0,0.0,0.0,2002,clin,0.8
4,2,lr5e-05_bs32_modL1_fusion32_fusionL1_drop0p2_trmiss80_trlocclin,32,5e-05,1,32,1,0.2,lr5e-05_bs32_modL1_fusion32_fusionL1_drop0p2_trmiss80_trlocclin,20,0.5811098913351694,0.7111997306346893,0.45588235294117646,0.5934975819165906,0.4,0.0,0.0,0.0,0.0,2002,clin,0.8
4,2,lr5e-05_bs32_modL1_fusion32_fusionL1_drop0p2_trmiss80_trlocclin,32,5e-05,1,32,1,0.2,lr5e-05_bs32_modL1_fusion32_fusionL1_drop0p2_trmiss80_trlocclin,21,0.5905116895834605,0.7111639976501465,0.4516806722689075,0.5931482864407842,0.4,0.0,0.0,0.0,0.0,2002,clin,0.8
4,2,lr5e-05_bs32_modL1_fusion32_fusionL1_drop0p2_trmiss80_trlocclin,32,5e-05,1,32,1,0.2,lr5e-05_bs32_modL1_fusion32_fusionL1_drop0p2_trmiss80_trlocclin,22,0.5810297429561615,0.710843950510025,0.4474789915966386,0.589776168648961,0.4,0.0,0.0,0.0,0.0,2002,clin,0.8
4,2,lr5e-05_bs32_modL1_fusion32_fusionL1_drop0p2_trmiss80_trlocclin,32,5e-05,1,32,1,0.2,lr5e-05_bs32_modL1_fusion32_fusionL1_drop0p2_trmiss80_trlocclin,23,0.6253509521484375,0.7092880010604858,0.4411764705882353,0.5863017019392002,0.4444444444444444,0.0,0.0,0.0,0.0,2002,clin,0.8
4,2,lr5e-05_bs32_modL1_fusion32_fusionL1_drop0p2_trmiss80_trlocclin,32,5e-05,1,32,1,0.2,lr5e-05_bs32_modL1_fusion32_fusionL1_drop0p2_trmiss80_trlocclin,24,0.5782351493835449,0.7095787525177002,0.4453781512605042,0.5883663109901487,0.4,0.0,0.0,0.0,0.0,2002,clin,0.8
4,2,lr5e-05_bs32_modL1_fusion32_fusionL1_drop0p2_trmiss80_trlocclin,32,5e-05,1,32,1,0.2,lr5e-05_bs32_modL1_fusion32_fusionL1_drop0p2_trmiss80_trlocclin,25,0.6012348433335623,0.7114570736885071,0.4432773109243697,0.589289258376322,0.4,0.0,0.0,0.0,0.0,2002,clin,0.8
4,2,lr5e-05_bs32_modL1_fusion32_fusionL1_drop0p2_trmiss80_trlocclin,32,5e-05,1,32,1,0.2,lr5e-05_bs32_modL1_fusion32_fusionL1_drop0p2_trmiss80_trlocclin,26,0.5725896159807841,0.7095585465431213,0.44537815126050423,0.5885063670125578,0.4,0.0,0.0,0.0,0.0,2002,clin,0.8
4,2,lr5e-05_bs32_modL1_fusion32_fusionL1_drop0p2_trmiss80_trlocclin,32,5e-05,1,32,1,0.2,lr5e-05_bs32_modL1_fusion32_fusionL1_drop0p2_trmiss80_trlocclin,27,0.5978433887163798,0.7098031640052795,0.4474789915966386,0.5913027060318068,0.4,0.0,0.0,0.0,0.0,2002,clin,0.8
4,2,lr5e-05_bs32_modL1_fusion32_fusionL1_drop0p2_trmiss80_trlocclin,32,5e-05,1,32,1,0.2,lr5e-05_bs32_modL1_fusion32_fusionL1_drop0p2_trmiss80_trlocclin,28,0.5897575815518697,0.7090047895908356,0.4495798319327732,0.5923809219185164,0.4,0.0,0.0,0.0,0.0,2002,clin,0.8
4,2,lr5e-05_bs32_modL1_fusion32_fusionL1_drop0p2_trmiss80_trlocclin,32,5e-05,1,32,1,0.2,lr5e-05_bs32_modL1_fusion32_fusionL1_drop0p2_trmiss80_trlocclin,29,0.5880880256493887,0.7094570100307465,0.4453781512605042,0.5882343351228788,0.4,0.0,0.0,0.0,0.0,2002,clin,0.8
4,2,lr5e-05_bs32_modL1_fusion32_fusionL1_drop0p2_trmiss80_trlocclin,32,5e-05,1,32,1,0.2,lr5e-05_bs32_modL1_fusion32_fusionL1_drop0p2_trmiss80_trlocclin,30,0.5837838848431905,0.7100018858909607,0.43487394957983194,0.5852532159160145,0.4,0.0,0.0,0.0,0.0,2002,clin,0.8
4,2,lr5e-05_bs32_modL1_fusion32_fusionL1_drop0p2_trmiss80_trlocclin,32,5e-05,1,32,1,0.2,lr5e-05_bs32_modL1_fusion32_fusionL1_drop0p2_trmiss80_trlocclin,31,0.6043410996596018,0.7077951431274414,0.4369747899159664,0.5858194180066069,0.4444444444444444,0.0,0.0,0.0,0.0,2002,clin,0.8
4,2,lr5e-05_bs32_modL1_fusion32_fusionL1_drop0p2_trmiss80_trlocclin,32,5e-05,1,32,1,0.2,lr5e-05_bs32_modL1_fusion32_fusionL1_drop0p2_trmiss80_trlocclin,32,0.5895898342132568,0.7106304168701172,0.43907563025210083,0.5870865785714215,0.4,0.0,0.0,0.0,0.0,2002,clin,0.8
4,2,lr5e-05_bs32_modL1_fusion32_fusionL1_drop0p2_trmiss80_trlocclin,32,5e-05,1,32,1,0.2,lr5e-05_bs32_modL1_fusion32_fusionL1_drop0p2_trmiss80_trlocclin,33,0.5885632435480753,0.7083306908607483,0.43907563025210083,0.5898780659374143,0.4,0.0,0.0,0.0,0.0,2002,clin,0.8
4,2,lr5e-05_bs32_modL1_fusion32_fusionL1_drop0p2_trmiss80_trlocclin,32,5e-05,1,32,1,0.2,lr5e-05_bs32_modL1_fusion32_fusionL1_drop0p2_trmiss80_trlocclin,34,0.5886263251304626,0.7119322717189789,0.4369747899159664,0.5877630380830947,0.4222222222222222,0.0,0.0,0.0,0.0,2002,clin,0.8
4,2,lr5e-05_bs32_modL1_fusion32_fusionL1_drop0p2_trmiss80_trlocclin,32,5e-05,1,32,1,0.2,lr5e-05_bs32_modL1_fusion32_fusionL1_drop0p2_trmiss80_trlocclin,35,0.5769513845443726,0.7114026248455048,0.45588235294117646,0.5988746121686389,0.4222222222222222,0.0,0.0,0.0,0.0,2002,clin,0.8
4,2,lr5e-05_bs32_modL1_fusion32_fusionL1_drop0p2_trmiss80_trlocclin,32,5e-05,1,32,1,0.2,lr5e-05_bs32_modL1_fusion32_fusionL1_drop0p2_trmiss80_trlocclin,36,0.5949480136235555,0.7102121412754059,0.4579831932773109,0.605673426437828,0.4222222222222222,0.0,0.0,0.0,0.0,2002,clin,0.8
4,2,lr5e-05_bs32_modL1_fusion32_fusionL1_drop0p2_trmiss80_trlocclin,32,5e-05,1,32,1,0.2,lr5e-05_bs32_modL1_fusion32_fusionL1_drop0p2_trmiss80_trlocclin,37,0.5991969108581543,0.708474725484848,0.45168067226890757,0.6011860460557774,0.4222222222222222,0.0,0.0,0.0,0.0,2002,clin,0.8
4,2,lr5e-05_bs32_modL1_fusion32_fusionL1_drop0p2_trmiss80_trlocclin,32,5e-05,1,32,1,0.2,lr5e-05_bs32_modL1_fusion32_fusionL1_drop0p2_trmiss80_trlocclin,38,0.5882073144117991,0.7108818292617798,0.4474789915966387,0.5949437601659143,0.4222222222222222,0.0,0.0,0.0,0.0,2002,clin,0.8
4,2,lr5e-05_bs32_modL1_fusion32_fusionL1_drop0p2_trmiss80_trlocclin,32,5e-05,1,32,1,0.2,lr5e-05_bs32_modL1_fusion32_fusionL1_drop0p2_trmiss80_trlocclin,39,0.5863089561462402,0.7095159590244293,0.4369747899159664,0.5881225966233904,0.4222222222222222,0.0,0.0,0.0,0.0,2002,clin,0.8
4,2,lr5e-05_bs32_modL1_fusion32_fusionL1_drop0p2_trmiss80_trlocclin,32,5e-05,1,32,1,0.2,lr5e-05_bs32_modL1_fusion32_fusionL1_drop0p2_trmiss80_trlocclin,40,0.5962385733922323,0.7094882428646088,0.43697478991596633,0.5857796225720746,0.4,0.0,0.0,0.0,0.0,2002,clin,0.8
4,2,lr5e-05_bs32_modL1_fusion32_fusionL1_drop0p2_trmiss80_trlocclin,32,5e-05,1,32,1,0.2,lr5e-05_bs32_modL1_fusion32_fusionL1_drop0p2_trmiss80_trlocclin,41,0.5790793299674988,0.7067488729953766,0.4285714285714286,0.5824984101439675,0.4222222222222222,0.0,0.0,0.0,0.0,2002,clin,0.8
4,2,lr5e-05_bs32_modL1_fusion32_fusionL1_drop0p2_trmiss80_trlocclin,32,5e-05,1,32,1,0.2,lr5e-05_bs32_modL1_fusion32_fusionL1_drop0p2_trmiss80_trlocclin,42,0.5828477839628855,0.7101849019527435,0.4474789915966387,0.5915671060876061,0.4222222222222222,0.0,0.0,0.0,0.0,2002,clin,0.8
4,2,lr5e-05_bs32_modL1_fusion32_fusionL1_drop0p2_trmiss80_trlocclin,32,5e-05,1,32,1,0.2,lr5e-05_bs32_modL1_fusion32_fusionL1_drop0p2_trmiss80_trlocclin,43,0.5864899853865305,0.710226833820343,0.4474789915966387,0.5935561492388297,0.4444444444444444,0.0,0.0,0.0,0.0,2002,clin,0.8
4,2,lr5e-05_bs32_modL1_fusion32_fusionL1_drop0p2_trmiss80_trlocclin,32,5e-05,1,32,1,0.2,lr5e-05_bs32_modL1_fusion32_fusionL1_drop0p2_trmiss80_trlocclin,44,0.571245272954305,0.7096979916095734,0.4600840336134454,0.5990833458557713,0.4444444444444444,0.0,0.0,0.0,0.0,2002,clin,0.8
4,2,lr5e-05_bs32_modL1_fusion32_fusionL1_drop0p2_trmiss80_trlocclin,32,5e-05,1,32,1,0.2,lr5e-05_bs32_modL1_fusion32_fusionL1_drop0p2_trmiss80_trlocclin,45,0.5981881221135458,0.7097957730293274,0.4516806722689075,0.5971924202699784,0.4222222222222222,0.0,0.0,0.0,0.0,2002,clin,0.8
4,2,lr5e-05_bs32_modL1_fusion32_fusionL1_drop0p2_trmiss80_trlocclin,32,5e-05,1,32,1,0.2,lr5e-05_bs32_modL1_fusion32_fusionL1_drop0p2_trmiss80_trlocclin,46,0.5938420395056406,0.7077442705631256,0.46218487394957986,0.5999058049230469,0.4222222222222222,0.0,0.0,0.0,0.0,2002,clin,0.8
4,2,lr5e-05_bs32_modL1_fusion32_fusionL1_drop0p2_trmiss80_trlocclin,32,5e-05,1,32,1,0.2,lr5e-05_bs32_modL1_fusion32_fusionL1_drop0p2_trmiss80_trlocclin,47,0.5661997298399607,0.7113403677940369,0.4558823529411765,0.5966914339971888,0.4222222222222222,0.0,0.0,0.0,0.0,2002,clin,0.8
4,2,lr5e-05_bs32_modL1_fusion32_fusionL1_drop0p2_trmiss80_trlocclin,32,5e-05,1,32,1,0.2,lr5e-05_bs32_modL1_fusion32_fusionL1_drop0p2_trmiss80_trlocclin,48,0.5759299298127493,0.7085190117359161,0.46218487394957986,0.6019425444524945,0.4222222222222222,0.0,0.0,0.0,0.0,2002,clin,0.8
4,2,lr5e-05_bs32_modL1_fusion32_fusionL1_drop0p2_trmiss80_trlocclin,32,5e-05,1,32,1,0.2,lr5e-05_bs32_modL1_fusion32_fusionL1_drop0p2_trmiss80_trlocclin,49,0.5788280765215555,0.7078064978122711,0.45798319327731085,0.5966262006410158,0.4222222222222222,0.0,0.0,0.0,0.0,2002,clin,0.8
4,2,lr5e-05_bs32_modL1_fusion32_fusionL1_drop0p2_trmiss80_trlocclin,32,5e-05,1,32,1,0.2,lr5e-05_bs32_modL1_fusion32_fusionL1_drop0p2_trmiss80_trlocclin,50,0.5625345706939697,0.7093588709831238,0.4453781512605042,0.5886128856659029,0.4222222222222222,0.0,0.0,0.0,0.0,2002,clin,0.8
4,2,lr5e-05_bs32_modL1_fusion32_fusionL1_drop0p2_trmiss80_trlocclin,32,5e-05,1,32,1,0.2,lr5e-05_bs32_modL1_fusion32_fusionL1_drop0p2_trmiss80_trlocclin,51,0.5755716462930044,0.7124105989933014,0.4432773109243698,0.5884000405167197,0.4,0.0,0.0,0.0,0.0,2002,clin,0.8
4,2,lr5e-05_bs32_modL1_fusion32_fusionL1_drop0p2_trmiss80_trlocclin,32,5e-05,1,32,1,0.2,lr5e-05_bs32_modL1_fusion32_fusionL1_drop0p2_trmiss80_trlocclin,52,0.5680901408195496,0.7118237614631653,0.4579831932773109,0.5960198647622075,0.4,0.0,0.0,0.0,0.0,2002,clin,0.8
4,2,lr5e-05_bs32_modL1_fusion32_fusionL1_drop0p2_trmiss80_trlocclin,32,5e-05,1,32,1,0.2,lr5e-05_bs32_modL1_fusion32_fusionL1_drop0p2_trmiss80_trlocclin,53,0.5798385639985403,0.7110049724578857,0.45588235294117646,0.5949558115234813,0.4,0.0,0.0,0.0,0.0,2002,clin,0.8
4,2,lr5e-05_bs32_modL1_fusion32_fusionL1_drop0p2_trmiss80_trlocclin,32,5e-05,1,32,1,0.2,lr5e-05_bs32_modL1_fusion32_fusionL1_drop0p2_trmiss80_trlocclin,54,0.5804531375567118,0.7104430198669434,0.4348739495798319,0.5851361219285739,0.4,0.0,0.0,0.0,0.0,2002,clin,0.8
4,2,lr5e-05_bs32_modL1_fusion32_fusionL1_drop0p2_trmiss80_trlocclin,32,5e-05,1,32,1,0.2,lr5e-05_bs32_modL1_fusion32_fusionL1_drop0p2_trmiss80_trlocclin,55,0.5785173078378042,0.7107560932636261,0.4453781512605042,0.588874585173292,0.4,0.0,0.0,0.0,0.0,2002,clin,0.8
4,2,lr5e-05_bs32_modL1_fusion32_fusionL1_drop0p2_trmiss80_trlocclin,32,5e-05,1,32,1,0.2,lr5e-05_bs32_modL1_fusion32_fusionL1_drop0p2_trmiss80_trlocclin,56,0.5880827109018961,0.711506187915802,0.4474789915966386,0.5905373396580261,0.4222222222222222,0.0,0.0,0.0,0.0,2002,clin,0.8
4,2,lr5e-05_bs32_modL1_fusion32_fusionL1_drop0p2_trmiss80_trlocclin,32,5e-05,1,32,1,0.2,lr5e-05_bs32_modL1_fusion32_fusionL1_drop0p2_trmiss80_trlocclin,57,0.5823187927405039,0.7123227715492249,0.4369747899159664,0.583896243793412,0.4222222222222222,0.0,0.0,0.0,0.0,2002,clin,0.8
4,2,lr5e-05_bs32_modL1_fusion32_fusionL1_drop0p2_trmiss80_trlocclin,32,5e-05,1,32,1,0.2,lr5e-05_bs32_modL1_fusion32_fusionL1_drop0p2_trmiss80_trlocclin,58,0.570469081401825,0.7099763751029968,0.4432773109243697,0.5876543595429031,0.4222222222222222,0.0,0.0,0.0,0.0,2002,clin,0.8
4,2,lr5e-05_bs32_modL1_fusion32_fusionL1_drop0p2_trmiss80_trlocclin,32,5e-05,1,32,1,0.2,lr5e-05_bs32_modL1_fusion32_fusionL1_drop0p2_trmiss80_trlocclin,59,0.5699403385321299,0.7098074555397034,0.45588235294117646,0.5953268212401326,0.4,0.0,0.0,0.0,0.0,2002,clin,0.8
4,2,lr5e-05_bs32_modL1_fusion32_fusionL1_drop0p2_trmiss80_trlocclin,32,5e-05,1,32,1,0.2,lr5e-05_bs32_modL1_fusion32_fusionL1_drop0p2_trmiss80_trlocclin,60,0.5962649881839752,0.7045015096664429,0.44537815126050423,0.5892830879573459,0.4888888888888889,0.0,0.0,0.0,0.0,2002,clin,0.8
4,2,lr5e-05_bs32_modL1_fusion32_fusionL1_drop0p2_trmiss80_trlocclin,32,5e-05,1,32,1,0.2,lr5e-05_bs32_modL1_fusion32_fusionL1_drop0p2_trmiss80_trlocclin,61,0.5996492107709249,0.704884797334671,0.44957983193277307,0.5938065579624078,0.4666666666666667,0.0,0.0,0.0,0.0,2002,clin,0.8
4,2,lr5e-05_bs32_modL1_fusion32_fusionL1_drop0p2_trmiss80_trlocclin,32,5e-05,1,32,1,0.2,lr5e-05_bs32_modL1_fusion32_fusionL1_drop0p2_trmiss80_trlocclin,62,0.5815518299738566,0.7074881494045258,0.4516806722689076,0.5938804057397321,0.4222222222222222,0.0,0.0,0.0,0.0,2002,clin,0.8
4,2,lr5e-05_bs32_modL1_fusion32_fusionL1_drop0p2_trmiss80_trlocclin,32,5e-05,1,32,1,0.2,lr5e-05_bs32_modL1_fusion32_fusionL1_drop0p2_trmiss80_trlocclin,63,0.5665565530459086,0.7056640386581421,0.4474789915966387,0.5899028765045468,0.4666666666666667,0.0,0.0,0.0,0.0,2002,clin,0.8
4,2,lr5e-05_bs32_modL1_fusion32_fusionL1_drop0p2_trmiss80_trlocclin,32,5e-05,1,32,1,0.2,lr5e-05_bs32_modL1_fusion32_fusionL1_drop0p2_trmiss80_trlocclin,64,0.5883382658163706,0.7090328335762024,0.4411764705882353,0.5863235647651288,0.4,0.0,0.0,0.0,0.0,2002,clin,0.8
4,2,lr5e-05_bs32_modL1_fusion32_fusionL1_drop0p2_trmiss80_trlocclin,32,5e-05,1,32,1,0.2,lr5e-05_bs32_modL1_fusion32_fusionL1_drop0p2_trmiss80_trlocclin,65,0.5630965928236643,0.7080984115600586,0.44957983193277307,0.5903218452187495,0.4444444444444444,0.0,0.0,0.0,0.0,2002,clin,0.8
4,2,lr5e-05_bs32_modL1_fusion32_fusionL1_drop0p2_trmiss80_trlocclin,32,5e-05,1,32,1,0.2,lr5e-05_bs32_modL1_fusion32_fusionL1_drop0p2_trmiss80_trlocclin,66,0.5881950259208679,0.7105480134487152,0.4453781512605042,0.5889810556488185,0.4,0.0,0.0,0.0,0.0,2002,clin,0.8
4,2,lr5e-05_bs32_modL1_fusion32_fusionL1_drop0p1_trmiss80_trlocclin,32,5e-05,1,32,1,0.1,lr5e-05_bs32_modL1_fusion32_fusionL1_drop0p1_trmiss80_trlocclin,1,0.7015011509259542,0.6937794387340546,0.4642857142857143,0.6140757783834102,0.5333333333333333,0.0,0.0,0.0,0.0,2002,clin,0.8
4,2,lr5e-05_bs32_modL1_fusion32_fusionL1_drop0p1_trmiss80_trlocclin,32,5e-05,1,32,1,0.1,lr5e-05_bs32_modL1_fusion32_fusionL1_drop0p1_trmiss80_trlocclin,2,0.6514681577682495,0.6934188604354858,0.4579831932773109,0.6139930739682483,0.5333333333333333,0.0,0.0,0.0,0.0,2002,clin,0.8
4,2,lr5e-05_bs32_modL1_fusion32_fusionL1_drop0p1_trmiss80_trlocclin,32,5e-05,1,32,1,0.1,lr5e-05_bs32_modL1_fusion32_fusionL1_drop0p1_trmiss80_trlocclin,3,0.6366561551888784,0.695009857416153,0.45588235294117646,0.6117195823454223,0.4888888888888889,0.0,0.0,0.0,0.0,2002,clin,0.8
4,2,lr5e-05_bs32_modL1_fusion32_fusionL1_drop0p1_trmiss80_trlocclin,32,5e-05,1,32,1,0.1,lr5e-05_bs32_modL1_fusion32_fusionL1_drop0p1_trmiss80_trlocclin,4,0.6092623869578043,0.699746161699295,0.44957983193277307,0.6270590566659249,0.4888888888888889,0.0,0.0,0.0,0.0,2002,clin,0.8
4,2,lr5e-05_bs32_modL1_fusion32_fusionL1_drop0p1_trmiss80_trlocclin,32,5e-05,1,32,1,0.1,lr5e-05_bs32_modL1_fusion32_fusionL1_drop0p1_trmiss80_trlocclin,5,0.5723614195982615,0.7030860483646393,0.45378151260504196,0.6311136478510578,0.5111111111111111,0.0,0.0,0.0,0.0,2002,clin,0.8
4,2,lr5e-05_bs32_modL1_fusion32_fusionL1_drop0p1_trmiss80_trlocclin,32,5e-05,1,32,1,0.1,lr5e-05_bs32_modL1_fusion32_fusionL1_drop0p1_trmiss80_trlocclin,6,0.5526963075002035,0.7018652558326721,0.47058823529411764,0.6391222785197871,0.4888888888888889,0.0,0.0,0.0,0.0,2002,clin,0.8
4,2,lr5e-05_bs32_modL1_fusion32_fusionL1_drop0p1_trmiss80_trlocclin,32,5e-05,1,32,1,0.1,lr5e-05_bs32_modL1_fusion32_fusionL1_drop0p1_trmiss80_trlocclin,7,0.5379951248566309,0.6990573108196259,0.4789915966386554,0.6418522545126588,0.4888888888888889,0.0,0.0,0.0,0.0,2002,clin,0.8
4,2,lr5e-05_bs32_modL1_fusion32_fusionL1_drop0p1_trmiss80_trlocclin,32,5e-05,1,32,1,0.1,lr5e-05_bs32_modL1_fusion32_fusionL1_drop0p1_trmiss80_trlocclin,8,0.5309595962365469,0.6957546770572662,0.48109243697478987,0.6509949636193656,0.5111111111111111,0.0,0.0,0.0,0.0,2002,clin,0.8
4,2,lr5e-05_bs32_modL1_fusion32_fusionL1_drop0p1_trmiss80_trlocclin,32,5e-05,1,32,1,0.1,lr5e-05_bs32_modL1_fusion32_fusionL1_drop0p1_trmiss80_trlocclin,9,0.5134424865245819,0.695812851190567,0.48109243697478987,0.6517441426013032,0.4888888888888889,0.0,0.0,0.0,0.0,2002,clin,0.8
4,2,lr5e-05_bs32_modL1_fusion32_fusionL1_drop0p1_trmiss80_trlocclin,32,5e-05,1,32,1,0.1,lr5e-05_bs32_modL1_fusion32_fusionL1_drop0p1_trmiss80_trlocclin,10,0.4974157114823659,0.6925811469554901,0.48109243697478987,0.6503655451853253,0.5111111111111111,0.0,0.0,0.0,0.0,2002,clin,0.8
4,2,lr5e-05_bs32_modL1_fusion32_fusionL1_drop0p1_trmiss80_trlocclin,32,5e-05,1,32,1,0.1,lr5e-05_bs32_modL1_fusion32_fusionL1_drop0p1_trmiss80_trlocclin,11,0.5049764513969421,0.6901005804538727,0.4873949579831932,0.6546804930507677,0.5111111111111111,0.0,0.0,0.0,0.0,2002,clin,0.8
4,2,lr5e-05_bs32_modL1_fusion32_fusionL1_drop0p1_trmiss80_trlocclin,32,5e-05,1,32,1,0.1,lr5e-05_bs32_modL1_fusion32_fusionL1_drop0p1_trmiss80_trlocclin,12,0.4951680203278859,0.6896309554576874,0.4789915966386554,0.6514380826622141,0.5111111111111111,0.0,0.0,0.0,0.0,2002,clin,0.8
4,2,lr5e-05_bs32_modL1_fusion32_fusionL1_drop0p1_trmiss80_trlocclin,32,5e-05,1,32,1,0.1,lr5e-05_bs32_modL1_fusion32_fusionL1_drop0p1_trmiss80_trlocclin,13,0.4776197721560796,0.6886974573135376,0.48529411764705876,0.6540726197746755,0.5111111111111111,0.0,0.0,0.0,0.0,2002,clin,0.8
4,2,lr5e-05_bs32_modL1_fusion32_fusionL1_drop0p1_trmiss80_trlocclin,32,5e-05,1,32,1,0.1,lr5e-05_bs32_modL1_fusion32_fusionL1_drop0p1_trmiss80_trlocclin,14,0.4933704733848572,0.6874148547649384,0.4810924369747899,0.6495922031232062,0.5111111111111111,0.0,0.0,0.0,0.0,2002,clin,0.8
4,2,lr5e-05_bs32_modL1_fusion32_fusionL1_drop0p1_trmiss80_trlocclin,32,5e-05,1,32,1,0.1,lr5e-05_bs32_modL1_fusion32_fusionL1_drop0p1_trmiss80_trlocclin,15,0.47684762875239056,0.6885325610637665,0.48109243697478987,0.650200583003485,0.5111111111111111,0.0,0.0,0.0,0.0,2002,clin,0.8
4,2,lr5e-05_bs32_modL1_fusion32_fusionL1_drop0p1_trmiss80_trlocclin,32,5e-05,1,32,1,0.1,lr5e-05_bs32_modL1_fusion32_fusionL1_drop0p1_trmiss80_trlocclin,16,0.4713712881008784,0.6878142952919006,0.48109243697478987,0.6463382120061351,0.5111111111111111,0.0,0.0,0.0,0.0,2002,clin,0.8
4,2,lr5e-05_bs32_modL1_fusion32_fusionL1_drop0p1_trmiss80_trlocclin,32,5e-05,1,32,1,0.1,lr5e-05_bs32_modL1_fusion32_fusionL1_drop0p1_trmiss80_trlocclin,17,0.4659240444501241,0.6838007867336273,0.48949579831932766,0.6507877567517325,0.5111111111111111,0.0,0.0,0.0,0.0,2002,clin,0.8
4,2,lr5e-05_bs32_modL1_fusion32_fusionL1_drop0p1_trmiss80_trlocclin,32,5e-05,1,32,1,0.1,lr5e-05_bs32_modL1_fusion32_fusionL1_drop0p1_trmiss80_trlocclin,18,0.46009548008441925,0.682889848947525,0.4852941176470588,0.6457654326046823,0.5111111111111111,0.0,0.0,0.0,0.0,2002,clin,0.8
4,2,lr5e-05_bs32_modL1_fusion32_fusionL1_drop0p1_trmiss80_trlocclin,32,5e-05,1,32,1,0.1,lr5e-05_bs32_modL1_fusion32_fusionL1_drop0p1_trmiss80_trlocclin,19,0.44711927076180774,0.6841616332530975,0.4852941176470588,0.6450450548485255,0.5111111111111111,0.0,0.0,0.0,0.0,2002,clin,0.8
4,2,lr5e-05_bs32_modL1_fusion32_fusionL1_drop0p1_trmiss80_trlocclin,32,5e-05,1,32,1,0.1,lr5e-05_bs32_modL1_fusion32_fusionL1_drop0p1_trmiss80_trlocclin,20,0.454471230506897,0.6862532794475555,0.48949579831932777,0.6460908150329413,0.5111111111111111,0.0,0.0,0.0,0.0,2002,clin,0.8
4,2,lr5e-05_bs32_modL1_fusion32_fusionL1_drop0p1_trmiss80_trlocclin,32,5e-05,1,32,1,0.1,lr5e-05_bs32_modL1_fusion32_fusionL1_drop0p1_trmiss80_trlocclin,21,0.441463698943456,0.6898511946201324,0.4789915966386555,0.6374409077644181,0.5111111111111111,0.0,0.0,0.0,0.0,2002,clin,0.8
4,2,lr5e-05_bs32_modL1_fusion32_fusionL1_drop0p1_trmiss80_trlocclin,32,5e-05,1,32,1,0.1,lr5e-05_bs32_modL1_fusion32_fusionL1_drop0p1_trmiss80_trlocclin,22,0.4408459812402725,0.6896377205848694,0.47478991596638653,0.6360100729427624,0.5111111111111111,0.0,0.0,0.0,0.0,2002,clin,0.8
4,2,lr5e-05_bs32_modL1_fusion32_fusionL1_drop0p1_trmiss80_trlocclin,32,5e-05,1,32,1,0.1,lr5e-05_bs32_modL1_fusion32_fusionL1_drop0p1_trmiss80_trlocclin,23,0.4265844076871872,0.6859617531299591,0.4810924369747899,0.6379361371607711,0.5111111111111111,0.0,0.0,0.0,0.0,2002,clin,0.8
4,2,lr5e-05_bs32_modL1_fusion32_fusionL1_drop0p1_trmiss80_trlocclin,32,5e-05,1,32,1,0.1,lr5e-05_bs32_modL1_fusion32_fusionL1_drop0p1_trmiss80_trlocclin,24,0.4275151441494624,0.6838147044181824,0.49369747899159666,0.649387657386617,0.5111111111111111,0.0,0.0,0.0,0.0,2002,clin,0.8
4,2,lr5e-05_bs32_modL1_fusion32_fusionL1_drop0p1_trmiss80_trlocclin,32,5e-05,1,32,1,0.1,lr5e-05_bs32_modL1_fusion32_fusionL1_drop0p1_trmiss80_trlocclin,25,0.4190255453189214,0.684059202671051,0.49369747899159666,0.6486601441591036,0.5111111111111111,0.0,0.0,0.0,0.0,2002,clin,0.8
4,2,lr5e-05_bs32_modL1_fusion32_fusionL1_drop0p1_trmiss80_trlocclin,32,5e-05,1,32,1,0.1,lr5e-05_bs32_modL1_fusion32_fusionL1_drop0p1_trmiss80_trlocclin,26,0.4251268655061722,0.6860350966453552,0.4957983193277311,0.6523489841937624,0.5111111111111111,0.0,0.0,0.0,0.0,2002,clin,0.8
4,2,lr5e-05_bs32_modL1_fusion32_fusionL1_drop0p1_trmiss80_trlocclin,32,5e-05,1,32,1,0.1,lr5e-05_bs32_modL1_fusion32_fusionL1_drop0p1_trmiss80_trlocclin,27,0.42000190913677216,0.6849176585674286,0.49159663865546216,0.6493743397905466,0.5111111111111111,0.0,0.0,0.0,0.0,2002,clin,0.8
4,2,lr5e-05_bs32_modL1_fusion32_fusionL1_drop0p1_trmiss80_trlocclin,32,5e-05,1,32,1,0.1,lr5e-05_bs32_modL1_fusion32_fusionL1_drop0p1_trmiss80_trlocclin,28,0.4142082432905833,0.6826015114784241,0.48949579831932766,0.659614687480491,0.4888888888888889,0.0,0.0,0.0,0.0,2002,clin,0.8
4,2,lr5e-05_bs32_modL1_fusion32_fusionL1_drop0p1_trmiss80_trlocclin,32,5e-05,1,32,1,0.1,lr5e-05_bs32_modL1_fusion32_fusionL1_drop0p1_trmiss80_trlocclin,29,0.419181764125824,0.6856380105018616,0.4915966386554622,0.6602919599434779,0.5111111111111111,0.0,0.0,0.0,0.0,2002,clin,0.8
4,2,lr5e-05_bs32_modL1_fusion32_fusionL1_drop0p1_trmiss80_trlocclin,32,5e-05,1,32,1,0.1,lr5e-05_bs32_modL1_fusion32_fusionL1_drop0p1_trmiss80_trlocclin,30,0.424026091893514,0.6862253248691559,0.49579831932773105,0.6605227916999526,0.5111111111111111,0.0,0.0,0.0,0.0,2002,clin,0.8
4,2,lr5e-05_bs32_modL1_fusion32_fusionL1_drop0p1_trmiss80_trlocclin,32,5e-05,1,32,1,0.1,lr5e-05_bs32_modL1_fusion32_fusionL1_drop0p1_trmiss80_trlocclin,31,0.41357946395874023,0.6845399141311646,0.4957983193277311,0.6586437119425834,0.5111111111111111,0.0,0.0,0.0,0.0,2002,clin,0.8
4,2,lr5e-05_bs32_modL1_fusion32_fusionL1_drop0p1_trmiss80_trlocclin,32,5e-05,1,32,1,0.1,lr5e-05_bs32_modL1_fusion32_fusionL1_drop0p1_trmiss80_trlocclin,32,0.4025348077217738,0.6842934191226959,0.4894957983193277,0.6559819124376175,0.5111111111111111,0.0,0.0,0.0,0.0,2002,clin,0.8
4,2,lr5e-05_bs32_modL1_fusion32_fusionL1_drop0p1_trmiss80_trlocclin,32,5e-05,1,32,1,0.1,lr5e-05_bs32_modL1_fusion32_fusionL1_drop0p1_trmiss80_trlocclin,33,0.4086424261331558,0.6846179664134979,0.48739495798319327,0.6542877313354399,0.5111111111111111,0.0,0.0,0.0,0.0,2002,clin,0.8
4,2,lr5e-05_bs32_modL1_fusion32_fusionL1_drop0p1_trmiss80_trlocclin,32,5e-05,1,32,1,0.1,lr5e-05_bs32_modL1_fusion32_fusionL1_drop0p1_trmiss80_trlocclin,34,0.405129795273145,0.6822741329669952,0.48949579831932777,0.6570794596910781,0.5333333333333333,0.0,0.0,0.0,0.0,2002,clin,0.8
4,2,lr5e-05_bs32_modL1_fusion32_fusionL1_drop0p1_trmiss80_trlocclin,32,5e-05,1,32,1,0.1,lr5e-05_bs32_modL1_fusion32_fusionL1_drop0p1_trmiss80_trlocclin,35,0.40730448563893634,0.6808934509754181,0.49789915966386555,0.6613323360152616,0.5777777777777777,0.0,0.0,0.0,0.0,2002,clin,0.8
4,2,lr5e-05_bs32_modL1_fusion32_fusionL1_drop0p1_trmiss80_trlocclin,32,5e-05,1,32,1,0.1,lr5e-05_bs32_modL1_fusion32_fusionL1_drop0p1_trmiss80_trlocclin,36,0.4165068070093791,0.6791166961193085,0.49789915966386555,0.6613323360152616,0.5777777777777777,0.0,0.0,0.0,0.0,2002,clin,0.8
4,2,lr5e-05_bs32_modL1_fusion32_fusionL1_drop0p1_trmiss80_trlocclin,32,5e-05,1,32,1,0.1,lr5e-05_bs32_modL1_fusion32_fusionL1_drop0p1_trmiss80_trlocclin,37,0.40547944108645123,0.6799586415290833,0.4978991596638655,0.6612545668233006,0.5777777777777777,0.0,0.0,0.0,0.0,2002,clin,0.8
4,2,lr5e-05_bs32_modL1_fusion32_fusionL1_drop0p1_trmiss80_trlocclin,32,5e-05,1,32,1,0.1,lr5e-05_bs32_modL1_fusion32_fusionL1_drop0p1_trmiss80_trlocclin,38,0.39990048110485077,0.6805830895900726,0.49789915966386555,0.6601723157410496,0.5111111111111111,0.0,0.0,0.0,0.0,2002,clin,0.8
4,2,lr5e-05_bs32_modL1_fusion32_fusionL1_drop0p1_trmiss80_trlocclin,32,5e-05,1,32,1,0.1,lr5e-05_bs32_modL1_fusion32_fusionL1_drop0p1_trmiss80_trlocclin,39,0.4120097408692042,0.6839087307453156,0.4957983193277311,0.6575890294621112,0.5111111111111111,0.0,0.0,0.0,0.0,2002,clin,0.8
4,2,lr5e-05_bs32_modL1_fusion32_fusionL1_drop0p1_trmiss80_trlocclin,32,5e-05,1,32,1,0.1,lr5e-05_bs32_modL1_fusion32_fusionL1_drop0p1_trmiss80_trlocclin,40,0.39297017951806384,0.6810320913791656,0.5021008403361344,0.66003390079796,0.5111111111111111,0.0,0.0,0.0,0.0,2002,clin,0.8
4,2,lr5e-05_bs32_modL1_fusion32_fusionL1_drop0p1_trmiss80_trlocclin,32,5e-05,1,32,1,0.1,lr5e-05_bs32_modL1_fusion32_fusionL1_drop0p1_trmiss80_trlocclin,41,0.40079356729984283,0.6813197433948517,0.5042016806722689,0.6608987766628358,0.5333333333333333,0.0,0.0,0.0,0.0,2002,clin,0.8
4,2,lr5e-05_bs32_modL1_fusion32_fusionL1_drop0p1_trmiss80_trlocclin,32,5e-05,1,32,1,0.1,lr5e-05_bs32_modL1_fusion32_fusionL1_drop0p1_trmiss80_trlocclin,42,0.3888024141391118,0.6799177527427673,0.5,0.6589402513172137,0.5555555555555556,0.0,0.0,0.0,0.0,2002,clin,0.8
4,2,lr5e-05_bs32_modL1_fusion32_fusionL1_drop0p1_trmiss80_trlocclin,32,5e-05,1,32,1,0.1,lr5e-05_bs32_modL1_fusion32_fusionL1_drop0p1_trmiss80_trlocclin,43,0.38627522190411884,0.678063839673996,0.49789915966386555,0.6589108354811118,0.5777777777777777,0.0,0.0,0.0,0.0,2002,clin,0.8
4,2,lr5e-05_bs32_modL1_fusion32_fusionL1_drop0p1_trmiss80_trlocclin,32,5e-05,1,32,1,0.1,lr5e-05_bs32_modL1_fusion32_fusionL1_drop0p1_trmiss80_trlocclin,44,0.4122237910827001,0.6784893274307251,0.4957983193277311,0.6583966763290788,0.5777777777777777,0.0,0.0,0.0,0.0,2002,clin,0.8
4,2,lr5e-05_bs32_modL1_fusion32_fusionL1_drop0p1_trmiss80_trlocclin,32,5e-05,1,32,1,0.1,lr5e-05_bs32_modL1_fusion32_fusionL1_drop0p1_trmiss80_trlocclin,45,0.3875446667273839,0.6794481575489044,0.49789915966386555,0.658885528380431,0.5333333333333333,0.0,0.0,0.0,0.0,2002,clin,0.8
4,2,lr5e-05_bs32_modL1_fusion32_fusionL1_drop0p1_trmiss80_trlocclin,32,5e-05,1,32,1,0.1,lr5e-05_bs32_modL1_fusion32_fusionL1_drop0p1_trmiss80_trlocclin,46,0.3874065379301707,0.6785322725772858,0.49369747899159666,0.6570515515464541,0.5555555555555556,0.0,0.0,0.0,0.0,2002,clin,0.8
4,2,lr5e-05_bs32_modL1_fusion32_fusionL1_drop0p1_trmiss80_trlocclin,32,5e-05,1,32,1,0.1,lr5e-05_bs32_modL1_fusion32_fusionL1_drop0p1_trmiss80_trlocclin,47,0.3961181541283925,0.6807768642902374,0.49369747899159666,0.6570515515464541,0.5555555555555556,0.0,0.0,0.0,0.0,2002,clin,0.8
4,2,lr5e-05_bs32_modL1_fusion32_fusionL1_drop0p1_trmiss80_trlocclin,32,5e-05,1,32,1,0.1,lr5e-05_bs32_modL1_fusion32_fusionL1_drop0p1_trmiss80_trlocclin,48,0.382347509264946,0.6811347603797913,0.4915966386554622,0.6557976012467194,0.5333333333333333,0.0,0.0,0.0,0.0,2002,clin,0.8
4,2,lr5e-05_bs32_modL1_fusion32_fusionL1_drop0p1_trmiss80_trlocclin,32,5e-05,1,32,1,0.1,lr5e-05_bs32_modL1_fusion32_fusionL1_drop0p1_trmiss80_trlocclin,49,0.381423423687617,0.6809764504432678,0.48949579831932777,0.6552834420946866,0.5111111111111111,0.0,0.0,0.0,0.0,2002,clin,0.8
4,2,lr5e-05_bs32_modL1_fusion32_fusionL1_drop0p1_trmiss80_trlocclin,32,5e-05,1,32,1,0.1,lr5e-05_bs32_modL1_fusion32_fusionL1_drop0p1_trmiss80_trlocclin,50,0.3846205572287242,0.6809691488742828,0.49369747899159666,0.6570515515464541,0.5333333333333333,0.0,0.0,0.0,0.0,2002,clin,0.8
4,2,lr5e-05_bs32_modL1_fusion32_fusionL1_drop0p1_trmiss80_trlocclin,32,5e-05,1,32,1,0.1,lr5e-05_bs32_modL1_fusion32_fusionL1_drop0p1_trmiss80_trlocclin,51,0.3929053495327632,0.6805104613304138,0.49369747899159666,0.6570515515464541,0.5555555555555556,0.0,0.0,0.0,0.0,2002,clin,0.8
4,2,lr5e-05_bs32_modL1_fusion32_fusionL1_drop0p1_trmiss80_trlocclin,32,5e-05,1,32,1,0.1,lr5e-05_bs32_modL1_fusion32_fusionL1_drop0p1_trmiss80_trlocclin,52,0.38338994483153027,0.6841435432434082,0.4915966386554622,0.6564739182851628,0.5111111111111111,0.0,0.0,0.0,0.0,2002,clin,0.8
4,2,lr5e-05_bs32_modL1_fusion32_fusionL1_drop0p1_trmiss80_trlocclin,32,5e-05,1,32,1,0.1,lr5e-05_bs32_modL1_fusion32_fusionL1_drop0p1_trmiss80_trlocclin,53,0.3781428039073944,0.6843695640563965,0.48739495798319327,0.6537882829024829,0.5111111111111111,0.0,0.0,0.0,0.0,2002,clin,0.8
4,2,lr5e-05_bs32_modL1_fusion32_fusionL1_drop0p1_trmiss80_trlocclin,32,5e-05,1,32,1,0.1,lr5e-05_bs32_modL1_fusion32_fusionL1_drop0p1_trmiss80_trlocclin,54,0.3914361496766408,0.6829140186309814,0.4873949579831933,0.6548791232790376,0.5111111111111111,0.0,0.0,0.0,0.0,2002,clin,0.8
4,2,lr5e-05_bs32_modL1_fusion32_fusionL1_drop0p1_trmiss80_trlocclin,32,5e-05,1,32,1,0.1,lr5e-05_bs32_modL1_fusion32_fusionL1_drop0p1_trmiss80_trlocclin,55,0.38862447440624237,0.6830422580242157,0.4915966386554622,0.6576643944756388,0.5111111111111111,0.0,0.0,0.0,0.0,2002,clin,0.8
4,2,lr5e-05_bs32_modL1_fusion32_fusionL1_drop0p1_trmiss80_trlocclin,32,5e-05,1,32,1,0.1,lr5e-05_bs32_modL1_fusion32_fusionL1_drop0p1_trmiss80_trlocclin,56,0.3819061865409215,0.6838270127773285,0.4915966386554622,0.656063409253964,0.5111111111111111,0.0,0.0,0.0,0.0,2002,clin,0.8
4,2,lr5e-05_bs32_modL1_fusion32_fusionL1_drop0p1_trmiss80_trlocclin,32,5e-05,1,32,1,0.1,lr5e-05_bs32_modL1_fusion32_fusionL1_drop0p1_trmiss80_trlocclin,57,0.38875381648540497,0.6858676970005035,0.4957983193277311,0.6596230336625389,0.5111111111111111,0.0,0.0,0.0,0.0,2002,clin,0.8
4,2,lr5e-05_bs32_modL1_fusion32_fusionL1_drop0p1_trmiss80_trlocclin,32,5e-05,1,32,1,0.1,lr5e-05_bs32_modL1_fusion32_fusionL1_drop0p1_trmiss80_trlocclin,58,0.39383289714654285,0.6862858235836029,0.4831932773109243,0.6519458792743651,0.5333333333333333,0.0,0.0,0.0,0.0,2002,clin,0.8
4,2,lr5e-05_bs32_modL1_fusion32_fusionL1_drop0p1_trmiss80_trlocclin,32,5e-05,1,32,1,0.1,lr5e-05_bs32_modL1_fusion32_fusionL1_drop0p1_trmiss80_trlocclin,59,0.39791856209437054,0.6860415637493134,0.4852941176470589,0.651637897056445,0.5333333333333333,0.0,0.0,0.0,0.0,2002,clin,0.8
4,2,lr5e-05_bs32_modL1_fusion32_fusionL1_drop0p1_trmiss80_trlocclin,32,5e-05,1,32,1,0.1,lr5e-05_bs32_modL1_fusion32_fusionL1_drop0p1_trmiss80_trlocclin,60,0.38842178881168365,0.6860555708408356,0.4915966386554622,0.6562715843871766,0.5333333333333333,0.0,0.0,0.0,0.0,2002,clin,0.8
4,2,lr5e-05_bs32_modL1_fusion32_fusionL1_drop0p1_trmiss80_trlocclin,32,5e-05,1,32,1,0.1,lr5e-05_bs32_modL1_fusion32_fusionL1_drop0p1_trmiss80_trlocclin,61,0.3925049702326457,0.6837575137615204,0.48949579831932777,0.6554798883984363,0.5111111111111111,0.0,0.0,0.0,0.0,2002,clin,0.8
4,2,lr5e-05_bs32_modL1_fusion64_fusionL1_drop0p2_trmiss80_trlocclin,32,5e-05,1,64,1,0.2,lr5e-05_bs32_modL1_fusion64_fusionL1_drop0p2_trmiss80_trlocclin,1,0.754737009604772,0.7056655883789062,0.4369747899159664,0.5815865712670331,0.4222222222222222,0.0,0.0,0.0,0.0,2002,clin,0.8
4,2,lr5e-05_bs32_modL1_fusion64_fusionL1_drop0p2_trmiss80_trlocclin,32,5e-05,1,64,1,0.2,lr5e-05_bs32_modL1_fusion64_fusionL1_drop0p2_trmiss80_trlocclin,2,0.7370106478532156,0.7132191956043243,0.3949579831932773,0.5524047880968059,0.37777777777777777,0.0,0.0,0.0,0.0,2002,clin,0.8
4,2,lr5e-05_bs32_modL1_fusion64_fusionL1_drop0p2_trmiss80_trlocclin,32,5e-05,1,64,1,0.2,lr5e-05_bs32_modL1_fusion64_fusionL1_drop0p2_trmiss80_trlocclin,3,0.7093746165434519,0.7193361222743988,0.3802521008403361,0.5409531581653303,0.3111111111111111,0.0,0.0,0.0,0.0,2002,clin,0.8
4,2,lr5e-05_bs32_modL1_fusion64_fusionL1_drop0p2_trmiss80_trlocclin,32,5e-05,1,64,1,0.2,lr5e-05_bs32_modL1_fusion64_fusionL1_drop0p2_trmiss80_trlocclin,4,0.6931443015734354,0.7199514508247375,0.4054621848739496,0.5588040339265089,0.35555555555555557,0.0,0.0,0.0,0.0,2002,clin,0.8
4,2,lr5e-05_bs32_modL1_fusion64_fusionL1_drop0p2_trmiss80_trlocclin,32,5e-05,1,64,1,0.2,lr5e-05_bs32_modL1_fusion64_fusionL1_drop0p2_trmiss80_trlocclin,5,0.7001893619696299,0.7212138175964355,0.41596638655462187,0.5664242897619068,0.37777777777777777,0.0,0.0,0.0,0.0,2002,clin,0.8
4,2,lr5e-05_bs32_modL1_fusion64_fusionL1_drop0p2_trmiss80_trlocclin,32,5e-05,1,64,1,0.2,lr5e-05_bs32_modL1_fusion64_fusionL1_drop0p2_trmiss80_trlocclin,6,0.656000941991806,0.7210531532764435,0.43907563025210083,0.5781951706196016,0.37777777777777777,0.0,0.0,0.0,0.0,2002,clin,0.8
4,2,lr5e-05_bs32_modL1_fusion64_fusionL1_drop0p2_trmiss80_trlocclin,32,5e-05,1,64,1,0.2,lr5e-05_bs32_modL1_fusion64_fusionL1_drop0p2_trmiss80_trlocclin,7,0.680291473865509,0.7199250161647797,0.4516806722689076,0.5817906158849236,0.4,0.0,0.0,0.0,0.0,2002,clin,0.8
4,2,lr5e-05_bs32_modL1_fusion64_fusionL1_drop0p2_trmiss80_trlocclin,32,5e-05,1,64,1,0.2,lr5e-05_bs32_modL1_fusion64_fusionL1_drop0p2_trmiss80_trlocclin,8,0.6591164867083231,0.7185901999473572,0.45588235294117646,0.5876131120725313,0.4,0.0,0.0,0.0,0.0,2002,clin,0.8
4,2,lr5e-05_bs32_modL1_fusion64_fusionL1_drop0p2_trmiss80_trlocclin,32,5e-05,1,64,1,0.2,lr5e-05_bs32_modL1_fusion64_fusionL1_drop0p2_trmiss80_trlocclin,9,0.6519507070382436,0.7164653539657593,0.46428571428571425,0.5911804710108545,0.4222222222222222,0.0,0.0,0.0,0.0,2002,clin,0.8
4,2,lr5e-05_bs32_modL1_fusion64_fusionL1_drop0p2_trmiss80_trlocclin,32,5e-05,1,64,1,0.2,lr5e-05_bs32_modL1_fusion64_fusionL1_drop0p2_trmiss80_trlocclin,10,0.6549878120422363,0.7160243690013885,0.49159663865546216,0.6091581182337081,0.4222222222222222,0.0,0.0,0.0,0.0,2002,clin,0.8
4,2,lr5e-05_bs32_modL1_fusion64_fusionL1_drop0p2_trmiss80_trlocclin,32,5e-05,1,64,1,0.2,lr5e-05_bs32_modL1_fusion64_fusionL1_drop0p2_trmiss80_trlocclin,11,0.6431640386581421,0.7157759666442871,0.4915966386554622,0.6070944326984169,0.4,0.0,0.0,0.0,0.0,2002,clin,0.8
4,2,lr5e-05_bs32_modL1_fusion64_fusionL1_drop0p2_trmiss80_trlocclin,32,5e-05,1,64,1,0.2,lr5e-05_bs32_modL1_fusion64_fusionL1_drop0p2_trmiss80_trlocclin,12,0.6308922668298086,0.7148288786411285,0.4852941176470589,0.604967165328794,0.4444444444444444,0.0,0.0,0.0,0.0,2002,clin,0.8
4,2,lr5e-05_bs32_modL1_fusion64_fusionL1_drop0p2_trmiss80_trlocclin,32,5e-05,1,64,1,0.2,lr5e-05_bs32_modL1_fusion64_fusionL1_drop0p2_trmiss80_trlocclin,13,0.6250847478707632,0.7124366760253906,0.4852941176470588,0.6097785504988054,0.4666666666666667,0.0,0.0,0.0,0.0,2002,clin,0.8
4,2,lr5e-05_bs32_modL1_fusion64_fusionL1_drop0p2_trmiss80_trlocclin,32,5e-05,1,64,1,0.2,lr5e-05_bs32_modL1_fusion64_fusionL1_drop0p2_trmiss80_trlocclin,14,0.652957558631897,0.7146748900413513,0.4852941176470588,0.614325392852481,0.4444444444444444,0.0,0.0,0.0,0.0,2002,clin,0.8
4,2,lr5e-05_bs32_modL1_fusion64_fusionL1_drop0p2_trmiss80_trlocclin,32,5e-05,1,64,1,0.2,lr5e-05_bs32_modL1_fusion64_fusionL1_drop0p2_trmiss80_trlocclin,15,0.616140345732371,0.7127327919006348,0.4915966386554622,0.6106248802591867,0.4222222222222222,0.0,0.0,0.0,0.0,2002,clin,0.8
4,2,lr5e-05_bs32_modL1_fusion64_fusionL1_drop0p2_trmiss80_trlocclin,32,5e-05,1,64,1,0.2,lr5e-05_bs32_modL1_fusion64_fusionL1_drop0p2_trmiss80_trlocclin,16,0.6371853450934092,0.7143060564994812,0.4873949579831933,0.6083789585740071,0.4222222222222222,0.0,0.0,0.0,0.0,2002,clin,0.8
4,2,lr5e-05_bs32_modL1_fusion64_fusionL1_drop0p2_trmiss80_trlocclin,32,5e-05,1,64,1,0.2,lr5e-05_bs32_modL1_fusion64_fusionL1_drop0p2_trmiss80_trlocclin,17,0.6212237576643626,0.7127338647842407,0.4831932773109243,0.6064614966623055,0.4444444444444444,0.0,0.0,0.0,0.0,2002,clin,0.8
4,2,lr5e-05_bs32_modL1_fusion64_fusionL1_drop0p2_trmiss80_trlocclin,32,5e-05,1,64,1,0.2,lr5e-05_bs32_modL1_fusion64_fusionL1_drop0p2_trmiss80_trlocclin,18,0.6171560088793436,0.7134305834770203,0.4747899159663866,0.5995957589142148,0.4444444444444444,0.0,0.0,0.0,0.0,2002,clin,0.8
4,2,lr5e-05_bs32_modL1_fusion64_fusionL1_drop0p2_trmiss80_trlocclin,32,5e-05,1,64,1,0.2,lr5e-05_bs32_modL1_fusion64_fusionL1_drop0p2_trmiss80_trlocclin,19,0.6290391981601715,0.7143780291080475,0.4852941176470588,0.6074677861836206,0.4,0.0,0.0,0.0,0.0,2002,clin,0.8
4,2,lr5e-05_bs32_modL1_fusion64_fusionL1_drop0p2_trmiss80_trlocclin,32,5e-05,1,64,1,0.2,lr5e-05_bs32_modL1_fusion64_fusionL1_drop0p2_trmiss80_trlocclin,20,0.6103308896223704,0.7157480716705322,0.4852941176470588,0.6085535728090036,0.4,0.0,0.0,0.0,0.0,2002,clin,0.8
4,2,lr5e-05_bs32_modL1_fusion64_fusionL1_drop0p2_trmiss80_trlocclin,32,5e-05,1,64,1,0.2,lr5e-05_bs32_modL1_fusion64_fusionL1_drop0p2_trmiss80_trlocclin,21,0.6081821223100027,0.7161754965782166,0.4789915966386554,0.6088171635234825,0.37777777777777777,0.0,0.0,0.0,0.0,2002,clin,0.8
4,2,lr5e-05_bs32_modL1_fusion64_fusionL1_drop0p2_trmiss80_trlocclin,32,5e-05,1,64,1,0.2,lr5e-05_bs32_modL1_fusion64_fusionL1_drop0p2_trmiss80_trlocclin,22,0.6142254968484243,0.7142788767814636,0.4789915966386555,0.6100475935809796,0.4222222222222222,0.0,0.0,0.0,0.0,2002,clin,0.8
4,2,lr5e-05_bs32_modL1_fusion64_fusionL1_drop0p2_trmiss80_trlocclin,32,5e-05,1,64,1,0.2,lr5e-05_bs32_modL1_fusion64_fusionL1_drop0p2_trmiss80_trlocclin,23,0.6087267299493154,0.7181091010570526,0.47689075630252103,0.605657330321131,0.35555555555555557,0.0,0.0,0.0,0.0,2002,clin,0.8
4,2,lr5e-05_bs32_modL1_fusion64_fusionL1_drop0p2_trmiss80_trlocclin,32,5e-05,1,64,1,0.2,lr5e-05_bs32_modL1_fusion64_fusionL1_drop0p2_trmiss80_trlocclin,24,0.6098727583885193,0.7140456140041351,0.4684873949579832,0.6023967516547714,0.4,0.0,0.0,0.0,0.0,2002,clin,0.8
4,2,lr5e-05_bs32_modL1_fusion64_fusionL1_drop0p2_trmiss80_trlocclin,32,5e-05,1,64,1,0.2,lr5e-05_bs32_modL1_fusion64_fusionL1_drop0p2_trmiss80_trlocclin,25,0.6075190901756287,0.7140138447284698,0.4642857142857143,0.6004096359331264,0.4,0.0,0.0,0.0,0.0,2002,clin,0.8
4,2,lr5e-05_bs32_modL1_fusion64_fusionL1_drop0p2_trmiss80_trlocclin,32,5e-05,1,64,1,0.2,lr5e-05_bs32_modL1_fusion64_fusionL1_drop0p2_trmiss80_trlocclin,26,0.610801488161087,0.7117035090923309,0.4684873949579832,0.6175593929838675,0.4222222222222222,0.0,0.0,0.0,0.0,2002,clin,0.8
4,2,lr5e-05_bs32_modL1_fusion64_fusionL1_drop0p2_trmiss80_trlocclin,32,5e-05,1,64,1,0.2,lr5e-05_bs32_modL1_fusion64_fusionL1_drop0p2_trmiss80_trlocclin,27,0.5980996390183767,0.7136771082878113,0.46638655462184875,0.6164056928674574,0.4,0.0,0.0,0.0,0.0,2002,clin,0.8
4,2,lr5e-05_bs32_modL1_fusion64_fusionL1_drop0p2_trmiss80_trlocclin,32,5e-05,1,64,1,0.2,lr5e-05_bs32_modL1_fusion64_fusionL1_drop0p2_trmiss80_trlocclin,28,0.6142800152301788,0.7114376127719879,0.47689075630252103,0.6203214614344281,0.4222222222222222,0.0,0.0,0.0,0.0,2002,clin,0.8
4,2,lr5e-05_bs32_modL1_fusion64_fusionL1_drop0p2_trmiss80_trlocclin,32,5e-05,1,64,1,0.2,lr5e-05_bs32_modL1_fusion64_fusionL1_drop0p2_trmiss80_trlocclin,29,0.5976759294668833,0.7127563059329987,0.4726890756302521,0.618327076149291,0.4222222222222222,0.0,0.0,0.0,0.0,2002,clin,0.8
4,2,lr5e-05_bs32_modL1_fusion64_fusionL1_drop0p2_trmiss80_trlocclin,32,5e-05,1,64,1,0.2,lr5e-05_bs32_modL1_fusion64_fusionL1_drop0p2_trmiss80_trlocclin,30,0.5952652196089426,0.714202344417572,0.4600840336134454,0.5953808209365504,0.4222222222222222,0.0,0.0,0.0,0.0,2002,clin,0.8
4,2,lr5e-05_bs32_modL1_fusion64_fusionL1_drop0p2_trmiss80_trlocclin,32,5e-05,1,64,1,0.2,lr5e-05_bs32_modL1_fusion64_fusionL1_drop0p2_trmiss80_trlocclin,31,0.6140695114930471,0.7127880156040192,0.4684873949579832,0.6024180246138393,0.4222222222222222,0.0,0.0,0.0,0.0,2002,clin,0.8
4,2,lr5e-05_bs32_modL1_fusion64_fusionL1_drop0p2_trmiss80_trlocclin,32,5e-05,1,64,1,0.2,lr5e-05_bs32_modL1_fusion64_fusionL1_drop0p2_trmiss80_trlocclin,32,0.5906758606433868,0.7112284600734711,0.4600840336134454,0.5976583575891348,0.4222222222222222,0.0,0.0,0.0,0.0,2002,clin,0.8
4,2,lr5e-05_bs32_modL1_fusion64_fusionL1_drop0p2_trmiss80_trlocclin,32,5e-05,1,64,1,0.2,lr5e-05_bs32_modL1_fusion64_fusionL1_drop0p2_trmiss80_trlocclin,33,0.6024031241734823,0.7117770910263062,0.4768907563025211,0.6231617216346261,0.4,0.0,0.0,0.0,0.0,2002,clin,0.8
4,2,lr5e-05_bs32_modL1_fusion64_fusionL1_drop0p2_trmiss80_trlocclin,32,5e-05,1,64,1,0.2,lr5e-05_bs32_modL1_fusion64_fusionL1_drop0p2_trmiss80_trlocclin,34,0.6027067204316457,0.7123458981513977,0.4705882352941176,0.6045748299009519,0.4,0.0,0.0,0.0,0.0,2002,clin,0.8
4,2,lr5e-05_bs32_modL1_fusion64_fusionL1_drop0p2_trmiss80_trlocclin,32,5e-05,1,64,1,0.2,lr5e-05_bs32_modL1_fusion64_fusionL1_drop0p2_trmiss80_trlocclin,35,0.6057350734869639,0.7113291323184967,0.4684873949579832,0.6028830759349711,0.4222222222222222,0.0,0.0,0.0,0.0,2002,clin,0.8
4,2,lr5e-05_bs32_modL1_fusion64_fusionL1_drop0p1_trmiss80_trlocclin,32,5e-05,1,64,1,0.1,lr5e-05_bs32_modL1_fusion64_fusionL1_drop0p1_trmiss80_trlocclin,1,0.6703993280728658,0.6796962022781372,0.6533613445378151,0.800921972264538,0.5777777777777777,0.0,0.0,0.0,0.0,2002,clin,0.8
4,2,lr5e-05_bs32_modL1_fusion64_fusionL1_drop0p1_trmiss80_trlocclin,32,5e-05,1,64,1,0.1,lr5e-05_bs32_modL1_fusion64_fusionL1_drop0p1_trmiss80_trlocclin,2,0.6480922698974609,0.6744999587535858,0.6470588235294118,0.8022537991107225,0.5777777777777777,0.0,0.0,0.0,0.0,2002,clin,0.8
4,2,lr5e-05_bs32_modL1_fusion64_fusionL1_drop0p1_trmiss80_trlocclin,32,5e-05,1,64,1,0.1,lr5e-05_bs32_modL1_fusion64_fusionL1_drop0p1_trmiss80_trlocclin,3,0.5997687677542368,0.6645908057689667,0.6491596638655462,0.7913195067495603,0.5777777777777777,0.0,0.0,0.0,0.0,2002,clin,0.8
4,2,lr5e-05_bs32_modL1_fusion64_fusionL1_drop0p1_trmiss80_trlocclin,32,5e-05,1,64,1,0.1,lr5e-05_bs32_modL1_fusion64_fusionL1_drop0p1_trmiss80_trlocclin,4,0.5818581680456797,0.6565649211406708,0.6407563025210083,0.7786294894399777,0.5555555555555556,0.0,0.0,0.0,0.0,2002,clin,0.8
4,2,lr5e-05_bs32_modL1_fusion64_fusionL1_drop0p1_trmiss80_trlocclin,32,5e-05,1,64,1,0.1,lr5e-05_bs32_modL1_fusion64_fusionL1_drop0p1_trmiss80_trlocclin,5,0.5709148248036703,0.6526879966259003,0.6407563025210083,0.7660657626868617,0.6,0.0,0.0,0.0,0.0,2002,clin,0.8
4,2,lr5e-05_bs32_modL1_fusion64_fusionL1_drop0p1_trmiss80_trlocclin,32,5e-05,1,64,1,0.1,lr5e-05_bs32_modL1_fusion64_fusionL1_drop0p1_trmiss80_trlocclin,6,0.5472298761208853,0.6501966416835785,0.638655462184874,0.7579882597446471,0.6,0.0,0.0,0.0,0.0,2002,clin,0.8
4,2,lr5e-05_bs32_modL1_fusion64_fusionL1_drop0p1_trmiss80_trlocclin,32,5e-05,1,64,1,0.1,lr5e-05_bs32_modL1_fusion64_fusionL1_drop0p1_trmiss80_trlocclin,7,0.5525567630926768,0.648096114397049,0.634453781512605,0.7524724324902713,0.5777777777777777,0.0,0.0,0.0,0.0,2002,clin,0.8
4,2,lr5e-05_bs32_modL1_fusion64_fusionL1_drop0p1_trmiss80_trlocclin,32,5e-05,1,64,1,0.1,lr5e-05_bs32_modL1_fusion64_fusionL1_drop0p1_trmiss80_trlocclin,8,0.5185473908980688,0.6484893262386322,0.6239495798319328,0.7436159985659025,0.6,0.0,0.0,0.0,0.0,2002,clin,0.8
4,2,lr5e-05_bs32_modL1_fusion64_fusionL1_drop0p1_trmiss80_trlocclin,32,5e-05,1,64,1,0.1,lr5e-05_bs32_modL1_fusion64_fusionL1_drop0p1_trmiss80_trlocclin,9,0.5214067051808039,0.6476340889930725,0.6197478991596639,0.7482973898717975,0.5777777777777777,0.0,0.0,0.0,0.0,2002,clin,0.8
4,2,lr5e-05_bs32_modL1_fusion64_fusionL1_drop0p1_trmiss80_trlocclin,32,5e-05,1,64,1,0.1,lr5e-05_bs32_modL1_fusion64_fusionL1_drop0p1_trmiss80_trlocclin,10,0.5090609391530355,0.6451876759529114,0.6197478991596639,0.7390969715548379,0.6,0.0,0.0,0.0,0.0,2002,clin,0.8
4,2,lr5e-05_bs32_modL1_fusion64_fusionL1_drop0p1_trmiss80_trlocclin,32,5e-05,1,64,1,0.1,lr5e-05_bs32_modL1_fusion64_fusionL1_drop0p1_trmiss80_trlocclin,11,0.49573594828446704,0.6483506858348846,0.6092436974789915,0.7374045651725819,0.6,0.0,0.0,0.0,0.0,2002,clin,0.8
4,2,lr5e-05_bs32_modL1_fusion64_fusionL1_drop0p1_trmiss80_trlocclin,32,5e-05,1,64,1,0.1,lr5e-05_bs32_modL1_fusion64_fusionL1_drop0p1_trmiss80_trlocclin,12,0.481365238626798,0.6503389179706573,0.6071428571428572,0.7391447989862057,0.6,0.0,0.0,0.0,0.0,2002,clin,0.8
4,2,lr5e-05_bs32_modL1_fusion64_fusionL1_drop0p1_trmiss80_trlocclin,32,5e-05,1,64,1,0.1,lr5e-05_bs32_modL1_fusion64_fusionL1_drop0p1_trmiss80_trlocclin,13,0.4911892314751943,0.6510018408298492,0.6092436974789915,0.7402699103936357,0.5777777777777777,0.0,0.0,0.0,0.0,2002,clin,0.8
4,2,lr5e-05_bs32_modL1_fusion64_fusionL1_drop0p1_trmiss80_trlocclin,32,5e-05,1,64,1,0.1,lr5e-05_bs32_modL1_fusion64_fusionL1_drop0p1_trmiss80_trlocclin,14,0.4826173384984334,0.649528294801712,0.5987394957983194,0.7327896765194062,0.5777777777777777,0.0,0.0,0.0,0.0,2002,clin,0.8
4,2,lr5e-05_bs32_modL1_fusion64_fusionL1_drop0p1_trmiss80_trlocclin,32,5e-05,1,64,1,0.1,lr5e-05_bs32_modL1_fusion64_fusionL1_drop0p1_trmiss80_trlocclin,15,0.46542293826738995,0.6476682126522064,0.5966386554621849,0.7328600637654386,0.5777777777777777,0.0,0.0,0.0,0.0,2002,clin,0.8
4,2,lr5e-05_bs32_modL1_fusion64_fusionL1_drop0p1_trmiss80_trlocclin,32,5e-05,1,64,1,0.1,lr5e-05_bs32_modL1_fusion64_fusionL1_drop0p1_trmiss80_trlocclin,16,0.4427302082379659,0.6472847759723663,0.588235294117647,0.7294366459583563,0.5777777777777777,0.0,0.0,0.0,0.0,2002,clin,0.8
4,2,lr5e-05_bs32_modL1_fusion64_fusionL1_drop0p1_trmiss80_trlocclin,32,5e-05,1,64,1,0.1,lr5e-05_bs32_modL1_fusion64_fusionL1_drop0p1_trmiss80_trlocclin,17,0.43594934542973834,0.649054080247879,0.588235294117647,0.7294366459583563,0.5777777777777777,0.0,0.0,0.0,0.0,2002,clin,0.8
4,2,lr5e-05_bs32_modL1_fusion64_fusionL1_drop0p1_trmiss80_trlocclin,32,5e-05,1,64,1,0.1,lr5e-05_bs32_modL1_fusion64_fusionL1_drop0p1_trmiss80_trlocclin,18,0.4469466954469681,0.6472338140010834,0.6008403361344538,0.7339407380686569,0.5777777777777777,0.0,0.0,0.0,0.0,2002,clin,0.8
4,2,lr5e-05_bs32_modL1_fusion64_fusionL1_drop0p1_trmiss80_trlocclin,32,5e-05,1,64,1,0.1,lr5e-05_bs32_modL1_fusion64_fusionL1_drop0p1_trmiss80_trlocclin,19,0.44102255006631214,0.6468967497348785,0.6008403361344538,0.7330134399251474,0.5555555555555556,0.0,0.0,0.0,0.0,2002,clin,0.8
4,2,lr5e-05_bs32_modL1_fusion64_fusionL1_drop0p1_trmiss80_trlocclin,32,5e-05,1,64,1,0.1,lr5e-05_bs32_modL1_fusion64_fusionL1_drop0p1_trmiss80_trlocclin,20,0.4272646407286326,0.6433678567409515,0.6071428571428571,0.7362730312110546,0.5555555555555556,0.0,0.0,0.0,0.0,2002,clin,0.8
4,2,lr5e-05_bs32_modL1_fusion64_fusionL1_drop0p1_trmiss80_trlocclin,32,5e-05,1,64,1,0.1,lr5e-05_bs32_modL1_fusion64_fusionL1_drop0p1_trmiss80_trlocclin,21,0.426307737827301,0.6433651149272919,0.6092436974789917,0.738079278100054,0.5777777777777777,0.0,0.0,0.0,0.0,2002,clin,0.8
4,2,lr1e-04_bs32_modL1_fusion32_fusionL1_drop0p2_trmiss80_trlocclin,32,0.0001,1,32,1,0.2,lr1e-04_bs32_modL1_fusion32_fusionL1_drop0p2_trmiss80_trlocclin,1,0.6516404847304026,0.6802069842815399,0.44537815126050423,0.6469946729786299,0.6222222222222222,0.0,0.0,0.0,0.0,2002,clin,0.8
4,2,lr1e-04_bs32_modL1_fusion32_fusionL1_drop0p2_trmiss80_trlocclin,32,0.0001,1,32,1,0.2,lr1e-04_bs32_modL1_fusion32_fusionL1_drop0p2_trmiss80_trlocclin,2,0.6362582345803579,0.6798948347568512,0.4264705882352941,0.633592022005935,0.6,0.0,0.0,0.0,0.0,2002,clin,0.8
4,2,lr1e-04_bs32_modL1_fusion32_fusionL1_drop0p2_trmiss80_trlocclin,32,0.0001,1,32,1,0.2,lr1e-04_bs32_modL1_fusion32_fusionL1_drop0p2_trmiss80_trlocclin,3,0.6117057204246521,0.6787926852703094,0.43277310924369744,0.631479006757354,0.6,0.0,0.0,0.0,0.0,2002,clin,0.8
4,2,lr1e-04_bs32_modL1_fusion32_fusionL1_drop0p2_trmiss80_trlocclin,32,0.0001,1,32,1,0.2,lr1e-04_bs32_modL1_fusion32_fusionL1_drop0p2_trmiss80_trlocclin,4,0.5987597306569418,0.6815977096557617,0.4369747899159664,0.6386839747887222,0.6,0.0,0.0,0.0,0.0,2002,clin,0.8
4,2,lr1e-04_bs32_modL1_fusion32_fusionL1_drop0p2_trmiss80_trlocclin,32,0.0001,1,32,1,0.2,lr1e-04_bs32_modL1_fusion32_fusionL1_drop0p2_trmiss80_trlocclin,5,0.5819060603777567,0.6809301674365997,0.44117647058823534,0.6424640469826858,0.5777777777777777,0.0,0.0,0.0,0.0,2002,clin,0.8
4,2,lr1e-04_bs32_modL1_fusion32_fusionL1_drop0p2_trmiss80_trlocclin,32,0.0001,1,32,1,0.2,lr1e-04_bs32_modL1_fusion32_fusionL1_drop0p2_trmiss80_trlocclin,6,0.6053313811620077,0.6812601089477539,0.42226890756302515,0.6234509047230171,0.6,0.0,0.0,0.0,0.0,2002,clin,0.8
4,2,lr1e-04_bs32_modL1_fusion32_fusionL1_drop0p2_trmiss80_trlocclin,32,0.0001,1,32,1,0.2,lr1e-04_bs32_modL1_fusion32_fusionL1_drop0p2_trmiss80_trlocclin,7,0.5741924444834391,0.6836883425712585,0.4180672268907563,0.6150692372434137,0.5777777777777777,0.0,0.0,0.0,0.0,2002,clin,0.8
4,2,lr1e-04_bs32_modL1_fusion32_fusionL1_drop0p2_trmiss80_trlocclin,32,0.0001,1,32,1,0.2,lr1e-04_bs32_modL1_fusion32_fusionL1_drop0p2_trmiss80_trlocclin,8,0.5653655827045441,0.6854057013988495,0.39705882352941185,0.5894500749709514,0.5777777777777777,0.0,0.0,0.0,0.0,2002,clin,0.8
4,2,lr1e-04_bs32_modL1_fusion32_fusionL1_drop0p2_trmiss80_trlocclin,32,0.0001,1,32,1,0.2,lr1e-04_bs32_modL1_fusion32_fusionL1_drop0p2_trmiss80_trlocclin,9,0.5383194784323374,0.6846039593219757,0.4012605042016807,0.593983613961482,0.5777777777777777,0.0,0.0,0.0,0.0,2002,clin,0.8
4,2,lr1e-04_bs32_modL1_fusion32_fusionL1_drop0p2_trmiss80_trlocclin,32,0.0001,1,32,1,0.2,lr1e-04_bs32_modL1_fusion32_fusionL1_drop0p2_trmiss80_trlocclin,10,0.5394107699394226,0.6845881640911102,0.3949579831932773,0.593844698746273,0.5777777777777777,0.0,0.0,0.0,0.0,2002,clin,0.8
4,2,lr1e-04_bs32_modL1_fusion32_fusionL1_drop0p2_trmiss80_trlocclin,32,0.0001,1,32,1,0.2,lr1e-04_bs32_modL1_fusion32_fusionL1_drop0p2_trmiss80_trlocclin,11,0.5308133264382681,0.6844525933265686,0.3844537815126051,0.5939014915538856,0.6,0.0,0.0,0.0,0.0,2002,clin,0.8
4,2,lr1e-04_bs32_modL1_fusion32_fusionL1_drop0p2_trmiss80_trlocclin,32,0.0001,1,32,1,0.2,lr1e-04_bs32_modL1_fusion32_fusionL1_drop0p2_trmiss80_trlocclin,12,0.5271269381046295,0.6849637925624847,0.4012605042016807,0.6059783785704772,0.5777777777777777,0.0,0.0,0.0,0.0,2002,clin,0.8
4,2,lr1e-04_bs32_modL1_fusion32_fusionL1_drop0p2_trmiss80_trlocclin,32,0.0001,1,32,1,0.2,lr1e-04_bs32_modL1_fusion32_fusionL1_drop0p2_trmiss80_trlocclin,13,0.5177684674660364,0.6847736835479736,0.40756302521008403,0.611780178294258,0.6,0.0,0.0,0.0,0.0,2002,clin,0.8
4,2,lr1e-04_bs32_modL1_fusion32_fusionL1_drop0p2_trmiss80_trlocclin,32,0.0001,1,32,1,0.2,lr1e-04_bs32_modL1_fusion32_fusionL1_drop0p2_trmiss80_trlocclin,14,0.5174783617258072,0.6867996454238892,0.39915966386554624,0.6117981076324234,0.6,0.0,0.0,0.0,0.0,2002,clin,0.8
4,2,lr1e-04_bs32_modL1_fusion32_fusionL1_drop0p2_trmiss80_trlocclin,32,0.0001,1,32,1,0.2,lr1e-04_bs32_modL1_fusion32_fusionL1_drop0p2_trmiss80_trlocclin,15,0.49718912939230603,0.6870149075984955,0.4012605042016807,0.6115464977818891,0.5777777777777777,0.0,0.0,0.0,0.0,2002,clin,0.8
4,2,lr1e-04_bs32_modL1_fusion32_fusionL1_drop0p2_trmiss80_trlocclin,32,0.0001,1,32,1,0.2,lr1e-04_bs32_modL1_fusion32_fusionL1_drop0p2_trmiss80_trlocclin,16,0.5167073160409927,0.6870198249816895,0.4054621848739496,0.6130331269163015,0.5777777777777777,0.0,0.0,0.0,0.0,2002,clin,0.8
4,2,lr1e-04_bs32_modL1_fusion32_fusionL1_drop0p2_trmiss80_trlocclin,32,0.0001,1,32,1,0.2,lr1e-04_bs32_modL1_fusion32_fusionL1_drop0p2_trmiss80_trlocclin,17,0.4975884308417638,0.6868779957294464,0.4054621848739496,0.6167732004403298,0.6,0.0,0.0,0.0,0.0,2002,clin,0.8
4,2,lr1e-04_bs32_modL1_fusion32_fusionL1_drop0p2_trmiss80_trlocclin,32,0.0001,1,32,1,0.2,lr1e-04_bs32_modL1_fusion32_fusionL1_drop0p2_trmiss80_trlocclin,18,0.5039035727580389,0.6874728500843048,0.3886554621848739,0.6139045970577676,0.6,0.0,0.0,0.0,0.0,2002,clin,0.8
4,2,lr1e-04_bs32_modL1_fusion32_fusionL1_drop0p2_trmiss80_trlocclin,32,0.0001,1,32,1,0.2,lr1e-04_bs32_modL1_fusion32_fusionL1_drop0p2_trmiss80_trlocclin,19,0.49526678025722504,0.6873992383480072,0.3928571428571429,0.6111901023395584,0.6,0.0,0.0,0.0,0.0,2002,clin,0.8
4,2,lr1e-04_bs32_modL1_fusion32_fusionL1_drop0p2_trmiss80_trlocclin,32,0.0001,1,32,1,0.2,lr1e-04_bs32_modL1_fusion32_fusionL1_drop0p2_trmiss80_trlocclin,20,0.4971638520558675,0.6853196620941162,0.4075630252100841,0.6136037838089433,0.6,0.0,0.0,0.0,0.0,2002,clin,0.8
4,2,lr1e-04_bs32_modL1_fusion32_fusionL1_drop0p2_trmiss80_trlocclin,32,0.0001,1,32,1,0.2,lr1e-04_bs32_modL1_fusion32_fusionL1_drop0p2_trmiss80_trlocclin,21,0.48027587433656055,0.6863106191158295,0.40336134453781514,0.6124552764649901,0.6,0.0,0.0,0.0,0.0,2002,clin,0.8
4,2,lr1e-04_bs32_modL1_fusion32_fusionL1_drop0p1_trmiss80_trlocclin,32,0.0001,1,32,1,0.1,lr1e-04_bs32_modL1_fusion32_fusionL1_drop0p1_trmiss80_trlocclin,1,0.7022367119789124,0.6987802982330322,0.4432773109243697,0.6532209110279187,0.4444444444444444,0.0,0.0,0.0,0.0,2002,clin,0.8
4,2,lr1e-04_bs32_modL1_fusion32_fusionL1_drop0p1_trmiss80_trlocclin,32,0.0001,1,32,1,0.1,lr1e-04_bs32_modL1_fusion32_fusionL1_drop0p1_trmiss80_trlocclin,2,0.643873949845632,0.6988101005554199,0.47689075630252103,0.6369099959912852,0.4666666666666667,0.0,0.0,0.0,0.0,2002,clin,0.8
4,2,lr1e-04_bs32_modL1_fusion32_fusionL1_drop0p1_trmiss80_trlocclin,32,0.0001,1,32,1,0.1,lr1e-04_bs32_modL1_fusion32_fusionL1_drop0p1_trmiss80_trlocclin,3,0.6293841997782389,0.6984302997589111,0.4684873949579832,0.624286417142258,0.5555555555555556,0.0,0.0,0.0,0.0,2002,clin,0.8
4,2,lr1e-04_bs32_modL1_fusion32_fusionL1_drop0p1_trmiss80_trlocclin,32,0.0001,1,32,1,0.1,lr1e-04_bs32_modL1_fusion32_fusionL1_drop0p1_trmiss80_trlocclin,4,0.6107823451360067,0.6945348978042603,0.4957983193277311,0.6382828488970699,0.5555555555555556,0.0,0.0,0.0,0.0,2002,clin,0.8
4,2,lr1e-04_bs32_modL1_fusion32_fusionL1_drop0p1_trmiss80_trlocclin,32,0.0001,1,32,1,0.1,lr1e-04_bs32_modL1_fusion32_fusionL1_drop0p1_trmiss80_trlocclin,5,0.5799618363380432,0.6915662288665771,0.5126050420168067,0.6528800780709402,0.5333333333333333,0.0,0.0,0.0,0.0,2002,clin,0.8
4,2,lr1e-04_bs32_modL1_fusion32_fusionL1_drop0p1_trmiss80_trlocclin,32,0.0001,1,32,1,0.1,lr1e-04_bs32_modL1_fusion32_fusionL1_drop0p1_trmiss80_trlocclin,6,0.5604829688866934,0.6896451711654663,0.5126050420168068,0.6702213595206173,0.5333333333333333,0.0,0.0,0.0,0.0,2002,clin,0.8
4,2,lr1e-04_bs32_modL1_fusion32_fusionL1_drop0p1_trmiss80_trlocclin,32,0.0001,1,32,1,0.1,lr1e-04_bs32_modL1_fusion32_fusionL1_drop0p1_trmiss80_trlocclin,7,0.5488359332084656,0.6857664883136749,0.5357142857142857,0.6821051241304634,0.5333333333333333,0.0,0.0,0.0,0.0,2002,clin,0.8
4,2,lr1e-04_bs32_modL1_fusion32_fusionL1_drop0p1_trmiss80_trlocclin,32,0.0001,1,32,1,0.1,lr1e-04_bs32_modL1_fusion32_fusionL1_drop0p1_trmiss80_trlocclin,8,0.5294165213902792,0.6846857070922852,0.5252100840336135,0.6791225085165116,0.4888888888888889,0.0,0.0,0.0,0.0,2002,clin,0.8
4,2,lr1e-04_bs32_modL1_fusion32_fusionL1_drop0p1_trmiss80_trlocclin,32,0.0001,1,32,1,0.1,lr1e-04_bs32_modL1_fusion32_fusionL1_drop0p1_trmiss80_trlocclin,9,0.5184724777936935,0.681496262550354,0.523109243697479,0.6733337470417657,0.4888888888888889,0.0,0.0,0.0,0.0,2002,clin,0.8
4,2,lr1e-04_bs32_modL1_fusion32_fusionL1_drop0p1_trmiss80_trlocclin,32,0.0001,1,32,1,0.1,lr1e-04_bs32_modL1_fusion32_fusionL1_drop0p1_trmiss80_trlocclin,10,0.5129201710224152,0.6839500963687897,0.5315126050420168,0.6824211013682461,0.5333333333333333,0.0,0.0,0.0,0.0,2002,clin,0.8
4,2,lr1e-04_bs32_modL1_fusion32_fusionL1_drop0p1_trmiss80_trlocclin,32,0.0001,1,32,1,0.1,lr1e-04_bs32_modL1_fusion32_fusionL1_drop0p1_trmiss80_trlocclin,11,0.5008097390333811,0.6855717301368713,0.5210084033613445,0.6687098848327815,0.5333333333333333,0.0,0.0,0.0,0.0,2002,clin,0.8
4,2,lr1e-04_bs32_modL1_fusion32_fusionL1_drop0p1_trmiss80_trlocclin,32,0.0001,1,32,1,0.1,lr1e-04_bs32_modL1_fusion32_fusionL1_drop0p1_trmiss80_trlocclin,12,0.4820471952358882,0.6888172030448914,0.5105042016806722,0.6518634392007586,0.5111111111111111,0.0,0.0,0.0,0.0,2002,clin,0.8
4,2,lr1e-04_bs32_modL1_fusion32_fusionL1_drop0p1_trmiss80_trlocclin,32,0.0001,1,32,1,0.1,lr1e-04_bs32_modL1_fusion32_fusionL1_drop0p1_trmiss80_trlocclin,13,0.4756937623023987,0.6930637359619141,0.49789915966386555,0.6530884912274943,0.4888888888888889,0.0,0.0,0.0,0.0,2002,clin,0.8
4,2,lr1e-04_bs32_modL1_fusion32_fusionL1_drop0p1_trmiss80_trlocclin,32,0.0001,1,32,1,0.1,lr1e-04_bs32_modL1_fusion32_fusionL1_drop0p1_trmiss80_trlocclin,14,0.46103552480538684,0.6948365569114685,0.5,0.6382122978418899,0.5111111111111111,0.0,0.0,0.0,0.0,2002,clin,0.8
4,2,lr1e-04_bs32_modL1_fusion32_fusionL1_drop0p1_trmiss80_trlocclin,32,0.0001,1,32,1,0.1,lr1e-04_bs32_modL1_fusion32_fusionL1_drop0p1_trmiss80_trlocclin,15,0.4468847413857778,0.6962887942790985,0.48949579831932777,0.6241816992865727,0.5333333333333333,0.0,0.0,0.0,0.0,2002,clin,0.8
4,2,lr1e-04_bs32_modL1_fusion32_fusionL1_drop0p1_trmiss80_trlocclin,32,0.0001,1,32,1,0.1,lr1e-04_bs32_modL1_fusion32_fusionL1_drop0p1_trmiss80_trlocclin,16,0.43786004682381946,0.6939925253391266,0.4873949579831933,0.6214671576912172,0.5333333333333333,0.0,0.0,0.0,0.0,2002,clin,0.8
4,2,lr1e-04_bs32_modL1_fusion32_fusionL1_drop0p1_trmiss80_trlocclin,32,0.0001,1,32,1,0.1,lr1e-04_bs32_modL1_fusion32_fusionL1_drop0p1_trmiss80_trlocclin,17,0.43819258113702136,0.6883119642734528,0.5042016806722689,0.637552169247674,0.5111111111111111,0.0,0.0,0.0,0.0,2002,clin,0.8
4,2,lr1e-04_bs32_modL1_fusion32_fusionL1_drop0p1_trmiss80_trlocclin,32,0.0001,1,32,1,0.1,lr1e-04_bs32_modL1_fusion32_fusionL1_drop0p1_trmiss80_trlocclin,18,0.42505433162053424,0.6881727874279022,0.5105042016806722,0.678075398649083,0.4888888888888889,0.0,0.0,0.0,0.0,2002,clin,0.8
4,2,lr1e-04_bs32_modL1_fusion32_fusionL1_drop0p1_trmiss80_trlocclin,32,0.0001,1,32,1,0.1,lr1e-04_bs32_modL1_fusion32_fusionL1_drop0p1_trmiss80_trlocclin,19,0.42445971568425495,0.6898247301578522,0.5105042016806722,0.6841886208187106,0.5111111111111111,0.0,0.0,0.0,0.0,2002,clin,0.8
4,2,lr1e-04_bs32_modL1_fusion32_fusionL1_drop0p1_trmiss80_trlocclin,32,0.0001,1,32,1,0.1,lr1e-04_bs32_modL1_fusion32_fusionL1_drop0p1_trmiss80_trlocclin,20,0.4450816462437312,0.6897223889827728,0.5147058823529411,0.6919258430717299,0.5111111111111111,0.0,0.0,0.0,0.0,2002,clin,0.8
4,2,lr1e-04_bs32_modL1_fusion32_fusionL1_drop0p1_trmiss80_trlocclin,32,0.0001,1,32,1,0.1,lr1e-04_bs32_modL1_fusion32_fusionL1_drop0p1_trmiss80_trlocclin,21,0.41242821017901105,0.6877735555171967,0.5126050420168067,0.68783053195693,0.5111111111111111,0.0,0.0,0.0,0.0,2002,clin,0.8
4,2,lr1e-04_bs32_modL1_fusion32_fusionL1_drop0p1_trmiss80_trlocclin,32,0.0001,1,32,1,0.1,lr1e-04_bs32_modL1_fusion32_fusionL1_drop0p1_trmiss80_trlocclin,22,0.411652867992719,0.6894393563270569,0.49789915966386555,0.6791194966617933,0.4888888888888889,0.0,0.0,0.0,0.0,2002,clin,0.8
4,2,lr1e-04_bs32_modL1_fusion32_fusionL1_drop0p1_trmiss80_trlocclin,32,0.0001,1,32,1,0.1,lr1e-04_bs32_modL1_fusion32_fusionL1_drop0p1_trmiss80_trlocclin,23,0.4087311029434204,0.6951345503330231,0.4810924369747899,0.6746606271736226,0.4888888888888889,0.0,0.0,0.0,0.0,2002,clin,0.8
4,2,lr1e-04_bs32_modL1_fusion32_fusionL1_drop0p1_trmiss80_trlocclin,32,0.0001,1,32,1,0.1,lr1e-04_bs32_modL1_fusion32_fusionL1_drop0p1_trmiss80_trlocclin,24,0.40540725986162823,0.6947224736213684,0.476890756302521,0.673842141602094,0.4888888888888889,0.0,0.0,0.0,0.0,2002,clin,0.8
4,2,lr1e-04_bs32_modL1_fusion32_fusionL1_drop0p1_trmiss80_trlocclin,32,0.0001,1,32,1,0.1,lr1e-04_bs32_modL1_fusion32_fusionL1_drop0p1_trmiss80_trlocclin,25,0.4051985740661621,0.6940914392471313,0.4810924369747899,0.6695278691155525,0.4888888888888889,0.0,0.0,0.0,0.0,2002,clin,0.8
4,2,lr1e-04_bs32_modL1_fusion32_fusionL1_drop0p1_trmiss80_trlocclin,32,0.0001,1,32,1,0.1,lr1e-04_bs32_modL1_fusion32_fusionL1_drop0p1_trmiss80_trlocclin,26,0.4099488506714503,0.6937728226184845,0.4936974789915966,0.6747348780507118,0.4888888888888889,0.0,0.0,0.0,0.0,2002,clin,0.8
4,2,lr1e-04_bs32_modL1_fusion32_fusionL1_drop0p1_trmiss80_trlocclin,32,0.0001,1,32,1,0.1,lr1e-04_bs32_modL1_fusion32_fusionL1_drop0p1_trmiss80_trlocclin,27,0.4074716816345851,0.6956054270267487,0.4852941176470589,0.6721844489721979,0.4888888888888889,0.0,0.0,0.0,0.0,2002,clin,0.8
4,2,lr1e-04_bs32_modL1_fusion64_fusionL1_drop0p2_trmiss80_trlocclin,32,0.0001,1,64,1,0.2,lr1e-04_bs32_modL1_fusion64_fusionL1_drop0p2_trmiss80_trlocclin,1,0.7310098508993784,0.6789741516113281,0.6533613445378151,0.7503577580943558,0.6222222222222222,0.0,0.0,0.0,0.0,2002,clin,0.8
4,2,lr1e-04_bs32_modL1_fusion64_fusionL1_drop0p2_trmiss80_trlocclin,32,0.0001,1,64,1,0.2,lr1e-04_bs32_modL1_fusion64_fusionL1_drop0p2_trmiss80_trlocclin,2,0.6926435629526774,0.6763431429862976,0.680672268907563,0.7648890821053743,0.5777777777777777,0.0,0.0,0.0,0.0,2002,clin,0.8
4,2,lr1e-04_bs32_modL1_fusion64_fusionL1_drop0p2_trmiss80_trlocclin,32,0.0001,1,64,1,0.2,lr1e-04_bs32_modL1_fusion64_fusionL1_drop0p2_trmiss80_trlocclin,3,0.6640865703423818,0.6715575456619263,0.6701680672268908,0.7660545614205945,0.5333333333333333,0.0,0.0,0.0,0.0,2002,clin,0.8
4,2,lr1e-04_bs32_modL1_fusion64_fusionL1_drop0p2_trmiss80_trlocclin,32,0.0001,1,64,1,0.2,lr1e-04_bs32_modL1_fusion64_fusionL1_drop0p2_trmiss80_trlocclin,4,0.6418789029121399,0.6699382662773132,0.6449579831932772,0.7635820530001011,0.5111111111111111,0.0,0.0,0.0,0.0,2002,clin,0.8
4,2,lr1e-04_bs32_modL1_fusion64_fusionL1_drop0p2_trmiss80_trlocclin,32,0.0001,1,64,1,0.2,lr1e-04_bs32_modL1_fusion64_fusionL1_drop0p2_trmiss80_trlocclin,5,0.608757495880127,0.6719266176223755,0.5987394957983193,0.7366884188864077,0.5333333333333333,0.0,0.0,0.0,0.0,2002,clin,0.8
4,2,lr1e-04_bs32_modL1_fusion64_fusionL1_drop0p2_trmiss80_trlocclin,32,0.0001,1,64,1,0.2,lr1e-04_bs32_modL1_fusion64_fusionL1_drop0p2_trmiss80_trlocclin,6,0.5986203749974569,0.6737315356731415,0.5714285714285714,0.7115162754623656,0.4666666666666667,0.0,0.0,0.0,0.0,2002,clin,0.8
4,2,lr1e-04_bs32_modL1_fusion64_fusionL1_drop0p2_trmiss80_trlocclin,32,0.0001,1,64,1,0.2,lr1e-04_bs32_modL1_fusion64_fusionL1_drop0p2_trmiss80_trlocclin,7,0.6012002428372701,0.6720342338085175,0.569327731092437,0.7223623864409924,0.4444444444444444,0.0,0.0,0.0,0.0,2002,clin,0.8
4,2,lr1e-04_bs32_modL1_fusion64_fusionL1_drop0p2_trmiss80_trlocclin,32,0.0001,1,64,1,0.2,lr1e-04_bs32_modL1_fusion64_fusionL1_drop0p2_trmiss80_trlocclin,8,0.5648184219996134,0.6627100110054016,0.592436974789916,0.7492577286586477,0.4666666666666667,0.0,0.0,0.0,0.0,2002,clin,0.8
4,2,lr1e-04_bs32_modL1_fusion64_fusionL1_drop0p2_trmiss80_trlocclin,32,0.0001,1,64,1,0.2,lr1e-04_bs32_modL1_fusion64_fusionL1_drop0p2_trmiss80_trlocclin,9,0.5678788125514984,0.6596741378307343,0.5756302521008403,0.7402713701323571,0.4444444444444444,0.0,0.0,0.0,0.0,2002,clin,0.8
4,2,lr1e-04_bs32_modL1_fusion64_fusionL1_drop0p2_trmiss80_trlocclin,32,0.0001,1,64,1,0.2,lr1e-04_bs32_modL1_fusion64_fusionL1_drop0p2_trmiss80_trlocclin,10,0.5438226213057836,0.6551977396011353,0.5840336134453782,0.7358175070752764,0.4888888888888889,0.0,0.0,0.0,0.0,2002,clin,0.8
4,2,lr1e-04_bs32_modL1_fusion64_fusionL1_drop0p2_trmiss80_trlocclin,32,0.0001,1,64,1,0.2,lr1e-04_bs32_modL1_fusion64_fusionL1_drop0p2_trmiss80_trlocclin,11,0.5251331677039465,0.6564023196697235,0.5777310924369747,0.7349004598840857,0.4666666666666667,0.0,0.0,0.0,0.0,2002,clin,0.8
4,2,lr1e-04_bs32_modL1_fusion64_fusionL1_drop0p2_trmiss80_trlocclin,32,0.0001,1,64,1,0.2,lr1e-04_bs32_modL1_fusion64_fusionL1_drop0p2_trmiss80_trlocclin,12,0.5210199505090714,0.6598566174507141,0.5651260504201681,0.7285842496393041,0.4666666666666667,0.0,0.0,0.0,0.0,2002,clin,0.8
4,2,lr1e-04_bs32_modL1_fusion64_fusionL1_drop0p2_trmiss80_trlocclin,32,0.0001,1,64,1,0.2,lr1e-04_bs32_modL1_fusion64_fusionL1_drop0p2_trmiss80_trlocclin,13,0.49081307152907055,0.6549102365970612,0.5651260504201681,0.7223017192465918,0.4888888888888889,0.0,0.0,0.0,0.0,2002,clin,0.8
4,2,lr1e-04_bs32_modL1_fusion64_fusionL1_drop0p2_trmiss80_trlocclin,32,0.0001,1,64,1,0.2,lr1e-04_bs32_modL1_fusion64_fusionL1_drop0p2_trmiss80_trlocclin,14,0.48450107375780743,0.658194363117218,0.5609243697478992,0.7208612843093892,0.4666666666666667,0.0,0.0,0.0,0.0,2002,clin,0.8
4,2,lr1e-04_bs32_modL1_fusion64_fusionL1_drop0p2_trmiss80_trlocclin,32,0.0001,1,64,1,0.2,lr1e-04_bs32_modL1_fusion64_fusionL1_drop0p2_trmiss80_trlocclin,15,0.475410799185435,0.6588588058948517,0.5504201680672269,0.7118941130482982,0.5333333333333333,0.0,0.0,0.0,0.0,2002,clin,0.8
4,2,lr1e-04_bs32_modL1_fusion64_fusionL1_drop0p2_trmiss80_trlocclin,32,0.0001,1,64,1,0.2,lr1e-04_bs32_modL1_fusion64_fusionL1_drop0p2_trmiss80_trlocclin,16,0.480220561226209,0.6640861630439758,0.5336134453781513,0.7041160433812137,0.4444444444444444,0.0,0.0,0.0,0.0,2002,clin,0.8
4,2,lr1e-04_bs32_modL1_fusion64_fusionL1_drop0p2_trmiss80_trlocclin,32,0.0001,1,64,1,0.2,lr1e-04_bs32_modL1_fusion64_fusionL1_drop0p2_trmiss80_trlocclin,17,0.46928104261557263,0.6680249273777008,0.5336134453781513,0.6971748258617478,0.4888888888888889,0.0,0.0,0.0,0.0,2002,clin,0.8
4,2,lr1e-04_bs32_modL1_fusion64_fusionL1_drop0p2_trmiss80_trlocclin,32,0.0001,1,64,1,0.2,lr1e-04_bs32_modL1_fusion64_fusionL1_drop0p2_trmiss80_trlocclin,18,0.45393866300582886,0.6687259078025818,0.5294117647058824,0.6949029518169658,0.5333333333333333,0.0,0.0,0.0,0.0,2002,clin,0.8
4,2,lr1e-04_bs32_modL1_fusion64_fusionL1_drop0p2_trmiss80_trlocclin,32,0.0001,1,64,1,0.2,lr1e-04_bs32_modL1_fusion64_fusionL1_drop0p2_trmiss80_trlocclin,19,0.4335639923810959,0.6763710677623749,0.5042016806722689,0.6826668767856288,0.5555555555555556,0.0,0.0,0.0,0.0,2002,clin,0.8
4,2,lr1e-04_bs32_modL1_fusion64_fusionL1_drop0p2_trmiss80_trlocclin,32,0.0001,1,64,1,0.2,lr1e-04_bs32_modL1_fusion64_fusionL1_drop0p2_trmiss80_trlocclin,20,0.4387517323096593,0.6799114346504211,0.4852941176470588,0.6709766384909557,0.5333333333333333,0.0,0.0,0.0,0.0,2002,clin,0.8
4,2,lr1e-04_bs32_modL1_fusion64_fusionL1_drop0p2_trmiss80_trlocclin,32,0.0001,1,64,1,0.2,lr1e-04_bs32_modL1_fusion64_fusionL1_drop0p2_trmiss80_trlocclin,21,0.41362688442071277,0.6797991096973419,0.4810924369747899,0.6692144781888646,0.5333333333333333,0.0,0.0,0.0,0.0,2002,clin,0.8
4,2,lr1e-04_bs32_modL1_fusion64_fusionL1_drop0p2_trmiss80_trlocclin,32,0.0001,1,64,1,0.2,lr1e-04_bs32_modL1_fusion64_fusionL1_drop0p2_trmiss80_trlocclin,22,0.4190152784188588,0.6796922981739044,0.49789915966386555,0.675157658742256,0.5333333333333333,0.0,0.0,0.0,0.0,2002,clin,0.8
4,2,lr1e-04_bs32_modL1_fusion64_fusionL1_drop0p1_trmiss80_trlocclin,32,0.0001,1,64,1,0.1,lr1e-04_bs32_modL1_fusion64_fusionL1_drop0p1_trmiss80_trlocclin,1,0.7013567288716634,0.689646989107132,0.4789915966386554,0.6377009032265563,0.5111111111111111,0.0,0.0,0.0,0.0,2002,clin,0.8
4,2,lr1e-04_bs32_modL1_fusion64_fusionL1_drop0p1_trmiss80_trlocclin,32,0.0001,1,64,1,0.1,lr1e-04_bs32_modL1_fusion64_fusionL1_drop0p1_trmiss80_trlocclin,2,0.6463770568370819,0.687801867723465,0.5042016806722689,0.6537175639463505,0.4888888888888889,0.0,0.0,0.0,0.0,2002,clin,0.8
4,2,lr1e-04_bs32_modL1_fusion64_fusionL1_drop0p1_trmiss80_trlocclin,32,0.0001,1,64,1,0.1,lr1e-04_bs32_modL1_fusion64_fusionL1_drop0p1_trmiss80_trlocclin,3,0.626721998055776,0.6883751451969147,0.49369747899159666,0.6525625983889551,0.5333333333333333,0.0,0.0,0.0,0.0,2002,clin,0.8
4,2,lr1e-04_bs32_modL1_fusion64_fusionL1_drop0p1_trmiss80_trlocclin,32,0.0001,1,64,1,0.1,lr1e-04_bs32_modL1_fusion64_fusionL1_drop0p1_trmiss80_trlocclin,4,0.5999507109324137,0.6870206594467163,0.4957983193277311,0.6629643792052288,0.5333333333333333,0.0,0.0,0.0,0.0,2002,clin,0.8
4,2,lr1e-04_bs32_modL1_fusion64_fusionL1_drop0p1_trmiss80_trlocclin,32,0.0001,1,64,1,0.1,lr1e-04_bs32_modL1_fusion64_fusionL1_drop0p1_trmiss80_trlocclin,5,0.577286422252655,0.6860441267490387,0.4852941176470588,0.6529642363608082,0.5333333333333333,0.0,0.0,0.0,0.0,2002,clin,0.8
4,2,lr1e-04_bs32_modL1_fusion64_fusionL1_drop0p1_trmiss80_trlocclin,32,0.0001,1,64,1,0.1,lr1e-04_bs32_modL1_fusion64_fusionL1_drop0p1_trmiss80_trlocclin,6,0.5528200070063273,0.6829690039157867,0.48739495798319327,0.6542430139544221,0.5111111111111111,0.0,0.0,0.0,0.0,2002,clin,0.8
4,2,lr1e-04_bs32_modL1_fusion64_fusionL1_drop0p1_trmiss80_trlocclin,32,0.0001,1,64,1,0.1,lr1e-04_bs32_modL1_fusion64_fusionL1_drop0p1_trmiss80_trlocclin,7,0.5374328990777334,0.6828101873397827,0.4810924369747899,0.6479913091998167,0.5333333333333333,0.0,0.0,0.0,0.0,2002,clin,0.8
4,2,lr1e-04_bs32_modL1_fusion64_fusionL1_drop0p1_trmiss80_trlocclin,32,0.0001,1,64,1,0.1,lr1e-04_bs32_modL1_fusion64_fusionL1_drop0p1_trmiss80_trlocclin,8,0.5153036812941233,0.6836026012897491,0.47058823529411764,0.6429866098840252,0.5333333333333333,0.0,0.0,0.0,0.0,2002,clin,0.8
4,2,lr1e-04_bs32_modL1_fusion64_fusionL1_drop0p1_trmiss80_trlocclin,32,0.0001,1,64,1,0.1,lr1e-04_bs32_modL1_fusion64_fusionL1_drop0p1_trmiss80_trlocclin,9,0.49235008160273236,0.6843666732311249,0.47689075630252103,0.6455164344042758,0.5111111111111111,0.0,0.0,0.0,0.0,2002,clin,0.8
4,2,lr1e-04_bs32_modL1_fusion64_fusionL1_drop0p1_trmiss80_trlocclin,32,0.0001,1,64,1,0.1,lr1e-04_bs32_modL1_fusion64_fusionL1_drop0p1_trmiss80_trlocclin,10,0.48506343364715576,0.6881009638309479,0.47268907563025214,0.6423823510142437,0.4888888888888889,0.0,0.0,0.0,0.0,2002,clin,0.8
4,2,lr1e-04_bs32_modL1_fusion64_fusionL1_drop0p1_trmiss80_trlocclin,32,0.0001,1,64,1,0.1,lr1e-04_bs32_modL1_fusion64_fusionL1_drop0p1_trmiss80_trlocclin,11,0.45656989018122357,0.6949400007724762,0.4684873949579832,0.63298152650785,0.4888888888888889,0.0,0.0,0.0,0.0,2002,clin,0.8
4,2,lr1e-04_bs32_modL1_fusion64_fusionL1_drop0p1_trmiss80_trlocclin,32,0.0001,1,64,1,0.1,lr1e-04_bs32_modL1_fusion64_fusionL1_drop0p1_trmiss80_trlocclin,12,0.44137803713480633,0.6958952844142914,0.46218487394957986,0.627628256962953,0.5111111111111111,0.0,0.0,0.0,0.0,2002,clin,0.8
4,2,lr1e-04_bs32_modL1_fusion64_fusionL1_drop0p1_trmiss80_trlocclin,32,0.0001,1,64,1,0.1,lr1e-04_bs32_modL1_fusion64_fusionL1_drop0p1_trmiss80_trlocclin,13,0.43566825489203137,0.6894963383674622,0.4810924369747899,0.6499469373086545,0.5111111111111111,0.0,0.0,0.0,0.0,2002,clin,0.8
4,2,lr1e-04_bs32_modL1_fusion64_fusionL1_drop0p1_trmiss80_trlocclin,32,0.0001,1,64,1,0.1,lr1e-04_bs32_modL1_fusion64_fusionL1_drop0p1_trmiss80_trlocclin,14,0.42273323237895966,0.6897343397140503,0.476890756302521,0.6505217576033023,0.5333333333333333,0.0,0.0,0.0,0.0,2002,clin,0.8
4,2,lr1e-04_bs32_modL1_fusion64_fusionL1_drop0p1_trmiss80_trlocclin,32,0.0001,1,64,1,0.1,lr1e-04_bs32_modL1_fusion64_fusionL1_drop0p1_trmiss80_trlocclin,15,0.4160281519095103,0.6897909641265869,0.48109243697478987,0.6489655817421585,0.5111111111111111,0.0,0.0,0.0,0.0,2002,clin,0.8
4,2,lr1e-04_bs32_modL1_fusion64_fusionL1_drop0p1_trmiss80_trlocclin,32,0.0001,1,64,1,0.1,lr1e-04_bs32_modL1_fusion64_fusionL1_drop0p1_trmiss80_trlocclin,16,0.4190798799196879,0.6908592879772186,0.4747899159663866,0.6428704753998309,0.5111111111111111,0.0,0.0,0.0,0.0,2002,clin,0.8
4,2,lr1e-04_bs32_modL1_fusion64_fusionL1_drop0p1_trmiss80_trlocclin,32,0.0001,1,64,1,0.1,lr1e-04_bs32_modL1_fusion64_fusionL1_drop0p1_trmiss80_trlocclin,17,0.41549329956372577,0.6963998675346375,0.47268907563025214,0.6375959742950411,0.5111111111111111,0.0,0.0,0.0,0.0,2002,clin,0.8
4,2,lr1e-04_bs32_modL1_fusion64_fusionL1_drop0p1_trmiss80_trlocclin,32,0.0001,1,64,1,0.1,lr1e-04_bs32_modL1_fusion64_fusionL1_drop0p1_trmiss80_trlocclin,18,0.3990042308966319,0.6964900493621826,0.4789915966386555,0.652027571844079,0.5111111111111111,0.0,0.0,0.0,0.0,2002,clin,0.8
4,2,lr1e-04_bs32_modL1_fusion64_fusionL1_drop0p1_trmiss80_trlocclin,32,0.0001,1,64,1,0.1,lr1e-04_bs32_modL1_fusion64_fusionL1_drop0p1_trmiss80_trlocclin,19,0.3894432783126831,0.6983708441257477,0.48739495798319327,0.6627177969878637,0.4888888888888889,0.0,0.0,0.0,0.0,2002,clin,0.8
4,2,lr1e-04_bs32_modL1_fusion64_fusionL1_drop0p1_trmiss80_trlocclin,32,0.0001,1,64,1,0.1,lr1e-04_bs32_modL1_fusion64_fusionL1_drop0p1_trmiss80_trlocclin,20,0.3762505153814952,0.699413001537323,0.4852941176470589,0.658522564946215,0.4888888888888889,0.0,0.0,0.0,0.0,2002,clin,0.8
4,2,lr1e-04_bs32_modL1_fusion64_fusionL1_drop0p1_trmiss80_trlocclin,32,0.0001,1,64,1,0.1,lr1e-04_bs32_modL1_fusion64_fusionL1_drop0p1_trmiss80_trlocclin,21,0.38259874780972797,0.7009490728378296,0.4747899159663866,0.6536223041249015,0.4888888888888889,0.0,0.0,0.0,0.0,2002,clin,0.8
4,2,lr1e-04_bs32_modL1_fusion64_fusionL1_drop0p1_trmiss80_trlocclin,32,0.0001,1,64,1,0.1,lr1e-04_bs32_modL1_fusion64_fusionL1_drop0p1_trmiss80_trlocclin,22,0.37582077582677204,0.7043757438659668,0.4684873949579832,0.643752137668877,0.4888888888888889,0.0,0.0,0.0,0.0,2002,clin,0.8
4,3,lr5e-05_bs16_modL1_fusion32_fusionL1_drop0p2_trmiss80_trlocclin,16,5e-05,1,32,1,0.2,lr5e-05_bs16_modL1_fusion32_fusionL1_drop0p2_trmiss80_trlocclin,1,0.6722200065851212,0.6763196190198263,0.5336134453781513,0.6589811567750985,0.6,0.0,0.0,0.0,0.0,2002,clin,0.8
4,3,lr5e-05_bs16_modL1_fusion32_fusionL1_drop0p2_trmiss80_trlocclin,16,5e-05,1,32,1,0.2,lr5e-05_bs16_modL1_fusion32_fusionL1_drop0p2_trmiss80_trlocclin,2,0.6703031212091446,0.6785380840301514,0.5168067226890757,0.6557356112225732,0.5777777777777777,0.0,0.0,0.0,0.0,2002,clin,0.8
4,3,lr5e-05_bs16_modL1_fusion32_fusionL1_drop0p2_trmiss80_trlocclin,16,5e-05,1,32,1,0.2,lr5e-05_bs16_modL1_fusion32_fusionL1_drop0p2_trmiss80_trlocclin,3,0.63726873199145,0.6894145806630453,0.4726890756302521,0.6347856546047196,0.5333333333333333,0.0,0.0,0.0,0.0,2002,clin,0.8
4,3,lr5e-05_bs16_modL1_fusion32_fusionL1_drop0p2_trmiss80_trlocclin,16,5e-05,1,32,1,0.2,lr5e-05_bs16_modL1_fusion32_fusionL1_drop0p2_trmiss80_trlocclin,4,0.6469862014055252,0.6962248682975769,0.43697478991596633,0.6111032760669576,0.4666666666666667,0.0,0.0,0.0,0.0,2002,clin,0.8
4,3,lr5e-05_bs16_modL1_fusion32_fusionL1_drop0p2_trmiss80_trlocclin,16,5e-05,1,32,1,0.2,lr5e-05_bs16_modL1_fusion32_fusionL1_drop0p2_trmiss80_trlocclin,5,0.6063634306192398,0.6910232901573181,0.4369747899159664,0.6137365308963939,0.4666666666666667,0.0,0.0,0.0,0.0,2002,clin,0.8
4,3,lr5e-05_bs16_modL1_fusion32_fusionL1_drop0p2_trmiss80_trlocclin,16,5e-05,1,32,1,0.2,lr5e-05_bs16_modL1_fusion32_fusionL1_drop0p2_trmiss80_trlocclin,6,0.5998979806900024,0.6975175738334656,0.4516806722689076,0.627400917688731,0.4666666666666667,0.0,0.0,0.0,0.0,2002,clin,0.8
4,3,lr5e-05_bs16_modL1_fusion32_fusionL1_drop0p2_trmiss80_trlocclin,16,5e-05,1,32,1,0.2,lr5e-05_bs16_modL1_fusion32_fusionL1_drop0p2_trmiss80_trlocclin,7,0.5943844566742579,0.7005824446678162,0.44747899159663873,0.6204844630845611,0.4666666666666667,0.0,0.0,0.0,0.0,2002,clin,0.8
4,3,lr5e-05_bs16_modL1_fusion32_fusionL1_drop0p2_trmiss80_trlocclin,16,5e-05,1,32,1,0.2,lr5e-05_bs16_modL1_fusion32_fusionL1_drop0p2_trmiss80_trlocclin,8,0.6070669492085775,0.7021070321400961,0.44747899159663873,0.616166087038825,0.4888888888888889,0.0,0.0,0.0,0.0,2002,clin,0.8
4,3,lr5e-05_bs16_modL1_fusion32_fusionL1_drop0p2_trmiss80_trlocclin,16,5e-05,1,32,1,0.2,lr5e-05_bs16_modL1_fusion32_fusionL1_drop0p2_trmiss80_trlocclin,9,0.5872530490159988,0.7006931106249491,0.453781512605042,0.6181915393981564,0.4444444444444444,0.0,0.0,0.0,0.0,2002,clin,0.8
4,3,lr5e-05_bs16_modL1_fusion32_fusionL1_drop0p2_trmiss80_trlocclin,16,5e-05,1,32,1,0.2,lr5e-05_bs16_modL1_fusion32_fusionL1_drop0p2_trmiss80_trlocclin,10,0.5835248728593191,0.6998274525006613,0.43277310924369744,0.6094254076048008,0.4666666666666667,0.0,0.0,0.0,0.0,2002,clin,0.8
4,3,lr5e-05_bs16_modL1_fusion32_fusionL1_drop0p2_trmiss80_trlocclin,16,5e-05,1,32,1,0.2,lr5e-05_bs16_modL1_fusion32_fusionL1_drop0p2_trmiss80_trlocclin,11,0.5594243134061495,0.7016171018282572,0.41596638655462187,0.6044406576848395,0.4888888888888889,0.0,0.0,0.0,0.0,2002,clin,0.8
4,3,lr5e-05_bs16_modL1_fusion32_fusionL1_drop0p2_trmiss80_trlocclin,16,5e-05,1,32,1,0.2,lr5e-05_bs16_modL1_fusion32_fusionL1_drop0p2_trmiss80_trlocclin,12,0.6043641368548075,0.705448846022288,0.4096638655462185,0.5981006518129556,0.4888888888888889,0.0,0.0,0.0,0.0,2002,clin,0.8
4,3,lr5e-05_bs16_modL1_fusion32_fusionL1_drop0p2_trmiss80_trlocclin,16,5e-05,1,32,1,0.2,lr5e-05_bs16_modL1_fusion32_fusionL1_drop0p2_trmiss80_trlocclin,13,0.5699349914987882,0.7055661280949911,0.41596638655462187,0.6081022609777172,0.4888888888888889,0.0,0.0,0.0,0.0,2002,clin,0.8
4,3,lr5e-05_bs16_modL1_fusion32_fusionL1_drop0p2_trmiss80_trlocclin,16,5e-05,1,32,1,0.2,lr5e-05_bs16_modL1_fusion32_fusionL1_drop0p2_trmiss80_trlocclin,14,0.5500847299893697,0.7090543905893961,0.4096638655462185,0.5991109084817671,0.4888888888888889,0.0,0.0,0.0,0.0,2002,clin,0.8
4,3,lr5e-05_bs16_modL1_fusion32_fusionL1_drop0p2_trmiss80_trlocclin,16,5e-05,1,32,1,0.2,lr5e-05_bs16_modL1_fusion32_fusionL1_drop0p2_trmiss80_trlocclin,15,0.5470461497704188,0.7118781010309855,0.4138655462184874,0.5993766543067697,0.4888888888888889,0.0,0.0,0.0,0.0,2002,clin,0.8
4,3,lr5e-05_bs16_modL1_fusion32_fusionL1_drop0p2_trmiss80_trlocclin,16,5e-05,1,32,1,0.2,lr5e-05_bs16_modL1_fusion32_fusionL1_drop0p2_trmiss80_trlocclin,16,0.57808185617129,0.7093829313913981,0.41806722689075626,0.6015008792870961,0.5111111111111111,0.0,0.0,0.0,0.0,2002,clin,0.8
4,3,lr5e-05_bs16_modL1_fusion32_fusionL1_drop0p2_trmiss80_trlocclin,16,5e-05,1,32,1,0.2,lr5e-05_bs16_modL1_fusion32_fusionL1_drop0p2_trmiss80_trlocclin,17,0.5523739159107208,0.7139272888501486,0.40336134453781514,0.5993876329004368,0.4444444444444444,0.0,0.0,0.0,0.0,2002,clin,0.8
4,3,lr5e-05_bs16_modL1_fusion32_fusionL1_drop0p2_trmiss80_trlocclin,16,5e-05,1,32,1,0.2,lr5e-05_bs16_modL1_fusion32_fusionL1_drop0p2_trmiss80_trlocclin,18,0.5578322485089302,0.7158632675806681,0.38865546218487396,0.592868715091305,0.4666666666666667,0.0,0.0,0.0,0.0,2002,clin,0.8
4,3,lr5e-05_bs16_modL1_fusion32_fusionL1_drop0p2_trmiss80_trlocclin,16,5e-05,1,32,1,0.2,lr5e-05_bs16_modL1_fusion32_fusionL1_drop0p2_trmiss80_trlocclin,19,0.554575651884079,0.7095347046852112,0.4012605042016807,0.6048556394023089,0.4888888888888889,0.0,0.0,0.0,0.0,2002,clin,0.8
4,3,lr5e-05_bs16_modL1_fusion32_fusionL1_drop0p2_trmiss80_trlocclin,16,5e-05,1,32,1,0.2,lr5e-05_bs16_modL1_fusion32_fusionL1_drop0p2_trmiss80_trlocclin,20,0.5309239650766054,0.7130125363667806,0.40336134453781514,0.5961682722046033,0.4222222222222222,0.0,0.0,0.0,0.0,2002,clin,0.8
4,3,lr5e-05_bs16_modL1_fusion32_fusionL1_drop0p2_trmiss80_trlocclin,16,5e-05,1,32,1,0.2,lr5e-05_bs16_modL1_fusion32_fusionL1_drop0p2_trmiss80_trlocclin,21,0.5350470865766207,0.7142609357833862,0.40546218487394964,0.6020238540555655,0.4666666666666667,0.0,0.0,0.0,0.0,2002,clin,0.8
4,3,lr5e-05_bs16_modL1_fusion32_fusionL1_drop0p1_trmiss80_trlocclin,16,5e-05,1,32,1,0.1,lr5e-05_bs16_modL1_fusion32_fusionL1_drop0p1_trmiss80_trlocclin,1,0.735347385207812,0.7397800882657369,0.3739495798319328,0.5482439932185736,0.35555555555555557,0.0,0.0,0.0,0.0,2002,clin,0.8
4,3,lr5e-05_bs16_modL1_fusion32_fusionL1_drop0p1_trmiss80_trlocclin,16,5e-05,1,32,1,0.1,lr5e-05_bs16_modL1_fusion32_fusionL1_drop0p1_trmiss80_trlocclin,2,0.7049197107553482,0.7715447942415873,0.3256302521008404,0.5408261218674622,0.4,0.0,0.0,0.0,0.0,2002,clin,0.8
4,3,lr5e-05_bs16_modL1_fusion32_fusionL1_drop0p1_trmiss80_trlocclin,16,5e-05,1,32,1,0.1,lr5e-05_bs16_modL1_fusion32_fusionL1_drop0p1_trmiss80_trlocclin,3,0.6996228496233622,0.7922508319218954,0.33193277310924374,0.5462733326742039,0.35555555555555557,0.0,0.0,0.0,0.0,2002,clin,0.8
4,3,lr5e-05_bs16_modL1_fusion32_fusionL1_drop0p1_trmiss80_trlocclin,16,5e-05,1,32,1,0.1,lr5e-05_bs16_modL1_fusion32_fusionL1_drop0p1_trmiss80_trlocclin,4,0.6667729665835699,0.804321825504303,0.3025210084033614,0.5274480766075518,0.3111111111111111,0.0,0.0,0.0,0.0,2002,clin,0.8
4,3,lr5e-05_bs16_modL1_fusion32_fusionL1_drop0p1_trmiss80_trlocclin,16,5e-05,1,32,1,0.1,lr5e-05_bs16_modL1_fusion32_fusionL1_drop0p1_trmiss80_trlocclin,5,0.6567855775356293,0.8106812437375387,0.296218487394958,0.5167967653492724,0.28888888888888886,0.0,0.0,0.0,0.0,2002,clin,0.8
4,3,lr5e-05_bs16_modL1_fusion32_fusionL1_drop0p1_trmiss80_trlocclin,16,5e-05,1,32,1,0.1,lr5e-05_bs16_modL1_fusion32_fusionL1_drop0p1_trmiss80_trlocclin,6,0.6305034557978312,0.809240976969401,0.3130252100840336,0.5192007740980311,0.3333333333333333,0.0,0.0,0.0,0.0,2002,clin,0.8
4,3,lr5e-05_bs16_modL1_fusion32_fusionL1_drop0p1_trmiss80_trlocclin,16,5e-05,1,32,1,0.1,lr5e-05_bs16_modL1_fusion32_fusionL1_drop0p1_trmiss80_trlocclin,7,0.6050544927517573,0.8045329848925272,0.3172268907563025,0.5168330159017254,0.3333333333333333,0.0,0.0,0.0,0.0,2002,clin,0.8
4,3,lr5e-05_bs16_modL1_fusion32_fusionL1_drop0p1_trmiss80_trlocclin,16,5e-05,1,32,1,0.1,lr5e-05_bs16_modL1_fusion32_fusionL1_drop0p1_trmiss80_trlocclin,8,0.6108307987451553,0.8063639601071676,0.3277310924369748,0.5195758657811103,0.3333333333333333,0.0,0.0,0.0,0.0,2002,clin,0.8
4,3,lr5e-05_bs16_modL1_fusion32_fusionL1_drop0p1_trmiss80_trlocclin,16,5e-05,1,32,1,0.1,lr5e-05_bs16_modL1_fusion32_fusionL1_drop0p1_trmiss80_trlocclin,9,0.5947856257359186,0.8127543528874716,0.3277310924369748,0.5216727443828852,0.3333333333333333,0.0,0.0,0.0,0.0,2002,clin,0.8
4,3,lr5e-05_bs16_modL1_fusion32_fusionL1_drop0p1_trmiss80_trlocclin,16,5e-05,1,32,1,0.1,lr5e-05_bs16_modL1_fusion32_fusionL1_drop0p1_trmiss80_trlocclin,10,0.6050845483938853,0.8188782930374146,0.3277310924369748,0.5242985520752613,0.3111111111111111,0.0,0.0,0.0,0.0,2002,clin,0.8
4,3,lr5e-05_bs16_modL1_fusion32_fusionL1_drop0p1_trmiss80_trlocclin,16,5e-05,1,32,1,0.1,lr5e-05_bs16_modL1_fusion32_fusionL1_drop0p1_trmiss80_trlocclin,11,0.587889996667703,0.8113762338956197,0.3319327731092437,0.5248973032794053,0.3333333333333333,0.0,0.0,0.0,0.0,2002,clin,0.8
4,3,lr5e-05_bs16_modL1_fusion32_fusionL1_drop0p1_trmiss80_trlocclin,16,5e-05,1,32,1,0.1,lr5e-05_bs16_modL1_fusion32_fusionL1_drop0p1_trmiss80_trlocclin,12,0.5701004539926847,0.8135063052177429,0.3235294117647059,0.5194949460462527,0.35555555555555557,0.0,0.0,0.0,0.0,2002,clin,0.8
4,3,lr5e-05_bs16_modL1_fusion32_fusionL1_drop0p1_trmiss80_trlocclin,16,5e-05,1,32,1,0.1,lr5e-05_bs16_modL1_fusion32_fusionL1_drop0p1_trmiss80_trlocclin,13,0.5843753516674042,0.8097878297170004,0.3067226890756302,0.5115063158333637,0.3333333333333333,0.0,0.0,0.0,0.0,2002,clin,0.8
4,3,lr5e-05_bs16_modL1_fusion32_fusionL1_drop0p1_trmiss80_trlocclin,16,5e-05,1,32,1,0.1,lr5e-05_bs16_modL1_fusion32_fusionL1_drop0p1_trmiss80_trlocclin,14,0.5799043675263723,0.8178227543830872,0.29831932773109243,0.5088577228750291,0.3333333333333333,0.0,0.0,0.0,0.0,2002,clin,0.8
4,3,lr5e-05_bs16_modL1_fusion32_fusionL1_drop0p1_trmiss80_trlocclin,16,5e-05,1,32,1,0.1,lr5e-05_bs16_modL1_fusion32_fusionL1_drop0p1_trmiss80_trlocclin,15,0.5711325878898302,0.8257947961489359,0.30462184873949577,0.5133624542547605,0.37777777777777777,0.0,0.0,0.0,0.0,2002,clin,0.8
4,3,lr5e-05_bs16_modL1_fusion32_fusionL1_drop0p1_trmiss80_trlocclin,16,5e-05,1,32,1,0.1,lr5e-05_bs16_modL1_fusion32_fusionL1_drop0p1_trmiss80_trlocclin,16,0.5750003407398859,0.8326520125071207,0.3025210084033613,0.5151813569530671,0.35555555555555557,0.0,0.0,0.0,0.0,2002,clin,0.8
4,3,lr5e-05_bs16_modL1_fusion32_fusionL1_drop0p1_trmiss80_trlocclin,16,5e-05,1,32,1,0.1,lr5e-05_bs16_modL1_fusion32_fusionL1_drop0p1_trmiss80_trlocclin,17,0.5670250902573267,0.8206781148910522,0.32352941176470584,0.5215114533603042,0.35555555555555557,0.0,0.0,0.0,0.0,2002,clin,0.8
4,3,lr5e-05_bs16_modL1_fusion32_fusionL1_drop0p1_trmiss80_trlocclin,16,5e-05,1,32,1,0.1,lr5e-05_bs16_modL1_fusion32_fusionL1_drop0p1_trmiss80_trlocclin,18,0.5744445770978928,0.8203606605529785,0.3172268907563025,0.5210947593314207,0.35555555555555557,0.0,0.0,0.0,0.0,2002,clin,0.8
4,3,lr5e-05_bs16_modL1_fusion32_fusionL1_drop0p1_trmiss80_trlocclin,16,5e-05,1,32,1,0.1,lr5e-05_bs16_modL1_fusion32_fusionL1_drop0p1_trmiss80_trlocclin,19,0.558599221209685,0.8241018652915955,0.3067226890756303,0.5161093256617765,0.35555555555555557,0.0,0.0,0.0,0.0,2002,clin,0.8
4,3,lr5e-05_bs16_modL1_fusion32_fusionL1_drop0p1_trmiss80_trlocclin,16,5e-05,1,32,1,0.1,lr5e-05_bs16_modL1_fusion32_fusionL1_drop0p1_trmiss80_trlocclin,20,0.5518779729803404,0.8179426193237305,0.31932773109243695,0.5213751056558877,0.35555555555555557,0.0,0.0,0.0,0.0,2002,clin,0.8
4,3,lr5e-05_bs16_modL1_fusion32_fusionL1_drop0p1_trmiss80_trlocclin,16,5e-05,1,32,1,0.1,lr5e-05_bs16_modL1_fusion32_fusionL1_drop0p1_trmiss80_trlocclin,21,0.5542125205198923,0.8261434038480123,0.30882352941176466,0.5159605420376104,0.3333333333333333,0.0,0.0,0.0,0.0,2002,clin,0.8
4,3,lr5e-05_bs16_modL1_fusion64_fusionL1_drop0p2_trmiss80_trlocclin,16,5e-05,1,64,1,0.2,lr5e-05_bs16_modL1_fusion64_fusionL1_drop0p2_trmiss80_trlocclin,1,0.6887862583001455,0.7133614420890808,0.42647058823529416,0.5791083983191438,0.35555555555555557,0.0,0.0,0.0,0.0,2002,clin,0.8
4,3,lr5e-05_bs16_modL1_fusion64_fusionL1_drop0p2_trmiss80_trlocclin,16,5e-05,1,64,1,0.2,lr5e-05_bs16_modL1_fusion64_fusionL1_drop0p2_trmiss80_trlocclin,2,0.6845506330331167,0.7403574585914612,0.3529411764705882,0.5358607793873147,0.4,0.0,0.0,0.0,0.0,2002,clin,0.8
4,3,lr5e-05_bs16_modL1_fusion64_fusionL1_drop0p2_trmiss80_trlocclin,16,5e-05,1,64,1,0.2,lr5e-05_bs16_modL1_fusion64_fusionL1_drop0p2_trmiss80_trlocclin,3,0.6576360911130905,0.75613933801651,0.34663865546218486,0.5337610767127823,0.37777777777777777,0.0,0.0,0.0,0.0,2002,clin,0.8
4,3,lr5e-05_bs16_modL1_fusion64_fusionL1_drop0p2_trmiss80_trlocclin,16,5e-05,1,64,1,0.2,lr5e-05_bs16_modL1_fusion64_fusionL1_drop0p2_trmiss80_trlocclin,4,0.6664057672023773,0.7590133945147196,0.32773109243697474,0.5239587974708193,0.4,0.0,0.0,0.0,0.0,2002,clin,0.8
4,3,lr5e-05_bs16_modL1_fusion64_fusionL1_drop0p2_trmiss80_trlocclin,16,5e-05,1,64,1,0.2,lr5e-05_bs16_modL1_fusion64_fusionL1_drop0p2_trmiss80_trlocclin,5,0.6482505053281784,0.757432738939921,0.3445378151260504,0.5306727244339133,0.4,0.0,0.0,0.0,0.0,2002,clin,0.8
4,3,lr5e-05_bs16_modL1_fusion64_fusionL1_drop0p2_trmiss80_trlocclin,16,5e-05,1,64,1,0.2,lr5e-05_bs16_modL1_fusion64_fusionL1_drop0p2_trmiss80_trlocclin,6,0.6191161721944809,0.7489765087763468,0.36554621848739494,0.5407375134705088,0.4222222222222222,0.0,0.0,0.0,0.0,2002,clin,0.8
4,3,lr5e-05_bs16_modL1_fusion64_fusionL1_drop0p2_trmiss80_trlocclin,16,5e-05,1,64,1,0.2,lr5e-05_bs16_modL1_fusion64_fusionL1_drop0p2_trmiss80_trlocclin,7,0.6066635499397913,0.7495716412862142,0.36974789915966383,0.5417298786960756,0.4444444444444444,0.0,0.0,0.0,0.0,2002,clin,0.8
4,3,lr5e-05_bs16_modL1_fusion64_fusionL1_drop0p2_trmiss80_trlocclin,16,5e-05,1,64,1,0.2,lr5e-05_bs16_modL1_fusion64_fusionL1_drop0p2_trmiss80_trlocclin,8,0.6221854190031687,0.7530106703440348,0.36764705882352944,0.5379754331584772,0.4,0.0,0.0,0.0,0.0,2002,clin,0.8
4,3,lr5e-05_bs16_modL1_fusion64_fusionL1_drop0p2_trmiss80_trlocclin,16,5e-05,1,64,1,0.2,lr5e-05_bs16_modL1_fusion64_fusionL1_drop0p2_trmiss80_trlocclin,9,0.5937073975801468,0.7600412368774414,0.32773109243697474,0.5222888896435247,0.4,0.0,0.0,0.0,0.0,2002,clin,0.8
4,3,lr5e-05_bs16_modL1_fusion64_fusionL1_drop0p2_trmiss80_trlocclin,16,5e-05,1,64,1,0.2,lr5e-05_bs16_modL1_fusion64_fusionL1_drop0p2_trmiss80_trlocclin,10,0.5946435530980428,0.7600741386413574,0.34243697478991597,0.5275703138542126,0.4444444444444444,0.0,0.0,0.0,0.0,2002,clin,0.8
4,3,lr5e-05_bs16_modL1_fusion64_fusionL1_drop0p2_trmiss80_trlocclin,16,5e-05,1,64,1,0.2,lr5e-05_bs16_modL1_fusion64_fusionL1_drop0p2_trmiss80_trlocclin,11,0.5875071485837301,0.7590352495511373,0.3319327731092437,0.5240754059838373,0.4222222222222222,0.0,0.0,0.0,0.0,2002,clin,0.8
4,3,lr5e-05_bs16_modL1_fusion64_fusionL1_drop0p2_trmiss80_trlocclin,16,5e-05,1,64,1,0.2,lr5e-05_bs16_modL1_fusion64_fusionL1_drop0p2_trmiss80_trlocclin,12,0.577710896730423,0.7560674349466959,0.32563025210084034,0.5243342760537708,0.4,0.0,0.0,0.0,0.0,2002,clin,0.8
4,3,lr5e-05_bs16_modL1_fusion64_fusionL1_drop0p2_trmiss80_trlocclin,16,5e-05,1,64,1,0.2,lr5e-05_bs16_modL1_fusion64_fusionL1_drop0p2_trmiss80_trlocclin,13,0.5780433068672816,0.7560501297314962,0.32563025210084034,0.5218546455699385,0.4222222222222222,0.0,0.0,0.0,0.0,2002,clin,0.8
4,3,lr5e-05_bs16_modL1_fusion64_fusionL1_drop0p2_trmiss80_trlocclin,16,5e-05,1,64,1,0.2,lr5e-05_bs16_modL1_fusion64_fusionL1_drop0p2_trmiss80_trlocclin,14,0.5890161941448847,0.7547896901766459,0.338235294117647,0.5249782005406161,0.4,0.0,0.0,0.0,0.0,2002,clin,0.8
4,3,lr5e-05_bs16_modL1_fusion64_fusionL1_drop0p2_trmiss80_trlocclin,16,5e-05,1,64,1,0.2,lr5e-05_bs16_modL1_fusion64_fusionL1_drop0p2_trmiss80_trlocclin,15,0.5731870234012604,0.7580116788546244,0.35084033613445376,0.5334558285234205,0.4222222222222222,0.0,0.0,0.0,0.0,2002,clin,0.8
4,3,lr5e-05_bs16_modL1_fusion64_fusionL1_drop0p2_trmiss80_trlocclin,16,5e-05,1,64,1,0.2,lr5e-05_bs16_modL1_fusion64_fusionL1_drop0p2_trmiss80_trlocclin,16,0.6109910955031713,0.7598411838213602,0.36134453781512604,0.5387548463713256,0.4666666666666667,0.0,0.0,0.0,0.0,2002,clin,0.8
4,3,lr5e-05_bs16_modL1_fusion64_fusionL1_drop0p2_trmiss80_trlocclin,16,5e-05,1,64,1,0.2,lr5e-05_bs16_modL1_fusion64_fusionL1_drop0p2_trmiss80_trlocclin,17,0.563805932799975,0.7565530141194662,0.3529411764705882,0.5350924504114583,0.4222222222222222,0.0,0.0,0.0,0.0,2002,clin,0.8
4,3,lr5e-05_bs16_modL1_fusion64_fusionL1_drop0p2_trmiss80_trlocclin,16,5e-05,1,64,1,0.2,lr5e-05_bs16_modL1_fusion64_fusionL1_drop0p2_trmiss80_trlocclin,18,0.5802907794713974,0.7619542876879374,0.3319327731092437,0.5246779776300989,0.4,0.0,0.0,0.0,0.0,2002,clin,0.8
4,3,lr5e-05_bs16_modL1_fusion64_fusionL1_drop0p2_trmiss80_trlocclin,16,5e-05,1,64,1,0.2,lr5e-05_bs16_modL1_fusion64_fusionL1_drop0p2_trmiss80_trlocclin,19,0.5550146152575811,0.7602110505104065,0.34033613445378147,0.5247532476403884,0.37777777777777777,0.0,0.0,0.0,0.0,2002,clin,0.8
4,3,lr5e-05_bs16_modL1_fusion64_fusionL1_drop0p2_trmiss80_trlocclin,16,5e-05,1,64,1,0.2,lr5e-05_bs16_modL1_fusion64_fusionL1_drop0p2_trmiss80_trlocclin,20,0.5681241974234581,0.7625164786974589,0.34663865546218486,0.528323772003255,0.4222222222222222,0.0,0.0,0.0,0.0,2002,clin,0.8
4,3,lr5e-05_bs16_modL1_fusion64_fusionL1_drop0p2_trmiss80_trlocclin,16,5e-05,1,64,1,0.2,lr5e-05_bs16_modL1_fusion64_fusionL1_drop0p2_trmiss80_trlocclin,21,0.547446995973587,0.7569258014361063,0.35504201680672265,0.5326149319370881,0.4444444444444444,0.0,0.0,0.0,0.0,2002,clin,0.8
4,3,lr5e-05_bs16_modL1_fusion64_fusionL1_drop0p1_trmiss80_trlocclin,16,5e-05,1,64,1,0.1,lr5e-05_bs16_modL1_fusion64_fusionL1_drop0p1_trmiss80_trlocclin,1,0.7525966068108877,0.7277558644612631,0.5336134453781513,0.6625087110817954,0.4222222222222222,0.0,0.0,0.0,0.0,2002,clin,0.8
4,3,lr5e-05_bs16_modL1_fusion64_fusionL1_drop0p1_trmiss80_trlocclin,16,5e-05,1,64,1,0.1,lr5e-05_bs16_modL1_fusion64_fusionL1_drop0p1_trmiss80_trlocclin,2,0.7164114862680435,0.7382215261459351,0.5147058823529412,0.6448147607992031,0.37777777777777777,0.0,0.0,0.0,0.0,2002,clin,0.8
4,3,lr5e-05_bs16_modL1_fusion64_fusionL1_drop0p1_trmiss80_trlocclin,16,5e-05,1,64,1,0.1,lr5e-05_bs16_modL1_fusion64_fusionL1_drop0p1_trmiss80_trlocclin,3,0.6776254226764044,0.7423382997512817,0.5378151260504201,0.6705217165813008,0.4222222222222222,0.0,0.0,0.0,0.0,2002,clin,0.8
4,3,lr5e-05_bs16_modL1_fusion64_fusionL1_drop0p1_trmiss80_trlocclin,16,5e-05,1,64,1,0.1,lr5e-05_bs16_modL1_fusion64_fusionL1_drop0p1_trmiss80_trlocclin,4,0.6593575874964396,0.749702513217926,0.5630252100840336,0.6539315819543222,0.37777777777777777,0.0,0.0,0.0,0.0,2002,clin,0.8
4,3,lr5e-05_bs16_modL1_fusion64_fusionL1_drop0p1_trmiss80_trlocclin,16,5e-05,1,64,1,0.1,lr5e-05_bs16_modL1_fusion64_fusionL1_drop0p1_trmiss80_trlocclin,5,0.6626784304777781,0.7437998652458191,0.5567226890756303,0.6665096656349874,0.4666666666666667,0.0,0.0,0.0,0.0,2002,clin,0.8
4,3,lr5e-05_bs16_modL1_fusion64_fusionL1_drop0p1_trmiss80_trlocclin,16,5e-05,1,64,1,0.1,lr5e-05_bs16_modL1_fusion64_fusionL1_drop0p1_trmiss80_trlocclin,6,0.6444602608680725,0.7475504875183105,0.569327731092437,0.679764214066885,0.4222222222222222,0.0,0.0,0.0,0.0,2002,clin,0.8
4,3,lr5e-05_bs16_modL1_fusion64_fusionL1_drop0p1_trmiss80_trlocclin,16,5e-05,1,64,1,0.1,lr5e-05_bs16_modL1_fusion64_fusionL1_drop0p1_trmiss80_trlocclin,7,0.6151962727308273,0.7407372991243998,0.5735294117647058,0.6626346098810111,0.4444444444444444,0.0,0.0,0.0,0.0,2002,clin,0.8
4,3,lr5e-05_bs16_modL1_fusion64_fusionL1_drop0p1_trmiss80_trlocclin,16,5e-05,1,64,1,0.1,lr5e-05_bs16_modL1_fusion64_fusionL1_drop0p1_trmiss80_trlocclin,8,0.6079998811086019,0.7449381152788798,0.5462184873949579,0.634404770234402,0.4222222222222222,0.0,0.0,0.0,0.0,2002,clin,0.8
4,3,lr5e-05_bs16_modL1_fusion64_fusionL1_drop0p1_trmiss80_trlocclin,16,5e-05,1,64,1,0.1,lr5e-05_bs16_modL1_fusion64_fusionL1_drop0p1_trmiss80_trlocclin,9,0.6070917348066965,0.7532480756441752,0.523109243697479,0.6290192152248908,0.37777777777777777,0.0,0.0,0.0,0.0,2002,clin,0.8
4,3,lr5e-05_bs16_modL1_fusion64_fusionL1_drop0p1_trmiss80_trlocclin,16,5e-05,1,64,1,0.1,lr5e-05_bs16_modL1_fusion64_fusionL1_drop0p1_trmiss80_trlocclin,10,0.6054817885160446,0.7557306488355001,0.4915966386554622,0.6093101869050321,0.4222222222222222,0.0,0.0,0.0,0.0,2002,clin,0.8
4,3,lr5e-05_bs16_modL1_fusion64_fusionL1_drop0p1_trmiss80_trlocclin,16,5e-05,1,64,1,0.1,lr5e-05_bs16_modL1_fusion64_fusionL1_drop0p1_trmiss80_trlocclin,11,0.5684546579917272,0.7478944857915243,0.48739495798319327,0.6018724620594731,0.4888888888888889,0.0,0.0,0.0,0.0,2002,clin,0.8
4,3,lr5e-05_bs16_modL1_fusion64_fusionL1_drop0p1_trmiss80_trlocclin,16,5e-05,1,64,1,0.1,lr5e-05_bs16_modL1_fusion64_fusionL1_drop0p1_trmiss80_trlocclin,12,0.5770992313822111,0.7538677652676901,0.4789915966386554,0.595910509825464,0.4222222222222222,0.0,0.0,0.0,0.0,2002,clin,0.8
4,3,lr5e-05_bs16_modL1_fusion64_fusionL1_drop0p1_trmiss80_trlocclin,16,5e-05,1,64,1,0.1,lr5e-05_bs16_modL1_fusion64_fusionL1_drop0p1_trmiss80_trlocclin,13,0.5658170878887177,0.7554256518681844,0.47689075630252103,0.5970868612378264,0.4222222222222222,0.0,0.0,0.0,0.0,2002,clin,0.8
4,3,lr5e-05_bs16_modL1_fusion64_fusionL1_drop0p1_trmiss80_trlocclin,16,5e-05,1,64,1,0.1,lr5e-05_bs16_modL1_fusion64_fusionL1_drop0p1_trmiss80_trlocclin,14,0.5579631477594376,0.7546210289001465,0.5021008403361344,0.620277233641108,0.4444444444444444,0.0,0.0,0.0,0.0,2002,clin,0.8
4,3,lr5e-05_bs16_modL1_fusion64_fusionL1_drop0p1_trmiss80_trlocclin,16,5e-05,1,64,1,0.1,lr5e-05_bs16_modL1_fusion64_fusionL1_drop0p1_trmiss80_trlocclin,15,0.5881947254141172,0.7587178150812784,0.4831932773109244,0.6071126366055537,0.4444444444444444,0.0,0.0,0.0,0.0,2002,clin,0.8
4,3,lr5e-05_bs16_modL1_fusion64_fusionL1_drop0p1_trmiss80_trlocclin,16,5e-05,1,64,1,0.1,lr5e-05_bs16_modL1_fusion64_fusionL1_drop0p1_trmiss80_trlocclin,16,0.555135910709699,0.7552151878674825,0.4915966386554622,0.6063230908342951,0.4222222222222222,0.0,0.0,0.0,0.0,2002,clin,0.8
4,3,lr5e-05_bs16_modL1_fusion64_fusionL1_drop0p1_trmiss80_trlocclin,16,5e-05,1,64,1,0.1,lr5e-05_bs16_modL1_fusion64_fusionL1_drop0p1_trmiss80_trlocclin,17,0.5711748053630193,0.7458900610605875,0.4957983193277311,0.610046450017434,0.4444444444444444,0.0,0.0,0.0,0.0,2002,clin,0.8
4,3,lr5e-05_bs16_modL1_fusion64_fusionL1_drop0p1_trmiss80_trlocclin,16,5e-05,1,64,1,0.1,lr5e-05_bs16_modL1_fusion64_fusionL1_drop0p1_trmiss80_trlocclin,18,0.5530358776450157,0.7469294468561808,0.5042016806722689,0.6187793299797956,0.4444444444444444,0.0,0.0,0.0,0.0,2002,clin,0.8
4,3,lr5e-05_bs16_modL1_fusion64_fusionL1_drop0p1_trmiss80_trlocclin,16,5e-05,1,64,1,0.1,lr5e-05_bs16_modL1_fusion64_fusionL1_drop0p1_trmiss80_trlocclin,19,0.5451525747776031,0.7536445260047913,0.4873949579831933,0.6023581059385843,0.4666666666666667,0.0,0.0,0.0,0.0,2002,clin,0.8
4,3,lr5e-05_bs16_modL1_fusion64_fusionL1_drop0p1_trmiss80_trlocclin,16,5e-05,1,64,1,0.1,lr5e-05_bs16_modL1_fusion64_fusionL1_drop0p1_trmiss80_trlocclin,20,0.549582357207934,0.7576615810394287,0.4957983193277311,0.6137132707061879,0.4444444444444444,0.0,0.0,0.0,0.0,2002,clin,0.8
4,3,lr5e-05_bs16_modL1_fusion64_fusionL1_drop0p1_trmiss80_trlocclin,16,5e-05,1,64,1,0.1,lr5e-05_bs16_modL1_fusion64_fusionL1_drop0p1_trmiss80_trlocclin,21,0.5431966185569763,0.7418577075004578,0.4894957983193277,0.6040959875508524,0.4666666666666667,0.0,0.0,0.0,0.0,2002,clin,0.8
4,3,lr5e-05_bs16_modL1_fusion64_fusionL1_drop0p1_trmiss80_trlocclin,16,5e-05,1,64,1,0.1,lr5e-05_bs16_modL1_fusion64_fusionL1_drop0p1_trmiss80_trlocclin,22,0.5477798382441202,0.7553932070732117,0.4810924369747899,0.5947921950451671,0.4,0.0,0.0,0.0,0.0,2002,clin,0.8
4,3,lr5e-05_bs16_modL1_fusion64_fusionL1_drop0p1_trmiss80_trlocclin,16,5e-05,1,64,1,0.1,lr5e-05_bs16_modL1_fusion64_fusionL1_drop0p1_trmiss80_trlocclin,23,0.5500706483920416,0.7510048945744833,0.49369747899159666,0.6047656774700407,0.4222222222222222,0.0,0.0,0.0,0.0,2002,clin,0.8
4,3,lr5e-05_bs16_modL1_fusion64_fusionL1_drop0p1_trmiss80_trlocclin,16,5e-05,1,64,1,0.1,lr5e-05_bs16_modL1_fusion64_fusionL1_drop0p1_trmiss80_trlocclin,24,0.5739555433392525,0.76634414990743,0.47058823529411764,0.5889199334667983,0.4444444444444444,0.0,0.0,0.0,0.0,2002,clin,0.8
4,3,lr5e-05_bs16_modL1_fusion64_fusionL1_drop0p1_trmiss80_trlocclin,16,5e-05,1,64,1,0.1,lr5e-05_bs16_modL1_fusion64_fusionL1_drop0p1_trmiss80_trlocclin,25,0.559727855026722,0.7604549328486124,0.49159663865546216,0.6052317867147419,0.4444444444444444,0.0,0.0,0.0,0.0,2002,clin,0.8
4,3,lr5e-05_bs16_modL1_fusion64_fusionL1_drop0p1_trmiss80_trlocclin,16,5e-05,1,64,1,0.1,lr5e-05_bs16_modL1_fusion64_fusionL1_drop0p1_trmiss80_trlocclin,26,0.5485895474751791,0.7546109557151794,0.4894957983193277,0.602474358957314,0.4222222222222222,0.0,0.0,0.0,0.0,2002,clin,0.8
4,3,lr5e-05_bs16_modL1_fusion64_fusionL1_drop0p1_trmiss80_trlocclin,16,5e-05,1,64,1,0.1,lr5e-05_bs16_modL1_fusion64_fusionL1_drop0p1_trmiss80_trlocclin,27,0.539720152815183,0.748631755510966,0.48109243697478987,0.6021089553164207,0.4444444444444444,0.0,0.0,0.0,0.0,2002,clin,0.8
4,3,lr1e-04_bs16_modL1_fusion32_fusionL1_drop0p2_trmiss80_trlocclin,16,0.0001,1,32,1,0.2,lr1e-04_bs16_modL1_fusion32_fusionL1_drop0p2_trmiss80_trlocclin,1,0.7046264708042145,0.7030497789382935,0.4054621848739496,0.6209484030592515,0.4444444444444444,0.0,0.0,0.0,0.0,2002,clin,0.8
4,3,lr1e-04_bs16_modL1_fusion32_fusionL1_drop0p2_trmiss80_trlocclin,16,0.0001,1,32,1,0.2,lr1e-04_bs16_modL1_fusion32_fusionL1_drop0p2_trmiss80_trlocclin,2,0.6654161165157954,0.7108019789059957,0.384453781512605,0.6089302098985935,0.37777777777777777,0.0,0.0,0.0,0.0,2002,clin,0.8
4,3,lr1e-04_bs16_modL1_fusion32_fusionL1_drop0p2_trmiss80_trlocclin,16,0.0001,1,32,1,0.2,lr1e-04_bs16_modL1_fusion32_fusionL1_drop0p2_trmiss80_trlocclin,3,0.6435609509547552,0.7166953881581625,0.3823529411764706,0.6121733503603962,0.37777777777777777,0.0,0.0,0.0,0.0,2002,clin,0.8
4,3,lr1e-04_bs16_modL1_fusion32_fusionL1_drop0p2_trmiss80_trlocclin,16,0.0001,1,32,1,0.2,lr1e-04_bs16_modL1_fusion32_fusionL1_drop0p2_trmiss80_trlocclin,4,0.6080959439277649,0.7175878485043844,0.38025210084033617,0.6207592156209966,0.37777777777777777,0.0,0.0,0.0,0.0,2002,clin,0.8
4,3,lr1e-04_bs16_modL1_fusion32_fusionL1_drop0p2_trmiss80_trlocclin,16,0.0001,1,32,1,0.2,lr1e-04_bs16_modL1_fusion32_fusionL1_drop0p2_trmiss80_trlocclin,5,0.6146314243475596,0.7174831032752991,0.3907563025210084,0.6130843028964018,0.4,0.0,0.0,0.0,0.0,2002,clin,0.8
4,3,lr1e-04_bs16_modL1_fusion32_fusionL1_drop0p2_trmiss80_trlocclin,16,0.0001,1,32,1,0.2,lr1e-04_bs16_modL1_fusion32_fusionL1_drop0p2_trmiss80_trlocclin,6,0.6125683834155401,0.7226280768712362,0.3739495798319328,0.5944038379530306,0.4222222222222222,0.0,0.0,0.0,0.0,2002,clin,0.8
4,3,lr1e-04_bs16_modL1_fusion32_fusionL1_drop0p2_trmiss80_trlocclin,16,0.0001,1,32,1,0.2,lr1e-04_bs16_modL1_fusion32_fusionL1_drop0p2_trmiss80_trlocclin,7,0.5946434537569681,0.7274496555328369,0.3949579831932773,0.5848276392028456,0.4222222222222222,0.0,0.0,0.0,0.0,2002,clin,0.8
4,3,lr1e-04_bs16_modL1_fusion32_fusionL1_drop0p2_trmiss80_trlocclin,16,0.0001,1,32,1,0.2,lr1e-04_bs16_modL1_fusion32_fusionL1_drop0p2_trmiss80_trlocclin,8,0.5715816418329874,0.7352888782819113,0.36134453781512604,0.5805947988218187,0.4,0.0,0.0,0.0,0.0,2002,clin,0.8
4,3,lr1e-04_bs16_modL1_fusion32_fusionL1_drop0p2_trmiss80_trlocclin,16,0.0001,1,32,1,0.2,lr1e-04_bs16_modL1_fusion32_fusionL1_drop0p2_trmiss80_trlocclin,9,0.5576493442058563,0.7272381981213888,0.3865546218487395,0.591881226536849,0.4444444444444444,0.0,0.0,0.0,0.0,2002,clin,0.8
4,3,lr1e-04_bs16_modL1_fusion32_fusionL1_drop0p2_trmiss80_trlocclin,16,0.0001,1,32,1,0.2,lr1e-04_bs16_modL1_fusion32_fusionL1_drop0p2_trmiss80_trlocclin,10,0.55159958700339,0.724730908870697,0.384453781512605,0.5787081367881292,0.4222222222222222,0.0,0.0,0.0,0.0,2002,clin,0.8
4,3,lr1e-04_bs16_modL1_fusion32_fusionL1_drop0p2_trmiss80_trlocclin,16,0.0001,1,32,1,0.2,lr1e-04_bs16_modL1_fusion32_fusionL1_drop0p2_trmiss80_trlocclin,11,0.5461478183666865,0.7290637691815695,0.3760504201680672,0.5952935346105348,0.4,0.0,0.0,0.0,0.0,2002,clin,0.8
4,3,lr1e-04_bs16_modL1_fusion32_fusionL1_drop0p2_trmiss80_trlocclin,16,0.0001,1,32,1,0.2,lr1e-04_bs16_modL1_fusion32_fusionL1_drop0p2_trmiss80_trlocclin,12,0.5369155456622442,0.7297902901967367,0.38235294117647056,0.5849748147139372,0.4,0.0,0.0,0.0,0.0,2002,clin,0.8
4,3,lr1e-04_bs16_modL1_fusion32_fusionL1_drop0p2_trmiss80_trlocclin,16,0.0001,1,32,1,0.2,lr1e-04_bs16_modL1_fusion32_fusionL1_drop0p2_trmiss80_trlocclin,13,0.5371179034312566,0.7284849882125854,0.39705882352941174,0.5915956807885847,0.4,0.0,0.0,0.0,0.0,2002,clin,0.8
4,3,lr1e-04_bs16_modL1_fusion32_fusionL1_drop0p2_trmiss80_trlocclin,16,0.0001,1,32,1,0.2,lr1e-04_bs16_modL1_fusion32_fusionL1_drop0p2_trmiss80_trlocclin,14,0.543030709028244,0.7359376947085062,0.3823529411764706,0.5765161952521664,0.4,0.0,0.0,0.0,0.0,2002,clin,0.8
4,3,lr1e-04_bs16_modL1_fusion32_fusionL1_drop0p2_trmiss80_trlocclin,16,0.0001,1,32,1,0.2,lr1e-04_bs16_modL1_fusion32_fusionL1_drop0p2_trmiss80_trlocclin,15,0.5337134351332983,0.7410592834154764,0.3739495798319328,0.5746786874137187,0.35555555555555557,0.0,0.0,0.0,0.0,2002,clin,0.8
4,3,lr1e-04_bs16_modL1_fusion32_fusionL1_drop0p2_trmiss80_trlocclin,16,0.0001,1,32,1,0.2,lr1e-04_bs16_modL1_fusion32_fusionL1_drop0p2_trmiss80_trlocclin,16,0.5168556347489357,0.7342277566591898,0.3907563025210084,0.5804937844749267,0.4222222222222222,0.0,0.0,0.0,0.0,2002,clin,0.8
4,3,lr1e-04_bs16_modL1_fusion32_fusionL1_drop0p2_trmiss80_trlocclin,16,0.0001,1,32,1,0.2,lr1e-04_bs16_modL1_fusion32_fusionL1_drop0p2_trmiss80_trlocclin,17,0.519398013750712,0.7320347825686137,0.37815126050420167,0.5730147431685909,0.4,0.0,0.0,0.0,0.0,2002,clin,0.8
4,3,lr1e-04_bs16_modL1_fusion32_fusionL1_drop0p2_trmiss80_trlocclin,16,0.0001,1,32,1,0.2,lr1e-04_bs16_modL1_fusion32_fusionL1_drop0p2_trmiss80_trlocclin,18,0.5044416934251785,0.7336499293645223,0.3760504201680672,0.5764217382510062,0.4,0.0,0.0,0.0,0.0,2002,clin,0.8
4,3,lr1e-04_bs16_modL1_fusion32_fusionL1_drop0p2_trmiss80_trlocclin,16,0.0001,1,32,1,0.2,lr1e-04_bs16_modL1_fusion32_fusionL1_drop0p2_trmiss80_trlocclin,19,0.5160058389107386,0.73441082239151,0.38445378151260506,0.5771839397438026,0.4222222222222222,0.0,0.0,0.0,0.0,2002,clin,0.8
4,3,lr1e-04_bs16_modL1_fusion32_fusionL1_drop0p2_trmiss80_trlocclin,16,0.0001,1,32,1,0.2,lr1e-04_bs16_modL1_fusion32_fusionL1_drop0p2_trmiss80_trlocclin,20,0.49822669476270676,0.7310199936230978,0.39285714285714285,0.5710517363442643,0.4222222222222222,0.0,0.0,0.0,0.0,2002,clin,0.8
4,3,lr1e-04_bs16_modL1_fusion32_fusionL1_drop0p2_trmiss80_trlocclin,16,0.0001,1,32,1,0.2,lr1e-04_bs16_modL1_fusion32_fusionL1_drop0p2_trmiss80_trlocclin,21,0.5290955007076263,0.7336939771970113,0.38865546218487396,0.5759591421340231,0.4,0.0,0.0,0.0,0.0,2002,clin,0.8
4,3,lr1e-04_bs16_modL1_fusion32_fusionL1_drop0p1_trmiss80_trlocclin,16,0.0001,1,32,1,0.1,lr1e-04_bs16_modL1_fusion32_fusionL1_drop0p1_trmiss80_trlocclin,1,0.801540195941925,0.732917328675588,0.46008403361344535,0.6499889328758897,0.4222222222222222,0.0,0.0,0.0,0.0,2002,clin,0.8
4,3,lr1e-04_bs16_modL1_fusion32_fusionL1_drop0p1_trmiss80_trlocclin,16,0.0001,1,32,1,0.1,lr1e-04_bs16_modL1_fusion32_fusionL1_drop0p1_trmiss80_trlocclin,2,0.7253403812646866,0.7519135276476542,0.43067226890756305,0.622244077032804,0.4,0.0,0.0,0.0,0.0,2002,clin,0.8
4,3,lr1e-04_bs16_modL1_fusion32_fusionL1_drop0p1_trmiss80_trlocclin,16,0.0001,1,32,1,0.1,lr1e-04_bs16_modL1_fusion32_fusionL1_drop0p1_trmiss80_trlocclin,3,0.6711245303352674,0.7541544238726298,0.4138655462184875,0.6097441749838078,0.4222222222222222,0.0,0.0,0.0,0.0,2002,clin,0.8
4,3,lr1e-04_bs16_modL1_fusion32_fusionL1_drop0p1_trmiss80_trlocclin,16,0.0001,1,32,1,0.1,lr1e-04_bs16_modL1_fusion32_fusionL1_drop0p1_trmiss80_trlocclin,4,0.6624324520428976,0.7525425752003988,0.41386554621848737,0.6042112425264278,0.37777777777777777,0.0,0.0,0.0,0.0,2002,clin,0.8
4,3,lr1e-04_bs16_modL1_fusion32_fusionL1_drop0p1_trmiss80_trlocclin,16,0.0001,1,32,1,0.1,lr1e-04_bs16_modL1_fusion32_fusionL1_drop0p1_trmiss80_trlocclin,5,0.6305718769629797,0.7530845999717712,0.41806722689075626,0.5947294041767676,0.37777777777777777,0.0,0.0,0.0,0.0,2002,clin,0.8
4,3,lr1e-04_bs16_modL1_fusion32_fusionL1_drop0p1_trmiss80_trlocclin,16,0.0001,1,32,1,0.1,lr1e-04_bs16_modL1_fusion32_fusionL1_drop0p1_trmiss80_trlocclin,6,0.6276372522115707,0.7619524995485941,0.41806722689075626,0.5947962821350652,0.4222222222222222,0.0,0.0,0.0,0.0,2002,clin,0.8
4,3,lr1e-04_bs16_modL1_fusion32_fusionL1_drop0p1_trmiss80_trlocclin,16,0.0001,1,32,1,0.1,lr1e-04_bs16_modL1_fusion32_fusionL1_drop0p1_trmiss80_trlocclin,7,0.6094344953695933,0.7706769506136576,0.41806722689075626,0.5896797112696351,0.4444444444444444,0.0,0.0,0.0,0.0,2002,clin,0.8
4,3,lr1e-04_bs16_modL1_fusion32_fusionL1_drop0p1_trmiss80_trlocclin,16,0.0001,1,32,1,0.1,lr1e-04_bs16_modL1_fusion32_fusionL1_drop0p1_trmiss80_trlocclin,8,0.5770258605480194,0.7639492948849996,0.41806722689075626,0.5930649672314815,0.4222222222222222,0.0,0.0,0.0,0.0,2002,clin,0.8
4,3,lr1e-04_bs16_modL1_fusion32_fusionL1_drop0p1_trmiss80_trlocclin,16,0.0001,1,32,1,0.1,lr1e-04_bs16_modL1_fusion32_fusionL1_drop0p1_trmiss80_trlocclin,9,0.5966765979925791,0.77362193663915,0.4117647058823529,0.5921603435934871,0.37777777777777777,0.0,0.0,0.0,0.0,2002,clin,0.8
4,3,lr1e-04_bs16_modL1_fusion32_fusionL1_drop0p1_trmiss80_trlocclin,16,0.0001,1,32,1,0.1,lr1e-04_bs16_modL1_fusion32_fusionL1_drop0p1_trmiss80_trlocclin,10,0.5658765509724617,0.7713245749473572,0.40336134453781514,0.5894168704548481,0.37777777777777777,0.0,0.0,0.0,0.0,2002,clin,0.8
4,3,lr1e-04_bs16_modL1_fusion32_fusionL1_drop0p1_trmiss80_trlocclin,16,0.0001,1,32,1,0.1,lr1e-04_bs16_modL1_fusion32_fusionL1_drop0p1_trmiss80_trlocclin,11,0.5443099265297254,0.7743318478266398,0.3991596638655462,0.5935287438951314,0.4444444444444444,0.0,0.0,0.0,0.0,2002,clin,0.8
4,3,lr1e-04_bs16_modL1_fusion32_fusionL1_drop0p1_trmiss80_trlocclin,16,0.0001,1,32,1,0.1,lr1e-04_bs16_modL1_fusion32_fusionL1_drop0p1_trmiss80_trlocclin,12,0.543577253818512,0.774827798207601,0.39285714285714285,0.5665538155310157,0.4222222222222222,0.0,0.0,0.0,0.0,2002,clin,0.8
4,3,lr1e-04_bs16_modL1_fusion32_fusionL1_drop0p1_trmiss80_trlocclin,16,0.0001,1,32,1,0.1,lr1e-04_bs16_modL1_fusion32_fusionL1_drop0p1_trmiss80_trlocclin,13,0.5430321817596754,0.7806657950083414,0.36344537815126055,0.5668775096551584,0.37777777777777777,0.0,0.0,0.0,0.0,2002,clin,0.8
4,3,lr1e-04_bs16_modL1_fusion32_fusionL1_drop0p1_trmiss80_trlocclin,16,0.0001,1,32,1,0.1,lr1e-04_bs16_modL1_fusion32_fusionL1_drop0p1_trmiss80_trlocclin,14,0.5401138961315155,0.7876234253247579,0.3802521008403361,0.5566123903269986,0.4,0.0,0.0,0.0,0.0,2002,clin,0.8
4,3,lr1e-04_bs16_modL1_fusion32_fusionL1_drop0p1_trmiss80_trlocclin,16,0.0001,1,32,1,0.1,lr1e-04_bs16_modL1_fusion32_fusionL1_drop0p1_trmiss80_trlocclin,15,0.5115592256188393,0.7779136896133423,0.40336134453781514,0.5858970756509662,0.37777777777777777,0.0,0.0,0.0,0.0,2002,clin,0.8
4,3,lr1e-04_bs16_modL1_fusion32_fusionL1_drop0p1_trmiss80_trlocclin,16,0.0001,1,32,1,0.1,lr1e-04_bs16_modL1_fusion32_fusionL1_drop0p1_trmiss80_trlocclin,16,0.522597017387549,0.7856207887331644,0.38865546218487396,0.5761790038027559,0.37777777777777777,0.0,0.0,0.0,0.0,2002,clin,0.8
4,3,lr1e-04_bs16_modL1_fusion32_fusionL1_drop0p1_trmiss80_trlocclin,16,0.0001,1,32,1,0.1,lr1e-04_bs16_modL1_fusion32_fusionL1_drop0p1_trmiss80_trlocclin,17,0.514237254858017,0.7846918702125549,0.38235294117647056,0.5565226185213706,0.37777777777777777,0.0,0.0,0.0,0.0,2002,clin,0.8
4,3,lr1e-04_bs16_modL1_fusion32_fusionL1_drop0p1_trmiss80_trlocclin,16,0.0001,1,32,1,0.1,lr1e-04_bs16_modL1_fusion32_fusionL1_drop0p1_trmiss80_trlocclin,18,0.516205258667469,0.7877923051516215,0.3781512605042017,0.5528689847509837,0.35555555555555557,0.0,0.0,0.0,0.0,2002,clin,0.8
4,3,lr1e-04_bs16_modL1_fusion32_fusionL1_drop0p1_trmiss80_trlocclin,16,0.0001,1,32,1,0.1,lr1e-04_bs16_modL1_fusion32_fusionL1_drop0p1_trmiss80_trlocclin,19,0.50554591914018,0.7803301612536112,0.39075630252100835,0.5567441439327675,0.37777777777777777,0.0,0.0,0.0,0.0,2002,clin,0.8
4,3,lr1e-04_bs16_modL1_fusion32_fusionL1_drop0p1_trmiss80_trlocclin,16,0.0001,1,32,1,0.1,lr1e-04_bs16_modL1_fusion32_fusionL1_drop0p1_trmiss80_trlocclin,20,0.535755068063736,0.7885911266009012,0.38445378151260506,0.5599602133489723,0.37777777777777777,0.0,0.0,0.0,0.0,2002,clin,0.8
4,3,lr1e-04_bs16_modL1_fusion32_fusionL1_drop0p1_trmiss80_trlocclin,16,0.0001,1,32,1,0.1,lr1e-04_bs16_modL1_fusion32_fusionL1_drop0p1_trmiss80_trlocclin,21,0.5004155412316322,0.7893976171811422,0.384453781512605,0.5570475371966871,0.35555555555555557,0.0,0.0,0.0,0.0,2002,clin,0.8
4,3,lr1e-04_bs16_modL1_fusion64_fusionL1_drop0p2_trmiss80_trlocclin,16,0.0001,1,64,1,0.2,lr1e-04_bs16_modL1_fusion64_fusionL1_drop0p2_trmiss80_trlocclin,1,0.7844559897979101,0.7355489333470663,0.4138655462184874,0.5977707107594604,0.4444444444444444,0.0,0.0,0.0,0.0,2002,clin,0.8
4,3,lr1e-04_bs16_modL1_fusion64_fusionL1_drop0p2_trmiss80_trlocclin,16,0.0001,1,64,1,0.2,lr1e-04_bs16_modL1_fusion64_fusionL1_drop0p2_trmiss80_trlocclin,2,0.732176810503006,0.7597014705340067,0.4138655462184874,0.6019893025801336,0.4,0.0,0.0,0.0,0.0,2002,clin,0.8
4,3,lr1e-04_bs16_modL1_fusion64_fusionL1_drop0p2_trmiss80_trlocclin,16,0.0001,1,64,1,0.2,lr1e-04_bs16_modL1_fusion64_fusionL1_drop0p2_trmiss80_trlocclin,3,0.6991867621739706,0.762465258439382,0.4474789915966387,0.62199393465372,0.4444444444444444,0.0,0.0,0.0,0.0,2002,clin,0.8
4,3,lr1e-04_bs16_modL1_fusion64_fusionL1_drop0p2_trmiss80_trlocclin,16,0.0001,1,64,1,0.2,lr1e-04_bs16_modL1_fusion64_fusionL1_drop0p2_trmiss80_trlocclin,4,0.6994854956865311,0.7568327585856119,0.45798319327731096,0.6396324793363918,0.4444444444444444,0.0,0.0,0.0,0.0,2002,clin,0.8
4,3,lr1e-04_bs16_modL1_fusion64_fusionL1_drop0p2_trmiss80_trlocclin,16,0.0001,1,64,1,0.2,lr1e-04_bs16_modL1_fusion64_fusionL1_drop0p2_trmiss80_trlocclin,5,0.6635117729504904,0.7514230211575826,0.4579831932773109,0.6121142147081713,0.4444444444444444,0.0,0.0,0.0,0.0,2002,clin,0.8
4,3,lr1e-04_bs16_modL1_fusion64_fusionL1_drop0p2_trmiss80_trlocclin,16,0.0001,1,64,1,0.2,lr1e-04_bs16_modL1_fusion64_fusionL1_drop0p2_trmiss80_trlocclin,6,0.654294287165006,0.7555127342542013,0.4222689075630252,0.5934276168382951,0.4222222222222222,0.0,0.0,0.0,0.0,2002,clin,0.8
4,3,lr1e-04_bs16_modL1_fusion64_fusionL1_drop0p2_trmiss80_trlocclin,16,0.0001,1,64,1,0.2,lr1e-04_bs16_modL1_fusion64_fusionL1_drop0p2_trmiss80_trlocclin,7,0.6362955570220947,0.7593019207318624,0.39705882352941174,0.5874024583737908,0.4222222222222222,0.0,0.0,0.0,0.0,2002,clin,0.8
4,3,lr1e-04_bs16_modL1_fusion64_fusionL1_drop0p2_trmiss80_trlocclin,16,0.0001,1,64,1,0.2,lr1e-04_bs16_modL1_fusion64_fusionL1_drop0p2_trmiss80_trlocclin,8,0.6263110737005869,0.7536691824595133,0.41596638655462187,0.601216571660074,0.4,0.0,0.0,0.0,0.0,2002,clin,0.8
4,3,lr1e-04_bs16_modL1_fusion64_fusionL1_drop0p2_trmiss80_trlocclin,16,0.0001,1,64,1,0.2,lr1e-04_bs16_modL1_fusion64_fusionL1_drop0p2_trmiss80_trlocclin,9,0.6176464557647705,0.753801703453064,0.4012605042016807,0.5915976166421689,0.4222222222222222,0.0,0.0,0.0,0.0,2002,clin,0.8
4,3,lr1e-04_bs16_modL1_fusion64_fusionL1_drop0p2_trmiss80_trlocclin,16,0.0001,1,64,1,0.2,lr1e-04_bs16_modL1_fusion64_fusionL1_drop0p2_trmiss80_trlocclin,10,0.6054655661185583,0.7536414861679077,0.39285714285714285,0.5813695833126318,0.4222222222222222,0.0,0.0,0.0,0.0,2002,clin,0.8
4,3,lr1e-04_bs16_modL1_fusion64_fusionL1_drop0p2_trmiss80_trlocclin,16,0.0001,1,64,1,0.2,lr1e-04_bs16_modL1_fusion64_fusionL1_drop0p2_trmiss80_trlocclin,11,0.6162295838197073,0.7609081864356995,0.3760504201680672,0.565813973946552,0.37777777777777777,0.0,0.0,0.0,0.0,2002,clin,0.8
4,3,lr1e-04_bs16_modL1_fusion64_fusionL1_drop0p2_trmiss80_trlocclin,16,0.0001,1,64,1,0.2,lr1e-04_bs16_modL1_fusion64_fusionL1_drop0p2_trmiss80_trlocclin,12,0.5882068425416946,0.7550963362058004,0.39285714285714285,0.585231832597644,0.4,0.0,0.0,0.0,0.0,2002,clin,0.8
4,3,lr1e-04_bs16_modL1_fusion64_fusionL1_drop0p2_trmiss80_trlocclin,16,0.0001,1,64,1,0.2,lr1e-04_bs16_modL1_fusion64_fusionL1_drop0p2_trmiss80_trlocclin,13,0.5833030144373575,0.7545082370440165,0.37184873949579833,0.565501244038618,0.4222222222222222,0.0,0.0,0.0,0.0,2002,clin,0.8
4,3,lr1e-04_bs16_modL1_fusion64_fusionL1_drop0p2_trmiss80_trlocclin,16,0.0001,1,64,1,0.2,lr1e-04_bs16_modL1_fusion64_fusionL1_drop0p2_trmiss80_trlocclin,14,0.5901882300774256,0.7517611185709635,0.3760504201680672,0.5682552921452421,0.4222222222222222,0.0,0.0,0.0,0.0,2002,clin,0.8
4,3,lr1e-04_bs16_modL1_fusion64_fusionL1_drop0p2_trmiss80_trlocclin,16,0.0001,1,64,1,0.2,lr1e-04_bs16_modL1_fusion64_fusionL1_drop0p2_trmiss80_trlocclin,15,0.5873982111612955,0.7464803655942281,0.3970588235294118,0.5799760511275099,0.4444444444444444,0.0,0.0,0.0,0.0,2002,clin,0.8
4,3,lr1e-04_bs16_modL1_fusion64_fusionL1_drop0p2_trmiss80_trlocclin,16,0.0001,1,64,1,0.2,lr1e-04_bs16_modL1_fusion64_fusionL1_drop0p2_trmiss80_trlocclin,16,0.5661152203877767,0.7479356328646342,0.388655462184874,0.5836661713030512,0.4444444444444444,0.0,0.0,0.0,0.0,2002,clin,0.8
4,3,lr1e-04_bs16_modL1_fusion64_fusionL1_drop0p2_trmiss80_trlocclin,16,0.0001,1,64,1,0.2,lr1e-04_bs16_modL1_fusion64_fusionL1_drop0p2_trmiss80_trlocclin,17,0.5596393619974455,0.7534412145614624,0.3928571428571429,0.5831487760762154,0.4666666666666667,0.0,0.0,0.0,0.0,2002,clin,0.8
4,3,lr1e-04_bs16_modL1_fusion64_fusionL1_drop0p2_trmiss80_trlocclin,16,0.0001,1,64,1,0.2,lr1e-04_bs16_modL1_fusion64_fusionL1_drop0p2_trmiss80_trlocclin,18,0.5596822127699852,0.7538666526476542,0.4033613445378151,0.589662457413675,0.4222222222222222,0.0,0.0,0.0,0.0,2002,clin,0.8
4,3,lr1e-04_bs16_modL1_fusion64_fusionL1_drop0p2_trmiss80_trlocclin,16,0.0001,1,64,1,0.2,lr1e-04_bs16_modL1_fusion64_fusionL1_drop0p2_trmiss80_trlocclin,19,0.5764351586500803,0.7600157260894775,0.40336134453781514,0.5922215711291045,0.4444444444444444,0.0,0.0,0.0,0.0,2002,clin,0.8
4,3,lr1e-04_bs16_modL1_fusion64_fusionL1_drop0p2_trmiss80_trlocclin,16,0.0001,1,64,1,0.2,lr1e-04_bs16_modL1_fusion64_fusionL1_drop0p2_trmiss80_trlocclin,20,0.5575454905629158,0.7617803414662679,0.3760504201680672,0.563553831021003,0.4,0.0,0.0,0.0,0.0,2002,clin,0.8
4,3,lr1e-04_bs16_modL1_fusion64_fusionL1_drop0p2_trmiss80_trlocclin,16,0.0001,1,64,1,0.2,lr1e-04_bs16_modL1_fusion64_fusionL1_drop0p2_trmiss80_trlocclin,21,0.548417809108893,0.7597764730453491,0.3907563025210084,0.5761484312704975,0.4444444444444444,0.0,0.0,0.0,0.0,2002,clin,0.8
4,3,lr1e-04_bs16_modL1_fusion64_fusionL1_drop0p2_trmiss80_trlocclin,16,0.0001,1,64,1,0.2,lr1e-04_bs16_modL1_fusion64_fusionL1_drop0p2_trmiss80_trlocclin,22,0.5459409132599831,0.7616580327351888,0.3886554621848739,0.5787881803154343,0.4222222222222222,0.0,0.0,0.0,0.0,2002,clin,0.8
4,3,lr1e-04_bs16_modL1_fusion64_fusionL1_drop0p2_trmiss80_trlocclin,16,0.0001,1,64,1,0.2,lr1e-04_bs16_modL1_fusion64_fusionL1_drop0p2_trmiss80_trlocclin,23,0.5288922290007273,0.7607499957084656,0.3760504201680672,0.572161947217388,0.4222222222222222,0.0,0.0,0.0,0.0,2002,clin,0.8
4,3,lr1e-04_bs16_modL1_fusion64_fusionL1_drop0p2_trmiss80_trlocclin,16,0.0001,1,64,1,0.2,lr1e-04_bs16_modL1_fusion64_fusionL1_drop0p2_trmiss80_trlocclin,24,0.5161077131827673,0.7597436904907227,0.388655462184874,0.5823052534426879,0.4444444444444444,0.0,0.0,0.0,0.0,2002,clin,0.8
4,3,lr1e-04_bs16_modL1_fusion64_fusionL1_drop0p1_trmiss80_trlocclin,16,0.0001,1,64,1,0.1,lr1e-04_bs16_modL1_fusion64_fusionL1_drop0p1_trmiss80_trlocclin,1,0.6852819820245107,0.6870758136113485,0.5252100840336134,0.6532244599501674,0.6,0.0,0.0,0.0,0.0,2002,clin,0.8
4,3,lr1e-04_bs16_modL1_fusion64_fusionL1_drop0p1_trmiss80_trlocclin,16,0.0001,1,64,1,0.1,lr1e-04_bs16_modL1_fusion64_fusionL1_drop0p1_trmiss80_trlocclin,2,0.6402298162380854,0.6852705478668213,0.5462184873949579,0.631938480053145,0.5777777777777777,0.0,0.0,0.0,0.0,2002,clin,0.8
4,3,lr1e-04_bs16_modL1_fusion64_fusionL1_drop0p1_trmiss80_trlocclin,16,0.0001,1,64,1,0.1,lr1e-04_bs16_modL1_fusion64_fusionL1_drop0p1_trmiss80_trlocclin,3,0.5798406451940536,0.6914793848991394,0.5462184873949579,0.6247939087941079,0.6222222222222222,0.0,0.0,0.0,0.0,2002,clin,0.8
4,3,lr1e-04_bs16_modL1_fusion64_fusionL1_drop0p1_trmiss80_trlocclin,16,0.0001,1,64,1,0.1,lr1e-04_bs16_modL1_fusion64_fusionL1_drop0p1_trmiss80_trlocclin,4,0.5683777530988058,0.6991361776987711,0.523109243697479,0.6160836928114329,0.5555555555555556,0.0,0.0,0.0,0.0,2002,clin,0.8
4,3,lr1e-04_bs16_modL1_fusion64_fusionL1_drop0p1_trmiss80_trlocclin,16,0.0001,1,64,1,0.1,lr1e-04_bs16_modL1_fusion64_fusionL1_drop0p1_trmiss80_trlocclin,5,0.5667101343472799,0.6945305466651917,0.4810924369747899,0.6059396239768738,0.5555555555555556,0.0,0.0,0.0,0.0,2002,clin,0.8
4,3,lr1e-04_bs16_modL1_fusion64_fusionL1_drop0p1_trmiss80_trlocclin,16,0.0001,1,64,1,0.1,lr1e-04_bs16_modL1_fusion64_fusionL1_drop0p1_trmiss80_trlocclin,6,0.5404858539501826,0.6919870972633362,0.4936974789915966,0.6138544405257079,0.6222222222222222,0.0,0.0,0.0,0.0,2002,clin,0.8
4,3,lr1e-04_bs16_modL1_fusion64_fusionL1_drop0p1_trmiss80_trlocclin,16,0.0001,1,64,1,0.1,lr1e-04_bs16_modL1_fusion64_fusionL1_drop0p1_trmiss80_trlocclin,7,0.516683446864287,0.6978765924771627,0.46428571428571436,0.5935433380037457,0.5555555555555556,0.0,0.0,0.0,0.0,2002,clin,0.8
4,3,lr1e-04_bs16_modL1_fusion64_fusionL1_drop0p1_trmiss80_trlocclin,16,0.0001,1,64,1,0.1,lr1e-04_bs16_modL1_fusion64_fusionL1_drop0p1_trmiss80_trlocclin,8,0.5099348550041517,0.702971339225769,0.4726890756302521,0.5914808935081781,0.5777777777777777,0.0,0.0,0.0,0.0,2002,clin,0.8
4,3,lr1e-04_bs16_modL1_fusion64_fusionL1_drop0p1_trmiss80_trlocclin,16,0.0001,1,64,1,0.1,lr1e-04_bs16_modL1_fusion64_fusionL1_drop0p1_trmiss80_trlocclin,9,0.4734085400899251,0.7076038916905721,0.5147058823529412,0.6037815751715412,0.5333333333333333,0.0,0.0,0.0,0.0,2002,clin,0.8
4,3,lr1e-04_bs16_modL1_fusion64_fusionL1_drop0p1_trmiss80_trlocclin,16,0.0001,1,64,1,0.1,lr1e-04_bs16_modL1_fusion64_fusionL1_drop0p1_trmiss80_trlocclin,10,0.4828016310930252,0.702744702498118,0.5042016806722689,0.6053663544613975,0.5777777777777777,0.0,0.0,0.0,0.0,2002,clin,0.8
4,3,lr1e-04_bs16_modL1_fusion64_fusionL1_drop0p1_trmiss80_trlocclin,16,0.0001,1,64,1,0.1,lr1e-04_bs16_modL1_fusion64_fusionL1_drop0p1_trmiss80_trlocclin,11,0.4677785833676656,0.698585053284963,0.49369747899159666,0.6006782165677944,0.6,0.0,0.0,0.0,0.0,2002,clin,0.8
4,3,lr1e-04_bs16_modL1_fusion64_fusionL1_drop0p1_trmiss80_trlocclin,16,0.0001,1,64,1,0.1,lr1e-04_bs16_modL1_fusion64_fusionL1_drop0p1_trmiss80_trlocclin,12,0.4701315661271413,0.7050867676734924,0.48739495798319327,0.5955296512312019,0.5777777777777777,0.0,0.0,0.0,0.0,2002,clin,0.8
4,3,lr1e-04_bs16_modL1_fusion64_fusionL1_drop0p1_trmiss80_trlocclin,16,0.0001,1,64,1,0.1,lr1e-04_bs16_modL1_fusion64_fusionL1_drop0p1_trmiss80_trlocclin,13,0.45036990692218143,0.7036883234977722,0.5084033613445378,0.6012487270586383,0.5777777777777777,0.0,0.0,0.0,0.0,2002,clin,0.8
4,3,lr1e-04_bs16_modL1_fusion64_fusionL1_drop0p1_trmiss80_trlocclin,16,0.0001,1,64,1,0.1,lr1e-04_bs16_modL1_fusion64_fusionL1_drop0p1_trmiss80_trlocclin,14,0.43729354937871295,0.7131138642628988,0.4915966386554622,0.5948867336930932,0.5777777777777777,0.0,0.0,0.0,0.0,2002,clin,0.8
4,3,lr1e-04_bs16_modL1_fusion64_fusionL1_drop0p1_trmiss80_trlocclin,16,0.0001,1,64,1,0.1,lr1e-04_bs16_modL1_fusion64_fusionL1_drop0p1_trmiss80_trlocclin,15,0.4482435534397761,0.7201668421427408,0.47058823529411764,0.5846562240561156,0.5555555555555556,0.0,0.0,0.0,0.0,2002,clin,0.8
4,3,lr1e-04_bs16_modL1_fusion64_fusionL1_drop0p1_trmiss80_trlocclin,16,0.0001,1,64,1,0.1,lr1e-04_bs16_modL1_fusion64_fusionL1_drop0p1_trmiss80_trlocclin,16,0.44217193871736526,0.7227720220883688,0.46638655462184875,0.579233696207328,0.5333333333333333,0.0,0.0,0.0,0.0,2002,clin,0.8
4,3,lr1e-04_bs16_modL1_fusion64_fusionL1_drop0p1_trmiss80_trlocclin,16,0.0001,1,64,1,0.1,lr1e-04_bs16_modL1_fusion64_fusionL1_drop0p1_trmiss80_trlocclin,17,0.4106435775756836,0.7233581940333048,0.4663865546218487,0.5805316037386242,0.5777777777777777,0.0,0.0,0.0,0.0,2002,clin,0.8
4,3,lr1e-04_bs16_modL1_fusion64_fusionL1_drop0p1_trmiss80_trlocclin,16,0.0001,1,64,1,0.1,lr1e-04_bs16_modL1_fusion64_fusionL1_drop0p1_trmiss80_trlocclin,18,0.4234331399202347,0.7327675819396973,0.45378151260504207,0.5778483265454887,0.5777777777777777,0.0,0.0,0.0,0.0,2002,clin,0.8
4,3,lr1e-04_bs16_modL1_fusion64_fusionL1_drop0p1_trmiss80_trlocclin,16,0.0001,1,64,1,0.1,lr1e-04_bs16_modL1_fusion64_fusionL1_drop0p1_trmiss80_trlocclin,19,0.4025743529200554,0.7283569971720377,0.4831932773109244,0.5913962484051516,0.6,0.0,0.0,0.0,0.0,2002,clin,0.8
4,3,lr1e-04_bs16_modL1_fusion64_fusionL1_drop0p1_trmiss80_trlocclin,16,0.0001,1,64,1,0.1,lr1e-04_bs16_modL1_fusion64_fusionL1_drop0p1_trmiss80_trlocclin,20,0.3872520253062248,0.7354279557863871,0.46218487394957974,0.5804981736403483,0.5777777777777777,0.0,0.0,0.0,0.0,2002,clin,0.8
4,3,lr1e-04_bs16_modL1_fusion64_fusionL1_drop0p1_trmiss80_trlocclin,16,0.0001,1,64,1,0.1,lr1e-04_bs16_modL1_fusion64_fusionL1_drop0p1_trmiss80_trlocclin,21,0.4054075206319491,0.7330296635627747,0.4495798319327731,0.5768498502270623,0.5555555555555556,0.0,0.0,0.0,0.0,2002,clin,0.8
4,3,lr1e-04_bs16_modL1_fusion64_fusionL1_drop0p1_trmiss80_trlocclin,16,0.0001,1,64,1,0.1,lr1e-04_bs16_modL1_fusion64_fusionL1_drop0p1_trmiss80_trlocclin,22,0.4004087895154953,0.7408865094184875,0.4327731092436975,0.5676776129423653,0.5333333333333333,0.0,0.0,0.0,0.0,2002,clin,0.8
4,3,lr5e-05_bs32_modL1_fusion32_fusionL1_drop0p2_trmiss80_trlocclin,32,5e-05,1,32,1,0.2,lr5e-05_bs32_modL1_fusion32_fusionL1_drop0p2_trmiss80_trlocclin,1,0.7533932228883108,0.6865363121032715,0.5105042016806722,0.641389981065433,0.5333333333333333,0.0,0.0,0.0,0.0,2002,clin,0.8
4,3,lr5e-05_bs32_modL1_fusion32_fusionL1_drop0p2_trmiss80_trlocclin,32,5e-05,1,32,1,0.2,lr5e-05_bs32_modL1_fusion32_fusionL1_drop0p2_trmiss80_trlocclin,2,0.7090386847654978,0.6901494860649109,0.5126050420168068,0.6509496888870326,0.5111111111111111,0.0,0.0,0.0,0.0,2002,clin,0.8
4,3,lr5e-05_bs32_modL1_fusion32_fusionL1_drop0p2_trmiss80_trlocclin,32,5e-05,1,32,1,0.2,lr5e-05_bs32_modL1_fusion32_fusionL1_drop0p2_trmiss80_trlocclin,3,0.6965975562731425,0.6950921714305878,0.4978991596638656,0.6367842231402796,0.4666666666666667,0.0,0.0,0.0,0.0,2002,clin,0.8
4,3,lr5e-05_bs32_modL1_fusion32_fusionL1_drop0p2_trmiss80_trlocclin,32,5e-05,1,32,1,0.2,lr5e-05_bs32_modL1_fusion32_fusionL1_drop0p2_trmiss80_trlocclin,4,0.6857576767603556,0.6997567713260651,0.4936974789915966,0.6341569051265662,0.4888888888888889,0.0,0.0,0.0,0.0,2002,clin,0.8
4,3,lr5e-05_bs32_modL1_fusion32_fusionL1_drop0p2_trmiss80_trlocclin,32,5e-05,1,32,1,0.2,lr5e-05_bs32_modL1_fusion32_fusionL1_drop0p2_trmiss80_trlocclin,5,0.6648748715718588,0.7066465616226196,0.4978991596638655,0.6287631021075649,0.4666666666666667,0.0,0.0,0.0,0.0,2002,clin,0.8
4,3,lr5e-05_bs32_modL1_fusion32_fusionL1_drop0p2_trmiss80_trlocclin,32,5e-05,1,32,1,0.2,lr5e-05_bs32_modL1_fusion32_fusionL1_drop0p2_trmiss80_trlocclin,6,0.6495305399099985,0.7113867998123169,0.49579831932773116,0.6262380095448784,0.4222222222222222,0.0,0.0,0.0,0.0,2002,clin,0.8
4,3,lr5e-05_bs32_modL1_fusion32_fusionL1_drop0p2_trmiss80_trlocclin,32,5e-05,1,32,1,0.2,lr5e-05_bs32_modL1_fusion32_fusionL1_drop0p2_trmiss80_trlocclin,7,0.6195721824963888,0.7130160927772522,0.4894957983193277,0.6199114228251464,0.4222222222222222,0.0,0.0,0.0,0.0,2002,clin,0.8
4,3,lr5e-05_bs32_modL1_fusion32_fusionL1_drop0p2_trmiss80_trlocclin,32,5e-05,1,32,1,0.2,lr5e-05_bs32_modL1_fusion32_fusionL1_drop0p2_trmiss80_trlocclin,8,0.6215583483378092,0.7157896161079407,0.48949579831932777,0.6153118557255793,0.4888888888888889,0.0,0.0,0.0,0.0,2002,clin,0.8
4,3,lr5e-05_bs32_modL1_fusion32_fusionL1_drop0p2_trmiss80_trlocclin,32,5e-05,1,32,1,0.2,lr5e-05_bs32_modL1_fusion32_fusionL1_drop0p2_trmiss80_trlocclin,9,0.6180656750996908,0.7147064805030823,0.4978991596638655,0.6200253224539625,0.4888888888888889,0.0,0.0,0.0,0.0,2002,clin,0.8
4,3,lr5e-05_bs32_modL1_fusion32_fusionL1_drop0p2_trmiss80_trlocclin,32,5e-05,1,32,1,0.2,lr5e-05_bs32_modL1_fusion32_fusionL1_drop0p2_trmiss80_trlocclin,10,0.6149857143561045,0.7190383076667786,0.4978991596638655,0.6194077444674327,0.4444444444444444,0.0,0.0,0.0,0.0,2002,clin,0.8
4,3,lr5e-05_bs32_modL1_fusion32_fusionL1_drop0p2_trmiss80_trlocclin,32,5e-05,1,32,1,0.2,lr5e-05_bs32_modL1_fusion32_fusionL1_drop0p2_trmiss80_trlocclin,11,0.6038143138090769,0.7179844975471497,0.5084033613445378,0.6215523231613812,0.4666666666666667,0.0,0.0,0.0,0.0,2002,clin,0.8
4,3,lr5e-05_bs32_modL1_fusion32_fusionL1_drop0p2_trmiss80_trlocclin,32,5e-05,1,32,1,0.2,lr5e-05_bs32_modL1_fusion32_fusionL1_drop0p2_trmiss80_trlocclin,12,0.6177277266979218,0.7189781665802002,0.5126050420168067,0.6262515712816821,0.4666666666666667,0.0,0.0,0.0,0.0,2002,clin,0.8
4,3,lr5e-05_bs32_modL1_fusion32_fusionL1_drop0p2_trmiss80_trlocclin,32,5e-05,1,32,1,0.2,lr5e-05_bs32_modL1_fusion32_fusionL1_drop0p2_trmiss80_trlocclin,13,0.6019915739695231,0.721759170293808,0.5042016806722689,0.6235747148993304,0.4666666666666667,0.0,0.0,0.0,0.0,2002,clin,0.8
4,3,lr5e-05_bs32_modL1_fusion32_fusionL1_drop0p2_trmiss80_trlocclin,32,5e-05,1,32,1,0.2,lr5e-05_bs32_modL1_fusion32_fusionL1_drop0p2_trmiss80_trlocclin,14,0.6010692020257314,0.7213018834590912,0.5021008403361344,0.6232557827693538,0.4666666666666667,0.0,0.0,0.0,0.0,2002,clin,0.8
4,3,lr5e-05_bs32_modL1_fusion32_fusionL1_drop0p2_trmiss80_trlocclin,32,5e-05,1,32,1,0.2,lr5e-05_bs32_modL1_fusion32_fusionL1_drop0p2_trmiss80_trlocclin,15,0.576014906167984,0.72007155418396,0.5,0.6197327068723283,0.4888888888888889,0.0,0.0,0.0,0.0,2002,clin,0.8
4,3,lr5e-05_bs32_modL1_fusion32_fusionL1_drop0p2_trmiss80_trlocclin,32,5e-05,1,32,1,0.2,lr5e-05_bs32_modL1_fusion32_fusionL1_drop0p2_trmiss80_trlocclin,16,0.5920747617880503,0.7194524705410004,0.49579831932773105,0.6146549847265594,0.4888888888888889,0.0,0.0,0.0,0.0,2002,clin,0.8
4,3,lr5e-05_bs32_modL1_fusion32_fusionL1_drop0p2_trmiss80_trlocclin,32,5e-05,1,32,1,0.2,lr5e-05_bs32_modL1_fusion32_fusionL1_drop0p2_trmiss80_trlocclin,17,0.5971371630827585,0.7228662073612213,0.49369747899159666,0.6159104869274398,0.4666666666666667,0.0,0.0,0.0,0.0,2002,clin,0.8
4,3,lr5e-05_bs32_modL1_fusion32_fusionL1_drop0p2_trmiss80_trlocclin,32,5e-05,1,32,1,0.2,lr5e-05_bs32_modL1_fusion32_fusionL1_drop0p2_trmiss80_trlocclin,18,0.5748077432314554,0.7222494781017303,0.4957983193277311,0.6182763783731867,0.4444444444444444,0.0,0.0,0.0,0.0,2002,clin,0.8
4,3,lr5e-05_bs32_modL1_fusion32_fusionL1_drop0p2_trmiss80_trlocclin,32,5e-05,1,32,1,0.2,lr5e-05_bs32_modL1_fusion32_fusionL1_drop0p2_trmiss80_trlocclin,19,0.5927545924981436,0.7220936417579651,0.4894957983193277,0.6129985761954049,0.4666666666666667,0.0,0.0,0.0,0.0,2002,clin,0.8
4,3,lr5e-05_bs32_modL1_fusion32_fusionL1_drop0p2_trmiss80_trlocclin,32,5e-05,1,32,1,0.2,lr5e-05_bs32_modL1_fusion32_fusionL1_drop0p2_trmiss80_trlocclin,20,0.5937018195788065,0.723268985748291,0.4852941176470588,0.6096795066320957,0.4444444444444444,0.0,0.0,0.0,0.0,2002,clin,0.8
4,3,lr5e-05_bs32_modL1_fusion32_fusionL1_drop0p2_trmiss80_trlocclin,32,5e-05,1,32,1,0.2,lr5e-05_bs32_modL1_fusion32_fusionL1_drop0p2_trmiss80_trlocclin,21,0.5873166918754578,0.7264054119586945,0.4852941176470589,0.5953937923463816,0.4444444444444444,0.0,0.0,0.0,0.0,2002,clin,0.8
4,3,lr5e-05_bs32_modL1_fusion32_fusionL1_drop0p2_trmiss80_trlocclin,32,5e-05,1,32,1,0.2,lr5e-05_bs32_modL1_fusion32_fusionL1_drop0p2_trmiss80_trlocclin,22,0.5731720328330994,0.7252090275287628,0.48739495798319327,0.6137078414508719,0.4666666666666667,0.0,0.0,0.0,0.0,2002,clin,0.8
4,3,lr5e-05_bs32_modL1_fusion32_fusionL1_drop0p1_trmiss80_trlocclin,32,5e-05,1,32,1,0.1,lr5e-05_bs32_modL1_fusion32_fusionL1_drop0p1_trmiss80_trlocclin,1,0.7345055937767029,0.6971725523471832,0.5,0.6645452859932904,0.4,0.0,0.0,0.0,0.0,2002,clin,0.8
4,3,lr5e-05_bs32_modL1_fusion32_fusionL1_drop0p1_trmiss80_trlocclin,32,5e-05,1,32,1,0.1,lr5e-05_bs32_modL1_fusion32_fusionL1_drop0p1_trmiss80_trlocclin,2,0.6992279390494028,0.697382926940918,0.49789915966386555,0.6503254455175597,0.4444444444444444,0.0,0.0,0.0,0.0,2002,clin,0.8
4,3,lr5e-05_bs32_modL1_fusion32_fusionL1_drop0p1_trmiss80_trlocclin,32,5e-05,1,32,1,0.1,lr5e-05_bs32_modL1_fusion32_fusionL1_drop0p1_trmiss80_trlocclin,3,0.6578200260798136,0.7000033855438232,0.45798319327731096,0.6179303112919912,0.4222222222222222,0.0,0.0,0.0,0.0,2002,clin,0.8
4,3,lr5e-05_bs32_modL1_fusion32_fusionL1_drop0p1_trmiss80_trlocclin,32,5e-05,1,32,1,0.1,lr5e-05_bs32_modL1_fusion32_fusionL1_drop0p1_trmiss80_trlocclin,4,0.6499564945697784,0.7032665312290192,0.44957983193277307,0.6094531416423561,0.4444444444444444,0.0,0.0,0.0,0.0,2002,clin,0.8
4,3,lr5e-05_bs32_modL1_fusion32_fusionL1_drop0p1_trmiss80_trlocclin,32,5e-05,1,32,1,0.1,lr5e-05_bs32_modL1_fusion32_fusionL1_drop0p1_trmiss80_trlocclin,5,0.6371469597021738,0.7077285051345825,0.43907563025210083,0.5870134285588773,0.4222222222222222,0.0,0.0,0.0,0.0,2002,clin,0.8
4,3,lr5e-05_bs32_modL1_fusion32_fusionL1_drop0p1_trmiss80_trlocclin,32,5e-05,1,32,1,0.1,lr5e-05_bs32_modL1_fusion32_fusionL1_drop0p1_trmiss80_trlocclin,6,0.6129273970921835,0.706942081451416,0.4369747899159664,0.5845323638425968,0.4666666666666667,0.0,0.0,0.0,0.0,2002,clin,0.8
4,3,lr5e-05_bs32_modL1_fusion32_fusionL1_drop0p1_trmiss80_trlocclin,32,5e-05,1,32,1,0.1,lr5e-05_bs32_modL1_fusion32_fusionL1_drop0p1_trmiss80_trlocclin,7,0.5988598664601644,0.7113093435764313,0.43487394957983194,0.5720230320593969,0.4222222222222222,0.0,0.0,0.0,0.0,2002,clin,0.8
4,3,lr5e-05_bs32_modL1_fusion32_fusionL1_drop0p1_trmiss80_trlocclin,32,5e-05,1,32,1,0.1,lr5e-05_bs32_modL1_fusion32_fusionL1_drop0p1_trmiss80_trlocclin,8,0.5963454246520996,0.710361897945404,0.4453781512605043,0.5741398160631753,0.4888888888888889,0.0,0.0,0.0,0.0,2002,clin,0.8
4,3,lr5e-05_bs32_modL1_fusion32_fusionL1_drop0p1_trmiss80_trlocclin,32,5e-05,1,32,1,0.1,lr5e-05_bs32_modL1_fusion32_fusionL1_drop0p1_trmiss80_trlocclin,9,0.585910807053248,0.7103002071380615,0.4516806722689076,0.5765632834529377,0.5111111111111111,0.0,0.0,0.0,0.0,2002,clin,0.8
4,3,lr5e-05_bs32_modL1_fusion32_fusionL1_drop0p1_trmiss80_trlocclin,32,5e-05,1,32,1,0.1,lr5e-05_bs32_modL1_fusion32_fusionL1_drop0p1_trmiss80_trlocclin,10,0.579801082611084,0.7109002470970154,0.4495798319327732,0.5749399068295611,0.4888888888888889,0.0,0.0,0.0,0.0,2002,clin,0.8
4,3,lr5e-05_bs32_modL1_fusion32_fusionL1_drop0p1_trmiss80_trlocclin,32,5e-05,1,32,1,0.1,lr5e-05_bs32_modL1_fusion32_fusionL1_drop0p1_trmiss80_trlocclin,11,0.5661223332087199,0.7116110324859619,0.4411764705882353,0.5685144333698733,0.4666666666666667,0.0,0.0,0.0,0.0,2002,clin,0.8
4,3,lr5e-05_bs32_modL1_fusion32_fusionL1_drop0p1_trmiss80_trlocclin,32,5e-05,1,32,1,0.1,lr5e-05_bs32_modL1_fusion32_fusionL1_drop0p1_trmiss80_trlocclin,12,0.5682144363721212,0.7117482721805573,0.4474789915966386,0.5715468547626761,0.4888888888888889,0.0,0.0,0.0,0.0,2002,clin,0.8
4,3,lr5e-05_bs32_modL1_fusion32_fusionL1_drop0p1_trmiss80_trlocclin,32,5e-05,1,32,1,0.1,lr5e-05_bs32_modL1_fusion32_fusionL1_drop0p1_trmiss80_trlocclin,13,0.5598647197087606,0.7094322741031647,0.44957983193277307,0.5745560796323875,0.4666666666666667,0.0,0.0,0.0,0.0,2002,clin,0.8
4,3,lr5e-05_bs32_modL1_fusion32_fusionL1_drop0p1_trmiss80_trlocclin,32,5e-05,1,32,1,0.1,lr5e-05_bs32_modL1_fusion32_fusionL1_drop0p1_trmiss80_trlocclin,14,0.5611869394779205,0.7094032168388367,0.4600840336134454,0.5805608890233084,0.4666666666666667,0.0,0.0,0.0,0.0,2002,clin,0.8
4,3,lr5e-05_bs32_modL1_fusion32_fusionL1_drop0p1_trmiss80_trlocclin,32,5e-05,1,32,1,0.1,lr5e-05_bs32_modL1_fusion32_fusionL1_drop0p1_trmiss80_trlocclin,15,0.5508706072966257,0.7105014324188232,0.46218487394957986,0.5823794777641661,0.5111111111111111,0.0,0.0,0.0,0.0,2002,clin,0.8
4,3,lr5e-05_bs32_modL1_fusion32_fusionL1_drop0p1_trmiss80_trlocclin,32,5e-05,1,32,1,0.1,lr5e-05_bs32_modL1_fusion32_fusionL1_drop0p1_trmiss80_trlocclin,16,0.5597836077213287,0.7110408544540405,0.4642857142857143,0.5832983301536067,0.4888888888888889,0.0,0.0,0.0,0.0,2002,clin,0.8
4,3,lr5e-05_bs32_modL1_fusion32_fusionL1_drop0p1_trmiss80_trlocclin,32,5e-05,1,32,1,0.1,lr5e-05_bs32_modL1_fusion32_fusionL1_drop0p1_trmiss80_trlocclin,17,0.5521635413169861,0.7105165719985962,0.45378151260504207,0.5804321574897782,0.4888888888888889,0.0,0.0,0.0,0.0,2002,clin,0.8
4,3,lr5e-05_bs32_modL1_fusion32_fusionL1_drop0p1_trmiss80_trlocclin,32,5e-05,1,32,1,0.1,lr5e-05_bs32_modL1_fusion32_fusionL1_drop0p1_trmiss80_trlocclin,18,0.5437209109465281,0.7107793390750885,0.46638655462184875,0.5866101842560402,0.4888888888888889,0.0,0.0,0.0,0.0,2002,clin,0.8
4,3,lr5e-05_bs32_modL1_fusion32_fusionL1_drop0p1_trmiss80_trlocclin,32,5e-05,1,32,1,0.1,lr5e-05_bs32_modL1_fusion32_fusionL1_drop0p1_trmiss80_trlocclin,19,0.5483218332131704,0.7096557319164276,0.47478991596638653,0.5899376671438369,0.4888888888888889,0.0,0.0,0.0,0.0,2002,clin,0.8
4,3,lr5e-05_bs32_modL1_fusion32_fusionL1_drop0p1_trmiss80_trlocclin,32,5e-05,1,32,1,0.1,lr5e-05_bs32_modL1_fusion32_fusionL1_drop0p1_trmiss80_trlocclin,20,0.5488994518915812,0.7097162306308746,0.47058823529411764,0.5865726459216729,0.4888888888888889,0.0,0.0,0.0,0.0,2002,clin,0.8
4,3,lr5e-05_bs32_modL1_fusion32_fusionL1_drop0p1_trmiss80_trlocclin,32,5e-05,1,32,1,0.1,lr5e-05_bs32_modL1_fusion32_fusionL1_drop0p1_trmiss80_trlocclin,21,0.5306564718484879,0.7085718512535095,0.46638655462184875,0.5870512293012428,0.4666666666666667,0.0,0.0,0.0,0.0,2002,clin,0.8
4,3,lr5e-05_bs32_modL1_fusion64_fusionL1_drop0p2_trmiss80_trlocclin,32,5e-05,1,64,1,0.2,lr5e-05_bs32_modL1_fusion64_fusionL1_drop0p2_trmiss80_trlocclin,1,0.7218252519766489,0.6944125592708588,0.5273109243697479,0.6544263988153043,0.5111111111111111,0.0,0.0,0.0,0.0,2002,clin,0.8
4,3,lr5e-05_bs32_modL1_fusion64_fusionL1_drop0p2_trmiss80_trlocclin,32,5e-05,1,64,1,0.2,lr5e-05_bs32_modL1_fusion64_fusionL1_drop0p2_trmiss80_trlocclin,2,0.7046142717202505,0.6920745074748993,0.5252100840336135,0.6875297637494134,0.4888888888888889,0.0,0.0,0.0,0.0,2002,clin,0.8
4,3,lr5e-05_bs32_modL1_fusion64_fusionL1_drop0p2_trmiss80_trlocclin,32,5e-05,1,64,1,0.2,lr5e-05_bs32_modL1_fusion64_fusionL1_drop0p2_trmiss80_trlocclin,3,0.6740296483039856,0.6897076964378357,0.5357142857142857,0.7203574619389982,0.5111111111111111,0.0,0.0,0.0,0.0,2002,clin,0.8
4,3,lr5e-05_bs32_modL1_fusion64_fusionL1_drop0p2_trmiss80_trlocclin,32,5e-05,1,64,1,0.2,lr5e-05_bs32_modL1_fusion64_fusionL1_drop0p2_trmiss80_trlocclin,4,0.6672939956188202,0.6886791884899139,0.5357142857142857,0.7199379516191572,0.5111111111111111,0.0,0.0,0.0,0.0,2002,clin,0.8
4,3,lr5e-05_bs32_modL1_fusion64_fusionL1_drop0p2_trmiss80_trlocclin,32,5e-05,1,64,1,0.2,lr5e-05_bs32_modL1_fusion64_fusionL1_drop0p2_trmiss80_trlocclin,5,0.6438617706298828,0.6886053383350372,0.5399159663865547,0.7156393289919836,0.4888888888888889,0.0,0.0,0.0,0.0,2002,clin,0.8
4,3,lr5e-05_bs32_modL1_fusion64_fusionL1_drop0p2_trmiss80_trlocclin,32,5e-05,1,64,1,0.2,lr5e-05_bs32_modL1_fusion64_fusionL1_drop0p2_trmiss80_trlocclin,6,0.6288542846838633,0.6886228919029236,0.5168067226890757,0.7031325586223666,0.5111111111111111,0.0,0.0,0.0,0.0,2002,clin,0.8
4,3,lr5e-05_bs32_modL1_fusion64_fusionL1_drop0p2_trmiss80_trlocclin,32,5e-05,1,64,1,0.2,lr5e-05_bs32_modL1_fusion64_fusionL1_drop0p2_trmiss80_trlocclin,7,0.6297891736030579,0.6900387108325958,0.5147058823529411,0.702556078365775,0.5111111111111111,0.0,0.0,0.0,0.0,2002,clin,0.8
4,3,lr5e-05_bs32_modL1_fusion64_fusionL1_drop0p2_trmiss80_trlocclin,32,5e-05,1,64,1,0.2,lr5e-05_bs32_modL1_fusion64_fusionL1_drop0p2_trmiss80_trlocclin,8,0.6049224038918813,0.6910202503204346,0.5063025210084033,0.6948198529045893,0.4888888888888889,0.0,0.0,0.0,0.0,2002,clin,0.8
4,3,lr5e-05_bs32_modL1_fusion64_fusionL1_drop0p2_trmiss80_trlocclin,32,5e-05,1,64,1,0.2,lr5e-05_bs32_modL1_fusion64_fusionL1_drop0p2_trmiss80_trlocclin,9,0.5954687198003134,0.6877645254135132,0.5021008403361344,0.6932548497593405,0.5333333333333333,0.0,0.0,0.0,0.0,2002,clin,0.8
4,3,lr5e-05_bs32_modL1_fusion64_fusionL1_drop0p2_trmiss80_trlocclin,32,5e-05,1,64,1,0.2,lr5e-05_bs32_modL1_fusion64_fusionL1_drop0p2_trmiss80_trlocclin,10,0.5790223379929861,0.6875230073928833,0.49579831932773105,0.676020926275417,0.5111111111111111,0.0,0.0,0.0,0.0,2002,clin,0.8
4,3,lr5e-05_bs32_modL1_fusion64_fusionL1_drop0p2_trmiss80_trlocclin,32,5e-05,1,64,1,0.2,lr5e-05_bs32_modL1_fusion64_fusionL1_drop0p2_trmiss80_trlocclin,11,0.5725705524285635,0.6926734745502472,0.48739495798319327,0.6757259887883011,0.5111111111111111,0.0,0.0,0.0,0.0,2002,clin,0.8
4,3,lr5e-05_bs32_modL1_fusion64_fusionL1_drop0p2_trmiss80_trlocclin,32,5e-05,1,64,1,0.2,lr5e-05_bs32_modL1_fusion64_fusionL1_drop0p2_trmiss80_trlocclin,12,0.5774325231711069,0.6961606442928314,0.4789915966386555,0.6487950613085293,0.5555555555555556,0.0,0.0,0.0,0.0,2002,clin,0.8
4,3,lr5e-05_bs32_modL1_fusion64_fusionL1_drop0p2_trmiss80_trlocclin,32,5e-05,1,64,1,0.2,lr5e-05_bs32_modL1_fusion64_fusionL1_drop0p2_trmiss80_trlocclin,13,0.5594263970851898,0.6978045403957367,0.47268907563025214,0.6453603749569918,0.5111111111111111,0.0,0.0,0.0,0.0,2002,clin,0.8
4,3,lr5e-05_bs32_modL1_fusion64_fusionL1_drop0p2_trmiss80_trlocclin,32,5e-05,1,64,1,0.2,lr5e-05_bs32_modL1_fusion64_fusionL1_drop0p2_trmiss80_trlocclin,14,0.5403035680452982,0.697600394487381,0.4810924369747899,0.6461911743546077,0.5111111111111111,0.0,0.0,0.0,0.0,2002,clin,0.8
4,3,lr5e-05_bs32_modL1_fusion64_fusionL1_drop0p2_trmiss80_trlocclin,32,5e-05,1,64,1,0.2,lr5e-05_bs32_modL1_fusion64_fusionL1_drop0p2_trmiss80_trlocclin,15,0.5398092667261759,0.695783793926239,0.4831932773109243,0.6545286358010299,0.4888888888888889,0.0,0.0,0.0,0.0,2002,clin,0.8
4,3,lr5e-05_bs32_modL1_fusion64_fusionL1_drop0p2_trmiss80_trlocclin,32,5e-05,1,64,1,0.2,lr5e-05_bs32_modL1_fusion64_fusionL1_drop0p2_trmiss80_trlocclin,16,0.5616657733917236,0.6999353766441345,0.4852941176470588,0.6617207516985029,0.5111111111111111,0.0,0.0,0.0,0.0,2002,clin,0.8
4,3,lr5e-05_bs32_modL1_fusion64_fusionL1_drop0p2_trmiss80_trlocclin,32,5e-05,1,64,1,0.2,lr5e-05_bs32_modL1_fusion64_fusionL1_drop0p2_trmiss80_trlocclin,17,0.5434354146321615,0.7031714916229248,0.4705882352941177,0.6471565614669116,0.4888888888888889,0.0,0.0,0.0,0.0,2002,clin,0.8
4,3,lr5e-05_bs32_modL1_fusion64_fusionL1_drop0p2_trmiss80_trlocclin,32,5e-05,1,64,1,0.2,lr5e-05_bs32_modL1_fusion64_fusionL1_drop0p2_trmiss80_trlocclin,18,0.5289620012044907,0.7038331925868988,0.4789915966386555,0.6461434230134843,0.4888888888888889,0.0,0.0,0.0,0.0,2002,clin,0.8
4,3,lr5e-05_bs32_modL1_fusion64_fusionL1_drop0p2_trmiss80_trlocclin,32,5e-05,1,64,1,0.2,lr5e-05_bs32_modL1_fusion64_fusionL1_drop0p2_trmiss80_trlocclin,19,0.5246767352024714,0.7047781646251678,0.48319327731092443,0.6539144859841269,0.5111111111111111,0.0,0.0,0.0,0.0,2002,clin,0.8
4,3,lr5e-05_bs32_modL1_fusion64_fusionL1_drop0p2_trmiss80_trlocclin,32,5e-05,1,64,1,0.2,lr5e-05_bs32_modL1_fusion64_fusionL1_drop0p2_trmiss80_trlocclin,20,0.5047700305779775,0.7065401971340179,0.4663865546218488,0.6183201727944535,0.4888888888888889,0.0,0.0,0.0,0.0,2002,clin,0.8
4,3,lr5e-05_bs32_modL1_fusion64_fusionL1_drop0p2_trmiss80_trlocclin,32,5e-05,1,64,1,0.2,lr5e-05_bs32_modL1_fusion64_fusionL1_drop0p2_trmiss80_trlocclin,21,0.5069978535175323,0.7080349922180176,0.453781512605042,0.6122754148287811,0.4888888888888889,0.0,0.0,0.0,0.0,2002,clin,0.8
4,3,lr5e-05_bs32_modL1_fusion64_fusionL1_drop0p2_trmiss80_trlocclin,32,5e-05,1,64,1,0.2,lr5e-05_bs32_modL1_fusion64_fusionL1_drop0p2_trmiss80_trlocclin,22,0.514790361126264,0.7065959870815277,0.46848739495798314,0.6246042410739198,0.4666666666666667,0.0,0.0,0.0,0.0,2002,clin,0.8
4,3,lr5e-05_bs32_modL1_fusion64_fusionL1_drop0p2_trmiss80_trlocclin,32,5e-05,1,64,1,0.2,lr5e-05_bs32_modL1_fusion64_fusionL1_drop0p2_trmiss80_trlocclin,23,0.5040777325630188,0.7064057886600494,0.47058823529411764,0.6238067629917778,0.4888888888888889,0.0,0.0,0.0,0.0,2002,clin,0.8
4,3,lr5e-05_bs32_modL1_fusion64_fusionL1_drop0p2_trmiss80_trlocclin,32,5e-05,1,64,1,0.2,lr5e-05_bs32_modL1_fusion64_fusionL1_drop0p2_trmiss80_trlocclin,24,0.5023586998383204,0.7087700664997101,0.4684873949579832,0.6238157438568511,0.4888888888888889,0.0,0.0,0.0,0.0,2002,clin,0.8
4,3,lr5e-05_bs32_modL1_fusion64_fusionL1_drop0p2_trmiss80_trlocclin,32,5e-05,1,64,1,0.2,lr5e-05_bs32_modL1_fusion64_fusionL1_drop0p2_trmiss80_trlocclin,25,0.5135317146778107,0.7070923149585724,0.46638655462184875,0.623431044522572,0.4666666666666667,0.0,0.0,0.0,0.0,2002,clin,0.8
4,3,lr5e-05_bs32_modL1_fusion64_fusionL1_drop0p1_trmiss80_trlocclin,32,5e-05,1,64,1,0.1,lr5e-05_bs32_modL1_fusion64_fusionL1_drop0p1_trmiss80_trlocclin,1,0.7274852693080902,0.7093171179294586,0.44537815126050423,0.5836137745127241,0.4,0.0,0.0,0.0,0.0,2002,clin,0.8
4,3,lr5e-05_bs32_modL1_fusion64_fusionL1_drop0p1_trmiss80_trlocclin,32,5e-05,1,64,1,0.1,lr5e-05_bs32_modL1_fusion64_fusionL1_drop0p1_trmiss80_trlocclin,2,0.6873018344243368,0.7154335379600525,0.4201680672268907,0.593070825522927,0.4666666666666667,0.0,0.0,0.0,0.0,2002,clin,0.8
4,3,lr5e-05_bs32_modL1_fusion64_fusionL1_drop0p1_trmiss80_trlocclin,32,5e-05,1,64,1,0.1,lr5e-05_bs32_modL1_fusion64_fusionL1_drop0p1_trmiss80_trlocclin,3,0.6653451323509216,0.7234399616718292,0.3949579831932773,0.5622699602247667,0.4666666666666667,0.0,0.0,0.0,0.0,2002,clin,0.8
4,3,lr5e-05_bs32_modL1_fusion64_fusionL1_drop0p1_trmiss80_trlocclin,32,5e-05,1,64,1,0.1,lr5e-05_bs32_modL1_fusion64_fusionL1_drop0p1_trmiss80_trlocclin,4,0.6454414327939352,0.7300799489021301,0.38445378151260506,0.5555885824561685,0.4666666666666667,0.0,0.0,0.0,0.0,2002,clin,0.8
4,3,lr5e-05_bs32_modL1_fusion64_fusionL1_drop0p1_trmiss80_trlocclin,32,5e-05,1,64,1,0.1,lr5e-05_bs32_modL1_fusion64_fusionL1_drop0p1_trmiss80_trlocclin,5,0.6256360610326132,0.735817939043045,0.39075630252100835,0.5544137593883831,0.4666666666666667,0.0,0.0,0.0,0.0,2002,clin,0.8
4,3,lr5e-05_bs32_modL1_fusion64_fusionL1_drop0p1_trmiss80_trlocclin,32,5e-05,1,64,1,0.1,lr5e-05_bs32_modL1_fusion64_fusionL1_drop0p1_trmiss80_trlocclin,6,0.6089551150798798,0.7442735135555267,0.3802521008403361,0.5458178019319013,0.4666666666666667,0.0,0.0,0.0,0.0,2002,clin,0.8
4,3,lr5e-05_bs32_modL1_fusion64_fusionL1_drop0p1_trmiss80_trlocclin,32,5e-05,1,64,1,0.1,lr5e-05_bs32_modL1_fusion64_fusionL1_drop0p1_trmiss80_trlocclin,7,0.6050893863042196,0.7522157430648804,0.3739495798319328,0.5420227655733179,0.4888888888888889,0.0,0.0,0.0,0.0,2002,clin,0.8
4,3,lr5e-05_bs32_modL1_fusion64_fusionL1_drop0p1_trmiss80_trlocclin,32,5e-05,1,64,1,0.1,lr5e-05_bs32_modL1_fusion64_fusionL1_drop0p1_trmiss80_trlocclin,8,0.5797089338302612,0.7570047676563263,0.36974789915966383,0.5387381759216125,0.5111111111111111,0.0,0.0,0.0,0.0,2002,clin,0.8
4,3,lr5e-05_bs32_modL1_fusion64_fusionL1_drop0p1_trmiss80_trlocclin,32,5e-05,1,64,1,0.1,lr5e-05_bs32_modL1_fusion64_fusionL1_drop0p1_trmiss80_trlocclin,9,0.5690219600995382,0.7608439028263092,0.36554621848739494,0.5372895294968466,0.5111111111111111,0.0,0.0,0.0,0.0,2002,clin,0.8
4,3,lr5e-05_bs32_modL1_fusion64_fusionL1_drop0p1_trmiss80_trlocclin,32,5e-05,1,64,1,0.1,lr5e-05_bs32_modL1_fusion64_fusionL1_drop0p1_trmiss80_trlocclin,10,0.5719019969304403,0.7609176933765411,0.3550420168067227,0.5316326863400035,0.5111111111111111,0.0,0.0,0.0,0.0,2002,clin,0.8
4,3,lr5e-05_bs32_modL1_fusion64_fusionL1_drop0p1_trmiss80_trlocclin,32,5e-05,1,64,1,0.1,lr5e-05_bs32_modL1_fusion64_fusionL1_drop0p1_trmiss80_trlocclin,11,0.5772039095560709,0.7622094750404358,0.35924369747899154,0.5357755962755962,0.5333333333333333,0.0,0.0,0.0,0.0,2002,clin,0.8
4,3,lr5e-05_bs32_modL1_fusion64_fusionL1_drop0p1_trmiss80_trlocclin,32,5e-05,1,64,1,0.1,lr5e-05_bs32_modL1_fusion64_fusionL1_drop0p1_trmiss80_trlocclin,12,0.5529392759005228,0.7634223997592926,0.35294117647058826,0.533627354857187,0.5111111111111111,0.0,0.0,0.0,0.0,2002,clin,0.8
4,3,lr5e-05_bs32_modL1_fusion64_fusionL1_drop0p1_trmiss80_trlocclin,32,5e-05,1,64,1,0.1,lr5e-05_bs32_modL1_fusion64_fusionL1_drop0p1_trmiss80_trlocclin,13,0.5569943686326345,0.7636988759040833,0.3592436974789916,0.5368417582074598,0.5111111111111111,0.0,0.0,0.0,0.0,2002,clin,0.8
4,3,lr5e-05_bs32_modL1_fusion64_fusionL1_drop0p1_trmiss80_trlocclin,32,5e-05,1,64,1,0.1,lr5e-05_bs32_modL1_fusion64_fusionL1_drop0p1_trmiss80_trlocclin,14,0.5423461695512136,0.764227032661438,0.3634453781512605,0.5394094221087247,0.5111111111111111,0.0,0.0,0.0,0.0,2002,clin,0.8
4,3,lr5e-05_bs32_modL1_fusion64_fusionL1_drop0p1_trmiss80_trlocclin,32,5e-05,1,64,1,0.1,lr5e-05_bs32_modL1_fusion64_fusionL1_drop0p1_trmiss80_trlocclin,15,0.5462822318077087,0.7653912305831909,0.3634453781512605,0.5392109113803226,0.4888888888888889,0.0,0.0,0.0,0.0,2002,clin,0.8
4,3,lr5e-05_bs32_modL1_fusion64_fusionL1_drop0p1_trmiss80_trlocclin,32,5e-05,1,64,1,0.1,lr5e-05_bs32_modL1_fusion64_fusionL1_drop0p1_trmiss80_trlocclin,16,0.540137787659963,0.7676723599433899,0.35714285714285715,0.5367814960683273,0.5333333333333333,0.0,0.0,0.0,0.0,2002,clin,0.8
4,3,lr5e-05_bs32_modL1_fusion64_fusionL1_drop0p1_trmiss80_trlocclin,32,5e-05,1,64,1,0.1,lr5e-05_bs32_modL1_fusion64_fusionL1_drop0p1_trmiss80_trlocclin,17,0.5239931344985962,0.7672585248947144,0.36344537815126055,0.5433931228367231,0.5111111111111111,0.0,0.0,0.0,0.0,2002,clin,0.8
4,3,lr5e-05_bs32_modL1_fusion64_fusionL1_drop0p1_trmiss80_trlocclin,32,5e-05,1,64,1,0.1,lr5e-05_bs32_modL1_fusion64_fusionL1_drop0p1_trmiss80_trlocclin,18,0.5441963573296865,0.7701588273048401,0.3592436974789916,0.5396653364323063,0.5333333333333333,0.0,0.0,0.0,0.0,2002,clin,0.8
4,3,lr5e-05_bs32_modL1_fusion64_fusionL1_drop0p1_trmiss80_trlocclin,32,5e-05,1,64,1,0.1,lr5e-05_bs32_modL1_fusion64_fusionL1_drop0p1_trmiss80_trlocclin,19,0.5274935166041056,0.7706165611743927,0.3529411764705882,0.5370008116423459,0.5333333333333333,0.0,0.0,0.0,0.0,2002,clin,0.8
4,3,lr5e-05_bs32_modL1_fusion64_fusionL1_drop0p1_trmiss80_trlocclin,32,5e-05,1,64,1,0.1,lr5e-05_bs32_modL1_fusion64_fusionL1_drop0p1_trmiss80_trlocclin,20,0.5291230579217275,0.771010547876358,0.3529411764705882,0.5364082301121262,0.5333333333333333,0.0,0.0,0.0,0.0,2002,clin,0.8
4,3,lr5e-05_bs32_modL1_fusion64_fusionL1_drop0p1_trmiss80_trlocclin,32,5e-05,1,64,1,0.1,lr5e-05_bs32_modL1_fusion64_fusionL1_drop0p1_trmiss80_trlocclin,21,0.5314812560876211,0.7713043391704559,0.35084033613445376,0.5336922154766071,0.5333333333333333,0.0,0.0,0.0,0.0,2002,clin,0.8
4,3,lr1e-04_bs32_modL1_fusion32_fusionL1_drop0p2_trmiss80_trlocclin,32,0.0001,1,32,1,0.2,lr1e-04_bs32_modL1_fusion32_fusionL1_drop0p2_trmiss80_trlocclin,1,0.6773184339205424,0.6841375529766083,0.5420168067226891,0.632448489698299,0.6,0.0,0.0,0.0,0.0,2002,clin,0.8
4,3,lr1e-04_bs32_modL1_fusion32_fusionL1_drop0p2_trmiss80_trlocclin,32,0.0001,1,32,1,0.2,lr1e-04_bs32_modL1_fusion32_fusionL1_drop0p2_trmiss80_trlocclin,2,0.6199694077173868,0.6895125508308411,0.5210084033613446,0.6228723846982006,0.6222222222222222,0.0,0.0,0.0,0.0,2002,clin,0.8
4,3,lr1e-04_bs32_modL1_fusion32_fusionL1_drop0p2_trmiss80_trlocclin,32,0.0001,1,32,1,0.2,lr1e-04_bs32_modL1_fusion32_fusionL1_drop0p2_trmiss80_trlocclin,3,0.6033292909463247,0.6967866122722626,0.48739495798319327,0.6092910450435479,0.5555555555555556,0.0,0.0,0.0,0.0,2002,clin,0.8
4,3,lr1e-04_bs32_modL1_fusion32_fusionL1_drop0p2_trmiss80_trlocclin,32,0.0001,1,32,1,0.2,lr1e-04_bs32_modL1_fusion32_fusionL1_drop0p2_trmiss80_trlocclin,4,0.5646911362806956,0.7067499756813049,0.4789915966386555,0.604365492748965,0.4888888888888889,0.0,0.0,0.0,0.0,2002,clin,0.8
4,3,lr1e-04_bs32_modL1_fusion32_fusionL1_drop0p2_trmiss80_trlocclin,32,0.0001,1,32,1,0.2,lr1e-04_bs32_modL1_fusion32_fusionL1_drop0p2_trmiss80_trlocclin,5,0.5586069077253342,0.7140282690525055,0.46218487394957986,0.5969034260811693,0.5111111111111111,0.0,0.0,0.0,0.0,2002,clin,0.8
4,3,lr1e-04_bs32_modL1_fusion32_fusionL1_drop0p2_trmiss80_trlocclin,32,0.0001,1,32,1,0.2,lr1e-04_bs32_modL1_fusion32_fusionL1_drop0p2_trmiss80_trlocclin,6,0.5207757353782654,0.7205813527107239,0.44957983193277307,0.5922307922999167,0.4666666666666667,0.0,0.0,0.0,0.0,2002,clin,0.8
4,3,lr1e-04_bs32_modL1_fusion32_fusionL1_drop0p2_trmiss80_trlocclin,32,0.0001,1,32,1,0.2,lr1e-04_bs32_modL1_fusion32_fusionL1_drop0p2_trmiss80_trlocclin,7,0.5033293118079504,0.7331034541130066,0.4369747899159664,0.5823407094016867,0.4888888888888889,0.0,0.0,0.0,0.0,2002,clin,0.8
4,3,lr1e-04_bs32_modL1_fusion32_fusionL1_drop0p2_trmiss80_trlocclin,32,0.0001,1,32,1,0.2,lr1e-04_bs32_modL1_fusion32_fusionL1_drop0p2_trmiss80_trlocclin,8,0.5047051906585693,0.7369468510150909,0.4180672268907563,0.5730884357203156,0.5555555555555556,0.0,0.0,0.0,0.0,2002,clin,0.8
4,3,lr1e-04_bs32_modL1_fusion32_fusionL1_drop0p2_trmiss80_trlocclin,32,0.0001,1,32,1,0.2,lr1e-04_bs32_modL1_fusion32_fusionL1_drop0p2_trmiss80_trlocclin,9,0.4968583832184474,0.7380646467208862,0.4096638655462185,0.5672302275124833,0.5777777777777777,0.0,0.0,0.0,0.0,2002,clin,0.8
4,3,lr1e-04_bs32_modL1_fusion32_fusionL1_drop0p2_trmiss80_trlocclin,32,0.0001,1,32,1,0.2,lr1e-04_bs32_modL1_fusion32_fusionL1_drop0p2_trmiss80_trlocclin,10,0.48443610966205597,0.7430239021778107,0.4012605042016807,0.5610446805735666,0.5777777777777777,0.0,0.0,0.0,0.0,2002,clin,0.8
4,3,lr1e-04_bs32_modL1_fusion32_fusionL1_drop0p2_trmiss80_trlocclin,32,0.0001,1,32,1,0.2,lr1e-04_bs32_modL1_fusion32_fusionL1_drop0p2_trmiss80_trlocclin,11,0.48189642031987506,0.747055172920227,0.4054621848739496,0.5661873095369617,0.5333333333333333,0.0,0.0,0.0,0.0,2002,clin,0.8
4,3,lr1e-04_bs32_modL1_fusion32_fusionL1_drop0p2_trmiss80_trlocclin,32,0.0001,1,32,1,0.2,lr1e-04_bs32_modL1_fusion32_fusionL1_drop0p2_trmiss80_trlocclin,12,0.4732087204853694,0.7471664547920227,0.40756302521008403,0.5649432143217923,0.5333333333333333,0.0,0.0,0.0,0.0,2002,clin,0.8
4,3,lr1e-04_bs32_modL1_fusion32_fusionL1_drop0p2_trmiss80_trlocclin,32,0.0001,1,32,1,0.2,lr1e-04_bs32_modL1_fusion32_fusionL1_drop0p2_trmiss80_trlocclin,13,0.47285910944143933,0.7474906742572784,0.41596638655462187,0.5730443795936259,0.5111111111111111,0.0,0.0,0.0,0.0,2002,clin,0.8
4,3,lr1e-04_bs32_modL1_fusion32_fusionL1_drop0p2_trmiss80_trlocclin,32,0.0001,1,32,1,0.2,lr1e-04_bs32_modL1_fusion32_fusionL1_drop0p2_trmiss80_trlocclin,14,0.4591855655113856,0.7501637637615204,0.40336134453781514,0.5671603069925006,0.5111111111111111,0.0,0.0,0.0,0.0,2002,clin,0.8
4,3,lr1e-04_bs32_modL1_fusion32_fusionL1_drop0p2_trmiss80_trlocclin,32,0.0001,1,32,1,0.2,lr1e-04_bs32_modL1_fusion32_fusionL1_drop0p2_trmiss80_trlocclin,15,0.46180374423662823,0.7509769201278687,0.40756302521008403,0.5664885409520009,0.4888888888888889,0.0,0.0,0.0,0.0,2002,clin,0.8
4,3,lr1e-04_bs32_modL1_fusion32_fusionL1_drop0p2_trmiss80_trlocclin,32,0.0001,1,32,1,0.2,lr1e-04_bs32_modL1_fusion32_fusionL1_drop0p2_trmiss80_trlocclin,16,0.46278153856595355,0.7508556842803955,0.411764705882353,0.5668203810050954,0.5111111111111111,0.0,0.0,0.0,0.0,2002,clin,0.8
4,3,lr1e-04_bs32_modL1_fusion32_fusionL1_drop0p2_trmiss80_trlocclin,32,0.0001,1,32,1,0.2,lr1e-04_bs32_modL1_fusion32_fusionL1_drop0p2_trmiss80_trlocclin,17,0.45413370927174884,0.7520138025283813,0.411764705882353,0.568277587819445,0.4888888888888889,0.0,0.0,0.0,0.0,2002,clin,0.8
4,3,lr1e-04_bs32_modL1_fusion32_fusionL1_drop0p2_trmiss80_trlocclin,32,0.0001,1,32,1,0.2,lr1e-04_bs32_modL1_fusion32_fusionL1_drop0p2_trmiss80_trlocclin,18,0.4500207006931305,0.7501307427883148,0.3928571428571429,0.5613214431682321,0.4888888888888889,0.0,0.0,0.0,0.0,2002,clin,0.8
4,3,lr1e-04_bs32_modL1_fusion32_fusionL1_drop0p2_trmiss80_trlocclin,32,0.0001,1,32,1,0.2,lr1e-04_bs32_modL1_fusion32_fusionL1_drop0p2_trmiss80_trlocclin,19,0.4424719562133153,0.7466820478439331,0.3949579831932773,0.5633319204360623,0.5111111111111111,0.0,0.0,0.0,0.0,2002,clin,0.8
4,3,lr1e-04_bs32_modL1_fusion32_fusionL1_drop0p2_trmiss80_trlocclin,32,0.0001,1,32,1,0.2,lr1e-04_bs32_modL1_fusion32_fusionL1_drop0p2_trmiss80_trlocclin,20,0.4379710753758748,0.7467646598815918,0.40756302521008403,0.5673748530178242,0.5333333333333333,0.0,0.0,0.0,0.0,2002,clin,0.8
4,3,lr1e-04_bs32_modL1_fusion32_fusionL1_drop0p2_trmiss80_trlocclin,32,0.0001,1,32,1,0.2,lr1e-04_bs32_modL1_fusion32_fusionL1_drop0p2_trmiss80_trlocclin,21,0.44954298436641693,0.7464228868484497,0.40756302521008403,0.5673771916725844,0.5333333333333333,0.0,0.0,0.0,0.0,2002,clin,0.8
4,3,lr1e-04_bs32_modL1_fusion32_fusionL1_drop0p1_trmiss80_trlocclin,32,0.0001,1,32,1,0.1,lr1e-04_bs32_modL1_fusion32_fusionL1_drop0p1_trmiss80_trlocclin,1,0.6999382476011912,0.6925740242004395,0.38235294117647056,0.5638545459516784,0.5111111111111111,0.0,0.0,0.0,0.0,2002,clin,0.8
4,3,lr1e-04_bs32_modL1_fusion32_fusionL1_drop0p1_trmiss80_trlocclin,32,0.0001,1,32,1,0.1,lr1e-04_bs32_modL1_fusion32_fusionL1_drop0p1_trmiss80_trlocclin,2,0.6444579561551412,0.697657436132431,0.3949579831932773,0.5711133231518538,0.4444444444444444,0.0,0.0,0.0,0.0,2002,clin,0.8
4,3,lr1e-04_bs32_modL1_fusion32_fusionL1_drop0p1_trmiss80_trlocclin,32,0.0001,1,32,1,0.1,lr1e-04_bs32_modL1_fusion32_fusionL1_drop0p1_trmiss80_trlocclin,3,0.6181058486302694,0.6987156569957733,0.4201680672268908,0.5821544703230632,0.4,0.0,0.0,0.0,0.0,2002,clin,0.8
4,3,lr1e-04_bs32_modL1_fusion32_fusionL1_drop0p1_trmiss80_trlocclin,32,0.0001,1,32,1,0.1,lr1e-04_bs32_modL1_fusion32_fusionL1_drop0p1_trmiss80_trlocclin,4,0.5857722262541453,0.703976571559906,0.42226890756302526,0.5793084233091664,0.4,0.0,0.0,0.0,0.0,2002,clin,0.8
4,3,lr1e-04_bs32_modL1_fusion32_fusionL1_drop0p1_trmiss80_trlocclin,32,0.0001,1,32,1,0.1,lr1e-04_bs32_modL1_fusion32_fusionL1_drop0p1_trmiss80_trlocclin,5,0.5629671017328898,0.7099271714687347,0.4117647058823529,0.5665367349782284,0.4888888888888889,0.0,0.0,0.0,0.0,2002,clin,0.8
4,3,lr1e-04_bs32_modL1_fusion32_fusionL1_drop0p1_trmiss80_trlocclin,32,0.0001,1,32,1,0.1,lr1e-04_bs32_modL1_fusion32_fusionL1_drop0p1_trmiss80_trlocclin,6,0.5396710733572642,0.7161690890789032,0.40546218487394964,0.5573643740678852,0.5111111111111111,0.0,0.0,0.0,0.0,2002,clin,0.8
4,3,lr1e-04_bs32_modL1_fusion32_fusionL1_drop0p1_trmiss80_trlocclin,32,0.0001,1,32,1,0.1,lr1e-04_bs32_modL1_fusion32_fusionL1_drop0p1_trmiss80_trlocclin,7,0.5287966579198837,0.7192619442939758,0.41386554621848737,0.5597753084047461,0.5111111111111111,0.0,0.0,0.0,0.0,2002,clin,0.8
4,3,lr1e-04_bs32_modL1_fusion32_fusionL1_drop0p1_trmiss80_trlocclin,32,0.0001,1,32,1,0.1,lr1e-04_bs32_modL1_fusion32_fusionL1_drop0p1_trmiss80_trlocclin,8,0.5273161828517914,0.7230161130428314,0.40336134453781514,0.5558592097462705,0.5111111111111111,0.0,0.0,0.0,0.0,2002,clin,0.8
4,3,lr1e-04_bs32_modL1_fusion32_fusionL1_drop0p1_trmiss80_trlocclin,32,0.0001,1,32,1,0.1,lr1e-04_bs32_modL1_fusion32_fusionL1_drop0p1_trmiss80_trlocclin,9,0.5117965936660767,0.7296454608440399,0.38865546218487396,0.5483200106437721,0.4888888888888889,0.0,0.0,0.0,0.0,2002,clin,0.8
4,3,lr1e-04_bs32_modL1_fusion32_fusionL1_drop0p1_trmiss80_trlocclin,32,0.0001,1,32,1,0.1,lr1e-04_bs32_modL1_fusion32_fusionL1_drop0p1_trmiss80_trlocclin,10,0.5040190716584524,0.734160304069519,0.3802521008403361,0.5419310540681794,0.5111111111111111,0.0,0.0,0.0,0.0,2002,clin,0.8
4,3,lr1e-04_bs32_modL1_fusion32_fusionL1_drop0p1_trmiss80_trlocclin,32,0.0001,1,32,1,0.1,lr1e-04_bs32_modL1_fusion32_fusionL1_drop0p1_trmiss80_trlocclin,11,0.5007822712262472,0.7376228272914886,0.37184873949579833,0.5386939951137062,0.4666666666666667,0.0,0.0,0.0,0.0,2002,clin,0.8
4,3,lr1e-04_bs32_modL1_fusion32_fusionL1_drop0p1_trmiss80_trlocclin,32,0.0001,1,32,1,0.1,lr1e-04_bs32_modL1_fusion32_fusionL1_drop0p1_trmiss80_trlocclin,12,0.49496211608250934,0.7423911094665527,0.3739495798319328,0.535780851775281,0.4888888888888889,0.0,0.0,0.0,0.0,2002,clin,0.8
4,3,lr1e-04_bs32_modL1_fusion32_fusionL1_drop0p1_trmiss80_trlocclin,32,0.0001,1,32,1,0.1,lr1e-04_bs32_modL1_fusion32_fusionL1_drop0p1_trmiss80_trlocclin,13,0.47563961644967395,0.7445089519023895,0.3739495798319327,0.536702225735636,0.4888888888888889,0.0,0.0,0.0,0.0,2002,clin,0.8
4,3,lr1e-04_bs32_modL1_fusion32_fusionL1_drop0p1_trmiss80_trlocclin,32,0.0001,1,32,1,0.1,lr1e-04_bs32_modL1_fusion32_fusionL1_drop0p1_trmiss80_trlocclin,14,0.4801144500573476,0.7455443143844604,0.3676470588235294,0.5332804049977293,0.4666666666666667,0.0,0.0,0.0,0.0,2002,clin,0.8
4,3,lr1e-04_bs32_modL1_fusion32_fusionL1_drop0p1_trmiss80_trlocclin,32,0.0001,1,32,1,0.1,lr1e-04_bs32_modL1_fusion32_fusionL1_drop0p1_trmiss80_trlocclin,15,0.47678286333878833,0.7472067177295685,0.36134453781512604,0.5296986426890085,0.4444444444444444,0.0,0.0,0.0,0.0,2002,clin,0.8
4,3,lr1e-04_bs32_modL1_fusion32_fusionL1_drop0p1_trmiss80_trlocclin,32,0.0001,1,32,1,0.1,lr1e-04_bs32_modL1_fusion32_fusionL1_drop0p1_trmiss80_trlocclin,16,0.4705148736635844,0.7495332360267639,0.35084033613445376,0.5255155119649791,0.4444444444444444,0.0,0.0,0.0,0.0,2002,clin,0.8
4,3,lr1e-04_bs32_modL1_fusion32_fusionL1_drop0p1_trmiss80_trlocclin,32,0.0001,1,32,1,0.1,lr1e-04_bs32_modL1_fusion32_fusionL1_drop0p1_trmiss80_trlocclin,17,0.4807794690132141,0.7500582933425903,0.35084033613445376,0.5262524734162263,0.4666666666666667,0.0,0.0,0.0,0.0,2002,clin,0.8
4,3,lr1e-04_bs32_modL1_fusion32_fusionL1_drop0p1_trmiss80_trlocclin,32,0.0001,1,32,1,0.1,lr1e-04_bs32_modL1_fusion32_fusionL1_drop0p1_trmiss80_trlocclin,18,0.4750909556945165,0.7533446252346039,0.34663865546218486,0.5253808689155894,0.4666666666666667,0.0,0.0,0.0,0.0,2002,clin,0.8
4,3,lr1e-04_bs32_modL1_fusion32_fusionL1_drop0p1_trmiss80_trlocclin,32,0.0001,1,32,1,0.1,lr1e-04_bs32_modL1_fusion32_fusionL1_drop0p1_trmiss80_trlocclin,19,0.46526474754015607,0.7545245587825775,0.34243697478991597,0.522259773966594,0.4666666666666667,0.0,0.0,0.0,0.0,2002,clin,0.8
4,3,lr1e-04_bs32_modL1_fusion32_fusionL1_drop0p1_trmiss80_trlocclin,32,0.0001,1,32,1,0.1,lr1e-04_bs32_modL1_fusion32_fusionL1_drop0p1_trmiss80_trlocclin,20,0.4506898770729701,0.7545002400875092,0.3361344537815126,0.5205891278124648,0.4666666666666667,0.0,0.0,0.0,0.0,2002,clin,0.8
4,3,lr1e-04_bs32_modL1_fusion32_fusionL1_drop0p1_trmiss80_trlocclin,32,0.0001,1,32,1,0.1,lr1e-04_bs32_modL1_fusion32_fusionL1_drop0p1_trmiss80_trlocclin,21,0.4670535822709401,0.7544924318790436,0.3361344537815126,0.5185719952018448,0.4666666666666667,0.0,0.0,0.0,0.0,2002,clin,0.8
4,3,lr1e-04_bs32_modL1_fusion32_fusionL1_drop0p1_trmiss80_trlocclin,32,0.0001,1,32,1,0.1,lr1e-04_bs32_modL1_fusion32_fusionL1_drop0p1_trmiss80_trlocclin,22,0.47134541471799213,0.7550190091133118,0.33403361344537813,0.5169726054459425,0.4666666666666667,0.0,0.0,0.0,0.0,2002,clin,0.8
4,3,lr1e-04_bs32_modL1_fusion32_fusionL1_drop0p1_trmiss80_trlocclin,32,0.0001,1,32,1,0.1,lr1e-04_bs32_modL1_fusion32_fusionL1_drop0p1_trmiss80_trlocclin,23,0.46299760540326435,0.755761593580246,0.3340336134453782,0.5181096226196567,0.4666666666666667,0.0,0.0,0.0,0.0,2002,clin,0.8
4,3,lr1e-04_bs32_modL1_fusion32_fusionL1_drop0p1_trmiss80_trlocclin,32,0.0001,1,32,1,0.1,lr1e-04_bs32_modL1_fusion32_fusionL1_drop0p1_trmiss80_trlocclin,24,0.4495515475670497,0.7550243139266968,0.3340336134453782,0.5186550115408881,0.4666666666666667,0.0,0.0,0.0,0.0,2002,clin,0.8
4,3,lr1e-04_bs32_modL1_fusion64_fusionL1_drop0p2_trmiss80_trlocclin,32,0.0001,1,64,1,0.2,lr1e-04_bs32_modL1_fusion64_fusionL1_drop0p2_trmiss80_trlocclin,1,0.7112856308619181,0.6875936686992645,0.5126050420168068,0.6387263178647862,0.5333333333333333,0.0,0.0,0.0,0.0,2002,clin,0.8
4,3,lr1e-04_bs32_modL1_fusion64_fusionL1_drop0p2_trmiss80_trlocclin,32,0.0001,1,64,1,0.2,lr1e-04_bs32_modL1_fusion64_fusionL1_drop0p2_trmiss80_trlocclin,2,0.6737220187981924,0.6970950663089752,0.47268907563025214,0.6194383819309766,0.4444444444444444,0.0,0.0,0.0,0.0,2002,clin,0.8
4,3,lr1e-04_bs32_modL1_fusion64_fusionL1_drop0p2_trmiss80_trlocclin,32,0.0001,1,64,1,0.2,lr1e-04_bs32_modL1_fusion64_fusionL1_drop0p2_trmiss80_trlocclin,3,0.6378693481286367,0.7035036683082581,0.46218487394957986,0.6038997653183961,0.4666666666666667,0.0,0.0,0.0,0.0,2002,clin,0.8
4,3,lr1e-04_bs32_modL1_fusion64_fusionL1_drop0p2_trmiss80_trlocclin,32,0.0001,1,64,1,0.2,lr1e-04_bs32_modL1_fusion64_fusionL1_drop0p2_trmiss80_trlocclin,4,0.6221802035967509,0.705599308013916,0.44747899159663873,0.5923613131586389,0.4444444444444444,0.0,0.0,0.0,0.0,2002,clin,0.8
4,3,lr1e-04_bs32_modL1_fusion64_fusionL1_drop0p2_trmiss80_trlocclin,32,0.0001,1,64,1,0.2,lr1e-04_bs32_modL1_fusion64_fusionL1_drop0p2_trmiss80_trlocclin,5,0.5994422137737274,0.7134020030498505,0.4180672268907563,0.5938067198504522,0.4222222222222222,0.0,0.0,0.0,0.0,2002,clin,0.8
4,3,lr1e-04_bs32_modL1_fusion64_fusionL1_drop0p2_trmiss80_trlocclin,32,0.0001,1,64,1,0.2,lr1e-04_bs32_modL1_fusion64_fusionL1_drop0p2_trmiss80_trlocclin,6,0.5822156667709351,0.7242500185966492,0.38655462184873957,0.559966146908185,0.4,0.0,0.0,0.0,0.0,2002,clin,0.8
4,3,lr1e-04_bs32_modL1_fusion64_fusionL1_drop0p2_trmiss80_trlocclin,32,0.0001,1,64,1,0.2,lr1e-04_bs32_modL1_fusion64_fusionL1_drop0p2_trmiss80_trlocclin,7,0.5618699391682943,0.7262983918190002,0.36764705882352944,0.5531822682809258,0.4222222222222222,0.0,0.0,0.0,0.0,2002,clin,0.8
4,3,lr1e-04_bs32_modL1_fusion64_fusionL1_drop0p2_trmiss80_trlocclin,32,0.0001,1,64,1,0.2,lr1e-04_bs32_modL1_fusion64_fusionL1_drop0p2_trmiss80_trlocclin,8,0.5575577020645142,0.7281079888343811,0.3823529411764706,0.5569478398310048,0.4,0.0,0.0,0.0,0.0,2002,clin,0.8
4,3,lr1e-04_bs32_modL1_fusion64_fusionL1_drop0p2_trmiss80_trlocclin,32,0.0001,1,64,1,0.2,lr1e-04_bs32_modL1_fusion64_fusionL1_drop0p2_trmiss80_trlocclin,9,0.5535247524579366,0.7323624193668365,0.3676470588235294,0.5514745888112995,0.35555555555555557,0.0,0.0,0.0,0.0,2002,clin,0.8
4,3,lr1e-04_bs32_modL1_fusion64_fusionL1_drop0p2_trmiss80_trlocclin,32,0.0001,1,64,1,0.2,lr1e-04_bs32_modL1_fusion64_fusionL1_drop0p2_trmiss80_trlocclin,10,0.5402758816878,0.7354220449924469,0.3697478991596639,0.5531944523706156,0.37777777777777777,0.0,0.0,0.0,0.0,2002,clin,0.8
4,3,lr1e-04_bs32_modL1_fusion64_fusionL1_drop0p2_trmiss80_trlocclin,32,0.0001,1,64,1,0.2,lr1e-04_bs32_modL1_fusion64_fusionL1_drop0p2_trmiss80_trlocclin,11,0.5235644529263178,0.7401341795921326,0.3676470588235294,0.5487068836977993,0.37777777777777777,0.0,0.0,0.0,0.0,2002,clin,0.8
4,3,lr1e-04_bs32_modL1_fusion64_fusionL1_drop0p2_trmiss80_trlocclin,32,0.0001,1,64,1,0.2,lr1e-04_bs32_modL1_fusion64_fusionL1_drop0p2_trmiss80_trlocclin,12,0.5127567797899246,0.7429843246936798,0.36134453781512604,0.5510904322562045,0.37777777777777777,0.0,0.0,0.0,0.0,2002,clin,0.8
4,3,lr1e-04_bs32_modL1_fusion64_fusionL1_drop0p2_trmiss80_trlocclin,32,0.0001,1,64,1,0.2,lr1e-04_bs32_modL1_fusion64_fusionL1_drop0p2_trmiss80_trlocclin,13,0.5130140582720438,0.7425921261310577,0.3571428571428571,0.5526373438247852,0.35555555555555557,0.0,0.0,0.0,0.0,2002,clin,0.8
4,3,lr1e-04_bs32_modL1_fusion64_fusionL1_drop0p2_trmiss80_trlocclin,32,0.0001,1,64,1,0.2,lr1e-04_bs32_modL1_fusion64_fusionL1_drop0p2_trmiss80_trlocclin,14,0.5062355001767477,0.743425726890564,0.3697478991596639,0.5623671971470755,0.35555555555555557,0.0,0.0,0.0,0.0,2002,clin,0.8
4,3,lr1e-04_bs32_modL1_fusion64_fusionL1_drop0p2_trmiss80_trlocclin,32,0.0001,1,64,1,0.2,lr1e-04_bs32_modL1_fusion64_fusionL1_drop0p2_trmiss80_trlocclin,15,0.5095939934253693,0.742463082075119,0.3634453781512605,0.5598774306183053,0.37777777777777777,0.0,0.0,0.0,0.0,2002,clin,0.8
4,3,lr1e-04_bs32_modL1_fusion64_fusionL1_drop0p2_trmiss80_trlocclin,32,0.0001,1,64,1,0.2,lr1e-04_bs32_modL1_fusion64_fusionL1_drop0p2_trmiss80_trlocclin,16,0.5030792355537415,0.7459367215633392,0.3697478991596639,0.5655899720451324,0.37777777777777777,0.0,0.0,0.0,0.0,2002,clin,0.8
4,3,lr1e-04_bs32_modL1_fusion64_fusionL1_drop0p2_trmiss80_trlocclin,32,0.0001,1,64,1,0.2,lr1e-04_bs32_modL1_fusion64_fusionL1_drop0p2_trmiss80_trlocclin,17,0.5034981320301691,0.7500313520431519,0.35084033613445376,0.5535563032083253,0.35555555555555557,0.0,0.0,0.0,0.0,2002,clin,0.8
4,3,lr1e-04_bs32_modL1_fusion64_fusionL1_drop0p2_trmiss80_trlocclin,32,0.0001,1,64,1,0.2,lr1e-04_bs32_modL1_fusion64_fusionL1_drop0p2_trmiss80_trlocclin,18,0.5061446328957876,0.7540701925754547,0.3445378151260504,0.555669632470022,0.3111111111111111,0.0,0.0,0.0,0.0,2002,clin,0.8
4,3,lr1e-04_bs32_modL1_fusion64_fusionL1_drop0p2_trmiss80_trlocclin,32,0.0001,1,64,1,0.2,lr1e-04_bs32_modL1_fusion64_fusionL1_drop0p2_trmiss80_trlocclin,19,0.4805908252795537,0.7551213502883911,0.33613445378151263,0.5460899391438091,0.3111111111111111,0.0,0.0,0.0,0.0,2002,clin,0.8
4,3,lr1e-04_bs32_modL1_fusion64_fusionL1_drop0p2_trmiss80_trlocclin,32,0.0001,1,64,1,0.2,lr1e-04_bs32_modL1_fusion64_fusionL1_drop0p2_trmiss80_trlocclin,20,0.4954952448606491,0.7559159100055695,0.33193277310924374,0.5440545491573364,0.3111111111111111,0.0,0.0,0.0,0.0,2002,clin,0.8
4,3,lr1e-04_bs32_modL1_fusion64_fusionL1_drop0p2_trmiss80_trlocclin,32,0.0001,1,64,1,0.2,lr1e-04_bs32_modL1_fusion64_fusionL1_drop0p2_trmiss80_trlocclin,21,0.48373118539651233,0.7537679374217987,0.3382352941176471,0.5460581200474958,0.3333333333333333,0.0,0.0,0.0,0.0,2002,clin,0.8
4,3,lr1e-04_bs32_modL1_fusion64_fusionL1_drop0p1_trmiss80_trlocclin,32,0.0001,1,64,1,0.1,lr1e-04_bs32_modL1_fusion64_fusionL1_drop0p1_trmiss80_trlocclin,1,0.7672503093878428,0.7032012641429901,0.4558823529411764,0.6042721702367955,0.4888888888888889,0.0,0.0,0.0,0.0,2002,clin,0.8
4,3,lr1e-04_bs32_modL1_fusion64_fusionL1_drop0p1_trmiss80_trlocclin,32,0.0001,1,64,1,0.1,lr1e-04_bs32_modL1_fusion64_fusionL1_drop0p1_trmiss80_trlocclin,2,0.6930071512858073,0.7091180384159088,0.4810924369747899,0.6206361839812011,0.4222222222222222,0.0,0.0,0.0,0.0,2002,clin,0.8
4,3,lr1e-04_bs32_modL1_fusion64_fusionL1_drop0p1_trmiss80_trlocclin,32,0.0001,1,64,1,0.1,lr1e-04_bs32_modL1_fusion64_fusionL1_drop0p1_trmiss80_trlocclin,3,0.6576964855194092,0.7129557132720947,0.47268907563025203,0.6171094971787245,0.4222222222222222,0.0,0.0,0.0,0.0,2002,clin,0.8
4,3,lr1e-04_bs32_modL1_fusion64_fusionL1_drop0p1_trmiss80_trlocclin,32,0.0001,1,64,1,0.1,lr1e-04_bs32_modL1_fusion64_fusionL1_drop0p1_trmiss80_trlocclin,4,0.6367493172486623,0.7162683606147766,0.45798319327731096,0.6201944875849192,0.4222222222222222,0.0,0.0,0.0,0.0,2002,clin,0.8
4,3,lr1e-04_bs32_modL1_fusion64_fusionL1_drop0p1_trmiss80_trlocclin,32,0.0001,1,64,1,0.1,lr1e-04_bs32_modL1_fusion64_fusionL1_drop0p1_trmiss80_trlocclin,5,0.6175730526447296,0.720928430557251,0.4432773109243697,0.608814941191194,0.37777777777777777,0.0,0.0,0.0,0.0,2002,clin,0.8
4,3,lr1e-04_bs32_modL1_fusion64_fusionL1_drop0p1_trmiss80_trlocclin,32,0.0001,1,64,1,0.1,lr1e-04_bs32_modL1_fusion64_fusionL1_drop0p1_trmiss80_trlocclin,6,0.5955116550127665,0.7329341471195221,0.41806722689075626,0.5704999007415205,0.3333333333333333,0.0,0.0,0.0,0.0,2002,clin,0.8
4,3,lr1e-04_bs32_modL1_fusion64_fusionL1_drop0p1_trmiss80_trlocclin,32,0.0001,1,64,1,0.1,lr1e-04_bs32_modL1_fusion64_fusionL1_drop0p1_trmiss80_trlocclin,7,0.5683064858118693,0.7359153628349304,0.39915966386554624,0.5655505027607911,0.35555555555555557,0.0,0.0,0.0,0.0,2002,clin,0.8
4,3,lr1e-04_bs32_modL1_fusion64_fusionL1_drop0p1_trmiss80_trlocclin,32,0.0001,1,64,1,0.1,lr1e-04_bs32_modL1_fusion64_fusionL1_drop0p1_trmiss80_trlocclin,8,0.5455203652381897,0.7350876033306122,0.39075630252100846,0.5645439504972738,0.37777777777777777,0.0,0.0,0.0,0.0,2002,clin,0.8
4,3,lr1e-04_bs32_modL1_fusion64_fusionL1_drop0p1_trmiss80_trlocclin,32,0.0001,1,64,1,0.1,lr1e-04_bs32_modL1_fusion64_fusionL1_drop0p1_trmiss80_trlocclin,9,0.5544844468434652,0.7355770170688629,0.40336134453781514,0.5863841787687246,0.4,0.0,0.0,0.0,0.0,2002,clin,0.8
4,3,lr1e-04_bs32_modL1_fusion64_fusionL1_drop0p1_trmiss80_trlocclin,32,0.0001,1,64,1,0.1,lr1e-04_bs32_modL1_fusion64_fusionL1_drop0p1_trmiss80_trlocclin,10,0.541992167631785,0.7412023544311523,0.4012605042016807,0.5835995845182257,0.37777777777777777,0.0,0.0,0.0,0.0,2002,clin,0.8
4,3,lr1e-04_bs32_modL1_fusion64_fusionL1_drop0p1_trmiss80_trlocclin,32,0.0001,1,64,1,0.1,lr1e-04_bs32_modL1_fusion64_fusionL1_drop0p1_trmiss80_trlocclin,11,0.5435249209403992,0.739507645368576,0.4096638655462185,0.585698001627147,0.4,0.0,0.0,0.0,0.0,2002,clin,0.8
4,3,lr1e-04_bs32_modL1_fusion64_fusionL1_drop0p1_trmiss80_trlocclin,32,0.0001,1,64,1,0.1,lr1e-04_bs32_modL1_fusion64_fusionL1_drop0p1_trmiss80_trlocclin,12,0.523144339521726,0.7413283586502075,0.3970588235294118,0.5799261766126939,0.37777777777777777,0.0,0.0,0.0,0.0,2002,clin,0.8
4,3,lr1e-04_bs32_modL1_fusion64_fusionL1_drop0p1_trmiss80_trlocclin,32,0.0001,1,64,1,0.1,lr1e-04_bs32_modL1_fusion64_fusionL1_drop0p1_trmiss80_trlocclin,13,0.507111003001531,0.7408874928951263,0.3991596638655462,0.5881667676998158,0.37777777777777777,0.0,0.0,0.0,0.0,2002,clin,0.8
4,3,lr1e-04_bs32_modL1_fusion64_fusionL1_drop0p1_trmiss80_trlocclin,32,0.0001,1,64,1,0.1,lr1e-04_bs32_modL1_fusion64_fusionL1_drop0p1_trmiss80_trlocclin,14,0.5103538682063421,0.7391732335090637,0.3907563025210084,0.5838628619117525,0.35555555555555557,0.0,0.0,0.0,0.0,2002,clin,0.8
4,3,lr1e-04_bs32_modL1_fusion64_fusionL1_drop0p1_trmiss80_trlocclin,32,0.0001,1,64,1,0.1,lr1e-04_bs32_modL1_fusion64_fusionL1_drop0p1_trmiss80_trlocclin,15,0.4943807125091553,0.7403971254825592,0.38235294117647056,0.5788178091693313,0.35555555555555557,0.0,0.0,0.0,0.0,2002,clin,0.8
4,3,lr1e-04_bs32_modL1_fusion64_fusionL1_drop0p1_trmiss80_trlocclin,32,0.0001,1,64,1,0.1,lr1e-04_bs32_modL1_fusion64_fusionL1_drop0p1_trmiss80_trlocclin,16,0.4916728635629018,0.7418311238288879,0.37815126050420167,0.5790564592657904,0.35555555555555557,0.0,0.0,0.0,0.0,2002,clin,0.8
4,3,lr1e-04_bs32_modL1_fusion64_fusionL1_drop0p1_trmiss80_trlocclin,32,0.0001,1,64,1,0.1,lr1e-04_bs32_modL1_fusion64_fusionL1_drop0p1_trmiss80_trlocclin,17,0.4865783601999283,0.7459675967693329,0.3592436974789916,0.5695867393266316,0.35555555555555557,0.0,0.0,0.0,0.0,2002,clin,0.8
4,3,lr1e-04_bs32_modL1_fusion64_fusionL1_drop0p1_trmiss80_trlocclin,32,0.0001,1,64,1,0.1,lr1e-04_bs32_modL1_fusion64_fusionL1_drop0p1_trmiss80_trlocclin,18,0.4702993780374527,0.7404856085777283,0.3697478991596639,0.5725759671180051,0.35555555555555557,0.0,0.0,0.0,0.0,2002,clin,0.8
4,3,lr1e-04_bs32_modL1_fusion64_fusionL1_drop0p1_trmiss80_trlocclin,32,0.0001,1,64,1,0.1,lr1e-04_bs32_modL1_fusion64_fusionL1_drop0p1_trmiss80_trlocclin,19,0.49816856781641644,0.7363719642162323,0.3739495798319327,0.5712706270351338,0.4,0.0,0.0,0.0,0.0,2002,clin,0.8
4,3,lr1e-04_bs32_modL1_fusion64_fusionL1_drop0p1_trmiss80_trlocclin,32,0.0001,1,64,1,0.1,lr1e-04_bs32_modL1_fusion64_fusionL1_drop0p1_trmiss80_trlocclin,20,0.47214088837305707,0.737465500831604,0.37184873949579833,0.568534762470807,0.37777777777777777,0.0,0.0,0.0,0.0,2002,clin,0.8
4,3,lr1e-04_bs32_modL1_fusion64_fusionL1_drop0p1_trmiss80_trlocclin,32,0.0001,1,64,1,0.1,lr1e-04_bs32_modL1_fusion64_fusionL1_drop0p1_trmiss80_trlocclin,21,0.46148031453291577,0.7385790348052979,0.3634453781512605,0.5653649965006977,0.4,0.0,0.0,0.0,0.0,2002,clin,0.8
4,3,lr1e-04_bs32_modL1_fusion64_fusionL1_drop0p1_trmiss80_trlocclin,32,0.0001,1,64,1,0.1,lr1e-04_bs32_modL1_fusion64_fusionL1_drop0p1_trmiss80_trlocclin,22,0.46952463686466217,0.7413033843040466,0.3634453781512605,0.5680477187186492,0.35555555555555557,0.0,0.0,0.0,0.0,2002,clin,0.8
4,4,lr5e-05_bs16_modL1_fusion32_fusionL1_drop0p2_trmiss80_trlocclin,16,5e-05,1,32,1,0.2,lr5e-05_bs16_modL1_fusion32_fusionL1_drop0p2_trmiss80_trlocclin,1,0.6967252343893051,0.7077256838480631,0.5431034482758621,0.7055435512124092,0.4,0.0,0.0,0.0,0.0,2002,clin,0.8
4,4,lr5e-05_bs16_modL1_fusion32_fusionL1_drop0p2_trmiss80_trlocclin,16,5e-05,1,32,1,0.2,lr5e-05_bs16_modL1_fusion32_fusionL1_drop0p2_trmiss80_trlocclin,2,0.6544940869013468,0.6938463648160299,0.5344827586206897,0.7044180631381095,0.4666666666666667,0.0,0.0,0.0,0.0,2002,clin,0.8
4,4,lr5e-05_bs16_modL1_fusion32_fusionL1_drop0p2_trmiss80_trlocclin,16,5e-05,1,32,1,0.2,lr5e-05_bs16_modL1_fusion32_fusionL1_drop0p2_trmiss80_trlocclin,3,0.664395292599996,0.688611646493276,0.5668103448275862,0.71252143143862,0.5333333333333333,0.0,0.0,0.0,0.0,2002,clin,0.8
4,4,lr5e-05_bs16_modL1_fusion32_fusionL1_drop0p2_trmiss80_trlocclin,16,5e-05,1,32,1,0.2,lr5e-05_bs16_modL1_fusion32_fusionL1_drop0p2_trmiss80_trlocclin,4,0.659255584081014,0.6917062401771545,0.5581896551724138,0.7149370167700749,0.5333333333333333,0.0,0.0,0.0,0.0,2002,clin,0.8
4,4,lr5e-05_bs16_modL1_fusion32_fusionL1_drop0p2_trmiss80_trlocclin,16,5e-05,1,32,1,0.2,lr5e-05_bs16_modL1_fusion32_fusionL1_drop0p2_trmiss80_trlocclin,5,0.6332162568966547,0.6913981437683105,0.49137931034482757,0.678729448479329,0.4666666666666667,0.0,0.0,0.0,0.0,2002,clin,0.8
4,4,lr5e-05_bs16_modL1_fusion32_fusionL1_drop0p2_trmiss80_trlocclin,16,5e-05,1,32,1,0.2,lr5e-05_bs16_modL1_fusion32_fusionL1_drop0p2_trmiss80_trlocclin,6,0.6146308283011118,0.6907811363538107,0.4892241379310345,0.6731659865975016,0.5111111111111111,0.0,0.0,0.0,0.0,2002,clin,0.8
4,4,lr5e-05_bs16_modL1_fusion32_fusionL1_drop0p2_trmiss80_trlocclin,16,5e-05,1,32,1,0.2,lr5e-05_bs16_modL1_fusion32_fusionL1_drop0p2_trmiss80_trlocclin,7,0.5983924518028895,0.6850930054982504,0.5344827586206896,0.6981747740346848,0.4888888888888889,0.0,0.0,0.0,0.0,2002,clin,0.8
4,4,lr5e-05_bs16_modL1_fusion32_fusionL1_drop0p2_trmiss80_trlocclin,16,5e-05,1,32,1,0.2,lr5e-05_bs16_modL1_fusion32_fusionL1_drop0p2_trmiss80_trlocclin,8,0.5945488860209783,0.6930825312932333,0.5560344827586208,0.6874833298011065,0.4888888888888889,0.0,0.0,0.0,0.0,2002,clin,0.8
4,4,lr5e-05_bs16_modL1_fusion32_fusionL1_drop0p2_trmiss80_trlocclin,16,5e-05,1,32,1,0.2,lr5e-05_bs16_modL1_fusion32_fusionL1_drop0p2_trmiss80_trlocclin,9,0.6144899080197016,0.6948663194974264,0.5366379310344827,0.6940073058156703,0.5111111111111111,0.0,0.0,0.0,0.0,2002,clin,0.8
4,4,lr5e-05_bs16_modL1_fusion32_fusionL1_drop0p2_trmiss80_trlocclin,16,5e-05,1,32,1,0.2,lr5e-05_bs16_modL1_fusion32_fusionL1_drop0p2_trmiss80_trlocclin,10,0.5764662474393845,0.6934212247530619,0.5646551724137931,0.7248079991075453,0.5111111111111111,0.0,0.0,0.0,0.0,2002,clin,0.8
4,4,lr5e-05_bs16_modL1_fusion32_fusionL1_drop0p2_trmiss80_trlocclin,16,5e-05,1,32,1,0.2,lr5e-05_bs16_modL1_fusion32_fusionL1_drop0p2_trmiss80_trlocclin,11,0.5635384718577067,0.6870788733164469,0.5775862068965517,0.7192629841809621,0.5111111111111111,0.0,0.0,0.0,0.0,2002,clin,0.8
4,4,lr5e-05_bs16_modL1_fusion32_fusionL1_drop0p2_trmiss80_trlocclin,16,5e-05,1,32,1,0.2,lr5e-05_bs16_modL1_fusion32_fusionL1_drop0p2_trmiss80_trlocclin,12,0.5597694590687752,0.6887074112892151,0.5775862068965517,0.7230331603846195,0.4888888888888889,0.0,0.0,0.0,0.0,2002,clin,0.8
4,4,lr5e-05_bs16_modL1_fusion32_fusionL1_drop0p2_trmiss80_trlocclin,16,5e-05,1,32,1,0.2,lr5e-05_bs16_modL1_fusion32_fusionL1_drop0p2_trmiss80_trlocclin,13,0.5616859371463457,0.6853296558062235,0.5905172413793103,0.7271881184424549,0.5333333333333333,0.0,0.0,0.0,0.0,2002,clin,0.8
4,4,lr5e-05_bs16_modL1_fusion32_fusionL1_drop0p2_trmiss80_trlocclin,16,5e-05,1,32,1,0.2,lr5e-05_bs16_modL1_fusion32_fusionL1_drop0p2_trmiss80_trlocclin,14,0.5593011056383451,0.6839838027954102,0.584051724137931,0.7231552319345248,0.5777777777777777,0.0,0.0,0.0,0.0,2002,clin,0.8
4,4,lr5e-05_bs16_modL1_fusion32_fusionL1_drop0p2_trmiss80_trlocclin,16,5e-05,1,32,1,0.2,lr5e-05_bs16_modL1_fusion32_fusionL1_drop0p2_trmiss80_trlocclin,15,0.54140521834294,0.6912338733673096,0.5926724137931034,0.7187142811624168,0.5555555555555556,0.0,0.0,0.0,0.0,2002,clin,0.8
4,4,lr5e-05_bs16_modL1_fusion32_fusionL1_drop0p2_trmiss80_trlocclin,16,5e-05,1,32,1,0.2,lr5e-05_bs16_modL1_fusion32_fusionL1_drop0p2_trmiss80_trlocclin,16,0.5356971894701322,0.6922941406567892,0.5883620689655172,0.7201831179174089,0.5333333333333333,0.0,0.0,0.0,0.0,2002,clin,0.8
4,4,lr5e-05_bs16_modL1_fusion32_fusionL1_drop0p2_trmiss80_trlocclin,16,5e-05,1,32,1,0.2,lr5e-05_bs16_modL1_fusion32_fusionL1_drop0p2_trmiss80_trlocclin,17,0.5354785174131393,0.6912094950675964,0.5948275862068966,0.731061874784965,0.5333333333333333,0.0,0.0,0.0,0.0,2002,clin,0.8
4,4,lr5e-05_bs16_modL1_fusion32_fusionL1_drop0p2_trmiss80_trlocclin,16,5e-05,1,32,1,0.2,lr5e-05_bs16_modL1_fusion32_fusionL1_drop0p2_trmiss80_trlocclin,18,0.5461261421442032,0.6846628189086914,0.5969827586206896,0.7312114320811289,0.5333333333333333,0.0,0.0,0.0,0.0,2002,clin,0.8
4,4,lr5e-05_bs16_modL1_fusion32_fusionL1_drop0p2_trmiss80_trlocclin,16,5e-05,1,32,1,0.2,lr5e-05_bs16_modL1_fusion32_fusionL1_drop0p2_trmiss80_trlocclin,19,0.5089766258994738,0.6840306719144186,0.5969827586206896,0.7285960551550534,0.5555555555555556,0.0,0.0,0.0,0.0,2002,clin,0.8
4,4,lr5e-05_bs16_modL1_fusion32_fusionL1_drop0p2_trmiss80_trlocclin,16,5e-05,1,32,1,0.2,lr5e-05_bs16_modL1_fusion32_fusionL1_drop0p2_trmiss80_trlocclin,20,0.5318257013956705,0.6927079161008199,0.584051724137931,0.7229621639700253,0.5333333333333333,0.0,0.0,0.0,0.0,2002,clin,0.8
4,4,lr5e-05_bs16_modL1_fusion32_fusionL1_drop0p2_trmiss80_trlocclin,16,5e-05,1,32,1,0.2,lr5e-05_bs16_modL1_fusion32_fusionL1_drop0p2_trmiss80_trlocclin,21,0.5342303936680158,0.6915234923362732,0.603448275862069,0.7348490075212225,0.5111111111111111,0.0,0.0,0.0,0.0,2002,clin,0.8
4,4,lr5e-05_bs16_modL1_fusion32_fusionL1_drop0p2_trmiss80_trlocclin,16,5e-05,1,32,1,0.2,lr5e-05_bs16_modL1_fusion32_fusionL1_drop0p2_trmiss80_trlocclin,22,0.5112240314483643,0.6892961263656616,0.5991379310344827,0.7330398009601172,0.5111111111111111,0.0,0.0,0.0,0.0,2002,clin,0.8
4,4,lr5e-05_bs16_modL1_fusion32_fusionL1_drop0p2_trmiss80_trlocclin,16,5e-05,1,32,1,0.2,lr5e-05_bs16_modL1_fusion32_fusionL1_drop0p2_trmiss80_trlocclin,23,0.5040879100561142,0.6884429057439169,0.5905172413793103,0.7262259977759217,0.5555555555555556,0.0,0.0,0.0,0.0,2002,clin,0.8
4,4,lr5e-05_bs16_modL1_fusion32_fusionL1_drop0p2_trmiss80_trlocclin,16,5e-05,1,32,1,0.2,lr5e-05_bs16_modL1_fusion32_fusionL1_drop0p2_trmiss80_trlocclin,24,0.5104476933677992,0.6880591114362081,0.5883620689655172,0.7283495968861841,0.5555555555555556,0.0,0.0,0.0,0.0,2002,clin,0.8
4,4,lr5e-05_bs16_modL1_fusion32_fusionL1_drop0p2_trmiss80_trlocclin,16,5e-05,1,32,1,0.2,lr5e-05_bs16_modL1_fusion32_fusionL1_drop0p2_trmiss80_trlocclin,25,0.5138787403702736,0.6864996155103048,0.584051724137931,0.7224532345752,0.6,0.0,0.0,0.0,0.0,2002,clin,0.8
4,4,lr5e-05_bs16_modL1_fusion32_fusionL1_drop0p2_trmiss80_trlocclin,16,5e-05,1,32,1,0.2,lr5e-05_bs16_modL1_fusion32_fusionL1_drop0p2_trmiss80_trlocclin,26,0.5181758676966032,0.6977654894193014,0.5603448275862069,0.7106682700103445,0.5555555555555556,0.0,0.0,0.0,0.0,2002,clin,0.8
4,4,lr5e-05_bs16_modL1_fusion32_fusionL1_drop0p2_trmiss80_trlocclin,16,5e-05,1,32,1,0.2,lr5e-05_bs16_modL1_fusion32_fusionL1_drop0p2_trmiss80_trlocclin,27,0.5110199078917503,0.6932495633761088,0.5689655172413792,0.7151217264893731,0.4888888888888889,0.0,0.0,0.0,0.0,2002,clin,0.8
4,4,lr5e-05_bs16_modL1_fusion32_fusionL1_drop0p2_trmiss80_trlocclin,16,5e-05,1,32,1,0.2,lr5e-05_bs16_modL1_fusion32_fusionL1_drop0p2_trmiss80_trlocclin,28,0.5103292465209961,0.6924842794736227,0.5711206896551724,0.7188721689603238,0.5111111111111111,0.0,0.0,0.0,0.0,2002,clin,0.8
4,4,lr5e-05_bs16_modL1_fusion32_fusionL1_drop0p2_trmiss80_trlocclin,16,5e-05,1,32,1,0.2,lr5e-05_bs16_modL1_fusion32_fusionL1_drop0p2_trmiss80_trlocclin,29,0.5273049200574557,0.6959720651308695,0.5754310344827586,0.7205975430513395,0.5555555555555556,0.0,0.0,0.0,0.0,2002,clin,0.8
4,4,lr5e-05_bs16_modL1_fusion32_fusionL1_drop0p2_trmiss80_trlocclin,16,5e-05,1,32,1,0.2,lr5e-05_bs16_modL1_fusion32_fusionL1_drop0p2_trmiss80_trlocclin,30,0.5214171434442202,0.690302848815918,0.5797413793103449,0.7107061466997522,0.5777777777777777,0.0,0.0,0.0,0.0,2002,clin,0.8
4,4,lr5e-05_bs16_modL1_fusion32_fusionL1_drop0p2_trmiss80_trlocclin,16,5e-05,1,32,1,0.2,lr5e-05_bs16_modL1_fusion32_fusionL1_drop0p2_trmiss80_trlocclin,31,0.47621630132198334,0.685154656569163,0.5862068965517242,0.7252792173073055,0.6222222222222222,0.0,0.0,0.0,0.0,2002,clin,0.8
4,4,lr5e-05_bs16_modL1_fusion32_fusionL1_drop0p2_trmiss80_trlocclin,16,5e-05,1,32,1,0.2,lr5e-05_bs16_modL1_fusion32_fusionL1_drop0p2_trmiss80_trlocclin,32,0.5223498443762461,0.6901406645774841,0.564655172413793,0.7128808575655575,0.6,0.0,0.0,0.0,0.0,2002,clin,0.8
4,4,lr5e-05_bs16_modL1_fusion32_fusionL1_drop0p2_trmiss80_trlocclin,16,5e-05,1,32,1,0.2,lr5e-05_bs16_modL1_fusion32_fusionL1_drop0p2_trmiss80_trlocclin,33,0.5140185306469599,0.6961287458737692,0.5797413793103448,0.7179282669692729,0.5555555555555556,0.0,0.0,0.0,0.0,2002,clin,0.8
4,4,lr5e-05_bs16_modL1_fusion32_fusionL1_drop0p2_trmiss80_trlocclin,16,5e-05,1,32,1,0.2,lr5e-05_bs16_modL1_fusion32_fusionL1_drop0p2_trmiss80_trlocclin,34,0.5052641282478968,0.6919785737991333,0.564655172413793,0.7140850016828183,0.5777777777777777,0.0,0.0,0.0,0.0,2002,clin,0.8
4,4,lr5e-05_bs16_modL1_fusion32_fusionL1_drop0p2_trmiss80_trlocclin,16,5e-05,1,32,1,0.2,lr5e-05_bs16_modL1_fusion32_fusionL1_drop0p2_trmiss80_trlocclin,35,0.509559690952301,0.6981682578722636,0.5775862068965517,0.7183932375548914,0.5111111111111111,0.0,0.0,0.0,0.0,2002,clin,0.8
4,4,lr5e-05_bs16_modL1_fusion32_fusionL1_drop0p2_trmiss80_trlocclin,16,5e-05,1,32,1,0.2,lr5e-05_bs16_modL1_fusion32_fusionL1_drop0p2_trmiss80_trlocclin,36,0.5072521592179934,0.6964799563090006,0.5797413793103448,0.7193956335309752,0.5333333333333333,0.0,0.0,0.0,0.0,2002,clin,0.8
4,4,lr5e-05_bs16_modL1_fusion32_fusionL1_drop0p2_trmiss80_trlocclin,16,5e-05,1,32,1,0.2,lr5e-05_bs16_modL1_fusion32_fusionL1_drop0p2_trmiss80_trlocclin,37,0.5144036983450254,0.6935258309046427,0.5646551724137931,0.7101076306945007,0.5555555555555556,0.0,0.0,0.0,0.0,2002,clin,0.8
4,4,lr5e-05_bs16_modL1_fusion32_fusionL1_drop0p2_trmiss80_trlocclin,16,5e-05,1,32,1,0.2,lr5e-05_bs16_modL1_fusion32_fusionL1_drop0p2_trmiss80_trlocclin,38,0.498929463326931,0.6982596715291342,0.5775862068965517,0.717181859770171,0.5111111111111111,0.0,0.0,0.0,0.0,2002,clin,0.8
4,4,lr5e-05_bs16_modL1_fusion32_fusionL1_drop0p2_trmiss80_trlocclin,16,5e-05,1,32,1,0.2,lr5e-05_bs16_modL1_fusion32_fusionL1_drop0p2_trmiss80_trlocclin,39,0.4938310409585635,0.6947669188181559,0.5732758620689655,0.7087459892378332,0.5555555555555556,0.0,0.0,0.0,0.0,2002,clin,0.8
4,4,lr5e-05_bs16_modL1_fusion32_fusionL1_drop0p2_trmiss80_trlocclin,16,5e-05,1,32,1,0.2,lr5e-05_bs16_modL1_fusion32_fusionL1_drop0p2_trmiss80_trlocclin,40,0.5039961611231168,0.6890035470326742,0.5689655172413792,0.7094854862015865,0.5777777777777777,0.0,0.0,0.0,0.0,2002,clin,0.8
4,4,lr5e-05_bs16_modL1_fusion32_fusionL1_drop0p2_trmiss80_trlocclin,16,5e-05,1,32,1,0.2,lr5e-05_bs16_modL1_fusion32_fusionL1_drop0p2_trmiss80_trlocclin,41,0.5048326353232065,0.6838335990905762,0.5862068965517241,0.7192451408104341,0.6222222222222222,0.0,0.0,0.0,0.0,2002,clin,0.8
4,4,lr5e-05_bs16_modL1_fusion32_fusionL1_drop0p1_trmiss80_trlocclin,16,5e-05,1,32,1,0.1,lr5e-05_bs16_modL1_fusion32_fusionL1_drop0p1_trmiss80_trlocclin,1,0.7321040878693262,0.6618678371111552,0.5258620689655172,0.6875814024131819,0.6666666666666666,0.0,0.0,0.0,0.0,2002,clin,0.8
4,4,lr5e-05_bs16_modL1_fusion32_fusionL1_drop0p1_trmiss80_trlocclin,16,5e-05,1,32,1,0.1,lr5e-05_bs16_modL1_fusion32_fusionL1_drop0p1_trmiss80_trlocclin,2,0.6465034534533819,0.665385901927948,0.5172413793103449,0.6797052005600892,0.6666666666666666,0.0,0.0,0.0,0.0,2002,clin,0.8
4,4,lr5e-05_bs16_modL1_fusion32_fusionL1_drop0p1_trmiss80_trlocclin,16,5e-05,1,32,1,0.1,lr5e-05_bs16_modL1_fusion32_fusionL1_drop0p1_trmiss80_trlocclin,3,0.6266388247410456,0.6640878915786743,0.49784482758620685,0.6584647572518421,0.6444444444444445,0.0,0.0,0.0,0.0,2002,clin,0.8
4,4,lr5e-05_bs16_modL1_fusion32_fusionL1_drop0p1_trmiss80_trlocclin,16,5e-05,1,32,1,0.1,lr5e-05_bs16_modL1_fusion32_fusionL1_drop0p1_trmiss80_trlocclin,4,0.5985302577416102,0.669993539651235,0.4978448275862069,0.6800801052340972,0.6,0.0,0.0,0.0,0.0,2002,clin,0.8
4,4,lr5e-05_bs16_modL1_fusion32_fusionL1_drop0p1_trmiss80_trlocclin,16,5e-05,1,32,1,0.1,lr5e-05_bs16_modL1_fusion32_fusionL1_drop0p1_trmiss80_trlocclin,5,0.5832584450642267,0.6724321444829305,0.4870689655172414,0.65991684708699,0.5777777777777777,0.0,0.0,0.0,0.0,2002,clin,0.8
4,4,lr5e-05_bs16_modL1_fusion32_fusionL1_drop0p1_trmiss80_trlocclin,16,5e-05,1,32,1,0.1,lr5e-05_bs16_modL1_fusion32_fusionL1_drop0p1_trmiss80_trlocclin,6,0.5886879563331604,0.6688553690910339,0.4978448275862069,0.6611447899074354,0.6222222222222222,0.0,0.0,0.0,0.0,2002,clin,0.8
4,4,lr5e-05_bs16_modL1_fusion32_fusionL1_drop0p1_trmiss80_trlocclin,16,5e-05,1,32,1,0.1,lr5e-05_bs16_modL1_fusion32_fusionL1_drop0p1_trmiss80_trlocclin,7,0.5682308773199717,0.6775459051132202,0.4762931034482759,0.6426772920311583,0.5777777777777777,0.0,0.0,0.0,0.0,2002,clin,0.8
4,4,lr5e-05_bs16_modL1_fusion32_fusionL1_drop0p1_trmiss80_trlocclin,16,5e-05,1,32,1,0.1,lr5e-05_bs16_modL1_fusion32_fusionL1_drop0p1_trmiss80_trlocclin,8,0.5582758188247681,0.6745540301005045,0.4870689655172414,0.6554170401742934,0.6222222222222222,0.0,0.0,0.0,0.0,2002,clin,0.8
4,4,lr5e-05_bs16_modL1_fusion32_fusionL1_drop0p1_trmiss80_trlocclin,16,5e-05,1,32,1,0.1,lr5e-05_bs16_modL1_fusion32_fusionL1_drop0p1_trmiss80_trlocclin,9,0.5492287427186966,0.676650325457255,0.47198275862068967,0.647318716210753,0.6,0.0,0.0,0.0,0.0,2002,clin,0.8
4,4,lr5e-05_bs16_modL1_fusion32_fusionL1_drop0p1_trmiss80_trlocclin,16,5e-05,1,32,1,0.1,lr5e-05_bs16_modL1_fusion32_fusionL1_drop0p1_trmiss80_trlocclin,10,0.5505884140729904,0.676608661810557,0.45689655172413796,0.6354514256406145,0.6222222222222222,0.0,0.0,0.0,0.0,2002,clin,0.8
4,4,lr5e-05_bs16_modL1_fusion32_fusionL1_drop0p1_trmiss80_trlocclin,16,5e-05,1,32,1,0.1,lr5e-05_bs16_modL1_fusion32_fusionL1_drop0p1_trmiss80_trlocclin,11,0.5303854818145434,0.6747490763664246,0.46120689655172414,0.6485089192981743,0.6,0.0,0.0,0.0,0.0,2002,clin,0.8
4,4,lr5e-05_bs16_modL1_fusion32_fusionL1_drop0p1_trmiss80_trlocclin,16,5e-05,1,32,1,0.1,lr5e-05_bs16_modL1_fusion32_fusionL1_drop0p1_trmiss80_trlocclin,12,0.5273075277606646,0.6755912105242411,0.4676724137931034,0.6512580287019738,0.6444444444444445,0.0,0.0,0.0,0.0,2002,clin,0.8
4,4,lr5e-05_bs16_modL1_fusion32_fusionL1_drop0p1_trmiss80_trlocclin,16,5e-05,1,32,1,0.1,lr5e-05_bs16_modL1_fusion32_fusionL1_drop0p1_trmiss80_trlocclin,13,0.5312997003396353,0.6770900090535482,0.4655172413793104,0.6438859912345769,0.6222222222222222,0.0,0.0,0.0,0.0,2002,clin,0.8
4,4,lr5e-05_bs16_modL1_fusion32_fusionL1_drop0p1_trmiss80_trlocclin,16,5e-05,1,32,1,0.1,lr5e-05_bs16_modL1_fusion32_fusionL1_drop0p1_trmiss80_trlocclin,14,0.514824278652668,0.6801467140515646,0.4719827586206896,0.6519198841789697,0.5777777777777777,0.0,0.0,0.0,0.0,2002,clin,0.8
4,4,lr5e-05_bs16_modL1_fusion32_fusionL1_drop0p1_trmiss80_trlocclin,16,5e-05,1,32,1,0.1,lr5e-05_bs16_modL1_fusion32_fusionL1_drop0p1_trmiss80_trlocclin,15,0.5053911954164505,0.6808783411979675,0.4568965517241379,0.6449182404149238,0.5777777777777777,0.0,0.0,0.0,0.0,2002,clin,0.8
4,4,lr5e-05_bs16_modL1_fusion32_fusionL1_drop0p1_trmiss80_trlocclin,16,5e-05,1,32,1,0.1,lr5e-05_bs16_modL1_fusion32_fusionL1_drop0p1_trmiss80_trlocclin,16,0.5123399967948595,0.6770490407943726,0.4719827586206896,0.6673813102073403,0.5777777777777777,0.0,0.0,0.0,0.0,2002,clin,0.8
4,4,lr5e-05_bs16_modL1_fusion32_fusionL1_drop0p1_trmiss80_trlocclin,16,5e-05,1,32,1,0.1,lr5e-05_bs16_modL1_fusion32_fusionL1_drop0p1_trmiss80_trlocclin,17,0.5013334477941195,0.6813450853029887,0.45905172413793105,0.6505412183229773,0.5555555555555556,0.0,0.0,0.0,0.0,2002,clin,0.8
4,4,lr5e-05_bs16_modL1_fusion32_fusionL1_drop0p1_trmiss80_trlocclin,16,5e-05,1,32,1,0.1,lr5e-05_bs16_modL1_fusion32_fusionL1_drop0p1_trmiss80_trlocclin,18,0.5174363752206167,0.6795779466629028,0.47198275862068967,0.6573354994005383,0.5777777777777777,0.0,0.0,0.0,0.0,2002,clin,0.8
4,4,lr5e-05_bs16_modL1_fusion32_fusionL1_drop0p1_trmiss80_trlocclin,16,5e-05,1,32,1,0.1,lr5e-05_bs16_modL1_fusion32_fusionL1_drop0p1_trmiss80_trlocclin,19,0.5040288989742597,0.681776742140452,0.4719827586206897,0.6864889535754956,0.5555555555555556,0.0,0.0,0.0,0.0,2002,clin,0.8
4,4,lr5e-05_bs16_modL1_fusion32_fusionL1_drop0p1_trmiss80_trlocclin,16,5e-05,1,32,1,0.1,lr5e-05_bs16_modL1_fusion32_fusionL1_drop0p1_trmiss80_trlocclin,20,0.5127551878492037,0.6844544609387716,0.4568965517241379,0.6889715158497468,0.5333333333333333,0.0,0.0,0.0,0.0,2002,clin,0.8
4,4,lr5e-05_bs16_modL1_fusion32_fusionL1_drop0p1_trmiss80_trlocclin,16,5e-05,1,32,1,0.1,lr5e-05_bs16_modL1_fusion32_fusionL1_drop0p1_trmiss80_trlocclin,21,0.5211823532978693,0.6784279147783915,0.47198275862068967,0.6596446974805348,0.5777777777777777,0.0,0.0,0.0,0.0,2002,clin,0.8
4,4,lr5e-05_bs16_modL1_fusion64_fusionL1_drop0p2_trmiss80_trlocclin,16,5e-05,1,64,1,0.2,lr5e-05_bs16_modL1_fusion64_fusionL1_drop0p2_trmiss80_trlocclin,1,0.7692495634158453,0.7524632612864176,0.2478448275862069,0.531578580975092,0.3333333333333333,0.0,0.0,0.0,0.0,2002,clin,0.8
4,4,lr5e-05_bs16_modL1_fusion64_fusionL1_drop0p2_trmiss80_trlocclin,16,5e-05,1,64,1,0.2,lr5e-05_bs16_modL1_fusion64_fusionL1_drop0p2_trmiss80_trlocclin,2,0.7277326782544454,0.7828241984049479,0.26508620689655177,0.5556349695466506,0.35555555555555557,0.0,0.0,0.0,0.0,2002,clin,0.8
4,4,lr5e-05_bs16_modL1_fusion64_fusionL1_drop0p2_trmiss80_trlocclin,16,5e-05,1,64,1,0.2,lr5e-05_bs16_modL1_fusion64_fusionL1_drop0p2_trmiss80_trlocclin,3,0.7009616245826086,0.806690533955892,0.2823275862068965,0.5649361172361439,0.35555555555555557,0.0,0.0,0.0,0.0,2002,clin,0.8
4,4,lr5e-05_bs16_modL1_fusion64_fusionL1_drop0p2_trmiss80_trlocclin,16,5e-05,1,64,1,0.2,lr5e-05_bs16_modL1_fusion64_fusionL1_drop0p2_trmiss80_trlocclin,4,0.6939357370138168,0.8125438491503397,0.2931034482758621,0.5628174568926592,0.3333333333333333,0.0,0.0,0.0,0.0,2002,clin,0.8
4,4,lr5e-05_bs16_modL1_fusion64_fusionL1_drop0p2_trmiss80_trlocclin,16,5e-05,1,64,1,0.2,lr5e-05_bs16_modL1_fusion64_fusionL1_drop0p2_trmiss80_trlocclin,5,0.6623096267382304,0.8003740310668945,0.2823275862068966,0.5660938397153215,0.3333333333333333,0.0,0.0,0.0,0.0,2002,clin,0.8
4,4,lr5e-05_bs16_modL1_fusion64_fusionL1_drop0p2_trmiss80_trlocclin,16,5e-05,1,64,1,0.2,lr5e-05_bs16_modL1_fusion64_fusionL1_drop0p2_trmiss80_trlocclin,6,0.673134391506513,0.7846804261207581,0.3254310344827586,0.5908432993602746,0.3333333333333333,0.0,0.0,0.0,0.0,2002,clin,0.8
4,4,lr5e-05_bs16_modL1_fusion64_fusionL1_drop0p2_trmiss80_trlocclin,16,5e-05,1,64,1,0.2,lr5e-05_bs16_modL1_fusion64_fusionL1_drop0p2_trmiss80_trlocclin,7,0.6196388800938925,0.7967896660168966,0.31465517241379315,0.5635978821809645,0.35555555555555557,0.0,0.0,0.0,0.0,2002,clin,0.8
4,4,lr5e-05_bs16_modL1_fusion64_fusionL1_drop0p2_trmiss80_trlocclin,16,5e-05,1,64,1,0.2,lr5e-05_bs16_modL1_fusion64_fusionL1_drop0p2_trmiss80_trlocclin,8,0.611533577243487,0.7890471816062927,0.3146551724137931,0.5672094308313292,0.37777777777777777,0.0,0.0,0.0,0.0,2002,clin,0.8
4,4,lr5e-05_bs16_modL1_fusion64_fusionL1_drop0p2_trmiss80_trlocclin,16,5e-05,1,64,1,0.2,lr5e-05_bs16_modL1_fusion64_fusionL1_drop0p2_trmiss80_trlocclin,9,0.6365770349899927,0.7797600030899048,0.3232758620689655,0.5633614587450223,0.4,0.0,0.0,0.0,0.0,2002,clin,0.8
4,4,lr5e-05_bs16_modL1_fusion64_fusionL1_drop0p2_trmiss80_trlocclin,16,5e-05,1,64,1,0.2,lr5e-05_bs16_modL1_fusion64_fusionL1_drop0p2_trmiss80_trlocclin,10,0.6252400179704031,0.778432289759318,0.33836206896551724,0.5910303290968362,0.37777777777777777,0.0,0.0,0.0,0.0,2002,clin,0.8
4,4,lr5e-05_bs16_modL1_fusion64_fusionL1_drop0p2_trmiss80_trlocclin,16,5e-05,1,64,1,0.2,lr5e-05_bs16_modL1_fusion64_fusionL1_drop0p2_trmiss80_trlocclin,11,0.6314924657344818,0.7815660238265991,0.32974137931034486,0.5844055419831287,0.37777777777777777,0.0,0.0,0.0,0.0,2002,clin,0.8
4,4,lr5e-05_bs16_modL1_fusion64_fusionL1_drop0p2_trmiss80_trlocclin,16,5e-05,1,64,1,0.2,lr5e-05_bs16_modL1_fusion64_fusionL1_drop0p2_trmiss80_trlocclin,12,0.5890359679857889,0.7772645552953085,0.3211206896551724,0.5718887507364417,0.4222222222222222,0.0,0.0,0.0,0.0,2002,clin,0.8
4,4,lr5e-05_bs16_modL1_fusion64_fusionL1_drop0p2_trmiss80_trlocclin,16,5e-05,1,64,1,0.2,lr5e-05_bs16_modL1_fusion64_fusionL1_drop0p2_trmiss80_trlocclin,13,0.6272821972767512,0.7803637584050497,0.3469827586206897,0.5802360524918228,0.4,0.0,0.0,0.0,0.0,2002,clin,0.8
4,4,lr5e-05_bs16_modL1_fusion64_fusionL1_drop0p2_trmiss80_trlocclin,16,5e-05,1,64,1,0.2,lr5e-05_bs16_modL1_fusion64_fusionL1_drop0p2_trmiss80_trlocclin,14,0.5937759876251221,0.7862813671429952,0.3512931034482759,0.587817640901747,0.4444444444444444,0.0,0.0,0.0,0.0,2002,clin,0.8
4,4,lr5e-05_bs16_modL1_fusion64_fusionL1_drop0p2_trmiss80_trlocclin,16,5e-05,1,64,1,0.2,lr5e-05_bs16_modL1_fusion64_fusionL1_drop0p2_trmiss80_trlocclin,15,0.5989204744497935,0.7762181957562765,0.3642241379310345,0.5986824538306167,0.37777777777777777,0.0,0.0,0.0,0.0,2002,clin,0.8
4,4,lr5e-05_bs16_modL1_fusion64_fusionL1_drop0p2_trmiss80_trlocclin,16,5e-05,1,64,1,0.2,lr5e-05_bs16_modL1_fusion64_fusionL1_drop0p2_trmiss80_trlocclin,16,0.6252326319615046,0.7792006532351176,0.35775862068965514,0.5990260622562242,0.4444444444444444,0.0,0.0,0.0,0.0,2002,clin,0.8
4,4,lr5e-05_bs16_modL1_fusion64_fusionL1_drop0p2_trmiss80_trlocclin,16,5e-05,1,64,1,0.2,lr5e-05_bs16_modL1_fusion64_fusionL1_drop0p2_trmiss80_trlocclin,17,0.5845744162797928,0.7852058609326681,0.355603448275862,0.6083086800504831,0.37777777777777777,0.0,0.0,0.0,0.0,2002,clin,0.8
4,4,lr5e-05_bs16_modL1_fusion64_fusionL1_drop0p2_trmiss80_trlocclin,16,5e-05,1,64,1,0.2,lr5e-05_bs16_modL1_fusion64_fusionL1_drop0p2_trmiss80_trlocclin,18,0.602378194530805,0.7935636639595032,0.33836206896551724,0.5756815766847532,0.4444444444444444,0.0,0.0,0.0,0.0,2002,clin,0.8
4,4,lr5e-05_bs16_modL1_fusion64_fusionL1_drop0p2_trmiss80_trlocclin,16,5e-05,1,64,1,0.2,lr5e-05_bs16_modL1_fusion64_fusionL1_drop0p2_trmiss80_trlocclin,19,0.5557850624124209,0.794832726319631,0.33620689655172414,0.563759949639637,0.37777777777777777,0.0,0.0,0.0,0.0,2002,clin,0.8
4,4,lr5e-05_bs16_modL1_fusion64_fusionL1_drop0p2_trmiss80_trlocclin,16,5e-05,1,64,1,0.2,lr5e-05_bs16_modL1_fusion64_fusionL1_drop0p2_trmiss80_trlocclin,20,0.5952840348084768,0.7929676373799642,0.3405172413793104,0.5696317483142304,0.35555555555555557,0.0,0.0,0.0,0.0,2002,clin,0.8
4,4,lr5e-05_bs16_modL1_fusion64_fusionL1_drop0p2_trmiss80_trlocclin,16,5e-05,1,64,1,0.2,lr5e-05_bs16_modL1_fusion64_fusionL1_drop0p2_trmiss80_trlocclin,21,0.589714027941227,0.7830220858256022,0.3577586206896552,0.5820770032227035,0.35555555555555557,0.0,0.0,0.0,0.0,2002,clin,0.8
4,4,lr5e-05_bs16_modL1_fusion64_fusionL1_drop0p2_trmiss80_trlocclin,16,5e-05,1,64,1,0.2,lr5e-05_bs16_modL1_fusion64_fusionL1_drop0p2_trmiss80_trlocclin,22,0.5819623569647471,0.7837154070536295,0.3620689655172414,0.586677530225133,0.37777777777777777,0.0,0.0,0.0,0.0,2002,clin,0.8
4,4,lr5e-05_bs16_modL1_fusion64_fusionL1_drop0p2_trmiss80_trlocclin,16,5e-05,1,64,1,0.2,lr5e-05_bs16_modL1_fusion64_fusionL1_drop0p2_trmiss80_trlocclin,23,0.5764239778121313,0.7818096081415812,0.35560344827586204,0.5742912674048846,0.37777777777777777,0.0,0.0,0.0,0.0,2002,clin,0.8
4,4,lr5e-05_bs16_modL1_fusion64_fusionL1_drop0p2_trmiss80_trlocclin,16,5e-05,1,64,1,0.2,lr5e-05_bs16_modL1_fusion64_fusionL1_drop0p2_trmiss80_trlocclin,24,0.5738415916760763,0.7884154518445333,0.3275862068965517,0.5589139832709376,0.37777777777777777,0.0,0.0,0.0,0.0,2002,clin,0.8
4,4,lr5e-05_bs16_modL1_fusion64_fusionL1_drop0p2_trmiss80_trlocclin,16,5e-05,1,64,1,0.2,lr5e-05_bs16_modL1_fusion64_fusionL1_drop0p2_trmiss80_trlocclin,25,0.5837555229663849,0.7794955770174662,0.34698275862068967,0.5682141798470948,0.4,0.0,0.0,0.0,0.0,2002,clin,0.8
4,4,lr5e-05_bs16_modL1_fusion64_fusionL1_drop0p2_trmiss80_trlocclin,16,5e-05,1,64,1,0.2,lr5e-05_bs16_modL1_fusion64_fusionL1_drop0p2_trmiss80_trlocclin,26,0.5836203296979269,0.7853990197181702,0.3512931034482759,0.5765144007994456,0.4,0.0,0.0,0.0,0.0,2002,clin,0.8
4,4,lr5e-05_bs16_modL1_fusion64_fusionL1_drop0p2_trmiss80_trlocclin,16,5e-05,1,64,1,0.2,lr5e-05_bs16_modL1_fusion64_fusionL1_drop0p2_trmiss80_trlocclin,27,0.5823617428541183,0.783923884232839,0.3512931034482759,0.5829056937301726,0.37777777777777777,0.0,0.0,0.0,0.0,2002,clin,0.8
4,4,lr5e-05_bs16_modL1_fusion64_fusionL1_drop0p2_trmiss80_trlocclin,16,5e-05,1,64,1,0.2,lr5e-05_bs16_modL1_fusion64_fusionL1_drop0p2_trmiss80_trlocclin,28,0.5806124831239382,0.7821181813875834,0.353448275862069,0.579744412311713,0.37777777777777777,0.0,0.0,0.0,0.0,2002,clin,0.8
4,4,lr5e-05_bs16_modL1_fusion64_fusionL1_drop0p2_trmiss80_trlocclin,16,5e-05,1,64,1,0.2,lr5e-05_bs16_modL1_fusion64_fusionL1_drop0p2_trmiss80_trlocclin,29,0.5604039380947748,0.7903110583623251,0.3426724137931035,0.5647699658637424,0.35555555555555557,0.0,0.0,0.0,0.0,2002,clin,0.8
4,4,lr5e-05_bs16_modL1_fusion64_fusionL1_drop0p2_trmiss80_trlocclin,16,5e-05,1,64,1,0.2,lr5e-05_bs16_modL1_fusion64_fusionL1_drop0p2_trmiss80_trlocclin,30,0.5731589396794637,0.7830091714859009,0.35344827586206895,0.5724931499349057,0.37777777777777777,0.0,0.0,0.0,0.0,2002,clin,0.8
4,4,lr5e-05_bs16_modL1_fusion64_fusionL1_drop0p2_trmiss80_trlocclin,16,5e-05,1,64,1,0.2,lr5e-05_bs16_modL1_fusion64_fusionL1_drop0p2_trmiss80_trlocclin,31,0.5731624811887741,0.7810303966204325,0.34698275862068967,0.5669783184660427,0.37777777777777777,0.0,0.0,0.0,0.0,2002,clin,0.8
4,4,lr5e-05_bs16_modL1_fusion64_fusionL1_drop0p2_trmiss80_trlocclin,16,5e-05,1,64,1,0.2,lr5e-05_bs16_modL1_fusion64_fusionL1_drop0p2_trmiss80_trlocclin,32,0.5604674170414606,0.780779759089152,0.35344827586206895,0.5767171054120281,0.35555555555555557,0.0,0.0,0.0,0.0,2002,clin,0.8
4,4,lr5e-05_bs16_modL1_fusion64_fusionL1_drop0p2_trmiss80_trlocclin,16,5e-05,1,64,1,0.2,lr5e-05_bs16_modL1_fusion64_fusionL1_drop0p2_trmiss80_trlocclin,33,0.5470106899738312,0.7759840885798136,0.33620689655172414,0.5672441707213145,0.37777777777777777,0.0,0.0,0.0,0.0,2002,clin,0.8
4,4,lr5e-05_bs16_modL1_fusion64_fusionL1_drop0p2_trmiss80_trlocclin,16,5e-05,1,64,1,0.2,lr5e-05_bs16_modL1_fusion64_fusionL1_drop0p2_trmiss80_trlocclin,34,0.5775046994288763,0.7826125025749207,0.35129310344827586,0.5744970573622111,0.37777777777777777,0.0,0.0,0.0,0.0,2002,clin,0.8
4,4,lr5e-05_bs16_modL1_fusion64_fusionL1_drop0p2_trmiss80_trlocclin,16,5e-05,1,64,1,0.2,lr5e-05_bs16_modL1_fusion64_fusionL1_drop0p2_trmiss80_trlocclin,35,0.576267975072066,0.7800808350245158,0.34051724137931033,0.5639113951809345,0.35555555555555557,0.0,0.0,0.0,0.0,2002,clin,0.8
4,4,lr5e-05_bs16_modL1_fusion64_fusionL1_drop0p1_trmiss80_trlocclin,16,5e-05,1,64,1,0.1,lr5e-05_bs16_modL1_fusion64_fusionL1_drop0p1_trmiss80_trlocclin,1,0.7087894628445307,0.6873483856519064,0.40948275862068967,0.6459622338183907,0.5111111111111111,0.0,0.0,0.0,0.0,2002,clin,0.8
4,4,lr5e-05_bs16_modL1_fusion64_fusionL1_drop0p1_trmiss80_trlocclin,16,5e-05,1,64,1,0.1,lr5e-05_bs16_modL1_fusion64_fusionL1_drop0p1_trmiss80_trlocclin,2,0.6763771325349808,0.6962451736132304,0.4137931034482758,0.6347859178869821,0.5333333333333333,0.0,0.0,0.0,0.0,2002,clin,0.8
4,4,lr5e-05_bs16_modL1_fusion64_fusionL1_drop0p1_trmiss80_trlocclin,16,5e-05,1,64,1,0.1,lr5e-05_bs16_modL1_fusion64_fusionL1_drop0p1_trmiss80_trlocclin,3,0.6295016209284464,0.706605593363444,0.4224137931034483,0.6222883834323067,0.4888888888888889,0.0,0.0,0.0,0.0,2002,clin,0.8
4,4,lr5e-05_bs16_modL1_fusion64_fusionL1_drop0p1_trmiss80_trlocclin,16,5e-05,1,64,1,0.1,lr5e-05_bs16_modL1_fusion64_fusionL1_drop0p1_trmiss80_trlocclin,4,0.6077562421560287,0.6947605013847351,0.4418103448275862,0.6363656311463742,0.5111111111111111,0.0,0.0,0.0,0.0,2002,clin,0.8
4,4,lr5e-05_bs16_modL1_fusion64_fusionL1_drop0p1_trmiss80_trlocclin,16,5e-05,1,64,1,0.1,lr5e-05_bs16_modL1_fusion64_fusionL1_drop0p1_trmiss80_trlocclin,5,0.5975149422883987,0.6955708265304565,0.4396551724137931,0.6397462903527799,0.5111111111111111,0.0,0.0,0.0,0.0,2002,clin,0.8
4,4,lr5e-05_bs16_modL1_fusion64_fusionL1_drop0p1_trmiss80_trlocclin,16,5e-05,1,64,1,0.1,lr5e-05_bs16_modL1_fusion64_fusionL1_drop0p1_trmiss80_trlocclin,6,0.5841834296782812,0.6950064698855082,0.4827586206896552,0.669591081852287,0.5111111111111111,0.0,0.0,0.0,0.0,2002,clin,0.8
4,4,lr5e-05_bs16_modL1_fusion64_fusionL1_drop0p1_trmiss80_trlocclin,16,5e-05,1,64,1,0.1,lr5e-05_bs16_modL1_fusion64_fusionL1_drop0p1_trmiss80_trlocclin,7,0.5607069407900175,0.7016211152076721,0.46551724137931033,0.653151205360604,0.5111111111111111,0.0,0.0,0.0,0.0,2002,clin,0.8
4,4,lr5e-05_bs16_modL1_fusion64_fusionL1_drop0p1_trmiss80_trlocclin,16,5e-05,1,64,1,0.1,lr5e-05_bs16_modL1_fusion64_fusionL1_drop0p1_trmiss80_trlocclin,8,0.5591446682810783,0.7035083373387655,0.45905172413793105,0.6507491353975777,0.5111111111111111,0.0,0.0,0.0,0.0,2002,clin,0.8
4,4,lr5e-05_bs16_modL1_fusion64_fusionL1_drop0p1_trmiss80_trlocclin,16,5e-05,1,64,1,0.1,lr5e-05_bs16_modL1_fusion64_fusionL1_drop0p1_trmiss80_trlocclin,9,0.5447467093666395,0.7053000330924988,0.4482758620689655,0.6357844845823345,0.5111111111111111,0.0,0.0,0.0,0.0,2002,clin,0.8
4,4,lr5e-05_bs16_modL1_fusion64_fusionL1_drop0p1_trmiss80_trlocclin,16,5e-05,1,64,1,0.1,lr5e-05_bs16_modL1_fusion64_fusionL1_drop0p1_trmiss80_trlocclin,10,0.5275991236170133,0.6942973732948303,0.4525862068965517,0.6325384412900539,0.5111111111111111,0.0,0.0,0.0,0.0,2002,clin,0.8
4,4,lr5e-05_bs16_modL1_fusion64_fusionL1_drop0p1_trmiss80_trlocclin,16,5e-05,1,64,1,0.1,lr5e-05_bs16_modL1_fusion64_fusionL1_drop0p1_trmiss80_trlocclin,11,0.5384529903531075,0.7015945116678873,0.44612068965517243,0.6291621369105946,0.5111111111111111,0.0,0.0,0.0,0.0,2002,clin,0.8
4,4,lr5e-05_bs16_modL1_fusion64_fusionL1_drop0p1_trmiss80_trlocclin,16,5e-05,1,64,1,0.1,lr5e-05_bs16_modL1_fusion64_fusionL1_drop0p1_trmiss80_trlocclin,12,0.533823681374391,0.7044436931610107,0.44181034482758624,0.6258730883291495,0.5111111111111111,0.0,0.0,0.0,0.0,2002,clin,0.8
4,4,lr5e-05_bs16_modL1_fusion64_fusionL1_drop0p1_trmiss80_trlocclin,16,5e-05,1,64,1,0.1,lr5e-05_bs16_modL1_fusion64_fusionL1_drop0p1_trmiss80_trlocclin,13,0.5161643872658411,0.7093290090560913,0.4375,0.6220685138621429,0.5333333333333333,0.0,0.0,0.0,0.0,2002,clin,0.8
4,4,lr5e-05_bs16_modL1_fusion64_fusionL1_drop0p1_trmiss80_trlocclin,16,5e-05,1,64,1,0.1,lr5e-05_bs16_modL1_fusion64_fusionL1_drop0p1_trmiss80_trlocclin,14,0.5090143084526062,0.7020452817281088,0.45043103448275856,0.633884241624684,0.5111111111111111,0.0,0.0,0.0,0.0,2002,clin,0.8
4,4,lr5e-05_bs16_modL1_fusion64_fusionL1_drop0p1_trmiss80_trlocclin,16,5e-05,1,64,1,0.1,lr5e-05_bs16_modL1_fusion64_fusionL1_drop0p1_trmiss80_trlocclin,15,0.5005905106663704,0.7015615502993265,0.4504310344827586,0.6328947977804188,0.5555555555555556,0.0,0.0,0.0,0.0,2002,clin,0.8
4,4,lr5e-05_bs16_modL1_fusion64_fusionL1_drop0p1_trmiss80_trlocclin,16,5e-05,1,64,1,0.1,lr5e-05_bs16_modL1_fusion64_fusionL1_drop0p1_trmiss80_trlocclin,16,0.5044870798786482,0.7050715287526449,0.4375,0.6209402032332378,0.5333333333333333,0.0,0.0,0.0,0.0,2002,clin,0.8
4,4,lr5e-05_bs16_modL1_fusion64_fusionL1_drop0p1_trmiss80_trlocclin,16,5e-05,1,64,1,0.1,lr5e-05_bs16_modL1_fusion64_fusionL1_drop0p1_trmiss80_trlocclin,17,0.5021362826228142,0.7055228153864542,0.4245689655172414,0.6212377866774451,0.5333333333333333,0.0,0.0,0.0,0.0,2002,clin,0.8
4,4,lr5e-05_bs16_modL1_fusion64_fusionL1_drop0p1_trmiss80_trlocclin,16,5e-05,1,64,1,0.1,lr5e-05_bs16_modL1_fusion64_fusionL1_drop0p1_trmiss80_trlocclin,18,0.4806601206461589,0.7093305389086405,0.41810344827586204,0.6109782630779005,0.5333333333333333,0.0,0.0,0.0,0.0,2002,clin,0.8
4,4,lr5e-05_bs16_modL1_fusion64_fusionL1_drop0p1_trmiss80_trlocclin,16,5e-05,1,64,1,0.1,lr5e-05_bs16_modL1_fusion64_fusionL1_drop0p1_trmiss80_trlocclin,19,0.482629453142484,0.7174889246622721,0.41810344827586204,0.6110835542939751,0.5333333333333333,0.0,0.0,0.0,0.0,2002,clin,0.8
4,4,lr5e-05_bs16_modL1_fusion64_fusionL1_drop0p1_trmiss80_trlocclin,16,5e-05,1,64,1,0.1,lr5e-05_bs16_modL1_fusion64_fusionL1_drop0p1_trmiss80_trlocclin,20,0.49033671120802563,0.7136013309160868,0.4202586206896552,0.616727957643078,0.5333333333333333,0.0,0.0,0.0,0.0,2002,clin,0.8
4,4,lr5e-05_bs16_modL1_fusion64_fusionL1_drop0p1_trmiss80_trlocclin,16,5e-05,1,64,1,0.1,lr5e-05_bs16_modL1_fusion64_fusionL1_drop0p1_trmiss80_trlocclin,21,0.492770994702975,0.7108832995096842,0.4396551724137931,0.621206975692281,0.5333333333333333,0.0,0.0,0.0,0.0,2002,clin,0.8
4,4,lr5e-05_bs16_modL1_fusion64_fusionL1_drop0p1_trmiss80_trlocclin,16,5e-05,1,64,1,0.1,lr5e-05_bs16_modL1_fusion64_fusionL1_drop0p1_trmiss80_trlocclin,22,0.4944198603431384,0.7187833388646444,0.4224137931034483,0.611589985355047,0.5555555555555556,0.0,0.0,0.0,0.0,2002,clin,0.8
4,4,lr5e-05_bs16_modL1_fusion64_fusionL1_drop0p1_trmiss80_trlocclin,16,5e-05,1,64,1,0.1,lr5e-05_bs16_modL1_fusion64_fusionL1_drop0p1_trmiss80_trlocclin,23,0.47633541623751324,0.7098421851793925,0.43750000000000006,0.6274433533882583,0.5333333333333333,0.0,0.0,0.0,0.0,2002,clin,0.8
4,4,lr5e-05_bs16_modL1_fusion64_fusionL1_drop0p1_trmiss80_trlocclin,16,5e-05,1,64,1,0.1,lr5e-05_bs16_modL1_fusion64_fusionL1_drop0p1_trmiss80_trlocclin,24,0.4920856828490893,0.7126376827557882,0.4396551724137931,0.6287493530494921,0.5111111111111111,0.0,0.0,0.0,0.0,2002,clin,0.8
4,4,lr5e-05_bs16_modL1_fusion64_fusionL1_drop0p1_trmiss80_trlocclin,16,5e-05,1,64,1,0.1,lr5e-05_bs16_modL1_fusion64_fusionL1_drop0p1_trmiss80_trlocclin,25,0.4842559074362119,0.7114062309265137,0.4482758620689655,0.630036255752966,0.5333333333333333,0.0,0.0,0.0,0.0,2002,clin,0.8
4,4,lr5e-05_bs16_modL1_fusion64_fusionL1_drop0p1_trmiss80_trlocclin,16,5e-05,1,64,1,0.1,lr5e-05_bs16_modL1_fusion64_fusionL1_drop0p1_trmiss80_trlocclin,26,0.48366251091162366,0.7169331312179565,0.4396551724137931,0.6333246830646843,0.5333333333333333,0.0,0.0,0.0,0.0,2002,clin,0.8
4,4,lr1e-04_bs16_modL1_fusion32_fusionL1_drop0p2_trmiss80_trlocclin,16,0.0001,1,32,1,0.2,lr1e-04_bs16_modL1_fusion32_fusionL1_drop0p2_trmiss80_trlocclin,1,0.6758286009232203,0.6621448198954264,0.6228448275862069,0.7412467673282896,0.6444444444444445,0.0,0.0,0.0,0.0,2002,clin,0.8
4,4,lr1e-04_bs16_modL1_fusion32_fusionL1_drop0p2_trmiss80_trlocclin,16,0.0001,1,32,1,0.2,lr1e-04_bs16_modL1_fusion32_fusionL1_drop0p2_trmiss80_trlocclin,2,0.6372019797563553,0.6464806199073792,0.6400862068965518,0.7701039425090385,0.6666666666666666,0.0,0.0,0.0,0.0,2002,clin,0.8
4,4,lr1e-04_bs16_modL1_fusion32_fusionL1_drop0p2_trmiss80_trlocclin,16,0.0001,1,32,1,0.2,lr1e-04_bs16_modL1_fusion32_fusionL1_drop0p2_trmiss80_trlocclin,3,0.6139507293701172,0.6487305363019308,0.6185344827586207,0.7600613058286263,0.6666666666666666,0.0,0.0,0.0,0.0,2002,clin,0.8
4,4,lr1e-04_bs16_modL1_fusion32_fusionL1_drop0p2_trmiss80_trlocclin,16,0.0001,1,32,1,0.2,lr1e-04_bs16_modL1_fusion32_fusionL1_drop0p2_trmiss80_trlocclin,4,0.5884362906217575,0.6542198061943054,0.5905172413793103,0.7326344597561628,0.6444444444444445,0.0,0.0,0.0,0.0,2002,clin,0.8
4,4,lr1e-04_bs16_modL1_fusion32_fusionL1_drop0p2_trmiss80_trlocclin,16,0.0001,1,32,1,0.2,lr1e-04_bs16_modL1_fusion32_fusionL1_drop0p2_trmiss80_trlocclin,5,0.5731106301148733,0.6510881185531616,0.5775862068965517,0.7262491536548762,0.6444444444444445,0.0,0.0,0.0,0.0,2002,clin,0.8
4,4,lr1e-04_bs16_modL1_fusion32_fusionL1_drop0p2_trmiss80_trlocclin,16,0.0001,1,32,1,0.2,lr1e-04_bs16_modL1_fusion32_fusionL1_drop0p2_trmiss80_trlocclin,6,0.5653653343518575,0.653458813826243,0.5991379310344827,0.7499644279432717,0.6444444444444445,0.0,0.0,0.0,0.0,2002,clin,0.8
4,4,lr1e-04_bs16_modL1_fusion32_fusionL1_drop0p2_trmiss80_trlocclin,16,0.0001,1,32,1,0.2,lr1e-04_bs16_modL1_fusion32_fusionL1_drop0p2_trmiss80_trlocclin,7,0.5653444354732832,0.654299259185791,0.6120689655172413,0.736653302659963,0.6222222222222222,0.0,0.0,0.0,0.0,2002,clin,0.8
4,4,lr1e-04_bs16_modL1_fusion32_fusionL1_drop0p2_trmiss80_trlocclin,16,0.0001,1,32,1,0.2,lr1e-04_bs16_modL1_fusion32_fusionL1_drop0p2_trmiss80_trlocclin,8,0.5649314771095911,0.6546505689620972,0.5948275862068965,0.7260526781765264,0.6222222222222222,0.0,0.0,0.0,0.0,2002,clin,0.8
4,4,lr1e-04_bs16_modL1_fusion32_fusionL1_drop0p2_trmiss80_trlocclin,16,0.0001,1,32,1,0.2,lr1e-04_bs16_modL1_fusion32_fusionL1_drop0p2_trmiss80_trlocclin,9,0.5144120355447134,0.6522813240687052,0.6120689655172413,0.7383337389294408,0.6444444444444445,0.0,0.0,0.0,0.0,2002,clin,0.8
4,4,lr1e-04_bs16_modL1_fusion32_fusionL1_drop0p2_trmiss80_trlocclin,16,0.0001,1,32,1,0.2,lr1e-04_bs16_modL1_fusion32_fusionL1_drop0p2_trmiss80_trlocclin,10,0.5196589802702268,0.6509069204330444,0.6293103448275862,0.741777289749668,0.6444444444444445,0.0,0.0,0.0,0.0,2002,clin,0.8
4,4,lr1e-04_bs16_modL1_fusion32_fusionL1_drop0p2_trmiss80_trlocclin,16,0.0001,1,32,1,0.2,lr1e-04_bs16_modL1_fusion32_fusionL1_drop0p2_trmiss80_trlocclin,11,0.5202126105626425,0.6525380810101827,0.6271551724137931,0.7396803656222798,0.6444444444444445,0.0,0.0,0.0,0.0,2002,clin,0.8
4,4,lr1e-04_bs16_modL1_fusion32_fusionL1_drop0p2_trmiss80_trlocclin,16,0.0001,1,32,1,0.2,lr1e-04_bs16_modL1_fusion32_fusionL1_drop0p2_trmiss80_trlocclin,12,0.5103877534468969,0.6537576119105021,0.6271551724137931,0.7541580831433397,0.6222222222222222,0.0,0.0,0.0,0.0,2002,clin,0.8
4,4,lr1e-04_bs16_modL1_fusion32_fusionL1_drop0p2_trmiss80_trlocclin,16,0.0001,1,32,1,0.2,lr1e-04_bs16_modL1_fusion32_fusionL1_drop0p2_trmiss80_trlocclin,13,0.5095787843068441,0.6531222462654114,0.6099137931034483,0.7551681666761688,0.6,0.0,0.0,0.0,0.0,2002,clin,0.8
4,4,lr1e-04_bs16_modL1_fusion32_fusionL1_drop0p2_trmiss80_trlocclin,16,0.0001,1,32,1,0.2,lr1e-04_bs16_modL1_fusion32_fusionL1_drop0p2_trmiss80_trlocclin,14,0.49361927558978397,0.651293933391571,0.6293103448275862,0.7636622102888346,0.6444444444444445,0.0,0.0,0.0,0.0,2002,clin,0.8
4,4,lr1e-04_bs16_modL1_fusion32_fusionL1_drop0p2_trmiss80_trlocclin,16,0.0001,1,32,1,0.2,lr1e-04_bs16_modL1_fusion32_fusionL1_drop0p2_trmiss80_trlocclin,15,0.4939981872836749,0.6474200884501139,0.6271551724137931,0.7620535525434039,0.6444444444444445,0.0,0.0,0.0,0.0,2002,clin,0.8
4,4,lr1e-04_bs16_modL1_fusion32_fusionL1_drop0p2_trmiss80_trlocclin,16,0.0001,1,32,1,0.2,lr1e-04_bs16_modL1_fusion32_fusionL1_drop0p2_trmiss80_trlocclin,16,0.5242009436090788,0.6482045451800028,0.627155172413793,0.7624948513789457,0.6666666666666666,0.0,0.0,0.0,0.0,2002,clin,0.8
4,4,lr1e-04_bs16_modL1_fusion32_fusionL1_drop0p2_trmiss80_trlocclin,16,0.0001,1,32,1,0.2,lr1e-04_bs16_modL1_fusion32_fusionL1_drop0p2_trmiss80_trlocclin,17,0.5017605274915695,0.656844695409139,0.6056034482758621,0.7425107962659153,0.6444444444444445,0.0,0.0,0.0,0.0,2002,clin,0.8
4,4,lr1e-04_bs16_modL1_fusion32_fusionL1_drop0p2_trmiss80_trlocclin,16,0.0001,1,32,1,0.2,lr1e-04_bs16_modL1_fusion32_fusionL1_drop0p2_trmiss80_trlocclin,18,0.47516358147064847,0.6500155528386434,0.627155172413793,0.7650152572470075,0.6444444444444445,0.0,0.0,0.0,0.0,2002,clin,0.8
4,4,lr1e-04_bs16_modL1_fusion32_fusionL1_drop0p2_trmiss80_trlocclin,16,0.0001,1,32,1,0.2,lr1e-04_bs16_modL1_fusion32_fusionL1_drop0p2_trmiss80_trlocclin,19,0.4542049045364062,0.6540727814038595,0.603448275862069,0.7483376524496043,0.6666666666666666,0.0,0.0,0.0,0.0,2002,clin,0.8
4,4,lr1e-04_bs16_modL1_fusion32_fusionL1_drop0p2_trmiss80_trlocclin,16,0.0001,1,32,1,0.2,lr1e-04_bs16_modL1_fusion32_fusionL1_drop0p2_trmiss80_trlocclin,20,0.4682815968990326,0.6582544843355814,0.6012931034482759,0.7483378649424256,0.6666666666666666,0.0,0.0,0.0,0.0,2002,clin,0.8
4,4,lr1e-04_bs16_modL1_fusion32_fusionL1_drop0p2_trmiss80_trlocclin,16,0.0001,1,32,1,0.2,lr1e-04_bs16_modL1_fusion32_fusionL1_drop0p2_trmiss80_trlocclin,21,0.47135655333598453,0.6630183657010397,0.5797413793103449,0.7352276176213915,0.6222222222222222,0.0,0.0,0.0,0.0,2002,clin,0.8
4,4,lr1e-04_bs16_modL1_fusion32_fusionL1_drop0p2_trmiss80_trlocclin,16,0.0001,1,32,1,0.2,lr1e-04_bs16_modL1_fusion32_fusionL1_drop0p2_trmiss80_trlocclin,22,0.4534292668104172,0.6610714594523112,0.5883620689655172,0.7401250113640123,0.6666666666666666,0.0,0.0,0.0,0.0,2002,clin,0.8
4,4,lr1e-04_bs16_modL1_fusion32_fusionL1_drop0p1_trmiss80_trlocclin,16,0.0001,1,32,1,0.1,lr1e-04_bs16_modL1_fusion32_fusionL1_drop0p1_trmiss80_trlocclin,1,0.72562209268411,0.7226557930310568,0.47198275862068967,0.6553977875955592,0.4444444444444444,0.0,0.0,0.0,0.0,2002,clin,0.8
4,4,lr1e-04_bs16_modL1_fusion32_fusionL1_drop0p1_trmiss80_trlocclin,16,0.0001,1,32,1,0.1,lr1e-04_bs16_modL1_fusion32_fusionL1_drop0p1_trmiss80_trlocclin,2,0.6866142253081003,0.7474255164464315,0.4267241379310345,0.6236452680875025,0.4,0.0,0.0,0.0,0.0,2002,clin,0.8
4,4,lr1e-04_bs16_modL1_fusion32_fusionL1_drop0p1_trmiss80_trlocclin,16,0.0001,1,32,1,0.1,lr1e-04_bs16_modL1_fusion32_fusionL1_drop0p1_trmiss80_trlocclin,3,0.6634464512268702,0.7590006589889526,0.4181034482758621,0.6121838312884857,0.37777777777777777,0.0,0.0,0.0,0.0,2002,clin,0.8
4,4,lr1e-04_bs16_modL1_fusion32_fusionL1_drop0p1_trmiss80_trlocclin,16,0.0001,1,32,1,0.1,lr1e-04_bs16_modL1_fusion32_fusionL1_drop0p1_trmiss80_trlocclin,4,0.6415351976950964,0.7744629979133606,0.4051724137931035,0.6111656951375075,0.35555555555555557,0.0,0.0,0.0,0.0,2002,clin,0.8
4,4,lr1e-04_bs16_modL1_fusion32_fusionL1_drop0p1_trmiss80_trlocclin,16,0.0001,1,32,1,0.1,lr1e-04_bs16_modL1_fusion32_fusionL1_drop0p1_trmiss80_trlocclin,5,0.6031812727451324,0.7756980458895365,0.3599137931034483,0.6075016998818021,0.4,0.0,0.0,0.0,0.0,2002,clin,0.8
4,4,lr1e-04_bs16_modL1_fusion32_fusionL1_drop0p1_trmiss80_trlocclin,16,0.0001,1,32,1,0.1,lr1e-04_bs16_modL1_fusion32_fusionL1_drop0p1_trmiss80_trlocclin,6,0.5957852900028229,0.7775012254714966,0.3663793103448276,0.5908999309015107,0.37777777777777777,0.0,0.0,0.0,0.0,2002,clin,0.8
4,4,lr1e-04_bs16_modL1_fusion32_fusionL1_drop0p1_trmiss80_trlocclin,16,0.0001,1,32,1,0.1,lr1e-04_bs16_modL1_fusion32_fusionL1_drop0p1_trmiss80_trlocclin,7,0.5967732667922974,0.7763232588768005,0.41379310344827586,0.6072549730858495,0.4,0.0,0.0,0.0,0.0,2002,clin,0.8
4,4,lr1e-04_bs16_modL1_fusion32_fusionL1_drop0p1_trmiss80_trlocclin,16,0.0001,1,32,1,0.1,lr1e-04_bs16_modL1_fusion32_fusionL1_drop0p1_trmiss80_trlocclin,8,0.5553629423181216,0.7708880106608073,0.41379310344827586,0.618536159874693,0.37777777777777777,0.0,0.0,0.0,0.0,2002,clin,0.8
4,4,lr1e-04_bs16_modL1_fusion32_fusionL1_drop0p1_trmiss80_trlocclin,16,0.0001,1,32,1,0.1,lr1e-04_bs16_modL1_fusion32_fusionL1_drop0p1_trmiss80_trlocclin,9,0.5397411237160364,0.7739296754201254,0.3879310344827586,0.6119875747270269,0.37777777777777777,0.0,0.0,0.0,0.0,2002,clin,0.8
4,4,lr1e-04_bs16_modL1_fusion32_fusionL1_drop0p1_trmiss80_trlocclin,16,0.0001,1,32,1,0.1,lr1e-04_bs16_modL1_fusion32_fusionL1_drop0p1_trmiss80_trlocclin,10,0.5325256685415903,0.7731248140335083,0.3922413793103448,0.5959173945194883,0.37777777777777777,0.0,0.0,0.0,0.0,2002,clin,0.8
4,4,lr1e-04_bs16_modL1_fusion32_fusionL1_drop0p1_trmiss80_trlocclin,16,0.0001,1,32,1,0.1,lr1e-04_bs16_modL1_fusion32_fusionL1_drop0p1_trmiss80_trlocclin,11,0.5397476181387901,0.7693025271097819,0.42241379310344823,0.6103138231368825,0.37777777777777777,0.0,0.0,0.0,0.0,2002,clin,0.8
4,4,lr1e-04_bs16_modL1_fusion32_fusionL1_drop0p1_trmiss80_trlocclin,16,0.0001,1,32,1,0.1,lr1e-04_bs16_modL1_fusion32_fusionL1_drop0p1_trmiss80_trlocclin,12,0.5239695285757383,0.7710792422294617,0.42456896551724144,0.6041846984930936,0.37777777777777777,0.0,0.0,0.0,0.0,2002,clin,0.8
4,4,lr1e-04_bs16_modL1_fusion32_fusionL1_drop0p1_trmiss80_trlocclin,16,0.0001,1,32,1,0.1,lr1e-04_bs16_modL1_fusion32_fusionL1_drop0p1_trmiss80_trlocclin,13,0.508001297712326,0.764662524064382,0.40948275862068967,0.5910136730652844,0.35555555555555557,0.0,0.0,0.0,0.0,2002,clin,0.8
4,4,lr1e-04_bs16_modL1_fusion32_fusionL1_drop0p1_trmiss80_trlocclin,16,0.0001,1,32,1,0.1,lr1e-04_bs16_modL1_fusion32_fusionL1_drop0p1_trmiss80_trlocclin,14,0.5032477776209513,0.7890207171440125,0.39870689655172414,0.5866894377442844,0.37777777777777777,0.0,0.0,0.0,0.0,2002,clin,0.8
4,4,lr1e-04_bs16_modL1_fusion32_fusionL1_drop0p1_trmiss80_trlocclin,16,0.0001,1,32,1,0.1,lr1e-04_bs16_modL1_fusion32_fusionL1_drop0p1_trmiss80_trlocclin,15,0.4946470682819684,0.7844951152801514,0.3793103448275862,0.58042524028679,0.37777777777777777,0.0,0.0,0.0,0.0,2002,clin,0.8
4,4,lr1e-04_bs16_modL1_fusion32_fusionL1_drop0p1_trmiss80_trlocclin,16,0.0001,1,32,1,0.1,lr1e-04_bs16_modL1_fusion32_fusionL1_drop0p1_trmiss80_trlocclin,16,0.4894965663552284,0.7850470145543417,0.3814655172413793,0.5832603702408379,0.35555555555555557,0.0,0.0,0.0,0.0,2002,clin,0.8
4,4,lr1e-04_bs16_modL1_fusion32_fusionL1_drop0p1_trmiss80_trlocclin,16,0.0001,1,32,1,0.1,lr1e-04_bs16_modL1_fusion32_fusionL1_drop0p1_trmiss80_trlocclin,17,0.49216264486312866,0.7723833719889323,0.39870689655172414,0.607849641686093,0.3333333333333333,0.0,0.0,0.0,0.0,2002,clin,0.8
4,4,lr1e-04_bs16_modL1_fusion32_fusionL1_drop0p1_trmiss80_trlocclin,16,0.0001,1,32,1,0.1,lr1e-04_bs16_modL1_fusion32_fusionL1_drop0p1_trmiss80_trlocclin,18,0.5110693325599035,0.7874444921811422,0.40086206896551724,0.5972374679580137,0.4,0.0,0.0,0.0,0.0,2002,clin,0.8
4,4,lr1e-04_bs16_modL1_fusion32_fusionL1_drop0p1_trmiss80_trlocclin,16,0.0001,1,32,1,0.1,lr1e-04_bs16_modL1_fusion32_fusionL1_drop0p1_trmiss80_trlocclin,19,0.475075031320254,0.7667065858840942,0.41163793103448276,0.6208345276035261,0.35555555555555557,0.0,0.0,0.0,0.0,2002,clin,0.8
4,4,lr1e-04_bs16_modL1_fusion32_fusionL1_drop0p1_trmiss80_trlocclin,16,0.0001,1,32,1,0.1,lr1e-04_bs16_modL1_fusion32_fusionL1_drop0p1_trmiss80_trlocclin,20,0.4778287137548129,0.7677326997121176,0.40948275862068967,0.620742989536637,0.37777777777777777,0.0,0.0,0.0,0.0,2002,clin,0.8
4,4,lr1e-04_bs16_modL1_fusion32_fusionL1_drop0p1_trmiss80_trlocclin,16,0.0001,1,32,1,0.1,lr1e-04_bs16_modL1_fusion32_fusionL1_drop0p1_trmiss80_trlocclin,21,0.5009715333580971,0.7701063752174377,0.3943965517241379,0.5940335959758751,0.35555555555555557,0.0,0.0,0.0,0.0,2002,clin,0.8
4,4,lr1e-04_bs16_modL1_fusion64_fusionL1_drop0p2_trmiss80_trlocclin,16,0.0001,1,64,1,0.2,lr1e-04_bs16_modL1_fusion64_fusionL1_drop0p2_trmiss80_trlocclin,1,0.6940764784812927,0.7117160360018412,0.4267241379310345,0.6089239200743729,0.4888888888888889,0.0,0.0,0.0,0.0,2002,clin,0.8
4,4,lr1e-04_bs16_modL1_fusion64_fusionL1_drop0p2_trmiss80_trlocclin,16,0.0001,1,64,1,0.2,lr1e-04_bs16_modL1_fusion64_fusionL1_drop0p2_trmiss80_trlocclin,2,0.6309622973203659,0.7307260632514954,0.4073275862068966,0.5916170987141303,0.4666666666666667,0.0,0.0,0.0,0.0,2002,clin,0.8
4,4,lr1e-04_bs16_modL1_fusion64_fusionL1_drop0p2_trmiss80_trlocclin,16,0.0001,1,64,1,0.2,lr1e-04_bs16_modL1_fusion64_fusionL1_drop0p2_trmiss80_trlocclin,3,0.6305958181619644,0.7501293420791626,0.3599137931034483,0.5548678007865543,0.4,0.0,0.0,0.0,0.0,2002,clin,0.8
4,4,lr1e-04_bs16_modL1_fusion64_fusionL1_drop0p2_trmiss80_trlocclin,16,0.0001,1,64,1,0.2,lr1e-04_bs16_modL1_fusion64_fusionL1_drop0p2_trmiss80_trlocclin,4,0.5805839747190475,0.7507554690043131,0.3771551724137931,0.5640320583009171,0.4222222222222222,0.0,0.0,0.0,0.0,2002,clin,0.8
4,4,lr1e-04_bs16_modL1_fusion64_fusionL1_drop0p2_trmiss80_trlocclin,16,0.0001,1,64,1,0.2,lr1e-04_bs16_modL1_fusion64_fusionL1_drop0p2_trmiss80_trlocclin,5,0.6047240296999613,0.7519960999488831,0.37284482758620685,0.5743163703853965,0.4222222222222222,0.0,0.0,0.0,0.0,2002,clin,0.8
4,4,lr1e-04_bs16_modL1_fusion64_fusionL1_drop0p2_trmiss80_trlocclin,16,0.0001,1,64,1,0.2,lr1e-04_bs16_modL1_fusion64_fusionL1_drop0p2_trmiss80_trlocclin,6,0.5501767471432686,0.7479809323946635,0.375,0.576816793453183,0.4222222222222222,0.0,0.0,0.0,0.0,2002,clin,0.8
4,4,lr1e-04_bs16_modL1_fusion64_fusionL1_drop0p2_trmiss80_trlocclin,16,0.0001,1,64,1,0.2,lr1e-04_bs16_modL1_fusion64_fusionL1_drop0p2_trmiss80_trlocclin,7,0.5481344511111578,0.7589477101961771,0.36853448275862066,0.5914581491570994,0.4222222222222222,0.0,0.0,0.0,0.0,2002,clin,0.8
4,4,lr1e-04_bs16_modL1_fusion64_fusionL1_drop0p2_trmiss80_trlocclin,16,0.0001,1,64,1,0.2,lr1e-04_bs16_modL1_fusion64_fusionL1_drop0p2_trmiss80_trlocclin,8,0.520311084886392,0.7615657846132914,0.35560344827586204,0.5883901346573008,0.4444444444444444,0.0,0.0,0.0,0.0,2002,clin,0.8
4,4,lr1e-04_bs16_modL1_fusion64_fusionL1_drop0p2_trmiss80_trlocclin,16,0.0001,1,64,1,0.2,lr1e-04_bs16_modL1_fusion64_fusionL1_drop0p2_trmiss80_trlocclin,9,0.5306941817204157,0.7636651992797852,0.34913793103448276,0.5736108925167394,0.4666666666666667,0.0,0.0,0.0,0.0,2002,clin,0.8
4,4,lr1e-04_bs16_modL1_fusion64_fusionL1_drop0p2_trmiss80_trlocclin,16,0.0001,1,64,1,0.2,lr1e-04_bs16_modL1_fusion64_fusionL1_drop0p2_trmiss80_trlocclin,10,0.5329275876283646,0.7628854513168335,0.353448275862069,0.5799251214476011,0.4444444444444444,0.0,0.0,0.0,0.0,2002,clin,0.8
4,4,lr1e-04_bs16_modL1_fusion64_fusionL1_drop0p2_trmiss80_trlocclin,16,0.0001,1,64,1,0.2,lr1e-04_bs16_modL1_fusion64_fusionL1_drop0p2_trmiss80_trlocclin,11,0.4963885173201561,0.7606532176335653,0.3620689655172414,0.5796207724938457,0.4222222222222222,0.0,0.0,0.0,0.0,2002,clin,0.8
4,4,lr1e-04_bs16_modL1_fusion64_fusionL1_drop0p2_trmiss80_trlocclin,16,0.0001,1,64,1,0.2,lr1e-04_bs16_modL1_fusion64_fusionL1_drop0p2_trmiss80_trlocclin,12,0.4984412839015325,0.7643550038337708,0.33836206896551724,0.5672250968210358,0.4222222222222222,0.0,0.0,0.0,0.0,2002,clin,0.8
4,4,lr1e-04_bs16_modL1_fusion64_fusionL1_drop0p2_trmiss80_trlocclin,16,0.0001,1,64,1,0.2,lr1e-04_bs16_modL1_fusion64_fusionL1_drop0p2_trmiss80_trlocclin,13,0.49121534327665967,0.7638281186421713,0.33620689655172414,0.5688965915741407,0.4444444444444444,0.0,0.0,0.0,0.0,2002,clin,0.8
4,4,lr1e-04_bs16_modL1_fusion64_fusionL1_drop0p2_trmiss80_trlocclin,16,0.0001,1,64,1,0.2,lr1e-04_bs16_modL1_fusion64_fusionL1_drop0p2_trmiss80_trlocclin,14,0.5017157892386118,0.7622695167859396,0.3448275862068966,0.5753398141183987,0.4444444444444444,0.0,0.0,0.0,0.0,2002,clin,0.8
4,4,lr1e-04_bs16_modL1_fusion64_fusionL1_drop0p2_trmiss80_trlocclin,16,0.0001,1,64,1,0.2,lr1e-04_bs16_modL1_fusion64_fusionL1_drop0p2_trmiss80_trlocclin,15,0.48173559208710987,0.7646345098813375,0.3405172413793104,0.5695974679468864,0.4666666666666667,0.0,0.0,0.0,0.0,2002,clin,0.8
4,4,lr1e-04_bs16_modL1_fusion64_fusionL1_drop0p2_trmiss80_trlocclin,16,0.0001,1,64,1,0.2,lr1e-04_bs16_modL1_fusion64_fusionL1_drop0p2_trmiss80_trlocclin,16,0.471829225619634,0.7714210152626038,0.34051724137931033,0.5639474469058766,0.4,0.0,0.0,0.0,0.0,2002,clin,0.8
4,4,lr1e-04_bs16_modL1_fusion64_fusionL1_drop0p2_trmiss80_trlocclin,16,0.0001,1,64,1,0.2,lr1e-04_bs16_modL1_fusion64_fusionL1_drop0p2_trmiss80_trlocclin,17,0.48101722200711566,0.7739223837852478,0.3426724137931034,0.5647896480523373,0.4222222222222222,0.0,0.0,0.0,0.0,2002,clin,0.8
4,4,lr1e-04_bs16_modL1_fusion64_fusionL1_drop0p2_trmiss80_trlocclin,16,0.0001,1,64,1,0.2,lr1e-04_bs16_modL1_fusion64_fusionL1_drop0p2_trmiss80_trlocclin,18,0.4868980621298154,0.775694747765859,0.3426724137931034,0.5656242674252707,0.4444444444444444,0.0,0.0,0.0,0.0,2002,clin,0.8
4,4,lr1e-04_bs16_modL1_fusion64_fusionL1_drop0p2_trmiss80_trlocclin,16,0.0001,1,64,1,0.2,lr1e-04_bs16_modL1_fusion64_fusionL1_drop0p2_trmiss80_trlocclin,19,0.4687598372499148,0.7788209517796835,0.35344827586206895,0.5677903624094092,0.4,0.0,0.0,0.0,0.0,2002,clin,0.8
4,4,lr1e-04_bs16_modL1_fusion64_fusionL1_drop0p2_trmiss80_trlocclin,16,0.0001,1,64,1,0.2,lr1e-04_bs16_modL1_fusion64_fusionL1_drop0p2_trmiss80_trlocclin,20,0.4569878354668617,0.7727121313412985,0.34051724137931033,0.5617742816610355,0.4444444444444444,0.0,0.0,0.0,0.0,2002,clin,0.8
4,4,lr1e-04_bs16_modL1_fusion64_fusionL1_drop0p2_trmiss80_trlocclin,16,0.0001,1,64,1,0.2,lr1e-04_bs16_modL1_fusion64_fusionL1_drop0p2_trmiss80_trlocclin,21,0.45619011918703717,0.7713903188705444,0.33405172413793105,0.5587163602853376,0.4444444444444444,0.0,0.0,0.0,0.0,2002,clin,0.8
4,4,lr1e-04_bs16_modL1_fusion64_fusionL1_drop0p1_trmiss80_trlocclin,16,0.0001,1,64,1,0.1,lr1e-04_bs16_modL1_fusion64_fusionL1_drop0p1_trmiss80_trlocclin,1,0.7387477358182272,0.711136003335317,0.5431034482758621,0.7545314804332022,0.4666666666666667,0.0,0.0,0.0,0.0,2002,clin,0.8
4,4,lr1e-04_bs16_modL1_fusion64_fusionL1_drop0p1_trmiss80_trlocclin,16,0.0001,1,64,1,0.1,lr1e-04_bs16_modL1_fusion64_fusionL1_drop0p1_trmiss80_trlocclin,2,0.6982751290003458,0.7284369468688965,0.5129310344827587,0.7254631251274084,0.5111111111111111,0.0,0.0,0.0,0.0,2002,clin,0.8
4,4,lr1e-04_bs16_modL1_fusion64_fusionL1_drop0p1_trmiss80_trlocclin,16,0.0001,1,64,1,0.1,lr1e-04_bs16_modL1_fusion64_fusionL1_drop0p1_trmiss80_trlocclin,3,0.6475138813257217,0.7425803144772848,0.4978448275862069,0.7088216706859037,0.5333333333333333,0.0,0.0,0.0,0.0,2002,clin,0.8
4,4,lr1e-04_bs16_modL1_fusion64_fusionL1_drop0p1_trmiss80_trlocclin,16,0.0001,1,64,1,0.1,lr1e-04_bs16_modL1_fusion64_fusionL1_drop0p1_trmiss80_trlocclin,4,0.6443099280198415,0.7467948794364929,0.4849137931034483,0.6977882741614986,0.5111111111111111,0.0,0.0,0.0,0.0,2002,clin,0.8
4,4,lr1e-04_bs16_modL1_fusion64_fusionL1_drop0p1_trmiss80_trlocclin,16,0.0001,1,64,1,0.1,lr1e-04_bs16_modL1_fusion64_fusionL1_drop0p1_trmiss80_trlocclin,5,0.6085831522941589,0.7330201069513956,0.47413793103448276,0.7020102907658113,0.5111111111111111,0.0,0.0,0.0,0.0,2002,clin,0.8
4,4,lr1e-04_bs16_modL1_fusion64_fusionL1_drop0p1_trmiss80_trlocclin,16,0.0001,1,64,1,0.1,lr1e-04_bs16_modL1_fusion64_fusionL1_drop0p1_trmiss80_trlocclin,6,0.5777290835976601,0.7405757705370585,0.5086206896551725,0.7089542082664017,0.5333333333333333,0.0,0.0,0.0,0.0,2002,clin,0.8
4,4,lr1e-04_bs16_modL1_fusion64_fusionL1_drop0p1_trmiss80_trlocclin,16,0.0001,1,64,1,0.1,lr1e-04_bs16_modL1_fusion64_fusionL1_drop0p1_trmiss80_trlocclin,7,0.5609282354513804,0.7419100602467855,0.5129310344827587,0.7023102841093832,0.5555555555555556,0.0,0.0,0.0,0.0,2002,clin,0.8
4,4,lr1e-04_bs16_modL1_fusion64_fusionL1_drop0p1_trmiss80_trlocclin,16,0.0001,1,64,1,0.1,lr1e-04_bs16_modL1_fusion64_fusionL1_drop0p1_trmiss80_trlocclin,8,0.531197669605414,0.7352995077768961,0.5172413793103449,0.700612678031262,0.5555555555555556,0.0,0.0,0.0,0.0,2002,clin,0.8
4,4,lr1e-04_bs16_modL1_fusion64_fusionL1_drop0p1_trmiss80_trlocclin,16,0.0001,1,64,1,0.1,lr1e-04_bs16_modL1_fusion64_fusionL1_drop0p1_trmiss80_trlocclin,9,0.5475162540872892,0.7472022771835327,0.5064655172413792,0.7061607280133914,0.5555555555555556,0.0,0.0,0.0,0.0,2002,clin,0.8
4,4,lr1e-04_bs16_modL1_fusion64_fusionL1_drop0p1_trmiss80_trlocclin,16,0.0001,1,64,1,0.1,lr1e-04_bs16_modL1_fusion64_fusionL1_drop0p1_trmiss80_trlocclin,10,0.5065815796454748,0.7489185531934103,0.48706896551724144,0.6943673268668812,0.5333333333333333,0.0,0.0,0.0,0.0,2002,clin,0.8
4,4,lr1e-04_bs16_modL1_fusion64_fusionL1_drop0p1_trmiss80_trlocclin,16,0.0001,1,64,1,0.1,lr1e-04_bs16_modL1_fusion64_fusionL1_drop0p1_trmiss80_trlocclin,11,0.5093968287110329,0.7410417000452677,0.4870689655172414,0.6918402105298009,0.5111111111111111,0.0,0.0,0.0,0.0,2002,clin,0.8
4,4,lr1e-04_bs16_modL1_fusion64_fusionL1_drop0p1_trmiss80_trlocclin,16,0.0001,1,64,1,0.1,lr1e-04_bs16_modL1_fusion64_fusionL1_drop0p1_trmiss80_trlocclin,12,0.5195921311775843,0.7534782290458679,0.5064655172413792,0.6953258216248885,0.5111111111111111,0.0,0.0,0.0,0.0,2002,clin,0.8
4,4,lr1e-04_bs16_modL1_fusion64_fusionL1_drop0p1_trmiss80_trlocclin,16,0.0001,1,64,1,0.1,lr1e-04_bs16_modL1_fusion64_fusionL1_drop0p1_trmiss80_trlocclin,13,0.48046067853768665,0.7643023530642191,0.5021551724137931,0.6966433283045212,0.5333333333333333,0.0,0.0,0.0,0.0,2002,clin,0.8
4,4,lr1e-04_bs16_modL1_fusion64_fusionL1_drop0p1_trmiss80_trlocclin,16,0.0001,1,64,1,0.1,lr1e-04_bs16_modL1_fusion64_fusionL1_drop0p1_trmiss80_trlocclin,14,0.4641183813412984,0.7452948689460754,0.4935344827586207,0.6922482961685763,0.5333333333333333,0.0,0.0,0.0,0.0,2002,clin,0.8
4,4,lr1e-04_bs16_modL1_fusion64_fusionL1_drop0p1_trmiss80_trlocclin,16,0.0001,1,64,1,0.1,lr1e-04_bs16_modL1_fusion64_fusionL1_drop0p1_trmiss80_trlocclin,15,0.47585322459538776,0.7611076633135477,0.4956896551724138,0.6898057829517354,0.5111111111111111,0.0,0.0,0.0,0.0,2002,clin,0.8
4,4,lr1e-04_bs16_modL1_fusion64_fusionL1_drop0p1_trmiss80_trlocclin,16,0.0001,1,64,1,0.1,lr1e-04_bs16_modL1_fusion64_fusionL1_drop0p1_trmiss80_trlocclin,16,0.4768996958931287,0.7467098832130432,0.49999999999999994,0.6893064794240047,0.5111111111111111,0.0,0.0,0.0,0.0,2002,clin,0.8
4,4,lr1e-04_bs16_modL1_fusion64_fusionL1_drop0p1_trmiss80_trlocclin,16,0.0001,1,64,1,0.1,lr1e-04_bs16_modL1_fusion64_fusionL1_drop0p1_trmiss80_trlocclin,17,0.4614461188515027,0.7576033274332682,0.4956896551724138,0.6952331896323971,0.5111111111111111,0.0,0.0,0.0,0.0,2002,clin,0.8
4,4,lr1e-04_bs16_modL1_fusion64_fusionL1_drop0p1_trmiss80_trlocclin,16,0.0001,1,64,1,0.1,lr1e-04_bs16_modL1_fusion64_fusionL1_drop0p1_trmiss80_trlocclin,18,0.45198672264814377,0.749180018901825,0.49353448275862066,0.6914295772454173,0.5333333333333333,0.0,0.0,0.0,0.0,2002,clin,0.8
4,4,lr1e-04_bs16_modL1_fusion64_fusionL1_drop0p1_trmiss80_trlocclin,16,0.0001,1,64,1,0.1,lr1e-04_bs16_modL1_fusion64_fusionL1_drop0p1_trmiss80_trlocclin,19,0.45564208428064984,0.756070633729299,0.5064655172413793,0.7002664955248743,0.5333333333333333,0.0,0.0,0.0,0.0,2002,clin,0.8
4,4,lr1e-04_bs16_modL1_fusion64_fusionL1_drop0p1_trmiss80_trlocclin,16,0.0001,1,64,1,0.1,lr1e-04_bs16_modL1_fusion64_fusionL1_drop0p1_trmiss80_trlocclin,20,0.4518711070219676,0.7551867961883545,0.4892241379310345,0.6924975606051816,0.5111111111111111,0.0,0.0,0.0,0.0,2002,clin,0.8
4,4,lr1e-04_bs16_modL1_fusion64_fusionL1_drop0p1_trmiss80_trlocclin,16,0.0001,1,64,1,0.1,lr1e-04_bs16_modL1_fusion64_fusionL1_drop0p1_trmiss80_trlocclin,21,0.43370802452166873,0.7556512951850891,0.4913793103448276,0.691602727909001,0.5111111111111111,0.0,0.0,0.0,0.0,2002,clin,0.8
4,4,lr5e-05_bs32_modL1_fusion32_fusionL1_drop0p2_trmiss80_trlocclin,32,5e-05,1,32,1,0.2,lr5e-05_bs32_modL1_fusion32_fusionL1_drop0p2_trmiss80_trlocclin,1,0.6832047502199808,0.6929804682731628,0.5344827586206897,0.7387057947830782,0.5777777777777777,0.0,0.0,0.0,0.0,2002,clin,0.8
4,4,lr5e-05_bs32_modL1_fusion32_fusionL1_drop0p2_trmiss80_trlocclin,32,5e-05,1,32,1,0.2,lr5e-05_bs32_modL1_fusion32_fusionL1_drop0p2_trmiss80_trlocclin,2,0.6585323413213094,0.6891260743141174,0.5150862068965517,0.7497321197087516,0.4444444444444444,0.0,0.0,0.0,0.0,2002,clin,0.8
4,4,lr5e-05_bs32_modL1_fusion32_fusionL1_drop0p2_trmiss80_trlocclin,32,5e-05,1,32,1,0.2,lr5e-05_bs32_modL1_fusion32_fusionL1_drop0p2_trmiss80_trlocclin,3,0.6370165149370829,0.6898260712623596,0.5172413793103449,0.7605203518969177,0.4666666666666667,0.0,0.0,0.0,0.0,2002,clin,0.8
4,4,lr5e-05_bs32_modL1_fusion32_fusionL1_drop0p2_trmiss80_trlocclin,32,5e-05,1,32,1,0.2,lr5e-05_bs32_modL1_fusion32_fusionL1_drop0p2_trmiss80_trlocclin,4,0.6721335351467133,0.6967346668243408,0.5129310344827587,0.7433830662416323,0.5111111111111111,0.0,0.0,0.0,0.0,2002,clin,0.8
4,4,lr5e-05_bs32_modL1_fusion32_fusionL1_drop0p2_trmiss80_trlocclin,32,5e-05,1,32,1,0.2,lr5e-05_bs32_modL1_fusion32_fusionL1_drop0p2_trmiss80_trlocclin,5,0.6450420618057251,0.6997160911560059,0.5086206896551724,0.7436673498369644,0.4888888888888889,0.0,0.0,0.0,0.0,2002,clin,0.8
4,4,lr5e-05_bs32_modL1_fusion32_fusionL1_drop0p2_trmiss80_trlocclin,32,5e-05,1,32,1,0.2,lr5e-05_bs32_modL1_fusion32_fusionL1_drop0p2_trmiss80_trlocclin,6,0.6282782554626465,0.7047637104988098,0.5107758620689655,0.7369037828650038,0.4666666666666667,0.0,0.0,0.0,0.0,2002,clin,0.8
4,4,lr5e-05_bs32_modL1_fusion32_fusionL1_drop0p2_trmiss80_trlocclin,32,5e-05,1,32,1,0.2,lr5e-05_bs32_modL1_fusion32_fusionL1_drop0p2_trmiss80_trlocclin,7,0.6051151057084402,0.7078661322593689,0.5172413793103449,0.7384196442390274,0.4666666666666667,0.0,0.0,0.0,0.0,2002,clin,0.8
4,4,lr5e-05_bs32_modL1_fusion32_fusionL1_drop0p2_trmiss80_trlocclin,32,5e-05,1,32,1,0.2,lr5e-05_bs32_modL1_fusion32_fusionL1_drop0p2_trmiss80_trlocclin,8,0.6029955844084421,0.7126175761222839,0.4978448275862069,0.7244424146210888,0.4222222222222222,0.0,0.0,0.0,0.0,2002,clin,0.8
4,4,lr5e-05_bs32_modL1_fusion32_fusionL1_drop0p2_trmiss80_trlocclin,32,5e-05,1,32,1,0.2,lr5e-05_bs32_modL1_fusion32_fusionL1_drop0p2_trmiss80_trlocclin,9,0.5980773270130157,0.7149881422519684,0.48060344827586204,0.7015886250356883,0.4444444444444444,0.0,0.0,0.0,0.0,2002,clin,0.8
4,4,lr5e-05_bs32_modL1_fusion32_fusionL1_drop0p2_trmiss80_trlocclin,32,5e-05,1,32,1,0.2,lr5e-05_bs32_modL1_fusion32_fusionL1_drop0p2_trmiss80_trlocclin,10,0.5653966069221497,0.7157248854637146,0.4849137931034483,0.694008879962778,0.4444444444444444,0.0,0.0,0.0,0.0,2002,clin,0.8
4,4,lr5e-05_bs32_modL1_fusion32_fusionL1_drop0p2_trmiss80_trlocclin,32,5e-05,1,32,1,0.2,lr5e-05_bs32_modL1_fusion32_fusionL1_drop0p2_trmiss80_trlocclin,11,0.5724523067474365,0.7156585454940796,0.4956896551724138,0.7125175535545608,0.4666666666666667,0.0,0.0,0.0,0.0,2002,clin,0.8
4,4,lr5e-05_bs32_modL1_fusion32_fusionL1_drop0p2_trmiss80_trlocclin,32,5e-05,1,32,1,0.2,lr5e-05_bs32_modL1_fusion32_fusionL1_drop0p2_trmiss80_trlocclin,12,0.5946650505065918,0.7153497040271759,0.5,0.7192868961559875,0.4666666666666667,0.0,0.0,0.0,0.0,2002,clin,0.8
4,4,lr5e-05_bs32_modL1_fusion32_fusionL1_drop0p2_trmiss80_trlocclin,32,5e-05,1,32,1,0.2,lr5e-05_bs32_modL1_fusion32_fusionL1_drop0p2_trmiss80_trlocclin,13,0.5700636009375254,0.7136478126049042,0.49784482758620696,0.7198769889033028,0.4888888888888889,0.0,0.0,0.0,0.0,2002,clin,0.8
4,4,lr5e-05_bs32_modL1_fusion32_fusionL1_drop0p2_trmiss80_trlocclin,32,5e-05,1,32,1,0.2,lr5e-05_bs32_modL1_fusion32_fusionL1_drop0p2_trmiss80_trlocclin,14,0.5668492615222931,0.7149075269699097,0.4892241379310345,0.7151429374455542,0.4888888888888889,0.0,0.0,0.0,0.0,2002,clin,0.8
4,4,lr5e-05_bs32_modL1_fusion32_fusionL1_drop0p2_trmiss80_trlocclin,32,5e-05,1,32,1,0.2,lr5e-05_bs32_modL1_fusion32_fusionL1_drop0p2_trmiss80_trlocclin,15,0.5509286522865295,0.7155325710773468,0.49353448275862066,0.719911929993289,0.4888888888888889,0.0,0.0,0.0,0.0,2002,clin,0.8
4,4,lr5e-05_bs32_modL1_fusion32_fusionL1_drop0p2_trmiss80_trlocclin,32,5e-05,1,32,1,0.2,lr5e-05_bs32_modL1_fusion32_fusionL1_drop0p2_trmiss80_trlocclin,16,0.5733405848344167,0.7173368036746979,0.48922413793103453,0.7178586074405611,0.5111111111111111,0.0,0.0,0.0,0.0,2002,clin,0.8
4,4,lr5e-05_bs32_modL1_fusion32_fusionL1_drop0p2_trmiss80_trlocclin,32,5e-05,1,32,1,0.2,lr5e-05_bs32_modL1_fusion32_fusionL1_drop0p2_trmiss80_trlocclin,17,0.5580993294715881,0.7163014709949493,0.4978448275862069,0.7240440312121916,0.5111111111111111,0.0,0.0,0.0,0.0,2002,clin,0.8
4,4,lr5e-05_bs32_modL1_fusion32_fusionL1_drop0p2_trmiss80_trlocclin,32,5e-05,1,32,1,0.2,lr5e-05_bs32_modL1_fusion32_fusionL1_drop0p2_trmiss80_trlocclin,18,0.5539193054040273,0.7178321182727814,0.49353448275862066,0.719107835178288,0.4888888888888889,0.0,0.0,0.0,0.0,2002,clin,0.8
4,4,lr5e-05_bs32_modL1_fusion32_fusionL1_drop0p2_trmiss80_trlocclin,32,5e-05,1,32,1,0.2,lr5e-05_bs32_modL1_fusion32_fusionL1_drop0p2_trmiss80_trlocclin,19,0.5682984590530396,0.7181640267372131,0.47198275862068967,0.7013387372127611,0.4666666666666667,0.0,0.0,0.0,0.0,2002,clin,0.8
4,4,lr5e-05_bs32_modL1_fusion32_fusionL1_drop0p2_trmiss80_trlocclin,32,5e-05,1,32,1,0.2,lr5e-05_bs32_modL1_fusion32_fusionL1_drop0p2_trmiss80_trlocclin,20,0.5611252089341482,0.7193673551082611,0.4676724137931034,0.6960921583633284,0.4444444444444444,0.0,0.0,0.0,0.0,2002,clin,0.8
4,4,lr5e-05_bs32_modL1_fusion32_fusionL1_drop0p2_trmiss80_trlocclin,32,5e-05,1,32,1,0.2,lr5e-05_bs32_modL1_fusion32_fusionL1_drop0p2_trmiss80_trlocclin,21,0.5382698674996694,0.7205616533756256,0.4719827586206896,0.7032760664093054,0.4444444444444444,0.0,0.0,0.0,0.0,2002,clin,0.8
4,4,lr5e-05_bs32_modL1_fusion32_fusionL1_drop0p1_trmiss80_trlocclin,32,5e-05,1,32,1,0.1,lr5e-05_bs32_modL1_fusion32_fusionL1_drop0p1_trmiss80_trlocclin,1,0.7101322114467621,0.7196607887744904,0.4525862068965517,0.6990669061904755,0.4444444444444444,0.0,0.0,0.0,0.0,2002,clin,0.8
4,4,lr5e-05_bs32_modL1_fusion32_fusionL1_drop0p1_trmiss80_trlocclin,32,5e-05,1,32,1,0.1,lr5e-05_bs32_modL1_fusion32_fusionL1_drop0p1_trmiss80_trlocclin,2,0.6868233482042948,0.7294257283210754,0.41594827586206895,0.6535285652991901,0.4222222222222222,0.0,0.0,0.0,0.0,2002,clin,0.8
4,4,lr5e-05_bs32_modL1_fusion32_fusionL1_drop0p1_trmiss80_trlocclin,32,5e-05,1,32,1,0.1,lr5e-05_bs32_modL1_fusion32_fusionL1_drop0p1_trmiss80_trlocclin,3,0.652291496594747,0.7392024099826813,0.4051724137931034,0.6392287620340205,0.4,0.0,0.0,0.0,0.0,2002,clin,0.8
4,4,lr5e-05_bs32_modL1_fusion32_fusionL1_drop0p1_trmiss80_trlocclin,32,5e-05,1,32,1,0.1,lr5e-05_bs32_modL1_fusion32_fusionL1_drop0p1_trmiss80_trlocclin,4,0.6414667765299479,0.7453165054321289,0.3900862068965517,0.6202168480100015,0.4,0.0,0.0,0.0,0.0,2002,clin,0.8
4,4,lr5e-05_bs32_modL1_fusion32_fusionL1_drop0p1_trmiss80_trlocclin,32,5e-05,1,32,1,0.1,lr5e-05_bs32_modL1_fusion32_fusionL1_drop0p1_trmiss80_trlocclin,5,0.6161654392878214,0.7492199838161469,0.40086206896551724,0.6284906049044481,0.4,0.0,0.0,0.0,0.0,2002,clin,0.8
4,4,lr5e-05_bs32_modL1_fusion32_fusionL1_drop0p1_trmiss80_trlocclin,32,5e-05,1,32,1,0.1,lr5e-05_bs32_modL1_fusion32_fusionL1_drop0p1_trmiss80_trlocclin,6,0.6232836246490479,0.7483825087547302,0.41163793103448276,0.6423104552879132,0.4,0.0,0.0,0.0,0.0,2002,clin,0.8
4,4,lr5e-05_bs32_modL1_fusion32_fusionL1_drop0p1_trmiss80_trlocclin,32,5e-05,1,32,1,0.1,lr5e-05_bs32_modL1_fusion32_fusionL1_drop0p1_trmiss80_trlocclin,7,0.613290399312973,0.7494842112064362,0.4224137931034483,0.6462211700279498,0.4222222222222222,0.0,0.0,0.0,0.0,2002,clin,0.8
4,4,lr5e-05_bs32_modL1_fusion32_fusionL1_drop0p1_trmiss80_trlocclin,32,5e-05,1,32,1,0.1,lr5e-05_bs32_modL1_fusion32_fusionL1_drop0p1_trmiss80_trlocclin,8,0.5924748281637827,0.748691976070404,0.44396551724137934,0.6572579122878143,0.4444444444444444,0.0,0.0,0.0,0.0,2002,clin,0.8
4,4,lr5e-05_bs32_modL1_fusion32_fusionL1_drop0p1_trmiss80_trlocclin,32,5e-05,1,32,1,0.1,lr5e-05_bs32_modL1_fusion32_fusionL1_drop0p1_trmiss80_trlocclin,9,0.5923287868499756,0.7509840726852417,0.4504310344827586,0.6573961409250285,0.4444444444444444,0.0,0.0,0.0,0.0,2002,clin,0.8
4,4,lr5e-05_bs32_modL1_fusion32_fusionL1_drop0p1_trmiss80_trlocclin,32,5e-05,1,32,1,0.1,lr5e-05_bs32_modL1_fusion32_fusionL1_drop0p1_trmiss80_trlocclin,10,0.5915120244026184,0.7525252997875214,0.4504310344827586,0.6566711224141661,0.4444444444444444,0.0,0.0,0.0,0.0,2002,clin,0.8
4,4,lr5e-05_bs32_modL1_fusion32_fusionL1_drop0p1_trmiss80_trlocclin,32,5e-05,1,32,1,0.1,lr5e-05_bs32_modL1_fusion32_fusionL1_drop0p1_trmiss80_trlocclin,11,0.5783699154853821,0.7520592510700226,0.44396551724137934,0.6594385825852774,0.4,0.0,0.0,0.0,0.0,2002,clin,0.8
4,4,lr5e-05_bs32_modL1_fusion32_fusionL1_drop0p1_trmiss80_trlocclin,32,5e-05,1,32,1,0.1,lr5e-05_bs32_modL1_fusion32_fusionL1_drop0p1_trmiss80_trlocclin,12,0.5738451182842255,0.7543169558048248,0.44396551724137934,0.6599349253229995,0.4222222222222222,0.0,0.0,0.0,0.0,2002,clin,0.8
4,4,lr5e-05_bs32_modL1_fusion32_fusionL1_drop0p1_trmiss80_trlocclin,32,5e-05,1,32,1,0.1,lr5e-05_bs32_modL1_fusion32_fusionL1_drop0p1_trmiss80_trlocclin,13,0.5684307515621185,0.7551752924919128,0.4396551724137931,0.6572166979243491,0.4444444444444444,0.0,0.0,0.0,0.0,2002,clin,0.8
4,4,lr5e-05_bs32_modL1_fusion32_fusionL1_drop0p1_trmiss80_trlocclin,32,5e-05,1,32,1,0.1,lr5e-05_bs32_modL1_fusion32_fusionL1_drop0p1_trmiss80_trlocclin,14,0.56520347793897,0.7561031877994537,0.4396551724137931,0.6569568688966673,0.4444444444444444,0.0,0.0,0.0,0.0,2002,clin,0.8
4,4,lr5e-05_bs32_modL1_fusion32_fusionL1_drop0p1_trmiss80_trlocclin,32,5e-05,1,32,1,0.1,lr5e-05_bs32_modL1_fusion32_fusionL1_drop0p1_trmiss80_trlocclin,15,0.5676043132940928,0.7562019526958466,0.4439655172413793,0.6590135934432496,0.4444444444444444,0.0,0.0,0.0,0.0,2002,clin,0.8
4,4,lr5e-05_bs32_modL1_fusion32_fusionL1_drop0p1_trmiss80_trlocclin,32,5e-05,1,32,1,0.1,lr5e-05_bs32_modL1_fusion32_fusionL1_drop0p1_trmiss80_trlocclin,16,0.565152625242869,0.7579682171344757,0.4439655172413793,0.6590135934432496,0.4222222222222222,0.0,0.0,0.0,0.0,2002,clin,0.8
4,4,lr5e-05_bs32_modL1_fusion32_fusionL1_drop0p1_trmiss80_trlocclin,32,5e-05,1,32,1,0.1,lr5e-05_bs32_modL1_fusion32_fusionL1_drop0p1_trmiss80_trlocclin,17,0.5582518378893534,0.7573487460613251,0.4482758620689655,0.6612139792643251,0.4666666666666667,0.0,0.0,0.0,0.0,2002,clin,0.8
4,4,lr5e-05_bs32_modL1_fusion32_fusionL1_drop0p1_trmiss80_trlocclin,32,5e-05,1,32,1,0.1,lr5e-05_bs32_modL1_fusion32_fusionL1_drop0p1_trmiss80_trlocclin,18,0.5598728458086649,0.7567574083805084,0.44612068965517243,0.659395540021951,0.4666666666666667,0.0,0.0,0.0,0.0,2002,clin,0.8
4,4,lr5e-05_bs32_modL1_fusion32_fusionL1_drop0p1_trmiss80_trlocclin,32,5e-05,1,32,1,0.1,lr5e-05_bs32_modL1_fusion32_fusionL1_drop0p1_trmiss80_trlocclin,19,0.5466379026571909,0.7574039995670319,0.44396551724137934,0.6610850698421521,0.4666666666666667,0.0,0.0,0.0,0.0,2002,clin,0.8
4,4,lr5e-05_bs32_modL1_fusion32_fusionL1_drop0p1_trmiss80_trlocclin,32,5e-05,1,32,1,0.1,lr5e-05_bs32_modL1_fusion32_fusionL1_drop0p1_trmiss80_trlocclin,20,0.5512385269006094,0.7581090927124023,0.44396551724137934,0.6595251355235973,0.4222222222222222,0.0,0.0,0.0,0.0,2002,clin,0.8
4,4,lr5e-05_bs32_modL1_fusion32_fusionL1_drop0p1_trmiss80_trlocclin,32,5e-05,1,32,1,0.1,lr5e-05_bs32_modL1_fusion32_fusionL1_drop0p1_trmiss80_trlocclin,21,0.5501260360081991,0.7594660222530365,0.4504310344827586,0.6664841687076758,0.4222222222222222,0.0,0.0,0.0,0.0,2002,clin,0.8
4,4,lr5e-05_bs32_modL1_fusion64_fusionL1_drop0p2_trmiss80_trlocclin,32,5e-05,1,64,1,0.2,lr5e-05_bs32_modL1_fusion64_fusionL1_drop0p2_trmiss80_trlocclin,1,0.6939868827660879,0.6840015649795532,0.4655172413793104,0.6747031617212218,0.5333333333333333,0.0,0.0,0.0,0.0,2002,clin,0.8
4,4,lr5e-05_bs32_modL1_fusion64_fusionL1_drop0p2_trmiss80_trlocclin,32,5e-05,1,64,1,0.2,lr5e-05_bs32_modL1_fusion64_fusionL1_drop0p2_trmiss80_trlocclin,2,0.6469436089197794,0.6829509735107422,0.4547413793103448,0.6747556865409222,0.5333333333333333,0.0,0.0,0.0,0.0,2002,clin,0.8
4,4,lr5e-05_bs32_modL1_fusion64_fusionL1_drop0p2_trmiss80_trlocclin,32,5e-05,1,64,1,0.2,lr5e-05_bs32_modL1_fusion64_fusionL1_drop0p2_trmiss80_trlocclin,3,0.6510047415892283,0.6806935667991638,0.46120689655172414,0.6866687433476025,0.6,0.0,0.0,0.0,0.0,2002,clin,0.8
4,4,lr5e-05_bs32_modL1_fusion64_fusionL1_drop0p2_trmiss80_trlocclin,32,5e-05,1,64,1,0.2,lr5e-05_bs32_modL1_fusion64_fusionL1_drop0p2_trmiss80_trlocclin,4,0.6351024607817332,0.6800855398178101,0.4590517241379311,0.7023263080630998,0.6,0.0,0.0,0.0,0.0,2002,clin,0.8
4,4,lr5e-05_bs32_modL1_fusion64_fusionL1_drop0p2_trmiss80_trlocclin,32,5e-05,1,64,1,0.2,lr5e-05_bs32_modL1_fusion64_fusionL1_drop0p2_trmiss80_trlocclin,5,0.609056164820989,0.6793032288551331,0.46120689655172414,0.700425713948395,0.6,0.0,0.0,0.0,0.0,2002,clin,0.8
4,4,lr5e-05_bs32_modL1_fusion64_fusionL1_drop0p2_trmiss80_trlocclin,32,5e-05,1,64,1,0.2,lr5e-05_bs32_modL1_fusion64_fusionL1_drop0p2_trmiss80_trlocclin,6,0.6379414101441702,0.6796312630176544,0.45474137931034475,0.6815100867881473,0.5777777777777777,0.0,0.0,0.0,0.0,2002,clin,0.8
4,4,lr5e-05_bs32_modL1_fusion64_fusionL1_drop0p2_trmiss80_trlocclin,32,5e-05,1,64,1,0.2,lr5e-05_bs32_modL1_fusion64_fusionL1_drop0p2_trmiss80_trlocclin,7,0.5924710929393768,0.6745223104953766,0.47198275862068967,0.6792669203693962,0.6222222222222222,0.0,0.0,0.0,0.0,2002,clin,0.8
4,4,lr5e-05_bs32_modL1_fusion64_fusionL1_drop0p2_trmiss80_trlocclin,32,5e-05,1,64,1,0.2,lr5e-05_bs32_modL1_fusion64_fusionL1_drop0p2_trmiss80_trlocclin,8,0.600808322429657,0.6701303124427795,0.5237068965517241,0.7035229067767997,0.6222222222222222,0.0,0.0,0.0,0.0,2002,clin,0.8
4,4,lr5e-05_bs32_modL1_fusion64_fusionL1_drop0p2_trmiss80_trlocclin,32,5e-05,1,64,1,0.2,lr5e-05_bs32_modL1_fusion64_fusionL1_drop0p2_trmiss80_trlocclin,9,0.5938482383886973,0.6671104729175568,0.5452586206896552,0.7131207042430129,0.5777777777777777,0.0,0.0,0.0,0.0,2002,clin,0.8
4,4,lr5e-05_bs32_modL1_fusion64_fusionL1_drop0p2_trmiss80_trlocclin,32,5e-05,1,64,1,0.2,lr5e-05_bs32_modL1_fusion64_fusionL1_drop0p2_trmiss80_trlocclin,10,0.5851559042930603,0.6700310409069061,0.540948275862069,0.6986008309548299,0.5777777777777777,0.0,0.0,0.0,0.0,2002,clin,0.8
4,4,lr5e-05_bs32_modL1_fusion64_fusionL1_drop0p2_trmiss80_trlocclin,32,5e-05,1,64,1,0.2,lr5e-05_bs32_modL1_fusion64_fusionL1_drop0p2_trmiss80_trlocclin,11,0.5672880510489146,0.6723553836345673,0.5150862068965517,0.6835676810222053,0.5777777777777777,0.0,0.0,0.0,0.0,2002,clin,0.8
4,4,lr5e-05_bs32_modL1_fusion64_fusionL1_drop0p2_trmiss80_trlocclin,32,5e-05,1,64,1,0.2,lr5e-05_bs32_modL1_fusion64_fusionL1_drop0p2_trmiss80_trlocclin,12,0.5726299087206522,0.6776322424411774,0.49568965517241376,0.6690954009398293,0.6,0.0,0.0,0.0,0.0,2002,clin,0.8
4,4,lr5e-05_bs32_modL1_fusion64_fusionL1_drop0p2_trmiss80_trlocclin,32,5e-05,1,64,1,0.2,lr5e-05_bs32_modL1_fusion64_fusionL1_drop0p2_trmiss80_trlocclin,13,0.5772725443045298,0.6809403300285339,0.48275862068965514,0.6568506563879182,0.6,0.0,0.0,0.0,0.0,2002,clin,0.8
4,4,lr5e-05_bs32_modL1_fusion64_fusionL1_drop0p2_trmiss80_trlocclin,32,5e-05,1,64,1,0.2,lr5e-05_bs32_modL1_fusion64_fusionL1_drop0p2_trmiss80_trlocclin,14,0.5521649916966757,0.6818573772907257,0.47413793103448276,0.6505081051959001,0.6,0.0,0.0,0.0,0.0,2002,clin,0.8
4,4,lr5e-05_bs32_modL1_fusion64_fusionL1_drop0p2_trmiss80_trlocclin,32,5e-05,1,64,1,0.2,lr5e-05_bs32_modL1_fusion64_fusionL1_drop0p2_trmiss80_trlocclin,15,0.5417023996512095,0.6841395199298859,0.4762931034482759,0.6384415205027071,0.6,0.0,0.0,0.0,0.0,2002,clin,0.8
4,4,lr5e-05_bs32_modL1_fusion64_fusionL1_drop0p2_trmiss80_trlocclin,32,5e-05,1,64,1,0.2,lr5e-05_bs32_modL1_fusion64_fusionL1_drop0p2_trmiss80_trlocclin,16,0.5374240279197693,0.6850045621395111,0.46120689655172414,0.6313633768914962,0.5777777777777777,0.0,0.0,0.0,0.0,2002,clin,0.8
4,4,lr5e-05_bs32_modL1_fusion64_fusionL1_drop0p2_trmiss80_trlocclin,32,5e-05,1,64,1,0.2,lr5e-05_bs32_modL1_fusion64_fusionL1_drop0p2_trmiss80_trlocclin,17,0.5424100061257681,0.6838445961475372,0.4698275862068966,0.6351407827560164,0.5777777777777777,0.0,0.0,0.0,0.0,2002,clin,0.8
4,4,lr5e-05_bs32_modL1_fusion64_fusionL1_drop0p2_trmiss80_trlocclin,32,5e-05,1,64,1,0.2,lr5e-05_bs32_modL1_fusion64_fusionL1_drop0p2_trmiss80_trlocclin,18,0.534117192029953,0.684546172618866,0.48060344827586204,0.6408237804180246,0.5777777777777777,0.0,0.0,0.0,0.0,2002,clin,0.8
4,4,lr5e-05_bs32_modL1_fusion64_fusionL1_drop0p2_trmiss80_trlocclin,32,5e-05,1,64,1,0.2,lr5e-05_bs32_modL1_fusion64_fusionL1_drop0p2_trmiss80_trlocclin,19,0.53220634162426,0.6834755539894104,0.4719827586206896,0.6320020185129693,0.5777777777777777,0.0,0.0,0.0,0.0,2002,clin,0.8
4,4,lr5e-05_bs32_modL1_fusion64_fusionL1_drop0p2_trmiss80_trlocclin,32,5e-05,1,64,1,0.2,lr5e-05_bs32_modL1_fusion64_fusionL1_drop0p2_trmiss80_trlocclin,20,0.5220004022121429,0.6824597716331482,0.47413793103448276,0.6372017166860692,0.6,0.0,0.0,0.0,0.0,2002,clin,0.8
4,4,lr5e-05_bs32_modL1_fusion64_fusionL1_drop0p2_trmiss80_trlocclin,32,5e-05,1,64,1,0.2,lr5e-05_bs32_modL1_fusion64_fusionL1_drop0p2_trmiss80_trlocclin,21,0.5088383307059606,0.6845646798610687,0.47844827586206895,0.6380135941379722,0.5777777777777777,0.0,0.0,0.0,0.0,2002,clin,0.8
4,4,lr5e-05_bs32_modL1_fusion64_fusionL1_drop0p2_trmiss80_trlocclin,32,5e-05,1,64,1,0.2,lr5e-05_bs32_modL1_fusion64_fusionL1_drop0p2_trmiss80_trlocclin,22,0.5025121718645096,0.6825463175773621,0.4806034482758621,0.6378919438107205,0.5777777777777777,0.0,0.0,0.0,0.0,2002,clin,0.8
4,4,lr5e-05_bs32_modL1_fusion64_fusionL1_drop0p2_trmiss80_trlocclin,32,5e-05,1,64,1,0.2,lr5e-05_bs32_modL1_fusion64_fusionL1_drop0p2_trmiss80_trlocclin,23,0.5239887634913126,0.6817367374897003,0.48060344827586204,0.6425059323630029,0.5777777777777777,0.0,0.0,0.0,0.0,2002,clin,0.8
4,4,lr5e-05_bs32_modL1_fusion64_fusionL1_drop0p2_trmiss80_trlocclin,32,5e-05,1,64,1,0.2,lr5e-05_bs32_modL1_fusion64_fusionL1_drop0p2_trmiss80_trlocclin,24,0.49964428941408795,0.6846608817577362,0.4719827586206896,0.6327917013607395,0.5777777777777777,0.0,0.0,0.0,0.0,2002,clin,0.8
4,4,lr5e-05_bs32_modL1_fusion64_fusionL1_drop0p2_trmiss80_trlocclin,32,5e-05,1,64,1,0.2,lr5e-05_bs32_modL1_fusion64_fusionL1_drop0p2_trmiss80_trlocclin,25,0.504434605439504,0.6851755678653717,0.4806034482758621,0.6446287456111359,0.6,0.0,0.0,0.0,0.0,2002,clin,0.8
4,4,lr5e-05_bs32_modL1_fusion64_fusionL1_drop0p2_trmiss80_trlocclin,32,5e-05,1,64,1,0.2,lr5e-05_bs32_modL1_fusion64_fusionL1_drop0p2_trmiss80_trlocclin,26,0.5177925874789556,0.6841721832752228,0.47413793103448276,0.6307469983436426,0.6,0.0,0.0,0.0,0.0,2002,clin,0.8
4,4,lr5e-05_bs32_modL1_fusion64_fusionL1_drop0p2_trmiss80_trlocclin,32,5e-05,1,64,1,0.2,lr5e-05_bs32_modL1_fusion64_fusionL1_drop0p2_trmiss80_trlocclin,27,0.5197822352250417,0.6820593774318695,0.4870689655172414,0.6474014340208036,0.6,0.0,0.0,0.0,0.0,2002,clin,0.8
4,4,lr5e-05_bs32_modL1_fusion64_fusionL1_drop0p2_trmiss80_trlocclin,32,5e-05,1,64,1,0.2,lr5e-05_bs32_modL1_fusion64_fusionL1_drop0p2_trmiss80_trlocclin,28,0.5201675246159235,0.6839452981948853,0.47413793103448276,0.6390591228746039,0.6,0.0,0.0,0.0,0.0,2002,clin,0.8
4,4,lr5e-05_bs32_modL1_fusion64_fusionL1_drop0p2_trmiss80_trlocclin,32,5e-05,1,64,1,0.2,lr5e-05_bs32_modL1_fusion64_fusionL1_drop0p2_trmiss80_trlocclin,29,0.5006447782119116,0.6815818846225739,0.47844827586206895,0.6423874679942891,0.6,0.0,0.0,0.0,0.0,2002,clin,0.8
4,4,lr5e-05_bs32_modL1_fusion64_fusionL1_drop0p1_trmiss80_trlocclin,32,5e-05,1,64,1,0.1,lr5e-05_bs32_modL1_fusion64_fusionL1_drop0p1_trmiss80_trlocclin,1,0.7580002744992574,0.6930151879787445,0.5,0.7247106040388063,0.5333333333333333,0.0,0.0,0.0,0.0,2002,clin,0.8
4,4,lr5e-05_bs32_modL1_fusion64_fusionL1_drop0p1_trmiss80_trlocclin,32,5e-05,1,64,1,0.1,lr5e-05_bs32_modL1_fusion64_fusionL1_drop0p1_trmiss80_trlocclin,2,0.7284354865550995,0.7050637900829315,0.5150862068965517,0.7451995020630726,0.5555555555555556,0.0,0.0,0.0,0.0,2002,clin,0.8
4,4,lr5e-05_bs32_modL1_fusion64_fusionL1_drop0p1_trmiss80_trlocclin,32,5e-05,1,64,1,0.1,lr5e-05_bs32_modL1_fusion64_fusionL1_drop0p1_trmiss80_trlocclin,3,0.7077539960543314,0.7165797352790833,0.5150862068965517,0.7439319808320735,0.4888888888888889,0.0,0.0,0.0,0.0,2002,clin,0.8
4,4,lr5e-05_bs32_modL1_fusion64_fusionL1_drop0p1_trmiss80_trlocclin,32,5e-05,1,64,1,0.1,lr5e-05_bs32_modL1_fusion64_fusionL1_drop0p1_trmiss80_trlocclin,4,0.6798616051673889,0.7287602126598358,0.4913793103448275,0.7252052050521214,0.4888888888888889,0.0,0.0,0.0,0.0,2002,clin,0.8
4,4,lr5e-05_bs32_modL1_fusion64_fusionL1_drop0p1_trmiss80_trlocclin,32,5e-05,1,64,1,0.1,lr5e-05_bs32_modL1_fusion64_fusionL1_drop0p1_trmiss80_trlocclin,5,0.667201449473699,0.7391968965530396,0.5,0.7389891672020841,0.5111111111111111,0.0,0.0,0.0,0.0,2002,clin,0.8
4,4,lr5e-05_bs32_modL1_fusion64_fusionL1_drop0p1_trmiss80_trlocclin,32,5e-05,1,64,1,0.1,lr5e-05_bs32_modL1_fusion64_fusionL1_drop0p1_trmiss80_trlocclin,6,0.6427079836527506,0.7415217757225037,0.5129310344827587,0.7510025679080503,0.5333333333333333,0.0,0.0,0.0,0.0,2002,clin,0.8
4,4,lr5e-05_bs32_modL1_fusion64_fusionL1_drop0p1_trmiss80_trlocclin,32,5e-05,1,64,1,0.1,lr5e-05_bs32_modL1_fusion64_fusionL1_drop0p1_trmiss80_trlocclin,7,0.6368695795536041,0.7430205941200256,0.521551724137931,0.7517548171782606,0.5111111111111111,0.0,0.0,0.0,0.0,2002,clin,0.8
4,4,lr5e-05_bs32_modL1_fusion64_fusionL1_drop0p1_trmiss80_trlocclin,32,5e-05,1,64,1,0.1,lr5e-05_bs32_modL1_fusion64_fusionL1_drop0p1_trmiss80_trlocclin,8,0.6206268270810446,0.7439417541027069,0.5237068965517242,0.7494589532495368,0.5333333333333333,0.0,0.0,0.0,0.0,2002,clin,0.8
4,4,lr5e-05_bs32_modL1_fusion64_fusionL1_drop0p1_trmiss80_trlocclin,32,5e-05,1,64,1,0.1,lr5e-05_bs32_modL1_fusion64_fusionL1_drop0p1_trmiss80_trlocclin,9,0.6033222675323486,0.7450380921363831,0.5172413793103449,0.7465695393053562,0.5111111111111111,0.0,0.0,0.0,0.0,2002,clin,0.8
4,4,lr5e-05_bs32_modL1_fusion64_fusionL1_drop0p1_trmiss80_trlocclin,32,5e-05,1,64,1,0.1,lr5e-05_bs32_modL1_fusion64_fusionL1_drop0p1_trmiss80_trlocclin,10,0.6133866409460703,0.7459940016269684,0.5129310344827586,0.7396970719172486,0.5111111111111111,0.0,0.0,0.0,0.0,2002,clin,0.8
4,4,lr5e-05_bs32_modL1_fusion64_fusionL1_drop0p1_trmiss80_trlocclin,32,5e-05,1,64,1,0.1,lr5e-05_bs32_modL1_fusion64_fusionL1_drop0p1_trmiss80_trlocclin,11,0.6004647612571716,0.7498230040073395,0.5258620689655171,0.7472246446172555,0.4888888888888889,0.0,0.0,0.0,0.0,2002,clin,0.8
4,4,lr5e-05_bs32_modL1_fusion64_fusionL1_drop0p1_trmiss80_trlocclin,32,5e-05,1,64,1,0.1,lr5e-05_bs32_modL1_fusion64_fusionL1_drop0p1_trmiss80_trlocclin,12,0.5962099631627401,0.7487421333789825,0.5172413793103448,0.7363845897102634,0.4888888888888889,0.0,0.0,0.0,0.0,2002,clin,0.8
4,4,lr5e-05_bs32_modL1_fusion64_fusionL1_drop0p1_trmiss80_trlocclin,32,5e-05,1,64,1,0.1,lr5e-05_bs32_modL1_fusion64_fusionL1_drop0p1_trmiss80_trlocclin,13,0.5971045792102814,0.750883013010025,0.5129310344827587,0.7300037651576194,0.5111111111111111,0.0,0.0,0.0,0.0,2002,clin,0.8
4,4,lr5e-05_bs32_modL1_fusion64_fusionL1_drop0p1_trmiss80_trlocclin,32,5e-05,1,64,1,0.1,lr5e-05_bs32_modL1_fusion64_fusionL1_drop0p1_trmiss80_trlocclin,14,0.5862708489100138,0.7518120408058167,0.5086206896551724,0.7273003883218734,0.4666666666666667,0.0,0.0,0.0,0.0,2002,clin,0.8
4,4,lr5e-05_bs32_modL1_fusion64_fusionL1_drop0p1_trmiss80_trlocclin,32,5e-05,1,64,1,0.1,lr5e-05_bs32_modL1_fusion64_fusionL1_drop0p1_trmiss80_trlocclin,15,0.5738252500693003,0.7515900433063507,0.5086206896551724,0.7245981711697715,0.4888888888888889,0.0,0.0,0.0,0.0,2002,clin,0.8
4,4,lr5e-05_bs32_modL1_fusion64_fusionL1_drop0p1_trmiss80_trlocclin,32,5e-05,1,64,1,0.1,lr5e-05_bs32_modL1_fusion64_fusionL1_drop0p1_trmiss80_trlocclin,16,0.5646585921446482,0.7564022839069366,0.5086206896551724,0.7249667318287134,0.4222222222222222,0.0,0.0,0.0,0.0,2002,clin,0.8
4,4,lr5e-05_bs32_modL1_fusion64_fusionL1_drop0p1_trmiss80_trlocclin,32,5e-05,1,64,1,0.1,lr5e-05_bs32_modL1_fusion64_fusionL1_drop0p1_trmiss80_trlocclin,17,0.5827888051668803,0.7574799060821533,0.5043103448275862,0.7234161811168138,0.4444444444444444,0.0,0.0,0.0,0.0,2002,clin,0.8
4,4,lr5e-05_bs32_modL1_fusion64_fusionL1_drop0p1_trmiss80_trlocclin,32,5e-05,1,64,1,0.1,lr5e-05_bs32_modL1_fusion64_fusionL1_drop0p1_trmiss80_trlocclin,18,0.5776061912377676,0.7593650221824646,0.4870689655172413,0.7097402591004414,0.4444444444444444,0.0,0.0,0.0,0.0,2002,clin,0.8
4,4,lr5e-05_bs32_modL1_fusion64_fusionL1_drop0p1_trmiss80_trlocclin,32,5e-05,1,64,1,0.1,lr5e-05_bs32_modL1_fusion64_fusionL1_drop0p1_trmiss80_trlocclin,19,0.5633771121501923,0.7582247853279114,0.4806034482758621,0.705534481400723,0.4444444444444444,0.0,0.0,0.0,0.0,2002,clin,0.8
4,4,lr5e-05_bs32_modL1_fusion64_fusionL1_drop0p1_trmiss80_trlocclin,32,5e-05,1,64,1,0.1,lr5e-05_bs32_modL1_fusion64_fusionL1_drop0p1_trmiss80_trlocclin,20,0.5669177969296774,0.7541724145412445,0.48922413793103453,0.7112589045997912,0.4666666666666667,0.0,0.0,0.0,0.0,2002,clin,0.8
4,4,lr5e-05_bs32_modL1_fusion64_fusionL1_drop0p1_trmiss80_trlocclin,32,5e-05,1,64,1,0.1,lr5e-05_bs32_modL1_fusion64_fusionL1_drop0p1_trmiss80_trlocclin,21,0.5731993317604065,0.7572590410709381,0.4956896551724138,0.7210601243401591,0.4444444444444444,0.0,0.0,0.0,0.0,2002,clin,0.8
4,4,lr5e-05_bs32_modL1_fusion64_fusionL1_drop0p1_trmiss80_trlocclin,32,5e-05,1,64,1,0.1,lr5e-05_bs32_modL1_fusion64_fusionL1_drop0p1_trmiss80_trlocclin,22,0.5684357285499573,0.7599596381187439,0.4870689655172413,0.7087355248337234,0.4444444444444444,0.0,0.0,0.0,0.0,2002,clin,0.8
4,4,lr5e-05_bs32_modL1_fusion64_fusionL1_drop0p1_trmiss80_trlocclin,32,5e-05,1,64,1,0.1,lr5e-05_bs32_modL1_fusion64_fusionL1_drop0p1_trmiss80_trlocclin,23,0.5759464999039968,0.7584028542041779,0.49353448275862066,0.7143176241088149,0.4444444444444444,0.0,0.0,0.0,0.0,2002,clin,0.8
4,4,lr5e-05_bs32_modL1_fusion64_fusionL1_drop0p1_trmiss80_trlocclin,32,5e-05,1,64,1,0.1,lr5e-05_bs32_modL1_fusion64_fusionL1_drop0p1_trmiss80_trlocclin,24,0.5482566058635712,0.7581014931201935,0.4978448275862069,0.7174285797541446,0.4888888888888889,0.0,0.0,0.0,0.0,2002,clin,0.8
4,4,lr5e-05_bs32_modL1_fusion64_fusionL1_drop0p1_trmiss80_trlocclin,32,5e-05,1,64,1,0.1,lr5e-05_bs32_modL1_fusion64_fusionL1_drop0p1_trmiss80_trlocclin,25,0.5682774484157562,0.7581875622272491,0.4956896551724138,0.7157417338496475,0.4666666666666667,0.0,0.0,0.0,0.0,2002,clin,0.8
4,4,lr5e-05_bs32_modL1_fusion64_fusionL1_drop0p1_trmiss80_trlocclin,32,5e-05,1,64,1,0.1,lr5e-05_bs32_modL1_fusion64_fusionL1_drop0p1_trmiss80_trlocclin,26,0.5827902654806772,0.7614825367927551,0.4892241379310345,0.7135179214306892,0.4666666666666667,0.0,0.0,0.0,0.0,2002,clin,0.8
4,4,lr5e-05_bs32_modL1_fusion64_fusionL1_drop0p1_trmiss80_trlocclin,32,5e-05,1,64,1,0.1,lr5e-05_bs32_modL1_fusion64_fusionL1_drop0p1_trmiss80_trlocclin,27,0.5628736913204193,0.76316899061203,0.4849137931034483,0.7091006857495492,0.4666666666666667,0.0,0.0,0.0,0.0,2002,clin,0.8
4,4,lr5e-05_bs32_modL1_fusion64_fusionL1_drop0p1_trmiss80_trlocclin,32,5e-05,1,64,1,0.1,lr5e-05_bs32_modL1_fusion64_fusionL1_drop0p1_trmiss80_trlocclin,28,0.5548581182956696,0.7561463713645935,0.4978448275862069,0.7126236386639919,0.4888888888888889,0.0,0.0,0.0,0.0,2002,clin,0.8
4,4,lr5e-05_bs32_modL1_fusion64_fusionL1_drop0p1_trmiss80_trlocclin,32,5e-05,1,64,1,0.1,lr5e-05_bs32_modL1_fusion64_fusionL1_drop0p1_trmiss80_trlocclin,29,0.5648281276226044,0.756846696138382,0.4870689655172414,0.7059998620440209,0.4666666666666667,0.0,0.0,0.0,0.0,2002,clin,0.8
4,4,lr5e-05_bs32_modL1_fusion64_fusionL1_drop0p1_trmiss80_trlocclin,32,5e-05,1,64,1,0.1,lr5e-05_bs32_modL1_fusion64_fusionL1_drop0p1_trmiss80_trlocclin,30,0.5687619944413503,0.7615843713283539,0.4892241379310345,0.7073893673212373,0.4666666666666667,0.0,0.0,0.0,0.0,2002,clin,0.8
4,4,lr5e-05_bs32_modL1_fusion64_fusionL1_drop0p1_trmiss80_trlocclin,32,5e-05,1,64,1,0.1,lr5e-05_bs32_modL1_fusion64_fusionL1_drop0p1_trmiss80_trlocclin,31,0.5516998867193857,0.7628913819789886,0.4849137931034483,0.7023214467360754,0.4444444444444444,0.0,0.0,0.0,0.0,2002,clin,0.8
4,4,lr1e-04_bs32_modL1_fusion32_fusionL1_drop0p2_trmiss80_trlocclin,32,0.0001,1,32,1,0.2,lr1e-04_bs32_modL1_fusion32_fusionL1_drop0p2_trmiss80_trlocclin,1,0.7319609423478445,0.7218969762325287,0.459051724137931,0.6139889184513228,0.3111111111111111,0.0,0.0,0.0,0.0,2002,clin,0.8
4,4,lr1e-04_bs32_modL1_fusion32_fusionL1_drop0p2_trmiss80_trlocclin,32,0.0001,1,32,1,0.2,lr1e-04_bs32_modL1_fusion32_fusionL1_drop0p2_trmiss80_trlocclin,2,0.694355179866155,0.7346529364585876,0.45905172413793105,0.5989669859363923,0.3111111111111111,0.0,0.0,0.0,0.0,2002,clin,0.8
4,4,lr1e-04_bs32_modL1_fusion32_fusionL1_drop0p2_trmiss80_trlocclin,32,0.0001,1,32,1,0.2,lr1e-04_bs32_modL1_fusion32_fusionL1_drop0p2_trmiss80_trlocclin,3,0.6618290642897288,0.7387628555297852,0.46551724137931033,0.60450392699662,0.3111111111111111,0.0,0.0,0.0,0.0,2002,clin,0.8
4,4,lr1e-04_bs32_modL1_fusion32_fusionL1_drop0p2_trmiss80_trlocclin,32,0.0001,1,32,1,0.2,lr1e-04_bs32_modL1_fusion32_fusionL1_drop0p2_trmiss80_trlocclin,4,0.642276664574941,0.7377235293388367,0.49137931034482757,0.6295753471561902,0.37777777777777777,0.0,0.0,0.0,0.0,2002,clin,0.8
4,4,lr1e-04_bs32_modL1_fusion32_fusionL1_drop0p2_trmiss80_trlocclin,32,0.0001,1,32,1,0.2,lr1e-04_bs32_modL1_fusion32_fusionL1_drop0p2_trmiss80_trlocclin,5,0.6343578596909841,0.7444446086883545,0.4676724137931034,0.6300100714170106,0.35555555555555557,0.0,0.0,0.0,0.0,2002,clin,0.8
4,4,lr1e-04_bs32_modL1_fusion32_fusionL1_drop0p2_trmiss80_trlocclin,32,0.0001,1,32,1,0.2,lr1e-04_bs32_modL1_fusion32_fusionL1_drop0p2_trmiss80_trlocclin,6,0.6063198248545328,0.754819929599762,0.46120689655172414,0.6242593155642621,0.4,0.0,0.0,0.0,0.0,2002,clin,0.8
4,4,lr1e-04_bs32_modL1_fusion32_fusionL1_drop0p2_trmiss80_trlocclin,32,0.0001,1,32,1,0.2,lr1e-04_bs32_modL1_fusion32_fusionL1_drop0p2_trmiss80_trlocclin,7,0.5930332740147909,0.7593880593776703,0.4655172413793104,0.6441751472174083,0.4,0.0,0.0,0.0,0.0,2002,clin,0.8
4,4,lr1e-04_bs32_modL1_fusion32_fusionL1_drop0p2_trmiss80_trlocclin,32,0.0001,1,32,1,0.2,lr1e-04_bs32_modL1_fusion32_fusionL1_drop0p2_trmiss80_trlocclin,8,0.5878889362017313,0.7567026019096375,0.46336206896551724,0.6572581628992179,0.4222222222222222,0.0,0.0,0.0,0.0,2002,clin,0.8
4,4,lr1e-04_bs32_modL1_fusion32_fusionL1_drop0p2_trmiss80_trlocclin,32,0.0001,1,32,1,0.2,lr1e-04_bs32_modL1_fusion32_fusionL1_drop0p2_trmiss80_trlocclin,9,0.5771089096864065,0.7557432055473328,0.47198275862068967,0.6618263677313496,0.4222222222222222,0.0,0.0,0.0,0.0,2002,clin,0.8
4,4,lr1e-04_bs32_modL1_fusion32_fusionL1_drop0p2_trmiss80_trlocclin,32,0.0001,1,32,1,0.2,lr1e-04_bs32_modL1_fusion32_fusionL1_drop0p2_trmiss80_trlocclin,10,0.5825310448805491,0.7592861652374268,0.43318965517241376,0.6368391550649458,0.4,0.0,0.0,0.0,0.0,2002,clin,0.8
4,4,lr1e-04_bs32_modL1_fusion32_fusionL1_drop0p2_trmiss80_trlocclin,32,0.0001,1,32,1,0.2,lr1e-04_bs32_modL1_fusion32_fusionL1_drop0p2_trmiss80_trlocclin,11,0.5793070395787557,0.7618310153484344,0.415948275862069,0.6321917263950805,0.4,0.0,0.0,0.0,0.0,2002,clin,0.8
4,4,lr1e-04_bs32_modL1_fusion32_fusionL1_drop0p2_trmiss80_trlocclin,32,0.0001,1,32,1,0.2,lr1e-04_bs32_modL1_fusion32_fusionL1_drop0p2_trmiss80_trlocclin,12,0.5960420072078705,0.7640399634838104,0.4224137931034483,0.6373403813703886,0.37777777777777777,0.0,0.0,0.0,0.0,2002,clin,0.8
4,4,lr1e-04_bs32_modL1_fusion32_fusionL1_drop0p2_trmiss80_trlocclin,32,0.0001,1,32,1,0.2,lr1e-04_bs32_modL1_fusion32_fusionL1_drop0p2_trmiss80_trlocclin,13,0.5624190966288248,0.7681596577167511,0.4181034482758621,0.6329338303308463,0.35555555555555557,0.0,0.0,0.0,0.0,2002,clin,0.8
4,4,lr1e-04_bs32_modL1_fusion32_fusionL1_drop0p2_trmiss80_trlocclin,32,0.0001,1,32,1,0.2,lr1e-04_bs32_modL1_fusion32_fusionL1_drop0p2_trmiss80_trlocclin,14,0.551378975311915,0.7684876918792725,0.4181034482758621,0.6334590063933485,0.35555555555555557,0.0,0.0,0.0,0.0,2002,clin,0.8
4,4,lr1e-04_bs32_modL1_fusion32_fusionL1_drop0p2_trmiss80_trlocclin,32,0.0001,1,32,1,0.2,lr1e-04_bs32_modL1_fusion32_fusionL1_drop0p2_trmiss80_trlocclin,15,0.5603914062182108,0.7683916091918945,0.41810344827586204,0.6334090381253816,0.35555555555555557,0.0,0.0,0.0,0.0,2002,clin,0.8
4,4,lr1e-04_bs32_modL1_fusion32_fusionL1_drop0p2_trmiss80_trlocclin,32,0.0001,1,32,1,0.2,lr1e-04_bs32_modL1_fusion32_fusionL1_drop0p2_trmiss80_trlocclin,16,0.536211093266805,0.7677356600761414,0.41163793103448276,0.6409565823354971,0.37777777777777777,0.0,0.0,0.0,0.0,2002,clin,0.8
4,4,lr1e-04_bs32_modL1_fusion32_fusionL1_drop0p2_trmiss80_trlocclin,32,0.0001,1,32,1,0.2,lr1e-04_bs32_modL1_fusion32_fusionL1_drop0p2_trmiss80_trlocclin,17,0.5412406126658121,0.7695368826389313,0.4181034482758621,0.6351341593224049,0.37777777777777777,0.0,0.0,0.0,0.0,2002,clin,0.8
4,4,lr1e-04_bs32_modL1_fusion32_fusionL1_drop0p2_trmiss80_trlocclin,32,0.0001,1,32,1,0.2,lr1e-04_bs32_modL1_fusion32_fusionL1_drop0p2_trmiss80_trlocclin,18,0.5526047050952911,0.7705883681774139,0.4288793103448276,0.6579322840695551,0.37777777777777777,0.0,0.0,0.0,0.0,2002,clin,0.8
4,4,lr1e-04_bs32_modL1_fusion32_fusionL1_drop0p2_trmiss80_trlocclin,32,0.0001,1,32,1,0.2,lr1e-04_bs32_modL1_fusion32_fusionL1_drop0p2_trmiss80_trlocclin,19,0.537908007701238,0.7738148272037506,0.42887931034482757,0.657674648763149,0.37777777777777777,0.0,0.0,0.0,0.0,2002,clin,0.8
4,4,lr1e-04_bs32_modL1_fusion32_fusionL1_drop0p2_trmiss80_trlocclin,32,0.0001,1,32,1,0.2,lr1e-04_bs32_modL1_fusion32_fusionL1_drop0p2_trmiss80_trlocclin,20,0.5427468419075012,0.7755303382873535,0.4245689655172414,0.658661032142469,0.37777777777777777,0.0,0.0,0.0,0.0,2002,clin,0.8
4,4,lr1e-04_bs32_modL1_fusion32_fusionL1_drop0p2_trmiss80_trlocclin,32,0.0001,1,32,1,0.2,lr1e-04_bs32_modL1_fusion32_fusionL1_drop0p2_trmiss80_trlocclin,21,0.52688929438591,0.7806026637554169,0.4181034482758621,0.6566235861692323,0.35555555555555557,0.0,0.0,0.0,0.0,2002,clin,0.8
4,4,lr1e-04_bs32_modL1_fusion32_fusionL1_drop0p2_trmiss80_trlocclin,32,0.0001,1,32,1,0.2,lr1e-04_bs32_modL1_fusion32_fusionL1_drop0p2_trmiss80_trlocclin,22,0.5259118676185608,0.7769250571727753,0.41163793103448276,0.6538001628369102,0.35555555555555557,0.0,0.0,0.0,0.0,2002,clin,0.8
4,4,lr1e-04_bs32_modL1_fusion32_fusionL1_drop0p2_trmiss80_trlocclin,32,0.0001,1,32,1,0.2,lr1e-04_bs32_modL1_fusion32_fusionL1_drop0p2_trmiss80_trlocclin,23,0.5246509412924448,0.7796787619590759,0.4181034482758621,0.6497291022697428,0.35555555555555557,0.0,0.0,0.0,0.0,2002,clin,0.8
4,4,lr1e-04_bs32_modL1_fusion32_fusionL1_drop0p2_trmiss80_trlocclin,32,0.0001,1,32,1,0.2,lr1e-04_bs32_modL1_fusion32_fusionL1_drop0p2_trmiss80_trlocclin,24,0.5258768449227015,0.7778460681438446,0.415948275862069,0.6515569477455013,0.35555555555555557,0.0,0.0,0.0,0.0,2002,clin,0.8
4,4,lr1e-04_bs32_modL1_fusion32_fusionL1_drop0p1_trmiss80_trlocclin,32,0.0001,1,32,1,0.1,lr1e-04_bs32_modL1_fusion32_fusionL1_drop0p1_trmiss80_trlocclin,1,0.7175391316413879,0.7384437620639801,0.3426724137931034,0.6168340534117077,0.37777777777777777,0.0,0.0,0.0,0.0,2002,clin,0.8
4,4,lr1e-04_bs32_modL1_fusion32_fusionL1_drop0p1_trmiss80_trlocclin,32,0.0001,1,32,1,0.1,lr1e-04_bs32_modL1_fusion32_fusionL1_drop0p1_trmiss80_trlocclin,2,0.6622287730375925,0.736120879650116,0.41379310344827586,0.6412373654413074,0.37777777777777777,0.0,0.0,0.0,0.0,2002,clin,0.8
4,4,lr1e-04_bs32_modL1_fusion32_fusionL1_drop0p1_trmiss80_trlocclin,32,0.0001,1,32,1,0.1,lr1e-04_bs32_modL1_fusion32_fusionL1_drop0p1_trmiss80_trlocclin,3,0.6468086838722229,0.7394778430461884,0.4547413793103448,0.6669128871513118,0.37777777777777777,0.0,0.0,0.0,0.0,2002,clin,0.8
4,4,lr1e-04_bs32_modL1_fusion32_fusionL1_drop0p1_trmiss80_trlocclin,32,0.0001,1,32,1,0.1,lr1e-04_bs32_modL1_fusion32_fusionL1_drop0p1_trmiss80_trlocclin,4,0.6037962138652802,0.742010235786438,0.45474137931034486,0.6675175381935073,0.4222222222222222,0.0,0.0,0.0,0.0,2002,clin,0.8
4,4,lr1e-04_bs32_modL1_fusion32_fusionL1_drop0p1_trmiss80_trlocclin,32,0.0001,1,32,1,0.1,lr1e-04_bs32_modL1_fusion32_fusionL1_drop0p1_trmiss80_trlocclin,5,0.5792861183484396,0.7521694600582123,0.43749999999999994,0.6564521543381289,0.4444444444444444,0.0,0.0,0.0,0.0,2002,clin,0.8
4,4,lr1e-04_bs32_modL1_fusion32_fusionL1_drop0p1_trmiss80_trlocclin,32,0.0001,1,32,1,0.1,lr1e-04_bs32_modL1_fusion32_fusionL1_drop0p1_trmiss80_trlocclin,6,0.5774767696857452,0.7651644051074982,0.4331896551724138,0.6603380076795176,0.4222222222222222,0.0,0.0,0.0,0.0,2002,clin,0.8
4,4,lr1e-04_bs32_modL1_fusion32_fusionL1_drop0p1_trmiss80_trlocclin,32,0.0001,1,32,1,0.1,lr1e-04_bs32_modL1_fusion32_fusionL1_drop0p1_trmiss80_trlocclin,7,0.5587919851144155,0.7770923972129822,0.40086206896551724,0.6224227930133358,0.4222222222222222,0.0,0.0,0.0,0.0,2002,clin,0.8
4,4,lr1e-04_bs32_modL1_fusion32_fusionL1_drop0p1_trmiss80_trlocclin,32,0.0001,1,32,1,0.1,lr1e-04_bs32_modL1_fusion32_fusionL1_drop0p1_trmiss80_trlocclin,8,0.5318638483683268,0.7809265553951263,0.3943965517241379,0.6160148119057186,0.4222222222222222,0.0,0.0,0.0,0.0,2002,clin,0.8
4,4,lr1e-04_bs32_modL1_fusion32_fusionL1_drop0p1_trmiss80_trlocclin,32,0.0001,1,32,1,0.1,lr1e-04_bs32_modL1_fusion32_fusionL1_drop0p1_trmiss80_trlocclin,9,0.5142133285601934,0.7789968252182007,0.39870689655172414,0.6187077673765695,0.4,0.0,0.0,0.0,0.0,2002,clin,0.8
4,4,lr1e-04_bs32_modL1_fusion32_fusionL1_drop0p1_trmiss80_trlocclin,32,0.0001,1,32,1,0.1,lr1e-04_bs32_modL1_fusion32_fusionL1_drop0p1_trmiss80_trlocclin,10,0.5126920690139135,0.7817716300487518,0.3879310344827586,0.6169863560414669,0.4,0.0,0.0,0.0,0.0,2002,clin,0.8
4,4,lr1e-04_bs32_modL1_fusion32_fusionL1_drop0p1_trmiss80_trlocclin,32,0.0001,1,32,1,0.1,lr1e-04_bs32_modL1_fusion32_fusionL1_drop0p1_trmiss80_trlocclin,11,0.5028851826985677,0.7821111977100372,0.3965517241379311,0.6185892836744908,0.4,0.0,0.0,0.0,0.0,2002,clin,0.8
4,4,lr1e-04_bs32_modL1_fusion32_fusionL1_drop0p1_trmiss80_trlocclin,32,0.0001,1,32,1,0.1,lr1e-04_bs32_modL1_fusion32_fusionL1_drop0p1_trmiss80_trlocclin,12,0.4967755973339081,0.7764975130558014,0.41594827586206895,0.629698244380441,0.4,0.0,0.0,0.0,0.0,2002,clin,0.8
4,4,lr1e-04_bs32_modL1_fusion32_fusionL1_drop0p1_trmiss80_trlocclin,32,0.0001,1,32,1,0.1,lr1e-04_bs32_modL1_fusion32_fusionL1_drop0p1_trmiss80_trlocclin,13,0.48905181884765625,0.7814963757991791,0.4375,0.6513835675563695,0.4,0.0,0.0,0.0,0.0,2002,clin,0.8
4,4,lr1e-04_bs32_modL1_fusion32_fusionL1_drop0p1_trmiss80_trlocclin,32,0.0001,1,32,1,0.1,lr1e-04_bs32_modL1_fusion32_fusionL1_drop0p1_trmiss80_trlocclin,14,0.48067231973012287,0.7830267548561096,0.43965517241379315,0.6529861427055765,0.4,0.0,0.0,0.0,0.0,2002,clin,0.8
4,4,lr1e-04_bs32_modL1_fusion32_fusionL1_drop0p1_trmiss80_trlocclin,32,0.0001,1,32,1,0.1,lr1e-04_bs32_modL1_fusion32_fusionL1_drop0p1_trmiss80_trlocclin,15,0.4912167688210805,0.7800055146217346,0.4547413793103448,0.659747601715795,0.4,0.0,0.0,0.0,0.0,2002,clin,0.8
4,4,lr1e-04_bs32_modL1_fusion32_fusionL1_drop0p1_trmiss80_trlocclin,32,0.0001,1,32,1,0.1,lr1e-04_bs32_modL1_fusion32_fusionL1_drop0p1_trmiss80_trlocclin,16,0.468737135330836,0.7834056913852692,0.44612068965517243,0.6435516667064726,0.4,0.0,0.0,0.0,0.0,2002,clin,0.8
4,4,lr1e-04_bs32_modL1_fusion32_fusionL1_drop0p1_trmiss80_trlocclin,32,0.0001,1,32,1,0.1,lr1e-04_bs32_modL1_fusion32_fusionL1_drop0p1_trmiss80_trlocclin,17,0.4776736994584401,0.7875483334064484,0.44396551724137934,0.6566197897126034,0.4222222222222222,0.0,0.0,0.0,0.0,2002,clin,0.8
4,4,lr1e-04_bs32_modL1_fusion32_fusionL1_drop0p1_trmiss80_trlocclin,32,0.0001,1,32,1,0.1,lr1e-04_bs32_modL1_fusion32_fusionL1_drop0p1_trmiss80_trlocclin,18,0.4579582065343857,0.7873782515525818,0.4418103448275862,0.659632772485822,0.4222222222222222,0.0,0.0,0.0,0.0,2002,clin,0.8
4,4,lr1e-04_bs32_modL1_fusion32_fusionL1_drop0p1_trmiss80_trlocclin,32,0.0001,1,32,1,0.1,lr1e-04_bs32_modL1_fusion32_fusionL1_drop0p1_trmiss80_trlocclin,19,0.4621721754471461,0.7876914739608765,0.4375,0.6576337719860719,0.4444444444444444,0.0,0.0,0.0,0.0,2002,clin,0.8
4,4,lr1e-04_bs32_modL1_fusion32_fusionL1_drop0p1_trmiss80_trlocclin,32,0.0001,1,32,1,0.1,lr1e-04_bs32_modL1_fusion32_fusionL1_drop0p1_trmiss80_trlocclin,20,0.46907510856787366,0.7912409901618958,0.43534482758620685,0.6563597801021219,0.4444444444444444,0.0,0.0,0.0,0.0,2002,clin,0.8
4,4,lr1e-04_bs32_modL1_fusion32_fusionL1_drop0p1_trmiss80_trlocclin,32,0.0001,1,32,1,0.1,lr1e-04_bs32_modL1_fusion32_fusionL1_drop0p1_trmiss80_trlocclin,21,0.4604128797849019,0.7898803055286407,0.4396551724137931,0.6510741653337485,0.4444444444444444,0.0,0.0,0.0,0.0,2002,clin,0.8
4,4,lr1e-04_bs32_modL1_fusion32_fusionL1_drop0p1_trmiss80_trlocclin,32,0.0001,1,32,1,0.1,lr1e-04_bs32_modL1_fusion32_fusionL1_drop0p1_trmiss80_trlocclin,22,0.46176405747731525,0.7872170805931091,0.43318965517241376,0.6425235205762072,0.4444444444444444,0.0,0.0,0.0,0.0,2002,clin,0.8
4,4,lr1e-04_bs32_modL1_fusion32_fusionL1_drop0p1_trmiss80_trlocclin,32,0.0001,1,32,1,0.1,lr1e-04_bs32_modL1_fusion32_fusionL1_drop0p1_trmiss80_trlocclin,23,0.4475928743680318,0.7886601984500885,0.43103448275862066,0.6434317850399746,0.4444444444444444,0.0,0.0,0.0,0.0,2002,clin,0.8
4,4,lr1e-04_bs32_modL1_fusion32_fusionL1_drop0p1_trmiss80_trlocclin,32,0.0001,1,32,1,0.1,lr1e-04_bs32_modL1_fusion32_fusionL1_drop0p1_trmiss80_trlocclin,24,0.4560481111208598,0.7877176702022552,0.43534482758620685,0.6468579565695942,0.4444444444444444,0.0,0.0,0.0,0.0,2002,clin,0.8
4,4,lr1e-04_bs32_modL1_fusion64_fusionL1_drop0p2_trmiss80_trlocclin,32,0.0001,1,64,1,0.2,lr1e-04_bs32_modL1_fusion64_fusionL1_drop0p2_trmiss80_trlocclin,1,0.7512905498345693,0.7239153683185577,0.38146551724137934,0.5913751451710304,0.37777777777777777,0.0,0.0,0.0,0.0,2002,clin,0.8
4,4,lr1e-04_bs32_modL1_fusion64_fusionL1_drop0p2_trmiss80_trlocclin,32,0.0001,1,64,1,0.2,lr1e-04_bs32_modL1_fusion64_fusionL1_drop0p2_trmiss80_trlocclin,2,0.6994377076625824,0.7360583245754242,0.375,0.5726898312875608,0.3333333333333333,0.0,0.0,0.0,0.0,2002,clin,0.8
4,4,lr1e-04_bs32_modL1_fusion64_fusionL1_drop0p2_trmiss80_trlocclin,32,0.0001,1,64,1,0.2,lr1e-04_bs32_modL1_fusion64_fusionL1_drop0p2_trmiss80_trlocclin,3,0.6878819564978281,0.7503883540630341,0.3620689655172414,0.5629352582100073,0.28888888888888886,0.0,0.0,0.0,0.0,2002,clin,0.8
4,4,lr1e-04_bs32_modL1_fusion64_fusionL1_drop0p2_trmiss80_trlocclin,32,0.0001,1,64,1,0.2,lr1e-04_bs32_modL1_fusion64_fusionL1_drop0p2_trmiss80_trlocclin,4,0.6616888542970022,0.7602218389511108,0.3620689655172414,0.5560817113607819,0.28888888888888886,0.0,0.0,0.0,0.0,2002,clin,0.8
4,4,lr1e-04_bs32_modL1_fusion64_fusionL1_drop0p2_trmiss80_trlocclin,32,0.0001,1,64,1,0.2,lr1e-04_bs32_modL1_fusion64_fusionL1_drop0p2_trmiss80_trlocclin,5,0.6611783901850382,0.7717660367488861,0.3879310344827587,0.5697233243374797,0.3333333333333333,0.0,0.0,0.0,0.0,2002,clin,0.8
4,4,lr1e-04_bs32_modL1_fusion64_fusionL1_drop0p2_trmiss80_trlocclin,32,0.0001,1,64,1,0.2,lr1e-04_bs32_modL1_fusion64_fusionL1_drop0p2_trmiss80_trlocclin,6,0.6542797883351644,0.7709382772445679,0.41163793103448276,0.5815416620400911,0.4,0.0,0.0,0.0,0.0,2002,clin,0.8
4,4,lr1e-04_bs32_modL1_fusion64_fusionL1_drop0p2_trmiss80_trlocclin,32,0.0001,1,64,1,0.2,lr1e-04_bs32_modL1_fusion64_fusionL1_drop0p2_trmiss80_trlocclin,7,0.6166568597157797,0.7736138105392456,0.4375,0.5934218886745116,0.4222222222222222,0.0,0.0,0.0,0.0,2002,clin,0.8
4,4,lr1e-04_bs32_modL1_fusion64_fusionL1_drop0p2_trmiss80_trlocclin,32,0.0001,1,64,1,0.2,lr1e-04_bs32_modL1_fusion64_fusionL1_drop0p2_trmiss80_trlocclin,8,0.6257828672726949,0.7758627235889435,0.4288793103448276,0.5940670778650191,0.4,0.0,0.0,0.0,0.0,2002,clin,0.8
4,4,lr1e-04_bs32_modL1_fusion64_fusionL1_drop0p2_trmiss80_trlocclin,32,0.0001,1,64,1,0.2,lr1e-04_bs32_modL1_fusion64_fusionL1_drop0p2_trmiss80_trlocclin,9,0.6146504978338877,0.7757277190685272,0.4331896551724138,0.5952538276112063,0.4,0.0,0.0,0.0,0.0,2002,clin,0.8
4,4,lr1e-04_bs32_modL1_fusion64_fusionL1_drop0p2_trmiss80_trlocclin,32,0.0001,1,64,1,0.2,lr1e-04_bs32_modL1_fusion64_fusionL1_drop0p2_trmiss80_trlocclin,10,0.5960027873516083,0.7800703346729279,0.41379310344827586,0.5909148101818591,0.4,0.0,0.0,0.0,0.0,2002,clin,0.8
4,4,lr1e-04_bs32_modL1_fusion64_fusionL1_drop0p2_trmiss80_trlocclin,32,0.0001,1,64,1,0.2,lr1e-04_bs32_modL1_fusion64_fusionL1_drop0p2_trmiss80_trlocclin,11,0.6033251782258352,0.7781892120838165,0.4181034482758621,0.5973365555214165,0.4,0.0,0.0,0.0,0.0,2002,clin,0.8
4,4,lr1e-04_bs32_modL1_fusion64_fusionL1_drop0p2_trmiss80_trlocclin,32,0.0001,1,64,1,0.2,lr1e-04_bs32_modL1_fusion64_fusionL1_drop0p2_trmiss80_trlocclin,12,0.5804590582847595,0.7774173021316528,0.4224137931034483,0.6022059620561793,0.4,0.0,0.0,0.0,0.0,2002,clin,0.8
4,4,lr1e-04_bs32_modL1_fusion64_fusionL1_drop0p2_trmiss80_trlocclin,32,0.0001,1,64,1,0.2,lr1e-04_bs32_modL1_fusion64_fusionL1_drop0p2_trmiss80_trlocclin,13,0.5896122654279073,0.77461177110672,0.4353448275862069,0.6059411818056953,0.4,0.0,0.0,0.0,0.0,2002,clin,0.8
4,4,lr1e-04_bs32_modL1_fusion64_fusionL1_drop0p2_trmiss80_trlocclin,32,0.0001,1,64,1,0.2,lr1e-04_bs32_modL1_fusion64_fusionL1_drop0p2_trmiss80_trlocclin,14,0.5475174089272817,0.7745495438575745,0.44396551724137934,0.6159013757314207,0.4,0.0,0.0,0.0,0.0,2002,clin,0.8
4,4,lr1e-04_bs32_modL1_fusion64_fusionL1_drop0p2_trmiss80_trlocclin,32,0.0001,1,64,1,0.2,lr1e-04_bs32_modL1_fusion64_fusionL1_drop0p2_trmiss80_trlocclin,15,0.5704933603604635,0.7752473950386047,0.4331896551724138,0.6123380313034475,0.4,0.0,0.0,0.0,0.0,2002,clin,0.8
4,4,lr1e-04_bs32_modL1_fusion64_fusionL1_drop0p2_trmiss80_trlocclin,32,0.0001,1,64,1,0.2,lr1e-04_bs32_modL1_fusion64_fusionL1_drop0p2_trmiss80_trlocclin,16,0.5630948543548584,0.7737295627593994,0.42456896551724144,0.6011947193561913,0.4,0.0,0.0,0.0,0.0,2002,clin,0.8
4,4,lr1e-04_bs32_modL1_fusion64_fusionL1_drop0p2_trmiss80_trlocclin,32,0.0001,1,64,1,0.2,lr1e-04_bs32_modL1_fusion64_fusionL1_drop0p2_trmiss80_trlocclin,17,0.5598360300064087,0.7762618660926819,0.42025862068965514,0.6082374566786922,0.4,0.0,0.0,0.0,0.0,2002,clin,0.8
4,4,lr1e-04_bs32_modL1_fusion64_fusionL1_drop0p2_trmiss80_trlocclin,32,0.0001,1,64,1,0.2,lr1e-04_bs32_modL1_fusion64_fusionL1_drop0p2_trmiss80_trlocclin,18,0.5587514390548071,0.775599867105484,0.4224137931034483,0.6075466180568192,0.4,0.0,0.0,0.0,0.0,2002,clin,0.8
4,4,lr1e-04_bs32_modL1_fusion64_fusionL1_drop0p2_trmiss80_trlocclin,32,0.0001,1,64,1,0.2,lr1e-04_bs32_modL1_fusion64_fusionL1_drop0p2_trmiss80_trlocclin,19,0.5581312775611877,0.7725444138050079,0.4288793103448275,0.6146123375482224,0.4,0.0,0.0,0.0,0.0,2002,clin,0.8
4,4,lr1e-04_bs32_modL1_fusion64_fusionL1_drop0p2_trmiss80_trlocclin,32,0.0001,1,64,1,0.2,lr1e-04_bs32_modL1_fusion64_fusionL1_drop0p2_trmiss80_trlocclin,20,0.5485490560531616,0.7715595662593842,0.4353448275862069,0.6166423953604501,0.4,0.0,0.0,0.0,0.0,2002,clin,0.8
4,4,lr1e-04_bs32_modL1_fusion64_fusionL1_drop0p2_trmiss80_trlocclin,32,0.0001,1,64,1,0.2,lr1e-04_bs32_modL1_fusion64_fusionL1_drop0p2_trmiss80_trlocclin,21,0.5424164632956187,0.7734996378421783,0.43103448275862066,0.614688474693325,0.4,0.0,0.0,0.0,0.0,2002,clin,0.8
4,4,lr1e-04_bs32_modL1_fusion64_fusionL1_drop0p2_trmiss80_trlocclin,32,0.0001,1,64,1,0.2,lr1e-04_bs32_modL1_fusion64_fusionL1_drop0p2_trmiss80_trlocclin,22,0.5457171201705933,0.7686586081981659,0.4375,0.6195540895470493,0.4,0.0,0.0,0.0,0.0,2002,clin,0.8
4,4,lr1e-04_bs32_modL1_fusion64_fusionL1_drop0p2_trmiss80_trlocclin,32,0.0001,1,64,1,0.2,lr1e-04_bs32_modL1_fusion64_fusionL1_drop0p2_trmiss80_trlocclin,23,0.5449316998322805,0.7702558934688568,0.4418103448275862,0.6214080839694147,0.4,0.0,0.0,0.0,0.0,2002,clin,0.8
4,4,lr1e-04_bs32_modL1_fusion64_fusionL1_drop0p2_trmiss80_trlocclin,32,0.0001,1,64,1,0.2,lr1e-04_bs32_modL1_fusion64_fusionL1_drop0p2_trmiss80_trlocclin,24,0.5531256397565206,0.7728498876094818,0.4375,0.6193446560852405,0.4,0.0,0.0,0.0,0.0,2002,clin,0.8
4,4,lr1e-04_bs32_modL1_fusion64_fusionL1_drop0p2_trmiss80_trlocclin,32,0.0001,1,64,1,0.2,lr1e-04_bs32_modL1_fusion64_fusionL1_drop0p2_trmiss80_trlocclin,25,0.5567948520183563,0.7716800272464752,0.4375,0.6199170864236503,0.4,0.0,0.0,0.0,0.0,2002,clin,0.8
4,4,lr1e-04_bs32_modL1_fusion64_fusionL1_drop0p2_trmiss80_trlocclin,32,0.0001,1,64,1,0.2,lr1e-04_bs32_modL1_fusion64_fusionL1_drop0p2_trmiss80_trlocclin,26,0.5535321732362112,0.7731149792671204,0.43534482758620685,0.6185788811922304,0.37777777777777777,0.0,0.0,0.0,0.0,2002,clin,0.8
4,4,lr1e-04_bs32_modL1_fusion64_fusionL1_drop0p2_trmiss80_trlocclin,32,0.0001,1,64,1,0.2,lr1e-04_bs32_modL1_fusion64_fusionL1_drop0p2_trmiss80_trlocclin,27,0.5511879225571951,0.7743498682975769,0.4418103448275862,0.6204018773583564,0.4,0.0,0.0,0.0,0.0,2002,clin,0.8
4,4,lr1e-04_bs32_modL1_fusion64_fusionL1_drop0p2_trmiss80_trlocclin,32,0.0001,1,64,1,0.2,lr1e-04_bs32_modL1_fusion64_fusionL1_drop0p2_trmiss80_trlocclin,28,0.5461832185586294,0.7699300348758698,0.43965517241379304,0.6209508016141772,0.4,0.0,0.0,0.0,0.0,2002,clin,0.8
4,4,lr1e-04_bs32_modL1_fusion64_fusionL1_drop0p2_trmiss80_trlocclin,32,0.0001,1,64,1,0.2,lr1e-04_bs32_modL1_fusion64_fusionL1_drop0p2_trmiss80_trlocclin,29,0.5211615810791651,0.7721451222896576,0.4331896551724138,0.6184621690204571,0.4,0.0,0.0,0.0,0.0,2002,clin,0.8
4,4,lr1e-04_bs32_modL1_fusion64_fusionL1_drop0p2_trmiss80_trlocclin,32,0.0001,1,64,1,0.2,lr1e-04_bs32_modL1_fusion64_fusionL1_drop0p2_trmiss80_trlocclin,30,0.5294177581866583,0.7701726853847504,0.43103448275862066,0.6170912986894074,0.4,0.0,0.0,0.0,0.0,2002,clin,0.8
4,4,lr1e-04_bs32_modL1_fusion64_fusionL1_drop0p2_trmiss80_trlocclin,32,0.0001,1,64,1,0.2,lr1e-04_bs32_modL1_fusion64_fusionL1_drop0p2_trmiss80_trlocclin,31,0.541691521803538,0.7701303362846375,0.4331896551724138,0.6181559905750205,0.4,0.0,0.0,0.0,0.0,2002,clin,0.8
4,4,lr1e-04_bs32_modL1_fusion64_fusionL1_drop0p2_trmiss80_trlocclin,32,0.0001,1,64,1,0.2,lr1e-04_bs32_modL1_fusion64_fusionL1_drop0p2_trmiss80_trlocclin,32,0.541263202826182,0.7714360654354095,0.4331896551724138,0.6190354980058655,0.4,0.0,0.0,0.0,0.0,2002,clin,0.8
4,4,lr1e-04_bs32_modL1_fusion64_fusionL1_drop0p2_trmiss80_trlocclin,32,0.0001,1,64,1,0.2,lr1e-04_bs32_modL1_fusion64_fusionL1_drop0p2_trmiss80_trlocclin,33,0.5377826790014902,0.7692371606826782,0.4288793103448276,0.6166586549516444,0.4222222222222222,0.0,0.0,0.0,0.0,2002,clin,0.8
4,4,lr1e-04_bs32_modL1_fusion64_fusionL1_drop0p2_trmiss80_trlocclin,32,0.0001,1,64,1,0.2,lr1e-04_bs32_modL1_fusion64_fusionL1_drop0p2_trmiss80_trlocclin,34,0.5270787378152212,0.7699103057384491,0.4267241379310345,0.6153655515033687,0.4,0.0,0.0,0.0,0.0,2002,clin,0.8
4,4,lr1e-04_bs32_modL1_fusion64_fusionL1_drop0p1_trmiss80_trlocclin,32,0.0001,1,64,1,0.1,lr1e-04_bs32_modL1_fusion64_fusionL1_drop0p1_trmiss80_trlocclin,1,0.7040469646453857,0.684080183506012,0.5301724137931034,0.6870830518387239,0.5333333333333333,0.0,0.0,0.0,0.0,2002,clin,0.8
4,4,lr1e-04_bs32_modL1_fusion64_fusionL1_drop0p1_trmiss80_trlocclin,32,0.0001,1,64,1,0.1,lr1e-04_bs32_modL1_fusion64_fusionL1_drop0p1_trmiss80_trlocclin,2,0.6508539120356241,0.6945807635784149,0.4935344827586208,0.6395855178843155,0.5555555555555556,0.0,0.0,0.0,0.0,2002,clin,0.8
4,4,lr1e-04_bs32_modL1_fusion64_fusionL1_drop0p1_trmiss80_trlocclin,32,0.0001,1,64,1,0.1,lr1e-04_bs32_modL1_fusion64_fusionL1_drop0p1_trmiss80_trlocclin,3,0.6121255457401276,0.6968586146831512,0.5086206896551724,0.6403417040246158,0.5777777777777777,0.0,0.0,0.0,0.0,2002,clin,0.8
4,4,lr1e-04_bs32_modL1_fusion64_fusionL1_drop0p1_trmiss80_trlocclin,32,0.0001,1,64,1,0.1,lr1e-04_bs32_modL1_fusion64_fusionL1_drop0p1_trmiss80_trlocclin,4,0.6131259302298228,0.6996293067932129,0.5064655172413793,0.6445490087411221,0.6222222222222222,0.0,0.0,0.0,0.0,2002,clin,0.8
4,4,lr1e-04_bs32_modL1_fusion64_fusionL1_drop0p1_trmiss80_trlocclin,32,0.0001,1,64,1,0.1,lr1e-04_bs32_modL1_fusion64_fusionL1_drop0p1_trmiss80_trlocclin,5,0.5838742156823477,0.6975837051868439,0.5237068965517242,0.6456515216881308,0.6222222222222222,0.0,0.0,0.0,0.0,2002,clin,0.8
4,4,lr1e-04_bs32_modL1_fusion64_fusionL1_drop0p1_trmiss80_trlocclin,32,0.0001,1,64,1,0.1,lr1e-04_bs32_modL1_fusion64_fusionL1_drop0p1_trmiss80_trlocclin,6,0.5613936086495718,0.7036035060882568,0.5,0.6348218856746161,0.6222222222222222,0.0,0.0,0.0,0.0,2002,clin,0.8
4,4,lr1e-04_bs32_modL1_fusion64_fusionL1_drop0p1_trmiss80_trlocclin,32,0.0001,1,64,1,0.1,lr1e-04_bs32_modL1_fusion64_fusionL1_drop0p1_trmiss80_trlocclin,7,0.5417185922463735,0.7096424102783203,0.5021551724137931,0.6500745989953445,0.5777777777777777,0.0,0.0,0.0,0.0,2002,clin,0.8
4,4,lr1e-04_bs32_modL1_fusion64_fusionL1_drop0p1_trmiss80_trlocclin,32,0.0001,1,64,1,0.1,lr1e-04_bs32_modL1_fusion64_fusionL1_drop0p1_trmiss80_trlocclin,8,0.5253504713376363,0.7081818282604218,0.4956896551724138,0.6487799507980075,0.5777777777777777,0.0,0.0,0.0,0.0,2002,clin,0.8
4,4,lr1e-04_bs32_modL1_fusion64_fusionL1_drop0p1_trmiss80_trlocclin,32,0.0001,1,64,1,0.1,lr1e-04_bs32_modL1_fusion64_fusionL1_drop0p1_trmiss80_trlocclin,9,0.5211803565422694,0.7103324830532074,0.4892241379310345,0.6438162878345425,0.5777777777777777,0.0,0.0,0.0,0.0,2002,clin,0.8
4,4,lr1e-04_bs32_modL1_fusion64_fusionL1_drop0p1_trmiss80_trlocclin,32,0.0001,1,64,1,0.1,lr1e-04_bs32_modL1_fusion64_fusionL1_drop0p1_trmiss80_trlocclin,10,0.5071684420108795,0.7076192796230316,0.4935344827586207,0.6459020983775469,0.6,0.0,0.0,0.0,0.0,2002,clin,0.8
4,4,lr1e-04_bs32_modL1_fusion64_fusionL1_drop0p1_trmiss80_trlocclin,32,0.0001,1,64,1,0.1,lr1e-04_bs32_modL1_fusion64_fusionL1_drop0p1_trmiss80_trlocclin,11,0.4975447009007136,0.7066154479980469,0.5,0.6512775713322875,0.5777777777777777,0.0,0.0,0.0,0.0,2002,clin,0.8
4,4,lr1e-04_bs32_modL1_fusion64_fusionL1_drop0p1_trmiss80_trlocclin,32,0.0001,1,64,1,0.1,lr1e-04_bs32_modL1_fusion64_fusionL1_drop0p1_trmiss80_trlocclin,12,0.49014971156915027,0.7049441039562225,0.4956896551724138,0.6460678906319444,0.5777777777777777,0.0,0.0,0.0,0.0,2002,clin,0.8
4,4,lr1e-04_bs32_modL1_fusion64_fusionL1_drop0p1_trmiss80_trlocclin,32,0.0001,1,64,1,0.1,lr1e-04_bs32_modL1_fusion64_fusionL1_drop0p1_trmiss80_trlocclin,13,0.48977098365624744,0.7050866484642029,0.49137931034482757,0.6435429468674518,0.5777777777777777,0.0,0.0,0.0,0.0,2002,clin,0.8
4,4,lr1e-04_bs32_modL1_fusion64_fusionL1_drop0p1_trmiss80_trlocclin,32,0.0001,1,64,1,0.1,lr1e-04_bs32_modL1_fusion64_fusionL1_drop0p1_trmiss80_trlocclin,14,0.48310523728529614,0.7073484361171722,0.49784482758620696,0.65142218070318,0.5777777777777777,0.0,0.0,0.0,0.0,2002,clin,0.8
4,4,lr1e-04_bs32_modL1_fusion64_fusionL1_drop0p1_trmiss80_trlocclin,32,0.0001,1,64,1,0.1,lr1e-04_bs32_modL1_fusion64_fusionL1_drop0p1_trmiss80_trlocclin,15,0.46875082949797314,0.708399087190628,0.4870689655172414,0.6409594633439109,0.5777777777777777,0.0,0.0,0.0,0.0,2002,clin,0.8
4,4,lr1e-04_bs32_modL1_fusion64_fusionL1_drop0p1_trmiss80_trlocclin,32,0.0001,1,64,1,0.1,lr1e-04_bs32_modL1_fusion64_fusionL1_drop0p1_trmiss80_trlocclin,16,0.4829011758168538,0.709831178188324,0.47413793103448276,0.634760245139248,0.5777777777777777,0.0,0.0,0.0,0.0,2002,clin,0.8
4,4,lr1e-04_bs32_modL1_fusion64_fusionL1_drop0p1_trmiss80_trlocclin,32,0.0001,1,64,1,0.1,lr1e-04_bs32_modL1_fusion64_fusionL1_drop0p1_trmiss80_trlocclin,17,0.4717885951201121,0.7087982892990112,0.4698275862068966,0.6332346032660168,0.5777777777777777,0.0,0.0,0.0,0.0,2002,clin,0.8
4,4,lr1e-04_bs32_modL1_fusion64_fusionL1_drop0p1_trmiss80_trlocclin,32,0.0001,1,64,1,0.1,lr1e-04_bs32_modL1_fusion64_fusionL1_drop0p1_trmiss80_trlocclin,18,0.4563126415014267,0.7078990042209625,0.4849137931034483,0.6596475274910333,0.5777777777777777,0.0,0.0,0.0,0.0,2002,clin,0.8
4,4,lr1e-04_bs32_modL1_fusion64_fusionL1_drop0p1_trmiss80_trlocclin,32,0.0001,1,64,1,0.1,lr1e-04_bs32_modL1_fusion64_fusionL1_drop0p1_trmiss80_trlocclin,19,0.46553123493989307,0.7064559161663055,0.48275862068965514,0.6560461609452877,0.5777777777777777,0.0,0.0,0.0,0.0,2002,clin,0.8
4,4,lr1e-04_bs32_modL1_fusion64_fusionL1_drop0p1_trmiss80_trlocclin,32,0.0001,1,64,1,0.1,lr1e-04_bs32_modL1_fusion64_fusionL1_drop0p1_trmiss80_trlocclin,20,0.4605915943781535,0.7067088484764099,0.48060344827586204,0.6556254997974296,0.5555555555555556,0.0,0.0,0.0,0.0,2002,clin,0.8
4,4,lr1e-04_bs32_modL1_fusion64_fusionL1_drop0p1_trmiss80_trlocclin,32,0.0001,1,64,1,0.1,lr1e-04_bs32_modL1_fusion64_fusionL1_drop0p1_trmiss80_trlocclin,21,0.46505571405092877,0.709023505449295,0.4806034482758621,0.6412209748624951,0.5777777777777777,0.0,0.0,0.0,0.0,2002,clin,0.8
4,5,lr5e-05_bs16_modL1_fusion32_fusionL1_drop0p2_trmiss80_trlocclin,16,5e-05,1,32,1,0.2,lr5e-05_bs16_modL1_fusion32_fusionL1_drop0p2_trmiss80_trlocclin,1,0.7717119703690211,0.7313312292098999,0.4762931034482759,0.7048843528012771,0.35555555555555557,0.0,0.0,0.0,0.0,2002,clin,0.8
4,5,lr5e-05_bs16_modL1_fusion32_fusionL1_drop0p2_trmiss80_trlocclin,16,5e-05,1,32,1,0.2,lr5e-05_bs16_modL1_fusion32_fusionL1_drop0p2_trmiss80_trlocclin,2,0.7297838826974233,0.7615035573641459,0.4525862068965517,0.660017591672138,0.37777777777777777,0.0,0.0,0.0,0.0,2002,clin,0.8
4,5,lr5e-05_bs16_modL1_fusion32_fusionL1_drop0p2_trmiss80_trlocclin,16,5e-05,1,32,1,0.2,lr5e-05_bs16_modL1_fusion32_fusionL1_drop0p2_trmiss80_trlocclin,3,0.7117758840322495,0.7701441446940104,0.4482758620689655,0.654610974848665,0.4222222222222222,0.0,0.0,0.0,0.0,2002,clin,0.8
4,5,lr5e-05_bs16_modL1_fusion32_fusionL1_drop0p2_trmiss80_trlocclin,16,5e-05,1,32,1,0.2,lr5e-05_bs16_modL1_fusion32_fusionL1_drop0p2_trmiss80_trlocclin,4,0.714558536807696,0.7669150829315186,0.4762931034482758,0.6845281588914917,0.4444444444444444,0.0,0.0,0.0,0.0,2002,clin,0.8
4,5,lr5e-05_bs16_modL1_fusion32_fusionL1_drop0p2_trmiss80_trlocclin,16,5e-05,1,32,1,0.2,lr5e-05_bs16_modL1_fusion32_fusionL1_drop0p2_trmiss80_trlocclin,5,0.7001490866144499,0.7710990508397421,0.4870689655172414,0.6918313253968102,0.4444444444444444,0.0,0.0,0.0,0.0,2002,clin,0.8
4,5,lr5e-05_bs16_modL1_fusion32_fusionL1_drop0p2_trmiss80_trlocclin,16,5e-05,1,32,1,0.2,lr5e-05_bs16_modL1_fusion32_fusionL1_drop0p2_trmiss80_trlocclin,6,0.7050636410713196,0.7690310875574747,0.5021551724137931,0.6965647924310291,0.4444444444444444,0.0,0.0,0.0,0.0,2002,clin,0.8
4,5,lr5e-05_bs16_modL1_fusion32_fusionL1_drop0p2_trmiss80_trlocclin,16,5e-05,1,32,1,0.2,lr5e-05_bs16_modL1_fusion32_fusionL1_drop0p2_trmiss80_trlocclin,7,0.6724192202091217,0.7610486149787903,0.49784482758620685,0.6944722613133966,0.4444444444444444,0.0,0.0,0.0,0.0,2002,clin,0.8
4,5,lr5e-05_bs16_modL1_fusion32_fusionL1_drop0p2_trmiss80_trlocclin,16,5e-05,1,32,1,0.2,lr5e-05_bs16_modL1_fusion32_fusionL1_drop0p2_trmiss80_trlocclin,8,0.659026101231575,0.760196308294932,0.4806034482758621,0.6885807133843215,0.4222222222222222,0.0,0.0,0.0,0.0,2002,clin,0.8
4,5,lr5e-05_bs16_modL1_fusion32_fusionL1_drop0p2_trmiss80_trlocclin,16,5e-05,1,32,1,0.2,lr5e-05_bs16_modL1_fusion32_fusionL1_drop0p2_trmiss80_trlocclin,9,0.6657317578792572,0.7635559439659119,0.5021551724137931,0.6994944812060525,0.4444444444444444,0.0,0.0,0.0,0.0,2002,clin,0.8
4,5,lr5e-05_bs16_modL1_fusion32_fusionL1_drop0p2_trmiss80_trlocclin,16,5e-05,1,32,1,0.2,lr5e-05_bs16_modL1_fusion32_fusionL1_drop0p2_trmiss80_trlocclin,10,0.6562639400362968,0.7734618782997131,0.48706896551724144,0.6936186589089611,0.4444444444444444,0.0,0.0,0.0,0.0,2002,clin,0.8
4,5,lr5e-05_bs16_modL1_fusion32_fusionL1_drop0p2_trmiss80_trlocclin,16,5e-05,1,32,1,0.2,lr5e-05_bs16_modL1_fusion32_fusionL1_drop0p2_trmiss80_trlocclin,11,0.6565409153699875,0.7710453271865845,0.4892241379310345,0.6857169548175629,0.4444444444444444,0.0,0.0,0.0,0.0,2002,clin,0.8
4,5,lr5e-05_bs16_modL1_fusion32_fusionL1_drop0p2_trmiss80_trlocclin,16,5e-05,1,32,1,0.2,lr5e-05_bs16_modL1_fusion32_fusionL1_drop0p2_trmiss80_trlocclin,12,0.667224774758021,0.7660961151123047,0.47844827586206895,0.6755331721402161,0.4,0.0,0.0,0.0,0.0,2002,clin,0.8
4,5,lr5e-05_bs16_modL1_fusion32_fusionL1_drop0p2_trmiss80_trlocclin,16,5e-05,1,32,1,0.2,lr5e-05_bs16_modL1_fusion32_fusionL1_drop0p2_trmiss80_trlocclin,13,0.642170583208402,0.7667263150215149,0.4827586206896552,0.6838307953992732,0.4222222222222222,0.0,0.0,0.0,0.0,2002,clin,0.8
4,5,lr5e-05_bs16_modL1_fusion32_fusionL1_drop0p2_trmiss80_trlocclin,16,5e-05,1,32,1,0.2,lr5e-05_bs16_modL1_fusion32_fusionL1_drop0p2_trmiss80_trlocclin,14,0.6494197696447372,0.7736437916755676,0.4676724137931035,0.6740903352734177,0.4444444444444444,0.0,0.0,0.0,0.0,2002,clin,0.8
4,5,lr5e-05_bs16_modL1_fusion32_fusionL1_drop0p2_trmiss80_trlocclin,16,5e-05,1,32,1,0.2,lr5e-05_bs16_modL1_fusion32_fusionL1_drop0p2_trmiss80_trlocclin,15,0.6515731165806452,0.771503766377767,0.4827586206896552,0.6764317788152446,0.4,0.0,0.0,0.0,0.0,2002,clin,0.8
4,5,lr5e-05_bs16_modL1_fusion32_fusionL1_drop0p2_trmiss80_trlocclin,16,5e-05,1,32,1,0.2,lr5e-05_bs16_modL1_fusion32_fusionL1_drop0p2_trmiss80_trlocclin,16,0.6511242116491,0.7747474114100138,0.47629310344827586,0.6848112736832556,0.4444444444444444,0.0,0.0,0.0,0.0,2002,clin,0.8
4,5,lr5e-05_bs16_modL1_fusion32_fusionL1_drop0p2_trmiss80_trlocclin,16,5e-05,1,32,1,0.2,lr5e-05_bs16_modL1_fusion32_fusionL1_drop0p2_trmiss80_trlocclin,17,0.6254957665999731,0.7731122175852457,0.4676724137931034,0.6578532471241902,0.4222222222222222,0.0,0.0,0.0,0.0,2002,clin,0.8
4,5,lr5e-05_bs16_modL1_fusion32_fusionL1_drop0p2_trmiss80_trlocclin,16,5e-05,1,32,1,0.2,lr5e-05_bs16_modL1_fusion32_fusionL1_drop0p2_trmiss80_trlocclin,18,0.6110077202320099,0.7715376814206442,0.4827586206896552,0.6736842232162703,0.4222222222222222,0.0,0.0,0.0,0.0,2002,clin,0.8
4,5,lr5e-05_bs16_modL1_fusion32_fusionL1_drop0p2_trmiss80_trlocclin,16,5e-05,1,32,1,0.2,lr5e-05_bs16_modL1_fusion32_fusionL1_drop0p2_trmiss80_trlocclin,19,0.614250510931015,0.7729059855143229,0.48275862068965525,0.6783102863706775,0.4222222222222222,0.0,0.0,0.0,0.0,2002,clin,0.8
4,5,lr5e-05_bs16_modL1_fusion32_fusionL1_drop0p2_trmiss80_trlocclin,16,5e-05,1,32,1,0.2,lr5e-05_bs16_modL1_fusion32_fusionL1_drop0p2_trmiss80_trlocclin,20,0.6259933511416117,0.7630704243977865,0.4892241379310345,0.6863988679202647,0.4222222222222222,0.0,0.0,0.0,0.0,2002,clin,0.8
4,5,lr5e-05_bs16_modL1_fusion32_fusionL1_drop0p2_trmiss80_trlocclin,16,5e-05,1,32,1,0.2,lr5e-05_bs16_modL1_fusion32_fusionL1_drop0p2_trmiss80_trlocclin,21,0.6346602936585745,0.7807438572247823,0.4849137931034483,0.6699865055574161,0.4222222222222222,0.0,0.0,0.0,0.0,2002,clin,0.8
4,5,lr5e-05_bs16_modL1_fusion32_fusionL1_drop0p2_trmiss80_trlocclin,16,5e-05,1,32,1,0.2,lr5e-05_bs16_modL1_fusion32_fusionL1_drop0p2_trmiss80_trlocclin,22,0.6418807109196981,0.781093955039978,0.4870689655172414,0.6753514092218249,0.4222222222222222,0.0,0.0,0.0,0.0,2002,clin,0.8
4,5,lr5e-05_bs16_modL1_fusion32_fusionL1_drop0p2_trmiss80_trlocclin,16,5e-05,1,32,1,0.2,lr5e-05_bs16_modL1_fusion32_fusionL1_drop0p2_trmiss80_trlocclin,23,0.6567607720692953,0.7753639221191406,0.4935344827586207,0.6602418338876292,0.4222222222222222,0.0,0.0,0.0,0.0,2002,clin,0.8
4,5,lr5e-05_bs16_modL1_fusion32_fusionL1_drop0p2_trmiss80_trlocclin,16,5e-05,1,32,1,0.2,lr5e-05_bs16_modL1_fusion32_fusionL1_drop0p2_trmiss80_trlocclin,24,0.6296319365501404,0.7671047449111938,0.49137931034482757,0.6573736759211739,0.4222222222222222,0.0,0.0,0.0,0.0,2002,clin,0.8
4,5,lr5e-05_bs16_modL1_fusion32_fusionL1_drop0p2_trmiss80_trlocclin,16,5e-05,1,32,1,0.2,lr5e-05_bs16_modL1_fusion32_fusionL1_drop0p2_trmiss80_trlocclin,25,0.6358101467291514,0.7692519823710123,0.49568965517241376,0.6615872084859775,0.4444444444444444,0.0,0.0,0.0,0.0,2002,clin,0.8
4,5,lr5e-05_bs16_modL1_fusion32_fusionL1_drop0p2_trmiss80_trlocclin,16,5e-05,1,32,1,0.2,lr5e-05_bs16_modL1_fusion32_fusionL1_drop0p2_trmiss80_trlocclin,26,0.6029484619696935,0.7745983401934305,0.4892241379310345,0.6551011826295845,0.4222222222222222,0.0,0.0,0.0,0.0,2002,clin,0.8
4,5,lr5e-05_bs16_modL1_fusion32_fusionL1_drop0p2_trmiss80_trlocclin,16,5e-05,1,32,1,0.2,lr5e-05_bs16_modL1_fusion32_fusionL1_drop0p2_trmiss80_trlocclin,27,0.6373542199532191,0.767555812994639,0.49137931034482757,0.6628411602321544,0.4222222222222222,0.0,0.0,0.0,0.0,2002,clin,0.8
4,5,lr5e-05_bs16_modL1_fusion32_fusionL1_drop0p2_trmiss80_trlocclin,16,5e-05,1,32,1,0.2,lr5e-05_bs16_modL1_fusion32_fusionL1_drop0p2_trmiss80_trlocclin,28,0.6252784132957458,0.7722166180610657,0.5021551724137931,0.6620663242950466,0.4222222222222222,0.0,0.0,0.0,0.0,2002,clin,0.8
4,5,lr5e-05_bs16_modL1_fusion32_fusionL1_drop0p2_trmiss80_trlocclin,16,5e-05,1,32,1,0.2,lr5e-05_bs16_modL1_fusion32_fusionL1_drop0p2_trmiss80_trlocclin,29,0.6466055065393448,0.7698909640312195,0.5021551724137931,0.6628511139439337,0.4222222222222222,0.0,0.0,0.0,0.0,2002,clin,0.8
4,5,lr5e-05_bs16_modL1_fusion32_fusionL1_drop0p1_trmiss80_trlocclin,16,5e-05,1,32,1,0.1,lr5e-05_bs16_modL1_fusion32_fusionL1_drop0p1_trmiss80_trlocclin,1,0.7222348054250082,0.7241138815879822,0.4849137931034483,0.6710439542174018,0.4222222222222222,0.0,0.0,0.0,0.0,2002,clin,0.8
4,5,lr5e-05_bs16_modL1_fusion32_fusionL1_drop0p1_trmiss80_trlocclin,16,5e-05,1,32,1,0.1,lr5e-05_bs16_modL1_fusion32_fusionL1_drop0p1_trmiss80_trlocclin,2,0.7108511477708817,0.7353816032409668,0.47844827586206895,0.6789525128177085,0.4666666666666667,0.0,0.0,0.0,0.0,2002,clin,0.8
4,5,lr5e-05_bs16_modL1_fusion32_fusionL1_drop0p1_trmiss80_trlocclin,16,5e-05,1,32,1,0.1,lr5e-05_bs16_modL1_fusion32_fusionL1_drop0p1_trmiss80_trlocclin,3,0.6686292042334875,0.7520246108373007,0.478448275862069,0.6703562044297517,0.4444444444444444,0.0,0.0,0.0,0.0,2002,clin,0.8
4,5,lr5e-05_bs16_modL1_fusion32_fusionL1_drop0p1_trmiss80_trlocclin,16,5e-05,1,32,1,0.1,lr5e-05_bs16_modL1_fusion32_fusionL1_drop0p1_trmiss80_trlocclin,4,0.6631213128566742,0.7566596865653992,0.5086206896551724,0.6859407778426277,0.4444444444444444,0.0,0.0,0.0,0.0,2002,clin,0.8
4,5,lr5e-05_bs16_modL1_fusion32_fusionL1_drop0p1_trmiss80_trlocclin,16,5e-05,1,32,1,0.1,lr5e-05_bs16_modL1_fusion32_fusionL1_drop0p1_trmiss80_trlocclin,5,0.6535357981920242,0.7558892766634623,0.502155172413793,0.6884893911387003,0.4444444444444444,0.0,0.0,0.0,0.0,2002,clin,0.8
4,5,lr5e-05_bs16_modL1_fusion32_fusionL1_drop0p1_trmiss80_trlocclin,16,5e-05,1,32,1,0.1,lr5e-05_bs16_modL1_fusion32_fusionL1_drop0p1_trmiss80_trlocclin,6,0.642763632039229,0.7482871413230896,0.4913793103448276,0.686362997388367,0.4222222222222222,0.0,0.0,0.0,0.0,2002,clin,0.8
4,5,lr5e-05_bs16_modL1_fusion32_fusionL1_drop0p1_trmiss80_trlocclin,16,5e-05,1,32,1,0.1,lr5e-05_bs16_modL1_fusion32_fusionL1_drop0p1_trmiss80_trlocclin,7,0.6368069599072138,0.7599959770838419,0.4568965517241379,0.6638427129223685,0.4,0.0,0.0,0.0,0.0,2002,clin,0.8
4,5,lr5e-05_bs16_modL1_fusion32_fusionL1_drop0p1_trmiss80_trlocclin,16,5e-05,1,32,1,0.1,lr5e-05_bs16_modL1_fusion32_fusionL1_drop0p1_trmiss80_trlocclin,8,0.6262404968341192,0.7662147283554077,0.4568965517241379,0.6689186814732047,0.4444444444444444,0.0,0.0,0.0,0.0,2002,clin,0.8
4,5,lr5e-05_bs16_modL1_fusion32_fusionL1_drop0p1_trmiss80_trlocclin,16,5e-05,1,32,1,0.1,lr5e-05_bs16_modL1_fusion32_fusionL1_drop0p1_trmiss80_trlocclin,9,0.6198006123304367,0.7554638783137003,0.47844827586206895,0.6848350417099552,0.4444444444444444,0.0,0.0,0.0,0.0,2002,clin,0.8
4,5,lr5e-05_bs16_modL1_fusion32_fusionL1_drop0p1_trmiss80_trlocclin,16,5e-05,1,32,1,0.1,lr5e-05_bs16_modL1_fusion32_fusionL1_drop0p1_trmiss80_trlocclin,10,0.5977803791562716,0.7516185641288757,0.45905172413793105,0.6608370259776597,0.4,0.0,0.0,0.0,0.0,2002,clin,0.8
4,5,lr5e-05_bs16_modL1_fusion32_fusionL1_drop0p1_trmiss80_trlocclin,16,5e-05,1,32,1,0.1,lr5e-05_bs16_modL1_fusion32_fusionL1_drop0p1_trmiss80_trlocclin,11,0.6074812014897665,0.7577687700589498,0.48060344827586204,0.6736652366071534,0.4444444444444444,0.0,0.0,0.0,0.0,2002,clin,0.8
4,5,lr5e-05_bs16_modL1_fusion32_fusionL1_drop0p1_trmiss80_trlocclin,16,5e-05,1,32,1,0.1,lr5e-05_bs16_modL1_fusion32_fusionL1_drop0p1_trmiss80_trlocclin,12,0.6152708977460861,0.7569977839787801,0.49353448275862066,0.6863156639321006,0.4888888888888889,0.0,0.0,0.0,0.0,2002,clin,0.8
4,5,lr5e-05_bs16_modL1_fusion32_fusionL1_drop0p1_trmiss80_trlocclin,16,5e-05,1,32,1,0.1,lr5e-05_bs16_modL1_fusion32_fusionL1_drop0p1_trmiss80_trlocclin,13,0.5823474377393723,0.759538988272349,0.4892241379310345,0.6884427457159562,0.4222222222222222,0.0,0.0,0.0,0.0,2002,clin,0.8
4,5,lr5e-05_bs16_modL1_fusion32_fusionL1_drop0p1_trmiss80_trlocclin,16,5e-05,1,32,1,0.1,lr5e-05_bs16_modL1_fusion32_fusionL1_drop0p1_trmiss80_trlocclin,14,0.5709670881430308,0.7534114519755045,0.49784482758620696,0.6883634776932861,0.5111111111111111,0.0,0.0,0.0,0.0,2002,clin,0.8
4,5,lr5e-05_bs16_modL1_fusion32_fusionL1_drop0p1_trmiss80_trlocclin,16,5e-05,1,32,1,0.1,lr5e-05_bs16_modL1_fusion32_fusionL1_drop0p1_trmiss80_trlocclin,15,0.5935662587483724,0.7560883363087972,0.502155172413793,0.6881756558614329,0.4888888888888889,0.0,0.0,0.0,0.0,2002,clin,0.8
4,5,lr5e-05_bs16_modL1_fusion32_fusionL1_drop0p1_trmiss80_trlocclin,16,5e-05,1,32,1,0.1,lr5e-05_bs16_modL1_fusion32_fusionL1_drop0p1_trmiss80_trlocclin,16,0.5876788347959518,0.753212054570516,0.4913793103448276,0.6823830752079711,0.5333333333333333,0.0,0.0,0.0,0.0,2002,clin,0.8
4,5,lr5e-05_bs16_modL1_fusion32_fusionL1_drop0p1_trmiss80_trlocclin,16,5e-05,1,32,1,0.1,lr5e-05_bs16_modL1_fusion32_fusionL1_drop0p1_trmiss80_trlocclin,17,0.5752108643452326,0.7580414613087972,0.5129310344827587,0.6976103639426381,0.4888888888888889,0.0,0.0,0.0,0.0,2002,clin,0.8
4,5,lr5e-05_bs16_modL1_fusion32_fusionL1_drop0p1_trmiss80_trlocclin,16,5e-05,1,32,1,0.1,lr5e-05_bs16_modL1_fusion32_fusionL1_drop0p1_trmiss80_trlocclin,18,0.5681060329079628,0.7488081455230713,0.5150862068965517,0.7011501780251298,0.5111111111111111,0.0,0.0,0.0,0.0,2002,clin,0.8
4,5,lr5e-05_bs16_modL1_fusion32_fusionL1_drop0p1_trmiss80_trlocclin,16,5e-05,1,32,1,0.1,lr5e-05_bs16_modL1_fusion32_fusionL1_drop0p1_trmiss80_trlocclin,19,0.5707420433561007,0.7503333687782288,0.5129310344827587,0.6907425770019016,0.5111111111111111,0.0,0.0,0.0,0.0,2002,clin,0.8
4,5,lr5e-05_bs16_modL1_fusion32_fusionL1_drop0p1_trmiss80_trlocclin,16,5e-05,1,32,1,0.1,lr5e-05_bs16_modL1_fusion32_fusionL1_drop0p1_trmiss80_trlocclin,20,0.564366415143013,0.7630899548530579,0.5237068965517241,0.7038124466952783,0.4888888888888889,0.0,0.0,0.0,0.0,2002,clin,0.8
4,5,lr5e-05_bs16_modL1_fusion32_fusionL1_drop0p1_trmiss80_trlocclin,16,5e-05,1,32,1,0.1,lr5e-05_bs16_modL1_fusion32_fusionL1_drop0p1_trmiss80_trlocclin,21,0.5659012397130331,0.7560575405756632,0.5237068965517241,0.7101392910360488,0.4888888888888889,0.0,0.0,0.0,0.0,2002,clin,0.8
4,5,lr5e-05_bs16_modL1_fusion32_fusionL1_drop0p1_trmiss80_trlocclin,16,5e-05,1,32,1,0.1,lr5e-05_bs16_modL1_fusion32_fusionL1_drop0p1_trmiss80_trlocclin,22,0.5535972416400909,0.756960411866506,0.521551724137931,0.7044239419432082,0.5111111111111111,0.0,0.0,0.0,0.0,2002,clin,0.8
4,5,lr5e-05_bs16_modL1_fusion32_fusionL1_drop0p1_trmiss80_trlocclin,16,5e-05,1,32,1,0.1,lr5e-05_bs16_modL1_fusion32_fusionL1_drop0p1_trmiss80_trlocclin,23,0.567790687084198,0.7477524677912394,0.5129310344827586,0.69734387769436,0.5111111111111111,0.0,0.0,0.0,0.0,2002,clin,0.8
4,5,lr5e-05_bs16_modL1_fusion32_fusionL1_drop0p1_trmiss80_trlocclin,16,5e-05,1,32,1,0.1,lr5e-05_bs16_modL1_fusion32_fusionL1_drop0p1_trmiss80_trlocclin,24,0.5681182195742925,0.75575323899587,0.5064655172413793,0.6925440491992385,0.5333333333333333,0.0,0.0,0.0,0.0,2002,clin,0.8
4,5,lr5e-05_bs16_modL1_fusion32_fusionL1_drop0p1_trmiss80_trlocclin,16,5e-05,1,32,1,0.1,lr5e-05_bs16_modL1_fusion32_fusionL1_drop0p1_trmiss80_trlocclin,25,0.5789215862751007,0.764136552810669,0.5129310344827586,0.6922000274640359,0.5111111111111111,0.0,0.0,0.0,0.0,2002,clin,0.8
4,5,lr5e-05_bs16_modL1_fusion32_fusionL1_drop0p1_trmiss80_trlocclin,16,5e-05,1,32,1,0.1,lr5e-05_bs16_modL1_fusion32_fusionL1_drop0p1_trmiss80_trlocclin,26,0.5494873250524203,0.7535691857337952,0.5193965517241379,0.6987762211599051,0.4888888888888889,0.0,0.0,0.0,0.0,2002,clin,0.8
4,5,lr5e-05_bs16_modL1_fusion32_fusionL1_drop0p1_trmiss80_trlocclin,16,5e-05,1,32,1,0.1,lr5e-05_bs16_modL1_fusion32_fusionL1_drop0p1_trmiss80_trlocclin,27,0.5443008467555046,0.7535601059595743,0.5237068965517241,0.7016491153230221,0.5111111111111111,0.0,0.0,0.0,0.0,2002,clin,0.8
4,5,lr5e-05_bs16_modL1_fusion32_fusionL1_drop0p1_trmiss80_trlocclin,16,5e-05,1,32,1,0.1,lr5e-05_bs16_modL1_fusion32_fusionL1_drop0p1_trmiss80_trlocclin,28,0.5657098392645518,0.7567077477773031,0.5129310344827587,0.6917289483706515,0.4888888888888889,0.0,0.0,0.0,0.0,2002,clin,0.8
4,5,lr5e-05_bs16_modL1_fusion32_fusionL1_drop0p1_trmiss80_trlocclin,16,5e-05,1,32,1,0.1,lr5e-05_bs16_modL1_fusion32_fusionL1_drop0p1_trmiss80_trlocclin,29,0.561518539985021,0.7597125768661499,0.5107758620689655,0.680640395509076,0.5111111111111111,0.0,0.0,0.0,0.0,2002,clin,0.8
4,5,lr5e-05_bs16_modL1_fusion32_fusionL1_drop0p1_trmiss80_trlocclin,16,5e-05,1,32,1,0.1,lr5e-05_bs16_modL1_fusion32_fusionL1_drop0p1_trmiss80_trlocclin,30,0.5653808414936066,0.7646400332450867,0.5,0.6857462743906979,0.5111111111111111,0.0,0.0,0.0,0.0,2002,clin,0.8
4,5,lr5e-05_bs16_modL1_fusion32_fusionL1_drop0p1_trmiss80_trlocclin,16,5e-05,1,32,1,0.1,lr5e-05_bs16_modL1_fusion32_fusionL1_drop0p1_trmiss80_trlocclin,31,0.5690319488445917,0.7657689650853475,0.5043103448275862,0.6778537431161359,0.5111111111111111,0.0,0.0,0.0,0.0,2002,clin,0.8
4,5,lr5e-05_bs16_modL1_fusion32_fusionL1_drop0p1_trmiss80_trlocclin,16,5e-05,1,32,1,0.1,lr5e-05_bs16_modL1_fusion32_fusionL1_drop0p1_trmiss80_trlocclin,32,0.5768134047587713,0.7639724016189575,0.5150862068965518,0.6859230684268405,0.5111111111111111,0.0,0.0,0.0,0.0,2002,clin,0.8
4,5,lr5e-05_bs16_modL1_fusion32_fusionL1_drop0p1_trmiss80_trlocclin,16,5e-05,1,32,1,0.1,lr5e-05_bs16_modL1_fusion32_fusionL1_drop0p1_trmiss80_trlocclin,33,0.5748718877633413,0.7531044085820516,0.521551724137931,0.6978983578384117,0.4888888888888889,0.0,0.0,0.0,0.0,2002,clin,0.8
4,5,lr5e-05_bs16_modL1_fusion32_fusionL1_drop0p1_trmiss80_trlocclin,16,5e-05,1,32,1,0.1,lr5e-05_bs16_modL1_fusion32_fusionL1_drop0p1_trmiss80_trlocclin,34,0.5546227693557739,0.7546078562736511,0.5172413793103448,0.7006449785515755,0.5111111111111111,0.0,0.0,0.0,0.0,2002,clin,0.8
4,5,lr5e-05_bs16_modL1_fusion32_fusionL1_drop0p1_trmiss80_trlocclin,16,5e-05,1,32,1,0.1,lr5e-05_bs16_modL1_fusion32_fusionL1_drop0p1_trmiss80_trlocclin,35,0.5629317859808604,0.7521357337633768,0.521551724137931,0.7006362521280303,0.5111111111111111,0.0,0.0,0.0,0.0,2002,clin,0.8
4,5,lr5e-05_bs16_modL1_fusion32_fusionL1_drop0p1_trmiss80_trlocclin,16,5e-05,1,32,1,0.1,lr5e-05_bs16_modL1_fusion32_fusionL1_drop0p1_trmiss80_trlocclin,36,0.5795148114363352,0.7598643898963928,0.5280172413793103,0.6901664588576155,0.4666666666666667,0.0,0.0,0.0,0.0,2002,clin,0.8
4,5,lr5e-05_bs16_modL1_fusion32_fusionL1_drop0p1_trmiss80_trlocclin,16,5e-05,1,32,1,0.1,lr5e-05_bs16_modL1_fusion32_fusionL1_drop0p1_trmiss80_trlocclin,37,0.5556839903195699,0.7606984178225199,0.5193965517241379,0.6853922749399389,0.4888888888888889,0.0,0.0,0.0,0.0,2002,clin,0.8
4,5,lr5e-05_bs16_modL1_fusion32_fusionL1_drop0p1_trmiss80_trlocclin,16,5e-05,1,32,1,0.1,lr5e-05_bs16_modL1_fusion32_fusionL1_drop0p1_trmiss80_trlocclin,38,0.5671942631403605,0.7570745547612509,0.5323275862068966,0.7022482949818659,0.4666666666666667,0.0,0.0,0.0,0.0,2002,clin,0.8
4,5,lr5e-05_bs16_modL1_fusion32_fusionL1_drop0p1_trmiss80_trlocclin,16,5e-05,1,32,1,0.1,lr5e-05_bs16_modL1_fusion32_fusionL1_drop0p1_trmiss80_trlocclin,39,0.5712326715389887,0.7615596055984497,0.5280172413793104,0.6991119143967959,0.4666666666666667,0.0,0.0,0.0,0.0,2002,clin,0.8
4,5,lr5e-05_bs16_modL1_fusion32_fusionL1_drop0p1_trmiss80_trlocclin,16,5e-05,1,32,1,0.1,lr5e-05_bs16_modL1_fusion32_fusionL1_drop0p1_trmiss80_trlocclin,40,0.5473930935064951,0.7627895474433899,0.5215517241379309,0.6896644228578501,0.4666666666666667,0.0,0.0,0.0,0.0,2002,clin,0.8
4,5,lr5e-05_bs16_modL1_fusion32_fusionL1_drop0p1_trmiss80_trlocclin,16,5e-05,1,32,1,0.1,lr5e-05_bs16_modL1_fusion32_fusionL1_drop0p1_trmiss80_trlocclin,41,0.5450516243775686,0.7497337261835734,0.5193965517241379,0.694445851052548,0.5111111111111111,0.0,0.0,0.0,0.0,2002,clin,0.8
4,5,lr5e-05_bs16_modL1_fusion32_fusionL1_drop0p1_trmiss80_trlocclin,16,5e-05,1,32,1,0.1,lr5e-05_bs16_modL1_fusion32_fusionL1_drop0p1_trmiss80_trlocclin,42,0.5679402500391006,0.7502954403559366,0.5258620689655172,0.7071144703838642,0.5111111111111111,0.0,0.0,0.0,0.0,2002,clin,0.8
4,5,lr5e-05_bs16_modL1_fusion32_fusionL1_drop0p1_trmiss80_trlocclin,16,5e-05,1,32,1,0.1,lr5e-05_bs16_modL1_fusion32_fusionL1_drop0p1_trmiss80_trlocclin,43,0.56211735556523,0.766097883383433,0.5043103448275862,0.6791876205846074,0.4888888888888889,0.0,0.0,0.0,0.0,2002,clin,0.8
4,5,lr5e-05_bs16_modL1_fusion32_fusionL1_drop0p1_trmiss80_trlocclin,16,5e-05,1,32,1,0.1,lr5e-05_bs16_modL1_fusion32_fusionL1_drop0p1_trmiss80_trlocclin,44,0.5593840604027113,0.7507086594899496,0.5258620689655172,0.6986409278079306,0.5111111111111111,0.0,0.0,0.0,0.0,2002,clin,0.8
4,5,lr5e-05_bs16_modL1_fusion32_fusionL1_drop0p1_trmiss80_trlocclin,16,5e-05,1,32,1,0.1,lr5e-05_bs16_modL1_fusion32_fusionL1_drop0p1_trmiss80_trlocclin,45,0.5698706010977427,0.753063440322876,0.521551724137931,0.699477768296796,0.4888888888888889,0.0,0.0,0.0,0.0,2002,clin,0.8
4,5,lr5e-05_bs16_modL1_fusion32_fusionL1_drop0p1_trmiss80_trlocclin,16,5e-05,1,32,1,0.1,lr5e-05_bs16_modL1_fusion32_fusionL1_drop0p1_trmiss80_trlocclin,46,0.563160407046477,0.7570412953694662,0.521551724137931,0.6937682276793604,0.5111111111111111,0.0,0.0,0.0,0.0,2002,clin,0.8
4,5,lr5e-05_bs16_modL1_fusion32_fusionL1_drop0p1_trmiss80_trlocclin,16,5e-05,1,32,1,0.1,lr5e-05_bs16_modL1_fusion32_fusionL1_drop0p1_trmiss80_trlocclin,47,0.5554845631122589,0.7582857608795166,0.5172413793103449,0.6913720194747026,0.5111111111111111,0.0,0.0,0.0,0.0,2002,clin,0.8
4,5,lr5e-05_bs16_modL1_fusion32_fusionL1_drop0p1_trmiss80_trlocclin,16,5e-05,1,32,1,0.1,lr5e-05_bs16_modL1_fusion32_fusionL1_drop0p1_trmiss80_trlocclin,48,0.5572911674777666,0.7588436206181844,0.5064655172413792,0.693024683287076,0.5111111111111111,0.0,0.0,0.0,0.0,2002,clin,0.8
4,5,lr5e-05_bs16_modL1_fusion32_fusionL1_drop0p1_trmiss80_trlocclin,16,5e-05,1,32,1,0.1,lr5e-05_bs16_modL1_fusion32_fusionL1_drop0p1_trmiss80_trlocclin,49,0.5576804876327515,0.7632500727971395,0.5086206896551724,0.6835772341844545,0.4888888888888889,0.0,0.0,0.0,0.0,2002,clin,0.8
4,5,lr5e-05_bs16_modL1_fusion32_fusionL1_drop0p1_trmiss80_trlocclin,16,5e-05,1,32,1,0.1,lr5e-05_bs16_modL1_fusion32_fusionL1_drop0p1_trmiss80_trlocclin,50,0.5511751423279444,0.736034075419108,0.5237068965517242,0.6978757846974004,0.4888888888888889,0.0,0.0,0.0,0.0,2002,clin,0.8
4,5,lr5e-05_bs16_modL1_fusion32_fusionL1_drop0p1_trmiss80_trlocclin,16,5e-05,1,32,1,0.1,lr5e-05_bs16_modL1_fusion32_fusionL1_drop0p1_trmiss80_trlocclin,51,0.5515004023909569,0.7486426631609598,0.5193965517241379,0.6943381552573465,0.5111111111111111,0.0,0.0,0.0,0.0,2002,clin,0.8
4,5,lr5e-05_bs16_modL1_fusion32_fusionL1_drop0p1_trmiss80_trlocclin,16,5e-05,1,32,1,0.1,lr5e-05_bs16_modL1_fusion32_fusionL1_drop0p1_trmiss80_trlocclin,52,0.5460435052712759,0.7573210597038269,0.5323275862068965,0.7051064458233863,0.4666666666666667,0.0,0.0,0.0,0.0,2002,clin,0.8
4,5,lr5e-05_bs16_modL1_fusion32_fusionL1_drop0p1_trmiss80_trlocclin,16,5e-05,1,32,1,0.1,lr5e-05_bs16_modL1_fusion32_fusionL1_drop0p1_trmiss80_trlocclin,53,0.5570607160528501,0.7556060155232748,0.5258620689655173,0.7002940795616586,0.4888888888888889,0.0,0.0,0.0,0.0,2002,clin,0.8
4,5,lr5e-05_bs16_modL1_fusion32_fusionL1_drop0p1_trmiss80_trlocclin,16,5e-05,1,32,1,0.1,lr5e-05_bs16_modL1_fusion32_fusionL1_drop0p1_trmiss80_trlocclin,54,0.5613236725330353,0.7452091177304586,0.5258620689655172,0.7012386719732269,0.4888888888888889,0.0,0.0,0.0,0.0,2002,clin,0.8
4,5,lr5e-05_bs16_modL1_fusion32_fusionL1_drop0p1_trmiss80_trlocclin,16,5e-05,1,32,1,0.1,lr5e-05_bs16_modL1_fusion32_fusionL1_drop0p1_trmiss80_trlocclin,55,0.5474662557244301,0.766236404577891,0.5172413793103449,0.6821562852645301,0.4666666666666667,0.0,0.0,0.0,0.0,2002,clin,0.8
4,5,lr5e-05_bs16_modL1_fusion32_fusionL1_drop0p1_trmiss80_trlocclin,16,5e-05,1,32,1,0.1,lr5e-05_bs16_modL1_fusion32_fusionL1_drop0p1_trmiss80_trlocclin,56,0.5600367138783137,0.755637009938558,0.5258620689655172,0.6944055862421918,0.5111111111111111,0.0,0.0,0.0,0.0,2002,clin,0.8
4,5,lr5e-05_bs16_modL1_fusion32_fusionL1_drop0p1_trmiss80_trlocclin,16,5e-05,1,32,1,0.1,lr5e-05_bs16_modL1_fusion32_fusionL1_drop0p1_trmiss80_trlocclin,57,0.5587654362122217,0.757476011912028,0.5301724137931034,0.6999083200263494,0.4888888888888889,0.0,0.0,0.0,0.0,2002,clin,0.8
4,5,lr5e-05_bs16_modL1_fusion32_fusionL1_drop0p1_trmiss80_trlocclin,16,5e-05,1,32,1,0.1,lr5e-05_bs16_modL1_fusion32_fusionL1_drop0p1_trmiss80_trlocclin,58,0.5681348492701849,0.7487999002138773,0.5258620689655172,0.6979092744688438,0.5111111111111111,0.0,0.0,0.0,0.0,2002,clin,0.8
4,5,lr5e-05_bs16_modL1_fusion64_fusionL1_drop0p2_trmiss80_trlocclin,16,5e-05,1,64,1,0.2,lr5e-05_bs16_modL1_fusion64_fusionL1_drop0p2_trmiss80_trlocclin,1,0.7017284532388052,0.6668440699577332,0.5431034482758621,0.7422558490533208,0.5777777777777777,0.0,0.0,0.0,0.0,2002,clin,0.8
4,5,lr5e-05_bs16_modL1_fusion64_fusionL1_drop0p2_trmiss80_trlocclin,16,5e-05,1,64,1,0.2,lr5e-05_bs16_modL1_fusion64_fusionL1_drop0p2_trmiss80_trlocclin,2,0.6750765591859818,0.6640781958897909,0.5193965517241379,0.7344578483843398,0.5777777777777777,0.0,0.0,0.0,0.0,2002,clin,0.8
4,5,lr5e-05_bs16_modL1_fusion64_fusionL1_drop0p2_trmiss80_trlocclin,16,5e-05,1,64,1,0.2,lr5e-05_bs16_modL1_fusion64_fusionL1_drop0p2_trmiss80_trlocclin,3,0.6446682810783386,0.6610170602798462,0.5387931034482758,0.749303236551843,0.6,0.0,0.0,0.0,0.0,2002,clin,0.8
4,5,lr5e-05_bs16_modL1_fusion64_fusionL1_drop0p2_trmiss80_trlocclin,16,5e-05,1,64,1,0.2,lr5e-05_bs16_modL1_fusion64_fusionL1_drop0p2_trmiss80_trlocclin,4,0.6366944263378779,0.6560083627700806,0.5517241379310345,0.7631327463896478,0.6,0.0,0.0,0.0,0.0,2002,clin,0.8
4,5,lr5e-05_bs16_modL1_fusion64_fusionL1_drop0p2_trmiss80_trlocclin,16,5e-05,1,64,1,0.2,lr5e-05_bs16_modL1_fusion64_fusionL1_drop0p2_trmiss80_trlocclin,5,0.61317711075147,0.6493366360664368,0.5862068965517241,0.7803616434430056,0.6,0.0,0.0,0.0,0.0,2002,clin,0.8
4,5,lr5e-05_bs16_modL1_fusion64_fusionL1_drop0p2_trmiss80_trlocclin,16,5e-05,1,64,1,0.2,lr5e-05_bs16_modL1_fusion64_fusionL1_drop0p2_trmiss80_trlocclin,6,0.600270594159762,0.6496988733609518,0.5581896551724137,0.7597680447505888,0.5555555555555556,0.0,0.0,0.0,0.0,2002,clin,0.8
4,5,lr5e-05_bs16_modL1_fusion64_fusionL1_drop0p2_trmiss80_trlocclin,16,5e-05,1,64,1,0.2,lr5e-05_bs16_modL1_fusion64_fusionL1_drop0p2_trmiss80_trlocclin,7,0.5863817582527796,0.6480353275934855,0.5797413793103449,0.7697808752937463,0.6222222222222222,0.0,0.0,0.0,0.0,2002,clin,0.8
4,5,lr5e-05_bs16_modL1_fusion64_fusionL1_drop0p2_trmiss80_trlocclin,16,5e-05,1,64,1,0.2,lr5e-05_bs16_modL1_fusion64_fusionL1_drop0p2_trmiss80_trlocclin,8,0.5722102473179499,0.6500945289929708,0.5689655172413793,0.766160611343333,0.5777777777777777,0.0,0.0,0.0,0.0,2002,clin,0.8
4,5,lr5e-05_bs16_modL1_fusion64_fusionL1_drop0p2_trmiss80_trlocclin,16,5e-05,1,64,1,0.2,lr5e-05_bs16_modL1_fusion64_fusionL1_drop0p2_trmiss80_trlocclin,9,0.5731070836385092,0.6495506962140402,0.5948275862068966,0.7838113515080702,0.5777777777777777,0.0,0.0,0.0,0.0,2002,clin,0.8
4,5,lr5e-05_bs16_modL1_fusion64_fusionL1_drop0p2_trmiss80_trlocclin,16,5e-05,1,64,1,0.2,lr5e-05_bs16_modL1_fusion64_fusionL1_drop0p2_trmiss80_trlocclin,10,0.5599154308438301,0.6448530753453573,0.6120689655172413,0.7861121824640049,0.5777777777777777,0.0,0.0,0.0,0.0,2002,clin,0.8
4,5,lr5e-05_bs16_modL1_fusion64_fusionL1_drop0p2_trmiss80_trlocclin,16,5e-05,1,64,1,0.2,lr5e-05_bs16_modL1_fusion64_fusionL1_drop0p2_trmiss80_trlocclin,11,0.5525244350234667,0.6453027725219727,0.6056034482758621,0.7848938342914955,0.5777777777777777,0.0,0.0,0.0,0.0,2002,clin,0.8
4,5,lr5e-05_bs16_modL1_fusion64_fusionL1_drop0p2_trmiss80_trlocclin,16,5e-05,1,64,1,0.2,lr5e-05_bs16_modL1_fusion64_fusionL1_drop0p2_trmiss80_trlocclin,12,0.556183323264122,0.6453949610392252,0.5883620689655172,0.7634221000538368,0.6,0.0,0.0,0.0,0.0,2002,clin,0.8
4,5,lr5e-05_bs16_modL1_fusion64_fusionL1_drop0p2_trmiss80_trlocclin,16,5e-05,1,64,1,0.2,lr5e-05_bs16_modL1_fusion64_fusionL1_drop0p2_trmiss80_trlocclin,13,0.5160166248679161,0.6524463693300883,0.5538793103448276,0.7416769974210577,0.6222222222222222,0.0,0.0,0.0,0.0,2002,clin,0.8
4,5,lr5e-05_bs16_modL1_fusion64_fusionL1_drop0p2_trmiss80_trlocclin,16,5e-05,1,64,1,0.2,lr5e-05_bs16_modL1_fusion64_fusionL1_drop0p2_trmiss80_trlocclin,14,0.5312067990501722,0.6522981325785319,0.5495689655172413,0.7183716807856471,0.6,0.0,0.0,0.0,0.0,2002,clin,0.8
4,5,lr5e-05_bs16_modL1_fusion64_fusionL1_drop0p2_trmiss80_trlocclin,16,5e-05,1,64,1,0.2,lr5e-05_bs16_modL1_fusion64_fusionL1_drop0p2_trmiss80_trlocclin,15,0.521560899913311,0.6491934259732565,0.5948275862068966,0.7452516693099465,0.6222222222222222,0.0,0.0,0.0,0.0,2002,clin,0.8
4,5,lr5e-05_bs16_modL1_fusion64_fusionL1_drop0p2_trmiss80_trlocclin,16,5e-05,1,64,1,0.2,lr5e-05_bs16_modL1_fusion64_fusionL1_drop0p2_trmiss80_trlocclin,16,0.5048655346035957,0.6452276309331259,0.5797413793103448,0.7503883531750658,0.6444444444444445,0.0,0.0,0.0,0.0,2002,clin,0.8
4,5,lr5e-05_bs16_modL1_fusion64_fusionL1_drop0p2_trmiss80_trlocclin,16,5e-05,1,64,1,0.2,lr5e-05_bs16_modL1_fusion64_fusionL1_drop0p2_trmiss80_trlocclin,17,0.5016394481062889,0.6480563481648763,0.5711206896551724,0.7508225666688991,0.6,0.0,0.0,0.0,0.0,2002,clin,0.8
4,5,lr5e-05_bs16_modL1_fusion64_fusionL1_drop0p2_trmiss80_trlocclin,16,5e-05,1,64,1,0.2,lr5e-05_bs16_modL1_fusion64_fusionL1_drop0p2_trmiss80_trlocclin,18,0.47803716609875363,0.6531103253364563,0.5517241379310345,0.7379698560620268,0.6,0.0,0.0,0.0,0.0,2002,clin,0.8
4,5,lr5e-05_bs16_modL1_fusion64_fusionL1_drop0p2_trmiss80_trlocclin,16,5e-05,1,64,1,0.2,lr5e-05_bs16_modL1_fusion64_fusionL1_drop0p2_trmiss80_trlocclin,19,0.5066965421040853,0.6516416072845459,0.5754310344827587,0.7476529978934287,0.6,0.0,0.0,0.0,0.0,2002,clin,0.8
4,5,lr5e-05_bs16_modL1_fusion64_fusionL1_drop0p2_trmiss80_trlocclin,16,5e-05,1,64,1,0.2,lr5e-05_bs16_modL1_fusion64_fusionL1_drop0p2_trmiss80_trlocclin,20,0.48319052408138913,0.6557753483454386,0.5495689655172413,0.7311718011935605,0.6,0.0,0.0,0.0,0.0,2002,clin,0.8
4,5,lr5e-05_bs16_modL1_fusion64_fusionL1_drop0p2_trmiss80_trlocclin,16,5e-05,1,64,1,0.2,lr5e-05_bs16_modL1_fusion64_fusionL1_drop0p2_trmiss80_trlocclin,21,0.5010221848885218,0.6583284735679626,0.5560344827586208,0.7202577395642386,0.5555555555555556,0.0,0.0,0.0,0.0,2002,clin,0.8
4,5,lr5e-05_bs16_modL1_fusion64_fusionL1_drop0p2_trmiss80_trlocclin,16,5e-05,1,64,1,0.2,lr5e-05_bs16_modL1_fusion64_fusionL1_drop0p2_trmiss80_trlocclin,22,0.47326822330554325,0.6558503905932108,0.5474137931034483,0.698042022252241,0.6222222222222222,0.0,0.0,0.0,0.0,2002,clin,0.8
4,5,lr5e-05_bs16_modL1_fusion64_fusionL1_drop0p2_trmiss80_trlocclin,16,5e-05,1,64,1,0.2,lr5e-05_bs16_modL1_fusion64_fusionL1_drop0p2_trmiss80_trlocclin,23,0.47645392020543414,0.6543987989425659,0.5646551724137931,0.7048972296717295,0.6222222222222222,0.0,0.0,0.0,0.0,2002,clin,0.8
4,5,lr5e-05_bs16_modL1_fusion64_fusionL1_drop0p2_trmiss80_trlocclin,16,5e-05,1,64,1,0.2,lr5e-05_bs16_modL1_fusion64_fusionL1_drop0p2_trmiss80_trlocclin,24,0.4922941029071808,0.6496504147847494,0.5689655172413793,0.718259368534496,0.6444444444444445,0.0,0.0,0.0,0.0,2002,clin,0.8
4,5,lr5e-05_bs16_modL1_fusion64_fusionL1_drop0p2_trmiss80_trlocclin,16,5e-05,1,64,1,0.2,lr5e-05_bs16_modL1_fusion64_fusionL1_drop0p2_trmiss80_trlocclin,25,0.47891853998104733,0.6521300474802653,0.5711206896551724,0.7167071149834248,0.6222222222222222,0.0,0.0,0.0,0.0,2002,clin,0.8
4,5,lr5e-05_bs16_modL1_fusion64_fusionL1_drop0p2_trmiss80_trlocclin,16,5e-05,1,64,1,0.2,lr5e-05_bs16_modL1_fusion64_fusionL1_drop0p2_trmiss80_trlocclin,26,0.4796393687526385,0.6560980081558228,0.5646551724137931,0.7103782911729262,0.5777777777777777,0.0,0.0,0.0,0.0,2002,clin,0.8
4,5,lr5e-05_bs16_modL1_fusion64_fusionL1_drop0p2_trmiss80_trlocclin,16,5e-05,1,64,1,0.2,lr5e-05_bs16_modL1_fusion64_fusionL1_drop0p2_trmiss80_trlocclin,27,0.46125469853480655,0.6569507519404093,0.5603448275862069,0.7121095950556031,0.6,0.0,0.0,0.0,0.0,2002,clin,0.8
4,5,lr5e-05_bs16_modL1_fusion64_fusionL1_drop0p2_trmiss80_trlocclin,16,5e-05,1,64,1,0.2,lr5e-05_bs16_modL1_fusion64_fusionL1_drop0p2_trmiss80_trlocclin,28,0.44592589884996414,0.657826821009318,0.5517241379310345,0.7033368750252766,0.5555555555555556,0.0,0.0,0.0,0.0,2002,clin,0.8
4,5,lr5e-05_bs16_modL1_fusion64_fusionL1_drop0p2_trmiss80_trlocclin,16,5e-05,1,64,1,0.2,lr5e-05_bs16_modL1_fusion64_fusionL1_drop0p2_trmiss80_trlocclin,29,0.4801608820756276,0.6535641352335612,0.5538793103448276,0.7231218756055314,0.6222222222222222,0.0,0.0,0.0,0.0,2002,clin,0.8
4,5,lr5e-05_bs16_modL1_fusion64_fusionL1_drop0p2_trmiss80_trlocclin,16,5e-05,1,64,1,0.2,lr5e-05_bs16_modL1_fusion64_fusionL1_drop0p2_trmiss80_trlocclin,30,0.4714584971467654,0.6520419716835022,0.5625,0.7068732076758173,0.6,0.0,0.0,0.0,0.0,2002,clin,0.8
4,5,lr5e-05_bs16_modL1_fusion64_fusionL1_drop0p1_trmiss80_trlocclin,16,5e-05,1,64,1,0.1,lr5e-05_bs16_modL1_fusion64_fusionL1_drop0p1_trmiss80_trlocclin,1,0.7015146166086197,0.6850173274676005,0.4051724137931035,0.6213512928095003,0.5777777777777777,0.0,0.0,0.0,0.0,2002,clin,0.8
4,5,lr5e-05_bs16_modL1_fusion64_fusionL1_drop0p1_trmiss80_trlocclin,16,5e-05,1,64,1,0.1,lr5e-05_bs16_modL1_fusion64_fusionL1_drop0p1_trmiss80_trlocclin,2,0.6799272348483404,0.6887130737304688,0.39224137931034486,0.6013315734806415,0.5555555555555556,0.0,0.0,0.0,0.0,2002,clin,0.8
4,5,lr5e-05_bs16_modL1_fusion64_fusionL1_drop0p1_trmiss80_trlocclin,16,5e-05,1,64,1,0.1,lr5e-05_bs16_modL1_fusion64_fusionL1_drop0p1_trmiss80_trlocclin,3,0.634007732073466,0.6852157115936279,0.4504310344827586,0.6337274992274824,0.5777777777777777,0.0,0.0,0.0,0.0,2002,clin,0.8
4,5,lr5e-05_bs16_modL1_fusion64_fusionL1_drop0p1_trmiss80_trlocclin,16,5e-05,1,64,1,0.1,lr5e-05_bs16_modL1_fusion64_fusionL1_drop0p1_trmiss80_trlocclin,4,0.6398136218388876,0.6871188084284464,0.4504310344827586,0.6184847159007631,0.5777777777777777,0.0,0.0,0.0,0.0,2002,clin,0.8
4,5,lr5e-05_bs16_modL1_fusion64_fusionL1_drop0p1_trmiss80_trlocclin,16,5e-05,1,64,1,0.1,lr5e-05_bs16_modL1_fusion64_fusionL1_drop0p1_trmiss80_trlocclin,5,0.6265775263309479,0.6852726936340332,0.47413793103448276,0.6276352082024528,0.6222222222222222,0.0,0.0,0.0,0.0,2002,clin,0.8
4,5,lr5e-05_bs16_modL1_fusion64_fusionL1_drop0p1_trmiss80_trlocclin,16,5e-05,1,64,1,0.1,lr5e-05_bs16_modL1_fusion64_fusionL1_drop0p1_trmiss80_trlocclin,6,0.5964272717634836,0.6898590326309204,0.4482758620689655,0.6219490908862134,0.6,0.0,0.0,0.0,0.0,2002,clin,0.8
4,5,lr5e-05_bs16_modL1_fusion64_fusionL1_drop0p1_trmiss80_trlocclin,16,5e-05,1,64,1,0.1,lr5e-05_bs16_modL1_fusion64_fusionL1_drop0p1_trmiss80_trlocclin,7,0.5861243605613708,0.6837792793909708,0.4698275862068966,0.6383573363829168,0.6222222222222222,0.0,0.0,0.0,0.0,2002,clin,0.8
4,5,lr5e-05_bs16_modL1_fusion64_fusionL1_drop0p1_trmiss80_trlocclin,16,5e-05,1,64,1,0.1,lr5e-05_bs16_modL1_fusion64_fusionL1_drop0p1_trmiss80_trlocclin,8,0.5745323201020559,0.6829473177591959,0.48491379310344823,0.6429663314259983,0.6,0.0,0.0,0.0,0.0,2002,clin,0.8
4,5,lr5e-05_bs16_modL1_fusion64_fusionL1_drop0p1_trmiss80_trlocclin,16,5e-05,1,64,1,0.1,lr5e-05_bs16_modL1_fusion64_fusionL1_drop0p1_trmiss80_trlocclin,9,0.5741609036922455,0.6788747509320577,0.4978448275862069,0.6452492653590246,0.6222222222222222,0.0,0.0,0.0,0.0,2002,clin,0.8
4,5,lr5e-05_bs16_modL1_fusion64_fusionL1_drop0p1_trmiss80_trlocclin,16,5e-05,1,64,1,0.1,lr5e-05_bs16_modL1_fusion64_fusionL1_drop0p1_trmiss80_trlocclin,10,0.5492735405762991,0.6805328130722046,0.4956896551724138,0.637250340861214,0.6222222222222222,0.0,0.0,0.0,0.0,2002,clin,0.8
4,5,lr5e-05_bs16_modL1_fusion64_fusionL1_drop0p1_trmiss80_trlocclin,16,5e-05,1,64,1,0.1,lr5e-05_bs16_modL1_fusion64_fusionL1_drop0p1_trmiss80_trlocclin,11,0.5523289293050766,0.6832053860028585,0.4849137931034483,0.6262946798211446,0.6,0.0,0.0,0.0,0.0,2002,clin,0.8
4,5,lr5e-05_bs16_modL1_fusion64_fusionL1_drop0p1_trmiss80_trlocclin,16,5e-05,1,64,1,0.1,lr5e-05_bs16_modL1_fusion64_fusionL1_drop0p1_trmiss80_trlocclin,12,0.56132772564888,0.6799882253011068,0.4935344827586207,0.6317452961827039,0.5777777777777777,0.0,0.0,0.0,0.0,2002,clin,0.8
4,5,lr5e-05_bs16_modL1_fusion64_fusionL1_drop0p1_trmiss80_trlocclin,16,5e-05,1,64,1,0.1,lr5e-05_bs16_modL1_fusion64_fusionL1_drop0p1_trmiss80_trlocclin,13,0.5103304460644722,0.682546854019165,0.47629310344827586,0.6219053011617437,0.6222222222222222,0.0,0.0,0.0,0.0,2002,clin,0.8
4,5,lr5e-05_bs16_modL1_fusion64_fusionL1_drop0p1_trmiss80_trlocclin,16,5e-05,1,64,1,0.1,lr5e-05_bs16_modL1_fusion64_fusionL1_drop0p1_trmiss80_trlocclin,14,0.512069414059321,0.6813105543454488,0.478448275862069,0.6286916215216253,0.6222222222222222,0.0,0.0,0.0,0.0,2002,clin,0.8
4,5,lr5e-05_bs16_modL1_fusion64_fusionL1_drop0p1_trmiss80_trlocclin,16,5e-05,1,64,1,0.1,lr5e-05_bs16_modL1_fusion64_fusionL1_drop0p1_trmiss80_trlocclin,15,0.5176077236731847,0.6840817729632059,0.45905172413793105,0.6036280016407185,0.6222222222222222,0.0,0.0,0.0,0.0,2002,clin,0.8
4,5,lr5e-05_bs16_modL1_fusion64_fusionL1_drop0p1_trmiss80_trlocclin,16,5e-05,1,64,1,0.1,lr5e-05_bs16_modL1_fusion64_fusionL1_drop0p1_trmiss80_trlocclin,16,0.5043733740846316,0.6865241130193075,0.45258620689655177,0.6200227254043325,0.6222222222222222,0.0,0.0,0.0,0.0,2002,clin,0.8
4,5,lr5e-05_bs16_modL1_fusion64_fusionL1_drop0p1_trmiss80_trlocclin,16,5e-05,1,64,1,0.1,lr5e-05_bs16_modL1_fusion64_fusionL1_drop0p1_trmiss80_trlocclin,17,0.48541005700826645,0.6842527588208517,0.4719827586206896,0.6211187910200872,0.6222222222222222,0.0,0.0,0.0,0.0,2002,clin,0.8
4,5,lr5e-05_bs16_modL1_fusion64_fusionL1_drop0p1_trmiss80_trlocclin,16,5e-05,1,64,1,0.1,lr5e-05_bs16_modL1_fusion64_fusionL1_drop0p1_trmiss80_trlocclin,18,0.4905656799674034,0.6842148900032043,0.4849137931034483,0.6330868932900011,0.6222222222222222,0.0,0.0,0.0,0.0,2002,clin,0.8
4,5,lr5e-05_bs16_modL1_fusion64_fusionL1_drop0p1_trmiss80_trlocclin,16,5e-05,1,64,1,0.1,lr5e-05_bs16_modL1_fusion64_fusionL1_drop0p1_trmiss80_trlocclin,19,0.4945789575576782,0.6845840215682983,0.4806034482758621,0.6214066660529891,0.6222222222222222,0.0,0.0,0.0,0.0,2002,clin,0.8
4,5,lr5e-05_bs16_modL1_fusion64_fusionL1_drop0p1_trmiss80_trlocclin,16,5e-05,1,64,1,0.1,lr5e-05_bs16_modL1_fusion64_fusionL1_drop0p1_trmiss80_trlocclin,20,0.5025809903939565,0.6856780449549357,0.4806034482758621,0.6121436525236277,0.6444444444444445,0.0,0.0,0.0,0.0,2002,clin,0.8
4,5,lr5e-05_bs16_modL1_fusion64_fusionL1_drop0p1_trmiss80_trlocclin,16,5e-05,1,64,1,0.1,lr5e-05_bs16_modL1_fusion64_fusionL1_drop0p1_trmiss80_trlocclin,21,0.4815776323278745,0.687593400478363,0.47413793103448276,0.6078284561384381,0.6444444444444445,0.0,0.0,0.0,0.0,2002,clin,0.8
4,5,lr5e-05_bs16_modL1_fusion64_fusionL1_drop0p1_trmiss80_trlocclin,16,5e-05,1,64,1,0.1,lr5e-05_bs16_modL1_fusion64_fusionL1_drop0p1_trmiss80_trlocclin,22,0.4691583936413129,0.689611574014028,0.478448275862069,0.6133288053070394,0.6222222222222222,0.0,0.0,0.0,0.0,2002,clin,0.8
4,5,lr5e-05_bs16_modL1_fusion64_fusionL1_drop0p1_trmiss80_trlocclin,16,5e-05,1,64,1,0.1,lr5e-05_bs16_modL1_fusion64_fusionL1_drop0p1_trmiss80_trlocclin,23,0.4739777420957883,0.6868731379508972,0.4806034482758621,0.620957449694718,0.6222222222222222,0.0,0.0,0.0,0.0,2002,clin,0.8
4,5,lr5e-05_bs16_modL1_fusion64_fusionL1_drop0p1_trmiss80_trlocclin,16,5e-05,1,64,1,0.1,lr5e-05_bs16_modL1_fusion64_fusionL1_drop0p1_trmiss80_trlocclin,24,0.4755754843354225,0.6888764699300131,0.49568965517241376,0.6280992756309525,0.6222222222222222,0.0,0.0,0.0,0.0,2002,clin,0.8
4,5,lr5e-05_bs16_modL1_fusion64_fusionL1_drop0p1_trmiss80_trlocclin,16,5e-05,1,64,1,0.1,lr5e-05_bs16_modL1_fusion64_fusionL1_drop0p1_trmiss80_trlocclin,25,0.46095508337020874,0.6886797944704691,0.5,0.6300945675348488,0.6444444444444445,0.0,0.0,0.0,0.0,2002,clin,0.8
4,5,lr5e-05_bs16_modL1_fusion64_fusionL1_drop0p1_trmiss80_trlocclin,16,5e-05,1,64,1,0.1,lr5e-05_bs16_modL1_fusion64_fusionL1_drop0p1_trmiss80_trlocclin,26,0.4548257713516553,0.6848251024881998,0.49353448275862066,0.6252756092600018,0.6444444444444445,0.0,0.0,0.0,0.0,2002,clin,0.8
4,5,lr5e-05_bs16_modL1_fusion64_fusionL1_drop0p1_trmiss80_trlocclin,16,5e-05,1,64,1,0.1,lr5e-05_bs16_modL1_fusion64_fusionL1_drop0p1_trmiss80_trlocclin,27,0.46560108413298923,0.6838802893956503,0.4978448275862069,0.6294060755515752,0.6222222222222222,0.0,0.0,0.0,0.0,2002,clin,0.8
4,5,lr5e-05_bs16_modL1_fusion64_fusionL1_drop0p1_trmiss80_trlocclin,16,5e-05,1,64,1,0.1,lr5e-05_bs16_modL1_fusion64_fusionL1_drop0p1_trmiss80_trlocclin,28,0.46732667833566666,0.6871490478515625,0.4935344827586207,0.6271708926742996,0.6222222222222222,0.0,0.0,0.0,0.0,2002,clin,0.8
4,5,lr5e-05_bs16_modL1_fusion64_fusionL1_drop0p1_trmiss80_trlocclin,16,5e-05,1,64,1,0.1,lr5e-05_bs16_modL1_fusion64_fusionL1_drop0p1_trmiss80_trlocclin,29,0.4586503903071086,0.684965193271637,0.49568965517241376,0.6284933643009032,0.6222222222222222,0.0,0.0,0.0,0.0,2002,clin,0.8
4,5,lr5e-05_bs16_modL1_fusion64_fusionL1_drop0p1_trmiss80_trlocclin,16,5e-05,1,64,1,0.1,lr5e-05_bs16_modL1_fusion64_fusionL1_drop0p1_trmiss80_trlocclin,30,0.46534519145886105,0.6904610991477966,0.48275862068965514,0.6196410888898594,0.6444444444444445,0.0,0.0,0.0,0.0,2002,clin,0.8
4,5,lr5e-05_bs16_modL1_fusion64_fusionL1_drop0p1_trmiss80_trlocclin,16,5e-05,1,64,1,0.1,lr5e-05_bs16_modL1_fusion64_fusionL1_drop0p1_trmiss80_trlocclin,31,0.4494377349813779,0.6895920236905416,0.4870689655172414,0.6224097114100031,0.6444444444444445,0.0,0.0,0.0,0.0,2002,clin,0.8
4,5,lr5e-05_bs16_modL1_fusion64_fusionL1_drop0p1_trmiss80_trlocclin,16,5e-05,1,64,1,0.1,lr5e-05_bs16_modL1_fusion64_fusionL1_drop0p1_trmiss80_trlocclin,32,0.45534510910511017,0.6886120835940043,0.49353448275862066,0.624523732822142,0.6,0.0,0.0,0.0,0.0,2002,clin,0.8
4,5,lr5e-05_bs16_modL1_fusion64_fusionL1_drop0p1_trmiss80_trlocclin,16,5e-05,1,64,1,0.1,lr5e-05_bs16_modL1_fusion64_fusionL1_drop0p1_trmiss80_trlocclin,33,0.44620586931705475,0.6881385246912638,0.4913793103448276,0.6250690042772566,0.6222222222222222,0.0,0.0,0.0,0.0,2002,clin,0.8
4,5,lr5e-05_bs16_modL1_fusion64_fusionL1_drop0p1_trmiss80_trlocclin,16,5e-05,1,64,1,0.1,lr5e-05_bs16_modL1_fusion64_fusionL1_drop0p1_trmiss80_trlocclin,34,0.4610339229305585,0.6860113739967346,0.5021551724137931,0.6313525463714216,0.6444444444444445,0.0,0.0,0.0,0.0,2002,clin,0.8
4,5,lr5e-05_bs16_modL1_fusion64_fusionL1_drop0p1_trmiss80_trlocclin,16,5e-05,1,64,1,0.1,lr5e-05_bs16_modL1_fusion64_fusionL1_drop0p1_trmiss80_trlocclin,35,0.4458070670564969,0.6888743042945862,0.4935344827586207,0.6288927702106837,0.6444444444444445,0.0,0.0,0.0,0.0,2002,clin,0.8
4,5,lr5e-05_bs16_modL1_fusion64_fusionL1_drop0p1_trmiss80_trlocclin,16,5e-05,1,64,1,0.1,lr5e-05_bs16_modL1_fusion64_fusionL1_drop0p1_trmiss80_trlocclin,36,0.4528679847717285,0.6917726000150045,0.48275862068965514,0.6155575245053426,0.6222222222222222,0.0,0.0,0.0,0.0,2002,clin,0.8
4,5,lr5e-05_bs16_modL1_fusion64_fusionL1_drop0p1_trmiss80_trlocclin,16,5e-05,1,64,1,0.1,lr5e-05_bs16_modL1_fusion64_fusionL1_drop0p1_trmiss80_trlocclin,37,0.4635473092397054,0.6899672547976176,0.49353448275862066,0.6209158959806556,0.6444444444444445,0.0,0.0,0.0,0.0,2002,clin,0.8
4,5,lr5e-05_bs16_modL1_fusion64_fusionL1_drop0p1_trmiss80_trlocclin,16,5e-05,1,64,1,0.1,lr5e-05_bs16_modL1_fusion64_fusionL1_drop0p1_trmiss80_trlocclin,38,0.4628279209136963,0.6901594400405884,0.4892241379310345,0.6283823499639374,0.6222222222222222,0.0,0.0,0.0,0.0,2002,clin,0.8
4,5,lr5e-05_bs16_modL1_fusion64_fusionL1_drop0p1_trmiss80_trlocclin,16,5e-05,1,64,1,0.1,lr5e-05_bs16_modL1_fusion64_fusionL1_drop0p1_trmiss80_trlocclin,39,0.45361558347940445,0.6888056794802347,0.4827586206896552,0.619127403950872,0.6444444444444445,0.0,0.0,0.0,0.0,2002,clin,0.8
4,5,lr5e-05_bs16_modL1_fusion64_fusionL1_drop0p1_trmiss80_trlocclin,16,5e-05,1,64,1,0.1,lr5e-05_bs16_modL1_fusion64_fusionL1_drop0p1_trmiss80_trlocclin,40,0.45450036724408466,0.6883593002955118,0.4849137931034483,0.6227408670915482,0.6,0.0,0.0,0.0,0.0,2002,clin,0.8
4,5,lr5e-05_bs16_modL1_fusion64_fusionL1_drop0p1_trmiss80_trlocclin,16,5e-05,1,64,1,0.1,lr5e-05_bs16_modL1_fusion64_fusionL1_drop0p1_trmiss80_trlocclin,41,0.46328309426705044,0.6891038417816162,0.4892241379310345,0.6247113104413019,0.6222222222222222,0.0,0.0,0.0,0.0,2002,clin,0.8
4,5,lr5e-05_bs16_modL1_fusion64_fusionL1_drop0p1_trmiss80_trlocclin,16,5e-05,1,64,1,0.1,lr5e-05_bs16_modL1_fusion64_fusionL1_drop0p1_trmiss80_trlocclin,42,0.45064377784729004,0.6937800248463949,0.47844827586206895,0.6162582914185677,0.6,0.0,0.0,0.0,0.0,2002,clin,0.8
4,5,lr5e-05_bs16_modL1_fusion64_fusionL1_drop0p1_trmiss80_trlocclin,16,5e-05,1,64,1,0.1,lr5e-05_bs16_modL1_fusion64_fusionL1_drop0p1_trmiss80_trlocclin,43,0.4499532754222552,0.6925987203915914,0.49353448275862066,0.624126685588333,0.6222222222222222,0.0,0.0,0.0,0.0,2002,clin,0.8
4,5,lr5e-05_bs16_modL1_fusion64_fusionL1_drop0p1_trmiss80_trlocclin,16,5e-05,1,64,1,0.1,lr5e-05_bs16_modL1_fusion64_fusionL1_drop0p1_trmiss80_trlocclin,44,0.46140571186939877,0.6945090889930725,0.47844827586206895,0.614847463278413,0.6444444444444445,0.0,0.0,0.0,0.0,2002,clin,0.8
4,5,lr5e-05_bs16_modL1_fusion64_fusionL1_drop0p1_trmiss80_trlocclin,16,5e-05,1,64,1,0.1,lr5e-05_bs16_modL1_fusion64_fusionL1_drop0p1_trmiss80_trlocclin,45,0.44743478794892627,0.6924757957458496,0.49353448275862066,0.6232521863782581,0.6666666666666666,0.0,0.0,0.0,0.0,2002,clin,0.8
4,5,lr5e-05_bs16_modL1_fusion64_fusionL1_drop0p1_trmiss80_trlocclin,16,5e-05,1,64,1,0.1,lr5e-05_bs16_modL1_fusion64_fusionL1_drop0p1_trmiss80_trlocclin,46,0.44216695924599964,0.6919991970062256,0.4913793103448276,0.6214996034840539,0.5777777777777777,0.0,0.0,0.0,0.0,2002,clin,0.8
4,5,lr5e-05_bs16_modL1_fusion64_fusionL1_drop0p1_trmiss80_trlocclin,16,5e-05,1,64,1,0.1,lr5e-05_bs16_modL1_fusion64_fusionL1_drop0p1_trmiss80_trlocclin,47,0.4593615382909775,0.6874443888664246,0.49784482758620696,0.6374850365208752,0.6444444444444445,0.0,0.0,0.0,0.0,2002,clin,0.8
4,5,lr5e-05_bs16_modL1_fusion64_fusionL1_drop0p1_trmiss80_trlocclin,16,5e-05,1,64,1,0.1,lr5e-05_bs16_modL1_fusion64_fusionL1_drop0p1_trmiss80_trlocclin,48,0.45060018946727115,0.6886587142944336,0.49353448275862066,0.6230674032287074,0.6444444444444445,0.0,0.0,0.0,0.0,2002,clin,0.8
4,5,lr5e-05_bs16_modL1_fusion64_fusionL1_drop0p1_trmiss80_trlocclin,16,5e-05,1,64,1,0.1,lr5e-05_bs16_modL1_fusion64_fusionL1_drop0p1_trmiss80_trlocclin,49,0.45165444165468216,0.6937703688939413,0.49137931034482757,0.6221845266899086,0.6,0.0,0.0,0.0,0.0,2002,clin,0.8
4,5,lr5e-05_bs16_modL1_fusion64_fusionL1_drop0p1_trmiss80_trlocclin,16,5e-05,1,64,1,0.1,lr5e-05_bs16_modL1_fusion64_fusionL1_drop0p1_trmiss80_trlocclin,50,0.4468129153052966,0.6931562026341757,0.4913793103448276,0.621858267536813,0.6,0.0,0.0,0.0,0.0,2002,clin,0.8
4,5,lr5e-05_bs16_modL1_fusion64_fusionL1_drop0p1_trmiss80_trlocclin,16,5e-05,1,64,1,0.1,lr5e-05_bs16_modL1_fusion64_fusionL1_drop0p1_trmiss80_trlocclin,51,0.4720250467459361,0.6922545631726583,0.4806034482758621,0.612769634481635,0.6222222222222222,0.0,0.0,0.0,0.0,2002,clin,0.8
4,5,lr5e-05_bs16_modL1_fusion64_fusionL1_drop0p1_trmiss80_trlocclin,16,5e-05,1,64,1,0.1,lr5e-05_bs16_modL1_fusion64_fusionL1_drop0p1_trmiss80_trlocclin,52,0.44931523501873016,0.6903700629870096,0.4913793103448276,0.6292749845937349,0.5777777777777777,0.0,0.0,0.0,0.0,2002,clin,0.8
4,5,lr5e-05_bs16_modL1_fusion64_fusionL1_drop0p1_trmiss80_trlocclin,16,5e-05,1,64,1,0.1,lr5e-05_bs16_modL1_fusion64_fusionL1_drop0p1_trmiss80_trlocclin,53,0.4590919762849808,0.6922798951466879,0.49353448275862066,0.6246880391107059,0.6222222222222222,0.0,0.0,0.0,0.0,2002,clin,0.8
4,5,lr5e-05_bs16_modL1_fusion64_fusionL1_drop0p1_trmiss80_trlocclin,16,5e-05,1,64,1,0.1,lr5e-05_bs16_modL1_fusion64_fusionL1_drop0p1_trmiss80_trlocclin,54,0.43389347195625305,0.6963032881418864,0.4849137931034483,0.6217298637429942,0.6,0.0,0.0,0.0,0.0,2002,clin,0.8
4,5,lr1e-04_bs16_modL1_fusion32_fusionL1_drop0p2_trmiss80_trlocclin,16,0.0001,1,32,1,0.2,lr1e-04_bs16_modL1_fusion32_fusionL1_drop0p2_trmiss80_trlocclin,1,0.6862486054499944,0.672542929649353,0.5603448275862069,0.7033623249355241,0.6222222222222222,0.0,0.0,0.0,0.0,2002,clin,0.8
4,5,lr1e-04_bs16_modL1_fusion32_fusionL1_drop0p2_trmiss80_trlocclin,16,0.0001,1,32,1,0.2,lr1e-04_bs16_modL1_fusion32_fusionL1_drop0p2_trmiss80_trlocclin,2,0.6716969112555186,0.6814666589101156,0.5129310344827587,0.69083079464289,0.5555555555555556,0.0,0.0,0.0,0.0,2002,clin,0.8
4,5,lr1e-04_bs16_modL1_fusion32_fusionL1_drop0p2_trmiss80_trlocclin,16,0.0001,1,32,1,0.2,lr1e-04_bs16_modL1_fusion32_fusionL1_drop0p2_trmiss80_trlocclin,3,0.6405066053072611,0.6864168842633566,0.49353448275862066,0.6940610047068083,0.5333333333333333,0.0,0.0,0.0,0.0,2002,clin,0.8
4,5,lr1e-04_bs16_modL1_fusion32_fusionL1_drop0p2_trmiss80_trlocclin,16,0.0001,1,32,1,0.2,lr1e-04_bs16_modL1_fusion32_fusionL1_drop0p2_trmiss80_trlocclin,4,0.6201073775688807,0.6886662244796753,0.4892241379310345,0.6778664057089515,0.5555555555555556,0.0,0.0,0.0,0.0,2002,clin,0.8
4,5,lr1e-04_bs16_modL1_fusion32_fusionL1_drop0p2_trmiss80_trlocclin,16,0.0001,1,32,1,0.2,lr1e-04_bs16_modL1_fusion32_fusionL1_drop0p2_trmiss80_trlocclin,5,0.6100612779458364,0.6912751992543539,0.4935344827586207,0.693900902597595,0.5333333333333333,0.0,0.0,0.0,0.0,2002,clin,0.8
4,5,lr1e-04_bs16_modL1_fusion32_fusionL1_drop0p2_trmiss80_trlocclin,16,0.0001,1,32,1,0.2,lr1e-04_bs16_modL1_fusion32_fusionL1_drop0p2_trmiss80_trlocclin,6,0.5971851299206415,0.6911660035451254,0.521551724137931,0.713943507447485,0.5333333333333333,0.0,0.0,0.0,0.0,2002,clin,0.8
4,5,lr1e-04_bs16_modL1_fusion32_fusionL1_drop0p2_trmiss80_trlocclin,16,0.0001,1,32,1,0.2,lr1e-04_bs16_modL1_fusion32_fusionL1_drop0p2_trmiss80_trlocclin,7,0.5619720766941706,0.6983895897865295,0.4870689655172413,0.6688718920720889,0.5333333333333333,0.0,0.0,0.0,0.0,2002,clin,0.8
4,5,lr1e-04_bs16_modL1_fusion32_fusionL1_drop0p2_trmiss80_trlocclin,16,0.0001,1,32,1,0.2,lr1e-04_bs16_modL1_fusion32_fusionL1_drop0p2_trmiss80_trlocclin,8,0.575081984202067,0.700463056564331,0.49137931034482757,0.6679652239442724,0.5333333333333333,0.0,0.0,0.0,0.0,2002,clin,0.8
4,5,lr1e-04_bs16_modL1_fusion32_fusionL1_drop0p2_trmiss80_trlocclin,16,0.0001,1,32,1,0.2,lr1e-04_bs16_modL1_fusion32_fusionL1_drop0p2_trmiss80_trlocclin,9,0.5953812499841055,0.699442466100057,0.4956896551724138,0.668181800718135,0.5555555555555556,0.0,0.0,0.0,0.0,2002,clin,0.8
4,5,lr1e-04_bs16_modL1_fusion32_fusionL1_drop0p2_trmiss80_trlocclin,16,0.0001,1,32,1,0.2,lr1e-04_bs16_modL1_fusion32_fusionL1_drop0p2_trmiss80_trlocclin,10,0.54171355565389,0.7017152110735575,0.48275862068965514,0.6629082936264821,0.5555555555555556,0.0,0.0,0.0,0.0,2002,clin,0.8
4,5,lr1e-04_bs16_modL1_fusion32_fusionL1_drop0p2_trmiss80_trlocclin,16,0.0001,1,32,1,0.2,lr1e-04_bs16_modL1_fusion32_fusionL1_drop0p2_trmiss80_trlocclin,11,0.5474051733811697,0.6971125602722168,0.5021551724137931,0.677175785066271,0.5777777777777777,0.0,0.0,0.0,0.0,2002,clin,0.8
4,5,lr1e-04_bs16_modL1_fusion32_fusionL1_drop0p2_trmiss80_trlocclin,16,0.0001,1,32,1,0.2,lr1e-04_bs16_modL1_fusion32_fusionL1_drop0p2_trmiss80_trlocclin,12,0.5547271246711413,0.6940865317980448,0.49353448275862066,0.6654407077669902,0.5555555555555556,0.0,0.0,0.0,0.0,2002,clin,0.8
4,5,lr1e-04_bs16_modL1_fusion32_fusionL1_drop0p2_trmiss80_trlocclin,16,0.0001,1,32,1,0.2,lr1e-04_bs16_modL1_fusion32_fusionL1_drop0p2_trmiss80_trlocclin,13,0.5377387677629789,0.6933580239613851,0.5150862068965517,0.6763836685531721,0.5555555555555556,0.0,0.0,0.0,0.0,2002,clin,0.8
4,5,lr1e-04_bs16_modL1_fusion32_fusionL1_drop0p2_trmiss80_trlocclin,16,0.0001,1,32,1,0.2,lr1e-04_bs16_modL1_fusion32_fusionL1_drop0p2_trmiss80_trlocclin,14,0.5340436349312464,0.6927088697751363,0.5043103448275862,0.6687592607369239,0.5555555555555556,0.0,0.0,0.0,0.0,2002,clin,0.8
4,5,lr1e-04_bs16_modL1_fusion32_fusionL1_drop0p2_trmiss80_trlocclin,16,0.0001,1,32,1,0.2,lr1e-04_bs16_modL1_fusion32_fusionL1_drop0p2_trmiss80_trlocclin,15,0.5327361350258192,0.691238264242808,0.5129310344827586,0.6737766066905355,0.5555555555555556,0.0,0.0,0.0,0.0,2002,clin,0.8
4,5,lr1e-04_bs16_modL1_fusion32_fusionL1_drop0p2_trmiss80_trlocclin,16,0.0001,1,32,1,0.2,lr1e-04_bs16_modL1_fusion32_fusionL1_drop0p2_trmiss80_trlocclin,16,0.5250768139958382,0.6937568386395773,0.5107758620689655,0.6693445780119355,0.5555555555555556,0.0,0.0,0.0,0.0,2002,clin,0.8
4,5,lr1e-04_bs16_modL1_fusion32_fusionL1_drop0p2_trmiss80_trlocclin,16,0.0001,1,32,1,0.2,lr1e-04_bs16_modL1_fusion32_fusionL1_drop0p2_trmiss80_trlocclin,17,0.5383993337551752,0.6918164292971293,0.521551724137931,0.6815604710083949,0.5555555555555556,0.0,0.0,0.0,0.0,2002,clin,0.8
4,5,lr1e-04_bs16_modL1_fusion32_fusionL1_drop0p2_trmiss80_trlocclin,16,0.0001,1,32,1,0.2,lr1e-04_bs16_modL1_fusion32_fusionL1_drop0p2_trmiss80_trlocclin,18,0.5236785560846329,0.6998122533162435,0.5043103448275862,0.6648029722529246,0.5555555555555556,0.0,0.0,0.0,0.0,2002,clin,0.8
4,5,lr1e-04_bs16_modL1_fusion32_fusionL1_drop0p2_trmiss80_trlocclin,16,0.0001,1,32,1,0.2,lr1e-04_bs16_modL1_fusion32_fusionL1_drop0p2_trmiss80_trlocclin,19,0.5107363164424896,0.6998488704363505,0.5150862068965517,0.6835134399079403,0.5333333333333333,0.0,0.0,0.0,0.0,2002,clin,0.8
4,5,lr1e-04_bs16_modL1_fusion32_fusionL1_drop0p2_trmiss80_trlocclin,16,0.0001,1,32,1,0.2,lr1e-04_bs16_modL1_fusion32_fusionL1_drop0p2_trmiss80_trlocclin,20,0.510813037554423,0.698478102684021,0.5064655172413793,0.6631767724413341,0.5555555555555556,0.0,0.0,0.0,0.0,2002,clin,0.8
4,5,lr1e-04_bs16_modL1_fusion32_fusionL1_drop0p2_trmiss80_trlocclin,16,0.0001,1,32,1,0.2,lr1e-04_bs16_modL1_fusion32_fusionL1_drop0p2_trmiss80_trlocclin,21,0.5090039993325869,0.6965396404266357,0.5150862068965517,0.6782162939494705,0.5555555555555556,0.0,0.0,0.0,0.0,2002,clin,0.8
4,5,lr1e-04_bs16_modL1_fusion32_fusionL1_drop0p1_trmiss80_trlocclin,16,0.0001,1,32,1,0.1,lr1e-04_bs16_modL1_fusion32_fusionL1_drop0p1_trmiss80_trlocclin,1,0.6557469169298807,0.6635565757751465,0.5926724137931034,0.713000761741194,0.6222222222222222,0.0,0.0,0.0,0.0,2002,clin,0.8
4,5,lr1e-04_bs16_modL1_fusion32_fusionL1_drop0p1_trmiss80_trlocclin,16,0.0001,1,32,1,0.1,lr1e-04_bs16_modL1_fusion32_fusionL1_drop0p1_trmiss80_trlocclin,2,0.6301626712083817,0.6578428546587626,0.5840517241379309,0.7401964425137764,0.6444444444444445,0.0,0.0,0.0,0.0,2002,clin,0.8
4,5,lr1e-04_bs16_modL1_fusion32_fusionL1_drop0p1_trmiss80_trlocclin,16,0.0001,1,32,1,0.1,lr1e-04_bs16_modL1_fusion32_fusionL1_drop0p1_trmiss80_trlocclin,3,0.5964254041512808,0.6567200223604838,0.5754310344827587,0.7131051270133523,0.6666666666666666,0.0,0.0,0.0,0.0,2002,clin,0.8
4,5,lr1e-04_bs16_modL1_fusion32_fusionL1_drop0p1_trmiss80_trlocclin,16,0.0001,1,32,1,0.1,lr1e-04_bs16_modL1_fusion32_fusionL1_drop0p1_trmiss80_trlocclin,4,0.5585632473230362,0.6635563969612122,0.5344827586206896,0.7065664381826201,0.6444444444444445,0.0,0.0,0.0,0.0,2002,clin,0.8
4,5,lr1e-04_bs16_modL1_fusion32_fusionL1_drop0p1_trmiss80_trlocclin,16,0.0001,1,32,1,0.1,lr1e-04_bs16_modL1_fusion32_fusionL1_drop0p1_trmiss80_trlocclin,5,0.5470174451669058,0.6736075480779012,0.5107758620689655,0.6864054679559487,0.6,0.0,0.0,0.0,0.0,2002,clin,0.8
4,5,lr1e-04_bs16_modL1_fusion32_fusionL1_drop0p1_trmiss80_trlocclin,16,0.0001,1,32,1,0.1,lr1e-04_bs16_modL1_fusion32_fusionL1_drop0p1_trmiss80_trlocclin,6,0.5177471389373144,0.6747724811236063,0.5193965517241379,0.6905524901284156,0.6,0.0,0.0,0.0,0.0,2002,clin,0.8
4,5,lr1e-04_bs16_modL1_fusion32_fusionL1_drop0p1_trmiss80_trlocclin,16,0.0001,1,32,1,0.1,lr1e-04_bs16_modL1_fusion32_fusionL1_drop0p1_trmiss80_trlocclin,7,0.5275732005635897,0.6693522334098816,0.540948275862069,0.6819265518746623,0.6666666666666666,0.0,0.0,0.0,0.0,2002,clin,0.8
4,5,lr1e-04_bs16_modL1_fusion32_fusionL1_drop0p1_trmiss80_trlocclin,16,0.0001,1,32,1,0.1,lr1e-04_bs16_modL1_fusion32_fusionL1_drop0p1_trmiss80_trlocclin,8,0.49564428130785626,0.663276215394338,0.5603448275862069,0.6987805608828129,0.6888888888888889,0.0,0.0,0.0,0.0,2002,clin,0.8
4,5,lr1e-04_bs16_modL1_fusion32_fusionL1_drop0p1_trmiss80_trlocclin,16,0.0001,1,32,1,0.1,lr1e-04_bs16_modL1_fusion32_fusionL1_drop0p1_trmiss80_trlocclin,9,0.47726940115292865,0.6701584259668986,0.5323275862068966,0.6705550319705639,0.6666666666666666,0.0,0.0,0.0,0.0,2002,clin,0.8
4,5,lr1e-04_bs16_modL1_fusion32_fusionL1_drop0p1_trmiss80_trlocclin,16,0.0001,1,32,1,0.1,lr1e-04_bs16_modL1_fusion32_fusionL1_drop0p1_trmiss80_trlocclin,10,0.4755333835879962,0.6693699757258097,0.5366379310344829,0.6586294442675941,0.6444444444444445,0.0,0.0,0.0,0.0,2002,clin,0.8
4,5,lr1e-04_bs16_modL1_fusion32_fusionL1_drop0p1_trmiss80_trlocclin,16,0.0001,1,32,1,0.1,lr1e-04_bs16_modL1_fusion32_fusionL1_drop0p1_trmiss80_trlocclin,11,0.49652742346127826,0.670685350894928,0.5323275862068966,0.6616783841824525,0.6444444444444445,0.0,0.0,0.0,0.0,2002,clin,0.8
4,5,lr1e-04_bs16_modL1_fusion32_fusionL1_drop0p1_trmiss80_trlocclin,16,0.0001,1,32,1,0.1,lr1e-04_bs16_modL1_fusion32_fusionL1_drop0p1_trmiss80_trlocclin,12,0.4368816291292508,0.6761298179626465,0.5366379310344827,0.6705175198823272,0.5555555555555556,0.0,0.0,0.0,0.0,2002,clin,0.8
4,5,lr1e-04_bs16_modL1_fusion32_fusionL1_drop0p1_trmiss80_trlocclin,16,0.0001,1,32,1,0.1,lr1e-04_bs16_modL1_fusion32_fusionL1_drop0p1_trmiss80_trlocclin,13,0.442484013736248,0.6755423545837402,0.5344827586206897,0.7018901006592192,0.5777777777777777,0.0,0.0,0.0,0.0,2002,clin,0.8
4,5,lr1e-04_bs16_modL1_fusion32_fusionL1_drop0p1_trmiss80_trlocclin,16,0.0001,1,32,1,0.1,lr1e-04_bs16_modL1_fusion32_fusionL1_drop0p1_trmiss80_trlocclin,14,0.4362732395529747,0.6809401909510294,0.5172413793103449,0.6723188576513991,0.5777777777777777,0.0,0.0,0.0,0.0,2002,clin,0.8
4,5,lr1e-04_bs16_modL1_fusion32_fusionL1_drop0p1_trmiss80_trlocclin,16,0.0001,1,32,1,0.1,lr1e-04_bs16_modL1_fusion32_fusionL1_drop0p1_trmiss80_trlocclin,15,0.4224785715341568,0.6790507833162943,0.521551724137931,0.6609371023164285,0.6,0.0,0.0,0.0,0.0,2002,clin,0.8
4,5,lr1e-04_bs16_modL1_fusion32_fusionL1_drop0p1_trmiss80_trlocclin,16,0.0001,1,32,1,0.1,lr1e-04_bs16_modL1_fusion32_fusionL1_drop0p1_trmiss80_trlocclin,16,0.43721171965201694,0.6676652034123739,0.5474137931034483,0.6843111946890518,0.6222222222222222,0.0,0.0,0.0,0.0,2002,clin,0.8
4,5,lr1e-04_bs16_modL1_fusion32_fusionL1_drop0p1_trmiss80_trlocclin,16,0.0001,1,32,1,0.1,lr1e-04_bs16_modL1_fusion32_fusionL1_drop0p1_trmiss80_trlocclin,17,0.4452030037840207,0.6717664003372192,0.5323275862068966,0.6929255969381264,0.6222222222222222,0.0,0.0,0.0,0.0,2002,clin,0.8
4,5,lr1e-04_bs16_modL1_fusion32_fusionL1_drop0p1_trmiss80_trlocclin,16,0.0001,1,32,1,0.1,lr1e-04_bs16_modL1_fusion32_fusionL1_drop0p1_trmiss80_trlocclin,18,0.4384350950519244,0.6712062954902649,0.540948275862069,0.6943784105034516,0.6222222222222222,0.0,0.0,0.0,0.0,2002,clin,0.8
4,5,lr1e-04_bs16_modL1_fusion32_fusionL1_drop0p1_trmiss80_trlocclin,16,0.0001,1,32,1,0.1,lr1e-04_bs16_modL1_fusion32_fusionL1_drop0p1_trmiss80_trlocclin,19,0.44230418155590695,0.673071006933848,0.5323275862068966,0.6867053364510672,0.5555555555555556,0.0,0.0,0.0,0.0,2002,clin,0.8
4,5,lr1e-04_bs16_modL1_fusion32_fusionL1_drop0p1_trmiss80_trlocclin,16,0.0001,1,32,1,0.1,lr1e-04_bs16_modL1_fusion32_fusionL1_drop0p1_trmiss80_trlocclin,20,0.42255689203739166,0.6784113844235738,0.5323275862068966,0.6837497538148454,0.5777777777777777,0.0,0.0,0.0,0.0,2002,clin,0.8
4,5,lr1e-04_bs16_modL1_fusion32_fusionL1_drop0p1_trmiss80_trlocclin,16,0.0001,1,32,1,0.1,lr1e-04_bs16_modL1_fusion32_fusionL1_drop0p1_trmiss80_trlocclin,21,0.4196290249625842,0.673285186290741,0.5387931034482759,0.6987980310038122,0.5333333333333333,0.0,0.0,0.0,0.0,2002,clin,0.8
4,5,lr1e-04_bs16_modL1_fusion64_fusionL1_drop0p2_trmiss80_trlocclin,16,0.0001,1,64,1,0.2,lr1e-04_bs16_modL1_fusion64_fusionL1_drop0p2_trmiss80_trlocclin,1,0.7079814672470093,0.7238138516743978,0.4288793103448276,0.5849324658104356,0.3111111111111111,0.0,0.0,0.0,0.0,2002,clin,0.8
4,5,lr1e-04_bs16_modL1_fusion64_fusionL1_drop0p2_trmiss80_trlocclin,16,0.0001,1,64,1,0.2,lr1e-04_bs16_modL1_fusion64_fusionL1_drop0p2_trmiss80_trlocclin,2,0.6909627517064413,0.7363258401552836,0.4073275862068966,0.5825411686293958,0.35555555555555557,0.0,0.0,0.0,0.0,2002,clin,0.8
4,5,lr1e-04_bs16_modL1_fusion64_fusionL1_drop0p2_trmiss80_trlocclin,16,0.0001,1,64,1,0.2,lr1e-04_bs16_modL1_fusion64_fusionL1_drop0p2_trmiss80_trlocclin,3,0.6535139779249827,0.7249830563863119,0.41810344827586204,0.6121622586501732,0.37777777777777777,0.0,0.0,0.0,0.0,2002,clin,0.8
4,5,lr1e-04_bs16_modL1_fusion64_fusionL1_drop0p2_trmiss80_trlocclin,16,0.0001,1,64,1,0.2,lr1e-04_bs16_modL1_fusion64_fusionL1_drop0p2_trmiss80_trlocclin,4,0.6421315769354502,0.7256588538487753,0.47413793103448276,0.6359742708227863,0.4222222222222222,0.0,0.0,0.0,0.0,2002,clin,0.8
4,5,lr1e-04_bs16_modL1_fusion64_fusionL1_drop0p2_trmiss80_trlocclin,16,0.0001,1,64,1,0.2,lr1e-04_bs16_modL1_fusion64_fusionL1_drop0p2_trmiss80_trlocclin,5,0.5965015093485514,0.7225617369016012,0.4676724137931034,0.6591168544704503,0.37777777777777777,0.0,0.0,0.0,0.0,2002,clin,0.8
4,5,lr1e-04_bs16_modL1_fusion64_fusionL1_drop0p2_trmiss80_trlocclin,16,0.0001,1,64,1,0.2,lr1e-04_bs16_modL1_fusion64_fusionL1_drop0p2_trmiss80_trlocclin,6,0.5987752775351206,0.7294389406840006,0.45474137931034486,0.6037581283845876,0.4666666666666667,0.0,0.0,0.0,0.0,2002,clin,0.8
4,5,lr1e-04_bs16_modL1_fusion64_fusionL1_drop0p2_trmiss80_trlocclin,16,0.0001,1,64,1,0.2,lr1e-04_bs16_modL1_fusion64_fusionL1_drop0p2_trmiss80_trlocclin,7,0.5665137246251106,0.7317823568979899,0.46551724137931033,0.6279615962607265,0.4222222222222222,0.0,0.0,0.0,0.0,2002,clin,0.8
4,5,lr1e-04_bs16_modL1_fusion64_fusionL1_drop0p2_trmiss80_trlocclin,16,0.0001,1,64,1,0.2,lr1e-04_bs16_modL1_fusion64_fusionL1_drop0p2_trmiss80_trlocclin,8,0.5762118995189667,0.7359575629234314,0.4482758620689655,0.5996023555375027,0.4444444444444444,0.0,0.0,0.0,0.0,2002,clin,0.8
4,5,lr1e-04_bs16_modL1_fusion64_fusionL1_drop0p2_trmiss80_trlocclin,16,0.0001,1,64,1,0.2,lr1e-04_bs16_modL1_fusion64_fusionL1_drop0p2_trmiss80_trlocclin,9,0.5413414413730303,0.7376839717229208,0.47198275862068967,0.5975973571216522,0.4444444444444444,0.0,0.0,0.0,0.0,2002,clin,0.8
4,5,lr1e-04_bs16_modL1_fusion64_fusionL1_drop0p2_trmiss80_trlocclin,16,0.0001,1,64,1,0.2,lr1e-04_bs16_modL1_fusion64_fusionL1_drop0p2_trmiss80_trlocclin,10,0.5348910018801689,0.7392149964968363,0.47629310344827586,0.6060019302285788,0.4888888888888889,0.0,0.0,0.0,0.0,2002,clin,0.8
4,5,lr1e-04_bs16_modL1_fusion64_fusionL1_drop0p2_trmiss80_trlocclin,16,0.0001,1,64,1,0.2,lr1e-04_bs16_modL1_fusion64_fusionL1_drop0p2_trmiss80_trlocclin,11,0.4957823281486829,0.7306870420773824,0.4827586206896552,0.6167496880118054,0.4444444444444444,0.0,0.0,0.0,0.0,2002,clin,0.8
4,5,lr1e-04_bs16_modL1_fusion64_fusionL1_drop0p2_trmiss80_trlocclin,16,0.0001,1,64,1,0.2,lr1e-04_bs16_modL1_fusion64_fusionL1_drop0p2_trmiss80_trlocclin,12,0.5077337076266607,0.7329859932263693,0.4719827586206896,0.6033585073905595,0.4444444444444444,0.0,0.0,0.0,0.0,2002,clin,0.8
4,5,lr1e-04_bs16_modL1_fusion64_fusionL1_drop0p2_trmiss80_trlocclin,16,0.0001,1,64,1,0.2,lr1e-04_bs16_modL1_fusion64_fusionL1_drop0p2_trmiss80_trlocclin,13,0.4923981229464213,0.7267523010571798,0.4504310344827587,0.592213423671546,0.4888888888888889,0.0,0.0,0.0,0.0,2002,clin,0.8
4,5,lr1e-04_bs16_modL1_fusion64_fusionL1_drop0p2_trmiss80_trlocclin,16,0.0001,1,64,1,0.2,lr1e-04_bs16_modL1_fusion64_fusionL1_drop0p2_trmiss80_trlocclin,14,0.5076712643106779,0.7324694395065308,0.4525862068965517,0.6000248055114107,0.4888888888888889,0.0,0.0,0.0,0.0,2002,clin,0.8
4,5,lr1e-04_bs16_modL1_fusion64_fusionL1_drop0p2_trmiss80_trlocclin,16,0.0001,1,64,1,0.2,lr1e-04_bs16_modL1_fusion64_fusionL1_drop0p2_trmiss80_trlocclin,15,0.47166349242130917,0.7271077235539755,0.47844827586206895,0.605468752808521,0.4888888888888889,0.0,0.0,0.0,0.0,2002,clin,0.8
4,5,lr1e-04_bs16_modL1_fusion64_fusionL1_drop0p2_trmiss80_trlocclin,16,0.0001,1,64,1,0.2,lr1e-04_bs16_modL1_fusion64_fusionL1_drop0p2_trmiss80_trlocclin,16,0.4778477946917216,0.7291583021481832,0.46551724137931033,0.5968304610538839,0.4888888888888889,0.0,0.0,0.0,0.0,2002,clin,0.8
4,5,lr1e-04_bs16_modL1_fusion64_fusionL1_drop0p2_trmiss80_trlocclin,16,0.0001,1,64,1,0.2,lr1e-04_bs16_modL1_fusion64_fusionL1_drop0p2_trmiss80_trlocclin,17,0.45570775618155795,0.7263278762499491,0.4547413793103448,0.5883988129715126,0.5333333333333333,0.0,0.0,0.0,0.0,2002,clin,0.8
4,5,lr1e-04_bs16_modL1_fusion64_fusionL1_drop0p2_trmiss80_trlocclin,16,0.0001,1,64,1,0.2,lr1e-04_bs16_modL1_fusion64_fusionL1_drop0p2_trmiss80_trlocclin,18,0.46083278208971024,0.7329805294672648,0.46551724137931033,0.5956866287881319,0.4444444444444444,0.0,0.0,0.0,0.0,2002,clin,0.8
4,5,lr1e-04_bs16_modL1_fusion64_fusionL1_drop0p2_trmiss80_trlocclin,16,0.0001,1,64,1,0.2,lr1e-04_bs16_modL1_fusion64_fusionL1_drop0p2_trmiss80_trlocclin,19,0.44964859386285144,0.7261331876118978,0.4827586206896552,0.6034220824996002,0.5111111111111111,0.0,0.0,0.0,0.0,2002,clin,0.8
4,5,lr1e-04_bs16_modL1_fusion64_fusionL1_drop0p2_trmiss80_trlocclin,16,0.0001,1,64,1,0.2,lr1e-04_bs16_modL1_fusion64_fusionL1_drop0p2_trmiss80_trlocclin,20,0.45846855143706006,0.7336834271748861,0.47844827586206895,0.6021881639873848,0.4888888888888889,0.0,0.0,0.0,0.0,2002,clin,0.8
4,5,lr1e-04_bs16_modL1_fusion64_fusionL1_drop0p2_trmiss80_trlocclin,16,0.0001,1,64,1,0.2,lr1e-04_bs16_modL1_fusion64_fusionL1_drop0p2_trmiss80_trlocclin,21,0.45332623024781543,0.7360166708628336,0.4849137931034483,0.6082854155830144,0.5111111111111111,0.0,0.0,0.0,0.0,2002,clin,0.8
4,5,lr1e-04_bs16_modL1_fusion64_fusionL1_drop0p2_trmiss80_trlocclin,16,0.0001,1,64,1,0.2,lr1e-04_bs16_modL1_fusion64_fusionL1_drop0p2_trmiss80_trlocclin,22,0.43606337904930115,0.729047437508901,0.47198275862068967,0.595100809523648,0.5111111111111111,0.0,0.0,0.0,0.0,2002,clin,0.8
4,5,lr1e-04_bs16_modL1_fusion64_fusionL1_drop0p2_trmiss80_trlocclin,16,0.0001,1,64,1,0.2,lr1e-04_bs16_modL1_fusion64_fusionL1_drop0p2_trmiss80_trlocclin,23,0.4390857194860776,0.7237455050150553,0.47844827586206895,0.6102994893575928,0.4888888888888889,0.0,0.0,0.0,0.0,2002,clin,0.8
4,5,lr1e-04_bs16_modL1_fusion64_fusionL1_drop0p2_trmiss80_trlocclin,16,0.0001,1,64,1,0.2,lr1e-04_bs16_modL1_fusion64_fusionL1_drop0p2_trmiss80_trlocclin,24,0.4079919879635175,0.7245857119560242,0.48491379310344823,0.6027180305677479,0.4888888888888889,0.0,0.0,0.0,0.0,2002,clin,0.8
4,5,lr1e-04_bs16_modL1_fusion64_fusionL1_drop0p2_trmiss80_trlocclin,16,0.0001,1,64,1,0.2,lr1e-04_bs16_modL1_fusion64_fusionL1_drop0p2_trmiss80_trlocclin,25,0.44198649128278095,0.736016035079956,0.47413793103448276,0.5979828786198604,0.5333333333333333,0.0,0.0,0.0,0.0,2002,clin,0.8
4,5,lr1e-04_bs16_modL1_fusion64_fusionL1_drop0p2_trmiss80_trlocclin,16,0.0001,1,64,1,0.2,lr1e-04_bs16_modL1_fusion64_fusionL1_drop0p2_trmiss80_trlocclin,26,0.4229971220095952,0.725343386332194,0.48275862068965514,0.6025780791369143,0.5111111111111111,0.0,0.0,0.0,0.0,2002,clin,0.8
4,5,lr1e-04_bs16_modL1_fusion64_fusionL1_drop0p2_trmiss80_trlocclin,16,0.0001,1,64,1,0.2,lr1e-04_bs16_modL1_fusion64_fusionL1_drop0p2_trmiss80_trlocclin,27,0.4264945487181346,0.7274077534675598,0.4849137931034483,0.6047249737613036,0.5333333333333333,0.0,0.0,0.0,0.0,2002,clin,0.8
4,5,lr1e-04_bs16_modL1_fusion64_fusionL1_drop0p2_trmiss80_trlocclin,16,0.0001,1,64,1,0.2,lr1e-04_bs16_modL1_fusion64_fusionL1_drop0p2_trmiss80_trlocclin,28,0.41855768114328384,0.7312720020612081,0.46551724137931033,0.5924167361313702,0.5111111111111111,0.0,0.0,0.0,0.0,2002,clin,0.8
4,5,lr1e-04_bs16_modL1_fusion64_fusionL1_drop0p2_trmiss80_trlocclin,16,0.0001,1,64,1,0.2,lr1e-04_bs16_modL1_fusion64_fusionL1_drop0p2_trmiss80_trlocclin,29,0.4038349116841952,0.7399076819419861,0.4892241379310345,0.6072054015645857,0.4888888888888889,0.0,0.0,0.0,0.0,2002,clin,0.8
4,5,lr1e-04_bs16_modL1_fusion64_fusionL1_drop0p2_trmiss80_trlocclin,16,0.0001,1,64,1,0.2,lr1e-04_bs16_modL1_fusion64_fusionL1_drop0p2_trmiss80_trlocclin,30,0.4156978353857994,0.7270195285479227,0.4849137931034483,0.6020824267848371,0.5111111111111111,0.0,0.0,0.0,0.0,2002,clin,0.8
4,5,lr1e-04_bs16_modL1_fusion64_fusionL1_drop0p2_trmiss80_trlocclin,16,0.0001,1,64,1,0.2,lr1e-04_bs16_modL1_fusion64_fusionL1_drop0p2_trmiss80_trlocclin,31,0.4154169832666715,0.7268447875976562,0.49137931034482757,0.6051036378816061,0.4888888888888889,0.0,0.0,0.0,0.0,2002,clin,0.8
4,5,lr1e-04_bs16_modL1_fusion64_fusionL1_drop0p2_trmiss80_trlocclin,16,0.0001,1,64,1,0.2,lr1e-04_bs16_modL1_fusion64_fusionL1_drop0p2_trmiss80_trlocclin,32,0.40479658792416257,0.7304429014523824,0.4892241379310345,0.6046807623573107,0.4888888888888889,0.0,0.0,0.0,0.0,2002,clin,0.8
4,5,lr1e-04_bs16_modL1_fusion64_fusionL1_drop0p2_trmiss80_trlocclin,16,0.0001,1,64,1,0.2,lr1e-04_bs16_modL1_fusion64_fusionL1_drop0p2_trmiss80_trlocclin,33,0.42239516228437424,0.7259959975878397,0.48275862068965514,0.6028500467074693,0.5111111111111111,0.0,0.0,0.0,0.0,2002,clin,0.8
4,5,lr1e-04_bs16_modL1_fusion64_fusionL1_drop0p2_trmiss80_trlocclin,16,0.0001,1,64,1,0.2,lr1e-04_bs16_modL1_fusion64_fusionL1_drop0p2_trmiss80_trlocclin,34,0.4190305024385452,0.7405494650204977,0.47413793103448276,0.6063236795778347,0.4888888888888889,0.0,0.0,0.0,0.0,2002,clin,0.8
4,5,lr1e-04_bs16_modL1_fusion64_fusionL1_drop0p2_trmiss80_trlocclin,16,0.0001,1,64,1,0.2,lr1e-04_bs16_modL1_fusion64_fusionL1_drop0p2_trmiss80_trlocclin,35,0.40430962791045505,0.7345903515815735,0.4698275862068965,0.5985419289789016,0.4888888888888889,0.0,0.0,0.0,0.0,2002,clin,0.8
4,5,lr1e-04_bs16_modL1_fusion64_fusionL1_drop0p2_trmiss80_trlocclin,16,0.0001,1,64,1,0.2,lr1e-04_bs16_modL1_fusion64_fusionL1_drop0p2_trmiss80_trlocclin,36,0.4017517517010371,0.7312475641568502,0.4849137931034483,0.6040427999733251,0.4888888888888889,0.0,0.0,0.0,0.0,2002,clin,0.8
4,5,lr1e-04_bs16_modL1_fusion64_fusionL1_drop0p2_trmiss80_trlocclin,16,0.0001,1,64,1,0.2,lr1e-04_bs16_modL1_fusion64_fusionL1_drop0p2_trmiss80_trlocclin,37,0.4187994872530301,0.7339276472727457,0.4913793103448276,0.6059196637293291,0.4888888888888889,0.0,0.0,0.0,0.0,2002,clin,0.8
4,5,lr1e-04_bs16_modL1_fusion64_fusionL1_drop0p2_trmiss80_trlocclin,16,0.0001,1,64,1,0.2,lr1e-04_bs16_modL1_fusion64_fusionL1_drop0p2_trmiss80_trlocclin,38,0.41320283710956573,0.7370696067810059,0.4913793103448276,0.6050629440732112,0.4666666666666667,0.0,0.0,0.0,0.0,2002,clin,0.8
4,5,lr1e-04_bs16_modL1_fusion64_fusionL1_drop0p2_trmiss80_trlocclin,16,0.0001,1,64,1,0.2,lr1e-04_bs16_modL1_fusion64_fusionL1_drop0p2_trmiss80_trlocclin,39,0.41025297592083615,0.7305205663045248,0.48275862068965525,0.6012212345655528,0.5111111111111111,0.0,0.0,0.0,0.0,2002,clin,0.8
4,5,lr1e-04_bs16_modL1_fusion64_fusionL1_drop0p2_trmiss80_trlocclin,16,0.0001,1,64,1,0.2,lr1e-04_bs16_modL1_fusion64_fusionL1_drop0p2_trmiss80_trlocclin,40,0.4080616707603137,0.7327591975529989,0.47844827586206895,0.5998943816828388,0.4888888888888889,0.0,0.0,0.0,0.0,2002,clin,0.8
4,5,lr1e-04_bs16_modL1_fusion64_fusionL1_drop0p2_trmiss80_trlocclin,16,0.0001,1,64,1,0.2,lr1e-04_bs16_modL1_fusion64_fusionL1_drop0p2_trmiss80_trlocclin,41,0.3972693085670471,0.7345087925593058,0.4870689655172414,0.6100919493785383,0.4888888888888889,0.0,0.0,0.0,0.0,2002,clin,0.8
4,5,lr1e-04_bs16_modL1_fusion64_fusionL1_drop0p2_trmiss80_trlocclin,16,0.0001,1,64,1,0.2,lr1e-04_bs16_modL1_fusion64_fusionL1_drop0p2_trmiss80_trlocclin,42,0.3878695343931516,0.7351781725883484,0.4741379310344827,0.5990365377012626,0.4888888888888889,0.0,0.0,0.0,0.0,2002,clin,0.8
4,5,lr1e-04_bs16_modL1_fusion64_fusionL1_drop0p2_trmiss80_trlocclin,16,0.0001,1,64,1,0.2,lr1e-04_bs16_modL1_fusion64_fusionL1_drop0p2_trmiss80_trlocclin,43,0.40149469176928204,0.741184651851654,0.4827586206896552,0.6028391785188227,0.4666666666666667,0.0,0.0,0.0,0.0,2002,clin,0.8
4,5,lr1e-04_bs16_modL1_fusion64_fusionL1_drop0p2_trmiss80_trlocclin,16,0.0001,1,64,1,0.2,lr1e-04_bs16_modL1_fusion64_fusionL1_drop0p2_trmiss80_trlocclin,44,0.39288488030433655,0.7379599412282308,0.4698275862068965,0.59631794249101,0.4888888888888889,0.0,0.0,0.0,0.0,2002,clin,0.8
4,5,lr1e-04_bs16_modL1_fusion64_fusionL1_drop0p2_trmiss80_trlocclin,16,0.0001,1,64,1,0.2,lr1e-04_bs16_modL1_fusion64_fusionL1_drop0p2_trmiss80_trlocclin,45,0.3917611837387085,0.7398807605107626,0.4806034482758621,0.6103199542711258,0.4666666666666667,0.0,0.0,0.0,0.0,2002,clin,0.8
4,5,lr1e-04_bs16_modL1_fusion64_fusionL1_drop0p2_trmiss80_trlocclin,16,0.0001,1,64,1,0.2,lr1e-04_bs16_modL1_fusion64_fusionL1_drop0p2_trmiss80_trlocclin,46,0.4055741826693217,0.7318790952364603,0.4827586206896552,0.6044616029106771,0.4888888888888889,0.0,0.0,0.0,0.0,2002,clin,0.8
4,5,lr1e-04_bs16_modL1_fusion64_fusionL1_drop0p2_trmiss80_trlocclin,16,0.0001,1,64,1,0.2,lr1e-04_bs16_modL1_fusion64_fusionL1_drop0p2_trmiss80_trlocclin,47,0.40803083529074985,0.7327937682469686,0.4913793103448276,0.6118768644386955,0.4888888888888889,0.0,0.0,0.0,0.0,2002,clin,0.8
4,5,lr1e-04_bs16_modL1_fusion64_fusionL1_drop0p2_trmiss80_trlocclin,16,0.0001,1,64,1,0.2,lr1e-04_bs16_modL1_fusion64_fusionL1_drop0p2_trmiss80_trlocclin,48,0.3967934076984723,0.7355460524559021,0.4892241379310345,0.6064185155326907,0.4666666666666667,0.0,0.0,0.0,0.0,2002,clin,0.8
4,5,lr1e-04_bs16_modL1_fusion64_fusionL1_drop0p2_trmiss80_trlocclin,16,0.0001,1,64,1,0.2,lr1e-04_bs16_modL1_fusion64_fusionL1_drop0p2_trmiss80_trlocclin,49,0.4242490753531456,0.7423001925150553,0.4956896551724138,0.6106531038757181,0.4666666666666667,0.0,0.0,0.0,0.0,2002,clin,0.8
4,5,lr1e-04_bs16_modL1_fusion64_fusionL1_drop0p2_trmiss80_trlocclin,16,0.0001,1,64,1,0.2,lr1e-04_bs16_modL1_fusion64_fusionL1_drop0p2_trmiss80_trlocclin,50,0.42642101645469666,0.7473202149073283,0.4849137931034483,0.6084152917977219,0.4666666666666667,0.0,0.0,0.0,0.0,2002,clin,0.8
4,5,lr1e-04_bs16_modL1_fusion64_fusionL1_drop0p2_trmiss80_trlocclin,16,0.0001,1,64,1,0.2,lr1e-04_bs16_modL1_fusion64_fusionL1_drop0p2_trmiss80_trlocclin,51,0.3950054521361987,0.7300239006678263,0.4827586206896552,0.6025306704465692,0.5111111111111111,0.0,0.0,0.0,0.0,2002,clin,0.8
4,5,lr1e-04_bs16_modL1_fusion64_fusionL1_drop0p2_trmiss80_trlocclin,16,0.0001,1,64,1,0.2,lr1e-04_bs16_modL1_fusion64_fusionL1_drop0p2_trmiss80_trlocclin,52,0.41018035759528476,0.7225226362546285,0.47198275862068967,0.5978183732183595,0.5111111111111111,0.0,0.0,0.0,0.0,2002,clin,0.8
4,5,lr1e-04_bs16_modL1_fusion64_fusionL1_drop0p2_trmiss80_trlocclin,16,0.0001,1,64,1,0.2,lr1e-04_bs16_modL1_fusion64_fusionL1_drop0p2_trmiss80_trlocclin,53,0.3783286015192668,0.7299351493517557,0.48275862068965525,0.6031889761869127,0.4888888888888889,0.0,0.0,0.0,0.0,2002,clin,0.8
4,5,lr1e-04_bs16_modL1_fusion64_fusionL1_drop0p2_trmiss80_trlocclin,16,0.0001,1,64,1,0.2,lr1e-04_bs16_modL1_fusion64_fusionL1_drop0p2_trmiss80_trlocclin,54,0.391187181075414,0.7307320237159729,0.47844827586206895,0.6013067890116688,0.5111111111111111,0.0,0.0,0.0,0.0,2002,clin,0.8
4,5,lr1e-04_bs16_modL1_fusion64_fusionL1_drop0p2_trmiss80_trlocclin,16,0.0001,1,64,1,0.2,lr1e-04_bs16_modL1_fusion64_fusionL1_drop0p2_trmiss80_trlocclin,55,0.4125959351658821,0.7334643403689066,0.47413793103448276,0.5976149614034325,0.5111111111111111,0.0,0.0,0.0,0.0,2002,clin,0.8
4,5,lr1e-04_bs16_modL1_fusion64_fusionL1_drop0p2_trmiss80_trlocclin,16,0.0001,1,64,1,0.2,lr1e-04_bs16_modL1_fusion64_fusionL1_drop0p2_trmiss80_trlocclin,56,0.4173351426919301,0.7330771485964457,0.47629310344827586,0.5988936909154138,0.4888888888888889,0.0,0.0,0.0,0.0,2002,clin,0.8
4,5,lr1e-04_bs16_modL1_fusion64_fusionL1_drop0p2_trmiss80_trlocclin,16,0.0001,1,64,1,0.2,lr1e-04_bs16_modL1_fusion64_fusionL1_drop0p2_trmiss80_trlocclin,57,0.43867873152097064,0.7360264261563619,0.48706896551724144,0.6021628834186192,0.4888888888888889,0.0,0.0,0.0,0.0,2002,clin,0.8
4,5,lr1e-04_bs16_modL1_fusion64_fusionL1_drop0p2_trmiss80_trlocclin,16,0.0001,1,64,1,0.2,lr1e-04_bs16_modL1_fusion64_fusionL1_drop0p2_trmiss80_trlocclin,58,0.38872130215168,0.733396311601003,0.478448275862069,0.599516734363668,0.4666666666666667,0.0,0.0,0.0,0.0,2002,clin,0.8
4,5,lr1e-04_bs16_modL1_fusion64_fusionL1_drop0p2_trmiss80_trlocclin,16,0.0001,1,64,1,0.2,lr1e-04_bs16_modL1_fusion64_fusionL1_drop0p2_trmiss80_trlocclin,59,0.4086272393663724,0.7298288941383362,0.49353448275862066,0.6059920998315392,0.5111111111111111,0.0,0.0,0.0,0.0,2002,clin,0.8
4,5,lr1e-04_bs16_modL1_fusion64_fusionL1_drop0p2_trmiss80_trlocclin,16,0.0001,1,64,1,0.2,lr1e-04_bs16_modL1_fusion64_fusionL1_drop0p2_trmiss80_trlocclin,60,0.40081434696912766,0.7392990390459696,0.4913793103448276,0.6051774056141759,0.5111111111111111,0.0,0.0,0.0,0.0,2002,clin,0.8
4,5,lr1e-04_bs16_modL1_fusion64_fusionL1_drop0p2_trmiss80_trlocclin,16,0.0001,1,64,1,0.2,lr1e-04_bs16_modL1_fusion64_fusionL1_drop0p2_trmiss80_trlocclin,61,0.40804431090752286,0.7379388610521952,0.47198275862068967,0.5961564138653037,0.4666666666666667,0.0,0.0,0.0,0.0,2002,clin,0.8
4,5,lr1e-04_bs16_modL1_fusion64_fusionL1_drop0p2_trmiss80_trlocclin,16,0.0001,1,64,1,0.2,lr1e-04_bs16_modL1_fusion64_fusionL1_drop0p2_trmiss80_trlocclin,62,0.42599234481652576,0.737663209438324,0.47413793103448276,0.5975006946254388,0.4666666666666667,0.0,0.0,0.0,0.0,2002,clin,0.8
4,5,lr1e-04_bs16_modL1_fusion64_fusionL1_drop0p2_trmiss80_trlocclin,16,0.0001,1,64,1,0.2,lr1e-04_bs16_modL1_fusion64_fusionL1_drop0p2_trmiss80_trlocclin,63,0.4058287690083186,0.7255660096804301,0.47413793103448276,0.5982171886074548,0.4888888888888889,0.0,0.0,0.0,0.0,2002,clin,0.8
4,5,lr1e-04_bs16_modL1_fusion64_fusionL1_drop0p2_trmiss80_trlocclin,16,0.0001,1,64,1,0.2,lr1e-04_bs16_modL1_fusion64_fusionL1_drop0p2_trmiss80_trlocclin,64,0.40179143597682315,0.7320353786150614,0.46551724137931033,0.5938623292623155,0.5111111111111111,0.0,0.0,0.0,0.0,2002,clin,0.8
4,5,lr1e-04_bs16_modL1_fusion64_fusionL1_drop0p2_trmiss80_trlocclin,16,0.0001,1,64,1,0.2,lr1e-04_bs16_modL1_fusion64_fusionL1_drop0p2_trmiss80_trlocclin,65,0.417057399948438,0.7277135848999023,0.4849137931034483,0.6035845947142636,0.5111111111111111,0.0,0.0,0.0,0.0,2002,clin,0.8
4,5,lr1e-04_bs16_modL1_fusion64_fusionL1_drop0p2_trmiss80_trlocclin,16,0.0001,1,64,1,0.2,lr1e-04_bs16_modL1_fusion64_fusionL1_drop0p2_trmiss80_trlocclin,66,0.3944801464676857,0.7332604924837748,0.48060344827586204,0.6057645829307645,0.4888888888888889,0.0,0.0,0.0,0.0,2002,clin,0.8
4,5,lr1e-04_bs16_modL1_fusion64_fusionL1_drop0p2_trmiss80_trlocclin,16,0.0001,1,64,1,0.2,lr1e-04_bs16_modL1_fusion64_fusionL1_drop0p2_trmiss80_trlocclin,67,0.40655851115783054,0.7287351290384928,0.48275862068965514,0.6008247237253299,0.4888888888888889,0.0,0.0,0.0,0.0,2002,clin,0.8
4,5,lr1e-04_bs16_modL1_fusion64_fusionL1_drop0p2_trmiss80_trlocclin,16,0.0001,1,64,1,0.2,lr1e-04_bs16_modL1_fusion64_fusionL1_drop0p2_trmiss80_trlocclin,68,0.4083188970883687,0.7344954609870911,0.49353448275862066,0.6089156969658975,0.5111111111111111,0.0,0.0,0.0,0.0,2002,clin,0.8
4,5,lr1e-04_bs16_modL1_fusion64_fusionL1_drop0p2_trmiss80_trlocclin,16,0.0001,1,64,1,0.2,lr1e-04_bs16_modL1_fusion64_fusionL1_drop0p2_trmiss80_trlocclin,69,0.41205686579147977,0.7277252872784933,0.47844827586206895,0.5970550696929656,0.5111111111111111,0.0,0.0,0.0,0.0,2002,clin,0.8
4,5,lr1e-04_bs16_modL1_fusion64_fusionL1_drop0p1_trmiss80_trlocclin,16,0.0001,1,64,1,0.1,lr1e-04_bs16_modL1_fusion64_fusionL1_drop0p1_trmiss80_trlocclin,1,0.6677177995443344,0.6731280088424683,0.5905172413793104,0.7847050432347218,0.6,0.0,0.0,0.0,0.0,2002,clin,0.8
4,5,lr1e-04_bs16_modL1_fusion64_fusionL1_drop0p1_trmiss80_trlocclin,16,0.0001,1,64,1,0.1,lr1e-04_bs16_modL1_fusion64_fusionL1_drop0p1_trmiss80_trlocclin,2,0.6375842392444611,0.6643135150273641,0.5366379310344828,0.7485510713103545,0.6444444444444445,0.0,0.0,0.0,0.0,2002,clin,0.8
4,5,lr1e-04_bs16_modL1_fusion64_fusionL1_drop0p1_trmiss80_trlocclin,16,0.0001,1,64,1,0.1,lr1e-04_bs16_modL1_fusion64_fusionL1_drop0p1_trmiss80_trlocclin,3,0.6072705388069153,0.6639287869135538,0.5150862068965517,0.7315978367522156,0.6666666666666666,0.0,0.0,0.0,0.0,2002,clin,0.8
4,5,lr1e-04_bs16_modL1_fusion64_fusionL1_drop0p1_trmiss80_trlocclin,16,0.0001,1,64,1,0.1,lr1e-04_bs16_modL1_fusion64_fusionL1_drop0p1_trmiss80_trlocclin,4,0.5805479735136032,0.66876749197642,0.46336206896551724,0.6844376877487706,0.6888888888888889,0.0,0.0,0.0,0.0,2002,clin,0.8
4,5,lr1e-04_bs16_modL1_fusion64_fusionL1_drop0p1_trmiss80_trlocclin,16,0.0001,1,64,1,0.1,lr1e-04_bs16_modL1_fusion64_fusionL1_drop0p1_trmiss80_trlocclin,5,0.5700529217720032,0.6726503570874532,0.47413793103448276,0.6937387093443996,0.6222222222222222,0.0,0.0,0.0,0.0,2002,clin,0.8
4,5,lr1e-04_bs16_modL1_fusion64_fusionL1_drop0p1_trmiss80_trlocclin,16,0.0001,1,64,1,0.1,lr1e-04_bs16_modL1_fusion64_fusionL1_drop0p1_trmiss80_trlocclin,6,0.5413739184538523,0.6697907050450643,0.5,0.7218665484329425,0.6666666666666666,0.0,0.0,0.0,0.0,2002,clin,0.8
4,5,lr1e-04_bs16_modL1_fusion64_fusionL1_drop0p1_trmiss80_trlocclin,16,0.0001,1,64,1,0.1,lr1e-04_bs16_modL1_fusion64_fusionL1_drop0p1_trmiss80_trlocclin,7,0.5088822916150093,0.6635428071022034,0.4913793103448276,0.7190424090636307,0.6222222222222222,0.0,0.0,0.0,0.0,2002,clin,0.8
4,5,lr1e-04_bs16_modL1_fusion64_fusionL1_drop0p1_trmiss80_trlocclin,16,0.0001,1,64,1,0.1,lr1e-04_bs16_modL1_fusion64_fusionL1_drop0p1_trmiss80_trlocclin,8,0.5165616323550543,0.6736902991930643,0.49784482758620685,0.7181027986970857,0.5777777777777777,0.0,0.0,0.0,0.0,2002,clin,0.8
4,5,lr1e-04_bs16_modL1_fusion64_fusionL1_drop0p1_trmiss80_trlocclin,16,0.0001,1,64,1,0.1,lr1e-04_bs16_modL1_fusion64_fusionL1_drop0p1_trmiss80_trlocclin,9,0.49602968742450076,0.6727353731791178,0.5150862068965517,0.7314517238949831,0.5555555555555556,0.0,0.0,0.0,0.0,2002,clin,0.8
4,5,lr1e-04_bs16_modL1_fusion64_fusionL1_drop0p1_trmiss80_trlocclin,16,0.0001,1,64,1,0.1,lr1e-04_bs16_modL1_fusion64_fusionL1_drop0p1_trmiss80_trlocclin,10,0.49028820792833966,0.6762912074724833,0.5043103448275862,0.7226375626499866,0.5555555555555556,0.0,0.0,0.0,0.0,2002,clin,0.8
4,5,lr1e-04_bs16_modL1_fusion64_fusionL1_drop0p1_trmiss80_trlocclin,16,0.0001,1,64,1,0.1,lr1e-04_bs16_modL1_fusion64_fusionL1_drop0p1_trmiss80_trlocclin,11,0.49301603188117343,0.6723584731419882,0.5172413793103449,0.6978189494412774,0.5777777777777777,0.0,0.0,0.0,0.0,2002,clin,0.8
4,5,lr1e-04_bs16_modL1_fusion64_fusionL1_drop0p1_trmiss80_trlocclin,16,0.0001,1,64,1,0.1,lr1e-04_bs16_modL1_fusion64_fusionL1_drop0p1_trmiss80_trlocclin,12,0.4574139217535655,0.6802674730618795,0.5129310344827586,0.7091355807091025,0.5333333333333333,0.0,0.0,0.0,0.0,2002,clin,0.8
4,5,lr1e-04_bs16_modL1_fusion64_fusionL1_drop0p1_trmiss80_trlocclin,16,0.0001,1,64,1,0.1,lr1e-04_bs16_modL1_fusion64_fusionL1_drop0p1_trmiss80_trlocclin,13,0.4658351590236028,0.6945540110270182,0.49784482758620685,0.6992167526320182,0.5555555555555556,0.0,0.0,0.0,0.0,2002,clin,0.8
4,5,lr1e-04_bs16_modL1_fusion64_fusionL1_drop0p1_trmiss80_trlocclin,16,0.0001,1,64,1,0.1,lr1e-04_bs16_modL1_fusion64_fusionL1_drop0p1_trmiss80_trlocclin,14,0.4285418714086215,0.6781130830446879,0.540948275862069,0.7317311695821519,0.6,0.0,0.0,0.0,0.0,2002,clin,0.8
4,5,lr1e-04_bs16_modL1_fusion64_fusionL1_drop0p1_trmiss80_trlocclin,16,0.0001,1,64,1,0.1,lr1e-04_bs16_modL1_fusion64_fusionL1_drop0p1_trmiss80_trlocclin,15,0.4224669362107913,0.6762257615725199,0.5431034482758621,0.7324623546505832,0.5777777777777777,0.0,0.0,0.0,0.0,2002,clin,0.8
4,5,lr1e-04_bs16_modL1_fusion64_fusionL1_drop0p1_trmiss80_trlocclin,16,0.0001,1,64,1,0.1,lr1e-04_bs16_modL1_fusion64_fusionL1_drop0p1_trmiss80_trlocclin,16,0.4368503838777542,0.6824011206626892,0.5474137931034483,0.7329189872897856,0.6222222222222222,0.0,0.0,0.0,0.0,2002,clin,0.8
4,5,lr1e-04_bs16_modL1_fusion64_fusionL1_drop0p1_trmiss80_trlocclin,16,0.0001,1,64,1,0.1,lr1e-04_bs16_modL1_fusion64_fusionL1_drop0p1_trmiss80_trlocclin,17,0.4131259048978488,0.6871252854665121,0.5344827586206896,0.7189148657010583,0.5777777777777777,0.0,0.0,0.0,0.0,2002,clin,0.8
4,5,lr1e-04_bs16_modL1_fusion64_fusionL1_drop0p1_trmiss80_trlocclin,16,0.0001,1,64,1,0.1,lr1e-04_bs16_modL1_fusion64_fusionL1_drop0p1_trmiss80_trlocclin,18,0.3908595343430837,0.6756125291188558,0.5538793103448275,0.7294782107146629,0.6222222222222222,0.0,0.0,0.0,0.0,2002,clin,0.8
4,5,lr1e-04_bs16_modL1_fusion64_fusionL1_drop0p1_trmiss80_trlocclin,16,0.0001,1,64,1,0.1,lr1e-04_bs16_modL1_fusion64_fusionL1_drop0p1_trmiss80_trlocclin,19,0.3870309020082156,0.6751019755999247,0.5646551724137931,0.7193522334859319,0.6,0.0,0.0,0.0,0.0,2002,clin,0.8
4,5,lr1e-04_bs16_modL1_fusion64_fusionL1_drop0p1_trmiss80_trlocclin,16,0.0001,1,64,1,0.1,lr1e-04_bs16_modL1_fusion64_fusionL1_drop0p1_trmiss80_trlocclin,20,0.43779822438955307,0.6728109320004781,0.5517241379310344,0.7171356592131521,0.5777777777777777,0.0,0.0,0.0,0.0,2002,clin,0.8
4,5,lr1e-04_bs16_modL1_fusion64_fusionL1_drop0p1_trmiss80_trlocclin,16,0.0001,1,64,1,0.1,lr1e-04_bs16_modL1_fusion64_fusionL1_drop0p1_trmiss80_trlocclin,21,0.37393907209237415,0.677640954653422,0.5581896551724137,0.7181022946764132,0.6,0.0,0.0,0.0,0.0,2002,clin,0.8
4,5,lr5e-05_bs32_modL1_fusion32_fusionL1_drop0p2_trmiss80_trlocclin,32,5e-05,1,32,1,0.2,lr5e-05_bs32_modL1_fusion32_fusionL1_drop0p2_trmiss80_trlocclin,1,0.7934601008892059,0.7140608429908752,0.4051724137931034,0.6082276427882725,0.3333333333333333,0.0,0.0,0.0,0.0,2002,clin,0.8
4,5,lr5e-05_bs32_modL1_fusion32_fusionL1_drop0p2_trmiss80_trlocclin,32,5e-05,1,32,1,0.2,lr5e-05_bs32_modL1_fusion32_fusionL1_drop0p2_trmiss80_trlocclin,2,0.7446379164854685,0.7249798774719238,0.459051724137931,0.6867288343152625,0.37777777777777777,0.0,0.0,0.0,0.0,2002,clin,0.8
4,5,lr5e-05_bs32_modL1_fusion32_fusionL1_drop0p2_trmiss80_trlocclin,32,5e-05,1,32,1,0.2,lr5e-05_bs32_modL1_fusion32_fusionL1_drop0p2_trmiss80_trlocclin,3,0.7233255505561829,0.7359263896942139,0.44612068965517243,0.6672503947890912,0.4,0.0,0.0,0.0,0.0,2002,clin,0.8
4,5,lr5e-05_bs32_modL1_fusion32_fusionL1_drop0p2_trmiss80_trlocclin,32,5e-05,1,32,1,0.2,lr5e-05_bs32_modL1_fusion32_fusionL1_drop0p2_trmiss80_trlocclin,4,0.7050188283125559,0.7494153678417206,0.4267241379310345,0.6572704886784579,0.35555555555555557,0.0,0.0,0.0,0.0,2002,clin,0.8
4,5,lr5e-05_bs32_modL1_fusion32_fusionL1_drop0p2_trmiss80_trlocclin,32,5e-05,1,32,1,0.2,lr5e-05_bs32_modL1_fusion32_fusionL1_drop0p2_trmiss80_trlocclin,5,0.7066408197085062,0.7556762993335724,0.43965517241379315,0.6651728263267646,0.35555555555555557,0.0,0.0,0.0,0.0,2002,clin,0.8
4,5,lr5e-05_bs32_modL1_fusion32_fusionL1_drop0p2_trmiss80_trlocclin,32,5e-05,1,32,1,0.2,lr5e-05_bs32_modL1_fusion32_fusionL1_drop0p2_trmiss80_trlocclin,6,0.6701893905798594,0.7596421539783478,0.4418103448275862,0.6678105250078764,0.35555555555555557,0.0,0.0,0.0,0.0,2002,clin,0.8
4,5,lr5e-05_bs32_modL1_fusion32_fusionL1_drop0p2_trmiss80_trlocclin,32,5e-05,1,32,1,0.2,lr5e-05_bs32_modL1_fusion32_fusionL1_drop0p2_trmiss80_trlocclin,7,0.6689369877179464,0.7591202557086945,0.4482758620689655,0.6659697076651351,0.35555555555555557,0.0,0.0,0.0,0.0,2002,clin,0.8
4,5,lr5e-05_bs32_modL1_fusion32_fusionL1_drop0p2_trmiss80_trlocclin,32,5e-05,1,32,1,0.2,lr5e-05_bs32_modL1_fusion32_fusionL1_drop0p2_trmiss80_trlocclin,8,0.6619111200173696,0.7599969506263733,0.46551724137931033,0.6815573808979989,0.35555555555555557,0.0,0.0,0.0,0.0,2002,clin,0.8
4,5,lr5e-05_bs32_modL1_fusion32_fusionL1_drop0p2_trmiss80_trlocclin,32,5e-05,1,32,1,0.2,lr5e-05_bs32_modL1_fusion32_fusionL1_drop0p2_trmiss80_trlocclin,9,0.6629638274510702,0.7627703547477722,0.4504310344827586,0.6671022676092142,0.35555555555555557,0.0,0.0,0.0,0.0,2002,clin,0.8
4,5,lr5e-05_bs32_modL1_fusion32_fusionL1_drop0p2_trmiss80_trlocclin,32,5e-05,1,32,1,0.2,lr5e-05_bs32_modL1_fusion32_fusionL1_drop0p2_trmiss80_trlocclin,10,0.6732351978619894,0.7630230486392975,0.4547413793103448,0.6613414697451381,0.35555555555555557,0.0,0.0,0.0,0.0,2002,clin,0.8
4,5,lr5e-05_bs32_modL1_fusion32_fusionL1_drop0p2_trmiss80_trlocclin,32,5e-05,1,32,1,0.2,lr5e-05_bs32_modL1_fusion32_fusionL1_drop0p2_trmiss80_trlocclin,11,0.6426401138305664,0.761970728635788,0.4525862068965517,0.6619728216549601,0.35555555555555557,0.0,0.0,0.0,0.0,2002,clin,0.8
4,5,lr5e-05_bs32_modL1_fusion32_fusionL1_drop0p2_trmiss80_trlocclin,32,5e-05,1,32,1,0.2,lr5e-05_bs32_modL1_fusion32_fusionL1_drop0p2_trmiss80_trlocclin,12,0.6413831611474355,0.7627722322940826,0.46336206896551724,0.6758246108642577,0.35555555555555557,0.0,0.0,0.0,0.0,2002,clin,0.8
4,5,lr5e-05_bs32_modL1_fusion32_fusionL1_drop0p2_trmiss80_trlocclin,32,5e-05,1,32,1,0.2,lr5e-05_bs32_modL1_fusion32_fusionL1_drop0p2_trmiss80_trlocclin,13,0.6357205808162689,0.762448787689209,0.4676724137931035,0.6762531975656638,0.35555555555555557,0.0,0.0,0.0,0.0,2002,clin,0.8
4,5,lr5e-05_bs32_modL1_fusion32_fusionL1_drop0p2_trmiss80_trlocclin,32,5e-05,1,32,1,0.2,lr5e-05_bs32_modL1_fusion32_fusionL1_drop0p2_trmiss80_trlocclin,14,0.6407883167266846,0.7652958035469055,0.45905172413793105,0.671353963365472,0.35555555555555557,0.0,0.0,0.0,0.0,2002,clin,0.8
4,5,lr5e-05_bs32_modL1_fusion32_fusionL1_drop0p2_trmiss80_trlocclin,32,5e-05,1,32,1,0.2,lr5e-05_bs32_modL1_fusion32_fusionL1_drop0p2_trmiss80_trlocclin,15,0.6335958937803904,0.7628908753395081,0.46336206896551724,0.6650857941365419,0.35555555555555557,0.0,0.0,0.0,0.0,2002,clin,0.8
4,5,lr5e-05_bs32_modL1_fusion32_fusionL1_drop0p2_trmiss80_trlocclin,32,5e-05,1,32,1,0.2,lr5e-05_bs32_modL1_fusion32_fusionL1_drop0p2_trmiss80_trlocclin,16,0.6399616996447245,0.7659226357936859,0.4547413793103448,0.6542752511321821,0.35555555555555557,0.0,0.0,0.0,0.0,2002,clin,0.8
4,5,lr5e-05_bs32_modL1_fusion32_fusionL1_drop0p2_trmiss80_trlocclin,32,5e-05,1,32,1,0.2,lr5e-05_bs32_modL1_fusion32_fusionL1_drop0p2_trmiss80_trlocclin,17,0.6228842437267303,0.7611783444881439,0.45905172413793105,0.6568386449107461,0.35555555555555557,0.0,0.0,0.0,0.0,2002,clin,0.8
4,5,lr5e-05_bs32_modL1_fusion32_fusionL1_drop0p2_trmiss80_trlocclin,32,5e-05,1,32,1,0.2,lr5e-05_bs32_modL1_fusion32_fusionL1_drop0p2_trmiss80_trlocclin,18,0.6275062362353007,0.7609423398971558,0.46120689655172414,0.6579275741303467,0.35555555555555557,0.0,0.0,0.0,0.0,2002,clin,0.8
4,5,lr5e-05_bs32_modL1_fusion32_fusionL1_drop0p2_trmiss80_trlocclin,32,5e-05,1,32,1,0.2,lr5e-05_bs32_modL1_fusion32_fusionL1_drop0p2_trmiss80_trlocclin,19,0.6317895650863647,0.7615950703620911,0.45905172413793105,0.6557332167635757,0.37777777777777777,0.0,0.0,0.0,0.0,2002,clin,0.8
4,5,lr5e-05_bs32_modL1_fusion32_fusionL1_drop0p2_trmiss80_trlocclin,32,5e-05,1,32,1,0.2,lr5e-05_bs32_modL1_fusion32_fusionL1_drop0p2_trmiss80_trlocclin,20,0.6179722547531128,0.7581808567047119,0.4568965517241379,0.654050628329626,0.37777777777777777,0.0,0.0,0.0,0.0,2002,clin,0.8
4,5,lr5e-05_bs32_modL1_fusion32_fusionL1_drop0p2_trmiss80_trlocclin,32,5e-05,1,32,1,0.2,lr5e-05_bs32_modL1_fusion32_fusionL1_drop0p2_trmiss80_trlocclin,21,0.6090113719304403,0.760724663734436,0.4568965517241379,0.6538184783947413,0.37777777777777777,0.0,0.0,0.0,0.0,2002,clin,0.8
4,5,lr5e-05_bs32_modL1_fusion32_fusionL1_drop0p2_trmiss80_trlocclin,32,5e-05,1,32,1,0.2,lr5e-05_bs32_modL1_fusion32_fusionL1_drop0p2_trmiss80_trlocclin,22,0.626940498749415,0.760964423418045,0.4698275862068966,0.660663853423912,0.37777777777777777,0.0,0.0,0.0,0.0,2002,clin,0.8
4,5,lr5e-05_bs32_modL1_fusion32_fusionL1_drop0p2_trmiss80_trlocclin,32,5e-05,1,32,1,0.2,lr5e-05_bs32_modL1_fusion32_fusionL1_drop0p2_trmiss80_trlocclin,23,0.6245532631874084,0.7585407495498657,0.45258620689655177,0.6496607961867349,0.37777777777777777,0.0,0.0,0.0,0.0,2002,clin,0.8
4,5,lr5e-05_bs32_modL1_fusion32_fusionL1_drop0p2_trmiss80_trlocclin,32,5e-05,1,32,1,0.2,lr5e-05_bs32_modL1_fusion32_fusionL1_drop0p2_trmiss80_trlocclin,24,0.6226647992928823,0.761639267206192,0.45689655172413796,0.651674166767671,0.37777777777777777,0.0,0.0,0.0,0.0,2002,clin,0.8
4,5,lr5e-05_bs32_modL1_fusion32_fusionL1_drop0p2_trmiss80_trlocclin,32,5e-05,1,32,1,0.2,lr5e-05_bs32_modL1_fusion32_fusionL1_drop0p2_trmiss80_trlocclin,25,0.6272662977377573,0.760129302740097,0.4525862068965517,0.6505100768908251,0.37777777777777777,0.0,0.0,0.0,0.0,2002,clin,0.8
4,5,lr5e-05_bs32_modL1_fusion32_fusionL1_drop0p2_trmiss80_trlocclin,32,5e-05,1,32,1,0.2,lr5e-05_bs32_modL1_fusion32_fusionL1_drop0p2_trmiss80_trlocclin,26,0.6315801739692688,0.7614967226982117,0.4568965517241379,0.6538750069798931,0.37777777777777777,0.0,0.0,0.0,0.0,2002,clin,0.8
4,5,lr5e-05_bs32_modL1_fusion32_fusionL1_drop0p2_trmiss80_trlocclin,32,5e-05,1,32,1,0.2,lr5e-05_bs32_modL1_fusion32_fusionL1_drop0p2_trmiss80_trlocclin,27,0.6313510040442148,0.7604086399078369,0.4525862068965517,0.6508005088306094,0.37777777777777777,0.0,0.0,0.0,0.0,2002,clin,0.8
4,5,lr5e-05_bs32_modL1_fusion32_fusionL1_drop0p2_trmiss80_trlocclin,32,5e-05,1,32,1,0.2,lr5e-05_bs32_modL1_fusion32_fusionL1_drop0p2_trmiss80_trlocclin,28,0.6193929215272268,0.7612651884555817,0.45689655172413796,0.6524748337807964,0.37777777777777777,0.0,0.0,0.0,0.0,2002,clin,0.8
4,5,lr5e-05_bs32_modL1_fusion32_fusionL1_drop0p2_trmiss80_trlocclin,32,5e-05,1,32,1,0.2,lr5e-05_bs32_modL1_fusion32_fusionL1_drop0p2_trmiss80_trlocclin,29,0.6204905410607656,0.7623576521873474,0.45905172413793105,0.6528288657137756,0.37777777777777777,0.0,0.0,0.0,0.0,2002,clin,0.8
4,5,lr5e-05_bs32_modL1_fusion32_fusionL1_drop0p2_trmiss80_trlocclin,32,5e-05,1,32,1,0.2,lr5e-05_bs32_modL1_fusion32_fusionL1_drop0p2_trmiss80_trlocclin,30,0.608255128065745,0.762179434299469,0.46336206896551724,0.6572799660417223,0.35555555555555557,0.0,0.0,0.0,0.0,2002,clin,0.8
4,5,lr5e-05_bs32_modL1_fusion32_fusionL1_drop0p2_trmiss80_trlocclin,32,5e-05,1,32,1,0.2,lr5e-05_bs32_modL1_fusion32_fusionL1_drop0p2_trmiss80_trlocclin,31,0.6000571449597677,0.7610479593276978,0.4568965517241379,0.6539958937921329,0.37777777777777777,0.0,0.0,0.0,0.0,2002,clin,0.8
4,5,lr5e-05_bs32_modL1_fusion32_fusionL1_drop0p2_trmiss80_trlocclin,32,5e-05,1,32,1,0.2,lr5e-05_bs32_modL1_fusion32_fusionL1_drop0p2_trmiss80_trlocclin,32,0.6079122523466746,0.7608918845653534,0.4525862068965517,0.6514838398532061,0.37777777777777777,0.0,0.0,0.0,0.0,2002,clin,0.8
4,5,lr5e-05_bs32_modL1_fusion32_fusionL1_drop0p2_trmiss80_trlocclin,32,5e-05,1,32,1,0.2,lr5e-05_bs32_modL1_fusion32_fusionL1_drop0p2_trmiss80_trlocclin,33,0.6086552441120148,0.7610914409160614,0.4525862068965517,0.6514838398532061,0.37777777777777777,0.0,0.0,0.0,0.0,2002,clin,0.8
4,5,lr5e-05_bs32_modL1_fusion32_fusionL1_drop0p2_trmiss80_trlocclin,32,5e-05,1,32,1,0.2,lr5e-05_bs32_modL1_fusion32_fusionL1_drop0p2_trmiss80_trlocclin,34,0.6167483528455099,0.7570647597312927,0.4568965517241379,0.6520700112093801,0.37777777777777777,0.0,0.0,0.0,0.0,2002,clin,0.8
4,5,lr5e-05_bs32_modL1_fusion32_fusionL1_drop0p2_trmiss80_trlocclin,32,5e-05,1,32,1,0.2,lr5e-05_bs32_modL1_fusion32_fusionL1_drop0p2_trmiss80_trlocclin,35,0.6142057478427887,0.7616226077079773,0.45474137931034486,0.653288825112029,0.37777777777777777,0.0,0.0,0.0,0.0,2002,clin,0.8
4,5,lr5e-05_bs32_modL1_fusion32_fusionL1_drop0p2_trmiss80_trlocclin,32,5e-05,1,32,1,0.2,lr5e-05_bs32_modL1_fusion32_fusionL1_drop0p2_trmiss80_trlocclin,36,0.6033333241939545,0.7615222036838531,0.4525862068965517,0.6511369667191669,0.37777777777777777,0.0,0.0,0.0,0.0,2002,clin,0.8
4,5,lr5e-05_bs32_modL1_fusion32_fusionL1_drop0p2_trmiss80_trlocclin,32,5e-05,1,32,1,0.2,lr5e-05_bs32_modL1_fusion32_fusionL1_drop0p2_trmiss80_trlocclin,37,0.6237955192724863,0.7605499029159546,0.4525862068965517,0.6506221497342954,0.37777777777777777,0.0,0.0,0.0,0.0,2002,clin,0.8
4,5,lr5e-05_bs32_modL1_fusion32_fusionL1_drop0p2_trmiss80_trlocclin,32,5e-05,1,32,1,0.2,lr5e-05_bs32_modL1_fusion32_fusionL1_drop0p2_trmiss80_trlocclin,38,0.6014332671960195,0.7593884766101837,0.4482758620689655,0.6490622154157404,0.37777777777777777,0.0,0.0,0.0,0.0,2002,clin,0.8
4,5,lr5e-05_bs32_modL1_fusion32_fusionL1_drop0p2_trmiss80_trlocclin,32,5e-05,1,32,1,0.2,lr5e-05_bs32_modL1_fusion32_fusionL1_drop0p2_trmiss80_trlocclin,39,0.6203160583972931,0.7593230605125427,0.4418103448275862,0.6470984270855216,0.37777777777777777,0.0,0.0,0.0,0.0,2002,clin,0.8
4,5,lr5e-05_bs32_modL1_fusion32_fusionL1_drop0p2_trmiss80_trlocclin,32,5e-05,1,32,1,0.2,lr5e-05_bs32_modL1_fusion32_fusionL1_drop0p2_trmiss80_trlocclin,40,0.6158780455589294,0.7577177286148071,0.4525862068965517,0.649197700559119,0.37777777777777777,0.0,0.0,0.0,0.0,2002,clin,0.8
4,5,lr5e-05_bs32_modL1_fusion32_fusionL1_drop0p2_trmiss80_trlocclin,32,5e-05,1,32,1,0.2,lr5e-05_bs32_modL1_fusion32_fusionL1_drop0p2_trmiss80_trlocclin,41,0.6076918343702952,0.7615433931350708,0.4525862068965517,0.6517039567278569,0.37777777777777777,0.0,0.0,0.0,0.0,2002,clin,0.8
4,5,lr5e-05_bs32_modL1_fusion32_fusionL1_drop0p2_trmiss80_trlocclin,32,5e-05,1,32,1,0.2,lr5e-05_bs32_modL1_fusion32_fusionL1_drop0p2_trmiss80_trlocclin,42,0.6143479545911154,0.7605189979076385,0.45689655172413796,0.6515112071219528,0.37777777777777777,0.0,0.0,0.0,0.0,2002,clin,0.8
4,5,lr5e-05_bs32_modL1_fusion32_fusionL1_drop0p1_trmiss80_trlocclin,32,5e-05,1,32,1,0.1,lr5e-05_bs32_modL1_fusion32_fusionL1_drop0p1_trmiss80_trlocclin,1,0.7192579905192057,0.6865213811397552,0.5409482758620691,0.6562098822424737,0.5111111111111111,0.0,0.0,0.0,0.0,2002,clin,0.8
4,5,lr5e-05_bs32_modL1_fusion32_fusionL1_drop0p1_trmiss80_trlocclin,32,5e-05,1,32,1,0.1,lr5e-05_bs32_modL1_fusion32_fusionL1_drop0p1_trmiss80_trlocclin,2,0.6875974933306376,0.6851309537887573,0.5431034482758621,0.6787364261911468,0.4888888888888889,0.0,0.0,0.0,0.0,2002,clin,0.8
4,5,lr5e-05_bs32_modL1_fusion32_fusionL1_drop0p1_trmiss80_trlocclin,32,5e-05,1,32,1,0.1,lr5e-05_bs32_modL1_fusion32_fusionL1_drop0p1_trmiss80_trlocclin,3,0.6582109332084656,0.683150589466095,0.5625,0.6854917852005282,0.5333333333333333,0.0,0.0,0.0,0.0,2002,clin,0.8
4,5,lr5e-05_bs32_modL1_fusion32_fusionL1_drop0p1_trmiss80_trlocclin,32,5e-05,1,32,1,0.1,lr5e-05_bs32_modL1_fusion32_fusionL1_drop0p1_trmiss80_trlocclin,4,0.6431679626305898,0.6804988980293274,0.5754310344827587,0.6991545224977327,0.5777777777777777,0.0,0.0,0.0,0.0,2002,clin,0.8
4,5,lr5e-05_bs32_modL1_fusion32_fusionL1_drop0p1_trmiss80_trlocclin,32,5e-05,1,32,1,0.1,lr5e-05_bs32_modL1_fusion32_fusionL1_drop0p1_trmiss80_trlocclin,5,0.6303264200687408,0.6788372695446014,0.5797413793103449,0.7203862704699471,0.5777777777777777,0.0,0.0,0.0,0.0,2002,clin,0.8
4,5,lr5e-05_bs32_modL1_fusion32_fusionL1_drop0p1_trmiss80_trlocclin,32,5e-05,1,32,1,0.1,lr5e-05_bs32_modL1_fusion32_fusionL1_drop0p1_trmiss80_trlocclin,6,0.6077829698721567,0.6763931512832642,0.5926724137931034,0.7144603519031636,0.5777777777777777,0.0,0.0,0.0,0.0,2002,clin,0.8
4,5,lr5e-05_bs32_modL1_fusion32_fusionL1_drop0p1_trmiss80_trlocclin,32,5e-05,1,32,1,0.1,lr5e-05_bs32_modL1_fusion32_fusionL1_drop0p1_trmiss80_trlocclin,7,0.5851173003514608,0.6736631989479065,0.6012931034482758,0.7374000926107529,0.5333333333333333,0.0,0.0,0.0,0.0,2002,clin,0.8
4,5,lr5e-05_bs32_modL1_fusion32_fusionL1_drop0p1_trmiss80_trlocclin,32,5e-05,1,32,1,0.1,lr5e-05_bs32_modL1_fusion32_fusionL1_drop0p1_trmiss80_trlocclin,8,0.5581880509853363,0.6689628064632416,0.6120689655172413,0.7213924186991973,0.5555555555555556,0.0,0.0,0.0,0.0,2002,clin,0.8
4,5,lr5e-05_bs32_modL1_fusion32_fusionL1_drop0p1_trmiss80_trlocclin,32,5e-05,1,32,1,0.1,lr5e-05_bs32_modL1_fusion32_fusionL1_drop0p1_trmiss80_trlocclin,9,0.565954327583313,0.664738655090332,0.6379310344827586,0.7479455696200281,0.5555555555555556,0.0,0.0,0.0,0.0,2002,clin,0.8
4,5,lr5e-05_bs32_modL1_fusion32_fusionL1_drop0p1_trmiss80_trlocclin,32,5e-05,1,32,1,0.1,lr5e-05_bs32_modL1_fusion32_fusionL1_drop0p1_trmiss80_trlocclin,10,0.5480492611726125,0.6646518409252167,0.6336206896551724,0.7446871384896381,0.5555555555555556,0.0,0.0,0.0,0.0,2002,clin,0.8
4,5,lr5e-05_bs32_modL1_fusion32_fusionL1_drop0p1_trmiss80_trlocclin,32,5e-05,1,32,1,0.1,lr5e-05_bs32_modL1_fusion32_fusionL1_drop0p1_trmiss80_trlocclin,11,0.5477388600508372,0.6664300858974457,0.625,0.7378191911727463,0.5777777777777777,0.0,0.0,0.0,0.0,2002,clin,0.8
4,5,lr5e-05_bs32_modL1_fusion32_fusionL1_drop0p1_trmiss80_trlocclin,32,5e-05,1,32,1,0.1,lr5e-05_bs32_modL1_fusion32_fusionL1_drop0p1_trmiss80_trlocclin,12,0.540806770324707,0.6713838279247284,0.6206896551724139,0.7364444414440032,0.5777777777777777,0.0,0.0,0.0,0.0,2002,clin,0.8
4,5,lr5e-05_bs32_modL1_fusion32_fusionL1_drop0p1_trmiss80_trlocclin,32,5e-05,1,32,1,0.1,lr5e-05_bs32_modL1_fusion32_fusionL1_drop0p1_trmiss80_trlocclin,13,0.5225353439648946,0.6741531491279602,0.6077586206896552,0.7132770504701036,0.5333333333333333,0.0,0.0,0.0,0.0,2002,clin,0.8
4,5,lr5e-05_bs32_modL1_fusion32_fusionL1_drop0p1_trmiss80_trlocclin,32,5e-05,1,32,1,0.1,lr5e-05_bs32_modL1_fusion32_fusionL1_drop0p1_trmiss80_trlocclin,14,0.5143695672353109,0.6754969656467438,0.6077586206896551,0.7277531235274639,0.5555555555555556,0.0,0.0,0.0,0.0,2002,clin,0.8
4,5,lr5e-05_bs32_modL1_fusion32_fusionL1_drop0p1_trmiss80_trlocclin,32,5e-05,1,32,1,0.1,lr5e-05_bs32_modL1_fusion32_fusionL1_drop0p1_trmiss80_trlocclin,15,0.5056819021701813,0.6739737093448639,0.625,0.733976545089047,0.5555555555555556,0.0,0.0,0.0,0.0,2002,clin,0.8
4,5,lr5e-05_bs32_modL1_fusion32_fusionL1_drop0p1_trmiss80_trlocclin,32,5e-05,1,32,1,0.1,lr5e-05_bs32_modL1_fusion32_fusionL1_drop0p1_trmiss80_trlocclin,16,0.5019769370555878,0.6731567084789276,0.6163793103448275,0.7415030423255146,0.5777777777777777,0.0,0.0,0.0,0.0,2002,clin,0.8
4,5,lr5e-05_bs32_modL1_fusion32_fusionL1_drop0p1_trmiss80_trlocclin,32,5e-05,1,32,1,0.1,lr5e-05_bs32_modL1_fusion32_fusionL1_drop0p1_trmiss80_trlocclin,17,0.4883430600166321,0.6723290681838989,0.6163793103448276,0.7424319893006878,0.5555555555555556,0.0,0.0,0.0,0.0,2002,clin,0.8
4,5,lr5e-05_bs32_modL1_fusion32_fusionL1_drop0p1_trmiss80_trlocclin,32,5e-05,1,32,1,0.1,lr5e-05_bs32_modL1_fusion32_fusionL1_drop0p1_trmiss80_trlocclin,18,0.4831729680299759,0.6729956567287445,0.6142241379310345,0.7402347109573647,0.5777777777777777,0.0,0.0,0.0,0.0,2002,clin,0.8
4,5,lr5e-05_bs32_modL1_fusion32_fusionL1_drop0p1_trmiss80_trlocclin,32,5e-05,1,32,1,0.1,lr5e-05_bs32_modL1_fusion32_fusionL1_drop0p1_trmiss80_trlocclin,19,0.4746420681476593,0.6693589687347412,0.6293103448275862,0.745422516154073,0.5777777777777777,0.0,0.0,0.0,0.0,2002,clin,0.8
4,5,lr5e-05_bs32_modL1_fusion32_fusionL1_drop0p1_trmiss80_trlocclin,32,5e-05,1,32,1,0.1,lr5e-05_bs32_modL1_fusion32_fusionL1_drop0p1_trmiss80_trlocclin,20,0.45859286189079285,0.6687478423118591,0.6314655172413792,0.7380327675144807,0.6,0.0,0.0,0.0,0.0,2002,clin,0.8
4,5,lr5e-05_bs32_modL1_fusion32_fusionL1_drop0p1_trmiss80_trlocclin,32,5e-05,1,32,1,0.1,lr5e-05_bs32_modL1_fusion32_fusionL1_drop0p1_trmiss80_trlocclin,21,0.4675838202238083,0.667882114648819,0.6293103448275862,0.7356328635648635,0.5777777777777777,0.0,0.0,0.0,0.0,2002,clin,0.8
4,5,lr5e-05_bs32_modL1_fusion32_fusionL1_drop0p1_trmiss80_trlocclin,32,5e-05,1,32,1,0.1,lr5e-05_bs32_modL1_fusion32_fusionL1_drop0p1_trmiss80_trlocclin,22,0.478829820950826,0.6663989126682281,0.6379310344827587,0.7378790961518422,0.5777777777777777,0.0,0.0,0.0,0.0,2002,clin,0.8
4,5,lr5e-05_bs32_modL1_fusion32_fusionL1_drop0p1_trmiss80_trlocclin,32,5e-05,1,32,1,0.1,lr5e-05_bs32_modL1_fusion32_fusionL1_drop0p1_trmiss80_trlocclin,23,0.46885646382967633,0.6696064472198486,0.6336206896551724,0.7361878012264462,0.5111111111111111,0.0,0.0,0.0,0.0,2002,clin,0.8
4,5,lr5e-05_bs32_modL1_fusion32_fusionL1_drop0p1_trmiss80_trlocclin,32,5e-05,1,32,1,0.1,lr5e-05_bs32_modL1_fusion32_fusionL1_drop0p1_trmiss80_trlocclin,24,0.47318874796231586,0.6662178337574005,0.6357758620689655,0.7364530302919758,0.5555555555555556,0.0,0.0,0.0,0.0,2002,clin,0.8
4,5,lr5e-05_bs32_modL1_fusion32_fusionL1_drop0p1_trmiss80_trlocclin,32,5e-05,1,32,1,0.1,lr5e-05_bs32_modL1_fusion32_fusionL1_drop0p1_trmiss80_trlocclin,25,0.45590344568093616,0.6644100546836853,0.646551724137931,0.7418937799305914,0.5555555555555556,0.0,0.0,0.0,0.0,2002,clin,0.8
4,5,lr5e-05_bs32_modL1_fusion32_fusionL1_drop0p1_trmiss80_trlocclin,32,5e-05,1,32,1,0.1,lr5e-05_bs32_modL1_fusion32_fusionL1_drop0p1_trmiss80_trlocclin,26,0.44347305595874786,0.6658247709274292,0.6508620689655172,0.7437162164172748,0.5777777777777777,0.0,0.0,0.0,0.0,2002,clin,0.8
4,5,lr5e-05_bs32_modL1_fusion32_fusionL1_drop0p1_trmiss80_trlocclin,32,5e-05,1,32,1,0.1,lr5e-05_bs32_modL1_fusion32_fusionL1_drop0p1_trmiss80_trlocclin,27,0.4511146992444992,0.6661228239536285,0.646551724137931,0.7420969255233107,0.5777777777777777,0.0,0.0,0.0,0.0,2002,clin,0.8
4,5,lr5e-05_bs32_modL1_fusion32_fusionL1_drop0p1_trmiss80_trlocclin,32,5e-05,1,32,1,0.1,lr5e-05_bs32_modL1_fusion32_fusionL1_drop0p1_trmiss80_trlocclin,28,0.4424415777126948,0.6670088171958923,0.6400862068965517,0.7402794649036724,0.5777777777777777,0.0,0.0,0.0,0.0,2002,clin,0.8
4,5,lr5e-05_bs32_modL1_fusion32_fusionL1_drop0p1_trmiss80_trlocclin,32,5e-05,1,32,1,0.1,lr5e-05_bs32_modL1_fusion32_fusionL1_drop0p1_trmiss80_trlocclin,29,0.4468087802330653,0.6681147813796997,0.6357758620689656,0.7381039082897536,0.5777777777777777,0.0,0.0,0.0,0.0,2002,clin,0.8
4,5,lr5e-05_bs32_modL1_fusion32_fusionL1_drop0p1_trmiss80_trlocclin,32,5e-05,1,32,1,0.1,lr5e-05_bs32_modL1_fusion32_fusionL1_drop0p1_trmiss80_trlocclin,30,0.449389323592186,0.6683120131492615,0.6400862068965518,0.740146348608056,0.5555555555555556,0.0,0.0,0.0,0.0,2002,clin,0.8
4,5,lr5e-05_bs32_modL1_fusion32_fusionL1_drop0p1_trmiss80_trlocclin,32,5e-05,1,32,1,0.1,lr5e-05_bs32_modL1_fusion32_fusionL1_drop0p1_trmiss80_trlocclin,31,0.4515316387017568,0.6680141389369965,0.6422413793103449,0.7416004815113559,0.5777777777777777,0.0,0.0,0.0,0.0,2002,clin,0.8
4,5,lr5e-05_bs32_modL1_fusion32_fusionL1_drop0p1_trmiss80_trlocclin,32,5e-05,1,32,1,0.1,lr5e-05_bs32_modL1_fusion32_fusionL1_drop0p1_trmiss80_trlocclin,32,0.4477591762940089,0.6693247556686401,0.6400862068965517,0.7374419738031526,0.5555555555555556,0.0,0.0,0.0,0.0,2002,clin,0.8
4,5,lr5e-05_bs32_modL1_fusion32_fusionL1_drop0p1_trmiss80_trlocclin,32,5e-05,1,32,1,0.1,lr5e-05_bs32_modL1_fusion32_fusionL1_drop0p1_trmiss80_trlocclin,33,0.4397859474023183,0.6677612066268921,0.6422413793103449,0.7368839151063233,0.5555555555555556,0.0,0.0,0.0,0.0,2002,clin,0.8
4,5,lr5e-05_bs32_modL1_fusion32_fusionL1_drop0p1_trmiss80_trlocclin,32,5e-05,1,32,1,0.1,lr5e-05_bs32_modL1_fusion32_fusionL1_drop0p1_trmiss80_trlocclin,34,0.44136511782805127,0.6678934693336487,0.6487068965517241,0.7460302042526126,0.5555555555555556,0.0,0.0,0.0,0.0,2002,clin,0.8
4,5,lr5e-05_bs32_modL1_fusion32_fusionL1_drop0p1_trmiss80_trlocclin,32,5e-05,1,32,1,0.1,lr5e-05_bs32_modL1_fusion32_fusionL1_drop0p1_trmiss80_trlocclin,35,0.44688767691453296,0.6672203838825226,0.6508620689655172,0.7451470133694216,0.5555555555555556,0.0,0.0,0.0,0.0,2002,clin,0.8
4,5,lr5e-05_bs32_modL1_fusion32_fusionL1_drop0p1_trmiss80_trlocclin,32,5e-05,1,32,1,0.1,lr5e-05_bs32_modL1_fusion32_fusionL1_drop0p1_trmiss80_trlocclin,36,0.4384349087874095,0.6666597127914429,0.6487068965517242,0.7461778832158836,0.5555555555555556,0.0,0.0,0.0,0.0,2002,clin,0.8
4,5,lr5e-05_bs32_modL1_fusion32_fusionL1_drop0p1_trmiss80_trlocclin,32,5e-05,1,32,1,0.1,lr5e-05_bs32_modL1_fusion32_fusionL1_drop0p1_trmiss80_trlocclin,37,0.4316050261259079,0.6683987081050873,0.646551724137931,0.7428149468757868,0.5555555555555556,0.0,0.0,0.0,0.0,2002,clin,0.8
4,5,lr5e-05_bs32_modL1_fusion32_fusionL1_drop0p1_trmiss80_trlocclin,32,5e-05,1,32,1,0.1,lr5e-05_bs32_modL1_fusion32_fusionL1_drop0p1_trmiss80_trlocclin,38,0.44836611052354175,0.6663213074207306,0.6400862068965517,0.7395043727256323,0.5777777777777777,0.0,0.0,0.0,0.0,2002,clin,0.8
4,5,lr5e-05_bs32_modL1_fusion32_fusionL1_drop0p1_trmiss80_trlocclin,32,5e-05,1,32,1,0.1,lr5e-05_bs32_modL1_fusion32_fusionL1_drop0p1_trmiss80_trlocclin,39,0.4410310337940852,0.6668881773948669,0.6422413793103449,0.740842755568383,0.5555555555555556,0.0,0.0,0.0,0.0,2002,clin,0.8
4,5,lr5e-05_bs32_modL1_fusion32_fusionL1_drop0p1_trmiss80_trlocclin,32,5e-05,1,32,1,0.1,lr5e-05_bs32_modL1_fusion32_fusionL1_drop0p1_trmiss80_trlocclin,40,0.42594412962595624,0.6653537750244141,0.646551724137931,0.7462541363719479,0.5777777777777777,0.0,0.0,0.0,0.0,2002,clin,0.8
4,5,lr5e-05_bs32_modL1_fusion32_fusionL1_drop0p1_trmiss80_trlocclin,32,5e-05,1,32,1,0.1,lr5e-05_bs32_modL1_fusion32_fusionL1_drop0p1_trmiss80_trlocclin,41,0.4373888870080312,0.6687624156475067,0.6443965517241379,0.7437482409125291,0.5555555555555556,0.0,0.0,0.0,0.0,2002,clin,0.8
4,5,lr5e-05_bs32_modL1_fusion32_fusionL1_drop0p1_trmiss80_trlocclin,32,5e-05,1,32,1,0.1,lr5e-05_bs32_modL1_fusion32_fusionL1_drop0p1_trmiss80_trlocclin,42,0.4524340132872264,0.668211966753006,0.646551724137931,0.7440975519514954,0.5555555555555556,0.0,0.0,0.0,0.0,2002,clin,0.8
4,5,lr5e-05_bs32_modL1_fusion32_fusionL1_drop0p1_trmiss80_trlocclin,32,5e-05,1,32,1,0.1,lr5e-05_bs32_modL1_fusion32_fusionL1_drop0p1_trmiss80_trlocclin,43,0.4349477142095566,0.670091450214386,0.6357758620689655,0.7418864205307394,0.5555555555555556,0.0,0.0,0.0,0.0,2002,clin,0.8
4,5,lr5e-05_bs32_modL1_fusion32_fusionL1_drop0p1_trmiss80_trlocclin,32,5e-05,1,32,1,0.1,lr5e-05_bs32_modL1_fusion32_fusionL1_drop0p1_trmiss80_trlocclin,44,0.4479323973258336,0.6682178974151611,0.6422413793103449,0.7417555222309946,0.5555555555555556,0.0,0.0,0.0,0.0,2002,clin,0.8
4,5,lr5e-05_bs32_modL1_fusion32_fusionL1_drop0p1_trmiss80_trlocclin,32,5e-05,1,32,1,0.1,lr5e-05_bs32_modL1_fusion32_fusionL1_drop0p1_trmiss80_trlocclin,45,0.43547657628854114,0.6700816750526428,0.6357758620689655,0.7389048712993842,0.5555555555555556,0.0,0.0,0.0,0.0,2002,clin,0.8
4,5,lr5e-05_bs32_modL1_fusion32_fusionL1_drop0p1_trmiss80_trlocclin,32,5e-05,1,32,1,0.1,lr5e-05_bs32_modL1_fusion32_fusionL1_drop0p1_trmiss80_trlocclin,46,0.4380324532588323,0.6703770756721497,0.6379310344827587,0.7394265480636293,0.5555555555555556,0.0,0.0,0.0,0.0,2002,clin,0.8
4,5,lr5e-05_bs32_modL1_fusion64_fusionL1_drop0p2_trmiss80_trlocclin,32,5e-05,1,64,1,0.2,lr5e-05_bs32_modL1_fusion64_fusionL1_drop0p2_trmiss80_trlocclin,1,0.737435539563497,0.6977794766426086,0.5495689655172413,0.7846075320616295,0.4666666666666667,0.0,0.0,0.0,0.0,2002,clin,0.8
4,5,lr5e-05_bs32_modL1_fusion64_fusionL1_drop0p2_trmiss80_trlocclin,32,5e-05,1,64,1,0.2,lr5e-05_bs32_modL1_fusion64_fusionL1_drop0p2_trmiss80_trlocclin,2,0.7300666073958079,0.7002045512199402,0.5452586206896551,0.7840437579845219,0.5111111111111111,0.0,0.0,0.0,0.0,2002,clin,0.8
4,5,lr5e-05_bs32_modL1_fusion64_fusionL1_drop0p2_trmiss80_trlocclin,32,5e-05,1,64,1,0.2,lr5e-05_bs32_modL1_fusion64_fusionL1_drop0p2_trmiss80_trlocclin,3,0.7023502786954244,0.7053990960121155,0.5366379310344828,0.7802995745288392,0.5333333333333333,0.0,0.0,0.0,0.0,2002,clin,0.8
4,5,lr5e-05_bs32_modL1_fusion64_fusionL1_drop0p2_trmiss80_trlocclin,32,5e-05,1,64,1,0.2,lr5e-05_bs32_modL1_fusion64_fusionL1_drop0p2_trmiss80_trlocclin,4,0.7097831865151724,0.7111964225769043,0.5366379310344828,0.7720673635551467,0.4888888888888889,0.0,0.0,0.0,0.0,2002,clin,0.8
4,5,lr5e-05_bs32_modL1_fusion64_fusionL1_drop0p2_trmiss80_trlocclin,32,5e-05,1,64,1,0.2,lr5e-05_bs32_modL1_fusion64_fusionL1_drop0p2_trmiss80_trlocclin,5,0.6677847107251486,0.7165545225143433,0.5323275862068966,0.7633030707316109,0.5111111111111111,0.0,0.0,0.0,0.0,2002,clin,0.8
4,5,lr5e-05_bs32_modL1_fusion64_fusionL1_drop0p2_trmiss80_trlocclin,32,5e-05,1,64,1,0.2,lr5e-05_bs32_modL1_fusion64_fusionL1_drop0p2_trmiss80_trlocclin,6,0.6735594669977824,0.7203334867954254,0.5237068965517241,0.757417566035588,0.4666666666666667,0.0,0.0,0.0,0.0,2002,clin,0.8
4,5,lr5e-05_bs32_modL1_fusion64_fusionL1_drop0p2_trmiss80_trlocclin,32,5e-05,1,64,1,0.2,lr5e-05_bs32_modL1_fusion64_fusionL1_drop0p2_trmiss80_trlocclin,7,0.6578275362650553,0.7218116223812103,0.521551724137931,0.7485021128757308,0.4888888888888889,0.0,0.0,0.0,0.0,2002,clin,0.8
4,5,lr5e-05_bs32_modL1_fusion64_fusionL1_drop0p2_trmiss80_trlocclin,32,5e-05,1,64,1,0.2,lr5e-05_bs32_modL1_fusion64_fusionL1_drop0p2_trmiss80_trlocclin,8,0.6655352512995402,0.721648633480072,0.5280172413793103,0.7528266108532551,0.5111111111111111,0.0,0.0,0.0,0.0,2002,clin,0.8
4,5,lr5e-05_bs32_modL1_fusion64_fusionL1_drop0p2_trmiss80_trlocclin,32,5e-05,1,64,1,0.2,lr5e-05_bs32_modL1_fusion64_fusionL1_drop0p2_trmiss80_trlocclin,9,0.6604046026865641,0.723260909318924,0.521551724137931,0.7478366897220932,0.4666666666666667,0.0,0.0,0.0,0.0,2002,clin,0.8
4,5,lr5e-05_bs32_modL1_fusion64_fusionL1_drop0p2_trmiss80_trlocclin,32,5e-05,1,64,1,0.2,lr5e-05_bs32_modL1_fusion64_fusionL1_drop0p2_trmiss80_trlocclin,10,0.6492237349351248,0.7224356830120087,0.5323275862068966,0.7527350219195093,0.4888888888888889,0.0,0.0,0.0,0.0,2002,clin,0.8
4,5,lr5e-05_bs32_modL1_fusion64_fusionL1_drop0p2_trmiss80_trlocclin,32,5e-05,1,64,1,0.2,lr5e-05_bs32_modL1_fusion64_fusionL1_drop0p2_trmiss80_trlocclin,11,0.6252448161443075,0.723941445350647,0.5344827586206896,0.7483642850463772,0.4888888888888889,0.0,0.0,0.0,0.0,2002,clin,0.8
4,5,lr5e-05_bs32_modL1_fusion64_fusionL1_drop0p2_trmiss80_trlocclin,32,5e-05,1,64,1,0.2,lr5e-05_bs32_modL1_fusion64_fusionL1_drop0p2_trmiss80_trlocclin,12,0.6252637604872385,0.7252600491046906,0.5366379310344828,0.7480137354238907,0.4888888888888889,0.0,0.0,0.0,0.0,2002,clin,0.8
4,5,lr5e-05_bs32_modL1_fusion64_fusionL1_drop0p2_trmiss80_trlocclin,32,5e-05,1,64,1,0.2,lr5e-05_bs32_modL1_fusion64_fusionL1_drop0p2_trmiss80_trlocclin,13,0.6519756813844045,0.7246617078781128,0.5301724137931034,0.744343274559613,0.4888888888888889,0.0,0.0,0.0,0.0,2002,clin,0.8
4,5,lr5e-05_bs32_modL1_fusion64_fusionL1_drop0p2_trmiss80_trlocclin,32,5e-05,1,64,1,0.2,lr5e-05_bs32_modL1_fusion64_fusionL1_drop0p2_trmiss80_trlocclin,14,0.6225835581620535,0.7237395942211151,0.5323275862068966,0.7445862996637977,0.4666666666666667,0.0,0.0,0.0,0.0,2002,clin,0.8
4,5,lr5e-05_bs32_modL1_fusion64_fusionL1_drop0p2_trmiss80_trlocclin,32,5e-05,1,64,1,0.2,lr5e-05_bs32_modL1_fusion64_fusionL1_drop0p2_trmiss80_trlocclin,15,0.6316756109396616,0.7232150137424469,0.5301724137931034,0.7419757756019572,0.4666666666666667,0.0,0.0,0.0,0.0,2002,clin,0.8
4,5,lr5e-05_bs32_modL1_fusion64_fusionL1_drop0p2_trmiss80_trlocclin,32,5e-05,1,64,1,0.2,lr5e-05_bs32_modL1_fusion64_fusionL1_drop0p2_trmiss80_trlocclin,16,0.6197351415952047,0.7228200137615204,0.5323275862068966,0.748420394201748,0.4666666666666667,0.0,0.0,0.0,0.0,2002,clin,0.8
4,5,lr5e-05_bs32_modL1_fusion64_fusionL1_drop0p2_trmiss80_trlocclin,32,5e-05,1,64,1,0.2,lr5e-05_bs32_modL1_fusion64_fusionL1_drop0p2_trmiss80_trlocclin,17,0.6285278002421061,0.7239042818546295,0.5301724137931034,0.7457559176165112,0.4666666666666667,0.0,0.0,0.0,0.0,2002,clin,0.8
4,5,lr5e-05_bs32_modL1_fusion64_fusionL1_drop0p2_trmiss80_trlocclin,32,5e-05,1,64,1,0.2,lr5e-05_bs32_modL1_fusion64_fusionL1_drop0p2_trmiss80_trlocclin,18,0.6252337992191315,0.7238641083240509,0.5366379310344828,0.7487304469995237,0.4888888888888889,0.0,0.0,0.0,0.0,2002,clin,0.8
4,5,lr5e-05_bs32_modL1_fusion64_fusionL1_drop0p2_trmiss80_trlocclin,32,5e-05,1,64,1,0.2,lr5e-05_bs32_modL1_fusion64_fusionL1_drop0p2_trmiss80_trlocclin,19,0.5943174064159393,0.7243229448795319,0.5258620689655172,0.7330254352271581,0.4666666666666667,0.0,0.0,0.0,0.0,2002,clin,0.8
4,5,lr5e-05_bs32_modL1_fusion64_fusionL1_drop0p2_trmiss80_trlocclin,32,5e-05,1,64,1,0.2,lr5e-05_bs32_modL1_fusion64_fusionL1_drop0p2_trmiss80_trlocclin,20,0.6100439230600992,0.725132942199707,0.521551724137931,0.7253438809001445,0.4666666666666667,0.0,0.0,0.0,0.0,2002,clin,0.8
4,5,lr5e-05_bs32_modL1_fusion64_fusionL1_drop0p2_trmiss80_trlocclin,32,5e-05,1,64,1,0.2,lr5e-05_bs32_modL1_fusion64_fusionL1_drop0p2_trmiss80_trlocclin,21,0.622918168703715,0.7250335216522217,0.5280172413793104,0.7287649047231428,0.4444444444444444,0.0,0.0,0.0,0.0,2002,clin,0.8
4,5,lr5e-05_bs32_modL1_fusion64_fusionL1_drop0p1_trmiss80_trlocclin,32,5e-05,1,64,1,0.1,lr5e-05_bs32_modL1_fusion64_fusionL1_drop0p1_trmiss80_trlocclin,1,0.7090252240498861,0.6966404914855957,0.45474137931034486,0.7003594909021847,0.4888888888888889,0.0,0.0,0.0,0.0,2002,clin,0.8
4,5,lr5e-05_bs32_modL1_fusion64_fusionL1_drop0p1_trmiss80_trlocclin,32,5e-05,1,64,1,0.1,lr5e-05_bs32_modL1_fusion64_fusionL1_drop0p1_trmiss80_trlocclin,2,0.6846542954444885,0.6970600783824921,0.4525862068965517,0.6800906245730398,0.5333333333333333,0.0,0.0,0.0,0.0,2002,clin,0.8
4,5,lr5e-05_bs32_modL1_fusion64_fusionL1_drop0p1_trmiss80_trlocclin,32,5e-05,1,64,1,0.1,lr5e-05_bs32_modL1_fusion64_fusionL1_drop0p1_trmiss80_trlocclin,3,0.6571794052918752,0.700173944234848,0.4806034482758621,0.6943285080728933,0.5333333333333333,0.0,0.0,0.0,0.0,2002,clin,0.8
4,5,lr5e-05_bs32_modL1_fusion64_fusionL1_drop0p1_trmiss80_trlocclin,32,5e-05,1,64,1,0.1,lr5e-05_bs32_modL1_fusion64_fusionL1_drop0p1_trmiss80_trlocclin,4,0.6505571206410726,0.7037958800792694,0.47413793103448276,0.6884668203429399,0.5111111111111111,0.0,0.0,0.0,0.0,2002,clin,0.8
4,5,lr5e-05_bs32_modL1_fusion64_fusionL1_drop0p1_trmiss80_trlocclin,32,5e-05,1,64,1,0.1,lr5e-05_bs32_modL1_fusion64_fusionL1_drop0p1_trmiss80_trlocclin,5,0.6111286083857218,0.7073179483413696,0.4935344827586207,0.7081095593649551,0.4888888888888889,0.0,0.0,0.0,0.0,2002,clin,0.8
4,5,lr5e-05_bs32_modL1_fusion64_fusionL1_drop0p1_trmiss80_trlocclin,32,5e-05,1,64,1,0.1,lr5e-05_bs32_modL1_fusion64_fusionL1_drop0p1_trmiss80_trlocclin,6,0.611602266629537,0.7093480825424194,0.5043103448275862,0.7152924926080639,0.4888888888888889,0.0,0.0,0.0,0.0,2002,clin,0.8
4,5,lr5e-05_bs32_modL1_fusion64_fusionL1_drop0p1_trmiss80_trlocclin,32,5e-05,1,64,1,0.1,lr5e-05_bs32_modL1_fusion64_fusionL1_drop0p1_trmiss80_trlocclin,7,0.5938948293526968,0.7077170014381409,0.5129310344827586,0.7346665433849116,0.5111111111111111,0.0,0.0,0.0,0.0,2002,clin,0.8
4,5,lr5e-05_bs32_modL1_fusion64_fusionL1_drop0p1_trmiss80_trlocclin,32,5e-05,1,64,1,0.1,lr5e-05_bs32_modL1_fusion64_fusionL1_drop0p1_trmiss80_trlocclin,8,0.5818223555882772,0.7077689170837402,0.5193965517241379,0.7342226362554274,0.5111111111111111,0.0,0.0,0.0,0.0,2002,clin,0.8
4,5,lr5e-05_bs32_modL1_fusion64_fusionL1_drop0p1_trmiss80_trlocclin,32,5e-05,1,64,1,0.1,lr5e-05_bs32_modL1_fusion64_fusionL1_drop0p1_trmiss80_trlocclin,9,0.5672828555107117,0.7063010632991791,0.5237068965517241,0.736512674515384,0.5111111111111111,0.0,0.0,0.0,0.0,2002,clin,0.8
4,5,lr5e-05_bs32_modL1_fusion64_fusionL1_drop0p1_trmiss80_trlocclin,32,5e-05,1,64,1,0.1,lr5e-05_bs32_modL1_fusion64_fusionL1_drop0p1_trmiss80_trlocclin,10,0.5725832581520081,0.7059786319732666,0.5237068965517241,0.7288530093260688,0.5111111111111111,0.0,0.0,0.0,0.0,2002,clin,0.8
4,5,lr5e-05_bs32_modL1_fusion64_fusionL1_drop0p1_trmiss80_trlocclin,32,5e-05,1,64,1,0.1,lr5e-05_bs32_modL1_fusion64_fusionL1_drop0p1_trmiss80_trlocclin,11,0.5580872694651285,0.70920729637146,0.5172413793103448,0.721376816056386,0.4888888888888889,0.0,0.0,0.0,0.0,2002,clin,0.8
4,5,lr5e-05_bs32_modL1_fusion64_fusionL1_drop0p1_trmiss80_trlocclin,32,5e-05,1,64,1,0.1,lr5e-05_bs32_modL1_fusion64_fusionL1_drop0p1_trmiss80_trlocclin,12,0.5631472965081533,0.7097660601139069,0.521551724137931,0.7271543741678383,0.5111111111111111,0.0,0.0,0.0,0.0,2002,clin,0.8
4,5,lr5e-05_bs32_modL1_fusion64_fusionL1_drop0p1_trmiss80_trlocclin,32,5e-05,1,64,1,0.1,lr5e-05_bs32_modL1_fusion64_fusionL1_drop0p1_trmiss80_trlocclin,13,0.5633652607599894,0.7099839150905609,0.5107758620689655,0.7121141876069784,0.4888888888888889,0.0,0.0,0.0,0.0,2002,clin,0.8
4,5,lr5e-05_bs32_modL1_fusion64_fusionL1_drop0p1_trmiss80_trlocclin,32,5e-05,1,64,1,0.1,lr5e-05_bs32_modL1_fusion64_fusionL1_drop0p1_trmiss80_trlocclin,14,0.5351981619993845,0.7097602188587189,0.5193965517241379,0.7196167143200315,0.4888888888888889,0.0,0.0,0.0,0.0,2002,clin,0.8
4,5,lr5e-05_bs32_modL1_fusion64_fusionL1_drop0p1_trmiss80_trlocclin,32,5e-05,1,64,1,0.1,lr5e-05_bs32_modL1_fusion64_fusionL1_drop0p1_trmiss80_trlocclin,15,0.5537049869696299,0.7092603743076324,0.5129310344827587,0.7041536634416002,0.5111111111111111,0.0,0.0,0.0,0.0,2002,clin,0.8
4,5,lr5e-05_bs32_modL1_fusion64_fusionL1_drop0p1_trmiss80_trlocclin,32,5e-05,1,64,1,0.1,lr5e-05_bs32_modL1_fusion64_fusionL1_drop0p1_trmiss80_trlocclin,16,0.5517611602942148,0.7110799551010132,0.5107758620689655,0.7035735237940824,0.5111111111111111,0.0,0.0,0.0,0.0,2002,clin,0.8
4,5,lr5e-05_bs32_modL1_fusion64_fusionL1_drop0p1_trmiss80_trlocclin,32,5e-05,1,64,1,0.1,lr5e-05_bs32_modL1_fusion64_fusionL1_drop0p1_trmiss80_trlocclin,17,0.5288964013258616,0.7119900286197662,0.5086206896551724,0.7020855790358372,0.5111111111111111,0.0,0.0,0.0,0.0,2002,clin,0.8
4,5,lr5e-05_bs32_modL1_fusion64_fusionL1_drop0p1_trmiss80_trlocclin,32,5e-05,1,64,1,0.1,lr5e-05_bs32_modL1_fusion64_fusionL1_drop0p1_trmiss80_trlocclin,18,0.5298494199911753,0.7121790647506714,0.5086206896551724,0.6945580490945144,0.4888888888888889,0.0,0.0,0.0,0.0,2002,clin,0.8
4,5,lr5e-05_bs32_modL1_fusion64_fusionL1_drop0p1_trmiss80_trlocclin,32,5e-05,1,64,1,0.1,lr5e-05_bs32_modL1_fusion64_fusionL1_drop0p1_trmiss80_trlocclin,19,0.5405698617299398,0.7115060687065125,0.5129310344827587,0.6859770023744727,0.5111111111111111,0.0,0.0,0.0,0.0,2002,clin,0.8
4,5,lr5e-05_bs32_modL1_fusion64_fusionL1_drop0p1_trmiss80_trlocclin,32,5e-05,1,64,1,0.1,lr5e-05_bs32_modL1_fusion64_fusionL1_drop0p1_trmiss80_trlocclin,20,0.5283837616443634,0.7116388082504272,0.5129310344827587,0.688836501923104,0.5333333333333333,0.0,0.0,0.0,0.0,2002,clin,0.8
4,5,lr5e-05_bs32_modL1_fusion64_fusionL1_drop0p1_trmiss80_trlocclin,32,5e-05,1,64,1,0.1,lr5e-05_bs32_modL1_fusion64_fusionL1_drop0p1_trmiss80_trlocclin,21,0.5226157406965891,0.7104834318161011,0.5193965517241379,0.6985065823279876,0.5333333333333333,0.0,0.0,0.0,0.0,2002,clin,0.8
4,5,lr5e-05_bs32_modL1_fusion64_fusionL1_drop0p1_trmiss80_trlocclin,32,5e-05,1,64,1,0.1,lr5e-05_bs32_modL1_fusion64_fusionL1_drop0p1_trmiss80_trlocclin,22,0.5328734318415324,0.7106347382068634,0.5172413793103449,0.6841296965118215,0.5111111111111111,0.0,0.0,0.0,0.0,2002,clin,0.8
4,5,lr5e-05_bs32_modL1_fusion64_fusionL1_drop0p1_trmiss80_trlocclin,32,5e-05,1,64,1,0.1,lr5e-05_bs32_modL1_fusion64_fusionL1_drop0p1_trmiss80_trlocclin,23,0.5404257277647654,0.7100987434387207,0.5043103448275862,0.6774259596356706,0.5333333333333333,0.0,0.0,0.0,0.0,2002,clin,0.8
4,5,lr5e-05_bs32_modL1_fusion64_fusionL1_drop0p1_trmiss80_trlocclin,32,5e-05,1,64,1,0.1,lr5e-05_bs32_modL1_fusion64_fusionL1_drop0p1_trmiss80_trlocclin,24,0.5154057840506235,0.7119829654693604,0.5043103448275863,0.6771127132607184,0.5111111111111111,0.0,0.0,0.0,0.0,2002,clin,0.8
4,5,lr5e-05_bs32_modL1_fusion64_fusionL1_drop0p1_trmiss80_trlocclin,32,5e-05,1,64,1,0.1,lr5e-05_bs32_modL1_fusion64_fusionL1_drop0p1_trmiss80_trlocclin,25,0.5363960266113281,0.713329017162323,0.5021551724137931,0.6781577089701467,0.5111111111111111,0.0,0.0,0.0,0.0,2002,clin,0.8
4,5,lr5e-05_bs32_modL1_fusion64_fusionL1_drop0p1_trmiss80_trlocclin,32,5e-05,1,64,1,0.1,lr5e-05_bs32_modL1_fusion64_fusionL1_drop0p1_trmiss80_trlocclin,26,0.522492378950119,0.7138895690441132,0.5021551724137931,0.6789525911211094,0.5555555555555556,0.0,0.0,0.0,0.0,2002,clin,0.8
4,5,lr5e-05_bs32_modL1_fusion64_fusionL1_drop0p1_trmiss80_trlocclin,32,5e-05,1,64,1,0.1,lr5e-05_bs32_modL1_fusion64_fusionL1_drop0p1_trmiss80_trlocclin,27,0.537400484085083,0.7149198353290558,0.4978448275862069,0.6712889053444582,0.5333333333333333,0.0,0.0,0.0,0.0,2002,clin,0.8
4,5,lr5e-05_bs32_modL1_fusion64_fusionL1_drop0p1_trmiss80_trlocclin,32,5e-05,1,64,1,0.1,lr5e-05_bs32_modL1_fusion64_fusionL1_drop0p1_trmiss80_trlocclin,28,0.5404047866662344,0.7135163247585297,0.5,0.6740188376392616,0.5333333333333333,0.0,0.0,0.0,0.0,2002,clin,0.8
4,5,lr5e-05_bs32_modL1_fusion64_fusionL1_drop0p1_trmiss80_trlocclin,32,5e-05,1,64,1,0.1,lr5e-05_bs32_modL1_fusion64_fusionL1_drop0p1_trmiss80_trlocclin,29,0.5162753413120905,0.7130202651023865,0.5043103448275862,0.6761250514064073,0.5555555555555556,0.0,0.0,0.0,0.0,2002,clin,0.8
4,5,lr5e-05_bs32_modL1_fusion64_fusionL1_drop0p1_trmiss80_trlocclin,32,5e-05,1,64,1,0.1,lr5e-05_bs32_modL1_fusion64_fusionL1_drop0p1_trmiss80_trlocclin,30,0.5251360237598419,0.7144290208816528,0.5064655172413792,0.6769155168777093,0.5111111111111111,0.0,0.0,0.0,0.0,2002,clin,0.8
4,5,lr1e-04_bs32_modL1_fusion32_fusionL1_drop0p2_trmiss80_trlocclin,32,0.0001,1,32,1,0.2,lr1e-04_bs32_modL1_fusion32_fusionL1_drop0p2_trmiss80_trlocclin,1,0.7414936423301697,0.6845420002937317,0.5905172413793104,0.7563094018524108,0.4888888888888889,0.0,0.0,0.0,0.0,2002,clin,0.8
4,5,lr1e-04_bs32_modL1_fusion32_fusionL1_drop0p2_trmiss80_trlocclin,32,0.0001,1,32,1,0.2,lr1e-04_bs32_modL1_fusion32_fusionL1_drop0p2_trmiss80_trlocclin,2,0.6979948878288269,0.6822165846824646,0.584051724137931,0.7314645621952071,0.4222222222222222,0.0,0.0,0.0,0.0,2002,clin,0.8
4,5,lr1e-04_bs32_modL1_fusion32_fusionL1_drop0p2_trmiss80_trlocclin,32,0.0001,1,32,1,0.2,lr1e-04_bs32_modL1_fusion32_fusionL1_drop0p2_trmiss80_trlocclin,3,0.6360728045304617,0.6788318753242493,0.584051724137931,0.7296581174339106,0.4222222222222222,0.0,0.0,0.0,0.0,2002,clin,0.8
4,5,lr1e-04_bs32_modL1_fusion32_fusionL1_drop0p2_trmiss80_trlocclin,32,0.0001,1,32,1,0.2,lr1e-04_bs32_modL1_fusion32_fusionL1_drop0p2_trmiss80_trlocclin,4,0.6244342227776846,0.6732511222362518,0.5969827586206896,0.7438712501840178,0.4222222222222222,0.0,0.0,0.0,0.0,2002,clin,0.8
4,5,lr1e-04_bs32_modL1_fusion32_fusionL1_drop0p2_trmiss80_trlocclin,32,0.0001,1,32,1,0.2,lr1e-04_bs32_modL1_fusion32_fusionL1_drop0p2_trmiss80_trlocclin,5,0.6246875623861948,0.6727140545845032,0.584051724137931,0.7380730732931752,0.4222222222222222,0.0,0.0,0.0,0.0,2002,clin,0.8
4,5,lr1e-04_bs32_modL1_fusion32_fusionL1_drop0p2_trmiss80_trlocclin,32,0.0001,1,32,1,0.2,lr1e-04_bs32_modL1_fusion32_fusionL1_drop0p2_trmiss80_trlocclin,6,0.6100203891595205,0.671017199754715,0.5905172413793104,0.7323712085067706,0.4444444444444444,0.0,0.0,0.0,0.0,2002,clin,0.8
4,5,lr1e-04_bs32_modL1_fusion32_fusionL1_drop0p2_trmiss80_trlocclin,32,0.0001,1,32,1,0.2,lr1e-04_bs32_modL1_fusion32_fusionL1_drop0p2_trmiss80_trlocclin,7,0.596616119146347,0.6668857634067535,0.6056034482758621,0.7413842957693402,0.5111111111111111,0.0,0.0,0.0,0.0,2002,clin,0.8
4,5,lr1e-04_bs32_modL1_fusion32_fusionL1_drop0p2_trmiss80_trlocclin,32,0.0001,1,32,1,0.2,lr1e-04_bs32_modL1_fusion32_fusionL1_drop0p2_trmiss80_trlocclin,8,0.5729344189167023,0.6649394035339355,0.603448275862069,0.7342439116753555,0.5333333333333333,0.0,0.0,0.0,0.0,2002,clin,0.8
4,5,lr1e-04_bs32_modL1_fusion32_fusionL1_drop0p2_trmiss80_trlocclin,32,0.0001,1,32,1,0.2,lr1e-04_bs32_modL1_fusion32_fusionL1_drop0p2_trmiss80_trlocclin,9,0.5473619898160299,0.6658819317817688,0.6099137931034483,0.740347578062971,0.5555555555555556,0.0,0.0,0.0,0.0,2002,clin,0.8
4,5,lr1e-04_bs32_modL1_fusion32_fusionL1_drop0p2_trmiss80_trlocclin,32,0.0001,1,32,1,0.2,lr1e-04_bs32_modL1_fusion32_fusionL1_drop0p2_trmiss80_trlocclin,10,0.5398162305355072,0.6693399548530579,0.6012931034482758,0.7383215299060101,0.5777777777777777,0.0,0.0,0.0,0.0,2002,clin,0.8
4,5,lr1e-04_bs32_modL1_fusion32_fusionL1_drop0p2_trmiss80_trlocclin,32,0.0001,1,32,1,0.2,lr1e-04_bs32_modL1_fusion32_fusionL1_drop0p2_trmiss80_trlocclin,11,0.5301706691582998,0.6729975938796997,0.5948275862068966,0.7334233890985601,0.6,0.0,0.0,0.0,0.0,2002,clin,0.8
4,5,lr1e-04_bs32_modL1_fusion32_fusionL1_drop0p2_trmiss80_trlocclin,32,0.0001,1,32,1,0.2,lr1e-04_bs32_modL1_fusion32_fusionL1_drop0p2_trmiss80_trlocclin,12,0.5037270387013754,0.6746628880500793,0.5948275862068966,0.7389622058593869,0.5333333333333333,0.0,0.0,0.0,0.0,2002,clin,0.8
4,5,lr1e-04_bs32_modL1_fusion32_fusionL1_drop0p2_trmiss80_trlocclin,32,0.0001,1,32,1,0.2,lr1e-04_bs32_modL1_fusion32_fusionL1_drop0p2_trmiss80_trlocclin,13,0.5215997944275538,0.6690434217453003,0.6228448275862069,0.7526832355667249,0.5555555555555556,0.0,0.0,0.0,0.0,2002,clin,0.8
4,5,lr1e-04_bs32_modL1_fusion32_fusionL1_drop0p2_trmiss80_trlocclin,32,0.0001,1,32,1,0.2,lr1e-04_bs32_modL1_fusion32_fusionL1_drop0p2_trmiss80_trlocclin,14,0.4950725833574931,0.6688973307609558,0.6120689655172413,0.734535946217711,0.5777777777777777,0.0,0.0,0.0,0.0,2002,clin,0.8
4,5,lr1e-04_bs32_modL1_fusion32_fusionL1_drop0p2_trmiss80_trlocclin,32,0.0001,1,32,1,0.2,lr1e-04_bs32_modL1_fusion32_fusionL1_drop0p2_trmiss80_trlocclin,15,0.5125556538502375,0.6714983880519867,0.6120689655172413,0.7368257977651909,0.5111111111111111,0.0,0.0,0.0,0.0,2002,clin,0.8
4,5,lr1e-04_bs32_modL1_fusion32_fusionL1_drop0p2_trmiss80_trlocclin,32,0.0001,1,32,1,0.2,lr1e-04_bs32_modL1_fusion32_fusionL1_drop0p2_trmiss80_trlocclin,16,0.5020798991123835,0.6727046370506287,0.5948275862068966,0.7275881128242025,0.5333333333333333,0.0,0.0,0.0,0.0,2002,clin,0.8
4,5,lr1e-04_bs32_modL1_fusion32_fusionL1_drop0p2_trmiss80_trlocclin,32,0.0001,1,32,1,0.2,lr1e-04_bs32_modL1_fusion32_fusionL1_drop0p2_trmiss80_trlocclin,17,0.4760882357756297,0.6723944246768951,0.6099137931034483,0.7477925792320511,0.5333333333333333,0.0,0.0,0.0,0.0,2002,clin,0.8
4,5,lr1e-04_bs32_modL1_fusion32_fusionL1_drop0p2_trmiss80_trlocclin,32,0.0001,1,32,1,0.2,lr1e-04_bs32_modL1_fusion32_fusionL1_drop0p2_trmiss80_trlocclin,18,0.4751819521188736,0.6708889901638031,0.6185344827586208,0.7488462714449032,0.5333333333333333,0.0,0.0,0.0,0.0,2002,clin,0.8
4,5,lr1e-04_bs32_modL1_fusion32_fusionL1_drop0p2_trmiss80_trlocclin,32,0.0001,1,32,1,0.2,lr1e-04_bs32_modL1_fusion32_fusionL1_drop0p2_trmiss80_trlocclin,19,0.46752892434597015,0.6707474887371063,0.5991379310344829,0.7272599891760871,0.5333333333333333,0.0,0.0,0.0,0.0,2002,clin,0.8
4,5,lr1e-04_bs32_modL1_fusion32_fusionL1_drop0p2_trmiss80_trlocclin,32,0.0001,1,32,1,0.2,lr1e-04_bs32_modL1_fusion32_fusionL1_drop0p2_trmiss80_trlocclin,20,0.460241158803304,0.6726782321929932,0.5969827586206897,0.723157743160026,0.5333333333333333,0.0,0.0,0.0,0.0,2002,clin,0.8
4,5,lr1e-04_bs32_modL1_fusion32_fusionL1_drop0p2_trmiss80_trlocclin,32,0.0001,1,32,1,0.2,lr1e-04_bs32_modL1_fusion32_fusionL1_drop0p2_trmiss80_trlocclin,21,0.4594739576180776,0.6731410324573517,0.6056034482758621,0.7334227828368303,0.5555555555555556,0.0,0.0,0.0,0.0,2002,clin,0.8
4,5,lr1e-04_bs32_modL1_fusion32_fusionL1_drop0p2_trmiss80_trlocclin,32,0.0001,1,32,1,0.2,lr1e-04_bs32_modL1_fusion32_fusionL1_drop0p2_trmiss80_trlocclin,22,0.45511263112227124,0.6709282994270325,0.6056034482758621,0.7320616213123294,0.5333333333333333,0.0,0.0,0.0,0.0,2002,clin,0.8
4,5,lr1e-04_bs32_modL1_fusion32_fusionL1_drop0p2_trmiss80_trlocclin,32,0.0001,1,32,1,0.2,lr1e-04_bs32_modL1_fusion32_fusionL1_drop0p2_trmiss80_trlocclin,23,0.44969621300697327,0.669604629278183,0.6120689655172413,0.7373090397423792,0.5333333333333333,0.0,0.0,0.0,0.0,2002,clin,0.8
4,5,lr1e-04_bs32_modL1_fusion32_fusionL1_drop0p2_trmiss80_trlocclin,32,0.0001,1,32,1,0.2,lr1e-04_bs32_modL1_fusion32_fusionL1_drop0p2_trmiss80_trlocclin,24,0.4433829337358475,0.6705246269702911,0.6099137931034483,0.7473680659651986,0.5333333333333333,0.0,0.0,0.0,0.0,2002,clin,0.8
4,5,lr1e-04_bs32_modL1_fusion32_fusionL1_drop0p2_trmiss80_trlocclin,32,0.0001,1,32,1,0.2,lr1e-04_bs32_modL1_fusion32_fusionL1_drop0p2_trmiss80_trlocclin,25,0.4715718279282252,0.6717736721038818,0.603448275862069,0.7485309129937648,0.5333333333333333,0.0,0.0,0.0,0.0,2002,clin,0.8
4,5,lr1e-04_bs32_modL1_fusion32_fusionL1_drop0p2_trmiss80_trlocclin,32,0.0001,1,32,1,0.2,lr1e-04_bs32_modL1_fusion32_fusionL1_drop0p2_trmiss80_trlocclin,26,0.4412086407343547,0.6714461445808411,0.5991379310344828,0.7415083250301445,0.5333333333333333,0.0,0.0,0.0,0.0,2002,clin,0.8
4,5,lr1e-04_bs32_modL1_fusion32_fusionL1_drop0p2_trmiss80_trlocclin,32,0.0001,1,32,1,0.2,lr1e-04_bs32_modL1_fusion32_fusionL1_drop0p2_trmiss80_trlocclin,27,0.4463603397210439,0.6702460646629333,0.5991379310344828,0.7429320676176802,0.5333333333333333,0.0,0.0,0.0,0.0,2002,clin,0.8
4,5,lr1e-04_bs32_modL1_fusion32_fusionL1_drop0p2_trmiss80_trlocclin,32,0.0001,1,32,1,0.2,lr1e-04_bs32_modL1_fusion32_fusionL1_drop0p2_trmiss80_trlocclin,28,0.43829617897669476,0.6699299812316895,0.5948275862068966,0.739830309673123,0.5333333333333333,0.0,0.0,0.0,0.0,2002,clin,0.8
4,5,lr1e-04_bs32_modL1_fusion32_fusionL1_drop0p2_trmiss80_trlocclin,32,0.0001,1,32,1,0.2,lr1e-04_bs32_modL1_fusion32_fusionL1_drop0p2_trmiss80_trlocclin,29,0.44182594617207843,0.6714830696582794,0.5905172413793104,0.7248725423446662,0.5333333333333333,0.0,0.0,0.0,0.0,2002,clin,0.8
4,5,lr1e-04_bs32_modL1_fusion32_fusionL1_drop0p2_trmiss80_trlocclin,32,0.0001,1,32,1,0.2,lr1e-04_bs32_modL1_fusion32_fusionL1_drop0p2_trmiss80_trlocclin,30,0.4449225266774495,0.6723304986953735,0.5926724137931034,0.7268619322650904,0.5333333333333333,0.0,0.0,0.0,0.0,2002,clin,0.8
4,5,lr1e-04_bs32_modL1_fusion32_fusionL1_drop0p2_trmiss80_trlocclin,32,0.0001,1,32,1,0.2,lr1e-04_bs32_modL1_fusion32_fusionL1_drop0p2_trmiss80_trlocclin,31,0.4366029351949692,0.6718472540378571,0.5948275862068966,0.7282810691878572,0.5333333333333333,0.0,0.0,0.0,0.0,2002,clin,0.8
4,5,lr1e-04_bs32_modL1_fusion32_fusionL1_drop0p2_trmiss80_trlocclin,32,0.0001,1,32,1,0.2,lr1e-04_bs32_modL1_fusion32_fusionL1_drop0p2_trmiss80_trlocclin,32,0.4448932409286499,0.6739614903926849,0.5926724137931034,0.7386830134827235,0.4888888888888889,0.0,0.0,0.0,0.0,2002,clin,0.8
4,5,lr1e-04_bs32_modL1_fusion32_fusionL1_drop0p2_trmiss80_trlocclin,32,0.0001,1,32,1,0.2,lr1e-04_bs32_modL1_fusion32_fusionL1_drop0p2_trmiss80_trlocclin,33,0.42785100142161053,0.6718445718288422,0.5991379310344828,0.7416088233050849,0.5333333333333333,0.0,0.0,0.0,0.0,2002,clin,0.8
4,5,lr1e-04_bs32_modL1_fusion32_fusionL1_drop0p1_trmiss80_trlocclin,32,0.0001,1,32,1,0.1,lr1e-04_bs32_modL1_fusion32_fusionL1_drop0p1_trmiss80_trlocclin,1,0.6777066687742869,0.6908580362796783,0.45474137931034486,0.6405252038351646,0.5777777777777777,0.0,0.0,0.0,0.0,2002,clin,0.8
4,5,lr1e-04_bs32_modL1_fusion32_fusionL1_drop0p1_trmiss80_trlocclin,32,0.0001,1,32,1,0.1,lr1e-04_bs32_modL1_fusion32_fusionL1_drop0p1_trmiss80_trlocclin,2,0.6362990438938141,0.6928895711898804,0.44181034482758624,0.6382180630318862,0.5111111111111111,0.0,0.0,0.0,0.0,2002,clin,0.8
4,5,lr1e-04_bs32_modL1_fusion32_fusionL1_drop0p1_trmiss80_trlocclin,32,0.0001,1,32,1,0.1,lr1e-04_bs32_modL1_fusion32_fusionL1_drop0p1_trmiss80_trlocclin,3,0.6096068223317465,0.6924247741699219,0.4741379310344827,0.6547141453076044,0.5333333333333333,0.0,0.0,0.0,0.0,2002,clin,0.8
4,5,lr1e-04_bs32_modL1_fusion32_fusionL1_drop0p1_trmiss80_trlocclin,32,0.0001,1,32,1,0.1,lr1e-04_bs32_modL1_fusion32_fusionL1_drop0p1_trmiss80_trlocclin,4,0.5989516377449036,0.6930160820484161,0.4806034482758621,0.6674970273562483,0.5555555555555556,0.0,0.0,0.0,0.0,2002,clin,0.8
4,5,lr1e-04_bs32_modL1_fusion32_fusionL1_drop0p1_trmiss80_trlocclin,32,0.0001,1,32,1,0.1,lr1e-04_bs32_modL1_fusion32_fusionL1_drop0p1_trmiss80_trlocclin,5,0.5682373742262522,0.6951896250247955,0.4956896551724138,0.6632832192770395,0.5777777777777777,0.0,0.0,0.0,0.0,2002,clin,0.8
4,5,lr1e-04_bs32_modL1_fusion32_fusionL1_drop0p1_trmiss80_trlocclin,32,0.0001,1,32,1,0.1,lr1e-04_bs32_modL1_fusion32_fusionL1_drop0p1_trmiss80_trlocclin,6,0.5701712369918823,0.6985063254833221,0.5086206896551724,0.6697209337106189,0.5777777777777777,0.0,0.0,0.0,0.0,2002,clin,0.8
4,5,lr1e-04_bs32_modL1_fusion32_fusionL1_drop0p1_trmiss80_trlocclin,32,0.0001,1,32,1,0.1,lr1e-04_bs32_modL1_fusion32_fusionL1_drop0p1_trmiss80_trlocclin,7,0.5454841752847036,0.7027170956134796,0.5043103448275863,0.6587308590064767,0.5777777777777777,0.0,0.0,0.0,0.0,2002,clin,0.8
4,5,lr1e-04_bs32_modL1_fusion32_fusionL1_drop0p1_trmiss80_trlocclin,32,0.0001,1,32,1,0.1,lr1e-04_bs32_modL1_fusion32_fusionL1_drop0p1_trmiss80_trlocclin,8,0.5441069006919861,0.7034307718276978,0.49353448275862066,0.6524824761521089,0.6,0.0,0.0,0.0,0.0,2002,clin,0.8
4,5,lr1e-04_bs32_modL1_fusion32_fusionL1_drop0p1_trmiss80_trlocclin,32,0.0001,1,32,1,0.1,lr1e-04_bs32_modL1_fusion32_fusionL1_drop0p1_trmiss80_trlocclin,9,0.525851329167684,0.70472851395607,0.4849137931034483,0.6314678304237221,0.6444444444444445,0.0,0.0,0.0,0.0,2002,clin,0.8
4,5,lr1e-04_bs32_modL1_fusion32_fusionL1_drop0p1_trmiss80_trlocclin,32,0.0001,1,32,1,0.1,lr1e-04_bs32_modL1_fusion32_fusionL1_drop0p1_trmiss80_trlocclin,10,0.5335841377576193,0.7065418064594269,0.5129310344827586,0.6464921372030337,0.6,0.0,0.0,0.0,0.0,2002,clin,0.8
4,5,lr1e-04_bs32_modL1_fusion32_fusionL1_drop0p1_trmiss80_trlocclin,32,0.0001,1,32,1,0.1,lr1e-04_bs32_modL1_fusion32_fusionL1_drop0p1_trmiss80_trlocclin,11,0.5259363750616709,0.7046704292297363,0.5150862068965517,0.6561098558748235,0.6222222222222222,0.0,0.0,0.0,0.0,2002,clin,0.8
4,5,lr1e-04_bs32_modL1_fusion32_fusionL1_drop0p1_trmiss80_trlocclin,32,0.0001,1,32,1,0.1,lr1e-04_bs32_modL1_fusion32_fusionL1_drop0p1_trmiss80_trlocclin,12,0.5174445311228434,0.7040601670742035,0.5301724137931034,0.6624754417672807,0.6222222222222222,0.0,0.0,0.0,0.0,2002,clin,0.8
4,5,lr1e-04_bs32_modL1_fusion32_fusionL1_drop0p1_trmiss80_trlocclin,32,0.0001,1,32,1,0.1,lr1e-04_bs32_modL1_fusion32_fusionL1_drop0p1_trmiss80_trlocclin,13,0.506366640329361,0.7039300203323364,0.5237068965517242,0.6588633537702797,0.6222222222222222,0.0,0.0,0.0,0.0,2002,clin,0.8
4,5,lr1e-04_bs32_modL1_fusion32_fusionL1_drop0p1_trmiss80_trlocclin,32,0.0001,1,32,1,0.1,lr1e-04_bs32_modL1_fusion32_fusionL1_drop0p1_trmiss80_trlocclin,14,0.5087439318497976,0.7030507922172546,0.5258620689655173,0.6634314667348464,0.6222222222222222,0.0,0.0,0.0,0.0,2002,clin,0.8
4,5,lr1e-04_bs32_modL1_fusion32_fusionL1_drop0p1_trmiss80_trlocclin,32,0.0001,1,32,1,0.1,lr1e-04_bs32_modL1_fusion32_fusionL1_drop0p1_trmiss80_trlocclin,15,0.5004315177599589,0.7039734721183777,0.5258620689655172,0.6660544033868212,0.6222222222222222,0.0,0.0,0.0,0.0,2002,clin,0.8
4,5,lr1e-04_bs32_modL1_fusion32_fusionL1_drop0p1_trmiss80_trlocclin,32,0.0001,1,32,1,0.1,lr1e-04_bs32_modL1_fusion32_fusionL1_drop0p1_trmiss80_trlocclin,16,0.5003241499265035,0.7054255902767181,0.521551724137931,0.6639915228049824,0.6222222222222222,0.0,0.0,0.0,0.0,2002,clin,0.8
4,5,lr1e-04_bs32_modL1_fusion32_fusionL1_drop0p1_trmiss80_trlocclin,32,0.0001,1,32,1,0.1,lr1e-04_bs32_modL1_fusion32_fusionL1_drop0p1_trmiss80_trlocclin,17,0.4880366027355194,0.7066147923469543,0.5129310344827586,0.6489076804525373,0.6222222222222222,0.0,0.0,0.0,0.0,2002,clin,0.8
4,5,lr1e-04_bs32_modL1_fusion32_fusionL1_drop0p1_trmiss80_trlocclin,32,0.0001,1,32,1,0.1,lr1e-04_bs32_modL1_fusion32_fusionL1_drop0p1_trmiss80_trlocclin,18,0.5073532809813818,0.7072947025299072,0.5064655172413792,0.6461725057142649,0.6222222222222222,0.0,0.0,0.0,0.0,2002,clin,0.8
4,5,lr1e-04_bs32_modL1_fusion32_fusionL1_drop0p1_trmiss80_trlocclin,32,0.0001,1,32,1,0.1,lr1e-04_bs32_modL1_fusion32_fusionL1_drop0p1_trmiss80_trlocclin,19,0.5014342914024988,0.7065086960792542,0.5086206896551724,0.6499804542363694,0.6222222222222222,0.0,0.0,0.0,0.0,2002,clin,0.8
4,5,lr1e-04_bs32_modL1_fusion32_fusionL1_drop0p1_trmiss80_trlocclin,32,0.0001,1,32,1,0.1,lr1e-04_bs32_modL1_fusion32_fusionL1_drop0p1_trmiss80_trlocclin,20,0.48264894386132556,0.7064168155193329,0.5150862068965518,0.6529072913487,0.6222222222222222,0.0,0.0,0.0,0.0,2002,clin,0.8
4,5,lr1e-04_bs32_modL1_fusion32_fusionL1_drop0p1_trmiss80_trlocclin,32,0.0001,1,32,1,0.1,lr1e-04_bs32_modL1_fusion32_fusionL1_drop0p1_trmiss80_trlocclin,21,0.4910547186930974,0.7059792280197144,0.5237068965517242,0.6605107088912656,0.6222222222222222,0.0,0.0,0.0,0.0,2002,clin,0.8
4,5,lr1e-04_bs32_modL1_fusion32_fusionL1_drop0p1_trmiss80_trlocclin,32,0.0001,1,32,1,0.1,lr1e-04_bs32_modL1_fusion32_fusionL1_drop0p1_trmiss80_trlocclin,22,0.4822374830643336,0.7075945436954498,0.5150862068965517,0.6574585578351628,0.6222222222222222,0.0,0.0,0.0,0.0,2002,clin,0.8
4,5,lr1e-04_bs32_modL1_fusion32_fusionL1_drop0p1_trmiss80_trlocclin,32,0.0001,1,32,1,0.1,lr1e-04_bs32_modL1_fusion32_fusionL1_drop0p1_trmiss80_trlocclin,23,0.47881707549095154,0.7076902091503143,0.521551724137931,0.6597067632343787,0.6222222222222222,0.0,0.0,0.0,0.0,2002,clin,0.8
4,5,lr1e-04_bs32_modL1_fusion32_fusionL1_drop0p1_trmiss80_trlocclin,32,0.0001,1,32,1,0.1,lr1e-04_bs32_modL1_fusion32_fusionL1_drop0p1_trmiss80_trlocclin,24,0.47906042138735455,0.7067753970623016,0.5237068965517242,0.6622940504178547,0.6222222222222222,0.0,0.0,0.0,0.0,2002,clin,0.8
4,5,lr1e-04_bs32_modL1_fusion32_fusionL1_drop0p1_trmiss80_trlocclin,32,0.0001,1,32,1,0.1,lr1e-04_bs32_modL1_fusion32_fusionL1_drop0p1_trmiss80_trlocclin,25,0.48209692537784576,0.7071774899959564,0.5258620689655172,0.6652433380020308,0.6222222222222222,0.0,0.0,0.0,0.0,2002,clin,0.8
4,5,lr1e-04_bs32_modL1_fusion32_fusionL1_drop0p1_trmiss80_trlocclin,32,0.0001,1,32,1,0.1,lr1e-04_bs32_modL1_fusion32_fusionL1_drop0p1_trmiss80_trlocclin,26,0.47094397246837616,0.7071272432804108,0.5258620689655172,0.6632770655996527,0.6222222222222222,0.0,0.0,0.0,0.0,2002,clin,0.8
4,5,lr1e-04_bs32_modL1_fusion32_fusionL1_drop0p1_trmiss80_trlocclin,32,0.0001,1,32,1,0.1,lr1e-04_bs32_modL1_fusion32_fusionL1_drop0p1_trmiss80_trlocclin,27,0.47172723213831586,0.7063278555870056,0.5258620689655173,0.6596131364419691,0.6222222222222222,0.0,0.0,0.0,0.0,2002,clin,0.8
4,5,lr1e-04_bs32_modL1_fusion32_fusionL1_drop0p1_trmiss80_trlocclin,32,0.0001,1,32,1,0.1,lr1e-04_bs32_modL1_fusion32_fusionL1_drop0p1_trmiss80_trlocclin,28,0.46502697467803955,0.7060383856296539,0.5237068965517242,0.6586793644502276,0.6222222222222222,0.0,0.0,0.0,0.0,2002,clin,0.8
4,5,lr1e-04_bs32_modL1_fusion32_fusionL1_drop0p1_trmiss80_trlocclin,32,0.0001,1,32,1,0.1,lr1e-04_bs32_modL1_fusion32_fusionL1_drop0p1_trmiss80_trlocclin,29,0.4851834724346797,0.7061458230018616,0.5258620689655172,0.668965023380063,0.6222222222222222,0.0,0.0,0.0,0.0,2002,clin,0.8
4,5,lr1e-04_bs32_modL1_fusion32_fusionL1_drop0p1_trmiss80_trlocclin,32,0.0001,1,32,1,0.1,lr1e-04_bs32_modL1_fusion32_fusionL1_drop0p1_trmiss80_trlocclin,30,0.4799416462580363,0.7076688706874847,0.5258620689655172,0.669432641633525,0.6222222222222222,0.0,0.0,0.0,0.0,2002,clin,0.8
4,5,lr1e-04_bs32_modL1_fusion32_fusionL1_drop0p1_trmiss80_trlocclin,32,0.0001,1,32,1,0.1,lr1e-04_bs32_modL1_fusion32_fusionL1_drop0p1_trmiss80_trlocclin,31,0.4708170493443807,0.7079779207706451,0.5280172413793103,0.6700539525996636,0.6222222222222222,0.0,0.0,0.0,0.0,2002,clin,0.8
4,5,lr1e-04_bs32_modL1_fusion32_fusionL1_drop0p1_trmiss80_trlocclin,32,0.0001,1,32,1,0.1,lr1e-04_bs32_modL1_fusion32_fusionL1_drop0p1_trmiss80_trlocclin,32,0.4727795173724492,0.7065205872058868,0.5193965517241379,0.6649209489118932,0.6222222222222222,0.0,0.0,0.0,0.0,2002,clin,0.8
4,5,lr1e-04_bs32_modL1_fusion64_fusionL1_drop0p2_trmiss80_trlocclin,32,0.0001,1,64,1,0.2,lr1e-04_bs32_modL1_fusion64_fusionL1_drop0p2_trmiss80_trlocclin,1,0.6959323187669119,0.6973788142204285,0.6120689655172413,0.7806292997850778,0.4444444444444444,0.0,0.0,0.0,0.0,2002,clin,0.8
4,5,lr1e-04_bs32_modL1_fusion64_fusionL1_drop0p2_trmiss80_trlocclin,32,0.0001,1,64,1,0.2,lr1e-04_bs32_modL1_fusion64_fusionL1_drop0p2_trmiss80_trlocclin,2,0.69028240442276,0.7002899944782257,0.5581896551724137,0.74203515002793,0.4666666666666667,0.0,0.0,0.0,0.0,2002,clin,0.8
4,5,lr1e-04_bs32_modL1_fusion64_fusionL1_drop0p2_trmiss80_trlocclin,32,0.0001,1,64,1,0.2,lr1e-04_bs32_modL1_fusion64_fusionL1_drop0p2_trmiss80_trlocclin,3,0.6512207984924316,0.7042245268821716,0.5323275862068966,0.7406485424876879,0.4666666666666667,0.0,0.0,0.0,0.0,2002,clin,0.8
4,5,lr1e-04_bs32_modL1_fusion64_fusionL1_drop0p2_trmiss80_trlocclin,32,0.0001,1,64,1,0.2,lr1e-04_bs32_modL1_fusion64_fusionL1_drop0p2_trmiss80_trlocclin,4,0.6201195617516836,0.7049227654933929,0.5452586206896551,0.7536600779470066,0.4888888888888889,0.0,0.0,0.0,0.0,2002,clin,0.8
4,5,lr1e-04_bs32_modL1_fusion64_fusionL1_drop0p2_trmiss80_trlocclin,32,0.0001,1,64,1,0.2,lr1e-04_bs32_modL1_fusion64_fusionL1_drop0p2_trmiss80_trlocclin,5,0.6087874074776968,0.7055424749851227,0.5366379310344828,0.7431322109282343,0.4444444444444444,0.0,0.0,0.0,0.0,2002,clin,0.8
4,5,lr1e-04_bs32_modL1_fusion64_fusionL1_drop0p2_trmiss80_trlocclin,32,0.0001,1,64,1,0.2,lr1e-04_bs32_modL1_fusion64_fusionL1_drop0p2_trmiss80_trlocclin,6,0.5839840869108835,0.7021530866622925,0.5560344827586207,0.7570018820285633,0.4666666666666667,0.0,0.0,0.0,0.0,2002,clin,0.8
4,5,lr1e-04_bs32_modL1_fusion64_fusionL1_drop0p2_trmiss80_trlocclin,32,0.0001,1,64,1,0.2,lr1e-04_bs32_modL1_fusion64_fusionL1_drop0p2_trmiss80_trlocclin,7,0.5848159293333689,0.7044046819210052,0.5538793103448276,0.7549130057867544,0.4888888888888889,0.0,0.0,0.0,0.0,2002,clin,0.8
4,5,lr1e-04_bs32_modL1_fusion64_fusionL1_drop0p2_trmiss80_trlocclin,32,0.0001,1,64,1,0.2,lr1e-04_bs32_modL1_fusion64_fusionL1_drop0p2_trmiss80_trlocclin,8,0.5646534065405527,0.7023632824420929,0.5625,0.7544119318382052,0.4888888888888889,0.0,0.0,0.0,0.0,2002,clin,0.8
4,5,lr1e-04_bs32_modL1_fusion64_fusionL1_drop0p2_trmiss80_trlocclin,32,0.0001,1,64,1,0.2,lr1e-04_bs32_modL1_fusion64_fusionL1_drop0p2_trmiss80_trlocclin,9,0.5271260639031728,0.6970022320747375,0.584051724137931,0.760171275967451,0.5111111111111111,0.0,0.0,0.0,0.0,2002,clin,0.8
4,5,lr1e-04_bs32_modL1_fusion64_fusionL1_drop0p2_trmiss80_trlocclin,32,0.0001,1,64,1,0.2,lr1e-04_bs32_modL1_fusion64_fusionL1_drop0p2_trmiss80_trlocclin,10,0.5336906512578329,0.698438972234726,0.5969827586206896,0.7626391010067111,0.4888888888888889,0.0,0.0,0.0,0.0,2002,clin,0.8
4,5,lr1e-04_bs32_modL1_fusion64_fusionL1_drop0p2_trmiss80_trlocclin,32,0.0001,1,64,1,0.2,lr1e-04_bs32_modL1_fusion64_fusionL1_drop0p2_trmiss80_trlocclin,11,0.5411585420370102,0.6990344822406769,0.584051724137931,0.7581380074402817,0.4888888888888889,0.0,0.0,0.0,0.0,2002,clin,0.8
4,5,lr1e-04_bs32_modL1_fusion64_fusionL1_drop0p2_trmiss80_trlocclin,32,0.0001,1,64,1,0.2,lr1e-04_bs32_modL1_fusion64_fusionL1_drop0p2_trmiss80_trlocclin,12,0.5264167984326681,0.7034514844417572,0.5862068965517242,0.7581864851611733,0.5111111111111111,0.0,0.0,0.0,0.0,2002,clin,0.8
4,5,lr1e-04_bs32_modL1_fusion64_fusionL1_drop0p2_trmiss80_trlocclin,32,0.0001,1,64,1,0.2,lr1e-04_bs32_modL1_fusion64_fusionL1_drop0p2_trmiss80_trlocclin,13,0.525123139222463,0.7021910846233368,0.5969827586206897,0.7637655255591402,0.4888888888888889,0.0,0.0,0.0,0.0,2002,clin,0.8
4,5,lr1e-04_bs32_modL1_fusion64_fusionL1_drop0p2_trmiss80_trlocclin,32,0.0001,1,64,1,0.2,lr1e-04_bs32_modL1_fusion64_fusionL1_drop0p2_trmiss80_trlocclin,14,0.5046524852514267,0.7059572041034698,0.5603448275862069,0.7419529723726146,0.4888888888888889,0.0,0.0,0.0,0.0,2002,clin,0.8
4,5,lr1e-04_bs32_modL1_fusion64_fusionL1_drop0p2_trmiss80_trlocclin,32,0.0001,1,64,1,0.2,lr1e-04_bs32_modL1_fusion64_fusionL1_drop0p2_trmiss80_trlocclin,15,0.52491894364357,0.7105076611042023,0.5538793103448276,0.7320331341029294,0.5111111111111111,0.0,0.0,0.0,0.0,2002,clin,0.8
4,5,lr1e-04_bs32_modL1_fusion64_fusionL1_drop0p2_trmiss80_trlocclin,32,0.0001,1,64,1,0.2,lr1e-04_bs32_modL1_fusion64_fusionL1_drop0p2_trmiss80_trlocclin,16,0.4939012775818507,0.7134476006031036,0.5517241379310345,0.7320427931389577,0.4888888888888889,0.0,0.0,0.0,0.0,2002,clin,0.8
4,5,lr1e-04_bs32_modL1_fusion64_fusionL1_drop0p2_trmiss80_trlocclin,32,0.0001,1,64,1,0.2,lr1e-04_bs32_modL1_fusion64_fusionL1_drop0p2_trmiss80_trlocclin,17,0.4818318585554759,0.7134611904621124,0.5474137931034483,0.7231131804623214,0.5111111111111111,0.0,0.0,0.0,0.0,2002,clin,0.8
4,5,lr1e-04_bs32_modL1_fusion64_fusionL1_drop0p2_trmiss80_trlocclin,32,0.0001,1,64,1,0.2,lr1e-04_bs32_modL1_fusion64_fusionL1_drop0p2_trmiss80_trlocclin,18,0.49620669583479565,0.7157439589500427,0.5474137931034482,0.7211229283960043,0.5111111111111111,0.0,0.0,0.0,0.0,2002,clin,0.8
4,5,lr1e-04_bs32_modL1_fusion64_fusionL1_drop0p2_trmiss80_trlocclin,32,0.0001,1,64,1,0.2,lr1e-04_bs32_modL1_fusion64_fusionL1_drop0p2_trmiss80_trlocclin,19,0.4737284580866496,0.7171135246753693,0.5474137931034482,0.7200824771992342,0.5111111111111111,0.0,0.0,0.0,0.0,2002,clin,0.8
4,5,lr1e-04_bs32_modL1_fusion64_fusionL1_drop0p2_trmiss80_trlocclin,32,0.0001,1,64,1,0.2,lr1e-04_bs32_modL1_fusion64_fusionL1_drop0p2_trmiss80_trlocclin,20,0.46084294219811756,0.7182186543941498,0.540948275862069,0.7075021298796305,0.5333333333333333,0.0,0.0,0.0,0.0,2002,clin,0.8
4,5,lr1e-04_bs32_modL1_fusion64_fusionL1_drop0p2_trmiss80_trlocclin,32,0.0001,1,64,1,0.2,lr1e-04_bs32_modL1_fusion64_fusionL1_drop0p2_trmiss80_trlocclin,21,0.47504742940266925,0.7176553308963776,0.5452586206896551,0.6987931632396294,0.5333333333333333,0.0,0.0,0.0,0.0,2002,clin,0.8
4,5,lr1e-04_bs32_modL1_fusion64_fusionL1_drop0p1_trmiss80_trlocclin,32,0.0001,1,64,1,0.1,lr1e-04_bs32_modL1_fusion64_fusionL1_drop0p1_trmiss80_trlocclin,1,0.7518672049045563,0.695704996585846,0.5474137931034483,0.6867236725076856,0.4666666666666667,0.0,0.0,0.0,0.0,2002,clin,0.8
4,5,lr1e-04_bs32_modL1_fusion64_fusionL1_drop0p1_trmiss80_trlocclin,32,0.0001,1,64,1,0.1,lr1e-04_bs32_modL1_fusion64_fusionL1_drop0p1_trmiss80_trlocclin,2,0.6906934877236685,0.6933708190917969,0.5474137931034483,0.7038861999451772,0.5333333333333333,0.0,0.0,0.0,0.0,2002,clin,0.8
4,5,lr1e-04_bs32_modL1_fusion64_fusionL1_drop0p1_trmiss80_trlocclin,32,0.0001,1,64,1,0.1,lr1e-04_bs32_modL1_fusion64_fusionL1_drop0p1_trmiss80_trlocclin,3,0.6555213828881582,0.6928703784942627,0.5646551724137931,0.7138151510113747,0.6,0.0,0.0,0.0,0.0,2002,clin,0.8
4,5,lr1e-04_bs32_modL1_fusion64_fusionL1_drop0p1_trmiss80_trlocclin,32,0.0001,1,64,1,0.1,lr1e-04_bs32_modL1_fusion64_fusionL1_drop0p1_trmiss80_trlocclin,4,0.6513881584008535,0.6918757259845734,0.5905172413793104,0.7295944834875963,0.5777777777777777,0.0,0.0,0.0,0.0,2002,clin,0.8
4,5,lr1e-04_bs32_modL1_fusion64_fusionL1_drop0p1_trmiss80_trlocclin,32,0.0001,1,64,1,0.1,lr1e-04_bs32_modL1_fusion64_fusionL1_drop0p1_trmiss80_trlocclin,5,0.618796189626058,0.6926860809326172,0.5905172413793103,0.7310013967623774,0.5333333333333333,0.0,0.0,0.0,0.0,2002,clin,0.8
4,5,lr1e-04_bs32_modL1_fusion64_fusionL1_drop0p1_trmiss80_trlocclin,32,0.0001,1,64,1,0.1,lr1e-04_bs32_modL1_fusion64_fusionL1_drop0p1_trmiss80_trlocclin,6,0.5894553363323212,0.6962485611438751,0.5818965517241379,0.7236408528084988,0.5333333333333333,0.0,0.0,0.0,0.0,2002,clin,0.8
4,5,lr1e-04_bs32_modL1_fusion64_fusionL1_drop0p1_trmiss80_trlocclin,32,0.0001,1,64,1,0.1,lr1e-04_bs32_modL1_fusion64_fusionL1_drop0p1_trmiss80_trlocclin,7,0.5715991954008738,0.7008777260780334,0.560344827586207,0.70527286160927,0.5555555555555556,0.0,0.0,0.0,0.0,2002,clin,0.8
4,5,lr1e-04_bs32_modL1_fusion64_fusionL1_drop0p1_trmiss80_trlocclin,32,0.0001,1,64,1,0.1,lr1e-04_bs32_modL1_fusion64_fusionL1_drop0p1_trmiss80_trlocclin,8,0.5631414254506429,0.7012221217155457,0.5517241379310345,0.7125089721213957,0.5333333333333333,0.0,0.0,0.0,0.0,2002,clin,0.8
4,5,lr1e-04_bs32_modL1_fusion64_fusionL1_drop0p1_trmiss80_trlocclin,32,0.0001,1,64,1,0.1,lr1e-04_bs32_modL1_fusion64_fusionL1_drop0p1_trmiss80_trlocclin,9,0.5532804032166799,0.7007312476634979,0.540948275862069,0.7207710353992617,0.5333333333333333,0.0,0.0,0.0,0.0,2002,clin,0.8
4,5,lr1e-04_bs32_modL1_fusion64_fusionL1_drop0p1_trmiss80_trlocclin,32,0.0001,1,64,1,0.1,lr1e-04_bs32_modL1_fusion64_fusionL1_drop0p1_trmiss80_trlocclin,10,0.5341551701227824,0.7021273672580719,0.5366379310344828,0.7015107075799781,0.5555555555555556,0.0,0.0,0.0,0.0,2002,clin,0.8
4,5,lr1e-04_bs32_modL1_fusion64_fusionL1_drop0p1_trmiss80_trlocclin,32,0.0001,1,64,1,0.1,lr1e-04_bs32_modL1_fusion64_fusionL1_drop0p1_trmiss80_trlocclin,11,0.5211017429828644,0.7038816511631012,0.521551724137931,0.6949535586987327,0.4888888888888889,0.0,0.0,0.0,0.0,2002,clin,0.8
4,5,lr1e-04_bs32_modL1_fusion64_fusionL1_drop0p1_trmiss80_trlocclin,32,0.0001,1,64,1,0.1,lr1e-04_bs32_modL1_fusion64_fusionL1_drop0p1_trmiss80_trlocclin,12,0.5287143588066101,0.7038356363773346,0.5107758620689655,0.6884248483112628,0.5111111111111111,0.0,0.0,0.0,0.0,2002,clin,0.8
4,5,lr1e-04_bs32_modL1_fusion64_fusionL1_drop0p1_trmiss80_trlocclin,32,0.0001,1,64,1,0.1,lr1e-04_bs32_modL1_fusion64_fusionL1_drop0p1_trmiss80_trlocclin,13,0.49657127261161804,0.7066134810447693,0.4956896551724138,0.692207026966669,0.4666666666666667,0.0,0.0,0.0,0.0,2002,clin,0.8
4,5,lr1e-04_bs32_modL1_fusion64_fusionL1_drop0p1_trmiss80_trlocclin,32,0.0001,1,64,1,0.1,lr1e-04_bs32_modL1_fusion64_fusionL1_drop0p1_trmiss80_trlocclin,14,0.4984472344319026,0.7099478840827942,0.4870689655172414,0.6940309768167274,0.4444444444444444,0.0,0.0,0.0,0.0,2002,clin,0.8
4,5,lr1e-04_bs32_modL1_fusion64_fusionL1_drop0p1_trmiss80_trlocclin,32,0.0001,1,64,1,0.1,lr1e-04_bs32_modL1_fusion64_fusionL1_drop0p1_trmiss80_trlocclin,15,0.4870397647221883,0.7121173143386841,0.4806034482758621,0.6847617999197769,0.4888888888888889,0.0,0.0,0.0,0.0,2002,clin,0.8
4,5,lr1e-04_bs32_modL1_fusion64_fusionL1_drop0p1_trmiss80_trlocclin,32,0.0001,1,64,1,0.1,lr1e-04_bs32_modL1_fusion64_fusionL1_drop0p1_trmiss80_trlocclin,16,0.4869005431731542,0.7123327255249023,0.49353448275862066,0.6968857606976723,0.4888888888888889,0.0,0.0,0.0,0.0,2002,clin,0.8
4,5,lr1e-04_bs32_modL1_fusion64_fusionL1_drop0p1_trmiss80_trlocclin,32,0.0001,1,64,1,0.1,lr1e-04_bs32_modL1_fusion64_fusionL1_drop0p1_trmiss80_trlocclin,17,0.47231870889663696,0.7120591402053833,0.4870689655172414,0.686944123767984,0.4888888888888889,0.0,0.0,0.0,0.0,2002,clin,0.8
4,5,lr1e-04_bs32_modL1_fusion64_fusionL1_drop0p1_trmiss80_trlocclin,32,0.0001,1,64,1,0.1,lr1e-04_bs32_modL1_fusion64_fusionL1_drop0p1_trmiss80_trlocclin,18,0.46387230853239697,0.7113974690437317,0.4913793103448276,0.6961557193262375,0.4666666666666667,0.0,0.0,0.0,0.0,2002,clin,0.8
4,5,lr1e-04_bs32_modL1_fusion64_fusionL1_drop0p1_trmiss80_trlocclin,32,0.0001,1,64,1,0.1,lr1e-04_bs32_modL1_fusion64_fusionL1_drop0p1_trmiss80_trlocclin,19,0.47280395527680713,0.7118677794933319,0.4870689655172413,0.6935759652472331,0.4444444444444444,0.0,0.0,0.0,0.0,2002,clin,0.8
4,5,lr1e-04_bs32_modL1_fusion64_fusionL1_drop0p1_trmiss80_trlocclin,32,0.0001,1,64,1,0.1,lr1e-04_bs32_modL1_fusion64_fusionL1_drop0p1_trmiss80_trlocclin,20,0.4643379896879196,0.7120131254196167,0.47413793103448276,0.6874699634246806,0.4444444444444444,0.0,0.0,0.0,0.0,2002,clin,0.8
4,5,lr1e-04_bs32_modL1_fusion64_fusionL1_drop0p1_trmiss80_trlocclin,32,0.0001,1,64,1,0.1,lr1e-04_bs32_modL1_fusion64_fusionL1_drop0p1_trmiss80_trlocclin,21,0.4584858566522598,0.7131595611572266,0.4698275862068966,0.6837708630757853,0.4222222222222222,0.0,0.0,0.0,0.0,2002,clin,0.8
4,5,lr1e-04_bs32_modL1_fusion64_fusionL1_drop0p1_trmiss80_trlocclin,32,0.0001,1,64,1,0.1,lr1e-04_bs32_modL1_fusion64_fusionL1_drop0p1_trmiss80_trlocclin,22,0.4471999804178874,0.7131572067737579,0.4719827586206896,0.6851564092653408,0.4444444444444444,0.0,0.0,0.0,0.0,2002,clin,0.8
4,5,lr1e-04_bs32_modL1_fusion64_fusionL1_drop0p1_trmiss80_trlocclin,32,0.0001,1,64,1,0.1,lr1e-04_bs32_modL1_fusion64_fusionL1_drop0p1_trmiss80_trlocclin,23,0.45853494107723236,0.7136613130569458,0.47413793103448276,0.6860154422081253,0.4222222222222222,0.0,0.0,0.0,0.0,2002,clin,0.8
4,5,lr1e-04_bs32_modL1_fusion64_fusionL1_drop0p1_trmiss80_trlocclin,32,0.0001,1,64,1,0.1,lr1e-04_bs32_modL1_fusion64_fusionL1_drop0p1_trmiss80_trlocclin,24,0.44540467361609143,0.7120520770549774,0.48275862068965514,0.6893227028633775,0.4444444444444444,0.0,0.0,0.0,0.0,2002,clin,0.8
5,1,lr5e-05_bs16_modL1_fusion32_fusionL1_drop0p2_trmiss80_trlocclin,16,5e-05,1,32,1,0.2,lr5e-05_bs16_modL1_fusion32_fusionL1_drop0p2_trmiss80_trlocclin,1,0.7379750162363052,0.689835766951243,0.6673427991886409,0.7231344422188267,0.43478260869565216,0.0,0.0,0.0,0.0,2002,clin,0.8
5,1,lr5e-05_bs16_modL1_fusion32_fusionL1_drop0p2_trmiss80_trlocclin,16,5e-05,1,32,1,0.2,lr5e-05_bs16_modL1_fusion32_fusionL1_drop0p2_trmiss80_trlocclin,2,0.7486570725838343,0.683952808380127,0.6734279918864097,0.7402221109639916,0.45652173913043476,0.0,0.0,0.0,0.0,2002,clin,0.8
5,1,lr5e-05_bs16_modL1_fusion32_fusionL1_drop0p2_trmiss80_trlocclin,16,5e-05,1,32,1,0.2,lr5e-05_bs16_modL1_fusion32_fusionL1_drop0p2_trmiss80_trlocclin,3,0.7217642913262049,0.6788337429364523,0.6592292089249494,0.7305844607078362,0.5,0.0,0.0,0.0,0.0,2002,clin,0.8
5,1,lr5e-05_bs16_modL1_fusion32_fusionL1_drop0p2_trmiss80_trlocclin,16,5e-05,1,32,1,0.2,lr5e-05_bs16_modL1_fusion32_fusionL1_drop0p2_trmiss80_trlocclin,4,0.6898178607225418,0.6713150342305502,0.6876267748478702,0.7594349665491217,0.5217391304347826,0.0,0.0,0.0,0.0,2002,clin,0.8
5,1,lr5e-05_bs16_modL1_fusion32_fusionL1_drop0p2_trmiss80_trlocclin,16,5e-05,1,32,1,0.2,lr5e-05_bs16_modL1_fusion32_fusionL1_drop0p2_trmiss80_trlocclin,5,0.6446544528007507,0.6632384260495504,0.6876267748478702,0.7345324923952433,0.6086956521739131,0.0,0.0,0.0,0.0,2002,clin,0.8
5,1,lr5e-05_bs16_modL1_fusion32_fusionL1_drop0p2_trmiss80_trlocclin,16,5e-05,1,32,1,0.2,lr5e-05_bs16_modL1_fusion32_fusionL1_drop0p2_trmiss80_trlocclin,6,0.6563936273256937,0.657610813776652,0.6916835699797159,0.7370821996111603,0.6521739130434783,0.0,0.0,0.0,0.0,2002,clin,0.8
5,1,lr5e-05_bs16_modL1_fusion32_fusionL1_drop0p2_trmiss80_trlocclin,16,5e-05,1,32,1,0.2,lr5e-05_bs16_modL1_fusion32_fusionL1_drop0p2_trmiss80_trlocclin,7,0.6475083231925964,0.6622909903526306,0.6937119675456389,0.7288820427834275,0.6304347826086957,0.0,0.0,0.0,0.0,2002,clin,0.8
5,1,lr5e-05_bs16_modL1_fusion32_fusionL1_drop0p2_trmiss80_trlocclin,16,5e-05,1,32,1,0.2,lr5e-05_bs16_modL1_fusion32_fusionL1_drop0p2_trmiss80_trlocclin,8,0.6140163913369179,0.6652116775512695,0.7180527383367139,0.7581689042539029,0.6304347826086957,0.0,0.0,0.0,0.0,2002,clin,0.8
5,1,lr5e-05_bs16_modL1_fusion32_fusionL1_drop0p2_trmiss80_trlocclin,16,5e-05,1,32,1,0.2,lr5e-05_bs16_modL1_fusion32_fusionL1_drop0p2_trmiss80_trlocclin,9,0.6324305236339569,0.6559573610623678,0.7221095334685598,0.7500087043130151,0.6521739130434783,0.0,0.0,0.0,0.0,2002,clin,0.8
5,1,lr5e-05_bs16_modL1_fusion32_fusionL1_drop0p2_trmiss80_trlocclin,16,5e-05,1,32,1,0.2,lr5e-05_bs16_modL1_fusion32_fusionL1_drop0p2_trmiss80_trlocclin,10,0.5858802298704783,0.6540898283322653,0.7058823529411764,0.7389063630951087,0.6304347826086957,0.0,0.0,0.0,0.0,2002,clin,0.8
5,1,lr5e-05_bs16_modL1_fusion32_fusionL1_drop0p2_trmiss80_trlocclin,16,5e-05,1,32,1,0.2,lr5e-05_bs16_modL1_fusion32_fusionL1_drop0p2_trmiss80_trlocclin,11,0.5943965961535772,0.665143350760142,0.6997971602434077,0.7334288483552469,0.6304347826086957,0.0,0.0,0.0,0.0,2002,clin,0.8
5,1,lr5e-05_bs16_modL1_fusion32_fusionL1_drop0p2_trmiss80_trlocclin,16,5e-05,1,32,1,0.2,lr5e-05_bs16_modL1_fusion32_fusionL1_drop0p2_trmiss80_trlocclin,12,0.6016108592351278,0.6516090234120687,0.6977687626774847,0.7281790287419124,0.6521739130434783,0.0,0.0,0.0,0.0,2002,clin,0.8
5,1,lr5e-05_bs16_modL1_fusion32_fusionL1_drop0p2_trmiss80_trlocclin,16,5e-05,1,32,1,0.2,lr5e-05_bs16_modL1_fusion32_fusionL1_drop0p2_trmiss80_trlocclin,13,0.5835222378373146,0.6397271156311035,0.7200811359026369,0.744790334161019,0.6739130434782609,0.0,0.0,0.0,0.0,2002,clin,0.8
5,1,lr5e-05_bs16_modL1_fusion32_fusionL1_drop0p2_trmiss80_trlocclin,16,5e-05,1,32,1,0.2,lr5e-05_bs16_modL1_fusion32_fusionL1_drop0p2_trmiss80_trlocclin,14,0.5873263776302338,0.6494332949320475,0.7038539553752535,0.7420924172886427,0.6521739130434783,0.0,0.0,0.0,0.0,2002,clin,0.8
5,1,lr5e-05_bs16_modL1_fusion32_fusionL1_drop0p2_trmiss80_trlocclin,16,5e-05,1,32,1,0.2,lr5e-05_bs16_modL1_fusion32_fusionL1_drop0p2_trmiss80_trlocclin,15,0.5655240913232168,0.651632825533549,0.6977687626774848,0.7396396397960261,0.6521739130434783,0.0,0.0,0.0,0.0,2002,clin,0.8
5,1,lr5e-05_bs16_modL1_fusion32_fusionL1_drop0p2_trmiss80_trlocclin,16,5e-05,1,32,1,0.2,lr5e-05_bs16_modL1_fusion32_fusionL1_drop0p2_trmiss80_trlocclin,16,0.5491346220175425,0.649418830871582,0.7119675456389453,0.7577348539927538,0.6739130434782609,0.0,0.0,0.0,0.0,2002,clin,0.8
5,1,lr5e-05_bs16_modL1_fusion32_fusionL1_drop0p2_trmiss80_trlocclin,16,5e-05,1,32,1,0.2,lr5e-05_bs16_modL1_fusion32_fusionL1_drop0p2_trmiss80_trlocclin,17,0.558687316874663,0.6395934820175171,0.7261663286004056,0.7761197037048239,0.6956521739130435,0.0,0.0,0.0,0.0,2002,clin,0.8
5,1,lr5e-05_bs16_modL1_fusion32_fusionL1_drop0p2_trmiss80_trlocclin,16,5e-05,1,32,1,0.2,lr5e-05_bs16_modL1_fusion32_fusionL1_drop0p2_trmiss80_trlocclin,18,0.5488451967636744,0.638796865940094,0.7261663286004056,0.7987361056849495,0.6739130434782609,0.0,0.0,0.0,0.0,2002,clin,0.8
5,1,lr5e-05_bs16_modL1_fusion32_fusionL1_drop0p2_trmiss80_trlocclin,16,5e-05,1,32,1,0.2,lr5e-05_bs16_modL1_fusion32_fusionL1_drop0p2_trmiss80_trlocclin,19,0.5289196521043777,0.6536582708358765,0.691683569979716,0.7955856653230029,0.6304347826086957,0.0,0.0,0.0,0.0,2002,clin,0.8
5,1,lr5e-05_bs16_modL1_fusion32_fusionL1_drop0p2_trmiss80_trlocclin,16,5e-05,1,32,1,0.2,lr5e-05_bs16_modL1_fusion32_fusionL1_drop0p2_trmiss80_trlocclin,20,0.5399595697720846,0.6513952811559042,0.6835699797160244,0.7933790395834148,0.6086956521739131,0.0,0.0,0.0,0.0,2002,clin,0.8
5,1,lr5e-05_bs16_modL1_fusion32_fusionL1_drop0p2_trmiss80_trlocclin,16,5e-05,1,32,1,0.2,lr5e-05_bs16_modL1_fusion32_fusionL1_drop0p2_trmiss80_trlocclin,21,0.5331902479132017,0.6424187620480856,0.7241379310344828,0.8161175583128493,0.6521739130434783,0.0,0.0,0.0,0.0,2002,clin,0.8
5,1,lr5e-05_bs16_modL1_fusion32_fusionL1_drop0p2_trmiss80_trlocclin,16,5e-05,1,32,1,0.2,lr5e-05_bs16_modL1_fusion32_fusionL1_drop0p2_trmiss80_trlocclin,22,0.5466543634732565,0.6441970467567444,0.7281947261663286,0.8187036519282533,0.6304347826086957,0.0,0.0,0.0,0.0,2002,clin,0.8
5,1,lr5e-05_bs16_modL1_fusion32_fusionL1_drop0p2_trmiss80_trlocclin,16,5e-05,1,32,1,0.2,lr5e-05_bs16_modL1_fusion32_fusionL1_drop0p2_trmiss80_trlocclin,23,0.49439233044783276,0.6419405539830526,0.6977687626774848,0.7730371665483432,0.6304347826086957,0.0,0.0,0.0,0.0,2002,clin,0.8
5,1,lr5e-05_bs16_modL1_fusion32_fusionL1_drop0p2_trmiss80_trlocclin,16,5e-05,1,32,1,0.2,lr5e-05_bs16_modL1_fusion32_fusionL1_drop0p2_trmiss80_trlocclin,24,0.5045673574010531,0.653337319691976,0.6815415821501014,0.7422488338196235,0.6521739130434783,0.0,0.0,0.0,0.0,2002,clin,0.8
5,1,lr5e-05_bs16_modL1_fusion32_fusionL1_drop0p2_trmiss80_trlocclin,16,5e-05,1,32,1,0.2,lr5e-05_bs16_modL1_fusion32_fusionL1_drop0p2_trmiss80_trlocclin,25,0.48996895800034207,0.6575314203898112,0.6754563894523327,0.7502498758191344,0.5869565217391305,0.0,0.0,0.0,0.0,2002,clin,0.8
5,1,lr5e-05_bs16_modL1_fusion32_fusionL1_drop0p2_trmiss80_trlocclin,16,5e-05,1,32,1,0.2,lr5e-05_bs16_modL1_fusion32_fusionL1_drop0p2_trmiss80_trlocclin,26,0.5098595221837362,0.6622741222381592,0.6673427991886409,0.7614583408502335,0.6086956521739131,0.0,0.0,0.0,0.0,2002,clin,0.8
5,1,lr5e-05_bs16_modL1_fusion32_fusionL1_drop0p2_trmiss80_trlocclin,16,5e-05,1,32,1,0.2,lr5e-05_bs16_modL1_fusion32_fusionL1_drop0p2_trmiss80_trlocclin,27,0.47302790731191635,0.6588231523831686,0.6693711967545639,0.7443036380464665,0.5869565217391305,0.0,0.0,0.0,0.0,2002,clin,0.8
5,1,lr5e-05_bs16_modL1_fusion32_fusionL1_drop0p2_trmiss80_trlocclin,16,5e-05,1,32,1,0.2,lr5e-05_bs16_modL1_fusion32_fusionL1_drop0p2_trmiss80_trlocclin,28,0.5033693189422289,0.6486713290214539,0.7018255578093306,0.7837157545320063,0.6521739130434783,0.0,0.0,0.0,0.0,2002,clin,0.8
5,1,lr5e-05_bs16_modL1_fusion32_fusionL1_drop0p2_trmiss80_trlocclin,16,5e-05,1,32,1,0.2,lr5e-05_bs16_modL1_fusion32_fusionL1_drop0p2_trmiss80_trlocclin,29,0.4912945528825124,0.6445697744687399,0.6957403651115619,0.7836263890411536,0.6521739130434783,0.0,0.0,0.0,0.0,2002,clin,0.8
5,1,lr5e-05_bs16_modL1_fusion32_fusionL1_drop0p2_trmiss80_trlocclin,16,5e-05,1,32,1,0.2,lr5e-05_bs16_modL1_fusion32_fusionL1_drop0p2_trmiss80_trlocclin,30,0.4796058585246404,0.6501519282658895,0.7058823529411764,0.7793136014069588,0.6304347826086957,0.0,0.0,0.0,0.0,2002,clin,0.8
5,1,lr5e-05_bs16_modL1_fusion32_fusionL1_drop0p2_trmiss80_trlocclin,16,5e-05,1,32,1,0.2,lr5e-05_bs16_modL1_fusion32_fusionL1_drop0p2_trmiss80_trlocclin,31,0.4799518908063571,0.6543532609939575,0.691683569979716,0.7756366953876217,0.6304347826086957,0.0,0.0,0.0,0.0,2002,clin,0.8
5,1,lr5e-05_bs16_modL1_fusion32_fusionL1_drop0p2_trmiss80_trlocclin,16,5e-05,1,32,1,0.2,lr5e-05_bs16_modL1_fusion32_fusionL1_drop0p2_trmiss80_trlocclin,32,0.45253807306289673,0.6558252771695455,0.6754563894523327,0.7585437565165458,0.6086956521739131,0.0,0.0,0.0,0.0,2002,clin,0.8
5,1,lr5e-05_bs16_modL1_fusion32_fusionL1_drop0p2_trmiss80_trlocclin,16,5e-05,1,32,1,0.2,lr5e-05_bs16_modL1_fusion32_fusionL1_drop0p2_trmiss80_trlocclin,33,0.49494558572769165,0.6550479928652445,0.6795131845841784,0.7629269491619856,0.6086956521739131,0.0,0.0,0.0,0.0,2002,clin,0.8
5,1,lr5e-05_bs16_modL1_fusion32_fusionL1_drop0p2_trmiss80_trlocclin,16,5e-05,1,32,1,0.2,lr5e-05_bs16_modL1_fusion32_fusionL1_drop0p2_trmiss80_trlocclin,34,0.4711427266399066,0.6530588269233704,0.6835699797160244,0.7560938821738414,0.6304347826086957,0.0,0.0,0.0,0.0,2002,clin,0.8
5,1,lr5e-05_bs16_modL1_fusion32_fusionL1_drop0p2_trmiss80_trlocclin,16,5e-05,1,32,1,0.2,lr5e-05_bs16_modL1_fusion32_fusionL1_drop0p2_trmiss80_trlocclin,35,0.4716816917061806,0.6569310426712036,0.6693711967545639,0.7337034823263444,0.6304347826086957,0.0,0.0,0.0,0.0,2002,clin,0.8
5,1,lr5e-05_bs16_modL1_fusion32_fusionL1_drop0p2_trmiss80_trlocclin,16,5e-05,1,32,1,0.2,lr5e-05_bs16_modL1_fusion32_fusionL1_drop0p2_trmiss80_trlocclin,36,0.46791914602120716,0.653286874294281,0.6693711967545639,0.7479608974681233,0.6086956521739131,0.0,0.0,0.0,0.0,2002,clin,0.8
5,1,lr5e-05_bs16_modL1_fusion32_fusionL1_drop0p2_trmiss80_trlocclin,16,5e-05,1,32,1,0.2,lr5e-05_bs16_modL1_fusion32_fusionL1_drop0p2_trmiss80_trlocclin,37,0.4623079573114713,0.6533262530962626,0.6795131845841784,0.7386011278880232,0.6086956521739131,0.0,0.0,0.0,0.0,2002,clin,0.8
5,1,lr5e-05_bs16_modL1_fusion32_fusionL1_drop0p2_trmiss80_trlocclin,16,5e-05,1,32,1,0.2,lr5e-05_bs16_modL1_fusion32_fusionL1_drop0p2_trmiss80_trlocclin,38,0.480775182445844,0.6439380447069804,0.6754563894523327,0.7426839107291991,0.6304347826086957,0.0,0.0,0.0,0.0,2002,clin,0.8
5,1,lr5e-05_bs16_modL1_fusion32_fusionL1_drop0p2_trmiss80_trlocclin,16,5e-05,1,32,1,0.2,lr5e-05_bs16_modL1_fusion32_fusionL1_drop0p2_trmiss80_trlocclin,39,0.44861653447151184,0.6445245941480001,0.6977687626774848,0.7856772176947314,0.6304347826086957,0.0,0.0,0.0,0.0,2002,clin,0.8
5,1,lr5e-05_bs16_modL1_fusion32_fusionL1_drop0p2_trmiss80_trlocclin,16,5e-05,1,32,1,0.2,lr5e-05_bs16_modL1_fusion32_fusionL1_drop0p2_trmiss80_trlocclin,40,0.44386158386866253,0.6485585967699686,0.6835699797160244,0.7551403437953386,0.6304347826086957,0.0,0.0,0.0,0.0,2002,clin,0.8
5,1,lr5e-05_bs16_modL1_fusion32_fusionL1_drop0p2_trmiss80_trlocclin,16,5e-05,1,32,1,0.2,lr5e-05_bs16_modL1_fusion32_fusionL1_drop0p2_trmiss80_trlocclin,41,0.46383703251679737,0.6483748157819113,0.6855983772819473,0.7496776291716346,0.6304347826086957,0.0,0.0,0.0,0.0,2002,clin,0.8
5,1,lr5e-05_bs16_modL1_fusion32_fusionL1_drop0p2_trmiss80_trlocclin,16,5e-05,1,32,1,0.2,lr5e-05_bs16_modL1_fusion32_fusionL1_drop0p2_trmiss80_trlocclin,42,0.45755505561828613,0.6487413644790649,0.6855983772819473,0.7793723814431802,0.6304347826086957,0.0,0.0,0.0,0.0,2002,clin,0.8
5,1,lr5e-05_bs16_modL1_fusion32_fusionL1_drop0p1_trmiss80_trlocclin,16,5e-05,1,32,1,0.1,lr5e-05_bs16_modL1_fusion32_fusionL1_drop0p1_trmiss80_trlocclin,1,0.7017327398061752,0.6910151441891988,0.49290060851926987,0.633296038441054,0.5652173913043478,0.0,0.0,0.0,0.0,2002,clin,0.8
5,1,lr5e-05_bs16_modL1_fusion32_fusionL1_drop0p1_trmiss80_trlocclin,16,5e-05,1,32,1,0.1,lr5e-05_bs16_modL1_fusion32_fusionL1_drop0p1_trmiss80_trlocclin,2,0.6407475620508194,0.6819061438242594,0.5314401622718053,0.6530833123542051,0.5434782608695652,0.0,0.0,0.0,0.0,2002,clin,0.8
5,1,lr5e-05_bs16_modL1_fusion32_fusionL1_drop0p1_trmiss80_trlocclin,16,5e-05,1,32,1,0.1,lr5e-05_bs16_modL1_fusion32_fusionL1_drop0p1_trmiss80_trlocclin,3,0.6289342095454534,0.6784534653027853,0.5253549695740365,0.6610366014835616,0.5434782608695652,0.0,0.0,0.0,0.0,2002,clin,0.8
5,1,lr5e-05_bs16_modL1_fusion32_fusionL1_drop0p1_trmiss80_trlocclin,16,5e-05,1,32,1,0.1,lr5e-05_bs16_modL1_fusion32_fusionL1_drop0p1_trmiss80_trlocclin,4,0.6093710760275522,0.6714209119478861,0.5476673427991887,0.665895890845452,0.5652173913043478,0.0,0.0,0.0,0.0,2002,clin,0.8
5,1,lr5e-05_bs16_modL1_fusion32_fusionL1_drop0p1_trmiss80_trlocclin,16,5e-05,1,32,1,0.1,lr5e-05_bs16_modL1_fusion32_fusionL1_drop0p1_trmiss80_trlocclin,5,0.6062175631523132,0.6727573076883951,0.5415821501014199,0.6577920128436696,0.6086956521739131,0.0,0.0,0.0,0.0,2002,clin,0.8
5,1,lr5e-05_bs16_modL1_fusion32_fusionL1_drop0p1_trmiss80_trlocclin,16,5e-05,1,32,1,0.1,lr5e-05_bs16_modL1_fusion32_fusionL1_drop0p1_trmiss80_trlocclin,6,0.5855283737182617,0.6826613148053488,0.5050709939148073,0.6429895562696797,0.5652173913043478,0.0,0.0,0.0,0.0,2002,clin,0.8
5,1,lr5e-05_bs16_modL1_fusion32_fusionL1_drop0p1_trmiss80_trlocclin,16,5e-05,1,32,1,0.1,lr5e-05_bs16_modL1_fusion32_fusionL1_drop0p1_trmiss80_trlocclin,7,0.5860974291960398,0.6753189365069071,0.539553752535497,0.6590073030666326,0.5869565217391305,0.0,0.0,0.0,0.0,2002,clin,0.8
5,1,lr5e-05_bs16_modL1_fusion32_fusionL1_drop0p1_trmiss80_trlocclin,16,5e-05,1,32,1,0.1,lr5e-05_bs16_modL1_fusion32_fusionL1_drop0p1_trmiss80_trlocclin,8,0.5579766233762106,0.6814266443252563,0.5030425963488845,0.6394938587297795,0.6304347826086957,0.0,0.0,0.0,0.0,2002,clin,0.8
5,1,lr5e-05_bs16_modL1_fusion32_fusionL1_drop0p1_trmiss80_trlocclin,16,5e-05,1,32,1,0.1,lr5e-05_bs16_modL1_fusion32_fusionL1_drop0p1_trmiss80_trlocclin,9,0.5507628892858824,0.6810708244641622,0.5091277890466531,0.6358496443337003,0.5869565217391305,0.0,0.0,0.0,0.0,2002,clin,0.8
5,1,lr5e-05_bs16_modL1_fusion32_fusionL1_drop0p1_trmiss80_trlocclin,16,5e-05,1,32,1,0.1,lr5e-05_bs16_modL1_fusion32_fusionL1_drop0p1_trmiss80_trlocclin,10,0.5558732226490974,0.6803011496861776,0.513184584178499,0.6395079378368123,0.6086956521739131,0.0,0.0,0.0,0.0,2002,clin,0.8
5,1,lr5e-05_bs16_modL1_fusion32_fusionL1_drop0p1_trmiss80_trlocclin,16,5e-05,1,32,1,0.1,lr5e-05_bs16_modL1_fusion32_fusionL1_drop0p1_trmiss80_trlocclin,11,0.5180539761980375,0.6853426694869995,0.486815415821501,0.6369158845670181,0.5,0.0,0.0,0.0,0.0,2002,clin,0.8
5,1,lr5e-05_bs16_modL1_fusion32_fusionL1_drop0p1_trmiss80_trlocclin,16,5e-05,1,32,1,0.1,lr5e-05_bs16_modL1_fusion32_fusionL1_drop0p1_trmiss80_trlocclin,12,0.534582627316316,0.6822694142659506,0.4908722109533469,0.6371320508742488,0.5869565217391305,0.0,0.0,0.0,0.0,2002,clin,0.8
5,1,lr5e-05_bs16_modL1_fusion32_fusionL1_drop0p1_trmiss80_trlocclin,16,5e-05,1,32,1,0.1,lr5e-05_bs16_modL1_fusion32_fusionL1_drop0p1_trmiss80_trlocclin,13,0.5245592097441355,0.6811937888463339,0.48478701825557813,0.6349810778758592,0.5869565217391305,0.0,0.0,0.0,0.0,2002,clin,0.8
5,1,lr5e-05_bs16_modL1_fusion32_fusionL1_drop0p1_trmiss80_trlocclin,16,5e-05,1,32,1,0.1,lr5e-05_bs16_modL1_fusion32_fusionL1_drop0p1_trmiss80_trlocclin,14,0.5421523104111353,0.6777883966763815,0.5192697768762677,0.6454877624393253,0.6086956521739131,0.0,0.0,0.0,0.0,2002,clin,0.8
5,1,lr5e-05_bs16_modL1_fusion32_fusionL1_drop0p1_trmiss80_trlocclin,16,5e-05,1,32,1,0.1,lr5e-05_bs16_modL1_fusion32_fusionL1_drop0p1_trmiss80_trlocclin,15,0.5151196271181107,0.685819407304128,0.49898580121703856,0.6337224225314012,0.5869565217391305,0.0,0.0,0.0,0.0,2002,clin,0.8
5,1,lr5e-05_bs16_modL1_fusion32_fusionL1_drop0p1_trmiss80_trlocclin,16,5e-05,1,32,1,0.1,lr5e-05_bs16_modL1_fusion32_fusionL1_drop0p1_trmiss80_trlocclin,16,0.5134346360961596,0.687280535697937,0.4827586206896552,0.623657611831953,0.5652173913043478,0.0,0.0,0.0,0.0,2002,clin,0.8
5,1,lr5e-05_bs16_modL1_fusion32_fusionL1_drop0p1_trmiss80_trlocclin,16,5e-05,1,32,1,0.1,lr5e-05_bs16_modL1_fusion32_fusionL1_drop0p1_trmiss80_trlocclin,17,0.5107536489764849,0.6876915693283081,0.4827586206896552,0.6275368243046318,0.6304347826086957,0.0,0.0,0.0,0.0,2002,clin,0.8
5,1,lr5e-05_bs16_modL1_fusion32_fusionL1_drop0p1_trmiss80_trlocclin,16,5e-05,1,32,1,0.1,lr5e-05_bs16_modL1_fusion32_fusionL1_drop0p1_trmiss80_trlocclin,18,0.5049368689457575,0.6881274779637655,0.4787018255578094,0.6300193388044816,0.5869565217391305,0.0,0.0,0.0,0.0,2002,clin,0.8
5,1,lr5e-05_bs16_modL1_fusion32_fusionL1_drop0p1_trmiss80_trlocclin,16,5e-05,1,32,1,0.1,lr5e-05_bs16_modL1_fusion32_fusionL1_drop0p1_trmiss80_trlocclin,19,0.4981115162372589,0.6887800494829813,0.4847870182555781,0.6293417099316149,0.5652173913043478,0.0,0.0,0.0,0.0,2002,clin,0.8
5,1,lr5e-05_bs16_modL1_fusion32_fusionL1_drop0p1_trmiss80_trlocclin,16,5e-05,1,32,1,0.1,lr5e-05_bs16_modL1_fusion32_fusionL1_drop0p1_trmiss80_trlocclin,20,0.5049889609217644,0.6874469717343649,0.4969574036511156,0.6366602218995211,0.5652173913043478,0.0,0.0,0.0,0.0,2002,clin,0.8
5,1,lr5e-05_bs16_modL1_fusion32_fusionL1_drop0p1_trmiss80_trlocclin,16,5e-05,1,32,1,0.1,lr5e-05_bs16_modL1_fusion32_fusionL1_drop0p1_trmiss80_trlocclin,21,0.49558627357085544,0.6919965744018555,0.48884381338742394,0.6310530025049763,0.5217391304347826,0.0,0.0,0.0,0.0,2002,clin,0.8
5,1,lr5e-05_bs16_modL1_fusion32_fusionL1_drop0p1_trmiss80_trlocclin,16,5e-05,1,32,1,0.1,lr5e-05_bs16_modL1_fusion32_fusionL1_drop0p1_trmiss80_trlocclin,22,0.5055986742178599,0.6880174279212952,0.4888438133874239,0.632490857340397,0.5434782608695652,0.0,0.0,0.0,0.0,2002,clin,0.8
5,1,lr5e-05_bs16_modL1_fusion32_fusionL1_drop0p1_trmiss80_trlocclin,16,5e-05,1,32,1,0.1,lr5e-05_bs16_modL1_fusion32_fusionL1_drop0p1_trmiss80_trlocclin,23,0.5008909106254578,0.6910622318585714,0.486815415821501,0.631416338090612,0.5434782608695652,0.0,0.0,0.0,0.0,2002,clin,0.8
5,1,lr5e-05_bs16_modL1_fusion32_fusionL1_drop0p1_trmiss80_trlocclin,16,5e-05,1,32,1,0.1,lr5e-05_bs16_modL1_fusion32_fusionL1_drop0p1_trmiss80_trlocclin,24,0.48957139253616333,0.6894236405690511,0.48478701825557813,0.6292784675840085,0.5434782608695652,0.0,0.0,0.0,0.0,2002,clin,0.8
5,1,lr5e-05_bs16_modL1_fusion64_fusionL1_drop0p2_trmiss80_trlocclin,16,5e-05,1,64,1,0.2,lr5e-05_bs16_modL1_fusion64_fusionL1_drop0p2_trmiss80_trlocclin,1,0.7268578906853994,0.7147568464279175,0.5010141987829614,0.6068228903344031,0.41304347826086957,0.0,0.0,0.0,0.0,2002,clin,0.8
5,1,lr5e-05_bs16_modL1_fusion64_fusionL1_drop0p2_trmiss80_trlocclin,16,5e-05,1,64,1,0.2,lr5e-05_bs16_modL1_fusion64_fusionL1_drop0p2_trmiss80_trlocclin,2,0.6871223151683807,0.7204513351122538,0.513184584178499,0.6363901106705662,0.5,0.0,0.0,0.0,0.0,2002,clin,0.8
5,1,lr5e-05_bs16_modL1_fusion64_fusionL1_drop0p2_trmiss80_trlocclin,16,5e-05,1,64,1,0.2,lr5e-05_bs16_modL1_fusion64_fusionL1_drop0p2_trmiss80_trlocclin,3,0.6599928935368856,0.7135634223620096,0.5212981744421907,0.6474730429807157,0.5434782608695652,0.0,0.0,0.0,0.0,2002,clin,0.8
5,1,lr5e-05_bs16_modL1_fusion64_fusionL1_drop0p2_trmiss80_trlocclin,16,5e-05,1,64,1,0.2,lr5e-05_bs16_modL1_fusion64_fusionL1_drop0p2_trmiss80_trlocclin,4,0.6643941104412079,0.7059071858723959,0.5496957403651116,0.6837559050394397,0.5652173913043478,0.0,0.0,0.0,0.0,2002,clin,0.8
5,1,lr5e-05_bs16_modL1_fusion64_fusionL1_drop0p2_trmiss80_trlocclin,16,5e-05,1,64,1,0.2,lr5e-05_bs16_modL1_fusion64_fusionL1_drop0p2_trmiss80_trlocclin,5,0.6410356809695562,0.7065524061520895,0.5699797160243408,0.7026177494734691,0.5434782608695652,0.0,0.0,0.0,0.0,2002,clin,0.8
5,1,lr5e-05_bs16_modL1_fusion64_fusionL1_drop0p2_trmiss80_trlocclin,16,5e-05,1,64,1,0.2,lr5e-05_bs16_modL1_fusion64_fusionL1_drop0p2_trmiss80_trlocclin,6,0.6294643133878708,0.6998859643936157,0.5943204868154158,0.7147345850365354,0.5652173913043478,0.0,0.0,0.0,0.0,2002,clin,0.8
5,1,lr5e-05_bs16_modL1_fusion64_fusionL1_drop0p2_trmiss80_trlocclin,16,5e-05,1,64,1,0.2,lr5e-05_bs16_modL1_fusion64_fusionL1_drop0p2_trmiss80_trlocclin,7,0.6251900394757589,0.7109312216440836,0.5557809330628803,0.6816993444122721,0.5,0.0,0.0,0.0,0.0,2002,clin,0.8
5,1,lr5e-05_bs16_modL1_fusion64_fusionL1_drop0p2_trmiss80_trlocclin,16,5e-05,1,64,1,0.2,lr5e-05_bs16_modL1_fusion64_fusionL1_drop0p2_trmiss80_trlocclin,8,0.6204197108745575,0.7010734875996908,0.5760649087221095,0.7166411115661707,0.4782608695652174,0.0,0.0,0.0,0.0,2002,clin,0.8
5,1,lr5e-05_bs16_modL1_fusion64_fusionL1_drop0p2_trmiss80_trlocclin,16,5e-05,1,64,1,0.2,lr5e-05_bs16_modL1_fusion64_fusionL1_drop0p2_trmiss80_trlocclin,9,0.6064390887816747,0.6901954412460327,0.6044624746450304,0.7418128414221975,0.5652173913043478,0.0,0.0,0.0,0.0,2002,clin,0.8
5,1,lr5e-05_bs16_modL1_fusion64_fusionL1_drop0p2_trmiss80_trlocclin,16,5e-05,1,64,1,0.2,lr5e-05_bs16_modL1_fusion64_fusionL1_drop0p2_trmiss80_trlocclin,10,0.6037096281846365,0.6952396233876547,0.6105476673427992,0.7579090758124732,0.5434782608695652,0.0,0.0,0.0,0.0,2002,clin,0.8
5,1,lr5e-05_bs16_modL1_fusion64_fusionL1_drop0p2_trmiss80_trlocclin,16,5e-05,1,64,1,0.2,lr5e-05_bs16_modL1_fusion64_fusionL1_drop0p2_trmiss80_trlocclin,11,0.5731250196695328,0.6861684123675028,0.6044624746450306,0.7344628998767223,0.5652173913043478,0.0,0.0,0.0,0.0,2002,clin,0.8
5,1,lr5e-05_bs16_modL1_fusion64_fusionL1_drop0p2_trmiss80_trlocclin,16,5e-05,1,64,1,0.2,lr5e-05_bs16_modL1_fusion64_fusionL1_drop0p2_trmiss80_trlocclin,12,0.5784813861052195,0.6732653379440308,0.6430020283975659,0.7533135016252478,0.6304347826086957,0.0,0.0,0.0,0.0,2002,clin,0.8
5,1,lr5e-05_bs16_modL1_fusion64_fusionL1_drop0p2_trmiss80_trlocclin,16,5e-05,1,64,1,0.2,lr5e-05_bs16_modL1_fusion64_fusionL1_drop0p2_trmiss80_trlocclin,13,0.5859467188517252,0.6706506808598837,0.6470588235294119,0.7391619015438672,0.5869565217391305,0.0,0.0,0.0,0.0,2002,clin,0.8
5,1,lr5e-05_bs16_modL1_fusion64_fusionL1_drop0p2_trmiss80_trlocclin,16,5e-05,1,64,1,0.2,lr5e-05_bs16_modL1_fusion64_fusionL1_drop0p2_trmiss80_trlocclin,14,0.566964308420817,0.6827653050422668,0.6247464503042597,0.7196330499235762,0.6086956521739131,0.0,0.0,0.0,0.0,2002,clin,0.8
5,1,lr5e-05_bs16_modL1_fusion64_fusionL1_drop0p2_trmiss80_trlocclin,16,5e-05,1,64,1,0.2,lr5e-05_bs16_modL1_fusion64_fusionL1_drop0p2_trmiss80_trlocclin,15,0.5495240439971288,0.6954102317492167,0.6085192697768763,0.7073008838749966,0.5869565217391305,0.0,0.0,0.0,0.0,2002,clin,0.8
5,1,lr5e-05_bs16_modL1_fusion64_fusionL1_drop0p2_trmiss80_trlocclin,16,5e-05,1,64,1,0.2,lr5e-05_bs16_modL1_fusion64_fusionL1_drop0p2_trmiss80_trlocclin,16,0.5472975994149843,0.682739774386088,0.640973630831643,0.7472298016104153,0.6086956521739131,0.0,0.0,0.0,0.0,2002,clin,0.8
5,1,lr5e-05_bs16_modL1_fusion64_fusionL1_drop0p2_trmiss80_trlocclin,16,5e-05,1,64,1,0.2,lr5e-05_bs16_modL1_fusion64_fusionL1_drop0p2_trmiss80_trlocclin,17,0.544595738252004,0.6796611746152242,0.6328600405679514,0.7366070746851896,0.6086956521739131,0.0,0.0,0.0,0.0,2002,clin,0.8
5,1,lr5e-05_bs16_modL1_fusion64_fusionL1_drop0p2_trmiss80_trlocclin,16,5e-05,1,64,1,0.2,lr5e-05_bs16_modL1_fusion64_fusionL1_drop0p2_trmiss80_trlocclin,18,0.5493757426738739,0.6851223905881246,0.6227180527383367,0.7352021890020982,0.6086956521739131,0.0,0.0,0.0,0.0,2002,clin,0.8
5,1,lr5e-05_bs16_modL1_fusion64_fusionL1_drop0p2_trmiss80_trlocclin,16,5e-05,1,64,1,0.2,lr5e-05_bs16_modL1_fusion64_fusionL1_drop0p2_trmiss80_trlocclin,19,0.5291281118988991,0.6663331786791483,0.6490872210953347,0.7465779269244042,0.6304347826086957,0.0,0.0,0.0,0.0,2002,clin,0.8
5,1,lr5e-05_bs16_modL1_fusion64_fusionL1_drop0p2_trmiss80_trlocclin,16,5e-05,1,64,1,0.2,lr5e-05_bs16_modL1_fusion64_fusionL1_drop0p2_trmiss80_trlocclin,20,0.5451548074682554,0.6582977175712585,0.6815415821501014,0.7962714036743469,0.6739130434782609,0.0,0.0,0.0,0.0,2002,clin,0.8
5,1,lr5e-05_bs16_modL1_fusion64_fusionL1_drop0p2_trmiss80_trlocclin,16,5e-05,1,64,1,0.2,lr5e-05_bs16_modL1_fusion64_fusionL1_drop0p2_trmiss80_trlocclin,21,0.5057414621114731,0.6598213315010071,0.6957403651115619,0.8054200051447368,0.6739130434782609,0.0,0.0,0.0,0.0,2002,clin,0.8
5,1,lr5e-05_bs16_modL1_fusion64_fusionL1_drop0p2_trmiss80_trlocclin,16,5e-05,1,64,1,0.2,lr5e-05_bs16_modL1_fusion64_fusionL1_drop0p2_trmiss80_trlocclin,22,0.5184707020719846,0.6518614689509074,0.6734279918864097,0.7823999204967916,0.6739130434782609,0.0,0.0,0.0,0.0,2002,clin,0.8
5,1,lr5e-05_bs16_modL1_fusion64_fusionL1_drop0p2_trmiss80_trlocclin,16,5e-05,1,64,1,0.2,lr5e-05_bs16_modL1_fusion64_fusionL1_drop0p2_trmiss80_trlocclin,23,0.49678201973438263,0.6540942986806234,0.6957403651115619,0.7955685127808113,0.6956521739130435,0.0,0.0,0.0,0.0,2002,clin,0.8
5,1,lr5e-05_bs16_modL1_fusion64_fusionL1_drop0p2_trmiss80_trlocclin,16,5e-05,1,64,1,0.2,lr5e-05_bs16_modL1_fusion64_fusionL1_drop0p2_trmiss80_trlocclin,24,0.5091107338666916,0.6417852640151978,0.7119675456389452,0.7909964052902654,0.6956521739130435,0.0,0.0,0.0,0.0,2002,clin,0.8
5,1,lr5e-05_bs16_modL1_fusion64_fusionL1_drop0p2_trmiss80_trlocclin,16,5e-05,1,64,1,0.2,lr5e-05_bs16_modL1_fusion64_fusionL1_drop0p2_trmiss80_trlocclin,25,0.4949703166882197,0.6501255830128988,0.7038539553752535,0.7735824866977421,0.6739130434782609,0.0,0.0,0.0,0.0,2002,clin,0.8
5,1,lr5e-05_bs16_modL1_fusion64_fusionL1_drop0p2_trmiss80_trlocclin,16,5e-05,1,64,1,0.2,lr5e-05_bs16_modL1_fusion64_fusionL1_drop0p2_trmiss80_trlocclin,26,0.48243459065755206,0.6485928893089294,0.7363083164300204,0.7941183266079572,0.6739130434782609,0.0,0.0,0.0,0.0,2002,clin,0.8
5,1,lr5e-05_bs16_modL1_fusion64_fusionL1_drop0p2_trmiss80_trlocclin,16,5e-05,1,64,1,0.2,lr5e-05_bs16_modL1_fusion64_fusionL1_drop0p2_trmiss80_trlocclin,27,0.4861127932866414,0.6520614425341288,0.7241379310344828,0.7902402054332394,0.6739130434782609,0.0,0.0,0.0,0.0,2002,clin,0.8
5,1,lr5e-05_bs16_modL1_fusion64_fusionL1_drop0p2_trmiss80_trlocclin,16,5e-05,1,64,1,0.2,lr5e-05_bs16_modL1_fusion64_fusionL1_drop0p2_trmiss80_trlocclin,28,0.4615565513571103,0.6574073632558187,0.6795131845841785,0.7671167606471132,0.6521739130434783,0.0,0.0,0.0,0.0,2002,clin,0.8
5,1,lr5e-05_bs16_modL1_fusion64_fusionL1_drop0p2_trmiss80_trlocclin,16,5e-05,1,64,1,0.2,lr5e-05_bs16_modL1_fusion64_fusionL1_drop0p2_trmiss80_trlocclin,29,0.4467441166440646,0.6427928606669108,0.7018255578093306,0.7742890761009866,0.6739130434782609,0.0,0.0,0.0,0.0,2002,clin,0.8
5,1,lr5e-05_bs16_modL1_fusion64_fusionL1_drop0p2_trmiss80_trlocclin,16,5e-05,1,64,1,0.2,lr5e-05_bs16_modL1_fusion64_fusionL1_drop0p2_trmiss80_trlocclin,30,0.468327375749747,0.6382144093513489,0.7079107505070994,0.7785799223482155,0.6956521739130435,0.0,0.0,0.0,0.0,2002,clin,0.8
5,1,lr5e-05_bs16_modL1_fusion64_fusionL1_drop0p2_trmiss80_trlocclin,16,5e-05,1,64,1,0.2,lr5e-05_bs16_modL1_fusion64_fusionL1_drop0p2_trmiss80_trlocclin,31,0.4625566353400548,0.6427775621414185,0.6754563894523327,0.7580102014798134,0.6956521739130435,0.0,0.0,0.0,0.0,2002,clin,0.8
5,1,lr5e-05_bs16_modL1_fusion64_fusionL1_drop0p2_trmiss80_trlocclin,16,5e-05,1,64,1,0.2,lr5e-05_bs16_modL1_fusion64_fusionL1_drop0p2_trmiss80_trlocclin,32,0.4249041552344958,0.6297996242841085,0.7139959432048681,0.7875248266408357,0.7391304347826086,0.0,0.0,0.0,0.0,2002,clin,0.8
5,1,lr5e-05_bs16_modL1_fusion64_fusionL1_drop0p2_trmiss80_trlocclin,16,5e-05,1,64,1,0.2,lr5e-05_bs16_modL1_fusion64_fusionL1_drop0p2_trmiss80_trlocclin,33,0.4394914110501607,0.6414070129394531,0.6937119675456389,0.7746706904830774,0.6739130434782609,0.0,0.0,0.0,0.0,2002,clin,0.8
5,1,lr5e-05_bs16_modL1_fusion64_fusionL1_drop0p2_trmiss80_trlocclin,16,5e-05,1,64,1,0.2,lr5e-05_bs16_modL1_fusion64_fusionL1_drop0p2_trmiss80_trlocclin,34,0.4351426685849826,0.6585379640261332,0.689655172413793,0.7690219857992,0.6521739130434783,0.0,0.0,0.0,0.0,2002,clin,0.8
5,1,lr5e-05_bs16_modL1_fusion64_fusionL1_drop0p2_trmiss80_trlocclin,16,5e-05,1,64,1,0.2,lr5e-05_bs16_modL1_fusion64_fusionL1_drop0p2_trmiss80_trlocclin,35,0.42679105202356976,0.6498851974805196,0.6977687626774849,0.7759502654319581,0.6304347826086957,0.0,0.0,0.0,0.0,2002,clin,0.8
5,1,lr5e-05_bs16_modL1_fusion64_fusionL1_drop0p2_trmiss80_trlocclin,16,5e-05,1,64,1,0.2,lr5e-05_bs16_modL1_fusion64_fusionL1_drop0p2_trmiss80_trlocclin,36,0.4453773225347201,0.6357308824857076,0.7403651115618661,0.8009425439047193,0.6739130434782609,0.0,0.0,0.0,0.0,2002,clin,0.8
5,1,lr5e-05_bs16_modL1_fusion64_fusionL1_drop0p2_trmiss80_trlocclin,16,5e-05,1,64,1,0.2,lr5e-05_bs16_modL1_fusion64_fusionL1_drop0p2_trmiss80_trlocclin,37,0.4337993363539378,0.6399688522020975,0.7180527383367139,0.7908722086371271,0.6739130434782609,0.0,0.0,0.0,0.0,2002,clin,0.8
5,1,lr5e-05_bs16_modL1_fusion64_fusionL1_drop0p2_trmiss80_trlocclin,16,5e-05,1,64,1,0.2,lr5e-05_bs16_modL1_fusion64_fusionL1_drop0p2_trmiss80_trlocclin,38,0.392892320950826,0.6393404006958008,0.6997971602434077,0.7821842773315633,0.6521739130434783,0.0,0.0,0.0,0.0,2002,clin,0.8
5,1,lr5e-05_bs16_modL1_fusion64_fusionL1_drop0p2_trmiss80_trlocclin,16,5e-05,1,64,1,0.2,lr5e-05_bs16_modL1_fusion64_fusionL1_drop0p2_trmiss80_trlocclin,39,0.38924356053272885,0.6409609119097391,0.6997971602434077,0.7798437571954788,0.6086956521739131,0.0,0.0,0.0,0.0,2002,clin,0.8
5,1,lr5e-05_bs16_modL1_fusion64_fusionL1_drop0p2_trmiss80_trlocclin,16,5e-05,1,64,1,0.2,lr5e-05_bs16_modL1_fusion64_fusionL1_drop0p2_trmiss80_trlocclin,40,0.39320335040489834,0.6439136068026224,0.6997971602434078,0.7802144186648412,0.6086956521739131,0.0,0.0,0.0,0.0,2002,clin,0.8
5,1,lr5e-05_bs16_modL1_fusion64_fusionL1_drop0p2_trmiss80_trlocclin,16,5e-05,1,64,1,0.2,lr5e-05_bs16_modL1_fusion64_fusionL1_drop0p2_trmiss80_trlocclin,41,0.37821772197882336,0.6591123739878336,0.6795131845841784,0.7693998002885138,0.5869565217391305,0.0,0.0,0.0,0.0,2002,clin,0.8
5,1,lr5e-05_bs16_modL1_fusion64_fusionL1_drop0p2_trmiss80_trlocclin,16,5e-05,1,64,1,0.2,lr5e-05_bs16_modL1_fusion64_fusionL1_drop0p2_trmiss80_trlocclin,42,0.38046175241470337,0.6427743037541708,0.7058823529411765,0.7822733960740362,0.6304347826086957,0.0,0.0,0.0,0.0,2002,clin,0.8
5,1,lr5e-05_bs16_modL1_fusion64_fusionL1_drop0p2_trmiss80_trlocclin,16,5e-05,1,64,1,0.2,lr5e-05_bs16_modL1_fusion64_fusionL1_drop0p2_trmiss80_trlocclin,43,0.39002251873413724,0.6443206071853638,0.7018255578093306,0.7820141327255363,0.6086956521739131,0.0,0.0,0.0,0.0,2002,clin,0.8
5,1,lr5e-05_bs16_modL1_fusion64_fusionL1_drop0p2_trmiss80_trlocclin,16,5e-05,1,64,1,0.2,lr5e-05_bs16_modL1_fusion64_fusionL1_drop0p2_trmiss80_trlocclin,44,0.3936140909790993,0.6585494875907898,0.6795131845841784,0.7701911026964896,0.6304347826086957,0.0,0.0,0.0,0.0,2002,clin,0.8
5,1,lr5e-05_bs16_modL1_fusion64_fusionL1_drop0p2_trmiss80_trlocclin,16,5e-05,1,64,1,0.2,lr5e-05_bs16_modL1_fusion64_fusionL1_drop0p2_trmiss80_trlocclin,45,0.3834124431014061,0.6558674772580465,0.6795131845841785,0.7687858950294313,0.6086956521739131,0.0,0.0,0.0,0.0,2002,clin,0.8
5,1,lr5e-05_bs16_modL1_fusion64_fusionL1_drop0p2_trmiss80_trlocclin,16,5e-05,1,64,1,0.2,lr5e-05_bs16_modL1_fusion64_fusionL1_drop0p2_trmiss80_trlocclin,46,0.38716257860263187,0.6549171408017477,0.689655172413793,0.7729301152165415,0.6521739130434783,0.0,0.0,0.0,0.0,2002,clin,0.8
5,1,lr5e-05_bs16_modL1_fusion64_fusionL1_drop0p2_trmiss80_trlocclin,16,5e-05,1,64,1,0.2,lr5e-05_bs16_modL1_fusion64_fusionL1_drop0p2_trmiss80_trlocclin,47,0.3636639689405759,0.6528180440266927,0.6896551724137931,0.7720007497344175,0.6086956521739131,0.0,0.0,0.0,0.0,2002,clin,0.8
5,1,lr5e-05_bs16_modL1_fusion64_fusionL1_drop0p2_trmiss80_trlocclin,16,5e-05,1,64,1,0.2,lr5e-05_bs16_modL1_fusion64_fusionL1_drop0p2_trmiss80_trlocclin,48,0.4188843046625455,0.6463237206141154,0.6693711967545639,0.7623626831467096,0.6304347826086957,0.0,0.0,0.0,0.0,2002,clin,0.8
5,1,lr5e-05_bs16_modL1_fusion64_fusionL1_drop0p2_trmiss80_trlocclin,16,5e-05,1,64,1,0.2,lr5e-05_bs16_modL1_fusion64_fusionL1_drop0p2_trmiss80_trlocclin,49,0.37820915629466373,0.6544888416926066,0.6876267748478702,0.7713598293521178,0.5869565217391305,0.0,0.0,0.0,0.0,2002,clin,0.8
5,1,lr5e-05_bs16_modL1_fusion64_fusionL1_drop0p2_trmiss80_trlocclin,16,5e-05,1,64,1,0.2,lr5e-05_bs16_modL1_fusion64_fusionL1_drop0p2_trmiss80_trlocclin,50,0.36138776938120526,0.6518934766451517,0.6876267748478702,0.7731818104431556,0.6086956521739131,0.0,0.0,0.0,0.0,2002,clin,0.8
5,1,lr5e-05_bs16_modL1_fusion64_fusionL1_drop0p2_trmiss80_trlocclin,16,5e-05,1,64,1,0.2,lr5e-05_bs16_modL1_fusion64_fusionL1_drop0p2_trmiss80_trlocclin,51,0.35673227657874423,0.646846870581309,0.6997971602434077,0.777691005653022,0.6086956521739131,0.0,0.0,0.0,0.0,2002,clin,0.8
5,1,lr5e-05_bs16_modL1_fusion64_fusionL1_drop0p2_trmiss80_trlocclin,16,5e-05,1,64,1,0.2,lr5e-05_bs16_modL1_fusion64_fusionL1_drop0p2_trmiss80_trlocclin,52,0.3695126250386238,0.6537027359008789,0.6937119675456389,0.7753373101462511,0.6086956521739131,0.0,0.0,0.0,0.0,2002,clin,0.8
5,1,lr5e-05_bs16_modL1_fusion64_fusionL1_drop0p2_trmiss80_trlocclin,16,5e-05,1,64,1,0.2,lr5e-05_bs16_modL1_fusion64_fusionL1_drop0p2_trmiss80_trlocclin,53,0.37939757853746414,0.6504117051760355,0.6957403651115619,0.77434837180296,0.6086956521739131,0.0,0.0,0.0,0.0,2002,clin,0.8
5,1,lr5e-05_bs16_modL1_fusion64_fusionL1_drop0p2_trmiss80_trlocclin,16,5e-05,1,64,1,0.2,lr5e-05_bs16_modL1_fusion64_fusionL1_drop0p2_trmiss80_trlocclin,54,0.39115191747744876,0.6437791387240092,0.691683569979716,0.7729010917837758,0.6956521739130435,0.0,0.0,0.0,0.0,2002,clin,0.8
5,1,lr5e-05_bs16_modL1_fusion64_fusionL1_drop0p2_trmiss80_trlocclin,16,5e-05,1,64,1,0.2,lr5e-05_bs16_modL1_fusion64_fusionL1_drop0p2_trmiss80_trlocclin,55,0.3445720349748929,0.6514597336451212,0.7018255578093306,0.7769319177027048,0.6086956521739131,0.0,0.0,0.0,0.0,2002,clin,0.8
5,1,lr5e-05_bs16_modL1_fusion64_fusionL1_drop0p2_trmiss80_trlocclin,16,5e-05,1,64,1,0.2,lr5e-05_bs16_modL1_fusion64_fusionL1_drop0p2_trmiss80_trlocclin,56,0.36780597021182376,0.6487623453140259,0.689655172413793,0.7746031603560999,0.6304347826086957,0.0,0.0,0.0,0.0,2002,clin,0.8
5,1,lr5e-05_bs16_modL1_fusion64_fusionL1_drop0p1_trmiss80_trlocclin,16,5e-05,1,64,1,0.1,lr5e-05_bs16_modL1_fusion64_fusionL1_drop0p1_trmiss80_trlocclin,1,0.717976247270902,0.6723076701164246,0.5314401622718052,0.6600556991610511,0.6521739130434783,0.0,0.0,0.0,0.0,2002,clin,0.8
5,1,lr5e-05_bs16_modL1_fusion64_fusionL1_drop0p1_trmiss80_trlocclin,16,5e-05,1,64,1,0.1,lr5e-05_bs16_modL1_fusion64_fusionL1_drop0p1_trmiss80_trlocclin,2,0.658099482456843,0.6685613791147867,0.5354969574036511,0.6443589411938475,0.6304347826086957,0.0,0.0,0.0,0.0,2002,clin,0.8
5,1,lr5e-05_bs16_modL1_fusion64_fusionL1_drop0p1_trmiss80_trlocclin,16,5e-05,1,64,1,0.1,lr5e-05_bs16_modL1_fusion64_fusionL1_drop0p1_trmiss80_trlocclin,3,0.631543238957723,0.6700233022371928,0.54158215010142,0.6725335048647697,0.6086956521739131,0.0,0.0,0.0,0.0,2002,clin,0.8
5,1,lr5e-05_bs16_modL1_fusion64_fusionL1_drop0p1_trmiss80_trlocclin,16,5e-05,1,64,1,0.1,lr5e-05_bs16_modL1_fusion64_fusionL1_drop0p1_trmiss80_trlocclin,4,0.6162053247292837,0.6704168717066447,0.5598377281947262,0.6736079770033174,0.5869565217391305,0.0,0.0,0.0,0.0,2002,clin,0.8
5,1,lr5e-05_bs16_modL1_fusion64_fusionL1_drop0p1_trmiss80_trlocclin,16,5e-05,1,64,1,0.1,lr5e-05_bs16_modL1_fusion64_fusionL1_drop0p1_trmiss80_trlocclin,5,0.6005978186925253,0.6721018155415853,0.5415821501014199,0.6608700673000137,0.6086956521739131,0.0,0.0,0.0,0.0,2002,clin,0.8
5,1,lr5e-05_bs16_modL1_fusion64_fusionL1_drop0p1_trmiss80_trlocclin,16,5e-05,1,64,1,0.1,lr5e-05_bs16_modL1_fusion64_fusionL1_drop0p1_trmiss80_trlocclin,6,0.5971771081288656,0.670831044514974,0.5354969574036511,0.6553230579605209,0.6521739130434783,0.0,0.0,0.0,0.0,2002,clin,0.8
5,1,lr5e-05_bs16_modL1_fusion64_fusionL1_drop0p1_trmiss80_trlocclin,16,5e-05,1,64,1,0.1,lr5e-05_bs16_modL1_fusion64_fusionL1_drop0p1_trmiss80_trlocclin,7,0.5639385680357615,0.6715624928474426,0.5415821501014199,0.6728194053840155,0.6304347826086957,0.0,0.0,0.0,0.0,2002,clin,0.8
5,1,lr5e-05_bs16_modL1_fusion64_fusionL1_drop0p1_trmiss80_trlocclin,16,5e-05,1,64,1,0.1,lr5e-05_bs16_modL1_fusion64_fusionL1_drop0p1_trmiss80_trlocclin,8,0.5680913180112839,0.6670476992925009,0.5618661257606491,0.6818762543276483,0.6521739130434783,0.0,0.0,0.0,0.0,2002,clin,0.8
5,1,lr5e-05_bs16_modL1_fusion64_fusionL1_drop0p1_trmiss80_trlocclin,16,5e-05,1,64,1,0.1,lr5e-05_bs16_modL1_fusion64_fusionL1_drop0p1_trmiss80_trlocclin,9,0.5509062111377716,0.6702836354573568,0.5557809330628802,0.6830223816193609,0.6521739130434783,0.0,0.0,0.0,0.0,2002,clin,0.8
5,1,lr5e-05_bs16_modL1_fusion64_fusionL1_drop0p1_trmiss80_trlocclin,16,5e-05,1,64,1,0.1,lr5e-05_bs16_modL1_fusion64_fusionL1_drop0p1_trmiss80_trlocclin,10,0.5241841872533163,0.671745498975118,0.5476673427991886,0.6719226540851919,0.6521739130434783,0.0,0.0,0.0,0.0,2002,clin,0.8
5,1,lr5e-05_bs16_modL1_fusion64_fusionL1_drop0p1_trmiss80_trlocclin,16,5e-05,1,64,1,0.1,lr5e-05_bs16_modL1_fusion64_fusionL1_drop0p1_trmiss80_trlocclin,11,0.5391774997115135,0.675449013710022,0.5496957403651116,0.6687494965459438,0.6304347826086957,0.0,0.0,0.0,0.0,2002,clin,0.8
5,1,lr5e-05_bs16_modL1_fusion64_fusionL1_drop0p1_trmiss80_trlocclin,16,5e-05,1,64,1,0.1,lr5e-05_bs16_modL1_fusion64_fusionL1_drop0p1_trmiss80_trlocclin,12,0.5187868798772494,0.6766578555107117,0.5517241379310345,0.6803264115770047,0.6739130434782609,0.0,0.0,0.0,0.0,2002,clin,0.8
5,1,lr5e-05_bs16_modL1_fusion64_fusionL1_drop0p1_trmiss80_trlocclin,16,5e-05,1,64,1,0.1,lr5e-05_bs16_modL1_fusion64_fusionL1_drop0p1_trmiss80_trlocclin,13,0.5004000489910444,0.6791980663935343,0.5436105476673428,0.6757164148455688,0.6304347826086957,0.0,0.0,0.0,0.0,2002,clin,0.8
5,1,lr5e-05_bs16_modL1_fusion64_fusionL1_drop0p1_trmiss80_trlocclin,16,5e-05,1,64,1,0.1,lr5e-05_bs16_modL1_fusion64_fusionL1_drop0p1_trmiss80_trlocclin,14,0.5007120966911316,0.6806963880856832,0.5212981744421906,0.6675388645435387,0.5869565217391305,0.0,0.0,0.0,0.0,2002,clin,0.8
5,1,lr5e-05_bs16_modL1_fusion64_fusionL1_drop0p1_trmiss80_trlocclin,16,5e-05,1,64,1,0.1,lr5e-05_bs16_modL1_fusion64_fusionL1_drop0p1_trmiss80_trlocclin,15,0.4874277338385582,0.6821033954620361,0.5172413793103449,0.6632174467745999,0.5869565217391305,0.0,0.0,0.0,0.0,2002,clin,0.8
5,1,lr5e-05_bs16_modL1_fusion64_fusionL1_drop0p1_trmiss80_trlocclin,16,5e-05,1,64,1,0.1,lr5e-05_bs16_modL1_fusion64_fusionL1_drop0p1_trmiss80_trlocclin,16,0.49284213533004123,0.68223108847936,0.513184584178499,0.6556938934811767,0.5869565217391305,0.0,0.0,0.0,0.0,2002,clin,0.8
5,1,lr5e-05_bs16_modL1_fusion64_fusionL1_drop0p1_trmiss80_trlocclin,16,5e-05,1,64,1,0.1,lr5e-05_bs16_modL1_fusion64_fusionL1_drop0p1_trmiss80_trlocclin,17,0.4831465209523837,0.6892277201016744,0.49087221095334677,0.6399726912473283,0.5869565217391305,0.0,0.0,0.0,0.0,2002,clin,0.8
5,1,lr5e-05_bs16_modL1_fusion64_fusionL1_drop0p1_trmiss80_trlocclin,16,5e-05,1,64,1,0.1,lr5e-05_bs16_modL1_fusion64_fusionL1_drop0p1_trmiss80_trlocclin,18,0.4712410718202591,0.683277944723765,0.513184584178499,0.6514614679464806,0.5869565217391305,0.0,0.0,0.0,0.0,2002,clin,0.8
5,1,lr5e-05_bs16_modL1_fusion64_fusionL1_drop0p1_trmiss80_trlocclin,16,5e-05,1,64,1,0.1,lr5e-05_bs16_modL1_fusion64_fusionL1_drop0p1_trmiss80_trlocclin,19,0.4731454352537791,0.6816359162330627,0.5172413793103448,0.6567699898627768,0.6086956521739131,0.0,0.0,0.0,0.0,2002,clin,0.8
5,1,lr5e-05_bs16_modL1_fusion64_fusionL1_drop0p1_trmiss80_trlocclin,16,5e-05,1,64,1,0.1,lr5e-05_bs16_modL1_fusion64_fusionL1_drop0p1_trmiss80_trlocclin,20,0.4707902669906616,0.6757439970970154,0.5598377281947262,0.6912467938143763,0.6086956521739131,0.0,0.0,0.0,0.0,2002,clin,0.8
5,1,lr5e-05_bs16_modL1_fusion64_fusionL1_drop0p1_trmiss80_trlocclin,16,5e-05,1,64,1,0.1,lr5e-05_bs16_modL1_fusion64_fusionL1_drop0p1_trmiss80_trlocclin,21,0.4764763539036115,0.6764305432637533,0.5537525354969575,0.6882087104827583,0.6304347826086957,0.0,0.0,0.0,0.0,2002,clin,0.8
5,1,lr5e-05_bs16_modL1_fusion64_fusionL1_drop0p1_trmiss80_trlocclin,16,5e-05,1,64,1,0.1,lr5e-05_bs16_modL1_fusion64_fusionL1_drop0p1_trmiss80_trlocclin,22,0.45717377712329227,0.6690045595169067,0.5638945233265721,0.6968119322919446,0.6086956521739131,0.0,0.0,0.0,0.0,2002,clin,0.8
5,1,lr5e-05_bs16_modL1_fusion64_fusionL1_drop0p1_trmiss80_trlocclin,16,5e-05,1,64,1,0.1,lr5e-05_bs16_modL1_fusion64_fusionL1_drop0p1_trmiss80_trlocclin,23,0.4559508313735326,0.6720485289891561,0.5476673427991886,0.688869262936558,0.6304347826086957,0.0,0.0,0.0,0.0,2002,clin,0.8
5,1,lr5e-05_bs16_modL1_fusion64_fusionL1_drop0p1_trmiss80_trlocclin,16,5e-05,1,64,1,0.1,lr5e-05_bs16_modL1_fusion64_fusionL1_drop0p1_trmiss80_trlocclin,24,0.4384282057483991,0.6797417203585306,0.5253549695740365,0.6744031162081627,0.5869565217391305,0.0,0.0,0.0,0.0,2002,clin,0.8
5,1,lr5e-05_bs16_modL1_fusion64_fusionL1_drop0p1_trmiss80_trlocclin,16,5e-05,1,64,1,0.1,lr5e-05_bs16_modL1_fusion64_fusionL1_drop0p1_trmiss80_trlocclin,25,0.46422087401151657,0.6817538142204285,0.5192697768762677,0.6724996527359866,0.6086956521739131,0.0,0.0,0.0,0.0,2002,clin,0.8
5,1,lr5e-05_bs16_modL1_fusion64_fusionL1_drop0p1_trmiss80_trlocclin,16,5e-05,1,64,1,0.1,lr5e-05_bs16_modL1_fusion64_fusionL1_drop0p1_trmiss80_trlocclin,26,0.4731453110774358,0.6806196769078573,0.5294117647058824,0.6804557282060435,0.6304347826086957,0.0,0.0,0.0,0.0,2002,clin,0.8
5,1,lr5e-05_bs16_modL1_fusion64_fusionL1_drop0p1_trmiss80_trlocclin,16,5e-05,1,64,1,0.1,lr5e-05_bs16_modL1_fusion64_fusionL1_drop0p1_trmiss80_trlocclin,27,0.4425499141216278,0.6782744924227396,0.5294117647058824,0.6778576941002477,0.5869565217391305,0.0,0.0,0.0,0.0,2002,clin,0.8
5,1,lr5e-05_bs16_modL1_fusion64_fusionL1_drop0p1_trmiss80_trlocclin,16,5e-05,1,64,1,0.1,lr5e-05_bs16_modL1_fusion64_fusionL1_drop0p1_trmiss80_trlocclin,28,0.4581080650289853,0.6848653356234232,0.5050709939148074,0.6672060250764209,0.5869565217391305,0.0,0.0,0.0,0.0,2002,clin,0.8
5,1,lr5e-05_bs16_modL1_fusion64_fusionL1_drop0p1_trmiss80_trlocclin,16,5e-05,1,64,1,0.1,lr5e-05_bs16_modL1_fusion64_fusionL1_drop0p1_trmiss80_trlocclin,29,0.4849657366673152,0.6845193107922872,0.5111561866125761,0.6758520732445872,0.5652173913043478,0.0,0.0,0.0,0.0,2002,clin,0.8
5,1,lr5e-05_bs16_modL1_fusion64_fusionL1_drop0p1_trmiss80_trlocclin,16,5e-05,1,64,1,0.1,lr5e-05_bs16_modL1_fusion64_fusionL1_drop0p1_trmiss80_trlocclin,30,0.4466518188516299,0.6815180778503418,0.511156186612576,0.672319821603337,0.5652173913043478,0.0,0.0,0.0,0.0,2002,clin,0.8
5,1,lr5e-05_bs16_modL1_fusion64_fusionL1_drop0p1_trmiss80_trlocclin,16,5e-05,1,64,1,0.1,lr5e-05_bs16_modL1_fusion64_fusionL1_drop0p1_trmiss80_trlocclin,31,0.4419519553581874,0.6823875308036804,0.5233265720081136,0.6783698194271583,0.5869565217391305,0.0,0.0,0.0,0.0,2002,clin,0.8
5,1,lr5e-05_bs16_modL1_fusion64_fusionL1_drop0p1_trmiss80_trlocclin,16,5e-05,1,64,1,0.1,lr5e-05_bs16_modL1_fusion64_fusionL1_drop0p1_trmiss80_trlocclin,32,0.4456823443373044,0.6809701522191366,0.5273833671399595,0.6789983158706818,0.5869565217391305,0.0,0.0,0.0,0.0,2002,clin,0.8
5,1,lr5e-05_bs16_modL1_fusion64_fusionL1_drop0p1_trmiss80_trlocclin,16,5e-05,1,64,1,0.1,lr5e-05_bs16_modL1_fusion64_fusionL1_drop0p1_trmiss80_trlocclin,33,0.4434887816508611,0.6778131524721781,0.539553752535497,0.6884014821558142,0.5869565217391305,0.0,0.0,0.0,0.0,2002,clin,0.8
5,1,lr5e-05_bs16_modL1_fusion64_fusionL1_drop0p1_trmiss80_trlocclin,16,5e-05,1,64,1,0.1,lr5e-05_bs16_modL1_fusion64_fusionL1_drop0p1_trmiss80_trlocclin,34,0.4172370384136836,0.6805134018262228,0.539553752535497,0.6912916398646569,0.5869565217391305,0.0,0.0,0.0,0.0,2002,clin,0.8
5,1,lr5e-05_bs16_modL1_fusion64_fusionL1_drop0p1_trmiss80_trlocclin,16,5e-05,1,64,1,0.1,lr5e-05_bs16_modL1_fusion64_fusionL1_drop0p1_trmiss80_trlocclin,35,0.4504744236667951,0.6829840143521627,0.5273833671399594,0.6803920456397172,0.5652173913043478,0.0,0.0,0.0,0.0,2002,clin,0.8
5,1,lr5e-05_bs16_modL1_fusion64_fusionL1_drop0p1_trmiss80_trlocclin,16,5e-05,1,64,1,0.1,lr5e-05_bs16_modL1_fusion64_fusionL1_drop0p1_trmiss80_trlocclin,36,0.44942590345939,0.6829633712768555,0.5233265720081136,0.681967777326163,0.6086956521739131,0.0,0.0,0.0,0.0,2002,clin,0.8
5,1,lr5e-05_bs16_modL1_fusion64_fusionL1_drop0p1_trmiss80_trlocclin,16,5e-05,1,64,1,0.1,lr5e-05_bs16_modL1_fusion64_fusionL1_drop0p1_trmiss80_trlocclin,37,0.43831615149974823,0.6862746278444926,0.515212981744422,0.6771766641829429,0.5652173913043478,0.0,0.0,0.0,0.0,2002,clin,0.8
5,1,lr5e-05_bs16_modL1_fusion64_fusionL1_drop0p1_trmiss80_trlocclin,16,5e-05,1,64,1,0.1,lr5e-05_bs16_modL1_fusion64_fusionL1_drop0p1_trmiss80_trlocclin,38,0.4326382130384445,0.6858800053596497,0.5233265720081136,0.6773055114448785,0.5652173913043478,0.0,0.0,0.0,0.0,2002,clin,0.8
5,1,lr5e-05_bs16_modL1_fusion64_fusionL1_drop0p1_trmiss80_trlocclin,16,5e-05,1,64,1,0.1,lr5e-05_bs16_modL1_fusion64_fusionL1_drop0p1_trmiss80_trlocclin,39,0.4412170350551605,0.6836417516072592,0.5192697768762679,0.6759652311197237,0.5652173913043478,0.0,0.0,0.0,0.0,2002,clin,0.8
5,1,lr5e-05_bs16_modL1_fusion64_fusionL1_drop0p1_trmiss80_trlocclin,16,5e-05,1,64,1,0.1,lr5e-05_bs16_modL1_fusion64_fusionL1_drop0p1_trmiss80_trlocclin,40,0.4393199880917867,0.6845661799112955,0.5233265720081136,0.678543184851546,0.5434782608695652,0.0,0.0,0.0,0.0,2002,clin,0.8
5,1,lr5e-05_bs16_modL1_fusion64_fusionL1_drop0p1_trmiss80_trlocclin,16,5e-05,1,64,1,0.1,lr5e-05_bs16_modL1_fusion64_fusionL1_drop0p1_trmiss80_trlocclin,41,0.4266636222600937,0.685973604520162,0.5212981744421907,0.6777711362216496,0.5652173913043478,0.0,0.0,0.0,0.0,2002,clin,0.8
5,1,lr5e-05_bs16_modL1_fusion64_fusionL1_drop0p1_trmiss80_trlocclin,16,5e-05,1,64,1,0.1,lr5e-05_bs16_modL1_fusion64_fusionL1_drop0p1_trmiss80_trlocclin,42,0.43463069448868435,0.6862632433573405,0.517241379310345,0.674504202060912,0.5652173913043478,0.0,0.0,0.0,0.0,2002,clin,0.8
5,1,lr1e-04_bs16_modL1_fusion32_fusionL1_drop0p2_trmiss80_trlocclin,16,0.0001,1,32,1,0.2,lr1e-04_bs16_modL1_fusion32_fusionL1_drop0p2_trmiss80_trlocclin,1,0.7315743118524551,0.7197649478912354,0.4259634888438134,0.5858868085207277,0.30434782608695654,0.0,0.0,0.0,0.0,2002,clin,0.8
5,1,lr1e-04_bs16_modL1_fusion32_fusionL1_drop0p2_trmiss80_trlocclin,16,0.0001,1,32,1,0.2,lr1e-04_bs16_modL1_fusion32_fusionL1_drop0p2_trmiss80_trlocclin,2,0.711014449596405,0.7179064353307089,0.45030425963488846,0.6069272782948809,0.32608695652173914,0.0,0.0,0.0,0.0,2002,clin,0.8
5,1,lr1e-04_bs16_modL1_fusion32_fusionL1_drop0p2_trmiss80_trlocclin,16,0.0001,1,32,1,0.2,lr1e-04_bs16_modL1_fusion32_fusionL1_drop0p2_trmiss80_trlocclin,3,0.6873834679524103,0.7105640172958374,0.5699797160243407,0.6656854630770203,0.41304347826086957,0.0,0.0,0.0,0.0,2002,clin,0.8
5,1,lr1e-04_bs16_modL1_fusion32_fusionL1_drop0p2_trmiss80_trlocclin,16,0.0001,1,32,1,0.2,lr1e-04_bs16_modL1_fusion32_fusionL1_drop0p2_trmiss80_trlocclin,4,0.6610823174317678,0.6975442965825399,0.6369168356997972,0.720797391837467,0.4782608695652174,0.0,0.0,0.0,0.0,2002,clin,0.8
5,1,lr1e-04_bs16_modL1_fusion32_fusionL1_drop0p2_trmiss80_trlocclin,16,0.0001,1,32,1,0.2,lr1e-04_bs16_modL1_fusion32_fusionL1_drop0p2_trmiss80_trlocclin,5,0.6371567199627558,0.6916345357894897,0.6227180527383367,0.7143005276893859,0.5652173913043478,0.0,0.0,0.0,0.0,2002,clin,0.8
5,1,lr1e-04_bs16_modL1_fusion32_fusionL1_drop0p2_trmiss80_trlocclin,16,0.0001,1,32,1,0.2,lr1e-04_bs16_modL1_fusion32_fusionL1_drop0p2_trmiss80_trlocclin,6,0.6373469680547714,0.6951354543368021,0.640973630831643,0.7345213860836353,0.5434782608695652,0.0,0.0,0.0,0.0,2002,clin,0.8
5,1,lr1e-04_bs16_modL1_fusion32_fusionL1_drop0p2_trmiss80_trlocclin,16,0.0001,1,32,1,0.2,lr1e-04_bs16_modL1_fusion32_fusionL1_drop0p2_trmiss80_trlocclin,7,0.6169703205426534,0.6874852975209554,0.6227180527383367,0.7153481056284576,0.5869565217391305,0.0,0.0,0.0,0.0,2002,clin,0.8
5,1,lr1e-04_bs16_modL1_fusion32_fusionL1_drop0p2_trmiss80_trlocclin,16,0.0001,1,32,1,0.2,lr1e-04_bs16_modL1_fusion32_fusionL1_drop0p2_trmiss80_trlocclin,8,0.608907068769137,0.6862020293871561,0.6511156186612576,0.7361351932826907,0.5869565217391305,0.0,0.0,0.0,0.0,2002,clin,0.8
5,1,lr1e-04_bs16_modL1_fusion32_fusionL1_drop0p2_trmiss80_trlocclin,16,0.0001,1,32,1,0.2,lr1e-04_bs16_modL1_fusion32_fusionL1_drop0p2_trmiss80_trlocclin,9,0.5894173383712769,0.6698851386706034,0.6997971602434078,0.7605697278054608,0.6304347826086957,0.0,0.0,0.0,0.0,2002,clin,0.8
5,1,lr1e-04_bs16_modL1_fusion32_fusionL1_drop0p2_trmiss80_trlocclin,16,0.0001,1,32,1,0.2,lr1e-04_bs16_modL1_fusion32_fusionL1_drop0p2_trmiss80_trlocclin,10,0.5713062336047491,0.6692466338475546,0.7444219066937119,0.7921786109857578,0.6086956521739131,0.0,0.0,0.0,0.0,2002,clin,0.8
5,1,lr1e-04_bs16_modL1_fusion32_fusionL1_drop0p2_trmiss80_trlocclin,16,0.0001,1,32,1,0.2,lr1e-04_bs16_modL1_fusion32_fusionL1_drop0p2_trmiss80_trlocclin,11,0.5795967678229014,0.6731063524881998,0.7119675456389452,0.7844788963404217,0.6304347826086957,0.0,0.0,0.0,0.0,2002,clin,0.8
5,1,lr1e-04_bs16_modL1_fusion32_fusionL1_drop0p2_trmiss80_trlocclin,16,0.0001,1,32,1,0.2,lr1e-04_bs16_modL1_fusion32_fusionL1_drop0p2_trmiss80_trlocclin,12,0.5700118690729141,0.6787653962771097,0.7139959432048681,0.7790615785003168,0.5869565217391305,0.0,0.0,0.0,0.0,2002,clin,0.8
5,1,lr1e-04_bs16_modL1_fusion32_fusionL1_drop0p2_trmiss80_trlocclin,16,0.0001,1,32,1,0.2,lr1e-04_bs16_modL1_fusion32_fusionL1_drop0p2_trmiss80_trlocclin,13,0.5683155606190363,0.6770844658215841,0.7058823529411765,0.7580028796005811,0.6304347826086957,0.0,0.0,0.0,0.0,2002,clin,0.8
5,1,lr1e-04_bs16_modL1_fusion32_fusionL1_drop0p2_trmiss80_trlocclin,16,0.0001,1,32,1,0.2,lr1e-04_bs16_modL1_fusion32_fusionL1_drop0p2_trmiss80_trlocclin,14,0.5587231094638506,0.6775433222452799,0.6774847870182557,0.7361676651233777,0.6521739130434783,0.0,0.0,0.0,0.0,2002,clin,0.8
5,1,lr1e-04_bs16_modL1_fusion32_fusionL1_drop0p2_trmiss80_trlocclin,16,0.0001,1,32,1,0.2,lr1e-04_bs16_modL1_fusion32_fusionL1_drop0p2_trmiss80_trlocclin,15,0.5527156740427017,0.6806902686754862,0.6572008113590263,0.7123943017048979,0.6521739130434783,0.0,0.0,0.0,0.0,2002,clin,0.8
5,1,lr1e-04_bs16_modL1_fusion32_fusionL1_drop0p2_trmiss80_trlocclin,16,0.0001,1,32,1,0.2,lr1e-04_bs16_modL1_fusion32_fusionL1_drop0p2_trmiss80_trlocclin,16,0.5435651590426763,0.6865931749343872,0.6470588235294118,0.7214115448191587,0.6304347826086957,0.0,0.0,0.0,0.0,2002,clin,0.8
5,1,lr1e-04_bs16_modL1_fusion32_fusionL1_drop0p2_trmiss80_trlocclin,16,0.0001,1,32,1,0.2,lr1e-04_bs16_modL1_fusion32_fusionL1_drop0p2_trmiss80_trlocclin,17,0.5079580346743265,0.6903844873110453,0.6044624746450304,0.6982510117791312,0.6086956521739131,0.0,0.0,0.0,0.0,2002,clin,0.8
5,1,lr1e-04_bs16_modL1_fusion32_fusionL1_drop0p2_trmiss80_trlocclin,16,0.0001,1,32,1,0.2,lr1e-04_bs16_modL1_fusion32_fusionL1_drop0p2_trmiss80_trlocclin,18,0.5253863607843717,0.6883575320243835,0.6308316430020284,0.7191816186916427,0.6521739130434783,0.0,0.0,0.0,0.0,2002,clin,0.8
5,1,lr1e-04_bs16_modL1_fusion32_fusionL1_drop0p2_trmiss80_trlocclin,16,0.0001,1,32,1,0.2,lr1e-04_bs16_modL1_fusion32_fusionL1_drop0p2_trmiss80_trlocclin,19,0.5185015648603439,0.6861697236696879,0.6206896551724138,0.7135464810719361,0.6521739130434783,0.0,0.0,0.0,0.0,2002,clin,0.8
5,1,lr1e-04_bs16_modL1_fusion32_fusionL1_drop0p2_trmiss80_trlocclin,16,0.0001,1,32,1,0.2,lr1e-04_bs16_modL1_fusion32_fusionL1_drop0p2_trmiss80_trlocclin,20,0.5229444776972135,0.6993698875109354,0.6247464503042597,0.7062991009863429,0.5652173913043478,0.0,0.0,0.0,0.0,2002,clin,0.8
5,1,lr1e-04_bs16_modL1_fusion32_fusionL1_drop0p2_trmiss80_trlocclin,16,0.0001,1,32,1,0.2,lr1e-04_bs16_modL1_fusion32_fusionL1_drop0p2_trmiss80_trlocclin,21,0.5021998956799507,0.6803540786107382,0.6450304259634889,0.7178094818775576,0.6739130434782609,0.0,0.0,0.0,0.0,2002,clin,0.8
5,1,lr1e-04_bs16_modL1_fusion32_fusionL1_drop0p2_trmiss80_trlocclin,16,0.0001,1,32,1,0.2,lr1e-04_bs16_modL1_fusion32_fusionL1_drop0p2_trmiss80_trlocclin,22,0.4864840979377429,0.6850741108258566,0.6450304259634888,0.7202717566400977,0.6521739130434783,0.0,0.0,0.0,0.0,2002,clin,0.8
5,1,lr1e-04_bs16_modL1_fusion32_fusionL1_drop0p2_trmiss80_trlocclin,16,0.0001,1,32,1,0.2,lr1e-04_bs16_modL1_fusion32_fusionL1_drop0p2_trmiss80_trlocclin,23,0.49204020698865253,0.6844189763069153,0.6450304259634888,0.7219755673329983,0.6739130434782609,0.0,0.0,0.0,0.0,2002,clin,0.8
5,1,lr1e-04_bs16_modL1_fusion32_fusionL1_drop0p2_trmiss80_trlocclin,16,0.0001,1,32,1,0.2,lr1e-04_bs16_modL1_fusion32_fusionL1_drop0p2_trmiss80_trlocclin,24,0.4898853326837222,0.688782811164856,0.6490872210953346,0.7228595996233679,0.6521739130434783,0.0,0.0,0.0,0.0,2002,clin,0.8
5,1,lr1e-04_bs16_modL1_fusion32_fusionL1_drop0p2_trmiss80_trlocclin,16,0.0001,1,32,1,0.2,lr1e-04_bs16_modL1_fusion32_fusionL1_drop0p2_trmiss80_trlocclin,25,0.4893019472559293,0.6844465533892313,0.6450304259634888,0.7157890289407525,0.6956521739130435,0.0,0.0,0.0,0.0,2002,clin,0.8
5,1,lr1e-04_bs16_modL1_fusion32_fusionL1_drop0p2_trmiss80_trlocclin,16,0.0001,1,32,1,0.2,lr1e-04_bs16_modL1_fusion32_fusionL1_drop0p2_trmiss80_trlocclin,26,0.4755493625998497,0.6882028182347616,0.6389452332657201,0.7141469624006671,0.6521739130434783,0.0,0.0,0.0,0.0,2002,clin,0.8
5,1,lr1e-04_bs16_modL1_fusion32_fusionL1_drop0p2_trmiss80_trlocclin,16,0.0001,1,32,1,0.2,lr1e-04_bs16_modL1_fusion32_fusionL1_drop0p2_trmiss80_trlocclin,27,0.47671398768822354,0.677135705947876,0.6551724137931034,0.7259163531466984,0.6956521739130435,0.0,0.0,0.0,0.0,2002,clin,0.8
5,1,lr1e-04_bs16_modL1_fusion32_fusionL1_drop0p2_trmiss80_trlocclin,16,0.0001,1,32,1,0.2,lr1e-04_bs16_modL1_fusion32_fusionL1_drop0p2_trmiss80_trlocclin,28,0.4767177825172742,0.6768479148546854,0.6612576064908722,0.7304667209448173,0.6956521739130435,0.0,0.0,0.0,0.0,2002,clin,0.8
5,1,lr1e-04_bs16_modL1_fusion32_fusionL1_drop0p2_trmiss80_trlocclin,16,0.0001,1,32,1,0.2,lr1e-04_bs16_modL1_fusion32_fusionL1_drop0p2_trmiss80_trlocclin,29,0.4737256318330765,0.676913340886434,0.6632860040567952,0.7272869796466354,0.6739130434782609,0.0,0.0,0.0,0.0,2002,clin,0.8
5,1,lr1e-04_bs16_modL1_fusion32_fusionL1_drop0p2_trmiss80_trlocclin,16,0.0001,1,32,1,0.2,lr1e-04_bs16_modL1_fusion32_fusionL1_drop0p2_trmiss80_trlocclin,30,0.49376008411248523,0.6764988899230957,0.6490872210953347,0.7243466728225446,0.717391304347826,0.0,0.0,0.0,0.0,2002,clin,0.8
5,1,lr1e-04_bs16_modL1_fusion32_fusionL1_drop0p1_trmiss80_trlocclin,16,0.0001,1,32,1,0.1,lr1e-04_bs16_modL1_fusion32_fusionL1_drop0p1_trmiss80_trlocclin,1,0.7052099903424581,0.68578573067983,0.6490872210953348,0.7905645640263412,0.5217391304347826,0.0,0.0,0.0,0.0,2002,clin,0.8
5,1,lr1e-04_bs16_modL1_fusion32_fusionL1_drop0p1_trmiss80_trlocclin,16,0.0001,1,32,1,0.1,lr1e-04_bs16_modL1_fusion32_fusionL1_drop0p1_trmiss80_trlocclin,2,0.6208287527163824,0.6786579489707947,0.5963488843813387,0.73678524824784,0.5217391304347826,0.0,0.0,0.0,0.0,2002,clin,0.8
5,1,lr1e-04_bs16_modL1_fusion32_fusionL1_drop0p1_trmiss80_trlocclin,16,0.0001,1,32,1,0.1,lr1e-04_bs16_modL1_fusion32_fusionL1_drop0p1_trmiss80_trlocclin,3,0.6260856539011002,0.6815817753473917,0.6125760649087221,0.720361975661485,0.5,0.0,0.0,0.0,0.0,2002,clin,0.8
5,1,lr1e-04_bs16_modL1_fusion32_fusionL1_drop0p1_trmiss80_trlocclin,16,0.0001,1,32,1,0.1,lr1e-04_bs16_modL1_fusion32_fusionL1_drop0p1_trmiss80_trlocclin,4,0.5932169357935587,0.6755312283833822,0.6490872210953347,0.7195659632249265,0.5217391304347826,0.0,0.0,0.0,0.0,2002,clin,0.8
5,1,lr1e-04_bs16_modL1_fusion32_fusionL1_drop0p1_trmiss80_trlocclin,16,0.0001,1,32,1,0.1,lr1e-04_bs16_modL1_fusion32_fusionL1_drop0p1_trmiss80_trlocclin,5,0.5698375354210535,0.6667652726173401,0.6774847870182557,0.7325125063589057,0.6086956521739131,0.0,0.0,0.0,0.0,2002,clin,0.8
5,1,lr1e-04_bs16_modL1_fusion32_fusionL1_drop0p1_trmiss80_trlocclin,16,0.0001,1,32,1,0.1,lr1e-04_bs16_modL1_fusion32_fusionL1_drop0p1_trmiss80_trlocclin,6,0.5737713674704233,0.677627424399058,0.6490872210953347,0.7118215673324845,0.5434782608695652,0.0,0.0,0.0,0.0,2002,clin,0.8
5,1,lr1e-04_bs16_modL1_fusion32_fusionL1_drop0p1_trmiss80_trlocclin,16,0.0001,1,32,1,0.1,lr1e-04_bs16_modL1_fusion32_fusionL1_drop0p1_trmiss80_trlocclin,7,0.5546265592177709,0.6840494275093079,0.6206896551724138,0.7193695179089126,0.5217391304347826,0.0,0.0,0.0,0.0,2002,clin,0.8
5,1,lr1e-04_bs16_modL1_fusion32_fusionL1_drop0p1_trmiss80_trlocclin,16,0.0001,1,32,1,0.1,lr1e-04_bs16_modL1_fusion32_fusionL1_drop0p1_trmiss80_trlocclin,8,0.5157565250992775,0.6799817085266113,0.6450304259634888,0.7268501121754217,0.5869565217391305,0.0,0.0,0.0,0.0,2002,clin,0.8
5,1,lr1e-04_bs16_modL1_fusion32_fusionL1_drop0p1_trmiss80_trlocclin,16,0.0001,1,32,1,0.1,lr1e-04_bs16_modL1_fusion32_fusionL1_drop0p1_trmiss80_trlocclin,9,0.5261703059077263,0.6763348380724589,0.6389452332657202,0.7222167703738969,0.6521739130434783,0.0,0.0,0.0,0.0,2002,clin,0.8
5,1,lr1e-04_bs16_modL1_fusion32_fusionL1_drop0p1_trmiss80_trlocclin,16,0.0001,1,32,1,0.1,lr1e-04_bs16_modL1_fusion32_fusionL1_drop0p1_trmiss80_trlocclin,10,0.4943033779660861,0.6792986989021301,0.6125760649087223,0.7076294580087239,0.5869565217391305,0.0,0.0,0.0,0.0,2002,clin,0.8
5,1,lr1e-04_bs16_modL1_fusion32_fusionL1_drop0p1_trmiss80_trlocclin,16,0.0001,1,32,1,0.1,lr1e-04_bs16_modL1_fusion32_fusionL1_drop0p1_trmiss80_trlocclin,11,0.4927486851811409,0.6491430600484213,0.6916835699797159,0.7504254773282,0.6956521739130435,0.0,0.0,0.0,0.0,2002,clin,0.8
5,1,lr1e-04_bs16_modL1_fusion32_fusionL1_drop0p1_trmiss80_trlocclin,16,0.0001,1,32,1,0.1,lr1e-04_bs16_modL1_fusion32_fusionL1_drop0p1_trmiss80_trlocclin,12,0.4866137777765592,0.6598599751790365,0.667342799188641,0.7406572556334681,0.6956521739130435,0.0,0.0,0.0,0.0,2002,clin,0.8
5,1,lr1e-04_bs16_modL1_fusion32_fusionL1_drop0p1_trmiss80_trlocclin,16,0.0001,1,32,1,0.1,lr1e-04_bs16_modL1_fusion32_fusionL1_drop0p1_trmiss80_trlocclin,13,0.48329493403434753,0.6625692844390869,0.665314401622718,0.7381984094486141,0.6086956521739131,0.0,0.0,0.0,0.0,2002,clin,0.8
5,1,lr1e-04_bs16_modL1_fusion32_fusionL1_drop0p1_trmiss80_trlocclin,16,0.0001,1,32,1,0.1,lr1e-04_bs16_modL1_fusion32_fusionL1_drop0p1_trmiss80_trlocclin,14,0.46059785038232803,0.6770081321398417,0.6247464503042597,0.7182055964746488,0.5434782608695652,0.0,0.0,0.0,0.0,2002,clin,0.8
5,1,lr1e-04_bs16_modL1_fusion32_fusionL1_drop0p1_trmiss80_trlocclin,16,0.0001,1,32,1,0.1,lr1e-04_bs16_modL1_fusion32_fusionL1_drop0p1_trmiss80_trlocclin,15,0.4571876600384712,0.6882788340250651,0.59026369168357,0.7041118867632763,0.5217391304347826,0.0,0.0,0.0,0.0,2002,clin,0.8
5,1,lr1e-04_bs16_modL1_fusion32_fusionL1_drop0p1_trmiss80_trlocclin,16,0.0001,1,32,1,0.1,lr1e-04_bs16_modL1_fusion32_fusionL1_drop0p1_trmiss80_trlocclin,16,0.4479428430398305,0.7013681729634603,0.561866125760649,0.6774858180262795,0.5,0.0,0.0,0.0,0.0,2002,clin,0.8
5,1,lr1e-04_bs16_modL1_fusion32_fusionL1_drop0p1_trmiss80_trlocclin,16,0.0001,1,32,1,0.1,lr1e-04_bs16_modL1_fusion32_fusionL1_drop0p1_trmiss80_trlocclin,17,0.44290297230084735,0.6793607473373413,0.5841784989858012,0.7120867222320821,0.5434782608695652,0.0,0.0,0.0,0.0,2002,clin,0.8
5,1,lr1e-04_bs16_modL1_fusion32_fusionL1_drop0p1_trmiss80_trlocclin,16,0.0001,1,32,1,0.1,lr1e-04_bs16_modL1_fusion32_fusionL1_drop0p1_trmiss80_trlocclin,18,0.4288232773542404,0.6768576502799988,0.6044624746450304,0.730790472662918,0.5434782608695652,0.0,0.0,0.0,0.0,2002,clin,0.8
5,1,lr1e-04_bs16_modL1_fusion32_fusionL1_drop0p1_trmiss80_trlocclin,16,0.0001,1,32,1,0.1,lr1e-04_bs16_modL1_fusion32_fusionL1_drop0p1_trmiss80_trlocclin,19,0.44196934004624683,0.6677140196164449,0.6085192697768762,0.7340596881369645,0.5217391304347826,0.0,0.0,0.0,0.0,2002,clin,0.8
5,1,lr1e-04_bs16_modL1_fusion32_fusionL1_drop0p1_trmiss80_trlocclin,16,0.0001,1,32,1,0.1,lr1e-04_bs16_modL1_fusion32_fusionL1_drop0p1_trmiss80_trlocclin,20,0.406086561580499,0.6816436847050985,0.5943204868154158,0.7283133592690785,0.5217391304347826,0.0,0.0,0.0,0.0,2002,clin,0.8
5,1,lr1e-04_bs16_modL1_fusion32_fusionL1_drop0p1_trmiss80_trlocclin,16,0.0001,1,32,1,0.1,lr1e-04_bs16_modL1_fusion32_fusionL1_drop0p1_trmiss80_trlocclin,21,0.4024144882957141,0.6944388945897421,0.5517241379310345,0.7052016842772175,0.5,0.0,0.0,0.0,0.0,2002,clin,0.8
5,1,lr1e-04_bs16_modL1_fusion32_fusionL1_drop0p1_trmiss80_trlocclin,16,0.0001,1,32,1,0.1,lr1e-04_bs16_modL1_fusion32_fusionL1_drop0p1_trmiss80_trlocclin,22,0.4219948848088582,0.7036637862523397,0.537525354969574,0.6816303538248154,0.45652173913043476,0.0,0.0,0.0,0.0,2002,clin,0.8
5,1,lr1e-04_bs16_modL1_fusion32_fusionL1_drop0p1_trmiss80_trlocclin,16,0.0001,1,32,1,0.1,lr1e-04_bs16_modL1_fusion32_fusionL1_drop0p1_trmiss80_trlocclin,23,0.4037737200657527,0.6980677445729574,0.5537525354969574,0.6945551156370438,0.4782608695652174,0.0,0.0,0.0,0.0,2002,clin,0.8
5,1,lr1e-04_bs16_modL1_fusion32_fusionL1_drop0p1_trmiss80_trlocclin,16,0.0001,1,32,1,0.1,lr1e-04_bs16_modL1_fusion32_fusionL1_drop0p1_trmiss80_trlocclin,24,0.41097306708494824,0.7004610896110535,0.5578093306288032,0.6918381348232538,0.5,0.0,0.0,0.0,0.0,2002,clin,0.8
5,1,lr1e-04_bs16_modL1_fusion32_fusionL1_drop0p1_trmiss80_trlocclin,16,0.0001,1,32,1,0.1,lr1e-04_bs16_modL1_fusion32_fusionL1_drop0p1_trmiss80_trlocclin,25,0.39765844245751697,0.696570634841919,0.565922920892495,0.6954221438933612,0.5,0.0,0.0,0.0,0.0,2002,clin,0.8
5,1,lr1e-04_bs16_modL1_fusion32_fusionL1_drop0p1_trmiss80_trlocclin,16,0.0001,1,32,1,0.1,lr1e-04_bs16_modL1_fusion32_fusionL1_drop0p1_trmiss80_trlocclin,26,0.3938761055469513,0.6783292690912882,0.5760649087221095,0.6982170436511765,0.5217391304347826,0.0,0.0,0.0,0.0,2002,clin,0.8
5,1,lr1e-04_bs16_modL1_fusion32_fusionL1_drop0p1_trmiss80_trlocclin,16,0.0001,1,32,1,0.1,lr1e-04_bs16_modL1_fusion32_fusionL1_drop0p1_trmiss80_trlocclin,27,0.3822760408123334,0.6880992849667867,0.5720081135902637,0.6956133982242243,0.5,0.0,0.0,0.0,0.0,2002,clin,0.8
5,1,lr1e-04_bs16_modL1_fusion32_fusionL1_drop0p1_trmiss80_trlocclin,16,0.0001,1,32,1,0.1,lr1e-04_bs16_modL1_fusion32_fusionL1_drop0p1_trmiss80_trlocclin,28,0.3794319232304891,0.6800926725069681,0.5963488843813388,0.710378214986285,0.5,0.0,0.0,0.0,0.0,2002,clin,0.8
5,1,lr1e-04_bs16_modL1_fusion32_fusionL1_drop0p1_trmiss80_trlocclin,16,0.0001,1,32,1,0.1,lr1e-04_bs16_modL1_fusion32_fusionL1_drop0p1_trmiss80_trlocclin,29,0.4303218126296997,0.6718102097511292,0.5943204868154158,0.6979143908205346,0.5652173913043478,0.0,0.0,0.0,0.0,2002,clin,0.8
5,1,lr1e-04_bs16_modL1_fusion32_fusionL1_drop0p1_trmiss80_trlocclin,16,0.0001,1,32,1,0.1,lr1e-04_bs16_modL1_fusion32_fusionL1_drop0p1_trmiss80_trlocclin,30,0.36627816160519916,0.6819220582644144,0.5862068965517242,0.6970416846788454,0.5434782608695652,0.0,0.0,0.0,0.0,2002,clin,0.8
5,1,lr1e-04_bs16_modL1_fusion32_fusionL1_drop0p1_trmiss80_trlocclin,16,0.0001,1,32,1,0.1,lr1e-04_bs16_modL1_fusion32_fusionL1_drop0p1_trmiss80_trlocclin,31,0.3878057276209195,0.6734075744946798,0.5862068965517241,0.7017986409771169,0.5652173913043478,0.0,0.0,0.0,0.0,2002,clin,0.8
5,1,lr1e-04_bs16_modL1_fusion64_fusionL1_drop0p2_trmiss80_trlocclin,16,0.0001,1,64,1,0.2,lr1e-04_bs16_modL1_fusion64_fusionL1_drop0p2_trmiss80_trlocclin,1,0.6946769108374914,0.6870164473851522,0.4888438133874239,0.6017972905617726,0.5869565217391305,0.0,0.0,0.0,0.0,2002,clin,0.8
5,1,lr1e-04_bs16_modL1_fusion64_fusionL1_drop0p2_trmiss80_trlocclin,16,0.0001,1,64,1,0.2,lr1e-04_bs16_modL1_fusion64_fusionL1_drop0p2_trmiss80_trlocclin,2,0.702193076411883,0.6961507399876913,0.4543610547667343,0.602228149163216,0.5,0.0,0.0,0.0,0.0,2002,clin,0.8
5,1,lr1e-04_bs16_modL1_fusion64_fusionL1_drop0p2_trmiss80_trlocclin,16,0.0001,1,64,1,0.2,lr1e-04_bs16_modL1_fusion64_fusionL1_drop0p2_trmiss80_trlocclin,3,0.6166263123353323,0.6960942546526591,0.49290060851926976,0.6234325773330546,0.4782608695652174,0.0,0.0,0.0,0.0,2002,clin,0.8
5,1,lr1e-04_bs16_modL1_fusion64_fusionL1_drop0p2_trmiss80_trlocclin,16,0.0001,1,64,1,0.2,lr1e-04_bs16_modL1_fusion64_fusionL1_drop0p2_trmiss80_trlocclin,4,0.6093167414267858,0.6912103295326233,0.5233265720081136,0.6396551206516865,0.5217391304347826,0.0,0.0,0.0,0.0,2002,clin,0.8
5,1,lr1e-04_bs16_modL1_fusion64_fusionL1_drop0p2_trmiss80_trlocclin,16,0.0001,1,64,1,0.2,lr1e-04_bs16_modL1_fusion64_fusionL1_drop0p2_trmiss80_trlocclin,5,0.6183794538180033,0.7037824789683024,0.460446247464503,0.5779519882743296,0.5652173913043478,0.0,0.0,0.0,0.0,2002,clin,0.8
5,1,lr1e-04_bs16_modL1_fusion64_fusionL1_drop0p2_trmiss80_trlocclin,16,0.0001,1,64,1,0.2,lr1e-04_bs16_modL1_fusion64_fusionL1_drop0p2_trmiss80_trlocclin,6,0.6148385206858317,0.7003870010375977,0.486815415821501,0.5916323032618249,0.5434782608695652,0.0,0.0,0.0,0.0,2002,clin,0.8
5,1,lr1e-04_bs16_modL1_fusion64_fusionL1_drop0p2_trmiss80_trlocclin,16,0.0001,1,64,1,0.2,lr1e-04_bs16_modL1_fusion64_fusionL1_drop0p2_trmiss80_trlocclin,7,0.579521968960762,0.6948933998743693,0.5172413793103448,0.6218064661251744,0.5434782608695652,0.0,0.0,0.0,0.0,2002,clin,0.8
5,1,lr1e-04_bs16_modL1_fusion64_fusionL1_drop0p2_trmiss80_trlocclin,16,0.0001,1,64,1,0.2,lr1e-04_bs16_modL1_fusion64_fusionL1_drop0p2_trmiss80_trlocclin,8,0.5833656986554464,0.683984657128652,0.5456389452332657,0.6366057218130146,0.5652173913043478,0.0,0.0,0.0,0.0,2002,clin,0.8
5,1,lr1e-04_bs16_modL1_fusion64_fusionL1_drop0p2_trmiss80_trlocclin,16,0.0001,1,64,1,0.2,lr1e-04_bs16_modL1_fusion64_fusionL1_drop0p2_trmiss80_trlocclin,9,0.5654837787151337,0.6825329462687174,0.54158215010142,0.6332444725643818,0.5869565217391305,0.0,0.0,0.0,0.0,2002,clin,0.8
5,1,lr1e-04_bs16_modL1_fusion64_fusionL1_drop0p2_trmiss80_trlocclin,16,0.0001,1,64,1,0.2,lr1e-04_bs16_modL1_fusion64_fusionL1_drop0p2_trmiss80_trlocclin,10,0.5477048605680466,0.6846970915794373,0.5557809330628802,0.6395301068253311,0.6086956521739131,0.0,0.0,0.0,0.0,2002,clin,0.8
5,1,lr1e-04_bs16_modL1_fusion64_fusionL1_drop0p2_trmiss80_trlocclin,16,0.0001,1,64,1,0.2,lr1e-04_bs16_modL1_fusion64_fusionL1_drop0p2_trmiss80_trlocclin,11,0.5567645877599716,0.6905785997708639,0.5294117647058822,0.62717422253198,0.5434782608695652,0.0,0.0,0.0,0.0,2002,clin,0.8
5,1,lr1e-04_bs16_modL1_fusion64_fusionL1_drop0p2_trmiss80_trlocclin,16,0.0001,1,64,1,0.2,lr1e-04_bs16_modL1_fusion64_fusionL1_drop0p2_trmiss80_trlocclin,12,0.5414737885197004,0.6859155297279358,0.5496957403651115,0.6346132783310927,0.6086956521739131,0.0,0.0,0.0,0.0,2002,clin,0.8
5,1,lr1e-04_bs16_modL1_fusion64_fusionL1_drop0p2_trmiss80_trlocclin,16,0.0001,1,64,1,0.2,lr1e-04_bs16_modL1_fusion64_fusionL1_drop0p2_trmiss80_trlocclin,13,0.5377087245384852,0.6919396718343099,0.5436105476673428,0.6359154100258162,0.5869565217391305,0.0,0.0,0.0,0.0,2002,clin,0.8
5,1,lr1e-04_bs16_modL1_fusion64_fusionL1_drop0p2_trmiss80_trlocclin,16,0.0001,1,64,1,0.2,lr1e-04_bs16_modL1_fusion64_fusionL1_drop0p2_trmiss80_trlocclin,14,0.5550827085971832,0.6905946334203085,0.5253549695740365,0.6205262768091125,0.6086956521739131,0.0,0.0,0.0,0.0,2002,clin,0.8
5,1,lr1e-04_bs16_modL1_fusion64_fusionL1_drop0p2_trmiss80_trlocclin,16,0.0001,1,64,1,0.2,lr1e-04_bs16_modL1_fusion64_fusionL1_drop0p2_trmiss80_trlocclin,15,0.5201241125663122,0.6925378839174906,0.5172413793103449,0.6131632755685328,0.5869565217391305,0.0,0.0,0.0,0.0,2002,clin,0.8
5,1,lr1e-04_bs16_modL1_fusion64_fusionL1_drop0p2_trmiss80_trlocclin,16,0.0001,1,64,1,0.2,lr1e-04_bs16_modL1_fusion64_fusionL1_drop0p2_trmiss80_trlocclin,16,0.5183799043297768,0.6862326264381409,0.5436105476673428,0.6321690745895578,0.6086956521739131,0.0,0.0,0.0,0.0,2002,clin,0.8
5,1,lr1e-04_bs16_modL1_fusion64_fusionL1_drop0p2_trmiss80_trlocclin,16,0.0001,1,64,1,0.2,lr1e-04_bs16_modL1_fusion64_fusionL1_drop0p2_trmiss80_trlocclin,17,0.5584686746199926,0.6853718161582947,0.5354969574036511,0.6353926734610014,0.5869565217391305,0.0,0.0,0.0,0.0,2002,clin,0.8
5,1,lr1e-04_bs16_modL1_fusion64_fusionL1_drop0p2_trmiss80_trlocclin,16,0.0001,1,64,1,0.2,lr1e-04_bs16_modL1_fusion64_fusionL1_drop0p2_trmiss80_trlocclin,18,0.5484044800202051,0.6857027610143026,0.5598377281947262,0.6456254339191432,0.6086956521739131,0.0,0.0,0.0,0.0,2002,clin,0.8
5,1,lr1e-04_bs16_modL1_fusion64_fusionL1_drop0p2_trmiss80_trlocclin,16,0.0001,1,64,1,0.2,lr1e-04_bs16_modL1_fusion64_fusionL1_drop0p2_trmiss80_trlocclin,19,0.5066063106060028,0.6895941495895386,0.5233265720081135,0.6249071987745329,0.5869565217391305,0.0,0.0,0.0,0.0,2002,clin,0.8
5,1,lr1e-04_bs16_modL1_fusion64_fusionL1_drop0p2_trmiss80_trlocclin,16,0.0001,1,64,1,0.2,lr1e-04_bs16_modL1_fusion64_fusionL1_drop0p2_trmiss80_trlocclin,20,0.5115746259689331,0.6894100109736124,0.5233265720081136,0.6300514902227758,0.6086956521739131,0.0,0.0,0.0,0.0,2002,clin,0.8
5,1,lr1e-04_bs16_modL1_fusion64_fusionL1_drop0p2_trmiss80_trlocclin,16,0.0001,1,64,1,0.2,lr1e-04_bs16_modL1_fusion64_fusionL1_drop0p2_trmiss80_trlocclin,21,0.49890028188625973,0.6900101900100708,0.5334685598377282,0.647762812361408,0.6304347826086957,0.0,0.0,0.0,0.0,2002,clin,0.8
5,1,lr1e-04_bs16_modL1_fusion64_fusionL1_drop0p2_trmiss80_trlocclin,16,0.0001,1,64,1,0.2,lr1e-04_bs16_modL1_fusion64_fusionL1_drop0p2_trmiss80_trlocclin,22,0.5110190883278847,0.6891665657361349,0.5476673427991887,0.6554020134070199,0.6304347826086957,0.0,0.0,0.0,0.0,2002,clin,0.8
5,1,lr1e-04_bs16_modL1_fusion64_fusionL1_drop0p2_trmiss80_trlocclin,16,0.0001,1,64,1,0.2,lr1e-04_bs16_modL1_fusion64_fusionL1_drop0p2_trmiss80_trlocclin,23,0.500119224190712,0.6879856983820597,0.5334685598377282,0.6311240927308019,0.6304347826086957,0.0,0.0,0.0,0.0,2002,clin,0.8
5,1,lr1e-04_bs16_modL1_fusion64_fusionL1_drop0p2_trmiss80_trlocclin,16,0.0001,1,64,1,0.2,lr1e-04_bs16_modL1_fusion64_fusionL1_drop0p2_trmiss80_trlocclin,24,0.5220445369680723,0.6917523940404257,0.537525354969574,0.6346959691576853,0.5869565217391305,0.0,0.0,0.0,0.0,2002,clin,0.8
5,1,lr1e-04_bs16_modL1_fusion64_fusionL1_drop0p2_trmiss80_trlocclin,16,0.0001,1,64,1,0.2,lr1e-04_bs16_modL1_fusion64_fusionL1_drop0p2_trmiss80_trlocclin,25,0.481219823161761,0.7034316857655843,0.5030425963488844,0.6142622194877057,0.5869565217391305,0.0,0.0,0.0,0.0,2002,clin,0.8
5,1,lr1e-04_bs16_modL1_fusion64_fusionL1_drop0p2_trmiss80_trlocclin,16,0.0001,1,64,1,0.2,lr1e-04_bs16_modL1_fusion64_fusionL1_drop0p2_trmiss80_trlocclin,26,0.49086014678080875,0.6962166031201681,0.5212981744421906,0.625370786807876,0.5869565217391305,0.0,0.0,0.0,0.0,2002,clin,0.8
5,1,lr1e-04_bs16_modL1_fusion64_fusionL1_drop0p2_trmiss80_trlocclin,16,0.0001,1,64,1,0.2,lr1e-04_bs16_modL1_fusion64_fusionL1_drop0p2_trmiss80_trlocclin,27,0.5036394447088242,0.6953033010164896,0.5172413793103448,0.6218284596811201,0.6086956521739131,0.0,0.0,0.0,0.0,2002,clin,0.8
5,1,lr1e-04_bs16_modL1_fusion64_fusionL1_drop0p2_trmiss80_trlocclin,16,0.0001,1,64,1,0.2,lr1e-04_bs16_modL1_fusion64_fusionL1_drop0p2_trmiss80_trlocclin,28,0.4893222749233246,0.6920062899589539,0.5314401622718052,0.6401541010355722,0.5869565217391305,0.0,0.0,0.0,0.0,2002,clin,0.8
5,1,lr1e-04_bs16_modL1_fusion64_fusionL1_drop0p2_trmiss80_trlocclin,16,0.0001,1,64,1,0.2,lr1e-04_bs16_modL1_fusion64_fusionL1_drop0p2_trmiss80_trlocclin,29,0.5061360225081444,0.6906406084696451,0.5537525354969575,0.6528759390234478,0.5869565217391305,0.0,0.0,0.0,0.0,2002,clin,0.8
5,1,lr1e-04_bs16_modL1_fusion64_fusionL1_drop0p2_trmiss80_trlocclin,16,0.0001,1,64,1,0.2,lr1e-04_bs16_modL1_fusion64_fusionL1_drop0p2_trmiss80_trlocclin,30,0.4841531539956729,0.689772347609202,0.539553752535497,0.642323732178449,0.6304347826086957,0.0,0.0,0.0,0.0,2002,clin,0.8
5,1,lr1e-04_bs16_modL1_fusion64_fusionL1_drop0p2_trmiss80_trlocclin,16,0.0001,1,64,1,0.2,lr1e-04_bs16_modL1_fusion64_fusionL1_drop0p2_trmiss80_trlocclin,31,0.47525926927725476,0.6973662575085958,0.5334685598377282,0.6327181917735905,0.6086956521739131,0.0,0.0,0.0,0.0,2002,clin,0.8
5,1,lr1e-04_bs16_modL1_fusion64_fusionL1_drop0p2_trmiss80_trlocclin,16,0.0001,1,64,1,0.2,lr1e-04_bs16_modL1_fusion64_fusionL1_drop0p2_trmiss80_trlocclin,32,0.4906896601120631,0.6938032309214274,0.5436105476673428,0.6441958967033691,0.5869565217391305,0.0,0.0,0.0,0.0,2002,clin,0.8
5,1,lr1e-04_bs16_modL1_fusion64_fusionL1_drop0p2_trmiss80_trlocclin,16,0.0001,1,64,1,0.2,lr1e-04_bs16_modL1_fusion64_fusionL1_drop0p2_trmiss80_trlocclin,33,0.4867490803201993,0.6891268491744995,0.5314401622718052,0.6420846408840291,0.5869565217391305,0.0,0.0,0.0,0.0,2002,clin,0.8
5,1,lr1e-04_bs16_modL1_fusion64_fusionL1_drop0p2_trmiss80_trlocclin,16,0.0001,1,64,1,0.2,lr1e-04_bs16_modL1_fusion64_fusionL1_drop0p2_trmiss80_trlocclin,34,0.4817313775420189,0.689903179804484,0.539553752535497,0.6653375589591423,0.5652173913043478,0.0,0.0,0.0,0.0,2002,clin,0.8
5,1,lr1e-04_bs16_modL1_fusion64_fusionL1_drop0p2_trmiss80_trlocclin,16,0.0001,1,64,1,0.2,lr1e-04_bs16_modL1_fusion64_fusionL1_drop0p2_trmiss80_trlocclin,35,0.48405499507983524,0.6913100481033325,0.5334685598377282,0.6577695382613038,0.5652173913043478,0.0,0.0,0.0,0.0,2002,clin,0.8
5,1,lr1e-04_bs16_modL1_fusion64_fusionL1_drop0p2_trmiss80_trlocclin,16,0.0001,1,64,1,0.2,lr1e-04_bs16_modL1_fusion64_fusionL1_drop0p2_trmiss80_trlocclin,36,0.48872263977924985,0.6929991245269775,0.539553752535497,0.6582309355910433,0.6086956521739131,0.0,0.0,0.0,0.0,2002,clin,0.8
5,1,lr1e-04_bs16_modL1_fusion64_fusionL1_drop0p2_trmiss80_trlocclin,16,0.0001,1,64,1,0.2,lr1e-04_bs16_modL1_fusion64_fusionL1_drop0p2_trmiss80_trlocclin,37,0.49630651374657947,0.6870570778846741,0.5294117647058824,0.6383741130916181,0.6086956521739131,0.0,0.0,0.0,0.0,2002,clin,0.8
5,1,lr1e-04_bs16_modL1_fusion64_fusionL1_drop0p2_trmiss80_trlocclin,16,0.0001,1,64,1,0.2,lr1e-04_bs16_modL1_fusion64_fusionL1_drop0p2_trmiss80_trlocclin,38,0.48885242889324826,0.6882662773132324,0.539553752535497,0.6458858801642319,0.6086956521739131,0.0,0.0,0.0,0.0,2002,clin,0.8
5,1,lr1e-04_bs16_modL1_fusion64_fusionL1_drop0p1_trmiss80_trlocclin,16,0.0001,1,64,1,0.1,lr1e-04_bs16_modL1_fusion64_fusionL1_drop0p1_trmiss80_trlocclin,1,0.6960840225219727,0.690627912680308,0.41784989858012167,0.5882037788332473,0.5652173913043478,0.0,0.0,0.0,0.0,2002,clin,0.8
5,1,lr1e-04_bs16_modL1_fusion64_fusionL1_drop0p1_trmiss80_trlocclin,16,0.0001,1,64,1,0.1,lr1e-04_bs16_modL1_fusion64_fusionL1_drop0p1_trmiss80_trlocclin,2,0.633540411790212,0.687161942323049,0.4401622718052739,0.5961254988972927,0.5652173913043478,0.0,0.0,0.0,0.0,2002,clin,0.8
5,1,lr1e-04_bs16_modL1_fusion64_fusionL1_drop0p1_trmiss80_trlocclin,16,0.0001,1,64,1,0.1,lr1e-04_bs16_modL1_fusion64_fusionL1_drop0p1_trmiss80_trlocclin,3,0.6288118461767832,0.6721923152605692,0.5010141987829615,0.6647288561547399,0.5652173913043478,0.0,0.0,0.0,0.0,2002,clin,0.8
5,1,lr1e-04_bs16_modL1_fusion64_fusionL1_drop0p1_trmiss80_trlocclin,16,0.0001,1,64,1,0.1,lr1e-04_bs16_modL1_fusion64_fusionL1_drop0p1_trmiss80_trlocclin,4,0.5922361438473066,0.6638938784599304,0.5192697768762677,0.6903433512008235,0.6086956521739131,0.0,0.0,0.0,0.0,2002,clin,0.8
5,1,lr1e-04_bs16_modL1_fusion64_fusionL1_drop0p1_trmiss80_trlocclin,16,0.0001,1,64,1,0.1,lr1e-04_bs16_modL1_fusion64_fusionL1_drop0p1_trmiss80_trlocclin,5,0.5968494042754173,0.6642711559931437,0.5152129817444219,0.6948409819044141,0.6304347826086957,0.0,0.0,0.0,0.0,2002,clin,0.8
5,1,lr1e-04_bs16_modL1_fusion64_fusionL1_drop0p1_trmiss80_trlocclin,16,0.0001,1,64,1,0.1,lr1e-04_bs16_modL1_fusion64_fusionL1_drop0p1_trmiss80_trlocclin,6,0.5564927607774734,0.6661499341328939,0.5212981744421907,0.7053593538587388,0.6086956521739131,0.0,0.0,0.0,0.0,2002,clin,0.8
5,1,lr1e-04_bs16_modL1_fusion64_fusionL1_drop0p1_trmiss80_trlocclin,16,0.0001,1,64,1,0.1,lr1e-04_bs16_modL1_fusion64_fusionL1_drop0p1_trmiss80_trlocclin,7,0.5566336338718733,0.6600916385650635,0.5537525354969574,0.7154438599406548,0.5652173913043478,0.0,0.0,0.0,0.0,2002,clin,0.8
5,1,lr1e-04_bs16_modL1_fusion64_fusionL1_drop0p1_trmiss80_trlocclin,16,0.0001,1,64,1,0.1,lr1e-04_bs16_modL1_fusion64_fusionL1_drop0p1_trmiss80_trlocclin,8,0.560863234102726,0.6411040822664896,0.6105476673427992,0.7501324533130431,0.6086956521739131,0.0,0.0,0.0,0.0,2002,clin,0.8
5,1,lr1e-04_bs16_modL1_fusion64_fusionL1_drop0p1_trmiss80_trlocclin,16,0.0001,1,64,1,0.1,lr1e-04_bs16_modL1_fusion64_fusionL1_drop0p1_trmiss80_trlocclin,9,0.5087841351826986,0.635964830716451,0.6389452332657201,0.7708215332290054,0.6739130434782609,0.0,0.0,0.0,0.0,2002,clin,0.8
5,1,lr1e-04_bs16_modL1_fusion64_fusionL1_drop0p1_trmiss80_trlocclin,16,0.0001,1,64,1,0.1,lr1e-04_bs16_modL1_fusion64_fusionL1_drop0p1_trmiss80_trlocclin,10,0.5054594998558363,0.6351318359375,0.6288032454361054,0.7595193068231372,0.6956521739130435,0.0,0.0,0.0,0.0,2002,clin,0.8
5,1,lr1e-04_bs16_modL1_fusion64_fusionL1_drop0p1_trmiss80_trlocclin,16,0.0001,1,64,1,0.1,lr1e-04_bs16_modL1_fusion64_fusionL1_drop0p1_trmiss80_trlocclin,11,0.49179919560750324,0.6356825232505798,0.6430020283975659,0.7566341100381425,0.6739130434782609,0.0,0.0,0.0,0.0,2002,clin,0.8
5,1,lr1e-04_bs16_modL1_fusion64_fusionL1_drop0p1_trmiss80_trlocclin,16,0.0001,1,64,1,0.1,lr1e-04_bs16_modL1_fusion64_fusionL1_drop0p1_trmiss80_trlocclin,12,0.47660568356513977,0.6413901050885519,0.6369168356997972,0.7584427658890552,0.6086956521739131,0.0,0.0,0.0,0.0,2002,clin,0.8
5,1,lr1e-04_bs16_modL1_fusion64_fusionL1_drop0p1_trmiss80_trlocclin,16,0.0001,1,64,1,0.1,lr1e-04_bs16_modL1_fusion64_fusionL1_drop0p1_trmiss80_trlocclin,13,0.4858124603827794,0.6465509732564291,0.5943204868154158,0.7353822381288474,0.6304347826086957,0.0,0.0,0.0,0.0,2002,clin,0.8
5,1,lr1e-04_bs16_modL1_fusion64_fusionL1_drop0p1_trmiss80_trlocclin,16,0.0001,1,64,1,0.1,lr1e-04_bs16_modL1_fusion64_fusionL1_drop0p1_trmiss80_trlocclin,14,0.4563792993625005,0.6579850316047668,0.5476673427991887,0.7100868254686638,0.5869565217391305,0.0,0.0,0.0,0.0,2002,clin,0.8
5,1,lr1e-04_bs16_modL1_fusion64_fusionL1_drop0p1_trmiss80_trlocclin,16,0.0001,1,64,1,0.1,lr1e-04_bs16_modL1_fusion64_fusionL1_drop0p1_trmiss80_trlocclin,15,0.45789286990960437,0.6401927669843038,0.6125760649087221,0.7397412345186404,0.5869565217391305,0.0,0.0,0.0,0.0,2002,clin,0.8
5,1,lr1e-04_bs16_modL1_fusion64_fusionL1_drop0p1_trmiss80_trlocclin,16,0.0001,1,64,1,0.1,lr1e-04_bs16_modL1_fusion64_fusionL1_drop0p1_trmiss80_trlocclin,16,0.41546638558308285,0.6510789394378662,0.588235294117647,0.7163190231753342,0.5869565217391305,0.0,0.0,0.0,0.0,2002,clin,0.8
5,1,lr1e-04_bs16_modL1_fusion64_fusionL1_drop0p1_trmiss80_trlocclin,16,0.0001,1,64,1,0.1,lr1e-04_bs16_modL1_fusion64_fusionL1_drop0p1_trmiss80_trlocclin,17,0.43333373963832855,0.6410391529401144,0.6186612576064909,0.7475801711002207,0.6086956521739131,0.0,0.0,0.0,0.0,2002,clin,0.8
5,1,lr1e-04_bs16_modL1_fusion64_fusionL1_drop0p1_trmiss80_trlocclin,16,0.0001,1,64,1,0.1,lr1e-04_bs16_modL1_fusion64_fusionL1_drop0p1_trmiss80_trlocclin,18,0.41464081158240634,0.6504966020584106,0.5943204868154158,0.7292647133280689,0.6086956521739131,0.0,0.0,0.0,0.0,2002,clin,0.8
5,1,lr1e-04_bs16_modL1_fusion64_fusionL1_drop0p1_trmiss80_trlocclin,16,0.0001,1,64,1,0.1,lr1e-04_bs16_modL1_fusion64_fusionL1_drop0p1_trmiss80_trlocclin,19,0.3922785197695096,0.6501784324645996,0.592292089249493,0.7363041365210908,0.6086956521739131,0.0,0.0,0.0,0.0,2002,clin,0.8
5,1,lr1e-04_bs16_modL1_fusion64_fusionL1_drop0p1_trmiss80_trlocclin,16,0.0001,1,64,1,0.1,lr1e-04_bs16_modL1_fusion64_fusionL1_drop0p1_trmiss80_trlocclin,20,0.4012860854466756,0.6540392438570658,0.5760649087221096,0.7323756456943702,0.6304347826086957,0.0,0.0,0.0,0.0,2002,clin,0.8
5,1,lr1e-04_bs16_modL1_fusion64_fusionL1_drop0p1_trmiss80_trlocclin,16,0.0001,1,64,1,0.1,lr1e-04_bs16_modL1_fusion64_fusionL1_drop0p1_trmiss80_trlocclin,21,0.3880515719453494,0.6535290678342184,0.5821501014198783,0.7302932994642731,0.6086956521739131,0.0,0.0,0.0,0.0,2002,clin,0.8
5,1,lr1e-04_bs16_modL1_fusion64_fusionL1_drop0p1_trmiss80_trlocclin,16,0.0001,1,64,1,0.1,lr1e-04_bs16_modL1_fusion64_fusionL1_drop0p1_trmiss80_trlocclin,22,0.37644413610299426,0.6472230156262716,0.5862068965517242,0.7448883283758534,0.5869565217391305,0.0,0.0,0.0,0.0,2002,clin,0.8
5,1,lr1e-04_bs16_modL1_fusion64_fusionL1_drop0p1_trmiss80_trlocclin,16,0.0001,1,64,1,0.1,lr1e-04_bs16_modL1_fusion64_fusionL1_drop0p1_trmiss80_trlocclin,23,0.3763020733992259,0.6513452331225077,0.5780933062880325,0.7291878957690385,0.5652173913043478,0.0,0.0,0.0,0.0,2002,clin,0.8
5,1,lr1e-04_bs16_modL1_fusion64_fusionL1_drop0p1_trmiss80_trlocclin,16,0.0001,1,64,1,0.1,lr1e-04_bs16_modL1_fusion64_fusionL1_drop0p1_trmiss80_trlocclin,24,0.3818688690662384,0.6515598893165588,0.59026369168357,0.7417899559643553,0.5652173913043478,0.0,0.0,0.0,0.0,2002,clin,0.8
5,1,lr1e-04_bs16_modL1_fusion64_fusionL1_drop0p1_trmiss80_trlocclin,16,0.0001,1,64,1,0.1,lr1e-04_bs16_modL1_fusion64_fusionL1_drop0p1_trmiss80_trlocclin,25,0.37041832009951275,0.6520021557807922,0.59026369168357,0.7466883241905196,0.6086956521739131,0.0,0.0,0.0,0.0,2002,clin,0.8
5,1,lr1e-04_bs16_modL1_fusion64_fusionL1_drop0p1_trmiss80_trlocclin,16,0.0001,1,64,1,0.1,lr1e-04_bs16_modL1_fusion64_fusionL1_drop0p1_trmiss80_trlocclin,26,0.37882819523413974,0.6497310400009155,0.5943204868154158,0.734513643899077,0.6304347826086957,0.0,0.0,0.0,0.0,2002,clin,0.8
5,1,lr1e-04_bs16_modL1_fusion64_fusionL1_drop0p1_trmiss80_trlocclin,16,0.0001,1,64,1,0.1,lr1e-04_bs16_modL1_fusion64_fusionL1_drop0p1_trmiss80_trlocclin,27,0.3579602614045143,0.6525585850079855,0.5841784989858012,0.7334178268821883,0.6521739130434783,0.0,0.0,0.0,0.0,2002,clin,0.8
5,1,lr1e-04_bs16_modL1_fusion64_fusionL1_drop0p1_trmiss80_trlocclin,16,0.0001,1,64,1,0.1,lr1e-04_bs16_modL1_fusion64_fusionL1_drop0p1_trmiss80_trlocclin,28,0.3602304557959239,0.6579226851463318,0.5720081135902637,0.7354761837833443,0.5869565217391305,0.0,0.0,0.0,0.0,2002,clin,0.8
5,1,lr1e-04_bs16_modL1_fusion64_fusionL1_drop0p1_trmiss80_trlocclin,16,0.0001,1,64,1,0.1,lr1e-04_bs16_modL1_fusion64_fusionL1_drop0p1_trmiss80_trlocclin,29,0.41087938596804935,0.6550104220708212,0.5638945233265721,0.7268516986231139,0.5869565217391305,0.0,0.0,0.0,0.0,2002,clin,0.8
5,1,lr1e-04_bs16_modL1_fusion64_fusionL1_drop0p1_trmiss80_trlocclin,16,0.0001,1,64,1,0.1,lr1e-04_bs16_modL1_fusion64_fusionL1_drop0p1_trmiss80_trlocclin,30,0.3470434720317523,0.6515127619107565,0.5740365111561867,0.72958050815612,0.5869565217391305,0.0,0.0,0.0,0.0,2002,clin,0.8
5,1,lr1e-04_bs16_modL1_fusion64_fusionL1_drop0p1_trmiss80_trlocclin,16,0.0001,1,64,1,0.1,lr1e-04_bs16_modL1_fusion64_fusionL1_drop0p1_trmiss80_trlocclin,31,0.3429174870252609,0.645033617814382,0.5821501014198783,0.7352993281518987,0.5652173913043478,0.0,0.0,0.0,0.0,2002,clin,0.8
5,1,lr5e-05_bs32_modL1_fusion32_fusionL1_drop0p2_trmiss80_trlocclin,32,5e-05,1,32,1,0.2,lr5e-05_bs32_modL1_fusion32_fusionL1_drop0p2_trmiss80_trlocclin,1,0.7927786509195963,0.6958833038806915,0.7058823529411764,0.8474998452590283,0.45652173913043476,0.0,0.0,0.0,0.0,2002,clin,0.8
5,1,lr5e-05_bs32_modL1_fusion32_fusionL1_drop0p2_trmiss80_trlocclin,32,5e-05,1,32,1,0.2,lr5e-05_bs32_modL1_fusion32_fusionL1_drop0p2_trmiss80_trlocclin,2,0.7440310517946879,0.6882796883583069,0.7484787018255579,0.8756362364569117,0.45652173913043476,0.0,0.0,0.0,0.0,2002,clin,0.8
5,1,lr5e-05_bs32_modL1_fusion32_fusionL1_drop0p2_trmiss80_trlocclin,32,5e-05,1,32,1,0.2,lr5e-05_bs32_modL1_fusion32_fusionL1_drop0p2_trmiss80_trlocclin,3,0.7355104883511862,0.679888129234314,0.77079107505071,0.8809688937112328,0.4782608695652174,0.0,0.0,0.0,0.0,2002,clin,0.8
5,1,lr5e-05_bs32_modL1_fusion32_fusionL1_drop0p2_trmiss80_trlocclin,32,5e-05,1,32,1,0.2,lr5e-05_bs32_modL1_fusion32_fusionL1_drop0p2_trmiss80_trlocclin,4,0.699070523182551,0.6731451749801636,0.7849898580121704,0.8884471549489992,0.4782608695652174,0.0,0.0,0.0,0.0,2002,clin,0.8
5,1,lr5e-05_bs32_modL1_fusion32_fusionL1_drop0p2_trmiss80_trlocclin,32,5e-05,1,32,1,0.2,lr5e-05_bs32_modL1_fusion32_fusionL1_drop0p2_trmiss80_trlocclin,5,0.6901717980702718,0.6699377000331879,0.7991886409736308,0.8955807987838109,0.4782608695652174,0.0,0.0,0.0,0.0,2002,clin,0.8
5,1,lr5e-05_bs32_modL1_fusion32_fusionL1_drop0p2_trmiss80_trlocclin,32,5e-05,1,32,1,0.2,lr5e-05_bs32_modL1_fusion32_fusionL1_drop0p2_trmiss80_trlocclin,6,0.6847282946109772,0.6726782619953156,0.7910750507099392,0.8844011977232324,0.4782608695652174,0.0,0.0,0.0,0.0,2002,clin,0.8
5,1,lr5e-05_bs32_modL1_fusion32_fusionL1_drop0p2_trmiss80_trlocclin,32,5e-05,1,32,1,0.2,lr5e-05_bs32_modL1_fusion32_fusionL1_drop0p2_trmiss80_trlocclin,7,0.6639371414979299,0.6826892495155334,0.7768762677484786,0.8730788576194284,0.45652173913043476,0.0,0.0,0.0,0.0,2002,clin,0.8
5,1,lr5e-05_bs32_modL1_fusion32_fusionL1_drop0p2_trmiss80_trlocclin,32,5e-05,1,32,1,0.2,lr5e-05_bs32_modL1_fusion32_fusionL1_drop0p2_trmiss80_trlocclin,8,0.6449438532193502,0.6817598342895508,0.7748478701825559,0.8686405013737668,0.5,0.0,0.0,0.0,0.0,2002,clin,0.8
5,1,lr5e-05_bs32_modL1_fusion32_fusionL1_drop0p2_trmiss80_trlocclin,32,5e-05,1,32,1,0.2,lr5e-05_bs32_modL1_fusion32_fusionL1_drop0p2_trmiss80_trlocclin,9,0.6560335159301758,0.6689329147338867,0.7991886409736308,0.8815317629170532,0.5217391304347826,0.0,0.0,0.0,0.0,2002,clin,0.8
5,1,lr5e-05_bs32_modL1_fusion32_fusionL1_drop0p2_trmiss80_trlocclin,32,5e-05,1,32,1,0.2,lr5e-05_bs32_modL1_fusion32_fusionL1_drop0p2_trmiss80_trlocclin,10,0.6241761744022369,0.6623124778270721,0.8093306288032454,0.8843709550811609,0.4782608695652174,0.0,0.0,0.0,0.0,2002,clin,0.8
5,1,lr5e-05_bs32_modL1_fusion32_fusionL1_drop0p2_trmiss80_trlocclin,32,5e-05,1,32,1,0.2,lr5e-05_bs32_modL1_fusion32_fusionL1_drop0p2_trmiss80_trlocclin,11,0.6135718027750651,0.6671769917011261,0.8012170385395537,0.8766310972202067,0.45652173913043476,0.0,0.0,0.0,0.0,2002,clin,0.8
5,1,lr5e-05_bs32_modL1_fusion32_fusionL1_drop0p2_trmiss80_trlocclin,32,5e-05,1,32,1,0.2,lr5e-05_bs32_modL1_fusion32_fusionL1_drop0p2_trmiss80_trlocclin,12,0.5897378027439117,0.6715607643127441,0.7789046653144016,0.8652375045145757,0.45652173913043476,0.0,0.0,0.0,0.0,2002,clin,0.8
5,1,lr5e-05_bs32_modL1_fusion32_fusionL1_drop0p2_trmiss80_trlocclin,32,5e-05,1,32,1,0.2,lr5e-05_bs32_modL1_fusion32_fusionL1_drop0p2_trmiss80_trlocclin,13,0.591149240732193,0.6772185862064362,0.7707910750507099,0.8640096751929063,0.4782608695652174,0.0,0.0,0.0,0.0,2002,clin,0.8
5,1,lr5e-05_bs32_modL1_fusion32_fusionL1_drop0p2_trmiss80_trlocclin,32,5e-05,1,32,1,0.2,lr5e-05_bs32_modL1_fusion32_fusionL1_drop0p2_trmiss80_trlocclin,14,0.5747935672601064,0.6726005673408508,0.772819472616633,0.8664287420973169,0.4782608695652174,0.0,0.0,0.0,0.0,2002,clin,0.8
5,1,lr5e-05_bs32_modL1_fusion32_fusionL1_drop0p2_trmiss80_trlocclin,32,5e-05,1,32,1,0.2,lr5e-05_bs32_modL1_fusion32_fusionL1_drop0p2_trmiss80_trlocclin,15,0.5869691173235575,0.6743530333042145,0.7687626774847871,0.8583867113281369,0.4782608695652174,0.0,0.0,0.0,0.0,2002,clin,0.8
5,1,lr5e-05_bs32_modL1_fusion32_fusionL1_drop0p2_trmiss80_trlocclin,32,5e-05,1,32,1,0.2,lr5e-05_bs32_modL1_fusion32_fusionL1_drop0p2_trmiss80_trlocclin,16,0.5606377969185511,0.6705245673656464,0.768762677484787,0.8594035203104313,0.4782608695652174,0.0,0.0,0.0,0.0,2002,clin,0.8
5,1,lr5e-05_bs32_modL1_fusion32_fusionL1_drop0p2_trmiss80_trlocclin,32,5e-05,1,32,1,0.2,lr5e-05_bs32_modL1_fusion32_fusionL1_drop0p2_trmiss80_trlocclin,17,0.5722209811210632,0.6704407930374146,0.7667342799188641,0.857443018643798,0.4782608695652174,0.0,0.0,0.0,0.0,2002,clin,0.8
5,1,lr5e-05_bs32_modL1_fusion32_fusionL1_drop0p2_trmiss80_trlocclin,32,5e-05,1,32,1,0.2,lr5e-05_bs32_modL1_fusion32_fusionL1_drop0p2_trmiss80_trlocclin,18,0.5729808111985525,0.6650073528289795,0.7647058823529412,0.85721212028867,0.4782608695652174,0.0,0.0,0.0,0.0,2002,clin,0.8
5,1,lr5e-05_bs32_modL1_fusion32_fusionL1_drop0p2_trmiss80_trlocclin,32,5e-05,1,32,1,0.2,lr5e-05_bs32_modL1_fusion32_fusionL1_drop0p2_trmiss80_trlocclin,19,0.5680385927359263,0.6636976003646851,0.7748478701825559,0.862617250333714,0.5,0.0,0.0,0.0,0.0,2002,clin,0.8
5,1,lr5e-05_bs32_modL1_fusion32_fusionL1_drop0p2_trmiss80_trlocclin,32,5e-05,1,32,1,0.2,lr5e-05_bs32_modL1_fusion32_fusionL1_drop0p2_trmiss80_trlocclin,20,0.5447776913642883,0.6637997925281525,0.7728194726166329,0.85905608262555,0.4782608695652174,0.0,0.0,0.0,0.0,2002,clin,0.8
5,1,lr5e-05_bs32_modL1_fusion32_fusionL1_drop0p2_trmiss80_trlocclin,32,5e-05,1,32,1,0.2,lr5e-05_bs32_modL1_fusion32_fusionL1_drop0p2_trmiss80_trlocclin,21,0.5618284444014231,0.6663881242275238,0.768762677484787,0.8574328504783693,0.4782608695652174,0.0,0.0,0.0,0.0,2002,clin,0.8
5,1,lr5e-05_bs32_modL1_fusion32_fusionL1_drop0p2_trmiss80_trlocclin,32,5e-05,1,32,1,0.2,lr5e-05_bs32_modL1_fusion32_fusionL1_drop0p2_trmiss80_trlocclin,22,0.5439933141072592,0.6695255935192108,0.7525354969574037,0.8455952540988374,0.4782608695652174,0.0,0.0,0.0,0.0,2002,clin,0.8
5,1,lr5e-05_bs32_modL1_fusion32_fusionL1_drop0p2_trmiss80_trlocclin,32,5e-05,1,32,1,0.2,lr5e-05_bs32_modL1_fusion32_fusionL1_drop0p2_trmiss80_trlocclin,23,0.5427883664766947,0.6684450805187225,0.7525354969574035,0.8454343570659428,0.4782608695652174,0.0,0.0,0.0,0.0,2002,clin,0.8
5,1,lr5e-05_bs32_modL1_fusion32_fusionL1_drop0p2_trmiss80_trlocclin,32,5e-05,1,32,1,0.2,lr5e-05_bs32_modL1_fusion32_fusionL1_drop0p2_trmiss80_trlocclin,24,0.5455814401308695,0.6683065295219421,0.7525354969574036,0.8396425985096184,0.4782608695652174,0.0,0.0,0.0,0.0,2002,clin,0.8
5,1,lr5e-05_bs32_modL1_fusion32_fusionL1_drop0p2_trmiss80_trlocclin,32,5e-05,1,32,1,0.2,lr5e-05_bs32_modL1_fusion32_fusionL1_drop0p2_trmiss80_trlocclin,25,0.5370920201142629,0.6728851497173309,0.7505070993914807,0.837417473795738,0.4782608695652174,0.0,0.0,0.0,0.0,2002,clin,0.8
5,1,lr5e-05_bs32_modL1_fusion32_fusionL1_drop0p2_trmiss80_trlocclin,32,5e-05,1,32,1,0.2,lr5e-05_bs32_modL1_fusion32_fusionL1_drop0p2_trmiss80_trlocclin,26,0.5539993097384771,0.6707176268100739,0.740365111561866,0.8329792399556534,0.4782608695652174,0.0,0.0,0.0,0.0,2002,clin,0.8
5,1,lr5e-05_bs32_modL1_fusion32_fusionL1_drop0p2_trmiss80_trlocclin,32,5e-05,1,32,1,0.2,lr5e-05_bs32_modL1_fusion32_fusionL1_drop0p2_trmiss80_trlocclin,27,0.5316650420427322,0.6735513210296631,0.7342799188640973,0.8293470112980134,0.4782608695652174,0.0,0.0,0.0,0.0,2002,clin,0.8
5,1,lr5e-05_bs32_modL1_fusion32_fusionL1_drop0p2_trmiss80_trlocclin,32,5e-05,1,32,1,0.2,lr5e-05_bs32_modL1_fusion32_fusionL1_drop0p2_trmiss80_trlocclin,28,0.5228019058704376,0.6695307195186615,0.7363083164300203,0.8266904388293521,0.5,0.0,0.0,0.0,0.0,2002,clin,0.8
5,1,lr5e-05_bs32_modL1_fusion32_fusionL1_drop0p2_trmiss80_trlocclin,32,5e-05,1,32,1,0.2,lr5e-05_bs32_modL1_fusion32_fusionL1_drop0p2_trmiss80_trlocclin,29,0.5290263295173645,0.6726338565349579,0.744421906693712,0.8301000785473083,0.5,0.0,0.0,0.0,0.0,2002,clin,0.8
5,1,lr5e-05_bs32_modL1_fusion32_fusionL1_drop0p2_trmiss80_trlocclin,32,5e-05,1,32,1,0.2,lr5e-05_bs32_modL1_fusion32_fusionL1_drop0p2_trmiss80_trlocclin,30,0.5168484548727671,0.6694976389408112,0.7383367139959433,0.8278833297788353,0.5,0.0,0.0,0.0,0.0,2002,clin,0.8
5,1,lr5e-05_bs32_modL1_fusion32_fusionL1_drop0p1_trmiss80_trlocclin,32,5e-05,1,32,1,0.1,lr5e-05_bs32_modL1_fusion32_fusionL1_drop0p1_trmiss80_trlocclin,1,0.7059884568055471,0.6788212954998016,0.5517241379310345,0.7015109445910989,0.6521739130434783,0.0,0.0,0.0,0.0,2002,clin,0.8
5,1,lr5e-05_bs32_modL1_fusion32_fusionL1_drop0p1_trmiss80_trlocclin,32,5e-05,1,32,1,0.1,lr5e-05_bs32_modL1_fusion32_fusionL1_drop0p1_trmiss80_trlocclin,2,0.692916731039683,0.6745316088199615,0.5943204868154158,0.7399707642385381,0.6086956521739131,0.0,0.0,0.0,0.0,2002,clin,0.8
5,1,lr5e-05_bs32_modL1_fusion32_fusionL1_drop0p1_trmiss80_trlocclin,32,5e-05,1,32,1,0.1,lr5e-05_bs32_modL1_fusion32_fusionL1_drop0p1_trmiss80_trlocclin,3,0.6572136580944061,0.6703948080539703,0.6430020283975659,0.7668560218067266,0.5652173913043478,0.0,0.0,0.0,0.0,2002,clin,0.8
5,1,lr5e-05_bs32_modL1_fusion32_fusionL1_drop0p1_trmiss80_trlocclin,32,5e-05,1,32,1,0.1,lr5e-05_bs32_modL1_fusion32_fusionL1_drop0p1_trmiss80_trlocclin,4,0.645545244216919,0.6688356399536133,0.6409736308316429,0.7620013570500962,0.5217391304347826,0.0,0.0,0.0,0.0,2002,clin,0.8
5,1,lr5e-05_bs32_modL1_fusion32_fusionL1_drop0p1_trmiss80_trlocclin,32,5e-05,1,32,1,0.1,lr5e-05_bs32_modL1_fusion32_fusionL1_drop0p1_trmiss80_trlocclin,5,0.6390078961849213,0.6691442131996155,0.6430020283975659,0.765873252528821,0.5434782608695652,0.0,0.0,0.0,0.0,2002,clin,0.8
5,1,lr5e-05_bs32_modL1_fusion32_fusionL1_drop0p1_trmiss80_trlocclin,32,5e-05,1,32,1,0.1,lr5e-05_bs32_modL1_fusion32_fusionL1_drop0p1_trmiss80_trlocclin,6,0.6214262545108795,0.6689746677875519,0.6369168356997972,0.7489976426921344,0.5434782608695652,0.0,0.0,0.0,0.0,2002,clin,0.8
5,1,lr5e-05_bs32_modL1_fusion32_fusionL1_drop0p1_trmiss80_trlocclin,32,5e-05,1,32,1,0.1,lr5e-05_bs32_modL1_fusion32_fusionL1_drop0p1_trmiss80_trlocclin,7,0.6032794217268626,0.6657568216323853,0.6572008113590264,0.7642877059881167,0.5217391304347826,0.0,0.0,0.0,0.0,2002,clin,0.8
5,1,lr5e-05_bs32_modL1_fusion32_fusionL1_drop0p1_trmiss80_trlocclin,32,5e-05,1,32,1,0.1,lr5e-05_bs32_modL1_fusion32_fusionL1_drop0p1_trmiss80_trlocclin,8,0.5976701577504476,0.6652570962905884,0.665314401622718,0.7677612010342317,0.5217391304347826,0.0,0.0,0.0,0.0,2002,clin,0.8
5,1,lr5e-05_bs32_modL1_fusion32_fusionL1_drop0p1_trmiss80_trlocclin,32,5e-05,1,32,1,0.1,lr5e-05_bs32_modL1_fusion32_fusionL1_drop0p1_trmiss80_trlocclin,9,0.5782709320386251,0.665839821100235,0.6511156186612576,0.7623355802406554,0.5217391304347826,0.0,0.0,0.0,0.0,2002,clin,0.8
5,1,lr5e-05_bs32_modL1_fusion32_fusionL1_drop0p1_trmiss80_trlocclin,32,5e-05,1,32,1,0.1,lr5e-05_bs32_modL1_fusion32_fusionL1_drop0p1_trmiss80_trlocclin,10,0.5852678815523783,0.6689548492431641,0.6308316430020284,0.7476050033573082,0.5,0.0,0.0,0.0,0.0,2002,clin,0.8
5,1,lr5e-05_bs32_modL1_fusion32_fusionL1_drop0p1_trmiss80_trlocclin,32,5e-05,1,32,1,0.1,lr5e-05_bs32_modL1_fusion32_fusionL1_drop0p1_trmiss80_trlocclin,11,0.5580354928970337,0.6661591231822968,0.6409736308316429,0.756025545736388,0.5434782608695652,0.0,0.0,0.0,0.0,2002,clin,0.8
5,1,lr5e-05_bs32_modL1_fusion32_fusionL1_drop0p1_trmiss80_trlocclin,32,5e-05,1,32,1,0.1,lr5e-05_bs32_modL1_fusion32_fusionL1_drop0p1_trmiss80_trlocclin,12,0.5547320346037546,0.664778858423233,0.6328600405679513,0.7521058607314298,0.5217391304347826,0.0,0.0,0.0,0.0,2002,clin,0.8
5,1,lr5e-05_bs32_modL1_fusion32_fusionL1_drop0p1_trmiss80_trlocclin,32,5e-05,1,32,1,0.1,lr5e-05_bs32_modL1_fusion32_fusionL1_drop0p1_trmiss80_trlocclin,13,0.550357590119044,0.6663625240325928,0.6308316430020284,0.7469940995923796,0.5,0.0,0.0,0.0,0.0,2002,clin,0.8
5,1,lr5e-05_bs32_modL1_fusion32_fusionL1_drop0p1_trmiss80_trlocclin,32,5e-05,1,32,1,0.1,lr5e-05_bs32_modL1_fusion32_fusionL1_drop0p1_trmiss80_trlocclin,14,0.5338458170493444,0.6636168360710144,0.6470588235294118,0.7525933809232018,0.5,0.0,0.0,0.0,0.0,2002,clin,0.8
5,1,lr5e-05_bs32_modL1_fusion32_fusionL1_drop0p1_trmiss80_trlocclin,32,5e-05,1,32,1,0.1,lr5e-05_bs32_modL1_fusion32_fusionL1_drop0p1_trmiss80_trlocclin,15,0.5402568976084391,0.6637990474700928,0.6470588235294117,0.7612773772387771,0.5,0.0,0.0,0.0,0.0,2002,clin,0.8
5,1,lr5e-05_bs32_modL1_fusion32_fusionL1_drop0p1_trmiss80_trlocclin,32,5e-05,1,32,1,0.1,lr5e-05_bs32_modL1_fusion32_fusionL1_drop0p1_trmiss80_trlocclin,16,0.5160339971383413,0.6644795835018158,0.6389452332657201,0.7519558150249093,0.45652173913043476,0.0,0.0,0.0,0.0,2002,clin,0.8
5,1,lr5e-05_bs32_modL1_fusion32_fusionL1_drop0p1_trmiss80_trlocclin,32,5e-05,1,32,1,0.1,lr5e-05_bs32_modL1_fusion32_fusionL1_drop0p1_trmiss80_trlocclin,17,0.49571959177652997,0.6623230278491974,0.6247464503042597,0.7346741187836489,0.4782608695652174,0.0,0.0,0.0,0.0,2002,clin,0.8
5,1,lr5e-05_bs32_modL1_fusion32_fusionL1_drop0p1_trmiss80_trlocclin,32,5e-05,1,32,1,0.1,lr5e-05_bs32_modL1_fusion32_fusionL1_drop0p1_trmiss80_trlocclin,18,0.49850257237752277,0.6632466614246368,0.6186612576064909,0.7300239371899536,0.5,0.0,0.0,0.0,0.0,2002,clin,0.8
5,1,lr5e-05_bs32_modL1_fusion32_fusionL1_drop0p1_trmiss80_trlocclin,32,5e-05,1,32,1,0.1,lr5e-05_bs32_modL1_fusion32_fusionL1_drop0p1_trmiss80_trlocclin,19,0.4966579129298528,0.6603778898715973,0.6308316430020284,0.7396900586816214,0.5217391304347826,0.0,0.0,0.0,0.0,2002,clin,0.8
5,1,lr5e-05_bs32_modL1_fusion32_fusionL1_drop0p1_trmiss80_trlocclin,32,5e-05,1,32,1,0.1,lr5e-05_bs32_modL1_fusion32_fusionL1_drop0p1_trmiss80_trlocclin,20,0.49838871757189435,0.6608707010746002,0.6348884381338742,0.7481674827621163,0.45652173913043476,0.0,0.0,0.0,0.0,2002,clin,0.8
5,1,lr5e-05_bs32_modL1_fusion32_fusionL1_drop0p1_trmiss80_trlocclin,32,5e-05,1,32,1,0.1,lr5e-05_bs32_modL1_fusion32_fusionL1_drop0p1_trmiss80_trlocclin,21,0.4915035218000412,0.6637096405029297,0.6288032454361054,0.7404790835884613,0.43478260869565216,0.0,0.0,0.0,0.0,2002,clin,0.8
5,1,lr5e-05_bs32_modL1_fusion32_fusionL1_drop0p1_trmiss80_trlocclin,32,5e-05,1,32,1,0.1,lr5e-05_bs32_modL1_fusion32_fusionL1_drop0p1_trmiss80_trlocclin,22,0.4859635631243388,0.6582760512828827,0.6267748478701826,0.7447959454835109,0.45652173913043476,0.0,0.0,0.0,0.0,2002,clin,0.8
5,1,lr5e-05_bs32_modL1_fusion32_fusionL1_drop0p1_trmiss80_trlocclin,32,5e-05,1,32,1,0.1,lr5e-05_bs32_modL1_fusion32_fusionL1_drop0p1_trmiss80_trlocclin,23,0.47521331906318665,0.6515898704528809,0.6673427991886409,0.7673014459862364,0.5,0.0,0.0,0.0,0.0,2002,clin,0.8
5,1,lr5e-05_bs32_modL1_fusion32_fusionL1_drop0p1_trmiss80_trlocclin,32,5e-05,1,32,1,0.1,lr5e-05_bs32_modL1_fusion32_fusionL1_drop0p1_trmiss80_trlocclin,24,0.47334905962149304,0.6502857506275177,0.6713995943204869,0.7670210288994012,0.5652173913043478,0.0,0.0,0.0,0.0,2002,clin,0.8
5,1,lr5e-05_bs32_modL1_fusion32_fusionL1_drop0p1_trmiss80_trlocclin,32,5e-05,1,32,1,0.1,lr5e-05_bs32_modL1_fusion32_fusionL1_drop0p1_trmiss80_trlocclin,25,0.46725982427597046,0.6531782150268555,0.6693711967545639,0.7577850443472974,0.5434782608695652,0.0,0.0,0.0,0.0,2002,clin,0.8
5,1,lr5e-05_bs32_modL1_fusion32_fusionL1_drop0p1_trmiss80_trlocclin,32,5e-05,1,32,1,0.1,lr5e-05_bs32_modL1_fusion32_fusionL1_drop0p1_trmiss80_trlocclin,26,0.4612078070640564,0.6514675319194794,0.6673427991886409,0.7554023005041073,0.5652173913043478,0.0,0.0,0.0,0.0,2002,clin,0.8
5,1,lr5e-05_bs32_modL1_fusion32_fusionL1_drop0p1_trmiss80_trlocclin,32,5e-05,1,32,1,0.1,lr5e-05_bs32_modL1_fusion32_fusionL1_drop0p1_trmiss80_trlocclin,27,0.45659612119197845,0.6526737809181213,0.6592292089249493,0.7533922552198011,0.5,0.0,0.0,0.0,0.0,2002,clin,0.8
5,1,lr5e-05_bs32_modL1_fusion32_fusionL1_drop0p1_trmiss80_trlocclin,32,5e-05,1,32,1,0.1,lr5e-05_bs32_modL1_fusion32_fusionL1_drop0p1_trmiss80_trlocclin,28,0.45391208430131275,0.6461247205734253,0.6734279918864098,0.7609139238923186,0.5652173913043478,0.0,0.0,0.0,0.0,2002,clin,0.8
5,1,lr5e-05_bs32_modL1_fusion32_fusionL1_drop0p1_trmiss80_trlocclin,32,5e-05,1,32,1,0.1,lr5e-05_bs32_modL1_fusion32_fusionL1_drop0p1_trmiss80_trlocclin,29,0.4462195932865143,0.6393330097198486,0.6957403651115619,0.7817498149185726,0.5652173913043478,0.0,0.0,0.0,0.0,2002,clin,0.8
5,1,lr5e-05_bs32_modL1_fusion32_fusionL1_drop0p1_trmiss80_trlocclin,32,5e-05,1,32,1,0.1,lr5e-05_bs32_modL1_fusion32_fusionL1_drop0p1_trmiss80_trlocclin,30,0.4319844792286555,0.6461811363697052,0.6754563894523327,0.7595337101807706,0.5434782608695652,0.0,0.0,0.0,0.0,2002,clin,0.8
5,1,lr5e-05_bs32_modL1_fusion32_fusionL1_drop0p1_trmiss80_trlocclin,32,5e-05,1,32,1,0.1,lr5e-05_bs32_modL1_fusion32_fusionL1_drop0p1_trmiss80_trlocclin,31,0.4413275470336278,0.6567497551441193,0.6551724137931034,0.7439092296422293,0.5434782608695652,0.0,0.0,0.0,0.0,2002,clin,0.8
5,1,lr5e-05_bs32_modL1_fusion32_fusionL1_drop0p1_trmiss80_trlocclin,32,5e-05,1,32,1,0.1,lr5e-05_bs32_modL1_fusion32_fusionL1_drop0p1_trmiss80_trlocclin,32,0.4392164995272954,0.6553815305233002,0.6632860040567952,0.7456512071298286,0.5652173913043478,0.0,0.0,0.0,0.0,2002,clin,0.8
5,1,lr5e-05_bs32_modL1_fusion32_fusionL1_drop0p1_trmiss80_trlocclin,32,5e-05,1,32,1,0.1,lr5e-05_bs32_modL1_fusion32_fusionL1_drop0p1_trmiss80_trlocclin,33,0.43110114832719165,0.653154045343399,0.6754563894523327,0.7597797391019356,0.5434782608695652,0.0,0.0,0.0,0.0,2002,clin,0.8
5,1,lr5e-05_bs32_modL1_fusion32_fusionL1_drop0p1_trmiss80_trlocclin,32,5e-05,1,32,1,0.1,lr5e-05_bs32_modL1_fusion32_fusionL1_drop0p1_trmiss80_trlocclin,34,0.4148998260498047,0.6563242673873901,0.6632860040567952,0.7489505196295377,0.5652173913043478,0.0,0.0,0.0,0.0,2002,clin,0.8
5,1,lr5e-05_bs32_modL1_fusion32_fusionL1_drop0p1_trmiss80_trlocclin,32,5e-05,1,32,1,0.1,lr5e-05_bs32_modL1_fusion32_fusionL1_drop0p1_trmiss80_trlocclin,35,0.4221925536791484,0.657368928194046,0.6632860040567952,0.7575809510397558,0.5652173913043478,0.0,0.0,0.0,0.0,2002,clin,0.8
5,1,lr5e-05_bs32_modL1_fusion32_fusionL1_drop0p1_trmiss80_trlocclin,32,5e-05,1,32,1,0.1,lr5e-05_bs32_modL1_fusion32_fusionL1_drop0p1_trmiss80_trlocclin,36,0.4157031675179799,0.6517561674118042,0.6713995943204869,0.7612962240666964,0.5869565217391305,0.0,0.0,0.0,0.0,2002,clin,0.8
5,1,lr5e-05_bs32_modL1_fusion32_fusionL1_drop0p1_trmiss80_trlocclin,32,5e-05,1,32,1,0.1,lr5e-05_bs32_modL1_fusion32_fusionL1_drop0p1_trmiss80_trlocclin,37,0.41808466116587323,0.6502569615840912,0.6815415821501014,0.7650230719314753,0.5869565217391305,0.0,0.0,0.0,0.0,2002,clin,0.8
5,1,lr5e-05_bs32_modL1_fusion32_fusionL1_drop0p1_trmiss80_trlocclin,32,5e-05,1,32,1,0.1,lr5e-05_bs32_modL1_fusion32_fusionL1_drop0p1_trmiss80_trlocclin,38,0.4055098444223404,0.6521381139755249,0.6774847870182555,0.7538945452857074,0.5869565217391305,0.0,0.0,0.0,0.0,2002,clin,0.8
5,1,lr5e-05_bs32_modL1_fusion32_fusionL1_drop0p1_trmiss80_trlocclin,32,5e-05,1,32,1,0.1,lr5e-05_bs32_modL1_fusion32_fusionL1_drop0p1_trmiss80_trlocclin,39,0.42006634175777435,0.6528564691543579,0.6774847870182557,0.7578570145551841,0.5869565217391305,0.0,0.0,0.0,0.0,2002,clin,0.8
5,1,lr5e-05_bs32_modL1_fusion32_fusionL1_drop0p1_trmiss80_trlocclin,32,5e-05,1,32,1,0.1,lr5e-05_bs32_modL1_fusion32_fusionL1_drop0p1_trmiss80_trlocclin,40,0.409541775782903,0.6525594592094421,0.6653144016227182,0.7459667467480667,0.5869565217391305,0.0,0.0,0.0,0.0,2002,clin,0.8
5,1,lr5e-05_bs32_modL1_fusion32_fusionL1_drop0p1_trmiss80_trlocclin,32,5e-05,1,32,1,0.1,lr5e-05_bs32_modL1_fusion32_fusionL1_drop0p1_trmiss80_trlocclin,41,0.4089110990365346,0.6539334952831268,0.6673427991886409,0.7478614038151375,0.5869565217391305,0.0,0.0,0.0,0.0,2002,clin,0.8
5,1,lr5e-05_bs32_modL1_fusion32_fusionL1_drop0p1_trmiss80_trlocclin,32,5e-05,1,32,1,0.1,lr5e-05_bs32_modL1_fusion32_fusionL1_drop0p1_trmiss80_trlocclin,42,0.4122683008511861,0.6560071110725403,0.6632860040567952,0.7597046425409757,0.5869565217391305,0.0,0.0,0.0,0.0,2002,clin,0.8
5,1,lr5e-05_bs32_modL1_fusion32_fusionL1_drop0p1_trmiss80_trlocclin,32,5e-05,1,32,1,0.1,lr5e-05_bs32_modL1_fusion32_fusionL1_drop0p1_trmiss80_trlocclin,43,0.40017955005168915,0.6583136916160583,0.6551724137931034,0.7545939454475199,0.5869565217391305,0.0,0.0,0.0,0.0,2002,clin,0.8
5,1,lr5e-05_bs32_modL1_fusion32_fusionL1_drop0p1_trmiss80_trlocclin,32,5e-05,1,32,1,0.1,lr5e-05_bs32_modL1_fusion32_fusionL1_drop0p1_trmiss80_trlocclin,44,0.3947159896294276,0.6575981378555298,0.6551724137931034,0.7409994104266292,0.5869565217391305,0.0,0.0,0.0,0.0,2002,clin,0.8
5,1,lr5e-05_bs32_modL1_fusion32_fusionL1_drop0p1_trmiss80_trlocclin,32,5e-05,1,32,1,0.1,lr5e-05_bs32_modL1_fusion32_fusionL1_drop0p1_trmiss80_trlocclin,45,0.39464667936166126,0.6606620848178864,0.6531440162271805,0.7337185271460239,0.5652173913043478,0.0,0.0,0.0,0.0,2002,clin,0.8
5,1,lr5e-05_bs32_modL1_fusion32_fusionL1_drop0p1_trmiss80_trlocclin,32,5e-05,1,32,1,0.1,lr5e-05_bs32_modL1_fusion32_fusionL1_drop0p1_trmiss80_trlocclin,46,0.4031149248282115,0.6580552458763123,0.6531440162271804,0.7333711733503944,0.6086956521739131,0.0,0.0,0.0,0.0,2002,clin,0.8
5,1,lr5e-05_bs32_modL1_fusion32_fusionL1_drop0p1_trmiss80_trlocclin,32,5e-05,1,32,1,0.1,lr5e-05_bs32_modL1_fusion32_fusionL1_drop0p1_trmiss80_trlocclin,47,0.39760716756184894,0.6562958359718323,0.6592292089249494,0.7397295850536335,0.6086956521739131,0.0,0.0,0.0,0.0,2002,clin,0.8
5,1,lr5e-05_bs32_modL1_fusion32_fusionL1_drop0p1_trmiss80_trlocclin,32,5e-05,1,32,1,0.1,lr5e-05_bs32_modL1_fusion32_fusionL1_drop0p1_trmiss80_trlocclin,48,0.3973066012064616,0.6563012897968292,0.6592292089249494,0.7397295850536335,0.6086956521739131,0.0,0.0,0.0,0.0,2002,clin,0.8
5,1,lr5e-05_bs32_modL1_fusion32_fusionL1_drop0p1_trmiss80_trlocclin,32,5e-05,1,32,1,0.1,lr5e-05_bs32_modL1_fusion32_fusionL1_drop0p1_trmiss80_trlocclin,49,0.38469206790129346,0.6570273041725159,0.6592292089249494,0.7397295850536335,0.6086956521739131,0.0,0.0,0.0,0.0,2002,clin,0.8
5,1,lr5e-05_bs32_modL1_fusion64_fusionL1_drop0p2_trmiss80_trlocclin,32,5e-05,1,64,1,0.2,lr5e-05_bs32_modL1_fusion64_fusionL1_drop0p2_trmiss80_trlocclin,1,0.7386366526285807,0.6927110850811005,0.5780933062880323,0.76745497950753,0.5434782608695652,0.0,0.0,0.0,0.0,2002,clin,0.8
5,1,lr5e-05_bs32_modL1_fusion64_fusionL1_drop0p2_trmiss80_trlocclin,32,5e-05,1,64,1,0.2,lr5e-05_bs32_modL1_fusion64_fusionL1_drop0p2_trmiss80_trlocclin,2,0.6950029333432516,0.6939034759998322,0.5273833671399594,0.7263670434275216,0.5217391304347826,0.0,0.0,0.0,0.0,2002,clin,0.8
5,1,lr5e-05_bs32_modL1_fusion64_fusionL1_drop0p2_trmiss80_trlocclin,32,5e-05,1,64,1,0.2,lr5e-05_bs32_modL1_fusion64_fusionL1_drop0p2_trmiss80_trlocclin,3,0.6873230934143066,0.6958231031894684,0.515212981744422,0.7126483947394258,0.4782608695652174,0.0,0.0,0.0,0.0,2002,clin,0.8
5,1,lr5e-05_bs32_modL1_fusion64_fusionL1_drop0p2_trmiss80_trlocclin,32,5e-05,1,64,1,0.2,lr5e-05_bs32_modL1_fusion64_fusionL1_drop0p2_trmiss80_trlocclin,4,0.6655434469381968,0.7001535296440125,0.5192697768762677,0.6878801854573725,0.45652173913043476,0.0,0.0,0.0,0.0,2002,clin,0.8
5,1,lr5e-05_bs32_modL1_fusion64_fusionL1_drop0p2_trmiss80_trlocclin,32,5e-05,1,64,1,0.2,lr5e-05_bs32_modL1_fusion64_fusionL1_drop0p2_trmiss80_trlocclin,5,0.6638857424259186,0.7004761695861816,0.5334685598377282,0.6860402197805455,0.45652173913043476,0.0,0.0,0.0,0.0,2002,clin,0.8
5,1,lr5e-05_bs32_modL1_fusion64_fusionL1_drop0p2_trmiss80_trlocclin,32,5e-05,1,64,1,0.2,lr5e-05_bs32_modL1_fusion64_fusionL1_drop0p2_trmiss80_trlocclin,6,0.6644609769185384,0.6971715986728668,0.5740365111561867,0.7272845558237424,0.4782608695652174,0.0,0.0,0.0,0.0,2002,clin,0.8
5,1,lr5e-05_bs32_modL1_fusion64_fusionL1_drop0p2_trmiss80_trlocclin,32,5e-05,1,64,1,0.2,lr5e-05_bs32_modL1_fusion64_fusionL1_drop0p2_trmiss80_trlocclin,7,0.6302781204382578,0.6941612660884857,0.5943204868154158,0.7345098177808864,0.5,0.0,0.0,0.0,0.0,2002,clin,0.8
5,1,lr5e-05_bs32_modL1_fusion64_fusionL1_drop0p2_trmiss80_trlocclin,32,5e-05,1,64,1,0.2,lr5e-05_bs32_modL1_fusion64_fusionL1_drop0p2_trmiss80_trlocclin,8,0.6174018879731497,0.6946156322956085,0.5983772819472617,0.7450800454287763,0.5217391304347826,0.0,0.0,0.0,0.0,2002,clin,0.8
5,1,lr5e-05_bs32_modL1_fusion64_fusionL1_drop0p2_trmiss80_trlocclin,32,5e-05,1,64,1,0.2,lr5e-05_bs32_modL1_fusion64_fusionL1_drop0p2_trmiss80_trlocclin,9,0.6156438986460367,0.6951121985912323,0.5943204868154158,0.7418943310825037,0.5217391304347826,0.0,0.0,0.0,0.0,2002,clin,0.8
5,1,lr5e-05_bs32_modL1_fusion64_fusionL1_drop0p2_trmiss80_trlocclin,32,5e-05,1,64,1,0.2,lr5e-05_bs32_modL1_fusion64_fusionL1_drop0p2_trmiss80_trlocclin,10,0.615032970905304,0.6930811405181885,0.5882352941176471,0.7383289140811061,0.4782608695652174,0.0,0.0,0.0,0.0,2002,clin,0.8
5,1,lr5e-05_bs32_modL1_fusion64_fusionL1_drop0p2_trmiss80_trlocclin,32,5e-05,1,64,1,0.2,lr5e-05_bs32_modL1_fusion64_fusionL1_drop0p2_trmiss80_trlocclin,11,0.6104612946510315,0.6905321180820465,0.5882352941176471,0.7382164977957684,0.45652173913043476,0.0,0.0,0.0,0.0,2002,clin,0.8
5,1,lr5e-05_bs32_modL1_fusion64_fusionL1_drop0p2_trmiss80_trlocclin,32,5e-05,1,64,1,0.2,lr5e-05_bs32_modL1_fusion64_fusionL1_drop0p2_trmiss80_trlocclin,12,0.605063239733378,0.6892093122005463,0.59026369168357,0.7446696709979903,0.4782608695652174,0.0,0.0,0.0,0.0,2002,clin,0.8
5,1,lr5e-05_bs32_modL1_fusion64_fusionL1_drop0p2_trmiss80_trlocclin,32,5e-05,1,64,1,0.2,lr5e-05_bs32_modL1_fusion64_fusionL1_drop0p2_trmiss80_trlocclin,13,0.6043998698393503,0.686861515045166,0.5943204868154158,0.7520367626713245,0.4782608695652174,0.0,0.0,0.0,0.0,2002,clin,0.8
5,1,lr5e-05_bs32_modL1_fusion64_fusionL1_drop0p2_trmiss80_trlocclin,32,5e-05,1,64,1,0.2,lr5e-05_bs32_modL1_fusion64_fusionL1_drop0p2_trmiss80_trlocclin,14,0.5714398721853892,0.6872473657131195,0.5760649087221095,0.7373407752436141,0.4782608695652174,0.0,0.0,0.0,0.0,2002,clin,0.8
5,1,lr5e-05_bs32_modL1_fusion64_fusionL1_drop0p2_trmiss80_trlocclin,32,5e-05,1,64,1,0.2,lr5e-05_bs32_modL1_fusion64_fusionL1_drop0p2_trmiss80_trlocclin,15,0.5799502432346344,0.6842759549617767,0.5821501014198782,0.7416033064974381,0.5,0.0,0.0,0.0,0.0,2002,clin,0.8
5,1,lr5e-05_bs32_modL1_fusion64_fusionL1_drop0p2_trmiss80_trlocclin,32,5e-05,1,64,1,0.2,lr5e-05_bs32_modL1_fusion64_fusionL1_drop0p2_trmiss80_trlocclin,16,0.5759812792142233,0.6834638714790344,0.5862068965517241,0.7494111733223392,0.4782608695652174,0.0,0.0,0.0,0.0,2002,clin,0.8
5,1,lr5e-05_bs32_modL1_fusion64_fusionL1_drop0p2_trmiss80_trlocclin,32,5e-05,1,64,1,0.2,lr5e-05_bs32_modL1_fusion64_fusionL1_drop0p2_trmiss80_trlocclin,17,0.5768193304538727,0.6831415295600891,0.5882352941176471,0.748213032726039,0.5,0.0,0.0,0.0,0.0,2002,clin,0.8
5,1,lr5e-05_bs32_modL1_fusion64_fusionL1_drop0p2_trmiss80_trlocclin,32,5e-05,1,64,1,0.2,lr5e-05_bs32_modL1_fusion64_fusionL1_drop0p2_trmiss80_trlocclin,18,0.5705564816792806,0.6816159784793854,0.5963488843813388,0.7596302262730468,0.4782608695652174,0.0,0.0,0.0,0.0,2002,clin,0.8
5,1,lr5e-05_bs32_modL1_fusion64_fusionL1_drop0p2_trmiss80_trlocclin,32,5e-05,1,64,1,0.2,lr5e-05_bs32_modL1_fusion64_fusionL1_drop0p2_trmiss80_trlocclin,19,0.5589909553527832,0.6791300773620605,0.5943204868154158,0.759220283548967,0.4782608695652174,0.0,0.0,0.0,0.0,2002,clin,0.8
5,1,lr5e-05_bs32_modL1_fusion64_fusionL1_drop0p2_trmiss80_trlocclin,32,5e-05,1,64,1,0.2,lr5e-05_bs32_modL1_fusion64_fusionL1_drop0p2_trmiss80_trlocclin,20,0.551132544875145,0.6777895092964172,0.5862068965517242,0.755227450024955,0.5,0.0,0.0,0.0,0.0,2002,clin,0.8
5,1,lr5e-05_bs32_modL1_fusion64_fusionL1_drop0p2_trmiss80_trlocclin,32,5e-05,1,64,1,0.2,lr5e-05_bs32_modL1_fusion64_fusionL1_drop0p2_trmiss80_trlocclin,21,0.566825141509374,0.6783594191074371,0.5963488843813388,0.7590467889285994,0.45652173913043476,0.0,0.0,0.0,0.0,2002,clin,0.8
5,1,lr5e-05_bs32_modL1_fusion64_fusionL1_drop0p2_trmiss80_trlocclin,32,5e-05,1,64,1,0.2,lr5e-05_bs32_modL1_fusion64_fusionL1_drop0p2_trmiss80_trlocclin,22,0.5341392358144125,0.6758939027786255,0.5943204868154158,0.7578636032167709,0.45652173913043476,0.0,0.0,0.0,0.0,2002,clin,0.8
5,1,lr5e-05_bs32_modL1_fusion64_fusionL1_drop0p2_trmiss80_trlocclin,32,5e-05,1,64,1,0.2,lr5e-05_bs32_modL1_fusion64_fusionL1_drop0p2_trmiss80_trlocclin,23,0.5445794214804968,0.678259551525116,0.5963488843813387,0.7590417973155796,0.4782608695652174,0.0,0.0,0.0,0.0,2002,clin,0.8
5,1,lr5e-05_bs32_modL1_fusion64_fusionL1_drop0p2_trmiss80_trlocclin,32,5e-05,1,64,1,0.2,lr5e-05_bs32_modL1_fusion64_fusionL1_drop0p2_trmiss80_trlocclin,24,0.5482482214768728,0.6805047690868378,0.5841784989858012,0.7515288831626832,0.4782608695652174,0.0,0.0,0.0,0.0,2002,clin,0.8
5,1,lr5e-05_bs32_modL1_fusion64_fusionL1_drop0p2_trmiss80_trlocclin,32,5e-05,1,64,1,0.2,lr5e-05_bs32_modL1_fusion64_fusionL1_drop0p2_trmiss80_trlocclin,25,0.5537308802207311,0.6789538860321045,0.5922920892494928,0.7587339577326049,0.5,0.0,0.0,0.0,0.0,2002,clin,0.8
5,1,lr5e-05_bs32_modL1_fusion64_fusionL1_drop0p2_trmiss80_trlocclin,32,5e-05,1,64,1,0.2,lr5e-05_bs32_modL1_fusion64_fusionL1_drop0p2_trmiss80_trlocclin,26,0.5475785434246063,0.6804202795028687,0.5841784989858012,0.7526426587476918,0.5,0.0,0.0,0.0,0.0,2002,clin,0.8
5,1,lr5e-05_bs32_modL1_fusion64_fusionL1_drop0p2_trmiss80_trlocclin,32,5e-05,1,64,1,0.2,lr5e-05_bs32_modL1_fusion64_fusionL1_drop0p2_trmiss80_trlocclin,27,0.535334492723147,0.6829178631305695,0.5821501014198783,0.7338632736577161,0.5,0.0,0.0,0.0,0.0,2002,clin,0.8
5,1,lr5e-05_bs32_modL1_fusion64_fusionL1_drop0p2_trmiss80_trlocclin,32,5e-05,1,64,1,0.2,lr5e-05_bs32_modL1_fusion64_fusionL1_drop0p2_trmiss80_trlocclin,28,0.515071451663971,0.6796287894248962,0.5882352941176471,0.7289790534942823,0.5,0.0,0.0,0.0,0.0,2002,clin,0.8
5,1,lr5e-05_bs32_modL1_fusion64_fusionL1_drop0p1_trmiss80_trlocclin,32,5e-05,1,64,1,0.1,lr5e-05_bs32_modL1_fusion64_fusionL1_drop0p1_trmiss80_trlocclin,1,0.7420157988866171,0.6995377242565155,0.4949290060851927,0.6588016207709582,0.41304347826086957,0.0,0.0,0.0,0.0,2002,clin,0.8
5,1,lr5e-05_bs32_modL1_fusion64_fusionL1_drop0p1_trmiss80_trlocclin,32,5e-05,1,64,1,0.1,lr5e-05_bs32_modL1_fusion64_fusionL1_drop0p1_trmiss80_trlocclin,2,0.707220067580541,0.6941100358963013,0.5882352941176471,0.7156021387534032,0.4782608695652174,0.0,0.0,0.0,0.0,2002,clin,0.8
5,1,lr5e-05_bs32_modL1_fusion64_fusionL1_drop0p1_trmiss80_trlocclin,32,5e-05,1,64,1,0.1,lr5e-05_bs32_modL1_fusion64_fusionL1_drop0p1_trmiss80_trlocclin,3,0.6888186633586884,0.690057635307312,0.6085192697768762,0.7083787098446455,0.4782608695652174,0.0,0.0,0.0,0.0,2002,clin,0.8
5,1,lr5e-05_bs32_modL1_fusion64_fusionL1_drop0p1_trmiss80_trlocclin,32,5e-05,1,64,1,0.1,lr5e-05_bs32_modL1_fusion64_fusionL1_drop0p1_trmiss80_trlocclin,4,0.6650350491205851,0.686029702425003,0.6389452332657201,0.7284328807436733,0.5,0.0,0.0,0.0,0.0,2002,clin,0.8
5,1,lr5e-05_bs32_modL1_fusion64_fusionL1_drop0p1_trmiss80_trlocclin,32,5e-05,1,64,1,0.1,lr5e-05_bs32_modL1_fusion64_fusionL1_drop0p1_trmiss80_trlocclin,5,0.627298484245936,0.6840479075908661,0.6227180527383367,0.7193810511335098,0.45652173913043476,0.0,0.0,0.0,0.0,2002,clin,0.8
5,1,lr5e-05_bs32_modL1_fusion64_fusionL1_drop0p1_trmiss80_trlocclin,32,5e-05,1,64,1,0.1,lr5e-05_bs32_modL1_fusion64_fusionL1_drop0p1_trmiss80_trlocclin,6,0.6161934236685435,0.6816995441913605,0.6288032454361054,0.7232549127296172,0.45652173913043476,0.0,0.0,0.0,0.0,2002,clin,0.8
5,1,lr5e-05_bs32_modL1_fusion64_fusionL1_drop0p1_trmiss80_trlocclin,32,5e-05,1,64,1,0.1,lr5e-05_bs32_modL1_fusion64_fusionL1_drop0p1_trmiss80_trlocclin,7,0.6091066300868988,0.680931568145752,0.6247464503042597,0.7193933785118599,0.4782608695652174,0.0,0.0,0.0,0.0,2002,clin,0.8
5,1,lr5e-05_bs32_modL1_fusion64_fusionL1_drop0p1_trmiss80_trlocclin,32,5e-05,1,64,1,0.1,lr5e-05_bs32_modL1_fusion64_fusionL1_drop0p1_trmiss80_trlocclin,8,0.6044671336809794,0.6760701835155487,0.6227180527383368,0.7191572806060265,0.45652173913043476,0.0,0.0,0.0,0.0,2002,clin,0.8
5,1,lr5e-05_bs32_modL1_fusion64_fusionL1_drop0p1_trmiss80_trlocclin,32,5e-05,1,64,1,0.1,lr5e-05_bs32_modL1_fusion64_fusionL1_drop0p1_trmiss80_trlocclin,9,0.5919856429100037,0.6755055487155914,0.614604462474645,0.719165260662337,0.5217391304347826,0.0,0.0,0.0,0.0,2002,clin,0.8
5,1,lr5e-05_bs32_modL1_fusion64_fusionL1_drop0p1_trmiss80_trlocclin,32,5e-05,1,64,1,0.1,lr5e-05_bs32_modL1_fusion64_fusionL1_drop0p1_trmiss80_trlocclin,10,0.5787997941176096,0.6753794252872467,0.6227180527383367,0.7358957423993401,0.5,0.0,0.0,0.0,0.0,2002,clin,0.8
5,1,lr5e-05_bs32_modL1_fusion64_fusionL1_drop0p1_trmiss80_trlocclin,32,5e-05,1,64,1,0.1,lr5e-05_bs32_modL1_fusion64_fusionL1_drop0p1_trmiss80_trlocclin,11,0.5610424180825552,0.670137882232666,0.6288032454361054,0.7406038601779622,0.5434782608695652,0.0,0.0,0.0,0.0,2002,clin,0.8
5,1,lr5e-05_bs32_modL1_fusion64_fusionL1_drop0p1_trmiss80_trlocclin,32,5e-05,1,64,1,0.1,lr5e-05_bs32_modL1_fusion64_fusionL1_drop0p1_trmiss80_trlocclin,12,0.5532114505767822,0.6716849505901337,0.6186612576064909,0.7354827036713932,0.5434782608695652,0.0,0.0,0.0,0.0,2002,clin,0.8
5,1,lr5e-05_bs32_modL1_fusion64_fusionL1_drop0p1_trmiss80_trlocclin,32,5e-05,1,64,1,0.1,lr5e-05_bs32_modL1_fusion64_fusionL1_drop0p1_trmiss80_trlocclin,13,0.5527190963427225,0.6741492450237274,0.6146044624746451,0.7323797927609147,0.5217391304347826,0.0,0.0,0.0,0.0,2002,clin,0.8
5,1,lr5e-05_bs32_modL1_fusion64_fusionL1_drop0p1_trmiss80_trlocclin,32,5e-05,1,64,1,0.1,lr5e-05_bs32_modL1_fusion64_fusionL1_drop0p1_trmiss80_trlocclin,14,0.5552615423997244,0.6742911636829376,0.6166328600405679,0.7304456096624495,0.4782608695652174,0.0,0.0,0.0,0.0,2002,clin,0.8
5,1,lr5e-05_bs32_modL1_fusion64_fusionL1_drop0p1_trmiss80_trlocclin,32,5e-05,1,64,1,0.1,lr5e-05_bs32_modL1_fusion64_fusionL1_drop0p1_trmiss80_trlocclin,15,0.5236837168534597,0.674365222454071,0.6125760649087222,0.7190657944486868,0.4782608695652174,0.0,0.0,0.0,0.0,2002,clin,0.8
5,1,lr5e-05_bs32_modL1_fusion64_fusionL1_drop0p1_trmiss80_trlocclin,32,5e-05,1,64,1,0.1,lr5e-05_bs32_modL1_fusion64_fusionL1_drop0p1_trmiss80_trlocclin,16,0.5088816483815511,0.6727940142154694,0.6105476673427992,0.7134562222892681,0.45652173913043476,0.0,0.0,0.0,0.0,2002,clin,0.8
5,1,lr5e-05_bs32_modL1_fusion64_fusionL1_drop0p1_trmiss80_trlocclin,32,5e-05,1,64,1,0.1,lr5e-05_bs32_modL1_fusion64_fusionL1_drop0p1_trmiss80_trlocclin,17,0.5064359803994497,0.6744715571403503,0.5983772819472617,0.7079609139108939,0.4782608695652174,0.0,0.0,0.0,0.0,2002,clin,0.8
5,1,lr5e-05_bs32_modL1_fusion64_fusionL1_drop0p1_trmiss80_trlocclin,32,5e-05,1,64,1,0.1,lr5e-05_bs32_modL1_fusion64_fusionL1_drop0p1_trmiss80_trlocclin,18,0.5083017547925314,0.6729031503200531,0.59026369168357,0.7038189006214325,0.4782608695652174,0.0,0.0,0.0,0.0,2002,clin,0.8
5,1,lr5e-05_bs32_modL1_fusion64_fusionL1_drop0p1_trmiss80_trlocclin,32,5e-05,1,64,1,0.1,lr5e-05_bs32_modL1_fusion64_fusionL1_drop0p1_trmiss80_trlocclin,19,0.4965723752975464,0.6682302355766296,0.592292089249493,0.7050288219765445,0.4782608695652174,0.0,0.0,0.0,0.0,2002,clin,0.8
5,1,lr5e-05_bs32_modL1_fusion64_fusionL1_drop0p1_trmiss80_trlocclin,32,5e-05,1,64,1,0.1,lr5e-05_bs32_modL1_fusion64_fusionL1_drop0p1_trmiss80_trlocclin,20,0.4931211471557617,0.67129847407341,0.588235294117647,0.7031057574237568,0.4782608695652174,0.0,0.0,0.0,0.0,2002,clin,0.8
5,1,lr5e-05_bs32_modL1_fusion64_fusionL1_drop0p1_trmiss80_trlocclin,32,5e-05,1,64,1,0.1,lr5e-05_bs32_modL1_fusion64_fusionL1_drop0p1_trmiss80_trlocclin,21,0.482646976908048,0.6683865785598755,0.5963488843813387,0.7092882903095427,0.5,0.0,0.0,0.0,0.0,2002,clin,0.8
5,1,lr5e-05_bs32_modL1_fusion64_fusionL1_drop0p1_trmiss80_trlocclin,32,5e-05,1,64,1,0.1,lr5e-05_bs32_modL1_fusion64_fusionL1_drop0p1_trmiss80_trlocclin,22,0.4814186692237854,0.667782723903656,0.5963488843813387,0.7073932738224319,0.5217391304347826,0.0,0.0,0.0,0.0,2002,clin,0.8
5,1,lr5e-05_bs32_modL1_fusion64_fusionL1_drop0p1_trmiss80_trlocclin,32,5e-05,1,64,1,0.1,lr5e-05_bs32_modL1_fusion64_fusionL1_drop0p1_trmiss80_trlocclin,23,0.4882775843143463,0.6697746217250824,0.5862068965517242,0.7023841316295597,0.4782608695652174,0.0,0.0,0.0,0.0,2002,clin,0.8
5,1,lr5e-05_bs32_modL1_fusion64_fusionL1_drop0p1_trmiss80_trlocclin,32,5e-05,1,64,1,0.1,lr5e-05_bs32_modL1_fusion64_fusionL1_drop0p1_trmiss80_trlocclin,24,0.48731230199337006,0.6704361438751221,0.59026369168357,0.7041617569375732,0.4782608695652174,0.0,0.0,0.0,0.0,2002,clin,0.8
5,1,lr1e-04_bs32_modL1_fusion32_fusionL1_drop0p2_trmiss80_trlocclin,32,0.0001,1,32,1,0.2,lr1e-04_bs32_modL1_fusion32_fusionL1_drop0p2_trmiss80_trlocclin,1,0.7010641296704611,0.7046492397785187,0.43204868154158216,0.601698390064251,0.43478260869565216,0.0,0.0,0.0,0.0,2002,clin,0.8
5,1,lr1e-04_bs32_modL1_fusion32_fusionL1_drop0p2_trmiss80_trlocclin,32,0.0001,1,32,1,0.2,lr1e-04_bs32_modL1_fusion32_fusionL1_drop0p2_trmiss80_trlocclin,2,0.674887498219808,0.6978403627872467,0.5760649087221095,0.7414343402285832,0.4782608695652174,0.0,0.0,0.0,0.0,2002,clin,0.8
5,1,lr1e-04_bs32_modL1_fusion32_fusionL1_drop0p2_trmiss80_trlocclin,32,0.0001,1,32,1,0.2,lr1e-04_bs32_modL1_fusion32_fusionL1_drop0p2_trmiss80_trlocclin,3,0.6488667825857798,0.6933053433895111,0.6166328600405679,0.7530533519430377,0.5,0.0,0.0,0.0,0.0,2002,clin,0.8
5,1,lr1e-04_bs32_modL1_fusion32_fusionL1_drop0p2_trmiss80_trlocclin,32,0.0001,1,32,1,0.2,lr1e-04_bs32_modL1_fusion32_fusionL1_drop0p2_trmiss80_trlocclin,4,0.6402547657489777,0.6874947845935822,0.6186612576064908,0.7596042131255444,0.5217391304347826,0.0,0.0,0.0,0.0,2002,clin,0.8
5,1,lr1e-04_bs32_modL1_fusion32_fusionL1_drop0p2_trmiss80_trlocclin,32,0.0001,1,32,1,0.2,lr1e-04_bs32_modL1_fusion32_fusionL1_drop0p2_trmiss80_trlocclin,5,0.6290784577528635,0.6821316778659821,0.6551724137931034,0.7799206726041201,0.4782608695652174,0.0,0.0,0.0,0.0,2002,clin,0.8
5,1,lr1e-04_bs32_modL1_fusion32_fusionL1_drop0p2_trmiss80_trlocclin,32,0.0001,1,32,1,0.2,lr1e-04_bs32_modL1_fusion32_fusionL1_drop0p2_trmiss80_trlocclin,6,0.5999042987823486,0.6860117614269257,0.6450304259634889,0.7511442384152746,0.5,0.0,0.0,0.0,0.0,2002,clin,0.8
5,1,lr1e-04_bs32_modL1_fusion32_fusionL1_drop0p2_trmiss80_trlocclin,32,0.0001,1,32,1,0.2,lr1e-04_bs32_modL1_fusion32_fusionL1_drop0p2_trmiss80_trlocclin,7,0.5916268825531006,0.6810330450534821,0.6490872210953347,0.7488056038964906,0.5434782608695652,0.0,0.0,0.0,0.0,2002,clin,0.8
5,1,lr1e-04_bs32_modL1_fusion32_fusionL1_drop0p2_trmiss80_trlocclin,32,0.0001,1,32,1,0.2,lr1e-04_bs32_modL1_fusion32_fusionL1_drop0p2_trmiss80_trlocclin,8,0.5819026430447897,0.6718140244483948,0.6896551724137931,0.7671603885888246,0.5869565217391305,0.0,0.0,0.0,0.0,2002,clin,0.8
5,1,lr1e-04_bs32_modL1_fusion32_fusionL1_drop0p2_trmiss80_trlocclin,32,0.0001,1,32,1,0.2,lr1e-04_bs32_modL1_fusion32_fusionL1_drop0p2_trmiss80_trlocclin,9,0.5681774218877157,0.6597412824630737,0.7241379310344828,0.7957698029836994,0.5869565217391305,0.0,0.0,0.0,0.0,2002,clin,0.8
5,1,lr1e-04_bs32_modL1_fusion32_fusionL1_drop0p2_trmiss80_trlocclin,32,0.0001,1,32,1,0.2,lr1e-04_bs32_modL1_fusion32_fusionL1_drop0p2_trmiss80_trlocclin,10,0.5426310996214548,0.6659415662288666,0.7099391480730224,0.7869445295587146,0.5869565217391305,0.0,0.0,0.0,0.0,2002,clin,0.8
5,1,lr1e-04_bs32_modL1_fusion32_fusionL1_drop0p2_trmiss80_trlocclin,32,0.0001,1,32,1,0.2,lr1e-04_bs32_modL1_fusion32_fusionL1_drop0p2_trmiss80_trlocclin,11,0.5388283828894297,0.6650875806808472,0.7058823529411764,0.7720335182401942,0.5869565217391305,0.0,0.0,0.0,0.0,2002,clin,0.8
5,1,lr1e-04_bs32_modL1_fusion32_fusionL1_drop0p2_trmiss80_trlocclin,32,0.0001,1,32,1,0.2,lr1e-04_bs32_modL1_fusion32_fusionL1_drop0p2_trmiss80_trlocclin,12,0.5383411844571432,0.6585451066493988,0.7342799188640974,0.7933780848153575,0.6086956521739131,0.0,0.0,0.0,0.0,2002,clin,0.8
5,1,lr1e-04_bs32_modL1_fusion32_fusionL1_drop0p2_trmiss80_trlocclin,32,0.0001,1,32,1,0.2,lr1e-04_bs32_modL1_fusion32_fusionL1_drop0p2_trmiss80_trlocclin,13,0.5149091531833013,0.657684862613678,0.7200811359026369,0.7738826126628595,0.6086956521739131,0.0,0.0,0.0,0.0,2002,clin,0.8
5,1,lr1e-04_bs32_modL1_fusion32_fusionL1_drop0p2_trmiss80_trlocclin,32,0.0001,1,32,1,0.2,lr1e-04_bs32_modL1_fusion32_fusionL1_drop0p2_trmiss80_trlocclin,14,0.5125893006722132,0.6565794944763184,0.7200811359026369,0.761293078917552,0.6304347826086957,0.0,0.0,0.0,0.0,2002,clin,0.8
5,1,lr1e-04_bs32_modL1_fusion32_fusionL1_drop0p2_trmiss80_trlocclin,32,0.0001,1,32,1,0.2,lr1e-04_bs32_modL1_fusion32_fusionL1_drop0p2_trmiss80_trlocclin,15,0.5080240070819855,0.65848308801651,0.7079107505070994,0.749730352917412,0.6086956521739131,0.0,0.0,0.0,0.0,2002,clin,0.8
5,1,lr1e-04_bs32_modL1_fusion32_fusionL1_drop0p2_trmiss80_trlocclin,32,0.0001,1,32,1,0.2,lr1e-04_bs32_modL1_fusion32_fusionL1_drop0p2_trmiss80_trlocclin,16,0.485934317111969,0.6565989851951599,0.7099391480730224,0.7695115747934789,0.6086956521739131,0.0,0.0,0.0,0.0,2002,clin,0.8
5,1,lr1e-04_bs32_modL1_fusion32_fusionL1_drop0p2_trmiss80_trlocclin,32,0.0001,1,32,1,0.2,lr1e-04_bs32_modL1_fusion32_fusionL1_drop0p2_trmiss80_trlocclin,17,0.49288584291934967,0.6495848894119263,0.7281947261663286,0.7791917610478036,0.6521739130434783,0.0,0.0,0.0,0.0,2002,clin,0.8
5,1,lr1e-04_bs32_modL1_fusion32_fusionL1_drop0p2_trmiss80_trlocclin,32,0.0001,1,32,1,0.2,lr1e-04_bs32_modL1_fusion32_fusionL1_drop0p2_trmiss80_trlocclin,18,0.4773646692434947,0.6541498005390167,0.7139959432048681,0.7703583296724699,0.6304347826086957,0.0,0.0,0.0,0.0,2002,clin,0.8
5,1,lr1e-04_bs32_modL1_fusion32_fusionL1_drop0p2_trmiss80_trlocclin,32,0.0001,1,32,1,0.2,lr1e-04_bs32_modL1_fusion32_fusionL1_drop0p2_trmiss80_trlocclin,19,0.4730311135450999,0.6604193150997162,0.6977687626774848,0.7430182509030958,0.6086956521739131,0.0,0.0,0.0,0.0,2002,clin,0.8
5,1,lr1e-04_bs32_modL1_fusion32_fusionL1_drop0p2_trmiss80_trlocclin,32,0.0001,1,32,1,0.2,lr1e-04_bs32_modL1_fusion32_fusionL1_drop0p2_trmiss80_trlocclin,20,0.4585832009712855,0.6614333093166351,0.7058823529411764,0.7439443352802901,0.5869565217391305,0.0,0.0,0.0,0.0,2002,clin,0.8
5,1,lr1e-04_bs32_modL1_fusion32_fusionL1_drop0p2_trmiss80_trlocclin,32,0.0001,1,32,1,0.2,lr1e-04_bs32_modL1_fusion32_fusionL1_drop0p2_trmiss80_trlocclin,21,0.4534277766942978,0.6604908406734467,0.6896551724137931,0.7379510111562464,0.5869565217391305,0.0,0.0,0.0,0.0,2002,clin,0.8
5,1,lr1e-04_bs32_modL1_fusion32_fusionL1_drop0p2_trmiss80_trlocclin,32,0.0001,1,32,1,0.2,lr1e-04_bs32_modL1_fusion32_fusionL1_drop0p2_trmiss80_trlocclin,22,0.45296869178613025,0.6644339859485626,0.6855983772819473,0.7326751779851275,0.5652173913043478,0.0,0.0,0.0,0.0,2002,clin,0.8
5,1,lr1e-04_bs32_modL1_fusion32_fusionL1_drop0p2_trmiss80_trlocclin,32,0.0001,1,32,1,0.2,lr1e-04_bs32_modL1_fusion32_fusionL1_drop0p2_trmiss80_trlocclin,23,0.42929890751838684,0.6577048301696777,0.7119675456389452,0.7718795135524591,0.6086956521739131,0.0,0.0,0.0,0.0,2002,clin,0.8
5,1,lr1e-04_bs32_modL1_fusion32_fusionL1_drop0p2_trmiss80_trlocclin,32,0.0001,1,32,1,0.2,lr1e-04_bs32_modL1_fusion32_fusionL1_drop0p2_trmiss80_trlocclin,24,0.42343403895696,0.6563056111335754,0.7139959432048681,0.7650605175102565,0.6086956521739131,0.0,0.0,0.0,0.0,2002,clin,0.8
5,1,lr1e-04_bs32_modL1_fusion32_fusionL1_drop0p2_trmiss80_trlocclin,32,0.0001,1,32,1,0.2,lr1e-04_bs32_modL1_fusion32_fusionL1_drop0p2_trmiss80_trlocclin,25,0.4273030608892441,0.6636674404144287,0.6876267748478702,0.7458581802542495,0.6086956521739131,0.0,0.0,0.0,0.0,2002,clin,0.8
5,1,lr1e-04_bs32_modL1_fusion32_fusionL1_drop0p2_trmiss80_trlocclin,32,0.0001,1,32,1,0.2,lr1e-04_bs32_modL1_fusion32_fusionL1_drop0p2_trmiss80_trlocclin,26,0.4170866658290227,0.6721864640712738,0.6592292089249493,0.71430142409845,0.5869565217391305,0.0,0.0,0.0,0.0,2002,clin,0.8
5,1,lr1e-04_bs32_modL1_fusion32_fusionL1_drop0p2_trmiss80_trlocclin,32,0.0001,1,32,1,0.2,lr1e-04_bs32_modL1_fusion32_fusionL1_drop0p2_trmiss80_trlocclin,27,0.42341292401154834,0.6653554737567902,0.6632860040567952,0.7346109333217437,0.5869565217391305,0.0,0.0,0.0,0.0,2002,clin,0.8
5,1,lr1e-04_bs32_modL1_fusion32_fusionL1_drop0p2_trmiss80_trlocclin,32,0.0001,1,32,1,0.2,lr1e-04_bs32_modL1_fusion32_fusionL1_drop0p2_trmiss80_trlocclin,28,0.42833147943019867,0.6605899333953857,0.6774847870182555,0.748702423935306,0.5869565217391305,0.0,0.0,0.0,0.0,2002,clin,0.8
5,1,lr1e-04_bs32_modL1_fusion32_fusionL1_drop0p2_trmiss80_trlocclin,32,0.0001,1,32,1,0.2,lr1e-04_bs32_modL1_fusion32_fusionL1_drop0p2_trmiss80_trlocclin,29,0.4054611722628276,0.6616633832454681,0.6632860040567952,0.7424585547901288,0.6086956521739131,0.0,0.0,0.0,0.0,2002,clin,0.8
5,1,lr1e-04_bs32_modL1_fusion32_fusionL1_drop0p2_trmiss80_trlocclin,32,0.0001,1,32,1,0.2,lr1e-04_bs32_modL1_fusion32_fusionL1_drop0p2_trmiss80_trlocclin,30,0.42382275064786273,0.6647045016288757,0.6551724137931034,0.75194723022708,0.5869565217391305,0.0,0.0,0.0,0.0,2002,clin,0.8
5,1,lr1e-04_bs32_modL1_fusion32_fusionL1_drop0p2_trmiss80_trlocclin,32,0.0001,1,32,1,0.2,lr1e-04_bs32_modL1_fusion32_fusionL1_drop0p2_trmiss80_trlocclin,31,0.3978290955225627,0.6639210879802704,0.6572008113590264,0.7529347298012163,0.5869565217391305,0.0,0.0,0.0,0.0,2002,clin,0.8
5,1,lr1e-04_bs32_modL1_fusion32_fusionL1_drop0p2_trmiss80_trlocclin,32,0.0001,1,32,1,0.2,lr1e-04_bs32_modL1_fusion32_fusionL1_drop0p2_trmiss80_trlocclin,32,0.40655280152956647,0.6647762656211853,0.6551724137931034,0.7495792116520705,0.5869565217391305,0.0,0.0,0.0,0.0,2002,clin,0.8
5,1,lr1e-04_bs32_modL1_fusion32_fusionL1_drop0p1_trmiss80_trlocclin,32,0.0001,1,32,1,0.1,lr1e-04_bs32_modL1_fusion32_fusionL1_drop0p1_trmiss80_trlocclin,1,0.7363478541374207,0.6970208883285522,0.513184584178499,0.6882724040798494,0.5,0.0,0.0,0.0,0.0,2002,clin,0.8
5,1,lr1e-04_bs32_modL1_fusion32_fusionL1_drop0p1_trmiss80_trlocclin,32,0.0001,1,32,1,0.1,lr1e-04_bs32_modL1_fusion32_fusionL1_drop0p1_trmiss80_trlocclin,2,0.6589841147263845,0.683662474155426,0.5983772819472617,0.7193280152281383,0.5869565217391305,0.0,0.0,0.0,0.0,2002,clin,0.8
5,1,lr1e-04_bs32_modL1_fusion32_fusionL1_drop0p1_trmiss80_trlocclin,32,0.0001,1,32,1,0.1,lr1e-04_bs32_modL1_fusion32_fusionL1_drop0p1_trmiss80_trlocclin,3,0.6331029335657755,0.6733995974063873,0.6227180527383367,0.736829241365402,0.6521739130434783,0.0,0.0,0.0,0.0,2002,clin,0.8
5,1,lr1e-04_bs32_modL1_fusion32_fusionL1_drop0p1_trmiss80_trlocclin,32,0.0001,1,32,1,0.1,lr1e-04_bs32_modL1_fusion32_fusionL1_drop0p1_trmiss80_trlocclin,4,0.5678403377532959,0.6705940365791321,0.6450304259634888,0.7378107473130248,0.6739130434782609,0.0,0.0,0.0,0.0,2002,clin,0.8
5,1,lr1e-04_bs32_modL1_fusion32_fusionL1_drop0p1_trmiss80_trlocclin,32,0.0001,1,32,1,0.1,lr1e-04_bs32_modL1_fusion32_fusionL1_drop0p1_trmiss80_trlocclin,5,0.5644695063432058,0.6672599911689758,0.6490872210953347,0.7319097105216872,0.6739130434782609,0.0,0.0,0.0,0.0,2002,clin,0.8
5,1,lr1e-04_bs32_modL1_fusion32_fusionL1_drop0p1_trmiss80_trlocclin,32,0.0001,1,32,1,0.1,lr1e-04_bs32_modL1_fusion32_fusionL1_drop0p1_trmiss80_trlocclin,6,0.5324628949165344,0.66642627120018,0.6450304259634888,0.7253892044062155,0.6521739130434783,0.0,0.0,0.0,0.0,2002,clin,0.8
5,1,lr1e-04_bs32_modL1_fusion32_fusionL1_drop0p1_trmiss80_trlocclin,32,0.0001,1,32,1,0.1,lr1e-04_bs32_modL1_fusion32_fusionL1_drop0p1_trmiss80_trlocclin,7,0.5305066108703613,0.6596485078334808,0.6470588235294118,0.7289777957345518,0.6304347826086957,0.0,0.0,0.0,0.0,2002,clin,0.8
5,1,lr1e-04_bs32_modL1_fusion32_fusionL1_drop0p1_trmiss80_trlocclin,32,0.0001,1,32,1,0.1,lr1e-04_bs32_modL1_fusion32_fusionL1_drop0p1_trmiss80_trlocclin,8,0.5156300067901611,0.656414270401001,0.665314401622718,0.7463580764921145,0.6521739130434783,0.0,0.0,0.0,0.0,2002,clin,0.8
5,1,lr1e-04_bs32_modL1_fusion32_fusionL1_drop0p1_trmiss80_trlocclin,32,0.0001,1,32,1,0.1,lr1e-04_bs32_modL1_fusion32_fusionL1_drop0p1_trmiss80_trlocclin,9,0.49453707536061603,0.6549730002880096,0.6592292089249493,0.7314498158611211,0.6521739130434783,0.0,0.0,0.0,0.0,2002,clin,0.8
5,1,lr1e-04_bs32_modL1_fusion32_fusionL1_drop0p1_trmiss80_trlocclin,32,0.0001,1,32,1,0.1,lr1e-04_bs32_modL1_fusion32_fusionL1_drop0p1_trmiss80_trlocclin,10,0.48889392614364624,0.6545384228229523,0.6430020283975659,0.7235411380295265,0.6086956521739131,0.0,0.0,0.0,0.0,2002,clin,0.8
5,1,lr1e-04_bs32_modL1_fusion32_fusionL1_drop0p1_trmiss80_trlocclin,32,0.0001,1,32,1,0.1,lr1e-04_bs32_modL1_fusion32_fusionL1_drop0p1_trmiss80_trlocclin,11,0.4687260588010152,0.6596792340278625,0.6389452332657201,0.7213219320081614,0.5869565217391305,0.0,0.0,0.0,0.0,2002,clin,0.8
5,1,lr1e-04_bs32_modL1_fusion32_fusionL1_drop0p1_trmiss80_trlocclin,32,0.0001,1,32,1,0.1,lr1e-04_bs32_modL1_fusion32_fusionL1_drop0p1_trmiss80_trlocclin,12,0.44516008098920185,0.6584527492523193,0.6450304259634888,0.7204313344350541,0.6086956521739131,0.0,0.0,0.0,0.0,2002,clin,0.8
5,1,lr1e-04_bs32_modL1_fusion32_fusionL1_drop0p1_trmiss80_trlocclin,32,0.0001,1,32,1,0.1,lr1e-04_bs32_modL1_fusion32_fusionL1_drop0p1_trmiss80_trlocclin,13,0.43337151904900867,0.6547922492027283,0.6450304259634888,0.7235883438400783,0.5869565217391305,0.0,0.0,0.0,0.0,2002,clin,0.8
5,1,lr1e-04_bs32_modL1_fusion32_fusionL1_drop0p1_trmiss80_trlocclin,32,0.0001,1,32,1,0.1,lr1e-04_bs32_modL1_fusion32_fusionL1_drop0p1_trmiss80_trlocclin,14,0.40993572771549225,0.6479742527008057,0.6673427991886409,0.7387028333498797,0.6304347826086957,0.0,0.0,0.0,0.0,2002,clin,0.8
5,1,lr1e-04_bs32_modL1_fusion32_fusionL1_drop0p1_trmiss80_trlocclin,32,0.0001,1,32,1,0.1,lr1e-04_bs32_modL1_fusion32_fusionL1_drop0p1_trmiss80_trlocclin,15,0.41083359718322754,0.6583283543586731,0.6348884381338742,0.7233955361243991,0.6086956521739131,0.0,0.0,0.0,0.0,2002,clin,0.8
5,1,lr1e-04_bs32_modL1_fusion32_fusionL1_drop0p1_trmiss80_trlocclin,32,0.0001,1,32,1,0.1,lr1e-04_bs32_modL1_fusion32_fusionL1_drop0p1_trmiss80_trlocclin,16,0.4079763740301132,0.6689601242542267,0.6125760649087221,0.7117800489369888,0.5869565217391305,0.0,0.0,0.0,0.0,2002,clin,0.8
5,1,lr1e-04_bs32_modL1_fusion32_fusionL1_drop0p1_trmiss80_trlocclin,32,0.0001,1,32,1,0.1,lr1e-04_bs32_modL1_fusion32_fusionL1_drop0p1_trmiss80_trlocclin,17,0.3797077437241872,0.6648821532726288,0.640973630831643,0.731026387009408,0.5869565217391305,0.0,0.0,0.0,0.0,2002,clin,0.8
5,1,lr1e-04_bs32_modL1_fusion32_fusionL1_drop0p1_trmiss80_trlocclin,32,0.0001,1,32,1,0.1,lr1e-04_bs32_modL1_fusion32_fusionL1_drop0p1_trmiss80_trlocclin,18,0.3849707941214244,0.6624423861503601,0.6490872210953347,0.730917435556059,0.6521739130434783,0.0,0.0,0.0,0.0,2002,clin,0.8
5,1,lr1e-04_bs32_modL1_fusion32_fusionL1_drop0p1_trmiss80_trlocclin,32,0.0001,1,32,1,0.1,lr1e-04_bs32_modL1_fusion32_fusionL1_drop0p1_trmiss80_trlocclin,19,0.36176855862140656,0.6815667450428009,0.6105476673427992,0.7004857543672749,0.6086956521739131,0.0,0.0,0.0,0.0,2002,clin,0.8
5,1,lr1e-04_bs32_modL1_fusion32_fusionL1_drop0p1_trmiss80_trlocclin,32,0.0001,1,32,1,0.1,lr1e-04_bs32_modL1_fusion32_fusionL1_drop0p1_trmiss80_trlocclin,20,0.3494497736295064,0.6819096505641937,0.6024340770791075,0.6968660126074855,0.5869565217391305,0.0,0.0,0.0,0.0,2002,clin,0.8
5,1,lr1e-04_bs32_modL1_fusion32_fusionL1_drop0p1_trmiss80_trlocclin,32,0.0001,1,32,1,0.1,lr1e-04_bs32_modL1_fusion32_fusionL1_drop0p1_trmiss80_trlocclin,21,0.34812607367833454,0.6734965741634369,0.6085192697768762,0.7055467541806171,0.5869565217391305,0.0,0.0,0.0,0.0,2002,clin,0.8
5,1,lr1e-04_bs32_modL1_fusion32_fusionL1_drop0p1_trmiss80_trlocclin,32,0.0001,1,32,1,0.1,lr1e-04_bs32_modL1_fusion32_fusionL1_drop0p1_trmiss80_trlocclin,22,0.37648533781369525,0.6685626208782196,0.6206896551724138,0.7129610574907224,0.6086956521739131,0.0,0.0,0.0,0.0,2002,clin,0.8
5,1,lr1e-04_bs32_modL1_fusion32_fusionL1_drop0p1_trmiss80_trlocclin,32,0.0001,1,32,1,0.1,lr1e-04_bs32_modL1_fusion32_fusionL1_drop0p1_trmiss80_trlocclin,23,0.3522365639607112,0.6600261032581329,0.6267748478701826,0.7185776111020286,0.5869565217391305,0.0,0.0,0.0,0.0,2002,clin,0.8
5,1,lr1e-04_bs32_modL1_fusion32_fusionL1_drop0p1_trmiss80_trlocclin,32,0.0001,1,32,1,0.1,lr1e-04_bs32_modL1_fusion32_fusionL1_drop0p1_trmiss80_trlocclin,24,0.34851044913132984,0.6659058034420013,0.6247464503042597,0.7176956639656225,0.6086956521739131,0.0,0.0,0.0,0.0,2002,clin,0.8
5,1,lr1e-04_bs32_modL1_fusion32_fusionL1_drop0p1_trmiss80_trlocclin,32,0.0001,1,32,1,0.1,lr1e-04_bs32_modL1_fusion32_fusionL1_drop0p1_trmiss80_trlocclin,25,0.3380351314942042,0.669652909040451,0.6247464503042596,0.7208733476582256,0.5652173913043478,0.0,0.0,0.0,0.0,2002,clin,0.8
5,1,lr1e-04_bs32_modL1_fusion32_fusionL1_drop0p1_trmiss80_trlocclin,32,0.0001,1,32,1,0.1,lr1e-04_bs32_modL1_fusion32_fusionL1_drop0p1_trmiss80_trlocclin,26,0.340789591272672,0.6738159358501434,0.6186612576064908,0.71746857948083,0.6086956521739131,0.0,0.0,0.0,0.0,2002,clin,0.8
5,1,lr1e-04_bs32_modL1_fusion32_fusionL1_drop0p1_trmiss80_trlocclin,32,0.0001,1,32,1,0.1,lr1e-04_bs32_modL1_fusion32_fusionL1_drop0p1_trmiss80_trlocclin,27,0.32645614445209503,0.6739111840724945,0.6166328600405679,0.7163608646060922,0.5652173913043478,0.0,0.0,0.0,0.0,2002,clin,0.8
5,1,lr1e-04_bs32_modL1_fusion32_fusionL1_drop0p1_trmiss80_trlocclin,32,0.0001,1,32,1,0.1,lr1e-04_bs32_modL1_fusion32_fusionL1_drop0p1_trmiss80_trlocclin,28,0.3195855716864268,0.6731943786144257,0.6166328600405679,0.7141786850191938,0.5652173913043478,0.0,0.0,0.0,0.0,2002,clin,0.8
5,1,lr1e-04_bs32_modL1_fusion32_fusionL1_drop0p1_trmiss80_trlocclin,32,0.0001,1,32,1,0.1,lr1e-04_bs32_modL1_fusion32_fusionL1_drop0p1_trmiss80_trlocclin,29,0.3287292222181956,0.6736295819282532,0.6166328600405679,0.7169652322533449,0.5652173913043478,0.0,0.0,0.0,0.0,2002,clin,0.8
5,1,lr1e-04_bs32_modL1_fusion32_fusionL1_drop0p1_trmiss80_trlocclin,32,0.0001,1,32,1,0.1,lr1e-04_bs32_modL1_fusion32_fusionL1_drop0p1_trmiss80_trlocclin,30,0.3363282283147176,0.6685043275356293,0.6247464503042596,0.7200113617280253,0.6086956521739131,0.0,0.0,0.0,0.0,2002,clin,0.8
5,1,lr1e-04_bs32_modL1_fusion32_fusionL1_drop0p1_trmiss80_trlocclin,32,0.0001,1,32,1,0.1,lr1e-04_bs32_modL1_fusion32_fusionL1_drop0p1_trmiss80_trlocclin,31,0.31793534259001416,0.6682959198951721,0.6288032454361054,0.7219878734721532,0.6086956521739131,0.0,0.0,0.0,0.0,2002,clin,0.8
5,1,lr1e-04_bs32_modL1_fusion32_fusionL1_drop0p1_trmiss80_trlocclin,32,0.0001,1,32,1,0.1,lr1e-04_bs32_modL1_fusion32_fusionL1_drop0p1_trmiss80_trlocclin,32,0.3226812829573949,0.6708825528621674,0.6206896551724138,0.7174916055149432,0.5869565217391305,0.0,0.0,0.0,0.0,2002,clin,0.8
5,1,lr1e-04_bs32_modL1_fusion32_fusionL1_drop0p1_trmiss80_trlocclin,32,0.0001,1,32,1,0.1,lr1e-04_bs32_modL1_fusion32_fusionL1_drop0p1_trmiss80_trlocclin,33,0.3153149485588074,0.6712161898612976,0.6267748478701826,0.7200686411729385,0.5869565217391305,0.0,0.0,0.0,0.0,2002,clin,0.8
5,1,lr1e-04_bs32_modL1_fusion32_fusionL1_drop0p1_trmiss80_trlocclin,32,0.0001,1,32,1,0.1,lr1e-04_bs32_modL1_fusion32_fusionL1_drop0p1_trmiss80_trlocclin,34,0.3219225804011027,0.6722990274429321,0.6166328600405679,0.7157822953348685,0.5869565217391305,0.0,0.0,0.0,0.0,2002,clin,0.8
5,1,lr1e-04_bs32_modL1_fusion64_fusionL1_drop0p2_trmiss80_trlocclin,32,0.0001,1,64,1,0.2,lr1e-04_bs32_modL1_fusion64_fusionL1_drop0p2_trmiss80_trlocclin,1,0.6896249751249949,0.6946190595626831,0.4381338742393509,0.5894858015656821,0.5,0.0,0.0,0.0,0.0,2002,clin,0.8
5,1,lr1e-04_bs32_modL1_fusion64_fusionL1_drop0p2_trmiss80_trlocclin,32,0.0001,1,64,1,0.2,lr1e-04_bs32_modL1_fusion64_fusionL1_drop0p2_trmiss80_trlocclin,2,0.6437809069951376,0.6914885938167572,0.49290060851926976,0.6132460235770095,0.6304347826086957,0.0,0.0,0.0,0.0,2002,clin,0.8
5,1,lr1e-04_bs32_modL1_fusion64_fusionL1_drop0p2_trmiss80_trlocclin,32,0.0001,1,64,1,0.2,lr1e-04_bs32_modL1_fusion64_fusionL1_drop0p2_trmiss80_trlocclin,3,0.6185027658939362,0.6912731528282166,0.5273833671399594,0.6233696902682788,0.6086956521739131,0.0,0.0,0.0,0.0,2002,clin,0.8
5,1,lr1e-04_bs32_modL1_fusion64_fusionL1_drop0p2_trmiss80_trlocclin,32,0.0001,1,64,1,0.2,lr1e-04_bs32_modL1_fusion64_fusionL1_drop0p2_trmiss80_trlocclin,4,0.5901506046454111,0.6873168647289276,0.5212981744421907,0.6192533036257105,0.5869565217391305,0.0,0.0,0.0,0.0,2002,clin,0.8
5,1,lr1e-04_bs32_modL1_fusion64_fusionL1_drop0p2_trmiss80_trlocclin,32,0.0001,1,64,1,0.2,lr1e-04_bs32_modL1_fusion64_fusionL1_drop0p2_trmiss80_trlocclin,5,0.5857896010080973,0.683953046798706,0.5314401622718052,0.6224306708194756,0.6086956521739131,0.0,0.0,0.0,0.0,2002,clin,0.8
5,1,lr1e-04_bs32_modL1_fusion64_fusionL1_drop0p2_trmiss80_trlocclin,32,0.0001,1,64,1,0.2,lr1e-04_bs32_modL1_fusion64_fusionL1_drop0p2_trmiss80_trlocclin,6,0.5701115628083547,0.680413007736206,0.5476673427991886,0.6340141027168706,0.6086956521739131,0.0,0.0,0.0,0.0,2002,clin,0.8
5,1,lr1e-04_bs32_modL1_fusion64_fusionL1_drop0p2_trmiss80_trlocclin,32,0.0001,1,64,1,0.2,lr1e-04_bs32_modL1_fusion64_fusionL1_drop0p2_trmiss80_trlocclin,7,0.5410268058379492,0.6762303113937378,0.563894523326572,0.6404524471680849,0.6956521739130435,0.0,0.0,0.0,0.0,2002,clin,0.8
5,1,lr1e-04_bs32_modL1_fusion64_fusionL1_drop0p2_trmiss80_trlocclin,32,0.0001,1,64,1,0.2,lr1e-04_bs32_modL1_fusion64_fusionL1_drop0p2_trmiss80_trlocclin,8,0.5269129872322083,0.6682821810245514,0.5902636916835701,0.6570575260913075,0.717391304347826,0.0,0.0,0.0,0.0,2002,clin,0.8
5,1,lr1e-04_bs32_modL1_fusion64_fusionL1_drop0p2_trmiss80_trlocclin,32,0.0001,1,64,1,0.2,lr1e-04_bs32_modL1_fusion64_fusionL1_drop0p2_trmiss80_trlocclin,9,0.5196945071220398,0.66561359167099,0.6024340770791076,0.6667837355614104,0.6956521739130435,0.0,0.0,0.0,0.0,2002,clin,0.8
5,1,lr1e-04_bs32_modL1_fusion64_fusionL1_drop0p2_trmiss80_trlocclin,32,0.0001,1,64,1,0.2,lr1e-04_bs32_modL1_fusion64_fusionL1_drop0p2_trmiss80_trlocclin,10,0.48163215816020966,0.6643664240837097,0.6125760649087221,0.6942514073070242,0.6521739130434783,0.0,0.0,0.0,0.0,2002,clin,0.8
5,1,lr1e-04_bs32_modL1_fusion64_fusionL1_drop0p2_trmiss80_trlocclin,32,0.0001,1,64,1,0.2,lr1e-04_bs32_modL1_fusion64_fusionL1_drop0p2_trmiss80_trlocclin,11,0.4869442979494731,0.658307284116745,0.6105476673427992,0.6942022939637956,0.6304347826086957,0.0,0.0,0.0,0.0,2002,clin,0.8
5,1,lr1e-04_bs32_modL1_fusion64_fusionL1_drop0p2_trmiss80_trlocclin,32,0.0001,1,64,1,0.2,lr1e-04_bs32_modL1_fusion64_fusionL1_drop0p2_trmiss80_trlocclin,12,0.4695676366488139,0.6632165312767029,0.5882352941176471,0.6789263462497134,0.6304347826086957,0.0,0.0,0.0,0.0,2002,clin,0.8
5,1,lr1e-04_bs32_modL1_fusion64_fusionL1_drop0p2_trmiss80_trlocclin,32,0.0001,1,64,1,0.2,lr1e-04_bs32_modL1_fusion64_fusionL1_drop0p2_trmiss80_trlocclin,13,0.4588116904099782,0.6682963371276855,0.5638945233265721,0.6870217822056233,0.5869565217391305,0.0,0.0,0.0,0.0,2002,clin,0.8
5,1,lr1e-04_bs32_modL1_fusion64_fusionL1_drop0p2_trmiss80_trlocclin,32,0.0001,1,64,1,0.2,lr1e-04_bs32_modL1_fusion64_fusionL1_drop0p2_trmiss80_trlocclin,14,0.4542871465285619,0.6617113351821899,0.5740365111561867,0.6920558632397321,0.5869565217391305,0.0,0.0,0.0,0.0,2002,clin,0.8
5,1,lr1e-04_bs32_modL1_fusion64_fusionL1_drop0p2_trmiss80_trlocclin,32,0.0001,1,64,1,0.2,lr1e-04_bs32_modL1_fusion64_fusionL1_drop0p2_trmiss80_trlocclin,15,0.444473738471667,0.663516491651535,0.5760649087221096,0.6916313725040426,0.6086956521739131,0.0,0.0,0.0,0.0,2002,clin,0.8
5,1,lr1e-04_bs32_modL1_fusion64_fusionL1_drop0p2_trmiss80_trlocclin,32,0.0001,1,64,1,0.2,lr1e-04_bs32_modL1_fusion64_fusionL1_drop0p2_trmiss80_trlocclin,16,0.4516332099835078,0.668833315372467,0.5537525354969574,0.6719913874969429,0.5869565217391305,0.0,0.0,0.0,0.0,2002,clin,0.8
5,1,lr1e-04_bs32_modL1_fusion64_fusionL1_drop0p2_trmiss80_trlocclin,32,0.0001,1,64,1,0.2,lr1e-04_bs32_modL1_fusion64_fusionL1_drop0p2_trmiss80_trlocclin,17,0.4212733209133148,0.6804514825344086,0.5273833671399595,0.657182839539348,0.5217391304347826,0.0,0.0,0.0,0.0,2002,clin,0.8
5,1,lr1e-04_bs32_modL1_fusion64_fusionL1_drop0p2_trmiss80_trlocclin,32,0.0001,1,64,1,0.2,lr1e-04_bs32_modL1_fusion64_fusionL1_drop0p2_trmiss80_trlocclin,18,0.39902592202027637,0.681165337562561,0.5233265720081136,0.6543920883772563,0.5652173913043478,0.0,0.0,0.0,0.0,2002,clin,0.8
5,1,lr1e-04_bs32_modL1_fusion64_fusionL1_drop0p2_trmiss80_trlocclin,32,0.0001,1,64,1,0.2,lr1e-04_bs32_modL1_fusion64_fusionL1_drop0p2_trmiss80_trlocclin,19,0.41261177758375805,0.6819148659706116,0.515212981744422,0.6502645421767841,0.5869565217391305,0.0,0.0,0.0,0.0,2002,clin,0.8
5,1,lr1e-04_bs32_modL1_fusion64_fusionL1_drop0p2_trmiss80_trlocclin,32,0.0001,1,64,1,0.2,lr1e-04_bs32_modL1_fusion64_fusionL1_drop0p2_trmiss80_trlocclin,20,0.38803283870220184,0.6785069108009338,0.5233265720081136,0.6608318870160624,0.5652173913043478,0.0,0.0,0.0,0.0,2002,clin,0.8
5,1,lr1e-04_bs32_modL1_fusion64_fusionL1_drop0p2_trmiss80_trlocclin,32,0.0001,1,64,1,0.2,lr1e-04_bs32_modL1_fusion64_fusionL1_drop0p2_trmiss80_trlocclin,21,0.3958586851755778,0.6782711744308472,0.5273833671399595,0.6630605778654429,0.5869565217391305,0.0,0.0,0.0,0.0,2002,clin,0.8
5,1,lr1e-04_bs32_modL1_fusion64_fusionL1_drop0p2_trmiss80_trlocclin,32,0.0001,1,64,1,0.2,lr1e-04_bs32_modL1_fusion64_fusionL1_drop0p2_trmiss80_trlocclin,22,0.4064870923757553,0.6740156710147858,0.5354969574036511,0.6671318159067762,0.5869565217391305,0.0,0.0,0.0,0.0,2002,clin,0.8
5,1,lr1e-04_bs32_modL1_fusion64_fusionL1_drop0p2_trmiss80_trlocclin,32,0.0001,1,64,1,0.2,lr1e-04_bs32_modL1_fusion64_fusionL1_drop0p2_trmiss80_trlocclin,23,0.3744771480560303,0.670363038778305,0.5436105476673428,0.6531494192237869,0.5869565217391305,0.0,0.0,0.0,0.0,2002,clin,0.8
5,1,lr1e-04_bs32_modL1_fusion64_fusionL1_drop0p2_trmiss80_trlocclin,32,0.0001,1,64,1,0.2,lr1e-04_bs32_modL1_fusion64_fusionL1_drop0p2_trmiss80_trlocclin,24,0.37062910695870716,0.6724193692207336,0.5476673427991887,0.6569166386685179,0.5869565217391305,0.0,0.0,0.0,0.0,2002,clin,0.8
5,1,lr1e-04_bs32_modL1_fusion64_fusionL1_drop0p2_trmiss80_trlocclin,32,0.0001,1,64,1,0.2,lr1e-04_bs32_modL1_fusion64_fusionL1_drop0p2_trmiss80_trlocclin,25,0.36335596938927966,0.6754057109355927,0.5476673427991886,0.6570898351766099,0.6086956521739131,0.0,0.0,0.0,0.0,2002,clin,0.8
5,1,lr1e-04_bs32_modL1_fusion64_fusionL1_drop0p2_trmiss80_trlocclin,32,0.0001,1,64,1,0.2,lr1e-04_bs32_modL1_fusion64_fusionL1_drop0p2_trmiss80_trlocclin,26,0.3679315100113551,0.6770249307155609,0.5375253549695741,0.6535870295972324,0.6086956521739131,0.0,0.0,0.0,0.0,2002,clin,0.8
5,1,lr1e-04_bs32_modL1_fusion64_fusionL1_drop0p2_trmiss80_trlocclin,32,0.0001,1,64,1,0.2,lr1e-04_bs32_modL1_fusion64_fusionL1_drop0p2_trmiss80_trlocclin,27,0.3515263646841049,0.6774925291538239,0.5476673427991886,0.6572063153980376,0.5869565217391305,0.0,0.0,0.0,0.0,2002,clin,0.8
5,1,lr1e-04_bs32_modL1_fusion64_fusionL1_drop0p2_trmiss80_trlocclin,32,0.0001,1,64,1,0.2,lr1e-04_bs32_modL1_fusion64_fusionL1_drop0p2_trmiss80_trlocclin,28,0.37210556864738464,0.6774484813213348,0.5354969574036511,0.6505966240726412,0.5869565217391305,0.0,0.0,0.0,0.0,2002,clin,0.8
5,1,lr1e-04_bs32_modL1_fusion64_fusionL1_drop0p2_trmiss80_trlocclin,32,0.0001,1,64,1,0.2,lr1e-04_bs32_modL1_fusion64_fusionL1_drop0p2_trmiss80_trlocclin,29,0.36345888674259186,0.6752792000770569,0.5415821501014199,0.6527067650580002,0.6086956521739131,0.0,0.0,0.0,0.0,2002,clin,0.8
5,1,lr1e-04_bs32_modL1_fusion64_fusionL1_drop0p2_trmiss80_trlocclin,32,0.0001,1,64,1,0.2,lr1e-04_bs32_modL1_fusion64_fusionL1_drop0p2_trmiss80_trlocclin,30,0.3718104710181554,0.6758270859718323,0.5415821501014199,0.6528619757748672,0.6086956521739131,0.0,0.0,0.0,0.0,2002,clin,0.8
5,1,lr1e-04_bs32_modL1_fusion64_fusionL1_drop0p1_trmiss80_trlocclin,32,0.0001,1,64,1,0.1,lr1e-04_bs32_modL1_fusion64_fusionL1_drop0p1_trmiss80_trlocclin,1,0.7241400281588236,0.695094645023346,0.5172413793103449,0.670217277087483,0.5217391304347826,0.0,0.0,0.0,0.0,2002,clin,0.8
5,1,lr1e-04_bs32_modL1_fusion64_fusionL1_drop0p1_trmiss80_trlocclin,32,0.0001,1,64,1,0.1,lr1e-04_bs32_modL1_fusion64_fusionL1_drop0p1_trmiss80_trlocclin,2,0.6662853161493937,0.6832759082317352,0.6551724137931034,0.7869710535956049,0.6739130434782609,0.0,0.0,0.0,0.0,2002,clin,0.8
5,1,lr1e-04_bs32_modL1_fusion64_fusionL1_drop0p1_trmiss80_trlocclin,32,0.0001,1,64,1,0.1,lr1e-04_bs32_modL1_fusion64_fusionL1_drop0p1_trmiss80_trlocclin,3,0.6373645961284637,0.6747098863124847,0.7038539553752535,0.816375002930305,0.6304347826086957,0.0,0.0,0.0,0.0,2002,clin,0.8
5,1,lr1e-04_bs32_modL1_fusion64_fusionL1_drop0p1_trmiss80_trlocclin,32,0.0001,1,64,1,0.1,lr1e-04_bs32_modL1_fusion64_fusionL1_drop0p1_trmiss80_trlocclin,4,0.6083449323972067,0.6630882024765015,0.7586206896551724,0.8538878692524945,0.6304347826086957,0.0,0.0,0.0,0.0,2002,clin,0.8
5,1,lr1e-04_bs32_modL1_fusion64_fusionL1_drop0p1_trmiss80_trlocclin,32,0.0001,1,64,1,0.1,lr1e-04_bs32_modL1_fusion64_fusionL1_drop0p1_trmiss80_trlocclin,5,0.5907911062240601,0.6581799983978271,0.7545638945233266,0.8474895652068923,0.6739130434782609,0.0,0.0,0.0,0.0,2002,clin,0.8
5,1,lr1e-04_bs32_modL1_fusion64_fusionL1_drop0p1_trmiss80_trlocclin,32,0.0001,1,64,1,0.1,lr1e-04_bs32_modL1_fusion64_fusionL1_drop0p1_trmiss80_trlocclin,6,0.5674002369244894,0.6504695415496826,0.7565922920892495,0.8509876474748002,0.6739130434782609,0.0,0.0,0.0,0.0,2002,clin,0.8
5,1,lr1e-04_bs32_modL1_fusion64_fusionL1_drop0p1_trmiss80_trlocclin,32,0.0001,1,64,1,0.1,lr1e-04_bs32_modL1_fusion64_fusionL1_drop0p1_trmiss80_trlocclin,7,0.5512161453564962,0.6419875025749207,0.7728194726166329,0.862449786337578,0.717391304347826,0.0,0.0,0.0,0.0,2002,clin,0.8
5,1,lr1e-04_bs32_modL1_fusion64_fusionL1_drop0p1_trmiss80_trlocclin,32,0.0001,1,64,1,0.1,lr1e-04_bs32_modL1_fusion64_fusionL1_drop0p1_trmiss80_trlocclin,8,0.533401737610499,0.6417886912822723,0.7606490872210954,0.8458449315607137,0.717391304347826,0.0,0.0,0.0,0.0,2002,clin,0.8
5,1,lr1e-04_bs32_modL1_fusion64_fusionL1_drop0p1_trmiss80_trlocclin,32,0.0001,1,64,1,0.1,lr1e-04_bs32_modL1_fusion64_fusionL1_drop0p1_trmiss80_trlocclin,9,0.526991585890452,0.6437675654888153,0.7464503042596349,0.8234146757992852,0.6739130434782609,0.0,0.0,0.0,0.0,2002,clin,0.8
5,1,lr1e-04_bs32_modL1_fusion64_fusionL1_drop0p1_trmiss80_trlocclin,32,0.0001,1,64,1,0.1,lr1e-04_bs32_modL1_fusion64_fusionL1_drop0p1_trmiss80_trlocclin,10,0.4852740863958995,0.6434169411659241,0.7464503042596349,0.8155536113453782,0.6739130434782609,0.0,0.0,0.0,0.0,2002,clin,0.8
5,1,lr1e-04_bs32_modL1_fusion64_fusionL1_drop0p1_trmiss80_trlocclin,32,0.0001,1,64,1,0.1,lr1e-04_bs32_modL1_fusion64_fusionL1_drop0p1_trmiss80_trlocclin,11,0.4849550227324168,0.6372619569301605,0.77079107505071,0.8423492447896666,0.6739130434782609,0.0,0.0,0.0,0.0,2002,clin,0.8
5,1,lr1e-04_bs32_modL1_fusion64_fusionL1_drop0p1_trmiss80_trlocclin,32,0.0001,1,64,1,0.1,lr1e-04_bs32_modL1_fusion64_fusionL1_drop0p1_trmiss80_trlocclin,12,0.45865003764629364,0.6332202851772308,0.7768762677484787,0.846524960768174,0.6739130434782609,0.0,0.0,0.0,0.0,2002,clin,0.8
5,1,lr1e-04_bs32_modL1_fusion64_fusionL1_drop0p1_trmiss80_trlocclin,32,0.0001,1,64,1,0.1,lr1e-04_bs32_modL1_fusion64_fusionL1_drop0p1_trmiss80_trlocclin,13,0.4563840478658676,0.6268418431282043,0.7910750507099391,0.8562774595985665,0.6956521739130435,0.0,0.0,0.0,0.0,2002,clin,0.8
5,1,lr1e-04_bs32_modL1_fusion64_fusionL1_drop0p1_trmiss80_trlocclin,32,0.0001,1,64,1,0.1,lr1e-04_bs32_modL1_fusion64_fusionL1_drop0p1_trmiss80_trlocclin,14,0.44178105890750885,0.6253773272037506,0.7849898580121704,0.852721429901103,0.6739130434782609,0.0,0.0,0.0,0.0,2002,clin,0.8
5,1,lr1e-04_bs32_modL1_fusion64_fusionL1_drop0p1_trmiss80_trlocclin,32,0.0001,1,64,1,0.1,lr1e-04_bs32_modL1_fusion64_fusionL1_drop0p1_trmiss80_trlocclin,15,0.433113157749176,0.6311218440532684,0.7606490872210954,0.8271233978939696,0.6304347826086957,0.0,0.0,0.0,0.0,2002,clin,0.8
5,1,lr1e-04_bs32_modL1_fusion64_fusionL1_drop0p1_trmiss80_trlocclin,32,0.0001,1,64,1,0.1,lr1e-04_bs32_modL1_fusion64_fusionL1_drop0p1_trmiss80_trlocclin,16,0.411812682946523,0.6290387809276581,0.7586206896551724,0.8251559083646387,0.6739130434782609,0.0,0.0,0.0,0.0,2002,clin,0.8
5,1,lr1e-04_bs32_modL1_fusion64_fusionL1_drop0p1_trmiss80_trlocclin,32,0.0001,1,64,1,0.1,lr1e-04_bs32_modL1_fusion64_fusionL1_drop0p1_trmiss80_trlocclin,17,0.39695123831431073,0.6341536045074463,0.7322515212981745,0.8095460946207205,0.6956521739130435,0.0,0.0,0.0,0.0,2002,clin,0.8
5,1,lr1e-04_bs32_modL1_fusion64_fusionL1_drop0p1_trmiss80_trlocclin,32,0.0001,1,64,1,0.1,lr1e-04_bs32_modL1_fusion64_fusionL1_drop0p1_trmiss80_trlocclin,18,0.39516764382521313,0.6266780197620392,0.7342799188640974,0.8126658825109978,0.6956521739130435,0.0,0.0,0.0,0.0,2002,clin,0.8
5,1,lr1e-04_bs32_modL1_fusion64_fusionL1_drop0p1_trmiss80_trlocclin,32,0.0001,1,64,1,0.1,lr1e-04_bs32_modL1_fusion64_fusionL1_drop0p1_trmiss80_trlocclin,19,0.3646485209465027,0.624167263507843,0.742393509127789,0.8224104462743242,0.6521739130434783,0.0,0.0,0.0,0.0,2002,clin,0.8
5,1,lr1e-04_bs32_modL1_fusion64_fusionL1_drop0p1_trmiss80_trlocclin,32,0.0001,1,64,1,0.1,lr1e-04_bs32_modL1_fusion64_fusionL1_drop0p1_trmiss80_trlocclin,20,0.3695731957753499,0.6428947150707245,0.7038539553752535,0.7943851705993608,0.6304347826086957,0.0,0.0,0.0,0.0,2002,clin,0.8
5,1,lr1e-04_bs32_modL1_fusion64_fusionL1_drop0p1_trmiss80_trlocclin,32,0.0001,1,64,1,0.1,lr1e-04_bs32_modL1_fusion64_fusionL1_drop0p1_trmiss80_trlocclin,21,0.3592291573683421,0.6427613198757172,0.6957403651115619,0.7936276940179781,0.6304347826086957,0.0,0.0,0.0,0.0,2002,clin,0.8
5,1,lr1e-04_bs32_modL1_fusion64_fusionL1_drop0p1_trmiss80_trlocclin,32,0.0001,1,64,1,0.1,lr1e-04_bs32_modL1_fusion64_fusionL1_drop0p1_trmiss80_trlocclin,22,0.3374168475468953,0.6389445960521698,0.7079107505070994,0.7930497168275317,0.6304347826086957,0.0,0.0,0.0,0.0,2002,clin,0.8
5,1,lr1e-04_bs32_modL1_fusion64_fusionL1_drop0p1_trmiss80_trlocclin,32,0.0001,1,64,1,0.1,lr1e-04_bs32_modL1_fusion64_fusionL1_drop0p1_trmiss80_trlocclin,23,0.33114374180634815,0.6490030586719513,0.6754563894523327,0.7679760868797963,0.6086956521739131,0.0,0.0,0.0,0.0,2002,clin,0.8
5,1,lr1e-04_bs32_modL1_fusion64_fusionL1_drop0p1_trmiss80_trlocclin,32,0.0001,1,64,1,0.1,lr1e-04_bs32_modL1_fusion64_fusionL1_drop0p1_trmiss80_trlocclin,24,0.3322344770034154,0.6508539319038391,0.6774847870182555,0.7794028572976643,0.6304347826086957,0.0,0.0,0.0,0.0,2002,clin,0.8
5,1,lr1e-04_bs32_modL1_fusion64_fusionL1_drop0p1_trmiss80_trlocclin,32,0.0001,1,64,1,0.1,lr1e-04_bs32_modL1_fusion64_fusionL1_drop0p1_trmiss80_trlocclin,25,0.31775882343451184,0.6549214422702789,0.6713995943204869,0.7774506372114158,0.6086956521739131,0.0,0.0,0.0,0.0,2002,clin,0.8
5,1,lr1e-04_bs32_modL1_fusion64_fusionL1_drop0p1_trmiss80_trlocclin,32,0.0001,1,64,1,0.1,lr1e-04_bs32_modL1_fusion64_fusionL1_drop0p1_trmiss80_trlocclin,26,0.3305468410253525,0.6564638912677765,0.6673427991886409,0.7745203367348392,0.6304347826086957,0.0,0.0,0.0,0.0,2002,clin,0.8
5,1,lr1e-04_bs32_modL1_fusion64_fusionL1_drop0p1_trmiss80_trlocclin,32,0.0001,1,64,1,0.1,lr1e-04_bs32_modL1_fusion64_fusionL1_drop0p1_trmiss80_trlocclin,27,0.32145389417807263,0.6573325991630554,0.6713995943204869,0.7769964268940097,0.6304347826086957,0.0,0.0,0.0,0.0,2002,clin,0.8
5,1,lr1e-04_bs32_modL1_fusion64_fusionL1_drop0p1_trmiss80_trlocclin,32,0.0001,1,64,1,0.1,lr1e-04_bs32_modL1_fusion64_fusionL1_drop0p1_trmiss80_trlocclin,28,0.31797710061073303,0.654589056968689,0.6734279918864097,0.7721866905007887,0.6304347826086957,0.0,0.0,0.0,0.0,2002,clin,0.8
5,1,lr1e-04_bs32_modL1_fusion64_fusionL1_drop0p1_trmiss80_trlocclin,32,0.0001,1,64,1,0.1,lr1e-04_bs32_modL1_fusion64_fusionL1_drop0p1_trmiss80_trlocclin,29,0.29337658484776813,0.6545768082141876,0.6653144016227179,0.7610825431978379,0.6304347826086957,0.0,0.0,0.0,0.0,2002,clin,0.8
5,1,lr1e-04_bs32_modL1_fusion64_fusionL1_drop0p1_trmiss80_trlocclin,32,0.0001,1,64,1,0.1,lr1e-04_bs32_modL1_fusion64_fusionL1_drop0p1_trmiss80_trlocclin,30,0.2931033968925476,0.657738596200943,0.6632860040567952,0.7620501567434692,0.6304347826086957,0.0,0.0,0.0,0.0,2002,clin,0.8
5,1,lr1e-04_bs32_modL1_fusion64_fusionL1_drop0p1_trmiss80_trlocclin,32,0.0001,1,64,1,0.1,lr1e-04_bs32_modL1_fusion64_fusionL1_drop0p1_trmiss80_trlocclin,31,0.2922389010588328,0.662769228219986,0.6531440162271805,0.768253684463414,0.6521739130434783,0.0,0.0,0.0,0.0,2002,clin,0.8
5,1,lr1e-04_bs32_modL1_fusion64_fusionL1_drop0p1_trmiss80_trlocclin,32,0.0001,1,64,1,0.1,lr1e-04_bs32_modL1_fusion64_fusionL1_drop0p1_trmiss80_trlocclin,32,0.26945482194423676,0.6596605479717255,0.6612576064908722,0.7696397717261649,0.6304347826086957,0.0,0.0,0.0,0.0,2002,clin,0.8
5,1,lr1e-04_bs32_modL1_fusion64_fusionL1_drop0p1_trmiss80_trlocclin,32,0.0001,1,64,1,0.1,lr1e-04_bs32_modL1_fusion64_fusionL1_drop0p1_trmiss80_trlocclin,33,0.2659779265522957,0.6613373160362244,0.6490872210953347,0.7661693354583503,0.6304347826086957,0.0,0.0,0.0,0.0,2002,clin,0.8
5,2,lr5e-05_bs16_modL1_fusion32_fusionL1_drop0p2_trmiss80_trlocclin,16,5e-05,1,32,1,0.2,lr5e-05_bs16_modL1_fusion32_fusionL1_drop0p2_trmiss80_trlocclin,1,0.724672943353653,0.7285248239835104,0.4474789915966387,0.6262290884426402,0.35555555555555557,0.0,0.0,0.0,0.0,2002,clin,0.8
5,2,lr5e-05_bs16_modL1_fusion32_fusionL1_drop0p2_trmiss80_trlocclin,16,5e-05,1,32,1,0.2,lr5e-05_bs16_modL1_fusion32_fusionL1_drop0p2_trmiss80_trlocclin,2,0.6788865476846695,0.7241674462954203,0.4516806722689075,0.6590569887278557,0.4666666666666667,0.0,0.0,0.0,0.0,2002,clin,0.8
5,2,lr5e-05_bs16_modL1_fusion32_fusionL1_drop0p2_trmiss80_trlocclin,16,5e-05,1,32,1,0.2,lr5e-05_bs16_modL1_fusion32_fusionL1_drop0p2_trmiss80_trlocclin,3,0.6466309328873953,0.7166479627291361,0.48739495798319327,0.69180136423661,0.5333333333333333,0.0,0.0,0.0,0.0,2002,clin,0.8
5,2,lr5e-05_bs16_modL1_fusion32_fusionL1_drop0p2_trmiss80_trlocclin,16,5e-05,1,32,1,0.2,lr5e-05_bs16_modL1_fusion32_fusionL1_drop0p2_trmiss80_trlocclin,4,0.6560361186663309,0.7185762524604797,0.4747899159663865,0.7072521218414187,0.5333333333333333,0.0,0.0,0.0,0.0,2002,clin,0.8
5,2,lr5e-05_bs16_modL1_fusion32_fusionL1_drop0p2_trmiss80_trlocclin,16,5e-05,1,32,1,0.2,lr5e-05_bs16_modL1_fusion32_fusionL1_drop0p2_trmiss80_trlocclin,5,0.62106720606486,0.7145309646924337,0.46218487394957986,0.7063000147847533,0.5555555555555556,0.0,0.0,0.0,0.0,2002,clin,0.8
5,2,lr5e-05_bs16_modL1_fusion32_fusionL1_drop0p2_trmiss80_trlocclin,16,5e-05,1,32,1,0.2,lr5e-05_bs16_modL1_fusion32_fusionL1_drop0p2_trmiss80_trlocclin,6,0.6123690009117126,0.6969560384750366,0.49159663865546216,0.7184145985472017,0.5555555555555556,0.0,0.0,0.0,0.0,2002,clin,0.8
5,2,lr5e-05_bs16_modL1_fusion32_fusionL1_drop0p2_trmiss80_trlocclin,16,5e-05,1,32,1,0.2,lr5e-05_bs16_modL1_fusion32_fusionL1_drop0p2_trmiss80_trlocclin,7,0.5731278955936432,0.69420059521993,0.5063025210084033,0.7259288526048066,0.6,0.0,0.0,0.0,0.0,2002,clin,0.8
5,2,lr5e-05_bs16_modL1_fusion32_fusionL1_drop0p2_trmiss80_trlocclin,16,5e-05,1,32,1,0.2,lr5e-05_bs16_modL1_fusion32_fusionL1_drop0p2_trmiss80_trlocclin,8,0.5969093441963196,0.6949456334114075,0.5189075630252101,0.7338707720687236,0.5333333333333333,0.0,0.0,0.0,0.0,2002,clin,0.8
5,2,lr5e-05_bs16_modL1_fusion32_fusionL1_drop0p2_trmiss80_trlocclin,16,5e-05,1,32,1,0.2,lr5e-05_bs16_modL1_fusion32_fusionL1_drop0p2_trmiss80_trlocclin,9,0.5831709305445353,0.6939598917961121,0.5084033613445378,0.7338343603026424,0.5777777777777777,0.0,0.0,0.0,0.0,2002,clin,0.8
5,2,lr5e-05_bs16_modL1_fusion32_fusionL1_drop0p2_trmiss80_trlocclin,16,5e-05,1,32,1,0.2,lr5e-05_bs16_modL1_fusion32_fusionL1_drop0p2_trmiss80_trlocclin,10,0.5743833929300308,0.6992390950520834,0.49789915966386555,0.7204840660208678,0.5777777777777777,0.0,0.0,0.0,0.0,2002,clin,0.8
5,2,lr5e-05_bs16_modL1_fusion32_fusionL1_drop0p2_trmiss80_trlocclin,16,5e-05,1,32,1,0.2,lr5e-05_bs16_modL1_fusion32_fusionL1_drop0p2_trmiss80_trlocclin,11,0.5664776936173439,0.6993434230486552,0.5294117647058824,0.7375040181056132,0.5777777777777777,0.0,0.0,0.0,0.0,2002,clin,0.8
5,2,lr5e-05_bs16_modL1_fusion32_fusionL1_drop0p2_trmiss80_trlocclin,16,5e-05,1,32,1,0.2,lr5e-05_bs16_modL1_fusion32_fusionL1_drop0p2_trmiss80_trlocclin,12,0.5871050208806992,0.6806182662645975,0.5399159663865546,0.7554440576231266,0.5555555555555556,0.0,0.0,0.0,0.0,2002,clin,0.8
5,2,lr5e-05_bs16_modL1_fusion32_fusionL1_drop0p2_trmiss80_trlocclin,16,5e-05,1,32,1,0.2,lr5e-05_bs16_modL1_fusion32_fusionL1_drop0p2_trmiss80_trlocclin,13,0.5512428705890974,0.6974072456359863,0.5105042016806722,0.726491498201732,0.5333333333333333,0.0,0.0,0.0,0.0,2002,clin,0.8
5,2,lr5e-05_bs16_modL1_fusion32_fusionL1_drop0p2_trmiss80_trlocclin,16,5e-05,1,32,1,0.2,lr5e-05_bs16_modL1_fusion32_fusionL1_drop0p2_trmiss80_trlocclin,14,0.561228464047114,0.6867724259694418,0.5420168067226891,0.7501678210402732,0.5333333333333333,0.0,0.0,0.0,0.0,2002,clin,0.8
5,2,lr5e-05_bs16_modL1_fusion32_fusionL1_drop0p2_trmiss80_trlocclin,16,5e-05,1,32,1,0.2,lr5e-05_bs16_modL1_fusion32_fusionL1_drop0p2_trmiss80_trlocclin,15,0.5332442993919054,0.6830901702245077,0.569327731092437,0.7712250418314964,0.5555555555555556,0.0,0.0,0.0,0.0,2002,clin,0.8
5,2,lr5e-05_bs16_modL1_fusion32_fusionL1_drop0p2_trmiss80_trlocclin,16,5e-05,1,32,1,0.2,lr5e-05_bs16_modL1_fusion32_fusionL1_drop0p2_trmiss80_trlocclin,16,0.5113520696759224,0.6819650928179423,0.5756302521008404,0.7687671477516039,0.5555555555555556,0.0,0.0,0.0,0.0,2002,clin,0.8
5,2,lr5e-05_bs16_modL1_fusion32_fusionL1_drop0p2_trmiss80_trlocclin,16,5e-05,1,32,1,0.2,lr5e-05_bs16_modL1_fusion32_fusionL1_drop0p2_trmiss80_trlocclin,17,0.5174603735407194,0.6670488715171814,0.6071428571428571,0.7808586764459301,0.5777777777777777,0.0,0.0,0.0,0.0,2002,clin,0.8
5,2,lr5e-05_bs16_modL1_fusion32_fusionL1_drop0p2_trmiss80_trlocclin,16,5e-05,1,32,1,0.2,lr5e-05_bs16_modL1_fusion32_fusionL1_drop0p2_trmiss80_trlocclin,18,0.5253480250636736,0.6707711617151896,0.5966386554621849,0.774121418142733,0.5555555555555556,0.0,0.0,0.0,0.0,2002,clin,0.8
5,2,lr5e-05_bs16_modL1_fusion32_fusionL1_drop0p2_trmiss80_trlocclin,16,5e-05,1,32,1,0.2,lr5e-05_bs16_modL1_fusion32_fusionL1_drop0p2_trmiss80_trlocclin,19,0.49496536205212277,0.6668994426727295,0.6239495798319329,0.7955333406417635,0.5555555555555556,0.0,0.0,0.0,0.0,2002,clin,0.8
5,2,lr5e-05_bs16_modL1_fusion32_fusionL1_drop0p2_trmiss80_trlocclin,16,5e-05,1,32,1,0.2,lr5e-05_bs16_modL1_fusion32_fusionL1_drop0p2_trmiss80_trlocclin,20,0.5068367148439089,0.6753582159678141,0.6071428571428571,0.7747760728028771,0.6,0.0,0.0,0.0,0.0,2002,clin,0.8
5,2,lr5e-05_bs16_modL1_fusion32_fusionL1_drop0p2_trmiss80_trlocclin,16,5e-05,1,32,1,0.2,lr5e-05_bs16_modL1_fusion32_fusionL1_drop0p2_trmiss80_trlocclin,21,0.5002244437734286,0.6837932070096334,0.5672268907563026,0.7451082642346623,0.5333333333333333,0.0,0.0,0.0,0.0,2002,clin,0.8
5,2,lr5e-05_bs16_modL1_fusion32_fusionL1_drop0p2_trmiss80_trlocclin,16,5e-05,1,32,1,0.2,lr5e-05_bs16_modL1_fusion32_fusionL1_drop0p2_trmiss80_trlocclin,22,0.4992813790837924,0.681549608707428,0.5756302521008404,0.7547743982828841,0.5111111111111111,0.0,0.0,0.0,0.0,2002,clin,0.8
5,2,lr5e-05_bs16_modL1_fusion32_fusionL1_drop0p2_trmiss80_trlocclin,16,5e-05,1,32,1,0.2,lr5e-05_bs16_modL1_fusion32_fusionL1_drop0p2_trmiss80_trlocclin,23,0.4895857498049736,0.6797366539637247,0.5735294117647058,0.7630192056100278,0.5333333333333333,0.0,0.0,0.0,0.0,2002,clin,0.8
5,2,lr5e-05_bs16_modL1_fusion32_fusionL1_drop0p2_trmiss80_trlocclin,16,5e-05,1,32,1,0.2,lr5e-05_bs16_modL1_fusion32_fusionL1_drop0p2_trmiss80_trlocclin,24,0.4822611113389333,0.6742374698321024,0.5903361344537815,0.7687265353689958,0.5777777777777777,0.0,0.0,0.0,0.0,2002,clin,0.8
5,2,lr5e-05_bs16_modL1_fusion32_fusionL1_drop0p2_trmiss80_trlocclin,16,5e-05,1,32,1,0.2,lr5e-05_bs16_modL1_fusion32_fusionL1_drop0p2_trmiss80_trlocclin,25,0.4769121805826823,0.6687405506769816,0.6176470588235294,0.7891937800897749,0.5777777777777777,0.0,0.0,0.0,0.0,2002,clin,0.8
5,2,lr5e-05_bs16_modL1_fusion32_fusionL1_drop0p2_trmiss80_trlocclin,16,5e-05,1,32,1,0.2,lr5e-05_bs16_modL1_fusion32_fusionL1_drop0p2_trmiss80_trlocclin,26,0.4603470116853714,0.6741693417231241,0.6071428571428571,0.7748865205450034,0.5555555555555556,0.0,0.0,0.0,0.0,2002,clin,0.8
5,2,lr5e-05_bs16_modL1_fusion32_fusionL1_drop0p2_trmiss80_trlocclin,16,5e-05,1,32,1,0.2,lr5e-05_bs16_modL1_fusion32_fusionL1_drop0p2_trmiss80_trlocclin,27,0.45703121771415073,0.6799201965332031,0.5966386554621849,0.7659491675312956,0.5555555555555556,0.0,0.0,0.0,0.0,2002,clin,0.8
5,2,lr5e-05_bs16_modL1_fusion32_fusionL1_drop0p2_trmiss80_trlocclin,16,5e-05,1,32,1,0.2,lr5e-05_bs16_modL1_fusion32_fusionL1_drop0p2_trmiss80_trlocclin,28,0.47637022535006207,0.6816955407460531,0.5987394957983193,0.7685241904354613,0.4888888888888889,0.0,0.0,0.0,0.0,2002,clin,0.8
5,2,lr5e-05_bs16_modL1_fusion32_fusionL1_drop0p2_trmiss80_trlocclin,16,5e-05,1,32,1,0.2,lr5e-05_bs16_modL1_fusion32_fusionL1_drop0p2_trmiss80_trlocclin,29,0.44592240701119107,0.677622934182485,0.5903361344537815,0.7526505011123928,0.5333333333333333,0.0,0.0,0.0,0.0,2002,clin,0.8
5,2,lr5e-05_bs16_modL1_fusion32_fusionL1_drop0p2_trmiss80_trlocclin,16,5e-05,1,32,1,0.2,lr5e-05_bs16_modL1_fusion32_fusionL1_drop0p2_trmiss80_trlocclin,30,0.4499564617872238,0.6762820283571879,0.5861344537815126,0.7475366558360832,0.5777777777777777,0.0,0.0,0.0,0.0,2002,clin,0.8
5,2,lr5e-05_bs16_modL1_fusion32_fusionL1_drop0p2_trmiss80_trlocclin,16,5e-05,1,32,1,0.2,lr5e-05_bs16_modL1_fusion32_fusionL1_drop0p2_trmiss80_trlocclin,31,0.43359728157520294,0.6788565913836161,0.5945378151260504,0.7538988794764854,0.4888888888888889,0.0,0.0,0.0,0.0,2002,clin,0.8
5,2,lr5e-05_bs16_modL1_fusion32_fusionL1_drop0p2_trmiss80_trlocclin,16,5e-05,1,32,1,0.2,lr5e-05_bs16_modL1_fusion32_fusionL1_drop0p2_trmiss80_trlocclin,32,0.45049787561098736,0.6782880226771036,0.5903361344537815,0.749910723138705,0.5111111111111111,0.0,0.0,0.0,0.0,2002,clin,0.8
5,2,lr5e-05_bs16_modL1_fusion32_fusionL1_drop0p2_trmiss80_trlocclin,16,5e-05,1,32,1,0.2,lr5e-05_bs16_modL1_fusion32_fusionL1_drop0p2_trmiss80_trlocclin,33,0.45453551908334094,0.6787924766540527,0.5882352941176471,0.7483073241323237,0.4666666666666667,0.0,0.0,0.0,0.0,2002,clin,0.8
5,2,lr5e-05_bs16_modL1_fusion32_fusionL1_drop0p2_trmiss80_trlocclin,16,5e-05,1,32,1,0.2,lr5e-05_bs16_modL1_fusion32_fusionL1_drop0p2_trmiss80_trlocclin,34,0.4373895848790805,0.6715351939201355,0.592436974789916,0.7568443794144665,0.4888888888888889,0.0,0.0,0.0,0.0,2002,clin,0.8
5,2,lr5e-05_bs16_modL1_fusion32_fusionL1_drop0p2_trmiss80_trlocclin,16,5e-05,1,32,1,0.2,lr5e-05_bs16_modL1_fusion32_fusionL1_drop0p2_trmiss80_trlocclin,35,0.450831117729346,0.6723325053850809,0.5966386554621849,0.7586503627779321,0.5111111111111111,0.0,0.0,0.0,0.0,2002,clin,0.8
5,2,lr5e-05_bs16_modL1_fusion32_fusionL1_drop0p2_trmiss80_trlocclin,16,5e-05,1,32,1,0.2,lr5e-05_bs16_modL1_fusion32_fusionL1_drop0p2_trmiss80_trlocclin,36,0.44999780257542926,0.6759593486785889,0.5966386554621849,0.7629415655173304,0.5333333333333333,0.0,0.0,0.0,0.0,2002,clin,0.8
5,2,lr5e-05_bs16_modL1_fusion32_fusionL1_drop0p2_trmiss80_trlocclin,16,5e-05,1,32,1,0.2,lr5e-05_bs16_modL1_fusion32_fusionL1_drop0p2_trmiss80_trlocclin,37,0.4463644127051036,0.684290885925293,0.5945378151260504,0.7550128998041171,0.4666666666666667,0.0,0.0,0.0,0.0,2002,clin,0.8
5,2,lr5e-05_bs16_modL1_fusion32_fusionL1_drop0p2_trmiss80_trlocclin,16,5e-05,1,32,1,0.2,lr5e-05_bs16_modL1_fusion32_fusionL1_drop0p2_trmiss80_trlocclin,38,0.4497041255235672,0.6771114269892374,0.5987394957983194,0.7666762212647974,0.5333333333333333,0.0,0.0,0.0,0.0,2002,clin,0.8
5,2,lr5e-05_bs16_modL1_fusion32_fusionL1_drop0p2_trmiss80_trlocclin,16,5e-05,1,32,1,0.2,lr5e-05_bs16_modL1_fusion32_fusionL1_drop0p2_trmiss80_trlocclin,39,0.4380122323830922,0.6741860508918762,0.5924369747899159,0.7626980139229992,0.5333333333333333,0.0,0.0,0.0,0.0,2002,clin,0.8
5,2,lr5e-05_bs16_modL1_fusion32_fusionL1_drop0p1_trmiss80_trlocclin,16,5e-05,1,32,1,0.1,lr5e-05_bs16_modL1_fusion32_fusionL1_drop0p1_trmiss80_trlocclin,1,0.7658342470725378,0.6999571919441223,0.6512605042016807,0.7678717402979353,0.4444444444444444,0.0,0.0,0.0,0.0,2002,clin,0.8
5,2,lr5e-05_bs16_modL1_fusion32_fusionL1_drop0p1_trmiss80_trlocclin,16,5e-05,1,32,1,0.1,lr5e-05_bs16_modL1_fusion32_fusionL1_drop0p1_trmiss80_trlocclin,2,0.7285622805356979,0.691539982954661,0.6974789915966386,0.7923022041911947,0.4666666666666667,0.0,0.0,0.0,0.0,2002,clin,0.8
5,2,lr5e-05_bs16_modL1_fusion32_fusionL1_drop0p1_trmiss80_trlocclin,16,5e-05,1,32,1,0.1,lr5e-05_bs16_modL1_fusion32_fusionL1_drop0p1_trmiss80_trlocclin,3,0.7124674171209335,0.6901411016782125,0.7100840336134454,0.8125462662158098,0.4888888888888889,0.0,0.0,0.0,0.0,2002,clin,0.8
5,2,lr5e-05_bs16_modL1_fusion32_fusionL1_drop0p1_trmiss80_trlocclin,16,5e-05,1,32,1,0.1,lr5e-05_bs16_modL1_fusion32_fusionL1_drop0p1_trmiss80_trlocclin,4,0.6892094512780508,0.688410480817159,0.7142857142857143,0.8224762635983518,0.5333333333333333,0.0,0.0,0.0,0.0,2002,clin,0.8
5,2,lr5e-05_bs16_modL1_fusion32_fusionL1_drop0p1_trmiss80_trlocclin,16,5e-05,1,32,1,0.1,lr5e-05_bs16_modL1_fusion32_fusionL1_drop0p1_trmiss80_trlocclin,5,0.6651369531949362,0.6896030306816101,0.7226890756302521,0.8204821160345463,0.4888888888888889,0.0,0.0,0.0,0.0,2002,clin,0.8
5,2,lr5e-05_bs16_modL1_fusion32_fusionL1_drop0p1_trmiss80_trlocclin,16,5e-05,1,32,1,0.1,lr5e-05_bs16_modL1_fusion32_fusionL1_drop0p1_trmiss80_trlocclin,6,0.6453634550174078,0.6866003672281901,0.7205882352941176,0.8230869296164156,0.4888888888888889,0.0,0.0,0.0,0.0,2002,clin,0.8
5,2,lr5e-05_bs16_modL1_fusion32_fusionL1_drop0p1_trmiss80_trlocclin,16,5e-05,1,32,1,0.1,lr5e-05_bs16_modL1_fusion32_fusionL1_drop0p1_trmiss80_trlocclin,7,0.6429627239704132,0.6943576137224833,0.6911764705882353,0.8110642185053073,0.4888888888888889,0.0,0.0,0.0,0.0,2002,clin,0.8
5,2,lr5e-05_bs16_modL1_fusion32_fusionL1_drop0p1_trmiss80_trlocclin,16,5e-05,1,32,1,0.1,lr5e-05_bs16_modL1_fusion32_fusionL1_drop0p1_trmiss80_trlocclin,8,0.6255635221799215,0.6995053688685099,0.6722689075630252,0.7940373134189477,0.5111111111111111,0.0,0.0,0.0,0.0,2002,clin,0.8
5,2,lr5e-05_bs16_modL1_fusion32_fusionL1_drop0p1_trmiss80_trlocclin,16,5e-05,1,32,1,0.1,lr5e-05_bs16_modL1_fusion32_fusionL1_drop0p1_trmiss80_trlocclin,9,0.6152416815360388,0.6929167707761129,0.6890756302521008,0.7958694674764746,0.5111111111111111,0.0,0.0,0.0,0.0,2002,clin,0.8
5,2,lr5e-05_bs16_modL1_fusion32_fusionL1_drop0p1_trmiss80_trlocclin,16,5e-05,1,32,1,0.1,lr5e-05_bs16_modL1_fusion32_fusionL1_drop0p1_trmiss80_trlocclin,10,0.6038851588964462,0.6934818625450134,0.6638655462184874,0.7920009334214841,0.5333333333333333,0.0,0.0,0.0,0.0,2002,clin,0.8
5,2,lr5e-05_bs16_modL1_fusion32_fusionL1_drop0p1_trmiss80_trlocclin,16,5e-05,1,32,1,0.1,lr5e-05_bs16_modL1_fusion32_fusionL1_drop0p1_trmiss80_trlocclin,11,0.5816098501284918,0.6876542170842489,0.6932773109243697,0.8184219419135028,0.5777777777777777,0.0,0.0,0.0,0.0,2002,clin,0.8
5,2,lr5e-05_bs16_modL1_fusion32_fusionL1_drop0p1_trmiss80_trlocclin,16,5e-05,1,32,1,0.1,lr5e-05_bs16_modL1_fusion32_fusionL1_drop0p1_trmiss80_trlocclin,12,0.5945371761918068,0.6768668095270792,0.6995798319327731,0.8257075140698166,0.6,0.0,0.0,0.0,0.0,2002,clin,0.8
5,2,lr5e-05_bs16_modL1_fusion32_fusionL1_drop0p1_trmiss80_trlocclin,16,5e-05,1,32,1,0.1,lr5e-05_bs16_modL1_fusion32_fusionL1_drop0p1_trmiss80_trlocclin,13,0.6027890418966612,0.6836422284444174,0.6953781512605042,0.8220254351939688,0.6,0.0,0.0,0.0,0.0,2002,clin,0.8
5,2,lr5e-05_bs16_modL1_fusion32_fusionL1_drop0p1_trmiss80_trlocclin,16,5e-05,1,32,1,0.1,lr5e-05_bs16_modL1_fusion32_fusionL1_drop0p1_trmiss80_trlocclin,14,0.5645300000905991,0.6816098690032959,0.7037815126050421,0.830053046154065,0.5777777777777777,0.0,0.0,0.0,0.0,2002,clin,0.8
5,2,lr5e-05_bs16_modL1_fusion32_fusionL1_drop0p1_trmiss80_trlocclin,16,5e-05,1,32,1,0.1,lr5e-05_bs16_modL1_fusion32_fusionL1_drop0p1_trmiss80_trlocclin,15,0.5564065972963969,0.6840229630470276,0.6827731092436975,0.8199260677522064,0.5777777777777777,0.0,0.0,0.0,0.0,2002,clin,0.8
5,2,lr5e-05_bs16_modL1_fusion32_fusionL1_drop0p1_trmiss80_trlocclin,16,5e-05,1,32,1,0.1,lr5e-05_bs16_modL1_fusion32_fusionL1_drop0p1_trmiss80_trlocclin,16,0.5443713118632635,0.6823598941167196,0.6932773109243697,0.8241120740644591,0.5555555555555556,0.0,0.0,0.0,0.0,2002,clin,0.8
5,2,lr5e-05_bs16_modL1_fusion32_fusionL1_drop0p1_trmiss80_trlocclin,16,5e-05,1,32,1,0.1,lr5e-05_bs16_modL1_fusion32_fusionL1_drop0p1_trmiss80_trlocclin,17,0.5424680511156718,0.6764924128850301,0.6974789915966386,0.8196977488746858,0.5555555555555556,0.0,0.0,0.0,0.0,2002,clin,0.8
5,2,lr5e-05_bs16_modL1_fusion32_fusionL1_drop0p1_trmiss80_trlocclin,16,5e-05,1,32,1,0.1,lr5e-05_bs16_modL1_fusion32_fusionL1_drop0p1_trmiss80_trlocclin,18,0.522363692522049,0.6689536571502686,0.7100840336134454,0.8387925284748243,0.6,0.0,0.0,0.0,0.0,2002,clin,0.8
5,2,lr5e-05_bs16_modL1_fusion32_fusionL1_drop0p1_trmiss80_trlocclin,16,5e-05,1,32,1,0.1,lr5e-05_bs16_modL1_fusion32_fusionL1_drop0p1_trmiss80_trlocclin,19,0.5272337819139162,0.6766038735707601,0.6953781512605042,0.8274694137398253,0.5777777777777777,0.0,0.0,0.0,0.0,2002,clin,0.8
5,2,lr5e-05_bs16_modL1_fusion32_fusionL1_drop0p1_trmiss80_trlocclin,16,5e-05,1,32,1,0.1,lr5e-05_bs16_modL1_fusion32_fusionL1_drop0p1_trmiss80_trlocclin,20,0.5093767295281092,0.6854682366053263,0.6596638655462185,0.7904262875131958,0.6,0.0,0.0,0.0,0.0,2002,clin,0.8
5,2,lr5e-05_bs16_modL1_fusion32_fusionL1_drop0p1_trmiss80_trlocclin,16,5e-05,1,32,1,0.1,lr5e-05_bs16_modL1_fusion32_fusionL1_drop0p1_trmiss80_trlocclin,21,0.502930482228597,0.6866087913513184,0.6449579831932774,0.7722682955072917,0.5111111111111111,0.0,0.0,0.0,0.0,2002,clin,0.8
5,2,lr5e-05_bs16_modL1_fusion32_fusionL1_drop0p1_trmiss80_trlocclin,16,5e-05,1,32,1,0.1,lr5e-05_bs16_modL1_fusion32_fusionL1_drop0p1_trmiss80_trlocclin,22,0.5171122997999191,0.6769914825757345,0.6932773109243697,0.817473386218068,0.6,0.0,0.0,0.0,0.0,2002,clin,0.8
5,2,lr5e-05_bs16_modL1_fusion32_fusionL1_drop0p1_trmiss80_trlocclin,16,5e-05,1,32,1,0.1,lr5e-05_bs16_modL1_fusion32_fusionL1_drop0p1_trmiss80_trlocclin,23,0.4917290409406026,0.6672039031982422,0.6995798319327731,0.8226100528926965,0.5777777777777777,0.0,0.0,0.0,0.0,2002,clin,0.8
5,2,lr5e-05_bs16_modL1_fusion32_fusionL1_drop0p1_trmiss80_trlocclin,16,5e-05,1,32,1,0.1,lr5e-05_bs16_modL1_fusion32_fusionL1_drop0p1_trmiss80_trlocclin,24,0.48413683474063873,0.6679128209749857,0.6827731092436975,0.8023618400638415,0.6222222222222222,0.0,0.0,0.0,0.0,2002,clin,0.8
5,2,lr5e-05_bs16_modL1_fusion32_fusionL1_drop0p1_trmiss80_trlocclin,16,5e-05,1,32,1,0.1,lr5e-05_bs16_modL1_fusion32_fusionL1_drop0p1_trmiss80_trlocclin,25,0.4679158826669057,0.675129254659017,0.6680672268907563,0.7942668509017745,0.5555555555555556,0.0,0.0,0.0,0.0,2002,clin,0.8
5,2,lr5e-05_bs16_modL1_fusion64_fusionL1_drop0p2_trmiss80_trlocclin,16,5e-05,1,64,1,0.2,lr5e-05_bs16_modL1_fusion64_fusionL1_drop0p2_trmiss80_trlocclin,1,0.6875696281592051,0.6753937204678854,0.6470588235294117,0.7444875658515463,0.6,0.0,0.0,0.0,0.0,2002,clin,0.8
5,2,lr5e-05_bs16_modL1_fusion64_fusionL1_drop0p2_trmiss80_trlocclin,16,5e-05,1,64,1,0.2,lr5e-05_bs16_modL1_fusion64_fusionL1_drop0p2_trmiss80_trlocclin,2,0.6481975615024567,0.6608675519625345,0.6407563025210083,0.7477909704434902,0.6222222222222222,0.0,0.0,0.0,0.0,2002,clin,0.8
5,2,lr5e-05_bs16_modL1_fusion64_fusionL1_drop0p2_trmiss80_trlocclin,16,5e-05,1,64,1,0.2,lr5e-05_bs16_modL1_fusion64_fusionL1_drop0p2_trmiss80_trlocclin,3,0.6262818276882172,0.6567523082097372,0.6323529411764706,0.7276284751122588,0.6444444444444445,0.0,0.0,0.0,0.0,2002,clin,0.8
5,2,lr5e-05_bs16_modL1_fusion64_fusionL1_drop0p2_trmiss80_trlocclin,16,5e-05,1,64,1,0.2,lr5e-05_bs16_modL1_fusion64_fusionL1_drop0p2_trmiss80_trlocclin,4,0.6239016403754553,0.6631104350090027,0.6092436974789917,0.6949762467009394,0.6,0.0,0.0,0.0,0.0,2002,clin,0.8
5,2,lr5e-05_bs16_modL1_fusion64_fusionL1_drop0p2_trmiss80_trlocclin,16,5e-05,1,64,1,0.2,lr5e-05_bs16_modL1_fusion64_fusionL1_drop0p2_trmiss80_trlocclin,5,0.6019576489925385,0.6606142520904541,0.6239495798319328,0.7214166675632164,0.6444444444444445,0.0,0.0,0.0,0.0,2002,clin,0.8
5,2,lr5e-05_bs16_modL1_fusion64_fusionL1_drop0p2_trmiss80_trlocclin,16,5e-05,1,64,1,0.2,lr5e-05_bs16_modL1_fusion64_fusionL1_drop0p2_trmiss80_trlocclin,6,0.6214765161275864,0.6553385853767395,0.6470588235294117,0.7470603214089604,0.6,0.0,0.0,0.0,0.0,2002,clin,0.8
5,2,lr5e-05_bs16_modL1_fusion64_fusionL1_drop0p2_trmiss80_trlocclin,16,5e-05,1,64,1,0.2,lr5e-05_bs16_modL1_fusion64_fusionL1_drop0p2_trmiss80_trlocclin,7,0.6038845032453537,0.6501038670539856,0.6512605042016807,0.7504521179833309,0.6,0.0,0.0,0.0,0.0,2002,clin,0.8
5,2,lr5e-05_bs16_modL1_fusion64_fusionL1_drop0p2_trmiss80_trlocclin,16,5e-05,1,64,1,0.2,lr5e-05_bs16_modL1_fusion64_fusionL1_drop0p2_trmiss80_trlocclin,8,0.5848091095685959,0.6425323088963827,0.6701680672268908,0.7643888960299464,0.6222222222222222,0.0,0.0,0.0,0.0,2002,clin,0.8
5,2,lr5e-05_bs16_modL1_fusion64_fusionL1_drop0p2_trmiss80_trlocclin,16,5e-05,1,64,1,0.2,lr5e-05_bs16_modL1_fusion64_fusionL1_drop0p2_trmiss80_trlocclin,9,0.5764115502436956,0.6548139850298563,0.6281512605042017,0.7136585995131999,0.6,0.0,0.0,0.0,0.0,2002,clin,0.8
5,2,lr5e-05_bs16_modL1_fusion64_fusionL1_drop0p2_trmiss80_trlocclin,16,5e-05,1,64,1,0.2,lr5e-05_bs16_modL1_fusion64_fusionL1_drop0p2_trmiss80_trlocclin,10,0.555364894370238,0.6571325262387594,0.6239495798319328,0.6922793981547523,0.6444444444444445,0.0,0.0,0.0,0.0,2002,clin,0.8
5,2,lr5e-05_bs16_modL1_fusion64_fusionL1_drop0p2_trmiss80_trlocclin,16,5e-05,1,64,1,0.2,lr5e-05_bs16_modL1_fusion64_fusionL1_drop0p2_trmiss80_trlocclin,11,0.56023358553648,0.6558394034703573,0.6281512605042017,0.6978336750530937,0.6222222222222222,0.0,0.0,0.0,0.0,2002,clin,0.8
5,2,lr5e-05_bs16_modL1_fusion64_fusionL1_drop0p2_trmiss80_trlocclin,16,5e-05,1,64,1,0.2,lr5e-05_bs16_modL1_fusion64_fusionL1_drop0p2_trmiss80_trlocclin,12,0.5420315911372503,0.6495532592137655,0.6470588235294118,0.7371865425831937,0.6222222222222222,0.0,0.0,0.0,0.0,2002,clin,0.8
5,2,lr5e-05_bs16_modL1_fusion64_fusionL1_drop0p2_trmiss80_trlocclin,16,5e-05,1,64,1,0.2,lr5e-05_bs16_modL1_fusion64_fusionL1_drop0p2_trmiss80_trlocclin,13,0.539121575653553,0.6537679235140482,0.6113445378151261,0.7076081111022348,0.6222222222222222,0.0,0.0,0.0,0.0,2002,clin,0.8
5,2,lr5e-05_bs16_modL1_fusion64_fusionL1_drop0p2_trmiss80_trlocclin,16,5e-05,1,64,1,0.2,lr5e-05_bs16_modL1_fusion64_fusionL1_drop0p2_trmiss80_trlocclin,14,0.5450336237748464,0.6617364088694254,0.5924369747899161,0.6806740250440279,0.6444444444444445,0.0,0.0,0.0,0.0,2002,clin,0.8
5,2,lr5e-05_bs16_modL1_fusion64_fusionL1_drop0p2_trmiss80_trlocclin,16,5e-05,1,64,1,0.2,lr5e-05_bs16_modL1_fusion64_fusionL1_drop0p2_trmiss80_trlocclin,15,0.5236720790465673,0.6657532850901285,0.5735294117647058,0.672309413844438,0.6222222222222222,0.0,0.0,0.0,0.0,2002,clin,0.8
5,2,lr5e-05_bs16_modL1_fusion64_fusionL1_drop0p2_trmiss80_trlocclin,16,5e-05,1,64,1,0.2,lr5e-05_bs16_modL1_fusion64_fusionL1_drop0p2_trmiss80_trlocclin,16,0.5223134656747183,0.6652361154556274,0.5735294117647058,0.6756716937618855,0.6222222222222222,0.0,0.0,0.0,0.0,2002,clin,0.8
5,2,lr5e-05_bs16_modL1_fusion64_fusionL1_drop0p2_trmiss80_trlocclin,16,5e-05,1,64,1,0.2,lr5e-05_bs16_modL1_fusion64_fusionL1_drop0p2_trmiss80_trlocclin,17,0.4980358158548673,0.6638047695159912,0.5861344537815125,0.6665893689892048,0.6,0.0,0.0,0.0,0.0,2002,clin,0.8
5,2,lr5e-05_bs16_modL1_fusion64_fusionL1_drop0p2_trmiss80_trlocclin,16,5e-05,1,64,1,0.2,lr5e-05_bs16_modL1_fusion64_fusionL1_drop0p2_trmiss80_trlocclin,18,0.513660820821921,0.6624542474746704,0.5945378151260505,0.6726981177954364,0.6222222222222222,0.0,0.0,0.0,0.0,2002,clin,0.8
5,2,lr5e-05_bs16_modL1_fusion64_fusionL1_drop0p2_trmiss80_trlocclin,16,5e-05,1,64,1,0.2,lr5e-05_bs16_modL1_fusion64_fusionL1_drop0p2_trmiss80_trlocclin,19,0.5009194811185201,0.6629813512166342,0.592436974789916,0.6586677981351159,0.6444444444444445,0.0,0.0,0.0,0.0,2002,clin,0.8
5,2,lr5e-05_bs16_modL1_fusion64_fusionL1_drop0p2_trmiss80_trlocclin,16,5e-05,1,64,1,0.2,lr5e-05_bs16_modL1_fusion64_fusionL1_drop0p2_trmiss80_trlocclin,20,0.5125548715392748,0.6609558661778768,0.6092436974789915,0.6844518325704662,0.6222222222222222,0.0,0.0,0.0,0.0,2002,clin,0.8
5,2,lr5e-05_bs16_modL1_fusion64_fusionL1_drop0p2_trmiss80_trlocclin,16,5e-05,1,64,1,0.2,lr5e-05_bs16_modL1_fusion64_fusionL1_drop0p2_trmiss80_trlocclin,21,0.5009730607271194,0.6542386809984843,0.6218487394957983,0.6947753366909627,0.6444444444444445,0.0,0.0,0.0,0.0,2002,clin,0.8
5,2,lr5e-05_bs16_modL1_fusion64_fusionL1_drop0p2_trmiss80_trlocclin,16,5e-05,1,64,1,0.2,lr5e-05_bs16_modL1_fusion64_fusionL1_drop0p2_trmiss80_trlocclin,22,0.5292484412590662,0.6515581210454305,0.634453781512605,0.708937397182278,0.6444444444444445,0.0,0.0,0.0,0.0,2002,clin,0.8
5,2,lr5e-05_bs16_modL1_fusion64_fusionL1_drop0p2_trmiss80_trlocclin,16,5e-05,1,64,1,0.2,lr5e-05_bs16_modL1_fusion64_fusionL1_drop0p2_trmiss80_trlocclin,23,0.49854982147614163,0.6502140164375305,0.6428571428571429,0.7091210139570049,0.6666666666666666,0.0,0.0,0.0,0.0,2002,clin,0.8
5,2,lr5e-05_bs16_modL1_fusion64_fusionL1_drop0p2_trmiss80_trlocclin,16,5e-05,1,64,1,0.2,lr5e-05_bs16_modL1_fusion64_fusionL1_drop0p2_trmiss80_trlocclin,24,0.5001585731903712,0.6512740055720011,0.6449579831932772,0.7096097096548711,0.6666666666666666,0.0,0.0,0.0,0.0,2002,clin,0.8
5,2,lr5e-05_bs16_modL1_fusion64_fusionL1_drop0p2_trmiss80_trlocclin,16,5e-05,1,64,1,0.2,lr5e-05_bs16_modL1_fusion64_fusionL1_drop0p2_trmiss80_trlocclin,25,0.47989773750305176,0.6499778628349304,0.6302521008403361,0.7022438330250053,0.6444444444444445,0.0,0.0,0.0,0.0,2002,clin,0.8
5,2,lr5e-05_bs16_modL1_fusion64_fusionL1_drop0p2_trmiss80_trlocclin,16,5e-05,1,64,1,0.2,lr5e-05_bs16_modL1_fusion64_fusionL1_drop0p2_trmiss80_trlocclin,26,0.48171020050843555,0.6552001436551412,0.6281512605042017,0.7056082072021873,0.6666666666666666,0.0,0.0,0.0,0.0,2002,clin,0.8
5,2,lr5e-05_bs16_modL1_fusion64_fusionL1_drop0p2_trmiss80_trlocclin,16,5e-05,1,64,1,0.2,lr5e-05_bs16_modL1_fusion64_fusionL1_drop0p2_trmiss80_trlocclin,27,0.4635642146070798,0.6504872838656107,0.6218487394957983,0.6966213886378212,0.6444444444444445,0.0,0.0,0.0,0.0,2002,clin,0.8
5,2,lr5e-05_bs16_modL1_fusion64_fusionL1_drop0p2_trmiss80_trlocclin,16,5e-05,1,64,1,0.2,lr5e-05_bs16_modL1_fusion64_fusionL1_drop0p2_trmiss80_trlocclin,28,0.4889193574587504,0.6499834656715393,0.6260504201680672,0.7007980387185458,0.6444444444444445,0.0,0.0,0.0,0.0,2002,clin,0.8
5,2,lr5e-05_bs16_modL1_fusion64_fusionL1_drop0p1_trmiss80_trlocclin,16,5e-05,1,64,1,0.1,lr5e-05_bs16_modL1_fusion64_fusionL1_drop0p1_trmiss80_trlocclin,1,0.6859844277302424,0.6903584599494934,0.5861344537815126,0.6896516491203036,0.5111111111111111,0.0,0.0,0.0,0.0,2002,clin,0.8
5,2,lr5e-05_bs16_modL1_fusion64_fusionL1_drop0p1_trmiss80_trlocclin,16,5e-05,1,64,1,0.1,lr5e-05_bs16_modL1_fusion64_fusionL1_drop0p1_trmiss80_trlocclin,2,0.6418113658825556,0.6775591572125753,0.6197478991596639,0.728901292580451,0.6,0.0,0.0,0.0,0.0,2002,clin,0.8
5,2,lr5e-05_bs16_modL1_fusion64_fusionL1_drop0p1_trmiss80_trlocclin,16,5e-05,1,64,1,0.1,lr5e-05_bs16_modL1_fusion64_fusionL1_drop0p1_trmiss80_trlocclin,3,0.6229635427395502,0.676130215326945,0.5882352941176471,0.7121749462374986,0.6,0.0,0.0,0.0,0.0,2002,clin,0.8
5,2,lr5e-05_bs16_modL1_fusion64_fusionL1_drop0p1_trmiss80_trlocclin,16,5e-05,1,64,1,0.1,lr5e-05_bs16_modL1_fusion64_fusionL1_drop0p1_trmiss80_trlocclin,4,0.6040295163790385,0.6754673520723978,0.5861344537815126,0.7150231721141007,0.5777777777777777,0.0,0.0,0.0,0.0,2002,clin,0.8
5,2,lr5e-05_bs16_modL1_fusion64_fusionL1_drop0p1_trmiss80_trlocclin,16,5e-05,1,64,1,0.1,lr5e-05_bs16_modL1_fusion64_fusionL1_drop0p1_trmiss80_trlocclin,5,0.5874069010217985,0.6778285702069601,0.5798319327731093,0.7066367740077028,0.5777777777777777,0.0,0.0,0.0,0.0,2002,clin,0.8
5,2,lr5e-05_bs16_modL1_fusion64_fusionL1_drop0p1_trmiss80_trlocclin,16,5e-05,1,64,1,0.1,lr5e-05_bs16_modL1_fusion64_fusionL1_drop0p1_trmiss80_trlocclin,6,0.564847265680631,0.6778058211008707,0.5672268907563025,0.7048495055125881,0.5777777777777777,0.0,0.0,0.0,0.0,2002,clin,0.8
5,2,lr5e-05_bs16_modL1_fusion64_fusionL1_drop0p1_trmiss80_trlocclin,16,5e-05,1,64,1,0.1,lr5e-05_bs16_modL1_fusion64_fusionL1_drop0p1_trmiss80_trlocclin,7,0.5690830995639166,0.6809698343276978,0.5588235294117648,0.7042712891579741,0.5777777777777777,0.0,0.0,0.0,0.0,2002,clin,0.8
5,2,lr5e-05_bs16_modL1_fusion64_fusionL1_drop0p1_trmiss80_trlocclin,16,5e-05,1,64,1,0.1,lr5e-05_bs16_modL1_fusion64_fusionL1_drop0p1_trmiss80_trlocclin,8,0.5575150450070699,0.6768420338630676,0.5609243697478993,0.7094156889333567,0.5555555555555556,0.0,0.0,0.0,0.0,2002,clin,0.8
5,2,lr5e-05_bs16_modL1_fusion64_fusionL1_drop0p1_trmiss80_trlocclin,16,5e-05,1,64,1,0.1,lr5e-05_bs16_modL1_fusion64_fusionL1_drop0p1_trmiss80_trlocclin,9,0.555372973283132,0.6738628546396891,0.5420168067226891,0.6978110712475394,0.5777777777777777,0.0,0.0,0.0,0.0,2002,clin,0.8
5,2,lr5e-05_bs16_modL1_fusion64_fusionL1_drop0p1_trmiss80_trlocclin,16,5e-05,1,64,1,0.1,lr5e-05_bs16_modL1_fusion64_fusionL1_drop0p1_trmiss80_trlocclin,10,0.5473533024390539,0.6797846953074137,0.542016806722689,0.7065278428308919,0.5777777777777777,0.0,0.0,0.0,0.0,2002,clin,0.8
5,2,lr5e-05_bs16_modL1_fusion64_fusionL1_drop0p1_trmiss80_trlocclin,16,5e-05,1,64,1,0.1,lr5e-05_bs16_modL1_fusion64_fusionL1_drop0p1_trmiss80_trlocclin,11,0.5194384132822355,0.683615525563558,0.5420168067226891,0.713958719028906,0.5777777777777777,0.0,0.0,0.0,0.0,2002,clin,0.8
5,2,lr5e-05_bs16_modL1_fusion64_fusionL1_drop0p1_trmiss80_trlocclin,16,5e-05,1,64,1,0.1,lr5e-05_bs16_modL1_fusion64_fusionL1_drop0p1_trmiss80_trlocclin,12,0.502219038705031,0.6858832637468973,0.542016806722689,0.6946763990865567,0.5555555555555556,0.0,0.0,0.0,0.0,2002,clin,0.8
5,2,lr5e-05_bs16_modL1_fusion64_fusionL1_drop0p1_trmiss80_trlocclin,16,5e-05,1,64,1,0.1,lr5e-05_bs16_modL1_fusion64_fusionL1_drop0p1_trmiss80_trlocclin,13,0.5024313231309255,0.6825070778528849,0.5567226890756303,0.7153521237349081,0.6,0.0,0.0,0.0,0.0,2002,clin,0.8
5,2,lr5e-05_bs16_modL1_fusion64_fusionL1_drop0p1_trmiss80_trlocclin,16,5e-05,1,64,1,0.1,lr5e-05_bs16_modL1_fusion64_fusionL1_drop0p1_trmiss80_trlocclin,14,0.5086052442590395,0.671732505162557,0.5672268907563025,0.7262120701469152,0.6222222222222222,0.0,0.0,0.0,0.0,2002,clin,0.8
5,2,lr5e-05_bs16_modL1_fusion64_fusionL1_drop0p1_trmiss80_trlocclin,16,5e-05,1,64,1,0.1,lr5e-05_bs16_modL1_fusion64_fusionL1_drop0p1_trmiss80_trlocclin,15,0.47919496645530063,0.6683574716250101,0.5756302521008403,0.7212000490464097,0.6222222222222222,0.0,0.0,0.0,0.0,2002,clin,0.8
5,2,lr5e-05_bs16_modL1_fusion64_fusionL1_drop0p1_trmiss80_trlocclin,16,5e-05,1,64,1,0.1,lr5e-05_bs16_modL1_fusion64_fusionL1_drop0p1_trmiss80_trlocclin,16,0.4906434789299965,0.6669888297716776,0.5798319327731092,0.7334239940961212,0.6,0.0,0.0,0.0,0.0,2002,clin,0.8
5,2,lr5e-05_bs16_modL1_fusion64_fusionL1_drop0p1_trmiss80_trlocclin,16,5e-05,1,64,1,0.1,lr5e-05_bs16_modL1_fusion64_fusionL1_drop0p1_trmiss80_trlocclin,17,0.45525308201710385,0.6816321810086569,0.5504201680672269,0.7137524555714679,0.5555555555555556,0.0,0.0,0.0,0.0,2002,clin,0.8
5,2,lr5e-05_bs16_modL1_fusion64_fusionL1_drop0p1_trmiss80_trlocclin,16,5e-05,1,64,1,0.1,lr5e-05_bs16_modL1_fusion64_fusionL1_drop0p1_trmiss80_trlocclin,18,0.46037593732277554,0.6726014415423075,0.5630252100840336,0.7299734645072216,0.6,0.0,0.0,0.0,0.0,2002,clin,0.8
5,2,lr5e-05_bs16_modL1_fusion64_fusionL1_drop0p1_trmiss80_trlocclin,16,5e-05,1,64,1,0.1,lr5e-05_bs16_modL1_fusion64_fusionL1_drop0p1_trmiss80_trlocclin,19,0.4374388058980306,0.669137716293335,0.5672268907563025,0.7304433784290467,0.5555555555555556,0.0,0.0,0.0,0.0,2002,clin,0.8
5,2,lr5e-05_bs16_modL1_fusion64_fusionL1_drop0p1_trmiss80_trlocclin,16,5e-05,1,64,1,0.1,lr5e-05_bs16_modL1_fusion64_fusionL1_drop0p1_trmiss80_trlocclin,20,0.43837466339270276,0.672420601050059,0.5504201680672269,0.7220742864424718,0.6,0.0,0.0,0.0,0.0,2002,clin,0.8
5,2,lr5e-05_bs16_modL1_fusion64_fusionL1_drop0p1_trmiss80_trlocclin,16,5e-05,1,64,1,0.1,lr5e-05_bs16_modL1_fusion64_fusionL1_drop0p1_trmiss80_trlocclin,21,0.44036435584227246,0.6749133070309957,0.5630252100840337,0.736266303413847,0.5777777777777777,0.0,0.0,0.0,0.0,2002,clin,0.8
5,2,lr5e-05_bs16_modL1_fusion64_fusionL1_drop0p1_trmiss80_trlocclin,16,5e-05,1,64,1,0.1,lr5e-05_bs16_modL1_fusion64_fusionL1_drop0p1_trmiss80_trlocclin,22,0.4068089301387469,0.6765710512797037,0.5588235294117647,0.7314358858236529,0.5777777777777777,0.0,0.0,0.0,0.0,2002,clin,0.8
5,2,lr1e-04_bs16_modL1_fusion32_fusionL1_drop0p2_trmiss80_trlocclin,16,0.0001,1,32,1,0.2,lr1e-04_bs16_modL1_fusion32_fusionL1_drop0p2_trmiss80_trlocclin,1,0.6542360732952753,0.6415435870488485,0.8592436974789915,0.9200785384852123,0.7333333333333333,0.0,0.0,0.0,0.0,2002,clin,0.8
5,2,lr1e-04_bs16_modL1_fusion32_fusionL1_drop0p2_trmiss80_trlocclin,16,0.0001,1,32,1,0.2,lr1e-04_bs16_modL1_fusion32_fusionL1_drop0p2_trmiss80_trlocclin,2,0.6172876258691152,0.6120148698488871,0.8466386554621849,0.8929909945718768,0.7555555555555555,0.0,0.0,0.0,0.0,2002,clin,0.8
5,2,lr1e-04_bs16_modL1_fusion32_fusionL1_drop0p2_trmiss80_trlocclin,16,0.0001,1,32,1,0.2,lr1e-04_bs16_modL1_fusion32_fusionL1_drop0p2_trmiss80_trlocclin,3,0.5940361171960831,0.604930063088735,0.7941176470588236,0.8324075854748119,0.7555555555555555,0.0,0.0,0.0,0.0,2002,clin,0.8
5,2,lr1e-04_bs16_modL1_fusion32_fusionL1_drop0p2_trmiss80_trlocclin,16,0.0001,1,32,1,0.2,lr1e-04_bs16_modL1_fusion32_fusionL1_drop0p2_trmiss80_trlocclin,4,0.5754856963952383,0.6078627109527588,0.7794117647058822,0.853636680807666,0.7555555555555555,0.0,0.0,0.0,0.0,2002,clin,0.8
5,2,lr1e-04_bs16_modL1_fusion32_fusionL1_drop0p2_trmiss80_trlocclin,16,0.0001,1,32,1,0.2,lr1e-04_bs16_modL1_fusion32_fusionL1_drop0p2_trmiss80_trlocclin,5,0.5880544980367025,0.6075582901636759,0.7815126050420168,0.8438197255779548,0.7111111111111111,0.0,0.0,0.0,0.0,2002,clin,0.8
5,2,lr1e-04_bs16_modL1_fusion32_fusionL1_drop0p2_trmiss80_trlocclin,16,0.0001,1,32,1,0.2,lr1e-04_bs16_modL1_fusion32_fusionL1_drop0p2_trmiss80_trlocclin,6,0.5734224567810694,0.6053199966748556,0.7794117647058824,0.8461120987304206,0.7333333333333333,0.0,0.0,0.0,0.0,2002,clin,0.8
5,2,lr1e-04_bs16_modL1_fusion32_fusionL1_drop0p2_trmiss80_trlocclin,16,0.0001,1,32,1,0.2,lr1e-04_bs16_modL1_fusion32_fusionL1_drop0p2_trmiss80_trlocclin,7,0.542257770895958,0.6054421265920004,0.7668067226890757,0.8369575949684966,0.7111111111111111,0.0,0.0,0.0,0.0,2002,clin,0.8
5,2,lr1e-04_bs16_modL1_fusion32_fusionL1_drop0p2_trmiss80_trlocclin,16,0.0001,1,32,1,0.2,lr1e-04_bs16_modL1_fusion32_fusionL1_drop0p2_trmiss80_trlocclin,8,0.5155263592799505,0.601620097955068,0.7668067226890756,0.8349416231125579,0.7333333333333333,0.0,0.0,0.0,0.0,2002,clin,0.8
5,2,lr1e-04_bs16_modL1_fusion32_fusionL1_drop0p2_trmiss80_trlocclin,16,0.0001,1,32,1,0.2,lr1e-04_bs16_modL1_fusion32_fusionL1_drop0p2_trmiss80_trlocclin,9,0.49380216002464294,0.5997951428095499,0.7710084033613445,0.8472729730143965,0.7555555555555555,0.0,0.0,0.0,0.0,2002,clin,0.8
5,2,lr1e-04_bs16_modL1_fusion32_fusionL1_drop0p2_trmiss80_trlocclin,16,0.0001,1,32,1,0.2,lr1e-04_bs16_modL1_fusion32_fusionL1_drop0p2_trmiss80_trlocclin,10,0.5183434908588728,0.5984921058019003,0.7752100840336135,0.846173681889474,0.7333333333333333,0.0,0.0,0.0,0.0,2002,clin,0.8
5,2,lr1e-04_bs16_modL1_fusion32_fusionL1_drop0p2_trmiss80_trlocclin,16,0.0001,1,32,1,0.2,lr1e-04_bs16_modL1_fusion32_fusionL1_drop0p2_trmiss80_trlocclin,11,0.5001553520560265,0.6039736072222391,0.7584033613445378,0.8279777761009011,0.7111111111111111,0.0,0.0,0.0,0.0,2002,clin,0.8
5,2,lr1e-04_bs16_modL1_fusion32_fusionL1_drop0p2_trmiss80_trlocclin,16,0.0001,1,32,1,0.2,lr1e-04_bs16_modL1_fusion32_fusionL1_drop0p2_trmiss80_trlocclin,12,0.47255954643090564,0.6077600121498108,0.75,0.8265589855595554,0.7333333333333333,0.0,0.0,0.0,0.0,2002,clin,0.8
5,2,lr1e-04_bs16_modL1_fusion32_fusionL1_drop0p2_trmiss80_trlocclin,16,0.0001,1,32,1,0.2,lr1e-04_bs16_modL1_fusion32_fusionL1_drop0p2_trmiss80_trlocclin,13,0.4554427241285642,0.6106140414873759,0.7352941176470589,0.8127494909932641,0.7111111111111111,0.0,0.0,0.0,0.0,2002,clin,0.8
5,2,lr1e-04_bs16_modL1_fusion32_fusionL1_drop0p2_trmiss80_trlocclin,16,0.0001,1,32,1,0.2,lr1e-04_bs16_modL1_fusion32_fusionL1_drop0p2_trmiss80_trlocclin,14,0.45391998440027237,0.6117233037948608,0.7247899159663865,0.8025492161571441,0.7111111111111111,0.0,0.0,0.0,0.0,2002,clin,0.8
5,2,lr1e-04_bs16_modL1_fusion32_fusionL1_drop0p2_trmiss80_trlocclin,16,0.0001,1,32,1,0.2,lr1e-04_bs16_modL1_fusion32_fusionL1_drop0p2_trmiss80_trlocclin,15,0.44208111117283505,0.6057366530100504,0.7394957983193278,0.8275707611462203,0.6888888888888889,0.0,0.0,0.0,0.0,2002,clin,0.8
5,2,lr1e-04_bs16_modL1_fusion32_fusionL1_drop0p2_trmiss80_trlocclin,16,0.0001,1,32,1,0.2,lr1e-04_bs16_modL1_fusion32_fusionL1_drop0p2_trmiss80_trlocclin,16,0.43872671326001483,0.6154437263806661,0.7184873949579832,0.8079625215077214,0.6888888888888889,0.0,0.0,0.0,0.0,2002,clin,0.8
5,2,lr1e-04_bs16_modL1_fusion32_fusionL1_drop0p2_trmiss80_trlocclin,16,0.0001,1,32,1,0.2,lr1e-04_bs16_modL1_fusion32_fusionL1_drop0p2_trmiss80_trlocclin,17,0.4177762145797412,0.6139212449391683,0.7142857142857143,0.8109856254889354,0.6888888888888889,0.0,0.0,0.0,0.0,2002,clin,0.8
5,2,lr1e-04_bs16_modL1_fusion32_fusionL1_drop0p2_trmiss80_trlocclin,16,0.0001,1,32,1,0.2,lr1e-04_bs16_modL1_fusion32_fusionL1_drop0p2_trmiss80_trlocclin,18,0.42779944092035294,0.6129866639773051,0.7100840336134453,0.8070152435644861,0.6888888888888889,0.0,0.0,0.0,0.0,2002,clin,0.8
5,2,lr1e-04_bs16_modL1_fusion32_fusionL1_drop0p2_trmiss80_trlocclin,16,0.0001,1,32,1,0.2,lr1e-04_bs16_modL1_fusion32_fusionL1_drop0p2_trmiss80_trlocclin,19,0.41990409543116886,0.6200023094813029,0.6995798319327731,0.7838003775932838,0.6888888888888889,0.0,0.0,0.0,0.0,2002,clin,0.8
5,2,lr1e-04_bs16_modL1_fusion32_fusionL1_drop0p2_trmiss80_trlocclin,16,0.0001,1,32,1,0.2,lr1e-04_bs16_modL1_fusion32_fusionL1_drop0p2_trmiss80_trlocclin,20,0.4371798361341159,0.6256465117136637,0.680672268907563,0.7657327363898404,0.6888888888888889,0.0,0.0,0.0,0.0,2002,clin,0.8
5,2,lr1e-04_bs16_modL1_fusion32_fusionL1_drop0p2_trmiss80_trlocclin,16,0.0001,1,32,1,0.2,lr1e-04_bs16_modL1_fusion32_fusionL1_drop0p2_trmiss80_trlocclin,21,0.40327785660823184,0.632563312848409,0.6470588235294117,0.7395641002369959,0.6888888888888889,0.0,0.0,0.0,0.0,2002,clin,0.8
5,2,lr1e-04_bs16_modL1_fusion32_fusionL1_drop0p1_trmiss80_trlocclin,16,0.0001,1,32,1,0.1,lr1e-04_bs16_modL1_fusion32_fusionL1_drop0p1_trmiss80_trlocclin,1,0.7659606486558914,0.7119501431783041,0.7016806722689075,0.756746775188244,0.37777777777777777,0.0,0.0,0.0,0.0,2002,clin,0.8
5,2,lr1e-04_bs16_modL1_fusion32_fusionL1_drop0p1_trmiss80_trlocclin,16,0.0001,1,32,1,0.1,lr1e-04_bs16_modL1_fusion32_fusionL1_drop0p1_trmiss80_trlocclin,2,0.7156609743833542,0.7001354297002157,0.7394957983193278,0.8084831425072159,0.4666666666666667,0.0,0.0,0.0,0.0,2002,clin,0.8
5,2,lr1e-04_bs16_modL1_fusion32_fusionL1_drop0p1_trmiss80_trlocclin,16,0.0001,1,32,1,0.1,lr1e-04_bs16_modL1_fusion32_fusionL1_drop0p1_trmiss80_trlocclin,3,0.6861571768919627,0.7003828684488932,0.7310924369747899,0.7882790172160822,0.4222222222222222,0.0,0.0,0.0,0.0,2002,clin,0.8
5,2,lr1e-04_bs16_modL1_fusion32_fusionL1_drop0p1_trmiss80_trlocclin,16,0.0001,1,32,1,0.1,lr1e-04_bs16_modL1_fusion32_fusionL1_drop0p1_trmiss80_trlocclin,4,0.6533985535303751,0.70755535364151,0.7016806722689076,0.758045090199273,0.4222222222222222,0.0,0.0,0.0,0.0,2002,clin,0.8
5,2,lr1e-04_bs16_modL1_fusion32_fusionL1_drop0p1_trmiss80_trlocclin,16,0.0001,1,32,1,0.1,lr1e-04_bs16_modL1_fusion32_fusionL1_drop0p1_trmiss80_trlocclin,5,0.6526640752951304,0.7114948431650797,0.6995798319327731,0.749846274572798,0.4222222222222222,0.0,0.0,0.0,0.0,2002,clin,0.8
5,2,lr1e-04_bs16_modL1_fusion32_fusionL1_drop0p1_trmiss80_trlocclin,16,0.0001,1,32,1,0.1,lr1e-04_bs16_modL1_fusion32_fusionL1_drop0p1_trmiss80_trlocclin,6,0.6274522443612417,0.7065586646397909,0.6638655462184875,0.749624631072038,0.4666666666666667,0.0,0.0,0.0,0.0,2002,clin,0.8
5,2,lr1e-04_bs16_modL1_fusion32_fusionL1_drop0p1_trmiss80_trlocclin,16,0.0001,1,32,1,0.1,lr1e-04_bs16_modL1_fusion32_fusionL1_drop0p1_trmiss80_trlocclin,7,0.6328349436322848,0.7234890659650167,0.6323529411764706,0.7261906804762328,0.4444444444444444,0.0,0.0,0.0,0.0,2002,clin,0.8
5,2,lr1e-04_bs16_modL1_fusion32_fusionL1_drop0p1_trmiss80_trlocclin,16,0.0001,1,32,1,0.1,lr1e-04_bs16_modL1_fusion32_fusionL1_drop0p1_trmiss80_trlocclin,8,0.6050669600566229,0.7176931897799174,0.6302521008403361,0.7224982765391464,0.4888888888888889,0.0,0.0,0.0,0.0,2002,clin,0.8
5,2,lr1e-04_bs16_modL1_fusion32_fusionL1_drop0p1_trmiss80_trlocclin,16,0.0001,1,32,1,0.1,lr1e-04_bs16_modL1_fusion32_fusionL1_drop0p1_trmiss80_trlocclin,9,0.5825546979904175,0.7060587207476298,0.6365546218487396,0.7294542208815983,0.5333333333333333,0.0,0.0,0.0,0.0,2002,clin,0.8
5,2,lr1e-04_bs16_modL1_fusion32_fusionL1_drop0p1_trmiss80_trlocclin,16,0.0001,1,32,1,0.1,lr1e-04_bs16_modL1_fusion32_fusionL1_drop0p1_trmiss80_trlocclin,10,0.5750278905034065,0.7040579319000244,0.6407563025210083,0.7340418005587468,0.5333333333333333,0.0,0.0,0.0,0.0,2002,clin,0.8
5,2,lr1e-04_bs16_modL1_fusion32_fusionL1_drop0p1_trmiss80_trlocclin,16,0.0001,1,32,1,0.1,lr1e-04_bs16_modL1_fusion32_fusionL1_drop0p1_trmiss80_trlocclin,11,0.5469657133022944,0.7011393109957377,0.6533613445378151,0.7374926646133073,0.5333333333333333,0.0,0.0,0.0,0.0,2002,clin,0.8
5,2,lr1e-04_bs16_modL1_fusion32_fusionL1_drop0p1_trmiss80_trlocclin,16,0.0001,1,32,1,0.1,lr1e-04_bs16_modL1_fusion32_fusionL1_drop0p1_trmiss80_trlocclin,12,0.565377856294314,0.7121443351109823,0.6449579831932772,0.7035723593659358,0.4888888888888889,0.0,0.0,0.0,0.0,2002,clin,0.8
5,2,lr1e-04_bs16_modL1_fusion32_fusionL1_drop0p1_trmiss80_trlocclin,16,0.0001,1,32,1,0.1,lr1e-04_bs16_modL1_fusion32_fusionL1_drop0p1_trmiss80_trlocclin,13,0.5472211291392645,0.7081272800763448,0.6554621848739496,0.7023749286178137,0.5111111111111111,0.0,0.0,0.0,0.0,2002,clin,0.8
5,2,lr1e-04_bs16_modL1_fusion32_fusionL1_drop0p1_trmiss80_trlocclin,16,0.0001,1,32,1,0.1,lr1e-04_bs16_modL1_fusion32_fusionL1_drop0p1_trmiss80_trlocclin,14,0.525685911377271,0.7003548542658488,0.6659663865546218,0.7165298509543409,0.4888888888888889,0.0,0.0,0.0,0.0,2002,clin,0.8
5,2,lr1e-04_bs16_modL1_fusion32_fusionL1_drop0p1_trmiss80_trlocclin,16,0.0001,1,32,1,0.1,lr1e-04_bs16_modL1_fusion32_fusionL1_drop0p1_trmiss80_trlocclin,15,0.5237259815136591,0.6942598819732666,0.6512605042016807,0.7015183356982604,0.5111111111111111,0.0,0.0,0.0,0.0,2002,clin,0.8
5,2,lr1e-04_bs16_modL1_fusion32_fusionL1_drop0p1_trmiss80_trlocclin,16,0.0001,1,32,1,0.1,lr1e-04_bs16_modL1_fusion32_fusionL1_drop0p1_trmiss80_trlocclin,16,0.524630477031072,0.697390596071879,0.6491596638655462,0.7032978486083751,0.5333333333333333,0.0,0.0,0.0,0.0,2002,clin,0.8
5,2,lr1e-04_bs16_modL1_fusion32_fusionL1_drop0p1_trmiss80_trlocclin,16,0.0001,1,32,1,0.1,lr1e-04_bs16_modL1_fusion32_fusionL1_drop0p1_trmiss80_trlocclin,17,0.5135334556301435,0.6892499923706055,0.6512605042016807,0.7181747628206607,0.5111111111111111,0.0,0.0,0.0,0.0,2002,clin,0.8
5,2,lr1e-04_bs16_modL1_fusion32_fusionL1_drop0p1_trmiss80_trlocclin,16,0.0001,1,32,1,0.1,lr1e-04_bs16_modL1_fusion32_fusionL1_drop0p1_trmiss80_trlocclin,18,0.5093476176261902,0.6948626836140951,0.657563025210084,0.7155912369470517,0.5555555555555556,0.0,0.0,0.0,0.0,2002,clin,0.8
5,2,lr1e-04_bs16_modL1_fusion32_fusionL1_drop0p1_trmiss80_trlocclin,16,0.0001,1,32,1,0.1,lr1e-04_bs16_modL1_fusion32_fusionL1_drop0p1_trmiss80_trlocclin,19,0.497860627869765,0.6903803745905558,0.6533613445378151,0.6981489738053578,0.5111111111111111,0.0,0.0,0.0,0.0,2002,clin,0.8
5,2,lr1e-04_bs16_modL1_fusion32_fusionL1_drop0p1_trmiss80_trlocclin,16,0.0001,1,32,1,0.1,lr1e-04_bs16_modL1_fusion32_fusionL1_drop0p1_trmiss80_trlocclin,20,0.5042096301913261,0.6890448729197184,0.6449579831932772,0.6940390200433096,0.5333333333333333,0.0,0.0,0.0,0.0,2002,clin,0.8
5,2,lr1e-04_bs16_modL1_fusion32_fusionL1_drop0p1_trmiss80_trlocclin,16,0.0001,1,32,1,0.1,lr1e-04_bs16_modL1_fusion32_fusionL1_drop0p1_trmiss80_trlocclin,21,0.5152195443709692,0.6984413464864095,0.6491596638655462,0.7012308479378795,0.5777777777777777,0.0,0.0,0.0,0.0,2002,clin,0.8
5,2,lr1e-04_bs16_modL1_fusion32_fusionL1_drop0p1_trmiss80_trlocclin,16,0.0001,1,32,1,0.1,lr1e-04_bs16_modL1_fusion32_fusionL1_drop0p1_trmiss80_trlocclin,22,0.5112574522693952,0.701585074265798,0.6512605042016807,0.7226577086100205,0.5111111111111111,0.0,0.0,0.0,0.0,2002,clin,0.8
5,2,lr1e-04_bs16_modL1_fusion64_fusionL1_drop0p2_trmiss80_trlocclin,16,0.0001,1,64,1,0.2,lr1e-04_bs16_modL1_fusion64_fusionL1_drop0p2_trmiss80_trlocclin,1,0.7525043984254202,0.6991389989852905,0.5714285714285715,0.6809699005185076,0.4888888888888889,0.0,0.0,0.0,0.0,2002,clin,0.8
5,2,lr1e-04_bs16_modL1_fusion64_fusionL1_drop0p2_trmiss80_trlocclin,16,0.0001,1,64,1,0.2,lr1e-04_bs16_modL1_fusion64_fusionL1_drop0p2_trmiss80_trlocclin,2,0.7463062008221945,0.6954893469810486,0.6491596638655462,0.7283671942946184,0.4888888888888889,0.0,0.0,0.0,0.0,2002,clin,0.8
5,2,lr1e-04_bs16_modL1_fusion64_fusionL1_drop0p2_trmiss80_trlocclin,16,0.0001,1,64,1,0.2,lr1e-04_bs16_modL1_fusion64_fusionL1_drop0p2_trmiss80_trlocclin,3,0.707240879535675,0.6957566539446512,0.680672268907563,0.7684958750050033,0.4666666666666667,0.0,0.0,0.0,0.0,2002,clin,0.8
5,2,lr1e-04_bs16_modL1_fusion64_fusionL1_drop0p2_trmiss80_trlocclin,16,0.0001,1,64,1,0.2,lr1e-04_bs16_modL1_fusion64_fusionL1_drop0p2_trmiss80_trlocclin,4,0.6599345505237579,0.6920069058736166,0.6617647058823529,0.7613256394280719,0.5333333333333333,0.0,0.0,0.0,0.0,2002,clin,0.8
5,2,lr1e-04_bs16_modL1_fusion64_fusionL1_drop0p2_trmiss80_trlocclin,16,0.0001,1,64,1,0.2,lr1e-04_bs16_modL1_fusion64_fusionL1_drop0p2_trmiss80_trlocclin,5,0.6379360457261404,0.6820943355560303,0.6974789915966386,0.8023345511019505,0.5777777777777777,0.0,0.0,0.0,0.0,2002,clin,0.8
5,2,lr1e-04_bs16_modL1_fusion64_fusionL1_drop0p2_trmiss80_trlocclin,16,0.0001,1,64,1,0.2,lr1e-04_bs16_modL1_fusion64_fusionL1_drop0p2_trmiss80_trlocclin,6,0.6321857025225958,0.6773485740025839,0.7394957983193278,0.8177287574570415,0.6222222222222222,0.0,0.0,0.0,0.0,2002,clin,0.8
5,2,lr1e-04_bs16_modL1_fusion64_fusionL1_drop0p2_trmiss80_trlocclin,16,0.0001,1,64,1,0.2,lr1e-04_bs16_modL1_fusion64_fusionL1_drop0p2_trmiss80_trlocclin,7,0.6072529628872871,0.6729266047477722,0.7415966386554622,0.829079457757998,0.6444444444444445,0.0,0.0,0.0,0.0,2002,clin,0.8
5,2,lr1e-04_bs16_modL1_fusion64_fusionL1_drop0p2_trmiss80_trlocclin,16,0.0001,1,64,1,0.2,lr1e-04_bs16_modL1_fusion64_fusionL1_drop0p2_trmiss80_trlocclin,8,0.5694307188193003,0.6679891347885132,0.726890756302521,0.8042576025438867,0.6666666666666666,0.0,0.0,0.0,0.0,2002,clin,0.8
5,2,lr1e-04_bs16_modL1_fusion64_fusionL1_drop0p2_trmiss80_trlocclin,16,0.0001,1,64,1,0.2,lr1e-04_bs16_modL1_fusion64_fusionL1_drop0p2_trmiss80_trlocclin,9,0.5672305027643839,0.6701417167981466,0.703781512605042,0.7650390685326229,0.6666666666666666,0.0,0.0,0.0,0.0,2002,clin,0.8
5,2,lr1e-04_bs16_modL1_fusion64_fusionL1_drop0p2_trmiss80_trlocclin,16,0.0001,1,64,1,0.2,lr1e-04_bs16_modL1_fusion64_fusionL1_drop0p2_trmiss80_trlocclin,10,0.534888006746769,0.6583495736122131,0.7247899159663866,0.7963509646512952,0.6888888888888889,0.0,0.0,0.0,0.0,2002,clin,0.8
5,2,lr1e-04_bs16_modL1_fusion64_fusionL1_drop0p2_trmiss80_trlocclin,16,0.0001,1,64,1,0.2,lr1e-04_bs16_modL1_fusion64_fusionL1_drop0p2_trmiss80_trlocclin,11,0.5333769743641218,0.6560617287953695,0.6659663865546219,0.7359579865048358,0.7111111111111111,0.0,0.0,0.0,0.0,2002,clin,0.8
5,2,lr1e-04_bs16_modL1_fusion64_fusionL1_drop0p2_trmiss80_trlocclin,16,0.0001,1,64,1,0.2,lr1e-04_bs16_modL1_fusion64_fusionL1_drop0p2_trmiss80_trlocclin,12,0.5131928150852522,0.6543695330619812,0.6638655462184875,0.7130377606206952,0.7333333333333333,0.0,0.0,0.0,0.0,2002,clin,0.8
5,2,lr1e-04_bs16_modL1_fusion64_fusionL1_drop0p2_trmiss80_trlocclin,16,0.0001,1,64,1,0.2,lr1e-04_bs16_modL1_fusion64_fusionL1_drop0p2_trmiss80_trlocclin,13,0.4918293133378029,0.6537819107373556,0.6680672268907564,0.7143760874129795,0.7111111111111111,0.0,0.0,0.0,0.0,2002,clin,0.8
5,2,lr1e-04_bs16_modL1_fusion64_fusionL1_drop0p2_trmiss80_trlocclin,16,0.0001,1,64,1,0.2,lr1e-04_bs16_modL1_fusion64_fusionL1_drop0p2_trmiss80_trlocclin,14,0.4923045163353284,0.6370744903882345,0.7037815126050421,0.7796738037882882,0.7777777777777778,0.0,0.0,0.0,0.0,2002,clin,0.8
5,2,lr1e-04_bs16_modL1_fusion64_fusionL1_drop0p2_trmiss80_trlocclin,16,0.0001,1,64,1,0.2,lr1e-04_bs16_modL1_fusion64_fusionL1_drop0p2_trmiss80_trlocclin,15,0.46274291972319287,0.6415449976921082,0.6953781512605042,0.7647915257743759,0.7777777777777778,0.0,0.0,0.0,0.0,2002,clin,0.8
5,2,lr1e-04_bs16_modL1_fusion64_fusionL1_drop0p2_trmiss80_trlocclin,16,0.0001,1,64,1,0.2,lr1e-04_bs16_modL1_fusion64_fusionL1_drop0p2_trmiss80_trlocclin,16,0.4517479067047437,0.6429874499638876,0.7037815126050421,0.7310976043636829,0.7777777777777778,0.0,0.0,0.0,0.0,2002,clin,0.8
5,2,lr1e-04_bs16_modL1_fusion64_fusionL1_drop0p2_trmiss80_trlocclin,16,0.0001,1,64,1,0.2,lr1e-04_bs16_modL1_fusion64_fusionL1_drop0p2_trmiss80_trlocclin,17,0.48044971376657486,0.6384608944257101,0.6932773109243697,0.7282110710131474,0.7555555555555555,0.0,0.0,0.0,0.0,2002,clin,0.8
5,2,lr1e-04_bs16_modL1_fusion64_fusionL1_drop0p2_trmiss80_trlocclin,16,0.0001,1,64,1,0.2,lr1e-04_bs16_modL1_fusion64_fusionL1_drop0p2_trmiss80_trlocclin,18,0.4537658790747325,0.644903560479482,0.6974789915966387,0.7370894731603033,0.7111111111111111,0.0,0.0,0.0,0.0,2002,clin,0.8
5,2,lr1e-04_bs16_modL1_fusion64_fusionL1_drop0p2_trmiss80_trlocclin,16,0.0001,1,64,1,0.2,lr1e-04_bs16_modL1_fusion64_fusionL1_drop0p2_trmiss80_trlocclin,19,0.4215472713112831,0.6395109295845032,0.7016806722689075,0.7435233666477682,0.7111111111111111,0.0,0.0,0.0,0.0,2002,clin,0.8
5,2,lr1e-04_bs16_modL1_fusion64_fusionL1_drop0p2_trmiss80_trlocclin,16,0.0001,1,64,1,0.2,lr1e-04_bs16_modL1_fusion64_fusionL1_drop0p2_trmiss80_trlocclin,20,0.41565872728824615,0.6173073649406433,0.7394957983193278,0.806226123710315,0.7777777777777778,0.0,0.0,0.0,0.0,2002,clin,0.8
5,2,lr1e-04_bs16_modL1_fusion64_fusionL1_drop0p2_trmiss80_trlocclin,16,0.0001,1,64,1,0.2,lr1e-04_bs16_modL1_fusion64_fusionL1_drop0p2_trmiss80_trlocclin,21,0.4072417964537938,0.6139553387959799,0.7436974789915967,0.8096260904889528,0.7333333333333333,0.0,0.0,0.0,0.0,2002,clin,0.8
5,2,lr1e-04_bs16_modL1_fusion64_fusionL1_drop0p2_trmiss80_trlocclin,16,0.0001,1,64,1,0.2,lr1e-04_bs16_modL1_fusion64_fusionL1_drop0p2_trmiss80_trlocclin,22,0.43970182289679843,0.611905833085378,0.7478991596638656,0.8100448544127916,0.7333333333333333,0.0,0.0,0.0,0.0,2002,clin,0.8
5,2,lr1e-04_bs16_modL1_fusion64_fusionL1_drop0p2_trmiss80_trlocclin,16,0.0001,1,64,1,0.2,lr1e-04_bs16_modL1_fusion64_fusionL1_drop0p2_trmiss80_trlocclin,23,0.3845787172516187,0.6248759229977926,0.6974789915966386,0.7714767421961091,0.6888888888888889,0.0,0.0,0.0,0.0,2002,clin,0.8
5,2,lr1e-04_bs16_modL1_fusion64_fusionL1_drop0p2_trmiss80_trlocclin,16,0.0001,1,64,1,0.2,lr1e-04_bs16_modL1_fusion64_fusionL1_drop0p2_trmiss80_trlocclin,24,0.3584778383374214,0.6195233861605326,0.6953781512605042,0.7548720135897534,0.6888888888888889,0.0,0.0,0.0,0.0,2002,clin,0.8
5,2,lr1e-04_bs16_modL1_fusion64_fusionL1_drop0p2_trmiss80_trlocclin,16,0.0001,1,64,1,0.2,lr1e-04_bs16_modL1_fusion64_fusionL1_drop0p2_trmiss80_trlocclin,25,0.3655486578742663,0.6342577536900839,0.6449579831932772,0.710865703058227,0.6666666666666666,0.0,0.0,0.0,0.0,2002,clin,0.8
5,2,lr1e-04_bs16_modL1_fusion64_fusionL1_drop0p2_trmiss80_trlocclin,16,0.0001,1,64,1,0.2,lr1e-04_bs16_modL1_fusion64_fusionL1_drop0p2_trmiss80_trlocclin,26,0.3585526719689369,0.6338075598080953,0.6407563025210085,0.7028173362004441,0.7111111111111111,0.0,0.0,0.0,0.0,2002,clin,0.8
5,2,lr1e-04_bs16_modL1_fusion64_fusionL1_drop0p2_trmiss80_trlocclin,16,0.0001,1,64,1,0.2,lr1e-04_bs16_modL1_fusion64_fusionL1_drop0p2_trmiss80_trlocclin,27,0.33588211983442307,0.6437280774116516,0.6323529411764706,0.690741291677094,0.6666666666666666,0.0,0.0,0.0,0.0,2002,clin,0.8
5,2,lr1e-04_bs16_modL1_fusion64_fusionL1_drop0p2_trmiss80_trlocclin,16,0.0001,1,64,1,0.2,lr1e-04_bs16_modL1_fusion64_fusionL1_drop0p2_trmiss80_trlocclin,28,0.3531421422958374,0.6350257794062296,0.6701680672268908,0.7272400691823301,0.6444444444444445,0.0,0.0,0.0,0.0,2002,clin,0.8
5,2,lr1e-04_bs16_modL1_fusion64_fusionL1_drop0p2_trmiss80_trlocclin,16,0.0001,1,64,1,0.2,lr1e-04_bs16_modL1_fusion64_fusionL1_drop0p2_trmiss80_trlocclin,29,0.31695178399483365,0.6355734070142111,0.6512605042016807,0.7123876237943293,0.6666666666666666,0.0,0.0,0.0,0.0,2002,clin,0.8
5,2,lr1e-04_bs16_modL1_fusion64_fusionL1_drop0p2_trmiss80_trlocclin,16,0.0001,1,64,1,0.2,lr1e-04_bs16_modL1_fusion64_fusionL1_drop0p2_trmiss80_trlocclin,30,0.2873171344399452,0.6340363820393881,0.6617647058823529,0.7201576045517486,0.6,0.0,0.0,0.0,0.0,2002,clin,0.8
5,2,lr1e-04_bs16_modL1_fusion64_fusionL1_drop0p2_trmiss80_trlocclin,16,0.0001,1,64,1,0.2,lr1e-04_bs16_modL1_fusion64_fusionL1_drop0p2_trmiss80_trlocclin,31,0.294879795362552,0.6324869791666666,0.6701680672268908,0.7325640933129042,0.6222222222222222,0.0,0.0,0.0,0.0,2002,clin,0.8
5,2,lr1e-04_bs16_modL1_fusion64_fusionL1_drop0p2_trmiss80_trlocclin,16,0.0001,1,64,1,0.2,lr1e-04_bs16_modL1_fusion64_fusionL1_drop0p2_trmiss80_trlocclin,32,0.3039351950089137,0.6391423145929972,0.6449579831932772,0.7117660712132333,0.6444444444444445,0.0,0.0,0.0,0.0,2002,clin,0.8
5,2,lr1e-04_bs16_modL1_fusion64_fusionL1_drop0p2_trmiss80_trlocclin,16,0.0001,1,64,1,0.2,lr1e-04_bs16_modL1_fusion64_fusionL1_drop0p2_trmiss80_trlocclin,33,0.32945846269528073,0.6360761721928915,0.6428571428571428,0.7149305337983757,0.6666666666666666,0.0,0.0,0.0,0.0,2002,clin,0.8
5,2,lr1e-04_bs16_modL1_fusion64_fusionL1_drop0p2_trmiss80_trlocclin,16,0.0001,1,64,1,0.2,lr1e-04_bs16_modL1_fusion64_fusionL1_drop0p2_trmiss80_trlocclin,34,0.29420560350020725,0.6394062836964926,0.634453781512605,0.7084796347246703,0.6666666666666666,0.0,0.0,0.0,0.0,2002,clin,0.8
5,2,lr1e-04_bs16_modL1_fusion64_fusionL1_drop0p2_trmiss80_trlocclin,16,0.0001,1,64,1,0.2,lr1e-04_bs16_modL1_fusion64_fusionL1_drop0p2_trmiss80_trlocclin,35,0.27138250942031544,0.6442012985547384,0.6302521008403361,0.710134049668559,0.6444444444444445,0.0,0.0,0.0,0.0,2002,clin,0.8
5,2,lr1e-04_bs16_modL1_fusion64_fusionL1_drop0p2_trmiss80_trlocclin,16,0.0001,1,64,1,0.2,lr1e-04_bs16_modL1_fusion64_fusionL1_drop0p2_trmiss80_trlocclin,36,0.27533258870244026,0.6437960465749105,0.6260504201680672,0.7048018069574743,0.6,0.0,0.0,0.0,0.0,2002,clin,0.8
5,2,lr1e-04_bs16_modL1_fusion64_fusionL1_drop0p2_trmiss80_trlocclin,16,0.0001,1,64,1,0.2,lr1e-04_bs16_modL1_fusion64_fusionL1_drop0p2_trmiss80_trlocclin,37,0.2870766979952653,0.6414218147595724,0.6407563025210083,0.7104186452352684,0.6,0.0,0.0,0.0,0.0,2002,clin,0.8
5,2,lr1e-04_bs16_modL1_fusion64_fusionL1_drop0p2_trmiss80_trlocclin,16,0.0001,1,64,1,0.2,lr1e-04_bs16_modL1_fusion64_fusionL1_drop0p2_trmiss80_trlocclin,38,0.2602073426047961,0.6412341396013895,0.6281512605042017,0.7112411290513353,0.6888888888888889,0.0,0.0,0.0,0.0,2002,clin,0.8
5,2,lr1e-04_bs16_modL1_fusion64_fusionL1_drop0p2_trmiss80_trlocclin,16,0.0001,1,64,1,0.2,lr1e-04_bs16_modL1_fusion64_fusionL1_drop0p2_trmiss80_trlocclin,39,0.2675478073457877,0.642743706703186,0.6281512605042017,0.7054284259796003,0.6222222222222222,0.0,0.0,0.0,0.0,2002,clin,0.8
5,2,lr1e-04_bs16_modL1_fusion64_fusionL1_drop0p2_trmiss80_trlocclin,16,0.0001,1,64,1,0.2,lr1e-04_bs16_modL1_fusion64_fusionL1_drop0p2_trmiss80_trlocclin,40,0.25428564846515656,0.6416470011075338,0.6281512605042017,0.7022220343997015,0.6222222222222222,0.0,0.0,0.0,0.0,2002,clin,0.8
5,2,lr1e-04_bs16_modL1_fusion64_fusionL1_drop0p2_trmiss80_trlocclin,16,0.0001,1,64,1,0.2,lr1e-04_bs16_modL1_fusion64_fusionL1_drop0p2_trmiss80_trlocclin,41,0.25704919919371605,0.6408520936965942,0.6260504201680672,0.7016122783021406,0.6222222222222222,0.0,0.0,0.0,0.0,2002,clin,0.8
5,2,lr1e-04_bs16_modL1_fusion64_fusionL1_drop0p2_trmiss80_trlocclin,16,0.0001,1,64,1,0.2,lr1e-04_bs16_modL1_fusion64_fusionL1_drop0p2_trmiss80_trlocclin,42,0.29836023102204007,0.645643969376882,0.6281512605042017,0.7079352290961038,0.6,0.0,0.0,0.0,0.0,2002,clin,0.8
5,2,lr1e-04_bs16_modL1_fusion64_fusionL1_drop0p1_trmiss80_trlocclin,16,0.0001,1,64,1,0.1,lr1e-04_bs16_modL1_fusion64_fusionL1_drop0p1_trmiss80_trlocclin,1,0.8210879663626353,0.68927401304245,0.7394957983193278,0.8017737138200004,0.4,0.0,0.0,0.0,0.0,2002,clin,0.8
5,2,lr1e-04_bs16_modL1_fusion64_fusionL1_drop0p1_trmiss80_trlocclin,16,0.0001,1,64,1,0.1,lr1e-04_bs16_modL1_fusion64_fusionL1_drop0p1_trmiss80_trlocclin,2,0.7569720645745596,0.7055512070655823,0.7626050420168067,0.8450688933602427,0.4222222222222222,0.0,0.0,0.0,0.0,2002,clin,0.8
5,2,lr1e-04_bs16_modL1_fusion64_fusionL1_drop0p1_trmiss80_trlocclin,16,0.0001,1,64,1,0.1,lr1e-04_bs16_modL1_fusion64_fusionL1_drop0p1_trmiss80_trlocclin,3,0.7221861730019251,0.707673450311025,0.7731092436974789,0.865146416149884,0.4,0.0,0.0,0.0,0.0,2002,clin,0.8
5,2,lr1e-04_bs16_modL1_fusion64_fusionL1_drop0p1_trmiss80_trlocclin,16,0.0001,1,64,1,0.1,lr1e-04_bs16_modL1_fusion64_fusionL1_drop0p1_trmiss80_trlocclin,4,0.6959215601285299,0.7185105284055074,0.7710084033613445,0.8266300609041395,0.4222222222222222,0.0,0.0,0.0,0.0,2002,clin,0.8
5,2,lr1e-04_bs16_modL1_fusion64_fusionL1_drop0p1_trmiss80_trlocclin,16,0.0001,1,64,1,0.1,lr1e-04_bs16_modL1_fusion64_fusionL1_drop0p1_trmiss80_trlocclin,5,0.6857491334279379,0.7252461512883505,0.7647058823529411,0.8034220071705969,0.4222222222222222,0.0,0.0,0.0,0.0,2002,clin,0.8
5,2,lr1e-04_bs16_modL1_fusion64_fusionL1_drop0p1_trmiss80_trlocclin,16,0.0001,1,64,1,0.1,lr1e-04_bs16_modL1_fusion64_fusionL1_drop0p1_trmiss80_trlocclin,6,0.6698550085226694,0.7226901054382324,0.7626050420168068,0.8017082266260008,0.4,0.0,0.0,0.0,0.0,2002,clin,0.8
5,2,lr1e-04_bs16_modL1_fusion64_fusionL1_drop0p1_trmiss80_trlocclin,16,0.0001,1,64,1,0.1,lr1e-04_bs16_modL1_fusion64_fusionL1_drop0p1_trmiss80_trlocclin,7,0.611410990357399,0.7021008133888245,0.7710084033613445,0.8143891367197831,0.4666666666666667,0.0,0.0,0.0,0.0,2002,clin,0.8
5,2,lr1e-04_bs16_modL1_fusion64_fusionL1_drop0p1_trmiss80_trlocclin,16,0.0001,1,64,1,0.1,lr1e-04_bs16_modL1_fusion64_fusionL1_drop0p1_trmiss80_trlocclin,8,0.6056756029526392,0.6946164965629578,0.76890756302521,0.8115972085450045,0.5555555555555556,0.0,0.0,0.0,0.0,2002,clin,0.8
5,2,lr1e-04_bs16_modL1_fusion64_fusionL1_drop0p1_trmiss80_trlocclin,16,0.0001,1,64,1,0.1,lr1e-04_bs16_modL1_fusion64_fusionL1_drop0p1_trmiss80_trlocclin,9,0.5977891658743223,0.7088574965794882,0.7478991596638656,0.7946265875492916,0.4444444444444444,0.0,0.0,0.0,0.0,2002,clin,0.8
5,2,lr1e-04_bs16_modL1_fusion64_fusionL1_drop0p1_trmiss80_trlocclin,16,0.0001,1,64,1,0.1,lr1e-04_bs16_modL1_fusion64_fusionL1_drop0p1_trmiss80_trlocclin,10,0.5922888567050298,0.7008708516756693,0.7584033613445378,0.8015388667297502,0.4666666666666667,0.0,0.0,0.0,0.0,2002,clin,0.8
5,2,lr1e-04_bs16_modL1_fusion64_fusionL1_drop0p1_trmiss80_trlocclin,16,0.0001,1,64,1,0.1,lr1e-04_bs16_modL1_fusion64_fusionL1_drop0p1_trmiss80_trlocclin,11,0.5622406080365181,0.706047515074412,0.7605042016806722,0.802639538414974,0.4444444444444444,0.0,0.0,0.0,0.0,2002,clin,0.8
5,2,lr1e-04_bs16_modL1_fusion64_fusionL1_drop0p1_trmiss80_trlocclin,16,0.0001,1,64,1,0.1,lr1e-04_bs16_modL1_fusion64_fusionL1_drop0p1_trmiss80_trlocclin,12,0.5530654167135557,0.6965504686037699,0.7605042016806722,0.8029620048056991,0.5111111111111111,0.0,0.0,0.0,0.0,2002,clin,0.8
5,2,lr1e-04_bs16_modL1_fusion64_fusionL1_drop0p1_trmiss80_trlocclin,16,0.0001,1,64,1,0.1,lr1e-04_bs16_modL1_fusion64_fusionL1_drop0p1_trmiss80_trlocclin,13,0.5445956687132517,0.7007005413373312,0.7478991596638656,0.7921759910592887,0.5111111111111111,0.0,0.0,0.0,0.0,2002,clin,0.8
5,2,lr1e-04_bs16_modL1_fusion64_fusionL1_drop0p1_trmiss80_trlocclin,16,0.0001,1,64,1,0.1,lr1e-04_bs16_modL1_fusion64_fusionL1_drop0p1_trmiss80_trlocclin,14,0.5281068682670593,0.7015684445699056,0.7289915966386554,0.7804706511819564,0.5111111111111111,0.0,0.0,0.0,0.0,2002,clin,0.8
5,2,lr1e-04_bs16_modL1_fusion64_fusionL1_drop0p1_trmiss80_trlocclin,16,0.0001,1,64,1,0.1,lr1e-04_bs16_modL1_fusion64_fusionL1_drop0p1_trmiss80_trlocclin,15,0.5292890816926956,0.6885008017222086,0.7394957983193278,0.7910719140477553,0.5111111111111111,0.0,0.0,0.0,0.0,2002,clin,0.8
5,2,lr1e-04_bs16_modL1_fusion64_fusionL1_drop0p1_trmiss80_trlocclin,16,0.0001,1,64,1,0.1,lr1e-04_bs16_modL1_fusion64_fusionL1_drop0p1_trmiss80_trlocclin,16,0.540175179640452,0.6895404855410258,0.7373949579831933,0.7900327065617236,0.5555555555555556,0.0,0.0,0.0,0.0,2002,clin,0.8
5,2,lr1e-04_bs16_modL1_fusion64_fusionL1_drop0p1_trmiss80_trlocclin,16,0.0001,1,64,1,0.1,lr1e-04_bs16_modL1_fusion64_fusionL1_drop0p1_trmiss80_trlocclin,17,0.5330684954921404,0.684769848982493,0.7352941176470589,0.7909039146296493,0.5777777777777777,0.0,0.0,0.0,0.0,2002,clin,0.8
5,2,lr1e-04_bs16_modL1_fusion64_fusionL1_drop0p1_trmiss80_trlocclin,16,0.0001,1,64,1,0.1,lr1e-04_bs16_modL1_fusion64_fusionL1_drop0p1_trmiss80_trlocclin,18,0.5281646177172661,0.6967102686564127,0.7289915966386554,0.7866706273914359,0.5333333333333333,0.0,0.0,0.0,0.0,2002,clin,0.8
5,2,lr1e-04_bs16_modL1_fusion64_fusionL1_drop0p1_trmiss80_trlocclin,16,0.0001,1,64,1,0.1,lr1e-04_bs16_modL1_fusion64_fusionL1_drop0p1_trmiss80_trlocclin,19,0.5122426251570383,0.695556124051412,0.7289915966386554,0.7855223948190548,0.5555555555555556,0.0,0.0,0.0,0.0,2002,clin,0.8
5,2,lr1e-04_bs16_modL1_fusion64_fusionL1_drop0p1_trmiss80_trlocclin,16,0.0001,1,64,1,0.1,lr1e-04_bs16_modL1_fusion64_fusionL1_drop0p1_trmiss80_trlocclin,20,0.511814201871554,0.6862718462944031,0.7289915966386555,0.7855164886526487,0.5777777777777777,0.0,0.0,0.0,0.0,2002,clin,0.8
5,2,lr1e-04_bs16_modL1_fusion64_fusionL1_drop0p1_trmiss80_trlocclin,16,0.0001,1,64,1,0.1,lr1e-04_bs16_modL1_fusion64_fusionL1_drop0p1_trmiss80_trlocclin,21,0.4979405204455058,0.6812401016553243,0.7184873949579832,0.7764860683082775,0.6,0.0,0.0,0.0,0.0,2002,clin,0.8
5,2,lr1e-04_bs16_modL1_fusion64_fusionL1_drop0p1_trmiss80_trlocclin,16,0.0001,1,64,1,0.1,lr1e-04_bs16_modL1_fusion64_fusionL1_drop0p1_trmiss80_trlocclin,22,0.4971621359388034,0.6953819195429484,0.7268907563025211,0.7809389412750655,0.5555555555555556,0.0,0.0,0.0,0.0,2002,clin,0.8
5,2,lr1e-04_bs16_modL1_fusion64_fusionL1_drop0p1_trmiss80_trlocclin,16,0.0001,1,64,1,0.1,lr1e-04_bs16_modL1_fusion64_fusionL1_drop0p1_trmiss80_trlocclin,23,0.5076229696472486,0.6846223672231039,0.7205882352941176,0.7793233761196021,0.5555555555555556,0.0,0.0,0.0,0.0,2002,clin,0.8
5,2,lr5e-05_bs32_modL1_fusion32_fusionL1_drop0p2_trmiss80_trlocclin,32,5e-05,1,32,1,0.2,lr5e-05_bs32_modL1_fusion32_fusionL1_drop0p2_trmiss80_trlocclin,1,0.6826206743717194,0.6896879374980927,0.38655462184873945,0.5692295410573289,0.6,0.0,0.0,0.0,0.0,2002,clin,0.8
5,2,lr5e-05_bs32_modL1_fusion32_fusionL1_drop0p2_trmiss80_trlocclin,32,5e-05,1,32,1,0.2,lr5e-05_bs32_modL1_fusion32_fusionL1_drop0p2_trmiss80_trlocclin,2,0.7072126169999441,0.6907806694507599,0.4453781512605042,0.6263200083212817,0.5555555555555556,0.0,0.0,0.0,0.0,2002,clin,0.8
5,2,lr5e-05_bs32_modL1_fusion32_fusionL1_drop0p2_trmiss80_trlocclin,32,5e-05,1,32,1,0.2,lr5e-05_bs32_modL1_fusion32_fusionL1_drop0p2_trmiss80_trlocclin,3,0.6455387473106384,0.6908538341522217,0.4915966386554622,0.6548490276054623,0.5333333333333333,0.0,0.0,0.0,0.0,2002,clin,0.8
5,2,lr5e-05_bs32_modL1_fusion32_fusionL1_drop0p2_trmiss80_trlocclin,32,5e-05,1,32,1,0.2,lr5e-05_bs32_modL1_fusion32_fusionL1_drop0p2_trmiss80_trlocclin,4,0.6391968031724294,0.6882177293300629,0.5567226890756302,0.6953152882071121,0.5777777777777777,0.0,0.0,0.0,0.0,2002,clin,0.8
5,2,lr5e-05_bs32_modL1_fusion32_fusionL1_drop0p2_trmiss80_trlocclin,32,5e-05,1,32,1,0.2,lr5e-05_bs32_modL1_fusion32_fusionL1_drop0p2_trmiss80_trlocclin,5,0.6604034602642059,0.6853899657726288,0.5756302521008404,0.7108425369424572,0.5333333333333333,0.0,0.0,0.0,0.0,2002,clin,0.8
5,2,lr5e-05_bs32_modL1_fusion32_fusionL1_drop0p2_trmiss80_trlocclin,32,5e-05,1,32,1,0.2,lr5e-05_bs32_modL1_fusion32_fusionL1_drop0p2_trmiss80_trlocclin,6,0.6312223275502523,0.6865692734718323,0.569327731092437,0.7097432280412279,0.5333333333333333,0.0,0.0,0.0,0.0,2002,clin,0.8
5,2,lr5e-05_bs32_modL1_fusion32_fusionL1_drop0p2_trmiss80_trlocclin,32,5e-05,1,32,1,0.2,lr5e-05_bs32_modL1_fusion32_fusionL1_drop0p2_trmiss80_trlocclin,7,0.6245414912700653,0.68374964594841,0.5798319327731093,0.7129454491005919,0.5555555555555556,0.0,0.0,0.0,0.0,2002,clin,0.8
5,2,lr5e-05_bs32_modL1_fusion32_fusionL1_drop0p2_trmiss80_trlocclin,32,5e-05,1,32,1,0.2,lr5e-05_bs32_modL1_fusion32_fusionL1_drop0p2_trmiss80_trlocclin,8,0.6095039745171865,0.6820979118347168,0.5630252100840336,0.7166280295871728,0.5777777777777777,0.0,0.0,0.0,0.0,2002,clin,0.8
5,2,lr5e-05_bs32_modL1_fusion32_fusionL1_drop0p2_trmiss80_trlocclin,32,5e-05,1,32,1,0.2,lr5e-05_bs32_modL1_fusion32_fusionL1_drop0p2_trmiss80_trlocclin,9,0.613869825998942,0.678610771894455,0.5945378151260504,0.7463130920821537,0.5555555555555556,0.0,0.0,0.0,0.0,2002,clin,0.8
5,2,lr5e-05_bs32_modL1_fusion32_fusionL1_drop0p2_trmiss80_trlocclin,32,5e-05,1,32,1,0.2,lr5e-05_bs32_modL1_fusion32_fusionL1_drop0p2_trmiss80_trlocclin,10,0.5972768763701121,0.6760530769824982,0.6050420168067228,0.7568961652492605,0.5777777777777777,0.0,0.0,0.0,0.0,2002,clin,0.8
5,2,lr5e-05_bs32_modL1_fusion32_fusionL1_drop0p2_trmiss80_trlocclin,32,5e-05,1,32,1,0.2,lr5e-05_bs32_modL1_fusion32_fusionL1_drop0p2_trmiss80_trlocclin,11,0.5938112537066141,0.6764733791351318,0.6029411764705882,0.7555936643157279,0.5777777777777777,0.0,0.0,0.0,0.0,2002,clin,0.8
5,2,lr5e-05_bs32_modL1_fusion32_fusionL1_drop0p2_trmiss80_trlocclin,32,5e-05,1,32,1,0.2,lr5e-05_bs32_modL1_fusion32_fusionL1_drop0p2_trmiss80_trlocclin,12,0.5730272928873698,0.6780729293823242,0.5987394957983193,0.7554915259419757,0.5555555555555556,0.0,0.0,0.0,0.0,2002,clin,0.8
5,2,lr5e-05_bs32_modL1_fusion32_fusionL1_drop0p2_trmiss80_trlocclin,32,5e-05,1,32,1,0.2,lr5e-05_bs32_modL1_fusion32_fusionL1_drop0p2_trmiss80_trlocclin,13,0.5716449916362762,0.6787034571170807,0.6029411764705882,0.7579698581892996,0.5555555555555556,0.0,0.0,0.0,0.0,2002,clin,0.8
5,2,lr5e-05_bs32_modL1_fusion32_fusionL1_drop0p2_trmiss80_trlocclin,32,5e-05,1,32,1,0.2,lr5e-05_bs32_modL1_fusion32_fusionL1_drop0p2_trmiss80_trlocclin,14,0.5672779083251953,0.6786770820617676,0.6050420168067226,0.7589265316512251,0.5555555555555556,0.0,0.0,0.0,0.0,2002,clin,0.8
5,2,lr5e-05_bs32_modL1_fusion32_fusionL1_drop0p2_trmiss80_trlocclin,32,5e-05,1,32,1,0.2,lr5e-05_bs32_modL1_fusion32_fusionL1_drop0p2_trmiss80_trlocclin,15,0.5735843380292257,0.6779485046863556,0.5987394957983194,0.7591638870284189,0.5555555555555556,0.0,0.0,0.0,0.0,2002,clin,0.8
5,2,lr5e-05_bs32_modL1_fusion32_fusionL1_drop0p2_trmiss80_trlocclin,32,5e-05,1,32,1,0.2,lr5e-05_bs32_modL1_fusion32_fusionL1_drop0p2_trmiss80_trlocclin,16,0.5632800261179606,0.6796214878559113,0.5756302521008403,0.7376277500541795,0.5555555555555556,0.0,0.0,0.0,0.0,2002,clin,0.8
5,2,lr5e-05_bs32_modL1_fusion32_fusionL1_drop0p2_trmiss80_trlocclin,32,5e-05,1,32,1,0.2,lr5e-05_bs32_modL1_fusion32_fusionL1_drop0p2_trmiss80_trlocclin,17,0.5550875663757324,0.6809130609035492,0.5819327731092437,0.748187575610529,0.5777777777777777,0.0,0.0,0.0,0.0,2002,clin,0.8
5,2,lr5e-05_bs32_modL1_fusion32_fusionL1_drop0p2_trmiss80_trlocclin,32,5e-05,1,32,1,0.2,lr5e-05_bs32_modL1_fusion32_fusionL1_drop0p2_trmiss80_trlocclin,18,0.5435446997483572,0.6818961203098297,0.5756302521008403,0.7527693234073352,0.5777777777777777,0.0,0.0,0.0,0.0,2002,clin,0.8
5,2,lr5e-05_bs32_modL1_fusion32_fusionL1_drop0p2_trmiss80_trlocclin,32,5e-05,1,32,1,0.2,lr5e-05_bs32_modL1_fusion32_fusionL1_drop0p2_trmiss80_trlocclin,19,0.5512357950210571,0.682360053062439,0.5735294117647058,0.7539192309792068,0.5777777777777777,0.0,0.0,0.0,0.0,2002,clin,0.8
5,2,lr5e-05_bs32_modL1_fusion32_fusionL1_drop0p2_trmiss80_trlocclin,32,5e-05,1,32,1,0.2,lr5e-05_bs32_modL1_fusion32_fusionL1_drop0p2_trmiss80_trlocclin,20,0.5508933762709299,0.6831326186656952,0.569327731092437,0.7543100031468112,0.5555555555555556,0.0,0.0,0.0,0.0,2002,clin,0.8
5,2,lr5e-05_bs32_modL1_fusion32_fusionL1_drop0p2_trmiss80_trlocclin,32,5e-05,1,32,1,0.2,lr5e-05_bs32_modL1_fusion32_fusionL1_drop0p2_trmiss80_trlocclin,21,0.5605440437793732,0.6854328215122223,0.5630252100840336,0.7535215678198363,0.5333333333333333,0.0,0.0,0.0,0.0,2002,clin,0.8
5,2,lr5e-05_bs32_modL1_fusion32_fusionL1_drop0p2_trmiss80_trlocclin,32,5e-05,1,32,1,0.2,lr5e-05_bs32_modL1_fusion32_fusionL1_drop0p2_trmiss80_trlocclin,22,0.5404897630214691,0.686904102563858,0.5546218487394958,0.749946377509794,0.5111111111111111,0.0,0.0,0.0,0.0,2002,clin,0.8
5,2,lr5e-05_bs32_modL1_fusion32_fusionL1_drop0p2_trmiss80_trlocclin,32,5e-05,1,32,1,0.2,lr5e-05_bs32_modL1_fusion32_fusionL1_drop0p2_trmiss80_trlocclin,23,0.5300313631693522,0.6875715553760529,0.5651260504201681,0.7570416600672615,0.4888888888888889,0.0,0.0,0.0,0.0,2002,clin,0.8
5,2,lr5e-05_bs32_modL1_fusion32_fusionL1_drop0p2_trmiss80_trlocclin,32,5e-05,1,32,1,0.2,lr5e-05_bs32_modL1_fusion32_fusionL1_drop0p2_trmiss80_trlocclin,24,0.5502137839794159,0.6876774728298187,0.5672268907563025,0.756579791109152,0.5111111111111111,0.0,0.0,0.0,0.0,2002,clin,0.8
5,2,lr5e-05_bs32_modL1_fusion32_fusionL1_drop0p2_trmiss80_trlocclin,32,5e-05,1,32,1,0.2,lr5e-05_bs32_modL1_fusion32_fusionL1_drop0p2_trmiss80_trlocclin,25,0.5326547622680664,0.6861676573753357,0.5630252100840336,0.7516890182737329,0.5111111111111111,0.0,0.0,0.0,0.0,2002,clin,0.8
5,2,lr5e-05_bs32_modL1_fusion32_fusionL1_drop0p2_trmiss80_trlocclin,32,5e-05,1,32,1,0.2,lr5e-05_bs32_modL1_fusion32_fusionL1_drop0p2_trmiss80_trlocclin,26,0.5318962236245474,0.6849523186683655,0.5630252100840336,0.7517288554984441,0.5111111111111111,0.0,0.0,0.0,0.0,2002,clin,0.8
5,2,lr5e-05_bs32_modL1_fusion32_fusionL1_drop0p2_trmiss80_trlocclin,32,5e-05,1,32,1,0.2,lr5e-05_bs32_modL1_fusion32_fusionL1_drop0p2_trmiss80_trlocclin,27,0.52600626150767,0.6848151385784149,0.5609243697478992,0.7505955455046954,0.4888888888888889,0.0,0.0,0.0,0.0,2002,clin,0.8
5,2,lr5e-05_bs32_modL1_fusion32_fusionL1_drop0p2_trmiss80_trlocclin,32,5e-05,1,32,1,0.2,lr5e-05_bs32_modL1_fusion32_fusionL1_drop0p2_trmiss80_trlocclin,28,0.5330754419167837,0.6848746836185455,0.569327731092437,0.7584908493752315,0.4888888888888889,0.0,0.0,0.0,0.0,2002,clin,0.8
5,2,lr5e-05_bs32_modL1_fusion32_fusionL1_drop0p2_trmiss80_trlocclin,32,5e-05,1,32,1,0.2,lr5e-05_bs32_modL1_fusion32_fusionL1_drop0p2_trmiss80_trlocclin,29,0.5260013888279597,0.6845830380916595,0.5630252100840336,0.7505823151453792,0.5111111111111111,0.0,0.0,0.0,0.0,2002,clin,0.8
5,2,lr5e-05_bs32_modL1_fusion32_fusionL1_drop0p2_trmiss80_trlocclin,32,5e-05,1,32,1,0.2,lr5e-05_bs32_modL1_fusion32_fusionL1_drop0p2_trmiss80_trlocclin,30,0.5356437464555105,0.6856732368469238,0.5567226890756302,0.7465373598744254,0.5555555555555556,0.0,0.0,0.0,0.0,2002,clin,0.8
5,2,lr5e-05_bs32_modL1_fusion32_fusionL1_drop0p1_trmiss80_trlocclin,32,5e-05,1,32,1,0.1,lr5e-05_bs32_modL1_fusion32_fusionL1_drop0p1_trmiss80_trlocclin,1,0.795113871494929,0.7089187502861023,0.6239495798319328,0.786816273717221,0.37777777777777777,0.0,0.0,0.0,0.0,2002,clin,0.8
5,2,lr5e-05_bs32_modL1_fusion32_fusionL1_drop0p1_trmiss80_trlocclin,32,5e-05,1,32,1,0.1,lr5e-05_bs32_modL1_fusion32_fusionL1_drop0p1_trmiss80_trlocclin,2,0.7516452670097351,0.7098958492279053,0.634453781512605,0.7607621596082916,0.37777777777777777,0.0,0.0,0.0,0.0,2002,clin,0.8
5,2,lr5e-05_bs32_modL1_fusion32_fusionL1_drop0p1_trmiss80_trlocclin,32,5e-05,1,32,1,0.1,lr5e-05_bs32_modL1_fusion32_fusionL1_drop0p1_trmiss80_trlocclin,3,0.7219770749409994,0.7150343656539917,0.611344537815126,0.7144325698118638,0.37777777777777777,0.0,0.0,0.0,0.0,2002,clin,0.8
5,2,lr5e-05_bs32_modL1_fusion32_fusionL1_drop0p1_trmiss80_trlocclin,32,5e-05,1,32,1,0.1,lr5e-05_bs32_modL1_fusion32_fusionL1_drop0p1_trmiss80_trlocclin,4,0.6929117739200592,0.7203386425971985,0.5987394957983193,0.7074150856242536,0.4,0.0,0.0,0.0,0.0,2002,clin,0.8
5,2,lr5e-05_bs32_modL1_fusion32_fusionL1_drop0p1_trmiss80_trlocclin,32,5e-05,1,32,1,0.1,lr5e-05_bs32_modL1_fusion32_fusionL1_drop0p1_trmiss80_trlocclin,5,0.6756696800390879,0.7236097157001495,0.5777310924369747,0.6979212678794777,0.4222222222222222,0.0,0.0,0.0,0.0,2002,clin,0.8
5,2,lr5e-05_bs32_modL1_fusion32_fusionL1_drop0p1_trmiss80_trlocclin,32,5e-05,1,32,1,0.1,lr5e-05_bs32_modL1_fusion32_fusionL1_drop0p1_trmiss80_trlocclin,6,0.6649913291136423,0.7215889394283295,0.592436974789916,0.7271000882783489,0.4444444444444444,0.0,0.0,0.0,0.0,2002,clin,0.8
5,2,lr5e-05_bs32_modL1_fusion32_fusionL1_drop0p1_trmiss80_trlocclin,32,5e-05,1,32,1,0.1,lr5e-05_bs32_modL1_fusion32_fusionL1_drop0p1_trmiss80_trlocclin,7,0.668099025885264,0.722544401884079,0.5840336134453781,0.7211547209674035,0.4444444444444444,0.0,0.0,0.0,0.0,2002,clin,0.8
5,2,lr5e-05_bs32_modL1_fusion32_fusionL1_drop0p1_trmiss80_trlocclin,32,5e-05,1,32,1,0.1,lr5e-05_bs32_modL1_fusion32_fusionL1_drop0p1_trmiss80_trlocclin,8,0.6505478918552399,0.7221787571907043,0.5798319327731092,0.7127908626035451,0.4444444444444444,0.0,0.0,0.0,0.0,2002,clin,0.8
5,2,lr5e-05_bs32_modL1_fusion32_fusionL1_drop0p1_trmiss80_trlocclin,32,5e-05,1,32,1,0.1,lr5e-05_bs32_modL1_fusion32_fusionL1_drop0p1_trmiss80_trlocclin,9,0.6464007695515951,0.7221005260944366,0.5777310924369748,0.6879172342239193,0.4444444444444444,0.0,0.0,0.0,0.0,2002,clin,0.8
5,2,lr5e-05_bs32_modL1_fusion32_fusionL1_drop0p1_trmiss80_trlocclin,32,5e-05,1,32,1,0.1,lr5e-05_bs32_modL1_fusion32_fusionL1_drop0p1_trmiss80_trlocclin,10,0.6436151464780172,0.7211916148662567,0.5798319327731092,0.705604635832791,0.4444444444444444,0.0,0.0,0.0,0.0,2002,clin,0.8
5,2,lr5e-05_bs32_modL1_fusion32_fusionL1_drop0p1_trmiss80_trlocclin,32,5e-05,1,32,1,0.1,lr5e-05_bs32_modL1_fusion32_fusionL1_drop0p1_trmiss80_trlocclin,11,0.6321186423301697,0.7192240953445435,0.5987394957983193,0.6979156469622758,0.4222222222222222,0.0,0.0,0.0,0.0,2002,clin,0.8
5,2,lr5e-05_bs32_modL1_fusion32_fusionL1_drop0p1_trmiss80_trlocclin,32,5e-05,1,32,1,0.1,lr5e-05_bs32_modL1_fusion32_fusionL1_drop0p1_trmiss80_trlocclin,12,0.6331724723180135,0.716539740562439,0.6029411764705883,0.6991381914014085,0.4444444444444444,0.0,0.0,0.0,0.0,2002,clin,0.8
5,2,lr5e-05_bs32_modL1_fusion32_fusionL1_drop0p1_trmiss80_trlocclin,32,5e-05,1,32,1,0.1,lr5e-05_bs32_modL1_fusion32_fusionL1_drop0p1_trmiss80_trlocclin,13,0.6143936316172282,0.712686151266098,0.6092436974789915,0.7037152151016703,0.4666666666666667,0.0,0.0,0.0,0.0,2002,clin,0.8
5,2,lr5e-05_bs32_modL1_fusion32_fusionL1_drop0p1_trmiss80_trlocclin,32,5e-05,1,32,1,0.1,lr5e-05_bs32_modL1_fusion32_fusionL1_drop0p1_trmiss80_trlocclin,14,0.6163542568683624,0.7142800092697144,0.6029411764705882,0.7162390262208647,0.4666666666666667,0.0,0.0,0.0,0.0,2002,clin,0.8
5,2,lr5e-05_bs32_modL1_fusion32_fusionL1_drop0p1_trmiss80_trlocclin,32,5e-05,1,32,1,0.1,lr5e-05_bs32_modL1_fusion32_fusionL1_drop0p1_trmiss80_trlocclin,15,0.6064509550730387,0.7126143872737885,0.6029411764705883,0.7143132128061148,0.4666666666666667,0.0,0.0,0.0,0.0,2002,clin,0.8
5,2,lr5e-05_bs32_modL1_fusion32_fusionL1_drop0p1_trmiss80_trlocclin,32,5e-05,1,32,1,0.1,lr5e-05_bs32_modL1_fusion32_fusionL1_drop0p1_trmiss80_trlocclin,16,0.6067595680554708,0.7101338803768158,0.6050420168067228,0.69661926654074,0.4888888888888889,0.0,0.0,0.0,0.0,2002,clin,0.8
5,2,lr5e-05_bs32_modL1_fusion32_fusionL1_drop0p1_trmiss80_trlocclin,32,5e-05,1,32,1,0.1,lr5e-05_bs32_modL1_fusion32_fusionL1_drop0p1_trmiss80_trlocclin,17,0.6169518927733103,0.7117107510566711,0.6050420168067228,0.6970944831385139,0.4888888888888889,0.0,0.0,0.0,0.0,2002,clin,0.8
5,2,lr5e-05_bs32_modL1_fusion32_fusionL1_drop0p1_trmiss80_trlocclin,32,5e-05,1,32,1,0.1,lr5e-05_bs32_modL1_fusion32_fusionL1_drop0p1_trmiss80_trlocclin,18,0.6105601986249288,0.7146852612495422,0.6029411764705883,0.6943366160056467,0.4444444444444444,0.0,0.0,0.0,0.0,2002,clin,0.8
5,2,lr5e-05_bs32_modL1_fusion32_fusionL1_drop0p1_trmiss80_trlocclin,32,5e-05,1,32,1,0.1,lr5e-05_bs32_modL1_fusion32_fusionL1_drop0p1_trmiss80_trlocclin,19,0.6283484498659769,0.7179904282093048,0.5945378151260505,0.6891108254844708,0.4444444444444444,0.0,0.0,0.0,0.0,2002,clin,0.8
5,2,lr5e-05_bs32_modL1_fusion32_fusionL1_drop0p1_trmiss80_trlocclin,32,5e-05,1,32,1,0.1,lr5e-05_bs32_modL1_fusion32_fusionL1_drop0p1_trmiss80_trlocclin,20,0.5951963464419047,0.7158014178276062,0.596638655462185,0.6901227302463755,0.4444444444444444,0.0,0.0,0.0,0.0,2002,clin,0.8
5,2,lr5e-05_bs32_modL1_fusion32_fusionL1_drop0p1_trmiss80_trlocclin,32,5e-05,1,32,1,0.1,lr5e-05_bs32_modL1_fusion32_fusionL1_drop0p1_trmiss80_trlocclin,21,0.6040025353431702,0.7137271761894226,0.5945378151260504,0.6893425497068781,0.4444444444444444,0.0,0.0,0.0,0.0,2002,clin,0.8
5,2,lr5e-05_bs32_modL1_fusion32_fusionL1_drop0p1_trmiss80_trlocclin,32,5e-05,1,32,1,0.1,lr5e-05_bs32_modL1_fusion32_fusionL1_drop0p1_trmiss80_trlocclin,22,0.5911063154538473,0.7119808793067932,0.6029411764705883,0.6937402128213501,0.4666666666666667,0.0,0.0,0.0,0.0,2002,clin,0.8
5,2,lr5e-05_bs32_modL1_fusion64_fusionL1_drop0p2_trmiss80_trlocclin,32,5e-05,1,64,1,0.2,lr5e-05_bs32_modL1_fusion64_fusionL1_drop0p2_trmiss80_trlocclin,1,0.7230075399080912,0.7088004350662231,0.5441176470588236,0.6921531814523388,0.4,0.0,0.0,0.0,0.0,2002,clin,0.8
5,2,lr5e-05_bs32_modL1_fusion64_fusionL1_drop0p2_trmiss80_trlocclin,32,5e-05,1,64,1,0.2,lr5e-05_bs32_modL1_fusion64_fusionL1_drop0p2_trmiss80_trlocclin,2,0.6995999813079834,0.7075815200805664,0.5504201680672268,0.7014790380687075,0.4666666666666667,0.0,0.0,0.0,0.0,2002,clin,0.8
5,2,lr5e-05_bs32_modL1_fusion64_fusionL1_drop0p2_trmiss80_trlocclin,32,5e-05,1,64,1,0.2,lr5e-05_bs32_modL1_fusion64_fusionL1_drop0p2_trmiss80_trlocclin,3,0.6604573130607605,0.7056390941143036,0.5420168067226891,0.6978207894678881,0.4666666666666667,0.0,0.0,0.0,0.0,2002,clin,0.8
5,2,lr5e-05_bs32_modL1_fusion64_fusionL1_drop0p2_trmiss80_trlocclin,32,5e-05,1,64,1,0.2,lr5e-05_bs32_modL1_fusion64_fusionL1_drop0p2_trmiss80_trlocclin,4,0.6663212577501932,0.7033506035804749,0.5336134453781514,0.691310669138523,0.4888888888888889,0.0,0.0,0.0,0.0,2002,clin,0.8
5,2,lr5e-05_bs32_modL1_fusion64_fusionL1_drop0p2_trmiss80_trlocclin,32,5e-05,1,64,1,0.2,lr5e-05_bs32_modL1_fusion64_fusionL1_drop0p2_trmiss80_trlocclin,5,0.6422522664070129,0.7081491947174072,0.5273109243697479,0.687161489202487,0.4666666666666667,0.0,0.0,0.0,0.0,2002,clin,0.8
5,2,lr5e-05_bs32_modL1_fusion64_fusionL1_drop0p2_trmiss80_trlocclin,32,5e-05,1,64,1,0.2,lr5e-05_bs32_modL1_fusion64_fusionL1_drop0p2_trmiss80_trlocclin,6,0.6335799296696981,0.7088088691234589,0.5336134453781513,0.6828581899750896,0.4888888888888889,0.0,0.0,0.0,0.0,2002,clin,0.8
5,2,lr5e-05_bs32_modL1_fusion64_fusionL1_drop0p2_trmiss80_trlocclin,32,5e-05,1,64,1,0.2,lr5e-05_bs32_modL1_fusion64_fusionL1_drop0p2_trmiss80_trlocclin,7,0.6171709299087524,0.7105227410793304,0.5420168067226891,0.6699788304774188,0.4888888888888889,0.0,0.0,0.0,0.0,2002,clin,0.8
5,2,lr5e-05_bs32_modL1_fusion64_fusionL1_drop0p2_trmiss80_trlocclin,32,5e-05,1,64,1,0.2,lr5e-05_bs32_modL1_fusion64_fusionL1_drop0p2_trmiss80_trlocclin,8,0.607282410065333,0.7071055173873901,0.5588235294117647,0.6813853568239789,0.5111111111111111,0.0,0.0,0.0,0.0,2002,clin,0.8
5,2,lr5e-05_bs32_modL1_fusion64_fusionL1_drop0p2_trmiss80_trlocclin,32,5e-05,1,64,1,0.2,lr5e-05_bs32_modL1_fusion64_fusionL1_drop0p2_trmiss80_trlocclin,9,0.5918847421805064,0.707422137260437,0.5336134453781513,0.6563949995398173,0.4888888888888889,0.0,0.0,0.0,0.0,2002,clin,0.8
5,2,lr5e-05_bs32_modL1_fusion64_fusionL1_drop0p2_trmiss80_trlocclin,32,5e-05,1,64,1,0.2,lr5e-05_bs32_modL1_fusion64_fusionL1_drop0p2_trmiss80_trlocclin,10,0.606561561425527,0.706129252910614,0.5357142857142857,0.6430854937990732,0.4444444444444444,0.0,0.0,0.0,0.0,2002,clin,0.8
5,2,lr5e-05_bs32_modL1_fusion64_fusionL1_drop0p2_trmiss80_trlocclin,32,5e-05,1,64,1,0.2,lr5e-05_bs32_modL1_fusion64_fusionL1_drop0p2_trmiss80_trlocclin,11,0.5857915580272675,0.7036907076835632,0.5483193277310925,0.6699647088183238,0.4444444444444444,0.0,0.0,0.0,0.0,2002,clin,0.8
5,2,lr5e-05_bs32_modL1_fusion64_fusionL1_drop0p2_trmiss80_trlocclin,32,5e-05,1,64,1,0.2,lr5e-05_bs32_modL1_fusion64_fusionL1_drop0p2_trmiss80_trlocclin,12,0.5676561892032623,0.7001276910305023,0.5483193277310925,0.6537440172181256,0.5111111111111111,0.0,0.0,0.0,0.0,2002,clin,0.8
5,2,lr5e-05_bs32_modL1_fusion64_fusionL1_drop0p2_trmiss80_trlocclin,32,5e-05,1,64,1,0.2,lr5e-05_bs32_modL1_fusion64_fusionL1_drop0p2_trmiss80_trlocclin,13,0.5722512900829315,0.6997021436691284,0.5504201680672269,0.6707038296446125,0.5111111111111111,0.0,0.0,0.0,0.0,2002,clin,0.8
5,2,lr5e-05_bs32_modL1_fusion64_fusionL1_drop0p2_trmiss80_trlocclin,32,5e-05,1,64,1,0.2,lr5e-05_bs32_modL1_fusion64_fusionL1_drop0p2_trmiss80_trlocclin,14,0.5600782434145609,0.6960943341255188,0.5756302521008403,0.6872160527455359,0.5111111111111111,0.0,0.0,0.0,0.0,2002,clin,0.8
5,2,lr5e-05_bs32_modL1_fusion64_fusionL1_drop0p2_trmiss80_trlocclin,32,5e-05,1,64,1,0.2,lr5e-05_bs32_modL1_fusion64_fusionL1_drop0p2_trmiss80_trlocclin,15,0.562253788113594,0.6957133114337921,0.5798319327731092,0.6838268244730349,0.5111111111111111,0.0,0.0,0.0,0.0,2002,clin,0.8
5,2,lr5e-05_bs32_modL1_fusion64_fusionL1_drop0p2_trmiss80_trlocclin,32,5e-05,1,64,1,0.2,lr5e-05_bs32_modL1_fusion64_fusionL1_drop0p2_trmiss80_trlocclin,16,0.5639583766460419,0.6957543790340424,0.5756302521008403,0.6761472592934697,0.5111111111111111,0.0,0.0,0.0,0.0,2002,clin,0.8
5,2,lr5e-05_bs32_modL1_fusion64_fusionL1_drop0p2_trmiss80_trlocclin,32,5e-05,1,64,1,0.2,lr5e-05_bs32_modL1_fusion64_fusionL1_drop0p2_trmiss80_trlocclin,17,0.5564702351888021,0.6974092423915863,0.5651260504201681,0.6536913852476541,0.5111111111111111,0.0,0.0,0.0,0.0,2002,clin,0.8
5,2,lr5e-05_bs32_modL1_fusion64_fusionL1_drop0p2_trmiss80_trlocclin,32,5e-05,1,64,1,0.2,lr5e-05_bs32_modL1_fusion64_fusionL1_drop0p2_trmiss80_trlocclin,18,0.5573486089706421,0.6980951130390167,0.5525210084033614,0.6629060932310781,0.5111111111111111,0.0,0.0,0.0,0.0,2002,clin,0.8
5,2,lr5e-05_bs32_modL1_fusion64_fusionL1_drop0p2_trmiss80_trlocclin,32,5e-05,1,64,1,0.2,lr5e-05_bs32_modL1_fusion64_fusionL1_drop0p2_trmiss80_trlocclin,19,0.5386194934447607,0.7005993723869324,0.546218487394958,0.6410487006431843,0.5111111111111111,0.0,0.0,0.0,0.0,2002,clin,0.8
5,2,lr5e-05_bs32_modL1_fusion64_fusionL1_drop0p2_trmiss80_trlocclin,32,5e-05,1,64,1,0.2,lr5e-05_bs32_modL1_fusion64_fusionL1_drop0p2_trmiss80_trlocclin,20,0.5504932602246603,0.6992753446102142,0.5378151260504201,0.6388065597359539,0.5111111111111111,0.0,0.0,0.0,0.0,2002,clin,0.8
5,2,lr5e-05_bs32_modL1_fusion64_fusionL1_drop0p2_trmiss80_trlocclin,32,5e-05,1,64,1,0.2,lr5e-05_bs32_modL1_fusion64_fusionL1_drop0p2_trmiss80_trlocclin,21,0.529267430305481,0.6995035707950592,0.5567226890756303,0.6487298159551161,0.5111111111111111,0.0,0.0,0.0,0.0,2002,clin,0.8
5,2,lr5e-05_bs32_modL1_fusion64_fusionL1_drop0p2_trmiss80_trlocclin,32,5e-05,1,64,1,0.2,lr5e-05_bs32_modL1_fusion64_fusionL1_drop0p2_trmiss80_trlocclin,22,0.5315331717332205,0.6982981562614441,0.5588235294117647,0.6505961306628173,0.5333333333333333,0.0,0.0,0.0,0.0,2002,clin,0.8
5,2,lr5e-05_bs32_modL1_fusion64_fusionL1_drop0p2_trmiss80_trlocclin,32,5e-05,1,64,1,0.2,lr5e-05_bs32_modL1_fusion64_fusionL1_drop0p2_trmiss80_trlocclin,23,0.5277638683716456,0.6998588144779205,0.5546218487394958,0.6499376661251377,0.5333333333333333,0.0,0.0,0.0,0.0,2002,clin,0.8
5,2,lr5e-05_bs32_modL1_fusion64_fusionL1_drop0p2_trmiss80_trlocclin,32,5e-05,1,64,1,0.2,lr5e-05_bs32_modL1_fusion64_fusionL1_drop0p2_trmiss80_trlocclin,24,0.5253594716389974,0.7009056210517883,0.5504201680672269,0.6461781461228048,0.5111111111111111,0.0,0.0,0.0,0.0,2002,clin,0.8
5,2,lr5e-05_bs32_modL1_fusion64_fusionL1_drop0p2_trmiss80_trlocclin,32,5e-05,1,64,1,0.2,lr5e-05_bs32_modL1_fusion64_fusionL1_drop0p2_trmiss80_trlocclin,25,0.5195751537879308,0.7043843269348145,0.5525210084033614,0.6428011959894123,0.5111111111111111,0.0,0.0,0.0,0.0,2002,clin,0.8
5,2,lr5e-05_bs32_modL1_fusion64_fusionL1_drop0p2_trmiss80_trlocclin,32,5e-05,1,64,1,0.2,lr5e-05_bs32_modL1_fusion64_fusionL1_drop0p2_trmiss80_trlocclin,26,0.528350700934728,0.7044453918933868,0.5546218487394958,0.646178454771337,0.5111111111111111,0.0,0.0,0.0,0.0,2002,clin,0.8
5,2,lr5e-05_bs32_modL1_fusion64_fusionL1_drop0p2_trmiss80_trlocclin,32,5e-05,1,64,1,0.2,lr5e-05_bs32_modL1_fusion64_fusionL1_drop0p2_trmiss80_trlocclin,27,0.5323896606763204,0.7056190669536591,0.5567226890756303,0.6444916070023022,0.4888888888888889,0.0,0.0,0.0,0.0,2002,clin,0.8
5,2,lr5e-05_bs32_modL1_fusion64_fusionL1_drop0p2_trmiss80_trlocclin,32,5e-05,1,64,1,0.2,lr5e-05_bs32_modL1_fusion64_fusionL1_drop0p2_trmiss80_trlocclin,28,0.5425603240728378,0.7037748992443085,0.5630252100840336,0.6549180524008397,0.5111111111111111,0.0,0.0,0.0,0.0,2002,clin,0.8
5,2,lr5e-05_bs32_modL1_fusion64_fusionL1_drop0p2_trmiss80_trlocclin,32,5e-05,1,64,1,0.2,lr5e-05_bs32_modL1_fusion64_fusionL1_drop0p2_trmiss80_trlocclin,29,0.5277507851521174,0.703885942697525,0.5546218487394958,0.6474224102473951,0.5111111111111111,0.0,0.0,0.0,0.0,2002,clin,0.8
5,2,lr5e-05_bs32_modL1_fusion64_fusionL1_drop0p2_trmiss80_trlocclin,32,5e-05,1,64,1,0.2,lr5e-05_bs32_modL1_fusion64_fusionL1_drop0p2_trmiss80_trlocclin,30,0.5234104891618093,0.7025563418865204,0.5462184873949579,0.6406895517022282,0.5111111111111111,0.0,0.0,0.0,0.0,2002,clin,0.8
5,2,lr5e-05_bs32_modL1_fusion64_fusionL1_drop0p2_trmiss80_trlocclin,32,5e-05,1,64,1,0.2,lr5e-05_bs32_modL1_fusion64_fusionL1_drop0p2_trmiss80_trlocclin,31,0.5168373684088389,0.6990884244441986,0.5588235294117647,0.6504897442024572,0.5333333333333333,0.0,0.0,0.0,0.0,2002,clin,0.8
5,2,lr5e-05_bs32_modL1_fusion64_fusionL1_drop0p2_trmiss80_trlocclin,32,5e-05,1,64,1,0.2,lr5e-05_bs32_modL1_fusion64_fusionL1_drop0p2_trmiss80_trlocclin,32,0.5198580175638199,0.6963411569595337,0.5609243697478992,0.6713047698174462,0.5111111111111111,0.0,0.0,0.0,0.0,2002,clin,0.8
5,2,lr5e-05_bs32_modL1_fusion64_fusionL1_drop0p2_trmiss80_trlocclin,32,5e-05,1,64,1,0.2,lr5e-05_bs32_modL1_fusion64_fusionL1_drop0p2_trmiss80_trlocclin,33,0.5202096253633499,0.7000689804553986,0.5525210084033614,0.6646926187260435,0.5111111111111111,0.0,0.0,0.0,0.0,2002,clin,0.8
5,2,lr5e-05_bs32_modL1_fusion64_fusionL1_drop0p2_trmiss80_trlocclin,32,5e-05,1,64,1,0.2,lr5e-05_bs32_modL1_fusion64_fusionL1_drop0p2_trmiss80_trlocclin,34,0.5058834205071131,0.7000648975372314,0.5546218487394958,0.6495349444864081,0.5111111111111111,0.0,0.0,0.0,0.0,2002,clin,0.8
5,2,lr5e-05_bs32_modL1_fusion64_fusionL1_drop0p2_trmiss80_trlocclin,32,5e-05,1,64,1,0.2,lr5e-05_bs32_modL1_fusion64_fusionL1_drop0p2_trmiss80_trlocclin,35,0.5132585068543752,0.7005630433559418,0.5525210084033614,0.6477034426549063,0.5111111111111111,0.0,0.0,0.0,0.0,2002,clin,0.8
5,2,lr5e-05_bs32_modL1_fusion64_fusionL1_drop0p1_trmiss80_trlocclin,32,5e-05,1,64,1,0.1,lr5e-05_bs32_modL1_fusion64_fusionL1_drop0p1_trmiss80_trlocclin,1,0.7238668998082479,0.6844421327114105,0.7457983193277311,0.8284094463743187,0.4888888888888889,0.0,0.0,0.0,0.0,2002,clin,0.8
5,2,lr5e-05_bs32_modL1_fusion64_fusionL1_drop0p1_trmiss80_trlocclin,32,5e-05,1,64,1,0.1,lr5e-05_bs32_modL1_fusion64_fusionL1_drop0p1_trmiss80_trlocclin,2,0.6863303184509277,0.6766071319580078,0.7226890756302521,0.8309739210962129,0.4888888888888889,0.0,0.0,0.0,0.0,2002,clin,0.8
5,2,lr5e-05_bs32_modL1_fusion64_fusionL1_drop0p1_trmiss80_trlocclin,32,5e-05,1,64,1,0.1,lr5e-05_bs32_modL1_fusion64_fusionL1_drop0p1_trmiss80_trlocclin,3,0.6592766245206197,0.6686413288116455,0.7121848739495799,0.8218301469799291,0.5555555555555556,0.0,0.0,0.0,0.0,2002,clin,0.8
5,2,lr5e-05_bs32_modL1_fusion64_fusionL1_drop0p1_trmiss80_trlocclin,32,5e-05,1,64,1,0.1,lr5e-05_bs32_modL1_fusion64_fusionL1_drop0p1_trmiss80_trlocclin,4,0.6562913060188293,0.6631837785243988,0.7037815126050421,0.8152466017753287,0.5555555555555556,0.0,0.0,0.0,0.0,2002,clin,0.8
5,2,lr5e-05_bs32_modL1_fusion64_fusionL1_drop0p1_trmiss80_trlocclin,32,5e-05,1,64,1,0.1,lr5e-05_bs32_modL1_fusion64_fusionL1_drop0p1_trmiss80_trlocclin,5,0.6246579686800638,0.6611684560775757,0.6932773109243697,0.8112154648438259,0.5555555555555556,0.0,0.0,0.0,0.0,2002,clin,0.8
5,2,lr5e-05_bs32_modL1_fusion64_fusionL1_drop0p1_trmiss80_trlocclin,32,5e-05,1,64,1,0.1,lr5e-05_bs32_modL1_fusion64_fusionL1_drop0p1_trmiss80_trlocclin,6,0.6144849359989166,0.662388950586319,0.680672268907563,0.7934624575884791,0.5333333333333333,0.0,0.0,0.0,0.0,2002,clin,0.8
5,2,lr5e-05_bs32_modL1_fusion64_fusionL1_drop0p1_trmiss80_trlocclin,32,5e-05,1,64,1,0.1,lr5e-05_bs32_modL1_fusion64_fusionL1_drop0p1_trmiss80_trlocclin,7,0.6077512005964915,0.6646588444709778,0.680672268907563,0.788943624413872,0.5555555555555556,0.0,0.0,0.0,0.0,2002,clin,0.8
5,2,lr5e-05_bs32_modL1_fusion64_fusionL1_drop0p1_trmiss80_trlocclin,32,5e-05,1,64,1,0.1,lr5e-05_bs32_modL1_fusion64_fusionL1_drop0p1_trmiss80_trlocclin,8,0.5803160866101583,0.66630819439888,0.6911764705882353,0.7913919944134753,0.5777777777777777,0.0,0.0,0.0,0.0,2002,clin,0.8
5,2,lr5e-05_bs32_modL1_fusion64_fusionL1_drop0p1_trmiss80_trlocclin,32,5e-05,1,64,1,0.1,lr5e-05_bs32_modL1_fusion64_fusionL1_drop0p1_trmiss80_trlocclin,9,0.5721627771854401,0.6668581366539001,0.6974789915966387,0.8016350783127538,0.5777777777777777,0.0,0.0,0.0,0.0,2002,clin,0.8
5,2,lr5e-05_bs32_modL1_fusion64_fusionL1_drop0p1_trmiss80_trlocclin,32,5e-05,1,64,1,0.1,lr5e-05_bs32_modL1_fusion64_fusionL1_drop0p1_trmiss80_trlocclin,10,0.5580001225074133,0.6658062636852264,0.6953781512605043,0.8035026646700595,0.6,0.0,0.0,0.0,0.0,2002,clin,0.8
5,2,lr5e-05_bs32_modL1_fusion64_fusionL1_drop0p1_trmiss80_trlocclin,32,5e-05,1,64,1,0.1,lr5e-05_bs32_modL1_fusion64_fusionL1_drop0p1_trmiss80_trlocclin,11,0.5617563227812449,0.665386825799942,0.6890756302521008,0.8057048892779268,0.5777777777777777,0.0,0.0,0.0,0.0,2002,clin,0.8
5,2,lr5e-05_bs32_modL1_fusion64_fusionL1_drop0p1_trmiss80_trlocclin,32,5e-05,1,64,1,0.1,lr5e-05_bs32_modL1_fusion64_fusionL1_drop0p1_trmiss80_trlocclin,12,0.5548154215017954,0.663253903388977,0.6932773109243697,0.8093582625649207,0.5777777777777777,0.0,0.0,0.0,0.0,2002,clin,0.8
5,2,lr5e-05_bs32_modL1_fusion64_fusionL1_drop0p1_trmiss80_trlocclin,32,5e-05,1,64,1,0.1,lr5e-05_bs32_modL1_fusion64_fusionL1_drop0p1_trmiss80_trlocclin,13,0.5440582036972046,0.6584523618221283,0.6827731092436975,0.8021502270054474,0.6222222222222222,0.0,0.0,0.0,0.0,2002,clin,0.8
5,2,lr5e-05_bs32_modL1_fusion64_fusionL1_drop0p1_trmiss80_trlocclin,32,5e-05,1,64,1,0.1,lr5e-05_bs32_modL1_fusion64_fusionL1_drop0p1_trmiss80_trlocclin,14,0.5208849161863327,0.6607862412929535,0.6659663865546219,0.7956563116459858,0.5777777777777777,0.0,0.0,0.0,0.0,2002,clin,0.8
5,2,lr5e-05_bs32_modL1_fusion64_fusionL1_drop0p1_trmiss80_trlocclin,32,5e-05,1,64,1,0.1,lr5e-05_bs32_modL1_fusion64_fusionL1_drop0p1_trmiss80_trlocclin,15,0.5226317743460337,0.6586680114269257,0.6554621848739497,0.7903685042153213,0.6,0.0,0.0,0.0,0.0,2002,clin,0.8
5,2,lr5e-05_bs32_modL1_fusion64_fusionL1_drop0p1_trmiss80_trlocclin,32,5e-05,1,64,1,0.1,lr5e-05_bs32_modL1_fusion64_fusionL1_drop0p1_trmiss80_trlocclin,16,0.5216118842363358,0.6578364372253418,0.6596638655462185,0.7939140591383087,0.5555555555555556,0.0,0.0,0.0,0.0,2002,clin,0.8
5,2,lr5e-05_bs32_modL1_fusion64_fusionL1_drop0p1_trmiss80_trlocclin,32,5e-05,1,64,1,0.1,lr5e-05_bs32_modL1_fusion64_fusionL1_drop0p1_trmiss80_trlocclin,17,0.5192067126433054,0.6593982577323914,0.6533613445378151,0.7911691074026738,0.5777777777777777,0.0,0.0,0.0,0.0,2002,clin,0.8
5,2,lr5e-05_bs32_modL1_fusion64_fusionL1_drop0p1_trmiss80_trlocclin,32,5e-05,1,64,1,0.1,lr5e-05_bs32_modL1_fusion64_fusionL1_drop0p1_trmiss80_trlocclin,18,0.5174390226602554,0.658406674861908,0.6554621848739496,0.7938252978322135,0.5777777777777777,0.0,0.0,0.0,0.0,2002,clin,0.8
5,2,lr5e-05_bs32_modL1_fusion64_fusionL1_drop0p1_trmiss80_trlocclin,32,5e-05,1,64,1,0.1,lr5e-05_bs32_modL1_fusion64_fusionL1_drop0p1_trmiss80_trlocclin,19,0.5114430685838064,0.6575857996940613,0.6617647058823529,0.7967428441610899,0.5777777777777777,0.0,0.0,0.0,0.0,2002,clin,0.8
5,2,lr5e-05_bs32_modL1_fusion64_fusionL1_drop0p1_trmiss80_trlocclin,32,5e-05,1,64,1,0.1,lr5e-05_bs32_modL1_fusion64_fusionL1_drop0p1_trmiss80_trlocclin,20,0.4983728577693303,0.6570625901222229,0.6638655462184875,0.7986773679706136,0.5777777777777777,0.0,0.0,0.0,0.0,2002,clin,0.8
5,2,lr5e-05_bs32_modL1_fusion64_fusionL1_drop0p1_trmiss80_trlocclin,32,5e-05,1,64,1,0.1,lr5e-05_bs32_modL1_fusion64_fusionL1_drop0p1_trmiss80_trlocclin,21,0.48835999766985577,0.6582339704036713,0.6617647058823529,0.79721537966652,0.5777777777777777,0.0,0.0,0.0,0.0,2002,clin,0.8
5,2,lr1e-04_bs32_modL1_fusion32_fusionL1_drop0p2_trmiss80_trlocclin,32,0.0001,1,32,1,0.2,lr1e-04_bs32_modL1_fusion32_fusionL1_drop0p2_trmiss80_trlocclin,1,0.7021522521972656,0.6958291530609131,0.638655462184874,0.7292181872447968,0.4,0.0,0.0,0.0,0.0,2002,clin,0.8
5,2,lr1e-04_bs32_modL1_fusion32_fusionL1_drop0p2_trmiss80_trlocclin,32,0.0001,1,32,1,0.2,lr1e-04_bs32_modL1_fusion32_fusionL1_drop0p2_trmiss80_trlocclin,2,0.6624358693758646,0.6949257254600525,0.6260504201680673,0.6750704439072674,0.4888888888888889,0.0,0.0,0.0,0.0,2002,clin,0.8
5,2,lr1e-04_bs32_modL1_fusion32_fusionL1_drop0p2_trmiss80_trlocclin,32,0.0001,1,32,1,0.2,lr1e-04_bs32_modL1_fusion32_fusionL1_drop0p2_trmiss80_trlocclin,3,0.6362730463345846,0.6964129507541656,0.6176470588235294,0.6592654604942082,0.4444444444444444,0.0,0.0,0.0,0.0,2002,clin,0.8
5,2,lr1e-04_bs32_modL1_fusion32_fusionL1_drop0p2_trmiss80_trlocclin,32,0.0001,1,32,1,0.2,lr1e-04_bs32_modL1_fusion32_fusionL1_drop0p2_trmiss80_trlocclin,4,0.6169784863789877,0.6973170936107635,0.6071428571428571,0.6578716969458165,0.5333333333333333,0.0,0.0,0.0,0.0,2002,clin,0.8
5,2,lr1e-04_bs32_modL1_fusion32_fusionL1_drop0p2_trmiss80_trlocclin,32,0.0001,1,32,1,0.2,lr1e-04_bs32_modL1_fusion32_fusionL1_drop0p2_trmiss80_trlocclin,5,0.6004774073759714,0.6997128129005432,0.6029411764705882,0.6552225111450479,0.5333333333333333,0.0,0.0,0.0,0.0,2002,clin,0.8
5,2,lr1e-04_bs32_modL1_fusion32_fusionL1_drop0p2_trmiss80_trlocclin,32,0.0001,1,32,1,0.2,lr1e-04_bs32_modL1_fusion32_fusionL1_drop0p2_trmiss80_trlocclin,6,0.593118021885554,0.7029609978199005,0.5882352941176471,0.6453216803366425,0.5333333333333333,0.0,0.0,0.0,0.0,2002,clin,0.8
5,2,lr1e-04_bs32_modL1_fusion32_fusionL1_drop0p2_trmiss80_trlocclin,32,0.0001,1,32,1,0.2,lr1e-04_bs32_modL1_fusion32_fusionL1_drop0p2_trmiss80_trlocclin,7,0.5831380486488342,0.7017393708229065,0.5756302521008403,0.6577891104033571,0.5333333333333333,0.0,0.0,0.0,0.0,2002,clin,0.8
5,2,lr1e-04_bs32_modL1_fusion32_fusionL1_drop0p2_trmiss80_trlocclin,32,0.0001,1,32,1,0.2,lr1e-04_bs32_modL1_fusion32_fusionL1_drop0p2_trmiss80_trlocclin,8,0.5560461978117625,0.7028297185897827,0.5819327731092437,0.6616155611520877,0.4888888888888889,0.0,0.0,0.0,0.0,2002,clin,0.8
5,2,lr1e-04_bs32_modL1_fusion32_fusionL1_drop0p2_trmiss80_trlocclin,32,0.0001,1,32,1,0.2,lr1e-04_bs32_modL1_fusion32_fusionL1_drop0p2_trmiss80_trlocclin,9,0.5648790796597799,0.7018154561519623,0.5819327731092437,0.6632907153078922,0.4888888888888889,0.0,0.0,0.0,0.0,2002,clin,0.8
5,2,lr1e-04_bs32_modL1_fusion32_fusionL1_drop0p2_trmiss80_trlocclin,32,0.0001,1,32,1,0.2,lr1e-04_bs32_modL1_fusion32_fusionL1_drop0p2_trmiss80_trlocclin,10,0.5489652256170908,0.7014717757701874,0.5609243697478992,0.6523189568626054,0.4888888888888889,0.0,0.0,0.0,0.0,2002,clin,0.8
5,2,lr1e-04_bs32_modL1_fusion32_fusionL1_drop0p2_trmiss80_trlocclin,32,0.0001,1,32,1,0.2,lr1e-04_bs32_modL1_fusion32_fusionL1_drop0p2_trmiss80_trlocclin,11,0.5529652833938599,0.7001148164272308,0.5630252100840336,0.6572593617168193,0.4888888888888889,0.0,0.0,0.0,0.0,2002,clin,0.8
5,2,lr1e-04_bs32_modL1_fusion32_fusionL1_drop0p2_trmiss80_trlocclin,32,0.0001,1,32,1,0.2,lr1e-04_bs32_modL1_fusion32_fusionL1_drop0p2_trmiss80_trlocclin,12,0.5287797351678213,0.7022213637828827,0.5546218487394958,0.649319236775644,0.4888888888888889,0.0,0.0,0.0,0.0,2002,clin,0.8
5,2,lr1e-04_bs32_modL1_fusion32_fusionL1_drop0p2_trmiss80_trlocclin,32,0.0001,1,32,1,0.2,lr1e-04_bs32_modL1_fusion32_fusionL1_drop0p2_trmiss80_trlocclin,13,0.5368672410647074,0.7053799629211426,0.5609243697478992,0.653076281280031,0.4666666666666667,0.0,0.0,0.0,0.0,2002,clin,0.8
5,2,lr1e-04_bs32_modL1_fusion32_fusionL1_drop0p2_trmiss80_trlocclin,32,0.0001,1,32,1,0.2,lr1e-04_bs32_modL1_fusion32_fusionL1_drop0p2_trmiss80_trlocclin,14,0.5199853430191675,0.7037623822689056,0.5525210084033614,0.6497909422804062,0.4888888888888889,0.0,0.0,0.0,0.0,2002,clin,0.8
5,2,lr1e-04_bs32_modL1_fusion32_fusionL1_drop0p2_trmiss80_trlocclin,32,0.0001,1,32,1,0.2,lr1e-04_bs32_modL1_fusion32_fusionL1_drop0p2_trmiss80_trlocclin,15,0.5343256195386251,0.7069462537765503,0.5588235294117647,0.6524982178965165,0.4666666666666667,0.0,0.0,0.0,0.0,2002,clin,0.8
5,2,lr1e-04_bs32_modL1_fusion32_fusionL1_drop0p2_trmiss80_trlocclin,32,0.0001,1,32,1,0.2,lr1e-04_bs32_modL1_fusion32_fusionL1_drop0p2_trmiss80_trlocclin,16,0.5230775475502014,0.7023905813694,0.5567226890756303,0.6518839995330759,0.4888888888888889,0.0,0.0,0.0,0.0,2002,clin,0.8
5,2,lr1e-04_bs32_modL1_fusion32_fusionL1_drop0p2_trmiss80_trlocclin,32,0.0001,1,32,1,0.2,lr1e-04_bs32_modL1_fusion32_fusionL1_drop0p2_trmiss80_trlocclin,17,0.5166000127792358,0.7050356864929199,0.542016806722689,0.642931779951285,0.4888888888888889,0.0,0.0,0.0,0.0,2002,clin,0.8
5,2,lr1e-04_bs32_modL1_fusion32_fusionL1_drop0p2_trmiss80_trlocclin,32,0.0001,1,32,1,0.2,lr1e-04_bs32_modL1_fusion32_fusionL1_drop0p2_trmiss80_trlocclin,18,0.4974859605232875,0.704920768737793,0.5378151260504201,0.6440716759635182,0.4888888888888889,0.0,0.0,0.0,0.0,2002,clin,0.8
5,2,lr1e-04_bs32_modL1_fusion32_fusionL1_drop0p2_trmiss80_trlocclin,32,0.0001,1,32,1,0.2,lr1e-04_bs32_modL1_fusion32_fusionL1_drop0p2_trmiss80_trlocclin,19,0.5345988174279531,0.7035957276821136,0.546218487394958,0.6481832908120396,0.5111111111111111,0.0,0.0,0.0,0.0,2002,clin,0.8
5,2,lr1e-04_bs32_modL1_fusion32_fusionL1_drop0p2_trmiss80_trlocclin,32,0.0001,1,32,1,0.2,lr1e-04_bs32_modL1_fusion32_fusionL1_drop0p2_trmiss80_trlocclin,20,0.5230903625488281,0.700309693813324,0.5483193277310925,0.6509807434034387,0.5111111111111111,0.0,0.0,0.0,0.0,2002,clin,0.8
5,2,lr1e-04_bs32_modL1_fusion32_fusionL1_drop0p2_trmiss80_trlocclin,32,0.0001,1,32,1,0.2,lr1e-04_bs32_modL1_fusion32_fusionL1_drop0p2_trmiss80_trlocclin,21,0.5106463630994161,0.7023386359214783,0.5483193277310924,0.6507135756532487,0.4888888888888889,0.0,0.0,0.0,0.0,2002,clin,0.8
5,2,lr1e-04_bs32_modL1_fusion32_fusionL1_drop0p1_trmiss80_trlocclin,32,0.0001,1,32,1,0.1,lr1e-04_bs32_modL1_fusion32_fusionL1_drop0p1_trmiss80_trlocclin,1,0.6886169612407684,0.6860371232032776,0.7542016806722689,0.8364936567911677,0.5333333333333333,0.0,0.0,0.0,0.0,2002,clin,0.8
5,2,lr1e-04_bs32_modL1_fusion32_fusionL1_drop0p1_trmiss80_trlocclin,32,0.0001,1,32,1,0.1,lr1e-04_bs32_modL1_fusion32_fusionL1_drop0p1_trmiss80_trlocclin,2,0.646634558836619,0.675771176815033,0.7226890756302521,0.8245909130786188,0.6222222222222222,0.0,0.0,0.0,0.0,2002,clin,0.8
5,2,lr1e-04_bs32_modL1_fusion32_fusionL1_drop0p1_trmiss80_trlocclin,32,0.0001,1,32,1,0.1,lr1e-04_bs32_modL1_fusion32_fusionL1_drop0p1_trmiss80_trlocclin,3,0.6311062276363373,0.6692204773426056,0.7058823529411764,0.8153937747384131,0.6,0.0,0.0,0.0,0.0,2002,clin,0.8
5,2,lr1e-04_bs32_modL1_fusion32_fusionL1_drop0p1_trmiss80_trlocclin,32,0.0001,1,32,1,0.1,lr1e-04_bs32_modL1_fusion32_fusionL1_drop0p1_trmiss80_trlocclin,4,0.5932822823524475,0.6651227474212646,0.7226890756302521,0.8256696190820296,0.6222222222222222,0.0,0.0,0.0,0.0,2002,clin,0.8
5,2,lr1e-04_bs32_modL1_fusion32_fusionL1_drop0p1_trmiss80_trlocclin,32,0.0001,1,32,1,0.1,lr1e-04_bs32_modL1_fusion32_fusionL1_drop0p1_trmiss80_trlocclin,5,0.5733750462532043,0.6619326174259186,0.7184873949579832,0.8222346263556944,0.6,0.0,0.0,0.0,0.0,2002,clin,0.8
5,2,lr1e-04_bs32_modL1_fusion32_fusionL1_drop0p1_trmiss80_trlocclin,32,0.0001,1,32,1,0.1,lr1e-04_bs32_modL1_fusion32_fusionL1_drop0p1_trmiss80_trlocclin,6,0.5609973271687826,0.6575798690319061,0.726890756302521,0.8328482847498312,0.6666666666666666,0.0,0.0,0.0,0.0,2002,clin,0.8
5,2,lr1e-04_bs32_modL1_fusion32_fusionL1_drop0p1_trmiss80_trlocclin,32,0.0001,1,32,1,0.1,lr1e-04_bs32_modL1_fusion32_fusionL1_drop0p1_trmiss80_trlocclin,7,0.5540445943673452,0.6532274782657623,0.7205882352941176,0.8296084153999227,0.6666666666666666,0.0,0.0,0.0,0.0,2002,clin,0.8
5,2,lr1e-04_bs32_modL1_fusion32_fusionL1_drop0p1_trmiss80_trlocclin,32,0.0001,1,32,1,0.1,lr1e-04_bs32_modL1_fusion32_fusionL1_drop0p1_trmiss80_trlocclin,8,0.5415735145409902,0.6533700823783875,0.6974789915966386,0.8132019511645268,0.6222222222222222,0.0,0.0,0.0,0.0,2002,clin,0.8
5,2,lr1e-04_bs32_modL1_fusion32_fusionL1_drop0p1_trmiss80_trlocclin,32,0.0001,1,32,1,0.1,lr1e-04_bs32_modL1_fusion32_fusionL1_drop0p1_trmiss80_trlocclin,9,0.5145130058129629,0.6567293107509613,0.6890756302521008,0.8020033990878573,0.6,0.0,0.0,0.0,0.0,2002,clin,0.8
5,2,lr1e-04_bs32_modL1_fusion32_fusionL1_drop0p1_trmiss80_trlocclin,32,0.0001,1,32,1,0.1,lr1e-04_bs32_modL1_fusion32_fusionL1_drop0p1_trmiss80_trlocclin,10,0.5098208288351694,0.6612159013748169,0.6911764705882353,0.7994013135322274,0.6222222222222222,0.0,0.0,0.0,0.0,2002,clin,0.8
5,2,lr1e-04_bs32_modL1_fusion32_fusionL1_drop0p1_trmiss80_trlocclin,32,0.0001,1,32,1,0.1,lr1e-04_bs32_modL1_fusion32_fusionL1_drop0p1_trmiss80_trlocclin,11,0.49171482523282367,0.6666902005672455,0.6764705882352942,0.7622622468618656,0.6444444444444445,0.0,0.0,0.0,0.0,2002,clin,0.8
5,2,lr1e-04_bs32_modL1_fusion32_fusionL1_drop0p1_trmiss80_trlocclin,32,0.0001,1,32,1,0.1,lr1e-04_bs32_modL1_fusion32_fusionL1_drop0p1_trmiss80_trlocclin,12,0.4928457389275233,0.6677319407463074,0.6722689075630252,0.7778126597675565,0.6444444444444445,0.0,0.0,0.0,0.0,2002,clin,0.8
5,2,lr1e-04_bs32_modL1_fusion32_fusionL1_drop0p1_trmiss80_trlocclin,32,0.0001,1,32,1,0.1,lr1e-04_bs32_modL1_fusion32_fusionL1_drop0p1_trmiss80_trlocclin,13,0.4902847607930501,0.6689462661743164,0.6638655462184874,0.7784081460724577,0.6444444444444445,0.0,0.0,0.0,0.0,2002,clin,0.8
5,2,lr1e-04_bs32_modL1_fusion32_fusionL1_drop0p1_trmiss80_trlocclin,32,0.0001,1,32,1,0.1,lr1e-04_bs32_modL1_fusion32_fusionL1_drop0p1_trmiss80_trlocclin,14,0.4701565007368724,0.668482631444931,0.657563025210084,0.7740159286591766,0.6444444444444445,0.0,0.0,0.0,0.0,2002,clin,0.8
5,2,lr1e-04_bs32_modL1_fusion32_fusionL1_drop0p1_trmiss80_trlocclin,32,0.0001,1,32,1,0.1,lr1e-04_bs32_modL1_fusion32_fusionL1_drop0p1_trmiss80_trlocclin,15,0.45645971099535626,0.6695771217346191,0.6512605042016807,0.7721258462147433,0.6222222222222222,0.0,0.0,0.0,0.0,2002,clin,0.8
5,2,lr1e-04_bs32_modL1_fusion32_fusionL1_drop0p1_trmiss80_trlocclin,32,0.0001,1,32,1,0.1,lr1e-04_bs32_modL1_fusion32_fusionL1_drop0p1_trmiss80_trlocclin,16,0.45620363454024,0.6697423756122589,0.6491596638655461,0.771704726794173,0.5777777777777777,0.0,0.0,0.0,0.0,2002,clin,0.8
5,2,lr1e-04_bs32_modL1_fusion32_fusionL1_drop0p1_trmiss80_trlocclin,32,0.0001,1,32,1,0.1,lr1e-04_bs32_modL1_fusion32_fusionL1_drop0p1_trmiss80_trlocclin,17,0.4522734781106313,0.6688418686389923,0.6470588235294117,0.7667485989122705,0.6222222222222222,0.0,0.0,0.0,0.0,2002,clin,0.8
5,2,lr1e-04_bs32_modL1_fusion32_fusionL1_drop0p1_trmiss80_trlocclin,32,0.0001,1,32,1,0.1,lr1e-04_bs32_modL1_fusion32_fusionL1_drop0p1_trmiss80_trlocclin,18,0.4499826431274414,0.6696645021438599,0.6470588235294117,0.7640006405186581,0.6,0.0,0.0,0.0,0.0,2002,clin,0.8
5,2,lr1e-04_bs32_modL1_fusion32_fusionL1_drop0p1_trmiss80_trlocclin,32,0.0001,1,32,1,0.1,lr1e-04_bs32_modL1_fusion32_fusionL1_drop0p1_trmiss80_trlocclin,19,0.45184512933095294,0.6694384813308716,0.6491596638655462,0.7570943931712344,0.6222222222222222,0.0,0.0,0.0,0.0,2002,clin,0.8
5,2,lr1e-04_bs32_modL1_fusion32_fusionL1_drop0p1_trmiss80_trlocclin,32,0.0001,1,32,1,0.1,lr1e-04_bs32_modL1_fusion32_fusionL1_drop0p1_trmiss80_trlocclin,20,0.43036561210950214,0.6722323894500732,0.6407563025210083,0.7423086193821169,0.6222222222222222,0.0,0.0,0.0,0.0,2002,clin,0.8
5,2,lr1e-04_bs32_modL1_fusion32_fusionL1_drop0p1_trmiss80_trlocclin,32,0.0001,1,32,1,0.1,lr1e-04_bs32_modL1_fusion32_fusionL1_drop0p1_trmiss80_trlocclin,21,0.44436365365982056,0.6721887588500977,0.6386554621848739,0.73750161735737,0.6444444444444445,0.0,0.0,0.0,0.0,2002,clin,0.8
5,2,lr1e-04_bs32_modL1_fusion64_fusionL1_drop0p2_trmiss80_trlocclin,32,0.0001,1,64,1,0.2,lr1e-04_bs32_modL1_fusion64_fusionL1_drop0p2_trmiss80_trlocclin,1,0.7349879443645477,0.6931500434875488,0.6260504201680672,0.7876822408262493,0.5555555555555556,0.0,0.0,0.0,0.0,2002,clin,0.8
5,2,lr1e-04_bs32_modL1_fusion64_fusionL1_drop0p2_trmiss80_trlocclin,32,0.0001,1,64,1,0.2,lr1e-04_bs32_modL1_fusion64_fusionL1_drop0p2_trmiss80_trlocclin,2,0.7261146207650503,0.6908974051475525,0.6281512605042017,0.7974031591966882,0.5555555555555556,0.0,0.0,0.0,0.0,2002,clin,0.8
5,2,lr1e-04_bs32_modL1_fusion64_fusionL1_drop0p2_trmiss80_trlocclin,32,0.0001,1,64,1,0.2,lr1e-04_bs32_modL1_fusion64_fusionL1_drop0p2_trmiss80_trlocclin,3,0.6881661117076874,0.6957688629627228,0.6239495798319328,0.7891631181105822,0.5777777777777777,0.0,0.0,0.0,0.0,2002,clin,0.8
5,2,lr1e-04_bs32_modL1_fusion64_fusionL1_drop0p2_trmiss80_trlocclin,32,0.0001,1,64,1,0.2,lr1e-04_bs32_modL1_fusion64_fusionL1_drop0p2_trmiss80_trlocclin,4,0.6663157244523367,0.6984319984912872,0.615546218487395,0.7882250954776923,0.5777777777777777,0.0,0.0,0.0,0.0,2002,clin,0.8
5,2,lr1e-04_bs32_modL1_fusion64_fusionL1_drop0p2_trmiss80_trlocclin,32,0.0001,1,64,1,0.2,lr1e-04_bs32_modL1_fusion64_fusionL1_drop0p2_trmiss80_trlocclin,5,0.6471095681190491,0.7027362287044525,0.5882352941176471,0.7709577872222646,0.5555555555555556,0.0,0.0,0.0,0.0,2002,clin,0.8
5,2,lr1e-04_bs32_modL1_fusion64_fusionL1_drop0p2_trmiss80_trlocclin,32,0.0001,1,64,1,0.2,lr1e-04_bs32_modL1_fusion64_fusionL1_drop0p2_trmiss80_trlocclin,6,0.625439832607905,0.7043276131153107,0.5798319327731093,0.7710285438266726,0.5555555555555556,0.0,0.0,0.0,0.0,2002,clin,0.8
5,2,lr1e-04_bs32_modL1_fusion64_fusionL1_drop0p2_trmiss80_trlocclin,32,0.0001,1,64,1,0.2,lr1e-04_bs32_modL1_fusion64_fusionL1_drop0p2_trmiss80_trlocclin,7,0.6167358160018921,0.7020604610443115,0.5903361344537815,0.779282721259311,0.5555555555555556,0.0,0.0,0.0,0.0,2002,clin,0.8
5,2,lr1e-04_bs32_modL1_fusion64_fusionL1_drop0p2_trmiss80_trlocclin,32,0.0001,1,64,1,0.2,lr1e-04_bs32_modL1_fusion64_fusionL1_drop0p2_trmiss80_trlocclin,8,0.6016393105189005,0.6993330419063568,0.5966386554621849,0.7817450981058417,0.5777777777777777,0.0,0.0,0.0,0.0,2002,clin,0.8
5,2,lr1e-04_bs32_modL1_fusion64_fusionL1_drop0p2_trmiss80_trlocclin,32,0.0001,1,64,1,0.2,lr1e-04_bs32_modL1_fusion64_fusionL1_drop0p2_trmiss80_trlocclin,9,0.5995409786701202,0.6966392397880554,0.6050420168067228,0.786689657126031,0.5777777777777777,0.0,0.0,0.0,0.0,2002,clin,0.8
5,2,lr1e-04_bs32_modL1_fusion64_fusionL1_drop0p2_trmiss80_trlocclin,32,0.0001,1,64,1,0.2,lr1e-04_bs32_modL1_fusion64_fusionL1_drop0p2_trmiss80_trlocclin,10,0.5897793571154276,0.6946569979190826,0.6239495798319328,0.7991665754287102,0.5555555555555556,0.0,0.0,0.0,0.0,2002,clin,0.8
5,2,lr1e-04_bs32_modL1_fusion64_fusionL1_drop0p2_trmiss80_trlocclin,32,0.0001,1,64,1,0.2,lr1e-04_bs32_modL1_fusion64_fusionL1_drop0p2_trmiss80_trlocclin,11,0.5811105569203695,0.6934665143489838,0.6281512605042017,0.798728896983513,0.5555555555555556,0.0,0.0,0.0,0.0,2002,clin,0.8
5,2,lr1e-04_bs32_modL1_fusion64_fusionL1_drop0p2_trmiss80_trlocclin,32,0.0001,1,64,1,0.2,lr1e-04_bs32_modL1_fusion64_fusionL1_drop0p2_trmiss80_trlocclin,12,0.5671055714289347,0.6945227384567261,0.634453781512605,0.8001404394824232,0.5333333333333333,0.0,0.0,0.0,0.0,2002,clin,0.8
5,2,lr1e-04_bs32_modL1_fusion64_fusionL1_drop0p2_trmiss80_trlocclin,32,0.0001,1,64,1,0.2,lr1e-04_bs32_modL1_fusion64_fusionL1_drop0p2_trmiss80_trlocclin,13,0.5708078344662985,0.6946108043193817,0.6218487394957983,0.792002880076761,0.5333333333333333,0.0,0.0,0.0,0.0,2002,clin,0.8
5,2,lr1e-04_bs32_modL1_fusion64_fusionL1_drop0p2_trmiss80_trlocclin,32,0.0001,1,64,1,0.2,lr1e-04_bs32_modL1_fusion64_fusionL1_drop0p2_trmiss80_trlocclin,14,0.5488930344581604,0.6963399052619934,0.6176470588235294,0.790493787905931,0.5777777777777777,0.0,0.0,0.0,0.0,2002,clin,0.8
5,2,lr1e-04_bs32_modL1_fusion64_fusionL1_drop0p2_trmiss80_trlocclin,32,0.0001,1,64,1,0.2,lr1e-04_bs32_modL1_fusion64_fusionL1_drop0p2_trmiss80_trlocclin,15,0.5358784894148508,0.6932452917098999,0.6176470588235294,0.7902263871756171,0.5555555555555556,0.0,0.0,0.0,0.0,2002,clin,0.8
5,2,lr1e-04_bs32_modL1_fusion64_fusionL1_drop0p2_trmiss80_trlocclin,32,0.0001,1,64,1,0.2,lr1e-04_bs32_modL1_fusion64_fusionL1_drop0p2_trmiss80_trlocclin,16,0.5307504336039225,0.6934633553028107,0.6092436974789915,0.7812706967555951,0.5777777777777777,0.0,0.0,0.0,0.0,2002,clin,0.8
5,2,lr1e-04_bs32_modL1_fusion64_fusionL1_drop0p2_trmiss80_trlocclin,32,0.0001,1,64,1,0.2,lr1e-04_bs32_modL1_fusion64_fusionL1_drop0p2_trmiss80_trlocclin,17,0.5449027617772421,0.69329434633255,0.6050420168067226,0.7756443422364293,0.5555555555555556,0.0,0.0,0.0,0.0,2002,clin,0.8
5,2,lr1e-04_bs32_modL1_fusion64_fusionL1_drop0p2_trmiss80_trlocclin,32,0.0001,1,64,1,0.2,lr1e-04_bs32_modL1_fusion64_fusionL1_drop0p2_trmiss80_trlocclin,18,0.5434794425964355,0.6970438659191132,0.6071428571428571,0.7779381651999322,0.5555555555555556,0.0,0.0,0.0,0.0,2002,clin,0.8
5,2,lr1e-04_bs32_modL1_fusion64_fusionL1_drop0p2_trmiss80_trlocclin,32,0.0001,1,64,1,0.2,lr1e-04_bs32_modL1_fusion64_fusionL1_drop0p2_trmiss80_trlocclin,19,0.5389032959938049,0.697491854429245,0.6050420168067226,0.7732668802900072,0.5777777777777777,0.0,0.0,0.0,0.0,2002,clin,0.8
5,2,lr1e-04_bs32_modL1_fusion64_fusionL1_drop0p2_trmiss80_trlocclin,32,0.0001,1,64,1,0.2,lr1e-04_bs32_modL1_fusion64_fusionL1_drop0p2_trmiss80_trlocclin,20,0.5275549044211706,0.6933779716491699,0.6113445378151261,0.7763388692733472,0.6,0.0,0.0,0.0,0.0,2002,clin,0.8
5,2,lr1e-04_bs32_modL1_fusion64_fusionL1_drop0p2_trmiss80_trlocclin,32,0.0001,1,64,1,0.2,lr1e-04_bs32_modL1_fusion64_fusionL1_drop0p2_trmiss80_trlocclin,21,0.5301375091075897,0.6919105350971222,0.6239495798319328,0.7892051696396475,0.5777777777777777,0.0,0.0,0.0,0.0,2002,clin,0.8
5,2,lr1e-04_bs32_modL1_fusion64_fusionL1_drop0p2_trmiss80_trlocclin,32,0.0001,1,64,1,0.2,lr1e-04_bs32_modL1_fusion64_fusionL1_drop0p2_trmiss80_trlocclin,22,0.5129017333189646,0.69024658203125,0.6134453781512605,0.780457260275887,0.5777777777777777,0.0,0.0,0.0,0.0,2002,clin,0.8
5,2,lr1e-04_bs32_modL1_fusion64_fusionL1_drop0p2_trmiss80_trlocclin,32,0.0001,1,64,1,0.2,lr1e-04_bs32_modL1_fusion64_fusionL1_drop0p2_trmiss80_trlocclin,23,0.5205559233824412,0.6911654770374298,0.6113445378151261,0.7781259796666586,0.5777777777777777,0.0,0.0,0.0,0.0,2002,clin,0.8
5,2,lr1e-04_bs32_modL1_fusion64_fusionL1_drop0p2_trmiss80_trlocclin,32,0.0001,1,64,1,0.2,lr1e-04_bs32_modL1_fusion64_fusionL1_drop0p2_trmiss80_trlocclin,24,0.5225453029076258,0.6932147145271301,0.6176470588235293,0.7824423479608594,0.5777777777777777,0.0,0.0,0.0,0.0,2002,clin,0.8
5,2,lr1e-04_bs32_modL1_fusion64_fusionL1_drop0p2_trmiss80_trlocclin,32,0.0001,1,64,1,0.2,lr1e-04_bs32_modL1_fusion64_fusionL1_drop0p2_trmiss80_trlocclin,25,0.530766616264979,0.6904395818710327,0.6281512605042017,0.7939329039481272,0.5777777777777777,0.0,0.0,0.0,0.0,2002,clin,0.8
5,2,lr1e-04_bs32_modL1_fusion64_fusionL1_drop0p2_trmiss80_trlocclin,32,0.0001,1,64,1,0.2,lr1e-04_bs32_modL1_fusion64_fusionL1_drop0p2_trmiss80_trlocclin,26,0.5193558484315872,0.6882500946521759,0.6260504201680672,0.7924343400957087,0.5777777777777777,0.0,0.0,0.0,0.0,2002,clin,0.8
5,2,lr1e-04_bs32_modL1_fusion64_fusionL1_drop0p2_trmiss80_trlocclin,32,0.0001,1,64,1,0.2,lr1e-04_bs32_modL1_fusion64_fusionL1_drop0p2_trmiss80_trlocclin,27,0.525718222061793,0.689478188753128,0.6176470588235294,0.7824511475934867,0.5777777777777777,0.0,0.0,0.0,0.0,2002,clin,0.8
5,2,lr1e-04_bs32_modL1_fusion64_fusionL1_drop0p2_trmiss80_trlocclin,32,0.0001,1,64,1,0.2,lr1e-04_bs32_modL1_fusion64_fusionL1_drop0p2_trmiss80_trlocclin,28,0.5143943627675375,0.6922556459903717,0.6176470588235294,0.782256342115125,0.5777777777777777,0.0,0.0,0.0,0.0,2002,clin,0.8
5,2,lr1e-04_bs32_modL1_fusion64_fusionL1_drop0p2_trmiss80_trlocclin,32,0.0001,1,64,1,0.2,lr1e-04_bs32_modL1_fusion64_fusionL1_drop0p2_trmiss80_trlocclin,29,0.5212993621826172,0.6898052394390106,0.6260504201680672,0.7915727308156358,0.5777777777777777,0.0,0.0,0.0,0.0,2002,clin,0.8
5,2,lr1e-04_bs32_modL1_fusion64_fusionL1_drop0p2_trmiss80_trlocclin,32,0.0001,1,64,1,0.2,lr1e-04_bs32_modL1_fusion64_fusionL1_drop0p2_trmiss80_trlocclin,30,0.518847664197286,0.6864314675331116,0.6260504201680672,0.7948493319350451,0.6,0.0,0.0,0.0,0.0,2002,clin,0.8
5,2,lr1e-04_bs32_modL1_fusion64_fusionL1_drop0p2_trmiss80_trlocclin,32,0.0001,1,64,1,0.2,lr1e-04_bs32_modL1_fusion64_fusionL1_drop0p2_trmiss80_trlocclin,31,0.5127134521802267,0.6920895874500275,0.6050420168067228,0.7728772588087908,0.5777777777777777,0.0,0.0,0.0,0.0,2002,clin,0.8
5,2,lr1e-04_bs32_modL1_fusion64_fusionL1_drop0p2_trmiss80_trlocclin,32,0.0001,1,64,1,0.2,lr1e-04_bs32_modL1_fusion64_fusionL1_drop0p2_trmiss80_trlocclin,32,0.5130414913098017,0.6928181648254395,0.6029411764705882,0.7721564707621514,0.5777777777777777,0.0,0.0,0.0,0.0,2002,clin,0.8
5,2,lr1e-04_bs32_modL1_fusion64_fusionL1_drop0p1_trmiss80_trlocclin,32,0.0001,1,64,1,0.1,lr1e-04_bs32_modL1_fusion64_fusionL1_drop0p1_trmiss80_trlocclin,1,0.7342162827650706,0.7080438435077667,0.3718487394957983,0.5757266979080155,0.4,0.0,0.0,0.0,0.0,2002,clin,0.8
5,2,lr1e-04_bs32_modL1_fusion64_fusionL1_drop0p1_trmiss80_trlocclin,32,0.0001,1,64,1,0.1,lr1e-04_bs32_modL1_fusion64_fusionL1_drop0p1_trmiss80_trlocclin,2,0.6497708956400553,0.7039756774902344,0.4159663865546218,0.5931795808825954,0.4222222222222222,0.0,0.0,0.0,0.0,2002,clin,0.8
5,2,lr1e-04_bs32_modL1_fusion64_fusionL1_drop0p1_trmiss80_trlocclin,32,0.0001,1,64,1,0.1,lr1e-04_bs32_modL1_fusion64_fusionL1_drop0p1_trmiss80_trlocclin,3,0.6318062047163645,0.7005110681056976,0.4495798319327731,0.6368969103386855,0.4,0.0,0.0,0.0,0.0,2002,clin,0.8
5,2,lr1e-04_bs32_modL1_fusion64_fusionL1_drop0p1_trmiss80_trlocclin,32,0.0001,1,64,1,0.1,lr1e-04_bs32_modL1_fusion64_fusionL1_drop0p1_trmiss80_trlocclin,4,0.599114348491033,0.6973678171634674,0.46428571428571425,0.6408433071257532,0.4444444444444444,0.0,0.0,0.0,0.0,2002,clin,0.8
5,2,lr1e-04_bs32_modL1_fusion64_fusionL1_drop0p1_trmiss80_trlocclin,32,0.0001,1,64,1,0.1,lr1e-04_bs32_modL1_fusion64_fusionL1_drop0p1_trmiss80_trlocclin,5,0.5706367393334707,0.6913935542106628,0.5,0.661876786253939,0.4666666666666667,0.0,0.0,0.0,0.0,2002,clin,0.8
5,2,lr1e-04_bs32_modL1_fusion64_fusionL1_drop0p1_trmiss80_trlocclin,32,0.0001,1,64,1,0.1,lr1e-04_bs32_modL1_fusion64_fusionL1_drop0p1_trmiss80_trlocclin,6,0.5700380206108093,0.6889607012271881,0.5147058823529411,0.6647726639704408,0.5111111111111111,0.0,0.0,0.0,0.0,2002,clin,0.8
5,2,lr1e-04_bs32_modL1_fusion64_fusionL1_drop0p1_trmiss80_trlocclin,32,0.0001,1,64,1,0.1,lr1e-04_bs32_modL1_fusion64_fusionL1_drop0p1_trmiss80_trlocclin,7,0.5273586710294088,0.6897855699062347,0.5126050420168067,0.6438844736615827,0.5555555555555556,0.0,0.0,0.0,0.0,2002,clin,0.8
5,2,lr1e-04_bs32_modL1_fusion64_fusionL1_drop0p1_trmiss80_trlocclin,32,0.0001,1,64,1,0.1,lr1e-04_bs32_modL1_fusion64_fusionL1_drop0p1_trmiss80_trlocclin,8,0.5400108993053436,0.6928876340389252,0.5273109243697479,0.6544422783620043,0.5555555555555556,0.0,0.0,0.0,0.0,2002,clin,0.8
5,2,lr1e-04_bs32_modL1_fusion64_fusionL1_drop0p1_trmiss80_trlocclin,32,0.0001,1,64,1,0.1,lr1e-04_bs32_modL1_fusion64_fusionL1_drop0p1_trmiss80_trlocclin,9,0.4998430808385213,0.6982166469097137,0.5168067226890756,0.6429537476914459,0.5333333333333333,0.0,0.0,0.0,0.0,2002,clin,0.8
5,2,lr1e-04_bs32_modL1_fusion64_fusionL1_drop0p1_trmiss80_trlocclin,32,0.0001,1,64,1,0.1,lr1e-04_bs32_modL1_fusion64_fusionL1_drop0p1_trmiss80_trlocclin,10,0.4723636706670125,0.7041961550712585,0.49369747899159666,0.6326627471090672,0.5333333333333333,0.0,0.0,0.0,0.0,2002,clin,0.8
5,2,lr1e-04_bs32_modL1_fusion64_fusionL1_drop0p1_trmiss80_trlocclin,32,0.0001,1,64,1,0.1,lr1e-04_bs32_modL1_fusion64_fusionL1_drop0p1_trmiss80_trlocclin,11,0.4727666974067688,0.6987625658512115,0.5420168067226891,0.6513659562537669,0.5555555555555556,0.0,0.0,0.0,0.0,2002,clin,0.8
5,2,lr1e-04_bs32_modL1_fusion64_fusionL1_drop0p1_trmiss80_trlocclin,32,0.0001,1,64,1,0.1,lr1e-04_bs32_modL1_fusion64_fusionL1_drop0p1_trmiss80_trlocclin,12,0.44396939873695374,0.6914951801300049,0.5504201680672269,0.661476311900987,0.5333333333333333,0.0,0.0,0.0,0.0,2002,clin,0.8
5,2,lr1e-04_bs32_modL1_fusion64_fusionL1_drop0p1_trmiss80_trlocclin,32,0.0001,1,64,1,0.1,lr1e-04_bs32_modL1_fusion64_fusionL1_drop0p1_trmiss80_trlocclin,13,0.4424796203772227,0.6882268488407135,0.5504201680672269,0.6582102956781272,0.5333333333333333,0.0,0.0,0.0,0.0,2002,clin,0.8
5,2,lr1e-04_bs32_modL1_fusion64_fusionL1_drop0p1_trmiss80_trlocclin,32,0.0001,1,64,1,0.1,lr1e-04_bs32_modL1_fusion64_fusionL1_drop0p1_trmiss80_trlocclin,14,0.43724346657594043,0.6941012144088745,0.5231092436974789,0.6402377771632721,0.5333333333333333,0.0,0.0,0.0,0.0,2002,clin,0.8
5,2,lr1e-04_bs32_modL1_fusion64_fusionL1_drop0p1_trmiss80_trlocclin,32,0.0001,1,64,1,0.1,lr1e-04_bs32_modL1_fusion64_fusionL1_drop0p1_trmiss80_trlocclin,15,0.4398265928030014,0.6939300000667572,0.5168067226890756,0.6381080704930587,0.4888888888888889,0.0,0.0,0.0,0.0,2002,clin,0.8
5,2,lr1e-04_bs32_modL1_fusion64_fusionL1_drop0p1_trmiss80_trlocclin,32,0.0001,1,64,1,0.1,lr1e-04_bs32_modL1_fusion64_fusionL1_drop0p1_trmiss80_trlocclin,16,0.42155146102110547,0.6901144981384277,0.5357142857142857,0.6476159796727009,0.5333333333333333,0.0,0.0,0.0,0.0,2002,clin,0.8
5,2,lr1e-04_bs32_modL1_fusion64_fusionL1_drop0p1_trmiss80_trlocclin,32,0.0001,1,64,1,0.1,lr1e-04_bs32_modL1_fusion64_fusionL1_drop0p1_trmiss80_trlocclin,17,0.41277967890103656,0.6891520023345947,0.5399159663865546,0.6513488602852807,0.5333333333333333,0.0,0.0,0.0,0.0,2002,clin,0.8
5,2,lr1e-04_bs32_modL1_fusion64_fusionL1_drop0p1_trmiss80_trlocclin,32,0.0001,1,64,1,0.1,lr1e-04_bs32_modL1_fusion64_fusionL1_drop0p1_trmiss80_trlocclin,18,0.41248756150404614,0.6952932476997375,0.5378151260504201,0.6512302853067818,0.5555555555555556,0.0,0.0,0.0,0.0,2002,clin,0.8
5,2,lr1e-04_bs32_modL1_fusion64_fusionL1_drop0p1_trmiss80_trlocclin,32,0.0001,1,64,1,0.1,lr1e-04_bs32_modL1_fusion64_fusionL1_drop0p1_trmiss80_trlocclin,19,0.39822519818941754,0.6915110349655151,0.5357142857142858,0.6434288848313119,0.5777777777777777,0.0,0.0,0.0,0.0,2002,clin,0.8
5,2,lr1e-04_bs32_modL1_fusion64_fusionL1_drop0p1_trmiss80_trlocclin,32,0.0001,1,64,1,0.1,lr1e-04_bs32_modL1_fusion64_fusionL1_drop0p1_trmiss80_trlocclin,20,0.3910418599843979,0.6943446397781372,0.5315126050420168,0.6427717810376822,0.5555555555555556,0.0,0.0,0.0,0.0,2002,clin,0.8
5,2,lr1e-04_bs32_modL1_fusion64_fusionL1_drop0p1_trmiss80_trlocclin,32,0.0001,1,64,1,0.1,lr1e-04_bs32_modL1_fusion64_fusionL1_drop0p1_trmiss80_trlocclin,21,0.3875715434551239,0.6921142041683197,0.5357142857142857,0.6460603970592346,0.5333333333333333,0.0,0.0,0.0,0.0,2002,clin,0.8
5,2,lr1e-04_bs32_modL1_fusion64_fusionL1_drop0p1_trmiss80_trlocclin,32,0.0001,1,64,1,0.1,lr1e-04_bs32_modL1_fusion64_fusionL1_drop0p1_trmiss80_trlocclin,22,0.3840224047501882,0.6940255761146545,0.5336134453781513,0.6453347377128856,0.5777777777777777,0.0,0.0,0.0,0.0,2002,clin,0.8
5,2,lr1e-04_bs32_modL1_fusion64_fusionL1_drop0p1_trmiss80_trlocclin,32,0.0001,1,64,1,0.1,lr1e-04_bs32_modL1_fusion64_fusionL1_drop0p1_trmiss80_trlocclin,23,0.38650714854399365,0.6968830823898315,0.5336134453781513,0.6403783185122802,0.5555555555555556,0.0,0.0,0.0,0.0,2002,clin,0.8
5,2,lr1e-04_bs32_modL1_fusion64_fusionL1_drop0p1_trmiss80_trlocclin,32,0.0001,1,64,1,0.1,lr1e-04_bs32_modL1_fusion64_fusionL1_drop0p1_trmiss80_trlocclin,24,0.38526131709416706,0.6984680593013763,0.5294117647058824,0.6384984548726715,0.5333333333333333,0.0,0.0,0.0,0.0,2002,clin,0.8
5,2,lr1e-04_bs32_modL1_fusion64_fusionL1_drop0p1_trmiss80_trlocclin,32,0.0001,1,64,1,0.1,lr1e-04_bs32_modL1_fusion64_fusionL1_drop0p1_trmiss80_trlocclin,25,0.37579667568206787,0.6949791610240936,0.5315126050420168,0.6381210937833082,0.5555555555555556,0.0,0.0,0.0,0.0,2002,clin,0.8
5,2,lr1e-04_bs32_modL1_fusion64_fusionL1_drop0p1_trmiss80_trlocclin,32,0.0001,1,64,1,0.1,lr1e-04_bs32_modL1_fusion64_fusionL1_drop0p1_trmiss80_trlocclin,26,0.3720059891541799,0.6949115097522736,0.542016806722689,0.651465320362829,0.5555555555555556,0.0,0.0,0.0,0.0,2002,clin,0.8
5,2,lr1e-04_bs32_modL1_fusion64_fusionL1_drop0p1_trmiss80_trlocclin,32,0.0001,1,64,1,0.1,lr1e-04_bs32_modL1_fusion64_fusionL1_drop0p1_trmiss80_trlocclin,27,0.3753302146991094,0.6969492435455322,0.5399159663865546,0.6503654238824977,0.5777777777777777,0.0,0.0,0.0,0.0,2002,clin,0.8
5,2,lr1e-04_bs32_modL1_fusion64_fusionL1_drop0p1_trmiss80_trlocclin,32,0.0001,1,64,1,0.1,lr1e-04_bs32_modL1_fusion64_fusionL1_drop0p1_trmiss80_trlocclin,28,0.37843123575051624,0.6958102881908417,0.5399159663865546,0.650567739108105,0.5333333333333333,0.0,0.0,0.0,0.0,2002,clin,0.8
5,2,lr1e-04_bs32_modL1_fusion64_fusionL1_drop0p1_trmiss80_trlocclin,32,0.0001,1,64,1,0.1,lr1e-04_bs32_modL1_fusion64_fusionL1_drop0p1_trmiss80_trlocclin,29,0.38598153988520306,0.6955864727497101,0.5294117647058825,0.6461659324898373,0.5333333333333333,0.0,0.0,0.0,0.0,2002,clin,0.8
5,2,lr1e-04_bs32_modL1_fusion64_fusionL1_drop0p1_trmiss80_trlocclin,32,0.0001,1,64,1,0.1,lr1e-04_bs32_modL1_fusion64_fusionL1_drop0p1_trmiss80_trlocclin,30,0.3830540676911672,0.6968899965286255,0.5315126050420168,0.6476832060659344,0.5111111111111111,0.0,0.0,0.0,0.0,2002,clin,0.8
5,2,lr1e-04_bs32_modL1_fusion64_fusionL1_drop0p1_trmiss80_trlocclin,32,0.0001,1,64,1,0.1,lr1e-04_bs32_modL1_fusion64_fusionL1_drop0p1_trmiss80_trlocclin,31,0.3708694875240326,0.7005757689476013,0.5273109243697479,0.6444794167464162,0.6,0.0,0.0,0.0,0.0,2002,clin,0.8
5,2,lr1e-04_bs32_modL1_fusion64_fusionL1_drop0p1_trmiss80_trlocclin,32,0.0001,1,64,1,0.1,lr1e-04_bs32_modL1_fusion64_fusionL1_drop0p1_trmiss80_trlocclin,32,0.36186911662419635,0.701677143573761,0.5294117647058824,0.6460550469985171,0.6,0.0,0.0,0.0,0.0,2002,clin,0.8
5,2,lr1e-04_bs32_modL1_fusion64_fusionL1_drop0p1_trmiss80_trlocclin,32,0.0001,1,64,1,0.1,lr1e-04_bs32_modL1_fusion64_fusionL1_drop0p1_trmiss80_trlocclin,33,0.3615543295939763,0.70215705037117,0.5336134453781513,0.6507610960848182,0.6,0.0,0.0,0.0,0.0,2002,clin,0.8
5,3,lr5e-05_bs16_modL1_fusion32_fusionL1_drop0p2_trmiss80_trlocclin,16,5e-05,1,32,1,0.2,lr5e-05_bs16_modL1_fusion32_fusionL1_drop0p2_trmiss80_trlocclin,1,0.6721821675697962,0.7019485632578532,0.34873949579831937,0.5549504732655912,0.5777777777777777,0.0,0.0,0.0,0.0,2002,clin,0.8
5,3,lr5e-05_bs16_modL1_fusion32_fusionL1_drop0p2_trmiss80_trlocclin,16,5e-05,1,32,1,0.2,lr5e-05_bs16_modL1_fusion32_fusionL1_drop0p2_trmiss80_trlocclin,2,0.6782969186703364,0.7015152176221212,0.41386554621848737,0.5809766217090663,0.5777777777777777,0.0,0.0,0.0,0.0,2002,clin,0.8
5,3,lr5e-05_bs16_modL1_fusion32_fusionL1_drop0p2_trmiss80_trlocclin,16,5e-05,1,32,1,0.2,lr5e-05_bs16_modL1_fusion32_fusionL1_drop0p2_trmiss80_trlocclin,3,0.6405949592590332,0.7061251799265543,0.4159663865546218,0.5850353588031211,0.6,0.0,0.0,0.0,0.0,2002,clin,0.8
5,3,lr5e-05_bs16_modL1_fusion32_fusionL1_drop0p2_trmiss80_trlocclin,16,5e-05,1,32,1,0.2,lr5e-05_bs16_modL1_fusion32_fusionL1_drop0p2_trmiss80_trlocclin,4,0.6039452701807022,0.7120970288912455,0.4264705882352941,0.5855010411082292,0.6,0.0,0.0,0.0,0.0,2002,clin,0.8
5,3,lr5e-05_bs16_modL1_fusion32_fusionL1_drop0p2_trmiss80_trlocclin,16,5e-05,1,32,1,0.2,lr5e-05_bs16_modL1_fusion32_fusionL1_drop0p2_trmiss80_trlocclin,5,0.6215717444817225,0.7116008003552755,0.4474789915966386,0.5973366038587424,0.6,0.0,0.0,0.0,0.0,2002,clin,0.8
5,3,lr5e-05_bs16_modL1_fusion32_fusionL1_drop0p2_trmiss80_trlocclin,16,5e-05,1,32,1,0.2,lr5e-05_bs16_modL1_fusion32_fusionL1_drop0p2_trmiss80_trlocclin,6,0.6057944297790527,0.7099125186602274,0.4600840336134454,0.6031795346896952,0.6,0.0,0.0,0.0,0.0,2002,clin,0.8
5,3,lr5e-05_bs16_modL1_fusion32_fusionL1_drop0p2_trmiss80_trlocclin,16,5e-05,1,32,1,0.2,lr5e-05_bs16_modL1_fusion32_fusionL1_drop0p2_trmiss80_trlocclin,7,0.5976537664731344,0.699451724688212,0.48109243697478987,0.6146716351290833,0.6666666666666666,0.0,0.0,0.0,0.0,2002,clin,0.8
5,3,lr5e-05_bs16_modL1_fusion32_fusionL1_drop0p2_trmiss80_trlocclin,16,5e-05,1,32,1,0.2,lr5e-05_bs16_modL1_fusion32_fusionL1_drop0p2_trmiss80_trlocclin,8,0.5794745062788328,0.6903102596600851,0.4915966386554622,0.6270741496177367,0.6444444444444445,0.0,0.0,0.0,0.0,2002,clin,0.8
5,3,lr5e-05_bs16_modL1_fusion32_fusionL1_drop0p2_trmiss80_trlocclin,16,5e-05,1,32,1,0.2,lr5e-05_bs16_modL1_fusion32_fusionL1_drop0p2_trmiss80_trlocclin,9,0.5764421423276266,0.6858531832695007,0.5210084033613446,0.6515581058700157,0.6222222222222222,0.0,0.0,0.0,0.0,2002,clin,0.8
5,3,lr5e-05_bs16_modL1_fusion32_fusionL1_drop0p2_trmiss80_trlocclin,16,5e-05,1,32,1,0.2,lr5e-05_bs16_modL1_fusion32_fusionL1_drop0p2_trmiss80_trlocclin,10,0.5726610720157623,0.6995653510093689,0.47478991596638653,0.6190030916220224,0.6222222222222222,0.0,0.0,0.0,0.0,2002,clin,0.8
5,3,lr5e-05_bs16_modL1_fusion32_fusionL1_drop0p2_trmiss80_trlocclin,16,5e-05,1,32,1,0.2,lr5e-05_bs16_modL1_fusion32_fusionL1_drop0p2_trmiss80_trlocclin,11,0.5582775274912516,0.6957386334737142,0.4789915966386555,0.6229423503560784,0.6222222222222222,0.0,0.0,0.0,0.0,2002,clin,0.8
5,3,lr5e-05_bs16_modL1_fusion32_fusionL1_drop0p2_trmiss80_trlocclin,16,5e-05,1,32,1,0.2,lr5e-05_bs16_modL1_fusion32_fusionL1_drop0p2_trmiss80_trlocclin,12,0.5525306810935339,0.6967159708340963,0.47899159663865554,0.6289676701501309,0.6222222222222222,0.0,0.0,0.0,0.0,2002,clin,0.8
5,3,lr5e-05_bs16_modL1_fusion32_fusionL1_drop0p2_trmiss80_trlocclin,16,5e-05,1,32,1,0.2,lr5e-05_bs16_modL1_fusion32_fusionL1_drop0p2_trmiss80_trlocclin,13,0.5435011833906174,0.6945214867591858,0.49159663865546216,0.6324613208797506,0.6222222222222222,0.0,0.0,0.0,0.0,2002,clin,0.8
5,3,lr5e-05_bs16_modL1_fusion32_fusionL1_drop0p2_trmiss80_trlocclin,16,5e-05,1,32,1,0.2,lr5e-05_bs16_modL1_fusion32_fusionL1_drop0p2_trmiss80_trlocclin,14,0.5356698508063952,0.685273269812266,0.5105042016806722,0.6521815744981025,0.6222222222222222,0.0,0.0,0.0,0.0,2002,clin,0.8
5,3,lr5e-05_bs16_modL1_fusion32_fusionL1_drop0p2_trmiss80_trlocclin,16,5e-05,1,32,1,0.2,lr5e-05_bs16_modL1_fusion32_fusionL1_drop0p2_trmiss80_trlocclin,15,0.5496426522731781,0.6830716927846273,0.5021008403361344,0.6468183320491073,0.6222222222222222,0.0,0.0,0.0,0.0,2002,clin,0.8
5,3,lr5e-05_bs16_modL1_fusion32_fusionL1_drop0p2_trmiss80_trlocclin,16,5e-05,1,32,1,0.2,lr5e-05_bs16_modL1_fusion32_fusionL1_drop0p2_trmiss80_trlocclin,16,0.5156337097287178,0.6841287811597189,0.5252100840336135,0.6571477090364259,0.6,0.0,0.0,0.0,0.0,2002,clin,0.8
5,3,lr5e-05_bs16_modL1_fusion32_fusionL1_drop0p2_trmiss80_trlocclin,16,5e-05,1,32,1,0.2,lr5e-05_bs16_modL1_fusion32_fusionL1_drop0p2_trmiss80_trlocclin,17,0.5153180410464605,0.6821138262748718,0.5273109243697478,0.6623914767337797,0.6222222222222222,0.0,0.0,0.0,0.0,2002,clin,0.8
5,3,lr5e-05_bs16_modL1_fusion32_fusionL1_drop0p2_trmiss80_trlocclin,16,5e-05,1,32,1,0.2,lr5e-05_bs16_modL1_fusion32_fusionL1_drop0p2_trmiss80_trlocclin,18,0.5021069149176279,0.6762435833613077,0.5399159663865546,0.6659144216312985,0.6222222222222222,0.0,0.0,0.0,0.0,2002,clin,0.8
5,3,lr5e-05_bs16_modL1_fusion32_fusionL1_drop0p2_trmiss80_trlocclin,16,5e-05,1,32,1,0.2,lr5e-05_bs16_modL1_fusion32_fusionL1_drop0p2_trmiss80_trlocclin,19,0.49722107499837875,0.6708059708277384,0.5504201680672269,0.6712036363576835,0.6,0.0,0.0,0.0,0.0,2002,clin,0.8
5,3,lr5e-05_bs16_modL1_fusion32_fusionL1_drop0p2_trmiss80_trlocclin,16,5e-05,1,32,1,0.2,lr5e-05_bs16_modL1_fusion32_fusionL1_drop0p2_trmiss80_trlocclin,20,0.5030838226278623,0.6739252209663391,0.5315126050420168,0.6687021917745133,0.6666666666666666,0.0,0.0,0.0,0.0,2002,clin,0.8
5,3,lr5e-05_bs16_modL1_fusion32_fusionL1_drop0p2_trmiss80_trlocclin,16,5e-05,1,32,1,0.2,lr5e-05_bs16_modL1_fusion32_fusionL1_drop0p2_trmiss80_trlocclin,21,0.5049053480227789,0.6787344217300415,0.5063025210084033,0.6582655397493227,0.6222222222222222,0.0,0.0,0.0,0.0,2002,clin,0.8
5,3,lr5e-05_bs16_modL1_fusion32_fusionL1_drop0p2_trmiss80_trlocclin,16,5e-05,1,32,1,0.2,lr5e-05_bs16_modL1_fusion32_fusionL1_drop0p2_trmiss80_trlocclin,22,0.47779933114846546,0.6771571834882101,0.5084033613445378,0.6607183780211857,0.5777777777777777,0.0,0.0,0.0,0.0,2002,clin,0.8
5,3,lr5e-05_bs16_modL1_fusion32_fusionL1_drop0p2_trmiss80_trlocclin,16,5e-05,1,32,1,0.2,lr5e-05_bs16_modL1_fusion32_fusionL1_drop0p2_trmiss80_trlocclin,23,0.4763662591576576,0.6716065406799316,0.5336134453781513,0.6746513748484866,0.5777777777777777,0.0,0.0,0.0,0.0,2002,clin,0.8
5,3,lr5e-05_bs16_modL1_fusion32_fusionL1_drop0p2_trmiss80_trlocclin,16,5e-05,1,32,1,0.2,lr5e-05_bs16_modL1_fusion32_fusionL1_drop0p2_trmiss80_trlocclin,24,0.46409567693869275,0.6704655885696411,0.5357142857142858,0.6730803362764968,0.5555555555555556,0.0,0.0,0.0,0.0,2002,clin,0.8
5,3,lr5e-05_bs16_modL1_fusion32_fusionL1_drop0p2_trmiss80_trlocclin,16,5e-05,1,32,1,0.2,lr5e-05_bs16_modL1_fusion32_fusionL1_drop0p2_trmiss80_trlocclin,25,0.4806812529762586,0.6672723293304443,0.5546218487394958,0.6806066377320055,0.5333333333333333,0.0,0.0,0.0,0.0,2002,clin,0.8
5,3,lr5e-05_bs16_modL1_fusion32_fusionL1_drop0p2_trmiss80_trlocclin,16,5e-05,1,32,1,0.2,lr5e-05_bs16_modL1_fusion32_fusionL1_drop0p2_trmiss80_trlocclin,26,0.4645852396885554,0.6723353862762451,0.523109243697479,0.6973656646210915,0.5555555555555556,0.0,0.0,0.0,0.0,2002,clin,0.8
5,3,lr5e-05_bs16_modL1_fusion32_fusionL1_drop0p2_trmiss80_trlocclin,16,5e-05,1,32,1,0.2,lr5e-05_bs16_modL1_fusion32_fusionL1_drop0p2_trmiss80_trlocclin,27,0.469048631687959,0.6726608276367188,0.5294117647058822,0.7028848450112991,0.5777777777777777,0.0,0.0,0.0,0.0,2002,clin,0.8
5,3,lr5e-05_bs16_modL1_fusion32_fusionL1_drop0p2_trmiss80_trlocclin,16,5e-05,1,32,1,0.2,lr5e-05_bs16_modL1_fusion32_fusionL1_drop0p2_trmiss80_trlocclin,28,0.4677865207195282,0.6577815612157186,0.5840336134453781,0.7289385515002882,0.5555555555555556,0.0,0.0,0.0,0.0,2002,clin,0.8
5,3,lr5e-05_bs16_modL1_fusion32_fusionL1_drop0p2_trmiss80_trlocclin,16,5e-05,1,32,1,0.2,lr5e-05_bs16_modL1_fusion32_fusionL1_drop0p2_trmiss80_trlocclin,29,0.45222923159599304,0.6551459431648254,0.5840336134453781,0.7396618726567502,0.5111111111111111,0.0,0.0,0.0,0.0,2002,clin,0.8
5,3,lr5e-05_bs16_modL1_fusion32_fusionL1_drop0p2_trmiss80_trlocclin,16,5e-05,1,32,1,0.2,lr5e-05_bs16_modL1_fusion32_fusionL1_drop0p2_trmiss80_trlocclin,30,0.45259275039037067,0.6560193300247192,0.5714285714285714,0.7386481605651555,0.5333333333333333,0.0,0.0,0.0,0.0,2002,clin,0.8
5,3,lr5e-05_bs16_modL1_fusion32_fusionL1_drop0p2_trmiss80_trlocclin,16,5e-05,1,32,1,0.2,lr5e-05_bs16_modL1_fusion32_fusionL1_drop0p2_trmiss80_trlocclin,31,0.4569370051225026,0.6563384135564169,0.5672268907563025,0.7337597903516068,0.5555555555555556,0.0,0.0,0.0,0.0,2002,clin,0.8
5,3,lr5e-05_bs16_modL1_fusion32_fusionL1_drop0p2_trmiss80_trlocclin,16,5e-05,1,32,1,0.2,lr5e-05_bs16_modL1_fusion32_fusionL1_drop0p2_trmiss80_trlocclin,32,0.44703547408183414,0.6571044524510702,0.5777310924369747,0.7371728713208593,0.5111111111111111,0.0,0.0,0.0,0.0,2002,clin,0.8
5,3,lr5e-05_bs16_modL1_fusion32_fusionL1_drop0p2_trmiss80_trlocclin,16,5e-05,1,32,1,0.2,lr5e-05_bs16_modL1_fusion32_fusionL1_drop0p2_trmiss80_trlocclin,33,0.426005279024442,0.6543065309524536,0.5840336134453781,0.7448381475777432,0.5333333333333333,0.0,0.0,0.0,0.0,2002,clin,0.8
5,3,lr5e-05_bs16_modL1_fusion32_fusionL1_drop0p2_trmiss80_trlocclin,16,5e-05,1,32,1,0.2,lr5e-05_bs16_modL1_fusion32_fusionL1_drop0p2_trmiss80_trlocclin,34,0.43458827088276547,0.6599482695261637,0.569327731092437,0.7399370547299454,0.5111111111111111,0.0,0.0,0.0,0.0,2002,clin,0.8
5,3,lr5e-05_bs16_modL1_fusion32_fusionL1_drop0p2_trmiss80_trlocclin,16,5e-05,1,32,1,0.2,lr5e-05_bs16_modL1_fusion32_fusionL1_drop0p2_trmiss80_trlocclin,35,0.40858212610085803,0.6629485885302225,0.5546218487394958,0.7325839811629471,0.5111111111111111,0.0,0.0,0.0,0.0,2002,clin,0.8
5,3,lr5e-05_bs16_modL1_fusion32_fusionL1_drop0p2_trmiss80_trlocclin,16,5e-05,1,32,1,0.2,lr5e-05_bs16_modL1_fusion32_fusionL1_drop0p2_trmiss80_trlocclin,36,0.4342733199397723,0.6581996480623881,0.5714285714285714,0.7408907254031193,0.5333333333333333,0.0,0.0,0.0,0.0,2002,clin,0.8
5,3,lr5e-05_bs16_modL1_fusion32_fusionL1_drop0p2_trmiss80_trlocclin,16,5e-05,1,32,1,0.2,lr5e-05_bs16_modL1_fusion32_fusionL1_drop0p2_trmiss80_trlocclin,37,0.40366889784733456,0.6557805140813192,0.5861344537815126,0.7450126725927183,0.5333333333333333,0.0,0.0,0.0,0.0,2002,clin,0.8
5,3,lr5e-05_bs16_modL1_fusion32_fusionL1_drop0p2_trmiss80_trlocclin,16,5e-05,1,32,1,0.2,lr5e-05_bs16_modL1_fusion32_fusionL1_drop0p2_trmiss80_trlocclin,38,0.39917023728291195,0.6454853812853495,0.6008403361344539,0.7521981140218572,0.5333333333333333,0.0,0.0,0.0,0.0,2002,clin,0.8
5,3,lr5e-05_bs16_modL1_fusion32_fusionL1_drop0p2_trmiss80_trlocclin,16,5e-05,1,32,1,0.2,lr5e-05_bs16_modL1_fusion32_fusionL1_drop0p2_trmiss80_trlocclin,39,0.40960684170325595,0.6425542632738749,0.6218487394957983,0.7639312246381051,0.5777777777777777,0.0,0.0,0.0,0.0,2002,clin,0.8
5,3,lr5e-05_bs16_modL1_fusion32_fusionL1_drop0p2_trmiss80_trlocclin,16,5e-05,1,32,1,0.2,lr5e-05_bs16_modL1_fusion32_fusionL1_drop0p2_trmiss80_trlocclin,40,0.39763518422842026,0.6479620933532715,0.6008403361344538,0.75314335653606,0.4888888888888889,0.0,0.0,0.0,0.0,2002,clin,0.8
5,3,lr5e-05_bs16_modL1_fusion32_fusionL1_drop0p2_trmiss80_trlocclin,16,5e-05,1,32,1,0.2,lr5e-05_bs16_modL1_fusion32_fusionL1_drop0p2_trmiss80_trlocclin,41,0.4073762198289235,0.6524998148282369,0.5798319327731093,0.7416866623247754,0.4888888888888889,0.0,0.0,0.0,0.0,2002,clin,0.8
5,3,lr5e-05_bs16_modL1_fusion32_fusionL1_drop0p2_trmiss80_trlocclin,16,5e-05,1,32,1,0.2,lr5e-05_bs16_modL1_fusion32_fusionL1_drop0p2_trmiss80_trlocclin,42,0.3893706078330676,0.6467471122741699,0.588235294117647,0.7459953604008901,0.5111111111111111,0.0,0.0,0.0,0.0,2002,clin,0.8
5,3,lr5e-05_bs16_modL1_fusion32_fusionL1_drop0p2_trmiss80_trlocclin,16,5e-05,1,32,1,0.2,lr5e-05_bs16_modL1_fusion32_fusionL1_drop0p2_trmiss80_trlocclin,43,0.39046672483285266,0.6483404437700907,0.5966386554621849,0.7496356741255054,0.5111111111111111,0.0,0.0,0.0,0.0,2002,clin,0.8
5,3,lr5e-05_bs16_modL1_fusion32_fusionL1_drop0p2_trmiss80_trlocclin,16,5e-05,1,32,1,0.2,lr5e-05_bs16_modL1_fusion32_fusionL1_drop0p2_trmiss80_trlocclin,44,0.40544183800617856,0.6374735037485758,0.6197478991596639,0.7593998616241026,0.5555555555555556,0.0,0.0,0.0,0.0,2002,clin,0.8
5,3,lr5e-05_bs16_modL1_fusion32_fusionL1_drop0p2_trmiss80_trlocclin,16,5e-05,1,32,1,0.2,lr5e-05_bs16_modL1_fusion32_fusionL1_drop0p2_trmiss80_trlocclin,45,0.3742910201350848,0.6355082790056864,0.6134453781512605,0.7570695671338089,0.5111111111111111,0.0,0.0,0.0,0.0,2002,clin,0.8
5,3,lr5e-05_bs16_modL1_fusion32_fusionL1_drop0p2_trmiss80_trlocclin,16,5e-05,1,32,1,0.2,lr5e-05_bs16_modL1_fusion32_fusionL1_drop0p2_trmiss80_trlocclin,46,0.3720223233103752,0.6369471549987793,0.6029411764705883,0.7526188183077569,0.5555555555555556,0.0,0.0,0.0,0.0,2002,clin,0.8
5,3,lr5e-05_bs16_modL1_fusion32_fusionL1_drop0p2_trmiss80_trlocclin,16,5e-05,1,32,1,0.2,lr5e-05_bs16_modL1_fusion32_fusionL1_drop0p2_trmiss80_trlocclin,47,0.3749190866947174,0.6434177160263062,0.5987394957983193,0.7446081410721255,0.5333333333333333,0.0,0.0,0.0,0.0,2002,clin,0.8
5,3,lr5e-05_bs16_modL1_fusion32_fusionL1_drop0p2_trmiss80_trlocclin,16,5e-05,1,32,1,0.2,lr5e-05_bs16_modL1_fusion32_fusionL1_drop0p2_trmiss80_trlocclin,48,0.37809479981660843,0.6406907637914022,0.6008403361344539,0.7439425576997751,0.5777777777777777,0.0,0.0,0.0,0.0,2002,clin,0.8
5,3,lr5e-05_bs16_modL1_fusion32_fusionL1_drop0p2_trmiss80_trlocclin,16,5e-05,1,32,1,0.2,lr5e-05_bs16_modL1_fusion32_fusionL1_drop0p2_trmiss80_trlocclin,49,0.37692995369434357,0.6424871683120728,0.5966386554621849,0.7450238854002257,0.5555555555555556,0.0,0.0,0.0,0.0,2002,clin,0.8
5,3,lr5e-05_bs16_modL1_fusion32_fusionL1_drop0p2_trmiss80_trlocclin,16,5e-05,1,32,1,0.2,lr5e-05_bs16_modL1_fusion32_fusionL1_drop0p2_trmiss80_trlocclin,50,0.3669903427362442,0.6356619000434875,0.6197478991596639,0.7612754236624494,0.5555555555555556,0.0,0.0,0.0,0.0,2002,clin,0.8
5,3,lr5e-05_bs16_modL1_fusion32_fusionL1_drop0p2_trmiss80_trlocclin,16,5e-05,1,32,1,0.2,lr5e-05_bs16_modL1_fusion32_fusionL1_drop0p2_trmiss80_trlocclin,51,0.3585483680168788,0.6307831406593323,0.6197478991596639,0.7654821179356641,0.5555555555555556,0.0,0.0,0.0,0.0,2002,clin,0.8
5,3,lr5e-05_bs16_modL1_fusion32_fusionL1_drop0p2_trmiss80_trlocclin,16,5e-05,1,32,1,0.2,lr5e-05_bs16_modL1_fusion32_fusionL1_drop0p2_trmiss80_trlocclin,52,0.34388894587755203,0.6325823068618774,0.6239495798319328,0.7715538791873484,0.5777777777777777,0.0,0.0,0.0,0.0,2002,clin,0.8
5,3,lr5e-05_bs16_modL1_fusion32_fusionL1_drop0p2_trmiss80_trlocclin,16,5e-05,1,32,1,0.2,lr5e-05_bs16_modL1_fusion32_fusionL1_drop0p2_trmiss80_trlocclin,53,0.3630898247162501,0.6338761647542318,0.615546218487395,0.7614833665986307,0.5555555555555556,0.0,0.0,0.0,0.0,2002,clin,0.8
5,3,lr5e-05_bs16_modL1_fusion32_fusionL1_drop0p2_trmiss80_trlocclin,16,5e-05,1,32,1,0.2,lr5e-05_bs16_modL1_fusion32_fusionL1_drop0p2_trmiss80_trlocclin,54,0.34591958671808243,0.637792150179545,0.6176470588235294,0.7602769887240558,0.5333333333333333,0.0,0.0,0.0,0.0,2002,clin,0.8
5,3,lr5e-05_bs16_modL1_fusion32_fusionL1_drop0p2_trmiss80_trlocclin,16,5e-05,1,32,1,0.2,lr5e-05_bs16_modL1_fusion32_fusionL1_drop0p2_trmiss80_trlocclin,55,0.341594176987807,0.646338939666748,0.592436974789916,0.7502471991379744,0.5333333333333333,0.0,0.0,0.0,0.0,2002,clin,0.8
5,3,lr5e-05_bs16_modL1_fusion32_fusionL1_drop0p2_trmiss80_trlocclin,16,5e-05,1,32,1,0.2,lr5e-05_bs16_modL1_fusion32_fusionL1_drop0p2_trmiss80_trlocclin,56,0.33209876467784244,0.6496249238650004,0.5987394957983193,0.756348345446127,0.5777777777777777,0.0,0.0,0.0,0.0,2002,clin,0.8
5,3,lr5e-05_bs16_modL1_fusion32_fusionL1_drop0p2_trmiss80_trlocclin,16,5e-05,1,32,1,0.2,lr5e-05_bs16_modL1_fusion32_fusionL1_drop0p2_trmiss80_trlocclin,57,0.34994502862294513,0.6423013011614481,0.6218487394957983,0.7655729071886191,0.5777777777777777,0.0,0.0,0.0,0.0,2002,clin,0.8
5,3,lr5e-05_bs16_modL1_fusion32_fusionL1_drop0p2_trmiss80_trlocclin,16,5e-05,1,32,1,0.2,lr5e-05_bs16_modL1_fusion32_fusionL1_drop0p2_trmiss80_trlocclin,58,0.32928811262051266,0.6402728954950968,0.615546218487395,0.761667995346924,0.5555555555555556,0.0,0.0,0.0,0.0,2002,clin,0.8
5,3,lr5e-05_bs16_modL1_fusion32_fusionL1_drop0p2_trmiss80_trlocclin,16,5e-05,1,32,1,0.2,lr5e-05_bs16_modL1_fusion32_fusionL1_drop0p2_trmiss80_trlocclin,59,0.3490765194098155,0.6481691598892212,0.6008403361344539,0.7499785207848728,0.5777777777777777,0.0,0.0,0.0,0.0,2002,clin,0.8
5,3,lr5e-05_bs16_modL1_fusion32_fusionL1_drop0p2_trmiss80_trlocclin,16,5e-05,1,32,1,0.2,lr5e-05_bs16_modL1_fusion32_fusionL1_drop0p2_trmiss80_trlocclin,60,0.3160099635521571,0.6462485790252686,0.6281512605042017,0.766140594080367,0.6,0.0,0.0,0.0,0.0,2002,clin,0.8
5,3,lr5e-05_bs16_modL1_fusion32_fusionL1_drop0p2_trmiss80_trlocclin,16,5e-05,1,32,1,0.2,lr5e-05_bs16_modL1_fusion32_fusionL1_drop0p2_trmiss80_trlocclin,61,0.34119504938522977,0.6406627098719279,0.615546218487395,0.7632445972402699,0.5777777777777777,0.0,0.0,0.0,0.0,2002,clin,0.8
5,3,lr5e-05_bs16_modL1_fusion32_fusionL1_drop0p2_trmiss80_trlocclin,16,5e-05,1,32,1,0.2,lr5e-05_bs16_modL1_fusion32_fusionL1_drop0p2_trmiss80_trlocclin,62,0.33146055042743683,0.640530010064443,0.6113445378151261,0.7627353999231324,0.5777777777777777,0.0,0.0,0.0,0.0,2002,clin,0.8
5,3,lr5e-05_bs16_modL1_fusion32_fusionL1_drop0p2_trmiss80_trlocclin,16,5e-05,1,32,1,0.2,lr5e-05_bs16_modL1_fusion32_fusionL1_drop0p2_trmiss80_trlocclin,63,0.325439989566803,0.6432951291402181,0.5987394957983193,0.7559738527100981,0.5777777777777777,0.0,0.0,0.0,0.0,2002,clin,0.8
5,3,lr5e-05_bs16_modL1_fusion32_fusionL1_drop0p2_trmiss80_trlocclin,16,5e-05,1,32,1,0.2,lr5e-05_bs16_modL1_fusion32_fusionL1_drop0p2_trmiss80_trlocclin,64,0.3515467221538226,0.6359641750653585,0.6218487394957983,0.7665385203534824,0.5555555555555556,0.0,0.0,0.0,0.0,2002,clin,0.8
5,3,lr5e-05_bs16_modL1_fusion32_fusionL1_drop0p2_trmiss80_trlocclin,16,5e-05,1,32,1,0.2,lr5e-05_bs16_modL1_fusion32_fusionL1_drop0p2_trmiss80_trlocclin,65,0.32282482584317523,0.6375976204872131,0.6239495798319328,0.7677149130958242,0.5777777777777777,0.0,0.0,0.0,0.0,2002,clin,0.8
5,3,lr5e-05_bs16_modL1_fusion32_fusionL1_drop0p2_trmiss80_trlocclin,16,5e-05,1,32,1,0.2,lr5e-05_bs16_modL1_fusion32_fusionL1_drop0p2_trmiss80_trlocclin,66,0.3208509311079979,0.637946367263794,0.6281512605042017,0.7679721624626134,0.6,0.0,0.0,0.0,0.0,2002,clin,0.8
5,3,lr5e-05_bs16_modL1_fusion32_fusionL1_drop0p2_trmiss80_trlocclin,16,5e-05,1,32,1,0.2,lr5e-05_bs16_modL1_fusion32_fusionL1_drop0p2_trmiss80_trlocclin,67,0.31551384677489597,0.6444120009740194,0.6176470588235294,0.7648889523935272,0.5555555555555556,0.0,0.0,0.0,0.0,2002,clin,0.8
5,3,lr5e-05_bs16_modL1_fusion32_fusionL1_drop0p2_trmiss80_trlocclin,16,5e-05,1,32,1,0.2,lr5e-05_bs16_modL1_fusion32_fusionL1_drop0p2_trmiss80_trlocclin,68,0.31607991456985474,0.6386646429697672,0.6239495798319328,0.7663915539822364,0.5777777777777777,0.0,0.0,0.0,0.0,2002,clin,0.8
5,3,lr5e-05_bs16_modL1_fusion32_fusionL1_drop0p2_trmiss80_trlocclin,16,5e-05,1,32,1,0.2,lr5e-05_bs16_modL1_fusion32_fusionL1_drop0p2_trmiss80_trlocclin,69,0.3324749171733856,0.6435494422912598,0.6197478991596639,0.7641503539474733,0.5777777777777777,0.0,0.0,0.0,0.0,2002,clin,0.8
5,3,lr5e-05_bs16_modL1_fusion32_fusionL1_drop0p2_trmiss80_trlocclin,16,5e-05,1,32,1,0.2,lr5e-05_bs16_modL1_fusion32_fusionL1_drop0p2_trmiss80_trlocclin,70,0.3067195142308871,0.6437536875406901,0.6176470588235294,0.7666919413970698,0.5777777777777777,0.0,0.0,0.0,0.0,2002,clin,0.8
5,3,lr5e-05_bs16_modL1_fusion32_fusionL1_drop0p2_trmiss80_trlocclin,16,5e-05,1,32,1,0.2,lr5e-05_bs16_modL1_fusion32_fusionL1_drop0p2_trmiss80_trlocclin,71,0.3116433247923851,0.6390942533810934,0.6218487394957983,0.765667645266555,0.6222222222222222,0.0,0.0,0.0,0.0,2002,clin,0.8
5,3,lr5e-05_bs16_modL1_fusion32_fusionL1_drop0p2_trmiss80_trlocclin,16,5e-05,1,32,1,0.2,lr5e-05_bs16_modL1_fusion32_fusionL1_drop0p2_trmiss80_trlocclin,72,0.3211071143547694,0.644533097743988,0.6134453781512605,0.7564816226660419,0.6222222222222222,0.0,0.0,0.0,0.0,2002,clin,0.8
5,3,lr5e-05_bs16_modL1_fusion32_fusionL1_drop0p2_trmiss80_trlocclin,16,5e-05,1,32,1,0.2,lr5e-05_bs16_modL1_fusion32_fusionL1_drop0p2_trmiss80_trlocclin,73,0.3365420823295911,0.6423182288805643,0.615546218487395,0.7587896573834269,0.6,0.0,0.0,0.0,0.0,2002,clin,0.8
5,3,lr5e-05_bs16_modL1_fusion32_fusionL1_drop0p2_trmiss80_trlocclin,16,5e-05,1,32,1,0.2,lr5e-05_bs16_modL1_fusion32_fusionL1_drop0p2_trmiss80_trlocclin,74,0.304547314842542,0.6419437726338705,0.6197478991596639,0.7620552157396349,0.5777777777777777,0.0,0.0,0.0,0.0,2002,clin,0.8
5,3,lr5e-05_bs16_modL1_fusion32_fusionL1_drop0p2_trmiss80_trlocclin,16,5e-05,1,32,1,0.2,lr5e-05_bs16_modL1_fusion32_fusionL1_drop0p2_trmiss80_trlocclin,75,0.30293337007363635,0.6419010361035665,0.615546218487395,0.7607234561099887,0.6,0.0,0.0,0.0,0.0,2002,clin,0.8
5,3,lr5e-05_bs16_modL1_fusion32_fusionL1_drop0p2_trmiss80_trlocclin,16,5e-05,1,32,1,0.2,lr5e-05_bs16_modL1_fusion32_fusionL1_drop0p2_trmiss80_trlocclin,76,0.296186459561189,0.6422746578852335,0.615546218487395,0.7596465314376808,0.6222222222222222,0.0,0.0,0.0,0.0,2002,clin,0.8
5,3,lr5e-05_bs16_modL1_fusion32_fusionL1_drop0p2_trmiss80_trlocclin,16,5e-05,1,32,1,0.2,lr5e-05_bs16_modL1_fusion32_fusionL1_drop0p2_trmiss80_trlocclin,77,0.3006105149785678,0.6442014575004578,0.6197478991596639,0.7623204474913134,0.6,0.0,0.0,0.0,0.0,2002,clin,0.8
5,3,lr5e-05_bs16_modL1_fusion32_fusionL1_drop0p2_trmiss80_trlocclin,16,5e-05,1,32,1,0.2,lr5e-05_bs16_modL1_fusion32_fusionL1_drop0p2_trmiss80_trlocclin,78,0.31981244931618374,0.6366258064905802,0.6365546218487395,0.7693980476326955,0.6222222222222222,0.0,0.0,0.0,0.0,2002,clin,0.8
5,3,lr5e-05_bs16_modL1_fusion32_fusionL1_drop0p2_trmiss80_trlocclin,16,5e-05,1,32,1,0.2,lr5e-05_bs16_modL1_fusion32_fusionL1_drop0p2_trmiss80_trlocclin,79,0.3327868829170863,0.6386500199635824,0.6365546218487395,0.7684693808651896,0.6222222222222222,0.0,0.0,0.0,0.0,2002,clin,0.8
5,3,lr5e-05_bs16_modL1_fusion32_fusionL1_drop0p2_trmiss80_trlocclin,16,5e-05,1,32,1,0.2,lr5e-05_bs16_modL1_fusion32_fusionL1_drop0p2_trmiss80_trlocclin,80,0.3050586183865865,0.6403565406799316,0.615546218487395,0.7586054307828758,0.6,0.0,0.0,0.0,0.0,2002,clin,0.8
5,3,lr5e-05_bs16_modL1_fusion32_fusionL1_drop0p1_trmiss80_trlocclin,16,5e-05,1,32,1,0.1,lr5e-05_bs16_modL1_fusion32_fusionL1_drop0p1_trmiss80_trlocclin,1,0.700804149111112,0.6770658691724142,0.5588235294117647,0.7169067847711388,0.5555555555555556,0.0,0.0,0.0,0.0,2002,clin,0.8
5,3,lr5e-05_bs16_modL1_fusion32_fusionL1_drop0p1_trmiss80_trlocclin,16,5e-05,1,32,1,0.1,lr5e-05_bs16_modL1_fusion32_fusionL1_drop0p1_trmiss80_trlocclin,2,0.6669147809346517,0.660443643728892,0.6491596638655462,0.7832261283977008,0.5777777777777777,0.0,0.0,0.0,0.0,2002,clin,0.8
5,3,lr5e-05_bs16_modL1_fusion32_fusionL1_drop0p1_trmiss80_trlocclin,16,5e-05,1,32,1,0.1,lr5e-05_bs16_modL1_fusion32_fusionL1_drop0p1_trmiss80_trlocclin,3,0.6279109567403793,0.6586799224217733,0.6260504201680672,0.7707500406749469,0.5555555555555556,0.0,0.0,0.0,0.0,2002,clin,0.8
5,3,lr5e-05_bs16_modL1_fusion32_fusionL1_drop0p1_trmiss80_trlocclin,16,5e-05,1,32,1,0.1,lr5e-05_bs16_modL1_fusion32_fusionL1_drop0p1_trmiss80_trlocclin,4,0.6270900964736938,0.6573143204053243,0.6386554621848739,0.7822847264988388,0.5777777777777777,0.0,0.0,0.0,0.0,2002,clin,0.8
5,3,lr5e-05_bs16_modL1_fusion32_fusionL1_drop0p1_trmiss80_trlocclin,16,5e-05,1,32,1,0.1,lr5e-05_bs16_modL1_fusion32_fusionL1_drop0p1_trmiss80_trlocclin,5,0.5994141697883606,0.654257078965505,0.6365546218487395,0.782546433051805,0.6,0.0,0.0,0.0,0.0,2002,clin,0.8
5,3,lr5e-05_bs16_modL1_fusion32_fusionL1_drop0p1_trmiss80_trlocclin,16,5e-05,1,32,1,0.1,lr5e-05_bs16_modL1_fusion32_fusionL1_drop0p1_trmiss80_trlocclin,6,0.5931025346120199,0.6567591826121012,0.6407563025210083,0.7888332635600563,0.5555555555555556,0.0,0.0,0.0,0.0,2002,clin,0.8
5,3,lr5e-05_bs16_modL1_fusion32_fusionL1_drop0p1_trmiss80_trlocclin,16,5e-05,1,32,1,0.1,lr5e-05_bs16_modL1_fusion32_fusionL1_drop0p1_trmiss80_trlocclin,7,0.5986855328083038,0.6579563220342001,0.6218487394957983,0.7716587248805696,0.5777777777777777,0.0,0.0,0.0,0.0,2002,clin,0.8
5,3,lr5e-05_bs16_modL1_fusion32_fusionL1_drop0p1_trmiss80_trlocclin,16,5e-05,1,32,1,0.1,lr5e-05_bs16_modL1_fusion32_fusionL1_drop0p1_trmiss80_trlocclin,8,0.5761747707923254,0.6558971405029297,0.6365546218487396,0.7902905306754501,0.5555555555555556,0.0,0.0,0.0,0.0,2002,clin,0.8
5,3,lr5e-05_bs16_modL1_fusion32_fusionL1_drop0p1_trmiss80_trlocclin,16,5e-05,1,32,1,0.1,lr5e-05_bs16_modL1_fusion32_fusionL1_drop0p1_trmiss80_trlocclin,9,0.5776816407839457,0.6514987548192342,0.6365546218487395,0.790694251570341,0.5555555555555556,0.0,0.0,0.0,0.0,2002,clin,0.8
5,3,lr5e-05_bs16_modL1_fusion32_fusionL1_drop0p1_trmiss80_trlocclin,16,5e-05,1,32,1,0.1,lr5e-05_bs16_modL1_fusion32_fusionL1_drop0p1_trmiss80_trlocclin,10,0.5625580996274948,0.6530893047650655,0.6407563025210083,0.8021134962308832,0.5555555555555556,0.0,0.0,0.0,0.0,2002,clin,0.8
5,3,lr5e-05_bs16_modL1_fusion32_fusionL1_drop0p1_trmiss80_trlocclin,16,5e-05,1,32,1,0.1,lr5e-05_bs16_modL1_fusion32_fusionL1_drop0p1_trmiss80_trlocclin,11,0.5610017130772272,0.6489059130350748,0.6554621848739496,0.8100109541270852,0.6,0.0,0.0,0.0,0.0,2002,clin,0.8
5,3,lr5e-05_bs16_modL1_fusion32_fusionL1_drop0p1_trmiss80_trlocclin,16,5e-05,1,32,1,0.1,lr5e-05_bs16_modL1_fusion32_fusionL1_drop0p1_trmiss80_trlocclin,12,0.5391606539487839,0.6535326838493347,0.6491596638655462,0.8132795016556517,0.6222222222222222,0.0,0.0,0.0,0.0,2002,clin,0.8
5,3,lr5e-05_bs16_modL1_fusion32_fusionL1_drop0p1_trmiss80_trlocclin,16,5e-05,1,32,1,0.1,lr5e-05_bs16_modL1_fusion32_fusionL1_drop0p1_trmiss80_trlocclin,13,0.5387993901968002,0.6554102897644043,0.6260504201680672,0.801625878153908,0.5777777777777777,0.0,0.0,0.0,0.0,2002,clin,0.8
5,3,lr5e-05_bs16_modL1_fusion32_fusionL1_drop0p1_trmiss80_trlocclin,16,5e-05,1,32,1,0.1,lr5e-05_bs16_modL1_fusion32_fusionL1_drop0p1_trmiss80_trlocclin,14,0.5352723648150762,0.6541282335917155,0.638655462184874,0.8028784333605963,0.6222222222222222,0.0,0.0,0.0,0.0,2002,clin,0.8
5,3,lr5e-05_bs16_modL1_fusion32_fusionL1_drop0p1_trmiss80_trlocclin,16,5e-05,1,32,1,0.1,lr5e-05_bs16_modL1_fusion32_fusionL1_drop0p1_trmiss80_trlocclin,15,0.5225914071003596,0.6541451613108317,0.619747899159664,0.7927265108270513,0.6,0.0,0.0,0.0,0.0,2002,clin,0.8
5,3,lr5e-05_bs16_modL1_fusion32_fusionL1_drop0p1_trmiss80_trlocclin,16,5e-05,1,32,1,0.1,lr5e-05_bs16_modL1_fusion32_fusionL1_drop0p1_trmiss80_trlocclin,16,0.5127431030074755,0.6572649280230204,0.6218487394957983,0.7832077161680817,0.6,0.0,0.0,0.0,0.0,2002,clin,0.8
5,3,lr5e-05_bs16_modL1_fusion32_fusionL1_drop0p1_trmiss80_trlocclin,16,5e-05,1,32,1,0.1,lr5e-05_bs16_modL1_fusion32_fusionL1_drop0p1_trmiss80_trlocclin,17,0.5104867517948151,0.6561025579770406,0.6281512605042017,0.7827274495562234,0.6222222222222222,0.0,0.0,0.0,0.0,2002,clin,0.8
5,3,lr5e-05_bs16_modL1_fusion32_fusionL1_drop0p1_trmiss80_trlocclin,16,5e-05,1,32,1,0.1,lr5e-05_bs16_modL1_fusion32_fusionL1_drop0p1_trmiss80_trlocclin,18,0.49779227872689563,0.6527953346570333,0.6407563025210083,0.7983480435010083,0.6222222222222222,0.0,0.0,0.0,0.0,2002,clin,0.8
5,3,lr5e-05_bs16_modL1_fusion32_fusionL1_drop0p1_trmiss80_trlocclin,16,5e-05,1,32,1,0.1,lr5e-05_bs16_modL1_fusion32_fusionL1_drop0p1_trmiss80_trlocclin,19,0.49738651017347973,0.6490663488705953,0.6491596638655462,0.811172963172799,0.6222222222222222,0.0,0.0,0.0,0.0,2002,clin,0.8
5,3,lr5e-05_bs16_modL1_fusion32_fusionL1_drop0p1_trmiss80_trlocclin,16,5e-05,1,32,1,0.1,lr5e-05_bs16_modL1_fusion32_fusionL1_drop0p1_trmiss80_trlocclin,20,0.4909941131869952,0.6519603133201599,0.6428571428571429,0.8110695544870846,0.6222222222222222,0.0,0.0,0.0,0.0,2002,clin,0.8
5,3,lr5e-05_bs16_modL1_fusion32_fusionL1_drop0p1_trmiss80_trlocclin,16,5e-05,1,32,1,0.1,lr5e-05_bs16_modL1_fusion32_fusionL1_drop0p1_trmiss80_trlocclin,21,0.5040249327818552,0.650059978167216,0.6470588235294118,0.8161966550144505,0.5777777777777777,0.0,0.0,0.0,0.0,2002,clin,0.8
5,3,lr5e-05_bs16_modL1_fusion32_fusionL1_drop0p1_trmiss80_trlocclin,16,5e-05,1,32,1,0.1,lr5e-05_bs16_modL1_fusion32_fusionL1_drop0p1_trmiss80_trlocclin,22,0.5103983158866564,0.6574056347211202,0.6512605042016807,0.8134731106698699,0.6,0.0,0.0,0.0,0.0,2002,clin,0.8
5,3,lr5e-05_bs16_modL1_fusion32_fusionL1_drop0p1_trmiss80_trlocclin,16,5e-05,1,32,1,0.1,lr5e-05_bs16_modL1_fusion32_fusionL1_drop0p1_trmiss80_trlocclin,23,0.4917145371437073,0.6596917708714803,0.6470588235294118,0.8142890199681769,0.6,0.0,0.0,0.0,0.0,2002,clin,0.8
5,3,lr5e-05_bs16_modL1_fusion32_fusionL1_drop0p1_trmiss80_trlocclin,16,5e-05,1,32,1,0.1,lr5e-05_bs16_modL1_fusion32_fusionL1_drop0p1_trmiss80_trlocclin,24,0.4749587004383405,0.6542114814122518,0.6470588235294117,0.8109074720256305,0.6222222222222222,0.0,0.0,0.0,0.0,2002,clin,0.8
5,3,lr5e-05_bs16_modL1_fusion32_fusionL1_drop0p1_trmiss80_trlocclin,16,5e-05,1,32,1,0.1,lr5e-05_bs16_modL1_fusion32_fusionL1_drop0p1_trmiss80_trlocclin,25,0.4836754575371742,0.6494489908218384,0.6554621848739496,0.8162985828371717,0.6,0.0,0.0,0.0,0.0,2002,clin,0.8
5,3,lr5e-05_bs16_modL1_fusion32_fusionL1_drop0p1_trmiss80_trlocclin,16,5e-05,1,32,1,0.1,lr5e-05_bs16_modL1_fusion32_fusionL1_drop0p1_trmiss80_trlocclin,26,0.48094900449117023,0.6497350931167603,0.6323529411764707,0.8065745211613072,0.6666666666666666,0.0,0.0,0.0,0.0,2002,clin,0.8
5,3,lr5e-05_bs16_modL1_fusion32_fusionL1_drop0p1_trmiss80_trlocclin,16,5e-05,1,32,1,0.1,lr5e-05_bs16_modL1_fusion32_fusionL1_drop0p1_trmiss80_trlocclin,27,0.47690164546171826,0.6488359371821085,0.6407563025210085,0.8141392593425038,0.6222222222222222,0.0,0.0,0.0,0.0,2002,clin,0.8
5,3,lr5e-05_bs16_modL1_fusion32_fusionL1_drop0p1_trmiss80_trlocclin,16,5e-05,1,32,1,0.1,lr5e-05_bs16_modL1_fusion32_fusionL1_drop0p1_trmiss80_trlocclin,28,0.480108122030894,0.6563315391540527,0.6365546218487396,0.8101615373220609,0.6,0.0,0.0,0.0,0.0,2002,clin,0.8
5,3,lr5e-05_bs16_modL1_fusion32_fusionL1_drop0p1_trmiss80_trlocclin,16,5e-05,1,32,1,0.1,lr5e-05_bs16_modL1_fusion32_fusionL1_drop0p1_trmiss80_trlocclin,29,0.48076239228248596,0.6560116012891134,0.6365546218487395,0.8048159810133207,0.6,0.0,0.0,0.0,0.0,2002,clin,0.8
5,3,lr5e-05_bs16_modL1_fusion32_fusionL1_drop0p1_trmiss80_trlocclin,16,5e-05,1,32,1,0.1,lr5e-05_bs16_modL1_fusion32_fusionL1_drop0p1_trmiss80_trlocclin,30,0.45928648362557095,0.6558384895324707,0.6281512605042017,0.8091255947856365,0.6,0.0,0.0,0.0,0.0,2002,clin,0.8
5,3,lr5e-05_bs16_modL1_fusion32_fusionL1_drop0p1_trmiss80_trlocclin,16,5e-05,1,32,1,0.1,lr5e-05_bs16_modL1_fusion32_fusionL1_drop0p1_trmiss80_trlocclin,31,0.46498387555281323,0.6563737988471985,0.6428571428571429,0.8200736255877864,0.6,0.0,0.0,0.0,0.0,2002,clin,0.8
5,3,lr5e-05_bs16_modL1_fusion64_fusionL1_drop0p2_trmiss80_trlocclin,16,5e-05,1,64,1,0.2,lr5e-05_bs16_modL1_fusion64_fusionL1_drop0p2_trmiss80_trlocclin,1,0.7204596251249313,0.6970807711283366,0.46638655462184875,0.6185144963127454,0.4222222222222222,0.0,0.0,0.0,0.0,2002,clin,0.8
5,3,lr5e-05_bs16_modL1_fusion64_fusionL1_drop0p2_trmiss80_trlocclin,16,5e-05,1,64,1,0.2,lr5e-05_bs16_modL1_fusion64_fusionL1_drop0p2_trmiss80_trlocclin,2,0.701640342672666,0.7053128878275553,0.4957983193277311,0.6368137626293778,0.4222222222222222,0.0,0.0,0.0,0.0,2002,clin,0.8
5,3,lr5e-05_bs16_modL1_fusion64_fusionL1_drop0p2_trmiss80_trlocclin,16,5e-05,1,64,1,0.2,lr5e-05_bs16_modL1_fusion64_fusionL1_drop0p2_trmiss80_trlocclin,3,0.6888413478930792,0.7094324032465616,0.5021008403361344,0.6672373818475944,0.37777777777777777,0.0,0.0,0.0,0.0,2002,clin,0.8
5,3,lr5e-05_bs16_modL1_fusion64_fusionL1_drop0p2_trmiss80_trlocclin,16,5e-05,1,64,1,0.2,lr5e-05_bs16_modL1_fusion64_fusionL1_drop0p2_trmiss80_trlocclin,4,0.6659176299969355,0.7085224986076355,0.5126050420168068,0.6655294640978258,0.4444444444444444,0.0,0.0,0.0,0.0,2002,clin,0.8
5,3,lr5e-05_bs16_modL1_fusion64_fusionL1_drop0p2_trmiss80_trlocclin,16,5e-05,1,64,1,0.2,lr5e-05_bs16_modL1_fusion64_fusionL1_drop0p2_trmiss80_trlocclin,5,0.6567303240299225,0.7078782320022583,0.5315126050420168,0.6790194924433466,0.4888888888888889,0.0,0.0,0.0,0.0,2002,clin,0.8
5,3,lr5e-05_bs16_modL1_fusion64_fusionL1_drop0p2_trmiss80_trlocclin,16,5e-05,1,64,1,0.2,lr5e-05_bs16_modL1_fusion64_fusionL1_drop0p2_trmiss80_trlocclin,6,0.6368487775325775,0.7042957544326782,0.5378151260504201,0.6724723427511831,0.4888888888888889,0.0,0.0,0.0,0.0,2002,clin,0.8
5,3,lr5e-05_bs16_modL1_fusion64_fusionL1_drop0p2_trmiss80_trlocclin,16,5e-05,1,64,1,0.2,lr5e-05_bs16_modL1_fusion64_fusionL1_drop0p2_trmiss80_trlocclin,7,0.6213681300481161,0.7050715287526449,0.5441176470588235,0.6748776050953553,0.5111111111111111,0.0,0.0,0.0,0.0,2002,clin,0.8
5,3,lr5e-05_bs16_modL1_fusion64_fusionL1_drop0p2_trmiss80_trlocclin,16,5e-05,1,64,1,0.2,lr5e-05_bs16_modL1_fusion64_fusionL1_drop0p2_trmiss80_trlocclin,8,0.6164931704600652,0.7012105385462443,0.5546218487394958,0.6965442803130845,0.5111111111111111,0.0,0.0,0.0,0.0,2002,clin,0.8
5,3,lr5e-05_bs16_modL1_fusion64_fusionL1_drop0p2_trmiss80_trlocclin,16,5e-05,1,64,1,0.2,lr5e-05_bs16_modL1_fusion64_fusionL1_drop0p2_trmiss80_trlocclin,9,0.6293448160092036,0.704159696896871,0.5525210084033614,0.6834038295029874,0.5333333333333333,0.0,0.0,0.0,0.0,2002,clin,0.8
5,3,lr5e-05_bs16_modL1_fusion64_fusionL1_drop0p2_trmiss80_trlocclin,16,5e-05,1,64,1,0.2,lr5e-05_bs16_modL1_fusion64_fusionL1_drop0p2_trmiss80_trlocclin,10,0.6267188688119253,0.6997076272964478,0.5672268907563026,0.6920698274802453,0.5333333333333333,0.0,0.0,0.0,0.0,2002,clin,0.8
5,3,lr5e-05_bs16_modL1_fusion64_fusionL1_drop0p2_trmiss80_trlocclin,16,5e-05,1,64,1,0.2,lr5e-05_bs16_modL1_fusion64_fusionL1_drop0p2_trmiss80_trlocclin,11,0.5754102542996407,0.6993340253829956,0.5798319327731092,0.6968753989378832,0.5333333333333333,0.0,0.0,0.0,0.0,2002,clin,0.8
5,3,lr5e-05_bs16_modL1_fusion64_fusionL1_drop0p2_trmiss80_trlocclin,16,5e-05,1,64,1,0.2,lr5e-05_bs16_modL1_fusion64_fusionL1_drop0p2_trmiss80_trlocclin,12,0.5954303542772929,0.692334791024526,0.5756302521008404,0.6986425389761659,0.4888888888888889,0.0,0.0,0.0,0.0,2002,clin,0.8
5,3,lr5e-05_bs16_modL1_fusion64_fusionL1_drop0p2_trmiss80_trlocclin,16,5e-05,1,64,1,0.2,lr5e-05_bs16_modL1_fusion64_fusionL1_drop0p2_trmiss80_trlocclin,13,0.5813166995843252,0.7011800209681193,0.569327731092437,0.7135649623533807,0.5111111111111111,0.0,0.0,0.0,0.0,2002,clin,0.8
5,3,lr5e-05_bs16_modL1_fusion64_fusionL1_drop0p2_trmiss80_trlocclin,16,5e-05,1,64,1,0.2,lr5e-05_bs16_modL1_fusion64_fusionL1_drop0p2_trmiss80_trlocclin,14,0.5928736378749212,0.700119694073995,0.5651260504201681,0.6957551493503896,0.5333333333333333,0.0,0.0,0.0,0.0,2002,clin,0.8
5,3,lr5e-05_bs16_modL1_fusion64_fusionL1_drop0p2_trmiss80_trlocclin,16,5e-05,1,64,1,0.2,lr5e-05_bs16_modL1_fusion64_fusionL1_drop0p2_trmiss80_trlocclin,15,0.5758671462535858,0.7015018264452616,0.5546218487394958,0.6874704667060066,0.5111111111111111,0.0,0.0,0.0,0.0,2002,clin,0.8
5,3,lr5e-05_bs16_modL1_fusion64_fusionL1_drop0p2_trmiss80_trlocclin,16,5e-05,1,64,1,0.2,lr5e-05_bs16_modL1_fusion64_fusionL1_drop0p2_trmiss80_trlocclin,16,0.5713834265867869,0.7022785544395447,0.5588235294117647,0.6969488696512528,0.5555555555555556,0.0,0.0,0.0,0.0,2002,clin,0.8
5,3,lr5e-05_bs16_modL1_fusion64_fusionL1_drop0p2_trmiss80_trlocclin,16,5e-05,1,64,1,0.2,lr5e-05_bs16_modL1_fusion64_fusionL1_drop0p2_trmiss80_trlocclin,17,0.566138948003451,0.7015257875124613,0.5588235294117647,0.7135221624727188,0.5555555555555556,0.0,0.0,0.0,0.0,2002,clin,0.8
5,3,lr5e-05_bs16_modL1_fusion64_fusionL1_drop0p2_trmiss80_trlocclin,16,5e-05,1,64,1,0.2,lr5e-05_bs16_modL1_fusion64_fusionL1_drop0p2_trmiss80_trlocclin,18,0.5626188913981119,0.7003093957901001,0.5462184873949579,0.708692980784743,0.5555555555555556,0.0,0.0,0.0,0.0,2002,clin,0.8
5,3,lr5e-05_bs16_modL1_fusion64_fusionL1_drop0p2_trmiss80_trlocclin,16,5e-05,1,64,1,0.2,lr5e-05_bs16_modL1_fusion64_fusionL1_drop0p2_trmiss80_trlocclin,19,0.5483968754609426,0.7015574177106222,0.5504201680672268,0.6987429411057393,0.5555555555555556,0.0,0.0,0.0,0.0,2002,clin,0.8
5,3,lr5e-05_bs16_modL1_fusion64_fusionL1_drop0p2_trmiss80_trlocclin,16,5e-05,1,64,1,0.2,lr5e-05_bs16_modL1_fusion64_fusionL1_drop0p2_trmiss80_trlocclin,20,0.5454582497477531,0.7030221621195475,0.5630252100840336,0.7253123997209427,0.5555555555555556,0.0,0.0,0.0,0.0,2002,clin,0.8
5,3,lr5e-05_bs16_modL1_fusion64_fusionL1_drop0p2_trmiss80_trlocclin,16,5e-05,1,64,1,0.2,lr5e-05_bs16_modL1_fusion64_fusionL1_drop0p2_trmiss80_trlocclin,21,0.5429249256849289,0.7089594006538391,0.5546218487394958,0.7137056330668556,0.5555555555555556,0.0,0.0,0.0,0.0,2002,clin,0.8
5,3,lr5e-05_bs16_modL1_fusion64_fusionL1_drop0p2_trmiss80_trlocclin,16,5e-05,1,64,1,0.2,lr5e-05_bs16_modL1_fusion64_fusionL1_drop0p2_trmiss80_trlocclin,22,0.5434104278683662,0.7036862770716349,0.542016806722689,0.6994924079186994,0.5777777777777777,0.0,0.0,0.0,0.0,2002,clin,0.8
5,3,lr5e-05_bs16_modL1_fusion64_fusionL1_drop0p2_trmiss80_trlocclin,16,5e-05,1,64,1,0.2,lr5e-05_bs16_modL1_fusion64_fusionL1_drop0p2_trmiss80_trlocclin,23,0.5548766603072485,0.7053702274958292,0.5588235294117647,0.7152942467571339,0.5777777777777777,0.0,0.0,0.0,0.0,2002,clin,0.8
5,3,lr5e-05_bs16_modL1_fusion64_fusionL1_drop0p2_trmiss80_trlocclin,16,5e-05,1,64,1,0.2,lr5e-05_bs16_modL1_fusion64_fusionL1_drop0p2_trmiss80_trlocclin,24,0.5418987795710564,0.699276328086853,0.5567226890756303,0.7208844400182944,0.5777777777777777,0.0,0.0,0.0,0.0,2002,clin,0.8
5,3,lr5e-05_bs16_modL1_fusion64_fusionL1_drop0p2_trmiss80_trlocclin,16,5e-05,1,64,1,0.2,lr5e-05_bs16_modL1_fusion64_fusionL1_drop0p2_trmiss80_trlocclin,25,0.5376391286651293,0.701329251130422,0.5546218487394958,0.7266187715157084,0.5777777777777777,0.0,0.0,0.0,0.0,2002,clin,0.8
5,3,lr5e-05_bs16_modL1_fusion64_fusionL1_drop0p2_trmiss80_trlocclin,16,5e-05,1,64,1,0.2,lr5e-05_bs16_modL1_fusion64_fusionL1_drop0p2_trmiss80_trlocclin,26,0.5488626385728518,0.7014436721801758,0.5735294117647058,0.7313801373767301,0.5555555555555556,0.0,0.0,0.0,0.0,2002,clin,0.8
5,3,lr5e-05_bs16_modL1_fusion64_fusionL1_drop0p2_trmiss80_trlocclin,16,5e-05,1,64,1,0.2,lr5e-05_bs16_modL1_fusion64_fusionL1_drop0p2_trmiss80_trlocclin,27,0.5492604995767275,0.7013513048489889,0.5525210084033614,0.7228762468880594,0.5333333333333333,0.0,0.0,0.0,0.0,2002,clin,0.8
5,3,lr5e-05_bs16_modL1_fusion64_fusionL1_drop0p2_trmiss80_trlocclin,16,5e-05,1,64,1,0.2,lr5e-05_bs16_modL1_fusion64_fusionL1_drop0p2_trmiss80_trlocclin,28,0.5300145819783211,0.6925266981124878,0.569327731092437,0.736118994741638,0.5777777777777777,0.0,0.0,0.0,0.0,2002,clin,0.8
5,3,lr5e-05_bs16_modL1_fusion64_fusionL1_drop0p2_trmiss80_trlocclin,16,5e-05,1,64,1,0.2,lr5e-05_bs16_modL1_fusion64_fusionL1_drop0p2_trmiss80_trlocclin,29,0.529213473200798,0.6928263703982035,0.569327731092437,0.7320708541855081,0.5333333333333333,0.0,0.0,0.0,0.0,2002,clin,0.8
5,3,lr5e-05_bs16_modL1_fusion64_fusionL1_drop0p2_trmiss80_trlocclin,16,5e-05,1,64,1,0.2,lr5e-05_bs16_modL1_fusion64_fusionL1_drop0p2_trmiss80_trlocclin,30,0.5413106605410576,0.7019450267155966,0.5714285714285714,0.730895033941227,0.5555555555555556,0.0,0.0,0.0,0.0,2002,clin,0.8
5,3,lr5e-05_bs16_modL1_fusion64_fusionL1_drop0p2_trmiss80_trlocclin,16,5e-05,1,64,1,0.2,lr5e-05_bs16_modL1_fusion64_fusionL1_drop0p2_trmiss80_trlocclin,31,0.5374333808819453,0.7001727024714152,0.5651260504201681,0.7274971751862255,0.5777777777777777,0.0,0.0,0.0,0.0,2002,clin,0.8
5,3,lr5e-05_bs16_modL1_fusion64_fusionL1_drop0p1_trmiss80_trlocclin,16,5e-05,1,64,1,0.1,lr5e-05_bs16_modL1_fusion64_fusionL1_drop0p1_trmiss80_trlocclin,1,0.706516295671463,0.7046435077985128,0.4642857142857143,0.5979411564913201,0.35555555555555557,0.0,0.0,0.0,0.0,2002,clin,0.8
5,3,lr5e-05_bs16_modL1_fusion64_fusionL1_drop0p1_trmiss80_trlocclin,16,5e-05,1,64,1,0.1,lr5e-05_bs16_modL1_fusion64_fusionL1_drop0p1_trmiss80_trlocclin,2,0.6777935922145844,0.6974309285481771,0.49159663865546216,0.6540695328986824,0.4,0.0,0.0,0.0,0.0,2002,clin,0.8
5,3,lr5e-05_bs16_modL1_fusion64_fusionL1_drop0p1_trmiss80_trlocclin,16,5e-05,1,64,1,0.1,lr5e-05_bs16_modL1_fusion64_fusionL1_drop0p1_trmiss80_trlocclin,3,0.6344488114118576,0.69680388768514,0.5252100840336135,0.6897406565144641,0.4666666666666667,0.0,0.0,0.0,0.0,2002,clin,0.8
5,3,lr5e-05_bs16_modL1_fusion64_fusionL1_drop0p1_trmiss80_trlocclin,16,5e-05,1,64,1,0.1,lr5e-05_bs16_modL1_fusion64_fusionL1_drop0p1_trmiss80_trlocclin,4,0.6219775925079981,0.6821085214614868,0.5483193277310924,0.7400547310438912,0.5111111111111111,0.0,0.0,0.0,0.0,2002,clin,0.8
5,3,lr5e-05_bs16_modL1_fusion64_fusionL1_drop0p1_trmiss80_trlocclin,16,5e-05,1,64,1,0.1,lr5e-05_bs16_modL1_fusion64_fusionL1_drop0p1_trmiss80_trlocclin,5,0.5887549171845118,0.6768558224042257,0.5483193277310925,0.7515402744074331,0.5333333333333333,0.0,0.0,0.0,0.0,2002,clin,0.8
5,3,lr5e-05_bs16_modL1_fusion64_fusionL1_drop0p1_trmiss80_trlocclin,16,5e-05,1,64,1,0.1,lr5e-05_bs16_modL1_fusion64_fusionL1_drop0p1_trmiss80_trlocclin,6,0.5756152520577112,0.6680390040079752,0.5735294117647058,0.7556450392897427,0.4888888888888889,0.0,0.0,0.0,0.0,2002,clin,0.8
5,3,lr5e-05_bs16_modL1_fusion64_fusionL1_drop0p1_trmiss80_trlocclin,16,5e-05,1,64,1,0.1,lr5e-05_bs16_modL1_fusion64_fusionL1_drop0p1_trmiss80_trlocclin,7,0.5791908999284109,0.6659495234489441,0.5945378151260504,0.7651375780200876,0.5333333333333333,0.0,0.0,0.0,0.0,2002,clin,0.8
5,3,lr5e-05_bs16_modL1_fusion64_fusionL1_drop0p1_trmiss80_trlocclin,16,5e-05,1,64,1,0.1,lr5e-05_bs16_modL1_fusion64_fusionL1_drop0p1_trmiss80_trlocclin,8,0.5547786504030228,0.6689412395159403,0.6029411764705882,0.761902880487698,0.5333333333333333,0.0,0.0,0.0,0.0,2002,clin,0.8
5,3,lr5e-05_bs16_modL1_fusion64_fusionL1_drop0p1_trmiss80_trlocclin,16,5e-05,1,64,1,0.1,lr5e-05_bs16_modL1_fusion64_fusionL1_drop0p1_trmiss80_trlocclin,9,0.539832224448522,0.6780142386754354,0.5609243697478992,0.7386888884962078,0.4888888888888889,0.0,0.0,0.0,0.0,2002,clin,0.8
5,3,lr5e-05_bs16_modL1_fusion64_fusionL1_drop0p1_trmiss80_trlocclin,16,5e-05,1,64,1,0.1,lr5e-05_bs16_modL1_fusion64_fusionL1_drop0p1_trmiss80_trlocclin,10,0.5295356015364329,0.6788371801376343,0.5714285714285715,0.7393023590311439,0.4666666666666667,0.0,0.0,0.0,0.0,2002,clin,0.8
5,3,lr5e-05_bs16_modL1_fusion64_fusionL1_drop0p1_trmiss80_trlocclin,16,5e-05,1,64,1,0.1,lr5e-05_bs16_modL1_fusion64_fusionL1_drop0p1_trmiss80_trlocclin,11,0.5271880999207497,0.6758004228274027,0.5588235294117647,0.7284764256745273,0.5111111111111111,0.0,0.0,0.0,0.0,2002,clin,0.8
5,3,lr5e-05_bs16_modL1_fusion64_fusionL1_drop0p1_trmiss80_trlocclin,16,5e-05,1,64,1,0.1,lr5e-05_bs16_modL1_fusion64_fusionL1_drop0p1_trmiss80_trlocclin,12,0.5182095393538475,0.6743199825286865,0.5735294117647058,0.7404698523568846,0.4888888888888889,0.0,0.0,0.0,0.0,2002,clin,0.8
5,3,lr5e-05_bs16_modL1_fusion64_fusionL1_drop0p1_trmiss80_trlocclin,16,5e-05,1,64,1,0.1,lr5e-05_bs16_modL1_fusion64_fusionL1_drop0p1_trmiss80_trlocclin,13,0.518357664346695,0.6736293832461039,0.5777310924369747,0.7451948057242955,0.5111111111111111,0.0,0.0,0.0,0.0,2002,clin,0.8
5,3,lr5e-05_bs16_modL1_fusion64_fusionL1_drop0p1_trmiss80_trlocclin,16,5e-05,1,64,1,0.1,lr5e-05_bs16_modL1_fusion64_fusionL1_drop0p1_trmiss80_trlocclin,14,0.5017712364594141,0.6760861277580261,0.5882352941176471,0.7510169030043075,0.4888888888888889,0.0,0.0,0.0,0.0,2002,clin,0.8
5,3,lr5e-05_bs16_modL1_fusion64_fusionL1_drop0p1_trmiss80_trlocclin,16,5e-05,1,64,1,0.1,lr5e-05_bs16_modL1_fusion64_fusionL1_drop0p1_trmiss80_trlocclin,15,0.47799697518348694,0.6717970371246338,0.5882352941176471,0.7459412957766764,0.4888888888888889,0.0,0.0,0.0,0.0,2002,clin,0.8
5,3,lr5e-05_bs16_modL1_fusion64_fusionL1_drop0p1_trmiss80_trlocclin,16,5e-05,1,64,1,0.1,lr5e-05_bs16_modL1_fusion64_fusionL1_drop0p1_trmiss80_trlocclin,16,0.49362388501564664,0.6706874767939249,0.5840336134453781,0.7467757360886612,0.5333333333333333,0.0,0.0,0.0,0.0,2002,clin,0.8
5,3,lr5e-05_bs16_modL1_fusion64_fusionL1_drop0p1_trmiss80_trlocclin,16,5e-05,1,64,1,0.1,lr5e-05_bs16_modL1_fusion64_fusionL1_drop0p1_trmiss80_trlocclin,17,0.49191855390866596,0.6740935246149699,0.5777310924369748,0.7453257179078719,0.5111111111111111,0.0,0.0,0.0,0.0,2002,clin,0.8
5,3,lr5e-05_bs16_modL1_fusion64_fusionL1_drop0p1_trmiss80_trlocclin,16,5e-05,1,64,1,0.1,lr5e-05_bs16_modL1_fusion64_fusionL1_drop0p1_trmiss80_trlocclin,18,0.4652959729234378,0.6761182546615601,0.5882352941176471,0.7462352140998378,0.4888888888888889,0.0,0.0,0.0,0.0,2002,clin,0.8
5,3,lr5e-05_bs16_modL1_fusion64_fusionL1_drop0p1_trmiss80_trlocclin,16,5e-05,1,64,1,0.1,lr5e-05_bs16_modL1_fusion64_fusionL1_drop0p1_trmiss80_trlocclin,19,0.4937594731648763,0.6791734298070272,0.5945378151260504,0.7487702242735917,0.4666666666666667,0.0,0.0,0.0,0.0,2002,clin,0.8
5,3,lr5e-05_bs16_modL1_fusion64_fusionL1_drop0p1_trmiss80_trlocclin,16,5e-05,1,64,1,0.1,lr5e-05_bs16_modL1_fusion64_fusionL1_drop0p1_trmiss80_trlocclin,20,0.474679671227932,0.6814169685045878,0.5840336134453781,0.7482720053665431,0.4666666666666667,0.0,0.0,0.0,0.0,2002,clin,0.8
5,3,lr5e-05_bs16_modL1_fusion64_fusionL1_drop0p1_trmiss80_trlocclin,16,5e-05,1,64,1,0.1,lr5e-05_bs16_modL1_fusion64_fusionL1_drop0p1_trmiss80_trlocclin,21,0.4616330564022064,0.6773844758669535,0.5945378151260504,0.747051351658602,0.4666666666666667,0.0,0.0,0.0,0.0,2002,clin,0.8
5,3,lr5e-05_bs16_modL1_fusion64_fusionL1_drop0p1_trmiss80_trlocclin,16,5e-05,1,64,1,0.1,lr5e-05_bs16_modL1_fusion64_fusionL1_drop0p1_trmiss80_trlocclin,22,0.4550469219684601,0.6742117206255595,0.5861344537815126,0.7429175215672151,0.5111111111111111,0.0,0.0,0.0,0.0,2002,clin,0.8
5,3,lr5e-05_bs16_modL1_fusion64_fusionL1_drop0p1_trmiss80_trlocclin,16,5e-05,1,64,1,0.1,lr5e-05_bs16_modL1_fusion64_fusionL1_drop0p1_trmiss80_trlocclin,23,0.4569011802474658,0.6793112953503927,0.5756302521008403,0.7390059480960937,0.4888888888888889,0.0,0.0,0.0,0.0,2002,clin,0.8
5,3,lr5e-05_bs16_modL1_fusion64_fusionL1_drop0p1_trmiss80_trlocclin,16,5e-05,1,64,1,0.1,lr5e-05_bs16_modL1_fusion64_fusionL1_drop0p1_trmiss80_trlocclin,24,0.4499400382240613,0.66691788037618,0.5882352941176471,0.7475103056505454,0.5111111111111111,0.0,0.0,0.0,0.0,2002,clin,0.8
5,3,lr5e-05_bs16_modL1_fusion64_fusionL1_drop0p1_trmiss80_trlocclin,16,5e-05,1,64,1,0.1,lr5e-05_bs16_modL1_fusion64_fusionL1_drop0p1_trmiss80_trlocclin,25,0.4728575100501378,0.6687729159990946,0.5945378151260505,0.7491191337211162,0.5111111111111111,0.0,0.0,0.0,0.0,2002,clin,0.8
5,3,lr5e-05_bs16_modL1_fusion64_fusionL1_drop0p1_trmiss80_trlocclin,16,5e-05,1,64,1,0.1,lr5e-05_bs16_modL1_fusion64_fusionL1_drop0p1_trmiss80_trlocclin,26,0.45961737632751465,0.6745613217353821,0.5987394957983193,0.7511366724261147,0.5111111111111111,0.0,0.0,0.0,0.0,2002,clin,0.8
5,3,lr5e-05_bs16_modL1_fusion64_fusionL1_drop0p1_trmiss80_trlocclin,16,5e-05,1,64,1,0.1,lr5e-05_bs16_modL1_fusion64_fusionL1_drop0p1_trmiss80_trlocclin,27,0.45368481427431107,0.6736943523089091,0.5840336134453782,0.7445362127339518,0.5111111111111111,0.0,0.0,0.0,0.0,2002,clin,0.8
5,3,lr5e-05_bs16_modL1_fusion64_fusionL1_drop0p1_trmiss80_trlocclin,16,5e-05,1,64,1,0.1,lr5e-05_bs16_modL1_fusion64_fusionL1_drop0p1_trmiss80_trlocclin,28,0.44140396763881046,0.6718870401382446,0.5882352941176471,0.7442086875217899,0.5111111111111111,0.0,0.0,0.0,0.0,2002,clin,0.8
5,3,lr1e-04_bs16_modL1_fusion32_fusionL1_drop0p2_trmiss80_trlocclin,16,0.0001,1,32,1,0.2,lr1e-04_bs16_modL1_fusion32_fusionL1_drop0p2_trmiss80_trlocclin,1,0.6671726206938425,0.6793030897776285,0.5105042016806722,0.6690237473117867,0.5555555555555556,0.0,0.0,0.0,0.0,2002,clin,0.8
5,3,lr1e-04_bs16_modL1_fusion32_fusionL1_drop0p2_trmiss80_trlocclin,16,0.0001,1,32,1,0.2,lr1e-04_bs16_modL1_fusion32_fusionL1_drop0p2_trmiss80_trlocclin,2,0.6109987646341324,0.6740921338399252,0.5441176470588235,0.6919389423243886,0.5111111111111111,0.0,0.0,0.0,0.0,2002,clin,0.8
5,3,lr1e-04_bs16_modL1_fusion32_fusionL1_drop0p2_trmiss80_trlocclin,16,0.0001,1,32,1,0.2,lr1e-04_bs16_modL1_fusion32_fusionL1_drop0p2_trmiss80_trlocclin,3,0.6229897439479828,0.6723155379295349,0.5693277310924371,0.7017974413942517,0.5777777777777777,0.0,0.0,0.0,0.0,2002,clin,0.8
5,3,lr1e-04_bs16_modL1_fusion32_fusionL1_drop0p2_trmiss80_trlocclin,16,0.0001,1,32,1,0.2,lr1e-04_bs16_modL1_fusion32_fusionL1_drop0p2_trmiss80_trlocclin,4,0.5829187780618668,0.6715301076571146,0.5651260504201681,0.7019844099064193,0.5555555555555556,0.0,0.0,0.0,0.0,2002,clin,0.8
5,3,lr1e-04_bs16_modL1_fusion32_fusionL1_drop0p2_trmiss80_trlocclin,16,0.0001,1,32,1,0.2,lr1e-04_bs16_modL1_fusion32_fusionL1_drop0p2_trmiss80_trlocclin,5,0.5634851853052775,0.6737802624702454,0.5546218487394958,0.6901924734286673,0.5333333333333333,0.0,0.0,0.0,0.0,2002,clin,0.8
5,3,lr1e-04_bs16_modL1_fusion32_fusionL1_drop0p2_trmiss80_trlocclin,16,0.0001,1,32,1,0.2,lr1e-04_bs16_modL1_fusion32_fusionL1_drop0p2_trmiss80_trlocclin,6,0.5536954402923584,0.667429248491923,0.5777310924369748,0.7008793028663932,0.5777777777777777,0.0,0.0,0.0,0.0,2002,clin,0.8
5,3,lr1e-04_bs16_modL1_fusion32_fusionL1_drop0p2_trmiss80_trlocclin,16,0.0001,1,32,1,0.2,lr1e-04_bs16_modL1_fusion32_fusionL1_drop0p2_trmiss80_trlocclin,7,0.5475399742523829,0.671808103720347,0.5630252100840336,0.69461320822095,0.5555555555555556,0.0,0.0,0.0,0.0,2002,clin,0.8
5,3,lr1e-04_bs16_modL1_fusion32_fusionL1_drop0p2_trmiss80_trlocclin,16,0.0001,1,32,1,0.2,lr1e-04_bs16_modL1_fusion32_fusionL1_drop0p2_trmiss80_trlocclin,8,0.5287193159262339,0.6728888948758444,0.5546218487394957,0.6924157454321945,0.5777777777777777,0.0,0.0,0.0,0.0,2002,clin,0.8
5,3,lr1e-04_bs16_modL1_fusion32_fusionL1_drop0p2_trmiss80_trlocclin,16,0.0001,1,32,1,0.2,lr1e-04_bs16_modL1_fusion32_fusionL1_drop0p2_trmiss80_trlocclin,9,0.5347149024407069,0.6755280693372091,0.5588235294117647,0.7143692250628492,0.5333333333333333,0.0,0.0,0.0,0.0,2002,clin,0.8
5,3,lr1e-04_bs16_modL1_fusion32_fusionL1_drop0p2_trmiss80_trlocclin,16,0.0001,1,32,1,0.2,lr1e-04_bs16_modL1_fusion32_fusionL1_drop0p2_trmiss80_trlocclin,10,0.5043963094552358,0.6730825106302897,0.5504201680672268,0.7071410057944727,0.5555555555555556,0.0,0.0,0.0,0.0,2002,clin,0.8
5,3,lr1e-04_bs16_modL1_fusion32_fusionL1_drop0p2_trmiss80_trlocclin,16,0.0001,1,32,1,0.2,lr1e-04_bs16_modL1_fusion32_fusionL1_drop0p2_trmiss80_trlocclin,11,0.4963580220937729,0.6695477565129598,0.5588235294117646,0.7241345887130425,0.5777777777777777,0.0,0.0,0.0,0.0,2002,clin,0.8
5,3,lr1e-04_bs16_modL1_fusion32_fusionL1_drop0p2_trmiss80_trlocclin,16,0.0001,1,32,1,0.2,lr1e-04_bs16_modL1_fusion32_fusionL1_drop0p2_trmiss80_trlocclin,12,0.49930401643117267,0.6724110841751099,0.5588235294117647,0.7232508376580786,0.5333333333333333,0.0,0.0,0.0,0.0,2002,clin,0.8
5,3,lr1e-04_bs16_modL1_fusion32_fusionL1_drop0p2_trmiss80_trlocclin,16,0.0001,1,32,1,0.2,lr1e-04_bs16_modL1_fusion32_fusionL1_drop0p2_trmiss80_trlocclin,13,0.4672928179303805,0.6704785823822021,0.5630252100840336,0.7300662716629669,0.5555555555555556,0.0,0.0,0.0,0.0,2002,clin,0.8
5,3,lr1e-04_bs16_modL1_fusion32_fusionL1_drop0p2_trmiss80_trlocclin,16,0.0001,1,32,1,0.2,lr1e-04_bs16_modL1_fusion32_fusionL1_drop0p2_trmiss80_trlocclin,14,0.4744359900554021,0.6745470563570658,0.5546218487394958,0.723114333799699,0.5333333333333333,0.0,0.0,0.0,0.0,2002,clin,0.8
5,3,lr1e-04_bs16_modL1_fusion32_fusionL1_drop0p2_trmiss80_trlocclin,16,0.0001,1,32,1,0.2,lr1e-04_bs16_modL1_fusion32_fusionL1_drop0p2_trmiss80_trlocclin,15,0.4575161933898926,0.6725393533706665,0.5567226890756303,0.7217828595392849,0.5777777777777777,0.0,0.0,0.0,0.0,2002,clin,0.8
5,3,lr1e-04_bs16_modL1_fusion32_fusionL1_drop0p2_trmiss80_trlocclin,16,0.0001,1,32,1,0.2,lr1e-04_bs16_modL1_fusion32_fusionL1_drop0p2_trmiss80_trlocclin,16,0.47532754639784497,0.667406439781189,0.5840336134453781,0.7541473885922261,0.5555555555555556,0.0,0.0,0.0,0.0,2002,clin,0.8
5,3,lr1e-04_bs16_modL1_fusion32_fusionL1_drop0p2_trmiss80_trlocclin,16,0.0001,1,32,1,0.2,lr1e-04_bs16_modL1_fusion32_fusionL1_drop0p2_trmiss80_trlocclin,17,0.466368002196153,0.6633826494216919,0.5672268907563025,0.737690783253489,0.6,0.0,0.0,0.0,0.0,2002,clin,0.8
5,3,lr1e-04_bs16_modL1_fusion32_fusionL1_drop0p2_trmiss80_trlocclin,16,0.0001,1,32,1,0.2,lr1e-04_bs16_modL1_fusion32_fusionL1_drop0p2_trmiss80_trlocclin,18,0.4598080317179362,0.6667162577311198,0.5714285714285714,0.7301223436776412,0.5777777777777777,0.0,0.0,0.0,0.0,2002,clin,0.8
5,3,lr1e-04_bs16_modL1_fusion32_fusionL1_drop0p2_trmiss80_trlocclin,16,0.0001,1,32,1,0.2,lr1e-04_bs16_modL1_fusion32_fusionL1_drop0p2_trmiss80_trlocclin,19,0.4407591496904691,0.6706550319989523,0.5651260504201681,0.7143300418890989,0.6,0.0,0.0,0.0,0.0,2002,clin,0.8
5,3,lr1e-04_bs16_modL1_fusion32_fusionL1_drop0p2_trmiss80_trlocclin,16,0.0001,1,32,1,0.2,lr1e-04_bs16_modL1_fusion32_fusionL1_drop0p2_trmiss80_trlocclin,20,0.44754455238580704,0.6648613810539246,0.5819327731092437,0.7260528534644473,0.6,0.0,0.0,0.0,0.0,2002,clin,0.8
5,3,lr1e-04_bs16_modL1_fusion32_fusionL1_drop0p2_trmiss80_trlocclin,16,0.0001,1,32,1,0.2,lr1e-04_bs16_modL1_fusion32_fusionL1_drop0p2_trmiss80_trlocclin,21,0.44653285791476566,0.6667096416155497,0.592436974789916,0.7392068017882493,0.5555555555555556,0.0,0.0,0.0,0.0,2002,clin,0.8
5,3,lr1e-04_bs16_modL1_fusion32_fusionL1_drop0p2_trmiss80_trlocclin,16,0.0001,1,32,1,0.2,lr1e-04_bs16_modL1_fusion32_fusionL1_drop0p2_trmiss80_trlocclin,22,0.4271283571918805,0.6693094174067179,0.5840336134453782,0.7325112697231351,0.5555555555555556,0.0,0.0,0.0,0.0,2002,clin,0.8
5,3,lr1e-04_bs16_modL1_fusion32_fusionL1_drop0p2_trmiss80_trlocclin,16,0.0001,1,32,1,0.2,lr1e-04_bs16_modL1_fusion32_fusionL1_drop0p2_trmiss80_trlocclin,23,0.4344806522130966,0.6764601469039917,0.5756302521008403,0.7145266036051023,0.5333333333333333,0.0,0.0,0.0,0.0,2002,clin,0.8
5,3,lr1e-04_bs16_modL1_fusion32_fusionL1_drop0p2_trmiss80_trlocclin,16,0.0001,1,32,1,0.2,lr1e-04_bs16_modL1_fusion32_fusionL1_drop0p2_trmiss80_trlocclin,24,0.4176660006244977,0.6694475213686625,0.5798319327731092,0.7366646811708115,0.5777777777777777,0.0,0.0,0.0,0.0,2002,clin,0.8
5,3,lr1e-04_bs16_modL1_fusion32_fusionL1_drop0p2_trmiss80_trlocclin,16,0.0001,1,32,1,0.2,lr1e-04_bs16_modL1_fusion32_fusionL1_drop0p2_trmiss80_trlocclin,25,0.39964868625005084,0.6723467508951823,0.5714285714285714,0.7307345784720121,0.5555555555555556,0.0,0.0,0.0,0.0,2002,clin,0.8
5,3,lr1e-04_bs16_modL1_fusion32_fusionL1_drop0p2_trmiss80_trlocclin,16,0.0001,1,32,1,0.2,lr1e-04_bs16_modL1_fusion32_fusionL1_drop0p2_trmiss80_trlocclin,26,0.4106803387403488,0.6805183291435242,0.569327731092437,0.7290705736200622,0.4888888888888889,0.0,0.0,0.0,0.0,2002,clin,0.8
5,3,lr1e-04_bs16_modL1_fusion32_fusionL1_drop0p2_trmiss80_trlocclin,16,0.0001,1,32,1,0.2,lr1e-04_bs16_modL1_fusion32_fusionL1_drop0p2_trmiss80_trlocclin,27,0.3934793248772621,0.6610239942868551,0.592436974789916,0.746409875397309,0.5777777777777777,0.0,0.0,0.0,0.0,2002,clin,0.8
5,3,lr1e-04_bs16_modL1_fusion32_fusionL1_drop0p2_trmiss80_trlocclin,16,0.0001,1,32,1,0.2,lr1e-04_bs16_modL1_fusion32_fusionL1_drop0p2_trmiss80_trlocclin,28,0.42805690318346024,0.6642503142356873,0.5798319327731092,0.7340053037132759,0.5777777777777777,0.0,0.0,0.0,0.0,2002,clin,0.8
5,3,lr1e-04_bs16_modL1_fusion32_fusionL1_drop0p2_trmiss80_trlocclin,16,0.0001,1,32,1,0.2,lr1e-04_bs16_modL1_fusion32_fusionL1_drop0p2_trmiss80_trlocclin,29,0.3998136396209399,0.6689122716585795,0.5840336134453781,0.7348000281835505,0.5555555555555556,0.0,0.0,0.0,0.0,2002,clin,0.8
5,3,lr1e-04_bs16_modL1_fusion32_fusionL1_drop0p2_trmiss80_trlocclin,16,0.0001,1,32,1,0.2,lr1e-04_bs16_modL1_fusion32_fusionL1_drop0p2_trmiss80_trlocclin,30,0.40429744869470596,0.6613049308458964,0.592436974789916,0.7392433596333161,0.6,0.0,0.0,0.0,0.0,2002,clin,0.8
5,3,lr1e-04_bs16_modL1_fusion32_fusionL1_drop0p2_trmiss80_trlocclin,16,0.0001,1,32,1,0.2,lr1e-04_bs16_modL1_fusion32_fusionL1_drop0p2_trmiss80_trlocclin,31,0.42085353036721546,0.6611873706181844,0.5903361344537815,0.7412191921366911,0.5777777777777777,0.0,0.0,0.0,0.0,2002,clin,0.8
5,3,lr1e-04_bs16_modL1_fusion32_fusionL1_drop0p2_trmiss80_trlocclin,16,0.0001,1,32,1,0.2,lr1e-04_bs16_modL1_fusion32_fusionL1_drop0p2_trmiss80_trlocclin,32,0.41264864554007846,0.6667113105456034,0.5861344537815126,0.7487206849592425,0.5777777777777777,0.0,0.0,0.0,0.0,2002,clin,0.8
5,3,lr1e-04_bs16_modL1_fusion32_fusionL1_drop0p2_trmiss80_trlocclin,16,0.0001,1,32,1,0.2,lr1e-04_bs16_modL1_fusion32_fusionL1_drop0p2_trmiss80_trlocclin,33,0.4128899723291397,0.6588987509409586,0.5966386554621849,0.7588475960078401,0.5777777777777777,0.0,0.0,0.0,0.0,2002,clin,0.8
5,3,lr1e-04_bs16_modL1_fusion32_fusionL1_drop0p2_trmiss80_trlocclin,16,0.0001,1,32,1,0.2,lr1e-04_bs16_modL1_fusion32_fusionL1_drop0p2_trmiss80_trlocclin,34,0.3977964073419571,0.6606835325558981,0.5903361344537815,0.7560022266443277,0.5555555555555556,0.0,0.0,0.0,0.0,2002,clin,0.8
5,3,lr1e-04_bs16_modL1_fusion32_fusionL1_drop0p2_trmiss80_trlocclin,16,0.0001,1,32,1,0.2,lr1e-04_bs16_modL1_fusion32_fusionL1_drop0p2_trmiss80_trlocclin,35,0.4025887002547582,0.6642343004544576,0.5945378151260504,0.7544230620568692,0.5777777777777777,0.0,0.0,0.0,0.0,2002,clin,0.8
5,3,lr1e-04_bs16_modL1_fusion32_fusionL1_drop0p2_trmiss80_trlocclin,16,0.0001,1,32,1,0.2,lr1e-04_bs16_modL1_fusion32_fusionL1_drop0p2_trmiss80_trlocclin,36,0.38416000952323276,0.666003962357839,0.5819327731092436,0.7337950407776834,0.6,0.0,0.0,0.0,0.0,2002,clin,0.8
5,3,lr1e-04_bs16_modL1_fusion32_fusionL1_drop0p2_trmiss80_trlocclin,16,0.0001,1,32,1,0.2,lr1e-04_bs16_modL1_fusion32_fusionL1_drop0p2_trmiss80_trlocclin,37,0.4034520785013835,0.6690810322761536,0.5882352941176471,0.7491086638576285,0.5777777777777777,0.0,0.0,0.0,0.0,2002,clin,0.8
5,3,lr1e-04_bs16_modL1_fusion32_fusionL1_drop0p2_trmiss80_trlocclin,16,0.0001,1,32,1,0.2,lr1e-04_bs16_modL1_fusion32_fusionL1_drop0p2_trmiss80_trlocclin,38,0.38354314863681793,0.6647748748461405,0.5861344537815125,0.7401795650973848,0.6,0.0,0.0,0.0,0.0,2002,clin,0.8
5,3,lr1e-04_bs16_modL1_fusion32_fusionL1_drop0p2_trmiss80_trlocclin,16,0.0001,1,32,1,0.2,lr1e-04_bs16_modL1_fusion32_fusionL1_drop0p2_trmiss80_trlocclin,39,0.4166397377848625,0.6589658061663309,0.5987394957983193,0.7511817687637857,0.5777777777777777,0.0,0.0,0.0,0.0,2002,clin,0.8
5,3,lr1e-04_bs16_modL1_fusion32_fusionL1_drop0p2_trmiss80_trlocclin,16,0.0001,1,32,1,0.2,lr1e-04_bs16_modL1_fusion32_fusionL1_drop0p2_trmiss80_trlocclin,40,0.40554478267828625,0.6538378596305847,0.6092436974789915,0.7657856836984819,0.5777777777777777,0.0,0.0,0.0,0.0,2002,clin,0.8
5,3,lr1e-04_bs16_modL1_fusion32_fusionL1_drop0p2_trmiss80_trlocclin,16,0.0001,1,32,1,0.2,lr1e-04_bs16_modL1_fusion32_fusionL1_drop0p2_trmiss80_trlocclin,41,0.379378875096639,0.6585826675097147,0.6134453781512605,0.7689174213025088,0.6,0.0,0.0,0.0,0.0,2002,clin,0.8
5,3,lr1e-04_bs16_modL1_fusion32_fusionL1_drop0p2_trmiss80_trlocclin,16,0.0001,1,32,1,0.2,lr1e-04_bs16_modL1_fusion32_fusionL1_drop0p2_trmiss80_trlocclin,42,0.4298743282755216,0.6521502137184143,0.6071428571428571,0.7650538103511832,0.6222222222222222,0.0,0.0,0.0,0.0,2002,clin,0.8
5,3,lr1e-04_bs16_modL1_fusion32_fusionL1_drop0p2_trmiss80_trlocclin,16,0.0001,1,32,1,0.2,lr1e-04_bs16_modL1_fusion32_fusionL1_drop0p2_trmiss80_trlocclin,43,0.37454501291116077,0.6550901730855306,0.6113445378151261,0.7702112685851531,0.5777777777777777,0.0,0.0,0.0,0.0,2002,clin,0.8
5,3,lr1e-04_bs16_modL1_fusion32_fusionL1_drop0p2_trmiss80_trlocclin,16,0.0001,1,32,1,0.2,lr1e-04_bs16_modL1_fusion32_fusionL1_drop0p2_trmiss80_trlocclin,44,0.39042532444000244,0.6569909056027731,0.6092436974789915,0.7714166925070556,0.6,0.0,0.0,0.0,0.0,2002,clin,0.8
5,3,lr1e-04_bs16_modL1_fusion32_fusionL1_drop0p2_trmiss80_trlocclin,16,0.0001,1,32,1,0.2,lr1e-04_bs16_modL1_fusion32_fusionL1_drop0p2_trmiss80_trlocclin,45,0.3860725735624631,0.6507152517636617,0.6197478991596639,0.775197947269311,0.5777777777777777,0.0,0.0,0.0,0.0,2002,clin,0.8
5,3,lr1e-04_bs16_modL1_fusion32_fusionL1_drop0p2_trmiss80_trlocclin,16,0.0001,1,32,1,0.2,lr1e-04_bs16_modL1_fusion32_fusionL1_drop0p2_trmiss80_trlocclin,46,0.3704819306731224,0.6602106094360352,0.5882352941176471,0.7461600495587515,0.5777777777777777,0.0,0.0,0.0,0.0,2002,clin,0.8
5,3,lr1e-04_bs16_modL1_fusion32_fusionL1_drop0p2_trmiss80_trlocclin,16,0.0001,1,32,1,0.2,lr1e-04_bs16_modL1_fusion32_fusionL1_drop0p2_trmiss80_trlocclin,47,0.3938690622647603,0.6575912634531657,0.5903361344537814,0.7474601467597142,0.5777777777777777,0.0,0.0,0.0,0.0,2002,clin,0.8
5,3,lr1e-04_bs16_modL1_fusion32_fusionL1_drop0p2_trmiss80_trlocclin,16,0.0001,1,32,1,0.2,lr1e-04_bs16_modL1_fusion32_fusionL1_drop0p2_trmiss80_trlocclin,48,0.37126070509354275,0.657800535360972,0.615546218487395,0.7813620717026456,0.6,0.0,0.0,0.0,0.0,2002,clin,0.8
5,3,lr1e-04_bs16_modL1_fusion32_fusionL1_drop0p2_trmiss80_trlocclin,16,0.0001,1,32,1,0.2,lr1e-04_bs16_modL1_fusion32_fusionL1_drop0p2_trmiss80_trlocclin,49,0.3566582923134168,0.6577186187108358,0.6029411764705883,0.7696210465486433,0.5777777777777777,0.0,0.0,0.0,0.0,2002,clin,0.8
5,3,lr1e-04_bs16_modL1_fusion32_fusionL1_drop0p2_trmiss80_trlocclin,16,0.0001,1,32,1,0.2,lr1e-04_bs16_modL1_fusion32_fusionL1_drop0p2_trmiss80_trlocclin,50,0.36685243745644885,0.6610590815544128,0.6008403361344538,0.7703105455007434,0.5777777777777777,0.0,0.0,0.0,0.0,2002,clin,0.8
5,3,lr1e-04_bs16_modL1_fusion32_fusionL1_drop0p2_trmiss80_trlocclin,16,0.0001,1,32,1,0.2,lr1e-04_bs16_modL1_fusion32_fusionL1_drop0p2_trmiss80_trlocclin,51,0.3924282242854436,0.6514580051104227,0.6050420168067228,0.7751240956570767,0.6,0.0,0.0,0.0,0.0,2002,clin,0.8
5,3,lr1e-04_bs16_modL1_fusion32_fusionL1_drop0p2_trmiss80_trlocclin,16,0.0001,1,32,1,0.2,lr1e-04_bs16_modL1_fusion32_fusionL1_drop0p2_trmiss80_trlocclin,52,0.3630748465657234,0.6591108441352844,0.5945378151260504,0.7594323015032305,0.5777777777777777,0.0,0.0,0.0,0.0,2002,clin,0.8
5,3,lr1e-04_bs16_modL1_fusion32_fusionL1_drop0p2_trmiss80_trlocclin,16,0.0001,1,32,1,0.2,lr1e-04_bs16_modL1_fusion32_fusionL1_drop0p2_trmiss80_trlocclin,53,0.36436982452869415,0.6629055341084799,0.6029411764705882,0.7657833692160484,0.5777777777777777,0.0,0.0,0.0,0.0,2002,clin,0.8
5,3,lr1e-04_bs16_modL1_fusion32_fusionL1_drop0p2_trmiss80_trlocclin,16,0.0001,1,32,1,0.2,lr1e-04_bs16_modL1_fusion32_fusionL1_drop0p2_trmiss80_trlocclin,54,0.3735978578527768,0.6590466300646464,0.6071428571428571,0.7701430972879332,0.6,0.0,0.0,0.0,0.0,2002,clin,0.8
5,3,lr1e-04_bs16_modL1_fusion32_fusionL1_drop0p2_trmiss80_trlocclin,16,0.0001,1,32,1,0.2,lr1e-04_bs16_modL1_fusion32_fusionL1_drop0p2_trmiss80_trlocclin,55,0.3659547840555509,0.6538734634717306,0.5987394957983194,0.7713258720006083,0.5555555555555556,0.0,0.0,0.0,0.0,2002,clin,0.8
5,3,lr1e-04_bs16_modL1_fusion32_fusionL1_drop0p2_trmiss80_trlocclin,16,0.0001,1,32,1,0.2,lr1e-04_bs16_modL1_fusion32_fusionL1_drop0p2_trmiss80_trlocclin,56,0.3582039698958397,0.6587011019388834,0.6029411764705883,0.7716380598127962,0.5555555555555556,0.0,0.0,0.0,0.0,2002,clin,0.8
5,3,lr1e-04_bs16_modL1_fusion32_fusionL1_drop0p2_trmiss80_trlocclin,16,0.0001,1,32,1,0.2,lr1e-04_bs16_modL1_fusion32_fusionL1_drop0p2_trmiss80_trlocclin,57,0.3554835319519043,0.6597621838251749,0.615546218487395,0.7873279312480091,0.5777777777777777,0.0,0.0,0.0,0.0,2002,clin,0.8
5,3,lr1e-04_bs16_modL1_fusion32_fusionL1_drop0p2_trmiss80_trlocclin,16,0.0001,1,32,1,0.2,lr1e-04_bs16_modL1_fusion32_fusionL1_drop0p2_trmiss80_trlocclin,58,0.38050522406895954,0.6535998980204264,0.5966386554621849,0.7739525062565066,0.5777777777777777,0.0,0.0,0.0,0.0,2002,clin,0.8
5,3,lr1e-04_bs16_modL1_fusion32_fusionL1_drop0p2_trmiss80_trlocclin,16,0.0001,1,32,1,0.2,lr1e-04_bs16_modL1_fusion32_fusionL1_drop0p2_trmiss80_trlocclin,59,0.3555560012658437,0.6575259764989217,0.5861344537815125,0.7597137799401603,0.5555555555555556,0.0,0.0,0.0,0.0,2002,clin,0.8
5,3,lr1e-04_bs16_modL1_fusion32_fusionL1_drop0p2_trmiss80_trlocclin,16,0.0001,1,32,1,0.2,lr1e-04_bs16_modL1_fusion32_fusionL1_drop0p2_trmiss80_trlocclin,60,0.35261038194100064,0.6579012672106425,0.6008403361344539,0.771104252311531,0.6,0.0,0.0,0.0,0.0,2002,clin,0.8
5,3,lr1e-04_bs16_modL1_fusion32_fusionL1_drop0p2_trmiss80_trlocclin,16,0.0001,1,32,1,0.2,lr1e-04_bs16_modL1_fusion32_fusionL1_drop0p2_trmiss80_trlocclin,61,0.35200894127289456,0.6568424105644226,0.6071428571428571,0.7697075140915418,0.5777777777777777,0.0,0.0,0.0,0.0,2002,clin,0.8
5,3,lr1e-04_bs16_modL1_fusion32_fusionL1_drop0p2_trmiss80_trlocclin,16,0.0001,1,32,1,0.2,lr1e-04_bs16_modL1_fusion32_fusionL1_drop0p2_trmiss80_trlocclin,62,0.3718605190515518,0.6627923250198364,0.6092436974789917,0.7745220252382897,0.5777777777777777,0.0,0.0,0.0,0.0,2002,clin,0.8
5,3,lr1e-04_bs16_modL1_fusion32_fusionL1_drop0p2_trmiss80_trlocclin,16,0.0001,1,32,1,0.2,lr1e-04_bs16_modL1_fusion32_fusionL1_drop0p2_trmiss80_trlocclin,63,0.37424658983945847,0.6573440829912821,0.592436974789916,0.766368935344587,0.5777777777777777,0.0,0.0,0.0,0.0,2002,clin,0.8
5,3,lr1e-04_bs16_modL1_fusion32_fusionL1_drop0p2_trmiss80_trlocclin,16,0.0001,1,32,1,0.2,lr1e-04_bs16_modL1_fusion32_fusionL1_drop0p2_trmiss80_trlocclin,64,0.36163953443368274,0.6567171812057495,0.6008403361344539,0.7759430040633926,0.6,0.0,0.0,0.0,0.0,2002,clin,0.8
5,3,lr1e-04_bs16_modL1_fusion32_fusionL1_drop0p2_trmiss80_trlocclin,16,0.0001,1,32,1,0.2,lr1e-04_bs16_modL1_fusion32_fusionL1_drop0p2_trmiss80_trlocclin,65,0.3645070319374402,0.6599766413370768,0.5966386554621849,0.7694300253616777,0.5777777777777777,0.0,0.0,0.0,0.0,2002,clin,0.8
5,3,lr1e-04_bs16_modL1_fusion32_fusionL1_drop0p1_trmiss80_trlocclin,16,0.0001,1,32,1,0.1,lr1e-04_bs16_modL1_fusion32_fusionL1_drop0p1_trmiss80_trlocclin,1,0.7066583583752314,0.7150764067967733,0.6029411764705882,0.7108122892524925,0.4222222222222222,0.0,0.0,0.0,0.0,2002,clin,0.8
5,3,lr1e-04_bs16_modL1_fusion32_fusionL1_drop0p1_trmiss80_trlocclin,16,0.0001,1,32,1,0.1,lr1e-04_bs16_modL1_fusion32_fusionL1_drop0p1_trmiss80_trlocclin,2,0.6457290152708689,0.7222402493158976,0.5714285714285714,0.7348112864421679,0.4666666666666667,0.0,0.0,0.0,0.0,2002,clin,0.8
5,3,lr1e-04_bs16_modL1_fusion32_fusionL1_drop0p1_trmiss80_trlocclin,16,0.0001,1,32,1,0.1,lr1e-04_bs16_modL1_fusion32_fusionL1_drop0p1_trmiss80_trlocclin,3,0.6369398136933645,0.7118109265963236,0.5903361344537815,0.7490865249901012,0.5111111111111111,0.0,0.0,0.0,0.0,2002,clin,0.8
5,3,lr1e-04_bs16_modL1_fusion32_fusionL1_drop0p1_trmiss80_trlocclin,16,0.0001,1,32,1,0.1,lr1e-04_bs16_modL1_fusion32_fusionL1_drop0p1_trmiss80_trlocclin,4,0.5864379405975342,0.700935165087382,0.6197478991596639,0.7760227756435263,0.5777777777777777,0.0,0.0,0.0,0.0,2002,clin,0.8
5,3,lr1e-04_bs16_modL1_fusion32_fusionL1_drop0p1_trmiss80_trlocclin,16,0.0001,1,32,1,0.1,lr1e-04_bs16_modL1_fusion32_fusionL1_drop0p1_trmiss80_trlocclin,5,0.5664800852537155,0.6969157656033834,0.6470588235294118,0.7928195549153518,0.6,0.0,0.0,0.0,0.0,2002,clin,0.8
5,3,lr1e-04_bs16_modL1_fusion32_fusionL1_drop0p1_trmiss80_trlocclin,16,0.0001,1,32,1,0.1,lr1e-04_bs16_modL1_fusion32_fusionL1_drop0p1_trmiss80_trlocclin,6,0.5758251051108042,0.6934251189231873,0.6449579831932772,0.7842084839570392,0.5777777777777777,0.0,0.0,0.0,0.0,2002,clin,0.8
5,3,lr1e-04_bs16_modL1_fusion32_fusionL1_drop0p1_trmiss80_trlocclin,16,0.0001,1,32,1,0.1,lr1e-04_bs16_modL1_fusion32_fusionL1_drop0p1_trmiss80_trlocclin,7,0.5398231719930967,0.695905864238739,0.6239495798319328,0.7591098818007541,0.5777777777777777,0.0,0.0,0.0,0.0,2002,clin,0.8
5,3,lr1e-04_bs16_modL1_fusion32_fusionL1_drop0p1_trmiss80_trlocclin,16,0.0001,1,32,1,0.1,lr1e-04_bs16_modL1_fusion32_fusionL1_drop0p1_trmiss80_trlocclin,8,0.5184187665581703,0.7016914288202921,0.6344537815126051,0.7479995187903858,0.5555555555555556,0.0,0.0,0.0,0.0,2002,clin,0.8
5,3,lr1e-04_bs16_modL1_fusion32_fusionL1_drop0p1_trmiss80_trlocclin,16,0.0001,1,32,1,0.1,lr1e-04_bs16_modL1_fusion32_fusionL1_drop0p1_trmiss80_trlocclin,9,0.5355305398503939,0.711166501045227,0.6407563025210085,0.7464697078607069,0.5333333333333333,0.0,0.0,0.0,0.0,2002,clin,0.8
5,3,lr1e-04_bs16_modL1_fusion32_fusionL1_drop0p1_trmiss80_trlocclin,16,0.0001,1,32,1,0.1,lr1e-04_bs16_modL1_fusion32_fusionL1_drop0p1_trmiss80_trlocclin,10,0.5124600455164909,0.7078948815663656,0.6281512605042017,0.7509326440923118,0.6,0.0,0.0,0.0,0.0,2002,clin,0.8
5,3,lr1e-04_bs16_modL1_fusion32_fusionL1_drop0p1_trmiss80_trlocclin,16,0.0001,1,32,1,0.1,lr1e-04_bs16_modL1_fusion32_fusionL1_drop0p1_trmiss80_trlocclin,11,0.504338247080644,0.7035042842229208,0.615546218487395,0.7472428849884445,0.6,0.0,0.0,0.0,0.0,2002,clin,0.8
5,3,lr1e-04_bs16_modL1_fusion32_fusionL1_drop0p1_trmiss80_trlocclin,16,0.0001,1,32,1,0.1,lr1e-04_bs16_modL1_fusion32_fusionL1_drop0p1_trmiss80_trlocclin,12,0.5209170207381248,0.7110608021418253,0.615546218487395,0.7570257767433722,0.5777777777777777,0.0,0.0,0.0,0.0,2002,clin,0.8
5,3,lr1e-04_bs16_modL1_fusion32_fusionL1_drop0p1_trmiss80_trlocclin,16,0.0001,1,32,1,0.1,lr1e-04_bs16_modL1_fusion32_fusionL1_drop0p1_trmiss80_trlocclin,13,0.4856974134842555,0.7171528339385986,0.6134453781512605,0.7546621469248961,0.5333333333333333,0.0,0.0,0.0,0.0,2002,clin,0.8
5,3,lr1e-04_bs16_modL1_fusion32_fusionL1_drop0p1_trmiss80_trlocclin,16,0.0001,1,32,1,0.1,lr1e-04_bs16_modL1_fusion32_fusionL1_drop0p1_trmiss80_trlocclin,14,0.4597742184996605,0.7050235668818156,0.6050420168067228,0.7553827851850615,0.5777777777777777,0.0,0.0,0.0,0.0,2002,clin,0.8
5,3,lr1e-04_bs16_modL1_fusion32_fusionL1_drop0p1_trmiss80_trlocclin,16,0.0001,1,32,1,0.1,lr1e-04_bs16_modL1_fusion32_fusionL1_drop0p1_trmiss80_trlocclin,15,0.4703873122731845,0.712557335694631,0.6302521008403361,0.7768753507537062,0.5777777777777777,0.0,0.0,0.0,0.0,2002,clin,0.8
5,3,lr1e-04_bs16_modL1_fusion32_fusionL1_drop0p1_trmiss80_trlocclin,16,0.0001,1,32,1,0.1,lr1e-04_bs16_modL1_fusion32_fusionL1_drop0p1_trmiss80_trlocclin,16,0.4807847688595454,0.7117190758387247,0.6260504201680672,0.7740818966949984,0.6,0.0,0.0,0.0,0.0,2002,clin,0.8
5,3,lr1e-04_bs16_modL1_fusion32_fusionL1_drop0p1_trmiss80_trlocclin,16,0.0001,1,32,1,0.1,lr1e-04_bs16_modL1_fusion32_fusionL1_drop0p1_trmiss80_trlocclin,17,0.4532933458685875,0.6995542049407959,0.6281512605042017,0.7667118052162502,0.6222222222222222,0.0,0.0,0.0,0.0,2002,clin,0.8
5,3,lr1e-04_bs16_modL1_fusion32_fusionL1_drop0p1_trmiss80_trlocclin,16,0.0001,1,32,1,0.1,lr1e-04_bs16_modL1_fusion32_fusionL1_drop0p1_trmiss80_trlocclin,18,0.4373924409349759,0.6948002576828003,0.6323529411764707,0.7639651200550649,0.5777777777777777,0.0,0.0,0.0,0.0,2002,clin,0.8
5,3,lr1e-04_bs16_modL1_fusion32_fusionL1_drop0p1_trmiss80_trlocclin,16,0.0001,1,32,1,0.1,lr1e-04_bs16_modL1_fusion32_fusionL1_drop0p1_trmiss80_trlocclin,19,0.443330059448878,0.6982172131538391,0.6344537815126051,0.769828027751148,0.5777777777777777,0.0,0.0,0.0,0.0,2002,clin,0.8
5,3,lr1e-04_bs16_modL1_fusion32_fusionL1_drop0p1_trmiss80_trlocclin,16,0.0001,1,32,1,0.1,lr1e-04_bs16_modL1_fusion32_fusionL1_drop0p1_trmiss80_trlocclin,20,0.44045379261175793,0.6939500172932943,0.6260504201680672,0.7691517402043271,0.6444444444444445,0.0,0.0,0.0,0.0,2002,clin,0.8
5,3,lr1e-04_bs16_modL1_fusion32_fusionL1_drop0p1_trmiss80_trlocclin,16,0.0001,1,32,1,0.1,lr1e-04_bs16_modL1_fusion32_fusionL1_drop0p1_trmiss80_trlocclin,21,0.4363111158212026,0.6963018178939819,0.6323529411764706,0.7729005312563104,0.6444444444444445,0.0,0.0,0.0,0.0,2002,clin,0.8
5,3,lr1e-04_bs16_modL1_fusion32_fusionL1_drop0p1_trmiss80_trlocclin,16,0.0001,1,32,1,0.1,lr1e-04_bs16_modL1_fusion32_fusionL1_drop0p1_trmiss80_trlocclin,22,0.4288859044512113,0.6919638911883036,0.6239495798319328,0.7662281245214948,0.6222222222222222,0.0,0.0,0.0,0.0,2002,clin,0.8
5,3,lr1e-04_bs16_modL1_fusion32_fusionL1_drop0p1_trmiss80_trlocclin,16,0.0001,1,32,1,0.1,lr1e-04_bs16_modL1_fusion32_fusionL1_drop0p1_trmiss80_trlocclin,23,0.4379364922642708,0.6854087313016256,0.6260504201680672,0.7668414485040645,0.6222222222222222,0.0,0.0,0.0,0.0,2002,clin,0.8
5,3,lr1e-04_bs16_modL1_fusion32_fusionL1_drop0p1_trmiss80_trlocclin,16,0.0001,1,32,1,0.1,lr1e-04_bs16_modL1_fusion32_fusionL1_drop0p1_trmiss80_trlocclin,24,0.4611708919207255,0.7017974654833475,0.6470588235294118,0.7815390867300088,0.6444444444444445,0.0,0.0,0.0,0.0,2002,clin,0.8
5,3,lr1e-04_bs16_modL1_fusion32_fusionL1_drop0p1_trmiss80_trlocclin,16,0.0001,1,32,1,0.1,lr1e-04_bs16_modL1_fusion32_fusionL1_drop0p1_trmiss80_trlocclin,25,0.424893486003081,0.7026025652885437,0.6512605042016807,0.7864951976922173,0.6,0.0,0.0,0.0,0.0,2002,clin,0.8
5,3,lr1e-04_bs16_modL1_fusion32_fusionL1_drop0p1_trmiss80_trlocclin,16,0.0001,1,32,1,0.1,lr1e-04_bs16_modL1_fusion32_fusionL1_drop0p1_trmiss80_trlocclin,26,0.4153863911827405,0.6998020013173422,0.6491596638655462,0.7862283260621054,0.6222222222222222,0.0,0.0,0.0,0.0,2002,clin,0.8
5,3,lr1e-04_bs16_modL1_fusion32_fusionL1_drop0p1_trmiss80_trlocclin,16,0.0001,1,32,1,0.1,lr1e-04_bs16_modL1_fusion32_fusionL1_drop0p1_trmiss80_trlocclin,27,0.4199168210228284,0.7018030881881714,0.6428571428571428,0.7837512154839494,0.6444444444444445,0.0,0.0,0.0,0.0,2002,clin,0.8
5,3,lr1e-04_bs16_modL1_fusion32_fusionL1_drop0p1_trmiss80_trlocclin,16,0.0001,1,32,1,0.1,lr1e-04_bs16_modL1_fusion32_fusionL1_drop0p1_trmiss80_trlocclin,28,0.4077517514427503,0.7030093272527059,0.6449579831932774,0.7873216786342445,0.6444444444444445,0.0,0.0,0.0,0.0,2002,clin,0.8
5,3,lr1e-04_bs16_modL1_fusion32_fusionL1_drop0p1_trmiss80_trlocclin,16,0.0001,1,32,1,0.1,lr1e-04_bs16_modL1_fusion32_fusionL1_drop0p1_trmiss80_trlocclin,29,0.406577301522096,0.6997787952423096,0.6407563025210083,0.7866948845650193,0.6222222222222222,0.0,0.0,0.0,0.0,2002,clin,0.8
5,3,lr1e-04_bs16_modL1_fusion32_fusionL1_drop0p1_trmiss80_trlocclin,16,0.0001,1,32,1,0.1,lr1e-04_bs16_modL1_fusion32_fusionL1_drop0p1_trmiss80_trlocclin,30,0.40462399274110794,0.6975643634796143,0.6365546218487395,0.7825937225691205,0.6444444444444445,0.0,0.0,0.0,0.0,2002,clin,0.8
5,3,lr1e-04_bs16_modL1_fusion32_fusionL1_drop0p1_trmiss80_trlocclin,16,0.0001,1,32,1,0.1,lr1e-04_bs16_modL1_fusion32_fusionL1_drop0p1_trmiss80_trlocclin,31,0.4239764263232549,0.7052739063898722,0.6386554621848739,0.7828171390951555,0.6444444444444445,0.0,0.0,0.0,0.0,2002,clin,0.8
5,3,lr1e-04_bs16_modL1_fusion32_fusionL1_drop0p1_trmiss80_trlocclin,16,0.0001,1,32,1,0.1,lr1e-04_bs16_modL1_fusion32_fusionL1_drop0p1_trmiss80_trlocclin,32,0.40693893531958264,0.7012004057566324,0.634453781512605,0.7804260060082097,0.6444444444444445,0.0,0.0,0.0,0.0,2002,clin,0.8
5,3,lr1e-04_bs16_modL1_fusion32_fusionL1_drop0p1_trmiss80_trlocclin,16,0.0001,1,32,1,0.1,lr1e-04_bs16_modL1_fusion32_fusionL1_drop0p1_trmiss80_trlocclin,33,0.3948102643092473,0.700427790482839,0.6449579831932772,0.7852842561264387,0.6444444444444445,0.0,0.0,0.0,0.0,2002,clin,0.8
5,3,lr1e-04_bs16_modL1_fusion32_fusionL1_drop0p1_trmiss80_trlocclin,16,0.0001,1,32,1,0.1,lr1e-04_bs16_modL1_fusion32_fusionL1_drop0p1_trmiss80_trlocclin,34,0.42081838597853977,0.7030796408653259,0.6449579831932774,0.7865211145061543,0.6444444444444445,0.0,0.0,0.0,0.0,2002,clin,0.8
5,3,lr1e-04_bs16_modL1_fusion32_fusionL1_drop0p1_trmiss80_trlocclin,16,0.0001,1,32,1,0.1,lr1e-04_bs16_modL1_fusion32_fusionL1_drop0p1_trmiss80_trlocclin,35,0.4179910396536191,0.7016738057136536,0.6533613445378151,0.7951253822528531,0.6444444444444445,0.0,0.0,0.0,0.0,2002,clin,0.8
5,3,lr1e-04_bs16_modL1_fusion32_fusionL1_drop0p1_trmiss80_trlocclin,16,0.0001,1,32,1,0.1,lr1e-04_bs16_modL1_fusion32_fusionL1_drop0p1_trmiss80_trlocclin,36,0.3930337056517601,0.6931195457776388,0.6449579831932774,0.7917070691540888,0.6444444444444445,0.0,0.0,0.0,0.0,2002,clin,0.8
5,3,lr1e-04_bs16_modL1_fusion32_fusionL1_drop0p1_trmiss80_trlocclin,16,0.0001,1,32,1,0.1,lr1e-04_bs16_modL1_fusion32_fusionL1_drop0p1_trmiss80_trlocclin,37,0.4040524611870448,0.6923520565032959,0.6386554621848739,0.7861836632105148,0.6444444444444445,0.0,0.0,0.0,0.0,2002,clin,0.8
5,3,lr1e-04_bs16_modL1_fusion32_fusionL1_drop0p1_trmiss80_trlocclin,16,0.0001,1,32,1,0.1,lr1e-04_bs16_modL1_fusion32_fusionL1_drop0p1_trmiss80_trlocclin,38,0.4090738892555237,0.6908811529477438,0.6386554621848739,0.7853038249485286,0.6444444444444445,0.0,0.0,0.0,0.0,2002,clin,0.8
5,3,lr1e-04_bs16_modL1_fusion32_fusionL1_drop0p1_trmiss80_trlocclin,16,0.0001,1,32,1,0.1,lr1e-04_bs16_modL1_fusion32_fusionL1_drop0p1_trmiss80_trlocclin,39,0.390574648976326,0.6974311470985413,0.6386554621848739,0.7822084959078214,0.6444444444444445,0.0,0.0,0.0,0.0,2002,clin,0.8
5,3,lr1e-04_bs16_modL1_fusion32_fusionL1_drop0p1_trmiss80_trlocclin,16,0.0001,1,32,1,0.1,lr1e-04_bs16_modL1_fusion32_fusionL1_drop0p1_trmiss80_trlocclin,40,0.3893703247110049,0.68746950229009,0.6470588235294117,0.7886774479316088,0.6444444444444445,0.0,0.0,0.0,0.0,2002,clin,0.8
5,3,lr1e-04_bs16_modL1_fusion32_fusionL1_drop0p1_trmiss80_trlocclin,16,0.0001,1,32,1,0.1,lr1e-04_bs16_modL1_fusion32_fusionL1_drop0p1_trmiss80_trlocclin,41,0.3798986052473386,0.6847262779871622,0.6386554621848739,0.7859192335982591,0.6444444444444445,0.0,0.0,0.0,0.0,2002,clin,0.8
5,3,lr1e-04_bs16_modL1_fusion32_fusionL1_drop0p1_trmiss80_trlocclin,16,0.0001,1,32,1,0.1,lr1e-04_bs16_modL1_fusion32_fusionL1_drop0p1_trmiss80_trlocclin,42,0.3966423322757085,0.6913273533185323,0.6386554621848739,0.7828687600134636,0.6444444444444445,0.0,0.0,0.0,0.0,2002,clin,0.8
5,3,lr1e-04_bs16_modL1_fusion32_fusionL1_drop0p1_trmiss80_trlocclin,16,0.0001,1,32,1,0.1,lr1e-04_bs16_modL1_fusion32_fusionL1_drop0p1_trmiss80_trlocclin,43,0.3993976463874181,0.6885487039883932,0.6428571428571429,0.7866213985221997,0.6444444444444445,0.0,0.0,0.0,0.0,2002,clin,0.8
5,3,lr1e-04_bs16_modL1_fusion32_fusionL1_drop0p1_trmiss80_trlocclin,16,0.0001,1,32,1,0.1,lr1e-04_bs16_modL1_fusion32_fusionL1_drop0p1_trmiss80_trlocclin,44,0.38378872474034625,0.6942500472068787,0.6407563025210085,0.7848080018348534,0.6444444444444445,0.0,0.0,0.0,0.0,2002,clin,0.8
5,3,lr1e-04_bs16_modL1_fusion32_fusionL1_drop0p1_trmiss80_trlocclin,16,0.0001,1,32,1,0.1,lr1e-04_bs16_modL1_fusion32_fusionL1_drop0p1_trmiss80_trlocclin,45,0.4194902057449023,0.700191080570221,0.6428571428571429,0.7864713384981901,0.6444444444444445,0.0,0.0,0.0,0.0,2002,clin,0.8
5,3,lr1e-04_bs16_modL1_fusion32_fusionL1_drop0p1_trmiss80_trlocclin,16,0.0001,1,32,1,0.1,lr1e-04_bs16_modL1_fusion32_fusionL1_drop0p1_trmiss80_trlocclin,46,0.396399845679601,0.6944734851519266,0.6512605042016807,0.78816896847795,0.6444444444444445,0.0,0.0,0.0,0.0,2002,clin,0.8
5,3,lr1e-04_bs16_modL1_fusion32_fusionL1_drop0p1_trmiss80_trlocclin,16,0.0001,1,32,1,0.1,lr1e-04_bs16_modL1_fusion32_fusionL1_drop0p1_trmiss80_trlocclin,47,0.3986210723718007,0.6970092256863912,0.6407563025210083,0.7838739359007875,0.6444444444444445,0.0,0.0,0.0,0.0,2002,clin,0.8
5,3,lr1e-04_bs16_modL1_fusion32_fusionL1_drop0p1_trmiss80_trlocclin,16,0.0001,1,32,1,0.1,lr1e-04_bs16_modL1_fusion32_fusionL1_drop0p1_trmiss80_trlocclin,48,0.37905780722697574,0.6948851148287455,0.6323529411764706,0.7811492664875678,0.6444444444444445,0.0,0.0,0.0,0.0,2002,clin,0.8
5,3,lr1e-04_bs16_modL1_fusion32_fusionL1_drop0p1_trmiss80_trlocclin,16,0.0001,1,32,1,0.1,lr1e-04_bs16_modL1_fusion32_fusionL1_drop0p1_trmiss80_trlocclin,49,0.3976682275533676,0.6921511888504028,0.6386554621848739,0.7852286246294259,0.6444444444444445,0.0,0.0,0.0,0.0,2002,clin,0.8
5,3,lr1e-04_bs16_modL1_fusion32_fusionL1_drop0p1_trmiss80_trlocclin,16,0.0001,1,32,1,0.1,lr1e-04_bs16_modL1_fusion32_fusionL1_drop0p1_trmiss80_trlocclin,50,0.40354013194640476,0.6828734477361044,0.6470588235294118,0.797613694760266,0.6444444444444445,0.0,0.0,0.0,0.0,2002,clin,0.8
5,3,lr1e-04_bs16_modL1_fusion32_fusionL1_drop0p1_trmiss80_trlocclin,16,0.0001,1,32,1,0.1,lr1e-04_bs16_modL1_fusion32_fusionL1_drop0p1_trmiss80_trlocclin,51,0.3871416971087456,0.6893369356791178,0.6407563025210083,0.7845839760143939,0.6444444444444445,0.0,0.0,0.0,0.0,2002,clin,0.8
5,3,lr1e-04_bs16_modL1_fusion32_fusionL1_drop0p1_trmiss80_trlocclin,16,0.0001,1,32,1,0.1,lr1e-04_bs16_modL1_fusion32_fusionL1_drop0p1_trmiss80_trlocclin,52,0.39468279232581455,0.6923778057098389,0.6386554621848739,0.7815575480519045,0.6444444444444445,0.0,0.0,0.0,0.0,2002,clin,0.8
5,3,lr1e-04_bs16_modL1_fusion32_fusionL1_drop0p1_trmiss80_trlocclin,16,0.0001,1,32,1,0.1,lr1e-04_bs16_modL1_fusion32_fusionL1_drop0p1_trmiss80_trlocclin,53,0.40363270541032154,0.6860893567403158,0.6323529411764706,0.7808589064411101,0.6444444444444445,0.0,0.0,0.0,0.0,2002,clin,0.8
5,3,lr1e-04_bs16_modL1_fusion32_fusionL1_drop0p1_trmiss80_trlocclin,16,0.0001,1,32,1,0.1,lr1e-04_bs16_modL1_fusion32_fusionL1_drop0p1_trmiss80_trlocclin,54,0.38845859964688617,0.6873906254768372,0.6428571428571428,0.7848080018348534,0.6444444444444445,0.0,0.0,0.0,0.0,2002,clin,0.8
5,3,lr1e-04_bs16_modL1_fusion32_fusionL1_drop0p1_trmiss80_trlocclin,16,0.0001,1,32,1,0.1,lr1e-04_bs16_modL1_fusion32_fusionL1_drop0p1_trmiss80_trlocclin,55,0.39578841626644135,0.697044829527537,0.6407563025210083,0.7840239959247971,0.6444444444444445,0.0,0.0,0.0,0.0,2002,clin,0.8
5,3,lr1e-04_bs16_modL1_fusion64_fusionL1_drop0p2_trmiss80_trlocclin,16,0.0001,1,64,1,0.2,lr1e-04_bs16_modL1_fusion64_fusionL1_drop0p2_trmiss80_trlocclin,1,0.6752441972494125,0.6744902531305949,0.6281512605042017,0.7414122956698428,0.5777777777777777,0.0,0.0,0.0,0.0,2002,clin,0.8
5,3,lr1e-04_bs16_modL1_fusion64_fusionL1_drop0p2_trmiss80_trlocclin,16,0.0001,1,64,1,0.2,lr1e-04_bs16_modL1_fusion64_fusionL1_drop0p2_trmiss80_trlocclin,2,0.631899913152059,0.6728304425875345,0.5735294117647058,0.707865866934226,0.6,0.0,0.0,0.0,0.0,2002,clin,0.8
5,3,lr1e-04_bs16_modL1_fusion64_fusionL1_drop0p2_trmiss80_trlocclin,16,0.0001,1,64,1,0.2,lr1e-04_bs16_modL1_fusion64_fusionL1_drop0p2_trmiss80_trlocclin,3,0.6278346727291743,0.6727101604143778,0.5651260504201681,0.6930033559638783,0.5777777777777777,0.0,0.0,0.0,0.0,2002,clin,0.8
5,3,lr1e-04_bs16_modL1_fusion64_fusionL1_drop0p2_trmiss80_trlocclin,16,0.0001,1,64,1,0.2,lr1e-04_bs16_modL1_fusion64_fusionL1_drop0p2_trmiss80_trlocclin,4,0.5953426212072372,0.6747140487035116,0.5378151260504203,0.681056804880529,0.5555555555555556,0.0,0.0,0.0,0.0,2002,clin,0.8
5,3,lr1e-04_bs16_modL1_fusion64_fusionL1_drop0p2_trmiss80_trlocclin,16,0.0001,1,64,1,0.2,lr1e-04_bs16_modL1_fusion64_fusionL1_drop0p2_trmiss80_trlocclin,5,0.5714316343267759,0.6720757285753886,0.5588235294117647,0.7012791703158097,0.5777777777777777,0.0,0.0,0.0,0.0,2002,clin,0.8
5,3,lr1e-04_bs16_modL1_fusion64_fusionL1_drop0p2_trmiss80_trlocclin,16,0.0001,1,64,1,0.2,lr1e-04_bs16_modL1_fusion64_fusionL1_drop0p2_trmiss80_trlocclin,6,0.590397467215856,0.6721122860908508,0.5588235294117647,0.7068867514526739,0.5555555555555556,0.0,0.0,0.0,0.0,2002,clin,0.8
5,3,lr1e-04_bs16_modL1_fusion64_fusionL1_drop0p2_trmiss80_trlocclin,16,0.0001,1,64,1,0.2,lr1e-04_bs16_modL1_fusion64_fusionL1_drop0p2_trmiss80_trlocclin,7,0.5649565656979879,0.663113554318746,0.5903361344537814,0.7299190368650569,0.6,0.0,0.0,0.0,0.0,2002,clin,0.8
5,3,lr1e-04_bs16_modL1_fusion64_fusionL1_drop0p2_trmiss80_trlocclin,16,0.0001,1,64,1,0.2,lr1e-04_bs16_modL1_fusion64_fusionL1_drop0p2_trmiss80_trlocclin,8,0.5484143197536469,0.6581835150718689,0.6239495798319328,0.7388847499452984,0.6,0.0,0.0,0.0,0.0,2002,clin,0.8
5,3,lr1e-04_bs16_modL1_fusion64_fusionL1_drop0p2_trmiss80_trlocclin,16,0.0001,1,64,1,0.2,lr1e-04_bs16_modL1_fusion64_fusionL1_drop0p2_trmiss80_trlocclin,9,0.538329653441906,0.650208036104838,0.6428571428571429,0.7537329832958632,0.6,0.0,0.0,0.0,0.0,2002,clin,0.8
5,3,lr1e-04_bs16_modL1_fusion64_fusionL1_drop0p2_trmiss80_trlocclin,16,0.0001,1,64,1,0.2,lr1e-04_bs16_modL1_fusion64_fusionL1_drop0p2_trmiss80_trlocclin,10,0.5124677916367849,0.6523867845535278,0.6470588235294118,0.758216277678352,0.6,0.0,0.0,0.0,0.0,2002,clin,0.8
5,3,lr1e-04_bs16_modL1_fusion64_fusionL1_drop0p2_trmiss80_trlocclin,16,0.0001,1,64,1,0.2,lr1e-04_bs16_modL1_fusion64_fusionL1_drop0p2_trmiss80_trlocclin,11,0.527421327928702,0.6528647939364115,0.6281512605042017,0.7525243917124375,0.6222222222222222,0.0,0.0,0.0,0.0,2002,clin,0.8
5,3,lr1e-04_bs16_modL1_fusion64_fusionL1_drop0p2_trmiss80_trlocclin,16,0.0001,1,64,1,0.2,lr1e-04_bs16_modL1_fusion64_fusionL1_drop0p2_trmiss80_trlocclin,12,0.49638086805740994,0.6570980747540792,0.6239495798319328,0.7459178294921605,0.6222222222222222,0.0,0.0,0.0,0.0,2002,clin,0.8
5,3,lr1e-04_bs16_modL1_fusion64_fusionL1_drop0p2_trmiss80_trlocclin,16,0.0001,1,64,1,0.2,lr1e-04_bs16_modL1_fusion64_fusionL1_drop0p2_trmiss80_trlocclin,13,0.48654220004876453,0.6515519221623739,0.6323529411764706,0.7442825906842552,0.5777777777777777,0.0,0.0,0.0,0.0,2002,clin,0.8
5,3,lr1e-04_bs16_modL1_fusion64_fusionL1_drop0p2_trmiss80_trlocclin,16,0.0001,1,64,1,0.2,lr1e-04_bs16_modL1_fusion64_fusionL1_drop0p2_trmiss80_trlocclin,14,0.46025415509939194,0.6573342879613241,0.6050420168067226,0.7454210671462491,0.6222222222222222,0.0,0.0,0.0,0.0,2002,clin,0.8
5,3,lr1e-04_bs16_modL1_fusion64_fusionL1_drop0p2_trmiss80_trlocclin,16,0.0001,1,64,1,0.2,lr1e-04_bs16_modL1_fusion64_fusionL1_drop0p2_trmiss80_trlocclin,15,0.4705367162823677,0.6573120752970377,0.6134453781512605,0.7497994854857639,0.5777777777777777,0.0,0.0,0.0,0.0,2002,clin,0.8
5,3,lr1e-04_bs16_modL1_fusion64_fusionL1_drop0p2_trmiss80_trlocclin,16,0.0001,1,64,1,0.2,lr1e-04_bs16_modL1_fusion64_fusionL1_drop0p2_trmiss80_trlocclin,16,0.44148414333661395,0.651373048623403,0.6449579831932774,0.7653412471036534,0.5555555555555556,0.0,0.0,0.0,0.0,2002,clin,0.8
5,3,lr1e-04_bs16_modL1_fusion64_fusionL1_drop0p2_trmiss80_trlocclin,16,0.0001,1,64,1,0.2,lr1e-04_bs16_modL1_fusion64_fusionL1_drop0p2_trmiss80_trlocclin,17,0.43806282927592594,0.649251659711202,0.6449579831932772,0.7698983155000299,0.5777777777777777,0.0,0.0,0.0,0.0,2002,clin,0.8
5,3,lr1e-04_bs16_modL1_fusion64_fusionL1_drop0p2_trmiss80_trlocclin,16,0.0001,1,64,1,0.2,lr1e-04_bs16_modL1_fusion64_fusionL1_drop0p2_trmiss80_trlocclin,18,0.4360608085989952,0.6454349557558695,0.6281512605042017,0.7635987348119342,0.6,0.0,0.0,0.0,0.0,2002,clin,0.8
5,3,lr1e-04_bs16_modL1_fusion64_fusionL1_drop0p2_trmiss80_trlocclin,16,0.0001,1,64,1,0.2,lr1e-04_bs16_modL1_fusion64_fusionL1_drop0p2_trmiss80_trlocclin,19,0.4166181410352389,0.6472277045249939,0.6281512605042017,0.7629433539456759,0.5777777777777777,0.0,0.0,0.0,0.0,2002,clin,0.8
5,3,lr1e-04_bs16_modL1_fusion64_fusionL1_drop0p2_trmiss80_trlocclin,16,0.0001,1,64,1,0.2,lr1e-04_bs16_modL1_fusion64_fusionL1_drop0p2_trmiss80_trlocclin,20,0.3959704339504242,0.6441167791684469,0.6491596638655462,0.7733670849251064,0.5777777777777777,0.0,0.0,0.0,0.0,2002,clin,0.8
5,3,lr1e-04_bs16_modL1_fusion64_fusionL1_drop0p2_trmiss80_trlocclin,16,0.0001,1,64,1,0.2,lr1e-04_bs16_modL1_fusion64_fusionL1_drop0p2_trmiss80_trlocclin,21,0.42036377141873044,0.6396440267562866,0.6554621848739495,0.7712114937667774,0.6,0.0,0.0,0.0,0.0,2002,clin,0.8
5,3,lr1e-04_bs16_modL1_fusion64_fusionL1_drop0p2_trmiss80_trlocclin,16,0.0001,1,64,1,0.2,lr1e-04_bs16_modL1_fusion64_fusionL1_drop0p2_trmiss80_trlocclin,22,0.4109995389978091,0.6471560001373291,0.6470588235294117,0.7716720654044669,0.6,0.0,0.0,0.0,0.0,2002,clin,0.8
5,3,lr1e-04_bs16_modL1_fusion64_fusionL1_drop0p2_trmiss80_trlocclin,16,0.0001,1,64,1,0.2,lr1e-04_bs16_modL1_fusion64_fusionL1_drop0p2_trmiss80_trlocclin,23,0.4109855865438779,0.650264839331309,0.6281512605042017,0.7607108231004851,0.6,0.0,0.0,0.0,0.0,2002,clin,0.8
5,3,lr1e-04_bs16_modL1_fusion64_fusionL1_drop0p2_trmiss80_trlocclin,16,0.0001,1,64,1,0.2,lr1e-04_bs16_modL1_fusion64_fusionL1_drop0p2_trmiss80_trlocclin,24,0.39015381038188934,0.6443041563034058,0.6260504201680672,0.7600750685469981,0.5777777777777777,0.0,0.0,0.0,0.0,2002,clin,0.8
5,3,lr1e-04_bs16_modL1_fusion64_fusionL1_drop0p2_trmiss80_trlocclin,16,0.0001,1,64,1,0.2,lr1e-04_bs16_modL1_fusion64_fusionL1_drop0p2_trmiss80_trlocclin,25,0.38014354308446247,0.6492435932159424,0.6239495798319328,0.7619948903253096,0.5555555555555556,0.0,0.0,0.0,0.0,2002,clin,0.8
5,3,lr1e-04_bs16_modL1_fusion64_fusionL1_drop0p2_trmiss80_trlocclin,16,0.0001,1,64,1,0.2,lr1e-04_bs16_modL1_fusion64_fusionL1_drop0p2_trmiss80_trlocclin,26,0.3857247158885002,0.6392307678858439,0.6449579831932774,0.7713740266999061,0.5333333333333333,0.0,0.0,0.0,0.0,2002,clin,0.8
5,3,lr1e-04_bs16_modL1_fusion64_fusionL1_drop0p2_trmiss80_trlocclin,16,0.0001,1,64,1,0.2,lr1e-04_bs16_modL1_fusion64_fusionL1_drop0p2_trmiss80_trlocclin,27,0.38223256915807724,0.6327163577079773,0.6680672268907564,0.785287051566018,0.6,0.0,0.0,0.0,0.0,2002,clin,0.8
5,3,lr1e-04_bs16_modL1_fusion64_fusionL1_drop0p2_trmiss80_trlocclin,16,0.0001,1,64,1,0.2,lr1e-04_bs16_modL1_fusion64_fusionL1_drop0p2_trmiss80_trlocclin,28,0.3580918684601784,0.6318033536275228,0.6596638655462185,0.7923142682260566,0.5555555555555556,0.0,0.0,0.0,0.0,2002,clin,0.8
5,3,lr1e-04_bs16_modL1_fusion64_fusionL1_drop0p2_trmiss80_trlocclin,16,0.0001,1,64,1,0.2,lr1e-04_bs16_modL1_fusion64_fusionL1_drop0p2_trmiss80_trlocclin,29,0.34154121329387027,0.6363713343938192,0.6554621848739496,0.7849890610909637,0.5333333333333333,0.0,0.0,0.0,0.0,2002,clin,0.8
5,3,lr1e-04_bs16_modL1_fusion64_fusionL1_drop0p2_trmiss80_trlocclin,16,0.0001,1,64,1,0.2,lr1e-04_bs16_modL1_fusion64_fusionL1_drop0p2_trmiss80_trlocclin,30,0.36132602393627167,0.6443585356076559,0.6596638655462185,0.7934266191645524,0.5555555555555556,0.0,0.0,0.0,0.0,2002,clin,0.8
5,3,lr1e-04_bs16_modL1_fusion64_fusionL1_drop0p2_trmiss80_trlocclin,16,0.0001,1,64,1,0.2,lr1e-04_bs16_modL1_fusion64_fusionL1_drop0p2_trmiss80_trlocclin,31,0.3536029855410258,0.641803522904714,0.6533613445378151,0.7890526533050711,0.5555555555555556,0.0,0.0,0.0,0.0,2002,clin,0.8
5,3,lr1e-04_bs16_modL1_fusion64_fusionL1_drop0p2_trmiss80_trlocclin,16,0.0001,1,64,1,0.2,lr1e-04_bs16_modL1_fusion64_fusionL1_drop0p2_trmiss80_trlocclin,32,0.3372585102915764,0.6434354980786642,0.634453781512605,0.7765053431080429,0.5555555555555556,0.0,0.0,0.0,0.0,2002,clin,0.8
5,3,lr1e-04_bs16_modL1_fusion64_fusionL1_drop0p2_trmiss80_trlocclin,16,0.0001,1,64,1,0.2,lr1e-04_bs16_modL1_fusion64_fusionL1_drop0p2_trmiss80_trlocclin,33,0.3375050475200017,0.6407999197642008,0.6302521008403361,0.7730088650821031,0.5777777777777777,0.0,0.0,0.0,0.0,2002,clin,0.8
5,3,lr1e-04_bs16_modL1_fusion64_fusionL1_drop0p2_trmiss80_trlocclin,16,0.0001,1,64,1,0.2,lr1e-04_bs16_modL1_fusion64_fusionL1_drop0p2_trmiss80_trlocclin,34,0.3322170252601306,0.6447564959526062,0.6323529411764706,0.7790568889801223,0.5333333333333333,0.0,0.0,0.0,0.0,2002,clin,0.8
5,3,lr1e-04_bs16_modL1_fusion64_fusionL1_drop0p2_trmiss80_trlocclin,16,0.0001,1,64,1,0.2,lr1e-04_bs16_modL1_fusion64_fusionL1_drop0p2_trmiss80_trlocclin,35,0.37920577824115753,0.6330926020940145,0.6512605042016806,0.7862713210583491,0.6444444444444445,0.0,0.0,0.0,0.0,2002,clin,0.8
5,3,lr1e-04_bs16_modL1_fusion64_fusionL1_drop0p2_trmiss80_trlocclin,16,0.0001,1,64,1,0.2,lr1e-04_bs16_modL1_fusion64_fusionL1_drop0p2_trmiss80_trlocclin,36,0.3313068424661954,0.6424451867739359,0.6491596638655461,0.7785131953840397,0.5555555555555556,0.0,0.0,0.0,0.0,2002,clin,0.8
5,3,lr1e-04_bs16_modL1_fusion64_fusionL1_drop0p2_trmiss80_trlocclin,16,0.0001,1,64,1,0.2,lr1e-04_bs16_modL1_fusion64_fusionL1_drop0p2_trmiss80_trlocclin,37,0.3132481798529625,0.6314828395843506,0.6428571428571429,0.7842830672456812,0.6,0.0,0.0,0.0,0.0,2002,clin,0.8
5,3,lr1e-04_bs16_modL1_fusion64_fusionL1_drop0p2_trmiss80_trlocclin,16,0.0001,1,64,1,0.2,lr1e-04_bs16_modL1_fusion64_fusionL1_drop0p2_trmiss80_trlocclin,38,0.3099655658006668,0.6378881533940634,0.634453781512605,0.779937965290665,0.5777777777777777,0.0,0.0,0.0,0.0,2002,clin,0.8
5,3,lr1e-04_bs16_modL1_fusion64_fusionL1_drop0p2_trmiss80_trlocclin,16,0.0001,1,64,1,0.2,lr1e-04_bs16_modL1_fusion64_fusionL1_drop0p2_trmiss80_trlocclin,39,0.3185904175043106,0.6435152490933737,0.6512605042016807,0.7854954247537145,0.5555555555555556,0.0,0.0,0.0,0.0,2002,clin,0.8
5,3,lr1e-04_bs16_modL1_fusion64_fusionL1_drop0p2_trmiss80_trlocclin,16,0.0001,1,64,1,0.2,lr1e-04_bs16_modL1_fusion64_fusionL1_drop0p2_trmiss80_trlocclin,40,0.33188727001349133,0.6474937399228414,0.6596638655462185,0.7906943699526596,0.5555555555555556,0.0,0.0,0.0,0.0,2002,clin,0.8
5,3,lr1e-04_bs16_modL1_fusion64_fusionL1_drop0p2_trmiss80_trlocclin,16,0.0001,1,64,1,0.2,lr1e-04_bs16_modL1_fusion64_fusionL1_drop0p2_trmiss80_trlocclin,41,0.313390056292216,0.6354792316754659,0.6533613445378151,0.7845377208219394,0.5555555555555556,0.0,0.0,0.0,0.0,2002,clin,0.8
5,3,lr1e-04_bs16_modL1_fusion64_fusionL1_drop0p2_trmiss80_trlocclin,16,0.0001,1,64,1,0.2,lr1e-04_bs16_modL1_fusion64_fusionL1_drop0p2_trmiss80_trlocclin,42,0.3300577675302823,0.6345165769259135,0.6554621848739496,0.7920237028565661,0.5555555555555556,0.0,0.0,0.0,0.0,2002,clin,0.8
5,3,lr1e-04_bs16_modL1_fusion64_fusionL1_drop0p2_trmiss80_trlocclin,16,0.0001,1,64,1,0.2,lr1e-04_bs16_modL1_fusion64_fusionL1_drop0p2_trmiss80_trlocclin,43,0.32044485956430435,0.6266550421714783,0.6617647058823529,0.7921517902919591,0.6,0.0,0.0,0.0,0.0,2002,clin,0.8
5,3,lr1e-04_bs16_modL1_fusion64_fusionL1_drop0p2_trmiss80_trlocclin,16,0.0001,1,64,1,0.2,lr1e-04_bs16_modL1_fusion64_fusionL1_drop0p2_trmiss80_trlocclin,44,0.3116040676832199,0.6364774902661642,0.6701680672268908,0.7979502556371997,0.5555555555555556,0.0,0.0,0.0,0.0,2002,clin,0.8
5,3,lr1e-04_bs16_modL1_fusion64_fusionL1_drop0p2_trmiss80_trlocclin,16,0.0001,1,64,1,0.2,lr1e-04_bs16_modL1_fusion64_fusionL1_drop0p2_trmiss80_trlocclin,45,0.30945901075998944,0.6336459517478943,0.6785714285714286,0.8020335621662122,0.5555555555555556,0.0,0.0,0.0,0.0,2002,clin,0.8
5,3,lr1e-04_bs16_modL1_fusion64_fusionL1_drop0p2_trmiss80_trlocclin,16,0.0001,1,64,1,0.2,lr1e-04_bs16_modL1_fusion64_fusionL1_drop0p2_trmiss80_trlocclin,46,0.2881470148762067,0.6368864178657532,0.6659663865546218,0.7921456688337797,0.5333333333333333,0.0,0.0,0.0,0.0,2002,clin,0.8
5,3,lr1e-04_bs16_modL1_fusion64_fusionL1_drop0p2_trmiss80_trlocclin,16,0.0001,1,64,1,0.2,lr1e-04_bs16_modL1_fusion64_fusionL1_drop0p2_trmiss80_trlocclin,47,0.272631944467624,0.6363770365715027,0.6638655462184874,0.7923237898558209,0.5555555555555556,0.0,0.0,0.0,0.0,2002,clin,0.8
5,3,lr1e-04_bs16_modL1_fusion64_fusionL1_drop0p2_trmiss80_trlocclin,16,0.0001,1,64,1,0.2,lr1e-04_bs16_modL1_fusion64_fusionL1_drop0p2_trmiss80_trlocclin,48,0.3008260453740756,0.6281236807505289,0.6701680672268908,0.7951936438417463,0.6222222222222222,0.0,0.0,0.0,0.0,2002,clin,0.8
5,3,lr1e-04_bs16_modL1_fusion64_fusionL1_drop0p2_trmiss80_trlocclin,16,0.0001,1,64,1,0.2,lr1e-04_bs16_modL1_fusion64_fusionL1_drop0p2_trmiss80_trlocclin,49,0.2793823095659415,0.6352108518282572,0.6596638655462185,0.7898472659969601,0.5555555555555556,0.0,0.0,0.0,0.0,2002,clin,0.8
5,3,lr1e-04_bs16_modL1_fusion64_fusionL1_drop0p2_trmiss80_trlocclin,16,0.0001,1,64,1,0.2,lr1e-04_bs16_modL1_fusion64_fusionL1_drop0p2_trmiss80_trlocclin,50,0.2807997701068719,0.6427016258239746,0.6638655462184874,0.7972092343693827,0.5555555555555556,0.0,0.0,0.0,0.0,2002,clin,0.8
5,3,lr1e-04_bs16_modL1_fusion64_fusionL1_drop0p2_trmiss80_trlocclin,16,0.0001,1,64,1,0.2,lr1e-04_bs16_modL1_fusion64_fusionL1_drop0p2_trmiss80_trlocclin,51,0.28550098836421967,0.6413086652755737,0.6554621848739496,0.790498897281236,0.5333333333333333,0.0,0.0,0.0,0.0,2002,clin,0.8
5,3,lr1e-04_bs16_modL1_fusion64_fusionL1_drop0p2_trmiss80_trlocclin,16,0.0001,1,64,1,0.2,lr1e-04_bs16_modL1_fusion64_fusionL1_drop0p2_trmiss80_trlocclin,52,0.2840090033908685,0.6335092186927795,0.6659663865546218,0.7960851028110506,0.5777777777777777,0.0,0.0,0.0,0.0,2002,clin,0.8
5,3,lr1e-04_bs16_modL1_fusion64_fusionL1_drop0p2_trmiss80_trlocclin,16,0.0001,1,64,1,0.2,lr1e-04_bs16_modL1_fusion64_fusionL1_drop0p2_trmiss80_trlocclin,53,0.28832705691456795,0.6392724514007568,0.6554621848739496,0.7895571030687653,0.5555555555555556,0.0,0.0,0.0,0.0,2002,clin,0.8
5,3,lr1e-04_bs16_modL1_fusion64_fusionL1_drop0p2_trmiss80_trlocclin,16,0.0001,1,64,1,0.2,lr1e-04_bs16_modL1_fusion64_fusionL1_drop0p2_trmiss80_trlocclin,54,0.28671908130248386,0.6350178917249044,0.6659663865546218,0.7980901771375536,0.5555555555555556,0.0,0.0,0.0,0.0,2002,clin,0.8
5,3,lr1e-04_bs16_modL1_fusion64_fusionL1_drop0p2_trmiss80_trlocclin,16,0.0001,1,64,1,0.2,lr1e-04_bs16_modL1_fusion64_fusionL1_drop0p2_trmiss80_trlocclin,55,0.28831236561139423,0.6433944503466288,0.6533613445378151,0.7929335638291648,0.5555555555555556,0.0,0.0,0.0,0.0,2002,clin,0.8
5,3,lr1e-04_bs16_modL1_fusion64_fusionL1_drop0p2_trmiss80_trlocclin,16,0.0001,1,64,1,0.2,lr1e-04_bs16_modL1_fusion64_fusionL1_drop0p2_trmiss80_trlocclin,56,0.2761768226822217,0.6330947677294413,0.6596638655462185,0.7922814337433386,0.5777777777777777,0.0,0.0,0.0,0.0,2002,clin,0.8
5,3,lr1e-04_bs16_modL1_fusion64_fusionL1_drop0p2_trmiss80_trlocclin,16,0.0001,1,64,1,0.2,lr1e-04_bs16_modL1_fusion64_fusionL1_drop0p2_trmiss80_trlocclin,57,0.27390218898653984,0.6360813577969869,0.6533613445378151,0.7881941730392491,0.5777777777777777,0.0,0.0,0.0,0.0,2002,clin,0.8
5,3,lr1e-04_bs16_modL1_fusion64_fusionL1_drop0p2_trmiss80_trlocclin,16,0.0001,1,64,1,0.2,lr1e-04_bs16_modL1_fusion64_fusionL1_drop0p2_trmiss80_trlocclin,58,0.2610415394107501,0.6309939821561178,0.6638655462184875,0.7994000915325243,0.5777777777777777,0.0,0.0,0.0,0.0,2002,clin,0.8
5,3,lr1e-04_bs16_modL1_fusion64_fusionL1_drop0p2_trmiss80_trlocclin,16,0.0001,1,64,1,0.2,lr1e-04_bs16_modL1_fusion64_fusionL1_drop0p2_trmiss80_trlocclin,59,0.29051196326812107,0.6398779551188151,0.6533613445378151,0.7896277335476775,0.5555555555555556,0.0,0.0,0.0,0.0,2002,clin,0.8
5,3,lr1e-04_bs16_modL1_fusion64_fusionL1_drop0p2_trmiss80_trlocclin,16,0.0001,1,64,1,0.2,lr1e-04_bs16_modL1_fusion64_fusionL1_drop0p2_trmiss80_trlocclin,60,0.277559378494819,0.6311725775400797,0.6533613445378151,0.7854076781012563,0.6,0.0,0.0,0.0,0.0,2002,clin,0.8
5,3,lr1e-04_bs16_modL1_fusion64_fusionL1_drop0p2_trmiss80_trlocclin,16,0.0001,1,64,1,0.2,lr1e-04_bs16_modL1_fusion64_fusionL1_drop0p2_trmiss80_trlocclin,61,0.2631312335530917,0.6342604160308838,0.6533613445378151,0.7814019258812185,0.6,0.0,0.0,0.0,0.0,2002,clin,0.8
5,3,lr1e-04_bs16_modL1_fusion64_fusionL1_drop0p2_trmiss80_trlocclin,16,0.0001,1,64,1,0.2,lr1e-04_bs16_modL1_fusion64_fusionL1_drop0p2_trmiss80_trlocclin,62,0.270403025050958,0.6359400947888693,0.657563025210084,0.793708724554747,0.5555555555555556,0.0,0.0,0.0,0.0,2002,clin,0.8
5,3,lr1e-04_bs16_modL1_fusion64_fusionL1_drop0p2_trmiss80_trlocclin,16,0.0001,1,64,1,0.2,lr1e-04_bs16_modL1_fusion64_fusionL1_drop0p2_trmiss80_trlocclin,63,0.25981802741686505,0.6349638899167379,0.6659663865546218,0.7994557718914682,0.5555555555555556,0.0,0.0,0.0,0.0,2002,clin,0.8
5,3,lr1e-04_bs16_modL1_fusion64_fusionL1_drop0p2_trmiss80_trlocclin,16,0.0001,1,64,1,0.2,lr1e-04_bs16_modL1_fusion64_fusionL1_drop0p2_trmiss80_trlocclin,64,0.2576022669672966,0.6401357452074686,0.657563025210084,0.7962643162843717,0.5555555555555556,0.0,0.0,0.0,0.0,2002,clin,0.8
5,3,lr1e-04_bs16_modL1_fusion64_fusionL1_drop0p2_trmiss80_trlocclin,16,0.0001,1,64,1,0.2,lr1e-04_bs16_modL1_fusion64_fusionL1_drop0p2_trmiss80_trlocclin,65,0.28014031425118446,0.6325856248537699,0.657563025210084,0.7898779599730161,0.5777777777777777,0.0,0.0,0.0,0.0,2002,clin,0.8
5,3,lr1e-04_bs16_modL1_fusion64_fusionL1_drop0p1_trmiss80_trlocclin,16,0.0001,1,64,1,0.1,lr1e-04_bs16_modL1_fusion64_fusionL1_drop0p1_trmiss80_trlocclin,1,0.6734522779782613,0.7016789515813192,0.4684873949579832,0.6592114587910083,0.37777777777777777,0.0,0.0,0.0,0.0,2002,clin,0.8
5,3,lr1e-04_bs16_modL1_fusion64_fusionL1_drop0p1_trmiss80_trlocclin,16,0.0001,1,64,1,0.1,lr1e-04_bs16_modL1_fusion64_fusionL1_drop0p1_trmiss80_trlocclin,2,0.6089657843112946,0.7198167443275452,0.40336134453781514,0.6339307614362804,0.4444444444444444,0.0,0.0,0.0,0.0,2002,clin,0.8
5,3,lr1e-04_bs16_modL1_fusion64_fusionL1_drop0p1_trmiss80_trlocclin,16,0.0001,1,64,1,0.1,lr1e-04_bs16_modL1_fusion64_fusionL1_drop0p1_trmiss80_trlocclin,3,0.5869235793749491,0.7187702059745789,0.42857142857142855,0.6374037339718144,0.4666666666666667,0.0,0.0,0.0,0.0,2002,clin,0.8
5,3,lr1e-04_bs16_modL1_fusion64_fusionL1_drop0p1_trmiss80_trlocclin,16,0.0001,1,64,1,0.1,lr1e-04_bs16_modL1_fusion64_fusionL1_drop0p1_trmiss80_trlocclin,4,0.5574036985635757,0.7286940018335978,0.4369747899159664,0.6258137376435596,0.4444444444444444,0.0,0.0,0.0,0.0,2002,clin,0.8
5,3,lr1e-04_bs16_modL1_fusion64_fusionL1_drop0p1_trmiss80_trlocclin,16,0.0001,1,64,1,0.1,lr1e-04_bs16_modL1_fusion64_fusionL1_drop0p1_trmiss80_trlocclin,5,0.5254241302609444,0.7179838617642721,0.4411764705882353,0.6367608452725902,0.4222222222222222,0.0,0.0,0.0,0.0,2002,clin,0.8
5,3,lr1e-04_bs16_modL1_fusion64_fusionL1_drop0p1_trmiss80_trlocclin,16,0.0001,1,64,1,0.1,lr1e-04_bs16_modL1_fusion64_fusionL1_drop0p1_trmiss80_trlocclin,6,0.506556528309981,0.706505537033081,0.47058823529411764,0.651832236330524,0.5111111111111111,0.0,0.0,0.0,0.0,2002,clin,0.8
5,3,lr1e-04_bs16_modL1_fusion64_fusionL1_drop0p1_trmiss80_trlocclin,16,0.0001,1,64,1,0.1,lr1e-04_bs16_modL1_fusion64_fusionL1_drop0p1_trmiss80_trlocclin,7,0.5036841134230295,0.7125255266825358,0.5126050420168067,0.6830290467179599,0.5111111111111111,0.0,0.0,0.0,0.0,2002,clin,0.8
5,3,lr1e-04_bs16_modL1_fusion64_fusionL1_drop0p1_trmiss80_trlocclin,16,0.0001,1,64,1,0.1,lr1e-04_bs16_modL1_fusion64_fusionL1_drop0p1_trmiss80_trlocclin,8,0.47919907917579013,0.7053366104761759,0.5042016806722689,0.6790541080389901,0.5111111111111111,0.0,0.0,0.0,0.0,2002,clin,0.8
5,3,lr1e-04_bs16_modL1_fusion64_fusionL1_drop0p1_trmiss80_trlocclin,16,0.0001,1,64,1,0.1,lr1e-04_bs16_modL1_fusion64_fusionL1_drop0p1_trmiss80_trlocclin,9,0.46358824769655865,0.7072952588399252,0.5021008403361344,0.6514810442709112,0.4888888888888889,0.0,0.0,0.0,0.0,2002,clin,0.8
5,3,lr1e-04_bs16_modL1_fusion64_fusionL1_drop0p1_trmiss80_trlocclin,16,0.0001,1,64,1,0.1,lr1e-04_bs16_modL1_fusion64_fusionL1_drop0p1_trmiss80_trlocclin,10,0.4580324863394101,0.7049574057261149,0.5189075630252101,0.6710080588929661,0.4888888888888889,0.0,0.0,0.0,0.0,2002,clin,0.8
5,3,lr1e-04_bs16_modL1_fusion64_fusionL1_drop0p1_trmiss80_trlocclin,16,0.0001,1,64,1,0.1,lr1e-04_bs16_modL1_fusion64_fusionL1_drop0p1_trmiss80_trlocclin,11,0.46668611466884613,0.700022836526235,0.5441176470588236,0.6847752896634314,0.5333333333333333,0.0,0.0,0.0,0.0,2002,clin,0.8
5,3,lr1e-04_bs16_modL1_fusion64_fusionL1_drop0p1_trmiss80_trlocclin,16,0.0001,1,64,1,0.1,lr1e-04_bs16_modL1_fusion64_fusionL1_drop0p1_trmiss80_trlocclin,12,0.4427483429511388,0.6954564650853475,0.5378151260504201,0.6857732037930435,0.5333333333333333,0.0,0.0,0.0,0.0,2002,clin,0.8
5,3,lr1e-04_bs16_modL1_fusion64_fusionL1_drop0p1_trmiss80_trlocclin,16,0.0001,1,64,1,0.1,lr1e-04_bs16_modL1_fusion64_fusionL1_drop0p1_trmiss80_trlocclin,13,0.4458463614185651,0.6913795073827108,0.5378151260504203,0.6911833857380043,0.5111111111111111,0.0,0.0,0.0,0.0,2002,clin,0.8
5,3,lr1e-04_bs16_modL1_fusion64_fusionL1_drop0p1_trmiss80_trlocclin,16,0.0001,1,64,1,0.1,lr1e-04_bs16_modL1_fusion64_fusionL1_drop0p1_trmiss80_trlocclin,14,0.43246187021334964,0.7012649377187093,0.5357142857142858,0.6980098263919615,0.5777777777777777,0.0,0.0,0.0,0.0,2002,clin,0.8
5,3,lr1e-04_bs16_modL1_fusion64_fusionL1_drop0p1_trmiss80_trlocclin,16,0.0001,1,64,1,0.1,lr1e-04_bs16_modL1_fusion64_fusionL1_drop0p1_trmiss80_trlocclin,15,0.4210181385278702,0.6925818920135498,0.527310924369748,0.7132372065386965,0.5333333333333333,0.0,0.0,0.0,0.0,2002,clin,0.8
5,3,lr1e-04_bs16_modL1_fusion64_fusionL1_drop0p1_trmiss80_trlocclin,16,0.0001,1,64,1,0.1,lr1e-04_bs16_modL1_fusion64_fusionL1_drop0p1_trmiss80_trlocclin,16,0.3962850620349248,0.690642257531484,0.546218487394958,0.7076863378174064,0.5111111111111111,0.0,0.0,0.0,0.0,2002,clin,0.8
5,3,lr1e-04_bs16_modL1_fusion64_fusionL1_drop0p1_trmiss80_trlocclin,16,0.0001,1,64,1,0.1,lr1e-04_bs16_modL1_fusion64_fusionL1_drop0p1_trmiss80_trlocclin,17,0.39079976081848145,0.7013338605562845,0.5630252100840336,0.7389641130892823,0.5777777777777777,0.0,0.0,0.0,0.0,2002,clin,0.8
5,3,lr1e-04_bs16_modL1_fusion64_fusionL1_drop0p1_trmiss80_trlocclin,16,0.0001,1,64,1,0.1,lr1e-04_bs16_modL1_fusion64_fusionL1_drop0p1_trmiss80_trlocclin,18,0.3899911344051361,0.6984549562136332,0.5588235294117647,0.6988442144024002,0.4888888888888889,0.0,0.0,0.0,0.0,2002,clin,0.8
5,3,lr1e-04_bs16_modL1_fusion64_fusionL1_drop0p1_trmiss80_trlocclin,16,0.0001,1,64,1,0.1,lr1e-04_bs16_modL1_fusion64_fusionL1_drop0p1_trmiss80_trlocclin,19,0.37802187850077945,0.7050726811091105,0.5378151260504203,0.6985903137223022,0.5111111111111111,0.0,0.0,0.0,0.0,2002,clin,0.8
5,3,lr1e-04_bs16_modL1_fusion64_fusionL1_drop0p1_trmiss80_trlocclin,16,0.0001,1,64,1,0.1,lr1e-04_bs16_modL1_fusion64_fusionL1_drop0p1_trmiss80_trlocclin,20,0.3909487972656886,0.6972038944562277,0.5567226890756303,0.708198678770945,0.4888888888888889,0.0,0.0,0.0,0.0,2002,clin,0.8
5,3,lr1e-04_bs16_modL1_fusion64_fusionL1_drop0p1_trmiss80_trlocclin,16,0.0001,1,64,1,0.1,lr1e-04_bs16_modL1_fusion64_fusionL1_drop0p1_trmiss80_trlocclin,21,0.3648589352766673,0.693790336449941,0.5378151260504201,0.7115764100865565,0.5333333333333333,0.0,0.0,0.0,0.0,2002,clin,0.8
5,3,lr1e-04_bs16_modL1_fusion64_fusionL1_drop0p1_trmiss80_trlocclin,16,0.0001,1,64,1,0.1,lr1e-04_bs16_modL1_fusion64_fusionL1_drop0p1_trmiss80_trlocclin,22,0.345822736620903,0.694775919119517,0.5504201680672268,0.7234662745337374,0.5111111111111111,0.0,0.0,0.0,0.0,2002,clin,0.8
5,3,lr1e-04_bs16_modL1_fusion64_fusionL1_drop0p1_trmiss80_trlocclin,16,0.0001,1,64,1,0.1,lr1e-04_bs16_modL1_fusion64_fusionL1_drop0p1_trmiss80_trlocclin,23,0.36274022112290066,0.7007469733556112,0.5567226890756303,0.7136600309368382,0.5333333333333333,0.0,0.0,0.0,0.0,2002,clin,0.8
5,3,lr1e-04_bs16_modL1_fusion64_fusionL1_drop0p1_trmiss80_trlocclin,16,0.0001,1,64,1,0.1,lr1e-04_bs16_modL1_fusion64_fusionL1_drop0p1_trmiss80_trlocclin,24,0.34786854932705563,0.6904246012369791,0.5609243697478992,0.7170289950764999,0.5333333333333333,0.0,0.0,0.0,0.0,2002,clin,0.8
5,3,lr1e-04_bs16_modL1_fusion64_fusionL1_drop0p1_trmiss80_trlocclin,16,0.0001,1,64,1,0.1,lr1e-04_bs16_modL1_fusion64_fusionL1_drop0p1_trmiss80_trlocclin,25,0.3500078519185384,0.701044499874115,0.5378151260504201,0.7047519100144142,0.5111111111111111,0.0,0.0,0.0,0.0,2002,clin,0.8
5,3,lr1e-04_bs16_modL1_fusion64_fusionL1_drop0p1_trmiss80_trlocclin,16,0.0001,1,64,1,0.1,lr1e-04_bs16_modL1_fusion64_fusionL1_drop0p1_trmiss80_trlocclin,26,0.32985661675532657,0.6972374320030212,0.5546218487394958,0.7143069459080442,0.5333333333333333,0.0,0.0,0.0,0.0,2002,clin,0.8
5,3,lr1e-04_bs16_modL1_fusion64_fusionL1_drop0p1_trmiss80_trlocclin,16,0.0001,1,64,1,0.1,lr1e-04_bs16_modL1_fusion64_fusionL1_drop0p1_trmiss80_trlocclin,27,0.3179438039660454,0.7044227719306946,0.5504201680672269,0.7172255933226606,0.5333333333333333,0.0,0.0,0.0,0.0,2002,clin,0.8
5,3,lr1e-04_bs16_modL1_fusion64_fusionL1_drop0p1_trmiss80_trlocclin,16,0.0001,1,64,1,0.1,lr1e-04_bs16_modL1_fusion64_fusionL1_drop0p1_trmiss80_trlocclin,28,0.3237862015763919,0.6930077870686849,0.5567226890756303,0.7258470137311682,0.5333333333333333,0.0,0.0,0.0,0.0,2002,clin,0.8
5,3,lr1e-04_bs16_modL1_fusion64_fusionL1_drop0p1_trmiss80_trlocclin,16,0.0001,1,64,1,0.1,lr1e-04_bs16_modL1_fusion64_fusionL1_drop0p1_trmiss80_trlocclin,29,0.33100712050994235,0.7065382997194926,0.5546218487394958,0.7088284399218463,0.5555555555555556,0.0,0.0,0.0,0.0,2002,clin,0.8
5,3,lr1e-04_bs16_modL1_fusion64_fusionL1_drop0p1_trmiss80_trlocclin,16,0.0001,1,64,1,0.1,lr1e-04_bs16_modL1_fusion64_fusionL1_drop0p1_trmiss80_trlocclin,30,0.32088162129124004,0.7079044779141744,0.5609243697478992,0.7220303471073266,0.6,0.0,0.0,0.0,0.0,2002,clin,0.8
5,3,lr1e-04_bs16_modL1_fusion64_fusionL1_drop0p1_trmiss80_trlocclin,16,0.0001,1,64,1,0.1,lr1e-04_bs16_modL1_fusion64_fusionL1_drop0p1_trmiss80_trlocclin,31,0.31419743100802106,0.7002690037091573,0.5651260504201681,0.7250521583361793,0.5555555555555556,0.0,0.0,0.0,0.0,2002,clin,0.8
5,3,lr1e-04_bs16_modL1_fusion64_fusionL1_drop0p1_trmiss80_trlocclin,16,0.0001,1,64,1,0.1,lr1e-04_bs16_modL1_fusion64_fusionL1_drop0p1_trmiss80_trlocclin,32,0.33613039801518124,0.704215923945109,0.5672268907563025,0.7305522363959907,0.5777777777777777,0.0,0.0,0.0,0.0,2002,clin,0.8
5,3,lr1e-04_bs16_modL1_fusion64_fusionL1_drop0p1_trmiss80_trlocclin,16,0.0001,1,64,1,0.1,lr1e-04_bs16_modL1_fusion64_fusionL1_drop0p1_trmiss80_trlocclin,33,0.3079068064689636,0.7119865616162618,0.5609243697478992,0.7151776287806068,0.5777777777777777,0.0,0.0,0.0,0.0,2002,clin,0.8
5,3,lr1e-04_bs16_modL1_fusion64_fusionL1_drop0p1_trmiss80_trlocclin,16,0.0001,1,64,1,0.1,lr1e-04_bs16_modL1_fusion64_fusionL1_drop0p1_trmiss80_trlocclin,34,0.3221066544453303,0.7091071208318075,0.5777310924369748,0.7402312152627646,0.5555555555555556,0.0,0.0,0.0,0.0,2002,clin,0.8
5,3,lr1e-04_bs16_modL1_fusion64_fusionL1_drop0p1_trmiss80_trlocclin,16,0.0001,1,64,1,0.1,lr1e-04_bs16_modL1_fusion64_fusionL1_drop0p1_trmiss80_trlocclin,35,0.30099040021498996,0.7061317364374796,0.5798319327731092,0.7413291731459681,0.5555555555555556,0.0,0.0,0.0,0.0,2002,clin,0.8
5,3,lr1e-04_bs16_modL1_fusion64_fusionL1_drop0p1_trmiss80_trlocclin,16,0.0001,1,64,1,0.1,lr1e-04_bs16_modL1_fusion64_fusionL1_drop0p1_trmiss80_trlocclin,36,0.30642925823728245,0.6976972619692484,0.5798319327731092,0.7226033706640002,0.5777777777777777,0.0,0.0,0.0,0.0,2002,clin,0.8
5,3,lr1e-04_bs16_modL1_fusion64_fusionL1_drop0p1_trmiss80_trlocclin,16,0.0001,1,64,1,0.1,lr1e-04_bs16_modL1_fusion64_fusionL1_drop0p1_trmiss80_trlocclin,37,0.3082253510753314,0.6943166454633077,0.5714285714285714,0.726502532883442,0.5555555555555556,0.0,0.0,0.0,0.0,2002,clin,0.8
5,3,lr1e-04_bs16_modL1_fusion64_fusionL1_drop0p1_trmiss80_trlocclin,16,0.0001,1,64,1,0.1,lr1e-04_bs16_modL1_fusion64_fusionL1_drop0p1_trmiss80_trlocclin,38,0.3071613907814026,0.6968119343121847,0.569327731092437,0.731742824273885,0.5777777777777777,0.0,0.0,0.0,0.0,2002,clin,0.8
5,3,lr1e-04_bs16_modL1_fusion64_fusionL1_drop0p1_trmiss80_trlocclin,16,0.0001,1,64,1,0.1,lr1e-04_bs16_modL1_fusion64_fusionL1_drop0p1_trmiss80_trlocclin,39,0.28936123102903366,0.6977351109186808,0.5714285714285715,0.7343976622308841,0.5555555555555556,0.0,0.0,0.0,0.0,2002,clin,0.8
5,3,lr1e-04_bs16_modL1_fusion64_fusionL1_drop0p1_trmiss80_trlocclin,16,0.0001,1,64,1,0.1,lr1e-04_bs16_modL1_fusion64_fusionL1_drop0p1_trmiss80_trlocclin,40,0.3129027572770913,0.6952351729075114,0.5651260504201681,0.723863384752943,0.5777777777777777,0.0,0.0,0.0,0.0,2002,clin,0.8
5,3,lr1e-04_bs16_modL1_fusion64_fusionL1_drop0p1_trmiss80_trlocclin,16,0.0001,1,64,1,0.1,lr1e-04_bs16_modL1_fusion64_fusionL1_drop0p1_trmiss80_trlocclin,41,0.30086949467658997,0.6868916551272074,0.5651260504201681,0.7204181529817493,0.5777777777777777,0.0,0.0,0.0,0.0,2002,clin,0.8
5,3,lr1e-04_bs16_modL1_fusion64_fusionL1_drop0p1_trmiss80_trlocclin,16,0.0001,1,64,1,0.1,lr1e-04_bs16_modL1_fusion64_fusionL1_drop0p1_trmiss80_trlocclin,42,0.2911582564314206,0.6899765729904175,0.5714285714285714,0.7389930950712337,0.5777777777777777,0.0,0.0,0.0,0.0,2002,clin,0.8
5,3,lr1e-04_bs16_modL1_fusion64_fusionL1_drop0p1_trmiss80_trlocclin,16,0.0001,1,64,1,0.1,lr1e-04_bs16_modL1_fusion64_fusionL1_drop0p1_trmiss80_trlocclin,43,0.32426300396521884,0.7004296779632568,0.5756302521008403,0.7353417803589626,0.5555555555555556,0.0,0.0,0.0,0.0,2002,clin,0.8
5,3,lr1e-04_bs16_modL1_fusion64_fusionL1_drop0p1_trmiss80_trlocclin,16,0.0001,1,64,1,0.1,lr1e-04_bs16_modL1_fusion64_fusionL1_drop0p1_trmiss80_trlocclin,44,0.31189145147800446,0.7082124749819437,0.5777310924369747,0.7400300324207076,0.5555555555555556,0.0,0.0,0.0,0.0,2002,clin,0.8
5,3,lr1e-04_bs16_modL1_fusion64_fusionL1_drop0p1_trmiss80_trlocclin,16,0.0001,1,64,1,0.1,lr1e-04_bs16_modL1_fusion64_fusionL1_drop0p1_trmiss80_trlocclin,45,0.2928825380901496,0.7141256133715311,0.573529411764706,0.7346831879041836,0.5777777777777777,0.0,0.0,0.0,0.0,2002,clin,0.8
5,3,lr1e-04_bs16_modL1_fusion64_fusionL1_drop0p1_trmiss80_trlocclin,16,0.0001,1,64,1,0.1,lr1e-04_bs16_modL1_fusion64_fusionL1_drop0p1_trmiss80_trlocclin,46,0.29936737318833667,0.6968263983726501,0.5798319327731092,0.741919957472854,0.5555555555555556,0.0,0.0,0.0,0.0,2002,clin,0.8
5,3,lr1e-04_bs16_modL1_fusion64_fusionL1_drop0p1_trmiss80_trlocclin,16,0.0001,1,64,1,0.1,lr1e-04_bs16_modL1_fusion64_fusionL1_drop0p1_trmiss80_trlocclin,47,0.2983810876806577,0.6948471665382385,0.5651260504201681,0.7238457535412461,0.5777777777777777,0.0,0.0,0.0,0.0,2002,clin,0.8
5,3,lr1e-04_bs16_modL1_fusion64_fusionL1_drop0p1_trmiss80_trlocclin,16,0.0001,1,64,1,0.1,lr1e-04_bs16_modL1_fusion64_fusionL1_drop0p1_trmiss80_trlocclin,48,0.2935175100962321,0.6945479114850363,0.5651260504201681,0.7108312793153564,0.5777777777777777,0.0,0.0,0.0,0.0,2002,clin,0.8
5,3,lr1e-04_bs16_modL1_fusion64_fusionL1_drop0p1_trmiss80_trlocclin,16,0.0001,1,64,1,0.1,lr1e-04_bs16_modL1_fusion64_fusionL1_drop0p1_trmiss80_trlocclin,49,0.30301908403635025,0.6971638202667236,0.5798319327731092,0.7365288694734642,0.5777777777777777,0.0,0.0,0.0,0.0,2002,clin,0.8
5,3,lr1e-04_bs16_modL1_fusion64_fusionL1_drop0p1_trmiss80_trlocclin,16,0.0001,1,64,1,0.1,lr1e-04_bs16_modL1_fusion64_fusionL1_drop0p1_trmiss80_trlocclin,50,0.29015952597061795,0.695469319820404,0.5735294117647058,0.7256187777167055,0.5777777777777777,0.0,0.0,0.0,0.0,2002,clin,0.8
5,3,lr1e-04_bs16_modL1_fusion64_fusionL1_drop0p1_trmiss80_trlocclin,16,0.0001,1,64,1,0.1,lr1e-04_bs16_modL1_fusion64_fusionL1_drop0p1_trmiss80_trlocclin,51,0.2987824007868767,0.7080469926198324,0.5756302521008403,0.7290155765544478,0.6,0.0,0.0,0.0,0.0,2002,clin,0.8
5,3,lr1e-04_bs16_modL1_fusion64_fusionL1_drop0p1_trmiss80_trlocclin,16,0.0001,1,64,1,0.1,lr1e-04_bs16_modL1_fusion64_fusionL1_drop0p1_trmiss80_trlocclin,52,0.29326560844977695,0.6898389061292013,0.5735294117647058,0.7348291092834618,0.5777777777777777,0.0,0.0,0.0,0.0,2002,clin,0.8
5,3,lr1e-04_bs16_modL1_fusion64_fusionL1_drop0p1_trmiss80_trlocclin,16,0.0001,1,64,1,0.1,lr1e-04_bs16_modL1_fusion64_fusionL1_drop0p1_trmiss80_trlocclin,53,0.3097808013359706,0.704698900381724,0.5819327731092436,0.7313096108185282,0.6,0.0,0.0,0.0,0.0,2002,clin,0.8
5,3,lr1e-04_bs16_modL1_fusion64_fusionL1_drop0p1_trmiss80_trlocclin,16,0.0001,1,64,1,0.1,lr1e-04_bs16_modL1_fusion64_fusionL1_drop0p1_trmiss80_trlocclin,54,0.2844170530637105,0.6943148573239645,0.5756302521008403,0.7290155765544478,0.6,0.0,0.0,0.0,0.0,2002,clin,0.8
5,3,lr1e-04_bs16_modL1_fusion64_fusionL1_drop0p1_trmiss80_trlocclin,16,0.0001,1,64,1,0.1,lr1e-04_bs16_modL1_fusion64_fusionL1_drop0p1_trmiss80_trlocclin,55,0.303761047621568,0.705777128537496,0.5756302521008403,0.7354244654727038,0.5555555555555556,0.0,0.0,0.0,0.0,2002,clin,0.8
5,3,lr1e-04_bs16_modL1_fusion64_fusionL1_drop0p1_trmiss80_trlocclin,16,0.0001,1,64,1,0.1,lr1e-04_bs16_modL1_fusion64_fusionL1_drop0p1_trmiss80_trlocclin,56,0.2935408030947049,0.6956642071406046,0.5777310924369747,0.7359126301879546,0.5555555555555556,0.0,0.0,0.0,0.0,2002,clin,0.8
5,3,lr1e-04_bs16_modL1_fusion64_fusionL1_drop0p1_trmiss80_trlocclin,16,0.0001,1,64,1,0.1,lr1e-04_bs16_modL1_fusion64_fusionL1_drop0p1_trmiss80_trlocclin,57,0.29889687647422153,0.6980808774630228,0.569327731092437,0.7270147379453291,0.5777777777777777,0.0,0.0,0.0,0.0,2002,clin,0.8
5,3,lr1e-04_bs16_modL1_fusion64_fusionL1_drop0p1_trmiss80_trlocclin,16,0.0001,1,64,1,0.1,lr1e-04_bs16_modL1_fusion64_fusionL1_drop0p1_trmiss80_trlocclin,58,0.28917524963617325,0.6917066772778829,0.5756302521008403,0.7218904646860668,0.5555555555555556,0.0,0.0,0.0,0.0,2002,clin,0.8
5,3,lr1e-04_bs16_modL1_fusion64_fusionL1_drop0p1_trmiss80_trlocclin,16,0.0001,1,64,1,0.1,lr1e-04_bs16_modL1_fusion64_fusionL1_drop0p1_trmiss80_trlocclin,59,0.2846834709246953,0.6942803064982096,0.5735294117647058,0.7159748251455643,0.5777777777777777,0.0,0.0,0.0,0.0,2002,clin,0.8
5,3,lr1e-04_bs16_modL1_fusion64_fusionL1_drop0p1_trmiss80_trlocclin,16,0.0001,1,64,1,0.1,lr1e-04_bs16_modL1_fusion64_fusionL1_drop0p1_trmiss80_trlocclin,60,0.2915384906033675,0.6979933182398478,0.5756302521008404,0.713578690567403,0.5777777777777777,0.0,0.0,0.0,0.0,2002,clin,0.8
5,3,lr1e-04_bs16_modL1_fusion64_fusionL1_drop0p1_trmiss80_trlocclin,16,0.0001,1,64,1,0.1,lr1e-04_bs16_modL1_fusion64_fusionL1_drop0p1_trmiss80_trlocclin,61,0.2955465552707513,0.6920907497406006,0.5651260504201681,0.7094236805433475,0.5777777777777777,0.0,0.0,0.0,0.0,2002,clin,0.8
5,3,lr1e-04_bs16_modL1_fusion64_fusionL1_drop0p1_trmiss80_trlocclin,16,0.0001,1,64,1,0.1,lr1e-04_bs16_modL1_fusion64_fusionL1_drop0p1_trmiss80_trlocclin,62,0.3090248753627141,0.7012190024058024,0.5672268907563025,0.719231439150367,0.5777777777777777,0.0,0.0,0.0,0.0,2002,clin,0.8
5,3,lr1e-04_bs16_modL1_fusion64_fusionL1_drop0p1_trmiss80_trlocclin,16,0.0001,1,64,1,0.1,lr1e-04_bs16_modL1_fusion64_fusionL1_drop0p1_trmiss80_trlocclin,63,0.30632757022976875,0.6988535722096761,0.5672268907563025,0.7134052314165998,0.5777777777777777,0.0,0.0,0.0,0.0,2002,clin,0.8
5,3,lr1e-04_bs16_modL1_fusion64_fusionL1_drop0p1_trmiss80_trlocclin,16,0.0001,1,64,1,0.1,lr1e-04_bs16_modL1_fusion64_fusionL1_drop0p1_trmiss80_trlocclin,64,0.30763183037439984,0.7015745639801025,0.569327731092437,0.7269167479948866,0.5555555555555556,0.0,0.0,0.0,0.0,2002,clin,0.8
5,3,lr1e-04_bs16_modL1_fusion64_fusionL1_drop0p1_trmiss80_trlocclin,16,0.0001,1,64,1,0.1,lr1e-04_bs16_modL1_fusion64_fusionL1_drop0p1_trmiss80_trlocclin,65,0.29963744059205055,0.6909401218096415,0.5714285714285714,0.7116958627844737,0.5777777777777777,0.0,0.0,0.0,0.0,2002,clin,0.8
5,3,lr1e-04_bs16_modL1_fusion64_fusionL1_drop0p1_trmiss80_trlocclin,16,0.0001,1,64,1,0.1,lr1e-04_bs16_modL1_fusion64_fusionL1_drop0p1_trmiss80_trlocclin,66,0.31373579800128937,0.700697104136149,0.5735294117647058,0.7128085304949173,0.5777777777777777,0.0,0.0,0.0,0.0,2002,clin,0.8
5,3,lr1e-04_bs16_modL1_fusion64_fusionL1_drop0p1_trmiss80_trlocclin,16,0.0001,1,64,1,0.1,lr1e-04_bs16_modL1_fusion64_fusionL1_drop0p1_trmiss80_trlocclin,67,0.30421097328265506,0.7035523056983948,0.5756302521008403,0.7203293976815018,0.5777777777777777,0.0,0.0,0.0,0.0,2002,clin,0.8
5,3,lr1e-04_bs16_modL1_fusion64_fusionL1_drop0p1_trmiss80_trlocclin,16,0.0001,1,64,1,0.1,lr1e-04_bs16_modL1_fusion64_fusionL1_drop0p1_trmiss80_trlocclin,68,0.30104323228200275,0.7043910622596741,0.5798319327731093,0.7308257903040303,0.6222222222222222,0.0,0.0,0.0,0.0,2002,clin,0.8
5,3,lr1e-04_bs16_modL1_fusion64_fusionL1_drop0p1_trmiss80_trlocclin,16,0.0001,1,64,1,0.1,lr1e-04_bs16_modL1_fusion64_fusionL1_drop0p1_trmiss80_trlocclin,69,0.28325502077738446,0.7051860690116882,0.5756302521008404,0.729509818178746,0.6222222222222222,0.0,0.0,0.0,0.0,2002,clin,0.8
5,3,lr1e-04_bs16_modL1_fusion64_fusionL1_drop0p1_trmiss80_trlocclin,16,0.0001,1,64,1,0.1,lr1e-04_bs16_modL1_fusion64_fusionL1_drop0p1_trmiss80_trlocclin,70,0.3215114176273346,0.7082152962684631,0.5756302521008403,0.7357550940668791,0.6,0.0,0.0,0.0,0.0,2002,clin,0.8
5,3,lr1e-04_bs16_modL1_fusion64_fusionL1_drop0p1_trmiss80_trlocclin,16,0.0001,1,64,1,0.1,lr1e-04_bs16_modL1_fusion64_fusionL1_drop0p1_trmiss80_trlocclin,71,0.32183873901764554,0.713814397652944,0.5735294117647058,0.7198097783273922,0.6,0.0,0.0,0.0,0.0,2002,clin,0.8
5,3,lr1e-04_bs16_modL1_fusion64_fusionL1_drop0p1_trmiss80_trlocclin,16,0.0001,1,64,1,0.1,lr1e-04_bs16_modL1_fusion64_fusionL1_drop0p1_trmiss80_trlocclin,72,0.3015157828728358,0.7148322463035583,0.5735294117647058,0.727510139907064,0.5555555555555556,0.0,0.0,0.0,0.0,2002,clin,0.8
5,3,lr1e-04_bs16_modL1_fusion64_fusionL1_drop0p1_trmiss80_trlocclin,16,0.0001,1,64,1,0.1,lr1e-04_bs16_modL1_fusion64_fusionL1_drop0p1_trmiss80_trlocclin,73,0.3013352205355962,0.6978620092074076,0.5735294117647058,0.7087126532433824,0.5777777777777777,0.0,0.0,0.0,0.0,2002,clin,0.8
5,3,lr5e-05_bs32_modL1_fusion32_fusionL1_drop0p2_trmiss80_trlocclin,32,5e-05,1,32,1,0.2,lr5e-05_bs32_modL1_fusion32_fusionL1_drop0p2_trmiss80_trlocclin,1,0.6629120707511902,0.6857161819934845,0.5168067226890757,0.687709147206083,0.6222222222222222,0.0,0.0,0.0,0.0,2002,clin,0.8
5,3,lr5e-05_bs32_modL1_fusion32_fusionL1_drop0p2_trmiss80_trlocclin,32,5e-05,1,32,1,0.2,lr5e-05_bs32_modL1_fusion32_fusionL1_drop0p2_trmiss80_trlocclin,2,0.6386329631010691,0.6879362761974335,0.5399159663865546,0.6951342988713791,0.6,0.0,0.0,0.0,0.0,2002,clin,0.8
5,3,lr5e-05_bs32_modL1_fusion32_fusionL1_drop0p2_trmiss80_trlocclin,32,5e-05,1,32,1,0.2,lr5e-05_bs32_modL1_fusion32_fusionL1_drop0p2_trmiss80_trlocclin,3,0.6119222044944763,0.6863939166069031,0.5546218487394958,0.7027274139750952,0.6222222222222222,0.0,0.0,0.0,0.0,2002,clin,0.8
5,3,lr5e-05_bs32_modL1_fusion32_fusionL1_drop0p2_trmiss80_trlocclin,32,5e-05,1,32,1,0.2,lr5e-05_bs32_modL1_fusion32_fusionL1_drop0p2_trmiss80_trlocclin,4,0.6081291139125824,0.6849795579910278,0.5588235294117647,0.7034172166801129,0.6222222222222222,0.0,0.0,0.0,0.0,2002,clin,0.8
5,3,lr5e-05_bs32_modL1_fusion32_fusionL1_drop0p2_trmiss80_trlocclin,32,5e-05,1,32,1,0.2,lr5e-05_bs32_modL1_fusion32_fusionL1_drop0p2_trmiss80_trlocclin,5,0.5930778086185455,0.6863269209861755,0.5651260504201681,0.707404677936025,0.6444444444444445,0.0,0.0,0.0,0.0,2002,clin,0.8
5,3,lr5e-05_bs32_modL1_fusion32_fusionL1_drop0p2_trmiss80_trlocclin,32,5e-05,1,32,1,0.2,lr5e-05_bs32_modL1_fusion32_fusionL1_drop0p2_trmiss80_trlocclin,6,0.5640940964221954,0.6891699433326721,0.5567226890756303,0.6974639497532151,0.6444444444444445,0.0,0.0,0.0,0.0,2002,clin,0.8
5,3,lr5e-05_bs32_modL1_fusion32_fusionL1_drop0p2_trmiss80_trlocclin,32,5e-05,1,32,1,0.2,lr5e-05_bs32_modL1_fusion32_fusionL1_drop0p2_trmiss80_trlocclin,7,0.5847876965999603,0.6919670104980469,0.5420168067226891,0.69740584135654,0.6444444444444445,0.0,0.0,0.0,0.0,2002,clin,0.8
5,3,lr5e-05_bs32_modL1_fusion32_fusionL1_drop0p2_trmiss80_trlocclin,32,5e-05,1,32,1,0.2,lr5e-05_bs32_modL1_fusion32_fusionL1_drop0p2_trmiss80_trlocclin,8,0.5545516411463419,0.6898148953914642,0.5588235294117647,0.7056167095986008,0.6444444444444445,0.0,0.0,0.0,0.0,2002,clin,0.8
5,3,lr5e-05_bs32_modL1_fusion32_fusionL1_drop0p2_trmiss80_trlocclin,32,5e-05,1,32,1,0.2,lr5e-05_bs32_modL1_fusion32_fusionL1_drop0p2_trmiss80_trlocclin,9,0.5405219296614329,0.688336968421936,0.5714285714285715,0.7155764394582865,0.6444444444444445,0.0,0.0,0.0,0.0,2002,clin,0.8
5,3,lr5e-05_bs32_modL1_fusion32_fusionL1_drop0p2_trmiss80_trlocclin,32,5e-05,1,32,1,0.2,lr5e-05_bs32_modL1_fusion32_fusionL1_drop0p2_trmiss80_trlocclin,10,0.5385359277327856,0.6877636611461639,0.5672268907563025,0.7121625419194382,0.6444444444444445,0.0,0.0,0.0,0.0,2002,clin,0.8
5,3,lr5e-05_bs32_modL1_fusion32_fusionL1_drop0p2_trmiss80_trlocclin,32,5e-05,1,32,1,0.2,lr5e-05_bs32_modL1_fusion32_fusionL1_drop0p2_trmiss80_trlocclin,11,0.5279997090498606,0.6872473061084747,0.5609243697478992,0.7105114152683115,0.6444444444444445,0.0,0.0,0.0,0.0,2002,clin,0.8
5,3,lr5e-05_bs32_modL1_fusion32_fusionL1_drop0p2_trmiss80_trlocclin,32,5e-05,1,32,1,0.2,lr5e-05_bs32_modL1_fusion32_fusionL1_drop0p2_trmiss80_trlocclin,12,0.5452392896016439,0.6859590709209442,0.5609243697478992,0.7096307599758915,0.6444444444444445,0.0,0.0,0.0,0.0,2002,clin,0.8
5,3,lr5e-05_bs32_modL1_fusion32_fusionL1_drop0p2_trmiss80_trlocclin,32,5e-05,1,32,1,0.2,lr5e-05_bs32_modL1_fusion32_fusionL1_drop0p2_trmiss80_trlocclin,13,0.5436039467652639,0.6856749653816223,0.5609243697478992,0.7082371535822851,0.6444444444444445,0.0,0.0,0.0,0.0,2002,clin,0.8
5,3,lr5e-05_bs32_modL1_fusion32_fusionL1_drop0p2_trmiss80_trlocclin,32,5e-05,1,32,1,0.2,lr5e-05_bs32_modL1_fusion32_fusionL1_drop0p2_trmiss80_trlocclin,14,0.515512744585673,0.6873338520526886,0.5567226890756303,0.707446332185034,0.6444444444444445,0.0,0.0,0.0,0.0,2002,clin,0.8
5,3,lr5e-05_bs32_modL1_fusion32_fusionL1_drop0p2_trmiss80_trlocclin,32,5e-05,1,32,1,0.2,lr5e-05_bs32_modL1_fusion32_fusionL1_drop0p2_trmiss80_trlocclin,15,0.5222738434871038,0.6862620413303375,0.5630252100840336,0.7159452175771137,0.6444444444444445,0.0,0.0,0.0,0.0,2002,clin,0.8
5,3,lr5e-05_bs32_modL1_fusion32_fusionL1_drop0p2_trmiss80_trlocclin,32,5e-05,1,32,1,0.2,lr5e-05_bs32_modL1_fusion32_fusionL1_drop0p2_trmiss80_trlocclin,16,0.5340284208456675,0.684760183095932,0.5609243697478992,0.7198541152496499,0.6444444444444445,0.0,0.0,0.0,0.0,2002,clin,0.8
5,3,lr5e-05_bs32_modL1_fusion32_fusionL1_drop0p2_trmiss80_trlocclin,32,5e-05,1,32,1,0.2,lr5e-05_bs32_modL1_fusion32_fusionL1_drop0p2_trmiss80_trlocclin,17,0.5174683133761088,0.6846450865268707,0.5609243697478992,0.7170711570112429,0.6,0.0,0.0,0.0,0.0,2002,clin,0.8
5,3,lr5e-05_bs32_modL1_fusion32_fusionL1_drop0p2_trmiss80_trlocclin,32,5e-05,1,32,1,0.2,lr5e-05_bs32_modL1_fusion32_fusionL1_drop0p2_trmiss80_trlocclin,18,0.5065946827332178,0.68331578373909,0.5672268907563025,0.7249939548845635,0.6,0.0,0.0,0.0,0.0,2002,clin,0.8
5,3,lr5e-05_bs32_modL1_fusion32_fusionL1_drop0p2_trmiss80_trlocclin,32,5e-05,1,32,1,0.2,lr5e-05_bs32_modL1_fusion32_fusionL1_drop0p2_trmiss80_trlocclin,19,0.5000404020150503,0.6812795698642731,0.5798319327731092,0.733405913049651,0.6222222222222222,0.0,0.0,0.0,0.0,2002,clin,0.8
5,3,lr5e-05_bs32_modL1_fusion32_fusionL1_drop0p2_trmiss80_trlocclin,32,5e-05,1,32,1,0.2,lr5e-05_bs32_modL1_fusion32_fusionL1_drop0p2_trmiss80_trlocclin,20,0.5062660674254099,0.6800353825092316,0.5819327731092437,0.7360032061074703,0.6,0.0,0.0,0.0,0.0,2002,clin,0.8
5,3,lr5e-05_bs32_modL1_fusion32_fusionL1_drop0p2_trmiss80_trlocclin,32,5e-05,1,32,1,0.2,lr5e-05_bs32_modL1_fusion32_fusionL1_drop0p2_trmiss80_trlocclin,21,0.5033659289280573,0.6777682304382324,0.592436974789916,0.7436631192914307,0.6,0.0,0.0,0.0,0.0,2002,clin,0.8
5,3,lr5e-05_bs32_modL1_fusion32_fusionL1_drop0p2_trmiss80_trlocclin,32,5e-05,1,32,1,0.2,lr5e-05_bs32_modL1_fusion32_fusionL1_drop0p2_trmiss80_trlocclin,22,0.5007455398639044,0.678889125585556,0.5903361344537815,0.7393235560506622,0.6,0.0,0.0,0.0,0.0,2002,clin,0.8
5,3,lr5e-05_bs32_modL1_fusion32_fusionL1_drop0p2_trmiss80_trlocclin,32,5e-05,1,32,1,0.2,lr5e-05_bs32_modL1_fusion32_fusionL1_drop0p2_trmiss80_trlocclin,23,0.49769054849942523,0.6799178421497345,0.5882352941176471,0.7285495939927444,0.6,0.0,0.0,0.0,0.0,2002,clin,0.8
5,3,lr5e-05_bs32_modL1_fusion32_fusionL1_drop0p2_trmiss80_trlocclin,32,5e-05,1,32,1,0.2,lr5e-05_bs32_modL1_fusion32_fusionL1_drop0p2_trmiss80_trlocclin,24,0.4903637021780014,0.6800097525119781,0.5840336134453782,0.7377424173209061,0.6,0.0,0.0,0.0,0.0,2002,clin,0.8
5,3,lr5e-05_bs32_modL1_fusion32_fusionL1_drop0p2_trmiss80_trlocclin,32,5e-05,1,32,1,0.2,lr5e-05_bs32_modL1_fusion32_fusionL1_drop0p2_trmiss80_trlocclin,25,0.4832415928443273,0.6790981888771057,0.5840336134453782,0.7406748702165943,0.6,0.0,0.0,0.0,0.0,2002,clin,0.8
5,3,lr5e-05_bs32_modL1_fusion32_fusionL1_drop0p2_trmiss80_trlocclin,32,5e-05,1,32,1,0.2,lr5e-05_bs32_modL1_fusion32_fusionL1_drop0p2_trmiss80_trlocclin,26,0.47743064165115356,0.6777282655239105,0.5840336134453782,0.7391951507490698,0.6,0.0,0.0,0.0,0.0,2002,clin,0.8
5,3,lr5e-05_bs32_modL1_fusion32_fusionL1_drop0p2_trmiss80_trlocclin,32,5e-05,1,32,1,0.2,lr5e-05_bs32_modL1_fusion32_fusionL1_drop0p2_trmiss80_trlocclin,27,0.4764857143163681,0.6741733551025391,0.592436974789916,0.7469230913717474,0.6,0.0,0.0,0.0,0.0,2002,clin,0.8
5,3,lr5e-05_bs32_modL1_fusion32_fusionL1_drop0p2_trmiss80_trlocclin,32,5e-05,1,32,1,0.2,lr5e-05_bs32_modL1_fusion32_fusionL1_drop0p2_trmiss80_trlocclin,28,0.4958834300438563,0.6714332401752472,0.5987394957983193,0.7523201066371836,0.6,0.0,0.0,0.0,0.0,2002,clin,0.8
5,3,lr5e-05_bs32_modL1_fusion32_fusionL1_drop0p2_trmiss80_trlocclin,32,5e-05,1,32,1,0.2,lr5e-05_bs32_modL1_fusion32_fusionL1_drop0p2_trmiss80_trlocclin,29,0.4817295769850413,0.6710596680641174,0.6071428571428572,0.7574835989475833,0.5777777777777777,0.0,0.0,0.0,0.0,2002,clin,0.8
5,3,lr5e-05_bs32_modL1_fusion32_fusionL1_drop0p2_trmiss80_trlocclin,32,5e-05,1,32,1,0.2,lr5e-05_bs32_modL1_fusion32_fusionL1_drop0p2_trmiss80_trlocclin,30,0.47648054858048755,0.6737079918384552,0.6008403361344538,0.7522257556556843,0.6,0.0,0.0,0.0,0.0,2002,clin,0.8
5,3,lr5e-05_bs32_modL1_fusion32_fusionL1_drop0p2_trmiss80_trlocclin,32,5e-05,1,32,1,0.2,lr5e-05_bs32_modL1_fusion32_fusionL1_drop0p2_trmiss80_trlocclin,31,0.466767817735672,0.673221081495285,0.6029411764705882,0.7535428245232161,0.5777777777777777,0.0,0.0,0.0,0.0,2002,clin,0.8
5,3,lr5e-05_bs32_modL1_fusion32_fusionL1_drop0p2_trmiss80_trlocclin,32,5e-05,1,32,1,0.2,lr5e-05_bs32_modL1_fusion32_fusionL1_drop0p2_trmiss80_trlocclin,32,0.46185017625490826,0.6705507636070251,0.6008403361344539,0.7527068487085252,0.6,0.0,0.0,0.0,0.0,2002,clin,0.8
5,3,lr5e-05_bs32_modL1_fusion32_fusionL1_drop0p2_trmiss80_trlocclin,32,5e-05,1,32,1,0.2,lr5e-05_bs32_modL1_fusion32_fusionL1_drop0p2_trmiss80_trlocclin,33,0.4766291032234828,0.6725586652755737,0.5987394957983193,0.7500955126761365,0.5777777777777777,0.0,0.0,0.0,0.0,2002,clin,0.8
5,3,lr5e-05_bs32_modL1_fusion32_fusionL1_drop0p2_trmiss80_trlocclin,32,5e-05,1,32,1,0.2,lr5e-05_bs32_modL1_fusion32_fusionL1_drop0p2_trmiss80_trlocclin,34,0.46248964965343475,0.6709192991256714,0.5945378151260504,0.7502762204226336,0.6,0.0,0.0,0.0,0.0,2002,clin,0.8
5,3,lr5e-05_bs32_modL1_fusion32_fusionL1_drop0p2_trmiss80_trlocclin,32,5e-05,1,32,1,0.2,lr5e-05_bs32_modL1_fusion32_fusionL1_drop0p2_trmiss80_trlocclin,35,0.4646373788515727,0.6681535243988037,0.5945378151260504,0.7478899988916753,0.6,0.0,0.0,0.0,0.0,2002,clin,0.8
5,3,lr5e-05_bs32_modL1_fusion32_fusionL1_drop0p2_trmiss80_trlocclin,32,5e-05,1,32,1,0.2,lr5e-05_bs32_modL1_fusion32_fusionL1_drop0p2_trmiss80_trlocclin,36,0.4752311458190282,0.6662488579750061,0.6008403361344538,0.7517748028132439,0.6,0.0,0.0,0.0,0.0,2002,clin,0.8
5,3,lr5e-05_bs32_modL1_fusion32_fusionL1_drop0p2_trmiss80_trlocclin,32,5e-05,1,32,1,0.2,lr5e-05_bs32_modL1_fusion32_fusionL1_drop0p2_trmiss80_trlocclin,37,0.46862069765726727,0.6700595021247864,0.6092436974789917,0.7581422328697641,0.6,0.0,0.0,0.0,0.0,2002,clin,0.8
5,3,lr5e-05_bs32_modL1_fusion32_fusionL1_drop0p2_trmiss80_trlocclin,32,5e-05,1,32,1,0.2,lr5e-05_bs32_modL1_fusion32_fusionL1_drop0p2_trmiss80_trlocclin,38,0.45253699521223706,0.6705273687839508,0.6071428571428571,0.7554184043259976,0.6,0.0,0.0,0.0,0.0,2002,clin,0.8
5,3,lr5e-05_bs32_modL1_fusion32_fusionL1_drop0p2_trmiss80_trlocclin,32,5e-05,1,32,1,0.2,lr5e-05_bs32_modL1_fusion32_fusionL1_drop0p2_trmiss80_trlocclin,39,0.4364241460959117,0.6675875186920166,0.6197478991596639,0.7649592206525283,0.6,0.0,0.0,0.0,0.0,2002,clin,0.8
5,3,lr5e-05_bs32_modL1_fusion32_fusionL1_drop0p2_trmiss80_trlocclin,32,5e-05,1,32,1,0.2,lr5e-05_bs32_modL1_fusion32_fusionL1_drop0p2_trmiss80_trlocclin,40,0.4565924604733785,0.6669039130210876,0.6239495798319328,0.7665466119579648,0.6,0.0,0.0,0.0,0.0,2002,clin,0.8
5,3,lr5e-05_bs32_modL1_fusion32_fusionL1_drop0p2_trmiss80_trlocclin,32,5e-05,1,32,1,0.2,lr5e-05_bs32_modL1_fusion32_fusionL1_drop0p2_trmiss80_trlocclin,41,0.4477570156256358,0.6646587252616882,0.6176470588235294,0.7628798620412148,0.6,0.0,0.0,0.0,0.0,2002,clin,0.8
5,3,lr5e-05_bs32_modL1_fusion32_fusionL1_drop0p2_trmiss80_trlocclin,32,5e-05,1,32,1,0.2,lr5e-05_bs32_modL1_fusion32_fusionL1_drop0p2_trmiss80_trlocclin,42,0.4441289206345876,0.6637978851795197,0.6113445378151261,0.7601059035742554,0.6,0.0,0.0,0.0,0.0,2002,clin,0.8
5,3,lr5e-05_bs32_modL1_fusion32_fusionL1_drop0p2_trmiss80_trlocclin,32,5e-05,1,32,1,0.2,lr5e-05_bs32_modL1_fusion32_fusionL1_drop0p2_trmiss80_trlocclin,43,0.4460626691579819,0.6657910346984863,0.6134453781512604,0.7600016573303033,0.6,0.0,0.0,0.0,0.0,2002,clin,0.8
5,3,lr5e-05_bs32_modL1_fusion32_fusionL1_drop0p2_trmiss80_trlocclin,32,5e-05,1,32,1,0.2,lr5e-05_bs32_modL1_fusion32_fusionL1_drop0p2_trmiss80_trlocclin,44,0.44080618520577747,0.6654994785785675,0.6050420168067226,0.7556809411486849,0.6,0.0,0.0,0.0,0.0,2002,clin,0.8
5,3,lr5e-05_bs32_modL1_fusion32_fusionL1_drop0p2_trmiss80_trlocclin,32,5e-05,1,32,1,0.2,lr5e-05_bs32_modL1_fusion32_fusionL1_drop0p2_trmiss80_trlocclin,45,0.4534390966097514,0.6673021018505096,0.6071428571428571,0.7580666819742754,0.5777777777777777,0.0,0.0,0.0,0.0,2002,clin,0.8
5,3,lr5e-05_bs32_modL1_fusion32_fusionL1_drop0p2_trmiss80_trlocclin,32,5e-05,1,32,1,0.2,lr5e-05_bs32_modL1_fusion32_fusionL1_drop0p2_trmiss80_trlocclin,46,0.4445234586795171,0.6660933494567871,0.6113445378151261,0.7580834234326644,0.5777777777777777,0.0,0.0,0.0,0.0,2002,clin,0.8
5,3,lr5e-05_bs32_modL1_fusion32_fusionL1_drop0p2_trmiss80_trlocclin,32,5e-05,1,32,1,0.2,lr5e-05_bs32_modL1_fusion32_fusionL1_drop0p2_trmiss80_trlocclin,47,0.43961935738722485,0.6654780209064484,0.6092436974789917,0.7561308483843064,0.5777777777777777,0.0,0.0,0.0,0.0,2002,clin,0.8
5,3,lr5e-05_bs32_modL1_fusion32_fusionL1_drop0p2_trmiss80_trlocclin,32,5e-05,1,32,1,0.2,lr5e-05_bs32_modL1_fusion32_fusionL1_drop0p2_trmiss80_trlocclin,48,0.43620245655377704,0.665683776140213,0.6134453781512604,0.7580903476840115,0.5777777777777777,0.0,0.0,0.0,0.0,2002,clin,0.8
5,3,lr5e-05_bs32_modL1_fusion32_fusionL1_drop0p2_trmiss80_trlocclin,32,5e-05,1,32,1,0.2,lr5e-05_bs32_modL1_fusion32_fusionL1_drop0p2_trmiss80_trlocclin,49,0.42158178985118866,0.6655518710613251,0.6071428571428572,0.7554232159486195,0.5777777777777777,0.0,0.0,0.0,0.0,2002,clin,0.8
5,3,lr5e-05_bs32_modL1_fusion32_fusionL1_drop0p2_trmiss80_trlocclin,32,5e-05,1,32,1,0.2,lr5e-05_bs32_modL1_fusion32_fusionL1_drop0p2_trmiss80_trlocclin,50,0.4290567288796107,0.6658785045146942,0.6134453781512605,0.7583024337692607,0.5777777777777777,0.0,0.0,0.0,0.0,2002,clin,0.8
5,3,lr5e-05_bs32_modL1_fusion32_fusionL1_drop0p2_trmiss80_trlocclin,32,5e-05,1,32,1,0.2,lr5e-05_bs32_modL1_fusion32_fusionL1_drop0p2_trmiss80_trlocclin,51,0.4207167327404022,0.6649804413318634,0.6176470588235294,0.7622330269855682,0.5777777777777777,0.0,0.0,0.0,0.0,2002,clin,0.8
5,3,lr5e-05_bs32_modL1_fusion32_fusionL1_drop0p2_trmiss80_trlocclin,32,5e-05,1,32,1,0.2,lr5e-05_bs32_modL1_fusion32_fusionL1_drop0p2_trmiss80_trlocclin,52,0.4401157697041829,0.6642972528934479,0.6197478991596639,0.7616742224427181,0.6,0.0,0.0,0.0,0.0,2002,clin,0.8
5,3,lr5e-05_bs32_modL1_fusion32_fusionL1_drop0p2_trmiss80_trlocclin,32,5e-05,1,32,1,0.2,lr5e-05_bs32_modL1_fusion32_fusionL1_drop0p2_trmiss80_trlocclin,53,0.4235157122214635,0.6647212207317352,0.6113445378151261,0.7572054232159934,0.5777777777777777,0.0,0.0,0.0,0.0,2002,clin,0.8
5,3,lr5e-05_bs32_modL1_fusion32_fusionL1_drop0p2_trmiss80_trlocclin,32,5e-05,1,32,1,0.2,lr5e-05_bs32_modL1_fusion32_fusionL1_drop0p2_trmiss80_trlocclin,54,0.4254341075817744,0.6656480431556702,0.6134453781512605,0.7589715142677987,0.5555555555555556,0.0,0.0,0.0,0.0,2002,clin,0.8
5,3,lr5e-05_bs32_modL1_fusion32_fusionL1_drop0p2_trmiss80_trlocclin,32,5e-05,1,32,1,0.2,lr5e-05_bs32_modL1_fusion32_fusionL1_drop0p2_trmiss80_trlocclin,55,0.4212903181711833,0.6672342121601105,0.615546218487395,0.7589746409519045,0.5555555555555556,0.0,0.0,0.0,0.0,2002,clin,0.8
5,3,lr5e-05_bs32_modL1_fusion32_fusionL1_drop0p2_trmiss80_trlocclin,32,5e-05,1,32,1,0.2,lr5e-05_bs32_modL1_fusion32_fusionL1_drop0p2_trmiss80_trlocclin,56,0.42916760842005414,0.6665981709957123,0.6134453781512605,0.7596044064993521,0.5555555555555556,0.0,0.0,0.0,0.0,2002,clin,0.8
5,3,lr5e-05_bs32_modL1_fusion32_fusionL1_drop0p2_trmiss80_trlocclin,32,5e-05,1,32,1,0.2,lr5e-05_bs32_modL1_fusion32_fusionL1_drop0p2_trmiss80_trlocclin,57,0.42980822424093884,0.6643490195274353,0.615546218487395,0.7614050346171789,0.5555555555555556,0.0,0.0,0.0,0.0,2002,clin,0.8
5,3,lr5e-05_bs32_modL1_fusion32_fusionL1_drop0p2_trmiss80_trlocclin,32,5e-05,1,32,1,0.2,lr5e-05_bs32_modL1_fusion32_fusionL1_drop0p2_trmiss80_trlocclin,58,0.43291592101256055,0.6643722653388977,0.6176470588235294,0.7613690256525985,0.5777777777777777,0.0,0.0,0.0,0.0,2002,clin,0.8
5,3,lr5e-05_bs32_modL1_fusion32_fusionL1_drop0p2_trmiss80_trlocclin,32,5e-05,1,32,1,0.2,lr5e-05_bs32_modL1_fusion32_fusionL1_drop0p2_trmiss80_trlocclin,59,0.42875880499680835,0.6629747450351715,0.6197478991596639,0.76145275145061,0.6,0.0,0.0,0.0,0.0,2002,clin,0.8
5,3,lr5e-05_bs32_modL1_fusion32_fusionL1_drop0p2_trmiss80_trlocclin,32,5e-05,1,32,1,0.2,lr5e-05_bs32_modL1_fusion32_fusionL1_drop0p2_trmiss80_trlocclin,60,0.4162519673506419,0.6627699136734009,0.6176470588235294,0.7604175547632394,0.5777777777777777,0.0,0.0,0.0,0.0,2002,clin,0.8
5,3,lr5e-05_bs32_modL1_fusion32_fusionL1_drop0p1_trmiss80_trlocclin,32,5e-05,1,32,1,0.1,lr5e-05_bs32_modL1_fusion32_fusionL1_drop0p1_trmiss80_trlocclin,1,0.8606479167938232,0.7182601690292358,0.546218487394958,0.6618509527931349,0.37777777777777777,0.0,0.0,0.0,0.0,2002,clin,0.8
5,3,lr5e-05_bs32_modL1_fusion32_fusionL1_drop0p1_trmiss80_trlocclin,32,5e-05,1,32,1,0.1,lr5e-05_bs32_modL1_fusion32_fusionL1_drop0p1_trmiss80_trlocclin,2,0.8358868062496185,0.7182252705097198,0.5903361344537815,0.681067105185967,0.4,0.0,0.0,0.0,0.0,2002,clin,0.8
5,3,lr5e-05_bs32_modL1_fusion32_fusionL1_drop0p1_trmiss80_trlocclin,32,5e-05,1,32,1,0.1,lr5e-05_bs32_modL1_fusion32_fusionL1_drop0p1_trmiss80_trlocclin,3,0.7779260476430258,0.7220972180366516,0.6176470588235294,0.7141801599224489,0.4222222222222222,0.0,0.0,0.0,0.0,2002,clin,0.8
5,3,lr5e-05_bs32_modL1_fusion32_fusionL1_drop0p1_trmiss80_trlocclin,32,5e-05,1,32,1,0.1,lr5e-05_bs32_modL1_fusion32_fusionL1_drop0p1_trmiss80_trlocclin,4,0.7822472353776296,0.7275677025318146,0.6407563025210085,0.7480052950816272,0.4444444444444444,0.0,0.0,0.0,0.0,2002,clin,0.8
5,3,lr5e-05_bs32_modL1_fusion32_fusionL1_drop0p1_trmiss80_trlocclin,32,5e-05,1,32,1,0.1,lr5e-05_bs32_modL1_fusion32_fusionL1_drop0p1_trmiss80_trlocclin,5,0.7849461038907369,0.7335589230060577,0.6449579831932772,0.7537330262665829,0.4444444444444444,0.0,0.0,0.0,0.0,2002,clin,0.8
5,3,lr5e-05_bs32_modL1_fusion32_fusionL1_drop0p1_trmiss80_trlocclin,32,5e-05,1,32,1,0.1,lr5e-05_bs32_modL1_fusion32_fusionL1_drop0p1_trmiss80_trlocclin,6,0.7485749026139578,0.7373276948928833,0.6449579831932774,0.7616912560462598,0.4444444444444444,0.0,0.0,0.0,0.0,2002,clin,0.8
5,3,lr5e-05_bs32_modL1_fusion32_fusionL1_drop0p1_trmiss80_trlocclin,32,5e-05,1,32,1,0.1,lr5e-05_bs32_modL1_fusion32_fusionL1_drop0p1_trmiss80_trlocclin,7,0.7353911300500234,0.7409094572067261,0.6533613445378151,0.7699531264567827,0.4666666666666667,0.0,0.0,0.0,0.0,2002,clin,0.8
5,3,lr5e-05_bs32_modL1_fusion32_fusionL1_drop0p1_trmiss80_trlocclin,32,5e-05,1,32,1,0.1,lr5e-05_bs32_modL1_fusion32_fusionL1_drop0p1_trmiss80_trlocclin,8,0.7355895241101583,0.7412367463111877,0.6512605042016807,0.7698335139079224,0.4666666666666667,0.0,0.0,0.0,0.0,2002,clin,0.8
5,3,lr5e-05_bs32_modL1_fusion32_fusionL1_drop0p1_trmiss80_trlocclin,32,5e-05,1,32,1,0.1,lr5e-05_bs32_modL1_fusion32_fusionL1_drop0p1_trmiss80_trlocclin,9,0.6977904140949249,0.7448124885559082,0.6533613445378151,0.7760571496072615,0.4666666666666667,0.0,0.0,0.0,0.0,2002,clin,0.8
5,3,lr5e-05_bs32_modL1_fusion32_fusionL1_drop0p1_trmiss80_trlocclin,32,5e-05,1,32,1,0.1,lr5e-05_bs32_modL1_fusion32_fusionL1_drop0p1_trmiss80_trlocclin,10,0.7095426718393961,0.7437511384487152,0.6617647058823529,0.7844876602368449,0.4666666666666667,0.0,0.0,0.0,0.0,2002,clin,0.8
5,3,lr5e-05_bs32_modL1_fusion32_fusionL1_drop0p1_trmiss80_trlocclin,32,5e-05,1,32,1,0.1,lr5e-05_bs32_modL1_fusion32_fusionL1_drop0p1_trmiss80_trlocclin,11,0.688310037056605,0.7417896687984467,0.6638655462184874,0.7882990545881147,0.4666666666666667,0.0,0.0,0.0,0.0,2002,clin,0.8
5,3,lr5e-05_bs32_modL1_fusion32_fusionL1_drop0p1_trmiss80_trlocclin,32,5e-05,1,32,1,0.1,lr5e-05_bs32_modL1_fusion32_fusionL1_drop0p1_trmiss80_trlocclin,12,0.6880483527978262,0.7421335577964783,0.6743697478991597,0.7962835416647335,0.4666666666666667,0.0,0.0,0.0,0.0,2002,clin,0.8
5,3,lr5e-05_bs32_modL1_fusion32_fusionL1_drop0p1_trmiss80_trlocclin,32,5e-05,1,32,1,0.1,lr5e-05_bs32_modL1_fusion32_fusionL1_drop0p1_trmiss80_trlocclin,13,0.684842030207316,0.7438449263572693,0.6659663865546219,0.7939453824985653,0.4444444444444444,0.0,0.0,0.0,0.0,2002,clin,0.8
5,3,lr5e-05_bs32_modL1_fusion32_fusionL1_drop0p1_trmiss80_trlocclin,32,5e-05,1,32,1,0.1,lr5e-05_bs32_modL1_fusion32_fusionL1_drop0p1_trmiss80_trlocclin,14,0.6759592195351919,0.7404119074344635,0.6701680672268908,0.7989147187179015,0.4444444444444444,0.0,0.0,0.0,0.0,2002,clin,0.8
5,3,lr5e-05_bs32_modL1_fusion32_fusionL1_drop0p1_trmiss80_trlocclin,32,5e-05,1,32,1,0.1,lr5e-05_bs32_modL1_fusion32_fusionL1_drop0p1_trmiss80_trlocclin,15,0.6749403576056162,0.7437712550163269,0.6659663865546218,0.7943635907175254,0.4444444444444444,0.0,0.0,0.0,0.0,2002,clin,0.8
5,3,lr5e-05_bs32_modL1_fusion32_fusionL1_drop0p1_trmiss80_trlocclin,32,5e-05,1,32,1,0.1,lr5e-05_bs32_modL1_fusion32_fusionL1_drop0p1_trmiss80_trlocclin,16,0.6650563180446625,0.7426210343837738,0.661764705882353,0.7942064870778881,0.4444444444444444,0.0,0.0,0.0,0.0,2002,clin,0.8
5,3,lr5e-05_bs32_modL1_fusion32_fusionL1_drop0p1_trmiss80_trlocclin,32,5e-05,1,32,1,0.1,lr5e-05_bs32_modL1_fusion32_fusionL1_drop0p1_trmiss80_trlocclin,17,0.6575556298096975,0.7376219630241394,0.6596638655462186,0.796231740872631,0.4444444444444444,0.0,0.0,0.0,0.0,2002,clin,0.8
5,3,lr5e-05_bs32_modL1_fusion32_fusionL1_drop0p1_trmiss80_trlocclin,32,5e-05,1,32,1,0.1,lr5e-05_bs32_modL1_fusion32_fusionL1_drop0p1_trmiss80_trlocclin,18,0.6614865362644196,0.7382250130176544,0.6638655462184875,0.8003833623359394,0.4444444444444444,0.0,0.0,0.0,0.0,2002,clin,0.8
5,3,lr5e-05_bs32_modL1_fusion32_fusionL1_drop0p1_trmiss80_trlocclin,32,5e-05,1,32,1,0.1,lr5e-05_bs32_modL1_fusion32_fusionL1_drop0p1_trmiss80_trlocclin,19,0.6491628487904867,0.7393884360790253,0.6596638655462186,0.7983292928448952,0.4666666666666667,0.0,0.0,0.0,0.0,2002,clin,0.8
5,3,lr5e-05_bs32_modL1_fusion32_fusionL1_drop0p1_trmiss80_trlocclin,32,5e-05,1,32,1,0.1,lr5e-05_bs32_modL1_fusion32_fusionL1_drop0p1_trmiss80_trlocclin,20,0.6486949821313223,0.7409293353557587,0.6596638655462185,0.7996447036245916,0.4444444444444444,0.0,0.0,0.0,0.0,2002,clin,0.8
5,3,lr5e-05_bs32_modL1_fusion32_fusionL1_drop0p1_trmiss80_trlocclin,32,5e-05,1,32,1,0.1,lr5e-05_bs32_modL1_fusion32_fusionL1_drop0p1_trmiss80_trlocclin,21,0.6577447056770325,0.7391139268875122,0.657563025210084,0.7982026775387949,0.4444444444444444,0.0,0.0,0.0,0.0,2002,clin,0.8
5,3,lr5e-05_bs32_modL1_fusion32_fusionL1_drop0p1_trmiss80_trlocclin,32,5e-05,1,32,1,0.1,lr5e-05_bs32_modL1_fusion32_fusionL1_drop0p1_trmiss80_trlocclin,22,0.6622438629468282,0.7383939027786255,0.6617647058823529,0.8017727140730355,0.4444444444444444,0.0,0.0,0.0,0.0,2002,clin,0.8
5,3,lr5e-05_bs32_modL1_fusion32_fusionL1_drop0p1_trmiss80_trlocclin,32,5e-05,1,32,1,0.1,lr5e-05_bs32_modL1_fusion32_fusionL1_drop0p1_trmiss80_trlocclin,23,0.6359580854574839,0.7362274825572968,0.661764705882353,0.8008612032236365,0.4666666666666667,0.0,0.0,0.0,0.0,2002,clin,0.8
5,3,lr5e-05_bs32_modL1_fusion32_fusionL1_drop0p1_trmiss80_trlocclin,32,5e-05,1,32,1,0.1,lr5e-05_bs32_modL1_fusion32_fusionL1_drop0p1_trmiss80_trlocclin,24,0.6426653365294138,0.7366551458835602,0.6617647058823529,0.8024148425460463,0.4666666666666667,0.0,0.0,0.0,0.0,2002,clin,0.8
5,3,lr5e-05_bs32_modL1_fusion32_fusionL1_drop0p1_trmiss80_trlocclin,32,5e-05,1,32,1,0.1,lr5e-05_bs32_modL1_fusion32_fusionL1_drop0p1_trmiss80_trlocclin,25,0.6487214962641398,0.7371180653572083,0.6680672268907564,0.8048547411325614,0.4666666666666667,0.0,0.0,0.0,0.0,2002,clin,0.8
5,3,lr5e-05_bs32_modL1_fusion32_fusionL1_drop0p1_trmiss80_trlocclin,32,5e-05,1,32,1,0.1,lr5e-05_bs32_modL1_fusion32_fusionL1_drop0p1_trmiss80_trlocclin,26,0.6626170873641968,0.738213300704956,0.6722689075630252,0.8066118012767184,0.4666666666666667,0.0,0.0,0.0,0.0,2002,clin,0.8
5,3,lr5e-05_bs32_modL1_fusion32_fusionL1_drop0p1_trmiss80_trlocclin,32,5e-05,1,32,1,0.1,lr5e-05_bs32_modL1_fusion32_fusionL1_drop0p1_trmiss80_trlocclin,27,0.637426902850469,0.7412507236003876,0.6701680672268908,0.8054006036521082,0.4444444444444444,0.0,0.0,0.0,0.0,2002,clin,0.8
5,3,lr5e-05_bs32_modL1_fusion32_fusionL1_drop0p1_trmiss80_trlocclin,32,5e-05,1,32,1,0.1,lr5e-05_bs32_modL1_fusion32_fusionL1_drop0p1_trmiss80_trlocclin,28,0.6450541516145071,0.7358756065368652,0.6659663865546218,0.8034449666964711,0.4666666666666667,0.0,0.0,0.0,0.0,2002,clin,0.8
5,3,lr5e-05_bs32_modL1_fusion32_fusionL1_drop0p1_trmiss80_trlocclin,32,5e-05,1,32,1,0.1,lr5e-05_bs32_modL1_fusion32_fusionL1_drop0p1_trmiss80_trlocclin,29,0.6321013867855072,0.7386080920696259,0.6596638655462185,0.8010954382661157,0.4666666666666667,0.0,0.0,0.0,0.0,2002,clin,0.8
5,3,lr5e-05_bs32_modL1_fusion32_fusionL1_drop0p1_trmiss80_trlocclin,32,5e-05,1,32,1,0.1,lr5e-05_bs32_modL1_fusion32_fusionL1_drop0p1_trmiss80_trlocclin,30,0.6373121639092764,0.7359031140804291,0.6659663865546218,0.8043338042985994,0.4666666666666667,0.0,0.0,0.0,0.0,2002,clin,0.8
5,3,lr5e-05_bs32_modL1_fusion32_fusionL1_drop0p1_trmiss80_trlocclin,32,5e-05,1,32,1,0.1,lr5e-05_bs32_modL1_fusion32_fusionL1_drop0p1_trmiss80_trlocclin,31,0.6365539332230886,0.737867683172226,0.6659663865546219,0.8052379736586511,0.4666666666666667,0.0,0.0,0.0,0.0,2002,clin,0.8
5,3,lr5e-05_bs32_modL1_fusion32_fusionL1_drop0p1_trmiss80_trlocclin,32,5e-05,1,32,1,0.1,lr5e-05_bs32_modL1_fusion32_fusionL1_drop0p1_trmiss80_trlocclin,32,0.6446909507115682,0.7363396883010864,0.6680672268907563,0.8066310318995354,0.4666666666666667,0.0,0.0,0.0,0.0,2002,clin,0.8
5,3,lr5e-05_bs32_modL1_fusion64_fusionL1_drop0p2_trmiss80_trlocclin,32,5e-05,1,64,1,0.2,lr5e-05_bs32_modL1_fusion64_fusionL1_drop0p2_trmiss80_trlocclin,1,0.6937312384446462,0.6910592317581177,0.42436974789915966,0.5766064770916152,0.5777777777777777,0.0,0.0,0.0,0.0,2002,clin,0.8
5,3,lr5e-05_bs32_modL1_fusion64_fusionL1_drop0p2_trmiss80_trlocclin,32,5e-05,1,64,1,0.2,lr5e-05_bs32_modL1_fusion64_fusionL1_drop0p2_trmiss80_trlocclin,2,0.6307806770006815,0.6889430582523346,0.4369747899159664,0.5865562295570499,0.6222222222222222,0.0,0.0,0.0,0.0,2002,clin,0.8
5,3,lr5e-05_bs32_modL1_fusion64_fusionL1_drop0p2_trmiss80_trlocclin,32,5e-05,1,64,1,0.2,lr5e-05_bs32_modL1_fusion64_fusionL1_drop0p2_trmiss80_trlocclin,3,0.6277717351913452,0.6881603300571442,0.46218487394957986,0.6220491676748551,0.6222222222222222,0.0,0.0,0.0,0.0,2002,clin,0.8
5,3,lr5e-05_bs32_modL1_fusion64_fusionL1_drop0p2_trmiss80_trlocclin,32,5e-05,1,64,1,0.2,lr5e-05_bs32_modL1_fusion64_fusionL1_drop0p2_trmiss80_trlocclin,4,0.6049734751383463,0.6899521946907043,0.4726890756302521,0.6252413631389988,0.6,0.0,0.0,0.0,0.0,2002,clin,0.8
5,3,lr5e-05_bs32_modL1_fusion64_fusionL1_drop0p2_trmiss80_trlocclin,32,5e-05,1,64,1,0.2,lr5e-05_bs32_modL1_fusion64_fusionL1_drop0p2_trmiss80_trlocclin,5,0.5983582238356272,0.6899425983428955,0.49579831932773105,0.6261442460722243,0.6,0.0,0.0,0.0,0.0,2002,clin,0.8
5,3,lr5e-05_bs32_modL1_fusion64_fusionL1_drop0p2_trmiss80_trlocclin,32,5e-05,1,64,1,0.2,lr5e-05_bs32_modL1_fusion64_fusionL1_drop0p2_trmiss80_trlocclin,6,0.5855948825677236,0.6901485621929169,0.5042016806722689,0.6318445025528745,0.5777777777777777,0.0,0.0,0.0,0.0,2002,clin,0.8
5,3,lr5e-05_bs32_modL1_fusion64_fusionL1_drop0p2_trmiss80_trlocclin,32,5e-05,1,64,1,0.2,lr5e-05_bs32_modL1_fusion64_fusionL1_drop0p2_trmiss80_trlocclin,7,0.5733359257380167,0.6863953769207001,0.5273109243697479,0.650629849342206,0.6,0.0,0.0,0.0,0.0,2002,clin,0.8
5,3,lr5e-05_bs32_modL1_fusion64_fusionL1_drop0p2_trmiss80_trlocclin,32,5e-05,1,64,1,0.2,lr5e-05_bs32_modL1_fusion64_fusionL1_drop0p2_trmiss80_trlocclin,8,0.5602136055628458,0.6839516162872314,0.5231092436974789,0.648544144134361,0.6,0.0,0.0,0.0,0.0,2002,clin,0.8
5,3,lr5e-05_bs32_modL1_fusion64_fusionL1_drop0p2_trmiss80_trlocclin,32,5e-05,1,64,1,0.2,lr5e-05_bs32_modL1_fusion64_fusionL1_drop0p2_trmiss80_trlocclin,9,0.5636092325051626,0.6828913688659668,0.5273109243697479,0.6535473275068787,0.6222222222222222,0.0,0.0,0.0,0.0,2002,clin,0.8
5,3,lr5e-05_bs32_modL1_fusion64_fusionL1_drop0p2_trmiss80_trlocclin,32,5e-05,1,64,1,0.2,lr5e-05_bs32_modL1_fusion64_fusionL1_drop0p2_trmiss80_trlocclin,10,0.5363779465357462,0.6818368434906006,0.5420168067226891,0.6662460628486646,0.6222222222222222,0.0,0.0,0.0,0.0,2002,clin,0.8
5,3,lr5e-05_bs32_modL1_fusion64_fusionL1_drop0p2_trmiss80_trlocclin,32,5e-05,1,64,1,0.2,lr5e-05_bs32_modL1_fusion64_fusionL1_drop0p2_trmiss80_trlocclin,11,0.530641237894694,0.6811098158359528,0.5483193277310925,0.6675522712419729,0.6222222222222222,0.0,0.0,0.0,0.0,2002,clin,0.8
5,3,lr5e-05_bs32_modL1_fusion64_fusionL1_drop0p2_trmiss80_trlocclin,32,5e-05,1,64,1,0.2,lr5e-05_bs32_modL1_fusion64_fusionL1_drop0p2_trmiss80_trlocclin,12,0.5217653612295786,0.6839569211006165,0.546218487394958,0.6687374649265297,0.6,0.0,0.0,0.0,0.0,2002,clin,0.8
5,3,lr5e-05_bs32_modL1_fusion64_fusionL1_drop0p2_trmiss80_trlocclin,32,5e-05,1,64,1,0.2,lr5e-05_bs32_modL1_fusion64_fusionL1_drop0p2_trmiss80_trlocclin,13,0.5174208680788676,0.6814510226249695,0.5672268907563025,0.6800584857624555,0.5555555555555556,0.0,0.0,0.0,0.0,2002,clin,0.8
5,3,lr5e-05_bs32_modL1_fusion64_fusionL1_drop0p2_trmiss80_trlocclin,32,5e-05,1,64,1,0.2,lr5e-05_bs32_modL1_fusion64_fusionL1_drop0p2_trmiss80_trlocclin,14,0.512273982167244,0.6803919970989227,0.5777310924369747,0.6804956267517265,0.5777777777777777,0.0,0.0,0.0,0.0,2002,clin,0.8
5,3,lr5e-05_bs32_modL1_fusion64_fusionL1_drop0p2_trmiss80_trlocclin,32,5e-05,1,64,1,0.2,lr5e-05_bs32_modL1_fusion64_fusionL1_drop0p2_trmiss80_trlocclin,15,0.49929379920164746,0.6799639165401459,0.5840336134453782,0.6858178404575609,0.6,0.0,0.0,0.0,0.0,2002,clin,0.8
5,3,lr5e-05_bs32_modL1_fusion64_fusionL1_drop0p2_trmiss80_trlocclin,32,5e-05,1,64,1,0.2,lr5e-05_bs32_modL1_fusion64_fusionL1_drop0p2_trmiss80_trlocclin,16,0.4834951062997182,0.6810694336891174,0.5777310924369748,0.6850612628352197,0.6,0.0,0.0,0.0,0.0,2002,clin,0.8
5,3,lr5e-05_bs32_modL1_fusion64_fusionL1_drop0p2_trmiss80_trlocclin,32,5e-05,1,64,1,0.2,lr5e-05_bs32_modL1_fusion64_fusionL1_drop0p2_trmiss80_trlocclin,17,0.4848259588082631,0.6789477467536926,0.5777310924369747,0.6880503829875461,0.5777777777777777,0.0,0.0,0.0,0.0,2002,clin,0.8
5,3,lr5e-05_bs32_modL1_fusion64_fusionL1_drop0p2_trmiss80_trlocclin,32,5e-05,1,64,1,0.2,lr5e-05_bs32_modL1_fusion64_fusionL1_drop0p2_trmiss80_trlocclin,18,0.49286218484242755,0.677284449338913,0.5777310924369747,0.6883291667038298,0.5777777777777777,0.0,0.0,0.0,0.0,2002,clin,0.8
5,3,lr5e-05_bs32_modL1_fusion64_fusionL1_drop0p2_trmiss80_trlocclin,32,5e-05,1,64,1,0.2,lr5e-05_bs32_modL1_fusion64_fusionL1_drop0p2_trmiss80_trlocclin,19,0.48183220624923706,0.6753631234169006,0.5882352941176471,0.6986023673239153,0.5777777777777777,0.0,0.0,0.0,0.0,2002,clin,0.8
5,3,lr5e-05_bs32_modL1_fusion64_fusionL1_drop0p2_trmiss80_trlocclin,32,5e-05,1,64,1,0.2,lr5e-05_bs32_modL1_fusion64_fusionL1_drop0p2_trmiss80_trlocclin,20,0.47254564861456555,0.6713866591453552,0.6029411764705883,0.7129953223114619,0.6,0.0,0.0,0.0,0.0,2002,clin,0.8
5,3,lr5e-05_bs32_modL1_fusion64_fusionL1_drop0p2_trmiss80_trlocclin,32,5e-05,1,64,1,0.2,lr5e-05_bs32_modL1_fusion64_fusionL1_drop0p2_trmiss80_trlocclin,21,0.4697891523440679,0.6723494529724121,0.5966386554621849,0.7063850466222388,0.6222222222222222,0.0,0.0,0.0,0.0,2002,clin,0.8
5,3,lr5e-05_bs32_modL1_fusion64_fusionL1_drop0p2_trmiss80_trlocclin,32,5e-05,1,64,1,0.2,lr5e-05_bs32_modL1_fusion64_fusionL1_drop0p2_trmiss80_trlocclin,22,0.45903387665748596,0.6723414063453674,0.5777310924369747,0.7103394590399413,0.5555555555555556,0.0,0.0,0.0,0.0,2002,clin,0.8
5,3,lr5e-05_bs32_modL1_fusion64_fusionL1_drop0p2_trmiss80_trlocclin,32,5e-05,1,64,1,0.2,lr5e-05_bs32_modL1_fusion64_fusionL1_drop0p2_trmiss80_trlocclin,23,0.45118879278500873,0.6742396950721741,0.5819327731092436,0.7176680954357157,0.5555555555555556,0.0,0.0,0.0,0.0,2002,clin,0.8
5,3,lr5e-05_bs32_modL1_fusion64_fusionL1_drop0p2_trmiss80_trlocclin,32,5e-05,1,64,1,0.2,lr5e-05_bs32_modL1_fusion64_fusionL1_drop0p2_trmiss80_trlocclin,24,0.4544590810934703,0.6729559600353241,0.5882352941176471,0.7260277295038751,0.5555555555555556,0.0,0.0,0.0,0.0,2002,clin,0.8
5,3,lr5e-05_bs32_modL1_fusion64_fusionL1_drop0p2_trmiss80_trlocclin,32,5e-05,1,64,1,0.2,lr5e-05_bs32_modL1_fusion64_fusionL1_drop0p2_trmiss80_trlocclin,25,0.4298153469959895,0.672140508890152,0.5861344537815126,0.72526269743701,0.6,0.0,0.0,0.0,0.0,2002,clin,0.8
5,3,lr5e-05_bs32_modL1_fusion64_fusionL1_drop0p2_trmiss80_trlocclin,32,5e-05,1,64,1,0.2,lr5e-05_bs32_modL1_fusion64_fusionL1_drop0p2_trmiss80_trlocclin,26,0.4268423815568288,0.6706400513648987,0.5945378151260504,0.7297786070228347,0.6222222222222222,0.0,0.0,0.0,0.0,2002,clin,0.8
5,3,lr5e-05_bs32_modL1_fusion64_fusionL1_drop0p2_trmiss80_trlocclin,32,5e-05,1,64,1,0.2,lr5e-05_bs32_modL1_fusion64_fusionL1_drop0p2_trmiss80_trlocclin,27,0.4351114531358083,0.6678047478199005,0.6218487394957983,0.7543377559845119,0.6222222222222222,0.0,0.0,0.0,0.0,2002,clin,0.8
5,3,lr5e-05_bs32_modL1_fusion64_fusionL1_drop0p2_trmiss80_trlocclin,32,5e-05,1,64,1,0.2,lr5e-05_bs32_modL1_fusion64_fusionL1_drop0p2_trmiss80_trlocclin,28,0.4376492351293564,0.6688023209571838,0.6218487394957983,0.7543651294075162,0.6444444444444445,0.0,0.0,0.0,0.0,2002,clin,0.8
5,3,lr5e-05_bs32_modL1_fusion64_fusionL1_drop0p2_trmiss80_trlocclin,32,5e-05,1,64,1,0.2,lr5e-05_bs32_modL1_fusion64_fusionL1_drop0p2_trmiss80_trlocclin,29,0.40552058815956116,0.6661541759967804,0.6239495798319328,0.7549995187057439,0.6222222222222222,0.0,0.0,0.0,0.0,2002,clin,0.8
5,3,lr5e-05_bs32_modL1_fusion64_fusionL1_drop0p2_trmiss80_trlocclin,32,5e-05,1,64,1,0.2,lr5e-05_bs32_modL1_fusion64_fusionL1_drop0p2_trmiss80_trlocclin,30,0.42602546513080597,0.6681602299213409,0.6176470588235295,0.7518317273403572,0.5777777777777777,0.0,0.0,0.0,0.0,2002,clin,0.8
5,3,lr5e-05_bs32_modL1_fusion64_fusionL1_drop0p2_trmiss80_trlocclin,32,5e-05,1,64,1,0.2,lr5e-05_bs32_modL1_fusion64_fusionL1_drop0p2_trmiss80_trlocclin,31,0.4135107646385829,0.6658891141414642,0.6239495798319328,0.7592751820272883,0.5777777777777777,0.0,0.0,0.0,0.0,2002,clin,0.8
5,3,lr5e-05_bs32_modL1_fusion64_fusionL1_drop0p2_trmiss80_trlocclin,32,5e-05,1,64,1,0.2,lr5e-05_bs32_modL1_fusion64_fusionL1_drop0p2_trmiss80_trlocclin,32,0.41772231459617615,0.665699690580368,0.6281512605042017,0.7607914292816049,0.5555555555555556,0.0,0.0,0.0,0.0,2002,clin,0.8
5,3,lr5e-05_bs32_modL1_fusion64_fusionL1_drop0p2_trmiss80_trlocclin,32,5e-05,1,64,1,0.2,lr5e-05_bs32_modL1_fusion64_fusionL1_drop0p2_trmiss80_trlocclin,33,0.38971208532651264,0.665224015712738,0.6281512605042017,0.7688694336103227,0.6222222222222222,0.0,0.0,0.0,0.0,2002,clin,0.8
5,3,lr5e-05_bs32_modL1_fusion64_fusionL1_drop0p2_trmiss80_trlocclin,32,5e-05,1,64,1,0.2,lr5e-05_bs32_modL1_fusion64_fusionL1_drop0p2_trmiss80_trlocclin,34,0.40365804731845856,0.6654869318008423,0.6260504201680672,0.7612589934484782,0.6444444444444445,0.0,0.0,0.0,0.0,2002,clin,0.8
5,3,lr5e-05_bs32_modL1_fusion64_fusionL1_drop0p2_trmiss80_trlocclin,32,5e-05,1,64,1,0.2,lr5e-05_bs32_modL1_fusion64_fusionL1_drop0p2_trmiss80_trlocclin,35,0.3770747532447179,0.6655222475528717,0.6344537815126051,0.7654354096342282,0.6444444444444445,0.0,0.0,0.0,0.0,2002,clin,0.8
5,3,lr5e-05_bs32_modL1_fusion64_fusionL1_drop0p2_trmiss80_trlocclin,32,5e-05,1,64,1,0.2,lr5e-05_bs32_modL1_fusion64_fusionL1_drop0p2_trmiss80_trlocclin,36,0.3666729877392451,0.6642989218235016,0.6365546218487395,0.7655205503250391,0.6,0.0,0.0,0.0,0.0,2002,clin,0.8
5,3,lr5e-05_bs32_modL1_fusion64_fusionL1_drop0p2_trmiss80_trlocclin,32,5e-05,1,64,1,0.2,lr5e-05_bs32_modL1_fusion64_fusionL1_drop0p2_trmiss80_trlocclin,37,0.3685177465279897,0.661689430475235,0.6365546218487396,0.7661602318188829,0.6,0.0,0.0,0.0,0.0,2002,clin,0.8
5,3,lr5e-05_bs32_modL1_fusion64_fusionL1_drop0p2_trmiss80_trlocclin,32,5e-05,1,64,1,0.2,lr5e-05_bs32_modL1_fusion64_fusionL1_drop0p2_trmiss80_trlocclin,38,0.38091641664505005,0.6630056798458099,0.6386554621848739,0.7683971660282849,0.5555555555555556,0.0,0.0,0.0,0.0,2002,clin,0.8
5,3,lr5e-05_bs32_modL1_fusion64_fusionL1_drop0p2_trmiss80_trlocclin,32,5e-05,1,64,1,0.2,lr5e-05_bs32_modL1_fusion64_fusionL1_drop0p2_trmiss80_trlocclin,39,0.35583742956320447,0.6639602780342102,0.6281512605042017,0.7660601699924054,0.5555555555555556,0.0,0.0,0.0,0.0,2002,clin,0.8
5,3,lr5e-05_bs32_modL1_fusion64_fusionL1_drop0p2_trmiss80_trlocclin,32,5e-05,1,64,1,0.2,lr5e-05_bs32_modL1_fusion64_fusionL1_drop0p2_trmiss80_trlocclin,40,0.3645217567682266,0.6647960841655731,0.6323529411764706,0.7681560878715457,0.5555555555555556,0.0,0.0,0.0,0.0,2002,clin,0.8
5,3,lr5e-05_bs32_modL1_fusion64_fusionL1_drop0p2_trmiss80_trlocclin,32,5e-05,1,64,1,0.2,lr5e-05_bs32_modL1_fusion64_fusionL1_drop0p2_trmiss80_trlocclin,41,0.35363252460956573,0.6643522083759308,0.634453781512605,0.7693875202054822,0.5777777777777777,0.0,0.0,0.0,0.0,2002,clin,0.8
5,3,lr5e-05_bs32_modL1_fusion64_fusionL1_drop0p2_trmiss80_trlocclin,32,5e-05,1,64,1,0.2,lr5e-05_bs32_modL1_fusion64_fusionL1_drop0p2_trmiss80_trlocclin,42,0.3513704687356949,0.6616270840167999,0.634453781512605,0.7691627178313944,0.5777777777777777,0.0,0.0,0.0,0.0,2002,clin,0.8
5,3,lr5e-05_bs32_modL1_fusion64_fusionL1_drop0p2_trmiss80_trlocclin,32,5e-05,1,64,1,0.2,lr5e-05_bs32_modL1_fusion64_fusionL1_drop0p2_trmiss80_trlocclin,43,0.35254622002442676,0.6618907749652863,0.6470588235294118,0.7747415620315836,0.5777777777777777,0.0,0.0,0.0,0.0,2002,clin,0.8
5,3,lr5e-05_bs32_modL1_fusion64_fusionL1_drop0p2_trmiss80_trlocclin,32,5e-05,1,64,1,0.2,lr5e-05_bs32_modL1_fusion64_fusionL1_drop0p2_trmiss80_trlocclin,44,0.33471856514612836,0.6595941185951233,0.6491596638655462,0.7742341029503901,0.5777777777777777,0.0,0.0,0.0,0.0,2002,clin,0.8
5,3,lr5e-05_bs32_modL1_fusion64_fusionL1_drop0p2_trmiss80_trlocclin,32,5e-05,1,64,1,0.2,lr5e-05_bs32_modL1_fusion64_fusionL1_drop0p2_trmiss80_trlocclin,45,0.348442405462265,0.659704864025116,0.6491596638655462,0.7745088282251154,0.5777777777777777,0.0,0.0,0.0,0.0,2002,clin,0.8
5,3,lr5e-05_bs32_modL1_fusion64_fusionL1_drop0p2_trmiss80_trlocclin,32,5e-05,1,64,1,0.2,lr5e-05_bs32_modL1_fusion64_fusionL1_drop0p2_trmiss80_trlocclin,46,0.3410872469345729,0.6617205739021301,0.6323529411764706,0.7690208513113314,0.5555555555555556,0.0,0.0,0.0,0.0,2002,clin,0.8
5,3,lr5e-05_bs32_modL1_fusion64_fusionL1_drop0p2_trmiss80_trlocclin,32,5e-05,1,64,1,0.2,lr5e-05_bs32_modL1_fusion64_fusionL1_drop0p2_trmiss80_trlocclin,47,0.3374694436788559,0.6653957366943359,0.6302521008403361,0.7648613100889823,0.6,0.0,0.0,0.0,0.0,2002,clin,0.8
5,3,lr5e-05_bs32_modL1_fusion64_fusionL1_drop0p2_trmiss80_trlocclin,32,5e-05,1,64,1,0.2,lr5e-05_bs32_modL1_fusion64_fusionL1_drop0p2_trmiss80_trlocclin,48,0.3375050723552704,0.6598010659217834,0.6512605042016807,0.7829037376905401,0.6222222222222222,0.0,0.0,0.0,0.0,2002,clin,0.8
5,3,lr5e-05_bs32_modL1_fusion64_fusionL1_drop0p2_trmiss80_trlocclin,32,5e-05,1,64,1,0.2,lr5e-05_bs32_modL1_fusion64_fusionL1_drop0p2_trmiss80_trlocclin,49,0.33712850014368695,0.6596382856369019,0.6470588235294118,0.7795886865491966,0.6222222222222222,0.0,0.0,0.0,0.0,2002,clin,0.8
5,3,lr5e-05_bs32_modL1_fusion64_fusionL1_drop0p2_trmiss80_trlocclin,32,5e-05,1,64,1,0.2,lr5e-05_bs32_modL1_fusion64_fusionL1_drop0p2_trmiss80_trlocclin,50,0.32519036034742993,0.6588827073574066,0.6533613445378151,0.7876528687438137,0.6,0.0,0.0,0.0,0.0,2002,clin,0.8
5,3,lr5e-05_bs32_modL1_fusion64_fusionL1_drop0p2_trmiss80_trlocclin,32,5e-05,1,64,1,0.2,lr5e-05_bs32_modL1_fusion64_fusionL1_drop0p2_trmiss80_trlocclin,51,0.3313467601935069,0.6592680811882019,0.6533613445378151,0.775845889854697,0.6,0.0,0.0,0.0,0.0,2002,clin,0.8
5,3,lr5e-05_bs32_modL1_fusion64_fusionL1_drop0p2_trmiss80_trlocclin,32,5e-05,1,64,1,0.2,lr5e-05_bs32_modL1_fusion64_fusionL1_drop0p2_trmiss80_trlocclin,52,0.3329479545354843,0.6615711748600006,0.6491596638655462,0.775064066356292,0.6,0.0,0.0,0.0,0.0,2002,clin,0.8
5,3,lr5e-05_bs32_modL1_fusion64_fusionL1_drop0p2_trmiss80_trlocclin,32,5e-05,1,64,1,0.2,lr5e-05_bs32_modL1_fusion64_fusionL1_drop0p2_trmiss80_trlocclin,53,0.32505065699418384,0.6628482341766357,0.6428571428571428,0.7727792401038878,0.6,0.0,0.0,0.0,0.0,2002,clin,0.8
5,3,lr5e-05_bs32_modL1_fusion64_fusionL1_drop0p2_trmiss80_trlocclin,32,5e-05,1,64,1,0.2,lr5e-05_bs32_modL1_fusion64_fusionL1_drop0p2_trmiss80_trlocclin,54,0.3090154826641083,0.6636552512645721,0.6449579831932772,0.7740925297748126,0.6,0.0,0.0,0.0,0.0,2002,clin,0.8
5,3,lr5e-05_bs32_modL1_fusion64_fusionL1_drop0p2_trmiss80_trlocclin,32,5e-05,1,64,1,0.2,lr5e-05_bs32_modL1_fusion64_fusionL1_drop0p2_trmiss80_trlocclin,55,0.3143557508786519,0.66359543800354,0.6512605042016806,0.7756869416600345,0.6222222222222222,0.0,0.0,0.0,0.0,2002,clin,0.8
5,3,lr5e-05_bs32_modL1_fusion64_fusionL1_drop0p2_trmiss80_trlocclin,32,5e-05,1,64,1,0.2,lr5e-05_bs32_modL1_fusion64_fusionL1_drop0p2_trmiss80_trlocclin,56,0.32244443893432617,0.6619395017623901,0.6491596638655462,0.7744128988166517,0.6,0.0,0.0,0.0,0.0,2002,clin,0.8
5,3,lr5e-05_bs32_modL1_fusion64_fusionL1_drop0p2_trmiss80_trlocclin,32,5e-05,1,64,1,0.2,lr5e-05_bs32_modL1_fusion64_fusionL1_drop0p2_trmiss80_trlocclin,57,0.3254496604204178,0.6616612076759338,0.6449579831932774,0.7711120330157858,0.6,0.0,0.0,0.0,0.0,2002,clin,0.8
5,3,lr5e-05_bs32_modL1_fusion64_fusionL1_drop0p2_trmiss80_trlocclin,32,5e-05,1,64,1,0.2,lr5e-05_bs32_modL1_fusion64_fusionL1_drop0p2_trmiss80_trlocclin,58,0.31540059049924213,0.6609199643135071,0.6449579831932774,0.7711120330157858,0.6,0.0,0.0,0.0,0.0,2002,clin,0.8
5,3,lr5e-05_bs32_modL1_fusion64_fusionL1_drop0p2_trmiss80_trlocclin,32,5e-05,1,64,1,0.2,lr5e-05_bs32_modL1_fusion64_fusionL1_drop0p2_trmiss80_trlocclin,59,0.32602504392464954,0.6614320278167725,0.6470588235294118,0.7725210627523417,0.6,0.0,0.0,0.0,0.0,2002,clin,0.8
5,3,lr5e-05_bs32_modL1_fusion64_fusionL1_drop0p2_trmiss80_trlocclin,32,5e-05,1,64,1,0.2,lr5e-05_bs32_modL1_fusion64_fusionL1_drop0p2_trmiss80_trlocclin,60,0.3112916151682536,0.6617810130119324,0.6470588235294118,0.7728345228714608,0.6,0.0,0.0,0.0,0.0,2002,clin,0.8
5,3,lr5e-05_bs32_modL1_fusion64_fusionL1_drop0p2_trmiss80_trlocclin,32,5e-05,1,64,1,0.2,lr5e-05_bs32_modL1_fusion64_fusionL1_drop0p2_trmiss80_trlocclin,61,0.32264254490534466,0.6610681116580963,0.6491596638655462,0.77117892715202,0.6,0.0,0.0,0.0,0.0,2002,clin,0.8
5,3,lr5e-05_bs32_modL1_fusion64_fusionL1_drop0p2_trmiss80_trlocclin,32,5e-05,1,64,1,0.2,lr5e-05_bs32_modL1_fusion64_fusionL1_drop0p2_trmiss80_trlocclin,62,0.2968553404013316,0.6597432196140289,0.657563025210084,0.7802523126037617,0.6,0.0,0.0,0.0,0.0,2002,clin,0.8
5,3,lr5e-05_bs32_modL1_fusion64_fusionL1_drop0p2_trmiss80_trlocclin,32,5e-05,1,64,1,0.2,lr5e-05_bs32_modL1_fusion64_fusionL1_drop0p2_trmiss80_trlocclin,63,0.31424033145109814,0.6600995063781738,0.6638655462184874,0.7836253284767776,0.6,0.0,0.0,0.0,0.0,2002,clin,0.8
5,3,lr5e-05_bs32_modL1_fusion64_fusionL1_drop0p2_trmiss80_trlocclin,32,5e-05,1,64,1,0.2,lr5e-05_bs32_modL1_fusion64_fusionL1_drop0p2_trmiss80_trlocclin,64,0.3132396340370178,0.6598460674285889,0.6596638655462185,0.782150428171828,0.6,0.0,0.0,0.0,0.0,2002,clin,0.8
5,3,lr5e-05_bs32_modL1_fusion64_fusionL1_drop0p2_trmiss80_trlocclin,32,5e-05,1,64,1,0.2,lr5e-05_bs32_modL1_fusion64_fusionL1_drop0p2_trmiss80_trlocclin,65,0.28958235184351605,0.6592197418212891,0.6596638655462185,0.7792464989493912,0.6,0.0,0.0,0.0,0.0,2002,clin,0.8
5,3,lr5e-05_bs32_modL1_fusion64_fusionL1_drop0p2_trmiss80_trlocclin,32,5e-05,1,64,1,0.2,lr5e-05_bs32_modL1_fusion64_fusionL1_drop0p2_trmiss80_trlocclin,66,0.32162673274676007,0.660096675157547,0.657563025210084,0.7748101357330134,0.6222222222222222,0.0,0.0,0.0,0.0,2002,clin,0.8
5,3,lr5e-05_bs32_modL1_fusion64_fusionL1_drop0p2_trmiss80_trlocclin,32,5e-05,1,64,1,0.2,lr5e-05_bs32_modL1_fusion64_fusionL1_drop0p2_trmiss80_trlocclin,67,0.32401732603708905,0.6593175232410431,0.657563025210084,0.7749942032624642,0.6222222222222222,0.0,0.0,0.0,0.0,2002,clin,0.8
5,3,lr5e-05_bs32_modL1_fusion64_fusionL1_drop0p2_trmiss80_trlocclin,32,5e-05,1,64,1,0.2,lr5e-05_bs32_modL1_fusion64_fusionL1_drop0p2_trmiss80_trlocclin,68,0.3038561890522639,0.6604585349559784,0.6554621848739496,0.7753512612741389,0.6222222222222222,0.0,0.0,0.0,0.0,2002,clin,0.8
5,3,lr5e-05_bs32_modL1_fusion64_fusionL1_drop0p2_trmiss80_trlocclin,32,5e-05,1,64,1,0.2,lr5e-05_bs32_modL1_fusion64_fusionL1_drop0p2_trmiss80_trlocclin,69,0.3139684200286865,0.65840744972229,0.6554621848739496,0.7778224936695362,0.6,0.0,0.0,0.0,0.0,2002,clin,0.8
5,3,lr5e-05_bs32_modL1_fusion64_fusionL1_drop0p2_trmiss80_trlocclin,32,5e-05,1,64,1,0.2,lr5e-05_bs32_modL1_fusion64_fusionL1_drop0p2_trmiss80_trlocclin,70,0.32002917925516766,0.6588022708892822,0.6617647058823529,0.7805826108743128,0.6,0.0,0.0,0.0,0.0,2002,clin,0.8
5,3,lr5e-05_bs32_modL1_fusion64_fusionL1_drop0p2_trmiss80_trlocclin,32,5e-05,1,64,1,0.2,lr5e-05_bs32_modL1_fusion64_fusionL1_drop0p2_trmiss80_trlocclin,71,0.2986023525396983,0.6612416505813599,0.6554621848739496,0.776321247237949,0.6,0.0,0.0,0.0,0.0,2002,clin,0.8
5,3,lr5e-05_bs32_modL1_fusion64_fusionL1_drop0p2_trmiss80_trlocclin,32,5e-05,1,64,1,0.2,lr5e-05_bs32_modL1_fusion64_fusionL1_drop0p2_trmiss80_trlocclin,72,0.30378594001134235,0.6614245772361755,0.6491596638655462,0.77117892715202,0.6,0.0,0.0,0.0,0.0,2002,clin,0.8
5,3,lr5e-05_bs32_modL1_fusion64_fusionL1_drop0p2_trmiss80_trlocclin,32,5e-05,1,64,1,0.2,lr5e-05_bs32_modL1_fusion64_fusionL1_drop0p2_trmiss80_trlocclin,73,0.3067475954691569,0.6586402058601379,0.6617647058823529,0.7801042214076532,0.6,0.0,0.0,0.0,0.0,2002,clin,0.8
5,3,lr5e-05_bs32_modL1_fusion64_fusionL1_drop0p2_trmiss80_trlocclin,32,5e-05,1,64,1,0.2,lr5e-05_bs32_modL1_fusion64_fusionL1_drop0p2_trmiss80_trlocclin,74,0.31023254493872326,0.6586311459541321,0.6638655462184874,0.7808482690267009,0.6,0.0,0.0,0.0,0.0,2002,clin,0.8
5,3,lr5e-05_bs32_modL1_fusion64_fusionL1_drop0p2_trmiss80_trlocclin,32,5e-05,1,64,1,0.2,lr5e-05_bs32_modL1_fusion64_fusionL1_drop0p2_trmiss80_trlocclin,75,0.29416584471861523,0.6574851274490356,0.6659663865546218,0.7878070586401072,0.6,0.0,0.0,0.0,0.0,2002,clin,0.8
5,3,lr5e-05_bs32_modL1_fusion64_fusionL1_drop0p2_trmiss80_trlocclin,32,5e-05,1,64,1,0.2,lr5e-05_bs32_modL1_fusion64_fusionL1_drop0p2_trmiss80_trlocclin,76,0.3071257124344508,0.6600310802459717,0.6596638655462186,0.778318507121939,0.6,0.0,0.0,0.0,0.0,2002,clin,0.8
5,3,lr5e-05_bs32_modL1_fusion64_fusionL1_drop0p2_trmiss80_trlocclin,32,5e-05,1,64,1,0.2,lr5e-05_bs32_modL1_fusion64_fusionL1_drop0p2_trmiss80_trlocclin,77,0.2910444438457489,0.6584201455116272,0.6638655462184875,0.7828730199776203,0.6,0.0,0.0,0.0,0.0,2002,clin,0.8
5,3,lr5e-05_bs32_modL1_fusion64_fusionL1_drop0p2_trmiss80_trlocclin,32,5e-05,1,64,1,0.2,lr5e-05_bs32_modL1_fusion64_fusionL1_drop0p2_trmiss80_trlocclin,78,0.2942344844341278,0.6591030061244965,0.6638655462184875,0.7828730199776203,0.6,0.0,0.0,0.0,0.0,2002,clin,0.8
5,3,lr5e-05_bs32_modL1_fusion64_fusionL1_drop0p2_trmiss80_trlocclin,32,5e-05,1,64,1,0.2,lr5e-05_bs32_modL1_fusion64_fusionL1_drop0p2_trmiss80_trlocclin,79,0.31044988334178925,0.6586912274360657,0.6617647058823529,0.7824122462372298,0.6,0.0,0.0,0.0,0.0,2002,clin,0.8
5,3,lr5e-05_bs32_modL1_fusion64_fusionL1_drop0p2_trmiss80_trlocclin,32,5e-05,1,64,1,0.2,lr5e-05_bs32_modL1_fusion64_fusionL1_drop0p2_trmiss80_trlocclin,80,0.3138926476240158,0.6589365303516388,0.657563025210084,0.7796344684594521,0.6,0.0,0.0,0.0,0.0,2002,clin,0.8
5,3,lr5e-05_bs32_modL1_fusion64_fusionL1_drop0p1_trmiss80_trlocclin,32,5e-05,1,64,1,0.1,lr5e-05_bs32_modL1_fusion64_fusionL1_drop0p1_trmiss80_trlocclin,1,0.7050091425577799,0.6994374096393585,0.40126050420168063,0.6032952967899355,0.4222222222222222,0.0,0.0,0.0,0.0,2002,clin,0.8
5,3,lr5e-05_bs32_modL1_fusion64_fusionL1_drop0p1_trmiss80_trlocclin,32,5e-05,1,64,1,0.1,lr5e-05_bs32_modL1_fusion64_fusionL1_drop0p1_trmiss80_trlocclin,2,0.6632034281889597,0.6962656378746033,0.4684873949579832,0.6229798302918047,0.4,0.0,0.0,0.0,0.0,2002,clin,0.8
5,3,lr5e-05_bs32_modL1_fusion64_fusionL1_drop0p1_trmiss80_trlocclin,32,5e-05,1,64,1,0.1,lr5e-05_bs32_modL1_fusion64_fusionL1_drop0p1_trmiss80_trlocclin,3,0.6555199126402537,0.6928806006908417,0.5,0.6531376434736345,0.5111111111111111,0.0,0.0,0.0,0.0,2002,clin,0.8
5,3,lr5e-05_bs32_modL1_fusion64_fusionL1_drop0p1_trmiss80_trlocclin,32,5e-05,1,64,1,0.1,lr5e-05_bs32_modL1_fusion64_fusionL1_drop0p1_trmiss80_trlocclin,4,0.6240024467309316,0.6905099153518677,0.5315126050420168,0.6791077676023963,0.5333333333333333,0.0,0.0,0.0,0.0,2002,clin,0.8
5,3,lr5e-05_bs32_modL1_fusion64_fusionL1_drop0p1_trmiss80_trlocclin,32,5e-05,1,64,1,0.1,lr5e-05_bs32_modL1_fusion64_fusionL1_drop0p1_trmiss80_trlocclin,5,0.6105096936225891,0.6872235536575317,0.5336134453781513,0.6823384047846129,0.5333333333333333,0.0,0.0,0.0,0.0,2002,clin,0.8
5,3,lr5e-05_bs32_modL1_fusion64_fusionL1_drop0p1_trmiss80_trlocclin,32,5e-05,1,64,1,0.1,lr5e-05_bs32_modL1_fusion64_fusionL1_drop0p1_trmiss80_trlocclin,6,0.600780725479126,0.6832419633865356,0.5777310924369747,0.7080610755523032,0.5333333333333333,0.0,0.0,0.0,0.0,2002,clin,0.8
5,3,lr5e-05_bs32_modL1_fusion64_fusionL1_drop0p1_trmiss80_trlocclin,32,5e-05,1,64,1,0.1,lr5e-05_bs32_modL1_fusion64_fusionL1_drop0p1_trmiss80_trlocclin,7,0.5821571548779806,0.6813100278377533,0.5903361344537815,0.7190615560847889,0.5555555555555556,0.0,0.0,0.0,0.0,2002,clin,0.8
5,3,lr5e-05_bs32_modL1_fusion64_fusionL1_drop0p1_trmiss80_trlocclin,32,5e-05,1,64,1,0.1,lr5e-05_bs32_modL1_fusion64_fusionL1_drop0p1_trmiss80_trlocclin,8,0.5654889941215515,0.6773720979690552,0.6071428571428571,0.7337191854622677,0.5777777777777777,0.0,0.0,0.0,0.0,2002,clin,0.8
5,3,lr5e-05_bs32_modL1_fusion64_fusionL1_drop0p1_trmiss80_trlocclin,32,5e-05,1,64,1,0.1,lr5e-05_bs32_modL1_fusion64_fusionL1_drop0p1_trmiss80_trlocclin,9,0.5583208600680033,0.6770409643650055,0.6218487394957983,0.7472443907801456,0.6222222222222222,0.0,0.0,0.0,0.0,2002,clin,0.8
5,3,lr5e-05_bs32_modL1_fusion64_fusionL1_drop0p1_trmiss80_trlocclin,32,5e-05,1,64,1,0.1,lr5e-05_bs32_modL1_fusion64_fusionL1_drop0p1_trmiss80_trlocclin,10,0.5577748715877533,0.6770069301128387,0.6071428571428571,0.7488200956778757,0.6,0.0,0.0,0.0,0.0,2002,clin,0.8
5,3,lr5e-05_bs32_modL1_fusion64_fusionL1_drop0p1_trmiss80_trlocclin,32,5e-05,1,64,1,0.1,lr5e-05_bs32_modL1_fusion64_fusionL1_drop0p1_trmiss80_trlocclin,11,0.5478501419226328,0.6810722649097443,0.5777310924369747,0.7355614533329885,0.6222222222222222,0.0,0.0,0.0,0.0,2002,clin,0.8
5,3,lr5e-05_bs32_modL1_fusion64_fusionL1_drop0p1_trmiss80_trlocclin,32,5e-05,1,64,1,0.1,lr5e-05_bs32_modL1_fusion64_fusionL1_drop0p1_trmiss80_trlocclin,12,0.5291880667209625,0.6797907650470734,0.569327731092437,0.733295099903311,0.5777777777777777,0.0,0.0,0.0,0.0,2002,clin,0.8
5,3,lr5e-05_bs32_modL1_fusion64_fusionL1_drop0p1_trmiss80_trlocclin,32,5e-05,1,64,1,0.1,lr5e-05_bs32_modL1_fusion64_fusionL1_drop0p1_trmiss80_trlocclin,13,0.5369744499524435,0.6803141832351685,0.5630252100840336,0.7229028986947398,0.5777777777777777,0.0,0.0,0.0,0.0,2002,clin,0.8
5,3,lr5e-05_bs32_modL1_fusion64_fusionL1_drop0p1_trmiss80_trlocclin,32,5e-05,1,64,1,0.1,lr5e-05_bs32_modL1_fusion64_fusionL1_drop0p1_trmiss80_trlocclin,14,0.5114418864250183,0.6787923276424408,0.5798319327731092,0.727235648566796,0.6,0.0,0.0,0.0,0.0,2002,clin,0.8
5,3,lr5e-05_bs32_modL1_fusion64_fusionL1_drop0p1_trmiss80_trlocclin,32,5e-05,1,64,1,0.1,lr5e-05_bs32_modL1_fusion64_fusionL1_drop0p1_trmiss80_trlocclin,15,0.5067106634378433,0.6768210828304291,0.5945378151260505,0.7332696047250078,0.5777777777777777,0.0,0.0,0.0,0.0,2002,clin,0.8
5,3,lr5e-05_bs32_modL1_fusion64_fusionL1_drop0p1_trmiss80_trlocclin,32,5e-05,1,64,1,0.1,lr5e-05_bs32_modL1_fusion64_fusionL1_drop0p1_trmiss80_trlocclin,16,0.49329032997290295,0.6743462085723877,0.6113445378151261,0.7377071741599845,0.5777777777777777,0.0,0.0,0.0,0.0,2002,clin,0.8
5,3,lr5e-05_bs32_modL1_fusion64_fusionL1_drop0p1_trmiss80_trlocclin,32,5e-05,1,64,1,0.1,lr5e-05_bs32_modL1_fusion64_fusionL1_drop0p1_trmiss80_trlocclin,17,0.49134713411331177,0.6733199954032898,0.6218487394957983,0.7429643785471608,0.6,0.0,0.0,0.0,0.0,2002,clin,0.8
5,3,lr5e-05_bs32_modL1_fusion64_fusionL1_drop0p1_trmiss80_trlocclin,32,5e-05,1,64,1,0.1,lr5e-05_bs32_modL1_fusion64_fusionL1_drop0p1_trmiss80_trlocclin,18,0.47583645582199097,0.6752309501171112,0.6218487394957983,0.7604492109492405,0.6,0.0,0.0,0.0,0.0,2002,clin,0.8
5,3,lr5e-05_bs32_modL1_fusion64_fusionL1_drop0p1_trmiss80_trlocclin,32,5e-05,1,64,1,0.1,lr5e-05_bs32_modL1_fusion64_fusionL1_drop0p1_trmiss80_trlocclin,19,0.4843815118074417,0.6774435341358185,0.5987394957983193,0.7535704134535606,0.5777777777777777,0.0,0.0,0.0,0.0,2002,clin,0.8
5,3,lr5e-05_bs32_modL1_fusion64_fusionL1_drop0p1_trmiss80_trlocclin,32,5e-05,1,64,1,0.1,lr5e-05_bs32_modL1_fusion64_fusionL1_drop0p1_trmiss80_trlocclin,20,0.4720164140065511,0.6800189912319183,0.5861344537815125,0.7548205491766302,0.5111111111111111,0.0,0.0,0.0,0.0,2002,clin,0.8
5,3,lr5e-05_bs32_modL1_fusion64_fusionL1_drop0p1_trmiss80_trlocclin,32,5e-05,1,64,1,0.1,lr5e-05_bs32_modL1_fusion64_fusionL1_drop0p1_trmiss80_trlocclin,21,0.46548918386300403,0.6781321167945862,0.5840336134453782,0.7573297811476636,0.5777777777777777,0.0,0.0,0.0,0.0,2002,clin,0.8
5,3,lr5e-05_bs32_modL1_fusion64_fusionL1_drop0p1_trmiss80_trlocclin,32,5e-05,1,64,1,0.1,lr5e-05_bs32_modL1_fusion64_fusionL1_drop0p1_trmiss80_trlocclin,22,0.4553905079762141,0.6759480535984039,0.5966386554621849,0.7645855896850169,0.6222222222222222,0.0,0.0,0.0,0.0,2002,clin,0.8
5,3,lr5e-05_bs32_modL1_fusion64_fusionL1_drop0p1_trmiss80_trlocclin,32,5e-05,1,64,1,0.1,lr5e-05_bs32_modL1_fusion64_fusionL1_drop0p1_trmiss80_trlocclin,23,0.4500441253185272,0.6728606224060059,0.6260504201680672,0.7873872519580007,0.6,0.0,0.0,0.0,0.0,2002,clin,0.8
5,3,lr5e-05_bs32_modL1_fusion64_fusionL1_drop0p1_trmiss80_trlocclin,32,5e-05,1,64,1,0.1,lr5e-05_bs32_modL1_fusion64_fusionL1_drop0p1_trmiss80_trlocclin,24,0.44863977531592053,0.6727975904941559,0.6197478991596639,0.7822181014193452,0.6,0.0,0.0,0.0,0.0,2002,clin,0.8
5,3,lr5e-05_bs32_modL1_fusion64_fusionL1_drop0p1_trmiss80_trlocclin,32,5e-05,1,64,1,0.1,lr5e-05_bs32_modL1_fusion64_fusionL1_drop0p1_trmiss80_trlocclin,25,0.43405385812123615,0.6746116280555725,0.6113445378151261,0.7819927794808563,0.6,0.0,0.0,0.0,0.0,2002,clin,0.8
5,3,lr5e-05_bs32_modL1_fusion64_fusionL1_drop0p1_trmiss80_trlocclin,32,5e-05,1,64,1,0.1,lr5e-05_bs32_modL1_fusion64_fusionL1_drop0p1_trmiss80_trlocclin,26,0.42248442272345227,0.6751461923122406,0.6302521008403361,0.7919525584390401,0.5555555555555556,0.0,0.0,0.0,0.0,2002,clin,0.8
5,3,lr5e-05_bs32_modL1_fusion64_fusionL1_drop0p1_trmiss80_trlocclin,32,5e-05,1,64,1,0.1,lr5e-05_bs32_modL1_fusion64_fusionL1_drop0p1_trmiss80_trlocclin,27,0.41822416086991626,0.6742332577705383,0.6281512605042017,0.7983930442737585,0.6,0.0,0.0,0.0,0.0,2002,clin,0.8
5,3,lr5e-05_bs32_modL1_fusion64_fusionL1_drop0p1_trmiss80_trlocclin,32,5e-05,1,64,1,0.1,lr5e-05_bs32_modL1_fusion64_fusionL1_drop0p1_trmiss80_trlocclin,28,0.4214373528957367,0.6683569848537445,0.6449579831932774,0.8011423224510744,0.6222222222222222,0.0,0.0,0.0,0.0,2002,clin,0.8
5,3,lr5e-05_bs32_modL1_fusion64_fusionL1_drop0p1_trmiss80_trlocclin,32,5e-05,1,64,1,0.1,lr5e-05_bs32_modL1_fusion64_fusionL1_drop0p1_trmiss80_trlocclin,29,0.41352439920107525,0.6664288341999054,0.657563025210084,0.8058659464314505,0.5777777777777777,0.0,0.0,0.0,0.0,2002,clin,0.8
5,3,lr5e-05_bs32_modL1_fusion64_fusionL1_drop0p1_trmiss80_trlocclin,32,5e-05,1,64,1,0.1,lr5e-05_bs32_modL1_fusion64_fusionL1_drop0p1_trmiss80_trlocclin,30,0.40937231481075287,0.6626399755477905,0.6638655462184874,0.8052932523858499,0.6,0.0,0.0,0.0,0.0,2002,clin,0.8
5,3,lr5e-05_bs32_modL1_fusion64_fusionL1_drop0p1_trmiss80_trlocclin,32,5e-05,1,64,1,0.1,lr5e-05_bs32_modL1_fusion64_fusionL1_drop0p1_trmiss80_trlocclin,31,0.39632363617420197,0.6596721708774567,0.6743697478991596,0.8090628115894867,0.5777777777777777,0.0,0.0,0.0,0.0,2002,clin,0.8
5,3,lr5e-05_bs32_modL1_fusion64_fusionL1_drop0p1_trmiss80_trlocclin,32,5e-05,1,64,1,0.1,lr5e-05_bs32_modL1_fusion64_fusionL1_drop0p1_trmiss80_trlocclin,32,0.4065261681874593,0.6628371179103851,0.6554621848739496,0.7998884080411596,0.5777777777777777,0.0,0.0,0.0,0.0,2002,clin,0.8
5,3,lr5e-05_bs32_modL1_fusion64_fusionL1_drop0p1_trmiss80_trlocclin,32,5e-05,1,64,1,0.1,lr5e-05_bs32_modL1_fusion64_fusionL1_drop0p1_trmiss80_trlocclin,33,0.38208172221978504,0.6693831980228424,0.6323529411764706,0.7887610759669119,0.5777777777777777,0.0,0.0,0.0,0.0,2002,clin,0.8
5,3,lr5e-05_bs32_modL1_fusion64_fusionL1_drop0p1_trmiss80_trlocclin,32,5e-05,1,64,1,0.1,lr5e-05_bs32_modL1_fusion64_fusionL1_drop0p1_trmiss80_trlocclin,34,0.3791892131169637,0.669236958026886,0.634453781512605,0.7940809241817013,0.5777777777777777,0.0,0.0,0.0,0.0,2002,clin,0.8
5,3,lr5e-05_bs32_modL1_fusion64_fusionL1_drop0p1_trmiss80_trlocclin,32,5e-05,1,64,1,0.1,lr5e-05_bs32_modL1_fusion64_fusionL1_drop0p1_trmiss80_trlocclin,35,0.3830648561318715,0.6700596511363983,0.6302521008403361,0.7915527479595974,0.5777777777777777,0.0,0.0,0.0,0.0,2002,clin,0.8
5,3,lr5e-05_bs32_modL1_fusion64_fusionL1_drop0p1_trmiss80_trlocclin,32,5e-05,1,64,1,0.1,lr5e-05_bs32_modL1_fusion64_fusionL1_drop0p1_trmiss80_trlocclin,36,0.3640324721733729,0.6684765815734863,0.638655462184874,0.7969643162501464,0.5777777777777777,0.0,0.0,0.0,0.0,2002,clin,0.8
5,3,lr5e-05_bs32_modL1_fusion64_fusionL1_drop0p1_trmiss80_trlocclin,32,5e-05,1,64,1,0.1,lr5e-05_bs32_modL1_fusion64_fusionL1_drop0p1_trmiss80_trlocclin,37,0.35323723157246906,0.6650522649288177,0.6428571428571428,0.7964554655839285,0.6,0.0,0.0,0.0,0.0,2002,clin,0.8
5,3,lr5e-05_bs32_modL1_fusion64_fusionL1_drop0p1_trmiss80_trlocclin,32,5e-05,1,64,1,0.1,lr5e-05_bs32_modL1_fusion64_fusionL1_drop0p1_trmiss80_trlocclin,38,0.3537942220767339,0.6637989580631256,0.6470588235294118,0.7992589710646456,0.6,0.0,0.0,0.0,0.0,2002,clin,0.8
5,3,lr5e-05_bs32_modL1_fusion64_fusionL1_drop0p1_trmiss80_trlocclin,32,5e-05,1,64,1,0.1,lr5e-05_bs32_modL1_fusion64_fusionL1_drop0p1_trmiss80_trlocclin,39,0.36491988102595013,0.6680841743946075,0.6407563025210083,0.7980782245089527,0.5777777777777777,0.0,0.0,0.0,0.0,2002,clin,0.8
5,3,lr5e-05_bs32_modL1_fusion64_fusionL1_drop0p1_trmiss80_trlocclin,32,5e-05,1,64,1,0.1,lr5e-05_bs32_modL1_fusion64_fusionL1_drop0p1_trmiss80_trlocclin,40,0.3532476524511973,0.6663989722728729,0.6533613445378151,0.8075965537346492,0.5777777777777777,0.0,0.0,0.0,0.0,2002,clin,0.8
5,3,lr5e-05_bs32_modL1_fusion64_fusionL1_drop0p1_trmiss80_trlocclin,32,5e-05,1,64,1,0.1,lr5e-05_bs32_modL1_fusion64_fusionL1_drop0p1_trmiss80_trlocclin,41,0.34975453714529675,0.66506028175354,0.6554621848739497,0.8122609147086154,0.5777777777777777,0.0,0.0,0.0,0.0,2002,clin,0.8
5,3,lr5e-05_bs32_modL1_fusion64_fusionL1_drop0p1_trmiss80_trlocclin,32,5e-05,1,64,1,0.1,lr5e-05_bs32_modL1_fusion64_fusionL1_drop0p1_trmiss80_trlocclin,42,0.35242117444674176,0.659843236207962,0.6512605042016807,0.8106714842031794,0.5777777777777777,0.0,0.0,0.0,0.0,2002,clin,0.8
5,3,lr5e-05_bs32_modL1_fusion64_fusionL1_drop0p1_trmiss80_trlocclin,32,5e-05,1,64,1,0.1,lr5e-05_bs32_modL1_fusion64_fusionL1_drop0p1_trmiss80_trlocclin,43,0.340412641565005,0.6601894795894623,0.657563025210084,0.8084215502920613,0.6,0.0,0.0,0.0,0.0,2002,clin,0.8
5,3,lr5e-05_bs32_modL1_fusion64_fusionL1_drop0p1_trmiss80_trlocclin,32,5e-05,1,64,1,0.1,lr5e-05_bs32_modL1_fusion64_fusionL1_drop0p1_trmiss80_trlocclin,44,0.342561274766922,0.6627832055091858,0.657563025210084,0.807817054461471,0.6222222222222222,0.0,0.0,0.0,0.0,2002,clin,0.8
5,3,lr5e-05_bs32_modL1_fusion64_fusionL1_drop0p1_trmiss80_trlocclin,32,5e-05,1,64,1,0.1,lr5e-05_bs32_modL1_fusion64_fusionL1_drop0p1_trmiss80_trlocclin,45,0.3394423574209213,0.6646237373352051,0.6533613445378151,0.8076974266462477,0.6,0.0,0.0,0.0,0.0,2002,clin,0.8
5,3,lr5e-05_bs32_modL1_fusion64_fusionL1_drop0p1_trmiss80_trlocclin,32,5e-05,1,64,1,0.1,lr5e-05_bs32_modL1_fusion64_fusionL1_drop0p1_trmiss80_trlocclin,46,0.33702364067236584,0.6640743911266327,0.6554621848739496,0.808075912775771,0.6,0.0,0.0,0.0,0.0,2002,clin,0.8
5,3,lr5e-05_bs32_modL1_fusion64_fusionL1_drop0p1_trmiss80_trlocclin,32,5e-05,1,64,1,0.1,lr5e-05_bs32_modL1_fusion64_fusionL1_drop0p1_trmiss80_trlocclin,47,0.3356354683637619,0.6637181341648102,0.6554621848739497,0.8083991777066635,0.6,0.0,0.0,0.0,0.0,2002,clin,0.8
5,3,lr5e-05_bs32_modL1_fusion64_fusionL1_drop0p1_trmiss80_trlocclin,32,5e-05,1,64,1,0.1,lr5e-05_bs32_modL1_fusion64_fusionL1_drop0p1_trmiss80_trlocclin,48,0.329705943663915,0.6635727882385254,0.6575630252100841,0.8100162615648593,0.6222222222222222,0.0,0.0,0.0,0.0,2002,clin,0.8
5,3,lr5e-05_bs32_modL1_fusion64_fusionL1_drop0p1_trmiss80_trlocclin,32,5e-05,1,64,1,0.1,lr5e-05_bs32_modL1_fusion64_fusionL1_drop0p1_trmiss80_trlocclin,49,0.3418480654557546,0.6636645197868347,0.6596638655462186,0.8103381798058399,0.5777777777777777,0.0,0.0,0.0,0.0,2002,clin,0.8
5,3,lr5e-05_bs32_modL1_fusion64_fusionL1_drop0p1_trmiss80_trlocclin,32,5e-05,1,64,1,0.1,lr5e-05_bs32_modL1_fusion64_fusionL1_drop0p1_trmiss80_trlocclin,50,0.33083875477313995,0.6609304249286652,0.6596638655462186,0.8101925719016113,0.5777777777777777,0.0,0.0,0.0,0.0,2002,clin,0.8
5,3,lr5e-05_bs32_modL1_fusion64_fusionL1_drop0p1_trmiss80_trlocclin,32,5e-05,1,64,1,0.1,lr5e-05_bs32_modL1_fusion64_fusionL1_drop0p1_trmiss80_trlocclin,51,0.324998343984286,0.6626340448856354,0.6617647058823529,0.8116584273666889,0.6222222222222222,0.0,0.0,0.0,0.0,2002,clin,0.8
5,3,lr1e-04_bs32_modL1_fusion32_fusionL1_drop0p2_trmiss80_trlocclin,32,0.0001,1,32,1,0.2,lr1e-04_bs32_modL1_fusion32_fusionL1_drop0p2_trmiss80_trlocclin,1,0.7041292091210684,0.6897580623626709,0.46428571428571425,0.638771400971225,0.4888888888888889,0.0,0.0,0.0,0.0,2002,clin,0.8
5,3,lr1e-04_bs32_modL1_fusion32_fusionL1_drop0p2_trmiss80_trlocclin,32,0.0001,1,32,1,0.2,lr1e-04_bs32_modL1_fusion32_fusionL1_drop0p2_trmiss80_trlocclin,2,0.650379886229833,0.6895661354064941,0.46638655462184875,0.6440763602443664,0.5111111111111111,0.0,0.0,0.0,0.0,2002,clin,0.8
5,3,lr1e-04_bs32_modL1_fusion32_fusionL1_drop0p2_trmiss80_trlocclin,32,0.0001,1,32,1,0.2,lr1e-04_bs32_modL1_fusion32_fusionL1_drop0p2_trmiss80_trlocclin,3,0.640540232261022,0.6935437321662903,0.4684873949579832,0.6531937827279759,0.4666666666666667,0.0,0.0,0.0,0.0,2002,clin,0.8
5,3,lr1e-04_bs32_modL1_fusion32_fusionL1_drop0p2_trmiss80_trlocclin,32,0.0001,1,32,1,0.2,lr1e-04_bs32_modL1_fusion32_fusionL1_drop0p2_trmiss80_trlocclin,4,0.6209994653860728,0.6988592445850372,0.48529411764705876,0.6547887194611581,0.5111111111111111,0.0,0.0,0.0,0.0,2002,clin,0.8
5,3,lr1e-04_bs32_modL1_fusion32_fusionL1_drop0p2_trmiss80_trlocclin,32,0.0001,1,32,1,0.2,lr1e-04_bs32_modL1_fusion32_fusionL1_drop0p2_trmiss80_trlocclin,5,0.6071573197841644,0.7024120092391968,0.49789915966386555,0.6679211736932409,0.4666666666666667,0.0,0.0,0.0,0.0,2002,clin,0.8
5,3,lr1e-04_bs32_modL1_fusion32_fusionL1_drop0p2_trmiss80_trlocclin,32,0.0001,1,32,1,0.2,lr1e-04_bs32_modL1_fusion32_fusionL1_drop0p2_trmiss80_trlocclin,6,0.5706078211466471,0.7028827369213104,0.4831932773109244,0.6568558738231718,0.5111111111111111,0.0,0.0,0.0,0.0,2002,clin,0.8
5,3,lr1e-04_bs32_modL1_fusion32_fusionL1_drop0p2_trmiss80_trlocclin,32,0.0001,1,32,1,0.2,lr1e-04_bs32_modL1_fusion32_fusionL1_drop0p2_trmiss80_trlocclin,7,0.5537731746832529,0.7023443579673767,0.4915966386554622,0.6723555680780837,0.5333333333333333,0.0,0.0,0.0,0.0,2002,clin,0.8
5,3,lr1e-04_bs32_modL1_fusion32_fusionL1_drop0p2_trmiss80_trlocclin,32,0.0001,1,32,1,0.2,lr1e-04_bs32_modL1_fusion32_fusionL1_drop0p2_trmiss80_trlocclin,8,0.5391920804977417,0.699442595243454,0.5273109243697478,0.6882930608861709,0.5333333333333333,0.0,0.0,0.0,0.0,2002,clin,0.8
5,3,lr1e-04_bs32_modL1_fusion32_fusionL1_drop0p2_trmiss80_trlocclin,32,0.0001,1,32,1,0.2,lr1e-04_bs32_modL1_fusion32_fusionL1_drop0p2_trmiss80_trlocclin,9,0.521196241180102,0.7023886740207672,0.5294117647058824,0.6887391547347732,0.5111111111111111,0.0,0.0,0.0,0.0,2002,clin,0.8
5,3,lr1e-04_bs32_modL1_fusion32_fusionL1_drop0p2_trmiss80_trlocclin,32,0.0001,1,32,1,0.2,lr1e-04_bs32_modL1_fusion32_fusionL1_drop0p2_trmiss80_trlocclin,10,0.5139498660961787,0.7010995745658875,0.5336134453781513,0.6906285662818124,0.5555555555555556,0.0,0.0,0.0,0.0,2002,clin,0.8
5,3,lr1e-04_bs32_modL1_fusion32_fusionL1_drop0p2_trmiss80_trlocclin,32,0.0001,1,32,1,0.2,lr1e-04_bs32_modL1_fusion32_fusionL1_drop0p2_trmiss80_trlocclin,11,0.5162116587162018,0.6987083554267883,0.5357142857142857,0.6916084510482458,0.5333333333333333,0.0,0.0,0.0,0.0,2002,clin,0.8
5,3,lr1e-04_bs32_modL1_fusion32_fusionL1_drop0p2_trmiss80_trlocclin,32,0.0001,1,32,1,0.2,lr1e-04_bs32_modL1_fusion32_fusionL1_drop0p2_trmiss80_trlocclin,12,0.5060270975033442,0.6953028738498688,0.5399159663865546,0.6912477192674422,0.5555555555555556,0.0,0.0,0.0,0.0,2002,clin,0.8
5,3,lr1e-04_bs32_modL1_fusion32_fusionL1_drop0p2_trmiss80_trlocclin,32,0.0001,1,32,1,0.2,lr1e-04_bs32_modL1_fusion32_fusionL1_drop0p2_trmiss80_trlocclin,13,0.5009347895781199,0.6991184055805206,0.5294117647058824,0.6909528974320456,0.5555555555555556,0.0,0.0,0.0,0.0,2002,clin,0.8
5,3,lr1e-04_bs32_modL1_fusion32_fusionL1_drop0p2_trmiss80_trlocclin,32,0.0001,1,32,1,0.2,lr1e-04_bs32_modL1_fusion32_fusionL1_drop0p2_trmiss80_trlocclin,14,0.49148661891619366,0.7021671533584595,0.5273109243697479,0.6845977765944339,0.5333333333333333,0.0,0.0,0.0,0.0,2002,clin,0.8
5,3,lr1e-04_bs32_modL1_fusion32_fusionL1_drop0p2_trmiss80_trlocclin,32,0.0001,1,32,1,0.2,lr1e-04_bs32_modL1_fusion32_fusionL1_drop0p2_trmiss80_trlocclin,15,0.48333272337913513,0.700162410736084,0.5294117647058824,0.6858308607566397,0.5333333333333333,0.0,0.0,0.0,0.0,2002,clin,0.8
5,3,lr1e-04_bs32_modL1_fusion32_fusionL1_drop0p2_trmiss80_trlocclin,32,0.0001,1,32,1,0.2,lr1e-04_bs32_modL1_fusion32_fusionL1_drop0p2_trmiss80_trlocclin,16,0.48986674348513287,0.6959731578826904,0.5336134453781513,0.6935912187834794,0.5333333333333333,0.0,0.0,0.0,0.0,2002,clin,0.8
5,3,lr1e-04_bs32_modL1_fusion32_fusionL1_drop0p2_trmiss80_trlocclin,32,0.0001,1,32,1,0.2,lr1e-04_bs32_modL1_fusion32_fusionL1_drop0p2_trmiss80_trlocclin,17,0.46920499702294666,0.6940070688724518,0.5399159663865547,0.6991513885878353,0.5333333333333333,0.0,0.0,0.0,0.0,2002,clin,0.8
5,3,lr1e-04_bs32_modL1_fusion32_fusionL1_drop0p2_trmiss80_trlocclin,32,0.0001,1,32,1,0.2,lr1e-04_bs32_modL1_fusion32_fusionL1_drop0p2_trmiss80_trlocclin,18,0.4747782399257024,0.6911408305168152,0.5483193277310925,0.6985520196553745,0.5333333333333333,0.0,0.0,0.0,0.0,2002,clin,0.8
5,3,lr1e-04_bs32_modL1_fusion32_fusionL1_drop0p2_trmiss80_trlocclin,32,0.0001,1,32,1,0.2,lr1e-04_bs32_modL1_fusion32_fusionL1_drop0p2_trmiss80_trlocclin,19,0.47845230003197986,0.6901361048221588,0.546218487394958,0.6976559876520194,0.5333333333333333,0.0,0.0,0.0,0.0,2002,clin,0.8
5,3,lr1e-04_bs32_modL1_fusion32_fusionL1_drop0p2_trmiss80_trlocclin,32,0.0001,1,32,1,0.2,lr1e-04_bs32_modL1_fusion32_fusionL1_drop0p2_trmiss80_trlocclin,20,0.4624286045630773,0.6902797520160675,0.5483193277310925,0.6984154635769698,0.5333333333333333,0.0,0.0,0.0,0.0,2002,clin,0.8
5,3,lr1e-04_bs32_modL1_fusion32_fusionL1_drop0p2_trmiss80_trlocclin,32,0.0001,1,32,1,0.2,lr1e-04_bs32_modL1_fusion32_fusionL1_drop0p2_trmiss80_trlocclin,21,0.46946488320827484,0.691438227891922,0.5483193277310924,0.6983070149121948,0.5333333333333333,0.0,0.0,0.0,0.0,2002,clin,0.8
5,3,lr1e-04_bs32_modL1_fusion32_fusionL1_drop0p2_trmiss80_trlocclin,32,0.0001,1,32,1,0.2,lr1e-04_bs32_modL1_fusion32_fusionL1_drop0p2_trmiss80_trlocclin,22,0.4710330019394557,0.6922190189361572,0.546218487394958,0.6978653129931596,0.5333333333333333,0.0,0.0,0.0,0.0,2002,clin,0.8
5,3,lr1e-04_bs32_modL1_fusion32_fusionL1_drop0p2_trmiss80_trlocclin,32,0.0001,1,32,1,0.2,lr1e-04_bs32_modL1_fusion32_fusionL1_drop0p2_trmiss80_trlocclin,23,0.46900078654289246,0.6931305229663849,0.5441176470588235,0.6954051511608066,0.5555555555555556,0.0,0.0,0.0,0.0,2002,clin,0.8
5,3,lr1e-04_bs32_modL1_fusion32_fusionL1_drop0p2_trmiss80_trlocclin,32,0.0001,1,32,1,0.2,lr1e-04_bs32_modL1_fusion32_fusionL1_drop0p2_trmiss80_trlocclin,24,0.46506180862585705,0.6927093863487244,0.546218487394958,0.6970198073749874,0.5555555555555556,0.0,0.0,0.0,0.0,2002,clin,0.8
5,3,lr1e-04_bs32_modL1_fusion32_fusionL1_drop0p2_trmiss80_trlocclin,32,0.0001,1,32,1,0.2,lr1e-04_bs32_modL1_fusion32_fusionL1_drop0p2_trmiss80_trlocclin,25,0.4552253435055415,0.6938706338405609,0.546218487394958,0.7000141996018818,0.5333333333333333,0.0,0.0,0.0,0.0,2002,clin,0.8
5,3,lr1e-04_bs32_modL1_fusion32_fusionL1_drop0p2_trmiss80_trlocclin,32,0.0001,1,32,1,0.2,lr1e-04_bs32_modL1_fusion32_fusionL1_drop0p2_trmiss80_trlocclin,26,0.4806257983048757,0.6938473880290985,0.5483193277310924,0.6956752465820945,0.5333333333333333,0.0,0.0,0.0,0.0,2002,clin,0.8
5,3,lr1e-04_bs32_modL1_fusion32_fusionL1_drop0p2_trmiss80_trlocclin,32,0.0001,1,32,1,0.2,lr1e-04_bs32_modL1_fusion32_fusionL1_drop0p2_trmiss80_trlocclin,27,0.4652189761400223,0.6957716345787048,0.5441176470588236,0.6932511364874496,0.5333333333333333,0.0,0.0,0.0,0.0,2002,clin,0.8
5,3,lr1e-04_bs32_modL1_fusion32_fusionL1_drop0p2_trmiss80_trlocclin,32,0.0001,1,32,1,0.2,lr1e-04_bs32_modL1_fusion32_fusionL1_drop0p2_trmiss80_trlocclin,28,0.4440181255340576,0.6926830410957336,0.5504201680672269,0.7009773719646306,0.5333333333333333,0.0,0.0,0.0,0.0,2002,clin,0.8
5,3,lr1e-04_bs32_modL1_fusion32_fusionL1_drop0p2_trmiss80_trlocclin,32,0.0001,1,32,1,0.2,lr1e-04_bs32_modL1_fusion32_fusionL1_drop0p2_trmiss80_trlocclin,29,0.45347719887892407,0.6940339803695679,0.5462184873949579,0.7000350444502942,0.5111111111111111,0.0,0.0,0.0,0.0,2002,clin,0.8
5,3,lr1e-04_bs32_modL1_fusion32_fusionL1_drop0p2_trmiss80_trlocclin,32,0.0001,1,32,1,0.2,lr1e-04_bs32_modL1_fusion32_fusionL1_drop0p2_trmiss80_trlocclin,30,0.463659663995107,0.6932373046875,0.5483193277310924,0.6996165724853642,0.5111111111111111,0.0,0.0,0.0,0.0,2002,clin,0.8
5,3,lr1e-04_bs32_modL1_fusion32_fusionL1_drop0p2_trmiss80_trlocclin,32,0.0001,1,32,1,0.2,lr1e-04_bs32_modL1_fusion32_fusionL1_drop0p2_trmiss80_trlocclin,31,0.4458718498547872,0.6944403946399689,0.5525210084033613,0.7084516171348687,0.5333333333333333,0.0,0.0,0.0,0.0,2002,clin,0.8
5,3,lr1e-04_bs32_modL1_fusion32_fusionL1_drop0p2_trmiss80_trlocclin,32,0.0001,1,32,1,0.2,lr1e-04_bs32_modL1_fusion32_fusionL1_drop0p2_trmiss80_trlocclin,32,0.4447459280490875,0.6941673457622528,0.546218487394958,0.7004246508761951,0.5333333333333333,0.0,0.0,0.0,0.0,2002,clin,0.8
5,3,lr1e-04_bs32_modL1_fusion32_fusionL1_drop0p2_trmiss80_trlocclin,32,0.0001,1,32,1,0.2,lr1e-04_bs32_modL1_fusion32_fusionL1_drop0p2_trmiss80_trlocclin,33,0.4544148196776708,0.693797767162323,0.5546218487394957,0.7055141298496027,0.5333333333333333,0.0,0.0,0.0,0.0,2002,clin,0.8
5,3,lr1e-04_bs32_modL1_fusion32_fusionL1_drop0p2_trmiss80_trlocclin,32,0.0001,1,32,1,0.2,lr1e-04_bs32_modL1_fusion32_fusionL1_drop0p2_trmiss80_trlocclin,34,0.45117129385471344,0.6911395490169525,0.5546218487394957,0.7055141298496027,0.5111111111111111,0.0,0.0,0.0,0.0,2002,clin,0.8
5,3,lr1e-04_bs32_modL1_fusion32_fusionL1_drop0p2_trmiss80_trlocclin,32,0.0001,1,32,1,0.2,lr1e-04_bs32_modL1_fusion32_fusionL1_drop0p2_trmiss80_trlocclin,35,0.451230451464653,0.6926386952400208,0.5546218487394958,0.7082761247990976,0.5333333333333333,0.0,0.0,0.0,0.0,2002,clin,0.8
5,3,lr1e-04_bs32_modL1_fusion32_fusionL1_drop0p2_trmiss80_trlocclin,32,0.0001,1,32,1,0.2,lr1e-04_bs32_modL1_fusion32_fusionL1_drop0p2_trmiss80_trlocclin,36,0.45673911770184833,0.6902686953544617,0.5525210084033614,0.7052106990240445,0.5111111111111111,0.0,0.0,0.0,0.0,2002,clin,0.8
5,3,lr1e-04_bs32_modL1_fusion32_fusionL1_drop0p2_trmiss80_trlocclin,32,0.0001,1,32,1,0.2,lr1e-04_bs32_modL1_fusion32_fusionL1_drop0p2_trmiss80_trlocclin,37,0.4497387260198593,0.6931017935276031,0.5504201680672268,0.7011483591510794,0.5333333333333333,0.0,0.0,0.0,0.0,2002,clin,0.8
5,3,lr1e-04_bs32_modL1_fusion32_fusionL1_drop0p2_trmiss80_trlocclin,32,0.0001,1,32,1,0.2,lr1e-04_bs32_modL1_fusion32_fusionL1_drop0p2_trmiss80_trlocclin,38,0.4449565162261327,0.6947838664054871,0.5567226890756303,0.7091473920975914,0.5333333333333333,0.0,0.0,0.0,0.0,2002,clin,0.8
5,3,lr1e-04_bs32_modL1_fusion32_fusionL1_drop0p2_trmiss80_trlocclin,32,0.0001,1,32,1,0.2,lr1e-04_bs32_modL1_fusion32_fusionL1_drop0p2_trmiss80_trlocclin,39,0.4663769950469335,0.6948672533035278,0.5525210084033613,0.7049071207202231,0.5333333333333333,0.0,0.0,0.0,0.0,2002,clin,0.8
5,3,lr1e-04_bs32_modL1_fusion32_fusionL1_drop0p2_trmiss80_trlocclin,32,0.0001,1,32,1,0.2,lr1e-04_bs32_modL1_fusion32_fusionL1_drop0p2_trmiss80_trlocclin,40,0.46448463201522827,0.6957193315029144,0.5378151260504201,0.694617953175735,0.5333333333333333,0.0,0.0,0.0,0.0,2002,clin,0.8
5,3,lr1e-04_bs32_modL1_fusion32_fusionL1_drop0p2_trmiss80_trlocclin,32,0.0001,1,32,1,0.2,lr1e-04_bs32_modL1_fusion32_fusionL1_drop0p2_trmiss80_trlocclin,41,0.44974885880947113,0.6931665241718292,0.542016806722689,0.6968740975689762,0.5333333333333333,0.0,0.0,0.0,0.0,2002,clin,0.8
5,3,lr1e-04_bs32_modL1_fusion32_fusionL1_drop0p2_trmiss80_trlocclin,32,0.0001,1,32,1,0.2,lr1e-04_bs32_modL1_fusion32_fusionL1_drop0p2_trmiss80_trlocclin,42,0.4512026458978653,0.6921841204166412,0.542016806722689,0.6966771422359745,0.5333333333333333,0.0,0.0,0.0,0.0,2002,clin,0.8
5,3,lr1e-04_bs32_modL1_fusion32_fusionL1_drop0p2_trmiss80_trlocclin,32,0.0001,1,32,1,0.2,lr1e-04_bs32_modL1_fusion32_fusionL1_drop0p2_trmiss80_trlocclin,43,0.4510662853717804,0.6945012211799622,0.5378151260504201,0.6947186553528493,0.5333333333333333,0.0,0.0,0.0,0.0,2002,clin,0.8
5,3,lr1e-04_bs32_modL1_fusion32_fusionL1_drop0p2_trmiss80_trlocclin,32,0.0001,1,32,1,0.2,lr1e-04_bs32_modL1_fusion32_fusionL1_drop0p2_trmiss80_trlocclin,44,0.42857960363229114,0.6941535174846649,0.5462184873949579,0.7023434865709113,0.5111111111111111,0.0,0.0,0.0,0.0,2002,clin,0.8
5,3,lr1e-04_bs32_modL1_fusion32_fusionL1_drop0p2_trmiss80_trlocclin,32,0.0001,1,32,1,0.2,lr1e-04_bs32_modL1_fusion32_fusionL1_drop0p2_trmiss80_trlocclin,45,0.43923763434092206,0.693740725517273,0.5462184873949579,0.6992092505826472,0.5333333333333333,0.0,0.0,0.0,0.0,2002,clin,0.8
5,3,lr1e-04_bs32_modL1_fusion32_fusionL1_drop0p2_trmiss80_trlocclin,32,0.0001,1,32,1,0.2,lr1e-04_bs32_modL1_fusion32_fusionL1_drop0p2_trmiss80_trlocclin,46,0.44927075505256653,0.6912308037281036,0.5504201680672268,0.7013638055864668,0.5111111111111111,0.0,0.0,0.0,0.0,2002,clin,0.8
5,3,lr1e-04_bs32_modL1_fusion32_fusionL1_drop0p2_trmiss80_trlocclin,32,0.0001,1,32,1,0.2,lr1e-04_bs32_modL1_fusion32_fusionL1_drop0p2_trmiss80_trlocclin,47,0.4428103466828664,0.6931532025337219,0.542016806722689,0.6969989055566874,0.5333333333333333,0.0,0.0,0.0,0.0,2002,clin,0.8
5,3,lr1e-04_bs32_modL1_fusion32_fusionL1_drop0p2_trmiss80_trlocclin,32,0.0001,1,32,1,0.2,lr1e-04_bs32_modL1_fusion32_fusionL1_drop0p2_trmiss80_trlocclin,48,0.45590297877788544,0.6915507614612579,0.5399159663865547,0.6972925695339063,0.5333333333333333,0.0,0.0,0.0,0.0,2002,clin,0.8
5,3,lr1e-04_bs32_modL1_fusion32_fusionL1_drop0p2_trmiss80_trlocclin,32,0.0001,1,32,1,0.2,lr1e-04_bs32_modL1_fusion32_fusionL1_drop0p2_trmiss80_trlocclin,49,0.45566171407699585,0.6917861700057983,0.5441176470588236,0.6983459687722176,0.5333333333333333,0.0,0.0,0.0,0.0,2002,clin,0.8
5,3,lr1e-04_bs32_modL1_fusion32_fusionL1_drop0p2_trmiss80_trlocclin,32,0.0001,1,32,1,0.2,lr1e-04_bs32_modL1_fusion32_fusionL1_drop0p2_trmiss80_trlocclin,50,0.4518118550380071,0.6908914744853973,0.5567226890756302,0.7062144099616475,0.5333333333333333,0.0,0.0,0.0,0.0,2002,clin,0.8
5,3,lr1e-04_bs32_modL1_fusion32_fusionL1_drop0p2_trmiss80_trlocclin,32,0.0001,1,32,1,0.2,lr1e-04_bs32_modL1_fusion32_fusionL1_drop0p2_trmiss80_trlocclin,51,0.4368329842885335,0.6955447793006897,0.542016806722689,0.696203311399292,0.5333333333333333,0.0,0.0,0.0,0.0,2002,clin,0.8
5,3,lr1e-04_bs32_modL1_fusion32_fusionL1_drop0p2_trmiss80_trlocclin,32,0.0001,1,32,1,0.2,lr1e-04_bs32_modL1_fusion32_fusionL1_drop0p2_trmiss80_trlocclin,52,0.43612270057201385,0.6928030550479889,0.5420168067226891,0.6950520085082112,0.5333333333333333,0.0,0.0,0.0,0.0,2002,clin,0.8
5,3,lr1e-04_bs32_modL1_fusion32_fusionL1_drop0p2_trmiss80_trlocclin,32,0.0001,1,32,1,0.2,lr1e-04_bs32_modL1_fusion32_fusionL1_drop0p2_trmiss80_trlocclin,53,0.45294319093227386,0.6946526169776917,0.5420168067226891,0.6984290594220784,0.5333333333333333,0.0,0.0,0.0,0.0,2002,clin,0.8
5,3,lr1e-04_bs32_modL1_fusion32_fusionL1_drop0p2_trmiss80_trlocclin,32,0.0001,1,32,1,0.2,lr1e-04_bs32_modL1_fusion32_fusionL1_drop0p2_trmiss80_trlocclin,54,0.4390808542569478,0.6947984993457794,0.5441176470588235,0.6977669547118334,0.5333333333333333,0.0,0.0,0.0,0.0,2002,clin,0.8
5,3,lr1e-04_bs32_modL1_fusion32_fusionL1_drop0p2_trmiss80_trlocclin,32,0.0001,1,32,1,0.2,lr1e-04_bs32_modL1_fusion32_fusionL1_drop0p2_trmiss80_trlocclin,55,0.45828566948572796,0.6921057999134064,0.5462184873949579,0.69862476425488,0.5111111111111111,0.0,0.0,0.0,0.0,2002,clin,0.8
5,3,lr1e-04_bs32_modL1_fusion32_fusionL1_drop0p2_trmiss80_trlocclin,32,0.0001,1,32,1,0.2,lr1e-04_bs32_modL1_fusion32_fusionL1_drop0p2_trmiss80_trlocclin,56,0.4481799254814784,0.6924438774585724,0.5546218487394957,0.7031319269684502,0.5333333333333333,0.0,0.0,0.0,0.0,2002,clin,0.8
5,3,lr1e-04_bs32_modL1_fusion32_fusionL1_drop0p2_trmiss80_trlocclin,32,0.0001,1,32,1,0.2,lr1e-04_bs32_modL1_fusion32_fusionL1_drop0p2_trmiss80_trlocclin,57,0.4479868213335673,0.6940142214298248,0.5462184873949579,0.6992388259150747,0.5333333333333333,0.0,0.0,0.0,0.0,2002,clin,0.8
5,3,lr1e-04_bs32_modL1_fusion32_fusionL1_drop0p2_trmiss80_trlocclin,32,0.0001,1,32,1,0.2,lr1e-04_bs32_modL1_fusion32_fusionL1_drop0p2_trmiss80_trlocclin,58,0.44630450507005054,0.6924863159656525,0.5483193277310924,0.7002093228094846,0.5111111111111111,0.0,0.0,0.0,0.0,2002,clin,0.8
5,3,lr1e-04_bs32_modL1_fusion32_fusionL1_drop0p1_trmiss80_trlocclin,32,0.0001,1,32,1,0.1,lr1e-04_bs32_modL1_fusion32_fusionL1_drop0p1_trmiss80_trlocclin,1,0.6930764317512512,0.6801056861877441,0.5609243697478992,0.6971462248429101,0.6222222222222222,0.0,0.0,0.0,0.0,2002,clin,0.8
5,3,lr1e-04_bs32_modL1_fusion32_fusionL1_drop0p1_trmiss80_trlocclin,32,0.0001,1,32,1,0.1,lr1e-04_bs32_modL1_fusion32_fusionL1_drop0p1_trmiss80_trlocclin,2,0.6462730964024862,0.6819707453250885,0.5504201680672269,0.6857524744838908,0.5777777777777777,0.0,0.0,0.0,0.0,2002,clin,0.8
5,3,lr1e-04_bs32_modL1_fusion32_fusionL1_drop0p1_trmiss80_trlocclin,32,0.0001,1,32,1,0.1,lr1e-04_bs32_modL1_fusion32_fusionL1_drop0p1_trmiss80_trlocclin,3,0.5854830145835876,0.6908585131168365,0.5168067226890756,0.6238878180782903,0.5555555555555556,0.0,0.0,0.0,0.0,2002,clin,0.8
5,3,lr1e-04_bs32_modL1_fusion32_fusionL1_drop0p1_trmiss80_trlocclin,32,0.0001,1,32,1,0.1,lr1e-04_bs32_modL1_fusion32_fusionL1_drop0p1_trmiss80_trlocclin,4,0.5387246112028757,0.6961938440799713,0.49789915966386555,0.6042713102702623,0.5111111111111111,0.0,0.0,0.0,0.0,2002,clin,0.8
5,3,lr1e-04_bs32_modL1_fusion32_fusionL1_drop0p1_trmiss80_trlocclin,32,0.0001,1,32,1,0.1,lr1e-04_bs32_modL1_fusion32_fusionL1_drop0p1_trmiss80_trlocclin,5,0.537391722202301,0.698503851890564,0.4957983193277311,0.6277064404429965,0.5333333333333333,0.0,0.0,0.0,0.0,2002,clin,0.8
5,3,lr1e-04_bs32_modL1_fusion32_fusionL1_drop0p1_trmiss80_trlocclin,32,0.0001,1,32,1,0.1,lr1e-04_bs32_modL1_fusion32_fusionL1_drop0p1_trmiss80_trlocclin,6,0.5078528076410294,0.7055637836456299,0.4831932773109243,0.6256116902520794,0.5333333333333333,0.0,0.0,0.0,0.0,2002,clin,0.8
5,3,lr1e-04_bs32_modL1_fusion32_fusionL1_drop0p1_trmiss80_trlocclin,32,0.0001,1,32,1,0.1,lr1e-04_bs32_modL1_fusion32_fusionL1_drop0p1_trmiss80_trlocclin,7,0.49577564001083374,0.7055920958518982,0.4726890756302521,0.6219890835477103,0.5111111111111111,0.0,0.0,0.0,0.0,2002,clin,0.8
5,3,lr1e-04_bs32_modL1_fusion32_fusionL1_drop0p1_trmiss80_trlocclin,32,0.0001,1,32,1,0.1,lr1e-04_bs32_modL1_fusion32_fusionL1_drop0p1_trmiss80_trlocclin,8,0.4846539149681727,0.7072908282279968,0.47478991596638653,0.6235229991438057,0.4888888888888889,0.0,0.0,0.0,0.0,2002,clin,0.8
5,3,lr1e-04_bs32_modL1_fusion32_fusionL1_drop0p1_trmiss80_trlocclin,32,0.0001,1,32,1,0.1,lr1e-04_bs32_modL1_fusion32_fusionL1_drop0p1_trmiss80_trlocclin,9,0.4791932652393977,0.7075567543506622,0.4831932773109244,0.6268729937871756,0.4666666666666667,0.0,0.0,0.0,0.0,2002,clin,0.8
5,3,lr1e-04_bs32_modL1_fusion32_fusionL1_drop0p1_trmiss80_trlocclin,32,0.0001,1,32,1,0.1,lr1e-04_bs32_modL1_fusion32_fusionL1_drop0p1_trmiss80_trlocclin,10,0.4753229022026062,0.7040680050849915,0.5042016806722689,0.6362134162267522,0.4666666666666667,0.0,0.0,0.0,0.0,2002,clin,0.8
5,3,lr1e-04_bs32_modL1_fusion32_fusionL1_drop0p1_trmiss80_trlocclin,32,0.0001,1,32,1,0.1,lr1e-04_bs32_modL1_fusion32_fusionL1_drop0p1_trmiss80_trlocclin,11,0.4701746205488841,0.7040083110332489,0.4978991596638655,0.6323043496260744,0.4888888888888889,0.0,0.0,0.0,0.0,2002,clin,0.8
5,3,lr1e-04_bs32_modL1_fusion32_fusionL1_drop0p1_trmiss80_trlocclin,32,0.0001,1,32,1,0.1,lr1e-04_bs32_modL1_fusion32_fusionL1_drop0p1_trmiss80_trlocclin,12,0.4671541601419449,0.7026307284832001,0.5063025210084033,0.6392646909254135,0.5333333333333333,0.0,0.0,0.0,0.0,2002,clin,0.8
5,3,lr1e-04_bs32_modL1_fusion32_fusionL1_drop0p1_trmiss80_trlocclin,32,0.0001,1,32,1,0.1,lr1e-04_bs32_modL1_fusion32_fusionL1_drop0p1_trmiss80_trlocclin,13,0.4459601392348607,0.7045885026454926,0.49369747899159666,0.6360435481157455,0.5111111111111111,0.0,0.0,0.0,0.0,2002,clin,0.8
5,3,lr1e-04_bs32_modL1_fusion32_fusionL1_drop0p1_trmiss80_trlocclin,32,0.0001,1,32,1,0.1,lr1e-04_bs32_modL1_fusion32_fusionL1_drop0p1_trmiss80_trlocclin,14,0.44346008201440174,0.704505443572998,0.4936974789915966,0.6348765870379397,0.5333333333333333,0.0,0.0,0.0,0.0,2002,clin,0.8
5,3,lr1e-04_bs32_modL1_fusion32_fusionL1_drop0p1_trmiss80_trlocclin,32,0.0001,1,32,1,0.1,lr1e-04_bs32_modL1_fusion32_fusionL1_drop0p1_trmiss80_trlocclin,15,0.4460201213757197,0.702871710062027,0.49789915966386555,0.6365014899569392,0.5111111111111111,0.0,0.0,0.0,0.0,2002,clin,0.8
5,3,lr1e-04_bs32_modL1_fusion32_fusionL1_drop0p1_trmiss80_trlocclin,32,0.0001,1,32,1,0.1,lr1e-04_bs32_modL1_fusion32_fusionL1_drop0p1_trmiss80_trlocclin,16,0.43325599034627277,0.7033222913742065,0.48739495798319327,0.6300497305761729,0.4888888888888889,0.0,0.0,0.0,0.0,2002,clin,0.8
5,3,lr1e-04_bs32_modL1_fusion32_fusionL1_drop0p1_trmiss80_trlocclin,32,0.0001,1,32,1,0.1,lr1e-04_bs32_modL1_fusion32_fusionL1_drop0p1_trmiss80_trlocclin,17,0.43217351535956067,0.7023681700229645,0.48109243697478987,0.6274976206614021,0.4888888888888889,0.0,0.0,0.0,0.0,2002,clin,0.8
5,3,lr1e-04_bs32_modL1_fusion32_fusionL1_drop0p1_trmiss80_trlocclin,32,0.0001,1,32,1,0.1,lr1e-04_bs32_modL1_fusion32_fusionL1_drop0p1_trmiss80_trlocclin,18,0.4277828534444173,0.701796293258667,0.48739495798319327,0.6294142645658282,0.4888888888888889,0.0,0.0,0.0,0.0,2002,clin,0.8
5,3,lr1e-04_bs32_modL1_fusion32_fusionL1_drop0p1_trmiss80_trlocclin,32,0.0001,1,32,1,0.1,lr1e-04_bs32_modL1_fusion32_fusionL1_drop0p1_trmiss80_trlocclin,19,0.43891308705012005,0.7014820873737335,0.48739495798319327,0.630889475862468,0.5111111111111111,0.0,0.0,0.0,0.0,2002,clin,0.8
5,3,lr1e-04_bs32_modL1_fusion32_fusionL1_drop0p1_trmiss80_trlocclin,32,0.0001,1,32,1,0.1,lr1e-04_bs32_modL1_fusion32_fusionL1_drop0p1_trmiss80_trlocclin,20,0.4345567226409912,0.6994659304618835,0.4957983193277311,0.6326494242057865,0.4888888888888889,0.0,0.0,0.0,0.0,2002,clin,0.8
5,3,lr1e-04_bs32_modL1_fusion32_fusionL1_drop0p1_trmiss80_trlocclin,32,0.0001,1,32,1,0.1,lr1e-04_bs32_modL1_fusion32_fusionL1_drop0p1_trmiss80_trlocclin,21,0.42137283583482105,0.6982396245002747,0.49579831932773105,0.6324125259274136,0.4888888888888889,0.0,0.0,0.0,0.0,2002,clin,0.8
5,3,lr1e-04_bs32_modL1_fusion64_fusionL1_drop0p2_trmiss80_trlocclin,32,0.0001,1,64,1,0.2,lr1e-04_bs32_modL1_fusion64_fusionL1_drop0p2_trmiss80_trlocclin,1,0.673259824514389,0.6867038309574127,0.6680672268907563,0.8071774274269745,0.5555555555555556,0.0,0.0,0.0,0.0,2002,clin,0.8
5,3,lr1e-04_bs32_modL1_fusion64_fusionL1_drop0p2_trmiss80_trlocclin,32,0.0001,1,64,1,0.2,lr1e-04_bs32_modL1_fusion64_fusionL1_drop0p2_trmiss80_trlocclin,2,0.6340968708197275,0.6778055429458618,0.6533613445378151,0.8105288521009592,0.6,0.0,0.0,0.0,0.0,2002,clin,0.8
5,3,lr1e-04_bs32_modL1_fusion64_fusionL1_drop0p2_trmiss80_trlocclin,32,0.0001,1,64,1,0.2,lr1e-04_bs32_modL1_fusion64_fusionL1_drop0p2_trmiss80_trlocclin,3,0.5985143184661865,0.6713348925113678,0.6449579831932774,0.8062630382511909,0.6,0.0,0.0,0.0,0.0,2002,clin,0.8
5,3,lr1e-04_bs32_modL1_fusion64_fusionL1_drop0p2_trmiss80_trlocclin,32,0.0001,1,64,1,0.2,lr1e-04_bs32_modL1_fusion64_fusionL1_drop0p2_trmiss80_trlocclin,4,0.581353227297465,0.6635893285274506,0.6596638655462185,0.8147414332343567,0.6444444444444445,0.0,0.0,0.0,0.0,2002,clin,0.8
5,3,lr1e-04_bs32_modL1_fusion64_fusionL1_drop0p2_trmiss80_trlocclin,32,0.0001,1,64,1,0.2,lr1e-04_bs32_modL1_fusion64_fusionL1_drop0p2_trmiss80_trlocclin,5,0.5618443687756857,0.6571617424488068,0.6764705882352942,0.8255930307239426,0.5555555555555556,0.0,0.0,0.0,0.0,2002,clin,0.8
5,3,lr1e-04_bs32_modL1_fusion64_fusionL1_drop0p2_trmiss80_trlocclin,32,0.0001,1,64,1,0.2,lr1e-04_bs32_modL1_fusion64_fusionL1_drop0p2_trmiss80_trlocclin,6,0.5557455718517303,0.6532563865184784,0.6554621848739496,0.8187307013371522,0.6,0.0,0.0,0.0,0.0,2002,clin,0.8
5,3,lr1e-04_bs32_modL1_fusion64_fusionL1_drop0p2_trmiss80_trlocclin,32,0.0001,1,64,1,0.2,lr1e-04_bs32_modL1_fusion64_fusionL1_drop0p2_trmiss80_trlocclin,7,0.5224411189556122,0.6455855071544647,0.6659663865546218,0.8188022511789649,0.6222222222222222,0.0,0.0,0.0,0.0,2002,clin,0.8
5,3,lr1e-04_bs32_modL1_fusion64_fusionL1_drop0p2_trmiss80_trlocclin,32,0.0001,1,64,1,0.2,lr1e-04_bs32_modL1_fusion64_fusionL1_drop0p2_trmiss80_trlocclin,8,0.5033143411080042,0.6431453824043274,0.6659663865546219,0.819494242498481,0.6888888888888889,0.0,0.0,0.0,0.0,2002,clin,0.8
5,3,lr1e-04_bs32_modL1_fusion64_fusionL1_drop0p2_trmiss80_trlocclin,32,0.0001,1,64,1,0.2,lr1e-04_bs32_modL1_fusion64_fusionL1_drop0p2_trmiss80_trlocclin,9,0.515252689520518,0.6424455344676971,0.6638655462184875,0.8204165846885144,0.6888888888888889,0.0,0.0,0.0,0.0,2002,clin,0.8
5,3,lr1e-04_bs32_modL1_fusion64_fusionL1_drop0p2_trmiss80_trlocclin,32,0.0001,1,64,1,0.2,lr1e-04_bs32_modL1_fusion64_fusionL1_drop0p2_trmiss80_trlocclin,10,0.49635806679725647,0.6425151824951172,0.6554621848739496,0.8183021528527205,0.6666666666666666,0.0,0.0,0.0,0.0,2002,clin,0.8
5,3,lr1e-04_bs32_modL1_fusion64_fusionL1_drop0p2_trmiss80_trlocclin,32,0.0001,1,64,1,0.2,lr1e-04_bs32_modL1_fusion64_fusionL1_drop0p2_trmiss80_trlocclin,11,0.4853850503762563,0.6421341300010681,0.6554621848739497,0.8162262885544592,0.6666666666666666,0.0,0.0,0.0,0.0,2002,clin,0.8
5,3,lr1e-04_bs32_modL1_fusion64_fusionL1_drop0p2_trmiss80_trlocclin,32,0.0001,1,64,1,0.2,lr1e-04_bs32_modL1_fusion64_fusionL1_drop0p2_trmiss80_trlocclin,12,0.4526108851035436,0.6440107524394989,0.6680672268907564,0.8181759560477191,0.6444444444444445,0.0,0.0,0.0,0.0,2002,clin,0.8
5,3,lr1e-04_bs32_modL1_fusion64_fusionL1_drop0p2_trmiss80_trlocclin,32,0.0001,1,64,1,0.2,lr1e-04_bs32_modL1_fusion64_fusionL1_drop0p2_trmiss80_trlocclin,13,0.4536972641944885,0.6418130397796631,0.6743697478991596,0.8153008239915099,0.6666666666666666,0.0,0.0,0.0,0.0,2002,clin,0.8
5,3,lr1e-04_bs32_modL1_fusion64_fusionL1_drop0p2_trmiss80_trlocclin,32,0.0001,1,64,1,0.2,lr1e-04_bs32_modL1_fusion64_fusionL1_drop0p2_trmiss80_trlocclin,14,0.44340092440446216,0.6413116455078125,0.6869747899159664,0.8317454763412981,0.6666666666666666,0.0,0.0,0.0,0.0,2002,clin,0.8
5,3,lr1e-04_bs32_modL1_fusion64_fusionL1_drop0p2_trmiss80_trlocclin,32,0.0001,1,64,1,0.2,lr1e-04_bs32_modL1_fusion64_fusionL1_drop0p2_trmiss80_trlocclin,15,0.44739889601866406,0.6464450359344482,0.676470588235294,0.8215708958578989,0.6444444444444445,0.0,0.0,0.0,0.0,2002,clin,0.8
5,3,lr1e-04_bs32_modL1_fusion64_fusionL1_drop0p2_trmiss80_trlocclin,32,0.0001,1,64,1,0.2,lr1e-04_bs32_modL1_fusion64_fusionL1_drop0p2_trmiss80_trlocclin,16,0.45335790514945984,0.6487331986427307,0.680672268907563,0.8252236314156395,0.6222222222222222,0.0,0.0,0.0,0.0,2002,clin,0.8
5,3,lr1e-04_bs32_modL1_fusion64_fusionL1_drop0p2_trmiss80_trlocclin,32,0.0001,1,64,1,0.2,lr1e-04_bs32_modL1_fusion64_fusionL1_drop0p2_trmiss80_trlocclin,17,0.4222072760264079,0.6514552235603333,0.6617647058823529,0.8077536305966619,0.5777777777777777,0.0,0.0,0.0,0.0,2002,clin,0.8
5,3,lr1e-04_bs32_modL1_fusion64_fusionL1_drop0p2_trmiss80_trlocclin,32,0.0001,1,64,1,0.2,lr1e-04_bs32_modL1_fusion64_fusionL1_drop0p2_trmiss80_trlocclin,18,0.4021317611138026,0.6490776240825653,0.6638655462184874,0.8068423109950561,0.6,0.0,0.0,0.0,0.0,2002,clin,0.8
5,3,lr1e-04_bs32_modL1_fusion64_fusionL1_drop0p2_trmiss80_trlocclin,32,0.0001,1,64,1,0.2,lr1e-04_bs32_modL1_fusion64_fusionL1_drop0p2_trmiss80_trlocclin,19,0.4001905669768651,0.6516353487968445,0.653361344537815,0.8102385543684217,0.5777777777777777,0.0,0.0,0.0,0.0,2002,clin,0.8
5,3,lr1e-04_bs32_modL1_fusion64_fusionL1_drop0p2_trmiss80_trlocclin,32,0.0001,1,64,1,0.2,lr1e-04_bs32_modL1_fusion64_fusionL1_drop0p2_trmiss80_trlocclin,20,0.38795319696267444,0.6464651226997375,0.6722689075630252,0.8237109028547795,0.6,0.0,0.0,0.0,0.0,2002,clin,0.8
5,3,lr1e-04_bs32_modL1_fusion64_fusionL1_drop0p2_trmiss80_trlocclin,32,0.0001,1,64,1,0.2,lr1e-04_bs32_modL1_fusion64_fusionL1_drop0p2_trmiss80_trlocclin,21,0.3797468344370524,0.6492025256156921,0.6491596638655461,0.8103682100685425,0.6,0.0,0.0,0.0,0.0,2002,clin,0.8
5,3,lr1e-04_bs32_modL1_fusion64_fusionL1_drop0p2_trmiss80_trlocclin,32,0.0001,1,64,1,0.2,lr1e-04_bs32_modL1_fusion64_fusionL1_drop0p2_trmiss80_trlocclin,22,0.38627371191978455,0.6495268046855927,0.6491596638655462,0.8094737450163657,0.6,0.0,0.0,0.0,0.0,2002,clin,0.8
5,3,lr1e-04_bs32_modL1_fusion64_fusionL1_drop0p2_trmiss80_trlocclin,32,0.0001,1,64,1,0.2,lr1e-04_bs32_modL1_fusion64_fusionL1_drop0p2_trmiss80_trlocclin,23,0.37832402686278027,0.6518017053604126,0.6533613445378151,0.8106739482219354,0.5777777777777777,0.0,0.0,0.0,0.0,2002,clin,0.8
5,3,lr1e-04_bs32_modL1_fusion64_fusionL1_drop0p2_trmiss80_trlocclin,32,0.0001,1,64,1,0.2,lr1e-04_bs32_modL1_fusion64_fusionL1_drop0p2_trmiss80_trlocclin,24,0.36158650120099384,0.6459822058677673,0.6617647058823529,0.8148241771865087,0.6222222222222222,0.0,0.0,0.0,0.0,2002,clin,0.8
5,3,lr1e-04_bs32_modL1_fusion64_fusionL1_drop0p2_trmiss80_trlocclin,32,0.0001,1,64,1,0.2,lr1e-04_bs32_modL1_fusion64_fusionL1_drop0p2_trmiss80_trlocclin,25,0.3578955779472987,0.6455773711204529,0.6659663865546218,0.8160886811232271,0.6222222222222222,0.0,0.0,0.0,0.0,2002,clin,0.8
5,3,lr1e-04_bs32_modL1_fusion64_fusionL1_drop0p2_trmiss80_trlocclin,32,0.0001,1,64,1,0.2,lr1e-04_bs32_modL1_fusion64_fusionL1_drop0p2_trmiss80_trlocclin,26,0.35822243491808575,0.6474208533763885,0.6659663865546219,0.8165096913944936,0.6222222222222222,0.0,0.0,0.0,0.0,2002,clin,0.8
5,3,lr1e-04_bs32_modL1_fusion64_fusionL1_drop0p2_trmiss80_trlocclin,32,0.0001,1,64,1,0.2,lr1e-04_bs32_modL1_fusion64_fusionL1_drop0p2_trmiss80_trlocclin,27,0.3728674401839574,0.6433921754360199,0.6911764705882353,0.8301747644765073,0.7111111111111111,0.0,0.0,0.0,0.0,2002,clin,0.8
5,3,lr1e-04_bs32_modL1_fusion64_fusionL1_drop0p2_trmiss80_trlocclin,32,0.0001,1,64,1,0.2,lr1e-04_bs32_modL1_fusion64_fusionL1_drop0p2_trmiss80_trlocclin,28,0.34637948373953503,0.6417827010154724,0.6890756302521008,0.8296250719529432,0.6888888888888889,0.0,0.0,0.0,0.0,2002,clin,0.8
5,3,lr1e-04_bs32_modL1_fusion64_fusionL1_drop0p2_trmiss80_trlocclin,32,0.0001,1,64,1,0.2,lr1e-04_bs32_modL1_fusion64_fusionL1_drop0p2_trmiss80_trlocclin,29,0.3659397562344869,0.642256498336792,0.6806722689075629,0.8248099770594511,0.6444444444444445,0.0,0.0,0.0,0.0,2002,clin,0.8
5,3,lr1e-04_bs32_modL1_fusion64_fusionL1_drop0p2_trmiss80_trlocclin,32,0.0001,1,64,1,0.2,lr1e-04_bs32_modL1_fusion64_fusionL1_drop0p2_trmiss80_trlocclin,30,0.33566943804423016,0.6432407796382904,0.6764705882352942,0.8230072417364012,0.6666666666666666,0.0,0.0,0.0,0.0,2002,clin,0.8
5,3,lr1e-04_bs32_modL1_fusion64_fusionL1_drop0p2_trmiss80_trlocclin,32,0.0001,1,64,1,0.2,lr1e-04_bs32_modL1_fusion64_fusionL1_drop0p2_trmiss80_trlocclin,31,0.3312449703613917,0.6443763673305511,0.6722689075630252,0.8204836104686754,0.6666666666666666,0.0,0.0,0.0,0.0,2002,clin,0.8
5,3,lr1e-04_bs32_modL1_fusion64_fusionL1_drop0p2_trmiss80_trlocclin,32,0.0001,1,64,1,0.2,lr1e-04_bs32_modL1_fusion64_fusionL1_drop0p2_trmiss80_trlocclin,32,0.3408061812321345,0.6448581218719482,0.6785714285714286,0.8227736331157217,0.6444444444444445,0.0,0.0,0.0,0.0,2002,clin,0.8
5,3,lr1e-04_bs32_modL1_fusion64_fusionL1_drop0p2_trmiss80_trlocclin,32,0.0001,1,64,1,0.2,lr1e-04_bs32_modL1_fusion64_fusionL1_drop0p2_trmiss80_trlocclin,33,0.33550827701886493,0.6449267864227295,0.6764705882352942,0.8215652727197184,0.6444444444444445,0.0,0.0,0.0,0.0,2002,clin,0.8
5,3,lr1e-04_bs32_modL1_fusion64_fusionL1_drop0p2_trmiss80_trlocclin,32,0.0001,1,64,1,0.2,lr1e-04_bs32_modL1_fusion64_fusionL1_drop0p2_trmiss80_trlocclin,34,0.3329849491516749,0.6415741741657257,0.6827731092436975,0.8250786964866548,0.6666666666666666,0.0,0.0,0.0,0.0,2002,clin,0.8
5,3,lr1e-04_bs32_modL1_fusion64_fusionL1_drop0p2_trmiss80_trlocclin,32,0.0001,1,64,1,0.2,lr1e-04_bs32_modL1_fusion64_fusionL1_drop0p2_trmiss80_trlocclin,35,0.33191456894079846,0.6427985727787018,0.6848739495798319,0.8262096488676072,0.6888888888888889,0.0,0.0,0.0,0.0,2002,clin,0.8
5,3,lr1e-04_bs32_modL1_fusion64_fusionL1_drop0p2_trmiss80_trlocclin,32,0.0001,1,64,1,0.2,lr1e-04_bs32_modL1_fusion64_fusionL1_drop0p2_trmiss80_trlocclin,36,0.3370736440022786,0.6410143971443176,0.6869747899159664,0.8279953631533215,0.6444444444444445,0.0,0.0,0.0,0.0,2002,clin,0.8
5,3,lr1e-04_bs32_modL1_fusion64_fusionL1_drop0p2_trmiss80_trlocclin,32,0.0001,1,64,1,0.2,lr1e-04_bs32_modL1_fusion64_fusionL1_drop0p2_trmiss80_trlocclin,37,0.33926043411095935,0.6440602838993073,0.6869747899159664,0.8289052270988997,0.6444444444444445,0.0,0.0,0.0,0.0,2002,clin,0.8
5,3,lr1e-04_bs32_modL1_fusion64_fusionL1_drop0p2_trmiss80_trlocclin,32,0.0001,1,64,1,0.2,lr1e-04_bs32_modL1_fusion64_fusionL1_drop0p2_trmiss80_trlocclin,38,0.3218972235918045,0.644583523273468,0.680672268907563,0.8247549921256833,0.6444444444444445,0.0,0.0,0.0,0.0,2002,clin,0.8
5,3,lr1e-04_bs32_modL1_fusion64_fusionL1_drop0p2_trmiss80_trlocclin,32,0.0001,1,64,1,0.2,lr1e-04_bs32_modL1_fusion64_fusionL1_drop0p2_trmiss80_trlocclin,39,0.30909868081410724,0.6438294649124146,0.6827731092436975,0.8251839856834238,0.6444444444444445,0.0,0.0,0.0,0.0,2002,clin,0.8
5,3,lr1e-04_bs32_modL1_fusion64_fusionL1_drop0p2_trmiss80_trlocclin,32,0.0001,1,64,1,0.2,lr1e-04_bs32_modL1_fusion64_fusionL1_drop0p2_trmiss80_trlocclin,40,0.33032938341299695,0.6416029930114746,0.6890756302521008,0.8286278590521693,0.6444444444444445,0.0,0.0,0.0,0.0,2002,clin,0.8
5,3,lr1e-04_bs32_modL1_fusion64_fusionL1_drop0p2_trmiss80_trlocclin,32,0.0001,1,64,1,0.2,lr1e-04_bs32_modL1_fusion64_fusionL1_drop0p2_trmiss80_trlocclin,41,0.3417349308729172,0.6408262550830841,0.6911764705882353,0.8313079546334183,0.6444444444444445,0.0,0.0,0.0,0.0,2002,clin,0.8
5,3,lr1e-04_bs32_modL1_fusion64_fusionL1_drop0p2_trmiss80_trlocclin,32,0.0001,1,64,1,0.2,lr1e-04_bs32_modL1_fusion64_fusionL1_drop0p2_trmiss80_trlocclin,42,0.31753430267175037,0.6411048769950867,0.6911764705882353,0.8313079546334183,0.6444444444444445,0.0,0.0,0.0,0.0,2002,clin,0.8
5,3,lr1e-04_bs32_modL1_fusion64_fusionL1_drop0p2_trmiss80_trlocclin,32,0.0001,1,64,1,0.2,lr1e-04_bs32_modL1_fusion64_fusionL1_drop0p2_trmiss80_trlocclin,43,0.31917204956213635,0.6393110156059265,0.6911764705882353,0.8308359181335206,0.6222222222222222,0.0,0.0,0.0,0.0,2002,clin,0.8
5,3,lr1e-04_bs32_modL1_fusion64_fusionL1_drop0p2_trmiss80_trlocclin,32,0.0001,1,64,1,0.2,lr1e-04_bs32_modL1_fusion64_fusionL1_drop0p2_trmiss80_trlocclin,44,0.3294145514567693,0.642511248588562,0.6932773109243697,0.831408262455865,0.6444444444444445,0.0,0.0,0.0,0.0,2002,clin,0.8
5,3,lr1e-04_bs32_modL1_fusion64_fusionL1_drop0p2_trmiss80_trlocclin,32,0.0001,1,64,1,0.2,lr1e-04_bs32_modL1_fusion64_fusionL1_drop0p2_trmiss80_trlocclin,45,0.3246947278579076,0.6432471573352814,0.6911764705882353,0.8297742755277605,0.6222222222222222,0.0,0.0,0.0,0.0,2002,clin,0.8
5,3,lr1e-04_bs32_modL1_fusion64_fusionL1_drop0p2_trmiss80_trlocclin,32,0.0001,1,64,1,0.2,lr1e-04_bs32_modL1_fusion64_fusionL1_drop0p2_trmiss80_trlocclin,46,0.33544843395551044,0.6407018899917603,0.6890756302521008,0.8292019312054162,0.6444444444444445,0.0,0.0,0.0,0.0,2002,clin,0.8
5,3,lr1e-04_bs32_modL1_fusion64_fusionL1_drop0p2_trmiss80_trlocclin,32,0.0001,1,64,1,0.2,lr1e-04_bs32_modL1_fusion64_fusionL1_drop0p2_trmiss80_trlocclin,47,0.33303233484427136,0.6377168297767639,0.6911764705882353,0.8321428572141861,0.6222222222222222,0.0,0.0,0.0,0.0,2002,clin,0.8
5,3,lr1e-04_bs32_modL1_fusion64_fusionL1_drop0p2_trmiss80_trlocclin,32,0.0001,1,64,1,0.2,lr1e-04_bs32_modL1_fusion64_fusionL1_drop0p2_trmiss80_trlocclin,48,0.34634096423784894,0.6387248337268829,0.6911764705882353,0.8322983654606296,0.6666666666666666,0.0,0.0,0.0,0.0,2002,clin,0.8
5,3,lr1e-04_bs32_modL1_fusion64_fusionL1_drop0p2_trmiss80_trlocclin,32,0.0001,1,64,1,0.2,lr1e-04_bs32_modL1_fusion64_fusionL1_drop0p2_trmiss80_trlocclin,49,0.3222152491410573,0.6422863602638245,0.6911764705882353,0.8297742755277605,0.6444444444444445,0.0,0.0,0.0,0.0,2002,clin,0.8
5,3,lr1e-04_bs32_modL1_fusion64_fusionL1_drop0p2_trmiss80_trlocclin,32,0.0001,1,64,1,0.2,lr1e-04_bs32_modL1_fusion64_fusionL1_drop0p2_trmiss80_trlocclin,50,0.31638946135838825,0.6441588699817657,0.6911764705882353,0.830630394490497,0.6666666666666666,0.0,0.0,0.0,0.0,2002,clin,0.8
5,3,lr1e-04_bs32_modL1_fusion64_fusionL1_drop0p2_trmiss80_trlocclin,32,0.0001,1,64,1,0.2,lr1e-04_bs32_modL1_fusion64_fusionL1_drop0p2_trmiss80_trlocclin,51,0.31479256848494214,0.6423178613185883,0.6932773109243697,0.8309454220847611,0.6666666666666666,0.0,0.0,0.0,0.0,2002,clin,0.8
5,3,lr1e-04_bs32_modL1_fusion64_fusionL1_drop0p2_trmiss80_trlocclin,32,0.0001,1,64,1,0.2,lr1e-04_bs32_modL1_fusion64_fusionL1_drop0p2_trmiss80_trlocclin,52,0.31577639778455097,0.6391111314296722,0.6932773109243697,0.8311840499638506,0.6222222222222222,0.0,0.0,0.0,0.0,2002,clin,0.8
5,3,lr1e-04_bs32_modL1_fusion64_fusionL1_drop0p2_trmiss80_trlocclin,32,0.0001,1,64,1,0.2,lr1e-04_bs32_modL1_fusion64_fusionL1_drop0p2_trmiss80_trlocclin,53,0.31037870546181995,0.6374571025371552,0.6953781512605042,0.8334490787823956,0.6222222222222222,0.0,0.0,0.0,0.0,2002,clin,0.8
5,3,lr1e-04_bs32_modL1_fusion64_fusionL1_drop0p2_trmiss80_trlocclin,32,0.0001,1,64,1,0.2,lr1e-04_bs32_modL1_fusion64_fusionL1_drop0p2_trmiss80_trlocclin,54,0.2919437686602275,0.6348308324813843,0.6995798319327731,0.8372218378860371,0.6222222222222222,0.0,0.0,0.0,0.0,2002,clin,0.8
5,3,lr1e-04_bs32_modL1_fusion64_fusionL1_drop0p2_trmiss80_trlocclin,32,0.0001,1,64,1,0.2,lr1e-04_bs32_modL1_fusion64_fusionL1_drop0p2_trmiss80_trlocclin,55,0.30268631378809613,0.6355063617229462,0.6974789915966386,0.8339883188686741,0.6444444444444445,0.0,0.0,0.0,0.0,2002,clin,0.8
5,3,lr1e-04_bs32_modL1_fusion64_fusionL1_drop0p2_trmiss80_trlocclin,32,0.0001,1,64,1,0.2,lr1e-04_bs32_modL1_fusion64_fusionL1_drop0p2_trmiss80_trlocclin,56,0.2979165663321813,0.6384220719337463,0.6974789915966386,0.8339883188686741,0.6444444444444445,0.0,0.0,0.0,0.0,2002,clin,0.8
5,3,lr1e-04_bs32_modL1_fusion64_fusionL1_drop0p2_trmiss80_trlocclin,32,0.0001,1,64,1,0.2,lr1e-04_bs32_modL1_fusion64_fusionL1_drop0p2_trmiss80_trlocclin,57,0.3072255651156108,0.6379682421684265,0.6974789915966386,0.8348588532184859,0.6444444444444445,0.0,0.0,0.0,0.0,2002,clin,0.8
5,3,lr1e-04_bs32_modL1_fusion64_fusionL1_drop0p2_trmiss80_trlocclin,32,0.0001,1,64,1,0.2,lr1e-04_bs32_modL1_fusion64_fusionL1_drop0p2_trmiss80_trlocclin,58,0.3106030772129695,0.6389191150665283,0.6995798319327731,0.8353980933047643,0.6666666666666666,0.0,0.0,0.0,0.0,2002,clin,0.8
5,3,lr1e-04_bs32_modL1_fusion64_fusionL1_drop0p2_trmiss80_trlocclin,32,0.0001,1,64,1,0.2,lr1e-04_bs32_modL1_fusion64_fusionL1_drop0p2_trmiss80_trlocclin,59,0.29955217242240906,0.638991504907608,0.6995798319327731,0.8366494935636928,0.6666666666666666,0.0,0.0,0.0,0.0,2002,clin,0.8
5,3,lr1e-04_bs32_modL1_fusion64_fusionL1_drop0p2_trmiss80_trlocclin,32,0.0001,1,64,1,0.2,lr1e-04_bs32_modL1_fusion64_fusionL1_drop0p2_trmiss80_trlocclin,60,0.30483441551526386,0.6395056247711182,0.6995798319327731,0.8374378655926663,0.6666666666666666,0.0,0.0,0.0,0.0,2002,clin,0.8
5,3,lr1e-04_bs32_modL1_fusion64_fusionL1_drop0p2_trmiss80_trlocclin,32,0.0001,1,64,1,0.2,lr1e-04_bs32_modL1_fusion64_fusionL1_drop0p2_trmiss80_trlocclin,61,0.2868753323952357,0.6422410607337952,0.6974789915966386,0.8360280911565762,0.6666666666666666,0.0,0.0,0.0,0.0,2002,clin,0.8
5,3,lr1e-04_bs32_modL1_fusion64_fusionL1_drop0p2_trmiss80_trlocclin,32,0.0001,1,64,1,0.2,lr1e-04_bs32_modL1_fusion64_fusionL1_drop0p2_trmiss80_trlocclin,62,0.32100045184294385,0.6418989300727844,0.6953781512605042,0.832827676375279,0.6666666666666666,0.0,0.0,0.0,0.0,2002,clin,0.8
5,3,lr1e-04_bs32_modL1_fusion64_fusionL1_drop0p2_trmiss80_trlocclin,32,0.0001,1,64,1,0.2,lr1e-04_bs32_modL1_fusion64_fusionL1_drop0p2_trmiss80_trlocclin,63,0.31047141055266064,0.639788955450058,0.6974789915966386,0.8342374508113692,0.6444444444444445,0.0,0.0,0.0,0.0,2002,clin,0.8
5,3,lr1e-04_bs32_modL1_fusion64_fusionL1_drop0p2_trmiss80_trlocclin,32,0.0001,1,64,1,0.2,lr1e-04_bs32_modL1_fusion64_fusionL1_drop0p2_trmiss80_trlocclin,64,0.29344016313552856,0.6386471688747406,0.6995798319327731,0.8355979950290563,0.6222222222222222,0.0,0.0,0.0,0.0,2002,clin,0.8
5,3,lr1e-04_bs32_modL1_fusion64_fusionL1_drop0p2_trmiss80_trlocclin,32,0.0001,1,64,1,0.2,lr1e-04_bs32_modL1_fusion64_fusionL1_drop0p2_trmiss80_trlocclin,65,0.31090513865152997,0.6396026015281677,0.6995798319327731,0.8355979950290563,0.6444444444444445,0.0,0.0,0.0,0.0,2002,clin,0.8
5,3,lr1e-04_bs32_modL1_fusion64_fusionL1_drop0p2_trmiss80_trlocclin,32,0.0001,1,64,1,0.2,lr1e-04_bs32_modL1_fusion64_fusionL1_drop0p2_trmiss80_trlocclin,66,0.3022759755452474,0.6374480426311493,0.6953781512605042,0.8326034638832647,0.6222222222222222,0.0,0.0,0.0,0.0,2002,clin,0.8
5,3,lr1e-04_bs32_modL1_fusion64_fusionL1_drop0p2_trmiss80_trlocclin,32,0.0001,1,64,1,0.2,lr1e-04_bs32_modL1_fusion64_fusionL1_drop0p2_trmiss80_trlocclin,67,0.292314554254214,0.6392984092235565,0.6953781512605042,0.8334543433471009,0.6222222222222222,0.0,0.0,0.0,0.0,2002,clin,0.8
5,3,lr1e-04_bs32_modL1_fusion64_fusionL1_drop0p2_trmiss80_trlocclin,32,0.0001,1,64,1,0.2,lr1e-04_bs32_modL1_fusion64_fusionL1_drop0p2_trmiss80_trlocclin,68,0.2996364285548528,0.6393497288227081,0.6995798319327731,0.8355979950290563,0.6222222222222222,0.0,0.0,0.0,0.0,2002,clin,0.8
5,3,lr1e-04_bs32_modL1_fusion64_fusionL1_drop0p2_trmiss80_trlocclin,32,0.0001,1,64,1,0.2,lr1e-04_bs32_modL1_fusion64_fusionL1_drop0p2_trmiss80_trlocclin,69,0.2933562944332759,0.641196221113205,0.6974789915966386,0.8342374508113692,0.6222222222222222,0.0,0.0,0.0,0.0,2002,clin,0.8
5,3,lr1e-04_bs32_modL1_fusion64_fusionL1_drop0p2_trmiss80_trlocclin,32,0.0001,1,64,1,0.2,lr1e-04_bs32_modL1_fusion64_fusionL1_drop0p2_trmiss80_trlocclin,70,0.30289913217226666,0.64029461145401,0.6974789915966386,0.8342374508113692,0.6888888888888889,0.0,0.0,0.0,0.0,2002,clin,0.8
5,3,lr1e-04_bs32_modL1_fusion64_fusionL1_drop0p2_trmiss80_trlocclin,32,0.0001,1,64,1,0.2,lr1e-04_bs32_modL1_fusion64_fusionL1_drop0p2_trmiss80_trlocclin,71,0.3170437316099803,0.6377758681774139,0.6995798319327731,0.8366004354789204,0.6666666666666666,0.0,0.0,0.0,0.0,2002,clin,0.8
5,3,lr1e-04_bs32_modL1_fusion64_fusionL1_drop0p2_trmiss80_trlocclin,32,0.0001,1,64,1,0.2,lr1e-04_bs32_modL1_fusion64_fusionL1_drop0p2_trmiss80_trlocclin,72,0.2865094194809596,0.6386557221412659,0.6953781512605042,0.832827676375279,0.6444444444444445,0.0,0.0,0.0,0.0,2002,clin,0.8
5,3,lr1e-04_bs32_modL1_fusion64_fusionL1_drop0p2_trmiss80_trlocclin,32,0.0001,1,64,1,0.2,lr1e-04_bs32_modL1_fusion64_fusionL1_drop0p2_trmiss80_trlocclin,73,0.3027090181907018,0.6410754323005676,0.6995798319327731,0.8366004354789204,0.6444444444444445,0.0,0.0,0.0,0.0,2002,clin,0.8
5,3,lr1e-04_bs32_modL1_fusion64_fusionL1_drop0p2_trmiss80_trlocclin,32,0.0001,1,64,1,0.2,lr1e-04_bs32_modL1_fusion64_fusionL1_drop0p2_trmiss80_trlocclin,74,0.3017486383517583,0.6417630910873413,0.6974789915966386,0.8350883302752055,0.6444444444444445,0.0,0.0,0.0,0.0,2002,clin,0.8
5,3,lr1e-04_bs32_modL1_fusion64_fusionL1_drop0p1_trmiss80_trlocclin,32,0.0001,1,64,1,0.1,lr1e-04_bs32_modL1_fusion64_fusionL1_drop0p1_trmiss80_trlocclin,1,0.6960432529449463,0.6925255656242371,0.45168067226890757,0.6340477054485273,0.6,0.0,0.0,0.0,0.0,2002,clin,0.8
5,3,lr1e-04_bs32_modL1_fusion64_fusionL1_drop0p1_trmiss80_trlocclin,32,0.0001,1,64,1,0.1,lr1e-04_bs32_modL1_fusion64_fusionL1_drop0p1_trmiss80_trlocclin,2,0.6481317778428396,0.7046473026275635,0.4642857142857143,0.6200661954446316,0.6222222222222222,0.0,0.0,0.0,0.0,2002,clin,0.8
5,3,lr1e-04_bs32_modL1_fusion64_fusionL1_drop0p1_trmiss80_trlocclin,32,0.0001,1,64,1,0.1,lr1e-04_bs32_modL1_fusion64_fusionL1_drop0p1_trmiss80_trlocclin,3,0.6109881699085236,0.7145602703094482,0.46638655462184875,0.6064241825487172,0.5333333333333333,0.0,0.0,0.0,0.0,2002,clin,0.8
5,3,lr1e-04_bs32_modL1_fusion64_fusionL1_drop0p1_trmiss80_trlocclin,32,0.0001,1,64,1,0.1,lr1e-04_bs32_modL1_fusion64_fusionL1_drop0p1_trmiss80_trlocclin,4,0.5993600289026896,0.7191356420516968,0.4978991596638655,0.6132184112507832,0.5555555555555556,0.0,0.0,0.0,0.0,2002,clin,0.8
5,3,lr1e-04_bs32_modL1_fusion64_fusionL1_drop0p1_trmiss80_trlocclin,32,0.0001,1,64,1,0.1,lr1e-04_bs32_modL1_fusion64_fusionL1_drop0p1_trmiss80_trlocclin,5,0.5742991964022318,0.7182608544826508,0.5273109243697478,0.6264274883970461,0.5777777777777777,0.0,0.0,0.0,0.0,2002,clin,0.8
5,3,lr1e-04_bs32_modL1_fusion64_fusionL1_drop0p1_trmiss80_trlocclin,32,0.0001,1,64,1,0.1,lr1e-04_bs32_modL1_fusion64_fusionL1_drop0p1_trmiss80_trlocclin,6,0.5516769091288248,0.715241014957428,0.546218487394958,0.651936377667208,0.5555555555555556,0.0,0.0,0.0,0.0,2002,clin,0.8
5,3,lr1e-04_bs32_modL1_fusion64_fusionL1_drop0p1_trmiss80_trlocclin,32,0.0001,1,64,1,0.1,lr1e-04_bs32_modL1_fusion64_fusionL1_drop0p1_trmiss80_trlocclin,7,0.5282624065876007,0.7143868803977966,0.5609243697478992,0.6732418243586052,0.5555555555555556,0.0,0.0,0.0,0.0,2002,clin,0.8
5,3,lr1e-04_bs32_modL1_fusion64_fusionL1_drop0p1_trmiss80_trlocclin,32,0.0001,1,64,1,0.1,lr1e-04_bs32_modL1_fusion64_fusionL1_drop0p1_trmiss80_trlocclin,8,0.5159593870242437,0.7143405079841614,0.5588235294117647,0.6790547350650902,0.5777777777777777,0.0,0.0,0.0,0.0,2002,clin,0.8
5,3,lr1e-04_bs32_modL1_fusion64_fusionL1_drop0p1_trmiss80_trlocclin,32,0.0001,1,64,1,0.1,lr1e-04_bs32_modL1_fusion64_fusionL1_drop0p1_trmiss80_trlocclin,9,0.5288660327593485,0.7161650657653809,0.5483193277310925,0.6797452277906464,0.5777777777777777,0.0,0.0,0.0,0.0,2002,clin,0.8
5,3,lr1e-04_bs32_modL1_fusion64_fusionL1_drop0p1_trmiss80_trlocclin,32,0.0001,1,64,1,0.1,lr1e-04_bs32_modL1_fusion64_fusionL1_drop0p1_trmiss80_trlocclin,10,0.5076318830251694,0.7142221033573151,0.5504201680672269,0.6737705546499974,0.5555555555555556,0.0,0.0,0.0,0.0,2002,clin,0.8
5,3,lr1e-04_bs32_modL1_fusion64_fusionL1_drop0p1_trmiss80_trlocclin,32,0.0001,1,64,1,0.1,lr1e-04_bs32_modL1_fusion64_fusionL1_drop0p1_trmiss80_trlocclin,11,0.4936459759871165,0.7138218581676483,0.5546218487394958,0.6768890671198213,0.5555555555555556,0.0,0.0,0.0,0.0,2002,clin,0.8
5,3,lr1e-04_bs32_modL1_fusion64_fusionL1_drop0p1_trmiss80_trlocclin,32,0.0001,1,64,1,0.1,lr1e-04_bs32_modL1_fusion64_fusionL1_drop0p1_trmiss80_trlocclin,12,0.4872935215632121,0.7131359577178955,0.5672268907563025,0.6860988302785663,0.5777777777777777,0.0,0.0,0.0,0.0,2002,clin,0.8
5,3,lr1e-04_bs32_modL1_fusion64_fusionL1_drop0p1_trmiss80_trlocclin,32,0.0001,1,64,1,0.1,lr1e-04_bs32_modL1_fusion64_fusionL1_drop0p1_trmiss80_trlocclin,13,0.4649645338455836,0.7109208106994629,0.5672268907563025,0.6964115388259351,0.5333333333333333,0.0,0.0,0.0,0.0,2002,clin,0.8
5,3,lr1e-04_bs32_modL1_fusion64_fusionL1_drop0p1_trmiss80_trlocclin,32,0.0001,1,64,1,0.1,lr1e-04_bs32_modL1_fusion64_fusionL1_drop0p1_trmiss80_trlocclin,14,0.457001472512881,0.7066322863101959,0.5819327731092437,0.704912316261817,0.5555555555555556,0.0,0.0,0.0,0.0,2002,clin,0.8
5,3,lr1e-04_bs32_modL1_fusion64_fusionL1_drop0p1_trmiss80_trlocclin,32,0.0001,1,64,1,0.1,lr1e-04_bs32_modL1_fusion64_fusionL1_drop0p1_trmiss80_trlocclin,15,0.4599374135335286,0.7065367996692657,0.5882352941176471,0.7272611599828412,0.5555555555555556,0.0,0.0,0.0,0.0,2002,clin,0.8
5,3,lr1e-04_bs32_modL1_fusion64_fusionL1_drop0p1_trmiss80_trlocclin,32,0.0001,1,64,1,0.1,lr1e-04_bs32_modL1_fusion64_fusionL1_drop0p1_trmiss80_trlocclin,16,0.4592030197381973,0.7044323086738586,0.5819327731092436,0.724772080045458,0.5555555555555556,0.0,0.0,0.0,0.0,2002,clin,0.8
5,3,lr1e-04_bs32_modL1_fusion64_fusionL1_drop0p1_trmiss80_trlocclin,32,0.0001,1,64,1,0.1,lr1e-04_bs32_modL1_fusion64_fusionL1_drop0p1_trmiss80_trlocclin,17,0.44879957536856335,0.7075405418872833,0.5756302521008403,0.7213404117654911,0.5555555555555556,0.0,0.0,0.0,0.0,2002,clin,0.8
5,3,lr1e-04_bs32_modL1_fusion64_fusionL1_drop0p1_trmiss80_trlocclin,32,0.0001,1,64,1,0.1,lr1e-04_bs32_modL1_fusion64_fusionL1_drop0p1_trmiss80_trlocclin,18,0.44806618491808575,0.7063581347465515,0.5756302521008403,0.7304736483934757,0.5555555555555556,0.0,0.0,0.0,0.0,2002,clin,0.8
5,3,lr1e-04_bs32_modL1_fusion64_fusionL1_drop0p1_trmiss80_trlocclin,32,0.0001,1,64,1,0.1,lr1e-04_bs32_modL1_fusion64_fusionL1_drop0p1_trmiss80_trlocclin,19,0.4558584044377009,0.7045987248420715,0.5798319327731092,0.7332514261712535,0.5555555555555556,0.0,0.0,0.0,0.0,2002,clin,0.8
5,3,lr1e-04_bs32_modL1_fusion64_fusionL1_drop0p1_trmiss80_trlocclin,32,0.0001,1,64,1,0.1,lr1e-04_bs32_modL1_fusion64_fusionL1_drop0p1_trmiss80_trlocclin,20,0.4542722801367442,0.7037365734577179,0.588235294117647,0.7439511480890061,0.5555555555555556,0.0,0.0,0.0,0.0,2002,clin,0.8
5,3,lr1e-04_bs32_modL1_fusion64_fusionL1_drop0p1_trmiss80_trlocclin,32,0.0001,1,64,1,0.1,lr1e-04_bs32_modL1_fusion64_fusionL1_drop0p1_trmiss80_trlocclin,21,0.4397418648004532,0.7034494280815125,0.5861344537815126,0.7422394419011547,0.5555555555555556,0.0,0.0,0.0,0.0,2002,clin,0.8
5,3,lr1e-04_bs32_modL1_fusion64_fusionL1_drop0p1_trmiss80_trlocclin,32,0.0001,1,64,1,0.1,lr1e-04_bs32_modL1_fusion64_fusionL1_drop0p1_trmiss80_trlocclin,22,0.4525917371114095,0.7041770219802856,0.5840336134453783,0.7414522852960257,0.5555555555555556,0.0,0.0,0.0,0.0,2002,clin,0.8
5,3,lr1e-04_bs32_modL1_fusion64_fusionL1_drop0p1_trmiss80_trlocclin,32,0.0001,1,64,1,0.1,lr1e-04_bs32_modL1_fusion64_fusionL1_drop0p1_trmiss80_trlocclin,23,0.43120352923870087,0.703874260187149,0.5987394957983193,0.7586276684545167,0.5555555555555556,0.0,0.0,0.0,0.0,2002,clin,0.8
5,3,lr1e-04_bs32_modL1_fusion64_fusionL1_drop0p1_trmiss80_trlocclin,32,0.0001,1,64,1,0.1,lr1e-04_bs32_modL1_fusion64_fusionL1_drop0p1_trmiss80_trlocclin,24,0.43802838027477264,0.7014851868152618,0.5966386554621849,0.7561926035194517,0.5555555555555556,0.0,0.0,0.0,0.0,2002,clin,0.8
5,3,lr1e-04_bs32_modL1_fusion64_fusionL1_drop0p1_trmiss80_trlocclin,32,0.0001,1,64,1,0.1,lr1e-04_bs32_modL1_fusion64_fusionL1_drop0p1_trmiss80_trlocclin,25,0.4257297267516454,0.7006499767303467,0.596638655462185,0.7605745982528289,0.5555555555555556,0.0,0.0,0.0,0.0,2002,clin,0.8
5,3,lr1e-04_bs32_modL1_fusion64_fusionL1_drop0p1_trmiss80_trlocclin,32,0.0001,1,64,1,0.1,lr1e-04_bs32_modL1_fusion64_fusionL1_drop0p1_trmiss80_trlocclin,26,0.4242562899986903,0.7019785046577454,0.5903361344537816,0.7537905297867328,0.5555555555555556,0.0,0.0,0.0,0.0,2002,clin,0.8
5,3,lr1e-04_bs32_modL1_fusion64_fusionL1_drop0p1_trmiss80_trlocclin,32,0.0001,1,64,1,0.1,lr1e-04_bs32_modL1_fusion64_fusionL1_drop0p1_trmiss80_trlocclin,27,0.42664984862009686,0.7010810077190399,0.592436974789916,0.7495201764841215,0.5555555555555556,0.0,0.0,0.0,0.0,2002,clin,0.8
5,3,lr1e-04_bs32_modL1_fusion64_fusionL1_drop0p1_trmiss80_trlocclin,32,0.0001,1,64,1,0.1,lr1e-04_bs32_modL1_fusion64_fusionL1_drop0p1_trmiss80_trlocclin,28,0.426005740960439,0.7014747858047485,0.592436974789916,0.7495201764841215,0.5555555555555556,0.0,0.0,0.0,0.0,2002,clin,0.8
5,3,lr1e-04_bs32_modL1_fusion64_fusionL1_drop0p1_trmiss80_trlocclin,32,0.0001,1,64,1,0.1,lr1e-04_bs32_modL1_fusion64_fusionL1_drop0p1_trmiss80_trlocclin,29,0.42664842307567596,0.7016488611698151,0.5903361344537815,0.7469227738867188,0.5555555555555556,0.0,0.0,0.0,0.0,2002,clin,0.8
5,3,lr1e-04_bs32_modL1_fusion64_fusionL1_drop0p1_trmiss80_trlocclin,32,0.0001,1,64,1,0.1,lr1e-04_bs32_modL1_fusion64_fusionL1_drop0p1_trmiss80_trlocclin,30,0.42517123619715375,0.7018347084522247,0.5945378151260504,0.7504762251817668,0.5555555555555556,0.0,0.0,0.0,0.0,2002,clin,0.8
5,3,lr1e-04_bs32_modL1_fusion64_fusionL1_drop0p1_trmiss80_trlocclin,32,0.0001,1,64,1,0.1,lr1e-04_bs32_modL1_fusion64_fusionL1_drop0p1_trmiss80_trlocclin,31,0.42686066031455994,0.7011820673942566,0.5945378151260504,0.7480391996469151,0.5555555555555556,0.0,0.0,0.0,0.0,2002,clin,0.8
5,3,lr1e-04_bs32_modL1_fusion64_fusionL1_drop0p1_trmiss80_trlocclin,32,0.0001,1,64,1,0.1,lr1e-04_bs32_modL1_fusion64_fusionL1_drop0p1_trmiss80_trlocclin,32,0.42005012929439545,0.7006105184555054,0.5945378151260504,0.7480391996469151,0.5333333333333333,0.0,0.0,0.0,0.0,2002,clin,0.8
5,3,lr1e-04_bs32_modL1_fusion64_fusionL1_drop0p1_trmiss80_trlocclin,32,0.0001,1,64,1,0.1,lr1e-04_bs32_modL1_fusion64_fusionL1_drop0p1_trmiss80_trlocclin,33,0.4235697438319524,0.6978518664836884,0.596638655462185,0.7522950686611876,0.5333333333333333,0.0,0.0,0.0,0.0,2002,clin,0.8
5,3,lr1e-04_bs32_modL1_fusion64_fusionL1_drop0p1_trmiss80_trlocclin,32,0.0001,1,64,1,0.1,lr1e-04_bs32_modL1_fusion64_fusionL1_drop0p1_trmiss80_trlocclin,34,0.4210183521111806,0.6973809599876404,0.5987394957983194,0.7532291345952535,0.5555555555555556,0.0,0.0,0.0,0.0,2002,clin,0.8
5,3,lr1e-04_bs32_modL1_fusion64_fusionL1_drop0p1_trmiss80_trlocclin,32,0.0001,1,64,1,0.1,lr1e-04_bs32_modL1_fusion64_fusionL1_drop0p1_trmiss80_trlocclin,35,0.41674260795116425,0.6988885998725891,0.5987394957983194,0.7541925502645515,0.5555555555555556,0.0,0.0,0.0,0.0,2002,clin,0.8
5,3,lr1e-04_bs32_modL1_fusion64_fusionL1_drop0p1_trmiss80_trlocclin,32,0.0001,1,64,1,0.1,lr1e-04_bs32_modL1_fusion64_fusionL1_drop0p1_trmiss80_trlocclin,36,0.41694657504558563,0.6978835463523865,0.6008403361344539,0.7550428904006059,0.5555555555555556,0.0,0.0,0.0,0.0,2002,clin,0.8
5,3,lr1e-04_bs32_modL1_fusion64_fusionL1_drop0p1_trmiss80_trlocclin,32,0.0001,1,64,1,0.1,lr1e-04_bs32_modL1_fusion64_fusionL1_drop0p1_trmiss80_trlocclin,37,0.4221980969111125,0.7004084885120392,0.5945378151260504,0.7507817751717487,0.5555555555555556,0.0,0.0,0.0,0.0,2002,clin,0.8
5,3,lr1e-04_bs32_modL1_fusion64_fusionL1_drop0p1_trmiss80_trlocclin,32,0.0001,1,64,1,0.1,lr1e-04_bs32_modL1_fusion64_fusionL1_drop0p1_trmiss80_trlocclin,38,0.40932763616244,0.7025023996829987,0.5945378151260505,0.7512299159354575,0.5555555555555556,0.0,0.0,0.0,0.0,2002,clin,0.8
5,3,lr1e-04_bs32_modL1_fusion64_fusionL1_drop0p1_trmiss80_trlocclin,32,0.0001,1,64,1,0.1,lr1e-04_bs32_modL1_fusion64_fusionL1_drop0p1_trmiss80_trlocclin,39,0.4113836387793223,0.7030353248119354,0.5924369747899161,0.7502958500013917,0.5555555555555556,0.0,0.0,0.0,0.0,2002,clin,0.8
5,3,lr1e-04_bs32_modL1_fusion64_fusionL1_drop0p1_trmiss80_trlocclin,32,0.0001,1,64,1,0.1,lr1e-04_bs32_modL1_fusion64_fusionL1_drop0p1_trmiss80_trlocclin,40,0.41721804440021515,0.7013180255889893,0.5945378151260505,0.7510158960843409,0.5555555555555556,0.0,0.0,0.0,0.0,2002,clin,0.8
5,3,lr1e-04_bs32_modL1_fusion64_fusionL1_drop0p1_trmiss80_trlocclin,32,0.0001,1,64,1,0.1,lr1e-04_bs32_modL1_fusion64_fusionL1_drop0p1_trmiss80_trlocclin,41,0.42203432818253833,0.69973024725914,0.5987394957983194,0.7584980863615226,0.5555555555555556,0.0,0.0,0.0,0.0,2002,clin,0.8
5,3,lr1e-04_bs32_modL1_fusion64_fusionL1_drop0p1_trmiss80_trlocclin,32,0.0001,1,64,1,0.1,lr1e-04_bs32_modL1_fusion64_fusionL1_drop0p1_trmiss80_trlocclin,42,0.4215877155462901,0.7004530727863312,0.5966386554621849,0.755126994892605,0.5333333333333333,0.0,0.0,0.0,0.0,2002,clin,0.8
5,3,lr1e-04_bs32_modL1_fusion64_fusionL1_drop0p1_trmiss80_trlocclin,32,0.0001,1,64,1,0.1,lr1e-04_bs32_modL1_fusion64_fusionL1_drop0p1_trmiss80_trlocclin,43,0.42217076818148297,0.6985599398612976,0.5987394957983193,0.7565889831966987,0.5555555555555556,0.0,0.0,0.0,0.0,2002,clin,0.8
5,3,lr1e-04_bs32_modL1_fusion64_fusionL1_drop0p1_trmiss80_trlocclin,32,0.0001,1,64,1,0.1,lr1e-04_bs32_modL1_fusion64_fusionL1_drop0p1_trmiss80_trlocclin,44,0.42384128272533417,0.6996606588363647,0.5987394957983194,0.7515706681783837,0.5555555555555556,0.0,0.0,0.0,0.0,2002,clin,0.8
5,3,lr1e-04_bs32_modL1_fusion64_fusionL1_drop0p1_trmiss80_trlocclin,32,0.0001,1,64,1,0.1,lr1e-04_bs32_modL1_fusion64_fusionL1_drop0p1_trmiss80_trlocclin,45,0.4184674421946208,0.6992749869823456,0.596638655462185,0.7501086798742902,0.5555555555555556,0.0,0.0,0.0,0.0,2002,clin,0.8
5,3,lr1e-04_bs32_modL1_fusion64_fusionL1_drop0p1_trmiss80_trlocclin,32,0.0001,1,64,1,0.1,lr1e-04_bs32_modL1_fusion64_fusionL1_drop0p1_trmiss80_trlocclin,46,0.4288436820109685,0.6999506950378418,0.596638655462185,0.7526468361624463,0.5333333333333333,0.0,0.0,0.0,0.0,2002,clin,0.8
5,3,lr1e-04_bs32_modL1_fusion64_fusionL1_drop0p1_trmiss80_trlocclin,32,0.0001,1,64,1,0.1,lr1e-04_bs32_modL1_fusion64_fusionL1_drop0p1_trmiss80_trlocclin,47,0.41374923785527545,0.699224978685379,0.5987394957983194,0.7516354269367516,0.5555555555555556,0.0,0.0,0.0,0.0,2002,clin,0.8
5,3,lr1e-04_bs32_modL1_fusion64_fusionL1_drop0p1_trmiss80_trlocclin,32,0.0001,1,64,1,0.1,lr1e-04_bs32_modL1_fusion64_fusionL1_drop0p1_trmiss80_trlocclin,48,0.42429448664188385,0.7002414762973785,0.6008403361344539,0.7578516313672415,0.5555555555555556,0.0,0.0,0.0,0.0,2002,clin,0.8
5,3,lr1e-04_bs32_modL1_fusion64_fusionL1_drop0p1_trmiss80_trlocclin,32,0.0001,1,64,1,0.1,lr1e-04_bs32_modL1_fusion64_fusionL1_drop0p1_trmiss80_trlocclin,49,0.41861721873283386,0.7024102509021759,0.5987394957983194,0.7569358804514906,0.5555555555555556,0.0,0.0,0.0,0.0,2002,clin,0.8
5,3,lr1e-04_bs32_modL1_fusion64_fusionL1_drop0p1_trmiss80_trlocclin,32,0.0001,1,64,1,0.1,lr1e-04_bs32_modL1_fusion64_fusionL1_drop0p1_trmiss80_trlocclin,50,0.4276415854692459,0.7019638419151306,0.6029411764705883,0.7620788525587484,0.5555555555555556,0.0,0.0,0.0,0.0,2002,clin,0.8
5,3,lr1e-04_bs32_modL1_fusion64_fusionL1_drop0p1_trmiss80_trlocclin,32,0.0001,1,64,1,0.1,lr1e-04_bs32_modL1_fusion64_fusionL1_drop0p1_trmiss80_trlocclin,51,0.40514349440733594,0.7019602656364441,0.5945378151260504,0.7535541789740063,0.5555555555555556,0.0,0.0,0.0,0.0,2002,clin,0.8
5,3,lr1e-04_bs32_modL1_fusion64_fusionL1_drop0p1_trmiss80_trlocclin,32,0.0001,1,64,1,0.1,lr1e-04_bs32_modL1_fusion64_fusionL1_drop0p1_trmiss80_trlocclin,52,0.41328227519989014,0.7020378112792969,0.596638655462185,0.752730561960458,0.5555555555555556,0.0,0.0,0.0,0.0,2002,clin,0.8
5,3,lr1e-04_bs32_modL1_fusion64_fusionL1_drop0p1_trmiss80_trlocclin,32,0.0001,1,64,1,0.1,lr1e-04_bs32_modL1_fusion64_fusionL1_drop0p1_trmiss80_trlocclin,53,0.4172029346227646,0.7015744149684906,0.5945378151260505,0.7496014055569471,0.5555555555555556,0.0,0.0,0.0,0.0,2002,clin,0.8
5,3,lr1e-04_bs32_modL1_fusion64_fusionL1_drop0p1_trmiss80_trlocclin,32,0.0001,1,64,1,0.1,lr1e-04_bs32_modL1_fusion64_fusionL1_drop0p1_trmiss80_trlocclin,54,0.4290374567111333,0.6978744268417358,0.6008403361344539,0.7663674038808271,0.5555555555555556,0.0,0.0,0.0,0.0,2002,clin,0.8
5,3,lr1e-04_bs32_modL1_fusion64_fusionL1_drop0p1_trmiss80_trlocclin,32,0.0001,1,64,1,0.1,lr1e-04_bs32_modL1_fusion64_fusionL1_drop0p1_trmiss80_trlocclin,55,0.4192396402359009,0.7014117240905762,0.5987394957983194,0.7648478984820114,0.5555555555555556,0.0,0.0,0.0,0.0,2002,clin,0.8
5,3,lr1e-04_bs32_modL1_fusion64_fusionL1_drop0p1_trmiss80_trlocclin,32,0.0001,1,64,1,0.1,lr1e-04_bs32_modL1_fusion64_fusionL1_drop0p1_trmiss80_trlocclin,56,0.43084509174029034,0.6997049748897552,0.596638655462185,0.7531573535771809,0.5555555555555556,0.0,0.0,0.0,0.0,2002,clin,0.8
5,3,lr1e-04_bs32_modL1_fusion64_fusionL1_drop0p1_trmiss80_trlocclin,32,0.0001,1,64,1,0.1,lr1e-04_bs32_modL1_fusion64_fusionL1_drop0p1_trmiss80_trlocclin,57,0.4223741441965103,0.7013401091098785,0.5924369747899161,0.7507612993390214,0.5555555555555556,0.0,0.0,0.0,0.0,2002,clin,0.8
5,3,lr1e-04_bs32_modL1_fusion64_fusionL1_drop0p1_trmiss80_trlocclin,32,0.0001,1,64,1,0.1,lr1e-04_bs32_modL1_fusion64_fusionL1_drop0p1_trmiss80_trlocclin,58,0.42672279973824817,0.7036344408988953,0.5945378151260505,0.7516116394750758,0.5555555555555556,0.0,0.0,0.0,0.0,2002,clin,0.8
5,3,lr1e-04_bs32_modL1_fusion64_fusionL1_drop0p1_trmiss80_trlocclin,32,0.0001,1,64,1,0.1,lr1e-04_bs32_modL1_fusion64_fusionL1_drop0p1_trmiss80_trlocclin,59,0.43831999599933624,0.6993705928325653,0.5987394957983194,0.7540076937132353,0.5555555555555556,0.0,0.0,0.0,0.0,2002,clin,0.8
5,3,lr1e-04_bs32_modL1_fusion64_fusionL1_drop0p1_trmiss80_trlocclin,32,0.0001,1,64,1,0.1,lr1e-04_bs32_modL1_fusion64_fusionL1_drop0p1_trmiss80_trlocclin,60,0.4209332565466563,0.6998089849948883,0.6029411764705883,0.7584388000465155,0.5333333333333333,0.0,0.0,0.0,0.0,2002,clin,0.8
5,3,lr1e-04_bs32_modL1_fusion64_fusionL1_drop0p1_trmiss80_trlocclin,32,0.0001,1,64,1,0.1,lr1e-04_bs32_modL1_fusion64_fusionL1_drop0p1_trmiss80_trlocclin,61,0.41504191358884174,0.7011998295783997,0.5987394957983194,0.749889016496732,0.5555555555555556,0.0,0.0,0.0,0.0,2002,clin,0.8
5,3,lr1e-04_bs32_modL1_fusion64_fusionL1_drop0p1_trmiss80_trlocclin,32,0.0001,1,64,1,0.1,lr1e-04_bs32_modL1_fusion64_fusionL1_drop0p1_trmiss80_trlocclin,62,0.42160243292649585,0.7014405131340027,0.5945378151260504,0.7461954878032033,0.5555555555555556,0.0,0.0,0.0,0.0,2002,clin,0.8
5,3,lr1e-04_bs32_modL1_fusion64_fusionL1_drop0p1_trmiss80_trlocclin,32,0.0001,1,64,1,0.1,lr1e-04_bs32_modL1_fusion64_fusionL1_drop0p1_trmiss80_trlocclin,63,0.4236433357000351,0.7031164765357971,0.5924369747899161,0.7479437979315976,0.5555555555555556,0.0,0.0,0.0,0.0,2002,clin,0.8
5,3,lr1e-04_bs32_modL1_fusion64_fusionL1_drop0p1_trmiss80_trlocclin,32,0.0001,1,64,1,0.1,lr1e-04_bs32_modL1_fusion64_fusionL1_drop0p1_trmiss80_trlocclin,64,0.4253481477499008,0.7031825184822083,0.5987394957983194,0.7505284741889489,0.5555555555555556,0.0,0.0,0.0,0.0,2002,clin,0.8
5,3,lr1e-04_bs32_modL1_fusion64_fusionL1_drop0p1_trmiss80_trlocclin,32,0.0001,1,64,1,0.1,lr1e-04_bs32_modL1_fusion64_fusionL1_drop0p1_trmiss80_trlocclin,65,0.421019380291303,0.7023579478263855,0.5924369747899161,0.7481394172528535,0.5555555555555556,0.0,0.0,0.0,0.0,2002,clin,0.8
5,3,lr1e-04_bs32_modL1_fusion64_fusionL1_drop0p1_trmiss80_trlocclin,32,0.0001,1,64,1,0.1,lr1e-04_bs32_modL1_fusion64_fusionL1_drop0p1_trmiss80_trlocclin,66,0.43051111698150635,0.701854020357132,0.5987394957983194,0.7580980478035894,0.5555555555555556,0.0,0.0,0.0,0.0,2002,clin,0.8
5,3,lr1e-04_bs32_modL1_fusion64_fusionL1_drop0p1_trmiss80_trlocclin,32,0.0001,1,64,1,0.1,lr1e-04_bs32_modL1_fusion64_fusionL1_drop0p1_trmiss80_trlocclin,67,0.41945060590902966,0.7011627852916718,0.6029411764705883,0.7604490339646442,0.5555555555555556,0.0,0.0,0.0,0.0,2002,clin,0.8
5,3,lr1e-04_bs32_modL1_fusion64_fusionL1_drop0p1_trmiss80_trlocclin,32,0.0001,1,64,1,0.1,lr1e-04_bs32_modL1_fusion64_fusionL1_drop0p1_trmiss80_trlocclin,68,0.4271887540817261,0.7023868262767792,0.5945378151260505,0.7562482309537726,0.5555555555555556,0.0,0.0,0.0,0.0,2002,clin,0.8
5,3,lr1e-04_bs32_modL1_fusion64_fusionL1_drop0p1_trmiss80_trlocclin,32,0.0001,1,64,1,0.1,lr1e-04_bs32_modL1_fusion64_fusionL1_drop0p1_trmiss80_trlocclin,69,0.41835537552833557,0.7020658850669861,0.5945378151260505,0.7540917982052345,0.5555555555555556,0.0,0.0,0.0,0.0,2002,clin,0.8
5,3,lr1e-04_bs32_modL1_fusion64_fusionL1_drop0p1_trmiss80_trlocclin,32,0.0001,1,64,1,0.1,lr1e-04_bs32_modL1_fusion64_fusionL1_drop0p1_trmiss80_trlocclin,70,0.41454923152923584,0.7014642357826233,0.592436974789916,0.755518584256384,0.5555555555555556,0.0,0.0,0.0,0.0,2002,clin,0.8
5,3,lr1e-04_bs32_modL1_fusion64_fusionL1_drop0p1_trmiss80_trlocclin,32,0.0001,1,64,1,0.1,lr1e-04_bs32_modL1_fusion64_fusionL1_drop0p1_trmiss80_trlocclin,71,0.4263463666041692,0.700980007648468,0.5987394957983194,0.7590260087315502,0.5555555555555556,0.0,0.0,0.0,0.0,2002,clin,0.8
5,3,lr1e-04_bs32_modL1_fusion64_fusionL1_drop0p1_trmiss80_trlocclin,32,0.0001,1,64,1,0.1,lr1e-04_bs32_modL1_fusion64_fusionL1_drop0p1_trmiss80_trlocclin,72,0.4206477254629135,0.6993215084075928,0.5987394957983194,0.7593315587215322,0.5555555555555556,0.0,0.0,0.0,0.0,2002,clin,0.8
5,3,lr1e-04_bs32_modL1_fusion64_fusionL1_drop0p1_trmiss80_trlocclin,32,0.0001,1,64,1,0.1,lr1e-04_bs32_modL1_fusion64_fusionL1_drop0p1_trmiss80_trlocclin,73,0.42963101466496784,0.7027341723442078,0.596638655462185,0.7501086798742902,0.5555555555555556,0.0,0.0,0.0,0.0,2002,clin,0.8
5,3,lr1e-04_bs32_modL1_fusion64_fusionL1_drop0p1_trmiss80_trlocclin,32,0.0001,1,64,1,0.1,lr1e-04_bs32_modL1_fusion64_fusionL1_drop0p1_trmiss80_trlocclin,74,0.4284287542104721,0.702466607093811,0.5945378151260504,0.7573107927306201,0.5555555555555556,0.0,0.0,0.0,0.0,2002,clin,0.8
5,3,lr1e-04_bs32_modL1_fusion64_fusionL1_drop0p1_trmiss80_trlocclin,32,0.0001,1,64,1,0.1,lr1e-04_bs32_modL1_fusion64_fusionL1_drop0p1_trmiss80_trlocclin,75,0.421288604537646,0.7024962604045868,0.5945378151260504,0.7492903055071711,0.5555555555555556,0.0,0.0,0.0,0.0,2002,clin,0.8
5,3,lr1e-04_bs32_modL1_fusion64_fusionL1_drop0p1_trmiss80_trlocclin,32,0.0001,1,64,1,0.1,lr1e-04_bs32_modL1_fusion64_fusionL1_drop0p1_trmiss80_trlocclin,76,0.4177270481983821,0.7021033465862274,0.5945378151260505,0.7547034463732737,0.5555555555555556,0.0,0.0,0.0,0.0,2002,clin,0.8
5,3,lr1e-04_bs32_modL1_fusion64_fusionL1_drop0p1_trmiss80_trlocclin,32,0.0001,1,64,1,0.1,lr1e-04_bs32_modL1_fusion64_fusionL1_drop0p1_trmiss80_trlocclin,77,0.4082999477783839,0.7018888592720032,0.592436974789916,0.7533621515078458,0.5555555555555556,0.0,0.0,0.0,0.0,2002,clin,0.8
5,3,lr1e-04_bs32_modL1_fusion64_fusionL1_drop0p1_trmiss80_trlocclin,32,0.0001,1,64,1,0.1,lr1e-04_bs32_modL1_fusion64_fusionL1_drop0p1_trmiss80_trlocclin,78,0.42337338626384735,0.7012181282043457,0.5903361344537815,0.7520463620341616,0.5555555555555556,0.0,0.0,0.0,0.0,2002,clin,0.8
5,3,lr1e-04_bs32_modL1_fusion64_fusionL1_drop0p1_trmiss80_trlocclin,32,0.0001,1,64,1,0.1,lr1e-04_bs32_modL1_fusion64_fusionL1_drop0p1_trmiss80_trlocclin,79,0.4224752684434255,0.703466534614563,0.588235294117647,0.7460939810817808,0.5555555555555556,0.0,0.0,0.0,0.0,2002,clin,0.8
5,3,lr1e-04_bs32_modL1_fusion64_fusionL1_drop0p1_trmiss80_trlocclin,32,0.0001,1,64,1,0.1,lr1e-04_bs32_modL1_fusion64_fusionL1_drop0p1_trmiss80_trlocclin,80,0.4406643609205882,0.7009476125240326,0.5924369747899161,0.7481394172528535,0.5555555555555556,0.0,0.0,0.0,0.0,2002,clin,0.8
5,4,lr5e-05_bs16_modL1_fusion32_fusionL1_drop0p2_trmiss80_trlocclin,16,5e-05,1,32,1,0.2,lr5e-05_bs16_modL1_fusion32_fusionL1_drop0p2_trmiss80_trlocclin,1,0.8453300545612971,0.754486083984375,0.34913793103448276,0.5812026514591674,0.35555555555555557,0.0,0.0,0.0,0.0,2002,clin,0.8
5,4,lr5e-05_bs16_modL1_fusion32_fusionL1_drop0p2_trmiss80_trlocclin,16,5e-05,1,32,1,0.2,lr5e-05_bs16_modL1_fusion32_fusionL1_drop0p2_trmiss80_trlocclin,2,0.8314800063769022,0.791273276011149,0.3556034482758621,0.5744373880163202,0.35555555555555557,0.0,0.0,0.0,0.0,2002,clin,0.8
5,4,lr5e-05_bs16_modL1_fusion32_fusionL1_drop0p2_trmiss80_trlocclin,16,5e-05,1,32,1,0.2,lr5e-05_bs16_modL1_fusion32_fusionL1_drop0p2_trmiss80_trlocclin,3,0.806137482325236,0.8043436606725057,0.3922413793103448,0.6145254717354589,0.35555555555555557,0.0,0.0,0.0,0.0,2002,clin,0.8
5,4,lr5e-05_bs16_modL1_fusion32_fusionL1_drop0p2_trmiss80_trlocclin,16,5e-05,1,32,1,0.2,lr5e-05_bs16_modL1_fusion32_fusionL1_drop0p2_trmiss80_trlocclin,4,0.8183836787939072,0.8196346958478292,0.37068965517241376,0.6158303118478199,0.35555555555555557,0.0,0.0,0.0,0.0,2002,clin,0.8
5,4,lr5e-05_bs16_modL1_fusion32_fusionL1_drop0p2_trmiss80_trlocclin,16,5e-05,1,32,1,0.2,lr5e-05_bs16_modL1_fusion32_fusionL1_drop0p2_trmiss80_trlocclin,5,0.8217513908942541,0.8204047083854675,0.375,0.6006620197089187,0.35555555555555557,0.0,0.0,0.0,0.0,2002,clin,0.8
5,4,lr5e-05_bs16_modL1_fusion32_fusionL1_drop0p2_trmiss80_trlocclin,16,5e-05,1,32,1,0.2,lr5e-05_bs16_modL1_fusion32_fusionL1_drop0p2_trmiss80_trlocclin,6,0.7814038991928101,0.8107219934463501,0.39224137931034486,0.6128554228011245,0.35555555555555557,0.0,0.0,0.0,0.0,2002,clin,0.8
5,4,lr5e-05_bs16_modL1_fusion32_fusionL1_drop0p2_trmiss80_trlocclin,16,5e-05,1,32,1,0.2,lr5e-05_bs16_modL1_fusion32_fusionL1_drop0p2_trmiss80_trlocclin,7,0.7538933555285136,0.8082661231358846,0.4051724137931034,0.6205702591664523,0.35555555555555557,0.0,0.0,0.0,0.0,2002,clin,0.8
5,4,lr5e-05_bs16_modL1_fusion32_fusionL1_drop0p2_trmiss80_trlocclin,16,5e-05,1,32,1,0.2,lr5e-05_bs16_modL1_fusion32_fusionL1_drop0p2_trmiss80_trlocclin,8,0.7666641722122828,0.8129892547925314,0.4008620689655172,0.6199356924921271,0.35555555555555557,0.0,0.0,0.0,0.0,2002,clin,0.8
5,4,lr5e-05_bs16_modL1_fusion32_fusionL1_drop0p2_trmiss80_trlocclin,16,5e-05,1,32,1,0.2,lr5e-05_bs16_modL1_fusion32_fusionL1_drop0p2_trmiss80_trlocclin,9,0.7780369818210602,0.8068358103434244,0.39655172413793105,0.6110423867576428,0.35555555555555557,0.0,0.0,0.0,0.0,2002,clin,0.8
5,4,lr5e-05_bs16_modL1_fusion32_fusionL1_drop0p2_trmiss80_trlocclin,16,5e-05,1,32,1,0.2,lr5e-05_bs16_modL1_fusion32_fusionL1_drop0p2_trmiss80_trlocclin,10,0.7499378820260366,0.8049041231473287,0.4094827586206896,0.6370875395644147,0.35555555555555557,0.0,0.0,0.0,0.0,2002,clin,0.8
5,4,lr5e-05_bs16_modL1_fusion32_fusionL1_drop0p2_trmiss80_trlocclin,16,5e-05,1,32,1,0.2,lr5e-05_bs16_modL1_fusion32_fusionL1_drop0p2_trmiss80_trlocclin,11,0.7571087578932444,0.7942577203114828,0.4224137931034483,0.6447951280885112,0.35555555555555557,0.0,0.0,0.0,0.0,2002,clin,0.8
5,4,lr5e-05_bs16_modL1_fusion32_fusionL1_drop0p2_trmiss80_trlocclin,16,5e-05,1,32,1,0.2,lr5e-05_bs16_modL1_fusion32_fusionL1_drop0p2_trmiss80_trlocclin,12,0.7444919894138972,0.7907557686169943,0.4504310344827586,0.6690938230986506,0.35555555555555557,0.0,0.0,0.0,0.0,2002,clin,0.8
5,4,lr5e-05_bs16_modL1_fusion32_fusionL1_drop0p2_trmiss80_trlocclin,16,5e-05,1,32,1,0.2,lr5e-05_bs16_modL1_fusion32_fusionL1_drop0p2_trmiss80_trlocclin,13,0.7663769821325938,0.7914953827857971,0.44396551724137934,0.6569452224745509,0.35555555555555557,0.0,0.0,0.0,0.0,2002,clin,0.8
5,4,lr5e-05_bs16_modL1_fusion32_fusionL1_drop0p2_trmiss80_trlocclin,16,5e-05,1,32,1,0.2,lr5e-05_bs16_modL1_fusion32_fusionL1_drop0p2_trmiss80_trlocclin,14,0.7554357548554739,0.7965755661328634,0.45905172413793105,0.6727625771789808,0.35555555555555557,0.0,0.0,0.0,0.0,2002,clin,0.8
5,4,lr5e-05_bs16_modL1_fusion32_fusionL1_drop0p2_trmiss80_trlocclin,16,5e-05,1,32,1,0.2,lr5e-05_bs16_modL1_fusion32_fusionL1_drop0p2_trmiss80_trlocclin,15,0.7414348920186361,0.7946745554606119,0.45689655172413796,0.6603851405730067,0.35555555555555557,0.0,0.0,0.0,0.0,2002,clin,0.8
5,4,lr5e-05_bs16_modL1_fusion32_fusionL1_drop0p2_trmiss80_trlocclin,16,5e-05,1,32,1,0.2,lr5e-05_bs16_modL1_fusion32_fusionL1_drop0p2_trmiss80_trlocclin,16,0.7431316524744034,0.7942994832992554,0.4482758620689655,0.6597881722300909,0.35555555555555557,0.0,0.0,0.0,0.0,2002,clin,0.8
5,4,lr5e-05_bs16_modL1_fusion32_fusionL1_drop0p2_trmiss80_trlocclin,16,5e-05,1,32,1,0.2,lr5e-05_bs16_modL1_fusion32_fusionL1_drop0p2_trmiss80_trlocclin,17,0.7182122270266215,0.7994743982950846,0.4375,0.6333712719001472,0.35555555555555557,0.0,0.0,0.0,0.0,2002,clin,0.8
5,4,lr5e-05_bs16_modL1_fusion32_fusionL1_drop0p2_trmiss80_trlocclin,16,5e-05,1,32,1,0.2,lr5e-05_bs16_modL1_fusion32_fusionL1_drop0p2_trmiss80_trlocclin,18,0.723954955736796,0.7951224446296692,0.44396551724137934,0.6335011542948956,0.35555555555555557,0.0,0.0,0.0,0.0,2002,clin,0.8
5,4,lr5e-05_bs16_modL1_fusion32_fusionL1_drop0p2_trmiss80_trlocclin,16,5e-05,1,32,1,0.2,lr5e-05_bs16_modL1_fusion32_fusionL1_drop0p2_trmiss80_trlocclin,19,0.7158985435962677,0.7917672991752625,0.4482758620689655,0.6315634916143645,0.35555555555555557,0.0,0.0,0.0,0.0,2002,clin,0.8
5,4,lr5e-05_bs16_modL1_fusion32_fusionL1_drop0p2_trmiss80_trlocclin,16,5e-05,1,32,1,0.2,lr5e-05_bs16_modL1_fusion32_fusionL1_drop0p2_trmiss80_trlocclin,20,0.7613401412963867,0.796190599600474,0.4375,0.6422777888848618,0.35555555555555557,0.0,0.0,0.0,0.0,2002,clin,0.8
5,4,lr5e-05_bs16_modL1_fusion32_fusionL1_drop0p2_trmiss80_trlocclin,16,5e-05,1,32,1,0.2,lr5e-05_bs16_modL1_fusion32_fusionL1_drop0p2_trmiss80_trlocclin,21,0.7112151732047399,0.789344310760498,0.4418103448275862,0.6401423856185225,0.35555555555555557,0.0,0.0,0.0,0.0,2002,clin,0.8
5,4,lr5e-05_bs16_modL1_fusion32_fusionL1_drop0p2_trmiss80_trlocclin,16,5e-05,1,32,1,0.2,lr5e-05_bs16_modL1_fusion32_fusionL1_drop0p2_trmiss80_trlocclin,22,0.7281893938779831,0.7995592157046,0.4353448275862069,0.6365298947011067,0.35555555555555557,0.0,0.0,0.0,0.0,2002,clin,0.8
5,4,lr5e-05_bs16_modL1_fusion32_fusionL1_drop0p2_trmiss80_trlocclin,16,5e-05,1,32,1,0.2,lr5e-05_bs16_modL1_fusion32_fusionL1_drop0p2_trmiss80_trlocclin,23,0.7072643935680389,0.7905091842015585,0.44612068965517243,0.6335291944642196,0.35555555555555557,0.0,0.0,0.0,0.0,2002,clin,0.8
5,4,lr5e-05_bs16_modL1_fusion32_fusionL1_drop0p2_trmiss80_trlocclin,16,5e-05,1,32,1,0.2,lr5e-05_bs16_modL1_fusion32_fusionL1_drop0p2_trmiss80_trlocclin,24,0.6922966043154398,0.7907264828681946,0.4676724137931035,0.6497099778990598,0.35555555555555557,0.0,0.0,0.0,0.0,2002,clin,0.8
5,4,lr5e-05_bs16_modL1_fusion32_fusionL1_drop0p2_trmiss80_trlocclin,16,5e-05,1,32,1,0.2,lr5e-05_bs16_modL1_fusion32_fusionL1_drop0p2_trmiss80_trlocclin,25,0.720425104101499,0.7786155740420023,0.5000000000000001,0.6740438734345486,0.35555555555555557,0.0,0.0,0.0,0.0,2002,clin,0.8
5,4,lr5e-05_bs16_modL1_fusion32_fusionL1_drop0p2_trmiss80_trlocclin,16,5e-05,1,32,1,0.2,lr5e-05_bs16_modL1_fusion32_fusionL1_drop0p2_trmiss80_trlocclin,26,0.7354234009981155,0.7910638252894083,0.47198275862068967,0.6517611287076431,0.35555555555555557,0.0,0.0,0.0,0.0,2002,clin,0.8
5,4,lr5e-05_bs16_modL1_fusion32_fusionL1_drop0p2_trmiss80_trlocclin,16,5e-05,1,32,1,0.2,lr5e-05_bs16_modL1_fusion32_fusionL1_drop0p2_trmiss80_trlocclin,27,0.6993281096220016,0.7856118679046631,0.44396551724137934,0.6259223494960664,0.35555555555555557,0.0,0.0,0.0,0.0,2002,clin,0.8
5,4,lr5e-05_bs16_modL1_fusion32_fusionL1_drop0p2_trmiss80_trlocclin,16,5e-05,1,32,1,0.2,lr5e-05_bs16_modL1_fusion32_fusionL1_drop0p2_trmiss80_trlocclin,28,0.7280720174312592,0.7900675932566324,0.4676724137931035,0.6544774300803051,0.35555555555555557,0.0,0.0,0.0,0.0,2002,clin,0.8
5,4,lr5e-05_bs16_modL1_fusion32_fusionL1_drop0p2_trmiss80_trlocclin,16,5e-05,1,32,1,0.2,lr5e-05_bs16_modL1_fusion32_fusionL1_drop0p2_trmiss80_trlocclin,29,0.7247362236181895,0.7881787220637003,0.4504310344827587,0.6383467553448898,0.35555555555555557,0.0,0.0,0.0,0.0,2002,clin,0.8
5,4,lr5e-05_bs16_modL1_fusion32_fusionL1_drop0p2_trmiss80_trlocclin,16,5e-05,1,32,1,0.2,lr5e-05_bs16_modL1_fusion32_fusionL1_drop0p2_trmiss80_trlocclin,30,0.7156446576118469,0.7969725529352824,0.43534482758620696,0.627566860530619,0.35555555555555557,0.0,0.0,0.0,0.0,2002,clin,0.8
5,4,lr5e-05_bs16_modL1_fusion32_fusionL1_drop0p2_trmiss80_trlocclin,16,5e-05,1,32,1,0.2,lr5e-05_bs16_modL1_fusion32_fusionL1_drop0p2_trmiss80_trlocclin,31,0.6942577809095383,0.7892470558484396,0.4525862068965517,0.6422125402748841,0.35555555555555557,0.0,0.0,0.0,0.0,2002,clin,0.8
5,4,lr5e-05_bs16_modL1_fusion32_fusionL1_drop0p2_trmiss80_trlocclin,16,5e-05,1,32,1,0.2,lr5e-05_bs16_modL1_fusion32_fusionL1_drop0p2_trmiss80_trlocclin,32,0.6976902385552725,0.7858796914418539,0.4482758620689655,0.6389585347522759,0.35555555555555557,0.0,0.0,0.0,0.0,2002,clin,0.8
5,4,lr5e-05_bs16_modL1_fusion32_fusionL1_drop0p2_trmiss80_trlocclin,16,5e-05,1,32,1,0.2,lr5e-05_bs16_modL1_fusion32_fusionL1_drop0p2_trmiss80_trlocclin,33,0.7210018138090769,0.7894733945528666,0.4525862068965517,0.6358970596769125,0.35555555555555557,0.0,0.0,0.0,0.0,2002,clin,0.8
5,4,lr5e-05_bs16_modL1_fusion32_fusionL1_drop0p2_trmiss80_trlocclin,16,5e-05,1,32,1,0.2,lr5e-05_bs16_modL1_fusion32_fusionL1_drop0p2_trmiss80_trlocclin,34,0.7241048067808151,0.7865689198176066,0.45905172413793105,0.64185979408192,0.35555555555555557,0.0,0.0,0.0,0.0,2002,clin,0.8
5,4,lr5e-05_bs16_modL1_fusion32_fusionL1_drop0p2_trmiss80_trlocclin,16,5e-05,1,32,1,0.2,lr5e-05_bs16_modL1_fusion32_fusionL1_drop0p2_trmiss80_trlocclin,35,0.7199417303005854,0.7982466419537863,0.4525862068965517,0.6352147590675171,0.35555555555555557,0.0,0.0,0.0,0.0,2002,clin,0.8
5,4,lr5e-05_bs16_modL1_fusion32_fusionL1_drop0p2_trmiss80_trlocclin,16,5e-05,1,32,1,0.2,lr5e-05_bs16_modL1_fusion32_fusionL1_drop0p2_trmiss80_trlocclin,36,0.7360033045212427,0.7966615160306295,0.4676724137931035,0.6526581844724029,0.35555555555555557,0.0,0.0,0.0,0.0,2002,clin,0.8
5,4,lr5e-05_bs16_modL1_fusion32_fusionL1_drop0p2_trmiss80_trlocclin,16,5e-05,1,32,1,0.2,lr5e-05_bs16_modL1_fusion32_fusionL1_drop0p2_trmiss80_trlocclin,37,0.7137568593025208,0.7938089370727539,0.46551724137931033,0.6465837542806183,0.35555555555555557,0.0,0.0,0.0,0.0,2002,clin,0.8
5,4,lr5e-05_bs16_modL1_fusion32_fusionL1_drop0p2_trmiss80_trlocclin,16,5e-05,1,32,1,0.2,lr5e-05_bs16_modL1_fusion32_fusionL1_drop0p2_trmiss80_trlocclin,38,0.7125734488169352,0.7939327955245972,0.4655172413793104,0.647061335166255,0.35555555555555557,0.0,0.0,0.0,0.0,2002,clin,0.8
5,4,lr5e-05_bs16_modL1_fusion32_fusionL1_drop0p2_trmiss80_trlocclin,16,5e-05,1,32,1,0.2,lr5e-05_bs16_modL1_fusion32_fusionL1_drop0p2_trmiss80_trlocclin,39,0.7308915158112844,0.7887927889823914,0.45905172413793105,0.6435787803791817,0.35555555555555557,0.0,0.0,0.0,0.0,2002,clin,0.8
5,4,lr5e-05_bs16_modL1_fusion32_fusionL1_drop0p2_trmiss80_trlocclin,16,5e-05,1,32,1,0.2,lr5e-05_bs16_modL1_fusion32_fusionL1_drop0p2_trmiss80_trlocclin,40,0.7072785049676895,0.7810461719830831,0.49353448275862066,0.6641831546996829,0.35555555555555557,0.0,0.0,0.0,0.0,2002,clin,0.8
5,4,lr5e-05_bs16_modL1_fusion32_fusionL1_drop0p2_trmiss80_trlocclin,16,5e-05,1,32,1,0.2,lr5e-05_bs16_modL1_fusion32_fusionL1_drop0p2_trmiss80_trlocclin,41,0.7233756134907404,0.7861299316088358,0.4698275862068965,0.6504115453914827,0.35555555555555557,0.0,0.0,0.0,0.0,2002,clin,0.8
5,4,lr5e-05_bs16_modL1_fusion32_fusionL1_drop0p2_trmiss80_trlocclin,16,5e-05,1,32,1,0.2,lr5e-05_bs16_modL1_fusion32_fusionL1_drop0p2_trmiss80_trlocclin,42,0.7200872103373209,0.7891141176223755,0.4849137931034483,0.6638077923485077,0.35555555555555557,0.0,0.0,0.0,0.0,2002,clin,0.8
5,4,lr5e-05_bs16_modL1_fusion32_fusionL1_drop0p2_trmiss80_trlocclin,16,5e-05,1,32,1,0.2,lr5e-05_bs16_modL1_fusion32_fusionL1_drop0p2_trmiss80_trlocclin,43,0.6884553631146749,0.7825652956962585,0.49353448275862066,0.6560102528625913,0.35555555555555557,0.0,0.0,0.0,0.0,2002,clin,0.8
5,4,lr5e-05_bs16_modL1_fusion32_fusionL1_drop0p2_trmiss80_trlocclin,16,5e-05,1,32,1,0.2,lr5e-05_bs16_modL1_fusion32_fusionL1_drop0p2_trmiss80_trlocclin,44,0.7038384030262629,0.7845926682154337,0.502155172413793,0.6805024257917753,0.35555555555555557,0.0,0.0,0.0,0.0,2002,clin,0.8
5,4,lr5e-05_bs16_modL1_fusion32_fusionL1_drop0p2_trmiss80_trlocclin,16,5e-05,1,32,1,0.2,lr5e-05_bs16_modL1_fusion32_fusionL1_drop0p2_trmiss80_trlocclin,45,0.7136331051588058,0.7795139749844869,0.46120689655172414,0.6464411259653903,0.35555555555555557,0.0,0.0,0.0,0.0,2002,clin,0.8
5,4,lr5e-05_bs16_modL1_fusion32_fusionL1_drop0p2_trmiss80_trlocclin,16,5e-05,1,32,1,0.2,lr5e-05_bs16_modL1_fusion32_fusionL1_drop0p2_trmiss80_trlocclin,46,0.7344895005226135,0.7915364702542623,0.47198275862068967,0.6612089825872226,0.35555555555555557,0.0,0.0,0.0,0.0,2002,clin,0.8
5,4,lr5e-05_bs16_modL1_fusion32_fusionL1_drop0p2_trmiss80_trlocclin,16,5e-05,1,32,1,0.2,lr5e-05_bs16_modL1_fusion32_fusionL1_drop0p2_trmiss80_trlocclin,47,0.7267952611049017,0.7994010845820109,0.45905172413793105,0.6418611294009369,0.35555555555555557,0.0,0.0,0.0,0.0,2002,clin,0.8
5,4,lr5e-05_bs16_modL1_fusion32_fusionL1_drop0p2_trmiss80_trlocclin,16,5e-05,1,32,1,0.2,lr5e-05_bs16_modL1_fusion32_fusionL1_drop0p2_trmiss80_trlocclin,48,0.7144954204559326,0.7883695165316263,0.4849137931034483,0.6618399918292306,0.35555555555555557,0.0,0.0,0.0,0.0,2002,clin,0.8
5,4,lr5e-05_bs16_modL1_fusion32_fusionL1_drop0p2_trmiss80_trlocclin,16,5e-05,1,32,1,0.2,lr5e-05_bs16_modL1_fusion32_fusionL1_drop0p2_trmiss80_trlocclin,49,0.7006095896164576,0.7816293835639954,0.478448275862069,0.6563622009105679,0.35555555555555557,0.0,0.0,0.0,0.0,2002,clin,0.8
5,4,lr5e-05_bs16_modL1_fusion32_fusionL1_drop0p2_trmiss80_trlocclin,16,5e-05,1,32,1,0.2,lr5e-05_bs16_modL1_fusion32_fusionL1_drop0p2_trmiss80_trlocclin,50,0.7355560958385468,0.7836434642473856,0.48060344827586204,0.6553087413537702,0.35555555555555557,0.0,0.0,0.0,0.0,2002,clin,0.8
5,4,lr5e-05_bs16_modL1_fusion32_fusionL1_drop0p2_trmiss80_trlocclin,16,5e-05,1,32,1,0.2,lr5e-05_bs16_modL1_fusion32_fusionL1_drop0p2_trmiss80_trlocclin,51,0.7134991536537806,0.7842705448468527,0.47413793103448276,0.6565311929025874,0.35555555555555557,0.0,0.0,0.0,0.0,2002,clin,0.8
5,4,lr5e-05_bs16_modL1_fusion32_fusionL1_drop0p2_trmiss80_trlocclin,16,5e-05,1,32,1,0.2,lr5e-05_bs16_modL1_fusion32_fusionL1_drop0p2_trmiss80_trlocclin,52,0.6917251795530319,0.7797623078028361,0.4827586206896552,0.667985442158859,0.35555555555555557,0.0,0.0,0.0,0.0,2002,clin,0.8
5,4,lr5e-05_bs16_modL1_fusion32_fusionL1_drop0p2_trmiss80_trlocclin,16,5e-05,1,32,1,0.2,lr5e-05_bs16_modL1_fusion32_fusionL1_drop0p2_trmiss80_trlocclin,53,0.7037125478188196,0.7789403994878134,0.4956896551724138,0.6677431134313512,0.35555555555555557,0.0,0.0,0.0,0.0,2002,clin,0.8
5,4,lr5e-05_bs16_modL1_fusion32_fusionL1_drop0p2_trmiss80_trlocclin,16,5e-05,1,32,1,0.2,lr5e-05_bs16_modL1_fusion32_fusionL1_drop0p2_trmiss80_trlocclin,54,0.7013285905122757,0.7774793903032938,0.4849137931034483,0.6633039388219009,0.35555555555555557,0.0,0.0,0.0,0.0,2002,clin,0.8
5,4,lr5e-05_bs16_modL1_fusion32_fusionL1_drop0p2_trmiss80_trlocclin,16,5e-05,1,32,1,0.2,lr5e-05_bs16_modL1_fusion32_fusionL1_drop0p2_trmiss80_trlocclin,55,0.7073298891385397,0.7872742811838785,0.43965517241379315,0.6235064459945987,0.35555555555555557,0.0,0.0,0.0,0.0,2002,clin,0.8
5,4,lr5e-05_bs16_modL1_fusion32_fusionL1_drop0p2_trmiss80_trlocclin,16,5e-05,1,32,1,0.2,lr5e-05_bs16_modL1_fusion32_fusionL1_drop0p2_trmiss80_trlocclin,56,0.7224659969409307,0.7919382452964783,0.4525862068965517,0.6357499990056712,0.35555555555555557,0.0,0.0,0.0,0.0,2002,clin,0.8
5,4,lr5e-05_bs16_modL1_fusion32_fusionL1_drop0p2_trmiss80_trlocclin,16,5e-05,1,32,1,0.2,lr5e-05_bs16_modL1_fusion32_fusionL1_drop0p2_trmiss80_trlocclin,57,0.7196606894334158,0.7872512737909952,0.4676724137931034,0.6496870796250303,0.35555555555555557,0.0,0.0,0.0,0.0,2002,clin,0.8
5,4,lr5e-05_bs16_modL1_fusion32_fusionL1_drop0p2_trmiss80_trlocclin,16,5e-05,1,32,1,0.2,lr5e-05_bs16_modL1_fusion32_fusionL1_drop0p2_trmiss80_trlocclin,58,0.7275359580914179,0.7868384917577108,0.4698275862068966,0.6465114334726647,0.35555555555555557,0.0,0.0,0.0,0.0,2002,clin,0.8
5,4,lr5e-05_bs16_modL1_fusion32_fusionL1_drop0p2_trmiss80_trlocclin,16,5e-05,1,32,1,0.2,lr5e-05_bs16_modL1_fusion32_fusionL1_drop0p2_trmiss80_trlocclin,59,0.7224255055189133,0.793156107266744,0.4655172413793104,0.6546000521370205,0.35555555555555557,0.0,0.0,0.0,0.0,2002,clin,0.8
5,4,lr5e-05_bs16_modL1_fusion32_fusionL1_drop0p2_trmiss80_trlocclin,16,5e-05,1,32,1,0.2,lr5e-05_bs16_modL1_fusion32_fusionL1_drop0p2_trmiss80_trlocclin,60,0.7204998135566711,0.7915333310763041,0.47413793103448276,0.6603886632487979,0.35555555555555557,0.0,0.0,0.0,0.0,2002,clin,0.8
5,4,lr5e-05_bs16_modL1_fusion32_fusionL1_drop0p2_trmiss80_trlocclin,16,5e-05,1,32,1,0.2,lr5e-05_bs16_modL1_fusion32_fusionL1_drop0p2_trmiss80_trlocclin,61,0.6953978637854258,0.7858792742093405,0.4633620689655173,0.6509954832864477,0.35555555555555557,0.0,0.0,0.0,0.0,2002,clin,0.8
5,4,lr5e-05_bs16_modL1_fusion32_fusionL1_drop0p2_trmiss80_trlocclin,16,5e-05,1,32,1,0.2,lr5e-05_bs16_modL1_fusion32_fusionL1_drop0p2_trmiss80_trlocclin,62,0.7304594665765762,0.78264319896698,0.4827586206896552,0.6608791352623029,0.35555555555555557,0.0,0.0,0.0,0.0,2002,clin,0.8
5,4,lr5e-05_bs16_modL1_fusion32_fusionL1_drop0p2_trmiss80_trlocclin,16,5e-05,1,32,1,0.2,lr5e-05_bs16_modL1_fusion32_fusionL1_drop0p2_trmiss80_trlocclin,63,0.7196188122034073,0.7832551002502441,0.47844827586206895,0.6564581810568659,0.35555555555555557,0.0,0.0,0.0,0.0,2002,clin,0.8
5,4,lr5e-05_bs16_modL1_fusion32_fusionL1_drop0p2_trmiss80_trlocclin,16,5e-05,1,32,1,0.2,lr5e-05_bs16_modL1_fusion32_fusionL1_drop0p2_trmiss80_trlocclin,64,0.7196012238661448,0.7882128755251566,0.4698275862068966,0.6529611039156125,0.35555555555555557,0.0,0.0,0.0,0.0,2002,clin,0.8
5,4,lr5e-05_bs16_modL1_fusion32_fusionL1_drop0p1_trmiss80_trlocclin,16,5e-05,1,32,1,0.1,lr5e-05_bs16_modL1_fusion32_fusionL1_drop0p1_trmiss80_trlocclin,1,0.7183238565921783,0.6903546253840128,0.6982758620689655,0.7788267224913477,0.5333333333333333,0.0,0.0,0.0,0.0,2002,clin,0.8
5,4,lr5e-05_bs16_modL1_fusion32_fusionL1_drop0p1_trmiss80_trlocclin,16,5e-05,1,32,1,0.1,lr5e-05_bs16_modL1_fusion32_fusionL1_drop0p1_trmiss80_trlocclin,2,0.6761214236418406,0.6879513263702393,0.7004310344827586,0.776937801819667,0.4444444444444444,0.0,0.0,0.0,0.0,2002,clin,0.8
5,4,lr5e-05_bs16_modL1_fusion32_fusionL1_drop0p1_trmiss80_trlocclin,16,5e-05,1,32,1,0.1,lr5e-05_bs16_modL1_fusion32_fusionL1_drop0p1_trmiss80_trlocclin,3,0.646169458826383,0.6784197489420573,0.7155172413793104,0.7948860489125439,0.5333333333333333,0.0,0.0,0.0,0.0,2002,clin,0.8
5,4,lr5e-05_bs16_modL1_fusion32_fusionL1_drop0p1_trmiss80_trlocclin,16,5e-05,1,32,1,0.1,lr5e-05_bs16_modL1_fusion32_fusionL1_drop0p1_trmiss80_trlocclin,4,0.6400095969438553,0.6797157128651937,0.6788793103448276,0.7793716197763361,0.5555555555555556,0.0,0.0,0.0,0.0,2002,clin,0.8
5,4,lr5e-05_bs16_modL1_fusion32_fusionL1_drop0p1_trmiss80_trlocclin,16,5e-05,1,32,1,0.1,lr5e-05_bs16_modL1_fusion32_fusionL1_drop0p1_trmiss80_trlocclin,5,0.6293622106313705,0.6678480108579,0.7068965517241379,0.8097128949917076,0.5777777777777777,0.0,0.0,0.0,0.0,2002,clin,0.8
5,4,lr5e-05_bs16_modL1_fusion32_fusionL1_drop0p1_trmiss80_trlocclin,16,5e-05,1,32,1,0.1,lr5e-05_bs16_modL1_fusion32_fusionL1_drop0p1_trmiss80_trlocclin,6,0.6126239945491155,0.6648319959640503,0.7306034482758621,0.8325566276437479,0.5777777777777777,0.0,0.0,0.0,0.0,2002,clin,0.8
5,4,lr5e-05_bs16_modL1_fusion32_fusionL1_drop0p1_trmiss80_trlocclin,16,5e-05,1,32,1,0.1,lr5e-05_bs16_modL1_fusion32_fusionL1_drop0p1_trmiss80_trlocclin,7,0.5809820592403412,0.6630359490712484,0.7370689655172413,0.8386093835594768,0.5777777777777777,0.0,0.0,0.0,0.0,2002,clin,0.8
5,4,lr5e-05_bs16_modL1_fusion32_fusionL1_drop0p1_trmiss80_trlocclin,16,5e-05,1,32,1,0.1,lr5e-05_bs16_modL1_fusion32_fusionL1_drop0p1_trmiss80_trlocclin,8,0.5766524175802866,0.6562807361284891,0.7564655172413793,0.832384844376887,0.6,0.0,0.0,0.0,0.0,2002,clin,0.8
5,4,lr5e-05_bs16_modL1_fusion32_fusionL1_drop0p1_trmiss80_trlocclin,16,5e-05,1,32,1,0.1,lr5e-05_bs16_modL1_fusion32_fusionL1_drop0p1_trmiss80_trlocclin,9,0.55884650349617,0.6527837117513021,0.7456896551724137,0.8426302248437383,0.6,0.0,0.0,0.0,0.0,2002,clin,0.8
5,4,lr5e-05_bs16_modL1_fusion32_fusionL1_drop0p1_trmiss80_trlocclin,16,5e-05,1,32,1,0.1,lr5e-05_bs16_modL1_fusion32_fusionL1_drop0p1_trmiss80_trlocclin,10,0.5478888700405756,0.6584070722262064,0.7241379310344828,0.8259929272609509,0.5555555555555556,0.0,0.0,0.0,0.0,2002,clin,0.8
5,4,lr5e-05_bs16_modL1_fusion32_fusionL1_drop0p1_trmiss80_trlocclin,16,5e-05,1,32,1,0.1,lr5e-05_bs16_modL1_fusion32_fusionL1_drop0p1_trmiss80_trlocclin,11,0.5386172408858935,0.6525189081827799,0.7478448275862069,0.8426096661863445,0.5777777777777777,0.0,0.0,0.0,0.0,2002,clin,0.8
5,4,lr5e-05_bs16_modL1_fusion32_fusionL1_drop0p1_trmiss80_trlocclin,16,5e-05,1,32,1,0.1,lr5e-05_bs16_modL1_fusion32_fusionL1_drop0p1_trmiss80_trlocclin,12,0.5290559555093447,0.6523087620735168,0.7112068965517241,0.8200019656054536,0.6222222222222222,0.0,0.0,0.0,0.0,2002,clin,0.8
5,4,lr5e-05_bs16_modL1_fusion32_fusionL1_drop0p1_trmiss80_trlocclin,16,5e-05,1,32,1,0.1,lr5e-05_bs16_modL1_fusion32_fusionL1_drop0p1_trmiss80_trlocclin,13,0.5343216508626938,0.647626002629598,0.7586206896551724,0.8415688059300668,0.6222222222222222,0.0,0.0,0.0,0.0,2002,clin,0.8
5,4,lr5e-05_bs16_modL1_fusion32_fusionL1_drop0p1_trmiss80_trlocclin,16,5e-05,1,32,1,0.1,lr5e-05_bs16_modL1_fusion32_fusionL1_drop0p1_trmiss80_trlocclin,14,0.5112117330233256,0.6453276872634888,0.7564655172413793,0.8457373362502616,0.6222222222222222,0.0,0.0,0.0,0.0,2002,clin,0.8
5,4,lr5e-05_bs16_modL1_fusion32_fusionL1_drop0p1_trmiss80_trlocclin,16,5e-05,1,32,1,0.1,lr5e-05_bs16_modL1_fusion32_fusionL1_drop0p1_trmiss80_trlocclin,15,0.505708691974481,0.6474408308664957,0.7650862068965517,0.8499745697310239,0.5777777777777777,0.0,0.0,0.0,0.0,2002,clin,0.8
5,4,lr5e-05_bs16_modL1_fusion32_fusionL1_drop0p1_trmiss80_trlocclin,16,5e-05,1,32,1,0.1,lr5e-05_bs16_modL1_fusion32_fusionL1_drop0p1_trmiss80_trlocclin,16,0.4890059605240822,0.6386445959409078,0.7564655172413792,0.8445034858688634,0.6444444444444445,0.0,0.0,0.0,0.0,2002,clin,0.8
5,4,lr5e-05_bs16_modL1_fusion32_fusionL1_drop0p1_trmiss80_trlocclin,16,5e-05,1,32,1,0.1,lr5e-05_bs16_modL1_fusion32_fusionL1_drop0p1_trmiss80_trlocclin,17,0.48897501329580945,0.6388730804125468,0.771551724137931,0.8516350730241977,0.6,0.0,0.0,0.0,0.0,2002,clin,0.8
5,4,lr5e-05_bs16_modL1_fusion32_fusionL1_drop0p1_trmiss80_trlocclin,16,5e-05,1,32,1,0.1,lr5e-05_bs16_modL1_fusion32_fusionL1_drop0p1_trmiss80_trlocclin,18,0.481190949678421,0.6317412853240967,0.7801724137931035,0.8601271218634752,0.6,0.0,0.0,0.0,0.0,2002,clin,0.8
5,4,lr5e-05_bs16_modL1_fusion32_fusionL1_drop0p1_trmiss80_trlocclin,16,5e-05,1,32,1,0.1,lr5e-05_bs16_modL1_fusion32_fusionL1_drop0p1_trmiss80_trlocclin,19,0.4828326453765233,0.6371532281239828,0.7974137931034483,0.8686881827348669,0.5333333333333333,0.0,0.0,0.0,0.0,2002,clin,0.8
5,4,lr5e-05_bs16_modL1_fusion32_fusionL1_drop0p1_trmiss80_trlocclin,16,5e-05,1,32,1,0.1,lr5e-05_bs16_modL1_fusion32_fusionL1_drop0p1_trmiss80_trlocclin,20,0.4651210606098175,0.6284533143043518,0.7801724137931035,0.8526588096216974,0.5777777777777777,0.0,0.0,0.0,0.0,2002,clin,0.8
5,4,lr5e-05_bs16_modL1_fusion32_fusionL1_drop0p1_trmiss80_trlocclin,16,5e-05,1,32,1,0.1,lr5e-05_bs16_modL1_fusion32_fusionL1_drop0p1_trmiss80_trlocclin,21,0.46258363624413806,0.6319178342819214,0.7801724137931034,0.8540073154479373,0.6222222222222222,0.0,0.0,0.0,0.0,2002,clin,0.8
5,4,lr5e-05_bs16_modL1_fusion32_fusionL1_drop0p1_trmiss80_trlocclin,16,5e-05,1,32,1,0.1,lr5e-05_bs16_modL1_fusion32_fusionL1_drop0p1_trmiss80_trlocclin,22,0.44486241539319354,0.6322652101516724,0.8060344827586207,0.8710109564365267,0.6222222222222222,0.0,0.0,0.0,0.0,2002,clin,0.8
5,4,lr5e-05_bs16_modL1_fusion32_fusionL1_drop0p1_trmiss80_trlocclin,16,5e-05,1,32,1,0.1,lr5e-05_bs16_modL1_fusion32_fusionL1_drop0p1_trmiss80_trlocclin,23,0.45038918654123944,0.6276834011077881,0.7995689655172413,0.8618643530630106,0.6222222222222222,0.0,0.0,0.0,0.0,2002,clin,0.8
5,4,lr5e-05_bs16_modL1_fusion32_fusionL1_drop0p1_trmiss80_trlocclin,16,5e-05,1,32,1,0.1,lr5e-05_bs16_modL1_fusion32_fusionL1_drop0p1_trmiss80_trlocclin,24,0.4509429956475894,0.6292294263839722,0.7974137931034484,0.8619568776541391,0.6666666666666666,0.0,0.0,0.0,0.0,2002,clin,0.8
5,4,lr5e-05_bs16_modL1_fusion32_fusionL1_drop0p1_trmiss80_trlocclin,16,5e-05,1,32,1,0.1,lr5e-05_bs16_modL1_fusion32_fusionL1_drop0p1_trmiss80_trlocclin,25,0.43049776057402295,0.630295972029368,0.7974137931034483,0.8663884438241236,0.6222222222222222,0.0,0.0,0.0,0.0,2002,clin,0.8
5,4,lr5e-05_bs16_modL1_fusion32_fusionL1_drop0p1_trmiss80_trlocclin,16,5e-05,1,32,1,0.1,lr5e-05_bs16_modL1_fusion32_fusionL1_drop0p1_trmiss80_trlocclin,26,0.43297769129276276,0.621956467628479,0.790948275862069,0.8630168534115303,0.6666666666666666,0.0,0.0,0.0,0.0,2002,clin,0.8
5,4,lr5e-05_bs16_modL1_fusion32_fusionL1_drop0p1_trmiss80_trlocclin,16,5e-05,1,32,1,0.1,lr5e-05_bs16_modL1_fusion32_fusionL1_drop0p1_trmiss80_trlocclin,27,0.4466789861520131,0.6093182365099589,0.7844827586206897,0.8552913982682482,0.7111111111111111,0.0,0.0,0.0,0.0,2002,clin,0.8
5,4,lr5e-05_bs16_modL1_fusion32_fusionL1_drop0p1_trmiss80_trlocclin,16,5e-05,1,32,1,0.1,lr5e-05_bs16_modL1_fusion32_fusionL1_drop0p1_trmiss80_trlocclin,28,0.4241874913374583,0.6149460474650065,0.8060344827586207,0.8707531281903091,0.6888888888888889,0.0,0.0,0.0,0.0,2002,clin,0.8
5,4,lr5e-05_bs16_modL1_fusion32_fusionL1_drop0p1_trmiss80_trlocclin,16,5e-05,1,32,1,0.1,lr5e-05_bs16_modL1_fusion32_fusionL1_drop0p1_trmiss80_trlocclin,29,0.4209273159503937,0.612119992574056,0.8081896551724138,0.877707119546296,0.7333333333333333,0.0,0.0,0.0,0.0,2002,clin,0.8
5,4,lr5e-05_bs16_modL1_fusion32_fusionL1_drop0p1_trmiss80_trlocclin,16,5e-05,1,32,1,0.1,lr5e-05_bs16_modL1_fusion32_fusionL1_drop0p1_trmiss80_trlocclin,30,0.405942144493262,0.6075242956479391,0.8081896551724138,0.87462898311918,0.6666666666666666,0.0,0.0,0.0,0.0,2002,clin,0.8
5,4,lr5e-05_bs16_modL1_fusion32_fusionL1_drop0p1_trmiss80_trlocclin,16,5e-05,1,32,1,0.1,lr5e-05_bs16_modL1_fusion32_fusionL1_drop0p1_trmiss80_trlocclin,31,0.39297255873680115,0.6154574950536092,0.7974137931034482,0.8640660021275202,0.6888888888888889,0.0,0.0,0.0,0.0,2002,clin,0.8
5,4,lr5e-05_bs16_modL1_fusion32_fusionL1_drop0p1_trmiss80_trlocclin,16,5e-05,1,32,1,0.1,lr5e-05_bs16_modL1_fusion32_fusionL1_drop0p1_trmiss80_trlocclin,32,0.38828738778829575,0.6085460980733236,0.7866379310344828,0.8629765155770139,0.7111111111111111,0.0,0.0,0.0,0.0,2002,clin,0.8
5,4,lr5e-05_bs16_modL1_fusion32_fusionL1_drop0p1_trmiss80_trlocclin,16,5e-05,1,32,1,0.1,lr5e-05_bs16_modL1_fusion32_fusionL1_drop0p1_trmiss80_trlocclin,33,0.39969303955634433,0.6125243703524271,0.7693965517241379,0.8472418819583802,0.6666666666666666,0.0,0.0,0.0,0.0,2002,clin,0.8
5,4,lr5e-05_bs16_modL1_fusion32_fusionL1_drop0p1_trmiss80_trlocclin,16,5e-05,1,32,1,0.1,lr5e-05_bs16_modL1_fusion32_fusionL1_drop0p1_trmiss80_trlocclin,34,0.41796280692021054,0.6271318991978964,0.7607758620689655,0.8446279020938712,0.6222222222222222,0.0,0.0,0.0,0.0,2002,clin,0.8
5,4,lr5e-05_bs16_modL1_fusion32_fusionL1_drop0p1_trmiss80_trlocclin,16,5e-05,1,32,1,0.1,lr5e-05_bs16_modL1_fusion32_fusionL1_drop0p1_trmiss80_trlocclin,35,0.3926812559366226,0.6242387294769287,0.771551724137931,0.843493069982983,0.6444444444444445,0.0,0.0,0.0,0.0,2002,clin,0.8
5,4,lr5e-05_bs16_modL1_fusion32_fusionL1_drop0p1_trmiss80_trlocclin,16,5e-05,1,32,1,0.1,lr5e-05_bs16_modL1_fusion32_fusionL1_drop0p1_trmiss80_trlocclin,36,0.36869415392478305,0.6075325409571329,0.7693965517241379,0.8452292009548126,0.6888888888888889,0.0,0.0,0.0,0.0,2002,clin,0.8
5,4,lr5e-05_bs16_modL1_fusion32_fusionL1_drop0p1_trmiss80_trlocclin,16,5e-05,1,32,1,0.1,lr5e-05_bs16_modL1_fusion32_fusionL1_drop0p1_trmiss80_trlocclin,37,0.3631814519564311,0.6035487850507101,0.7629310344827587,0.849076032502091,0.7111111111111111,0.0,0.0,0.0,0.0,2002,clin,0.8
5,4,lr5e-05_bs16_modL1_fusion32_fusionL1_drop0p1_trmiss80_trlocclin,16,5e-05,1,32,1,0.1,lr5e-05_bs16_modL1_fusion32_fusionL1_drop0p1_trmiss80_trlocclin,38,0.3701500693957011,0.5977256894111633,0.771551724137931,0.853886030881333,0.7111111111111111,0.0,0.0,0.0,0.0,2002,clin,0.8
5,4,lr5e-05_bs16_modL1_fusion32_fusionL1_drop0p1_trmiss80_trlocclin,16,5e-05,1,32,1,0.1,lr5e-05_bs16_modL1_fusion32_fusionL1_drop0p1_trmiss80_trlocclin,39,0.35606660942236584,0.6017313996950785,0.7866379310344828,0.869226529253954,0.6888888888888889,0.0,0.0,0.0,0.0,2002,clin,0.8
5,4,lr5e-05_bs16_modL1_fusion32_fusionL1_drop0p1_trmiss80_trlocclin,16,5e-05,1,32,1,0.1,lr5e-05_bs16_modL1_fusion32_fusionL1_drop0p1_trmiss80_trlocclin,40,0.3816300431887309,0.6122451027234396,0.7693965517241379,0.8544030455715454,0.6666666666666666,0.0,0.0,0.0,0.0,2002,clin,0.8
5,4,lr5e-05_bs16_modL1_fusion32_fusionL1_drop0p1_trmiss80_trlocclin,16,5e-05,1,32,1,0.1,lr5e-05_bs16_modL1_fusion32_fusionL1_drop0p1_trmiss80_trlocclin,41,0.3704184939463933,0.606631318728129,0.7693965517241379,0.8447815247134014,0.6666666666666666,0.0,0.0,0.0,0.0,2002,clin,0.8
5,4,lr5e-05_bs16_modL1_fusion32_fusionL1_drop0p1_trmiss80_trlocclin,16,5e-05,1,32,1,0.1,lr5e-05_bs16_modL1_fusion32_fusionL1_drop0p1_trmiss80_trlocclin,42,0.3482756291826566,0.6074950496355692,0.7435344827586207,0.8248591586621318,0.6888888888888889,0.0,0.0,0.0,0.0,2002,clin,0.8
5,4,lr5e-05_bs16_modL1_fusion32_fusionL1_drop0p1_trmiss80_trlocclin,16,5e-05,1,32,1,0.1,lr5e-05_bs16_modL1_fusion32_fusionL1_drop0p1_trmiss80_trlocclin,43,0.3424381564060847,0.6014710664749146,0.75,0.8278284036572389,0.7111111111111111,0.0,0.0,0.0,0.0,2002,clin,0.8
5,4,lr5e-05_bs16_modL1_fusion32_fusionL1_drop0p1_trmiss80_trlocclin,16,5e-05,1,32,1,0.1,lr5e-05_bs16_modL1_fusion32_fusionL1_drop0p1_trmiss80_trlocclin,44,0.3409047747651736,0.592228889465332,0.7801724137931034,0.8518919241415637,0.7333333333333333,0.0,0.0,0.0,0.0,2002,clin,0.8
5,4,lr5e-05_bs16_modL1_fusion32_fusionL1_drop0p1_trmiss80_trlocclin,16,5e-05,1,32,1,0.1,lr5e-05_bs16_modL1_fusion32_fusionL1_drop0p1_trmiss80_trlocclin,45,0.3497491553425789,0.5920382539431254,0.7758620689655172,0.8512786042327933,0.6666666666666666,0.0,0.0,0.0,0.0,2002,clin,0.8
5,4,lr5e-05_bs16_modL1_fusion32_fusionL1_drop0p1_trmiss80_trlocclin,16,5e-05,1,32,1,0.1,lr5e-05_bs16_modL1_fusion32_fusionL1_drop0p1_trmiss80_trlocclin,46,0.3476773574948311,0.5946092208226522,0.7650862068965517,0.8390076441978929,0.6666666666666666,0.0,0.0,0.0,0.0,2002,clin,0.8
5,4,lr5e-05_bs16_modL1_fusion32_fusionL1_drop0p1_trmiss80_trlocclin,16,5e-05,1,32,1,0.1,lr5e-05_bs16_modL1_fusion32_fusionL1_drop0p1_trmiss80_trlocclin,47,0.35283451279004413,0.597769578297933,0.7737068965517241,0.847799811190024,0.6666666666666666,0.0,0.0,0.0,0.0,2002,clin,0.8
5,4,lr5e-05_bs16_modL1_fusion32_fusionL1_drop0p1_trmiss80_trlocclin,16,5e-05,1,32,1,0.1,lr5e-05_bs16_modL1_fusion32_fusionL1_drop0p1_trmiss80_trlocclin,48,0.34263669699430466,0.5961894392967224,0.75,0.8347068333331142,0.6888888888888889,0.0,0.0,0.0,0.0,2002,clin,0.8
5,4,lr5e-05_bs16_modL1_fusion32_fusionL1_drop0p1_trmiss80_trlocclin,16,5e-05,1,32,1,0.1,lr5e-05_bs16_modL1_fusion32_fusionL1_drop0p1_trmiss80_trlocclin,49,0.36024944484233856,0.6063766082127889,0.7521551724137931,0.8324289604590024,0.6666666666666666,0.0,0.0,0.0,0.0,2002,clin,0.8
5,4,lr5e-05_bs16_modL1_fusion32_fusionL1_drop0p1_trmiss80_trlocclin,16,5e-05,1,32,1,0.1,lr5e-05_bs16_modL1_fusion32_fusionL1_drop0p1_trmiss80_trlocclin,50,0.3319573402404785,0.5956357717514038,0.7543103448275862,0.8312104862736014,0.7111111111111111,0.0,0.0,0.0,0.0,2002,clin,0.8
5,4,lr5e-05_bs16_modL1_fusion64_fusionL1_drop0p2_trmiss80_trlocclin,16,5e-05,1,64,1,0.2,lr5e-05_bs16_modL1_fusion64_fusionL1_drop0p2_trmiss80_trlocclin,1,0.7375851919253668,0.7006728649139404,0.5258620689655172,0.749442769967819,0.5111111111111111,0.0,0.0,0.0,0.0,2002,clin,0.8
5,4,lr5e-05_bs16_modL1_fusion64_fusionL1_drop0p2_trmiss80_trlocclin,16,5e-05,1,64,1,0.2,lr5e-05_bs16_modL1_fusion64_fusionL1_drop0p2_trmiss80_trlocclin,2,0.7039681623379389,0.7002186179161072,0.49353448275862066,0.7264731837126022,0.4888888888888889,0.0,0.0,0.0,0.0,2002,clin,0.8
5,4,lr5e-05_bs16_modL1_fusion64_fusionL1_drop0p2_trmiss80_trlocclin,16,5e-05,1,64,1,0.2,lr5e-05_bs16_modL1_fusion64_fusionL1_drop0p2_trmiss80_trlocclin,3,0.6860730051994324,0.702406128247579,0.5107758620689655,0.724167977786631,0.5555555555555556,0.0,0.0,0.0,0.0,2002,clin,0.8
5,4,lr5e-05_bs16_modL1_fusion64_fusionL1_drop0p2_trmiss80_trlocclin,16,5e-05,1,64,1,0.2,lr5e-05_bs16_modL1_fusion64_fusionL1_drop0p2_trmiss80_trlocclin,4,0.6670821855465571,0.6972740888595581,0.5237068965517241,0.7091355508099352,0.5555555555555556,0.0,0.0,0.0,0.0,2002,clin,0.8
5,4,lr5e-05_bs16_modL1_fusion64_fusionL1_drop0p2_trmiss80_trlocclin,16,5e-05,1,64,1,0.2,lr5e-05_bs16_modL1_fusion64_fusionL1_drop0p2_trmiss80_trlocclin,5,0.6315640111764272,0.6906967361768087,0.5495689655172413,0.7339877043489085,0.5555555555555556,0.0,0.0,0.0,0.0,2002,clin,0.8
5,4,lr5e-05_bs16_modL1_fusion64_fusionL1_drop0p2_trmiss80_trlocclin,16,5e-05,1,64,1,0.2,lr5e-05_bs16_modL1_fusion64_fusionL1_drop0p2_trmiss80_trlocclin,6,0.6653109490871429,0.6930463711420695,0.540948275862069,0.7326975720459261,0.5333333333333333,0.0,0.0,0.0,0.0,2002,clin,0.8
5,4,lr5e-05_bs16_modL1_fusion64_fusionL1_drop0p2_trmiss80_trlocclin,16,5e-05,1,64,1,0.2,lr5e-05_bs16_modL1_fusion64_fusionL1_drop0p2_trmiss80_trlocclin,7,0.644600068529447,0.6938589413960775,0.5668103448275862,0.735032870464616,0.5333333333333333,0.0,0.0,0.0,0.0,2002,clin,0.8
5,4,lr5e-05_bs16_modL1_fusion64_fusionL1_drop0p2_trmiss80_trlocclin,16,5e-05,1,64,1,0.2,lr5e-05_bs16_modL1_fusion64_fusionL1_drop0p2_trmiss80_trlocclin,8,0.6364971101284027,0.6868979136149088,0.5818965517241379,0.7490614643429043,0.5555555555555556,0.0,0.0,0.0,0.0,2002,clin,0.8
5,4,lr5e-05_bs16_modL1_fusion64_fusionL1_drop0p2_trmiss80_trlocclin,16,5e-05,1,64,1,0.2,lr5e-05_bs16_modL1_fusion64_fusionL1_drop0p2_trmiss80_trlocclin,9,0.6068104058504105,0.6794889569282532,0.6077586206896551,0.757000080992663,0.5555555555555556,0.0,0.0,0.0,0.0,2002,clin,0.8
5,4,lr5e-05_bs16_modL1_fusion64_fusionL1_drop0p2_trmiss80_trlocclin,16,5e-05,1,64,1,0.2,lr5e-05_bs16_modL1_fusion64_fusionL1_drop0p2_trmiss80_trlocclin,10,0.5951372881730398,0.6687474250793457,0.6293103448275862,0.7858462047040963,0.5777777777777777,0.0,0.0,0.0,0.0,2002,clin,0.8
5,4,lr5e-05_bs16_modL1_fusion64_fusionL1_drop0p2_trmiss80_trlocclin,16,5e-05,1,64,1,0.2,lr5e-05_bs16_modL1_fusion64_fusionL1_drop0p2_trmiss80_trlocclin,11,0.5896846999724706,0.6670678456624349,0.6400862068965517,0.7979821183872431,0.6,0.0,0.0,0.0,0.0,2002,clin,0.8
5,4,lr5e-05_bs16_modL1_fusion64_fusionL1_drop0p2_trmiss80_trlocclin,16,5e-05,1,64,1,0.2,lr5e-05_bs16_modL1_fusion64_fusionL1_drop0p2_trmiss80_trlocclin,12,0.5666198233763377,0.6571912368138632,0.6508620689655173,0.8004956719823634,0.6,0.0,0.0,0.0,0.0,2002,clin,0.8
5,4,lr5e-05_bs16_modL1_fusion64_fusionL1_drop0p2_trmiss80_trlocclin,16,5e-05,1,64,1,0.2,lr5e-05_bs16_modL1_fusion64_fusionL1_drop0p2_trmiss80_trlocclin,13,0.5747070362170538,0.6585086782773336,0.6379310344827587,0.7794697971414933,0.6222222222222222,0.0,0.0,0.0,0.0,2002,clin,0.8
5,4,lr5e-05_bs16_modL1_fusion64_fusionL1_drop0p2_trmiss80_trlocclin,16,5e-05,1,64,1,0.2,lr5e-05_bs16_modL1_fusion64_fusionL1_drop0p2_trmiss80_trlocclin,14,0.5573080678780874,0.662727971871694,0.6271551724137931,0.7529638376169172,0.6222222222222222,0.0,0.0,0.0,0.0,2002,clin,0.8
5,4,lr5e-05_bs16_modL1_fusion64_fusionL1_drop0p2_trmiss80_trlocclin,16,5e-05,1,64,1,0.2,lr5e-05_bs16_modL1_fusion64_fusionL1_drop0p2_trmiss80_trlocclin,15,0.5439823766549429,0.6567240754763285,0.6487068965517242,0.7686431288035129,0.6,0.0,0.0,0.0,0.0,2002,clin,0.8
5,4,lr5e-05_bs16_modL1_fusion64_fusionL1_drop0p2_trmiss80_trlocclin,16,5e-05,1,64,1,0.2,lr5e-05_bs16_modL1_fusion64_fusionL1_drop0p2_trmiss80_trlocclin,16,0.5453607390324274,0.6523728569348654,0.6637931034482759,0.7900057291408705,0.6,0.0,0.0,0.0,0.0,2002,clin,0.8
5,4,lr5e-05_bs16_modL1_fusion64_fusionL1_drop0p2_trmiss80_trlocclin,16,5e-05,1,64,1,0.2,lr5e-05_bs16_modL1_fusion64_fusionL1_drop0p2_trmiss80_trlocclin,17,0.5325175101558367,0.6545554399490356,0.6530172413793104,0.7751416631611091,0.6444444444444445,0.0,0.0,0.0,0.0,2002,clin,0.8
5,4,lr5e-05_bs16_modL1_fusion64_fusionL1_drop0p2_trmiss80_trlocclin,16,5e-05,1,64,1,0.2,lr5e-05_bs16_modL1_fusion64_fusionL1_drop0p2_trmiss80_trlocclin,18,0.5127891550461451,0.6647889216740926,0.6400862068965517,0.7693716673801435,0.6,0.0,0.0,0.0,0.0,2002,clin,0.8
5,4,lr5e-05_bs16_modL1_fusion64_fusionL1_drop0p2_trmiss80_trlocclin,16,5e-05,1,64,1,0.2,lr5e-05_bs16_modL1_fusion64_fusionL1_drop0p2_trmiss80_trlocclin,19,0.5030618384480476,0.664162298043569,0.6142241379310345,0.7570777159827479,0.5555555555555556,0.0,0.0,0.0,0.0,2002,clin,0.8
5,4,lr5e-05_bs16_modL1_fusion64_fusionL1_drop0p2_trmiss80_trlocclin,16,5e-05,1,64,1,0.2,lr5e-05_bs16_modL1_fusion64_fusionL1_drop0p2_trmiss80_trlocclin,20,0.509490522245566,0.6592163840929667,0.625,0.7592057046691562,0.5777777777777777,0.0,0.0,0.0,0.0,2002,clin,0.8
5,4,lr5e-05_bs16_modL1_fusion64_fusionL1_drop0p2_trmiss80_trlocclin,16,5e-05,1,64,1,0.2,lr5e-05_bs16_modL1_fusion64_fusionL1_drop0p2_trmiss80_trlocclin,21,0.5181959023078283,0.6535812417666117,0.6357758620689655,0.7669610658637188,0.6222222222222222,0.0,0.0,0.0,0.0,2002,clin,0.8
5,4,lr5e-05_bs16_modL1_fusion64_fusionL1_drop0p2_trmiss80_trlocclin,16,5e-05,1,64,1,0.2,lr5e-05_bs16_modL1_fusion64_fusionL1_drop0p2_trmiss80_trlocclin,22,0.5008120114604632,0.6538948814074198,0.625,0.7558421530741021,0.5777777777777777,0.0,0.0,0.0,0.0,2002,clin,0.8
5,4,lr5e-05_bs16_modL1_fusion64_fusionL1_drop0p2_trmiss80_trlocclin,16,5e-05,1,64,1,0.2,lr5e-05_bs16_modL1_fusion64_fusionL1_drop0p2_trmiss80_trlocclin,23,0.4761731028556824,0.6533701419830322,0.6142241379310345,0.7412382740114755,0.6444444444444445,0.0,0.0,0.0,0.0,2002,clin,0.8
5,4,lr5e-05_bs16_modL1_fusion64_fusionL1_drop0p2_trmiss80_trlocclin,16,5e-05,1,64,1,0.2,lr5e-05_bs16_modL1_fusion64_fusionL1_drop0p2_trmiss80_trlocclin,24,0.48184341192245483,0.6549092531204224,0.6163793103448276,0.7438248144938161,0.6222222222222222,0.0,0.0,0.0,0.0,2002,clin,0.8
5,4,lr5e-05_bs16_modL1_fusion64_fusionL1_drop0p2_trmiss80_trlocclin,16,5e-05,1,64,1,0.2,lr5e-05_bs16_modL1_fusion64_fusionL1_drop0p2_trmiss80_trlocclin,25,0.46981856723626453,0.6481509606043497,0.6099137931034483,0.7423689787882007,0.6,0.0,0.0,0.0,0.0,2002,clin,0.8
5,4,lr5e-05_bs16_modL1_fusion64_fusionL1_drop0p2_trmiss80_trlocclin,16,5e-05,1,64,1,0.2,lr5e-05_bs16_modL1_fusion64_fusionL1_drop0p2_trmiss80_trlocclin,26,0.4493648906548818,0.6470704873402914,0.6142241379310345,0.739988400300544,0.6222222222222222,0.0,0.0,0.0,0.0,2002,clin,0.8
5,4,lr5e-05_bs16_modL1_fusion64_fusionL1_drop0p2_trmiss80_trlocclin,16,5e-05,1,64,1,0.2,lr5e-05_bs16_modL1_fusion64_fusionL1_drop0p2_trmiss80_trlocclin,27,0.4594290380676587,0.6551134983698527,0.6142241379310345,0.7402228793827189,0.6,0.0,0.0,0.0,0.0,2002,clin,0.8
5,4,lr5e-05_bs16_modL1_fusion64_fusionL1_drop0p2_trmiss80_trlocclin,16,5e-05,1,64,1,0.2,lr5e-05_bs16_modL1_fusion64_fusionL1_drop0p2_trmiss80_trlocclin,28,0.4715270126859347,0.6530371109644572,0.6077586206896552,0.7411076318588293,0.5777777777777777,0.0,0.0,0.0,0.0,2002,clin,0.8
5,4,lr5e-05_bs16_modL1_fusion64_fusionL1_drop0p2_trmiss80_trlocclin,16,5e-05,1,64,1,0.2,lr5e-05_bs16_modL1_fusion64_fusionL1_drop0p2_trmiss80_trlocclin,29,0.45252106587092084,0.6636797984441122,0.5905172413793103,0.7316685873164951,0.5555555555555556,0.0,0.0,0.0,0.0,2002,clin,0.8
5,4,lr5e-05_bs16_modL1_fusion64_fusionL1_drop0p2_trmiss80_trlocclin,16,5e-05,1,64,1,0.2,lr5e-05_bs16_modL1_fusion64_fusionL1_drop0p2_trmiss80_trlocclin,30,0.4678030808766683,0.6564326087633768,0.5775862068965518,0.7251623618326976,0.6,0.0,0.0,0.0,0.0,2002,clin,0.8
5,4,lr5e-05_bs16_modL1_fusion64_fusionL1_drop0p2_trmiss80_trlocclin,16,5e-05,1,64,1,0.2,lr5e-05_bs16_modL1_fusion64_fusionL1_drop0p2_trmiss80_trlocclin,31,0.4377300764123599,0.6644687255223592,0.5689655172413793,0.7119873432072837,0.5555555555555556,0.0,0.0,0.0,0.0,2002,clin,0.8
5,4,lr5e-05_bs16_modL1_fusion64_fusionL1_drop0p2_trmiss80_trlocclin,16,5e-05,1,64,1,0.2,lr5e-05_bs16_modL1_fusion64_fusionL1_drop0p2_trmiss80_trlocclin,32,0.46592526386181515,0.6637868881225586,0.5754310344827586,0.7120655251443563,0.5777777777777777,0.0,0.0,0.0,0.0,2002,clin,0.8
5,4,lr5e-05_bs16_modL1_fusion64_fusionL1_drop0p2_trmiss80_trlocclin,16,5e-05,1,64,1,0.2,lr5e-05_bs16_modL1_fusion64_fusionL1_drop0p2_trmiss80_trlocclin,33,0.4644620691736539,0.669373075167338,0.5775862068965517,0.7080085183806797,0.5555555555555556,0.0,0.0,0.0,0.0,2002,clin,0.8
5,4,lr5e-05_bs16_modL1_fusion64_fusionL1_drop0p2_trmiss80_trlocclin,16,5e-05,1,64,1,0.2,lr5e-05_bs16_modL1_fusion64_fusionL1_drop0p2_trmiss80_trlocclin,34,0.444454866151015,0.6694658597310384,0.5732758620689655,0.7158364426538372,0.5333333333333333,0.0,0.0,0.0,0.0,2002,clin,0.8
5,4,lr5e-05_bs16_modL1_fusion64_fusionL1_drop0p2_trmiss80_trlocclin,16,5e-05,1,64,1,0.2,lr5e-05_bs16_modL1_fusion64_fusionL1_drop0p2_trmiss80_trlocclin,35,0.43603626390298206,0.6639224688212076,0.584051724137931,0.7259215587000366,0.5333333333333333,0.0,0.0,0.0,0.0,2002,clin,0.8
5,4,lr5e-05_bs16_modL1_fusion64_fusionL1_drop0p2_trmiss80_trlocclin,16,5e-05,1,64,1,0.2,lr5e-05_bs16_modL1_fusion64_fusionL1_drop0p2_trmiss80_trlocclin,36,0.44965487470229465,0.6698185602823893,0.5754310344827587,0.7213751498949642,0.5555555555555556,0.0,0.0,0.0,0.0,2002,clin,0.8
5,4,lr5e-05_bs16_modL1_fusion64_fusionL1_drop0p1_trmiss80_trlocclin,16,5e-05,1,64,1,0.1,lr5e-05_bs16_modL1_fusion64_fusionL1_drop0p1_trmiss80_trlocclin,1,0.6820525576670965,0.6685133775075277,0.5905172413793104,0.7184029873911892,0.6222222222222222,0.0,0.0,0.0,0.0,2002,clin,0.8
5,4,lr5e-05_bs16_modL1_fusion64_fusionL1_drop0p1_trmiss80_trlocclin,16,5e-05,1,64,1,0.1,lr5e-05_bs16_modL1_fusion64_fusionL1_drop0p1_trmiss80_trlocclin,2,0.6256717840830485,0.6525724530220032,0.6142241379310345,0.753969097791094,0.6444444444444445,0.0,0.0,0.0,0.0,2002,clin,0.8
5,4,lr5e-05_bs16_modL1_fusion64_fusionL1_drop0p1_trmiss80_trlocclin,16,5e-05,1,64,1,0.1,lr5e-05_bs16_modL1_fusion64_fusionL1_drop0p1_trmiss80_trlocclin,3,0.6337071508169174,0.6417433222134908,0.6185344827586207,0.7550155296055574,0.6222222222222222,0.0,0.0,0.0,0.0,2002,clin,0.8
5,4,lr5e-05_bs16_modL1_fusion64_fusionL1_drop0p1_trmiss80_trlocclin,16,5e-05,1,64,1,0.1,lr5e-05_bs16_modL1_fusion64_fusionL1_drop0p1_trmiss80_trlocclin,4,0.6138500918944677,0.6414850155512491,0.6185344827586207,0.7596309165273061,0.6222222222222222,0.0,0.0,0.0,0.0,2002,clin,0.8
5,4,lr5e-05_bs16_modL1_fusion64_fusionL1_drop0p1_trmiss80_trlocclin,16,5e-05,1,64,1,0.1,lr5e-05_bs16_modL1_fusion64_fusionL1_drop0p1_trmiss80_trlocclin,5,0.5943460116783778,0.6424049933751425,0.6293103448275862,0.7652059475958307,0.5777777777777777,0.0,0.0,0.0,0.0,2002,clin,0.8
5,4,lr5e-05_bs16_modL1_fusion64_fusionL1_drop0p1_trmiss80_trlocclin,16,5e-05,1,64,1,0.1,lr5e-05_bs16_modL1_fusion64_fusionL1_drop0p1_trmiss80_trlocclin,6,0.5815768788258234,0.6447727084159851,0.6206896551724138,0.7560211098075682,0.5555555555555556,0.0,0.0,0.0,0.0,2002,clin,0.8
5,4,lr5e-05_bs16_modL1_fusion64_fusionL1_drop0p1_trmiss80_trlocclin,16,5e-05,1,64,1,0.1,lr5e-05_bs16_modL1_fusion64_fusionL1_drop0p1_trmiss80_trlocclin,7,0.5777152727047602,0.6332469781239828,0.6422413793103448,0.7774496529002709,0.6,0.0,0.0,0.0,0.0,2002,clin,0.8
5,4,lr5e-05_bs16_modL1_fusion64_fusionL1_drop0p1_trmiss80_trlocclin,16,5e-05,1,64,1,0.1,lr5e-05_bs16_modL1_fusion64_fusionL1_drop0p1_trmiss80_trlocclin,8,0.5712126741806666,0.6354246139526367,0.6508620689655172,0.7783237490434513,0.6444444444444445,0.0,0.0,0.0,0.0,2002,clin,0.8
5,4,lr5e-05_bs16_modL1_fusion64_fusionL1_drop0p1_trmiss80_trlocclin,16,5e-05,1,64,1,0.1,lr5e-05_bs16_modL1_fusion64_fusionL1_drop0p1_trmiss80_trlocclin,9,0.5441311548153559,0.6402888298034668,0.6357758620689655,0.7670323758358674,0.6222222222222222,0.0,0.0,0.0,0.0,2002,clin,0.8
5,4,lr5e-05_bs16_modL1_fusion64_fusionL1_drop0p1_trmiss80_trlocclin,16,5e-05,1,64,1,0.1,lr5e-05_bs16_modL1_fusion64_fusionL1_drop0p1_trmiss80_trlocclin,10,0.5283403918147087,0.629993756612142,0.6508620689655172,0.7768626906603405,0.6222222222222222,0.0,0.0,0.0,0.0,2002,clin,0.8
5,4,lr5e-05_bs16_modL1_fusion64_fusionL1_drop0p1_trmiss80_trlocclin,16,5e-05,1,64,1,0.1,lr5e-05_bs16_modL1_fusion64_fusionL1_drop0p1_trmiss80_trlocclin,11,0.5205264911055565,0.6286372145016988,0.6594827586206896,0.7864534317783053,0.6222222222222222,0.0,0.0,0.0,0.0,2002,clin,0.8
5,4,lr5e-05_bs16_modL1_fusion64_fusionL1_drop0p1_trmiss80_trlocclin,16,5e-05,1,64,1,0.1,lr5e-05_bs16_modL1_fusion64_fusionL1_drop0p1_trmiss80_trlocclin,12,0.5118038952350616,0.6291809876759847,0.6443965517241379,0.7904451598798573,0.6,0.0,0.0,0.0,0.0,2002,clin,0.8
5,4,lr5e-05_bs16_modL1_fusion64_fusionL1_drop0p1_trmiss80_trlocclin,16,5e-05,1,64,1,0.1,lr5e-05_bs16_modL1_fusion64_fusionL1_drop0p1_trmiss80_trlocclin,13,0.4949013864000638,0.6269686619440714,0.646551724137931,0.7775487210328832,0.6,0.0,0.0,0.0,0.0,2002,clin,0.8
5,4,lr5e-05_bs16_modL1_fusion64_fusionL1_drop0p1_trmiss80_trlocclin,16,5e-05,1,64,1,0.1,lr5e-05_bs16_modL1_fusion64_fusionL1_drop0p1_trmiss80_trlocclin,14,0.5142365296681722,0.6241475741068522,0.6530172413793103,0.7792287181896559,0.6444444444444445,0.0,0.0,0.0,0.0,2002,clin,0.8
5,4,lr5e-05_bs16_modL1_fusion64_fusionL1_drop0p1_trmiss80_trlocclin,16,5e-05,1,64,1,0.1,lr5e-05_bs16_modL1_fusion64_fusionL1_drop0p1_trmiss80_trlocclin,15,0.4824952979882558,0.6204244693120321,0.6637931034482758,0.7963873138818466,0.6444444444444445,0.0,0.0,0.0,0.0,2002,clin,0.8
5,4,lr5e-05_bs16_modL1_fusion64_fusionL1_drop0p1_trmiss80_trlocclin,16,5e-05,1,64,1,0.1,lr5e-05_bs16_modL1_fusion64_fusionL1_drop0p1_trmiss80_trlocclin,16,0.4895931879679362,0.6172172427177429,0.6810344827586207,0.802136286852486,0.7111111111111111,0.0,0.0,0.0,0.0,2002,clin,0.8
5,4,lr5e-05_bs16_modL1_fusion64_fusionL1_drop0p1_trmiss80_trlocclin,16,5e-05,1,64,1,0.1,lr5e-05_bs16_modL1_fusion64_fusionL1_drop0p1_trmiss80_trlocclin,17,0.45608360568682355,0.6122631629308065,0.689655172413793,0.7976774309924045,0.6666666666666666,0.0,0.0,0.0,0.0,2002,clin,0.8
5,4,lr5e-05_bs16_modL1_fusion64_fusionL1_drop0p1_trmiss80_trlocclin,16,5e-05,1,64,1,0.1,lr5e-05_bs16_modL1_fusion64_fusionL1_drop0p1_trmiss80_trlocclin,18,0.4717490126689275,0.602439264456431,0.7004310344827586,0.7999104966625837,0.6666666666666666,0.0,0.0,0.0,0.0,2002,clin,0.8
5,4,lr5e-05_bs16_modL1_fusion64_fusionL1_drop0p1_trmiss80_trlocclin,16,5e-05,1,64,1,0.1,lr5e-05_bs16_modL1_fusion64_fusionL1_drop0p1_trmiss80_trlocclin,19,0.4351758460203807,0.6138536334037781,0.6875,0.8072994458204376,0.6666666666666666,0.0,0.0,0.0,0.0,2002,clin,0.8
5,4,lr5e-05_bs16_modL1_fusion64_fusionL1_drop0p1_trmiss80_trlocclin,16,5e-05,1,64,1,0.1,lr5e-05_bs16_modL1_fusion64_fusionL1_drop0p1_trmiss80_trlocclin,20,0.4505433663725853,0.6140501896540324,0.6788793103448276,0.8013103686505549,0.6666666666666666,0.0,0.0,0.0,0.0,2002,clin,0.8
5,4,lr5e-05_bs16_modL1_fusion64_fusionL1_drop0p1_trmiss80_trlocclin,16,5e-05,1,64,1,0.1,lr5e-05_bs16_modL1_fusion64_fusionL1_drop0p1_trmiss80_trlocclin,21,0.43888141214847565,0.6145128210385641,0.6853448275862069,0.7975155938249893,0.6666666666666666,0.0,0.0,0.0,0.0,2002,clin,0.8
5,4,lr5e-05_bs16_modL1_fusion64_fusionL1_drop0p1_trmiss80_trlocclin,16,5e-05,1,64,1,0.1,lr5e-05_bs16_modL1_fusion64_fusionL1_drop0p1_trmiss80_trlocclin,22,0.45904823889334995,0.6070108612378439,0.6918103448275862,0.7807906281303728,0.6666666666666666,0.0,0.0,0.0,0.0,2002,clin,0.8
5,4,lr5e-05_bs16_modL1_fusion64_fusionL1_drop0p1_trmiss80_trlocclin,16,5e-05,1,64,1,0.1,lr5e-05_bs16_modL1_fusion64_fusionL1_drop0p1_trmiss80_trlocclin,23,0.4394628529747327,0.6036009987195333,0.7004310344827586,0.8054801262510862,0.7111111111111111,0.0,0.0,0.0,0.0,2002,clin,0.8
5,4,lr5e-05_bs16_modL1_fusion64_fusionL1_drop0p1_trmiss80_trlocclin,16,5e-05,1,64,1,0.1,lr5e-05_bs16_modL1_fusion64_fusionL1_drop0p1_trmiss80_trlocclin,24,0.4138658915956815,0.5947355628013611,0.7306034482758621,0.8258293777209089,0.7555555555555555,0.0,0.0,0.0,0.0,2002,clin,0.8
5,4,lr5e-05_bs16_modL1_fusion64_fusionL1_drop0p1_trmiss80_trlocclin,16,5e-05,1,64,1,0.1,lr5e-05_bs16_modL1_fusion64_fusionL1_drop0p1_trmiss80_trlocclin,25,0.3970397139588992,0.5965733130772909,0.7155172413793103,0.8177973533346844,0.6888888888888889,0.0,0.0,0.0,0.0,2002,clin,0.8
5,4,lr5e-05_bs16_modL1_fusion64_fusionL1_drop0p1_trmiss80_trlocclin,16,5e-05,1,64,1,0.1,lr5e-05_bs16_modL1_fusion64_fusionL1_drop0p1_trmiss80_trlocclin,26,0.39370715121428174,0.6015336712201437,0.7155172413793103,0.8149565748053184,0.6666666666666666,0.0,0.0,0.0,0.0,2002,clin,0.8
5,4,lr5e-05_bs16_modL1_fusion64_fusionL1_drop0p1_trmiss80_trlocclin,16,5e-05,1,64,1,0.1,lr5e-05_bs16_modL1_fusion64_fusionL1_drop0p1_trmiss80_trlocclin,27,0.3901399001479149,0.6054771741231283,0.7068965517241379,0.8197721468970074,0.6444444444444445,0.0,0.0,0.0,0.0,2002,clin,0.8
5,4,lr5e-05_bs16_modL1_fusion64_fusionL1_drop0p1_trmiss80_trlocclin,16,5e-05,1,64,1,0.1,lr5e-05_bs16_modL1_fusion64_fusionL1_drop0p1_trmiss80_trlocclin,28,0.39108729859193164,0.6087721983591715,0.6875,0.7989402385570411,0.6444444444444445,0.0,0.0,0.0,0.0,2002,clin,0.8
5,4,lr5e-05_bs16_modL1_fusion64_fusionL1_drop0p1_trmiss80_trlocclin,16,5e-05,1,64,1,0.1,lr5e-05_bs16_modL1_fusion64_fusionL1_drop0p1_trmiss80_trlocclin,29,0.3832363535960515,0.6038539807001749,0.7004310344827586,0.7969321924743394,0.6444444444444445,0.0,0.0,0.0,0.0,2002,clin,0.8
5,4,lr5e-05_bs16_modL1_fusion64_fusionL1_drop0p1_trmiss80_trlocclin,16,5e-05,1,64,1,0.1,lr5e-05_bs16_modL1_fusion64_fusionL1_drop0p1_trmiss80_trlocclin,30,0.367832953731219,0.6003990570704142,0.6939655172413792,0.7945159362407589,0.6666666666666666,0.0,0.0,0.0,0.0,2002,clin,0.8
5,4,lr5e-05_bs16_modL1_fusion64_fusionL1_drop0p1_trmiss80_trlocclin,16,5e-05,1,64,1,0.1,lr5e-05_bs16_modL1_fusion64_fusionL1_drop0p1_trmiss80_trlocclin,31,0.3748602742950122,0.6013053059577942,0.6982758620689655,0.8083108752286094,0.6444444444444445,0.0,0.0,0.0,0.0,2002,clin,0.8
5,4,lr5e-05_bs16_modL1_fusion64_fusionL1_drop0p1_trmiss80_trlocclin,16,5e-05,1,64,1,0.1,lr5e-05_bs16_modL1_fusion64_fusionL1_drop0p1_trmiss80_trlocclin,32,0.35924409329891205,0.6091387867927551,0.6918103448275863,0.8105616221444476,0.6444444444444445,0.0,0.0,0.0,0.0,2002,clin,0.8
5,4,lr5e-05_bs16_modL1_fusion64_fusionL1_drop0p1_trmiss80_trlocclin,16,5e-05,1,64,1,0.1,lr5e-05_bs16_modL1_fusion64_fusionL1_drop0p1_trmiss80_trlocclin,33,0.3483872984846433,0.6072586973508199,0.6875,0.811634030918098,0.6222222222222222,0.0,0.0,0.0,0.0,2002,clin,0.8
5,4,lr5e-05_bs16_modL1_fusion64_fusionL1_drop0p1_trmiss80_trlocclin,16,5e-05,1,64,1,0.1,lr5e-05_bs16_modL1_fusion64_fusionL1_drop0p1_trmiss80_trlocclin,34,0.3949770505229632,0.6002004345258077,0.7025862068965517,0.808594645941393,0.6444444444444445,0.0,0.0,0.0,0.0,2002,clin,0.8
5,4,lr5e-05_bs16_modL1_fusion64_fusionL1_drop0p1_trmiss80_trlocclin,16,5e-05,1,64,1,0.1,lr5e-05_bs16_modL1_fusion64_fusionL1_drop0p1_trmiss80_trlocclin,35,0.34403732667366665,0.6053792834281921,0.6918103448275862,0.7942525086276614,0.6222222222222222,0.0,0.0,0.0,0.0,2002,clin,0.8
5,4,lr5e-05_bs16_modL1_fusion64_fusionL1_drop0p1_trmiss80_trlocclin,16,5e-05,1,64,1,0.1,lr5e-05_bs16_modL1_fusion64_fusionL1_drop0p1_trmiss80_trlocclin,36,0.36376457909742993,0.6080896457036337,0.6810344827586208,0.7895204083352162,0.6222222222222222,0.0,0.0,0.0,0.0,2002,clin,0.8
5,4,lr5e-05_bs16_modL1_fusion64_fusionL1_drop0p1_trmiss80_trlocclin,16,5e-05,1,64,1,0.1,lr5e-05_bs16_modL1_fusion64_fusionL1_drop0p1_trmiss80_trlocclin,37,0.35208799690008163,0.6156283020973206,0.6853448275862069,0.7916331485145461,0.6444444444444445,0.0,0.0,0.0,0.0,2002,clin,0.8
5,4,lr5e-05_bs16_modL1_fusion64_fusionL1_drop0p1_trmiss80_trlocclin,16,5e-05,1,64,1,0.1,lr5e-05_bs16_modL1_fusion64_fusionL1_drop0p1_trmiss80_trlocclin,38,0.3439246440927188,0.6121450066566467,0.6788793103448276,0.7871745439752008,0.6666666666666666,0.0,0.0,0.0,0.0,2002,clin,0.8
5,4,lr5e-05_bs16_modL1_fusion64_fusionL1_drop0p1_trmiss80_trlocclin,16,5e-05,1,64,1,0.1,lr5e-05_bs16_modL1_fusion64_fusionL1_drop0p1_trmiss80_trlocclin,39,0.33614086359739304,0.606641411781311,0.6875,0.7915858316777321,0.6666666666666666,0.0,0.0,0.0,0.0,2002,clin,0.8
5,4,lr5e-05_bs16_modL1_fusion64_fusionL1_drop0p1_trmiss80_trlocclin,16,5e-05,1,64,1,0.1,lr5e-05_bs16_modL1_fusion64_fusionL1_drop0p1_trmiss80_trlocclin,40,0.34876515219608945,0.603125254313151,0.6961206896551724,0.8025309551794264,0.6444444444444445,0.0,0.0,0.0,0.0,2002,clin,0.8
5,4,lr5e-05_bs16_modL1_fusion64_fusionL1_drop0p1_trmiss80_trlocclin,16,5e-05,1,64,1,0.1,lr5e-05_bs16_modL1_fusion64_fusionL1_drop0p1_trmiss80_trlocclin,41,0.3544224202632904,0.6138986547787985,0.6810344827586207,0.7892599411298736,0.6444444444444445,0.0,0.0,0.0,0.0,2002,clin,0.8
5,4,lr5e-05_bs16_modL1_fusion64_fusionL1_drop0p1_trmiss80_trlocclin,16,5e-05,1,64,1,0.1,lr5e-05_bs16_modL1_fusion64_fusionL1_drop0p1_trmiss80_trlocclin,42,0.3554307321707408,0.6119868954022726,0.6831896551724138,0.7961305690913272,0.6666666666666666,0.0,0.0,0.0,0.0,2002,clin,0.8
5,4,lr5e-05_bs16_modL1_fusion64_fusionL1_drop0p1_trmiss80_trlocclin,16,5e-05,1,64,1,0.1,lr5e-05_bs16_modL1_fusion64_fusionL1_drop0p1_trmiss80_trlocclin,43,0.3350692515571912,0.6133966048558553,0.6788793103448275,0.7939401010499136,0.6666666666666666,0.0,0.0,0.0,0.0,2002,clin,0.8
5,4,lr5e-05_bs16_modL1_fusion64_fusionL1_drop0p1_trmiss80_trlocclin,16,5e-05,1,64,1,0.1,lr5e-05_bs16_modL1_fusion64_fusionL1_drop0p1_trmiss80_trlocclin,44,0.3347557956973712,0.6099318464597067,0.6875,0.7883296793657418,0.7111111111111111,0.0,0.0,0.0,0.0,2002,clin,0.8
5,4,lr1e-04_bs16_modL1_fusion32_fusionL1_drop0p2_trmiss80_trlocclin,16,0.0001,1,32,1,0.2,lr1e-04_bs16_modL1_fusion32_fusionL1_drop0p2_trmiss80_trlocclin,1,0.7472928613424301,0.6950718959172567,0.5883620689655173,0.7035955207170568,0.4666666666666667,0.0,0.0,0.0,0.0,2002,clin,0.8
5,4,lr1e-04_bs16_modL1_fusion32_fusionL1_drop0p2_trmiss80_trlocclin,16,0.0001,1,32,1,0.2,lr1e-04_bs16_modL1_fusion32_fusionL1_drop0p2_trmiss80_trlocclin,2,0.6823656509319941,0.6975003878275553,0.5646551724137931,0.7001996254811169,0.4666666666666667,0.0,0.0,0.0,0.0,2002,clin,0.8
5,4,lr1e-04_bs16_modL1_fusion32_fusionL1_drop0p2_trmiss80_trlocclin,16,0.0001,1,32,1,0.2,lr1e-04_bs16_modL1_fusion32_fusionL1_drop0p2_trmiss80_trlocclin,3,0.6548179984092712,0.6914258201917013,0.6077586206896552,0.6975589106360274,0.4888888888888889,0.0,0.0,0.0,0.0,2002,clin,0.8
5,4,lr1e-04_bs16_modL1_fusion32_fusionL1_drop0p2_trmiss80_trlocclin,16,0.0001,1,32,1,0.2,lr1e-04_bs16_modL1_fusion32_fusionL1_drop0p2_trmiss80_trlocclin,4,0.6220618238051733,0.6910098195075989,0.5948275862068966,0.6778076127477572,0.5333333333333333,0.0,0.0,0.0,0.0,2002,clin,0.8
5,4,lr1e-04_bs16_modL1_fusion32_fusionL1_drop0p2_trmiss80_trlocclin,16,0.0001,1,32,1,0.2,lr1e-04_bs16_modL1_fusion32_fusionL1_drop0p2_trmiss80_trlocclin,5,0.613182415564855,0.6840988198916117,0.603448275862069,0.6830829970673684,0.6222222222222222,0.0,0.0,0.0,0.0,2002,clin,0.8
5,4,lr1e-04_bs16_modL1_fusion32_fusionL1_drop0p2_trmiss80_trlocclin,16,0.0001,1,32,1,0.2,lr1e-04_bs16_modL1_fusion32_fusionL1_drop0p2_trmiss80_trlocclin,6,0.5876236359278361,0.6811750133832296,0.6293103448275863,0.6995775877494603,0.6,0.0,0.0,0.0,0.0,2002,clin,0.8
5,4,lr1e-04_bs16_modL1_fusion32_fusionL1_drop0p2_trmiss80_trlocclin,16,0.0001,1,32,1,0.2,lr1e-04_bs16_modL1_fusion32_fusionL1_drop0p2_trmiss80_trlocclin,7,0.5990280335148176,0.6826807657877604,0.6228448275862069,0.7112673648310137,0.5777777777777777,0.0,0.0,0.0,0.0,2002,clin,0.8
5,4,lr1e-04_bs16_modL1_fusion32_fusionL1_drop0p2_trmiss80_trlocclin,16,0.0001,1,32,1,0.2,lr1e-04_bs16_modL1_fusion32_fusionL1_drop0p2_trmiss80_trlocclin,8,0.559951551258564,0.6795253157615662,0.5991379310344828,0.6941044221980815,0.5777777777777777,0.0,0.0,0.0,0.0,2002,clin,0.8
5,4,lr1e-04_bs16_modL1_fusion32_fusionL1_drop0p2_trmiss80_trlocclin,16,0.0001,1,32,1,0.2,lr1e-04_bs16_modL1_fusion32_fusionL1_drop0p2_trmiss80_trlocclin,9,0.546672485768795,0.6767370700836182,0.6056034482758621,0.6986261720052661,0.5777777777777777,0.0,0.0,0.0,0.0,2002,clin,0.8
5,4,lr1e-04_bs16_modL1_fusion32_fusionL1_drop0p2_trmiss80_trlocclin,16,0.0001,1,32,1,0.2,lr1e-04_bs16_modL1_fusion32_fusionL1_drop0p2_trmiss80_trlocclin,10,0.5485071142514547,0.6625762383143107,0.6336206896551724,0.7240547478569479,0.5777777777777777,0.0,0.0,0.0,0.0,2002,clin,0.8
5,4,lr1e-04_bs16_modL1_fusion32_fusionL1_drop0p2_trmiss80_trlocclin,16,0.0001,1,32,1,0.2,lr1e-04_bs16_modL1_fusion32_fusionL1_drop0p2_trmiss80_trlocclin,11,0.5322833408912023,0.6513398885726929,0.6767241379310345,0.7590954491890536,0.6444444444444445,0.0,0.0,0.0,0.0,2002,clin,0.8
5,4,lr1e-04_bs16_modL1_fusion32_fusionL1_drop0p2_trmiss80_trlocclin,16,0.0001,1,32,1,0.2,lr1e-04_bs16_modL1_fusion32_fusionL1_drop0p2_trmiss80_trlocclin,12,0.5313999305168787,0.6600809892018636,0.6379310344827587,0.7123622493342775,0.6222222222222222,0.0,0.0,0.0,0.0,2002,clin,0.8
5,4,lr1e-04_bs16_modL1_fusion32_fusionL1_drop0p2_trmiss80_trlocclin,16,0.0001,1,32,1,0.2,lr1e-04_bs16_modL1_fusion32_fusionL1_drop0p2_trmiss80_trlocclin,13,0.5021589398384094,0.6623256603876749,0.625,0.7252482267834391,0.6222222222222222,0.0,0.0,0.0,0.0,2002,clin,0.8
5,4,lr1e-04_bs16_modL1_fusion32_fusionL1_drop0p2_trmiss80_trlocclin,16,0.0001,1,32,1,0.2,lr1e-04_bs16_modL1_fusion32_fusionL1_drop0p2_trmiss80_trlocclin,14,0.501649205883344,0.656012217203776,0.6357758620689655,0.735221997137189,0.6444444444444445,0.0,0.0,0.0,0.0,2002,clin,0.8
5,4,lr1e-04_bs16_modL1_fusion32_fusionL1_drop0p2_trmiss80_trlocclin,16,0.0001,1,32,1,0.2,lr1e-04_bs16_modL1_fusion32_fusionL1_drop0p2_trmiss80_trlocclin,15,0.48100633919239044,0.6513134837150574,0.6443965517241379,0.7421190557240301,0.6222222222222222,0.0,0.0,0.0,0.0,2002,clin,0.8
5,4,lr1e-04_bs16_modL1_fusion32_fusionL1_drop0p2_trmiss80_trlocclin,16,0.0001,1,32,1,0.2,lr1e-04_bs16_modL1_fusion32_fusionL1_drop0p2_trmiss80_trlocclin,16,0.4979773436983426,0.6423412958780924,0.6745689655172414,0.7595612603206162,0.6222222222222222,0.0,0.0,0.0,0.0,2002,clin,0.8
5,4,lr1e-04_bs16_modL1_fusion32_fusionL1_drop0p2_trmiss80_trlocclin,16,0.0001,1,32,1,0.2,lr1e-04_bs16_modL1_fusion32_fusionL1_drop0p2_trmiss80_trlocclin,17,0.47515346854925156,0.6494894226392111,0.6637931034482758,0.758874734516395,0.6222222222222222,0.0,0.0,0.0,0.0,2002,clin,0.8
5,4,lr1e-04_bs16_modL1_fusion32_fusionL1_drop0p2_trmiss80_trlocclin,16,0.0001,1,32,1,0.2,lr1e-04_bs16_modL1_fusion32_fusionL1_drop0p2_trmiss80_trlocclin,18,0.4536108871301015,0.6505953669548035,0.6530172413793103,0.7494917870030786,0.6,0.0,0.0,0.0,0.0,2002,clin,0.8
5,4,lr1e-04_bs16_modL1_fusion32_fusionL1_drop0p2_trmiss80_trlocclin,16,0.0001,1,32,1,0.2,lr1e-04_bs16_modL1_fusion32_fusionL1_drop0p2_trmiss80_trlocclin,19,0.4411814361810684,0.6495810151100159,0.6487068965517242,0.7285436090237738,0.6444444444444445,0.0,0.0,0.0,0.0,2002,clin,0.8
5,4,lr1e-04_bs16_modL1_fusion32_fusionL1_drop0p2_trmiss80_trlocclin,16,0.0001,1,32,1,0.2,lr1e-04_bs16_modL1_fusion32_fusionL1_drop0p2_trmiss80_trlocclin,20,0.4328745827078819,0.6476050416628519,0.6530172413793104,0.7302726997044516,0.6222222222222222,0.0,0.0,0.0,0.0,2002,clin,0.8
5,4,lr1e-04_bs16_modL1_fusion32_fusionL1_drop0p2_trmiss80_trlocclin,16,0.0001,1,32,1,0.2,lr1e-04_bs16_modL1_fusion32_fusionL1_drop0p2_trmiss80_trlocclin,21,0.43293821314970654,0.6452709635098776,0.6357758620689655,0.7328456884179881,0.6222222222222222,0.0,0.0,0.0,0.0,2002,clin,0.8
5,4,lr1e-04_bs16_modL1_fusion32_fusionL1_drop0p2_trmiss80_trlocclin,16,0.0001,1,32,1,0.2,lr1e-04_bs16_modL1_fusion32_fusionL1_drop0p2_trmiss80_trlocclin,22,0.44911140700181323,0.647689680258433,0.6400862068965517,0.7466630354370137,0.6444444444444445,0.0,0.0,0.0,0.0,2002,clin,0.8
5,4,lr1e-04_bs16_modL1_fusion32_fusionL1_drop0p2_trmiss80_trlocclin,16,0.0001,1,32,1,0.2,lr1e-04_bs16_modL1_fusion32_fusionL1_drop0p2_trmiss80_trlocclin,23,0.3944987157980601,0.6426673928896586,0.6422413793103448,0.7505501847869579,0.6444444444444445,0.0,0.0,0.0,0.0,2002,clin,0.8
5,4,lr1e-04_bs16_modL1_fusion32_fusionL1_drop0p2_trmiss80_trlocclin,16,0.0001,1,32,1,0.2,lr1e-04_bs16_modL1_fusion32_fusionL1_drop0p2_trmiss80_trlocclin,24,0.4144480650623639,0.6436737577120463,0.6400862068965517,0.7446761456557393,0.6222222222222222,0.0,0.0,0.0,0.0,2002,clin,0.8
5,4,lr1e-04_bs16_modL1_fusion32_fusionL1_drop0p2_trmiss80_trlocclin,16,0.0001,1,32,1,0.2,lr1e-04_bs16_modL1_fusion32_fusionL1_drop0p2_trmiss80_trlocclin,25,0.4056765337785085,0.6473868489265442,0.6508620689655172,0.7576199081887515,0.5777777777777777,0.0,0.0,0.0,0.0,2002,clin,0.8
5,4,lr1e-04_bs16_modL1_fusion32_fusionL1_drop0p2_trmiss80_trlocclin,16,0.0001,1,32,1,0.2,lr1e-04_bs16_modL1_fusion32_fusionL1_drop0p2_trmiss80_trlocclin,26,0.4097965235511462,0.641323188940684,0.646551724137931,0.7591517564808695,0.6,0.0,0.0,0.0,0.0,2002,clin,0.8
5,4,lr1e-04_bs16_modL1_fusion32_fusionL1_drop0p2_trmiss80_trlocclin,16,0.0001,1,32,1,0.2,lr1e-04_bs16_modL1_fusion32_fusionL1_drop0p2_trmiss80_trlocclin,27,0.37989161908626556,0.6462854345639547,0.6400862068965517,0.7470588373584609,0.5777777777777777,0.0,0.0,0.0,0.0,2002,clin,0.8
5,4,lr1e-04_bs16_modL1_fusion32_fusionL1_drop0p2_trmiss80_trlocclin,16,0.0001,1,32,1,0.2,lr1e-04_bs16_modL1_fusion32_fusionL1_drop0p2_trmiss80_trlocclin,28,0.40598248938719433,0.6450027028719584,0.6443965517241379,0.7506977404028337,0.5777777777777777,0.0,0.0,0.0,0.0,2002,clin,0.8
5,4,lr1e-04_bs16_modL1_fusion32_fusionL1_drop0p2_trmiss80_trlocclin,16,0.0001,1,32,1,0.2,lr1e-04_bs16_modL1_fusion32_fusionL1_drop0p2_trmiss80_trlocclin,29,0.38269201417764026,0.6386534770329794,0.646551724137931,0.7519127673398539,0.6,0.0,0.0,0.0,0.0,2002,clin,0.8
5,4,lr1e-04_bs16_modL1_fusion32_fusionL1_drop0p2_trmiss80_trlocclin,16,0.0001,1,32,1,0.2,lr1e-04_bs16_modL1_fusion32_fusionL1_drop0p2_trmiss80_trlocclin,30,0.38323724766572315,0.6352248589197794,0.6551724137931034,0.7649540127312854,0.6222222222222222,0.0,0.0,0.0,0.0,2002,clin,0.8
5,4,lr1e-04_bs16_modL1_fusion32_fusionL1_drop0p2_trmiss80_trlocclin,16,0.0001,1,32,1,0.2,lr1e-04_bs16_modL1_fusion32_fusionL1_drop0p2_trmiss80_trlocclin,31,0.3801570013165474,0.6393205126126608,0.6530172413793104,0.7644670995251067,0.5777777777777777,0.0,0.0,0.0,0.0,2002,clin,0.8
5,4,lr1e-04_bs16_modL1_fusion32_fusionL1_drop0p1_trmiss80_trlocclin,16,0.0001,1,32,1,0.1,lr1e-04_bs16_modL1_fusion32_fusionL1_drop0p1_trmiss80_trlocclin,1,0.6686136325200399,0.6867219607035319,0.4547413793103448,0.6625371558787354,0.5333333333333333,0.0,0.0,0.0,0.0,2002,clin,0.8
5,4,lr1e-04_bs16_modL1_fusion32_fusionL1_drop0p1_trmiss80_trlocclin,16,0.0001,1,32,1,0.1,lr1e-04_bs16_modL1_fusion32_fusionL1_drop0p1_trmiss80_trlocclin,2,0.6071579307317734,0.6853543122609457,0.48275862068965514,0.6640590830877544,0.5555555555555556,0.0,0.0,0.0,0.0,2002,clin,0.8
5,4,lr1e-04_bs16_modL1_fusion32_fusionL1_drop0p1_trmiss80_trlocclin,16,0.0001,1,32,1,0.1,lr1e-04_bs16_modL1_fusion32_fusionL1_drop0p1_trmiss80_trlocclin,3,0.5804097056388855,0.6830485661824545,0.47629310344827586,0.6446765283473432,0.5555555555555556,0.0,0.0,0.0,0.0,2002,clin,0.8
5,4,lr1e-04_bs16_modL1_fusion32_fusionL1_drop0p1_trmiss80_trlocclin,16,0.0001,1,32,1,0.1,lr1e-04_bs16_modL1_fusion32_fusionL1_drop0p1_trmiss80_trlocclin,4,0.5663050885001818,0.6814864873886108,0.49568965517241376,0.6521640208974515,0.5777777777777777,0.0,0.0,0.0,0.0,2002,clin,0.8
5,4,lr1e-04_bs16_modL1_fusion32_fusionL1_drop0p1_trmiss80_trlocclin,16,0.0001,1,32,1,0.1,lr1e-04_bs16_modL1_fusion32_fusionL1_drop0p1_trmiss80_trlocclin,5,0.5356046433250109,0.6665606300036112,0.5323275862068966,0.6890745569061394,0.6,0.0,0.0,0.0,0.0,2002,clin,0.8
5,4,lr1e-04_bs16_modL1_fusion32_fusionL1_drop0p1_trmiss80_trlocclin,16,0.0001,1,32,1,0.1,lr1e-04_bs16_modL1_fusion32_fusionL1_drop0p1_trmiss80_trlocclin,6,0.5282000203927358,0.6643362641334534,0.5258620689655172,0.6896383850767038,0.6444444444444445,0.0,0.0,0.0,0.0,2002,clin,0.8
5,4,lr1e-04_bs16_modL1_fusion32_fusionL1_drop0p1_trmiss80_trlocclin,16,0.0001,1,32,1,0.1,lr1e-04_bs16_modL1_fusion32_fusionL1_drop0p1_trmiss80_trlocclin,7,0.5308001637458801,0.6598503192265829,0.5431034482758621,0.7103398424788127,0.6222222222222222,0.0,0.0,0.0,0.0,2002,clin,0.8
5,4,lr1e-04_bs16_modL1_fusion32_fusionL1_drop0p1_trmiss80_trlocclin,16,0.0001,1,32,1,0.1,lr1e-04_bs16_modL1_fusion32_fusionL1_drop0p1_trmiss80_trlocclin,8,0.5088031242291132,0.6646095911661783,0.5387931034482759,0.6748632687548666,0.6444444444444445,0.0,0.0,0.0,0.0,2002,clin,0.8
5,4,lr1e-04_bs16_modL1_fusion32_fusionL1_drop0p1_trmiss80_trlocclin,16,0.0001,1,32,1,0.1,lr1e-04_bs16_modL1_fusion32_fusionL1_drop0p1_trmiss80_trlocclin,9,0.488828773299853,0.6659176150957743,0.5495689655172413,0.6916861723514067,0.5555555555555556,0.0,0.0,0.0,0.0,2002,clin,0.8
5,4,lr1e-04_bs16_modL1_fusion32_fusionL1_drop0p1_trmiss80_trlocclin,16,0.0001,1,32,1,0.1,lr1e-04_bs16_modL1_fusion32_fusionL1_drop0p1_trmiss80_trlocclin,10,0.4900601804256439,0.6620048880577087,0.5452586206896552,0.6765503519176901,0.6444444444444445,0.0,0.0,0.0,0.0,2002,clin,0.8
5,4,lr1e-04_bs16_modL1_fusion32_fusionL1_drop0p1_trmiss80_trlocclin,16,0.0001,1,32,1,0.1,lr1e-04_bs16_modL1_fusion32_fusionL1_drop0p1_trmiss80_trlocclin,11,0.4653173213203748,0.6589969595273336,0.584051724137931,0.6955208978360793,0.6444444444444445,0.0,0.0,0.0,0.0,2002,clin,0.8
5,4,lr1e-04_bs16_modL1_fusion32_fusionL1_drop0p1_trmiss80_trlocclin,16,0.0001,1,32,1,0.1,lr1e-04_bs16_modL1_fusion32_fusionL1_drop0p1_trmiss80_trlocclin,12,0.4553311839699745,0.6654393672943115,0.5689655172413793,0.6866578066570715,0.6444444444444445,0.0,0.0,0.0,0.0,2002,clin,0.8
5,4,lr1e-04_bs16_modL1_fusion32_fusionL1_drop0p1_trmiss80_trlocclin,16,0.0001,1,32,1,0.1,lr1e-04_bs16_modL1_fusion32_fusionL1_drop0p1_trmiss80_trlocclin,13,0.4353312129775683,0.6547343333562216,0.5926724137931034,0.6992932762080819,0.6444444444444445,0.0,0.0,0.0,0.0,2002,clin,0.8
5,4,lr1e-04_bs16_modL1_fusion32_fusionL1_drop0p1_trmiss80_trlocclin,16,0.0001,1,32,1,0.1,lr1e-04_bs16_modL1_fusion32_fusionL1_drop0p1_trmiss80_trlocclin,14,0.44397908200820285,0.6571301817893982,0.5948275862068966,0.6963006194876638,0.6444444444444445,0.0,0.0,0.0,0.0,2002,clin,0.8
5,4,lr1e-04_bs16_modL1_fusion32_fusionL1_drop0p1_trmiss80_trlocclin,16,0.0001,1,32,1,0.1,lr1e-04_bs16_modL1_fusion32_fusionL1_drop0p1_trmiss80_trlocclin,15,0.42187656213839847,0.6671896378199259,0.5711206896551724,0.6867668892879548,0.6,0.0,0.0,0.0,0.0,2002,clin,0.8
5,4,lr1e-04_bs16_modL1_fusion32_fusionL1_drop0p1_trmiss80_trlocclin,16,0.0001,1,32,1,0.1,lr1e-04_bs16_modL1_fusion32_fusionL1_drop0p1_trmiss80_trlocclin,16,0.4317927236358325,0.6698766549428304,0.5625,0.6827775536289924,0.6,0.0,0.0,0.0,0.0,2002,clin,0.8
5,4,lr1e-04_bs16_modL1_fusion32_fusionL1_drop0p1_trmiss80_trlocclin,16,0.0001,1,32,1,0.1,lr1e-04_bs16_modL1_fusion32_fusionL1_drop0p1_trmiss80_trlocclin,17,0.416835255920887,0.6650203466415405,0.5452586206896552,0.6705581681430215,0.6444444444444445,0.0,0.0,0.0,0.0,2002,clin,0.8
5,4,lr1e-04_bs16_modL1_fusion32_fusionL1_drop0p1_trmiss80_trlocclin,16,0.0001,1,32,1,0.1,lr1e-04_bs16_modL1_fusion32_fusionL1_drop0p1_trmiss80_trlocclin,18,0.3832881649335225,0.6500361164410909,0.5625,0.6809031843595814,0.6888888888888889,0.0,0.0,0.0,0.0,2002,clin,0.8
5,4,lr1e-04_bs16_modL1_fusion32_fusionL1_drop0p1_trmiss80_trlocclin,16,0.0001,1,32,1,0.1,lr1e-04_bs16_modL1_fusion32_fusionL1_drop0p1_trmiss80_trlocclin,19,0.39212243755658466,0.6513594587643942,0.5948275862068965,0.6948347137371087,0.7333333333333333,0.0,0.0,0.0,0.0,2002,clin,0.8
5,4,lr1e-04_bs16_modL1_fusion32_fusionL1_drop0p1_trmiss80_trlocclin,16,0.0001,1,32,1,0.1,lr1e-04_bs16_modL1_fusion32_fusionL1_drop0p1_trmiss80_trlocclin,20,0.3830690135558446,0.6620146632194519,0.5711206896551724,0.6783340829413826,0.6888888888888889,0.0,0.0,0.0,0.0,2002,clin,0.8
5,4,lr1e-04_bs16_modL1_fusion32_fusionL1_drop0p1_trmiss80_trlocclin,16,0.0001,1,32,1,0.1,lr1e-04_bs16_modL1_fusion32_fusionL1_drop0p1_trmiss80_trlocclin,21,0.35880302886168164,0.6626479824384054,0.5689655172413793,0.6747563320431413,0.6888888888888889,0.0,0.0,0.0,0.0,2002,clin,0.8
5,4,lr1e-04_bs16_modL1_fusion32_fusionL1_drop0p1_trmiss80_trlocclin,16,0.0001,1,32,1,0.1,lr1e-04_bs16_modL1_fusion32_fusionL1_drop0p1_trmiss80_trlocclin,22,0.36493197828531265,0.6513556838035583,0.5905172413793103,0.6861697374931559,0.7555555555555555,0.0,0.0,0.0,0.0,2002,clin,0.8
5,4,lr1e-04_bs16_modL1_fusion32_fusionL1_drop0p1_trmiss80_trlocclin,16,0.0001,1,32,1,0.1,lr1e-04_bs16_modL1_fusion32_fusionL1_drop0p1_trmiss80_trlocclin,23,0.36013823995987576,0.6603169838587443,0.6077586206896552,0.7046961250425094,0.5777777777777777,0.0,0.0,0.0,0.0,2002,clin,0.8
5,4,lr1e-04_bs16_modL1_fusion32_fusionL1_drop0p1_trmiss80_trlocclin,16,0.0001,1,32,1,0.1,lr1e-04_bs16_modL1_fusion32_fusionL1_drop0p1_trmiss80_trlocclin,24,0.33934243271748227,0.647172768910726,0.603448275862069,0.6980821333086795,0.7333333333333333,0.0,0.0,0.0,0.0,2002,clin,0.8
5,4,lr1e-04_bs16_modL1_fusion32_fusionL1_drop0p1_trmiss80_trlocclin,16,0.0001,1,32,1,0.1,lr1e-04_bs16_modL1_fusion32_fusionL1_drop0p1_trmiss80_trlocclin,25,0.3362843816479047,0.6443627874056498,0.6056034482758621,0.7119525332869359,0.6888888888888889,0.0,0.0,0.0,0.0,2002,clin,0.8
5,4,lr1e-04_bs16_modL1_fusion32_fusionL1_drop0p1_trmiss80_trlocclin,16,0.0001,1,32,1,0.1,lr1e-04_bs16_modL1_fusion32_fusionL1_drop0p1_trmiss80_trlocclin,26,0.3425187220176061,0.651623547077179,0.5905172413793104,0.6866637579962509,0.6888888888888889,0.0,0.0,0.0,0.0,2002,clin,0.8
5,4,lr1e-04_bs16_modL1_fusion32_fusionL1_drop0p1_trmiss80_trlocclin,16,0.0001,1,32,1,0.1,lr1e-04_bs16_modL1_fusion32_fusionL1_drop0p1_trmiss80_trlocclin,27,0.3350641553600629,0.6557567318280538,0.603448275862069,0.6947089732158673,0.6666666666666666,0.0,0.0,0.0,0.0,2002,clin,0.8
5,4,lr1e-04_bs16_modL1_fusion32_fusionL1_drop0p1_trmiss80_trlocclin,16,0.0001,1,32,1,0.1,lr1e-04_bs16_modL1_fusion32_fusionL1_drop0p1_trmiss80_trlocclin,28,0.32501961290836334,0.6523909767468771,0.5991379310344828,0.6919898837346357,0.6666666666666666,0.0,0.0,0.0,0.0,2002,clin,0.8
5,4,lr1e-04_bs16_modL1_fusion32_fusionL1_drop0p1_trmiss80_trlocclin,16,0.0001,1,32,1,0.1,lr1e-04_bs16_modL1_fusion32_fusionL1_drop0p1_trmiss80_trlocclin,29,0.2994987890124321,0.6610141595204672,0.5948275862068966,0.6857998029134841,0.6444444444444445,0.0,0.0,0.0,0.0,2002,clin,0.8
5,4,lr1e-04_bs16_modL1_fusion32_fusionL1_drop0p1_trmiss80_trlocclin,16,0.0001,1,32,1,0.1,lr1e-04_bs16_modL1_fusion32_fusionL1_drop0p1_trmiss80_trlocclin,30,0.2976827472448349,0.6581189235051473,0.603448275862069,0.6867835260136111,0.6222222222222222,0.0,0.0,0.0,0.0,2002,clin,0.8
5,4,lr1e-04_bs16_modL1_fusion32_fusionL1_drop0p1_trmiss80_trlocclin,16,0.0001,1,32,1,0.1,lr1e-04_bs16_modL1_fusion32_fusionL1_drop0p1_trmiss80_trlocclin,31,0.2863198642929395,0.6719790498415629,0.5775862068965517,0.6746200804039709,0.6444444444444445,0.0,0.0,0.0,0.0,2002,clin,0.8
5,4,lr1e-04_bs16_modL1_fusion32_fusionL1_drop0p1_trmiss80_trlocclin,16,0.0001,1,32,1,0.1,lr1e-04_bs16_modL1_fusion32_fusionL1_drop0p1_trmiss80_trlocclin,32,0.3018832430243492,0.6743951638539633,0.5818965517241379,0.6706525854839838,0.5777777777777777,0.0,0.0,0.0,0.0,2002,clin,0.8
5,4,lr1e-04_bs16_modL1_fusion32_fusionL1_drop0p1_trmiss80_trlocclin,16,0.0001,1,32,1,0.1,lr1e-04_bs16_modL1_fusion32_fusionL1_drop0p1_trmiss80_trlocclin,33,0.27659103895227116,0.6726216077804565,0.5862068965517242,0.6794058592405299,0.5777777777777777,0.0,0.0,0.0,0.0,2002,clin,0.8
5,4,lr1e-04_bs16_modL1_fusion32_fusionL1_drop0p1_trmiss80_trlocclin,16,0.0001,1,32,1,0.1,lr1e-04_bs16_modL1_fusion32_fusionL1_drop0p1_trmiss80_trlocclin,34,0.2745399971803029,0.6763057112693787,0.5775862068965517,0.6749572846162691,0.5777777777777777,0.0,0.0,0.0,0.0,2002,clin,0.8
5,4,lr1e-04_bs16_modL1_fusion32_fusionL1_drop0p1_trmiss80_trlocclin,16,0.0001,1,32,1,0.1,lr1e-04_bs16_modL1_fusion32_fusionL1_drop0p1_trmiss80_trlocclin,35,0.27782655507326126,0.6736970941225687,0.584051724137931,0.6805258293136704,0.6,0.0,0.0,0.0,0.0,2002,clin,0.8
5,4,lr1e-04_bs16_modL1_fusion32_fusionL1_drop0p1_trmiss80_trlocclin,16,0.0001,1,32,1,0.1,lr1e-04_bs16_modL1_fusion32_fusionL1_drop0p1_trmiss80_trlocclin,36,0.2935067228972912,0.6712811589241028,0.5797413793103449,0.6812039689664017,0.6,0.0,0.0,0.0,0.0,2002,clin,0.8
5,4,lr1e-04_bs16_modL1_fusion32_fusionL1_drop0p1_trmiss80_trlocclin,16,0.0001,1,32,1,0.1,lr1e-04_bs16_modL1_fusion32_fusionL1_drop0p1_trmiss80_trlocclin,37,0.28840335458517075,0.665713349978129,0.6012931034482759,0.6932587171384511,0.5555555555555556,0.0,0.0,0.0,0.0,2002,clin,0.8
5,4,lr1e-04_bs16_modL1_fusion32_fusionL1_drop0p1_trmiss80_trlocclin,16,0.0001,1,32,1,0.1,lr1e-04_bs16_modL1_fusion32_fusionL1_drop0p1_trmiss80_trlocclin,38,0.29444366196791333,0.66242649157842,0.622844827586207,0.7073328964712511,0.6,0.0,0.0,0.0,0.0,2002,clin,0.8
5,4,lr1e-04_bs16_modL1_fusion32_fusionL1_drop0p1_trmiss80_trlocclin,16,0.0001,1,32,1,0.1,lr1e-04_bs16_modL1_fusion32_fusionL1_drop0p1_trmiss80_trlocclin,39,0.2988353793819745,0.6645558476448059,0.6206896551724137,0.7063604414254411,0.5777777777777777,0.0,0.0,0.0,0.0,2002,clin,0.8
5,4,lr1e-04_bs16_modL1_fusion32_fusionL1_drop0p1_trmiss80_trlocclin,16,0.0001,1,32,1,0.1,lr1e-04_bs16_modL1_fusion32_fusionL1_drop0p1_trmiss80_trlocclin,40,0.25724324708183605,0.6549742023150126,0.6099137931034483,0.7044975549290131,0.6444444444444445,0.0,0.0,0.0,0.0,2002,clin,0.8
5,4,lr1e-04_bs16_modL1_fusion32_fusionL1_drop0p1_trmiss80_trlocclin,16,0.0001,1,32,1,0.1,lr1e-04_bs16_modL1_fusion32_fusionL1_drop0p1_trmiss80_trlocclin,41,0.26050107801953953,0.6542569994926453,0.6012931034482758,0.6918920130147277,0.6666666666666666,0.0,0.0,0.0,0.0,2002,clin,0.8
5,4,lr1e-04_bs16_modL1_fusion32_fusionL1_drop0p1_trmiss80_trlocclin,16,0.0001,1,32,1,0.1,lr1e-04_bs16_modL1_fusion32_fusionL1_drop0p1_trmiss80_trlocclin,42,0.2691099966565768,0.6512557665506998,0.6099137931034483,0.698685965799647,0.6444444444444445,0.0,0.0,0.0,0.0,2002,clin,0.8
5,4,lr1e-04_bs16_modL1_fusion32_fusionL1_drop0p1_trmiss80_trlocclin,16,0.0001,1,32,1,0.1,lr1e-04_bs16_modL1_fusion32_fusionL1_drop0p1_trmiss80_trlocclin,43,0.2723074120779832,0.6470746397972107,0.6142241379310345,0.7014149804687296,0.6888888888888889,0.0,0.0,0.0,0.0,2002,clin,0.8
5,4,lr1e-04_bs16_modL1_fusion32_fusionL1_drop0p1_trmiss80_trlocclin,16,0.0001,1,32,1,0.1,lr1e-04_bs16_modL1_fusion32_fusionL1_drop0p1_trmiss80_trlocclin,44,0.2724827714264393,0.6548963785171509,0.6077586206896551,0.6978383137870133,0.6666666666666666,0.0,0.0,0.0,0.0,2002,clin,0.8
5,4,lr1e-04_bs16_modL1_fusion32_fusionL1_drop0p1_trmiss80_trlocclin,16,0.0001,1,32,1,0.1,lr1e-04_bs16_modL1_fusion32_fusionL1_drop0p1_trmiss80_trlocclin,45,0.2684421253701051,0.6530950466791788,0.603448275862069,0.7110628529395442,0.6888888888888889,0.0,0.0,0.0,0.0,2002,clin,0.8
5,4,lr1e-04_bs16_modL1_fusion32_fusionL1_drop0p1_trmiss80_trlocclin,16,0.0001,1,32,1,0.1,lr1e-04_bs16_modL1_fusion32_fusionL1_drop0p1_trmiss80_trlocclin,46,0.26001430427034694,0.6514882445335388,0.6077586206896552,0.713424968511599,0.6666666666666666,0.0,0.0,0.0,0.0,2002,clin,0.8
5,4,lr1e-04_bs16_modL1_fusion32_fusionL1_drop0p1_trmiss80_trlocclin,16,0.0001,1,32,1,0.1,lr1e-04_bs16_modL1_fusion32_fusionL1_drop0p1_trmiss80_trlocclin,47,0.2594601511955261,0.6541085044542948,0.6012931034482759,0.6943026523802874,0.6666666666666666,0.0,0.0,0.0,0.0,2002,clin,0.8
5,4,lr1e-04_bs16_modL1_fusion32_fusionL1_drop0p1_trmiss80_trlocclin,16,0.0001,1,32,1,0.1,lr1e-04_bs16_modL1_fusion32_fusionL1_drop0p1_trmiss80_trlocclin,48,0.26303576678037643,0.6553096572558085,0.6163793103448276,0.7030314000006102,0.6222222222222222,0.0,0.0,0.0,0.0,2002,clin,0.8
5,4,lr1e-04_bs16_modL1_fusion32_fusionL1_drop0p1_trmiss80_trlocclin,16,0.0001,1,32,1,0.1,lr1e-04_bs16_modL1_fusion32_fusionL1_drop0p1_trmiss80_trlocclin,49,0.25135892008741695,0.6534244020779928,0.6120689655172413,0.6987019038420865,0.6444444444444445,0.0,0.0,0.0,0.0,2002,clin,0.8
5,4,lr1e-04_bs16_modL1_fusion32_fusionL1_drop0p1_trmiss80_trlocclin,16,0.0001,1,32,1,0.1,lr1e-04_bs16_modL1_fusion32_fusionL1_drop0p1_trmiss80_trlocclin,50,0.26797842358549434,0.6559796929359436,0.6120689655172413,0.7005103290071323,0.6444444444444445,0.0,0.0,0.0,0.0,2002,clin,0.8
5,4,lr1e-04_bs16_modL1_fusion32_fusionL1_drop0p1_trmiss80_trlocclin,16,0.0001,1,32,1,0.1,lr1e-04_bs16_modL1_fusion32_fusionL1_drop0p1_trmiss80_trlocclin,51,0.26638833185036975,0.655508796374003,0.6163793103448276,0.702076065585951,0.6666666666666666,0.0,0.0,0.0,0.0,2002,clin,0.8
5,4,lr1e-04_bs16_modL1_fusion32_fusionL1_drop0p1_trmiss80_trlocclin,16,0.0001,1,32,1,0.1,lr1e-04_bs16_modL1_fusion32_fusionL1_drop0p1_trmiss80_trlocclin,52,0.26457933833201724,0.6576902071634928,0.603448275862069,0.6965177020326974,0.6222222222222222,0.0,0.0,0.0,0.0,2002,clin,0.8
5,4,lr1e-04_bs16_modL1_fusion32_fusionL1_drop0p1_trmiss80_trlocclin,16,0.0001,1,32,1,0.1,lr1e-04_bs16_modL1_fusion32_fusionL1_drop0p1_trmiss80_trlocclin,53,0.27197565138339996,0.6562576492627462,0.5969827586206897,0.6915968011842455,0.6444444444444445,0.0,0.0,0.0,0.0,2002,clin,0.8
5,4,lr1e-04_bs16_modL1_fusion32_fusionL1_drop0p1_trmiss80_trlocclin,16,0.0001,1,32,1,0.1,lr1e-04_bs16_modL1_fusion32_fusionL1_drop0p1_trmiss80_trlocclin,54,0.24895176788171133,0.6552433371543884,0.603448275862069,0.6941611708475657,0.6444444444444445,0.0,0.0,0.0,0.0,2002,clin,0.8
5,4,lr1e-04_bs16_modL1_fusion32_fusionL1_drop0p1_trmiss80_trlocclin,16,0.0001,1,32,1,0.1,lr1e-04_bs16_modL1_fusion32_fusionL1_drop0p1_trmiss80_trlocclin,55,0.26422445476055145,0.6584147214889526,0.6185344827586207,0.7038667876374405,0.6666666666666666,0.0,0.0,0.0,0.0,2002,clin,0.8
5,4,lr1e-04_bs16_modL1_fusion32_fusionL1_drop0p1_trmiss80_trlocclin,16,0.0001,1,32,1,0.1,lr1e-04_bs16_modL1_fusion32_fusionL1_drop0p1_trmiss80_trlocclin,56,0.266361524661382,0.657697856426239,0.6142241379310345,0.7009408830832902,0.6,0.0,0.0,0.0,0.0,2002,clin,0.8
5,4,lr1e-04_bs16_modL1_fusion32_fusionL1_drop0p1_trmiss80_trlocclin,16,0.0001,1,32,1,0.1,lr1e-04_bs16_modL1_fusion32_fusionL1_drop0p1_trmiss80_trlocclin,57,0.2585061651964982,0.6542766094207764,0.6012931034482759,0.6944211257640158,0.6222222222222222,0.0,0.0,0.0,0.0,2002,clin,0.8
5,4,lr1e-04_bs16_modL1_fusion32_fusionL1_drop0p1_trmiss80_trlocclin,16,0.0001,1,32,1,0.1,lr1e-04_bs16_modL1_fusion32_fusionL1_drop0p1_trmiss80_trlocclin,58,0.25720003123084706,0.6556813915570577,0.5926724137931034,0.6901862773599285,0.6888888888888889,0.0,0.0,0.0,0.0,2002,clin,0.8
5,4,lr1e-04_bs16_modL1_fusion64_fusionL1_drop0p2_trmiss80_trlocclin,16,0.0001,1,64,1,0.2,lr1e-04_bs16_modL1_fusion64_fusionL1_drop0p2_trmiss80_trlocclin,1,0.7512142260869344,0.6912891070048014,0.6681034482758621,0.7997055881153068,0.5111111111111111,0.0,0.0,0.0,0.0,2002,clin,0.8
5,4,lr1e-04_bs16_modL1_fusion64_fusionL1_drop0p2_trmiss80_trlocclin,16,0.0001,1,64,1,0.2,lr1e-04_bs16_modL1_fusion64_fusionL1_drop0p2_trmiss80_trlocclin,2,0.7045685350894928,0.6854483485221863,0.6443965517241379,0.8029421662777989,0.5555555555555556,0.0,0.0,0.0,0.0,2002,clin,0.8
5,4,lr1e-04_bs16_modL1_fusion64_fusionL1_drop0p2_trmiss80_trlocclin,16,0.0001,1,64,1,0.2,lr1e-04_bs16_modL1_fusion64_fusionL1_drop0p2_trmiss80_trlocclin,3,0.6917693714300791,0.6837377945582072,0.6487068965517242,0.8022441908607945,0.5555555555555556,0.0,0.0,0.0,0.0,2002,clin,0.8
5,4,lr1e-04_bs16_modL1_fusion64_fusionL1_drop0p2_trmiss80_trlocclin,16,0.0001,1,64,1,0.2,lr1e-04_bs16_modL1_fusion64_fusionL1_drop0p2_trmiss80_trlocclin,4,0.6518257533510526,0.6743375261624655,0.6702586206896551,0.8224186085220346,0.6,0.0,0.0,0.0,0.0,2002,clin,0.8
5,4,lr1e-04_bs16_modL1_fusion64_fusionL1_drop0p2_trmiss80_trlocclin,16,0.0001,1,64,1,0.2,lr1e-04_bs16_modL1_fusion64_fusionL1_drop0p2_trmiss80_trlocclin,5,0.6391857663790385,0.6756737232208252,0.6573275862068966,0.8211192212556873,0.5555555555555556,0.0,0.0,0.0,0.0,2002,clin,0.8
5,4,lr1e-04_bs16_modL1_fusion64_fusionL1_drop0p2_trmiss80_trlocclin,16,0.0001,1,64,1,0.2,lr1e-04_bs16_modL1_fusion64_fusionL1_drop0p2_trmiss80_trlocclin,6,0.6183124134937922,0.6654839317003886,0.6810344827586207,0.8333912146258988,0.5777777777777777,0.0,0.0,0.0,0.0,2002,clin,0.8
5,4,lr1e-04_bs16_modL1_fusion64_fusionL1_drop0p2_trmiss80_trlocclin,16,0.0001,1,64,1,0.2,lr1e-04_bs16_modL1_fusion64_fusionL1_drop0p2_trmiss80_trlocclin,7,0.5824041813611984,0.6583311359087626,0.7025862068965517,0.8501279907141215,0.6,0.0,0.0,0.0,0.0,2002,clin,0.8
5,4,lr1e-04_bs16_modL1_fusion64_fusionL1_drop0p2_trmiss80_trlocclin,16,0.0001,1,64,1,0.2,lr1e-04_bs16_modL1_fusion64_fusionL1_drop0p2_trmiss80_trlocclin,8,0.597670870522658,0.643251637617747,0.7349137931034484,0.8637289872953902,0.6444444444444445,0.0,0.0,0.0,0.0,2002,clin,0.8
5,4,lr1e-04_bs16_modL1_fusion64_fusionL1_drop0p2_trmiss80_trlocclin,16,0.0001,1,64,1,0.2,lr1e-04_bs16_modL1_fusion64_fusionL1_drop0p2_trmiss80_trlocclin,9,0.5776426245768865,0.6466250022252401,0.7004310344827586,0.8370314925220079,0.5777777777777777,0.0,0.0,0.0,0.0,2002,clin,0.8
5,4,lr1e-04_bs16_modL1_fusion64_fusionL1_drop0p2_trmiss80_trlocclin,16,0.0001,1,64,1,0.2,lr1e-04_bs16_modL1_fusion64_fusionL1_drop0p2_trmiss80_trlocclin,10,0.5623730172713598,0.6604557037353516,0.6594827586206897,0.7873715494148664,0.6222222222222222,0.0,0.0,0.0,0.0,2002,clin,0.8
5,4,lr1e-04_bs16_modL1_fusion64_fusionL1_drop0p2_trmiss80_trlocclin,16,0.0001,1,64,1,0.2,lr1e-04_bs16_modL1_fusion64_fusionL1_drop0p2_trmiss80_trlocclin,11,0.5289003252983093,0.6567282875378927,0.6616379310344828,0.7972109094119038,0.6222222222222222,0.0,0.0,0.0,0.0,2002,clin,0.8
5,4,lr1e-04_bs16_modL1_fusion64_fusionL1_drop0p2_trmiss80_trlocclin,16,0.0001,1,64,1,0.2,lr1e-04_bs16_modL1_fusion64_fusionL1_drop0p2_trmiss80_trlocclin,12,0.5130685120820999,0.6491592526435852,0.665948275862069,0.8020824943341929,0.6222222222222222,0.0,0.0,0.0,0.0,2002,clin,0.8
5,4,lr1e-04_bs16_modL1_fusion64_fusionL1_drop0p2_trmiss80_trlocclin,16,0.0001,1,64,1,0.2,lr1e-04_bs16_modL1_fusion64_fusionL1_drop0p2_trmiss80_trlocclin,13,0.5020650128523508,0.6439318855603536,0.6810344827586207,0.8076211270041167,0.6444444444444445,0.0,0.0,0.0,0.0,2002,clin,0.8
5,4,lr1e-04_bs16_modL1_fusion64_fusionL1_drop0p2_trmiss80_trlocclin,16,0.0001,1,64,1,0.2,lr1e-04_bs16_modL1_fusion64_fusionL1_drop0p2_trmiss80_trlocclin,14,0.4908637578288714,0.6365761558214823,0.6875,0.8157834154944508,0.6444444444444445,0.0,0.0,0.0,0.0,2002,clin,0.8
5,4,lr1e-04_bs16_modL1_fusion64_fusionL1_drop0p2_trmiss80_trlocclin,16,0.0001,1,64,1,0.2,lr1e-04_bs16_modL1_fusion64_fusionL1_drop0p2_trmiss80_trlocclin,15,0.4899575437108676,0.6337685585021973,0.6918103448275862,0.8285612199334325,0.6444444444444445,0.0,0.0,0.0,0.0,2002,clin,0.8
5,4,lr1e-04_bs16_modL1_fusion64_fusionL1_drop0p2_trmiss80_trlocclin,16,0.0001,1,64,1,0.2,lr1e-04_bs16_modL1_fusion64_fusionL1_drop0p2_trmiss80_trlocclin,16,0.45714058975378674,0.6385456720987955,0.6853448275862069,0.8220303556344464,0.6222222222222222,0.0,0.0,0.0,0.0,2002,clin,0.8
5,4,lr1e-04_bs16_modL1_fusion64_fusionL1_drop0p2_trmiss80_trlocclin,16,0.0001,1,64,1,0.2,lr1e-04_bs16_modL1_fusion64_fusionL1_drop0p2_trmiss80_trlocclin,17,0.4409390091896057,0.6279681523640951,0.7004310344827587,0.825184411179283,0.6222222222222222,0.0,0.0,0.0,0.0,2002,clin,0.8
5,4,lr1e-04_bs16_modL1_fusion64_fusionL1_drop0p2_trmiss80_trlocclin,16,0.0001,1,64,1,0.2,lr1e-04_bs16_modL1_fusion64_fusionL1_drop0p2_trmiss80_trlocclin,18,0.4293789317210515,0.6355992754300436,0.6724137931034483,0.8055425491148274,0.6,0.0,0.0,0.0,0.0,2002,clin,0.8
5,4,lr1e-04_bs16_modL1_fusion64_fusionL1_drop0p2_trmiss80_trlocclin,16,0.0001,1,64,1,0.2,lr1e-04_bs16_modL1_fusion64_fusionL1_drop0p2_trmiss80_trlocclin,19,0.41014953702688217,0.6282150348027548,0.6767241379310345,0.8025974778805665,0.6666666666666666,0.0,0.0,0.0,0.0,2002,clin,0.8
5,4,lr1e-04_bs16_modL1_fusion64_fusionL1_drop0p2_trmiss80_trlocclin,16,0.0001,1,64,1,0.2,lr1e-04_bs16_modL1_fusion64_fusionL1_drop0p2_trmiss80_trlocclin,20,0.43706275522708893,0.6330816547075907,0.6810344827586207,0.8105809327561968,0.6666666666666666,0.0,0.0,0.0,0.0,2002,clin,0.8
5,4,lr1e-04_bs16_modL1_fusion64_fusionL1_drop0p2_trmiss80_trlocclin,16,0.0001,1,64,1,0.2,lr1e-04_bs16_modL1_fusion64_fusionL1_drop0p2_trmiss80_trlocclin,21,0.37557076662778854,0.6303842663764954,0.665948275862069,0.8058433839376955,0.6666666666666666,0.0,0.0,0.0,0.0,2002,clin,0.8
5,4,lr1e-04_bs16_modL1_fusion64_fusionL1_drop0p2_trmiss80_trlocclin,16,0.0001,1,64,1,0.2,lr1e-04_bs16_modL1_fusion64_fusionL1_drop0p2_trmiss80_trlocclin,22,0.3732020358244578,0.6202300588289896,0.6896551724137931,0.8203525991310336,0.6888888888888889,0.0,0.0,0.0,0.0,2002,clin,0.8
5,4,lr1e-04_bs16_modL1_fusion64_fusionL1_drop0p2_trmiss80_trlocclin,16,0.0001,1,64,1,0.2,lr1e-04_bs16_modL1_fusion64_fusionL1_drop0p2_trmiss80_trlocclin,23,0.36659300327301025,0.6198399265607198,0.6745689655172413,0.8071615064090447,0.6222222222222222,0.0,0.0,0.0,0.0,2002,clin,0.8
5,4,lr1e-04_bs16_modL1_fusion64_fusionL1_drop0p2_trmiss80_trlocclin,16,0.0001,1,64,1,0.2,lr1e-04_bs16_modL1_fusion64_fusionL1_drop0p2_trmiss80_trlocclin,24,0.358456385632356,0.6180235544840494,0.6724137931034482,0.8112303467832565,0.6444444444444445,0.0,0.0,0.0,0.0,2002,clin,0.8
5,4,lr1e-04_bs16_modL1_fusion64_fusionL1_drop0p2_trmiss80_trlocclin,16,0.0001,1,64,1,0.2,lr1e-04_bs16_modL1_fusion64_fusionL1_drop0p2_trmiss80_trlocclin,25,0.3689269001285235,0.6140051285425822,0.6896551724137931,0.8189478602569877,0.7111111111111111,0.0,0.0,0.0,0.0,2002,clin,0.8
5,4,lr1e-04_bs16_modL1_fusion64_fusionL1_drop0p2_trmiss80_trlocclin,16,0.0001,1,64,1,0.2,lr1e-04_bs16_modL1_fusion64_fusionL1_drop0p2_trmiss80_trlocclin,26,0.3547489419579506,0.6128622690836588,0.6918103448275862,0.819121838157826,0.6444444444444445,0.0,0.0,0.0,0.0,2002,clin,0.8
5,4,lr1e-04_bs16_modL1_fusion64_fusionL1_drop0p2_trmiss80_trlocclin,16,0.0001,1,64,1,0.2,lr1e-04_bs16_modL1_fusion64_fusionL1_drop0p2_trmiss80_trlocclin,27,0.3387554883956909,0.6081469058990479,0.7004310344827587,0.8239591698712101,0.7111111111111111,0.0,0.0,0.0,0.0,2002,clin,0.8
5,4,lr1e-04_bs16_modL1_fusion64_fusionL1_drop0p2_trmiss80_trlocclin,16,0.0001,1,64,1,0.2,lr1e-04_bs16_modL1_fusion64_fusionL1_drop0p2_trmiss80_trlocclin,28,0.3424361248811086,0.6104249954223633,0.6918103448275862,0.8172964944492422,0.6888888888888889,0.0,0.0,0.0,0.0,2002,clin,0.8
5,4,lr1e-04_bs16_modL1_fusion64_fusionL1_drop0p1_trmiss80_trlocclin,16,0.0001,1,64,1,0.1,lr1e-04_bs16_modL1_fusion64_fusionL1_drop0p1_trmiss80_trlocclin,1,0.7248984674612681,0.6896976431210836,0.5474137931034483,0.739663075075359,0.5111111111111111,0.0,0.0,0.0,0.0,2002,clin,0.8
5,4,lr1e-04_bs16_modL1_fusion64_fusionL1_drop0p1_trmiss80_trlocclin,16,0.0001,1,64,1,0.1,lr1e-04_bs16_modL1_fusion64_fusionL1_drop0p1_trmiss80_trlocclin,2,0.6671184649070104,0.6899756987889608,0.5797413793103449,0.7623395347663893,0.5555555555555556,0.0,0.0,0.0,0.0,2002,clin,0.8
5,4,lr1e-04_bs16_modL1_fusion64_fusionL1_drop0p1_trmiss80_trlocclin,16,0.0001,1,64,1,0.1,lr1e-04_bs16_modL1_fusion64_fusionL1_drop0p1_trmiss80_trlocclin,3,0.6304548035065333,0.6830591758092245,0.6206896551724137,0.7890773216011648,0.5777777777777777,0.0,0.0,0.0,0.0,2002,clin,0.8
5,4,lr1e-04_bs16_modL1_fusion64_fusionL1_drop0p1_trmiss80_trlocclin,16,0.0001,1,64,1,0.1,lr1e-04_bs16_modL1_fusion64_fusionL1_drop0p1_trmiss80_trlocclin,4,0.5793481916189194,0.6772653261820475,0.6357758620689654,0.7852859455294392,0.5777777777777777,0.0,0.0,0.0,0.0,2002,clin,0.8
5,4,lr1e-04_bs16_modL1_fusion64_fusionL1_drop0p1_trmiss80_trlocclin,16,0.0001,1,64,1,0.1,lr1e-04_bs16_modL1_fusion64_fusionL1_drop0p1_trmiss80_trlocclin,5,0.5711661875247955,0.661113440990448,0.6637931034482758,0.7959148891293668,0.5333333333333333,0.0,0.0,0.0,0.0,2002,clin,0.8
5,4,lr1e-04_bs16_modL1_fusion64_fusionL1_drop0p1_trmiss80_trlocclin,16,0.0001,1,64,1,0.1,lr1e-04_bs16_modL1_fusion64_fusionL1_drop0p1_trmiss80_trlocclin,6,0.5500849758585294,0.6600691676139832,0.6788793103448276,0.8214676752044654,0.5555555555555556,0.0,0.0,0.0,0.0,2002,clin,0.8
5,4,lr1e-04_bs16_modL1_fusion64_fusionL1_drop0p1_trmiss80_trlocclin,16,0.0001,1,64,1,0.1,lr1e-04_bs16_modL1_fusion64_fusionL1_drop0p1_trmiss80_trlocclin,7,0.5312308743596077,0.66145787636439,0.6788793103448276,0.8381151042994324,0.5555555555555556,0.0,0.0,0.0,0.0,2002,clin,0.8
5,4,lr1e-04_bs16_modL1_fusion64_fusionL1_drop0p1_trmiss80_trlocclin,16,0.0001,1,64,1,0.1,lr1e-04_bs16_modL1_fusion64_fusionL1_drop0p1_trmiss80_trlocclin,8,0.508533368508021,0.6539876858393351,0.6810344827586208,0.8376956370287854,0.6,0.0,0.0,0.0,0.0,2002,clin,0.8
5,4,lr1e-04_bs16_modL1_fusion64_fusionL1_drop0p1_trmiss80_trlocclin,16,0.0001,1,64,1,0.1,lr1e-04_bs16_modL1_fusion64_fusionL1_drop0p1_trmiss80_trlocclin,9,0.4972860589623451,0.6438987255096436,0.6896551724137931,0.8502218604407676,0.6222222222222222,0.0,0.0,0.0,0.0,2002,clin,0.8
5,4,lr1e-04_bs16_modL1_fusion64_fusionL1_drop0p1_trmiss80_trlocclin,16,0.0001,1,64,1,0.1,lr1e-04_bs16_modL1_fusion64_fusionL1_drop0p1_trmiss80_trlocclin,10,0.4725460906823476,0.651614765326182,0.7068965517241379,0.8552880109676997,0.6,0.0,0.0,0.0,0.0,2002,clin,0.8
5,4,lr1e-04_bs16_modL1_fusion64_fusionL1_drop0p1_trmiss80_trlocclin,16,0.0001,1,64,1,0.1,lr1e-04_bs16_modL1_fusion64_fusionL1_drop0p1_trmiss80_trlocclin,11,0.4320116961995761,0.6462716460227966,0.6767241379310345,0.8315005297250393,0.6,0.0,0.0,0.0,0.0,2002,clin,0.8
5,4,lr1e-04_bs16_modL1_fusion64_fusionL1_drop0p1_trmiss80_trlocclin,16,0.0001,1,64,1,0.1,lr1e-04_bs16_modL1_fusion64_fusionL1_drop0p1_trmiss80_trlocclin,12,0.4313616355260213,0.6451084216435751,0.6810344827586208,0.834992789542309,0.6,0.0,0.0,0.0,0.0,2002,clin,0.8
5,4,lr1e-04_bs16_modL1_fusion64_fusionL1_drop0p1_trmiss80_trlocclin,16,0.0001,1,64,1,0.1,lr1e-04_bs16_modL1_fusion64_fusionL1_drop0p1_trmiss80_trlocclin,13,0.4257700468103091,0.6336176991462708,0.689655172413793,0.8341424991181376,0.6444444444444445,0.0,0.0,0.0,0.0,2002,clin,0.8
5,4,lr1e-04_bs16_modL1_fusion64_fusionL1_drop0p1_trmiss80_trlocclin,16,0.0001,1,64,1,0.1,lr1e-04_bs16_modL1_fusion64_fusionL1_drop0p1_trmiss80_trlocclin,14,0.3975054497520129,0.6397842566172282,0.6831896551724138,0.8286958293919984,0.6,0.0,0.0,0.0,0.0,2002,clin,0.8
5,4,lr1e-04_bs16_modL1_fusion64_fusionL1_drop0p1_trmiss80_trlocclin,16,0.0001,1,64,1,0.1,lr1e-04_bs16_modL1_fusion64_fusionL1_drop0p1_trmiss80_trlocclin,15,0.41115885476271313,0.6547208428382874,0.6443965517241379,0.8083565158591166,0.6,0.0,0.0,0.0,0.0,2002,clin,0.8
5,4,lr1e-04_bs16_modL1_fusion64_fusionL1_drop0p1_trmiss80_trlocclin,16,0.0001,1,64,1,0.1,lr1e-04_bs16_modL1_fusion64_fusionL1_drop0p1_trmiss80_trlocclin,16,0.39678487678368884,0.660381813844045,0.6314655172413793,0.7970702771594802,0.6222222222222222,0.0,0.0,0.0,0.0,2002,clin,0.8
5,4,lr1e-04_bs16_modL1_fusion64_fusionL1_drop0p1_trmiss80_trlocclin,16,0.0001,1,64,1,0.1,lr1e-04_bs16_modL1_fusion64_fusionL1_drop0p1_trmiss80_trlocclin,17,0.3608611250917117,0.6522785226504008,0.6271551724137931,0.7939268485097055,0.6444444444444445,0.0,0.0,0.0,0.0,2002,clin,0.8
5,4,lr1e-04_bs16_modL1_fusion64_fusionL1_drop0p1_trmiss80_trlocclin,16,0.0001,1,64,1,0.1,lr1e-04_bs16_modL1_fusion64_fusionL1_drop0p1_trmiss80_trlocclin,18,0.3393771251042684,0.6504889925320944,0.6314655172413792,0.7888778125806235,0.6444444444444445,0.0,0.0,0.0,0.0,2002,clin,0.8
5,4,lr1e-04_bs16_modL1_fusion64_fusionL1_drop0p1_trmiss80_trlocclin,16,0.0001,1,64,1,0.1,lr1e-04_bs16_modL1_fusion64_fusionL1_drop0p1_trmiss80_trlocclin,19,0.33065245548884076,0.6566165884335836,0.6487068965517242,0.8098696014345732,0.6222222222222222,0.0,0.0,0.0,0.0,2002,clin,0.8
5,4,lr1e-04_bs16_modL1_fusion64_fusionL1_drop0p1_trmiss80_trlocclin,16,0.0001,1,64,1,0.1,lr1e-04_bs16_modL1_fusion64_fusionL1_drop0p1_trmiss80_trlocclin,20,0.3324119473497073,0.6594846844673157,0.6293103448275862,0.7951329192045185,0.6444444444444445,0.0,0.0,0.0,0.0,2002,clin,0.8
5,4,lr1e-04_bs16_modL1_fusion64_fusionL1_drop0p1_trmiss80_trlocclin,16,0.0001,1,64,1,0.1,lr1e-04_bs16_modL1_fusion64_fusionL1_drop0p1_trmiss80_trlocclin,21,0.3161087992290656,0.6416234572728475,0.6336206896551724,0.7951402011105437,0.6222222222222222,0.0,0.0,0.0,0.0,2002,clin,0.8
5,4,lr1e-04_bs16_modL1_fusion64_fusionL1_drop0p1_trmiss80_trlocclin,16,0.0001,1,64,1,0.1,lr1e-04_bs16_modL1_fusion64_fusionL1_drop0p1_trmiss80_trlocclin,22,0.30441183348496753,0.6479747494061788,0.6530172413793103,0.8089792001612024,0.6222222222222222,0.0,0.0,0.0,0.0,2002,clin,0.8
5,4,lr1e-04_bs16_modL1_fusion64_fusionL1_drop0p1_trmiss80_trlocclin,16,0.0001,1,64,1,0.1,lr1e-04_bs16_modL1_fusion64_fusionL1_drop0p1_trmiss80_trlocclin,23,0.3066091040770213,0.6375844279925028,0.6724137931034483,0.8154929883577648,0.6222222222222222,0.0,0.0,0.0,0.0,2002,clin,0.8
5,4,lr1e-04_bs16_modL1_fusion64_fusionL1_drop0p1_trmiss80_trlocclin,16,0.0001,1,64,1,0.1,lr1e-04_bs16_modL1_fusion64_fusionL1_drop0p1_trmiss80_trlocclin,24,0.305574460575978,0.63757852713267,0.6422413793103448,0.7997457631585627,0.6444444444444445,0.0,0.0,0.0,0.0,2002,clin,0.8
5,4,lr1e-04_bs16_modL1_fusion64_fusionL1_drop0p1_trmiss80_trlocclin,16,0.0001,1,64,1,0.1,lr1e-04_bs16_modL1_fusion64_fusionL1_drop0p1_trmiss80_trlocclin,25,0.2869802589217822,0.6355363527933756,0.6379310344827586,0.7949328465906527,0.6444444444444445,0.0,0.0,0.0,0.0,2002,clin,0.8
5,4,lr1e-04_bs16_modL1_fusion64_fusionL1_drop0p1_trmiss80_trlocclin,16,0.0001,1,64,1,0.1,lr1e-04_bs16_modL1_fusion64_fusionL1_drop0p1_trmiss80_trlocclin,26,0.2944105764230092,0.6465911865234375,0.6336206896551725,0.7912048127234981,0.6,0.0,0.0,0.0,0.0,2002,clin,0.8
5,4,lr1e-04_bs16_modL1_fusion64_fusionL1_drop0p1_trmiss80_trlocclin,16,0.0001,1,64,1,0.1,lr1e-04_bs16_modL1_fusion64_fusionL1_drop0p1_trmiss80_trlocclin,27,0.2679103724658489,0.6567973891894022,0.6293103448275862,0.7836033045321531,0.6222222222222222,0.0,0.0,0.0,0.0,2002,clin,0.8
5,4,lr1e-04_bs16_modL1_fusion64_fusionL1_drop0p1_trmiss80_trlocclin,16,0.0001,1,64,1,0.1,lr1e-04_bs16_modL1_fusion64_fusionL1_drop0p1_trmiss80_trlocclin,28,0.3021458548804124,0.6597054402033488,0.6530172413793104,0.8038417433679648,0.6222222222222222,0.0,0.0,0.0,0.0,2002,clin,0.8
5,4,lr1e-04_bs16_modL1_fusion64_fusionL1_drop0p1_trmiss80_trlocclin,16,0.0001,1,64,1,0.1,lr1e-04_bs16_modL1_fusion64_fusionL1_drop0p1_trmiss80_trlocclin,29,0.28177053729693097,0.6528045137723287,0.6314655172413793,0.7825262806783597,0.6,0.0,0.0,0.0,0.0,2002,clin,0.8
5,4,lr1e-04_bs16_modL1_fusion64_fusionL1_drop0p1_trmiss80_trlocclin,16,0.0001,1,64,1,0.1,lr1e-04_bs16_modL1_fusion64_fusionL1_drop0p1_trmiss80_trlocclin,30,0.2765196164449056,0.6430809497833252,0.6508620689655172,0.7967880896565389,0.6444444444444445,0.0,0.0,0.0,0.0,2002,clin,0.8
5,4,lr5e-05_bs32_modL1_fusion32_fusionL1_drop0p2_trmiss80_trlocclin,32,5e-05,1,32,1,0.2,lr5e-05_bs32_modL1_fusion32_fusionL1_drop0p2_trmiss80_trlocclin,1,0.7500748038291931,0.7009570598602295,0.5711206896551724,0.74117515790477,0.4888888888888889,0.0,0.0,0.0,0.0,2002,clin,0.8
5,4,lr5e-05_bs32_modL1_fusion32_fusionL1_drop0p2_trmiss80_trlocclin,32,5e-05,1,32,1,0.2,lr5e-05_bs32_modL1_fusion32_fusionL1_drop0p2_trmiss80_trlocclin,2,0.6998147765795389,0.702593207359314,0.5603448275862069,0.7391339458365362,0.5333333333333333,0.0,0.0,0.0,0.0,2002,clin,0.8
5,4,lr5e-05_bs32_modL1_fusion32_fusionL1_drop0p2_trmiss80_trlocclin,32,5e-05,1,32,1,0.2,lr5e-05_bs32_modL1_fusion32_fusionL1_drop0p2_trmiss80_trlocclin,3,0.6810899873574575,0.7068853080272675,0.5754310344827587,0.7408465543871137,0.4888888888888889,0.0,0.0,0.0,0.0,2002,clin,0.8
5,4,lr5e-05_bs32_modL1_fusion32_fusionL1_drop0p2_trmiss80_trlocclin,32,5e-05,1,32,1,0.2,lr5e-05_bs32_modL1_fusion32_fusionL1_drop0p2_trmiss80_trlocclin,4,0.679533044497172,0.7091293334960938,0.5668103448275863,0.7352566445327648,0.4666666666666667,0.0,0.0,0.0,0.0,2002,clin,0.8
5,4,lr5e-05_bs32_modL1_fusion32_fusionL1_drop0p2_trmiss80_trlocclin,32,5e-05,1,32,1,0.2,lr5e-05_bs32_modL1_fusion32_fusionL1_drop0p2_trmiss80_trlocclin,5,0.6699911952018738,0.7113384008407593,0.5560344827586208,0.71975979958679,0.4444444444444444,0.0,0.0,0.0,0.0,2002,clin,0.8
5,4,lr5e-05_bs32_modL1_fusion32_fusionL1_drop0p2_trmiss80_trlocclin,32,5e-05,1,32,1,0.2,lr5e-05_bs32_modL1_fusion32_fusionL1_drop0p2_trmiss80_trlocclin,6,0.652022530635198,0.7072055041790009,0.5625,0.7244273100122681,0.4222222222222222,0.0,0.0,0.0,0.0,2002,clin,0.8
5,4,lr5e-05_bs32_modL1_fusion32_fusionL1_drop0p2_trmiss80_trlocclin,32,5e-05,1,32,1,0.2,lr5e-05_bs32_modL1_fusion32_fusionL1_drop0p2_trmiss80_trlocclin,7,0.63911172747612,0.706941694021225,0.5732758620689655,0.7306830089660692,0.4666666666666667,0.0,0.0,0.0,0.0,2002,clin,0.8
5,4,lr5e-05_bs32_modL1_fusion32_fusionL1_drop0p2_trmiss80_trlocclin,32,5e-05,1,32,1,0.2,lr5e-05_bs32_modL1_fusion32_fusionL1_drop0p2_trmiss80_trlocclin,8,0.6321830451488495,0.709085077047348,0.5689655172413793,0.7283490208639329,0.4444444444444444,0.0,0.0,0.0,0.0,2002,clin,0.8
5,4,lr5e-05_bs32_modL1_fusion32_fusionL1_drop0p2_trmiss80_trlocclin,32,5e-05,1,32,1,0.2,lr5e-05_bs32_modL1_fusion32_fusionL1_drop0p2_trmiss80_trlocclin,9,0.6314490338166555,0.7091226577758789,0.564655172413793,0.727066080954927,0.4666666666666667,0.0,0.0,0.0,0.0,2002,clin,0.8
5,4,lr5e-05_bs32_modL1_fusion32_fusionL1_drop0p2_trmiss80_trlocclin,32,5e-05,1,32,1,0.2,lr5e-05_bs32_modL1_fusion32_fusionL1_drop0p2_trmiss80_trlocclin,10,0.6238344212373098,0.7094054222106934,0.5711206896551724,0.7363202176228567,0.4444444444444444,0.0,0.0,0.0,0.0,2002,clin,0.8
5,4,lr5e-05_bs32_modL1_fusion32_fusionL1_drop0p2_trmiss80_trlocclin,32,5e-05,1,32,1,0.2,lr5e-05_bs32_modL1_fusion32_fusionL1_drop0p2_trmiss80_trlocclin,11,0.6056158343950907,0.7085942029953003,0.5732758620689655,0.7386372185855192,0.4666666666666667,0.0,0.0,0.0,0.0,2002,clin,0.8
5,4,lr5e-05_bs32_modL1_fusion32_fusionL1_drop0p2_trmiss80_trlocclin,32,5e-05,1,32,1,0.2,lr5e-05_bs32_modL1_fusion32_fusionL1_drop0p2_trmiss80_trlocclin,12,0.6163224478562673,0.7066107392311096,0.5711206896551724,0.7397761745820464,0.4888888888888889,0.0,0.0,0.0,0.0,2002,clin,0.8
5,4,lr5e-05_bs32_modL1_fusion32_fusionL1_drop0p2_trmiss80_trlocclin,32,5e-05,1,32,1,0.2,lr5e-05_bs32_modL1_fusion32_fusionL1_drop0p2_trmiss80_trlocclin,13,0.6144780019919077,0.7071926891803741,0.5646551724137931,0.7389551009806907,0.4666666666666667,0.0,0.0,0.0,0.0,2002,clin,0.8
5,4,lr5e-05_bs32_modL1_fusion32_fusionL1_drop0p2_trmiss80_trlocclin,32,5e-05,1,32,1,0.2,lr5e-05_bs32_modL1_fusion32_fusionL1_drop0p2_trmiss80_trlocclin,14,0.5770764847596487,0.7066915929317474,0.5581896551724138,0.7352617023537602,0.4666666666666667,0.0,0.0,0.0,0.0,2002,clin,0.8
5,4,lr5e-05_bs32_modL1_fusion32_fusionL1_drop0p2_trmiss80_trlocclin,32,5e-05,1,32,1,0.2,lr5e-05_bs32_modL1_fusion32_fusionL1_drop0p2_trmiss80_trlocclin,15,0.6096851627031962,0.7053284645080566,0.5517241379310345,0.7290339328976911,0.4222222222222222,0.0,0.0,0.0,0.0,2002,clin,0.8
5,4,lr5e-05_bs32_modL1_fusion32_fusionL1_drop0p2_trmiss80_trlocclin,32,5e-05,1,32,1,0.2,lr5e-05_bs32_modL1_fusion32_fusionL1_drop0p2_trmiss80_trlocclin,16,0.603443463643392,0.7036759257316589,0.5560344827586207,0.731945320080178,0.4666666666666667,0.0,0.0,0.0,0.0,2002,clin,0.8
5,4,lr5e-05_bs32_modL1_fusion32_fusionL1_drop0p2_trmiss80_trlocclin,32,5e-05,1,32,1,0.2,lr5e-05_bs32_modL1_fusion32_fusionL1_drop0p2_trmiss80_trlocclin,17,0.5911899507045746,0.7077272832393646,0.5538793103448276,0.7323199654248385,0.4888888888888889,0.0,0.0,0.0,0.0,2002,clin,0.8
5,4,lr5e-05_bs32_modL1_fusion32_fusionL1_drop0p2_trmiss80_trlocclin,32,5e-05,1,32,1,0.2,lr5e-05_bs32_modL1_fusion32_fusionL1_drop0p2_trmiss80_trlocclin,18,0.5953510055939356,0.7057511806488037,0.5538793103448276,0.7304987213440892,0.4444444444444444,0.0,0.0,0.0,0.0,2002,clin,0.8
5,4,lr5e-05_bs32_modL1_fusion32_fusionL1_drop0p2_trmiss80_trlocclin,32,5e-05,1,32,1,0.2,lr5e-05_bs32_modL1_fusion32_fusionL1_drop0p2_trmiss80_trlocclin,19,0.5920419792334238,0.7041407823562622,0.5495689655172413,0.7289243080636638,0.4444444444444444,0.0,0.0,0.0,0.0,2002,clin,0.8
5,4,lr5e-05_bs32_modL1_fusion32_fusionL1_drop0p2_trmiss80_trlocclin,32,5e-05,1,32,1,0.2,lr5e-05_bs32_modL1_fusion32_fusionL1_drop0p2_trmiss80_trlocclin,20,0.5988270243008932,0.7043621838092804,0.5581896551724138,0.7361454642152345,0.4444444444444444,0.0,0.0,0.0,0.0,2002,clin,0.8
5,4,lr5e-05_bs32_modL1_fusion32_fusionL1_drop0p2_trmiss80_trlocclin,32,5e-05,1,32,1,0.2,lr5e-05_bs32_modL1_fusion32_fusionL1_drop0p2_trmiss80_trlocclin,21,0.5872866014639536,0.7026894688606262,0.5711206896551724,0.7461280965254529,0.4444444444444444,0.0,0.0,0.0,0.0,2002,clin,0.8
5,4,lr5e-05_bs32_modL1_fusion32_fusionL1_drop0p2_trmiss80_trlocclin,32,5e-05,1,32,1,0.2,lr5e-05_bs32_modL1_fusion32_fusionL1_drop0p2_trmiss80_trlocclin,22,0.5921647846698761,0.7048981487751007,0.5538793103448276,0.7311520184910749,0.4666666666666667,0.0,0.0,0.0,0.0,2002,clin,0.8
5,4,lr5e-05_bs32_modL1_fusion32_fusionL1_drop0p2_trmiss80_trlocclin,32,5e-05,1,32,1,0.2,lr5e-05_bs32_modL1_fusion32_fusionL1_drop0p2_trmiss80_trlocclin,23,0.5881702601909637,0.7063990533351898,0.5366379310344828,0.7193849652075857,0.4666666666666667,0.0,0.0,0.0,0.0,2002,clin,0.8
5,4,lr5e-05_bs32_modL1_fusion32_fusionL1_drop0p1_trmiss80_trlocclin,32,5e-05,1,32,1,0.1,lr5e-05_bs32_modL1_fusion32_fusionL1_drop0p1_trmiss80_trlocclin,1,0.694251279036204,0.6971716284751892,0.5689655172413793,0.7171935035370542,0.4666666666666667,0.0,0.0,0.0,0.0,2002,clin,0.8
5,4,lr5e-05_bs32_modL1_fusion32_fusionL1_drop0p1_trmiss80_trlocclin,32,5e-05,1,32,1,0.1,lr5e-05_bs32_modL1_fusion32_fusionL1_drop0p1_trmiss80_trlocclin,2,0.6706328888734182,0.6917151808738708,0.6228448275862069,0.7654467297721584,0.4888888888888889,0.0,0.0,0.0,0.0,2002,clin,0.8
5,4,lr5e-05_bs32_modL1_fusion32_fusionL1_drop0p1_trmiss80_trlocclin,32,5e-05,1,32,1,0.1,lr5e-05_bs32_modL1_fusion32_fusionL1_drop0p1_trmiss80_trlocclin,3,0.6447169184684753,0.6867960691452026,0.6163793103448275,0.7641119725006876,0.5111111111111111,0.0,0.0,0.0,0.0,2002,clin,0.8
5,4,lr5e-05_bs32_modL1_fusion32_fusionL1_drop0p1_trmiss80_trlocclin,32,5e-05,1,32,1,0.1,lr5e-05_bs32_modL1_fusion32_fusionL1_drop0p1_trmiss80_trlocclin,4,0.623027632633845,0.686057984828949,0.625,0.7676155422440532,0.4888888888888889,0.0,0.0,0.0,0.0,2002,clin,0.8
5,4,lr5e-05_bs32_modL1_fusion32_fusionL1_drop0p1_trmiss80_trlocclin,32,5e-05,1,32,1,0.1,lr5e-05_bs32_modL1_fusion32_fusionL1_drop0p1_trmiss80_trlocclin,5,0.6252655386924744,0.6856190860271454,0.6206896551724137,0.7620556896271127,0.4888888888888889,0.0,0.0,0.0,0.0,2002,clin,0.8
5,4,lr5e-05_bs32_modL1_fusion32_fusionL1_drop0p1_trmiss80_trlocclin,32,5e-05,1,32,1,0.1,lr5e-05_bs32_modL1_fusion32_fusionL1_drop0p1_trmiss80_trlocclin,6,0.6012436747550964,0.6885500848293304,0.6120689655172413,0.7513868225366656,0.5111111111111111,0.0,0.0,0.0,0.0,2002,clin,0.8
5,4,lr5e-05_bs32_modL1_fusion32_fusionL1_drop0p1_trmiss80_trlocclin,32,5e-05,1,32,1,0.1,lr5e-05_bs32_modL1_fusion32_fusionL1_drop0p1_trmiss80_trlocclin,7,0.5868194401264191,0.6935591101646423,0.5948275862068966,0.7372811447962783,0.4666666666666667,0.0,0.0,0.0,0.0,2002,clin,0.8
5,4,lr5e-05_bs32_modL1_fusion32_fusionL1_drop0p1_trmiss80_trlocclin,32,5e-05,1,32,1,0.1,lr5e-05_bs32_modL1_fusion32_fusionL1_drop0p1_trmiss80_trlocclin,8,0.5865099529425303,0.6910531222820282,0.5969827586206896,0.7363474651734506,0.4888888888888889,0.0,0.0,0.0,0.0,2002,clin,0.8
5,4,lr5e-05_bs32_modL1_fusion32_fusionL1_drop0p1_trmiss80_trlocclin,32,5e-05,1,32,1,0.1,lr5e-05_bs32_modL1_fusion32_fusionL1_drop0p1_trmiss80_trlocclin,9,0.5663551092147827,0.6876253485679626,0.6056034482758621,0.7416981943044497,0.5111111111111111,0.0,0.0,0.0,0.0,2002,clin,0.8
5,4,lr5e-05_bs32_modL1_fusion32_fusionL1_drop0p1_trmiss80_trlocclin,32,5e-05,1,32,1,0.1,lr5e-05_bs32_modL1_fusion32_fusionL1_drop0p1_trmiss80_trlocclin,10,0.5683877865473429,0.6845118701457977,0.6077586206896551,0.7462170645646854,0.5333333333333333,0.0,0.0,0.0,0.0,2002,clin,0.8
5,4,lr5e-05_bs32_modL1_fusion32_fusionL1_drop0p1_trmiss80_trlocclin,32,5e-05,1,32,1,0.1,lr5e-05_bs32_modL1_fusion32_fusionL1_drop0p1_trmiss80_trlocclin,11,0.5517155031363169,0.6826762855052948,0.6077586206896551,0.7453458792783975,0.5555555555555556,0.0,0.0,0.0,0.0,2002,clin,0.8
5,4,lr5e-05_bs32_modL1_fusion32_fusionL1_drop0p1_trmiss80_trlocclin,32,5e-05,1,32,1,0.1,lr5e-05_bs32_modL1_fusion32_fusionL1_drop0p1_trmiss80_trlocclin,12,0.5411298871040344,0.681867778301239,0.6099137931034483,0.749200666899526,0.5777777777777777,0.0,0.0,0.0,0.0,2002,clin,0.8
5,4,lr5e-05_bs32_modL1_fusion32_fusionL1_drop0p1_trmiss80_trlocclin,32,5e-05,1,32,1,0.1,lr5e-05_bs32_modL1_fusion32_fusionL1_drop0p1_trmiss80_trlocclin,13,0.5362882316112518,0.683628499507904,0.605603448275862,0.7458168702920825,0.5777777777777777,0.0,0.0,0.0,0.0,2002,clin,0.8
5,4,lr5e-05_bs32_modL1_fusion32_fusionL1_drop0p1_trmiss80_trlocclin,32,5e-05,1,32,1,0.1,lr5e-05_bs32_modL1_fusion32_fusionL1_drop0p1_trmiss80_trlocclin,14,0.5271210968494415,0.6784237027168274,0.6228448275862069,0.7557580554655895,0.5777777777777777,0.0,0.0,0.0,0.0,2002,clin,0.8
5,4,lr5e-05_bs32_modL1_fusion32_fusionL1_drop0p1_trmiss80_trlocclin,32,5e-05,1,32,1,0.1,lr5e-05_bs32_modL1_fusion32_fusionL1_drop0p1_trmiss80_trlocclin,15,0.5152681370576223,0.6794609427452087,0.6336206896551724,0.7532623668381594,0.5333333333333333,0.0,0.0,0.0,0.0,2002,clin,0.8
5,4,lr5e-05_bs32_modL1_fusion32_fusionL1_drop0p1_trmiss80_trlocclin,32,5e-05,1,32,1,0.1,lr5e-05_bs32_modL1_fusion32_fusionL1_drop0p1_trmiss80_trlocclin,16,0.5209947476784388,0.6763740479946136,0.6637931034482758,0.7760297196414591,0.5555555555555556,0.0,0.0,0.0,0.0,2002,clin,0.8
5,4,lr5e-05_bs32_modL1_fusion32_fusionL1_drop0p1_trmiss80_trlocclin,32,5e-05,1,32,1,0.1,lr5e-05_bs32_modL1_fusion32_fusionL1_drop0p1_trmiss80_trlocclin,17,0.5066238939762115,0.6749961078166962,0.6681034482758621,0.7774059107692635,0.5555555555555556,0.0,0.0,0.0,0.0,2002,clin,0.8
5,4,lr5e-05_bs32_modL1_fusion32_fusionL1_drop0p1_trmiss80_trlocclin,32,5e-05,1,32,1,0.1,lr5e-05_bs32_modL1_fusion32_fusionL1_drop0p1_trmiss80_trlocclin,18,0.5056689828634262,0.670987606048584,0.689655172413793,0.7963887388038156,0.5555555555555556,0.0,0.0,0.0,0.0,2002,clin,0.8
5,4,lr5e-05_bs32_modL1_fusion32_fusionL1_drop0p1_trmiss80_trlocclin,32,5e-05,1,32,1,0.1,lr5e-05_bs32_modL1_fusion32_fusionL1_drop0p1_trmiss80_trlocclin,19,0.4953293800354004,0.6723355352878571,0.6530172413793103,0.7855872512809281,0.5777777777777777,0.0,0.0,0.0,0.0,2002,clin,0.8
5,4,lr5e-05_bs32_modL1_fusion32_fusionL1_drop0p1_trmiss80_trlocclin,32,5e-05,1,32,1,0.1,lr5e-05_bs32_modL1_fusion32_fusionL1_drop0p1_trmiss80_trlocclin,20,0.48986972371737164,0.6764805912971497,0.646551724137931,0.7767687885202448,0.6,0.0,0.0,0.0,0.0,2002,clin,0.8
5,4,lr5e-05_bs32_modL1_fusion32_fusionL1_drop0p1_trmiss80_trlocclin,32,5e-05,1,32,1,0.1,lr5e-05_bs32_modL1_fusion32_fusionL1_drop0p1_trmiss80_trlocclin,21,0.47433383266131085,0.6787327229976654,0.6616379310344828,0.7634821234811403,0.5777777777777777,0.0,0.0,0.0,0.0,2002,clin,0.8
5,4,lr5e-05_bs32_modL1_fusion32_fusionL1_drop0p1_trmiss80_trlocclin,32,5e-05,1,32,1,0.1,lr5e-05_bs32_modL1_fusion32_fusionL1_drop0p1_trmiss80_trlocclin,22,0.4790840695301692,0.6727686822414398,0.663793103448276,0.7670238444534595,0.5777777777777777,0.0,0.0,0.0,0.0,2002,clin,0.8
5,4,lr5e-05_bs32_modL1_fusion32_fusionL1_drop0p1_trmiss80_trlocclin,32,5e-05,1,32,1,0.1,lr5e-05_bs32_modL1_fusion32_fusionL1_drop0p1_trmiss80_trlocclin,23,0.4700138618548711,0.6698389649391174,0.6788793103448276,0.7785247957219549,0.6,0.0,0.0,0.0,0.0,2002,clin,0.8
5,4,lr5e-05_bs32_modL1_fusion32_fusionL1_drop0p1_trmiss80_trlocclin,32,5e-05,1,32,1,0.1,lr5e-05_bs32_modL1_fusion32_fusionL1_drop0p1_trmiss80_trlocclin,24,0.45262105762958527,0.6660362482070923,0.6788793103448276,0.7751858069860943,0.6,0.0,0.0,0.0,0.0,2002,clin,0.8
5,4,lr5e-05_bs32_modL1_fusion32_fusionL1_drop0p1_trmiss80_trlocclin,32,5e-05,1,32,1,0.1,lr5e-05_bs32_modL1_fusion32_fusionL1_drop0p1_trmiss80_trlocclin,25,0.4614582012097041,0.6598033607006073,0.7090517241379309,0.8012889245096145,0.6,0.0,0.0,0.0,0.0,2002,clin,0.8
5,4,lr5e-05_bs32_modL1_fusion32_fusionL1_drop0p1_trmiss80_trlocclin,32,5e-05,1,32,1,0.1,lr5e-05_bs32_modL1_fusion32_fusionL1_drop0p1_trmiss80_trlocclin,26,0.4431801488002141,0.6577363908290863,0.7068965517241379,0.7998936328506313,0.6,0.0,0.0,0.0,0.0,2002,clin,0.8
5,4,lr5e-05_bs32_modL1_fusion32_fusionL1_drop0p1_trmiss80_trlocclin,32,5e-05,1,32,1,0.1,lr5e-05_bs32_modL1_fusion32_fusionL1_drop0p1_trmiss80_trlocclin,27,0.44375381867090863,0.6617514193058014,0.7068965517241379,0.7980382947152799,0.5777777777777777,0.0,0.0,0.0,0.0,2002,clin,0.8
5,4,lr5e-05_bs32_modL1_fusion32_fusionL1_drop0p1_trmiss80_trlocclin,32,5e-05,1,32,1,0.1,lr5e-05_bs32_modL1_fusion32_fusionL1_drop0p1_trmiss80_trlocclin,28,0.44478804369767505,0.6639752984046936,0.6939655172413792,0.7815858070168075,0.5777777777777777,0.0,0.0,0.0,0.0,2002,clin,0.8
5,4,lr5e-05_bs32_modL1_fusion32_fusionL1_drop0p1_trmiss80_trlocclin,32,5e-05,1,32,1,0.1,lr5e-05_bs32_modL1_fusion32_fusionL1_drop0p1_trmiss80_trlocclin,29,0.44094835718472797,0.6708303391933441,0.6594827586206897,0.7490319693527872,0.6,0.0,0.0,0.0,0.0,2002,clin,0.8
5,4,lr5e-05_bs32_modL1_fusion32_fusionL1_drop0p1_trmiss80_trlocclin,32,5e-05,1,32,1,0.1,lr5e-05_bs32_modL1_fusion32_fusionL1_drop0p1_trmiss80_trlocclin,30,0.43358783423900604,0.6727794706821442,0.6702586206896552,0.7691959062792163,0.6,0.0,0.0,0.0,0.0,2002,clin,0.8
5,4,lr5e-05_bs32_modL1_fusion32_fusionL1_drop0p1_trmiss80_trlocclin,32,5e-05,1,32,1,0.1,lr5e-05_bs32_modL1_fusion32_fusionL1_drop0p1_trmiss80_trlocclin,31,0.42967147131760913,0.6737918555736542,0.6637931034482758,0.7515864265374068,0.6,0.0,0.0,0.0,0.0,2002,clin,0.8
5,4,lr5e-05_bs32_modL1_fusion32_fusionL1_drop0p1_trmiss80_trlocclin,32,5e-05,1,32,1,0.1,lr5e-05_bs32_modL1_fusion32_fusionL1_drop0p1_trmiss80_trlocclin,32,0.4243782212336858,0.6701651811599731,0.6724137931034483,0.7573124991711544,0.5777777777777777,0.0,0.0,0.0,0.0,2002,clin,0.8
5,4,lr5e-05_bs32_modL1_fusion32_fusionL1_drop0p1_trmiss80_trlocclin,32,5e-05,1,32,1,0.1,lr5e-05_bs32_modL1_fusion32_fusionL1_drop0p1_trmiss80_trlocclin,33,0.4157952318588893,0.6687743961811066,0.6724137931034483,0.7602402865291145,0.5777777777777777,0.0,0.0,0.0,0.0,2002,clin,0.8
5,4,lr5e-05_bs32_modL1_fusion32_fusionL1_drop0p1_trmiss80_trlocclin,32,5e-05,1,32,1,0.1,lr5e-05_bs32_modL1_fusion32_fusionL1_drop0p1_trmiss80_trlocclin,34,0.4042456050713857,0.6691445708274841,0.6724137931034482,0.7603480151763968,0.5555555555555556,0.0,0.0,0.0,0.0,2002,clin,0.8
5,4,lr5e-05_bs32_modL1_fusion32_fusionL1_drop0p1_trmiss80_trlocclin,32,5e-05,1,32,1,0.1,lr5e-05_bs32_modL1_fusion32_fusionL1_drop0p1_trmiss80_trlocclin,35,0.4027061810096105,0.6682748794555664,0.6745689655172414,0.7676705328506898,0.5777777777777777,0.0,0.0,0.0,0.0,2002,clin,0.8
5,4,lr5e-05_bs32_modL1_fusion32_fusionL1_drop0p1_trmiss80_trlocclin,32,5e-05,1,32,1,0.1,lr5e-05_bs32_modL1_fusion32_fusionL1_drop0p1_trmiss80_trlocclin,36,0.4148062864939372,0.6693038940429688,0.665948275862069,0.7649895916035053,0.5777777777777777,0.0,0.0,0.0,0.0,2002,clin,0.8
5,4,lr5e-05_bs32_modL1_fusion32_fusionL1_drop0p1_trmiss80_trlocclin,32,5e-05,1,32,1,0.1,lr5e-05_bs32_modL1_fusion32_fusionL1_drop0p1_trmiss80_trlocclin,37,0.39568644265333813,0.6677490174770355,0.665948275862069,0.754500524321511,0.5777777777777777,0.0,0.0,0.0,0.0,2002,clin,0.8
5,4,lr5e-05_bs32_modL1_fusion32_fusionL1_drop0p1_trmiss80_trlocclin,32,5e-05,1,32,1,0.1,lr5e-05_bs32_modL1_fusion32_fusionL1_drop0p1_trmiss80_trlocclin,38,0.40283742050329846,0.6681144833564758,0.6810344827586208,0.7649538386973951,0.5555555555555556,0.0,0.0,0.0,0.0,2002,clin,0.8
5,4,lr5e-05_bs32_modL1_fusion32_fusionL1_drop0p1_trmiss80_trlocclin,32,5e-05,1,32,1,0.1,lr5e-05_bs32_modL1_fusion32_fusionL1_drop0p1_trmiss80_trlocclin,39,0.40787434081236523,0.6681196391582489,0.6788793103448276,0.7636055434902482,0.5555555555555556,0.0,0.0,0.0,0.0,2002,clin,0.8
5,4,lr5e-05_bs32_modL1_fusion32_fusionL1_drop0p1_trmiss80_trlocclin,32,5e-05,1,32,1,0.1,lr5e-05_bs32_modL1_fusion32_fusionL1_drop0p1_trmiss80_trlocclin,40,0.392458771665891,0.6677680313587189,0.6853448275862069,0.7763865366716413,0.5555555555555556,0.0,0.0,0.0,0.0,2002,clin,0.8
5,4,lr5e-05_bs32_modL1_fusion32_fusionL1_drop0p1_trmiss80_trlocclin,32,5e-05,1,32,1,0.1,lr5e-05_bs32_modL1_fusion32_fusionL1_drop0p1_trmiss80_trlocclin,41,0.38811473548412323,0.6678948402404785,0.6853448275862069,0.7763865366716413,0.5555555555555556,0.0,0.0,0.0,0.0,2002,clin,0.8
5,4,lr5e-05_bs32_modL1_fusion32_fusionL1_drop0p1_trmiss80_trlocclin,32,5e-05,1,32,1,0.1,lr5e-05_bs32_modL1_fusion32_fusionL1_drop0p1_trmiss80_trlocclin,42,0.3954436779022217,0.6669140458106995,0.6875,0.7770980856590523,0.5555555555555556,0.0,0.0,0.0,0.0,2002,clin,0.8
5,4,lr5e-05_bs32_modL1_fusion32_fusionL1_drop0p1_trmiss80_trlocclin,32,5e-05,1,32,1,0.1,lr5e-05_bs32_modL1_fusion32_fusionL1_drop0p1_trmiss80_trlocclin,43,0.39667513966560364,0.665393739938736,0.6853448275862069,0.7761567502804224,0.5555555555555556,0.0,0.0,0.0,0.0,2002,clin,0.8
5,4,lr5e-05_bs32_modL1_fusion32_fusionL1_drop0p1_trmiss80_trlocclin,32,5e-05,1,32,1,0.1,lr5e-05_bs32_modL1_fusion32_fusionL1_drop0p1_trmiss80_trlocclin,44,0.3895088732242584,0.6669841110706329,0.6939655172413793,0.780064232386542,0.5555555555555556,0.0,0.0,0.0,0.0,2002,clin,0.8
5,4,lr5e-05_bs32_modL1_fusion32_fusionL1_drop0p1_trmiss80_trlocclin,32,5e-05,1,32,1,0.1,lr5e-05_bs32_modL1_fusion32_fusionL1_drop0p1_trmiss80_trlocclin,45,0.37705114483833313,0.6684564352035522,0.6875,0.7769317411455315,0.5333333333333333,0.0,0.0,0.0,0.0,2002,clin,0.8
5,4,lr5e-05_bs32_modL1_fusion64_fusionL1_drop0p2_trmiss80_trlocclin,32,5e-05,1,64,1,0.2,lr5e-05_bs32_modL1_fusion64_fusionL1_drop0p2_trmiss80_trlocclin,1,0.8170924087365469,0.7237586975097656,0.4245689655172413,0.6328834114520772,0.3333333333333333,0.0,0.0,0.0,0.0,2002,clin,0.8
5,4,lr5e-05_bs32_modL1_fusion64_fusionL1_drop0p2_trmiss80_trlocclin,32,5e-05,1,64,1,0.2,lr5e-05_bs32_modL1_fusion64_fusionL1_drop0p2_trmiss80_trlocclin,2,0.8036398192246755,0.7327167093753815,0.45689655172413796,0.6552433275830476,0.35555555555555557,0.0,0.0,0.0,0.0,2002,clin,0.8
5,4,lr5e-05_bs32_modL1_fusion64_fusionL1_drop0p2_trmiss80_trlocclin,32,5e-05,1,64,1,0.2,lr5e-05_bs32_modL1_fusion64_fusionL1_drop0p2_trmiss80_trlocclin,3,0.7699678142865499,0.7381010949611664,0.49568965517241376,0.6986508380118309,0.35555555555555557,0.0,0.0,0.0,0.0,2002,clin,0.8
5,4,lr5e-05_bs32_modL1_fusion64_fusionL1_drop0p2_trmiss80_trlocclin,32,5e-05,1,64,1,0.2,lr5e-05_bs32_modL1_fusion64_fusionL1_drop0p2_trmiss80_trlocclin,4,0.7602919538815817,0.741354763507843,0.5043103448275862,0.6912050737913303,0.35555555555555557,0.0,0.0,0.0,0.0,2002,clin,0.8
5,4,lr5e-05_bs32_modL1_fusion64_fusionL1_drop0p2_trmiss80_trlocclin,32,5e-05,1,64,1,0.2,lr5e-05_bs32_modL1_fusion64_fusionL1_drop0p2_trmiss80_trlocclin,5,0.7389770845572153,0.7414231300354004,0.5280172413793104,0.7077776125485334,0.35555555555555557,0.0,0.0,0.0,0.0,2002,clin,0.8
5,4,lr5e-05_bs32_modL1_fusion64_fusionL1_drop0p2_trmiss80_trlocclin,32,5e-05,1,64,1,0.2,lr5e-05_bs32_modL1_fusion64_fusionL1_drop0p2_trmiss80_trlocclin,6,0.7386374076207479,0.7402835786342621,0.5538793103448276,0.7204531990608384,0.37777777777777777,0.0,0.0,0.0,0.0,2002,clin,0.8
5,4,lr5e-05_bs32_modL1_fusion64_fusionL1_drop0p2_trmiss80_trlocclin,32,5e-05,1,64,1,0.2,lr5e-05_bs32_modL1_fusion64_fusionL1_drop0p2_trmiss80_trlocclin,7,0.7127912739912668,0.7365705668926239,0.5689655172413793,0.731541720938209,0.37777777777777777,0.0,0.0,0.0,0.0,2002,clin,0.8
5,4,lr5e-05_bs32_modL1_fusion64_fusionL1_drop0p2_trmiss80_trlocclin,32,5e-05,1,64,1,0.2,lr5e-05_bs32_modL1_fusion64_fusionL1_drop0p2_trmiss80_trlocclin,8,0.7002783517042795,0.7332702875137329,0.5668103448275862,0.716898255690314,0.37777777777777777,0.0,0.0,0.0,0.0,2002,clin,0.8
5,4,lr5e-05_bs32_modL1_fusion64_fusionL1_drop0p2_trmiss80_trlocclin,32,5e-05,1,64,1,0.2,lr5e-05_bs32_modL1_fusion64_fusionL1_drop0p2_trmiss80_trlocclin,9,0.7048474053541819,0.7376854121685028,0.584051724137931,0.7238203808694397,0.37777777777777777,0.0,0.0,0.0,0.0,2002,clin,0.8
5,4,lr5e-05_bs32_modL1_fusion64_fusionL1_drop0p2_trmiss80_trlocclin,32,5e-05,1,64,1,0.2,lr5e-05_bs32_modL1_fusion64_fusionL1_drop0p2_trmiss80_trlocclin,10,0.6849057078361511,0.7321314215660095,0.5905172413793103,0.726107590354,0.37777777777777777,0.0,0.0,0.0,0.0,2002,clin,0.8
5,4,lr5e-05_bs32_modL1_fusion64_fusionL1_drop0p2_trmiss80_trlocclin,32,5e-05,1,64,1,0.2,lr5e-05_bs32_modL1_fusion64_fusionL1_drop0p2_trmiss80_trlocclin,11,0.6833781202634176,0.7326651811599731,0.5969827586206896,0.7322619466423621,0.37777777777777777,0.0,0.0,0.0,0.0,2002,clin,0.8
5,4,lr5e-05_bs32_modL1_fusion64_fusionL1_drop0p2_trmiss80_trlocclin,32,5e-05,1,64,1,0.2,lr5e-05_bs32_modL1_fusion64_fusionL1_drop0p2_trmiss80_trlocclin,12,0.6715984642505646,0.7302698791027069,0.6099137931034482,0.7430491923002973,0.35555555555555557,0.0,0.0,0.0,0.0,2002,clin,0.8
5,4,lr5e-05_bs32_modL1_fusion64_fusionL1_drop0p2_trmiss80_trlocclin,32,5e-05,1,64,1,0.2,lr5e-05_bs32_modL1_fusion64_fusionL1_drop0p2_trmiss80_trlocclin,13,0.6755954921245575,0.7258278429508209,0.6163793103448276,0.7436734705707526,0.35555555555555557,0.0,0.0,0.0,0.0,2002,clin,0.8
5,4,lr5e-05_bs32_modL1_fusion64_fusionL1_drop0p2_trmiss80_trlocclin,32,5e-05,1,64,1,0.2,lr5e-05_bs32_modL1_fusion64_fusionL1_drop0p2_trmiss80_trlocclin,14,0.676001767317454,0.7235441207885742,0.6185344827586207,0.7425957973515185,0.35555555555555557,0.0,0.0,0.0,0.0,2002,clin,0.8
5,4,lr5e-05_bs32_modL1_fusion64_fusionL1_drop0p2_trmiss80_trlocclin,32,5e-05,1,64,1,0.2,lr5e-05_bs32_modL1_fusion64_fusionL1_drop0p2_trmiss80_trlocclin,15,0.6491183042526245,0.7189056575298309,0.6293103448275863,0.7592990309800877,0.37777777777777777,0.0,0.0,0.0,0.0,2002,clin,0.8
5,4,lr5e-05_bs32_modL1_fusion64_fusionL1_drop0p2_trmiss80_trlocclin,32,5e-05,1,64,1,0.2,lr5e-05_bs32_modL1_fusion64_fusionL1_drop0p2_trmiss80_trlocclin,16,0.6288184622923533,0.7180019617080688,0.622844827586207,0.7389606098227011,0.37777777777777777,0.0,0.0,0.0,0.0,2002,clin,0.8
5,4,lr5e-05_bs32_modL1_fusion64_fusionL1_drop0p2_trmiss80_trlocclin,32,5e-05,1,64,1,0.2,lr5e-05_bs32_modL1_fusion64_fusionL1_drop0p2_trmiss80_trlocclin,17,0.6509214341640472,0.7189212143421173,0.6293103448275861,0.7497848017501648,0.4,0.0,0.0,0.0,0.0,2002,clin,0.8
5,4,lr5e-05_bs32_modL1_fusion64_fusionL1_drop0p2_trmiss80_trlocclin,32,5e-05,1,64,1,0.2,lr5e-05_bs32_modL1_fusion64_fusionL1_drop0p2_trmiss80_trlocclin,18,0.6385479768117269,0.7170936167240143,0.6379310344827587,0.759995637042136,0.4,0.0,0.0,0.0,0.0,2002,clin,0.8
5,4,lr5e-05_bs32_modL1_fusion64_fusionL1_drop0p2_trmiss80_trlocclin,32,5e-05,1,64,1,0.2,lr5e-05_bs32_modL1_fusion64_fusionL1_drop0p2_trmiss80_trlocclin,19,0.6411825517813364,0.716620147228241,0.6422413793103448,0.7606639292859639,0.4,0.0,0.0,0.0,0.0,2002,clin,0.8
5,4,lr5e-05_bs32_modL1_fusion64_fusionL1_drop0p2_trmiss80_trlocclin,32,5e-05,1,64,1,0.2,lr5e-05_bs32_modL1_fusion64_fusionL1_drop0p2_trmiss80_trlocclin,20,0.6524845957756042,0.7161473631858826,0.6379310344827586,0.756431954364334,0.4,0.0,0.0,0.0,0.0,2002,clin,0.8
5,4,lr5e-05_bs32_modL1_fusion64_fusionL1_drop0p2_trmiss80_trlocclin,32,5e-05,1,64,1,0.2,lr5e-05_bs32_modL1_fusion64_fusionL1_drop0p2_trmiss80_trlocclin,21,0.6501329044500986,0.7180011570453644,0.6379310344827587,0.7609325926270442,0.4,0.0,0.0,0.0,0.0,2002,clin,0.8
5,4,lr5e-05_bs32_modL1_fusion64_fusionL1_drop0p2_trmiss80_trlocclin,32,5e-05,1,64,1,0.2,lr5e-05_bs32_modL1_fusion64_fusionL1_drop0p2_trmiss80_trlocclin,22,0.6402265826861063,0.7205513417720795,0.6357758620689655,0.760957580133291,0.37777777777777777,0.0,0.0,0.0,0.0,2002,clin,0.8
5,4,lr5e-05_bs32_modL1_fusion64_fusionL1_drop0p2_trmiss80_trlocclin,32,5e-05,1,64,1,0.2,lr5e-05_bs32_modL1_fusion64_fusionL1_drop0p2_trmiss80_trlocclin,23,0.6343795756498972,0.7173020541667938,0.6422413793103449,0.7725849816655674,0.4,0.0,0.0,0.0,0.0,2002,clin,0.8
5,4,lr5e-05_bs32_modL1_fusion64_fusionL1_drop0p2_trmiss80_trlocclin,32,5e-05,1,64,1,0.2,lr5e-05_bs32_modL1_fusion64_fusionL1_drop0p2_trmiss80_trlocclin,24,0.6261823276678721,0.7159713208675385,0.6400862068965517,0.7702736914232429,0.4,0.0,0.0,0.0,0.0,2002,clin,0.8
5,4,lr5e-05_bs32_modL1_fusion64_fusionL1_drop0p2_trmiss80_trlocclin,32,5e-05,1,64,1,0.2,lr5e-05_bs32_modL1_fusion64_fusionL1_drop0p2_trmiss80_trlocclin,25,0.6134850780169169,0.7154869735240936,0.6443965517241379,0.7723732107417896,0.4,0.0,0.0,0.0,0.0,2002,clin,0.8
5,4,lr5e-05_bs32_modL1_fusion64_fusionL1_drop0p2_trmiss80_trlocclin,32,5e-05,1,64,1,0.2,lr5e-05_bs32_modL1_fusion64_fusionL1_drop0p2_trmiss80_trlocclin,26,0.6280655066172282,0.715399980545044,0.6551724137931034,0.7772202360461857,0.4,0.0,0.0,0.0,0.0,2002,clin,0.8
5,4,lr5e-05_bs32_modL1_fusion64_fusionL1_drop0p2_trmiss80_trlocclin,32,5e-05,1,64,1,0.2,lr5e-05_bs32_modL1_fusion64_fusionL1_drop0p2_trmiss80_trlocclin,27,0.626459538936615,0.7122410833835602,0.6551724137931034,0.7727110722605741,0.4222222222222222,0.0,0.0,0.0,0.0,2002,clin,0.8
5,4,lr5e-05_bs32_modL1_fusion64_fusionL1_drop0p2_trmiss80_trlocclin,32,5e-05,1,64,1,0.2,lr5e-05_bs32_modL1_fusion64_fusionL1_drop0p2_trmiss80_trlocclin,28,0.6386892199516296,0.7142590284347534,0.6487068965517241,0.777667239399976,0.4,0.0,0.0,0.0,0.0,2002,clin,0.8
5,4,lr5e-05_bs32_modL1_fusion64_fusionL1_drop0p2_trmiss80_trlocclin,32,5e-05,1,64,1,0.2,lr5e-05_bs32_modL1_fusion64_fusionL1_drop0p2_trmiss80_trlocclin,29,0.6164735853672028,0.7080070674419403,0.6508620689655172,0.7725076228519745,0.4222222222222222,0.0,0.0,0.0,0.0,2002,clin,0.8
5,4,lr5e-05_bs32_modL1_fusion64_fusionL1_drop0p2_trmiss80_trlocclin,32,5e-05,1,64,1,0.2,lr5e-05_bs32_modL1_fusion64_fusionL1_drop0p2_trmiss80_trlocclin,30,0.6420974334081014,0.7062119543552399,0.6637931034482758,0.7814081662773986,0.4222222222222222,0.0,0.0,0.0,0.0,2002,clin,0.8
5,4,lr5e-05_bs32_modL1_fusion64_fusionL1_drop0p2_trmiss80_trlocclin,32,5e-05,1,64,1,0.2,lr5e-05_bs32_modL1_fusion64_fusionL1_drop0p2_trmiss80_trlocclin,31,0.6060788830121359,0.7070583701133728,0.6573275862068965,0.7736949991575378,0.4,0.0,0.0,0.0,0.0,2002,clin,0.8
5,4,lr5e-05_bs32_modL1_fusion64_fusionL1_drop0p2_trmiss80_trlocclin,32,5e-05,1,64,1,0.2,lr5e-05_bs32_modL1_fusion64_fusionL1_drop0p2_trmiss80_trlocclin,32,0.5959743658701578,0.7103067636489868,0.6616379310344828,0.7786703423580225,0.4222222222222222,0.0,0.0,0.0,0.0,2002,clin,0.8
5,4,lr5e-05_bs32_modL1_fusion64_fusionL1_drop0p2_trmiss80_trlocclin,32,5e-05,1,64,1,0.2,lr5e-05_bs32_modL1_fusion64_fusionL1_drop0p2_trmiss80_trlocclin,33,0.6049069762229919,0.7090701758861542,0.6616379310344828,0.775740499675677,0.4222222222222222,0.0,0.0,0.0,0.0,2002,clin,0.8
5,4,lr5e-05_bs32_modL1_fusion64_fusionL1_drop0p2_trmiss80_trlocclin,32,5e-05,1,64,1,0.2,lr5e-05_bs32_modL1_fusion64_fusionL1_drop0p2_trmiss80_trlocclin,34,0.6079583068688711,0.7100616693496704,0.6573275862068966,0.777263243807963,0.4222222222222222,0.0,0.0,0.0,0.0,2002,clin,0.8
5,4,lr5e-05_bs32_modL1_fusion64_fusionL1_drop0p2_trmiss80_trlocclin,32,5e-05,1,64,1,0.2,lr5e-05_bs32_modL1_fusion64_fusionL1_drop0p2_trmiss80_trlocclin,35,0.6086954176425934,0.7092805206775665,0.6551724137931034,0.7750487404605584,0.4444444444444444,0.0,0.0,0.0,0.0,2002,clin,0.8
5,4,lr5e-05_bs32_modL1_fusion64_fusionL1_drop0p2_trmiss80_trlocclin,32,5e-05,1,64,1,0.2,lr5e-05_bs32_modL1_fusion64_fusionL1_drop0p2_trmiss80_trlocclin,36,0.5978389084339142,0.7118847668170929,0.6594827586206896,0.7762721366989471,0.4222222222222222,0.0,0.0,0.0,0.0,2002,clin,0.8
5,4,lr5e-05_bs32_modL1_fusion64_fusionL1_drop0p2_trmiss80_trlocclin,32,5e-05,1,64,1,0.2,lr5e-05_bs32_modL1_fusion64_fusionL1_drop0p2_trmiss80_trlocclin,37,0.6163720687230428,0.7125555276870728,0.6573275862068966,0.7683896781740266,0.4222222222222222,0.0,0.0,0.0,0.0,2002,clin,0.8
5,4,lr5e-05_bs32_modL1_fusion64_fusionL1_drop0p2_trmiss80_trlocclin,32,5e-05,1,64,1,0.2,lr5e-05_bs32_modL1_fusion64_fusionL1_drop0p2_trmiss80_trlocclin,38,0.5932954947153727,0.7106120586395264,0.6530172413793103,0.7739575779949361,0.4222222222222222,0.0,0.0,0.0,0.0,2002,clin,0.8
5,4,lr5e-05_bs32_modL1_fusion64_fusionL1_drop0p2_trmiss80_trlocclin,32,5e-05,1,64,1,0.2,lr5e-05_bs32_modL1_fusion64_fusionL1_drop0p2_trmiss80_trlocclin,39,0.5856592456499735,0.7106359899044037,0.646551724137931,0.7540364869531555,0.37777777777777777,0.0,0.0,0.0,0.0,2002,clin,0.8
5,4,lr5e-05_bs32_modL1_fusion64_fusionL1_drop0p2_trmiss80_trlocclin,32,5e-05,1,64,1,0.2,lr5e-05_bs32_modL1_fusion64_fusionL1_drop0p2_trmiss80_trlocclin,40,0.6080347994963328,0.7070766091346741,0.6530172413793103,0.7601173175056212,0.4,0.0,0.0,0.0,0.0,2002,clin,0.8
5,4,lr5e-05_bs32_modL1_fusion64_fusionL1_drop0p2_trmiss80_trlocclin,32,5e-05,1,64,1,0.2,lr5e-05_bs32_modL1_fusion64_fusionL1_drop0p2_trmiss80_trlocclin,41,0.6129335761070251,0.7065201997756958,0.6487068965517241,0.7634726770762199,0.4,0.0,0.0,0.0,0.0,2002,clin,0.8
5,4,lr5e-05_bs32_modL1_fusion64_fusionL1_drop0p2_trmiss80_trlocclin,32,5e-05,1,64,1,0.2,lr5e-05_bs32_modL1_fusion64_fusionL1_drop0p2_trmiss80_trlocclin,42,0.6108087499936422,0.7102750241756439,0.6573275862068966,0.7748107339231755,0.4444444444444444,0.0,0.0,0.0,0.0,2002,clin,0.8
5,4,lr5e-05_bs32_modL1_fusion64_fusionL1_drop0p2_trmiss80_trlocclin,32,5e-05,1,64,1,0.2,lr5e-05_bs32_modL1_fusion64_fusionL1_drop0p2_trmiss80_trlocclin,43,0.6038550436496735,0.7087975442409515,0.6551724137931034,0.7736238273764489,0.4222222222222222,0.0,0.0,0.0,0.0,2002,clin,0.8
5,4,lr5e-05_bs32_modL1_fusion64_fusionL1_drop0p2_trmiss80_trlocclin,32,5e-05,1,64,1,0.2,lr5e-05_bs32_modL1_fusion64_fusionL1_drop0p2_trmiss80_trlocclin,44,0.599353700876236,0.7041903138160706,0.6530172413793103,0.7723971679788748,0.4,0.0,0.0,0.0,0.0,2002,clin,0.8
5,4,lr5e-05_bs32_modL1_fusion64_fusionL1_drop0p2_trmiss80_trlocclin,32,5e-05,1,64,1,0.2,lr5e-05_bs32_modL1_fusion64_fusionL1_drop0p2_trmiss80_trlocclin,45,0.5851315061251322,0.7058155834674835,0.6487068965517242,0.7695784956103797,0.4,0.0,0.0,0.0,0.0,2002,clin,0.8
5,4,lr5e-05_bs32_modL1_fusion64_fusionL1_drop0p2_trmiss80_trlocclin,32,5e-05,1,64,1,0.2,lr5e-05_bs32_modL1_fusion64_fusionL1_drop0p2_trmiss80_trlocclin,46,0.574169397354126,0.7075558304786682,0.6379310344827586,0.7562562825387681,0.4,0.0,0.0,0.0,0.0,2002,clin,0.8
5,4,lr5e-05_bs32_modL1_fusion64_fusionL1_drop0p2_trmiss80_trlocclin,32,5e-05,1,64,1,0.2,lr5e-05_bs32_modL1_fusion64_fusionL1_drop0p2_trmiss80_trlocclin,47,0.5802071293195089,0.7071157097816467,0.6422413793103449,0.7519482183169108,0.4,0.0,0.0,0.0,0.0,2002,clin,0.8
5,4,lr5e-05_bs32_modL1_fusion64_fusionL1_drop0p2_trmiss80_trlocclin,32,5e-05,1,64,1,0.2,lr5e-05_bs32_modL1_fusion64_fusionL1_drop0p2_trmiss80_trlocclin,48,0.5964073439439138,0.7063055038452148,0.646551724137931,0.7616479044901335,0.4,0.0,0.0,0.0,0.0,2002,clin,0.8
5,4,lr5e-05_bs32_modL1_fusion64_fusionL1_drop0p2_trmiss80_trlocclin,32,5e-05,1,64,1,0.2,lr5e-05_bs32_modL1_fusion64_fusionL1_drop0p2_trmiss80_trlocclin,49,0.587090015411377,0.7053742110729218,0.6422413793103449,0.7534875627925283,0.4,0.0,0.0,0.0,0.0,2002,clin,0.8
5,4,lr5e-05_bs32_modL1_fusion64_fusionL1_drop0p2_trmiss80_trlocclin,32,5e-05,1,64,1,0.2,lr5e-05_bs32_modL1_fusion64_fusionL1_drop0p2_trmiss80_trlocclin,50,0.5955085555712382,0.7033166289329529,0.6422413793103449,0.7636695753803145,0.4,0.0,0.0,0.0,0.0,2002,clin,0.8
5,4,lr5e-05_bs32_modL1_fusion64_fusionL1_drop0p1_trmiss80_trlocclin,32,5e-05,1,64,1,0.1,lr5e-05_bs32_modL1_fusion64_fusionL1_drop0p1_trmiss80_trlocclin,1,0.6962506870428721,0.6939203441143036,0.4806034482758621,0.6847280982571198,0.4888888888888889,0.0,0.0,0.0,0.0,2002,clin,0.8
5,4,lr5e-05_bs32_modL1_fusion64_fusionL1_drop0p1_trmiss80_trlocclin,32,5e-05,1,64,1,0.1,lr5e-05_bs32_modL1_fusion64_fusionL1_drop0p1_trmiss80_trlocclin,2,0.6565320491790771,0.6904832720756531,0.5107758620689655,0.7268615186104471,0.5333333333333333,0.0,0.0,0.0,0.0,2002,clin,0.8
5,4,lr5e-05_bs32_modL1_fusion64_fusionL1_drop0p1_trmiss80_trlocclin,32,5e-05,1,64,1,0.1,lr5e-05_bs32_modL1_fusion64_fusionL1_drop0p1_trmiss80_trlocclin,3,0.6304162939389547,0.6857698857784271,0.5474137931034483,0.7331641368690872,0.5111111111111111,0.0,0.0,0.0,0.0,2002,clin,0.8
5,4,lr5e-05_bs32_modL1_fusion64_fusionL1_drop0p1_trmiss80_trlocclin,32,5e-05,1,64,1,0.1,lr5e-05_bs32_modL1_fusion64_fusionL1_drop0p1_trmiss80_trlocclin,4,0.6161698897679647,0.6790381669998169,0.5775862068965517,0.7487312920517967,0.5333333333333333,0.0,0.0,0.0,0.0,2002,clin,0.8
5,4,lr5e-05_bs32_modL1_fusion64_fusionL1_drop0p1_trmiss80_trlocclin,32,5e-05,1,64,1,0.1,lr5e-05_bs32_modL1_fusion64_fusionL1_drop0p1_trmiss80_trlocclin,5,0.6033975183963776,0.6735596060752869,0.5905172413793104,0.7413282639518337,0.5555555555555556,0.0,0.0,0.0,0.0,2002,clin,0.8
5,4,lr5e-05_bs32_modL1_fusion64_fusionL1_drop0p1_trmiss80_trlocclin,32,5e-05,1,64,1,0.1,lr5e-05_bs32_modL1_fusion64_fusionL1_drop0p1_trmiss80_trlocclin,6,0.5939070483048757,0.6691195964813232,0.603448275862069,0.7573074258633151,0.5555555555555556,0.0,0.0,0.0,0.0,2002,clin,0.8
5,4,lr5e-05_bs32_modL1_fusion64_fusionL1_drop0p1_trmiss80_trlocclin,32,5e-05,1,64,1,0.1,lr5e-05_bs32_modL1_fusion64_fusionL1_drop0p1_trmiss80_trlocclin,7,0.5588692426681519,0.6673431992530823,0.6056034482758621,0.7544157526572709,0.5555555555555556,0.0,0.0,0.0,0.0,2002,clin,0.8
5,4,lr5e-05_bs32_modL1_fusion64_fusionL1_drop0p1_trmiss80_trlocclin,32,5e-05,1,64,1,0.1,lr5e-05_bs32_modL1_fusion64_fusionL1_drop0p1_trmiss80_trlocclin,8,0.5492183168729147,0.6641553640365601,0.6077586206896551,0.7658226722449276,0.6222222222222222,0.0,0.0,0.0,0.0,2002,clin,0.8
5,4,lr5e-05_bs32_modL1_fusion64_fusionL1_drop0p1_trmiss80_trlocclin,32,5e-05,1,64,1,0.1,lr5e-05_bs32_modL1_fusion64_fusionL1_drop0p1_trmiss80_trlocclin,9,0.5583447515964508,0.6606467366218567,0.6142241379310345,0.7659660508568653,0.6,0.0,0.0,0.0,0.0,2002,clin,0.8
5,4,lr5e-05_bs32_modL1_fusion64_fusionL1_drop0p1_trmiss80_trlocclin,32,5e-05,1,64,1,0.1,lr5e-05_bs32_modL1_fusion64_fusionL1_drop0p1_trmiss80_trlocclin,10,0.5602548718452454,0.6590751707553864,0.6120689655172414,0.7671180968105671,0.6222222222222222,0.0,0.0,0.0,0.0,2002,clin,0.8
5,4,lr5e-05_bs32_modL1_fusion64_fusionL1_drop0p1_trmiss80_trlocclin,32,5e-05,1,64,1,0.1,lr5e-05_bs32_modL1_fusion64_fusionL1_drop0p1_trmiss80_trlocclin,11,0.5302040676275889,0.6572344303131104,0.6163793103448276,0.7682906796030533,0.6222222222222222,0.0,0.0,0.0,0.0,2002,clin,0.8
5,4,lr5e-05_bs32_modL1_fusion64_fusionL1_drop0p1_trmiss80_trlocclin,32,5e-05,1,64,1,0.1,lr5e-05_bs32_modL1_fusion64_fusionL1_drop0p1_trmiss80_trlocclin,12,0.5156960189342499,0.658791184425354,0.6185344827586208,0.7739468963327194,0.6222222222222222,0.0,0.0,0.0,0.0,2002,clin,0.8
5,4,lr5e-05_bs32_modL1_fusion64_fusionL1_drop0p1_trmiss80_trlocclin,32,5e-05,1,64,1,0.1,lr5e-05_bs32_modL1_fusion64_fusionL1_drop0p1_trmiss80_trlocclin,13,0.5309871137142181,0.6633209586143494,0.6120689655172414,0.7742571702680989,0.6,0.0,0.0,0.0,0.0,2002,clin,0.8
5,4,lr5e-05_bs32_modL1_fusion64_fusionL1_drop0p1_trmiss80_trlocclin,32,5e-05,1,64,1,0.1,lr5e-05_bs32_modL1_fusion64_fusionL1_drop0p1_trmiss80_trlocclin,14,0.5200425138076147,0.6638728380203247,0.6120689655172414,0.7754715578529199,0.6,0.0,0.0,0.0,0.0,2002,clin,0.8
5,4,lr5e-05_bs32_modL1_fusion64_fusionL1_drop0p1_trmiss80_trlocclin,32,5e-05,1,64,1,0.1,lr5e-05_bs32_modL1_fusion64_fusionL1_drop0p1_trmiss80_trlocclin,15,0.4873165637254715,0.6632255017757416,0.6228448275862069,0.7763409641018806,0.6222222222222222,0.0,0.0,0.0,0.0,2002,clin,0.8
5,4,lr5e-05_bs32_modL1_fusion64_fusionL1_drop0p1_trmiss80_trlocclin,32,5e-05,1,64,1,0.1,lr5e-05_bs32_modL1_fusion64_fusionL1_drop0p1_trmiss80_trlocclin,16,0.4791636715332667,0.6634489595890045,0.6056034482758621,0.7675688476190724,0.5555555555555556,0.0,0.0,0.0,0.0,2002,clin,0.8
5,4,lr5e-05_bs32_modL1_fusion64_fusionL1_drop0p1_trmiss80_trlocclin,32,5e-05,1,64,1,0.1,lr5e-05_bs32_modL1_fusion64_fusionL1_drop0p1_trmiss80_trlocclin,17,0.47419197857379913,0.6619702577590942,0.6077586206896551,0.7750491265889996,0.5555555555555556,0.0,0.0,0.0,0.0,2002,clin,0.8
5,4,lr5e-05_bs32_modL1_fusion64_fusionL1_drop0p1_trmiss80_trlocclin,32,5e-05,1,64,1,0.1,lr5e-05_bs32_modL1_fusion64_fusionL1_drop0p1_trmiss80_trlocclin,18,0.47349458932876587,0.6606918275356293,0.6142241379310345,0.7818559537536625,0.5555555555555556,0.0,0.0,0.0,0.0,2002,clin,0.8
5,4,lr5e-05_bs32_modL1_fusion64_fusionL1_drop0p1_trmiss80_trlocclin,32,5e-05,1,64,1,0.1,lr5e-05_bs32_modL1_fusion64_fusionL1_drop0p1_trmiss80_trlocclin,19,0.47472650309403736,0.6613179445266724,0.6099137931034483,0.7771526605821883,0.5555555555555556,0.0,0.0,0.0,0.0,2002,clin,0.8
5,4,lr5e-05_bs32_modL1_fusion64_fusionL1_drop0p1_trmiss80_trlocclin,32,5e-05,1,64,1,0.1,lr5e-05_bs32_modL1_fusion64_fusionL1_drop0p1_trmiss80_trlocclin,20,0.4668450355529785,0.6628869473934174,0.6012931034482758,0.7761554825000063,0.5111111111111111,0.0,0.0,0.0,0.0,2002,clin,0.8
5,4,lr5e-05_bs32_modL1_fusion64_fusionL1_drop0p1_trmiss80_trlocclin,32,5e-05,1,64,1,0.1,lr5e-05_bs32_modL1_fusion64_fusionL1_drop0p1_trmiss80_trlocclin,21,0.4629061569770177,0.6603392660617828,0.6099137931034482,0.7809646392968368,0.5111111111111111,0.0,0.0,0.0,0.0,2002,clin,0.8
5,4,lr5e-05_bs32_modL1_fusion64_fusionL1_drop0p1_trmiss80_trlocclin,32,5e-05,1,64,1,0.1,lr5e-05_bs32_modL1_fusion64_fusionL1_drop0p1_trmiss80_trlocclin,22,0.4652932633956273,0.6608056724071503,0.603448275862069,0.7803355733312858,0.5111111111111111,0.0,0.0,0.0,0.0,2002,clin,0.8
5,4,lr5e-05_bs32_modL1_fusion64_fusionL1_drop0p1_trmiss80_trlocclin,32,5e-05,1,64,1,0.1,lr5e-05_bs32_modL1_fusion64_fusionL1_drop0p1_trmiss80_trlocclin,23,0.45695869127909344,0.662327915430069,0.6012931034482758,0.7797022678132048,0.5555555555555556,0.0,0.0,0.0,0.0,2002,clin,0.8
5,4,lr5e-05_bs32_modL1_fusion64_fusionL1_drop0p1_trmiss80_trlocclin,32,5e-05,1,64,1,0.1,lr5e-05_bs32_modL1_fusion64_fusionL1_drop0p1_trmiss80_trlocclin,24,0.45472873250643414,0.6626589894294739,0.6012931034482759,0.7796008479349088,0.5333333333333333,0.0,0.0,0.0,0.0,2002,clin,0.8
5,4,lr5e-05_bs32_modL1_fusion64_fusionL1_drop0p1_trmiss80_trlocclin,32,5e-05,1,64,1,0.1,lr5e-05_bs32_modL1_fusion64_fusionL1_drop0p1_trmiss80_trlocclin,25,0.4512938857078552,0.6615769863128662,0.6056034482758621,0.7841835687844962,0.5555555555555556,0.0,0.0,0.0,0.0,2002,clin,0.8
5,4,lr5e-05_bs32_modL1_fusion64_fusionL1_drop0p1_trmiss80_trlocclin,32,5e-05,1,64,1,0.1,lr5e-05_bs32_modL1_fusion64_fusionL1_drop0p1_trmiss80_trlocclin,26,0.4481281042098999,0.6584999859333038,0.6163793103448276,0.7892638482929775,0.5777777777777777,0.0,0.0,0.0,0.0,2002,clin,0.8
5,4,lr5e-05_bs32_modL1_fusion64_fusionL1_drop0p1_trmiss80_trlocclin,32,5e-05,1,64,1,0.1,lr5e-05_bs32_modL1_fusion64_fusionL1_drop0p1_trmiss80_trlocclin,27,0.43247098724047345,0.6593956649303436,0.6120689655172413,0.7883174734875531,0.6,0.0,0.0,0.0,0.0,2002,clin,0.8
5,4,lr5e-05_bs32_modL1_fusion64_fusionL1_drop0p1_trmiss80_trlocclin,32,5e-05,1,64,1,0.1,lr5e-05_bs32_modL1_fusion64_fusionL1_drop0p1_trmiss80_trlocclin,28,0.4347923547029495,0.6616325080394745,0.6120689655172414,0.7883713187186379,0.5777777777777777,0.0,0.0,0.0,0.0,2002,clin,0.8
5,4,lr5e-05_bs32_modL1_fusion64_fusionL1_drop0p1_trmiss80_trlocclin,32,5e-05,1,64,1,0.1,lr5e-05_bs32_modL1_fusion64_fusionL1_drop0p1_trmiss80_trlocclin,29,0.44616377353668213,0.6621052622795105,0.6056034482758621,0.7846281598297546,0.5555555555555556,0.0,0.0,0.0,0.0,2002,clin,0.8
5,4,lr5e-05_bs32_modL1_fusion64_fusionL1_drop0p1_trmiss80_trlocclin,32,5e-05,1,64,1,0.1,lr5e-05_bs32_modL1_fusion64_fusionL1_drop0p1_trmiss80_trlocclin,30,0.4450884312391281,0.6628546714782715,0.6077586206896551,0.7869847974538204,0.5555555555555556,0.0,0.0,0.0,0.0,2002,clin,0.8
5,4,lr5e-05_bs32_modL1_fusion64_fusionL1_drop0p1_trmiss80_trlocclin,32,5e-05,1,64,1,0.1,lr5e-05_bs32_modL1_fusion64_fusionL1_drop0p1_trmiss80_trlocclin,31,0.446942796309789,0.6617090106010437,0.6099137931034483,0.787438286780141,0.5777777777777777,0.0,0.0,0.0,0.0,2002,clin,0.8
5,4,lr5e-05_bs32_modL1_fusion64_fusionL1_drop0p1_trmiss80_trlocclin,32,5e-05,1,64,1,0.1,lr5e-05_bs32_modL1_fusion64_fusionL1_drop0p1_trmiss80_trlocclin,32,0.4416020264228185,0.6613277196884155,0.6120689655172413,0.7894587335900818,0.5777777777777777,0.0,0.0,0.0,0.0,2002,clin,0.8
5,4,lr5e-05_bs32_modL1_fusion64_fusionL1_drop0p1_trmiss80_trlocclin,32,5e-05,1,64,1,0.1,lr5e-05_bs32_modL1_fusion64_fusionL1_drop0p1_trmiss80_trlocclin,33,0.4335779845714569,0.6640176773071289,0.6012931034482759,0.7826552222443541,0.5777777777777777,0.0,0.0,0.0,0.0,2002,clin,0.8
5,4,lr5e-05_bs32_modL1_fusion64_fusionL1_drop0p1_trmiss80_trlocclin,32,5e-05,1,64,1,0.1,lr5e-05_bs32_modL1_fusion64_fusionL1_drop0p1_trmiss80_trlocclin,34,0.43960388501485187,0.6631887853145599,0.6012931034482758,0.7827685746590558,0.5777777777777777,0.0,0.0,0.0,0.0,2002,clin,0.8
5,4,lr5e-05_bs32_modL1_fusion64_fusionL1_drop0p1_trmiss80_trlocclin,32,5e-05,1,64,1,0.1,lr5e-05_bs32_modL1_fusion64_fusionL1_drop0p1_trmiss80_trlocclin,35,0.4403874526421229,0.6603995561599731,0.6099137931034484,0.7867974700041833,0.5777777777777777,0.0,0.0,0.0,0.0,2002,clin,0.8
5,4,lr1e-04_bs32_modL1_fusion32_fusionL1_drop0p2_trmiss80_trlocclin,32,0.0001,1,32,1,0.2,lr1e-04_bs32_modL1_fusion32_fusionL1_drop0p2_trmiss80_trlocclin,1,0.6822258134682974,0.6951273381710052,0.4137931034482759,0.625744892640751,0.5111111111111111,0.0,0.0,0.0,0.0,2002,clin,0.8
5,4,lr1e-04_bs32_modL1_fusion32_fusionL1_drop0p2_trmiss80_trlocclin,32,0.0001,1,32,1,0.2,lr1e-04_bs32_modL1_fusion32_fusionL1_drop0p2_trmiss80_trlocclin,2,0.6216731667518616,0.6890448033809662,0.49353448275862066,0.6558128004452796,0.5555555555555556,0.0,0.0,0.0,0.0,2002,clin,0.8
5,4,lr1e-04_bs32_modL1_fusion32_fusionL1_drop0p2_trmiss80_trlocclin,32,0.0001,1,32,1,0.2,lr1e-04_bs32_modL1_fusion32_fusionL1_drop0p2_trmiss80_trlocclin,3,0.6110359231630961,0.6822133660316467,0.5258620689655172,0.6802332927549917,0.5777777777777777,0.0,0.0,0.0,0.0,2002,clin,0.8
5,4,lr1e-04_bs32_modL1_fusion32_fusionL1_drop0p2_trmiss80_trlocclin,32,0.0001,1,32,1,0.2,lr1e-04_bs32_modL1_fusion32_fusionL1_drop0p2_trmiss80_trlocclin,4,0.6262909869352976,0.6745327711105347,0.5431034482758621,0.7116435958839168,0.5777777777777777,0.0,0.0,0.0,0.0,2002,clin,0.8
5,4,lr1e-04_bs32_modL1_fusion32_fusionL1_drop0p2_trmiss80_trlocclin,32,0.0001,1,32,1,0.2,lr1e-04_bs32_modL1_fusion32_fusionL1_drop0p2_trmiss80_trlocclin,5,0.5839461982250214,0.6697025299072266,0.5387931034482758,0.709397810679912,0.5777777777777777,0.0,0.0,0.0,0.0,2002,clin,0.8
5,4,lr1e-04_bs32_modL1_fusion32_fusionL1_drop0p2_trmiss80_trlocclin,32,0.0001,1,32,1,0.2,lr1e-04_bs32_modL1_fusion32_fusionL1_drop0p2_trmiss80_trlocclin,6,0.5507682909568151,0.6655996143817902,0.5474137931034484,0.7157678019132366,0.5777777777777777,0.0,0.0,0.0,0.0,2002,clin,0.8
5,4,lr1e-04_bs32_modL1_fusion32_fusionL1_drop0p2_trmiss80_trlocclin,32,0.0001,1,32,1,0.2,lr1e-04_bs32_modL1_fusion32_fusionL1_drop0p2_trmiss80_trlocclin,7,0.5459883511066437,0.6661025285720825,0.5495689655172413,0.715856258844345,0.5777777777777777,0.0,0.0,0.0,0.0,2002,clin,0.8
5,4,lr1e-04_bs32_modL1_fusion32_fusionL1_drop0p2_trmiss80_trlocclin,32,0.0001,1,32,1,0.2,lr1e-04_bs32_modL1_fusion32_fusionL1_drop0p2_trmiss80_trlocclin,8,0.5240746637185415,0.6637394726276398,0.5517241379310345,0.7100735741143848,0.6,0.0,0.0,0.0,0.0,2002,clin,0.8
5,4,lr1e-04_bs32_modL1_fusion32_fusionL1_drop0p2_trmiss80_trlocclin,32,0.0001,1,32,1,0.2,lr1e-04_bs32_modL1_fusion32_fusionL1_drop0p2_trmiss80_trlocclin,9,0.5380070805549622,0.6611404716968536,0.5689655172413793,0.717182928826401,0.6222222222222222,0.0,0.0,0.0,0.0,2002,clin,0.8
5,4,lr1e-04_bs32_modL1_fusion32_fusionL1_drop0p2_trmiss80_trlocclin,32,0.0001,1,32,1,0.2,lr1e-04_bs32_modL1_fusion32_fusionL1_drop0p2_trmiss80_trlocclin,10,0.5085672587156296,0.654823899269104,0.5818965517241379,0.7247837365839686,0.6444444444444445,0.0,0.0,0.0,0.0,2002,clin,0.8
5,4,lr1e-04_bs32_modL1_fusion32_fusionL1_drop0p2_trmiss80_trlocclin,32,0.0001,1,32,1,0.2,lr1e-04_bs32_modL1_fusion32_fusionL1_drop0p2_trmiss80_trlocclin,11,0.5008701135714849,0.6557245254516602,0.603448275862069,0.7390119512022784,0.6222222222222222,0.0,0.0,0.0,0.0,2002,clin,0.8
5,4,lr1e-04_bs32_modL1_fusion32_fusionL1_drop0p2_trmiss80_trlocclin,32,0.0001,1,32,1,0.2,lr1e-04_bs32_modL1_fusion32_fusionL1_drop0p2_trmiss80_trlocclin,12,0.5121478239695231,0.6579091250896454,0.6056034482758621,0.7378358083768938,0.6,0.0,0.0,0.0,0.0,2002,clin,0.8
5,4,lr1e-04_bs32_modL1_fusion32_fusionL1_drop0p2_trmiss80_trlocclin,32,0.0001,1,32,1,0.2,lr1e-04_bs32_modL1_fusion32_fusionL1_drop0p2_trmiss80_trlocclin,13,0.49586622416973114,0.6539428532123566,0.6206896551724138,0.7669480883192152,0.6222222222222222,0.0,0.0,0.0,0.0,2002,clin,0.8
5,4,lr1e-04_bs32_modL1_fusion32_fusionL1_drop0p2_trmiss80_trlocclin,32,0.0001,1,32,1,0.2,lr1e-04_bs32_modL1_fusion32_fusionL1_drop0p2_trmiss80_trlocclin,14,0.47126973668734234,0.6473660469055176,0.6379310344827587,0.7770909340729779,0.6,0.0,0.0,0.0,0.0,2002,clin,0.8
5,4,lr1e-04_bs32_modL1_fusion32_fusionL1_drop0p2_trmiss80_trlocclin,32,0.0001,1,32,1,0.2,lr1e-04_bs32_modL1_fusion32_fusionL1_drop0p2_trmiss80_trlocclin,15,0.4703381508588791,0.6456688940525055,0.625,0.7649875499596737,0.6444444444444445,0.0,0.0,0.0,0.0,2002,clin,0.8
5,4,lr1e-04_bs32_modL1_fusion32_fusionL1_drop0p2_trmiss80_trlocclin,32,0.0001,1,32,1,0.2,lr1e-04_bs32_modL1_fusion32_fusionL1_drop0p2_trmiss80_trlocclin,16,0.45667581260204315,0.643285721540451,0.6422413793103449,0.7793770234798403,0.6444444444444445,0.0,0.0,0.0,0.0,2002,clin,0.8
5,4,lr1e-04_bs32_modL1_fusion32_fusionL1_drop0p2_trmiss80_trlocclin,32,0.0001,1,32,1,0.2,lr1e-04_bs32_modL1_fusion32_fusionL1_drop0p2_trmiss80_trlocclin,17,0.44543151060740155,0.646728903055191,0.622844827586207,0.768556062435346,0.6444444444444445,0.0,0.0,0.0,0.0,2002,clin,0.8
5,4,lr1e-04_bs32_modL1_fusion32_fusionL1_drop0p2_trmiss80_trlocclin,32,0.0001,1,32,1,0.2,lr1e-04_bs32_modL1_fusion32_fusionL1_drop0p2_trmiss80_trlocclin,18,0.43782003223896027,0.6464271545410156,0.6336206896551725,0.7707904718385394,0.6444444444444445,0.0,0.0,0.0,0.0,2002,clin,0.8
5,4,lr1e-04_bs32_modL1_fusion32_fusionL1_drop0p2_trmiss80_trlocclin,32,0.0001,1,32,1,0.2,lr1e-04_bs32_modL1_fusion32_fusionL1_drop0p2_trmiss80_trlocclin,19,0.433062215646108,0.6467492580413818,0.6228448275862069,0.763790298608981,0.6444444444444445,0.0,0.0,0.0,0.0,2002,clin,0.8
5,4,lr1e-04_bs32_modL1_fusion32_fusionL1_drop0p2_trmiss80_trlocclin,32,0.0001,1,32,1,0.2,lr1e-04_bs32_modL1_fusion32_fusionL1_drop0p2_trmiss80_trlocclin,20,0.4351985851923625,0.646065354347229,0.6293103448275863,0.761195774790463,0.6,0.0,0.0,0.0,0.0,2002,clin,0.8
5,4,lr1e-04_bs32_modL1_fusion32_fusionL1_drop0p2_trmiss80_trlocclin,32,0.0001,1,32,1,0.2,lr1e-04_bs32_modL1_fusion32_fusionL1_drop0p2_trmiss80_trlocclin,21,0.40889116128285724,0.641313910484314,0.6487068965517242,0.7751648891704138,0.6222222222222222,0.0,0.0,0.0,0.0,2002,clin,0.8
5,4,lr1e-04_bs32_modL1_fusion32_fusionL1_drop0p2_trmiss80_trlocclin,32,0.0001,1,32,1,0.2,lr1e-04_bs32_modL1_fusion32_fusionL1_drop0p2_trmiss80_trlocclin,22,0.40805990000565845,0.6390290856361389,0.6573275862068966,0.7771437087818776,0.6222222222222222,0.0,0.0,0.0,0.0,2002,clin,0.8
5,4,lr1e-04_bs32_modL1_fusion32_fusionL1_drop0p2_trmiss80_trlocclin,32,0.0001,1,32,1,0.2,lr1e-04_bs32_modL1_fusion32_fusionL1_drop0p2_trmiss80_trlocclin,23,0.41614362100760144,0.6370375454425812,0.6508620689655172,0.7710328833066629,0.6,0.0,0.0,0.0,0.0,2002,clin,0.8
5,4,lr1e-04_bs32_modL1_fusion32_fusionL1_drop0p2_trmiss80_trlocclin,32,0.0001,1,32,1,0.2,lr1e-04_bs32_modL1_fusion32_fusionL1_drop0p2_trmiss80_trlocclin,24,0.3907161206007004,0.6386862099170685,0.6400862068965517,0.7772142284942525,0.6,0.0,0.0,0.0,0.0,2002,clin,0.8
5,4,lr1e-04_bs32_modL1_fusion32_fusionL1_drop0p2_trmiss80_trlocclin,32,0.0001,1,32,1,0.2,lr1e-04_bs32_modL1_fusion32_fusionL1_drop0p2_trmiss80_trlocclin,25,0.3869163493315379,0.6356303989887238,0.646551724137931,0.7846421743353262,0.5777777777777777,0.0,0.0,0.0,0.0,2002,clin,0.8
5,4,lr1e-04_bs32_modL1_fusion32_fusionL1_drop0p2_trmiss80_trlocclin,32,0.0001,1,32,1,0.2,lr1e-04_bs32_modL1_fusion32_fusionL1_drop0p2_trmiss80_trlocclin,26,0.3846835047006607,0.6382078528404236,0.625,0.7644924795079702,0.5777777777777777,0.0,0.0,0.0,0.0,2002,clin,0.8
5,4,lr1e-04_bs32_modL1_fusion32_fusionL1_drop0p2_trmiss80_trlocclin,32,0.0001,1,32,1,0.2,lr1e-04_bs32_modL1_fusion32_fusionL1_drop0p2_trmiss80_trlocclin,27,0.3728038767973582,0.635569155216217,0.6314655172413792,0.7678804684902922,0.6222222222222222,0.0,0.0,0.0,0.0,2002,clin,0.8
5,4,lr1e-04_bs32_modL1_fusion32_fusionL1_drop0p2_trmiss80_trlocclin,32,0.0001,1,32,1,0.2,lr1e-04_bs32_modL1_fusion32_fusionL1_drop0p2_trmiss80_trlocclin,28,0.3732383946577708,0.632974773645401,0.6508620689655172,0.7788629462223746,0.6222222222222222,0.0,0.0,0.0,0.0,2002,clin,0.8
5,4,lr1e-04_bs32_modL1_fusion32_fusionL1_drop0p2_trmiss80_trlocclin,32,0.0001,1,32,1,0.2,lr1e-04_bs32_modL1_fusion32_fusionL1_drop0p2_trmiss80_trlocclin,29,0.36224962770938873,0.6350577175617218,0.6443965517241379,0.7636619080451496,0.6666666666666666,0.0,0.0,0.0,0.0,2002,clin,0.8
5,4,lr1e-04_bs32_modL1_fusion32_fusionL1_drop0p2_trmiss80_trlocclin,32,0.0001,1,32,1,0.2,lr1e-04_bs32_modL1_fusion32_fusionL1_drop0p2_trmiss80_trlocclin,30,0.3688662101825078,0.6328189074993134,0.6616379310344828,0.7779519255552483,0.6444444444444445,0.0,0.0,0.0,0.0,2002,clin,0.8
5,4,lr1e-04_bs32_modL1_fusion32_fusionL1_drop0p2_trmiss80_trlocclin,32,0.0001,1,32,1,0.2,lr1e-04_bs32_modL1_fusion32_fusionL1_drop0p2_trmiss80_trlocclin,31,0.3514460176229477,0.630084216594696,0.6637931034482758,0.7961948286138087,0.6444444444444445,0.0,0.0,0.0,0.0,2002,clin,0.8
5,4,lr1e-04_bs32_modL1_fusion32_fusionL1_drop0p2_trmiss80_trlocclin,32,0.0001,1,32,1,0.2,lr1e-04_bs32_modL1_fusion32_fusionL1_drop0p2_trmiss80_trlocclin,32,0.3394663681586583,0.6248260140419006,0.6724137931034482,0.7962671327315309,0.6666666666666666,0.0,0.0,0.0,0.0,2002,clin,0.8
5,4,lr1e-04_bs32_modL1_fusion32_fusionL1_drop0p2_trmiss80_trlocclin,32,0.0001,1,32,1,0.2,lr1e-04_bs32_modL1_fusion32_fusionL1_drop0p2_trmiss80_trlocclin,33,0.33812930186589557,0.6227997243404388,0.6810344827586207,0.7943019740882538,0.6888888888888889,0.0,0.0,0.0,0.0,2002,clin,0.8
5,4,lr1e-04_bs32_modL1_fusion32_fusionL1_drop0p2_trmiss80_trlocclin,32,0.0001,1,32,1,0.2,lr1e-04_bs32_modL1_fusion32_fusionL1_drop0p2_trmiss80_trlocclin,34,0.3409721553325653,0.6244175434112549,0.6875,0.7962590071023012,0.6888888888888889,0.0,0.0,0.0,0.0,2002,clin,0.8
5,4,lr1e-04_bs32_modL1_fusion32_fusionL1_drop0p2_trmiss80_trlocclin,32,0.0001,1,32,1,0.2,lr1e-04_bs32_modL1_fusion32_fusionL1_drop0p2_trmiss80_trlocclin,35,0.33452417453130084,0.6276800334453583,0.6702586206896552,0.7818820075805661,0.6666666666666666,0.0,0.0,0.0,0.0,2002,clin,0.8
5,4,lr1e-04_bs32_modL1_fusion32_fusionL1_drop0p2_trmiss80_trlocclin,32,0.0001,1,32,1,0.2,lr1e-04_bs32_modL1_fusion32_fusionL1_drop0p2_trmiss80_trlocclin,36,0.3281509379545848,0.620676189661026,0.6918103448275863,0.8045678234947453,0.6444444444444445,0.0,0.0,0.0,0.0,2002,clin,0.8
5,4,lr1e-04_bs32_modL1_fusion32_fusionL1_drop0p2_trmiss80_trlocclin,32,0.0001,1,32,1,0.2,lr1e-04_bs32_modL1_fusion32_fusionL1_drop0p2_trmiss80_trlocclin,37,0.3306817015012105,0.6142842173576355,0.709051724137931,0.8141668049247806,0.6666666666666666,0.0,0.0,0.0,0.0,2002,clin,0.8
5,4,lr1e-04_bs32_modL1_fusion32_fusionL1_drop0p2_trmiss80_trlocclin,32,0.0001,1,32,1,0.2,lr1e-04_bs32_modL1_fusion32_fusionL1_drop0p2_trmiss80_trlocclin,38,0.31659071644147235,0.6228738129138947,0.6724137931034483,0.7816888041855796,0.6888888888888889,0.0,0.0,0.0,0.0,2002,clin,0.8
5,4,lr1e-04_bs32_modL1_fusion32_fusionL1_drop0p2_trmiss80_trlocclin,32,0.0001,1,32,1,0.2,lr1e-04_bs32_modL1_fusion32_fusionL1_drop0p2_trmiss80_trlocclin,39,0.30866582691669464,0.6216275990009308,0.6918103448275863,0.8002347247296855,0.6666666666666666,0.0,0.0,0.0,0.0,2002,clin,0.8
5,4,lr1e-04_bs32_modL1_fusion32_fusionL1_drop0p2_trmiss80_trlocclin,32,0.0001,1,32,1,0.2,lr1e-04_bs32_modL1_fusion32_fusionL1_drop0p2_trmiss80_trlocclin,40,0.3097810099522273,0.6232397854328156,0.6767241379310345,0.7799751985916641,0.6444444444444445,0.0,0.0,0.0,0.0,2002,clin,0.8
5,4,lr1e-04_bs32_modL1_fusion32_fusionL1_drop0p2_trmiss80_trlocclin,32,0.0001,1,32,1,0.2,lr1e-04_bs32_modL1_fusion32_fusionL1_drop0p2_trmiss80_trlocclin,41,0.3046525667111079,0.6236732602119446,0.6724137931034483,0.780668918136512,0.6222222222222222,0.0,0.0,0.0,0.0,2002,clin,0.8
5,4,lr1e-04_bs32_modL1_fusion32_fusionL1_drop0p2_trmiss80_trlocclin,32,0.0001,1,32,1,0.2,lr1e-04_bs32_modL1_fusion32_fusionL1_drop0p2_trmiss80_trlocclin,42,0.29879749814669293,0.622112900018692,0.6853448275862069,0.7962381910915555,0.6222222222222222,0.0,0.0,0.0,0.0,2002,clin,0.8
5,4,lr1e-04_bs32_modL1_fusion32_fusionL1_drop0p2_trmiss80_trlocclin,32,0.0001,1,32,1,0.2,lr1e-04_bs32_modL1_fusion32_fusionL1_drop0p2_trmiss80_trlocclin,43,0.28991906344890594,0.616868406534195,0.6982758620689655,0.8110258490938109,0.6222222222222222,0.0,0.0,0.0,0.0,2002,clin,0.8
5,4,lr1e-04_bs32_modL1_fusion32_fusionL1_drop0p2_trmiss80_trlocclin,32,0.0001,1,32,1,0.2,lr1e-04_bs32_modL1_fusion32_fusionL1_drop0p2_trmiss80_trlocclin,44,0.29524660110473633,0.619808703660965,0.6961206896551724,0.7998718905250041,0.6222222222222222,0.0,0.0,0.0,0.0,2002,clin,0.8
5,4,lr1e-04_bs32_modL1_fusion32_fusionL1_drop0p2_trmiss80_trlocclin,32,0.0001,1,32,1,0.2,lr1e-04_bs32_modL1_fusion32_fusionL1_drop0p2_trmiss80_trlocclin,45,0.2816471755504608,0.6215394139289856,0.6853448275862069,0.794014374608798,0.6666666666666666,0.0,0.0,0.0,0.0,2002,clin,0.8
5,4,lr1e-04_bs32_modL1_fusion32_fusionL1_drop0p2_trmiss80_trlocclin,32,0.0001,1,32,1,0.2,lr1e-04_bs32_modL1_fusion32_fusionL1_drop0p2_trmiss80_trlocclin,46,0.3116743216911952,0.6255329251289368,0.6724137931034483,0.7812129033804405,0.6666666666666666,0.0,0.0,0.0,0.0,2002,clin,0.8
5,4,lr1e-04_bs32_modL1_fusion32_fusionL1_drop0p2_trmiss80_trlocclin,32,0.0001,1,32,1,0.2,lr1e-04_bs32_modL1_fusion32_fusionL1_drop0p2_trmiss80_trlocclin,47,0.27658770481745404,0.6225971281528473,0.6853448275862069,0.8011955509969928,0.6444444444444445,0.0,0.0,0.0,0.0,2002,clin,0.8
5,4,lr1e-04_bs32_modL1_fusion32_fusionL1_drop0p2_trmiss80_trlocclin,32,0.0001,1,32,1,0.2,lr1e-04_bs32_modL1_fusion32_fusionL1_drop0p2_trmiss80_trlocclin,48,0.2962340960899989,0.6210047602653503,0.6896551724137931,0.8052445100368775,0.6222222222222222,0.0,0.0,0.0,0.0,2002,clin,0.8
5,4,lr1e-04_bs32_modL1_fusion32_fusionL1_drop0p2_trmiss80_trlocclin,32,0.0001,1,32,1,0.2,lr1e-04_bs32_modL1_fusion32_fusionL1_drop0p2_trmiss80_trlocclin,49,0.28811033566792804,0.6190255582332611,0.6810344827586208,0.803609285349818,0.6222222222222222,0.0,0.0,0.0,0.0,2002,clin,0.8
5,4,lr1e-04_bs32_modL1_fusion32_fusionL1_drop0p2_trmiss80_trlocclin,32,0.0001,1,32,1,0.2,lr1e-04_bs32_modL1_fusion32_fusionL1_drop0p2_trmiss80_trlocclin,50,0.2740975320339203,0.6196881830692291,0.6767241379310345,0.7979056977496786,0.6444444444444445,0.0,0.0,0.0,0.0,2002,clin,0.8
5,4,lr1e-04_bs32_modL1_fusion32_fusionL1_drop0p2_trmiss80_trlocclin,32,0.0001,1,32,1,0.2,lr1e-04_bs32_modL1_fusion32_fusionL1_drop0p2_trmiss80_trlocclin,51,0.2838129500548045,0.6211635768413544,0.6745689655172413,0.7956331226225908,0.6666666666666666,0.0,0.0,0.0,0.0,2002,clin,0.8
5,4,lr1e-04_bs32_modL1_fusion32_fusionL1_drop0p2_trmiss80_trlocclin,32,0.0001,1,32,1,0.2,lr1e-04_bs32_modL1_fusion32_fusionL1_drop0p2_trmiss80_trlocclin,52,0.26531081398328143,0.6262587010860443,0.6681034482758621,0.7912870237826098,0.6444444444444445,0.0,0.0,0.0,0.0,2002,clin,0.8
5,4,lr1e-04_bs32_modL1_fusion32_fusionL1_drop0p2_trmiss80_trlocclin,32,0.0001,1,32,1,0.2,lr1e-04_bs32_modL1_fusion32_fusionL1_drop0p2_trmiss80_trlocclin,53,0.2725868225097656,0.6265433132648468,0.6702586206896552,0.7871405497802323,0.6444444444444445,0.0,0.0,0.0,0.0,2002,clin,0.8
5,4,lr1e-04_bs32_modL1_fusion32_fusionL1_drop0p2_trmiss80_trlocclin,32,0.0001,1,32,1,0.2,lr1e-04_bs32_modL1_fusion32_fusionL1_drop0p2_trmiss80_trlocclin,54,0.26931580404440564,0.6279038786888123,0.665948275862069,0.7852166125552964,0.6444444444444445,0.0,0.0,0.0,0.0,2002,clin,0.8
5,4,lr1e-04_bs32_modL1_fusion32_fusionL1_drop0p2_trmiss80_trlocclin,32,0.0001,1,32,1,0.2,lr1e-04_bs32_modL1_fusion32_fusionL1_drop0p2_trmiss80_trlocclin,55,0.27821074922879535,0.6266482472419739,0.6724137931034482,0.7892695106751315,0.6444444444444445,0.0,0.0,0.0,0.0,2002,clin,0.8
5,4,lr1e-04_bs32_modL1_fusion32_fusionL1_drop0p2_trmiss80_trlocclin,32,0.0001,1,32,1,0.2,lr1e-04_bs32_modL1_fusion32_fusionL1_drop0p2_trmiss80_trlocclin,56,0.2750228742758433,0.6274209320545197,0.6681034482758621,0.7846626871027909,0.6444444444444445,0.0,0.0,0.0,0.0,2002,clin,0.8
5,4,lr1e-04_bs32_modL1_fusion32_fusionL1_drop0p2_trmiss80_trlocclin,32,0.0001,1,32,1,0.2,lr1e-04_bs32_modL1_fusion32_fusionL1_drop0p2_trmiss80_trlocclin,57,0.2663475051522255,0.6284195780754089,0.665948275862069,0.7795508564973561,0.6444444444444445,0.0,0.0,0.0,0.0,2002,clin,0.8
5,4,lr1e-04_bs32_modL1_fusion32_fusionL1_drop0p1_trmiss80_trlocclin,32,0.0001,1,32,1,0.1,lr1e-04_bs32_modL1_fusion32_fusionL1_drop0p1_trmiss80_trlocclin,1,0.6896612048149109,0.7059241235256195,0.40301724137931033,0.6163156446358701,0.35555555555555557,0.0,0.0,0.0,0.0,2002,clin,0.8
5,4,lr1e-04_bs32_modL1_fusion32_fusionL1_drop0p1_trmiss80_trlocclin,32,0.0001,1,32,1,0.1,lr1e-04_bs32_modL1_fusion32_fusionL1_drop0p1_trmiss80_trlocclin,2,0.6282910406589508,0.6958881914615631,0.5043103448275861,0.6876596725156617,0.4666666666666667,0.0,0.0,0.0,0.0,2002,clin,0.8
5,4,lr1e-04_bs32_modL1_fusion32_fusionL1_drop0p1_trmiss80_trlocclin,32,0.0001,1,32,1,0.1,lr1e-04_bs32_modL1_fusion32_fusionL1_drop0p1_trmiss80_trlocclin,3,0.6130922734737396,0.689741313457489,0.5366379310344828,0.7241775829838465,0.5333333333333333,0.0,0.0,0.0,0.0,2002,clin,0.8
5,4,lr1e-04_bs32_modL1_fusion32_fusionL1_drop0p1_trmiss80_trlocclin,32,0.0001,1,32,1,0.1,lr1e-04_bs32_modL1_fusion32_fusionL1_drop0p1_trmiss80_trlocclin,4,0.6047647694746653,0.6940620541572571,0.5150862068965517,0.6909621029919997,0.5111111111111111,0.0,0.0,0.0,0.0,2002,clin,0.8
5,4,lr1e-04_bs32_modL1_fusion32_fusionL1_drop0p1_trmiss80_trlocclin,32,0.0001,1,32,1,0.1,lr1e-04_bs32_modL1_fusion32_fusionL1_drop0p1_trmiss80_trlocclin,5,0.5713683168093363,0.6950064897537231,0.5107758620689655,0.6815957143853888,0.5555555555555556,0.0,0.0,0.0,0.0,2002,clin,0.8
5,4,lr1e-04_bs32_modL1_fusion32_fusionL1_drop0p1_trmiss80_trlocclin,32,0.0001,1,32,1,0.1,lr1e-04_bs32_modL1_fusion32_fusionL1_drop0p1_trmiss80_trlocclin,6,0.5595676203568777,0.6948569715023041,0.5064655172413793,0.6903721584118474,0.5555555555555556,0.0,0.0,0.0,0.0,2002,clin,0.8
5,4,lr1e-04_bs32_modL1_fusion32_fusionL1_drop0p1_trmiss80_trlocclin,32,0.0001,1,32,1,0.1,lr1e-04_bs32_modL1_fusion32_fusionL1_drop0p1_trmiss80_trlocclin,7,0.5528067946434021,0.6932102143764496,0.5086206896551724,0.6990832381066999,0.6,0.0,0.0,0.0,0.0,2002,clin,0.8
5,4,lr1e-04_bs32_modL1_fusion32_fusionL1_drop0p1_trmiss80_trlocclin,32,0.0001,1,32,1,0.1,lr1e-04_bs32_modL1_fusion32_fusionL1_drop0p1_trmiss80_trlocclin,8,0.5246223509311676,0.693088948726654,0.5086206896551724,0.6964426290744123,0.5777777777777777,0.0,0.0,0.0,0.0,2002,clin,0.8
5,4,lr1e-04_bs32_modL1_fusion32_fusionL1_drop0p1_trmiss80_trlocclin,32,0.0001,1,32,1,0.1,lr1e-04_bs32_modL1_fusion32_fusionL1_drop0p1_trmiss80_trlocclin,9,0.505226289232572,0.6930533945560455,0.5086206896551724,0.6770558545002302,0.5777777777777777,0.0,0.0,0.0,0.0,2002,clin,0.8
5,4,lr1e-04_bs32_modL1_fusion32_fusionL1_drop0p1_trmiss80_trlocclin,32,0.0001,1,32,1,0.1,lr1e-04_bs32_modL1_fusion32_fusionL1_drop0p1_trmiss80_trlocclin,10,0.5165993273258209,0.6927055418491364,0.5043103448275862,0.6838553828803072,0.5777777777777777,0.0,0.0,0.0,0.0,2002,clin,0.8
5,4,lr1e-04_bs32_modL1_fusion32_fusionL1_drop0p1_trmiss80_trlocclin,32,0.0001,1,32,1,0.1,lr1e-04_bs32_modL1_fusion32_fusionL1_drop0p1_trmiss80_trlocclin,11,0.49020053446292877,0.6917859613895416,0.5107758620689655,0.6930812326506216,0.5777777777777777,0.0,0.0,0.0,0.0,2002,clin,0.8
5,4,lr1e-04_bs32_modL1_fusion32_fusionL1_drop0p1_trmiss80_trlocclin,32,0.0001,1,32,1,0.1,lr1e-04_bs32_modL1_fusion32_fusionL1_drop0p1_trmiss80_trlocclin,12,0.4890885005394618,0.6915328800678253,0.5086206896551724,0.6763630400227977,0.5777777777777777,0.0,0.0,0.0,0.0,2002,clin,0.8
5,4,lr1e-04_bs32_modL1_fusion32_fusionL1_drop0p1_trmiss80_trlocclin,32,0.0001,1,32,1,0.1,lr1e-04_bs32_modL1_fusion32_fusionL1_drop0p1_trmiss80_trlocclin,13,0.4806845784187317,0.6911495923995972,0.5193965517241379,0.6887976162765788,0.5777777777777777,0.0,0.0,0.0,0.0,2002,clin,0.8
5,4,lr1e-04_bs32_modL1_fusion32_fusionL1_drop0p1_trmiss80_trlocclin,32,0.0001,1,32,1,0.1,lr1e-04_bs32_modL1_fusion32_fusionL1_drop0p1_trmiss80_trlocclin,14,0.47657843430836994,0.6892867386341095,0.5280172413793104,0.6814148935607273,0.5777777777777777,0.0,0.0,0.0,0.0,2002,clin,0.8
5,4,lr1e-04_bs32_modL1_fusion32_fusionL1_drop0p1_trmiss80_trlocclin,32,0.0001,1,32,1,0.1,lr1e-04_bs32_modL1_fusion32_fusionL1_drop0p1_trmiss80_trlocclin,15,0.4676609883705775,0.6904737651348114,0.521551724137931,0.671715641453189,0.6,0.0,0.0,0.0,0.0,2002,clin,0.8
5,4,lr1e-04_bs32_modL1_fusion32_fusionL1_drop0p1_trmiss80_trlocclin,32,0.0001,1,32,1,0.1,lr1e-04_bs32_modL1_fusion32_fusionL1_drop0p1_trmiss80_trlocclin,16,0.46909641722838086,0.6917200684547424,0.5301724137931034,0.6777924874839552,0.6222222222222222,0.0,0.0,0.0,0.0,2002,clin,0.8
5,4,lr1e-04_bs32_modL1_fusion32_fusionL1_drop0p1_trmiss80_trlocclin,32,0.0001,1,32,1,0.1,lr1e-04_bs32_modL1_fusion32_fusionL1_drop0p1_trmiss80_trlocclin,17,0.46371111273765564,0.6929882764816284,0.5323275862068966,0.6786541549338252,0.6222222222222222,0.0,0.0,0.0,0.0,2002,clin,0.8
5,4,lr1e-04_bs32_modL1_fusion32_fusionL1_drop0p1_trmiss80_trlocclin,32,0.0001,1,32,1,0.1,lr1e-04_bs32_modL1_fusion32_fusionL1_drop0p1_trmiss80_trlocclin,18,0.45680216948191327,0.6922821998596191,0.5258620689655172,0.6715218124307455,0.6222222222222222,0.0,0.0,0.0,0.0,2002,clin,0.8
5,4,lr1e-04_bs32_modL1_fusion32_fusionL1_drop0p1_trmiss80_trlocclin,32,0.0001,1,32,1,0.1,lr1e-04_bs32_modL1_fusion32_fusionL1_drop0p1_trmiss80_trlocclin,19,0.459036926428477,0.6923175752162933,0.5323275862068966,0.6842970112916917,0.6222222222222222,0.0,0.0,0.0,0.0,2002,clin,0.8
5,4,lr1e-04_bs32_modL1_fusion32_fusionL1_drop0p1_trmiss80_trlocclin,32,0.0001,1,32,1,0.1,lr1e-04_bs32_modL1_fusion32_fusionL1_drop0p1_trmiss80_trlocclin,20,0.4454720815022786,0.6940697729587555,0.5172413793103448,0.6877414169856398,0.5555555555555556,0.0,0.0,0.0,0.0,2002,clin,0.8
5,4,lr1e-04_bs32_modL1_fusion32_fusionL1_drop0p1_trmiss80_trlocclin,32,0.0001,1,32,1,0.1,lr1e-04_bs32_modL1_fusion32_fusionL1_drop0p1_trmiss80_trlocclin,21,0.43820462624231976,0.6929408609867096,0.5237068965517242,0.6854610062093909,0.5333333333333333,0.0,0.0,0.0,0.0,2002,clin,0.8
5,4,lr1e-04_bs32_modL1_fusion32_fusionL1_drop0p1_trmiss80_trlocclin,32,0.0001,1,32,1,0.1,lr1e-04_bs32_modL1_fusion32_fusionL1_drop0p1_trmiss80_trlocclin,22,0.44549525280793506,0.6913483738899231,0.5323275862068966,0.6905358322894317,0.5777777777777777,0.0,0.0,0.0,0.0,2002,clin,0.8
5,4,lr1e-04_bs32_modL1_fusion32_fusionL1_drop0p1_trmiss80_trlocclin,32,0.0001,1,32,1,0.1,lr1e-04_bs32_modL1_fusion32_fusionL1_drop0p1_trmiss80_trlocclin,23,0.4389687279860179,0.6911244988441467,0.5366379310344829,0.7034020154106547,0.5777777777777777,0.0,0.0,0.0,0.0,2002,clin,0.8
5,4,lr1e-04_bs32_modL1_fusion32_fusionL1_drop0p1_trmiss80_trlocclin,32,0.0001,1,32,1,0.1,lr1e-04_bs32_modL1_fusion32_fusionL1_drop0p1_trmiss80_trlocclin,24,0.43654059370358783,0.691632479429245,0.5301724137931034,0.6943554922921235,0.5777777777777777,0.0,0.0,0.0,0.0,2002,clin,0.8
5,4,lr1e-04_bs32_modL1_fusion32_fusionL1_drop0p1_trmiss80_trlocclin,32,0.0001,1,32,1,0.1,lr1e-04_bs32_modL1_fusion32_fusionL1_drop0p1_trmiss80_trlocclin,25,0.43216479818026227,0.6918696761131287,0.540948275862069,0.7048842009655477,0.6,0.0,0.0,0.0,0.0,2002,clin,0.8
5,4,lr1e-04_bs32_modL1_fusion32_fusionL1_drop0p1_trmiss80_trlocclin,32,0.0001,1,32,1,0.1,lr1e-04_bs32_modL1_fusion32_fusionL1_drop0p1_trmiss80_trlocclin,26,0.42180560529232025,0.6917892396450043,0.5344827586206897,0.6859491969826148,0.6,0.0,0.0,0.0,0.0,2002,clin,0.8
5,4,lr1e-04_bs32_modL1_fusion32_fusionL1_drop0p1_trmiss80_trlocclin,32,0.0001,1,32,1,0.1,lr1e-04_bs32_modL1_fusion32_fusionL1_drop0p1_trmiss80_trlocclin,27,0.42631326119105023,0.689583033323288,0.5323275862068966,0.6849075999724579,0.6,0.0,0.0,0.0,0.0,2002,clin,0.8
5,4,lr1e-04_bs32_modL1_fusion32_fusionL1_drop0p1_trmiss80_trlocclin,32,0.0001,1,32,1,0.1,lr1e-04_bs32_modL1_fusion32_fusionL1_drop0p1_trmiss80_trlocclin,28,0.42623376846313477,0.6906629204750061,0.5344827586206896,0.6857917732704244,0.6,0.0,0.0,0.0,0.0,2002,clin,0.8
5,4,lr1e-04_bs32_modL1_fusion32_fusionL1_drop0p1_trmiss80_trlocclin,32,0.0001,1,32,1,0.1,lr1e-04_bs32_modL1_fusion32_fusionL1_drop0p1_trmiss80_trlocclin,29,0.41839983065923053,0.6908367276191711,0.5301724137931034,0.6823790897946627,0.6222222222222222,0.0,0.0,0.0,0.0,2002,clin,0.8
5,4,lr1e-04_bs32_modL1_fusion32_fusionL1_drop0p1_trmiss80_trlocclin,32,0.0001,1,32,1,0.1,lr1e-04_bs32_modL1_fusion32_fusionL1_drop0p1_trmiss80_trlocclin,30,0.4371204376220703,0.6905152499675751,0.5301724137931034,0.6832714067940577,0.6,0.0,0.0,0.0,0.0,2002,clin,0.8
5,4,lr1e-04_bs32_modL1_fusion32_fusionL1_drop0p1_trmiss80_trlocclin,32,0.0001,1,32,1,0.1,lr1e-04_bs32_modL1_fusion32_fusionL1_drop0p1_trmiss80_trlocclin,31,0.4197694808244705,0.6904899775981903,0.5258620689655172,0.680455738461148,0.6222222222222222,0.0,0.0,0.0,0.0,2002,clin,0.8
5,4,lr1e-04_bs32_modL1_fusion32_fusionL1_drop0p1_trmiss80_trlocclin,32,0.0001,1,32,1,0.1,lr1e-04_bs32_modL1_fusion32_fusionL1_drop0p1_trmiss80_trlocclin,32,0.4302065223455429,0.6914547979831696,0.521551724137931,0.6784974222033175,0.5777777777777777,0.0,0.0,0.0,0.0,2002,clin,0.8
5,4,lr1e-04_bs32_modL1_fusion32_fusionL1_drop0p1_trmiss80_trlocclin,32,0.0001,1,32,1,0.1,lr1e-04_bs32_modL1_fusion32_fusionL1_drop0p1_trmiss80_trlocclin,33,0.4262011746565501,0.6922255456447601,0.5237068965517242,0.6803663185821958,0.5777777777777777,0.0,0.0,0.0,0.0,2002,clin,0.8
5,4,lr1e-04_bs32_modL1_fusion32_fusionL1_drop0p1_trmiss80_trlocclin,32,0.0001,1,32,1,0.1,lr1e-04_bs32_modL1_fusion32_fusionL1_drop0p1_trmiss80_trlocclin,34,0.4304817666610082,0.6934408247470856,0.5150862068965517,0.6703909491240678,0.6,0.0,0.0,0.0,0.0,2002,clin,0.8
5,4,lr1e-04_bs32_modL1_fusion32_fusionL1_drop0p1_trmiss80_trlocclin,32,0.0001,1,32,1,0.1,lr1e-04_bs32_modL1_fusion32_fusionL1_drop0p1_trmiss80_trlocclin,35,0.42477047940095264,0.6925808489322662,0.521551724137931,0.6768198825947436,0.6,0.0,0.0,0.0,0.0,2002,clin,0.8
5,4,lr1e-04_bs32_modL1_fusion32_fusionL1_drop0p1_trmiss80_trlocclin,32,0.0001,1,32,1,0.1,lr1e-04_bs32_modL1_fusion32_fusionL1_drop0p1_trmiss80_trlocclin,36,0.4152445395787557,0.6905929148197174,0.5258620689655172,0.680163665248871,0.5777777777777777,0.0,0.0,0.0,0.0,2002,clin,0.8
5,4,lr1e-04_bs32_modL1_fusion32_fusionL1_drop0p1_trmiss80_trlocclin,32,0.0001,1,32,1,0.1,lr1e-04_bs32_modL1_fusion32_fusionL1_drop0p1_trmiss80_trlocclin,37,0.4263785282770793,0.6922547817230225,0.5280172413793104,0.6819500381052237,0.5777777777777777,0.0,0.0,0.0,0.0,2002,clin,0.8
5,4,lr1e-04_bs32_modL1_fusion32_fusionL1_drop0p1_trmiss80_trlocclin,32,0.0001,1,32,1,0.1,lr1e-04_bs32_modL1_fusion32_fusionL1_drop0p1_trmiss80_trlocclin,38,0.4122859289248784,0.6917964220046997,0.5323275862068966,0.6853240687932289,0.6,0.0,0.0,0.0,0.0,2002,clin,0.8
5,4,lr1e-04_bs32_modL1_fusion32_fusionL1_drop0p1_trmiss80_trlocclin,32,0.0001,1,32,1,0.1,lr1e-04_bs32_modL1_fusion32_fusionL1_drop0p1_trmiss80_trlocclin,39,0.41906872391700745,0.6917676031589508,0.5258620689655172,0.6790444879953925,0.5777777777777777,0.0,0.0,0.0,0.0,2002,clin,0.8
5,4,lr1e-04_bs32_modL1_fusion32_fusionL1_drop0p1_trmiss80_trlocclin,32,0.0001,1,32,1,0.1,lr1e-04_bs32_modL1_fusion32_fusionL1_drop0p1_trmiss80_trlocclin,40,0.41606200734774273,0.6917877197265625,0.5258620689655172,0.6807225104862435,0.5555555555555556,0.0,0.0,0.0,0.0,2002,clin,0.8
5,4,lr1e-04_bs32_modL1_fusion32_fusionL1_drop0p1_trmiss80_trlocclin,32,0.0001,1,32,1,0.1,lr1e-04_bs32_modL1_fusion32_fusionL1_drop0p1_trmiss80_trlocclin,41,0.42132578293482464,0.6916041076183319,0.5258620689655172,0.678766671438084,0.5777777777777777,0.0,0.0,0.0,0.0,2002,clin,0.8
5,4,lr1e-04_bs32_modL1_fusion32_fusionL1_drop0p1_trmiss80_trlocclin,32,0.0001,1,32,1,0.1,lr1e-04_bs32_modL1_fusion32_fusionL1_drop0p1_trmiss80_trlocclin,42,0.44517774879932404,0.6903874576091766,0.5258620689655172,0.6803931743187874,0.5555555555555556,0.0,0.0,0.0,0.0,2002,clin,0.8
5,4,lr1e-04_bs32_modL1_fusion32_fusionL1_drop0p1_trmiss80_trlocclin,32,0.0001,1,32,1,0.1,lr1e-04_bs32_modL1_fusion32_fusionL1_drop0p1_trmiss80_trlocclin,43,0.4163408676783244,0.6917095482349396,0.521551724137931,0.6768198825947436,0.6,0.0,0.0,0.0,0.0,2002,clin,0.8
5,4,lr1e-04_bs32_modL1_fusion32_fusionL1_drop0p1_trmiss80_trlocclin,32,0.0001,1,32,1,0.1,lr1e-04_bs32_modL1_fusion32_fusionL1_drop0p1_trmiss80_trlocclin,44,0.428358922402064,0.6940228939056396,0.521551724137931,0.6768198825947436,0.5777777777777777,0.0,0.0,0.0,0.0,2002,clin,0.8
5,4,lr1e-04_bs32_modL1_fusion32_fusionL1_drop0p1_trmiss80_trlocclin,32,0.0001,1,32,1,0.1,lr1e-04_bs32_modL1_fusion32_fusionL1_drop0p1_trmiss80_trlocclin,45,0.4090665926535924,0.6940242350101471,0.5258620689655172,0.6796511875305109,0.5777777777777777,0.0,0.0,0.0,0.0,2002,clin,0.8
5,4,lr1e-04_bs32_modL1_fusion64_fusionL1_drop0p2_trmiss80_trlocclin,32,0.0001,1,64,1,0.2,lr1e-04_bs32_modL1_fusion64_fusionL1_drop0p2_trmiss80_trlocclin,1,0.7694613635540009,0.7136100828647614,0.40086206896551724,0.6030086236862404,0.37777777777777777,0.0,0.0,0.0,0.0,2002,clin,0.8
5,4,lr1e-04_bs32_modL1_fusion64_fusionL1_drop0p2_trmiss80_trlocclin,32,0.0001,1,64,1,0.2,lr1e-04_bs32_modL1_fusion64_fusionL1_drop0p2_trmiss80_trlocclin,2,0.7243029574553171,0.7218696177005768,0.40948275862068967,0.6234985641953541,0.4,0.0,0.0,0.0,0.0,2002,clin,0.8
5,4,lr1e-04_bs32_modL1_fusion64_fusionL1_drop0p2_trmiss80_trlocclin,32,0.0001,1,64,1,0.2,lr1e-04_bs32_modL1_fusion64_fusionL1_drop0p2_trmiss80_trlocclin,3,0.6905981997648875,0.7203155159950256,0.4504310344827586,0.6835206751967327,0.37777777777777777,0.0,0.0,0.0,0.0,2002,clin,0.8
5,4,lr1e-04_bs32_modL1_fusion64_fusionL1_drop0p2_trmiss80_trlocclin,32,0.0001,1,64,1,0.2,lr1e-04_bs32_modL1_fusion64_fusionL1_drop0p2_trmiss80_trlocclin,4,0.6858080327510834,0.7197601199150085,0.4676724137931035,0.6929181184336995,0.4,0.0,0.0,0.0,0.0,2002,clin,0.8
5,4,lr1e-04_bs32_modL1_fusion64_fusionL1_drop0p2_trmiss80_trlocclin,32,0.0001,1,64,1,0.2,lr1e-04_bs32_modL1_fusion64_fusionL1_drop0p2_trmiss80_trlocclin,5,0.6487779915332794,0.7199217081069946,0.47844827586206895,0.693887302514941,0.4444444444444444,0.0,0.0,0.0,0.0,2002,clin,0.8
5,4,lr1e-04_bs32_modL1_fusion64_fusionL1_drop0p2_trmiss80_trlocclin,32,0.0001,1,64,1,0.2,lr1e-04_bs32_modL1_fusion64_fusionL1_drop0p2_trmiss80_trlocclin,6,0.6270838379859924,0.7248942852020264,0.46336206896551724,0.6914409690716061,0.4444444444444444,0.0,0.0,0.0,0.0,2002,clin,0.8
5,4,lr1e-04_bs32_modL1_fusion64_fusionL1_drop0p2_trmiss80_trlocclin,32,0.0001,1,64,1,0.2,lr1e-04_bs32_modL1_fusion64_fusionL1_drop0p2_trmiss80_trlocclin,7,0.6152806182702383,0.7239268720149994,0.47844827586206895,0.6974480122164735,0.4444444444444444,0.0,0.0,0.0,0.0,2002,clin,0.8
5,4,lr1e-04_bs32_modL1_fusion64_fusionL1_drop0p2_trmiss80_trlocclin,32,0.0001,1,64,1,0.2,lr1e-04_bs32_modL1_fusion64_fusionL1_drop0p2_trmiss80_trlocclin,8,0.5919374426205953,0.7237915098667145,0.4784482758620689,0.6981575746375286,0.4666666666666667,0.0,0.0,0.0,0.0,2002,clin,0.8
5,4,lr1e-04_bs32_modL1_fusion64_fusionL1_drop0p2_trmiss80_trlocclin,32,0.0001,1,64,1,0.2,lr1e-04_bs32_modL1_fusion64_fusionL1_drop0p2_trmiss80_trlocclin,9,0.5802079538504282,0.7194407284259796,0.48275862068965514,0.6951955266209181,0.4666666666666667,0.0,0.0,0.0,0.0,2002,clin,0.8
5,4,lr1e-04_bs32_modL1_fusion64_fusionL1_drop0p2_trmiss80_trlocclin,32,0.0001,1,64,1,0.2,lr1e-04_bs32_modL1_fusion64_fusionL1_drop0p2_trmiss80_trlocclin,10,0.5849148333072662,0.7161364853382111,0.49353448275862066,0.6892541572528655,0.4888888888888889,0.0,0.0,0.0,0.0,2002,clin,0.8
5,4,lr1e-04_bs32_modL1_fusion64_fusionL1_drop0p2_trmiss80_trlocclin,32,0.0001,1,64,1,0.2,lr1e-04_bs32_modL1_fusion64_fusionL1_drop0p2_trmiss80_trlocclin,11,0.5607551435629526,0.7136150896549225,0.5086206896551724,0.7019665608484219,0.5111111111111111,0.0,0.0,0.0,0.0,2002,clin,0.8
5,4,lr1e-04_bs32_modL1_fusion64_fusionL1_drop0p2_trmiss80_trlocclin,32,0.0001,1,64,1,0.2,lr1e-04_bs32_modL1_fusion64_fusionL1_drop0p2_trmiss80_trlocclin,12,0.5638303260008494,0.7123686373233795,0.5237068965517242,0.7203237559019317,0.4888888888888889,0.0,0.0,0.0,0.0,2002,clin,0.8
5,4,lr1e-04_bs32_modL1_fusion64_fusionL1_drop0p2_trmiss80_trlocclin,32,0.0001,1,64,1,0.2,lr1e-04_bs32_modL1_fusion64_fusionL1_drop0p2_trmiss80_trlocclin,13,0.5499565203984579,0.7114356756210327,0.5150862068965517,0.7039509549074711,0.5111111111111111,0.0,0.0,0.0,0.0,2002,clin,0.8
5,4,lr1e-04_bs32_modL1_fusion64_fusionL1_drop0p2_trmiss80_trlocclin,32,0.0001,1,64,1,0.2,lr1e-04_bs32_modL1_fusion64_fusionL1_drop0p2_trmiss80_trlocclin,14,0.5510749419530233,0.7066222131252289,0.5172413793103449,0.6978221270908028,0.4888888888888889,0.0,0.0,0.0,0.0,2002,clin,0.8
5,4,lr1e-04_bs32_modL1_fusion64_fusionL1_drop0p2_trmiss80_trlocclin,32,0.0001,1,64,1,0.2,lr1e-04_bs32_modL1_fusion64_fusionL1_drop0p2_trmiss80_trlocclin,15,0.546545480688413,0.7103208601474762,0.5150862068965517,0.6952383349532582,0.5111111111111111,0.0,0.0,0.0,0.0,2002,clin,0.8
5,4,lr1e-04_bs32_modL1_fusion64_fusionL1_drop0p2_trmiss80_trlocclin,32,0.0001,1,64,1,0.2,lr1e-04_bs32_modL1_fusion64_fusionL1_drop0p2_trmiss80_trlocclin,16,0.5399235089619955,0.7105609774589539,0.5150862068965518,0.693717036778816,0.4888888888888889,0.0,0.0,0.0,0.0,2002,clin,0.8
5,4,lr1e-04_bs32_modL1_fusion64_fusionL1_drop0p2_trmiss80_trlocclin,32,0.0001,1,64,1,0.2,lr1e-04_bs32_modL1_fusion64_fusionL1_drop0p2_trmiss80_trlocclin,17,0.5410089294115702,0.7095803618431091,0.5129310344827587,0.6981461072575822,0.4666666666666667,0.0,0.0,0.0,0.0,2002,clin,0.8
5,4,lr1e-04_bs32_modL1_fusion64_fusionL1_drop0p2_trmiss80_trlocclin,32,0.0001,1,64,1,0.2,lr1e-04_bs32_modL1_fusion64_fusionL1_drop0p2_trmiss80_trlocclin,18,0.518618201216062,0.7094848155975342,0.5237068965517242,0.7167974549016704,0.4666666666666667,0.0,0.0,0.0,0.0,2002,clin,0.8
5,4,lr1e-04_bs32_modL1_fusion64_fusionL1_drop0p2_trmiss80_trlocclin,32,0.0001,1,64,1,0.2,lr1e-04_bs32_modL1_fusion64_fusionL1_drop0p2_trmiss80_trlocclin,19,0.5366217394669851,0.7060137987136841,0.5344827586206897,0.7235654929203758,0.4666666666666667,0.0,0.0,0.0,0.0,2002,clin,0.8
5,4,lr1e-04_bs32_modL1_fusion64_fusionL1_drop0p2_trmiss80_trlocclin,32,0.0001,1,64,1,0.2,lr1e-04_bs32_modL1_fusion64_fusionL1_drop0p2_trmiss80_trlocclin,20,0.49551018079121906,0.712579995393753,0.5344827586206897,0.7233085752532505,0.4666666666666667,0.0,0.0,0.0,0.0,2002,clin,0.8
5,4,lr1e-04_bs32_modL1_fusion64_fusionL1_drop0p2_trmiss80_trlocclin,32,0.0001,1,64,1,0.2,lr1e-04_bs32_modL1_fusion64_fusionL1_drop0p2_trmiss80_trlocclin,21,0.5094151000181834,0.7130185961723328,0.5366379310344828,0.721836636674865,0.4888888888888889,0.0,0.0,0.0,0.0,2002,clin,0.8
5,4,lr1e-04_bs32_modL1_fusion64_fusionL1_drop0p2_trmiss80_trlocclin,32,0.0001,1,64,1,0.2,lr1e-04_bs32_modL1_fusion64_fusionL1_drop0p2_trmiss80_trlocclin,22,0.48927099506060284,0.7132388353347778,0.5301724137931034,0.7069923825103911,0.4666666666666667,0.0,0.0,0.0,0.0,2002,clin,0.8
5,4,lr1e-04_bs32_modL1_fusion64_fusionL1_drop0p2_trmiss80_trlocclin,32,0.0001,1,64,1,0.2,lr1e-04_bs32_modL1_fusion64_fusionL1_drop0p2_trmiss80_trlocclin,23,0.48419496913750965,0.7185558378696442,0.5193965517241379,0.6840373393094535,0.4666666666666667,0.0,0.0,0.0,0.0,2002,clin,0.8
5,4,lr1e-04_bs32_modL1_fusion64_fusionL1_drop0p2_trmiss80_trlocclin,32,0.0001,1,64,1,0.2,lr1e-04_bs32_modL1_fusion64_fusionL1_drop0p2_trmiss80_trlocclin,24,0.4973471164703369,0.7213766276836395,0.5086206896551725,0.6745276024196567,0.4666666666666667,0.0,0.0,0.0,0.0,2002,clin,0.8
5,4,lr1e-04_bs32_modL1_fusion64_fusionL1_drop0p2_trmiss80_trlocclin,32,0.0001,1,64,1,0.2,lr1e-04_bs32_modL1_fusion64_fusionL1_drop0p2_trmiss80_trlocclin,25,0.47406473755836487,0.7165144979953766,0.5172413793103449,0.6846258254307652,0.4666666666666667,0.0,0.0,0.0,0.0,2002,clin,0.8
5,4,lr1e-04_bs32_modL1_fusion64_fusionL1_drop0p2_trmiss80_trlocclin,32,0.0001,1,64,1,0.2,lr1e-04_bs32_modL1_fusion64_fusionL1_drop0p2_trmiss80_trlocclin,26,0.46993328630924225,0.7175524532794952,0.5193965517241379,0.6932465150859376,0.4666666666666667,0.0,0.0,0.0,0.0,2002,clin,0.8
5,4,lr1e-04_bs32_modL1_fusion64_fusionL1_drop0p2_trmiss80_trlocclin,32,0.0001,1,64,1,0.2,lr1e-04_bs32_modL1_fusion64_fusionL1_drop0p2_trmiss80_trlocclin,27,0.4715808033943176,0.717867910861969,0.5150862068965517,0.6796400875602504,0.4666666666666667,0.0,0.0,0.0,0.0,2002,clin,0.8
5,4,lr1e-04_bs32_modL1_fusion64_fusionL1_drop0p2_trmiss80_trlocclin,32,0.0001,1,64,1,0.2,lr1e-04_bs32_modL1_fusion64_fusionL1_drop0p2_trmiss80_trlocclin,28,0.4563109328349431,0.7167518734931946,0.5172413793103448,0.6807491821357696,0.4666666666666667,0.0,0.0,0.0,0.0,2002,clin,0.8
5,4,lr1e-04_bs32_modL1_fusion64_fusionL1_drop0p2_trmiss80_trlocclin,32,0.0001,1,64,1,0.2,lr1e-04_bs32_modL1_fusion64_fusionL1_drop0p2_trmiss80_trlocclin,29,0.4725959748029709,0.7198421657085419,0.5129310344827587,0.6777752537988648,0.4666666666666667,0.0,0.0,0.0,0.0,2002,clin,0.8
5,4,lr1e-04_bs32_modL1_fusion64_fusionL1_drop0p2_trmiss80_trlocclin,32,0.0001,1,64,1,0.2,lr1e-04_bs32_modL1_fusion64_fusionL1_drop0p2_trmiss80_trlocclin,30,0.4843090971310933,0.7232004702091217,0.5129310344827587,0.6796635953423787,0.4666666666666667,0.0,0.0,0.0,0.0,2002,clin,0.8
5,4,lr1e-04_bs32_modL1_fusion64_fusionL1_drop0p2_trmiss80_trlocclin,32,0.0001,1,64,1,0.2,lr1e-04_bs32_modL1_fusion64_fusionL1_drop0p2_trmiss80_trlocclin,31,0.4476584742466609,0.7218686938285828,0.5193965517241379,0.6821763242616412,0.4666666666666667,0.0,0.0,0.0,0.0,2002,clin,0.8
5,4,lr1e-04_bs32_modL1_fusion64_fusionL1_drop0p2_trmiss80_trlocclin,32,0.0001,1,64,1,0.2,lr1e-04_bs32_modL1_fusion64_fusionL1_drop0p2_trmiss80_trlocclin,32,0.457013597091039,0.7205550074577332,0.5258620689655173,0.680349684651107,0.4666666666666667,0.0,0.0,0.0,0.0,2002,clin,0.8
5,4,lr1e-04_bs32_modL1_fusion64_fusionL1_drop0p2_trmiss80_trlocclin,32,0.0001,1,64,1,0.2,lr1e-04_bs32_modL1_fusion64_fusionL1_drop0p2_trmiss80_trlocclin,33,0.459026758869489,0.7240850329399109,0.5301724137931034,0.6825034004199508,0.4666666666666667,0.0,0.0,0.0,0.0,2002,clin,0.8
5,4,lr1e-04_bs32_modL1_fusion64_fusionL1_drop0p2_trmiss80_trlocclin,32,0.0001,1,64,1,0.2,lr1e-04_bs32_modL1_fusion64_fusionL1_drop0p2_trmiss80_trlocclin,34,0.45610497891902924,0.7237890064716339,0.5301724137931034,0.6825034004199508,0.4666666666666667,0.0,0.0,0.0,0.0,2002,clin,0.8
5,4,lr1e-04_bs32_modL1_fusion64_fusionL1_drop0p2_trmiss80_trlocclin,32,0.0001,1,64,1,0.2,lr1e-04_bs32_modL1_fusion64_fusionL1_drop0p2_trmiss80_trlocclin,35,0.44086989760398865,0.7220839560031891,0.5280172413793103,0.680861364295156,0.4666666666666667,0.0,0.0,0.0,0.0,2002,clin,0.8
5,4,lr1e-04_bs32_modL1_fusion64_fusionL1_drop0p2_trmiss80_trlocclin,32,0.0001,1,64,1,0.2,lr1e-04_bs32_modL1_fusion64_fusionL1_drop0p2_trmiss80_trlocclin,36,0.45289767781893414,0.7272129654884338,0.5280172413793103,0.680861364295156,0.4666666666666667,0.0,0.0,0.0,0.0,2002,clin,0.8
5,4,lr1e-04_bs32_modL1_fusion64_fusionL1_drop0p2_trmiss80_trlocclin,32,0.0001,1,64,1,0.2,lr1e-04_bs32_modL1_fusion64_fusionL1_drop0p2_trmiss80_trlocclin,37,0.436898335814476,0.7246897220611572,0.5258620689655172,0.6802424429865794,0.4666666666666667,0.0,0.0,0.0,0.0,2002,clin,0.8
5,4,lr1e-04_bs32_modL1_fusion64_fusionL1_drop0p2_trmiss80_trlocclin,32,0.0001,1,64,1,0.2,lr1e-04_bs32_modL1_fusion64_fusionL1_drop0p2_trmiss80_trlocclin,38,0.4535077710946401,0.7283785343170166,0.521551724137931,0.6783746383003697,0.4666666666666667,0.0,0.0,0.0,0.0,2002,clin,0.8
5,4,lr1e-04_bs32_modL1_fusion64_fusionL1_drop0p2_trmiss80_trlocclin,32,0.0001,1,64,1,0.2,lr1e-04_bs32_modL1_fusion64_fusionL1_drop0p2_trmiss80_trlocclin,39,0.4370441238085429,0.7276112139225006,0.5172413793103449,0.6640829558297926,0.4666666666666667,0.0,0.0,0.0,0.0,2002,clin,0.8
5,4,lr1e-04_bs32_modL1_fusion64_fusionL1_drop0p2_trmiss80_trlocclin,32,0.0001,1,64,1,0.2,lr1e-04_bs32_modL1_fusion64_fusionL1_drop0p2_trmiss80_trlocclin,40,0.45503653585910797,0.7262800931930542,0.5086206896551724,0.6584530755471542,0.4666666666666667,0.0,0.0,0.0,0.0,2002,clin,0.8
5,4,lr1e-04_bs32_modL1_fusion64_fusionL1_drop0p2_trmiss80_trlocclin,32,0.0001,1,64,1,0.2,lr1e-04_bs32_modL1_fusion64_fusionL1_drop0p2_trmiss80_trlocclin,41,0.43963950872421265,0.7231316864490509,0.5107758620689655,0.6590498925232815,0.4444444444444444,0.0,0.0,0.0,0.0,2002,clin,0.8
5,4,lr1e-04_bs32_modL1_fusion64_fusionL1_drop0p1_trmiss80_trlocclin,32,0.0001,1,64,1,0.1,lr1e-04_bs32_modL1_fusion64_fusionL1_drop0p1_trmiss80_trlocclin,1,0.7098095218340555,0.6959549486637115,0.5474137931034482,0.7438842263966758,0.4888888888888889,0.0,0.0,0.0,0.0,2002,clin,0.8
5,4,lr1e-04_bs32_modL1_fusion64_fusionL1_drop0p1_trmiss80_trlocclin,32,0.0001,1,64,1,0.1,lr1e-04_bs32_modL1_fusion64_fusionL1_drop0p1_trmiss80_trlocclin,2,0.6393294334411621,0.6847366690635681,0.605603448275862,0.7765373780962075,0.5777777777777777,0.0,0.0,0.0,0.0,2002,clin,0.8
5,4,lr1e-04_bs32_modL1_fusion64_fusionL1_drop0p1_trmiss80_trlocclin,32,0.0001,1,64,1,0.1,lr1e-04_bs32_modL1_fusion64_fusionL1_drop0p1_trmiss80_trlocclin,3,0.5938714345296224,0.6753567457199097,0.6314655172413792,0.796868174318865,0.6,0.0,0.0,0.0,0.0,2002,clin,0.8
5,4,lr1e-04_bs32_modL1_fusion64_fusionL1_drop0p1_trmiss80_trlocclin,32,0.0001,1,64,1,0.1,lr1e-04_bs32_modL1_fusion64_fusionL1_drop0p1_trmiss80_trlocclin,4,0.5843233068784078,0.6650905311107635,0.6594827586206897,0.8118658466243402,0.6666666666666666,0.0,0.0,0.0,0.0,2002,clin,0.8
5,4,lr1e-04_bs32_modL1_fusion64_fusionL1_drop0p1_trmiss80_trlocclin,32,0.0001,1,64,1,0.1,lr1e-04_bs32_modL1_fusion64_fusionL1_drop0p1_trmiss80_trlocclin,5,0.5541327993075053,0.653989166021347,0.6767241379310345,0.8293202236284307,0.6222222222222222,0.0,0.0,0.0,0.0,2002,clin,0.8
5,4,lr1e-04_bs32_modL1_fusion64_fusionL1_drop0p1_trmiss80_trlocclin,32,0.0001,1,64,1,0.1,lr1e-04_bs32_modL1_fusion64_fusionL1_drop0p1_trmiss80_trlocclin,6,0.5239674150943756,0.6528516709804535,0.6508620689655172,0.8155118434717068,0.5777777777777777,0.0,0.0,0.0,0.0,2002,clin,0.8
5,4,lr1e-04_bs32_modL1_fusion64_fusionL1_drop0p1_trmiss80_trlocclin,32,0.0001,1,64,1,0.1,lr1e-04_bs32_modL1_fusion64_fusionL1_drop0p1_trmiss80_trlocclin,7,0.4959794928630193,0.6488687992095947,0.6357758620689655,0.8154260542025025,0.5777777777777777,0.0,0.0,0.0,0.0,2002,clin,0.8
5,4,lr1e-04_bs32_modL1_fusion64_fusionL1_drop0p1_trmiss80_trlocclin,32,0.0001,1,64,1,0.1,lr1e-04_bs32_modL1_fusion64_fusionL1_drop0p1_trmiss80_trlocclin,8,0.4809620926777522,0.6470598876476288,0.6422413793103449,0.8107004266146303,0.5777777777777777,0.0,0.0,0.0,0.0,2002,clin,0.8
5,4,lr1e-04_bs32_modL1_fusion64_fusionL1_drop0p1_trmiss80_trlocclin,32,0.0001,1,64,1,0.1,lr1e-04_bs32_modL1_fusion64_fusionL1_drop0p1_trmiss80_trlocclin,9,0.47636817892392475,0.6460075676441193,0.6206896551724137,0.8046378722222467,0.5333333333333333,0.0,0.0,0.0,0.0,2002,clin,0.8
5,4,lr1e-04_bs32_modL1_fusion64_fusionL1_drop0p1_trmiss80_trlocclin,32,0.0001,1,64,1,0.1,lr1e-04_bs32_modL1_fusion64_fusionL1_drop0p1_trmiss80_trlocclin,10,0.44363487760225934,0.6460627317428589,0.6185344827586207,0.8039197699988199,0.5111111111111111,0.0,0.0,0.0,0.0,2002,clin,0.8
5,4,lr1e-04_bs32_modL1_fusion64_fusionL1_drop0p1_trmiss80_trlocclin,32,0.0001,1,64,1,0.1,lr1e-04_bs32_modL1_fusion64_fusionL1_drop0p1_trmiss80_trlocclin,11,0.42191075285275775,0.6478531658649445,0.6077586206896551,0.7994977682619615,0.5111111111111111,0.0,0.0,0.0,0.0,2002,clin,0.8
5,4,lr1e-04_bs32_modL1_fusion64_fusionL1_drop0p1_trmiss80_trlocclin,32,0.0001,1,64,1,0.1,lr1e-04_bs32_modL1_fusion64_fusionL1_drop0p1_trmiss80_trlocclin,12,0.42542878290017444,0.6415750682353973,0.6357758620689655,0.8100925839308757,0.5777777777777777,0.0,0.0,0.0,0.0,2002,clin,0.8
5,4,lr1e-04_bs32_modL1_fusion64_fusionL1_drop0p1_trmiss80_trlocclin,32,0.0001,1,64,1,0.1,lr1e-04_bs32_modL1_fusion64_fusionL1_drop0p1_trmiss80_trlocclin,13,0.406375711162885,0.6340561509132385,0.6681034482758621,0.8262523783590598,0.6222222222222222,0.0,0.0,0.0,0.0,2002,clin,0.8
5,4,lr1e-04_bs32_modL1_fusion64_fusionL1_drop0p1_trmiss80_trlocclin,32,0.0001,1,64,1,0.1,lr1e-04_bs32_modL1_fusion64_fusionL1_drop0p1_trmiss80_trlocclin,14,0.3929321616888046,0.6368690133094788,0.6357758620689655,0.799627206294629,0.5555555555555556,0.0,0.0,0.0,0.0,2002,clin,0.8
5,4,lr1e-04_bs32_modL1_fusion64_fusionL1_drop0p1_trmiss80_trlocclin,32,0.0001,1,64,1,0.1,lr1e-04_bs32_modL1_fusion64_fusionL1_drop0p1_trmiss80_trlocclin,15,0.39025797446568805,0.6400725841522217,0.622844827586207,0.7951414246068731,0.5111111111111111,0.0,0.0,0.0,0.0,2002,clin,0.8
5,4,lr1e-04_bs32_modL1_fusion64_fusionL1_drop0p1_trmiss80_trlocclin,32,0.0001,1,64,1,0.1,lr1e-04_bs32_modL1_fusion64_fusionL1_drop0p1_trmiss80_trlocclin,16,0.37269694606463116,0.6451134383678436,0.5991379310344828,0.7888469266621647,0.5333333333333333,0.0,0.0,0.0,0.0,2002,clin,0.8
5,4,lr1e-04_bs32_modL1_fusion64_fusionL1_drop0p1_trmiss80_trlocclin,32,0.0001,1,64,1,0.1,lr1e-04_bs32_modL1_fusion64_fusionL1_drop0p1_trmiss80_trlocclin,17,0.3451202114423116,0.6439046561717987,0.627155172413793,0.7960506339035169,0.5555555555555556,0.0,0.0,0.0,0.0,2002,clin,0.8
5,4,lr1e-04_bs32_modL1_fusion64_fusionL1_drop0p1_trmiss80_trlocclin,32,0.0001,1,64,1,0.1,lr1e-04_bs32_modL1_fusion64_fusionL1_drop0p1_trmiss80_trlocclin,18,0.35242538650830585,0.6535050868988037,0.6099137931034482,0.7845241736926216,0.5777777777777777,0.0,0.0,0.0,0.0,2002,clin,0.8
5,4,lr1e-04_bs32_modL1_fusion64_fusionL1_drop0p1_trmiss80_trlocclin,32,0.0001,1,64,1,0.1,lr1e-04_bs32_modL1_fusion64_fusionL1_drop0p1_trmiss80_trlocclin,19,0.34859561920166016,0.6548135876655579,0.6077586206896552,0.7841169754222606,0.5555555555555556,0.0,0.0,0.0,0.0,2002,clin,0.8
5,4,lr1e-04_bs32_modL1_fusion64_fusionL1_drop0p1_trmiss80_trlocclin,32,0.0001,1,64,1,0.1,lr1e-04_bs32_modL1_fusion64_fusionL1_drop0p1_trmiss80_trlocclin,20,0.3465633342663447,0.6540287733078003,0.5926724137931034,0.7795374071044903,0.5777777777777777,0.0,0.0,0.0,0.0,2002,clin,0.8
5,4,lr1e-04_bs32_modL1_fusion64_fusionL1_drop0p1_trmiss80_trlocclin,32,0.0001,1,64,1,0.1,lr1e-04_bs32_modL1_fusion64_fusionL1_drop0p1_trmiss80_trlocclin,21,0.33142336706320447,0.6582416296005249,0.5862068965517241,0.7777266498037148,0.5777777777777777,0.0,0.0,0.0,0.0,2002,clin,0.8
5,4,lr1e-04_bs32_modL1_fusion64_fusionL1_drop0p1_trmiss80_trlocclin,32,0.0001,1,64,1,0.1,lr1e-04_bs32_modL1_fusion64_fusionL1_drop0p1_trmiss80_trlocclin,22,0.3350895494222641,0.6611652076244354,0.584051724137931,0.7716568776722368,0.5777777777777777,0.0,0.0,0.0,0.0,2002,clin,0.8
5,4,lr1e-04_bs32_modL1_fusion64_fusionL1_drop0p1_trmiss80_trlocclin,32,0.0001,1,64,1,0.1,lr1e-04_bs32_modL1_fusion64_fusionL1_drop0p1_trmiss80_trlocclin,23,0.3134748786687851,0.6564576923847198,0.5797413793103448,0.7709403326725701,0.5111111111111111,0.0,0.0,0.0,0.0,2002,clin,0.8
5,4,lr1e-04_bs32_modL1_fusion64_fusionL1_drop0p1_trmiss80_trlocclin,32,0.0001,1,64,1,0.1,lr1e-04_bs32_modL1_fusion64_fusionL1_drop0p1_trmiss80_trlocclin,24,0.3059907505909602,0.6576996445655823,0.5668103448275862,0.7654492472365368,0.5111111111111111,0.0,0.0,0.0,0.0,2002,clin,0.8
5,4,lr1e-04_bs32_modL1_fusion64_fusionL1_drop0p1_trmiss80_trlocclin,32,0.0001,1,64,1,0.1,lr1e-04_bs32_modL1_fusion64_fusionL1_drop0p1_trmiss80_trlocclin,25,0.29419320821762085,0.6568962633609772,0.5754310344827587,0.7684922196324302,0.5333333333333333,0.0,0.0,0.0,0.0,2002,clin,0.8
5,5,lr5e-05_bs16_modL1_fusion32_fusionL1_drop0p2_trmiss80_trlocclin,16,5e-05,1,32,1,0.2,lr5e-05_bs16_modL1_fusion32_fusionL1_drop0p2_trmiss80_trlocclin,1,0.7570235977570215,0.7092123230298361,0.4719827586206896,0.6486183351621205,0.37777777777777777,0.0,0.0,0.0,0.0,2002,clin,0.8
5,5,lr5e-05_bs16_modL1_fusion32_fusionL1_drop0p2_trmiss80_trlocclin,16,5e-05,1,32,1,0.2,lr5e-05_bs16_modL1_fusion32_fusionL1_drop0p2_trmiss80_trlocclin,2,0.7136641293764114,0.7024187843004862,0.46336206896551724,0.6510245870287423,0.5111111111111111,0.0,0.0,0.0,0.0,2002,clin,0.8
5,5,lr5e-05_bs16_modL1_fusion32_fusionL1_drop0p2_trmiss80_trlocclin,16,5e-05,1,32,1,0.2,lr5e-05_bs16_modL1_fusion32_fusionL1_drop0p2_trmiss80_trlocclin,3,0.6832073032855988,0.7022077441215515,0.45905172413793105,0.6390638944370304,0.4666666666666667,0.0,0.0,0.0,0.0,2002,clin,0.8
5,5,lr5e-05_bs16_modL1_fusion32_fusionL1_drop0p2_trmiss80_trlocclin,16,5e-05,1,32,1,0.2,lr5e-05_bs16_modL1_fusion32_fusionL1_drop0p2_trmiss80_trlocclin,4,0.6805119017759959,0.7050209442774454,0.4418103448275862,0.6302760079391562,0.4888888888888889,0.0,0.0,0.0,0.0,2002,clin,0.8
5,5,lr5e-05_bs16_modL1_fusion32_fusionL1_drop0p2_trmiss80_trlocclin,16,5e-05,1,32,1,0.2,lr5e-05_bs16_modL1_fusion32_fusionL1_drop0p2_trmiss80_trlocclin,5,0.6647559652725855,0.7063277761141459,0.4504310344827586,0.6370664439586612,0.4666666666666667,0.0,0.0,0.0,0.0,2002,clin,0.8
5,5,lr5e-05_bs16_modL1_fusion32_fusionL1_drop0p2_trmiss80_trlocclin,16,5e-05,1,32,1,0.2,lr5e-05_bs16_modL1_fusion32_fusionL1_drop0p2_trmiss80_trlocclin,6,0.6504803597927094,0.7030594150225321,0.4525862068965517,0.6392920228265829,0.4444444444444444,0.0,0.0,0.0,0.0,2002,clin,0.8
5,5,lr5e-05_bs16_modL1_fusion32_fusionL1_drop0p2_trmiss80_trlocclin,16,5e-05,1,32,1,0.2,lr5e-05_bs16_modL1_fusion32_fusionL1_drop0p2_trmiss80_trlocclin,7,0.6307277133067449,0.6983734766642252,0.4504310344827587,0.6355826376646673,0.4666666666666667,0.0,0.0,0.0,0.0,2002,clin,0.8
5,5,lr5e-05_bs16_modL1_fusion32_fusionL1_drop0p2_trmiss80_trlocclin,16,5e-05,1,32,1,0.2,lr5e-05_bs16_modL1_fusion32_fusionL1_drop0p2_trmiss80_trlocclin,8,0.6278593490521113,0.7033976316452026,0.44396551724137934,0.6344816081497779,0.4444444444444444,0.0,0.0,0.0,0.0,2002,clin,0.8
5,5,lr5e-05_bs16_modL1_fusion32_fusionL1_drop0p2_trmiss80_trlocclin,16,5e-05,1,32,1,0.2,lr5e-05_bs16_modL1_fusion32_fusionL1_drop0p2_trmiss80_trlocclin,9,0.6193330983320872,0.7011648615201315,0.4353448275862069,0.6150084169705067,0.4,0.0,0.0,0.0,0.0,2002,clin,0.8
5,5,lr5e-05_bs16_modL1_fusion32_fusionL1_drop0p2_trmiss80_trlocclin,16,5e-05,1,32,1,0.2,lr5e-05_bs16_modL1_fusion32_fusionL1_drop0p2_trmiss80_trlocclin,10,0.6128379156192144,0.7022706468900045,0.43103448275862066,0.6274132074278845,0.4444444444444444,0.0,0.0,0.0,0.0,2002,clin,0.8
5,5,lr5e-05_bs16_modL1_fusion32_fusionL1_drop0p2_trmiss80_trlocclin,16,5e-05,1,32,1,0.2,lr5e-05_bs16_modL1_fusion32_fusionL1_drop0p2_trmiss80_trlocclin,11,0.6173703372478485,0.7070381244023641,0.4051724137931035,0.5998386890431767,0.4222222222222222,0.0,0.0,0.0,0.0,2002,clin,0.8
5,5,lr5e-05_bs16_modL1_fusion32_fusionL1_drop0p2_trmiss80_trlocclin,16,5e-05,1,32,1,0.2,lr5e-05_bs16_modL1_fusion32_fusionL1_drop0p2_trmiss80_trlocclin,12,0.6173417419195175,0.6991611917813619,0.41163793103448276,0.6118888379175804,0.4666666666666667,0.0,0.0,0.0,0.0,2002,clin,0.8
5,5,lr5e-05_bs16_modL1_fusion32_fusionL1_drop0p2_trmiss80_trlocclin,16,5e-05,1,32,1,0.2,lr5e-05_bs16_modL1_fusion32_fusionL1_drop0p2_trmiss80_trlocclin,13,0.5968047926823298,0.6950857440630595,0.42887931034482757,0.6174498610566387,0.4666666666666667,0.0,0.0,0.0,0.0,2002,clin,0.8
5,5,lr5e-05_bs16_modL1_fusion32_fusionL1_drop0p2_trmiss80_trlocclin,16,5e-05,1,32,1,0.2,lr5e-05_bs16_modL1_fusion32_fusionL1_drop0p2_trmiss80_trlocclin,14,0.57599455366532,0.6942407886187235,0.4375,0.6243300265592062,0.4888888888888889,0.0,0.0,0.0,0.0,2002,clin,0.8
5,5,lr5e-05_bs16_modL1_fusion32_fusionL1_drop0p2_trmiss80_trlocclin,16,5e-05,1,32,1,0.2,lr5e-05_bs16_modL1_fusion32_fusionL1_drop0p2_trmiss80_trlocclin,15,0.6030510018269221,0.6927226980527242,0.4375,0.6223359516922797,0.5111111111111111,0.0,0.0,0.0,0.0,2002,clin,0.8
5,5,lr5e-05_bs16_modL1_fusion32_fusionL1_drop0p2_trmiss80_trlocclin,16,5e-05,1,32,1,0.2,lr5e-05_bs16_modL1_fusion32_fusionL1_drop0p2_trmiss80_trlocclin,16,0.5924326827128729,0.6976547638575236,0.43103448275862066,0.6126945243464114,0.4666666666666667,0.0,0.0,0.0,0.0,2002,clin,0.8
5,5,lr5e-05_bs16_modL1_fusion32_fusionL1_drop0p2_trmiss80_trlocclin,16,5e-05,1,32,1,0.2,lr5e-05_bs16_modL1_fusion32_fusionL1_drop0p2_trmiss80_trlocclin,17,0.5585212955872217,0.6970227162043253,0.4375,0.6161863587459536,0.4888888888888889,0.0,0.0,0.0,0.0,2002,clin,0.8
5,5,lr5e-05_bs16_modL1_fusion32_fusionL1_drop0p2_trmiss80_trlocclin,16,5e-05,1,32,1,0.2,lr5e-05_bs16_modL1_fusion32_fusionL1_drop0p2_trmiss80_trlocclin,18,0.5675786559780439,0.690648098786672,0.4418103448275862,0.6270799352555225,0.4666666666666667,0.0,0.0,0.0,0.0,2002,clin,0.8
5,5,lr5e-05_bs16_modL1_fusion32_fusionL1_drop0p2_trmiss80_trlocclin,16,5e-05,1,32,1,0.2,lr5e-05_bs16_modL1_fusion32_fusionL1_drop0p2_trmiss80_trlocclin,19,0.5614395613471667,0.6881670157114664,0.4525862068965517,0.6356643565716198,0.4666666666666667,0.0,0.0,0.0,0.0,2002,clin,0.8
5,5,lr5e-05_bs16_modL1_fusion32_fusionL1_drop0p2_trmiss80_trlocclin,16,5e-05,1,32,1,0.2,lr5e-05_bs16_modL1_fusion32_fusionL1_drop0p2_trmiss80_trlocclin,20,0.5590991526842117,0.6939891576766968,0.4461206896551725,0.6238307378770059,0.4666666666666667,0.0,0.0,0.0,0.0,2002,clin,0.8
5,5,lr5e-05_bs16_modL1_fusion32_fusionL1_drop0p2_trmiss80_trlocclin,16,5e-05,1,32,1,0.2,lr5e-05_bs16_modL1_fusion32_fusionL1_drop0p2_trmiss80_trlocclin,21,0.5584983676671982,0.693862795829773,0.4525862068965517,0.6335873822540552,0.5111111111111111,0.0,0.0,0.0,0.0,2002,clin,0.8
5,5,lr5e-05_bs16_modL1_fusion32_fusionL1_drop0p1_trmiss80_trlocclin,16,5e-05,1,32,1,0.1,lr5e-05_bs16_modL1_fusion32_fusionL1_drop0p1_trmiss80_trlocclin,1,0.724591001868248,0.718968411286672,0.5969827586206897,0.7722251824597296,0.4444444444444444,0.0,0.0,0.0,0.0,2002,clin,0.8
5,5,lr5e-05_bs16_modL1_fusion32_fusionL1_drop0p1_trmiss80_trlocclin,16,5e-05,1,32,1,0.1,lr5e-05_bs16_modL1_fusion32_fusionL1_drop0p1_trmiss80_trlocclin,2,0.698963075876236,0.7162790099779764,0.540948275862069,0.7476637896572904,0.4666666666666667,0.0,0.0,0.0,0.0,2002,clin,0.8
5,5,lr5e-05_bs16_modL1_fusion32_fusionL1_drop0p1_trmiss80_trlocclin,16,5e-05,1,32,1,0.1,lr5e-05_bs16_modL1_fusion32_fusionL1_drop0p1_trmiss80_trlocclin,3,0.6814723908901215,0.7119892438252767,0.5581896551724138,0.746990700454712,0.4888888888888889,0.0,0.0,0.0,0.0,2002,clin,0.8
5,5,lr5e-05_bs16_modL1_fusion32_fusionL1_drop0p1_trmiss80_trlocclin,16,5e-05,1,32,1,0.1,lr5e-05_bs16_modL1_fusion32_fusionL1_drop0p1_trmiss80_trlocclin,4,0.6652642289797465,0.7116672396659851,0.5818965517241379,0.7588481455960345,0.5111111111111111,0.0,0.0,0.0,0.0,2002,clin,0.8
5,5,lr5e-05_bs16_modL1_fusion32_fusionL1_drop0p1_trmiss80_trlocclin,16,5e-05,1,32,1,0.1,lr5e-05_bs16_modL1_fusion32_fusionL1_drop0p1_trmiss80_trlocclin,5,0.6430300821860632,0.7027955452601115,0.5797413793103449,0.7625553607733488,0.4888888888888889,0.0,0.0,0.0,0.0,2002,clin,0.8
5,5,lr5e-05_bs16_modL1_fusion32_fusionL1_drop0p1_trmiss80_trlocclin,16,5e-05,1,32,1,0.1,lr5e-05_bs16_modL1_fusion32_fusionL1_drop0p1_trmiss80_trlocclin,6,0.6320365766684214,0.7057751019795736,0.5732758620689655,0.7495904481375586,0.4666666666666667,0.0,0.0,0.0,0.0,2002,clin,0.8
5,5,lr5e-05_bs16_modL1_fusion32_fusionL1_drop0p1_trmiss80_trlocclin,16,5e-05,1,32,1,0.1,lr5e-05_bs16_modL1_fusion32_fusionL1_drop0p1_trmiss80_trlocclin,7,0.6316811392704645,0.6976959307988485,0.5969827586206897,0.7549962708279909,0.4666666666666667,0.0,0.0,0.0,0.0,2002,clin,0.8
5,5,lr5e-05_bs16_modL1_fusion32_fusionL1_drop0p1_trmiss80_trlocclin,16,5e-05,1,32,1,0.1,lr5e-05_bs16_modL1_fusion32_fusionL1_drop0p1_trmiss80_trlocclin,8,0.5875866984327635,0.6978392601013184,0.5581896551724137,0.7356322422296615,0.5111111111111111,0.0,0.0,0.0,0.0,2002,clin,0.8
5,5,lr5e-05_bs16_modL1_fusion32_fusionL1_drop0p1_trmiss80_trlocclin,16,5e-05,1,32,1,0.1,lr5e-05_bs16_modL1_fusion32_fusionL1_drop0p1_trmiss80_trlocclin,9,0.588950311144193,0.7084898749987284,0.5366379310344828,0.7017443432035896,0.4222222222222222,0.0,0.0,0.0,0.0,2002,clin,0.8
5,5,lr5e-05_bs16_modL1_fusion32_fusionL1_drop0p1_trmiss80_trlocclin,16,5e-05,1,32,1,0.1,lr5e-05_bs16_modL1_fusion32_fusionL1_drop0p1_trmiss80_trlocclin,10,0.5846956620613734,0.7093939383824667,0.5387931034482758,0.7078873652893066,0.4444444444444444,0.0,0.0,0.0,0.0,2002,clin,0.8
5,5,lr5e-05_bs16_modL1_fusion32_fusionL1_drop0p1_trmiss80_trlocclin,16,5e-05,1,32,1,0.1,lr5e-05_bs16_modL1_fusion32_fusionL1_drop0p1_trmiss80_trlocclin,11,0.5880850007136663,0.7047797044118246,0.5517241379310345,0.7172180320786555,0.5111111111111111,0.0,0.0,0.0,0.0,2002,clin,0.8
5,5,lr5e-05_bs16_modL1_fusion32_fusionL1_drop0p1_trmiss80_trlocclin,16,5e-05,1,32,1,0.1,lr5e-05_bs16_modL1_fusion32_fusionL1_drop0p1_trmiss80_trlocclin,12,0.5762573654452959,0.6997188727060953,0.5538793103448276,0.7160406601120582,0.5333333333333333,0.0,0.0,0.0,0.0,2002,clin,0.8
5,5,lr5e-05_bs16_modL1_fusion32_fusionL1_drop0p1_trmiss80_trlocclin,16,5e-05,1,32,1,0.1,lr5e-05_bs16_modL1_fusion32_fusionL1_drop0p1_trmiss80_trlocclin,13,0.551206685602665,0.6983305215835571,0.5581896551724138,0.7218433937227805,0.5333333333333333,0.0,0.0,0.0,0.0,2002,clin,0.8
5,5,lr5e-05_bs16_modL1_fusion32_fusionL1_drop0p1_trmiss80_trlocclin,16,5e-05,1,32,1,0.1,lr5e-05_bs16_modL1_fusion32_fusionL1_drop0p1_trmiss80_trlocclin,14,0.5707855820655823,0.6983281175295512,0.5603448275862069,0.7176794394332882,0.5333333333333333,0.0,0.0,0.0,0.0,2002,clin,0.8
5,5,lr5e-05_bs16_modL1_fusion32_fusionL1_drop0p1_trmiss80_trlocclin,16,5e-05,1,32,1,0.1,lr5e-05_bs16_modL1_fusion32_fusionL1_drop0p1_trmiss80_trlocclin,15,0.5519507353504499,0.6871525843938192,0.5818965517241379,0.730194238948051,0.5555555555555556,0.0,0.0,0.0,0.0,2002,clin,0.8
5,5,lr5e-05_bs16_modL1_fusion32_fusionL1_drop0p1_trmiss80_trlocclin,16,5e-05,1,32,1,0.1,lr5e-05_bs16_modL1_fusion32_fusionL1_drop0p1_trmiss80_trlocclin,16,0.5311876212557157,0.6875540018081665,0.5905172413793104,0.7315654353397371,0.5333333333333333,0.0,0.0,0.0,0.0,2002,clin,0.8
5,5,lr5e-05_bs16_modL1_fusion32_fusionL1_drop0p1_trmiss80_trlocclin,16,5e-05,1,32,1,0.1,lr5e-05_bs16_modL1_fusion32_fusionL1_drop0p1_trmiss80_trlocclin,17,0.5313227996230125,0.6948578953742981,0.5969827586206897,0.7368775227354069,0.5777777777777777,0.0,0.0,0.0,0.0,2002,clin,0.8
5,5,lr5e-05_bs16_modL1_fusion32_fusionL1_drop0p1_trmiss80_trlocclin,16,5e-05,1,32,1,0.1,lr5e-05_bs16_modL1_fusion32_fusionL1_drop0p1_trmiss80_trlocclin,18,0.5431664288043976,0.695879062016805,0.5883620689655172,0.7374158873107516,0.5555555555555556,0.0,0.0,0.0,0.0,2002,clin,0.8
5,5,lr5e-05_bs16_modL1_fusion32_fusionL1_drop0p1_trmiss80_trlocclin,16,5e-05,1,32,1,0.1,lr5e-05_bs16_modL1_fusion32_fusionL1_drop0p1_trmiss80_trlocclin,19,0.5347698902090391,0.6914522250493368,0.5883620689655172,0.739425557637221,0.5333333333333333,0.0,0.0,0.0,0.0,2002,clin,0.8
5,5,lr5e-05_bs16_modL1_fusion32_fusionL1_drop0p1_trmiss80_trlocclin,16,5e-05,1,32,1,0.1,lr5e-05_bs16_modL1_fusion32_fusionL1_drop0p1_trmiss80_trlocclin,20,0.5475810145338377,0.6938595771789551,0.5926724137931034,0.7339721359036234,0.5555555555555556,0.0,0.0,0.0,0.0,2002,clin,0.8
5,5,lr5e-05_bs16_modL1_fusion32_fusionL1_drop0p1_trmiss80_trlocclin,16,5e-05,1,32,1,0.1,lr5e-05_bs16_modL1_fusion32_fusionL1_drop0p1_trmiss80_trlocclin,21,0.5151668960849444,0.6912064750989279,0.603448275862069,0.7063528967843915,0.5333333333333333,0.0,0.0,0.0,0.0,2002,clin,0.8
5,5,lr5e-05_bs16_modL1_fusion32_fusionL1_drop0p1_trmiss80_trlocclin,16,5e-05,1,32,1,0.1,lr5e-05_bs16_modL1_fusion32_fusionL1_drop0p1_trmiss80_trlocclin,22,0.5154480561614037,0.6931687792142233,0.5862068965517242,0.7014803899061848,0.5555555555555556,0.0,0.0,0.0,0.0,2002,clin,0.8
5,5,lr5e-05_bs16_modL1_fusion32_fusionL1_drop0p1_trmiss80_trlocclin,16,5e-05,1,32,1,0.1,lr5e-05_bs16_modL1_fusion32_fusionL1_drop0p1_trmiss80_trlocclin,23,0.5383559440573057,0.6980775992075602,0.5862068965517242,0.7025722699581047,0.5333333333333333,0.0,0.0,0.0,0.0,2002,clin,0.8
5,5,lr5e-05_bs16_modL1_fusion32_fusionL1_drop0p1_trmiss80_trlocclin,16,5e-05,1,32,1,0.1,lr5e-05_bs16_modL1_fusion32_fusionL1_drop0p1_trmiss80_trlocclin,24,0.5114620750149091,0.7016903559366862,0.5797413793103449,0.7043229611590276,0.5333333333333333,0.0,0.0,0.0,0.0,2002,clin,0.8
5,5,lr5e-05_bs16_modL1_fusion32_fusionL1_drop0p1_trmiss80_trlocclin,16,5e-05,1,32,1,0.1,lr5e-05_bs16_modL1_fusion32_fusionL1_drop0p1_trmiss80_trlocclin,25,0.5093285590410233,0.6910558342933655,0.5754310344827586,0.691315096579155,0.5111111111111111,0.0,0.0,0.0,0.0,2002,clin,0.8
5,5,lr5e-05_bs16_modL1_fusion32_fusionL1_drop0p1_trmiss80_trlocclin,16,5e-05,1,32,1,0.1,lr5e-05_bs16_modL1_fusion32_fusionL1_drop0p1_trmiss80_trlocclin,26,0.520713227490584,0.6899964610735575,0.5732758620689655,0.6967313818069878,0.5111111111111111,0.0,0.0,0.0,0.0,2002,clin,0.8
5,5,lr5e-05_bs16_modL1_fusion32_fusionL1_drop0p1_trmiss80_trlocclin,16,5e-05,1,32,1,0.1,lr5e-05_bs16_modL1_fusion32_fusionL1_drop0p1_trmiss80_trlocclin,27,0.49846675246953964,0.685683031876882,0.5732758620689655,0.6957812678367878,0.5333333333333333,0.0,0.0,0.0,0.0,2002,clin,0.8
5,5,lr5e-05_bs16_modL1_fusion32_fusionL1_drop0p1_trmiss80_trlocclin,16,5e-05,1,32,1,0.1,lr5e-05_bs16_modL1_fusion32_fusionL1_drop0p1_trmiss80_trlocclin,28,0.5010890737175941,0.6849085688591003,0.5948275862068966,0.7075632666688763,0.5333333333333333,0.0,0.0,0.0,0.0,2002,clin,0.8
5,5,lr5e-05_bs16_modL1_fusion32_fusionL1_drop0p1_trmiss80_trlocclin,16,5e-05,1,32,1,0.1,lr5e-05_bs16_modL1_fusion32_fusionL1_drop0p1_trmiss80_trlocclin,29,0.49528256555398303,0.6964490612347921,0.5711206896551724,0.6978444647221971,0.5111111111111111,0.0,0.0,0.0,0.0,2002,clin,0.8
5,5,lr5e-05_bs16_modL1_fusion32_fusionL1_drop0p1_trmiss80_trlocclin,16,5e-05,1,32,1,0.1,lr5e-05_bs16_modL1_fusion32_fusionL1_drop0p1_trmiss80_trlocclin,30,0.4986933047572772,0.6884978214899699,0.5991379310344828,0.7139216405692548,0.5111111111111111,0.0,0.0,0.0,0.0,2002,clin,0.8
5,5,lr5e-05_bs16_modL1_fusion32_fusionL1_drop0p1_trmiss80_trlocclin,16,5e-05,1,32,1,0.1,lr5e-05_bs16_modL1_fusion32_fusionL1_drop0p1_trmiss80_trlocclin,31,0.4952107196052869,0.6948457360267639,0.5862068965517242,0.7043214701912595,0.5333333333333333,0.0,0.0,0.0,0.0,2002,clin,0.8
5,5,lr5e-05_bs16_modL1_fusion32_fusionL1_drop0p1_trmiss80_trlocclin,16,5e-05,1,32,1,0.1,lr5e-05_bs16_modL1_fusion32_fusionL1_drop0p1_trmiss80_trlocclin,32,0.49682686229546863,0.6950790882110596,0.584051724137931,0.7036105364456557,0.5333333333333333,0.0,0.0,0.0,0.0,2002,clin,0.8
5,5,lr5e-05_bs16_modL1_fusion32_fusionL1_drop0p1_trmiss80_trlocclin,16,5e-05,1,32,1,0.1,lr5e-05_bs16_modL1_fusion32_fusionL1_drop0p1_trmiss80_trlocclin,33,0.5063299238681793,0.6902870337168375,0.5969827586206897,0.7143539774746632,0.5111111111111111,0.0,0.0,0.0,0.0,2002,clin,0.8
5,5,lr5e-05_bs16_modL1_fusion32_fusionL1_drop0p1_trmiss80_trlocclin,16,5e-05,1,32,1,0.1,lr5e-05_bs16_modL1_fusion32_fusionL1_drop0p1_trmiss80_trlocclin,34,0.5052753016352654,0.6906752387682596,0.5948275862068966,0.7084990054624651,0.5111111111111111,0.0,0.0,0.0,0.0,2002,clin,0.8
5,5,lr5e-05_bs16_modL1_fusion32_fusionL1_drop0p1_trmiss80_trlocclin,16,5e-05,1,32,1,0.1,lr5e-05_bs16_modL1_fusion32_fusionL1_drop0p1_trmiss80_trlocclin,35,0.5088097850481669,0.6927031477292379,0.6056034482758621,0.7152332643582726,0.5333333333333333,0.0,0.0,0.0,0.0,2002,clin,0.8
5,5,lr5e-05_bs16_modL1_fusion32_fusionL1_drop0p1_trmiss80_trlocclin,16,5e-05,1,32,1,0.1,lr5e-05_bs16_modL1_fusion32_fusionL1_drop0p1_trmiss80_trlocclin,36,0.4921957527597745,0.6889890631039938,0.6012931034482759,0.7115174602424197,0.5111111111111111,0.0,0.0,0.0,0.0,2002,clin,0.8
5,5,lr5e-05_bs16_modL1_fusion32_fusionL1_drop0p1_trmiss80_trlocclin,16,5e-05,1,32,1,0.1,lr5e-05_bs16_modL1_fusion32_fusionL1_drop0p1_trmiss80_trlocclin,37,0.4911227747797966,0.6838844815889994,0.6120689655172413,0.7184072298984687,0.5333333333333333,0.0,0.0,0.0,0.0,2002,clin,0.8
5,5,lr5e-05_bs16_modL1_fusion32_fusionL1_drop0p1_trmiss80_trlocclin,16,5e-05,1,32,1,0.1,lr5e-05_bs16_modL1_fusion32_fusionL1_drop0p1_trmiss80_trlocclin,38,0.49444006383419037,0.6852290630340576,0.6099137931034483,0.7162283748097451,0.5333333333333333,0.0,0.0,0.0,0.0,2002,clin,0.8
5,5,lr5e-05_bs16_modL1_fusion32_fusionL1_drop0p1_trmiss80_trlocclin,16,5e-05,1,32,1,0.1,lr5e-05_bs16_modL1_fusion32_fusionL1_drop0p1_trmiss80_trlocclin,39,0.5009267454346021,0.6902314225832621,0.603448275862069,0.7160911195801445,0.5333333333333333,0.0,0.0,0.0,0.0,2002,clin,0.8
5,5,lr5e-05_bs16_modL1_fusion32_fusionL1_drop0p1_trmiss80_trlocclin,16,5e-05,1,32,1,0.1,lr5e-05_bs16_modL1_fusion32_fusionL1_drop0p1_trmiss80_trlocclin,40,0.5163707782824835,0.6927750905354818,0.6012931034482758,0.7114170613868165,0.5333333333333333,0.0,0.0,0.0,0.0,2002,clin,0.8
5,5,lr5e-05_bs16_modL1_fusion32_fusionL1_drop0p1_trmiss80_trlocclin,16,5e-05,1,32,1,0.1,lr5e-05_bs16_modL1_fusion32_fusionL1_drop0p1_trmiss80_trlocclin,41,0.4807574550310771,0.6903893748919169,0.6012931034482758,0.7152168399330454,0.5111111111111111,0.0,0.0,0.0,0.0,2002,clin,0.8
5,5,lr5e-05_bs16_modL1_fusion32_fusionL1_drop0p1_trmiss80_trlocclin,16,5e-05,1,32,1,0.1,lr5e-05_bs16_modL1_fusion32_fusionL1_drop0p1_trmiss80_trlocclin,42,0.4881656890114148,0.68732617298762,0.5926724137931034,0.7071015306783637,0.5111111111111111,0.0,0.0,0.0,0.0,2002,clin,0.8
5,5,lr5e-05_bs16_modL1_fusion32_fusionL1_drop0p1_trmiss80_trlocclin,16,5e-05,1,32,1,0.1,lr5e-05_bs16_modL1_fusion32_fusionL1_drop0p1_trmiss80_trlocclin,43,0.4792601317167282,0.6895886460940043,0.5991379310344828,0.7098649647242254,0.5333333333333333,0.0,0.0,0.0,0.0,2002,clin,0.8
5,5,lr5e-05_bs16_modL1_fusion32_fusionL1_drop0p1_trmiss80_trlocclin,16,5e-05,1,32,1,0.1,lr5e-05_bs16_modL1_fusion32_fusionL1_drop0p1_trmiss80_trlocclin,44,0.4701947569847107,0.6881858706474304,0.6056034482758621,0.7150905537722763,0.5111111111111111,0.0,0.0,0.0,0.0,2002,clin,0.8
5,5,lr5e-05_bs16_modL1_fusion32_fusionL1_drop0p1_trmiss80_trlocclin,16,5e-05,1,32,1,0.1,lr5e-05_bs16_modL1_fusion32_fusionL1_drop0p1_trmiss80_trlocclin,45,0.49484766771396,0.6804777383804321,0.6120689655172413,0.7213640388207161,0.5333333333333333,0.0,0.0,0.0,0.0,2002,clin,0.8
5,5,lr5e-05_bs16_modL1_fusion32_fusionL1_drop0p1_trmiss80_trlocclin,16,5e-05,1,32,1,0.1,lr5e-05_bs16_modL1_fusion32_fusionL1_drop0p1_trmiss80_trlocclin,46,0.48760346323251724,0.6835299928983053,0.603448275862069,0.7115150515385369,0.5555555555555556,0.0,0.0,0.0,0.0,2002,clin,0.8
5,5,lr5e-05_bs16_modL1_fusion32_fusionL1_drop0p1_trmiss80_trlocclin,16,5e-05,1,32,1,0.1,lr5e-05_bs16_modL1_fusion32_fusionL1_drop0p1_trmiss80_trlocclin,47,0.4785970797141393,0.6858121951421102,0.6012931034482758,0.7141778904376308,0.5555555555555556,0.0,0.0,0.0,0.0,2002,clin,0.8
5,5,lr5e-05_bs16_modL1_fusion32_fusionL1_drop0p1_trmiss80_trlocclin,16,5e-05,1,32,1,0.1,lr5e-05_bs16_modL1_fusion32_fusionL1_drop0p1_trmiss80_trlocclin,48,0.4718637665112813,0.6828067302703857,0.603448275862069,0.7171763663315347,0.5555555555555556,0.0,0.0,0.0,0.0,2002,clin,0.8
5,5,lr5e-05_bs16_modL1_fusion32_fusionL1_drop0p1_trmiss80_trlocclin,16,5e-05,1,32,1,0.1,lr5e-05_bs16_modL1_fusion32_fusionL1_drop0p1_trmiss80_trlocclin,49,0.4843143920103709,0.6839894453684489,0.5969827586206896,0.7116438031516708,0.5333333333333333,0.0,0.0,0.0,0.0,2002,clin,0.8
5,5,lr5e-05_bs16_modL1_fusion32_fusionL1_drop0p1_trmiss80_trlocclin,16,5e-05,1,32,1,0.1,lr5e-05_bs16_modL1_fusion32_fusionL1_drop0p1_trmiss80_trlocclin,50,0.4921976899107297,0.6761139829953512,0.6142241379310345,0.7148263855424326,0.5555555555555556,0.0,0.0,0.0,0.0,2002,clin,0.8
5,5,lr5e-05_bs16_modL1_fusion32_fusionL1_drop0p1_trmiss80_trlocclin,16,5e-05,1,32,1,0.1,lr5e-05_bs16_modL1_fusion32_fusionL1_drop0p1_trmiss80_trlocclin,51,0.48751149078210193,0.6872760057449341,0.6099137931034482,0.7143297189486477,0.4888888888888889,0.0,0.0,0.0,0.0,2002,clin,0.8
5,5,lr5e-05_bs16_modL1_fusion32_fusionL1_drop0p1_trmiss80_trlocclin,16,5e-05,1,32,1,0.1,lr5e-05_bs16_modL1_fusion32_fusionL1_drop0p1_trmiss80_trlocclin,52,0.46618052075306576,0.6874226133028666,0.6077586206896551,0.7171449935853369,0.5111111111111111,0.0,0.0,0.0,0.0,2002,clin,0.8
5,5,lr5e-05_bs16_modL1_fusion32_fusionL1_drop0p1_trmiss80_trlocclin,16,5e-05,1,32,1,0.1,lr5e-05_bs16_modL1_fusion32_fusionL1_drop0p1_trmiss80_trlocclin,53,0.4615038683017095,0.6877249876658121,0.5969827586206896,0.7122247626719105,0.5333333333333333,0.0,0.0,0.0,0.0,2002,clin,0.8
5,5,lr5e-05_bs16_modL1_fusion32_fusionL1_drop0p1_trmiss80_trlocclin,16,5e-05,1,32,1,0.1,lr5e-05_bs16_modL1_fusion32_fusionL1_drop0p1_trmiss80_trlocclin,54,0.44970399886369705,0.6840227444966634,0.5991379310344827,0.7194299610442947,0.5555555555555556,0.0,0.0,0.0,0.0,2002,clin,0.8
5,5,lr5e-05_bs16_modL1_fusion32_fusionL1_drop0p1_trmiss80_trlocclin,16,5e-05,1,32,1,0.1,lr5e-05_bs16_modL1_fusion32_fusionL1_drop0p1_trmiss80_trlocclin,55,0.47415509323279065,0.6906570394833883,0.5883620689655172,0.7057025719165075,0.5333333333333333,0.0,0.0,0.0,0.0,2002,clin,0.8
5,5,lr5e-05_bs16_modL1_fusion32_fusionL1_drop0p1_trmiss80_trlocclin,16,5e-05,1,32,1,0.1,lr5e-05_bs16_modL1_fusion32_fusionL1_drop0p1_trmiss80_trlocclin,56,0.4888974229494731,0.6807138323783875,0.5818965517241379,0.7064261832932095,0.5333333333333333,0.0,0.0,0.0,0.0,2002,clin,0.8
5,5,lr5e-05_bs16_modL1_fusion32_fusionL1_drop0p1_trmiss80_trlocclin,16,5e-05,1,32,1,0.1,lr5e-05_bs16_modL1_fusion32_fusionL1_drop0p1_trmiss80_trlocclin,57,0.4844799389441808,0.6842639446258545,0.6012931034482759,0.7166673589004633,0.5333333333333333,0.0,0.0,0.0,0.0,2002,clin,0.8
5,5,lr5e-05_bs16_modL1_fusion32_fusionL1_drop0p1_trmiss80_trlocclin,16,5e-05,1,32,1,0.1,lr5e-05_bs16_modL1_fusion32_fusionL1_drop0p1_trmiss80_trlocclin,58,0.4748783086736997,0.6855062445004781,0.5969827586206896,0.7103230050800204,0.5333333333333333,0.0,0.0,0.0,0.0,2002,clin,0.8
5,5,lr5e-05_bs16_modL1_fusion32_fusionL1_drop0p1_trmiss80_trlocclin,16,5e-05,1,32,1,0.1,lr5e-05_bs16_modL1_fusion32_fusionL1_drop0p1_trmiss80_trlocclin,59,0.47104186067978543,0.691224197546641,0.584051724137931,0.7043561108013427,0.5333333333333333,0.0,0.0,0.0,0.0,2002,clin,0.8
5,5,lr5e-05_bs16_modL1_fusion32_fusionL1_drop0p1_trmiss80_trlocclin,16,5e-05,1,32,1,0.1,lr5e-05_bs16_modL1_fusion32_fusionL1_drop0p1_trmiss80_trlocclin,60,0.47870633254448575,0.6851764520009359,0.603448275862069,0.7156603755674951,0.5333333333333333,0.0,0.0,0.0,0.0,2002,clin,0.8
5,5,lr5e-05_bs16_modL1_fusion32_fusionL1_drop0p1_trmiss80_trlocclin,16,5e-05,1,32,1,0.1,lr5e-05_bs16_modL1_fusion32_fusionL1_drop0p1_trmiss80_trlocclin,61,0.501217948893706,0.6896476745605469,0.605603448275862,0.7110951500491602,0.5111111111111111,0.0,0.0,0.0,0.0,2002,clin,0.8
5,5,lr5e-05_bs16_modL1_fusion32_fusionL1_drop0p1_trmiss80_trlocclin,16,5e-05,1,32,1,0.1,lr5e-05_bs16_modL1_fusion32_fusionL1_drop0p1_trmiss80_trlocclin,62,0.4747074196736018,0.6934523781140646,0.5905172413793103,0.7078892466877877,0.5555555555555556,0.0,0.0,0.0,0.0,2002,clin,0.8
5,5,lr5e-05_bs16_modL1_fusion32_fusionL1_drop0p1_trmiss80_trlocclin,16,5e-05,1,32,1,0.1,lr5e-05_bs16_modL1_fusion32_fusionL1_drop0p1_trmiss80_trlocclin,63,0.4790717015663783,0.6940138737360636,0.584051724137931,0.7036500515831106,0.5333333333333333,0.0,0.0,0.0,0.0,2002,clin,0.8
5,5,lr5e-05_bs16_modL1_fusion32_fusionL1_drop0p1_trmiss80_trlocclin,16,5e-05,1,32,1,0.1,lr5e-05_bs16_modL1_fusion32_fusionL1_drop0p1_trmiss80_trlocclin,64,0.4972764973839124,0.6846040089925131,0.5969827586206896,0.7139779825305281,0.5555555555555556,0.0,0.0,0.0,0.0,2002,clin,0.8
5,5,lr5e-05_bs16_modL1_fusion32_fusionL1_drop0p1_trmiss80_trlocclin,16,5e-05,1,32,1,0.1,lr5e-05_bs16_modL1_fusion32_fusionL1_drop0p1_trmiss80_trlocclin,65,0.4757079407572746,0.6856196522712708,0.5969827586206896,0.7118359493617263,0.5333333333333333,0.0,0.0,0.0,0.0,2002,clin,0.8
5,5,lr5e-05_bs16_modL1_fusion32_fusionL1_drop0p1_trmiss80_trlocclin,16,5e-05,1,32,1,0.1,lr5e-05_bs16_modL1_fusion32_fusionL1_drop0p1_trmiss80_trlocclin,66,0.47511069973309833,0.6887668172518412,0.5797413793103449,0.7025919648953387,0.5555555555555556,0.0,0.0,0.0,0.0,2002,clin,0.8
5,5,lr5e-05_bs16_modL1_fusion32_fusionL1_drop0p1_trmiss80_trlocclin,16,5e-05,1,32,1,0.1,lr5e-05_bs16_modL1_fusion32_fusionL1_drop0p1_trmiss80_trlocclin,67,0.4706715891758601,0.686272919178009,0.5797413793103449,0.69899904314552,0.5111111111111111,0.0,0.0,0.0,0.0,2002,clin,0.8
5,5,lr5e-05_bs16_modL1_fusion32_fusionL1_drop0p1_trmiss80_trlocclin,16,5e-05,1,32,1,0.1,lr5e-05_bs16_modL1_fusion32_fusionL1_drop0p1_trmiss80_trlocclin,68,0.4796888679265976,0.6853453516960144,0.603448275862069,0.7156112731037141,0.5333333333333333,0.0,0.0,0.0,0.0,2002,clin,0.8
5,5,lr5e-05_bs16_modL1_fusion32_fusionL1_drop0p1_trmiss80_trlocclin,16,5e-05,1,32,1,0.1,lr5e-05_bs16_modL1_fusion32_fusionL1_drop0p1_trmiss80_trlocclin,69,0.4767385373512904,0.6860594352086385,0.5862068965517241,0.7102640702726097,0.5333333333333333,0.0,0.0,0.0,0.0,2002,clin,0.8
5,5,lr5e-05_bs16_modL1_fusion32_fusionL1_drop0p1_trmiss80_trlocclin,16,5e-05,1,32,1,0.1,lr5e-05_bs16_modL1_fusion32_fusionL1_drop0p1_trmiss80_trlocclin,70,0.4668169543147087,0.6818147301673889,0.6077586206896552,0.7176751577733738,0.5555555555555556,0.0,0.0,0.0,0.0,2002,clin,0.8
5,5,lr5e-05_bs16_modL1_fusion64_fusionL1_drop0p2_trmiss80_trlocclin,16,5e-05,1,64,1,0.2,lr5e-05_bs16_modL1_fusion64_fusionL1_drop0p2_trmiss80_trlocclin,1,0.7201583782831827,0.6946968237559,0.5603448275862069,0.7080581699681495,0.4,0.0,0.0,0.0,0.0,2002,clin,0.8
5,5,lr5e-05_bs16_modL1_fusion64_fusionL1_drop0p2_trmiss80_trlocclin,16,5e-05,1,64,1,0.2,lr5e-05_bs16_modL1_fusion64_fusionL1_drop0p2_trmiss80_trlocclin,2,0.6787573943535486,0.6894325017929077,0.6206896551724138,0.75695070726346,0.4666666666666667,0.0,0.0,0.0,0.0,2002,clin,0.8
5,5,lr5e-05_bs16_modL1_fusion64_fusionL1_drop0p2_trmiss80_trlocclin,16,5e-05,1,64,1,0.2,lr5e-05_bs16_modL1_fusion64_fusionL1_drop0p2_trmiss80_trlocclin,3,0.6750600983699163,0.6926464041074117,0.605603448275862,0.7539774380646799,0.4666666666666667,0.0,0.0,0.0,0.0,2002,clin,0.8
5,5,lr5e-05_bs16_modL1_fusion64_fusionL1_drop0p2_trmiss80_trlocclin,16,5e-05,1,64,1,0.2,lr5e-05_bs16_modL1_fusion64_fusionL1_drop0p2_trmiss80_trlocclin,4,0.6413534631331762,0.6936257680257162,0.5711206896551724,0.7281606007644955,0.5111111111111111,0.0,0.0,0.0,0.0,2002,clin,0.8
5,5,lr5e-05_bs16_modL1_fusion64_fusionL1_drop0p2_trmiss80_trlocclin,16,5e-05,1,64,1,0.2,lr5e-05_bs16_modL1_fusion64_fusionL1_drop0p2_trmiss80_trlocclin,5,0.623086487253507,0.6896559794743856,0.5258620689655172,0.6843422919340506,0.5333333333333333,0.0,0.0,0.0,0.0,2002,clin,0.8
5,5,lr5e-05_bs16_modL1_fusion64_fusionL1_drop0p2_trmiss80_trlocclin,16,5e-05,1,64,1,0.2,lr5e-05_bs16_modL1_fusion64_fusionL1_drop0p2_trmiss80_trlocclin,6,0.6280907392501831,0.6920151313145956,0.5172413793103448,0.6614446303074263,0.5333333333333333,0.0,0.0,0.0,0.0,2002,clin,0.8
5,5,lr5e-05_bs16_modL1_fusion64_fusionL1_drop0p2_trmiss80_trlocclin,16,5e-05,1,64,1,0.2,lr5e-05_bs16_modL1_fusion64_fusionL1_drop0p2_trmiss80_trlocclin,7,0.5775238424539566,0.6968881487846375,0.5301724137931034,0.6797231070734521,0.4666666666666667,0.0,0.0,0.0,0.0,2002,clin,0.8
5,5,lr5e-05_bs16_modL1_fusion64_fusionL1_drop0p2_trmiss80_trlocclin,16,5e-05,1,64,1,0.2,lr5e-05_bs16_modL1_fusion64_fusionL1_drop0p2_trmiss80_trlocclin,8,0.6004645129044851,0.6985649665196737,0.540948275862069,0.6829536496731667,0.4888888888888889,0.0,0.0,0.0,0.0,2002,clin,0.8
5,5,lr5e-05_bs16_modL1_fusion64_fusionL1_drop0p2_trmiss80_trlocclin,16,5e-05,1,64,1,0.2,lr5e-05_bs16_modL1_fusion64_fusionL1_drop0p2_trmiss80_trlocclin,9,0.5753279874722163,0.6973172028859457,0.5538793103448276,0.7059683393949809,0.5333333333333333,0.0,0.0,0.0,0.0,2002,clin,0.8
5,5,lr5e-05_bs16_modL1_fusion64_fusionL1_drop0p2_trmiss80_trlocclin,16,5e-05,1,64,1,0.2,lr5e-05_bs16_modL1_fusion64_fusionL1_drop0p2_trmiss80_trlocclin,10,0.580421601732572,0.6920972069104513,0.5581896551724138,0.7020094770301191,0.5333333333333333,0.0,0.0,0.0,0.0,2002,clin,0.8
5,5,lr5e-05_bs16_modL1_fusion64_fusionL1_drop0p2_trmiss80_trlocclin,16,5e-05,1,64,1,0.2,lr5e-05_bs16_modL1_fusion64_fusionL1_drop0p2_trmiss80_trlocclin,11,0.5566215962171555,0.688320259253184,0.5581896551724139,0.6856893567499098,0.5777777777777777,0.0,0.0,0.0,0.0,2002,clin,0.8
5,5,lr5e-05_bs16_modL1_fusion64_fusionL1_drop0p2_trmiss80_trlocclin,16,5e-05,1,64,1,0.2,lr5e-05_bs16_modL1_fusion64_fusionL1_drop0p2_trmiss80_trlocclin,12,0.5604608903328577,0.6871092716852824,0.5538793103448276,0.685791942617406,0.5555555555555556,0.0,0.0,0.0,0.0,2002,clin,0.8
5,5,lr5e-05_bs16_modL1_fusion64_fusionL1_drop0p2_trmiss80_trlocclin,16,5e-05,1,64,1,0.2,lr5e-05_bs16_modL1_fusion64_fusionL1_drop0p2_trmiss80_trlocclin,13,0.5620455245176951,0.6877066095670065,0.5517241379310345,0.6863426318447331,0.5333333333333333,0.0,0.0,0.0,0.0,2002,clin,0.8
5,5,lr5e-05_bs16_modL1_fusion64_fusionL1_drop0p2_trmiss80_trlocclin,16,5e-05,1,64,1,0.2,lr5e-05_bs16_modL1_fusion64_fusionL1_drop0p2_trmiss80_trlocclin,14,0.5462892080346743,0.6872017582257589,0.540948275862069,0.6840624123477972,0.5333333333333333,0.0,0.0,0.0,0.0,2002,clin,0.8
5,5,lr5e-05_bs16_modL1_fusion64_fusionL1_drop0p2_trmiss80_trlocclin,16,5e-05,1,64,1,0.2,lr5e-05_bs16_modL1_fusion64_fusionL1_drop0p2_trmiss80_trlocclin,15,0.5477602531512579,0.6942581137021383,0.5258620689655173,0.6763252213799951,0.5555555555555556,0.0,0.0,0.0,0.0,2002,clin,0.8
5,5,lr5e-05_bs16_modL1_fusion64_fusionL1_drop0p2_trmiss80_trlocclin,16,5e-05,1,64,1,0.2,lr5e-05_bs16_modL1_fusion64_fusionL1_drop0p2_trmiss80_trlocclin,16,0.5469285100698471,0.6880670785903931,0.5431034482758621,0.6830838229788389,0.5555555555555556,0.0,0.0,0.0,0.0,2002,clin,0.8
5,5,lr5e-05_bs16_modL1_fusion64_fusionL1_drop0p2_trmiss80_trlocclin,16,5e-05,1,64,1,0.2,lr5e-05_bs16_modL1_fusion64_fusionL1_drop0p2_trmiss80_trlocclin,17,0.536284568409125,0.6959047913551331,0.5344827586206897,0.6891133977977792,0.4888888888888889,0.0,0.0,0.0,0.0,2002,clin,0.8
5,5,lr5e-05_bs16_modL1_fusion64_fusionL1_drop0p2_trmiss80_trlocclin,16,5e-05,1,64,1,0.2,lr5e-05_bs16_modL1_fusion64_fusionL1_drop0p2_trmiss80_trlocclin,18,0.5201153407494227,0.6887252728144327,0.5474137931034483,0.6816395896527316,0.5555555555555556,0.0,0.0,0.0,0.0,2002,clin,0.8
5,5,lr5e-05_bs16_modL1_fusion64_fusionL1_drop0p2_trmiss80_trlocclin,16,5e-05,1,64,1,0.2,lr5e-05_bs16_modL1_fusion64_fusionL1_drop0p2_trmiss80_trlocclin,19,0.530916653573513,0.6883300542831421,0.5581896551724137,0.6882060329137636,0.6,0.0,0.0,0.0,0.0,2002,clin,0.8
5,5,lr5e-05_bs16_modL1_fusion64_fusionL1_drop0p2_trmiss80_trlocclin,16,5e-05,1,64,1,0.2,lr5e-05_bs16_modL1_fusion64_fusionL1_drop0p2_trmiss80_trlocclin,20,0.5210665961106619,0.6859832207361857,0.5387931034482759,0.6777347293183862,0.6,0.0,0.0,0.0,0.0,2002,clin,0.8
5,5,lr5e-05_bs16_modL1_fusion64_fusionL1_drop0p2_trmiss80_trlocclin,16,5e-05,1,64,1,0.2,lr5e-05_bs16_modL1_fusion64_fusionL1_drop0p2_trmiss80_trlocclin,21,0.5375761414567629,0.6903075575828552,0.5431034482758621,0.6813983777745368,0.5777777777777777,0.0,0.0,0.0,0.0,2002,clin,0.8
5,5,lr5e-05_bs16_modL1_fusion64_fusionL1_drop0p2_trmiss80_trlocclin,16,5e-05,1,64,1,0.2,lr5e-05_bs16_modL1_fusion64_fusionL1_drop0p2_trmiss80_trlocclin,22,0.5305823584397634,0.685253361860911,0.5538793103448276,0.6864347412957506,0.6222222222222222,0.0,0.0,0.0,0.0,2002,clin,0.8
5,5,lr5e-05_bs16_modL1_fusion64_fusionL1_drop0p1_trmiss80_trlocclin,16,5e-05,1,64,1,0.1,lr5e-05_bs16_modL1_fusion64_fusionL1_drop0p1_trmiss80_trlocclin,1,0.6982637892166773,0.7020186185836792,0.5280172413793104,0.6908403005132595,0.4888888888888889,0.0,0.0,0.0,0.0,2002,clin,0.8
5,5,lr5e-05_bs16_modL1_fusion64_fusionL1_drop0p1_trmiss80_trlocclin,16,5e-05,1,64,1,0.1,lr5e-05_bs16_modL1_fusion64_fusionL1_drop0p1_trmiss80_trlocclin,2,0.6538975338141123,0.6905153195063273,0.540948275862069,0.681690755634517,0.5555555555555556,0.0,0.0,0.0,0.0,2002,clin,0.8
5,5,lr5e-05_bs16_modL1_fusion64_fusionL1_drop0p1_trmiss80_trlocclin,16,5e-05,1,64,1,0.1,lr5e-05_bs16_modL1_fusion64_fusionL1_drop0p1_trmiss80_trlocclin,3,0.6408732881148657,0.6812700033187866,0.5560344827586208,0.7018476873767532,0.5555555555555556,0.0,0.0,0.0,0.0,2002,clin,0.8
5,5,lr5e-05_bs16_modL1_fusion64_fusionL1_drop0p1_trmiss80_trlocclin,16,5e-05,1,64,1,0.1,lr5e-05_bs16_modL1_fusion64_fusionL1_drop0p1_trmiss80_trlocclin,4,0.5926600098609924,0.672873834768931,0.5862068965517242,0.7124261218643937,0.6444444444444445,0.0,0.0,0.0,0.0,2002,clin,0.8
5,5,lr5e-05_bs16_modL1_fusion64_fusionL1_drop0p1_trmiss80_trlocclin,16,5e-05,1,64,1,0.1,lr5e-05_bs16_modL1_fusion64_fusionL1_drop0p1_trmiss80_trlocclin,5,0.6016540378332138,0.6711929043134054,0.6077586206896551,0.7304905473097693,0.6,0.0,0.0,0.0,0.0,2002,clin,0.8
5,5,lr5e-05_bs16_modL1_fusion64_fusionL1_drop0p1_trmiss80_trlocclin,16,5e-05,1,64,1,0.1,lr5e-05_bs16_modL1_fusion64_fusionL1_drop0p1_trmiss80_trlocclin,6,0.5752933919429779,0.6701526443163554,0.5969827586206897,0.7245778661287938,0.6,0.0,0.0,0.0,0.0,2002,clin,0.8
5,5,lr5e-05_bs16_modL1_fusion64_fusionL1_drop0p1_trmiss80_trlocclin,16,5e-05,1,64,1,0.1,lr5e-05_bs16_modL1_fusion64_fusionL1_drop0p1_trmiss80_trlocclin,7,0.5415373941262563,0.6629715959231058,0.627155172413793,0.7389103939039612,0.6444444444444445,0.0,0.0,0.0,0.0,2002,clin,0.8
5,5,lr5e-05_bs16_modL1_fusion64_fusionL1_drop0p1_trmiss80_trlocclin,16,5e-05,1,64,1,0.1,lr5e-05_bs16_modL1_fusion64_fusionL1_drop0p1_trmiss80_trlocclin,8,0.5319685786962509,0.6683151125907898,0.6012931034482758,0.7269417136539962,0.5777777777777777,0.0,0.0,0.0,0.0,2002,clin,0.8
5,5,lr5e-05_bs16_modL1_fusion64_fusionL1_drop0p1_trmiss80_trlocclin,16,5e-05,1,64,1,0.1,lr5e-05_bs16_modL1_fusion64_fusionL1_drop0p1_trmiss80_trlocclin,9,0.5233666573961576,0.6552077134450277,0.6206896551724138,0.7432924179276635,0.6444444444444445,0.0,0.0,0.0,0.0,2002,clin,0.8
5,5,lr5e-05_bs16_modL1_fusion64_fusionL1_drop0p1_trmiss80_trlocclin,16,5e-05,1,64,1,0.1,lr5e-05_bs16_modL1_fusion64_fusionL1_drop0p1_trmiss80_trlocclin,10,0.5170787399013838,0.6542579730351766,0.6120689655172414,0.7212220312197367,0.6444444444444445,0.0,0.0,0.0,0.0,2002,clin,0.8
5,5,lr5e-05_bs16_modL1_fusion64_fusionL1_drop0p1_trmiss80_trlocclin,16,5e-05,1,64,1,0.1,lr5e-05_bs16_modL1_fusion64_fusionL1_drop0p1_trmiss80_trlocclin,11,0.5006139352917671,0.6520706017812093,0.625,0.7320585690416905,0.6888888888888889,0.0,0.0,0.0,0.0,2002,clin,0.8
5,5,lr5e-05_bs16_modL1_fusion64_fusionL1_drop0p1_trmiss80_trlocclin,16,5e-05,1,64,1,0.1,lr5e-05_bs16_modL1_fusion64_fusionL1_drop0p1_trmiss80_trlocclin,12,0.49306052923202515,0.643459419409434,0.646551724137931,0.7460644463604587,0.6888888888888889,0.0,0.0,0.0,0.0,2002,clin,0.8
5,5,lr5e-05_bs16_modL1_fusion64_fusionL1_drop0p1_trmiss80_trlocclin,16,5e-05,1,64,1,0.1,lr5e-05_bs16_modL1_fusion64_fusionL1_drop0p1_trmiss80_trlocclin,13,0.5034682477513949,0.6448864738146464,0.6767241379310345,0.7656578754428454,0.6888888888888889,0.0,0.0,0.0,0.0,2002,clin,0.8
5,5,lr5e-05_bs16_modL1_fusion64_fusionL1_drop0p1_trmiss80_trlocclin,16,5e-05,1,64,1,0.1,lr5e-05_bs16_modL1_fusion64_fusionL1_drop0p1_trmiss80_trlocclin,14,0.4696555510163307,0.6473660270373026,0.6681034482758621,0.7540618105646995,0.6666666666666666,0.0,0.0,0.0,0.0,2002,clin,0.8
5,5,lr5e-05_bs16_modL1_fusion64_fusionL1_drop0p1_trmiss80_trlocclin,16,5e-05,1,64,1,0.1,lr5e-05_bs16_modL1_fusion64_fusionL1_drop0p1_trmiss80_trlocclin,15,0.45191192378600437,0.6486770311991373,0.6487068965517241,0.7386747529541328,0.6888888888888889,0.0,0.0,0.0,0.0,2002,clin,0.8
5,5,lr5e-05_bs16_modL1_fusion64_fusionL1_drop0p1_trmiss80_trlocclin,16,5e-05,1,64,1,0.1,lr5e-05_bs16_modL1_fusion64_fusionL1_drop0p1_trmiss80_trlocclin,16,0.4354616304238637,0.6365002791086832,0.6594827586206897,0.7432432254371845,0.7111111111111111,0.0,0.0,0.0,0.0,2002,clin,0.8
5,5,lr5e-05_bs16_modL1_fusion64_fusionL1_drop0p1_trmiss80_trlocclin,16,5e-05,1,64,1,0.1,lr5e-05_bs16_modL1_fusion64_fusionL1_drop0p1_trmiss80_trlocclin,17,0.4403532495101293,0.6379269361495972,0.6551724137931034,0.7424119357779128,0.7111111111111111,0.0,0.0,0.0,0.0,2002,clin,0.8
5,5,lr5e-05_bs16_modL1_fusion64_fusionL1_drop0p1_trmiss80_trlocclin,16,5e-05,1,64,1,0.1,lr5e-05_bs16_modL1_fusion64_fusionL1_drop0p1_trmiss80_trlocclin,18,0.4324261595805486,0.6361510554949442,0.6637931034482759,0.7423729227705903,0.7111111111111111,0.0,0.0,0.0,0.0,2002,clin,0.8
5,5,lr5e-05_bs16_modL1_fusion64_fusionL1_drop0p1_trmiss80_trlocclin,16,5e-05,1,64,1,0.1,lr5e-05_bs16_modL1_fusion64_fusionL1_drop0p1_trmiss80_trlocclin,19,0.398040567835172,0.6305285692214966,0.6702586206896552,0.7495917699226965,0.7111111111111111,0.0,0.0,0.0,0.0,2002,clin,0.8
5,5,lr5e-05_bs16_modL1_fusion64_fusionL1_drop0p1_trmiss80_trlocclin,16,5e-05,1,64,1,0.1,lr5e-05_bs16_modL1_fusion64_fusionL1_drop0p1_trmiss80_trlocclin,20,0.4114150454600652,0.6357729633649191,0.6659482758620691,0.7463296463468144,0.7111111111111111,0.0,0.0,0.0,0.0,2002,clin,0.8
5,5,lr5e-05_bs16_modL1_fusion64_fusionL1_drop0p1_trmiss80_trlocclin,16,5e-05,1,64,1,0.1,lr5e-05_bs16_modL1_fusion64_fusionL1_drop0p1_trmiss80_trlocclin,21,0.4082718590895335,0.6296132206916809,0.6637931034482758,0.7428730120343171,0.7333333333333333,0.0,0.0,0.0,0.0,2002,clin,0.8
5,5,lr5e-05_bs16_modL1_fusion64_fusionL1_drop0p1_trmiss80_trlocclin,16,5e-05,1,64,1,0.1,lr5e-05_bs16_modL1_fusion64_fusionL1_drop0p1_trmiss80_trlocclin,22,0.39117394636074704,0.6290327707926432,0.6616379310344828,0.7422884382755006,0.6666666666666666,0.0,0.0,0.0,0.0,2002,clin,0.8
5,5,lr5e-05_bs16_modL1_fusion64_fusionL1_drop0p1_trmiss80_trlocclin,16,5e-05,1,64,1,0.1,lr5e-05_bs16_modL1_fusion64_fusionL1_drop0p1_trmiss80_trlocclin,23,0.37558260808388394,0.6309626499811808,0.6788793103448276,0.746212965096621,0.6888888888888889,0.0,0.0,0.0,0.0,2002,clin,0.8
5,5,lr5e-05_bs16_modL1_fusion64_fusionL1_drop0p1_trmiss80_trlocclin,16,5e-05,1,64,1,0.1,lr5e-05_bs16_modL1_fusion64_fusionL1_drop0p1_trmiss80_trlocclin,24,0.3753086154659589,0.6268303195635477,0.6745689655172413,0.7441575332504343,0.6666666666666666,0.0,0.0,0.0,0.0,2002,clin,0.8
5,5,lr5e-05_bs16_modL1_fusion64_fusionL1_drop0p1_trmiss80_trlocclin,16,5e-05,1,64,1,0.1,lr5e-05_bs16_modL1_fusion64_fusionL1_drop0p1_trmiss80_trlocclin,25,0.3718256925543149,0.6188038984934489,0.6853448275862069,0.7526128810651792,0.7111111111111111,0.0,0.0,0.0,0.0,2002,clin,0.8
5,5,lr5e-05_bs16_modL1_fusion64_fusionL1_drop0p1_trmiss80_trlocclin,16,5e-05,1,64,1,0.1,lr5e-05_bs16_modL1_fusion64_fusionL1_drop0p1_trmiss80_trlocclin,26,0.37177572399377823,0.6272884408632914,0.6594827586206897,0.7431112360125209,0.6888888888888889,0.0,0.0,0.0,0.0,2002,clin,0.8
5,5,lr5e-05_bs16_modL1_fusion64_fusionL1_drop0p1_trmiss80_trlocclin,16,5e-05,1,64,1,0.1,lr5e-05_bs16_modL1_fusion64_fusionL1_drop0p1_trmiss80_trlocclin,27,0.36492592096328735,0.6365590492884318,0.665948275862069,0.7418329274900308,0.6888888888888889,0.0,0.0,0.0,0.0,2002,clin,0.8
5,5,lr5e-05_bs16_modL1_fusion64_fusionL1_drop0p1_trmiss80_trlocclin,16,5e-05,1,64,1,0.1,lr5e-05_bs16_modL1_fusion64_fusionL1_drop0p1_trmiss80_trlocclin,28,0.34338611116011936,0.631476898988088,0.6918103448275862,0.751559922346336,0.7333333333333333,0.0,0.0,0.0,0.0,2002,clin,0.8
5,5,lr5e-05_bs16_modL1_fusion64_fusionL1_drop0p1_trmiss80_trlocclin,16,5e-05,1,64,1,0.1,lr5e-05_bs16_modL1_fusion64_fusionL1_drop0p1_trmiss80_trlocclin,29,0.3465070178111394,0.6282001733779907,0.6831896551724138,0.7543491214377128,0.7333333333333333,0.0,0.0,0.0,0.0,2002,clin,0.8
5,5,lr5e-05_bs16_modL1_fusion64_fusionL1_drop0p1_trmiss80_trlocclin,16,5e-05,1,64,1,0.1,lr5e-05_bs16_modL1_fusion64_fusionL1_drop0p1_trmiss80_trlocclin,30,0.32628193000952405,0.6334783832232157,0.685344827586207,0.7505684781465265,0.7777777777777778,0.0,0.0,0.0,0.0,2002,clin,0.8
5,5,lr5e-05_bs16_modL1_fusion64_fusionL1_drop0p1_trmiss80_trlocclin,16,5e-05,1,64,1,0.1,lr5e-05_bs16_modL1_fusion64_fusionL1_drop0p1_trmiss80_trlocclin,31,0.3219880238175392,0.6407058636347452,0.6702586206896552,0.7402532113994723,0.7333333333333333,0.0,0.0,0.0,0.0,2002,clin,0.8
5,5,lr5e-05_bs16_modL1_fusion64_fusionL1_drop0p1_trmiss80_trlocclin,16,5e-05,1,64,1,0.1,lr5e-05_bs16_modL1_fusion64_fusionL1_drop0p1_trmiss80_trlocclin,32,0.3089606389403343,0.635350227355957,0.6637931034482758,0.7378936716013679,0.7333333333333333,0.0,0.0,0.0,0.0,2002,clin,0.8
5,5,lr5e-05_bs16_modL1_fusion64_fusionL1_drop0p1_trmiss80_trlocclin,16,5e-05,1,64,1,0.1,lr5e-05_bs16_modL1_fusion64_fusionL1_drop0p1_trmiss80_trlocclin,33,0.30841462314128876,0.6383867065111796,0.6594827586206897,0.7363779004097721,0.7111111111111111,0.0,0.0,0.0,0.0,2002,clin,0.8
5,5,lr5e-05_bs16_modL1_fusion64_fusionL1_drop0p1_trmiss80_trlocclin,16,5e-05,1,64,1,0.1,lr5e-05_bs16_modL1_fusion64_fusionL1_drop0p1_trmiss80_trlocclin,34,0.3306500092148781,0.6340000033378601,0.6853448275862069,0.7484698053581984,0.7333333333333333,0.0,0.0,0.0,0.0,2002,clin,0.8
5,5,lr5e-05_bs16_modL1_fusion64_fusionL1_drop0p1_trmiss80_trlocclin,16,5e-05,1,64,1,0.1,lr5e-05_bs16_modL1_fusion64_fusionL1_drop0p1_trmiss80_trlocclin,35,0.3188438539703687,0.6379645864168803,0.6853448275862069,0.7491714026115198,0.7555555555555555,0.0,0.0,0.0,0.0,2002,clin,0.8
5,5,lr5e-05_bs16_modL1_fusion64_fusionL1_drop0p1_trmiss80_trlocclin,16,5e-05,1,64,1,0.1,lr5e-05_bs16_modL1_fusion64_fusionL1_drop0p1_trmiss80_trlocclin,36,0.3065064201752345,0.6354658603668213,0.6767241379310345,0.7500474422806629,0.7555555555555555,0.0,0.0,0.0,0.0,2002,clin,0.8
5,5,lr5e-05_bs16_modL1_fusion64_fusionL1_drop0p1_trmiss80_trlocclin,16,5e-05,1,64,1,0.1,lr5e-05_bs16_modL1_fusion64_fusionL1_drop0p1_trmiss80_trlocclin,37,0.299952099720637,0.6302016377449036,0.6831896551724137,0.7545604463232457,0.7555555555555555,0.0,0.0,0.0,0.0,2002,clin,0.8
5,5,lr5e-05_bs16_modL1_fusion64_fusionL1_drop0p1_trmiss80_trlocclin,16,5e-05,1,64,1,0.1,lr5e-05_bs16_modL1_fusion64_fusionL1_drop0p1_trmiss80_trlocclin,38,0.29853619635105133,0.6375875473022461,0.6788793103448276,0.7536371879353466,0.7111111111111111,0.0,0.0,0.0,0.0,2002,clin,0.8
5,5,lr5e-05_bs16_modL1_fusion64_fusionL1_drop0p1_trmiss80_trlocclin,16,5e-05,1,64,1,0.1,lr5e-05_bs16_modL1_fusion64_fusionL1_drop0p1_trmiss80_trlocclin,39,0.28399205456177395,0.6337524255116781,0.6702586206896551,0.7485654613984557,0.7111111111111111,0.0,0.0,0.0,0.0,2002,clin,0.8
5,5,lr5e-05_bs16_modL1_fusion64_fusionL1_drop0p1_trmiss80_trlocclin,16,5e-05,1,64,1,0.1,lr5e-05_bs16_modL1_fusion64_fusionL1_drop0p1_trmiss80_trlocclin,40,0.3024722561240196,0.6344033281008402,0.6724137931034482,0.7478552641643431,0.7333333333333333,0.0,0.0,0.0,0.0,2002,clin,0.8
5,5,lr5e-05_bs16_modL1_fusion64_fusionL1_drop0p1_trmiss80_trlocclin,16,5e-05,1,64,1,0.1,lr5e-05_bs16_modL1_fusion64_fusionL1_drop0p1_trmiss80_trlocclin,41,0.2996068249146144,0.6316921710968018,0.6810344827586207,0.7527752012530642,0.7333333333333333,0.0,0.0,0.0,0.0,2002,clin,0.8
5,5,lr5e-05_bs16_modL1_fusion64_fusionL1_drop0p1_trmiss80_trlocclin,16,5e-05,1,64,1,0.1,lr5e-05_bs16_modL1_fusion64_fusionL1_drop0p1_trmiss80_trlocclin,42,0.2954552248120308,0.6319595376650492,0.6853448275862069,0.7585510581229088,0.7333333333333333,0.0,0.0,0.0,0.0,2002,clin,0.8
5,5,lr5e-05_bs16_modL1_fusion64_fusionL1_drop0p1_trmiss80_trlocclin,16,5e-05,1,64,1,0.1,lr5e-05_bs16_modL1_fusion64_fusionL1_drop0p1_trmiss80_trlocclin,43,0.3364478101332982,0.6319868763287863,0.6767241379310345,0.7493128964482165,0.7111111111111111,0.0,0.0,0.0,0.0,2002,clin,0.8
5,5,lr5e-05_bs16_modL1_fusion64_fusionL1_drop0p1_trmiss80_trlocclin,16,5e-05,1,64,1,0.1,lr5e-05_bs16_modL1_fusion64_fusionL1_drop0p1_trmiss80_trlocclin,44,0.3226599271098773,0.634364128112793,0.6810344827586207,0.7502716393428086,0.7111111111111111,0.0,0.0,0.0,0.0,2002,clin,0.8
5,5,lr5e-05_bs16_modL1_fusion64_fusionL1_drop0p1_trmiss80_trlocclin,16,5e-05,1,64,1,0.1,lr5e-05_bs16_modL1_fusion64_fusionL1_drop0p1_trmiss80_trlocclin,45,0.298078753054142,0.6323682268460592,0.6853448275862069,0.7526149343268862,0.7333333333333333,0.0,0.0,0.0,0.0,2002,clin,0.8
5,5,lr5e-05_bs16_modL1_fusion64_fusionL1_drop0p1_trmiss80_trlocclin,16,5e-05,1,64,1,0.1,lr5e-05_bs16_modL1_fusion64_fusionL1_drop0p1_trmiss80_trlocclin,46,0.28374717632929486,0.6377948522567749,0.6831896551724138,0.7556582192945315,0.7555555555555555,0.0,0.0,0.0,0.0,2002,clin,0.8
5,5,lr5e-05_bs16_modL1_fusion64_fusionL1_drop0p1_trmiss80_trlocclin,16,5e-05,1,64,1,0.1,lr5e-05_bs16_modL1_fusion64_fusionL1_drop0p1_trmiss80_trlocclin,47,0.28420885155598324,0.6311321258544922,0.6896551724137931,0.7579388561878769,0.7555555555555555,0.0,0.0,0.0,0.0,2002,clin,0.8
5,5,lr5e-05_bs16_modL1_fusion64_fusionL1_drop0p1_trmiss80_trlocclin,16,5e-05,1,64,1,0.1,lr5e-05_bs16_modL1_fusion64_fusionL1_drop0p1_trmiss80_trlocclin,48,0.2965051432450612,0.6303691864013672,0.6788793103448275,0.7540419216885377,0.7111111111111111,0.0,0.0,0.0,0.0,2002,clin,0.8
5,5,lr1e-04_bs16_modL1_fusion32_fusionL1_drop0p2_trmiss80_trlocclin,16,0.0001,1,32,1,0.2,lr1e-04_bs16_modL1_fusion32_fusionL1_drop0p2_trmiss80_trlocclin,1,0.7143733749787012,0.6983955502510071,0.5969827586206896,0.7171032596197515,0.5111111111111111,0.0,0.0,0.0,0.0,2002,clin,0.8
5,5,lr1e-04_bs16_modL1_fusion32_fusionL1_drop0p2_trmiss80_trlocclin,16,0.0001,1,32,1,0.2,lr1e-04_bs16_modL1_fusion32_fusionL1_drop0p2_trmiss80_trlocclin,2,0.6667183190584183,0.6836680968602499,0.6163793103448276,0.7000103629314229,0.6,0.0,0.0,0.0,0.0,2002,clin,0.8
5,5,lr1e-04_bs16_modL1_fusion32_fusionL1_drop0p2_trmiss80_trlocclin,16,0.0001,1,32,1,0.2,lr1e-04_bs16_modL1_fusion32_fusionL1_drop0p2_trmiss80_trlocclin,3,0.6273419683178266,0.679262618223826,0.625,0.6973929267151928,0.6,0.0,0.0,0.0,0.0,2002,clin,0.8
5,5,lr1e-04_bs16_modL1_fusion32_fusionL1_drop0p2_trmiss80_trlocclin,16,0.0001,1,32,1,0.2,lr1e-04_bs16_modL1_fusion32_fusionL1_drop0p2_trmiss80_trlocclin,4,0.6044740925232569,0.6580803791681925,0.6314655172413793,0.7060575203805536,0.5555555555555556,0.0,0.0,0.0,0.0,2002,clin,0.8
5,5,lr1e-04_bs16_modL1_fusion32_fusionL1_drop0p2_trmiss80_trlocclin,16,0.0001,1,32,1,0.2,lr1e-04_bs16_modL1_fusion32_fusionL1_drop0p2_trmiss80_trlocclin,5,0.5928236345450083,0.6481355627377828,0.6228448275862069,0.7004165361648609,0.5555555555555556,0.0,0.0,0.0,0.0,2002,clin,0.8
5,5,lr1e-04_bs16_modL1_fusion32_fusionL1_drop0p2_trmiss80_trlocclin,16,0.0001,1,32,1,0.2,lr1e-04_bs16_modL1_fusion32_fusionL1_drop0p2_trmiss80_trlocclin,6,0.5856955945491791,0.6523446639378866,0.625,0.6971118457007368,0.5555555555555556,0.0,0.0,0.0,0.0,2002,clin,0.8
5,5,lr1e-04_bs16_modL1_fusion32_fusionL1_drop0p2_trmiss80_trlocclin,16,0.0001,1,32,1,0.2,lr1e-04_bs16_modL1_fusion32_fusionL1_drop0p2_trmiss80_trlocclin,7,0.5618433306614558,0.6585938731829325,0.6077586206896551,0.6861098300894546,0.5333333333333333,0.0,0.0,0.0,0.0,2002,clin,0.8
5,5,lr1e-04_bs16_modL1_fusion32_fusionL1_drop0p2_trmiss80_trlocclin,16,0.0001,1,32,1,0.2,lr1e-04_bs16_modL1_fusion32_fusionL1_drop0p2_trmiss80_trlocclin,8,0.5562281956275305,0.649601678053538,0.6206896551724137,0.7106505473552971,0.5777777777777777,0.0,0.0,0.0,0.0,2002,clin,0.8
5,5,lr1e-04_bs16_modL1_fusion32_fusionL1_drop0p2_trmiss80_trlocclin,16,0.0001,1,32,1,0.2,lr1e-04_bs16_modL1_fusion32_fusionL1_drop0p2_trmiss80_trlocclin,9,0.5311152189970016,0.6497285564740499,0.6336206896551724,0.7184478986077947,0.5555555555555556,0.0,0.0,0.0,0.0,2002,clin,0.8
5,5,lr1e-04_bs16_modL1_fusion32_fusionL1_drop0p2_trmiss80_trlocclin,16,0.0001,1,32,1,0.2,lr1e-04_bs16_modL1_fusion32_fusionL1_drop0p2_trmiss80_trlocclin,10,0.5279213463266691,0.6539740165074667,0.6185344827586207,0.694073610349659,0.5333333333333333,0.0,0.0,0.0,0.0,2002,clin,0.8
5,5,lr1e-04_bs16_modL1_fusion32_fusionL1_drop0p2_trmiss80_trlocclin,16,0.0001,1,32,1,0.2,lr1e-04_bs16_modL1_fusion32_fusionL1_drop0p2_trmiss80_trlocclin,11,0.5328419879078865,0.6528166731198629,0.6228448275862069,0.6938516424461335,0.5555555555555556,0.0,0.0,0.0,0.0,2002,clin,0.8
5,5,lr1e-04_bs16_modL1_fusion32_fusionL1_drop0p2_trmiss80_trlocclin,16,0.0001,1,32,1,0.2,lr1e-04_bs16_modL1_fusion32_fusionL1_drop0p2_trmiss80_trlocclin,12,0.4947107657790184,0.6499709685643514,0.6228448275862069,0.7008983978337919,0.5555555555555556,0.0,0.0,0.0,0.0,2002,clin,0.8
5,5,lr1e-04_bs16_modL1_fusion32_fusionL1_drop0p2_trmiss80_trlocclin,16,0.0001,1,32,1,0.2,lr1e-04_bs16_modL1_fusion32_fusionL1_drop0p2_trmiss80_trlocclin,13,0.5074664155642191,0.6572087407112122,0.6099137931034483,0.6883929140559136,0.5333333333333333,0.0,0.0,0.0,0.0,2002,clin,0.8
5,5,lr1e-04_bs16_modL1_fusion32_fusionL1_drop0p2_trmiss80_trlocclin,16,0.0001,1,32,1,0.2,lr1e-04_bs16_modL1_fusion32_fusionL1_drop0p2_trmiss80_trlocclin,14,0.4975820432106654,0.6491100192070007,0.6185344827586207,0.6856364970002033,0.5555555555555556,0.0,0.0,0.0,0.0,2002,clin,0.8
5,5,lr1e-04_bs16_modL1_fusion32_fusionL1_drop0p2_trmiss80_trlocclin,16,0.0001,1,32,1,0.2,lr1e-04_bs16_modL1_fusion32_fusionL1_drop0p2_trmiss80_trlocclin,15,0.46999896814425784,0.653425912062327,0.6142241379310345,0.6838047530977185,0.5111111111111111,0.0,0.0,0.0,0.0,2002,clin,0.8
5,5,lr1e-04_bs16_modL1_fusion32_fusionL1_drop0p2_trmiss80_trlocclin,16,0.0001,1,32,1,0.2,lr1e-04_bs16_modL1_fusion32_fusionL1_drop0p2_trmiss80_trlocclin,16,0.45460445433855057,0.6508564551671346,0.6185344827586208,0.6848977636803341,0.5333333333333333,0.0,0.0,0.0,0.0,2002,clin,0.8
5,5,lr1e-04_bs16_modL1_fusion32_fusionL1_drop0p2_trmiss80_trlocclin,16,0.0001,1,32,1,0.2,lr1e-04_bs16_modL1_fusion32_fusionL1_drop0p2_trmiss80_trlocclin,17,0.48130500316619873,0.6580734650293986,0.6163793103448276,0.6855502863128584,0.5111111111111111,0.0,0.0,0.0,0.0,2002,clin,0.8
5,5,lr1e-04_bs16_modL1_fusion32_fusionL1_drop0p2_trmiss80_trlocclin,16,0.0001,1,32,1,0.2,lr1e-04_bs16_modL1_fusion32_fusionL1_drop0p2_trmiss80_trlocclin,18,0.4946707710623741,0.6588785648345947,0.6185344827586207,0.6843649453723476,0.5333333333333333,0.0,0.0,0.0,0.0,2002,clin,0.8
5,5,lr1e-04_bs16_modL1_fusion32_fusionL1_drop0p2_trmiss80_trlocclin,16,0.0001,1,32,1,0.2,lr1e-04_bs16_modL1_fusion32_fusionL1_drop0p2_trmiss80_trlocclin,19,0.474044901629289,0.6512984832127889,0.6228448275862069,0.6861676672376809,0.5555555555555556,0.0,0.0,0.0,0.0,2002,clin,0.8
5,5,lr1e-04_bs16_modL1_fusion32_fusionL1_drop0p2_trmiss80_trlocclin,16,0.0001,1,32,1,0.2,lr1e-04_bs16_modL1_fusion32_fusionL1_drop0p2_trmiss80_trlocclin,20,0.48263202359278995,0.6602813402811686,0.6142241379310345,0.6795970343425247,0.5333333333333333,0.0,0.0,0.0,0.0,2002,clin,0.8
5,5,lr1e-04_bs16_modL1_fusion32_fusionL1_drop0p2_trmiss80_trlocclin,16,0.0001,1,32,1,0.2,lr1e-04_bs16_modL1_fusion32_fusionL1_drop0p2_trmiss80_trlocclin,21,0.4614826515316963,0.6541494925816854,0.625,0.7034465357778924,0.5555555555555556,0.0,0.0,0.0,0.0,2002,clin,0.8
5,5,lr1e-04_bs16_modL1_fusion32_fusionL1_drop0p2_trmiss80_trlocclin,16,0.0001,1,32,1,0.2,lr1e-04_bs16_modL1_fusion32_fusionL1_drop0p2_trmiss80_trlocclin,22,0.44732209543387097,0.6553297837575277,0.6228448275862069,0.6880995348312535,0.5555555555555556,0.0,0.0,0.0,0.0,2002,clin,0.8
5,5,lr1e-04_bs16_modL1_fusion32_fusionL1_drop0p2_trmiss80_trlocclin,16,0.0001,1,32,1,0.2,lr1e-04_bs16_modL1_fusion32_fusionL1_drop0p2_trmiss80_trlocclin,23,0.45659078905979794,0.648092786471049,0.6271551724137931,0.6938437342874205,0.5333333333333333,0.0,0.0,0.0,0.0,2002,clin,0.8
5,5,lr1e-04_bs16_modL1_fusion32_fusionL1_drop0p2_trmiss80_trlocclin,16,0.0001,1,32,1,0.2,lr1e-04_bs16_modL1_fusion32_fusionL1_drop0p2_trmiss80_trlocclin,24,0.42453451206286746,0.6508949597676595,0.6099137931034482,0.6944722176123977,0.5555555555555556,0.0,0.0,0.0,0.0,2002,clin,0.8
5,5,lr1e-04_bs16_modL1_fusion32_fusionL1_drop0p2_trmiss80_trlocclin,16,0.0001,1,32,1,0.2,lr1e-04_bs16_modL1_fusion32_fusionL1_drop0p2_trmiss80_trlocclin,25,0.44902260849873227,0.6524526874224345,0.6185344827586207,0.7070329651249708,0.5555555555555556,0.0,0.0,0.0,0.0,2002,clin,0.8
5,5,lr1e-04_bs16_modL1_fusion32_fusionL1_drop0p2_trmiss80_trlocclin,16,0.0001,1,32,1,0.2,lr1e-04_bs16_modL1_fusion32_fusionL1_drop0p2_trmiss80_trlocclin,26,0.4631164570649465,0.6573944091796875,0.6142241379310345,0.6890762032978166,0.5333333333333333,0.0,0.0,0.0,0.0,2002,clin,0.8
5,5,lr1e-04_bs16_modL1_fusion32_fusionL1_drop0p2_trmiss80_trlocclin,16,0.0001,1,32,1,0.2,lr1e-04_bs16_modL1_fusion32_fusionL1_drop0p2_trmiss80_trlocclin,27,0.4441124200820923,0.6557302673657736,0.6228448275862069,0.7113586091197762,0.5555555555555556,0.0,0.0,0.0,0.0,2002,clin,0.8
5,5,lr1e-04_bs16_modL1_fusion32_fusionL1_drop0p2_trmiss80_trlocclin,16,0.0001,1,32,1,0.2,lr1e-04_bs16_modL1_fusion32_fusionL1_drop0p2_trmiss80_trlocclin,28,0.45314523577690125,0.656676173210144,0.6120689655172413,0.6836513568159579,0.5555555555555556,0.0,0.0,0.0,0.0,2002,clin,0.8
5,5,lr1e-04_bs16_modL1_fusion32_fusionL1_drop0p2_trmiss80_trlocclin,16,0.0001,1,32,1,0.2,lr1e-04_bs16_modL1_fusion32_fusionL1_drop0p2_trmiss80_trlocclin,29,0.426506186525027,0.6524342695871989,0.6228448275862069,0.6934280700160488,0.5555555555555556,0.0,0.0,0.0,0.0,2002,clin,0.8
5,5,lr1e-04_bs16_modL1_fusion32_fusionL1_drop0p1_trmiss80_trlocclin,16,0.0001,1,32,1,0.1,lr1e-04_bs16_modL1_fusion32_fusionL1_drop0p1_trmiss80_trlocclin,1,0.6461592564980189,0.6537389953931173,0.5905172413793104,0.7824276041425196,0.6,0.0,0.0,0.0,0.0,2002,clin,0.8
5,5,lr1e-04_bs16_modL1_fusion32_fusionL1_drop0p1_trmiss80_trlocclin,16,0.0001,1,32,1,0.1,lr1e-04_bs16_modL1_fusion32_fusionL1_drop0p1_trmiss80_trlocclin,2,0.6121767063935598,0.6465848088264465,0.5732758620689655,0.765554608178652,0.6222222222222222,0.0,0.0,0.0,0.0,2002,clin,0.8
5,5,lr1e-04_bs16_modL1_fusion32_fusionL1_drop0p1_trmiss80_trlocclin,16,0.0001,1,32,1,0.1,lr1e-04_bs16_modL1_fusion32_fusionL1_drop0p1_trmiss80_trlocclin,3,0.5928236196438471,0.6442744731903076,0.5775862068965517,0.7629748714924418,0.6222222222222222,0.0,0.0,0.0,0.0,2002,clin,0.8
5,5,lr1e-04_bs16_modL1_fusion32_fusionL1_drop0p1_trmiss80_trlocclin,16,0.0001,1,32,1,0.1,lr1e-04_bs16_modL1_fusion32_fusionL1_drop0p1_trmiss80_trlocclin,4,0.5698016186555227,0.6385128299395243,0.5926724137931034,0.7731417092168735,0.6,0.0,0.0,0.0,0.0,2002,clin,0.8
5,5,lr1e-04_bs16_modL1_fusion32_fusionL1_drop0p1_trmiss80_trlocclin,16,0.0001,1,32,1,0.1,lr1e-04_bs16_modL1_fusion32_fusionL1_drop0p1_trmiss80_trlocclin,5,0.584546593328317,0.6349306305249532,0.6077586206896551,0.7871544152881578,0.6,0.0,0.0,0.0,0.0,2002,clin,0.8
5,5,lr1e-04_bs16_modL1_fusion32_fusionL1_drop0p1_trmiss80_trlocclin,16,0.0001,1,32,1,0.1,lr1e-04_bs16_modL1_fusion32_fusionL1_drop0p1_trmiss80_trlocclin,6,0.5583179617921511,0.6392115155855814,0.603448275862069,0.7742719490580456,0.5777777777777777,0.0,0.0,0.0,0.0,2002,clin,0.8
5,5,lr1e-04_bs16_modL1_fusion32_fusionL1_drop0p1_trmiss80_trlocclin,16,0.0001,1,32,1,0.1,lr1e-04_bs16_modL1_fusion32_fusionL1_drop0p1_trmiss80_trlocclin,7,0.5347039774060249,0.6351216435432434,0.6077586206896551,0.7821781201153784,0.6,0.0,0.0,0.0,0.0,2002,clin,0.8
5,5,lr1e-04_bs16_modL1_fusion32_fusionL1_drop0p1_trmiss80_trlocclin,16,0.0001,1,32,1,0.1,lr1e-04_bs16_modL1_fusion32_fusionL1_drop0p1_trmiss80_trlocclin,8,0.5431921581427256,0.6311927835146586,0.6120689655172414,0.780997226854315,0.6,0.0,0.0,0.0,0.0,2002,clin,0.8
5,5,lr1e-04_bs16_modL1_fusion32_fusionL1_drop0p1_trmiss80_trlocclin,16,0.0001,1,32,1,0.1,lr1e-04_bs16_modL1_fusion32_fusionL1_drop0p1_trmiss80_trlocclin,9,0.5350272531310717,0.6262779037157694,0.6228448275862069,0.7841889900162302,0.6444444444444445,0.0,0.0,0.0,0.0,2002,clin,0.8
5,5,lr1e-04_bs16_modL1_fusion32_fusionL1_drop0p1_trmiss80_trlocclin,16,0.0001,1,32,1,0.1,lr1e-04_bs16_modL1_fusion32_fusionL1_drop0p1_trmiss80_trlocclin,10,0.50797072549661,0.6267702778180441,0.6314655172413793,0.7794317542335519,0.6666666666666666,0.0,0.0,0.0,0.0,2002,clin,0.8
5,5,lr1e-04_bs16_modL1_fusion32_fusionL1_drop0p1_trmiss80_trlocclin,16,0.0001,1,32,1,0.1,lr1e-04_bs16_modL1_fusion32_fusionL1_drop0p1_trmiss80_trlocclin,11,0.522954652706782,0.6320180495580038,0.6077586206896552,0.7595800086394967,0.6444444444444445,0.0,0.0,0.0,0.0,2002,clin,0.8
5,5,lr1e-04_bs16_modL1_fusion32_fusionL1_drop0p1_trmiss80_trlocclin,16,0.0001,1,32,1,0.1,lr1e-04_bs16_modL1_fusion32_fusionL1_drop0p1_trmiss80_trlocclin,12,0.4875194827715556,0.6344070633252462,0.605603448275862,0.7642074516318748,0.6444444444444445,0.0,0.0,0.0,0.0,2002,clin,0.8
5,5,lr1e-04_bs16_modL1_fusion32_fusionL1_drop0p1_trmiss80_trlocclin,16,0.0001,1,32,1,0.1,lr1e-04_bs16_modL1_fusion32_fusionL1_drop0p1_trmiss80_trlocclin,13,0.4796278824408849,0.6363810300827026,0.5926724137931034,0.7581094784820152,0.6222222222222222,0.0,0.0,0.0,0.0,2002,clin,0.8
5,5,lr1e-04_bs16_modL1_fusion32_fusionL1_drop0p1_trmiss80_trlocclin,16,0.0001,1,32,1,0.1,lr1e-04_bs16_modL1_fusion32_fusionL1_drop0p1_trmiss80_trlocclin,14,0.4775872677564621,0.6350878477096558,0.5991379310344828,0.7616489750351126,0.6,0.0,0.0,0.0,0.0,2002,clin,0.8
5,5,lr1e-04_bs16_modL1_fusion32_fusionL1_drop0p1_trmiss80_trlocclin,16,0.0001,1,32,1,0.1,lr1e-04_bs16_modL1_fusion32_fusionL1_drop0p1_trmiss80_trlocclin,15,0.46704191714525223,0.6393073598543803,0.5905172413793104,0.7584931008456776,0.6222222222222222,0.0,0.0,0.0,0.0,2002,clin,0.8
5,5,lr1e-04_bs16_modL1_fusion32_fusionL1_drop0p1_trmiss80_trlocclin,16,0.0001,1,32,1,0.1,lr1e-04_bs16_modL1_fusion32_fusionL1_drop0p1_trmiss80_trlocclin,16,0.4841238384445508,0.6367868582407633,0.6056034482758621,0.7649645728246616,0.6444444444444445,0.0,0.0,0.0,0.0,2002,clin,0.8
5,5,lr1e-04_bs16_modL1_fusion32_fusionL1_drop0p1_trmiss80_trlocclin,16,0.0001,1,32,1,0.1,lr1e-04_bs16_modL1_fusion32_fusionL1_drop0p1_trmiss80_trlocclin,17,0.4576398233572642,0.6311371326446533,0.6142241379310345,0.7676660194703168,0.6222222222222222,0.0,0.0,0.0,0.0,2002,clin,0.8
5,5,lr1e-04_bs16_modL1_fusion32_fusionL1_drop0p1_trmiss80_trlocclin,16,0.0001,1,32,1,0.1,lr1e-04_bs16_modL1_fusion32_fusionL1_drop0p1_trmiss80_trlocclin,18,0.4601667622725169,0.634004811445872,0.6163793103448276,0.7680109280575692,0.6,0.0,0.0,0.0,0.0,2002,clin,0.8
5,5,lr1e-04_bs16_modL1_fusion32_fusionL1_drop0p1_trmiss80_trlocclin,16,0.0001,1,32,1,0.1,lr1e-04_bs16_modL1_fusion32_fusionL1_drop0p1_trmiss80_trlocclin,19,0.4444430147608121,0.6338437795639038,0.603448275862069,0.7639781103578441,0.6222222222222222,0.0,0.0,0.0,0.0,2002,clin,0.8
5,5,lr1e-04_bs16_modL1_fusion32_fusionL1_drop0p1_trmiss80_trlocclin,16,0.0001,1,32,1,0.1,lr1e-04_bs16_modL1_fusion32_fusionL1_drop0p1_trmiss80_trlocclin,20,0.46146388351917267,0.6339395443598429,0.603448275862069,0.765288120158324,0.6222222222222222,0.0,0.0,0.0,0.0,2002,clin,0.8
5,5,lr1e-04_bs16_modL1_fusion32_fusionL1_drop0p1_trmiss80_trlocclin,16,0.0001,1,32,1,0.1,lr1e-04_bs16_modL1_fusion32_fusionL1_drop0p1_trmiss80_trlocclin,21,0.42328809450070065,0.6368299325307211,0.5969827586206897,0.7483968355006541,0.6222222222222222,0.0,0.0,0.0,0.0,2002,clin,0.8
5,5,lr1e-04_bs16_modL1_fusion32_fusionL1_drop0p1_trmiss80_trlocclin,16,0.0001,1,32,1,0.1,lr1e-04_bs16_modL1_fusion32_fusionL1_drop0p1_trmiss80_trlocclin,22,0.42989104241132736,0.6372301975886027,0.6012931034482758,0.7517793038696119,0.6,0.0,0.0,0.0,0.0,2002,clin,0.8
5,5,lr1e-04_bs16_modL1_fusion32_fusionL1_drop0p1_trmiss80_trlocclin,16,0.0001,1,32,1,0.1,lr1e-04_bs16_modL1_fusion32_fusionL1_drop0p1_trmiss80_trlocclin,23,0.42999470233917236,0.6350443760553995,0.603448275862069,0.7591989545904233,0.6,0.0,0.0,0.0,0.0,2002,clin,0.8
5,5,lr1e-04_bs16_modL1_fusion32_fusionL1_drop0p1_trmiss80_trlocclin,16,0.0001,1,32,1,0.1,lr1e-04_bs16_modL1_fusion32_fusionL1_drop0p1_trmiss80_trlocclin,24,0.42623867094516754,0.634935200214386,0.5991379310344828,0.7582946769499669,0.6,0.0,0.0,0.0,0.0,2002,clin,0.8
5,5,lr1e-04_bs16_modL1_fusion32_fusionL1_drop0p1_trmiss80_trlocclin,16,0.0001,1,32,1,0.1,lr1e-04_bs16_modL1_fusion32_fusionL1_drop0p1_trmiss80_trlocclin,25,0.42810898274183273,0.6346731583277384,0.6012931034482759,0.7480266321738085,0.6,0.0,0.0,0.0,0.0,2002,clin,0.8
5,5,lr1e-04_bs16_modL1_fusion32_fusionL1_drop0p1_trmiss80_trlocclin,16,0.0001,1,32,1,0.1,lr1e-04_bs16_modL1_fusion32_fusionL1_drop0p1_trmiss80_trlocclin,26,0.4234490245580673,0.6347913344701132,0.6012931034482758,0.7471161337897634,0.6222222222222222,0.0,0.0,0.0,0.0,2002,clin,0.8
5,5,lr1e-04_bs16_modL1_fusion32_fusionL1_drop0p1_trmiss80_trlocclin,16,0.0001,1,32,1,0.1,lr1e-04_bs16_modL1_fusion32_fusionL1_drop0p1_trmiss80_trlocclin,27,0.4131319721539815,0.6367200811704,0.5969827586206896,0.7407868980672492,0.6,0.0,0.0,0.0,0.0,2002,clin,0.8
5,5,lr1e-04_bs16_modL1_fusion32_fusionL1_drop0p1_trmiss80_trlocclin,16,0.0001,1,32,1,0.1,lr1e-04_bs16_modL1_fusion32_fusionL1_drop0p1_trmiss80_trlocclin,28,0.42751743644475937,0.6350020170211792,0.603448275862069,0.7454994932673593,0.6444444444444445,0.0,0.0,0.0,0.0,2002,clin,0.8
5,5,lr1e-04_bs16_modL1_fusion32_fusionL1_drop0p1_trmiss80_trlocclin,16,0.0001,1,32,1,0.1,lr1e-04_bs16_modL1_fusion32_fusionL1_drop0p1_trmiss80_trlocclin,29,0.42362544933954877,0.638422946135203,0.5969827586206896,0.7432545229285272,0.6222222222222222,0.0,0.0,0.0,0.0,2002,clin,0.8
5,5,lr1e-04_bs16_modL1_fusion32_fusionL1_drop0p1_trmiss80_trlocclin,16,0.0001,1,32,1,0.1,lr1e-04_bs16_modL1_fusion32_fusionL1_drop0p1_trmiss80_trlocclin,30,0.4287916248043378,0.6414606968561808,0.5969827586206897,0.7451445796575114,0.6,0.0,0.0,0.0,0.0,2002,clin,0.8
5,5,lr1e-04_bs16_modL1_fusion64_fusionL1_drop0p2_trmiss80_trlocclin,16,0.0001,1,64,1,0.2,lr1e-04_bs16_modL1_fusion64_fusionL1_drop0p2_trmiss80_trlocclin,1,0.6971452931563059,0.6871857444445292,0.5,0.6768495649292388,0.5111111111111111,0.0,0.0,0.0,0.0,2002,clin,0.8
5,5,lr1e-04_bs16_modL1_fusion64_fusionL1_drop0p2_trmiss80_trlocclin,16,0.0001,1,64,1,0.2,lr1e-04_bs16_modL1_fusion64_fusionL1_drop0p2_trmiss80_trlocclin,2,0.6157809644937515,0.6827061971028646,0.5387931034482759,0.7068325122550779,0.5555555555555556,0.0,0.0,0.0,0.0,2002,clin,0.8
5,5,lr1e-04_bs16_modL1_fusion64_fusionL1_drop0p2_trmiss80_trlocclin,16,0.0001,1,64,1,0.2,lr1e-04_bs16_modL1_fusion64_fusionL1_drop0p2_trmiss80_trlocclin,3,0.5922581007083257,0.6905156373977661,0.5323275862068966,0.7092079332942662,0.5555555555555556,0.0,0.0,0.0,0.0,2002,clin,0.8
5,5,lr1e-04_bs16_modL1_fusion64_fusionL1_drop0p2_trmiss80_trlocclin,16,0.0001,1,64,1,0.2,lr1e-04_bs16_modL1_fusion64_fusionL1_drop0p2_trmiss80_trlocclin,4,0.590101569890976,0.685331384340922,0.521551724137931,0.7020163216508034,0.5555555555555556,0.0,0.0,0.0,0.0,2002,clin,0.8
5,5,lr1e-04_bs16_modL1_fusion64_fusionL1_drop0p2_trmiss80_trlocclin,16,0.0001,1,64,1,0.2,lr1e-04_bs16_modL1_fusion64_fusionL1_drop0p2_trmiss80_trlocclin,5,0.5582272186875343,0.676975945631663,0.5086206896551724,0.6641910046035758,0.5333333333333333,0.0,0.0,0.0,0.0,2002,clin,0.8
5,5,lr1e-04_bs16_modL1_fusion64_fusionL1_drop0p2_trmiss80_trlocclin,16,0.0001,1,64,1,0.2,lr1e-04_bs16_modL1_fusion64_fusionL1_drop0p2_trmiss80_trlocclin,6,0.5560265531142553,0.6747754216194153,0.540948275862069,0.6888057766918536,0.5333333333333333,0.0,0.0,0.0,0.0,2002,clin,0.8
5,5,lr1e-04_bs16_modL1_fusion64_fusionL1_drop0p2_trmiss80_trlocclin,16,0.0001,1,64,1,0.2,lr1e-04_bs16_modL1_fusion64_fusionL1_drop0p2_trmiss80_trlocclin,7,0.5272910346587499,0.676882823308309,0.5517241379310345,0.7103863807721602,0.5777777777777777,0.0,0.0,0.0,0.0,2002,clin,0.8
5,5,lr1e-04_bs16_modL1_fusion64_fusionL1_drop0p2_trmiss80_trlocclin,16,0.0001,1,64,1,0.2,lr1e-04_bs16_modL1_fusion64_fusionL1_drop0p2_trmiss80_trlocclin,8,0.5274399171272913,0.6692217985788981,0.5495689655172414,0.6975993972061656,0.5777777777777777,0.0,0.0,0.0,0.0,2002,clin,0.8
5,5,lr1e-04_bs16_modL1_fusion64_fusionL1_drop0p2_trmiss80_trlocclin,16,0.0001,1,64,1,0.2,lr1e-04_bs16_modL1_fusion64_fusionL1_drop0p2_trmiss80_trlocclin,9,0.5058516090114912,0.6595444877942404,0.5581896551724137,0.6775638809714929,0.6,0.0,0.0,0.0,0.0,2002,clin,0.8
5,5,lr1e-04_bs16_modL1_fusion64_fusionL1_drop0p2_trmiss80_trlocclin,16,0.0001,1,64,1,0.2,lr1e-04_bs16_modL1_fusion64_fusionL1_drop0p2_trmiss80_trlocclin,10,0.5029824127753576,0.6587167978286743,0.5646551724137931,0.7114629305614456,0.5777777777777777,0.0,0.0,0.0,0.0,2002,clin,0.8
5,5,lr1e-04_bs16_modL1_fusion64_fusionL1_drop0p2_trmiss80_trlocclin,16,0.0001,1,64,1,0.2,lr1e-04_bs16_modL1_fusion64_fusionL1_drop0p2_trmiss80_trlocclin,11,0.48984892666339874,0.6678117314974467,0.5517241379310345,0.6950224525323387,0.5777777777777777,0.0,0.0,0.0,0.0,2002,clin,0.8
5,5,lr1e-04_bs16_modL1_fusion64_fusionL1_drop0p2_trmiss80_trlocclin,16,0.0001,1,64,1,0.2,lr1e-04_bs16_modL1_fusion64_fusionL1_drop0p2_trmiss80_trlocclin,12,0.480131263534228,0.666790763537089,0.5452586206896552,0.6858445977284297,0.6,0.0,0.0,0.0,0.0,2002,clin,0.8
5,5,lr1e-04_bs16_modL1_fusion64_fusionL1_drop0p2_trmiss80_trlocclin,16,0.0001,1,64,1,0.2,lr1e-04_bs16_modL1_fusion64_fusionL1_drop0p2_trmiss80_trlocclin,13,0.4606407458583514,0.6744992733001709,0.5517241379310345,0.6916774404521211,0.5333333333333333,0.0,0.0,0.0,0.0,2002,clin,0.8
5,5,lr1e-04_bs16_modL1_fusion64_fusionL1_drop0p2_trmiss80_trlocclin,16,0.0001,1,64,1,0.2,lr1e-04_bs16_modL1_fusion64_fusionL1_drop0p2_trmiss80_trlocclin,14,0.44271623094876605,0.6665477554003397,0.5754310344827587,0.6856523950347163,0.5777777777777777,0.0,0.0,0.0,0.0,2002,clin,0.8
5,5,lr1e-04_bs16_modL1_fusion64_fusionL1_drop0p2_trmiss80_trlocclin,16,0.0001,1,64,1,0.2,lr1e-04_bs16_modL1_fusion64_fusionL1_drop0p2_trmiss80_trlocclin,15,0.44285080085198086,0.6690155665079752,0.5668103448275862,0.6807725976618425,0.6,0.0,0.0,0.0,0.0,2002,clin,0.8
5,5,lr1e-04_bs16_modL1_fusion64_fusionL1_drop0p2_trmiss80_trlocclin,16,0.0001,1,64,1,0.2,lr1e-04_bs16_modL1_fusion64_fusionL1_drop0p2_trmiss80_trlocclin,16,0.4286639516552289,0.6693901220957438,0.5581896551724137,0.6666671057836268,0.6222222222222222,0.0,0.0,0.0,0.0,2002,clin,0.8
5,5,lr1e-04_bs16_modL1_fusion64_fusionL1_drop0p2_trmiss80_trlocclin,16,0.0001,1,64,1,0.2,lr1e-04_bs16_modL1_fusion64_fusionL1_drop0p2_trmiss80_trlocclin,17,0.39337244133154553,0.6642239093780518,0.584051724137931,0.6797867198570848,0.6444444444444445,0.0,0.0,0.0,0.0,2002,clin,0.8
5,5,lr1e-04_bs16_modL1_fusion64_fusionL1_drop0p2_trmiss80_trlocclin,16,0.0001,1,64,1,0.2,lr1e-04_bs16_modL1_fusion64_fusionL1_drop0p2_trmiss80_trlocclin,18,0.42221739639838535,0.6725719173749288,0.5668103448275863,0.6730408357980923,0.5777777777777777,0.0,0.0,0.0,0.0,2002,clin,0.8
5,5,lr1e-04_bs16_modL1_fusion64_fusionL1_drop0p2_trmiss80_trlocclin,16,0.0001,1,64,1,0.2,lr1e-04_bs16_modL1_fusion64_fusionL1_drop0p2_trmiss80_trlocclin,19,0.4104443316658338,0.6848286191622416,0.5452586206896552,0.6663610075369555,0.5555555555555556,0.0,0.0,0.0,0.0,2002,clin,0.8
5,5,lr1e-04_bs16_modL1_fusion64_fusionL1_drop0p2_trmiss80_trlocclin,16,0.0001,1,64,1,0.2,lr1e-04_bs16_modL1_fusion64_fusionL1_drop0p2_trmiss80_trlocclin,20,0.4155038744211197,0.676496148109436,0.5495689655172413,0.6673947607907738,0.5333333333333333,0.0,0.0,0.0,0.0,2002,clin,0.8
5,5,lr1e-04_bs16_modL1_fusion64_fusionL1_drop0p2_trmiss80_trlocclin,16,0.0001,1,64,1,0.2,lr1e-04_bs16_modL1_fusion64_fusionL1_drop0p2_trmiss80_trlocclin,21,0.38588471213976544,0.6646182139714559,0.5754310344827586,0.6765427996347416,0.6222222222222222,0.0,0.0,0.0,0.0,2002,clin,0.8
5,5,lr1e-04_bs16_modL1_fusion64_fusionL1_drop0p2_trmiss80_trlocclin,16,0.0001,1,64,1,0.2,lr1e-04_bs16_modL1_fusion64_fusionL1_drop0p2_trmiss80_trlocclin,22,0.38477592915296555,0.6663064161936442,0.5603448275862069,0.6719030600230524,0.6222222222222222,0.0,0.0,0.0,0.0,2002,clin,0.8
5,5,lr1e-04_bs16_modL1_fusion64_fusionL1_drop0p2_trmiss80_trlocclin,16,0.0001,1,64,1,0.2,lr1e-04_bs16_modL1_fusion64_fusionL1_drop0p2_trmiss80_trlocclin,23,0.36827724426984787,0.6729873220125834,0.5603448275862069,0.6788415156845604,0.5555555555555556,0.0,0.0,0.0,0.0,2002,clin,0.8
5,5,lr1e-04_bs16_modL1_fusion64_fusionL1_drop0p2_trmiss80_trlocclin,16,0.0001,1,64,1,0.2,lr1e-04_bs16_modL1_fusion64_fusionL1_drop0p2_trmiss80_trlocclin,24,0.3799908111492793,0.6709102988243103,0.5646551724137931,0.6805966825606949,0.5777777777777777,0.0,0.0,0.0,0.0,2002,clin,0.8
5,5,lr1e-04_bs16_modL1_fusion64_fusionL1_drop0p2_trmiss80_trlocclin,16,0.0001,1,64,1,0.2,lr1e-04_bs16_modL1_fusion64_fusionL1_drop0p2_trmiss80_trlocclin,25,0.3741994922359784,0.6728172898292542,0.5689655172413792,0.6823752405702252,0.5777777777777777,0.0,0.0,0.0,0.0,2002,clin,0.8
5,5,lr1e-04_bs16_modL1_fusion64_fusionL1_drop0p2_trmiss80_trlocclin,16,0.0001,1,64,1,0.2,lr1e-04_bs16_modL1_fusion64_fusionL1_drop0p2_trmiss80_trlocclin,26,0.3793093313773473,0.6701792478561401,0.5732758620689655,0.6786183623177775,0.6,0.0,0.0,0.0,0.0,2002,clin,0.8
5,5,lr1e-04_bs16_modL1_fusion64_fusionL1_drop0p2_trmiss80_trlocclin,16,0.0001,1,64,1,0.2,lr1e-04_bs16_modL1_fusion64_fusionL1_drop0p2_trmiss80_trlocclin,27,0.36469301333030063,0.670142392317454,0.5711206896551724,0.6835832897306856,0.5777777777777777,0.0,0.0,0.0,0.0,2002,clin,0.8
5,5,lr1e-04_bs16_modL1_fusion64_fusionL1_drop0p2_trmiss80_trlocclin,16,0.0001,1,64,1,0.2,lr1e-04_bs16_modL1_fusion64_fusionL1_drop0p2_trmiss80_trlocclin,28,0.3689884642759959,0.6687242984771729,0.5668103448275862,0.6821193246209177,0.6,0.0,0.0,0.0,0.0,2002,clin,0.8
5,5,lr1e-04_bs16_modL1_fusion64_fusionL1_drop0p2_trmiss80_trlocclin,16,0.0001,1,64,1,0.2,lr1e-04_bs16_modL1_fusion64_fusionL1_drop0p2_trmiss80_trlocclin,29,0.3557334343592326,0.664807915687561,0.5646551724137931,0.6749460457127483,0.6,0.0,0.0,0.0,0.0,2002,clin,0.8
5,5,lr1e-04_bs16_modL1_fusion64_fusionL1_drop0p2_trmiss80_trlocclin,16,0.0001,1,64,1,0.2,lr1e-04_bs16_modL1_fusion64_fusionL1_drop0p2_trmiss80_trlocclin,30,0.3436931644876798,0.6674992044766744,0.5603448275862069,0.6735897766509827,0.5777777777777777,0.0,0.0,0.0,0.0,2002,clin,0.8
5,5,lr1e-04_bs16_modL1_fusion64_fusionL1_drop0p2_trmiss80_trlocclin,16,0.0001,1,64,1,0.2,lr1e-04_bs16_modL1_fusion64_fusionL1_drop0p2_trmiss80_trlocclin,31,0.3642071212331454,0.6655213435490926,0.5560344827586207,0.6686572546244216,0.6,0.0,0.0,0.0,0.0,2002,clin,0.8
5,5,lr1e-04_bs16_modL1_fusion64_fusionL1_drop0p2_trmiss80_trlocclin,16,0.0001,1,64,1,0.2,lr1e-04_bs16_modL1_fusion64_fusionL1_drop0p2_trmiss80_trlocclin,32,0.3672863518198331,0.6709869702657064,0.5581896551724138,0.6714228798038397,0.5555555555555556,0.0,0.0,0.0,0.0,2002,clin,0.8
5,5,lr1e-04_bs16_modL1_fusion64_fusionL1_drop0p2_trmiss80_trlocclin,16,0.0001,1,64,1,0.2,lr1e-04_bs16_modL1_fusion64_fusionL1_drop0p2_trmiss80_trlocclin,33,0.33892131596803665,0.6723794539769491,0.5625,0.6738061720773336,0.5555555555555556,0.0,0.0,0.0,0.0,2002,clin,0.8
5,5,lr1e-04_bs16_modL1_fusion64_fusionL1_drop0p2_trmiss80_trlocclin,16,0.0001,1,64,1,0.2,lr1e-04_bs16_modL1_fusion64_fusionL1_drop0p2_trmiss80_trlocclin,34,0.37502025564511615,0.6640417575836182,0.5646551724137931,0.6705707489164207,0.6,0.0,0.0,0.0,0.0,2002,clin,0.8
5,5,lr1e-04_bs16_modL1_fusion64_fusionL1_drop0p2_trmiss80_trlocclin,16,0.0001,1,64,1,0.2,lr1e-04_bs16_modL1_fusion64_fusionL1_drop0p2_trmiss80_trlocclin,35,0.35481027513742447,0.6703352133433024,0.5689655172413792,0.6762746997182751,0.5555555555555556,0.0,0.0,0.0,0.0,2002,clin,0.8
5,5,lr1e-04_bs16_modL1_fusion64_fusionL1_drop0p2_trmiss80_trlocclin,16,0.0001,1,64,1,0.2,lr1e-04_bs16_modL1_fusion64_fusionL1_drop0p2_trmiss80_trlocclin,36,0.3298417056600253,0.6566734711329142,0.5711206896551724,0.6743481846896233,0.6,0.0,0.0,0.0,0.0,2002,clin,0.8
5,5,lr1e-04_bs16_modL1_fusion64_fusionL1_drop0p2_trmiss80_trlocclin,16,0.0001,1,64,1,0.2,lr1e-04_bs16_modL1_fusion64_fusionL1_drop0p2_trmiss80_trlocclin,37,0.34979214767615,0.6623750726381937,0.5732758620689655,0.6739316892325383,0.6,0.0,0.0,0.0,0.0,2002,clin,0.8
5,5,lr1e-04_bs16_modL1_fusion64_fusionL1_drop0p1_trmiss80_trlocclin,16,0.0001,1,64,1,0.1,lr1e-04_bs16_modL1_fusion64_fusionL1_drop0p1_trmiss80_trlocclin,1,0.6567799846331278,0.6714751124382019,0.5969827586206896,0.7382159140715494,0.5555555555555556,0.0,0.0,0.0,0.0,2002,clin,0.8
5,5,lr1e-04_bs16_modL1_fusion64_fusionL1_drop0p1_trmiss80_trlocclin,16,0.0001,1,64,1,0.1,lr1e-04_bs16_modL1_fusion64_fusionL1_drop0p1_trmiss80_trlocclin,2,0.6127578963836035,0.6648335456848145,0.6120689655172414,0.7391575699336295,0.5777777777777777,0.0,0.0,0.0,0.0,2002,clin,0.8
5,5,lr1e-04_bs16_modL1_fusion64_fusionL1_drop0p1_trmiss80_trlocclin,16,0.0001,1,64,1,0.1,lr1e-04_bs16_modL1_fusion64_fusionL1_drop0p1_trmiss80_trlocclin,3,0.5483758101860682,0.6677724520365397,0.6012931034482759,0.7467265605699082,0.6,0.0,0.0,0.0,0.0,2002,clin,0.8
5,5,lr1e-04_bs16_modL1_fusion64_fusionL1_drop0p1_trmiss80_trlocclin,16,0.0001,1,64,1,0.1,lr1e-04_bs16_modL1_fusion64_fusionL1_drop0p1_trmiss80_trlocclin,4,0.5560940752426783,0.6678491234779358,0.5818965517241379,0.7056339696521556,0.6222222222222222,0.0,0.0,0.0,0.0,2002,clin,0.8
5,5,lr1e-04_bs16_modL1_fusion64_fusionL1_drop0p1_trmiss80_trlocclin,16,0.0001,1,64,1,0.1,lr1e-04_bs16_modL1_fusion64_fusionL1_drop0p1_trmiss80_trlocclin,5,0.5249262551466624,0.6688788930575053,0.5862068965517241,0.7172482646698632,0.6444444444444445,0.0,0.0,0.0,0.0,2002,clin,0.8
5,5,lr1e-04_bs16_modL1_fusion64_fusionL1_drop0p1_trmiss80_trlocclin,16,0.0001,1,64,1,0.1,lr1e-04_bs16_modL1_fusion64_fusionL1_drop0p1_trmiss80_trlocclin,6,0.4904589255650838,0.6537516315778097,0.603448275862069,0.7322756584604004,0.6444444444444445,0.0,0.0,0.0,0.0,2002,clin,0.8
5,5,lr1e-04_bs16_modL1_fusion64_fusionL1_drop0p1_trmiss80_trlocclin,16,0.0001,1,64,1,0.1,lr1e-04_bs16_modL1_fusion64_fusionL1_drop0p1_trmiss80_trlocclin,7,0.45827069133520126,0.6508510112762451,0.6163793103448276,0.7399307799100479,0.6444444444444445,0.0,0.0,0.0,0.0,2002,clin,0.8
5,5,lr1e-04_bs16_modL1_fusion64_fusionL1_drop0p1_trmiss80_trlocclin,16,0.0001,1,64,1,0.1,lr1e-04_bs16_modL1_fusion64_fusionL1_drop0p1_trmiss80_trlocclin,8,0.4624527618288994,0.6581666668256124,0.6120689655172413,0.7318657232449384,0.6222222222222222,0.0,0.0,0.0,0.0,2002,clin,0.8
5,5,lr1e-04_bs16_modL1_fusion64_fusionL1_drop0p1_trmiss80_trlocclin,16,0.0001,1,64,1,0.1,lr1e-04_bs16_modL1_fusion64_fusionL1_drop0p1_trmiss80_trlocclin,9,0.45516697814067203,0.6606218218803406,0.5883620689655172,0.7143847228056852,0.6444444444444445,0.0,0.0,0.0,0.0,2002,clin,0.8
5,5,lr1e-04_bs16_modL1_fusion64_fusionL1_drop0p1_trmiss80_trlocclin,16,0.0001,1,64,1,0.1,lr1e-04_bs16_modL1_fusion64_fusionL1_drop0p1_trmiss80_trlocclin,10,0.41933545221885044,0.6588401198387146,0.5969827586206896,0.7195620186246647,0.6444444444444445,0.0,0.0,0.0,0.0,2002,clin,0.8
5,5,lr1e-04_bs16_modL1_fusion64_fusionL1_drop0p1_trmiss80_trlocclin,16,0.0001,1,64,1,0.1,lr1e-04_bs16_modL1_fusion64_fusionL1_drop0p1_trmiss80_trlocclin,11,0.40751880904038745,0.6513669888178507,0.603448275862069,0.7159606170656496,0.6444444444444445,0.0,0.0,0.0,0.0,2002,clin,0.8
5,5,lr1e-04_bs16_modL1_fusion64_fusionL1_drop0p1_trmiss80_trlocclin,16,0.0001,1,64,1,0.1,lr1e-04_bs16_modL1_fusion64_fusionL1_drop0p1_trmiss80_trlocclin,12,0.39269349972407025,0.6678415934244791,0.603448275862069,0.713006986031699,0.6222222222222222,0.0,0.0,0.0,0.0,2002,clin,0.8
5,5,lr1e-04_bs16_modL1_fusion64_fusionL1_drop0p1_trmiss80_trlocclin,16,0.0001,1,64,1,0.1,lr1e-04_bs16_modL1_fusion64_fusionL1_drop0p1_trmiss80_trlocclin,13,0.3715931177139282,0.669758121172587,0.5883620689655172,0.7029981207416834,0.6,0.0,0.0,0.0,0.0,2002,clin,0.8
5,5,lr1e-04_bs16_modL1_fusion64_fusionL1_drop0p1_trmiss80_trlocclin,16,0.0001,1,64,1,0.1,lr1e-04_bs16_modL1_fusion64_fusionL1_drop0p1_trmiss80_trlocclin,14,0.3540475020805995,0.6553317705790201,0.6099137931034483,0.712678697442438,0.6666666666666666,0.0,0.0,0.0,0.0,2002,clin,0.8
5,5,lr1e-04_bs16_modL1_fusion64_fusionL1_drop0p1_trmiss80_trlocclin,16,0.0001,1,64,1,0.1,lr1e-04_bs16_modL1_fusion64_fusionL1_drop0p1_trmiss80_trlocclin,15,0.35536445677280426,0.6650766730308533,0.5991379310344828,0.705624696035194,0.6222222222222222,0.0,0.0,0.0,0.0,2002,clin,0.8
5,5,lr1e-04_bs16_modL1_fusion64_fusionL1_drop0p1_trmiss80_trlocclin,16,0.0001,1,64,1,0.1,lr1e-04_bs16_modL1_fusion64_fusionL1_drop0p1_trmiss80_trlocclin,16,0.3395343174537023,0.6584511597951254,0.6163793103448276,0.7225719610916579,0.6444444444444445,0.0,0.0,0.0,0.0,2002,clin,0.8
5,5,lr1e-04_bs16_modL1_fusion64_fusionL1_drop0p1_trmiss80_trlocclin,16,0.0001,1,64,1,0.1,lr1e-04_bs16_modL1_fusion64_fusionL1_drop0p1_trmiss80_trlocclin,17,0.35457121084133786,0.6556221644083658,0.6185344827586208,0.7255389106638928,0.6444444444444445,0.0,0.0,0.0,0.0,2002,clin,0.8
5,5,lr1e-04_bs16_modL1_fusion64_fusionL1_drop0p1_trmiss80_trlocclin,16,0.0001,1,64,1,0.1,lr1e-04_bs16_modL1_fusion64_fusionL1_drop0p1_trmiss80_trlocclin,18,0.32371525714794797,0.6629621187845866,0.6120689655172414,0.7248732266725062,0.6666666666666666,0.0,0.0,0.0,0.0,2002,clin,0.8
5,5,lr1e-04_bs16_modL1_fusion64_fusionL1_drop0p1_trmiss80_trlocclin,16,0.0001,1,64,1,0.1,lr1e-04_bs16_modL1_fusion64_fusionL1_drop0p1_trmiss80_trlocclin,19,0.31612859666347504,0.6587038238843282,0.6163793103448276,0.726525959379084,0.6222222222222222,0.0,0.0,0.0,0.0,2002,clin,0.8
5,5,lr1e-04_bs16_modL1_fusion64_fusionL1_drop0p1_trmiss80_trlocclin,16,0.0001,1,64,1,0.1,lr1e-04_bs16_modL1_fusion64_fusionL1_drop0p1_trmiss80_trlocclin,20,0.31478170429666835,0.6600446502367655,0.6293103448275863,0.7384494850646108,0.6444444444444445,0.0,0.0,0.0,0.0,2002,clin,0.8
5,5,lr1e-04_bs16_modL1_fusion64_fusionL1_drop0p1_trmiss80_trlocclin,16,0.0001,1,64,1,0.1,lr1e-04_bs16_modL1_fusion64_fusionL1_drop0p1_trmiss80_trlocclin,21,0.31671955436468124,0.662447194258372,0.6142241379310345,0.7293429534549254,0.6222222222222222,0.0,0.0,0.0,0.0,2002,clin,0.8
5,5,lr1e-04_bs16_modL1_fusion64_fusionL1_drop0p1_trmiss80_trlocclin,16,0.0001,1,64,1,0.1,lr1e-04_bs16_modL1_fusion64_fusionL1_drop0p1_trmiss80_trlocclin,22,0.3074902916948001,0.6697531143824259,0.603448275862069,0.7224885480076735,0.6222222222222222,0.0,0.0,0.0,0.0,2002,clin,0.8
5,5,lr1e-04_bs16_modL1_fusion64_fusionL1_drop0p1_trmiss80_trlocclin,16,0.0001,1,64,1,0.1,lr1e-04_bs16_modL1_fusion64_fusionL1_drop0p1_trmiss80_trlocclin,23,0.31988539298375446,0.6672135591506958,0.6142241379310345,0.7222456842693408,0.6,0.0,0.0,0.0,0.0,2002,clin,0.8
5,5,lr1e-04_bs16_modL1_fusion64_fusionL1_drop0p1_trmiss80_trlocclin,16,0.0001,1,64,1,0.1,lr1e-04_bs16_modL1_fusion64_fusionL1_drop0p1_trmiss80_trlocclin,24,0.33356744796037674,0.6551374594370524,0.625,0.7277024090812612,0.6222222222222222,0.0,0.0,0.0,0.0,2002,clin,0.8
5,5,lr1e-04_bs16_modL1_fusion64_fusionL1_drop0p1_trmiss80_trlocclin,16,0.0001,1,64,1,0.1,lr1e-04_bs16_modL1_fusion64_fusionL1_drop0p1_trmiss80_trlocclin,25,0.2871472102900346,0.6584588686625162,0.6185344827586207,0.7319550024916568,0.6222222222222222,0.0,0.0,0.0,0.0,2002,clin,0.8
5,5,lr1e-04_bs16_modL1_fusion64_fusionL1_drop0p1_trmiss80_trlocclin,16,0.0001,1,64,1,0.1,lr1e-04_bs16_modL1_fusion64_fusionL1_drop0p1_trmiss80_trlocclin,26,0.28547203292449314,0.6527799566586813,0.6443965517241379,0.7408683585319278,0.6222222222222222,0.0,0.0,0.0,0.0,2002,clin,0.8
5,5,lr1e-04_bs16_modL1_fusion64_fusionL1_drop0p1_trmiss80_trlocclin,16,0.0001,1,64,1,0.1,lr1e-04_bs16_modL1_fusion64_fusionL1_drop0p1_trmiss80_trlocclin,27,0.2903967884679635,0.6536895036697388,0.6336206896551724,0.738382643742368,0.6444444444444445,0.0,0.0,0.0,0.0,2002,clin,0.8
5,5,lr1e-04_bs16_modL1_fusion64_fusionL1_drop0p1_trmiss80_trlocclin,16,0.0001,1,64,1,0.1,lr1e-04_bs16_modL1_fusion64_fusionL1_drop0p1_trmiss80_trlocclin,28,0.30345161880056065,0.6573174595832825,0.6314655172413792,0.7353760748861198,0.6444444444444445,0.0,0.0,0.0,0.0,2002,clin,0.8
5,5,lr1e-04_bs16_modL1_fusion64_fusionL1_drop0p1_trmiss80_trlocclin,16,0.0001,1,64,1,0.1,lr1e-04_bs16_modL1_fusion64_fusionL1_drop0p1_trmiss80_trlocclin,29,0.302003579835097,0.6523556113243103,0.6357758620689655,0.7378048766835315,0.6222222222222222,0.0,0.0,0.0,0.0,2002,clin,0.8
5,5,lr1e-04_bs16_modL1_fusion64_fusionL1_drop0p1_trmiss80_trlocclin,16,0.0001,1,64,1,0.1,lr1e-04_bs16_modL1_fusion64_fusionL1_drop0p1_trmiss80_trlocclin,30,0.2796032130718231,0.6620136300722758,0.6249999999999999,0.7342177371158094,0.6222222222222222,0.0,0.0,0.0,0.0,2002,clin,0.8
5,5,lr1e-04_bs16_modL1_fusion64_fusionL1_drop0p1_trmiss80_trlocclin,16,0.0001,1,64,1,0.1,lr1e-04_bs16_modL1_fusion64_fusionL1_drop0p1_trmiss80_trlocclin,31,0.30692145973443985,0.6610317627588908,0.625,0.7346781647200664,0.6444444444444445,0.0,0.0,0.0,0.0,2002,clin,0.8
5,5,lr1e-04_bs16_modL1_fusion64_fusionL1_drop0p1_trmiss80_trlocclin,16,0.0001,1,64,1,0.1,lr1e-04_bs16_modL1_fusion64_fusionL1_drop0p1_trmiss80_trlocclin,32,0.30463097244501114,0.6616858641306559,0.6314655172413792,0.7360304362991983,0.6222222222222222,0.0,0.0,0.0,0.0,2002,clin,0.8
5,5,lr1e-04_bs16_modL1_fusion64_fusionL1_drop0p1_trmiss80_trlocclin,16,0.0001,1,64,1,0.1,lr1e-04_bs16_modL1_fusion64_fusionL1_drop0p1_trmiss80_trlocclin,33,0.2835848232110341,0.6618073582649231,0.6293103448275862,0.7335241498651031,0.6222222222222222,0.0,0.0,0.0,0.0,2002,clin,0.8
5,5,lr1e-04_bs16_modL1_fusion64_fusionL1_drop0p1_trmiss80_trlocclin,16,0.0001,1,64,1,0.1,lr1e-04_bs16_modL1_fusion64_fusionL1_drop0p1_trmiss80_trlocclin,34,0.29993487149477005,0.6614436109860738,0.6422413793103448,0.7411831668569535,0.6222222222222222,0.0,0.0,0.0,0.0,2002,clin,0.8
5,5,lr1e-04_bs16_modL1_fusion64_fusionL1_drop0p1_trmiss80_trlocclin,16,0.0001,1,64,1,0.1,lr1e-04_bs16_modL1_fusion64_fusionL1_drop0p1_trmiss80_trlocclin,35,0.2757895290851593,0.6597188711166382,0.6422413793103448,0.7417534283736102,0.6222222222222222,0.0,0.0,0.0,0.0,2002,clin,0.8
5,5,lr1e-04_bs16_modL1_fusion64_fusionL1_drop0p1_trmiss80_trlocclin,16,0.0001,1,64,1,0.1,lr1e-04_bs16_modL1_fusion64_fusionL1_drop0p1_trmiss80_trlocclin,36,0.2814414401849111,0.662741998831431,0.6293103448275862,0.7371280262082585,0.6222222222222222,0.0,0.0,0.0,0.0,2002,clin,0.8
5,5,lr1e-04_bs16_modL1_fusion64_fusionL1_drop0p1_trmiss80_trlocclin,16,0.0001,1,64,1,0.1,lr1e-04_bs16_modL1_fusion64_fusionL1_drop0p1_trmiss80_trlocclin,37,0.2776048555970192,0.6573044856389364,0.627155172413793,0.7312054574127809,0.6444444444444445,0.0,0.0,0.0,0.0,2002,clin,0.8
5,5,lr1e-04_bs16_modL1_fusion64_fusionL1_drop0p1_trmiss80_trlocclin,16,0.0001,1,64,1,0.1,lr1e-04_bs16_modL1_fusion64_fusionL1_drop0p1_trmiss80_trlocclin,38,0.2917458725472291,0.6595142483711243,0.6314655172413793,0.7346309773646551,0.6222222222222222,0.0,0.0,0.0,0.0,2002,clin,0.8
5,5,lr1e-04_bs16_modL1_fusion64_fusionL1_drop0p1_trmiss80_trlocclin,16,0.0001,1,64,1,0.1,lr1e-04_bs16_modL1_fusion64_fusionL1_drop0p1_trmiss80_trlocclin,39,0.2729360796511173,0.6605280439058939,0.627155172413793,0.7357821308535517,0.6222222222222222,0.0,0.0,0.0,0.0,2002,clin,0.8
5,5,lr1e-04_bs16_modL1_fusion64_fusionL1_drop0p1_trmiss80_trlocclin,16,0.0001,1,64,1,0.1,lr1e-04_bs16_modL1_fusion64_fusionL1_drop0p1_trmiss80_trlocclin,40,0.28561781098445255,0.6627490719159445,0.6271551724137931,0.7268816750616003,0.6222222222222222,0.0,0.0,0.0,0.0,2002,clin,0.8
5,5,lr1e-04_bs16_modL1_fusion64_fusionL1_drop0p1_trmiss80_trlocclin,16,0.0001,1,64,1,0.1,lr1e-04_bs16_modL1_fusion64_fusionL1_drop0p1_trmiss80_trlocclin,41,0.27300109590093297,0.6631475289662679,0.6314655172413793,0.732858719841162,0.6222222222222222,0.0,0.0,0.0,0.0,2002,clin,0.8
5,5,lr1e-04_bs16_modL1_fusion64_fusionL1_drop0p1_trmiss80_trlocclin,16,0.0001,1,64,1,0.1,lr1e-04_bs16_modL1_fusion64_fusionL1_drop0p1_trmiss80_trlocclin,42,0.30631494149565697,0.6607224146525065,0.627155172413793,0.7305449600201264,0.6222222222222222,0.0,0.0,0.0,0.0,2002,clin,0.8
5,5,lr1e-04_bs16_modL1_fusion64_fusionL1_drop0p1_trmiss80_trlocclin,16,0.0001,1,64,1,0.1,lr1e-04_bs16_modL1_fusion64_fusionL1_drop0p1_trmiss80_trlocclin,43,0.29963263620932895,0.6614827911059061,0.6336206896551724,0.7357586861264296,0.6222222222222222,0.0,0.0,0.0,0.0,2002,clin,0.8
5,5,lr1e-04_bs16_modL1_fusion64_fusionL1_drop0p1_trmiss80_trlocclin,16,0.0001,1,64,1,0.1,lr1e-04_bs16_modL1_fusion64_fusionL1_drop0p1_trmiss80_trlocclin,44,0.27717843651771545,0.6619067788124084,0.6314655172413792,0.7335726346300331,0.6222222222222222,0.0,0.0,0.0,0.0,2002,clin,0.8
5,5,lr1e-04_bs16_modL1_fusion64_fusionL1_drop0p1_trmiss80_trlocclin,16,0.0001,1,64,1,0.1,lr1e-04_bs16_modL1_fusion64_fusionL1_drop0p1_trmiss80_trlocclin,45,0.27565403779347736,0.6619693040847778,0.6293103448275862,0.7318898813492984,0.6,0.0,0.0,0.0,0.0,2002,clin,0.8
5,5,lr1e-04_bs16_modL1_fusion64_fusionL1_drop0p1_trmiss80_trlocclin,16,0.0001,1,64,1,0.1,lr1e-04_bs16_modL1_fusion64_fusionL1_drop0p1_trmiss80_trlocclin,46,0.2757466758290927,0.6636050343513489,0.6293103448275862,0.7306631410228652,0.6,0.0,0.0,0.0,0.0,2002,clin,0.8
5,5,lr5e-05_bs32_modL1_fusion32_fusionL1_drop0p2_trmiss80_trlocclin,32,5e-05,1,32,1,0.2,lr5e-05_bs32_modL1_fusion32_fusionL1_drop0p2_trmiss80_trlocclin,1,0.7109102805455526,0.702822744846344,0.5431034482758621,0.6820195268416449,0.5555555555555556,0.0,0.0,0.0,0.0,2002,clin,0.8
5,5,lr5e-05_bs32_modL1_fusion32_fusionL1_drop0p2_trmiss80_trlocclin,32,5e-05,1,32,1,0.2,lr5e-05_bs32_modL1_fusion32_fusionL1_drop0p2_trmiss80_trlocclin,2,0.6955974400043488,0.7088639140129089,0.5668103448275862,0.6974961670215336,0.5777777777777777,0.0,0.0,0.0,0.0,2002,clin,0.8
5,5,lr5e-05_bs32_modL1_fusion32_fusionL1_drop0p2_trmiss80_trlocclin,32,5e-05,1,32,1,0.2,lr5e-05_bs32_modL1_fusion32_fusionL1_drop0p2_trmiss80_trlocclin,3,0.6633037229379019,0.7135502398014069,0.5624999999999999,0.692342901885576,0.5555555555555556,0.0,0.0,0.0,0.0,2002,clin,0.8
5,5,lr5e-05_bs32_modL1_fusion32_fusionL1_drop0p2_trmiss80_trlocclin,32,5e-05,1,32,1,0.2,lr5e-05_bs32_modL1_fusion32_fusionL1_drop0p2_trmiss80_trlocclin,4,0.6316730181376139,0.7157405316829681,0.5581896551724138,0.6919099433568616,0.5333333333333333,0.0,0.0,0.0,0.0,2002,clin,0.8
5,5,lr5e-05_bs32_modL1_fusion32_fusionL1_drop0p2_trmiss80_trlocclin,32,5e-05,1,32,1,0.2,lr5e-05_bs32_modL1_fusion32_fusionL1_drop0p2_trmiss80_trlocclin,5,0.6236099203427633,0.7180742025375366,0.5646551724137931,0.6953914833721578,0.5333333333333333,0.0,0.0,0.0,0.0,2002,clin,0.8
5,5,lr5e-05_bs32_modL1_fusion32_fusionL1_drop0p2_trmiss80_trlocclin,32,5e-05,1,32,1,0.2,lr5e-05_bs32_modL1_fusion32_fusionL1_drop0p2_trmiss80_trlocclin,6,0.615324874718984,0.7172806859016418,0.5581896551724137,0.6916985586742944,0.5777777777777777,0.0,0.0,0.0,0.0,2002,clin,0.8
5,5,lr5e-05_bs32_modL1_fusion32_fusionL1_drop0p2_trmiss80_trlocclin,32,5e-05,1,32,1,0.2,lr5e-05_bs32_modL1_fusion32_fusionL1_drop0p2_trmiss80_trlocclin,7,0.6272153854370117,0.7116689085960388,0.5668103448275862,0.6944034345139264,0.5555555555555556,0.0,0.0,0.0,0.0,2002,clin,0.8
5,5,lr5e-05_bs32_modL1_fusion32_fusionL1_drop0p2_trmiss80_trlocclin,32,5e-05,1,32,1,0.2,lr5e-05_bs32_modL1_fusion32_fusionL1_drop0p2_trmiss80_trlocclin,8,0.5875353018442789,0.7109296917915344,0.5711206896551724,0.7028263893678571,0.5333333333333333,0.0,0.0,0.0,0.0,2002,clin,0.8
5,5,lr5e-05_bs32_modL1_fusion32_fusionL1_drop0p2_trmiss80_trlocclin,32,5e-05,1,32,1,0.2,lr5e-05_bs32_modL1_fusion32_fusionL1_drop0p2_trmiss80_trlocclin,9,0.6100836992263794,0.711088091135025,0.5646551724137931,0.6998921296057724,0.5555555555555556,0.0,0.0,0.0,0.0,2002,clin,0.8
5,5,lr5e-05_bs32_modL1_fusion32_fusionL1_drop0p2_trmiss80_trlocclin,32,5e-05,1,32,1,0.2,lr5e-05_bs32_modL1_fusion32_fusionL1_drop0p2_trmiss80_trlocclin,10,0.5827717284361521,0.7105722725391388,0.5689655172413793,0.7054700580948063,0.5333333333333333,0.0,0.0,0.0,0.0,2002,clin,0.8
5,5,lr5e-05_bs32_modL1_fusion32_fusionL1_drop0p2_trmiss80_trlocclin,32,5e-05,1,32,1,0.2,lr5e-05_bs32_modL1_fusion32_fusionL1_drop0p2_trmiss80_trlocclin,11,0.5836576620737711,0.7049485743045807,0.5668103448275862,0.7080033334218572,0.5333333333333333,0.0,0.0,0.0,0.0,2002,clin,0.8
5,5,lr5e-05_bs32_modL1_fusion32_fusionL1_drop0p2_trmiss80_trlocclin,32,5e-05,1,32,1,0.2,lr5e-05_bs32_modL1_fusion32_fusionL1_drop0p2_trmiss80_trlocclin,12,0.5747484564781189,0.7032321691513062,0.5732758620689654,0.7165229212718285,0.5333333333333333,0.0,0.0,0.0,0.0,2002,clin,0.8
5,5,lr5e-05_bs32_modL1_fusion32_fusionL1_drop0p2_trmiss80_trlocclin,32,5e-05,1,32,1,0.2,lr5e-05_bs32_modL1_fusion32_fusionL1_drop0p2_trmiss80_trlocclin,13,0.5902135769526163,0.703678548336029,0.5754310344827587,0.721366927839973,0.5111111111111111,0.0,0.0,0.0,0.0,2002,clin,0.8
5,5,lr5e-05_bs32_modL1_fusion32_fusionL1_drop0p2_trmiss80_trlocclin,32,5e-05,1,32,1,0.2,lr5e-05_bs32_modL1_fusion32_fusionL1_drop0p2_trmiss80_trlocclin,14,0.5606934527556101,0.7052719593048096,0.5754310344827586,0.7215988928959973,0.5111111111111111,0.0,0.0,0.0,0.0,2002,clin,0.8
5,5,lr5e-05_bs32_modL1_fusion32_fusionL1_drop0p2_trmiss80_trlocclin,32,5e-05,1,32,1,0.2,lr5e-05_bs32_modL1_fusion32_fusionL1_drop0p2_trmiss80_trlocclin,15,0.5753332376480103,0.7040380537509918,0.5754310344827587,0.721366927839973,0.5111111111111111,0.0,0.0,0.0,0.0,2002,clin,0.8
5,5,lr5e-05_bs32_modL1_fusion32_fusionL1_drop0p2_trmiss80_trlocclin,32,5e-05,1,32,1,0.2,lr5e-05_bs32_modL1_fusion32_fusionL1_drop0p2_trmiss80_trlocclin,16,0.5702418883641561,0.7028440237045288,0.5732758620689655,0.7202808148166298,0.5111111111111111,0.0,0.0,0.0,0.0,2002,clin,0.8
5,5,lr5e-05_bs32_modL1_fusion32_fusionL1_drop0p2_trmiss80_trlocclin,32,5e-05,1,32,1,0.2,lr5e-05_bs32_modL1_fusion32_fusionL1_drop0p2_trmiss80_trlocclin,17,0.5623609920342764,0.6989862620830536,0.5689655172413793,0.7186166241151566,0.5111111111111111,0.0,0.0,0.0,0.0,2002,clin,0.8
5,5,lr5e-05_bs32_modL1_fusion32_fusionL1_drop0p2_trmiss80_trlocclin,32,5e-05,1,32,1,0.2,lr5e-05_bs32_modL1_fusion32_fusionL1_drop0p2_trmiss80_trlocclin,18,0.5758912762006124,0.7010238170623779,0.5668103448275862,0.7178121077625319,0.5111111111111111,0.0,0.0,0.0,0.0,2002,clin,0.8
5,5,lr5e-05_bs32_modL1_fusion32_fusionL1_drop0p2_trmiss80_trlocclin,32,5e-05,1,32,1,0.2,lr5e-05_bs32_modL1_fusion32_fusionL1_drop0p2_trmiss80_trlocclin,19,0.5556808759768804,0.7012407779693604,0.5668103448275862,0.7178121077625319,0.5111111111111111,0.0,0.0,0.0,0.0,2002,clin,0.8
5,5,lr5e-05_bs32_modL1_fusion32_fusionL1_drop0p2_trmiss80_trlocclin,32,5e-05,1,32,1,0.2,lr5e-05_bs32_modL1_fusion32_fusionL1_drop0p2_trmiss80_trlocclin,20,0.5624642074108124,0.6974554061889648,0.5754310344827586,0.7212751669977051,0.5111111111111111,0.0,0.0,0.0,0.0,2002,clin,0.8
5,5,lr5e-05_bs32_modL1_fusion32_fusionL1_drop0p2_trmiss80_trlocclin,32,5e-05,1,32,1,0.2,lr5e-05_bs32_modL1_fusion32_fusionL1_drop0p2_trmiss80_trlocclin,21,0.5595523516337076,0.69622603058815,0.5732758620689655,0.7200682448079276,0.5111111111111111,0.0,0.0,0.0,0.0,2002,clin,0.8
5,5,lr5e-05_bs32_modL1_fusion32_fusionL1_drop0p2_trmiss80_trlocclin,32,5e-05,1,32,1,0.2,lr5e-05_bs32_modL1_fusion32_fusionL1_drop0p2_trmiss80_trlocclin,22,0.5445660799741745,0.697279542684555,0.5711206896551725,0.7186022970834558,0.5333333333333333,0.0,0.0,0.0,0.0,2002,clin,0.8
5,5,lr5e-05_bs32_modL1_fusion32_fusionL1_drop0p2_trmiss80_trlocclin,32,5e-05,1,32,1,0.2,lr5e-05_bs32_modL1_fusion32_fusionL1_drop0p2_trmiss80_trlocclin,23,0.5631109078725179,0.6985203623771667,0.5711206896551724,0.7173668482534574,0.5555555555555556,0.0,0.0,0.0,0.0,2002,clin,0.8
5,5,lr5e-05_bs32_modL1_fusion32_fusionL1_drop0p2_trmiss80_trlocclin,32,5e-05,1,32,1,0.2,lr5e-05_bs32_modL1_fusion32_fusionL1_drop0p2_trmiss80_trlocclin,24,0.5473829309145609,0.69469353556633,0.5732758620689654,0.7185652188483798,0.5333333333333333,0.0,0.0,0.0,0.0,2002,clin,0.8
5,5,lr5e-05_bs32_modL1_fusion32_fusionL1_drop0p2_trmiss80_trlocclin,32,5e-05,1,32,1,0.2,lr5e-05_bs32_modL1_fusion32_fusionL1_drop0p2_trmiss80_trlocclin,25,0.5506969292958578,0.6977957189083099,0.5732758620689654,0.719930201941249,0.5333333333333333,0.0,0.0,0.0,0.0,2002,clin,0.8
5,5,lr5e-05_bs32_modL1_fusion32_fusionL1_drop0p2_trmiss80_trlocclin,32,5e-05,1,32,1,0.2,lr5e-05_bs32_modL1_fusion32_fusionL1_drop0p2_trmiss80_trlocclin,26,0.5459652046362559,0.6964481770992279,0.5732758620689655,0.7217280209804473,0.5555555555555556,0.0,0.0,0.0,0.0,2002,clin,0.8
5,5,lr5e-05_bs32_modL1_fusion32_fusionL1_drop0p2_trmiss80_trlocclin,32,5e-05,1,32,1,0.2,lr5e-05_bs32_modL1_fusion32_fusionL1_drop0p2_trmiss80_trlocclin,27,0.5555126567681631,0.7004857361316681,0.5711206896551724,0.7204576035575798,0.5111111111111111,0.0,0.0,0.0,0.0,2002,clin,0.8
5,5,lr5e-05_bs32_modL1_fusion32_fusionL1_drop0p2_trmiss80_trlocclin,32,5e-05,1,32,1,0.2,lr5e-05_bs32_modL1_fusion32_fusionL1_drop0p2_trmiss80_trlocclin,28,0.5347774922847748,0.6971991062164307,0.5732758620689655,0.7213417768555461,0.5333333333333333,0.0,0.0,0.0,0.0,2002,clin,0.8
5,5,lr5e-05_bs32_modL1_fusion32_fusionL1_drop0p2_trmiss80_trlocclin,32,5e-05,1,32,1,0.2,lr5e-05_bs32_modL1_fusion32_fusionL1_drop0p2_trmiss80_trlocclin,29,0.5296277006467184,0.6993461549282074,0.5754310344827586,0.7222084070325212,0.5111111111111111,0.0,0.0,0.0,0.0,2002,clin,0.8
5,5,lr5e-05_bs32_modL1_fusion32_fusionL1_drop0p2_trmiss80_trlocclin,32,5e-05,1,32,1,0.2,lr5e-05_bs32_modL1_fusion32_fusionL1_drop0p2_trmiss80_trlocclin,30,0.5301623294750849,0.6965087056159973,0.5775862068965517,0.7209807044029786,0.5111111111111111,0.0,0.0,0.0,0.0,2002,clin,0.8
5,5,lr5e-05_bs32_modL1_fusion32_fusionL1_drop0p2_trmiss80_trlocclin,32,5e-05,1,32,1,0.2,lr5e-05_bs32_modL1_fusion32_fusionL1_drop0p2_trmiss80_trlocclin,31,0.5317390561103821,0.6943236887454987,0.5775862068965517,0.7228133677100772,0.5333333333333333,0.0,0.0,0.0,0.0,2002,clin,0.8
5,5,lr5e-05_bs32_modL1_fusion32_fusionL1_drop0p2_trmiss80_trlocclin,32,5e-05,1,32,1,0.2,lr5e-05_bs32_modL1_fusion32_fusionL1_drop0p2_trmiss80_trlocclin,32,0.5446635137001673,0.6936729252338409,0.5775862068965517,0.7228133677100772,0.5333333333333333,0.0,0.0,0.0,0.0,2002,clin,0.8
5,5,lr5e-05_bs32_modL1_fusion32_fusionL1_drop0p2_trmiss80_trlocclin,32,5e-05,1,32,1,0.2,lr5e-05_bs32_modL1_fusion32_fusionL1_drop0p2_trmiss80_trlocclin,33,0.5215338369210561,0.6946087181568146,0.5797413793103448,0.7209903316240003,0.5111111111111111,0.0,0.0,0.0,0.0,2002,clin,0.8
5,5,lr5e-05_bs32_modL1_fusion32_fusionL1_drop0p2_trmiss80_trlocclin,32,5e-05,1,32,1,0.2,lr5e-05_bs32_modL1_fusion32_fusionL1_drop0p2_trmiss80_trlocclin,34,0.5384142498175303,0.6933190226554871,0.5754310344827586,0.7160412098645337,0.5333333333333333,0.0,0.0,0.0,0.0,2002,clin,0.8
5,5,lr5e-05_bs32_modL1_fusion32_fusionL1_drop0p2_trmiss80_trlocclin,32,5e-05,1,32,1,0.2,lr5e-05_bs32_modL1_fusion32_fusionL1_drop0p2_trmiss80_trlocclin,35,0.5345639884471893,0.6931844651699066,0.5754310344827586,0.7157539822289112,0.5333333333333333,0.0,0.0,0.0,0.0,2002,clin,0.8
5,5,lr5e-05_bs32_modL1_fusion32_fusionL1_drop0p2_trmiss80_trlocclin,32,5e-05,1,32,1,0.2,lr5e-05_bs32_modL1_fusion32_fusionL1_drop0p2_trmiss80_trlocclin,36,0.5304381847381592,0.6955615282058716,0.5711206896551724,0.7138994236148013,0.5333333333333333,0.0,0.0,0.0,0.0,2002,clin,0.8
5,5,lr5e-05_bs32_modL1_fusion32_fusionL1_drop0p2_trmiss80_trlocclin,32,5e-05,1,32,1,0.2,lr5e-05_bs32_modL1_fusion32_fusionL1_drop0p2_trmiss80_trlocclin,37,0.5437662700812022,0.6953901052474976,0.5775862068965517,0.7211083396822191,0.5333333333333333,0.0,0.0,0.0,0.0,2002,clin,0.8
5,5,lr5e-05_bs32_modL1_fusion32_fusionL1_drop0p2_trmiss80_trlocclin,32,5e-05,1,32,1,0.2,lr5e-05_bs32_modL1_fusion32_fusionL1_drop0p2_trmiss80_trlocclin,38,0.5279400249322256,0.6942988634109497,0.5711206896551724,0.7195355371182719,0.5111111111111111,0.0,0.0,0.0,0.0,2002,clin,0.8
5,5,lr5e-05_bs32_modL1_fusion32_fusionL1_drop0p2_trmiss80_trlocclin,32,5e-05,1,32,1,0.2,lr5e-05_bs32_modL1_fusion32_fusionL1_drop0p2_trmiss80_trlocclin,39,0.5260169804096222,0.6915124356746674,0.5797413793103448,0.7222419949566552,0.5333333333333333,0.0,0.0,0.0,0.0,2002,clin,0.8
5,5,lr5e-05_bs32_modL1_fusion32_fusionL1_drop0p2_trmiss80_trlocclin,32,5e-05,1,32,1,0.2,lr5e-05_bs32_modL1_fusion32_fusionL1_drop0p2_trmiss80_trlocclin,40,0.5396788616975149,0.6921899616718292,0.5732758620689654,0.7165607880287033,0.5333333333333333,0.0,0.0,0.0,0.0,2002,clin,0.8
5,5,lr5e-05_bs32_modL1_fusion32_fusionL1_drop0p2_trmiss80_trlocclin,32,5e-05,1,32,1,0.2,lr5e-05_bs32_modL1_fusion32_fusionL1_drop0p2_trmiss80_trlocclin,41,0.5391508092482885,0.6919163167476654,0.5754310344827586,0.7187299987858569,0.5111111111111111,0.0,0.0,0.0,0.0,2002,clin,0.8
5,5,lr5e-05_bs32_modL1_fusion32_fusionL1_drop0p2_trmiss80_trlocclin,32,5e-05,1,32,1,0.2,lr5e-05_bs32_modL1_fusion32_fusionL1_drop0p2_trmiss80_trlocclin,42,0.5395884613196055,0.6924685537815094,0.5775862068965516,0.7194825636538231,0.5111111111111111,0.0,0.0,0.0,0.0,2002,clin,0.8
5,5,lr5e-05_bs32_modL1_fusion32_fusionL1_drop0p2_trmiss80_trlocclin,32,5e-05,1,32,1,0.2,lr5e-05_bs32_modL1_fusion32_fusionL1_drop0p2_trmiss80_trlocclin,43,0.539666603008906,0.6925326287746429,0.5797413793103448,0.7167893589741117,0.5111111111111111,0.0,0.0,0.0,0.0,2002,clin,0.8
5,5,lr5e-05_bs32_modL1_fusion32_fusionL1_drop0p2_trmiss80_trlocclin,32,5e-05,1,32,1,0.2,lr5e-05_bs32_modL1_fusion32_fusionL1_drop0p2_trmiss80_trlocclin,44,0.5255465855201086,0.6919331848621368,0.5840517241379309,0.7208686130533659,0.5333333333333333,0.0,0.0,0.0,0.0,2002,clin,0.8
5,5,lr5e-05_bs32_modL1_fusion32_fusionL1_drop0p2_trmiss80_trlocclin,32,5e-05,1,32,1,0.2,lr5e-05_bs32_modL1_fusion32_fusionL1_drop0p2_trmiss80_trlocclin,45,0.5360719462235769,0.6932457387447357,0.5818965517241379,0.720279963735134,0.5333333333333333,0.0,0.0,0.0,0.0,2002,clin,0.8
5,5,lr5e-05_bs32_modL1_fusion32_fusionL1_drop0p2_trmiss80_trlocclin,32,5e-05,1,32,1,0.2,lr5e-05_bs32_modL1_fusion32_fusionL1_drop0p2_trmiss80_trlocclin,46,0.5279003580411276,0.690952867269516,0.5797413793103448,0.7174014135444866,0.5111111111111111,0.0,0.0,0.0,0.0,2002,clin,0.8
5,5,lr5e-05_bs32_modL1_fusion32_fusionL1_drop0p2_trmiss80_trlocclin,32,5e-05,1,32,1,0.2,lr5e-05_bs32_modL1_fusion32_fusionL1_drop0p2_trmiss80_trlocclin,47,0.5360137820243835,0.694016307592392,0.5754310344827586,0.7142348385836816,0.5333333333333333,0.0,0.0,0.0,0.0,2002,clin,0.8
5,5,lr5e-05_bs32_modL1_fusion32_fusionL1_drop0p2_trmiss80_trlocclin,32,5e-05,1,32,1,0.2,lr5e-05_bs32_modL1_fusion32_fusionL1_drop0p2_trmiss80_trlocclin,48,0.5177589108546575,0.6950023174285889,0.5775862068965517,0.7157197420649555,0.5333333333333333,0.0,0.0,0.0,0.0,2002,clin,0.8
5,5,lr5e-05_bs32_modL1_fusion32_fusionL1_drop0p2_trmiss80_trlocclin,32,5e-05,1,32,1,0.2,lr5e-05_bs32_modL1_fusion32_fusionL1_drop0p2_trmiss80_trlocclin,49,0.5385873119036356,0.6918871104717255,0.5732758620689655,0.7175580207634882,0.5333333333333333,0.0,0.0,0.0,0.0,2002,clin,0.8
5,5,lr5e-05_bs32_modL1_fusion32_fusionL1_drop0p2_trmiss80_trlocclin,32,5e-05,1,32,1,0.2,lr5e-05_bs32_modL1_fusion32_fusionL1_drop0p2_trmiss80_trlocclin,50,0.5305982033411661,0.6916967332363129,0.5754310344827587,0.714707153121332,0.5111111111111111,0.0,0.0,0.0,0.0,2002,clin,0.8
5,5,lr5e-05_bs32_modL1_fusion32_fusionL1_drop0p2_trmiss80_trlocclin,32,5e-05,1,32,1,0.2,lr5e-05_bs32_modL1_fusion32_fusionL1_drop0p2_trmiss80_trlocclin,51,0.5091313868761063,0.6945429742336273,0.5732758620689654,0.7117634912847481,0.5111111111111111,0.0,0.0,0.0,0.0,2002,clin,0.8
5,5,lr5e-05_bs32_modL1_fusion32_fusionL1_drop0p2_trmiss80_trlocclin,32,5e-05,1,32,1,0.2,lr5e-05_bs32_modL1_fusion32_fusionL1_drop0p2_trmiss80_trlocclin,52,0.5403384914000829,0.6987116038799286,0.5732758620689655,0.712863721967556,0.5111111111111111,0.0,0.0,0.0,0.0,2002,clin,0.8
5,5,lr5e-05_bs32_modL1_fusion32_fusionL1_drop0p2_trmiss80_trlocclin,32,5e-05,1,32,1,0.2,lr5e-05_bs32_modL1_fusion32_fusionL1_drop0p2_trmiss80_trlocclin,53,0.531477689743042,0.6986416876316071,0.5732758620689655,0.7142399760661331,0.5333333333333333,0.0,0.0,0.0,0.0,2002,clin,0.8
5,5,lr5e-05_bs32_modL1_fusion32_fusionL1_drop0p2_trmiss80_trlocclin,32,5e-05,1,32,1,0.2,lr5e-05_bs32_modL1_fusion32_fusionL1_drop0p2_trmiss80_trlocclin,54,0.5206098109483719,0.694208413362503,0.5754310344827587,0.7150978862706858,0.5333333333333333,0.0,0.0,0.0,0.0,2002,clin,0.8
5,5,lr5e-05_bs32_modL1_fusion32_fusionL1_drop0p2_trmiss80_trlocclin,32,5e-05,1,32,1,0.2,lr5e-05_bs32_modL1_fusion32_fusionL1_drop0p2_trmiss80_trlocclin,55,0.5227159261703491,0.6912612915039062,0.5754310344827586,0.7148186736502755,0.5333333333333333,0.0,0.0,0.0,0.0,2002,clin,0.8
5,5,lr5e-05_bs32_modL1_fusion32_fusionL1_drop0p2_trmiss80_trlocclin,32,5e-05,1,32,1,0.2,lr5e-05_bs32_modL1_fusion32_fusionL1_drop0p2_trmiss80_trlocclin,56,0.5298620859781901,0.6928940415382385,0.5775862068965516,0.7169533206125085,0.5111111111111111,0.0,0.0,0.0,0.0,2002,clin,0.8
5,5,lr5e-05_bs32_modL1_fusion32_fusionL1_drop0p2_trmiss80_trlocclin,32,5e-05,1,32,1,0.2,lr5e-05_bs32_modL1_fusion32_fusionL1_drop0p2_trmiss80_trlocclin,57,0.5132597734530767,0.6940835416316986,0.584051724137931,0.718698976638783,0.5333333333333333,0.0,0.0,0.0,0.0,2002,clin,0.8
5,5,lr5e-05_bs32_modL1_fusion32_fusionL1_drop0p2_trmiss80_trlocclin,32,5e-05,1,32,1,0.2,lr5e-05_bs32_modL1_fusion32_fusionL1_drop0p2_trmiss80_trlocclin,58,0.522372970978419,0.6933263540267944,0.5818965517241379,0.7200437705269149,0.5333333333333333,0.0,0.0,0.0,0.0,2002,clin,0.8
5,5,lr5e-05_bs32_modL1_fusion32_fusionL1_drop0p2_trmiss80_trlocclin,32,5e-05,1,32,1,0.2,lr5e-05_bs32_modL1_fusion32_fusionL1_drop0p2_trmiss80_trlocclin,59,0.5219276150067648,0.6909172534942627,0.5754310344827586,0.7141224623192091,0.5111111111111111,0.0,0.0,0.0,0.0,2002,clin,0.8
5,5,lr5e-05_bs32_modL1_fusion32_fusionL1_drop0p2_trmiss80_trlocclin,32,5e-05,1,32,1,0.2,lr5e-05_bs32_modL1_fusion32_fusionL1_drop0p2_trmiss80_trlocclin,60,0.5398850093285242,0.6926116347312927,0.5818965517241378,0.7171740317725777,0.5111111111111111,0.0,0.0,0.0,0.0,2002,clin,0.8
5,5,lr5e-05_bs32_modL1_fusion32_fusionL1_drop0p2_trmiss80_trlocclin,32,5e-05,1,32,1,0.2,lr5e-05_bs32_modL1_fusion32_fusionL1_drop0p2_trmiss80_trlocclin,61,0.5163032213846842,0.6911804676055908,0.5775862068965517,0.7143353128220871,0.5111111111111111,0.0,0.0,0.0,0.0,2002,clin,0.8
5,5,lr5e-05_bs32_modL1_fusion32_fusionL1_drop0p2_trmiss80_trlocclin,32,5e-05,1,32,1,0.2,lr5e-05_bs32_modL1_fusion32_fusionL1_drop0p2_trmiss80_trlocclin,62,0.5133842080831528,0.6914068162441254,0.5775862068965516,0.7150157179852508,0.5111111111111111,0.0,0.0,0.0,0.0,2002,clin,0.8
5,5,lr5e-05_bs32_modL1_fusion32_fusionL1_drop0p2_trmiss80_trlocclin,32,5e-05,1,32,1,0.2,lr5e-05_bs32_modL1_fusion32_fusionL1_drop0p2_trmiss80_trlocclin,63,0.5094521244366964,0.6937225759029388,0.584051724137931,0.7206487312044709,0.5111111111111111,0.0,0.0,0.0,0.0,2002,clin,0.8
5,5,lr5e-05_bs32_modL1_fusion32_fusionL1_drop0p2_trmiss80_trlocclin,32,5e-05,1,32,1,0.2,lr5e-05_bs32_modL1_fusion32_fusionL1_drop0p2_trmiss80_trlocclin,64,0.5297263264656067,0.6902512311935425,0.5711206896551724,0.7110699167156114,0.5333333333333333,0.0,0.0,0.0,0.0,2002,clin,0.8
5,5,lr5e-05_bs32_modL1_fusion32_fusionL1_drop0p2_trmiss80_trlocclin,32,5e-05,1,32,1,0.2,lr5e-05_bs32_modL1_fusion32_fusionL1_drop0p2_trmiss80_trlocclin,65,0.5232574542363485,0.6950480937957764,0.564655172413793,0.7083072073522549,0.5333333333333333,0.0,0.0,0.0,0.0,2002,clin,0.8
5,5,lr5e-05_bs32_modL1_fusion32_fusionL1_drop0p2_trmiss80_trlocclin,32,5e-05,1,32,1,0.2,lr5e-05_bs32_modL1_fusion32_fusionL1_drop0p2_trmiss80_trlocclin,66,0.5263407776753107,0.6903636753559113,0.5818965517241378,0.7187748579512874,0.5111111111111111,0.0,0.0,0.0,0.0,2002,clin,0.8
5,5,lr5e-05_bs32_modL1_fusion32_fusionL1_drop0p2_trmiss80_trlocclin,32,5e-05,1,32,1,0.2,lr5e-05_bs32_modL1_fusion32_fusionL1_drop0p2_trmiss80_trlocclin,67,0.5232376903295517,0.6914378106594086,0.5797413793103448,0.7179082277743123,0.5333333333333333,0.0,0.0,0.0,0.0,2002,clin,0.8
5,5,lr5e-05_bs32_modL1_fusion32_fusionL1_drop0p2_trmiss80_trlocclin,32,5e-05,1,32,1,0.2,lr5e-05_bs32_modL1_fusion32_fusionL1_drop0p2_trmiss80_trlocclin,68,0.5294364790121714,0.6896471679210663,0.5624999999999999,0.7042217891876923,0.5111111111111111,0.0,0.0,0.0,0.0,2002,clin,0.8
5,5,lr5e-05_bs32_modL1_fusion32_fusionL1_drop0p2_trmiss80_trlocclin,32,5e-05,1,32,1,0.2,lr5e-05_bs32_modL1_fusion32_fusionL1_drop0p2_trmiss80_trlocclin,69,0.521968146165212,0.691210150718689,0.5668103448275862,0.7065950964611809,0.5111111111111111,0.0,0.0,0.0,0.0,2002,clin,0.8
5,5,lr5e-05_bs32_modL1_fusion32_fusionL1_drop0p2_trmiss80_trlocclin,32,5e-05,1,32,1,0.2,lr5e-05_bs32_modL1_fusion32_fusionL1_drop0p2_trmiss80_trlocclin,70,0.5236312200625738,0.6925457119941711,0.5732758620689654,0.7117634912847481,0.5111111111111111,0.0,0.0,0.0,0.0,2002,clin,0.8
5,5,lr5e-05_bs32_modL1_fusion32_fusionL1_drop0p2_trmiss80_trlocclin,32,5e-05,1,32,1,0.2,lr5e-05_bs32_modL1_fusion32_fusionL1_drop0p2_trmiss80_trlocclin,71,0.5256803333759308,0.690120667219162,0.5732758620689654,0.7117634912847481,0.5111111111111111,0.0,0.0,0.0,0.0,2002,clin,0.8
5,5,lr5e-05_bs32_modL1_fusion32_fusionL1_drop0p2_trmiss80_trlocclin,32,5e-05,1,32,1,0.2,lr5e-05_bs32_modL1_fusion32_fusionL1_drop0p2_trmiss80_trlocclin,72,0.5292937358220419,0.6945720613002777,0.5862068965517241,0.7203410127635776,0.5333333333333333,0.0,0.0,0.0,0.0,2002,clin,0.8
5,5,lr5e-05_bs32_modL1_fusion32_fusionL1_drop0p2_trmiss80_trlocclin,32,5e-05,1,32,1,0.2,lr5e-05_bs32_modL1_fusion32_fusionL1_drop0p2_trmiss80_trlocclin,73,0.519508421421051,0.6919267177581787,0.5797413793103448,0.7140308187832161,0.5333333333333333,0.0,0.0,0.0,0.0,2002,clin,0.8
5,5,lr5e-05_bs32_modL1_fusion32_fusionL1_drop0p2_trmiss80_trlocclin,32,5e-05,1,32,1,0.2,lr5e-05_bs32_modL1_fusion32_fusionL1_drop0p2_trmiss80_trlocclin,74,0.524362842241923,0.6912612617015839,0.5797413793103448,0.7163247027425115,0.5111111111111111,0.0,0.0,0.0,0.0,2002,clin,0.8
5,5,lr5e-05_bs32_modL1_fusion32_fusionL1_drop0p2_trmiss80_trlocclin,32,5e-05,1,32,1,0.2,lr5e-05_bs32_modL1_fusion32_fusionL1_drop0p2_trmiss80_trlocclin,75,0.5264339943726858,0.6958636045455933,0.5754310344827587,0.712333725648086,0.5333333333333333,0.0,0.0,0.0,0.0,2002,clin,0.8
5,5,lr5e-05_bs32_modL1_fusion32_fusionL1_drop0p2_trmiss80_trlocclin,32,5e-05,1,32,1,0.2,lr5e-05_bs32_modL1_fusion32_fusionL1_drop0p2_trmiss80_trlocclin,76,0.5165007958809534,0.6930604577064514,0.5818965517241379,0.7189560666762504,0.5333333333333333,0.0,0.0,0.0,0.0,2002,clin,0.8
5,5,lr5e-05_bs32_modL1_fusion32_fusionL1_drop0p2_trmiss80_trlocclin,32,5e-05,1,32,1,0.2,lr5e-05_bs32_modL1_fusion32_fusionL1_drop0p2_trmiss80_trlocclin,77,0.5365916391213735,0.692351371049881,0.5818965517241379,0.7179722123210555,0.5111111111111111,0.0,0.0,0.0,0.0,2002,clin,0.8
5,5,lr5e-05_bs32_modL1_fusion32_fusionL1_drop0p2_trmiss80_trlocclin,32,5e-05,1,32,1,0.2,lr5e-05_bs32_modL1_fusion32_fusionL1_drop0p2_trmiss80_trlocclin,78,0.5222068329652151,0.6892061829566956,0.5754310344827586,0.7145054211855986,0.5111111111111111,0.0,0.0,0.0,0.0,2002,clin,0.8
5,5,lr5e-05_bs32_modL1_fusion32_fusionL1_drop0p2_trmiss80_trlocclin,32,5e-05,1,32,1,0.2,lr5e-05_bs32_modL1_fusion32_fusionL1_drop0p2_trmiss80_trlocclin,79,0.5314436008532842,0.6947412192821503,0.5732758620689654,0.7121366813131107,0.5333333333333333,0.0,0.0,0.0,0.0,2002,clin,0.8
5,5,lr5e-05_bs32_modL1_fusion32_fusionL1_drop0p2_trmiss80_trlocclin,32,5e-05,1,32,1,0.2,lr5e-05_bs32_modL1_fusion32_fusionL1_drop0p2_trmiss80_trlocclin,80,0.5344792554775873,0.6914370059967041,0.5775862068965517,0.7127504991683078,0.5333333333333333,0.0,0.0,0.0,0.0,2002,clin,0.8
5,5,lr5e-05_bs32_modL1_fusion32_fusionL1_drop0p1_trmiss80_trlocclin,32,5e-05,1,32,1,0.1,lr5e-05_bs32_modL1_fusion32_fusionL1_drop0p1_trmiss80_trlocclin,1,0.6936201651891073,0.7007202208042145,0.5,0.6579543411956358,0.37777777777777777,0.0,0.0,0.0,0.0,2002,clin,0.8
5,5,lr5e-05_bs32_modL1_fusion32_fusionL1_drop0p1_trmiss80_trlocclin,32,5e-05,1,32,1,0.1,lr5e-05_bs32_modL1_fusion32_fusionL1_drop0p1_trmiss80_trlocclin,2,0.6697110037008921,0.6942235231399536,0.4827586206896552,0.6662179690007933,0.37777777777777777,0.0,0.0,0.0,0.0,2002,clin,0.8
5,5,lr5e-05_bs32_modL1_fusion32_fusionL1_drop0p1_trmiss80_trlocclin,32,5e-05,1,32,1,0.1,lr5e-05_bs32_modL1_fusion32_fusionL1_drop0p1_trmiss80_trlocclin,3,0.6467393338680267,0.6873166561126709,0.4698275862068966,0.6661718620636606,0.4666666666666667,0.0,0.0,0.0,0.0,2002,clin,0.8
5,5,lr5e-05_bs32_modL1_fusion32_fusionL1_drop0p1_trmiss80_trlocclin,32,5e-05,1,32,1,0.1,lr5e-05_bs32_modL1_fusion32_fusionL1_drop0p1_trmiss80_trlocclin,4,0.6105148494243622,0.687181830406189,0.45474137931034486,0.6695621487029836,0.5111111111111111,0.0,0.0,0.0,0.0,2002,clin,0.8
5,5,lr5e-05_bs32_modL1_fusion32_fusionL1_drop0p1_trmiss80_trlocclin,32,5e-05,1,32,1,0.1,lr5e-05_bs32_modL1_fusion32_fusionL1_drop0p1_trmiss80_trlocclin,5,0.5985240737597147,0.6833269596099854,0.47413793103448276,0.6803340752596913,0.5111111111111111,0.0,0.0,0.0,0.0,2002,clin,0.8
5,5,lr5e-05_bs32_modL1_fusion32_fusionL1_drop0p1_trmiss80_trlocclin,32,5e-05,1,32,1,0.1,lr5e-05_bs32_modL1_fusion32_fusionL1_drop0p1_trmiss80_trlocclin,6,0.600272556145986,0.6839408278465271,0.4698275862068965,0.6813879791993481,0.5111111111111111,0.0,0.0,0.0,0.0,2002,clin,0.8
5,5,lr5e-05_bs32_modL1_fusion32_fusionL1_drop0p1_trmiss80_trlocclin,32,5e-05,1,32,1,0.1,lr5e-05_bs32_modL1_fusion32_fusionL1_drop0p1_trmiss80_trlocclin,7,0.5795665780703226,0.6806724667549133,0.48275862068965514,0.6895489095231907,0.5111111111111111,0.0,0.0,0.0,0.0,2002,clin,0.8
5,5,lr5e-05_bs32_modL1_fusion32_fusionL1_drop0p1_trmiss80_trlocclin,32,5e-05,1,32,1,0.1,lr5e-05_bs32_modL1_fusion32_fusionL1_drop0p1_trmiss80_trlocclin,8,0.5518142382303873,0.6782302856445312,0.4892241379310345,0.6952108634097084,0.5333333333333333,0.0,0.0,0.0,0.0,2002,clin,0.8
5,5,lr5e-05_bs32_modL1_fusion32_fusionL1_drop0p1_trmiss80_trlocclin,32,5e-05,1,32,1,0.1,lr5e-05_bs32_modL1_fusion32_fusionL1_drop0p1_trmiss80_trlocclin,9,0.557341605424881,0.6766916513442993,0.5,0.6991285473391728,0.5333333333333333,0.0,0.0,0.0,0.0,2002,clin,0.8
5,5,lr5e-05_bs32_modL1_fusion32_fusionL1_drop0p1_trmiss80_trlocclin,32,5e-05,1,32,1,0.1,lr5e-05_bs32_modL1_fusion32_fusionL1_drop0p1_trmiss80_trlocclin,10,0.5300298730532328,0.6705814898014069,0.5064655172413793,0.6991334724041782,0.5555555555555556,0.0,0.0,0.0,0.0,2002,clin,0.8
5,5,lr5e-05_bs32_modL1_fusion32_fusionL1_drop0p1_trmiss80_trlocclin,32,5e-05,1,32,1,0.1,lr5e-05_bs32_modL1_fusion32_fusionL1_drop0p1_trmiss80_trlocclin,11,0.5311273733774821,0.669625848531723,0.49784482758620685,0.6933127325723866,0.5777777777777777,0.0,0.0,0.0,0.0,2002,clin,0.8
5,5,lr5e-05_bs32_modL1_fusion32_fusionL1_drop0p1_trmiss80_trlocclin,32,5e-05,1,32,1,0.1,lr5e-05_bs32_modL1_fusion32_fusionL1_drop0p1_trmiss80_trlocclin,12,0.534378707408905,0.6729011833667755,0.49137931034482757,0.686780151611584,0.5333333333333333,0.0,0.0,0.0,0.0,2002,clin,0.8
5,5,lr5e-05_bs32_modL1_fusion32_fusionL1_drop0p1_trmiss80_trlocclin,32,5e-05,1,32,1,0.1,lr5e-05_bs32_modL1_fusion32_fusionL1_drop0p1_trmiss80_trlocclin,13,0.500430499513944,0.6725039184093475,0.4956896551724138,0.6887440957509229,0.5333333333333333,0.0,0.0,0.0,0.0,2002,clin,0.8
5,5,lr5e-05_bs32_modL1_fusion32_fusionL1_drop0p1_trmiss80_trlocclin,32,5e-05,1,32,1,0.1,lr5e-05_bs32_modL1_fusion32_fusionL1_drop0p1_trmiss80_trlocclin,14,0.5067983766396841,0.6726300716400146,0.5086206896551724,0.7025052603608797,0.5333333333333333,0.0,0.0,0.0,0.0,2002,clin,0.8
5,5,lr5e-05_bs32_modL1_fusion32_fusionL1_drop0p1_trmiss80_trlocclin,32,5e-05,1,32,1,0.1,lr5e-05_bs32_modL1_fusion32_fusionL1_drop0p1_trmiss80_trlocclin,15,0.4943433453639348,0.6661819517612457,0.5301724137931034,0.7143086702982826,0.5333333333333333,0.0,0.0,0.0,0.0,2002,clin,0.8
5,5,lr5e-05_bs32_modL1_fusion32_fusionL1_drop0p1_trmiss80_trlocclin,32,5e-05,1,32,1,0.1,lr5e-05_bs32_modL1_fusion32_fusionL1_drop0p1_trmiss80_trlocclin,16,0.47993901868661243,0.6679398417472839,0.5258620689655173,0.7048686042350577,0.5333333333333333,0.0,0.0,0.0,0.0,2002,clin,0.8
5,5,lr5e-05_bs32_modL1_fusion32_fusionL1_drop0p1_trmiss80_trlocclin,32,5e-05,1,32,1,0.1,lr5e-05_bs32_modL1_fusion32_fusionL1_drop0p1_trmiss80_trlocclin,17,0.48299725353717804,0.6688977181911469,0.5280172413793103,0.6951696760079841,0.5333333333333333,0.0,0.0,0.0,0.0,2002,clin,0.8
5,5,lr5e-05_bs32_modL1_fusion32_fusionL1_drop0p1_trmiss80_trlocclin,32,5e-05,1,32,1,0.1,lr5e-05_bs32_modL1_fusion32_fusionL1_drop0p1_trmiss80_trlocclin,18,0.462806502978007,0.6678014993667603,0.5452586206896552,0.7104651754110317,0.5333333333333333,0.0,0.0,0.0,0.0,2002,clin,0.8
5,5,lr5e-05_bs32_modL1_fusion32_fusionL1_drop0p1_trmiss80_trlocclin,32,5e-05,1,32,1,0.1,lr5e-05_bs32_modL1_fusion32_fusionL1_drop0p1_trmiss80_trlocclin,19,0.46575779219468433,0.6677636504173279,0.5517241379310345,0.7115616447737119,0.5333333333333333,0.0,0.0,0.0,0.0,2002,clin,0.8
5,5,lr5e-05_bs32_modL1_fusion32_fusionL1_drop0p1_trmiss80_trlocclin,32,5e-05,1,32,1,0.1,lr5e-05_bs32_modL1_fusion32_fusionL1_drop0p1_trmiss80_trlocclin,20,0.48384688297907513,0.663329690694809,0.5495689655172413,0.7069249698720538,0.5333333333333333,0.0,0.0,0.0,0.0,2002,clin,0.8
5,5,lr5e-05_bs32_modL1_fusion32_fusionL1_drop0p1_trmiss80_trlocclin,32,5e-05,1,32,1,0.1,lr5e-05_bs32_modL1_fusion32_fusionL1_drop0p1_trmiss80_trlocclin,21,0.45524120330810547,0.6672362685203552,0.540948275862069,0.6992980916185524,0.5333333333333333,0.0,0.0,0.0,0.0,2002,clin,0.8
5,5,lr5e-05_bs32_modL1_fusion32_fusionL1_drop0p1_trmiss80_trlocclin,32,5e-05,1,32,1,0.1,lr5e-05_bs32_modL1_fusion32_fusionL1_drop0p1_trmiss80_trlocclin,22,0.45179516077041626,0.6688765585422516,0.5387931034482758,0.6962302225628068,0.5555555555555556,0.0,0.0,0.0,0.0,2002,clin,0.8
5,5,lr5e-05_bs32_modL1_fusion32_fusionL1_drop0p1_trmiss80_trlocclin,32,5e-05,1,32,1,0.1,lr5e-05_bs32_modL1_fusion32_fusionL1_drop0p1_trmiss80_trlocclin,23,0.44848377505938214,0.6673065423965454,0.5474137931034483,0.7048727419697977,0.5555555555555556,0.0,0.0,0.0,0.0,2002,clin,0.8
5,5,lr5e-05_bs32_modL1_fusion32_fusionL1_drop0p1_trmiss80_trlocclin,32,5e-05,1,32,1,0.1,lr5e-05_bs32_modL1_fusion32_fusionL1_drop0p1_trmiss80_trlocclin,24,0.4381850908199946,0.6674968004226685,0.5538793103448276,0.7113417524761448,0.5555555555555556,0.0,0.0,0.0,0.0,2002,clin,0.8
5,5,lr5e-05_bs32_modL1_fusion32_fusionL1_drop0p1_trmiss80_trlocclin,32,5e-05,1,32,1,0.1,lr5e-05_bs32_modL1_fusion32_fusionL1_drop0p1_trmiss80_trlocclin,25,0.42926997939745587,0.6675859987735748,0.5474137931034483,0.7099869351658207,0.5333333333333333,0.0,0.0,0.0,0.0,2002,clin,0.8
5,5,lr5e-05_bs32_modL1_fusion32_fusionL1_drop0p1_trmiss80_trlocclin,32,5e-05,1,32,1,0.1,lr5e-05_bs32_modL1_fusion32_fusionL1_drop0p1_trmiss80_trlocclin,26,0.4214652081330617,0.6690452694892883,0.5495689655172413,0.710920229202563,0.5555555555555556,0.0,0.0,0.0,0.0,2002,clin,0.8
5,5,lr5e-05_bs32_modL1_fusion32_fusionL1_drop0p1_trmiss80_trlocclin,32,5e-05,1,32,1,0.1,lr5e-05_bs32_modL1_fusion32_fusionL1_drop0p1_trmiss80_trlocclin,27,0.41615136961142224,0.6696645319461823,0.5538793103448276,0.7122685286598724,0.5555555555555556,0.0,0.0,0.0,0.0,2002,clin,0.8
5,5,lr5e-05_bs32_modL1_fusion32_fusionL1_drop0p1_trmiss80_trlocclin,32,5e-05,1,32,1,0.1,lr5e-05_bs32_modL1_fusion32_fusionL1_drop0p1_trmiss80_trlocclin,28,0.42077204088370007,0.6712020635604858,0.5625,0.7166209883356788,0.5777777777777777,0.0,0.0,0.0,0.0,2002,clin,0.8
5,5,lr5e-05_bs32_modL1_fusion32_fusionL1_drop0p1_trmiss80_trlocclin,32,5e-05,1,32,1,0.1,lr5e-05_bs32_modL1_fusion32_fusionL1_drop0p1_trmiss80_trlocclin,29,0.41215655704339343,0.6697559654712677,0.5581896551724137,0.7118508880280531,0.6,0.0,0.0,0.0,0.0,2002,clin,0.8
5,5,lr5e-05_bs32_modL1_fusion32_fusionL1_drop0p1_trmiss80_trlocclin,32,5e-05,1,32,1,0.1,lr5e-05_bs32_modL1_fusion32_fusionL1_drop0p1_trmiss80_trlocclin,30,0.4067625155051549,0.6696898341178894,0.5474137931034483,0.7061554187527698,0.6,0.0,0.0,0.0,0.0,2002,clin,0.8
5,5,lr5e-05_bs32_modL1_fusion32_fusionL1_drop0p1_trmiss80_trlocclin,32,5e-05,1,32,1,0.1,lr5e-05_bs32_modL1_fusion32_fusionL1_drop0p1_trmiss80_trlocclin,31,0.4139976849158605,0.6682948768138885,0.5474137931034483,0.7063354722666827,0.5777777777777777,0.0,0.0,0.0,0.0,2002,clin,0.8
5,5,lr5e-05_bs32_modL1_fusion32_fusionL1_drop0p1_trmiss80_trlocclin,32,5e-05,1,32,1,0.1,lr5e-05_bs32_modL1_fusion32_fusionL1_drop0p1_trmiss80_trlocclin,32,0.4156770209471385,0.6684192717075348,0.5517241379310345,0.7091070269938605,0.5777777777777777,0.0,0.0,0.0,0.0,2002,clin,0.8
5,5,lr5e-05_bs32_modL1_fusion32_fusionL1_drop0p1_trmiss80_trlocclin,32,5e-05,1,32,1,0.1,lr5e-05_bs32_modL1_fusion32_fusionL1_drop0p1_trmiss80_trlocclin,33,0.39757675925890607,0.6679264903068542,0.5474137931034483,0.7056400260176975,0.6,0.0,0.0,0.0,0.0,2002,clin,0.8
5,5,lr5e-05_bs32_modL1_fusion32_fusionL1_drop0p1_trmiss80_trlocclin,32,5e-05,1,32,1,0.1,lr5e-05_bs32_modL1_fusion32_fusionL1_drop0p1_trmiss80_trlocclin,34,0.40735762814680737,0.6674942672252655,0.5495689655172413,0.7061685672439131,0.5777777777777777,0.0,0.0,0.0,0.0,2002,clin,0.8
5,5,lr5e-05_bs32_modL1_fusion32_fusionL1_drop0p1_trmiss80_trlocclin,32,5e-05,1,32,1,0.1,lr5e-05_bs32_modL1_fusion32_fusionL1_drop0p1_trmiss80_trlocclin,35,0.4091920753320058,0.6717343926429749,0.5474137931034483,0.7055868742847247,0.5555555555555556,0.0,0.0,0.0,0.0,2002,clin,0.8
5,5,lr5e-05_bs32_modL1_fusion32_fusionL1_drop0p1_trmiss80_trlocclin,32,5e-05,1,32,1,0.1,lr5e-05_bs32_modL1_fusion32_fusionL1_drop0p1_trmiss80_trlocclin,36,0.39775265753269196,0.6745775043964386,0.5474137931034483,0.7067197046451826,0.5555555555555556,0.0,0.0,0.0,0.0,2002,clin,0.8
5,5,lr5e-05_bs32_modL1_fusion32_fusionL1_drop0p1_trmiss80_trlocclin,32,5e-05,1,32,1,0.1,lr5e-05_bs32_modL1_fusion32_fusionL1_drop0p1_trmiss80_trlocclin,37,0.4011012564102809,0.6734856963157654,0.5517241379310345,0.7073226374192002,0.5555555555555556,0.0,0.0,0.0,0.0,2002,clin,0.8
5,5,lr5e-05_bs32_modL1_fusion32_fusionL1_drop0p1_trmiss80_trlocclin,32,5e-05,1,32,1,0.1,lr5e-05_bs32_modL1_fusion32_fusionL1_drop0p1_trmiss80_trlocclin,38,0.3985691914955775,0.6704206168651581,0.5560344827586208,0.7105789638014636,0.5555555555555556,0.0,0.0,0.0,0.0,2002,clin,0.8
5,5,lr5e-05_bs32_modL1_fusion32_fusionL1_drop0p1_trmiss80_trlocclin,32,5e-05,1,32,1,0.1,lr5e-05_bs32_modL1_fusion32_fusionL1_drop0p1_trmiss80_trlocclin,39,0.4024425397316615,0.6708822846412659,0.5560344827586207,0.7111277726667026,0.5555555555555556,0.0,0.0,0.0,0.0,2002,clin,0.8
5,5,lr5e-05_bs32_modL1_fusion32_fusionL1_drop0p1_trmiss80_trlocclin,32,5e-05,1,32,1,0.1,lr5e-05_bs32_modL1_fusion32_fusionL1_drop0p1_trmiss80_trlocclin,40,0.39620037376880646,0.6706829369068146,0.5517241379310345,0.7092730965564817,0.5555555555555556,0.0,0.0,0.0,0.0,2002,clin,0.8
5,5,lr5e-05_bs32_modL1_fusion32_fusionL1_drop0p1_trmiss80_trlocclin,32,5e-05,1,32,1,0.1,lr5e-05_bs32_modL1_fusion32_fusionL1_drop0p1_trmiss80_trlocclin,41,0.402885506550471,0.6669758856296539,0.5538793103448276,0.7099184957820027,0.5555555555555556,0.0,0.0,0.0,0.0,2002,clin,0.8
5,5,lr5e-05_bs32_modL1_fusion32_fusionL1_drop0p1_trmiss80_trlocclin,32,5e-05,1,32,1,0.1,lr5e-05_bs32_modL1_fusion32_fusionL1_drop0p1_trmiss80_trlocclin,42,0.4056815405686696,0.6633078753948212,0.5538793103448276,0.7100658036512103,0.5777777777777777,0.0,0.0,0.0,0.0,2002,clin,0.8
5,5,lr5e-05_bs32_modL1_fusion32_fusionL1_drop0p1_trmiss80_trlocclin,32,5e-05,1,32,1,0.1,lr5e-05_bs32_modL1_fusion32_fusionL1_drop0p1_trmiss80_trlocclin,43,0.3869318664073944,0.6704588532447815,0.5538793103448276,0.7124029169276814,0.5555555555555556,0.0,0.0,0.0,0.0,2002,clin,0.8
5,5,lr5e-05_bs32_modL1_fusion32_fusionL1_drop0p1_trmiss80_trlocclin,32,5e-05,1,32,1,0.1,lr5e-05_bs32_modL1_fusion32_fusionL1_drop0p1_trmiss80_trlocclin,44,0.39592919250329334,0.6676021218299866,0.5517241379310345,0.7120486977383581,0.5555555555555556,0.0,0.0,0.0,0.0,2002,clin,0.8
5,5,lr5e-05_bs32_modL1_fusion32_fusionL1_drop0p1_trmiss80_trlocclin,32,5e-05,1,32,1,0.1,lr5e-05_bs32_modL1_fusion32_fusionL1_drop0p1_trmiss80_trlocclin,45,0.39665570855140686,0.6673012971878052,0.5517241379310345,0.7122669499279476,0.5555555555555556,0.0,0.0,0.0,0.0,2002,clin,0.8
5,5,lr5e-05_bs32_modL1_fusion32_fusionL1_drop0p1_trmiss80_trlocclin,32,5e-05,1,32,1,0.1,lr5e-05_bs32_modL1_fusion32_fusionL1_drop0p1_trmiss80_trlocclin,46,0.39149027566115063,0.6693403124809265,0.5495689655172413,0.710624913803153,0.5555555555555556,0.0,0.0,0.0,0.0,2002,clin,0.8
5,5,lr5e-05_bs32_modL1_fusion32_fusionL1_drop0p1_trmiss80_trlocclin,32,5e-05,1,32,1,0.1,lr5e-05_bs32_modL1_fusion32_fusionL1_drop0p1_trmiss80_trlocclin,47,0.39504387974739075,0.6684682965278625,0.5517241379310345,0.7112135241921264,0.5555555555555556,0.0,0.0,0.0,0.0,2002,clin,0.8
5,5,lr5e-05_bs32_modL1_fusion32_fusionL1_drop0p1_trmiss80_trlocclin,32,5e-05,1,32,1,0.1,lr5e-05_bs32_modL1_fusion32_fusionL1_drop0p1_trmiss80_trlocclin,48,0.4018784115711848,0.6710397601127625,0.5495689655172414,0.708078888465722,0.5555555555555556,0.0,0.0,0.0,0.0,2002,clin,0.8
5,5,lr5e-05_bs32_modL1_fusion64_fusionL1_drop0p2_trmiss80_trlocclin,32,5e-05,1,64,1,0.2,lr5e-05_bs32_modL1_fusion64_fusionL1_drop0p2_trmiss80_trlocclin,1,0.6707199414571127,0.6826816499233246,0.5818965517241379,0.7592187802518772,0.5555555555555556,0.0,0.0,0.0,0.0,2002,clin,0.8
5,5,lr5e-05_bs32_modL1_fusion64_fusionL1_drop0p2_trmiss80_trlocclin,32,5e-05,1,64,1,0.2,lr5e-05_bs32_modL1_fusion64_fusionL1_drop0p2_trmiss80_trlocclin,2,0.6934419373671213,0.6840978264808655,0.6293103448275862,0.8112711232028793,0.5333333333333333,0.0,0.0,0.0,0.0,2002,clin,0.8
5,5,lr5e-05_bs32_modL1_fusion64_fusionL1_drop0p2_trmiss80_trlocclin,32,5e-05,1,64,1,0.2,lr5e-05_bs32_modL1_fusion64_fusionL1_drop0p2_trmiss80_trlocclin,3,0.6161157588164011,0.6787026822566986,0.6400862068965517,0.8229472547466756,0.5333333333333333,0.0,0.0,0.0,0.0,2002,clin,0.8
5,5,lr5e-05_bs32_modL1_fusion64_fusionL1_drop0p2_trmiss80_trlocclin,32,5e-05,1,64,1,0.2,lr5e-05_bs32_modL1_fusion64_fusionL1_drop0p2_trmiss80_trlocclin,4,0.6277411381403605,0.670863002538681,0.6422413793103448,0.8288336392808935,0.5111111111111111,0.0,0.0,0.0,0.0,2002,clin,0.8
5,5,lr5e-05_bs32_modL1_fusion64_fusionL1_drop0p2_trmiss80_trlocclin,32,5e-05,1,64,1,0.2,lr5e-05_bs32_modL1_fusion64_fusionL1_drop0p2_trmiss80_trlocclin,5,0.5973591804504395,0.6648264229297638,0.6314655172413793,0.8242527133891158,0.5111111111111111,0.0,0.0,0.0,0.0,2002,clin,0.8
5,5,lr5e-05_bs32_modL1_fusion64_fusionL1_drop0p2_trmiss80_trlocclin,32,5e-05,1,64,1,0.2,lr5e-05_bs32_modL1_fusion64_fusionL1_drop0p2_trmiss80_trlocclin,6,0.5892527798811594,0.6595811247825623,0.6400862068965518,0.8230079642587043,0.5111111111111111,0.0,0.0,0.0,0.0,2002,clin,0.8
5,5,lr5e-05_bs32_modL1_fusion64_fusionL1_drop0p2_trmiss80_trlocclin,32,5e-05,1,64,1,0.2,lr5e-05_bs32_modL1_fusion64_fusionL1_drop0p2_trmiss80_trlocclin,7,0.5756760140260061,0.655010312795639,0.6336206896551725,0.8209282235126347,0.5111111111111111,0.0,0.0,0.0,0.0,2002,clin,0.8
5,5,lr5e-05_bs32_modL1_fusion64_fusionL1_drop0p2_trmiss80_trlocclin,32,5e-05,1,64,1,0.2,lr5e-05_bs32_modL1_fusion64_fusionL1_drop0p2_trmiss80_trlocclin,8,0.5680141746997833,0.6494917571544647,0.6336206896551724,0.8167700799650472,0.5111111111111111,0.0,0.0,0.0,0.0,2002,clin,0.8
5,5,lr5e-05_bs32_modL1_fusion64_fusionL1_drop0p2_trmiss80_trlocclin,32,5e-05,1,64,1,0.2,lr5e-05_bs32_modL1_fusion64_fusionL1_drop0p2_trmiss80_trlocclin,9,0.5531103213628134,0.6499805748462677,0.6142241379310344,0.8073078388410111,0.5111111111111111,0.0,0.0,0.0,0.0,2002,clin,0.8
5,5,lr5e-05_bs32_modL1_fusion64_fusionL1_drop0p2_trmiss80_trlocclin,32,5e-05,1,64,1,0.2,lr5e-05_bs32_modL1_fusion64_fusionL1_drop0p2_trmiss80_trlocclin,10,0.5515575110912323,0.6529175937175751,0.6163793103448276,0.8131990443077963,0.4888888888888889,0.0,0.0,0.0,0.0,2002,clin,0.8
5,5,lr5e-05_bs32_modL1_fusion64_fusionL1_drop0p2_trmiss80_trlocclin,32,5e-05,1,64,1,0.2,lr5e-05_bs32_modL1_fusion64_fusionL1_drop0p2_trmiss80_trlocclin,11,0.5424560407797495,0.6537793576717377,0.6099137931034483,0.8026908908168773,0.4888888888888889,0.0,0.0,0.0,0.0,2002,clin,0.8
5,5,lr5e-05_bs32_modL1_fusion64_fusionL1_drop0p2_trmiss80_trlocclin,32,5e-05,1,64,1,0.2,lr5e-05_bs32_modL1_fusion64_fusionL1_drop0p2_trmiss80_trlocclin,12,0.5377534081538519,0.6482468545436859,0.6056034482758621,0.7929947497379133,0.4888888888888889,0.0,0.0,0.0,0.0,2002,clin,0.8
5,5,lr5e-05_bs32_modL1_fusion64_fusionL1_drop0p2_trmiss80_trlocclin,32,5e-05,1,64,1,0.2,lr5e-05_bs32_modL1_fusion64_fusionL1_drop0p2_trmiss80_trlocclin,13,0.5227715571721395,0.6432937979698181,0.6206896551724137,0.7836008828103488,0.4888888888888889,0.0,0.0,0.0,0.0,2002,clin,0.8
5,5,lr5e-05_bs32_modL1_fusion64_fusionL1_drop0p2_trmiss80_trlocclin,32,5e-05,1,64,1,0.2,lr5e-05_bs32_modL1_fusion64_fusionL1_drop0p2_trmiss80_trlocclin,14,0.5083956817785898,0.6398841738700867,0.6142241379310345,0.7718933581164745,0.4888888888888889,0.0,0.0,0.0,0.0,2002,clin,0.8
5,5,lr5e-05_bs32_modL1_fusion64_fusionL1_drop0p2_trmiss80_trlocclin,32,5e-05,1,64,1,0.2,lr5e-05_bs32_modL1_fusion64_fusionL1_drop0p2_trmiss80_trlocclin,15,0.5074231723944346,0.6414484679698944,0.6099137931034483,0.7667657071150692,0.5555555555555556,0.0,0.0,0.0,0.0,2002,clin,0.8
5,5,lr5e-05_bs32_modL1_fusion64_fusionL1_drop0p2_trmiss80_trlocclin,32,5e-05,1,64,1,0.2,lr5e-05_bs32_modL1_fusion64_fusionL1_drop0p2_trmiss80_trlocclin,16,0.5023758510748545,0.640177845954895,0.6120689655172413,0.7677049937914818,0.5777777777777777,0.0,0.0,0.0,0.0,2002,clin,0.8
5,5,lr5e-05_bs32_modL1_fusion64_fusionL1_drop0p2_trmiss80_trlocclin,32,5e-05,1,64,1,0.2,lr5e-05_bs32_modL1_fusion64_fusionL1_drop0p2_trmiss80_trlocclin,17,0.4970662246147792,0.637481153011322,0.6163793103448276,0.766298395672489,0.5777777777777777,0.0,0.0,0.0,0.0,2002,clin,0.8
5,5,lr5e-05_bs32_modL1_fusion64_fusionL1_drop0p2_trmiss80_trlocclin,32,5e-05,1,64,1,0.2,lr5e-05_bs32_modL1_fusion64_fusionL1_drop0p2_trmiss80_trlocclin,18,0.49053973456223804,0.6381239295005798,0.6163793103448276,0.7684407950218749,0.5777777777777777,0.0,0.0,0.0,0.0,2002,clin,0.8
5,5,lr5e-05_bs32_modL1_fusion64_fusionL1_drop0p2_trmiss80_trlocclin,32,5e-05,1,64,1,0.2,lr5e-05_bs32_modL1_fusion64_fusionL1_drop0p2_trmiss80_trlocclin,19,0.4983413716157277,0.6357020139694214,0.6206896551724138,0.769923692854955,0.5555555555555556,0.0,0.0,0.0,0.0,2002,clin,0.8
5,5,lr5e-05_bs32_modL1_fusion64_fusionL1_drop0p2_trmiss80_trlocclin,32,5e-05,1,64,1,0.2,lr5e-05_bs32_modL1_fusion64_fusionL1_drop0p2_trmiss80_trlocclin,20,0.4795656005541484,0.6368267238140106,0.625,0.7623824441500187,0.5555555555555556,0.0,0.0,0.0,0.0,2002,clin,0.8
5,5,lr5e-05_bs32_modL1_fusion64_fusionL1_drop0p2_trmiss80_trlocclin,32,5e-05,1,64,1,0.2,lr5e-05_bs32_modL1_fusion64_fusionL1_drop0p2_trmiss80_trlocclin,21,0.4594089736541112,0.6379001438617706,0.6185344827586206,0.7609010125776092,0.5777777777777777,0.0,0.0,0.0,0.0,2002,clin,0.8
5,5,lr5e-05_bs32_modL1_fusion64_fusionL1_drop0p2_trmiss80_trlocclin,32,5e-05,1,64,1,0.2,lr5e-05_bs32_modL1_fusion64_fusionL1_drop0p2_trmiss80_trlocclin,22,0.46418413519859314,0.6333033740520477,0.6314655172413792,0.7612456079125633,0.6,0.0,0.0,0.0,0.0,2002,clin,0.8
5,5,lr5e-05_bs32_modL1_fusion64_fusionL1_drop0p2_trmiss80_trlocclin,32,5e-05,1,64,1,0.2,lr5e-05_bs32_modL1_fusion64_fusionL1_drop0p2_trmiss80_trlocclin,23,0.448723907272021,0.6326054334640503,0.6293103448275862,0.7556772817876984,0.6222222222222222,0.0,0.0,0.0,0.0,2002,clin,0.8
5,5,lr5e-05_bs32_modL1_fusion64_fusionL1_drop0p2_trmiss80_trlocclin,32,5e-05,1,64,1,0.2,lr5e-05_bs32_modL1_fusion64_fusionL1_drop0p2_trmiss80_trlocclin,24,0.4465430627266566,0.6324153542518616,0.627155172413793,0.7522389713930353,0.6,0.0,0.0,0.0,0.0,2002,clin,0.8
5,5,lr5e-05_bs32_modL1_fusion64_fusionL1_drop0p1_trmiss80_trlocclin,32,5e-05,1,64,1,0.1,lr5e-05_bs32_modL1_fusion64_fusionL1_drop0p1_trmiss80_trlocclin,1,0.672105073928833,0.6586208939552307,0.5754310344827587,0.7647375601420004,0.6444444444444445,0.0,0.0,0.0,0.0,2002,clin,0.8
5,5,lr5e-05_bs32_modL1_fusion64_fusionL1_drop0p1_trmiss80_trlocclin,32,5e-05,1,64,1,0.1,lr5e-05_bs32_modL1_fusion64_fusionL1_drop0p1_trmiss80_trlocclin,2,0.624637633562088,0.6470845937728882,0.6228448275862069,0.7830791060254487,0.6444444444444445,0.0,0.0,0.0,0.0,2002,clin,0.8
5,5,lr5e-05_bs32_modL1_fusion64_fusionL1_drop0p1_trmiss80_trlocclin,32,5e-05,1,64,1,0.1,lr5e-05_bs32_modL1_fusion64_fusionL1_drop0p1_trmiss80_trlocclin,3,0.6019838651021322,0.6400130391120911,0.6185344827586207,0.7995669328376094,0.6666666666666666,0.0,0.0,0.0,0.0,2002,clin,0.8
5,5,lr5e-05_bs32_modL1_fusion64_fusionL1_drop0p1_trmiss80_trlocclin,32,5e-05,1,64,1,0.1,lr5e-05_bs32_modL1_fusion64_fusionL1_drop0p1_trmiss80_trlocclin,4,0.5733369886875153,0.6334155797958374,0.6314655172413792,0.8052363778519254,0.6444444444444445,0.0,0.0,0.0,0.0,2002,clin,0.8
5,5,lr5e-05_bs32_modL1_fusion64_fusionL1_drop0p1_trmiss80_trlocclin,32,5e-05,1,64,1,0.1,lr5e-05_bs32_modL1_fusion64_fusionL1_drop0p1_trmiss80_trlocclin,5,0.5712288022041321,0.626326858997345,0.6099137931034483,0.7591852876334123,0.6444444444444445,0.0,0.0,0.0,0.0,2002,clin,0.8
5,5,lr5e-05_bs32_modL1_fusion64_fusionL1_drop0p1_trmiss80_trlocclin,32,5e-05,1,64,1,0.1,lr5e-05_bs32_modL1_fusion64_fusionL1_drop0p1_trmiss80_trlocclin,6,0.5362937053044637,0.6208802163600922,0.6185344827586207,0.7580998152722679,0.6444444444444445,0.0,0.0,0.0,0.0,2002,clin,0.8
5,5,lr5e-05_bs32_modL1_fusion64_fusionL1_drop0p1_trmiss80_trlocclin,32,5e-05,1,64,1,0.1,lr5e-05_bs32_modL1_fusion64_fusionL1_drop0p1_trmiss80_trlocclin,7,0.5373720874389013,0.6173162460327148,0.625,0.7506422972871792,0.6666666666666666,0.0,0.0,0.0,0.0,2002,clin,0.8
5,5,lr5e-05_bs32_modL1_fusion64_fusionL1_drop0p1_trmiss80_trlocclin,32,5e-05,1,64,1,0.1,lr5e-05_bs32_modL1_fusion64_fusionL1_drop0p1_trmiss80_trlocclin,8,0.5165251195430756,0.6168212294578552,0.625,0.748107576049142,0.6444444444444445,0.0,0.0,0.0,0.0,2002,clin,0.8
5,5,lr5e-05_bs32_modL1_fusion64_fusionL1_drop0p1_trmiss80_trlocclin,32,5e-05,1,64,1,0.1,lr5e-05_bs32_modL1_fusion64_fusionL1_drop0p1_trmiss80_trlocclin,9,0.5072792718807856,0.6103764772415161,0.6400862068965517,0.7576938622425237,0.6444444444444445,0.0,0.0,0.0,0.0,2002,clin,0.8
5,5,lr5e-05_bs32_modL1_fusion64_fusionL1_drop0p1_trmiss80_trlocclin,32,5e-05,1,64,1,0.1,lr5e-05_bs32_modL1_fusion64_fusionL1_drop0p1_trmiss80_trlocclin,10,0.48241831362247467,0.6069065034389496,0.6530172413793103,0.7695297078246924,0.6666666666666666,0.0,0.0,0.0,0.0,2002,clin,0.8
5,5,lr5e-05_bs32_modL1_fusion64_fusionL1_drop0p1_trmiss80_trlocclin,32,5e-05,1,64,1,0.1,lr5e-05_bs32_modL1_fusion64_fusionL1_drop0p1_trmiss80_trlocclin,11,0.4876715938250224,0.6074688136577606,0.6551724137931035,0.757482179246119,0.6666666666666666,0.0,0.0,0.0,0.0,2002,clin,0.8
5,5,lr5e-05_bs32_modL1_fusion64_fusionL1_drop0p1_trmiss80_trlocclin,32,5e-05,1,64,1,0.1,lr5e-05_bs32_modL1_fusion64_fusionL1_drop0p1_trmiss80_trlocclin,12,0.4877313474814097,0.6074856817722321,0.6487068965517241,0.7527876341520778,0.6666666666666666,0.0,0.0,0.0,0.0,2002,clin,0.8
5,5,lr5e-05_bs32_modL1_fusion64_fusionL1_drop0p1_trmiss80_trlocclin,32,5e-05,1,64,1,0.1,lr5e-05_bs32_modL1_fusion64_fusionL1_drop0p1_trmiss80_trlocclin,13,0.4708334704240163,0.6054754853248596,0.6422413793103449,0.7499754532338545,0.6666666666666666,0.0,0.0,0.0,0.0,2002,clin,0.8
5,5,lr5e-05_bs32_modL1_fusion64_fusionL1_drop0p1_trmiss80_trlocclin,32,5e-05,1,64,1,0.1,lr5e-05_bs32_modL1_fusion64_fusionL1_drop0p1_trmiss80_trlocclin,14,0.45571384330590564,0.603731244802475,0.6508620689655172,0.7528112981779946,0.6666666666666666,0.0,0.0,0.0,0.0,2002,clin,0.8
5,5,lr5e-05_bs32_modL1_fusion64_fusionL1_drop0p1_trmiss80_trlocclin,32,5e-05,1,64,1,0.1,lr5e-05_bs32_modL1_fusion64_fusionL1_drop0p1_trmiss80_trlocclin,15,0.4412406285603841,0.6042483448982239,0.6400862068965517,0.7480357107259037,0.6666666666666666,0.0,0.0,0.0,0.0,2002,clin,0.8
5,5,lr5e-05_bs32_modL1_fusion64_fusionL1_drop0p1_trmiss80_trlocclin,32,5e-05,1,64,1,0.1,lr5e-05_bs32_modL1_fusion64_fusionL1_drop0p1_trmiss80_trlocclin,16,0.43167618413766223,0.6040221154689789,0.6357758620689655,0.7461867207455659,0.6666666666666666,0.0,0.0,0.0,0.0,2002,clin,0.8
5,5,lr5e-05_bs32_modL1_fusion64_fusionL1_drop0p1_trmiss80_trlocclin,32,5e-05,1,64,1,0.1,lr5e-05_bs32_modL1_fusion64_fusionL1_drop0p1_trmiss80_trlocclin,17,0.43381963670253754,0.6048178970813751,0.6314655172413793,0.7474117919706371,0.6888888888888889,0.0,0.0,0.0,0.0,2002,clin,0.8
5,5,lr5e-05_bs32_modL1_fusion64_fusionL1_drop0p1_trmiss80_trlocclin,32,5e-05,1,64,1,0.1,lr5e-05_bs32_modL1_fusion64_fusionL1_drop0p1_trmiss80_trlocclin,18,0.43211986124515533,0.6037013530731201,0.6336206896551724,0.7504732870491393,0.6888888888888889,0.0,0.0,0.0,0.0,2002,clin,0.8
5,5,lr5e-05_bs32_modL1_fusion64_fusionL1_drop0p1_trmiss80_trlocclin,32,5e-05,1,64,1,0.1,lr5e-05_bs32_modL1_fusion64_fusionL1_drop0p1_trmiss80_trlocclin,19,0.42210733393828076,0.601961225271225,0.6271551724137931,0.7472120274792873,0.6888888888888889,0.0,0.0,0.0,0.0,2002,clin,0.8
5,5,lr5e-05_bs32_modL1_fusion64_fusionL1_drop0p1_trmiss80_trlocclin,32,5e-05,1,64,1,0.1,lr5e-05_bs32_modL1_fusion64_fusionL1_drop0p1_trmiss80_trlocclin,20,0.402553250392278,0.6003081500530243,0.6357758620689655,0.7498429387443024,0.6888888888888889,0.0,0.0,0.0,0.0,2002,clin,0.8
5,5,lr5e-05_bs32_modL1_fusion64_fusionL1_drop0p1_trmiss80_trlocclin,32,5e-05,1,64,1,0.1,lr5e-05_bs32_modL1_fusion64_fusionL1_drop0p1_trmiss80_trlocclin,21,0.41147032380104065,0.5958355963230133,0.6422413793103448,0.7530905991500954,0.6666666666666666,0.0,0.0,0.0,0.0,2002,clin,0.8
5,5,lr5e-05_bs32_modL1_fusion64_fusionL1_drop0p1_trmiss80_trlocclin,32,5e-05,1,64,1,0.1,lr5e-05_bs32_modL1_fusion64_fusionL1_drop0p1_trmiss80_trlocclin,22,0.41346853971481323,0.594876229763031,0.6573275862068966,0.7642252714098727,0.6666666666666666,0.0,0.0,0.0,0.0,2002,clin,0.8
5,5,lr5e-05_bs32_modL1_fusion64_fusionL1_drop0p1_trmiss80_trlocclin,32,5e-05,1,64,1,0.1,lr5e-05_bs32_modL1_fusion64_fusionL1_drop0p1_trmiss80_trlocclin,23,0.39367817838986713,0.5951342582702637,0.6551724137931034,0.7603950825543289,0.6666666666666666,0.0,0.0,0.0,0.0,2002,clin,0.8
5,5,lr5e-05_bs32_modL1_fusion64_fusionL1_drop0p1_trmiss80_trlocclin,32,5e-05,1,64,1,0.1,lr5e-05_bs32_modL1_fusion64_fusionL1_drop0p1_trmiss80_trlocclin,24,0.38250937561194104,0.5971502065658569,0.6487068965517241,0.7380413208790988,0.6444444444444445,0.0,0.0,0.0,0.0,2002,clin,0.8
5,5,lr5e-05_bs32_modL1_fusion64_fusionL1_drop0p1_trmiss80_trlocclin,32,5e-05,1,64,1,0.1,lr5e-05_bs32_modL1_fusion64_fusionL1_drop0p1_trmiss80_trlocclin,25,0.3674357583125432,0.5968981087207794,0.6530172413793104,0.7420727496356263,0.6666666666666666,0.0,0.0,0.0,0.0,2002,clin,0.8
5,5,lr5e-05_bs32_modL1_fusion64_fusionL1_drop0p1_trmiss80_trlocclin,32,5e-05,1,64,1,0.1,lr5e-05_bs32_modL1_fusion64_fusionL1_drop0p1_trmiss80_trlocclin,26,0.36885687212149304,0.5978963971138,0.6530172413793104,0.7584516922788465,0.6666666666666666,0.0,0.0,0.0,0.0,2002,clin,0.8
5,5,lr5e-05_bs32_modL1_fusion64_fusionL1_drop0p1_trmiss80_trlocclin,32,5e-05,1,64,1,0.1,lr5e-05_bs32_modL1_fusion64_fusionL1_drop0p1_trmiss80_trlocclin,27,0.3694807440042496,0.5999990999698639,0.6443965517241379,0.7567129786596039,0.6888888888888889,0.0,0.0,0.0,0.0,2002,clin,0.8
5,5,lr5e-05_bs32_modL1_fusion64_fusionL1_drop0p1_trmiss80_trlocclin,32,5e-05,1,64,1,0.1,lr5e-05_bs32_modL1_fusion64_fusionL1_drop0p1_trmiss80_trlocclin,28,0.36910557250181836,0.6017154455184937,0.6357758620689655,0.748638660548189,0.6444444444444445,0.0,0.0,0.0,0.0,2002,clin,0.8
5,5,lr5e-05_bs32_modL1_fusion64_fusionL1_drop0p1_trmiss80_trlocclin,32,5e-05,1,64,1,0.1,lr5e-05_bs32_modL1_fusion64_fusionL1_drop0p1_trmiss80_trlocclin,29,0.3520271082719167,0.5995771884918213,0.6443965517241379,0.7508471094762292,0.6444444444444445,0.0,0.0,0.0,0.0,2002,clin,0.8
5,5,lr5e-05_bs32_modL1_fusion64_fusionL1_drop0p1_trmiss80_trlocclin,32,5e-05,1,64,1,0.1,lr5e-05_bs32_modL1_fusion64_fusionL1_drop0p1_trmiss80_trlocclin,30,0.35504363973935443,0.5969008207321167,0.6508620689655172,0.7542595973714759,0.6444444444444445,0.0,0.0,0.0,0.0,2002,clin,0.8
5,5,lr5e-05_bs32_modL1_fusion64_fusionL1_drop0p1_trmiss80_trlocclin,32,5e-05,1,64,1,0.1,lr5e-05_bs32_modL1_fusion64_fusionL1_drop0p1_trmiss80_trlocclin,31,0.34901125729084015,0.5928971767425537,0.6616379310344828,0.7598446731010748,0.6666666666666666,0.0,0.0,0.0,0.0,2002,clin,0.8
5,5,lr5e-05_bs32_modL1_fusion64_fusionL1_drop0p1_trmiss80_trlocclin,32,5e-05,1,64,1,0.1,lr5e-05_bs32_modL1_fusion64_fusionL1_drop0p1_trmiss80_trlocclin,32,0.34991678098837536,0.5938822329044342,0.6551724137931034,0.7560083824493684,0.6666666666666666,0.0,0.0,0.0,0.0,2002,clin,0.8
5,5,lr5e-05_bs32_modL1_fusion64_fusionL1_drop0p1_trmiss80_trlocclin,32,5e-05,1,64,1,0.1,lr5e-05_bs32_modL1_fusion64_fusionL1_drop0p1_trmiss80_trlocclin,33,0.3506260911623637,0.5949215888977051,0.6551724137931034,0.756248348181839,0.6666666666666666,0.0,0.0,0.0,0.0,2002,clin,0.8
5,5,lr5e-05_bs32_modL1_fusion64_fusionL1_drop0p1_trmiss80_trlocclin,32,5e-05,1,64,1,0.1,lr5e-05_bs32_modL1_fusion64_fusionL1_drop0p1_trmiss80_trlocclin,34,0.346525381008784,0.5951556265354156,0.6551724137931034,0.7563438163812934,0.6666666666666666,0.0,0.0,0.0,0.0,2002,clin,0.8
5,5,lr5e-05_bs32_modL1_fusion64_fusionL1_drop0p1_trmiss80_trlocclin,32,5e-05,1,64,1,0.1,lr5e-05_bs32_modL1_fusion64_fusionL1_drop0p1_trmiss80_trlocclin,35,0.33777332802613574,0.5950666069984436,0.6443965517241379,0.7541474081746011,0.6666666666666666,0.0,0.0,0.0,0.0,2002,clin,0.8
5,5,lr5e-05_bs32_modL1_fusion64_fusionL1_drop0p1_trmiss80_trlocclin,32,5e-05,1,64,1,0.1,lr5e-05_bs32_modL1_fusion64_fusionL1_drop0p1_trmiss80_trlocclin,36,0.33357763787110645,0.594731330871582,0.6508620689655172,0.7563320156680147,0.6666666666666666,0.0,0.0,0.0,0.0,2002,clin,0.8
5,5,lr5e-05_bs32_modL1_fusion64_fusionL1_drop0p1_trmiss80_trlocclin,32,5e-05,1,64,1,0.1,lr5e-05_bs32_modL1_fusion64_fusionL1_drop0p1_trmiss80_trlocclin,37,0.3251315454641978,0.5926289856433868,0.6551724137931034,0.757936378769827,0.6666666666666666,0.0,0.0,0.0,0.0,2002,clin,0.8
5,5,lr5e-05_bs32_modL1_fusion64_fusionL1_drop0p1_trmiss80_trlocclin,32,5e-05,1,64,1,0.1,lr5e-05_bs32_modL1_fusion64_fusionL1_drop0p1_trmiss80_trlocclin,38,0.33277052640914917,0.5934024453163147,0.6508620689655172,0.7555098388473767,0.6666666666666666,0.0,0.0,0.0,0.0,2002,clin,0.8
5,5,lr5e-05_bs32_modL1_fusion64_fusionL1_drop0p1_trmiss80_trlocclin,32,5e-05,1,64,1,0.1,lr5e-05_bs32_modL1_fusion64_fusionL1_drop0p1_trmiss80_trlocclin,39,0.3371547758579254,0.5941009521484375,0.6616379310344828,0.7608210142931313,0.6666666666666666,0.0,0.0,0.0,0.0,2002,clin,0.8
5,5,lr5e-05_bs32_modL1_fusion64_fusionL1_drop0p1_trmiss80_trlocclin,32,5e-05,1,64,1,0.1,lr5e-05_bs32_modL1_fusion64_fusionL1_drop0p1_trmiss80_trlocclin,40,0.32620685795942944,0.596003532409668,0.6573275862068966,0.7568006877575919,0.6666666666666666,0.0,0.0,0.0,0.0,2002,clin,0.8
5,5,lr5e-05_bs32_modL1_fusion64_fusionL1_drop0p1_trmiss80_trlocclin,32,5e-05,1,64,1,0.1,lr5e-05_bs32_modL1_fusion64_fusionL1_drop0p1_trmiss80_trlocclin,41,0.3157594899336497,0.5961820781230927,0.6551724137931034,0.7558793512516473,0.6666666666666666,0.0,0.0,0.0,0.0,2002,clin,0.8
5,5,lr5e-05_bs32_modL1_fusion64_fusionL1_drop0p1_trmiss80_trlocclin,32,5e-05,1,64,1,0.1,lr5e-05_bs32_modL1_fusion64_fusionL1_drop0p1_trmiss80_trlocclin,42,0.31001264850298565,0.595548003911972,0.6530172413793104,0.7560917108180809,0.6666666666666666,0.0,0.0,0.0,0.0,2002,clin,0.8
5,5,lr5e-05_bs32_modL1_fusion64_fusionL1_drop0p1_trmiss80_trlocclin,32,5e-05,1,64,1,0.1,lr5e-05_bs32_modL1_fusion64_fusionL1_drop0p1_trmiss80_trlocclin,43,0.3027559965848923,0.5978590250015259,0.6508620689655172,0.7534311340121416,0.6666666666666666,0.0,0.0,0.0,0.0,2002,clin,0.8
5,5,lr5e-05_bs32_modL1_fusion64_fusionL1_drop0p1_trmiss80_trlocclin,32,5e-05,1,64,1,0.1,lr5e-05_bs32_modL1_fusion64_fusionL1_drop0p1_trmiss80_trlocclin,44,0.31311871111392975,0.597515195608139,0.6508620689655172,0.7535170106140705,0.6666666666666666,0.0,0.0,0.0,0.0,2002,clin,0.8
5,5,lr5e-05_bs32_modL1_fusion64_fusionL1_drop0p1_trmiss80_trlocclin,32,5e-05,1,64,1,0.1,lr5e-05_bs32_modL1_fusion64_fusionL1_drop0p1_trmiss80_trlocclin,45,0.30734818677107495,0.5960046350955963,0.6551724137931034,0.7545046066368004,0.6666666666666666,0.0,0.0,0.0,0.0,2002,clin,0.8
5,5,lr5e-05_bs32_modL1_fusion64_fusionL1_drop0p1_trmiss80_trlocclin,32,5e-05,1,64,1,0.1,lr5e-05_bs32_modL1_fusion64_fusionL1_drop0p1_trmiss80_trlocclin,46,0.3100298543771108,0.5964494943618774,0.6530172413793104,0.7528764268164772,0.6666666666666666,0.0,0.0,0.0,0.0,2002,clin,0.8
5,5,lr5e-05_bs32_modL1_fusion64_fusionL1_drop0p1_trmiss80_trlocclin,32,5e-05,1,64,1,0.1,lr5e-05_bs32_modL1_fusion64_fusionL1_drop0p1_trmiss80_trlocclin,47,0.3009850084781647,0.595967710018158,0.6530172413793104,0.7528764268164772,0.6666666666666666,0.0,0.0,0.0,0.0,2002,clin,0.8
5,5,lr5e-05_bs32_modL1_fusion64_fusionL1_drop0p1_trmiss80_trlocclin,32,5e-05,1,64,1,0.1,lr5e-05_bs32_modL1_fusion64_fusionL1_drop0p1_trmiss80_trlocclin,48,0.310766006509463,0.5970292091369629,0.6508620689655172,0.7521922450978127,0.6666666666666666,0.0,0.0,0.0,0.0,2002,clin,0.8
5,5,lr5e-05_bs32_modL1_fusion64_fusionL1_drop0p1_trmiss80_trlocclin,32,5e-05,1,64,1,0.1,lr5e-05_bs32_modL1_fusion64_fusionL1_drop0p1_trmiss80_trlocclin,49,0.3033505082130432,0.5957390367984772,0.6551724137931034,0.7546826665537514,0.6666666666666666,0.0,0.0,0.0,0.0,2002,clin,0.8
5,5,lr5e-05_bs32_modL1_fusion64_fusionL1_drop0p1_trmiss80_trlocclin,32,5e-05,1,64,1,0.1,lr5e-05_bs32_modL1_fusion64_fusionL1_drop0p1_trmiss80_trlocclin,50,0.30624086658159894,0.5962296724319458,0.6594827586206897,0.7550676941783192,0.6666666666666666,0.0,0.0,0.0,0.0,2002,clin,0.8
5,5,lr5e-05_bs32_modL1_fusion64_fusionL1_drop0p1_trmiss80_trlocclin,32,5e-05,1,64,1,0.1,lr5e-05_bs32_modL1_fusion64_fusionL1_drop0p1_trmiss80_trlocclin,51,0.3000204513470332,0.5954836905002594,0.6551724137931034,0.7536003953315844,0.6666666666666666,0.0,0.0,0.0,0.0,2002,clin,0.8
5,5,lr1e-04_bs32_modL1_fusion32_fusionL1_drop0p2_trmiss80_trlocclin,32,0.0001,1,32,1,0.2,lr1e-04_bs32_modL1_fusion32_fusionL1_drop0p2_trmiss80_trlocclin,1,0.796239823102951,0.7203369140625,0.4870689655172414,0.7007926037592119,0.35555555555555557,0.0,0.0,0.0,0.0,2002,clin,0.8
5,5,lr1e-04_bs32_modL1_fusion32_fusionL1_drop0p2_trmiss80_trlocclin,32,0.0001,1,32,1,0.2,lr1e-04_bs32_modL1_fusion32_fusionL1_drop0p2_trmiss80_trlocclin,2,0.7424748043219248,0.7174114286899567,0.5560344827586208,0.7224345004591792,0.37777777777777777,0.0,0.0,0.0,0.0,2002,clin,0.8
5,5,lr1e-04_bs32_modL1_fusion32_fusionL1_drop0p2_trmiss80_trlocclin,32,0.0001,1,32,1,0.2,lr1e-04_bs32_modL1_fusion32_fusionL1_drop0p2_trmiss80_trlocclin,3,0.7034651041030884,0.7240356802940369,0.5646551724137931,0.7235661013645868,0.4,0.0,0.0,0.0,0.0,2002,clin,0.8
5,5,lr1e-04_bs32_modL1_fusion32_fusionL1_drop0p2_trmiss80_trlocclin,32,0.0001,1,32,1,0.2,lr1e-04_bs32_modL1_fusion32_fusionL1_drop0p2_trmiss80_trlocclin,4,0.6858469744523367,0.7300196588039398,0.5603448275862069,0.7192426834131614,0.37777777777777777,0.0,0.0,0.0,0.0,2002,clin,0.8
5,5,lr1e-04_bs32_modL1_fusion32_fusionL1_drop0p2_trmiss80_trlocclin,32,0.0001,1,32,1,0.2,lr1e-04_bs32_modL1_fusion32_fusionL1_drop0p2_trmiss80_trlocclin,5,0.6843980550765991,0.7251923680305481,0.5862068965517241,0.7145060458652146,0.4,0.0,0.0,0.0,0.0,2002,clin,0.8
5,5,lr1e-04_bs32_modL1_fusion32_fusionL1_drop0p2_trmiss80_trlocclin,32,0.0001,1,32,1,0.2,lr1e-04_bs32_modL1_fusion32_fusionL1_drop0p2_trmiss80_trlocclin,6,0.6471492052078247,0.7187895774841309,0.6077586206896552,0.7320598974302224,0.4222222222222222,0.0,0.0,0.0,0.0,2002,clin,0.8
5,5,lr1e-04_bs32_modL1_fusion32_fusionL1_drop0p2_trmiss80_trlocclin,32,0.0001,1,32,1,0.2,lr1e-04_bs32_modL1_fusion32_fusionL1_drop0p2_trmiss80_trlocclin,7,0.6359227299690247,0.7208495736122131,0.5883620689655172,0.7249169414706051,0.4222222222222222,0.0,0.0,0.0,0.0,2002,clin,0.8
5,5,lr1e-04_bs32_modL1_fusion32_fusionL1_drop0p2_trmiss80_trlocclin,32,0.0001,1,32,1,0.2,lr1e-04_bs32_modL1_fusion32_fusionL1_drop0p2_trmiss80_trlocclin,8,0.6250316103299459,0.7196008563041687,0.5969827586206897,0.7294838758158851,0.4444444444444444,0.0,0.0,0.0,0.0,2002,clin,0.8
5,5,lr1e-04_bs32_modL1_fusion32_fusionL1_drop0p2_trmiss80_trlocclin,32,0.0001,1,32,1,0.2,lr1e-04_bs32_modL1_fusion32_fusionL1_drop0p2_trmiss80_trlocclin,9,0.6072647472222646,0.7225713729858398,0.5991379310344828,0.7336237192292634,0.4444444444444444,0.0,0.0,0.0,0.0,2002,clin,0.8
5,5,lr1e-04_bs32_modL1_fusion32_fusionL1_drop0p2_trmiss80_trlocclin,32,0.0001,1,32,1,0.2,lr1e-04_bs32_modL1_fusion32_fusionL1_drop0p2_trmiss80_trlocclin,10,0.611289511124293,0.7200667858123779,0.5926724137931034,0.734146594295749,0.5111111111111111,0.0,0.0,0.0,0.0,2002,clin,0.8
5,5,lr1e-04_bs32_modL1_fusion32_fusionL1_drop0p2_trmiss80_trlocclin,32,0.0001,1,32,1,0.2,lr1e-04_bs32_modL1_fusion32_fusionL1_drop0p2_trmiss80_trlocclin,11,0.6070091625054678,0.7157155275344849,0.5969827586206897,0.7413806836824028,0.5777777777777777,0.0,0.0,0.0,0.0,2002,clin,0.8
5,5,lr1e-04_bs32_modL1_fusion32_fusionL1_drop0p2_trmiss80_trlocclin,32,0.0001,1,32,1,0.2,lr1e-04_bs32_modL1_fusion32_fusionL1_drop0p2_trmiss80_trlocclin,12,0.6052659849325815,0.7164560854434967,0.5991379310344828,0.7471962282910509,0.5777777777777777,0.0,0.0,0.0,0.0,2002,clin,0.8
5,5,lr1e-04_bs32_modL1_fusion32_fusionL1_drop0p2_trmiss80_trlocclin,32,0.0001,1,32,1,0.2,lr1e-04_bs32_modL1_fusion32_fusionL1_drop0p2_trmiss80_trlocclin,13,0.587523361047109,0.7194395959377289,0.6012931034482759,0.744593985498087,0.5777777777777777,0.0,0.0,0.0,0.0,2002,clin,0.8
5,5,lr1e-04_bs32_modL1_fusion32_fusionL1_drop0p2_trmiss80_trlocclin,32,0.0001,1,32,1,0.2,lr1e-04_bs32_modL1_fusion32_fusionL1_drop0p2_trmiss80_trlocclin,14,0.5973164240519205,0.7186349034309387,0.603448275862069,0.7462162281984139,0.5777777777777777,0.0,0.0,0.0,0.0,2002,clin,0.8
5,5,lr1e-04_bs32_modL1_fusion32_fusionL1_drop0p2_trmiss80_trlocclin,32,0.0001,1,32,1,0.2,lr1e-04_bs32_modL1_fusion32_fusionL1_drop0p2_trmiss80_trlocclin,15,0.558663010597229,0.7161760926246643,0.6206896551724138,0.7554947352289789,0.5777777777777777,0.0,0.0,0.0,0.0,2002,clin,0.8
5,5,lr1e-04_bs32_modL1_fusion32_fusionL1_drop0p2_trmiss80_trlocclin,32,0.0001,1,32,1,0.2,lr1e-04_bs32_modL1_fusion32_fusionL1_drop0p2_trmiss80_trlocclin,16,0.5654882887999216,0.710086315870285,0.6185344827586207,0.7597017268843056,0.5777777777777777,0.0,0.0,0.0,0.0,2002,clin,0.8
5,5,lr1e-04_bs32_modL1_fusion32_fusionL1_drop0p2_trmiss80_trlocclin,32,0.0001,1,32,1,0.2,lr1e-04_bs32_modL1_fusion32_fusionL1_drop0p2_trmiss80_trlocclin,17,0.5476241509119669,0.7099553942680359,0.6142241379310345,0.7584001701314305,0.5777777777777777,0.0,0.0,0.0,0.0,2002,clin,0.8
5,5,lr1e-04_bs32_modL1_fusion32_fusionL1_drop0p2_trmiss80_trlocclin,32,0.0001,1,32,1,0.2,lr1e-04_bs32_modL1_fusion32_fusionL1_drop0p2_trmiss80_trlocclin,18,0.5569872458775839,0.7110061943531036,0.6206896551724137,0.7625476059078793,0.5555555555555556,0.0,0.0,0.0,0.0,2002,clin,0.8
5,5,lr1e-04_bs32_modL1_fusion32_fusionL1_drop0p2_trmiss80_trlocclin,32,0.0001,1,32,1,0.2,lr1e-04_bs32_modL1_fusion32_fusionL1_drop0p2_trmiss80_trlocclin,19,0.5513204634189606,0.7147165834903717,0.6163793103448276,0.757000763847113,0.5555555555555556,0.0,0.0,0.0,0.0,2002,clin,0.8
5,5,lr1e-04_bs32_modL1_fusion32_fusionL1_drop0p2_trmiss80_trlocclin,32,0.0001,1,32,1,0.2,lr1e-04_bs32_modL1_fusion32_fusionL1_drop0p2_trmiss80_trlocclin,20,0.5380167265733083,0.7134394645690918,0.6185344827586207,0.757365660763734,0.5555555555555556,0.0,0.0,0.0,0.0,2002,clin,0.8
5,5,lr1e-04_bs32_modL1_fusion32_fusionL1_drop0p2_trmiss80_trlocclin,32,0.0001,1,32,1,0.2,lr1e-04_bs32_modL1_fusion32_fusionL1_drop0p2_trmiss80_trlocclin,21,0.5299717883268992,0.7124945819377899,0.6185344827586208,0.7575556676053954,0.5555555555555556,0.0,0.0,0.0,0.0,2002,clin,0.8
5,5,lr1e-04_bs32_modL1_fusion32_fusionL1_drop0p2_trmiss80_trlocclin,32,0.0001,1,32,1,0.2,lr1e-04_bs32_modL1_fusion32_fusionL1_drop0p2_trmiss80_trlocclin,22,0.5543812861045202,0.713494747877121,0.6163793103448276,0.7553482797055715,0.5333333333333333,0.0,0.0,0.0,0.0,2002,clin,0.8
5,5,lr1e-04_bs32_modL1_fusion32_fusionL1_drop0p2_trmiss80_trlocclin,32,0.0001,1,32,1,0.2,lr1e-04_bs32_modL1_fusion32_fusionL1_drop0p2_trmiss80_trlocclin,23,0.5294281591971716,0.7079378068447113,0.6142241379310345,0.7565700581352126,0.5333333333333333,0.0,0.0,0.0,0.0,2002,clin,0.8
5,5,lr1e-04_bs32_modL1_fusion32_fusionL1_drop0p2_trmiss80_trlocclin,32,0.0001,1,32,1,0.2,lr1e-04_bs32_modL1_fusion32_fusionL1_drop0p2_trmiss80_trlocclin,24,0.5259839495023092,0.7121418416500092,0.6142241379310346,0.756217485722749,0.5333333333333333,0.0,0.0,0.0,0.0,2002,clin,0.8
5,5,lr1e-04_bs32_modL1_fusion32_fusionL1_drop0p2_trmiss80_trlocclin,32,0.0001,1,32,1,0.2,lr1e-04_bs32_modL1_fusion32_fusionL1_drop0p2_trmiss80_trlocclin,25,0.5132258087396622,0.7085548043251038,0.6185344827586208,0.7598977116983581,0.5333333333333333,0.0,0.0,0.0,0.0,2002,clin,0.8
5,5,lr1e-04_bs32_modL1_fusion32_fusionL1_drop0p2_trmiss80_trlocclin,32,0.0001,1,32,1,0.2,lr1e-04_bs32_modL1_fusion32_fusionL1_drop0p2_trmiss80_trlocclin,26,0.5111038535833359,0.7034388780593872,0.6293103448275862,0.7626660912912933,0.5333333333333333,0.0,0.0,0.0,0.0,2002,clin,0.8
5,5,lr1e-04_bs32_modL1_fusion32_fusionL1_drop0p2_trmiss80_trlocclin,32,0.0001,1,32,1,0.2,lr1e-04_bs32_modL1_fusion32_fusionL1_drop0p2_trmiss80_trlocclin,27,0.49969908595085144,0.6992246210575104,0.6336206896551724,0.7638851567163993,0.5333333333333333,0.0,0.0,0.0,0.0,2002,clin,0.8
5,5,lr1e-04_bs32_modL1_fusion32_fusionL1_drop0p2_trmiss80_trlocclin,32,0.0001,1,32,1,0.2,lr1e-04_bs32_modL1_fusion32_fusionL1_drop0p2_trmiss80_trlocclin,28,0.5163894146680832,0.6992509067058563,0.625,0.7588989579890555,0.5555555555555556,0.0,0.0,0.0,0.0,2002,clin,0.8
5,5,lr1e-04_bs32_modL1_fusion32_fusionL1_drop0p2_trmiss80_trlocclin,32,0.0001,1,32,1,0.2,lr1e-04_bs32_modL1_fusion32_fusionL1_drop0p2_trmiss80_trlocclin,29,0.49179676671822864,0.6976031064987183,0.6293103448275863,0.7634774227068455,0.5555555555555556,0.0,0.0,0.0,0.0,2002,clin,0.8
5,5,lr1e-04_bs32_modL1_fusion32_fusionL1_drop0p2_trmiss80_trlocclin,32,0.0001,1,32,1,0.2,lr1e-04_bs32_modL1_fusion32_fusionL1_drop0p2_trmiss80_trlocclin,30,0.4942534913619359,0.7024655640125275,0.6314655172413792,0.7618678536486858,0.5555555555555556,0.0,0.0,0.0,0.0,2002,clin,0.8
5,5,lr1e-04_bs32_modL1_fusion32_fusionL1_drop0p2_trmiss80_trlocclin,32,0.0001,1,32,1,0.2,lr1e-04_bs32_modL1_fusion32_fusionL1_drop0p2_trmiss80_trlocclin,31,0.49173420170942944,0.7016581594944,0.6228448275862069,0.7559549060922837,0.5777777777777777,0.0,0.0,0.0,0.0,2002,clin,0.8
5,5,lr1e-04_bs32_modL1_fusion32_fusionL1_drop0p2_trmiss80_trlocclin,32,0.0001,1,32,1,0.2,lr1e-04_bs32_modL1_fusion32_fusionL1_drop0p2_trmiss80_trlocclin,32,0.47780834635098773,0.6947037279605865,0.6185344827586208,0.755190800353533,0.5555555555555556,0.0,0.0,0.0,0.0,2002,clin,0.8
5,5,lr1e-04_bs32_modL1_fusion32_fusionL1_drop0p2_trmiss80_trlocclin,32,0.0001,1,32,1,0.2,lr1e-04_bs32_modL1_fusion32_fusionL1_drop0p2_trmiss80_trlocclin,33,0.4752109150091807,0.6913458704948425,0.6142241379310345,0.7539525664371147,0.5777777777777777,0.0,0.0,0.0,0.0,2002,clin,0.8
5,5,lr1e-04_bs32_modL1_fusion32_fusionL1_drop0p2_trmiss80_trlocclin,32,0.0001,1,32,1,0.2,lr1e-04_bs32_modL1_fusion32_fusionL1_drop0p2_trmiss80_trlocclin,34,0.4752603967984517,0.6903030872344971,0.6293103448275863,0.7602827006362762,0.5777777777777777,0.0,0.0,0.0,0.0,2002,clin,0.8
5,5,lr1e-04_bs32_modL1_fusion32_fusionL1_drop0p2_trmiss80_trlocclin,32,0.0001,1,32,1,0.2,lr1e-04_bs32_modL1_fusion32_fusionL1_drop0p2_trmiss80_trlocclin,35,0.4692033330599467,0.6917704343795776,0.6271551724137931,0.7581707500189343,0.5777777777777777,0.0,0.0,0.0,0.0,2002,clin,0.8
5,5,lr1e-04_bs32_modL1_fusion32_fusionL1_drop0p2_trmiss80_trlocclin,32,0.0001,1,32,1,0.2,lr1e-04_bs32_modL1_fusion32_fusionL1_drop0p2_trmiss80_trlocclin,36,0.4766799360513687,0.6973152756690979,0.6142241379310345,0.752198167239986,0.5777777777777777,0.0,0.0,0.0,0.0,2002,clin,0.8
5,5,lr1e-04_bs32_modL1_fusion32_fusionL1_drop0p2_trmiss80_trlocclin,32,0.0001,1,32,1,0.2,lr1e-04_bs32_modL1_fusion32_fusionL1_drop0p2_trmiss80_trlocclin,37,0.4763837605714798,0.6997097134590149,0.6099137931034483,0.7550167939124397,0.5777777777777777,0.0,0.0,0.0,0.0,2002,clin,0.8
5,5,lr1e-04_bs32_modL1_fusion32_fusionL1_drop0p2_trmiss80_trlocclin,32,0.0001,1,32,1,0.2,lr1e-04_bs32_modL1_fusion32_fusionL1_drop0p2_trmiss80_trlocclin,38,0.4659583469231923,0.6970959305763245,0.6142241379310344,0.7555303462051155,0.5777777777777777,0.0,0.0,0.0,0.0,2002,clin,0.8
5,5,lr1e-04_bs32_modL1_fusion32_fusionL1_drop0p2_trmiss80_trlocclin,32,0.0001,1,32,1,0.2,lr1e-04_bs32_modL1_fusion32_fusionL1_drop0p2_trmiss80_trlocclin,39,0.4448549747467041,0.6940250992774963,0.6142241379310345,0.7546287436263486,0.5777777777777777,0.0,0.0,0.0,0.0,2002,clin,0.8
5,5,lr1e-04_bs32_modL1_fusion32_fusionL1_drop0p2_trmiss80_trlocclin,32,0.0001,1,32,1,0.2,lr1e-04_bs32_modL1_fusion32_fusionL1_drop0p2_trmiss80_trlocclin,40,0.4632344643274943,0.6956696212291718,0.6163793103448275,0.751529689790666,0.5777777777777777,0.0,0.0,0.0,0.0,2002,clin,0.8
5,5,lr1e-04_bs32_modL1_fusion32_fusionL1_drop0p2_trmiss80_trlocclin,32,0.0001,1,32,1,0.2,lr1e-04_bs32_modL1_fusion32_fusionL1_drop0p2_trmiss80_trlocclin,41,0.4631327937046687,0.7006959915161133,0.6077586206896551,0.7424175507736519,0.5777777777777777,0.0,0.0,0.0,0.0,2002,clin,0.8
5,5,lr1e-04_bs32_modL1_fusion32_fusionL1_drop0p2_trmiss80_trlocclin,32,0.0001,1,32,1,0.2,lr1e-04_bs32_modL1_fusion32_fusionL1_drop0p2_trmiss80_trlocclin,42,0.4426601976156235,0.6964458525180817,0.5948275862068966,0.7377034701835135,0.5555555555555556,0.0,0.0,0.0,0.0,2002,clin,0.8
5,5,lr1e-04_bs32_modL1_fusion32_fusionL1_drop0p2_trmiss80_trlocclin,32,0.0001,1,32,1,0.2,lr1e-04_bs32_modL1_fusion32_fusionL1_drop0p2_trmiss80_trlocclin,43,0.4541643559932709,0.699673593044281,0.6056034482758621,0.7416841079843339,0.5333333333333333,0.0,0.0,0.0,0.0,2002,clin,0.8
5,5,lr1e-04_bs32_modL1_fusion32_fusionL1_drop0p2_trmiss80_trlocclin,32,0.0001,1,32,1,0.2,lr1e-04_bs32_modL1_fusion32_fusionL1_drop0p2_trmiss80_trlocclin,44,0.44167418281237286,0.7000677585601807,0.6120689655172413,0.7450935062132991,0.5555555555555556,0.0,0.0,0.0,0.0,2002,clin,0.8
5,5,lr1e-04_bs32_modL1_fusion32_fusionL1_drop0p2_trmiss80_trlocclin,32,0.0001,1,32,1,0.2,lr1e-04_bs32_modL1_fusion32_fusionL1_drop0p2_trmiss80_trlocclin,45,0.4495569219191869,0.6987317204475403,0.6099137931034483,0.7456929937042673,0.5555555555555556,0.0,0.0,0.0,0.0,2002,clin,0.8
5,5,lr1e-04_bs32_modL1_fusion32_fusionL1_drop0p2_trmiss80_trlocclin,32,0.0001,1,32,1,0.2,lr1e-04_bs32_modL1_fusion32_fusionL1_drop0p2_trmiss80_trlocclin,46,0.44405128061771393,0.6994265019893646,0.6142241379310345,0.7475311150800363,0.5555555555555556,0.0,0.0,0.0,0.0,2002,clin,0.8
5,5,lr1e-04_bs32_modL1_fusion32_fusionL1_drop0p2_trmiss80_trlocclin,32,0.0001,1,32,1,0.2,lr1e-04_bs32_modL1_fusion32_fusionL1_drop0p2_trmiss80_trlocclin,47,0.42236267030239105,0.6943615674972534,0.6142241379310345,0.7475311150800363,0.5555555555555556,0.0,0.0,0.0,0.0,2002,clin,0.8
5,5,lr1e-04_bs32_modL1_fusion32_fusionL1_drop0p1_trmiss80_trlocclin,32,0.0001,1,32,1,0.1,lr1e-04_bs32_modL1_fusion32_fusionL1_drop0p1_trmiss80_trlocclin,1,0.7156062920888265,0.6856220960617065,0.6271551724137931,0.7187163252490328,0.6,0.0,0.0,0.0,0.0,2002,clin,0.8
5,5,lr1e-04_bs32_modL1_fusion32_fusionL1_drop0p1_trmiss80_trlocclin,32,0.0001,1,32,1,0.1,lr1e-04_bs32_modL1_fusion32_fusionL1_drop0p1_trmiss80_trlocclin,2,0.6459745864073435,0.6771562397480011,0.6357758620689655,0.7308970183031054,0.6222222222222222,0.0,0.0,0.0,0.0,2002,clin,0.8
5,5,lr1e-04_bs32_modL1_fusion32_fusionL1_drop0p1_trmiss80_trlocclin,32,0.0001,1,32,1,0.1,lr1e-04_bs32_modL1_fusion32_fusionL1_drop0p1_trmiss80_trlocclin,3,0.5933573146661123,0.664410412311554,0.6810344827586207,0.7692910620642825,0.6444444444444445,0.0,0.0,0.0,0.0,2002,clin,0.8
5,5,lr1e-04_bs32_modL1_fusion32_fusionL1_drop0p1_trmiss80_trlocclin,32,0.0001,1,32,1,0.1,lr1e-04_bs32_modL1_fusion32_fusionL1_drop0p1_trmiss80_trlocclin,4,0.5646890501181284,0.6509613394737244,0.7327586206896551,0.801210546288361,0.6888888888888889,0.0,0.0,0.0,0.0,2002,clin,0.8
5,5,lr1e-04_bs32_modL1_fusion32_fusionL1_drop0p1_trmiss80_trlocclin,32,0.0001,1,32,1,0.1,lr1e-04_bs32_modL1_fusion32_fusionL1_drop0p1_trmiss80_trlocclin,5,0.5406498809655508,0.6431613862514496,0.7435344827586207,0.8043291411905094,0.6888888888888889,0.0,0.0,0.0,0.0,2002,clin,0.8
5,5,lr1e-04_bs32_modL1_fusion32_fusionL1_drop0p1_trmiss80_trlocclin,32,0.0001,1,32,1,0.1,lr1e-04_bs32_modL1_fusion32_fusionL1_drop0p1_trmiss80_trlocclin,6,0.5373424192269644,0.6390107870101929,0.7262931034482759,0.7917904184185944,0.7111111111111111,0.0,0.0,0.0,0.0,2002,clin,0.8
5,5,lr1e-04_bs32_modL1_fusion32_fusionL1_drop0p1_trmiss80_trlocclin,32,0.0001,1,32,1,0.1,lr1e-04_bs32_modL1_fusion32_fusionL1_drop0p1_trmiss80_trlocclin,7,0.5027117679516474,0.6373901665210724,0.7176724137931035,0.782456003403792,0.6888888888888889,0.0,0.0,0.0,0.0,2002,clin,0.8
5,5,lr1e-04_bs32_modL1_fusion32_fusionL1_drop0p1_trmiss80_trlocclin,32,0.0001,1,32,1,0.1,lr1e-04_bs32_modL1_fusion32_fusionL1_drop0p1_trmiss80_trlocclin,8,0.4946756263573964,0.6377949714660645,0.7133620689655172,0.7798017130926962,0.6888888888888889,0.0,0.0,0.0,0.0,2002,clin,0.8
5,5,lr1e-04_bs32_modL1_fusion32_fusionL1_drop0p1_trmiss80_trlocclin,32,0.0001,1,32,1,0.1,lr1e-04_bs32_modL1_fusion32_fusionL1_drop0p1_trmiss80_trlocclin,9,0.4884361078341802,0.6335485279560089,0.7047413793103449,0.8025289550439184,0.6888888888888889,0.0,0.0,0.0,0.0,2002,clin,0.8
5,5,lr1e-04_bs32_modL1_fusion32_fusionL1_drop0p1_trmiss80_trlocclin,32,0.0001,1,32,1,0.1,lr1e-04_bs32_modL1_fusion32_fusionL1_drop0p1_trmiss80_trlocclin,10,0.47337186833222705,0.6304573118686676,0.7090517241379309,0.8002273321565933,0.6444444444444445,0.0,0.0,0.0,0.0,2002,clin,0.8
5,5,lr1e-04_bs32_modL1_fusion32_fusionL1_drop0p1_trmiss80_trlocclin,32,0.0001,1,32,1,0.1,lr1e-04_bs32_modL1_fusion32_fusionL1_drop0p1_trmiss80_trlocclin,11,0.45918533205986023,0.6266102194786072,0.709051724137931,0.7989019664442204,0.7111111111111111,0.0,0.0,0.0,0.0,2002,clin,0.8
5,5,lr1e-04_bs32_modL1_fusion32_fusionL1_drop0p1_trmiss80_trlocclin,32,0.0001,1,32,1,0.1,lr1e-04_bs32_modL1_fusion32_fusionL1_drop0p1_trmiss80_trlocclin,12,0.45610329508781433,0.6214111149311066,0.7133620689655172,0.804821348083662,0.6666666666666666,0.0,0.0,0.0,0.0,2002,clin,0.8
5,5,lr1e-04_bs32_modL1_fusion32_fusionL1_drop0p1_trmiss80_trlocclin,32,0.0001,1,32,1,0.1,lr1e-04_bs32_modL1_fusion32_fusionL1_drop0p1_trmiss80_trlocclin,13,0.42466799914836884,0.6167261898517609,0.7198275862068966,0.8133574773840214,0.6666666666666666,0.0,0.0,0.0,0.0,2002,clin,0.8
5,5,lr1e-04_bs32_modL1_fusion32_fusionL1_drop0p1_trmiss80_trlocclin,32,0.0001,1,32,1,0.1,lr1e-04_bs32_modL1_fusion32_fusionL1_drop0p1_trmiss80_trlocclin,14,0.41960278153419495,0.6152747273445129,0.7155172413793103,0.8110025519937122,0.6888888888888889,0.0,0.0,0.0,0.0,2002,clin,0.8
5,5,lr1e-04_bs32_modL1_fusion32_fusionL1_drop0p1_trmiss80_trlocclin,32,0.0001,1,32,1,0.1,lr1e-04_bs32_modL1_fusion32_fusionL1_drop0p1_trmiss80_trlocclin,15,0.42366323868433636,0.6092267036437988,0.7198275862068966,0.8108888464994152,0.7111111111111111,0.0,0.0,0.0,0.0,2002,clin,0.8
5,5,lr1e-04_bs32_modL1_fusion32_fusionL1_drop0p1_trmiss80_trlocclin,32,0.0001,1,32,1,0.1,lr1e-04_bs32_modL1_fusion32_fusionL1_drop0p1_trmiss80_trlocclin,16,0.40677372614542645,0.6088490188121796,0.7112068965517242,0.8088121697159617,0.6444444444444445,0.0,0.0,0.0,0.0,2002,clin,0.8
5,5,lr1e-04_bs32_modL1_fusion32_fusionL1_drop0p1_trmiss80_trlocclin,32,0.0001,1,32,1,0.1,lr1e-04_bs32_modL1_fusion32_fusionL1_drop0p1_trmiss80_trlocclin,17,0.396614208817482,0.60544154047966,0.7068965517241379,0.8041693746381288,0.6666666666666666,0.0,0.0,0.0,0.0,2002,clin,0.8
5,5,lr1e-04_bs32_modL1_fusion32_fusionL1_drop0p1_trmiss80_trlocclin,32,0.0001,1,32,1,0.1,lr1e-04_bs32_modL1_fusion32_fusionL1_drop0p1_trmiss80_trlocclin,18,0.3794006109237671,0.6017715930938721,0.7047413793103449,0.803613441725782,0.6222222222222222,0.0,0.0,0.0,0.0,2002,clin,0.8
5,5,lr1e-04_bs32_modL1_fusion32_fusionL1_drop0p1_trmiss80_trlocclin,32,0.0001,1,32,1,0.1,lr1e-04_bs32_modL1_fusion32_fusionL1_drop0p1_trmiss80_trlocclin,19,0.3822265366713206,0.5975560545921326,0.7112068965517242,0.8168686216581387,0.6666666666666666,0.0,0.0,0.0,0.0,2002,clin,0.8
5,5,lr1e-04_bs32_modL1_fusion32_fusionL1_drop0p1_trmiss80_trlocclin,32,0.0001,1,32,1,0.1,lr1e-04_bs32_modL1_fusion32_fusionL1_drop0p1_trmiss80_trlocclin,20,0.3716031610965729,0.5950455367565155,0.7155172413793104,0.8349312002016609,0.6666666666666666,0.0,0.0,0.0,0.0,2002,clin,0.8
5,5,lr1e-04_bs32_modL1_fusion32_fusionL1_drop0p1_trmiss80_trlocclin,32,0.0001,1,32,1,0.1,lr1e-04_bs32_modL1_fusion32_fusionL1_drop0p1_trmiss80_trlocclin,21,0.3637905071179072,0.5912764668464661,0.728448275862069,0.8446706585159032,0.6888888888888889,0.0,0.0,0.0,0.0,2002,clin,0.8
5,5,lr1e-04_bs32_modL1_fusion32_fusionL1_drop0p1_trmiss80_trlocclin,32,0.0001,1,32,1,0.1,lr1e-04_bs32_modL1_fusion32_fusionL1_drop0p1_trmiss80_trlocclin,22,0.3701773484547933,0.5909183621406555,0.7262931034482759,0.8392351890716672,0.6222222222222222,0.0,0.0,0.0,0.0,2002,clin,0.8
5,5,lr1e-04_bs32_modL1_fusion32_fusionL1_drop0p1_trmiss80_trlocclin,32,0.0001,1,32,1,0.1,lr1e-04_bs32_modL1_fusion32_fusionL1_drop0p1_trmiss80_trlocclin,23,0.3482654243707657,0.5966466963291168,0.7155172413793104,0.8234736329562089,0.6222222222222222,0.0,0.0,0.0,0.0,2002,clin,0.8
5,5,lr1e-04_bs32_modL1_fusion32_fusionL1_drop0p1_trmiss80_trlocclin,32,0.0001,1,32,1,0.1,lr1e-04_bs32_modL1_fusion32_fusionL1_drop0p1_trmiss80_trlocclin,24,0.35569186011950177,0.5941950380802155,0.7112068965517241,0.8199492239698903,0.6666666666666666,0.0,0.0,0.0,0.0,2002,clin,0.8
5,5,lr1e-04_bs32_modL1_fusion32_fusionL1_drop0p1_trmiss80_trlocclin,32,0.0001,1,32,1,0.1,lr1e-04_bs32_modL1_fusion32_fusionL1_drop0p1_trmiss80_trlocclin,25,0.34091635048389435,0.5920117497444153,0.709051724137931,0.8372912408519901,0.6666666666666666,0.0,0.0,0.0,0.0,2002,clin,0.8
5,5,lr1e-04_bs32_modL1_fusion64_fusionL1_drop0p2_trmiss80_trlocclin,32,0.0001,1,64,1,0.2,lr1e-04_bs32_modL1_fusion64_fusionL1_drop0p2_trmiss80_trlocclin,1,0.6788906256357828,0.6567107737064362,0.6702586206896552,0.8222180505172996,0.6666666666666666,0.0,0.0,0.0,0.0,2002,clin,0.8
5,5,lr1e-04_bs32_modL1_fusion64_fusionL1_drop0p2_trmiss80_trlocclin,32,0.0001,1,64,1,0.2,lr1e-04_bs32_modL1_fusion64_fusionL1_drop0p2_trmiss80_trlocclin,2,0.6347703337669373,0.6492159068584442,0.6508620689655171,0.7817877995101199,0.6666666666666666,0.0,0.0,0.0,0.0,2002,clin,0.8
5,5,lr1e-04_bs32_modL1_fusion64_fusionL1_drop0p2_trmiss80_trlocclin,32,0.0001,1,64,1,0.2,lr1e-04_bs32_modL1_fusion64_fusionL1_drop0p2_trmiss80_trlocclin,3,0.6301771104335785,0.6417556703090668,0.6357758620689655,0.760135692287306,0.6666666666666666,0.0,0.0,0.0,0.0,2002,clin,0.8
5,5,lr1e-04_bs32_modL1_fusion64_fusionL1_drop0p2_trmiss80_trlocclin,32,0.0001,1,64,1,0.2,lr1e-04_bs32_modL1_fusion64_fusionL1_drop0p2_trmiss80_trlocclin,4,0.5958393017450968,0.635658860206604,0.6271551724137931,0.7499354437859517,0.6444444444444445,0.0,0.0,0.0,0.0,2002,clin,0.8
5,5,lr1e-04_bs32_modL1_fusion64_fusionL1_drop0p2_trmiss80_trlocclin,32,0.0001,1,64,1,0.2,lr1e-04_bs32_modL1_fusion64_fusionL1_drop0p2_trmiss80_trlocclin,5,0.5871057510375977,0.6344533860683441,0.6185344827586208,0.7477823889878573,0.6222222222222222,0.0,0.0,0.0,0.0,2002,clin,0.8
5,5,lr1e-04_bs32_modL1_fusion64_fusionL1_drop0p2_trmiss80_trlocclin,32,0.0001,1,64,1,0.2,lr1e-04_bs32_modL1_fusion64_fusionL1_drop0p2_trmiss80_trlocclin,6,0.5494851768016815,0.6311825513839722,0.625,0.7568068013687431,0.6222222222222222,0.0,0.0,0.0,0.0,2002,clin,0.8
5,5,lr1e-04_bs32_modL1_fusion64_fusionL1_drop0p2_trmiss80_trlocclin,32,0.0001,1,64,1,0.2,lr1e-04_bs32_modL1_fusion64_fusionL1_drop0p2_trmiss80_trlocclin,7,0.5450771947701772,0.6278574168682098,0.625,0.759839007736329,0.6,0.0,0.0,0.0,0.0,2002,clin,0.8
5,5,lr1e-04_bs32_modL1_fusion64_fusionL1_drop0p2_trmiss80_trlocclin,32,0.0001,1,64,1,0.2,lr1e-04_bs32_modL1_fusion64_fusionL1_drop0p2_trmiss80_trlocclin,8,0.5394197404384613,0.6270080208778381,0.6314655172413792,0.7723732130790643,0.6,0.0,0.0,0.0,0.0,2002,clin,0.8
5,5,lr1e-04_bs32_modL1_fusion64_fusionL1_drop0p2_trmiss80_trlocclin,32,0.0001,1,64,1,0.2,lr1e-04_bs32_modL1_fusion64_fusionL1_drop0p2_trmiss80_trlocclin,9,0.5291548520326614,0.6255427300930023,0.6271551724137931,0.7664092122167984,0.6,0.0,0.0,0.0,0.0,2002,clin,0.8
5,5,lr1e-04_bs32_modL1_fusion64_fusionL1_drop0p2_trmiss80_trlocclin,32,0.0001,1,64,1,0.2,lr1e-04_bs32_modL1_fusion64_fusionL1_drop0p2_trmiss80_trlocclin,10,0.5081990957260132,0.6213342249393463,0.6379310344827587,0.7791015326065566,0.6,0.0,0.0,0.0,0.0,2002,clin,0.8
5,5,lr1e-04_bs32_modL1_fusion64_fusionL1_drop0p2_trmiss80_trlocclin,32,0.0001,1,64,1,0.2,lr1e-04_bs32_modL1_fusion64_fusionL1_drop0p2_trmiss80_trlocclin,11,0.4939887622992198,0.6152317821979523,0.6551724137931034,0.7860454367848405,0.6444444444444445,0.0,0.0,0.0,0.0,2002,clin,0.8
5,5,lr1e-04_bs32_modL1_fusion64_fusionL1_drop0p2_trmiss80_trlocclin,32,0.0001,1,64,1,0.2,lr1e-04_bs32_modL1_fusion64_fusionL1_drop0p2_trmiss80_trlocclin,12,0.4940786510705948,0.615245908498764,0.6487068965517241,0.784986973644846,0.6444444444444445,0.0,0.0,0.0,0.0,2002,clin,0.8
5,5,lr1e-04_bs32_modL1_fusion64_fusionL1_drop0p2_trmiss80_trlocclin,32,0.0001,1,64,1,0.2,lr1e-04_bs32_modL1_fusion64_fusionL1_drop0p2_trmiss80_trlocclin,13,0.4866086592276891,0.6130819618701935,0.6487068965517241,0.7754747934217453,0.6222222222222222,0.0,0.0,0.0,0.0,2002,clin,0.8
5,5,lr1e-04_bs32_modL1_fusion64_fusionL1_drop0p2_trmiss80_trlocclin,32,0.0001,1,64,1,0.2,lr1e-04_bs32_modL1_fusion64_fusionL1_drop0p2_trmiss80_trlocclin,14,0.46675504744052887,0.6101086735725403,0.6551724137931034,0.7734062058982362,0.6444444444444445,0.0,0.0,0.0,0.0,2002,clin,0.8
5,5,lr1e-04_bs32_modL1_fusion64_fusionL1_drop0p2_trmiss80_trlocclin,32,0.0001,1,64,1,0.2,lr1e-04_bs32_modL1_fusion64_fusionL1_drop0p2_trmiss80_trlocclin,15,0.4479890863100688,0.605836808681488,0.6594827586206896,0.7790537945655381,0.6444444444444445,0.0,0.0,0.0,0.0,2002,clin,0.8
5,5,lr1e-04_bs32_modL1_fusion64_fusionL1_drop0p2_trmiss80_trlocclin,32,0.0001,1,64,1,0.2,lr1e-04_bs32_modL1_fusion64_fusionL1_drop0p2_trmiss80_trlocclin,16,0.4361101935307185,0.6026324331760406,0.6745689655172414,0.7795094718018488,0.6666666666666666,0.0,0.0,0.0,0.0,2002,clin,0.8
5,5,lr1e-04_bs32_modL1_fusion64_fusionL1_drop0p2_trmiss80_trlocclin,32,0.0001,1,64,1,0.2,lr1e-04_bs32_modL1_fusion64_fusionL1_drop0p2_trmiss80_trlocclin,17,0.42664434512456256,0.6032788455486298,0.6939655172413793,0.7869171684008965,0.6888888888888889,0.0,0.0,0.0,0.0,2002,clin,0.8
5,5,lr1e-04_bs32_modL1_fusion64_fusionL1_drop0p2_trmiss80_trlocclin,32,0.0001,1,64,1,0.2,lr1e-04_bs32_modL1_fusion64_fusionL1_drop0p2_trmiss80_trlocclin,18,0.42549923062324524,0.6029857099056244,0.6853448275862069,0.7874487053153915,0.6444444444444445,0.0,0.0,0.0,0.0,2002,clin,0.8
5,5,lr1e-04_bs32_modL1_fusion64_fusionL1_drop0p2_trmiss80_trlocclin,32,0.0001,1,64,1,0.2,lr1e-04_bs32_modL1_fusion64_fusionL1_drop0p2_trmiss80_trlocclin,19,0.4137847224871318,0.6000218093395233,0.689655172413793,0.7919333324120298,0.6888888888888889,0.0,0.0,0.0,0.0,2002,clin,0.8
5,5,lr1e-04_bs32_modL1_fusion64_fusionL1_drop0p2_trmiss80_trlocclin,32,0.0001,1,64,1,0.2,lr1e-04_bs32_modL1_fusion64_fusionL1_drop0p2_trmiss80_trlocclin,20,0.4092823068300883,0.5972269177436829,0.6831896551724138,0.7883886342403122,0.7111111111111111,0.0,0.0,0.0,0.0,2002,clin,0.8
5,5,lr1e-04_bs32_modL1_fusion64_fusionL1_drop0p2_trmiss80_trlocclin,32,0.0001,1,64,1,0.2,lr1e-04_bs32_modL1_fusion64_fusionL1_drop0p2_trmiss80_trlocclin,21,0.38775518039862317,0.5955589711666107,0.6831896551724137,0.78633831632533,0.6888888888888889,0.0,0.0,0.0,0.0,2002,clin,0.8
5,5,lr1e-04_bs32_modL1_fusion64_fusionL1_drop0p2_trmiss80_trlocclin,32,0.0001,1,64,1,0.2,lr1e-04_bs32_modL1_fusion64_fusionL1_drop0p2_trmiss80_trlocclin,22,0.3832271844148636,0.598721981048584,0.6745689655172413,0.7807042120051785,0.6666666666666666,0.0,0.0,0.0,0.0,2002,clin,0.8
5,5,lr1e-04_bs32_modL1_fusion64_fusionL1_drop0p2_trmiss80_trlocclin,32,0.0001,1,64,1,0.2,lr1e-04_bs32_modL1_fusion64_fusionL1_drop0p2_trmiss80_trlocclin,23,0.3738806794087092,0.5965853035449982,0.6767241379310345,0.7841745435657753,0.6444444444444445,0.0,0.0,0.0,0.0,2002,clin,0.8
5,5,lr1e-04_bs32_modL1_fusion64_fusionL1_drop0p2_trmiss80_trlocclin,32,0.0001,1,64,1,0.2,lr1e-04_bs32_modL1_fusion64_fusionL1_drop0p2_trmiss80_trlocclin,24,0.3617069274187088,0.5945505201816559,0.6767241379310345,0.7841106375719397,0.6444444444444445,0.0,0.0,0.0,0.0,2002,clin,0.8
5,5,lr1e-04_bs32_modL1_fusion64_fusionL1_drop0p2_trmiss80_trlocclin,32,0.0001,1,64,1,0.2,lr1e-04_bs32_modL1_fusion64_fusionL1_drop0p2_trmiss80_trlocclin,25,0.3453396409749985,0.595853865146637,0.6702586206896551,0.7793863727563047,0.6888888888888889,0.0,0.0,0.0,0.0,2002,clin,0.8
5,5,lr1e-04_bs32_modL1_fusion64_fusionL1_drop0p2_trmiss80_trlocclin,32,0.0001,1,64,1,0.2,lr1e-04_bs32_modL1_fusion64_fusionL1_drop0p2_trmiss80_trlocclin,26,0.344222034017245,0.5954841077327728,0.6594827586206897,0.7621552232577745,0.6444444444444445,0.0,0.0,0.0,0.0,2002,clin,0.8
5,5,lr1e-04_bs32_modL1_fusion64_fusionL1_drop0p2_trmiss80_trlocclin,32,0.0001,1,64,1,0.2,lr1e-04_bs32_modL1_fusion64_fusionL1_drop0p2_trmiss80_trlocclin,27,0.3310154328743617,0.595165491104126,0.6487068965517241,0.7608424293865826,0.6444444444444445,0.0,0.0,0.0,0.0,2002,clin,0.8
5,5,lr1e-04_bs32_modL1_fusion64_fusionL1_drop0p2_trmiss80_trlocclin,32,0.0001,1,64,1,0.2,lr1e-04_bs32_modL1_fusion64_fusionL1_drop0p2_trmiss80_trlocclin,28,0.31829699873924255,0.5913476645946503,0.6594827586206896,0.7667634131384456,0.6444444444444445,0.0,0.0,0.0,0.0,2002,clin,0.8
5,5,lr1e-04_bs32_modL1_fusion64_fusionL1_drop0p2_trmiss80_trlocclin,32,0.0001,1,64,1,0.2,lr1e-04_bs32_modL1_fusion64_fusionL1_drop0p2_trmiss80_trlocclin,29,0.3093648701906204,0.5906805396080017,0.6745689655172413,0.7753720045850007,0.6444444444444445,0.0,0.0,0.0,0.0,2002,clin,0.8
5,5,lr1e-04_bs32_modL1_fusion64_fusionL1_drop0p2_trmiss80_trlocclin,32,0.0001,1,64,1,0.2,lr1e-04_bs32_modL1_fusion64_fusionL1_drop0p2_trmiss80_trlocclin,30,0.31122463444868725,0.5940789580345154,0.6724137931034483,0.7723735443564629,0.6444444444444445,0.0,0.0,0.0,0.0,2002,clin,0.8
5,5,lr1e-04_bs32_modL1_fusion64_fusionL1_drop0p2_trmiss80_trlocclin,32,0.0001,1,64,1,0.2,lr1e-04_bs32_modL1_fusion64_fusionL1_drop0p2_trmiss80_trlocclin,31,0.29307588934898376,0.5909229516983032,0.6702586206896551,0.776881488748291,0.6444444444444445,0.0,0.0,0.0,0.0,2002,clin,0.8
5,5,lr1e-04_bs32_modL1_fusion64_fusionL1_drop0p2_trmiss80_trlocclin,32,0.0001,1,64,1,0.2,lr1e-04_bs32_modL1_fusion64_fusionL1_drop0p2_trmiss80_trlocclin,32,0.29481056332588196,0.5858723223209381,0.6831896551724138,0.7798355720002282,0.6666666666666666,0.0,0.0,0.0,0.0,2002,clin,0.8
5,5,lr1e-04_bs32_modL1_fusion64_fusionL1_drop0p2_trmiss80_trlocclin,32,0.0001,1,64,1,0.2,lr1e-04_bs32_modL1_fusion64_fusionL1_drop0p2_trmiss80_trlocclin,33,0.3064050575097402,0.578652024269104,0.6831896551724138,0.7772301268524372,0.6666666666666666,0.0,0.0,0.0,0.0,2002,clin,0.8
5,5,lr1e-04_bs32_modL1_fusion64_fusionL1_drop0p2_trmiss80_trlocclin,32,0.0001,1,64,1,0.2,lr1e-04_bs32_modL1_fusion64_fusionL1_drop0p2_trmiss80_trlocclin,34,0.28252876301606494,0.5849480628967285,0.6594827586206896,0.7718519268813672,0.6888888888888889,0.0,0.0,0.0,0.0,2002,clin,0.8
5,5,lr1e-04_bs32_modL1_fusion64_fusionL1_drop0p2_trmiss80_trlocclin,32,0.0001,1,64,1,0.2,lr1e-04_bs32_modL1_fusion64_fusionL1_drop0p2_trmiss80_trlocclin,35,0.2774740954240163,0.5799814462661743,0.6702586206896551,0.7706725434920232,0.6666666666666666,0.0,0.0,0.0,0.0,2002,clin,0.8
5,5,lr1e-04_bs32_modL1_fusion64_fusionL1_drop0p2_trmiss80_trlocclin,32,0.0001,1,64,1,0.2,lr1e-04_bs32_modL1_fusion64_fusionL1_drop0p2_trmiss80_trlocclin,36,0.2673838486274083,0.582429975271225,0.6767241379310345,0.7681084167811464,0.6888888888888889,0.0,0.0,0.0,0.0,2002,clin,0.8
5,5,lr1e-04_bs32_modL1_fusion64_fusionL1_drop0p2_trmiss80_trlocclin,32,0.0001,1,64,1,0.2,lr1e-04_bs32_modL1_fusion64_fusionL1_drop0p2_trmiss80_trlocclin,37,0.26520536839962006,0.5924851596355438,0.6594827586206896,0.7681571457391808,0.6444444444444445,0.0,0.0,0.0,0.0,2002,clin,0.8
5,5,lr1e-04_bs32_modL1_fusion64_fusionL1_drop0p1_trmiss80_trlocclin,32,0.0001,1,64,1,0.1,lr1e-04_bs32_modL1_fusion64_fusionL1_drop0p1_trmiss80_trlocclin,1,0.7057497799396515,0.6816052794456482,0.5129310344827586,0.6513958212449653,0.5777777777777777,0.0,0.0,0.0,0.0,2002,clin,0.8
5,5,lr1e-04_bs32_modL1_fusion64_fusionL1_drop0p1_trmiss80_trlocclin,32,0.0001,1,64,1,0.1,lr1e-04_bs32_modL1_fusion64_fusionL1_drop0p1_trmiss80_trlocclin,2,0.6425418555736542,0.679567962884903,0.5237068965517241,0.6950483454761195,0.6,0.0,0.0,0.0,0.0,2002,clin,0.8
5,5,lr1e-04_bs32_modL1_fusion64_fusionL1_drop0p1_trmiss80_trlocclin,32,0.0001,1,64,1,0.1,lr1e-04_bs32_modL1_fusion64_fusionL1_drop0p1_trmiss80_trlocclin,3,0.5889491438865662,0.6703737378120422,0.5387931034482758,0.731328626397961,0.5777777777777777,0.0,0.0,0.0,0.0,2002,clin,0.8
5,5,lr1e-04_bs32_modL1_fusion64_fusionL1_drop0p1_trmiss80_trlocclin,32,0.0001,1,64,1,0.1,lr1e-04_bs32_modL1_fusion64_fusionL1_drop0p1_trmiss80_trlocclin,4,0.5722645421822866,0.6593300402164459,0.5560344827586208,0.7529162266684326,0.5777777777777777,0.0,0.0,0.0,0.0,2002,clin,0.8
5,5,lr1e-04_bs32_modL1_fusion64_fusionL1_drop0p1_trmiss80_trlocclin,32,0.0001,1,64,1,0.1,lr1e-04_bs32_modL1_fusion64_fusionL1_drop0p1_trmiss80_trlocclin,5,0.5618354181448618,0.6496977806091309,0.5560344827586207,0.7538318913391002,0.5333333333333333,0.0,0.0,0.0,0.0,2002,clin,0.8
5,5,lr1e-04_bs32_modL1_fusion64_fusionL1_drop0p1_trmiss80_trlocclin,32,0.0001,1,64,1,0.1,lr1e-04_bs32_modL1_fusion64_fusionL1_drop0p1_trmiss80_trlocclin,6,0.5276461044947306,0.6411063373088837,0.5732758620689655,0.7628232467915796,0.5555555555555556,0.0,0.0,0.0,0.0,2002,clin,0.8
5,5,lr1e-04_bs32_modL1_fusion64_fusionL1_drop0p1_trmiss80_trlocclin,32,0.0001,1,64,1,0.1,lr1e-04_bs32_modL1_fusion64_fusionL1_drop0p1_trmiss80_trlocclin,7,0.4924909671147664,0.6388460397720337,0.5646551724137931,0.7534190040367199,0.5333333333333333,0.0,0.0,0.0,0.0,2002,clin,0.8
5,5,lr1e-04_bs32_modL1_fusion64_fusionL1_drop0p1_trmiss80_trlocclin,32,0.0001,1,64,1,0.1,lr1e-04_bs32_modL1_fusion64_fusionL1_drop0p1_trmiss80_trlocclin,8,0.4888048619031906,0.6367085874080658,0.5711206896551724,0.7549561120373003,0.5555555555555556,0.0,0.0,0.0,0.0,2002,clin,0.8
5,5,lr1e-04_bs32_modL1_fusion64_fusionL1_drop0p1_trmiss80_trlocclin,32,0.0001,1,64,1,0.1,lr1e-04_bs32_modL1_fusion64_fusionL1_drop0p1_trmiss80_trlocclin,9,0.47503562271595,0.6339964866638184,0.5711206896551725,0.7559749378331471,0.5555555555555556,0.0,0.0,0.0,0.0,2002,clin,0.8
5,5,lr1e-04_bs32_modL1_fusion64_fusionL1_drop0p1_trmiss80_trlocclin,32,0.0001,1,64,1,0.1,lr1e-04_bs32_modL1_fusion64_fusionL1_drop0p1_trmiss80_trlocclin,10,0.4579005589087804,0.635656327009201,0.5538793103448276,0.7451088800197965,0.5111111111111111,0.0,0.0,0.0,0.0,2002,clin,0.8
5,5,lr1e-04_bs32_modL1_fusion64_fusionL1_drop0p1_trmiss80_trlocclin,32,0.0001,1,64,1,0.1,lr1e-04_bs32_modL1_fusion64_fusionL1_drop0p1_trmiss80_trlocclin,11,0.43768701950709027,0.6355706453323364,0.5560344827586207,0.7501507614643479,0.5333333333333333,0.0,0.0,0.0,0.0,2002,clin,0.8
5,5,lr1e-04_bs32_modL1_fusion64_fusionL1_drop0p1_trmiss80_trlocclin,32,0.0001,1,64,1,0.1,lr1e-04_bs32_modL1_fusion64_fusionL1_drop0p1_trmiss80_trlocclin,12,0.43532174328962964,0.6314723193645477,0.5625,0.747804256534556,0.5111111111111111,0.0,0.0,0.0,0.0,2002,clin,0.8
5,5,lr1e-04_bs32_modL1_fusion64_fusionL1_drop0p1_trmiss80_trlocclin,32,0.0001,1,64,1,0.1,lr1e-04_bs32_modL1_fusion64_fusionL1_drop0p1_trmiss80_trlocclin,13,0.43267427384853363,0.6317570507526398,0.5668103448275862,0.7486679890224506,0.5333333333333333,0.0,0.0,0.0,0.0,2002,clin,0.8
5,5,lr1e-04_bs32_modL1_fusion64_fusionL1_drop0p1_trmiss80_trlocclin,32,0.0001,1,64,1,0.1,lr1e-04_bs32_modL1_fusion64_fusionL1_drop0p1_trmiss80_trlocclin,14,0.40437236428260803,0.6291744709014893,0.5754310344827587,0.7469849230338719,0.5777777777777777,0.0,0.0,0.0,0.0,2002,clin,0.8
5,5,lr1e-04_bs32_modL1_fusion64_fusionL1_drop0p1_trmiss80_trlocclin,32,0.0001,1,64,1,0.1,lr1e-04_bs32_modL1_fusion64_fusionL1_drop0p1_trmiss80_trlocclin,15,0.3919153958559036,0.6293184757232666,0.5818965517241379,0.7504037002574515,0.6,0.0,0.0,0.0,0.0,2002,clin,0.8
5,5,lr1e-04_bs32_modL1_fusion64_fusionL1_drop0p1_trmiss80_trlocclin,32,0.0001,1,64,1,0.1,lr1e-04_bs32_modL1_fusion64_fusionL1_drop0p1_trmiss80_trlocclin,16,0.38310477634270984,0.6261177361011505,0.5840517241379309,0.7502931399846193,0.6222222222222222,0.0,0.0,0.0,0.0,2002,clin,0.8
5,5,lr1e-04_bs32_modL1_fusion64_fusionL1_drop0p1_trmiss80_trlocclin,32,0.0001,1,64,1,0.1,lr1e-04_bs32_modL1_fusion64_fusionL1_drop0p1_trmiss80_trlocclin,17,0.3739987810452779,0.6214147210121155,0.5883620689655172,0.7524740427928251,0.6,0.0,0.0,0.0,0.0,2002,clin,0.8
5,5,lr1e-04_bs32_modL1_fusion64_fusionL1_drop0p1_trmiss80_trlocclin,32,0.0001,1,64,1,0.1,lr1e-04_bs32_modL1_fusion64_fusionL1_drop0p1_trmiss80_trlocclin,18,0.36564751466115314,0.6187531054019928,0.6012931034482758,0.7582035859165783,0.6222222222222222,0.0,0.0,0.0,0.0,2002,clin,0.8
5,5,lr1e-04_bs32_modL1_fusion64_fusionL1_drop0p1_trmiss80_trlocclin,32,0.0001,1,64,1,0.1,lr1e-04_bs32_modL1_fusion64_fusionL1_drop0p1_trmiss80_trlocclin,19,0.35789332290490466,0.6164965927600861,0.6163793103448275,0.7523972058191667,0.6666666666666666,0.0,0.0,0.0,0.0,2002,clin,0.8
5,5,lr1e-04_bs32_modL1_fusion64_fusionL1_drop0p1_trmiss80_trlocclin,32,0.0001,1,64,1,0.1,lr1e-04_bs32_modL1_fusion64_fusionL1_drop0p1_trmiss80_trlocclin,20,0.3355111976464589,0.6228141486644745,0.5969827586206897,0.7418925690321022,0.6666666666666666,0.0,0.0,0.0,0.0,2002,clin,0.8
5,5,lr1e-04_bs32_modL1_fusion64_fusionL1_drop0p1_trmiss80_trlocclin,32,0.0001,1,64,1,0.1,lr1e-04_bs32_modL1_fusion64_fusionL1_drop0p1_trmiss80_trlocclin,21,0.33228063583374023,0.6298855543136597,0.5797413793103448,0.7360719922904903,0.6666666666666666,0.0,0.0,0.0,0.0,2002,clin,0.8
5,5,lr1e-04_bs32_modL1_fusion64_fusionL1_drop0p1_trmiss80_trlocclin,32,0.0001,1,64,1,0.1,lr1e-04_bs32_modL1_fusion64_fusionL1_drop0p1_trmiss80_trlocclin,22,0.3237594664096832,0.6328801214694977,0.5689655172413792,0.727410962915661,0.6444444444444445,0.0,0.0,0.0,0.0,2002,clin,0.8
5,5,lr1e-04_bs32_modL1_fusion64_fusionL1_drop0p1_trmiss80_trlocclin,32,0.0001,1,64,1,0.1,lr1e-04_bs32_modL1_fusion64_fusionL1_drop0p1_trmiss80_trlocclin,23,0.3231140573819478,0.6234264373779297,0.5818965517241379,0.7305711826836611,0.6666666666666666,0.0,0.0,0.0,0.0,2002,clin,0.8
5,5,lr1e-04_bs32_modL1_fusion64_fusionL1_drop0p1_trmiss80_trlocclin,32,0.0001,1,64,1,0.1,lr1e-04_bs32_modL1_fusion64_fusionL1_drop0p1_trmiss80_trlocclin,24,0.3252186526854833,0.6155614852905273,0.5926724137931034,0.7352067723299437,0.6666666666666666,0.0,0.0,0.0,0.0,2002,clin,0.8
5,5,lr1e-04_bs32_modL1_fusion64_fusionL1_drop0p1_trmiss80_trlocclin,32,0.0001,1,64,1,0.1,lr1e-04_bs32_modL1_fusion64_fusionL1_drop0p1_trmiss80_trlocclin,25,0.29309289654095966,0.6159617602825165,0.5991379310344827,0.7383360195379877,0.6444444444444445,0.0,0.0,0.0,0.0,2002,clin,0.8
5,5,lr1e-04_bs32_modL1_fusion64_fusionL1_drop0p1_trmiss80_trlocclin,32,0.0001,1,64,1,0.1,lr1e-04_bs32_modL1_fusion64_fusionL1_drop0p1_trmiss80_trlocclin,26,0.29921427369117737,0.6161978542804718,0.5948275862068966,0.7354694163430809,0.6888888888888889,0.0,0.0,0.0,0.0,2002,clin,0.8
5,5,lr1e-04_bs32_modL1_fusion64_fusionL1_drop0p1_trmiss80_trlocclin,32,0.0001,1,64,1,0.1,lr1e-04_bs32_modL1_fusion64_fusionL1_drop0p1_trmiss80_trlocclin,27,0.2765132933855057,0.6236243844032288,0.5818965517241379,0.7302938674536948,0.6444444444444445,0.0,0.0,0.0,0.0,2002,clin,0.8
5,5,lr1e-04_bs32_modL1_fusion64_fusionL1_drop0p1_trmiss80_trlocclin,32,0.0001,1,64,1,0.1,lr1e-04_bs32_modL1_fusion64_fusionL1_drop0p1_trmiss80_trlocclin,28,0.27154086033503216,0.6249799132347107,0.581896551724138,0.7232073955920987,0.6666666666666666,0.0,0.0,0.0,0.0,2002,clin,0.8
5,5,lr1e-04_bs32_modL1_fusion64_fusionL1_drop0p1_trmiss80_trlocclin,32,0.0001,1,64,1,0.1,lr1e-04_bs32_modL1_fusion64_fusionL1_drop0p1_trmiss80_trlocclin,29,0.2708843797445297,0.6232167184352875,0.5732758620689655,0.7093850674840729,0.6666666666666666,0.0,0.0,0.0,0.0,2002,clin,0.8
5,5,lr1e-04_bs32_modL1_fusion64_fusionL1_drop0p1_trmiss80_trlocclin,32,0.0001,1,64,1,0.1,lr1e-04_bs32_modL1_fusion64_fusionL1_drop0p1_trmiss80_trlocclin,30,0.272184818983078,0.6242042779922485,0.584051724137931,0.70358767727732,0.6666666666666666,0.0,0.0,0.0,0.0,2002,clin,0.8
5,5,lr1e-04_bs32_modL1_fusion64_fusionL1_drop0p1_trmiss80_trlocclin,32,0.0001,1,64,1,0.1,lr1e-04_bs32_modL1_fusion64_fusionL1_drop0p1_trmiss80_trlocclin,31,0.24917766948541006,0.6232218146324158,0.5926724137931034,0.7195556736712799,0.6666666666666666,0.0,0.0,0.0,0.0,2002,clin,0.8
5,5,lr1e-04_bs32_modL1_fusion64_fusionL1_drop0p1_trmiss80_trlocclin,32,0.0001,1,64,1,0.1,lr1e-04_bs32_modL1_fusion64_fusionL1_drop0p1_trmiss80_trlocclin,32,0.24860411882400513,0.6267756223678589,0.5926724137931034,0.7184700583388406,0.6888888888888889,0.0,0.0,0.0,0.0,2002,clin,0.8
5,5,lr1e-04_bs32_modL1_fusion64_fusionL1_drop0p1_trmiss80_trlocclin,32,0.0001,1,64,1,0.1,lr1e-04_bs32_modL1_fusion64_fusionL1_drop0p1_trmiss80_trlocclin,33,0.24903178960084915,0.6232459247112274,0.5905172413793103,0.7056623677237923,0.6666666666666666,0.0,0.0,0.0,0.0,2002,clin,0.8
5,5,lr1e-04_bs32_modL1_fusion64_fusionL1_drop0p1_trmiss80_trlocclin,32,0.0001,1,64,1,0.1,lr1e-04_bs32_modL1_fusion64_fusionL1_drop0p1_trmiss80_trlocclin,34,0.2452380433678627,0.6226492822170258,0.5926724137931034,0.7247778100026528,0.6444444444444445,0.0,0.0,0.0,0.0,2002,clin,0.8
5,5,lr1e-04_bs32_modL1_fusion64_fusionL1_drop0p1_trmiss80_trlocclin,32,0.0001,1,64,1,0.1,lr1e-04_bs32_modL1_fusion64_fusionL1_drop0p1_trmiss80_trlocclin,35,0.2578239192565282,0.6263501644134521,0.5862068965517241,0.7204602972166663,0.6444444444444445,0.0,0.0,0.0,0.0,2002,clin,0.8
5,5,lr1e-04_bs32_modL1_fusion64_fusionL1_drop0p1_trmiss80_trlocclin,32,0.0001,1,64,1,0.1,lr1e-04_bs32_modL1_fusion64_fusionL1_drop0p1_trmiss80_trlocclin,36,0.23787161459525427,0.6250673532485962,0.5969827586206896,0.7199453567462972,0.6222222222222222,0.0,0.0,0.0,0.0,2002,clin,0.8
5,5,lr1e-04_bs32_modL1_fusion64_fusionL1_drop0p1_trmiss80_trlocclin,32,0.0001,1,64,1,0.1,lr1e-04_bs32_modL1_fusion64_fusionL1_drop0p1_trmiss80_trlocclin,37,0.24013152966896692,0.624396562576294,0.5948275862068966,0.7189865322903504,0.6444444444444445,0.0,0.0,0.0,0.0,2002,clin,0.8
5,5,lr1e-04_bs32_modL1_fusion64_fusionL1_drop0p1_trmiss80_trlocclin,32,0.0001,1,64,1,0.1,lr1e-04_bs32_modL1_fusion64_fusionL1_drop0p1_trmiss80_trlocclin,38,0.23723921924829483,0.6216355264186859,0.5948275862068966,0.7154753117101643,0.6666666666666666,0.0,0.0,0.0,0.0,2002,clin,0.8
5,5,lr1e-04_bs32_modL1_fusion64_fusionL1_drop0p1_trmiss80_trlocclin,32,0.0001,1,64,1,0.1,lr1e-04_bs32_modL1_fusion64_fusionL1_drop0p1_trmiss80_trlocclin,39,0.24646589905023575,0.6260230541229248,0.584051724137931,0.7100501312723585,0.6666666666666666,0.0,0.0,0.0,0.0,2002,clin,0.8
